H_chr	H_start	H_end	Harbor	TE_chr	TE_start	TE_end	TE	score	TE_strand	TE_half	TE_middle_pos	TE_dis
chr1	16543082	16743082	harbor1	chr1	16549687	16549813	LTR/ERVL-MaLR	601	+	63	16549750	6668
chr1	16543082	16743082	harbor1	chr1	16601299	16601923	LTR/ERVL-MaLR	1935	+	312	16601611	58529
chr1	16543082	16743082	harbor1	chr1	16605694	16605874	LTR/ERVL-MaLR	544	+	90	16605784	62702
chr1	16423038	16623038	harbor1	chr1	16430659	16431156	LTR/ERVL-MaLR	1210	+	248	16430907	7869
chr1	16423038	16623038	harbor1	chr1	16462223	16462753	LTR/ERVL-MaLR	1537	+	265	16462488	39450
chr1	16423038	16623038	harbor1	chr1	16495286	16495689	LTR/ERVL-MaLR	1242	+	202	16495488	72450
chr1	16543073	16743073	harbor1	chr1	16549687	16549813	LTR/ERVL-MaLR	601	+	63	16549750	6677
chr1	16543073	16743073	harbor1	chr1	16601299	16601923	LTR/ERVL-MaLR	1935	+	312	16601611	58538
chr1	16543073	16743073	harbor1	chr1	16605694	16605874	LTR/ERVL-MaLR	544	+	90	16605784	62711
chr1	6046640	6246640	harbor1	chr1	6053740	6053799	LTR/ERVL-MaLR	899	+	30	6053770	7130
chr1	6046640	6246640	harbor1	chr1	6054073	6054247	LTR/ERVL-MaLR	899	+	87	6054160	7520
chr1	6046640	6246640	harbor1	chr1	6055033	6055207	LTR/ERVL-MaLR	899	+	87	6055120	8480
chr1	6046640	6246640	harbor1	chr1	6110793	6110947	LTR/ERVL-MaLR	624	+	77	6110870	64230
chr1	6046640	6246640	harbor1	chr1	6111557	6111711	LTR/ERVL-MaLR	624	+	77	6111634	64994
chr1	6046640	6246640	harbor1	chr1	6115433	6115906	LTR/ERVL-MaLR	1703	+	236	6115669	69029
chr1	6046640	6246640	harbor1	chr1	6140640	6140718	LTR/ERVL-MaLR	1170	+	39	6140679	94039
chr1	6046640	6246640	harbor1	chr1	6141635	6141971	LTR/ERVL-MaLR	1170	+	168	6141803	95163
chr1	16507813	16707813	harbor1	chr1	16549687	16549813	LTR/ERVL-MaLR	601	+	63	16549750	41937
chr1	16507813	16707813	harbor1	chr1	16601299	16601923	LTR/ERVL-MaLR	1935	+	312	16601611	93798
chr1	16507813	16707813	harbor1	chr1	16605694	16605874	LTR/ERVL-MaLR	544	+	90	16605784	97971
chr1	227441506	227641506	harbor1	chr1	227444014	227444110	LTR/ERVL-MaLR	693	+	48	227444062	2556
chr1	227441506	227641506	harbor1	chr1	227450807	227450925	LTR/ERVL-MaLR	525	+	59	227450866	9360
chr1	227441506	227641506	harbor1	chr1	227469821	227470200	LTR/ERVL-MaLR	1981	+	190	227470011	28505
chr1	227441506	227641506	harbor1	chr1	227470189	227471795	LTR/ERVL-MaLR	10921	+	803	227470992	29486
chr1	227441506	227641506	harbor1	chr1	227471801	227472189	LTR/ERVL-MaLR	2116	+	194	227471995	30489
chr1	227441506	227641506	harbor1	chr1	227485599	227485957	LTR/ERVL-MaLR	1836	+	179	227485778	44272
chr1	227441506	227641506	harbor1	chr1	227496875	227497027	LTR/ERVL-MaLR	2416	+	76	227496951	55445
chr1	227441506	227641506	harbor1	chr1	227497318	227497527	LTR/ERVL-MaLR	2416	+	104	227497422	55916
chr1	227441506	227641506	harbor1	chr1	227514578	227514630	LTR/ERVL-MaLR	1560	+	26	227514604	73098
chr1	227441506	227641506	harbor1	chr1	227515926	227516405	LTR/ERVL-MaLR	1560	+	240	227516166	74660
chr1	227441506	227641506	harbor1	chr1	227519533	227519868	LTR/ERVL-MaLR	1191	+	168	227519701	78195
chr1	108941871	109141871	harbor1	chr1	108955356	108955540	LTR/ERVL-MaLR	496	+	92	108955448	13577
chr1	108941871	109141871	harbor1	chr1	108956100	108956379	LTR/ERVL-MaLR	525	+	140	108956240	14369
chr1	108941871	109141871	harbor1	chr1	108956674	108956715	LTR/ERVL-MaLR	525	+	20	108956694	14823
chr1	108941871	109141871	harbor1	chr1	108957187	108957375	LTR/ERVL-MaLR	590	+	94	108957281	15410
chr1	108941871	109141871	harbor1	chr1	109012948	109013306	LTR/ERVL-MaLR	2069	+	179	109013127	71256
chr1	178438257	178638257	harbor1	chr1	178509344	178509524	LTR/ERVL-MaLR	631	+	90	178509434	71177
chr1	178438257	178638257	harbor1	chr1	178524231	178524771	LTR/ERVL-MaLR	2618	+	270	178524501	86244
chr1	178438257	178638257	harbor1	chr1	178528918	178529385	LTR/ERVL-MaLR	585	+	234	178529152	90895
chr1	16544872	16744872	harbor1	chr1	16549687	16549813	LTR/ERVL-MaLR	601	+	63	16549750	4878
chr1	16544872	16744872	harbor1	chr1	16601299	16601923	LTR/ERVL-MaLR	1935	+	312	16601611	56739
chr1	16544872	16744872	harbor1	chr1	16605694	16605874	LTR/ERVL-MaLR	544	+	90	16605784	60912
chr1	211033794	211233794	harbor1	chr1	211037763	211037958	LTR/ERVL-MaLR	2260	+	98	211037861	4067
chr1	211033794	211233794	harbor1	chr1	211038261	211038409	LTR/ERVL-MaLR	2260	+	74	211038335	4541
chr1	211033794	211233794	harbor1	chr1	211038410	211039907	LTR/ERVL-MaLR	11957	+	748	211039158	5364
chr1	211033794	211233794	harbor1	chr1	211040208	211040285	LTR/ERVL-MaLR	11957	+	38	211040246	6452
chr1	211033794	211233794	harbor1	chr1	211040286	211040631	LTR/ERVL-MaLR	2413	+	172	211040458	6664
chr1	211033794	211233794	harbor1	chr1	211117273	211117597	LTR/ERVL-MaLR	476	+	162	211117435	83641
chr1	6294371	6494371	harbor1	chr1	6331360	6331583	LTR/ERVL-MaLR	471	+	112	6331472	37101
chr1	6294371	6494371	harbor1	chr1	6348420	6348783	LTR/ERVL-MaLR	1642	+	182	6348602	54231
chr1	6294371	6494371	harbor1	chr1	6355989	6356211	LTR/ERVL-MaLR	638	+	111	6356100	61729
chr1	6294371	6494371	harbor1	chr1	6369959	6370366	LTR/ERVL-MaLR	2322	+	204	6370163	75792
chr1	33156095	33356095	harbor1	chr1	33168202	33168340	LTR/ERVL-MaLR	472	+	69	33168271	12176
chr1	33156095	33356095	harbor1	chr1	33200763	33201132	LTR/ERVL-MaLR	2142	+	184	33200947	44852
chr1	33156095	33356095	harbor1	chr1	33211936	33212343	LTR/ERVL-MaLR	2304	+	204	33212140	56045
chr1	33156095	33356095	harbor1	chr1	33222801	33222971	LTR/ERVL-MaLR	2060	+	85	33222886	66791
chr1	33156095	33356095	harbor1	chr1	33223279	33223466	LTR/ERVL-MaLR	2060	+	94	33223373	67278
chr1	33156095	33356095	harbor1	chr1	33227219	33227720	LTR/ERVL-MaLR	1876	+	250	33227469	71374
chr1	33156095	33356095	harbor1	chr1	33231976	33232270	LTR/ERVL-MaLR	849	+	147	33232123	76028
chr1	33156095	33356095	harbor1	chr1	33232561	33232639	LTR/ERVL-MaLR	849	+	39	33232600	76505
chr1	33156095	33356095	harbor1	chr1	33232658	33232817	LTR/ERVL-MaLR	464	+	80	33232738	76643
chr1	33156095	33356095	harbor1	chr1	33237662	33237795	LTR/ERVL-MaLR	693	+	66	33237728	81633
chr1	33156095	33356095	harbor1	chr1	33238605	33239002	LTR/ERVL-MaLR	1842	+	198	33238803	82708
chr1	33156095	33356095	harbor1	chr1	33245437	33245656	LTR/ERVL-MaLR	645	+	110	33245547	89452
chr1	33156095	33356095	harbor1	chr1	33245943	33246186	LTR/ERVL-MaLR	645	+	122	33246065	89970
chr1	33156095	33356095	harbor1	chr1	33251930	33252070	LTR/ERVL-MaLR	679	+	70	33252000	95905
chr1	33156095	33356095	harbor1	chr1	33252396	33252606	LTR/ERVL-MaLR	679	+	105	33252501	96406
chr1	717645	917645	harbor1	chr1	769363	769790	LTR/ERVL-MaLR	1424	+	214	769577	51932
chr1	717645	917645	harbor1	chr1	813876	814012	LTR/ERVL-MaLR	612	+	68	813944	96299
chr1	16544914	16744914	harbor1	chr1	16549687	16549813	LTR/ERVL-MaLR	601	+	63	16549750	4836
chr1	16544914	16744914	harbor1	chr1	16601299	16601923	LTR/ERVL-MaLR	1935	+	312	16601611	56697
chr1	16544914	16744914	harbor1	chr1	16605694	16605874	LTR/ERVL-MaLR	544	+	90	16605784	60870
chr1	47316941	47516941	harbor1	chr1	47323492	47323846	LTR/ERVL-MaLR	2069	+	177	47323669	6728
chr1	47316941	47516941	harbor1	chr1	47329042	47329295	LTR/ERVL-MaLR	648	+	126	47329168	12227
chr1	47316941	47516941	harbor1	chr1	47329437	47329587	LTR/ERVL-MaLR	911	+	75	47329512	12571
chr1	47316941	47516941	harbor1	chr1	47330186	47330248	LTR/ERVL-MaLR	911	+	31	47330217	13276
chr1	47316941	47516941	harbor1	chr1	47391189	47391486	LTR/ERVL-MaLR	1629	+	148	47391337	74396
chr1	47316941	47516941	harbor1	chr1	47391786	47391944	LTR/ERVL-MaLR	1629	+	79	47391865	74924
chr1	47316941	47516941	harbor1	chr1	47398337	47398905	LTR/ERVL-MaLR	1325	+	284	47398621	81680
chr1	16544773	16744773	harbor1	chr1	16549687	16549813	LTR/ERVL-MaLR	601	+	63	16549750	4977
chr1	16544773	16744773	harbor1	chr1	16601299	16601923	LTR/ERVL-MaLR	1935	+	312	16601611	56838
chr1	16544773	16744773	harbor1	chr1	16605694	16605874	LTR/ERVL-MaLR	544	+	90	16605784	61011
chr1	16504018	16704018	harbor1	chr1	16549687	16549813	LTR/ERVL-MaLR	601	+	63	16549750	45732
chr1	16504018	16704018	harbor1	chr1	16601299	16601923	LTR/ERVL-MaLR	1935	+	312	16601611	97593
chr1	226479130	226679130	harbor1	chr1	226484539	226484949	LTR/ERVL-MaLR	1448	+	205	226484744	5614
chr1	226479130	226679130	harbor1	chr1	226510160	226510172	LTR/ERVL-MaLR	436	+	6	226510166	31036
chr1	226479130	226679130	harbor1	chr1	226510471	226510745	LTR/ERVL-MaLR	436	+	137	226510608	31478
chr1	226479130	226679130	harbor1	chr1	226534590	226534989	LTR/ERVL-MaLR	677	+	200	226534790	55660
chr1	226479130	226679130	harbor1	chr1	226545768	226546338	LTR/ERVL-MaLR	1807	+	285	226546053	66923
chr1	226479130	226679130	harbor1	chr1	226553931	226554355	LTR/ERVL-MaLR	662	+	212	226554143	75013
chr1	211033705	211233705	harbor1	chr1	211037763	211037958	LTR/ERVL-MaLR	2260	+	98	211037861	4156
chr1	211033705	211233705	harbor1	chr1	211038261	211038409	LTR/ERVL-MaLR	2260	+	74	211038335	4630
chr1	211033705	211233705	harbor1	chr1	211038410	211039907	LTR/ERVL-MaLR	11957	+	748	211039158	5453
chr1	211033705	211233705	harbor1	chr1	211040208	211040285	LTR/ERVL-MaLR	11957	+	38	211040246	6541
chr1	211033705	211233705	harbor1	chr1	211040286	211040631	LTR/ERVL-MaLR	2413	+	172	211040458	6753
chr1	211033705	211233705	harbor1	chr1	211117273	211117597	LTR/ERVL-MaLR	476	+	162	211117435	83730
chr1	16513040	16713040	harbor1	chr1	16549687	16549813	LTR/ERVL-MaLR	601	+	63	16549750	36710
chr1	16513040	16713040	harbor1	chr1	16601299	16601923	LTR/ERVL-MaLR	1935	+	312	16601611	88571
chr1	16513040	16713040	harbor1	chr1	16605694	16605874	LTR/ERVL-MaLR	544	+	90	16605784	92744
chr1	47316928	47516928	harbor1	chr1	47323492	47323846	LTR/ERVL-MaLR	2069	+	177	47323669	6741
chr1	47316928	47516928	harbor1	chr1	47329042	47329295	LTR/ERVL-MaLR	648	+	126	47329168	12240
chr1	47316928	47516928	harbor1	chr1	47329437	47329587	LTR/ERVL-MaLR	911	+	75	47329512	12584
chr1	47316928	47516928	harbor1	chr1	47330186	47330248	LTR/ERVL-MaLR	911	+	31	47330217	13289
chr1	47316928	47516928	harbor1	chr1	47391189	47391486	LTR/ERVL-MaLR	1629	+	148	47391337	74409
chr1	47316928	47516928	harbor1	chr1	47391786	47391944	LTR/ERVL-MaLR	1629	+	79	47391865	74937
chr1	47316928	47516928	harbor1	chr1	47398337	47398905	LTR/ERVL-MaLR	1325	+	284	47398621	81693
chr1	3431314	3631314	harbor1	chr1	3512452	3512820	LTR/ERVL-MaLR	2554	+	184	3512636	81322
chr1	3431314	3631314	harbor1	chr1	3518097	3518255	LTR/ERVL-MaLR	429	+	79	3518176	86862
chr1	3431314	3631314	harbor1	chr1	3524906	3525098	LTR/ERVL-MaLR	462	+	96	3525002	93688
chr1	3431314	3631314	harbor1	chr1	3528445	3528945	LTR/ERVL-MaLR	2127	+	250	3528695	97381
chr1	13662912	13862912	harbor1	chr1	13692272	13692382	LTR/ERVL-MaLR	1482	+	55	13692327	29415
chr1	13662912	13862912	harbor1	chr1	13692516	13692794	LTR/ERVL-MaLR	1482	+	139	13692655	29743
chr1	13662912	13862912	harbor1	chr1	13693417	13693477	LTR/ERVL-MaLR	1482	+	30	13693447	30535
chr1	13662912	13862912	harbor1	chr1	13697624	13698098	LTR/ERVL-MaLR	1907	+	237	13697861	34949
chr1	16544793	16744793	harbor1	chr1	16549687	16549813	LTR/ERVL-MaLR	601	+	63	16549750	4957
chr1	16544793	16744793	harbor1	chr1	16601299	16601923	LTR/ERVL-MaLR	1935	+	312	16601611	56818
chr1	16544793	16744793	harbor1	chr1	16605694	16605874	LTR/ERVL-MaLR	544	+	90	16605784	60991
chr1	211033814	211233814	harbor1	chr1	211037763	211037958	LTR/ERVL-MaLR	2260	+	98	211037861	4047
chr1	211033814	211233814	harbor1	chr1	211038261	211038409	LTR/ERVL-MaLR	2260	+	74	211038335	4521
chr1	211033814	211233814	harbor1	chr1	211038410	211039907	LTR/ERVL-MaLR	11957	+	748	211039158	5344
chr1	211033814	211233814	harbor1	chr1	211040208	211040285	LTR/ERVL-MaLR	11957	+	38	211040246	6432
chr1	211033814	211233814	harbor1	chr1	211040286	211040631	LTR/ERVL-MaLR	2413	+	172	211040458	6644
chr1	211033814	211233814	harbor1	chr1	211117273	211117597	LTR/ERVL-MaLR	476	+	162	211117435	83621
chr1	16544707	16744707	harbor1	chr1	16549687	16549813	LTR/ERVL-MaLR	601	+	63	16549750	5043
chr1	16544707	16744707	harbor1	chr1	16601299	16601923	LTR/ERVL-MaLR	1935	+	312	16601611	56904
chr1	16544707	16744707	harbor1	chr1	16605694	16605874	LTR/ERVL-MaLR	544	+	90	16605784	61077
chr1	6684326	6884326	harbor1	chr1	6723372	6723800	LTR/ERVL-MaLR	1341	+	214	6723586	39260
chr1	6684326	6884326	harbor1	chr1	6727933	6728054	LTR/ERVL-MaLR	601	+	60	6727993	43667
chr1	6684326	6884326	harbor1	chr1	6728232	6728264	LTR/ERVL-MaLR	727	+	16	6728248	43922
chr1	6684326	6884326	harbor1	chr1	6728559	6728812	LTR/ERVL-MaLR	727	+	126	6728685	44359
chr1	6684326	6884326	harbor1	chr1	6731368	6731529	LTR/ERVL-MaLR	959	+	80	6731448	47122
chr1	6684326	6884326	harbor1	chr1	6737821	6738131	LTR/ERVL-MaLR	507	+	155	6737976	53650
chr1	6684326	6884326	harbor1	chr1	6748480	6748628	LTR/ERVL-MaLR	570	+	74	6748554	64228
chr1	6684326	6884326	harbor1	chr1	6748792	6749028	LTR/ERVL-MaLR	1494	+	118	6748910	64584
chr1	6684326	6884326	harbor1	chr1	6765629	6766007	LTR/ERVL-MaLR	2323	+	189	6765818	81492
chr1	6684326	6884326	harbor1	chr1	6769039	6769163	LTR/ERVL-MaLR	735	+	62	6769101	84775
chr1	6684326	6884326	harbor1	chr1	6776004	6776116	LTR/ERVL-MaLR	1672	+	56	6776060	91734
chr1	6684326	6884326	harbor1	chr1	6776392	6776760	LTR/ERVL-MaLR	1672	+	184	6776576	92250
chr1	16543134	16743134	harbor1	chr1	16549687	16549813	LTR/ERVL-MaLR	601	+	63	16549750	6616
chr1	16543134	16743134	harbor1	chr1	16601299	16601923	LTR/ERVL-MaLR	1935	+	312	16601611	58477
chr1	16543134	16743134	harbor1	chr1	16605694	16605874	LTR/ERVL-MaLR	544	+	90	16605784	62650
chr1	17288486	17488486	harbor1	chr1	17302088	17302381	LTR/ERVL-MaLR	1725	+	146	17302234	13748
chr1	17288486	17488486	harbor1	chr1	17343546	17343892	LTR/ERVL-MaLR	2395	+	173	17343719	55233
chr1	17288486	17488486	harbor1	chr1	17343893	17345468	LTR/ERVL-MaLR	12634	+	788	17344681	56195
chr1	17288486	17488486	harbor1	chr1	17345469	17345815	LTR/ERVL-MaLR	2448	+	173	17345642	57156
chr1	17288486	17488486	harbor1	chr1	17353598	17353733	LTR/ERVL-MaLR	661	+	68	17353666	65180
chr1	17288486	17488486	harbor1	chr1	17353748	17353957	LTR/ERVL-MaLR	910	+	104	17353852	65366
chr1	3246650	3446650	harbor1	chr1	3257230	3257617	LTR/ERVL-MaLR	434	+	194	3257424	10774
chr1	3246650	3446650	harbor1	chr1	3333649	3334048	LTR/ERVL-MaLR	2148	+	200	3333849	87199
chr1	16517405	16717405	harbor1	chr1	16549687	16549813	LTR/ERVL-MaLR	601	+	63	16549750	32345
chr1	16517405	16717405	harbor1	chr1	16601299	16601923	LTR/ERVL-MaLR	1935	+	312	16601611	84206
chr1	16517405	16717405	harbor1	chr1	16605694	16605874	LTR/ERVL-MaLR	544	+	90	16605784	88379
chr1	16508264	16708264	harbor1	chr1	16549687	16549813	LTR/ERVL-MaLR	601	+	63	16549750	41486
chr1	16508264	16708264	harbor1	chr1	16601299	16601923	LTR/ERVL-MaLR	1935	+	312	16601611	93347
chr1	16508264	16708264	harbor1	chr1	16605694	16605874	LTR/ERVL-MaLR	544	+	90	16605784	97520
chr1	16493369	16693369	harbor1	chr1	16495286	16495689	LTR/ERVL-MaLR	1242	+	202	16495488	2119
chr1	16493369	16693369	harbor1	chr1	16549687	16549813	LTR/ERVL-MaLR	601	+	63	16549750	56381
chr1	21742070	21942070	harbor1	chr1	21819427	21819486	LTR/ERVL-MaLR	450	+	30	21819457	77387
chr1	16545030	16745030	harbor1	chr1	16549687	16549813	LTR/ERVL-MaLR	601	+	63	16549750	4720
chr1	16545030	16745030	harbor1	chr1	16601299	16601923	LTR/ERVL-MaLR	1935	+	312	16601611	56581
chr1	16545030	16745030	harbor1	chr1	16605694	16605874	LTR/ERVL-MaLR	544	+	90	16605784	60754
chr1	16543007	16743007	harbor1	chr1	16549687	16549813	LTR/ERVL-MaLR	601	+	63	16549750	6743
chr1	16543007	16743007	harbor1	chr1	16601299	16601923	LTR/ERVL-MaLR	1935	+	312	16601611	58604
chr1	16543007	16743007	harbor1	chr1	16605694	16605874	LTR/ERVL-MaLR	544	+	90	16605784	62777
chr1	205330408	205530408	harbor1	chr1	205331922	205332355	LTR/ERVL-MaLR	1827	+	216	205332138	1730
chr1	16544735	16744735	harbor1	chr1	16549687	16549813	LTR/ERVL-MaLR	601	+	63	16549750	5015
chr1	16544735	16744735	harbor1	chr1	16601299	16601923	LTR/ERVL-MaLR	1935	+	312	16601611	56876
chr1	16544735	16744735	harbor1	chr1	16605694	16605874	LTR/ERVL-MaLR	544	+	90	16605784	61049
chr1	5895458	6095458	harbor1	chr1	5917264	5917611	LTR/ERVL-MaLR	923	+	174	5917438	21980
chr1	5895458	6095458	harbor1	chr1	5917743	5918090	LTR/ERVL-MaLR	760	+	174	5917917	22459
chr1	5895458	6095458	harbor1	chr1	5921903	5922363	LTR/ERVL-MaLR	1902	+	230	5922133	26675
chr1	5895458	6095458	harbor1	chr1	5936769	5937132	LTR/ERVL-MaLR	569	+	182	5936951	41493
chr1	5895458	6095458	harbor1	chr1	5940094	5940458	LTR/ERVL-MaLR	1717	+	182	5940276	44818
chr1	5895458	6095458	harbor1	chr1	5950512	5950744	LTR/ERVL-MaLR	535	+	116	5950628	55170
chr1	5895458	6095458	harbor1	chr1	5989217	5989332	LTR/ERVL-MaLR	462	+	58	5989275	93817
chr1	1	128757	harbor1	chr1	30694	30848	LTR/ERVL-MaLR	741	+	77	30771	30770
chr1	1	128757	harbor1	chr1	30953	31131	LTR/ERVL-MaLR	741	+	89	31042	31041
chr1	1	128757	harbor1	chr1	38256	39464	LTR/ERVL-MaLR	3877	+	604	38860	38859
chr1	1	128757	harbor1	chr1	39465	39623	LTR/ERVL-MaLR	750	+	79	39544	39543
chr1	1	128757	harbor1	chr1	39925	40294	LTR/ERVL-MaLR	783	+	184	40109	40108
chr1	1	128757	harbor1	chr1	89859	90056	LTR/ERVL-MaLR	478	+	98	89957	89956
chr1	1	128757	harbor1	chr1	97802	98085	LTR/ERVL-MaLR	596	+	142	97944	97943
chr1	39855348	40055348	harbor1	chr1	39929629	39929823	LTR/ERVL-MaLR	561	+	97	39929726	74378
chr1	39855348	40055348	harbor1	chr1	39930802	39931005	LTR/ERVL-MaLR	756	+	102	39930904	75556
chr1	2138120	2338120	harbor1	chr1	2199627	2199797	LTR/ERVL-MaLR	761	+	85	2199712	61592
chr1	2138120	2338120	harbor1	chr1	2200424	2200663	LTR/ERVL-MaLR	761	+	120	2200544	62424
chr1	15323291	15523291	harbor1	chr1	15399896	15400336	LTR/ERVL-MaLR	591	+	220	15400116	76825
chr1	755937	955937	harbor1	chr1	769363	769790	LTR/ERVL-MaLR	1424	+	214	769577	13640
chr1	755937	955937	harbor1	chr1	813876	814012	LTR/ERVL-MaLR	612	+	68	813944	58007
chr1	755937	955937	harbor1	chr1	830065	830433	LTR/ERVL-MaLR	1574	+	184	830249	74312
chr1	755937	955937	harbor1	chr1	843987	844346	LTR/ERVL-MaLR	1891	+	180	844167	88230
chr1	755937	955937	harbor1	chr1	819066	819303	LTR/ERVL-MaLR	527	+	118	819184	63247
chr1	47234717	47434717	harbor1	chr1	47264144	47264329	LTR/ERVL-MaLR	951	+	92	47264236	29519
chr1	47234717	47434717	harbor1	chr1	47323492	47323846	LTR/ERVL-MaLR	2069	+	177	47323669	88952
chr1	47234717	47434717	harbor1	chr1	47329042	47329295	LTR/ERVL-MaLR	648	+	126	47329168	94451
chr1	47234717	47434717	harbor1	chr1	47329437	47329587	LTR/ERVL-MaLR	911	+	75	47329512	94795
chr1	47234717	47434717	harbor1	chr1	47330186	47330248	LTR/ERVL-MaLR	911	+	31	47330217	95500
chr1	16542884	16742884	harbor1	chr1	16549687	16549813	LTR/ERVL-MaLR	601	+	63	16549750	6866
chr1	16542884	16742884	harbor1	chr1	16601299	16601923	LTR/ERVL-MaLR	1935	+	312	16601611	58727
chr1	16542884	16742884	harbor1	chr1	16605694	16605874	LTR/ERVL-MaLR	544	+	90	16605784	62900
chr1	2992772	3192772	harbor1	chr1	2994375	2994817	LTR/ERVL-MaLR	480	+	221	2994596	1824
chr1	2992772	3192772	harbor1	chr1	3006305	3006735	LTR/ERVL-MaLR	2681	+	215	3006520	13748
chr1	2992772	3192772	harbor1	chr1	3006736	3008389	LTR/ERVL-MaLR	9365	+	826	3007562	14790
chr1	2992772	3192772	harbor1	chr1	3008393	3008814	LTR/ERVL-MaLR	2647	+	210	3008603	15831
chr1	2992772	3192772	harbor1	chr1	3013458	3013762	LTR/ERVL-MaLR	585	+	152	3013610	20838
chr1	2992772	3192772	harbor1	chr1	3013982	3014365	LTR/ERVL-MaLR	814	+	192	3014174	21402
chr1	2138503	2338503	harbor1	chr1	2199627	2199797	LTR/ERVL-MaLR	761	+	85	2199712	61209
chr1	2138503	2338503	harbor1	chr1	2200424	2200663	LTR/ERVL-MaLR	761	+	120	2200544	62041
chr1	16544757	16744757	harbor1	chr1	16549687	16549813	LTR/ERVL-MaLR	601	+	63	16549750	4993
chr1	16544757	16744757	harbor1	chr1	16601299	16601923	LTR/ERVL-MaLR	1935	+	312	16601611	56854
chr1	16544757	16744757	harbor1	chr1	16605694	16605874	LTR/ERVL-MaLR	544	+	90	16605784	61027
chr1	87225746	87425746	harbor1	chr1	87228620	87228777	LTR/ERVL-MaLR	607	+	78	87228698	2952
chr1	87225746	87425746	harbor1	chr1	87228848	87228928	LTR/ERVL-MaLR	515	+	40	87228888	3142
chr1	87225746	87425746	harbor1	chr1	87245613	87246026	LTR/ERVL-MaLR	1243	+	206	87245819	20073
chr1	87225746	87425746	harbor1	chr1	87247028	87247621	LTR/ERVL-MaLR	1399	+	296	87247324	21578
chr1	87225746	87425746	harbor1	chr1	87252771	87253288	LTR/ERVL-MaLR	582	+	258	87253029	27283
chr1	87225746	87425746	harbor1	chr1	87254759	87256195	LTR/ERVL-MaLR	3422	+	718	87255477	29731
chr1	87225746	87425746	harbor1	chr1	87256253	87256649	LTR/ERVL-MaLR	1093	+	198	87256451	30705
chr1	87225746	87425746	harbor1	chr1	87256731	87256805	LTR/ERVL-MaLR	1093	+	37	87256768	31022
chr1	87225746	87425746	harbor1	chr1	87268745	87269099	LTR/ERVL-MaLR	2087	+	177	87268922	43176
chr1	87225746	87425746	harbor1	chr1	87270170	87270505	LTR/ERVL-MaLR	911	+	168	87270338	44592
chr1	87225746	87425746	harbor1	chr1	87287082	87287467	LTR/ERVL-MaLR	993	+	192	87287274	61528
chr1	87225746	87425746	harbor1	chr1	87288314	87288354	LTR/ERVL-MaLR	1070	+	20	87288334	62588
chr1	87225746	87425746	harbor1	chr1	87288648	87288799	LTR/ERVL-MaLR	1070	+	76	87288724	62978
chr1	87225746	87425746	harbor1	chr1	87289924	87290338	LTR/ERVL-MaLR	1257	+	207	87290131	64385
chr1	87225746	87425746	harbor1	chr1	87298461	87298800	LTR/ERVL-MaLR	2025	+	170	87298631	72885
chr1	211033766	211233766	harbor1	chr1	211037763	211037958	LTR/ERVL-MaLR	2260	+	98	211037861	4095
chr1	211033766	211233766	harbor1	chr1	211038261	211038409	LTR/ERVL-MaLR	2260	+	74	211038335	4569
chr1	211033766	211233766	harbor1	chr1	211038410	211039907	LTR/ERVL-MaLR	11957	+	748	211039158	5392
chr1	211033766	211233766	harbor1	chr1	211040208	211040285	LTR/ERVL-MaLR	11957	+	38	211040246	6480
chr1	211033766	211233766	harbor1	chr1	211040286	211040631	LTR/ERVL-MaLR	2413	+	172	211040458	6692
chr1	211033766	211233766	harbor1	chr1	211117273	211117597	LTR/ERVL-MaLR	476	+	162	211117435	83669
chr1	16544790	16744790	harbor1	chr1	16549687	16549813	LTR/ERVL-MaLR	601	+	63	16549750	4960
chr1	16544790	16744790	harbor1	chr1	16601299	16601923	LTR/ERVL-MaLR	1935	+	312	16601611	56821
chr1	16544790	16744790	harbor1	chr1	16605694	16605874	LTR/ERVL-MaLR	544	+	90	16605784	60994
chr1	11498163	11698163	harbor1	chr1	11504485	11504886	LTR/ERVL-MaLR	2295	+	200	11504685	6522
chr1	11498163	11698163	harbor1	chr1	11544541	11544661	LTR/ERVL-MaLR	1293	+	60	11544601	46438
chr1	11498163	11698163	harbor1	chr1	11544662	11545071	LTR/ERVL-MaLR	1859	+	204	11544866	46703
chr1	11498163	11698163	harbor1	chr1	11545072	11545387	LTR/ERVL-MaLR	1293	+	158	11545230	47067
chr1	11498163	11698163	harbor1	chr1	11555749	11555817	LTR/ERVL-MaLR	670	+	34	11555783	57620
chr1	11498163	11698163	harbor1	chr1	11556335	11556498	LTR/ERVL-MaLR	670	+	82	11556417	58254
chr1	11498163	11698163	harbor1	chr1	11556515	11556674	LTR/ERVL-MaLR	759	+	80	11556595	58432
chr1	11498163	11698163	harbor1	chr1	11565686	11566136	LTR/ERVL-MaLR	1496	+	225	11565911	67748
chr1	11498163	11698163	harbor1	chr1	11574265	11574445	LTR/ERVL-MaLR	1702	+	90	11574355	76192
chr1	11498163	11698163	harbor1	chr1	11574736	11574883	LTR/ERVL-MaLR	1702	+	74	11574810	76647
chr1	11498163	11698163	harbor1	chr1	11575210	11575322	LTR/ERVL-MaLR	1702	+	56	11575266	77103
chr1	11498163	11698163	harbor1	chr1	11587243	11587661	LTR/ERVL-MaLR	1063	+	209	11587452	89289
chr1	11498163	11698163	harbor1	chr1	11587662	11588085	LTR/ERVL-MaLR	2871	+	212	11587874	89711
chr1	11498163	11698163	harbor1	chr1	11588086	11588199	LTR/ERVL-MaLR	1063	+	56	11588142	89979
chr1	11498163	11698163	harbor1	chr1	11590548	11590885	LTR/ERVL-MaLR	695	+	168	11590716	92553
chr1	11498163	11698163	harbor1	chr1	11590915	11590953	LTR/ERVL-MaLR	1687	+	19	11590934	92771
chr1	11498163	11698163	harbor1	chr1	11591265	11591408	LTR/ERVL-MaLR	1687	+	72	11591337	93174
chr1	11498163	11698163	harbor1	chr1	11591861	11592180	LTR/ERVL-MaLR	1687	+	160	11592021	93858
chr1	11498163	11698163	harbor1	chr1	11583285	11583606	LTR/ERVL-MaLR	1618	+	160	11583445	85282
chr1	16538364	16738364	harbor1	chr1	16549687	16549813	LTR/ERVL-MaLR	601	+	63	16549750	11386
chr1	16538364	16738364	harbor1	chr1	16601299	16601923	LTR/ERVL-MaLR	1935	+	312	16601611	63247
chr1	16538364	16738364	harbor1	chr1	16605694	16605874	LTR/ERVL-MaLR	544	+	90	16605784	67420
chr1	16542853	16742853	harbor1	chr1	16549687	16549813	LTR/ERVL-MaLR	601	+	63	16549750	6897
chr1	16542853	16742853	harbor1	chr1	16601299	16601923	LTR/ERVL-MaLR	1935	+	312	16601611	58758
chr1	16542853	16742853	harbor1	chr1	16605694	16605874	LTR/ERVL-MaLR	544	+	90	16605784	62931
chr1	51230780	51430780	harbor1	chr1	51300705	51301112	LTR/ERVL-MaLR	562	+	204	51300909	70129
chr1	16544788	16744788	harbor1	chr1	16549687	16549813	LTR/ERVL-MaLR	601	+	63	16549750	4962
chr1	16544788	16744788	harbor1	chr1	16601299	16601923	LTR/ERVL-MaLR	1935	+	312	16601611	56823
chr1	16544788	16744788	harbor1	chr1	16605694	16605874	LTR/ERVL-MaLR	544	+	90	16605784	60996
chr1	244605801	244805801	harbor1	chr1	244613763	244614189	LTR/ERVL-MaLR	2489	+	213	244613976	8175
chr1	244605801	244805801	harbor1	chr1	244647360	244647825	LTR/ERVL-MaLR	1599	+	232	244647592	41791
chr1	244605801	244805801	harbor1	chr1	244649357	244649835	LTR/ERVL-MaLR	2036	+	239	244649596	43795
chr1	244605801	244805801	harbor1	chr1	244672179	244672539	LTR/ERVL-MaLR	2308	+	180	244672359	66558
chr1	244605801	244805801	harbor1	chr1	244700970	244701719	LTR/ERVL-MaLR	2607	+	374	244701344	95543
chr1	6685401	6885401	harbor1	chr1	6723372	6723800	LTR/ERVL-MaLR	1341	+	214	6723586	38185
chr1	6685401	6885401	harbor1	chr1	6727933	6728054	LTR/ERVL-MaLR	601	+	60	6727993	42592
chr1	6685401	6885401	harbor1	chr1	6728232	6728264	LTR/ERVL-MaLR	727	+	16	6728248	42847
chr1	6685401	6885401	harbor1	chr1	6728559	6728812	LTR/ERVL-MaLR	727	+	126	6728685	43284
chr1	6685401	6885401	harbor1	chr1	6731368	6731529	LTR/ERVL-MaLR	959	+	80	6731448	46047
chr1	6685401	6885401	harbor1	chr1	6737821	6738131	LTR/ERVL-MaLR	507	+	155	6737976	52575
chr1	6685401	6885401	harbor1	chr1	6748480	6748628	LTR/ERVL-MaLR	570	+	74	6748554	63153
chr1	6685401	6885401	harbor1	chr1	6748792	6749028	LTR/ERVL-MaLR	1494	+	118	6748910	63509
chr1	6685401	6885401	harbor1	chr1	6765629	6766007	LTR/ERVL-MaLR	2323	+	189	6765818	80417
chr1	6685401	6885401	harbor1	chr1	6769039	6769163	LTR/ERVL-MaLR	735	+	62	6769101	83700
chr1	6685401	6885401	harbor1	chr1	6776004	6776116	LTR/ERVL-MaLR	1672	+	56	6776060	90659
chr1	6685401	6885401	harbor1	chr1	6776392	6776760	LTR/ERVL-MaLR	1672	+	184	6776576	91175
chr1	16543001	16743001	harbor1	chr1	16549687	16549813	LTR/ERVL-MaLR	601	+	63	16549750	6749
chr1	16543001	16743001	harbor1	chr1	16601299	16601923	LTR/ERVL-MaLR	1935	+	312	16601611	58610
chr1	16543001	16743001	harbor1	chr1	16605694	16605874	LTR/ERVL-MaLR	544	+	90	16605784	62783
chr1	16544777	16744777	harbor1	chr1	16549687	16549813	LTR/ERVL-MaLR	601	+	63	16549750	4973
chr1	16544777	16744777	harbor1	chr1	16601299	16601923	LTR/ERVL-MaLR	1935	+	312	16601611	56834
chr1	16544777	16744777	harbor1	chr1	16605694	16605874	LTR/ERVL-MaLR	544	+	90	16605784	61007
chr1	3431205	3631205	harbor1	chr1	3512452	3512820	LTR/ERVL-MaLR	2554	+	184	3512636	81431
chr1	3431205	3631205	harbor1	chr1	3518097	3518255	LTR/ERVL-MaLR	429	+	79	3518176	86971
chr1	3431205	3631205	harbor1	chr1	3524906	3525098	LTR/ERVL-MaLR	462	+	96	3525002	93797
chr1	3431205	3631205	harbor1	chr1	3528445	3528945	LTR/ERVL-MaLR	2127	+	250	3528695	97490
chr1	16543061	16743061	harbor1	chr1	16549687	16549813	LTR/ERVL-MaLR	601	+	63	16549750	6689
chr1	16543061	16743061	harbor1	chr1	16601299	16601923	LTR/ERVL-MaLR	1935	+	312	16601611	58550
chr1	16543061	16743061	harbor1	chr1	16605694	16605874	LTR/ERVL-MaLR	544	+	90	16605784	62723
chr1	39855400	40055400	harbor1	chr1	39929629	39929823	LTR/ERVL-MaLR	561	+	97	39929726	74326
chr1	39855400	40055400	harbor1	chr1	39930802	39931005	LTR/ERVL-MaLR	756	+	102	39930904	75504
chr1	226638244	226838244	harbor1	chr1	226708412	226708845	LTR/ERVL-MaLR	897	+	216	226708628	70384
chr1	226638244	226838244	harbor1	chr1	226714090	226714434	LTR/ERVL-MaLR	1215	+	172	226714262	76018
chr1	54939721	55139721	harbor1	chr1	54942157	54942517	LTR/ERVL-MaLR	1850	+	180	54942337	2616
chr1	54939721	55139721	harbor1	chr1	54942519	54944087	LTR/ERVL-MaLR	11704	+	784	54943303	3582
chr1	54939721	55139721	harbor1	chr1	54944088	54944455	LTR/ERVL-MaLR	1933	+	184	54944272	4551
chr1	54939721	55139721	harbor1	chr1	54966075	54966514	LTR/ERVL-MaLR	745	+	220	54966295	26574
chr1	54939721	55139721	harbor1	chr1	54975712	54976240	LTR/ERVL-MaLR	2147	+	264	54975976	36255
chr1	54939721	55139721	harbor1	chr1	55030953	55031306	LTR/ERVL-MaLR	2805	+	176	55031129	91408
chr1	54939721	55139721	harbor1	chr1	55031307	55032881	LTR/ERVL-MaLR	12080	+	787	55032094	92373
chr1	54939721	55139721	harbor1	chr1	55032882	55033231	LTR/ERVL-MaLR	2627	+	174	55033056	93335
chr1	54939721	55139721	harbor1	chr1	55036011	55036394	LTR/ERVL-MaLR	1305	+	192	55036203	96482
chr1	54939721	55139721	harbor1	chr1	55017318	55017560	LTR/ERVL-MaLR	555	+	121	55017439	77718
chr1	15213281	15413281	harbor1	chr1	15221724	15222182	LTR/ERVL-MaLR	1481	+	229	15221953	8672
chr1	15213281	15413281	harbor1	chr1	15224202	15224476	LTR/ERVL-MaLR	439	+	137	15224339	11058
chr1	15213281	15413281	harbor1	chr1	15236273	15236744	LTR/ERVL-MaLR	1249	+	236	15236509	23228
chr1	15213281	15413281	harbor1	chr1	15239981	15240347	LTR/ERVL-MaLR	1379	+	183	15240164	26883
chr1	15213281	15413281	harbor1	chr1	15240661	15240676	LTR/ERVL-MaLR	1379	+	8	15240669	27388
chr1	15213281	15413281	harbor1	chr1	15240985	15241200	LTR/ERVL-MaLR	1379	+	108	15241093	27812
chr1	15213281	15413281	harbor1	chr1	15292031	15292122	LTR/ERVL-MaLR	542	+	46	15292077	78796
chr1	15213281	15413281	harbor1	chr1	15292586	15292812	LTR/ERVL-MaLR	1346	+	113	15292699	79418
chr1	15213281	15413281	harbor1	chr1	15305545	15305895	LTR/ERVL-MaLR	2764	+	175	15305720	92439
chr1	15213281	15413281	harbor1	chr1	15305896	15307461	LTR/ERVL-MaLR	12487	+	782	15306678	93397
chr1	15213281	15413281	harbor1	chr1	15307462	15307728	LTR/ERVL-MaLR	2264	+	133	15307595	94314
chr1	15213281	15413281	harbor1	chr1	15308030	15308092	LTR/ERVL-MaLR	2264	+	31	15308061	94780
chr1	15213281	15413281	harbor1	chr1	15236810	15237181	LTR/ERVL-MaLR	2675	+	186	15236996	23715
chr1	15213189	15413189	harbor1	chr1	15221724	15222182	LTR/ERVL-MaLR	1481	+	229	15221953	8764
chr1	15213189	15413189	harbor1	chr1	15224202	15224476	LTR/ERVL-MaLR	439	+	137	15224339	11150
chr1	15213189	15413189	harbor1	chr1	15236273	15236744	LTR/ERVL-MaLR	1249	+	236	15236509	23320
chr1	15213189	15413189	harbor1	chr1	15239981	15240347	LTR/ERVL-MaLR	1379	+	183	15240164	26975
chr1	15213189	15413189	harbor1	chr1	15240661	15240676	LTR/ERVL-MaLR	1379	+	8	15240669	27480
chr1	15213189	15413189	harbor1	chr1	15240985	15241200	LTR/ERVL-MaLR	1379	+	108	15241093	27904
chr1	15213189	15413189	harbor1	chr1	15292031	15292122	LTR/ERVL-MaLR	542	+	46	15292077	78888
chr1	15213189	15413189	harbor1	chr1	15292586	15292812	LTR/ERVL-MaLR	1346	+	113	15292699	79510
chr1	15213189	15413189	harbor1	chr1	15305545	15305895	LTR/ERVL-MaLR	2764	+	175	15305720	92531
chr1	15213189	15413189	harbor1	chr1	15305896	15307461	LTR/ERVL-MaLR	12487	+	782	15306678	93489
chr1	15213189	15413189	harbor1	chr1	15307462	15307728	LTR/ERVL-MaLR	2264	+	133	15307595	94406
chr1	15213189	15413189	harbor1	chr1	15308030	15308092	LTR/ERVL-MaLR	2264	+	31	15308061	94872
chr1	15213189	15413189	harbor1	chr1	15236810	15237181	LTR/ERVL-MaLR	2675	+	186	15236996	23807
chr1	10110200	10310200	harbor1	chr1	10141143	10141576	LTR/ERVL-MaLR	1242	+	216	10141359	31159
chr1	205329486	205529486	harbor1	chr1	205331922	205332355	LTR/ERVL-MaLR	1827	+	216	205332138	2652
chr1	16543101	16743101	harbor1	chr1	16549687	16549813	LTR/ERVL-MaLR	601	+	63	16549750	6649
chr1	16543101	16743101	harbor1	chr1	16601299	16601923	LTR/ERVL-MaLR	1935	+	312	16601611	58510
chr1	16543101	16743101	harbor1	chr1	16605694	16605874	LTR/ERVL-MaLR	544	+	90	16605784	62683
chr1	51230829	51430829	harbor1	chr1	51300705	51301112	LTR/ERVL-MaLR	562	+	204	51300909	70080
chr1	11740558	11940558	harbor1	chr1	11799310	11799623	LTR/ERVL-MaLR	443	+	156	11799466	58908
chr1	11740558	11940558	harbor1	chr1	11780075	11780245	LTR/ERVL-MaLR	841	+	85	11780160	39602
chr1	4224540	4424540	harbor1	chr1	4234864	4235200	LTR/ERVL-MaLR	1714	+	168	4235032	10492
chr1	4224540	4424540	harbor1	chr1	4235443	4235796	LTR/ERVL-MaLR	2271	+	176	4235619	11079
chr1	4224540	4424540	harbor1	chr1	4235797	4236358	LTR/ERVL-MaLR	1984	+	280	4236077	11537
chr1	4224540	4424540	harbor1	chr1	4236375	4236724	LTR/ERVL-MaLR	1798	+	174	4236549	12009
chr1	4224540	4424540	harbor1	chr1	4239939	4240180	LTR/ERVL-MaLR	1149	+	120	4240059	15519
chr1	4224540	4424540	harbor1	chr1	4240738	4240924	LTR/ERVL-MaLR	963	+	93	4240831	16291
chr1	4224540	4424540	harbor1	chr1	4243060	4243384	LTR/ERVL-MaLR	1523	+	162	4243222	18682
chr1	4224540	4424540	harbor1	chr1	4257712	4259241	LTR/ERVL-MaLR	7925	+	764	4258476	33936
chr1	4224540	4424540	harbor1	chr1	4259242	4259619	LTR/ERVL-MaLR	2229	+	188	4259430	34890
chr1	4224540	4424540	harbor1	chr1	4260779	4261194	LTR/ERVL-MaLR	2579	+	208	4260987	36447
chr1	4224540	4424540	harbor1	chr1	4266349	4266685	LTR/ERVL-MaLR	1515	+	168	4266517	41977
chr1	4224540	4424540	harbor1	chr1	4275174	4275516	LTR/ERVL-MaLR	1320	+	171	4275345	50805
chr1	4224540	4424540	harbor1	chr1	4282479	4282960	LTR/ERVL-MaLR	550	+	240	4282719	58179
chr1	4224540	4424540	harbor1	chr1	4302417	4302728	LTR/ERVL-MaLR	641	+	156	4302573	78033
chr1	4224540	4424540	harbor1	chr1	4317116	4317549	LTR/ERVL-MaLR	1275	+	216	4317332	92792
chr1	154870697	155070697	harbor1	chr1	154889589	154890033	LTR/ERVL-MaLR	697	+	222	154889811	19114
chr1	154870697	155070697	harbor1	chr1	154890345	154890428	LTR/ERVL-MaLR	635	+	42	154890387	19690
chr1	154870697	155070697	harbor1	chr1	154895345	154895660	LTR/ERVL-MaLR	461	+	158	154895503	24806
chr1	154870697	155070697	harbor1	chr1	154913762	154914165	LTR/ERVL-MaLR	2596	+	202	154913964	43267
chr1	16544791	16744791	harbor1	chr1	16549687	16549813	LTR/ERVL-MaLR	601	+	63	16549750	4959
chr1	16544791	16744791	harbor1	chr1	16601299	16601923	LTR/ERVL-MaLR	1935	+	312	16601611	56820
chr1	16544791	16744791	harbor1	chr1	16605694	16605874	LTR/ERVL-MaLR	544	+	90	16605784	60993
chr1	43447541	43647541	harbor1	chr1	43454657	43454769	LTR/ERVL-MaLR	491	+	56	43454713	7172
chr1	43447541	43647541	harbor1	chr1	43461023	43461274	LTR/ERVL-MaLR	1299	+	126	43461149	13608
chr1	43447541	43647541	harbor1	chr1	43461286	43461478	LTR/ERVL-MaLR	1806	+	96	43461382	13841
chr1	43447541	43647541	harbor1	chr1	43461527	43461692	LTR/ERVL-MaLR	1806	+	82	43461609	14068
chr1	43447541	43647541	harbor1	chr1	43461700	43461948	LTR/ERVL-MaLR	1198	+	124	43461824	14283
chr1	43447541	43647541	harbor1	chr1	43511443	43511888	LTR/ERVL-MaLR	854	+	222	43511665	64124
chr1	43447541	43647541	harbor1	chr1	43466280	43466887	LTR/ERVL-MaLR	3085	+	304	43466584	19043
chr1	726325	926325	harbor1	chr1	769363	769790	LTR/ERVL-MaLR	1424	+	214	769577	43252
chr1	726325	926325	harbor1	chr1	813876	814012	LTR/ERVL-MaLR	612	+	68	813944	87619
chr1	726325	926325	harbor1	chr1	819066	819303	LTR/ERVL-MaLR	527	+	118	819184	92859
chr1	226637969	226837969	harbor1	chr1	226708412	226708845	LTR/ERVL-MaLR	897	+	216	226708628	70659
chr1	226637969	226837969	harbor1	chr1	226714090	226714434	LTR/ERVL-MaLR	1215	+	172	226714262	76293
chr1	86604779	86804779	harbor1	chr1	86675559	86675772	LTR/ERVL-MaLR	1005	+	106	86675665	70886
chr1	86604779	86804779	harbor1	chr1	86675773	86676310	LTR/ERVL-MaLR	2288	+	268	86676041	71262
chr1	86604779	86804779	harbor1	chr1	86699422	86699498	LTR/ERVL-MaLR	432	+	38	86699460	94681
chr1	25518162	25718162	harbor1	chr1	25598750	25599217	LTR/ERVL-MaLR	996	+	234	25598984	80822
chr1	53370479	53570479	harbor1	chr1	53401320	53401788	LTR/ERVL-MaLR	1352	+	234	53401554	31075
chr1	53370479	53570479	harbor1	chr1	53401817	53402203	LTR/ERVL-MaLR	2332	+	193	53402010	31531
chr1	53370479	53570479	harbor1	chr1	53407571	53407973	LTR/ERVL-MaLR	1922	+	201	53407772	37293
chr1	53370479	53570479	harbor1	chr1	53418179	53418294	LTR/ERVL-MaLR	783	+	58	53418237	47758
chr1	53370479	53570479	harbor1	chr1	53418618	53418894	LTR/ERVL-MaLR	783	+	138	53418756	48277
chr1	53370479	53570479	harbor1	chr1	53421096	53421465	LTR/ERVL-MaLR	1976	+	184	53421280	50801
chr1	53370479	53570479	harbor1	chr1	53421467	53421646	LTR/ERVL-MaLR	928	+	90	53421557	51078
chr1	53370479	53570479	harbor1	chr1	53442384	53442765	LTR/ERVL-MaLR	2547	+	190	53442574	72095
chr1	53370479	53570479	harbor1	chr1	53443089	53443129	LTR/ERVL-MaLR	2547	+	20	53443109	72630
chr1	16544924	16744924	harbor1	chr1	16549687	16549813	LTR/ERVL-MaLR	601	+	63	16549750	4826
chr1	16544924	16744924	harbor1	chr1	16601299	16601923	LTR/ERVL-MaLR	1935	+	312	16601611	56687
chr1	16544924	16744924	harbor1	chr1	16605694	16605874	LTR/ERVL-MaLR	544	+	90	16605784	60860
chr1	244589301	244789301	harbor1	chr1	244613763	244614189	LTR/ERVL-MaLR	2489	+	213	244613976	24675
chr1	244589301	244789301	harbor1	chr1	244647360	244647825	LTR/ERVL-MaLR	1599	+	232	244647592	58291
chr1	244589301	244789301	harbor1	chr1	244649357	244649835	LTR/ERVL-MaLR	2036	+	239	244649596	60295
chr1	244589301	244789301	harbor1	chr1	244672179	244672539	LTR/ERVL-MaLR	2308	+	180	244672359	83058
chr1	16596778	16796778	harbor1	chr1	16601299	16601923	LTR/ERVL-MaLR	1935	+	312	16601611	4833
chr1	16596778	16796778	harbor1	chr1	16605694	16605874	LTR/ERVL-MaLR	544	+	90	16605784	9006
chr1	16544873	16744873	harbor1	chr1	16549687	16549813	LTR/ERVL-MaLR	601	+	63	16549750	4877
chr1	16544873	16744873	harbor1	chr1	16601299	16601923	LTR/ERVL-MaLR	1935	+	312	16601611	56738
chr1	16544873	16744873	harbor1	chr1	16605694	16605874	LTR/ERVL-MaLR	544	+	90	16605784	60911
chr1	227440888	227640888	harbor1	chr1	227444014	227444110	LTR/ERVL-MaLR	693	+	48	227444062	3174
chr1	227440888	227640888	harbor1	chr1	227450807	227450925	LTR/ERVL-MaLR	525	+	59	227450866	9978
chr1	227440888	227640888	harbor1	chr1	227469821	227470200	LTR/ERVL-MaLR	1981	+	190	227470011	29123
chr1	227440888	227640888	harbor1	chr1	227470189	227471795	LTR/ERVL-MaLR	10921	+	803	227470992	30104
chr1	227440888	227640888	harbor1	chr1	227471801	227472189	LTR/ERVL-MaLR	2116	+	194	227471995	31107
chr1	227440888	227640888	harbor1	chr1	227485599	227485957	LTR/ERVL-MaLR	1836	+	179	227485778	44890
chr1	227440888	227640888	harbor1	chr1	227496875	227497027	LTR/ERVL-MaLR	2416	+	76	227496951	56063
chr1	227440888	227640888	harbor1	chr1	227497318	227497527	LTR/ERVL-MaLR	2416	+	104	227497422	56534
chr1	227440888	227640888	harbor1	chr1	227514578	227514630	LTR/ERVL-MaLR	1560	+	26	227514604	73716
chr1	227440888	227640888	harbor1	chr1	227515926	227516405	LTR/ERVL-MaLR	1560	+	240	227516166	75278
chr1	227440888	227640888	harbor1	chr1	227519533	227519868	LTR/ERVL-MaLR	1191	+	168	227519701	78813
chr1	16545039	16745039	harbor1	chr1	16549687	16549813	LTR/ERVL-MaLR	601	+	63	16549750	4711
chr1	16545039	16745039	harbor1	chr1	16601299	16601923	LTR/ERVL-MaLR	1935	+	312	16601611	56572
chr1	16545039	16745039	harbor1	chr1	16605694	16605874	LTR/ERVL-MaLR	544	+	90	16605784	60745
chr1	16530545	16730545	harbor1	chr1	16549687	16549813	LTR/ERVL-MaLR	601	+	63	16549750	19205
chr1	16530545	16730545	harbor1	chr1	16601299	16601923	LTR/ERVL-MaLR	1935	+	312	16601611	71066
chr1	16530545	16730545	harbor1	chr1	16605694	16605874	LTR/ERVL-MaLR	544	+	90	16605784	75239
chr1	2136117	2336117	harbor1	chr1	2199627	2199797	LTR/ERVL-MaLR	761	+	85	2199712	63595
chr1	2136117	2336117	harbor1	chr1	2200424	2200663	LTR/ERVL-MaLR	761	+	120	2200544	64427
chr1	226638245	226838245	harbor1	chr1	226708412	226708845	LTR/ERVL-MaLR	897	+	216	226708628	70383
chr1	226638245	226838245	harbor1	chr1	226714090	226714434	LTR/ERVL-MaLR	1215	+	172	226714262	76017
chr1	53846279	54046279	harbor1	chr1	53848656	53848893	LTR/ERVL-MaLR	538	+	118	53848774	2495
chr1	53846279	54046279	harbor1	chr1	53849510	53849730	LTR/ERVL-MaLR	538	+	110	53849620	3341
chr1	53846279	54046279	harbor1	chr1	53850681	53851026	LTR/ERVL-MaLR	2341	+	172	53850853	4574
chr1	53846279	54046279	harbor1	chr1	53856817	53857350	LTR/ERVL-MaLR	1597	+	266	53857083	10804
chr1	53846279	54046279	harbor1	chr1	53913645	53914005	LTR/ERVL-MaLR	1347	+	180	53913825	67546
chr1	53846279	54046279	harbor1	chr1	53919306	53919656	LTR/ERVL-MaLR	757	+	175	53919481	73202
chr1	53846338	54046338	harbor1	chr1	53848656	53848893	LTR/ERVL-MaLR	538	+	118	53848774	2436
chr1	53846338	54046338	harbor1	chr1	53849510	53849730	LTR/ERVL-MaLR	538	+	110	53849620	3282
chr1	53846338	54046338	harbor1	chr1	53850681	53851026	LTR/ERVL-MaLR	2341	+	172	53850853	4515
chr1	53846338	54046338	harbor1	chr1	53856817	53857350	LTR/ERVL-MaLR	1597	+	266	53857083	10745
chr1	53846338	54046338	harbor1	chr1	53913645	53914005	LTR/ERVL-MaLR	1347	+	180	53913825	67487
chr1	53846338	54046338	harbor1	chr1	53919306	53919656	LTR/ERVL-MaLR	757	+	175	53919481	73143
chr1	2138467	2338467	harbor1	chr1	2199627	2199797	LTR/ERVL-MaLR	761	+	85	2199712	61245
chr1	2138467	2338467	harbor1	chr1	2200424	2200663	LTR/ERVL-MaLR	761	+	120	2200544	62077
chr1	16543014	16743014	harbor1	chr1	16549687	16549813	LTR/ERVL-MaLR	601	+	63	16549750	6736
chr1	16543014	16743014	harbor1	chr1	16601299	16601923	LTR/ERVL-MaLR	1935	+	312	16601611	58597
chr1	16543014	16743014	harbor1	chr1	16605694	16605874	LTR/ERVL-MaLR	544	+	90	16605784	62770
chr1	204585380	204785380	harbor1	chr1	204629414	204629756	LTR/ERVL-MaLR	2363	+	171	204629585	44205
chr1	204585380	204785380	harbor1	chr1	204632975	204633324	LTR/ERVL-MaLR	1516	+	174	204633149	47769
chr1	204585380	204785380	harbor1	chr1	204634384	204634810	LTR/ERVL-MaLR	1527	+	213	204634597	49217
chr1	204585380	204785380	harbor1	chr1	204650888	204651444	LTR/ERVL-MaLR	1537	+	278	204651166	65786
chr1	1676051	1876051	harbor1	chr1	1767816	1767894	LTR/ERVL-MaLR	744	+	39	1767855	91804
chr1	1676051	1876051	harbor1	chr1	1768195	1768255	LTR/ERVL-MaLR	744	+	30	1768225	92174
chr1	1676051	1876051	harbor1	chr1	1768567	1768805	LTR/ERVL-MaLR	744	+	119	1768686	92635
chr1	16544932	16744932	harbor1	chr1	16549687	16549813	LTR/ERVL-MaLR	601	+	63	16549750	4818
chr1	16544932	16744932	harbor1	chr1	16601299	16601923	LTR/ERVL-MaLR	1935	+	312	16601611	56679
chr1	16544932	16744932	harbor1	chr1	16605694	16605874	LTR/ERVL-MaLR	544	+	90	16605784	60852
chr1	211033792	211233792	harbor1	chr1	211037763	211037958	LTR/ERVL-MaLR	2260	+	98	211037861	4069
chr1	211033792	211233792	harbor1	chr1	211038261	211038409	LTR/ERVL-MaLR	2260	+	74	211038335	4543
chr1	211033792	211233792	harbor1	chr1	211038410	211039907	LTR/ERVL-MaLR	11957	+	748	211039158	5366
chr1	211033792	211233792	harbor1	chr1	211040208	211040285	LTR/ERVL-MaLR	11957	+	38	211040246	6454
chr1	211033792	211233792	harbor1	chr1	211040286	211040631	LTR/ERVL-MaLR	2413	+	172	211040458	6666
chr1	211033792	211233792	harbor1	chr1	211117273	211117597	LTR/ERVL-MaLR	476	+	162	211117435	83643
chr1	59714670	59914670	harbor1	chr1	59736287	59737861	LTR/ERVL-MaLR	12556	+	787	59737074	22404
chr1	59714670	59914670	harbor1	chr1	59737862	59737958	LTR/ERVL-MaLR	641	+	48	59737910	23240
chr1	59714670	59914670	harbor1	chr1	59741193	59741571	LTR/ERVL-MaLR	2324	+	189	59741382	26712
chr1	59714670	59914670	harbor1	chr1	59769802	59770162	LTR/ERVL-MaLR	977	+	180	59769982	55312
chr1	59714670	59914670	harbor1	chr1	59790100	59790459	LTR/ERVL-MaLR	2422	+	180	59790280	75610
chr1	59714670	59914670	harbor1	chr1	59798018	59798429	LTR/ERVL-MaLR	2073	+	206	59798224	83554
chr1	59714670	59914670	harbor1	chr1	59735926	59736286	LTR/ERVL-MaLR	2384	+	180	59736106	21436
chr1	244735088	244935088	harbor1	chr1	244748944	244749126	LTR/ERVL-MaLR	2114	+	91	244749035	13947
chr1	244735088	244935088	harbor1	chr1	244749388	244749590	LTR/ERVL-MaLR	2114	+	101	244749489	14401
chr1	9254542	9454542	harbor1	chr1	9283855	9284222	LTR/ERVL-MaLR	1783	+	184	9284039	29497
chr1	16544427	16744427	harbor1	chr1	16549687	16549813	LTR/ERVL-MaLR	601	+	63	16549750	5323
chr1	16544427	16744427	harbor1	chr1	16601299	16601923	LTR/ERVL-MaLR	1935	+	312	16601611	57184
chr1	16544427	16744427	harbor1	chr1	16605694	16605874	LTR/ERVL-MaLR	544	+	90	16605784	61357
chr1	25516681	25716681	harbor1	chr1	25598750	25599217	LTR/ERVL-MaLR	996	+	234	25598984	82303
chr1	116272513	116472513	harbor1	chr1	116341809	116342157	LTR/ERVL-MaLR	1792	+	174	116341983	69470
chr1	116272513	116472513	harbor1	chr1	116342172	116342589	LTR/ERVL-MaLR	2616	+	208	116342380	69867
chr1	116272513	116472513	harbor1	chr1	116342884	116343087	LTR/ERVL-MaLR	2616	+	102	116342986	70473
chr1	116272513	116472513	harbor1	chr1	116343279	116343292	LTR/ERVL-MaLR	690	+	6	116343285	70772
chr1	116272513	116472513	harbor1	chr1	116343541	116343919	LTR/ERVL-MaLR	690	+	189	116343730	71217
chr1	244605835	244805835	harbor1	chr1	244613763	244614189	LTR/ERVL-MaLR	2489	+	213	244613976	8141
chr1	244605835	244805835	harbor1	chr1	244647360	244647825	LTR/ERVL-MaLR	1599	+	232	244647592	41757
chr1	244605835	244805835	harbor1	chr1	244649357	244649835	LTR/ERVL-MaLR	2036	+	239	244649596	43761
chr1	244605835	244805835	harbor1	chr1	244672179	244672539	LTR/ERVL-MaLR	2308	+	180	244672359	66524
chr1	244605835	244805835	harbor1	chr1	244700970	244701719	LTR/ERVL-MaLR	2607	+	374	244701344	95509
chr1	16545027	16745027	harbor1	chr1	16549687	16549813	LTR/ERVL-MaLR	601	+	63	16549750	4723
chr1	16545027	16745027	harbor1	chr1	16601299	16601923	LTR/ERVL-MaLR	1935	+	312	16601611	56584
chr1	16545027	16745027	harbor1	chr1	16605694	16605874	LTR/ERVL-MaLR	544	+	90	16605784	60757
chr1	2138442	2338442	harbor1	chr1	2199627	2199797	LTR/ERVL-MaLR	761	+	85	2199712	61270
chr1	2138442	2338442	harbor1	chr1	2200424	2200663	LTR/ERVL-MaLR	761	+	120	2200544	62102
chr1	244605400	244805400	harbor1	chr1	244613763	244614189	LTR/ERVL-MaLR	2489	+	213	244613976	8576
chr1	244605400	244805400	harbor1	chr1	244647360	244647825	LTR/ERVL-MaLR	1599	+	232	244647592	42192
chr1	244605400	244805400	harbor1	chr1	244649357	244649835	LTR/ERVL-MaLR	2036	+	239	244649596	44196
chr1	244605400	244805400	harbor1	chr1	244672179	244672539	LTR/ERVL-MaLR	2308	+	180	244672359	66959
chr1	244605400	244805400	harbor1	chr1	244700970	244701719	LTR/ERVL-MaLR	2607	+	374	244701344	95944
chr1	16542903	16742903	harbor1	chr1	16549687	16549813	LTR/ERVL-MaLR	601	+	63	16549750	6847
chr1	16542903	16742903	harbor1	chr1	16601299	16601923	LTR/ERVL-MaLR	1935	+	312	16601611	58708
chr1	16542903	16742903	harbor1	chr1	16605694	16605874	LTR/ERVL-MaLR	544	+	90	16605784	62881
chr1	17019452	17219452	harbor1	chr1	17021127	17021296	LTR/ERVL-MaLR	960	+	84	17021211	1759
chr1	17019452	17219452	harbor1	chr1	17021776	17021937	LTR/ERVL-MaLR	720	+	80	17021856	2404
chr1	17019452	17219452	harbor1	chr1	17043670	17044061	LTR/ERVL-MaLR	1402	+	196	17043866	24414
chr1	17019452	17219452	harbor1	chr1	17080199	17080564	LTR/ERVL-MaLR	845	+	182	17080381	60929
chr1	17019452	17219452	harbor1	chr1	17106308	17106433	LTR/ERVL-MaLR	652	+	62	17106370	86918
chr1	17019452	17219452	harbor1	chr1	17106733	17107017	LTR/ERVL-MaLR	865	+	142	17106875	87423
chr1	16544809	16744809	harbor1	chr1	16549687	16549813	LTR/ERVL-MaLR	601	+	63	16549750	4941
chr1	16544809	16744809	harbor1	chr1	16601299	16601923	LTR/ERVL-MaLR	1935	+	312	16601611	56802
chr1	16544809	16744809	harbor1	chr1	16605694	16605874	LTR/ERVL-MaLR	544	+	90	16605784	60975
chr1	30662344	30862344	harbor1	chr1	30734097	30734624	LTR/ERVL-MaLR	1667	+	264	30734361	72017
chr1	30662344	30862344	harbor1	chr1	30738134	30738642	LTR/ERVL-MaLR	2163	+	254	30738388	76044
chr1	30662344	30862344	harbor1	chr1	30760325	30760793	LTR/ERVL-MaLR	2078	+	234	30760559	98215
chr1	2138106	2338106	harbor1	chr1	2199627	2199797	LTR/ERVL-MaLR	761	+	85	2199712	61606
chr1	2138106	2338106	harbor1	chr1	2200424	2200663	LTR/ERVL-MaLR	761	+	120	2200544	62438
chr1	51419171	51619171	harbor1	chr1	51438983	51439287	LTR/ERVL-MaLR	656	+	152	51439135	19964
chr1	51419171	51619171	harbor1	chr1	51488736	51489075	LTR/ERVL-MaLR	704	+	170	51488906	69735
chr1	51419171	51619171	harbor1	chr1	51489723	51490017	LTR/ERVL-MaLR	815	+	147	51489870	70699
chr1	51419171	51619171	harbor1	chr1	51498811	51499225	LTR/ERVL-MaLR	1982	+	207	51499018	79847
chr1	16544989	16744989	harbor1	chr1	16549687	16549813	LTR/ERVL-MaLR	601	+	63	16549750	4761
chr1	16544989	16744989	harbor1	chr1	16601299	16601923	LTR/ERVL-MaLR	1935	+	312	16601611	56622
chr1	16544989	16744989	harbor1	chr1	16605694	16605874	LTR/ERVL-MaLR	544	+	90	16605784	60795
chr1	16544731	16744731	harbor1	chr1	16549687	16549813	LTR/ERVL-MaLR	601	+	63	16549750	5019
chr1	16544731	16744731	harbor1	chr1	16601299	16601923	LTR/ERVL-MaLR	1935	+	312	16601611	56880
chr1	16544731	16744731	harbor1	chr1	16605694	16605874	LTR/ERVL-MaLR	544	+	90	16605784	61053
chr1	28814567	29014567	harbor1	chr1	28904475	28904615	LTR/ERVL-MaLR	1482	+	70	28904545	89978
chr1	28814567	29014567	harbor1	chr1	28905518	28905700	LTR/ERVL-MaLR	1482	+	91	28905609	91042
chr1	2138449	2338449	harbor1	chr1	2199627	2199797	LTR/ERVL-MaLR	761	+	85	2199712	61263
chr1	2138449	2338449	harbor1	chr1	2200424	2200663	LTR/ERVL-MaLR	761	+	120	2200544	62095
chr1	110112132	110312132	harbor1	chr1	110124537	110124947	LTR/ERVL-MaLR	2339	+	205	110124742	12610
chr1	110112132	110312132	harbor1	chr1	110126226	110126403	LTR/ERVL-MaLR	960	+	88	110126314	14182
chr1	110112132	110312132	harbor1	chr1	110205031	110205573	LTR/ERVL-MaLR	1598	+	271	110205302	93170
chr1	16544918	16744918	harbor1	chr1	16549687	16549813	LTR/ERVL-MaLR	601	+	63	16549750	4832
chr1	16544918	16744918	harbor1	chr1	16601299	16601923	LTR/ERVL-MaLR	1935	+	312	16601611	56693
chr1	16544918	16744918	harbor1	chr1	16605694	16605874	LTR/ERVL-MaLR	544	+	90	16605784	60866
chr1	179714840	179914840	harbor1	chr1	179795313	179795676	LTR/ERVL-MaLR	1421	+	182	179795495	80655
chr1	23269371	23469371	harbor1	chr1	23269850	23269890	LTR/ERVL-MaLR	1429	+	20	23269870	499
chr1	23269371	23469371	harbor1	chr1	23270165	23270206	LTR/ERVL-MaLR	1429	+	20	23270185	814
chr1	23269371	23469371	harbor1	chr1	23270294	23270623	LTR/ERVL-MaLR	1429	+	164	23270458	1087
chr1	23269371	23469371	harbor1	chr1	23272661	23272761	LTR/ERVL-MaLR	662	+	50	23272711	3340
chr1	23269371	23469371	harbor1	chr1	23277754	23277873	LTR/ERVL-MaLR	636	+	60	23277814	8443
chr1	23269371	23469371	harbor1	chr1	23277886	23278044	LTR/ERVL-MaLR	861	+	79	23277965	8594
chr1	23269371	23469371	harbor1	chr1	23278336	23278472	LTR/ERVL-MaLR	861	+	68	23278404	9033
chr1	31080007	31280007	harbor1	chr1	31169106	31169255	LTR/ERVL-MaLR	836	+	74	31169180	89173
chr1	726411	926411	harbor1	chr1	769363	769790	LTR/ERVL-MaLR	1424	+	214	769577	43166
chr1	726411	926411	harbor1	chr1	813876	814012	LTR/ERVL-MaLR	612	+	68	813944	87533
chr1	726411	926411	harbor1	chr1	819066	819303	LTR/ERVL-MaLR	527	+	118	819184	92773
chr1	2138451	2338451	harbor1	chr1	2199627	2199797	LTR/ERVL-MaLR	761	+	85	2199712	61261
chr1	2138451	2338451	harbor1	chr1	2200424	2200663	LTR/ERVL-MaLR	761	+	120	2200544	62093
chr1	24895887	25095887	harbor1	chr1	24938612	24938978	LTR/ERVL-MaLR	1630	+	183	24938795	42908
chr1	24895887	25095887	harbor1	chr1	24944436	24944969	LTR/ERVL-MaLR	2293	+	266	24944702	48815
chr1	24895887	25095887	harbor1	chr1	24979227	24979581	LTR/ERVL-MaLR	2489	+	177	24979404	83517
chr1	24895887	25095887	harbor1	chr1	24980410	24980826	LTR/ERVL-MaLR	591	+	208	24980618	84731
chr1	32106047	32306047	harbor1	chr1	32111968	32112151	LTR/ERVL-MaLR	749	+	92	32112060	6013
chr1	51229911	51429911	harbor1	chr1	51300705	51301112	LTR/ERVL-MaLR	562	+	204	51300909	70998
chr1	244605782	244805782	harbor1	chr1	244613763	244614189	LTR/ERVL-MaLR	2489	+	213	244613976	8194
chr1	244605782	244805782	harbor1	chr1	244647360	244647825	LTR/ERVL-MaLR	1599	+	232	244647592	41810
chr1	244605782	244805782	harbor1	chr1	244649357	244649835	LTR/ERVL-MaLR	2036	+	239	244649596	43814
chr1	244605782	244805782	harbor1	chr1	244672179	244672539	LTR/ERVL-MaLR	2308	+	180	244672359	66577
chr1	244605782	244805782	harbor1	chr1	244700970	244701719	LTR/ERVL-MaLR	2607	+	374	244701344	95562
chr1	20048547	20248547	harbor1	chr1	20049451	20049808	LTR/ERVL-MaLR	2439	+	178	20049629	1082
chr1	20048547	20248547	harbor1	chr1	20061868	20062245	LTR/ERVL-MaLR	2255	+	188	20062056	13509
chr1	20048547	20248547	harbor1	chr1	20128739	20129115	LTR/ERVL-MaLR	2459	+	188	20128927	80380
chr1	20048547	20248547	harbor1	chr1	20136233	20136637	LTR/ERVL-MaLR	2065	+	202	20136435	87888
chr1	16544880	16744880	harbor1	chr1	16549687	16549813	LTR/ERVL-MaLR	601	+	63	16549750	4870
chr1	16544880	16744880	harbor1	chr1	16601299	16601923	LTR/ERVL-MaLR	1935	+	312	16601611	56731
chr1	16544880	16744880	harbor1	chr1	16605694	16605874	LTR/ERVL-MaLR	544	+	90	16605784	60904
chr1	16544895	16744895	harbor1	chr1	16549687	16549813	LTR/ERVL-MaLR	601	+	63	16549750	4855
chr1	16544895	16744895	harbor1	chr1	16601299	16601923	LTR/ERVL-MaLR	1935	+	312	16601611	56716
chr1	16544895	16744895	harbor1	chr1	16605694	16605874	LTR/ERVL-MaLR	544	+	90	16605784	60889
chr1	3431277	3631277	harbor1	chr1	3512452	3512820	LTR/ERVL-MaLR	2554	+	184	3512636	81359
chr1	3431277	3631277	harbor1	chr1	3518097	3518255	LTR/ERVL-MaLR	429	+	79	3518176	86899
chr1	3431277	3631277	harbor1	chr1	3524906	3525098	LTR/ERVL-MaLR	462	+	96	3525002	93725
chr1	3431277	3631277	harbor1	chr1	3528445	3528945	LTR/ERVL-MaLR	2127	+	250	3528695	97418
chr1	3845228	4045228	harbor1	chr1	3852674	3853095	LTR/ERVL-MaLR	1042	+	210	3852884	7656
chr1	3845228	4045228	harbor1	chr1	3879376	3879715	LTR/ERVL-MaLR	1090	+	170	3879546	34318
chr1	3845228	4045228	harbor1	chr1	3918344	3918698	LTR/ERVL-MaLR	2474	+	177	3918521	73293
chr1	3845228	4045228	harbor1	chr1	3922795	3923256	LTR/ERVL-MaLR	1471	+	230	3923025	77797
chr1	3845228	4045228	harbor1	chr1	3928970	3929146	LTR/ERVL-MaLR	664	+	88	3929058	83830
chr1	3845228	4045228	harbor1	chr1	3930771	3931038	LTR/ERVL-MaLR	836	+	134	3930905	85677
chr1	3845228	4045228	harbor1	chr1	3942395	3942748	LTR/ERVL-MaLR	1712	+	176	3942571	97343
chr1	2138561	2338561	harbor1	chr1	2199627	2199797	LTR/ERVL-MaLR	761	+	85	2199712	61151
chr1	2138561	2338561	harbor1	chr1	2200424	2200663	LTR/ERVL-MaLR	761	+	120	2200544	61983
chr1	16544752	16744752	harbor1	chr1	16549687	16549813	LTR/ERVL-MaLR	601	+	63	16549750	4998
chr1	16544752	16744752	harbor1	chr1	16601299	16601923	LTR/ERVL-MaLR	1935	+	312	16601611	56859
chr1	16544752	16744752	harbor1	chr1	16605694	16605874	LTR/ERVL-MaLR	544	+	90	16605784	61032
chr1	227983972	228183972	harbor1	chr1	228029716	228029856	LTR/ERVL-MaLR	610	+	70	228029786	45814
chr1	227983972	228183972	harbor1	chr1	228050326	228050587	LTR/ERVL-MaLR	1171	+	130	228050456	66484
chr1	227983972	228183972	harbor1	chr1	228052883	228053275	LTR/ERVL-MaLR	1626	+	196	228053079	69107
chr1	1204941	1404941	harbor1	chr1	1269890	1270250	LTR/ERVL-MaLR	2027	+	180	1270070	65129
chr1	194372730	194572730	harbor1	chr1	194406633	194406978	LTR/ERVL-MaLR	1571	+	172	194406805	34075
chr1	230025255	230225255	harbor1	chr1	230051972	230052302	LTR/ERVL-MaLR	1950	+	165	230052137	26882
chr1	28814559	29014559	harbor1	chr1	28904475	28904615	LTR/ERVL-MaLR	1482	+	70	28904545	89986
chr1	28814559	29014559	harbor1	chr1	28905518	28905700	LTR/ERVL-MaLR	1482	+	91	28905609	91050
chr1	47316981	47516981	harbor1	chr1	47323492	47323846	LTR/ERVL-MaLR	2069	+	177	47323669	6688
chr1	47316981	47516981	harbor1	chr1	47329042	47329295	LTR/ERVL-MaLR	648	+	126	47329168	12187
chr1	47316981	47516981	harbor1	chr1	47329437	47329587	LTR/ERVL-MaLR	911	+	75	47329512	12531
chr1	47316981	47516981	harbor1	chr1	47330186	47330248	LTR/ERVL-MaLR	911	+	31	47330217	13236
chr1	47316981	47516981	harbor1	chr1	47391189	47391486	LTR/ERVL-MaLR	1629	+	148	47391337	74356
chr1	47316981	47516981	harbor1	chr1	47391786	47391944	LTR/ERVL-MaLR	1629	+	79	47391865	74884
chr1	47316981	47516981	harbor1	chr1	47398337	47398905	LTR/ERVL-MaLR	1325	+	284	47398621	81640
chr1	165531488	165731488	harbor1	chr1	165584618	165584941	LTR/ERVL-MaLR	1694	+	162	165584780	53292
chr1	165531488	165731488	harbor1	chr1	165604412	165604787	LTR/ERVL-MaLR	2124	+	188	165604600	73112
chr1	165531488	165731488	harbor1	chr1	165617670	165618030	LTR/ERVL-MaLR	1910	+	180	165617850	86362
chr1	222687998	222887998	harbor1	chr1	222753565	222753809	LTR/ERVL-MaLR	961	+	122	222753687	65689
chr1	222687998	222887998	harbor1	chr1	222753824	222753953	LTR/ERVL-MaLR	1525	+	64	222753888	65890
chr1	222687998	222887998	harbor1	chr1	222754262	222754475	LTR/ERVL-MaLR	1525	+	106	222754368	66370
chr1	222687998	222887998	harbor1	chr1	222754477	222754764	LTR/ERVL-MaLR	1078	+	144	222754621	66623
chr1	11740582	11940582	harbor1	chr1	11799310	11799623	LTR/ERVL-MaLR	443	+	156	11799466	58884
chr1	11740582	11940582	harbor1	chr1	11780075	11780245	LTR/ERVL-MaLR	841	+	85	11780160	39578
chr1	203028332	203228332	harbor1	chr1	203103846	203104253	LTR/ERVL-MaLR	1458	+	204	203104050	75718
chr1	153435311	153635311	harbor1	chr1	153497504	153497858	LTR/ERVL-MaLR	2126	+	177	153497681	62370
chr1	153435311	153635311	harbor1	chr1	153503797	153504224	LTR/ERVL-MaLR	2902	+	214	153504011	68700
chr1	16523548	16723548	harbor1	chr1	16549687	16549813	LTR/ERVL-MaLR	601	+	63	16549750	26202
chr1	16523548	16723548	harbor1	chr1	16601299	16601923	LTR/ERVL-MaLR	1935	+	312	16601611	78063
chr1	16523548	16723548	harbor1	chr1	16605694	16605874	LTR/ERVL-MaLR	544	+	90	16605784	82236
chr1	53187531	53387531	harbor1	chr1	53201174	53201604	LTR/ERVL-MaLR	1865	+	215	53201389	13858
chr1	53187531	53387531	harbor1	chr1	53204634	53205002	LTR/ERVL-MaLR	2131	+	184	53204818	17287
chr1	53187531	53387531	harbor1	chr1	53205003	53205900	LTR/ERVL-MaLR	11883	+	448	53205451	17920
chr1	53187531	53387531	harbor1	chr1	53206204	53206920	LTR/ERVL-MaLR	11883	+	358	53206562	19031
chr1	53187531	53387531	harbor1	chr1	53206921	53207286	LTR/ERVL-MaLR	2078	+	182	53207103	19572
chr1	53187531	53387531	harbor1	chr1	53233959	53234353	LTR/ERVL-MaLR	1931	+	197	53234156	46625
chr1	53187531	53387531	harbor1	chr1	53283036	53283337	LTR/ERVL-MaLR	1585	+	150	53283186	95655
chr1	207819139	208019139	harbor1	chr1	207870854	207871048	LTR/ERVL-MaLR	944	+	97	207870951	51812
chr1	89721428	89921428	harbor1	chr1	89755604	89755725	LTR/ERVL-MaLR	512	+	60	89755664	34236
chr1	89721428	89921428	harbor1	chr1	89760474	89760824	LTR/ERVL-MaLR	1799	+	175	89760649	39221
chr1	89721428	89921428	harbor1	chr1	89775007	89775518	LTR/ERVL-MaLR	2301	+	256	89775263	53835
chr1	89721428	89921428	harbor1	chr1	89791417	89791890	LTR/ERVL-MaLR	622	+	236	89791653	70225
chr1	89721428	89921428	harbor1	chr1	89792055	89792431	LTR/ERVL-MaLR	1917	+	188	89792243	70815
chr1	89721428	89921428	harbor1	chr1	89793899	89794039	LTR/ERVL-MaLR	1917	+	70	89793969	72541
chr1	89721428	89921428	harbor1	chr1	89797029	89797169	LTR/ERVL-MaLR	701	+	70	89797099	75671
chr1	89721428	89921428	harbor1	chr1	89807137	89807310	LTR/ERVL-MaLR	1335	+	86	89807223	85795
chr1	89721428	89921428	harbor1	chr1	89807601	89807872	LTR/ERVL-MaLR	1335	+	136	89807737	86309
chr1	89721428	89921428	harbor1	chr1	89817770	89818072	LTR/ERVL-MaLR	1700	+	151	89817921	96493
chr1	89721428	89921428	harbor1	chr1	89818374	89818443	LTR/ERVL-MaLR	1700	+	34	89818408	96980
chr1	9589512	9789512	harbor1	chr1	9634865	9635007	LTR/ERVL-MaLR	554	+	71	9634936	45424
chr1	220687422	220887422	harbor1	chr1	220731467	220731828	LTR/ERVL-MaLR	2260	+	180	220731647	44225
chr1	220687422	220887422	harbor1	chr1	220744876	220745282	LTR/ERVL-MaLR	2295	+	203	220745079	57657
chr1	204879064	205079064	harbor1	chr1	204914215	204914589	LTR/ERVL-MaLR	2396	+	187	204914402	35338
chr1	23877841	24077841	harbor1	chr1	23928367	23928493	LTR/ERVL-MaLR	591	+	63	23928430	50589
chr1	23877841	24077841	harbor1	chr1	23932309	23932450	LTR/ERVL-MaLR	624	+	70	23932379	54538
chr1	23877841	24077841	harbor1	chr1	23938932	23939384	LTR/ERVL-MaLR	1571	+	226	23939158	61317
chr1	53846292	54046292	harbor1	chr1	53848656	53848893	LTR/ERVL-MaLR	538	+	118	53848774	2482
chr1	53846292	54046292	harbor1	chr1	53849510	53849730	LTR/ERVL-MaLR	538	+	110	53849620	3328
chr1	53846292	54046292	harbor1	chr1	53850681	53851026	LTR/ERVL-MaLR	2341	+	172	53850853	4561
chr1	53846292	54046292	harbor1	chr1	53856817	53857350	LTR/ERVL-MaLR	1597	+	266	53857083	10791
chr1	53846292	54046292	harbor1	chr1	53913645	53914005	LTR/ERVL-MaLR	1347	+	180	53913825	67533
chr1	53846292	54046292	harbor1	chr1	53919306	53919656	LTR/ERVL-MaLR	757	+	175	53919481	73189
chr1	207924797	208124797	harbor1	chr1	207925079	207925630	LTR/ERVL-MaLR	2076	+	276	207925355	558
chr1	207924797	208124797	harbor1	chr1	207933226	207933438	LTR/ERVL-MaLR	997	+	106	207933332	8535
chr1	207924797	208124797	harbor1	chr1	207933990	207934200	LTR/ERVL-MaLR	997	+	105	207934095	9298
chr1	207924797	208124797	harbor1	chr1	207956074	207956380	LTR/ERVL-MaLR	519	+	153	207956227	31430
chr1	207924797	208124797	harbor1	chr1	207967104	207967210	LTR/ERVL-MaLR	448	+	53	207967157	42360
chr1	207924797	208124797	harbor1	chr1	207967263	207967349	LTR/ERVL-MaLR	430	+	43	207967306	42509
chr1	207924797	208124797	harbor1	chr1	207967596	207967859	LTR/ERVL-MaLR	733	+	132	207967728	42931
chr1	207924797	208124797	harbor1	chr1	208000877	208001207	LTR/ERVL-MaLR	1610	+	165	208001042	76245
chr1	207924797	208124797	harbor1	chr1	208006274	208006813	LTR/ERVL-MaLR	1698	+	270	208006544	81747
chr1	7604696	7804696	harbor1	chr1	7656019	7656192	LTR/ERVL-MaLR	932	+	86	7656105	51409
chr1	53370409	53570409	harbor1	chr1	53401320	53401788	LTR/ERVL-MaLR	1352	+	234	53401554	31145
chr1	53370409	53570409	harbor1	chr1	53401817	53402203	LTR/ERVL-MaLR	2332	+	193	53402010	31601
chr1	53370409	53570409	harbor1	chr1	53407571	53407973	LTR/ERVL-MaLR	1922	+	201	53407772	37363
chr1	53370409	53570409	harbor1	chr1	53418179	53418294	LTR/ERVL-MaLR	783	+	58	53418237	47828
chr1	53370409	53570409	harbor1	chr1	53418618	53418894	LTR/ERVL-MaLR	783	+	138	53418756	48347
chr1	53370409	53570409	harbor1	chr1	53421096	53421465	LTR/ERVL-MaLR	1976	+	184	53421280	50871
chr1	53370409	53570409	harbor1	chr1	53421467	53421646	LTR/ERVL-MaLR	928	+	90	53421557	51148
chr1	53370409	53570409	harbor1	chr1	53442384	53442765	LTR/ERVL-MaLR	2547	+	190	53442574	72165
chr1	53370409	53570409	harbor1	chr1	53443089	53443129	LTR/ERVL-MaLR	2547	+	20	53443109	72700
chr1	1247301	1447301	harbor1	chr1	1269890	1270250	LTR/ERVL-MaLR	2027	+	180	1270070	22769
chr1	19565207	19765207	harbor1	chr1	19570696	19570769	LTR/ERVL-MaLR	2037	+	36	19570732	5525
chr1	19565207	19765207	harbor1	chr1	19571073	19571403	LTR/ERVL-MaLR	2037	+	165	19571238	6031
chr1	19565207	19765207	harbor1	chr1	19571676	19572014	LTR/ERVL-MaLR	1489	+	169	19571845	6638
chr1	19565207	19765207	harbor1	chr1	19572550	19572895	LTR/ERVL-MaLR	2192	+	172	19572722	7515
chr1	43447553	43647553	harbor1	chr1	43454657	43454769	LTR/ERVL-MaLR	491	+	56	43454713	7160
chr1	43447553	43647553	harbor1	chr1	43461023	43461274	LTR/ERVL-MaLR	1299	+	126	43461149	13596
chr1	43447553	43647553	harbor1	chr1	43461286	43461478	LTR/ERVL-MaLR	1806	+	96	43461382	13829
chr1	43447553	43647553	harbor1	chr1	43461527	43461692	LTR/ERVL-MaLR	1806	+	82	43461609	14056
chr1	43447553	43647553	harbor1	chr1	43461700	43461948	LTR/ERVL-MaLR	1198	+	124	43461824	14271
chr1	43447553	43647553	harbor1	chr1	43511443	43511888	LTR/ERVL-MaLR	854	+	222	43511665	64112
chr1	43447553	43647553	harbor1	chr1	43466280	43466887	LTR/ERVL-MaLR	3085	+	304	43466584	19031
chr1	2138430	2338430	harbor1	chr1	2199627	2199797	LTR/ERVL-MaLR	761	+	85	2199712	61282
chr1	2138430	2338430	harbor1	chr1	2200424	2200663	LTR/ERVL-MaLR	761	+	120	2200544	62114
chr1	53846310	54046310	harbor1	chr1	53848656	53848893	LTR/ERVL-MaLR	538	+	118	53848774	2464
chr1	53846310	54046310	harbor1	chr1	53849510	53849730	LTR/ERVL-MaLR	538	+	110	53849620	3310
chr1	53846310	54046310	harbor1	chr1	53850681	53851026	LTR/ERVL-MaLR	2341	+	172	53850853	4543
chr1	53846310	54046310	harbor1	chr1	53856817	53857350	LTR/ERVL-MaLR	1597	+	266	53857083	10773
chr1	53846310	54046310	harbor1	chr1	53913645	53914005	LTR/ERVL-MaLR	1347	+	180	53913825	67515
chr1	53846310	54046310	harbor1	chr1	53919306	53919656	LTR/ERVL-MaLR	757	+	175	53919481	73171
chr1	6160375	6360375	harbor1	chr1	6255104	6255201	LTR/ERVL-MaLR	998	+	48	6255152	94777
chr1	6160375	6360375	harbor1	chr1	6256095	6256355	LTR/ERVL-MaLR	998	+	130	6256225	95850
chr1	6160375	6360375	harbor1	chr1	6256802	6256874	LTR/ERVL-MaLR	998	+	36	6256838	96463
chr1	25773550	25973550	harbor1	chr1	25790828	25790990	LTR/ERVL-MaLR	1399	+	81	25790909	17359
chr1	25773550	25973550	harbor1	chr1	25791018	25791191	LTR/ERVL-MaLR	1399	+	86	25791104	17554
chr1	25773550	25973550	harbor1	chr1	25840504	25840787	LTR/ERVL-MaLR	1094	+	142	25840646	67096
chr1	16544750	16744750	harbor1	chr1	16549687	16549813	LTR/ERVL-MaLR	601	+	63	16549750	5000
chr1	16544750	16744750	harbor1	chr1	16601299	16601923	LTR/ERVL-MaLR	1935	+	312	16601611	56861
chr1	16544750	16744750	harbor1	chr1	16605694	16605874	LTR/ERVL-MaLR	544	+	90	16605784	61034
chr1	245603515	245803515	harbor1	chr1	245623895	245624203	LTR/ERVL-MaLR	1257	+	154	245624049	20534
chr1	245603515	245803515	harbor1	chr1	245696053	245696551	LTR/ERVL-MaLR	1888	+	249	245696302	92787
chr1	13663032	13863032	harbor1	chr1	13692272	13692382	LTR/ERVL-MaLR	1482	+	55	13692327	29295
chr1	13663032	13863032	harbor1	chr1	13692516	13692794	LTR/ERVL-MaLR	1482	+	139	13692655	29623
chr1	13663032	13863032	harbor1	chr1	13693417	13693477	LTR/ERVL-MaLR	1482	+	30	13693447	30415
chr1	13663032	13863032	harbor1	chr1	13697624	13698098	LTR/ERVL-MaLR	1907	+	237	13697861	34829
chr1	40761841	40961841	harbor1	chr1	40842572	40843053	LTR/ERVL-MaLR	1972	+	240	40842812	80971
chr1	40761841	40961841	harbor1	chr1	40850984	40851086	LTR/ERVL-MaLR	505	+	51	40851035	89194
chr1	40761841	40961841	harbor1	chr1	40851115	40851288	LTR/ERVL-MaLR	515	+	86	40851201	89360
chr1	40761841	40961841	harbor1	chr1	40852373	40852550	LTR/ERVL-MaLR	528	+	88	40852461	90620
chr1	230759103	230959103	harbor1	chr1	230783327	230783712	LTR/ERVL-MaLR	1834	+	192	230783519	24416
chr1	230759103	230959103	harbor1	chr1	230785362	230785762	LTR/ERVL-MaLR	2369	+	200	230785562	26459
chr1	230759103	230959103	harbor1	chr1	230833548	230833979	LTR/ERVL-MaLR	2636	+	216	230833764	74661
chr1	230759103	230959103	harbor1	chr1	230835676	230836040	LTR/ERVL-MaLR	1767	+	182	230835858	76755
chr1	230759103	230959103	harbor1	chr1	230844125	230844542	LTR/ERVL-MaLR	2245	+	208	230844333	85230
chr1	230759103	230959103	harbor1	chr1	230852799	230853255	LTR/ERVL-MaLR	1154	+	228	230853027	93924
chr1	230759103	230959103	harbor1	chr1	230783713	230785361	LTR/ERVL-MaLR	10279	+	824	230784537	25434
chr1	24195409	24395409	harbor1	chr1	24200111	24200471	LTR/ERVL-MaLR	2165	+	180	24200291	4882
chr1	24195409	24395409	harbor1	chr1	24212671	24213040	LTR/ERVL-MaLR	2214	+	184	24212855	17446
chr1	24195409	24395409	harbor1	chr1	24220919	24221333	LTR/ERVL-MaLR	655	+	207	24221126	25717
chr1	24195409	24395409	harbor1	chr1	24249219	24249670	LTR/ERVL-MaLR	494	+	226	24249445	54036
chr1	16544828	16744828	harbor1	chr1	16549687	16549813	LTR/ERVL-MaLR	601	+	63	16549750	4922
chr1	16544828	16744828	harbor1	chr1	16601299	16601923	LTR/ERVL-MaLR	1935	+	312	16601611	56783
chr1	16544828	16744828	harbor1	chr1	16605694	16605874	LTR/ERVL-MaLR	544	+	90	16605784	60956
chr1	13662918	13862918	harbor1	chr1	13692272	13692382	LTR/ERVL-MaLR	1482	+	55	13692327	29409
chr1	13662918	13862918	harbor1	chr1	13692516	13692794	LTR/ERVL-MaLR	1482	+	139	13692655	29737
chr1	13662918	13862918	harbor1	chr1	13693417	13693477	LTR/ERVL-MaLR	1482	+	30	13693447	30529
chr1	13662918	13862918	harbor1	chr1	13697624	13698098	LTR/ERVL-MaLR	1907	+	237	13697861	34943
chr1	2137893	2337893	harbor1	chr1	2199627	2199797	LTR/ERVL-MaLR	761	+	85	2199712	61819
chr1	2137893	2337893	harbor1	chr1	2200424	2200663	LTR/ERVL-MaLR	761	+	120	2200544	62651
chr1	16544915	16744915	harbor1	chr1	16549687	16549813	LTR/ERVL-MaLR	601	+	63	16549750	4835
chr1	16544915	16744915	harbor1	chr1	16601299	16601923	LTR/ERVL-MaLR	1935	+	312	16601611	56696
chr1	16544915	16744915	harbor1	chr1	16605694	16605874	LTR/ERVL-MaLR	544	+	90	16605784	60869
chr1	31972870	32172870	harbor1	chr1	31976440	31976759	LTR/ERVL-MaLR	828	+	160	31976600	3730
chr1	31972870	32172870	harbor1	chr1	31977359	31977494	LTR/ERVL-MaLR	828	+	68	31977427	4557
chr1	16544721	16744721	harbor1	chr1	16549687	16549813	LTR/ERVL-MaLR	601	+	63	16549750	5029
chr1	16544721	16744721	harbor1	chr1	16601299	16601923	LTR/ERVL-MaLR	1935	+	312	16601611	56890
chr1	16544721	16744721	harbor1	chr1	16605694	16605874	LTR/ERVL-MaLR	544	+	90	16605784	61063
chr1	205329484	205529484	harbor1	chr1	205331922	205332355	LTR/ERVL-MaLR	1827	+	216	205332138	2654
chr1	111713067	111913067	harbor1	chr1	111751822	111752304	LTR/ERVL-MaLR	759	+	241	111752063	38996
chr1	13672401	13872401	harbor1	chr1	13692272	13692382	LTR/ERVL-MaLR	1482	+	55	13692327	19926
chr1	13672401	13872401	harbor1	chr1	13692516	13692794	LTR/ERVL-MaLR	1482	+	139	13692655	20254
chr1	13672401	13872401	harbor1	chr1	13693417	13693477	LTR/ERVL-MaLR	1482	+	30	13693447	21046
chr1	13672401	13872401	harbor1	chr1	13697624	13698098	LTR/ERVL-MaLR	1907	+	237	13697861	25460
chr1	248592141	248792141	harbor1	chr1	248630746	248631181	LTR/ERVL-MaLR	1291	+	218	248630964	38823
chr1	248592141	248792141	harbor1	chr1	248671086	248671334	LTR/ERVL-MaLR	1104	+	124	248671210	79069
chr1	248592141	248792141	harbor1	chr1	248672107	248672220	LTR/ERVL-MaLR	535	+	56	248672163	80022
chr1	2138476	2338476	harbor1	chr1	2199627	2199797	LTR/ERVL-MaLR	761	+	85	2199712	61236
chr1	2138476	2338476	harbor1	chr1	2200424	2200663	LTR/ERVL-MaLR	761	+	120	2200544	62068
chr1	6685469	6885469	harbor1	chr1	6723372	6723800	LTR/ERVL-MaLR	1341	+	214	6723586	38117
chr1	6685469	6885469	harbor1	chr1	6727933	6728054	LTR/ERVL-MaLR	601	+	60	6727993	42524
chr1	6685469	6885469	harbor1	chr1	6728232	6728264	LTR/ERVL-MaLR	727	+	16	6728248	42779
chr1	6685469	6885469	harbor1	chr1	6728559	6728812	LTR/ERVL-MaLR	727	+	126	6728685	43216
chr1	6685469	6885469	harbor1	chr1	6731368	6731529	LTR/ERVL-MaLR	959	+	80	6731448	45979
chr1	6685469	6885469	harbor1	chr1	6737821	6738131	LTR/ERVL-MaLR	507	+	155	6737976	52507
chr1	6685469	6885469	harbor1	chr1	6748480	6748628	LTR/ERVL-MaLR	570	+	74	6748554	63085
chr1	6685469	6885469	harbor1	chr1	6748792	6749028	LTR/ERVL-MaLR	1494	+	118	6748910	63441
chr1	6685469	6885469	harbor1	chr1	6765629	6766007	LTR/ERVL-MaLR	2323	+	189	6765818	80349
chr1	6685469	6885469	harbor1	chr1	6769039	6769163	LTR/ERVL-MaLR	735	+	62	6769101	83632
chr1	6685469	6885469	harbor1	chr1	6776004	6776116	LTR/ERVL-MaLR	1672	+	56	6776060	90591
chr1	6685469	6885469	harbor1	chr1	6776392	6776760	LTR/ERVL-MaLR	1672	+	184	6776576	91107
chr1	244605833	244805833	harbor1	chr1	244613763	244614189	LTR/ERVL-MaLR	2489	+	213	244613976	8143
chr1	244605833	244805833	harbor1	chr1	244647360	244647825	LTR/ERVL-MaLR	1599	+	232	244647592	41759
chr1	244605833	244805833	harbor1	chr1	244649357	244649835	LTR/ERVL-MaLR	2036	+	239	244649596	43763
chr1	244605833	244805833	harbor1	chr1	244672179	244672539	LTR/ERVL-MaLR	2308	+	180	244672359	66526
chr1	244605833	244805833	harbor1	chr1	244700970	244701719	LTR/ERVL-MaLR	2607	+	374	244701344	95511
chr1	13686837	13886837	harbor1	chr1	13692272	13692382	LTR/ERVL-MaLR	1482	+	55	13692327	5490
chr1	13686837	13886837	harbor1	chr1	13692516	13692794	LTR/ERVL-MaLR	1482	+	139	13692655	5818
chr1	13686837	13886837	harbor1	chr1	13693417	13693477	LTR/ERVL-MaLR	1482	+	30	13693447	6610
chr1	13686837	13886837	harbor1	chr1	13697624	13698098	LTR/ERVL-MaLR	1907	+	237	13697861	11024
chr1	234508642	234708642	harbor1	chr1	234529068	234529636	LTR/ERVL-MaLR	2171	+	284	234529352	20710
chr1	234508642	234708642	harbor1	chr1	234556497	234556843	LTR/ERVL-MaLR	1642	+	173	234556670	48028
chr1	234508642	234708642	harbor1	chr1	234567021	234567404	LTR/ERVL-MaLR	1787	+	192	234567213	58571
chr1	234508642	234708642	harbor1	chr1	234595534	234595967	LTR/ERVL-MaLR	1864	+	216	234595750	87108
chr1	211033696	211233696	harbor1	chr1	211037763	211037958	LTR/ERVL-MaLR	2260	+	98	211037861	4165
chr1	211033696	211233696	harbor1	chr1	211038261	211038409	LTR/ERVL-MaLR	2260	+	74	211038335	4639
chr1	211033696	211233696	harbor1	chr1	211038410	211039907	LTR/ERVL-MaLR	11957	+	748	211039158	5462
chr1	211033696	211233696	harbor1	chr1	211040208	211040285	LTR/ERVL-MaLR	11957	+	38	211040246	6550
chr1	211033696	211233696	harbor1	chr1	211040286	211040631	LTR/ERVL-MaLR	2413	+	172	211040458	6762
chr1	211033696	211233696	harbor1	chr1	211117273	211117597	LTR/ERVL-MaLR	476	+	162	211117435	83739
chr1	24895890	25095890	harbor1	chr1	24938612	24938978	LTR/ERVL-MaLR	1630	+	183	24938795	42905
chr1	24895890	25095890	harbor1	chr1	24944436	24944969	LTR/ERVL-MaLR	2293	+	266	24944702	48812
chr1	24895890	25095890	harbor1	chr1	24979227	24979581	LTR/ERVL-MaLR	2489	+	177	24979404	83514
chr1	24895890	25095890	harbor1	chr1	24980410	24980826	LTR/ERVL-MaLR	591	+	208	24980618	84728
chr1	16545016	16745016	harbor1	chr1	16549687	16549813	LTR/ERVL-MaLR	601	+	63	16549750	4734
chr1	16545016	16745016	harbor1	chr1	16601299	16601923	LTR/ERVL-MaLR	1935	+	312	16601611	56595
chr1	16545016	16745016	harbor1	chr1	16605694	16605874	LTR/ERVL-MaLR	544	+	90	16605784	60768
chr1	16512786	16712786	harbor1	chr1	16549687	16549813	LTR/ERVL-MaLR	601	+	63	16549750	36964
chr1	16512786	16712786	harbor1	chr1	16601299	16601923	LTR/ERVL-MaLR	1935	+	312	16601611	88825
chr1	16512786	16712786	harbor1	chr1	16605694	16605874	LTR/ERVL-MaLR	544	+	90	16605784	92998
chr1	6351794	6551794	harbor1	chr1	6355989	6356211	LTR/ERVL-MaLR	638	+	111	6356100	4306
chr1	6351794	6551794	harbor1	chr1	6369959	6370366	LTR/ERVL-MaLR	2322	+	204	6370163	18369
chr1	148910670	149110670	harbor1	chr1	148932726	148933130	LTR/ERVL-MaLR	1993	+	202	148932928	22258
chr1	226307818	226507818	harbor1	chr1	226335283	226335596	LTR/ERVL-MaLR	1615	+	156	226335439	27621
chr1	226307818	226507818	harbor1	chr1	226337015	226337225	LTR/ERVL-MaLR	1051	+	105	226337120	29302
chr1	226307818	226507818	harbor1	chr1	226340128	226340482	LTR/ERVL-MaLR	2323	+	177	226340305	32487
chr1	226307818	226507818	harbor1	chr1	226340483	226341757	LTR/ERVL-MaLR	11896	+	637	226341120	33302
chr1	226307818	226507818	harbor1	chr1	226342053	226342298	LTR/ERVL-MaLR	11896	+	122	226342175	34357
chr1	226307818	226507818	harbor1	chr1	226342593	226342671	LTR/ERVL-MaLR	11896	+	39	226342632	34814
chr1	226307818	226507818	harbor1	chr1	226342672	226343023	LTR/ERVL-MaLR	1972	+	176	226342848	35030
chr1	226307818	226507818	harbor1	chr1	226397477	226397728	LTR/ERVL-MaLR	1371	+	126	226397603	89785
chr1	226307818	226507818	harbor1	chr1	226344934	226345287	LTR/ERVL-MaLR	2393	+	176	226345110	37292
chr1	54786918	54986918	harbor1	chr1	54858938	54859430	LTR/ERVL-MaLR	2365	+	246	54859184	72266
chr1	54786918	54986918	harbor1	chr1	54884807	54885080	LTR/ERVL-MaLR	1024	+	136	54884943	98025
chr1	2136208	2336208	harbor1	chr1	2199627	2199797	LTR/ERVL-MaLR	761	+	85	2199712	63504
chr1	2136208	2336208	harbor1	chr1	2200424	2200663	LTR/ERVL-MaLR	761	+	120	2200544	64336
chr1	54307464	54507464	harbor1	chr1	54347602	54347953	LTR/ERVL-MaLR	1344	+	176	54347778	40314
chr1	25330942	25530942	harbor1	chr1	25414761	25414977	LTR/ERVL-MaLR	848	+	108	25414869	83927
chr1	25330942	25530942	harbor1	chr1	25395143	25395517	LTR/ERVL-MaLR	526	+	187	25395330	64388
chr2	196073592	196273592	harbor1	chr2	196082510	196082865	LTR/ERVL-MaLR	2371	+	178	196082688	9096
chr2	196073592	196273592	harbor1	chr2	196084427	196084783	LTR/ERVL-MaLR	2144	+	178	196084605	11013
chr2	196073592	196273592	harbor1	chr2	196103196	196103651	LTR/ERVL-MaLR	1983	+	228	196103424	29832
chr2	196073592	196273592	harbor1	chr2	196112038	196112362	LTR/ERVL-MaLR	1115	+	162	196112200	38608
chr2	196073592	196273592	harbor1	chr2	196165047	196165366	LTR/ERVL-MaLR	1047	+	160	196165207	91615
chr2	196073592	196273592	harbor1	chr2	196082866	196084426	LTR/ERVL-MaLR	11036	+	780	196083646	10054
chr2	26950219	27150219	harbor1	chr2	26985687	26986056	LTR/ERVL-MaLR	826	+	184	26985871	35652
chr2	26950219	27150219	harbor1	chr2	27028397	27028496	LTR/ERVL-MaLR	1992	+	50	27028447	78228
chr2	26950219	27150219	harbor1	chr2	27028803	27028934	LTR/ERVL-MaLR	1992	+	66	27028869	78650
chr2	26950219	27150219	harbor1	chr2	27029230	27029518	LTR/ERVL-MaLR	1992	+	144	27029374	79155
chr2	26950219	27150219	harbor1	chr2	26968037	26968182	LTR/ERVL-MaLR	476	+	72	26968109	17890
chr2	26950237	27150237	harbor1	chr2	26985687	26986056	LTR/ERVL-MaLR	826	+	184	26985871	35634
chr2	26950237	27150237	harbor1	chr2	27028397	27028496	LTR/ERVL-MaLR	1992	+	50	27028447	78210
chr2	26950237	27150237	harbor1	chr2	27028803	27028934	LTR/ERVL-MaLR	1992	+	66	27028869	78632
chr2	26950237	27150237	harbor1	chr2	27029230	27029518	LTR/ERVL-MaLR	1992	+	144	27029374	79137
chr2	26950237	27150237	harbor1	chr2	26968037	26968182	LTR/ERVL-MaLR	476	+	72	26968109	17872
chr2	219058841	219258841	harbor1	chr2	219138884	219139079	LTR/ERVL-MaLR	1936	+	98	219138982	80141
chr2	219058841	219258841	harbor1	chr2	219139388	219139669	LTR/ERVL-MaLR	1936	+	140	219139528	80687
chr2	219058841	219258841	harbor1	chr2	219139979	219140039	LTR/ERVL-MaLR	1936	+	30	219140009	81168
chr2	219073554	219273554	harbor1	chr2	219138884	219139079	LTR/ERVL-MaLR	1936	+	98	219138982	65428
chr2	219073554	219273554	harbor1	chr2	219139388	219139669	LTR/ERVL-MaLR	1936	+	140	219139528	65974
chr2	219073554	219273554	harbor1	chr2	219139979	219140039	LTR/ERVL-MaLR	1936	+	30	219140009	66455
chr2	219073013	219273013	harbor1	chr2	219138884	219139079	LTR/ERVL-MaLR	1936	+	98	219138982	65969
chr2	219073013	219273013	harbor1	chr2	219139388	219139669	LTR/ERVL-MaLR	1936	+	140	219139528	66515
chr2	219073013	219273013	harbor1	chr2	219139979	219140039	LTR/ERVL-MaLR	1936	+	30	219140009	66996
chr2	86976337	87176337	harbor1	chr2	87002816	87003263	LTR/ERVL-MaLR	1316	+	224	87003040	26703
chr2	86976337	87176337	harbor1	chr2	87009392	87009739	LTR/ERVL-MaLR	1762	+	174	87009566	33229
chr2	53759964	53959964	harbor1	chr2	53828396	53828763	LTR/ERVL-MaLR	1214	+	184	53828580	68616
chr2	53759964	53959964	harbor1	chr2	53832491	53832802	LTR/ERVL-MaLR	592	+	156	53832647	72683
chr2	53759964	53959964	harbor1	chr2	53835893	53836306	LTR/ERVL-MaLR	2593	+	206	53836099	76135
chr2	53759964	53959964	harbor1	chr2	53839379	53839758	LTR/ERVL-MaLR	1841	+	190	53839569	79605
chr2	63488508	63688508	harbor1	chr2	63516516	63516766	LTR/ERVL-MaLR	916	+	125	63516641	28133
chr2	63488508	63688508	harbor1	chr2	63551265	63551658	LTR/ERVL-MaLR	2236	+	196	63551461	62953
chr2	63488508	63688508	harbor1	chr2	63563660	63563914	LTR/ERVL-MaLR	718	+	127	63563787	75279
chr2	63488508	63688508	harbor1	chr2	63579802	63580165	LTR/ERVL-MaLR	1526	+	182	63579984	91476
chr2	983577	1183577	harbor1	chr2	987298	987725	LTR/ERVL-MaLR	543	+	214	987512	3935
chr2	983577	1183577	harbor1	chr2	1041451	1041838	LTR/ERVL-MaLR	2010	+	194	1041645	58068
chr2	983577	1183577	harbor1	chr2	1051500	1051884	LTR/ERVL-MaLR	572	+	192	1051692	68115
chr2	15464442	15664442	harbor1	chr2	15471617	15471984	LTR/ERVL-MaLR	1345	+	184	15471801	7359
chr2	15464442	15664442	harbor1	chr2	15492935	15493301	LTR/ERVL-MaLR	1984	+	183	15493118	28676
chr2	15464442	15664442	harbor1	chr2	15498584	15498929	LTR/ERVL-MaLR	1676	+	172	15498756	34314
chr2	15464442	15664442	harbor1	chr2	15512412	15512870	LTR/ERVL-MaLR	1844	+	229	15512641	48199
chr2	15464442	15664442	harbor1	chr2	15499228	15499267	LTR/ERVL-MaLR	1676	+	20	15499248	34806
chr2	158868018	159068018	harbor1	chr2	158910818	158911107	LTR/ERVL-MaLR	1269	+	144	158910962	42944
chr2	158868018	159068018	harbor1	chr2	158911397	158911419	LTR/ERVL-MaLR	1269	+	11	158911408	43390
chr2	158868018	159068018	harbor1	chr2	158929915	158930303	LTR/ERVL-MaLR	2071	+	194	158930109	62091
chr2	158868018	159068018	harbor1	chr2	158931000	158931455	LTR/ERVL-MaLR	1046	+	228	158931228	63210
chr2	158868018	159068018	harbor1	chr2	158946839	158946936	LTR/ERVL-MaLR	1663	+	48	158946887	78869
chr2	158868018	159068018	harbor1	chr2	158946974	158947353	LTR/ERVL-MaLR	1663	+	190	158947164	79146
chr2	158868018	159068018	harbor1	chr2	158951895	158952261	LTR/ERVL-MaLR	891	+	183	158952078	84060
chr2	158868018	159068018	harbor1	chr2	158957048	158957334	LTR/ERVL-MaLR	994	+	143	158957191	89173
chr2	158868018	159068018	harbor1	chr2	158958534	158958969	LTR/ERVL-MaLR	480	+	218	158958752	90734
chr2	158868018	159068018	harbor1	chr2	158960317	158960696	LTR/ERVL-MaLR	642	+	190	158960507	92489
chr2	219073574	219273574	harbor1	chr2	219138884	219139079	LTR/ERVL-MaLR	1936	+	98	219138982	65408
chr2	219073574	219273574	harbor1	chr2	219139388	219139669	LTR/ERVL-MaLR	1936	+	140	219139528	65954
chr2	219073574	219273574	harbor1	chr2	219139979	219140039	LTR/ERVL-MaLR	1936	+	30	219140009	66435
chr2	85228519	85428519	harbor1	chr2	85293172	85293598	LTR/ERVL-MaLR	2750	+	213	85293385	64866
chr2	219070180	219270180	harbor1	chr2	219138884	219139079	LTR/ERVL-MaLR	1936	+	98	219138982	68802
chr2	219070180	219270180	harbor1	chr2	219139388	219139669	LTR/ERVL-MaLR	1936	+	140	219139528	69348
chr2	219070180	219270180	harbor1	chr2	219139979	219140039	LTR/ERVL-MaLR	1936	+	30	219140009	69829
chr2	219068681	219268681	harbor1	chr2	219138884	219139079	LTR/ERVL-MaLR	1936	+	98	219138982	70301
chr2	219068681	219268681	harbor1	chr2	219139388	219139669	LTR/ERVL-MaLR	1936	+	140	219139528	70847
chr2	219068681	219268681	harbor1	chr2	219139979	219140039	LTR/ERVL-MaLR	1936	+	30	219140009	71328
chr2	175979735	176179735	harbor1	chr2	175981070	175981421	LTR/ERVL-MaLR	969	+	176	175981246	1511
chr2	175979735	176179735	harbor1	chr2	175981752	175981945	LTR/ERVL-MaLR	941	+	96	175981848	2113
chr2	175979735	176179735	harbor1	chr2	175990120	175990539	LTR/ERVL-MaLR	2808	+	210	175990330	10595
chr2	175979735	176179735	harbor1	chr2	176008814	176009097	LTR/ERVL-MaLR	1903	+	142	176008956	29221
chr2	175979735	176179735	harbor1	chr2	176009421	176009782	LTR/ERVL-MaLR	1903	+	180	176009601	29866
chr2	175979735	176179735	harbor1	chr2	176042966	176043321	LTR/ERVL-MaLR	2236	+	178	176043144	63409
chr2	175979735	176179735	harbor1	chr2	176048831	176048982	LTR/ERVL-MaLR	1790	+	76	176048907	69172
chr2	175979735	176179735	harbor1	chr2	176049286	176049506	LTR/ERVL-MaLR	1790	+	110	176049396	69661
chr2	175979735	176179735	harbor1	chr2	176050013	176050222	LTR/ERVL-MaLR	592	+	104	176050117	70382
chr2	42069399	42269399	harbor1	chr2	42076372	42076838	LTR/ERVL-MaLR	806	+	233	42076605	7206
chr2	42069399	42269399	harbor1	chr2	42091417	42091789	LTR/ERVL-MaLR	1684	+	186	42091603	22204
chr2	42069399	42269399	harbor1	chr2	42099756	42100148	LTR/ERVL-MaLR	2082	+	196	42099952	30553
chr2	42069399	42269399	harbor1	chr2	42129731	42130167	LTR/ERVL-MaLR	2076	+	218	42129949	60550
chr2	42069399	42269399	harbor1	chr2	42137794	42137899	LTR/ERVL-MaLR	1165	+	52	42137846	68447
chr2	42069399	42269399	harbor1	chr2	42138204	42138664	LTR/ERVL-MaLR	1165	+	230	42138434	69035
chr2	42069399	42269399	harbor1	chr2	42150130	42150320	LTR/ERVL-MaLR	723	+	95	42150225	80826
chr2	42069399	42269399	harbor1	chr2	42151675	42152080	LTR/ERVL-MaLR	1282	+	202	42151877	82478
chr2	42069399	42269399	harbor1	chr2	42167626	42167782	LTR/ERVL-MaLR	746	+	78	42167704	98305
chr2	42033084	42233084	harbor1	chr2	42076372	42076838	LTR/ERVL-MaLR	806	+	233	42076605	43521
chr2	42033084	42233084	harbor1	chr2	42091417	42091789	LTR/ERVL-MaLR	1684	+	186	42091603	58519
chr2	42033084	42233084	harbor1	chr2	42099756	42100148	LTR/ERVL-MaLR	2082	+	196	42099952	66868
chr2	42033084	42233084	harbor1	chr2	42129731	42130167	LTR/ERVL-MaLR	2076	+	218	42129949	96865
chr2	26950242	27150242	harbor1	chr2	26985687	26986056	LTR/ERVL-MaLR	826	+	184	26985871	35629
chr2	26950242	27150242	harbor1	chr2	27028397	27028496	LTR/ERVL-MaLR	1992	+	50	27028447	78205
chr2	26950242	27150242	harbor1	chr2	27028803	27028934	LTR/ERVL-MaLR	1992	+	66	27028869	78627
chr2	26950242	27150242	harbor1	chr2	27029230	27029518	LTR/ERVL-MaLR	1992	+	144	27029374	79132
chr2	26950242	27150242	harbor1	chr2	26968037	26968182	LTR/ERVL-MaLR	476	+	72	26968109	17867
chr2	44988947	45188947	harbor1	chr2	44996285	44996407	LTR/ERVL-MaLR	495	+	61	44996346	7399
chr2	44988947	45188947	harbor1	chr2	45018866	45019163	LTR/ERVL-MaLR	607	+	148	45019014	30067
chr2	44988947	45188947	harbor1	chr2	45019538	45019589	LTR/ERVL-MaLR	2291	+	26	45019564	30617
chr2	44988947	45188947	harbor1	chr2	45019930	45020424	LTR/ERVL-MaLR	2291	+	247	45020177	31230
chr2	44988947	45188947	harbor1	chr2	45028316	45028813	LTR/ERVL-MaLR	822	+	248	45028564	39617
chr2	44988947	45188947	harbor1	chr2	45033343	45033673	LTR/ERVL-MaLR	1137	+	165	45033508	44561
chr2	44988947	45188947	harbor1	chr2	45057571	45057907	LTR/ERVL-MaLR	1252	+	168	45057739	68792
chr2	44988947	45188947	harbor1	chr2	45065602	45066067	LTR/ERVL-MaLR	2170	+	232	45065834	76887
chr2	44988947	45188947	harbor1	chr2	45073561	45073923	LTR/ERVL-MaLR	1815	+	181	45073742	84795
chr2	84760927	84960927	harbor1	chr2	84827590	84828055	LTR/ERVL-MaLR	2389	+	232	84827822	66895
chr2	84760927	84960927	harbor1	chr2	84831018	84831390	LTR/ERVL-MaLR	1760	+	186	84831204	70277
chr2	84760927	84960927	harbor1	chr2	84844165	84844518	LTR/ERVL-MaLR	2692	+	176	84844341	83414
chr2	84760927	84960927	harbor1	chr2	84852981	84853230	LTR/ERVL-MaLR	1227	+	124	84853105	92178
chr2	84760927	84960927	harbor1	chr2	84853603	84853746	LTR/ERVL-MaLR	1227	+	72	84853675	92748
chr2	84760927	84960927	harbor1	chr2	84856823	84857190	LTR/ERVL-MaLR	1408	+	184	84857007	96080
chr2	84760927	84960927	harbor1	chr2	84860217	84860590	LTR/ERVL-MaLR	1869	+	186	84860403	99476
chr2	113484040	113684040	harbor1	chr2	113556719	113556984	LTR/ERVL-MaLR	804	+	132	113556851	72811
chr2	113484040	113684040	harbor1	chr2	113578542	113578898	LTR/ERVL-MaLR	842	+	178	113578720	94680
chr2	85461791	85661791	harbor1	chr2	85479079	85479299	LTR/ERVL-MaLR	1489	+	110	85479189	17398
chr2	85461791	85661791	harbor1	chr2	85479604	85479846	LTR/ERVL-MaLR	1489	+	121	85479725	17934
chr2	31910614	32110614	harbor1	chr2	31913852	31914275	LTR/ERVL-MaLR	497	+	212	31914064	3450
chr2	31910614	32110614	harbor1	chr2	31914636	31914705	LTR/ERVL-MaLR	497	+	34	31914670	4056
chr2	31910614	32110614	harbor1	chr2	31915158	31915316	LTR/ERVL-MaLR	484	+	79	31915237	4623
chr2	31910614	32110614	harbor1	chr2	31921027	31921373	LTR/ERVL-MaLR	1439	+	173	31921200	10586
chr2	207648472	207848472	harbor1	chr2	207648080	207648485	LTR/ERVL-MaLR	2440	+	202	207648282	190
chr2	207648472	207848472	harbor1	chr2	207661885	207661969	LTR/ERVL-MaLR	1806	+	42	207661927	13455
chr2	207648472	207848472	harbor1	chr2	207662278	207662604	LTR/ERVL-MaLR	1806	+	163	207662441	13969
chr2	207648472	207848472	harbor1	chr2	207704402	207704589	LTR/ERVL-MaLR	471	+	94	207704496	56024
chr2	207648472	207848472	harbor1	chr2	207708444	207708625	LTR/ERVL-MaLR	717	+	90	207708534	60062
chr2	207648472	207848472	harbor1	chr2	207709245	207709344	LTR/ERVL-MaLR	717	+	50	207709295	60823
chr2	237867399	238067399	harbor1	chr2	237915902	237916156	LTR/ERVL-MaLR	556	+	127	237916029	48630
chr2	237867399	238067399	harbor1	chr2	237949210	237949563	LTR/ERVL-MaLR	2080	+	176	237949386	81987
chr2	237867399	238067399	harbor1	chr2	237950477	237950551	LTR/ERVL-MaLR	482	+	37	237950514	83115
chr2	237867399	238067399	harbor1	chr2	237956845	237957216	LTR/ERVL-MaLR	1153	+	186	237957031	89632
chr2	237867399	238067399	harbor1	chr2	237961574	237961950	LTR/ERVL-MaLR	1096	+	188	237961762	94363
chr2	71780774	71980774	harbor1	chr2	71806384	71806863	LTR/ERVL-MaLR	915	+	240	71806624	25850
chr2	71780774	71980774	harbor1	chr2	71847229	71847428	LTR/ERVL-MaLR	464	+	100	71847329	66555
chr2	71780774	71980774	harbor1	chr2	71855014	71855429	LTR/ERVL-MaLR	600	+	208	71855222	74448
chr2	71780774	71980774	harbor1	chr2	71869480	71869846	LTR/ERVL-MaLR	1636	+	183	71869663	88889
chr2	71780774	71980774	harbor1	chr2	71877272	71877448	LTR/ERVL-MaLR	792	+	88	71877360	96586
chr2	71780774	71980774	harbor1	chr2	71877761	71878008	LTR/ERVL-MaLR	792	+	124	71877885	97111
chr2	53759991	53959991	harbor1	chr2	53828396	53828763	LTR/ERVL-MaLR	1214	+	184	53828580	68589
chr2	53759991	53959991	harbor1	chr2	53832491	53832802	LTR/ERVL-MaLR	592	+	156	53832647	72656
chr2	53759991	53959991	harbor1	chr2	53835893	53836306	LTR/ERVL-MaLR	2593	+	206	53836099	76108
chr2	53759991	53959991	harbor1	chr2	53839379	53839758	LTR/ERVL-MaLR	1841	+	190	53839569	79578
chr2	113484101	113684101	harbor1	chr2	113556719	113556984	LTR/ERVL-MaLR	804	+	132	113556851	72750
chr2	113484101	113684101	harbor1	chr2	113578542	113578898	LTR/ERVL-MaLR	842	+	178	113578720	94619
chr2	113484028	113684028	harbor1	chr2	113556719	113556984	LTR/ERVL-MaLR	804	+	132	113556851	72823
chr2	113484028	113684028	harbor1	chr2	113578542	113578898	LTR/ERVL-MaLR	842	+	178	113578720	94692
chr2	219335190	219535190	harbor1	chr2	219339543	219339902	LTR/ERVL-MaLR	866	+	180	219339723	4533
chr2	219335190	219535190	harbor1	chr2	219382439	219382728	LTR/ERVL-MaLR	793	+	144	219382583	47393
chr2	47682917	47882917	harbor1	chr2	47709160	47709322	LTR/ERVL-MaLR	892	+	81	47709241	26324
chr2	47682917	47882917	harbor1	chr2	47709602	47709880	LTR/ERVL-MaLR	892	+	139	47709741	26824
chr2	47682917	47882917	harbor1	chr2	47746432	47746831	LTR/ERVL-MaLR	1976	+	200	47746632	63715
chr2	47682917	47882917	harbor1	chr2	47746832	47747312	LTR/ERVL-MaLR	9847	+	240	47747072	64155
chr2	47682917	47882917	harbor1	chr2	47747599	47747665	LTR/ERVL-MaLR	9847	+	33	47747632	64715
chr2	47682917	47882917	harbor1	chr2	47747975	47749000	LTR/ERVL-MaLR	9847	+	512	47748487	65570
chr2	47682917	47882917	harbor1	chr2	47770095	47770180	LTR/ERVL-MaLR	1550	+	42	47770137	87220
chr2	47682917	47882917	harbor1	chr2	47770477	47770752	LTR/ERVL-MaLR	1550	+	138	47770615	87698
chr2	46198512	46398512	harbor1	chr2	46206483	46206657	LTR/ERVL-MaLR	910	+	87	46206570	8058
chr2	46198512	46398512	harbor1	chr2	46206807	46207031	LTR/ERVL-MaLR	1070	+	112	46206919	8407
chr2	46198512	46398512	harbor1	chr2	46238753	46239112	LTR/ERVL-MaLR	1907	+	180	46238933	40421
chr2	46198512	46398512	harbor1	chr2	46258830	46259221	LTR/ERVL-MaLR	2496	+	196	46259026	60514
chr2	46198512	46398512	harbor1	chr2	46274651	46274913	LTR/ERVL-MaLR	855	+	131	46274782	76270
chr2	113484029	113684029	harbor1	chr2	113556719	113556984	LTR/ERVL-MaLR	804	+	132	113556851	72822
chr2	113484029	113684029	harbor1	chr2	113578542	113578898	LTR/ERVL-MaLR	842	+	178	113578720	94691
chr2	70453429	70653429	harbor1	chr2	70477490	70477890	LTR/ERVL-MaLR	1259	+	200	70477690	24261
chr2	70453429	70653429	harbor1	chr2	70481546	70482042	LTR/ERVL-MaLR	2348	+	248	70481794	28365
chr2	111955709	112155709	harbor1	chr2	112037085	112037429	LTR/ERVL-MaLR	1212	+	172	112037257	81548
chr2	219077883	219277883	harbor1	chr2	219138884	219139079	LTR/ERVL-MaLR	1936	+	98	219138982	61099
chr2	219077883	219277883	harbor1	chr2	219139388	219139669	LTR/ERVL-MaLR	1936	+	140	219139528	61645
chr2	219077883	219277883	harbor1	chr2	219139979	219140039	LTR/ERVL-MaLR	1936	+	30	219140009	62126
chr2	207668782	207868782	harbor1	chr2	207704402	207704589	LTR/ERVL-MaLR	471	+	94	207704496	35714
chr2	207668782	207868782	harbor1	chr2	207708444	207708625	LTR/ERVL-MaLR	717	+	90	207708534	39752
chr2	207668782	207868782	harbor1	chr2	207709245	207709344	LTR/ERVL-MaLR	717	+	50	207709295	40513
chr2	46198543	46398543	harbor1	chr2	46206483	46206657	LTR/ERVL-MaLR	910	+	87	46206570	8027
chr2	46198543	46398543	harbor1	chr2	46206807	46207031	LTR/ERVL-MaLR	1070	+	112	46206919	8376
chr2	46198543	46398543	harbor1	chr2	46238753	46239112	LTR/ERVL-MaLR	1907	+	180	46238933	40390
chr2	46198543	46398543	harbor1	chr2	46258830	46259221	LTR/ERVL-MaLR	2496	+	196	46259026	60483
chr2	46198543	46398543	harbor1	chr2	46274651	46274913	LTR/ERVL-MaLR	855	+	131	46274782	76239
chr2	27018955	27218955	harbor1	chr2	27028397	27028496	LTR/ERVL-MaLR	1992	+	50	27028447	9492
chr2	27018955	27218955	harbor1	chr2	27028803	27028934	LTR/ERVL-MaLR	1992	+	66	27028869	9914
chr2	27018955	27218955	harbor1	chr2	27029230	27029518	LTR/ERVL-MaLR	1992	+	144	27029374	10419
chr2	27018955	27218955	harbor1	chr2	27114413	27114921	LTR/ERVL-MaLR	823	+	254	27114667	95712
chr2	27018955	27218955	harbor1	chr2	27115035	27115095	LTR/ERVL-MaLR	823	+	30	27115065	96110
chr2	46198523	46398523	harbor1	chr2	46206483	46206657	LTR/ERVL-MaLR	910	+	87	46206570	8047
chr2	46198523	46398523	harbor1	chr2	46206807	46207031	LTR/ERVL-MaLR	1070	+	112	46206919	8396
chr2	46198523	46398523	harbor1	chr2	46238753	46239112	LTR/ERVL-MaLR	1907	+	180	46238933	40410
chr2	46198523	46398523	harbor1	chr2	46258830	46259221	LTR/ERVL-MaLR	2496	+	196	46259026	60503
chr2	46198523	46398523	harbor1	chr2	46274651	46274913	LTR/ERVL-MaLR	855	+	131	46274782	76259
chr2	26403762	26603762	harbor1	chr2	26469377	26469620	LTR/ERVL-MaLR	641	+	122	26469499	65737
chr2	113484023	113684023	harbor1	chr2	113556719	113556984	LTR/ERVL-MaLR	804	+	132	113556851	72828
chr2	113484023	113684023	harbor1	chr2	113578542	113578898	LTR/ERVL-MaLR	842	+	178	113578720	94697
chr2	86976362	87176362	harbor1	chr2	87002816	87003263	LTR/ERVL-MaLR	1316	+	224	87003040	26678
chr2	86976362	87176362	harbor1	chr2	87009392	87009739	LTR/ERVL-MaLR	1762	+	174	87009566	33204
chr2	26403771	26603771	harbor1	chr2	26469377	26469620	LTR/ERVL-MaLR	641	+	122	26469499	65728
chr2	129830912	130030912	harbor1	chr2	129830863	129831499	LTR/ERVL-MaLR	2147	+	318	129831181	269
chr2	129830912	130030912	harbor1	chr2	129831821	129832209	LTR/ERVL-MaLR	1621	+	194	129832015	1103
chr2	129830912	130030912	harbor1	chr2	129860823	129861253	LTR/ERVL-MaLR	684	+	215	129861038	30126
chr2	129830912	130030912	harbor1	chr2	129893212	129893358	LTR/ERVL-MaLR	578	+	73	129893285	62373
chr2	129830912	130030912	harbor1	chr2	129893791	129893922	LTR/ERVL-MaLR	499	+	66	129893857	62945
chr2	129830912	130030912	harbor1	chr2	129912166	129912309	LTR/ERVL-MaLR	444	+	72	129912238	81326
chr2	26950298	27150298	harbor1	chr2	26985687	26986056	LTR/ERVL-MaLR	826	+	184	26985871	35573
chr2	26950298	27150298	harbor1	chr2	27028397	27028496	LTR/ERVL-MaLR	1992	+	50	27028447	78149
chr2	26950298	27150298	harbor1	chr2	27028803	27028934	LTR/ERVL-MaLR	1992	+	66	27028869	78571
chr2	26950298	27150298	harbor1	chr2	27029230	27029518	LTR/ERVL-MaLR	1992	+	144	27029374	79076
chr2	26950298	27150298	harbor1	chr2	26968037	26968182	LTR/ERVL-MaLR	476	+	72	26968109	17811
chr2	130256054	130456054	harbor1	chr2	130307874	130308142	LTR/ERVL-MaLR	617	+	134	130308008	51954
chr2	130256054	130456054	harbor1	chr2	130333126	130333284	LTR/ERVL-MaLR	930	+	79	130333205	77151
chr2	130256054	130456054	harbor1	chr2	130333623	130333936	LTR/ERVL-MaLR	930	+	156	130333779	77725
chr2	130256054	130456054	harbor1	chr2	130333942	130334150	LTR/ERVL-MaLR	3738	+	104	130334046	77992
chr2	130256054	130456054	harbor1	chr2	130347510	130347843	LTR/ERVL-MaLR	1791	+	166	130347676	91622
chr2	130256054	130456054	harbor1	chr2	130334476	130335212	LTR/ERVL-MaLR	3738	+	368	130334844	78790
chr2	70771149	70971149	harbor1	chr2	70771189	70771731	LTR/ERVL-MaLR	1777	+	271	70771460	311
chr2	70771149	70971149	harbor1	chr2	70772358	70772730	LTR/ERVL-MaLR	1769	+	186	70772544	1395
chr2	70771149	70971149	harbor1	chr2	70773543	70773911	LTR/ERVL-MaLR	2404	+	184	70773727	2578
chr2	70771149	70971149	harbor1	chr2	70774347	70774943	LTR/ERVL-MaLR	3990	+	298	70774645	3496
chr2	70771149	70971149	harbor1	chr2	70775243	70776075	LTR/ERVL-MaLR	3990	+	416	70775659	4510
chr2	70771149	70971149	harbor1	chr2	70776087	70776438	LTR/ERVL-MaLR	1597	+	176	70776263	5114
chr2	70771149	70971149	harbor1	chr2	70832579	70832844	LTR/ERVL-MaLR	623	+	132	70832711	61562
chr2	70771149	70971149	harbor1	chr2	70849746	70849968	LTR/ERVL-MaLR	1164	+	111	70849857	78708
chr2	70771149	70971149	harbor1	chr2	70858868	70859280	LTR/ERVL-MaLR	2045	+	206	70859074	87925
chr2	70771149	70971149	harbor1	chr2	70860243	70860449	LTR/ERVL-MaLR	1103	+	103	70860346	89197
chr2	70771149	70971149	harbor1	chr2	70868990	70869317	LTR/ERVL-MaLR	1422	+	164	70869154	98005
chr2	70771149	70971149	harbor1	chr2	70869643	70869691	LTR/ERVL-MaLR	1422	+	24	70869667	98518
chr2	9945874	10145874	harbor1	chr2	10028133	10028309	LTR/ERVL-MaLR	590	+	88	10028221	82347
chr2	9945874	10145874	harbor1	chr2	10030269	10030620	LTR/ERVL-MaLR	1458	+	176	10030445	84571
chr2	30046187	30246187	harbor1	chr2	30101651	30102082	LTR/ERVL-MaLR	2145	+	216	30101867	55680
chr2	30046187	30246187	harbor1	chr2	30140988	30141344	LTR/ERVL-MaLR	1654	+	178	30141166	94979
chr2	30046187	30246187	harbor1	chr2	30097405	30097792	LTR/ERVL-MaLR	1237	+	194	30097599	51412
chr2	72971135	73171135	harbor1	chr2	72976966	72977344	LTR/ERVL-MaLR	678	+	189	72977155	6020
chr2	72971135	73171135	harbor1	chr2	73005928	73006277	LTR/ERVL-MaLR	447	+	174	73006102	34967
chr2	72971135	73171135	harbor1	chr2	73010117	73010620	LTR/ERVL-MaLR	1121	+	252	73010369	39234
chr2	72971135	73171135	harbor1	chr2	73029009	73029332	LTR/ERVL-MaLR	581	+	162	73029171	58036
chr2	72971135	73171135	harbor1	chr2	73031174	73031541	LTR/ERVL-MaLR	942	+	184	73031358	60223
chr2	72971135	73171135	harbor1	chr2	73047450	73047803	LTR/ERVL-MaLR	2335	+	176	73047626	76491
chr2	72971135	73171135	harbor1	chr2	73057646	73058002	LTR/ERVL-MaLR	2040	+	178	73057824	86689
chr2	72046074	72246074	harbor1	chr2	72050686	72050943	LTR/ERVL-MaLR	760	+	128	72050814	4740
chr2	72046074	72246074	harbor1	chr2	72053519	72053871	LTR/ERVL-MaLR	895	+	176	72053695	7621
chr2	72046074	72246074	harbor1	chr2	72070457	72070935	LTR/ERVL-MaLR	1847	+	239	72070696	24622
chr2	72046074	72246074	harbor1	chr2	72075494	72075844	LTR/ERVL-MaLR	468	+	175	72075669	29595
chr2	72046074	72246074	harbor1	chr2	72109198	72109763	LTR/ERVL-MaLR	1920	+	282	72109480	63406
chr2	152250414	152450414	harbor1	chr2	152250644	152251031	LTR/ERVL-MaLR	1188	+	194	152250838	424
chr2	152250414	152450414	harbor1	chr2	152267753	152268116	LTR/ERVL-MaLR	2012	+	182	152267935	17521
chr2	152250414	152450414	harbor1	chr2	152294241	152294635	LTR/ERVL-MaLR	628	+	197	152294438	44024
chr2	152250414	152450414	harbor1	chr2	152322588	152322821	LTR/ERVL-MaLR	835	+	116	152322704	72290
chr2	66333430	66533430	harbor1	chr2	66354895	66355094	LTR/ERVL-MaLR	549	+	100	66354995	21565
chr2	66333430	66533430	harbor1	chr2	66359822	66360163	LTR/ERVL-MaLR	1801	+	170	66359992	26562
chr2	66333430	66533430	harbor1	chr2	66360994	66361104	LTR/ERVL-MaLR	591	+	55	66361049	27619
chr2	66333430	66533430	harbor1	chr2	66373054	66373448	LTR/ERVL-MaLR	2170	+	197	66373251	39821
chr2	66333430	66533430	harbor1	chr2	66400050	66400389	LTR/ERVL-MaLR	1094	+	170	66400220	66790
chr2	59821692	60021692	harbor1	chr2	59839956	59840311	LTR/ERVL-MaLR	2538	+	178	59840134	18442
chr2	59821692	60021692	harbor1	chr2	59846341	59846570	LTR/ERVL-MaLR	609	+	114	59846455	24763
chr2	131392202	131592202	harbor1	chr2	131454482	131454965	LTR/ERVL-MaLR	1650	+	242	131454724	62522
chr2	131392202	131592202	harbor1	chr2	131466411	131466645	LTR/ERVL-MaLR	1184	+	117	131466528	74326
chr2	131392202	131592202	harbor1	chr2	131466913	131466953	LTR/ERVL-MaLR	1184	+	20	131466933	74731
chr2	131392202	131592202	harbor1	chr2	131472895	131473229	LTR/ERVL-MaLR	1106	+	167	131473062	80860
chr2	113177630	113377630	harbor1	chr2	113262609	113262967	LTR/ERVL-MaLR	1772	+	179	113262788	85158
chr2	22969090	23169090	harbor1	chr2	22974630	22975183	LTR/ERVL-MaLR	1721	+	276	22974906	5816
chr2	22969090	23169090	harbor1	chr2	22975183	22975667	LTR/ERVL-MaLR	1031	+	242	22975425	6335
chr2	22969090	23169090	harbor1	chr2	22997217	22997559	LTR/ERVL-MaLR	1227	+	171	22997388	28298
chr2	22969090	23169090	harbor1	chr2	23001437	23001652	LTR/ERVL-MaLR	2018	+	108	23001545	32455
chr2	22969090	23169090	harbor1	chr2	23002063	23002224	LTR/ERVL-MaLR	2018	+	80	23002143	33053
chr2	22969090	23169090	harbor1	chr2	23038054	23038430	LTR/ERVL-MaLR	1729	+	188	23038242	69152
chr2	22969090	23169090	harbor1	chr2	23043912	23044370	LTR/ERVL-MaLR	2373	+	229	23044141	75051
chr2	22969090	23169090	harbor1	chr2	23044867	23044938	LTR/ERVL-MaLR	2373	+	36	23044903	75813
chr2	22969090	23169090	harbor1	chr2	23052690	23053083	LTR/ERVL-MaLR	1742	+	196	23052886	83796
chr2	22969090	23169090	harbor1	chr2	23060212	23060660	LTR/ERVL-MaLR	1812	+	224	23060436	91346
chr2	22969090	23169090	harbor1	chr2	23065389	23065775	LTR/ERVL-MaLR	2306	+	193	23065582	96492
chr2	217888302	218088302	harbor1	chr2	217888499	217888860	LTR/ERVL-MaLR	2312	+	180	217888679	377
chr2	217888302	218088302	harbor1	chr2	217896271	217896668	LTR/ERVL-MaLR	1370	+	198	217896469	8167
chr2	217888302	218088302	harbor1	chr2	217897038	217897070	LTR/ERVL-MaLR	1370	+	16	217897054	8752
chr2	217888302	218088302	harbor1	chr2	217925924	217926301	LTR/ERVL-MaLR	2317	+	188	217926112	37810
chr2	217888302	218088302	harbor1	chr2	217969853	217970313	LTR/ERVL-MaLR	2017	+	230	217970083	81781
chr2	217888302	218088302	harbor1	chr2	217974869	217975403	LTR/ERVL-MaLR	2954	+	267	217975136	86834
chr2	217888302	218088302	harbor1	chr2	217981897	217982387	LTR/ERVL-MaLR	2954	+	245	217982142	93840
chr2	217888302	218088302	harbor1	chr2	217982691	217982764	LTR/ERVL-MaLR	2954	+	36	217982727	94425
chr2	21176381	21376381	harbor1	chr2	21192192	21192400	LTR/ERVL-MaLR	1262	+	104	21192296	15915
chr2	21176381	21376381	harbor1	chr2	21234623	21235154	LTR/ERVL-MaLR	1823	+	266	21234889	58508
chr2	26403748	26603748	harbor1	chr2	26469377	26469620	LTR/ERVL-MaLR	641	+	122	26469499	65751
chr2	151310331	151510331	harbor1	chr2	151385167	151385613	LTR/ERVL-MaLR	2263	+	223	151385390	75059
chr2	151310331	151510331	harbor1	chr2	151385917	151385981	LTR/ERVL-MaLR	2263	+	32	151385949	75618
chr2	237589573	237789573	harbor1	chr2	237606285	237606633	LTR/ERVL-MaLR	1498	+	174	237606459	16886
chr2	237589573	237789573	harbor1	chr2	237624955	237625289	LTR/ERVL-MaLR	1363	+	167	237625122	35549
chr2	237589573	237789573	harbor1	chr2	237646526	237646892	LTR/ERVL-MaLR	1373	+	183	237646709	57136
chr2	237589573	237789573	harbor1	chr2	237652846	237653219	LTR/ERVL-MaLR	2186	+	186	237653032	63459
chr2	237589573	237789573	harbor1	chr2	237663272	237663629	LTR/ERVL-MaLR	1772	+	178	237663450	73877
chr2	219077865	219277865	harbor1	chr2	219138884	219139079	LTR/ERVL-MaLR	1936	+	98	219138982	61117
chr2	219077865	219277865	harbor1	chr2	219139388	219139669	LTR/ERVL-MaLR	1936	+	140	219139528	61663
chr2	219077865	219277865	harbor1	chr2	219139979	219140039	LTR/ERVL-MaLR	1936	+	30	219140009	62144
chr2	218773740	218973740	harbor1	chr2	218787523	218787865	LTR/ERVL-MaLR	1407	+	171	218787694	13954
chr2	218773740	218973740	harbor1	chr2	218832885	218833506	LTR/ERVL-MaLR	2469	+	310	218833195	59455
chr2	218773740	218973740	harbor1	chr2	218833623	218833876	LTR/ERVL-MaLR	2469	+	126	218833749	60009
chr2	218773740	218973740	harbor1	chr2	218835430	218835990	LTR/ERVL-MaLR	1375	+	280	218835710	61970
chr2	56085032	56285032	harbor1	chr2	56126117	56126543	LTR/ERVL-MaLR	1323	+	213	56126330	41298
chr2	56085032	56285032	harbor1	chr2	56133558	56134023	LTR/ERVL-MaLR	2363	+	232	56133790	48758
chr2	56085032	56285032	harbor1	chr2	56180996	56181102	LTR/ERVL-MaLR	637	+	53	56181049	96017
chr2	56085032	56285032	harbor1	chr2	56181401	56181686	LTR/ERVL-MaLR	637	+	142	56181543	96511
chr2	46198453	46398453	harbor1	chr2	46206483	46206657	LTR/ERVL-MaLR	910	+	87	46206570	8117
chr2	46198453	46398453	harbor1	chr2	46206807	46207031	LTR/ERVL-MaLR	1070	+	112	46206919	8466
chr2	46198453	46398453	harbor1	chr2	46238753	46239112	LTR/ERVL-MaLR	1907	+	180	46238933	40480
chr2	46198453	46398453	harbor1	chr2	46258830	46259221	LTR/ERVL-MaLR	2496	+	196	46259026	60573
chr2	46198453	46398453	harbor1	chr2	46274651	46274913	LTR/ERVL-MaLR	855	+	131	46274782	76329
chr2	46198517	46398517	harbor1	chr2	46206483	46206657	LTR/ERVL-MaLR	910	+	87	46206570	8053
chr2	46198517	46398517	harbor1	chr2	46206807	46207031	LTR/ERVL-MaLR	1070	+	112	46206919	8402
chr2	46198517	46398517	harbor1	chr2	46238753	46239112	LTR/ERVL-MaLR	1907	+	180	46238933	40416
chr2	46198517	46398517	harbor1	chr2	46258830	46259221	LTR/ERVL-MaLR	2496	+	196	46259026	60509
chr2	46198517	46398517	harbor1	chr2	46274651	46274913	LTR/ERVL-MaLR	855	+	131	46274782	76265
chr2	113481247	113681247	harbor1	chr2	113556719	113556984	LTR/ERVL-MaLR	804	+	132	113556851	75604
chr2	113481247	113681247	harbor1	chr2	113578542	113578898	LTR/ERVL-MaLR	842	+	178	113578720	97473
chr2	219071902	219271902	harbor1	chr2	219138884	219139079	LTR/ERVL-MaLR	1936	+	98	219138982	67080
chr2	219071902	219271902	harbor1	chr2	219139388	219139669	LTR/ERVL-MaLR	1936	+	140	219139528	67626
chr2	219071902	219271902	harbor1	chr2	219139979	219140039	LTR/ERVL-MaLR	1936	+	30	219140009	68107
chr2	200971419	201171419	harbor1	chr2	200995331	200995880	LTR/ERVL-MaLR	1341	+	274	200995605	24186
chr2	200971419	201171419	harbor1	chr2	201000794	201000852	LTR/ERVL-MaLR	878	+	29	201000823	29404
chr2	200971419	201171419	harbor1	chr2	201001156	201001385	LTR/ERVL-MaLR	925	+	114	201001270	29851
chr2	200971419	201171419	harbor1	chr2	201060330	201060729	LTR/ERVL-MaLR	1152	+	200	201060530	89111
chr2	46198560	46398560	harbor1	chr2	46206483	46206657	LTR/ERVL-MaLR	910	+	87	46206570	8010
chr2	46198560	46398560	harbor1	chr2	46206807	46207031	LTR/ERVL-MaLR	1070	+	112	46206919	8359
chr2	46198560	46398560	harbor1	chr2	46238753	46239112	LTR/ERVL-MaLR	1907	+	180	46238933	40373
chr2	46198560	46398560	harbor1	chr2	46258830	46259221	LTR/ERVL-MaLR	2496	+	196	46259026	60466
chr2	46198560	46398560	harbor1	chr2	46274651	46274913	LTR/ERVL-MaLR	855	+	131	46274782	76222
chr2	72971209	73171209	harbor1	chr2	72976966	72977344	LTR/ERVL-MaLR	678	+	189	72977155	5946
chr2	72971209	73171209	harbor1	chr2	73005928	73006277	LTR/ERVL-MaLR	447	+	174	73006102	34893
chr2	72971209	73171209	harbor1	chr2	73010117	73010620	LTR/ERVL-MaLR	1121	+	252	73010369	39160
chr2	72971209	73171209	harbor1	chr2	73029009	73029332	LTR/ERVL-MaLR	581	+	162	73029171	57962
chr2	72971209	73171209	harbor1	chr2	73031174	73031541	LTR/ERVL-MaLR	942	+	184	73031358	60149
chr2	72971209	73171209	harbor1	chr2	73047450	73047803	LTR/ERVL-MaLR	2335	+	176	73047626	76417
chr2	72971209	73171209	harbor1	chr2	73057646	73058002	LTR/ERVL-MaLR	2040	+	178	73057824	86615
chr2	158791034	158991034	harbor1	chr2	158820631	158821045	LTR/ERVL-MaLR	2915	+	207	158820838	29804
chr2	26950213	27150213	harbor1	chr2	26985687	26986056	LTR/ERVL-MaLR	826	+	184	26985871	35658
chr2	26950213	27150213	harbor1	chr2	27028397	27028496	LTR/ERVL-MaLR	1992	+	50	27028447	78234
chr2	26950213	27150213	harbor1	chr2	27028803	27028934	LTR/ERVL-MaLR	1992	+	66	27028869	78656
chr2	26950213	27150213	harbor1	chr2	27029230	27029518	LTR/ERVL-MaLR	1992	+	144	27029374	79161
chr2	26950213	27150213	harbor1	chr2	26968037	26968182	LTR/ERVL-MaLR	476	+	72	26968109	17896
chr2	42971427	43171427	harbor1	chr2	42981299	42981461	LTR/ERVL-MaLR	635	+	81	42981380	9953
chr2	42971427	43171427	harbor1	chr2	42982838	42983089	LTR/ERVL-MaLR	553	+	126	42982964	11537
chr2	42971427	43171427	harbor1	chr2	42983738	42984009	LTR/ERVL-MaLR	725	+	136	42983874	12447
chr2	42971427	43171427	harbor1	chr2	42984206	42984462	LTR/ERVL-MaLR	1282	+	128	42984334	12907
chr2	42971427	43171427	harbor1	chr2	42984458	42984838	LTR/ERVL-MaLR	967	+	190	42984648	13221
chr2	42971427	43171427	harbor1	chr2	42984948	42985359	LTR/ERVL-MaLR	795	+	206	42985154	13727
chr2	42971427	43171427	harbor1	chr2	43003296	43003481	LTR/ERVL-MaLR	1735	+	92	43003388	31961
chr2	42971427	43171427	harbor1	chr2	43003793	43004008	LTR/ERVL-MaLR	1735	+	108	43003901	32474
chr2	42971427	43171427	harbor1	chr2	43010544	43010747	LTR/ERVL-MaLR	527	+	102	43010646	39219
chr2	42971427	43171427	harbor1	chr2	43010829	43011067	LTR/ERVL-MaLR	820	+	119	43010948	39521
chr2	42971427	43171427	harbor1	chr2	43011223	43011542	LTR/ERVL-MaLR	765	+	160	43011383	39956
chr2	42971427	43171427	harbor1	chr2	43013892	43014567	LTR/ERVL-MaLR	2096	+	338	43014230	42803
chr2	42971427	43171427	harbor1	chr2	43014569	43014936	LTR/ERVL-MaLR	1070	+	184	43014753	43326
chr2	42971427	43171427	harbor1	chr2	43016543	43016944	LTR/ERVL-MaLR	2234	+	200	43016743	45316
chr2	42971427	43171427	harbor1	chr2	43033147	43033606	LTR/ERVL-MaLR	1940	+	230	43033377	61950
chr2	72043426	72243426	harbor1	chr2	72050686	72050943	LTR/ERVL-MaLR	760	+	128	72050814	7388
chr2	72043426	72243426	harbor1	chr2	72053519	72053871	LTR/ERVL-MaLR	895	+	176	72053695	10269
chr2	72043426	72243426	harbor1	chr2	72070457	72070935	LTR/ERVL-MaLR	1847	+	239	72070696	27270
chr2	72043426	72243426	harbor1	chr2	72075494	72075844	LTR/ERVL-MaLR	468	+	175	72075669	32243
chr2	72043426	72243426	harbor1	chr2	72109198	72109763	LTR/ERVL-MaLR	1920	+	282	72109480	66054
chr2	231861900	232061900	harbor1	chr2	231893417	231893817	LTR/ERVL-MaLR	493	+	200	231893617	31717
chr2	231861900	232061900	harbor1	chr2	231895007	231895403	LTR/ERVL-MaLR	2622	+	198	231895205	33305
chr2	231861900	232061900	harbor1	chr2	231915605	231915697	LTR/ERVL-MaLR	480	+	46	231915651	53751
chr2	231861900	232061900	harbor1	chr2	231958336	231958703	LTR/ERVL-MaLR	1820	+	184	231958520	96620
chr2	156336151	156536151	harbor1	chr2	156347096	156347318	LTR/ERVL-MaLR	579	+	111	156347207	11056
chr2	156336151	156536151	harbor1	chr2	156376959	156377317	LTR/ERVL-MaLR	2052	+	179	156377138	40987
chr2	156336151	156536151	harbor1	chr2	156408814	156409247	LTR/ERVL-MaLR	1877	+	216	156409030	72879
chr2	72787358	72987358	harbor1	chr2	72795636	72795821	LTR/ERVL-MaLR	828	+	92	72795728	8370
chr2	72787358	72987358	harbor1	chr2	72834510	72834903	LTR/ERVL-MaLR	452	+	196	72834706	47348
chr2	72787358	72987358	harbor1	chr2	72873445	72873574	LTR/ERVL-MaLR	659	+	64	72873509	86151
chr2	1486893	1686893	harbor1	chr2	1498156	1498544	LTR/ERVL-MaLR	494	+	194	1498350	11457
chr2	1486893	1686893	harbor1	chr2	1501512	1501937	LTR/ERVL-MaLR	563	+	212	1501724	14831
chr2	1486893	1686893	harbor1	chr2	1518814	1519232	LTR/ERVL-MaLR	1438	+	209	1519023	32130
chr2	111023146	111223146	harbor1	chr2	111024206	111024629	LTR/ERVL-MaLR	1635	+	212	111024418	1272
chr2	111023146	111223146	harbor1	chr2	111045407	111045623	LTR/ERVL-MaLR	1582	+	108	111045515	22369
chr2	66131385	66331385	harbor1	chr2	66167421	66167810	LTR/ERVL-MaLR	641	+	194	66167615	36230
chr2	108438378	108638378	harbor1	chr2	108444796	108445203	LTR/ERVL-MaLR	1571	+	204	108445000	6622
chr2	108438378	108638378	harbor1	chr2	108460717	108461112	LTR/ERVL-MaLR	2234	+	198	108460915	22537
chr2	108438378	108638378	harbor1	chr2	108505370	108505854	LTR/ERVL-MaLR	1474	+	242	108505612	67234
chr2	108438378	108638378	harbor1	chr2	108518163	108518511	LTR/ERVL-MaLR	1879	+	174	108518337	79959
chr2	72787359	72987359	harbor1	chr2	72795636	72795821	LTR/ERVL-MaLR	828	+	92	72795728	8369
chr2	72787359	72987359	harbor1	chr2	72834510	72834903	LTR/ERVL-MaLR	452	+	196	72834706	47347
chr2	72787359	72987359	harbor1	chr2	72873445	72873574	LTR/ERVL-MaLR	659	+	64	72873509	86150
chr2	112640558	112840558	harbor1	chr2	112675136	112675326	LTR/ERVL-MaLR	1101	+	95	112675231	34673
chr2	112640558	112840558	harbor1	chr2	112676079	112676315	LTR/ERVL-MaLR	1554	+	118	112676197	35639
chr2	112640558	112840558	harbor1	chr2	112679413	112679962	LTR/ERVL-MaLR	1319	+	274	112679687	39129
chr2	112640558	112840558	harbor1	chr2	112682894	112682983	LTR/ERVL-MaLR	598	+	44	112682938	42380
chr2	112640558	112840558	harbor1	chr2	112683273	112683538	LTR/ERVL-MaLR	598	+	132	112683405	42847
chr2	112640558	112840558	harbor1	chr2	112707764	112707931	LTR/ERVL-MaLR	524	+	84	112707848	67290
chr2	112640558	112840558	harbor1	chr2	112733340	112733655	LTR/ERVL-MaLR	558	+	158	112733498	92940
chr2	113484018	113684018	harbor1	chr2	113556719	113556984	LTR/ERVL-MaLR	804	+	132	113556851	72833
chr2	113484018	113684018	harbor1	chr2	113578542	113578898	LTR/ERVL-MaLR	842	+	178	113578720	94702
chr2	69729666	69929666	harbor1	chr2	69738482	69739000	LTR/ERVL-MaLR	2130	+	259	69738741	9075
chr2	64294495	64494495	harbor1	chr2	64300220	64300594	LTR/ERVL-MaLR	543	+	187	64300407	5912
chr2	64294495	64494495	harbor1	chr2	64320801	64321171	LTR/ERVL-MaLR	1755	+	185	64320986	26491
chr2	64294495	64494495	harbor1	chr2	64332100	64332298	LTR/ERVL-MaLR	1044	+	99	64332199	37704
chr2	64294495	64494495	harbor1	chr2	64341994	64342413	LTR/ERVL-MaLR	2160	+	210	64342204	47709
chr2	64294495	64494495	harbor1	chr2	64344734	64344944	LTR/ERVL-MaLR	467	+	105	64344839	50344
chr2	64294495	64494495	harbor1	chr2	64380751	64381093	LTR/ERVL-MaLR	693	+	171	64380922	86427
chr2	2132316	2332316	harbor1	chr2	2134450	2134796	LTR/ERVL-MaLR	1270	+	173	2134623	2307
chr2	2132316	2332316	harbor1	chr2	2135123	2135487	LTR/ERVL-MaLR	2818	+	182	2135305	2989
chr2	2132316	2332316	harbor1	chr2	2215763	2216238	LTR/ERVL-MaLR	1923	+	238	2216001	83685
chr2	219060085	219260085	harbor1	chr2	219138884	219139079	LTR/ERVL-MaLR	1936	+	98	219138982	78897
chr2	219060085	219260085	harbor1	chr2	219139388	219139669	LTR/ERVL-MaLR	1936	+	140	219139528	79443
chr2	219060085	219260085	harbor1	chr2	219139979	219140039	LTR/ERVL-MaLR	1936	+	30	219140009	79924
chr2	43054951	43254951	harbor1	chr2	43090689	43091038	LTR/ERVL-MaLR	2316	+	174	43090863	35912
chr2	43054951	43254951	harbor1	chr2	43105264	43105653	LTR/ERVL-MaLR	1774	+	194	43105458	50507
chr2	43054951	43254951	harbor1	chr2	43138639	43138743	LTR/ERVL-MaLR	565	+	52	43138691	83740
chr2	43054951	43254951	harbor1	chr2	43139955	43140080	LTR/ERVL-MaLR	525	+	62	43140017	85066
chr2	204956154	205156154	harbor1	chr2	205006972	205007342	LTR/ERVL-MaLR	2255	+	185	205007157	51003
chr2	95924862	96124862	harbor1	chr2	95995198	95995592	LTR/ERVL-MaLR	2045	+	197	95995395	70533
chr2	95924862	96124862	harbor1	chr2	96003035	96003370	LTR/ERVL-MaLR	1394	+	168	96003203	78341
chr2	175979808	176179808	harbor1	chr2	175981070	175981421	LTR/ERVL-MaLR	969	+	176	175981246	1438
chr2	175979808	176179808	harbor1	chr2	175981752	175981945	LTR/ERVL-MaLR	941	+	96	175981848	2040
chr2	175979808	176179808	harbor1	chr2	175990120	175990539	LTR/ERVL-MaLR	2808	+	210	175990330	10522
chr2	175979808	176179808	harbor1	chr2	176008814	176009097	LTR/ERVL-MaLR	1903	+	142	176008956	29148
chr2	175979808	176179808	harbor1	chr2	176009421	176009782	LTR/ERVL-MaLR	1903	+	180	176009601	29793
chr2	175979808	176179808	harbor1	chr2	176042966	176043321	LTR/ERVL-MaLR	2236	+	178	176043144	63336
chr2	175979808	176179808	harbor1	chr2	176048831	176048982	LTR/ERVL-MaLR	1790	+	76	176048907	69099
chr2	175979808	176179808	harbor1	chr2	176049286	176049506	LTR/ERVL-MaLR	1790	+	110	176049396	69588
chr2	175979808	176179808	harbor1	chr2	176050013	176050222	LTR/ERVL-MaLR	592	+	104	176050117	70309
chr2	89546776	89746776	harbor1	chr2	89551660	89552024	LTR/ERVL-MaLR	1654	+	182	89551842	5066
chr2	89546776	89746776	harbor1	chr2	89555001	89555315	LTR/ERVL-MaLR	689	+	157	89555158	8382
chr2	89546776	89746776	harbor1	chr2	89556554	89557002	LTR/ERVL-MaLR	897	+	224	89556778	10002
chr2	89546776	89746776	harbor1	chr2	89560507	89561089	LTR/ERVL-MaLR	745	+	291	89560798	14022
chr2	89546776	89746776	harbor1	chr2	89566508	89566907	LTR/ERVL-MaLR	2057	+	200	89566708	19932
chr2	89546776	89746776	harbor1	chr2	89593810	89594192	LTR/ERVL-MaLR	1657	+	191	89594001	47225
chr2	89546776	89746776	harbor1	chr2	89596389	89596749	LTR/ERVL-MaLR	517	+	180	89596569	49793
chr2	89546776	89746776	harbor1	chr2	89606314	89606418	LTR/ERVL-MaLR	561	+	52	89606366	59590
chr2	11244853	11444853	harbor1	chr2	11256181	11256559	LTR/ERVL-MaLR	2077	+	189	11256370	11517
chr2	11244853	11444853	harbor1	chr2	11262429	11262785	LTR/ERVL-MaLR	2282	+	178	11262607	17754
chr2	11244853	11444853	harbor1	chr2	11292763	11293104	LTR/ERVL-MaLR	1830	+	170	11292933	48080
chr2	11244853	11444853	harbor1	chr2	11321834	11322192	LTR/ERVL-MaLR	1999	+	179	11322013	77160
chr2	239594717	239794717	harbor1	chr2	239595968	239596183	LTR/ERVL-MaLR	1623	+	108	239596076	1359
chr2	239594717	239794717	harbor1	chr2	239596646	239596905	LTR/ERVL-MaLR	1623	+	130	239596776	2059
chr2	239594717	239794717	harbor1	chr2	239597491	239597894	LTR/ERVL-MaLR	2257	+	202	239597693	2976
chr2	239594717	239794717	harbor1	chr2	239603606	239603917	LTR/ERVL-MaLR	1071	+	156	239603762	9045
chr2	239594717	239794717	harbor1	chr2	239604103	239604381	LTR/ERVL-MaLR	1083	+	139	239604242	9525
chr2	239594717	239794717	harbor1	chr2	239615235	239615420	LTR/ERVL-MaLR	597	+	92	239615327	20610
chr2	239594717	239794717	harbor1	chr2	239615514	239615643	LTR/ERVL-MaLR	459	+	64	239615578	20861
chr2	239594717	239794717	harbor1	chr2	239625094	239625399	LTR/ERVL-MaLR	1575	+	152	239625246	30529
chr2	239594717	239794717	harbor1	chr2	239635748	239636016	LTR/ERVL-MaLR	1198	+	134	239635882	41165
chr2	239594717	239794717	harbor1	chr2	239636492	239636675	LTR/ERVL-MaLR	733	+	92	239636584	41867
chr2	219060809	219260809	harbor1	chr2	219138884	219139079	LTR/ERVL-MaLR	1936	+	98	219138982	78173
chr2	219060809	219260809	harbor1	chr2	219139388	219139669	LTR/ERVL-MaLR	1936	+	140	219139528	78719
chr2	219060809	219260809	harbor1	chr2	219139979	219140039	LTR/ERVL-MaLR	1936	+	30	219140009	79200
chr2	119120408	119320408	harbor1	chr2	119164025	119164215	LTR/ERVL-MaLR	629	+	95	119164120	43712
chr2	119120408	119320408	harbor1	chr2	119172942	119173326	LTR/ERVL-MaLR	1562	+	192	119173134	52726
chr2	119120408	119320408	harbor1	chr2	119179858	119180193	LTR/ERVL-MaLR	1216	+	168	119180026	59618
chr2	119120408	119320408	harbor1	chr2	119189451	119189834	LTR/ERVL-MaLR	1861	+	192	119189643	69235
chr2	60966422	61166422	harbor1	chr2	61042950	61043214	LTR/ERVL-MaLR	1269	+	132	61043082	76660
chr2	60966422	61166422	harbor1	chr2	61060811	61060909	LTR/ERVL-MaLR	471	+	49	61060860	94438
chr2	60966422	61166422	harbor1	chr2	61061213	61061325	LTR/ERVL-MaLR	471	+	56	61061269	94847
chr2	237867415	238067415	harbor1	chr2	237915902	237916156	LTR/ERVL-MaLR	556	+	127	237916029	48614
chr2	237867415	238067415	harbor1	chr2	237949210	237949563	LTR/ERVL-MaLR	2080	+	176	237949386	81971
chr2	237867415	238067415	harbor1	chr2	237950477	237950551	LTR/ERVL-MaLR	482	+	37	237950514	83099
chr2	237867415	238067415	harbor1	chr2	237956845	237957216	LTR/ERVL-MaLR	1153	+	186	237957031	89616
chr2	237867415	238067415	harbor1	chr2	237961574	237961950	LTR/ERVL-MaLR	1096	+	188	237961762	94347
chr2	61805680	62005680	harbor1	chr2	61809621	61810185	LTR/ERVL-MaLR	1581	+	282	61809903	4223
chr2	61805680	62005680	harbor1	chr2	61862742	61862911	LTR/ERVL-MaLR	602	+	84	61862826	57146
chr2	61805680	62005680	harbor1	chr2	61896160	61896246	LTR/ERVL-MaLR	593	+	43	61896203	90523
chr2	70771714	70971714	harbor1	chr2	70771189	70771731	LTR/ERVL-MaLR	1777	+	271	70771460	254
chr2	70771714	70971714	harbor1	chr2	70772358	70772730	LTR/ERVL-MaLR	1769	+	186	70772544	830
chr2	70771714	70971714	harbor1	chr2	70773543	70773911	LTR/ERVL-MaLR	2404	+	184	70773727	2013
chr2	70771714	70971714	harbor1	chr2	70774347	70774943	LTR/ERVL-MaLR	3990	+	298	70774645	2931
chr2	70771714	70971714	harbor1	chr2	70775243	70776075	LTR/ERVL-MaLR	3990	+	416	70775659	3945
chr2	70771714	70971714	harbor1	chr2	70776087	70776438	LTR/ERVL-MaLR	1597	+	176	70776263	4549
chr2	70771714	70971714	harbor1	chr2	70832579	70832844	LTR/ERVL-MaLR	623	+	132	70832711	60997
chr2	70771714	70971714	harbor1	chr2	70849746	70849968	LTR/ERVL-MaLR	1164	+	111	70849857	78143
chr2	70771714	70971714	harbor1	chr2	70858868	70859280	LTR/ERVL-MaLR	2045	+	206	70859074	87360
chr2	70771714	70971714	harbor1	chr2	70860243	70860449	LTR/ERVL-MaLR	1103	+	103	70860346	88632
chr2	70771714	70971714	harbor1	chr2	70868990	70869317	LTR/ERVL-MaLR	1422	+	164	70869154	97440
chr2	70771714	70971714	harbor1	chr2	70869643	70869691	LTR/ERVL-MaLR	1422	+	24	70869667	97953
chr2	232203322	232403322	harbor1	chr2	232296439	232296797	LTR/ERVL-MaLR	2682	+	179	232296618	93296
chr2	218914258	219114258	harbor1	chr2	218921795	218922211	LTR/ERVL-MaLR	2539	+	208	218922003	7745
chr2	218914258	219114258	harbor1	chr2	218927058	218927213	LTR/ERVL-MaLR	449	+	78	218927136	12878
chr2	218914258	219114258	harbor1	chr2	218928272	218928688	LTR/ERVL-MaLR	1136	+	208	218928480	14222
chr2	218914258	219114258	harbor1	chr2	218932832	218933113	LTR/ERVL-MaLR	1048	+	140	218932972	18714
chr2	218914258	219114258	harbor1	chr2	218933144	218933167	LTR/ERVL-MaLR	1048	+	12	218933156	18898
chr2	218914258	219114258	harbor1	chr2	218937691	218937973	LTR/ERVL-MaLR	1002	+	141	218937832	23574
chr2	218914258	219114258	harbor1	chr2	218939462	218939921	LTR/ERVL-MaLR	1550	+	230	218939692	25434
chr2	218914258	219114258	harbor1	chr2	219011852	219012229	LTR/ERVL-MaLR	1790	+	188	219012040	97782
chr2	53759983	53959983	harbor1	chr2	53828396	53828763	LTR/ERVL-MaLR	1214	+	184	53828580	68597
chr2	53759983	53959983	harbor1	chr2	53832491	53832802	LTR/ERVL-MaLR	592	+	156	53832647	72664
chr2	53759983	53959983	harbor1	chr2	53835893	53836306	LTR/ERVL-MaLR	2593	+	206	53836099	76116
chr2	53759983	53959983	harbor1	chr2	53839379	53839758	LTR/ERVL-MaLR	1841	+	190	53839569	79586
chr2	42069583	42269583	harbor1	chr2	42076372	42076838	LTR/ERVL-MaLR	806	+	233	42076605	7022
chr2	42069583	42269583	harbor1	chr2	42091417	42091789	LTR/ERVL-MaLR	1684	+	186	42091603	22020
chr2	42069583	42269583	harbor1	chr2	42099756	42100148	LTR/ERVL-MaLR	2082	+	196	42099952	30369
chr2	42069583	42269583	harbor1	chr2	42129731	42130167	LTR/ERVL-MaLR	2076	+	218	42129949	60366
chr2	42069583	42269583	harbor1	chr2	42137794	42137899	LTR/ERVL-MaLR	1165	+	52	42137846	68263
chr2	42069583	42269583	harbor1	chr2	42138204	42138664	LTR/ERVL-MaLR	1165	+	230	42138434	68851
chr2	42069583	42269583	harbor1	chr2	42150130	42150320	LTR/ERVL-MaLR	723	+	95	42150225	80642
chr2	42069583	42269583	harbor1	chr2	42151675	42152080	LTR/ERVL-MaLR	1282	+	202	42151877	82294
chr2	42069583	42269583	harbor1	chr2	42167626	42167782	LTR/ERVL-MaLR	746	+	78	42167704	98121
chr2	158868003	159068003	harbor1	chr2	158910818	158911107	LTR/ERVL-MaLR	1269	+	144	158910962	42959
chr2	158868003	159068003	harbor1	chr2	158911397	158911419	LTR/ERVL-MaLR	1269	+	11	158911408	43405
chr2	158868003	159068003	harbor1	chr2	158929915	158930303	LTR/ERVL-MaLR	2071	+	194	158930109	62106
chr2	158868003	159068003	harbor1	chr2	158931000	158931455	LTR/ERVL-MaLR	1046	+	228	158931228	63225
chr2	158868003	159068003	harbor1	chr2	158946839	158946936	LTR/ERVL-MaLR	1663	+	48	158946887	78884
chr2	158868003	159068003	harbor1	chr2	158946974	158947353	LTR/ERVL-MaLR	1663	+	190	158947164	79161
chr2	158868003	159068003	harbor1	chr2	158951895	158952261	LTR/ERVL-MaLR	891	+	183	158952078	84075
chr2	158868003	159068003	harbor1	chr2	158957048	158957334	LTR/ERVL-MaLR	994	+	143	158957191	89188
chr2	158868003	159068003	harbor1	chr2	158958534	158958969	LTR/ERVL-MaLR	480	+	218	158958752	90749
chr2	158868003	159068003	harbor1	chr2	158960317	158960696	LTR/ERVL-MaLR	642	+	190	158960507	92504
chr2	43126586	43326586	harbor1	chr2	43138639	43138743	LTR/ERVL-MaLR	565	+	52	43138691	12105
chr2	43126586	43326586	harbor1	chr2	43139955	43140080	LTR/ERVL-MaLR	525	+	62	43140017	13431
chr2	97589114	97789114	harbor1	chr2	97593203	97593597	LTR/ERVL-MaLR	1968	+	197	97593400	4286
chr2	97589114	97789114	harbor1	chr2	97603497	97604023	LTR/ERVL-MaLR	868	+	263	97603760	14646
chr2	97589114	97789114	harbor1	chr2	97609215	97609686	LTR/ERVL-MaLR	1406	+	236	97609451	20337
chr2	97589114	97789114	harbor1	chr2	97639841	97640281	LTR/ERVL-MaLR	1112	+	220	97640061	50947
chr2	97589114	97789114	harbor1	chr2	97649735	97650151	LTR/ERVL-MaLR	1691	+	208	97649943	60829
chr2	97589114	97789114	harbor1	chr2	97650448	97650517	LTR/ERVL-MaLR	1691	+	34	97650482	61368
chr2	97589114	97789114	harbor1	chr2	97668257	97668590	LTR/ERVL-MaLR	1390	+	166	97668423	79309
chr2	72971106	73171106	harbor1	chr2	72976966	72977344	LTR/ERVL-MaLR	678	+	189	72977155	6049
chr2	72971106	73171106	harbor1	chr2	73005928	73006277	LTR/ERVL-MaLR	447	+	174	73006102	34996
chr2	72971106	73171106	harbor1	chr2	73010117	73010620	LTR/ERVL-MaLR	1121	+	252	73010369	39263
chr2	72971106	73171106	harbor1	chr2	73029009	73029332	LTR/ERVL-MaLR	581	+	162	73029171	58065
chr2	72971106	73171106	harbor1	chr2	73031174	73031541	LTR/ERVL-MaLR	942	+	184	73031358	60252
chr2	72971106	73171106	harbor1	chr2	73047450	73047803	LTR/ERVL-MaLR	2335	+	176	73047626	76520
chr2	72971106	73171106	harbor1	chr2	73057646	73058002	LTR/ERVL-MaLR	2040	+	178	73057824	86718
chr2	26957504	27157504	harbor1	chr2	26985687	26986056	LTR/ERVL-MaLR	826	+	184	26985871	28367
chr2	26957504	27157504	harbor1	chr2	27028397	27028496	LTR/ERVL-MaLR	1992	+	50	27028447	70943
chr2	26957504	27157504	harbor1	chr2	27028803	27028934	LTR/ERVL-MaLR	1992	+	66	27028869	71365
chr2	26957504	27157504	harbor1	chr2	27029230	27029518	LTR/ERVL-MaLR	1992	+	144	27029374	71870
chr2	26957504	27157504	harbor1	chr2	26968037	26968182	LTR/ERVL-MaLR	476	+	72	26968109	10605
chr2	43055485	43255485	harbor1	chr2	43090689	43091038	LTR/ERVL-MaLR	2316	+	174	43090863	35378
chr2	43055485	43255485	harbor1	chr2	43105264	43105653	LTR/ERVL-MaLR	1774	+	194	43105458	49973
chr2	43055485	43255485	harbor1	chr2	43138639	43138743	LTR/ERVL-MaLR	565	+	52	43138691	83206
chr2	43055485	43255485	harbor1	chr2	43139955	43140080	LTR/ERVL-MaLR	525	+	62	43140017	84532
chr2	46198514	46398514	harbor1	chr2	46206483	46206657	LTR/ERVL-MaLR	910	+	87	46206570	8056
chr2	46198514	46398514	harbor1	chr2	46206807	46207031	LTR/ERVL-MaLR	1070	+	112	46206919	8405
chr2	46198514	46398514	harbor1	chr2	46238753	46239112	LTR/ERVL-MaLR	1907	+	180	46238933	40419
chr2	46198514	46398514	harbor1	chr2	46258830	46259221	LTR/ERVL-MaLR	2496	+	196	46259026	60512
chr2	46198514	46398514	harbor1	chr2	46274651	46274913	LTR/ERVL-MaLR	855	+	131	46274782	76268
chr2	983530	1183530	harbor1	chr2	987298	987725	LTR/ERVL-MaLR	543	+	214	987512	3982
chr2	983530	1183530	harbor1	chr2	1041451	1041838	LTR/ERVL-MaLR	2010	+	194	1041645	58115
chr2	983530	1183530	harbor1	chr2	1051500	1051884	LTR/ERVL-MaLR	572	+	192	1051692	68162
chr2	42069420	42269420	harbor1	chr2	42076372	42076838	LTR/ERVL-MaLR	806	+	233	42076605	7185
chr2	42069420	42269420	harbor1	chr2	42091417	42091789	LTR/ERVL-MaLR	1684	+	186	42091603	22183
chr2	42069420	42269420	harbor1	chr2	42099756	42100148	LTR/ERVL-MaLR	2082	+	196	42099952	30532
chr2	42069420	42269420	harbor1	chr2	42129731	42130167	LTR/ERVL-MaLR	2076	+	218	42129949	60529
chr2	42069420	42269420	harbor1	chr2	42137794	42137899	LTR/ERVL-MaLR	1165	+	52	42137846	68426
chr2	42069420	42269420	harbor1	chr2	42138204	42138664	LTR/ERVL-MaLR	1165	+	230	42138434	69014
chr2	42069420	42269420	harbor1	chr2	42150130	42150320	LTR/ERVL-MaLR	723	+	95	42150225	80805
chr2	42069420	42269420	harbor1	chr2	42151675	42152080	LTR/ERVL-MaLR	1282	+	202	42151877	82457
chr2	42069420	42269420	harbor1	chr2	42167626	42167782	LTR/ERVL-MaLR	746	+	78	42167704	98284
chr2	43118487	43318487	harbor1	chr2	43138639	43138743	LTR/ERVL-MaLR	565	+	52	43138691	20204
chr2	43118487	43318487	harbor1	chr2	43139955	43140080	LTR/ERVL-MaLR	525	+	62	43140017	21530
chr2	60966462	61166462	harbor1	chr2	61042950	61043214	LTR/ERVL-MaLR	1269	+	132	61043082	76620
chr2	60966462	61166462	harbor1	chr2	61060811	61060909	LTR/ERVL-MaLR	471	+	49	61060860	94398
chr2	60966462	61166462	harbor1	chr2	61061213	61061325	LTR/ERVL-MaLR	471	+	56	61061269	94807
chr2	72856127	73056127	harbor1	chr2	72873445	72873574	LTR/ERVL-MaLR	659	+	64	72873509	17382
chr2	72856127	73056127	harbor1	chr2	72903055	72903459	LTR/ERVL-MaLR	2459	+	202	72903257	47130
chr2	236586213	236786213	harbor1	chr2	236586488	236586906	LTR/ERVL-MaLR	1817	+	209	236586697	484
chr2	236586213	236786213	harbor1	chr2	236634872	236635130	LTR/ERVL-MaLR	700	+	129	236635001	48788
chr2	236586213	236786213	harbor1	chr2	236644017	236644178	LTR/ERVL-MaLR	963	+	80	236644097	57884
chr2	236586213	236786213	harbor1	chr2	236644179	236644459	LTR/ERVL-MaLR	643	+	140	236644319	58106
chr2	236586213	236786213	harbor1	chr2	236671355	236671737	LTR/ERVL-MaLR	1126	+	191	236671546	85333
chr2	236586213	236786213	harbor1	chr2	236666407	236666914	LTR/ERVL-MaLR	2001	+	254	236666661	80448
chr2	217614103	217814103	harbor1	chr2	217627008	217627341	LTR/ERVL-MaLR	866	+	166	217627174	13071
chr2	217614103	217814103	harbor1	chr2	217648541	217648640	LTR/ERVL-MaLR	2220	+	50	217648591	34488
chr2	217614103	217814103	harbor1	chr2	217648950	217649251	LTR/ERVL-MaLR	2220	+	150	217649100	34997
chr2	217614103	217814103	harbor1	chr2	217649253	217649592	LTR/ERVL-MaLR	1122	+	170	217649423	35320
chr2	217614103	217814103	harbor1	chr2	217650328	217650740	LTR/ERVL-MaLR	1128	+	206	217650534	36431
chr2	217614103	217814103	harbor1	chr2	217678514	217679025	LTR/ERVL-MaLR	2302	+	256	217678770	64667
chr2	217614103	217814103	harbor1	chr2	217691032	217691451	LTR/ERVL-MaLR	2611	+	210	217691242	77139
chr2	217614103	217814103	harbor1	chr2	217700429	217700789	LTR/ERVL-MaLR	2257	+	180	217700609	86506
chr2	160393135	160593135	harbor1	chr2	160411086	160411481	LTR/ERVL-MaLR	763	+	198	160411284	18149
chr2	160393135	160593135	harbor1	chr2	160429757	160430320	LTR/ERVL-MaLR	839	+	282	160430039	36904
chr2	160393135	160593135	harbor1	chr2	160436156	160436568	LTR/ERVL-MaLR	591	+	206	160436362	43227
chr2	160393135	160593135	harbor1	chr2	160443357	160443788	LTR/ERVL-MaLR	2634	+	216	160443573	50438
chr2	160393135	160593135	harbor1	chr2	160444617	160445015	LTR/ERVL-MaLR	1382	+	199	160444816	51681
chr2	94934942	95134942	harbor1	chr2	94939971	94940341	LTR/ERVL-MaLR	1298	+	185	94940156	5214
chr2	94934942	95134942	harbor1	chr2	94997693	94997944	LTR/ERVL-MaLR	752	+	126	94997819	62877
chr2	94934942	95134942	harbor1	chr2	95021464	95021828	LTR/ERVL-MaLR	2132	+	182	95021646	86704
chr2	97564374	97764374	harbor1	chr2	97593203	97593597	LTR/ERVL-MaLR	1968	+	197	97593400	29026
chr2	97564374	97764374	harbor1	chr2	97603497	97604023	LTR/ERVL-MaLR	868	+	263	97603760	39386
chr2	97564374	97764374	harbor1	chr2	97609215	97609686	LTR/ERVL-MaLR	1406	+	236	97609451	45077
chr2	97564374	97764374	harbor1	chr2	97639841	97640281	LTR/ERVL-MaLR	1112	+	220	97640061	75687
chr2	97564374	97764374	harbor1	chr2	97649735	97650151	LTR/ERVL-MaLR	1691	+	208	97649943	85569
chr2	97564374	97764374	harbor1	chr2	97650448	97650517	LTR/ERVL-MaLR	1691	+	34	97650482	86108
chr2	111955759	112155759	harbor1	chr2	112037085	112037429	LTR/ERVL-MaLR	1212	+	172	112037257	81498
chr2	217374869	217574869	harbor1	chr2	217386789	217387169	LTR/ERVL-MaLR	1248	+	190	217386979	12110
chr2	217374869	217574869	harbor1	chr2	217397315	217397716	LTR/ERVL-MaLR	1760	+	200	217397515	22646
chr2	217374869	217574869	harbor1	chr2	217438333	217438695	LTR/ERVL-MaLR	2499	+	181	217438514	63645
chr2	217374869	217574869	harbor1	chr2	217457453	217457830	LTR/ERVL-MaLR	2780	+	188	217457641	82772
chr2	217374869	217574869	harbor1	chr2	217465988	217466419	LTR/ERVL-MaLR	864	+	216	217466204	91335
chr2	112779792	112979792	harbor1	chr2	112789499	112789905	LTR/ERVL-MaLR	2543	+	203	112789702	9910
chr2	112779792	112979792	harbor1	chr2	112790227	112790632	LTR/ERVL-MaLR	7341	+	202	112790429	10637
chr2	112779792	112979792	harbor1	chr2	112790942	112791922	LTR/ERVL-MaLR	7341	+	490	112791432	11640
chr2	112779792	112979792	harbor1	chr2	112792158	112792522	LTR/ERVL-MaLR	2261	+	182	112792340	12548
chr2	112779792	112979792	harbor1	chr2	112792984	112793245	LTR/ERVL-MaLR	1643	+	130	112793114	13322
chr2	112779792	112979792	harbor1	chr2	112793246	112793651	LTR/ERVL-MaLR	2299	+	202	112793448	13656
chr2	112779792	112979792	harbor1	chr2	112809519	112809872	LTR/ERVL-MaLR	1671	+	176	112809695	29903
chr2	112779792	112979792	harbor1	chr2	112826963	112827346	LTR/ERVL-MaLR	2207	+	192	112827155	47363
chr2	26403834	26603834	harbor1	chr2	26469377	26469620	LTR/ERVL-MaLR	641	+	122	26469499	65665
chr2	219077829	219277829	harbor1	chr2	219138884	219139079	LTR/ERVL-MaLR	1936	+	98	219138982	61153
chr2	219077829	219277829	harbor1	chr2	219139388	219139669	LTR/ERVL-MaLR	1936	+	140	219139528	61699
chr2	219077829	219277829	harbor1	chr2	219139979	219140039	LTR/ERVL-MaLR	1936	+	30	219140009	62180
chr2	26950239	27150239	harbor1	chr2	26985687	26986056	LTR/ERVL-MaLR	826	+	184	26985871	35632
chr2	26950239	27150239	harbor1	chr2	27028397	27028496	LTR/ERVL-MaLR	1992	+	50	27028447	78208
chr2	26950239	27150239	harbor1	chr2	27028803	27028934	LTR/ERVL-MaLR	1992	+	66	27028869	78630
chr2	26950239	27150239	harbor1	chr2	27029230	27029518	LTR/ERVL-MaLR	1992	+	144	27029374	79135
chr2	26950239	27150239	harbor1	chr2	26968037	26968182	LTR/ERVL-MaLR	476	+	72	26968109	17870
chr2	217726903	217926903	harbor1	chr2	217730575	217730994	LTR/ERVL-MaLR	2779	+	210	217730785	3882
chr2	217726903	217926903	harbor1	chr2	217757834	217758199	LTR/ERVL-MaLR	1636	+	182	217758016	31113
chr2	217726903	217926903	harbor1	chr2	217772914	217773292	LTR/ERVL-MaLR	2172	+	189	217773103	46200
chr2	217726903	217926903	harbor1	chr2	217773544	217773846	LTR/ERVL-MaLR	989	+	151	217773695	46792
chr2	217726903	217926903	harbor1	chr2	217791560	217791898	LTR/ERVL-MaLR	1065	+	169	217791729	64826
chr2	217726903	217926903	harbor1	chr2	217799132	217799620	LTR/ERVL-MaLR	1016	+	244	217799376	72473
chr2	217726903	217926903	harbor1	chr2	217815023	217815485	LTR/ERVL-MaLR	2431	+	231	217815254	88351
chr3	127489937	127689937	harbor1	chr3	127490064	127490254	LTR/ERVL-MaLR	873	+	95	127490159	222
chr3	127489937	127689937	harbor1	chr3	127510415	127510490	LTR/ERVL-MaLR	531	+	38	127510453	20516
chr3	127489937	127689937	harbor1	chr3	127511016	127511163	LTR/ERVL-MaLR	801	+	74	127511090	21153
chr3	127489937	127689937	harbor1	chr3	127511230	127511457	LTR/ERVL-MaLR	1698	+	114	127511344	21407
chr3	127489937	127689937	harbor1	chr3	127525957	127526130	LTR/ERVL-MaLR	792	+	86	127526043	36106
chr3	127489937	127689937	harbor1	chr3	127527789	127528062	LTR/ERVL-MaLR	1149	+	136	127527925	37988
chr3	127489937	127689937	harbor1	chr3	127569942	127570343	LTR/ERVL-MaLR	1888	+	200	127570142	80205
chr3	127489937	127689937	harbor1	chr3	127577719	127577920	LTR/ERVL-MaLR	471	+	100	127577819	87882
chr3	127489937	127689937	harbor1	chr3	127579393	127579729	LTR/ERVL-MaLR	856	+	168	127579561	89624
chr3	127489937	127689937	harbor1	chr3	127584551	127584714	LTR/ERVL-MaLR	525	+	82	127584633	94696
chr3	127489937	127689937	harbor1	chr3	127584890	127585096	LTR/ERVL-MaLR	528	+	103	127584993	95056
chr3	127489937	127689937	harbor1	chr3	127586917	127587479	LTR/ERVL-MaLR	923	+	281	127587198	97261
chr3	127489937	127689937	harbor1	chr3	127532779	127533195	LTR/ERVL-MaLR	691	+	208	127532987	43050
chr3	51869986	52069986	harbor1	chr3	51888611	51889009	LTR/ERVL-MaLR	670	+	199	51888810	18824
chr3	51869986	52069986	harbor1	chr3	51904644	51904828	LTR/ERVL-MaLR	2370	+	92	51904736	34750
chr3	51869986	52069986	harbor1	chr3	51905125	51905316	LTR/ERVL-MaLR	2370	+	96	51905221	35235
chr3	51869986	52069986	harbor1	chr3	51905317	51906883	LTR/ERVL-MaLR	12306	+	783	51906100	36114
chr3	51869986	52069986	harbor1	chr3	51906884	51907069	LTR/ERVL-MaLR	2396	+	92	51906976	36990
chr3	51869986	52069986	harbor1	chr3	51907365	51907557	LTR/ERVL-MaLR	2396	+	96	51907461	37475
chr3	51869986	52069986	harbor1	chr3	51931102	51931440	LTR/ERVL-MaLR	1059	+	169	51931271	61285
chr3	51869986	52069986	harbor1	chr3	51931756	51931842	LTR/ERVL-MaLR	1059	+	43	51931799	61813
chr3	138334620	138534620	harbor1	chr3	138421825	138422254	LTR/ERVL-MaLR	1902	+	214	138422039	87419
chr3	107991341	108191341	harbor1	chr3	108023714	108024132	LTR/ERVL-MaLR	1893	+	209	108023923	32582
chr3	107991341	108191341	harbor1	chr3	108042364	108042884	LTR/ERVL-MaLR	769	+	260	108042624	51283
chr3	107991341	108191341	harbor1	chr3	108060167	108060678	LTR/ERVL-MaLR	1047	+	256	108060423	69082
chr3	107991341	108191341	harbor1	chr3	108075592	108076239	LTR/ERVL-MaLR	2398	+	324	108075916	84575
chr3	107991308	108191308	harbor1	chr3	108023714	108024132	LTR/ERVL-MaLR	1893	+	209	108023923	32615
chr3	107991308	108191308	harbor1	chr3	108042364	108042884	LTR/ERVL-MaLR	769	+	260	108042624	51316
chr3	107991308	108191308	harbor1	chr3	108060167	108060678	LTR/ERVL-MaLR	1047	+	256	108060423	69115
chr3	107991308	108191308	harbor1	chr3	108075592	108076239	LTR/ERVL-MaLR	2398	+	324	108075916	84608
chr3	107991371	108191371	harbor1	chr3	108023714	108024132	LTR/ERVL-MaLR	1893	+	209	108023923	32552
chr3	107991371	108191371	harbor1	chr3	108042364	108042884	LTR/ERVL-MaLR	769	+	260	108042624	51253
chr3	107991371	108191371	harbor1	chr3	108060167	108060678	LTR/ERVL-MaLR	1047	+	256	108060423	69052
chr3	107991371	108191371	harbor1	chr3	108075592	108076239	LTR/ERVL-MaLR	2398	+	324	108075916	84545
chr3	107991316	108191316	harbor1	chr3	108023714	108024132	LTR/ERVL-MaLR	1893	+	209	108023923	32607
chr3	107991316	108191316	harbor1	chr3	108042364	108042884	LTR/ERVL-MaLR	769	+	260	108042624	51308
chr3	107991316	108191316	harbor1	chr3	108060167	108060678	LTR/ERVL-MaLR	1047	+	256	108060423	69107
chr3	107991316	108191316	harbor1	chr3	108075592	108076239	LTR/ERVL-MaLR	2398	+	324	108075916	84600
chr3	9817202	10017202	harbor1	chr3	9838380	9838719	LTR/ERVL-MaLR	803	+	170	9838550	21348
chr3	9817202	10017202	harbor1	chr3	9847161	9847502	LTR/ERVL-MaLR	1820	+	170	9847331	30129
chr3	9817202	10017202	harbor1	chr3	9858989	9859341	LTR/ERVL-MaLR	2513	+	176	9859165	41963
chr3	107991276	108191276	harbor1	chr3	108023714	108024132	LTR/ERVL-MaLR	1893	+	209	108023923	32647
chr3	107991276	108191276	harbor1	chr3	108042364	108042884	LTR/ERVL-MaLR	769	+	260	108042624	51348
chr3	107991276	108191276	harbor1	chr3	108060167	108060678	LTR/ERVL-MaLR	1047	+	256	108060423	69147
chr3	107991276	108191276	harbor1	chr3	108075592	108076239	LTR/ERVL-MaLR	2398	+	324	108075916	84640
chr3	107991357	108191357	harbor1	chr3	108023714	108024132	LTR/ERVL-MaLR	1893	+	209	108023923	32566
chr3	107991357	108191357	harbor1	chr3	108042364	108042884	LTR/ERVL-MaLR	769	+	260	108042624	51267
chr3	107991357	108191357	harbor1	chr3	108060167	108060678	LTR/ERVL-MaLR	1047	+	256	108060423	69066
chr3	107991357	108191357	harbor1	chr3	108075592	108076239	LTR/ERVL-MaLR	2398	+	324	108075916	84559
chr3	107991312	108191312	harbor1	chr3	108023714	108024132	LTR/ERVL-MaLR	1893	+	209	108023923	32611
chr3	107991312	108191312	harbor1	chr3	108042364	108042884	LTR/ERVL-MaLR	769	+	260	108042624	51312
chr3	107991312	108191312	harbor1	chr3	108060167	108060678	LTR/ERVL-MaLR	1047	+	256	108060423	69111
chr3	107991312	108191312	harbor1	chr3	108075592	108076239	LTR/ERVL-MaLR	2398	+	324	108075916	84604
chr3	51939476	52139476	harbor1	chr3	52010503	52010999	LTR/ERVL-MaLR	2421	+	248	52010751	71275
chr3	107991310	108191310	harbor1	chr3	108023714	108024132	LTR/ERVL-MaLR	1893	+	209	108023923	32613
chr3	107991310	108191310	harbor1	chr3	108042364	108042884	LTR/ERVL-MaLR	769	+	260	108042624	51314
chr3	107991310	108191310	harbor1	chr3	108060167	108060678	LTR/ERVL-MaLR	1047	+	256	108060423	69113
chr3	107991310	108191310	harbor1	chr3	108075592	108076239	LTR/ERVL-MaLR	2398	+	324	108075916	84606
chr3	107991337	108191337	harbor1	chr3	108023714	108024132	LTR/ERVL-MaLR	1893	+	209	108023923	32586
chr3	107991337	108191337	harbor1	chr3	108042364	108042884	LTR/ERVL-MaLR	769	+	260	108042624	51287
chr3	107991337	108191337	harbor1	chr3	108060167	108060678	LTR/ERVL-MaLR	1047	+	256	108060423	69086
chr3	107991337	108191337	harbor1	chr3	108075592	108076239	LTR/ERVL-MaLR	2398	+	324	108075916	84579
chr3	107991338	108191338	harbor1	chr3	108023714	108024132	LTR/ERVL-MaLR	1893	+	209	108023923	32585
chr3	107991338	108191338	harbor1	chr3	108042364	108042884	LTR/ERVL-MaLR	769	+	260	108042624	51286
chr3	107991338	108191338	harbor1	chr3	108060167	108060678	LTR/ERVL-MaLR	1047	+	256	108060423	69085
chr3	107991338	108191338	harbor1	chr3	108075592	108076239	LTR/ERVL-MaLR	2398	+	324	108075916	84578
chr3	107991370	108191370	harbor1	chr3	108023714	108024132	LTR/ERVL-MaLR	1893	+	209	108023923	32553
chr3	107991370	108191370	harbor1	chr3	108042364	108042884	LTR/ERVL-MaLR	769	+	260	108042624	51254
chr3	107991370	108191370	harbor1	chr3	108060167	108060678	LTR/ERVL-MaLR	1047	+	256	108060423	69053
chr3	107991370	108191370	harbor1	chr3	108075592	108076239	LTR/ERVL-MaLR	2398	+	324	108075916	84546
chr3	107991302	108191302	harbor1	chr3	108023714	108024132	LTR/ERVL-MaLR	1893	+	209	108023923	32621
chr3	107991302	108191302	harbor1	chr3	108042364	108042884	LTR/ERVL-MaLR	769	+	260	108042624	51322
chr3	107991302	108191302	harbor1	chr3	108060167	108060678	LTR/ERVL-MaLR	1047	+	256	108060423	69121
chr3	107991302	108191302	harbor1	chr3	108075592	108076239	LTR/ERVL-MaLR	2398	+	324	108075916	84614
chr3	42586603	42786603	harbor1	chr3	42671981	42672377	LTR/ERVL-MaLR	1669	+	198	42672179	85576
chr3	42586603	42786603	harbor1	chr3	42672378	42673484	LTR/ERVL-MaLR	5542	+	553	42672931	86328
chr3	156989205	157189205	harbor1	chr3	156998874	156999253	LTR/ERVL-MaLR	2677	+	190	156999064	9859
chr3	156989205	157189205	harbor1	chr3	157000778	157001162	LTR/ERVL-MaLR	2174	+	192	157000970	11765
chr3	156989205	157189205	harbor1	chr3	157042889	157043304	LTR/ERVL-MaLR	2688	+	208	157043097	53892
chr3	156989205	157189205	harbor1	chr3	157060715	157061091	LTR/ERVL-MaLR	2117	+	188	157060903	71698
chr3	107991361	108191361	harbor1	chr3	108023714	108024132	LTR/ERVL-MaLR	1893	+	209	108023923	32562
chr3	107991361	108191361	harbor1	chr3	108042364	108042884	LTR/ERVL-MaLR	769	+	260	108042624	51263
chr3	107991361	108191361	harbor1	chr3	108060167	108060678	LTR/ERVL-MaLR	1047	+	256	108060423	69062
chr3	107991361	108191361	harbor1	chr3	108075592	108076239	LTR/ERVL-MaLR	2398	+	324	108075916	84555
chr3	107991380	108191380	harbor1	chr3	108023714	108024132	LTR/ERVL-MaLR	1893	+	209	108023923	32543
chr3	107991380	108191380	harbor1	chr3	108042364	108042884	LTR/ERVL-MaLR	769	+	260	108042624	51244
chr3	107991380	108191380	harbor1	chr3	108060167	108060678	LTR/ERVL-MaLR	1047	+	256	108060423	69043
chr3	107991380	108191380	harbor1	chr3	108075592	108076239	LTR/ERVL-MaLR	2398	+	324	108075916	84536
chr3	46799563	46999563	harbor1	chr3	46804547	46804958	LTR/ERVL-MaLR	953	+	206	46804753	5190
chr3	46799563	46999563	harbor1	chr3	46805890	46805960	LTR/ERVL-MaLR	953	+	35	46805925	6362
chr3	46799563	46999563	harbor1	chr3	46819893	46820255	LTR/ERVL-MaLR	2354	+	181	46820074	20511
chr3	46799563	46999563	harbor1	chr3	46826867	46827051	LTR/ERVL-MaLR	1585	+	92	46826959	27396
chr3	46799563	46999563	harbor1	chr3	46827086	46827251	LTR/ERVL-MaLR	1585	+	82	46827168	27605
chr3	46799563	46999563	harbor1	chr3	46843365	46843674	LTR/ERVL-MaLR	1128	+	154	46843519	43956
chr3	51939463	52139463	harbor1	chr3	52010503	52010999	LTR/ERVL-MaLR	2421	+	248	52010751	71288
chr3	49775590	49975590	harbor1	chr3	49817983	49818163	LTR/ERVL-MaLR	735	+	90	49818073	42483
chr3	107991451	108191451	harbor1	chr3	108023714	108024132	LTR/ERVL-MaLR	1893	+	209	108023923	32472
chr3	107991451	108191451	harbor1	chr3	108042364	108042884	LTR/ERVL-MaLR	769	+	260	108042624	51173
chr3	107991451	108191451	harbor1	chr3	108060167	108060678	LTR/ERVL-MaLR	1047	+	256	108060423	68972
chr3	107991451	108191451	harbor1	chr3	108075592	108076239	LTR/ERVL-MaLR	2398	+	324	108075916	84465
chr3	51939471	52139471	harbor1	chr3	52010503	52010999	LTR/ERVL-MaLR	2421	+	248	52010751	71280
chr3	49829994	50029994	harbor1	chr3	49883638	49884012	LTR/ERVL-MaLR	1967	+	187	49883825	53831
chr3	49829994	50029994	harbor1	chr3	49924268	49924396	LTR/ERVL-MaLR	3031	+	64	49924332	94338
chr3	49829994	50029994	harbor1	chr3	49924701	49925088	LTR/ERVL-MaLR	3031	+	194	49924895	94901
chr3	129021155	129221155	harbor1	chr3	129051925	129052338	LTR/ERVL-MaLR	1567	+	206	129052131	30976
chr3	129021155	129221155	harbor1	chr3	129052652	129052719	LTR/ERVL-MaLR	1567	+	34	129052686	31531
chr3	129021155	129221155	harbor1	chr3	129078601	129078853	LTR/ERVL-MaLR	687	+	126	129078727	57572
chr3	51939481	52139481	harbor1	chr3	52010503	52010999	LTR/ERVL-MaLR	2421	+	248	52010751	71270
chr3	107991298	108191298	harbor1	chr3	108023714	108024132	LTR/ERVL-MaLR	1893	+	209	108023923	32625
chr3	107991298	108191298	harbor1	chr3	108042364	108042884	LTR/ERVL-MaLR	769	+	260	108042624	51326
chr3	107991298	108191298	harbor1	chr3	108060167	108060678	LTR/ERVL-MaLR	1047	+	256	108060423	69125
chr3	107991298	108191298	harbor1	chr3	108075592	108076239	LTR/ERVL-MaLR	2398	+	324	108075916	84618
chr3	52222004	52422004	harbor1	chr3	52227862	52228356	LTR/ERVL-MaLR	1571	+	247	52228109	6105
chr3	52222004	52422004	harbor1	chr3	52240233	52240359	LTR/ERVL-MaLR	422	+	63	52240296	18292
chr3	147453950	147653950	harbor1	chr3	147549438	147549844	LTR/ERVL-MaLR	2207	+	203	147549641	95691
chr3	161005424	161205424	harbor1	chr3	161025140	161025282	LTR/ERVL-MaLR	1606	+	71	161025211	19787
chr3	161005424	161205424	harbor1	chr3	161025595	161025790	LTR/ERVL-MaLR	1606	+	98	161025693	20269
chr3	161005424	161205424	harbor1	chr3	161030125	161030555	LTR/ERVL-MaLR	1262	+	215	161030340	24916
chr3	161005424	161205424	harbor1	chr3	161037063	161037412	LTR/ERVL-MaLR	1551	+	174	161037237	31813
chr3	161005424	161205424	harbor1	chr3	161037732	161037871	LTR/ERVL-MaLR	1551	+	70	161037802	32378
chr3	161005424	161205424	harbor1	chr3	161059638	161060050	LTR/ERVL-MaLR	2553	+	206	161059844	54420
chr3	161005424	161205424	harbor1	chr3	161082344	161082502	LTR/ERVL-MaLR	426	+	79	161082423	76999
chr3	107991375	108191375	harbor1	chr3	108023714	108024132	LTR/ERVL-MaLR	1893	+	209	108023923	32548
chr3	107991375	108191375	harbor1	chr3	108042364	108042884	LTR/ERVL-MaLR	769	+	260	108042624	51249
chr3	107991375	108191375	harbor1	chr3	108060167	108060678	LTR/ERVL-MaLR	1047	+	256	108060423	69048
chr3	107991375	108191375	harbor1	chr3	108075592	108076239	LTR/ERVL-MaLR	2398	+	324	108075916	84541
chr3	107991366	108191366	harbor1	chr3	108023714	108024132	LTR/ERVL-MaLR	1893	+	209	108023923	32557
chr3	107991366	108191366	harbor1	chr3	108042364	108042884	LTR/ERVL-MaLR	769	+	260	108042624	51258
chr3	107991366	108191366	harbor1	chr3	108060167	108060678	LTR/ERVL-MaLR	1047	+	256	108060423	69057
chr3	107991366	108191366	harbor1	chr3	108075592	108076239	LTR/ERVL-MaLR	2398	+	324	108075916	84550
chr3	107991309	108191309	harbor1	chr3	108023714	108024132	LTR/ERVL-MaLR	1893	+	209	108023923	32614
chr3	107991309	108191309	harbor1	chr3	108042364	108042884	LTR/ERVL-MaLR	769	+	260	108042624	51315
chr3	107991309	108191309	harbor1	chr3	108060167	108060678	LTR/ERVL-MaLR	1047	+	256	108060423	69114
chr3	107991309	108191309	harbor1	chr3	108075592	108076239	LTR/ERVL-MaLR	2398	+	324	108075916	84607
chr3	43899206	44099206	harbor1	chr3	43900602	43900908	LTR/ERVL-MaLR	1851	+	153	43900755	1549
chr3	43899206	44099206	harbor1	chr3	43901330	43901484	LTR/ERVL-MaLR	604	+	77	43901407	2201
chr3	43899206	44099206	harbor1	chr3	43901489	43901662	LTR/ERVL-MaLR	590	+	86	43901575	2369
chr3	43899206	44099206	harbor1	chr3	43903069	43903500	LTR/ERVL-MaLR	1996	+	216	43903285	4079
chr3	43899206	44099206	harbor1	chr3	43913879	43914263	LTR/ERVL-MaLR	2001	+	192	43914071	14865
chr3	43899206	44099206	harbor1	chr3	43916804	43917160	LTR/ERVL-MaLR	1780	+	178	43916982	17776
chr3	43899206	44099206	harbor1	chr3	43985162	43985624	LTR/ERVL-MaLR	2314	+	231	43985393	86187
chr3	47681961	47881961	harbor1	chr3	47695062	47695184	LTR/ERVL-MaLR	538	+	61	47695123	13162
chr3	107991277	108191277	harbor1	chr3	108023714	108024132	LTR/ERVL-MaLR	1893	+	209	108023923	32646
chr3	107991277	108191277	harbor1	chr3	108042364	108042884	LTR/ERVL-MaLR	769	+	260	108042624	51347
chr3	107991277	108191277	harbor1	chr3	108060167	108060678	LTR/ERVL-MaLR	1047	+	256	108060423	69146
chr3	107991277	108191277	harbor1	chr3	108075592	108076239	LTR/ERVL-MaLR	2398	+	324	108075916	84639
chr3	124721335	124921335	harbor1	chr3	124774213	124774692	LTR/ERVL-MaLR	2028	+	240	124774453	53118
chr3	124721335	124921335	harbor1	chr3	124795512	124795995	LTR/ERVL-MaLR	2144	+	242	124795754	74419
chr3	125916736	126116736	harbor1	chr3	125964145	125964784	LTR/ERVL-MaLR	3040	+	320	125964465	47729
chr3	125916736	126116736	harbor1	chr3	125979325	125979655	LTR/ERVL-MaLR	1875	+	165	125979490	62754
chr3	51939504	52139504	harbor1	chr3	52010503	52010999	LTR/ERVL-MaLR	2421	+	248	52010751	71247
chr3	195981907	196181907	harbor1	chr3	196007785	196007893	LTR/ERVL-MaLR	541	+	54	196007839	25932
chr3	195981907	196181907	harbor1	chr3	196015829	196016020	LTR/ERVL-MaLR	455	+	96	196015925	34018
chr3	107991343	108191343	harbor1	chr3	108023714	108024132	LTR/ERVL-MaLR	1893	+	209	108023923	32580
chr3	107991343	108191343	harbor1	chr3	108042364	108042884	LTR/ERVL-MaLR	769	+	260	108042624	51281
chr3	107991343	108191343	harbor1	chr3	108060167	108060678	LTR/ERVL-MaLR	1047	+	256	108060423	69080
chr3	107991343	108191343	harbor1	chr3	108075592	108076239	LTR/ERVL-MaLR	2398	+	324	108075916	84573
chr3	17061072	17261072	harbor1	chr3	17106828	17107174	LTR/ERVL-MaLR	2267	+	173	17107001	45929
chr3	17061072	17261072	harbor1	chr3	17115023	17115366	LTR/ERVL-MaLR	1657	+	172	17115195	54123
chr3	17061072	17261072	harbor1	chr3	17127540	17127892	LTR/ERVL-MaLR	2568	+	176	17127716	66644
chr3	17061072	17261072	harbor1	chr3	17127893	17129459	LTR/ERVL-MaLR	11720	+	783	17128676	67604
chr3	17061072	17261072	harbor1	chr3	17129460	17129769	LTR/ERVL-MaLR	1784	+	154	17129614	68542
chr3	17061072	17261072	harbor1	chr3	17132586	17132938	LTR/ERVL-MaLR	1621	+	176	17132762	71690
chr3	17061072	17261072	harbor1	chr3	17133249	17133293	LTR/ERVL-MaLR	1621	+	22	17133271	72199
chr3	17061072	17261072	harbor1	chr3	17135204	17135618	LTR/ERVL-MaLR	937	+	207	17135411	74339
chr3	17061072	17261072	harbor1	chr3	17143246	17143617	LTR/ERVL-MaLR	2424	+	186	17143432	82360
chr3	17061072	17261072	harbor1	chr3	17143926	17143976	LTR/ERVL-MaLR	2424	+	25	17143951	82879
chr3	17061072	17261072	harbor1	chr3	17146208	17146578	LTR/ERVL-MaLR	2385	+	185	17146393	85321
chr3	17061072	17261072	harbor1	chr3	17150842	17151014	LTR/ERVL-MaLR	443	+	86	17150928	89856
chr3	17061072	17261072	harbor1	chr3	17153735	17154206	LTR/ERVL-MaLR	1235	+	236	17153971	92899
chr3	107991355	108191355	harbor1	chr3	108023714	108024132	LTR/ERVL-MaLR	1893	+	209	108023923	32568
chr3	107991355	108191355	harbor1	chr3	108042364	108042884	LTR/ERVL-MaLR	769	+	260	108042624	51269
chr3	107991355	108191355	harbor1	chr3	108060167	108060678	LTR/ERVL-MaLR	1047	+	256	108060423	69068
chr3	107991355	108191355	harbor1	chr3	108075592	108076239	LTR/ERVL-MaLR	2398	+	324	108075916	84561
chr3	49829545	50029545	harbor1	chr3	49883638	49884012	LTR/ERVL-MaLR	1967	+	187	49883825	54280
chr3	49829545	50029545	harbor1	chr3	49924268	49924396	LTR/ERVL-MaLR	3031	+	64	49924332	94787
chr3	49829545	50029545	harbor1	chr3	49924701	49925088	LTR/ERVL-MaLR	3031	+	194	49924895	95350
chr3	43899195	44099195	harbor1	chr3	43900602	43900908	LTR/ERVL-MaLR	1851	+	153	43900755	1560
chr3	43899195	44099195	harbor1	chr3	43901330	43901484	LTR/ERVL-MaLR	604	+	77	43901407	2212
chr3	43899195	44099195	harbor1	chr3	43901489	43901662	LTR/ERVL-MaLR	590	+	86	43901575	2380
chr3	43899195	44099195	harbor1	chr3	43903069	43903500	LTR/ERVL-MaLR	1996	+	216	43903285	4090
chr3	43899195	44099195	harbor1	chr3	43913879	43914263	LTR/ERVL-MaLR	2001	+	192	43914071	14876
chr3	43899195	44099195	harbor1	chr3	43916804	43917160	LTR/ERVL-MaLR	1780	+	178	43916982	17787
chr3	43899195	44099195	harbor1	chr3	43985162	43985624	LTR/ERVL-MaLR	2314	+	231	43985393	86198
chr3	184085534	184285534	harbor1	chr3	184096325	184096650	LTR/ERVL-MaLR	2156	+	162	184096487	10953
chr3	184085534	184285534	harbor1	chr3	184096948	184097127	LTR/ERVL-MaLR	2156	+	90	184097038	11504
chr3	123349837	123549837	harbor1	chr3	123369013	123369382	LTR/ERVL-MaLR	1135	+	184	123369197	19360
chr3	123349837	123549837	harbor1	chr3	123370307	123370740	LTR/ERVL-MaLR	597	+	216	123370523	20686
chr3	123349837	123549837	harbor1	chr3	123416801	123417108	LTR/ERVL-MaLR	1015	+	154	123416955	67118
chr3	195853169	196053169	harbor1	chr3	195923903	195924193	LTR/ERVL-MaLR	446	+	145	195924048	70879
chr3	195853169	196053169	harbor1	chr3	195929588	195929939	LTR/ERVL-MaLR	1785	+	176	195929764	76595
chr3	185838095	186038095	harbor1	chr3	185869717	185870180	LTR/ERVL-MaLR	1229	+	232	185869949	31854
chr3	142754359	142954359	harbor1	chr3	142831097	142831523	LTR/ERVL-MaLR	2828	+	213	142831310	76951
chr3	142754359	142954359	harbor1	chr3	142836908	142837338	LTR/ERVL-MaLR	2051	+	215	142837123	82764
chr3	142754359	142954359	harbor1	chr3	142838266	142838635	LTR/ERVL-MaLR	1931	+	184	142838450	84091
chr3	196916565	197116565	harbor1	chr3	196949274	196949686	LTR/ERVL-MaLR	979	+	206	196949480	32915
chr3	196916565	197116565	harbor1	chr3	196950689	196950744	LTR/ERVL-MaLR	875	+	28	196950717	34152
chr3	196916565	197116565	harbor1	chr3	196951045	196951297	LTR/ERVL-MaLR	875	+	126	196951171	34606
chr3	196916565	197116565	harbor1	chr3	196989580	196989954	LTR/ERVL-MaLR	1641	+	187	196989767	73202
chr3	196916565	197116565	harbor1	chr3	197000406	197000528	LTR/ERVL-MaLR	484	+	61	197000467	83902
chr3	23710846	23910846	harbor1	chr3	23762068	23762305	LTR/ERVL-MaLR	481	+	118	23762186	51340
chr3	23710846	23910846	harbor1	chr3	23765821	23766053	LTR/ERVL-MaLR	843	+	116	23765937	55091
chr3	23710846	23910846	harbor1	chr3	23778377	23778758	LTR/ERVL-MaLR	1694	+	190	23778567	67721
chr3	107991335	108191335	harbor1	chr3	108023714	108024132	LTR/ERVL-MaLR	1893	+	209	108023923	32588
chr3	107991335	108191335	harbor1	chr3	108042364	108042884	LTR/ERVL-MaLR	769	+	260	108042624	51289
chr3	107991335	108191335	harbor1	chr3	108060167	108060678	LTR/ERVL-MaLR	1047	+	256	108060423	69088
chr3	107991335	108191335	harbor1	chr3	108075592	108076239	LTR/ERVL-MaLR	2398	+	324	108075916	84581
chr3	39004795	39204795	harbor1	chr3	39015030	39015388	LTR/ERVL-MaLR	1235	+	179	39015209	10414
chr3	39004795	39204795	harbor1	chr3	39017008	39017364	LTR/ERVL-MaLR	1544	+	178	39017186	12391
chr3	39004795	39204795	harbor1	chr3	39048617	39049133	LTR/ERVL-MaLR	1144	+	258	39048875	44080
chr3	51939539	52139539	harbor1	chr3	52010503	52010999	LTR/ERVL-MaLR	2421	+	248	52010751	71212
chr3	51939497	52139497	harbor1	chr3	52010503	52010999	LTR/ERVL-MaLR	2421	+	248	52010751	71254
chr3	127581151	127781151	harbor1	chr3	127584551	127584714	LTR/ERVL-MaLR	525	+	82	127584633	3482
chr3	127581151	127781151	harbor1	chr3	127584890	127585096	LTR/ERVL-MaLR	528	+	103	127584993	3842
chr3	127581151	127781151	harbor1	chr3	127586917	127587479	LTR/ERVL-MaLR	923	+	281	127587198	6047
chr3	127581151	127781151	harbor1	chr3	127595618	127596083	LTR/ERVL-MaLR	1603	+	232	127595850	14699
chr3	127581151	127781151	harbor1	chr3	127596379	127596413	LTR/ERVL-MaLR	1603	+	17	127596396	15245
chr3	123544681	123744681	harbor1	chr3	123548086	123548573	LTR/ERVL-MaLR	1866	+	244	123548330	3649
chr3	123544681	123744681	harbor1	chr3	123565298	123565653	LTR/ERVL-MaLR	2134	+	178	123565476	20795
chr3	123544681	123744681	harbor1	chr3	123571235	123571840	LTR/ERVL-MaLR	2306	+	302	123571537	26856
chr3	123544681	123744681	harbor1	chr3	123581492	123581725	LTR/ERVL-MaLR	470	+	116	123581608	36927
chr3	123544681	123744681	harbor1	chr3	123591996	123592347	LTR/ERVL-MaLR	2436	+	176	123592172	47491
chr3	123544681	123744681	harbor1	chr3	123616563	123616929	LTR/ERVL-MaLR	2052	+	183	123616746	72065
chr3	16431951	16631951	harbor1	chr3	16457769	16458171	LTR/ERVL-MaLR	2181	+	201	16457970	26019
chr3	16431951	16631951	harbor1	chr3	16462329	16462786	LTR/ERVL-MaLR	1367	+	228	16462557	30606
chr3	16431951	16631951	harbor1	chr3	16474915	16475314	LTR/ERVL-MaLR	2287	+	200	16475115	43164
chr3	16431951	16631951	harbor1	chr3	16486777	16487191	LTR/ERVL-MaLR	1027	+	207	16486984	55033
chr3	16431951	16631951	harbor1	chr3	16499192	16499660	LTR/ERVL-MaLR	1304	+	234	16499426	67475
chr3	16431951	16631951	harbor1	chr3	16502438	16502923	LTR/ERVL-MaLR	2478	+	242	16502680	70729
chr3	16431951	16631951	harbor1	chr3	16518589	16518983	LTR/ERVL-MaLR	1082	+	197	16518786	86835
chr3	16431951	16631951	harbor1	chr3	16522331	16522793	LTR/ERVL-MaLR	742	+	231	16522562	90611
chr3	16431951	16631951	harbor1	chr3	16523212	16523232	LTR/ERVL-MaLR	742	+	10	16523222	91271
chr3	16431951	16631951	harbor1	chr3	16527495	16527947	LTR/ERVL-MaLR	433	+	226	16527721	95770
chr3	23710841	23910841	harbor1	chr3	23762068	23762305	LTR/ERVL-MaLR	481	+	118	23762186	51345
chr3	23710841	23910841	harbor1	chr3	23765821	23766053	LTR/ERVL-MaLR	843	+	116	23765937	55096
chr3	23710841	23910841	harbor1	chr3	23778377	23778758	LTR/ERVL-MaLR	1694	+	190	23778567	67726
chr3	128328692	128528692	harbor1	chr3	128416670	128416931	LTR/ERVL-MaLR	484	+	130	128416800	88108
chr3	123349752	123549752	harbor1	chr3	123369013	123369382	LTR/ERVL-MaLR	1135	+	184	123369197	19445
chr3	123349752	123549752	harbor1	chr3	123370307	123370740	LTR/ERVL-MaLR	597	+	216	123370523	20771
chr3	123349752	123549752	harbor1	chr3	123416801	123417108	LTR/ERVL-MaLR	1015	+	154	123416955	67203
chr3	52121829	52321829	harbor1	chr3	52132707	52132763	LTR/ERVL-MaLR	1954	+	28	52132735	10906
chr3	52121829	52321829	harbor1	chr3	52133070	52133411	LTR/ERVL-MaLR	1954	+	170	52133240	11411
chr3	46771747	46971747	harbor1	chr3	46804547	46804958	LTR/ERVL-MaLR	953	+	206	46804753	33006
chr3	46771747	46971747	harbor1	chr3	46805890	46805960	LTR/ERVL-MaLR	953	+	35	46805925	34178
chr3	46771747	46971747	harbor1	chr3	46819893	46820255	LTR/ERVL-MaLR	2354	+	181	46820074	48327
chr3	46771747	46971747	harbor1	chr3	46826867	46827051	LTR/ERVL-MaLR	1585	+	92	46826959	55212
chr3	46771747	46971747	harbor1	chr3	46827086	46827251	LTR/ERVL-MaLR	1585	+	82	46827168	55421
chr3	46771747	46971747	harbor1	chr3	46843365	46843674	LTR/ERVL-MaLR	1128	+	154	46843519	71772
chr3	51939505	52139505	harbor1	chr3	52010503	52010999	LTR/ERVL-MaLR	2421	+	248	52010751	71246
chr3	138334619	138534619	harbor1	chr3	138421825	138422254	LTR/ERVL-MaLR	1902	+	214	138422039	87420
chr3	127490156	127690156	harbor1	chr3	127490064	127490254	LTR/ERVL-MaLR	873	+	95	127490159	3
chr3	127490156	127690156	harbor1	chr3	127510415	127510490	LTR/ERVL-MaLR	531	+	38	127510453	20297
chr3	127490156	127690156	harbor1	chr3	127511016	127511163	LTR/ERVL-MaLR	801	+	74	127511090	20934
chr3	127490156	127690156	harbor1	chr3	127511230	127511457	LTR/ERVL-MaLR	1698	+	114	127511344	21188
chr3	127490156	127690156	harbor1	chr3	127525957	127526130	LTR/ERVL-MaLR	792	+	86	127526043	35887
chr3	127490156	127690156	harbor1	chr3	127527789	127528062	LTR/ERVL-MaLR	1149	+	136	127527925	37769
chr3	127490156	127690156	harbor1	chr3	127569942	127570343	LTR/ERVL-MaLR	1888	+	200	127570142	79986
chr3	127490156	127690156	harbor1	chr3	127577719	127577920	LTR/ERVL-MaLR	471	+	100	127577819	87663
chr3	127490156	127690156	harbor1	chr3	127579393	127579729	LTR/ERVL-MaLR	856	+	168	127579561	89405
chr3	127490156	127690156	harbor1	chr3	127584551	127584714	LTR/ERVL-MaLR	525	+	82	127584633	94477
chr3	127490156	127690156	harbor1	chr3	127584890	127585096	LTR/ERVL-MaLR	528	+	103	127584993	94837
chr3	127490156	127690156	harbor1	chr3	127586917	127587479	LTR/ERVL-MaLR	923	+	281	127587198	97042
chr3	127490156	127690156	harbor1	chr3	127532779	127533195	LTR/ERVL-MaLR	691	+	208	127532987	42831
chr3	113647007	113847007	harbor1	chr3	113664750	113665056	LTR/ERVL-MaLR	1518	+	153	113664903	17896
chr3	113647007	113847007	harbor1	chr3	113717920	113718425	LTR/ERVL-MaLR	1306	+	252	113718172	71165
chr3	113647007	113847007	harbor1	chr3	113724693	113725044	LTR/ERVL-MaLR	2345	+	176	113724869	77862
chr3	113647007	113847007	harbor1	chr3	113732037	113732397	LTR/ERVL-MaLR	1315	+	180	113732217	85210
chr3	113647007	113847007	harbor1	chr3	113732788	113732848	LTR/ERVL-MaLR	415	+	30	113732818	85811
chr3	179842465	180042465	harbor1	chr3	179855594	179855956	LTR/ERVL-MaLR	1913	+	181	179855775	13310
chr3	179842465	180042465	harbor1	chr3	179863836	179864189	LTR/ERVL-MaLR	2435	+	176	179864012	21547
chr3	179842465	180042465	harbor1	chr3	179884152	179884603	LTR/ERVL-MaLR	1973	+	226	179884378	41913
chr3	179842465	180042465	harbor1	chr3	179885217	179885364	LTR/ERVL-MaLR	1304	+	74	179885291	42826
chr3	179842465	180042465	harbor1	chr3	179885662	179885947	LTR/ERVL-MaLR	1304	+	142	179885804	43339
chr3	179842465	180042465	harbor1	chr3	179909597	179909995	LTR/ERVL-MaLR	2227	+	199	179909796	67331
chr3	179842465	180042465	harbor1	chr3	179935667	179936100	LTR/ERVL-MaLR	1435	+	216	179935883	93418
chr3	190413906	190613906	harbor1	chr3	190433723	190434141	LTR/ERVL-MaLR	2742	+	209	190433932	20026
chr3	190413906	190613906	harbor1	chr3	190434221	190434593	LTR/ERVL-MaLR	1761	+	186	190434407	20501
chr3	190413906	190613906	harbor1	chr3	190469685	190470060	LTR/ERVL-MaLR	2278	+	188	190469873	55967
chr3	190413906	190613906	harbor1	chr3	190476759	190477162	LTR/ERVL-MaLR	2086	+	202	190476961	63055
chr3	190413906	190613906	harbor1	chr3	190482612	190482974	LTR/ERVL-MaLR	2164	+	181	190482793	68887
chr3	52945185	53145185	harbor1	chr3	52991292	52991339	LTR/ERVL-MaLR	1077	+	24	52991316	46131
chr3	52945185	53145185	harbor1	chr3	52991644	52991952	LTR/ERVL-MaLR	1077	+	154	52991798	46613
chr3	52945185	53145185	harbor1	chr3	52952841	52953100	LTR/ERVL-MaLR	909	+	130	52952971	7786
chr3	127490312	127690312	harbor1	chr3	127510415	127510490	LTR/ERVL-MaLR	531	+	38	127510453	20141
chr3	127490312	127690312	harbor1	chr3	127511016	127511163	LTR/ERVL-MaLR	801	+	74	127511090	20778
chr3	127490312	127690312	harbor1	chr3	127511230	127511457	LTR/ERVL-MaLR	1698	+	114	127511344	21032
chr3	127490312	127690312	harbor1	chr3	127525957	127526130	LTR/ERVL-MaLR	792	+	86	127526043	35731
chr3	127490312	127690312	harbor1	chr3	127527789	127528062	LTR/ERVL-MaLR	1149	+	136	127527925	37613
chr3	127490312	127690312	harbor1	chr3	127569942	127570343	LTR/ERVL-MaLR	1888	+	200	127570142	79830
chr3	127490312	127690312	harbor1	chr3	127577719	127577920	LTR/ERVL-MaLR	471	+	100	127577819	87507
chr3	127490312	127690312	harbor1	chr3	127579393	127579729	LTR/ERVL-MaLR	856	+	168	127579561	89249
chr3	127490312	127690312	harbor1	chr3	127584551	127584714	LTR/ERVL-MaLR	525	+	82	127584633	94321
chr3	127490312	127690312	harbor1	chr3	127584890	127585096	LTR/ERVL-MaLR	528	+	103	127584993	94681
chr3	127490312	127690312	harbor1	chr3	127586917	127587479	LTR/ERVL-MaLR	923	+	281	127587198	96886
chr3	127490312	127690312	harbor1	chr3	127532779	127533195	LTR/ERVL-MaLR	691	+	208	127532987	42675
chr3	128328699	128528699	harbor1	chr3	128416670	128416931	LTR/ERVL-MaLR	484	+	130	128416800	88101
chr3	128328755	128528755	harbor1	chr3	128416670	128416931	LTR/ERVL-MaLR	484	+	130	128416800	88045
chr3	184199369	184399369	harbor1	chr3	184265379	184265446	LTR/ERVL-MaLR	1599	+	34	184265413	66044
chr3	184199369	184399369	harbor1	chr3	184265741	184265798	LTR/ERVL-MaLR	1599	+	28	184265769	66400
chr3	184199369	184399369	harbor1	chr3	184266151	184266492	LTR/ERVL-MaLR	1599	+	170	184266321	66952
chr3	184199369	184399369	harbor1	chr3	184270172	184270330	LTR/ERVL-MaLR	557	+	79	184270251	70882
chr3	184199369	184399369	harbor1	chr3	184270925	184271211	LTR/ERVL-MaLR	557	+	143	184271068	71699
chr3	123544677	123744677	harbor1	chr3	123548086	123548573	LTR/ERVL-MaLR	1866	+	244	123548330	3653
chr3	123544677	123744677	harbor1	chr3	123565298	123565653	LTR/ERVL-MaLR	2134	+	178	123565476	20799
chr3	123544677	123744677	harbor1	chr3	123571235	123571840	LTR/ERVL-MaLR	2306	+	302	123571537	26860
chr3	123544677	123744677	harbor1	chr3	123581492	123581725	LTR/ERVL-MaLR	470	+	116	123581608	36931
chr3	123544677	123744677	harbor1	chr3	123591996	123592347	LTR/ERVL-MaLR	2436	+	176	123592172	47495
chr3	123544677	123744677	harbor1	chr3	123616563	123616929	LTR/ERVL-MaLR	2052	+	183	123616746	72069
chr3	51895561	52095561	harbor1	chr3	51904644	51904828	LTR/ERVL-MaLR	2370	+	92	51904736	9175
chr3	51895561	52095561	harbor1	chr3	51905125	51905316	LTR/ERVL-MaLR	2370	+	96	51905221	9660
chr3	51895561	52095561	harbor1	chr3	51905317	51906883	LTR/ERVL-MaLR	12306	+	783	51906100	10539
chr3	51895561	52095561	harbor1	chr3	51906884	51907069	LTR/ERVL-MaLR	2396	+	92	51906976	11415
chr3	51895561	52095561	harbor1	chr3	51907365	51907557	LTR/ERVL-MaLR	2396	+	96	51907461	11900
chr3	51895561	52095561	harbor1	chr3	51931102	51931440	LTR/ERVL-MaLR	1059	+	169	51931271	35710
chr3	51895561	52095561	harbor1	chr3	51931756	51931842	LTR/ERVL-MaLR	1059	+	43	51931799	36238
chr3	128581053	128781053	harbor1	chr3	128585191	128585641	LTR/ERVL-MaLR	1400	+	225	128585416	4363
chr3	128581053	128781053	harbor1	chr3	128610412	128610771	LTR/ERVL-MaLR	1187	+	180	128610592	29539
chr3	128581053	128781053	harbor1	chr3	128615820	128616173	LTR/ERVL-MaLR	2150	+	176	128615996	34943
chr3	54747497	54947497	harbor1	chr3	54753295	54753646	LTR/ERVL-MaLR	550	+	176	54753471	5974
chr3	47681964	47881964	harbor1	chr3	47695062	47695184	LTR/ERVL-MaLR	538	+	61	47695123	13159
chr3	122414401	122614401	harbor1	chr3	122438036	122438379	LTR/ERVL-MaLR	1999	+	172	122438208	23807
chr3	122414401	122614401	harbor1	chr3	122438686	122438724	LTR/ERVL-MaLR	1999	+	19	122438705	24304
chr3	122414401	122614401	harbor1	chr3	122498163	122498529	LTR/ERVL-MaLR	1980	+	183	122498346	83945
chr3	122414401	122614401	harbor1	chr3	122502254	122502611	LTR/ERVL-MaLR	1366	+	178	122502432	88031
chr3	138087580	138287580	harbor1	chr3	138099528	138099942	LTR/ERVL-MaLR	2220	+	207	138099735	12155
chr3	138087580	138287580	harbor1	chr3	138107140	138107555	LTR/ERVL-MaLR	2014	+	208	138107348	19768
chr3	138087580	138287580	harbor1	chr3	138123897	138124080	LTR/ERVL-MaLR	522	+	92	138123989	36409
chr3	138087580	138287580	harbor1	chr3	138129173	138129636	LTR/ERVL-MaLR	1683	+	232	138129405	41825
chr3	138087580	138287580	harbor1	chr3	138136468	138136574	LTR/ERVL-MaLR	589	+	53	138136521	48941
chr3	138087580	138287580	harbor1	chr3	138136671	138136736	LTR/ERVL-MaLR	429	+	32	138136703	49123
chr3	107991305	108191305	harbor1	chr3	108023714	108024132	LTR/ERVL-MaLR	1893	+	209	108023923	32618
chr3	107991305	108191305	harbor1	chr3	108042364	108042884	LTR/ERVL-MaLR	769	+	260	108042624	51319
chr3	107991305	108191305	harbor1	chr3	108060167	108060678	LTR/ERVL-MaLR	1047	+	256	108060423	69118
chr3	107991305	108191305	harbor1	chr3	108075592	108076239	LTR/ERVL-MaLR	2398	+	324	108075916	84611
chr3	51571820	51771820	harbor1	chr3	51618598	51618785	LTR/ERVL-MaLR	717	+	94	51618692	46872
chr3	51571820	51771820	harbor1	chr3	51618787	51618914	LTR/ERVL-MaLR	570	+	64	51618851	47031
chr3	21855680	22055680	harbor1	chr3	21858369	21858736	LTR/ERVL-MaLR	1888	+	184	21858553	2873
chr3	21855680	22055680	harbor1	chr3	21926938	21927340	LTR/ERVL-MaLR	2132	+	201	21927139	71459
chr3	19954840	20154840	harbor1	chr3	19995181	19995593	LTR/ERVL-MaLR	827	+	206	19995387	40547
chr3	19954840	20154840	harbor1	chr3	19997084	19997188	LTR/ERVL-MaLR	461	+	52	19997136	42296
chr3	19954840	20154840	harbor1	chr3	19997412	19997516	LTR/ERVL-MaLR	515	+	52	19997464	42624
chr3	19954840	20154840	harbor1	chr3	20034559	20034942	LTR/ERVL-MaLR	2526	+	192	20034751	79911
chr3	52946732	53146732	harbor1	chr3	52991292	52991339	LTR/ERVL-MaLR	1077	+	24	52991316	44584
chr3	52946732	53146732	harbor1	chr3	52991644	52991952	LTR/ERVL-MaLR	1077	+	154	52991798	45066
chr3	52946732	53146732	harbor1	chr3	52952841	52953100	LTR/ERVL-MaLR	909	+	130	52952971	6239
chr3	47725179	47925179	harbor1	chr3	47798487	47798709	LTR/ERVL-MaLR	745	+	111	47798598	73419
chr3	197857923	198057923	harbor1	chr3	197945020	197945545	LTR/ERVL-MaLR	2653	+	262	197945282	87359
chr3	51938306	52138306	harbor1	chr3	52010503	52010999	LTR/ERVL-MaLR	2421	+	248	52010751	72445
chr3	50493434	50693434	harbor1	chr3	50493232	50493489	LTR/ERVL-MaLR	861	+	128	50493360	74
chr3	50493434	50693434	harbor1	chr3	50584334	50584805	LTR/ERVL-MaLR	2118	+	236	50584570	91136
chr3	50493434	50693434	harbor1	chr3	50584806	50584921	LTR/ERVL-MaLR	418	+	58	50584864	91430
chr3	30507293	30707293	harbor1	chr3	30548468	30548591	LTR/ERVL-MaLR	650	+	62	30548530	41237
chr3	30507293	30707293	harbor1	chr3	30549049	30549301	LTR/ERVL-MaLR	1229	+	126	30549175	41882
chr3	30507293	30707293	harbor1	chr3	30560312	30560781	LTR/ERVL-MaLR	1347	+	234	30560546	53253
chr3	30507293	30707293	harbor1	chr3	30580839	30580951	LTR/ERVL-MaLR	410	+	56	30580895	73602
chr3	23710887	23910887	harbor1	chr3	23762068	23762305	LTR/ERVL-MaLR	481	+	118	23762186	51299
chr3	23710887	23910887	harbor1	chr3	23765821	23766053	LTR/ERVL-MaLR	843	+	116	23765937	55050
chr3	23710887	23910887	harbor1	chr3	23778377	23778758	LTR/ERVL-MaLR	1694	+	190	23778567	67680
chr3	182580289	182780289	harbor1	chr3	182625207	182625423	LTR/ERVL-MaLR	727	+	108	182625315	45026
chr3	107991294	108191294	harbor1	chr3	108023714	108024132	LTR/ERVL-MaLR	1893	+	209	108023923	32629
chr3	107991294	108191294	harbor1	chr3	108042364	108042884	LTR/ERVL-MaLR	769	+	260	108042624	51330
chr3	107991294	108191294	harbor1	chr3	108060167	108060678	LTR/ERVL-MaLR	1047	+	256	108060423	69129
chr3	107991294	108191294	harbor1	chr3	108075592	108076239	LTR/ERVL-MaLR	2398	+	324	108075916	84622
chr3	159480531	159680531	harbor1	chr3	159549338	159549734	LTR/ERVL-MaLR	1558	+	198	159549536	69005
chr3	51939455	52139455	harbor1	chr3	52010503	52010999	LTR/ERVL-MaLR	2421	+	248	52010751	71296
chr3	51932225	52132225	harbor1	chr3	52010503	52010999	LTR/ERVL-MaLR	2421	+	248	52010751	78526
chr3	156989217	157189217	harbor1	chr3	156998874	156999253	LTR/ERVL-MaLR	2677	+	190	156999064	9847
chr3	156989217	157189217	harbor1	chr3	157000778	157001162	LTR/ERVL-MaLR	2174	+	192	157000970	11753
chr3	156989217	157189217	harbor1	chr3	157042889	157043304	LTR/ERVL-MaLR	2688	+	208	157043097	53880
chr3	156989217	157189217	harbor1	chr3	157060715	157061091	LTR/ERVL-MaLR	2117	+	188	157060903	71686
chr3	123544615	123744615	harbor1	chr3	123548086	123548573	LTR/ERVL-MaLR	1866	+	244	123548330	3715
chr3	123544615	123744615	harbor1	chr3	123565298	123565653	LTR/ERVL-MaLR	2134	+	178	123565476	20861
chr3	123544615	123744615	harbor1	chr3	123571235	123571840	LTR/ERVL-MaLR	2306	+	302	123571537	26922
chr3	123544615	123744615	harbor1	chr3	123581492	123581725	LTR/ERVL-MaLR	470	+	116	123581608	36993
chr3	123544615	123744615	harbor1	chr3	123591996	123592347	LTR/ERVL-MaLR	2436	+	176	123592172	47557
chr3	123544615	123744615	harbor1	chr3	123616563	123616929	LTR/ERVL-MaLR	2052	+	183	123616746	72131
chr3	46799778	46999778	harbor1	chr3	46804547	46804958	LTR/ERVL-MaLR	953	+	206	46804753	4975
chr3	46799778	46999778	harbor1	chr3	46805890	46805960	LTR/ERVL-MaLR	953	+	35	46805925	6147
chr3	46799778	46999778	harbor1	chr3	46819893	46820255	LTR/ERVL-MaLR	2354	+	181	46820074	20296
chr3	46799778	46999778	harbor1	chr3	46826867	46827051	LTR/ERVL-MaLR	1585	+	92	46826959	27181
chr3	46799778	46999778	harbor1	chr3	46827086	46827251	LTR/ERVL-MaLR	1585	+	82	46827168	27390
chr3	46799778	46999778	harbor1	chr3	46843365	46843674	LTR/ERVL-MaLR	1128	+	154	46843519	43741
chr3	48890290	49090290	harbor1	chr3	48914223	48914473	LTR/ERVL-MaLR	1771	+	125	48914348	24058
chr3	48890290	49090290	harbor1	chr3	48915409	48915669	LTR/ERVL-MaLR	1771	+	130	48915539	25249
chr3	51939521	52139521	harbor1	chr3	52010503	52010999	LTR/ERVL-MaLR	2421	+	248	52010751	71230
chr3	107991304	108191304	harbor1	chr3	108023714	108024132	LTR/ERVL-MaLR	1893	+	209	108023923	32619
chr3	107991304	108191304	harbor1	chr3	108042364	108042884	LTR/ERVL-MaLR	769	+	260	108042624	51320
chr3	107991304	108191304	harbor1	chr3	108060167	108060678	LTR/ERVL-MaLR	1047	+	256	108060423	69119
chr3	107991304	108191304	harbor1	chr3	108075592	108076239	LTR/ERVL-MaLR	2398	+	324	108075916	84612
chr3	38066121	38266121	harbor1	chr3	38152030	38152307	LTR/ERVL-MaLR	634	+	138	38152168	86047
chr3	38066121	38266121	harbor1	chr3	38152617	38152704	LTR/ERVL-MaLR	634	+	44	38152661	86540
chr3	38066121	38266121	harbor1	chr3	38157102	38157511	LTR/ERVL-MaLR	899	+	204	38157306	91185
chr3	129021082	129221082	harbor1	chr3	129051925	129052338	LTR/ERVL-MaLR	1567	+	206	129052131	31049
chr3	129021082	129221082	harbor1	chr3	129052652	129052719	LTR/ERVL-MaLR	1567	+	34	129052686	31604
chr3	129021082	129221082	harbor1	chr3	129078601	129078853	LTR/ERVL-MaLR	687	+	126	129078727	57645
chr3	47725235	47925235	harbor1	chr3	47798487	47798709	LTR/ERVL-MaLR	745	+	111	47798598	73363
chr3	51917252	52117252	harbor1	chr3	51931102	51931440	LTR/ERVL-MaLR	1059	+	169	51931271	14019
chr3	51917252	52117252	harbor1	chr3	51931756	51931842	LTR/ERVL-MaLR	1059	+	43	51931799	14547
chr3	51917252	52117252	harbor1	chr3	52010503	52010999	LTR/ERVL-MaLR	2421	+	248	52010751	93499
chr3	12827739	13027739	harbor1	chr3	12844592	12844946	LTR/ERVL-MaLR	2224	+	177	12844769	17030
chr3	12827739	13027739	harbor1	chr3	12844947	12845029	LTR/ERVL-MaLR	576	+	41	12844988	17249
chr3	12827739	13027739	harbor1	chr3	12845600	12845665	LTR/ERVL-MaLR	456	+	32	12845632	17893
chr3	12827739	13027739	harbor1	chr3	12845666	12847152	LTR/ERVL-MaLR	9249	+	743	12846409	18670
chr3	12827739	13027739	harbor1	chr3	12847153	12847508	LTR/ERVL-MaLR	2396	+	178	12847331	19592
chr3	12827739	13027739	harbor1	chr3	12881555	12881732	LTR/ERVL-MaLR	1020	+	88	12881643	53904
chr3	12827739	13027739	harbor1	chr3	12882030	12882271	LTR/ERVL-MaLR	1020	+	120	12882150	54411
chr3	12827739	13027739	harbor1	chr3	12912775	12913279	LTR/ERVL-MaLR	733	+	252	12913027	85288
chr3	195982427	196182427	harbor1	chr3	196007785	196007893	LTR/ERVL-MaLR	541	+	54	196007839	25412
chr3	195982427	196182427	harbor1	chr3	196015829	196016020	LTR/ERVL-MaLR	455	+	96	196015925	33498
chr3	107991392	108191392	harbor1	chr3	108023714	108024132	LTR/ERVL-MaLR	1893	+	209	108023923	32531
chr3	107991392	108191392	harbor1	chr3	108042364	108042884	LTR/ERVL-MaLR	769	+	260	108042624	51232
chr3	107991392	108191392	harbor1	chr3	108060167	108060678	LTR/ERVL-MaLR	1047	+	256	108060423	69031
chr3	107991392	108191392	harbor1	chr3	108075592	108076239	LTR/ERVL-MaLR	2398	+	324	108075916	84524
chr3	128328747	128528747	harbor1	chr3	128416670	128416931	LTR/ERVL-MaLR	484	+	130	128416800	88053
chr3	126256502	126456502	harbor1	chr3	126261972	126262422	LTR/ERVL-MaLR	1546	+	225	126262197	5695
chr3	126256502	126456502	harbor1	chr3	126299396	126299468	LTR/ERVL-MaLR	1394	+	36	126299432	42930
chr3	126256502	126456502	harbor1	chr3	126299774	126299990	LTR/ERVL-MaLR	1394	+	108	126299882	43380
chr3	126256502	126456502	harbor1	chr3	126304926	126305296	LTR/ERVL-MaLR	936	+	185	126305111	48609
chr3	126256502	126456502	harbor1	chr3	126312979	126313386	LTR/ERVL-MaLR	1644	+	204	126313183	56681
chr3	126256502	126456502	harbor1	chr3	126330005	126330359	LTR/ERVL-MaLR	536	+	177	126330182	73680
chr3	126256502	126456502	harbor1	chr3	126340150	126340338	LTR/ERVL-MaLR	513	+	94	126340244	83742
chr3	126256502	126456502	harbor1	chr3	126340407	126340583	LTR/ERVL-MaLR	446	+	88	126340495	83993
chr3	128328796	128528796	harbor1	chr3	128416670	128416931	LTR/ERVL-MaLR	484	+	130	128416800	88004
chr3	51571305	51771305	harbor1	chr3	51618598	51618785	LTR/ERVL-MaLR	717	+	94	51618692	47387
chr3	51571305	51771305	harbor1	chr3	51618787	51618914	LTR/ERVL-MaLR	570	+	64	51618851	47546
chr3	138334857	138534857	harbor1	chr3	138421825	138422254	LTR/ERVL-MaLR	1902	+	214	138422039	87182
chr3	42482018	42682018	harbor1	chr3	42487215	42487426	LTR/ERVL-MaLR	756	+	106	42487321	5303
chr3	42482018	42682018	harbor1	chr3	42487447	42487930	LTR/ERVL-MaLR	1840	+	242	42487689	5671
chr3	42482018	42682018	harbor1	chr3	42487931	42488377	LTR/ERVL-MaLR	2275	+	223	42488154	6136
chr3	42482018	42682018	harbor1	chr3	42495487	42496016	LTR/ERVL-MaLR	1411	+	264	42495751	13733
chr3	42482018	42682018	harbor1	chr3	42497580	42497924	LTR/ERVL-MaLR	2183	+	172	42497752	15734
chr3	42482018	42682018	harbor1	chr3	42565452	42565850	LTR/ERVL-MaLR	1263	+	199	42565651	83633
chr3	127581163	127781163	harbor1	chr3	127584551	127584714	LTR/ERVL-MaLR	525	+	82	127584633	3470
chr3	127581163	127781163	harbor1	chr3	127584890	127585096	LTR/ERVL-MaLR	528	+	103	127584993	3830
chr3	127581163	127781163	harbor1	chr3	127586917	127587479	LTR/ERVL-MaLR	923	+	281	127587198	6035
chr3	127581163	127781163	harbor1	chr3	127595618	127596083	LTR/ERVL-MaLR	1603	+	232	127595850	14687
chr3	127581163	127781163	harbor1	chr3	127596379	127596413	LTR/ERVL-MaLR	1603	+	17	127596396	15233
chr4	2656082	2856082	harbor1	chr4	2749335	2749769	LTR/ERVL-MaLR	1449	+	217	2749552	93470
chr4	694465	894465	harbor1	chr4	713991	714290	LTR/ERVL-MaLR	880	+	150	714141	19676
chr4	6810048	7010048	harbor1	chr4	6890313	6890710	LTR/ERVL-MaLR	2463	+	198	6890511	80463
chr4	6810048	7010048	harbor1	chr4	6896091	6896469	LTR/ERVL-MaLR	1996	+	189	6896280	86232
chr4	145080529	145280529	harbor1	chr4	145148999	145149450	LTR/ERVL-MaLR	2007	+	226	145149225	68696
chr4	145080529	145280529	harbor1	chr4	145157243	145157406	LTR/ERVL-MaLR	1074	+	82	145157325	76796
chr4	800333	1000333	harbor1	chr4	846032	846395	LTR/ERVL-MaLR	1714	+	182	846214	45881
chr4	910346	1110346	harbor1	chr4	922039	922232	LTR/ERVL-MaLR	1141	+	96	922135	11789
chr4	910346	1110346	harbor1	chr4	922535	922692	LTR/ERVL-MaLR	1141	+	78	922613	12267
chr4	910346	1110346	harbor1	chr4	924597	924732	LTR/ERVL-MaLR	607	+	68	924665	14319
chr4	910346	1110346	harbor1	chr4	925562	925889	LTR/ERVL-MaLR	1338	+	164	925726	15380
chr4	910346	1110346	harbor1	chr4	976872	977217	LTR/ERVL-MaLR	1096	+	172	977044	66698
chr4	551216	751216	harbor1	chr4	561732	562114	LTR/ERVL-MaLR	835	+	191	561923	10707
chr4	551216	751216	harbor1	chr4	610345	610857	LTR/ERVL-MaLR	1151	+	256	610601	59385
chr4	551216	751216	harbor1	chr4	615274	615651	LTR/ERVL-MaLR	1441	+	188	615462	64246
chr4	25761117	25961117	harbor1	chr4	25827182	25827614	LTR/ERVL-MaLR	1880	+	216	25827398	66281
chr4	903149	1103149	harbor1	chr4	922039	922232	LTR/ERVL-MaLR	1141	+	96	922135	18986
chr4	903149	1103149	harbor1	chr4	922535	922692	LTR/ERVL-MaLR	1141	+	78	922613	19464
chr4	903149	1103149	harbor1	chr4	924597	924732	LTR/ERVL-MaLR	607	+	68	924665	21516
chr4	903149	1103149	harbor1	chr4	925562	925889	LTR/ERVL-MaLR	1338	+	164	925726	22577
chr4	903149	1103149	harbor1	chr4	976872	977217	LTR/ERVL-MaLR	1096	+	172	977044	73895
chr4	866511	1066511	harbor1	chr4	922039	922232	LTR/ERVL-MaLR	1141	+	96	922135	55624
chr4	866511	1066511	harbor1	chr4	922535	922692	LTR/ERVL-MaLR	1141	+	78	922613	56102
chr4	866511	1066511	harbor1	chr4	924597	924732	LTR/ERVL-MaLR	607	+	68	924665	58154
chr4	866511	1066511	harbor1	chr4	925562	925889	LTR/ERVL-MaLR	1338	+	164	925726	59215
chr4	893424	1093424	harbor1	chr4	922039	922232	LTR/ERVL-MaLR	1141	+	96	922135	28711
chr4	893424	1093424	harbor1	chr4	922535	922692	LTR/ERVL-MaLR	1141	+	78	922613	29189
chr4	893424	1093424	harbor1	chr4	924597	924732	LTR/ERVL-MaLR	607	+	68	924665	31241
chr4	893424	1093424	harbor1	chr4	925562	925889	LTR/ERVL-MaLR	1338	+	164	925726	32302
chr4	893424	1093424	harbor1	chr4	976872	977217	LTR/ERVL-MaLR	1096	+	172	977044	83620
chr4	150914523	151114523	harbor1	chr4	150938413	150938893	LTR/ERVL-MaLR	757	+	240	150938653	24130
chr4	150914523	151114523	harbor1	chr4	150939162	150939608	LTR/ERVL-MaLR	2338	+	223	150939385	24862
chr4	150914523	151114523	harbor1	chr4	150943829	150944250	LTR/ERVL-MaLR	1776	+	210	150944039	29516
chr4	150914523	151114523	harbor1	chr4	150944758	150945108	LTR/ERVL-MaLR	2356	+	175	150944933	30410
chr4	145080526	145280526	harbor1	chr4	145148999	145149450	LTR/ERVL-MaLR	2007	+	226	145149225	68699
chr4	145080526	145280526	harbor1	chr4	145157243	145157406	LTR/ERVL-MaLR	1074	+	82	145157325	76799
chr4	159002387	159202387	harbor1	chr4	159079168	159079535	LTR/ERVL-MaLR	2133	+	184	159079352	76965
chr4	159002718	159202718	harbor1	chr4	159079168	159079535	LTR/ERVL-MaLR	2133	+	184	159079352	76634
chr4	139456023	139656023	harbor1	chr4	139480229	139480274	LTR/ERVL-MaLR	634	+	22	139480251	24228
chr4	139456023	139656023	harbor1	chr4	139481464	139481714	LTR/ERVL-MaLR	634	+	125	139481589	25566
chr4	139456023	139656023	harbor1	chr4	139503903	139504192	LTR/ERVL-MaLR	879	+	144	139504047	48024
chr4	139456023	139656023	harbor1	chr4	139539664	139540030	LTR/ERVL-MaLR	1892	+	183	139539847	83824
chr4	3263597	3463597	harbor1	chr4	3278857	3279234	LTR/ERVL-MaLR	2195	+	188	3279045	15448
chr4	3263597	3463597	harbor1	chr4	3325322	3325517	LTR/ERVL-MaLR	969	+	98	3325420	61823
chr4	3263597	3463597	harbor1	chr4	3328447	3328633	LTR/ERVL-MaLR	910	+	93	3328540	64943
chr4	39598067	39798067	harbor1	chr4	39641504	39641956	LTR/ERVL-MaLR	1497	+	226	39641730	43663
chr4	1365432	1565432	harbor1	chr4	1399539	1399937	LTR/ERVL-MaLR	902	+	199	1399738	34306
chr4	145080585	145280585	harbor1	chr4	145148999	145149450	LTR/ERVL-MaLR	2007	+	226	145149225	68640
chr4	145080585	145280585	harbor1	chr4	145157243	145157406	LTR/ERVL-MaLR	1074	+	82	145157325	76740
chr4	158917337	159117337	harbor1	chr4	158921098	158921156	LTR/ERVL-MaLR	1306	+	29	158921127	3790
chr4	158917337	159117337	harbor1	chr4	158921475	158921711	LTR/ERVL-MaLR	1306	+	118	158921593	4256
chr4	158917337	159117337	harbor1	chr4	158923872	158924255	LTR/ERVL-MaLR	1607	+	192	158924064	6727
chr4	158917337	159117337	harbor1	chr4	158946350	158946703	LTR/ERVL-MaLR	1843	+	176	158946526	29189
chr4	158917337	159117337	harbor1	chr4	158952242	158952556	LTR/ERVL-MaLR	1863	+	157	158952399	35062
chr4	158917337	159117337	harbor1	chr4	158952557	158954124	LTR/ERVL-MaLR	11250	+	784	158953341	36004
chr4	158917337	159117337	harbor1	chr4	158954125	158954481	LTR/ERVL-MaLR	2322	+	178	158954303	36966
chr4	158917337	159117337	harbor1	chr4	158963588	158963880	LTR/ERVL-MaLR	2877	+	146	158963734	46397
chr4	158917337	159117337	harbor1	chr4	158964192	158964526	LTR/ERVL-MaLR	2877	+	167	158964359	47022
chr4	910850	1110850	harbor1	chr4	922039	922232	LTR/ERVL-MaLR	1141	+	96	922135	11285
chr4	910850	1110850	harbor1	chr4	922535	922692	LTR/ERVL-MaLR	1141	+	78	922613	11763
chr4	910850	1110850	harbor1	chr4	924597	924732	LTR/ERVL-MaLR	607	+	68	924665	13815
chr4	910850	1110850	harbor1	chr4	925562	925889	LTR/ERVL-MaLR	1338	+	164	925726	14876
chr4	910850	1110850	harbor1	chr4	976872	977217	LTR/ERVL-MaLR	1096	+	172	977044	66194
chr4	1107423	1307423	harbor1	chr4	1129865	1130207	LTR/ERVL-MaLR	1234	+	171	1130036	22613
chr4	1107423	1307423	harbor1	chr4	1142987	1143123	LTR/ERVL-MaLR	657	+	68	1143055	35632
chr4	1107423	1307423	harbor1	chr4	1203104	1203239	LTR/ERVL-MaLR	730	+	68	1203172	95749
chr4	551200	751200	harbor1	chr4	561732	562114	LTR/ERVL-MaLR	835	+	191	561923	10723
chr4	551200	751200	harbor1	chr4	610345	610857	LTR/ERVL-MaLR	1151	+	256	610601	59401
chr4	551200	751200	harbor1	chr4	615274	615651	LTR/ERVL-MaLR	1441	+	188	615462	64262
chr4	150608140	150808140	harbor1	chr4	150615699	150616110	LTR/ERVL-MaLR	1034	+	206	150615905	7765
chr4	150608140	150808140	harbor1	chr4	150637406	150637919	LTR/ERVL-MaLR	1568	+	256	150637662	29522
chr4	150608140	150808140	harbor1	chr4	150667530	150667898	LTR/ERVL-MaLR	1470	+	184	150667714	59574
chr4	150608140	150808140	harbor1	chr4	150667899	150668020	LTR/ERVL-MaLR	1883	+	60	150667959	59819
chr4	150608140	150808140	harbor1	chr4	150667158	150667529	LTR/ERVL-MaLR	1883	+	186	150667344	59204
chr4	910370	1110370	harbor1	chr4	922039	922232	LTR/ERVL-MaLR	1141	+	96	922135	11765
chr4	910370	1110370	harbor1	chr4	922535	922692	LTR/ERVL-MaLR	1141	+	78	922613	12243
chr4	910370	1110370	harbor1	chr4	924597	924732	LTR/ERVL-MaLR	607	+	68	924665	14295
chr4	910370	1110370	harbor1	chr4	925562	925889	LTR/ERVL-MaLR	1338	+	164	925726	15356
chr4	910370	1110370	harbor1	chr4	976872	977217	LTR/ERVL-MaLR	1096	+	172	977044	66674
chr4	52497288	52697288	harbor1	chr4	52497975	52498345	LTR/ERVL-MaLR	2100	+	185	52498160	872
chr4	52497288	52697288	harbor1	chr4	52508444	52508584	LTR/ERVL-MaLR	702	+	70	52508514	11226
chr4	52497288	52697288	harbor1	chr4	52511035	52511139	LTR/ERVL-MaLR	1089	+	52	52511087	13799
chr4	52497288	52697288	harbor1	chr4	52513561	52513900	LTR/ERVL-MaLR	2418	+	170	52513731	16443
chr4	52497288	52697288	harbor1	chr4	52528854	52529240	LTR/ERVL-MaLR	1899	+	193	52529047	31759
chr4	52497288	52697288	harbor1	chr4	52529600	52530036	LTR/ERVL-MaLR	1794	+	218	52529818	32530
chr4	52497288	52697288	harbor1	chr4	52535862	52536259	LTR/ERVL-MaLR	839	+	198	52536060	38772
chr4	52497288	52697288	harbor1	chr4	52556708	52557189	LTR/ERVL-MaLR	689	+	240	52556948	59660
chr4	52497288	52697288	harbor1	chr4	52572888	52573251	LTR/ERVL-MaLR	1883	+	182	52573070	75782
chr4	52497288	52697288	harbor1	chr4	52576977	52577087	LTR/ERVL-MaLR	693	+	55	52577032	79744
chr4	52497288	52697288	harbor1	chr4	52584001	52584364	LTR/ERVL-MaLR	1472	+	182	52584183	86895
chr4	52497288	52697288	harbor1	chr4	52592390	52592566	LTR/ERVL-MaLR	2136	+	88	52592478	95190
chr4	52497288	52697288	harbor1	chr4	52592859	52593077	LTR/ERVL-MaLR	2136	+	109	52592968	95680
chr4	52497288	52697288	harbor1	chr4	52510627	52510813	LTR/ERVL-MaLR	1089	+	93	52510720	13432
chr4	128711743	128911743	harbor1	chr4	128752178	128752521	LTR/ERVL-MaLR	1792	+	172	128752350	40607
chr4	76113424	76313424	harbor1	chr4	76136479	76136957	LTR/ERVL-MaLR	2312	+	239	76136718	23294
chr4	76113424	76313424	harbor1	chr4	76167266	76167654	LTR/ERVL-MaLR	2551	+	194	76167460	54036
chr4	76113424	76313424	harbor1	chr4	76191337	76191697	LTR/ERVL-MaLR	2113	+	180	76191517	78093
chr4	76113424	76313424	harbor1	chr4	76192111	76192643	LTR/ERVL-MaLR	3347	+	266	76192377	78953
chr4	76113424	76313424	harbor1	chr4	76192870	76193903	LTR/ERVL-MaLR	6148	+	516	76193386	79962
chr4	76113424	76313424	harbor1	chr4	76193904	76194298	LTR/ERVL-MaLR	2252	+	197	76194101	80677
chr4	76113424	76313424	harbor1	chr4	76196825	76197213	LTR/ERVL-MaLR	2113	+	194	76197019	83595
chr4	76113424	76313424	harbor1	chr4	76205957	76206307	LTR/ERVL-MaLR	2050	+	175	76206132	92708
chr4	120822653	121022653	harbor1	chr4	120823775	120824178	LTR/ERVL-MaLR	2113	+	202	120823977	1324
chr4	120822653	121022653	harbor1	chr4	120830259	120830536	LTR/ERVL-MaLR	629	+	138	120830397	7744
chr4	120822653	121022653	harbor1	chr4	120834218	120834582	LTR/ERVL-MaLR	2040	+	182	120834400	11747
chr4	120822653	121022653	harbor1	chr4	120835432	120835760	LTR/ERVL-MaLR	1829	+	164	120835596	12943
chr4	120822653	121022653	harbor1	chr4	120847153	120847701	LTR/ERVL-MaLR	1370	+	274	120847427	24774
chr4	120822653	121022653	harbor1	chr4	120866750	120867266	LTR/ERVL-MaLR	1497	+	258	120867008	44355
chr4	120822653	121022653	harbor1	chr4	120903609	120903907	LTR/ERVL-MaLR	2133	+	149	120903758	81105
chr4	120822653	121022653	harbor1	chr4	120904214	120904282	LTR/ERVL-MaLR	2133	+	34	120904248	81595
chr4	2363119	2563119	harbor1	chr4	2369494	2369833	LTR/ERVL-MaLR	1037	+	170	2369664	6545
chr4	2363119	2563119	harbor1	chr4	2370148	2370201	LTR/ERVL-MaLR	1037	+	26	2370174	7055
chr4	2363119	2563119	harbor1	chr4	2380576	2380925	LTR/ERVL-MaLR	2531	+	174	2380750	17631
chr4	2363119	2563119	harbor1	chr4	2380926	2381401	LTR/ERVL-MaLR	10807	+	238	2381164	18045
chr4	2363119	2563119	harbor1	chr4	2381706	2382747	LTR/ERVL-MaLR	10807	+	520	2382226	19107
chr4	2363119	2563119	harbor1	chr4	2383174	2383530	LTR/ERVL-MaLR	2404	+	178	2383352	20233
chr4	2363119	2563119	harbor1	chr4	2386128	2386202	LTR/ERVL-MaLR	1515	+	37	2386165	23046
chr4	2363119	2563119	harbor1	chr4	2386497	2386812	LTR/ERVL-MaLR	1515	+	158	2386655	23536
chr4	2363119	2563119	harbor1	chr4	2389973	2390403	LTR/ERVL-MaLR	1183	+	215	2390188	27069
chr4	8767896	8967896	harbor1	chr4	8785510	8785952	LTR/ERVL-MaLR	1159	+	221	8785731	17835
chr4	8767896	8967896	harbor1	chr4	8849184	8849619	LTR/ERVL-MaLR	898	+	218	8849402	81506
chr4	143414065	143614065	harbor1	chr4	143501015	143501394	LTR/ERVL-MaLR	2397	+	190	143501205	87140
chr4	120822725	121022725	harbor1	chr4	120823775	120824178	LTR/ERVL-MaLR	2113	+	202	120823977	1252
chr4	120822725	121022725	harbor1	chr4	120830259	120830536	LTR/ERVL-MaLR	629	+	138	120830397	7672
chr4	120822725	121022725	harbor1	chr4	120834218	120834582	LTR/ERVL-MaLR	2040	+	182	120834400	11675
chr4	120822725	121022725	harbor1	chr4	120835432	120835760	LTR/ERVL-MaLR	1829	+	164	120835596	12871
chr4	120822725	121022725	harbor1	chr4	120847153	120847701	LTR/ERVL-MaLR	1370	+	274	120847427	24702
chr4	120822725	121022725	harbor1	chr4	120866750	120867266	LTR/ERVL-MaLR	1497	+	258	120867008	44283
chr4	120822725	121022725	harbor1	chr4	120903609	120903907	LTR/ERVL-MaLR	2133	+	149	120903758	81033
chr4	120822725	121022725	harbor1	chr4	120904214	120904282	LTR/ERVL-MaLR	2133	+	34	120904248	81523
chr4	148339554	148539554	harbor1	chr4	148378415	148378829	LTR/ERVL-MaLR	2689	+	207	148378622	39068
chr4	148339554	148539554	harbor1	chr4	148393843	148394341	LTR/ERVL-MaLR	1141	+	249	148394092	54538
chr4	148339554	148539554	harbor1	chr4	148394342	148394399	LTR/ERVL-MaLR	905	+	28	148394370	54816
chr4	148339554	148539554	harbor1	chr4	148394700	148395036	LTR/ERVL-MaLR	905	+	168	148394868	55314
chr4	148339554	148539554	harbor1	chr4	148420627	148421039	LTR/ERVL-MaLR	2570	+	206	148420833	81279
chr4	55295888	55495888	harbor1	chr4	55305428	55305920	LTR/ERVL-MaLR	624	+	246	55305674	9786
chr4	55295888	55495888	harbor1	chr4	55306975	55307375	LTR/ERVL-MaLR	2102	+	200	55307175	11287
chr4	55295888	55495888	harbor1	chr4	55311956	55312359	LTR/ERVL-MaLR	767	+	202	55312158	16270
chr4	55295888	55495888	harbor1	chr4	55312823	55312916	LTR/ERVL-MaLR	767	+	46	55312869	16981
chr4	55295888	55495888	harbor1	chr4	55313284	55313646	LTR/ERVL-MaLR	2082	+	181	55313465	17577
chr4	55295888	55495888	harbor1	chr4	55386126	55386583	LTR/ERVL-MaLR	1022	+	228	55386354	90466
chr4	55295888	55495888	harbor1	chr4	55312360	55312822	LTR/ERVL-MaLR	963	+	231	55312591	16703
chr4	25762833	25962833	harbor1	chr4	25827182	25827614	LTR/ERVL-MaLR	1880	+	216	25827398	64565
chr4	70588818	70788818	harbor1	chr4	70618202	70618571	LTR/ERVL-MaLR	1847	+	184	70618386	29568
chr4	70588818	70788818	harbor1	chr4	70618572	70618808	LTR/ERVL-MaLR	1622	+	118	70618690	29872
chr4	70588818	70788818	harbor1	chr4	70618787	70618919	LTR/ERVL-MaLR	888	+	66	70618853	30035
chr4	70588818	70788818	harbor1	chr4	70618920	70619293	LTR/ERVL-MaLR	1951	+	186	70619106	30288
chr4	551205	751205	harbor1	chr4	561732	562114	LTR/ERVL-MaLR	835	+	191	561923	10718
chr4	551205	751205	harbor1	chr4	610345	610857	LTR/ERVL-MaLR	1151	+	256	610601	59396
chr4	551205	751205	harbor1	chr4	615274	615651	LTR/ERVL-MaLR	1441	+	188	615462	64257
chr4	153364398	153564398	harbor1	chr4	153455038	153455394	LTR/ERVL-MaLR	2056	+	178	153455216	90818
chr4	866565	1066565	harbor1	chr4	922039	922232	LTR/ERVL-MaLR	1141	+	96	922135	55570
chr4	866565	1066565	harbor1	chr4	922535	922692	LTR/ERVL-MaLR	1141	+	78	922613	56048
chr4	866565	1066565	harbor1	chr4	924597	924732	LTR/ERVL-MaLR	607	+	68	924665	58100
chr4	866565	1066565	harbor1	chr4	925562	925889	LTR/ERVL-MaLR	1338	+	164	925726	59161
chr4	15581883	15781883	harbor1	chr4	15658348	15658759	LTR/ERVL-MaLR	2843	+	206	15658554	76671
chr4	139076181	139276181	harbor1	chr4	139129920	139130367	LTR/ERVL-MaLR	1707	+	224	139130144	53963
chr4	120822783	121022783	harbor1	chr4	120823775	120824178	LTR/ERVL-MaLR	2113	+	202	120823977	1194
chr4	120822783	121022783	harbor1	chr4	120830259	120830536	LTR/ERVL-MaLR	629	+	138	120830397	7614
chr4	120822783	121022783	harbor1	chr4	120834218	120834582	LTR/ERVL-MaLR	2040	+	182	120834400	11617
chr4	120822783	121022783	harbor1	chr4	120835432	120835760	LTR/ERVL-MaLR	1829	+	164	120835596	12813
chr4	120822783	121022783	harbor1	chr4	120847153	120847701	LTR/ERVL-MaLR	1370	+	274	120847427	24644
chr4	120822783	121022783	harbor1	chr4	120866750	120867266	LTR/ERVL-MaLR	1497	+	258	120867008	44225
chr4	120822783	121022783	harbor1	chr4	120903609	120903907	LTR/ERVL-MaLR	2133	+	149	120903758	80975
chr4	120822783	121022783	harbor1	chr4	120904214	120904282	LTR/ERVL-MaLR	2133	+	34	120904248	81465
chr4	55295797	55495797	harbor1	chr4	55305428	55305920	LTR/ERVL-MaLR	624	+	246	55305674	9877
chr4	55295797	55495797	harbor1	chr4	55306975	55307375	LTR/ERVL-MaLR	2102	+	200	55307175	11378
chr4	55295797	55495797	harbor1	chr4	55311956	55312359	LTR/ERVL-MaLR	767	+	202	55312158	16361
chr4	55295797	55495797	harbor1	chr4	55312823	55312916	LTR/ERVL-MaLR	767	+	46	55312869	17072
chr4	55295797	55495797	harbor1	chr4	55313284	55313646	LTR/ERVL-MaLR	2082	+	181	55313465	17668
chr4	55295797	55495797	harbor1	chr4	55386126	55386583	LTR/ERVL-MaLR	1022	+	228	55386354	90557
chr4	55295797	55495797	harbor1	chr4	55312360	55312822	LTR/ERVL-MaLR	963	+	231	55312591	16794
chr4	866512	1066512	harbor1	chr4	922039	922232	LTR/ERVL-MaLR	1141	+	96	922135	55623
chr4	866512	1066512	harbor1	chr4	922535	922692	LTR/ERVL-MaLR	1141	+	78	922613	56101
chr4	866512	1066512	harbor1	chr4	924597	924732	LTR/ERVL-MaLR	607	+	68	924665	58153
chr4	866512	1066512	harbor1	chr4	925562	925889	LTR/ERVL-MaLR	1338	+	164	925726	59214
chr4	1350400	1550400	harbor1	chr4	1399539	1399937	LTR/ERVL-MaLR	902	+	199	1399738	49338
chr5	73351493	73551493	harbor1	chr5	73385130	73385611	LTR/ERVL-MaLR	1527	+	240	73385370	33877
chr5	73351493	73551493	harbor1	chr5	73386037	73386532	LTR/ERVL-MaLR	2454	+	248	73386285	34792
chr5	9549845	9749845	harbor1	chr5	9551134	9551320	LTR/ERVL-MaLR	660	+	93	9551227	1382
chr5	9549845	9749845	harbor1	chr5	9551622	9551847	LTR/ERVL-MaLR	660	+	112	9551734	1889
chr5	9549845	9749845	harbor1	chr5	9578148	9578665	LTR/ERVL-MaLR	975	+	258	9578406	28561
chr5	9549845	9749845	harbor1	chr5	9601919	9602073	LTR/ERVL-MaLR	1777	+	77	9601996	52151
chr5	9549845	9749845	harbor1	chr5	9602379	9602596	LTR/ERVL-MaLR	1777	+	108	9602487	52642
chr5	9549845	9749845	harbor1	chr5	9611957	9612301	LTR/ERVL-MaLR	1765	+	172	9612129	62284
chr5	9549845	9749845	harbor1	chr5	9645459	9645677	LTR/ERVL-MaLR	436	+	109	9645568	95723
chr5	10661237	10861237	harbor1	chr5	10678000	10678459	LTR/ERVL-MaLR	1703	+	230	10678230	16993
chr5	10661237	10861237	harbor1	chr5	10711988	10712339	LTR/ERVL-MaLR	2147	+	176	10712164	50927
chr5	10661237	10861237	harbor1	chr5	10714621	10715043	LTR/ERVL-MaLR	2378	+	211	10714832	53595
chr5	10661237	10861237	harbor1	chr5	10731677	10731849	LTR/ERVL-MaLR	545	+	86	10731763	70526
chr5	10661237	10861237	harbor1	chr5	10735865	10736298	LTR/ERVL-MaLR	1949	+	216	10736081	74844
chr5	10661237	10861237	harbor1	chr5	10737747	10738211	LTR/ERVL-MaLR	2173	+	232	10737979	76742
chr5	10661237	10861237	harbor1	chr5	10751569	10751951	LTR/ERVL-MaLR	1721	+	191	10751760	90523
chr5	10661237	10861237	harbor1	chr5	10755039	10755452	LTR/ERVL-MaLR	1954	+	206	10755245	94008
chr5	9114326	9314326	harbor1	chr5	9114488	9115736	LTR/ERVL-MaLR	4018	+	624	9115112	786
chr5	9114326	9314326	harbor1	chr5	9115746	9116306	LTR/ERVL-MaLR	1006	+	280	9116026	1700
chr5	9114326	9314326	harbor1	chr5	9128239	9128504	LTR/ERVL-MaLR	619	+	132	9128371	14045
chr5	9114326	9314326	harbor1	chr5	9132286	9132620	LTR/ERVL-MaLR	1052	+	167	9132453	18127
chr5	9114326	9314326	harbor1	chr5	9133840	9134200	LTR/ERVL-MaLR	2016	+	180	9134020	19694
chr5	9114326	9314326	harbor1	chr5	9163594	9163965	LTR/ERVL-MaLR	2050	+	186	9163780	49454
chr5	9114326	9314326	harbor1	chr5	9170461	9170824	LTR/ERVL-MaLR	1598	+	182	9170643	56317
chr5	9114326	9314326	harbor1	chr5	9175930	9176586	LTR/ERVL-MaLR	2236	+	328	9176258	61932
chr5	9114326	9314326	harbor1	chr5	9188005	9188360	LTR/ERVL-MaLR	1620	+	178	9188183	73857
chr5	9114326	9314326	harbor1	chr5	9196183	9196546	LTR/ERVL-MaLR	1023	+	182	9196365	82039
chr5	10150551	10350551	harbor1	chr5	10165003	10165300	LTR/ERVL-MaLR	665	+	148	10165151	14600
chr5	10150551	10350551	harbor1	chr5	10166800	10167211	LTR/ERVL-MaLR	1472	+	206	10167006	16455
chr5	10150551	10350551	harbor1	chr5	10171426	10171588	LTR/ERVL-MaLR	982	+	81	10171507	20956
chr5	10150551	10350551	harbor1	chr5	10193236	10193320	LTR/ERVL-MaLR	1837	+	42	10193278	42727
chr5	10150551	10350551	harbor1	chr5	10193622	10194034	LTR/ERVL-MaLR	1837	+	206	10193828	43277
chr5	10150551	10350551	harbor1	chr5	10211648	10212016	LTR/ERVL-MaLR	2336	+	184	10211832	61281
chr5	10150551	10350551	harbor1	chr5	10218154	10218262	LTR/ERVL-MaLR	720	+	54	10218208	67657
chr5	10150551	10350551	harbor1	chr5	10237389	10237750	LTR/ERVL-MaLR	2257	+	180	10237569	87018
chr5	6633235	6833235	harbor1	chr5	6664998	6665380	LTR/ERVL-MaLR	790	+	191	6665189	31954
chr5	6633235	6833235	harbor1	chr5	6676668	6677034	LTR/ERVL-MaLR	627	+	183	6676851	43616
chr5	6633235	6833235	harbor1	chr5	6677039	6678323	LTR/ERVL-MaLR	2247	+	642	6677681	44446
chr5	6633235	6833235	harbor1	chr5	6688074	6688562	LTR/ERVL-MaLR	2514	+	244	6688318	55083
chr5	6633235	6833235	harbor1	chr5	6706669	6707110	LTR/ERVL-MaLR	1380	+	220	6706889	73654
chr5	6633235	6833235	harbor1	chr5	6708576	6708777	LTR/ERVL-MaLR	740	+	100	6708676	75441
chr5	6633235	6833235	harbor1	chr5	6708777	6709245	LTR/ERVL-MaLR	867	+	234	6709011	75776
chr5	6633235	6833235	harbor1	chr5	6710471	6710702	LTR/ERVL-MaLR	904	+	116	6710587	77352
chr5	6633235	6833235	harbor1	chr5	6710690	6710958	LTR/ERVL-MaLR	1231	+	134	6710824	77589
chr5	10102676	10302676	harbor1	chr5	10110099	10110491	LTR/ERVL-MaLR	1372	+	196	10110295	7619
chr5	10102676	10302676	harbor1	chr5	10114962	10115283	LTR/ERVL-MaLR	622	+	160	10115122	12446
chr5	10102676	10302676	harbor1	chr5	10119461	10119869	LTR/ERVL-MaLR	2350	+	204	10119665	16989
chr5	10102676	10302676	harbor1	chr5	10121293	10121455	LTR/ERVL-MaLR	2139	+	81	10121374	18698
chr5	10102676	10302676	harbor1	chr5	10121769	10121977	LTR/ERVL-MaLR	2139	+	104	10121873	19197
chr5	10102676	10302676	harbor1	chr5	10124685	10124855	LTR/ERVL-MaLR	1956	+	85	10124770	22094
chr5	10102676	10302676	harbor1	chr5	10127908	10128282	LTR/ERVL-MaLR	1485	+	187	10128095	25419
chr5	10102676	10302676	harbor1	chr5	10130845	10131310	LTR/ERVL-MaLR	1186	+	232	10131077	28401
chr5	10102676	10302676	harbor1	chr5	10139993	10140333	LTR/ERVL-MaLR	1382	+	170	10140163	37487
chr5	10102676	10302676	harbor1	chr5	10142241	10142615	LTR/ERVL-MaLR	2165	+	187	10142428	39752
chr5	10102676	10302676	harbor1	chr5	10144405	10144888	LTR/ERVL-MaLR	1100	+	242	10144647	41971
chr5	10102676	10302676	harbor1	chr5	10165003	10165300	LTR/ERVL-MaLR	665	+	148	10165151	62475
chr5	10102676	10302676	harbor1	chr5	10166800	10167211	LTR/ERVL-MaLR	1472	+	206	10167006	64330
chr5	10102676	10302676	harbor1	chr5	10171426	10171588	LTR/ERVL-MaLR	982	+	81	10171507	68831
chr5	10102676	10302676	harbor1	chr5	10193236	10193320	LTR/ERVL-MaLR	1837	+	42	10193278	90602
chr5	10102676	10302676	harbor1	chr5	10193622	10194034	LTR/ERVL-MaLR	1837	+	206	10193828	91152
chr5	10102676	10302676	harbor1	chr5	10125147	10125443	LTR/ERVL-MaLR	1956	+	148	10125295	22619
chr5	10296849	10496849	harbor1	chr5	10299993	10300444	LTR/ERVL-MaLR	1911	+	226	10300219	3370
chr5	10296849	10496849	harbor1	chr5	10308971	10309295	LTR/ERVL-MaLR	1172	+	162	10309133	12284
chr5	10296849	10496849	harbor1	chr5	10309583	10309620	LTR/ERVL-MaLR	1172	+	18	10309601	12752
chr5	10296849	10496849	harbor1	chr5	10310978	10311102	LTR/ERVL-MaLR	853	+	62	10311040	14191
chr5	10296849	10496849	harbor1	chr5	10311762	10312185	LTR/ERVL-MaLR	868	+	212	10311974	15125
chr5	10296849	10496849	harbor1	chr5	10312514	10312823	LTR/ERVL-MaLR	1101	+	154	10312668	15819
chr5	10296849	10496849	harbor1	chr5	10313598	10314014	LTR/ERVL-MaLR	1855	+	208	10313806	16957
chr5	10296849	10496849	harbor1	chr5	10314417	10314696	LTR/ERVL-MaLR	744	+	140	10314557	17708
chr5	10296849	10496849	harbor1	chr5	10314714	10314829	LTR/ERVL-MaLR	1245	+	58	10314772	17923
chr5	10296849	10496849	harbor1	chr5	10314830	10315227	LTR/ERVL-MaLR	2367	+	198	10315028	18179
chr5	10296849	10496849	harbor1	chr5	10315228	10315612	LTR/ERVL-MaLR	1376	+	192	10315420	18571
chr5	10296849	10496849	harbor1	chr5	10317829	10317999	LTR/ERVL-MaLR	767	+	85	10317914	21065
chr5	10296849	10496849	harbor1	chr5	10318368	10318468	LTR/ERVL-MaLR	416	+	50	10318418	21569
chr5	10296849	10496849	harbor1	chr5	10334541	10334921	LTR/ERVL-MaLR	1586	+	190	10334731	37882
chr5	10661256	10861256	harbor1	chr5	10678000	10678459	LTR/ERVL-MaLR	1703	+	230	10678230	16974
chr5	10661256	10861256	harbor1	chr5	10711988	10712339	LTR/ERVL-MaLR	2147	+	176	10712164	50908
chr5	10661256	10861256	harbor1	chr5	10714621	10715043	LTR/ERVL-MaLR	2378	+	211	10714832	53576
chr5	10661256	10861256	harbor1	chr5	10731677	10731849	LTR/ERVL-MaLR	545	+	86	10731763	70507
chr5	10661256	10861256	harbor1	chr5	10735865	10736298	LTR/ERVL-MaLR	1949	+	216	10736081	74825
chr5	10661256	10861256	harbor1	chr5	10737747	10738211	LTR/ERVL-MaLR	2173	+	232	10737979	76723
chr5	10661256	10861256	harbor1	chr5	10751569	10751951	LTR/ERVL-MaLR	1721	+	191	10751760	90504
chr5	10661256	10861256	harbor1	chr5	10755039	10755452	LTR/ERVL-MaLR	1954	+	206	10755245	93989
chr5	40697590	40897590	harbor1	chr5	40739389	40739795	LTR/ERVL-MaLR	2554	+	203	40739592	42002
chr5	40697590	40897590	harbor1	chr5	40757849	40758000	LTR/ERVL-MaLR	529	+	76	40757925	60335
chr5	40697590	40897590	harbor1	chr5	40785654	40785839	LTR/ERVL-MaLR	1502	+	92	40785746	88156
chr5	40697590	40897590	harbor1	chr5	40785880	40785972	LTR/ERVL-MaLR	1502	+	46	40785926	88336
chr5	40697590	40897590	harbor1	chr5	40786271	40786441	LTR/ERVL-MaLR	1502	+	85	40786356	88766
chr5	10661135	10861135	harbor1	chr5	10678000	10678459	LTR/ERVL-MaLR	1703	+	230	10678230	17095
chr5	10661135	10861135	harbor1	chr5	10711988	10712339	LTR/ERVL-MaLR	2147	+	176	10712164	51029
chr5	10661135	10861135	harbor1	chr5	10714621	10715043	LTR/ERVL-MaLR	2378	+	211	10714832	53697
chr5	10661135	10861135	harbor1	chr5	10731677	10731849	LTR/ERVL-MaLR	545	+	86	10731763	70628
chr5	10661135	10861135	harbor1	chr5	10735865	10736298	LTR/ERVL-MaLR	1949	+	216	10736081	74946
chr5	10661135	10861135	harbor1	chr5	10737747	10738211	LTR/ERVL-MaLR	2173	+	232	10737979	76844
chr5	10661135	10861135	harbor1	chr5	10751569	10751951	LTR/ERVL-MaLR	1721	+	191	10751760	90625
chr5	10661135	10861135	harbor1	chr5	10755039	10755452	LTR/ERVL-MaLR	1954	+	206	10755245	94110
chr5	10184404	10384404	harbor1	chr5	10193236	10193320	LTR/ERVL-MaLR	1837	+	42	10193278	8874
chr5	10184404	10384404	harbor1	chr5	10193622	10194034	LTR/ERVL-MaLR	1837	+	206	10193828	9424
chr5	10184404	10384404	harbor1	chr5	10211648	10212016	LTR/ERVL-MaLR	2336	+	184	10211832	27428
chr5	10184404	10384404	harbor1	chr5	10218154	10218262	LTR/ERVL-MaLR	720	+	54	10218208	33804
chr5	10184404	10384404	harbor1	chr5	10237389	10237750	LTR/ERVL-MaLR	2257	+	180	10237569	53165
chr5	10184404	10384404	harbor1	chr5	10269674	10269904	LTR/ERVL-MaLR	1805	+	115	10269789	85385
chr5	10184404	10384404	harbor1	chr5	10270203	10270558	LTR/ERVL-MaLR	1805	+	178	10270381	85977
chr5	135008188	135208188	harbor1	chr5	135089504	135089870	LTR/ERVL-MaLR	2932	+	183	135089687	81499
chr5	138846281	139046281	harbor1	chr5	138897982	138898380	LTR/ERVL-MaLR	2116	+	199	138898181	51900
chr5	138846281	139046281	harbor1	chr5	138911306	138911782	LTR/ERVL-MaLR	2213	+	238	138911544	65263
chr5	138846281	139046281	harbor1	chr5	138941929	138942427	LTR/ERVL-MaLR	1637	+	249	138942178	95897
chr5	109788598	109988598	harbor1	chr5	109851322	109851687	LTR/ERVL-MaLR	1924	+	182	109851504	62906
chr5	109788598	109988598	harbor1	chr5	109873348	109873737	LTR/ERVL-MaLR	738	+	194	109873542	84944
chr5	109788598	109988598	harbor1	chr5	109876856	109877294	LTR/ERVL-MaLR	1085	+	219	109877075	88477
chr5	109788598	109988598	harbor1	chr5	109878963	109879361	LTR/ERVL-MaLR	1436	+	199	109879162	90564
chr5	132128916	132328916	harbor1	chr5	132186087	132186409	LTR/ERVL-MaLR	919	+	161	132186248	57332
chr5	73351452	73551452	harbor1	chr5	73385130	73385611	LTR/ERVL-MaLR	1527	+	240	73385370	33918
chr5	73351452	73551452	harbor1	chr5	73386037	73386532	LTR/ERVL-MaLR	2454	+	248	73386285	34833
chr5	37740423	37940423	harbor1	chr5	37750545	37750878	LTR/ERVL-MaLR	2185	+	166	37750711	10288
chr5	37740423	37940423	harbor1	chr5	37757285	37757745	LTR/ERVL-MaLR	1595	+	230	37757515	17092
chr5	37740423	37940423	harbor1	chr5	37766238	37766671	LTR/ERVL-MaLR	1655	+	216	37766454	26031
chr5	37740423	37940423	harbor1	chr5	37770149	37770550	LTR/ERVL-MaLR	2047	+	200	37770349	29926
chr5	37740423	37940423	harbor1	chr5	37791863	37792160	LTR/ERVL-MaLR	1567	+	148	37792011	51588
chr5	37740423	37940423	harbor1	chr5	37792430	37792467	LTR/ERVL-MaLR	1567	+	18	37792448	52025
chr5	37740423	37940423	harbor1	chr5	37803293	37803645	LTR/ERVL-MaLR	2282	+	176	37803469	63046
chr5	37740423	37940423	harbor1	chr5	37804632	37805189	LTR/ERVL-MaLR	1686	+	278	37804910	64487
chr5	37740423	37940423	harbor1	chr5	37818206	37818573	LTR/ERVL-MaLR	2545	+	184	37818390	77967
chr5	9749157	9949157	harbor1	chr5	9778998	9779417	LTR/ERVL-MaLR	2580	+	210	9779208	30051
chr5	9749157	9949157	harbor1	chr5	9800746	9800909	LTR/ERVL-MaLR	1562	+	82	9800828	51671
chr5	9749157	9949157	harbor1	chr5	9801182	9801380	LTR/ERVL-MaLR	1562	+	99	9801281	52124
chr5	9749157	9949157	harbor1	chr5	9807972	9809308	LTR/ERVL-MaLR	3306	+	668	9808640	59483
chr5	9749157	9949157	harbor1	chr5	9809312	9809661	LTR/ERVL-MaLR	1683	+	174	9809486	60329
chr5	9749157	9949157	harbor1	chr5	9811004	9811364	LTR/ERVL-MaLR	2102	+	180	9811184	62027
chr5	9749157	9949157	harbor1	chr5	9812849	9812968	LTR/ERVL-MaLR	709	+	60	9812909	63752
chr5	9749157	9949157	harbor1	chr5	9812969	9813380	LTR/ERVL-MaLR	1838	+	206	9813175	64018
chr5	9749157	9949157	harbor1	chr5	9813381	9813673	LTR/ERVL-MaLR	709	+	146	9813527	64370
chr5	9749157	9949157	harbor1	chr5	9835957	9836293	LTR/ERVL-MaLR	2334	+	168	9836125	86968
chr5	9749157	9949157	harbor1	chr5	9845026	9845268	LTR/ERVL-MaLR	1137	+	121	9845147	95990
chr5	73350932	73550932	harbor1	chr5	73385130	73385611	LTR/ERVL-MaLR	1527	+	240	73385370	34438
chr5	73350932	73550932	harbor1	chr5	73386037	73386532	LTR/ERVL-MaLR	2454	+	248	73386285	35353
chr5	9879703	10079703	harbor1	chr5	9893949	9894120	LTR/ERVL-MaLR	1361	+	86	9894035	14332
chr5	9879703	10079703	harbor1	chr5	9894414	9894667	LTR/ERVL-MaLR	1361	+	126	9894540	14837
chr5	9879703	10079703	harbor1	chr5	9924699	9924847	LTR/ERVL-MaLR	640	+	74	9924773	45070
chr5	9879703	10079703	harbor1	chr5	9925173	9925237	LTR/ERVL-MaLR	521	+	32	9925205	45502
chr5	9879703	10079703	harbor1	chr5	9925992	9926069	LTR/ERVL-MaLR	521	+	38	9926030	46327
chr5	9879703	10079703	harbor1	chr5	9932901	9933070	LTR/ERVL-MaLR	751	+	84	9932985	53282
chr5	9879703	10079703	harbor1	chr5	9933612	9933707	LTR/ERVL-MaLR	751	+	48	9933660	53957
chr5	9879703	10079703	harbor1	chr5	9946564	9946919	LTR/ERVL-MaLR	584	+	178	9946742	67039
chr5	9879703	10079703	harbor1	chr5	9949596	9949949	LTR/ERVL-MaLR	2307	+	176	9949772	70069
chr5	9879703	10079703	harbor1	chr5	9950118	9950562	LTR/ERVL-MaLR	1406	+	222	9950340	70637
chr5	9879703	10079703	harbor1	chr5	9958209	9958525	LTR/ERVL-MaLR	1926	+	158	9958367	78664
chr5	9879703	10079703	harbor1	chr5	9959231	9959339	LTR/ERVL-MaLR	1926	+	54	9959285	79582
chr5	9879703	10079703	harbor1	chr5	9966843	9967277	LTR/ERVL-MaLR	1042	+	217	9967060	87357
chr5	10661236	10861236	harbor1	chr5	10678000	10678459	LTR/ERVL-MaLR	1703	+	230	10678230	16994
chr5	10661236	10861236	harbor1	chr5	10711988	10712339	LTR/ERVL-MaLR	2147	+	176	10712164	50928
chr5	10661236	10861236	harbor1	chr5	10714621	10715043	LTR/ERVL-MaLR	2378	+	211	10714832	53596
chr5	10661236	10861236	harbor1	chr5	10731677	10731849	LTR/ERVL-MaLR	545	+	86	10731763	70527
chr5	10661236	10861236	harbor1	chr5	10735865	10736298	LTR/ERVL-MaLR	1949	+	216	10736081	74845
chr5	10661236	10861236	harbor1	chr5	10737747	10738211	LTR/ERVL-MaLR	2173	+	232	10737979	76743
chr5	10661236	10861236	harbor1	chr5	10751569	10751951	LTR/ERVL-MaLR	1721	+	191	10751760	90524
chr5	10661236	10861236	harbor1	chr5	10755039	10755452	LTR/ERVL-MaLR	1954	+	206	10755245	94009
chr5	79136023	79336023	harbor1	chr5	79140455	79140863	LTR/ERVL-MaLR	1680	+	204	79140659	4636
chr5	79136023	79336023	harbor1	chr5	79166438	79166495	LTR/ERVL-MaLR	2155	+	28	79166466	30443
chr5	79136023	79336023	harbor1	chr5	79166807	79167130	LTR/ERVL-MaLR	2155	+	162	79166969	30946
chr5	79136023	79336023	harbor1	chr5	79167428	79167488	LTR/ERVL-MaLR	2155	+	30	79167458	31435
chr5	79136023	79336023	harbor1	chr5	79210650	79210863	LTR/ERVL-MaLR	537	+	106	79210756	74733
chr5	79136023	79336023	harbor1	chr5	79223224	79223621	LTR/ERVL-MaLR	1480	+	198	79223422	87399
chr5	135008281	135208281	harbor1	chr5	135089504	135089870	LTR/ERVL-MaLR	2932	+	183	135089687	81406
chr5	135830655	136030655	harbor1	chr5	135837507	135837871	LTR/ERVL-MaLR	2419	+	182	135837689	7034
chr5	135830655	136030655	harbor1	chr5	135837872	135839664	LTR/ERVL-MaLR	10056	+	896	135838768	8113
chr5	135830655	136030655	harbor1	chr5	135847428	135847926	LTR/ERVL-MaLR	2090	+	249	135847677	17022
chr5	135830655	136030655	harbor1	chr5	135925353	135925732	LTR/ERVL-MaLR	1102	+	190	135925543	94888
chr5	135830655	136030655	harbor1	chr5	135839665	135840038	LTR/ERVL-MaLR	2361	+	186	135839851	9196
chr5	71628508	71828508	harbor1	chr5	71670555	71670820	LTR/ERVL-MaLR	607	+	132	71670687	42179
chr5	71628508	71828508	harbor1	chr5	71708355	71708927	LTR/ERVL-MaLR	2012	+	286	71708641	80133
chr5	71628508	71828508	harbor1	chr5	71711934	71712094	LTR/ERVL-MaLR	667	+	80	71712014	83506
chr5	71628508	71828508	harbor1	chr5	71713322	71713590	LTR/ERVL-MaLR	484	+	134	71713456	84948
chr5	71628508	71828508	harbor1	chr5	71713628	71713783	LTR/ERVL-MaLR	658	+	78	71713706	85198
chr5	52700042	52900042	harbor1	chr5	52729943	52730320	LTR/ERVL-MaLR	2360	+	188	52730131	30089
chr5	52700042	52900042	harbor1	chr5	52730321	52731878	LTR/ERVL-MaLR	10715	+	778	52731099	31057
chr5	52700042	52900042	harbor1	chr5	52731879	52732259	LTR/ERVL-MaLR	2154	+	190	52732069	32027
chr5	52700042	52900042	harbor1	chr5	52761018	52761380	LTR/ERVL-MaLR	2582	+	181	52761199	61157
chr5	52700042	52900042	harbor1	chr5	52761953	52762334	LTR/ERVL-MaLR	1456	+	190	52762143	62101
chr5	52700042	52900042	harbor1	chr5	52763403	52763763	LTR/ERVL-MaLR	2140	+	180	52763583	63541
chr5	135297931	135497931	harbor1	chr5	135297987	135298359	LTR/ERVL-MaLR	1513	+	186	135298173	242
chr5	135297931	135497931	harbor1	chr5	135316249	135316452	LTR/ERVL-MaLR	446	+	102	135316351	18420
chr5	135297931	135497931	harbor1	chr5	135320702	135321169	LTR/ERVL-MaLR	2181	+	234	135320936	23005
chr5	135297931	135497931	harbor1	chr5	135365888	135366249	LTR/ERVL-MaLR	2143	+	180	135366068	68137
chr5	73350824	73550824	harbor1	chr5	73385130	73385611	LTR/ERVL-MaLR	1527	+	240	73385370	34546
chr5	73350824	73550824	harbor1	chr5	73386037	73386532	LTR/ERVL-MaLR	2454	+	248	73386285	35461
chr5	372623	572623	harbor1	chr5	386284	386753	LTR/ERVL-MaLR	1590	+	234	386518	13895
chr5	10661301	10861301	harbor1	chr5	10678000	10678459	LTR/ERVL-MaLR	1703	+	230	10678230	16929
chr5	10661301	10861301	harbor1	chr5	10711988	10712339	LTR/ERVL-MaLR	2147	+	176	10712164	50863
chr5	10661301	10861301	harbor1	chr5	10714621	10715043	LTR/ERVL-MaLR	2378	+	211	10714832	53531
chr5	10661301	10861301	harbor1	chr5	10731677	10731849	LTR/ERVL-MaLR	545	+	86	10731763	70462
chr5	10661301	10861301	harbor1	chr5	10735865	10736298	LTR/ERVL-MaLR	1949	+	216	10736081	74780
chr5	10661301	10861301	harbor1	chr5	10737747	10738211	LTR/ERVL-MaLR	2173	+	232	10737979	76678
chr5	10661301	10861301	harbor1	chr5	10751569	10751951	LTR/ERVL-MaLR	1721	+	191	10751760	90459
chr5	10661301	10861301	harbor1	chr5	10755039	10755452	LTR/ERVL-MaLR	1954	+	206	10755245	93944
chr5	175976844	176176844	harbor1	chr5	176020538	176020729	LTR/ERVL-MaLR	1451	+	96	176020634	43790
chr5	175976844	176176844	harbor1	chr5	176021965	176022163	LTR/ERVL-MaLR	1451	+	99	176022064	45220
chr5	175976844	176176844	harbor1	chr5	176025597	176025911	LTR/ERVL-MaLR	1240	+	157	176025754	48910
chr5	175976844	176176844	harbor1	chr5	176051589	176051752	LTR/ERVL-MaLR	536	+	82	176051671	74827
chr5	175976844	176176844	harbor1	chr5	176058391	176058519	LTR/ERVL-MaLR	488	+	64	176058455	81611
chr5	175976844	176176844	harbor1	chr5	176058828	176058915	LTR/ERVL-MaLR	488	+	44	176058872	82028
chr5	73336206	73536206	harbor1	chr5	73348533	73348910	LTR/ERVL-MaLR	2007	+	188	73348721	12515
chr5	73336206	73536206	harbor1	chr5	73385130	73385611	LTR/ERVL-MaLR	1527	+	240	73385370	49164
chr5	73336206	73536206	harbor1	chr5	73386037	73386532	LTR/ERVL-MaLR	2454	+	248	73386285	50079
chr5	9111212	9311212	harbor1	chr5	9112696	9113216	LTR/ERVL-MaLR	1041	+	260	9112956	1744
chr5	9111212	9311212	harbor1	chr5	9113231	9113417	LTR/ERVL-MaLR	621	+	93	9113324	2112
chr5	9111212	9311212	harbor1	chr5	9114488	9115736	LTR/ERVL-MaLR	4018	+	624	9115112	3900
chr5	9111212	9311212	harbor1	chr5	9115746	9116306	LTR/ERVL-MaLR	1006	+	280	9116026	4814
chr5	9111212	9311212	harbor1	chr5	9128239	9128504	LTR/ERVL-MaLR	619	+	132	9128371	17159
chr5	9111212	9311212	harbor1	chr5	9132286	9132620	LTR/ERVL-MaLR	1052	+	167	9132453	21241
chr5	9111212	9311212	harbor1	chr5	9133840	9134200	LTR/ERVL-MaLR	2016	+	180	9134020	22808
chr5	9111212	9311212	harbor1	chr5	9163594	9163965	LTR/ERVL-MaLR	2050	+	186	9163780	52568
chr5	9111212	9311212	harbor1	chr5	9170461	9170824	LTR/ERVL-MaLR	1598	+	182	9170643	59431
chr5	9111212	9311212	harbor1	chr5	9175930	9176586	LTR/ERVL-MaLR	2236	+	328	9176258	65046
chr5	9111212	9311212	harbor1	chr5	9188005	9188360	LTR/ERVL-MaLR	1620	+	178	9188183	76971
chr5	9111212	9311212	harbor1	chr5	9196183	9196546	LTR/ERVL-MaLR	1023	+	182	9196365	85153
chr5	79136006	79336006	harbor1	chr5	79140455	79140863	LTR/ERVL-MaLR	1680	+	204	79140659	4653
chr5	79136006	79336006	harbor1	chr5	79166438	79166495	LTR/ERVL-MaLR	2155	+	28	79166466	30460
chr5	79136006	79336006	harbor1	chr5	79166807	79167130	LTR/ERVL-MaLR	2155	+	162	79166969	30963
chr5	79136006	79336006	harbor1	chr5	79167428	79167488	LTR/ERVL-MaLR	2155	+	30	79167458	31452
chr5	79136006	79336006	harbor1	chr5	79210650	79210863	LTR/ERVL-MaLR	537	+	106	79210756	74750
chr5	79136006	79336006	harbor1	chr5	79223224	79223621	LTR/ERVL-MaLR	1480	+	198	79223422	87416
chr5	73177858	73377858	harbor1	chr5	73184523	73184893	LTR/ERVL-MaLR	1356	+	185	73184708	6850
chr5	73177858	73377858	harbor1	chr5	73186498	73186922	LTR/ERVL-MaLR	887	+	212	73186710	8852
chr5	73177858	73377858	harbor1	chr5	73192139	73192502	LTR/ERVL-MaLR	2317	+	182	73192321	14463
chr5	73177858	73377858	harbor1	chr5	73227410	73227805	LTR/ERVL-MaLR	1365	+	198	73227608	49750
chr5	73177858	73377858	harbor1	chr5	73248240	73248397	LTR/ERVL-MaLR	2084	+	78	73248318	70460
chr5	73177858	73377858	harbor1	chr5	73248706	73248924	LTR/ERVL-MaLR	2084	+	109	73248815	70957
chr5	73177858	73377858	harbor1	chr5	73253916	73254270	LTR/ERVL-MaLR	2463	+	177	73254093	76235
chr5	73177858	73377858	harbor1	chr5	73260311	73260744	LTR/ERVL-MaLR	1943	+	216	73260527	82669
chr5	73177858	73377858	harbor1	chr5	73276071	73276445	LTR/ERVL-MaLR	627	+	187	73276258	98400
chr5	181061441	181261441	harbor1	chr5	181103101	181103475	LTR/ERVL-MaLR	2136	+	187	181103288	41847
chr5	181061441	181261441	harbor1	chr5	181104433	181104638	LTR/ERVL-MaLR	643	+	102	181104535	43094
chr5	181061441	181261441	harbor1	chr5	181136307	181136473	LTR/ERVL-MaLR	836	+	83	181136390	74949
chr5	181061441	181261441	harbor1	chr5	181136466	181136541	LTR/ERVL-MaLR	443	+	38	181136504	75063
chr5	181061441	181261441	harbor1	chr5	181152815	181152983	LTR/ERVL-MaLR	635	+	84	181152899	91458
chr5	141125589	141325589	harbor1	chr5	141139112	141139525	LTR/ERVL-MaLR	2084	+	206	141139318	13729
chr5	141125589	141325589	harbor1	chr5	141167302	141167661	LTR/ERVL-MaLR	887	+	180	141167482	41893
chr5	141125589	141325589	harbor1	chr5	141168653	141168973	LTR/ERVL-MaLR	842	+	160	141168813	43224
chr5	141125589	141325589	harbor1	chr5	141169199	141169278	LTR/ERVL-MaLR	413	+	40	141169239	43650
chr5	4034239	4234239	harbor1	chr5	4046136	4046552	LTR/ERVL-MaLR	2319	+	208	4046344	12105
chr5	4034239	4234239	harbor1	chr5	4061600	4062016	LTR/ERVL-MaLR	1218	+	208	4061808	27569
chr5	4034239	4234239	harbor1	chr5	4098546	4098932	LTR/ERVL-MaLR	1690	+	193	4098739	64500
chr5	4034239	4234239	harbor1	chr5	4108286	4108515	LTR/ERVL-MaLR	898	+	114	4108400	74161
chr5	4034239	4234239	harbor1	chr5	4063042	4063455	LTR/ERVL-MaLR	2055	+	206	4063248	29009
chr5	10660380	10860380	harbor1	chr5	10678000	10678459	LTR/ERVL-MaLR	1703	+	230	10678230	17850
chr5	10660380	10860380	harbor1	chr5	10711988	10712339	LTR/ERVL-MaLR	2147	+	176	10712164	51784
chr5	10660380	10860380	harbor1	chr5	10714621	10715043	LTR/ERVL-MaLR	2378	+	211	10714832	54452
chr5	10660380	10860380	harbor1	chr5	10731677	10731849	LTR/ERVL-MaLR	545	+	86	10731763	71383
chr5	10660380	10860380	harbor1	chr5	10735865	10736298	LTR/ERVL-MaLR	1949	+	216	10736081	75701
chr5	10660380	10860380	harbor1	chr5	10737747	10738211	LTR/ERVL-MaLR	2173	+	232	10737979	77599
chr5	10660380	10860380	harbor1	chr5	10751569	10751951	LTR/ERVL-MaLR	1721	+	191	10751760	91380
chr5	10660380	10860380	harbor1	chr5	10755039	10755452	LTR/ERVL-MaLR	1954	+	206	10755245	94865
chr5	139797116	139997116	harbor1	chr5	139878126	139878695	LTR/ERVL-MaLR	658	+	284	139878410	81294
chr5	73351484	73551484	harbor1	chr5	73385130	73385611	LTR/ERVL-MaLR	1527	+	240	73385370	33886
chr5	73351484	73551484	harbor1	chr5	73386037	73386532	LTR/ERVL-MaLR	2454	+	248	73386285	34801
chr5	9114356	9314356	harbor1	chr5	9114488	9115736	LTR/ERVL-MaLR	4018	+	624	9115112	756
chr5	9114356	9314356	harbor1	chr5	9115746	9116306	LTR/ERVL-MaLR	1006	+	280	9116026	1670
chr5	9114356	9314356	harbor1	chr5	9128239	9128504	LTR/ERVL-MaLR	619	+	132	9128371	14015
chr5	9114356	9314356	harbor1	chr5	9132286	9132620	LTR/ERVL-MaLR	1052	+	167	9132453	18097
chr5	9114356	9314356	harbor1	chr5	9133840	9134200	LTR/ERVL-MaLR	2016	+	180	9134020	19664
chr5	9114356	9314356	harbor1	chr5	9163594	9163965	LTR/ERVL-MaLR	2050	+	186	9163780	49424
chr5	9114356	9314356	harbor1	chr5	9170461	9170824	LTR/ERVL-MaLR	1598	+	182	9170643	56287
chr5	9114356	9314356	harbor1	chr5	9175930	9176586	LTR/ERVL-MaLR	2236	+	328	9176258	61902
chr5	9114356	9314356	harbor1	chr5	9188005	9188360	LTR/ERVL-MaLR	1620	+	178	9188183	73827
chr5	9114356	9314356	harbor1	chr5	9196183	9196546	LTR/ERVL-MaLR	1023	+	182	9196365	82009
chr5	1029386	1229386	harbor1	chr5	1039571	1039685	LTR/ERVL-MaLR	501	+	57	1039628	10242
chr5	1029386	1229386	harbor1	chr5	1039677	1039791	LTR/ERVL-MaLR	501	+	57	1039734	10348
chr5	1029386	1229386	harbor1	chr5	1039783	1039963	LTR/ERVL-MaLR	2008	+	90	1039873	10487
chr5	1029386	1229386	harbor1	chr5	1040295	1040528	LTR/ERVL-MaLR	2008	+	116	1040411	11025
chr5	1029386	1229386	harbor1	chr5	1066128	1066495	LTR/ERVL-MaLR	567	+	184	1066312	36926
chr5	1029386	1229386	harbor1	chr5	1126865	1127021	LTR/ERVL-MaLR	769	+	78	1126943	97557
chr5	1029386	1229386	harbor1	chr5	1127313	1127590	LTR/ERVL-MaLR	769	+	138	1127451	98065
chr5	9114296	9314296	harbor1	chr5	9114488	9115736	LTR/ERVL-MaLR	4018	+	624	9115112	816
chr5	9114296	9314296	harbor1	chr5	9115746	9116306	LTR/ERVL-MaLR	1006	+	280	9116026	1730
chr5	9114296	9314296	harbor1	chr5	9128239	9128504	LTR/ERVL-MaLR	619	+	132	9128371	14075
chr5	9114296	9314296	harbor1	chr5	9132286	9132620	LTR/ERVL-MaLR	1052	+	167	9132453	18157
chr5	9114296	9314296	harbor1	chr5	9133840	9134200	LTR/ERVL-MaLR	2016	+	180	9134020	19724
chr5	9114296	9314296	harbor1	chr5	9163594	9163965	LTR/ERVL-MaLR	2050	+	186	9163780	49484
chr5	9114296	9314296	harbor1	chr5	9170461	9170824	LTR/ERVL-MaLR	1598	+	182	9170643	56347
chr5	9114296	9314296	harbor1	chr5	9175930	9176586	LTR/ERVL-MaLR	2236	+	328	9176258	61962
chr5	9114296	9314296	harbor1	chr5	9188005	9188360	LTR/ERVL-MaLR	1620	+	178	9188183	73887
chr5	9114296	9314296	harbor1	chr5	9196183	9196546	LTR/ERVL-MaLR	1023	+	182	9196365	82069
chr5	132103968	132303968	harbor1	chr5	132186087	132186409	LTR/ERVL-MaLR	919	+	161	132186248	82280
chr5	150964914	151164914	harbor1	chr5	150979884	150980284	LTR/ERVL-MaLR	1874	+	200	150980084	15170
chr5	150964914	151164914	harbor1	chr5	150981239	150981379	LTR/ERVL-MaLR	807	+	70	150981309	16395
chr5	150964914	151164914	harbor1	chr5	150981692	150982063	LTR/ERVL-MaLR	807	+	186	150981878	16964
chr5	150964914	151164914	harbor1	chr5	151014088	151014132	LTR/ERVL-MaLR	1558	+	22	151014110	49196
chr5	150964914	151164914	harbor1	chr5	151014421	151014736	LTR/ERVL-MaLR	1558	+	158	151014579	49665
chr5	135980228	136180228	harbor1	chr5	135980189	135980533	LTR/ERVL-MaLR	784	+	172	135980361	133
chr5	135980228	136180228	harbor1	chr5	135981456	135981806	LTR/ERVL-MaLR	1566	+	175	135981631	1403
chr5	135980228	136180228	harbor1	chr5	135995298	135995698	LTR/ERVL-MaLR	2213	+	200	135995498	15270
chr5	135980228	136180228	harbor1	chr5	135999535	135999707	LTR/ERVL-MaLR	1382	+	86	135999621	19393
chr5	135980228	136180228	harbor1	chr5	135999750	135999966	LTR/ERVL-MaLR	1382	+	108	135999858	19630
chr5	135980228	136180228	harbor1	chr5	136038247	136038434	LTR/ERVL-MaLR	2052	+	94	136038341	58113
chr5	135980228	136180228	harbor1	chr5	136038734	136039014	LTR/ERVL-MaLR	2052	+	140	136038874	58646
chr5	135980228	136180228	harbor1	chr5	136073185	136073624	LTR/ERVL-MaLR	1753	+	220	136073405	93177
chr5	135980228	136180228	harbor1	chr5	136074370	136074723	LTR/ERVL-MaLR	1660	+	176	136074546	94318
chr5	73351560	73551560	harbor1	chr5	73385130	73385611	LTR/ERVL-MaLR	1527	+	240	73385370	33810
chr5	73351560	73551560	harbor1	chr5	73386037	73386532	LTR/ERVL-MaLR	2454	+	248	73386285	34725
chr5	10661235	10861235	harbor1	chr5	10678000	10678459	LTR/ERVL-MaLR	1703	+	230	10678230	16995
chr5	10661235	10861235	harbor1	chr5	10711988	10712339	LTR/ERVL-MaLR	2147	+	176	10712164	50929
chr5	10661235	10861235	harbor1	chr5	10714621	10715043	LTR/ERVL-MaLR	2378	+	211	10714832	53597
chr5	10661235	10861235	harbor1	chr5	10731677	10731849	LTR/ERVL-MaLR	545	+	86	10731763	70528
chr5	10661235	10861235	harbor1	chr5	10735865	10736298	LTR/ERVL-MaLR	1949	+	216	10736081	74846
chr5	10661235	10861235	harbor1	chr5	10737747	10738211	LTR/ERVL-MaLR	2173	+	232	10737979	76744
chr5	10661235	10861235	harbor1	chr5	10751569	10751951	LTR/ERVL-MaLR	1721	+	191	10751760	90525
chr5	10661235	10861235	harbor1	chr5	10755039	10755452	LTR/ERVL-MaLR	1954	+	206	10755245	94010
chr5	9114331	9314331	harbor1	chr5	9114488	9115736	LTR/ERVL-MaLR	4018	+	624	9115112	781
chr5	9114331	9314331	harbor1	chr5	9115746	9116306	LTR/ERVL-MaLR	1006	+	280	9116026	1695
chr5	9114331	9314331	harbor1	chr5	9128239	9128504	LTR/ERVL-MaLR	619	+	132	9128371	14040
chr5	9114331	9314331	harbor1	chr5	9132286	9132620	LTR/ERVL-MaLR	1052	+	167	9132453	18122
chr5	9114331	9314331	harbor1	chr5	9133840	9134200	LTR/ERVL-MaLR	2016	+	180	9134020	19689
chr5	9114331	9314331	harbor1	chr5	9163594	9163965	LTR/ERVL-MaLR	2050	+	186	9163780	49449
chr5	9114331	9314331	harbor1	chr5	9170461	9170824	LTR/ERVL-MaLR	1598	+	182	9170643	56312
chr5	9114331	9314331	harbor1	chr5	9175930	9176586	LTR/ERVL-MaLR	2236	+	328	9176258	61927
chr5	9114331	9314331	harbor1	chr5	9188005	9188360	LTR/ERVL-MaLR	1620	+	178	9188183	73852
chr5	9114331	9314331	harbor1	chr5	9196183	9196546	LTR/ERVL-MaLR	1023	+	182	9196365	82034
chr5	52699384	52899384	harbor1	chr5	52729943	52730320	LTR/ERVL-MaLR	2360	+	188	52730131	30747
chr5	52699384	52899384	harbor1	chr5	52730321	52731878	LTR/ERVL-MaLR	10715	+	778	52731099	31715
chr5	52699384	52899384	harbor1	chr5	52731879	52732259	LTR/ERVL-MaLR	2154	+	190	52732069	32685
chr5	52699384	52899384	harbor1	chr5	52761018	52761380	LTR/ERVL-MaLR	2582	+	181	52761199	61815
chr5	52699384	52899384	harbor1	chr5	52761953	52762334	LTR/ERVL-MaLR	1456	+	190	52762143	62759
chr5	52699384	52899384	harbor1	chr5	52763403	52763763	LTR/ERVL-MaLR	2140	+	180	52763583	64199
chr5	9114252	9314252	harbor1	chr5	9114488	9115736	LTR/ERVL-MaLR	4018	+	624	9115112	860
chr5	9114252	9314252	harbor1	chr5	9115746	9116306	LTR/ERVL-MaLR	1006	+	280	9116026	1774
chr5	9114252	9314252	harbor1	chr5	9128239	9128504	LTR/ERVL-MaLR	619	+	132	9128371	14119
chr5	9114252	9314252	harbor1	chr5	9132286	9132620	LTR/ERVL-MaLR	1052	+	167	9132453	18201
chr5	9114252	9314252	harbor1	chr5	9133840	9134200	LTR/ERVL-MaLR	2016	+	180	9134020	19768
chr5	9114252	9314252	harbor1	chr5	9163594	9163965	LTR/ERVL-MaLR	2050	+	186	9163780	49528
chr5	9114252	9314252	harbor1	chr5	9170461	9170824	LTR/ERVL-MaLR	1598	+	182	9170643	56391
chr5	9114252	9314252	harbor1	chr5	9175930	9176586	LTR/ERVL-MaLR	2236	+	328	9176258	62006
chr5	9114252	9314252	harbor1	chr5	9188005	9188360	LTR/ERVL-MaLR	1620	+	178	9188183	73931
chr5	9114252	9314252	harbor1	chr5	9196183	9196546	LTR/ERVL-MaLR	1023	+	182	9196365	82113
chr5	9114320	9314320	harbor1	chr5	9114488	9115736	LTR/ERVL-MaLR	4018	+	624	9115112	792
chr5	9114320	9314320	harbor1	chr5	9115746	9116306	LTR/ERVL-MaLR	1006	+	280	9116026	1706
chr5	9114320	9314320	harbor1	chr5	9128239	9128504	LTR/ERVL-MaLR	619	+	132	9128371	14051
chr5	9114320	9314320	harbor1	chr5	9132286	9132620	LTR/ERVL-MaLR	1052	+	167	9132453	18133
chr5	9114320	9314320	harbor1	chr5	9133840	9134200	LTR/ERVL-MaLR	2016	+	180	9134020	19700
chr5	9114320	9314320	harbor1	chr5	9163594	9163965	LTR/ERVL-MaLR	2050	+	186	9163780	49460
chr5	9114320	9314320	harbor1	chr5	9170461	9170824	LTR/ERVL-MaLR	1598	+	182	9170643	56323
chr5	9114320	9314320	harbor1	chr5	9175930	9176586	LTR/ERVL-MaLR	2236	+	328	9176258	61938
chr5	9114320	9314320	harbor1	chr5	9188005	9188360	LTR/ERVL-MaLR	1620	+	178	9188183	73863
chr5	9114320	9314320	harbor1	chr5	9196183	9196546	LTR/ERVL-MaLR	1023	+	182	9196365	82045
chr5	93472721	93672721	harbor1	chr5	93536768	93537133	LTR/ERVL-MaLR	2368	+	182	93536950	64229
chr5	93472721	93672721	harbor1	chr5	93556466	93556903	LTR/ERVL-MaLR	2263	+	218	93556684	83963
chr5	73351469	73551469	harbor1	chr5	73385130	73385611	LTR/ERVL-MaLR	1527	+	240	73385370	33901
chr5	73351469	73551469	harbor1	chr5	73386037	73386532	LTR/ERVL-MaLR	2454	+	248	73386285	34816
chr5	7622638	7822638	harbor1	chr5	7638801	7639151	LTR/ERVL-MaLR	2334	+	175	7638976	16338
chr5	7622638	7822638	harbor1	chr5	7677405	7677835	LTR/ERVL-MaLR	660	+	215	7677620	54982
chr5	9057233	9257233	harbor1	chr5	9080852	9081402	LTR/ERVL-MaLR	1198	+	275	9081127	23894
chr5	9057233	9257233	harbor1	chr5	9084370	9084721	LTR/ERVL-MaLR	2230	+	176	9084546	27313
chr5	9057233	9257233	harbor1	chr5	9084724	9086281	LTR/ERVL-MaLR	11661	+	778	9085502	28269
chr5	9057233	9257233	harbor1	chr5	9086283	9086650	LTR/ERVL-MaLR	1899	+	184	9086467	29234
chr5	9057233	9257233	harbor1	chr5	9112696	9113216	LTR/ERVL-MaLR	1041	+	260	9112956	55723
chr5	9057233	9257233	harbor1	chr5	9113231	9113417	LTR/ERVL-MaLR	621	+	93	9113324	56091
chr5	9057233	9257233	harbor1	chr5	9114488	9115736	LTR/ERVL-MaLR	4018	+	624	9115112	57879
chr5	9057233	9257233	harbor1	chr5	9115746	9116306	LTR/ERVL-MaLR	1006	+	280	9116026	58793
chr5	9057233	9257233	harbor1	chr5	9128239	9128504	LTR/ERVL-MaLR	619	+	132	9128371	71138
chr5	9057233	9257233	harbor1	chr5	9132286	9132620	LTR/ERVL-MaLR	1052	+	167	9132453	75220
chr5	9057233	9257233	harbor1	chr5	9133840	9134200	LTR/ERVL-MaLR	2016	+	180	9134020	76787
chr5	9114329	9314329	harbor1	chr5	9114488	9115736	LTR/ERVL-MaLR	4018	+	624	9115112	783
chr5	9114329	9314329	harbor1	chr5	9115746	9116306	LTR/ERVL-MaLR	1006	+	280	9116026	1697
chr5	9114329	9314329	harbor1	chr5	9128239	9128504	LTR/ERVL-MaLR	619	+	132	9128371	14042
chr5	9114329	9314329	harbor1	chr5	9132286	9132620	LTR/ERVL-MaLR	1052	+	167	9132453	18124
chr5	9114329	9314329	harbor1	chr5	9133840	9134200	LTR/ERVL-MaLR	2016	+	180	9134020	19691
chr5	9114329	9314329	harbor1	chr5	9163594	9163965	LTR/ERVL-MaLR	2050	+	186	9163780	49451
chr5	9114329	9314329	harbor1	chr5	9170461	9170824	LTR/ERVL-MaLR	1598	+	182	9170643	56314
chr5	9114329	9314329	harbor1	chr5	9175930	9176586	LTR/ERVL-MaLR	2236	+	328	9176258	61929
chr5	9114329	9314329	harbor1	chr5	9188005	9188360	LTR/ERVL-MaLR	1620	+	178	9188183	73854
chr5	9114329	9314329	harbor1	chr5	9196183	9196546	LTR/ERVL-MaLR	1023	+	182	9196365	82036
chr5	10311688	10511688	harbor1	chr5	10311762	10312185	LTR/ERVL-MaLR	868	+	212	10311974	286
chr5	10311688	10511688	harbor1	chr5	10312514	10312823	LTR/ERVL-MaLR	1101	+	154	10312668	980
chr5	10311688	10511688	harbor1	chr5	10313598	10314014	LTR/ERVL-MaLR	1855	+	208	10313806	2118
chr5	10311688	10511688	harbor1	chr5	10314417	10314696	LTR/ERVL-MaLR	744	+	140	10314557	2869
chr5	10311688	10511688	harbor1	chr5	10314714	10314829	LTR/ERVL-MaLR	1245	+	58	10314772	3084
chr5	10311688	10511688	harbor1	chr5	10314830	10315227	LTR/ERVL-MaLR	2367	+	198	10315028	3340
chr5	10311688	10511688	harbor1	chr5	10315228	10315612	LTR/ERVL-MaLR	1376	+	192	10315420	3732
chr5	10311688	10511688	harbor1	chr5	10317829	10317999	LTR/ERVL-MaLR	767	+	85	10317914	6226
chr5	10311688	10511688	harbor1	chr5	10318368	10318468	LTR/ERVL-MaLR	416	+	50	10318418	6730
chr5	10311688	10511688	harbor1	chr5	10334541	10334921	LTR/ERVL-MaLR	1586	+	190	10334731	23043
chr5	74950541	75150541	harbor1	chr5	74969715	74970207	LTR/ERVL-MaLR	796	+	246	74969961	19420
chr5	74950541	75150541	harbor1	chr5	74971908	74972273	LTR/ERVL-MaLR	2018	+	182	74972090	21549
chr5	74950541	75150541	harbor1	chr5	74975430	74975819	LTR/ERVL-MaLR	681	+	194	74975624	25083
chr5	74950541	75150541	harbor1	chr5	75011597	75011635	LTR/ERVL-MaLR	505	+	19	75011616	61075
chr5	74950541	75150541	harbor1	chr5	75011925	75012168	LTR/ERVL-MaLR	1176	+	122	75012047	61506
chr5	74950541	75150541	harbor1	chr5	75012766	75012922	LTR/ERVL-MaLR	1176	+	78	75012844	62303
chr5	74950541	75150541	harbor1	chr5	75019039	75019408	LTR/ERVL-MaLR	1535	+	184	75019223	68682
chr5	143206591	143406591	harbor1	chr5	143234480	143234718	LTR/ERVL-MaLR	805	+	119	143234599	28008
chr5	143206591	143406591	harbor1	chr5	143236742	143237236	LTR/ERVL-MaLR	859	+	247	143236989	30398
chr5	143206591	143406591	harbor1	chr5	143237737	143237843	LTR/ERVL-MaLR	619	+	53	143237790	31199
chr5	143206591	143406591	harbor1	chr5	143237888	143238231	LTR/ERVL-MaLR	1969	+	172	143238060	31469
chr5	143206591	143406591	harbor1	chr5	143245081	143245449	LTR/ERVL-MaLR	2582	+	184	143245265	38674
chr5	73114177	73314177	harbor1	chr5	73117360	73117831	LTR/ERVL-MaLR	1858	+	236	73117596	3419
chr5	73114177	73314177	harbor1	chr5	73144436	73144801	LTR/ERVL-MaLR	2308	+	182	73144618	30441
chr5	73114177	73314177	harbor1	chr5	73157415	73157835	LTR/ERVL-MaLR	1127	+	210	73157625	43448
chr5	73114177	73314177	harbor1	chr5	73160767	73161278	LTR/ERVL-MaLR	1062	+	256	73161023	46846
chr5	73114177	73314177	harbor1	chr5	73184523	73184893	LTR/ERVL-MaLR	1356	+	185	73184708	70531
chr5	73114177	73314177	harbor1	chr5	73186498	73186922	LTR/ERVL-MaLR	887	+	212	73186710	72533
chr5	73114177	73314177	harbor1	chr5	73192139	73192502	LTR/ERVL-MaLR	2317	+	182	73192321	78144
chr5	181061409	181261409	harbor1	chr5	181103101	181103475	LTR/ERVL-MaLR	2136	+	187	181103288	41879
chr5	181061409	181261409	harbor1	chr5	181104433	181104638	LTR/ERVL-MaLR	643	+	102	181104535	43126
chr5	181061409	181261409	harbor1	chr5	181136307	181136473	LTR/ERVL-MaLR	836	+	83	181136390	74981
chr5	181061409	181261409	harbor1	chr5	181136466	181136541	LTR/ERVL-MaLR	443	+	38	181136504	75095
chr5	181061409	181261409	harbor1	chr5	181152815	181152983	LTR/ERVL-MaLR	635	+	84	181152899	91490
chr5	10661175	10861175	harbor1	chr5	10678000	10678459	LTR/ERVL-MaLR	1703	+	230	10678230	17055
chr5	10661175	10861175	harbor1	chr5	10711988	10712339	LTR/ERVL-MaLR	2147	+	176	10712164	50989
chr5	10661175	10861175	harbor1	chr5	10714621	10715043	LTR/ERVL-MaLR	2378	+	211	10714832	53657
chr5	10661175	10861175	harbor1	chr5	10731677	10731849	LTR/ERVL-MaLR	545	+	86	10731763	70588
chr5	10661175	10861175	harbor1	chr5	10735865	10736298	LTR/ERVL-MaLR	1949	+	216	10736081	74906
chr5	10661175	10861175	harbor1	chr5	10737747	10738211	LTR/ERVL-MaLR	2173	+	232	10737979	76804
chr5	10661175	10861175	harbor1	chr5	10751569	10751951	LTR/ERVL-MaLR	1721	+	191	10751760	90585
chr5	10661175	10861175	harbor1	chr5	10755039	10755452	LTR/ERVL-MaLR	1954	+	206	10755245	94070
chr5	93221055	93421055	harbor1	chr5	93225358	93225771	LTR/ERVL-MaLR	627	+	206	93225564	4509
chr5	93221055	93421055	harbor1	chr5	93256225	93256674	LTR/ERVL-MaLR	2407	+	224	93256449	35394
chr5	93221055	93421055	harbor1	chr5	93273978	93274335	LTR/ERVL-MaLR	2307	+	178	93274156	53101
chr5	61231969	61431969	harbor1	chr5	61231665	61232130	LTR/ERVL-MaLR	1305	+	232	61231897	72
chr5	61231969	61431969	harbor1	chr5	61238563	61238851	LTR/ERVL-MaLR	569	+	144	61238707	6738
chr5	61231969	61431969	harbor1	chr5	61261517	61261999	LTR/ERVL-MaLR	1509	+	241	61261758	29789
chr5	61231969	61431969	harbor1	chr5	61266994	61267442	LTR/ERVL-MaLR	2097	+	224	61267218	35249
chr5	61231969	61431969	harbor1	chr5	61286675	61287128	LTR/ERVL-MaLR	844	+	226	61286901	54932
chr5	61231969	61431969	harbor1	chr5	61300064	61300411	LTR/ERVL-MaLR	2167	+	174	61300238	68269
chr5	52700079	52900079	harbor1	chr5	52729943	52730320	LTR/ERVL-MaLR	2360	+	188	52730131	30052
chr5	52700079	52900079	harbor1	chr5	52730321	52731878	LTR/ERVL-MaLR	10715	+	778	52731099	31020
chr5	52700079	52900079	harbor1	chr5	52731879	52732259	LTR/ERVL-MaLR	2154	+	190	52732069	31990
chr5	52700079	52900079	harbor1	chr5	52761018	52761380	LTR/ERVL-MaLR	2582	+	181	52761199	61120
chr5	52700079	52900079	harbor1	chr5	52761953	52762334	LTR/ERVL-MaLR	1456	+	190	52762143	62064
chr5	52700079	52900079	harbor1	chr5	52763403	52763763	LTR/ERVL-MaLR	2140	+	180	52763583	63504
chr5	4842506	5042506	harbor1	chr5	4863138	4863595	LTR/ERVL-MaLR	2504	+	228	4863366	20860
chr5	4842506	5042506	harbor1	chr5	4870461	4870839	LTR/ERVL-MaLR	2222	+	189	4870650	28144
chr5	4842506	5042506	harbor1	chr5	4894969	4894996	LTR/ERVL-MaLR	2212	+	14	4894983	52477
chr5	4842506	5042506	harbor1	chr5	4895529	4895912	LTR/ERVL-MaLR	2212	+	192	4895721	53215
chr5	4842506	5042506	harbor1	chr5	4923096	4923291	LTR/ERVL-MaLR	646	+	98	4923194	80688
chr5	150964913	151164913	harbor1	chr5	150979884	150980284	LTR/ERVL-MaLR	1874	+	200	150980084	15171
chr5	150964913	151164913	harbor1	chr5	150981239	150981379	LTR/ERVL-MaLR	807	+	70	150981309	16396
chr5	150964913	151164913	harbor1	chr5	150981692	150982063	LTR/ERVL-MaLR	807	+	186	150981878	16965
chr5	150964913	151164913	harbor1	chr5	151014088	151014132	LTR/ERVL-MaLR	1558	+	22	151014110	49197
chr5	150964913	151164913	harbor1	chr5	151014421	151014736	LTR/ERVL-MaLR	1558	+	158	151014579	49666
chr5	52699708	52899708	harbor1	chr5	52729943	52730320	LTR/ERVL-MaLR	2360	+	188	52730131	30423
chr5	52699708	52899708	harbor1	chr5	52730321	52731878	LTR/ERVL-MaLR	10715	+	778	52731099	31391
chr5	52699708	52899708	harbor1	chr5	52731879	52732259	LTR/ERVL-MaLR	2154	+	190	52732069	32361
chr5	52699708	52899708	harbor1	chr5	52761018	52761380	LTR/ERVL-MaLR	2582	+	181	52761199	61491
chr5	52699708	52899708	harbor1	chr5	52761953	52762334	LTR/ERVL-MaLR	1456	+	190	52762143	62435
chr5	52699708	52899708	harbor1	chr5	52763403	52763763	LTR/ERVL-MaLR	2140	+	180	52763583	63875
chr5	10660536	10860536	harbor1	chr5	10678000	10678459	LTR/ERVL-MaLR	1703	+	230	10678230	17694
chr5	10660536	10860536	harbor1	chr5	10711988	10712339	LTR/ERVL-MaLR	2147	+	176	10712164	51628
chr5	10660536	10860536	harbor1	chr5	10714621	10715043	LTR/ERVL-MaLR	2378	+	211	10714832	54296
chr5	10660536	10860536	harbor1	chr5	10731677	10731849	LTR/ERVL-MaLR	545	+	86	10731763	71227
chr5	10660536	10860536	harbor1	chr5	10735865	10736298	LTR/ERVL-MaLR	1949	+	216	10736081	75545
chr5	10660536	10860536	harbor1	chr5	10737747	10738211	LTR/ERVL-MaLR	2173	+	232	10737979	77443
chr5	10660536	10860536	harbor1	chr5	10751569	10751951	LTR/ERVL-MaLR	1721	+	191	10751760	91224
chr5	10660536	10860536	harbor1	chr5	10755039	10755452	LTR/ERVL-MaLR	1954	+	206	10755245	94709
chr5	10024023	10224023	harbor1	chr5	10037301	10037574	LTR/ERVL-MaLR	1384	+	136	10037437	13414
chr5	10024023	10224023	harbor1	chr5	10037881	10038083	LTR/ERVL-MaLR	1384	+	101	10037982	13959
chr5	10024023	10224023	harbor1	chr5	10056937	10057387	LTR/ERVL-MaLR	2025	+	225	10057162	33139
chr5	10024023	10224023	harbor1	chr5	10061572	10062023	LTR/ERVL-MaLR	2060	+	226	10061798	37775
chr5	10024023	10224023	harbor1	chr5	10064787	10065210	LTR/ERVL-MaLR	2203	+	212	10064999	40976
chr5	10024023	10224023	harbor1	chr5	10083878	10084215	LTR/ERVL-MaLR	771	+	168	10084046	60023
chr5	10024023	10224023	harbor1	chr5	10087493	10087781	LTR/ERVL-MaLR	600	+	144	10087637	63614
chr5	10024023	10224023	harbor1	chr5	10087831	10088274	LTR/ERVL-MaLR	1076	+	222	10088053	64030
chr5	10024023	10224023	harbor1	chr5	10089962	10090433	LTR/ERVL-MaLR	1692	+	236	10090198	66175
chr5	10024023	10224023	harbor1	chr5	10110099	10110491	LTR/ERVL-MaLR	1372	+	196	10110295	86272
chr5	10024023	10224023	harbor1	chr5	10114962	10115283	LTR/ERVL-MaLR	622	+	160	10115122	91099
chr5	10024023	10224023	harbor1	chr5	10119461	10119869	LTR/ERVL-MaLR	2350	+	204	10119665	95642
chr5	10024023	10224023	harbor1	chr5	10121293	10121455	LTR/ERVL-MaLR	2139	+	81	10121374	97351
chr5	10024023	10224023	harbor1	chr5	10121769	10121977	LTR/ERVL-MaLR	2139	+	104	10121873	97850
chr5	170538258	170738258	harbor1	chr5	170622157	170622339	LTR/ERVL-MaLR	975	+	91	170622248	83990
chr5	170538258	170738258	harbor1	chr5	170622640	170622860	LTR/ERVL-MaLR	975	+	110	170622750	84492
chr5	170538258	170738258	harbor1	chr5	170623512	170623580	LTR/ERVL-MaLR	975	+	34	170623546	85288
chr5	2003356	2203356	harbor1	chr5	2014021	2014230	LTR/ERVL-MaLR	774	+	104	2014125	10769
chr5	2003356	2203356	harbor1	chr5	2016963	2017127	LTR/ERVL-MaLR	2131	+	82	2017045	13689
chr5	2003356	2203356	harbor1	chr5	2017435	2017619	LTR/ERVL-MaLR	2131	+	92	2017527	14171
chr5	2003356	2203356	harbor1	chr5	2020180	2020540	LTR/ERVL-MaLR	2764	+	180	2020360	17004
chr5	2003356	2203356	harbor1	chr5	2028121	2028527	LTR/ERVL-MaLR	2473	+	203	2028324	24968
chr5	2003356	2203356	harbor1	chr5	2044386	2044705	LTR/ERVL-MaLR	997	+	160	2044546	41190
chr5	2003356	2203356	harbor1	chr5	2064993	2065353	LTR/ERVL-MaLR	1971	+	180	2065173	61817
chr5	2003356	2203356	harbor1	chr5	2068138	2068541	LTR/ERVL-MaLR	673	+	202	2068340	64984
chr5	2003356	2203356	harbor1	chr5	2069467	2069815	LTR/ERVL-MaLR	2743	+	174	2069641	66285
chr5	2003356	2203356	harbor1	chr5	2069816	2071376	LTR/ERVL-MaLR	11701	+	780	2070596	67240
chr5	2003356	2203356	harbor1	chr5	2071377	2071728	LTR/ERVL-MaLR	2758	+	176	2071553	68197
chr5	2003356	2203356	harbor1	chr5	2071782	2072213	LTR/ERVL-MaLR	2098	+	216	2071998	68642
chr5	2003356	2203356	harbor1	chr5	2072214	2073820	LTR/ERVL-MaLR	8776	+	803	2073017	69661
chr5	2003356	2203356	harbor1	chr5	2073827	2074200	LTR/ERVL-MaLR	2013	+	186	2074013	70657
chr5	2003356	2203356	harbor1	chr5	2077807	2077973	LTR/ERVL-MaLR	420	+	83	2077890	74534
chr5	2003356	2203356	harbor1	chr5	2078015	2078210	LTR/ERVL-MaLR	443	+	98	2078113	74757
chr5	2003356	2203356	harbor1	chr5	2078978	2079198	LTR/ERVL-MaLR	1960	+	110	2079088	75732
chr5	2003356	2203356	harbor1	chr5	2079509	2079652	LTR/ERVL-MaLR	1960	+	72	2079581	76225
chr5	64935093	65135093	harbor1	chr5	64985896	64986174	LTR/ERVL-MaLR	1637	+	139	64986035	50942
chr5	64935093	65135093	harbor1	chr5	65009468	65009858	LTR/ERVL-MaLR	1472	+	195	65009663	74570
chr5	132103911	132303911	harbor1	chr5	132186087	132186409	LTR/ERVL-MaLR	919	+	161	132186248	82337
chr5	79136012	79336012	harbor1	chr5	79140455	79140863	LTR/ERVL-MaLR	1680	+	204	79140659	4647
chr5	79136012	79336012	harbor1	chr5	79166438	79166495	LTR/ERVL-MaLR	2155	+	28	79166466	30454
chr5	79136012	79336012	harbor1	chr5	79166807	79167130	LTR/ERVL-MaLR	2155	+	162	79166969	30957
chr5	79136012	79336012	harbor1	chr5	79167428	79167488	LTR/ERVL-MaLR	2155	+	30	79167458	31446
chr5	79136012	79336012	harbor1	chr5	79210650	79210863	LTR/ERVL-MaLR	537	+	106	79210756	74744
chr5	79136012	79336012	harbor1	chr5	79223224	79223621	LTR/ERVL-MaLR	1480	+	198	79223422	87410
chr5	73350822	73550822	harbor1	chr5	73385130	73385611	LTR/ERVL-MaLR	1527	+	240	73385370	34548
chr5	73350822	73550822	harbor1	chr5	73386037	73386532	LTR/ERVL-MaLR	2454	+	248	73386285	35463
chr5	10661147	10861147	harbor1	chr5	10678000	10678459	LTR/ERVL-MaLR	1703	+	230	10678230	17083
chr5	10661147	10861147	harbor1	chr5	10711988	10712339	LTR/ERVL-MaLR	2147	+	176	10712164	51017
chr5	10661147	10861147	harbor1	chr5	10714621	10715043	LTR/ERVL-MaLR	2378	+	211	10714832	53685
chr5	10661147	10861147	harbor1	chr5	10731677	10731849	LTR/ERVL-MaLR	545	+	86	10731763	70616
chr5	10661147	10861147	harbor1	chr5	10735865	10736298	LTR/ERVL-MaLR	1949	+	216	10736081	74934
chr5	10661147	10861147	harbor1	chr5	10737747	10738211	LTR/ERVL-MaLR	2173	+	232	10737979	76832
chr5	10661147	10861147	harbor1	chr5	10751569	10751951	LTR/ERVL-MaLR	1721	+	191	10751760	90613
chr5	10661147	10861147	harbor1	chr5	10755039	10755452	LTR/ERVL-MaLR	1954	+	206	10755245	94098
chr5	135919218	136119218	harbor1	chr5	135925353	135925732	LTR/ERVL-MaLR	1102	+	190	135925543	6325
chr5	135919218	136119218	harbor1	chr5	135955506	135955894	LTR/ERVL-MaLR	2382	+	194	135955700	36482
chr5	135919218	136119218	harbor1	chr5	135968433	135968791	LTR/ERVL-MaLR	2348	+	179	135968612	49394
chr5	135919218	136119218	harbor1	chr5	135980189	135980533	LTR/ERVL-MaLR	784	+	172	135980361	61143
chr5	135919218	136119218	harbor1	chr5	135981456	135981806	LTR/ERVL-MaLR	1566	+	175	135981631	62413
chr5	135919218	136119218	harbor1	chr5	135995298	135995698	LTR/ERVL-MaLR	2213	+	200	135995498	76280
chr5	135919218	136119218	harbor1	chr5	135999535	135999707	LTR/ERVL-MaLR	1382	+	86	135999621	80403
chr5	135919218	136119218	harbor1	chr5	135999750	135999966	LTR/ERVL-MaLR	1382	+	108	135999858	80640
chr5	6533033	6733033	harbor1	chr5	6543768	6543949	LTR/ERVL-MaLR	890	+	90	6543858	10825
chr5	6533033	6733033	harbor1	chr5	6544507	6544938	LTR/ERVL-MaLR	1141	+	216	6544723	11690
chr5	6533033	6733033	harbor1	chr5	6548155	6548512	LTR/ERVL-MaLR	2277	+	178	6548333	15300
chr5	6533033	6733033	harbor1	chr5	6558222	6558612	LTR/ERVL-MaLR	858	+	195	6558417	25384
chr5	6533033	6733033	harbor1	chr5	6562308	6562705	LTR/ERVL-MaLR	2479	+	198	6562506	29473
chr5	6533033	6733033	harbor1	chr5	6585012	6585415	LTR/ERVL-MaLR	1318	+	202	6585214	52181
chr5	6533033	6733033	harbor1	chr5	6594916	6595250	LTR/ERVL-MaLR	2383	+	167	6595083	62050
chr5	6533033	6733033	harbor1	chr5	6629665	6630016	LTR/ERVL-MaLR	1544	+	176	6629841	96808
chr5	126677744	126877744	harbor1	chr5	126680467	126680854	LTR/ERVL-MaLR	757	+	194	126680661	2917
chr5	126677744	126877744	harbor1	chr5	126683436	126683844	LTR/ERVL-MaLR	2182	+	204	126683640	5896
chr5	126677744	126877744	harbor1	chr5	126707083	126707279	LTR/ERVL-MaLR	487	+	98	126707181	29437
chr5	126677744	126877744	harbor1	chr5	126712529	126712658	LTR/ERVL-MaLR	678	+	64	126712593	34849
chr5	126677744	126877744	harbor1	chr5	126712656	126712764	LTR/ERVL-MaLR	548	+	54	126712710	34966
chr5	126677744	126877744	harbor1	chr5	126713098	126713140	LTR/ERVL-MaLR	548	+	21	126713119	35375
chr5	126677744	126877744	harbor1	chr5	126730914	126731420	LTR/ERVL-MaLR	653	+	253	126731167	53423
chr5	10231669	10431669	harbor1	chr5	10237389	10237750	LTR/ERVL-MaLR	2257	+	180	10237569	5900
chr5	10231669	10431669	harbor1	chr5	10269674	10269904	LTR/ERVL-MaLR	1805	+	115	10269789	38120
chr5	10231669	10431669	harbor1	chr5	10270203	10270558	LTR/ERVL-MaLR	1805	+	178	10270381	38712
chr5	10231669	10431669	harbor1	chr5	10295483	10295797	LTR/ERVL-MaLR	1370	+	157	10295640	63971
chr5	10231669	10431669	harbor1	chr5	10299993	10300444	LTR/ERVL-MaLR	1911	+	226	10300219	68550
chr5	10231669	10431669	harbor1	chr5	10308971	10309295	LTR/ERVL-MaLR	1172	+	162	10309133	77464
chr5	10231669	10431669	harbor1	chr5	10309583	10309620	LTR/ERVL-MaLR	1172	+	18	10309601	77932
chr5	10231669	10431669	harbor1	chr5	10310978	10311102	LTR/ERVL-MaLR	853	+	62	10311040	79371
chr5	10231669	10431669	harbor1	chr5	10311762	10312185	LTR/ERVL-MaLR	868	+	212	10311974	80305
chr5	10231669	10431669	harbor1	chr5	10312514	10312823	LTR/ERVL-MaLR	1101	+	154	10312668	80999
chr5	10231669	10431669	harbor1	chr5	10313598	10314014	LTR/ERVL-MaLR	1855	+	208	10313806	82137
chr5	10231669	10431669	harbor1	chr5	10314417	10314696	LTR/ERVL-MaLR	744	+	140	10314557	82888
chr5	10231669	10431669	harbor1	chr5	10314714	10314829	LTR/ERVL-MaLR	1245	+	58	10314772	83103
chr5	10231669	10431669	harbor1	chr5	10314830	10315227	LTR/ERVL-MaLR	2367	+	198	10315028	83359
chr5	10231669	10431669	harbor1	chr5	10315228	10315612	LTR/ERVL-MaLR	1376	+	192	10315420	83751
chr5	10231669	10431669	harbor1	chr5	10317829	10317999	LTR/ERVL-MaLR	767	+	85	10317914	86245
chr5	10231669	10431669	harbor1	chr5	10318368	10318468	LTR/ERVL-MaLR	416	+	50	10318418	86749
chr5	93490732	93690732	harbor1	chr5	93536768	93537133	LTR/ERVL-MaLR	2368	+	182	93536950	46218
chr5	93490732	93690732	harbor1	chr5	93556466	93556903	LTR/ERVL-MaLR	2263	+	218	93556684	65952
chr5	10150998	10350998	harbor1	chr5	10165003	10165300	LTR/ERVL-MaLR	665	+	148	10165151	14153
chr5	10150998	10350998	harbor1	chr5	10166800	10167211	LTR/ERVL-MaLR	1472	+	206	10167006	16008
chr5	10150998	10350998	harbor1	chr5	10171426	10171588	LTR/ERVL-MaLR	982	+	81	10171507	20509
chr5	10150998	10350998	harbor1	chr5	10193236	10193320	LTR/ERVL-MaLR	1837	+	42	10193278	42280
chr5	10150998	10350998	harbor1	chr5	10193622	10194034	LTR/ERVL-MaLR	1837	+	206	10193828	42830
chr5	10150998	10350998	harbor1	chr5	10211648	10212016	LTR/ERVL-MaLR	2336	+	184	10211832	60834
chr5	10150998	10350998	harbor1	chr5	10218154	10218262	LTR/ERVL-MaLR	720	+	54	10218208	67210
chr5	10150998	10350998	harbor1	chr5	10237389	10237750	LTR/ERVL-MaLR	2257	+	180	10237569	86571
chr5	71628507	71828507	harbor1	chr5	71670555	71670820	LTR/ERVL-MaLR	607	+	132	71670687	42180
chr5	71628507	71828507	harbor1	chr5	71708355	71708927	LTR/ERVL-MaLR	2012	+	286	71708641	80134
chr5	71628507	71828507	harbor1	chr5	71711934	71712094	LTR/ERVL-MaLR	667	+	80	71712014	83507
chr5	71628507	71828507	harbor1	chr5	71713322	71713590	LTR/ERVL-MaLR	484	+	134	71713456	84949
chr5	71628507	71828507	harbor1	chr5	71713628	71713783	LTR/ERVL-MaLR	658	+	78	71713706	85199
chr5	179703607	179903607	harbor1	chr5	179787793	179787908	LTR/ERVL-MaLR	716	+	58	179787851	84244
chr5	179703607	179903607	harbor1	chr5	179789401	179789588	LTR/ERVL-MaLR	906	+	94	179789495	85888
chr5	78709775	78909775	harbor1	chr5	78733916	78734056	LTR/ERVL-MaLR	422	+	70	78733986	24211
chr5	78709775	78909775	harbor1	chr5	78734135	78734560	LTR/ERVL-MaLR	723	+	212	78734347	24572
chr5	78709775	78909775	harbor1	chr5	78776616	78777111	LTR/ERVL-MaLR	2387	+	248	78776864	67089
chr5	78709775	78909775	harbor1	chr5	78785676	78785922	LTR/ERVL-MaLR	894	+	123	78785799	76024
chr5	78709775	78909775	harbor1	chr5	78801623	78801978	LTR/ERVL-MaLR	557	+	178	78801801	92026
chr5	10661144	10861144	harbor1	chr5	10678000	10678459	LTR/ERVL-MaLR	1703	+	230	10678230	17086
chr5	10661144	10861144	harbor1	chr5	10711988	10712339	LTR/ERVL-MaLR	2147	+	176	10712164	51020
chr5	10661144	10861144	harbor1	chr5	10714621	10715043	LTR/ERVL-MaLR	2378	+	211	10714832	53688
chr5	10661144	10861144	harbor1	chr5	10731677	10731849	LTR/ERVL-MaLR	545	+	86	10731763	70619
chr5	10661144	10861144	harbor1	chr5	10735865	10736298	LTR/ERVL-MaLR	1949	+	216	10736081	74937
chr5	10661144	10861144	harbor1	chr5	10737747	10738211	LTR/ERVL-MaLR	2173	+	232	10737979	76835
chr5	10661144	10861144	harbor1	chr5	10751569	10751951	LTR/ERVL-MaLR	1721	+	191	10751760	90616
chr5	10661144	10861144	harbor1	chr5	10755039	10755452	LTR/ERVL-MaLR	1954	+	206	10755245	94101
chr5	10661231	10861231	harbor1	chr5	10678000	10678459	LTR/ERVL-MaLR	1703	+	230	10678230	16999
chr5	10661231	10861231	harbor1	chr5	10711988	10712339	LTR/ERVL-MaLR	2147	+	176	10712164	50933
chr5	10661231	10861231	harbor1	chr5	10714621	10715043	LTR/ERVL-MaLR	2378	+	211	10714832	53601
chr5	10661231	10861231	harbor1	chr5	10731677	10731849	LTR/ERVL-MaLR	545	+	86	10731763	70532
chr5	10661231	10861231	harbor1	chr5	10735865	10736298	LTR/ERVL-MaLR	1949	+	216	10736081	74850
chr5	10661231	10861231	harbor1	chr5	10737747	10738211	LTR/ERVL-MaLR	2173	+	232	10737979	76748
chr5	10661231	10861231	harbor1	chr5	10751569	10751951	LTR/ERVL-MaLR	1721	+	191	10751760	90529
chr5	10661231	10861231	harbor1	chr5	10755039	10755452	LTR/ERVL-MaLR	1954	+	206	10755245	94014
chr5	137653913	137853913	harbor1	chr5	137739708	137740122	LTR/ERVL-MaLR	2563	+	207	137739915	86002
chr5	133904558	134104558	harbor1	chr5	133905761	133906175	LTR/ERVL-MaLR	962	+	207	133905968	1410
chr5	133904558	134104558	harbor1	chr5	133939655	133940056	LTR/ERVL-MaLR	2655	+	200	133939855	35297
chr5	133904558	134104558	harbor1	chr5	133940362	133940398	LTR/ERVL-MaLR	2655	+	18	133940380	35822
chr5	133904558	134104558	harbor1	chr5	133954007	133954197	LTR/ERVL-MaLR	2621	+	95	133954102	49544
chr5	133904558	134104558	harbor1	chr5	133954524	133954765	LTR/ERVL-MaLR	2621	+	120	133954644	50086
chr5	133904558	134104558	harbor1	chr5	133971278	133971824	LTR/ERVL-MaLR	2151	+	273	133971551	66993
chr5	133904558	134104558	harbor1	chr5	133983703	133984058	LTR/ERVL-MaLR	1925	+	178	133983881	79323
chr5	133904558	134104558	harbor1	chr5	133984361	133984395	LTR/ERVL-MaLR	1925	+	17	133984378	79820
chr6	139275451	139475451	harbor1	chr6	139292930	139293097	LTR/ERVL-MaLR	1843	+	84	139293014	17563
chr6	139275451	139475451	harbor1	chr6	139293390	139293676	LTR/ERVL-MaLR	1843	+	143	139293533	18082
chr6	139275451	139475451	harbor1	chr6	139294408	139294707	LTR/ERVL-MaLR	1885	+	150	139294558	19107
chr6	139275451	139475451	harbor1	chr6	139295002	139295058	LTR/ERVL-MaLR	1885	+	28	139295030	19579
chr6	139275451	139475451	harbor1	chr6	139298726	139299131	LTR/ERVL-MaLR	1974	+	202	139298928	23477
chr6	139275451	139475451	harbor1	chr6	139321167	139321532	LTR/ERVL-MaLR	2142	+	182	139321349	45898
chr6	139275451	139475451	harbor1	chr6	139333162	139333302	LTR/ERVL-MaLR	1348	+	70	139333232	57781
chr6	139275451	139475451	harbor1	chr6	139333595	139333823	LTR/ERVL-MaLR	1348	+	114	139333709	58258
chr6	139275451	139475451	harbor1	chr6	139358600	139358929	LTR/ERVL-MaLR	1756	+	164	139358764	83313
chr6	139275451	139475451	harbor1	chr6	139360830	139361023	LTR/ERVL-MaLR	634	+	96	139360926	85475
chr6	31056818	31256818	harbor1	chr6	31061750	31062077	LTR/ERVL-MaLR	463	+	164	31061914	5096
chr6	139275552	139475552	harbor1	chr6	139292930	139293097	LTR/ERVL-MaLR	1843	+	84	139293014	17462
chr6	139275552	139475552	harbor1	chr6	139293390	139293676	LTR/ERVL-MaLR	1843	+	143	139293533	17981
chr6	139275552	139475552	harbor1	chr6	139294408	139294707	LTR/ERVL-MaLR	1885	+	150	139294558	19006
chr6	139275552	139475552	harbor1	chr6	139295002	139295058	LTR/ERVL-MaLR	1885	+	28	139295030	19478
chr6	139275552	139475552	harbor1	chr6	139298726	139299131	LTR/ERVL-MaLR	1974	+	202	139298928	23376
chr6	139275552	139475552	harbor1	chr6	139321167	139321532	LTR/ERVL-MaLR	2142	+	182	139321349	45797
chr6	139275552	139475552	harbor1	chr6	139333162	139333302	LTR/ERVL-MaLR	1348	+	70	139333232	57680
chr6	139275552	139475552	harbor1	chr6	139333595	139333823	LTR/ERVL-MaLR	1348	+	114	139333709	58157
chr6	139275552	139475552	harbor1	chr6	139358600	139358929	LTR/ERVL-MaLR	1756	+	164	139358764	83212
chr6	139275552	139475552	harbor1	chr6	139360830	139361023	LTR/ERVL-MaLR	634	+	96	139360926	85374
chr6	139268099	139468099	harbor1	chr6	139292930	139293097	LTR/ERVL-MaLR	1843	+	84	139293014	24915
chr6	139268099	139468099	harbor1	chr6	139293390	139293676	LTR/ERVL-MaLR	1843	+	143	139293533	25434
chr6	139268099	139468099	harbor1	chr6	139294408	139294707	LTR/ERVL-MaLR	1885	+	150	139294558	26459
chr6	139268099	139468099	harbor1	chr6	139295002	139295058	LTR/ERVL-MaLR	1885	+	28	139295030	26931
chr6	139268099	139468099	harbor1	chr6	139298726	139299131	LTR/ERVL-MaLR	1974	+	202	139298928	30829
chr6	139268099	139468099	harbor1	chr6	139321167	139321532	LTR/ERVL-MaLR	2142	+	182	139321349	53250
chr6	139268099	139468099	harbor1	chr6	139333162	139333302	LTR/ERVL-MaLR	1348	+	70	139333232	65133
chr6	139268099	139468099	harbor1	chr6	139333595	139333823	LTR/ERVL-MaLR	1348	+	114	139333709	65610
chr6	139268099	139468099	harbor1	chr6	139358600	139358929	LTR/ERVL-MaLR	1756	+	164	139358764	90665
chr6	139268099	139468099	harbor1	chr6	139360830	139361023	LTR/ERVL-MaLR	634	+	96	139360926	92827
chr6	127167311	127367311	harbor1	chr6	127223966	127224335	LTR/ERVL-MaLR	2492	+	184	127224150	56839
chr6	89719728	89919728	harbor1	chr6	89768183	89768542	LTR/ERVL-MaLR	2493	+	180	89768363	48635
chr6	89719728	89919728	harbor1	chr6	89773104	89773259	LTR/ERVL-MaLR	1365	+	78	89773182	53454
chr6	89719728	89919728	harbor1	chr6	89773569	89773682	LTR/ERVL-MaLR	1365	+	56	89773625	53897
chr6	89719728	89919728	harbor1	chr6	89773994	89774178	LTR/ERVL-MaLR	1365	+	92	89774086	54358
chr6	37002869	37202869	harbor1	chr6	37039524	37039664	LTR/ERVL-MaLR	916	+	70	37039594	36725
chr6	37002869	37202869	harbor1	chr6	37039963	37040251	LTR/ERVL-MaLR	916	+	144	37040107	37238
chr6	37002869	37202869	harbor1	chr6	37041152	37041314	LTR/ERVL-MaLR	1841	+	81	37041233	38364
chr6	37002869	37202869	harbor1	chr6	37041628	37041822	LTR/ERVL-MaLR	1841	+	97	37041725	38856
chr6	37002869	37202869	harbor1	chr6	37042120	37042485	LTR/ERVL-MaLR	1357	+	182	37042302	39433
chr6	37002869	37202869	harbor1	chr6	37042764	37042980	LTR/ERVL-MaLR	872	+	108	37042872	40003
chr6	37002869	37202869	harbor1	chr6	37046605	37046945	LTR/ERVL-MaLR	1774	+	170	37046775	43906
chr6	166512562	166712562	harbor1	chr6	166520569	166520821	LTR/ERVL-MaLR	1176	+	126	166520695	8133
chr6	166512562	166712562	harbor1	chr6	166520801	166521247	LTR/ERVL-MaLR	597	+	223	166521024	8462
chr6	166512562	166712562	harbor1	chr6	166521382	166521814	LTR/ERVL-MaLR	1556	+	216	166521598	9036
chr6	166512562	166712562	harbor1	chr6	166521816	166522166	LTR/ERVL-MaLR	1788	+	175	166521991	9429
chr6	166512562	166712562	harbor1	chr6	166576259	166577819	LTR/ERVL-MaLR	11892	+	780	166577039	64477
chr6	166512562	166712562	harbor1	chr6	166577820	166578174	LTR/ERVL-MaLR	2354	+	177	166577997	65435
chr6	166512562	166712562	harbor1	chr6	166591423	166591791	LTR/ERVL-MaLR	799	+	184	166591607	79045
chr6	166512562	166712562	harbor1	chr6	166575904	166576258	LTR/ERVL-MaLR	2514	+	177	166576081	63519
chr6	139275170	139475170	harbor1	chr6	139292930	139293097	LTR/ERVL-MaLR	1843	+	84	139293014	17844
chr6	139275170	139475170	harbor1	chr6	139293390	139293676	LTR/ERVL-MaLR	1843	+	143	139293533	18363
chr6	139275170	139475170	harbor1	chr6	139294408	139294707	LTR/ERVL-MaLR	1885	+	150	139294558	19388
chr6	139275170	139475170	harbor1	chr6	139295002	139295058	LTR/ERVL-MaLR	1885	+	28	139295030	19860
chr6	139275170	139475170	harbor1	chr6	139298726	139299131	LTR/ERVL-MaLR	1974	+	202	139298928	23758
chr6	139275170	139475170	harbor1	chr6	139321167	139321532	LTR/ERVL-MaLR	2142	+	182	139321349	46179
chr6	139275170	139475170	harbor1	chr6	139333162	139333302	LTR/ERVL-MaLR	1348	+	70	139333232	58062
chr6	139275170	139475170	harbor1	chr6	139333595	139333823	LTR/ERVL-MaLR	1348	+	114	139333709	58539
chr6	139275170	139475170	harbor1	chr6	139358600	139358929	LTR/ERVL-MaLR	1756	+	164	139358764	83594
chr6	139275170	139475170	harbor1	chr6	139360830	139361023	LTR/ERVL-MaLR	634	+	96	139360926	85756
chr6	124862435	125062435	harbor1	chr6	124865521	124865913	LTR/ERVL-MaLR	1643	+	196	124865717	3282
chr6	124862435	125062435	harbor1	chr6	124874004	124874256	LTR/ERVL-MaLR	1299	+	126	124874130	11695
chr6	124862435	125062435	harbor1	chr6	124885690	124886046	LTR/ERVL-MaLR	1502	+	178	124885868	23433
chr6	124862435	125062435	harbor1	chr6	124904073	124904287	LTR/ERVL-MaLR	1437	+	107	124904180	41745
chr6	124862435	125062435	harbor1	chr6	124913773	124914124	LTR/ERVL-MaLR	1294	+	176	124913949	51514
chr6	124862435	125062435	harbor1	chr6	124917132	124917549	LTR/ERVL-MaLR	2159	+	208	124917340	54905
chr6	124862435	125062435	harbor1	chr6	124923462	124923829	LTR/ERVL-MaLR	1450	+	184	124923646	61211
chr6	124862435	125062435	harbor1	chr6	124930528	124930946	LTR/ERVL-MaLR	2520	+	209	124930737	68302
chr6	124862435	125062435	harbor1	chr6	124949751	124950175	LTR/ERVL-MaLR	1763	+	212	124949963	87528
chr6	124862435	125062435	harbor1	chr6	124950465	124950827	LTR/ERVL-MaLR	2375	+	181	124950646	88211
chr6	11481954	11681954	harbor1	chr6	11481757	11482088	LTR/ERVL-MaLR	1438	+	166	11481923	31
chr6	11481954	11681954	harbor1	chr6	11482376	11482435	LTR/ERVL-MaLR	1438	+	30	11482406	452
chr6	11481954	11681954	harbor1	chr6	11519474	11519848	LTR/ERVL-MaLR	471	+	187	11519661	37707
chr6	11481954	11681954	harbor1	chr6	11523728	11524169	LTR/ERVL-MaLR	2035	+	220	11523948	41994
chr6	11481954	11681954	harbor1	chr6	11534596	11534890	LTR/ERVL-MaLR	2305	+	147	11534743	52789
chr6	11481954	11681954	harbor1	chr6	11534905	11535123	LTR/ERVL-MaLR	1084	+	109	11535014	53060
chr6	7626957	7826957	harbor1	chr6	7626949	7627180	LTR/ERVL-MaLR	470	+	116	7627065	108
chr6	7626957	7826957	harbor1	chr6	7627795	7627974	LTR/ERVL-MaLR	480	+	90	7627885	928
chr6	7626957	7826957	harbor1	chr6	7630184	7630393	LTR/ERVL-MaLR	1197	+	104	7630288	3331
chr6	7626957	7826957	harbor1	chr6	7632352	7632875	LTR/ERVL-MaLR	1484	+	262	7632614	5657
chr6	7626957	7826957	harbor1	chr6	7644716	7644877	LTR/ERVL-MaLR	502	+	80	7644796	17839
chr6	7626957	7826957	harbor1	chr6	7645245	7645639	LTR/ERVL-MaLR	514	+	197	7645442	18485
chr6	7626957	7826957	harbor1	chr6	7645844	7646205	LTR/ERVL-MaLR	614	+	180	7646024	19067
chr6	7626957	7826957	harbor1	chr6	7668682	7668918	LTR/ERVL-MaLR	1409	+	118	7668800	41843
chr6	7626957	7826957	harbor1	chr6	7704487	7704811	LTR/ERVL-MaLR	1610	+	162	7704649	77692
chr6	7626957	7826957	harbor1	chr6	7705132	7705174	LTR/ERVL-MaLR	1610	+	21	7705153	78196
chr6	105894234	106094234	harbor1	chr6	105898804	105899244	LTR/ERVL-MaLR	1272	+	220	105899024	4790
chr6	105894234	106094234	harbor1	chr6	105916120	105916402	LTR/ERVL-MaLR	770	+	141	105916261	22027
chr6	105894234	106094234	harbor1	chr6	105955877	105956055	LTR/ERVL-MaLR	620	+	89	105955966	61732
chr6	105894234	106094234	harbor1	chr6	105956341	105956396	LTR/ERVL-MaLR	620	+	28	105956369	62135
chr6	105894234	106094234	harbor1	chr6	105983075	105983226	LTR/ERVL-MaLR	942	+	76	105983151	88917
chr6	36992832	37192832	harbor1	chr6	37039524	37039664	LTR/ERVL-MaLR	916	+	70	37039594	46762
chr6	36992832	37192832	harbor1	chr6	37039963	37040251	LTR/ERVL-MaLR	916	+	144	37040107	47275
chr6	36992832	37192832	harbor1	chr6	37041152	37041314	LTR/ERVL-MaLR	1841	+	81	37041233	48401
chr6	36992832	37192832	harbor1	chr6	37041628	37041822	LTR/ERVL-MaLR	1841	+	97	37041725	48893
chr6	36992832	37192832	harbor1	chr6	37042120	37042485	LTR/ERVL-MaLR	1357	+	182	37042302	49470
chr6	36992832	37192832	harbor1	chr6	37042764	37042980	LTR/ERVL-MaLR	872	+	108	37042872	50040
chr6	36992832	37192832	harbor1	chr6	37046605	37046945	LTR/ERVL-MaLR	1774	+	170	37046775	53943
chr6	107387585	107587585	harbor1	chr6	107418080	107418489	LTR/ERVL-MaLR	1975	+	204	107418284	30699
chr6	107387585	107587585	harbor1	chr6	107418805	107418873	LTR/ERVL-MaLR	1975	+	34	107418839	31254
chr6	107387585	107587585	harbor1	chr6	107424856	107425215	LTR/ERVL-MaLR	2297	+	180	107425036	37451
chr6	107387585	107587585	harbor1	chr6	107425216	107425694	LTR/ERVL-MaLR	11260	+	239	107425455	37870
chr6	107387585	107587585	harbor1	chr6	107425982	107427049	LTR/ERVL-MaLR	11260	+	534	107426516	38931
chr6	107387585	107587585	harbor1	chr6	107427050	107427423	LTR/ERVL-MaLR	2092	+	186	107427236	39651
chr6	138673799	138873799	harbor1	chr6	138699329	138699742	LTR/ERVL-MaLR	2537	+	206	138699535	25736
chr6	138673799	138873799	harbor1	chr6	138733806	138734098	LTR/ERVL-MaLR	629	+	146	138733952	60153
chr6	138673799	138873799	harbor1	chr6	138749203	138749552	LTR/ERVL-MaLR	2011	+	174	138749377	75578
chr6	138673799	138873799	harbor1	chr6	138752037	138752377	LTR/ERVL-MaLR	1222	+	170	138752207	78408
chr6	35352746	35552746	harbor1	chr6	35357983	35358483	LTR/ERVL-MaLR	2281	+	250	35358233	5487
chr6	99421500	99621500	harbor1	chr6	99421323	99421771	LTR/ERVL-MaLR	1313	+	224	99421547	47
chr6	99421500	99621500	harbor1	chr6	99430337	99430885	LTR/ERVL-MaLR	909	+	274	99430611	9111
chr6	99421500	99621500	harbor1	chr6	99432026	99432368	LTR/ERVL-MaLR	1719	+	171	99432197	10697
chr6	99421500	99621500	harbor1	chr6	99502623	99503044	LTR/ERVL-MaLR	2668	+	210	99502833	81333
chr6	99421500	99621500	harbor1	chr6	99510448	99510791	LTR/ERVL-MaLR	1585	+	172	99510620	89120
chr6	99421500	99621500	harbor1	chr6	99520065	99520570	LTR/ERVL-MaLR	2355	+	252	99520317	98817
chr6	41820289	42020289	harbor1	chr6	41834453	41834856	LTR/ERVL-MaLR	2929	+	202	41834655	14366
chr6	107722375	107922375	harbor1	chr6	107732950	107733251	LTR/ERVL-MaLR	841	+	150	107733100	10725
chr6	107722375	107922375	harbor1	chr6	107758438	107758882	LTR/ERVL-MaLR	1723	+	222	107758660	36285
chr6	107722375	107922375	harbor1	chr6	107762439	107762873	LTR/ERVL-MaLR	1960	+	217	107762656	40281
chr6	107722375	107922375	harbor1	chr6	107763229	107763374	LTR/ERVL-MaLR	1488	+	72	107763301	40926
chr6	107722375	107922375	harbor1	chr6	107763687	107763915	LTR/ERVL-MaLR	1488	+	114	107763801	41426
chr6	107722375	107922375	harbor1	chr6	107764693	107765054	LTR/ERVL-MaLR	2324	+	180	107764873	42498
chr6	107722375	107922375	harbor1	chr6	107767653	107767977	LTR/ERVL-MaLR	889	+	162	107767815	45440
chr6	107722375	107922375	harbor1	chr6	107768237	107768394	LTR/ERVL-MaLR	465	+	78	107768315	45940
chr6	107722375	107922375	harbor1	chr6	107808961	107809349	LTR/ERVL-MaLR	1989	+	194	107809155	86780
chr6	107722375	107922375	harbor1	chr6	107810724	107810811	LTR/ERVL-MaLR	1701	+	44	107810768	88393
chr6	107722375	107922375	harbor1	chr6	107810941	107811253	LTR/ERVL-MaLR	1701	+	156	107811097	88722
chr6	139274146	139474146	harbor1	chr6	139292930	139293097	LTR/ERVL-MaLR	1843	+	84	139293014	18868
chr6	139274146	139474146	harbor1	chr6	139293390	139293676	LTR/ERVL-MaLR	1843	+	143	139293533	19387
chr6	139274146	139474146	harbor1	chr6	139294408	139294707	LTR/ERVL-MaLR	1885	+	150	139294558	20412
chr6	139274146	139474146	harbor1	chr6	139295002	139295058	LTR/ERVL-MaLR	1885	+	28	139295030	20884
chr6	139274146	139474146	harbor1	chr6	139298726	139299131	LTR/ERVL-MaLR	1974	+	202	139298928	24782
chr6	139274146	139474146	harbor1	chr6	139321167	139321532	LTR/ERVL-MaLR	2142	+	182	139321349	47203
chr6	139274146	139474146	harbor1	chr6	139333162	139333302	LTR/ERVL-MaLR	1348	+	70	139333232	59086
chr6	139274146	139474146	harbor1	chr6	139333595	139333823	LTR/ERVL-MaLR	1348	+	114	139333709	59563
chr6	139274146	139474146	harbor1	chr6	139358600	139358929	LTR/ERVL-MaLR	1756	+	164	139358764	84618
chr6	139274146	139474146	harbor1	chr6	139360830	139361023	LTR/ERVL-MaLR	634	+	96	139360926	86780
chr6	77363005	77563005	harbor1	chr6	77365983	77366415	LTR/ERVL-MaLR	2233	+	216	77366199	3194
chr6	77363005	77563005	harbor1	chr6	77420059	77420315	LTR/ERVL-MaLR	1400	+	128	77420187	57182
chr6	77363005	77563005	harbor1	chr6	77420316	77420667	LTR/ERVL-MaLR	1507	+	176	77420492	57487
chr6	37002597	37202597	harbor1	chr6	37039524	37039664	LTR/ERVL-MaLR	916	+	70	37039594	36997
chr6	37002597	37202597	harbor1	chr6	37039963	37040251	LTR/ERVL-MaLR	916	+	144	37040107	37510
chr6	37002597	37202597	harbor1	chr6	37041152	37041314	LTR/ERVL-MaLR	1841	+	81	37041233	38636
chr6	37002597	37202597	harbor1	chr6	37041628	37041822	LTR/ERVL-MaLR	1841	+	97	37041725	39128
chr6	37002597	37202597	harbor1	chr6	37042120	37042485	LTR/ERVL-MaLR	1357	+	182	37042302	39705
chr6	37002597	37202597	harbor1	chr6	37042764	37042980	LTR/ERVL-MaLR	872	+	108	37042872	40275
chr6	37002597	37202597	harbor1	chr6	37046605	37046945	LTR/ERVL-MaLR	1774	+	170	37046775	44178
chr6	139274683	139474683	harbor1	chr6	139292930	139293097	LTR/ERVL-MaLR	1843	+	84	139293014	18331
chr6	139274683	139474683	harbor1	chr6	139293390	139293676	LTR/ERVL-MaLR	1843	+	143	139293533	18850
chr6	139274683	139474683	harbor1	chr6	139294408	139294707	LTR/ERVL-MaLR	1885	+	150	139294558	19875
chr6	139274683	139474683	harbor1	chr6	139295002	139295058	LTR/ERVL-MaLR	1885	+	28	139295030	20347
chr6	139274683	139474683	harbor1	chr6	139298726	139299131	LTR/ERVL-MaLR	1974	+	202	139298928	24245
chr6	139274683	139474683	harbor1	chr6	139321167	139321532	LTR/ERVL-MaLR	2142	+	182	139321349	46666
chr6	139274683	139474683	harbor1	chr6	139333162	139333302	LTR/ERVL-MaLR	1348	+	70	139333232	58549
chr6	139274683	139474683	harbor1	chr6	139333595	139333823	LTR/ERVL-MaLR	1348	+	114	139333709	59026
chr6	139274683	139474683	harbor1	chr6	139358600	139358929	LTR/ERVL-MaLR	1756	+	164	139358764	84081
chr6	139274683	139474683	harbor1	chr6	139360830	139361023	LTR/ERVL-MaLR	634	+	96	139360926	86243
chr6	169864005	170064005	harbor1	chr6	169903832	169904031	LTR/ERVL-MaLR	642	+	100	169903932	39927
chr6	169864005	170064005	harbor1	chr6	169904028	169904309	LTR/ERVL-MaLR	599	+	140	169904168	40163
chr6	169864005	170064005	harbor1	chr6	169933845	169934173	LTR/ERVL-MaLR	751	+	164	169934009	70004
chr6	169864005	170064005	harbor1	chr6	169951162	169951692	LTR/ERVL-MaLR	1371	+	265	169951427	87422
chr6	30784323	30984323	harbor1	chr6	30814592	30814843	LTR/ERVL-MaLR	567	+	126	30814718	30395
chr6	30784323	30984323	harbor1	chr6	30833749	30833965	LTR/ERVL-MaLR	997	+	108	30833857	49534
chr6	30784323	30984323	harbor1	chr6	30834272	30834283	LTR/ERVL-MaLR	997	+	6	30834278	49955
chr6	30784323	30984323	harbor1	chr6	30835524	30835832	LTR/ERVL-MaLR	1733	+	154	30835678	51355
chr6	30784323	30984323	harbor1	chr6	30836440	30836502	LTR/ERVL-MaLR	1733	+	31	30836471	52148
chr6	30784323	30984323	harbor1	chr6	30850219	30850580	LTR/ERVL-MaLR	2397	+	180	30850399	66076
chr6	30784323	30984323	harbor1	chr6	30852487	30852785	LTR/ERVL-MaLR	2439	+	149	30852636	68313
chr6	30784323	30984323	harbor1	chr6	30853132	30853195	LTR/ERVL-MaLR	2439	+	32	30853164	68841
chr6	30784323	30984323	harbor1	chr6	30855350	30855739	LTR/ERVL-MaLR	1087	+	194	30855544	71221
chr6	30784323	30984323	harbor1	chr6	30858365	30858543	LTR/ERVL-MaLR	710	+	89	30858454	74131
chr6	30784323	30984323	harbor1	chr6	30863145	30863307	LTR/ERVL-MaLR	1649	+	81	30863226	78903
chr6	30784323	30984323	harbor1	chr6	30863614	30863859	LTR/ERVL-MaLR	1649	+	122	30863736	79413
chr6	30784323	30984323	harbor1	chr6	30834553	30834862	LTR/ERVL-MaLR	997	+	154	30834707	50384
chr6	30784323	30984323	harbor1	chr6	30850907	30852486	LTR/ERVL-MaLR	10239	+	790	30851697	67374
chr6	100355730	100555730	harbor1	chr6	100366225	100366596	LTR/ERVL-MaLR	2258	+	186	100366411	10681
chr6	100355730	100555730	harbor1	chr6	100367321	100367870	LTR/ERVL-MaLR	1856	+	274	100367595	11865
chr6	100355730	100555730	harbor1	chr6	100368140	100368232	LTR/ERVL-MaLR	1856	+	46	100368186	12456
chr6	100355730	100555730	harbor1	chr6	100424960	100425313	LTR/ERVL-MaLR	2762	+	176	100425136	69406
chr6	100355730	100555730	harbor1	chr6	100368363	100368710	LTR/ERVL-MaLR	1761	+	174	100368537	12807
chr6	10421300	10621300	harbor1	chr6	10467973	10468312	LTR/ERVL-MaLR	2220	+	170	10468143	46843
chr6	10421300	10621300	harbor1	chr6	10468339	10468414	LTR/ERVL-MaLR	2220	+	38	10468377	47077
chr6	10421300	10621300	harbor1	chr6	10474001	10474337	LTR/ERVL-MaLR	2276	+	168	10474169	52869
chr6	10421300	10621300	harbor1	chr6	10475805	10476218	LTR/ERVL-MaLR	1325	+	206	10476011	54711
chr6	139275445	139475445	harbor1	chr6	139292930	139293097	LTR/ERVL-MaLR	1843	+	84	139293014	17569
chr6	139275445	139475445	harbor1	chr6	139293390	139293676	LTR/ERVL-MaLR	1843	+	143	139293533	18088
chr6	139275445	139475445	harbor1	chr6	139294408	139294707	LTR/ERVL-MaLR	1885	+	150	139294558	19113
chr6	139275445	139475445	harbor1	chr6	139295002	139295058	LTR/ERVL-MaLR	1885	+	28	139295030	19585
chr6	139275445	139475445	harbor1	chr6	139298726	139299131	LTR/ERVL-MaLR	1974	+	202	139298928	23483
chr6	139275445	139475445	harbor1	chr6	139321167	139321532	LTR/ERVL-MaLR	2142	+	182	139321349	45904
chr6	139275445	139475445	harbor1	chr6	139333162	139333302	LTR/ERVL-MaLR	1348	+	70	139333232	57787
chr6	139275445	139475445	harbor1	chr6	139333595	139333823	LTR/ERVL-MaLR	1348	+	114	139333709	58264
chr6	139275445	139475445	harbor1	chr6	139358600	139358929	LTR/ERVL-MaLR	1756	+	164	139358764	83319
chr6	139275445	139475445	harbor1	chr6	139360830	139361023	LTR/ERVL-MaLR	634	+	96	139360926	85481
chr6	7626988	7826988	harbor1	chr6	7626949	7627180	LTR/ERVL-MaLR	470	+	116	7627065	77
chr6	7626988	7826988	harbor1	chr6	7627795	7627974	LTR/ERVL-MaLR	480	+	90	7627885	897
chr6	7626988	7826988	harbor1	chr6	7630184	7630393	LTR/ERVL-MaLR	1197	+	104	7630288	3300
chr6	7626988	7826988	harbor1	chr6	7632352	7632875	LTR/ERVL-MaLR	1484	+	262	7632614	5626
chr6	7626988	7826988	harbor1	chr6	7644716	7644877	LTR/ERVL-MaLR	502	+	80	7644796	17808
chr6	7626988	7826988	harbor1	chr6	7645245	7645639	LTR/ERVL-MaLR	514	+	197	7645442	18454
chr6	7626988	7826988	harbor1	chr6	7645844	7646205	LTR/ERVL-MaLR	614	+	180	7646024	19036
chr6	7626988	7826988	harbor1	chr6	7668682	7668918	LTR/ERVL-MaLR	1409	+	118	7668800	41812
chr6	7626988	7826988	harbor1	chr6	7704487	7704811	LTR/ERVL-MaLR	1610	+	162	7704649	77661
chr6	7626988	7826988	harbor1	chr6	7705132	7705174	LTR/ERVL-MaLR	1610	+	21	7705153	78165
chr6	27415355	27615355	harbor1	chr6	27430367	27430783	LTR/ERVL-MaLR	1440	+	208	27430575	15220
chr6	27415355	27615355	harbor1	chr6	27432662	27433234	LTR/ERVL-MaLR	1708	+	286	27432948	17593
chr6	27415355	27615355	harbor1	chr6	27437089	27437672	LTR/ERVL-MaLR	2139	+	292	27437381	22026
chr6	27415355	27615355	harbor1	chr6	27445363	27445742	LTR/ERVL-MaLR	1656	+	190	27445553	30198
chr6	27415355	27615355	harbor1	chr6	27445750	27446862	LTR/ERVL-MaLR	4462	+	556	27446306	30951
chr6	27415355	27615355	harbor1	chr6	27447057	27447334	LTR/ERVL-MaLR	4462	+	138	27447195	31840
chr6	27415355	27615355	harbor1	chr6	27447337	27447430	LTR/ERVL-MaLR	873	+	46	27447383	32028
chr6	27415355	27615355	harbor1	chr6	27447742	27447915	LTR/ERVL-MaLR	873	+	86	27447828	32473
chr6	27415355	27615355	harbor1	chr6	27450286	27450639	LTR/ERVL-MaLR	1536	+	176	27450462	35107
chr6	27415355	27615355	harbor1	chr6	27465043	27465164	LTR/ERVL-MaLR	580	+	60	27465103	49748
chr6	27415355	27615355	harbor1	chr6	27465902	27466136	LTR/ERVL-MaLR	1946	+	117	27466019	50664
chr6	27415355	27615355	harbor1	chr6	27466172	27466408	LTR/ERVL-MaLR	1946	+	118	27466290	50935
chr6	27415355	27615355	harbor1	chr6	27506996	27507425	LTR/ERVL-MaLR	1481	+	214	27507210	91855
chr6	27415355	27615355	harbor1	chr6	27475772	27476091	LTR/ERVL-MaLR	1513	+	160	27475932	60577
chr6	30366671	30566671	harbor1	chr6	30402588	30402719	LTR/ERVL-MaLR	854	+	66	30402654	35983
chr6	30366671	30566671	harbor1	chr6	30405049	30405386	LTR/ERVL-MaLR	754	+	168	30405217	38546
chr6	30366671	30566671	harbor1	chr6	30407106	30408342	LTR/ERVL-MaLR	9376	+	618	30407724	41053
chr6	30366671	30566671	harbor1	chr6	30408343	30408695	LTR/ERVL-MaLR	2120	+	176	30408519	41848
chr6	139274657	139474657	harbor1	chr6	139292930	139293097	LTR/ERVL-MaLR	1843	+	84	139293014	18357
chr6	139274657	139474657	harbor1	chr6	139293390	139293676	LTR/ERVL-MaLR	1843	+	143	139293533	18876
chr6	139274657	139474657	harbor1	chr6	139294408	139294707	LTR/ERVL-MaLR	1885	+	150	139294558	19901
chr6	139274657	139474657	harbor1	chr6	139295002	139295058	LTR/ERVL-MaLR	1885	+	28	139295030	20373
chr6	139274657	139474657	harbor1	chr6	139298726	139299131	LTR/ERVL-MaLR	1974	+	202	139298928	24271
chr6	139274657	139474657	harbor1	chr6	139321167	139321532	LTR/ERVL-MaLR	2142	+	182	139321349	46692
chr6	139274657	139474657	harbor1	chr6	139333162	139333302	LTR/ERVL-MaLR	1348	+	70	139333232	58575
chr6	139274657	139474657	harbor1	chr6	139333595	139333823	LTR/ERVL-MaLR	1348	+	114	139333709	59052
chr6	139274657	139474657	harbor1	chr6	139358600	139358929	LTR/ERVL-MaLR	1756	+	164	139358764	84107
chr6	139274657	139474657	harbor1	chr6	139360830	139361023	LTR/ERVL-MaLR	634	+	96	139360926	86269
chr6	81650363	81850363	harbor1	chr6	81703117	81703473	LTR/ERVL-MaLR	2396	+	178	81703295	52932
chr6	81650363	81850363	harbor1	chr6	81725052	81725554	LTR/ERVL-MaLR	752	+	251	81725303	74940
chr6	81650363	81850363	harbor1	chr6	81729450	81729696	LTR/ERVL-MaLR	642	+	123	81729573	79210
chr6	81650363	81850363	harbor1	chr6	81731771	81732283	LTR/ERVL-MaLR	655	+	256	81732027	81664
chr6	147104160	147304160	harbor1	chr6	147110389	147110746	LTR/ERVL-MaLR	1325	+	178	147110567	6407
chr6	147104160	147304160	harbor1	chr6	147118786	147119198	LTR/ERVL-MaLR	1328	+	206	147118992	14832
chr6	147104160	147304160	harbor1	chr6	147126605	147127139	LTR/ERVL-MaLR	1546	+	267	147126872	22712
chr6	147104160	147304160	harbor1	chr6	147137791	147138276	LTR/ERVL-MaLR	2242	+	242	147138033	33873
chr6	147104160	147304160	harbor1	chr6	147151743	147151965	LTR/ERVL-MaLR	739	+	111	147151854	47694
chr6	36343280	36543280	harbor1	chr6	36346769	36347226	LTR/ERVL-MaLR	1109	+	228	36346997	3717
chr6	36343280	36543280	harbor1	chr6	36353627	36354005	LTR/ERVL-MaLR	2375	+	189	36353816	10536
chr6	36343280	36543280	harbor1	chr6	36357534	36357594	LTR/ERVL-MaLR	660	+	30	36357564	14284
chr6	36343280	36543280	harbor1	chr6	36357907	36358151	LTR/ERVL-MaLR	660	+	122	36358029	14749
chr6	36343280	36543280	harbor1	chr6	36406174	36406334	LTR/ERVL-MaLR	465	+	80	36406254	62974
chr6	36343280	36543280	harbor1	chr6	36430291	36430744	LTR/ERVL-MaLR	2344	+	226	36430517	87237
chr6	101699773	101899773	harbor1	chr6	101708808	101708970	LTR/ERVL-MaLR	808	+	81	101708889	9116
chr6	101699773	101899773	harbor1	chr6	101709077	101709373	LTR/ERVL-MaLR	534	+	148	101709225	9452
chr6	101699773	101899773	harbor1	chr6	101782822	101782857	LTR/ERVL-MaLR	1976	+	18	101782840	83067
chr6	101699773	101899773	harbor1	chr6	101783158	101783501	LTR/ERVL-MaLR	1976	+	172	101783330	83557
chr6	101699773	101899773	harbor1	chr6	101783504	101784329	LTR/ERVL-MaLR	5575	+	412	101783916	84143
chr6	101699773	101899773	harbor1	chr6	101784329	101784561	LTR/ERVL-MaLR	1643	+	116	101784445	84672
chr6	101699773	101899773	harbor1	chr6	101784562	101784911	LTR/ERVL-MaLR	1889	+	174	101784736	84963
chr6	34135066	34335066	harbor1	chr6	34167478	34167640	LTR/ERVL-MaLR	2734	+	81	34167559	32493
chr6	34135066	34335066	harbor1	chr6	34167936	34168213	LTR/ERVL-MaLR	2734	+	138	34168074	33008
chr6	34135066	34335066	harbor1	chr6	34205531	34205778	LTR/ERVL-MaLR	634	+	124	34205655	70589
chr6	34135066	34335066	harbor1	chr6	34208005	34208492	LTR/ERVL-MaLR	2121	+	244	34208249	73183
chr6	34135066	34335066	harbor1	chr6	34217088	34217125	LTR/ERVL-MaLR	1847	+	18	34217106	82040
chr6	34135066	34335066	harbor1	chr6	34218392	34218795	LTR/ERVL-MaLR	1847	+	202	34218594	83528
chr6	52184786	52384786	harbor1	chr6	52194942	52195309	LTR/ERVL-MaLR	2234	+	184	52195126	10340
chr6	52184786	52384786	harbor1	chr6	52218488	52218829	LTR/ERVL-MaLR	1050	+	170	52218658	33872
chr6	52184786	52384786	harbor1	chr6	52218831	52220495	LTR/ERVL-MaLR	5439	+	832	52219663	34877
chr6	52184786	52384786	harbor1	chr6	52220645	52220857	LTR/ERVL-MaLR	961	+	106	52220751	35965
chr6	52184786	52384786	harbor1	chr6	52250318	52250620	LTR/ERVL-MaLR	1204	+	151	52250469	65683
chr6	52184744	52384744	harbor1	chr6	52194942	52195309	LTR/ERVL-MaLR	2234	+	184	52195126	10382
chr6	52184744	52384744	harbor1	chr6	52218488	52218829	LTR/ERVL-MaLR	1050	+	170	52218658	33914
chr6	52184744	52384744	harbor1	chr6	52218831	52220495	LTR/ERVL-MaLR	5439	+	832	52219663	34919
chr6	52184744	52384744	harbor1	chr6	52220645	52220857	LTR/ERVL-MaLR	961	+	106	52220751	36007
chr6	52184744	52384744	harbor1	chr6	52250318	52250620	LTR/ERVL-MaLR	1204	+	151	52250469	65725
chr6	169864011	170064011	harbor1	chr6	169903832	169904031	LTR/ERVL-MaLR	642	+	100	169903932	39921
chr6	169864011	170064011	harbor1	chr6	169904028	169904309	LTR/ERVL-MaLR	599	+	140	169904168	40157
chr6	169864011	170064011	harbor1	chr6	169933845	169934173	LTR/ERVL-MaLR	751	+	164	169934009	69998
chr6	169864011	170064011	harbor1	chr6	169951162	169951692	LTR/ERVL-MaLR	1371	+	265	169951427	87416
chr6	149351029	149551029	harbor1	chr6	149445653	149445774	LTR/ERVL-MaLR	513	+	60	149445713	94684
chr6	10422562	10622562	harbor1	chr6	10467973	10468312	LTR/ERVL-MaLR	2220	+	170	10468143	45581
chr6	10422562	10622562	harbor1	chr6	10468339	10468414	LTR/ERVL-MaLR	2220	+	38	10468377	45815
chr6	10422562	10622562	harbor1	chr6	10474001	10474337	LTR/ERVL-MaLR	2276	+	168	10474169	51607
chr6	10422562	10622562	harbor1	chr6	10475805	10476218	LTR/ERVL-MaLR	1325	+	206	10476011	53449
chr6	147104106	147304106	harbor1	chr6	147110389	147110746	LTR/ERVL-MaLR	1325	+	178	147110567	6461
chr6	147104106	147304106	harbor1	chr6	147118786	147119198	LTR/ERVL-MaLR	1328	+	206	147118992	14886
chr6	147104106	147304106	harbor1	chr6	147126605	147127139	LTR/ERVL-MaLR	1546	+	267	147126872	22766
chr6	147104106	147304106	harbor1	chr6	147137791	147138276	LTR/ERVL-MaLR	2242	+	242	147138033	33927
chr6	147104106	147304106	harbor1	chr6	147151743	147151965	LTR/ERVL-MaLR	739	+	111	147151854	47748
chr6	110248805	110448805	harbor1	chr6	110252985	110253185	LTR/ERVL-MaLR	513	+	100	110253085	4280
chr6	110248805	110448805	harbor1	chr6	110253240	110253441	LTR/ERVL-MaLR	611	+	100	110253340	4535
chr6	110248805	110448805	harbor1	chr6	110265401	110265825	LTR/ERVL-MaLR	1287	+	212	110265613	16808
chr6	110248805	110448805	harbor1	chr6	110266204	110266270	LTR/ERVL-MaLR	1287	+	33	110266237	17432
chr6	110248805	110448805	harbor1	chr6	110336235	110336420	LTR/ERVL-MaLR	543	+	92	110336327	87522
chr6	7626967	7826967	harbor1	chr6	7626949	7627180	LTR/ERVL-MaLR	470	+	116	7627065	98
chr6	7626967	7826967	harbor1	chr6	7627795	7627974	LTR/ERVL-MaLR	480	+	90	7627885	918
chr6	7626967	7826967	harbor1	chr6	7630184	7630393	LTR/ERVL-MaLR	1197	+	104	7630288	3321
chr6	7626967	7826967	harbor1	chr6	7632352	7632875	LTR/ERVL-MaLR	1484	+	262	7632614	5647
chr6	7626967	7826967	harbor1	chr6	7644716	7644877	LTR/ERVL-MaLR	502	+	80	7644796	17829
chr6	7626967	7826967	harbor1	chr6	7645245	7645639	LTR/ERVL-MaLR	514	+	197	7645442	18475
chr6	7626967	7826967	harbor1	chr6	7645844	7646205	LTR/ERVL-MaLR	614	+	180	7646024	19057
chr6	7626967	7826967	harbor1	chr6	7668682	7668918	LTR/ERVL-MaLR	1409	+	118	7668800	41833
chr6	7626967	7826967	harbor1	chr6	7704487	7704811	LTR/ERVL-MaLR	1610	+	162	7704649	77682
chr6	7626967	7826967	harbor1	chr6	7705132	7705174	LTR/ERVL-MaLR	1610	+	21	7705153	78186
chr6	104840667	105040667	harbor1	chr6	104852989	104853327	LTR/ERVL-MaLR	1326	+	169	104853158	12491
chr6	104840667	105040667	harbor1	chr6	104936331	104936633	LTR/ERVL-MaLR	928	+	151	104936482	95815
chr6	52476539	52676539	harbor1	chr6	52485472	52485900	LTR/ERVL-MaLR	2015	+	214	52485686	9147
chr6	52476539	52676539	harbor1	chr6	52525814	52526139	LTR/ERVL-MaLR	1445	+	162	52525976	49437
chr6	52476539	52676539	harbor1	chr6	52530400	52530844	LTR/ERVL-MaLR	1950	+	222	52530622	54083
chr6	139274673	139474673	harbor1	chr6	139292930	139293097	LTR/ERVL-MaLR	1843	+	84	139293014	18341
chr6	139274673	139474673	harbor1	chr6	139293390	139293676	LTR/ERVL-MaLR	1843	+	143	139293533	18860
chr6	139274673	139474673	harbor1	chr6	139294408	139294707	LTR/ERVL-MaLR	1885	+	150	139294558	19885
chr6	139274673	139474673	harbor1	chr6	139295002	139295058	LTR/ERVL-MaLR	1885	+	28	139295030	20357
chr6	139274673	139474673	harbor1	chr6	139298726	139299131	LTR/ERVL-MaLR	1974	+	202	139298928	24255
chr6	139274673	139474673	harbor1	chr6	139321167	139321532	LTR/ERVL-MaLR	2142	+	182	139321349	46676
chr6	139274673	139474673	harbor1	chr6	139333162	139333302	LTR/ERVL-MaLR	1348	+	70	139333232	58559
chr6	139274673	139474673	harbor1	chr6	139333595	139333823	LTR/ERVL-MaLR	1348	+	114	139333709	59036
chr6	139274673	139474673	harbor1	chr6	139358600	139358929	LTR/ERVL-MaLR	1756	+	164	139358764	84091
chr6	139274673	139474673	harbor1	chr6	139360830	139361023	LTR/ERVL-MaLR	634	+	96	139360926	86253
chr6	30366631	30566631	harbor1	chr6	30402588	30402719	LTR/ERVL-MaLR	854	+	66	30402654	36023
chr6	30366631	30566631	harbor1	chr6	30405049	30405386	LTR/ERVL-MaLR	754	+	168	30405217	38586
chr6	30366631	30566631	harbor1	chr6	30407106	30408342	LTR/ERVL-MaLR	9376	+	618	30407724	41093
chr6	30366631	30566631	harbor1	chr6	30408343	30408695	LTR/ERVL-MaLR	2120	+	176	30408519	41888
chr6	127167329	127367329	harbor1	chr6	127223966	127224335	LTR/ERVL-MaLR	2492	+	184	127224150	56821
chr6	52184830	52384830	harbor1	chr6	52194942	52195309	LTR/ERVL-MaLR	2234	+	184	52195126	10296
chr6	52184830	52384830	harbor1	chr6	52218488	52218829	LTR/ERVL-MaLR	1050	+	170	52218658	33828
chr6	52184830	52384830	harbor1	chr6	52218831	52220495	LTR/ERVL-MaLR	5439	+	832	52219663	34833
chr6	52184830	52384830	harbor1	chr6	52220645	52220857	LTR/ERVL-MaLR	961	+	106	52220751	35921
chr6	52184830	52384830	harbor1	chr6	52250318	52250620	LTR/ERVL-MaLR	1204	+	151	52250469	65639
chr6	139274467	139474467	harbor1	chr6	139292930	139293097	LTR/ERVL-MaLR	1843	+	84	139293014	18547
chr6	139274467	139474467	harbor1	chr6	139293390	139293676	LTR/ERVL-MaLR	1843	+	143	139293533	19066
chr6	139274467	139474467	harbor1	chr6	139294408	139294707	LTR/ERVL-MaLR	1885	+	150	139294558	20091
chr6	139274467	139474467	harbor1	chr6	139295002	139295058	LTR/ERVL-MaLR	1885	+	28	139295030	20563
chr6	139274467	139474467	harbor1	chr6	139298726	139299131	LTR/ERVL-MaLR	1974	+	202	139298928	24461
chr6	139274467	139474467	harbor1	chr6	139321167	139321532	LTR/ERVL-MaLR	2142	+	182	139321349	46882
chr6	139274467	139474467	harbor1	chr6	139333162	139333302	LTR/ERVL-MaLR	1348	+	70	139333232	58765
chr6	139274467	139474467	harbor1	chr6	139333595	139333823	LTR/ERVL-MaLR	1348	+	114	139333709	59242
chr6	139274467	139474467	harbor1	chr6	139358600	139358929	LTR/ERVL-MaLR	1756	+	164	139358764	84297
chr6	139274467	139474467	harbor1	chr6	139360830	139361023	LTR/ERVL-MaLR	634	+	96	139360926	86459
chr6	127167314	127367314	harbor1	chr6	127223966	127224335	LTR/ERVL-MaLR	2492	+	184	127224150	56836
chr6	33522121	33722121	harbor1	chr6	33528605	33528805	LTR/ERVL-MaLR	693	+	100	33528705	6584
chr6	33522121	33722121	harbor1	chr6	33558892	33558983	LTR/ERVL-MaLR	1386	+	46	33558938	36817
chr6	33522121	33722121	harbor1	chr6	33559286	33559313	LTR/ERVL-MaLR	1386	+	14	33559300	37179
chr6	33522121	33722121	harbor1	chr6	33559582	33559694	LTR/ERVL-MaLR	1386	+	56	33559638	37517
chr6	33522121	33722121	harbor1	chr6	33559983	33560405	LTR/ERVL-MaLR	1386	+	211	33560194	38073
chr6	33522121	33722121	harbor1	chr6	33560719	33560858	LTR/ERVL-MaLR	672	+	70	33560789	38668
chr6	33522121	33722121	harbor1	chr6	33561164	33561185	LTR/ERVL-MaLR	672	+	10	33561174	39053
chr6	33522121	33722121	harbor1	chr6	33561185	33561263	LTR/ERVL-MaLR	950	+	39	33561224	39103
chr6	33522121	33722121	harbor1	chr6	33561563	33561688	LTR/ERVL-MaLR	950	+	62	33561625	39504
chr6	33522121	33722121	harbor1	chr6	33561993	33562146	LTR/ERVL-MaLR	950	+	76	33562069	39948
chr6	139274604	139474604	harbor1	chr6	139292930	139293097	LTR/ERVL-MaLR	1843	+	84	139293014	18410
chr6	139274604	139474604	harbor1	chr6	139293390	139293676	LTR/ERVL-MaLR	1843	+	143	139293533	18929
chr6	139274604	139474604	harbor1	chr6	139294408	139294707	LTR/ERVL-MaLR	1885	+	150	139294558	19954
chr6	139274604	139474604	harbor1	chr6	139295002	139295058	LTR/ERVL-MaLR	1885	+	28	139295030	20426
chr6	139274604	139474604	harbor1	chr6	139298726	139299131	LTR/ERVL-MaLR	1974	+	202	139298928	24324
chr6	139274604	139474604	harbor1	chr6	139321167	139321532	LTR/ERVL-MaLR	2142	+	182	139321349	46745
chr6	139274604	139474604	harbor1	chr6	139333162	139333302	LTR/ERVL-MaLR	1348	+	70	139333232	58628
chr6	139274604	139474604	harbor1	chr6	139333595	139333823	LTR/ERVL-MaLR	1348	+	114	139333709	59105
chr6	139274604	139474604	harbor1	chr6	139358600	139358929	LTR/ERVL-MaLR	1756	+	164	139358764	84160
chr6	139274604	139474604	harbor1	chr6	139360830	139361023	LTR/ERVL-MaLR	634	+	96	139360926	86322
chr6	147104102	147304102	harbor1	chr6	147110389	147110746	LTR/ERVL-MaLR	1325	+	178	147110567	6465
chr6	147104102	147304102	harbor1	chr6	147118786	147119198	LTR/ERVL-MaLR	1328	+	206	147118992	14890
chr6	147104102	147304102	harbor1	chr6	147126605	147127139	LTR/ERVL-MaLR	1546	+	267	147126872	22770
chr6	147104102	147304102	harbor1	chr6	147137791	147138276	LTR/ERVL-MaLR	2242	+	242	147138033	33931
chr6	147104102	147304102	harbor1	chr6	147151743	147151965	LTR/ERVL-MaLR	739	+	111	147151854	47752
chr6	139275131	139475131	harbor1	chr6	139292930	139293097	LTR/ERVL-MaLR	1843	+	84	139293014	17883
chr6	139275131	139475131	harbor1	chr6	139293390	139293676	LTR/ERVL-MaLR	1843	+	143	139293533	18402
chr6	139275131	139475131	harbor1	chr6	139294408	139294707	LTR/ERVL-MaLR	1885	+	150	139294558	19427
chr6	139275131	139475131	harbor1	chr6	139295002	139295058	LTR/ERVL-MaLR	1885	+	28	139295030	19899
chr6	139275131	139475131	harbor1	chr6	139298726	139299131	LTR/ERVL-MaLR	1974	+	202	139298928	23797
chr6	139275131	139475131	harbor1	chr6	139321167	139321532	LTR/ERVL-MaLR	2142	+	182	139321349	46218
chr6	139275131	139475131	harbor1	chr6	139333162	139333302	LTR/ERVL-MaLR	1348	+	70	139333232	58101
chr6	139275131	139475131	harbor1	chr6	139333595	139333823	LTR/ERVL-MaLR	1348	+	114	139333709	58578
chr6	139275131	139475131	harbor1	chr6	139358600	139358929	LTR/ERVL-MaLR	1756	+	164	139358764	83633
chr6	139275131	139475131	harbor1	chr6	139360830	139361023	LTR/ERVL-MaLR	634	+	96	139360926	85795
chr6	149351091	149551091	harbor1	chr6	149445653	149445774	LTR/ERVL-MaLR	513	+	60	149445713	94622
chr6	79847089	80047089	harbor1	chr6	79887404	79887733	LTR/ERVL-MaLR	1469	+	164	79887568	40479
chr6	79847089	80047089	harbor1	chr6	79904980	79905408	LTR/ERVL-MaLR	519	+	214	79905194	58105
chr6	165559697	165759697	harbor1	chr6	165559660	165560013	LTR/ERVL-MaLR	2208	+	176	165559836	139
chr6	165559697	165759697	harbor1	chr6	165560780	165560937	LTR/ERVL-MaLR	1651	+	78	165560858	1161
chr6	165559697	165759697	harbor1	chr6	165561234	165561444	LTR/ERVL-MaLR	1651	+	105	165561339	1642
chr6	165559697	165759697	harbor1	chr6	165570006	165570165	LTR/ERVL-MaLR	958	+	80	165570086	10389
chr6	165559697	165759697	harbor1	chr6	165581249	165581627	LTR/ERVL-MaLR	1288	+	189	165581438	21741
chr6	165559697	165759697	harbor1	chr6	165583373	165583508	LTR/ERVL-MaLR	540	+	68	165583441	23744
chr6	165559697	165759697	harbor1	chr6	165585385	165585777	LTR/ERVL-MaLR	981	+	196	165585581	25884
chr6	165559697	165759697	harbor1	chr6	165600980	165601328	LTR/ERVL-MaLR	2629	+	174	165601154	41457
chr6	165559697	165759697	harbor1	chr6	165622809	165623144	LTR/ERVL-MaLR	2305	+	168	165622977	63280
chr6	165559697	165759697	harbor1	chr6	165623418	165623458	LTR/ERVL-MaLR	2305	+	20	165623438	63741
chr6	165559697	165759697	harbor1	chr6	165560109	165560578	LTR/ERVL-MaLR	1553	+	234	165560343	646
chr6	165559697	165759697	harbor1	chr6	165625520	165625871	LTR/ERVL-MaLR	2507	+	176	165625696	65999
chr6	41091863	41291863	harbor1	chr6	41176680	41177075	LTR/ERVL-MaLR	1359	+	198	41176878	85015
chr6	41091863	41291863	harbor1	chr6	41182694	41183023	LTR/ERVL-MaLR	596	+	164	41182858	90995
chr6	139275443	139475443	harbor1	chr6	139292930	139293097	LTR/ERVL-MaLR	1843	+	84	139293014	17571
chr6	139275443	139475443	harbor1	chr6	139293390	139293676	LTR/ERVL-MaLR	1843	+	143	139293533	18090
chr6	139275443	139475443	harbor1	chr6	139294408	139294707	LTR/ERVL-MaLR	1885	+	150	139294558	19115
chr6	139275443	139475443	harbor1	chr6	139295002	139295058	LTR/ERVL-MaLR	1885	+	28	139295030	19587
chr6	139275443	139475443	harbor1	chr6	139298726	139299131	LTR/ERVL-MaLR	1974	+	202	139298928	23485
chr6	139275443	139475443	harbor1	chr6	139321167	139321532	LTR/ERVL-MaLR	2142	+	182	139321349	45906
chr6	139275443	139475443	harbor1	chr6	139333162	139333302	LTR/ERVL-MaLR	1348	+	70	139333232	57789
chr6	139275443	139475443	harbor1	chr6	139333595	139333823	LTR/ERVL-MaLR	1348	+	114	139333709	58266
chr6	139275443	139475443	harbor1	chr6	139358600	139358929	LTR/ERVL-MaLR	1756	+	164	139358764	83321
chr6	139275443	139475443	harbor1	chr6	139360830	139361023	LTR/ERVL-MaLR	634	+	96	139360926	85483
chr6	139275520	139475520	harbor1	chr6	139292930	139293097	LTR/ERVL-MaLR	1843	+	84	139293014	17494
chr6	139275520	139475520	harbor1	chr6	139293390	139293676	LTR/ERVL-MaLR	1843	+	143	139293533	18013
chr6	139275520	139475520	harbor1	chr6	139294408	139294707	LTR/ERVL-MaLR	1885	+	150	139294558	19038
chr6	139275520	139475520	harbor1	chr6	139295002	139295058	LTR/ERVL-MaLR	1885	+	28	139295030	19510
chr6	139275520	139475520	harbor1	chr6	139298726	139299131	LTR/ERVL-MaLR	1974	+	202	139298928	23408
chr6	139275520	139475520	harbor1	chr6	139321167	139321532	LTR/ERVL-MaLR	2142	+	182	139321349	45829
chr6	139275520	139475520	harbor1	chr6	139333162	139333302	LTR/ERVL-MaLR	1348	+	70	139333232	57712
chr6	139275520	139475520	harbor1	chr6	139333595	139333823	LTR/ERVL-MaLR	1348	+	114	139333709	58189
chr6	139275520	139475520	harbor1	chr6	139358600	139358929	LTR/ERVL-MaLR	1756	+	164	139358764	83244
chr6	139275520	139475520	harbor1	chr6	139360830	139361023	LTR/ERVL-MaLR	634	+	96	139360926	85406
chr6	43355517	43555517	harbor1	chr6	43373086	43373464	LTR/ERVL-MaLR	1807	+	189	43373275	17758
chr6	43355517	43555517	harbor1	chr6	43376560	43377099	LTR/ERVL-MaLR	2046	+	270	43376830	21313
chr6	43355517	43555517	harbor1	chr6	43381782	43382269	LTR/ERVL-MaLR	2021	+	244	43382026	26509
chr6	43355517	43555517	harbor1	chr6	43401803	43402189	LTR/ERVL-MaLR	584	+	193	43401996	46479
chr6	43355517	43555517	harbor1	chr6	43405946	43406477	LTR/ERVL-MaLR	2385	+	266	43406212	50695
chr6	43355517	43555517	harbor1	chr6	43408278	43408599	LTR/ERVL-MaLR	1229	+	160	43408438	52921
chr6	146813054	147013054	harbor1	chr6	146852649	146853016	LTR/ERVL-MaLR	2052	+	184	146852833	39779
chr6	146813054	147013054	harbor1	chr6	146859366	146859713	LTR/ERVL-MaLR	1765	+	174	146859540	46486
chr6	34138380	34338380	harbor1	chr6	34167478	34167640	LTR/ERVL-MaLR	2734	+	81	34167559	29179
chr6	34138380	34338380	harbor1	chr6	34167936	34168213	LTR/ERVL-MaLR	2734	+	138	34168074	29694
chr6	34138380	34338380	harbor1	chr6	34205531	34205778	LTR/ERVL-MaLR	634	+	124	34205655	67275
chr6	34138380	34338380	harbor1	chr6	34208005	34208492	LTR/ERVL-MaLR	2121	+	244	34208249	69869
chr6	34138380	34338380	harbor1	chr6	34217088	34217125	LTR/ERVL-MaLR	1847	+	18	34217106	78726
chr6	34138380	34338380	harbor1	chr6	34218392	34218795	LTR/ERVL-MaLR	1847	+	202	34218594	80214
chr6	166512135	166712135	harbor1	chr6	166520569	166520821	LTR/ERVL-MaLR	1176	+	126	166520695	8560
chr6	166512135	166712135	harbor1	chr6	166520801	166521247	LTR/ERVL-MaLR	597	+	223	166521024	8889
chr6	166512135	166712135	harbor1	chr6	166521382	166521814	LTR/ERVL-MaLR	1556	+	216	166521598	9463
chr6	166512135	166712135	harbor1	chr6	166521816	166522166	LTR/ERVL-MaLR	1788	+	175	166521991	9856
chr6	166512135	166712135	harbor1	chr6	166576259	166577819	LTR/ERVL-MaLR	11892	+	780	166577039	64904
chr6	166512135	166712135	harbor1	chr6	166577820	166578174	LTR/ERVL-MaLR	2354	+	177	166577997	65862
chr6	166512135	166712135	harbor1	chr6	166591423	166591791	LTR/ERVL-MaLR	799	+	184	166591607	79472
chr6	166512135	166712135	harbor1	chr6	166575904	166576258	LTR/ERVL-MaLR	2514	+	177	166576081	63946
chr6	43815149	44015149	harbor1	chr6	43881436	43881831	LTR/ERVL-MaLR	2405	+	198	43881634	66485
chr6	43815149	44015149	harbor1	chr6	43898306	43898741	LTR/ERVL-MaLR	1333	+	218	43898524	83375
chr6	43815149	44015149	harbor1	chr6	43898848	43899275	LTR/ERVL-MaLR	1141	+	214	43899062	83913
chr6	139274545	139474545	harbor1	chr6	139292930	139293097	LTR/ERVL-MaLR	1843	+	84	139293014	18469
chr6	139274545	139474545	harbor1	chr6	139293390	139293676	LTR/ERVL-MaLR	1843	+	143	139293533	18988
chr6	139274545	139474545	harbor1	chr6	139294408	139294707	LTR/ERVL-MaLR	1885	+	150	139294558	20013
chr6	139274545	139474545	harbor1	chr6	139295002	139295058	LTR/ERVL-MaLR	1885	+	28	139295030	20485
chr6	139274545	139474545	harbor1	chr6	139298726	139299131	LTR/ERVL-MaLR	1974	+	202	139298928	24383
chr6	139274545	139474545	harbor1	chr6	139321167	139321532	LTR/ERVL-MaLR	2142	+	182	139321349	46804
chr6	139274545	139474545	harbor1	chr6	139333162	139333302	LTR/ERVL-MaLR	1348	+	70	139333232	58687
chr6	139274545	139474545	harbor1	chr6	139333595	139333823	LTR/ERVL-MaLR	1348	+	114	139333709	59164
chr6	139274545	139474545	harbor1	chr6	139358600	139358929	LTR/ERVL-MaLR	1756	+	164	139358764	84219
chr6	139274545	139474545	harbor1	chr6	139360830	139361023	LTR/ERVL-MaLR	634	+	96	139360926	86381
chr6	21629834	21829834	harbor1	chr6	21687806	21688239	LTR/ERVL-MaLR	1135	+	216	21688022	58188
chr6	7626958	7826958	harbor1	chr6	7626949	7627180	LTR/ERVL-MaLR	470	+	116	7627065	107
chr6	7626958	7826958	harbor1	chr6	7627795	7627974	LTR/ERVL-MaLR	480	+	90	7627885	927
chr6	7626958	7826958	harbor1	chr6	7630184	7630393	LTR/ERVL-MaLR	1197	+	104	7630288	3330
chr6	7626958	7826958	harbor1	chr6	7632352	7632875	LTR/ERVL-MaLR	1484	+	262	7632614	5656
chr6	7626958	7826958	harbor1	chr6	7644716	7644877	LTR/ERVL-MaLR	502	+	80	7644796	17838
chr6	7626958	7826958	harbor1	chr6	7645245	7645639	LTR/ERVL-MaLR	514	+	197	7645442	18484
chr6	7626958	7826958	harbor1	chr6	7645844	7646205	LTR/ERVL-MaLR	614	+	180	7646024	19066
chr6	7626958	7826958	harbor1	chr6	7668682	7668918	LTR/ERVL-MaLR	1409	+	118	7668800	41842
chr6	7626958	7826958	harbor1	chr6	7704487	7704811	LTR/ERVL-MaLR	1610	+	162	7704649	77691
chr6	7626958	7826958	harbor1	chr6	7705132	7705174	LTR/ERVL-MaLR	1610	+	21	7705153	78195
chr6	144187246	144387246	harbor1	chr6	144213514	144213753	LTR/ERVL-MaLR	522	+	120	144213634	26388
chr6	144187246	144387246	harbor1	chr6	144229870	144230352	LTR/ERVL-MaLR	831	+	241	144230111	42865
chr6	144187246	144387246	harbor1	chr6	144233952	144234307	LTR/ERVL-MaLR	1885	+	178	144234130	46884
chr6	144187246	144387246	harbor1	chr6	144235850	144236000	LTR/ERVL-MaLR	714	+	75	144235925	48679
chr6	144187246	144387246	harbor1	chr6	144240335	144240687	LTR/ERVL-MaLR	2102	+	176	144240511	53265
chr6	144187246	144387246	harbor1	chr6	144246602	144247000	LTR/ERVL-MaLR	647	+	199	144246801	59555
chr6	127167324	127367324	harbor1	chr6	127223966	127224335	LTR/ERVL-MaLR	2492	+	184	127224150	56826
chr6	52184746	52384746	harbor1	chr6	52194942	52195309	LTR/ERVL-MaLR	2234	+	184	52195126	10380
chr6	52184746	52384746	harbor1	chr6	52218488	52218829	LTR/ERVL-MaLR	1050	+	170	52218658	33912
chr6	52184746	52384746	harbor1	chr6	52218831	52220495	LTR/ERVL-MaLR	5439	+	832	52219663	34917
chr6	52184746	52384746	harbor1	chr6	52220645	52220857	LTR/ERVL-MaLR	961	+	106	52220751	36005
chr6	52184746	52384746	harbor1	chr6	52250318	52250620	LTR/ERVL-MaLR	1204	+	151	52250469	65723
chr6	169863372	170063372	harbor1	chr6	169903832	169904031	LTR/ERVL-MaLR	642	+	100	169903932	40560
chr6	169863372	170063372	harbor1	chr6	169904028	169904309	LTR/ERVL-MaLR	599	+	140	169904168	40796
chr6	169863372	170063372	harbor1	chr6	169933845	169934173	LTR/ERVL-MaLR	751	+	164	169934009	70637
chr6	169863372	170063372	harbor1	chr6	169951162	169951692	LTR/ERVL-MaLR	1371	+	265	169951427	88055
chr6	166855964	167055964	harbor1	chr6	166856149	166856499	LTR/ERVL-MaLR	1955	+	175	166856324	360
chr6	166855964	167055964	harbor1	chr6	166866717	166867148	LTR/ERVL-MaLR	1253	+	216	166866933	10969
chr6	166855964	167055964	harbor1	chr6	166898604	166898744	LTR/ERVL-MaLR	496	+	70	166898674	42710
chr6	166855964	167055964	harbor1	chr6	166951883	166952324	LTR/ERVL-MaLR	1421	+	220	166952103	96139
chr6	127167395	127367395	harbor1	chr6	127223966	127224335	LTR/ERVL-MaLR	2492	+	184	127224150	56755
chr6	324347	524347	harbor1	chr6	414464	414882	LTR/ERVL-MaLR	2621	+	209	414673	90326
chr6	324347	524347	harbor1	chr6	414883	415401	LTR/ERVL-MaLR	3130	+	259	415142	90795
chr6	56854700	57054700	harbor1	chr6	56885491	56885873	LTR/ERVL-MaLR	1800	+	191	56885682	30982
chr6	56854700	57054700	harbor1	chr6	56896197	56896548	LTR/ERVL-MaLR	3036	+	176	56896373	41673
chr6	56854700	57054700	harbor1	chr6	56909249	56909607	LTR/ERVL-MaLR	795	+	179	56909428	54728
chr6	56854700	57054700	harbor1	chr6	56931220	56932049	LTR/ERVL-MaLR	6097	+	414	56931634	76934
chr6	56854700	57054700	harbor1	chr6	56932050	56932420	LTR/ERVL-MaLR	2288	+	185	56932235	77535
chr6	56854700	57054700	harbor1	chr6	56938602	56939032	LTR/ERVL-MaLR	655	+	215	56938817	84117
chr6	139275141	139475141	harbor1	chr6	139292930	139293097	LTR/ERVL-MaLR	1843	+	84	139293014	17873
chr6	139275141	139475141	harbor1	chr6	139293390	139293676	LTR/ERVL-MaLR	1843	+	143	139293533	18392
chr6	139275141	139475141	harbor1	chr6	139294408	139294707	LTR/ERVL-MaLR	1885	+	150	139294558	19417
chr6	139275141	139475141	harbor1	chr6	139295002	139295058	LTR/ERVL-MaLR	1885	+	28	139295030	19889
chr6	139275141	139475141	harbor1	chr6	139298726	139299131	LTR/ERVL-MaLR	1974	+	202	139298928	23787
chr6	139275141	139475141	harbor1	chr6	139321167	139321532	LTR/ERVL-MaLR	2142	+	182	139321349	46208
chr6	139275141	139475141	harbor1	chr6	139333162	139333302	LTR/ERVL-MaLR	1348	+	70	139333232	58091
chr6	139275141	139475141	harbor1	chr6	139333595	139333823	LTR/ERVL-MaLR	1348	+	114	139333709	58568
chr6	139275141	139475141	harbor1	chr6	139358600	139358929	LTR/ERVL-MaLR	1756	+	164	139358764	83623
chr6	139275141	139475141	harbor1	chr6	139360830	139361023	LTR/ERVL-MaLR	634	+	96	139360926	85785
chr6	151197903	151397903	harbor1	chr6	151206511	151206904	LTR/ERVL-MaLR	1417	+	196	151206707	8804
chr6	149351013	149551013	harbor1	chr6	149445653	149445774	LTR/ERVL-MaLR	513	+	60	149445713	94700
chr6	105894232	106094232	harbor1	chr6	105898804	105899244	LTR/ERVL-MaLR	1272	+	220	105899024	4792
chr6	105894232	106094232	harbor1	chr6	105916120	105916402	LTR/ERVL-MaLR	770	+	141	105916261	22029
chr6	105894232	106094232	harbor1	chr6	105955877	105956055	LTR/ERVL-MaLR	620	+	89	105955966	61734
chr6	105894232	106094232	harbor1	chr6	105956341	105956396	LTR/ERVL-MaLR	620	+	28	105956369	62137
chr6	105894232	106094232	harbor1	chr6	105983075	105983226	LTR/ERVL-MaLR	942	+	76	105983151	88919
chr6	158436948	158636948	harbor1	chr6	158484483	158484781	LTR/ERVL-MaLR	720	+	149	158484632	47684
chr6	158436948	158636948	harbor1	chr6	158484910	158486118	LTR/ERVL-MaLR	3589	+	604	158485514	48566
chr6	158436948	158636948	harbor1	chr6	158486122	158486295	LTR/ERVL-MaLR	1165	+	86	158486208	49260
chr6	158436948	158636948	harbor1	chr6	158486561	158486757	LTR/ERVL-MaLR	1165	+	98	158486659	49711
chr6	127167313	127367313	harbor1	chr6	127223966	127224335	LTR/ERVL-MaLR	2492	+	184	127224150	56837
chr6	2665182	2865182	harbor1	chr6	2696318	2696666	LTR/ERVL-MaLR	1355	+	174	2696492	31310
chr6	27415346	27615346	harbor1	chr6	27430367	27430783	LTR/ERVL-MaLR	1440	+	208	27430575	15229
chr6	27415346	27615346	harbor1	chr6	27432662	27433234	LTR/ERVL-MaLR	1708	+	286	27432948	17602
chr6	27415346	27615346	harbor1	chr6	27437089	27437672	LTR/ERVL-MaLR	2139	+	292	27437381	22035
chr6	27415346	27615346	harbor1	chr6	27445363	27445742	LTR/ERVL-MaLR	1656	+	190	27445553	30207
chr6	27415346	27615346	harbor1	chr6	27445750	27446862	LTR/ERVL-MaLR	4462	+	556	27446306	30960
chr6	27415346	27615346	harbor1	chr6	27447057	27447334	LTR/ERVL-MaLR	4462	+	138	27447195	31849
chr6	27415346	27615346	harbor1	chr6	27447337	27447430	LTR/ERVL-MaLR	873	+	46	27447383	32037
chr6	27415346	27615346	harbor1	chr6	27447742	27447915	LTR/ERVL-MaLR	873	+	86	27447828	32482
chr6	27415346	27615346	harbor1	chr6	27450286	27450639	LTR/ERVL-MaLR	1536	+	176	27450462	35116
chr6	27415346	27615346	harbor1	chr6	27465043	27465164	LTR/ERVL-MaLR	580	+	60	27465103	49757
chr6	27415346	27615346	harbor1	chr6	27465902	27466136	LTR/ERVL-MaLR	1946	+	117	27466019	50673
chr6	27415346	27615346	harbor1	chr6	27466172	27466408	LTR/ERVL-MaLR	1946	+	118	27466290	50944
chr6	27415346	27615346	harbor1	chr6	27506996	27507425	LTR/ERVL-MaLR	1481	+	214	27507210	91864
chr6	27415346	27615346	harbor1	chr6	27475772	27476091	LTR/ERVL-MaLR	1513	+	160	27475932	60586
chr6	27415357	27615357	harbor1	chr6	27430367	27430783	LTR/ERVL-MaLR	1440	+	208	27430575	15218
chr6	27415357	27615357	harbor1	chr6	27432662	27433234	LTR/ERVL-MaLR	1708	+	286	27432948	17591
chr6	27415357	27615357	harbor1	chr6	27437089	27437672	LTR/ERVL-MaLR	2139	+	292	27437381	22024
chr6	27415357	27615357	harbor1	chr6	27445363	27445742	LTR/ERVL-MaLR	1656	+	190	27445553	30196
chr6	27415357	27615357	harbor1	chr6	27445750	27446862	LTR/ERVL-MaLR	4462	+	556	27446306	30949
chr6	27415357	27615357	harbor1	chr6	27447057	27447334	LTR/ERVL-MaLR	4462	+	138	27447195	31838
chr6	27415357	27615357	harbor1	chr6	27447337	27447430	LTR/ERVL-MaLR	873	+	46	27447383	32026
chr6	27415357	27615357	harbor1	chr6	27447742	27447915	LTR/ERVL-MaLR	873	+	86	27447828	32471
chr6	27415357	27615357	harbor1	chr6	27450286	27450639	LTR/ERVL-MaLR	1536	+	176	27450462	35105
chr6	27415357	27615357	harbor1	chr6	27465043	27465164	LTR/ERVL-MaLR	580	+	60	27465103	49746
chr6	27415357	27615357	harbor1	chr6	27465902	27466136	LTR/ERVL-MaLR	1946	+	117	27466019	50662
chr6	27415357	27615357	harbor1	chr6	27466172	27466408	LTR/ERVL-MaLR	1946	+	118	27466290	50933
chr6	27415357	27615357	harbor1	chr6	27506996	27507425	LTR/ERVL-MaLR	1481	+	214	27507210	91853
chr6	27415357	27615357	harbor1	chr6	27475772	27476091	LTR/ERVL-MaLR	1513	+	160	27475932	60575
chr6	34138364	34338364	harbor1	chr6	34167478	34167640	LTR/ERVL-MaLR	2734	+	81	34167559	29195
chr6	34138364	34338364	harbor1	chr6	34167936	34168213	LTR/ERVL-MaLR	2734	+	138	34168074	29710
chr6	34138364	34338364	harbor1	chr6	34205531	34205778	LTR/ERVL-MaLR	634	+	124	34205655	67291
chr6	34138364	34338364	harbor1	chr6	34208005	34208492	LTR/ERVL-MaLR	2121	+	244	34208249	69885
chr6	34138364	34338364	harbor1	chr6	34217088	34217125	LTR/ERVL-MaLR	1847	+	18	34217106	78742
chr6	34138364	34338364	harbor1	chr6	34218392	34218795	LTR/ERVL-MaLR	1847	+	202	34218594	80230
chr6	107857147	108057147	harbor1	chr6	107905981	107906376	LTR/ERVL-MaLR	2272	+	198	107906179	49032
chr6	107857147	108057147	harbor1	chr6	107932904	107933386	LTR/ERVL-MaLR	2442	+	241	107933145	75998
chr6	35352842	35552842	harbor1	chr6	35357983	35358483	LTR/ERVL-MaLR	2281	+	250	35358233	5391
chr6	31172336	31372336	harbor1	chr6	31200182	31200503	LTR/ERVL-MaLR	1136	+	160	31200342	28006
chr6	31172336	31372336	harbor1	chr6	31242732	31242906	LTR/ERVL-MaLR	550	+	87	31242819	70483
chr6	31172336	31372336	harbor1	chr6	31251781	31251917	LTR/ERVL-MaLR	756	+	68	31251849	79513
chr6	31172336	31372336	harbor1	chr6	31261554	31261872	LTR/ERVL-MaLR	660	+	159	31261713	89377
chr6	31172336	31372336	harbor1	chr6	31265965	31266253	LTR/ERVL-MaLR	544	+	144	31266109	93773
chr6	13611912	13811912	harbor1	chr6	13662444	13662789	LTR/ERVL-MaLR	1670	+	172	13662616	50704
chr6	52184768	52384768	harbor1	chr6	52194942	52195309	LTR/ERVL-MaLR	2234	+	184	52195126	10358
chr6	52184768	52384768	harbor1	chr6	52218488	52218829	LTR/ERVL-MaLR	1050	+	170	52218658	33890
chr6	52184768	52384768	harbor1	chr6	52218831	52220495	LTR/ERVL-MaLR	5439	+	832	52219663	34895
chr6	52184768	52384768	harbor1	chr6	52220645	52220857	LTR/ERVL-MaLR	961	+	106	52220751	35983
chr6	52184768	52384768	harbor1	chr6	52250318	52250620	LTR/ERVL-MaLR	1204	+	151	52250469	65701
chr6	124862446	125062446	harbor1	chr6	124865521	124865913	LTR/ERVL-MaLR	1643	+	196	124865717	3271
chr6	124862446	125062446	harbor1	chr6	124874004	124874256	LTR/ERVL-MaLR	1299	+	126	124874130	11684
chr6	124862446	125062446	harbor1	chr6	124885690	124886046	LTR/ERVL-MaLR	1502	+	178	124885868	23422
chr6	124862446	125062446	harbor1	chr6	124904073	124904287	LTR/ERVL-MaLR	1437	+	107	124904180	41734
chr6	124862446	125062446	harbor1	chr6	124913773	124914124	LTR/ERVL-MaLR	1294	+	176	124913949	51503
chr6	124862446	125062446	harbor1	chr6	124917132	124917549	LTR/ERVL-MaLR	2159	+	208	124917340	54894
chr6	124862446	125062446	harbor1	chr6	124923462	124923829	LTR/ERVL-MaLR	1450	+	184	124923646	61200
chr6	124862446	125062446	harbor1	chr6	124930528	124930946	LTR/ERVL-MaLR	2520	+	209	124930737	68291
chr6	124862446	125062446	harbor1	chr6	124949751	124950175	LTR/ERVL-MaLR	1763	+	212	124949963	87517
chr6	124862446	125062446	harbor1	chr6	124950465	124950827	LTR/ERVL-MaLR	2375	+	181	124950646	88200
chr6	139275129	139475129	harbor1	chr6	139292930	139293097	LTR/ERVL-MaLR	1843	+	84	139293014	17885
chr6	139275129	139475129	harbor1	chr6	139293390	139293676	LTR/ERVL-MaLR	1843	+	143	139293533	18404
chr6	139275129	139475129	harbor1	chr6	139294408	139294707	LTR/ERVL-MaLR	1885	+	150	139294558	19429
chr6	139275129	139475129	harbor1	chr6	139295002	139295058	LTR/ERVL-MaLR	1885	+	28	139295030	19901
chr6	139275129	139475129	harbor1	chr6	139298726	139299131	LTR/ERVL-MaLR	1974	+	202	139298928	23799
chr6	139275129	139475129	harbor1	chr6	139321167	139321532	LTR/ERVL-MaLR	2142	+	182	139321349	46220
chr6	139275129	139475129	harbor1	chr6	139333162	139333302	LTR/ERVL-MaLR	1348	+	70	139333232	58103
chr6	139275129	139475129	harbor1	chr6	139333595	139333823	LTR/ERVL-MaLR	1348	+	114	139333709	58580
chr6	139275129	139475129	harbor1	chr6	139358600	139358929	LTR/ERVL-MaLR	1756	+	164	139358764	83635
chr6	139275129	139475129	harbor1	chr6	139360830	139361023	LTR/ERVL-MaLR	634	+	96	139360926	85797
chr6	111111942	111311942	harbor1	chr6	111119615	111119786	LTR/ERVL-MaLR	698	+	86	111119701	7759
chr6	111111942	111311942	harbor1	chr6	111150037	111150399	LTR/ERVL-MaLR	1686	+	181	111150218	38276
chr6	139275116	139475116	harbor1	chr6	139292930	139293097	LTR/ERVL-MaLR	1843	+	84	139293014	17898
chr6	139275116	139475116	harbor1	chr6	139293390	139293676	LTR/ERVL-MaLR	1843	+	143	139293533	18417
chr6	139275116	139475116	harbor1	chr6	139294408	139294707	LTR/ERVL-MaLR	1885	+	150	139294558	19442
chr6	139275116	139475116	harbor1	chr6	139295002	139295058	LTR/ERVL-MaLR	1885	+	28	139295030	19914
chr6	139275116	139475116	harbor1	chr6	139298726	139299131	LTR/ERVL-MaLR	1974	+	202	139298928	23812
chr6	139275116	139475116	harbor1	chr6	139321167	139321532	LTR/ERVL-MaLR	2142	+	182	139321349	46233
chr6	139275116	139475116	harbor1	chr6	139333162	139333302	LTR/ERVL-MaLR	1348	+	70	139333232	58116
chr6	139275116	139475116	harbor1	chr6	139333595	139333823	LTR/ERVL-MaLR	1348	+	114	139333709	58593
chr6	139275116	139475116	harbor1	chr6	139358600	139358929	LTR/ERVL-MaLR	1756	+	164	139358764	83648
chr6	139275116	139475116	harbor1	chr6	139360830	139361023	LTR/ERVL-MaLR	634	+	96	139360926	85810
chr6	31901468	32101468	harbor1	chr6	31924796	31925040	LTR/ERVL-MaLR	899	+	122	31924918	23450
chr6	41091918	41291918	harbor1	chr6	41176680	41177075	LTR/ERVL-MaLR	1359	+	198	41176878	84960
chr6	41091918	41291918	harbor1	chr6	41182694	41183023	LTR/ERVL-MaLR	596	+	164	41182858	90940
chr6	169623052	169823052	harbor1	chr6	169628014	169628366	LTR/ERVL-MaLR	1710	+	176	169628190	5138
chr6	169623052	169823052	harbor1	chr6	169674715	169674739	LTR/ERVL-MaLR	2122	+	12	169674727	51675
chr6	169623052	169823052	harbor1	chr6	169675136	169675413	LTR/ERVL-MaLR	2122	+	138	169675274	52222
chr6	169623052	169823052	harbor1	chr6	169676160	169676237	LTR/ERVL-MaLR	2122	+	38	169676198	53146
chr6	169623052	169823052	harbor1	chr6	169677032	169678590	LTR/ERVL-MaLR	9755	+	779	169677811	54759
chr6	169623052	169823052	harbor1	chr6	169679349	169679430	LTR/ERVL-MaLR	9755	+	40	169679389	56337
chr6	169623052	169823052	harbor1	chr6	169679431	169679829	LTR/ERVL-MaLR	2284	+	199	169679630	56578
chr6	169623052	169823052	harbor1	chr6	169695657	169696139	LTR/ERVL-MaLR	1442	+	241	169695898	72846
chr6	169623052	169823052	harbor1	chr6	169699292	169699700	LTR/ERVL-MaLR	1487	+	204	169699496	76444
chr6	169623052	169823052	harbor1	chr6	169699997	169700384	LTR/ERVL-MaLR	1487	+	194	169700191	77139
chr6	159069545	159269545	harbor1	chr6	159075829	159076040	LTR/ERVL-MaLR	780	+	106	159075935	6390
chr6	159069545	159269545	harbor1	chr6	159089902	159090387	LTR/ERVL-MaLR	1179	+	242	159090144	20599
chr6	159069545	159269545	harbor1	chr6	159131257	159131634	LTR/ERVL-MaLR	1691	+	188	159131445	61900
chr6	159069545	159269545	harbor1	chr6	159160717	159161200	LTR/ERVL-MaLR	1963	+	242	159160959	91414
chr6	34138141	34338141	harbor1	chr6	34167478	34167640	LTR/ERVL-MaLR	2734	+	81	34167559	29418
chr6	34138141	34338141	harbor1	chr6	34167936	34168213	LTR/ERVL-MaLR	2734	+	138	34168074	29933
chr6	34138141	34338141	harbor1	chr6	34205531	34205778	LTR/ERVL-MaLR	634	+	124	34205655	67514
chr6	34138141	34338141	harbor1	chr6	34208005	34208492	LTR/ERVL-MaLR	2121	+	244	34208249	70108
chr6	34138141	34338141	harbor1	chr6	34217088	34217125	LTR/ERVL-MaLR	1847	+	18	34217106	78965
chr6	34138141	34338141	harbor1	chr6	34218392	34218795	LTR/ERVL-MaLR	1847	+	202	34218594	80453
chr6	73362002	73562002	harbor1	chr6	73422194	73422702	LTR/ERVL-MaLR	1508	+	254	73422448	60446
chr6	208571	408571	harbor1	chr6	233006	233405	LTR/ERVL-MaLR	1290	+	200	233206	24635
chr6	208571	408571	harbor1	chr6	273769	274070	LTR/ERVL-MaLR	1138	+	150	273919	65348
chr6	208571	408571	harbor1	chr6	274380	274504	LTR/ERVL-MaLR	1138	+	62	274442	65871
chr6	63473420	63673420	harbor1	chr6	63516692	63517056	LTR/ERVL-MaLR	836	+	182	63516874	43454
chr6	146812183	147012183	harbor1	chr6	146852649	146853016	LTR/ERVL-MaLR	2052	+	184	146852833	40650
chr6	146812183	147012183	harbor1	chr6	146859366	146859713	LTR/ERVL-MaLR	1765	+	174	146859540	47357
chr6	145635082	145835082	harbor1	chr6	145641162	145641545	LTR/ERVL-MaLR	1856	+	192	145641354	6272
chr6	145635082	145835082	harbor1	chr6	145653118	145653513	LTR/ERVL-MaLR	1826	+	198	145653316	18234
chr6	145635082	145835082	harbor1	chr6	145687080	145687439	LTR/ERVL-MaLR	1998	+	180	145687260	52178
chr6	145635082	145835082	harbor1	chr6	145698689	145699068	LTR/ERVL-MaLR	1338	+	190	145698879	63797
chr6	145635082	145835082	harbor1	chr6	145706824	145707185	LTR/ERVL-MaLR	1676	+	180	145707004	71922
chr6	145635082	145835082	harbor1	chr6	145707422	145707790	LTR/ERVL-MaLR	2528	+	184	145707606	72524
chr6	145635082	145835082	harbor1	chr6	145707791	145709280	LTR/ERVL-MaLR	10039	+	744	145708535	73453
chr6	145635082	145835082	harbor1	chr6	145709282	145709644	LTR/ERVL-MaLR	2744	+	181	145709463	74381
chr6	145635082	145835082	harbor1	chr6	145722632	145723036	LTR/ERVL-MaLR	1793	+	202	145722834	87752
chr6	145635082	145835082	harbor1	chr6	145727835	145728214	LTR/ERVL-MaLR	2069	+	190	145728025	92943
chr6	145635082	145835082	harbor1	chr6	145728215	145729834	LTR/ERVL-MaLR	10375	+	810	145729025	93943
chr6	145635082	145835082	harbor1	chr6	145729835	145730223	LTR/ERVL-MaLR	2179	+	194	145730029	94947
chr6	27415340	27615340	harbor1	chr6	27430367	27430783	LTR/ERVL-MaLR	1440	+	208	27430575	15235
chr6	27415340	27615340	harbor1	chr6	27432662	27433234	LTR/ERVL-MaLR	1708	+	286	27432948	17608
chr6	27415340	27615340	harbor1	chr6	27437089	27437672	LTR/ERVL-MaLR	2139	+	292	27437381	22041
chr6	27415340	27615340	harbor1	chr6	27445363	27445742	LTR/ERVL-MaLR	1656	+	190	27445553	30213
chr6	27415340	27615340	harbor1	chr6	27445750	27446862	LTR/ERVL-MaLR	4462	+	556	27446306	30966
chr6	27415340	27615340	harbor1	chr6	27447057	27447334	LTR/ERVL-MaLR	4462	+	138	27447195	31855
chr6	27415340	27615340	harbor1	chr6	27447337	27447430	LTR/ERVL-MaLR	873	+	46	27447383	32043
chr6	27415340	27615340	harbor1	chr6	27447742	27447915	LTR/ERVL-MaLR	873	+	86	27447828	32488
chr6	27415340	27615340	harbor1	chr6	27450286	27450639	LTR/ERVL-MaLR	1536	+	176	27450462	35122
chr6	27415340	27615340	harbor1	chr6	27465043	27465164	LTR/ERVL-MaLR	580	+	60	27465103	49763
chr6	27415340	27615340	harbor1	chr6	27465902	27466136	LTR/ERVL-MaLR	1946	+	117	27466019	50679
chr6	27415340	27615340	harbor1	chr6	27466172	27466408	LTR/ERVL-MaLR	1946	+	118	27466290	50950
chr6	27415340	27615340	harbor1	chr6	27506996	27507425	LTR/ERVL-MaLR	1481	+	214	27507210	91870
chr6	27415340	27615340	harbor1	chr6	27475772	27476091	LTR/ERVL-MaLR	1513	+	160	27475932	60592
chr6	32752654	32952654	harbor1	chr6	32758168	32758558	LTR/ERVL-MaLR	1784	+	195	32758363	5709
chr6	32752654	32952654	harbor1	chr6	32758559	32758638	LTR/ERVL-MaLR	554	+	40	32758599	5945
chr6	32752654	32952654	harbor1	chr6	32781247	32781366	LTR/ERVL-MaLR	882	+	60	32781307	28653
chr6	32752654	32952654	harbor1	chr6	32798903	32799287	LTR/ERVL-MaLR	2193	+	192	32799095	46441
chr6	32752654	32952654	harbor1	chr6	32799686	32799794	LTR/ERVL-MaLR	2193	+	54	32799740	47086
chr6	32752654	32952654	harbor1	chr6	32808625	32808971	LTR/ERVL-MaLR	1694	+	173	32808798	56144
chr6	32752654	32952654	harbor1	chr6	32818345	32818494	LTR/ERVL-MaLR	776	+	74	32818419	65765
chr6	32752654	32952654	harbor1	chr6	32819152	32819280	LTR/ERVL-MaLR	764	+	64	32819216	66562
chr6	32752654	32952654	harbor1	chr6	32833735	32834079	LTR/ERVL-MaLR	2174	+	172	32833907	81253
chr6	87813618	88013618	harbor1	chr6	87817810	87818077	LTR/ERVL-MaLR	1089	+	134	87817944	4326
chr6	87813618	88013618	harbor1	chr6	87840253	87840649	LTR/ERVL-MaLR	1204	+	198	87840451	26833
chr6	87813618	88013618	harbor1	chr6	87841257	87841319	LTR/ERVL-MaLR	1204	+	31	87841288	27670
chr6	87813618	88013618	harbor1	chr6	87883358	87883805	LTR/ERVL-MaLR	2229	+	224	87883582	69964
chr6	87813618	88013618	harbor1	chr6	87818162	87818281	LTR/ERVL-MaLR	606	+	60	87818222	4604
chr6	63535819	63735819	harbor1	chr6	63592793	63593200	LTR/ERVL-MaLR	1377	+	204	63592997	57178
chr6	63535819	63735819	harbor1	chr6	63593471	63593568	LTR/ERVL-MaLR	1377	+	48	63593519	57700
chr6	158719384	158919384	harbor1	chr6	158768048	158768411	LTR/ERVL-MaLR	1675	+	182	158768230	48846
chr6	169863974	170063974	harbor1	chr6	169903832	169904031	LTR/ERVL-MaLR	642	+	100	169903932	39958
chr6	169863974	170063974	harbor1	chr6	169904028	169904309	LTR/ERVL-MaLR	599	+	140	169904168	40194
chr6	169863974	170063974	harbor1	chr6	169933845	169934173	LTR/ERVL-MaLR	751	+	164	169934009	70035
chr6	169863974	170063974	harbor1	chr6	169951162	169951692	LTR/ERVL-MaLR	1371	+	265	169951427	87453
chr6	52184773	52384773	harbor1	chr6	52194942	52195309	LTR/ERVL-MaLR	2234	+	184	52195126	10353
chr6	52184773	52384773	harbor1	chr6	52218488	52218829	LTR/ERVL-MaLR	1050	+	170	52218658	33885
chr6	52184773	52384773	harbor1	chr6	52218831	52220495	LTR/ERVL-MaLR	5439	+	832	52219663	34890
chr6	52184773	52384773	harbor1	chr6	52220645	52220857	LTR/ERVL-MaLR	961	+	106	52220751	35978
chr6	52184773	52384773	harbor1	chr6	52250318	52250620	LTR/ERVL-MaLR	1204	+	151	52250469	65696
chr7	28080201	28280201	harbor1	chr7	28084793	28085128	LTR/ERVL-MaLR	1651	+	168	28084961	4760
chr7	28080201	28280201	harbor1	chr7	28089154	28089432	LTR/ERVL-MaLR	1020	+	139	28089293	9092
chr7	28080201	28280201	harbor1	chr7	28089450	28089933	LTR/ERVL-MaLR	2061	+	242	28089692	9491
chr7	28080201	28280201	harbor1	chr7	28093145	28093505	LTR/ERVL-MaLR	2049	+	180	28093325	13124
chr7	28080201	28280201	harbor1	chr7	28098040	28098403	LTR/ERVL-MaLR	1557	+	182	28098222	18021
chr7	28080201	28280201	harbor1	chr7	28124022	28124409	LTR/ERVL-MaLR	1797	+	194	28124216	44015
chr7	28080201	28280201	harbor1	chr7	28139300	28139519	LTR/ERVL-MaLR	1061	+	110	28139410	59209
chr7	28080201	28280201	harbor1	chr7	28139532	28139718	LTR/ERVL-MaLR	725	+	93	28139625	59424
chr7	50203946	50403946	harbor1	chr7	50270321	50270974	LTR/ERVL-MaLR	1870	+	326	50270647	66701
chr7	50203946	50403946	harbor1	chr7	50290315	50290697	LTR/ERVL-MaLR	2452	+	191	50290506	86560
chr7	1801883	2001883	harbor1	chr7	1804877	1805243	LTR/ERVL-MaLR	891	+	183	1805060	3177
chr7	1801883	2001883	harbor1	chr7	1864626	1865004	LTR/ERVL-MaLR	1120	+	189	1864815	62932
chr7	1801883	2001883	harbor1	chr7	1875769	1876102	LTR/ERVL-MaLR	830	+	166	1875935	74052
chr7	1801883	2001883	harbor1	chr7	1890217	1890614	LTR/ERVL-MaLR	1398	+	198	1890415	88532
chr7	130391130	130591130	harbor1	chr7	130464787	130464929	LTR/ERVL-MaLR	751	+	71	130464858	73728
chr7	130391130	130591130	harbor1	chr7	130465223	130465438	LTR/ERVL-MaLR	1228	+	108	130465331	74201
chr7	130391130	130591130	harbor1	chr7	130465732	130465959	LTR/ERVL-MaLR	1228	+	114	130465846	74716
chr7	151420770	151620770	harbor1	chr7	151423899	151424250	LTR/ERVL-MaLR	1334	+	176	151424075	3305
chr7	151420770	151620770	harbor1	chr7	151442859	151443207	LTR/ERVL-MaLR	1859	+	174	151443033	22263
chr7	151420770	151620770	harbor1	chr7	151473027	151473526	LTR/ERVL-MaLR	1653	+	250	151473277	52507
chr7	28080214	28280214	harbor1	chr7	28084793	28085128	LTR/ERVL-MaLR	1651	+	168	28084961	4747
chr7	28080214	28280214	harbor1	chr7	28089154	28089432	LTR/ERVL-MaLR	1020	+	139	28089293	9079
chr7	28080214	28280214	harbor1	chr7	28089450	28089933	LTR/ERVL-MaLR	2061	+	242	28089692	9478
chr7	28080214	28280214	harbor1	chr7	28093145	28093505	LTR/ERVL-MaLR	2049	+	180	28093325	13111
chr7	28080214	28280214	harbor1	chr7	28098040	28098403	LTR/ERVL-MaLR	1557	+	182	28098222	18008
chr7	28080214	28280214	harbor1	chr7	28124022	28124409	LTR/ERVL-MaLR	1797	+	194	28124216	44002
chr7	28080214	28280214	harbor1	chr7	28139300	28139519	LTR/ERVL-MaLR	1061	+	110	28139410	59196
chr7	28080214	28280214	harbor1	chr7	28139532	28139718	LTR/ERVL-MaLR	725	+	93	28139625	59411
chr7	1312721	1512721	harbor1	chr7	1317949	1318075	LTR/ERVL-MaLR	454	+	63	1318012	5291
chr7	1312721	1512721	harbor1	chr7	1339721	1339891	LTR/ERVL-MaLR	420	+	85	1339806	27085
chr7	1312721	1512721	harbor1	chr7	1342917	1343226	LTR/ERVL-MaLR	1926	+	154	1343071	30350
chr7	1312721	1512721	harbor1	chr7	1343533	1343603	LTR/ERVL-MaLR	1926	+	35	1343568	30847
chr7	1312721	1512721	harbor1	chr7	1371441	1371600	LTR/ERVL-MaLR	616	+	80	1371521	58800
chr7	1312721	1512721	harbor1	chr7	1371928	1372142	LTR/ERVL-MaLR	616	+	107	1372035	59314
chr7	1312721	1512721	harbor1	chr7	1392193	1392613	LTR/ERVL-MaLR	2457	+	210	1392403	79682
chr7	1312721	1512721	harbor1	chr7	1402066	1402538	LTR/ERVL-MaLR	1051	+	236	1402302	89581
chr7	1136759	1336759	harbor1	chr7	1140451	1140810	LTR/ERVL-MaLR	2145	+	180	1140631	3872
chr7	1136759	1336759	harbor1	chr7	1152519	1152891	LTR/ERVL-MaLR	703	+	186	1152705	15946
chr7	39729557	39929557	harbor1	chr7	39730265	39730387	LTR/ERVL-MaLR	596	+	61	39730326	769
chr7	39729557	39929557	harbor1	chr7	39730825	39731147	LTR/ERVL-MaLR	1180	+	161	39730986	1429
chr7	39729557	39929557	harbor1	chr7	39755964	39756135	LTR/ERVL-MaLR	434	+	86	39756050	26493
chr7	39729557	39929557	harbor1	chr7	39763351	39763694	LTR/ERVL-MaLR	1473	+	172	39763523	33966
chr7	39729557	39929557	harbor1	chr7	39773506	39773869	LTR/ERVL-MaLR	1567	+	182	39773688	44131
chr7	39729557	39929557	harbor1	chr7	39785521	39785883	LTR/ERVL-MaLR	1569	+	181	39785702	56145
chr7	130568057	130768057	harbor1	chr7	130600823	130601060	LTR/ERVL-MaLR	627	+	118	130600941	32884
chr7	130568057	130768057	harbor1	chr7	130601909	130602192	LTR/ERVL-MaLR	608	+	142	130602051	33994
chr7	130568057	130768057	harbor1	chr7	130605295	130605898	LTR/ERVL-MaLR	1771	+	302	130605597	37540
chr7	130568057	130768057	harbor1	chr7	130605907	130606059	LTR/ERVL-MaLR	637	+	76	130605983	37926
chr7	130568057	130768057	harbor1	chr7	130606423	130606669	LTR/ERVL-MaLR	858	+	123	130606546	38489
chr7	130568057	130768057	harbor1	chr7	130609213	130609566	LTR/ERVL-MaLR	2185	+	176	130609389	41332
chr7	130568057	130768057	harbor1	chr7	130620437	130620871	LTR/ERVL-MaLR	1162	+	217	130620654	52597
chr7	130568057	130768057	harbor1	chr7	130620880	130621375	LTR/ERVL-MaLR	1942	+	248	130621128	53071
chr7	130568057	130768057	harbor1	chr7	130646594	130646929	LTR/ERVL-MaLR	1862	+	168	130646762	78705
chr7	130568057	130768057	harbor1	chr7	130647337	130647378	LTR/ERVL-MaLR	1862	+	20	130647357	79300
chr7	50203894	50403894	harbor1	chr7	50270321	50270974	LTR/ERVL-MaLR	1870	+	326	50270647	66753
chr7	50203894	50403894	harbor1	chr7	50290315	50290697	LTR/ERVL-MaLR	2452	+	191	50290506	86612
chr7	1798159	1998159	harbor1	chr7	1804877	1805243	LTR/ERVL-MaLR	891	+	183	1805060	6901
chr7	1798159	1998159	harbor1	chr7	1864626	1865004	LTR/ERVL-MaLR	1120	+	189	1864815	66656
chr7	1798159	1998159	harbor1	chr7	1875769	1876102	LTR/ERVL-MaLR	830	+	166	1875935	77776
chr7	1798159	1998159	harbor1	chr7	1890217	1890614	LTR/ERVL-MaLR	1398	+	198	1890415	92256
chr7	50615299	50815299	harbor1	chr7	50686082	50686441	LTR/ERVL-MaLR	1871	+	180	50686262	70963
chr7	128305676	128505676	harbor1	chr7	128313625	128313958	LTR/ERVL-MaLR	2496	+	166	128313791	8115
chr7	128305676	128505676	harbor1	chr7	128314262	128314332	LTR/ERVL-MaLR	2496	+	35	128314297	8621
chr7	128305676	128505676	harbor1	chr7	128334714	128335113	LTR/ERVL-MaLR	1462	+	200	128334914	29238
chr7	128305676	128505676	harbor1	chr7	128340166	128340591	LTR/ERVL-MaLR	2730	+	212	128340378	34702
chr7	128305676	128505676	harbor1	chr7	128383340	128383786	LTR/ERVL-MaLR	1870	+	223	128383563	77887
chr7	28080184	28280184	harbor1	chr7	28084793	28085128	LTR/ERVL-MaLR	1651	+	168	28084961	4777
chr7	28080184	28280184	harbor1	chr7	28089154	28089432	LTR/ERVL-MaLR	1020	+	139	28089293	9109
chr7	28080184	28280184	harbor1	chr7	28089450	28089933	LTR/ERVL-MaLR	2061	+	242	28089692	9508
chr7	28080184	28280184	harbor1	chr7	28093145	28093505	LTR/ERVL-MaLR	2049	+	180	28093325	13141
chr7	28080184	28280184	harbor1	chr7	28098040	28098403	LTR/ERVL-MaLR	1557	+	182	28098222	18038
chr7	28080184	28280184	harbor1	chr7	28124022	28124409	LTR/ERVL-MaLR	1797	+	194	28124216	44032
chr7	28080184	28280184	harbor1	chr7	28139300	28139519	LTR/ERVL-MaLR	1061	+	110	28139410	59226
chr7	28080184	28280184	harbor1	chr7	28139532	28139718	LTR/ERVL-MaLR	725	+	93	28139625	59441
chr7	1293735	1493735	harbor1	chr7	1317949	1318075	LTR/ERVL-MaLR	454	+	63	1318012	24277
chr7	1293735	1493735	harbor1	chr7	1339721	1339891	LTR/ERVL-MaLR	420	+	85	1339806	46071
chr7	1293735	1493735	harbor1	chr7	1342917	1343226	LTR/ERVL-MaLR	1926	+	154	1343071	49336
chr7	1293735	1493735	harbor1	chr7	1343533	1343603	LTR/ERVL-MaLR	1926	+	35	1343568	49833
chr7	1293735	1493735	harbor1	chr7	1371441	1371600	LTR/ERVL-MaLR	616	+	80	1371521	77786
chr7	1293735	1493735	harbor1	chr7	1371928	1372142	LTR/ERVL-MaLR	616	+	107	1372035	78300
chr7	1293735	1493735	harbor1	chr7	1392193	1392613	LTR/ERVL-MaLR	2457	+	210	1392403	98668
chr7	50283638	50483638	harbor1	chr7	50290315	50290697	LTR/ERVL-MaLR	2452	+	191	50290506	6868
chr7	884561	1084561	harbor1	chr7	922932	923220	LTR/ERVL-MaLR	639	+	144	923076	38515
chr7	884561	1084561	harbor1	chr7	963691	963899	LTR/ERVL-MaLR	456	+	104	963795	79234
chr7	149613875	149813875	harbor1	chr7	149630753	149631201	LTR/ERVL-MaLR	871	+	224	149630977	17102
chr7	149613875	149813875	harbor1	chr7	149655969	149656353	LTR/ERVL-MaLR	2141	+	192	149656161	42286
chr7	149613875	149813875	harbor1	chr7	149663706	149664010	LTR/ERVL-MaLR	900	+	152	149663858	49983
chr7	149613875	149813875	harbor1	chr7	149687600	149687711	LTR/ERVL-MaLR	550	+	56	149687656	73781
chr7	1380194	1580194	harbor1	chr7	1392193	1392613	LTR/ERVL-MaLR	2457	+	210	1392403	12209
chr7	1380194	1580194	harbor1	chr7	1402066	1402538	LTR/ERVL-MaLR	1051	+	236	1402302	22108
chr7	1380194	1580194	harbor1	chr7	1443467	1443867	LTR/ERVL-MaLR	822	+	200	1443667	63473
chr7	1380194	1580194	harbor1	chr7	1453147	1453553	LTR/ERVL-MaLR	783	+	203	1453350	73156
chr7	123649229	123849229	harbor1	chr7	123709272	123709428	LTR/ERVL-MaLR	728	+	78	123709350	60121
chr7	50204667	50404667	harbor1	chr7	50270321	50270974	LTR/ERVL-MaLR	1870	+	326	50270647	65980
chr7	50204667	50404667	harbor1	chr7	50290315	50290697	LTR/ERVL-MaLR	2452	+	191	50290506	85839
chr7	44506818	44706818	harbor1	chr7	44574470	44574570	LTR/ERVL-MaLR	544	+	50	44574520	67702
chr7	44506818	44706818	harbor1	chr7	44587654	44587829	LTR/ERVL-MaLR	618	+	88	44587742	80924
chr7	44506818	44706818	harbor1	chr7	44588785	44588952	LTR/ERVL-MaLR	587	+	84	44588869	82051
chr7	44506818	44706818	harbor1	chr7	44589262	44589319	LTR/ERVL-MaLR	587	+	28	44589290	82472
chr7	44506818	44706818	harbor1	chr7	44590962	44591250	LTR/ERVL-MaLR	695	+	144	44591106	84288
chr7	28080180	28280180	harbor1	chr7	28084793	28085128	LTR/ERVL-MaLR	1651	+	168	28084961	4781
chr7	28080180	28280180	harbor1	chr7	28089154	28089432	LTR/ERVL-MaLR	1020	+	139	28089293	9113
chr7	28080180	28280180	harbor1	chr7	28089450	28089933	LTR/ERVL-MaLR	2061	+	242	28089692	9512
chr7	28080180	28280180	harbor1	chr7	28093145	28093505	LTR/ERVL-MaLR	2049	+	180	28093325	13145
chr7	28080180	28280180	harbor1	chr7	28098040	28098403	LTR/ERVL-MaLR	1557	+	182	28098222	18042
chr7	28080180	28280180	harbor1	chr7	28124022	28124409	LTR/ERVL-MaLR	1797	+	194	28124216	44036
chr7	28080180	28280180	harbor1	chr7	28139300	28139519	LTR/ERVL-MaLR	1061	+	110	28139410	59230
chr7	28080180	28280180	harbor1	chr7	28139532	28139718	LTR/ERVL-MaLR	725	+	93	28139625	59445
chr7	583630	783630	harbor1	chr7	586253	586459	LTR/ERVL-MaLR	531	+	103	586356	2726
chr7	583630	783630	harbor1	chr7	619060	619381	LTR/ERVL-MaLR	1052	+	160	619220	35590
chr7	583630	783630	harbor1	chr7	643878	644071	LTR/ERVL-MaLR	665	+	96	643974	60344
chr7	583630	783630	harbor1	chr7	679709	679876	LTR/ERVL-MaLR	751	+	84	679793	96163
chr7	583630	783630	harbor1	chr7	680943	681311	LTR/ERVL-MaLR	1959	+	184	681127	97497
chr7	47567087	47767087	harbor1	chr7	47602332	47602745	LTR/ERVL-MaLR	2018	+	206	47602538	35451
chr7	47567087	47767087	harbor1	chr7	47606888	47606993	LTR/ERVL-MaLR	1714	+	52	47606940	39853
chr7	47567087	47767087	harbor1	chr7	47607300	47607544	LTR/ERVL-MaLR	1714	+	122	47607422	40335
chr7	47567087	47767087	harbor1	chr7	47607850	47607882	LTR/ERVL-MaLR	1714	+	16	47607866	40779
chr7	47567087	47767087	harbor1	chr7	47618123	47618232	LTR/ERVL-MaLR	1671	+	54	47618177	51090
chr7	47567087	47767087	harbor1	chr7	47618544	47618807	LTR/ERVL-MaLR	1671	+	132	47618676	51589
chr7	47567087	47767087	harbor1	chr7	47619711	47620069	LTR/ERVL-MaLR	2133	+	179	47619890	52803
chr7	47567087	47767087	harbor1	chr7	47627228	47627519	LTR/ERVL-MaLR	1587	+	146	47627374	60287
chr7	47567087	47767087	harbor1	chr7	47627956	47628172	LTR/ERVL-MaLR	1587	+	108	47628064	60977
chr7	47567087	47767087	harbor1	chr7	47652976	47653348	LTR/ERVL-MaLR	1916	+	186	47653162	86075
chr7	47567087	47767087	harbor1	chr7	47656532	47656755	LTR/ERVL-MaLR	1096	+	112	47656644	89557
chr7	123649386	123849386	harbor1	chr7	123709272	123709428	LTR/ERVL-MaLR	728	+	78	123709350	59964
chr7	41324284	41524284	harbor1	chr7	41423116	41423257	LTR/ERVL-MaLR	952	+	70	41423186	98902
chr7	41324284	41524284	harbor1	chr7	41423562	41423796	LTR/ERVL-MaLR	952	+	117	41423679	99395
chr7	47246884	47446884	harbor1	chr7	47252669	47253031	LTR/ERVL-MaLR	2167	+	181	47252850	5966
chr7	47246884	47446884	harbor1	chr7	47285285	47285649	LTR/ERVL-MaLR	2792	+	182	47285467	38583
chr7	50203975	50403975	harbor1	chr7	50270321	50270974	LTR/ERVL-MaLR	1870	+	326	50270647	66672
chr7	50203975	50403975	harbor1	chr7	50290315	50290697	LTR/ERVL-MaLR	2452	+	191	50290506	86531
chr7	6404408	6604408	harbor1	chr7	6489615	6489925	LTR/ERVL-MaLR	1346	+	155	6489770	85362
chr7	6404408	6604408	harbor1	chr7	6492044	6492215	LTR/ERVL-MaLR	716	+	86	6492130	87722
chr7	6404408	6604408	harbor1	chr7	6492876	6493066	LTR/ERVL-MaLR	1015	+	95	6492971	88563
chr7	6404408	6604408	harbor1	chr7	6495432	6495914	LTR/ERVL-MaLR	987	+	241	6495673	91265
chr7	28080194	28280194	harbor1	chr7	28084793	28085128	LTR/ERVL-MaLR	1651	+	168	28084961	4767
chr7	28080194	28280194	harbor1	chr7	28089154	28089432	LTR/ERVL-MaLR	1020	+	139	28089293	9099
chr7	28080194	28280194	harbor1	chr7	28089450	28089933	LTR/ERVL-MaLR	2061	+	242	28089692	9498
chr7	28080194	28280194	harbor1	chr7	28093145	28093505	LTR/ERVL-MaLR	2049	+	180	28093325	13131
chr7	28080194	28280194	harbor1	chr7	28098040	28098403	LTR/ERVL-MaLR	1557	+	182	28098222	18028
chr7	28080194	28280194	harbor1	chr7	28124022	28124409	LTR/ERVL-MaLR	1797	+	194	28124216	44022
chr7	28080194	28280194	harbor1	chr7	28139300	28139519	LTR/ERVL-MaLR	1061	+	110	28139410	59216
chr7	28080194	28280194	harbor1	chr7	28139532	28139718	LTR/ERVL-MaLR	725	+	93	28139625	59431
chr7	47228348	47428348	harbor1	chr7	47232663	47233087	LTR/ERVL-MaLR	1646	+	212	47232875	4527
chr7	47228348	47428348	harbor1	chr7	47240726	47241089	LTR/ERVL-MaLR	1619	+	182	47240908	12560
chr7	47228348	47428348	harbor1	chr7	47252669	47253031	LTR/ERVL-MaLR	2167	+	181	47252850	24502
chr7	47228348	47428348	harbor1	chr7	47285285	47285649	LTR/ERVL-MaLR	2792	+	182	47285467	57119
chr7	123649293	123849293	harbor1	chr7	123709272	123709428	LTR/ERVL-MaLR	728	+	78	123709350	60057
chr7	155249500	155449500	harbor1	chr7	155250695	155251117	LTR/ERVL-MaLR	1285	+	211	155250906	1406
chr7	155249500	155449500	harbor1	chr7	155256169	155256523	LTR/ERVL-MaLR	1249	+	177	155256346	6846
chr7	155249500	155449500	harbor1	chr7	155260796	155261003	LTR/ERVL-MaLR	713	+	104	155260900	11400
chr7	155249500	155449500	harbor1	chr7	155261003	155261213	LTR/ERVL-MaLR	725	+	105	155261108	11608
chr7	155249500	155449500	harbor1	chr7	155261558	155262139	LTR/ERVL-MaLR	428	+	290	155261848	12348
chr7	155249500	155449500	harbor1	chr7	155268623	155268964	LTR/ERVL-MaLR	2202	+	170	155268793	19293
chr7	155249500	155449500	harbor1	chr7	155289535	155289668	LTR/ERVL-MaLR	569	+	66	155289601	40101
chr7	155249500	155449500	harbor1	chr7	155290020	155290086	LTR/ERVL-MaLR	569	+	33	155290053	40553
chr7	155249500	155449500	harbor1	chr7	155290099	155290305	LTR/ERVL-MaLR	761	+	103	155290202	40702
chr7	155249500	155449500	harbor1	chr7	155315856	155316288	LTR/ERVL-MaLR	1183	+	216	155316072	66572
chr7	155249500	155449500	harbor1	chr7	155323260	155323614	LTR/ERVL-MaLR	1718	+	177	155323437	73937
chr7	155249500	155449500	harbor1	chr7	155329988	155330470	LTR/ERVL-MaLR	1422	+	241	155330229	80729
chr7	155249500	155449500	harbor1	chr7	155331993	155332329	LTR/ERVL-MaLR	1409	+	168	155332161	82661
chr7	155249500	155449500	harbor1	chr7	155337786	155338093	LTR/ERVL-MaLR	621	+	154	155337940	88440
chr7	155249500	155449500	harbor1	chr7	155342462	155342843	LTR/ERVL-MaLR	758	+	190	155342652	93152
chr7	140597158	140797158	harbor1	chr7	140652561	140652837	LTR/ERVL-MaLR	1293	+	138	140652699	55541
chr7	140597158	140797158	harbor1	chr7	140653152	140653225	LTR/ERVL-MaLR	1293	+	36	140653188	56030
chr7	28080212	28280212	harbor1	chr7	28084793	28085128	LTR/ERVL-MaLR	1651	+	168	28084961	4749
chr7	28080212	28280212	harbor1	chr7	28089154	28089432	LTR/ERVL-MaLR	1020	+	139	28089293	9081
chr7	28080212	28280212	harbor1	chr7	28089450	28089933	LTR/ERVL-MaLR	2061	+	242	28089692	9480
chr7	28080212	28280212	harbor1	chr7	28093145	28093505	LTR/ERVL-MaLR	2049	+	180	28093325	13113
chr7	28080212	28280212	harbor1	chr7	28098040	28098403	LTR/ERVL-MaLR	1557	+	182	28098222	18010
chr7	28080212	28280212	harbor1	chr7	28124022	28124409	LTR/ERVL-MaLR	1797	+	194	28124216	44004
chr7	28080212	28280212	harbor1	chr7	28139300	28139519	LTR/ERVL-MaLR	1061	+	110	28139410	59198
chr7	28080212	28280212	harbor1	chr7	28139532	28139718	LTR/ERVL-MaLR	725	+	93	28139625	59413
chr7	1798568	1998568	harbor1	chr7	1804877	1805243	LTR/ERVL-MaLR	891	+	183	1805060	6492
chr7	1798568	1998568	harbor1	chr7	1864626	1865004	LTR/ERVL-MaLR	1120	+	189	1864815	66247
chr7	1798568	1998568	harbor1	chr7	1875769	1876102	LTR/ERVL-MaLR	830	+	166	1875935	77367
chr7	1798568	1998568	harbor1	chr7	1890217	1890614	LTR/ERVL-MaLR	1398	+	198	1890415	91847
chr7	1376035	1576035	harbor1	chr7	1392193	1392613	LTR/ERVL-MaLR	2457	+	210	1392403	16368
chr7	1376035	1576035	harbor1	chr7	1402066	1402538	LTR/ERVL-MaLR	1051	+	236	1402302	26267
chr7	1376035	1576035	harbor1	chr7	1443467	1443867	LTR/ERVL-MaLR	822	+	200	1443667	67632
chr7	1376035	1576035	harbor1	chr7	1453147	1453553	LTR/ERVL-MaLR	783	+	203	1453350	77315
chr7	65651047	65851047	harbor1	chr7	65739940	65740033	LTR/ERVL-MaLR	1144	+	46	65739986	88939
chr7	65651047	65851047	harbor1	chr7	65740336	65740464	LTR/ERVL-MaLR	1144	+	64	65740400	89353
chr7	77912395	78112395	harbor1	chr7	77967928	77968288	LTR/ERVL-MaLR	1853	+	180	77968108	55713
chr7	77912395	78112395	harbor1	chr7	78003894	78004058	LTR/ERVL-MaLR	461	+	82	78003976	91581
chr7	77912395	78112395	harbor1	chr7	78005206	78005573	LTR/ERVL-MaLR	2518	+	184	78005390	92995
chr7	28080187	28280187	harbor1	chr7	28084793	28085128	LTR/ERVL-MaLR	1651	+	168	28084961	4774
chr7	28080187	28280187	harbor1	chr7	28089154	28089432	LTR/ERVL-MaLR	1020	+	139	28089293	9106
chr7	28080187	28280187	harbor1	chr7	28089450	28089933	LTR/ERVL-MaLR	2061	+	242	28089692	9505
chr7	28080187	28280187	harbor1	chr7	28093145	28093505	LTR/ERVL-MaLR	2049	+	180	28093325	13138
chr7	28080187	28280187	harbor1	chr7	28098040	28098403	LTR/ERVL-MaLR	1557	+	182	28098222	18035
chr7	28080187	28280187	harbor1	chr7	28124022	28124409	LTR/ERVL-MaLR	1797	+	194	28124216	44029
chr7	28080187	28280187	harbor1	chr7	28139300	28139519	LTR/ERVL-MaLR	1061	+	110	28139410	59223
chr7	28080187	28280187	harbor1	chr7	28139532	28139718	LTR/ERVL-MaLR	725	+	93	28139625	59438
chr7	65982514	66182514	harbor1	chr7	66048193	66048518	LTR/ERVL-MaLR	1329	+	162	66048355	65841
chr7	65982514	66182514	harbor1	chr7	66054237	66054528	LTR/ERVL-MaLR	636	+	146	66054383	71869
chr7	65982514	66182514	harbor1	chr7	66061070	66061246	LTR/ERVL-MaLR	1109	+	88	66061158	78644
chr7	65982514	66182514	harbor1	chr7	66062285	66062424	LTR/ERVL-MaLR	1109	+	70	66062355	79841
chr7	65982514	66182514	harbor1	chr7	66065111	66065581	LTR/ERVL-MaLR	1950	+	235	66065346	82832
chr7	157884935	158084935	harbor1	chr7	157921447	157921840	LTR/ERVL-MaLR	1208	+	196	157921643	36708
chr7	123610933	123810933	harbor1	chr7	123709272	123709428	LTR/ERVL-MaLR	728	+	78	123709350	98417
chr7	1801969	2001969	harbor1	chr7	1804877	1805243	LTR/ERVL-MaLR	891	+	183	1805060	3091
chr7	1801969	2001969	harbor1	chr7	1864626	1865004	LTR/ERVL-MaLR	1120	+	189	1864815	62846
chr7	1801969	2001969	harbor1	chr7	1875769	1876102	LTR/ERVL-MaLR	830	+	166	1875935	73966
chr7	1801969	2001969	harbor1	chr7	1890217	1890614	LTR/ERVL-MaLR	1398	+	198	1890415	88446
chr7	123649263	123849263	harbor1	chr7	123709272	123709428	LTR/ERVL-MaLR	728	+	78	123709350	60087
chr7	155231815	155431815	harbor1	chr7	155232157	155232626	LTR/ERVL-MaLR	1372	+	234	155232391	576
chr7	155231815	155431815	harbor1	chr7	155235422	155235899	LTR/ERVL-MaLR	1009	+	238	155235660	3845
chr7	155231815	155431815	harbor1	chr7	155250695	155251117	LTR/ERVL-MaLR	1285	+	211	155250906	19091
chr7	155231815	155431815	harbor1	chr7	155256169	155256523	LTR/ERVL-MaLR	1249	+	177	155256346	24531
chr7	155231815	155431815	harbor1	chr7	155260796	155261003	LTR/ERVL-MaLR	713	+	104	155260900	29085
chr7	155231815	155431815	harbor1	chr7	155261003	155261213	LTR/ERVL-MaLR	725	+	105	155261108	29293
chr7	155231815	155431815	harbor1	chr7	155261558	155262139	LTR/ERVL-MaLR	428	+	290	155261848	30033
chr7	155231815	155431815	harbor1	chr7	155268623	155268964	LTR/ERVL-MaLR	2202	+	170	155268793	36978
chr7	155231815	155431815	harbor1	chr7	155289535	155289668	LTR/ERVL-MaLR	569	+	66	155289601	57786
chr7	155231815	155431815	harbor1	chr7	155290020	155290086	LTR/ERVL-MaLR	569	+	33	155290053	58238
chr7	155231815	155431815	harbor1	chr7	155290099	155290305	LTR/ERVL-MaLR	761	+	103	155290202	58387
chr7	155231815	155431815	harbor1	chr7	155315856	155316288	LTR/ERVL-MaLR	1183	+	216	155316072	84257
chr7	155231815	155431815	harbor1	chr7	155323260	155323614	LTR/ERVL-MaLR	1718	+	177	155323437	91622
chr7	155231815	155431815	harbor1	chr7	155329988	155330470	LTR/ERVL-MaLR	1422	+	241	155330229	98414
chr7	1564241	1764241	harbor1	chr7	1602679	1602798	LTR/ERVL-MaLR	1551	+	60	1602739	38498
chr7	1564241	1764241	harbor1	chr7	1602935	1602947	LTR/ERVL-MaLR	1551	+	6	1602941	38700
chr7	1564241	1764241	harbor1	chr7	1603238	1603501	LTR/ERVL-MaLR	1551	+	132	1603370	39129
chr7	1564241	1764241	harbor1	chr7	1617357	1617465	LTR/ERVL-MaLR	2083	+	54	1617411	53170
chr7	1564241	1764241	harbor1	chr7	1617779	1618080	LTR/ERVL-MaLR	2083	+	150	1617929	53688
chr7	1564241	1764241	harbor1	chr7	1652235	1652395	LTR/ERVL-MaLR	653	+	80	1652315	88074
chr7	1564241	1764241	harbor1	chr7	1653184	1653463	LTR/ERVL-MaLR	657	+	140	1653324	89083
chr7	50203887	50403887	harbor1	chr7	50270321	50270974	LTR/ERVL-MaLR	1870	+	326	50270647	66760
chr7	50203887	50403887	harbor1	chr7	50290315	50290697	LTR/ERVL-MaLR	2452	+	191	50290506	86619
chr7	101437983	101637983	harbor1	chr7	101520852	101520951	LTR/ERVL-MaLR	625	+	50	101520902	82919
chr7	101437983	101637983	harbor1	chr7	101521318	101521364	LTR/ERVL-MaLR	625	+	23	101521341	83358
chr7	47228344	47428344	harbor1	chr7	47232663	47233087	LTR/ERVL-MaLR	1646	+	212	47232875	4531
chr7	47228344	47428344	harbor1	chr7	47240726	47241089	LTR/ERVL-MaLR	1619	+	182	47240908	12564
chr7	47228344	47428344	harbor1	chr7	47252669	47253031	LTR/ERVL-MaLR	2167	+	181	47252850	24506
chr7	47228344	47428344	harbor1	chr7	47285285	47285649	LTR/ERVL-MaLR	2792	+	182	47285467	57123
chr7	47228340	47428340	harbor1	chr7	47232663	47233087	LTR/ERVL-MaLR	1646	+	212	47232875	4535
chr7	47228340	47428340	harbor1	chr7	47240726	47241089	LTR/ERVL-MaLR	1619	+	182	47240908	12568
chr7	47228340	47428340	harbor1	chr7	47252669	47253031	LTR/ERVL-MaLR	2167	+	181	47252850	24510
chr7	47228340	47428340	harbor1	chr7	47285285	47285649	LTR/ERVL-MaLR	2792	+	182	47285467	57127
chr7	80035348	80235348	harbor1	chr7	80041238	80041621	LTR/ERVL-MaLR	720	+	192	80041430	6082
chr7	80035348	80235348	harbor1	chr7	80105239	80105393	LTR/ERVL-MaLR	655	+	77	80105316	69968
chr7	80035348	80235348	harbor1	chr7	80105725	80106019	LTR/ERVL-MaLR	1099	+	147	80105872	70524
chr7	80035348	80235348	harbor1	chr7	80111547	80111962	LTR/ERVL-MaLR	2333	+	208	80111755	76407
chr7	80035348	80235348	harbor1	chr7	80126310	80126664	LTR/ERVL-MaLR	1633	+	177	80126487	91139
chr7	80035348	80235348	harbor1	chr7	80132623	80132949	LTR/ERVL-MaLR	1317	+	163	80132786	97438
chr7	90221478	90421478	harbor1	chr7	90239078	90239447	LTR/ERVL-MaLR	2190	+	184	90239262	17784
chr7	90221478	90421478	harbor1	chr7	90249070	90249433	LTR/ERVL-MaLR	2188	+	182	90249252	27774
chr7	47228502	47428502	harbor1	chr7	47232663	47233087	LTR/ERVL-MaLR	1646	+	212	47232875	4373
chr7	47228502	47428502	harbor1	chr7	47240726	47241089	LTR/ERVL-MaLR	1619	+	182	47240908	12406
chr7	47228502	47428502	harbor1	chr7	47252669	47253031	LTR/ERVL-MaLR	2167	+	181	47252850	24348
chr7	47228502	47428502	harbor1	chr7	47285285	47285649	LTR/ERVL-MaLR	2792	+	182	47285467	56965
chr7	123649244	123849244	harbor1	chr7	123709272	123709428	LTR/ERVL-MaLR	728	+	78	123709350	60106
chr7	1226149	1426149	harbor1	chr7	1251201	1251580	LTR/ERVL-MaLR	1850	+	190	1251391	25242
chr7	1226149	1426149	harbor1	chr7	1317949	1318075	LTR/ERVL-MaLR	454	+	63	1318012	91863
chr7	127292503	127492503	harbor1	chr7	127366697	127366931	LTR/ERVL-MaLR	636	+	117	127366814	74311
chr7	128101419	128301419	harbor1	chr7	128111284	128111399	LTR/ERVL-MaLR	761	+	58	128111342	9923
chr7	128101419	128301419	harbor1	chr7	128112088	128112329	LTR/ERVL-MaLR	698	+	120	128112208	10789
chr7	128101419	128301419	harbor1	chr7	128119586	128119742	LTR/ERVL-MaLR	1396	+	78	128119664	18245
chr7	128101419	128301419	harbor1	chr7	128120037	128120224	LTR/ERVL-MaLR	1396	+	94	128120131	18712
chr7	128101419	128301419	harbor1	chr7	128129224	128129592	LTR/ERVL-MaLR	2231	+	184	128129408	27989
chr7	128101419	128301419	harbor1	chr7	128139741	128140156	LTR/ERVL-MaLR	1968	+	208	128139949	38530
chr7	128101419	128301419	harbor1	chr7	128140574	128140686	LTR/ERVL-MaLR	487	+	56	128140630	39211
chr7	128101419	128301419	harbor1	chr7	128140939	128141174	LTR/ERVL-MaLR	670	+	118	128141057	39638
chr7	128101419	128301419	harbor1	chr7	128160916	128161419	LTR/ERVL-MaLR	1037	+	252	128161168	59749
chr7	128101419	128301419	harbor1	chr7	128191538	128191900	LTR/ERVL-MaLR	2005	+	181	128191719	90300
chr7	47174241	47374241	harbor1	chr7	47175786	47176127	LTR/ERVL-MaLR	2176	+	170	47175956	1715
chr7	47174241	47374241	harbor1	chr7	47176128	47177707	LTR/ERVL-MaLR	12169	+	790	47176918	2677
chr7	47174241	47374241	harbor1	chr7	47177708	47178046	LTR/ERVL-MaLR	2185	+	169	47177877	3636
chr7	47174241	47374241	harbor1	chr7	47194334	47194768	LTR/ERVL-MaLR	1681	+	217	47194551	20310
chr7	47174241	47374241	harbor1	chr7	47197276	47197673	LTR/ERVL-MaLR	1680	+	198	47197474	23233
chr7	47174241	47374241	harbor1	chr7	47220943	47221482	LTR/ERVL-MaLR	565	+	270	47221213	46972
chr7	47174241	47374241	harbor1	chr7	47232663	47233087	LTR/ERVL-MaLR	1646	+	212	47232875	58634
chr7	47174241	47374241	harbor1	chr7	47240726	47241089	LTR/ERVL-MaLR	1619	+	182	47240908	66667
chr7	47174241	47374241	harbor1	chr7	47252669	47253031	LTR/ERVL-MaLR	2167	+	181	47252850	78609
chr7	123649264	123849264	harbor1	chr7	123709272	123709428	LTR/ERVL-MaLR	728	+	78	123709350	60086
chr7	47228327	47428327	harbor1	chr7	47232663	47233087	LTR/ERVL-MaLR	1646	+	212	47232875	4548
chr7	47228327	47428327	harbor1	chr7	47240726	47241089	LTR/ERVL-MaLR	1619	+	182	47240908	12581
chr7	47228327	47428327	harbor1	chr7	47252669	47253031	LTR/ERVL-MaLR	2167	+	181	47252850	24523
chr7	47228327	47428327	harbor1	chr7	47285285	47285649	LTR/ERVL-MaLR	2792	+	182	47285467	57140
chr7	1801933	2001933	harbor1	chr7	1804877	1805243	LTR/ERVL-MaLR	891	+	183	1805060	3127
chr7	1801933	2001933	harbor1	chr7	1864626	1865004	LTR/ERVL-MaLR	1120	+	189	1864815	62882
chr7	1801933	2001933	harbor1	chr7	1875769	1876102	LTR/ERVL-MaLR	830	+	166	1875935	74002
chr7	1801933	2001933	harbor1	chr7	1890217	1890614	LTR/ERVL-MaLR	1398	+	198	1890415	88482
chr7	151420775	151620775	harbor1	chr7	151423899	151424250	LTR/ERVL-MaLR	1334	+	176	151424075	3300
chr7	151420775	151620775	harbor1	chr7	151442859	151443207	LTR/ERVL-MaLR	1859	+	174	151443033	22258
chr7	151420775	151620775	harbor1	chr7	151473027	151473526	LTR/ERVL-MaLR	1653	+	250	151473277	52502
chr7	123437338	123637338	harbor1	chr7	123441561	123441953	LTR/ERVL-MaLR	1079	+	196	123441757	4419
chr7	123437338	123637338	harbor1	chr7	123442253	123442318	LTR/ERVL-MaLR	1079	+	32	123442285	4947
chr7	123437338	123637338	harbor1	chr7	123453567	123453803	LTR/ERVL-MaLR	529	+	118	123453685	16347
chr7	123437338	123637338	harbor1	chr7	123486951	123487327	LTR/ERVL-MaLR	2006	+	188	123487139	49801
chr7	123437338	123637338	harbor1	chr7	123491965	123492233	LTR/ERVL-MaLR	1541	+	134	123492099	54761
chr7	123437338	123637338	harbor1	chr7	123500928	123501318	LTR/ERVL-MaLR	539	+	195	123501123	63785
chr7	123437338	123637338	harbor1	chr7	123507910	123508412	LTR/ERVL-MaLR	1916	+	251	123508161	70823
chr7	102325596	102525596	harbor1	chr7	102341964	102342347	LTR/ERVL-MaLR	2192	+	192	102342156	16560
chr7	141411856	141611856	harbor1	chr7	141490215	141490636	LTR/ERVL-MaLR	2331	+	210	141490425	78569
chr7	28080189	28280189	harbor1	chr7	28084793	28085128	LTR/ERVL-MaLR	1651	+	168	28084961	4772
chr7	28080189	28280189	harbor1	chr7	28089154	28089432	LTR/ERVL-MaLR	1020	+	139	28089293	9104
chr7	28080189	28280189	harbor1	chr7	28089450	28089933	LTR/ERVL-MaLR	2061	+	242	28089692	9503
chr7	28080189	28280189	harbor1	chr7	28093145	28093505	LTR/ERVL-MaLR	2049	+	180	28093325	13136
chr7	28080189	28280189	harbor1	chr7	28098040	28098403	LTR/ERVL-MaLR	1557	+	182	28098222	18033
chr7	28080189	28280189	harbor1	chr7	28124022	28124409	LTR/ERVL-MaLR	1797	+	194	28124216	44027
chr7	28080189	28280189	harbor1	chr7	28139300	28139519	LTR/ERVL-MaLR	1061	+	110	28139410	59221
chr7	28080189	28280189	harbor1	chr7	28139532	28139718	LTR/ERVL-MaLR	725	+	93	28139625	59436
chr7	26995642	27195642	harbor1	chr7	27020938	27021301	LTR/ERVL-MaLR	2338	+	182	27021120	25478
chr7	26995642	27195642	harbor1	chr7	27065657	27066169	LTR/ERVL-MaLR	874	+	256	27065913	70271
chr7	26995642	27195642	harbor1	chr7	27082632	27082972	LTR/ERVL-MaLR	446	+	170	27082802	87160
chr7	66456842	66656842	harbor1	chr7	66460360	66460492	LTR/ERVL-MaLR	616	+	66	66460426	3584
chr7	66456842	66656842	harbor1	chr7	66461985	66462298	LTR/ERVL-MaLR	1289	+	156	66462141	5299
chr7	66456842	66656842	harbor1	chr7	66465577	66465969	LTR/ERVL-MaLR	2176	+	196	66465773	8931
chr7	66456842	66656842	harbor1	chr7	66490887	66491325	LTR/ERVL-MaLR	1351	+	219	66491106	34264
chr7	105288909	105488909	harbor1	chr7	105337181	105337317	LTR/ERVL-MaLR	1467	+	68	105337249	48340
chr7	105288909	105488909	harbor1	chr7	105337615	105337854	LTR/ERVL-MaLR	1467	+	120	105337735	48826
chr7	105288909	105488909	harbor1	chr7	105350978	105351355	LTR/ERVL-MaLR	2473	+	188	105351166	62257
chr7	105288909	105488909	harbor1	chr7	105352166	105352611	LTR/ERVL-MaLR	1599	+	222	105352388	63479
chr7	25270046	25470046	harbor1	chr7	25281497	25281975	LTR/ERVL-MaLR	836	+	239	25281736	11690
chr7	25270046	25470046	harbor1	chr7	25288071	25288214	LTR/ERVL-MaLR	659	+	72	25288143	18097
chr7	25270046	25470046	harbor1	chr7	25291238	25291600	LTR/ERVL-MaLR	2892	+	181	25291419	21373
chr7	25270046	25470046	harbor1	chr7	25311804	25312160	LTR/ERVL-MaLR	1886	+	178	25311982	41936
chr7	25270046	25470046	harbor1	chr7	25313627	25314050	LTR/ERVL-MaLR	1619	+	212	25313839	43793
chr7	25270046	25470046	harbor1	chr7	25328219	25328391	LTR/ERVL-MaLR	2242	+	86	25328305	58259
chr7	25270046	25470046	harbor1	chr7	25328708	25328983	LTR/ERVL-MaLR	2242	+	138	25328846	58800
chr7	25270046	25470046	harbor1	chr7	25334734	25335099	LTR/ERVL-MaLR	780	+	182	25334916	64870
chr7	25270046	25470046	harbor1	chr7	25354666	25355014	LTR/ERVL-MaLR	1480	+	174	25354840	84794
chr7	25270046	25470046	harbor1	chr7	25365908	25366486	LTR/ERVL-MaLR	1565	+	289	25366197	96151
chr7	25270046	25470046	harbor1	chr7	25366526	25366775	LTR/ERVL-MaLR	1565	+	124	25366650	96604
chr7	6060488	6260488	harbor1	chr7	6063122	6063273	LTR/ERVL-MaLR	1869	+	76	6063198	2710
chr7	6060488	6260488	harbor1	chr7	6063865	6064090	LTR/ERVL-MaLR	1869	+	112	6063977	3489
chr7	6060488	6260488	harbor1	chr7	6064391	6064430	LTR/ERVL-MaLR	1869	+	20	6064411	3923
chr7	6060488	6260488	harbor1	chr7	6077286	6077578	LTR/ERVL-MaLR	433	+	146	6077432	16944
chr7	25697532	25897532	harbor1	chr7	25705381	25705764	LTR/ERVL-MaLR	1871	+	192	25705573	8041
chr7	25697532	25897532	harbor1	chr7	25761824	25762183	LTR/ERVL-MaLR	729	+	180	25762004	64472
chr7	25697532	25897532	harbor1	chr7	25764968	25765333	LTR/ERVL-MaLR	753	+	182	25765150	67618
chr7	25697532	25897532	harbor1	chr7	25773433	25773728	LTR/ERVL-MaLR	1693	+	148	25773581	76049
chr7	25697532	25897532	harbor1	chr7	25774039	25774093	LTR/ERVL-MaLR	1693	+	27	25774066	76534
chr7	25697532	25897532	harbor1	chr7	25780780	25780908	LTR/ERVL-MaLR	1674	+	64	25780844	83312
chr7	25697532	25897532	harbor1	chr7	25780909	25781308	LTR/ERVL-MaLR	1745	+	200	25781109	83577
chr7	25697532	25897532	harbor1	chr7	25781309	25781643	LTR/ERVL-MaLR	1674	+	167	25781476	83944
chr7	25697532	25897532	harbor1	chr7	25785930	25786257	LTR/ERVL-MaLR	1645	+	164	25786094	88562
chr7	24657406	24857406	harbor1	chr7	24707524	24707943	LTR/ERVL-MaLR	1148	+	210	24707734	50328
chr7	24657406	24857406	harbor1	chr7	24718723	24718964	LTR/ERVL-MaLR	672	+	120	24718843	61437
chr7	24657406	24857406	harbor1	chr7	24724745	24725161	LTR/ERVL-MaLR	2412	+	208	24724953	67547
chr7	24657406	24857406	harbor1	chr7	24728047	24728250	LTR/ERVL-MaLR	624	+	102	24728149	70743
chr7	1312753	1512753	harbor1	chr7	1317949	1318075	LTR/ERVL-MaLR	454	+	63	1318012	5259
chr7	1312753	1512753	harbor1	chr7	1339721	1339891	LTR/ERVL-MaLR	420	+	85	1339806	27053
chr7	1312753	1512753	harbor1	chr7	1342917	1343226	LTR/ERVL-MaLR	1926	+	154	1343071	30318
chr7	1312753	1512753	harbor1	chr7	1343533	1343603	LTR/ERVL-MaLR	1926	+	35	1343568	30815
chr7	1312753	1512753	harbor1	chr7	1371441	1371600	LTR/ERVL-MaLR	616	+	80	1371521	58768
chr7	1312753	1512753	harbor1	chr7	1371928	1372142	LTR/ERVL-MaLR	616	+	107	1372035	59282
chr7	1312753	1512753	harbor1	chr7	1392193	1392613	LTR/ERVL-MaLR	2457	+	210	1392403	79650
chr7	1312753	1512753	harbor1	chr7	1402066	1402538	LTR/ERVL-MaLR	1051	+	236	1402302	89549
chr7	47227890	47427890	harbor1	chr7	47232663	47233087	LTR/ERVL-MaLR	1646	+	212	47232875	4985
chr7	47227890	47427890	harbor1	chr7	47240726	47241089	LTR/ERVL-MaLR	1619	+	182	47240908	13018
chr7	47227890	47427890	harbor1	chr7	47252669	47253031	LTR/ERVL-MaLR	2167	+	181	47252850	24960
chr7	47227890	47427890	harbor1	chr7	47285285	47285649	LTR/ERVL-MaLR	2792	+	182	47285467	57577
chr7	1312775	1512775	harbor1	chr7	1317949	1318075	LTR/ERVL-MaLR	454	+	63	1318012	5237
chr7	1312775	1512775	harbor1	chr7	1339721	1339891	LTR/ERVL-MaLR	420	+	85	1339806	27031
chr7	1312775	1512775	harbor1	chr7	1342917	1343226	LTR/ERVL-MaLR	1926	+	154	1343071	30296
chr7	1312775	1512775	harbor1	chr7	1343533	1343603	LTR/ERVL-MaLR	1926	+	35	1343568	30793
chr7	1312775	1512775	harbor1	chr7	1371441	1371600	LTR/ERVL-MaLR	616	+	80	1371521	58746
chr7	1312775	1512775	harbor1	chr7	1371928	1372142	LTR/ERVL-MaLR	616	+	107	1372035	59260
chr7	1312775	1512775	harbor1	chr7	1392193	1392613	LTR/ERVL-MaLR	2457	+	210	1392403	79628
chr7	1312775	1512775	harbor1	chr7	1402066	1402538	LTR/ERVL-MaLR	1051	+	236	1402302	89527
chr7	504701	704701	harbor1	chr7	509208	509288	LTR/ERVL-MaLR	971	+	40	509248	4547
chr7	504701	704701	harbor1	chr7	509591	509847	LTR/ERVL-MaLR	971	+	128	509719	5018
chr7	504701	704701	harbor1	chr7	540923	541136	LTR/ERVL-MaLR	497	+	106	541029	36328
chr7	504701	704701	harbor1	chr7	560043	560359	LTR/ERVL-MaLR	1778	+	158	560201	55500
chr7	504701	704701	harbor1	chr7	586253	586459	LTR/ERVL-MaLR	531	+	103	586356	81655
chr7	16531	216531	harbor1	chr7	23195	23464	LTR/ERVL-MaLR	1101	+	134	23329	6798
chr7	16531	216531	harbor1	chr7	79188	79615	LTR/ERVL-MaLR	1304	+	214	79402	62871
chr7	108470160	108670160	harbor1	chr7	108492772	108493011	LTR/ERVL-MaLR	623	+	120	108492892	22732
chr7	108470160	108670160	harbor1	chr7	108493043	108493157	LTR/ERVL-MaLR	513	+	57	108493100	22940
chr7	108470160	108670160	harbor1	chr7	108512945	108513170	LTR/ERVL-MaLR	1098	+	112	108513057	42897
chr7	108470160	108670160	harbor1	chr7	108529259	108529828	LTR/ERVL-MaLR	2672	+	284	108529543	59383
chr7	108470160	108670160	harbor1	chr7	108551211	108551574	LTR/ERVL-MaLR	1388	+	182	108551393	81233
chr7	108470160	108670160	harbor1	chr7	108553938	108554259	LTR/ERVL-MaLR	1008	+	160	108554098	83938
chr7	108470160	108670160	harbor1	chr7	108560303	108560578	LTR/ERVL-MaLR	445	+	138	108560441	90281
chr7	1312762	1512762	harbor1	chr7	1317949	1318075	LTR/ERVL-MaLR	454	+	63	1318012	5250
chr7	1312762	1512762	harbor1	chr7	1339721	1339891	LTR/ERVL-MaLR	420	+	85	1339806	27044
chr7	1312762	1512762	harbor1	chr7	1342917	1343226	LTR/ERVL-MaLR	1926	+	154	1343071	30309
chr7	1312762	1512762	harbor1	chr7	1343533	1343603	LTR/ERVL-MaLR	1926	+	35	1343568	30806
chr7	1312762	1512762	harbor1	chr7	1371441	1371600	LTR/ERVL-MaLR	616	+	80	1371521	58759
chr7	1312762	1512762	harbor1	chr7	1371928	1372142	LTR/ERVL-MaLR	616	+	107	1372035	59273
chr7	1312762	1512762	harbor1	chr7	1392193	1392613	LTR/ERVL-MaLR	2457	+	210	1392403	79641
chr7	1312762	1512762	harbor1	chr7	1402066	1402538	LTR/ERVL-MaLR	1051	+	236	1402302	89540
chr7	47228426	47428426	harbor1	chr7	47232663	47233087	LTR/ERVL-MaLR	1646	+	212	47232875	4449
chr7	47228426	47428426	harbor1	chr7	47240726	47241089	LTR/ERVL-MaLR	1619	+	182	47240908	12482
chr7	47228426	47428426	harbor1	chr7	47252669	47253031	LTR/ERVL-MaLR	2167	+	181	47252850	24424
chr7	47228426	47428426	harbor1	chr7	47285285	47285649	LTR/ERVL-MaLR	2792	+	182	47285467	57041
chr7	123649335	123849335	harbor1	chr7	123709272	123709428	LTR/ERVL-MaLR	728	+	78	123709350	60015
chr7	123649230	123849230	harbor1	chr7	123709272	123709428	LTR/ERVL-MaLR	728	+	78	123709350	60120
chr7	47568386	47768386	harbor1	chr7	47602332	47602745	LTR/ERVL-MaLR	2018	+	206	47602538	34152
chr7	47568386	47768386	harbor1	chr7	47606888	47606993	LTR/ERVL-MaLR	1714	+	52	47606940	38554
chr7	47568386	47768386	harbor1	chr7	47607300	47607544	LTR/ERVL-MaLR	1714	+	122	47607422	39036
chr7	47568386	47768386	harbor1	chr7	47607850	47607882	LTR/ERVL-MaLR	1714	+	16	47607866	39480
chr7	47568386	47768386	harbor1	chr7	47618123	47618232	LTR/ERVL-MaLR	1671	+	54	47618177	49791
chr7	47568386	47768386	harbor1	chr7	47618544	47618807	LTR/ERVL-MaLR	1671	+	132	47618676	50290
chr7	47568386	47768386	harbor1	chr7	47619711	47620069	LTR/ERVL-MaLR	2133	+	179	47619890	51504
chr7	47568386	47768386	harbor1	chr7	47627228	47627519	LTR/ERVL-MaLR	1587	+	146	47627374	58988
chr7	47568386	47768386	harbor1	chr7	47627956	47628172	LTR/ERVL-MaLR	1587	+	108	47628064	59678
chr7	47568386	47768386	harbor1	chr7	47652976	47653348	LTR/ERVL-MaLR	1916	+	186	47653162	84776
chr7	47568386	47768386	harbor1	chr7	47656532	47656755	LTR/ERVL-MaLR	1096	+	112	47656644	88258
chr7	47227923	47427923	harbor1	chr7	47232663	47233087	LTR/ERVL-MaLR	1646	+	212	47232875	4952
chr7	47227923	47427923	harbor1	chr7	47240726	47241089	LTR/ERVL-MaLR	1619	+	182	47240908	12985
chr7	47227923	47427923	harbor1	chr7	47252669	47253031	LTR/ERVL-MaLR	2167	+	181	47252850	24927
chr7	47227923	47427923	harbor1	chr7	47285285	47285649	LTR/ERVL-MaLR	2792	+	182	47285467	57544
chr7	1795705	1995705	harbor1	chr7	1804877	1805243	LTR/ERVL-MaLR	891	+	183	1805060	9355
chr7	1795705	1995705	harbor1	chr7	1864626	1865004	LTR/ERVL-MaLR	1120	+	189	1864815	69110
chr7	1795705	1995705	harbor1	chr7	1875769	1876102	LTR/ERVL-MaLR	830	+	166	1875935	80230
chr7	1795705	1995705	harbor1	chr7	1890217	1890614	LTR/ERVL-MaLR	1398	+	198	1890415	94710
chr7	123481083	123681083	harbor1	chr7	123486951	123487327	LTR/ERVL-MaLR	2006	+	188	123487139	6056
chr7	123481083	123681083	harbor1	chr7	123491965	123492233	LTR/ERVL-MaLR	1541	+	134	123492099	11016
chr7	123481083	123681083	harbor1	chr7	123500928	123501318	LTR/ERVL-MaLR	539	+	195	123501123	20040
chr7	123481083	123681083	harbor1	chr7	123507910	123508412	LTR/ERVL-MaLR	1916	+	251	123508161	27078
chr7	123481083	123681083	harbor1	chr7	123546809	123547286	LTR/ERVL-MaLR	1635	+	238	123547047	65964
chr7	123481083	123681083	harbor1	chr7	123565534	123565596	LTR/ERVL-MaLR	450	+	31	123565565	84482
chr7	123481083	123681083	harbor1	chr7	123566042	123566434	LTR/ERVL-MaLR	2290	+	196	123566238	85155
chr7	155196997	155396997	harbor1	chr7	155232157	155232626	LTR/ERVL-MaLR	1372	+	234	155232391	35394
chr7	155196997	155396997	harbor1	chr7	155235422	155235899	LTR/ERVL-MaLR	1009	+	238	155235660	38663
chr7	155196997	155396997	harbor1	chr7	155250695	155251117	LTR/ERVL-MaLR	1285	+	211	155250906	53909
chr7	155196997	155396997	harbor1	chr7	155256169	155256523	LTR/ERVL-MaLR	1249	+	177	155256346	59349
chr7	155196997	155396997	harbor1	chr7	155260796	155261003	LTR/ERVL-MaLR	713	+	104	155260900	63903
chr7	155196997	155396997	harbor1	chr7	155261003	155261213	LTR/ERVL-MaLR	725	+	105	155261108	64111
chr7	155196997	155396997	harbor1	chr7	155261558	155262139	LTR/ERVL-MaLR	428	+	290	155261848	64851
chr7	155196997	155396997	harbor1	chr7	155268623	155268964	LTR/ERVL-MaLR	2202	+	170	155268793	71796
chr7	155196997	155396997	harbor1	chr7	155289535	155289668	LTR/ERVL-MaLR	569	+	66	155289601	92604
chr7	155196997	155396997	harbor1	chr7	155290020	155290086	LTR/ERVL-MaLR	569	+	33	155290053	93056
chr7	155196997	155396997	harbor1	chr7	155290099	155290305	LTR/ERVL-MaLR	761	+	103	155290202	93205
chr7	884593	1084593	harbor1	chr7	922932	923220	LTR/ERVL-MaLR	639	+	144	923076	38483
chr7	884593	1084593	harbor1	chr7	963691	963899	LTR/ERVL-MaLR	456	+	104	963795	79202
chr7	32628791	32828791	harbor1	chr7	32637732	32638018	LTR/ERVL-MaLR	499	+	143	32637875	9084
chr7	32628791	32828791	harbor1	chr7	32676211	32676764	LTR/ERVL-MaLR	1692	+	276	32676487	47696
chr7	32628791	32828791	harbor1	chr7	32680118	32680554	LTR/ERVL-MaLR	1367	+	218	32680336	51545
chr7	32628791	32828791	harbor1	chr7	32682010	32682387	LTR/ERVL-MaLR	2068	+	188	32682198	53407
chr7	32628791	32828791	harbor1	chr7	32682388	32682678	LTR/ERVL-MaLR	1944	+	145	32682533	53742
chr7	32628791	32828791	harbor1	chr7	32688764	32689116	LTR/ERVL-MaLR	1859	+	176	32688940	60149
chr7	32628791	32828791	harbor1	chr7	32689412	32689452	LTR/ERVL-MaLR	1859	+	20	32689432	60641
chr7	32628791	32828791	harbor1	chr7	32689908	32690019	LTR/ERVL-MaLR	569	+	56	32689964	61173
chr7	32628791	32828791	harbor1	chr7	32692772	32693146	LTR/ERVL-MaLR	2455	+	187	32692959	64168
chr7	6059184	6259184	harbor1	chr7	6063122	6063273	LTR/ERVL-MaLR	1869	+	76	6063198	4014
chr7	6059184	6259184	harbor1	chr7	6063865	6064090	LTR/ERVL-MaLR	1869	+	112	6063977	4793
chr7	6059184	6259184	harbor1	chr7	6064391	6064430	LTR/ERVL-MaLR	1869	+	20	6064411	5227
chr7	6059184	6259184	harbor1	chr7	6077286	6077578	LTR/ERVL-MaLR	433	+	146	6077432	18248
chr7	141411783	141611783	harbor1	chr7	141490215	141490636	LTR/ERVL-MaLR	2331	+	210	141490425	78642
chr7	30975839	31175839	harbor1	chr7	31000807	31001176	LTR/ERVL-MaLR	1914	+	184	31000991	25152
chr7	30975839	31175839	harbor1	chr7	31002426	31002590	LTR/ERVL-MaLR	506	+	82	31002508	26669
chr7	30975839	31175839	harbor1	chr7	31003183	31003315	LTR/ERVL-MaLR	632	+	66	31003249	27410
chr7	30975839	31175839	harbor1	chr7	31032227	31032645	LTR/ERVL-MaLR	2745	+	209	31032436	56597
chr7	30975839	31175839	harbor1	chr7	31045353	31045600	LTR/ERVL-MaLR	2360	+	124	31045477	69638
chr7	30975839	31175839	harbor1	chr7	31046247	31046573	LTR/ERVL-MaLR	2360	+	163	31046410	70571
chr7	30975839	31175839	harbor1	chr7	31072681	31073169	LTR/ERVL-MaLR	2385	+	244	31072925	97086
chr7	30579971	30779971	harbor1	chr7	30677501	30677787	LTR/ERVL-MaLR	729	+	143	30677644	97673
chr7	30579971	30779971	harbor1	chr7	30678033	30678226	LTR/ERVL-MaLR	729	+	96	30678129	98158
chr7	189947	389947	harbor1	chr7	261717	261893	LTR/ERVL-MaLR	457	+	88	261805	71858
chr7	127133798	127333798	harbor1	chr7	127163940	127164363	LTR/ERVL-MaLR	2974	+	212	127164152	30354
chr7	127133798	127333798	harbor1	chr7	127211590	127211900	LTR/ERVL-MaLR	971	+	155	127211745	77947
chr7	127133798	127333798	harbor1	chr7	127230533	127230884	LTR/ERVL-MaLR	1278	+	176	127230709	96911
chr7	43919232	44119232	harbor1	chr7	43960682	43960812	LTR/ERVL-MaLR	549	+	65	43960747	41515
chr7	627133	827133	harbor1	chr7	643878	644071	LTR/ERVL-MaLR	665	+	96	643974	16841
chr7	627133	827133	harbor1	chr7	679709	679876	LTR/ERVL-MaLR	751	+	84	679793	52660
chr7	627133	827133	harbor1	chr7	680943	681311	LTR/ERVL-MaLR	1959	+	184	681127	53994
chr7	627133	827133	harbor1	chr7	707588	707879	LTR/ERVL-MaLR	1068	+	146	707734	80601
chr7	627133	827133	harbor1	chr7	708240	708350	LTR/ERVL-MaLR	546	+	55	708295	81162
chr7	627133	827133	harbor1	chr7	717794	718215	LTR/ERVL-MaLR	1155	+	210	718004	90871
chr7	627133	827133	harbor1	chr7	724236	724610	LTR/ERVL-MaLR	2648	+	187	724423	97290
chr7	1312948	1512948	harbor1	chr7	1317949	1318075	LTR/ERVL-MaLR	454	+	63	1318012	5064
chr7	1312948	1512948	harbor1	chr7	1339721	1339891	LTR/ERVL-MaLR	420	+	85	1339806	26858
chr7	1312948	1512948	harbor1	chr7	1342917	1343226	LTR/ERVL-MaLR	1926	+	154	1343071	30123
chr7	1312948	1512948	harbor1	chr7	1343533	1343603	LTR/ERVL-MaLR	1926	+	35	1343568	30620
chr7	1312948	1512948	harbor1	chr7	1371441	1371600	LTR/ERVL-MaLR	616	+	80	1371521	58573
chr7	1312948	1512948	harbor1	chr7	1371928	1372142	LTR/ERVL-MaLR	616	+	107	1372035	59087
chr7	1312948	1512948	harbor1	chr7	1392193	1392613	LTR/ERVL-MaLR	2457	+	210	1392403	79455
chr7	1312948	1512948	harbor1	chr7	1402066	1402538	LTR/ERVL-MaLR	1051	+	236	1402302	89354
chr7	140378858	140578858	harbor1	chr7	140469372	140469630	LTR/ERVL-MaLR	1974	+	129	140469501	90643
chr7	140378858	140578858	harbor1	chr7	140470233	140470302	LTR/ERVL-MaLR	1974	+	34	140470267	91409
chr7	140378858	140578858	harbor1	chr7	140470606	140470633	LTR/ERVL-MaLR	1974	+	14	140470620	91762
chr7	140378858	140578858	harbor1	chr7	140470934	140471099	LTR/ERVL-MaLR	1974	+	82	140471016	92158
chr7	44436448	44636448	harbor1	chr7	44447360	44447734	LTR/ERVL-MaLR	1709	+	187	44447547	11099
chr7	44436448	44636448	harbor1	chr7	44476304	44476657	LTR/ERVL-MaLR	1932	+	176	44476480	40032
chr7	44436448	44636448	harbor1	chr7	44481742	44482077	LTR/ERVL-MaLR	1640	+	168	44481910	45462
chr7	44436448	44636448	harbor1	chr7	44493496	44493882	LTR/ERVL-MaLR	1393	+	193	44493689	57241
chr7	44436448	44636448	harbor1	chr7	44505686	44506063	LTR/ERVL-MaLR	2564	+	188	44505874	69426
chr7	122786849	122986849	harbor1	chr7	122792200	122792572	LTR/ERVL-MaLR	1899	+	186	122792386	5537
chr7	122786849	122986849	harbor1	chr7	122864952	122865361	LTR/ERVL-MaLR	1981	+	204	122865156	78307
chr7	90112306	90312306	harbor1	chr7	90156282	90156435	LTR/ERVL-MaLR	771	+	76	90156358	44052
chr7	90112306	90312306	harbor1	chr7	90156777	90156969	LTR/ERVL-MaLR	1024	+	96	90156873	44567
chr7	90112306	90312306	harbor1	chr7	90173636	90173816	LTR/ERVL-MaLR	1457	+	90	90173726	61420
chr7	90112306	90312306	harbor1	chr7	90174121	90174209	LTR/ERVL-MaLR	1457	+	44	90174165	61859
chr7	90112306	90312306	harbor1	chr7	90174484	90174674	LTR/ERVL-MaLR	1457	+	95	90174579	62273
chr7	90112306	90312306	harbor1	chr7	90181544	90181650	LTR/ERVL-MaLR	700	+	53	90181597	69291
chr7	90112306	90312306	harbor1	chr7	90181628	90181780	LTR/ERVL-MaLR	831	+	76	90181704	69398
chr7	90112306	90312306	harbor1	chr7	90205740	90206105	LTR/ERVL-MaLR	1948	+	182	90205922	93616
chr7	1801912	2001912	harbor1	chr7	1804877	1805243	LTR/ERVL-MaLR	891	+	183	1805060	3148
chr7	1801912	2001912	harbor1	chr7	1864626	1865004	LTR/ERVL-MaLR	1120	+	189	1864815	62903
chr7	1801912	2001912	harbor1	chr7	1875769	1876102	LTR/ERVL-MaLR	830	+	166	1875935	74023
chr7	1801912	2001912	harbor1	chr7	1890217	1890614	LTR/ERVL-MaLR	1398	+	198	1890415	88503
chr7	123648388	123848388	harbor1	chr7	123709272	123709428	LTR/ERVL-MaLR	728	+	78	123709350	60962
chr7	1799784	1999784	harbor1	chr7	1804877	1805243	LTR/ERVL-MaLR	891	+	183	1805060	5276
chr7	1799784	1999784	harbor1	chr7	1864626	1865004	LTR/ERVL-MaLR	1120	+	189	1864815	65031
chr7	1799784	1999784	harbor1	chr7	1875769	1876102	LTR/ERVL-MaLR	830	+	166	1875935	76151
chr7	1799784	1999784	harbor1	chr7	1890217	1890614	LTR/ERVL-MaLR	1398	+	198	1890415	90631
chr7	1374442	1574442	harbor1	chr7	1392193	1392613	LTR/ERVL-MaLR	2457	+	210	1392403	17961
chr7	1374442	1574442	harbor1	chr7	1402066	1402538	LTR/ERVL-MaLR	1051	+	236	1402302	27860
chr7	1374442	1574442	harbor1	chr7	1443467	1443867	LTR/ERVL-MaLR	822	+	200	1443667	69225
chr7	1374442	1574442	harbor1	chr7	1453147	1453553	LTR/ERVL-MaLR	783	+	203	1453350	78908
chr7	123649270	123849270	harbor1	chr7	123709272	123709428	LTR/ERVL-MaLR	728	+	78	123709350	60080
chr7	1312758	1512758	harbor1	chr7	1317949	1318075	LTR/ERVL-MaLR	454	+	63	1318012	5254
chr7	1312758	1512758	harbor1	chr7	1339721	1339891	LTR/ERVL-MaLR	420	+	85	1339806	27048
chr7	1312758	1512758	harbor1	chr7	1342917	1343226	LTR/ERVL-MaLR	1926	+	154	1343071	30313
chr7	1312758	1512758	harbor1	chr7	1343533	1343603	LTR/ERVL-MaLR	1926	+	35	1343568	30810
chr7	1312758	1512758	harbor1	chr7	1371441	1371600	LTR/ERVL-MaLR	616	+	80	1371521	58763
chr7	1312758	1512758	harbor1	chr7	1371928	1372142	LTR/ERVL-MaLR	616	+	107	1372035	59277
chr7	1312758	1512758	harbor1	chr7	1392193	1392613	LTR/ERVL-MaLR	2457	+	210	1392403	79645
chr7	1312758	1512758	harbor1	chr7	1402066	1402538	LTR/ERVL-MaLR	1051	+	236	1402302	89544
chr7	1801263	2001263	harbor1	chr7	1804877	1805243	LTR/ERVL-MaLR	891	+	183	1805060	3797
chr7	1801263	2001263	harbor1	chr7	1864626	1865004	LTR/ERVL-MaLR	1120	+	189	1864815	63552
chr7	1801263	2001263	harbor1	chr7	1875769	1876102	LTR/ERVL-MaLR	830	+	166	1875935	74672
chr7	1801263	2001263	harbor1	chr7	1890217	1890614	LTR/ERVL-MaLR	1398	+	198	1890415	89152
chr7	47228349	47428349	harbor1	chr7	47232663	47233087	LTR/ERVL-MaLR	1646	+	212	47232875	4526
chr7	47228349	47428349	harbor1	chr7	47240726	47241089	LTR/ERVL-MaLR	1619	+	182	47240908	12559
chr7	47228349	47428349	harbor1	chr7	47252669	47253031	LTR/ERVL-MaLR	2167	+	181	47252850	24501
chr7	47228349	47428349	harbor1	chr7	47285285	47285649	LTR/ERVL-MaLR	2792	+	182	47285467	57118
chr7	123457458	123657458	harbor1	chr7	123486951	123487327	LTR/ERVL-MaLR	2006	+	188	123487139	29681
chr7	123457458	123657458	harbor1	chr7	123491965	123492233	LTR/ERVL-MaLR	1541	+	134	123492099	34641
chr7	123457458	123657458	harbor1	chr7	123500928	123501318	LTR/ERVL-MaLR	539	+	195	123501123	43665
chr7	123457458	123657458	harbor1	chr7	123507910	123508412	LTR/ERVL-MaLR	1916	+	251	123508161	50703
chr7	123457458	123657458	harbor1	chr7	123546809	123547286	LTR/ERVL-MaLR	1635	+	238	123547047	89589
chr7	123649311	123849311	harbor1	chr7	123709272	123709428	LTR/ERVL-MaLR	728	+	78	123709350	60039
chr7	1801911	2001911	harbor1	chr7	1804877	1805243	LTR/ERVL-MaLR	891	+	183	1805060	3149
chr7	1801911	2001911	harbor1	chr7	1864626	1865004	LTR/ERVL-MaLR	1120	+	189	1864815	62904
chr7	1801911	2001911	harbor1	chr7	1875769	1876102	LTR/ERVL-MaLR	830	+	166	1875935	74024
chr7	1801911	2001911	harbor1	chr7	1890217	1890614	LTR/ERVL-MaLR	1398	+	198	1890415	88504
chr7	47306156	47506156	harbor1	chr7	47394184	47394536	LTR/ERVL-MaLR	1401	+	176	47394360	88204
chr7	1801805	2001805	harbor1	chr7	1804877	1805243	LTR/ERVL-MaLR	891	+	183	1805060	3255
chr7	1801805	2001805	harbor1	chr7	1864626	1865004	LTR/ERVL-MaLR	1120	+	189	1864815	63010
chr7	1801805	2001805	harbor1	chr7	1875769	1876102	LTR/ERVL-MaLR	830	+	166	1875935	74130
chr7	1801805	2001805	harbor1	chr7	1890217	1890614	LTR/ERVL-MaLR	1398	+	198	1890415	88610
chr8	142524965	142724965	harbor1	chr8	142567776	142567888	LTR/ERVL-MaLR	1180	+	56	142567832	42867
chr8	142524965	142724965	harbor1	chr8	142568187	142568441	LTR/ERVL-MaLR	1180	+	127	142568314	43349
chr8	142524965	142724965	harbor1	chr8	142588525	142588934	LTR/ERVL-MaLR	2166	+	204	142588729	63764
chr8	38169171	38369171	harbor1	chr8	38171294	38171432	LTR/ERVL-MaLR	454	+	69	38171363	2192
chr8	38169171	38369171	harbor1	chr8	38225020	38225390	LTR/ERVL-MaLR	2642	+	185	38225205	56034
chr8	23428482	23628482	harbor1	chr8	23448361	23448695	LTR/ERVL-MaLR	1614	+	167	23448528	20046
chr8	23428482	23628482	harbor1	chr8	23461908	23462142	LTR/ERVL-MaLR	611	+	117	23462025	33543
chr8	23428482	23628482	harbor1	chr8	23462477	23462877	LTR/ERVL-MaLR	1336	+	200	23462677	34195
chr8	23428482	23628482	harbor1	chr8	23475128	23475389	LTR/ERVL-MaLR	724	+	130	23475258	46776
chr8	23428482	23628482	harbor1	chr8	23490403	23490868	LTR/ERVL-MaLR	1585	+	232	23490635	62153
chr8	23428482	23628482	harbor1	chr8	23522310	23522666	LTR/ERVL-MaLR	1273	+	178	23522488	94006
chr8	23428482	23628482	harbor1	chr8	23510714	23511079	LTR/ERVL-MaLR	2218	+	182	23510896	82414
chr8	38169174	38369174	harbor1	chr8	38171294	38171432	LTR/ERVL-MaLR	454	+	69	38171363	2189
chr8	38169174	38369174	harbor1	chr8	38225020	38225390	LTR/ERVL-MaLR	2642	+	185	38225205	56031
chr8	18018925	18218925	harbor1	chr8	18090235	18090488	LTR/ERVL-MaLR	551	+	126	18090361	71436
chr8	18018925	18218925	harbor1	chr8	18094433	18094573	LTR/ERVL-MaLR	852	+	70	18094503	75578
chr8	18018925	18218925	harbor1	chr8	18094892	18094902	LTR/ERVL-MaLR	852	+	5	18094897	75972
chr8	18018925	18218925	harbor1	chr8	18095198	18095458	LTR/ERVL-MaLR	864	+	130	18095328	76403
chr8	18018925	18218925	harbor1	chr8	18102498	18102894	LTR/ERVL-MaLR	2192	+	198	18102696	83771
chr8	18018925	18218925	harbor1	chr8	18104542	18104943	LTR/ERVL-MaLR	2377	+	200	18104742	85817
chr8	18018925	18218925	harbor1	chr8	18109298	18109792	LTR/ERVL-MaLR	4023	+	247	18109545	90620
chr8	18018925	18218925	harbor1	chr8	18102896	18104540	LTR/ERVL-MaLR	9885	+	822	18103718	84793
chr8	23381169	23581169	harbor1	chr8	23399318	23399738	LTR/ERVL-MaLR	2516	+	210	23399528	18359
chr8	23381169	23581169	harbor1	chr8	23416643	23416988	LTR/ERVL-MaLR	1248	+	172	23416815	35646
chr8	23381169	23581169	harbor1	chr8	23419033	23419377	LTR/ERVL-MaLR	1113	+	172	23419205	38036
chr8	23381169	23581169	harbor1	chr8	23423662	23424033	LTR/ERVL-MaLR	2228	+	186	23423848	42679
chr8	23381169	23581169	harbor1	chr8	23448361	23448695	LTR/ERVL-MaLR	1614	+	167	23448528	67359
chr8	23381169	23581169	harbor1	chr8	23461908	23462142	LTR/ERVL-MaLR	611	+	117	23462025	80856
chr8	23381169	23581169	harbor1	chr8	23462477	23462877	LTR/ERVL-MaLR	1336	+	200	23462677	81508
chr8	23381169	23581169	harbor1	chr8	23475128	23475389	LTR/ERVL-MaLR	724	+	130	23475258	94089
chr8	23381133	23581133	harbor1	chr8	23399318	23399738	LTR/ERVL-MaLR	2516	+	210	23399528	18395
chr8	23381133	23581133	harbor1	chr8	23416643	23416988	LTR/ERVL-MaLR	1248	+	172	23416815	35682
chr8	23381133	23581133	harbor1	chr8	23419033	23419377	LTR/ERVL-MaLR	1113	+	172	23419205	38072
chr8	23381133	23581133	harbor1	chr8	23423662	23424033	LTR/ERVL-MaLR	2228	+	186	23423848	42715
chr8	23381133	23581133	harbor1	chr8	23448361	23448695	LTR/ERVL-MaLR	1614	+	167	23448528	67395
chr8	23381133	23581133	harbor1	chr8	23461908	23462142	LTR/ERVL-MaLR	611	+	117	23462025	80892
chr8	23381133	23581133	harbor1	chr8	23462477	23462877	LTR/ERVL-MaLR	1336	+	200	23462677	81544
chr8	23381133	23581133	harbor1	chr8	23475128	23475389	LTR/ERVL-MaLR	724	+	130	23475258	94125
chr8	23379942	23579942	harbor1	chr8	23399318	23399738	LTR/ERVL-MaLR	2516	+	210	23399528	19586
chr8	23379942	23579942	harbor1	chr8	23416643	23416988	LTR/ERVL-MaLR	1248	+	172	23416815	36873
chr8	23379942	23579942	harbor1	chr8	23419033	23419377	LTR/ERVL-MaLR	1113	+	172	23419205	39263
chr8	23379942	23579942	harbor1	chr8	23423662	23424033	LTR/ERVL-MaLR	2228	+	186	23423848	43906
chr8	23379942	23579942	harbor1	chr8	23448361	23448695	LTR/ERVL-MaLR	1614	+	167	23448528	68586
chr8	23379942	23579942	harbor1	chr8	23461908	23462142	LTR/ERVL-MaLR	611	+	117	23462025	82083
chr8	23379942	23579942	harbor1	chr8	23462477	23462877	LTR/ERVL-MaLR	1336	+	200	23462677	82735
chr8	23379942	23579942	harbor1	chr8	23475128	23475389	LTR/ERVL-MaLR	724	+	130	23475258	95316
chr8	23382754	23582754	harbor1	chr8	23399318	23399738	LTR/ERVL-MaLR	2516	+	210	23399528	16774
chr8	23382754	23582754	harbor1	chr8	23416643	23416988	LTR/ERVL-MaLR	1248	+	172	23416815	34061
chr8	23382754	23582754	harbor1	chr8	23419033	23419377	LTR/ERVL-MaLR	1113	+	172	23419205	36451
chr8	23382754	23582754	harbor1	chr8	23423662	23424033	LTR/ERVL-MaLR	2228	+	186	23423848	41094
chr8	23382754	23582754	harbor1	chr8	23448361	23448695	LTR/ERVL-MaLR	1614	+	167	23448528	65774
chr8	23382754	23582754	harbor1	chr8	23461908	23462142	LTR/ERVL-MaLR	611	+	117	23462025	79271
chr8	23382754	23582754	harbor1	chr8	23462477	23462877	LTR/ERVL-MaLR	1336	+	200	23462677	79923
chr8	23382754	23582754	harbor1	chr8	23475128	23475389	LTR/ERVL-MaLR	724	+	130	23475258	92504
chr8	1646122	1846122	harbor1	chr8	1739659	1739884	LTR/ERVL-MaLR	1075	+	112	1739771	93649
chr8	1646122	1846122	harbor1	chr8	1740184	1740335	LTR/ERVL-MaLR	1075	+	76	1740260	94138
chr8	23428976	23628976	harbor1	chr8	23448361	23448695	LTR/ERVL-MaLR	1614	+	167	23448528	19552
chr8	23428976	23628976	harbor1	chr8	23461908	23462142	LTR/ERVL-MaLR	611	+	117	23462025	33049
chr8	23428976	23628976	harbor1	chr8	23462477	23462877	LTR/ERVL-MaLR	1336	+	200	23462677	33701
chr8	23428976	23628976	harbor1	chr8	23475128	23475389	LTR/ERVL-MaLR	724	+	130	23475258	46282
chr8	23428976	23628976	harbor1	chr8	23490403	23490868	LTR/ERVL-MaLR	1585	+	232	23490635	61659
chr8	23428976	23628976	harbor1	chr8	23522310	23522666	LTR/ERVL-MaLR	1273	+	178	23522488	93512
chr8	23428976	23628976	harbor1	chr8	23510714	23511079	LTR/ERVL-MaLR	2218	+	182	23510896	81920
chr8	85145898	85345898	harbor1	chr8	85161007	85161391	LTR/ERVL-MaLR	1666	+	192	85161199	15301
chr8	85145898	85345898	harbor1	chr8	85175097	85175445	LTR/ERVL-MaLR	992	+	174	85175271	29373
chr8	85145898	85345898	harbor1	chr8	85183777	85184056	LTR/ERVL-MaLR	1190	+	140	85183917	38019
chr8	85145898	85345898	harbor1	chr8	85190363	85190491	LTR/ERVL-MaLR	1584	+	64	85190427	44529
chr8	85145898	85345898	harbor1	chr8	85190804	85191110	LTR/ERVL-MaLR	1584	+	153	85190957	45059
chr8	85145898	85345898	harbor1	chr8	85191564	85191636	LTR/ERVL-MaLR	1584	+	36	85191600	45702
chr8	85145898	85345898	harbor1	chr8	85222733	85223071	LTR/ERVL-MaLR	726	+	169	85222902	77004
chr8	23428919	23628919	harbor1	chr8	23448361	23448695	LTR/ERVL-MaLR	1614	+	167	23448528	19609
chr8	23428919	23628919	harbor1	chr8	23461908	23462142	LTR/ERVL-MaLR	611	+	117	23462025	33106
chr8	23428919	23628919	harbor1	chr8	23462477	23462877	LTR/ERVL-MaLR	1336	+	200	23462677	33758
chr8	23428919	23628919	harbor1	chr8	23475128	23475389	LTR/ERVL-MaLR	724	+	130	23475258	46339
chr8	23428919	23628919	harbor1	chr8	23490403	23490868	LTR/ERVL-MaLR	1585	+	232	23490635	61716
chr8	23428919	23628919	harbor1	chr8	23522310	23522666	LTR/ERVL-MaLR	1273	+	178	23522488	93569
chr8	23428919	23628919	harbor1	chr8	23510714	23511079	LTR/ERVL-MaLR	2218	+	182	23510896	81977
chr8	599970	799970	harbor1	chr8	648168	648316	LTR/ERVL-MaLR	478	+	74	648242	48272
chr8	599970	799970	harbor1	chr8	660258	660659	LTR/ERVL-MaLR	516	+	200	660458	60488
chr8	599970	799970	harbor1	chr8	622252	622613	LTR/ERVL-MaLR	1767	+	180	622432	22462
chr8	100620899	100820899	harbor1	chr8	100653352	100653736	LTR/ERVL-MaLR	1311	+	192	100653544	32645
chr8	100620899	100820899	harbor1	chr8	100655339	100655685	LTR/ERVL-MaLR	2235	+	173	100655512	34613
chr8	100620899	100820899	harbor1	chr8	100683912	100683978	LTR/ERVL-MaLR	749	+	33	100683945	63046
chr8	100620899	100820899	harbor1	chr8	100684298	100684510	LTR/ERVL-MaLR	749	+	106	100684404	63505
chr8	23428922	23628922	harbor1	chr8	23448361	23448695	LTR/ERVL-MaLR	1614	+	167	23448528	19606
chr8	23428922	23628922	harbor1	chr8	23461908	23462142	LTR/ERVL-MaLR	611	+	117	23462025	33103
chr8	23428922	23628922	harbor1	chr8	23462477	23462877	LTR/ERVL-MaLR	1336	+	200	23462677	33755
chr8	23428922	23628922	harbor1	chr8	23475128	23475389	LTR/ERVL-MaLR	724	+	130	23475258	46336
chr8	23428922	23628922	harbor1	chr8	23490403	23490868	LTR/ERVL-MaLR	1585	+	232	23490635	61713
chr8	23428922	23628922	harbor1	chr8	23522310	23522666	LTR/ERVL-MaLR	1273	+	178	23522488	93566
chr8	23428922	23628922	harbor1	chr8	23510714	23511079	LTR/ERVL-MaLR	2218	+	182	23510896	81974
chr8	38169283	38369283	harbor1	chr8	38171294	38171432	LTR/ERVL-MaLR	454	+	69	38171363	2080
chr8	38169283	38369283	harbor1	chr8	38225020	38225390	LTR/ERVL-MaLR	2642	+	185	38225205	55922
chr8	23374002	23574002	harbor1	chr8	23399318	23399738	LTR/ERVL-MaLR	2516	+	210	23399528	25526
chr8	23374002	23574002	harbor1	chr8	23416643	23416988	LTR/ERVL-MaLR	1248	+	172	23416815	42813
chr8	23374002	23574002	harbor1	chr8	23419033	23419377	LTR/ERVL-MaLR	1113	+	172	23419205	45203
chr8	23374002	23574002	harbor1	chr8	23423662	23424033	LTR/ERVL-MaLR	2228	+	186	23423848	49846
chr8	23374002	23574002	harbor1	chr8	23448361	23448695	LTR/ERVL-MaLR	1614	+	167	23448528	74526
chr8	23374002	23574002	harbor1	chr8	23461908	23462142	LTR/ERVL-MaLR	611	+	117	23462025	88023
chr8	23374002	23574002	harbor1	chr8	23462477	23462877	LTR/ERVL-MaLR	1336	+	200	23462677	88675
chr8	23379952	23579952	harbor1	chr8	23399318	23399738	LTR/ERVL-MaLR	2516	+	210	23399528	19576
chr8	23379952	23579952	harbor1	chr8	23416643	23416988	LTR/ERVL-MaLR	1248	+	172	23416815	36863
chr8	23379952	23579952	harbor1	chr8	23419033	23419377	LTR/ERVL-MaLR	1113	+	172	23419205	39253
chr8	23379952	23579952	harbor1	chr8	23423662	23424033	LTR/ERVL-MaLR	2228	+	186	23423848	43896
chr8	23379952	23579952	harbor1	chr8	23448361	23448695	LTR/ERVL-MaLR	1614	+	167	23448528	68576
chr8	23379952	23579952	harbor1	chr8	23461908	23462142	LTR/ERVL-MaLR	611	+	117	23462025	82073
chr8	23379952	23579952	harbor1	chr8	23462477	23462877	LTR/ERVL-MaLR	1336	+	200	23462677	82725
chr8	23379952	23579952	harbor1	chr8	23475128	23475389	LTR/ERVL-MaLR	724	+	130	23475258	95306
chr8	90545266	90745266	harbor1	chr8	90549062	90549431	LTR/ERVL-MaLR	1770	+	184	90549246	3980
chr8	90545266	90745266	harbor1	chr8	90552948	90553083	LTR/ERVL-MaLR	741	+	68	90553016	7750
chr8	90545266	90745266	harbor1	chr8	90553096	90553221	LTR/ERVL-MaLR	674	+	62	90553158	7892
chr8	90545266	90745266	harbor1	chr8	90607360	90607722	LTR/ERVL-MaLR	1374	+	181	90607541	62275
chr8	90545266	90745266	harbor1	chr8	90615368	90615718	LTR/ERVL-MaLR	2458	+	175	90615543	70277
chr8	90545266	90745266	harbor1	chr8	90615721	90617317	LTR/ERVL-MaLR	10501	+	798	90616519	71253
chr8	90545266	90745266	harbor1	chr8	90617320	90617668	LTR/ERVL-MaLR	2484	+	174	90617494	72228
chr8	90545266	90745266	harbor1	chr8	90633024	90633532	LTR/ERVL-MaLR	2063	+	254	90633278	88012
chr8	38168881	38368881	harbor1	chr8	38171294	38171432	LTR/ERVL-MaLR	454	+	69	38171363	2482
chr8	38168881	38368881	harbor1	chr8	38225020	38225390	LTR/ERVL-MaLR	2642	+	185	38225205	56324
chr8	143715221	143915221	harbor1	chr8	143763418	143763824	LTR/ERVL-MaLR	2274	+	203	143763621	48400
chr8	143715221	143915221	harbor1	chr8	143784161	143784539	LTR/ERVL-MaLR	2376	+	189	143784350	69129
chr8	23428500	23628500	harbor1	chr8	23448361	23448695	LTR/ERVL-MaLR	1614	+	167	23448528	20028
chr8	23428500	23628500	harbor1	chr8	23461908	23462142	LTR/ERVL-MaLR	611	+	117	23462025	33525
chr8	23428500	23628500	harbor1	chr8	23462477	23462877	LTR/ERVL-MaLR	1336	+	200	23462677	34177
chr8	23428500	23628500	harbor1	chr8	23475128	23475389	LTR/ERVL-MaLR	724	+	130	23475258	46758
chr8	23428500	23628500	harbor1	chr8	23490403	23490868	LTR/ERVL-MaLR	1585	+	232	23490635	62135
chr8	23428500	23628500	harbor1	chr8	23522310	23522666	LTR/ERVL-MaLR	1273	+	178	23522488	93988
chr8	23428500	23628500	harbor1	chr8	23510714	23511079	LTR/ERVL-MaLR	2218	+	182	23510896	82396
chr8	23409692	23609692	harbor1	chr8	23416643	23416988	LTR/ERVL-MaLR	1248	+	172	23416815	7123
chr8	23409692	23609692	harbor1	chr8	23419033	23419377	LTR/ERVL-MaLR	1113	+	172	23419205	9513
chr8	23409692	23609692	harbor1	chr8	23423662	23424033	LTR/ERVL-MaLR	2228	+	186	23423848	14156
chr8	23409692	23609692	harbor1	chr8	23448361	23448695	LTR/ERVL-MaLR	1614	+	167	23448528	38836
chr8	23409692	23609692	harbor1	chr8	23461908	23462142	LTR/ERVL-MaLR	611	+	117	23462025	52333
chr8	23409692	23609692	harbor1	chr8	23462477	23462877	LTR/ERVL-MaLR	1336	+	200	23462677	52985
chr8	23409692	23609692	harbor1	chr8	23475128	23475389	LTR/ERVL-MaLR	724	+	130	23475258	65566
chr8	23409692	23609692	harbor1	chr8	23490403	23490868	LTR/ERVL-MaLR	1585	+	232	23490635	80943
chr8	42040638	42240638	harbor1	chr8	42089216	42089571	LTR/ERVL-MaLR	1790	+	178	42089394	48756
chr8	42040638	42240638	harbor1	chr8	42094099	42094543	LTR/ERVL-MaLR	1088	+	222	42094321	53683
chr8	42040638	42240638	harbor1	chr8	42094844	42094922	LTR/ERVL-MaLR	1088	+	39	42094883	54245
chr8	42040638	42240638	harbor1	chr8	42118645	42119136	LTR/ERVL-MaLR	699	+	246	42118891	78253
chr8	38169386	38369386	harbor1	chr8	38171294	38171432	LTR/ERVL-MaLR	454	+	69	38171363	1977
chr8	38169386	38369386	harbor1	chr8	38225020	38225390	LTR/ERVL-MaLR	2642	+	185	38225205	55819
chr8	23428873	23628873	harbor1	chr8	23448361	23448695	LTR/ERVL-MaLR	1614	+	167	23448528	19655
chr8	23428873	23628873	harbor1	chr8	23461908	23462142	LTR/ERVL-MaLR	611	+	117	23462025	33152
chr8	23428873	23628873	harbor1	chr8	23462477	23462877	LTR/ERVL-MaLR	1336	+	200	23462677	33804
chr8	23428873	23628873	harbor1	chr8	23475128	23475389	LTR/ERVL-MaLR	724	+	130	23475258	46385
chr8	23428873	23628873	harbor1	chr8	23490403	23490868	LTR/ERVL-MaLR	1585	+	232	23490635	61762
chr8	23428873	23628873	harbor1	chr8	23522310	23522666	LTR/ERVL-MaLR	1273	+	178	23522488	93615
chr8	23428873	23628873	harbor1	chr8	23510714	23511079	LTR/ERVL-MaLR	2218	+	182	23510896	82023
chr8	141207362	141407362	harbor1	chr8	141296871	141297066	LTR/ERVL-MaLR	756	+	98	141296969	89607
chr8	23407606	23607606	harbor1	chr8	23416643	23416988	LTR/ERVL-MaLR	1248	+	172	23416815	9209
chr8	23407606	23607606	harbor1	chr8	23419033	23419377	LTR/ERVL-MaLR	1113	+	172	23419205	11599
chr8	23407606	23607606	harbor1	chr8	23423662	23424033	LTR/ERVL-MaLR	2228	+	186	23423848	16242
chr8	23407606	23607606	harbor1	chr8	23448361	23448695	LTR/ERVL-MaLR	1614	+	167	23448528	40922
chr8	23407606	23607606	harbor1	chr8	23461908	23462142	LTR/ERVL-MaLR	611	+	117	23462025	54419
chr8	23407606	23607606	harbor1	chr8	23462477	23462877	LTR/ERVL-MaLR	1336	+	200	23462677	55071
chr8	23407606	23607606	harbor1	chr8	23475128	23475389	LTR/ERVL-MaLR	724	+	130	23475258	67652
chr8	23407606	23607606	harbor1	chr8	23490403	23490868	LTR/ERVL-MaLR	1585	+	232	23490635	83029
chr8	23428431	23628431	harbor1	chr8	23448361	23448695	LTR/ERVL-MaLR	1614	+	167	23448528	20097
chr8	23428431	23628431	harbor1	chr8	23461908	23462142	LTR/ERVL-MaLR	611	+	117	23462025	33594
chr8	23428431	23628431	harbor1	chr8	23462477	23462877	LTR/ERVL-MaLR	1336	+	200	23462677	34246
chr8	23428431	23628431	harbor1	chr8	23475128	23475389	LTR/ERVL-MaLR	724	+	130	23475258	46827
chr8	23428431	23628431	harbor1	chr8	23490403	23490868	LTR/ERVL-MaLR	1585	+	232	23490635	62204
chr8	23428431	23628431	harbor1	chr8	23522310	23522666	LTR/ERVL-MaLR	1273	+	178	23522488	94057
chr8	23428431	23628431	harbor1	chr8	23510714	23511079	LTR/ERVL-MaLR	2218	+	182	23510896	82465
chr8	129907115	130107115	harbor1	chr8	129962819	129963113	LTR/ERVL-MaLR	703	+	147	129962966	55851
chr8	129907115	130107115	harbor1	chr8	129963163	129963347	LTR/ERVL-MaLR	496	+	92	129963255	56140
chr8	129907115	130107115	harbor1	chr8	129986391	129986818	LTR/ERVL-MaLR	2921	+	214	129986605	79490
chr8	129907115	130107115	harbor1	chr8	129986900	129987320	LTR/ERVL-MaLR	749	+	210	129987110	79995
chr8	129907115	130107115	harbor1	chr8	129991289	129991667	LTR/ERVL-MaLR	2464	+	189	129991478	84363
chr8	129907115	130107115	harbor1	chr8	129994007	129994436	LTR/ERVL-MaLR	1644	+	214	129994221	87106
chr8	23398445	23598445	harbor1	chr8	23399318	23399738	LTR/ERVL-MaLR	2516	+	210	23399528	1083
chr8	23398445	23598445	harbor1	chr8	23416643	23416988	LTR/ERVL-MaLR	1248	+	172	23416815	18370
chr8	23398445	23598445	harbor1	chr8	23419033	23419377	LTR/ERVL-MaLR	1113	+	172	23419205	20760
chr8	23398445	23598445	harbor1	chr8	23423662	23424033	LTR/ERVL-MaLR	2228	+	186	23423848	25403
chr8	23398445	23598445	harbor1	chr8	23448361	23448695	LTR/ERVL-MaLR	1614	+	167	23448528	50083
chr8	23398445	23598445	harbor1	chr8	23461908	23462142	LTR/ERVL-MaLR	611	+	117	23462025	63580
chr8	23398445	23598445	harbor1	chr8	23462477	23462877	LTR/ERVL-MaLR	1336	+	200	23462677	64232
chr8	23398445	23598445	harbor1	chr8	23475128	23475389	LTR/ERVL-MaLR	724	+	130	23475258	76813
chr8	23398445	23598445	harbor1	chr8	23490403	23490868	LTR/ERVL-MaLR	1585	+	232	23490635	92190
chr8	23428857	23628857	harbor1	chr8	23448361	23448695	LTR/ERVL-MaLR	1614	+	167	23448528	19671
chr8	23428857	23628857	harbor1	chr8	23461908	23462142	LTR/ERVL-MaLR	611	+	117	23462025	33168
chr8	23428857	23628857	harbor1	chr8	23462477	23462877	LTR/ERVL-MaLR	1336	+	200	23462677	33820
chr8	23428857	23628857	harbor1	chr8	23475128	23475389	LTR/ERVL-MaLR	724	+	130	23475258	46401
chr8	23428857	23628857	harbor1	chr8	23490403	23490868	LTR/ERVL-MaLR	1585	+	232	23490635	61778
chr8	23428857	23628857	harbor1	chr8	23522310	23522666	LTR/ERVL-MaLR	1273	+	178	23522488	93631
chr8	23428857	23628857	harbor1	chr8	23510714	23511079	LTR/ERVL-MaLR	2218	+	182	23510896	82039
chr8	8665132	8865132	harbor1	chr8	8668478	8668645	LTR/ERVL-MaLR	566	+	84	8668562	3430
chr8	8665132	8865132	harbor1	chr8	8679510	8679950	LTR/ERVL-MaLR	1748	+	220	8679730	14598
chr8	8665132	8865132	harbor1	chr8	8689415	8689662	LTR/ERVL-MaLR	523	+	124	8689539	24407
chr8	8665132	8865132	harbor1	chr8	8720457	8720816	LTR/ERVL-MaLR	2745	+	180	8720637	55505
chr8	8665132	8865132	harbor1	chr8	8725495	8725661	LTR/ERVL-MaLR	1373	+	83	8725578	60446
chr8	8665132	8865132	harbor1	chr8	8725961	8726268	LTR/ERVL-MaLR	1373	+	154	8726115	60983
chr8	8665132	8865132	harbor1	chr8	8734440	8734773	LTR/ERVL-MaLR	1980	+	166	8734606	69474
chr8	23412840	23612840	harbor1	chr8	23416643	23416988	LTR/ERVL-MaLR	1248	+	172	23416815	3975
chr8	23412840	23612840	harbor1	chr8	23419033	23419377	LTR/ERVL-MaLR	1113	+	172	23419205	6365
chr8	23412840	23612840	harbor1	chr8	23423662	23424033	LTR/ERVL-MaLR	2228	+	186	23423848	11008
chr8	23412840	23612840	harbor1	chr8	23448361	23448695	LTR/ERVL-MaLR	1614	+	167	23448528	35688
chr8	23412840	23612840	harbor1	chr8	23461908	23462142	LTR/ERVL-MaLR	611	+	117	23462025	49185
chr8	23412840	23612840	harbor1	chr8	23462477	23462877	LTR/ERVL-MaLR	1336	+	200	23462677	49837
chr8	23412840	23612840	harbor1	chr8	23475128	23475389	LTR/ERVL-MaLR	724	+	130	23475258	62418
chr8	23412840	23612840	harbor1	chr8	23490403	23490868	LTR/ERVL-MaLR	1585	+	232	23490635	77795
chr8	23412840	23612840	harbor1	chr8	23510714	23511079	LTR/ERVL-MaLR	2218	+	182	23510896	98056
chr8	23428958	23628958	harbor1	chr8	23448361	23448695	LTR/ERVL-MaLR	1614	+	167	23448528	19570
chr8	23428958	23628958	harbor1	chr8	23461908	23462142	LTR/ERVL-MaLR	611	+	117	23462025	33067
chr8	23428958	23628958	harbor1	chr8	23462477	23462877	LTR/ERVL-MaLR	1336	+	200	23462677	33719
chr8	23428958	23628958	harbor1	chr8	23475128	23475389	LTR/ERVL-MaLR	724	+	130	23475258	46300
chr8	23428958	23628958	harbor1	chr8	23490403	23490868	LTR/ERVL-MaLR	1585	+	232	23490635	61677
chr8	23428958	23628958	harbor1	chr8	23522310	23522666	LTR/ERVL-MaLR	1273	+	178	23522488	93530
chr8	23428958	23628958	harbor1	chr8	23510714	23511079	LTR/ERVL-MaLR	2218	+	182	23510896	81938
chr8	23409094	23609094	harbor1	chr8	23416643	23416988	LTR/ERVL-MaLR	1248	+	172	23416815	7721
chr8	23409094	23609094	harbor1	chr8	23419033	23419377	LTR/ERVL-MaLR	1113	+	172	23419205	10111
chr8	23409094	23609094	harbor1	chr8	23423662	23424033	LTR/ERVL-MaLR	2228	+	186	23423848	14754
chr8	23409094	23609094	harbor1	chr8	23448361	23448695	LTR/ERVL-MaLR	1614	+	167	23448528	39434
chr8	23409094	23609094	harbor1	chr8	23461908	23462142	LTR/ERVL-MaLR	611	+	117	23462025	52931
chr8	23409094	23609094	harbor1	chr8	23462477	23462877	LTR/ERVL-MaLR	1336	+	200	23462677	53583
chr8	23409094	23609094	harbor1	chr8	23475128	23475389	LTR/ERVL-MaLR	724	+	130	23475258	66164
chr8	23409094	23609094	harbor1	chr8	23490403	23490868	LTR/ERVL-MaLR	1585	+	232	23490635	81541
chr8	96274034	96474034	harbor1	chr8	96366898	96367396	LTR/ERVL-MaLR	1390	+	249	96367147	93113
chr8	23380409	23580409	harbor1	chr8	23399318	23399738	LTR/ERVL-MaLR	2516	+	210	23399528	19119
chr8	23380409	23580409	harbor1	chr8	23416643	23416988	LTR/ERVL-MaLR	1248	+	172	23416815	36406
chr8	23380409	23580409	harbor1	chr8	23419033	23419377	LTR/ERVL-MaLR	1113	+	172	23419205	38796
chr8	23380409	23580409	harbor1	chr8	23423662	23424033	LTR/ERVL-MaLR	2228	+	186	23423848	43439
chr8	23380409	23580409	harbor1	chr8	23448361	23448695	LTR/ERVL-MaLR	1614	+	167	23448528	68119
chr8	23380409	23580409	harbor1	chr8	23461908	23462142	LTR/ERVL-MaLR	611	+	117	23462025	81616
chr8	23380409	23580409	harbor1	chr8	23462477	23462877	LTR/ERVL-MaLR	1336	+	200	23462677	82268
chr8	23380409	23580409	harbor1	chr8	23475128	23475389	LTR/ERVL-MaLR	724	+	130	23475258	94849
chr8	38169249	38369249	harbor1	chr8	38171294	38171432	LTR/ERVL-MaLR	454	+	69	38171363	2114
chr8	38169249	38369249	harbor1	chr8	38225020	38225390	LTR/ERVL-MaLR	2642	+	185	38225205	55956
chr8	23428835	23628835	harbor1	chr8	23448361	23448695	LTR/ERVL-MaLR	1614	+	167	23448528	19693
chr8	23428835	23628835	harbor1	chr8	23461908	23462142	LTR/ERVL-MaLR	611	+	117	23462025	33190
chr8	23428835	23628835	harbor1	chr8	23462477	23462877	LTR/ERVL-MaLR	1336	+	200	23462677	33842
chr8	23428835	23628835	harbor1	chr8	23475128	23475389	LTR/ERVL-MaLR	724	+	130	23475258	46423
chr8	23428835	23628835	harbor1	chr8	23490403	23490868	LTR/ERVL-MaLR	1585	+	232	23490635	61800
chr8	23428835	23628835	harbor1	chr8	23522310	23522666	LTR/ERVL-MaLR	1273	+	178	23522488	93653
chr8	23428835	23628835	harbor1	chr8	23510714	23511079	LTR/ERVL-MaLR	2218	+	182	23510896	82061
chr8	142524970	142724970	harbor1	chr8	142567776	142567888	LTR/ERVL-MaLR	1180	+	56	142567832	42862
chr8	142524970	142724970	harbor1	chr8	142568187	142568441	LTR/ERVL-MaLR	1180	+	127	142568314	43344
chr8	142524970	142724970	harbor1	chr8	142588525	142588934	LTR/ERVL-MaLR	2166	+	204	142588729	63759
chr8	23428925	23628925	harbor1	chr8	23448361	23448695	LTR/ERVL-MaLR	1614	+	167	23448528	19603
chr8	23428925	23628925	harbor1	chr8	23461908	23462142	LTR/ERVL-MaLR	611	+	117	23462025	33100
chr8	23428925	23628925	harbor1	chr8	23462477	23462877	LTR/ERVL-MaLR	1336	+	200	23462677	33752
chr8	23428925	23628925	harbor1	chr8	23475128	23475389	LTR/ERVL-MaLR	724	+	130	23475258	46333
chr8	23428925	23628925	harbor1	chr8	23490403	23490868	LTR/ERVL-MaLR	1585	+	232	23490635	61710
chr8	23428925	23628925	harbor1	chr8	23522310	23522666	LTR/ERVL-MaLR	1273	+	178	23522488	93563
chr8	23428925	23628925	harbor1	chr8	23510714	23511079	LTR/ERVL-MaLR	2218	+	182	23510896	81971
chr8	23372590	23572590	harbor1	chr8	23399318	23399738	LTR/ERVL-MaLR	2516	+	210	23399528	26938
chr8	23372590	23572590	harbor1	chr8	23416643	23416988	LTR/ERVL-MaLR	1248	+	172	23416815	44225
chr8	23372590	23572590	harbor1	chr8	23419033	23419377	LTR/ERVL-MaLR	1113	+	172	23419205	46615
chr8	23372590	23572590	harbor1	chr8	23423662	23424033	LTR/ERVL-MaLR	2228	+	186	23423848	51258
chr8	23372590	23572590	harbor1	chr8	23448361	23448695	LTR/ERVL-MaLR	1614	+	167	23448528	75938
chr8	23372590	23572590	harbor1	chr8	23461908	23462142	LTR/ERVL-MaLR	611	+	117	23462025	89435
chr8	23372590	23572590	harbor1	chr8	23462477	23462877	LTR/ERVL-MaLR	1336	+	200	23462677	90087
chr8	23428499	23628499	harbor1	chr8	23448361	23448695	LTR/ERVL-MaLR	1614	+	167	23448528	20029
chr8	23428499	23628499	harbor1	chr8	23461908	23462142	LTR/ERVL-MaLR	611	+	117	23462025	33526
chr8	23428499	23628499	harbor1	chr8	23462477	23462877	LTR/ERVL-MaLR	1336	+	200	23462677	34178
chr8	23428499	23628499	harbor1	chr8	23475128	23475389	LTR/ERVL-MaLR	724	+	130	23475258	46759
chr8	23428499	23628499	harbor1	chr8	23490403	23490868	LTR/ERVL-MaLR	1585	+	232	23490635	62136
chr8	23428499	23628499	harbor1	chr8	23522310	23522666	LTR/ERVL-MaLR	1273	+	178	23522488	93989
chr8	23428499	23628499	harbor1	chr8	23510714	23511079	LTR/ERVL-MaLR	2218	+	182	23510896	82397
chr8	38076189	38276189	harbor1	chr8	38093272	38093581	LTR/ERVL-MaLR	2210	+	154	38093426	17237
chr8	38076189	38276189	harbor1	chr8	38093582	38093995	LTR/ERVL-MaLR	7845	+	206	38093788	17599
chr8	38076189	38276189	harbor1	chr8	38094302	38095118	LTR/ERVL-MaLR	7845	+	408	38094710	18521
chr8	38076189	38276189	harbor1	chr8	38095581	38095939	LTR/ERVL-MaLR	2512	+	179	38095760	19571
chr8	38076189	38276189	harbor1	chr8	38095940	38095976	LTR/ERVL-MaLR	2510	+	18	38095958	19769
chr8	38076189	38276189	harbor1	chr8	38096263	38096615	LTR/ERVL-MaLR	2510	+	176	38096439	20250
chr8	38076189	38276189	harbor1	chr8	38171294	38171432	LTR/ERVL-MaLR	454	+	69	38171363	95174
chr8	38169207	38369207	harbor1	chr8	38171294	38171432	LTR/ERVL-MaLR	454	+	69	38171363	2156
chr8	38169207	38369207	harbor1	chr8	38225020	38225390	LTR/ERVL-MaLR	2642	+	185	38225205	55998
chr8	23428888	23628888	harbor1	chr8	23448361	23448695	LTR/ERVL-MaLR	1614	+	167	23448528	19640
chr8	23428888	23628888	harbor1	chr8	23461908	23462142	LTR/ERVL-MaLR	611	+	117	23462025	33137
chr8	23428888	23628888	harbor1	chr8	23462477	23462877	LTR/ERVL-MaLR	1336	+	200	23462677	33789
chr8	23428888	23628888	harbor1	chr8	23475128	23475389	LTR/ERVL-MaLR	724	+	130	23475258	46370
chr8	23428888	23628888	harbor1	chr8	23490403	23490868	LTR/ERVL-MaLR	1585	+	232	23490635	61747
chr8	23428888	23628888	harbor1	chr8	23522310	23522666	LTR/ERVL-MaLR	1273	+	178	23522488	93600
chr8	23428888	23628888	harbor1	chr8	23510714	23511079	LTR/ERVL-MaLR	2218	+	182	23510896	82008
chr8	22757824	22957824	harbor1	chr8	22832179	22832533	LTR/ERVL-MaLR	1362	+	177	22832356	74532
chr8	23380336	23580336	harbor1	chr8	23399318	23399738	LTR/ERVL-MaLR	2516	+	210	23399528	19192
chr8	23380336	23580336	harbor1	chr8	23416643	23416988	LTR/ERVL-MaLR	1248	+	172	23416815	36479
chr8	23380336	23580336	harbor1	chr8	23419033	23419377	LTR/ERVL-MaLR	1113	+	172	23419205	38869
chr8	23380336	23580336	harbor1	chr8	23423662	23424033	LTR/ERVL-MaLR	2228	+	186	23423848	43512
chr8	23380336	23580336	harbor1	chr8	23448361	23448695	LTR/ERVL-MaLR	1614	+	167	23448528	68192
chr8	23380336	23580336	harbor1	chr8	23461908	23462142	LTR/ERVL-MaLR	611	+	117	23462025	81689
chr8	23380336	23580336	harbor1	chr8	23462477	23462877	LTR/ERVL-MaLR	1336	+	200	23462677	82341
chr8	23380336	23580336	harbor1	chr8	23475128	23475389	LTR/ERVL-MaLR	724	+	130	23475258	94922
chr8	40746828	40946828	harbor1	chr8	40748850	40749207	LTR/ERVL-MaLR	2349	+	178	40749028	2200
chr8	40746828	40946828	harbor1	chr8	40759334	40759676	LTR/ERVL-MaLR	1190	+	171	40759505	12677
chr8	40746828	40946828	harbor1	chr8	40762192	40762372	LTR/ERVL-MaLR	1221	+	90	40762282	15454
chr8	40746828	40946828	harbor1	chr8	40762683	40762895	LTR/ERVL-MaLR	1221	+	106	40762789	15961
chr8	40746828	40946828	harbor1	chr8	40775750	40776125	LTR/ERVL-MaLR	1411	+	188	40775938	29110
chr8	40746828	40946828	harbor1	chr8	40779006	40779358	LTR/ERVL-MaLR	2062	+	176	40779182	32354
chr8	40746828	40946828	harbor1	chr8	40816060	40816307	LTR/ERVL-MaLR	748	+	124	40816184	69356
chr8	40746828	40946828	harbor1	chr8	40816486	40817847	LTR/ERVL-MaLR	2694	+	680	40817166	70338
chr8	40746828	40946828	harbor1	chr8	40817850	40817974	LTR/ERVL-MaLR	530	+	62	40817912	71084
chr8	40746828	40946828	harbor1	chr8	40837092	40837473	LTR/ERVL-MaLR	1279	+	190	40837282	90454
chr8	142240188	142440188	harbor1	chr8	142247157	142247575	LTR/ERVL-MaLR	1870	+	209	142247366	7178
chr8	142240188	142440188	harbor1	chr8	142247874	142247999	LTR/ERVL-MaLR	445	+	62	142247936	7748
chr8	142240188	142440188	harbor1	chr8	142248000	142248306	LTR/ERVL-MaLR	927	+	153	142248153	7965
chr8	142240188	142440188	harbor1	chr8	142262489	142262893	LTR/ERVL-MaLR	2657	+	202	142262691	22503
chr8	142240188	142440188	harbor1	chr8	142268553	142268987	LTR/ERVL-MaLR	624	+	217	142268770	28582
chr8	38169250	38369250	harbor1	chr8	38171294	38171432	LTR/ERVL-MaLR	454	+	69	38171363	2113
chr8	38169250	38369250	harbor1	chr8	38225020	38225390	LTR/ERVL-MaLR	2642	+	185	38225205	55955
chr8	39955067	40155067	harbor1	chr8	39965544	39966003	LTR/ERVL-MaLR	1587	+	230	39965774	10707
chr8	39955067	40155067	harbor1	chr8	39986724	39986865	LTR/ERVL-MaLR	1545	+	70	39986794	31727
chr8	39955067	40155067	harbor1	chr8	39987150	39987374	LTR/ERVL-MaLR	1545	+	112	39987262	32195
chr8	39955067	40155067	harbor1	chr8	39992070	39992576	LTR/ERVL-MaLR	806	+	253	39992323	37256
chr8	39955067	40155067	harbor1	chr8	40005791	40006135	LTR/ERVL-MaLR	1338	+	172	40005963	50896
chr8	39955067	40155067	harbor1	chr8	40049434	40049819	LTR/ERVL-MaLR	2171	+	192	40049626	94559
chr8	23423555	23623555	harbor1	chr8	23423662	23424033	LTR/ERVL-MaLR	2228	+	186	23423848	293
chr8	23423555	23623555	harbor1	chr8	23448361	23448695	LTR/ERVL-MaLR	1614	+	167	23448528	24973
chr8	23423555	23623555	harbor1	chr8	23461908	23462142	LTR/ERVL-MaLR	611	+	117	23462025	38470
chr8	23423555	23623555	harbor1	chr8	23462477	23462877	LTR/ERVL-MaLR	1336	+	200	23462677	39122
chr8	23423555	23623555	harbor1	chr8	23475128	23475389	LTR/ERVL-MaLR	724	+	130	23475258	51703
chr8	23423555	23623555	harbor1	chr8	23490403	23490868	LTR/ERVL-MaLR	1585	+	232	23490635	67080
chr8	23423555	23623555	harbor1	chr8	23522310	23522666	LTR/ERVL-MaLR	1273	+	178	23522488	98933
chr8	23423555	23623555	harbor1	chr8	23510714	23511079	LTR/ERVL-MaLR	2218	+	182	23510896	87341
chr8	23428893	23628893	harbor1	chr8	23448361	23448695	LTR/ERVL-MaLR	1614	+	167	23448528	19635
chr8	23428893	23628893	harbor1	chr8	23461908	23462142	LTR/ERVL-MaLR	611	+	117	23462025	33132
chr8	23428893	23628893	harbor1	chr8	23462477	23462877	LTR/ERVL-MaLR	1336	+	200	23462677	33784
chr8	23428893	23628893	harbor1	chr8	23475128	23475389	LTR/ERVL-MaLR	724	+	130	23475258	46365
chr8	23428893	23628893	harbor1	chr8	23490403	23490868	LTR/ERVL-MaLR	1585	+	232	23490635	61742
chr8	23428893	23628893	harbor1	chr8	23522310	23522666	LTR/ERVL-MaLR	1273	+	178	23522488	93595
chr8	23428893	23628893	harbor1	chr8	23510714	23511079	LTR/ERVL-MaLR	2218	+	182	23510896	82003
chr8	141166248	141366248	harbor1	chr8	141197160	141197599	LTR/ERVL-MaLR	664	+	220	141197380	31132
chr8	23419596	23619596	harbor1	chr8	23423662	23424033	LTR/ERVL-MaLR	2228	+	186	23423848	4252
chr8	23419596	23619596	harbor1	chr8	23448361	23448695	LTR/ERVL-MaLR	1614	+	167	23448528	28932
chr8	23419596	23619596	harbor1	chr8	23461908	23462142	LTR/ERVL-MaLR	611	+	117	23462025	42429
chr8	23419596	23619596	harbor1	chr8	23462477	23462877	LTR/ERVL-MaLR	1336	+	200	23462677	43081
chr8	23419596	23619596	harbor1	chr8	23475128	23475389	LTR/ERVL-MaLR	724	+	130	23475258	55662
chr8	23419596	23619596	harbor1	chr8	23490403	23490868	LTR/ERVL-MaLR	1585	+	232	23490635	71039
chr8	23419596	23619596	harbor1	chr8	23510714	23511079	LTR/ERVL-MaLR	2218	+	182	23510896	91300
chr8	599963	799963	harbor1	chr8	648168	648316	LTR/ERVL-MaLR	478	+	74	648242	48279
chr8	599963	799963	harbor1	chr8	660258	660659	LTR/ERVL-MaLR	516	+	200	660458	60495
chr8	599963	799963	harbor1	chr8	622252	622613	LTR/ERVL-MaLR	1767	+	180	622432	22469
chr8	60552749	60752749	harbor1	chr8	60603944	60604361	LTR/ERVL-MaLR	2739	+	208	60604152	51403
chr8	60552749	60752749	harbor1	chr8	60628980	60629385	LTR/ERVL-MaLR	1581	+	202	60629182	76433
chr8	60552749	60752749	harbor1	chr8	60644241	60644443	LTR/ERVL-MaLR	601	+	101	60644342	91593
chr8	60552749	60752749	harbor1	chr8	60604362	60605827	LTR/ERVL-MaLR	8949	+	732	60605094	52345
chr8	38019471	38219471	harbor1	chr8	38059121	38059469	LTR/ERVL-MaLR	2321	+	174	38059295	39824
chr8	38019471	38219471	harbor1	chr8	38059786	38059853	LTR/ERVL-MaLR	2321	+	34	38059820	40349
chr8	38019471	38219471	harbor1	chr8	38093272	38093581	LTR/ERVL-MaLR	2210	+	154	38093426	73955
chr8	38019471	38219471	harbor1	chr8	38093582	38093995	LTR/ERVL-MaLR	7845	+	206	38093788	74317
chr8	38019471	38219471	harbor1	chr8	38094302	38095118	LTR/ERVL-MaLR	7845	+	408	38094710	75239
chr8	38019471	38219471	harbor1	chr8	38095581	38095939	LTR/ERVL-MaLR	2512	+	179	38095760	76289
chr8	38019471	38219471	harbor1	chr8	38095940	38095976	LTR/ERVL-MaLR	2510	+	18	38095958	76487
chr8	38019471	38219471	harbor1	chr8	38096263	38096615	LTR/ERVL-MaLR	2510	+	176	38096439	76968
chr8	142524135	142724135	harbor1	chr8	142567776	142567888	LTR/ERVL-MaLR	1180	+	56	142567832	43697
chr8	142524135	142724135	harbor1	chr8	142568187	142568441	LTR/ERVL-MaLR	1180	+	127	142568314	44179
chr8	142524135	142724135	harbor1	chr8	142588525	142588934	LTR/ERVL-MaLR	2166	+	204	142588729	64594
chr8	23392919	23592919	harbor1	chr8	23399318	23399738	LTR/ERVL-MaLR	2516	+	210	23399528	6609
chr8	23392919	23592919	harbor1	chr8	23416643	23416988	LTR/ERVL-MaLR	1248	+	172	23416815	23896
chr8	23392919	23592919	harbor1	chr8	23419033	23419377	LTR/ERVL-MaLR	1113	+	172	23419205	26286
chr8	23392919	23592919	harbor1	chr8	23423662	23424033	LTR/ERVL-MaLR	2228	+	186	23423848	30929
chr8	23392919	23592919	harbor1	chr8	23448361	23448695	LTR/ERVL-MaLR	1614	+	167	23448528	55609
chr8	23392919	23592919	harbor1	chr8	23461908	23462142	LTR/ERVL-MaLR	611	+	117	23462025	69106
chr8	23392919	23592919	harbor1	chr8	23462477	23462877	LTR/ERVL-MaLR	1336	+	200	23462677	69758
chr8	23392919	23592919	harbor1	chr8	23475128	23475389	LTR/ERVL-MaLR	724	+	130	23475258	82339
chr8	23392919	23592919	harbor1	chr8	23490403	23490868	LTR/ERVL-MaLR	1585	+	232	23490635	97716
chr8	23398382	23598382	harbor1	chr8	23399318	23399738	LTR/ERVL-MaLR	2516	+	210	23399528	1146
chr8	23398382	23598382	harbor1	chr8	23416643	23416988	LTR/ERVL-MaLR	1248	+	172	23416815	18433
chr8	23398382	23598382	harbor1	chr8	23419033	23419377	LTR/ERVL-MaLR	1113	+	172	23419205	20823
chr8	23398382	23598382	harbor1	chr8	23423662	23424033	LTR/ERVL-MaLR	2228	+	186	23423848	25466
chr8	23398382	23598382	harbor1	chr8	23448361	23448695	LTR/ERVL-MaLR	1614	+	167	23448528	50146
chr8	23398382	23598382	harbor1	chr8	23461908	23462142	LTR/ERVL-MaLR	611	+	117	23462025	63643
chr8	23398382	23598382	harbor1	chr8	23462477	23462877	LTR/ERVL-MaLR	1336	+	200	23462677	64295
chr8	23398382	23598382	harbor1	chr8	23475128	23475389	LTR/ERVL-MaLR	724	+	130	23475258	76876
chr8	23398382	23598382	harbor1	chr8	23490403	23490868	LTR/ERVL-MaLR	1585	+	232	23490635	92253
chr8	10625860	10825860	harbor1	chr8	10641364	10641468	LTR/ERVL-MaLR	430	+	52	10641416	15556
chr8	10625860	10825860	harbor1	chr8	10642381	10642595	LTR/ERVL-MaLR	464	+	107	10642488	16628
chr8	10625860	10825860	harbor1	chr8	10649955	10650193	LTR/ERVL-MaLR	436	+	119	10650074	24214
chr8	10625860	10825860	harbor1	chr8	10650209	10650348	LTR/ERVL-MaLR	445	+	70	10650279	24419
chr8	23428533	23628533	harbor1	chr8	23448361	23448695	LTR/ERVL-MaLR	1614	+	167	23448528	19995
chr8	23428533	23628533	harbor1	chr8	23461908	23462142	LTR/ERVL-MaLR	611	+	117	23462025	33492
chr8	23428533	23628533	harbor1	chr8	23462477	23462877	LTR/ERVL-MaLR	1336	+	200	23462677	34144
chr8	23428533	23628533	harbor1	chr8	23475128	23475389	LTR/ERVL-MaLR	724	+	130	23475258	46725
chr8	23428533	23628533	harbor1	chr8	23490403	23490868	LTR/ERVL-MaLR	1585	+	232	23490635	62102
chr8	23428533	23628533	harbor1	chr8	23522310	23522666	LTR/ERVL-MaLR	1273	+	178	23522488	93955
chr8	23428533	23628533	harbor1	chr8	23510714	23511079	LTR/ERVL-MaLR	2218	+	182	23510896	82363
chr8	23393307	23593307	harbor1	chr8	23399318	23399738	LTR/ERVL-MaLR	2516	+	210	23399528	6221
chr8	23393307	23593307	harbor1	chr8	23416643	23416988	LTR/ERVL-MaLR	1248	+	172	23416815	23508
chr8	23393307	23593307	harbor1	chr8	23419033	23419377	LTR/ERVL-MaLR	1113	+	172	23419205	25898
chr8	23393307	23593307	harbor1	chr8	23423662	23424033	LTR/ERVL-MaLR	2228	+	186	23423848	30541
chr8	23393307	23593307	harbor1	chr8	23448361	23448695	LTR/ERVL-MaLR	1614	+	167	23448528	55221
chr8	23393307	23593307	harbor1	chr8	23461908	23462142	LTR/ERVL-MaLR	611	+	117	23462025	68718
chr8	23393307	23593307	harbor1	chr8	23462477	23462877	LTR/ERVL-MaLR	1336	+	200	23462677	69370
chr8	23393307	23593307	harbor1	chr8	23475128	23475389	LTR/ERVL-MaLR	724	+	130	23475258	81951
chr8	23393307	23593307	harbor1	chr8	23490403	23490868	LTR/ERVL-MaLR	1585	+	232	23490635	97328
chr8	29995437	30195437	harbor1	chr8	30009942	30010299	LTR/ERVL-MaLR	2216	+	178	30010120	14683
chr8	29995437	30195437	harbor1	chr8	30017885	30018201	LTR/ERVL-MaLR	843	+	158	30018043	22606
chr8	29995437	30195437	harbor1	chr8	30050486	30050850	LTR/ERVL-MaLR	1273	+	182	30050668	55231
chr8	29995437	30195437	harbor1	chr8	30058467	30058665	LTR/ERVL-MaLR	2472	+	99	30058566	63129
chr8	29995437	30195437	harbor1	chr8	30058956	30059191	LTR/ERVL-MaLR	2472	+	118	30059074	63637
chr8	29995437	30195437	harbor1	chr8	30076571	30076940	LTR/ERVL-MaLR	2185	+	184	30076755	81318
chr8	29995437	30195437	harbor1	chr8	30085008	30085367	LTR/ERVL-MaLR	1920	+	180	30085188	89751
chr8	66405191	66605191	harbor1	chr8	66476559	66476637	LTR/ERVL-MaLR	480	+	39	66476598	71407
chr8	66405191	66605191	harbor1	chr8	66477475	66477834	LTR/ERVL-MaLR	1571	+	180	66477655	72464
chr8	143417559	143617559	harbor1	chr8	143501879	143502258	LTR/ERVL-MaLR	1184	+	190	143502069	84510
chr8	23428940	23628940	harbor1	chr8	23448361	23448695	LTR/ERVL-MaLR	1614	+	167	23448528	19588
chr8	23428940	23628940	harbor1	chr8	23461908	23462142	LTR/ERVL-MaLR	611	+	117	23462025	33085
chr8	23428940	23628940	harbor1	chr8	23462477	23462877	LTR/ERVL-MaLR	1336	+	200	23462677	33737
chr8	23428940	23628940	harbor1	chr8	23475128	23475389	LTR/ERVL-MaLR	724	+	130	23475258	46318
chr8	23428940	23628940	harbor1	chr8	23490403	23490868	LTR/ERVL-MaLR	1585	+	232	23490635	61695
chr8	23428940	23628940	harbor1	chr8	23522310	23522666	LTR/ERVL-MaLR	1273	+	178	23522488	93548
chr8	23428940	23628940	harbor1	chr8	23510714	23511079	LTR/ERVL-MaLR	2218	+	182	23510896	81956
chr8	124796482	124996482	harbor1	chr8	124800099	124800232	LTR/ERVL-MaLR	1665	+	66	124800165	3683
chr8	124796482	124996482	harbor1	chr8	124800530	124800848	LTR/ERVL-MaLR	1665	+	159	124800689	4207
chr8	124796482	124996482	harbor1	chr8	124807580	124807857	LTR/ERVL-MaLR	1669	+	138	124807718	11236
chr8	124796482	124996482	harbor1	chr8	124832821	124833090	LTR/ERVL-MaLR	597	+	134	124832955	36473
chr8	124796482	124996482	harbor1	chr8	124833543	124833965	LTR/ERVL-MaLR	2500	+	211	124833754	37272
chr8	124796482	124996482	harbor1	chr8	124844380	124844772	LTR/ERVL-MaLR	1631	+	196	124844576	48094
chr8	124796482	124996482	harbor1	chr8	124861015	124861441	LTR/ERVL-MaLR	1047	+	213	124861228	64746
chr8	124796482	124996482	harbor1	chr8	124861649	124861862	LTR/ERVL-MaLR	439	+	106	124861755	65273
chr8	124796482	124996482	harbor1	chr8	124870980	124871369	LTR/ERVL-MaLR	914	+	194	124871174	74692
chr8	124796482	124996482	harbor1	chr8	124880001	124880590	LTR/ERVL-MaLR	1050	+	294	124880295	83813
chr8	23428850	23628850	harbor1	chr8	23448361	23448695	LTR/ERVL-MaLR	1614	+	167	23448528	19678
chr8	23428850	23628850	harbor1	chr8	23461908	23462142	LTR/ERVL-MaLR	611	+	117	23462025	33175
chr8	23428850	23628850	harbor1	chr8	23462477	23462877	LTR/ERVL-MaLR	1336	+	200	23462677	33827
chr8	23428850	23628850	harbor1	chr8	23475128	23475389	LTR/ERVL-MaLR	724	+	130	23475258	46408
chr8	23428850	23628850	harbor1	chr8	23490403	23490868	LTR/ERVL-MaLR	1585	+	232	23490635	61785
chr8	23428850	23628850	harbor1	chr8	23522310	23522666	LTR/ERVL-MaLR	1273	+	178	23522488	93638
chr8	23428850	23628850	harbor1	chr8	23510714	23511079	LTR/ERVL-MaLR	2218	+	182	23510896	82046
chr8	42040276	42240276	harbor1	chr8	42089216	42089571	LTR/ERVL-MaLR	1790	+	178	42089394	49118
chr8	42040276	42240276	harbor1	chr8	42094099	42094543	LTR/ERVL-MaLR	1088	+	222	42094321	54045
chr8	42040276	42240276	harbor1	chr8	42094844	42094922	LTR/ERVL-MaLR	1088	+	39	42094883	54607
chr8	42040276	42240276	harbor1	chr8	42118645	42119136	LTR/ERVL-MaLR	699	+	246	42118891	78615
chr8	23428530	23628530	harbor1	chr8	23448361	23448695	LTR/ERVL-MaLR	1614	+	167	23448528	19998
chr8	23428530	23628530	harbor1	chr8	23461908	23462142	LTR/ERVL-MaLR	611	+	117	23462025	33495
chr8	23428530	23628530	harbor1	chr8	23462477	23462877	LTR/ERVL-MaLR	1336	+	200	23462677	34147
chr8	23428530	23628530	harbor1	chr8	23475128	23475389	LTR/ERVL-MaLR	724	+	130	23475258	46728
chr8	23428530	23628530	harbor1	chr8	23490403	23490868	LTR/ERVL-MaLR	1585	+	232	23490635	62105
chr8	23428530	23628530	harbor1	chr8	23522310	23522666	LTR/ERVL-MaLR	1273	+	178	23522488	93958
chr8	23428530	23628530	harbor1	chr8	23510714	23511079	LTR/ERVL-MaLR	2218	+	182	23510896	82366
chr8	23429026	23629026	harbor1	chr8	23448361	23448695	LTR/ERVL-MaLR	1614	+	167	23448528	19502
chr8	23429026	23629026	harbor1	chr8	23461908	23462142	LTR/ERVL-MaLR	611	+	117	23462025	32999
chr8	23429026	23629026	harbor1	chr8	23462477	23462877	LTR/ERVL-MaLR	1336	+	200	23462677	33651
chr8	23429026	23629026	harbor1	chr8	23475128	23475389	LTR/ERVL-MaLR	724	+	130	23475258	46232
chr8	23429026	23629026	harbor1	chr8	23490403	23490868	LTR/ERVL-MaLR	1585	+	232	23490635	61609
chr8	23429026	23629026	harbor1	chr8	23522310	23522666	LTR/ERVL-MaLR	1273	+	178	23522488	93462
chr8	23429026	23629026	harbor1	chr8	23510714	23511079	LTR/ERVL-MaLR	2218	+	182	23510896	81870
chr8	98847692	99047692	harbor1	chr8	98863743	98863914	LTR/ERVL-MaLR	637	+	86	98863829	16137
chr8	98847692	99047692	harbor1	chr8	98864225	98864493	LTR/ERVL-MaLR	637	+	134	98864359	16667
chr8	98847692	99047692	harbor1	chr8	98869450	98869703	LTR/ERVL-MaLR	485	+	126	98869576	21884
chr8	98847692	99047692	harbor1	chr8	98874385	98874502	LTR/ERVL-MaLR	658	+	58	98874443	26751
chr8	98847692	99047692	harbor1	chr8	98884565	98884670	LTR/ERVL-MaLR	473	+	52	98884617	36925
chr8	98847692	99047692	harbor1	chr8	98895616	98895866	LTR/ERVL-MaLR	824	+	125	98895741	48049
chr8	98847692	99047692	harbor1	chr8	98917412	98917747	LTR/ERVL-MaLR	1612	+	168	98917580	69888
chr8	98847692	99047692	harbor1	chr8	98922069	98922477	LTR/ERVL-MaLR	817	+	204	98922273	74581
chr8	98847692	99047692	harbor1	chr8	98927724	98928033	LTR/ERVL-MaLR	999	+	154	98927878	80186
chr8	98847692	99047692	harbor1	chr8	98934990	98935141	LTR/ERVL-MaLR	868	+	76	98935066	87374
chr8	98847692	99047692	harbor1	chr8	98935221	98935413	LTR/ERVL-MaLR	585	+	96	98935317	87625
chr8	23428510	23628510	harbor1	chr8	23448361	23448695	LTR/ERVL-MaLR	1614	+	167	23448528	20018
chr8	23428510	23628510	harbor1	chr8	23461908	23462142	LTR/ERVL-MaLR	611	+	117	23462025	33515
chr8	23428510	23628510	harbor1	chr8	23462477	23462877	LTR/ERVL-MaLR	1336	+	200	23462677	34167
chr8	23428510	23628510	harbor1	chr8	23475128	23475389	LTR/ERVL-MaLR	724	+	130	23475258	46748
chr8	23428510	23628510	harbor1	chr8	23490403	23490868	LTR/ERVL-MaLR	1585	+	232	23490635	62125
chr8	23428510	23628510	harbor1	chr8	23522310	23522666	LTR/ERVL-MaLR	1273	+	178	23522488	93978
chr8	23428510	23628510	harbor1	chr8	23510714	23511079	LTR/ERVL-MaLR	2218	+	182	23510896	82386
chr8	129839917	130039917	harbor1	chr8	129887064	129888062	LTR/ERVL-MaLR	5644	+	499	129887563	47646
chr8	129839917	130039917	harbor1	chr8	129888063	129888420	LTR/ERVL-MaLR	1950	+	178	129888241	48324
chr8	141231066	141431066	harbor1	chr8	141296871	141297066	LTR/ERVL-MaLR	756	+	98	141296969	65903
chr8	141231066	141431066	harbor1	chr8	141326817	141327177	LTR/ERVL-MaLR	1213	+	180	141326997	95931
chr8	142524987	142724987	harbor1	chr8	142567776	142567888	LTR/ERVL-MaLR	1180	+	56	142567832	42845
chr8	142524987	142724987	harbor1	chr8	142568187	142568441	LTR/ERVL-MaLR	1180	+	127	142568314	43327
chr8	142524987	142724987	harbor1	chr8	142588525	142588934	LTR/ERVL-MaLR	2166	+	204	142588729	63742
chr8	142674146	142874146	harbor1	chr8	142713331	142713703	LTR/ERVL-MaLR	1612	+	186	142713517	39371
chr8	142524957	142724957	harbor1	chr8	142567776	142567888	LTR/ERVL-MaLR	1180	+	56	142567832	42875
chr8	142524957	142724957	harbor1	chr8	142568187	142568441	LTR/ERVL-MaLR	1180	+	127	142568314	43357
chr8	142524957	142724957	harbor1	chr8	142588525	142588934	LTR/ERVL-MaLR	2166	+	204	142588729	63772
chr8	81559422	81759422	harbor1	chr8	81599761	81600134	LTR/ERVL-MaLR	2488	+	186	81599947	40525
chr8	81559422	81759422	harbor1	chr8	81612215	81612650	LTR/ERVL-MaLR	2693	+	218	81612433	53011
chr8	81559422	81759422	harbor1	chr8	81625087	81625194	LTR/ERVL-MaLR	499	+	54	81625141	65719
chr8	143958376	144158376	harbor1	chr8	143962062	143962472	LTR/ERVL-MaLR	896	+	205	143962267	3891
chr8	143958376	144158376	harbor1	chr8	143962484	143963674	LTR/ERVL-MaLR	3556	+	595	143963079	4703
chr8	143958376	144158376	harbor1	chr8	143964110	143964230	LTR/ERVL-MaLR	463	+	60	143964170	5794
chr8	143958376	144158376	harbor1	chr8	143964231	143964679	LTR/ERVL-MaLR	1467	+	224	143964455	6079
chr8	143958376	144158376	harbor1	chr8	144000122	144000544	LTR/ERVL-MaLR	2007	+	211	144000333	41957
chr8	143958376	144158376	harbor1	chr8	144006601	144006903	LTR/ERVL-MaLR	1160	+	151	144006752	48376
chr8	142482825	142682825	harbor1	chr8	142567776	142567888	LTR/ERVL-MaLR	1180	+	56	142567832	85007
chr8	142482825	142682825	harbor1	chr8	142568187	142568441	LTR/ERVL-MaLR	1180	+	127	142568314	85489
chr8	23380964	23580964	harbor1	chr8	23399318	23399738	LTR/ERVL-MaLR	2516	+	210	23399528	18564
chr8	23380964	23580964	harbor1	chr8	23416643	23416988	LTR/ERVL-MaLR	1248	+	172	23416815	35851
chr8	23380964	23580964	harbor1	chr8	23419033	23419377	LTR/ERVL-MaLR	1113	+	172	23419205	38241
chr8	23380964	23580964	harbor1	chr8	23423662	23424033	LTR/ERVL-MaLR	2228	+	186	23423848	42884
chr8	23380964	23580964	harbor1	chr8	23448361	23448695	LTR/ERVL-MaLR	1614	+	167	23448528	67564
chr8	23380964	23580964	harbor1	chr8	23461908	23462142	LTR/ERVL-MaLR	611	+	117	23462025	81061
chr8	23380964	23580964	harbor1	chr8	23462477	23462877	LTR/ERVL-MaLR	1336	+	200	23462677	81713
chr8	23380964	23580964	harbor1	chr8	23475128	23475389	LTR/ERVL-MaLR	724	+	130	23475258	94294
chr8	57161177	57361177	harbor1	chr8	57222206	57222350	LTR/ERVL-MaLR	790	+	72	57222278	61101
chr8	57161177	57361177	harbor1	chr8	57234557	57234817	LTR/ERVL-MaLR	1056	+	130	57234687	73510
chr8	57161177	57361177	harbor1	chr8	57242639	57242731	LTR/ERVL-MaLR	449	+	46	57242685	81508
chr8	53743525	53943525	harbor1	chr8	53799636	53799994	LTR/ERVL-MaLR	2158	+	179	53799815	56290
chr8	27322694	27522694	harbor1	chr8	27352571	27352924	LTR/ERVL-MaLR	2234	+	176	27352747	30053
chr8	27322694	27522694	harbor1	chr8	27355079	27355598	LTR/ERVL-MaLR	2419	+	260	27355339	32645
chr8	27322694	27522694	harbor1	chr8	27404815	27405021	LTR/ERVL-MaLR	1425	+	103	27404918	82224
chr8	27322694	27522694	harbor1	chr8	27405070	27405251	LTR/ERVL-MaLR	1425	+	90	27405160	82466
chr8	90970523	91170523	harbor1	chr8	90970465	90970893	LTR/ERVL-MaLR	1225	+	214	90970679	156
chr8	90970523	91170523	harbor1	chr8	90974135	90974629	LTR/ERVL-MaLR	912	+	247	90974382	3859
chr8	90970523	91170523	harbor1	chr8	91030910	91031082	LTR/ERVL-MaLR	739	+	86	91030996	60473
chr8	90970523	91170523	harbor1	chr8	91050732	91051100	LTR/ERVL-MaLR	983	+	184	91050916	80393
chr8	90970523	91170523	harbor1	chr8	91052532	91052919	LTR/ERVL-MaLR	1076	+	194	91052726	82203
chr8	90970523	91170523	harbor1	chr8	91054435	91054816	LTR/ERVL-MaLR	1849	+	190	91054625	84102
chr8	90970523	91170523	harbor1	chr8	91059125	91059236	LTR/ERVL-MaLR	542	+	56	91059181	88658
chr8	90970523	91170523	harbor1	chr8	91066296	91066642	LTR/ERVL-MaLR	1880	+	173	91066469	95946
chr8	90970523	91170523	harbor1	chr8	91045506	91046077	LTR/ERVL-MaLR	2091	+	286	91045792	75269
chr8	85145876	85345876	harbor1	chr8	85161007	85161391	LTR/ERVL-MaLR	1666	+	192	85161199	15323
chr8	85145876	85345876	harbor1	chr8	85175097	85175445	LTR/ERVL-MaLR	992	+	174	85175271	29395
chr8	85145876	85345876	harbor1	chr8	85183777	85184056	LTR/ERVL-MaLR	1190	+	140	85183917	38041
chr8	85145876	85345876	harbor1	chr8	85190363	85190491	LTR/ERVL-MaLR	1584	+	64	85190427	44551
chr8	85145876	85345876	harbor1	chr8	85190804	85191110	LTR/ERVL-MaLR	1584	+	153	85190957	45081
chr8	85145876	85345876	harbor1	chr8	85191564	85191636	LTR/ERVL-MaLR	1584	+	36	85191600	45724
chr8	85145876	85345876	harbor1	chr8	85222733	85223071	LTR/ERVL-MaLR	726	+	169	85222902	77026
chr8	85144970	85344970	harbor1	chr8	85161007	85161391	LTR/ERVL-MaLR	1666	+	192	85161199	16229
chr8	85144970	85344970	harbor1	chr8	85175097	85175445	LTR/ERVL-MaLR	992	+	174	85175271	30301
chr8	85144970	85344970	harbor1	chr8	85183777	85184056	LTR/ERVL-MaLR	1190	+	140	85183917	38947
chr8	85144970	85344970	harbor1	chr8	85190363	85190491	LTR/ERVL-MaLR	1584	+	64	85190427	45457
chr8	85144970	85344970	harbor1	chr8	85190804	85191110	LTR/ERVL-MaLR	1584	+	153	85190957	45987
chr8	85144970	85344970	harbor1	chr8	85191564	85191636	LTR/ERVL-MaLR	1584	+	36	85191600	46630
chr8	85144970	85344970	harbor1	chr8	85222733	85223071	LTR/ERVL-MaLR	726	+	169	85222902	77932
chr8	599952	799952	harbor1	chr8	648168	648316	LTR/ERVL-MaLR	478	+	74	648242	48290
chr8	599952	799952	harbor1	chr8	660258	660659	LTR/ERVL-MaLR	516	+	200	660458	60506
chr8	599952	799952	harbor1	chr8	622252	622613	LTR/ERVL-MaLR	1767	+	180	622432	22480
chr8	142523652	142723652	harbor1	chr8	142567776	142567888	LTR/ERVL-MaLR	1180	+	56	142567832	44180
chr8	142523652	142723652	harbor1	chr8	142568187	142568441	LTR/ERVL-MaLR	1180	+	127	142568314	44662
chr8	142523652	142723652	harbor1	chr8	142588525	142588934	LTR/ERVL-MaLR	2166	+	204	142588729	65077
chr8	42040690	42240690	harbor1	chr8	42089216	42089571	LTR/ERVL-MaLR	1790	+	178	42089394	48704
chr8	42040690	42240690	harbor1	chr8	42094099	42094543	LTR/ERVL-MaLR	1088	+	222	42094321	53631
chr8	42040690	42240690	harbor1	chr8	42094844	42094922	LTR/ERVL-MaLR	1088	+	39	42094883	54193
chr8	42040690	42240690	harbor1	chr8	42118645	42119136	LTR/ERVL-MaLR	699	+	246	42118891	78201
chr8	141296156	141496156	harbor1	chr8	141296871	141297066	LTR/ERVL-MaLR	756	+	98	141296969	813
chr8	141296156	141496156	harbor1	chr8	141326817	141327177	LTR/ERVL-MaLR	1213	+	180	141326997	30841
chr8	141296156	141496156	harbor1	chr8	141349118	141349528	LTR/ERVL-MaLR	1083	+	205	141349323	53167
chr8	141296156	141496156	harbor1	chr8	141387747	141388125	LTR/ERVL-MaLR	605	+	189	141387936	91780
chr8	23428435	23628435	harbor1	chr8	23448361	23448695	LTR/ERVL-MaLR	1614	+	167	23448528	20093
chr8	23428435	23628435	harbor1	chr8	23461908	23462142	LTR/ERVL-MaLR	611	+	117	23462025	33590
chr8	23428435	23628435	harbor1	chr8	23462477	23462877	LTR/ERVL-MaLR	1336	+	200	23462677	34242
chr8	23428435	23628435	harbor1	chr8	23475128	23475389	LTR/ERVL-MaLR	724	+	130	23475258	46823
chr8	23428435	23628435	harbor1	chr8	23490403	23490868	LTR/ERVL-MaLR	1585	+	232	23490635	62200
chr8	23428435	23628435	harbor1	chr8	23522310	23522666	LTR/ERVL-MaLR	1273	+	178	23522488	94053
chr8	23428435	23628435	harbor1	chr8	23510714	23511079	LTR/ERVL-MaLR	2218	+	182	23510896	82461
chr8	78034557	78234557	harbor1	chr8	78043349	78043806	LTR/ERVL-MaLR	1361	+	228	78043577	9020
chr8	78034557	78234557	harbor1	chr8	78091837	78092232	LTR/ERVL-MaLR	2162	+	198	78092035	57478
chr8	78034557	78234557	harbor1	chr8	78111244	78111661	LTR/ERVL-MaLR	2300	+	208	78111452	76895
chr8	38168585	38368585	harbor1	chr8	38171294	38171432	LTR/ERVL-MaLR	454	+	69	38171363	2778
chr8	38168585	38368585	harbor1	chr8	38225020	38225390	LTR/ERVL-MaLR	2642	+	185	38225205	56620
chr8	23429035	23629035	harbor1	chr8	23448361	23448695	LTR/ERVL-MaLR	1614	+	167	23448528	19493
chr8	23429035	23629035	harbor1	chr8	23461908	23462142	LTR/ERVL-MaLR	611	+	117	23462025	32990
chr8	23429035	23629035	harbor1	chr8	23462477	23462877	LTR/ERVL-MaLR	1336	+	200	23462677	33642
chr8	23429035	23629035	harbor1	chr8	23475128	23475389	LTR/ERVL-MaLR	724	+	130	23475258	46223
chr8	23429035	23629035	harbor1	chr8	23490403	23490868	LTR/ERVL-MaLR	1585	+	232	23490635	61600
chr8	23429035	23629035	harbor1	chr8	23522310	23522666	LTR/ERVL-MaLR	1273	+	178	23522488	93453
chr8	23429035	23629035	harbor1	chr8	23510714	23511079	LTR/ERVL-MaLR	2218	+	182	23510896	81861
chr8	23388472	23588472	harbor1	chr8	23399318	23399738	LTR/ERVL-MaLR	2516	+	210	23399528	11056
chr8	23388472	23588472	harbor1	chr8	23416643	23416988	LTR/ERVL-MaLR	1248	+	172	23416815	28343
chr8	23388472	23588472	harbor1	chr8	23419033	23419377	LTR/ERVL-MaLR	1113	+	172	23419205	30733
chr8	23388472	23588472	harbor1	chr8	23423662	23424033	LTR/ERVL-MaLR	2228	+	186	23423848	35376
chr8	23388472	23588472	harbor1	chr8	23448361	23448695	LTR/ERVL-MaLR	1614	+	167	23448528	60056
chr8	23388472	23588472	harbor1	chr8	23461908	23462142	LTR/ERVL-MaLR	611	+	117	23462025	73553
chr8	23388472	23588472	harbor1	chr8	23462477	23462877	LTR/ERVL-MaLR	1336	+	200	23462677	74205
chr8	23388472	23588472	harbor1	chr8	23475128	23475389	LTR/ERVL-MaLR	724	+	130	23475258	86786
chr8	129839623	130039623	harbor1	chr8	129887064	129888062	LTR/ERVL-MaLR	5644	+	499	129887563	47940
chr8	129839623	130039623	harbor1	chr8	129888063	129888420	LTR/ERVL-MaLR	1950	+	178	129888241	48618
chr8	38169173	38369173	harbor1	chr8	38171294	38171432	LTR/ERVL-MaLR	454	+	69	38171363	2190
chr8	38169173	38369173	harbor1	chr8	38225020	38225390	LTR/ERVL-MaLR	2642	+	185	38225205	56032
chr8	38167320	38367320	harbor1	chr8	38171294	38171432	LTR/ERVL-MaLR	454	+	69	38171363	4043
chr8	38167320	38367320	harbor1	chr8	38225020	38225390	LTR/ERVL-MaLR	2642	+	185	38225205	57885
chr8	100618244	100818244	harbor1	chr8	100653352	100653736	LTR/ERVL-MaLR	1311	+	192	100653544	35300
chr8	100618244	100818244	harbor1	chr8	100655339	100655685	LTR/ERVL-MaLR	2235	+	173	100655512	37268
chr8	100618244	100818244	harbor1	chr8	100683912	100683978	LTR/ERVL-MaLR	749	+	33	100683945	65701
chr8	100618244	100818244	harbor1	chr8	100684298	100684510	LTR/ERVL-MaLR	749	+	106	100684404	66160
chr8	54002046	54202046	harbor1	chr8	54089818	54089876	LTR/ERVL-MaLR	1722	+	29	54089847	87801
chr8	54002046	54202046	harbor1	chr8	54090775	54091057	LTR/ERVL-MaLR	1722	+	141	54090916	88870
chr8	54002046	54202046	harbor1	chr8	54093229	54093645	LTR/ERVL-MaLR	1430	+	208	54093437	91391
chr8	29891739	30091739	harbor1	chr8	29958366	29958906	LTR/ERVL-MaLR	1847	+	270	29958636	66897
chr8	29891739	30091739	harbor1	chr8	29968210	29968568	LTR/ERVL-MaLR	692	+	179	29968389	76650
chr8	29891739	30091739	harbor1	chr8	29968846	29969007	LTR/ERVL-MaLR	682	+	80	29968926	77187
chr8	29891739	30091739	harbor1	chr8	29969539	29969891	LTR/ERVL-MaLR	1940	+	176	29969715	77976
chr8	29891739	30091739	harbor1	chr8	29971449	29971509	LTR/ERVL-MaLR	640	+	30	29971479	79740
chr8	29891739	30091739	harbor1	chr8	29971804	29972142	LTR/ERVL-MaLR	640	+	169	29971973	80234
chr8	29891739	30091739	harbor1	chr8	29973119	29973229	LTR/ERVL-MaLR	568	+	55	29973174	81435
chr8	29983337	30183337	harbor1	chr8	30009942	30010299	LTR/ERVL-MaLR	2216	+	178	30010120	26783
chr8	29983337	30183337	harbor1	chr8	30017885	30018201	LTR/ERVL-MaLR	843	+	158	30018043	34706
chr8	29983337	30183337	harbor1	chr8	30050486	30050850	LTR/ERVL-MaLR	1273	+	182	30050668	67331
chr8	29983337	30183337	harbor1	chr8	30058467	30058665	LTR/ERVL-MaLR	2472	+	99	30058566	75229
chr8	29983337	30183337	harbor1	chr8	30058956	30059191	LTR/ERVL-MaLR	2472	+	118	30059074	75737
chr8	29983337	30183337	harbor1	chr8	30076571	30076940	LTR/ERVL-MaLR	2185	+	184	30076755	93418
chr8	23393297	23593297	harbor1	chr8	23399318	23399738	LTR/ERVL-MaLR	2516	+	210	23399528	6231
chr8	23393297	23593297	harbor1	chr8	23416643	23416988	LTR/ERVL-MaLR	1248	+	172	23416815	23518
chr8	23393297	23593297	harbor1	chr8	23419033	23419377	LTR/ERVL-MaLR	1113	+	172	23419205	25908
chr8	23393297	23593297	harbor1	chr8	23423662	23424033	LTR/ERVL-MaLR	2228	+	186	23423848	30551
chr8	23393297	23593297	harbor1	chr8	23448361	23448695	LTR/ERVL-MaLR	1614	+	167	23448528	55231
chr8	23393297	23593297	harbor1	chr8	23461908	23462142	LTR/ERVL-MaLR	611	+	117	23462025	68728
chr8	23393297	23593297	harbor1	chr8	23462477	23462877	LTR/ERVL-MaLR	1336	+	200	23462677	69380
chr8	23393297	23593297	harbor1	chr8	23475128	23475389	LTR/ERVL-MaLR	724	+	130	23475258	81961
chr8	23393297	23593297	harbor1	chr8	23490403	23490868	LTR/ERVL-MaLR	1585	+	232	23490635	97338
chr8	65059279	65259279	harbor1	chr8	65099891	65100243	LTR/ERVL-MaLR	2466	+	176	65100067	40788
chr8	65059279	65259279	harbor1	chr8	65108819	65109324	LTR/ERVL-MaLR	1748	+	252	65109071	49792
chr8	65059279	65259279	harbor1	chr8	65109906	65110283	LTR/ERVL-MaLR	2183	+	188	65110094	50815
chr8	38169375	38369375	harbor1	chr8	38171294	38171432	LTR/ERVL-MaLR	454	+	69	38171363	1988
chr8	38169375	38369375	harbor1	chr8	38225020	38225390	LTR/ERVL-MaLR	2642	+	185	38225205	55830
chr8	142524862	142724862	harbor1	chr8	142567776	142567888	LTR/ERVL-MaLR	1180	+	56	142567832	42970
chr8	142524862	142724862	harbor1	chr8	142568187	142568441	LTR/ERVL-MaLR	1180	+	127	142568314	43452
chr8	142524862	142724862	harbor1	chr8	142588525	142588934	LTR/ERVL-MaLR	2166	+	204	142588729	63867
chr8	17057584	17257584	harbor1	chr8	17132792	17133147	LTR/ERVL-MaLR	1888	+	178	17132970	75386
chr8	17057584	17257584	harbor1	chr8	17141950	17142036	LTR/ERVL-MaLR	1809	+	43	17141993	84409
chr8	17057584	17257584	harbor1	chr8	17142398	17142683	LTR/ERVL-MaLR	1809	+	142	17142540	84956
chr8	144366341	144566341	harbor1	chr8	144378259	144378597	LTR/ERVL-MaLR	1764	+	169	144378428	12087
chr8	144366341	144566341	harbor1	chr8	144378894	144378932	LTR/ERVL-MaLR	1764	+	19	144378913	12572
chr8	144366341	144566341	harbor1	chr8	144379233	144379272	LTR/ERVL-MaLR	1764	+	20	144379253	12912
chr8	144366341	144566341	harbor1	chr8	144406868	144406926	LTR/ERVL-MaLR	530	+	29	144406897	40556
chr8	144366341	144566341	harbor1	chr8	144407846	144408038	LTR/ERVL-MaLR	530	+	96	144407942	41601
chr8	144366341	144566341	harbor1	chr8	144411767	144412019	LTR/ERVL-MaLR	899	+	126	144411893	45552
chr8	23382752	23582752	harbor1	chr8	23399318	23399738	LTR/ERVL-MaLR	2516	+	210	23399528	16776
chr8	23382752	23582752	harbor1	chr8	23416643	23416988	LTR/ERVL-MaLR	1248	+	172	23416815	34063
chr8	23382752	23582752	harbor1	chr8	23419033	23419377	LTR/ERVL-MaLR	1113	+	172	23419205	36453
chr8	23382752	23582752	harbor1	chr8	23423662	23424033	LTR/ERVL-MaLR	2228	+	186	23423848	41096
chr8	23382752	23582752	harbor1	chr8	23448361	23448695	LTR/ERVL-MaLR	1614	+	167	23448528	65776
chr8	23382752	23582752	harbor1	chr8	23461908	23462142	LTR/ERVL-MaLR	611	+	117	23462025	79273
chr8	23382752	23582752	harbor1	chr8	23462477	23462877	LTR/ERVL-MaLR	1336	+	200	23462677	79925
chr8	23382752	23582752	harbor1	chr8	23475128	23475389	LTR/ERVL-MaLR	724	+	130	23475258	92506
chr8	23398575	23598575	harbor1	chr8	23399318	23399738	LTR/ERVL-MaLR	2516	+	210	23399528	953
chr8	23398575	23598575	harbor1	chr8	23416643	23416988	LTR/ERVL-MaLR	1248	+	172	23416815	18240
chr8	23398575	23598575	harbor1	chr8	23419033	23419377	LTR/ERVL-MaLR	1113	+	172	23419205	20630
chr8	23398575	23598575	harbor1	chr8	23423662	23424033	LTR/ERVL-MaLR	2228	+	186	23423848	25273
chr8	23398575	23598575	harbor1	chr8	23448361	23448695	LTR/ERVL-MaLR	1614	+	167	23448528	49953
chr8	23398575	23598575	harbor1	chr8	23461908	23462142	LTR/ERVL-MaLR	611	+	117	23462025	63450
chr8	23398575	23598575	harbor1	chr8	23462477	23462877	LTR/ERVL-MaLR	1336	+	200	23462677	64102
chr8	23398575	23598575	harbor1	chr8	23475128	23475389	LTR/ERVL-MaLR	724	+	130	23475258	76683
chr8	23398575	23598575	harbor1	chr8	23490403	23490868	LTR/ERVL-MaLR	1585	+	232	23490635	92060
chr8	144374989	144574989	harbor1	chr8	144378259	144378597	LTR/ERVL-MaLR	1764	+	169	144378428	3439
chr8	144374989	144574989	harbor1	chr8	144378894	144378932	LTR/ERVL-MaLR	1764	+	19	144378913	3924
chr8	144374989	144574989	harbor1	chr8	144379233	144379272	LTR/ERVL-MaLR	1764	+	20	144379253	4264
chr8	144374989	144574989	harbor1	chr8	144406868	144406926	LTR/ERVL-MaLR	530	+	29	144406897	31908
chr8	144374989	144574989	harbor1	chr8	144407846	144408038	LTR/ERVL-MaLR	530	+	96	144407942	32953
chr8	144374989	144574989	harbor1	chr8	144411767	144412019	LTR/ERVL-MaLR	899	+	126	144411893	36904
chr8	23382836	23582836	harbor1	chr8	23399318	23399738	LTR/ERVL-MaLR	2516	+	210	23399528	16692
chr8	23382836	23582836	harbor1	chr8	23416643	23416988	LTR/ERVL-MaLR	1248	+	172	23416815	33979
chr8	23382836	23582836	harbor1	chr8	23419033	23419377	LTR/ERVL-MaLR	1113	+	172	23419205	36369
chr8	23382836	23582836	harbor1	chr8	23423662	23424033	LTR/ERVL-MaLR	2228	+	186	23423848	41012
chr8	23382836	23582836	harbor1	chr8	23448361	23448695	LTR/ERVL-MaLR	1614	+	167	23448528	65692
chr8	23382836	23582836	harbor1	chr8	23461908	23462142	LTR/ERVL-MaLR	611	+	117	23462025	79189
chr8	23382836	23582836	harbor1	chr8	23462477	23462877	LTR/ERVL-MaLR	1336	+	200	23462677	79841
chr8	23382836	23582836	harbor1	chr8	23475128	23475389	LTR/ERVL-MaLR	724	+	130	23475258	92422
chr8	35278099	35478099	harbor1	chr8	35321269	35321643	LTR/ERVL-MaLR	2260	+	187	35321456	43357
chr8	35278099	35478099	harbor1	chr8	35355634	35355959	LTR/ERVL-MaLR	1290	+	162	35355796	77697
chr8	35278099	35478099	harbor1	chr8	35356091	35356148	LTR/ERVL-MaLR	447	+	28	35356119	78020
chr8	35278099	35478099	harbor1	chr8	35368639	35369022	LTR/ERVL-MaLR	1230	+	192	35368831	90732
chr8	142524984	142724984	harbor1	chr8	142567776	142567888	LTR/ERVL-MaLR	1180	+	56	142567832	42848
chr8	142524984	142724984	harbor1	chr8	142568187	142568441	LTR/ERVL-MaLR	1180	+	127	142568314	43330
chr8	142524984	142724984	harbor1	chr8	142588525	142588934	LTR/ERVL-MaLR	2166	+	204	142588729	63745
chr8	38167968	38367968	harbor1	chr8	38171294	38171432	LTR/ERVL-MaLR	454	+	69	38171363	3395
chr8	38167968	38367968	harbor1	chr8	38225020	38225390	LTR/ERVL-MaLR	2642	+	185	38225205	57237
chr8	29983014	30183014	harbor1	chr8	30009942	30010299	LTR/ERVL-MaLR	2216	+	178	30010120	27106
chr8	29983014	30183014	harbor1	chr8	30017885	30018201	LTR/ERVL-MaLR	843	+	158	30018043	35029
chr8	29983014	30183014	harbor1	chr8	30050486	30050850	LTR/ERVL-MaLR	1273	+	182	30050668	67654
chr8	29983014	30183014	harbor1	chr8	30058467	30058665	LTR/ERVL-MaLR	2472	+	99	30058566	75552
chr8	29983014	30183014	harbor1	chr8	30058956	30059191	LTR/ERVL-MaLR	2472	+	118	30059074	76060
chr8	29983014	30183014	harbor1	chr8	30076571	30076940	LTR/ERVL-MaLR	2185	+	184	30076755	93741
chr8	23146666	23346666	harbor1	chr8	23169136	23169550	LTR/ERVL-MaLR	2288	+	207	23169343	22677
chr8	23146666	23346666	harbor1	chr8	23178391	23178457	LTR/ERVL-MaLR	1533	+	33	23178424	31758
chr8	23146666	23346666	harbor1	chr8	23178746	23179122	LTR/ERVL-MaLR	1533	+	188	23178934	32268
chr8	23146666	23346666	harbor1	chr8	23186805	23187208	LTR/ERVL-MaLR	1984	+	202	23187007	40341
chr8	23146666	23346666	harbor1	chr8	23188056	23188238	LTR/ERVL-MaLR	1647	+	91	23188147	41481
chr8	23146666	23346666	harbor1	chr8	23188239	23188644	LTR/ERVL-MaLR	2436	+	202	23188441	41775
chr8	23146666	23346666	harbor1	chr8	23188645	23188735	LTR/ERVL-MaLR	1647	+	45	23188690	42024
chr8	23146666	23346666	harbor1	chr8	23189158	23189316	LTR/ERVL-MaLR	1647	+	79	23189237	42571
chr8	23146666	23346666	harbor1	chr8	23207563	23207904	LTR/ERVL-MaLR	2107	+	170	23207733	61067
chr8	23146666	23346666	harbor1	chr8	23207928	23208444	LTR/ERVL-MaLR	10272	+	258	23208186	61520
chr8	23146666	23346666	harbor1	chr8	23208756	23209911	LTR/ERVL-MaLR	10272	+	578	23209334	62668
chr8	23146666	23346666	harbor1	chr8	23209912	23210261	LTR/ERVL-MaLR	1922	+	174	23210086	63420
chr8	23146666	23346666	harbor1	chr8	23222667	23223056	LTR/ERVL-MaLR	1158	+	194	23222861	76195
chr8	23146666	23346666	harbor1	chr8	23223365	23223403	LTR/ERVL-MaLR	1158	+	19	23223384	76718
chr8	23146666	23346666	harbor1	chr8	23227910	23228227	LTR/ERVL-MaLR	1322	+	158	23228068	81402
chr8	8665131	8865131	harbor1	chr8	8668478	8668645	LTR/ERVL-MaLR	566	+	84	8668562	3431
chr8	8665131	8865131	harbor1	chr8	8679510	8679950	LTR/ERVL-MaLR	1748	+	220	8679730	14599
chr8	8665131	8865131	harbor1	chr8	8689415	8689662	LTR/ERVL-MaLR	523	+	124	8689539	24408
chr8	8665131	8865131	harbor1	chr8	8720457	8720816	LTR/ERVL-MaLR	2745	+	180	8720637	55506
chr8	8665131	8865131	harbor1	chr8	8725495	8725661	LTR/ERVL-MaLR	1373	+	83	8725578	60447
chr8	8665131	8865131	harbor1	chr8	8725961	8726268	LTR/ERVL-MaLR	1373	+	154	8726115	60984
chr8	8665131	8865131	harbor1	chr8	8734440	8734773	LTR/ERVL-MaLR	1980	+	166	8734606	69475
chr8	102556522	102756522	harbor1	chr8	102574102	102574575	LTR/ERVL-MaLR	1836	+	236	102574338	17816
chr8	102556522	102756522	harbor1	chr8	102579259	102579359	LTR/ERVL-MaLR	2344	+	50	102579309	22787
chr8	102556522	102756522	harbor1	chr8	102579665	102580034	LTR/ERVL-MaLR	2344	+	184	102579849	23327
chr8	102556522	102756522	harbor1	chr8	102581015	102581058	LTR/ERVL-MaLR	2344	+	22	102581037	24515
chr8	102556522	102756522	harbor1	chr8	102581190	102581258	LTR/ERVL-MaLR	2344	+	34	102581224	24702
chr8	102556522	102756522	harbor1	chr8	102608167	102608330	LTR/ERVL-MaLR	651	+	82	102608249	51727
chr8	102556522	102756522	harbor1	chr8	102608639	102608921	LTR/ERVL-MaLR	870	+	141	102608780	52258
chr8	102556522	102756522	harbor1	chr8	102609535	102609598	LTR/ERVL-MaLR	870	+	32	102609567	53045
chr8	102556522	102756522	harbor1	chr8	102616078	102616485	LTR/ERVL-MaLR	634	+	204	102616282	59760
chr8	102556522	102756522	harbor1	chr8	102630904	102631442	LTR/ERVL-MaLR	817	+	269	102631173	74651
chr8	102556522	102756522	harbor1	chr8	102632837	102633001	LTR/ERVL-MaLR	628	+	82	102632919	76397
chr8	102556522	102756522	harbor1	chr8	102633008	102633348	LTR/ERVL-MaLR	951	+	170	102633178	76656
chr8	102556522	102756522	harbor1	chr8	102633641	102633717	LTR/ERVL-MaLR	951	+	38	102633679	77157
chr8	102556522	102756522	harbor1	chr8	102640813	102641173	LTR/ERVL-MaLR	2311	+	180	102640993	84471
chr8	143960625	144160625	harbor1	chr8	143962062	143962472	LTR/ERVL-MaLR	896	+	205	143962267	1642
chr8	143960625	144160625	harbor1	chr8	143962484	143963674	LTR/ERVL-MaLR	3556	+	595	143963079	2454
chr8	143960625	144160625	harbor1	chr8	143964110	143964230	LTR/ERVL-MaLR	463	+	60	143964170	3545
chr8	143960625	144160625	harbor1	chr8	143964231	143964679	LTR/ERVL-MaLR	1467	+	224	143964455	3830
chr8	143960625	144160625	harbor1	chr8	144000122	144000544	LTR/ERVL-MaLR	2007	+	211	144000333	39708
chr8	143960625	144160625	harbor1	chr8	144006601	144006903	LTR/ERVL-MaLR	1160	+	151	144006752	46127
chr8	142524964	142724964	harbor1	chr8	142567776	142567888	LTR/ERVL-MaLR	1180	+	56	142567832	42868
chr8	142524964	142724964	harbor1	chr8	142568187	142568441	LTR/ERVL-MaLR	1180	+	127	142568314	43350
chr8	142524964	142724964	harbor1	chr8	142588525	142588934	LTR/ERVL-MaLR	2166	+	204	142588729	63765
chr8	142524925	142724925	harbor1	chr8	142567776	142567888	LTR/ERVL-MaLR	1180	+	56	142567832	42907
chr8	142524925	142724925	harbor1	chr8	142568187	142568441	LTR/ERVL-MaLR	1180	+	127	142568314	43389
chr8	142524925	142724925	harbor1	chr8	142588525	142588934	LTR/ERVL-MaLR	2166	+	204	142588729	63804
chr8	144006082	144206082	harbor1	chr8	144006601	144006903	LTR/ERVL-MaLR	1160	+	151	144006752	670
chr8	144006082	144206082	harbor1	chr8	144067171	144067468	LTR/ERVL-MaLR	611	+	148	144067319	61237
chr8	144006082	144206082	harbor1	chr8	144077542	144078060	LTR/ERVL-MaLR	1645	+	259	144077801	71719
chr8	21682210	21882210	harbor1	chr8	21697656	21698018	LTR/ERVL-MaLR	2717	+	181	21697837	15627
chr8	21682210	21882210	harbor1	chr8	21718087	21718441	LTR/ERVL-MaLR	2200	+	177	21718264	36054
chr8	21682210	21882210	harbor1	chr8	21742146	21742554	LTR/ERVL-MaLR	1598	+	204	21742350	60140
chr8	21682210	21882210	harbor1	chr8	21708492	21708942	LTR/ERVL-MaLR	1992	+	225	21708717	26507
chr8	42040636	42240636	harbor1	chr8	42089216	42089571	LTR/ERVL-MaLR	1790	+	178	42089394	48758
chr8	42040636	42240636	harbor1	chr8	42094099	42094543	LTR/ERVL-MaLR	1088	+	222	42094321	53685
chr8	42040636	42240636	harbor1	chr8	42094844	42094922	LTR/ERVL-MaLR	1088	+	39	42094883	54247
chr8	42040636	42240636	harbor1	chr8	42118645	42119136	LTR/ERVL-MaLR	699	+	246	42118891	78255
chr8	96960816	97160816	harbor1	chr8	96984290	96984676	LTR/ERVL-MaLR	1639	+	193	96984483	23667
chr8	96960816	97160816	harbor1	chr8	97055722	97055817	LTR/ERVL-MaLR	870	+	48	97055770	94954
chr8	96960816	97160816	harbor1	chr8	97056133	97056197	LTR/ERVL-MaLR	870	+	32	97056165	95349
chr8	23428962	23628962	harbor1	chr8	23448361	23448695	LTR/ERVL-MaLR	1614	+	167	23448528	19566
chr8	23428962	23628962	harbor1	chr8	23461908	23462142	LTR/ERVL-MaLR	611	+	117	23462025	33063
chr8	23428962	23628962	harbor1	chr8	23462477	23462877	LTR/ERVL-MaLR	1336	+	200	23462677	33715
chr8	23428962	23628962	harbor1	chr8	23475128	23475389	LTR/ERVL-MaLR	724	+	130	23475258	46296
chr8	23428962	23628962	harbor1	chr8	23490403	23490868	LTR/ERVL-MaLR	1585	+	232	23490635	61673
chr8	23428962	23628962	harbor1	chr8	23522310	23522666	LTR/ERVL-MaLR	1273	+	178	23522488	93526
chr8	23428962	23628962	harbor1	chr8	23510714	23511079	LTR/ERVL-MaLR	2218	+	182	23510896	81934
chr8	41443390	41643390	harbor1	chr8	41465998	41466314	LTR/ERVL-MaLR	1634	+	158	41466156	22766
chr8	41443390	41643390	harbor1	chr8	41467975	41468412	LTR/ERVL-MaLR	1579	+	218	41468193	24803
chr8	41443390	41643390	harbor1	chr8	41486947	41487220	LTR/ERVL-MaLR	992	+	136	41487083	43693
chr8	3258304	3458304	harbor1	chr8	3281772	3282161	LTR/ERVL-MaLR	2096	+	194	3281966	23662
chr8	3258304	3458304	harbor1	chr8	3305349	3305688	LTR/ERVL-MaLR	1063	+	170	3305519	47215
chr8	3258304	3458304	harbor1	chr8	3305980	3306014	LTR/ERVL-MaLR	1063	+	17	3305997	47693
chr8	3258304	3458304	harbor1	chr8	3307027	3307477	LTR/ERVL-MaLR	445	+	225	3307252	48948
chr8	3258304	3458304	harbor1	chr8	3332779	3333347	LTR/ERVL-MaLR	1147	+	284	3333063	74759
chr8	3258304	3458304	harbor1	chr8	3355469	3355860	LTR/ERVL-MaLR	437	+	196	3355665	97361
chr8	100621232	100821232	harbor1	chr8	100653352	100653736	LTR/ERVL-MaLR	1311	+	192	100653544	32312
chr8	100621232	100821232	harbor1	chr8	100655339	100655685	LTR/ERVL-MaLR	2235	+	173	100655512	34280
chr8	100621232	100821232	harbor1	chr8	100683912	100683978	LTR/ERVL-MaLR	749	+	33	100683945	62713
chr8	100621232	100821232	harbor1	chr8	100684298	100684510	LTR/ERVL-MaLR	749	+	106	100684404	63172
chr8	38169193	38369193	harbor1	chr8	38171294	38171432	LTR/ERVL-MaLR	454	+	69	38171363	2170
chr8	38169193	38369193	harbor1	chr8	38225020	38225390	LTR/ERVL-MaLR	2642	+	185	38225205	56012
chr8	32680112	32880112	harbor1	chr8	32776370	32776742	LTR/ERVL-MaLR	1840	+	186	32776556	96444
chr8	32680112	32880112	harbor1	chr8	32776746	32776932	LTR/ERVL-MaLR	1104	+	93	32776839	96727
chr8	32680112	32880112	harbor1	chr8	32778381	32778738	LTR/ERVL-MaLR	1715	+	178	32778559	98447
chr8	29983347	30183347	harbor1	chr8	30009942	30010299	LTR/ERVL-MaLR	2216	+	178	30010120	26773
chr8	29983347	30183347	harbor1	chr8	30017885	30018201	LTR/ERVL-MaLR	843	+	158	30018043	34696
chr8	29983347	30183347	harbor1	chr8	30050486	30050850	LTR/ERVL-MaLR	1273	+	182	30050668	67321
chr8	29983347	30183347	harbor1	chr8	30058467	30058665	LTR/ERVL-MaLR	2472	+	99	30058566	75219
chr8	29983347	30183347	harbor1	chr8	30058956	30059191	LTR/ERVL-MaLR	2472	+	118	30059074	75727
chr8	29983347	30183347	harbor1	chr8	30076571	30076940	LTR/ERVL-MaLR	2185	+	184	30076755	93408
chr8	72661683	72861683	harbor1	chr8	72671607	72671862	LTR/ERVL-MaLR	542	+	128	72671735	10052
chr8	72661683	72861683	harbor1	chr8	72673201	72673578	LTR/ERVL-MaLR	2675	+	188	72673389	11706
chr8	72661683	72861683	harbor1	chr8	72676896	72677346	LTR/ERVL-MaLR	1888	+	225	72677121	15438
chr8	72661683	72861683	harbor1	chr8	72726029	72726391	LTR/ERVL-MaLR	1497	+	181	72726210	64527
chr8	143420517	143620517	harbor1	chr8	143501879	143502258	LTR/ERVL-MaLR	1184	+	190	143502069	81552
chr8	23428892	23628892	harbor1	chr8	23448361	23448695	LTR/ERVL-MaLR	1614	+	167	23448528	19636
chr8	23428892	23628892	harbor1	chr8	23461908	23462142	LTR/ERVL-MaLR	611	+	117	23462025	33133
chr8	23428892	23628892	harbor1	chr8	23462477	23462877	LTR/ERVL-MaLR	1336	+	200	23462677	33785
chr8	23428892	23628892	harbor1	chr8	23475128	23475389	LTR/ERVL-MaLR	724	+	130	23475258	46366
chr8	23428892	23628892	harbor1	chr8	23490403	23490868	LTR/ERVL-MaLR	1585	+	232	23490635	61743
chr8	23428892	23628892	harbor1	chr8	23522310	23522666	LTR/ERVL-MaLR	1273	+	178	23522488	93596
chr8	23428892	23628892	harbor1	chr8	23510714	23511079	LTR/ERVL-MaLR	2218	+	182	23510896	82004
chr8	66405141	66605141	harbor1	chr8	66476559	66476637	LTR/ERVL-MaLR	480	+	39	66476598	71457
chr8	66405141	66605141	harbor1	chr8	66477475	66477834	LTR/ERVL-MaLR	1571	+	180	66477655	72514
chr8	23384163	23584163	harbor1	chr8	23399318	23399738	LTR/ERVL-MaLR	2516	+	210	23399528	15365
chr8	23384163	23584163	harbor1	chr8	23416643	23416988	LTR/ERVL-MaLR	1248	+	172	23416815	32652
chr8	23384163	23584163	harbor1	chr8	23419033	23419377	LTR/ERVL-MaLR	1113	+	172	23419205	35042
chr8	23384163	23584163	harbor1	chr8	23423662	23424033	LTR/ERVL-MaLR	2228	+	186	23423848	39685
chr8	23384163	23584163	harbor1	chr8	23448361	23448695	LTR/ERVL-MaLR	1614	+	167	23448528	64365
chr8	23384163	23584163	harbor1	chr8	23461908	23462142	LTR/ERVL-MaLR	611	+	117	23462025	77862
chr8	23384163	23584163	harbor1	chr8	23462477	23462877	LTR/ERVL-MaLR	1336	+	200	23462677	78514
chr8	23384163	23584163	harbor1	chr8	23475128	23475389	LTR/ERVL-MaLR	724	+	130	23475258	91095
chr8	58719745	58919745	harbor1	chr8	58724604	58724966	LTR/ERVL-MaLR	2132	+	181	58724785	5040
chr8	58719745	58919745	harbor1	chr8	58732565	58733042	LTR/ERVL-MaLR	905	+	238	58732803	13058
chr8	58719745	58919745	harbor1	chr8	58733449	58733605	LTR/ERVL-MaLR	1133	+	78	58733527	13782
chr8	58719745	58919745	harbor1	chr8	58733877	58734128	LTR/ERVL-MaLR	1133	+	126	58734003	14258
chr8	58719745	58919745	harbor1	chr8	58756368	58756741	LTR/ERVL-MaLR	1140	+	186	58756554	36809
chr8	58719745	58919745	harbor1	chr8	58766413	58766778	LTR/ERVL-MaLR	2105	+	182	58766595	46850
chr8	144689776	144889776	harbor1	chr8	144698014	144698426	LTR/ERVL-MaLR	2446	+	206	144698220	8444
chr8	144689776	144889776	harbor1	chr8	144744471	144744769	LTR/ERVL-MaLR	1227	+	149	144744620	54844
chr8	144689776	144889776	harbor1	chr8	144761453	144761820	LTR/ERVL-MaLR	1927	+	184	144761637	71861
chr8	144689776	144889776	harbor1	chr8	144770594	144770933	LTR/ERVL-MaLR	1329	+	170	144770764	80988
chr9	4663254	4863254	harbor1	chr9	4715795	4716197	LTR/ERVL-MaLR	740	+	201	4715996	52742
chr9	4663254	4863254	harbor1	chr9	4734005	4734371	LTR/ERVL-MaLR	1500	+	183	4734188	70934
chr9	4663254	4863254	harbor1	chr9	4744317	4744746	LTR/ERVL-MaLR	1937	+	214	4744531	81277
chr9	4663254	4863254	harbor1	chr9	4745926	4746431	LTR/ERVL-MaLR	1353	+	252	4746178	82924
chr9	4692931	4892931	harbor1	chr9	4715795	4716197	LTR/ERVL-MaLR	740	+	201	4715996	23065
chr9	4692931	4892931	harbor1	chr9	4734005	4734371	LTR/ERVL-MaLR	1500	+	183	4734188	41257
chr9	4692931	4892931	harbor1	chr9	4744317	4744746	LTR/ERVL-MaLR	1937	+	214	4744531	51600
chr9	4692931	4892931	harbor1	chr9	4745926	4746431	LTR/ERVL-MaLR	1353	+	252	4746178	53247
chr9	4692931	4892931	harbor1	chr9	4786060	4786364	LTR/ERVL-MaLR	2618	+	152	4786212	93281
chr9	4692931	4892931	harbor1	chr9	4786667	4786739	LTR/ERVL-MaLR	2618	+	36	4786703	93772
chr9	4692160	4892160	harbor1	chr9	4715795	4716197	LTR/ERVL-MaLR	740	+	201	4715996	23836
chr9	4692160	4892160	harbor1	chr9	4734005	4734371	LTR/ERVL-MaLR	1500	+	183	4734188	42028
chr9	4692160	4892160	harbor1	chr9	4744317	4744746	LTR/ERVL-MaLR	1937	+	214	4744531	52371
chr9	4692160	4892160	harbor1	chr9	4745926	4746431	LTR/ERVL-MaLR	1353	+	252	4746178	54018
chr9	4692160	4892160	harbor1	chr9	4786060	4786364	LTR/ERVL-MaLR	2618	+	152	4786212	94052
chr9	4692160	4892160	harbor1	chr9	4786667	4786739	LTR/ERVL-MaLR	2618	+	36	4786703	94543
chr9	4692665	4892665	harbor1	chr9	4715795	4716197	LTR/ERVL-MaLR	740	+	201	4715996	23331
chr9	4692665	4892665	harbor1	chr9	4734005	4734371	LTR/ERVL-MaLR	1500	+	183	4734188	41523
chr9	4692665	4892665	harbor1	chr9	4744317	4744746	LTR/ERVL-MaLR	1937	+	214	4744531	51866
chr9	4692665	4892665	harbor1	chr9	4745926	4746431	LTR/ERVL-MaLR	1353	+	252	4746178	53513
chr9	4692665	4892665	harbor1	chr9	4786060	4786364	LTR/ERVL-MaLR	2618	+	152	4786212	93547
chr9	4692665	4892665	harbor1	chr9	4786667	4786739	LTR/ERVL-MaLR	2618	+	36	4786703	94038
chr9	4883814	5083814	harbor1	chr9	4906260	4906423	LTR/ERVL-MaLR	1398	+	82	4906342	22528
chr9	4883814	5083814	harbor1	chr9	4906725	4906961	LTR/ERVL-MaLR	1398	+	118	4906843	23029
chr9	4692207	4892207	harbor1	chr9	4715795	4716197	LTR/ERVL-MaLR	740	+	201	4715996	23789
chr9	4692207	4892207	harbor1	chr9	4734005	4734371	LTR/ERVL-MaLR	1500	+	183	4734188	41981
chr9	4692207	4892207	harbor1	chr9	4744317	4744746	LTR/ERVL-MaLR	1937	+	214	4744531	52324
chr9	4692207	4892207	harbor1	chr9	4745926	4746431	LTR/ERVL-MaLR	1353	+	252	4746178	53971
chr9	4692207	4892207	harbor1	chr9	4786060	4786364	LTR/ERVL-MaLR	2618	+	152	4786212	94005
chr9	4692207	4892207	harbor1	chr9	4786667	4786739	LTR/ERVL-MaLR	2618	+	36	4786703	94496
chr9	4692981	4892981	harbor1	chr9	4715795	4716197	LTR/ERVL-MaLR	740	+	201	4715996	23015
chr9	4692981	4892981	harbor1	chr9	4734005	4734371	LTR/ERVL-MaLR	1500	+	183	4734188	41207
chr9	4692981	4892981	harbor1	chr9	4744317	4744746	LTR/ERVL-MaLR	1937	+	214	4744531	51550
chr9	4692981	4892981	harbor1	chr9	4745926	4746431	LTR/ERVL-MaLR	1353	+	252	4746178	53197
chr9	4692981	4892981	harbor1	chr9	4786060	4786364	LTR/ERVL-MaLR	2618	+	152	4786212	93231
chr9	4692981	4892981	harbor1	chr9	4786667	4786739	LTR/ERVL-MaLR	2618	+	36	4786703	93722
chr9	4692827	4892827	harbor1	chr9	4715795	4716197	LTR/ERVL-MaLR	740	+	201	4715996	23169
chr9	4692827	4892827	harbor1	chr9	4734005	4734371	LTR/ERVL-MaLR	1500	+	183	4734188	41361
chr9	4692827	4892827	harbor1	chr9	4744317	4744746	LTR/ERVL-MaLR	1937	+	214	4744531	51704
chr9	4692827	4892827	harbor1	chr9	4745926	4746431	LTR/ERVL-MaLR	1353	+	252	4746178	53351
chr9	4692827	4892827	harbor1	chr9	4786060	4786364	LTR/ERVL-MaLR	2618	+	152	4786212	93385
chr9	4692827	4892827	harbor1	chr9	4786667	4786739	LTR/ERVL-MaLR	2618	+	36	4786703	93876
chr9	4693009	4893009	harbor1	chr9	4715795	4716197	LTR/ERVL-MaLR	740	+	201	4715996	22987
chr9	4693009	4893009	harbor1	chr9	4734005	4734371	LTR/ERVL-MaLR	1500	+	183	4734188	41179
chr9	4693009	4893009	harbor1	chr9	4744317	4744746	LTR/ERVL-MaLR	1937	+	214	4744531	51522
chr9	4693009	4893009	harbor1	chr9	4745926	4746431	LTR/ERVL-MaLR	1353	+	252	4746178	53169
chr9	4693009	4893009	harbor1	chr9	4786060	4786364	LTR/ERVL-MaLR	2618	+	152	4786212	93203
chr9	4693009	4893009	harbor1	chr9	4786667	4786739	LTR/ERVL-MaLR	2618	+	36	4786703	93694
chr9	4663492	4863492	harbor1	chr9	4715795	4716197	LTR/ERVL-MaLR	740	+	201	4715996	52504
chr9	4663492	4863492	harbor1	chr9	4734005	4734371	LTR/ERVL-MaLR	1500	+	183	4734188	70696
chr9	4663492	4863492	harbor1	chr9	4744317	4744746	LTR/ERVL-MaLR	1937	+	214	4744531	81039
chr9	4663492	4863492	harbor1	chr9	4745926	4746431	LTR/ERVL-MaLR	1353	+	252	4746178	82686
chr9	4692473	4892473	harbor1	chr9	4715795	4716197	LTR/ERVL-MaLR	740	+	201	4715996	23523
chr9	4692473	4892473	harbor1	chr9	4734005	4734371	LTR/ERVL-MaLR	1500	+	183	4734188	41715
chr9	4692473	4892473	harbor1	chr9	4744317	4744746	LTR/ERVL-MaLR	1937	+	214	4744531	52058
chr9	4692473	4892473	harbor1	chr9	4745926	4746431	LTR/ERVL-MaLR	1353	+	252	4746178	53705
chr9	4692473	4892473	harbor1	chr9	4786060	4786364	LTR/ERVL-MaLR	2618	+	152	4786212	93739
chr9	4692473	4892473	harbor1	chr9	4786667	4786739	LTR/ERVL-MaLR	2618	+	36	4786703	94230
chr9	1955525	2155525	harbor1	chr9	1969932	1970158	LTR/ERVL-MaLR	760	+	113	1970045	14520
chr9	1955525	2155525	harbor1	chr9	1970400	1970732	LTR/ERVL-MaLR	760	+	166	1970566	15041
chr9	1955525	2155525	harbor1	chr9	1971248	1971395	LTR/ERVL-MaLR	934	+	74	1971322	15797
chr9	1955525	2155525	harbor1	chr9	1971396	1972980	LTR/ERVL-MaLR	10518	+	792	1972188	16663
chr9	1955525	2155525	harbor1	chr9	1972981	1973344	LTR/ERVL-MaLR	2712	+	182	1973163	17638
chr9	4766620	4966620	harbor1	chr9	4786060	4786364	LTR/ERVL-MaLR	2618	+	152	4786212	19592
chr9	4766620	4966620	harbor1	chr9	4786667	4786739	LTR/ERVL-MaLR	2618	+	36	4786703	20083
chr9	4663979	4863979	harbor1	chr9	4715795	4716197	LTR/ERVL-MaLR	740	+	201	4715996	52017
chr9	4663979	4863979	harbor1	chr9	4734005	4734371	LTR/ERVL-MaLR	1500	+	183	4734188	70209
chr9	4663979	4863979	harbor1	chr9	4744317	4744746	LTR/ERVL-MaLR	1937	+	214	4744531	80552
chr9	4663979	4863979	harbor1	chr9	4745926	4746431	LTR/ERVL-MaLR	1353	+	252	4746178	82199
chr9	4779222	4979222	harbor1	chr9	4786060	4786364	LTR/ERVL-MaLR	2618	+	152	4786212	6990
chr9	4779222	4979222	harbor1	chr9	4786667	4786739	LTR/ERVL-MaLR	2618	+	36	4786703	7481
chr9	4779222	4979222	harbor1	chr9	4873802	4874157	LTR/ERVL-MaLR	1879	+	178	4873980	94758
chr9	132805611	133005611	harbor1	chr9	132811163	132811638	LTR/ERVL-MaLR	2131	+	238	132811401	5790
chr9	132805611	133005611	harbor1	chr9	132843109	132843514	LTR/ERVL-MaLR	2614	+	202	132843311	37700
chr9	132805611	133005611	harbor1	chr9	132856451	132856816	LTR/ERVL-MaLR	703	+	182	132856633	51022
chr9	132805611	133005611	harbor1	chr9	132898838	132898919	LTR/ERVL-MaLR	800	+	40	132898878	93267
chr9	132805611	133005611	harbor1	chr9	132899226	132899525	LTR/ERVL-MaLR	800	+	150	132899376	93765
chr9	100252658	100452658	harbor1	chr9	100287506	100287837	LTR/ERVL-MaLR	1539	+	166	100287672	35014
chr9	4879874	5079874	harbor1	chr9	4906260	4906423	LTR/ERVL-MaLR	1398	+	82	4906342	26468
chr9	4879874	5079874	harbor1	chr9	4906725	4906961	LTR/ERVL-MaLR	1398	+	118	4906843	26969
chr9	4883151	5083151	harbor1	chr9	4906260	4906423	LTR/ERVL-MaLR	1398	+	82	4906342	23191
chr9	4883151	5083151	harbor1	chr9	4906725	4906961	LTR/ERVL-MaLR	1398	+	118	4906843	23692
chr9	4692614	4892614	harbor1	chr9	4715795	4716197	LTR/ERVL-MaLR	740	+	201	4715996	23382
chr9	4692614	4892614	harbor1	chr9	4734005	4734371	LTR/ERVL-MaLR	1500	+	183	4734188	41574
chr9	4692614	4892614	harbor1	chr9	4744317	4744746	LTR/ERVL-MaLR	1937	+	214	4744531	51917
chr9	4692614	4892614	harbor1	chr9	4745926	4746431	LTR/ERVL-MaLR	1353	+	252	4746178	53564
chr9	4692614	4892614	harbor1	chr9	4786060	4786364	LTR/ERVL-MaLR	2618	+	152	4786212	93598
chr9	4692614	4892614	harbor1	chr9	4786667	4786739	LTR/ERVL-MaLR	2618	+	36	4786703	94089
chr9	4692270	4892270	harbor1	chr9	4715795	4716197	LTR/ERVL-MaLR	740	+	201	4715996	23726
chr9	4692270	4892270	harbor1	chr9	4734005	4734371	LTR/ERVL-MaLR	1500	+	183	4734188	41918
chr9	4692270	4892270	harbor1	chr9	4744317	4744746	LTR/ERVL-MaLR	1937	+	214	4744531	52261
chr9	4692270	4892270	harbor1	chr9	4745926	4746431	LTR/ERVL-MaLR	1353	+	252	4746178	53908
chr9	4692270	4892270	harbor1	chr9	4786060	4786364	LTR/ERVL-MaLR	2618	+	152	4786212	93942
chr9	4692270	4892270	harbor1	chr9	4786667	4786739	LTR/ERVL-MaLR	2618	+	36	4786703	94433
chr9	4669979	4869979	harbor1	chr9	4715795	4716197	LTR/ERVL-MaLR	740	+	201	4715996	46017
chr9	4669979	4869979	harbor1	chr9	4734005	4734371	LTR/ERVL-MaLR	1500	+	183	4734188	64209
chr9	4669979	4869979	harbor1	chr9	4744317	4744746	LTR/ERVL-MaLR	1937	+	214	4744531	74552
chr9	4669979	4869979	harbor1	chr9	4745926	4746431	LTR/ERVL-MaLR	1353	+	252	4746178	76199
chr9	34027018	34227018	harbor1	chr9	34063361	34063502	LTR/ERVL-MaLR	554	+	70	34063431	36413
chr9	4692437	4892437	harbor1	chr9	4715795	4716197	LTR/ERVL-MaLR	740	+	201	4715996	23559
chr9	4692437	4892437	harbor1	chr9	4734005	4734371	LTR/ERVL-MaLR	1500	+	183	4734188	41751
chr9	4692437	4892437	harbor1	chr9	4744317	4744746	LTR/ERVL-MaLR	1937	+	214	4744531	52094
chr9	4692437	4892437	harbor1	chr9	4745926	4746431	LTR/ERVL-MaLR	1353	+	252	4746178	53741
chr9	4692437	4892437	harbor1	chr9	4786060	4786364	LTR/ERVL-MaLR	2618	+	152	4786212	93775
chr9	4692437	4892437	harbor1	chr9	4786667	4786739	LTR/ERVL-MaLR	2618	+	36	4786703	94266
chr9	4693668	4893668	harbor1	chr9	4715795	4716197	LTR/ERVL-MaLR	740	+	201	4715996	22328
chr9	4693668	4893668	harbor1	chr9	4734005	4734371	LTR/ERVL-MaLR	1500	+	183	4734188	40520
chr9	4693668	4893668	harbor1	chr9	4744317	4744746	LTR/ERVL-MaLR	1937	+	214	4744531	50863
chr9	4693668	4893668	harbor1	chr9	4745926	4746431	LTR/ERVL-MaLR	1353	+	252	4746178	52510
chr9	4693668	4893668	harbor1	chr9	4786060	4786364	LTR/ERVL-MaLR	2618	+	152	4786212	92544
chr9	4693668	4893668	harbor1	chr9	4786667	4786739	LTR/ERVL-MaLR	2618	+	36	4786703	93035
chr9	130220946	130420946	harbor1	chr9	130240712	130240818	LTR/ERVL-MaLR	613	+	53	130240765	19819
chr9	130220946	130420946	harbor1	chr9	130246815	130246936	LTR/ERVL-MaLR	1052	+	60	130246875	25929
chr9	130220946	130420946	harbor1	chr9	130247227	130247381	LTR/ERVL-MaLR	1052	+	77	130247304	26358
chr9	130220946	130420946	harbor1	chr9	130257808	130257975	LTR/ERVL-MaLR	2435	+	84	130257892	36946
chr9	130220946	130420946	harbor1	chr9	130258292	130258504	LTR/ERVL-MaLR	2435	+	106	130258398	37452
chr9	130220946	130420946	harbor1	chr9	130279740	130280150	LTR/ERVL-MaLR	2373	+	205	130279945	58999
chr9	130220946	130420946	harbor1	chr9	130280472	130280536	LTR/ERVL-MaLR	2373	+	32	130280504	59558
chr9	4884822	5084822	harbor1	chr9	4906260	4906423	LTR/ERVL-MaLR	1398	+	82	4906342	21520
chr9	4884822	5084822	harbor1	chr9	4906725	4906961	LTR/ERVL-MaLR	1398	+	118	4906843	22021
chr9	132382125	132582125	harbor1	chr9	132476547	132476954	LTR/ERVL-MaLR	1636	+	204	132476751	94626
chr9	132382125	132582125	harbor1	chr9	132478060	132478169	LTR/ERVL-MaLR	743	+	54	132478114	95989
chr9	68605581	68805581	harbor1	chr9	68631273	68631704	LTR/ERVL-MaLR	1203	+	216	68631489	25908
chr9	68605581	68805581	harbor1	chr9	68646588	68647054	LTR/ERVL-MaLR	531	+	233	68646821	41240
chr9	68605581	68805581	harbor1	chr9	68674212	68674715	LTR/ERVL-MaLR	1995	+	252	68674464	68883
chr9	68605581	68805581	harbor1	chr9	68701707	68702050	LTR/ERVL-MaLR	897	+	172	68701879	96298
chr9	68605581	68805581	harbor1	chr9	68702349	68702523	LTR/ERVL-MaLR	897	+	87	68702436	96855
chr9	68605581	68805581	harbor1	chr9	68698096	68698307	LTR/ERVL-MaLR	640	+	106	68698202	92621
chr9	4669278	4869278	harbor1	chr9	4715795	4716197	LTR/ERVL-MaLR	740	+	201	4715996	46718
chr9	4669278	4869278	harbor1	chr9	4734005	4734371	LTR/ERVL-MaLR	1500	+	183	4734188	64910
chr9	4669278	4869278	harbor1	chr9	4744317	4744746	LTR/ERVL-MaLR	1937	+	214	4744531	75253
chr9	4669278	4869278	harbor1	chr9	4745926	4746431	LTR/ERVL-MaLR	1353	+	252	4746178	76900
chr9	4755861	4955861	harbor1	chr9	4786060	4786364	LTR/ERVL-MaLR	2618	+	152	4786212	30351
chr9	4755861	4955861	harbor1	chr9	4786667	4786739	LTR/ERVL-MaLR	2618	+	36	4786703	30842
chr9	4884838	5084838	harbor1	chr9	4906260	4906423	LTR/ERVL-MaLR	1398	+	82	4906342	21504
chr9	4884838	5084838	harbor1	chr9	4906725	4906961	LTR/ERVL-MaLR	1398	+	118	4906843	22005
chr9	4703727	4903727	harbor1	chr9	4715795	4716197	LTR/ERVL-MaLR	740	+	201	4715996	12269
chr9	4703727	4903727	harbor1	chr9	4734005	4734371	LTR/ERVL-MaLR	1500	+	183	4734188	30461
chr9	4703727	4903727	harbor1	chr9	4744317	4744746	LTR/ERVL-MaLR	1937	+	214	4744531	40804
chr9	4703727	4903727	harbor1	chr9	4745926	4746431	LTR/ERVL-MaLR	1353	+	252	4746178	42451
chr9	4703727	4903727	harbor1	chr9	4786060	4786364	LTR/ERVL-MaLR	2618	+	152	4786212	82485
chr9	4703727	4903727	harbor1	chr9	4786667	4786739	LTR/ERVL-MaLR	2618	+	36	4786703	82976
chr9	19130921	19330921	harbor1	chr9	19166197	19166356	LTR/ERVL-MaLR	2361	+	80	19166277	35356
chr9	19130921	19330921	harbor1	chr9	19166672	19166911	LTR/ERVL-MaLR	2361	+	120	19166792	35871
chr9	4567404	4767404	harbor1	chr9	4657334	4657531	LTR/ERVL-MaLR	921	+	98	4657432	90028
chr9	4567404	4767404	harbor1	chr9	4657968	4658216	LTR/ERVL-MaLR	907	+	124	4658092	90688
chr9	4747782	4947782	harbor1	chr9	4786060	4786364	LTR/ERVL-MaLR	2618	+	152	4786212	38430
chr9	4747782	4947782	harbor1	chr9	4786667	4786739	LTR/ERVL-MaLR	2618	+	36	4786703	38921
chr9	4884786	5084786	harbor1	chr9	4906260	4906423	LTR/ERVL-MaLR	1398	+	82	4906342	21556
chr9	4884786	5084786	harbor1	chr9	4906725	4906961	LTR/ERVL-MaLR	1398	+	118	4906843	22057
chr9	4692442	4892442	harbor1	chr9	4715795	4716197	LTR/ERVL-MaLR	740	+	201	4715996	23554
chr9	4692442	4892442	harbor1	chr9	4734005	4734371	LTR/ERVL-MaLR	1500	+	183	4734188	41746
chr9	4692442	4892442	harbor1	chr9	4744317	4744746	LTR/ERVL-MaLR	1937	+	214	4744531	52089
chr9	4692442	4892442	harbor1	chr9	4745926	4746431	LTR/ERVL-MaLR	1353	+	252	4746178	53736
chr9	4692442	4892442	harbor1	chr9	4786060	4786364	LTR/ERVL-MaLR	2618	+	152	4786212	93770
chr9	4692442	4892442	harbor1	chr9	4786667	4786739	LTR/ERVL-MaLR	2618	+	36	4786703	94261
chr9	4692263	4892263	harbor1	chr9	4715795	4716197	LTR/ERVL-MaLR	740	+	201	4715996	23733
chr9	4692263	4892263	harbor1	chr9	4734005	4734371	LTR/ERVL-MaLR	1500	+	183	4734188	41925
chr9	4692263	4892263	harbor1	chr9	4744317	4744746	LTR/ERVL-MaLR	1937	+	214	4744531	52268
chr9	4692263	4892263	harbor1	chr9	4745926	4746431	LTR/ERVL-MaLR	1353	+	252	4746178	53915
chr9	4692263	4892263	harbor1	chr9	4786060	4786364	LTR/ERVL-MaLR	2618	+	152	4786212	93949
chr9	4692263	4892263	harbor1	chr9	4786667	4786739	LTR/ERVL-MaLR	2618	+	36	4786703	94440
chr9	4884812	5084812	harbor1	chr9	4906260	4906423	LTR/ERVL-MaLR	1398	+	82	4906342	21530
chr9	4884812	5084812	harbor1	chr9	4906725	4906961	LTR/ERVL-MaLR	1398	+	118	4906843	22031
chr9	4692767	4892767	harbor1	chr9	4715795	4716197	LTR/ERVL-MaLR	740	+	201	4715996	23229
chr9	4692767	4892767	harbor1	chr9	4734005	4734371	LTR/ERVL-MaLR	1500	+	183	4734188	41421
chr9	4692767	4892767	harbor1	chr9	4744317	4744746	LTR/ERVL-MaLR	1937	+	214	4744531	51764
chr9	4692767	4892767	harbor1	chr9	4745926	4746431	LTR/ERVL-MaLR	1353	+	252	4746178	53411
chr9	4692767	4892767	harbor1	chr9	4786060	4786364	LTR/ERVL-MaLR	2618	+	152	4786212	93445
chr9	4692767	4892767	harbor1	chr9	4786667	4786739	LTR/ERVL-MaLR	2618	+	36	4786703	93936
chr9	4884794	5084794	harbor1	chr9	4906260	4906423	LTR/ERVL-MaLR	1398	+	82	4906342	21548
chr9	4884794	5084794	harbor1	chr9	4906725	4906961	LTR/ERVL-MaLR	1398	+	118	4906843	22049
chr9	68603685	68803685	harbor1	chr9	68631273	68631704	LTR/ERVL-MaLR	1203	+	216	68631489	27804
chr9	68603685	68803685	harbor1	chr9	68646588	68647054	LTR/ERVL-MaLR	531	+	233	68646821	43136
chr9	68603685	68803685	harbor1	chr9	68674212	68674715	LTR/ERVL-MaLR	1995	+	252	68674464	70779
chr9	68603685	68803685	harbor1	chr9	68701707	68702050	LTR/ERVL-MaLR	897	+	172	68701879	98194
chr9	68603685	68803685	harbor1	chr9	68702349	68702523	LTR/ERVL-MaLR	897	+	87	68702436	98751
chr9	68603685	68803685	harbor1	chr9	68698096	68698307	LTR/ERVL-MaLR	640	+	106	68698202	94517
chr9	4663011	4863011	harbor1	chr9	4715795	4716197	LTR/ERVL-MaLR	740	+	201	4715996	52985
chr9	4663011	4863011	harbor1	chr9	4734005	4734371	LTR/ERVL-MaLR	1500	+	183	4734188	71177
chr9	4663011	4863011	harbor1	chr9	4744317	4744746	LTR/ERVL-MaLR	1937	+	214	4744531	81520
chr9	4663011	4863011	harbor1	chr9	4745926	4746431	LTR/ERVL-MaLR	1353	+	252	4746178	83167
chr9	4704642	4904642	harbor1	chr9	4715795	4716197	LTR/ERVL-MaLR	740	+	201	4715996	11354
chr9	4704642	4904642	harbor1	chr9	4734005	4734371	LTR/ERVL-MaLR	1500	+	183	4734188	29546
chr9	4704642	4904642	harbor1	chr9	4744317	4744746	LTR/ERVL-MaLR	1937	+	214	4744531	39889
chr9	4704642	4904642	harbor1	chr9	4745926	4746431	LTR/ERVL-MaLR	1353	+	252	4746178	41536
chr9	4704642	4904642	harbor1	chr9	4786060	4786364	LTR/ERVL-MaLR	2618	+	152	4786212	81570
chr9	4704642	4904642	harbor1	chr9	4786667	4786739	LTR/ERVL-MaLR	2618	+	36	4786703	82061
chr9	95414535	95614535	harbor1	chr9	95428876	95429263	LTR/ERVL-MaLR	1867	+	194	95429070	14535
chr9	95414535	95614535	harbor1	chr9	95429914	95430249	LTR/ERVL-MaLR	1929	+	168	95430082	15547
chr9	95414535	95614535	harbor1	chr9	95431012	95431197	LTR/ERVL-MaLR	708	+	92	95431104	16569
chr9	35657186	35857186	harbor1	chr9	35668813	35669254	LTR/ERVL-MaLR	1652	+	220	35669033	11847
chr9	4698312	4898312	harbor1	chr9	4715795	4716197	LTR/ERVL-MaLR	740	+	201	4715996	17684
chr9	4698312	4898312	harbor1	chr9	4734005	4734371	LTR/ERVL-MaLR	1500	+	183	4734188	35876
chr9	4698312	4898312	harbor1	chr9	4744317	4744746	LTR/ERVL-MaLR	1937	+	214	4744531	46219
chr9	4698312	4898312	harbor1	chr9	4745926	4746431	LTR/ERVL-MaLR	1353	+	252	4746178	47866
chr9	4698312	4898312	harbor1	chr9	4786060	4786364	LTR/ERVL-MaLR	2618	+	152	4786212	87900
chr9	4698312	4898312	harbor1	chr9	4786667	4786739	LTR/ERVL-MaLR	2618	+	36	4786703	88391
chr9	4883407	5083407	harbor1	chr9	4906260	4906423	LTR/ERVL-MaLR	1398	+	82	4906342	22935
chr9	4883407	5083407	harbor1	chr9	4906725	4906961	LTR/ERVL-MaLR	1398	+	118	4906843	23436
chr9	133055213	133255213	harbor1	chr9	133088944	133089255	LTR/ERVL-MaLR	1667	+	156	133089100	33887
chr9	133055213	133255213	harbor1	chr9	133090108	133090204	LTR/ERVL-MaLR	602	+	48	133090156	34943
chr9	133055213	133255213	harbor1	chr9	133144780	133145210	LTR/ERVL-MaLR	1595	+	215	133144995	89782
chr9	133055213	133255213	harbor1	chr9	133146542	133147078	LTR/ERVL-MaLR	1424	+	268	133146810	91597
chr9	4766714	4966714	harbor1	chr9	4786060	4786364	LTR/ERVL-MaLR	2618	+	152	4786212	19498
chr9	4766714	4966714	harbor1	chr9	4786667	4786739	LTR/ERVL-MaLR	2618	+	36	4786703	19989
chr9	133063758	133263758	harbor1	chr9	133088944	133089255	LTR/ERVL-MaLR	1667	+	156	133089100	25342
chr9	133063758	133263758	harbor1	chr9	133090108	133090204	LTR/ERVL-MaLR	602	+	48	133090156	26398
chr9	133063758	133263758	harbor1	chr9	133144780	133145210	LTR/ERVL-MaLR	1595	+	215	133144995	81237
chr9	133063758	133263758	harbor1	chr9	133146542	133147078	LTR/ERVL-MaLR	1424	+	268	133146810	83052
chr9	4883310	5083310	harbor1	chr9	4906260	4906423	LTR/ERVL-MaLR	1398	+	82	4906342	23032
chr9	4883310	5083310	harbor1	chr9	4906725	4906961	LTR/ERVL-MaLR	1398	+	118	4906843	23533
chr9	135599708	135799708	harbor1	chr9	135669007	135669365	LTR/ERVL-MaLR	2396	+	179	135669186	69478
chr9	135599708	135799708	harbor1	chr9	135689928	135690296	LTR/ERVL-MaLR	2380	+	184	135690112	90404
chr9	135599708	135799708	harbor1	chr9	135691814	135692206	LTR/ERVL-MaLR	2070	+	196	135692010	92302
chr9	4883306	5083306	harbor1	chr9	4906260	4906423	LTR/ERVL-MaLR	1398	+	82	4906342	23036
chr9	4883306	5083306	harbor1	chr9	4906725	4906961	LTR/ERVL-MaLR	1398	+	118	4906843	23537
chr9	111796999	111996999	harbor1	chr9	111807093	111807407	LTR/ERVL-MaLR	811	+	157	111807250	10251
chr9	111796999	111996999	harbor1	chr9	111870137	111870272	LTR/ERVL-MaLR	802	+	68	111870205	73206
chr9	111796999	111996999	harbor1	chr9	111871121	111871349	LTR/ERVL-MaLR	1306	+	114	111871235	74236
chr9	111796999	111996999	harbor1	chr9	111873022	111873368	LTR/ERVL-MaLR	1943	+	173	111873195	76196
chr9	4663450	4863450	harbor1	chr9	4715795	4716197	LTR/ERVL-MaLR	740	+	201	4715996	52546
chr9	4663450	4863450	harbor1	chr9	4734005	4734371	LTR/ERVL-MaLR	1500	+	183	4734188	70738
chr9	4663450	4863450	harbor1	chr9	4744317	4744746	LTR/ERVL-MaLR	1937	+	214	4744531	81081
chr9	4663450	4863450	harbor1	chr9	4745926	4746431	LTR/ERVL-MaLR	1353	+	252	4746178	82728
chr9	126299438	126499438	harbor1	chr9	126300577	126301067	LTR/ERVL-MaLR	1313	+	245	126300822	1384
chr9	126299438	126499438	harbor1	chr9	126301099	126301422	LTR/ERVL-MaLR	939	+	162	126301261	1823
chr9	126299438	126499438	harbor1	chr9	126309848	126310209	LTR/ERVL-MaLR	1693	+	180	126310028	10590
chr9	126299438	126499438	harbor1	chr9	126356609	126357027	LTR/ERVL-MaLR	2240	+	209	126356818	57380
chr9	3230875	3430875	harbor1	chr9	3304493	3304842	LTR/ERVL-MaLR	2156	+	174	3304667	73792
chr9	3230875	3430875	harbor1	chr9	3306880	3307248	LTR/ERVL-MaLR	2060	+	184	3307064	76189
chr9	4739858	4939858	harbor1	chr9	4744317	4744746	LTR/ERVL-MaLR	1937	+	214	4744531	4673
chr9	4739858	4939858	harbor1	chr9	4745926	4746431	LTR/ERVL-MaLR	1353	+	252	4746178	6320
chr9	4739858	4939858	harbor1	chr9	4786060	4786364	LTR/ERVL-MaLR	2618	+	152	4786212	46354
chr9	4739858	4939858	harbor1	chr9	4786667	4786739	LTR/ERVL-MaLR	2618	+	36	4786703	46845
chr9	4663900	4863900	harbor1	chr9	4715795	4716197	LTR/ERVL-MaLR	740	+	201	4715996	52096
chr9	4663900	4863900	harbor1	chr9	4734005	4734371	LTR/ERVL-MaLR	1500	+	183	4734188	70288
chr9	4663900	4863900	harbor1	chr9	4744317	4744746	LTR/ERVL-MaLR	1937	+	214	4744531	80631
chr9	4663900	4863900	harbor1	chr9	4745926	4746431	LTR/ERVL-MaLR	1353	+	252	4746178	82278
chr9	83716782	83916782	harbor1	chr9	83764170	83764506	LTR/ERVL-MaLR	1738	+	168	83764338	47556
chr9	83716782	83916782	harbor1	chr9	83764507	83766001	LTR/ERVL-MaLR	9832	+	747	83765254	48472
chr9	83716782	83916782	harbor1	chr9	83766002	83766356	LTR/ERVL-MaLR	1988	+	177	83766179	49397
chr9	83716782	83916782	harbor1	chr9	83783944	83783984	LTR/ERVL-MaLR	802	+	20	83783964	67182
chr9	83716782	83916782	harbor1	chr9	83784291	83784574	LTR/ERVL-MaLR	1051	+	142	83784433	67651
chr9	83716782	83916782	harbor1	chr9	83800987	83801433	LTR/ERVL-MaLR	1700	+	223	83801210	84428
chr9	83716782	83916782	harbor1	chr9	83808728	83809070	LTR/ERVL-MaLR	583	+	171	83808899	92117
chr9	4884859	5084859	harbor1	chr9	4906260	4906423	LTR/ERVL-MaLR	1398	+	82	4906342	21483
chr9	4884859	5084859	harbor1	chr9	4906725	4906961	LTR/ERVL-MaLR	1398	+	118	4906843	21984
chr9	4692956	4892956	harbor1	chr9	4715795	4716197	LTR/ERVL-MaLR	740	+	201	4715996	23040
chr9	4692956	4892956	harbor1	chr9	4734005	4734371	LTR/ERVL-MaLR	1500	+	183	4734188	41232
chr9	4692956	4892956	harbor1	chr9	4744317	4744746	LTR/ERVL-MaLR	1937	+	214	4744531	51575
chr9	4692956	4892956	harbor1	chr9	4745926	4746431	LTR/ERVL-MaLR	1353	+	252	4746178	53222
chr9	4692956	4892956	harbor1	chr9	4786060	4786364	LTR/ERVL-MaLR	2618	+	152	4786212	93256
chr9	4692956	4892956	harbor1	chr9	4786667	4786739	LTR/ERVL-MaLR	2618	+	36	4786703	93747
chr9	4694138	4894138	harbor1	chr9	4715795	4716197	LTR/ERVL-MaLR	740	+	201	4715996	21858
chr9	4694138	4894138	harbor1	chr9	4734005	4734371	LTR/ERVL-MaLR	1500	+	183	4734188	40050
chr9	4694138	4894138	harbor1	chr9	4744317	4744746	LTR/ERVL-MaLR	1937	+	214	4744531	50393
chr9	4694138	4894138	harbor1	chr9	4745926	4746431	LTR/ERVL-MaLR	1353	+	252	4746178	52040
chr9	4694138	4894138	harbor1	chr9	4786060	4786364	LTR/ERVL-MaLR	2618	+	152	4786212	92074
chr9	4694138	4894138	harbor1	chr9	4786667	4786739	LTR/ERVL-MaLR	2618	+	36	4786703	92565
chr9	4692434	4892434	harbor1	chr9	4715795	4716197	LTR/ERVL-MaLR	740	+	201	4715996	23562
chr9	4692434	4892434	harbor1	chr9	4734005	4734371	LTR/ERVL-MaLR	1500	+	183	4734188	41754
chr9	4692434	4892434	harbor1	chr9	4744317	4744746	LTR/ERVL-MaLR	1937	+	214	4744531	52097
chr9	4692434	4892434	harbor1	chr9	4745926	4746431	LTR/ERVL-MaLR	1353	+	252	4746178	53744
chr9	4692434	4892434	harbor1	chr9	4786060	4786364	LTR/ERVL-MaLR	2618	+	152	4786212	93778
chr9	4692434	4892434	harbor1	chr9	4786667	4786739	LTR/ERVL-MaLR	2618	+	36	4786703	94269
chr9	4663906	4863906	harbor1	chr9	4715795	4716197	LTR/ERVL-MaLR	740	+	201	4715996	52090
chr9	4663906	4863906	harbor1	chr9	4734005	4734371	LTR/ERVL-MaLR	1500	+	183	4734188	70282
chr9	4663906	4863906	harbor1	chr9	4744317	4744746	LTR/ERVL-MaLR	1937	+	214	4744531	80625
chr9	4663906	4863906	harbor1	chr9	4745926	4746431	LTR/ERVL-MaLR	1353	+	252	4746178	82272
chr9	4879900	5079900	harbor1	chr9	4906260	4906423	LTR/ERVL-MaLR	1398	+	82	4906342	26442
chr9	4879900	5079900	harbor1	chr9	4906725	4906961	LTR/ERVL-MaLR	1398	+	118	4906843	26943
chr9	4877201	5077201	harbor1	chr9	4906260	4906423	LTR/ERVL-MaLR	1398	+	82	4906342	29141
chr9	4877201	5077201	harbor1	chr9	4906725	4906961	LTR/ERVL-MaLR	1398	+	118	4906843	29642
chr9	1	114163	harbor1	chr9	30472	30640	LTR/ERVL-MaLR	1434	+	84	30556	30555
chr9	1	114163	harbor1	chr9	30742	30913	LTR/ERVL-MaLR	1434	+	86	30828	30827
chr9	1	114163	harbor1	chr9	38038	39246	LTR/ERVL-MaLR	4016	+	604	38642	38641
chr9	1	114163	harbor1	chr9	39247	39405	LTR/ERVL-MaLR	814	+	79	39326	39325
chr9	1	114163	harbor1	chr9	39707	40076	LTR/ERVL-MaLR	867	+	184	39891	39890
chr9	1	114163	harbor1	chr9	55493	55939	LTR/ERVL-MaLR	1781	+	223	55716	55715
chr9	1	114163	harbor1	chr9	57795	58204	LTR/ERVL-MaLR	2626	+	204	57999	57998
chr9	1	114163	harbor1	chr9	58449	58712	LTR/ERVL-MaLR	982	+	132	58581	58580
chr9	1	114163	harbor1	chr9	68749	69107	LTR/ERVL-MaLR	1999	+	179	68928	68927
chr9	1	114163	harbor1	chr9	98615	98827	LTR/ERVL-MaLR	629	+	106	98721	98720
chr9	4663278	4863278	harbor1	chr9	4715795	4716197	LTR/ERVL-MaLR	740	+	201	4715996	52718
chr9	4663278	4863278	harbor1	chr9	4734005	4734371	LTR/ERVL-MaLR	1500	+	183	4734188	70910
chr9	4663278	4863278	harbor1	chr9	4744317	4744746	LTR/ERVL-MaLR	1937	+	214	4744531	81253
chr9	4663278	4863278	harbor1	chr9	4745926	4746431	LTR/ERVL-MaLR	1353	+	252	4746178	82900
chr9	113066019	113266019	harbor1	chr9	113106608	113106984	LTR/ERVL-MaLR	1247	+	188	113106796	40777
chr9	113066019	113266019	harbor1	chr9	113147664	113147840	LTR/ERVL-MaLR	922	+	88	113147752	81733
chr9	35598598	35798598	harbor1	chr9	35621509	35622012	LTR/ERVL-MaLR	1900	+	252	35621761	23163
chr9	35598598	35798598	harbor1	chr9	35668813	35669254	LTR/ERVL-MaLR	1652	+	220	35669033	70435
chr9	4755859	4955859	harbor1	chr9	4786060	4786364	LTR/ERVL-MaLR	2618	+	152	4786212	30353
chr9	4755859	4955859	harbor1	chr9	4786667	4786739	LTR/ERVL-MaLR	2618	+	36	4786703	30844
chr9	1915302	2115302	harbor1	chr9	1928108	1928283	LTR/ERVL-MaLR	532	+	88	1928196	12894
chr9	1915302	2115302	harbor1	chr9	1928427	1928638	LTR/ERVL-MaLR	567	+	106	1928533	13231
chr9	1915302	2115302	harbor1	chr9	1949092	1949470	LTR/ERVL-MaLR	1884	+	189	1949281	33979
chr9	1915302	2115302	harbor1	chr9	1969932	1970158	LTR/ERVL-MaLR	760	+	113	1970045	54743
chr9	1915302	2115302	harbor1	chr9	1970400	1970732	LTR/ERVL-MaLR	760	+	166	1970566	55264
chr9	1915302	2115302	harbor1	chr9	1971248	1971395	LTR/ERVL-MaLR	934	+	74	1971322	56020
chr9	1915302	2115302	harbor1	chr9	1971396	1972980	LTR/ERVL-MaLR	10518	+	792	1972188	56886
chr9	1915302	2115302	harbor1	chr9	1972981	1973344	LTR/ERVL-MaLR	2712	+	182	1973163	57861
chr9	133063183	133263183	harbor1	chr9	133088944	133089255	LTR/ERVL-MaLR	1667	+	156	133089100	25917
chr9	133063183	133263183	harbor1	chr9	133090108	133090204	LTR/ERVL-MaLR	602	+	48	133090156	26973
chr9	133063183	133263183	harbor1	chr9	133144780	133145210	LTR/ERVL-MaLR	1595	+	215	133144995	81812
chr9	133063183	133263183	harbor1	chr9	133146542	133147078	LTR/ERVL-MaLR	1424	+	268	133146810	83627
chr9	137214690	137414690	harbor1	chr9	137294334	137294568	LTR/ERVL-MaLR	918	+	117	137294451	79761
chr9	4692945	4892945	harbor1	chr9	4715795	4716197	LTR/ERVL-MaLR	740	+	201	4715996	23051
chr9	4692945	4892945	harbor1	chr9	4734005	4734371	LTR/ERVL-MaLR	1500	+	183	4734188	41243
chr9	4692945	4892945	harbor1	chr9	4744317	4744746	LTR/ERVL-MaLR	1937	+	214	4744531	51586
chr9	4692945	4892945	harbor1	chr9	4745926	4746431	LTR/ERVL-MaLR	1353	+	252	4746178	53233
chr9	4692945	4892945	harbor1	chr9	4786060	4786364	LTR/ERVL-MaLR	2618	+	152	4786212	93267
chr9	4692945	4892945	harbor1	chr9	4786667	4786739	LTR/ERVL-MaLR	2618	+	36	4786703	93758
chr9	4663875	4863875	harbor1	chr9	4715795	4716197	LTR/ERVL-MaLR	740	+	201	4715996	52121
chr9	4663875	4863875	harbor1	chr9	4734005	4734371	LTR/ERVL-MaLR	1500	+	183	4734188	70313
chr9	4663875	4863875	harbor1	chr9	4744317	4744746	LTR/ERVL-MaLR	1937	+	214	4744531	80656
chr9	4663875	4863875	harbor1	chr9	4745926	4746431	LTR/ERVL-MaLR	1353	+	252	4746178	82303
chr9	4692940	4892940	harbor1	chr9	4715795	4716197	LTR/ERVL-MaLR	740	+	201	4715996	23056
chr9	4692940	4892940	harbor1	chr9	4734005	4734371	LTR/ERVL-MaLR	1500	+	183	4734188	41248
chr9	4692940	4892940	harbor1	chr9	4744317	4744746	LTR/ERVL-MaLR	1937	+	214	4744531	51591
chr9	4692940	4892940	harbor1	chr9	4745926	4746431	LTR/ERVL-MaLR	1353	+	252	4746178	53238
chr9	4692940	4892940	harbor1	chr9	4786060	4786364	LTR/ERVL-MaLR	2618	+	152	4786212	93272
chr9	4692940	4892940	harbor1	chr9	4786667	4786739	LTR/ERVL-MaLR	2618	+	36	4786703	93763
chr9	134036206	134236206	harbor1	chr9	134080893	134081136	LTR/ERVL-MaLR	1501	+	122	134081015	44809
chr9	134036206	134236206	harbor1	chr9	134081433	134081620	LTR/ERVL-MaLR	1347	+	94	134081527	45321
chr9	134036206	134236206	harbor1	chr9	134085385	134085520	LTR/ERVL-MaLR	581	+	68	134085453	49247
chr9	134036206	134236206	harbor1	chr9	134085613	134085982	LTR/ERVL-MaLR	1762	+	184	134085797	49591
chr9	134036206	134236206	harbor1	chr9	134095774	134095856	LTR/ERVL-MaLR	1876	+	41	134095815	59609
chr9	134036206	134236206	harbor1	chr9	134096150	134096428	LTR/ERVL-MaLR	1876	+	139	134096289	60083
chr9	4669568	4869568	harbor1	chr9	4715795	4716197	LTR/ERVL-MaLR	740	+	201	4715996	46428
chr9	4669568	4869568	harbor1	chr9	4734005	4734371	LTR/ERVL-MaLR	1500	+	183	4734188	64620
chr9	4669568	4869568	harbor1	chr9	4744317	4744746	LTR/ERVL-MaLR	1937	+	214	4744531	74963
chr9	4669568	4869568	harbor1	chr9	4745926	4746431	LTR/ERVL-MaLR	1353	+	252	4746178	76610
chr9	4884854	5084854	harbor1	chr9	4906260	4906423	LTR/ERVL-MaLR	1398	+	82	4906342	21488
chr9	4884854	5084854	harbor1	chr9	4906725	4906961	LTR/ERVL-MaLR	1398	+	118	4906843	21989
chr9	123332197	123532197	harbor1	chr9	123427794	123428008	LTR/ERVL-MaLR	534	+	107	123427901	95704
chr9	4884933	5084933	harbor1	chr9	4906260	4906423	LTR/ERVL-MaLR	1398	+	82	4906342	21409
chr9	4884933	5084933	harbor1	chr9	4906725	4906961	LTR/ERVL-MaLR	1398	+	118	4906843	21910
chr9	4692448	4892448	harbor1	chr9	4715795	4716197	LTR/ERVL-MaLR	740	+	201	4715996	23548
chr9	4692448	4892448	harbor1	chr9	4734005	4734371	LTR/ERVL-MaLR	1500	+	183	4734188	41740
chr9	4692448	4892448	harbor1	chr9	4744317	4744746	LTR/ERVL-MaLR	1937	+	214	4744531	52083
chr9	4692448	4892448	harbor1	chr9	4745926	4746431	LTR/ERVL-MaLR	1353	+	252	4746178	53730
chr9	4692448	4892448	harbor1	chr9	4786060	4786364	LTR/ERVL-MaLR	2618	+	152	4786212	93764
chr9	4692448	4892448	harbor1	chr9	4786667	4786739	LTR/ERVL-MaLR	2618	+	36	4786703	94255
chr9	21875478	22075478	harbor1	chr9	21880049	21880401	LTR/ERVL-MaLR	792	+	176	21880225	4747
chr9	21875478	22075478	harbor1	chr9	21916165	21916328	LTR/ERVL-MaLR	1275	+	82	21916247	40769
chr9	21875478	22075478	harbor1	chr9	21916615	21916909	LTR/ERVL-MaLR	1275	+	147	21916762	41284
chr9	21875478	22075478	harbor1	chr9	21918571	21918928	LTR/ERVL-MaLR	2483	+	178	21918749	43271
chr9	21875478	22075478	harbor1	chr9	21938949	21939294	LTR/ERVL-MaLR	2695	+	172	21939121	63643
chr9	21875478	22075478	harbor1	chr9	21942434	21942797	LTR/ERVL-MaLR	1812	+	182	21942616	67138
chr9	21875478	22075478	harbor1	chr9	21956647	21957043	LTR/ERVL-MaLR	1735	+	198	21956845	81367
chr9	21875478	22075478	harbor1	chr9	21972222	21972666	LTR/ERVL-MaLR	2032	+	222	21972444	96966
chr9	4692452	4892452	harbor1	chr9	4715795	4716197	LTR/ERVL-MaLR	740	+	201	4715996	23544
chr9	4692452	4892452	harbor1	chr9	4734005	4734371	LTR/ERVL-MaLR	1500	+	183	4734188	41736
chr9	4692452	4892452	harbor1	chr9	4744317	4744746	LTR/ERVL-MaLR	1937	+	214	4744531	52079
chr9	4692452	4892452	harbor1	chr9	4745926	4746431	LTR/ERVL-MaLR	1353	+	252	4746178	53726
chr9	4692452	4892452	harbor1	chr9	4786060	4786364	LTR/ERVL-MaLR	2618	+	152	4786212	93760
chr9	4692452	4892452	harbor1	chr9	4786667	4786739	LTR/ERVL-MaLR	2618	+	36	4786703	94251
chr9	4885046	5085046	harbor1	chr9	4906260	4906423	LTR/ERVL-MaLR	1398	+	82	4906342	21296
chr9	4885046	5085046	harbor1	chr9	4906725	4906961	LTR/ERVL-MaLR	1398	+	118	4906843	21797
chr9	134035557	134235557	harbor1	chr9	134080893	134081136	LTR/ERVL-MaLR	1501	+	122	134081015	45458
chr9	134035557	134235557	harbor1	chr9	134081433	134081620	LTR/ERVL-MaLR	1347	+	94	134081527	45970
chr9	134035557	134235557	harbor1	chr9	134085385	134085520	LTR/ERVL-MaLR	581	+	68	134085453	49896
chr9	134035557	134235557	harbor1	chr9	134085613	134085982	LTR/ERVL-MaLR	1762	+	184	134085797	50240
chr9	134035557	134235557	harbor1	chr9	134095774	134095856	LTR/ERVL-MaLR	1876	+	41	134095815	60258
chr9	134035557	134235557	harbor1	chr9	134096150	134096428	LTR/ERVL-MaLR	1876	+	139	134096289	60732
chr9	4692258	4892258	harbor1	chr9	4715795	4716197	LTR/ERVL-MaLR	740	+	201	4715996	23738
chr9	4692258	4892258	harbor1	chr9	4734005	4734371	LTR/ERVL-MaLR	1500	+	183	4734188	41930
chr9	4692258	4892258	harbor1	chr9	4744317	4744746	LTR/ERVL-MaLR	1937	+	214	4744531	52273
chr9	4692258	4892258	harbor1	chr9	4745926	4746431	LTR/ERVL-MaLR	1353	+	252	4746178	53920
chr9	4692258	4892258	harbor1	chr9	4786060	4786364	LTR/ERVL-MaLR	2618	+	152	4786212	93954
chr9	4692258	4892258	harbor1	chr9	4786667	4786739	LTR/ERVL-MaLR	2618	+	36	4786703	94445
chr9	137214689	137414689	harbor1	chr9	137294334	137294568	LTR/ERVL-MaLR	918	+	117	137294451	79762
chr9	4747506	4947506	harbor1	chr9	4786060	4786364	LTR/ERVL-MaLR	2618	+	152	4786212	38706
chr9	4747506	4947506	harbor1	chr9	4786667	4786739	LTR/ERVL-MaLR	2618	+	36	4786703	39197
chr9	137213986	137413986	harbor1	chr9	137294334	137294568	LTR/ERVL-MaLR	918	+	117	137294451	80465
chr9	35656433	35856433	harbor1	chr9	35668813	35669254	LTR/ERVL-MaLR	1652	+	220	35669033	12600
chr9	4884905	5084905	harbor1	chr9	4906260	4906423	LTR/ERVL-MaLR	1398	+	82	4906342	21437
chr9	4884905	5084905	harbor1	chr9	4906725	4906961	LTR/ERVL-MaLR	1398	+	118	4906843	21938
chr9	35580921	35780921	harbor1	chr9	35579565	35580942	LTR/ERVL-MaLR	11564	+	688	35580253	668
chr9	35580921	35780921	harbor1	chr9	35581251	35581504	LTR/ERVL-MaLR	11564	+	126	35581377	456
chr9	35580921	35780921	harbor1	chr9	35581508	35581821	LTR/ERVL-MaLR	1432	+	156	35581664	743
chr9	35580921	35780921	harbor1	chr9	35621509	35622012	LTR/ERVL-MaLR	1900	+	252	35621761	40840
chr9	35580921	35780921	harbor1	chr9	35668813	35669254	LTR/ERVL-MaLR	1652	+	220	35669033	88112
chr9	1955526	2155526	harbor1	chr9	1969932	1970158	LTR/ERVL-MaLR	760	+	113	1970045	14519
chr9	1955526	2155526	harbor1	chr9	1970400	1970732	LTR/ERVL-MaLR	760	+	166	1970566	15040
chr9	1955526	2155526	harbor1	chr9	1971248	1971395	LTR/ERVL-MaLR	934	+	74	1971322	15796
chr9	1955526	2155526	harbor1	chr9	1971396	1972980	LTR/ERVL-MaLR	10518	+	792	1972188	16662
chr9	1955526	2155526	harbor1	chr9	1972981	1973344	LTR/ERVL-MaLR	2712	+	182	1973163	17637
chr9	89260220	89460220	harbor1	chr9	89281820	89282191	LTR/ERVL-MaLR	1627	+	186	89282006	21786
chr9	89260220	89460220	harbor1	chr9	89286131	89286223	LTR/ERVL-MaLR	1236	+	46	89286177	25957
chr9	89260220	89460220	harbor1	chr9	89286537	89286839	LTR/ERVL-MaLR	1236	+	151	89286688	26468
chr9	89260220	89460220	harbor1	chr9	89306333	89306698	LTR/ERVL-MaLR	1445	+	182	89306515	46295
chr9	4884994	5084994	harbor1	chr9	4906260	4906423	LTR/ERVL-MaLR	1398	+	82	4906342	21348
chr9	4884994	5084994	harbor1	chr9	4906725	4906961	LTR/ERVL-MaLR	1398	+	118	4906843	21849
chr9	92958896	93158896	harbor1	chr9	93001827	93002090	LTR/ERVL-MaLR	551	+	132	93001959	43063
chr9	92958896	93158896	harbor1	chr9	93043402	93043463	LTR/ERVL-MaLR	899	+	30	93043432	84536
chr9	92958896	93158896	harbor1	chr9	93043774	93043992	LTR/ERVL-MaLR	899	+	109	93043883	84987
chr9	92958896	93158896	harbor1	chr9	93044020	93044237	LTR/ERVL-MaLR	980	+	108	93044128	85232
chr9	92958896	93158896	harbor1	chr9	93044534	93044574	LTR/ERVL-MaLR	980	+	20	93044554	85658
chr9	92958896	93158896	harbor1	chr9	93045119	93045280	LTR/ERVL-MaLR	2558	+	80	93045199	86303
chr9	92958896	93158896	harbor1	chr9	93045586	93046032	LTR/ERVL-MaLR	2558	+	223	93045809	86913
chr9	92958896	93158896	harbor1	chr9	93046344	93046516	LTR/ERVL-MaLR	2558	+	86	93046430	87534
chr9	92958896	93158896	harbor1	chr9	93046923	93047154	LTR/ERVL-MaLR	696	+	116	93047039	88143
chr9	92958896	93158896	harbor1	chr9	93056398	93056497	LTR/ERVL-MaLR	1549	+	50	93056448	97552
chr9	92958896	93158896	harbor1	chr9	93056803	93057136	LTR/ERVL-MaLR	1549	+	166	93056969	98073
chr9	136878128	137078128	harbor1	chr9	136932997	136934550	LTR/ERVL-MaLR	6072	+	776	136933773	55645
chr9	136878128	137078128	harbor1	chr9	136934551	136934870	LTR/ERVL-MaLR	1184	+	160	136934711	56583
chr9	136878128	137078128	harbor1	chr9	136934877	136935014	LTR/ERVL-MaLR	578	+	68	136934945	56817
chr9	136878128	137078128	harbor1	chr9	136962067	136962125	LTR/ERVL-MaLR	774	+	29	136962096	83968
chr9	136878128	137078128	harbor1	chr9	136962419	136962683	LTR/ERVL-MaLR	774	+	132	136962551	84423
chr9	137214628	137414628	harbor1	chr9	137294334	137294568	LTR/ERVL-MaLR	918	+	117	137294451	79823
chr9	4692158	4892158	harbor1	chr9	4715795	4716197	LTR/ERVL-MaLR	740	+	201	4715996	23838
chr9	4692158	4892158	harbor1	chr9	4734005	4734371	LTR/ERVL-MaLR	1500	+	183	4734188	42030
chr9	4692158	4892158	harbor1	chr9	4744317	4744746	LTR/ERVL-MaLR	1937	+	214	4744531	52373
chr9	4692158	4892158	harbor1	chr9	4745926	4746431	LTR/ERVL-MaLR	1353	+	252	4746178	54020
chr9	4692158	4892158	harbor1	chr9	4786060	4786364	LTR/ERVL-MaLR	2618	+	152	4786212	94054
chr9	4692158	4892158	harbor1	chr9	4786667	4786739	LTR/ERVL-MaLR	2618	+	36	4786703	94545
chr9	134035364	134235364	harbor1	chr9	134080893	134081136	LTR/ERVL-MaLR	1501	+	122	134081015	45651
chr9	134035364	134235364	harbor1	chr9	134081433	134081620	LTR/ERVL-MaLR	1347	+	94	134081527	46163
chr9	134035364	134235364	harbor1	chr9	134085385	134085520	LTR/ERVL-MaLR	581	+	68	134085453	50089
chr9	134035364	134235364	harbor1	chr9	134085613	134085982	LTR/ERVL-MaLR	1762	+	184	134085797	50433
chr9	134035364	134235364	harbor1	chr9	134095774	134095856	LTR/ERVL-MaLR	1876	+	41	134095815	60451
chr9	134035364	134235364	harbor1	chr9	134096150	134096428	LTR/ERVL-MaLR	1876	+	139	134096289	60925
chr9	134577518	134777518	harbor1	chr9	134594753	134595092	LTR/ERVL-MaLR	537	+	170	134594923	17405
chr9	134577518	134777518	harbor1	chr9	134611399	134611816	LTR/ERVL-MaLR	2385	+	208	134611607	34089
chr9	134577518	134777518	harbor1	chr9	134633087	134633443	LTR/ERVL-MaLR	2097	+	178	134633265	55747
chr9	134577518	134777518	harbor1	chr9	134637120	134637492	LTR/ERVL-MaLR	1666	+	186	134637306	59788
chr9	4669265	4869265	harbor1	chr9	4715795	4716197	LTR/ERVL-MaLR	740	+	201	4715996	46731
chr9	4669265	4869265	harbor1	chr9	4734005	4734371	LTR/ERVL-MaLR	1500	+	183	4734188	64923
chr9	4669265	4869265	harbor1	chr9	4744317	4744746	LTR/ERVL-MaLR	1937	+	214	4744531	75266
chr9	4669265	4869265	harbor1	chr9	4745926	4746431	LTR/ERVL-MaLR	1353	+	252	4746178	76913
chr9	97885114	98085114	harbor1	chr9	97911096	97911676	LTR/ERVL-MaLR	1347	+	290	97911386	26272
chr9	133586298	133786298	harbor1	chr9	133623406	133623785	LTR/ERVL-MaLR	2277	+	190	133623596	37298
chr9	4748106	4948106	harbor1	chr9	4786060	4786364	LTR/ERVL-MaLR	2618	+	152	4786212	38106
chr9	4748106	4948106	harbor1	chr9	4786667	4786739	LTR/ERVL-MaLR	2618	+	36	4786703	38597
chr9	83553396	83753396	harbor1	chr9	83560672	83561003	LTR/ERVL-MaLR	507	+	166	83560838	7442
chr9	83553396	83753396	harbor1	chr9	83570961	83571417	LTR/ERVL-MaLR	1687	+	228	83571189	17793
chr9	83553396	83753396	harbor1	chr9	83585363	83585534	LTR/ERVL-MaLR	614	+	86	83585449	32053
chr9	83553396	83753396	harbor1	chr9	83585555	83585805	LTR/ERVL-MaLR	900	+	125	83585680	32284
chr9	83553396	83753396	harbor1	chr9	83607648	83608001	LTR/ERVL-MaLR	2929	+	176	83607824	54428
chr9	83553396	83753396	harbor1	chr9	83608003	83608424	LTR/ERVL-MaLR	5516	+	210	83608213	54817
chr9	83553396	83753396	harbor1	chr9	83608722	83609057	LTR/ERVL-MaLR	5516	+	168	83608890	55494
chr9	83553396	83753396	harbor1	chr9	83610144	83610622	LTR/ERVL-MaLR	1635	+	239	83610383	56987
chr9	83553396	83753396	harbor1	chr9	83615007	83615483	LTR/ERVL-MaLR	1720	+	238	83615245	61849
chr9	133605246	133805246	harbor1	chr9	133623406	133623785	LTR/ERVL-MaLR	2277	+	190	133623596	18350
chr9	133605246	133805246	harbor1	chr9	133695008	133695167	LTR/ERVL-MaLR	1365	+	80	133695088	89842
chr9	133605246	133805246	harbor1	chr9	133695469	133695706	LTR/ERVL-MaLR	1365	+	118	133695587	90341
chr9	4884926	5084926	harbor1	chr9	4906260	4906423	LTR/ERVL-MaLR	1398	+	82	4906342	21416
chr9	4884926	5084926	harbor1	chr9	4906725	4906961	LTR/ERVL-MaLR	1398	+	118	4906843	21917
chr9	4692312	4892312	harbor1	chr9	4715795	4716197	LTR/ERVL-MaLR	740	+	201	4715996	23684
chr9	4692312	4892312	harbor1	chr9	4734005	4734371	LTR/ERVL-MaLR	1500	+	183	4734188	41876
chr9	4692312	4892312	harbor1	chr9	4744317	4744746	LTR/ERVL-MaLR	1937	+	214	4744531	52219
chr9	4692312	4892312	harbor1	chr9	4745926	4746431	LTR/ERVL-MaLR	1353	+	252	4746178	53866
chr9	4692312	4892312	harbor1	chr9	4786060	4786364	LTR/ERVL-MaLR	2618	+	152	4786212	93900
chr9	4692312	4892312	harbor1	chr9	4786667	4786739	LTR/ERVL-MaLR	2618	+	36	4786703	94391
chr9	4692909	4892909	harbor1	chr9	4715795	4716197	LTR/ERVL-MaLR	740	+	201	4715996	23087
chr9	4692909	4892909	harbor1	chr9	4734005	4734371	LTR/ERVL-MaLR	1500	+	183	4734188	41279
chr9	4692909	4892909	harbor1	chr9	4744317	4744746	LTR/ERVL-MaLR	1937	+	214	4744531	51622
chr9	4692909	4892909	harbor1	chr9	4745926	4746431	LTR/ERVL-MaLR	1353	+	252	4746178	53269
chr9	4692909	4892909	harbor1	chr9	4786060	4786364	LTR/ERVL-MaLR	2618	+	152	4786212	93303
chr9	4692909	4892909	harbor1	chr9	4786667	4786739	LTR/ERVL-MaLR	2618	+	36	4786703	93794
chr9	4663127	4863127	harbor1	chr9	4715795	4716197	LTR/ERVL-MaLR	740	+	201	4715996	52869
chr9	4663127	4863127	harbor1	chr9	4734005	4734371	LTR/ERVL-MaLR	1500	+	183	4734188	71061
chr9	4663127	4863127	harbor1	chr9	4744317	4744746	LTR/ERVL-MaLR	1937	+	214	4744531	81404
chr9	4663127	4863127	harbor1	chr9	4745926	4746431	LTR/ERVL-MaLR	1353	+	252	4746178	83051
chr9	137734976	137934976	harbor1	chr9	137735606	137735979	LTR/ERVL-MaLR	1318	+	186	137735792	816
chr9	133904999	134104999	harbor1	chr9	133910011	133910361	LTR/ERVL-MaLR	598	+	175	133910186	5187
chr9	133904999	134104999	harbor1	chr9	133952201	133952321	LTR/ERVL-MaLR	554	+	60	133952261	47262
chr9	133904999	134104999	harbor1	chr9	133952621	133952846	LTR/ERVL-MaLR	554	+	112	133952733	47734
chr9	133904999	134104999	harbor1	chr9	133959619	133960002	LTR/ERVL-MaLR	769	+	192	133959811	54812
chr9	136008266	136208266	harbor1	chr9	136086939	136087334	LTR/ERVL-MaLR	935	+	198	136087137	78871
chr9	94048912	94248912	harbor1	chr9	94112656	94113022	LTR/ERVL-MaLR	1824	+	183	94112839	63927
chr9	94048912	94248912	harbor1	chr9	94113026	94113501	LTR/ERVL-MaLR	2450	+	238	94113264	64352
chr9	94048912	94248912	harbor1	chr9	94119567	94119706	LTR/ERVL-MaLR	636	+	70	94119637	70725
chr9	94048912	94248912	harbor1	chr9	94119703	94119754	LTR/ERVL-MaLR	4848	+	26	94119729	70817
chr9	94048912	94248912	harbor1	chr9	94120367	94121144	LTR/ERVL-MaLR	4848	+	388	94120755	71843
chr9	94048912	94248912	harbor1	chr9	94121455	94121796	LTR/ERVL-MaLR	4848	+	170	94121625	72713
chr9	94048912	94248912	harbor1	chr9	94121797	94122163	LTR/ERVL-MaLR	1636	+	183	94121980	73068
chr9	94048912	94248912	harbor1	chr9	94122440	94122617	LTR/ERVL-MaLR	2150	+	88	94122528	73616
chr9	94048912	94248912	harbor1	chr9	94122926	94123134	LTR/ERVL-MaLR	2150	+	104	94123030	74118
chr9	94048912	94248912	harbor1	chr9	94127383	94127795	LTR/ERVL-MaLR	2355	+	206	94127589	78677
chr9	94048912	94248912	harbor1	chr9	94127796	94128164	LTR/ERVL-MaLR	10198	+	184	94127980	79068
chr9	94048912	94248912	harbor1	chr9	94128448	94129710	LTR/ERVL-MaLR	10198	+	631	94129079	80167
chr9	94048912	94248912	harbor1	chr9	94129711	94130100	LTR/ERVL-MaLR	2139	+	194	94129905	80993
chr9	94048912	94248912	harbor1	chr9	94130542	94130923	LTR/ERVL-MaLR	2201	+	190	94130732	81820
chr9	94048912	94248912	harbor1	chr9	94131855	94132221	LTR/ERVL-MaLR	1434	+	183	94132038	83126
chr9	68605563	68805563	harbor1	chr9	68631273	68631704	LTR/ERVL-MaLR	1203	+	216	68631489	25926
chr9	68605563	68805563	harbor1	chr9	68646588	68647054	LTR/ERVL-MaLR	531	+	233	68646821	41258
chr9	68605563	68805563	harbor1	chr9	68674212	68674715	LTR/ERVL-MaLR	1995	+	252	68674464	68901
chr9	68605563	68805563	harbor1	chr9	68701707	68702050	LTR/ERVL-MaLR	897	+	172	68701879	96316
chr9	68605563	68805563	harbor1	chr9	68702349	68702523	LTR/ERVL-MaLR	897	+	87	68702436	96873
chr9	68605563	68805563	harbor1	chr9	68698096	68698307	LTR/ERVL-MaLR	640	+	106	68698202	92639
chr9	4692971	4892971	harbor1	chr9	4715795	4716197	LTR/ERVL-MaLR	740	+	201	4715996	23025
chr9	4692971	4892971	harbor1	chr9	4734005	4734371	LTR/ERVL-MaLR	1500	+	183	4734188	41217
chr9	4692971	4892971	harbor1	chr9	4744317	4744746	LTR/ERVL-MaLR	1937	+	214	4744531	51560
chr9	4692971	4892971	harbor1	chr9	4745926	4746431	LTR/ERVL-MaLR	1353	+	252	4746178	53207
chr9	4692971	4892971	harbor1	chr9	4786060	4786364	LTR/ERVL-MaLR	2618	+	152	4786212	93241
chr9	4692971	4892971	harbor1	chr9	4786667	4786739	LTR/ERVL-MaLR	2618	+	36	4786703	93732
chr9	137214596	137414596	harbor1	chr9	137294334	137294568	LTR/ERVL-MaLR	918	+	117	137294451	79855
chr9	137214600	137414600	harbor1	chr9	137294334	137294568	LTR/ERVL-MaLR	918	+	117	137294451	79851
chr9	132966900	133166900	harbor1	chr9	132966959	132967320	LTR/ERVL-MaLR	1490	+	180	132967139	239
chr9	132966900	133166900	harbor1	chr9	132973883	132974130	LTR/ERVL-MaLR	854	+	124	132974007	7107
chr9	132966900	133166900	harbor1	chr9	132992310	132992418	LTR/ERVL-MaLR	537	+	54	132992364	25464
chr9	132966900	133166900	harbor1	chr9	133014791	133014938	LTR/ERVL-MaLR	770	+	74	133014865	47965
chr9	132966900	133166900	harbor1	chr9	133015050	133015267	LTR/ERVL-MaLR	953	+	108	133015158	48258
chr9	4884847	5084847	harbor1	chr9	4906260	4906423	LTR/ERVL-MaLR	1398	+	82	4906342	21495
chr9	4884847	5084847	harbor1	chr9	4906725	4906961	LTR/ERVL-MaLR	1398	+	118	4906843	21996
chr9	112387221	112587221	harbor1	chr9	112431491	112431866	LTR/ERVL-MaLR	2647	+	188	112431679	44458
chr9	112387221	112587221	harbor1	chr9	112432182	112432221	LTR/ERVL-MaLR	2647	+	20	112432202	44981
chr9	112387221	112587221	harbor1	chr9	112471253	112471587	LTR/ERVL-MaLR	1438	+	167	112471420	84199
chr9	112387221	112587221	harbor1	chr9	112479312	112479682	LTR/ERVL-MaLR	1865	+	185	112479497	92276
chr9	4692946	4892946	harbor1	chr9	4715795	4716197	LTR/ERVL-MaLR	740	+	201	4715996	23050
chr9	4692946	4892946	harbor1	chr9	4734005	4734371	LTR/ERVL-MaLR	1500	+	183	4734188	41242
chr9	4692946	4892946	harbor1	chr9	4744317	4744746	LTR/ERVL-MaLR	1937	+	214	4744531	51585
chr9	4692946	4892946	harbor1	chr9	4745926	4746431	LTR/ERVL-MaLR	1353	+	252	4746178	53232
chr9	4692946	4892946	harbor1	chr9	4786060	4786364	LTR/ERVL-MaLR	2618	+	152	4786212	93266
chr9	4692946	4892946	harbor1	chr9	4786667	4786739	LTR/ERVL-MaLR	2618	+	36	4786703	93757
chr9	4883816	5083816	harbor1	chr9	4906260	4906423	LTR/ERVL-MaLR	1398	+	82	4906342	22526
chr9	4883816	5083816	harbor1	chr9	4906725	4906961	LTR/ERVL-MaLR	1398	+	118	4906843	23027
chr9	4663649	4863649	harbor1	chr9	4715795	4716197	LTR/ERVL-MaLR	740	+	201	4715996	52347
chr9	4663649	4863649	harbor1	chr9	4734005	4734371	LTR/ERVL-MaLR	1500	+	183	4734188	70539
chr9	4663649	4863649	harbor1	chr9	4744317	4744746	LTR/ERVL-MaLR	1937	+	214	4744531	80882
chr9	4663649	4863649	harbor1	chr9	4745926	4746431	LTR/ERVL-MaLR	1353	+	252	4746178	82529
chr9	4663080	4863080	harbor1	chr9	4715795	4716197	LTR/ERVL-MaLR	740	+	201	4715996	52916
chr9	4663080	4863080	harbor1	chr9	4734005	4734371	LTR/ERVL-MaLR	1500	+	183	4734188	71108
chr9	4663080	4863080	harbor1	chr9	4744317	4744746	LTR/ERVL-MaLR	1937	+	214	4744531	81451
chr9	4663080	4863080	harbor1	chr9	4745926	4746431	LTR/ERVL-MaLR	1353	+	252	4746178	83098
chr9	125322076	125522076	harbor1	chr9	125394652	125395017	LTR/ERVL-MaLR	2170	+	182	125394834	72758
chr9	125322076	125522076	harbor1	chr9	125395069	125395522	LTR/ERVL-MaLR	1037	+	226	125395295	73219
chr9	4884823	5084823	harbor1	chr9	4906260	4906423	LTR/ERVL-MaLR	1398	+	82	4906342	21519
chr9	4884823	5084823	harbor1	chr9	4906725	4906961	LTR/ERVL-MaLR	1398	+	118	4906843	22020
chr9	133063738	133263738	harbor1	chr9	133088944	133089255	LTR/ERVL-MaLR	1667	+	156	133089100	25362
chr9	133063738	133263738	harbor1	chr9	133090108	133090204	LTR/ERVL-MaLR	602	+	48	133090156	26418
chr9	133063738	133263738	harbor1	chr9	133144780	133145210	LTR/ERVL-MaLR	1595	+	215	133144995	81257
chr9	133063738	133263738	harbor1	chr9	133146542	133147078	LTR/ERVL-MaLR	1424	+	268	133146810	83072
chr9	126245605	126445605	harbor1	chr9	126252172	126252517	LTR/ERVL-MaLR	2341	+	172	126252344	6739
chr9	126245605	126445605	harbor1	chr9	126261457	126261832	LTR/ERVL-MaLR	1836	+	188	126261645	16040
chr9	126245605	126445605	harbor1	chr9	126270346	126270837	LTR/ERVL-MaLR	2104	+	246	126270592	24987
chr9	126245605	126445605	harbor1	chr9	126282852	126283295	LTR/ERVL-MaLR	1815	+	222	126283074	37469
chr9	126245605	126445605	harbor1	chr9	126291213	126291308	LTR/ERVL-MaLR	487	+	48	126291261	45656
chr9	126245605	126445605	harbor1	chr9	126300577	126301067	LTR/ERVL-MaLR	1313	+	245	126300822	55217
chr9	126245605	126445605	harbor1	chr9	126301099	126301422	LTR/ERVL-MaLR	939	+	162	126301261	55656
chr9	126245605	126445605	harbor1	chr9	126309848	126310209	LTR/ERVL-MaLR	1693	+	180	126310028	64423
chr9	68605579	68805579	harbor1	chr9	68631273	68631704	LTR/ERVL-MaLR	1203	+	216	68631489	25910
chr9	68605579	68805579	harbor1	chr9	68646588	68647054	LTR/ERVL-MaLR	531	+	233	68646821	41242
chr9	68605579	68805579	harbor1	chr9	68674212	68674715	LTR/ERVL-MaLR	1995	+	252	68674464	68885
chr9	68605579	68805579	harbor1	chr9	68701707	68702050	LTR/ERVL-MaLR	897	+	172	68701879	96300
chr9	68605579	68805579	harbor1	chr9	68702349	68702523	LTR/ERVL-MaLR	897	+	87	68702436	96857
chr9	68605579	68805579	harbor1	chr9	68698096	68698307	LTR/ERVL-MaLR	640	+	106	68698202	92623
chr9	6658046	6858046	harbor1	chr9	6693342	6693364	LTR/ERVL-MaLR	1185	+	11	6693353	35307
chr9	6658046	6858046	harbor1	chr9	6694507	6694763	LTR/ERVL-MaLR	1185	+	128	6694635	36589
chr9	6658046	6858046	harbor1	chr9	6735396	6735758	LTR/ERVL-MaLR	2170	+	181	6735577	77531
chr9	6658046	6858046	harbor1	chr9	6735760	6736623	LTR/ERVL-MaLR	6538	+	432	6736192	78146
chr9	89262840	89462840	harbor1	chr9	89281820	89282191	LTR/ERVL-MaLR	1627	+	186	89282006	19166
chr9	89262840	89462840	harbor1	chr9	89286131	89286223	LTR/ERVL-MaLR	1236	+	46	89286177	23337
chr9	89262840	89462840	harbor1	chr9	89286537	89286839	LTR/ERVL-MaLR	1236	+	151	89286688	23848
chr9	89262840	89462840	harbor1	chr9	89306333	89306698	LTR/ERVL-MaLR	1445	+	182	89306515	43675
chr9	4883473	5083473	harbor1	chr9	4906260	4906423	LTR/ERVL-MaLR	1398	+	82	4906342	22869
chr9	4883473	5083473	harbor1	chr9	4906725	4906961	LTR/ERVL-MaLR	1398	+	118	4906843	23370
chr9	35656293	35856293	harbor1	chr9	35668813	35669254	LTR/ERVL-MaLR	1652	+	220	35669033	12740
chr9	4669986	4869986	harbor1	chr9	4715795	4716197	LTR/ERVL-MaLR	740	+	201	4715996	46010
chr9	4669986	4869986	harbor1	chr9	4734005	4734371	LTR/ERVL-MaLR	1500	+	183	4734188	64202
chr9	4669986	4869986	harbor1	chr9	4744317	4744746	LTR/ERVL-MaLR	1937	+	214	4744531	74545
chr9	4669986	4869986	harbor1	chr9	4745926	4746431	LTR/ERVL-MaLR	1353	+	252	4746178	76192
chr9	4884959	5084959	harbor1	chr9	4906260	4906423	LTR/ERVL-MaLR	1398	+	82	4906342	21383
chr9	4884959	5084959	harbor1	chr9	4906725	4906961	LTR/ERVL-MaLR	1398	+	118	4906843	21884
chr9	4692882	4892882	harbor1	chr9	4715795	4716197	LTR/ERVL-MaLR	740	+	201	4715996	23114
chr9	4692882	4892882	harbor1	chr9	4734005	4734371	LTR/ERVL-MaLR	1500	+	183	4734188	41306
chr9	4692882	4892882	harbor1	chr9	4744317	4744746	LTR/ERVL-MaLR	1937	+	214	4744531	51649
chr9	4692882	4892882	harbor1	chr9	4745926	4746431	LTR/ERVL-MaLR	1353	+	252	4746178	53296
chr9	4692882	4892882	harbor1	chr9	4786060	4786364	LTR/ERVL-MaLR	2618	+	152	4786212	93330
chr9	4692882	4892882	harbor1	chr9	4786667	4786739	LTR/ERVL-MaLR	2618	+	36	4786703	93821
chr9	4884897	5084897	harbor1	chr9	4906260	4906423	LTR/ERVL-MaLR	1398	+	82	4906342	21445
chr9	4884897	5084897	harbor1	chr9	4906725	4906961	LTR/ERVL-MaLR	1398	+	118	4906843	21946
chr9	4884936	5084936	harbor1	chr9	4906260	4906423	LTR/ERVL-MaLR	1398	+	82	4906342	21406
chr9	4884936	5084936	harbor1	chr9	4906725	4906961	LTR/ERVL-MaLR	1398	+	118	4906843	21907
chr9	134036095	134236095	harbor1	chr9	134080893	134081136	LTR/ERVL-MaLR	1501	+	122	134081015	44920
chr9	134036095	134236095	harbor1	chr9	134081433	134081620	LTR/ERVL-MaLR	1347	+	94	134081527	45432
chr9	134036095	134236095	harbor1	chr9	134085385	134085520	LTR/ERVL-MaLR	581	+	68	134085453	49358
chr9	134036095	134236095	harbor1	chr9	134085613	134085982	LTR/ERVL-MaLR	1762	+	184	134085797	49702
chr9	134036095	134236095	harbor1	chr9	134095774	134095856	LTR/ERVL-MaLR	1876	+	41	134095815	59720
chr9	134036095	134236095	harbor1	chr9	134096150	134096428	LTR/ERVL-MaLR	1876	+	139	134096289	60194
chr9	4722331	4922331	harbor1	chr9	4734005	4734371	LTR/ERVL-MaLR	1500	+	183	4734188	11857
chr9	4722331	4922331	harbor1	chr9	4744317	4744746	LTR/ERVL-MaLR	1937	+	214	4744531	22200
chr9	4722331	4922331	harbor1	chr9	4745926	4746431	LTR/ERVL-MaLR	1353	+	252	4746178	23847
chr9	4722331	4922331	harbor1	chr9	4786060	4786364	LTR/ERVL-MaLR	2618	+	152	4786212	63881
chr9	4722331	4922331	harbor1	chr9	4786667	4786739	LTR/ERVL-MaLR	2618	+	36	4786703	64372
chr9	4883068	5083068	harbor1	chr9	4906260	4906423	LTR/ERVL-MaLR	1398	+	82	4906342	23274
chr9	4883068	5083068	harbor1	chr9	4906725	4906961	LTR/ERVL-MaLR	1398	+	118	4906843	23775
chr9	4884790	5084790	harbor1	chr9	4906260	4906423	LTR/ERVL-MaLR	1398	+	82	4906342	21552
chr9	4884790	5084790	harbor1	chr9	4906725	4906961	LTR/ERVL-MaLR	1398	+	118	4906843	22053
chr9	137214599	137414599	harbor1	chr9	137294334	137294568	LTR/ERVL-MaLR	918	+	117	137294451	79852
chr9	136402517	136602517	harbor1	chr9	136437239	136437683	LTR/ERVL-MaLR	1280	+	222	136437461	34944
chr9	127963374	128163374	harbor1	chr9	128008889	128008958	LTR/ERVL-MaLR	1741	+	34	128008923	45549
chr9	127963374	128163374	harbor1	chr9	128015964	128016100	LTR/ERVL-MaLR	539	+	68	128016032	52658
chr9	127963374	128163374	harbor1	chr9	128019588	128019977	LTR/ERVL-MaLR	1551	+	194	128019782	56408
chr9	127963374	128163374	harbor1	chr9	128022995	128023292	LTR/ERVL-MaLR	1080	+	148	128023143	59769
chr9	127963374	128163374	harbor1	chr9	128031896	128032017	LTR/ERVL-MaLR	841	+	60	128031956	68582
chr9	127963374	128163374	harbor1	chr9	128055821	128056015	LTR/ERVL-MaLR	711	+	97	128055918	92544
chr9	127963374	128163374	harbor1	chr9	128008124	128008579	LTR/ERVL-MaLR	1741	+	228	128008352	44978
chr9	4663076	4863076	harbor1	chr9	4715795	4716197	LTR/ERVL-MaLR	740	+	201	4715996	52920
chr9	4663076	4863076	harbor1	chr9	4734005	4734371	LTR/ERVL-MaLR	1500	+	183	4734188	71112
chr9	4663076	4863076	harbor1	chr9	4744317	4744746	LTR/ERVL-MaLR	1937	+	214	4744531	81455
chr9	4663076	4863076	harbor1	chr9	4745926	4746431	LTR/ERVL-MaLR	1353	+	252	4746178	83102
chr9	97533584	97733584	harbor1	chr9	97620058	97620429	LTR/ERVL-MaLR	2332	+	186	97620244	86660
chr9	97533584	97733584	harbor1	chr9	97620431	97621047	LTR/ERVL-MaLR	10959	+	308	97620739	87155
chr9	97533584	97733584	harbor1	chr9	97622125	97623059	LTR/ERVL-MaLR	10959	+	467	97622592	89008
chr9	97533584	97733584	harbor1	chr9	97623060	97623424	LTR/ERVL-MaLR	2332	+	182	97623242	89658
chr9	97533584	97733584	harbor1	chr9	97624088	97624494	LTR/ERVL-MaLR	1118	+	203	97624291	90707
chr9	4663656	4863656	harbor1	chr9	4715795	4716197	LTR/ERVL-MaLR	740	+	201	4715996	52340
chr9	4663656	4863656	harbor1	chr9	4734005	4734371	LTR/ERVL-MaLR	1500	+	183	4734188	70532
chr9	4663656	4863656	harbor1	chr9	4744317	4744746	LTR/ERVL-MaLR	1937	+	214	4744531	80875
chr9	4663656	4863656	harbor1	chr9	4745926	4746431	LTR/ERVL-MaLR	1353	+	252	4746178	82522
chr9	19130894	19330894	harbor1	chr9	19166197	19166356	LTR/ERVL-MaLR	2361	+	80	19166277	35383
chr9	19130894	19330894	harbor1	chr9	19166672	19166911	LTR/ERVL-MaLR	2361	+	120	19166792	35898
chr9	137214587	137414587	harbor1	chr9	137294334	137294568	LTR/ERVL-MaLR	918	+	117	137294451	79864
chr9	418608	618608	harbor1	chr9	472512	472677	LTR/ERVL-MaLR	573	+	82	472594	53986
chr9	418608	618608	harbor1	chr9	485084	485294	LTR/ERVL-MaLR	940	+	105	485189	66581
chr9	418608	618608	harbor1	chr9	485434	485590	LTR/ERVL-MaLR	940	+	78	485512	66904
chr9	418608	618608	harbor1	chr9	485898	486081	LTR/ERVL-MaLR	940	+	92	485990	67382
chr9	418608	618608	harbor1	chr9	491705	492073	LTR/ERVL-MaLR	2433	+	184	491889	73281
chr9	418608	618608	harbor1	chr9	493080	493554	LTR/ERVL-MaLR	1626	+	237	493317	74709
chr9	418608	618608	harbor1	chr9	493847	493875	LTR/ERVL-MaLR	1626	+	14	493861	75253
chr9	418608	618608	harbor1	chr9	494461	494724	LTR/ERVL-MaLR	822	+	132	494593	75985
chr9	114075621	114275621	harbor1	chr9	114079213	114079626	LTR/ERVL-MaLR	1018	+	206	114079419	3798
chr9	114075621	114275621	harbor1	chr9	114090430	114090808	LTR/ERVL-MaLR	2190	+	189	114090619	14998
chr9	114075621	114275621	harbor1	chr9	114114069	114114423	LTR/ERVL-MaLR	1963	+	177	114114246	38625
chr9	114075621	114275621	harbor1	chr9	114127456	114127807	LTR/ERVL-MaLR	2532	+	176	114127632	52011
chr9	114075621	114275621	harbor1	chr9	114128305	114128523	LTR/ERVL-MaLR	2532	+	109	114128414	52793
chr9	114075621	114275621	harbor1	chr9	114137020	114137428	LTR/ERVL-MaLR	2201	+	204	114137224	61603
chr9	35654956	35854956	harbor1	chr9	35668813	35669254	LTR/ERVL-MaLR	1652	+	220	35669033	14077
chr9	4830107	5030107	harbor1	chr9	4873802	4874157	LTR/ERVL-MaLR	1879	+	178	4873980	43873
chr9	4830107	5030107	harbor1	chr9	4906260	4906423	LTR/ERVL-MaLR	1398	+	82	4906342	76235
chr9	4830107	5030107	harbor1	chr9	4906725	4906961	LTR/ERVL-MaLR	1398	+	118	4906843	76736
chr9	79473211	79673211	harbor1	chr9	79491973	79492413	LTR/ERVL-MaLR	1842	+	220	79492193	18982
chr9	79473211	79673211	harbor1	chr9	79526647	79527028	LTR/ERVL-MaLR	1778	+	190	79526837	53626
chr9	79473211	79673211	harbor1	chr9	79534930	79535269	LTR/ERVL-MaLR	843	+	170	79535100	61889
chr9	79473211	79673211	harbor1	chr9	79536121	79536504	LTR/ERVL-MaLR	1862	+	192	79536313	63102
chr9	79473211	79673211	harbor1	chr9	79537744	79538107	LTR/ERVL-MaLR	2562	+	182	79537926	64715
chr9	79473211	79673211	harbor1	chr9	79542174	79542771	LTR/ERVL-MaLR	846	+	298	79542472	69261
chr9	79473211	79673211	harbor1	chr9	79550629	79551083	LTR/ERVL-MaLR	1527	+	227	79550856	77645
chr9	79473211	79673211	harbor1	chr9	79554700	79555129	LTR/ERVL-MaLR	2293	+	214	79554914	81703
chr9	137214594	137414594	harbor1	chr9	137294334	137294568	LTR/ERVL-MaLR	918	+	117	137294451	79857
chr9	4669933	4869933	harbor1	chr9	4715795	4716197	LTR/ERVL-MaLR	740	+	201	4715996	46063
chr9	4669933	4869933	harbor1	chr9	4734005	4734371	LTR/ERVL-MaLR	1500	+	183	4734188	64255
chr9	4669933	4869933	harbor1	chr9	4744317	4744746	LTR/ERVL-MaLR	1937	+	214	4744531	74598
chr9	4669933	4869933	harbor1	chr9	4745926	4746431	LTR/ERVL-MaLR	1353	+	252	4746178	76245
chr9	137214592	137414592	harbor1	chr9	137294334	137294568	LTR/ERVL-MaLR	918	+	117	137294451	79859
chr9	4751750	4951750	harbor1	chr9	4786060	4786364	LTR/ERVL-MaLR	2618	+	152	4786212	34462
chr9	4751750	4951750	harbor1	chr9	4786667	4786739	LTR/ERVL-MaLR	2618	+	36	4786703	34953
chr9	133051398	133251398	harbor1	chr9	133088944	133089255	LTR/ERVL-MaLR	1667	+	156	133089100	37702
chr9	133051398	133251398	harbor1	chr9	133090108	133090204	LTR/ERVL-MaLR	602	+	48	133090156	38758
chr9	133051398	133251398	harbor1	chr9	133144780	133145210	LTR/ERVL-MaLR	1595	+	215	133144995	93597
chr9	133051398	133251398	harbor1	chr9	133146542	133147078	LTR/ERVL-MaLR	1424	+	268	133146810	95412
chr9	137214601	137414601	harbor1	chr9	137294334	137294568	LTR/ERVL-MaLR	918	+	117	137294451	79850
chr9	76918823	77118823	harbor1	chr9	76919783	76920267	LTR/ERVL-MaLR	1214	+	242	76920025	1202
chr9	76918823	77118823	harbor1	chr9	76921634	76921988	LTR/ERVL-MaLR	1668	+	177	76921811	2988
chr9	76918823	77118823	harbor1	chr9	76923935	76924404	LTR/ERVL-MaLR	2218	+	234	76924169	5346
chr9	76918823	77118823	harbor1	chr9	76941504	76941878	LTR/ERVL-MaLR	1592	+	187	76941691	22868
chr9	76918823	77118823	harbor1	chr9	76942238	76942256	LTR/ERVL-MaLR	1592	+	9	76942247	23424
chr9	76918823	77118823	harbor1	chr9	76961247	76961605	LTR/ERVL-MaLR	1930	+	179	76961426	42603
chr9	76918823	77118823	harbor1	chr9	76967965	76968326	LTR/ERVL-MaLR	878	+	180	76968145	49322
chr9	76918823	77118823	harbor1	chr9	76988506	76988868	LTR/ERVL-MaLR	2093	+	181	76988687	69864
chr9	76918823	77118823	harbor1	chr9	76999219	76999574	LTR/ERVL-MaLR	1737	+	178	76999397	80574
chr9	76918823	77118823	harbor1	chr9	77005294	77005724	LTR/ERVL-MaLR	1502	+	215	77005509	86686
chr9	4663097	4863097	harbor1	chr9	4715795	4716197	LTR/ERVL-MaLR	740	+	201	4715996	52899
chr9	4663097	4863097	harbor1	chr9	4734005	4734371	LTR/ERVL-MaLR	1500	+	183	4734188	71091
chr9	4663097	4863097	harbor1	chr9	4744317	4744746	LTR/ERVL-MaLR	1937	+	214	4744531	81434
chr9	4663097	4863097	harbor1	chr9	4745926	4746431	LTR/ERVL-MaLR	1353	+	252	4746178	83081
chr9	68605569	68805569	harbor1	chr9	68631273	68631704	LTR/ERVL-MaLR	1203	+	216	68631489	25920
chr9	68605569	68805569	harbor1	chr9	68646588	68647054	LTR/ERVL-MaLR	531	+	233	68646821	41252
chr9	68605569	68805569	harbor1	chr9	68674212	68674715	LTR/ERVL-MaLR	1995	+	252	68674464	68895
chr9	68605569	68805569	harbor1	chr9	68701707	68702050	LTR/ERVL-MaLR	897	+	172	68701879	96310
chr9	68605569	68805569	harbor1	chr9	68702349	68702523	LTR/ERVL-MaLR	897	+	87	68702436	96867
chr9	68605569	68805569	harbor1	chr9	68698096	68698307	LTR/ERVL-MaLR	640	+	106	68698202	92633
chr9	97885166	98085166	harbor1	chr9	97911096	97911676	LTR/ERVL-MaLR	1347	+	290	97911386	26220
chr9	111561650	111761650	harbor1	chr9	111564724	111564841	LTR/ERVL-MaLR	2190	+	58	111564782	3132
chr9	111561650	111761650	harbor1	chr9	111565135	111565414	LTR/ERVL-MaLR	2190	+	140	111565275	3625
chr9	111561650	111761650	harbor1	chr9	111570391	111570493	LTR/ERVL-MaLR	1588	+	51	111570442	8792
chr9	111561650	111761650	harbor1	chr9	111570803	111571130	LTR/ERVL-MaLR	1588	+	164	111570967	9317
chr9	111561650	111761650	harbor1	chr9	111596153	111596333	LTR/ERVL-MaLR	1092	+	90	111596243	34593
chr9	111561650	111761650	harbor1	chr9	111596955	111597278	LTR/ERVL-MaLR	1092	+	162	111597117	35467
chr9	111561650	111761650	harbor1	chr9	111660180	111660587	LTR/ERVL-MaLR	742	+	204	111660384	98734
chr9	4668976	4868976	harbor1	chr9	4715795	4716197	LTR/ERVL-MaLR	740	+	201	4715996	47020
chr9	4668976	4868976	harbor1	chr9	4734005	4734371	LTR/ERVL-MaLR	1500	+	183	4734188	65212
chr9	4668976	4868976	harbor1	chr9	4744317	4744746	LTR/ERVL-MaLR	1937	+	214	4744531	75555
chr9	4668976	4868976	harbor1	chr9	4745926	4746431	LTR/ERVL-MaLR	1353	+	252	4746178	77202
chr9	93084336	93284336	harbor1	chr9	93138439	93138862	LTR/ERVL-MaLR	1263	+	212	93138651	54315
chr9	93084336	93284336	harbor1	chr9	93146673	93147033	LTR/ERVL-MaLR	2273	+	180	93146853	62517
chr9	93084336	93284336	harbor1	chr9	93148674	93149198	LTR/ERVL-MaLR	1992	+	262	93148936	64600
chr9	93084336	93284336	harbor1	chr9	93169368	93169757	LTR/ERVL-MaLR	773	+	194	93169562	85226
chr9	4885042	5085042	harbor1	chr9	4906260	4906423	LTR/ERVL-MaLR	1398	+	82	4906342	21300
chr9	4885042	5085042	harbor1	chr9	4906725	4906961	LTR/ERVL-MaLR	1398	+	118	4906843	21801
chr9	92958971	93158971	harbor1	chr9	93001827	93002090	LTR/ERVL-MaLR	551	+	132	93001959	42988
chr9	92958971	93158971	harbor1	chr9	93043402	93043463	LTR/ERVL-MaLR	899	+	30	93043432	84461
chr9	92958971	93158971	harbor1	chr9	93043774	93043992	LTR/ERVL-MaLR	899	+	109	93043883	84912
chr9	92958971	93158971	harbor1	chr9	93044020	93044237	LTR/ERVL-MaLR	980	+	108	93044128	85157
chr9	92958971	93158971	harbor1	chr9	93044534	93044574	LTR/ERVL-MaLR	980	+	20	93044554	85583
chr9	92958971	93158971	harbor1	chr9	93045119	93045280	LTR/ERVL-MaLR	2558	+	80	93045199	86228
chr9	92958971	93158971	harbor1	chr9	93045586	93046032	LTR/ERVL-MaLR	2558	+	223	93045809	86838
chr9	92958971	93158971	harbor1	chr9	93046344	93046516	LTR/ERVL-MaLR	2558	+	86	93046430	87459
chr9	92958971	93158971	harbor1	chr9	93046923	93047154	LTR/ERVL-MaLR	696	+	116	93047039	88068
chr9	92958971	93158971	harbor1	chr9	93056398	93056497	LTR/ERVL-MaLR	1549	+	50	93056448	97477
chr9	92958971	93158971	harbor1	chr9	93056803	93057136	LTR/ERVL-MaLR	1549	+	166	93056969	97998
chr9	4883803	5083803	harbor1	chr9	4906260	4906423	LTR/ERVL-MaLR	1398	+	82	4906342	22539
chr9	4883803	5083803	harbor1	chr9	4906725	4906961	LTR/ERVL-MaLR	1398	+	118	4906843	23040
chr9	4692784	4892784	harbor1	chr9	4715795	4716197	LTR/ERVL-MaLR	740	+	201	4715996	23212
chr9	4692784	4892784	harbor1	chr9	4734005	4734371	LTR/ERVL-MaLR	1500	+	183	4734188	41404
chr9	4692784	4892784	harbor1	chr9	4744317	4744746	LTR/ERVL-MaLR	1937	+	214	4744531	51747
chr9	4692784	4892784	harbor1	chr9	4745926	4746431	LTR/ERVL-MaLR	1353	+	252	4746178	53394
chr9	4692784	4892784	harbor1	chr9	4786060	4786364	LTR/ERVL-MaLR	2618	+	152	4786212	93428
chr9	4692784	4892784	harbor1	chr9	4786667	4786739	LTR/ERVL-MaLR	2618	+	36	4786703	93919
chr9	4662994	4862994	harbor1	chr9	4715795	4716197	LTR/ERVL-MaLR	740	+	201	4715996	53002
chr9	4662994	4862994	harbor1	chr9	4734005	4734371	LTR/ERVL-MaLR	1500	+	183	4734188	71194
chr9	4662994	4862994	harbor1	chr9	4744317	4744746	LTR/ERVL-MaLR	1937	+	214	4744531	81537
chr9	4662994	4862994	harbor1	chr9	4745926	4746431	LTR/ERVL-MaLR	1353	+	252	4746178	83184
chr9	104717537	104917537	harbor1	chr9	104723770	104724163	LTR/ERVL-MaLR	807	+	196	104723966	6429
chr9	104717537	104917537	harbor1	chr9	104745711	104745942	LTR/ERVL-MaLR	493	+	116	104745827	28290
chr9	104717537	104917537	harbor1	chr9	104776374	104776678	LTR/ERVL-MaLR	1167	+	152	104776526	58989
chr9	111383307	111583307	harbor1	chr9	111404417	111404752	LTR/ERVL-MaLR	1610	+	168	111404585	21278
chr9	4692921	4892921	harbor1	chr9	4715795	4716197	LTR/ERVL-MaLR	740	+	201	4715996	23075
chr9	4692921	4892921	harbor1	chr9	4734005	4734371	LTR/ERVL-MaLR	1500	+	183	4734188	41267
chr9	4692921	4892921	harbor1	chr9	4744317	4744746	LTR/ERVL-MaLR	1937	+	214	4744531	51610
chr9	4692921	4892921	harbor1	chr9	4745926	4746431	LTR/ERVL-MaLR	1353	+	252	4746178	53257
chr9	4692921	4892921	harbor1	chr9	4786060	4786364	LTR/ERVL-MaLR	2618	+	152	4786212	93291
chr9	4692921	4892921	harbor1	chr9	4786667	4786739	LTR/ERVL-MaLR	2618	+	36	4786703	93782
chr9	133063669	133263669	harbor1	chr9	133088944	133089255	LTR/ERVL-MaLR	1667	+	156	133089100	25431
chr9	133063669	133263669	harbor1	chr9	133090108	133090204	LTR/ERVL-MaLR	602	+	48	133090156	26487
chr9	133063669	133263669	harbor1	chr9	133144780	133145210	LTR/ERVL-MaLR	1595	+	215	133144995	81326
chr9	133063669	133263669	harbor1	chr9	133146542	133147078	LTR/ERVL-MaLR	1424	+	268	133146810	83141
chr9	112387266	112587266	harbor1	chr9	112431491	112431866	LTR/ERVL-MaLR	2647	+	188	112431679	44413
chr9	112387266	112587266	harbor1	chr9	112432182	112432221	LTR/ERVL-MaLR	2647	+	20	112432202	44936
chr9	112387266	112587266	harbor1	chr9	112471253	112471587	LTR/ERVL-MaLR	1438	+	167	112471420	84154
chr9	112387266	112587266	harbor1	chr9	112479312	112479682	LTR/ERVL-MaLR	1865	+	185	112479497	92231
chr9	2521362	2721362	harbor1	chr9	2527511	2527901	LTR/ERVL-MaLR	2657	+	195	2527706	6344
chr9	2521362	2721362	harbor1	chr9	2549330	2549714	LTR/ERVL-MaLR	879	+	192	2549522	28160
chr9	2521362	2721362	harbor1	chr9	2567327	2567708	LTR/ERVL-MaLR	1677	+	190	2567517	46155
chr9	2521362	2721362	harbor1	chr9	2568695	2569099	LTR/ERVL-MaLR	958	+	202	2568897	47535
chr9	2521362	2721362	harbor1	chr9	2575374	2575755	LTR/ERVL-MaLR	1434	+	190	2575564	54202
chr9	2521362	2721362	harbor1	chr9	2604969	2605301	LTR/ERVL-MaLR	1426	+	166	2605135	83773
chr9	135645039	135845039	harbor1	chr9	135669007	135669365	LTR/ERVL-MaLR	2396	+	179	135669186	24147
chr9	135645039	135845039	harbor1	chr9	135689928	135690296	LTR/ERVL-MaLR	2380	+	184	135690112	45073
chr9	135645039	135845039	harbor1	chr9	135691814	135692206	LTR/ERVL-MaLR	2070	+	196	135692010	46971
chr9	135645039	135845039	harbor1	chr9	135728921	135729117	LTR/ERVL-MaLR	804	+	98	135729019	83980
chr9	135645039	135845039	harbor1	chr9	135729168	135729611	LTR/ERVL-MaLR	1056	+	222	135729390	84351
chr9	135645039	135845039	harbor1	chr9	135730284	135730703	LTR/ERVL-MaLR	1489	+	210	135730494	85455
chr9	135645039	135845039	harbor1	chr9	135731014	135731072	LTR/ERVL-MaLR	1489	+	29	135731043	86004
chr9	4884820	5084820	harbor1	chr9	4906260	4906423	LTR/ERVL-MaLR	1398	+	82	4906342	21522
chr9	4884820	5084820	harbor1	chr9	4906725	4906961	LTR/ERVL-MaLR	1398	+	118	4906843	22023
chr9	4692190	4892190	harbor1	chr9	4715795	4716197	LTR/ERVL-MaLR	740	+	201	4715996	23806
chr9	4692190	4892190	harbor1	chr9	4734005	4734371	LTR/ERVL-MaLR	1500	+	183	4734188	41998
chr9	4692190	4892190	harbor1	chr9	4744317	4744746	LTR/ERVL-MaLR	1937	+	214	4744531	52341
chr9	4692190	4892190	harbor1	chr9	4745926	4746431	LTR/ERVL-MaLR	1353	+	252	4746178	53988
chr9	4692190	4892190	harbor1	chr9	4786060	4786364	LTR/ERVL-MaLR	2618	+	152	4786212	94022
chr9	4692190	4892190	harbor1	chr9	4786667	4786739	LTR/ERVL-MaLR	2618	+	36	4786703	94513
chr9	112387344	112587344	harbor1	chr9	112431491	112431866	LTR/ERVL-MaLR	2647	+	188	112431679	44335
chr9	112387344	112587344	harbor1	chr9	112432182	112432221	LTR/ERVL-MaLR	2647	+	20	112432202	44858
chr9	112387344	112587344	harbor1	chr9	112471253	112471587	LTR/ERVL-MaLR	1438	+	167	112471420	84076
chr9	112387344	112587344	harbor1	chr9	112479312	112479682	LTR/ERVL-MaLR	1865	+	185	112479497	92153
chr9	4658000	4858000	harbor1	chr9	4657968	4658216	LTR/ERVL-MaLR	907	+	124	4658092	92
chr9	4658000	4858000	harbor1	chr9	4715795	4716197	LTR/ERVL-MaLR	740	+	201	4715996	57996
chr9	4658000	4858000	harbor1	chr9	4734005	4734371	LTR/ERVL-MaLR	1500	+	183	4734188	76188
chr9	4658000	4858000	harbor1	chr9	4744317	4744746	LTR/ERVL-MaLR	1937	+	214	4744531	86531
chr9	4658000	4858000	harbor1	chr9	4745926	4746431	LTR/ERVL-MaLR	1353	+	252	4746178	88178
chr9	34027036	34227036	harbor1	chr9	34063361	34063502	LTR/ERVL-MaLR	554	+	70	34063431	36395
chr9	6658192	6858192	harbor1	chr9	6693342	6693364	LTR/ERVL-MaLR	1185	+	11	6693353	35161
chr9	6658192	6858192	harbor1	chr9	6694507	6694763	LTR/ERVL-MaLR	1185	+	128	6694635	36443
chr9	6658192	6858192	harbor1	chr9	6735396	6735758	LTR/ERVL-MaLR	2170	+	181	6735577	77385
chr9	6658192	6858192	harbor1	chr9	6735760	6736623	LTR/ERVL-MaLR	6538	+	432	6736192	78000
chr9	4883030	5083030	harbor1	chr9	4906260	4906423	LTR/ERVL-MaLR	1398	+	82	4906342	23312
chr9	4883030	5083030	harbor1	chr9	4906725	4906961	LTR/ERVL-MaLR	1398	+	118	4906843	23813
chr9	1	129273	harbor1	chr9	30472	30640	LTR/ERVL-MaLR	1434	+	84	30556	30555
chr9	1	129273	harbor1	chr9	30742	30913	LTR/ERVL-MaLR	1434	+	86	30828	30827
chr9	1	129273	harbor1	chr9	38038	39246	LTR/ERVL-MaLR	4016	+	604	38642	38641
chr9	1	129273	harbor1	chr9	39247	39405	LTR/ERVL-MaLR	814	+	79	39326	39325
chr9	1	129273	harbor1	chr9	39707	40076	LTR/ERVL-MaLR	867	+	184	39891	39890
chr9	1	129273	harbor1	chr9	55493	55939	LTR/ERVL-MaLR	1781	+	223	55716	55715
chr9	1	129273	harbor1	chr9	57795	58204	LTR/ERVL-MaLR	2626	+	204	57999	57998
chr9	1	129273	harbor1	chr9	58449	58712	LTR/ERVL-MaLR	982	+	132	58581	58580
chr9	1	129273	harbor1	chr9	68749	69107	LTR/ERVL-MaLR	1999	+	179	68928	68927
chr9	1	129273	harbor1	chr9	98615	98827	LTR/ERVL-MaLR	629	+	106	98721	98720
chr9	133051983	133251983	harbor1	chr9	133088944	133089255	LTR/ERVL-MaLR	1667	+	156	133089100	37117
chr9	133051983	133251983	harbor1	chr9	133090108	133090204	LTR/ERVL-MaLR	602	+	48	133090156	38173
chr9	133051983	133251983	harbor1	chr9	133144780	133145210	LTR/ERVL-MaLR	1595	+	215	133144995	93012
chr9	133051983	133251983	harbor1	chr9	133146542	133147078	LTR/ERVL-MaLR	1424	+	268	133146810	94827
chr9	135905941	136105941	harbor1	chr9	135914666	135915084	LTR/ERVL-MaLR	2076	+	209	135914875	8934
chr9	135905941	136105941	harbor1	chr9	135949847	135950288	LTR/ERVL-MaLR	1231	+	220	135950067	44126
chr9	4692910	4892910	harbor1	chr9	4715795	4716197	LTR/ERVL-MaLR	740	+	201	4715996	23086
chr9	4692910	4892910	harbor1	chr9	4734005	4734371	LTR/ERVL-MaLR	1500	+	183	4734188	41278
chr9	4692910	4892910	harbor1	chr9	4744317	4744746	LTR/ERVL-MaLR	1937	+	214	4744531	51621
chr9	4692910	4892910	harbor1	chr9	4745926	4746431	LTR/ERVL-MaLR	1353	+	252	4746178	53268
chr9	4692910	4892910	harbor1	chr9	4786060	4786364	LTR/ERVL-MaLR	2618	+	152	4786212	93302
chr9	4692910	4892910	harbor1	chr9	4786667	4786739	LTR/ERVL-MaLR	2618	+	36	4786703	93793
chr9	4663850	4863850	harbor1	chr9	4715795	4716197	LTR/ERVL-MaLR	740	+	201	4715996	52146
chr9	4663850	4863850	harbor1	chr9	4734005	4734371	LTR/ERVL-MaLR	1500	+	183	4734188	70338
chr9	4663850	4863850	harbor1	chr9	4744317	4744746	LTR/ERVL-MaLR	1937	+	214	4744531	80681
chr9	4663850	4863850	harbor1	chr9	4745926	4746431	LTR/ERVL-MaLR	1353	+	252	4746178	82328
chr9	136748358	136948358	harbor1	chr9	136753102	136753464	LTR/ERVL-MaLR	1251	+	181	136753283	4925
chr9	136748358	136948358	harbor1	chr9	136760821	136761260	LTR/ERVL-MaLR	1326	+	220	136761041	12683
chr9	136748358	136948358	harbor1	chr9	136761561	136761624	LTR/ERVL-MaLR	1326	+	32	136761593	13235
chr9	136748358	136948358	harbor1	chr9	136773829	136774210	LTR/ERVL-MaLR	866	+	190	136774019	25661
chr9	136748358	136948358	harbor1	chr9	136794995	136795284	LTR/ERVL-MaLR	1201	+	144	136795139	46781
chr9	136748358	136948358	harbor1	chr9	136795597	136795631	LTR/ERVL-MaLR	1201	+	17	136795614	47256
chr9	4669263	4869263	harbor1	chr9	4715795	4716197	LTR/ERVL-MaLR	740	+	201	4715996	46733
chr9	4669263	4869263	harbor1	chr9	4734005	4734371	LTR/ERVL-MaLR	1500	+	183	4734188	64925
chr9	4669263	4869263	harbor1	chr9	4744317	4744746	LTR/ERVL-MaLR	1937	+	214	4744531	75268
chr9	4669263	4869263	harbor1	chr9	4745926	4746431	LTR/ERVL-MaLR	1353	+	252	4746178	76915
chr9	4597199	4797199	harbor1	chr9	4657334	4657531	LTR/ERVL-MaLR	921	+	98	4657432	60233
chr9	4597199	4797199	harbor1	chr9	4657968	4658216	LTR/ERVL-MaLR	907	+	124	4658092	60893
chr9	133968504	134168504	harbor1	chr9	134007139	134007573	LTR/ERVL-MaLR	1007	+	217	134007356	38852
chr9	35654325	35854325	harbor1	chr9	35668813	35669254	LTR/ERVL-MaLR	1652	+	220	35669033	14708
chr9	137337211	137537211	harbor1	chr9	137409010	137409432	LTR/ERVL-MaLR	1282	+	211	137409221	72010
chr9	127963377	128163377	harbor1	chr9	128008889	128008958	LTR/ERVL-MaLR	1741	+	34	128008923	45546
chr9	127963377	128163377	harbor1	chr9	128015964	128016100	LTR/ERVL-MaLR	539	+	68	128016032	52655
chr9	127963377	128163377	harbor1	chr9	128019588	128019977	LTR/ERVL-MaLR	1551	+	194	128019782	56405
chr9	127963377	128163377	harbor1	chr9	128022995	128023292	LTR/ERVL-MaLR	1080	+	148	128023143	59766
chr9	127963377	128163377	harbor1	chr9	128031896	128032017	LTR/ERVL-MaLR	841	+	60	128031956	68579
chr9	127963377	128163377	harbor1	chr9	128055821	128056015	LTR/ERVL-MaLR	711	+	97	128055918	92541
chr9	127963377	128163377	harbor1	chr9	128008124	128008579	LTR/ERVL-MaLR	1741	+	228	128008352	44975
chr9	61551186	61751186	harbor1	chr9	61613228	61613613	LTR/ERVL-MaLR	1701	+	192	61613420	62234
chr9	136847554	137047554	harbor1	chr9	136932997	136934550	LTR/ERVL-MaLR	6072	+	776	136933773	86219
chr9	136847554	137047554	harbor1	chr9	136934551	136934870	LTR/ERVL-MaLR	1184	+	160	136934711	87157
chr9	136847554	137047554	harbor1	chr9	136934877	136935014	LTR/ERVL-MaLR	578	+	68	136934945	87391
chr9	4692901	4892901	harbor1	chr9	4715795	4716197	LTR/ERVL-MaLR	740	+	201	4715996	23095
chr9	4692901	4892901	harbor1	chr9	4734005	4734371	LTR/ERVL-MaLR	1500	+	183	4734188	41287
chr9	4692901	4892901	harbor1	chr9	4744317	4744746	LTR/ERVL-MaLR	1937	+	214	4744531	51630
chr9	4692901	4892901	harbor1	chr9	4745926	4746431	LTR/ERVL-MaLR	1353	+	252	4746178	53277
chr9	4692901	4892901	harbor1	chr9	4786060	4786364	LTR/ERVL-MaLR	2618	+	152	4786212	93311
chr9	4692901	4892901	harbor1	chr9	4786667	4786739	LTR/ERVL-MaLR	2618	+	36	4786703	93802
chr9	113807755	114007755	harbor1	chr9	113820651	113820940	LTR/ERVL-MaLR	1245	+	144	113820795	13040
chr9	113807755	114007755	harbor1	chr9	113822942	113824311	LTR/ERVL-MaLR	3827	+	684	113823626	15871
chr9	113807755	114007755	harbor1	chr9	113824313	113824636	LTR/ERVL-MaLR	1551	+	162	113824475	16720
chr9	113807755	114007755	harbor1	chr9	113825002	113825047	LTR/ERVL-MaLR	1551	+	22	113825024	17269
chr9	113807755	114007755	harbor1	chr9	113831009	113831046	LTR/ERVL-MaLR	1696	+	18	113831027	23272
chr9	113807755	114007755	harbor1	chr9	113831349	113831701	LTR/ERVL-MaLR	1696	+	176	113831525	23770
chr9	113807755	114007755	harbor1	chr9	113858408	113858851	LTR/ERVL-MaLR	590	+	222	113858630	50875
chr9	133063664	133263664	harbor1	chr9	133088944	133089255	LTR/ERVL-MaLR	1667	+	156	133089100	25436
chr9	133063664	133263664	harbor1	chr9	133090108	133090204	LTR/ERVL-MaLR	602	+	48	133090156	26492
chr9	133063664	133263664	harbor1	chr9	133144780	133145210	LTR/ERVL-MaLR	1595	+	215	133144995	81331
chr9	133063664	133263664	harbor1	chr9	133146542	133147078	LTR/ERVL-MaLR	1424	+	268	133146810	83146
chr9	4777664	4977664	harbor1	chr9	4786060	4786364	LTR/ERVL-MaLR	2618	+	152	4786212	8548
chr9	4777664	4977664	harbor1	chr9	4786667	4786739	LTR/ERVL-MaLR	2618	+	36	4786703	9039
chr9	4777664	4977664	harbor1	chr9	4873802	4874157	LTR/ERVL-MaLR	1879	+	178	4873980	96316
chr9	133047949	133247949	harbor1	chr9	133088944	133089255	LTR/ERVL-MaLR	1667	+	156	133089100	41151
chr9	133047949	133247949	harbor1	chr9	133090108	133090204	LTR/ERVL-MaLR	602	+	48	133090156	42207
chr9	133047949	133247949	harbor1	chr9	133144780	133145210	LTR/ERVL-MaLR	1595	+	215	133144995	97046
chr9	133047949	133247949	harbor1	chr9	133146542	133147078	LTR/ERVL-MaLR	1424	+	268	133146810	98861
chr9	97885101	98085101	harbor1	chr9	97911096	97911676	LTR/ERVL-MaLR	1347	+	290	97911386	26285
chr9	133934915	134134915	harbor1	chr9	133952201	133952321	LTR/ERVL-MaLR	554	+	60	133952261	17346
chr9	133934915	134134915	harbor1	chr9	133952621	133952846	LTR/ERVL-MaLR	554	+	112	133952733	17818
chr9	133934915	134134915	harbor1	chr9	133959619	133960002	LTR/ERVL-MaLR	769	+	192	133959811	24896
chr9	133934915	134134915	harbor1	chr9	134007139	134007573	LTR/ERVL-MaLR	1007	+	217	134007356	72441
chr9	4692868	4892868	harbor1	chr9	4715795	4716197	LTR/ERVL-MaLR	740	+	201	4715996	23128
chr9	4692868	4892868	harbor1	chr9	4734005	4734371	LTR/ERVL-MaLR	1500	+	183	4734188	41320
chr9	4692868	4892868	harbor1	chr9	4744317	4744746	LTR/ERVL-MaLR	1937	+	214	4744531	51663
chr9	4692868	4892868	harbor1	chr9	4745926	4746431	LTR/ERVL-MaLR	1353	+	252	4746178	53310
chr9	4692868	4892868	harbor1	chr9	4786060	4786364	LTR/ERVL-MaLR	2618	+	152	4786212	93344
chr9	4692868	4892868	harbor1	chr9	4786667	4786739	LTR/ERVL-MaLR	2618	+	36	4786703	93835
chr9	4692205	4892205	harbor1	chr9	4715795	4716197	LTR/ERVL-MaLR	740	+	201	4715996	23791
chr9	4692205	4892205	harbor1	chr9	4734005	4734371	LTR/ERVL-MaLR	1500	+	183	4734188	41983
chr9	4692205	4892205	harbor1	chr9	4744317	4744746	LTR/ERVL-MaLR	1937	+	214	4744531	52326
chr9	4692205	4892205	harbor1	chr9	4745926	4746431	LTR/ERVL-MaLR	1353	+	252	4746178	53973
chr9	4692205	4892205	harbor1	chr9	4786060	4786364	LTR/ERVL-MaLR	2618	+	152	4786212	94007
chr9	4692205	4892205	harbor1	chr9	4786667	4786739	LTR/ERVL-MaLR	2618	+	36	4786703	94498
chr9	83717816	83917816	harbor1	chr9	83764170	83764506	LTR/ERVL-MaLR	1738	+	168	83764338	46522
chr9	83717816	83917816	harbor1	chr9	83764507	83766001	LTR/ERVL-MaLR	9832	+	747	83765254	47438
chr9	83717816	83917816	harbor1	chr9	83766002	83766356	LTR/ERVL-MaLR	1988	+	177	83766179	48363
chr9	83717816	83917816	harbor1	chr9	83783944	83783984	LTR/ERVL-MaLR	802	+	20	83783964	66148
chr9	83717816	83917816	harbor1	chr9	83784291	83784574	LTR/ERVL-MaLR	1051	+	142	83784433	66617
chr9	83717816	83917816	harbor1	chr9	83800987	83801433	LTR/ERVL-MaLR	1700	+	223	83801210	83394
chr9	83717816	83917816	harbor1	chr9	83808728	83809070	LTR/ERVL-MaLR	583	+	171	83808899	91083
chr9	4884858	5084858	harbor1	chr9	4906260	4906423	LTR/ERVL-MaLR	1398	+	82	4906342	21484
chr9	4884858	5084858	harbor1	chr9	4906725	4906961	LTR/ERVL-MaLR	1398	+	118	4906843	21985
chr9	4692961	4892961	harbor1	chr9	4715795	4716197	LTR/ERVL-MaLR	740	+	201	4715996	23035
chr9	4692961	4892961	harbor1	chr9	4734005	4734371	LTR/ERVL-MaLR	1500	+	183	4734188	41227
chr9	4692961	4892961	harbor1	chr9	4744317	4744746	LTR/ERVL-MaLR	1937	+	214	4744531	51570
chr9	4692961	4892961	harbor1	chr9	4745926	4746431	LTR/ERVL-MaLR	1353	+	252	4746178	53217
chr9	4692961	4892961	harbor1	chr9	4786060	4786364	LTR/ERVL-MaLR	2618	+	152	4786212	93251
chr9	4692961	4892961	harbor1	chr9	4786667	4786739	LTR/ERVL-MaLR	2618	+	36	4786703	93742
chr9	4692661	4892661	harbor1	chr9	4715795	4716197	LTR/ERVL-MaLR	740	+	201	4715996	23335
chr9	4692661	4892661	harbor1	chr9	4734005	4734371	LTR/ERVL-MaLR	1500	+	183	4734188	41527
chr9	4692661	4892661	harbor1	chr9	4744317	4744746	LTR/ERVL-MaLR	1937	+	214	4744531	51870
chr9	4692661	4892661	harbor1	chr9	4745926	4746431	LTR/ERVL-MaLR	1353	+	252	4746178	53517
chr9	4692661	4892661	harbor1	chr9	4786060	4786364	LTR/ERVL-MaLR	2618	+	152	4786212	93551
chr9	4692661	4892661	harbor1	chr9	4786667	4786739	LTR/ERVL-MaLR	2618	+	36	4786703	94042
chr10	131310777	131510777	harbor1	chr10	131335862	131336152	LTR/ERVL-MaLR	869	+	145	131336007	25230
chr10	131310777	131510777	harbor1	chr10	131341095	131341379	LTR/ERVL-MaLR	951	+	142	131341237	30460
chr10	131310777	131510777	harbor1	chr10	131370674	131371019	LTR/ERVL-MaLR	1387	+	172	131370846	60069
chr10	131310777	131510777	harbor1	chr10	131409526	131409908	LTR/ERVL-MaLR	1221	+	191	131409717	98940
chr10	78865729	79065729	harbor1	chr10	78886475	78886961	LTR/ERVL-MaLR	1083	+	243	78886718	20989
chr10	78865729	79065729	harbor1	chr10	78897825	78898207	LTR/ERVL-MaLR	2852	+	191	78898016	32287
chr10	560140	760140	harbor1	chr10	602389	602647	LTR/ERVL-MaLR	769	+	129	602518	42378
chr10	560140	760140	harbor1	chr10	610644	610750	LTR/ERVL-MaLR	668	+	53	610697	50557
chr10	560140	760140	harbor1	chr10	611052	611376	LTR/ERVL-MaLR	1596	+	162	611214	51074
chr10	49511878	49711878	harbor1	chr10	49540638	49540780	LTR/ERVL-MaLR	716	+	71	49540709	28831
chr10	49511878	49711878	harbor1	chr10	49584215	49584610	LTR/ERVL-MaLR	2012	+	198	49584413	72535
chr10	49511878	49711878	harbor1	chr10	49584912	49585214	LTR/ERVL-MaLR	1230	+	151	49585063	73185
chr10	49511878	49711878	harbor1	chr10	49585884	49585909	LTR/ERVL-MaLR	1230	+	12	49585896	74018
chr10	49511878	49711878	harbor1	chr10	49586212	49586262	LTR/ERVL-MaLR	1230	+	25	49586237	74359
chr10	49511878	49711878	harbor1	chr10	49586574	49586632	LTR/ERVL-MaLR	1230	+	29	49586603	74725
chr10	14778677	14978677	harbor1	chr10	14780370	14780606	LTR/ERVL-MaLR	472	+	118	14780488	1811
chr10	14778677	14978677	harbor1	chr10	14792310	14792484	LTR/ERVL-MaLR	795	+	87	14792397	13720
chr10	14778677	14978677	harbor1	chr10	14795758	14795917	LTR/ERVL-MaLR	708	+	80	14795838	17161
chr10	14778677	14978677	harbor1	chr10	14815387	14815585	LTR/ERVL-MaLR	597	+	99	14815486	36809
chr10	14778677	14978677	harbor1	chr10	14820774	14821121	LTR/ERVL-MaLR	2158	+	174	14820948	42271
chr10	14778677	14978677	harbor1	chr10	14821424	14821461	LTR/ERVL-MaLR	2158	+	18	14821442	42765
chr10	14778677	14978677	harbor1	chr10	14863815	14864058	LTR/ERVL-MaLR	470	+	122	14863937	85260
chr10	7566933	7766933	harbor1	chr10	7577906	7578174	LTR/ERVL-MaLR	722	+	134	7578040	11107
chr10	7566933	7766933	harbor1	chr10	7600676	7601031	LTR/ERVL-MaLR	1789	+	178	7600854	33921
chr10	7566933	7766933	harbor1	chr10	7602345	7602720	LTR/ERVL-MaLR	2384	+	188	7602533	35600
chr10	7566933	7766933	harbor1	chr10	7642915	7643325	LTR/ERVL-MaLR	1303	+	205	7643120	76187
chr10	7566933	7766933	harbor1	chr10	7647344	7647588	LTR/ERVL-MaLR	906	+	122	7647466	80533
chr10	7566933	7766933	harbor1	chr10	7657722	7658044	LTR/ERVL-MaLR	847	+	161	7657883	90950
chr10	37911041	38111041	harbor1	chr10	37963501	37963694	LTR/ERVL-MaLR	2720	+	96	37963597	52556
chr10	37911041	38111041	harbor1	chr10	37964001	37964242	LTR/ERVL-MaLR	2720	+	120	37964121	53080
chr10	37911041	38111041	harbor1	chr10	37964243	37965412	LTR/ERVL-MaLR	6714	+	584	37964827	53786
chr10	6442674	6642674	harbor1	chr10	6459456	6459876	LTR/ERVL-MaLR	803	+	210	6459666	16992
chr10	6442674	6642674	harbor1	chr10	6482153	6482640	LTR/ERVL-MaLR	994	+	244	6482397	39723
chr10	6442674	6642674	harbor1	chr10	6482998	6483018	LTR/ERVL-MaLR	994	+	10	6483008	40334
chr10	69458832	69658832	harbor1	chr10	69463839	69464262	LTR/ERVL-MaLR	1139	+	212	69464051	5219
chr10	69458832	69658832	harbor1	chr10	69541248	69541356	LTR/ERVL-MaLR	642	+	54	69541302	82470
chr10	92188891	92388891	harbor1	chr10	92214084	92214480	LTR/ERVL-MaLR	2028	+	198	92214282	25391
chr10	92188891	92388891	harbor1	chr10	92221567	92221717	LTR/ERVL-MaLR	761	+	75	92221642	32751
chr10	92188891	92388891	harbor1	chr10	92221864	92222022	LTR/ERVL-MaLR	832	+	79	92221943	33052
chr10	92188891	92388891	harbor1	chr10	92255529	92255763	LTR/ERVL-MaLR	1014	+	117	92255646	66755
chr10	92188891	92388891	harbor1	chr10	92265819	92266243	LTR/ERVL-MaLR	2649	+	212	92266031	77140
chr10	100086018	100286018	harbor1	chr10	100086627	100086742	LTR/ERVL-MaLR	505	+	58	100086685	667
chr10	100086018	100286018	harbor1	chr10	100087024	100087271	LTR/ERVL-MaLR	1289	+	124	100087148	1130
chr10	100086018	100286018	harbor1	chr10	100104246	100104624	LTR/ERVL-MaLR	2576	+	189	100104435	18417
chr10	100086018	100286018	harbor1	chr10	100130637	100131192	LTR/ERVL-MaLR	1212	+	278	100130915	44897
chr10	100086018	100286018	harbor1	chr10	100132719	100133164	LTR/ERVL-MaLR	2597	+	222	100132941	46923
chr10	100086018	100286018	harbor1	chr10	100136426	100136808	LTR/ERVL-MaLR	1476	+	191	100136617	50599
chr10	14778710	14978710	harbor1	chr10	14780370	14780606	LTR/ERVL-MaLR	472	+	118	14780488	1778
chr10	14778710	14978710	harbor1	chr10	14792310	14792484	LTR/ERVL-MaLR	795	+	87	14792397	13687
chr10	14778710	14978710	harbor1	chr10	14795758	14795917	LTR/ERVL-MaLR	708	+	80	14795838	17128
chr10	14778710	14978710	harbor1	chr10	14815387	14815585	LTR/ERVL-MaLR	597	+	99	14815486	36776
chr10	14778710	14978710	harbor1	chr10	14820774	14821121	LTR/ERVL-MaLR	2158	+	174	14820948	42238
chr10	14778710	14978710	harbor1	chr10	14821424	14821461	LTR/ERVL-MaLR	2158	+	18	14821442	42732
chr10	14778710	14978710	harbor1	chr10	14863815	14864058	LTR/ERVL-MaLR	470	+	122	14863937	85227
chr10	113669309	113869309	harbor1	chr10	113700779	113701127	LTR/ERVL-MaLR	1946	+	174	113700953	31644
chr10	75111057	75311057	harbor1	chr10	75140502	75140676	LTR/ERVL-MaLR	693	+	87	75140589	29532
chr10	75111057	75311057	harbor1	chr10	75202958	75203281	LTR/ERVL-MaLR	1253	+	162	75203120	92063
chr10	75111057	75311057	harbor1	chr10	75203635	75204152	LTR/ERVL-MaLR	2484	+	258	75203893	92836
chr10	132232440	132432440	harbor1	chr10	132259308	132259770	LTR/ERVL-MaLR	1925	+	231	132259539	27099
chr10	132232440	132432440	harbor1	chr10	132270159	132270510	LTR/ERVL-MaLR	839	+	176	132270335	37895
chr10	132232440	132432440	harbor1	chr10	132272068	132272391	LTR/ERVL-MaLR	1115	+	162	132272230	39790
chr10	132232440	132432440	harbor1	chr10	132298216	132298348	LTR/ERVL-MaLR	441	+	66	132298282	65842
chr10	132232440	132432440	harbor1	chr10	132298694	132299003	LTR/ERVL-MaLR	889	+	154	132298848	66408
chr10	132232440	132432440	harbor1	chr10	132299625	132299768	LTR/ERVL-MaLR	469	+	72	132299697	67257
chr10	132232440	132432440	harbor1	chr10	132325101	132325270	LTR/ERVL-MaLR	2074	+	84	132325185	92745
chr10	132232440	132432440	harbor1	chr10	132325565	132325722	LTR/ERVL-MaLR	2074	+	78	132325643	93203
chr10	132232440	132432440	harbor1	chr10	132326015	132326056	LTR/ERVL-MaLR	2074	+	20	132326035	93595
chr10	132232440	132432440	harbor1	chr10	132327070	132327419	LTR/ERVL-MaLR	2287	+	174	132327244	94804
chr10	132811276	133011276	harbor1	chr10	132876388	132876560	LTR/ERVL-MaLR	488	+	86	132876474	65198
chr10	132811276	133011276	harbor1	chr10	132895712	132895924	LTR/ERVL-MaLR	921	+	106	132895818	84542
chr10	132811276	133011276	harbor1	chr10	132896297	132896469	LTR/ERVL-MaLR	540	+	86	132896383	85107
chr10	132811276	133011276	harbor1	chr10	132907659	132907998	LTR/ERVL-MaLR	1091	+	170	132907829	96553
chr10	14673058	14873058	harbor1	chr10	14740804	14740952	LTR/ERVL-MaLR	612	+	74	14740878	67820
chr10	14673058	14873058	harbor1	chr10	14748320	14748813	LTR/ERVL-MaLR	500	+	246	14748566	75508
chr10	14778691	14978691	harbor1	chr10	14780370	14780606	LTR/ERVL-MaLR	472	+	118	14780488	1797
chr10	14778691	14978691	harbor1	chr10	14792310	14792484	LTR/ERVL-MaLR	795	+	87	14792397	13706
chr10	14778691	14978691	harbor1	chr10	14795758	14795917	LTR/ERVL-MaLR	708	+	80	14795838	17147
chr10	14778691	14978691	harbor1	chr10	14815387	14815585	LTR/ERVL-MaLR	597	+	99	14815486	36795
chr10	14778691	14978691	harbor1	chr10	14820774	14821121	LTR/ERVL-MaLR	2158	+	174	14820948	42257
chr10	14778691	14978691	harbor1	chr10	14821424	14821461	LTR/ERVL-MaLR	2158	+	18	14821442	42751
chr10	14778691	14978691	harbor1	chr10	14863815	14864058	LTR/ERVL-MaLR	470	+	122	14863937	85246
chr10	100611262	100811262	harbor1	chr10	100629178	100629261	LTR/ERVL-MaLR	1238	+	42	100629220	17958
chr10	100611262	100811262	harbor1	chr10	100629570	100629877	LTR/ERVL-MaLR	1238	+	154	100629724	18462
chr10	100611262	100811262	harbor1	chr10	100630193	100630238	LTR/ERVL-MaLR	1238	+	22	100630215	18953
chr10	100611262	100811262	harbor1	chr10	100695038	100695510	LTR/ERVL-MaLR	931	+	236	100695274	84012
chr10	100611262	100811262	harbor1	chr10	100696645	100697004	LTR/ERVL-MaLR	1300	+	180	100696825	85563
chr10	100611262	100811262	harbor1	chr10	100699432	100699889	LTR/ERVL-MaLR	1581	+	228	100699660	88398
chr10	3072743	3272743	harbor1	chr10	3168479	3168852	LTR/ERVL-MaLR	2277	+	186	3168665	95922
chr10	114721980	114921980	harbor1	chr10	114792815	114792870	LTR/ERVL-MaLR	2908	+	28	114792843	70863
chr10	114721980	114921980	harbor1	chr10	114793178	114793518	LTR/ERVL-MaLR	2908	+	170	114793348	71368
chr10	114721980	114921980	harbor1	chr10	114808690	114809148	LTR/ERVL-MaLR	1484	+	229	114808919	86939
chr10	114721980	114921980	harbor1	chr10	114815703	114816089	LTR/ERVL-MaLR	793	+	193	114815896	93916
chr10	62704867	62904867	harbor1	chr10	62752559	62752937	LTR/ERVL-MaLR	712	+	189	62752748	47881
chr10	62704867	62904867	harbor1	chr10	62753855	62754181	LTR/ERVL-MaLR	1700	+	163	62754018	49151
chr10	62704867	62904867	harbor1	chr10	62774424	62774757	LTR/ERVL-MaLR	1800	+	166	62774590	69723
chr10	62704867	62904867	harbor1	chr10	62775064	62775313	LTR/ERVL-MaLR	1800	+	124	62775188	70321
chr10	132984294	133184294	harbor1	chr10	132999707	132999982	LTR/ERVL-MaLR	925	+	138	132999845	15551
chr10	132984294	133184294	harbor1	chr10	133032897	133033276	LTR/ERVL-MaLR	1636	+	190	133033087	48793
chr10	132984294	133184294	harbor1	chr10	133034834	133035077	LTR/ERVL-MaLR	1293	+	122	133034956	50662
chr10	132207804	132407804	harbor1	chr10	132215327	132215686	LTR/ERVL-MaLR	2681	+	180	132215507	7703
chr10	132207804	132407804	harbor1	chr10	132215687	132216182	LTR/ERVL-MaLR	11945	+	248	132215935	8131
chr10	132207804	132407804	harbor1	chr10	132216498	132217560	LTR/ERVL-MaLR	11945	+	531	132217029	9225
chr10	132207804	132407804	harbor1	chr10	132217561	132217926	LTR/ERVL-MaLR	2519	+	182	132217743	9939
chr10	132207804	132407804	harbor1	chr10	132220035	132220420	LTR/ERVL-MaLR	1076	+	192	132220227	12423
chr10	132207804	132407804	harbor1	chr10	132231586	132232003	LTR/ERVL-MaLR	612	+	208	132231794	23990
chr10	132207804	132407804	harbor1	chr10	132259308	132259770	LTR/ERVL-MaLR	1925	+	231	132259539	51735
chr10	132207804	132407804	harbor1	chr10	132270159	132270510	LTR/ERVL-MaLR	839	+	176	132270335	62531
chr10	132207804	132407804	harbor1	chr10	132272068	132272391	LTR/ERVL-MaLR	1115	+	162	132272230	64426
chr10	132207804	132407804	harbor1	chr10	132298216	132298348	LTR/ERVL-MaLR	441	+	66	132298282	90478
chr10	132207804	132407804	harbor1	chr10	132298694	132299003	LTR/ERVL-MaLR	889	+	154	132298848	91044
chr10	132207804	132407804	harbor1	chr10	132299625	132299768	LTR/ERVL-MaLR	469	+	72	132299697	91893
chr10	78346452	78546452	harbor1	chr10	78355814	78356148	LTR/ERVL-MaLR	971	+	167	78355981	9529
chr10	78346452	78546452	harbor1	chr10	78378609	78379098	LTR/ERVL-MaLR	1822	+	244	78378853	32401
chr10	78346452	78546452	harbor1	chr10	78386161	78386685	LTR/ERVL-MaLR	638	+	262	78386423	39971
chr10	78346452	78546452	harbor1	chr10	78404186	78404712	LTR/ERVL-MaLR	963	+	263	78404449	57997
chr10	78346452	78546452	harbor1	chr10	78416538	78416884	LTR/ERVL-MaLR	821	+	173	78416711	70259
chr10	78346452	78546452	harbor1	chr10	78424538	78424773	LTR/ERVL-MaLR	571	+	118	78424656	78204
chr10	78346452	78546452	harbor1	chr10	78429509	78429951	LTR/ERVL-MaLR	1237	+	221	78429730	83278
chr10	2967276	3167276	harbor1	chr10	3011830	3012198	LTR/ERVL-MaLR	2024	+	184	3012014	44738
chr10	2967276	3167276	harbor1	chr10	3012988	3013367	LTR/ERVL-MaLR	1078	+	190	3013178	45902
chr10	2967276	3167276	harbor1	chr10	3027739	3028162	LTR/ERVL-MaLR	2430	+	212	3027951	60675
chr10	2967276	3167276	harbor1	chr10	3039085	3039446	LTR/ERVL-MaLR	1935	+	180	3039265	71989
chr10	2967276	3167276	harbor1	chr10	3064226	3064761	LTR/ERVL-MaLR	1023	+	268	3064494	97218
chr10	132232445	132432445	harbor1	chr10	132259308	132259770	LTR/ERVL-MaLR	1925	+	231	132259539	27094
chr10	132232445	132432445	harbor1	chr10	132270159	132270510	LTR/ERVL-MaLR	839	+	176	132270335	37890
chr10	132232445	132432445	harbor1	chr10	132272068	132272391	LTR/ERVL-MaLR	1115	+	162	132272230	39785
chr10	132232445	132432445	harbor1	chr10	132298216	132298348	LTR/ERVL-MaLR	441	+	66	132298282	65837
chr10	132232445	132432445	harbor1	chr10	132298694	132299003	LTR/ERVL-MaLR	889	+	154	132298848	66403
chr10	132232445	132432445	harbor1	chr10	132299625	132299768	LTR/ERVL-MaLR	469	+	72	132299697	67252
chr10	132232445	132432445	harbor1	chr10	132325101	132325270	LTR/ERVL-MaLR	2074	+	84	132325185	92740
chr10	132232445	132432445	harbor1	chr10	132325565	132325722	LTR/ERVL-MaLR	2074	+	78	132325643	93198
chr10	132232445	132432445	harbor1	chr10	132326015	132326056	LTR/ERVL-MaLR	2074	+	20	132326035	93590
chr10	132232445	132432445	harbor1	chr10	132327070	132327419	LTR/ERVL-MaLR	2287	+	174	132327244	94799
chr10	96887352	97087352	harbor1	chr10	96930653	96930986	LTR/ERVL-MaLR	1330	+	166	96930819	43467
chr10	96887352	97087352	harbor1	chr10	96937046	96937425	LTR/ERVL-MaLR	1644	+	190	96937236	49884
chr10	14778054	14978054	harbor1	chr10	14780370	14780606	LTR/ERVL-MaLR	472	+	118	14780488	2434
chr10	14778054	14978054	harbor1	chr10	14792310	14792484	LTR/ERVL-MaLR	795	+	87	14792397	14343
chr10	14778054	14978054	harbor1	chr10	14795758	14795917	LTR/ERVL-MaLR	708	+	80	14795838	17784
chr10	14778054	14978054	harbor1	chr10	14815387	14815585	LTR/ERVL-MaLR	597	+	99	14815486	37432
chr10	14778054	14978054	harbor1	chr10	14820774	14821121	LTR/ERVL-MaLR	2158	+	174	14820948	42894
chr10	14778054	14978054	harbor1	chr10	14821424	14821461	LTR/ERVL-MaLR	2158	+	18	14821442	43388
chr10	14778054	14978054	harbor1	chr10	14863815	14864058	LTR/ERVL-MaLR	470	+	122	14863937	85883
chr10	89151734	89351734	harbor1	chr10	89188751	89189130	LTR/ERVL-MaLR	1490	+	190	89188941	37207
chr10	89151734	89351734	harbor1	chr10	89225697	89226062	LTR/ERVL-MaLR	2174	+	182	89225879	74145
chr10	131255629	131455629	harbor1	chr10	131288607	131288991	LTR/ERVL-MaLR	881	+	192	131288799	33170
chr10	131255629	131455629	harbor1	chr10	131335862	131336152	LTR/ERVL-MaLR	869	+	145	131336007	80378
chr10	131255629	131455629	harbor1	chr10	131341095	131341379	LTR/ERVL-MaLR	951	+	142	131341237	85608
chr10	48299633	48499633	harbor1	chr10	48301369	48301548	LTR/ERVL-MaLR	1626	+	90	48301459	1826
chr10	48299633	48499633	harbor1	chr10	48301616	48301805	LTR/ERVL-MaLR	1626	+	94	48301710	2077
chr10	48299633	48499633	harbor1	chr10	48377387	48377780	LTR/ERVL-MaLR	453	+	196	48377583	77950
chr10	96974852	97174852	harbor1	chr10	97005438	97005554	LTR/ERVL-MaLR	462	+	58	97005496	30644
chr10	96974852	97174852	harbor1	chr10	97044845	97045185	LTR/ERVL-MaLR	1634	+	170	97045015	70163
chr10	96974852	97174852	harbor1	chr10	97053846	97053962	LTR/ERVL-MaLR	707	+	58	97053904	79052
chr10	96974852	97174852	harbor1	chr10	97054152	97054479	LTR/ERVL-MaLR	1922	+	164	97054316	79464
chr10	96974852	97174852	harbor1	chr10	97066409	97066801	LTR/ERVL-MaLR	1969	+	196	97066605	91753
chr10	96974852	97174852	harbor1	chr10	97069765	97070286	LTR/ERVL-MaLR	2429	+	260	97070025	95173
chr10	96974852	97174852	harbor1	chr10	97070489	97070819	LTR/ERVL-MaLR	1941	+	165	97070654	95802
chr10	14778029	14978029	harbor1	chr10	14780370	14780606	LTR/ERVL-MaLR	472	+	118	14780488	2459
chr10	14778029	14978029	harbor1	chr10	14792310	14792484	LTR/ERVL-MaLR	795	+	87	14792397	14368
chr10	14778029	14978029	harbor1	chr10	14795758	14795917	LTR/ERVL-MaLR	708	+	80	14795838	17809
chr10	14778029	14978029	harbor1	chr10	14815387	14815585	LTR/ERVL-MaLR	597	+	99	14815486	37457
chr10	14778029	14978029	harbor1	chr10	14820774	14821121	LTR/ERVL-MaLR	2158	+	174	14820948	42919
chr10	14778029	14978029	harbor1	chr10	14821424	14821461	LTR/ERVL-MaLR	2158	+	18	14821442	43413
chr10	14778029	14978029	harbor1	chr10	14863815	14864058	LTR/ERVL-MaLR	470	+	122	14863937	85908
chr10	68131746	68331746	harbor1	chr10	68224612	68224976	LTR/ERVL-MaLR	2306	+	182	68224794	93048
chr10	22337593	22537593	harbor1	chr10	22376661	22376802	LTR/ERVL-MaLR	1509	+	70	22376731	39138
chr10	22337593	22537593	harbor1	chr10	22377081	22377447	LTR/ERVL-MaLR	1509	+	183	22377264	39671
chr10	22337593	22537593	harbor1	chr10	22379288	22379763	LTR/ERVL-MaLR	1202	+	238	22379526	41933
chr10	22337593	22537593	harbor1	chr10	22396165	22396518	LTR/ERVL-MaLR	2204	+	176	22396341	58748
chr10	132232398	132432398	harbor1	chr10	132259308	132259770	LTR/ERVL-MaLR	1925	+	231	132259539	27141
chr10	132232398	132432398	harbor1	chr10	132270159	132270510	LTR/ERVL-MaLR	839	+	176	132270335	37937
chr10	132232398	132432398	harbor1	chr10	132272068	132272391	LTR/ERVL-MaLR	1115	+	162	132272230	39832
chr10	132232398	132432398	harbor1	chr10	132298216	132298348	LTR/ERVL-MaLR	441	+	66	132298282	65884
chr10	132232398	132432398	harbor1	chr10	132298694	132299003	LTR/ERVL-MaLR	889	+	154	132298848	66450
chr10	132232398	132432398	harbor1	chr10	132299625	132299768	LTR/ERVL-MaLR	469	+	72	132299697	67299
chr10	132232398	132432398	harbor1	chr10	132325101	132325270	LTR/ERVL-MaLR	2074	+	84	132325185	92787
chr10	132232398	132432398	harbor1	chr10	132325565	132325722	LTR/ERVL-MaLR	2074	+	78	132325643	93245
chr10	132232398	132432398	harbor1	chr10	132326015	132326056	LTR/ERVL-MaLR	2074	+	20	132326035	93637
chr10	132232398	132432398	harbor1	chr10	132327070	132327419	LTR/ERVL-MaLR	2287	+	174	132327244	94846
chr10	89151741	89351741	harbor1	chr10	89188751	89189130	LTR/ERVL-MaLR	1490	+	190	89188941	37200
chr10	89151741	89351741	harbor1	chr10	89225697	89226062	LTR/ERVL-MaLR	2174	+	182	89225879	74138
chr10	95979828	96179828	harbor1	chr10	95996782	95997164	LTR/ERVL-MaLR	1559	+	191	95996973	17145
chr10	95979828	96179828	harbor1	chr10	96075995	96076179	LTR/ERVL-MaLR	791	+	92	96076087	96259
chr10	95979828	96179828	harbor1	chr10	96076467	96076841	LTR/ERVL-MaLR	791	+	187	96076654	96826
chr10	46006427	46206427	harbor1	chr10	46060894	46061088	LTR/ERVL-MaLR	1052	+	97	46060991	54564
chr10	46006427	46206427	harbor1	chr10	46068487	46068859	LTR/ERVL-MaLR	484	+	186	46068673	62246
chr10	46006427	46206427	harbor1	chr10	46077919	46078324	LTR/ERVL-MaLR	2291	+	202	46078121	71694
chr10	46006427	46206427	harbor1	chr10	46102626	46103005	LTR/ERVL-MaLR	1542	+	190	46102816	96389
chr10	43474486	43674486	harbor1	chr10	43533869	43534237	LTR/ERVL-MaLR	1831	+	184	43534053	59567
chr10	43474486	43674486	harbor1	chr10	43540640	43541064	LTR/ERVL-MaLR	2378	+	212	43540852	66366
chr10	131310773	131510773	harbor1	chr10	131335862	131336152	LTR/ERVL-MaLR	869	+	145	131336007	25234
chr10	131310773	131510773	harbor1	chr10	131341095	131341379	LTR/ERVL-MaLR	951	+	142	131341237	30464
chr10	131310773	131510773	harbor1	chr10	131370674	131371019	LTR/ERVL-MaLR	1387	+	172	131370846	60073
chr10	131310773	131510773	harbor1	chr10	131409526	131409908	LTR/ERVL-MaLR	1221	+	191	131409717	98944
chr10	75302350	75502350	harbor1	chr10	75311744	75311816	LTR/ERVL-MaLR	599	+	36	75311780	9430
chr10	75302350	75502350	harbor1	chr10	75312801	75313149	LTR/ERVL-MaLR	2297	+	174	75312975	10625
chr10	75302350	75502350	harbor1	chr10	75320941	75321345	LTR/ERVL-MaLR	2440	+	202	75321143	18793
chr10	75302350	75502350	harbor1	chr10	75321347	75321930	LTR/ERVL-MaLR	3358	+	292	75321639	19289
chr10	75302350	75502350	harbor1	chr10	75359525	75359890	LTR/ERVL-MaLR	893	+	182	75359707	57357
chr10	75302350	75502350	harbor1	chr10	75369278	75369650	LTR/ERVL-MaLR	2392	+	186	75369464	67114
chr10	75302350	75502350	harbor1	chr10	75381029	75381209	LTR/ERVL-MaLR	1138	+	90	75381119	78769
chr10	75302350	75502350	harbor1	chr10	75381523	75381717	LTR/ERVL-MaLR	1138	+	97	75381620	79270
chr10	75302350	75502350	harbor1	chr10	75390727	75390777	LTR/ERVL-MaLR	1063	+	25	75390752	88402
chr10	75302350	75502350	harbor1	chr10	75391154	75391579	LTR/ERVL-MaLR	1063	+	212	75391366	89016
chr10	86532110	86732110	harbor1	chr10	86548043	86549000	LTR/ERVL-MaLR	3023	+	478	86548521	16411
chr10	86532110	86732110	harbor1	chr10	86549304	86549528	LTR/ERVL-MaLR	3023	+	112	86549416	17306
chr10	86532110	86732110	harbor1	chr10	86549589	86549838	LTR/ERVL-MaLR	981	+	124	86549713	17603
chr10	86532110	86732110	harbor1	chr10	86551800	86552313	LTR/ERVL-MaLR	1571	+	256	86552056	19946
chr10	86532110	86732110	harbor1	chr10	86552620	86552657	LTR/ERVL-MaLR	1571	+	18	86552638	20528
chr10	86532110	86732110	harbor1	chr10	86552681	86553022	LTR/ERVL-MaLR	1565	+	170	86552851	20741
chr10	86532110	86732110	harbor1	chr10	86590876	86591238	LTR/ERVL-MaLR	2782	+	181	86591057	58947
chr10	86532110	86732110	harbor1	chr10	86596131	86596428	LTR/ERVL-MaLR	963	+	148	86596279	64169
chr10	86532110	86732110	harbor1	chr10	86596464	86596582	LTR/ERVL-MaLR	593	+	59	86596523	64413
chr10	86532110	86732110	harbor1	chr10	86596767	86596937	LTR/ERVL-MaLR	954	+	85	86596852	64742
chr10	86532110	86732110	harbor1	chr10	86610398	86610726	LTR/ERVL-MaLR	761	+	164	86610562	78452
chr10	86532110	86732110	harbor1	chr10	86615004	86615405	LTR/ERVL-MaLR	837	+	200	86615204	83094
chr10	86532110	86732110	harbor1	chr10	86615407	86615741	LTR/ERVL-MaLR	676	+	167	86615574	83464
chr10	86532110	86732110	harbor1	chr10	86620920	86621305	LTR/ERVL-MaLR	934	+	192	86621112	89002
chr10	86532110	86732110	harbor1	chr10	86622928	86623286	LTR/ERVL-MaLR	1901	+	179	86623107	90997
chr10	22219191	22419191	harbor1	chr10	22221233	22221666	LTR/ERVL-MaLR	1042	+	216	22221449	2258
chr10	22219191	22419191	harbor1	chr10	22225157	22225562	LTR/ERVL-MaLR	1212	+	202	22225359	6168
chr10	22219191	22419191	harbor1	chr10	22265807	22266180	LTR/ERVL-MaLR	2411	+	186	22265993	46802
chr10	46184879	46384879	harbor1	chr10	46220643	46220997	LTR/ERVL-MaLR	1487	+	177	46220820	35941
chr10	46184879	46384879	harbor1	chr10	46235167	46235440	LTR/ERVL-MaLR	573	+	136	46235303	50424
chr10	46184879	46384879	harbor1	chr10	46260855	46261214	LTR/ERVL-MaLR	2034	+	180	46261035	76156
chr10	46184879	46384879	harbor1	chr10	46278165	46278546	LTR/ERVL-MaLR	1561	+	190	46278355	93476
chr10	132232418	132432418	harbor1	chr10	132259308	132259770	LTR/ERVL-MaLR	1925	+	231	132259539	27121
chr10	132232418	132432418	harbor1	chr10	132270159	132270510	LTR/ERVL-MaLR	839	+	176	132270335	37917
chr10	132232418	132432418	harbor1	chr10	132272068	132272391	LTR/ERVL-MaLR	1115	+	162	132272230	39812
chr10	132232418	132432418	harbor1	chr10	132298216	132298348	LTR/ERVL-MaLR	441	+	66	132298282	65864
chr10	132232418	132432418	harbor1	chr10	132298694	132299003	LTR/ERVL-MaLR	889	+	154	132298848	66430
chr10	132232418	132432418	harbor1	chr10	132299625	132299768	LTR/ERVL-MaLR	469	+	72	132299697	67279
chr10	132232418	132432418	harbor1	chr10	132325101	132325270	LTR/ERVL-MaLR	2074	+	84	132325185	92767
chr10	132232418	132432418	harbor1	chr10	132325565	132325722	LTR/ERVL-MaLR	2074	+	78	132325643	93225
chr10	132232418	132432418	harbor1	chr10	132326015	132326056	LTR/ERVL-MaLR	2074	+	20	132326035	93617
chr10	132232418	132432418	harbor1	chr10	132327070	132327419	LTR/ERVL-MaLR	2287	+	174	132327244	94826
chr10	47239932	47439932	harbor1	chr10	47262217	47262585	LTR/ERVL-MaLR	1540	+	184	47262401	22469
chr10	47239932	47439932	harbor1	chr10	47286321	47286550	LTR/ERVL-MaLR	579	+	114	47286435	46503
chr10	47239932	47439932	harbor1	chr10	47291781	47292191	LTR/ERVL-MaLR	2484	+	205	47291986	52054
chr10	47239932	47439932	harbor1	chr10	47318862	47319266	LTR/ERVL-MaLR	530	+	202	47319064	79132
chr10	4842408	5042408	harbor1	chr10	4857205	4857633	LTR/ERVL-MaLR	2835	+	214	4857419	15011
chr10	4842408	5042408	harbor1	chr10	4873022	4873391	LTR/ERVL-MaLR	2431	+	184	4873206	30798
chr10	4842408	5042408	harbor1	chr10	4892419	4892854	LTR/ERVL-MaLR	1279	+	218	4892637	50229
chr10	47239964	47439964	harbor1	chr10	47262217	47262585	LTR/ERVL-MaLR	1540	+	184	47262401	22437
chr10	47239964	47439964	harbor1	chr10	47286321	47286550	LTR/ERVL-MaLR	579	+	114	47286435	46471
chr10	47239964	47439964	harbor1	chr10	47291781	47292191	LTR/ERVL-MaLR	2484	+	205	47291986	52022
chr10	47239964	47439964	harbor1	chr10	47318862	47319266	LTR/ERVL-MaLR	530	+	202	47319064	79100
chr10	75111030	75311030	harbor1	chr10	75140502	75140676	LTR/ERVL-MaLR	693	+	87	75140589	29559
chr10	75111030	75311030	harbor1	chr10	75202958	75203281	LTR/ERVL-MaLR	1253	+	162	75203120	92090
chr10	75111030	75311030	harbor1	chr10	75203635	75204152	LTR/ERVL-MaLR	2484	+	258	75203893	92863
chr10	131309416	131509416	harbor1	chr10	131335862	131336152	LTR/ERVL-MaLR	869	+	145	131336007	26591
chr10	131309416	131509416	harbor1	chr10	131341095	131341379	LTR/ERVL-MaLR	951	+	142	131341237	31821
chr10	131309416	131509416	harbor1	chr10	131370674	131371019	LTR/ERVL-MaLR	1387	+	172	131370846	61430
chr10	78865014	79065014	harbor1	chr10	78886475	78886961	LTR/ERVL-MaLR	1083	+	243	78886718	21704
chr10	78865014	79065014	harbor1	chr10	78897825	78898207	LTR/ERVL-MaLR	2852	+	191	78898016	33002
chr10	14778674	14978674	harbor1	chr10	14780370	14780606	LTR/ERVL-MaLR	472	+	118	14780488	1814
chr10	14778674	14978674	harbor1	chr10	14792310	14792484	LTR/ERVL-MaLR	795	+	87	14792397	13723
chr10	14778674	14978674	harbor1	chr10	14795758	14795917	LTR/ERVL-MaLR	708	+	80	14795838	17164
chr10	14778674	14978674	harbor1	chr10	14815387	14815585	LTR/ERVL-MaLR	597	+	99	14815486	36812
chr10	14778674	14978674	harbor1	chr10	14820774	14821121	LTR/ERVL-MaLR	2158	+	174	14820948	42274
chr10	14778674	14978674	harbor1	chr10	14821424	14821461	LTR/ERVL-MaLR	2158	+	18	14821442	42768
chr10	14778674	14978674	harbor1	chr10	14863815	14864058	LTR/ERVL-MaLR	470	+	122	14863937	85263
chr10	77303746	77503746	harbor1	chr10	77319563	77319968	LTR/ERVL-MaLR	928	+	202	77319765	16019
chr10	77303746	77503746	harbor1	chr10	77329266	77329620	LTR/ERVL-MaLR	1684	+	177	77329443	25697
chr10	77303746	77503746	harbor1	chr10	77337685	77338067	LTR/ERVL-MaLR	814	+	191	77337876	34130
chr10	77303746	77503746	harbor1	chr10	77349075	77349439	LTR/ERVL-MaLR	2217	+	182	77349257	45511
chr10	77303746	77503746	harbor1	chr10	77354949	77355304	LTR/ERVL-MaLR	2418	+	178	77355127	51381
chr10	77303746	77503746	harbor1	chr10	77355402	77355810	LTR/ERVL-MaLR	936	+	204	77355606	51860
chr10	77303746	77503746	harbor1	chr10	77356683	77357282	LTR/ERVL-MaLR	1209	+	300	77356983	53237
chr10	77303746	77503746	harbor1	chr10	77383118	77383357	LTR/ERVL-MaLR	512	+	120	77383238	79492
chr10	132232385	132432385	harbor1	chr10	132259308	132259770	LTR/ERVL-MaLR	1925	+	231	132259539	27154
chr10	132232385	132432385	harbor1	chr10	132270159	132270510	LTR/ERVL-MaLR	839	+	176	132270335	37950
chr10	132232385	132432385	harbor1	chr10	132272068	132272391	LTR/ERVL-MaLR	1115	+	162	132272230	39845
chr10	132232385	132432385	harbor1	chr10	132298216	132298348	LTR/ERVL-MaLR	441	+	66	132298282	65897
chr10	132232385	132432385	harbor1	chr10	132298694	132299003	LTR/ERVL-MaLR	889	+	154	132298848	66463
chr10	132232385	132432385	harbor1	chr10	132299625	132299768	LTR/ERVL-MaLR	469	+	72	132299697	67312
chr10	132232385	132432385	harbor1	chr10	132325101	132325270	LTR/ERVL-MaLR	2074	+	84	132325185	92800
chr10	132232385	132432385	harbor1	chr10	132325565	132325722	LTR/ERVL-MaLR	2074	+	78	132325643	93258
chr10	132232385	132432385	harbor1	chr10	132326015	132326056	LTR/ERVL-MaLR	2074	+	20	132326035	93650
chr10	132232385	132432385	harbor1	chr10	132327070	132327419	LTR/ERVL-MaLR	2287	+	174	132327244	94859
chr10	75111036	75311036	harbor1	chr10	75140502	75140676	LTR/ERVL-MaLR	693	+	87	75140589	29553
chr10	75111036	75311036	harbor1	chr10	75202958	75203281	LTR/ERVL-MaLR	1253	+	162	75203120	92084
chr10	75111036	75311036	harbor1	chr10	75203635	75204152	LTR/ERVL-MaLR	2484	+	258	75203893	92857
chr10	62704945	62904945	harbor1	chr10	62752559	62752937	LTR/ERVL-MaLR	712	+	189	62752748	47803
chr10	62704945	62904945	harbor1	chr10	62753855	62754181	LTR/ERVL-MaLR	1700	+	163	62754018	49073
chr10	62704945	62904945	harbor1	chr10	62774424	62774757	LTR/ERVL-MaLR	1800	+	166	62774590	69645
chr10	62704945	62904945	harbor1	chr10	62775064	62775313	LTR/ERVL-MaLR	1800	+	124	62775188	70243
chr10	132977795	133177795	harbor1	chr10	132999707	132999982	LTR/ERVL-MaLR	925	+	138	132999845	22050
chr10	132977795	133177795	harbor1	chr10	133032897	133033276	LTR/ERVL-MaLR	1636	+	190	133033087	55292
chr10	132977795	133177795	harbor1	chr10	133034834	133035077	LTR/ERVL-MaLR	1293	+	122	133034956	57161
chr10	97672149	97872149	harbor1	chr10	97731349	97731799	LTR/ERVL-MaLR	1737	+	225	97731574	59425
chr10	14778680	14978680	harbor1	chr10	14780370	14780606	LTR/ERVL-MaLR	472	+	118	14780488	1808
chr10	14778680	14978680	harbor1	chr10	14792310	14792484	LTR/ERVL-MaLR	795	+	87	14792397	13717
chr10	14778680	14978680	harbor1	chr10	14795758	14795917	LTR/ERVL-MaLR	708	+	80	14795838	17158
chr10	14778680	14978680	harbor1	chr10	14815387	14815585	LTR/ERVL-MaLR	597	+	99	14815486	36806
chr10	14778680	14978680	harbor1	chr10	14820774	14821121	LTR/ERVL-MaLR	2158	+	174	14820948	42268
chr10	14778680	14978680	harbor1	chr10	14821424	14821461	LTR/ERVL-MaLR	2158	+	18	14821442	42762
chr10	14778680	14978680	harbor1	chr10	14863815	14864058	LTR/ERVL-MaLR	470	+	122	14863937	85257
chr10	128885275	129085275	harbor1	chr10	128890577	128890934	LTR/ERVL-MaLR	2319	+	178	128890755	5480
chr10	128885275	129085275	harbor1	chr10	128899100	128899473	LTR/ERVL-MaLR	1958	+	186	128899286	14011
chr10	128885275	129085275	harbor1	chr10	128910031	128910393	LTR/ERVL-MaLR	2214	+	181	128910212	24937
chr10	128885275	129085275	harbor1	chr10	128925924	128926283	LTR/ERVL-MaLR	2168	+	180	128926104	40829
chr10	128885275	129085275	harbor1	chr10	128952469	128952938	LTR/ERVL-MaLR	1320	+	234	128952703	67428
chr10	128885275	129085275	harbor1	chr10	128984526	128984929	LTR/ERVL-MaLR	2562	+	202	128984728	99453
chr10	35265	235265	harbor1	chr10	50969	51131	LTR/ERVL-MaLR	2535	+	81	51050	15785
chr10	35265	235265	harbor1	chr10	51386	51594	LTR/ERVL-MaLR	2535	+	104	51490	16225
chr10	35265	235265	harbor1	chr10	78631	78708	LTR/ERVL-MaLR	905	+	38	78669	43404
chr10	35265	235265	harbor1	chr10	79315	79432	LTR/ERVL-MaLR	905	+	58	79373	44108
chr10	35265	235265	harbor1	chr10	101384	101738	LTR/ERVL-MaLR	1337	+	177	101561	66296
chr10	35265	235265	harbor1	chr10	125409	125783	LTR/ERVL-MaLR	1811	+	187	125596	90331
chr10	132207902	132407902	harbor1	chr10	132215327	132215686	LTR/ERVL-MaLR	2681	+	180	132215507	7605
chr10	132207902	132407902	harbor1	chr10	132215687	132216182	LTR/ERVL-MaLR	11945	+	248	132215935	8033
chr10	132207902	132407902	harbor1	chr10	132216498	132217560	LTR/ERVL-MaLR	11945	+	531	132217029	9127
chr10	132207902	132407902	harbor1	chr10	132217561	132217926	LTR/ERVL-MaLR	2519	+	182	132217743	9841
chr10	132207902	132407902	harbor1	chr10	132220035	132220420	LTR/ERVL-MaLR	1076	+	192	132220227	12325
chr10	132207902	132407902	harbor1	chr10	132231586	132232003	LTR/ERVL-MaLR	612	+	208	132231794	23892
chr10	132207902	132407902	harbor1	chr10	132259308	132259770	LTR/ERVL-MaLR	1925	+	231	132259539	51637
chr10	132207902	132407902	harbor1	chr10	132270159	132270510	LTR/ERVL-MaLR	839	+	176	132270335	62433
chr10	132207902	132407902	harbor1	chr10	132272068	132272391	LTR/ERVL-MaLR	1115	+	162	132272230	64328
chr10	132207902	132407902	harbor1	chr10	132298216	132298348	LTR/ERVL-MaLR	441	+	66	132298282	90380
chr10	132207902	132407902	harbor1	chr10	132298694	132299003	LTR/ERVL-MaLR	889	+	154	132298848	90946
chr10	132207902	132407902	harbor1	chr10	132299625	132299768	LTR/ERVL-MaLR	469	+	72	132299697	91795
chr10	79279347	79479347	harbor1	chr10	79318995	79319371	LTR/ERVL-MaLR	1750	+	188	79319183	39836
chr10	79279347	79479347	harbor1	chr10	79332713	79333027	LTR/ERVL-MaLR	978	+	157	79332870	53523
chr10	79279347	79479347	harbor1	chr10	79354983	79355373	LTR/ERVL-MaLR	2262	+	195	79355178	75831
chr10	110707741	110907741	harbor1	chr10	110717665	110718233	LTR/ERVL-MaLR	730	+	284	110717949	10208
chr10	110707741	110907741	harbor1	chr10	110736748	110736892	LTR/ERVL-MaLR	1791	+	72	110736820	29079
chr10	110707741	110907741	harbor1	chr10	110737198	110737418	LTR/ERVL-MaLR	1791	+	110	110737308	29567
chr10	43005593	43205593	harbor1	chr10	43009719	43011355	LTR/ERVL-MaLR	5176	+	818	43010537	4944
chr10	43005593	43205593	harbor1	chr10	43011433	43011778	LTR/ERVL-MaLR	1861	+	172	43011605	6012
chr10	43005593	43205593	harbor1	chr10	43016091	43016445	LTR/ERVL-MaLR	2502	+	177	43016268	10675
chr10	43005593	43205593	harbor1	chr10	43046224	43046706	LTR/ERVL-MaLR	487	+	241	43046465	40872
chr10	43005593	43205593	harbor1	chr10	43062534	43062798	LTR/ERVL-MaLR	508	+	132	43062666	57073
chr10	43005593	43205593	harbor1	chr10	43024211	43024572	LTR/ERVL-MaLR	1418	+	180	43024391	18798
chr10	89202972	89402972	harbor1	chr10	89225697	89226062	LTR/ERVL-MaLR	2174	+	182	89225879	22907
chr10	89202972	89402972	harbor1	chr10	89291576	89291746	LTR/ERVL-MaLR	610	+	85	89291661	88689
chr10	89202972	89402972	harbor1	chr10	89291979	89292160	LTR/ERVL-MaLR	608	+	90	89292069	89097
chr10	89202972	89402972	harbor1	chr10	89292996	89293355	LTR/ERVL-MaLR	2257	+	180	89293176	90204
chr10	46006339	46206339	harbor1	chr10	46060894	46061088	LTR/ERVL-MaLR	1052	+	97	46060991	54652
chr10	46006339	46206339	harbor1	chr10	46068487	46068859	LTR/ERVL-MaLR	484	+	186	46068673	62334
chr10	46006339	46206339	harbor1	chr10	46077919	46078324	LTR/ERVL-MaLR	2291	+	202	46078121	71782
chr10	46006339	46206339	harbor1	chr10	46102626	46103005	LTR/ERVL-MaLR	1542	+	190	46102816	96477
chr10	3621791	3821791	harbor1	chr10	3626797	3627198	LTR/ERVL-MaLR	1221	+	200	3626997	5206
chr10	3621791	3821791	harbor1	chr10	3633919	3634241	LTR/ERVL-MaLR	874	+	161	3634080	12289
chr10	3621791	3821791	harbor1	chr10	3634383	3634493	LTR/ERVL-MaLR	874	+	55	3634438	12647
chr10	3621791	3821791	harbor1	chr10	3641993	3642494	LTR/ERVL-MaLR	551	+	250	3642243	20452
chr10	47239866	47439866	harbor1	chr10	47262217	47262585	LTR/ERVL-MaLR	1540	+	184	47262401	22535
chr10	47239866	47439866	harbor1	chr10	47286321	47286550	LTR/ERVL-MaLR	579	+	114	47286435	46569
chr10	47239866	47439866	harbor1	chr10	47291781	47292191	LTR/ERVL-MaLR	2484	+	205	47291986	52120
chr10	47239866	47439866	harbor1	chr10	47318862	47319266	LTR/ERVL-MaLR	530	+	202	47319064	79198
chr10	62704875	62904875	harbor1	chr10	62752559	62752937	LTR/ERVL-MaLR	712	+	189	62752748	47873
chr10	62704875	62904875	harbor1	chr10	62753855	62754181	LTR/ERVL-MaLR	1700	+	163	62754018	49143
chr10	62704875	62904875	harbor1	chr10	62774424	62774757	LTR/ERVL-MaLR	1800	+	166	62774590	69715
chr10	62704875	62904875	harbor1	chr10	62775064	62775313	LTR/ERVL-MaLR	1800	+	124	62775188	70313
chr10	47239913	47439913	harbor1	chr10	47262217	47262585	LTR/ERVL-MaLR	1540	+	184	47262401	22488
chr10	47239913	47439913	harbor1	chr10	47286321	47286550	LTR/ERVL-MaLR	579	+	114	47286435	46522
chr10	47239913	47439913	harbor1	chr10	47291781	47292191	LTR/ERVL-MaLR	2484	+	205	47291986	52073
chr10	47239913	47439913	harbor1	chr10	47318862	47319266	LTR/ERVL-MaLR	530	+	202	47319064	79151
chr10	69472286	69672286	harbor1	chr10	69541248	69541356	LTR/ERVL-MaLR	642	+	54	69541302	69016
chr10	69472286	69672286	harbor1	chr10	69563577	69563981	LTR/ERVL-MaLR	1663	+	202	69563779	91493
chr10	69472286	69672286	harbor1	chr10	69565614	69565898	LTR/ERVL-MaLR	508	+	142	69565756	93470
chr11	112678749	112878749	harbor1	chr11	112685073	112685529	LTR/ERVL-MaLR	1239	+	228	112685301	6552
chr11	112678749	112878749	harbor1	chr11	112685672	112686025	LTR/ERVL-MaLR	1725	+	176	112685848	7099
chr11	112678749	112878749	harbor1	chr11	112694798	112695056	LTR/ERVL-MaLR	444	+	129	112694927	16178
chr11	112678749	112878749	harbor1	chr11	112702995	112703195	LTR/ERVL-MaLR	1309	+	100	112703095	24346
chr11	112678749	112878749	harbor1	chr11	112703210	112703566	LTR/ERVL-MaLR	2049	+	178	112703388	24639
chr11	112678749	112878749	harbor1	chr11	112708419	112708821	LTR/ERVL-MaLR	1232	+	201	112708620	29871
chr11	112678749	112878749	harbor1	chr11	112712260	112712726	LTR/ERVL-MaLR	1772	+	233	112712493	33744
chr11	112678749	112878749	harbor1	chr11	112720479	112720793	LTR/ERVL-MaLR	2246	+	157	112720636	41887
chr11	112678749	112878749	harbor1	chr11	112720794	112720925	LTR/ERVL-MaLR	485	+	66	112720860	42111
chr11	112678749	112878749	harbor1	chr11	112728343	112728529	LTR/ERVL-MaLR	536	+	93	112728436	49687
chr11	112678749	112878749	harbor1	chr11	112732956	112733311	LTR/ERVL-MaLR	1978	+	178	112733134	54385
chr11	112678749	112878749	harbor1	chr11	112750695	112751210	LTR/ERVL-MaLR	592	+	258	112750953	72204
chr11	112678749	112878749	harbor1	chr11	112758039	112758489	LTR/ERVL-MaLR	634	+	225	112758264	79515
chr11	112678749	112878749	harbor1	chr11	112766040	112766403	LTR/ERVL-MaLR	2038	+	182	112766222	87473
chr11	112678749	112878749	harbor1	chr11	112775033	112775399	LTR/ERVL-MaLR	2078	+	183	112775216	96467
chr11	5127157	5327157	harbor1	chr11	5189162	5189564	LTR/ERVL-MaLR	2124	+	201	5189363	62206
chr11	5127157	5327157	harbor1	chr11	5189565	5190876	LTR/ERVL-MaLR	10022	+	656	5190221	63064
chr11	5127157	5327157	harbor1	chr11	5191240	5191557	LTR/ERVL-MaLR	10022	+	158	5191398	64241
chr11	5127157	5327157	harbor1	chr11	5191559	5191966	LTR/ERVL-MaLR	2382	+	204	5191763	64606
chr11	5127156	5327156	harbor1	chr11	5189162	5189564	LTR/ERVL-MaLR	2124	+	201	5189363	62207
chr11	5127156	5327156	harbor1	chr11	5189565	5190876	LTR/ERVL-MaLR	10022	+	656	5190221	63065
chr11	5127156	5327156	harbor1	chr11	5191240	5191557	LTR/ERVL-MaLR	10022	+	158	5191398	64242
chr11	5127156	5327156	harbor1	chr11	5191559	5191966	LTR/ERVL-MaLR	2382	+	204	5191763	64607
chr11	5129450	5329450	harbor1	chr11	5189162	5189564	LTR/ERVL-MaLR	2124	+	201	5189363	59913
chr11	5129450	5329450	harbor1	chr11	5189565	5190876	LTR/ERVL-MaLR	10022	+	656	5190221	60771
chr11	5129450	5329450	harbor1	chr11	5191240	5191557	LTR/ERVL-MaLR	10022	+	158	5191398	61948
chr11	5129450	5329450	harbor1	chr11	5191559	5191966	LTR/ERVL-MaLR	2382	+	204	5191763	62313
chr11	5127277	5327277	harbor1	chr11	5189162	5189564	LTR/ERVL-MaLR	2124	+	201	5189363	62086
chr11	5127277	5327277	harbor1	chr11	5189565	5190876	LTR/ERVL-MaLR	10022	+	656	5190221	62944
chr11	5127277	5327277	harbor1	chr11	5191240	5191557	LTR/ERVL-MaLR	10022	+	158	5191398	64121
chr11	5127277	5327277	harbor1	chr11	5191559	5191966	LTR/ERVL-MaLR	2382	+	204	5191763	64486
chr11	5127135	5327135	harbor1	chr11	5189162	5189564	LTR/ERVL-MaLR	2124	+	201	5189363	62228
chr11	5127135	5327135	harbor1	chr11	5189565	5190876	LTR/ERVL-MaLR	10022	+	656	5190221	63086
chr11	5127135	5327135	harbor1	chr11	5191240	5191557	LTR/ERVL-MaLR	10022	+	158	5191398	64263
chr11	5127135	5327135	harbor1	chr11	5191559	5191966	LTR/ERVL-MaLR	2382	+	204	5191763	64628
chr11	5127181	5327181	harbor1	chr11	5189162	5189564	LTR/ERVL-MaLR	2124	+	201	5189363	62182
chr11	5127181	5327181	harbor1	chr11	5189565	5190876	LTR/ERVL-MaLR	10022	+	656	5190221	63040
chr11	5127181	5327181	harbor1	chr11	5191240	5191557	LTR/ERVL-MaLR	10022	+	158	5191398	64217
chr11	5127181	5327181	harbor1	chr11	5191559	5191966	LTR/ERVL-MaLR	2382	+	204	5191763	64582
chr11	5127341	5327341	harbor1	chr11	5189162	5189564	LTR/ERVL-MaLR	2124	+	201	5189363	62022
chr11	5127341	5327341	harbor1	chr11	5189565	5190876	LTR/ERVL-MaLR	10022	+	656	5190221	62880
chr11	5127341	5327341	harbor1	chr11	5191240	5191557	LTR/ERVL-MaLR	10022	+	158	5191398	64057
chr11	5127341	5327341	harbor1	chr11	5191559	5191966	LTR/ERVL-MaLR	2382	+	204	5191763	64422
chr11	5127230	5327230	harbor1	chr11	5189162	5189564	LTR/ERVL-MaLR	2124	+	201	5189363	62133
chr11	5127230	5327230	harbor1	chr11	5189565	5190876	LTR/ERVL-MaLR	10022	+	656	5190221	62991
chr11	5127230	5327230	harbor1	chr11	5191240	5191557	LTR/ERVL-MaLR	10022	+	158	5191398	64168
chr11	5127230	5327230	harbor1	chr11	5191559	5191966	LTR/ERVL-MaLR	2382	+	204	5191763	64533
chr11	68642659	68842659	harbor1	chr11	68655898	68656104	LTR/ERVL-MaLR	642	+	103	68656001	13342
chr11	68642659	68842659	harbor1	chr11	68656123	68656526	LTR/ERVL-MaLR	990	+	202	68656325	13666
chr11	68642659	68842659	harbor1	chr11	68659905	68659933	LTR/ERVL-MaLR	964	+	14	68659919	17260
chr11	68642659	68842659	harbor1	chr11	68660234	68660590	LTR/ERVL-MaLR	964	+	178	68660412	17753
chr11	68642659	68842659	harbor1	chr11	68673203	68673269	LTR/ERVL-MaLR	822	+	33	68673236	30577
chr11	68642659	68842659	harbor1	chr11	68673623	68673998	LTR/ERVL-MaLR	822	+	188	68673811	31152
chr11	68642659	68842659	harbor1	chr11	68676783	68676929	LTR/ERVL-MaLR	878	+	73	68676856	34197
chr11	68642659	68842659	harbor1	chr11	68724406	68724792	LTR/ERVL-MaLR	626	+	193	68724599	81940
chr11	64537901	64737901	harbor1	chr11	64585088	64585330	LTR/ERVL-MaLR	483	+	121	64585209	47308
chr11	64537901	64737901	harbor1	chr11	64613559	64613760	LTR/ERVL-MaLR	449	+	100	64613659	75758
chr11	64537901	64737901	harbor1	chr11	64613830	64614368	LTR/ERVL-MaLR	1438	+	269	64614099	76198
chr11	64537901	64737901	harbor1	chr11	64614384	64614992	LTR/ERVL-MaLR	1556	+	304	64614688	76787
chr11	64537901	64737901	harbor1	chr11	64615000	64615402	LTR/ERVL-MaLR	823	+	201	64615201	77300
chr11	5134663	5334663	harbor1	chr11	5189162	5189564	LTR/ERVL-MaLR	2124	+	201	5189363	54700
chr11	5134663	5334663	harbor1	chr11	5189565	5190876	LTR/ERVL-MaLR	10022	+	656	5190221	55558
chr11	5134663	5334663	harbor1	chr11	5191240	5191557	LTR/ERVL-MaLR	10022	+	158	5191398	56735
chr11	5134663	5334663	harbor1	chr11	5191559	5191966	LTR/ERVL-MaLR	2382	+	204	5191763	57100
chr11	72121656	72321656	harbor1	chr11	72168208	72168569	LTR/ERVL-MaLR	2299	+	180	72168388	46732
chr11	72121656	72321656	harbor1	chr11	72168570	72168941	LTR/ERVL-MaLR	11927	+	186	72168756	47100
chr11	72121656	72321656	harbor1	chr11	72169258	72170470	LTR/ERVL-MaLR	11927	+	606	72169864	48208
chr11	72121656	72321656	harbor1	chr11	72170471	72170829	LTR/ERVL-MaLR	2205	+	179	72170650	48994
chr11	72121656	72321656	harbor1	chr11	72209124	72209502	LTR/ERVL-MaLR	2249	+	189	72209313	87657
chr11	102246099	102446099	harbor1	chr11	102250030	102250161	LTR/ERVL-MaLR	551	+	66	102250096	3997
chr11	102246099	102446099	harbor1	chr11	102257372	102257560	LTR/ERVL-MaLR	468	+	94	102257466	11367
chr11	2054543	2254543	harbor1	chr11	2087160	2087567	LTR/ERVL-MaLR	2660	+	204	2087364	32821
chr11	2054543	2254543	harbor1	chr11	2089287	2089620	LTR/ERVL-MaLR	439	+	166	2089453	34910
chr11	5126804	5326804	harbor1	chr11	5189162	5189564	LTR/ERVL-MaLR	2124	+	201	5189363	62559
chr11	5126804	5326804	harbor1	chr11	5189565	5190876	LTR/ERVL-MaLR	10022	+	656	5190221	63417
chr11	5126804	5326804	harbor1	chr11	5191240	5191557	LTR/ERVL-MaLR	10022	+	158	5191398	64594
chr11	5126804	5326804	harbor1	chr11	5191559	5191966	LTR/ERVL-MaLR	2382	+	204	5191763	64959
chr11	5127222	5327222	harbor1	chr11	5189162	5189564	LTR/ERVL-MaLR	2124	+	201	5189363	62141
chr11	5127222	5327222	harbor1	chr11	5189565	5190876	LTR/ERVL-MaLR	10022	+	656	5190221	62999
chr11	5127222	5327222	harbor1	chr11	5191240	5191557	LTR/ERVL-MaLR	10022	+	158	5191398	64176
chr11	5127222	5327222	harbor1	chr11	5191559	5191966	LTR/ERVL-MaLR	2382	+	204	5191763	64541
chr11	5127226	5327226	harbor1	chr11	5189162	5189564	LTR/ERVL-MaLR	2124	+	201	5189363	62137
chr11	5127226	5327226	harbor1	chr11	5189565	5190876	LTR/ERVL-MaLR	10022	+	656	5190221	62995
chr11	5127226	5327226	harbor1	chr11	5191240	5191557	LTR/ERVL-MaLR	10022	+	158	5191398	64172
chr11	5127226	5327226	harbor1	chr11	5191559	5191966	LTR/ERVL-MaLR	2382	+	204	5191763	64537
chr11	57399763	57599763	harbor1	chr11	57410705	57411062	LTR/ERVL-MaLR	2835	+	178	57410883	11120
chr11	57399763	57599763	harbor1	chr11	57417136	57417642	LTR/ERVL-MaLR	1555	+	253	57417389	17626
chr11	57399763	57599763	harbor1	chr11	57446230	57446646	LTR/ERVL-MaLR	744	+	208	57446438	46675
chr11	57399763	57599763	harbor1	chr11	57446953	57446999	LTR/ERVL-MaLR	744	+	23	57446976	47213
chr11	57399763	57599763	harbor1	chr11	57490336	57490804	LTR/ERVL-MaLR	1620	+	234	57490570	90807
chr11	89682097	89882097	harbor1	chr11	89756374	89756824	LTR/ERVL-MaLR	1202	+	225	89756599	74502
chr11	119387210	119587210	harbor1	chr11	119427356	119427549	LTR/ERVL-MaLR	960	+	96	119427452	40242
chr11	119387210	119587210	harbor1	chr11	119427766	119427827	LTR/ERVL-MaLR	1005	+	30	119427796	40586
chr11	119387210	119587210	harbor1	chr11	119428128	119428327	LTR/ERVL-MaLR	1005	+	100	119428228	41018
chr11	119387210	119587210	harbor1	chr11	119428347	119428786	LTR/ERVL-MaLR	3791	+	220	119428567	41357
chr11	119387210	119587210	harbor1	chr11	119429075	119429749	LTR/ERVL-MaLR	3791	+	337	119429412	42202
chr11	119387210	119587210	harbor1	chr11	119429818	119429910	LTR/ERVL-MaLR	428	+	46	119429864	42654
chr11	119387210	119587210	harbor1	chr11	119429936	119430205	LTR/ERVL-MaLR	402	+	134	119430070	42860
chr11	119387210	119587210	harbor1	chr11	119449601	119449978	LTR/ERVL-MaLR	2027	+	188	119449789	62579
chr11	119387210	119587210	harbor1	chr11	119462583	119462946	LTR/ERVL-MaLR	2325	+	182	119462765	75555
chr11	119387210	119587210	harbor1	chr11	119471911	119471986	LTR/ERVL-MaLR	417	+	38	119471949	84739
chr11	119387210	119587210	harbor1	chr11	119472401	119472686	LTR/ERVL-MaLR	1292	+	142	119472543	85333
chr11	5127150	5327150	harbor1	chr11	5189162	5189564	LTR/ERVL-MaLR	2124	+	201	5189363	62213
chr11	5127150	5327150	harbor1	chr11	5189565	5190876	LTR/ERVL-MaLR	10022	+	656	5190221	63071
chr11	5127150	5327150	harbor1	chr11	5191240	5191557	LTR/ERVL-MaLR	10022	+	158	5191398	64248
chr11	5127150	5327150	harbor1	chr11	5191559	5191966	LTR/ERVL-MaLR	2382	+	204	5191763	64613
chr11	5127250	5327250	harbor1	chr11	5189162	5189564	LTR/ERVL-MaLR	2124	+	201	5189363	62113
chr11	5127250	5327250	harbor1	chr11	5189565	5190876	LTR/ERVL-MaLR	10022	+	656	5190221	62971
chr11	5127250	5327250	harbor1	chr11	5191240	5191557	LTR/ERVL-MaLR	10022	+	158	5191398	64148
chr11	5127250	5327250	harbor1	chr11	5191559	5191966	LTR/ERVL-MaLR	2382	+	204	5191763	64513
chr11	2054521	2254521	harbor1	chr11	2087160	2087567	LTR/ERVL-MaLR	2660	+	204	2087364	32843
chr11	2054521	2254521	harbor1	chr11	2089287	2089620	LTR/ERVL-MaLR	439	+	166	2089453	34932
chr11	5126803	5326803	harbor1	chr11	5189162	5189564	LTR/ERVL-MaLR	2124	+	201	5189363	62560
chr11	5126803	5326803	harbor1	chr11	5189565	5190876	LTR/ERVL-MaLR	10022	+	656	5190221	63418
chr11	5126803	5326803	harbor1	chr11	5191240	5191557	LTR/ERVL-MaLR	10022	+	158	5191398	64595
chr11	5126803	5326803	harbor1	chr11	5191559	5191966	LTR/ERVL-MaLR	2382	+	204	5191763	64960
chr11	5134612	5334612	harbor1	chr11	5189162	5189564	LTR/ERVL-MaLR	2124	+	201	5189363	54751
chr11	5134612	5334612	harbor1	chr11	5189565	5190876	LTR/ERVL-MaLR	10022	+	656	5190221	55609
chr11	5134612	5334612	harbor1	chr11	5191240	5191557	LTR/ERVL-MaLR	10022	+	158	5191398	56786
chr11	5134612	5334612	harbor1	chr11	5191559	5191966	LTR/ERVL-MaLR	2382	+	204	5191763	57151
chr11	5134133	5334133	harbor1	chr11	5189162	5189564	LTR/ERVL-MaLR	2124	+	201	5189363	55230
chr11	5134133	5334133	harbor1	chr11	5189565	5190876	LTR/ERVL-MaLR	10022	+	656	5190221	56088
chr11	5134133	5334133	harbor1	chr11	5191240	5191557	LTR/ERVL-MaLR	10022	+	158	5191398	57265
chr11	5134133	5334133	harbor1	chr11	5191559	5191966	LTR/ERVL-MaLR	2382	+	204	5191763	57630
chr11	46034956	46234956	harbor1	chr11	46042599	46042973	LTR/ERVL-MaLR	1650	+	187	46042786	7830
chr11	46034956	46234956	harbor1	chr11	46052054	46052459	LTR/ERVL-MaLR	505	+	202	46052256	17300
chr11	46034956	46234956	harbor1	chr11	46058742	46059089	LTR/ERVL-MaLR	405	+	174	46058916	23960
chr11	46034956	46234956	harbor1	chr11	46065199	46065623	LTR/ERVL-MaLR	1052	+	212	46065411	30455
chr11	46034956	46234956	harbor1	chr11	46071104	46071199	LTR/ERVL-MaLR	408	+	48	46071152	36196
chr11	46034956	46234956	harbor1	chr11	46072148	46072612	LTR/ERVL-MaLR	1546	+	232	46072380	37424
chr11	5125277	5325277	harbor1	chr11	5189162	5189564	LTR/ERVL-MaLR	2124	+	201	5189363	64086
chr11	5125277	5325277	harbor1	chr11	5189565	5190876	LTR/ERVL-MaLR	10022	+	656	5190221	64944
chr11	5125277	5325277	harbor1	chr11	5191240	5191557	LTR/ERVL-MaLR	10022	+	158	5191398	66121
chr11	5125277	5325277	harbor1	chr11	5191559	5191966	LTR/ERVL-MaLR	2382	+	204	5191763	66486
chr11	108021540	108221540	harbor1	chr11	108114901	108115232	LTR/ERVL-MaLR	1129	+	166	108115067	93527
chr11	108021540	108221540	harbor1	chr11	108116572	108116980	LTR/ERVL-MaLR	1933	+	204	108116776	95236
chr11	108021540	108221540	harbor1	chr11	108116981	108117136	LTR/ERVL-MaLR	678	+	78	108117059	95519
chr11	5125978	5325978	harbor1	chr11	5189162	5189564	LTR/ERVL-MaLR	2124	+	201	5189363	63385
chr11	5125978	5325978	harbor1	chr11	5189565	5190876	LTR/ERVL-MaLR	10022	+	656	5190221	64243
chr11	5125978	5325978	harbor1	chr11	5191240	5191557	LTR/ERVL-MaLR	10022	+	158	5191398	65420
chr11	5125978	5325978	harbor1	chr11	5191559	5191966	LTR/ERVL-MaLR	2382	+	204	5191763	65785
chr11	57399760	57599760	harbor1	chr11	57410705	57411062	LTR/ERVL-MaLR	2835	+	178	57410883	11123
chr11	57399760	57599760	harbor1	chr11	57417136	57417642	LTR/ERVL-MaLR	1555	+	253	57417389	17629
chr11	57399760	57599760	harbor1	chr11	57446230	57446646	LTR/ERVL-MaLR	744	+	208	57446438	46678
chr11	57399760	57599760	harbor1	chr11	57446953	57446999	LTR/ERVL-MaLR	744	+	23	57446976	47216
chr11	57399760	57599760	harbor1	chr11	57490336	57490804	LTR/ERVL-MaLR	1620	+	234	57490570	90810
chr11	5127141	5327141	harbor1	chr11	5189162	5189564	LTR/ERVL-MaLR	2124	+	201	5189363	62222
chr11	5127141	5327141	harbor1	chr11	5189565	5190876	LTR/ERVL-MaLR	10022	+	656	5190221	63080
chr11	5127141	5327141	harbor1	chr11	5191240	5191557	LTR/ERVL-MaLR	10022	+	158	5191398	64257
chr11	5127141	5327141	harbor1	chr11	5191559	5191966	LTR/ERVL-MaLR	2382	+	204	5191763	64622
chr11	5127172	5327172	harbor1	chr11	5189162	5189564	LTR/ERVL-MaLR	2124	+	201	5189363	62191
chr11	5127172	5327172	harbor1	chr11	5189565	5190876	LTR/ERVL-MaLR	10022	+	656	5190221	63049
chr11	5127172	5327172	harbor1	chr11	5191240	5191557	LTR/ERVL-MaLR	10022	+	158	5191398	64226
chr11	5127172	5327172	harbor1	chr11	5191559	5191966	LTR/ERVL-MaLR	2382	+	204	5191763	64591
chr11	5134086	5334086	harbor1	chr11	5189162	5189564	LTR/ERVL-MaLR	2124	+	201	5189363	55277
chr11	5134086	5334086	harbor1	chr11	5189565	5190876	LTR/ERVL-MaLR	10022	+	656	5190221	56135
chr11	5134086	5334086	harbor1	chr11	5191240	5191557	LTR/ERVL-MaLR	10022	+	158	5191398	57312
chr11	5134086	5334086	harbor1	chr11	5191559	5191966	LTR/ERVL-MaLR	2382	+	204	5191763	57677
chr11	5127261	5327261	harbor1	chr11	5189162	5189564	LTR/ERVL-MaLR	2124	+	201	5189363	62102
chr11	5127261	5327261	harbor1	chr11	5189565	5190876	LTR/ERVL-MaLR	10022	+	656	5190221	62960
chr11	5127261	5327261	harbor1	chr11	5191240	5191557	LTR/ERVL-MaLR	10022	+	158	5191398	64137
chr11	5127261	5327261	harbor1	chr11	5191559	5191966	LTR/ERVL-MaLR	2382	+	204	5191763	64502
chr11	5134533	5334533	harbor1	chr11	5189162	5189564	LTR/ERVL-MaLR	2124	+	201	5189363	54830
chr11	5134533	5334533	harbor1	chr11	5189565	5190876	LTR/ERVL-MaLR	10022	+	656	5190221	55688
chr11	5134533	5334533	harbor1	chr11	5191240	5191557	LTR/ERVL-MaLR	10022	+	158	5191398	56865
chr11	5134533	5334533	harbor1	chr11	5191559	5191966	LTR/ERVL-MaLR	2382	+	204	5191763	57230
chr11	5126745	5326745	harbor1	chr11	5189162	5189564	LTR/ERVL-MaLR	2124	+	201	5189363	62618
chr11	5126745	5326745	harbor1	chr11	5189565	5190876	LTR/ERVL-MaLR	10022	+	656	5190221	63476
chr11	5126745	5326745	harbor1	chr11	5191240	5191557	LTR/ERVL-MaLR	10022	+	158	5191398	64653
chr11	5126745	5326745	harbor1	chr11	5191559	5191966	LTR/ERVL-MaLR	2382	+	204	5191763	65018
chr11	46185687	46385687	harbor1	chr11	46186923	46187312	LTR/ERVL-MaLR	2165	+	194	46187117	1430
chr11	46185687	46385687	harbor1	chr11	46216836	46216959	LTR/ERVL-MaLR	757	+	62	46216898	31211
chr11	46185687	46385687	harbor1	chr11	46217434	46217825	LTR/ERVL-MaLR	528	+	196	46217630	31943
chr11	46185687	46385687	harbor1	chr11	46232714	46232919	LTR/ERVL-MaLR	2267	+	102	46232816	47129
chr11	46185687	46385687	harbor1	chr11	46233214	46233530	LTR/ERVL-MaLR	2267	+	158	46233372	47685
chr11	46185687	46385687	harbor1	chr11	46249524	46249848	LTR/ERVL-MaLR	532	+	162	46249686	63999
chr11	46185687	46385687	harbor1	chr11	46256592	46256949	LTR/ERVL-MaLR	2019	+	178	46256770	71083
chr11	5134641	5334641	harbor1	chr11	5189162	5189564	LTR/ERVL-MaLR	2124	+	201	5189363	54722
chr11	5134641	5334641	harbor1	chr11	5189565	5190876	LTR/ERVL-MaLR	10022	+	656	5190221	55580
chr11	5134641	5334641	harbor1	chr11	5191240	5191557	LTR/ERVL-MaLR	10022	+	158	5191398	56757
chr11	5134641	5334641	harbor1	chr11	5191559	5191966	LTR/ERVL-MaLR	2382	+	204	5191763	57122
chr11	57399762	57599762	harbor1	chr11	57410705	57411062	LTR/ERVL-MaLR	2835	+	178	57410883	11121
chr11	57399762	57599762	harbor1	chr11	57417136	57417642	LTR/ERVL-MaLR	1555	+	253	57417389	17627
chr11	57399762	57599762	harbor1	chr11	57446230	57446646	LTR/ERVL-MaLR	744	+	208	57446438	46676
chr11	57399762	57599762	harbor1	chr11	57446953	57446999	LTR/ERVL-MaLR	744	+	23	57446976	47214
chr11	57399762	57599762	harbor1	chr11	57490336	57490804	LTR/ERVL-MaLR	1620	+	234	57490570	90808
chr11	2759442	2959442	harbor1	chr11	2821882	2822325	LTR/ERVL-MaLR	1514	+	222	2822104	62662
chr11	5127278	5327278	harbor1	chr11	5189162	5189564	LTR/ERVL-MaLR	2124	+	201	5189363	62085
chr11	5127278	5327278	harbor1	chr11	5189565	5190876	LTR/ERVL-MaLR	10022	+	656	5190221	62943
chr11	5127278	5327278	harbor1	chr11	5191240	5191557	LTR/ERVL-MaLR	10022	+	158	5191398	64120
chr11	5127278	5327278	harbor1	chr11	5191559	5191966	LTR/ERVL-MaLR	2382	+	204	5191763	64485
chr11	65968777	66168777	harbor1	chr11	66037265	66037632	LTR/ERVL-MaLR	2382	+	184	66037449	68672
chr11	65968777	66168777	harbor1	chr11	66037928	66037999	LTR/ERVL-MaLR	2382	+	36	66037964	69187
chr11	65968777	66168777	harbor1	chr11	66039894	66040284	LTR/ERVL-MaLR	1992	+	195	66040089	71312
chr11	65968777	66168777	harbor1	chr11	66043812	66044365	LTR/ERVL-MaLR	1778	+	276	66044088	75311
chr11	80398104	80598104	harbor1	chr11	80403486	80403846	LTR/ERVL-MaLR	2444	+	180	80403666	5562
chr11	80398104	80598104	harbor1	chr11	80403847	80405378	LTR/ERVL-MaLR	10134	+	766	80404613	6509
chr11	80398104	80598104	harbor1	chr11	80405379	80405741	LTR/ERVL-MaLR	2348	+	181	80405560	7456
chr11	80398104	80598104	harbor1	chr11	80470451	80470857	LTR/ERVL-MaLR	570	+	203	80470654	72550
chr11	80398104	80598104	harbor1	chr11	80479864	80480227	LTR/ERVL-MaLR	1349	+	182	80480046	81942
chr11	80398104	80598104	harbor1	chr11	80482503	80482734	LTR/ERVL-MaLR	520	+	116	80482619	84515
chr11	5134115	5334115	harbor1	chr11	5189162	5189564	LTR/ERVL-MaLR	2124	+	201	5189363	55248
chr11	5134115	5334115	harbor1	chr11	5189565	5190876	LTR/ERVL-MaLR	10022	+	656	5190221	56106
chr11	5134115	5334115	harbor1	chr11	5191240	5191557	LTR/ERVL-MaLR	10022	+	158	5191398	57283
chr11	5134115	5334115	harbor1	chr11	5191559	5191966	LTR/ERVL-MaLR	2382	+	204	5191763	57648
chr11	5134546	5334546	harbor1	chr11	5189162	5189564	LTR/ERVL-MaLR	2124	+	201	5189363	54817
chr11	5134546	5334546	harbor1	chr11	5189565	5190876	LTR/ERVL-MaLR	10022	+	656	5190221	55675
chr11	5134546	5334546	harbor1	chr11	5191240	5191557	LTR/ERVL-MaLR	10022	+	158	5191398	56852
chr11	5134546	5334546	harbor1	chr11	5191559	5191966	LTR/ERVL-MaLR	2382	+	204	5191763	57217
chr11	5124980	5324980	harbor1	chr11	5189162	5189564	LTR/ERVL-MaLR	2124	+	201	5189363	64383
chr11	5124980	5324980	harbor1	chr11	5189565	5190876	LTR/ERVL-MaLR	10022	+	656	5190221	65241
chr11	5124980	5324980	harbor1	chr11	5191240	5191557	LTR/ERVL-MaLR	10022	+	158	5191398	66418
chr11	5124980	5324980	harbor1	chr11	5191559	5191966	LTR/ERVL-MaLR	2382	+	204	5191763	66783
chr11	5127317	5327317	harbor1	chr11	5189162	5189564	LTR/ERVL-MaLR	2124	+	201	5189363	62046
chr11	5127317	5327317	harbor1	chr11	5189565	5190876	LTR/ERVL-MaLR	10022	+	656	5190221	62904
chr11	5127317	5327317	harbor1	chr11	5191240	5191557	LTR/ERVL-MaLR	10022	+	158	5191398	64081
chr11	5127317	5327317	harbor1	chr11	5191559	5191966	LTR/ERVL-MaLR	2382	+	204	5191763	64446
chr11	5127257	5327257	harbor1	chr11	5189162	5189564	LTR/ERVL-MaLR	2124	+	201	5189363	62106
chr11	5127257	5327257	harbor1	chr11	5189565	5190876	LTR/ERVL-MaLR	10022	+	656	5190221	62964
chr11	5127257	5327257	harbor1	chr11	5191240	5191557	LTR/ERVL-MaLR	10022	+	158	5191398	64141
chr11	5127257	5327257	harbor1	chr11	5191559	5191966	LTR/ERVL-MaLR	2382	+	204	5191763	64506
chr11	86559546	86759546	harbor1	chr11	86560108	86560485	LTR/ERVL-MaLR	2412	+	188	86560296	750
chr11	86559546	86759546	harbor1	chr11	86591279	86591579	LTR/ERVL-MaLR	2135	+	150	86591429	31883
chr11	86559546	86759546	harbor1	chr11	86591929	86592025	LTR/ERVL-MaLR	2135	+	48	86591977	32431
chr11	86559546	86759546	harbor1	chr11	86618558	86618719	LTR/ERVL-MaLR	2409	+	80	86618638	59092
chr11	86559546	86759546	harbor1	chr11	86619009	86619262	LTR/ERVL-MaLR	2409	+	126	86619135	59589
chr11	86559546	86759546	harbor1	chr11	86619426	86619787	LTR/ERVL-MaLR	2289	+	180	86619606	60060
chr11	86559546	86759546	harbor1	chr11	86623868	86624133	LTR/ERVL-MaLR	538	+	132	86624000	64454
chr11	86559546	86759546	harbor1	chr11	86635232	86635458	LTR/ERVL-MaLR	741	+	113	86635345	75799
chr11	86559546	86759546	harbor1	chr11	86635459	86635804	LTR/ERVL-MaLR	1423	+	172	86635631	76085
chr11	5100509	5300509	harbor1	chr11	5189162	5189564	LTR/ERVL-MaLR	2124	+	201	5189363	88854
chr11	5100509	5300509	harbor1	chr11	5189565	5190876	LTR/ERVL-MaLR	10022	+	656	5190221	89712
chr11	5100509	5300509	harbor1	chr11	5191240	5191557	LTR/ERVL-MaLR	10022	+	158	5191398	90889
chr11	5100509	5300509	harbor1	chr11	5191559	5191966	LTR/ERVL-MaLR	2382	+	204	5191763	91254
chr11	5127273	5327273	harbor1	chr11	5189162	5189564	LTR/ERVL-MaLR	2124	+	201	5189363	62090
chr11	5127273	5327273	harbor1	chr11	5189565	5190876	LTR/ERVL-MaLR	10022	+	656	5190221	62948
chr11	5127273	5327273	harbor1	chr11	5191240	5191557	LTR/ERVL-MaLR	10022	+	158	5191398	64125
chr11	5127273	5327273	harbor1	chr11	5191559	5191966	LTR/ERVL-MaLR	2382	+	204	5191763	64490
chr11	91718101	91918101	harbor1	chr11	91719591	91719773	LTR/ERVL-MaLR	523	+	91	91719682	1581
chr11	91718101	91918101	harbor1	chr11	91746080	91746258	LTR/ERVL-MaLR	670	+	89	91746169	28068
chr11	91718101	91918101	harbor1	chr11	91775119	91775373	LTR/ERVL-MaLR	675	+	127	91775246	57145
chr11	91718101	91918101	harbor1	chr11	91785464	91785968	LTR/ERVL-MaLR	576	+	252	91785716	67615
chr11	4695187	4895187	harbor1	chr11	4699272	4699685	LTR/ERVL-MaLR	1655	+	206	4699478	4291
chr11	4695187	4895187	harbor1	chr11	4701204	4701525	LTR/ERVL-MaLR	881	+	160	4701364	6177
chr11	4695187	4895187	harbor1	chr11	4715725	4716370	LTR/ERVL-MaLR	2299	+	322	4716047	20860
chr11	4695187	4895187	harbor1	chr11	4722010	4722215	LTR/ERVL-MaLR	1156	+	102	4722112	26925
chr11	4695187	4895187	harbor1	chr11	4724891	4725273	LTR/ERVL-MaLR	2178	+	191	4725082	29895
chr11	4695187	4895187	harbor1	chr11	4773145	4773573	LTR/ERVL-MaLR	502	+	214	4773359	78172
chr11	4695187	4895187	harbor1	chr11	4776543	4776928	LTR/ERVL-MaLR	1807	+	192	4776735	81548
chr11	4695187	4895187	harbor1	chr11	4781694	4782066	LTR/ERVL-MaLR	2112	+	186	4781880	86693
chr11	4695187	4895187	harbor1	chr11	4782067	4783637	LTR/ERVL-MaLR	11435	+	785	4782852	87665
chr11	4695187	4895187	harbor1	chr11	4783638	4784005	LTR/ERVL-MaLR	2084	+	184	4783822	88635
chr11	4695187	4895187	harbor1	chr11	4784348	4784782	LTR/ERVL-MaLR	905	+	217	4784565	89378
chr11	5134560	5334560	harbor1	chr11	5189162	5189564	LTR/ERVL-MaLR	2124	+	201	5189363	54803
chr11	5134560	5334560	harbor1	chr11	5189565	5190876	LTR/ERVL-MaLR	10022	+	656	5190221	55661
chr11	5134560	5334560	harbor1	chr11	5191240	5191557	LTR/ERVL-MaLR	10022	+	158	5191398	56838
chr11	5134560	5334560	harbor1	chr11	5191559	5191966	LTR/ERVL-MaLR	2382	+	204	5191763	57203
chr11	5031868	5231868	harbor1	chr11	5066179	5066467	LTR/ERVL-MaLR	674	+	144	5066323	34455
chr11	5031868	5231868	harbor1	chr11	5099106	5099479	LTR/ERVL-MaLR	2325	+	186	5099292	67424
chr11	108021573	108221573	harbor1	chr11	108114901	108115232	LTR/ERVL-MaLR	1129	+	166	108115067	93494
chr11	108021573	108221573	harbor1	chr11	108116572	108116980	LTR/ERVL-MaLR	1933	+	204	108116776	95203
chr11	108021573	108221573	harbor1	chr11	108116981	108117136	LTR/ERVL-MaLR	678	+	78	108117059	95486
chr11	76580974	76780974	harbor1	chr11	76596508	76596942	LTR/ERVL-MaLR	1760	+	217	76596725	15751
chr11	76580974	76780974	harbor1	chr11	76601030	76601131	LTR/ERVL-MaLR	1424	+	50	76601080	20106
chr11	76580974	76780974	harbor1	chr11	76601436	76601695	LTR/ERVL-MaLR	1424	+	130	76601566	20592
chr11	76580974	76780974	harbor1	chr11	76641037	76641400	LTR/ERVL-MaLR	1804	+	182	76641219	60245
chr11	76580974	76780974	harbor1	chr11	76641690	76641752	LTR/ERVL-MaLR	1804	+	31	76641721	60747
chr11	5127126	5327126	harbor1	chr11	5189162	5189564	LTR/ERVL-MaLR	2124	+	201	5189363	62237
chr11	5127126	5327126	harbor1	chr11	5189565	5190876	LTR/ERVL-MaLR	10022	+	656	5190221	63095
chr11	5127126	5327126	harbor1	chr11	5191240	5191557	LTR/ERVL-MaLR	10022	+	158	5191398	64272
chr11	5127126	5327126	harbor1	chr11	5191559	5191966	LTR/ERVL-MaLR	2382	+	204	5191763	64637
chr11	65758060	65958060	harbor1	chr11	65766005	65766416	LTR/ERVL-MaLR	2397	+	206	65766211	8151
chr11	65758060	65958060	harbor1	chr11	65777364	65777699	LTR/ERVL-MaLR	1130	+	168	65777532	19472
chr11	5125006	5325006	harbor1	chr11	5189162	5189564	LTR/ERVL-MaLR	2124	+	201	5189363	64357
chr11	5125006	5325006	harbor1	chr11	5189565	5190876	LTR/ERVL-MaLR	10022	+	656	5190221	65215
chr11	5125006	5325006	harbor1	chr11	5191240	5191557	LTR/ERVL-MaLR	10022	+	158	5191398	66392
chr11	5125006	5325006	harbor1	chr11	5191559	5191966	LTR/ERVL-MaLR	2382	+	204	5191763	66757
chr11	5134608	5334608	harbor1	chr11	5189162	5189564	LTR/ERVL-MaLR	2124	+	201	5189363	54755
chr11	5134608	5334608	harbor1	chr11	5189565	5190876	LTR/ERVL-MaLR	10022	+	656	5190221	55613
chr11	5134608	5334608	harbor1	chr11	5191240	5191557	LTR/ERVL-MaLR	10022	+	158	5191398	56790
chr11	5134608	5334608	harbor1	chr11	5191559	5191966	LTR/ERVL-MaLR	2382	+	204	5191763	57155
chr11	70391186	70591186	harbor1	chr11	70393834	70394267	LTR/ERVL-MaLR	1569	+	216	70394050	2864
chr11	70391186	70591186	harbor1	chr11	70395837	70395980	LTR/ERVL-MaLR	425	+	72	70395909	4723
chr11	70391186	70591186	harbor1	chr11	70440433	70440580	LTR/ERVL-MaLR	555	+	74	70440507	49321
chr11	70391186	70591186	harbor1	chr11	70443651	70443866	LTR/ERVL-MaLR	600	+	108	70443759	52573
chr11	70391186	70591186	harbor1	chr11	70454284	70454650	LTR/ERVL-MaLR	907	+	183	70454467	63281
chr11	70391186	70591186	harbor1	chr11	70484204	70484590	LTR/ERVL-MaLR	2151	+	193	70484397	93211
chr11	5126778	5326778	harbor1	chr11	5189162	5189564	LTR/ERVL-MaLR	2124	+	201	5189363	62585
chr11	5126778	5326778	harbor1	chr11	5189565	5190876	LTR/ERVL-MaLR	10022	+	656	5190221	63443
chr11	5126778	5326778	harbor1	chr11	5191240	5191557	LTR/ERVL-MaLR	10022	+	158	5191398	64620
chr11	5126778	5326778	harbor1	chr11	5191559	5191966	LTR/ERVL-MaLR	2382	+	204	5191763	64985
chr11	5134653	5334653	harbor1	chr11	5189162	5189564	LTR/ERVL-MaLR	2124	+	201	5189363	54710
chr11	5134653	5334653	harbor1	chr11	5189565	5190876	LTR/ERVL-MaLR	10022	+	656	5190221	55568
chr11	5134653	5334653	harbor1	chr11	5191240	5191557	LTR/ERVL-MaLR	10022	+	158	5191398	56745
chr11	5134653	5334653	harbor1	chr11	5191559	5191966	LTR/ERVL-MaLR	2382	+	204	5191763	57110
chr11	5134111	5334111	harbor1	chr11	5189162	5189564	LTR/ERVL-MaLR	2124	+	201	5189363	55252
chr11	5134111	5334111	harbor1	chr11	5189565	5190876	LTR/ERVL-MaLR	10022	+	656	5190221	56110
chr11	5134111	5334111	harbor1	chr11	5191240	5191557	LTR/ERVL-MaLR	10022	+	158	5191398	57287
chr11	5134111	5334111	harbor1	chr11	5191559	5191966	LTR/ERVL-MaLR	2382	+	204	5191763	57652
chr11	2054541	2254541	harbor1	chr11	2087160	2087567	LTR/ERVL-MaLR	2660	+	204	2087364	32823
chr11	2054541	2254541	harbor1	chr11	2089287	2089620	LTR/ERVL-MaLR	439	+	166	2089453	34912
chr11	57374327	57574327	harbor1	chr11	57393637	57394061	LTR/ERVL-MaLR	799	+	212	57393849	19522
chr11	57374327	57574327	harbor1	chr11	57395147	57395713	LTR/ERVL-MaLR	2271	+	283	57395430	21103
chr11	57374327	57574327	harbor1	chr11	57410705	57411062	LTR/ERVL-MaLR	2835	+	178	57410883	36556
chr11	57374327	57574327	harbor1	chr11	57417136	57417642	LTR/ERVL-MaLR	1555	+	253	57417389	43062
chr11	57374327	57574327	harbor1	chr11	57446230	57446646	LTR/ERVL-MaLR	744	+	208	57446438	72111
chr11	57374327	57574327	harbor1	chr11	57446953	57446999	LTR/ERVL-MaLR	744	+	23	57446976	72649
chr11	5127183	5327183	harbor1	chr11	5189162	5189564	LTR/ERVL-MaLR	2124	+	201	5189363	62180
chr11	5127183	5327183	harbor1	chr11	5189565	5190876	LTR/ERVL-MaLR	10022	+	656	5190221	63038
chr11	5127183	5327183	harbor1	chr11	5191240	5191557	LTR/ERVL-MaLR	10022	+	158	5191398	64215
chr11	5127183	5327183	harbor1	chr11	5191559	5191966	LTR/ERVL-MaLR	2382	+	204	5191763	64580
chr11	5127132	5327132	harbor1	chr11	5189162	5189564	LTR/ERVL-MaLR	2124	+	201	5189363	62231
chr11	5127132	5327132	harbor1	chr11	5189565	5190876	LTR/ERVL-MaLR	10022	+	656	5190221	63089
chr11	5127132	5327132	harbor1	chr11	5191240	5191557	LTR/ERVL-MaLR	10022	+	158	5191398	64266
chr11	5127132	5327132	harbor1	chr11	5191559	5191966	LTR/ERVL-MaLR	2382	+	204	5191763	64631
chr11	70336771	70536771	harbor1	chr11	70389964	70390167	LTR/ERVL-MaLR	910	+	102	70390066	53295
chr11	70336771	70536771	harbor1	chr11	70390432	70390599	LTR/ERVL-MaLR	910	+	84	70390516	53745
chr11	70336771	70536771	harbor1	chr11	70393834	70394267	LTR/ERVL-MaLR	1569	+	216	70394050	57279
chr11	70336771	70536771	harbor1	chr11	70395837	70395980	LTR/ERVL-MaLR	425	+	72	70395909	59138
chr11	10401686	10601686	harbor1	chr11	10402569	10402951	LTR/ERVL-MaLR	965	+	191	10402760	1074
chr11	10401686	10601686	harbor1	chr11	10431407	10431634	LTR/ERVL-MaLR	550	+	114	10431521	29835
chr11	10401686	10601686	harbor1	chr11	10435607	10435788	LTR/ERVL-MaLR	1009	+	90	10435697	34011
chr11	10401686	10601686	harbor1	chr11	10437030	10437227	LTR/ERVL-MaLR	1190	+	98	10437128	35442
chr11	10401686	10601686	harbor1	chr11	10475635	10476111	LTR/ERVL-MaLR	2013	+	238	10475873	74187
chr11	10401686	10601686	harbor1	chr11	10436088	10436665	LTR/ERVL-MaLR	1190	+	288	10436376	34690
chr11	5126760	5326760	harbor1	chr11	5189162	5189564	LTR/ERVL-MaLR	2124	+	201	5189363	62603
chr11	5126760	5326760	harbor1	chr11	5189565	5190876	LTR/ERVL-MaLR	10022	+	656	5190221	63461
chr11	5126760	5326760	harbor1	chr11	5191240	5191557	LTR/ERVL-MaLR	10022	+	158	5191398	64638
chr11	5126760	5326760	harbor1	chr11	5191559	5191966	LTR/ERVL-MaLR	2382	+	204	5191763	65003
chr11	34816228	35016228	harbor1	chr11	34827070	34827567	LTR/ERVL-MaLR	955	+	248	34827318	11090
chr11	34816228	35016228	harbor1	chr11	34845098	34845514	LTR/ERVL-MaLR	2421	+	208	34845306	29078
chr11	34816228	35016228	harbor1	chr11	34875210	34875557	LTR/ERVL-MaLR	2268	+	174	34875384	59156
chr11	34816228	35016228	harbor1	chr11	34848672	34849040	LTR/ERVL-MaLR	2332	+	184	34848856	32628
chr11	5127108	5327108	harbor1	chr11	5189162	5189564	LTR/ERVL-MaLR	2124	+	201	5189363	62255
chr11	5127108	5327108	harbor1	chr11	5189565	5190876	LTR/ERVL-MaLR	10022	+	656	5190221	63113
chr11	5127108	5327108	harbor1	chr11	5191240	5191557	LTR/ERVL-MaLR	10022	+	158	5191398	64290
chr11	5127108	5327108	harbor1	chr11	5191559	5191966	LTR/ERVL-MaLR	2382	+	204	5191763	64655
chr11	2052793	2252793	harbor1	chr11	2087160	2087567	LTR/ERVL-MaLR	2660	+	204	2087364	34571
chr11	2052793	2252793	harbor1	chr11	2089287	2089620	LTR/ERVL-MaLR	439	+	166	2089453	36660
chr11	5127203	5327203	harbor1	chr11	5189162	5189564	LTR/ERVL-MaLR	2124	+	201	5189363	62160
chr11	5127203	5327203	harbor1	chr11	5189565	5190876	LTR/ERVL-MaLR	10022	+	656	5190221	63018
chr11	5127203	5327203	harbor1	chr11	5191240	5191557	LTR/ERVL-MaLR	10022	+	158	5191398	64195
chr11	5127203	5327203	harbor1	chr11	5191559	5191966	LTR/ERVL-MaLR	2382	+	204	5191763	64560
chr11	5127281	5327281	harbor1	chr11	5189162	5189564	LTR/ERVL-MaLR	2124	+	201	5189363	62082
chr11	5127281	5327281	harbor1	chr11	5189565	5190876	LTR/ERVL-MaLR	10022	+	656	5190221	62940
chr11	5127281	5327281	harbor1	chr11	5191240	5191557	LTR/ERVL-MaLR	10022	+	158	5191398	64117
chr11	5127281	5327281	harbor1	chr11	5191559	5191966	LTR/ERVL-MaLR	2382	+	204	5191763	64482
chr11	5134553	5334553	harbor1	chr11	5189162	5189564	LTR/ERVL-MaLR	2124	+	201	5189363	54810
chr11	5134553	5334553	harbor1	chr11	5189565	5190876	LTR/ERVL-MaLR	10022	+	656	5190221	55668
chr11	5134553	5334553	harbor1	chr11	5191240	5191557	LTR/ERVL-MaLR	10022	+	158	5191398	56845
chr11	5134553	5334553	harbor1	chr11	5191559	5191966	LTR/ERVL-MaLR	2382	+	204	5191763	57210
chr11	5030148	5230148	harbor1	chr11	5066179	5066467	LTR/ERVL-MaLR	674	+	144	5066323	36175
chr11	5030148	5230148	harbor1	chr11	5099106	5099479	LTR/ERVL-MaLR	2325	+	186	5099292	69144
chr11	118508487	118708487	harbor1	chr11	118545955	118546218	LTR/ERVL-MaLR	2076	+	132	118546087	37600
chr11	118508487	118708487	harbor1	chr11	118546496	118546649	LTR/ERVL-MaLR	2076	+	76	118546572	38085
chr11	86572150	86772150	harbor1	chr11	86591279	86591579	LTR/ERVL-MaLR	2135	+	150	86591429	19279
chr11	86572150	86772150	harbor1	chr11	86591929	86592025	LTR/ERVL-MaLR	2135	+	48	86591977	19827
chr11	86572150	86772150	harbor1	chr11	86618558	86618719	LTR/ERVL-MaLR	2409	+	80	86618638	46488
chr11	86572150	86772150	harbor1	chr11	86619009	86619262	LTR/ERVL-MaLR	2409	+	126	86619135	46985
chr11	86572150	86772150	harbor1	chr11	86619426	86619787	LTR/ERVL-MaLR	2289	+	180	86619606	47456
chr11	86572150	86772150	harbor1	chr11	86623868	86624133	LTR/ERVL-MaLR	538	+	132	86624000	51850
chr11	86572150	86772150	harbor1	chr11	86635232	86635458	LTR/ERVL-MaLR	741	+	113	86635345	63195
chr11	86572150	86772150	harbor1	chr11	86635459	86635804	LTR/ERVL-MaLR	1423	+	172	86635631	63481
chr11	86572150	86772150	harbor1	chr11	86666088	86666261	LTR/ERVL-MaLR	706	+	86	86666174	94024
chr11	5134570	5334570	harbor1	chr11	5189162	5189564	LTR/ERVL-MaLR	2124	+	201	5189363	54793
chr11	5134570	5334570	harbor1	chr11	5189565	5190876	LTR/ERVL-MaLR	10022	+	656	5190221	55651
chr11	5134570	5334570	harbor1	chr11	5191240	5191557	LTR/ERVL-MaLR	10022	+	158	5191398	56828
chr11	5134570	5334570	harbor1	chr11	5191559	5191966	LTR/ERVL-MaLR	2382	+	204	5191763	57193
chr11	123313642	123513642	harbor1	chr11	123335328	123335583	LTR/ERVL-MaLR	874	+	128	123335456	21814
chr11	123313642	123513642	harbor1	chr11	123335881	123336351	LTR/ERVL-MaLR	601	+	235	123336116	22474
chr11	123313642	123513642	harbor1	chr11	123342666	123342864	LTR/ERVL-MaLR	1932	+	99	123342765	29123
chr11	123313642	123513642	harbor1	chr11	123342865	123343239	LTR/ERVL-MaLR	2266	+	187	123343052	29410
chr11	123313642	123513642	harbor1	chr11	123343240	123343443	LTR/ERVL-MaLR	1932	+	102	123343342	29700
chr11	123313642	123513642	harbor1	chr11	123345978	123346321	LTR/ERVL-MaLR	2063	+	172	123346150	32508
chr11	123313642	123513642	harbor1	chr11	123347948	123348350	LTR/ERVL-MaLR	2166	+	201	123348149	34507
chr11	123313642	123513642	harbor1	chr11	123388224	123388391	LTR/ERVL-MaLR	1671	+	84	123388308	74666
chr11	123313642	123513642	harbor1	chr11	123388718	123388935	LTR/ERVL-MaLR	1671	+	108	123388826	75184
chr11	76580440	76780440	harbor1	chr11	76596508	76596942	LTR/ERVL-MaLR	1760	+	217	76596725	16285
chr11	76580440	76780440	harbor1	chr11	76601030	76601131	LTR/ERVL-MaLR	1424	+	50	76601080	20640
chr11	76580440	76780440	harbor1	chr11	76601436	76601695	LTR/ERVL-MaLR	1424	+	130	76601566	21126
chr11	76580440	76780440	harbor1	chr11	76641037	76641400	LTR/ERVL-MaLR	1804	+	182	76641219	60779
chr11	76580440	76780440	harbor1	chr11	76641690	76641752	LTR/ERVL-MaLR	1804	+	31	76641721	61281
chr11	5126802	5326802	harbor1	chr11	5189162	5189564	LTR/ERVL-MaLR	2124	+	201	5189363	62561
chr11	5126802	5326802	harbor1	chr11	5189565	5190876	LTR/ERVL-MaLR	10022	+	656	5190221	63419
chr11	5126802	5326802	harbor1	chr11	5191240	5191557	LTR/ERVL-MaLR	10022	+	158	5191398	64596
chr11	5126802	5326802	harbor1	chr11	5191559	5191966	LTR/ERVL-MaLR	2382	+	204	5191763	64961
chr11	106768224	106968224	harbor1	chr11	106815794	106816066	LTR/ERVL-MaLR	978	+	136	106815930	47706
chr11	106768224	106968224	harbor1	chr11	106831599	106831841	LTR/ERVL-MaLR	520	+	121	106831720	63496
chr11	133733693	133933693	harbor1	chr11	133735692	133735824	LTR/ERVL-MaLR	415	+	66	133735758	2065
chr11	133733693	133933693	harbor1	chr11	133735861	133736020	LTR/ERVL-MaLR	444	+	80	133735941	2248
chr11	133733693	133933693	harbor1	chr11	133736023	133736184	LTR/ERVL-MaLR	437	+	80	133736103	2410
chr11	133733693	133933693	harbor1	chr11	133737079	133737213	LTR/ERVL-MaLR	413	+	67	133737146	3453
chr11	133733693	133933693	harbor1	chr11	133738067	133738601	LTR/ERVL-MaLR	949	+	267	133738334	4641
chr11	133733693	133933693	harbor1	chr11	133739616	133739775	LTR/ERVL-MaLR	768	+	80	133739696	6003
chr11	133733693	133933693	harbor1	chr11	133740584	133740790	LTR/ERVL-MaLR	636	+	103	133740687	6994
chr11	133733693	133933693	harbor1	chr11	133743103	133743448	LTR/ERVL-MaLR	1623	+	172	133743275	9582
chr11	133733693	133933693	harbor1	chr11	133743456	133743851	LTR/ERVL-MaLR	3751	+	198	133743654	9961
chr11	133733693	133933693	harbor1	chr11	133744123	133744693	LTR/ERVL-MaLR	3751	+	285	133744408	10715
chr11	133733693	133933693	harbor1	chr11	133771422	133771801	LTR/ERVL-MaLR	2394	+	190	133771612	37919
chr11	133733693	133933693	harbor1	chr11	133784010	133784444	LTR/ERVL-MaLR	1025	+	217	133784227	50534
chr11	133733693	133933693	harbor1	chr11	133796334	133796834	LTR/ERVL-MaLR	1392	+	250	133796584	62891
chr11	133733693	133933693	harbor1	chr11	133815536	133816081	LTR/ERVL-MaLR	1049	+	272	133815808	82115
chr11	133733693	133933693	harbor1	chr11	133816991	133817447	LTR/ERVL-MaLR	1418	+	228	133817219	83526
chr11	133733693	133933693	harbor1	chr11	133820712	133820824	LTR/ERVL-MaLR	1186	+	56	133820768	87075
chr11	133733693	133933693	harbor1	chr11	133820825	133821287	LTR/ERVL-MaLR	2256	+	231	133821056	87363
chr11	133733693	133933693	harbor1	chr11	133821288	133821509	LTR/ERVL-MaLR	1186	+	110	133821398	87705
chr11	133733693	133933693	harbor1	chr11	133821537	133821765	LTR/ERVL-MaLR	587	+	114	133821651	87958
chr11	133733693	133933693	harbor1	chr11	133821971	133822350	LTR/ERVL-MaLR	438	+	190	133822161	88468
chr11	5030044	5230044	harbor1	chr11	5066179	5066467	LTR/ERVL-MaLR	674	+	144	5066323	36279
chr11	5030044	5230044	harbor1	chr11	5099106	5099479	LTR/ERVL-MaLR	2325	+	186	5099292	69248
chr11	5125241	5325241	harbor1	chr11	5189162	5189564	LTR/ERVL-MaLR	2124	+	201	5189363	64122
chr11	5125241	5325241	harbor1	chr11	5189565	5190876	LTR/ERVL-MaLR	10022	+	656	5190221	64980
chr11	5125241	5325241	harbor1	chr11	5191240	5191557	LTR/ERVL-MaLR	10022	+	158	5191398	66157
chr11	5125241	5325241	harbor1	chr11	5191559	5191966	LTR/ERVL-MaLR	2382	+	204	5191763	66522
chr11	5134190	5334190	harbor1	chr11	5189162	5189564	LTR/ERVL-MaLR	2124	+	201	5189363	55173
chr11	5134190	5334190	harbor1	chr11	5189565	5190876	LTR/ERVL-MaLR	10022	+	656	5190221	56031
chr11	5134190	5334190	harbor1	chr11	5191240	5191557	LTR/ERVL-MaLR	10022	+	158	5191398	57208
chr11	5134190	5334190	harbor1	chr11	5191559	5191966	LTR/ERVL-MaLR	2382	+	204	5191763	57573
chr11	5125737	5325737	harbor1	chr11	5189162	5189564	LTR/ERVL-MaLR	2124	+	201	5189363	63626
chr11	5125737	5325737	harbor1	chr11	5189565	5190876	LTR/ERVL-MaLR	10022	+	656	5190221	64484
chr11	5125737	5325737	harbor1	chr11	5191240	5191557	LTR/ERVL-MaLR	10022	+	158	5191398	65661
chr11	5125737	5325737	harbor1	chr11	5191559	5191966	LTR/ERVL-MaLR	2382	+	204	5191763	66026
chr11	5127241	5327241	harbor1	chr11	5189162	5189564	LTR/ERVL-MaLR	2124	+	201	5189363	62122
chr11	5127241	5327241	harbor1	chr11	5189565	5190876	LTR/ERVL-MaLR	10022	+	656	5190221	62980
chr11	5127241	5327241	harbor1	chr11	5191240	5191557	LTR/ERVL-MaLR	10022	+	158	5191398	64157
chr11	5127241	5327241	harbor1	chr11	5191559	5191966	LTR/ERVL-MaLR	2382	+	204	5191763	64522
chr11	5126766	5326766	harbor1	chr11	5189162	5189564	LTR/ERVL-MaLR	2124	+	201	5189363	62597
chr11	5126766	5326766	harbor1	chr11	5189565	5190876	LTR/ERVL-MaLR	10022	+	656	5190221	63455
chr11	5126766	5326766	harbor1	chr11	5191240	5191557	LTR/ERVL-MaLR	10022	+	158	5191398	64632
chr11	5126766	5326766	harbor1	chr11	5191559	5191966	LTR/ERVL-MaLR	2382	+	204	5191763	64997
chr11	5134609	5334609	harbor1	chr11	5189162	5189564	LTR/ERVL-MaLR	2124	+	201	5189363	54754
chr11	5134609	5334609	harbor1	chr11	5189565	5190876	LTR/ERVL-MaLR	10022	+	656	5190221	55612
chr11	5134609	5334609	harbor1	chr11	5191240	5191557	LTR/ERVL-MaLR	10022	+	158	5191398	56789
chr11	5134609	5334609	harbor1	chr11	5191559	5191966	LTR/ERVL-MaLR	2382	+	204	5191763	57154
chr11	5134091	5334091	harbor1	chr11	5189162	5189564	LTR/ERVL-MaLR	2124	+	201	5189363	55272
chr11	5134091	5334091	harbor1	chr11	5189565	5190876	LTR/ERVL-MaLR	10022	+	656	5190221	56130
chr11	5134091	5334091	harbor1	chr11	5191240	5191557	LTR/ERVL-MaLR	10022	+	158	5191398	57307
chr11	5134091	5334091	harbor1	chr11	5191559	5191966	LTR/ERVL-MaLR	2382	+	204	5191763	57672
chr11	5127300	5327300	harbor1	chr11	5189162	5189564	LTR/ERVL-MaLR	2124	+	201	5189363	62063
chr11	5127300	5327300	harbor1	chr11	5189565	5190876	LTR/ERVL-MaLR	10022	+	656	5190221	62921
chr11	5127300	5327300	harbor1	chr11	5191240	5191557	LTR/ERVL-MaLR	10022	+	158	5191398	64098
chr11	5127300	5327300	harbor1	chr11	5191559	5191966	LTR/ERVL-MaLR	2382	+	204	5191763	64463
chr11	5127229	5327229	harbor1	chr11	5189162	5189564	LTR/ERVL-MaLR	2124	+	201	5189363	62134
chr11	5127229	5327229	harbor1	chr11	5189565	5190876	LTR/ERVL-MaLR	10022	+	656	5190221	62992
chr11	5127229	5327229	harbor1	chr11	5191240	5191557	LTR/ERVL-MaLR	10022	+	158	5191398	64169
chr11	5127229	5327229	harbor1	chr11	5191559	5191966	LTR/ERVL-MaLR	2382	+	204	5191763	64534
chr11	107465643	107665643	harbor1	chr11	107546537	107546719	LTR/ERVL-MaLR	487	+	91	107546628	80985
chr11	107465643	107665643	harbor1	chr11	107550803	107550965	LTR/ERVL-MaLR	765	+	81	107550884	85241
chr11	107465643	107665643	harbor1	chr11	107558924	107559284	LTR/ERVL-MaLR	2170	+	180	107559104	93461
chr11	108021539	108221539	harbor1	chr11	108114901	108115232	LTR/ERVL-MaLR	1129	+	166	108115067	93528
chr11	108021539	108221539	harbor1	chr11	108116572	108116980	LTR/ERVL-MaLR	1933	+	204	108116776	95237
chr11	108021539	108221539	harbor1	chr11	108116981	108117136	LTR/ERVL-MaLR	678	+	78	108117059	95520
chr11	5126785	5326785	harbor1	chr11	5189162	5189564	LTR/ERVL-MaLR	2124	+	201	5189363	62578
chr11	5126785	5326785	harbor1	chr11	5189565	5190876	LTR/ERVL-MaLR	10022	+	656	5190221	63436
chr11	5126785	5326785	harbor1	chr11	5191240	5191557	LTR/ERVL-MaLR	10022	+	158	5191398	64613
chr11	5126785	5326785	harbor1	chr11	5191559	5191966	LTR/ERVL-MaLR	2382	+	204	5191763	64978
chr11	64538073	64738073	harbor1	chr11	64585088	64585330	LTR/ERVL-MaLR	483	+	121	64585209	47136
chr11	64538073	64738073	harbor1	chr11	64613559	64613760	LTR/ERVL-MaLR	449	+	100	64613659	75586
chr11	64538073	64738073	harbor1	chr11	64613830	64614368	LTR/ERVL-MaLR	1438	+	269	64614099	76026
chr11	64538073	64738073	harbor1	chr11	64614384	64614992	LTR/ERVL-MaLR	1556	+	304	64614688	76615
chr11	64538073	64738073	harbor1	chr11	64615000	64615402	LTR/ERVL-MaLR	823	+	201	64615201	77128
chr11	5127144	5327144	harbor1	chr11	5189162	5189564	LTR/ERVL-MaLR	2124	+	201	5189363	62219
chr11	5127144	5327144	harbor1	chr11	5189565	5190876	LTR/ERVL-MaLR	10022	+	656	5190221	63077
chr11	5127144	5327144	harbor1	chr11	5191240	5191557	LTR/ERVL-MaLR	10022	+	158	5191398	64254
chr11	5127144	5327144	harbor1	chr11	5191559	5191966	LTR/ERVL-MaLR	2382	+	204	5191763	64619
chr11	5127200	5327200	harbor1	chr11	5189162	5189564	LTR/ERVL-MaLR	2124	+	201	5189363	62163
chr11	5127200	5327200	harbor1	chr11	5189565	5190876	LTR/ERVL-MaLR	10022	+	656	5190221	63021
chr11	5127200	5327200	harbor1	chr11	5191240	5191557	LTR/ERVL-MaLR	10022	+	158	5191398	64198
chr11	5127200	5327200	harbor1	chr11	5191559	5191966	LTR/ERVL-MaLR	2382	+	204	5191763	64563
chr11	117886632	118086632	harbor1	chr11	117956123	117956537	LTR/ERVL-MaLR	2229	+	207	117956330	69698
chr11	117886632	118086632	harbor1	chr11	117971418	117971841	LTR/ERVL-MaLR	864	+	212	117971630	84998
chr11	5103484	5303484	harbor1	chr11	5189162	5189564	LTR/ERVL-MaLR	2124	+	201	5189363	85879
chr11	5103484	5303484	harbor1	chr11	5189565	5190876	LTR/ERVL-MaLR	10022	+	656	5190221	86737
chr11	5103484	5303484	harbor1	chr11	5191240	5191557	LTR/ERVL-MaLR	10022	+	158	5191398	87914
chr11	5103484	5303484	harbor1	chr11	5191559	5191966	LTR/ERVL-MaLR	2382	+	204	5191763	88279
chr11	69539230	69739230	harbor1	chr11	69543422	69543834	LTR/ERVL-MaLR	1729	+	206	69543628	4398
chr11	69539230	69739230	harbor1	chr11	69545601	69546024	LTR/ERVL-MaLR	1293	+	212	69545813	6583
chr11	69539230	69739230	harbor1	chr11	69564264	69564703	LTR/ERVL-MaLR	1214	+	220	69564484	25254
chr11	69539230	69739230	harbor1	chr11	69579097	69579507	LTR/ERVL-MaLR	1084	+	205	69579302	40072
chr11	69539230	69739230	harbor1	chr11	69581054	69581449	LTR/ERVL-MaLR	1112	+	198	69581252	42022
chr11	69539230	69739230	harbor1	chr11	69591077	69591148	LTR/ERVL-MaLR	412	+	36	69591113	51883
chr11	69539230	69739230	harbor1	chr11	69591418	69591791	LTR/ERVL-MaLR	1530	+	186	69591604	52374
chr11	69539230	69739230	harbor1	chr11	69592087	69592373	LTR/ERVL-MaLR	1263	+	143	69592230	53000
chr11	69539230	69739230	harbor1	chr11	69593970	69594387	LTR/ERVL-MaLR	722	+	208	69594178	54948
chr11	69539230	69739230	harbor1	chr11	69595200	69595543	LTR/ERVL-MaLR	2007	+	172	69595372	56142
chr11	69539230	69739230	harbor1	chr11	69598488	69598761	LTR/ERVL-MaLR	900	+	136	69598624	59394
chr11	69539230	69739230	harbor1	chr11	69602192	69602573	LTR/ERVL-MaLR	1784	+	190	69602382	63152
chr11	5127304	5327304	harbor1	chr11	5189162	5189564	LTR/ERVL-MaLR	2124	+	201	5189363	62059
chr11	5127304	5327304	harbor1	chr11	5189565	5190876	LTR/ERVL-MaLR	10022	+	656	5190221	62917
chr11	5127304	5327304	harbor1	chr11	5191240	5191557	LTR/ERVL-MaLR	10022	+	158	5191398	64094
chr11	5127304	5327304	harbor1	chr11	5191559	5191966	LTR/ERVL-MaLR	2382	+	204	5191763	64459
chr11	6512326	6712326	harbor1	chr11	6565209	6565380	LTR/ERVL-MaLR	476	+	86	6565295	52969
chr11	57394202	57594202	harbor1	chr11	57395147	57395713	LTR/ERVL-MaLR	2271	+	283	57395430	1228
chr11	57394202	57594202	harbor1	chr11	57410705	57411062	LTR/ERVL-MaLR	2835	+	178	57410883	16681
chr11	57394202	57594202	harbor1	chr11	57417136	57417642	LTR/ERVL-MaLR	1555	+	253	57417389	23187
chr11	57394202	57594202	harbor1	chr11	57446230	57446646	LTR/ERVL-MaLR	744	+	208	57446438	52236
chr11	57394202	57594202	harbor1	chr11	57446953	57446999	LTR/ERVL-MaLR	744	+	23	57446976	52774
chr11	57394202	57594202	harbor1	chr11	57490336	57490804	LTR/ERVL-MaLR	1620	+	234	57490570	96368
chr11	6201318	6401318	harbor1	chr11	6220022	6220497	LTR/ERVL-MaLR	927	+	238	6220260	18942
chr11	6201318	6401318	harbor1	chr11	6283373	6283625	LTR/ERVL-MaLR	518	+	126	6283499	82181
chr11	6201318	6401318	harbor1	chr11	6293441	6293796	LTR/ERVL-MaLR	1635	+	178	6293619	92301
chr11	70734522	70934522	harbor1	chr11	70736290	70736710	LTR/ERVL-MaLR	1033	+	210	70736500	1978
chr11	70734522	70934522	harbor1	chr11	70739654	70739879	LTR/ERVL-MaLR	1050	+	112	70739766	5244
chr11	70734522	70934522	harbor1	chr11	70743234	70743541	LTR/ERVL-MaLR	714	+	154	70743388	8866
chr11	70734522	70934522	harbor1	chr11	70761111	70761452	LTR/ERVL-MaLR	1214	+	170	70761281	26759
chr11	70734522	70934522	harbor1	chr11	70765184	70765625	LTR/ERVL-MaLR	956	+	220	70765404	30882
chr11	70734522	70934522	harbor1	chr11	70766111	70766387	LTR/ERVL-MaLR	920	+	138	70766249	31727
chr11	70734522	70934522	harbor1	chr11	70778413	70778789	LTR/ERVL-MaLR	1591	+	188	70778601	44079
chr11	70734522	70934522	harbor1	chr11	70779853	70780204	LTR/ERVL-MaLR	762	+	176	70780029	45507
chr11	70734522	70934522	harbor1	chr11	70782905	70783239	LTR/ERVL-MaLR	860	+	167	70783072	48550
chr11	70734522	70934522	harbor1	chr11	70790888	70791138	LTR/ERVL-MaLR	447	+	125	70791013	56491
chr11	70734522	70934522	harbor1	chr11	70795706	70795926	LTR/ERVL-MaLR	878	+	110	70795816	61294
chr11	70734522	70934522	harbor1	chr11	70821097	70821415	LTR/ERVL-MaLR	1542	+	159	70821256	86734
chr11	70734522	70934522	harbor1	chr11	70821723	70821782	LTR/ERVL-MaLR	1542	+	30	70821753	87231
chr11	70734522	70934522	harbor1	chr11	70795203	70795393	LTR/ERVL-MaLR	878	+	95	70795298	60776
chr11	46138065	46338065	harbor1	chr11	46171723	46172107	LTR/ERVL-MaLR	2888	+	192	46171915	33850
chr11	46138065	46338065	harbor1	chr11	46175228	46175580	LTR/ERVL-MaLR	1380	+	176	46175404	37339
chr11	46138065	46338065	harbor1	chr11	46180897	46181298	LTR/ERVL-MaLR	968	+	200	46181097	43032
chr11	46138065	46338065	harbor1	chr11	46186923	46187312	LTR/ERVL-MaLR	2165	+	194	46187117	49052
chr11	46138065	46338065	harbor1	chr11	46216836	46216959	LTR/ERVL-MaLR	757	+	62	46216898	78833
chr11	46138065	46338065	harbor1	chr11	46217434	46217825	LTR/ERVL-MaLR	528	+	196	46217630	79565
chr11	46138065	46338065	harbor1	chr11	46232714	46232919	LTR/ERVL-MaLR	2267	+	102	46232816	94751
chr11	46138065	46338065	harbor1	chr11	46233214	46233530	LTR/ERVL-MaLR	2267	+	158	46233372	95307
chr11	57246770	57446770	harbor1	chr11	57252234	57252672	LTR/ERVL-MaLR	1748	+	219	57252453	5683
chr11	57246770	57446770	harbor1	chr11	57252684	57252955	LTR/ERVL-MaLR	483	+	136	57252820	6050
chr11	57246770	57446770	harbor1	chr11	57253335	57253923	LTR/ERVL-MaLR	2207	+	294	57253629	6859
chr11	57246770	57446770	harbor1	chr11	57257381	57257739	LTR/ERVL-MaLR	1910	+	179	57257560	10790
chr11	57246770	57446770	harbor1	chr11	57260664	57260741	LTR/ERVL-MaLR	627	+	38	57260702	13932
chr11	57246770	57446770	harbor1	chr11	57261032	57261206	LTR/ERVL-MaLR	627	+	87	57261119	14349
chr11	57246770	57446770	harbor1	chr11	57273289	57273778	LTR/ERVL-MaLR	1344	+	244	57273533	26763
chr11	57246770	57446770	harbor1	chr11	57281531	57281594	LTR/ERVL-MaLR	401	+	32	57281563	34793
chr11	57246770	57446770	harbor1	chr11	57281638	57281772	LTR/ERVL-MaLR	2157	+	67	57281705	34935
chr11	57246770	57446770	harbor1	chr11	57282830	57283079	LTR/ERVL-MaLR	2157	+	124	57282954	36184
chr11	57246770	57446770	harbor1	chr11	57283082	57284724	LTR/ERVL-MaLR	9938	+	821	57283903	37133
chr11	57246770	57446770	harbor1	chr11	57284725	57284902	LTR/ERVL-MaLR	2503	+	88	57284813	38043
chr11	57246770	57446770	harbor1	chr11	57285202	57285457	LTR/ERVL-MaLR	2503	+	128	57285330	38560
chr11	57246770	57446770	harbor1	chr11	57287526	57287898	LTR/ERVL-MaLR	2181	+	186	57287712	40942
chr11	57246770	57446770	harbor1	chr11	57295896	57296020	LTR/ERVL-MaLR	402	+	62	57295958	49188
chr11	57246770	57446770	harbor1	chr11	57296026	57296232	LTR/ERVL-MaLR	2046	+	103	57296129	49359
chr11	57246770	57446770	harbor1	chr11	57296233	57296594	LTR/ERVL-MaLR	2124	+	180	57296413	49643
chr11	57246770	57446770	harbor1	chr11	57296595	57296747	LTR/ERVL-MaLR	2046	+	76	57296671	49901
chr11	57246770	57446770	harbor1	chr11	57296753	57298250	LTR/ERVL-MaLR	6176	+	748	57297501	50731
chr11	57246770	57446770	harbor1	chr11	57298546	57298574	LTR/ERVL-MaLR	6176	+	14	57298560	51790
chr11	57246770	57446770	harbor1	chr11	57298585	57298679	LTR/ERVL-MaLR	1837	+	47	57298632	51862
chr11	57246770	57446770	harbor1	chr11	57298974	57299248	LTR/ERVL-MaLR	1837	+	137	57299111	52341
chr11	57246770	57446770	harbor1	chr11	57299293	57299457	LTR/ERVL-MaLR	669	+	82	57299375	52605
chr11	57246770	57446770	harbor1	chr11	57329217	57329374	LTR/ERVL-MaLR	451	+	78	57329295	82525
chr11	57383305	57583305	harbor1	chr11	57393637	57394061	LTR/ERVL-MaLR	799	+	212	57393849	10544
chr11	57383305	57583305	harbor1	chr11	57395147	57395713	LTR/ERVL-MaLR	2271	+	283	57395430	12125
chr11	57383305	57583305	harbor1	chr11	57410705	57411062	LTR/ERVL-MaLR	2835	+	178	57410883	27578
chr11	57383305	57583305	harbor1	chr11	57417136	57417642	LTR/ERVL-MaLR	1555	+	253	57417389	34084
chr11	57383305	57583305	harbor1	chr11	57446230	57446646	LTR/ERVL-MaLR	744	+	208	57446438	63133
chr11	57383305	57583305	harbor1	chr11	57446953	57446999	LTR/ERVL-MaLR	744	+	23	57446976	63671
chr11	6512331	6712331	harbor1	chr11	6565209	6565380	LTR/ERVL-MaLR	476	+	86	6565295	52964
chr11	107914515	108114515	harbor1	chr11	107922453	107922533	LTR/ERVL-MaLR	2240	+	40	107922493	7978
chr11	107914515	108114515	harbor1	chr11	107922851	107923277	LTR/ERVL-MaLR	2240	+	213	107923064	8549
chr11	107914515	108114515	harbor1	chr11	107974800	107974853	LTR/ERVL-MaLR	1176	+	26	107974826	60311
chr11	107914515	108114515	harbor1	chr11	107975142	107975424	LTR/ERVL-MaLR	1176	+	141	107975283	60768
chr11	107914515	108114515	harbor1	chr11	107975877	107975963	LTR/ERVL-MaLR	503	+	43	107975920	61405
chr11	107914515	108114515	harbor1	chr11	107976281	107976346	LTR/ERVL-MaLR	430	+	32	107976313	61798
chr11	107914515	108114515	harbor1	chr11	107996969	107997428	LTR/ERVL-MaLR	2244	+	230	107997199	82684
chr11	68332127	68532127	harbor1	chr11	68380898	68381338	LTR/ERVL-MaLR	996	+	220	68381118	48991
chr11	731095	931095	harbor1	chr11	732570	732715	LTR/ERVL-MaLR	1005	+	72	732642	1547
chr11	731095	931095	harbor1	chr11	732980	733262	LTR/ERVL-MaLR	1005	+	141	733121	2026
chr11	731095	931095	harbor1	chr11	767613	767848	LTR/ERVL-MaLR	482	+	118	767731	36636
chr11	731095	931095	harbor1	chr11	768151	768193	LTR/ERVL-MaLR	482	+	21	768172	37077
chr11	64537994	64737994	harbor1	chr11	64585088	64585330	LTR/ERVL-MaLR	483	+	121	64585209	47215
chr11	64537994	64737994	harbor1	chr11	64613559	64613760	LTR/ERVL-MaLR	449	+	100	64613659	75665
chr11	64537994	64737994	harbor1	chr11	64613830	64614368	LTR/ERVL-MaLR	1438	+	269	64614099	76105
chr11	64537994	64737994	harbor1	chr11	64614384	64614992	LTR/ERVL-MaLR	1556	+	304	64614688	76694
chr11	64537994	64737994	harbor1	chr11	64615000	64615402	LTR/ERVL-MaLR	823	+	201	64615201	77207
chr11	76580499	76780499	harbor1	chr11	76596508	76596942	LTR/ERVL-MaLR	1760	+	217	76596725	16226
chr11	76580499	76780499	harbor1	chr11	76601030	76601131	LTR/ERVL-MaLR	1424	+	50	76601080	20581
chr11	76580499	76780499	harbor1	chr11	76601436	76601695	LTR/ERVL-MaLR	1424	+	130	76601566	21067
chr11	76580499	76780499	harbor1	chr11	76641037	76641400	LTR/ERVL-MaLR	1804	+	182	76641219	60720
chr11	76580499	76780499	harbor1	chr11	76641690	76641752	LTR/ERVL-MaLR	1804	+	31	76641721	61222
chr11	76580347	76780347	harbor1	chr11	76580211	76580391	LTR/ERVL-MaLR	892	+	90	76580301	46
chr11	76580347	76780347	harbor1	chr11	76596508	76596942	LTR/ERVL-MaLR	1760	+	217	76596725	16378
chr11	76580347	76780347	harbor1	chr11	76601030	76601131	LTR/ERVL-MaLR	1424	+	50	76601080	20733
chr11	76580347	76780347	harbor1	chr11	76601436	76601695	LTR/ERVL-MaLR	1424	+	130	76601566	21219
chr11	76580347	76780347	harbor1	chr11	76641037	76641400	LTR/ERVL-MaLR	1804	+	182	76641219	60872
chr11	76580347	76780347	harbor1	chr11	76641690	76641752	LTR/ERVL-MaLR	1804	+	31	76641721	61374
chr11	5127117	5327117	harbor1	chr11	5189162	5189564	LTR/ERVL-MaLR	2124	+	201	5189363	62246
chr11	5127117	5327117	harbor1	chr11	5189565	5190876	LTR/ERVL-MaLR	10022	+	656	5190221	63104
chr11	5127117	5327117	harbor1	chr11	5191240	5191557	LTR/ERVL-MaLR	10022	+	158	5191398	64281
chr11	5127117	5327117	harbor1	chr11	5191559	5191966	LTR/ERVL-MaLR	2382	+	204	5191763	64646
chr11	76580972	76780972	harbor1	chr11	76596508	76596942	LTR/ERVL-MaLR	1760	+	217	76596725	15753
chr11	76580972	76780972	harbor1	chr11	76601030	76601131	LTR/ERVL-MaLR	1424	+	50	76601080	20108
chr11	76580972	76780972	harbor1	chr11	76601436	76601695	LTR/ERVL-MaLR	1424	+	130	76601566	20594
chr11	76580972	76780972	harbor1	chr11	76641037	76641400	LTR/ERVL-MaLR	1804	+	182	76641219	60247
chr11	76580972	76780972	harbor1	chr11	76641690	76641752	LTR/ERVL-MaLR	1804	+	31	76641721	60749
chr11	5134657	5334657	harbor1	chr11	5189162	5189564	LTR/ERVL-MaLR	2124	+	201	5189363	54706
chr11	5134657	5334657	harbor1	chr11	5189565	5190876	LTR/ERVL-MaLR	10022	+	656	5190221	55564
chr11	5134657	5334657	harbor1	chr11	5191240	5191557	LTR/ERVL-MaLR	10022	+	158	5191398	56741
chr11	5134657	5334657	harbor1	chr11	5191559	5191966	LTR/ERVL-MaLR	2382	+	204	5191763	57106
chr11	3044411	3244411	harbor1	chr11	3059411	3059587	LTR/ERVL-MaLR	789	+	88	3059499	15088
chr11	3044411	3244411	harbor1	chr11	3060091	3060361	LTR/ERVL-MaLR	1243	+	135	3060226	15815
chr11	3044411	3244411	harbor1	chr11	3060895	3060973	LTR/ERVL-MaLR	1237	+	39	3060934	16523
chr11	3044411	3244411	harbor1	chr11	3061286	3061595	LTR/ERVL-MaLR	1237	+	154	3061440	17029
chr11	3044411	3244411	harbor1	chr11	3063251	3063719	LTR/ERVL-MaLR	3314	+	234	3063485	19074
chr11	3044411	3244411	harbor1	chr11	3088628	3088967	LTR/ERVL-MaLR	931	+	170	3088798	44387
chr11	3044411	3244411	harbor1	chr11	3121715	3121948	LTR/ERVL-MaLR	554	+	116	3121831	77420
chr11	3044411	3244411	harbor1	chr11	3063720	3063949	LTR/ERVL-MaLR	1342	+	114	3063834	19423
chr11	6201420	6401420	harbor1	chr11	6220022	6220497	LTR/ERVL-MaLR	927	+	238	6220260	18840
chr11	6201420	6401420	harbor1	chr11	6283373	6283625	LTR/ERVL-MaLR	518	+	126	6283499	82079
chr11	6201420	6401420	harbor1	chr11	6293441	6293796	LTR/ERVL-MaLR	1635	+	178	6293619	92199
chr11	108021633	108221633	harbor1	chr11	108114901	108115232	LTR/ERVL-MaLR	1129	+	166	108115067	93434
chr11	108021633	108221633	harbor1	chr11	108116572	108116980	LTR/ERVL-MaLR	1933	+	204	108116776	95143
chr11	108021633	108221633	harbor1	chr11	108116981	108117136	LTR/ERVL-MaLR	678	+	78	108117059	95426
chr11	5127276	5327276	harbor1	chr11	5189162	5189564	LTR/ERVL-MaLR	2124	+	201	5189363	62087
chr11	5127276	5327276	harbor1	chr11	5189565	5190876	LTR/ERVL-MaLR	10022	+	656	5190221	62945
chr11	5127276	5327276	harbor1	chr11	5191240	5191557	LTR/ERVL-MaLR	10022	+	158	5191398	64122
chr11	5127276	5327276	harbor1	chr11	5191559	5191966	LTR/ERVL-MaLR	2382	+	204	5191763	64487
chr11	19099393	19299393	harbor1	chr11	19100587	19101082	LTR/ERVL-MaLR	1590	+	248	19100835	1442
chr11	19099393	19299393	harbor1	chr11	19113734	19114118	LTR/ERVL-MaLR	2495	+	192	19113926	14533
chr11	19099393	19299393	harbor1	chr11	19180970	19181358	LTR/ERVL-MaLR	2417	+	194	19181164	81771
chr11	19099393	19299393	harbor1	chr11	19183779	19184124	LTR/ERVL-MaLR	2515	+	172	19183951	84558
chr11	5134554	5334554	harbor1	chr11	5189162	5189564	LTR/ERVL-MaLR	2124	+	201	5189363	54809
chr11	5134554	5334554	harbor1	chr11	5189565	5190876	LTR/ERVL-MaLR	10022	+	656	5190221	55667
chr11	5134554	5334554	harbor1	chr11	5191240	5191557	LTR/ERVL-MaLR	10022	+	158	5191398	56844
chr11	5134554	5334554	harbor1	chr11	5191559	5191966	LTR/ERVL-MaLR	2382	+	204	5191763	57209
chr11	6201346	6401346	harbor1	chr11	6220022	6220497	LTR/ERVL-MaLR	927	+	238	6220260	18914
chr11	6201346	6401346	harbor1	chr11	6283373	6283625	LTR/ERVL-MaLR	518	+	126	6283499	82153
chr11	6201346	6401346	harbor1	chr11	6293441	6293796	LTR/ERVL-MaLR	1635	+	178	6293619	92273
chr11	5134601	5334601	harbor1	chr11	5189162	5189564	LTR/ERVL-MaLR	2124	+	201	5189363	54762
chr11	5134601	5334601	harbor1	chr11	5189565	5190876	LTR/ERVL-MaLR	10022	+	656	5190221	55620
chr11	5134601	5334601	harbor1	chr11	5191240	5191557	LTR/ERVL-MaLR	10022	+	158	5191398	56797
chr11	5134601	5334601	harbor1	chr11	5191559	5191966	LTR/ERVL-MaLR	2382	+	204	5191763	57162
chr11	5036924	5236924	harbor1	chr11	5066179	5066467	LTR/ERVL-MaLR	674	+	144	5066323	29399
chr11	5036924	5236924	harbor1	chr11	5099106	5099479	LTR/ERVL-MaLR	2325	+	186	5099292	62368
chr11	70734529	70934529	harbor1	chr11	70736290	70736710	LTR/ERVL-MaLR	1033	+	210	70736500	1971
chr11	70734529	70934529	harbor1	chr11	70739654	70739879	LTR/ERVL-MaLR	1050	+	112	70739766	5237
chr11	70734529	70934529	harbor1	chr11	70743234	70743541	LTR/ERVL-MaLR	714	+	154	70743388	8859
chr11	70734529	70934529	harbor1	chr11	70761111	70761452	LTR/ERVL-MaLR	1214	+	170	70761281	26752
chr11	70734529	70934529	harbor1	chr11	70765184	70765625	LTR/ERVL-MaLR	956	+	220	70765404	30875
chr11	70734529	70934529	harbor1	chr11	70766111	70766387	LTR/ERVL-MaLR	920	+	138	70766249	31720
chr11	70734529	70934529	harbor1	chr11	70778413	70778789	LTR/ERVL-MaLR	1591	+	188	70778601	44072
chr11	70734529	70934529	harbor1	chr11	70779853	70780204	LTR/ERVL-MaLR	762	+	176	70780029	45500
chr11	70734529	70934529	harbor1	chr11	70782905	70783239	LTR/ERVL-MaLR	860	+	167	70783072	48543
chr11	70734529	70934529	harbor1	chr11	70790888	70791138	LTR/ERVL-MaLR	447	+	125	70791013	56484
chr11	70734529	70934529	harbor1	chr11	70795706	70795926	LTR/ERVL-MaLR	878	+	110	70795816	61287
chr11	70734529	70934529	harbor1	chr11	70821097	70821415	LTR/ERVL-MaLR	1542	+	159	70821256	86727
chr11	70734529	70934529	harbor1	chr11	70821723	70821782	LTR/ERVL-MaLR	1542	+	30	70821753	87224
chr11	70734529	70934529	harbor1	chr11	70795203	70795393	LTR/ERVL-MaLR	878	+	95	70795298	60769
chr11	5127104	5327104	harbor1	chr11	5189162	5189564	LTR/ERVL-MaLR	2124	+	201	5189363	62259
chr11	5127104	5327104	harbor1	chr11	5189565	5190876	LTR/ERVL-MaLR	10022	+	656	5190221	63117
chr11	5127104	5327104	harbor1	chr11	5191240	5191557	LTR/ERVL-MaLR	10022	+	158	5191398	64294
chr11	5127104	5327104	harbor1	chr11	5191559	5191966	LTR/ERVL-MaLR	2382	+	204	5191763	64659
chr11	66158708	66358708	harbor1	chr11	66161990	66162112	LTR/ERVL-MaLR	952	+	61	66162051	3343
chr11	66158708	66358708	harbor1	chr11	66162422	66162722	LTR/ERVL-MaLR	952	+	150	66162572	3864
chr11	66158708	66358708	harbor1	chr11	66172243	66172701	LTR/ERVL-MaLR	1929	+	229	66172472	13764
chr11	5127078	5327078	harbor1	chr11	5189162	5189564	LTR/ERVL-MaLR	2124	+	201	5189363	62285
chr11	5127078	5327078	harbor1	chr11	5189565	5190876	LTR/ERVL-MaLR	10022	+	656	5190221	63143
chr11	5127078	5327078	harbor1	chr11	5191240	5191557	LTR/ERVL-MaLR	10022	+	158	5191398	64320
chr11	5127078	5327078	harbor1	chr11	5191559	5191966	LTR/ERVL-MaLR	2382	+	204	5191763	64685
chr11	70734576	70934576	harbor1	chr11	70736290	70736710	LTR/ERVL-MaLR	1033	+	210	70736500	1924
chr11	70734576	70934576	harbor1	chr11	70739654	70739879	LTR/ERVL-MaLR	1050	+	112	70739766	5190
chr11	70734576	70934576	harbor1	chr11	70743234	70743541	LTR/ERVL-MaLR	714	+	154	70743388	8812
chr11	70734576	70934576	harbor1	chr11	70761111	70761452	LTR/ERVL-MaLR	1214	+	170	70761281	26705
chr11	70734576	70934576	harbor1	chr11	70765184	70765625	LTR/ERVL-MaLR	956	+	220	70765404	30828
chr11	70734576	70934576	harbor1	chr11	70766111	70766387	LTR/ERVL-MaLR	920	+	138	70766249	31673
chr11	70734576	70934576	harbor1	chr11	70778413	70778789	LTR/ERVL-MaLR	1591	+	188	70778601	44025
chr11	70734576	70934576	harbor1	chr11	70779853	70780204	LTR/ERVL-MaLR	762	+	176	70780029	45453
chr11	70734576	70934576	harbor1	chr11	70782905	70783239	LTR/ERVL-MaLR	860	+	167	70783072	48496
chr11	70734576	70934576	harbor1	chr11	70790888	70791138	LTR/ERVL-MaLR	447	+	125	70791013	56437
chr11	70734576	70934576	harbor1	chr11	70795706	70795926	LTR/ERVL-MaLR	878	+	110	70795816	61240
chr11	70734576	70934576	harbor1	chr11	70821097	70821415	LTR/ERVL-MaLR	1542	+	159	70821256	86680
chr11	70734576	70934576	harbor1	chr11	70821723	70821782	LTR/ERVL-MaLR	1542	+	30	70821753	87177
chr11	70734576	70934576	harbor1	chr11	70795203	70795393	LTR/ERVL-MaLR	878	+	95	70795298	60722
chr11	5132790	5332790	harbor1	chr11	5189162	5189564	LTR/ERVL-MaLR	2124	+	201	5189363	56573
chr11	5132790	5332790	harbor1	chr11	5189565	5190876	LTR/ERVL-MaLR	10022	+	656	5190221	57431
chr11	5132790	5332790	harbor1	chr11	5191240	5191557	LTR/ERVL-MaLR	10022	+	158	5191398	58608
chr11	5132790	5332790	harbor1	chr11	5191559	5191966	LTR/ERVL-MaLR	2382	+	204	5191763	58973
chr11	75668477	75868477	harbor1	chr11	75671498	75671930	LTR/ERVL-MaLR	974	+	216	75671714	3237
chr11	75668477	75868477	harbor1	chr11	75671935	75672059	LTR/ERVL-MaLR	409	+	62	75671997	3520
chr11	75668477	75868477	harbor1	chr11	75675743	75675822	LTR/ERVL-MaLR	415	+	40	75675783	7306
chr11	75668477	75868477	harbor1	chr11	75681061	75681437	LTR/ERVL-MaLR	1665	+	188	75681249	12772
chr11	5134186	5334186	harbor1	chr11	5189162	5189564	LTR/ERVL-MaLR	2124	+	201	5189363	55177
chr11	5134186	5334186	harbor1	chr11	5189565	5190876	LTR/ERVL-MaLR	10022	+	656	5190221	56035
chr11	5134186	5334186	harbor1	chr11	5191240	5191557	LTR/ERVL-MaLR	10022	+	158	5191398	57212
chr11	5134186	5334186	harbor1	chr11	5191559	5191966	LTR/ERVL-MaLR	2382	+	204	5191763	57577
chr11	4514263	4714263	harbor1	chr11	4525378	4525729	LTR/ERVL-MaLR	2501	+	176	4525554	11291
chr11	4514263	4714263	harbor1	chr11	4528066	4528424	LTR/ERVL-MaLR	2131	+	179	4528245	13982
chr11	4514263	4714263	harbor1	chr11	4573042	4573193	LTR/ERVL-MaLR	586	+	76	4573118	58855
chr11	73042808	73242808	harbor1	chr11	73043599	73044065	LTR/ERVL-MaLR	1159	+	233	73043832	1024
chr11	73042808	73242808	harbor1	chr11	73102537	73102881	LTR/ERVL-MaLR	1622	+	172	73102709	59901
chr11	5126808	5326808	harbor1	chr11	5189162	5189564	LTR/ERVL-MaLR	2124	+	201	5189363	62555
chr11	5126808	5326808	harbor1	chr11	5189565	5190876	LTR/ERVL-MaLR	10022	+	656	5190221	63413
chr11	5126808	5326808	harbor1	chr11	5191240	5191557	LTR/ERVL-MaLR	10022	+	158	5191398	64590
chr11	5126808	5326808	harbor1	chr11	5191559	5191966	LTR/ERVL-MaLR	2382	+	204	5191763	64955
chr11	69539219	69739219	harbor1	chr11	69543422	69543834	LTR/ERVL-MaLR	1729	+	206	69543628	4409
chr11	69539219	69739219	harbor1	chr11	69545601	69546024	LTR/ERVL-MaLR	1293	+	212	69545813	6594
chr11	69539219	69739219	harbor1	chr11	69564264	69564703	LTR/ERVL-MaLR	1214	+	220	69564484	25265
chr11	69539219	69739219	harbor1	chr11	69579097	69579507	LTR/ERVL-MaLR	1084	+	205	69579302	40083
chr11	69539219	69739219	harbor1	chr11	69581054	69581449	LTR/ERVL-MaLR	1112	+	198	69581252	42033
chr11	69539219	69739219	harbor1	chr11	69591077	69591148	LTR/ERVL-MaLR	412	+	36	69591113	51894
chr11	69539219	69739219	harbor1	chr11	69591418	69591791	LTR/ERVL-MaLR	1530	+	186	69591604	52385
chr11	69539219	69739219	harbor1	chr11	69592087	69592373	LTR/ERVL-MaLR	1263	+	143	69592230	53011
chr11	69539219	69739219	harbor1	chr11	69593970	69594387	LTR/ERVL-MaLR	722	+	208	69594178	54959
chr11	69539219	69739219	harbor1	chr11	69595200	69595543	LTR/ERVL-MaLR	2007	+	172	69595372	56153
chr11	69539219	69739219	harbor1	chr11	69598488	69598761	LTR/ERVL-MaLR	900	+	136	69598624	59405
chr11	69539219	69739219	harbor1	chr11	69602192	69602573	LTR/ERVL-MaLR	1784	+	190	69602382	63163
chr11	66808278	67008278	harbor1	chr11	66824100	66824235	LTR/ERVL-MaLR	846	+	68	66824168	15890
chr11	66808278	67008278	harbor1	chr11	66825164	66825192	LTR/ERVL-MaLR	1229	+	14	66825178	16900
chr11	66808278	67008278	harbor1	chr11	66825507	66825721	LTR/ERVL-MaLR	1229	+	107	66825614	17336
chr11	66808278	67008278	harbor1	chr11	66884644	66884781	LTR/ERVL-MaLR	610	+	68	66884712	76434
chr11	66808278	67008278	harbor1	chr11	66885120	66885206	LTR/ERVL-MaLR	1728	+	43	66885163	76885
chr11	66808278	67008278	harbor1	chr11	66885508	66885883	LTR/ERVL-MaLR	1728	+	188	66885696	77418
chr11	66808278	67008278	harbor1	chr11	66890036	66890372	LTR/ERVL-MaLR	1549	+	168	66890204	81926
chr11	76581035	76781035	harbor1	chr11	76596508	76596942	LTR/ERVL-MaLR	1760	+	217	76596725	15690
chr11	76581035	76781035	harbor1	chr11	76601030	76601131	LTR/ERVL-MaLR	1424	+	50	76601080	20045
chr11	76581035	76781035	harbor1	chr11	76601436	76601695	LTR/ERVL-MaLR	1424	+	130	76601566	20531
chr11	76581035	76781035	harbor1	chr11	76641037	76641400	LTR/ERVL-MaLR	1804	+	182	76641219	60184
chr11	76581035	76781035	harbor1	chr11	76641690	76641752	LTR/ERVL-MaLR	1804	+	31	76641721	60686
chr11	305556	505556	harbor1	chr11	341486	341765	LTR/ERVL-MaLR	2063	+	140	341626	36070
chr11	305556	505556	harbor1	chr11	342065	342136	LTR/ERVL-MaLR	2063	+	36	342101	36545
chr11	305556	505556	harbor1	chr11	368467	368739	LTR/ERVL-MaLR	481	+	136	368603	63047
chr11	32073529	32273529	harbor1	chr11	32079064	32079417	LTR/ERVL-MaLR	2500	+	176	32079240	5711
chr11	32073529	32273529	harbor1	chr11	32081203	32081581	LTR/ERVL-MaLR	539	+	189	32081392	7863
chr11	32073529	32273529	harbor1	chr11	32087580	32087787	LTR/ERVL-MaLR	801	+	104	32087684	14155
chr11	32073529	32273529	harbor1	chr11	32087865	32088001	LTR/ERVL-MaLR	506	+	68	32087933	14404
chr11	32073529	32273529	harbor1	chr11	32109273	32109341	LTR/ERVL-MaLR	1963	+	34	32109307	35778
chr11	32073529	32273529	harbor1	chr11	32109807	32110116	LTR/ERVL-MaLR	1963	+	154	32109961	36432
chr11	32073529	32273529	harbor1	chr11	32120270	32120675	LTR/ERVL-MaLR	2446	+	202	32120472	46943
chr11	32073529	32273529	harbor1	chr11	32125544	32125944	LTR/ERVL-MaLR	1723	+	200	32125744	52215
chr11	32073529	32273529	harbor1	chr11	32132462	32132828	LTR/ERVL-MaLR	2655	+	183	32132645	59116
chr11	32073529	32273529	harbor1	chr11	32138942	32139434	LTR/ERVL-MaLR	1216	+	246	32139188	65659
chr11	32073529	32273529	harbor1	chr11	32142843	32142912	LTR/ERVL-MaLR	504	+	34	32142877	69348
chr11	32073529	32273529	harbor1	chr11	32159049	32159324	LTR/ERVL-MaLR	414	+	138	32159187	85658
chr11	5127131	5327131	harbor1	chr11	5189162	5189564	LTR/ERVL-MaLR	2124	+	201	5189363	62232
chr11	5127131	5327131	harbor1	chr11	5189565	5190876	LTR/ERVL-MaLR	10022	+	656	5190221	63090
chr11	5127131	5327131	harbor1	chr11	5191240	5191557	LTR/ERVL-MaLR	10022	+	158	5191398	64267
chr11	5127131	5327131	harbor1	chr11	5191559	5191966	LTR/ERVL-MaLR	2382	+	204	5191763	64632
chr11	69539220	69739220	harbor1	chr11	69543422	69543834	LTR/ERVL-MaLR	1729	+	206	69543628	4408
chr11	69539220	69739220	harbor1	chr11	69545601	69546024	LTR/ERVL-MaLR	1293	+	212	69545813	6593
chr11	69539220	69739220	harbor1	chr11	69564264	69564703	LTR/ERVL-MaLR	1214	+	220	69564484	25264
chr11	69539220	69739220	harbor1	chr11	69579097	69579507	LTR/ERVL-MaLR	1084	+	205	69579302	40082
chr11	69539220	69739220	harbor1	chr11	69581054	69581449	LTR/ERVL-MaLR	1112	+	198	69581252	42032
chr11	69539220	69739220	harbor1	chr11	69591077	69591148	LTR/ERVL-MaLR	412	+	36	69591113	51893
chr11	69539220	69739220	harbor1	chr11	69591418	69591791	LTR/ERVL-MaLR	1530	+	186	69591604	52384
chr11	69539220	69739220	harbor1	chr11	69592087	69592373	LTR/ERVL-MaLR	1263	+	143	69592230	53010
chr11	69539220	69739220	harbor1	chr11	69593970	69594387	LTR/ERVL-MaLR	722	+	208	69594178	54958
chr11	69539220	69739220	harbor1	chr11	69595200	69595543	LTR/ERVL-MaLR	2007	+	172	69595372	56152
chr11	69539220	69739220	harbor1	chr11	69598488	69598761	LTR/ERVL-MaLR	900	+	136	69598624	59404
chr11	69539220	69739220	harbor1	chr11	69602192	69602573	LTR/ERVL-MaLR	1784	+	190	69602382	63162
chr11	5125969	5325969	harbor1	chr11	5189162	5189564	LTR/ERVL-MaLR	2124	+	201	5189363	63394
chr11	5125969	5325969	harbor1	chr11	5189565	5190876	LTR/ERVL-MaLR	10022	+	656	5190221	64252
chr11	5125969	5325969	harbor1	chr11	5191240	5191557	LTR/ERVL-MaLR	10022	+	158	5191398	65429
chr11	5125969	5325969	harbor1	chr11	5191559	5191966	LTR/ERVL-MaLR	2382	+	204	5191763	65794
chr11	68332185	68532185	harbor1	chr11	68380898	68381338	LTR/ERVL-MaLR	996	+	220	68381118	48933
chr11	682053	882053	harbor1	chr11	732570	732715	LTR/ERVL-MaLR	1005	+	72	732642	50589
chr11	682053	882053	harbor1	chr11	732980	733262	LTR/ERVL-MaLR	1005	+	141	733121	51068
chr11	682053	882053	harbor1	chr11	767613	767848	LTR/ERVL-MaLR	482	+	118	767731	85678
chr11	682053	882053	harbor1	chr11	768151	768193	LTR/ERVL-MaLR	482	+	21	768172	86119
chr11	1448331	1648331	harbor1	chr11	1477441	1477801	LTR/ERVL-MaLR	583	+	180	1477621	29290
chr11	1448331	1648331	harbor1	chr11	1497293	1497454	LTR/ERVL-MaLR	496	+	80	1497373	49042
chr11	1448331	1648331	harbor1	chr11	1512672	1512790	LTR/ERVL-MaLR	465	+	59	1512731	64400
chr11	1448331	1648331	harbor1	chr11	1512969	1513245	LTR/ERVL-MaLR	619	+	138	1513107	64776
chr11	1448331	1648331	harbor1	chr11	1538165	1538523	LTR/ERVL-MaLR	504	+	179	1538344	90013
chr11	1448331	1648331	harbor1	chr11	1540607	1540693	LTR/ERVL-MaLR	765	+	43	1540650	92319
chr11	1448331	1648331	harbor1	chr11	1540986	1541205	LTR/ERVL-MaLR	765	+	110	1541096	92765
chr11	1448331	1648331	harbor1	chr11	1545362	1545501	LTR/ERVL-MaLR	744	+	70	1545432	97101
chr11	2062911	2262911	harbor1	chr11	2087160	2087567	LTR/ERVL-MaLR	2660	+	204	2087364	24453
chr11	2062911	2262911	harbor1	chr11	2089287	2089620	LTR/ERVL-MaLR	439	+	166	2089453	26542
chr11	3125267	3325267	harbor1	chr11	3150949	3151340	LTR/ERVL-MaLR	904	+	196	3151145	25878
chr11	3125267	3325267	harbor1	chr11	3154699	3154801	LTR/ERVL-MaLR	1501	+	51	3154750	29483
chr11	3125267	3325267	harbor1	chr11	3154927	3155168	LTR/ERVL-MaLR	1501	+	120	3155047	29780
chr11	3125267	3325267	harbor1	chr11	3191913	3192313	LTR/ERVL-MaLR	2477	+	200	3192113	66846
chr11	3125267	3325267	harbor1	chr11	3195937	3196090	LTR/ERVL-MaLR	496	+	76	3196013	70746
chr11	3125267	3325267	harbor1	chr11	3222755	3223177	LTR/ERVL-MaLR	714	+	211	3222966	97699
chr11	47075637	47275637	harbor1	chr11	47091617	47092030	LTR/ERVL-MaLR	1510	+	206	47091823	16186
chr11	5126984	5326984	harbor1	chr11	5189162	5189564	LTR/ERVL-MaLR	2124	+	201	5189363	62379
chr11	5126984	5326984	harbor1	chr11	5189565	5190876	LTR/ERVL-MaLR	10022	+	656	5190221	63237
chr11	5126984	5326984	harbor1	chr11	5191240	5191557	LTR/ERVL-MaLR	10022	+	158	5191398	64414
chr11	5126984	5326984	harbor1	chr11	5191559	5191966	LTR/ERVL-MaLR	2382	+	204	5191763	64779
chr11	69498462	69698462	harbor1	chr11	69515125	69515313	LTR/ERVL-MaLR	1088	+	94	69515219	16757
chr11	69498462	69698462	harbor1	chr11	69515649	69515902	LTR/ERVL-MaLR	1360	+	126	69515775	17313
chr11	69498462	69698462	harbor1	chr11	69516307	69516496	LTR/ERVL-MaLR	1226	+	94	69516401	17939
chr11	69498462	69698462	harbor1	chr11	69518287	69518681	LTR/ERVL-MaLR	2507	+	197	69518484	20022
chr11	69498462	69698462	harbor1	chr11	69529300	69529603	LTR/ERVL-MaLR	769	+	152	69529452	30990
chr11	69498462	69698462	harbor1	chr11	69536299	69536598	LTR/ERVL-MaLR	971	+	150	69536449	37987
chr11	69498462	69698462	harbor1	chr11	69543422	69543834	LTR/ERVL-MaLR	1729	+	206	69543628	45166
chr11	69498462	69698462	harbor1	chr11	69545601	69546024	LTR/ERVL-MaLR	1293	+	212	69545813	47351
chr11	69498462	69698462	harbor1	chr11	69564264	69564703	LTR/ERVL-MaLR	1214	+	220	69564484	66022
chr11	69498462	69698462	harbor1	chr11	69579097	69579507	LTR/ERVL-MaLR	1084	+	205	69579302	80840
chr11	69498462	69698462	harbor1	chr11	69581054	69581449	LTR/ERVL-MaLR	1112	+	198	69581252	82790
chr11	69498462	69698462	harbor1	chr11	69591077	69591148	LTR/ERVL-MaLR	412	+	36	69591113	92651
chr11	69498462	69698462	harbor1	chr11	69591418	69591791	LTR/ERVL-MaLR	1530	+	186	69591604	93142
chr11	69498462	69698462	harbor1	chr11	69592087	69592373	LTR/ERVL-MaLR	1263	+	143	69592230	93768
chr11	69498462	69698462	harbor1	chr11	69593970	69594387	LTR/ERVL-MaLR	722	+	208	69594178	95716
chr11	69498462	69698462	harbor1	chr11	69595200	69595543	LTR/ERVL-MaLR	2007	+	172	69595372	96910
chr11	5127187	5327187	harbor1	chr11	5189162	5189564	LTR/ERVL-MaLR	2124	+	201	5189363	62176
chr11	5127187	5327187	harbor1	chr11	5189565	5190876	LTR/ERVL-MaLR	10022	+	656	5190221	63034
chr11	5127187	5327187	harbor1	chr11	5191240	5191557	LTR/ERVL-MaLR	10022	+	158	5191398	64211
chr11	5127187	5327187	harbor1	chr11	5191559	5191966	LTR/ERVL-MaLR	2382	+	204	5191763	64576
chr11	65969885	66169885	harbor1	chr11	66037265	66037632	LTR/ERVL-MaLR	2382	+	184	66037449	67564
chr11	65969885	66169885	harbor1	chr11	66037928	66037999	LTR/ERVL-MaLR	2382	+	36	66037964	68079
chr11	65969885	66169885	harbor1	chr11	66039894	66040284	LTR/ERVL-MaLR	1992	+	195	66040089	70204
chr11	65969885	66169885	harbor1	chr11	66043812	66044365	LTR/ERVL-MaLR	1778	+	276	66044088	74203
chr11	69575154	69775154	harbor1	chr11	69579097	69579507	LTR/ERVL-MaLR	1084	+	205	69579302	4148
chr11	69575154	69775154	harbor1	chr11	69581054	69581449	LTR/ERVL-MaLR	1112	+	198	69581252	6098
chr11	69575154	69775154	harbor1	chr11	69591077	69591148	LTR/ERVL-MaLR	412	+	36	69591113	15959
chr11	69575154	69775154	harbor1	chr11	69591418	69591791	LTR/ERVL-MaLR	1530	+	186	69591604	16450
chr11	69575154	69775154	harbor1	chr11	69592087	69592373	LTR/ERVL-MaLR	1263	+	143	69592230	17076
chr11	69575154	69775154	harbor1	chr11	69593970	69594387	LTR/ERVL-MaLR	722	+	208	69594178	19024
chr11	69575154	69775154	harbor1	chr11	69595200	69595543	LTR/ERVL-MaLR	2007	+	172	69595372	20218
chr11	69575154	69775154	harbor1	chr11	69598488	69598761	LTR/ERVL-MaLR	900	+	136	69598624	23470
chr11	69575154	69775154	harbor1	chr11	69602192	69602573	LTR/ERVL-MaLR	1784	+	190	69602382	27228
chr11	69575154	69775154	harbor1	chr11	69663973	69664320	LTR/ERVL-MaLR	1464	+	174	69664147	88993
chr11	69575154	69775154	harbor1	chr11	69671993	69672444	LTR/ERVL-MaLR	1427	+	226	69672219	97065
chr11	31723675	31923675	harbor1	chr11	31777527	31777684	LTR/ERVL-MaLR	587	+	78	31777605	53930
chr11	33157309	33357309	harbor1	chr11	33178522	33178888	LTR/ERVL-MaLR	2824	+	183	33178705	21396
chr11	77964208	78164208	harbor1	chr11	77967221	77967498	LTR/ERVL-MaLR	876	+	138	77967359	3151
chr11	77964208	78164208	harbor1	chr11	77999011	77999500	LTR/ERVL-MaLR	1358	+	244	77999255	35047
chr11	77964208	78164208	harbor1	chr11	78015024	78015364	LTR/ERVL-MaLR	2428	+	170	78015194	50986
chr11	77964208	78164208	harbor1	chr11	78034932	78035155	LTR/ERVL-MaLR	589	+	112	78035044	70836
chr11	77964208	78164208	harbor1	chr11	78048545	78049010	LTR/ERVL-MaLR	1946	+	232	78048777	84569
chr11	6512394	6712394	harbor1	chr11	6565209	6565380	LTR/ERVL-MaLR	476	+	86	6565295	52901
chr11	64537959	64737959	harbor1	chr11	64585088	64585330	LTR/ERVL-MaLR	483	+	121	64585209	47250
chr11	64537959	64737959	harbor1	chr11	64613559	64613760	LTR/ERVL-MaLR	449	+	100	64613659	75700
chr11	64537959	64737959	harbor1	chr11	64613830	64614368	LTR/ERVL-MaLR	1438	+	269	64614099	76140
chr11	64537959	64737959	harbor1	chr11	64614384	64614992	LTR/ERVL-MaLR	1556	+	304	64614688	76729
chr11	64537959	64737959	harbor1	chr11	64615000	64615402	LTR/ERVL-MaLR	823	+	201	64615201	77242
chr11	5132879	5332879	harbor1	chr11	5189162	5189564	LTR/ERVL-MaLR	2124	+	201	5189363	56484
chr11	5132879	5332879	harbor1	chr11	5189565	5190876	LTR/ERVL-MaLR	10022	+	656	5190221	57342
chr11	5132879	5332879	harbor1	chr11	5191240	5191557	LTR/ERVL-MaLR	10022	+	158	5191398	58519
chr11	5132879	5332879	harbor1	chr11	5191559	5191966	LTR/ERVL-MaLR	2382	+	204	5191763	58884
chr11	1289639	1489639	harbor1	chr11	1308134	1308527	LTR/ERVL-MaLR	2149	+	196	1308330	18691
chr11	1289639	1489639	harbor1	chr11	1311733	1311972	LTR/ERVL-MaLR	708	+	120	1311853	22214
chr11	1289639	1489639	harbor1	chr11	1311949	1312216	LTR/ERVL-MaLR	935	+	134	1312083	22444
chr11	1289639	1489639	harbor1	chr11	1338406	1338748	LTR/ERVL-MaLR	1832	+	171	1338577	48938
chr11	1289639	1489639	harbor1	chr11	1353797	1354103	LTR/ERVL-MaLR	655	+	153	1353950	64311
chr11	1289639	1489639	harbor1	chr11	1362983	1363333	LTR/ERVL-MaLR	1710	+	175	1363158	73519
chr11	1289639	1489639	harbor1	chr11	1374396	1374784	LTR/ERVL-MaLR	1901	+	194	1374590	84951
chr11	1289639	1489639	harbor1	chr11	1377063	1377445	LTR/ERVL-MaLR	2206	+	191	1377254	87615
chr11	6201311	6401311	harbor1	chr11	6220022	6220497	LTR/ERVL-MaLR	927	+	238	6220260	18949
chr11	6201311	6401311	harbor1	chr11	6283373	6283625	LTR/ERVL-MaLR	518	+	126	6283499	82188
chr11	6201311	6401311	harbor1	chr11	6293441	6293796	LTR/ERVL-MaLR	1635	+	178	6293619	92308
chr11	68880548	69080548	harbor1	chr11	68900906	68901397	LTR/ERVL-MaLR	1407	+	246	68901152	20604
chr11	68880548	69080548	harbor1	chr11	68941410	68941621	LTR/ERVL-MaLR	670	+	106	68941516	60968
chr11	68880548	69080548	harbor1	chr11	68947121	68947390	LTR/ERVL-MaLR	692	+	134	68947255	66707
chr11	68880548	69080548	harbor1	chr11	68953845	68953978	LTR/ERVL-MaLR	1825	+	66	68953911	73363
chr11	68880548	69080548	harbor1	chr11	68954265	68954470	LTR/ERVL-MaLR	1825	+	102	68954367	73819
chr11	68880548	69080548	harbor1	chr11	68954783	68954945	LTR/ERVL-MaLR	1825	+	81	68954864	74316
chr11	68880548	69080548	harbor1	chr11	68961944	68962263	LTR/ERVL-MaLR	956	+	160	68962104	81556
chr11	68880548	69080548	harbor1	chr11	68962564	68962626	LTR/ERVL-MaLR	956	+	31	68962595	82047
chr11	68880548	69080548	harbor1	chr11	68962828	68963182	LTR/ERVL-MaLR	2162	+	177	68963005	82457
chr11	68880548	69080548	harbor1	chr11	68963502	68963544	LTR/ERVL-MaLR	2162	+	21	68963523	82975
chr11	68880548	69080548	harbor1	chr11	68963642	68964031	LTR/ERVL-MaLR	577	+	194	68963836	83288
chr11	68880548	69080548	harbor1	chr11	68964753	68965097	LTR/ERVL-MaLR	2056	+	172	68964925	84377
chr11	68880548	69080548	harbor1	chr11	68966711	68967218	LTR/ERVL-MaLR	1209	+	254	68966965	86417
chr11	68880548	69080548	harbor1	chr11	68974806	68974982	LTR/ERVL-MaLR	901	+	88	68974894	94346
chr11	68880548	69080548	harbor1	chr11	68976089	68976223	LTR/ERVL-MaLR	901	+	67	68976156	95608
chr11	5126814	5326814	harbor1	chr11	5189162	5189564	LTR/ERVL-MaLR	2124	+	201	5189363	62549
chr11	5126814	5326814	harbor1	chr11	5189565	5190876	LTR/ERVL-MaLR	10022	+	656	5190221	63407
chr11	5126814	5326814	harbor1	chr11	5191240	5191557	LTR/ERVL-MaLR	10022	+	158	5191398	64584
chr11	5126814	5326814	harbor1	chr11	5191559	5191966	LTR/ERVL-MaLR	2382	+	204	5191763	64949
chr11	2705362	2905362	harbor1	chr11	2706092	2706585	LTR/ERVL-MaLR	2167	+	246	2706338	976
chr11	5132579	5332579	harbor1	chr11	5189162	5189564	LTR/ERVL-MaLR	2124	+	201	5189363	56784
chr11	5132579	5332579	harbor1	chr11	5189565	5190876	LTR/ERVL-MaLR	10022	+	656	5190221	57642
chr11	5132579	5332579	harbor1	chr11	5191240	5191557	LTR/ERVL-MaLR	10022	+	158	5191398	58819
chr11	5132579	5332579	harbor1	chr11	5191559	5191966	LTR/ERVL-MaLR	2382	+	204	5191763	59184
chr11	5022316	5222316	harbor1	chr11	5066179	5066467	LTR/ERVL-MaLR	674	+	144	5066323	44007
chr11	5022316	5222316	harbor1	chr11	5099106	5099479	LTR/ERVL-MaLR	2325	+	186	5099292	76976
chr11	9360652	9560652	harbor1	chr11	9372068	9372414	LTR/ERVL-MaLR	2027	+	173	9372241	11589
chr11	3984543	4184543	harbor1	chr11	4006022	4006401	LTR/ERVL-MaLR	2590	+	190	4006212	21669
chr11	3984543	4184543	harbor1	chr11	4006714	4006751	LTR/ERVL-MaLR	2590	+	18	4006732	22189
chr11	5127120	5327120	harbor1	chr11	5189162	5189564	LTR/ERVL-MaLR	2124	+	201	5189363	62243
chr11	5127120	5327120	harbor1	chr11	5189565	5190876	LTR/ERVL-MaLR	10022	+	656	5190221	63101
chr11	5127120	5327120	harbor1	chr11	5191240	5191557	LTR/ERVL-MaLR	10022	+	158	5191398	64278
chr11	5127120	5327120	harbor1	chr11	5191559	5191966	LTR/ERVL-MaLR	2382	+	204	5191763	64643
chr11	76580334	76780334	harbor1	chr11	76580211	76580391	LTR/ERVL-MaLR	892	+	90	76580301	33
chr11	76580334	76780334	harbor1	chr11	76596508	76596942	LTR/ERVL-MaLR	1760	+	217	76596725	16391
chr11	76580334	76780334	harbor1	chr11	76601030	76601131	LTR/ERVL-MaLR	1424	+	50	76601080	20746
chr11	76580334	76780334	harbor1	chr11	76601436	76601695	LTR/ERVL-MaLR	1424	+	130	76601566	21232
chr11	76580334	76780334	harbor1	chr11	76641037	76641400	LTR/ERVL-MaLR	1804	+	182	76641219	60885
chr11	76580334	76780334	harbor1	chr11	76641690	76641752	LTR/ERVL-MaLR	1804	+	31	76641721	61387
chr11	64538041	64738041	harbor1	chr11	64585088	64585330	LTR/ERVL-MaLR	483	+	121	64585209	47168
chr11	64538041	64738041	harbor1	chr11	64613559	64613760	LTR/ERVL-MaLR	449	+	100	64613659	75618
chr11	64538041	64738041	harbor1	chr11	64613830	64614368	LTR/ERVL-MaLR	1438	+	269	64614099	76058
chr11	64538041	64738041	harbor1	chr11	64614384	64614992	LTR/ERVL-MaLR	1556	+	304	64614688	76647
chr11	64538041	64738041	harbor1	chr11	64615000	64615402	LTR/ERVL-MaLR	823	+	201	64615201	77160
chr11	69539244	69739244	harbor1	chr11	69543422	69543834	LTR/ERVL-MaLR	1729	+	206	69543628	4384
chr11	69539244	69739244	harbor1	chr11	69545601	69546024	LTR/ERVL-MaLR	1293	+	212	69545813	6569
chr11	69539244	69739244	harbor1	chr11	69564264	69564703	LTR/ERVL-MaLR	1214	+	220	69564484	25240
chr11	69539244	69739244	harbor1	chr11	69579097	69579507	LTR/ERVL-MaLR	1084	+	205	69579302	40058
chr11	69539244	69739244	harbor1	chr11	69581054	69581449	LTR/ERVL-MaLR	1112	+	198	69581252	42008
chr11	69539244	69739244	harbor1	chr11	69591077	69591148	LTR/ERVL-MaLR	412	+	36	69591113	51869
chr11	69539244	69739244	harbor1	chr11	69591418	69591791	LTR/ERVL-MaLR	1530	+	186	69591604	52360
chr11	69539244	69739244	harbor1	chr11	69592087	69592373	LTR/ERVL-MaLR	1263	+	143	69592230	52986
chr11	69539244	69739244	harbor1	chr11	69593970	69594387	LTR/ERVL-MaLR	722	+	208	69594178	54934
chr11	69539244	69739244	harbor1	chr11	69595200	69595543	LTR/ERVL-MaLR	2007	+	172	69595372	56128
chr11	69539244	69739244	harbor1	chr11	69598488	69598761	LTR/ERVL-MaLR	900	+	136	69598624	59380
chr11	69539244	69739244	harbor1	chr11	69602192	69602573	LTR/ERVL-MaLR	1784	+	190	69602382	63138
chr11	68332140	68532140	harbor1	chr11	68380898	68381338	LTR/ERVL-MaLR	996	+	220	68381118	48978
chr11	3116372	3316372	harbor1	chr11	3121715	3121948	LTR/ERVL-MaLR	554	+	116	3121831	5459
chr11	3116372	3316372	harbor1	chr11	3150949	3151340	LTR/ERVL-MaLR	904	+	196	3151145	34773
chr11	3116372	3316372	harbor1	chr11	3154699	3154801	LTR/ERVL-MaLR	1501	+	51	3154750	38378
chr11	3116372	3316372	harbor1	chr11	3154927	3155168	LTR/ERVL-MaLR	1501	+	120	3155047	38675
chr11	3116372	3316372	harbor1	chr11	3191913	3192313	LTR/ERVL-MaLR	2477	+	200	3192113	75741
chr11	3116372	3316372	harbor1	chr11	3195937	3196090	LTR/ERVL-MaLR	496	+	76	3196013	79641
chr11	7933373	8133373	harbor1	chr11	7935631	7936023	LTR/ERVL-MaLR	1969	+	196	7935827	2454
chr11	7933373	8133373	harbor1	chr11	7961806	7962218	LTR/ERVL-MaLR	2380	+	206	7962012	28639
chr11	122556267	122756267	harbor1	chr11	122583701	122584051	LTR/ERVL-MaLR	2326	+	175	122583876	27609
chr11	122556267	122756267	harbor1	chr11	122594480	122594635	LTR/ERVL-MaLR	1669	+	78	122594558	38291
chr11	122556267	122756267	harbor1	chr11	122594939	122595141	LTR/ERVL-MaLR	1669	+	101	122595040	38773
chr11	122556267	122756267	harbor1	chr11	122648289	122648370	LTR/ERVL-MaLR	1215	+	40	122648329	92062
chr11	122556267	122756267	harbor1	chr11	122648679	122648848	LTR/ERVL-MaLR	1215	+	84	122648763	92496
chr11	122556267	122756267	harbor1	chr11	122649138	122649398	LTR/ERVL-MaLR	1215	+	130	122649268	93001
chr11	76580627	76780627	harbor1	chr11	76596508	76596942	LTR/ERVL-MaLR	1760	+	217	76596725	16098
chr11	76580627	76780627	harbor1	chr11	76601030	76601131	LTR/ERVL-MaLR	1424	+	50	76601080	20453
chr11	76580627	76780627	harbor1	chr11	76601436	76601695	LTR/ERVL-MaLR	1424	+	130	76601566	20939
chr11	76580627	76780627	harbor1	chr11	76641037	76641400	LTR/ERVL-MaLR	1804	+	182	76641219	60592
chr11	76580627	76780627	harbor1	chr11	76641690	76641752	LTR/ERVL-MaLR	1804	+	31	76641721	61094
chr11	5127220	5327220	harbor1	chr11	5189162	5189564	LTR/ERVL-MaLR	2124	+	201	5189363	62143
chr11	5127220	5327220	harbor1	chr11	5189565	5190876	LTR/ERVL-MaLR	10022	+	656	5190221	63001
chr11	5127220	5327220	harbor1	chr11	5191240	5191557	LTR/ERVL-MaLR	10022	+	158	5191398	64178
chr11	5127220	5327220	harbor1	chr11	5191559	5191966	LTR/ERVL-MaLR	2382	+	204	5191763	64543
chr11	5127275	5327275	harbor1	chr11	5189162	5189564	LTR/ERVL-MaLR	2124	+	201	5189363	62088
chr11	5127275	5327275	harbor1	chr11	5189565	5190876	LTR/ERVL-MaLR	10022	+	656	5190221	62946
chr11	5127275	5327275	harbor1	chr11	5191240	5191557	LTR/ERVL-MaLR	10022	+	158	5191398	64123
chr11	5127275	5327275	harbor1	chr11	5191559	5191966	LTR/ERVL-MaLR	2382	+	204	5191763	64488
chr11	76575076	76775076	harbor1	chr11	76580211	76580391	LTR/ERVL-MaLR	892	+	90	76580301	5225
chr11	76575076	76775076	harbor1	chr11	76596508	76596942	LTR/ERVL-MaLR	1760	+	217	76596725	21649
chr11	76575076	76775076	harbor1	chr11	76601030	76601131	LTR/ERVL-MaLR	1424	+	50	76601080	26004
chr11	76575076	76775076	harbor1	chr11	76601436	76601695	LTR/ERVL-MaLR	1424	+	130	76601566	26490
chr11	76575076	76775076	harbor1	chr11	76641037	76641400	LTR/ERVL-MaLR	1804	+	182	76641219	66143
chr11	76575076	76775076	harbor1	chr11	76641690	76641752	LTR/ERVL-MaLR	1804	+	31	76641721	66645
chr11	7520537	7720537	harbor1	chr11	7530361	7530728	LTR/ERVL-MaLR	2181	+	184	7530545	10008
chr11	5127188	5327188	harbor1	chr11	5189162	5189564	LTR/ERVL-MaLR	2124	+	201	5189363	62175
chr11	5127188	5327188	harbor1	chr11	5189565	5190876	LTR/ERVL-MaLR	10022	+	656	5190221	63033
chr11	5127188	5327188	harbor1	chr11	5191240	5191557	LTR/ERVL-MaLR	10022	+	158	5191398	64210
chr11	5127188	5327188	harbor1	chr11	5191559	5191966	LTR/ERVL-MaLR	2382	+	204	5191763	64575
chr11	76580968	76780968	harbor1	chr11	76596508	76596942	LTR/ERVL-MaLR	1760	+	217	76596725	15757
chr11	76580968	76780968	harbor1	chr11	76601030	76601131	LTR/ERVL-MaLR	1424	+	50	76601080	20112
chr11	76580968	76780968	harbor1	chr11	76601436	76601695	LTR/ERVL-MaLR	1424	+	130	76601566	20598
chr11	76580968	76780968	harbor1	chr11	76641037	76641400	LTR/ERVL-MaLR	1804	+	182	76641219	60251
chr11	76580968	76780968	harbor1	chr11	76641690	76641752	LTR/ERVL-MaLR	1804	+	31	76641721	60753
chr11	31723667	31923667	harbor1	chr11	31777527	31777684	LTR/ERVL-MaLR	587	+	78	31777605	53938
chr11	16505283	16705283	harbor1	chr11	16505029	16506610	LTR/ERVL-MaLR	10588	+	790	16505819	536
chr11	16505283	16705283	harbor1	chr11	16506613	16506782	LTR/ERVL-MaLR	1711	+	84	16506697	1414
chr11	16505283	16705283	harbor1	chr11	16507069	16507324	LTR/ERVL-MaLR	1711	+	128	16507197	1914
chr11	16505283	16705283	harbor1	chr11	16527577	16527888	LTR/ERVL-MaLR	466	+	156	16527733	22450
chr11	5127127	5327127	harbor1	chr11	5189162	5189564	LTR/ERVL-MaLR	2124	+	201	5189363	62236
chr11	5127127	5327127	harbor1	chr11	5189565	5190876	LTR/ERVL-MaLR	10022	+	656	5190221	63094
chr11	5127127	5327127	harbor1	chr11	5191240	5191557	LTR/ERVL-MaLR	10022	+	158	5191398	64271
chr11	5127127	5327127	harbor1	chr11	5191559	5191966	LTR/ERVL-MaLR	2382	+	204	5191763	64636
chr11	3160998	3360998	harbor1	chr11	3191913	3192313	LTR/ERVL-MaLR	2477	+	200	3192113	31115
chr11	3160998	3360998	harbor1	chr11	3195937	3196090	LTR/ERVL-MaLR	496	+	76	3196013	35015
chr11	3160998	3360998	harbor1	chr11	3222755	3223177	LTR/ERVL-MaLR	714	+	211	3222966	61968
chr11	2054535	2254535	harbor1	chr11	2087160	2087567	LTR/ERVL-MaLR	2660	+	204	2087364	32829
chr11	2054535	2254535	harbor1	chr11	2089287	2089620	LTR/ERVL-MaLR	439	+	166	2089453	34918
chr11	64537966	64737966	harbor1	chr11	64585088	64585330	LTR/ERVL-MaLR	483	+	121	64585209	47243
chr11	64537966	64737966	harbor1	chr11	64613559	64613760	LTR/ERVL-MaLR	449	+	100	64613659	75693
chr11	64537966	64737966	harbor1	chr11	64613830	64614368	LTR/ERVL-MaLR	1438	+	269	64614099	76133
chr11	64537966	64737966	harbor1	chr11	64614384	64614992	LTR/ERVL-MaLR	1556	+	304	64614688	76722
chr11	64537966	64737966	harbor1	chr11	64615000	64615402	LTR/ERVL-MaLR	823	+	201	64615201	77235
chr11	66158664	66358664	harbor1	chr11	66161990	66162112	LTR/ERVL-MaLR	952	+	61	66162051	3387
chr11	66158664	66358664	harbor1	chr11	66162422	66162722	LTR/ERVL-MaLR	952	+	150	66162572	3908
chr11	66158664	66358664	harbor1	chr11	66172243	66172701	LTR/ERVL-MaLR	1929	+	229	66172472	13808
chr11	67172339	67372339	harbor1	chr11	67185327	67185350	LTR/ERVL-MaLR	1352	+	12	67185339	13000
chr11	67172339	67372339	harbor1	chr11	67185653	67185987	LTR/ERVL-MaLR	1352	+	167	67185820	13481
chr11	67172318	67372318	harbor1	chr11	67185327	67185350	LTR/ERVL-MaLR	1352	+	12	67185339	13021
chr11	67172318	67372318	harbor1	chr11	67185653	67185987	LTR/ERVL-MaLR	1352	+	167	67185820	13502
chr11	64348428	64548428	harbor1	chr11	64387976	64388356	LTR/ERVL-MaLR	1337	+	190	64388166	39738
chr11	64348428	64548428	harbor1	chr11	64398526	64398894	LTR/ERVL-MaLR	1649	+	184	64398710	50282
chr11	64348428	64548428	harbor1	chr11	64402763	64403165	LTR/ERVL-MaLR	1638	+	201	64402964	54536
chr11	64348428	64548428	harbor1	chr11	64432105	64432688	LTR/ERVL-MaLR	572	+	292	64432397	83969
chr11	64348428	64548428	harbor1	chr11	64444925	64445284	LTR/ERVL-MaLR	528	+	180	64445105	96677
chr11	64348428	64548428	harbor1	chr11	64445596	64445759	LTR/ERVL-MaLR	422	+	82	64445678	97250
chr11	64348428	64548428	harbor1	chr11	64445795	64445966	LTR/ERVL-MaLR	634	+	86	64445881	97453
chr11	1472008	1672008	harbor1	chr11	1477441	1477801	LTR/ERVL-MaLR	583	+	180	1477621	5613
chr11	1472008	1672008	harbor1	chr11	1497293	1497454	LTR/ERVL-MaLR	496	+	80	1497373	25365
chr11	1472008	1672008	harbor1	chr11	1512672	1512790	LTR/ERVL-MaLR	465	+	59	1512731	40723
chr11	1472008	1672008	harbor1	chr11	1512969	1513245	LTR/ERVL-MaLR	619	+	138	1513107	41099
chr11	1472008	1672008	harbor1	chr11	1538165	1538523	LTR/ERVL-MaLR	504	+	179	1538344	66336
chr11	1472008	1672008	harbor1	chr11	1540607	1540693	LTR/ERVL-MaLR	765	+	43	1540650	68642
chr11	1472008	1672008	harbor1	chr11	1540986	1541205	LTR/ERVL-MaLR	765	+	110	1541096	69088
chr11	1472008	1672008	harbor1	chr11	1545362	1545501	LTR/ERVL-MaLR	744	+	70	1545432	73424
chr11	69112726	69312726	harbor1	chr11	69118757	69118792	LTR/ERVL-MaLR	1133	+	18	69118775	6049
chr11	69112726	69312726	harbor1	chr11	69119268	69119545	LTR/ERVL-MaLR	1133	+	138	69119406	6680
chr11	69112726	69312726	harbor1	chr11	69129632	69130035	LTR/ERVL-MaLR	1489	+	202	69129834	17108
chr11	69112726	69312726	harbor1	chr11	69136010	69136363	LTR/ERVL-MaLR	2370	+	176	69136186	23460
chr11	69112726	69312726	harbor1	chr11	69141729	69142100	LTR/ERVL-MaLR	2445	+	186	69141915	29189
chr11	69112726	69312726	harbor1	chr11	69143057	69143186	LTR/ERVL-MaLR	414	+	64	69143121	30395
chr11	69112726	69312726	harbor1	chr11	69161761	69162091	LTR/ERVL-MaLR	1618	+	165	69161926	49200
chr11	69112726	69312726	harbor1	chr11	69187474	69188014	LTR/ERVL-MaLR	1517	+	270	69187744	75018
chr11	69112726	69312726	harbor1	chr11	69188390	69188882	LTR/ERVL-MaLR	1905	+	246	69188636	75910
chr11	69539269	69739269	harbor1	chr11	69543422	69543834	LTR/ERVL-MaLR	1729	+	206	69543628	4359
chr11	69539269	69739269	harbor1	chr11	69545601	69546024	LTR/ERVL-MaLR	1293	+	212	69545813	6544
chr11	69539269	69739269	harbor1	chr11	69564264	69564703	LTR/ERVL-MaLR	1214	+	220	69564484	25215
chr11	69539269	69739269	harbor1	chr11	69579097	69579507	LTR/ERVL-MaLR	1084	+	205	69579302	40033
chr11	69539269	69739269	harbor1	chr11	69581054	69581449	LTR/ERVL-MaLR	1112	+	198	69581252	41983
chr11	69539269	69739269	harbor1	chr11	69591077	69591148	LTR/ERVL-MaLR	412	+	36	69591113	51844
chr11	69539269	69739269	harbor1	chr11	69591418	69591791	LTR/ERVL-MaLR	1530	+	186	69591604	52335
chr11	69539269	69739269	harbor1	chr11	69592087	69592373	LTR/ERVL-MaLR	1263	+	143	69592230	52961
chr11	69539269	69739269	harbor1	chr11	69593970	69594387	LTR/ERVL-MaLR	722	+	208	69594178	54909
chr11	69539269	69739269	harbor1	chr11	69595200	69595543	LTR/ERVL-MaLR	2007	+	172	69595372	56103
chr11	69539269	69739269	harbor1	chr11	69598488	69598761	LTR/ERVL-MaLR	900	+	136	69598624	59355
chr11	69539269	69739269	harbor1	chr11	69602192	69602573	LTR/ERVL-MaLR	1784	+	190	69602382	63113
chr11	47452991	47652991	harbor1	chr11	47494571	47494797	LTR/ERVL-MaLR	405	+	113	47494684	41693
chr11	5127170	5327170	harbor1	chr11	5189162	5189564	LTR/ERVL-MaLR	2124	+	201	5189363	62193
chr11	5127170	5327170	harbor1	chr11	5189565	5190876	LTR/ERVL-MaLR	10022	+	656	5190221	63051
chr11	5127170	5327170	harbor1	chr11	5191240	5191557	LTR/ERVL-MaLR	10022	+	158	5191398	64228
chr11	5127170	5327170	harbor1	chr11	5191559	5191966	LTR/ERVL-MaLR	2382	+	204	5191763	64593
chr11	5127159	5327159	harbor1	chr11	5189162	5189564	LTR/ERVL-MaLR	2124	+	201	5189363	62204
chr11	5127159	5327159	harbor1	chr11	5189565	5190876	LTR/ERVL-MaLR	10022	+	656	5190221	63062
chr11	5127159	5327159	harbor1	chr11	5191240	5191557	LTR/ERVL-MaLR	10022	+	158	5191398	64239
chr11	5127159	5327159	harbor1	chr11	5191559	5191966	LTR/ERVL-MaLR	2382	+	204	5191763	64604
chr11	46818647	47018647	harbor1	chr11	46829915	46830159	LTR/ERVL-MaLR	1751	+	122	46830037	11390
chr11	46818647	47018647	harbor1	chr11	46830465	46830715	LTR/ERVL-MaLR	1751	+	125	46830590	11943
chr11	46818647	47018647	harbor1	chr11	46862824	46863368	LTR/ERVL-MaLR	2893	+	272	46863096	44449
chr11	9513814	9713814	harbor1	chr11	9538774	9538837	LTR/ERVL-MaLR	408	+	32	9538806	24992
chr11	9513814	9713814	harbor1	chr11	9597065	9597238	LTR/ERVL-MaLR	442	+	86	9597151	83337
chr11	19613809	19813809	harbor1	chr11	19650057	19650534	LTR/ERVL-MaLR	1749	+	238	19650295	36486
chr11	5125968	5325968	harbor1	chr11	5189162	5189564	LTR/ERVL-MaLR	2124	+	201	5189363	63395
chr11	5125968	5325968	harbor1	chr11	5189565	5190876	LTR/ERVL-MaLR	10022	+	656	5190221	64253
chr11	5125968	5325968	harbor1	chr11	5191240	5191557	LTR/ERVL-MaLR	10022	+	158	5191398	65430
chr11	5125968	5325968	harbor1	chr11	5191559	5191966	LTR/ERVL-MaLR	2382	+	204	5191763	65795
chr11	680085	880085	harbor1	chr11	732570	732715	LTR/ERVL-MaLR	1005	+	72	732642	52557
chr11	680085	880085	harbor1	chr11	732980	733262	LTR/ERVL-MaLR	1005	+	141	733121	53036
chr11	680085	880085	harbor1	chr11	767613	767848	LTR/ERVL-MaLR	482	+	118	767731	87646
chr11	680085	880085	harbor1	chr11	768151	768193	LTR/ERVL-MaLR	482	+	21	768172	88087
chr11	5127290	5327290	harbor1	chr11	5189162	5189564	LTR/ERVL-MaLR	2124	+	201	5189363	62073
chr11	5127290	5327290	harbor1	chr11	5189565	5190876	LTR/ERVL-MaLR	10022	+	656	5190221	62931
chr11	5127290	5327290	harbor1	chr11	5191240	5191557	LTR/ERVL-MaLR	10022	+	158	5191398	64108
chr11	5127290	5327290	harbor1	chr11	5191559	5191966	LTR/ERVL-MaLR	2382	+	204	5191763	64473
chr11	1289622	1489622	harbor1	chr11	1308134	1308527	LTR/ERVL-MaLR	2149	+	196	1308330	18708
chr11	1289622	1489622	harbor1	chr11	1311733	1311972	LTR/ERVL-MaLR	708	+	120	1311853	22231
chr11	1289622	1489622	harbor1	chr11	1311949	1312216	LTR/ERVL-MaLR	935	+	134	1312083	22461
chr11	1289622	1489622	harbor1	chr11	1338406	1338748	LTR/ERVL-MaLR	1832	+	171	1338577	48955
chr11	1289622	1489622	harbor1	chr11	1353797	1354103	LTR/ERVL-MaLR	655	+	153	1353950	64328
chr11	1289622	1489622	harbor1	chr11	1362983	1363333	LTR/ERVL-MaLR	1710	+	175	1363158	73536
chr11	1289622	1489622	harbor1	chr11	1374396	1374784	LTR/ERVL-MaLR	1901	+	194	1374590	84968
chr11	1289622	1489622	harbor1	chr11	1377063	1377445	LTR/ERVL-MaLR	2206	+	191	1377254	87632
chr11	5126787	5326787	harbor1	chr11	5189162	5189564	LTR/ERVL-MaLR	2124	+	201	5189363	62576
chr11	5126787	5326787	harbor1	chr11	5189565	5190876	LTR/ERVL-MaLR	10022	+	656	5190221	63434
chr11	5126787	5326787	harbor1	chr11	5191240	5191557	LTR/ERVL-MaLR	10022	+	158	5191398	64611
chr11	5126787	5326787	harbor1	chr11	5191559	5191966	LTR/ERVL-MaLR	2382	+	204	5191763	64976
chr11	64538002	64738002	harbor1	chr11	64585088	64585330	LTR/ERVL-MaLR	483	+	121	64585209	47207
chr11	64538002	64738002	harbor1	chr11	64613559	64613760	LTR/ERVL-MaLR	449	+	100	64613659	75657
chr11	64538002	64738002	harbor1	chr11	64613830	64614368	LTR/ERVL-MaLR	1438	+	269	64614099	76097
chr11	64538002	64738002	harbor1	chr11	64614384	64614992	LTR/ERVL-MaLR	1556	+	304	64614688	76686
chr11	64538002	64738002	harbor1	chr11	64615000	64615402	LTR/ERVL-MaLR	823	+	201	64615201	77199
chr11	5134597	5334597	harbor1	chr11	5189162	5189564	LTR/ERVL-MaLR	2124	+	201	5189363	54766
chr11	5134597	5334597	harbor1	chr11	5189565	5190876	LTR/ERVL-MaLR	10022	+	656	5190221	55624
chr11	5134597	5334597	harbor1	chr11	5191240	5191557	LTR/ERVL-MaLR	10022	+	158	5191398	56801
chr11	5134597	5334597	harbor1	chr11	5191559	5191966	LTR/ERVL-MaLR	2382	+	204	5191763	57166
chr11	86572183	86772183	harbor1	chr11	86591279	86591579	LTR/ERVL-MaLR	2135	+	150	86591429	19246
chr11	86572183	86772183	harbor1	chr11	86591929	86592025	LTR/ERVL-MaLR	2135	+	48	86591977	19794
chr11	86572183	86772183	harbor1	chr11	86618558	86618719	LTR/ERVL-MaLR	2409	+	80	86618638	46455
chr11	86572183	86772183	harbor1	chr11	86619009	86619262	LTR/ERVL-MaLR	2409	+	126	86619135	46952
chr11	86572183	86772183	harbor1	chr11	86619426	86619787	LTR/ERVL-MaLR	2289	+	180	86619606	47423
chr11	86572183	86772183	harbor1	chr11	86623868	86624133	LTR/ERVL-MaLR	538	+	132	86624000	51817
chr11	86572183	86772183	harbor1	chr11	86635232	86635458	LTR/ERVL-MaLR	741	+	113	86635345	63162
chr11	86572183	86772183	harbor1	chr11	86635459	86635804	LTR/ERVL-MaLR	1423	+	172	86635631	63448
chr11	86572183	86772183	harbor1	chr11	86666088	86666261	LTR/ERVL-MaLR	706	+	86	86666174	93991
chr11	47085613	47285613	harbor1	chr11	47091617	47092030	LTR/ERVL-MaLR	1510	+	206	47091823	6210
chr12	49266683	49466683	harbor1	chr12	49279706	49280048	LTR/ERVL-MaLR	1563	+	171	49279877	13194
chr12	49266683	49466683	harbor1	chr12	49280083	49280335	LTR/ERVL-MaLR	1563	+	126	49280209	13526
chr12	49266683	49466683	harbor1	chr12	49286171	49286609	LTR/ERVL-MaLR	1464	+	219	49286390	19707
chr12	132647891	132847891	harbor1	chr12	132651556	132651901	LTR/ERVL-MaLR	1311	+	172	132651728	3837
chr12	132647891	132847891	harbor1	chr12	132683107	132683532	LTR/ERVL-MaLR	1344	+	212	132683319	35428
chr12	113085240	113285240	harbor1	chr12	113120733	113121247	LTR/ERVL-MaLR	1817	+	257	113120990	35750
chr12	49267301	49467301	harbor1	chr12	49279706	49280048	LTR/ERVL-MaLR	1563	+	171	49279877	12576
chr12	49267301	49467301	harbor1	chr12	49280083	49280335	LTR/ERVL-MaLR	1563	+	126	49280209	12908
chr12	49267301	49467301	harbor1	chr12	49286171	49286609	LTR/ERVL-MaLR	1464	+	219	49286390	19089
chr12	49267230	49467230	harbor1	chr12	49279706	49280048	LTR/ERVL-MaLR	1563	+	171	49279877	12647
chr12	49267230	49467230	harbor1	chr12	49280083	49280335	LTR/ERVL-MaLR	1563	+	126	49280209	12979
chr12	49267230	49467230	harbor1	chr12	49286171	49286609	LTR/ERVL-MaLR	1464	+	219	49286390	19160
chr12	6863305	7063305	harbor1	chr12	6894316	6894681	LTR/ERVL-MaLR	2131	+	182	6894498	31193
chr12	6863305	7063305	harbor1	chr12	6896753	6897241	LTR/ERVL-MaLR	2606	+	244	6896997	33692
chr12	49267240	49467240	harbor1	chr12	49279706	49280048	LTR/ERVL-MaLR	1563	+	171	49279877	12637
chr12	49267240	49467240	harbor1	chr12	49280083	49280335	LTR/ERVL-MaLR	1563	+	126	49280209	12969
chr12	49267240	49467240	harbor1	chr12	49286171	49286609	LTR/ERVL-MaLR	1464	+	219	49286390	19150
chr12	49267271	49467271	harbor1	chr12	49279706	49280048	LTR/ERVL-MaLR	1563	+	171	49279877	12606
chr12	49267271	49467271	harbor1	chr12	49280083	49280335	LTR/ERVL-MaLR	1563	+	126	49280209	12938
chr12	49267271	49467271	harbor1	chr12	49286171	49286609	LTR/ERVL-MaLR	1464	+	219	49286390	19119
chr12	1	131655	harbor1	chr12	33014	33185	LTR/ERVL-MaLR	1448	+	86	33100	33099
chr12	1	131655	harbor1	chr12	40306	41220	LTR/ERVL-MaLR	3341	+	457	40763	40762
chr12	1	131655	harbor1	chr12	43335	43642	LTR/ERVL-MaLR	624	+	154	43489	43488
chr12	1	131655	harbor1	chr12	43643	43802	LTR/ERVL-MaLR	893	+	80	43723	43722
chr12	1	131655	harbor1	chr12	44100	44469	LTR/ERVL-MaLR	893	+	184	44284	44283
chr12	1	131655	harbor1	chr12	93675	94089	LTR/ERVL-MaLR	2526	+	207	93882	93881
chr12	1	131655	harbor1	chr12	32746	32914	LTR/ERVL-MaLR	1448	+	84	32830	32829
chr12	6863247	7063247	harbor1	chr12	6894316	6894681	LTR/ERVL-MaLR	2131	+	182	6894498	31251
chr12	6863247	7063247	harbor1	chr12	6896753	6897241	LTR/ERVL-MaLR	2606	+	244	6896997	33750
chr12	1	127337	harbor1	chr12	33014	33185	LTR/ERVL-MaLR	1448	+	86	33100	33099
chr12	1	127337	harbor1	chr12	40306	41220	LTR/ERVL-MaLR	3341	+	457	40763	40762
chr12	1	127337	harbor1	chr12	43335	43642	LTR/ERVL-MaLR	624	+	154	43489	43488
chr12	1	127337	harbor1	chr12	43643	43802	LTR/ERVL-MaLR	893	+	80	43723	43722
chr12	1	127337	harbor1	chr12	44100	44469	LTR/ERVL-MaLR	893	+	184	44284	44283
chr12	1	127337	harbor1	chr12	93675	94089	LTR/ERVL-MaLR	2526	+	207	93882	93881
chr12	1	127337	harbor1	chr12	32746	32914	LTR/ERVL-MaLR	1448	+	84	32830	32829
chr12	123133097	123333097	harbor1	chr12	123165505	123165876	LTR/ERVL-MaLR	1410	+	186	123165691	32594
chr12	123133097	123333097	harbor1	chr12	123189043	123189343	LTR/ERVL-MaLR	609	+	150	123189193	56096
chr12	6863232	7063232	harbor1	chr12	6894316	6894681	LTR/ERVL-MaLR	2131	+	182	6894498	31266
chr12	6863232	7063232	harbor1	chr12	6896753	6897241	LTR/ERVL-MaLR	2606	+	244	6896997	33765
chr12	131268647	131468647	harbor1	chr12	131357954	131358354	LTR/ERVL-MaLR	2474	+	200	131358154	89507
chr12	10112880	10312880	harbor1	chr12	10175079	10175566	LTR/ERVL-MaLR	937	+	244	10175323	62443
chr12	10112880	10312880	harbor1	chr12	10206094	10206457	LTR/ERVL-MaLR	2050	+	182	10206276	93396
chr12	10112880	10312880	harbor1	chr12	10207864	10208369	LTR/ERVL-MaLR	764	+	252	10208116	95236
chr12	49267257	49467257	harbor1	chr12	49279706	49280048	LTR/ERVL-MaLR	1563	+	171	49279877	12620
chr12	49267257	49467257	harbor1	chr12	49280083	49280335	LTR/ERVL-MaLR	1563	+	126	49280209	12952
chr12	49267257	49467257	harbor1	chr12	49286171	49286609	LTR/ERVL-MaLR	1464	+	219	49286390	19133
chr12	49195916	49395916	harbor1	chr12	49212770	49213093	LTR/ERVL-MaLR	1486	+	162	49212932	17016
chr12	49195916	49395916	harbor1	chr12	49279706	49280048	LTR/ERVL-MaLR	1563	+	171	49279877	83961
chr12	49195916	49395916	harbor1	chr12	49280083	49280335	LTR/ERVL-MaLR	1563	+	126	49280209	84293
chr12	49195916	49395916	harbor1	chr12	49286171	49286609	LTR/ERVL-MaLR	1464	+	219	49286390	90474
chr12	49267229	49467229	harbor1	chr12	49279706	49280048	LTR/ERVL-MaLR	1563	+	171	49279877	12648
chr12	49267229	49467229	harbor1	chr12	49280083	49280335	LTR/ERVL-MaLR	1563	+	126	49280209	12980
chr12	49267229	49467229	harbor1	chr12	49286171	49286609	LTR/ERVL-MaLR	1464	+	219	49286390	19161
chr12	12257335	12457335	harbor1	chr12	12278857	12279276	LTR/ERVL-MaLR	2005	+	210	12279067	21732
chr12	12257335	12457335	harbor1	chr12	12280964	12281024	LTR/ERVL-MaLR	2005	+	30	12280994	23659
chr12	12257335	12457335	harbor1	chr12	12289362	12289512	LTR/ERVL-MaLR	599	+	75	12289437	32102
chr12	12257335	12457335	harbor1	chr12	12289816	12290080	LTR/ERVL-MaLR	933	+	132	12289948	32613
chr12	12257335	12457335	harbor1	chr12	12291820	12292078	LTR/ERVL-MaLR	683	+	129	12291949	34614
chr12	49266901	49466901	harbor1	chr12	49279706	49280048	LTR/ERVL-MaLR	1563	+	171	49279877	12976
chr12	49266901	49466901	harbor1	chr12	49280083	49280335	LTR/ERVL-MaLR	1563	+	126	49280209	13308
chr12	49266901	49466901	harbor1	chr12	49286171	49286609	LTR/ERVL-MaLR	1464	+	219	49286390	19489
chr12	48880879	49080879	harbor1	chr12	48927700	48927894	LTR/ERVL-MaLR	683	+	97	48927797	46918
chr12	49267266	49467266	harbor1	chr12	49279706	49280048	LTR/ERVL-MaLR	1563	+	171	49279877	12611
chr12	49267266	49467266	harbor1	chr12	49280083	49280335	LTR/ERVL-MaLR	1563	+	126	49280209	12943
chr12	49267266	49467266	harbor1	chr12	49286171	49286609	LTR/ERVL-MaLR	1464	+	219	49286390	19124
chr12	68421784	68621784	harbor1	chr12	68434964	68435449	LTR/ERVL-MaLR	2015	+	242	68435206	13422
chr12	68421784	68621784	harbor1	chr12	68508631	68509184	LTR/ERVL-MaLR	1038	+	276	68508907	87123
chr12	68421784	68621784	harbor1	chr12	68512630	68513003	LTR/ERVL-MaLR	2190	+	186	68512816	91032
chr12	6863318	7063318	harbor1	chr12	6894316	6894681	LTR/ERVL-MaLR	2131	+	182	6894498	31180
chr12	6863318	7063318	harbor1	chr12	6896753	6897241	LTR/ERVL-MaLR	2606	+	244	6896997	33679
chr12	130738919	130938919	harbor1	chr12	130738661	130739005	LTR/ERVL-MaLR	978	+	172	130738833	86
chr12	130738919	130938919	harbor1	chr12	130739270	130739366	LTR/ERVL-MaLR	978	+	48	130739318	399
chr12	130738919	130938919	harbor1	chr12	130741148	130741481	LTR/ERVL-MaLR	2228	+	166	130741314	2395
chr12	130738919	130938919	harbor1	chr12	130746822	130747121	LTR/ERVL-MaLR	691	+	150	130746972	8053
chr12	130738919	130938919	harbor1	chr12	130757584	130757736	LTR/ERVL-MaLR	989	+	76	130757660	18741
chr12	130738919	130938919	harbor1	chr12	130770461	130770800	LTR/ERVL-MaLR	1501	+	170	130770631	31712
chr12	130738919	130938919	harbor1	chr12	130822608	130822759	LTR/ERVL-MaLR	699	+	76	130822684	83765
chr12	130738919	130938919	harbor1	chr12	130822888	130822914	LTR/ERVL-MaLR	699	+	13	130822901	83982
chr12	130738919	130938919	harbor1	chr12	130823365	130823592	LTR/ERVL-MaLR	1072	+	114	130823479	84560
chr12	130061504	130261504	harbor1	chr12	130061487	130061873	LTR/ERVL-MaLR	2662	+	193	130061680	176
chr12	130061504	130261504	harbor1	chr12	130061874	130063417	LTR/ERVL-MaLR	10916	+	772	130062646	1142
chr12	130061504	130261504	harbor1	chr12	130063418	130063787	LTR/ERVL-MaLR	2744	+	184	130063602	2098
chr12	130061504	130261504	harbor1	chr12	130067031	130067438	LTR/ERVL-MaLR	2421	+	204	130067235	5731
chr12	130061504	130261504	harbor1	chr12	130080356	130080613	LTR/ERVL-MaLR	656	+	128	130080484	18980
chr12	130061504	130261504	harbor1	chr12	130100177	130100524	LTR/ERVL-MaLR	1269	+	174	130100351	38847
chr12	130061504	130261504	harbor1	chr12	130108689	130109227	LTR/ERVL-MaLR	1649	+	269	130108958	47454
chr12	130061504	130261504	harbor1	chr12	130117606	130117964	LTR/ERVL-MaLR	1563	+	179	130117785	56281
chr12	130061504	130261504	harbor1	chr12	130118284	130118343	LTR/ERVL-MaLR	1563	+	30	130118314	56810
chr12	130061504	130261504	harbor1	chr12	130126763	130127251	LTR/ERVL-MaLR	1729	+	244	130127007	65503
chr12	130061504	130261504	harbor1	chr12	130132808	130133255	LTR/ERVL-MaLR	1753	+	224	130133032	71528
chr12	130061504	130261504	harbor1	chr12	130133800	130134228	LTR/ERVL-MaLR	817	+	214	130134014	72510
chr12	130061504	130261504	harbor1	chr12	130136513	130136943	LTR/ERVL-MaLR	1607	+	215	130136728	75224
chr12	130061504	130261504	harbor1	chr12	130148682	130149099	LTR/ERVL-MaLR	1049	+	208	130148890	87386
chr12	6863293	7063293	harbor1	chr12	6894316	6894681	LTR/ERVL-MaLR	2131	+	182	6894498	31205
chr12	6863293	7063293	harbor1	chr12	6896753	6897241	LTR/ERVL-MaLR	2606	+	244	6896997	33704
chr12	69779300	69979300	harbor1	chr12	69849931	69850286	LTR/ERVL-MaLR	2192	+	178	69850109	70809
chr12	92828990	93028990	harbor1	chr12	92840812	92841167	LTR/ERVL-MaLR	2131	+	178	92840990	12000
chr12	92828990	93028990	harbor1	chr12	92863240	92863703	LTR/ERVL-MaLR	1060	+	232	92863472	34482
chr12	92828990	93028990	harbor1	chr12	92876465	92876674	LTR/ERVL-MaLR	1288	+	104	92876569	47579
chr12	92828990	93028990	harbor1	chr12	92909549	92909733	LTR/ERVL-MaLR	862	+	92	92909641	80651
chr12	92828990	93028990	harbor1	chr12	92912248	92912485	LTR/ERVL-MaLR	713	+	118	92912366	83376
chr12	89254167	89454167	harbor1	chr12	89257031	89257496	LTR/ERVL-MaLR	1263	+	232	89257263	3096
chr12	89254167	89454167	harbor1	chr12	89258061	89258161	LTR/ERVL-MaLR	1110	+	50	89258111	3944
chr12	89254167	89454167	harbor1	chr12	89258162	89258544	LTR/ERVL-MaLR	2447	+	191	89258353	4186
chr12	89254167	89454167	harbor1	chr12	89258545	89259268	LTR/ERVL-MaLR	1110	+	362	89258907	4740
chr12	89254167	89454167	harbor1	chr12	89259288	89259747	LTR/ERVL-MaLR	1123	+	230	89259518	5351
chr12	89254167	89454167	harbor1	chr12	89271234	89271414	LTR/ERVL-MaLR	1074	+	90	89271324	17157
chr12	89254167	89454167	harbor1	chr12	89271694	89271951	LTR/ERVL-MaLR	1074	+	128	89271822	17655
chr12	89254167	89454167	harbor1	chr12	89277538	89277934	LTR/ERVL-MaLR	2091	+	198	89277736	23569
chr12	89254167	89454167	harbor1	chr12	89309460	89309721	LTR/ERVL-MaLR	839	+	130	89309590	55423
chr12	89254167	89454167	harbor1	chr12	89321358	89321476	LTR/ERVL-MaLR	677	+	59	89321417	67250
chr12	89254167	89454167	harbor1	chr12	89343031	89343558	LTR/ERVL-MaLR	1396	+	264	89343295	89128
chr12	1496692	1696692	harbor1	chr12	1548393	1548745	LTR/ERVL-MaLR	2046	+	176	1548569	51877
chr12	1496692	1696692	harbor1	chr12	1549056	1549115	LTR/ERVL-MaLR	2046	+	30	1549086	52394
chr12	1496692	1696692	harbor1	chr12	1549116	1549601	LTR/ERVL-MaLR	10453	+	242	1549358	52666
chr12	1496692	1696692	harbor1	chr12	1549912	1551007	LTR/ERVL-MaLR	10453	+	548	1550460	53768
chr12	1496692	1696692	harbor1	chr12	1551010	1551328	LTR/ERVL-MaLR	1707	+	159	1551169	54477
chr12	6863233	7063233	harbor1	chr12	6894316	6894681	LTR/ERVL-MaLR	2131	+	182	6894498	31265
chr12	6863233	7063233	harbor1	chr12	6896753	6897241	LTR/ERVL-MaLR	2606	+	244	6896997	33764
chr12	47713189	47913189	harbor1	chr12	47719425	47719782	LTR/ERVL-MaLR	2467	+	178	47719603	6414
chr12	47713189	47913189	harbor1	chr12	47771413	47771649	LTR/ERVL-MaLR	1931	+	118	47771531	58342
chr12	47713189	47913189	harbor1	chr12	47771948	47772143	LTR/ERVL-MaLR	1931	+	98	47772046	58857
chr12	47713189	47913189	harbor1	chr12	47793941	47794358	LTR/ERVL-MaLR	1932	+	208	47794149	80960
chr12	49267212	49467212	harbor1	chr12	49279706	49280048	LTR/ERVL-MaLR	1563	+	171	49279877	12665
chr12	49267212	49467212	harbor1	chr12	49280083	49280335	LTR/ERVL-MaLR	1563	+	126	49280209	12997
chr12	49267212	49467212	harbor1	chr12	49286171	49286609	LTR/ERVL-MaLR	1464	+	219	49286390	19178
chr12	10623688	10823688	harbor1	chr12	10645743	10646098	LTR/ERVL-MaLR	2254	+	178	10645921	22233
chr12	10623688	10823688	harbor1	chr12	10646099	10647668	LTR/ERVL-MaLR	11563	+	784	10646883	23195
chr12	10623688	10823688	harbor1	chr12	10647669	10648023	LTR/ERVL-MaLR	2197	+	177	10647846	24158
chr12	10623688	10823688	harbor1	chr12	10655975	10656343	LTR/ERVL-MaLR	2131	+	184	10656159	32471
chr12	10623688	10823688	harbor1	chr12	10666557	10666933	LTR/ERVL-MaLR	2050	+	188	10666745	43057
chr12	10623688	10823688	harbor1	chr12	10670930	10670995	LTR/ERVL-MaLR	1590	+	32	10670962	47274
chr12	10623688	10823688	harbor1	chr12	10671295	10671713	LTR/ERVL-MaLR	1590	+	209	10671504	47816
chr12	10623688	10823688	harbor1	chr12	10671904	10672226	LTR/ERVL-MaLR	1229	+	161	10672065	48377
chr12	10623688	10823688	harbor1	chr12	10687214	10687486	LTR/ERVL-MaLR	1292	+	136	10687350	63662
chr12	10623688	10823688	harbor1	chr12	10687487	10687941	LTR/ERVL-MaLR	2474	+	227	10687714	64026
chr12	10623688	10823688	harbor1	chr12	10687942	10688121	LTR/ERVL-MaLR	1024	+	90	10688032	64344
chr12	96299297	96499297	harbor1	chr12	96395615	96395992	LTR/ERVL-MaLR	1015	+	188	96395803	96506
chr12	123336747	123536747	harbor1	chr12	123369282	123369748	LTR/ERVL-MaLR	737	+	233	123369515	32768
chr12	123336747	123536747	harbor1	chr12	123374619	123375039	LTR/ERVL-MaLR	1714	+	210	123374829	38082
chr12	122759135	122959135	harbor1	chr12	122838632	122839044	LTR/ERVL-MaLR	1141	+	206	122838838	79703
chr12	6863320	7063320	harbor1	chr12	6894316	6894681	LTR/ERVL-MaLR	2131	+	182	6894498	31178
chr12	6863320	7063320	harbor1	chr12	6896753	6897241	LTR/ERVL-MaLR	2606	+	244	6896997	33677
chr12	6863258	7063258	harbor1	chr12	6894316	6894681	LTR/ERVL-MaLR	2131	+	182	6894498	31240
chr12	6863258	7063258	harbor1	chr12	6896753	6897241	LTR/ERVL-MaLR	2606	+	244	6896997	33739
chr12	1	131656	harbor1	chr12	33014	33185	LTR/ERVL-MaLR	1448	+	86	33100	33099
chr12	1	131656	harbor1	chr12	40306	41220	LTR/ERVL-MaLR	3341	+	457	40763	40762
chr12	1	131656	harbor1	chr12	43335	43642	LTR/ERVL-MaLR	624	+	154	43489	43488
chr12	1	131656	harbor1	chr12	43643	43802	LTR/ERVL-MaLR	893	+	80	43723	43722
chr12	1	131656	harbor1	chr12	44100	44469	LTR/ERVL-MaLR	893	+	184	44284	44283
chr12	1	131656	harbor1	chr12	93675	94089	LTR/ERVL-MaLR	2526	+	207	93882	93881
chr12	1	131656	harbor1	chr12	32746	32914	LTR/ERVL-MaLR	1448	+	84	32830	32829
chr12	132333732	132533732	harbor1	chr12	132350398	132350447	LTR/ERVL-MaLR	765	+	24	132350422	16690
chr12	132333732	132533732	harbor1	chr12	132350747	132351220	LTR/ERVL-MaLR	765	+	236	132350983	17251
chr12	64467190	64667190	harbor1	chr12	64529510	64529754	LTR/ERVL-MaLR	906	+	122	64529632	62442
chr13	94612331	94812331	harbor1	chr13	94657893	94658024	LTR/ERVL-MaLR	426	+	66	94657959	45628
chr13	94612331	94812331	harbor1	chr13	94658071	94658358	LTR/ERVL-MaLR	744	+	144	94658215	45884
chr13	94612331	94812331	harbor1	chr13	94668393	94668407	LTR/ERVL-MaLR	1977	+	7	94668400	56069
chr13	94612331	94812331	harbor1	chr13	94668408	94668746	LTR/ERVL-MaLR	1949	+	169	94668577	56246
chr13	94612331	94812331	harbor1	chr13	94668747	94669204	LTR/ERVL-MaLR	1977	+	228	94668975	56644
chr13	94612331	94812331	harbor1	chr13	94692537	94693031	LTR/ERVL-MaLR	1038	+	247	94692784	80453
chr13	94612331	94812331	harbor1	chr13	94693735	94693887	LTR/ERVL-MaLR	660	+	76	94693811	81480
chr13	94612331	94812331	harbor1	chr13	94694260	94694772	LTR/ERVL-MaLR	1959	+	256	94694516	82185
chr13	94612331	94812331	harbor1	chr13	94695245	94695605	LTR/ERVL-MaLR	2109	+	180	94695425	83094
chr13	94612331	94812331	harbor1	chr13	94696150	94696300	LTR/ERVL-MaLR	514	+	75	94696225	83894
chr13	94612331	94812331	harbor1	chr13	94696349	94696529	LTR/ERVL-MaLR	505	+	90	94696439	84108
chr13	94612331	94812331	harbor1	chr13	94697768	94697970	LTR/ERVL-MaLR	894	+	101	94697869	85538
chr13	36899468	37099468	harbor1	chr13	36933263	36933606	LTR/ERVL-MaLR	1678	+	172	36933435	33967
chr13	36899468	37099468	harbor1	chr13	36943279	36943704	LTR/ERVL-MaLR	1823	+	212	36943491	44023
chr13	36899468	37099468	harbor1	chr13	36987321	36987718	LTR/ERVL-MaLR	2065	+	198	36987519	88051
chr13	36899468	37099468	harbor1	chr13	36988710	36988883	LTR/ERVL-MaLR	611	+	86	36988796	89328
chr13	36893557	37093557	harbor1	chr13	36894158	36894515	LTR/ERVL-MaLR	2071	+	178	36894336	779
chr13	36893557	37093557	harbor1	chr13	36933263	36933606	LTR/ERVL-MaLR	1678	+	172	36933435	39878
chr13	36893557	37093557	harbor1	chr13	36943279	36943704	LTR/ERVL-MaLR	1823	+	212	36943491	49934
chr13	36893557	37093557	harbor1	chr13	36987321	36987718	LTR/ERVL-MaLR	2065	+	198	36987519	93962
chr13	36893557	37093557	harbor1	chr13	36988710	36988883	LTR/ERVL-MaLR	611	+	86	36988796	95239
chr13	100574884	100774884	harbor1	chr13	100580177	100580614	LTR/ERVL-MaLR	912	+	218	100580395	5511
chr13	100574884	100774884	harbor1	chr13	100582380	100582727	LTR/ERVL-MaLR	1702	+	174	100582554	7670
chr13	100574884	100774884	harbor1	chr13	100597222	100597628	LTR/ERVL-MaLR	1049	+	203	100597425	22541
chr13	100574884	100774884	harbor1	chr13	100622382	100622743	LTR/ERVL-MaLR	2202	+	180	100622562	47678
chr13	100574884	100774884	harbor1	chr13	100626817	100627142	LTR/ERVL-MaLR	1669	+	162	100626979	52095
chr13	100574884	100774884	harbor1	chr13	100629670	100630019	LTR/ERVL-MaLR	1498	+	174	100629844	54960
chr13	100574884	100774884	harbor1	chr13	100630083	100630107	LTR/ERVL-MaLR	1498	+	12	100630095	55211
chr13	100574884	100774884	harbor1	chr13	100638572	100638839	LTR/ERVL-MaLR	681	+	134	100638706	63822
chr13	20315145	20515145	harbor1	chr13	20347090	20347450	LTR/ERVL-MaLR	1767	+	180	20347270	32125
chr13	20315145	20515145	harbor1	chr13	20380328	20380784	LTR/ERVL-MaLR	1197	+	228	20380556	65411
chr13	20315145	20515145	harbor1	chr13	20386607	20386970	LTR/ERVL-MaLR	2463	+	182	20386789	71644
chr13	27728634	27928634	harbor1	chr13	27733848	27733925	LTR/ERVL-MaLR	1941	+	38	27733886	5252
chr13	27728634	27928634	harbor1	chr13	27734234	27734440	LTR/ERVL-MaLR	1941	+	103	27734337	5703
chr13	27728634	27928634	harbor1	chr13	27734734	27734862	LTR/ERVL-MaLR	1941	+	64	27734798	6164
chr13	27728634	27928634	harbor1	chr13	27734868	27735050	LTR/ERVL-MaLR	2150	+	91	27734959	6325
chr13	27728634	27928634	harbor1	chr13	27735673	27735899	LTR/ERVL-MaLR	2150	+	113	27735786	7152
chr13	27728634	27928634	harbor1	chr13	27743903	27744331	LTR/ERVL-MaLR	2503	+	214	27744117	15483
chr13	27728634	27928634	harbor1	chr13	27800210	27800588	LTR/ERVL-MaLR	2284	+	189	27800399	71765
chr13	27728634	27928634	harbor1	chr13	27801277	27801419	LTR/ERVL-MaLR	448	+	71	27801348	72714
chr13	27728634	27928634	harbor1	chr13	27801958	27802122	LTR/ERVL-MaLR	846	+	82	27802040	73406
chr13	27728634	27928634	harbor1	chr13	27802378	27802462	LTR/ERVL-MaLR	421	+	42	27802420	73786
chr13	27728634	27928634	harbor1	chr13	27808408	27808794	LTR/ERVL-MaLR	2098	+	193	27808601	79967
chr13	113718182	113918182	harbor1	chr13	113754500	113754653	LTR/ERVL-MaLR	540	+	76	113754576	36394
chr13	113718182	113918182	harbor1	chr13	113815415	113815766	LTR/ERVL-MaLR	2640	+	176	113815591	97409
chr13	20314698	20514698	harbor1	chr13	20347090	20347450	LTR/ERVL-MaLR	1767	+	180	20347270	32572
chr13	20314698	20514698	harbor1	chr13	20380328	20380784	LTR/ERVL-MaLR	1197	+	228	20380556	65858
chr13	20314698	20514698	harbor1	chr13	20386607	20386970	LTR/ERVL-MaLR	2463	+	182	20386789	72091
chr13	113713649	113913649	harbor1	chr13	113754500	113754653	LTR/ERVL-MaLR	540	+	76	113754576	40927
chr13	50025212	50225212	harbor1	chr13	50086743	50087240	LTR/ERVL-MaLR	1695	+	248	50086991	61779
chr13	50025212	50225212	harbor1	chr13	50107309	50107461	LTR/ERVL-MaLR	526	+	76	50107385	82173
chr13	50025212	50225212	harbor1	chr13	50121185	50121330	LTR/ERVL-MaLR	1195	+	72	50121257	96045
chr13	50025212	50225212	harbor1	chr13	50121606	50121842	LTR/ERVL-MaLR	1195	+	118	50121724	96512
chr13	20315192	20515192	harbor1	chr13	20347090	20347450	LTR/ERVL-MaLR	1767	+	180	20347270	32078
chr13	20315192	20515192	harbor1	chr13	20380328	20380784	LTR/ERVL-MaLR	1197	+	228	20380556	65364
chr13	20315192	20515192	harbor1	chr13	20386607	20386970	LTR/ERVL-MaLR	2463	+	182	20386789	71597
chr13	48133654	48333654	harbor1	chr13	48138346	48138726	LTR/ERVL-MaLR	2550	+	190	48138536	4882
chr13	48133654	48333654	harbor1	chr13	48139038	48139077	LTR/ERVL-MaLR	2550	+	20	48139058	5404
chr13	48133654	48333654	harbor1	chr13	48150461	48150780	LTR/ERVL-MaLR	1437	+	160	48150621	16967
chr13	48133654	48333654	harbor1	chr13	48151078	48151089	LTR/ERVL-MaLR	1437	+	6	48151084	17430
chr13	48133654	48333654	harbor1	chr13	48151400	48151599	LTR/ERVL-MaLR	1437	+	100	48151500	17846
chr13	48133654	48333654	harbor1	chr13	48190015	48190390	LTR/ERVL-MaLR	2574	+	188	48190203	56549
chr13	48133654	48333654	harbor1	chr13	48197306	48197383	LTR/ERVL-MaLR	2030	+	38	48197344	63690
chr13	48133654	48333654	harbor1	chr13	48197513	48197849	LTR/ERVL-MaLR	2030	+	168	48197681	64027
chr13	48133654	48333654	harbor1	chr13	48214576	48215091	LTR/ERVL-MaLR	1747	+	258	48214834	81180
chr13	48133654	48333654	harbor1	chr13	48215092	48215427	LTR/ERVL-MaLR	2603	+	168	48215260	81606
chr13	48133654	48333654	harbor1	chr13	48215731	48215772	LTR/ERVL-MaLR	2603	+	20	48215751	82097
chr13	48133654	48333654	harbor1	chr13	48215773	48217504	LTR/ERVL-MaLR	9815	+	866	48216639	82985
chr13	48133654	48333654	harbor1	chr13	48217507	48217879	LTR/ERVL-MaLR	3069	+	186	48217693	84039
chr13	48133654	48333654	harbor1	chr13	48217880	48217902	LTR/ERVL-MaLR	1747	+	11	48217891	84237
chr13	48133654	48333654	harbor1	chr13	48220006	48220195	LTR/ERVL-MaLR	1841	+	94	48220100	86446
chr13	48133654	48333654	harbor1	chr13	48220230	48220563	LTR/ERVL-MaLR	1841	+	166	48220396	86742
chr13	110254287	110454287	harbor1	chr13	110335259	110335618	LTR/ERVL-MaLR	2113	+	180	110335439	81152
chr13	100574881	100774881	harbor1	chr13	100580177	100580614	LTR/ERVL-MaLR	912	+	218	100580395	5514
chr13	100574881	100774881	harbor1	chr13	100582380	100582727	LTR/ERVL-MaLR	1702	+	174	100582554	7673
chr13	100574881	100774881	harbor1	chr13	100597222	100597628	LTR/ERVL-MaLR	1049	+	203	100597425	22544
chr13	100574881	100774881	harbor1	chr13	100622382	100622743	LTR/ERVL-MaLR	2202	+	180	100622562	47681
chr13	100574881	100774881	harbor1	chr13	100626817	100627142	LTR/ERVL-MaLR	1669	+	162	100626979	52098
chr13	100574881	100774881	harbor1	chr13	100629670	100630019	LTR/ERVL-MaLR	1498	+	174	100629844	54963
chr13	100574881	100774881	harbor1	chr13	100630083	100630107	LTR/ERVL-MaLR	1498	+	12	100630095	55214
chr13	100574881	100774881	harbor1	chr13	100638572	100638839	LTR/ERVL-MaLR	681	+	134	100638706	63825
chr13	100574914	100774914	harbor1	chr13	100580177	100580614	LTR/ERVL-MaLR	912	+	218	100580395	5481
chr13	100574914	100774914	harbor1	chr13	100582380	100582727	LTR/ERVL-MaLR	1702	+	174	100582554	7640
chr13	100574914	100774914	harbor1	chr13	100597222	100597628	LTR/ERVL-MaLR	1049	+	203	100597425	22511
chr13	100574914	100774914	harbor1	chr13	100622382	100622743	LTR/ERVL-MaLR	2202	+	180	100622562	47648
chr13	100574914	100774914	harbor1	chr13	100626817	100627142	LTR/ERVL-MaLR	1669	+	162	100626979	52065
chr13	100574914	100774914	harbor1	chr13	100629670	100630019	LTR/ERVL-MaLR	1498	+	174	100629844	54930
chr13	100574914	100774914	harbor1	chr13	100630083	100630107	LTR/ERVL-MaLR	1498	+	12	100630095	55181
chr13	100574914	100774914	harbor1	chr13	100638572	100638839	LTR/ERVL-MaLR	681	+	134	100638706	63792
chr13	113726184	113926184	harbor1	chr13	113754500	113754653	LTR/ERVL-MaLR	540	+	76	113754576	28392
chr13	113726184	113926184	harbor1	chr13	113815415	113815766	LTR/ERVL-MaLR	2640	+	176	113815591	89407
chr13	113726144	113926144	harbor1	chr13	113754500	113754653	LTR/ERVL-MaLR	540	+	76	113754576	28432
chr13	113726144	113926144	harbor1	chr13	113815415	113815766	LTR/ERVL-MaLR	2640	+	176	113815591	89447
chr13	20315123	20515123	harbor1	chr13	20347090	20347450	LTR/ERVL-MaLR	1767	+	180	20347270	32147
chr13	20315123	20515123	harbor1	chr13	20380328	20380784	LTR/ERVL-MaLR	1197	+	228	20380556	65433
chr13	20315123	20515123	harbor1	chr13	20386607	20386970	LTR/ERVL-MaLR	2463	+	182	20386789	71666
chr13	94612324	94812324	harbor1	chr13	94657893	94658024	LTR/ERVL-MaLR	426	+	66	94657959	45635
chr13	94612324	94812324	harbor1	chr13	94658071	94658358	LTR/ERVL-MaLR	744	+	144	94658215	45891
chr13	94612324	94812324	harbor1	chr13	94668393	94668407	LTR/ERVL-MaLR	1977	+	7	94668400	56076
chr13	94612324	94812324	harbor1	chr13	94668408	94668746	LTR/ERVL-MaLR	1949	+	169	94668577	56253
chr13	94612324	94812324	harbor1	chr13	94668747	94669204	LTR/ERVL-MaLR	1977	+	228	94668975	56651
chr13	94612324	94812324	harbor1	chr13	94692537	94693031	LTR/ERVL-MaLR	1038	+	247	94692784	80460
chr13	94612324	94812324	harbor1	chr13	94693735	94693887	LTR/ERVL-MaLR	660	+	76	94693811	81487
chr13	94612324	94812324	harbor1	chr13	94694260	94694772	LTR/ERVL-MaLR	1959	+	256	94694516	82192
chr13	94612324	94812324	harbor1	chr13	94695245	94695605	LTR/ERVL-MaLR	2109	+	180	94695425	83101
chr13	94612324	94812324	harbor1	chr13	94696150	94696300	LTR/ERVL-MaLR	514	+	75	94696225	83901
chr13	94612324	94812324	harbor1	chr13	94696349	94696529	LTR/ERVL-MaLR	505	+	90	94696439	84115
chr13	94612324	94812324	harbor1	chr13	94697768	94697970	LTR/ERVL-MaLR	894	+	101	94697869	85545
chr13	98425553	98625553	harbor1	chr13	98487993	98488160	LTR/ERVL-MaLR	1350	+	84	98488077	62524
chr13	98425553	98625553	harbor1	chr13	98488207	98488373	LTR/ERVL-MaLR	1350	+	83	98488290	62737
chr13	98425553	98625553	harbor1	chr13	98502440	98502832	LTR/ERVL-MaLR	1795	+	196	98502636	77083
chr13	98425553	98625553	harbor1	chr13	98516457	98516667	LTR/ERVL-MaLR	658	+	105	98516562	91009
chr13	51810106	52010106	harbor1	chr13	51827676	51828219	LTR/ERVL-MaLR	775	+	272	51827948	17842
chr13	51810106	52010106	harbor1	chr13	51836037	51836385	LTR/ERVL-MaLR	1760	+	174	51836211	26105
chr13	51810106	52010106	harbor1	chr13	51871063	51871192	LTR/ERVL-MaLR	1982	+	64	51871127	61021
chr13	51810106	52010106	harbor1	chr13	51873879	51874037	LTR/ERVL-MaLR	743	+	79	51873958	63852
chr13	51810106	52010106	harbor1	chr13	51874073	51874364	LTR/ERVL-MaLR	508	+	146	51874219	64113
chr13	51810106	52010106	harbor1	chr13	51881545	51881904	LTR/ERVL-MaLR	2039	+	180	51881725	71619
chr13	51810106	52010106	harbor1	chr13	51885038	51885208	LTR/ERVL-MaLR	473	+	85	51885123	75017
chr13	51810106	52010106	harbor1	chr13	51889268	51889613	LTR/ERVL-MaLR	1843	+	172	51889440	79334
chr13	51810106	52010106	harbor1	chr13	51890192	51890625	LTR/ERVL-MaLR	3085	+	216	51890408	80302
chr13	51810106	52010106	harbor1	chr13	51902558	51902854	LTR/ERVL-MaLR	1195	+	148	51902706	92600
chr13	51810106	52010106	harbor1	chr13	51871407	51871777	LTR/ERVL-MaLR	1982	+	185	51871592	61486
chr13	27707987	27907987	harbor1	chr13	27733848	27733925	LTR/ERVL-MaLR	1941	+	38	27733886	25899
chr13	27707987	27907987	harbor1	chr13	27734234	27734440	LTR/ERVL-MaLR	1941	+	103	27734337	26350
chr13	27707987	27907987	harbor1	chr13	27734734	27734862	LTR/ERVL-MaLR	1941	+	64	27734798	26811
chr13	27707987	27907987	harbor1	chr13	27734868	27735050	LTR/ERVL-MaLR	2150	+	91	27734959	26972
chr13	27707987	27907987	harbor1	chr13	27735673	27735899	LTR/ERVL-MaLR	2150	+	113	27735786	27799
chr13	27707987	27907987	harbor1	chr13	27743903	27744331	LTR/ERVL-MaLR	2503	+	214	27744117	36130
chr13	27707987	27907987	harbor1	chr13	27800210	27800588	LTR/ERVL-MaLR	2284	+	189	27800399	92412
chr13	27707987	27907987	harbor1	chr13	27801277	27801419	LTR/ERVL-MaLR	448	+	71	27801348	93361
chr13	27707987	27907987	harbor1	chr13	27801958	27802122	LTR/ERVL-MaLR	846	+	82	27802040	94053
chr13	27707987	27907987	harbor1	chr13	27802378	27802462	LTR/ERVL-MaLR	421	+	42	27802420	94433
chr13	28720365	28920365	harbor1	chr13	28734037	28734207	LTR/ERVL-MaLR	688	+	85	28734122	13757
chr13	28720365	28920365	harbor1	chr13	28734501	28734696	LTR/ERVL-MaLR	688	+	98	28734599	14234
chr13	28720365	28920365	harbor1	chr13	28749327	28749491	LTR/ERVL-MaLR	646	+	82	28749409	29044
chr13	28720365	28920365	harbor1	chr13	28749645	28749870	LTR/ERVL-MaLR	1042	+	112	28749757	29392
chr13	28720365	28920365	harbor1	chr13	28767126	28767569	LTR/ERVL-MaLR	1461	+	222	28767348	46983
chr13	28720365	28920365	harbor1	chr13	28807994	28808395	LTR/ERVL-MaLR	2508	+	200	28808194	87829
chr13	28720365	28920365	harbor1	chr13	28808396	28810054	LTR/ERVL-MaLR	9405	+	829	28809225	88860
chr13	28720365	28920365	harbor1	chr13	28810059	28810466	LTR/ERVL-MaLR	2737	+	204	28810263	89898
chr13	28720365	28920365	harbor1	chr13	28810478	28810826	LTR/ERVL-MaLR	1364	+	174	28810652	90287
chr13	113726163	113926163	harbor1	chr13	113754500	113754653	LTR/ERVL-MaLR	540	+	76	113754576	28413
chr13	113726163	113926163	harbor1	chr13	113815415	113815766	LTR/ERVL-MaLR	2640	+	176	113815591	89428
chr13	113725831	113925831	harbor1	chr13	113754500	113754653	LTR/ERVL-MaLR	540	+	76	113754576	28745
chr13	113725831	113925831	harbor1	chr13	113815415	113815766	LTR/ERVL-MaLR	2640	+	176	113815591	89760
chr13	110254344	110454344	harbor1	chr13	110335259	110335618	LTR/ERVL-MaLR	2113	+	180	110335439	81095
chr13	27925914	28125914	harbor1	chr13	27936150	27936622	LTR/ERVL-MaLR	1393	+	236	27936386	10472
chr13	27925914	28125914	harbor1	chr13	27940745	27940906	LTR/ERVL-MaLR	531	+	80	27940825	14911
chr13	27925914	28125914	harbor1	chr13	27941210	27941567	LTR/ERVL-MaLR	551	+	178	27941388	15474
chr13	27925914	28125914	harbor1	chr13	27945588	27945728	LTR/ERVL-MaLR	669	+	70	27945658	19744
chr13	27925914	28125914	harbor1	chr13	27945917	27946721	LTR/ERVL-MaLR	2797	+	402	27946319	20405
chr13	27925914	28125914	harbor1	chr13	27947041	27947504	LTR/ERVL-MaLR	2797	+	232	27947273	21359
chr13	27925914	28125914	harbor1	chr13	27947529	27948050	LTR/ERVL-MaLR	1346	+	260	27947789	21875
chr13	99473104	99673104	harbor1	chr13	99475300	99475469	LTR/ERVL-MaLR	1076	+	84	99475384	2280
chr13	19461422	19661422	harbor1	chr13	19506634	19506852	LTR/ERVL-MaLR	1176	+	109	19506743	45321
chr13	19461422	19661422	harbor1	chr13	19532230	19532626	LTR/ERVL-MaLR	2003	+	198	19532428	71006
chr13	19461422	19661422	harbor1	chr13	19539231	19539589	LTR/ERVL-MaLR	2613	+	179	19539410	77988
chr13	19461422	19661422	harbor1	chr13	19464096	19464319	LTR/ERVL-MaLR	721	+	112	19464208	2786
chr13	21574752	21774752	harbor1	chr13	21613771	21614165	LTR/ERVL-MaLR	564	+	197	21613968	39216
chr13	21574752	21774752	harbor1	chr13	21624488	21624617	LTR/ERVL-MaLR	475	+	64	21624552	49800
chr13	113726255	113926255	harbor1	chr13	113754500	113754653	LTR/ERVL-MaLR	540	+	76	113754576	28321
chr13	113726255	113926255	harbor1	chr13	113815415	113815766	LTR/ERVL-MaLR	2640	+	176	113815591	89336
chr13	20315141	20515141	harbor1	chr13	20347090	20347450	LTR/ERVL-MaLR	1767	+	180	20347270	32129
chr13	20315141	20515141	harbor1	chr13	20380328	20380784	LTR/ERVL-MaLR	1197	+	228	20380556	65415
chr13	20315141	20515141	harbor1	chr13	20386607	20386970	LTR/ERVL-MaLR	2463	+	182	20386789	71648
chr13	20315163	20515163	harbor1	chr13	20347090	20347450	LTR/ERVL-MaLR	1767	+	180	20347270	32107
chr13	20315163	20515163	harbor1	chr13	20380328	20380784	LTR/ERVL-MaLR	1197	+	228	20380556	65393
chr13	20315163	20515163	harbor1	chr13	20386607	20386970	LTR/ERVL-MaLR	2463	+	182	20386789	71626
chr13	100574912	100774912	harbor1	chr13	100580177	100580614	LTR/ERVL-MaLR	912	+	218	100580395	5483
chr13	100574912	100774912	harbor1	chr13	100582380	100582727	LTR/ERVL-MaLR	1702	+	174	100582554	7642
chr13	100574912	100774912	harbor1	chr13	100597222	100597628	LTR/ERVL-MaLR	1049	+	203	100597425	22513
chr13	100574912	100774912	harbor1	chr13	100622382	100622743	LTR/ERVL-MaLR	2202	+	180	100622562	47650
chr13	100574912	100774912	harbor1	chr13	100626817	100627142	LTR/ERVL-MaLR	1669	+	162	100626979	52067
chr13	100574912	100774912	harbor1	chr13	100629670	100630019	LTR/ERVL-MaLR	1498	+	174	100629844	54932
chr13	100574912	100774912	harbor1	chr13	100630083	100630107	LTR/ERVL-MaLR	1498	+	12	100630095	55183
chr13	100574912	100774912	harbor1	chr13	100638572	100638839	LTR/ERVL-MaLR	681	+	134	100638706	63794
chr13	110254257	110454257	harbor1	chr13	110335259	110335618	LTR/ERVL-MaLR	2113	+	180	110335439	81182
chr13	113726358	113926358	harbor1	chr13	113754500	113754653	LTR/ERVL-MaLR	540	+	76	113754576	28218
chr13	113726358	113926358	harbor1	chr13	113815415	113815766	LTR/ERVL-MaLR	2640	+	176	113815591	89233
chr13	112670833	112870833	harbor1	chr13	112686907	112687368	LTR/ERVL-MaLR	623	+	230	112687137	16304
chr13	113726286	113926286	harbor1	chr13	113754500	113754653	LTR/ERVL-MaLR	540	+	76	113754576	28290
chr13	113726286	113926286	harbor1	chr13	113815415	113815766	LTR/ERVL-MaLR	2640	+	176	113815591	89305
chr13	50026224	50226224	harbor1	chr13	50086743	50087240	LTR/ERVL-MaLR	1695	+	248	50086991	60767
chr13	50026224	50226224	harbor1	chr13	50107309	50107461	LTR/ERVL-MaLR	526	+	76	50107385	81161
chr13	50026224	50226224	harbor1	chr13	50121185	50121330	LTR/ERVL-MaLR	1195	+	72	50121257	95033
chr13	50026224	50226224	harbor1	chr13	50121606	50121842	LTR/ERVL-MaLR	1195	+	118	50121724	95500
chr13	75438285	75638285	harbor1	chr13	75491549	75492357	LTR/ERVL-MaLR	1808	+	404	75491953	53668
chr13	75438285	75638285	harbor1	chr13	75492640	75492709	LTR/ERVL-MaLR	1808	+	34	75492674	54389
chr13	75438285	75638285	harbor1	chr13	75495550	75495912	LTR/ERVL-MaLR	1412	+	181	75495731	57446
chr13	75438285	75638285	harbor1	chr13	75505386	75505679	LTR/ERVL-MaLR	739	+	146	75505532	67247
chr13	75438285	75638285	harbor1	chr13	75516142	75516335	LTR/ERVL-MaLR	491	+	96	75516238	77953
chr13	75438285	75638285	harbor1	chr13	75516634	75516981	LTR/ERVL-MaLR	1507	+	174	75516808	78523
chr13	75438285	75638285	harbor1	chr13	75519949	75520340	LTR/ERVL-MaLR	2206	+	196	75520145	81860
chr13	75438285	75638285	harbor1	chr13	75520342	75521935	LTR/ERVL-MaLR	9266	+	796	75521138	82853
chr13	75438285	75638285	harbor1	chr13	75521948	75522345	LTR/ERVL-MaLR	2514	+	198	75522146	83861
chr13	75438285	75638285	harbor1	chr13	75536365	75536776	LTR/ERVL-MaLR	1510	+	206	75536571	98286
chr13	36899488	37099488	harbor1	chr13	36933263	36933606	LTR/ERVL-MaLR	1678	+	172	36933435	33947
chr13	36899488	37099488	harbor1	chr13	36943279	36943704	LTR/ERVL-MaLR	1823	+	212	36943491	44003
chr13	36899488	37099488	harbor1	chr13	36987321	36987718	LTR/ERVL-MaLR	2065	+	198	36987519	88031
chr13	36899488	37099488	harbor1	chr13	36988710	36988883	LTR/ERVL-MaLR	611	+	86	36988796	89308
chr13	20315167	20515167	harbor1	chr13	20347090	20347450	LTR/ERVL-MaLR	1767	+	180	20347270	32103
chr13	20315167	20515167	harbor1	chr13	20380328	20380784	LTR/ERVL-MaLR	1197	+	228	20380556	65389
chr13	20315167	20515167	harbor1	chr13	20386607	20386970	LTR/ERVL-MaLR	2463	+	182	20386789	71622
chr14	102975689	103175689	harbor1	chr14	103013462	103013860	LTR/ERVL-MaLR	1129	+	199	103013661	37972
chr14	99103274	99303274	harbor1	chr14	99111559	99111956	LTR/ERVL-MaLR	1520	+	198	99111757	8483
chr14	99103274	99303274	harbor1	chr14	99115096	99115223	LTR/ERVL-MaLR	455	+	64	99115160	11886
chr14	99103274	99303274	harbor1	chr14	99141391	99141729	LTR/ERVL-MaLR	478	+	169	99141560	38286
chr14	99103274	99303274	harbor1	chr14	99166036	99166391	LTR/ERVL-MaLR	2622	+	178	99166214	62940
chr14	67140824	67340824	harbor1	chr14	67232035	67232514	LTR/ERVL-MaLR	1441	+	240	67232275	91451
chr14	105492607	105692607	harbor1	chr14	105514845	105515187	LTR/ERVL-MaLR	2641	+	171	105515016	22409
chr14	105492607	105692607	harbor1	chr14	105515489	105515537	LTR/ERVL-MaLR	2641	+	24	105515513	22906
chr14	105492607	105692607	harbor1	chr14	105517599	105517950	LTR/ERVL-MaLR	2736	+	176	105517775	25168
chr14	99486023	99686023	harbor1	chr14	99530846	99531018	LTR/ERVL-MaLR	1049	+	86	99530932	44909
chr14	99486023	99686023	harbor1	chr14	99550105	99550546	LTR/ERVL-MaLR	1629	+	220	99550325	64302
chr14	99486023	99686023	harbor1	chr14	99558265	99558399	LTR/ERVL-MaLR	1145	+	67	99558332	72309
chr14	99486023	99686023	harbor1	chr14	99558647	99558796	LTR/ERVL-MaLR	1145	+	74	99558721	72698
chr14	99486023	99686023	harbor1	chr14	99558797	99559210	LTR/ERVL-MaLR	2378	+	206	99559003	72980
chr14	99486023	99686023	harbor1	chr14	99559211	99559362	LTR/ERVL-MaLR	1145	+	76	99559287	73264
chr14	88724597	88924597	harbor1	chr14	88769137	88769518	LTR/ERVL-MaLR	2201	+	190	88769327	44730
chr14	88724597	88924597	harbor1	chr14	88778826	88779231	LTR/ERVL-MaLR	551	+	202	88779028	54431
chr14	88724597	88924597	harbor1	chr14	88781543	88781911	LTR/ERVL-MaLR	2483	+	184	88781727	57130
chr14	88724597	88924597	harbor1	chr14	88781922	88782800	LTR/ERVL-MaLR	5585	+	439	88782361	57764
chr14	88724597	88924597	harbor1	chr14	88783111	88783300	LTR/ERVL-MaLR	5585	+	94	88783205	58608
chr14	88724597	88924597	harbor1	chr14	88786545	88786892	LTR/ERVL-MaLR	2344	+	174	88786719	62122
chr14	88724597	88924597	harbor1	chr14	88802620	88802686	LTR/ERVL-MaLR	2068	+	33	88802653	78056
chr14	88724597	88924597	harbor1	chr14	88803210	88803594	LTR/ERVL-MaLR	2068	+	192	88803402	78805
chr14	103423043	103623043	harbor1	chr14	103422847	103423158	LTR/ERVL-MaLR	925	+	156	103423003	40
chr14	64194243	64394243	harbor1	chr14	64246175	64246553	LTR/ERVL-MaLR	2440	+	189	64246364	52121
chr14	66383081	66583081	harbor1	chr14	66391855	66392189	LTR/ERVL-MaLR	1541	+	167	66392022	8941
chr14	66383081	66583081	harbor1	chr14	66409015	66409379	LTR/ERVL-MaLR	2082	+	182	66409197	26116
chr14	66383081	66583081	harbor1	chr14	66412057	66412546	LTR/ERVL-MaLR	1314	+	244	66412301	29220
chr14	67140760	67340760	harbor1	chr14	67232035	67232514	LTR/ERVL-MaLR	1441	+	240	67232275	91515
chr14	67140882	67340882	harbor1	chr14	67232035	67232514	LTR/ERVL-MaLR	1441	+	240	67232275	91393
chr14	100183362	100383362	harbor1	chr14	100186975	100187025	LTR/ERVL-MaLR	1063	+	25	100187000	3638
chr14	100183362	100383362	harbor1	chr14	100187329	100187786	LTR/ERVL-MaLR	1063	+	228	100187557	4195
chr14	100183362	100383362	harbor1	chr14	100188270	100188971	LTR/ERVL-MaLR	2598	+	350	100188620	5258
chr14	100183362	100383362	harbor1	chr14	100188972	100189013	LTR/ERVL-MaLR	758	+	20	100188992	5630
chr14	100183362	100383362	harbor1	chr14	100189311	100189585	LTR/ERVL-MaLR	1074	+	137	100189448	6086
chr14	100183362	100383362	harbor1	chr14	100251069	100251524	LTR/ERVL-MaLR	1515	+	228	100251297	67935
chr14	100183362	100383362	harbor1	chr14	100257440	100257794	LTR/ERVL-MaLR	1691	+	177	100257617	74255
chr14	75327984	75527984	harbor1	chr14	75347031	75347428	LTR/ERVL-MaLR	2476	+	198	75347229	19245
chr14	75327984	75527984	harbor1	chr14	75349560	75349975	LTR/ERVL-MaLR	1844	+	208	75349768	21784
chr14	75327984	75527984	harbor1	chr14	75376258	75376605	LTR/ERVL-MaLR	2083	+	174	75376432	48448
chr14	75327984	75527984	harbor1	chr14	75377825	75378157	LTR/ERVL-MaLR	1463	+	166	75377991	50007
chr14	75327984	75527984	harbor1	chr14	75378160	75378888	LTR/ERVL-MaLR	3568	+	364	75378524	50540
chr14	75327984	75527984	harbor1	chr14	75379154	75379602	LTR/ERVL-MaLR	989	+	224	75379378	51394
chr14	75327984	75527984	harbor1	chr14	75379604	75379795	LTR/ERVL-MaLR	1265	+	96	75379700	51716
chr14	75327984	75527984	harbor1	chr14	75380236	75380364	LTR/ERVL-MaLR	1265	+	64	75380300	52316
chr14	75327984	75527984	harbor1	chr14	75399397	75399827	LTR/ERVL-MaLR	682	+	215	75399612	71628
chr14	75327984	75527984	harbor1	chr14	75402942	75403245	LTR/ERVL-MaLR	1349	+	152	75403094	75110
chr14	75327984	75527984	harbor1	chr14	75403838	75404080	LTR/ERVL-MaLR	851	+	121	75403959	75975
chr14	75327984	75527984	harbor1	chr14	75412251	75412406	LTR/ERVL-MaLR	2086	+	78	75412329	84345
chr14	75327984	75527984	harbor1	chr14	75412596	75412818	LTR/ERVL-MaLR	2086	+	111	75412707	84723
chr14	75327984	75527984	harbor1	chr14	75424360	75424760	LTR/ERVL-MaLR	906	+	200	75424560	96576
chr14	100185484	100385484	harbor1	chr14	100186975	100187025	LTR/ERVL-MaLR	1063	+	25	100187000	1516
chr14	100185484	100385484	harbor1	chr14	100187329	100187786	LTR/ERVL-MaLR	1063	+	228	100187557	2073
chr14	100185484	100385484	harbor1	chr14	100188270	100188971	LTR/ERVL-MaLR	2598	+	350	100188620	3136
chr14	100185484	100385484	harbor1	chr14	100188972	100189013	LTR/ERVL-MaLR	758	+	20	100188992	3508
chr14	100185484	100385484	harbor1	chr14	100189311	100189585	LTR/ERVL-MaLR	1074	+	137	100189448	3964
chr14	100185484	100385484	harbor1	chr14	100251069	100251524	LTR/ERVL-MaLR	1515	+	228	100251297	65813
chr14	100185484	100385484	harbor1	chr14	100257440	100257794	LTR/ERVL-MaLR	1691	+	177	100257617	72133
chr14	90282762	90482762	harbor1	chr14	90298558	90298706	LTR/ERVL-MaLR	539	+	74	90298632	15870
chr14	90282762	90482762	harbor1	chr14	90311321	90311677	LTR/ERVL-MaLR	2322	+	178	90311499	28737
chr14	90282762	90482762	harbor1	chr14	90380092	90380507	LTR/ERVL-MaLR	2015	+	208	90380300	97538
chr14	90283216	90483216	harbor1	chr14	90298558	90298706	LTR/ERVL-MaLR	539	+	74	90298632	15416
chr14	90283216	90483216	harbor1	chr14	90311321	90311677	LTR/ERVL-MaLR	2322	+	178	90311499	28283
chr14	90283216	90483216	harbor1	chr14	90380092	90380507	LTR/ERVL-MaLR	2015	+	208	90380300	97084
chr14	99493319	99693319	harbor1	chr14	99530846	99531018	LTR/ERVL-MaLR	1049	+	86	99530932	37613
chr14	99493319	99693319	harbor1	chr14	99550105	99550546	LTR/ERVL-MaLR	1629	+	220	99550325	57006
chr14	99493319	99693319	harbor1	chr14	99558265	99558399	LTR/ERVL-MaLR	1145	+	67	99558332	65013
chr14	99493319	99693319	harbor1	chr14	99558647	99558796	LTR/ERVL-MaLR	1145	+	74	99558721	65402
chr14	99493319	99693319	harbor1	chr14	99558797	99559210	LTR/ERVL-MaLR	2378	+	206	99559003	65684
chr14	99493319	99693319	harbor1	chr14	99559211	99559362	LTR/ERVL-MaLR	1145	+	76	99559287	65968
chr14	57989413	58189413	harbor1	chr14	58021177	58021535	LTR/ERVL-MaLR	2188	+	179	58021356	31943
chr14	57989413	58189413	harbor1	chr14	58045636	58046124	LTR/ERVL-MaLR	1930	+	244	58045880	56467
chr14	57989413	58189413	harbor1	chr14	58056746	58057140	LTR/ERVL-MaLR	499	+	197	58056943	67530
chr14	57989413	58189413	harbor1	chr14	58065633	58066063	LTR/ERVL-MaLR	1057	+	215	58065848	76435
chr14	57989413	58189413	harbor1	chr14	58078478	58078609	LTR/ERVL-MaLR	726	+	66	58078544	89131
chr14	57989413	58189413	harbor1	chr14	58078831	58079058	LTR/ERVL-MaLR	726	+	114	58078945	89532
chr14	67488947	67688947	harbor1	chr14	67493603	67493838	LTR/ERVL-MaLR	536	+	118	67493721	4774
chr14	54388477	54588477	harbor1	chr14	54438729	54439141	LTR/ERVL-MaLR	1938	+	206	54438935	50458
chr14	54388477	54588477	harbor1	chr14	54458105	54458473	LTR/ERVL-MaLR	2179	+	184	54458289	69812
chr14	54388477	54588477	harbor1	chr14	54458476	54459957	LTR/ERVL-MaLR	10572	+	740	54459216	70739
chr14	54388477	54588477	harbor1	chr14	54459958	54460249	LTR/ERVL-MaLR	1635	+	146	54460104	71627
chr14	54388477	54588477	harbor1	chr14	54467156	54467442	LTR/ERVL-MaLR	1403	+	143	54467299	78822
chr14	54388477	54588477	harbor1	chr14	54467444	54469011	LTR/ERVL-MaLR	7501	+	784	54468228	79751
chr14	54388477	54588477	harbor1	chr14	54469012	54469346	LTR/ERVL-MaLR	1209	+	167	54469179	80702
chr14	54388477	54588477	harbor1	chr14	54469629	54469701	LTR/ERVL-MaLR	1010	+	36	54469665	81188
chr14	54388477	54588477	harbor1	chr14	54472036	54472338	LTR/ERVL-MaLR	1010	+	151	54472187	83710
chr14	75328384	75528384	harbor1	chr14	75347031	75347428	LTR/ERVL-MaLR	2476	+	198	75347229	18845
chr14	75328384	75528384	harbor1	chr14	75349560	75349975	LTR/ERVL-MaLR	1844	+	208	75349768	21384
chr14	75328384	75528384	harbor1	chr14	75376258	75376605	LTR/ERVL-MaLR	2083	+	174	75376432	48048
chr14	75328384	75528384	harbor1	chr14	75377825	75378157	LTR/ERVL-MaLR	1463	+	166	75377991	49607
chr14	75328384	75528384	harbor1	chr14	75378160	75378888	LTR/ERVL-MaLR	3568	+	364	75378524	50140
chr14	75328384	75528384	harbor1	chr14	75379154	75379602	LTR/ERVL-MaLR	989	+	224	75379378	50994
chr14	75328384	75528384	harbor1	chr14	75379604	75379795	LTR/ERVL-MaLR	1265	+	96	75379700	51316
chr14	75328384	75528384	harbor1	chr14	75380236	75380364	LTR/ERVL-MaLR	1265	+	64	75380300	51916
chr14	75328384	75528384	harbor1	chr14	75399397	75399827	LTR/ERVL-MaLR	682	+	215	75399612	71228
chr14	75328384	75528384	harbor1	chr14	75402942	75403245	LTR/ERVL-MaLR	1349	+	152	75403094	74710
chr14	75328384	75528384	harbor1	chr14	75403838	75404080	LTR/ERVL-MaLR	851	+	121	75403959	75575
chr14	75328384	75528384	harbor1	chr14	75412251	75412406	LTR/ERVL-MaLR	2086	+	78	75412329	83945
chr14	75328384	75528384	harbor1	chr14	75412596	75412818	LTR/ERVL-MaLR	2086	+	111	75412707	84323
chr14	75328384	75528384	harbor1	chr14	75424360	75424760	LTR/ERVL-MaLR	906	+	200	75424560	96176
chr14	51349924	51549924	harbor1	chr14	51365188	51365459	LTR/ERVL-MaLR	1071	+	136	51365324	15400
chr14	51349924	51549924	harbor1	chr14	51386284	51386806	LTR/ERVL-MaLR	1516	+	261	51386545	36621
chr14	51349924	51549924	harbor1	chr14	51402314	51402628	LTR/ERVL-MaLR	2049	+	157	51402471	52547
chr14	51349924	51549924	harbor1	chr14	51402937	51402978	LTR/ERVL-MaLR	2049	+	20	51402957	53033
chr14	51349924	51549924	harbor1	chr14	51411039	51411285	LTR/ERVL-MaLR	525	+	123	51411162	61238
chr14	51349924	51549924	harbor1	chr14	51420303	51420518	LTR/ERVL-MaLR	1396	+	108	51420411	70487
chr14	51349924	51549924	harbor1	chr14	51421164	51421611	LTR/ERVL-MaLR	1396	+	224	51421388	71464
chr14	51349924	51549924	harbor1	chr14	51422821	51423146	LTR/ERVL-MaLR	1080	+	162	51422983	73059
chr14	51349924	51549924	harbor1	chr14	51428299	51428682	LTR/ERVL-MaLR	1040	+	192	51428491	78567
chr14	51349924	51549924	harbor1	chr14	51428686	51428879	LTR/ERVL-MaLR	608	+	96	51428782	78858
chr14	51349924	51549924	harbor1	chr14	51429082	51429355	LTR/ERVL-MaLR	1107	+	136	51429218	79294
chr14	104195767	104395767	harbor1	chr14	104213212	104213667	LTR/ERVL-MaLR	527	+	228	104213440	17673
chr14	104195767	104395767	harbor1	chr14	104233255	104233548	LTR/ERVL-MaLR	1552	+	146	104233401	37634
chr14	104195767	104395767	harbor1	chr14	104235061	104235368	LTR/ERVL-MaLR	1832	+	154	104235215	39448
chr14	104195767	104395767	harbor1	chr14	104272924	104273258	LTR/ERVL-MaLR	2110	+	167	104273091	77324
chr14	104195767	104395767	harbor1	chr14	104275861	104276045	LTR/ERVL-MaLR	582	+	92	104275953	80186
chr14	104195767	104395767	harbor1	chr14	104276341	104276505	LTR/ERVL-MaLR	582	+	82	104276423	80656
chr14	104195767	104395767	harbor1	chr14	104233550	104235060	LTR/ERVL-MaLR	10715	+	755	104234305	38538
chr14	65117756	65317756	harbor1	chr14	65168815	65169087	LTR/ERVL-MaLR	942	+	136	65168951	51195
chr14	65117756	65317756	harbor1	chr14	65177113	65177236	LTR/ERVL-MaLR	991	+	62	65177175	59419
chr14	65117756	65317756	harbor1	chr14	65177467	65177848	LTR/ERVL-MaLR	991	+	190	65177657	59901
chr14	65117756	65317756	harbor1	chr14	65180483	65180861	LTR/ERVL-MaLR	1245	+	189	65180672	62916
chr14	65117756	65317756	harbor1	chr14	65180972	65181024	LTR/ERVL-MaLR	710	+	26	65180998	63242
chr14	65117756	65317756	harbor1	chr14	65181319	65181444	LTR/ERVL-MaLR	710	+	62	65181381	63625
chr14	65117756	65317756	harbor1	chr14	65192706	65193088	LTR/ERVL-MaLR	1900	+	191	65192897	75141
chr14	65117756	65317756	harbor1	chr14	65193089	65193311	LTR/ERVL-MaLR	1215	+	111	65193200	75444
chr14	65117756	65317756	harbor1	chr14	65193646	65193794	LTR/ERVL-MaLR	1154	+	74	65193720	75964
chr14	65117756	65317756	harbor1	chr14	65200833	65201193	LTR/ERVL-MaLR	2181	+	180	65201013	83257
chr14	103423133	103623133	harbor1	chr14	103422847	103423158	LTR/ERVL-MaLR	925	+	156	103423003	130
chr14	93015942	93215942	harbor1	chr14	93023192	93023528	LTR/ERVL-MaLR	873	+	168	93023360	7418
chr14	93015942	93215942	harbor1	chr14	93030699	93031147	LTR/ERVL-MaLR	2147	+	224	93030923	14981
chr14	93015942	93215942	harbor1	chr14	93047186	93047318	LTR/ERVL-MaLR	502	+	66	93047252	31310
chr14	93015942	93215942	harbor1	chr14	93047319	93047762	LTR/ERVL-MaLR	1758	+	222	93047541	31599
chr14	93015942	93215942	harbor1	chr14	93047763	93048040	LTR/ERVL-MaLR	502	+	138	93047901	31959
chr14	93015942	93215942	harbor1	chr14	93097176	93097616	LTR/ERVL-MaLR	805	+	220	93097396	81454
chr14	99493150	99693150	harbor1	chr14	99530846	99531018	LTR/ERVL-MaLR	1049	+	86	99530932	37782
chr14	99493150	99693150	harbor1	chr14	99550105	99550546	LTR/ERVL-MaLR	1629	+	220	99550325	57175
chr14	99493150	99693150	harbor1	chr14	99558265	99558399	LTR/ERVL-MaLR	1145	+	67	99558332	65182
chr14	99493150	99693150	harbor1	chr14	99558647	99558796	LTR/ERVL-MaLR	1145	+	74	99558721	65571
chr14	99493150	99693150	harbor1	chr14	99558797	99559210	LTR/ERVL-MaLR	2378	+	206	99559003	65853
chr14	99493150	99693150	harbor1	chr14	99559211	99559362	LTR/ERVL-MaLR	1145	+	76	99559287	66137
chr14	90283244	90483244	harbor1	chr14	90298558	90298706	LTR/ERVL-MaLR	539	+	74	90298632	15388
chr14	90283244	90483244	harbor1	chr14	90311321	90311677	LTR/ERVL-MaLR	2322	+	178	90311499	28255
chr14	90283244	90483244	harbor1	chr14	90380092	90380507	LTR/ERVL-MaLR	2015	+	208	90380300	97056
chr14	23419129	23619129	harbor1	chr14	23449887	23450291	LTR/ERVL-MaLR	2515	+	202	23450089	30960
chr14	23419129	23619129	harbor1	chr14	23456958	23457301	LTR/ERVL-MaLR	1821	+	172	23457130	38001
chr14	23419129	23619129	harbor1	chr14	23457607	23457678	LTR/ERVL-MaLR	1821	+	36	23457643	38514
chr14	23419129	23619129	harbor1	chr14	23460785	23461253	LTR/ERVL-MaLR	1836	+	234	23461019	41890
chr14	100224155	100424155	harbor1	chr14	100251069	100251524	LTR/ERVL-MaLR	1515	+	228	100251297	27142
chr14	100224155	100424155	harbor1	chr14	100257440	100257794	LTR/ERVL-MaLR	1691	+	177	100257617	33462
chr14	100224155	100424155	harbor1	chr14	100288831	100289265	LTR/ERVL-MaLR	1620	+	217	100289048	64893
chr14	100224155	100424155	harbor1	chr14	100310911	100310960	LTR/ERVL-MaLR	553	+	24	100310935	86780
chr14	100224155	100424155	harbor1	chr14	100311137	100311225	LTR/ERVL-MaLR	553	+	44	100311181	87026
chr14	100224155	100424155	harbor1	chr14	100315134	100315602	LTR/ERVL-MaLR	1690	+	234	100315368	91213
chr14	100224155	100424155	harbor1	chr14	100315909	100315968	LTR/ERVL-MaLR	1690	+	30	100315939	91784
chr14	104833585	105033585	harbor1	chr14	104845632	104845955	LTR/ERVL-MaLR	1579	+	162	104845794	12209
chr14	104833585	105033585	harbor1	chr14	104869556	104869908	LTR/ERVL-MaLR	1407	+	176	104869732	36147
chr14	104833585	105033585	harbor1	chr14	104911287	104911577	LTR/ERVL-MaLR	873	+	145	104911432	77847
chr14	104833585	105033585	harbor1	chr14	104924293	104924672	LTR/ERVL-MaLR	625	+	190	104924483	90898
chr14	75328363	75528363	harbor1	chr14	75347031	75347428	LTR/ERVL-MaLR	2476	+	198	75347229	18866
chr14	75328363	75528363	harbor1	chr14	75349560	75349975	LTR/ERVL-MaLR	1844	+	208	75349768	21405
chr14	75328363	75528363	harbor1	chr14	75376258	75376605	LTR/ERVL-MaLR	2083	+	174	75376432	48069
chr14	75328363	75528363	harbor1	chr14	75377825	75378157	LTR/ERVL-MaLR	1463	+	166	75377991	49628
chr14	75328363	75528363	harbor1	chr14	75378160	75378888	LTR/ERVL-MaLR	3568	+	364	75378524	50161
chr14	75328363	75528363	harbor1	chr14	75379154	75379602	LTR/ERVL-MaLR	989	+	224	75379378	51015
chr14	75328363	75528363	harbor1	chr14	75379604	75379795	LTR/ERVL-MaLR	1265	+	96	75379700	51337
chr14	75328363	75528363	harbor1	chr14	75380236	75380364	LTR/ERVL-MaLR	1265	+	64	75380300	51937
chr14	75328363	75528363	harbor1	chr14	75399397	75399827	LTR/ERVL-MaLR	682	+	215	75399612	71249
chr14	75328363	75528363	harbor1	chr14	75402942	75403245	LTR/ERVL-MaLR	1349	+	152	75403094	74731
chr14	75328363	75528363	harbor1	chr14	75403838	75404080	LTR/ERVL-MaLR	851	+	121	75403959	75596
chr14	75328363	75528363	harbor1	chr14	75412251	75412406	LTR/ERVL-MaLR	2086	+	78	75412329	83966
chr14	75328363	75528363	harbor1	chr14	75412596	75412818	LTR/ERVL-MaLR	2086	+	111	75412707	84344
chr14	75328363	75528363	harbor1	chr14	75424360	75424760	LTR/ERVL-MaLR	906	+	200	75424560	96197
chr14	105103095	105303095	harbor1	chr14	105118100	105118297	LTR/ERVL-MaLR	671	+	98	105118198	15103
chr14	105103095	105303095	harbor1	chr14	105120567	105120916	LTR/ERVL-MaLR	1790	+	174	105120741	17646
chr14	105103095	105303095	harbor1	chr14	105173373	105173899	LTR/ERVL-MaLR	702	+	263	105173636	70541
chr14	105255513	105455513	harbor1	chr14	105275718	105275919	LTR/ERVL-MaLR	783	+	100	105275818	20305
chr14	105255513	105455513	harbor1	chr14	105304607	105304627	LTR/ERVL-MaLR	1136	+	10	105304617	49104
chr14	105255513	105455513	harbor1	chr14	105304983	105305118	LTR/ERVL-MaLR	1136	+	68	105305051	49538
chr14	105255513	105455513	harbor1	chr14	105305433	105305620	LTR/ERVL-MaLR	1136	+	94	105305527	50014
chr14	75328401	75528401	harbor1	chr14	75347031	75347428	LTR/ERVL-MaLR	2476	+	198	75347229	18828
chr14	75328401	75528401	harbor1	chr14	75349560	75349975	LTR/ERVL-MaLR	1844	+	208	75349768	21367
chr14	75328401	75528401	harbor1	chr14	75376258	75376605	LTR/ERVL-MaLR	2083	+	174	75376432	48031
chr14	75328401	75528401	harbor1	chr14	75377825	75378157	LTR/ERVL-MaLR	1463	+	166	75377991	49590
chr14	75328401	75528401	harbor1	chr14	75378160	75378888	LTR/ERVL-MaLR	3568	+	364	75378524	50123
chr14	75328401	75528401	harbor1	chr14	75379154	75379602	LTR/ERVL-MaLR	989	+	224	75379378	50977
chr14	75328401	75528401	harbor1	chr14	75379604	75379795	LTR/ERVL-MaLR	1265	+	96	75379700	51299
chr14	75328401	75528401	harbor1	chr14	75380236	75380364	LTR/ERVL-MaLR	1265	+	64	75380300	51899
chr14	75328401	75528401	harbor1	chr14	75399397	75399827	LTR/ERVL-MaLR	682	+	215	75399612	71211
chr14	75328401	75528401	harbor1	chr14	75402942	75403245	LTR/ERVL-MaLR	1349	+	152	75403094	74693
chr14	75328401	75528401	harbor1	chr14	75403838	75404080	LTR/ERVL-MaLR	851	+	121	75403959	75558
chr14	75328401	75528401	harbor1	chr14	75412251	75412406	LTR/ERVL-MaLR	2086	+	78	75412329	83928
chr14	75328401	75528401	harbor1	chr14	75412596	75412818	LTR/ERVL-MaLR	2086	+	111	75412707	84306
chr14	75328401	75528401	harbor1	chr14	75424360	75424760	LTR/ERVL-MaLR	906	+	200	75424560	96159
chr14	49792466	49992466	harbor1	chr14	49857490	49857990	LTR/ERVL-MaLR	1353	+	250	49857740	65274
chr14	49792466	49992466	harbor1	chr14	49865323	49865480	LTR/ERVL-MaLR	474	+	78	49865401	72935
chr14	90282174	90482174	harbor1	chr14	90298558	90298706	LTR/ERVL-MaLR	539	+	74	90298632	16458
chr14	90282174	90482174	harbor1	chr14	90311321	90311677	LTR/ERVL-MaLR	2322	+	178	90311499	29325
chr14	90282174	90482174	harbor1	chr14	90380092	90380507	LTR/ERVL-MaLR	2015	+	208	90380300	98126
chr14	104017094	104217094	harbor1	chr14	104045609	104045956	LTR/ERVL-MaLR	1294	+	174	104045783	28689
chr14	104017094	104217094	harbor1	chr14	104055119	104055501	LTR/ERVL-MaLR	495	+	191	104055310	38216
chr14	104017094	104217094	harbor1	chr14	104073924	104074299	LTR/ERVL-MaLR	983	+	188	104074112	57018
chr14	104017094	104217094	harbor1	chr14	104083565	104083934	LTR/ERVL-MaLR	1145	+	184	104083749	66655
chr14	100229913	100429913	harbor1	chr14	100251069	100251524	LTR/ERVL-MaLR	1515	+	228	100251297	21384
chr14	100229913	100429913	harbor1	chr14	100257440	100257794	LTR/ERVL-MaLR	1691	+	177	100257617	27704
chr14	100229913	100429913	harbor1	chr14	100288831	100289265	LTR/ERVL-MaLR	1620	+	217	100289048	59135
chr14	100229913	100429913	harbor1	chr14	100310911	100310960	LTR/ERVL-MaLR	553	+	24	100310935	81022
chr14	100229913	100429913	harbor1	chr14	100311137	100311225	LTR/ERVL-MaLR	553	+	44	100311181	81268
chr14	100229913	100429913	harbor1	chr14	100315134	100315602	LTR/ERVL-MaLR	1690	+	234	100315368	85455
chr14	100229913	100429913	harbor1	chr14	100315909	100315968	LTR/ERVL-MaLR	1690	+	30	100315939	86026
chr14	100185630	100385630	harbor1	chr14	100186975	100187025	LTR/ERVL-MaLR	1063	+	25	100187000	1370
chr14	100185630	100385630	harbor1	chr14	100187329	100187786	LTR/ERVL-MaLR	1063	+	228	100187557	1927
chr14	100185630	100385630	harbor1	chr14	100188270	100188971	LTR/ERVL-MaLR	2598	+	350	100188620	2990
chr14	100185630	100385630	harbor1	chr14	100188972	100189013	LTR/ERVL-MaLR	758	+	20	100188992	3362
chr14	100185630	100385630	harbor1	chr14	100189311	100189585	LTR/ERVL-MaLR	1074	+	137	100189448	3818
chr14	100185630	100385630	harbor1	chr14	100251069	100251524	LTR/ERVL-MaLR	1515	+	228	100251297	65667
chr14	100185630	100385630	harbor1	chr14	100257440	100257794	LTR/ERVL-MaLR	1691	+	177	100257617	71987
chr14	100118258	100318258	harbor1	chr14	100186975	100187025	LTR/ERVL-MaLR	1063	+	25	100187000	68742
chr14	100118258	100318258	harbor1	chr14	100187329	100187786	LTR/ERVL-MaLR	1063	+	228	100187557	69299
chr14	100118258	100318258	harbor1	chr14	100188270	100188971	LTR/ERVL-MaLR	2598	+	350	100188620	70362
chr14	100118258	100318258	harbor1	chr14	100188972	100189013	LTR/ERVL-MaLR	758	+	20	100188992	70734
chr14	100118258	100318258	harbor1	chr14	100189311	100189585	LTR/ERVL-MaLR	1074	+	137	100189448	71190
chr14	103419639	103619639	harbor1	chr14	103422847	103423158	LTR/ERVL-MaLR	925	+	156	103423003	3364
chr14	67482246	67682246	harbor1	chr14	67486123	67486273	LTR/ERVL-MaLR	1805	+	75	67486198	3952
chr14	67482246	67682246	harbor1	chr14	67486572	67486777	LTR/ERVL-MaLR	1805	+	102	67486674	4428
chr14	67482246	67682246	harbor1	chr14	67493603	67493838	LTR/ERVL-MaLR	536	+	118	67493721	11475
chr14	72958440	73158440	harbor1	chr14	72973043	72973207	LTR/ERVL-MaLR	854	+	82	72973125	14685
chr14	72958440	73158440	harbor1	chr14	72973519	72973875	LTR/ERVL-MaLR	854	+	178	72973697	15257
chr14	104457988	104657988	harbor1	chr14	104501440	104501801	LTR/ERVL-MaLR	2472	+	180	104501620	43632
chr14	104457988	104657988	harbor1	chr14	104503026	104503450	LTR/ERVL-MaLR	2434	+	212	104503238	45250
chr14	104457988	104657988	harbor1	chr14	104504676	104505077	LTR/ERVL-MaLR	593	+	200	104504876	46888
chr14	104457988	104657988	harbor1	chr14	104525187	104525511	LTR/ERVL-MaLR	1716	+	162	104525349	67361
chr14	104457988	104657988	harbor1	chr14	104550138	104550429	LTR/ERVL-MaLR	557	+	146	104550284	92296
chr14	75328399	75528399	harbor1	chr14	75347031	75347428	LTR/ERVL-MaLR	2476	+	198	75347229	18830
chr14	75328399	75528399	harbor1	chr14	75349560	75349975	LTR/ERVL-MaLR	1844	+	208	75349768	21369
chr14	75328399	75528399	harbor1	chr14	75376258	75376605	LTR/ERVL-MaLR	2083	+	174	75376432	48033
chr14	75328399	75528399	harbor1	chr14	75377825	75378157	LTR/ERVL-MaLR	1463	+	166	75377991	49592
chr14	75328399	75528399	harbor1	chr14	75378160	75378888	LTR/ERVL-MaLR	3568	+	364	75378524	50125
chr14	75328399	75528399	harbor1	chr14	75379154	75379602	LTR/ERVL-MaLR	989	+	224	75379378	50979
chr14	75328399	75528399	harbor1	chr14	75379604	75379795	LTR/ERVL-MaLR	1265	+	96	75379700	51301
chr14	75328399	75528399	harbor1	chr14	75380236	75380364	LTR/ERVL-MaLR	1265	+	64	75380300	51901
chr14	75328399	75528399	harbor1	chr14	75399397	75399827	LTR/ERVL-MaLR	682	+	215	75399612	71213
chr14	75328399	75528399	harbor1	chr14	75402942	75403245	LTR/ERVL-MaLR	1349	+	152	75403094	74695
chr14	75328399	75528399	harbor1	chr14	75403838	75404080	LTR/ERVL-MaLR	851	+	121	75403959	75560
chr14	75328399	75528399	harbor1	chr14	75412251	75412406	LTR/ERVL-MaLR	2086	+	78	75412329	83930
chr14	75328399	75528399	harbor1	chr14	75412596	75412818	LTR/ERVL-MaLR	2086	+	111	75412707	84308
chr14	75328399	75528399	harbor1	chr14	75424360	75424760	LTR/ERVL-MaLR	906	+	200	75424560	96161
chr14	88724593	88924593	harbor1	chr14	88769137	88769518	LTR/ERVL-MaLR	2201	+	190	88769327	44734
chr14	88724593	88924593	harbor1	chr14	88778826	88779231	LTR/ERVL-MaLR	551	+	202	88779028	54435
chr14	88724593	88924593	harbor1	chr14	88781543	88781911	LTR/ERVL-MaLR	2483	+	184	88781727	57134
chr14	88724593	88924593	harbor1	chr14	88781922	88782800	LTR/ERVL-MaLR	5585	+	439	88782361	57768
chr14	88724593	88924593	harbor1	chr14	88783111	88783300	LTR/ERVL-MaLR	5585	+	94	88783205	58612
chr14	88724593	88924593	harbor1	chr14	88786545	88786892	LTR/ERVL-MaLR	2344	+	174	88786719	62126
chr14	88724593	88924593	harbor1	chr14	88802620	88802686	LTR/ERVL-MaLR	2068	+	33	88802653	78060
chr14	88724593	88924593	harbor1	chr14	88803210	88803594	LTR/ERVL-MaLR	2068	+	192	88803402	78809
chr14	73545047	73745047	harbor1	chr14	73598036	73598092	LTR/ERVL-MaLR	794	+	28	73598064	53017
chr14	73545047	73745047	harbor1	chr14	73598406	73598584	LTR/ERVL-MaLR	794	+	89	73598495	53448
chr14	73545047	73745047	harbor1	chr14	73599021	73599325	LTR/ERVL-MaLR	738	+	152	73599173	54126
chr14	73545047	73745047	harbor1	chr14	73623349	73623405	LTR/ERVL-MaLR	2080	+	28	73623377	78330
chr14	73545047	73745047	harbor1	chr14	73623693	73624004	LTR/ERVL-MaLR	2080	+	156	73623849	78802
chr14	73545047	73745047	harbor1	chr14	73624598	73624673	LTR/ERVL-MaLR	2080	+	38	73624636	79589
chr14	67141311	67341311	harbor1	chr14	67232035	67232514	LTR/ERVL-MaLR	1441	+	240	67232275	90964
chr14	94469585	94669585	harbor1	chr14	94498879	94499146	LTR/ERVL-MaLR	453	+	134	94499013	29428
chr14	94469585	94669585	harbor1	chr14	94520939	94521309	LTR/ERVL-MaLR	1636	+	185	94521124	51539
chr14	94469585	94669585	harbor1	chr14	94526805	94527169	LTR/ERVL-MaLR	1942	+	182	94526987	57402
chr14	94469585	94669585	harbor1	chr14	94547475	94547839	LTR/ERVL-MaLR	2799	+	182	94547657	78072
chr14	94469585	94669585	harbor1	chr14	94557471	94557651	LTR/ERVL-MaLR	493	+	90	94557561	87976
chr14	100182074	100382074	harbor1	chr14	100186975	100187025	LTR/ERVL-MaLR	1063	+	25	100187000	4926
chr14	100182074	100382074	harbor1	chr14	100187329	100187786	LTR/ERVL-MaLR	1063	+	228	100187557	5483
chr14	100182074	100382074	harbor1	chr14	100188270	100188971	LTR/ERVL-MaLR	2598	+	350	100188620	6546
chr14	100182074	100382074	harbor1	chr14	100188972	100189013	LTR/ERVL-MaLR	758	+	20	100188992	6918
chr14	100182074	100382074	harbor1	chr14	100189311	100189585	LTR/ERVL-MaLR	1074	+	137	100189448	7374
chr14	100182074	100382074	harbor1	chr14	100251069	100251524	LTR/ERVL-MaLR	1515	+	228	100251297	69223
chr14	100182074	100382074	harbor1	chr14	100257440	100257794	LTR/ERVL-MaLR	1691	+	177	100257617	75543
chr14	21337357	21537357	harbor1	chr14	21372468	21372721	LTR/ERVL-MaLR	713	+	126	21372594	35237
chr14	21337357	21537357	harbor1	chr14	21406272	21406640	LTR/ERVL-MaLR	527	+	184	21406456	69099
chr14	21337357	21537357	harbor1	chr14	21421703	21422058	LTR/ERVL-MaLR	1879	+	178	21421881	84524
chr14	21337357	21537357	harbor1	chr14	21422360	21422421	LTR/ERVL-MaLR	1879	+	30	21422390	85033
chr14	100146444	100346444	harbor1	chr14	100186975	100187025	LTR/ERVL-MaLR	1063	+	25	100187000	40556
chr14	100146444	100346444	harbor1	chr14	100187329	100187786	LTR/ERVL-MaLR	1063	+	228	100187557	41113
chr14	100146444	100346444	harbor1	chr14	100188270	100188971	LTR/ERVL-MaLR	2598	+	350	100188620	42176
chr14	100146444	100346444	harbor1	chr14	100188972	100189013	LTR/ERVL-MaLR	758	+	20	100188992	42548
chr14	100146444	100346444	harbor1	chr14	100189311	100189585	LTR/ERVL-MaLR	1074	+	137	100189448	43004
chr14	99493157	99693157	harbor1	chr14	99530846	99531018	LTR/ERVL-MaLR	1049	+	86	99530932	37775
chr14	99493157	99693157	harbor1	chr14	99550105	99550546	LTR/ERVL-MaLR	1629	+	220	99550325	57168
chr14	99493157	99693157	harbor1	chr14	99558265	99558399	LTR/ERVL-MaLR	1145	+	67	99558332	65175
chr14	99493157	99693157	harbor1	chr14	99558647	99558796	LTR/ERVL-MaLR	1145	+	74	99558721	65564
chr14	99493157	99693157	harbor1	chr14	99558797	99559210	LTR/ERVL-MaLR	2378	+	206	99559003	65846
chr14	99493157	99693157	harbor1	chr14	99559211	99559362	LTR/ERVL-MaLR	1145	+	76	99559287	66130
chr14	90283172	90483172	harbor1	chr14	90298558	90298706	LTR/ERVL-MaLR	539	+	74	90298632	15460
chr14	90283172	90483172	harbor1	chr14	90311321	90311677	LTR/ERVL-MaLR	2322	+	178	90311499	28327
chr14	90283172	90483172	harbor1	chr14	90380092	90380507	LTR/ERVL-MaLR	2015	+	208	90380300	97128
chr14	92893583	93093583	harbor1	chr14	92893546	92893966	LTR/ERVL-MaLR	2377	+	210	92893756	173
chr14	92893583	93093583	harbor1	chr14	92894551	92894841	LTR/ERVL-MaLR	1401	+	145	92894696	1113
chr14	92893583	93093583	harbor1	chr14	92895058	92895157	LTR/ERVL-MaLR	976	+	50	92895108	1525
chr14	92893583	93093583	harbor1	chr14	92895594	92895726	LTR/ERVL-MaLR	976	+	66	92895660	2077
chr14	92893583	93093583	harbor1	chr14	92961718	92962081	LTR/ERVL-MaLR	1407	+	182	92961900	68317
chr14	92893583	93093583	harbor1	chr14	92972213	92972567	LTR/ERVL-MaLR	1813	+	177	92972390	78807
chr14	92893583	93093583	harbor1	chr14	92975806	92976162	LTR/ERVL-MaLR	2337	+	178	92975984	82401
chr14	92893583	93093583	harbor1	chr14	92977488	92977867	LTR/ERVL-MaLR	2061	+	190	92977678	84095
chr14	92893583	93093583	harbor1	chr14	92979461	92979804	LTR/ERVL-MaLR	1870	+	172	92979633	86050
chr14	92893583	93093583	harbor1	chr14	92980081	92980120	LTR/ERVL-MaLR	1870	+	20	92980101	86518
chr14	92893583	93093583	harbor1	chr14	92982363	92982737	LTR/ERVL-MaLR	1159	+	187	92982550	88967
chr14	92893583	93093583	harbor1	chr14	92990039	92990527	LTR/ERVL-MaLR	914	+	244	92990283	96700
chr14	92893583	93093583	harbor1	chr14	92977868	92979460	LTR/ERVL-MaLR	11476	+	796	92978664	85081
chr14	100185510	100385510	harbor1	chr14	100186975	100187025	LTR/ERVL-MaLR	1063	+	25	100187000	1490
chr14	100185510	100385510	harbor1	chr14	100187329	100187786	LTR/ERVL-MaLR	1063	+	228	100187557	2047
chr14	100185510	100385510	harbor1	chr14	100188270	100188971	LTR/ERVL-MaLR	2598	+	350	100188620	3110
chr14	100185510	100385510	harbor1	chr14	100188972	100189013	LTR/ERVL-MaLR	758	+	20	100188992	3482
chr14	100185510	100385510	harbor1	chr14	100189311	100189585	LTR/ERVL-MaLR	1074	+	137	100189448	3938
chr14	100185510	100385510	harbor1	chr14	100251069	100251524	LTR/ERVL-MaLR	1515	+	228	100251297	65787
chr14	100185510	100385510	harbor1	chr14	100257440	100257794	LTR/ERVL-MaLR	1691	+	177	100257617	72107
chr14	75328390	75528390	harbor1	chr14	75347031	75347428	LTR/ERVL-MaLR	2476	+	198	75347229	18839
chr14	75328390	75528390	harbor1	chr14	75349560	75349975	LTR/ERVL-MaLR	1844	+	208	75349768	21378
chr14	75328390	75528390	harbor1	chr14	75376258	75376605	LTR/ERVL-MaLR	2083	+	174	75376432	48042
chr14	75328390	75528390	harbor1	chr14	75377825	75378157	LTR/ERVL-MaLR	1463	+	166	75377991	49601
chr14	75328390	75528390	harbor1	chr14	75378160	75378888	LTR/ERVL-MaLR	3568	+	364	75378524	50134
chr14	75328390	75528390	harbor1	chr14	75379154	75379602	LTR/ERVL-MaLR	989	+	224	75379378	50988
chr14	75328390	75528390	harbor1	chr14	75379604	75379795	LTR/ERVL-MaLR	1265	+	96	75379700	51310
chr14	75328390	75528390	harbor1	chr14	75380236	75380364	LTR/ERVL-MaLR	1265	+	64	75380300	51910
chr14	75328390	75528390	harbor1	chr14	75399397	75399827	LTR/ERVL-MaLR	682	+	215	75399612	71222
chr14	75328390	75528390	harbor1	chr14	75402942	75403245	LTR/ERVL-MaLR	1349	+	152	75403094	74704
chr14	75328390	75528390	harbor1	chr14	75403838	75404080	LTR/ERVL-MaLR	851	+	121	75403959	75569
chr14	75328390	75528390	harbor1	chr14	75412251	75412406	LTR/ERVL-MaLR	2086	+	78	75412329	83939
chr14	75328390	75528390	harbor1	chr14	75412596	75412818	LTR/ERVL-MaLR	2086	+	111	75412707	84317
chr14	75328390	75528390	harbor1	chr14	75424360	75424760	LTR/ERVL-MaLR	906	+	200	75424560	96170
chr14	100229963	100429963	harbor1	chr14	100251069	100251524	LTR/ERVL-MaLR	1515	+	228	100251297	21334
chr14	100229963	100429963	harbor1	chr14	100257440	100257794	LTR/ERVL-MaLR	1691	+	177	100257617	27654
chr14	100229963	100429963	harbor1	chr14	100288831	100289265	LTR/ERVL-MaLR	1620	+	217	100289048	59085
chr14	100229963	100429963	harbor1	chr14	100310911	100310960	LTR/ERVL-MaLR	553	+	24	100310935	80972
chr14	100229963	100429963	harbor1	chr14	100311137	100311225	LTR/ERVL-MaLR	553	+	44	100311181	81218
chr14	100229963	100429963	harbor1	chr14	100315134	100315602	LTR/ERVL-MaLR	1690	+	234	100315368	85405
chr14	100229963	100429963	harbor1	chr14	100315909	100315968	LTR/ERVL-MaLR	1690	+	30	100315939	85976
chr14	23251947	23451947	harbor1	chr14	23291361	23291490	LTR/ERVL-MaLR	2072	+	64	23291425	39478
chr14	23251947	23451947	harbor1	chr14	23291789	23292059	LTR/ERVL-MaLR	2072	+	135	23291924	39977
chr14	23251947	23451947	harbor1	chr14	23331352	23331684	LTR/ERVL-MaLR	1642	+	166	23331518	79571
chr14	23251947	23451947	harbor1	chr14	23339849	23340219	LTR/ERVL-MaLR	1928	+	185	23340034	88087
chr14	71816792	72016792	harbor1	chr14	71829423	71829741	LTR/ERVL-MaLR	713	+	159	71829582	12790
chr14	71816792	72016792	harbor1	chr14	71869723	71870064	LTR/ERVL-MaLR	1474	+	170	71869893	53101
chr14	71816792	72016792	harbor1	chr14	71879446	71879808	LTR/ERVL-MaLR	2496	+	181	71879627	62835
chr14	71816792	72016792	harbor1	chr14	71879809	71881385	LTR/ERVL-MaLR	12548	+	788	71880597	63805
chr14	71816792	72016792	harbor1	chr14	71881386	71881747	LTR/ERVL-MaLR	2453	+	180	71881566	64774
chr14	71816792	72016792	harbor1	chr14	71889703	71890176	LTR/ERVL-MaLR	2121	+	236	71889939	73147
chr14	71816792	72016792	harbor1	chr14	71901733	71902216	LTR/ERVL-MaLR	1163	+	242	71901975	85183
chr14	71816792	72016792	harbor1	chr14	71904108	71904691	LTR/ERVL-MaLR	1165	+	292	71904400	87608
chr14	71816792	72016792	harbor1	chr14	71915696	71916097	LTR/ERVL-MaLR	2070	+	200	71915896	99104
chr14	104542901	104742901	harbor1	chr14	104550138	104550429	LTR/ERVL-MaLR	557	+	146	104550284	7383
chr14	104542901	104742901	harbor1	chr14	104597492	104597782	LTR/ERVL-MaLR	808	+	145	104597637	54736
chr14	104542901	104742901	harbor1	chr14	104602832	104603062	LTR/ERVL-MaLR	639	+	115	104602947	60046
chr14	104542901	104742901	harbor1	chr14	104607411	104607816	LTR/ERVL-MaLR	2558	+	202	104607613	64712
chr14	104542901	104742901	harbor1	chr14	104610042	104610278	LTR/ERVL-MaLR	929	+	118	104610160	67259
chr14	104542901	104742901	harbor1	chr14	104610279	104610657	LTR/ERVL-MaLR	1522	+	189	104610468	67567
chr14	104542901	104742901	harbor1	chr14	104626344	104626744	LTR/ERVL-MaLR	2209	+	200	104626544	83643
chr14	104542901	104742901	harbor1	chr14	104627639	104628061	LTR/ERVL-MaLR	2844	+	211	104627850	84949
chr14	104017097	104217097	harbor1	chr14	104045609	104045956	LTR/ERVL-MaLR	1294	+	174	104045783	28686
chr14	104017097	104217097	harbor1	chr14	104055119	104055501	LTR/ERVL-MaLR	495	+	191	104055310	38213
chr14	104017097	104217097	harbor1	chr14	104073924	104074299	LTR/ERVL-MaLR	983	+	188	104074112	57015
chr14	104017097	104217097	harbor1	chr14	104083565	104083934	LTR/ERVL-MaLR	1145	+	184	104083749	66652
chr14	100581636	100781636	harbor1	chr14	100603029	100603311	LTR/ERVL-MaLR	716	+	141	100603170	21534
chr14	100581636	100781636	harbor1	chr14	100625646	100626047	LTR/ERVL-MaLR	2304	+	200	100625846	44210
chr14	100581636	100781636	harbor1	chr14	100642522	100642619	LTR/ERVL-MaLR	1152	+	48	100642570	60934
chr14	100581636	100781636	harbor1	chr14	100642937	100643239	LTR/ERVL-MaLR	1152	+	151	100643088	61452
chr14	100581636	100781636	harbor1	chr14	100646921	100647258	LTR/ERVL-MaLR	1563	+	168	100647089	65453
chr14	100581636	100781636	harbor1	chr14	100647261	100647911	LTR/ERVL-MaLR	6174	+	325	100647586	65950
chr14	100581636	100781636	harbor1	chr14	100648225	100649479	LTR/ERVL-MaLR	6174	+	627	100648852	67216
chr14	100581636	100781636	harbor1	chr14	100649480	100649573	LTR/ERVL-MaLR	1893	+	46	100649526	67890
chr14	100581636	100781636	harbor1	chr14	100649574	100649966	LTR/ERVL-MaLR	2527	+	196	100649770	68134
chr14	100581636	100781636	harbor1	chr14	100649967	100650234	LTR/ERVL-MaLR	1893	+	134	100650101	68465
chr14	100581636	100781636	harbor1	chr14	100651772	100652298	LTR/ERVL-MaLR	1400	+	263	100652035	70399
chr14	20369071	20569071	harbor1	chr14	20388644	20388813	LTR/ERVL-MaLR	622	+	84	20388728	19657
chr14	20369071	20569071	harbor1	chr14	20416543	20416897	LTR/ERVL-MaLR	1550	+	177	20416720	47649
chr14	20369071	20569071	harbor1	chr14	20419365	20419926	LTR/ERVL-MaLR	2095	+	280	20419645	50574
chr14	20369071	20569071	harbor1	chr14	20414363	20414720	LTR/ERVL-MaLR	1379	+	178	20414541	45470
chr14	75328424	75528424	harbor1	chr14	75347031	75347428	LTR/ERVL-MaLR	2476	+	198	75347229	18805
chr14	75328424	75528424	harbor1	chr14	75349560	75349975	LTR/ERVL-MaLR	1844	+	208	75349768	21344
chr14	75328424	75528424	harbor1	chr14	75376258	75376605	LTR/ERVL-MaLR	2083	+	174	75376432	48008
chr14	75328424	75528424	harbor1	chr14	75377825	75378157	LTR/ERVL-MaLR	1463	+	166	75377991	49567
chr14	75328424	75528424	harbor1	chr14	75378160	75378888	LTR/ERVL-MaLR	3568	+	364	75378524	50100
chr14	75328424	75528424	harbor1	chr14	75379154	75379602	LTR/ERVL-MaLR	989	+	224	75379378	50954
chr14	75328424	75528424	harbor1	chr14	75379604	75379795	LTR/ERVL-MaLR	1265	+	96	75379700	51276
chr14	75328424	75528424	harbor1	chr14	75380236	75380364	LTR/ERVL-MaLR	1265	+	64	75380300	51876
chr14	75328424	75528424	harbor1	chr14	75399397	75399827	LTR/ERVL-MaLR	682	+	215	75399612	71188
chr14	75328424	75528424	harbor1	chr14	75402942	75403245	LTR/ERVL-MaLR	1349	+	152	75403094	74670
chr14	75328424	75528424	harbor1	chr14	75403838	75404080	LTR/ERVL-MaLR	851	+	121	75403959	75535
chr14	75328424	75528424	harbor1	chr14	75412251	75412406	LTR/ERVL-MaLR	2086	+	78	75412329	83905
chr14	75328424	75528424	harbor1	chr14	75412596	75412818	LTR/ERVL-MaLR	2086	+	111	75412707	84283
chr14	75328424	75528424	harbor1	chr14	75424360	75424760	LTR/ERVL-MaLR	906	+	200	75424560	96136
chr14	23252088	23452088	harbor1	chr14	23291361	23291490	LTR/ERVL-MaLR	2072	+	64	23291425	39337
chr14	23252088	23452088	harbor1	chr14	23291789	23292059	LTR/ERVL-MaLR	2072	+	135	23291924	39836
chr14	23252088	23452088	harbor1	chr14	23331352	23331684	LTR/ERVL-MaLR	1642	+	166	23331518	79430
chr14	23252088	23452088	harbor1	chr14	23339849	23340219	LTR/ERVL-MaLR	1928	+	185	23340034	87946
chr14	21337368	21537368	harbor1	chr14	21372468	21372721	LTR/ERVL-MaLR	713	+	126	21372594	35226
chr14	21337368	21537368	harbor1	chr14	21406272	21406640	LTR/ERVL-MaLR	527	+	184	21406456	69088
chr14	21337368	21537368	harbor1	chr14	21421703	21422058	LTR/ERVL-MaLR	1879	+	178	21421881	84513
chr14	21337368	21537368	harbor1	chr14	21422360	21422421	LTR/ERVL-MaLR	1879	+	30	21422390	85022
chr14	50142883	50342883	harbor1	chr14	50175977	50176352	LTR/ERVL-MaLR	1961	+	188	50176165	33282
chr14	50142883	50342883	harbor1	chr14	50178119	50178459	LTR/ERVL-MaLR	1874	+	170	50178289	35406
chr14	20357270	20557270	harbor1	chr14	20358385	20358753	LTR/ERVL-MaLR	2425	+	184	20358569	1299
chr14	20357270	20557270	harbor1	chr14	20363095	20363219	LTR/ERVL-MaLR	521	+	62	20363157	5887
chr14	20357270	20557270	harbor1	chr14	20364311	20364466	LTR/ERVL-MaLR	613	+	78	20364389	7119
chr14	20357270	20557270	harbor1	chr14	20364495	20364623	LTR/ERVL-MaLR	463	+	64	20364559	7289
chr14	20357270	20557270	harbor1	chr14	20388644	20388813	LTR/ERVL-MaLR	622	+	84	20388728	31458
chr14	20357270	20557270	harbor1	chr14	20416543	20416897	LTR/ERVL-MaLR	1550	+	177	20416720	59450
chr14	20357270	20557270	harbor1	chr14	20419365	20419926	LTR/ERVL-MaLR	2095	+	280	20419645	62375
chr14	20357270	20557270	harbor1	chr14	20414363	20414720	LTR/ERVL-MaLR	1379	+	178	20414541	57271
chr14	104877001	105077001	harbor1	chr14	104911287	104911577	LTR/ERVL-MaLR	873	+	145	104911432	34431
chr14	104877001	105077001	harbor1	chr14	104924293	104924672	LTR/ERVL-MaLR	625	+	190	104924483	47482
chr14	104877001	105077001	harbor1	chr14	104935488	104936062	LTR/ERVL-MaLR	1812	+	287	104935775	58774
chr14	99416276	99616276	harbor1	chr14	99428734	99428995	LTR/ERVL-MaLR	1038	+	130	99428864	12588
chr14	99416276	99616276	harbor1	chr14	99459811	99459946	LTR/ERVL-MaLR	567	+	68	99459879	43603
chr14	95435221	95635221	harbor1	chr14	95436076	95436573	LTR/ERVL-MaLR	1311	+	248	95436324	1103
chr14	100012246	100212246	harbor1	chr14	100035839	100035976	LTR/ERVL-MaLR	706	+	68	100035907	23661
chr14	100012246	100212246	harbor1	chr14	100036316	100036636	LTR/ERVL-MaLR	706	+	160	100036476	24230
chr14	100012246	100212246	harbor1	chr14	100036792	100037153	LTR/ERVL-MaLR	1567	+	180	100036972	24726
chr14	100012246	100212246	harbor1	chr14	100062744	100062815	LTR/ERVL-MaLR	1326	+	36	100062780	50534
chr14	100012246	100212246	harbor1	chr14	100063119	100063518	LTR/ERVL-MaLR	1326	+	200	100063319	51073
chr14	67500383	67700383	harbor1	chr14	67595532	67595677	LTR/ERVL-MaLR	589	+	72	67595604	95221
chr14	81336737	81536737	harbor1	chr14	81345197	81345501	LTR/ERVL-MaLR	2025	+	152	81345349	8612
chr14	81336737	81536737	harbor1	chr14	81345774	81345836	LTR/ERVL-MaLR	2025	+	31	81345805	9068
chr14	81336737	81536737	harbor1	chr14	81394427	81394958	LTR/ERVL-MaLR	2334	+	266	81394693	57956
chr14	81336737	81536737	harbor1	chr14	81410321	81410507	LTR/ERVL-MaLR	584	+	93	81410414	73677
chr14	81336737	81536737	harbor1	chr14	81410497	81410666	LTR/ERVL-MaLR	788	+	84	81410581	73844
chr14	81336737	81536737	harbor1	chr14	81422086	81422513	LTR/ERVL-MaLR	2322	+	214	81422300	85563
chr14	81336737	81536737	harbor1	chr14	81433594	81433878	LTR/ERVL-MaLR	874	+	142	81433736	96999
chr14	105287660	105487660	harbor1	chr14	105304607	105304627	LTR/ERVL-MaLR	1136	+	10	105304617	16957
chr14	105287660	105487660	harbor1	chr14	105304983	105305118	LTR/ERVL-MaLR	1136	+	68	105305051	17391
chr14	105287660	105487660	harbor1	chr14	105305433	105305620	LTR/ERVL-MaLR	1136	+	94	105305527	17867
chr14	55029359	55229359	harbor1	chr14	55125136	55125513	LTR/ERVL-MaLR	1937	+	188	55125324	95965
chr14	104785132	104985132	harbor1	chr14	104818581	104818807	LTR/ERVL-MaLR	560	+	113	104818694	33562
chr14	104785132	104985132	harbor1	chr14	104829004	104829324	LTR/ERVL-MaLR	1212	+	160	104829164	44032
chr14	104785132	104985132	harbor1	chr14	104845632	104845955	LTR/ERVL-MaLR	1579	+	162	104845794	60662
chr14	104785132	104985132	harbor1	chr14	104869556	104869908	LTR/ERVL-MaLR	1407	+	176	104869732	84600
chr14	21306992	21506992	harbor1	chr14	21372468	21372721	LTR/ERVL-MaLR	713	+	126	21372594	65602
chr14	21306992	21506992	harbor1	chr14	21406272	21406640	LTR/ERVL-MaLR	527	+	184	21406456	99464
chr14	91224876	91424876	harbor1	chr14	91230494	91230677	LTR/ERVL-MaLR	775	+	92	91230586	5710
chr14	91224876	91424876	harbor1	chr14	91250864	91251371	LTR/ERVL-MaLR	1349	+	254	91251118	26242
chr14	91224876	91424876	harbor1	chr14	91251672	91251724	LTR/ERVL-MaLR	1349	+	26	91251698	26822
chr14	91224876	91424876	harbor1	chr14	91260449	91260491	LTR/ERVL-MaLR	1939	+	21	91260470	35594
chr14	91224876	91424876	harbor1	chr14	91260793	91261239	LTR/ERVL-MaLR	1939	+	223	91261016	36140
chr14	91224876	91424876	harbor1	chr14	91295748	91296128	LTR/ERVL-MaLR	1244	+	190	91295938	71062
chr14	105819141	106019141	harbor1	chr14	105846922	105847386	LTR/ERVL-MaLR	2445	+	232	105847154	28013
chr14	105819141	106019141	harbor1	chr14	105847869	105849166	LTR/ERVL-MaLR	6363	+	648	105848517	29376
chr14	105819141	106019141	harbor1	chr14	105849167	105849607	LTR/ERVL-MaLR	2008	+	220	105849387	30246
chr14	105819141	106019141	harbor1	chr14	105850838	105851091	LTR/ERVL-MaLR	1041	+	126	105850964	31823
chr14	69474346	69674346	harbor1	chr14	69538383	69538851	LTR/ERVL-MaLR	1420	+	234	69538617	64271
chr14	69474346	69674346	harbor1	chr14	69553264	69553455	LTR/ERVL-MaLR	692	+	96	69553360	79014
chr15	31114834	31314834	harbor1	chr15	31132669	31133028	LTR/ERVL-MaLR	2668	+	180	31132849	18015
chr15	31114834	31314834	harbor1	chr15	31135553	31135962	LTR/ERVL-MaLR	2469	+	204	31135757	20923
chr15	31114834	31314834	harbor1	chr15	31140032	31140084	LTR/ERVL-MaLR	2310	+	26	31140058	25224
chr15	31114834	31314834	harbor1	chr15	31140410	31140803	LTR/ERVL-MaLR	2310	+	196	31140606	25772
chr15	31114834	31314834	harbor1	chr15	31188475	31188875	LTR/ERVL-MaLR	2606	+	200	31188675	73841
chr15	31114834	31314834	harbor1	chr15	31207717	31208019	LTR/ERVL-MaLR	1450	+	151	31207868	93034
chr15	31114834	31314834	harbor1	chr15	31208320	31208371	LTR/ERVL-MaLR	1450	+	26	31208346	93512
chr15	31114834	31314834	harbor1	chr15	31211187	31211627	LTR/ERVL-MaLR	1315	+	220	31211407	96573
chr15	89279015	89479015	harbor1	chr15	89349763	89350100	LTR/ERVL-MaLR	1750	+	168	89349931	70916
chr15	29169894	29369894	harbor1	chr15	29170666	29170848	LTR/ERVL-MaLR	825	+	91	29170757	863
chr15	29169894	29369894	harbor1	chr15	29171232	29171252	LTR/ERVL-MaLR	825	+	10	29171242	1348
chr15	29169894	29369894	harbor1	chr15	29240028	29240080	LTR/ERVL-MaLR	1575	+	26	29240054	70160
chr15	29169894	29369894	harbor1	chr15	29240393	29240700	LTR/ERVL-MaLR	1575	+	154	29240547	70653
chr15	50319048	50519048	harbor1	chr15	50320545	50321065	LTR/ERVL-MaLR	2272	+	260	50320805	1757
chr15	50319048	50519048	harbor1	chr15	50331081	50331359	LTR/ERVL-MaLR	419	+	139	50331220	12172
chr15	50319048	50519048	harbor1	chr15	50339965	50340320	LTR/ERVL-MaLR	1778	+	178	50340143	21095
chr15	50319048	50519048	harbor1	chr15	50361718	50362024	LTR/ERVL-MaLR	1321	+	153	50361871	42823
chr15	50319048	50519048	harbor1	chr15	50368924	50369231	LTR/ERVL-MaLR	1313	+	154	50369078	50030
chr15	50319048	50519048	harbor1	chr15	50382384	50382691	LTR/ERVL-MaLR	1460	+	154	50382538	63490
chr15	50319048	50519048	harbor1	chr15	50400133	50400509	LTR/ERVL-MaLR	2253	+	188	50400321	81273
chr15	32313757	32513757	harbor1	chr15	32315718	32315929	LTR/ERVL-MaLR	636	+	106	32315824	2067
chr15	32313757	32513757	harbor1	chr15	32320481	32321031	LTR/ERVL-MaLR	1931	+	275	32320756	6999
chr15	32313757	32513757	harbor1	chr15	32338586	32338931	LTR/ERVL-MaLR	1469	+	172	32338758	25001
chr15	67421763	67621763	harbor1	chr15	67428388	67428568	LTR/ERVL-MaLR	2240	+	90	67428478	6715
chr15	67421763	67621763	harbor1	chr15	67428864	67429175	LTR/ERVL-MaLR	2240	+	156	67429020	7257
chr15	67421763	67621763	harbor1	chr15	67480183	67480573	LTR/ERVL-MaLR	984	+	195	67480378	58615
chr15	67421763	67621763	harbor1	chr15	67480587	67481078	LTR/ERVL-MaLR	1293	+	246	67480833	59070
chr15	67421763	67621763	harbor1	chr15	67481657	67481953	LTR/ERVL-MaLR	832	+	148	67481805	60042
chr15	67421763	67621763	harbor1	chr15	67482072	67482477	LTR/ERVL-MaLR	1108	+	202	67482274	60511
chr15	67421763	67621763	harbor1	chr15	67515780	67515989	LTR/ERVL-MaLR	1018	+	104	67515884	94121
chr15	35446216	35646216	harbor1	chr15	35489040	35489325	LTR/ERVL-MaLR	625	+	142	35489182	42966
chr15	35446216	35646216	harbor1	chr15	35495097	35495489	LTR/ERVL-MaLR	1958	+	196	35495293	49077
chr15	35446299	35646299	harbor1	chr15	35489040	35489325	LTR/ERVL-MaLR	625	+	142	35489182	42883
chr15	35446299	35646299	harbor1	chr15	35495097	35495489	LTR/ERVL-MaLR	1958	+	196	35495293	48994
chr15	74737065	74937065	harbor1	chr15	74739505	74739677	LTR/ERVL-MaLR	465	+	86	74739591	2526
chr15	75330451	75530451	harbor1	chr15	75341068	75341267	LTR/ERVL-MaLR	870	+	100	75341168	10717
chr15	75330451	75530451	harbor1	chr15	75375224	75375520	LTR/ERVL-MaLR	1257	+	148	75375372	44921
chr15	75330451	75530451	harbor1	chr15	75397267	75397669	LTR/ERVL-MaLR	805	+	201	75397468	67017
chr15	75330451	75530451	harbor1	chr15	75417745	75418021	LTR/ERVL-MaLR	1386	+	138	75417883	87432
chr15	75330451	75530451	harbor1	chr15	75418620	75418742	LTR/ERVL-MaLR	1386	+	61	75418681	88230
chr15	74496627	74696627	harbor1	chr15	74499333	74499793	LTR/ERVL-MaLR	1146	+	230	74499563	2936
chr15	74496627	74696627	harbor1	chr15	74512194	74512548	LTR/ERVL-MaLR	591	+	177	74512371	15744
chr15	74496627	74696627	harbor1	chr15	74524166	74524558	LTR/ERVL-MaLR	1539	+	196	74524362	27735
chr15	74496627	74696627	harbor1	chr15	74525254	74525906	LTR/ERVL-MaLR	2067	+	326	74525580	28953
chr15	74496627	74696627	harbor1	chr15	74525932	74526088	LTR/ERVL-MaLR	460	+	78	74526010	29383
chr15	67421715	67621715	harbor1	chr15	67428388	67428568	LTR/ERVL-MaLR	2240	+	90	67428478	6763
chr15	67421715	67621715	harbor1	chr15	67428864	67429175	LTR/ERVL-MaLR	2240	+	156	67429020	7305
chr15	67421715	67621715	harbor1	chr15	67480183	67480573	LTR/ERVL-MaLR	984	+	195	67480378	58663
chr15	67421715	67621715	harbor1	chr15	67480587	67481078	LTR/ERVL-MaLR	1293	+	246	67480833	59118
chr15	67421715	67621715	harbor1	chr15	67481657	67481953	LTR/ERVL-MaLR	832	+	148	67481805	60090
chr15	67421715	67621715	harbor1	chr15	67482072	67482477	LTR/ERVL-MaLR	1108	+	202	67482274	60559
chr15	67421715	67621715	harbor1	chr15	67515780	67515989	LTR/ERVL-MaLR	1018	+	104	67515884	94169
chr15	67421806	67621806	harbor1	chr15	67428388	67428568	LTR/ERVL-MaLR	2240	+	90	67428478	6672
chr15	67421806	67621806	harbor1	chr15	67428864	67429175	LTR/ERVL-MaLR	2240	+	156	67429020	7214
chr15	67421806	67621806	harbor1	chr15	67480183	67480573	LTR/ERVL-MaLR	984	+	195	67480378	58572
chr15	67421806	67621806	harbor1	chr15	67480587	67481078	LTR/ERVL-MaLR	1293	+	246	67480833	59027
chr15	67421806	67621806	harbor1	chr15	67481657	67481953	LTR/ERVL-MaLR	832	+	148	67481805	59999
chr15	67421806	67621806	harbor1	chr15	67482072	67482477	LTR/ERVL-MaLR	1108	+	202	67482274	60468
chr15	67421806	67621806	harbor1	chr15	67515780	67515989	LTR/ERVL-MaLR	1018	+	104	67515884	94078
chr15	35446212	35646212	harbor1	chr15	35489040	35489325	LTR/ERVL-MaLR	625	+	142	35489182	42970
chr15	35446212	35646212	harbor1	chr15	35495097	35495489	LTR/ERVL-MaLR	1958	+	196	35495293	49081
chr15	67421703	67621703	harbor1	chr15	67428388	67428568	LTR/ERVL-MaLR	2240	+	90	67428478	6775
chr15	67421703	67621703	harbor1	chr15	67428864	67429175	LTR/ERVL-MaLR	2240	+	156	67429020	7317
chr15	67421703	67621703	harbor1	chr15	67480183	67480573	LTR/ERVL-MaLR	984	+	195	67480378	58675
chr15	67421703	67621703	harbor1	chr15	67480587	67481078	LTR/ERVL-MaLR	1293	+	246	67480833	59130
chr15	67421703	67621703	harbor1	chr15	67481657	67481953	LTR/ERVL-MaLR	832	+	148	67481805	60102
chr15	67421703	67621703	harbor1	chr15	67482072	67482477	LTR/ERVL-MaLR	1108	+	202	67482274	60571
chr15	67421703	67621703	harbor1	chr15	67515780	67515989	LTR/ERVL-MaLR	1018	+	104	67515884	94181
chr15	35446272	35646272	harbor1	chr15	35489040	35489325	LTR/ERVL-MaLR	625	+	142	35489182	42910
chr15	35446272	35646272	harbor1	chr15	35495097	35495489	LTR/ERVL-MaLR	1958	+	196	35495293	49021
chr15	35446324	35646324	harbor1	chr15	35489040	35489325	LTR/ERVL-MaLR	625	+	142	35489182	42858
chr15	35446324	35646324	harbor1	chr15	35495097	35495489	LTR/ERVL-MaLR	1958	+	196	35495293	48969
chr15	101861586	102061586	harbor1	chr15	101861872	101862231	LTR/ERVL-MaLR	1974	+	180	101862052	466
chr15	101861586	102061586	harbor1	chr15	101862232	101863803	LTR/ERVL-MaLR	10842	+	786	101863018	1432
chr15	101861586	102061586	harbor1	chr15	101863804	101864161	LTR/ERVL-MaLR	1805	+	178	101863982	2396
chr15	101861586	102061586	harbor1	chr15	101956045	101956401	LTR/ERVL-MaLR	826	+	178	101956223	94637
chr15	74510960	74710960	harbor1	chr15	74512194	74512548	LTR/ERVL-MaLR	591	+	177	74512371	1411
chr15	74510960	74710960	harbor1	chr15	74524166	74524558	LTR/ERVL-MaLR	1539	+	196	74524362	13402
chr15	74510960	74710960	harbor1	chr15	74525254	74525906	LTR/ERVL-MaLR	2067	+	326	74525580	14620
chr15	74510960	74710960	harbor1	chr15	74525932	74526088	LTR/ERVL-MaLR	460	+	78	74526010	15050
chr15	74510960	74710960	harbor1	chr15	74605327	74605725	LTR/ERVL-MaLR	987	+	199	74605526	94566
chr15	35446318	35646318	harbor1	chr15	35489040	35489325	LTR/ERVL-MaLR	625	+	142	35489182	42864
chr15	35446318	35646318	harbor1	chr15	35495097	35495489	LTR/ERVL-MaLR	1958	+	196	35495293	48975
chr15	101858909	102058909	harbor1	chr15	101861872	101862231	LTR/ERVL-MaLR	1974	+	180	101862052	3143
chr15	101858909	102058909	harbor1	chr15	101862232	101863803	LTR/ERVL-MaLR	10842	+	786	101863018	4109
chr15	101858909	102058909	harbor1	chr15	101863804	101864161	LTR/ERVL-MaLR	1805	+	178	101863982	5073
chr15	101858909	102058909	harbor1	chr15	101956045	101956401	LTR/ERVL-MaLR	826	+	178	101956223	97314
chr15	35446271	35646271	harbor1	chr15	35489040	35489325	LTR/ERVL-MaLR	625	+	142	35489182	42911
chr15	35446271	35646271	harbor1	chr15	35495097	35495489	LTR/ERVL-MaLR	1958	+	196	35495293	49022
chr15	35446266	35646266	harbor1	chr15	35489040	35489325	LTR/ERVL-MaLR	625	+	142	35489182	42916
chr15	35446266	35646266	harbor1	chr15	35495097	35495489	LTR/ERVL-MaLR	1958	+	196	35495293	49027
chr15	35446252	35646252	harbor1	chr15	35489040	35489325	LTR/ERVL-MaLR	625	+	142	35489182	42930
chr15	35446252	35646252	harbor1	chr15	35495097	35495489	LTR/ERVL-MaLR	1958	+	196	35495293	49041
chr15	67421691	67621691	harbor1	chr15	67428388	67428568	LTR/ERVL-MaLR	2240	+	90	67428478	6787
chr15	67421691	67621691	harbor1	chr15	67428864	67429175	LTR/ERVL-MaLR	2240	+	156	67429020	7329
chr15	67421691	67621691	harbor1	chr15	67480183	67480573	LTR/ERVL-MaLR	984	+	195	67480378	58687
chr15	67421691	67621691	harbor1	chr15	67480587	67481078	LTR/ERVL-MaLR	1293	+	246	67480833	59142
chr15	67421691	67621691	harbor1	chr15	67481657	67481953	LTR/ERVL-MaLR	832	+	148	67481805	60114
chr15	67421691	67621691	harbor1	chr15	67482072	67482477	LTR/ERVL-MaLR	1108	+	202	67482274	60583
chr15	67421691	67621691	harbor1	chr15	67515780	67515989	LTR/ERVL-MaLR	1018	+	104	67515884	94193
chr15	35446296	35646296	harbor1	chr15	35489040	35489325	LTR/ERVL-MaLR	625	+	142	35489182	42886
chr15	35446296	35646296	harbor1	chr15	35495097	35495489	LTR/ERVL-MaLR	1958	+	196	35495293	48997
chr15	79796978	79996978	harbor1	chr15	79818730	79819256	LTR/ERVL-MaLR	676	+	263	79818993	22015
chr15	79796978	79996978	harbor1	chr15	79863500	79863937	LTR/ERVL-MaLR	676	+	218	79863718	66740
chr15	79796978	79996978	harbor1	chr15	79885441	79885981	LTR/ERVL-MaLR	775	+	270	79885711	88733
chr15	75247615	75447615	harbor1	chr15	75312370	75312766	LTR/ERVL-MaLR	1623	+	198	75312568	64953
chr15	75247615	75447615	harbor1	chr15	75341068	75341267	LTR/ERVL-MaLR	870	+	100	75341168	93553
chr15	35446210	35646210	harbor1	chr15	35489040	35489325	LTR/ERVL-MaLR	625	+	142	35489182	42972
chr15	35446210	35646210	harbor1	chr15	35495097	35495489	LTR/ERVL-MaLR	1958	+	196	35495293	49083
chr15	25338180	25538180	harbor1	chr15	25379946	25380299	LTR/ERVL-MaLR	2191	+	176	25380122	41942
chr15	25338180	25538180	harbor1	chr15	25418701	25418855	LTR/ERVL-MaLR	570	+	77	25418778	80598
chr15	25338180	25538180	harbor1	chr15	25419062	25419186	LTR/ERVL-MaLR	634	+	62	25419124	80944
chr15	25338180	25538180	harbor1	chr15	25421026	25421426	LTR/ERVL-MaLR	2102	+	200	25421226	83046
chr15	25338180	25538180	harbor1	chr15	25435426	25435774	LTR/ERVL-MaLR	1643	+	174	25435600	97420
chr15	29332904	29532904	harbor1	chr15	29333696	29334153	LTR/ERVL-MaLR	2328	+	228	29333924	1020
chr15	29332904	29532904	harbor1	chr15	29334653	29335213	LTR/ERVL-MaLR	537	+	280	29334933	2029
chr15	29332904	29532904	harbor1	chr15	29369705	29370104	LTR/ERVL-MaLR	1428	+	200	29369905	37001
chr15	29332904	29532904	harbor1	chr15	29385593	29385678	LTR/ERVL-MaLR	686	+	42	29385635	52731
chr15	29332904	29532904	harbor1	chr15	29386467	29386577	LTR/ERVL-MaLR	686	+	55	29386522	53618
chr15	29332904	29532904	harbor1	chr15	29386581	29386779	LTR/ERVL-MaLR	828	+	99	29386680	53776
chr15	29332904	29532904	harbor1	chr15	29389172	29389321	LTR/ERVL-MaLR	761	+	74	29389246	56342
chr15	29332904	29532904	harbor1	chr15	29398767	29399380	LTR/ERVL-MaLR	2060	+	306	29399073	66169
chr15	35446293	35646293	harbor1	chr15	35489040	35489325	LTR/ERVL-MaLR	625	+	142	35489182	42889
chr15	35446293	35646293	harbor1	chr15	35495097	35495489	LTR/ERVL-MaLR	1958	+	196	35495293	49000
chr15	69999125	70199125	harbor1	chr15	70003255	70003587	LTR/ERVL-MaLR	1859	+	166	70003421	4296
chr15	69999125	70199125	harbor1	chr15	70021166	70021633	LTR/ERVL-MaLR	1026	+	234	70021400	22275
chr15	29332913	29532913	harbor1	chr15	29333696	29334153	LTR/ERVL-MaLR	2328	+	228	29333924	1011
chr15	29332913	29532913	harbor1	chr15	29334653	29335213	LTR/ERVL-MaLR	537	+	280	29334933	2020
chr15	29332913	29532913	harbor1	chr15	29369705	29370104	LTR/ERVL-MaLR	1428	+	200	29369905	36992
chr15	29332913	29532913	harbor1	chr15	29385593	29385678	LTR/ERVL-MaLR	686	+	42	29385635	52722
chr15	29332913	29532913	harbor1	chr15	29386467	29386577	LTR/ERVL-MaLR	686	+	55	29386522	53609
chr15	29332913	29532913	harbor1	chr15	29386581	29386779	LTR/ERVL-MaLR	828	+	99	29386680	53767
chr15	29332913	29532913	harbor1	chr15	29389172	29389321	LTR/ERVL-MaLR	761	+	74	29389246	56333
chr15	29332913	29532913	harbor1	chr15	29398767	29399380	LTR/ERVL-MaLR	2060	+	306	29399073	66160
chr15	67421799	67621799	harbor1	chr15	67428388	67428568	LTR/ERVL-MaLR	2240	+	90	67428478	6679
chr15	67421799	67621799	harbor1	chr15	67428864	67429175	LTR/ERVL-MaLR	2240	+	156	67429020	7221
chr15	67421799	67621799	harbor1	chr15	67480183	67480573	LTR/ERVL-MaLR	984	+	195	67480378	58579
chr15	67421799	67621799	harbor1	chr15	67480587	67481078	LTR/ERVL-MaLR	1293	+	246	67480833	59034
chr15	67421799	67621799	harbor1	chr15	67481657	67481953	LTR/ERVL-MaLR	832	+	148	67481805	60006
chr15	67421799	67621799	harbor1	chr15	67482072	67482477	LTR/ERVL-MaLR	1108	+	202	67482274	60475
chr15	67421799	67621799	harbor1	chr15	67515780	67515989	LTR/ERVL-MaLR	1018	+	104	67515884	94085
chr15	67421689	67621689	harbor1	chr15	67428388	67428568	LTR/ERVL-MaLR	2240	+	90	67428478	6789
chr15	67421689	67621689	harbor1	chr15	67428864	67429175	LTR/ERVL-MaLR	2240	+	156	67429020	7331
chr15	67421689	67621689	harbor1	chr15	67480183	67480573	LTR/ERVL-MaLR	984	+	195	67480378	58689
chr15	67421689	67621689	harbor1	chr15	67480587	67481078	LTR/ERVL-MaLR	1293	+	246	67480833	59144
chr15	67421689	67621689	harbor1	chr15	67481657	67481953	LTR/ERVL-MaLR	832	+	148	67481805	60116
chr15	67421689	67621689	harbor1	chr15	67482072	67482477	LTR/ERVL-MaLR	1108	+	202	67482274	60585
chr15	67421689	67621689	harbor1	chr15	67515780	67515989	LTR/ERVL-MaLR	1018	+	104	67515884	94195
chr15	72131568	72331568	harbor1	chr15	72179234	72179373	LTR/ERVL-MaLR	423	+	70	72179304	47736
chr15	99950832	100150832	harbor1	chr15	99953087	99953468	LTR/ERVL-MaLR	1209	+	190	99953277	2445
chr15	99950832	100150832	harbor1	chr15	99962479	99962828	LTR/ERVL-MaLR	1536	+	174	99962653	11821
chr15	99950832	100150832	harbor1	chr15	99968058	99968434	LTR/ERVL-MaLR	888	+	188	99968246	17414
chr15	99950832	100150832	harbor1	chr15	99968891	99969311	LTR/ERVL-MaLR	994	+	210	99969101	18269
chr15	99950832	100150832	harbor1	chr15	99976537	99976857	LTR/ERVL-MaLR	976	+	160	99976697	25865
chr15	99950832	100150832	harbor1	chr15	99988141	99988541	LTR/ERVL-MaLR	1987	+	200	99988341	37509
chr15	99950832	100150832	harbor1	chr15	100009904	100010265	LTR/ERVL-MaLR	2619	+	180	100010084	59252
chr15	99950832	100150832	harbor1	chr15	100018360	100018737	LTR/ERVL-MaLR	2060	+	188	100018548	67716
chr15	31768267	31968267	harbor1	chr15	31781025	31781480	LTR/ERVL-MaLR	1277	+	228	31781253	12986
chr15	31768267	31968267	harbor1	chr15	31785882	31786274	LTR/ERVL-MaLR	2516	+	196	31786078	17811
chr15	31768267	31968267	harbor1	chr15	31799367	31799758	LTR/ERVL-MaLR	1621	+	196	31799563	31296
chr15	31768267	31968267	harbor1	chr15	31810294	31810688	LTR/ERVL-MaLR	1644	+	197	31810491	42224
chr15	31768267	31968267	harbor1	chr15	31817830	31818241	LTR/ERVL-MaLR	1385	+	206	31818036	49769
chr15	31768267	31968267	harbor1	chr15	31818434	31818791	LTR/ERVL-MaLR	715	+	178	31818612	50345
chr15	31768267	31968267	harbor1	chr15	31818983	31819163	LTR/ERVL-MaLR	610	+	90	31819073	50806
chr15	35446228	35646228	harbor1	chr15	35489040	35489325	LTR/ERVL-MaLR	625	+	142	35489182	42954
chr15	35446228	35646228	harbor1	chr15	35495097	35495489	LTR/ERVL-MaLR	1958	+	196	35495293	49065
chr15	35446303	35646303	harbor1	chr15	35489040	35489325	LTR/ERVL-MaLR	625	+	142	35489182	42879
chr15	35446303	35646303	harbor1	chr15	35495097	35495489	LTR/ERVL-MaLR	1958	+	196	35495293	48990
chr15	35446298	35646298	harbor1	chr15	35489040	35489325	LTR/ERVL-MaLR	625	+	142	35489182	42884
chr15	35446298	35646298	harbor1	chr15	35495097	35495489	LTR/ERVL-MaLR	1958	+	196	35495293	48995
chr15	69999141	70199141	harbor1	chr15	70003255	70003587	LTR/ERVL-MaLR	1859	+	166	70003421	4280
chr15	69999141	70199141	harbor1	chr15	70021166	70021633	LTR/ERVL-MaLR	1026	+	234	70021400	22259
chr15	35446321	35646321	harbor1	chr15	35489040	35489325	LTR/ERVL-MaLR	625	+	142	35489182	42861
chr15	35446321	35646321	harbor1	chr15	35495097	35495489	LTR/ERVL-MaLR	1958	+	196	35495293	48972
chr15	98547489	98747489	harbor1	chr15	98578531	98578902	LTR/ERVL-MaLR	2127	+	186	98578717	31228
chr15	98547489	98747489	harbor1	chr15	98616303	98616748	LTR/ERVL-MaLR	1096	+	222	98616525	69036
chr15	35446273	35646273	harbor1	chr15	35489040	35489325	LTR/ERVL-MaLR	625	+	142	35489182	42909
chr15	35446273	35646273	harbor1	chr15	35495097	35495489	LTR/ERVL-MaLR	1958	+	196	35495293	49020
chr15	67421848	67621848	harbor1	chr15	67428388	67428568	LTR/ERVL-MaLR	2240	+	90	67428478	6630
chr15	67421848	67621848	harbor1	chr15	67428864	67429175	LTR/ERVL-MaLR	2240	+	156	67429020	7172
chr15	67421848	67621848	harbor1	chr15	67480183	67480573	LTR/ERVL-MaLR	984	+	195	67480378	58530
chr15	67421848	67621848	harbor1	chr15	67480587	67481078	LTR/ERVL-MaLR	1293	+	246	67480833	58985
chr15	67421848	67621848	harbor1	chr15	67481657	67481953	LTR/ERVL-MaLR	832	+	148	67481805	59957
chr15	67421848	67621848	harbor1	chr15	67482072	67482477	LTR/ERVL-MaLR	1108	+	202	67482274	60426
chr15	67421848	67621848	harbor1	chr15	67515780	67515989	LTR/ERVL-MaLR	1018	+	104	67515884	94036
chr15	63405315	63605315	harbor1	chr15	63415201	63415604	LTR/ERVL-MaLR	2548	+	202	63415403	10088
chr15	63405315	63605315	harbor1	chr15	63420186	63420638	LTR/ERVL-MaLR	1984	+	226	63420412	15097
chr15	63405315	63605315	harbor1	chr15	63468056	63468108	LTR/ERVL-MaLR	671	+	26	63468082	62767
chr15	63405315	63605315	harbor1	chr15	63468396	63468828	LTR/ERVL-MaLR	671	+	216	63468612	63297
chr15	63405315	63605315	harbor1	chr15	63490059	63490465	LTR/ERVL-MaLR	2619	+	203	63490262	84947
chr15	45302919	45502919	harbor1	chr15	45311872	45312016	LTR/ERVL-MaLR	966	+	72	45311944	9025
chr15	45302919	45502919	harbor1	chr15	45313079	45313254	LTR/ERVL-MaLR	987	+	88	45313167	10248
chr15	45302919	45502919	harbor1	chr15	45313461	45313546	LTR/ERVL-MaLR	2065	+	42	45313503	10584
chr15	45302919	45502919	harbor1	chr15	45313741	45313909	LTR/ERVL-MaLR	2065	+	84	45313825	10906
chr15	45302919	45502919	harbor1	chr15	45315185	45315531	LTR/ERVL-MaLR	2065	+	173	45315358	12439
chr15	45302919	45502919	harbor1	chr15	45399320	45399675	LTR/ERVL-MaLR	2039	+	178	45399498	96579
chr15	35446294	35646294	harbor1	chr15	35489040	35489325	LTR/ERVL-MaLR	625	+	142	35489182	42888
chr15	35446294	35646294	harbor1	chr15	35495097	35495489	LTR/ERVL-MaLR	1958	+	196	35495293	48999
chr15	98321796	98521796	harbor1	chr15	98324960	98325312	LTR/ERVL-MaLR	1537	+	176	98325136	3340
chr15	98321796	98521796	harbor1	chr15	98331690	98332046	LTR/ERVL-MaLR	529	+	178	98331868	10072
chr15	98321796	98521796	harbor1	chr15	98347554	98347715	LTR/ERVL-MaLR	658	+	80	98347634	25838
chr15	98321796	98521796	harbor1	chr15	98357984	98358337	LTR/ERVL-MaLR	1567	+	176	98358160	36364
chr15	98321796	98521796	harbor1	chr15	98365559	98365717	LTR/ERVL-MaLR	1702	+	79	98365638	43842
chr15	98321796	98521796	harbor1	chr15	98366023	98366180	LTR/ERVL-MaLR	1702	+	78	98366101	44305
chr15	98321796	98521796	harbor1	chr15	98366214	98366364	LTR/ERVL-MaLR	1702	+	75	98366289	44493
chr15	98321796	98521796	harbor1	chr15	98395316	98395728	LTR/ERVL-MaLR	2833	+	206	98395522	73726
chr15	98321796	98521796	harbor1	chr15	98399482	98399846	LTR/ERVL-MaLR	1544	+	182	98399664	77868
chr15	98321796	98521796	harbor1	chr15	98401467	98402011	LTR/ERVL-MaLR	2361	+	272	98401739	79943
chr15	98321796	98521796	harbor1	chr15	98413108	98413653	LTR/ERVL-MaLR	2711	+	272	98413380	91584
chr15	98321796	98521796	harbor1	chr15	98420016	98420420	LTR/ERVL-MaLR	1751	+	202	98420218	98422
chr15	69713052	69913052	harbor1	chr15	69718840	69718960	LTR/ERVL-MaLR	484	+	60	69718900	5848
chr15	69713052	69913052	harbor1	chr15	69733375	69733740	LTR/ERVL-MaLR	1141	+	182	69733557	20505
chr15	69713052	69913052	harbor1	chr15	69737124	69737542	LTR/ERVL-MaLR	2331	+	209	69737333	24281
chr15	69713052	69913052	harbor1	chr15	69737841	69737907	LTR/ERVL-MaLR	2331	+	33	69737874	24822
chr15	69713052	69913052	harbor1	chr15	69799861	69800199	LTR/ERVL-MaLR	1304	+	169	69800030	86978
chr15	69713052	69913052	harbor1	chr15	69804297	69804463	LTR/ERVL-MaLR	456	+	83	69804380	91328
chr15	69713052	69913052	harbor1	chr15	69804538	69804728	LTR/ERVL-MaLR	483	+	95	69804633	91581
chr15	25338721	25538721	harbor1	chr15	25379946	25380299	LTR/ERVL-MaLR	2191	+	176	25380122	41401
chr15	25338721	25538721	harbor1	chr15	25418701	25418855	LTR/ERVL-MaLR	570	+	77	25418778	80057
chr15	25338721	25538721	harbor1	chr15	25419062	25419186	LTR/ERVL-MaLR	634	+	62	25419124	80403
chr15	25338721	25538721	harbor1	chr15	25421026	25421426	LTR/ERVL-MaLR	2102	+	200	25421226	82505
chr15	25338721	25538721	harbor1	chr15	25435426	25435774	LTR/ERVL-MaLR	1643	+	174	25435600	96879
chr15	35446205	35646205	harbor1	chr15	35489040	35489325	LTR/ERVL-MaLR	625	+	142	35489182	42977
chr15	35446205	35646205	harbor1	chr15	35495097	35495489	LTR/ERVL-MaLR	1958	+	196	35495293	49088
chr15	67421758	67621758	harbor1	chr15	67428388	67428568	LTR/ERVL-MaLR	2240	+	90	67428478	6720
chr15	67421758	67621758	harbor1	chr15	67428864	67429175	LTR/ERVL-MaLR	2240	+	156	67429020	7262
chr15	67421758	67621758	harbor1	chr15	67480183	67480573	LTR/ERVL-MaLR	984	+	195	67480378	58620
chr15	67421758	67621758	harbor1	chr15	67480587	67481078	LTR/ERVL-MaLR	1293	+	246	67480833	59075
chr15	67421758	67621758	harbor1	chr15	67481657	67481953	LTR/ERVL-MaLR	832	+	148	67481805	60047
chr15	67421758	67621758	harbor1	chr15	67482072	67482477	LTR/ERVL-MaLR	1108	+	202	67482274	60516
chr15	67421758	67621758	harbor1	chr15	67515780	67515989	LTR/ERVL-MaLR	1018	+	104	67515884	94126
chr15	35446313	35646313	harbor1	chr15	35489040	35489325	LTR/ERVL-MaLR	625	+	142	35489182	42869
chr15	35446313	35646313	harbor1	chr15	35495097	35495489	LTR/ERVL-MaLR	1958	+	196	35495293	48980
chr15	88185139	88385139	harbor1	chr15	88200412	88200784	LTR/ERVL-MaLR	2902	+	186	88200598	15459
chr15	88185139	88385139	harbor1	chr15	88227287	88227712	LTR/ERVL-MaLR	1992	+	212	88227499	42360
chr15	88185139	88385139	harbor1	chr15	88237890	88238266	LTR/ERVL-MaLR	2432	+	188	88238078	52939
chr15	88185139	88385139	harbor1	chr15	88279602	88280115	LTR/ERVL-MaLR	1587	+	256	88279858	94719
chr15	41794702	41994702	harbor1	chr15	41859133	41859161	LTR/ERVL-MaLR	668	+	14	41859147	64445
chr15	41794702	41994702	harbor1	chr15	41859459	41859626	LTR/ERVL-MaLR	668	+	84	41859543	64841
chr15	96225435	96425435	harbor1	chr15	96281595	96281948	LTR/ERVL-MaLR	2487	+	176	96281771	56336
chr15	96225435	96425435	harbor1	chr15	96284012	96284152	LTR/ERVL-MaLR	1158	+	70	96284082	58647
chr15	96225435	96425435	harbor1	chr15	96284463	96284845	LTR/ERVL-MaLR	1158	+	191	96284654	59219
chr15	20916532	21116532	harbor1	chr15	20955845	20956034	LTR/ERVL-MaLR	567	+	94	20955939	39407
chr15	31770669	31970669	harbor1	chr15	31781025	31781480	LTR/ERVL-MaLR	1277	+	228	31781253	10584
chr15	31770669	31970669	harbor1	chr15	31785882	31786274	LTR/ERVL-MaLR	2516	+	196	31786078	15409
chr15	31770669	31970669	harbor1	chr15	31799367	31799758	LTR/ERVL-MaLR	1621	+	196	31799563	28894
chr15	31770669	31970669	harbor1	chr15	31810294	31810688	LTR/ERVL-MaLR	1644	+	197	31810491	39822
chr15	31770669	31970669	harbor1	chr15	31817830	31818241	LTR/ERVL-MaLR	1385	+	206	31818036	47367
chr15	31770669	31970669	harbor1	chr15	31818434	31818791	LTR/ERVL-MaLR	715	+	178	31818612	47943
chr15	31770669	31970669	harbor1	chr15	31818983	31819163	LTR/ERVL-MaLR	610	+	90	31819073	48404
chr15	35446401	35646401	harbor1	chr15	35489040	35489325	LTR/ERVL-MaLR	625	+	142	35489182	42781
chr15	35446401	35646401	harbor1	chr15	35495097	35495489	LTR/ERVL-MaLR	1958	+	196	35495293	48892
chr15	74496573	74696573	harbor1	chr15	74499333	74499793	LTR/ERVL-MaLR	1146	+	230	74499563	2990
chr15	74496573	74696573	harbor1	chr15	74512194	74512548	LTR/ERVL-MaLR	591	+	177	74512371	15798
chr15	74496573	74696573	harbor1	chr15	74524166	74524558	LTR/ERVL-MaLR	1539	+	196	74524362	27789
chr15	74496573	74696573	harbor1	chr15	74525254	74525906	LTR/ERVL-MaLR	2067	+	326	74525580	29007
chr15	74496573	74696573	harbor1	chr15	74525932	74526088	LTR/ERVL-MaLR	460	+	78	74526010	29437
chr15	35446238	35646238	harbor1	chr15	35489040	35489325	LTR/ERVL-MaLR	625	+	142	35489182	42944
chr15	35446238	35646238	harbor1	chr15	35495097	35495489	LTR/ERVL-MaLR	1958	+	196	35495293	49055
chr15	67421764	67621764	harbor1	chr15	67428388	67428568	LTR/ERVL-MaLR	2240	+	90	67428478	6714
chr15	67421764	67621764	harbor1	chr15	67428864	67429175	LTR/ERVL-MaLR	2240	+	156	67429020	7256
chr15	67421764	67621764	harbor1	chr15	67480183	67480573	LTR/ERVL-MaLR	984	+	195	67480378	58614
chr15	67421764	67621764	harbor1	chr15	67480587	67481078	LTR/ERVL-MaLR	1293	+	246	67480833	59069
chr15	67421764	67621764	harbor1	chr15	67481657	67481953	LTR/ERVL-MaLR	832	+	148	67481805	60041
chr15	67421764	67621764	harbor1	chr15	67482072	67482477	LTR/ERVL-MaLR	1108	+	202	67482274	60510
chr15	67421764	67621764	harbor1	chr15	67515780	67515989	LTR/ERVL-MaLR	1018	+	104	67515884	94120
chr15	35446427	35646427	harbor1	chr15	35489040	35489325	LTR/ERVL-MaLR	625	+	142	35489182	42755
chr15	35446427	35646427	harbor1	chr15	35495097	35495489	LTR/ERVL-MaLR	1958	+	196	35495293	48866
chr15	101859054	102059054	harbor1	chr15	101861872	101862231	LTR/ERVL-MaLR	1974	+	180	101862052	2998
chr15	101859054	102059054	harbor1	chr15	101862232	101863803	LTR/ERVL-MaLR	10842	+	786	101863018	3964
chr15	101859054	102059054	harbor1	chr15	101863804	101864161	LTR/ERVL-MaLR	1805	+	178	101863982	4928
chr15	101859054	102059054	harbor1	chr15	101956045	101956401	LTR/ERVL-MaLR	826	+	178	101956223	97169
chr15	74944603	75144603	harbor1	chr15	74978797	74979103	LTR/ERVL-MaLR	736	+	153	74978950	34347
chr15	74947211	75147211	harbor1	chr15	74978797	74979103	LTR/ERVL-MaLR	736	+	153	74978950	31739
chr15	35446269	35646269	harbor1	chr15	35489040	35489325	LTR/ERVL-MaLR	625	+	142	35489182	42913
chr15	35446269	35646269	harbor1	chr15	35495097	35495489	LTR/ERVL-MaLR	1958	+	196	35495293	49024
chr15	35445428	35645428	harbor1	chr15	35489040	35489325	LTR/ERVL-MaLR	625	+	142	35489182	43754
chr15	35445428	35645428	harbor1	chr15	35495097	35495489	LTR/ERVL-MaLR	1958	+	196	35495293	49865
chr15	20765866	20965866	harbor1	chr15	20851844	20852228	LTR/ERVL-MaLR	696	+	192	20852036	86170
chr15	75354646	75554646	harbor1	chr15	75375224	75375520	LTR/ERVL-MaLR	1257	+	148	75375372	20726
chr15	75354646	75554646	harbor1	chr15	75397267	75397669	LTR/ERVL-MaLR	805	+	201	75397468	42822
chr15	75354646	75554646	harbor1	chr15	75417745	75418021	LTR/ERVL-MaLR	1386	+	138	75417883	63237
chr15	75354646	75554646	harbor1	chr15	75418620	75418742	LTR/ERVL-MaLR	1386	+	61	75418681	64035
chr15	52686084	52886084	harbor1	chr15	52687760	52688029	LTR/ERVL-MaLR	633	+	134	52687894	1810
chr15	52686084	52886084	harbor1	chr15	52724457	52724819	LTR/ERVL-MaLR	2797	+	181	52724638	38554
chr15	52686084	52886084	harbor1	chr15	52727548	52727933	LTR/ERVL-MaLR	1740	+	192	52727740	41656
chr15	52686084	52886084	harbor1	chr15	52736360	52736726	LTR/ERVL-MaLR	2309	+	183	52736543	50459
chr15	52686084	52886084	harbor1	chr15	52745900	52746275	LTR/ERVL-MaLR	2268	+	188	52746088	60004
chr15	101854375	102054375	harbor1	chr15	101857159	101857540	LTR/ERVL-MaLR	1979	+	190	101857349	2974
chr15	101854375	102054375	harbor1	chr15	101861872	101862231	LTR/ERVL-MaLR	1974	+	180	101862052	7677
chr15	101854375	102054375	harbor1	chr15	101862232	101863803	LTR/ERVL-MaLR	10842	+	786	101863018	8643
chr15	101854375	102054375	harbor1	chr15	101863804	101864161	LTR/ERVL-MaLR	1805	+	178	101863982	9607
chr15	67421788	67621788	harbor1	chr15	67428388	67428568	LTR/ERVL-MaLR	2240	+	90	67428478	6690
chr15	67421788	67621788	harbor1	chr15	67428864	67429175	LTR/ERVL-MaLR	2240	+	156	67429020	7232
chr15	67421788	67621788	harbor1	chr15	67480183	67480573	LTR/ERVL-MaLR	984	+	195	67480378	58590
chr15	67421788	67621788	harbor1	chr15	67480587	67481078	LTR/ERVL-MaLR	1293	+	246	67480833	59045
chr15	67421788	67621788	harbor1	chr15	67481657	67481953	LTR/ERVL-MaLR	832	+	148	67481805	60017
chr15	67421788	67621788	harbor1	chr15	67482072	67482477	LTR/ERVL-MaLR	1108	+	202	67482274	60486
chr15	67421788	67621788	harbor1	chr15	67515780	67515989	LTR/ERVL-MaLR	1018	+	104	67515884	94096
chr15	101861607	102061607	harbor1	chr15	101861872	101862231	LTR/ERVL-MaLR	1974	+	180	101862052	445
chr15	101861607	102061607	harbor1	chr15	101862232	101863803	LTR/ERVL-MaLR	10842	+	786	101863018	1411
chr15	101861607	102061607	harbor1	chr15	101863804	101864161	LTR/ERVL-MaLR	1805	+	178	101863982	2375
chr15	101861607	102061607	harbor1	chr15	101956045	101956401	LTR/ERVL-MaLR	826	+	178	101956223	94616
chr15	27433813	27633813	harbor1	chr15	27506160	27506754	LTR/ERVL-MaLR	1394	+	297	27506457	72644
chr15	27433813	27633813	harbor1	chr15	27442999	27443266	LTR/ERVL-MaLR	1482	+	134	27443133	9320
chr15	35446215	35646215	harbor1	chr15	35489040	35489325	LTR/ERVL-MaLR	625	+	142	35489182	42967
chr15	35446215	35646215	harbor1	chr15	35495097	35495489	LTR/ERVL-MaLR	1958	+	196	35495293	49078
chr15	31049451	31249451	harbor1	chr15	31056562	31056941	LTR/ERVL-MaLR	2009	+	190	31056752	7301
chr15	31049451	31249451	harbor1	chr15	31057717	31058090	LTR/ERVL-MaLR	1852	+	186	31057903	8452
chr15	31049451	31249451	harbor1	chr15	31068306	31068459	LTR/ERVL-MaLR	2020	+	76	31068382	18931
chr15	31049451	31249451	harbor1	chr15	31068770	31068986	LTR/ERVL-MaLR	2020	+	108	31068878	19427
chr15	31049451	31249451	harbor1	chr15	31132669	31133028	LTR/ERVL-MaLR	2668	+	180	31132849	83398
chr15	31049451	31249451	harbor1	chr15	31135553	31135962	LTR/ERVL-MaLR	2469	+	204	31135757	86306
chr15	31049451	31249451	harbor1	chr15	31140032	31140084	LTR/ERVL-MaLR	2310	+	26	31140058	90607
chr15	31049451	31249451	harbor1	chr15	31140410	31140803	LTR/ERVL-MaLR	2310	+	196	31140606	91155
chr15	66727112	66927112	harbor1	chr15	66793062	66793460	LTR/ERVL-MaLR	2052	+	199	66793261	66149
chr15	66727112	66927112	harbor1	chr15	66818513	66818789	LTR/ERVL-MaLR	743	+	138	66818651	91539
chr15	66727112	66927112	harbor1	chr15	66824437	66824772	LTR/ERVL-MaLR	490	+	168	66824605	97493
chr15	35446283	35646283	harbor1	chr15	35489040	35489325	LTR/ERVL-MaLR	625	+	142	35489182	42899
chr15	35446283	35646283	harbor1	chr15	35495097	35495489	LTR/ERVL-MaLR	1958	+	196	35495293	49010
chr16	1	167634	harbor1	chr16	27259	27445	LTR/ERVL-MaLR	757	+	93	27352	27351
chr16	1	167634	harbor1	chr16	27750	27848	LTR/ERVL-MaLR	757	+	49	27799	27798
chr16	1	167634	harbor1	chr16	28408	28525	LTR/ERVL-MaLR	608	+	58	28466	28465
chr16	699531	899531	harbor1	chr16	746988	747264	LTR/ERVL-MaLR	1795	+	138	747126	47595
chr16	699531	899531	harbor1	chr16	747576	747646	LTR/ERVL-MaLR	1795	+	35	747611	48080
chr16	699531	899531	harbor1	chr16	771100	771226	LTR/ERVL-MaLR	1146	+	63	771163	71632
chr16	699531	899531	harbor1	chr16	771675	771910	LTR/ERVL-MaLR	1146	+	118	771793	72262
chr16	699766	899766	harbor1	chr16	746988	747264	LTR/ERVL-MaLR	1795	+	138	747126	47360
chr16	699766	899766	harbor1	chr16	747576	747646	LTR/ERVL-MaLR	1795	+	35	747611	47845
chr16	699766	899766	harbor1	chr16	771100	771226	LTR/ERVL-MaLR	1146	+	63	771163	71397
chr16	699766	899766	harbor1	chr16	771675	771910	LTR/ERVL-MaLR	1146	+	118	771793	72027
chr16	66189905	66389905	harbor1	chr16	66222386	66222764	LTR/ERVL-MaLR	1948	+	189	66222575	32670
chr16	66189905	66389905	harbor1	chr16	66234549	66234701	LTR/ERVL-MaLR	2225	+	76	66234625	44720
chr16	66189905	66389905	harbor1	chr16	66235018	66235221	LTR/ERVL-MaLR	2225	+	102	66235120	45215
chr16	66189905	66389905	harbor1	chr16	66257491	66257672	LTR/ERVL-MaLR	1874	+	90	66257581	67676
chr16	66189905	66389905	harbor1	chr16	66257963	66258175	LTR/ERVL-MaLR	1874	+	106	66258069	68164
chr16	66189905	66389905	harbor1	chr16	66258184	66258237	LTR/ERVL-MaLR	1508	+	26	66258210	68305
chr16	66189905	66389905	harbor1	chr16	66258542	66258902	LTR/ERVL-MaLR	1508	+	180	66258722	68817
chr16	66189905	66389905	harbor1	chr16	66275009	66275401	LTR/ERVL-MaLR	2403	+	196	66275205	85300
chr16	66189905	66389905	harbor1	chr16	66284427	66284509	LTR/ERVL-MaLR	1209	+	41	66284468	94563
chr16	66189905	66389905	harbor1	chr16	66284879	66285003	LTR/ERVL-MaLR	1209	+	62	66284941	95036
chr16	66189905	66389905	harbor1	chr16	66285044	66285246	LTR/ERVL-MaLR	1209	+	101	66285145	95240
chr16	699726	899726	harbor1	chr16	746988	747264	LTR/ERVL-MaLR	1795	+	138	747126	47400
chr16	699726	899726	harbor1	chr16	747576	747646	LTR/ERVL-MaLR	1795	+	35	747611	47885
chr16	699726	899726	harbor1	chr16	771100	771226	LTR/ERVL-MaLR	1146	+	63	771163	71437
chr16	699726	899726	harbor1	chr16	771675	771910	LTR/ERVL-MaLR	1146	+	118	771793	72067
chr16	700733	900733	harbor1	chr16	746988	747264	LTR/ERVL-MaLR	1795	+	138	747126	46393
chr16	700733	900733	harbor1	chr16	747576	747646	LTR/ERVL-MaLR	1795	+	35	747611	46878
chr16	700733	900733	harbor1	chr16	771100	771226	LTR/ERVL-MaLR	1146	+	63	771163	70430
chr16	700733	900733	harbor1	chr16	771675	771910	LTR/ERVL-MaLR	1146	+	118	771793	71060
chr16	73380	273380	harbor1	chr16	146001	146181	LTR/ERVL-MaLR	1579	+	90	146091	72711
chr16	73380	273380	harbor1	chr16	146489	146677	LTR/ERVL-MaLR	1579	+	94	146583	73203
chr16	87260312	87460312	harbor1	chr16	87316714	87317005	LTR/ERVL-MaLR	783	+	146	87316860	56548
chr16	87260312	87460312	harbor1	chr16	87338802	87339158	LTR/ERVL-MaLR	2500	+	178	87338980	78668
chr16	79309359	79509359	harbor1	chr16	79338864	79339057	LTR/ERVL-MaLR	738	+	96	79338960	29601
chr16	79309359	79509359	harbor1	chr16	79339359	79339619	LTR/ERVL-MaLR	738	+	130	79339489	30130
chr16	79309359	79509359	harbor1	chr16	79350437	79350854	LTR/ERVL-MaLR	933	+	208	79350645	41286
chr16	79309359	79509359	harbor1	chr16	79366498	79366864	LTR/ERVL-MaLR	1171	+	183	79366681	57322
chr16	79309359	79509359	harbor1	chr16	79373185	79373359	LTR/ERVL-MaLR	2443	+	87	79373272	63913
chr16	79309359	79509359	harbor1	chr16	79373678	79373914	LTR/ERVL-MaLR	2443	+	118	79373796	64437
chr16	79309359	79509359	harbor1	chr16	79395366	79395825	LTR/ERVL-MaLR	1268	+	230	79395596	86237
chr16	67063106	67263106	harbor1	chr16	67071247	67071621	LTR/ERVL-MaLR	1365	+	187	67071434	8328
chr16	67063106	67263106	harbor1	chr16	67157172	67157686	LTR/ERVL-MaLR	1464	+	257	67157429	94323
chr16	864044	1064044	harbor1	chr16	939864	940277	LTR/ERVL-MaLR	610	+	206	940070	76026
chr16	700637	900637	harbor1	chr16	746988	747264	LTR/ERVL-MaLR	1795	+	138	747126	46489
chr16	700637	900637	harbor1	chr16	747576	747646	LTR/ERVL-MaLR	1795	+	35	747611	46974
chr16	700637	900637	harbor1	chr16	771100	771226	LTR/ERVL-MaLR	1146	+	63	771163	70526
chr16	700637	900637	harbor1	chr16	771675	771910	LTR/ERVL-MaLR	1146	+	118	771793	71156
chr16	88644690	88844690	harbor1	chr16	88675932	88676295	LTR/ERVL-MaLR	1094	+	182	88676114	31424
chr16	870964	1070964	harbor1	chr16	939864	940277	LTR/ERVL-MaLR	610	+	206	940070	69106
chr16	89759369	89959369	harbor1	chr16	89798028	89798343	LTR/ERVL-MaLR	662	+	158	89798186	38817
chr16	1	167698	harbor1	chr16	27259	27445	LTR/ERVL-MaLR	757	+	93	27352	27351
chr16	1	167698	harbor1	chr16	27750	27848	LTR/ERVL-MaLR	757	+	49	27799	27798
chr16	1	167698	harbor1	chr16	28408	28525	LTR/ERVL-MaLR	608	+	58	28466	28465
chr16	2340233	2540233	harbor1	chr16	2401402	2401624	LTR/ERVL-MaLR	1224	+	111	2401513	61280
chr16	2340233	2540233	harbor1	chr16	2416385	2416694	LTR/ERVL-MaLR	840	+	154	2416539	76306
chr16	4077581	4277581	harbor1	chr16	4082986	4083229	LTR/ERVL-MaLR	744	+	122	4083108	5527
chr16	4077581	4277581	harbor1	chr16	4099979	4100327	LTR/ERVL-MaLR	1907	+	174	4100153	22572
chr16	4077581	4277581	harbor1	chr16	4100630	4100671	LTR/ERVL-MaLR	1907	+	20	4100650	23069
chr16	4077581	4277581	harbor1	chr16	4121712	4121870	LTR/ERVL-MaLR	573	+	79	4121791	44210
chr16	4077581	4277581	harbor1	chr16	4127602	4127760	LTR/ERVL-MaLR	1430	+	79	4127681	50100
chr16	4077581	4277581	harbor1	chr16	4127787	4127809	LTR/ERVL-MaLR	1430	+	11	4127798	50217
chr16	4077581	4277581	harbor1	chr16	4127966	4128042	LTR/ERVL-MaLR	1430	+	38	4128004	50423
chr16	4077581	4277581	harbor1	chr16	4128350	4128566	LTR/ERVL-MaLR	1430	+	108	4128458	50877
chr16	4077581	4277581	harbor1	chr16	4138625	4138903	LTR/ERVL-MaLR	1364	+	139	4138764	61183
chr16	4077581	4277581	harbor1	chr16	4140295	4140713	LTR/ERVL-MaLR	2251	+	209	4140504	62923
chr16	4077581	4277581	harbor1	chr16	4155228	4155634	LTR/ERVL-MaLR	1799	+	203	4155431	77850
chr16	4077581	4277581	harbor1	chr16	4155945	4156008	LTR/ERVL-MaLR	1799	+	32	4155977	78396
chr16	4077581	4277581	harbor1	chr16	4168943	4169343	LTR/ERVL-MaLR	1647	+	200	4169143	91562
chr16	2823031	3023031	harbor1	chr16	2825798	2826153	LTR/ERVL-MaLR	1192	+	178	2825976	2945
chr16	2823031	3023031	harbor1	chr16	2863834	2864231	LTR/ERVL-MaLR	2080	+	198	2864032	41001
chr16	870901	1070901	harbor1	chr16	939864	940277	LTR/ERVL-MaLR	610	+	206	940070	69169
chr16	699781	899781	harbor1	chr16	746988	747264	LTR/ERVL-MaLR	1795	+	138	747126	47345
chr16	699781	899781	harbor1	chr16	747576	747646	LTR/ERVL-MaLR	1795	+	35	747611	47830
chr16	699781	899781	harbor1	chr16	771100	771226	LTR/ERVL-MaLR	1146	+	63	771163	71382
chr16	699781	899781	harbor1	chr16	771675	771910	LTR/ERVL-MaLR	1146	+	118	771793	72012
chr16	699769	899769	harbor1	chr16	746988	747264	LTR/ERVL-MaLR	1795	+	138	747126	47357
chr16	699769	899769	harbor1	chr16	747576	747646	LTR/ERVL-MaLR	1795	+	35	747611	47842
chr16	699769	899769	harbor1	chr16	771100	771226	LTR/ERVL-MaLR	1146	+	63	771163	71394
chr16	699769	899769	harbor1	chr16	771675	771910	LTR/ERVL-MaLR	1146	+	118	771793	72024
chr16	54828777	55028777	harbor1	chr16	54833346	54833749	LTR/ERVL-MaLR	2682	+	202	54833548	4771
chr16	54828777	55028777	harbor1	chr16	54871484	54871627	LTR/ERVL-MaLR	1708	+	72	54871556	42779
chr16	54828777	55028777	harbor1	chr16	54871693	54871989	LTR/ERVL-MaLR	1708	+	148	54871841	43064
chr16	54828777	55028777	harbor1	chr16	54902437	54902827	LTR/ERVL-MaLR	1541	+	195	54902632	73855
chr16	1	162150	harbor1	chr16	27259	27445	LTR/ERVL-MaLR	757	+	93	27352	27351
chr16	1	162150	harbor1	chr16	27750	27848	LTR/ERVL-MaLR	757	+	49	27799	27798
chr16	1	162150	harbor1	chr16	28408	28525	LTR/ERVL-MaLR	608	+	58	28466	28465
chr16	31026123	31226123	harbor1	chr16	31044355	31044490	LTR/ERVL-MaLR	709	+	68	31044423	18300
chr16	31026123	31226123	harbor1	chr16	31044788	31045032	LTR/ERVL-MaLR	709	+	122	31044910	18787
chr16	31026123	31226123	harbor1	chr16	31045881	31046271	LTR/ERVL-MaLR	1304	+	195	31046076	19953
chr16	31026123	31226123	harbor1	chr16	31046486	31046654	LTR/ERVL-MaLR	1304	+	84	31046570	20447
chr16	31026123	31226123	harbor1	chr16	31046951	31047195	LTR/ERVL-MaLR	1304	+	122	31047073	20950
chr16	31026123	31226123	harbor1	chr16	31048163	31048174	LTR/ERVL-MaLR	1304	+	6	31048169	22046
chr16	31026123	31226123	harbor1	chr16	31048476	31048746	LTR/ERVL-MaLR	1304	+	135	31048611	22488
chr16	31026123	31226123	harbor1	chr16	31049374	31049700	LTR/ERVL-MaLR	1304	+	163	31049537	23414
chr16	31026123	31226123	harbor1	chr16	31050075	31050435	LTR/ERVL-MaLR	1004	+	180	31050255	24132
chr16	31026123	31226123	harbor1	chr16	31055687	31055826	LTR/ERVL-MaLR	630	+	70	31055757	29634
chr16	31026123	31226123	harbor1	chr16	31071893	31072052	LTR/ERVL-MaLR	566	+	80	31071973	45850
chr16	31026123	31226123	harbor1	chr16	31098364	31098698	LTR/ERVL-MaLR	1164	+	167	31098531	72408
chr16	31026123	31226123	harbor1	chr16	31100087	31100361	LTR/ERVL-MaLR	2044	+	137	31100224	74101
chr16	31026123	31226123	harbor1	chr16	31101265	31101454	LTR/ERVL-MaLR	2044	+	94	31101359	75236
chr16	31026123	31226123	harbor1	chr16	31101767	31101789	LTR/ERVL-MaLR	2044	+	11	31101778	75655
chr16	31026123	31226123	harbor1	chr16	31101924	31101958	LTR/ERVL-MaLR	2044	+	17	31101941	75818
chr16	31026123	31226123	harbor1	chr16	31102208	31102256	LTR/ERVL-MaLR	2044	+	24	31102232	76109
chr16	700571	900571	harbor1	chr16	746988	747264	LTR/ERVL-MaLR	1795	+	138	747126	46555
chr16	700571	900571	harbor1	chr16	747576	747646	LTR/ERVL-MaLR	1795	+	35	747611	47040
chr16	700571	900571	harbor1	chr16	771100	771226	LTR/ERVL-MaLR	1146	+	63	771163	70592
chr16	700571	900571	harbor1	chr16	771675	771910	LTR/ERVL-MaLR	1146	+	118	771793	71222
chr16	1	162048	harbor1	chr16	27259	27445	LTR/ERVL-MaLR	757	+	93	27352	27351
chr16	1	162048	harbor1	chr16	27750	27848	LTR/ERVL-MaLR	757	+	49	27799	27798
chr16	1	162048	harbor1	chr16	28408	28525	LTR/ERVL-MaLR	608	+	58	28466	28465
chr16	67009887	67209887	harbor1	chr16	67071247	67071621	LTR/ERVL-MaLR	1365	+	187	67071434	61547
chr16	56526501	56726501	harbor1	chr16	56535903	56536293	LTR/ERVL-MaLR	2166	+	195	56536098	9597
chr16	56526501	56726501	harbor1	chr16	56572567	56572720	LTR/ERVL-MaLR	1935	+	76	56572643	46142
chr16	56526501	56726501	harbor1	chr16	56573026	56573247	LTR/ERVL-MaLR	1935	+	110	56573136	46635
chr16	56526501	56726501	harbor1	chr16	56593477	56593817	LTR/ERVL-MaLR	2070	+	170	56593647	67146
chr16	56526501	56726501	harbor1	chr16	56594039	56594433	LTR/ERVL-MaLR	1124	+	197	56594236	67735
chr16	56526501	56726501	harbor1	chr16	56602226	56602402	LTR/ERVL-MaLR	885	+	88	56602314	75813
chr16	56526501	56726501	harbor1	chr16	56603598	56603969	LTR/ERVL-MaLR	1365	+	186	56603784	77283
chr16	56526501	56726501	harbor1	chr16	56604893	56605415	LTR/ERVL-MaLR	2342	+	261	56605154	78653
chr16	56526501	56726501	harbor1	chr16	56623150	56623508	LTR/ERVL-MaLR	2259	+	179	56623329	96828
chr16	56526501	56726501	harbor1	chr16	56621654	56623148	LTR/ERVL-MaLR	10906	+	747	56622401	95900
chr16	700566	900566	harbor1	chr16	746988	747264	LTR/ERVL-MaLR	1795	+	138	747126	46560
chr16	700566	900566	harbor1	chr16	747576	747646	LTR/ERVL-MaLR	1795	+	35	747611	47045
chr16	700566	900566	harbor1	chr16	771100	771226	LTR/ERVL-MaLR	1146	+	63	771163	70597
chr16	700566	900566	harbor1	chr16	771675	771910	LTR/ERVL-MaLR	1146	+	118	771793	71227
chr16	67084475	67284475	harbor1	chr16	67157172	67157686	LTR/ERVL-MaLR	1464	+	257	67157429	72954
chr16	700526	900526	harbor1	chr16	746988	747264	LTR/ERVL-MaLR	1795	+	138	747126	46600
chr16	700526	900526	harbor1	chr16	747576	747646	LTR/ERVL-MaLR	1795	+	35	747611	47085
chr16	700526	900526	harbor1	chr16	771100	771226	LTR/ERVL-MaLR	1146	+	63	771163	70637
chr16	700526	900526	harbor1	chr16	771675	771910	LTR/ERVL-MaLR	1146	+	118	771793	71267
chr16	87282562	87482562	harbor1	chr16	87316714	87317005	LTR/ERVL-MaLR	783	+	146	87316860	34298
chr16	87282562	87482562	harbor1	chr16	87338802	87339158	LTR/ERVL-MaLR	2500	+	178	87338980	56418
chr16	2204139	2404139	harbor1	chr16	2242489	2242754	LTR/ERVL-MaLR	675	+	132	2242621	38482
chr16	27963715	28163715	harbor1	chr16	27985179	27985561	LTR/ERVL-MaLR	2253	+	191	27985370	21655
chr16	27963715	28163715	harbor1	chr16	27985842	27985887	LTR/ERVL-MaLR	2253	+	22	27985864	22149
chr16	27963715	28163715	harbor1	chr16	28005834	28006295	LTR/ERVL-MaLR	2185	+	230	28006064	42349
chr16	27963715	28163715	harbor1	chr16	28006609	28006744	LTR/ERVL-MaLR	2185	+	68	28006677	42962
chr16	27963715	28163715	harbor1	chr16	28007072	28007476	LTR/ERVL-MaLR	1765	+	202	28007274	43559
chr16	27963715	28163715	harbor1	chr16	28007816	28007857	LTR/ERVL-MaLR	1765	+	20	28007836	44121
chr16	27963715	28163715	harbor1	chr16	28020560	28021060	LTR/ERVL-MaLR	2050	+	250	28020810	57095
chr16	27963715	28163715	harbor1	chr16	28027196	28027441	LTR/ERVL-MaLR	689	+	122	28027318	63603
chr16	27963715	28163715	harbor1	chr16	28030124	28030661	LTR/ERVL-MaLR	1173	+	268	28030392	66677
chr16	89473666	89673666	harbor1	chr16	89473965	89474332	LTR/ERVL-MaLR	1213	+	184	89474149	483
chr16	89473666	89673666	harbor1	chr16	89482490	89482643	LTR/ERVL-MaLR	1205	+	76	89482566	8900
chr16	89473666	89673666	harbor1	chr16	89482796	89483058	LTR/ERVL-MaLR	1205	+	131	89482927	9261
chr16	67009935	67209935	harbor1	chr16	67071247	67071621	LTR/ERVL-MaLR	1365	+	187	67071434	61499
chr16	47360972	47560972	harbor1	chr16	47416476	47416849	LTR/ERVL-MaLR	1749	+	186	47416662	55690
chr16	47360972	47560972	harbor1	chr16	47420487	47420883	LTR/ERVL-MaLR	1625	+	198	47420685	59713
chr16	47360972	47560972	harbor1	chr16	47445533	47445830	LTR/ERVL-MaLR	777	+	148	47445681	84709
chr16	771657	971657	harbor1	chr16	771675	771910	LTR/ERVL-MaLR	1146	+	118	771793	136
chr16	771657	971657	harbor1	chr16	822231	822458	LTR/ERVL-MaLR	560	+	114	822345	50688
chr16	87292271	87492271	harbor1	chr16	87316714	87317005	LTR/ERVL-MaLR	783	+	146	87316860	24589
chr16	87292271	87492271	harbor1	chr16	87338802	87339158	LTR/ERVL-MaLR	2500	+	178	87338980	46709
chr16	1	167628	harbor1	chr16	27259	27445	LTR/ERVL-MaLR	757	+	93	27352	27351
chr16	1	167628	harbor1	chr16	27750	27848	LTR/ERVL-MaLR	757	+	49	27799	27798
chr16	1	167628	harbor1	chr16	28408	28525	LTR/ERVL-MaLR	608	+	58	28466	28465
chr16	1721078	1921078	harbor1	chr16	1796504	1796653	LTR/ERVL-MaLR	2037	+	74	1796578	75500
chr16	1721078	1921078	harbor1	chr16	1796961	1797159	LTR/ERVL-MaLR	2037	+	99	1797060	75982
chr16	1721078	1921078	harbor1	chr16	1797190	1797533	LTR/ERVL-MaLR	9715	+	172	1797362	76284
chr16	1721078	1921078	harbor1	chr16	1797831	1798356	LTR/ERVL-MaLR	9715	+	262	1798093	77015
chr16	1721078	1921078	harbor1	chr16	1798666	1799398	LTR/ERVL-MaLR	9715	+	366	1799032	77954
chr16	1721078	1921078	harbor1	chr16	1799399	1799768	LTR/ERVL-MaLR	2291	+	184	1799583	78505
chr16	1721078	1921078	harbor1	chr16	1804385	1804776	LTR/ERVL-MaLR	1230	+	196	1804581	83503
chr16	1721078	1921078	harbor1	chr16	1805077	1805154	LTR/ERVL-MaLR	1230	+	38	1805115	84037
chr16	1721078	1921078	harbor1	chr16	1813056	1813443	LTR/ERVL-MaLR	1680	+	194	1813250	92172
chr16	87292307	87492307	harbor1	chr16	87316714	87317005	LTR/ERVL-MaLR	783	+	146	87316860	24553
chr16	87292307	87492307	harbor1	chr16	87338802	87339158	LTR/ERVL-MaLR	2500	+	178	87338980	46673
chr16	700532	900532	harbor1	chr16	746988	747264	LTR/ERVL-MaLR	1795	+	138	747126	46594
chr16	700532	900532	harbor1	chr16	747576	747646	LTR/ERVL-MaLR	1795	+	35	747611	47079
chr16	700532	900532	harbor1	chr16	771100	771226	LTR/ERVL-MaLR	1146	+	63	771163	70631
chr16	700532	900532	harbor1	chr16	771675	771910	LTR/ERVL-MaLR	1146	+	118	771793	71261
chr16	816011	1016011	harbor1	chr16	822231	822458	LTR/ERVL-MaLR	560	+	114	822345	6334
chr16	88756404	88956404	harbor1	chr16	88843478	88843802	LTR/ERVL-MaLR	617	+	162	88843640	87236
chr16	66743175	66943175	harbor1	chr16	66804642	66804997	LTR/ERVL-MaLR	1949	+	178	66804820	61645
chr16	66743175	66943175	harbor1	chr16	66806880	66807263	LTR/ERVL-MaLR	729	+	192	66807072	63897
chr16	70586095	70786095	harbor1	chr16	70668588	70668933	LTR/ERVL-MaLR	1774	+	172	70668760	82665
chr16	1	167557	harbor1	chr16	27259	27445	LTR/ERVL-MaLR	757	+	93	27352	27351
chr16	1	167557	harbor1	chr16	27750	27848	LTR/ERVL-MaLR	757	+	49	27799	27798
chr16	1	167557	harbor1	chr16	28408	28525	LTR/ERVL-MaLR	608	+	58	28466	28465
chr16	700506	900506	harbor1	chr16	746988	747264	LTR/ERVL-MaLR	1795	+	138	747126	46620
chr16	700506	900506	harbor1	chr16	747576	747646	LTR/ERVL-MaLR	1795	+	35	747611	47105
chr16	700506	900506	harbor1	chr16	771100	771226	LTR/ERVL-MaLR	1146	+	63	771163	70657
chr16	700506	900506	harbor1	chr16	771675	771910	LTR/ERVL-MaLR	1146	+	118	771793	71287
chr16	699176	899176	harbor1	chr16	746988	747264	LTR/ERVL-MaLR	1795	+	138	747126	47950
chr16	699176	899176	harbor1	chr16	747576	747646	LTR/ERVL-MaLR	1795	+	35	747611	48435
chr16	699176	899176	harbor1	chr16	771100	771226	LTR/ERVL-MaLR	1146	+	63	771163	71987
chr16	699176	899176	harbor1	chr16	771675	771910	LTR/ERVL-MaLR	1146	+	118	771793	72617
chr16	67352779	67552779	harbor1	chr16	67419704	67420186	LTR/ERVL-MaLR	2371	+	241	67419945	67166
chr16	700587	900587	harbor1	chr16	746988	747264	LTR/ERVL-MaLR	1795	+	138	747126	46539
chr16	700587	900587	harbor1	chr16	747576	747646	LTR/ERVL-MaLR	1795	+	35	747611	47024
chr16	700587	900587	harbor1	chr16	771100	771226	LTR/ERVL-MaLR	1146	+	63	771163	70576
chr16	700587	900587	harbor1	chr16	771675	771910	LTR/ERVL-MaLR	1146	+	118	771793	71206
chr16	57566222	57766222	harbor1	chr16	57611460	57611923	LTR/ERVL-MaLR	2396	+	232	57611692	45470
chr16	70034	270034	harbor1	chr16	146001	146181	LTR/ERVL-MaLR	1579	+	90	146091	76057
chr16	70034	270034	harbor1	chr16	146489	146677	LTR/ERVL-MaLR	1579	+	94	146583	76549
chr16	1	167681	harbor1	chr16	27259	27445	LTR/ERVL-MaLR	757	+	93	27352	27351
chr16	1	167681	harbor1	chr16	27750	27848	LTR/ERVL-MaLR	757	+	49	27799	27798
chr16	1	167681	harbor1	chr16	28408	28525	LTR/ERVL-MaLR	608	+	58	28466	28465
chr16	4084073	4284073	harbor1	chr16	4099979	4100327	LTR/ERVL-MaLR	1907	+	174	4100153	16080
chr16	4084073	4284073	harbor1	chr16	4100630	4100671	LTR/ERVL-MaLR	1907	+	20	4100650	16577
chr16	4084073	4284073	harbor1	chr16	4121712	4121870	LTR/ERVL-MaLR	573	+	79	4121791	37718
chr16	4084073	4284073	harbor1	chr16	4127602	4127760	LTR/ERVL-MaLR	1430	+	79	4127681	43608
chr16	4084073	4284073	harbor1	chr16	4127787	4127809	LTR/ERVL-MaLR	1430	+	11	4127798	43725
chr16	4084073	4284073	harbor1	chr16	4127966	4128042	LTR/ERVL-MaLR	1430	+	38	4128004	43931
chr16	4084073	4284073	harbor1	chr16	4128350	4128566	LTR/ERVL-MaLR	1430	+	108	4128458	44385
chr16	4084073	4284073	harbor1	chr16	4138625	4138903	LTR/ERVL-MaLR	1364	+	139	4138764	54691
chr16	4084073	4284073	harbor1	chr16	4140295	4140713	LTR/ERVL-MaLR	2251	+	209	4140504	56431
chr16	4084073	4284073	harbor1	chr16	4155228	4155634	LTR/ERVL-MaLR	1799	+	203	4155431	71358
chr16	4084073	4284073	harbor1	chr16	4155945	4156008	LTR/ERVL-MaLR	1799	+	32	4155977	71904
chr16	4084073	4284073	harbor1	chr16	4168943	4169343	LTR/ERVL-MaLR	1647	+	200	4169143	85070
chr16	2369786	2569786	harbor1	chr16	2401402	2401624	LTR/ERVL-MaLR	1224	+	111	2401513	31727
chr16	2369786	2569786	harbor1	chr16	2416385	2416694	LTR/ERVL-MaLR	840	+	154	2416539	46753
chr16	57884565	58084565	harbor1	chr16	57887315	57887737	LTR/ERVL-MaLR	1442	+	211	57887526	2961
chr16	57884565	58084565	harbor1	chr16	57889303	57889632	LTR/ERVL-MaLR	1051	+	164	57889467	4902
chr16	57884565	58084565	harbor1	chr16	57898830	57899081	LTR/ERVL-MaLR	1103	+	126	57898956	14391
chr16	57884565	58084565	harbor1	chr16	57905562	57905954	LTR/ERVL-MaLR	1522	+	196	57905758	21193
chr16	57884565	58084565	harbor1	chr16	57924639	57924990	LTR/ERVL-MaLR	2183	+	176	57924815	40250
chr16	57884565	58084565	harbor1	chr16	57925303	57925372	LTR/ERVL-MaLR	2183	+	34	57925337	40772
chr16	57884565	58084565	harbor1	chr16	57955517	57955978	LTR/ERVL-MaLR	1541	+	230	57955747	71182
chr16	870936	1070936	harbor1	chr16	939864	940277	LTR/ERVL-MaLR	610	+	206	940070	69134
chr16	427634	627634	harbor1	chr16	472741	473136	LTR/ERVL-MaLR	973	+	198	472939	45305
chr16	78302994	78502994	harbor1	chr16	78307296	78307445	LTR/ERVL-MaLR	726	+	74	78307370	4376
chr16	78302994	78502994	harbor1	chr16	78307509	78307714	LTR/ERVL-MaLR	882	+	102	78307611	4617
chr16	78302994	78502994	harbor1	chr16	78309106	78309452	LTR/ERVL-MaLR	1864	+	173	78309279	6285
chr16	78302994	78502994	harbor1	chr16	78318893	78319287	LTR/ERVL-MaLR	1529	+	197	78319090	16096
chr16	78302994	78502994	harbor1	chr16	78319541	78319675	LTR/ERVL-MaLR	1529	+	67	78319608	16614
chr16	78302994	78502994	harbor1	chr16	78382163	78382536	LTR/ERVL-MaLR	926	+	186	78382349	79355
chr16	58571260	58771260	harbor1	chr16	58658818	58659130	LTR/ERVL-MaLR	707	+	156	58658974	87714
chr16	47360990	47560990	harbor1	chr16	47416476	47416849	LTR/ERVL-MaLR	1749	+	186	47416662	55672
chr16	47360990	47560990	harbor1	chr16	47420487	47420883	LTR/ERVL-MaLR	1625	+	198	47420685	59695
chr16	47360990	47560990	harbor1	chr16	47445533	47445830	LTR/ERVL-MaLR	777	+	148	47445681	84691
chr16	47361018	47561018	harbor1	chr16	47416476	47416849	LTR/ERVL-MaLR	1749	+	186	47416662	55644
chr16	47361018	47561018	harbor1	chr16	47420487	47420883	LTR/ERVL-MaLR	1625	+	198	47420685	59667
chr16	47361018	47561018	harbor1	chr16	47445533	47445830	LTR/ERVL-MaLR	777	+	148	47445681	84663
chr16	688378	888378	harbor1	chr16	746988	747264	LTR/ERVL-MaLR	1795	+	138	747126	58748
chr16	688378	888378	harbor1	chr16	747576	747646	LTR/ERVL-MaLR	1795	+	35	747611	59233
chr16	688378	888378	harbor1	chr16	771100	771226	LTR/ERVL-MaLR	1146	+	63	771163	82785
chr16	688378	888378	harbor1	chr16	771675	771910	LTR/ERVL-MaLR	1146	+	118	771793	83415
chr16	2167697	2367697	harbor1	chr16	2242489	2242754	LTR/ERVL-MaLR	675	+	132	2242621	74924
chr16	92247	292247	harbor1	chr16	146001	146181	LTR/ERVL-MaLR	1579	+	90	146091	53844
chr16	92247	292247	harbor1	chr16	146489	146677	LTR/ERVL-MaLR	1579	+	94	146583	54336
chr16	456401	656401	harbor1	chr16	472741	473136	LTR/ERVL-MaLR	973	+	198	472939	16538
chr16	1001885	1201885	harbor1	chr16	1026803	1027200	LTR/ERVL-MaLR	603	+	198	1027001	25116
chr16	1001885	1201885	harbor1	chr16	1037753	1038044	LTR/ERVL-MaLR	596	+	146	1037899	36014
chr16	1001885	1201885	harbor1	chr16	1066737	1067098	LTR/ERVL-MaLR	1488	+	180	1066917	65032
chr16	1001885	1201885	harbor1	chr16	1067435	1067467	LTR/ERVL-MaLR	1488	+	16	1067451	65566
chr16	73620	273620	harbor1	chr16	146001	146181	LTR/ERVL-MaLR	1579	+	90	146091	72471
chr16	73620	273620	harbor1	chr16	146489	146677	LTR/ERVL-MaLR	1579	+	94	146583	72963
chr16	456325	656325	harbor1	chr16	472741	473136	LTR/ERVL-MaLR	973	+	198	472939	16614
chr16	70586052	70786052	harbor1	chr16	70668588	70668933	LTR/ERVL-MaLR	1774	+	172	70668760	82708
chr16	47360574	47560574	harbor1	chr16	47416476	47416849	LTR/ERVL-MaLR	1749	+	186	47416662	56088
chr16	47360574	47560574	harbor1	chr16	47420487	47420883	LTR/ERVL-MaLR	1625	+	198	47420685	60111
chr16	47360574	47560574	harbor1	chr16	47445533	47445830	LTR/ERVL-MaLR	777	+	148	47445681	85107
chr16	2836839	3036839	harbor1	chr16	2863834	2864231	LTR/ERVL-MaLR	2080	+	198	2864032	27193
chr16	73663	273663	harbor1	chr16	146001	146181	LTR/ERVL-MaLR	1579	+	90	146091	72428
chr16	73663	273663	harbor1	chr16	146489	146677	LTR/ERVL-MaLR	1579	+	94	146583	72920
chr16	30253473	30453473	harbor1	chr16	30254088	30254448	LTR/ERVL-MaLR	2481	+	180	30254268	795
chr16	979342	1179342	harbor1	chr16	1026803	1027200	LTR/ERVL-MaLR	603	+	198	1027001	47659
chr16	979342	1179342	harbor1	chr16	1037753	1038044	LTR/ERVL-MaLR	596	+	146	1037899	58557
chr16	979342	1179342	harbor1	chr16	1066737	1067098	LTR/ERVL-MaLR	1488	+	180	1066917	87575
chr16	979342	1179342	harbor1	chr16	1067435	1067467	LTR/ERVL-MaLR	1488	+	16	1067451	88109
chr16	56535629	56735629	harbor1	chr16	56535903	56536293	LTR/ERVL-MaLR	2166	+	195	56536098	469
chr16	56535629	56735629	harbor1	chr16	56572567	56572720	LTR/ERVL-MaLR	1935	+	76	56572643	37014
chr16	56535629	56735629	harbor1	chr16	56573026	56573247	LTR/ERVL-MaLR	1935	+	110	56573136	37507
chr16	56535629	56735629	harbor1	chr16	56593477	56593817	LTR/ERVL-MaLR	2070	+	170	56593647	58018
chr16	56535629	56735629	harbor1	chr16	56594039	56594433	LTR/ERVL-MaLR	1124	+	197	56594236	58607
chr16	56535629	56735629	harbor1	chr16	56602226	56602402	LTR/ERVL-MaLR	885	+	88	56602314	66685
chr16	56535629	56735629	harbor1	chr16	56603598	56603969	LTR/ERVL-MaLR	1365	+	186	56603784	68155
chr16	56535629	56735629	harbor1	chr16	56604893	56605415	LTR/ERVL-MaLR	2342	+	261	56605154	69525
chr16	56535629	56735629	harbor1	chr16	56623150	56623508	LTR/ERVL-MaLR	2259	+	179	56623329	87700
chr16	56535629	56735629	harbor1	chr16	56628567	56628902	LTR/ERVL-MaLR	1591	+	168	56628735	93106
chr16	56535629	56735629	harbor1	chr16	56634342	56634523	LTR/ERVL-MaLR	805	+	90	56634432	98803
chr16	56535629	56735629	harbor1	chr16	56621654	56623148	LTR/ERVL-MaLR	10906	+	747	56622401	86772
chr16	73590	273590	harbor1	chr16	146001	146181	LTR/ERVL-MaLR	1579	+	90	146091	72501
chr16	73590	273590	harbor1	chr16	146489	146677	LTR/ERVL-MaLR	1579	+	94	146583	72993
chr16	47149798	47349798	harbor1	chr16	47231783	47232250	LTR/ERVL-MaLR	2191	+	234	47232017	82219
chr16	47149798	47349798	harbor1	chr16	47238879	47239200	LTR/ERVL-MaLR	1687	+	160	47239039	89241
chr16	47149798	47349798	harbor1	chr16	47239499	47239542	LTR/ERVL-MaLR	1687	+	22	47239521	89723
chr16	47149798	47349798	harbor1	chr16	47244666	47245033	LTR/ERVL-MaLR	1118	+	184	47244850	95052
chr16	47149798	47349798	harbor1	chr16	47234757	47235112	LTR/ERVL-MaLR	2175	+	178	47234935	85137
chr16	31032745	31232745	harbor1	chr16	31044355	31044490	LTR/ERVL-MaLR	709	+	68	31044423	11678
chr16	31032745	31232745	harbor1	chr16	31044788	31045032	LTR/ERVL-MaLR	709	+	122	31044910	12165
chr16	31032745	31232745	harbor1	chr16	31045881	31046271	LTR/ERVL-MaLR	1304	+	195	31046076	13331
chr16	31032745	31232745	harbor1	chr16	31046486	31046654	LTR/ERVL-MaLR	1304	+	84	31046570	13825
chr16	31032745	31232745	harbor1	chr16	31046951	31047195	LTR/ERVL-MaLR	1304	+	122	31047073	14328
chr16	31032745	31232745	harbor1	chr16	31048163	31048174	LTR/ERVL-MaLR	1304	+	6	31048169	15424
chr16	31032745	31232745	harbor1	chr16	31048476	31048746	LTR/ERVL-MaLR	1304	+	135	31048611	15866
chr16	31032745	31232745	harbor1	chr16	31049374	31049700	LTR/ERVL-MaLR	1304	+	163	31049537	16792
chr16	31032745	31232745	harbor1	chr16	31050075	31050435	LTR/ERVL-MaLR	1004	+	180	31050255	17510
chr16	31032745	31232745	harbor1	chr16	31055687	31055826	LTR/ERVL-MaLR	630	+	70	31055757	23012
chr16	31032745	31232745	harbor1	chr16	31071893	31072052	LTR/ERVL-MaLR	566	+	80	31071973	39228
chr16	31032745	31232745	harbor1	chr16	31098364	31098698	LTR/ERVL-MaLR	1164	+	167	31098531	65786
chr16	31032745	31232745	harbor1	chr16	31100087	31100361	LTR/ERVL-MaLR	2044	+	137	31100224	67479
chr16	31032745	31232745	harbor1	chr16	31101265	31101454	LTR/ERVL-MaLR	2044	+	94	31101359	68614
chr16	31032745	31232745	harbor1	chr16	31101767	31101789	LTR/ERVL-MaLR	2044	+	11	31101778	69033
chr16	31032745	31232745	harbor1	chr16	31101924	31101958	LTR/ERVL-MaLR	2044	+	17	31101941	69196
chr16	31032745	31232745	harbor1	chr16	31102208	31102256	LTR/ERVL-MaLR	2044	+	24	31102232	69487
chr16	67009915	67209915	harbor1	chr16	67071247	67071621	LTR/ERVL-MaLR	1365	+	187	67071434	61519
chr16	30534673	30734673	harbor1	chr16	30594633	30595079	LTR/ERVL-MaLR	2297	+	223	30594856	60183
chr16	1	162045	harbor1	chr16	27259	27445	LTR/ERVL-MaLR	757	+	93	27352	27351
chr16	1	162045	harbor1	chr16	27750	27848	LTR/ERVL-MaLR	757	+	49	27799	27798
chr16	1	162045	harbor1	chr16	28408	28525	LTR/ERVL-MaLR	608	+	58	28466	28465
chr16	79500579	79700579	harbor1	chr16	79564650	79565150	LTR/ERVL-MaLR	601	+	250	79564900	64321
chr16	79500579	79700579	harbor1	chr16	79565436	79565789	LTR/ERVL-MaLR	2283	+	176	79565612	65033
chr16	31042643	31242643	harbor1	chr16	31044355	31044490	LTR/ERVL-MaLR	709	+	68	31044423	1780
chr16	31042643	31242643	harbor1	chr16	31044788	31045032	LTR/ERVL-MaLR	709	+	122	31044910	2267
chr16	31042643	31242643	harbor1	chr16	31045881	31046271	LTR/ERVL-MaLR	1304	+	195	31046076	3433
chr16	31042643	31242643	harbor1	chr16	31046486	31046654	LTR/ERVL-MaLR	1304	+	84	31046570	3927
chr16	31042643	31242643	harbor1	chr16	31046951	31047195	LTR/ERVL-MaLR	1304	+	122	31047073	4430
chr16	31042643	31242643	harbor1	chr16	31048163	31048174	LTR/ERVL-MaLR	1304	+	6	31048169	5526
chr16	31042643	31242643	harbor1	chr16	31048476	31048746	LTR/ERVL-MaLR	1304	+	135	31048611	5968
chr16	31042643	31242643	harbor1	chr16	31049374	31049700	LTR/ERVL-MaLR	1304	+	163	31049537	6894
chr16	31042643	31242643	harbor1	chr16	31050075	31050435	LTR/ERVL-MaLR	1004	+	180	31050255	7612
chr16	31042643	31242643	harbor1	chr16	31055687	31055826	LTR/ERVL-MaLR	630	+	70	31055757	13114
chr16	31042643	31242643	harbor1	chr16	31071893	31072052	LTR/ERVL-MaLR	566	+	80	31071973	29330
chr16	31042643	31242643	harbor1	chr16	31098364	31098698	LTR/ERVL-MaLR	1164	+	167	31098531	55888
chr16	31042643	31242643	harbor1	chr16	31100087	31100361	LTR/ERVL-MaLR	2044	+	137	31100224	57581
chr16	31042643	31242643	harbor1	chr16	31101265	31101454	LTR/ERVL-MaLR	2044	+	94	31101359	58716
chr16	31042643	31242643	harbor1	chr16	31101767	31101789	LTR/ERVL-MaLR	2044	+	11	31101778	59135
chr16	31042643	31242643	harbor1	chr16	31101924	31101958	LTR/ERVL-MaLR	2044	+	17	31101941	59298
chr16	31042643	31242643	harbor1	chr16	31102208	31102256	LTR/ERVL-MaLR	2044	+	24	31102232	59589
chr16	4718894	4918894	harbor1	chr16	4751621	4751762	LTR/ERVL-MaLR	566	+	70	4751691	32797
chr16	4718894	4918894	harbor1	chr16	4751918	4752161	LTR/ERVL-MaLR	566	+	122	4752040	33146
chr16	4718894	4918894	harbor1	chr16	4754774	4755182	LTR/ERVL-MaLR	2732	+	204	4754978	36084
chr16	4718894	4918894	harbor1	chr16	4771670	4771831	LTR/ERVL-MaLR	734	+	80	4771750	52856
chr16	4718894	4918894	harbor1	chr16	4793131	4793398	LTR/ERVL-MaLR	1039	+	134	4793265	74371
chr16	775221	975221	harbor1	chr16	822231	822458	LTR/ERVL-MaLR	560	+	114	822345	47124
chr16	2184827	2384827	harbor1	chr16	2242489	2242754	LTR/ERVL-MaLR	675	+	132	2242621	57794
chr16	870548	1070548	harbor1	chr16	939864	940277	LTR/ERVL-MaLR	610	+	206	940070	69522
chr16	71269697	71469697	harbor1	chr16	71274698	71275087	LTR/ERVL-MaLR	1600	+	194	71274892	5195
chr16	71269697	71469697	harbor1	chr16	71303364	71303684	LTR/ERVL-MaLR	890	+	160	71303524	33827
chr16	71269697	71469697	harbor1	chr16	71324755	71325235	LTR/ERVL-MaLR	2363	+	240	71324995	55298
chr16	71269697	71469697	harbor1	chr16	71328341	71328787	LTR/ERVL-MaLR	775	+	223	71328564	58867
chr16	870915	1070915	harbor1	chr16	939864	940277	LTR/ERVL-MaLR	610	+	206	940070	69155
chr16	57884912	58084912	harbor1	chr16	57887315	57887737	LTR/ERVL-MaLR	1442	+	211	57887526	2614
chr16	57884912	58084912	harbor1	chr16	57889303	57889632	LTR/ERVL-MaLR	1051	+	164	57889467	4555
chr16	57884912	58084912	harbor1	chr16	57898830	57899081	LTR/ERVL-MaLR	1103	+	126	57898956	14044
chr16	57884912	58084912	harbor1	chr16	57905562	57905954	LTR/ERVL-MaLR	1522	+	196	57905758	20846
chr16	57884912	58084912	harbor1	chr16	57924639	57924990	LTR/ERVL-MaLR	2183	+	176	57924815	39903
chr16	57884912	58084912	harbor1	chr16	57925303	57925372	LTR/ERVL-MaLR	2183	+	34	57925337	40425
chr16	57884912	58084912	harbor1	chr16	57955517	57955978	LTR/ERVL-MaLR	1541	+	230	57955747	70835
chr16	73025	273025	harbor1	chr16	146001	146181	LTR/ERVL-MaLR	1579	+	90	146091	73066
chr16	73025	273025	harbor1	chr16	146489	146677	LTR/ERVL-MaLR	1579	+	94	146583	73558
chr16	18689988	18889988	harbor1	chr16	18716206	18716382	LTR/ERVL-MaLR	2344	+	88	18716294	26306
chr16	18689988	18889988	harbor1	chr16	18716683	18716884	LTR/ERVL-MaLR	2344	+	100	18716783	26795
chr16	18689988	18889988	harbor1	chr16	18717179	18717217	LTR/ERVL-MaLR	2344	+	19	18717198	27210
chr16	18689988	18889988	harbor1	chr16	18738336	18738787	LTR/ERVL-MaLR	2056	+	226	18738562	48574
chr16	73598	273598	harbor1	chr16	146001	146181	LTR/ERVL-MaLR	1579	+	90	146091	72493
chr16	73598	273598	harbor1	chr16	146489	146677	LTR/ERVL-MaLR	1579	+	94	146583	72985
chr16	89474865	89674865	harbor1	chr16	89482490	89482643	LTR/ERVL-MaLR	1205	+	76	89482566	7701
chr16	89474865	89674865	harbor1	chr16	89482796	89483058	LTR/ERVL-MaLR	1205	+	131	89482927	8062
chr16	697833	897833	harbor1	chr16	746988	747264	LTR/ERVL-MaLR	1795	+	138	747126	49293
chr16	697833	897833	harbor1	chr16	747576	747646	LTR/ERVL-MaLR	1795	+	35	747611	49778
chr16	697833	897833	harbor1	chr16	771100	771226	LTR/ERVL-MaLR	1146	+	63	771163	73330
chr16	697833	897833	harbor1	chr16	771675	771910	LTR/ERVL-MaLR	1146	+	118	771793	73960
chr16	1578327	1778327	harbor1	chr16	1579379	1579598	LTR/ERVL-MaLR	842	+	110	1579489	1162
chr16	1578327	1778327	harbor1	chr16	1580285	1580664	LTR/ERVL-MaLR	2184	+	190	1580475	2148
chr16	1578327	1778327	harbor1	chr16	1582132	1582578	LTR/ERVL-MaLR	1317	+	223	1582355	4028
chr16	1578327	1778327	harbor1	chr16	1605786	1606195	LTR/ERVL-MaLR	1311	+	204	1605990	27663
chr16	4084077	4284077	harbor1	chr16	4099979	4100327	LTR/ERVL-MaLR	1907	+	174	4100153	16076
chr16	4084077	4284077	harbor1	chr16	4100630	4100671	LTR/ERVL-MaLR	1907	+	20	4100650	16573
chr16	4084077	4284077	harbor1	chr16	4121712	4121870	LTR/ERVL-MaLR	573	+	79	4121791	37714
chr16	4084077	4284077	harbor1	chr16	4127602	4127760	LTR/ERVL-MaLR	1430	+	79	4127681	43604
chr16	4084077	4284077	harbor1	chr16	4127787	4127809	LTR/ERVL-MaLR	1430	+	11	4127798	43721
chr16	4084077	4284077	harbor1	chr16	4127966	4128042	LTR/ERVL-MaLR	1430	+	38	4128004	43927
chr16	4084077	4284077	harbor1	chr16	4128350	4128566	LTR/ERVL-MaLR	1430	+	108	4128458	44381
chr16	4084077	4284077	harbor1	chr16	4138625	4138903	LTR/ERVL-MaLR	1364	+	139	4138764	54687
chr16	4084077	4284077	harbor1	chr16	4140295	4140713	LTR/ERVL-MaLR	2251	+	209	4140504	56427
chr16	4084077	4284077	harbor1	chr16	4155228	4155634	LTR/ERVL-MaLR	1799	+	203	4155431	71354
chr16	4084077	4284077	harbor1	chr16	4155945	4156008	LTR/ERVL-MaLR	1799	+	32	4155977	71900
chr16	4084077	4284077	harbor1	chr16	4168943	4169343	LTR/ERVL-MaLR	1647	+	200	4169143	85066
chr16	427636	627636	harbor1	chr16	472741	473136	LTR/ERVL-MaLR	973	+	198	472939	45303
chr16	2721710	2921710	harbor1	chr16	2743964	2744328	LTR/ERVL-MaLR	728	+	182	2744146	22436
chr16	28018013	28218013	harbor1	chr16	28020560	28021060	LTR/ERVL-MaLR	2050	+	250	28020810	2797
chr16	28018013	28218013	harbor1	chr16	28027196	28027441	LTR/ERVL-MaLR	689	+	122	28027318	9305
chr16	28018013	28218013	harbor1	chr16	28030124	28030661	LTR/ERVL-MaLR	1173	+	268	28030392	12379
chr16	28018013	28218013	harbor1	chr16	28110255	28110589	LTR/ERVL-MaLR	790	+	167	28110422	92409
chr16	4084076	4284076	harbor1	chr16	4099979	4100327	LTR/ERVL-MaLR	1907	+	174	4100153	16077
chr16	4084076	4284076	harbor1	chr16	4100630	4100671	LTR/ERVL-MaLR	1907	+	20	4100650	16574
chr16	4084076	4284076	harbor1	chr16	4121712	4121870	LTR/ERVL-MaLR	573	+	79	4121791	37715
chr16	4084076	4284076	harbor1	chr16	4127602	4127760	LTR/ERVL-MaLR	1430	+	79	4127681	43605
chr16	4084076	4284076	harbor1	chr16	4127787	4127809	LTR/ERVL-MaLR	1430	+	11	4127798	43722
chr16	4084076	4284076	harbor1	chr16	4127966	4128042	LTR/ERVL-MaLR	1430	+	38	4128004	43928
chr16	4084076	4284076	harbor1	chr16	4128350	4128566	LTR/ERVL-MaLR	1430	+	108	4128458	44382
chr16	4084076	4284076	harbor1	chr16	4138625	4138903	LTR/ERVL-MaLR	1364	+	139	4138764	54688
chr16	4084076	4284076	harbor1	chr16	4140295	4140713	LTR/ERVL-MaLR	2251	+	209	4140504	56428
chr16	4084076	4284076	harbor1	chr16	4155228	4155634	LTR/ERVL-MaLR	1799	+	203	4155431	71355
chr16	4084076	4284076	harbor1	chr16	4155945	4156008	LTR/ERVL-MaLR	1799	+	32	4155977	71901
chr16	4084076	4284076	harbor1	chr16	4168943	4169343	LTR/ERVL-MaLR	1647	+	200	4169143	85067
chr16	88587269	88787269	harbor1	chr16	88675932	88676295	LTR/ERVL-MaLR	1094	+	182	88676114	88845
chr16	30978340	31178340	harbor1	chr16	31020202	31020340	LTR/ERVL-MaLR	1490	+	69	31020271	41931
chr16	30978340	31178340	harbor1	chr16	31020641	31020850	LTR/ERVL-MaLR	1490	+	104	31020745	42405
chr16	30978340	31178340	harbor1	chr16	31022547	31022713	LTR/ERVL-MaLR	577	+	83	31022630	44290
chr16	30978340	31178340	harbor1	chr16	31044355	31044490	LTR/ERVL-MaLR	709	+	68	31044423	66083
chr16	30978340	31178340	harbor1	chr16	31044788	31045032	LTR/ERVL-MaLR	709	+	122	31044910	66570
chr16	30978340	31178340	harbor1	chr16	31045881	31046271	LTR/ERVL-MaLR	1304	+	195	31046076	67736
chr16	30978340	31178340	harbor1	chr16	31046486	31046654	LTR/ERVL-MaLR	1304	+	84	31046570	68230
chr16	30978340	31178340	harbor1	chr16	31046951	31047195	LTR/ERVL-MaLR	1304	+	122	31047073	68733
chr16	30978340	31178340	harbor1	chr16	31048163	31048174	LTR/ERVL-MaLR	1304	+	6	31048169	69829
chr16	30978340	31178340	harbor1	chr16	31048476	31048746	LTR/ERVL-MaLR	1304	+	135	31048611	70271
chr16	30978340	31178340	harbor1	chr16	31049374	31049700	LTR/ERVL-MaLR	1304	+	163	31049537	71197
chr16	30978340	31178340	harbor1	chr16	31050075	31050435	LTR/ERVL-MaLR	1004	+	180	31050255	71915
chr16	30978340	31178340	harbor1	chr16	31055687	31055826	LTR/ERVL-MaLR	630	+	70	31055757	77417
chr16	30978340	31178340	harbor1	chr16	31071893	31072052	LTR/ERVL-MaLR	566	+	80	31071973	93633
chr16	897114	1097114	harbor1	chr16	939864	940277	LTR/ERVL-MaLR	610	+	206	940070	42956
chr16	29349577	29549577	harbor1	chr16	29369059	29369503	LTR/ERVL-MaLR	1603	+	222	29369281	19704
chr16	29349577	29549577	harbor1	chr16	29369816	29369907	LTR/ERVL-MaLR	1603	+	46	29369862	20285
chr16	29349577	29549577	harbor1	chr16	29401637	29401955	LTR/ERVL-MaLR	763	+	159	29401796	52219
chr16	29349577	29549577	harbor1	chr16	29412306	29412670	LTR/ERVL-MaLR	2522	+	182	29412488	62911
chr16	980073	1180073	harbor1	chr16	1026803	1027200	LTR/ERVL-MaLR	603	+	198	1027001	46928
chr16	980073	1180073	harbor1	chr16	1037753	1038044	LTR/ERVL-MaLR	596	+	146	1037899	57826
chr16	980073	1180073	harbor1	chr16	1066737	1067098	LTR/ERVL-MaLR	1488	+	180	1066917	86844
chr16	980073	1180073	harbor1	chr16	1067435	1067467	LTR/ERVL-MaLR	1488	+	16	1067451	87378
chr16	700569	900569	harbor1	chr16	746988	747264	LTR/ERVL-MaLR	1795	+	138	747126	46557
chr16	700569	900569	harbor1	chr16	747576	747646	LTR/ERVL-MaLR	1795	+	35	747611	47042
chr16	700569	900569	harbor1	chr16	771100	771226	LTR/ERVL-MaLR	1146	+	63	771163	70594
chr16	700569	900569	harbor1	chr16	771675	771910	LTR/ERVL-MaLR	1146	+	118	771793	71224
chr16	870430	1070430	harbor1	chr16	939864	940277	LTR/ERVL-MaLR	610	+	206	940070	69640
chr16	57884931	58084931	harbor1	chr16	57887315	57887737	LTR/ERVL-MaLR	1442	+	211	57887526	2595
chr16	57884931	58084931	harbor1	chr16	57889303	57889632	LTR/ERVL-MaLR	1051	+	164	57889467	4536
chr16	57884931	58084931	harbor1	chr16	57898830	57899081	LTR/ERVL-MaLR	1103	+	126	57898956	14025
chr16	57884931	58084931	harbor1	chr16	57905562	57905954	LTR/ERVL-MaLR	1522	+	196	57905758	20827
chr16	57884931	58084931	harbor1	chr16	57924639	57924990	LTR/ERVL-MaLR	2183	+	176	57924815	39884
chr16	57884931	58084931	harbor1	chr16	57925303	57925372	LTR/ERVL-MaLR	2183	+	34	57925337	40406
chr16	57884931	58084931	harbor1	chr16	57955517	57955978	LTR/ERVL-MaLR	1541	+	230	57955747	70816
chr16	29715614	29915614	harbor1	chr16	29760475	29761018	LTR/ERVL-MaLR	923	+	272	29760747	45133
chr16	75364612	75564612	harbor1	chr16	75398313	75398555	LTR/ERVL-MaLR	778	+	121	75398434	33822
chr16	75364612	75564612	harbor1	chr16	75457452	75457619	LTR/ERVL-MaLR	864	+	84	75457536	92924
chr16	75364612	75564612	harbor1	chr16	75458289	75458739	LTR/ERVL-MaLR	1708	+	225	75458514	93902
chr16	85541766	85741766	harbor1	chr16	85580619	85580982	LTR/ERVL-MaLR	1273	+	182	85580801	39035
chr16	85541766	85741766	harbor1	chr16	85628877	85629265	LTR/ERVL-MaLR	1863	+	194	85629071	87305
chr16	1	167574	harbor1	chr16	27259	27445	LTR/ERVL-MaLR	757	+	93	27352	27351
chr16	1	167574	harbor1	chr16	27750	27848	LTR/ERVL-MaLR	757	+	49	27799	27798
chr16	1	167574	harbor1	chr16	28408	28525	LTR/ERVL-MaLR	608	+	58	28466	28465
chr16	89168748	89368748	harbor1	chr16	89232036	89232439	LTR/ERVL-MaLR	1519	+	202	89232238	63490
chr16	427637	627637	harbor1	chr16	472741	473136	LTR/ERVL-MaLR	973	+	198	472939	45302
chr16	57884956	58084956	harbor1	chr16	57887315	57887737	LTR/ERVL-MaLR	1442	+	211	57887526	2570
chr16	57884956	58084956	harbor1	chr16	57889303	57889632	LTR/ERVL-MaLR	1051	+	164	57889467	4511
chr16	57884956	58084956	harbor1	chr16	57898830	57899081	LTR/ERVL-MaLR	1103	+	126	57898956	14000
chr16	57884956	58084956	harbor1	chr16	57905562	57905954	LTR/ERVL-MaLR	1522	+	196	57905758	20802
chr16	57884956	58084956	harbor1	chr16	57924639	57924990	LTR/ERVL-MaLR	2183	+	176	57924815	39859
chr16	57884956	58084956	harbor1	chr16	57925303	57925372	LTR/ERVL-MaLR	2183	+	34	57925337	40381
chr16	57884956	58084956	harbor1	chr16	57955517	57955978	LTR/ERVL-MaLR	1541	+	230	57955747	70791
chr16	875427	1075427	harbor1	chr16	939864	940277	LTR/ERVL-MaLR	610	+	206	940070	64643
chr16	67063131	67263131	harbor1	chr16	67071247	67071621	LTR/ERVL-MaLR	1365	+	187	67071434	8303
chr16	67063131	67263131	harbor1	chr16	67157172	67157686	LTR/ERVL-MaLR	1464	+	257	67157429	94298
chr16	1	167633	harbor1	chr16	27259	27445	LTR/ERVL-MaLR	757	+	93	27352	27351
chr16	1	167633	harbor1	chr16	27750	27848	LTR/ERVL-MaLR	757	+	49	27799	27798
chr16	1	167633	harbor1	chr16	28408	28525	LTR/ERVL-MaLR	608	+	58	28466	28465
chr16	89586911	89786911	harbor1	chr16	89626182	89626358	LTR/ERVL-MaLR	1235	+	88	89626270	39359
chr16	89586911	89786911	harbor1	chr16	89626654	89626834	LTR/ERVL-MaLR	1235	+	90	89626744	39833
chr16	89586911	89786911	harbor1	chr16	89661208	89661557	LTR/ERVL-MaLR	2262	+	174	89661382	74471
chr16	89586911	89786911	harbor1	chr16	89664344	89664960	LTR/ERVL-MaLR	782	+	308	89664652	77741
chr16	54828772	55028772	harbor1	chr16	54833346	54833749	LTR/ERVL-MaLR	2682	+	202	54833548	4776
chr16	54828772	55028772	harbor1	chr16	54871484	54871627	LTR/ERVL-MaLR	1708	+	72	54871556	42784
chr16	54828772	55028772	harbor1	chr16	54871693	54871989	LTR/ERVL-MaLR	1708	+	148	54871841	43069
chr16	54828772	55028772	harbor1	chr16	54902437	54902827	LTR/ERVL-MaLR	1541	+	195	54902632	73860
chr16	57884909	58084909	harbor1	chr16	57887315	57887737	LTR/ERVL-MaLR	1442	+	211	57887526	2617
chr16	57884909	58084909	harbor1	chr16	57889303	57889632	LTR/ERVL-MaLR	1051	+	164	57889467	4558
chr16	57884909	58084909	harbor1	chr16	57898830	57899081	LTR/ERVL-MaLR	1103	+	126	57898956	14047
chr16	57884909	58084909	harbor1	chr16	57905562	57905954	LTR/ERVL-MaLR	1522	+	196	57905758	20849
chr16	57884909	58084909	harbor1	chr16	57924639	57924990	LTR/ERVL-MaLR	2183	+	176	57924815	39906
chr16	57884909	58084909	harbor1	chr16	57925303	57925372	LTR/ERVL-MaLR	2183	+	34	57925337	40428
chr16	57884909	58084909	harbor1	chr16	57955517	57955978	LTR/ERVL-MaLR	1541	+	230	57955747	70838
chr16	87748370	87948370	harbor1	chr16	87799156	87799465	LTR/ERVL-MaLR	1118	+	154	87799310	50940
chr16	87748370	87948370	harbor1	chr16	87800780	87800928	LTR/ERVL-MaLR	1118	+	74	87800854	52484
chr16	87748370	87948370	harbor1	chr16	87803246	87803675	LTR/ERVL-MaLR	608	+	214	87803460	55090
chr16	87748370	87948370	harbor1	chr16	87815402	87815755	LTR/ERVL-MaLR	661	+	176	87815578	67208
chr16	87284537	87484537	harbor1	chr16	87316714	87317005	LTR/ERVL-MaLR	783	+	146	87316860	32323
chr16	87284537	87484537	harbor1	chr16	87338802	87339158	LTR/ERVL-MaLR	2500	+	178	87338980	54443
chr16	70635515	70835515	harbor1	chr16	70668588	70668933	LTR/ERVL-MaLR	1774	+	172	70668760	33245
chr16	70635515	70835515	harbor1	chr16	70733442	70733818	LTR/ERVL-MaLR	2390	+	188	70733630	98115
chr16	70635515	70835515	harbor1	chr16	70734122	70734157	LTR/ERVL-MaLR	2390	+	18	70734140	98625
chr17	79709440	79909440	harbor1	chr17	79713328	79713734	LTR/ERVL-MaLR	1331	+	203	79713531	4091
chr17	79709440	79909440	harbor1	chr17	79719594	79719859	LTR/ERVL-MaLR	645	+	132	79719726	10286
chr17	79709440	79909440	harbor1	chr17	79763879	79764148	LTR/ERVL-MaLR	1429	+	134	79764013	54573
chr17	79709440	79909440	harbor1	chr17	79764470	79764533	LTR/ERVL-MaLR	1429	+	32	79764502	55062
chr17	79709440	79909440	harbor1	chr17	79768343	79768520	LTR/ERVL-MaLR	1726	+	88	79768431	58991
chr17	79709440	79909440	harbor1	chr17	79769115	79769318	LTR/ERVL-MaLR	1726	+	102	79769217	59777
chr17	80933421	81133421	harbor1	chr17	80978550	80978914	LTR/ERVL-MaLR	1525	+	182	80978732	45311
chr17	80933421	81133421	harbor1	chr17	80983137	80983310	LTR/ERVL-MaLR	1141	+	86	80983223	49802
chr17	80933421	81133421	harbor1	chr17	80983606	80983788	LTR/ERVL-MaLR	1141	+	91	80983697	50276
chr17	80933421	81133421	harbor1	chr17	81010175	81010517	LTR/ERVL-MaLR	2105	+	171	81010346	76925
chr17	80933421	81133421	harbor1	chr17	81010819	81010860	LTR/ERVL-MaLR	2105	+	20	81010839	77418
chr17	80933421	81133421	harbor1	chr17	81010861	81011385	LTR/ERVL-MaLR	2500	+	262	81011123	77702
chr17	80933421	81133421	harbor1	chr17	81012513	81013656	LTR/ERVL-MaLR	5382	+	572	81013085	79664
chr17	80933421	81133421	harbor1	chr17	81013672	81014065	LTR/ERVL-MaLR	2310	+	196	81013868	80447
chr17	80933421	81133421	harbor1	chr17	80969542	80969863	LTR/ERVL-MaLR	772	+	160	80969702	36281
chr17	79817297	80017297	harbor1	chr17	79860947	79861060	LTR/ERVL-MaLR	1310	+	56	79861003	43706
chr17	79817297	80017297	harbor1	chr17	79861359	79861662	LTR/ERVL-MaLR	1310	+	152	79861511	44214
chr17	79817297	80017297	harbor1	chr17	79883834	79884209	LTR/ERVL-MaLR	2100	+	188	79884022	66725
chr17	79817297	80017297	harbor1	chr17	79895707	79896092	LTR/ERVL-MaLR	1727	+	192	79895899	78602
chr17	79817297	80017297	harbor1	chr17	79905664	79905991	LTR/ERVL-MaLR	1395	+	164	79905828	88531
chr17	76637323	76837323	harbor1	chr17	76674610	76675127	LTR/ERVL-MaLR	1160	+	258	76674868	37545
chr17	76637323	76837323	harbor1	chr17	76697038	76697439	LTR/ERVL-MaLR	1908	+	200	76697238	59915
chr17	76637323	76837323	harbor1	chr17	76705510	76705878	LTR/ERVL-MaLR	1710	+	184	76705694	68371
chr17	76637252	76837252	harbor1	chr17	76674610	76675127	LTR/ERVL-MaLR	1160	+	258	76674868	37616
chr17	76637252	76837252	harbor1	chr17	76697038	76697439	LTR/ERVL-MaLR	1908	+	200	76697238	59986
chr17	76637252	76837252	harbor1	chr17	76705510	76705878	LTR/ERVL-MaLR	1710	+	184	76705694	68442
chr17	79702953	79902953	harbor1	chr17	79713328	79713734	LTR/ERVL-MaLR	1331	+	203	79713531	10578
chr17	79702953	79902953	harbor1	chr17	79719594	79719859	LTR/ERVL-MaLR	645	+	132	79719726	16773
chr17	79702953	79902953	harbor1	chr17	79763879	79764148	LTR/ERVL-MaLR	1429	+	134	79764013	61060
chr17	79702953	79902953	harbor1	chr17	79764470	79764533	LTR/ERVL-MaLR	1429	+	32	79764502	61549
chr17	79702953	79902953	harbor1	chr17	79768343	79768520	LTR/ERVL-MaLR	1726	+	88	79768431	65478
chr17	79702953	79902953	harbor1	chr17	79769115	79769318	LTR/ERVL-MaLR	1726	+	102	79769217	66264
chr17	55165220	55365220	harbor1	chr17	55165643	55166010	LTR/ERVL-MaLR	1840	+	184	55165827	607
chr17	55165220	55365220	harbor1	chr17	55171721	55171925	LTR/ERVL-MaLR	816	+	102	55171823	6603
chr17	55165220	55365220	harbor1	chr17	55220323	55220584	LTR/ERVL-MaLR	788	+	130	55220453	55233
chr17	55165220	55365220	harbor1	chr17	55232479	55232790	LTR/ERVL-MaLR	702	+	156	55232635	67415
chr17	55165220	55365220	harbor1	chr17	55232902	55233277	LTR/ERVL-MaLR	2348	+	188	55233090	67870
chr17	55165220	55365220	harbor1	chr17	55246066	55246512	LTR/ERVL-MaLR	917	+	223	55246289	81069
chr17	55165220	55365220	harbor1	chr17	55247753	55248153	LTR/ERVL-MaLR	1056	+	200	55247953	82733
chr17	55165220	55365220	harbor1	chr17	55250270	55250703	LTR/ERVL-MaLR	2428	+	216	55250486	85266
chr17	55165220	55365220	harbor1	chr17	55253403	55253846	LTR/ERVL-MaLR	1559	+	222	55253625	88405
chr17	63676342	63876342	harbor1	chr17	63692839	63693298	LTR/ERVL-MaLR	2230	+	230	63693069	16727
chr17	63676342	63876342	harbor1	chr17	63756616	63757078	LTR/ERVL-MaLR	1776	+	231	63756847	80505
chr17	63676342	63876342	harbor1	chr17	63757398	63757643	LTR/ERVL-MaLR	1776	+	122	63757520	81178
chr17	80934871	81134871	harbor1	chr17	80978550	80978914	LTR/ERVL-MaLR	1525	+	182	80978732	43861
chr17	80934871	81134871	harbor1	chr17	80983137	80983310	LTR/ERVL-MaLR	1141	+	86	80983223	48352
chr17	80934871	81134871	harbor1	chr17	80983606	80983788	LTR/ERVL-MaLR	1141	+	91	80983697	48826
chr17	80934871	81134871	harbor1	chr17	81010175	81010517	LTR/ERVL-MaLR	2105	+	171	81010346	75475
chr17	80934871	81134871	harbor1	chr17	81010819	81010860	LTR/ERVL-MaLR	2105	+	20	81010839	75968
chr17	80934871	81134871	harbor1	chr17	81010861	81011385	LTR/ERVL-MaLR	2500	+	262	81011123	76252
chr17	80934871	81134871	harbor1	chr17	81012513	81013656	LTR/ERVL-MaLR	5382	+	572	81013085	78214
chr17	80934871	81134871	harbor1	chr17	81013672	81014065	LTR/ERVL-MaLR	2310	+	196	81013868	78997
chr17	80934871	81134871	harbor1	chr17	80969542	80969863	LTR/ERVL-MaLR	772	+	160	80969702	34831
chr17	80931269	81131269	harbor1	chr17	80978550	80978914	LTR/ERVL-MaLR	1525	+	182	80978732	47463
chr17	80931269	81131269	harbor1	chr17	80983137	80983310	LTR/ERVL-MaLR	1141	+	86	80983223	51954
chr17	80931269	81131269	harbor1	chr17	80983606	80983788	LTR/ERVL-MaLR	1141	+	91	80983697	52428
chr17	80931269	81131269	harbor1	chr17	81010175	81010517	LTR/ERVL-MaLR	2105	+	171	81010346	79077
chr17	80931269	81131269	harbor1	chr17	81010819	81010860	LTR/ERVL-MaLR	2105	+	20	81010839	79570
chr17	80931269	81131269	harbor1	chr17	81010861	81011385	LTR/ERVL-MaLR	2500	+	262	81011123	79854
chr17	80931269	81131269	harbor1	chr17	81012513	81013656	LTR/ERVL-MaLR	5382	+	572	81013085	81816
chr17	80931269	81131269	harbor1	chr17	81013672	81014065	LTR/ERVL-MaLR	2310	+	196	81013868	82599
chr17	80931269	81131269	harbor1	chr17	80969542	80969863	LTR/ERVL-MaLR	772	+	160	80969702	38433
chr17	58388439	58588439	harbor1	chr17	58430936	58431275	LTR/ERVL-MaLR	2018	+	170	58431106	42667
chr17	58388439	58588439	harbor1	chr17	58438446	58438728	LTR/ERVL-MaLR	843	+	141	58438587	50148
chr17	58388439	58588439	harbor1	chr17	58441584	58442115	LTR/ERVL-MaLR	1473	+	266	58441850	53411
chr17	48623726	48823726	harbor1	chr17	48659118	48659480	LTR/ERVL-MaLR	2339	+	181	48659299	35573
chr17	48623726	48823726	harbor1	chr17	48669308	48669657	LTR/ERVL-MaLR	1775	+	174	48669482	45756
chr17	74972414	75172414	harbor1	chr17	74984416	74984895	LTR/ERVL-MaLR	2180	+	240	74984656	12242
chr17	76768659	76968659	harbor1	chr17	76792590	76792777	LTR/ERVL-MaLR	1982	+	94	76792684	24025
chr17	76768659	76968659	harbor1	chr17	76793846	76794170	LTR/ERVL-MaLR	1982	+	162	76794008	25349
chr17	76768659	76968659	harbor1	chr17	76812972	76813169	LTR/ERVL-MaLR	891	+	98	76813070	44411
chr17	76768659	76968659	harbor1	chr17	76818747	76818992	LTR/ERVL-MaLR	1654	+	122	76818869	50210
chr17	76768659	76968659	harbor1	chr17	76819298	76819522	LTR/ERVL-MaLR	1654	+	112	76819410	50751
chr17	76768659	76968659	harbor1	chr17	76833798	76834168	LTR/ERVL-MaLR	1627	+	185	76833983	65324
chr17	76768659	76968659	harbor1	chr17	76837586	76837729	LTR/ERVL-MaLR	707	+	72	76837658	68999
chr17	76768659	76968659	harbor1	chr17	76838037	76838088	LTR/ERVL-MaLR	707	+	26	76838063	69404
chr17	76768659	76968659	harbor1	chr17	76842350	76842455	LTR/ERVL-MaLR	1004	+	52	76842402	73743
chr17	76768659	76968659	harbor1	chr17	76843042	76843215	LTR/ERVL-MaLR	1004	+	86	76843128	74469
chr17	76768659	76968659	harbor1	chr17	76843821	76843871	LTR/ERVL-MaLR	1004	+	25	76843846	75187
chr17	76768659	76968659	harbor1	chr17	76849990	76850347	LTR/ERVL-MaLR	993	+	178	76850168	81509
chr17	76768659	76968659	harbor1	chr17	76863367	76863714	LTR/ERVL-MaLR	1106	+	174	76863541	94882
chr17	76637238	76837238	harbor1	chr17	76674610	76675127	LTR/ERVL-MaLR	1160	+	258	76674868	37630
chr17	76637238	76837238	harbor1	chr17	76697038	76697439	LTR/ERVL-MaLR	1908	+	200	76697238	60000
chr17	76637238	76837238	harbor1	chr17	76705510	76705878	LTR/ERVL-MaLR	1710	+	184	76705694	68456
chr17	76637301	76837301	harbor1	chr17	76674610	76675127	LTR/ERVL-MaLR	1160	+	258	76674868	37567
chr17	76637301	76837301	harbor1	chr17	76697038	76697439	LTR/ERVL-MaLR	1908	+	200	76697238	59937
chr17	76637301	76837301	harbor1	chr17	76705510	76705878	LTR/ERVL-MaLR	1710	+	184	76705694	68393
chr17	76637314	76837314	harbor1	chr17	76674610	76675127	LTR/ERVL-MaLR	1160	+	258	76674868	37554
chr17	76637314	76837314	harbor1	chr17	76697038	76697439	LTR/ERVL-MaLR	1908	+	200	76697238	59924
chr17	76637314	76837314	harbor1	chr17	76705510	76705878	LTR/ERVL-MaLR	1710	+	184	76705694	68380
chr17	80624434	80824434	harbor1	chr17	80648742	80649079	LTR/ERVL-MaLR	2070	+	168	80648910	24476
chr17	80624434	80824434	harbor1	chr17	80682011	80682122	LTR/ERVL-MaLR	926	+	56	80682067	57633
chr17	80624434	80824434	harbor1	chr17	80682403	80682730	LTR/ERVL-MaLR	926	+	164	80682567	58133
chr17	79702897	79902897	harbor1	chr17	79713328	79713734	LTR/ERVL-MaLR	1331	+	203	79713531	10634
chr17	79702897	79902897	harbor1	chr17	79719594	79719859	LTR/ERVL-MaLR	645	+	132	79719726	16829
chr17	79702897	79902897	harbor1	chr17	79763879	79764148	LTR/ERVL-MaLR	1429	+	134	79764013	61116
chr17	79702897	79902897	harbor1	chr17	79764470	79764533	LTR/ERVL-MaLR	1429	+	32	79764502	61605
chr17	79702897	79902897	harbor1	chr17	79768343	79768520	LTR/ERVL-MaLR	1726	+	88	79768431	65534
chr17	79702897	79902897	harbor1	chr17	79769115	79769318	LTR/ERVL-MaLR	1726	+	102	79769217	66320
chr17	64956159	65156159	harbor1	chr17	64983711	64984067	LTR/ERVL-MaLR	1903	+	178	64983889	27730
chr17	64956159	65156159	harbor1	chr17	64991015	64991213	LTR/ERVL-MaLR	726	+	99	64991114	34955
chr17	64956159	65156159	harbor1	chr17	64995938	64996080	LTR/ERVL-MaLR	640	+	71	64996009	39850
chr17	64956159	65156159	harbor1	chr17	64996226	64996520	LTR/ERVL-MaLR	881	+	147	64996373	40214
chr17	41209190	41409190	harbor1	chr17	41253392	41253763	LTR/ERVL-MaLR	761	+	186	41253578	44388
chr17	41209190	41409190	harbor1	chr17	41263650	41263954	LTR/ERVL-MaLR	730	+	152	41263802	54612
chr17	41209190	41409190	harbor1	chr17	41269562	41269932	LTR/ERVL-MaLR	1032	+	185	41269747	60557
chr17	41209190	41409190	harbor1	chr17	41274029	41274356	LTR/ERVL-MaLR	645	+	164	41274193	65003
chr17	41209190	41409190	harbor1	chr17	41294522	41294866	LTR/ERVL-MaLR	1684	+	172	41294694	85504
chr17	41209190	41409190	harbor1	chr17	41294995	41295026	LTR/ERVL-MaLR	929	+	16	41295011	85821
chr17	41209190	41409190	harbor1	chr17	41295332	41295555	LTR/ERVL-MaLR	929	+	112	41295444	86254
chr17	41209190	41409190	harbor1	chr17	41295785	41295813	LTR/ERVL-MaLR	1521	+	14	41295799	86609
chr17	41209190	41409190	harbor1	chr17	41296107	41296464	LTR/ERVL-MaLR	1521	+	178	41296285	87095
chr17	79702898	79902898	harbor1	chr17	79713328	79713734	LTR/ERVL-MaLR	1331	+	203	79713531	10633
chr17	79702898	79902898	harbor1	chr17	79719594	79719859	LTR/ERVL-MaLR	645	+	132	79719726	16828
chr17	79702898	79902898	harbor1	chr17	79763879	79764148	LTR/ERVL-MaLR	1429	+	134	79764013	61115
chr17	79702898	79902898	harbor1	chr17	79764470	79764533	LTR/ERVL-MaLR	1429	+	32	79764502	61604
chr17	79702898	79902898	harbor1	chr17	79768343	79768520	LTR/ERVL-MaLR	1726	+	88	79768431	65533
chr17	79702898	79902898	harbor1	chr17	79769115	79769318	LTR/ERVL-MaLR	1726	+	102	79769217	66319
chr17	76637283	76837283	harbor1	chr17	76674610	76675127	LTR/ERVL-MaLR	1160	+	258	76674868	37585
chr17	76637283	76837283	harbor1	chr17	76697038	76697439	LTR/ERVL-MaLR	1908	+	200	76697238	59955
chr17	76637283	76837283	harbor1	chr17	76705510	76705878	LTR/ERVL-MaLR	1710	+	184	76705694	68411
chr17	76768658	76968658	harbor1	chr17	76792590	76792777	LTR/ERVL-MaLR	1982	+	94	76792684	24026
chr17	76768658	76968658	harbor1	chr17	76793846	76794170	LTR/ERVL-MaLR	1982	+	162	76794008	25350
chr17	76768658	76968658	harbor1	chr17	76812972	76813169	LTR/ERVL-MaLR	891	+	98	76813070	44412
chr17	76768658	76968658	harbor1	chr17	76818747	76818992	LTR/ERVL-MaLR	1654	+	122	76818869	50211
chr17	76768658	76968658	harbor1	chr17	76819298	76819522	LTR/ERVL-MaLR	1654	+	112	76819410	50752
chr17	76768658	76968658	harbor1	chr17	76833798	76834168	LTR/ERVL-MaLR	1627	+	185	76833983	65325
chr17	76768658	76968658	harbor1	chr17	76837586	76837729	LTR/ERVL-MaLR	707	+	72	76837658	69000
chr17	76768658	76968658	harbor1	chr17	76838037	76838088	LTR/ERVL-MaLR	707	+	26	76838063	69405
chr17	76768658	76968658	harbor1	chr17	76842350	76842455	LTR/ERVL-MaLR	1004	+	52	76842402	73744
chr17	76768658	76968658	harbor1	chr17	76843042	76843215	LTR/ERVL-MaLR	1004	+	86	76843128	74470
chr17	76768658	76968658	harbor1	chr17	76843821	76843871	LTR/ERVL-MaLR	1004	+	25	76843846	75188
chr17	76768658	76968658	harbor1	chr17	76849990	76850347	LTR/ERVL-MaLR	993	+	178	76850168	81510
chr17	76768658	76968658	harbor1	chr17	76863367	76863714	LTR/ERVL-MaLR	1106	+	174	76863541	94883
chr17	79818751	80018751	harbor1	chr17	79860947	79861060	LTR/ERVL-MaLR	1310	+	56	79861003	42252
chr17	79818751	80018751	harbor1	chr17	79861359	79861662	LTR/ERVL-MaLR	1310	+	152	79861511	42760
chr17	79818751	80018751	harbor1	chr17	79883834	79884209	LTR/ERVL-MaLR	2100	+	188	79884022	65271
chr17	79818751	80018751	harbor1	chr17	79895707	79896092	LTR/ERVL-MaLR	1727	+	192	79895899	77148
chr17	79818751	80018751	harbor1	chr17	79905664	79905991	LTR/ERVL-MaLR	1395	+	164	79905828	87077
chr17	81088157	81288157	harbor1	chr17	81140420	81140644	LTR/ERVL-MaLR	645	+	112	81140532	52375
chr17	56020599	56220599	harbor1	chr17	56021507	56021849	LTR/ERVL-MaLR	1835	+	171	56021678	1079
chr17	56020599	56220599	harbor1	chr17	56022449	56022467	LTR/ERVL-MaLR	1835	+	9	56022458	1859
chr17	56020599	56220599	harbor1	chr17	56085209	56085614	LTR/ERVL-MaLR	1223	+	202	56085411	64812
chr17	56020599	56220599	harbor1	chr17	56093834	56094283	LTR/ERVL-MaLR	2266	+	224	56094058	73459
chr17	56020599	56220599	harbor1	chr17	56097903	56098322	LTR/ERVL-MaLR	1521	+	210	56098113	77514
chr17	56020599	56220599	harbor1	chr17	56100916	56101265	LTR/ERVL-MaLR	1248	+	174	56101090	80491
chr17	56020599	56220599	harbor1	chr17	56114617	56115134	LTR/ERVL-MaLR	2183	+	258	56114875	94276
chr17	56020599	56220599	harbor1	chr17	56116386	56116782	LTR/ERVL-MaLR	2546	+	198	56116584	95985
chr17	78924128	79124128	harbor1	chr17	78950664	78951185	LTR/ERVL-MaLR	2151	+	260	78950924	26796
chr17	78924128	79124128	harbor1	chr17	78958356	78958528	LTR/ERVL-MaLR	745	+	86	78958442	34314
chr17	80949235	81149235	harbor1	chr17	80978550	80978914	LTR/ERVL-MaLR	1525	+	182	80978732	29497
chr17	80949235	81149235	harbor1	chr17	80983137	80983310	LTR/ERVL-MaLR	1141	+	86	80983223	33988
chr17	80949235	81149235	harbor1	chr17	80983606	80983788	LTR/ERVL-MaLR	1141	+	91	80983697	34462
chr17	80949235	81149235	harbor1	chr17	81010175	81010517	LTR/ERVL-MaLR	2105	+	171	81010346	61111
chr17	80949235	81149235	harbor1	chr17	81010819	81010860	LTR/ERVL-MaLR	2105	+	20	81010839	61604
chr17	80949235	81149235	harbor1	chr17	81010861	81011385	LTR/ERVL-MaLR	2500	+	262	81011123	61888
chr17	80949235	81149235	harbor1	chr17	81012513	81013656	LTR/ERVL-MaLR	5382	+	572	81013085	63850
chr17	80949235	81149235	harbor1	chr17	81013672	81014065	LTR/ERVL-MaLR	2310	+	196	81013868	64633
chr17	80949235	81149235	harbor1	chr17	80969542	80969863	LTR/ERVL-MaLR	772	+	160	80969702	20467
chr17	7142998	7342998	harbor1	chr17	7167777	7168077	LTR/ERVL-MaLR	771	+	150	7167927	24929
chr17	79702899	79902899	harbor1	chr17	79713328	79713734	LTR/ERVL-MaLR	1331	+	203	79713531	10632
chr17	79702899	79902899	harbor1	chr17	79719594	79719859	LTR/ERVL-MaLR	645	+	132	79719726	16827
chr17	79702899	79902899	harbor1	chr17	79763879	79764148	LTR/ERVL-MaLR	1429	+	134	79764013	61114
chr17	79702899	79902899	harbor1	chr17	79764470	79764533	LTR/ERVL-MaLR	1429	+	32	79764502	61603
chr17	79702899	79902899	harbor1	chr17	79768343	79768520	LTR/ERVL-MaLR	1726	+	88	79768431	65532
chr17	79702899	79902899	harbor1	chr17	79769115	79769318	LTR/ERVL-MaLR	1726	+	102	79769217	66318
chr17	80934909	81134909	harbor1	chr17	80978550	80978914	LTR/ERVL-MaLR	1525	+	182	80978732	43823
chr17	80934909	81134909	harbor1	chr17	80983137	80983310	LTR/ERVL-MaLR	1141	+	86	80983223	48314
chr17	80934909	81134909	harbor1	chr17	80983606	80983788	LTR/ERVL-MaLR	1141	+	91	80983697	48788
chr17	80934909	81134909	harbor1	chr17	81010175	81010517	LTR/ERVL-MaLR	2105	+	171	81010346	75437
chr17	80934909	81134909	harbor1	chr17	81010819	81010860	LTR/ERVL-MaLR	2105	+	20	81010839	75930
chr17	80934909	81134909	harbor1	chr17	81010861	81011385	LTR/ERVL-MaLR	2500	+	262	81011123	76214
chr17	80934909	81134909	harbor1	chr17	81012513	81013656	LTR/ERVL-MaLR	5382	+	572	81013085	78176
chr17	80934909	81134909	harbor1	chr17	81013672	81014065	LTR/ERVL-MaLR	2310	+	196	81013868	78959
chr17	80934909	81134909	harbor1	chr17	80969542	80969863	LTR/ERVL-MaLR	772	+	160	80969702	34793
chr17	67266541	67466541	harbor1	chr17	67309023	67309217	LTR/ERVL-MaLR	881	+	97	67309120	42579
chr17	67266541	67466541	harbor1	chr17	67309530	67309598	LTR/ERVL-MaLR	881	+	34	67309564	43023
chr17	67266541	67466541	harbor1	chr17	67327941	67328333	LTR/ERVL-MaLR	1759	+	196	67328137	61596
chr17	67266541	67466541	harbor1	chr17	67330169	67330465	LTR/ERVL-MaLR	2097	+	148	67330317	63776
chr17	67266541	67466541	harbor1	chr17	67330767	67330839	LTR/ERVL-MaLR	2097	+	36	67330803	64262
chr17	67266541	67466541	harbor1	chr17	67330840	67332398	LTR/ERVL-MaLR	11215	+	779	67331619	65078
chr17	67266541	67466541	harbor1	chr17	67332399	67332578	LTR/ERVL-MaLR	2162	+	90	67332489	65948
chr17	67266541	67466541	harbor1	chr17	67332865	67333077	LTR/ERVL-MaLR	2162	+	106	67332971	66430
chr17	80934880	81134880	harbor1	chr17	80978550	80978914	LTR/ERVL-MaLR	1525	+	182	80978732	43852
chr17	80934880	81134880	harbor1	chr17	80983137	80983310	LTR/ERVL-MaLR	1141	+	86	80983223	48343
chr17	80934880	81134880	harbor1	chr17	80983606	80983788	LTR/ERVL-MaLR	1141	+	91	80983697	48817
chr17	80934880	81134880	harbor1	chr17	81010175	81010517	LTR/ERVL-MaLR	2105	+	171	81010346	75466
chr17	80934880	81134880	harbor1	chr17	81010819	81010860	LTR/ERVL-MaLR	2105	+	20	81010839	75959
chr17	80934880	81134880	harbor1	chr17	81010861	81011385	LTR/ERVL-MaLR	2500	+	262	81011123	76243
chr17	80934880	81134880	harbor1	chr17	81012513	81013656	LTR/ERVL-MaLR	5382	+	572	81013085	78205
chr17	80934880	81134880	harbor1	chr17	81013672	81014065	LTR/ERVL-MaLR	2310	+	196	81013868	78988
chr17	80934880	81134880	harbor1	chr17	80969542	80969863	LTR/ERVL-MaLR	772	+	160	80969702	34822
chr17	79689709	79889709	harbor1	chr17	79694038	79694423	LTR/ERVL-MaLR	663	+	192	79694230	4521
chr17	79689709	79889709	harbor1	chr17	79700652	79701025	LTR/ERVL-MaLR	1434	+	186	79700838	11129
chr17	79689709	79889709	harbor1	chr17	79713328	79713734	LTR/ERVL-MaLR	1331	+	203	79713531	23822
chr17	79689709	79889709	harbor1	chr17	79719594	79719859	LTR/ERVL-MaLR	645	+	132	79719726	30017
chr17	79689709	79889709	harbor1	chr17	79763879	79764148	LTR/ERVL-MaLR	1429	+	134	79764013	74304
chr17	79689709	79889709	harbor1	chr17	79764470	79764533	LTR/ERVL-MaLR	1429	+	32	79764502	74793
chr17	79689709	79889709	harbor1	chr17	79768343	79768520	LTR/ERVL-MaLR	1726	+	88	79768431	78722
chr17	79689709	79889709	harbor1	chr17	79769115	79769318	LTR/ERVL-MaLR	1726	+	102	79769217	79508
chr17	80992863	81192863	harbor1	chr17	81010175	81010517	LTR/ERVL-MaLR	2105	+	171	81010346	17483
chr17	80992863	81192863	harbor1	chr17	81010819	81010860	LTR/ERVL-MaLR	2105	+	20	81010839	17976
chr17	80992863	81192863	harbor1	chr17	81010861	81011385	LTR/ERVL-MaLR	2500	+	262	81011123	18260
chr17	80992863	81192863	harbor1	chr17	81012513	81013656	LTR/ERVL-MaLR	5382	+	572	81013085	20222
chr17	80992863	81192863	harbor1	chr17	81013672	81014065	LTR/ERVL-MaLR	2310	+	196	81013868	21005
chr17	82589285	82789285	harbor1	chr17	82651867	82652278	LTR/ERVL-MaLR	1357	+	206	82652073	62788
chr17	82589285	82789285	harbor1	chr17	82652279	82652350	LTR/ERVL-MaLR	1114	+	36	82652315	63030
chr17	82589285	82789285	harbor1	chr17	82652659	82653040	LTR/ERVL-MaLR	1114	+	190	82652849	63564
chr17	82589285	82789285	harbor1	chr17	82658821	82659186	LTR/ERVL-MaLR	1249	+	182	82659003	69718
chr17	82589285	82789285	harbor1	chr17	82672476	82672813	LTR/ERVL-MaLR	954	+	168	82672644	83359
chr17	82589285	82789285	harbor1	chr17	82685720	82685792	LTR/ERVL-MaLR	1259	+	36	82685756	96471
chr17	82589285	82789285	harbor1	chr17	82686412	82686733	LTR/ERVL-MaLR	1259	+	160	82686572	97287
chr17	79743478	79943478	harbor1	chr17	79763879	79764148	LTR/ERVL-MaLR	1429	+	134	79764013	20535
chr17	79743478	79943478	harbor1	chr17	79764470	79764533	LTR/ERVL-MaLR	1429	+	32	79764502	21024
chr17	79743478	79943478	harbor1	chr17	79768343	79768520	LTR/ERVL-MaLR	1726	+	88	79768431	24953
chr17	79743478	79943478	harbor1	chr17	79769115	79769318	LTR/ERVL-MaLR	1726	+	102	79769217	25739
chr17	64956153	65156153	harbor1	chr17	64983711	64984067	LTR/ERVL-MaLR	1903	+	178	64983889	27736
chr17	64956153	65156153	harbor1	chr17	64991015	64991213	LTR/ERVL-MaLR	726	+	99	64991114	34961
chr17	64956153	65156153	harbor1	chr17	64995938	64996080	LTR/ERVL-MaLR	640	+	71	64996009	39856
chr17	64956153	65156153	harbor1	chr17	64996226	64996520	LTR/ERVL-MaLR	881	+	147	64996373	40220
chr17	76283247	76483247	harbor1	chr17	76302393	76302821	LTR/ERVL-MaLR	1391	+	214	76302607	19360
chr17	76283247	76483247	harbor1	chr17	76357629	76357984	LTR/ERVL-MaLR	1677	+	178	76357807	74560
chr17	76283247	76483247	harbor1	chr17	76369681	76370120	LTR/ERVL-MaLR	793	+	220	76369901	86654
chr17	76283247	76483247	harbor1	chr17	76377507	76377840	LTR/ERVL-MaLR	1517	+	166	76377673	94426
chr17	76283247	76483247	harbor1	chr17	76379384	76379591	LTR/ERVL-MaLR	902	+	104	76379488	96241
chr17	50408598	50608598	harbor1	chr17	50420555	50420687	LTR/ERVL-MaLR	737	+	66	50420621	12023
chr17	58416995	58616995	harbor1	chr17	58430936	58431275	LTR/ERVL-MaLR	2018	+	170	58431106	14111
chr17	58416995	58616995	harbor1	chr17	58438446	58438728	LTR/ERVL-MaLR	843	+	141	58438587	21592
chr17	58416995	58616995	harbor1	chr17	58441584	58442115	LTR/ERVL-MaLR	1473	+	266	58441850	24855
chr17	39087193	39287193	harbor1	chr17	39099825	39100119	LTR/ERVL-MaLR	1748	+	147	39099972	12779
chr17	39087193	39287193	harbor1	chr17	39100151	39100236	LTR/ERVL-MaLR	1748	+	42	39100193	13000
chr17	39087193	39287193	harbor1	chr17	39100555	39100718	LTR/ERVL-MaLR	1748	+	82	39100637	13444
chr17	39087193	39287193	harbor1	chr17	39112914	39113382	LTR/ERVL-MaLR	1853	+	234	39113148	25955
chr17	39087193	39287193	harbor1	chr17	39113935	39114162	LTR/ERVL-MaLR	650	+	114	39114049	26856
chr17	39087193	39287193	harbor1	chr17	39121632	39121850	LTR/ERVL-MaLR	1061	+	109	39121741	34548
chr17	39087193	39287193	harbor1	chr17	39122407	39122538	LTR/ERVL-MaLR	1061	+	66	39122473	35280
chr17	76637247	76837247	harbor1	chr17	76674610	76675127	LTR/ERVL-MaLR	1160	+	258	76674868	37621
chr17	76637247	76837247	harbor1	chr17	76697038	76697439	LTR/ERVL-MaLR	1908	+	200	76697238	59991
chr17	76637247	76837247	harbor1	chr17	76705510	76705878	LTR/ERVL-MaLR	1710	+	184	76705694	68447
chr17	17393446	17593446	harbor1	chr17	17396421	17396881	LTR/ERVL-MaLR	1225	+	230	17396651	3205
chr17	17393446	17593446	harbor1	chr17	17404938	17405356	LTR/ERVL-MaLR	2003	+	209	17405147	11701
chr17	17393446	17593446	harbor1	chr17	17417825	17417876	LTR/ERVL-MaLR	874	+	26	17417851	24405
chr17	17393446	17593446	harbor1	chr17	17418550	17418780	LTR/ERVL-MaLR	874	+	115	17418665	25219
chr17	17393446	17593446	harbor1	chr17	17433042	17433396	LTR/ERVL-MaLR	2212	+	177	17433219	39773
chr17	17393446	17593446	harbor1	chr17	17443985	17444496	LTR/ERVL-MaLR	2661	+	256	17444241	50795
chr17	17393446	17593446	harbor1	chr17	17447693	17448087	LTR/ERVL-MaLR	1271	+	197	17447890	54444
chr17	30610000	30810000	harbor1	chr17	30653506	30653579	LTR/ERVL-MaLR	863	+	36	30653542	43542
chr17	30610000	30810000	harbor1	chr17	30654182	30654206	LTR/ERVL-MaLR	863	+	12	30654194	44194
chr17	30610000	30810000	harbor1	chr17	30655747	30656098	LTR/ERVL-MaLR	863	+	176	30655923	45923
chr17	30610000	30810000	harbor1	chr17	30659994	30660368	LTR/ERVL-MaLR	2236	+	187	30660181	50181
chr17	30610000	30810000	harbor1	chr17	30684063	30684108	LTR/ERVL-MaLR	695	+	22	30684085	74085
chr17	30610000	30810000	harbor1	chr17	30684421	30684553	LTR/ERVL-MaLR	695	+	66	30684487	74487
chr17	63600181	63800181	harbor1	chr17	63692839	63693298	LTR/ERVL-MaLR	2230	+	230	63693069	92888
chr17	79696398	79896398	harbor1	chr17	79700652	79701025	LTR/ERVL-MaLR	1434	+	186	79700838	4440
chr17	79696398	79896398	harbor1	chr17	79713328	79713734	LTR/ERVL-MaLR	1331	+	203	79713531	17133
chr17	79696398	79896398	harbor1	chr17	79719594	79719859	LTR/ERVL-MaLR	645	+	132	79719726	23328
chr17	79696398	79896398	harbor1	chr17	79763879	79764148	LTR/ERVL-MaLR	1429	+	134	79764013	67615
chr17	79696398	79896398	harbor1	chr17	79764470	79764533	LTR/ERVL-MaLR	1429	+	32	79764502	68104
chr17	79696398	79896398	harbor1	chr17	79768343	79768520	LTR/ERVL-MaLR	1726	+	88	79768431	72033
chr17	79696398	79896398	harbor1	chr17	79769115	79769318	LTR/ERVL-MaLR	1726	+	102	79769217	72819
chr17	76768628	76968628	harbor1	chr17	76792590	76792777	LTR/ERVL-MaLR	1982	+	94	76792684	24056
chr17	76768628	76968628	harbor1	chr17	76793846	76794170	LTR/ERVL-MaLR	1982	+	162	76794008	25380
chr17	76768628	76968628	harbor1	chr17	76812972	76813169	LTR/ERVL-MaLR	891	+	98	76813070	44442
chr17	76768628	76968628	harbor1	chr17	76818747	76818992	LTR/ERVL-MaLR	1654	+	122	76818869	50241
chr17	76768628	76968628	harbor1	chr17	76819298	76819522	LTR/ERVL-MaLR	1654	+	112	76819410	50782
chr17	76768628	76968628	harbor1	chr17	76833798	76834168	LTR/ERVL-MaLR	1627	+	185	76833983	65355
chr17	76768628	76968628	harbor1	chr17	76837586	76837729	LTR/ERVL-MaLR	707	+	72	76837658	69030
chr17	76768628	76968628	harbor1	chr17	76838037	76838088	LTR/ERVL-MaLR	707	+	26	76838063	69435
chr17	76768628	76968628	harbor1	chr17	76842350	76842455	LTR/ERVL-MaLR	1004	+	52	76842402	73774
chr17	76768628	76968628	harbor1	chr17	76843042	76843215	LTR/ERVL-MaLR	1004	+	86	76843128	74500
chr17	76768628	76968628	harbor1	chr17	76843821	76843871	LTR/ERVL-MaLR	1004	+	25	76843846	75218
chr17	76768628	76968628	harbor1	chr17	76849990	76850347	LTR/ERVL-MaLR	993	+	178	76850168	81540
chr17	76768628	76968628	harbor1	chr17	76863367	76863714	LTR/ERVL-MaLR	1106	+	174	76863541	94913
chr17	80933241	81133241	harbor1	chr17	80978550	80978914	LTR/ERVL-MaLR	1525	+	182	80978732	45491
chr17	80933241	81133241	harbor1	chr17	80983137	80983310	LTR/ERVL-MaLR	1141	+	86	80983223	49982
chr17	80933241	81133241	harbor1	chr17	80983606	80983788	LTR/ERVL-MaLR	1141	+	91	80983697	50456
chr17	80933241	81133241	harbor1	chr17	81010175	81010517	LTR/ERVL-MaLR	2105	+	171	81010346	77105
chr17	80933241	81133241	harbor1	chr17	81010819	81010860	LTR/ERVL-MaLR	2105	+	20	81010839	77598
chr17	80933241	81133241	harbor1	chr17	81010861	81011385	LTR/ERVL-MaLR	2500	+	262	81011123	77882
chr17	80933241	81133241	harbor1	chr17	81012513	81013656	LTR/ERVL-MaLR	5382	+	572	81013085	79844
chr17	80933241	81133241	harbor1	chr17	81013672	81014065	LTR/ERVL-MaLR	2310	+	196	81013868	80627
chr17	80933241	81133241	harbor1	chr17	80969542	80969863	LTR/ERVL-MaLR	772	+	160	80969702	36461
chr17	76768654	76968654	harbor1	chr17	76792590	76792777	LTR/ERVL-MaLR	1982	+	94	76792684	24030
chr17	76768654	76968654	harbor1	chr17	76793846	76794170	LTR/ERVL-MaLR	1982	+	162	76794008	25354
chr17	76768654	76968654	harbor1	chr17	76812972	76813169	LTR/ERVL-MaLR	891	+	98	76813070	44416
chr17	76768654	76968654	harbor1	chr17	76818747	76818992	LTR/ERVL-MaLR	1654	+	122	76818869	50215
chr17	76768654	76968654	harbor1	chr17	76819298	76819522	LTR/ERVL-MaLR	1654	+	112	76819410	50756
chr17	76768654	76968654	harbor1	chr17	76833798	76834168	LTR/ERVL-MaLR	1627	+	185	76833983	65329
chr17	76768654	76968654	harbor1	chr17	76837586	76837729	LTR/ERVL-MaLR	707	+	72	76837658	69004
chr17	76768654	76968654	harbor1	chr17	76838037	76838088	LTR/ERVL-MaLR	707	+	26	76838063	69409
chr17	76768654	76968654	harbor1	chr17	76842350	76842455	LTR/ERVL-MaLR	1004	+	52	76842402	73748
chr17	76768654	76968654	harbor1	chr17	76843042	76843215	LTR/ERVL-MaLR	1004	+	86	76843128	74474
chr17	76768654	76968654	harbor1	chr17	76843821	76843871	LTR/ERVL-MaLR	1004	+	25	76843846	75192
chr17	76768654	76968654	harbor1	chr17	76849990	76850347	LTR/ERVL-MaLR	993	+	178	76850168	81514
chr17	76768654	76968654	harbor1	chr17	76863367	76863714	LTR/ERVL-MaLR	1106	+	174	76863541	94887
chr17	15555287	15755287	harbor1	chr17	15558377	15558839	LTR/ERVL-MaLR	1434	+	231	15558608	3321
chr17	15555287	15755287	harbor1	chr17	15617471	15617896	LTR/ERVL-MaLR	2094	+	212	15617683	62396
chr17	15555287	15755287	harbor1	chr17	15652962	15653378	LTR/ERVL-MaLR	2170	+	208	15653170	97883
chr17	80934865	81134865	harbor1	chr17	80978550	80978914	LTR/ERVL-MaLR	1525	+	182	80978732	43867
chr17	80934865	81134865	harbor1	chr17	80983137	80983310	LTR/ERVL-MaLR	1141	+	86	80983223	48358
chr17	80934865	81134865	harbor1	chr17	80983606	80983788	LTR/ERVL-MaLR	1141	+	91	80983697	48832
chr17	80934865	81134865	harbor1	chr17	81010175	81010517	LTR/ERVL-MaLR	2105	+	171	81010346	75481
chr17	80934865	81134865	harbor1	chr17	81010819	81010860	LTR/ERVL-MaLR	2105	+	20	81010839	75974
chr17	80934865	81134865	harbor1	chr17	81010861	81011385	LTR/ERVL-MaLR	2500	+	262	81011123	76258
chr17	80934865	81134865	harbor1	chr17	81012513	81013656	LTR/ERVL-MaLR	5382	+	572	81013085	78220
chr17	80934865	81134865	harbor1	chr17	81013672	81014065	LTR/ERVL-MaLR	2310	+	196	81013868	79003
chr17	80934865	81134865	harbor1	chr17	80969542	80969863	LTR/ERVL-MaLR	772	+	160	80969702	34837
chr17	80934914	81134914	harbor1	chr17	80978550	80978914	LTR/ERVL-MaLR	1525	+	182	80978732	43818
chr17	80934914	81134914	harbor1	chr17	80983137	80983310	LTR/ERVL-MaLR	1141	+	86	80983223	48309
chr17	80934914	81134914	harbor1	chr17	80983606	80983788	LTR/ERVL-MaLR	1141	+	91	80983697	48783
chr17	80934914	81134914	harbor1	chr17	81010175	81010517	LTR/ERVL-MaLR	2105	+	171	81010346	75432
chr17	80934914	81134914	harbor1	chr17	81010819	81010860	LTR/ERVL-MaLR	2105	+	20	81010839	75925
chr17	80934914	81134914	harbor1	chr17	81010861	81011385	LTR/ERVL-MaLR	2500	+	262	81011123	76209
chr17	80934914	81134914	harbor1	chr17	81012513	81013656	LTR/ERVL-MaLR	5382	+	572	81013085	78171
chr17	80934914	81134914	harbor1	chr17	81013672	81014065	LTR/ERVL-MaLR	2310	+	196	81013868	78954
chr17	80934914	81134914	harbor1	chr17	80969542	80969863	LTR/ERVL-MaLR	772	+	160	80969702	34788
chr17	76283501	76483501	harbor1	chr17	76302393	76302821	LTR/ERVL-MaLR	1391	+	214	76302607	19106
chr17	76283501	76483501	harbor1	chr17	76357629	76357984	LTR/ERVL-MaLR	1677	+	178	76357807	74306
chr17	76283501	76483501	harbor1	chr17	76369681	76370120	LTR/ERVL-MaLR	793	+	220	76369901	86400
chr17	76283501	76483501	harbor1	chr17	76377507	76377840	LTR/ERVL-MaLR	1517	+	166	76377673	94172
chr17	76283501	76483501	harbor1	chr17	76379384	76379591	LTR/ERVL-MaLR	902	+	104	76379488	95987
chr17	33191683	33391683	harbor1	chr17	33204443	33205069	LTR/ERVL-MaLR	1370	+	313	33204756	13073
chr17	33191683	33391683	harbor1	chr17	33212126	33212583	LTR/ERVL-MaLR	2209	+	228	33212354	20671
chr17	33191683	33391683	harbor1	chr17	33232039	33232393	LTR/ERVL-MaLR	1469	+	177	33232216	40533
chr17	33191683	33391683	harbor1	chr17	33232516	33232536	LTR/ERVL-MaLR	1469	+	10	33232526	40843
chr17	33191683	33391683	harbor1	chr17	33236119	33236250	LTR/ERVL-MaLR	700	+	66	33236185	44502
chr17	33191683	33391683	harbor1	chr17	33236256	33236341	LTR/ERVL-MaLR	1243	+	42	33236298	44615
chr17	33191683	33391683	harbor1	chr17	33236640	33237000	LTR/ERVL-MaLR	1243	+	180	33236820	45137
chr17	33191705	33391705	harbor1	chr17	33204443	33205069	LTR/ERVL-MaLR	1370	+	313	33204756	13051
chr17	33191705	33391705	harbor1	chr17	33212126	33212583	LTR/ERVL-MaLR	2209	+	228	33212354	20649
chr17	33191705	33391705	harbor1	chr17	33232039	33232393	LTR/ERVL-MaLR	1469	+	177	33232216	40511
chr17	33191705	33391705	harbor1	chr17	33232516	33232536	LTR/ERVL-MaLR	1469	+	10	33232526	40821
chr17	33191705	33391705	harbor1	chr17	33236119	33236250	LTR/ERVL-MaLR	700	+	66	33236185	44480
chr17	33191705	33391705	harbor1	chr17	33236256	33236341	LTR/ERVL-MaLR	1243	+	42	33236298	44593
chr17	33191705	33391705	harbor1	chr17	33236640	33237000	LTR/ERVL-MaLR	1243	+	180	33236820	45115
chr17	43590747	43790747	harbor1	chr17	43611643	43612129	LTR/ERVL-MaLR	1105	+	243	43611886	21139
chr17	43590747	43790747	harbor1	chr17	43654062	43654239	LTR/ERVL-MaLR	1048	+	88	43654150	63403
chr17	78477092	78677092	harbor1	chr17	78488662	78489048	LTR/ERVL-MaLR	1486	+	193	78488855	11763
chr17	78477092	78677092	harbor1	chr17	78510737	78511117	LTR/ERVL-MaLR	1193	+	190	78510927	33835
chr17	78477092	78677092	harbor1	chr17	78511404	78511475	LTR/ERVL-MaLR	1193	+	36	78511440	34348
chr17	78477092	78677092	harbor1	chr17	78524014	78524132	LTR/ERVL-MaLR	1648	+	59	78524073	46981
chr17	78477092	78677092	harbor1	chr17	78524438	78524676	LTR/ERVL-MaLR	1648	+	119	78524557	47465
chr17	78477092	78677092	harbor1	chr17	78549088	78549364	LTR/ERVL-MaLR	868	+	138	78549226	72134
chr17	78477092	78677092	harbor1	chr17	78550370	78550750	LTR/ERVL-MaLR	2130	+	190	78550560	73468
chr17	78477092	78677092	harbor1	chr17	78552895	78553275	LTR/ERVL-MaLR	2514	+	190	78553085	75993
chr17	78477092	78677092	harbor1	chr17	78553567	78553612	LTR/ERVL-MaLR	2514	+	22	78553589	76497
chr17	78477092	78677092	harbor1	chr17	78556297	78556520	LTR/ERVL-MaLR	1106	+	112	78556409	79317
chr17	78477092	78677092	harbor1	chr17	78566014	78566219	LTR/ERVL-MaLR	1023	+	102	78566116	89024
chr17	78477092	78677092	harbor1	chr17	78573210	78573315	LTR/ERVL-MaLR	1688	+	52	78573262	96170
chr17	78477092	78677092	harbor1	chr17	78573615	78573839	LTR/ERVL-MaLR	1688	+	112	78573727	96635
chr17	8023310	8223310	harbor1	chr17	8028820	8029164	LTR/ERVL-MaLR	616	+	172	8028992	5682
chr17	8023310	8223310	harbor1	chr17	8031216	8031668	LTR/ERVL-MaLR	961	+	226	8031442	8132
chr17	286286	486286	harbor1	chr17	311856	312021	LTR/ERVL-MaLR	1503	+	82	311938	25652
chr17	286286	486286	harbor1	chr17	312312	312532	LTR/ERVL-MaLR	1503	+	110	312422	26136
chr17	286286	486286	harbor1	chr17	371711	371857	LTR/ERVL-MaLR	666	+	73	371784	85498
chr17	286286	486286	harbor1	chr17	372502	372724	LTR/ERVL-MaLR	1120	+	111	372613	86327
chr17	57767550	57967550	harbor1	chr17	57775041	57775213	LTR/ERVL-MaLR	595	+	86	57775127	7577
chr17	57767550	57967550	harbor1	chr17	57779846	57780170	LTR/ERVL-MaLR	1983	+	162	57780008	12458
chr17	57767550	57967550	harbor1	chr17	57800402	57800828	LTR/ERVL-MaLR	2496	+	213	57800615	33065
chr17	57767550	57967550	harbor1	chr17	57800829	57801523	LTR/ERVL-MaLR	4041	+	347	57801176	33626
chr17	57767550	57967550	harbor1	chr17	57801519	57801793	LTR/ERVL-MaLR	1891	+	137	57801656	34106
chr17	57767550	57967550	harbor1	chr17	57807305	57807577	LTR/ERVL-MaLR	1901	+	136	57807441	39891
chr17	57767550	57967550	harbor1	chr17	57807879	57808066	LTR/ERVL-MaLR	1901	+	94	57807973	40423
chr17	57767550	57967550	harbor1	chr17	57808409	57808464	LTR/ERVL-MaLR	1901	+	28	57808437	40887
chr17	57767550	57967550	harbor1	chr17	57843480	57843797	LTR/ERVL-MaLR	1345	+	158	57843638	76088
chr17	36836264	37036264	harbor1	chr17	36840629	36841015	LTR/ERVL-MaLR	760	+	193	36840822	4558
chr17	36836264	37036264	harbor1	chr17	36867643	36868153	LTR/ERVL-MaLR	2362	+	255	36867898	31634
chr17	36836264	37036264	harbor1	chr17	36872589	36872945	LTR/ERVL-MaLR	1646	+	178	36872767	36503
chr17	38631460	38831460	harbor1	chr17	38670296	38670686	LTR/ERVL-MaLR	1018	+	195	38670491	39031
chr17	38631460	38831460	harbor1	chr17	38670984	38671049	LTR/ERVL-MaLR	1018	+	32	38671016	39556
chr17	80949194	81149194	harbor1	chr17	80978550	80978914	LTR/ERVL-MaLR	1525	+	182	80978732	29538
chr17	80949194	81149194	harbor1	chr17	80983137	80983310	LTR/ERVL-MaLR	1141	+	86	80983223	34029
chr17	80949194	81149194	harbor1	chr17	80983606	80983788	LTR/ERVL-MaLR	1141	+	91	80983697	34503
chr17	80949194	81149194	harbor1	chr17	81010175	81010517	LTR/ERVL-MaLR	2105	+	171	81010346	61152
chr17	80949194	81149194	harbor1	chr17	81010819	81010860	LTR/ERVL-MaLR	2105	+	20	81010839	61645
chr17	80949194	81149194	harbor1	chr17	81010861	81011385	LTR/ERVL-MaLR	2500	+	262	81011123	61929
chr17	80949194	81149194	harbor1	chr17	81012513	81013656	LTR/ERVL-MaLR	5382	+	572	81013085	63891
chr17	80949194	81149194	harbor1	chr17	81013672	81014065	LTR/ERVL-MaLR	2310	+	196	81013868	64674
chr17	80949194	81149194	harbor1	chr17	80969542	80969863	LTR/ERVL-MaLR	772	+	160	80969702	20508
chr17	80928173	81128173	harbor1	chr17	80978550	80978914	LTR/ERVL-MaLR	1525	+	182	80978732	50559
chr17	80928173	81128173	harbor1	chr17	80983137	80983310	LTR/ERVL-MaLR	1141	+	86	80983223	55050
chr17	80928173	81128173	harbor1	chr17	80983606	80983788	LTR/ERVL-MaLR	1141	+	91	80983697	55524
chr17	80928173	81128173	harbor1	chr17	81010175	81010517	LTR/ERVL-MaLR	2105	+	171	81010346	82173
chr17	80928173	81128173	harbor1	chr17	81010819	81010860	LTR/ERVL-MaLR	2105	+	20	81010839	82666
chr17	80928173	81128173	harbor1	chr17	81010861	81011385	LTR/ERVL-MaLR	2500	+	262	81011123	82950
chr17	80928173	81128173	harbor1	chr17	81012513	81013656	LTR/ERVL-MaLR	5382	+	572	81013085	84912
chr17	80928173	81128173	harbor1	chr17	81013672	81014065	LTR/ERVL-MaLR	2310	+	196	81013868	85695
chr17	80928173	81128173	harbor1	chr17	80969542	80969863	LTR/ERVL-MaLR	772	+	160	80969702	41529
chr17	41516785	41716785	harbor1	chr17	41546533	41547020	LTR/ERVL-MaLR	2627	+	244	41546777	29992
chr17	41516785	41716785	harbor1	chr17	41555633	41555915	LTR/ERVL-MaLR	670	+	141	41555774	38989
chr17	41516785	41716785	harbor1	chr17	41563641	41563742	LTR/ERVL-MaLR	1461	+	50	41563691	46906
chr17	41516785	41716785	harbor1	chr17	41564333	41564765	LTR/ERVL-MaLR	1461	+	216	41564549	47764
chr17	41516785	41716785	harbor1	chr17	41564994	41565460	LTR/ERVL-MaLR	1487	+	233	41565227	48442
chr17	57827332	58027332	harbor1	chr17	57843480	57843797	LTR/ERVL-MaLR	1345	+	158	57843638	16306
chr17	79702893	79902893	harbor1	chr17	79713328	79713734	LTR/ERVL-MaLR	1331	+	203	79713531	10638
chr17	79702893	79902893	harbor1	chr17	79719594	79719859	LTR/ERVL-MaLR	645	+	132	79719726	16833
chr17	79702893	79902893	harbor1	chr17	79763879	79764148	LTR/ERVL-MaLR	1429	+	134	79764013	61120
chr17	79702893	79902893	harbor1	chr17	79764470	79764533	LTR/ERVL-MaLR	1429	+	32	79764502	61609
chr17	79702893	79902893	harbor1	chr17	79768343	79768520	LTR/ERVL-MaLR	1726	+	88	79768431	65538
chr17	79702893	79902893	harbor1	chr17	79769115	79769318	LTR/ERVL-MaLR	1726	+	102	79769217	66324
chr17	79702970	79902970	harbor1	chr17	79713328	79713734	LTR/ERVL-MaLR	1331	+	203	79713531	10561
chr17	79702970	79902970	harbor1	chr17	79719594	79719859	LTR/ERVL-MaLR	645	+	132	79719726	16756
chr17	79702970	79902970	harbor1	chr17	79763879	79764148	LTR/ERVL-MaLR	1429	+	134	79764013	61043
chr17	79702970	79902970	harbor1	chr17	79764470	79764533	LTR/ERVL-MaLR	1429	+	32	79764502	61532
chr17	79702970	79902970	harbor1	chr17	79768343	79768520	LTR/ERVL-MaLR	1726	+	88	79768431	65461
chr17	79702970	79902970	harbor1	chr17	79769115	79769318	LTR/ERVL-MaLR	1726	+	102	79769217	66247
chr17	78924157	79124157	harbor1	chr17	78950664	78951185	LTR/ERVL-MaLR	2151	+	260	78950924	26767
chr17	78924157	79124157	harbor1	chr17	78958356	78958528	LTR/ERVL-MaLR	745	+	86	78958442	34285
chr17	76711222	76911222	harbor1	chr17	76792590	76792777	LTR/ERVL-MaLR	1982	+	94	76792684	81462
chr17	76711222	76911222	harbor1	chr17	76793846	76794170	LTR/ERVL-MaLR	1982	+	162	76794008	82786
chr17	78252870	78452870	harbor1	chr17	78296845	78297179	LTR/ERVL-MaLR	1909	+	167	78297012	44142
chr17	78252870	78452870	harbor1	chr17	78297478	78297509	LTR/ERVL-MaLR	1909	+	16	78297494	44624
chr17	78252870	78452870	harbor1	chr17	78305788	78306269	LTR/ERVL-MaLR	2067	+	240	78306028	53158
chr17	78252870	78452870	harbor1	chr17	78309530	78309750	LTR/ERVL-MaLR	1139	+	110	78309640	56770
chr17	78252870	78452870	harbor1	chr17	78311877	78312011	LTR/ERVL-MaLR	2005	+	67	78311944	59074
chr17	78252870	78452870	harbor1	chr17	78312326	78312606	LTR/ERVL-MaLR	2005	+	140	78312466	59596
chr17	78252870	78452870	harbor1	chr17	78345106	78345577	LTR/ERVL-MaLR	1496	+	236	78345342	92472
chr17	76768627	76968627	harbor1	chr17	76792590	76792777	LTR/ERVL-MaLR	1982	+	94	76792684	24057
chr17	76768627	76968627	harbor1	chr17	76793846	76794170	LTR/ERVL-MaLR	1982	+	162	76794008	25381
chr17	76768627	76968627	harbor1	chr17	76812972	76813169	LTR/ERVL-MaLR	891	+	98	76813070	44443
chr17	76768627	76968627	harbor1	chr17	76818747	76818992	LTR/ERVL-MaLR	1654	+	122	76818869	50242
chr17	76768627	76968627	harbor1	chr17	76819298	76819522	LTR/ERVL-MaLR	1654	+	112	76819410	50783
chr17	76768627	76968627	harbor1	chr17	76833798	76834168	LTR/ERVL-MaLR	1627	+	185	76833983	65356
chr17	76768627	76968627	harbor1	chr17	76837586	76837729	LTR/ERVL-MaLR	707	+	72	76837658	69031
chr17	76768627	76968627	harbor1	chr17	76838037	76838088	LTR/ERVL-MaLR	707	+	26	76838063	69436
chr17	76768627	76968627	harbor1	chr17	76842350	76842455	LTR/ERVL-MaLR	1004	+	52	76842402	73775
chr17	76768627	76968627	harbor1	chr17	76843042	76843215	LTR/ERVL-MaLR	1004	+	86	76843128	74501
chr17	76768627	76968627	harbor1	chr17	76843821	76843871	LTR/ERVL-MaLR	1004	+	25	76843846	75219
chr17	76768627	76968627	harbor1	chr17	76849990	76850347	LTR/ERVL-MaLR	993	+	178	76850168	81541
chr17	76768627	76968627	harbor1	chr17	76863367	76863714	LTR/ERVL-MaLR	1106	+	174	76863541	94914
chr17	15134573	15334573	harbor1	chr17	15139014	15139481	LTR/ERVL-MaLR	674	+	234	15139248	4675
chr17	15134573	15334573	harbor1	chr17	15186256	15186615	LTR/ERVL-MaLR	732	+	180	15186436	51863
chr17	15134573	15334573	harbor1	chr17	15186703	15187095	LTR/ERVL-MaLR	1815	+	196	15186899	52326
chr17	15134573	15334573	harbor1	chr17	15197299	15197435	LTR/ERVL-MaLR	601	+	68	15197367	62794
chr17	80934866	81134866	harbor1	chr17	80978550	80978914	LTR/ERVL-MaLR	1525	+	182	80978732	43866
chr17	80934866	81134866	harbor1	chr17	80983137	80983310	LTR/ERVL-MaLR	1141	+	86	80983223	48357
chr17	80934866	81134866	harbor1	chr17	80983606	80983788	LTR/ERVL-MaLR	1141	+	91	80983697	48831
chr17	80934866	81134866	harbor1	chr17	81010175	81010517	LTR/ERVL-MaLR	2105	+	171	81010346	75480
chr17	80934866	81134866	harbor1	chr17	81010819	81010860	LTR/ERVL-MaLR	2105	+	20	81010839	75973
chr17	80934866	81134866	harbor1	chr17	81010861	81011385	LTR/ERVL-MaLR	2500	+	262	81011123	76257
chr17	80934866	81134866	harbor1	chr17	81012513	81013656	LTR/ERVL-MaLR	5382	+	572	81013085	78219
chr17	80934866	81134866	harbor1	chr17	81013672	81014065	LTR/ERVL-MaLR	2310	+	196	81013868	79002
chr17	80934866	81134866	harbor1	chr17	80969542	80969863	LTR/ERVL-MaLR	772	+	160	80969702	34836
chr17	42914345	43114345	harbor1	chr17	42947420	42947574	LTR/ERVL-MaLR	1499	+	77	42947497	33152
chr17	42914345	43114345	harbor1	chr17	42947885	42948073	LTR/ERVL-MaLR	1499	+	94	42947979	33634
chr17	76485502	76685502	harbor1	chr17	76513973	76514036	LTR/ERVL-MaLR	1167	+	32	76514005	28503
chr17	76485502	76685502	harbor1	chr17	76518115	76518479	LTR/ERVL-MaLR	1737	+	182	76518297	32795
chr17	76485502	76685502	harbor1	chr17	76564575	76564681	LTR/ERVL-MaLR	653	+	53	76564628	79126
chr17	76485502	76685502	harbor1	chr17	76570810	76571286	LTR/ERVL-MaLR	1845	+	238	76571048	85546
chr17	76485502	76685502	harbor1	chr17	76575322	76575691	LTR/ERVL-MaLR	666	+	184	76575506	90004
chr17	76485502	76685502	harbor1	chr17	76579549	76579940	LTR/ERVL-MaLR	2126	+	196	76579745	94243
chr17	76485502	76685502	harbor1	chr17	76513265	76513661	LTR/ERVL-MaLR	1167	+	198	76513463	27961
chr17	74649363	74849363	harbor1	chr17	74699348	74699739	LTR/ERVL-MaLR	1283	+	196	74699544	50181
chr17	74649363	74849363	harbor1	chr17	74700787	74701171	LTR/ERVL-MaLR	2087	+	192	74700979	51616
chr17	74649363	74849363	harbor1	chr17	74717374	74717526	LTR/ERVL-MaLR	1680	+	76	74717450	68087
chr17	74649363	74849363	harbor1	chr17	74717840	74718014	LTR/ERVL-MaLR	1680	+	87	74717927	68564
chr17	74649363	74849363	harbor1	chr17	74718365	74718408	LTR/ERVL-MaLR	1680	+	22	74718387	69024
chr17	79689289	79889289	harbor1	chr17	79694038	79694423	LTR/ERVL-MaLR	663	+	192	79694230	4941
chr17	79689289	79889289	harbor1	chr17	79700652	79701025	LTR/ERVL-MaLR	1434	+	186	79700838	11549
chr17	79689289	79889289	harbor1	chr17	79713328	79713734	LTR/ERVL-MaLR	1331	+	203	79713531	24242
chr17	79689289	79889289	harbor1	chr17	79719594	79719859	LTR/ERVL-MaLR	645	+	132	79719726	30437
chr17	79689289	79889289	harbor1	chr17	79763879	79764148	LTR/ERVL-MaLR	1429	+	134	79764013	74724
chr17	79689289	79889289	harbor1	chr17	79764470	79764533	LTR/ERVL-MaLR	1429	+	32	79764502	75213
chr17	79689289	79889289	harbor1	chr17	79768343	79768520	LTR/ERVL-MaLR	1726	+	88	79768431	79142
chr17	79689289	79889289	harbor1	chr17	79769115	79769318	LTR/ERVL-MaLR	1726	+	102	79769217	79928
chr17	76636928	76836928	harbor1	chr17	76674610	76675127	LTR/ERVL-MaLR	1160	+	258	76674868	37940
chr17	76636928	76836928	harbor1	chr17	76697038	76697439	LTR/ERVL-MaLR	1908	+	200	76697238	60310
chr17	76636928	76836928	harbor1	chr17	76705510	76705878	LTR/ERVL-MaLR	1710	+	184	76705694	68766
chr17	6918778	7118778	harbor1	chr17	6934526	6934872	LTR/ERVL-MaLR	2584	+	173	6934699	15921
chr17	6918778	7118778	harbor1	chr17	6950630	6950808	LTR/ERVL-MaLR	628	+	89	6950719	31941
chr17	6918778	7118778	harbor1	chr17	6951475	6951697	LTR/ERVL-MaLR	628	+	111	6951586	32808
chr17	6918778	7118778	harbor1	chr17	6952007	6952047	LTR/ERVL-MaLR	628	+	20	6952027	33249
chr17	6918778	7118778	harbor1	chr17	6955665	6956082	LTR/ERVL-MaLR	2608	+	208	6955873	37095
chr17	6918778	7118778	harbor1	chr17	6956357	6956708	LTR/ERVL-MaLR	1158	+	176	6956533	37755
chr17	6918778	7118778	harbor1	chr17	6975038	6975445	LTR/ERVL-MaLR	2319	+	204	6975242	56464
chr17	6918778	7118778	harbor1	chr17	6988167	6988235	LTR/ERVL-MaLR	1753	+	34	6988201	69423
chr17	6918778	7118778	harbor1	chr17	6988538	6988812	LTR/ERVL-MaLR	1753	+	137	6988675	69897
chr17	76637263	76837263	harbor1	chr17	76674610	76675127	LTR/ERVL-MaLR	1160	+	258	76674868	37605
chr17	76637263	76837263	harbor1	chr17	76697038	76697439	LTR/ERVL-MaLR	1908	+	200	76697238	59975
chr17	76637263	76837263	harbor1	chr17	76705510	76705878	LTR/ERVL-MaLR	1710	+	184	76705694	68431
chr17	44209709	44409709	harbor1	chr17	44242675	44242820	LTR/ERVL-MaLR	826	+	72	44242747	33038
chr17	81388105	81588105	harbor1	chr17	81476634	81477071	LTR/ERVL-MaLR	1397	+	218	81476852	88747
chr17	79689683	79889683	harbor1	chr17	79694038	79694423	LTR/ERVL-MaLR	663	+	192	79694230	4547
chr17	79689683	79889683	harbor1	chr17	79700652	79701025	LTR/ERVL-MaLR	1434	+	186	79700838	11155
chr17	79689683	79889683	harbor1	chr17	79713328	79713734	LTR/ERVL-MaLR	1331	+	203	79713531	23848
chr17	79689683	79889683	harbor1	chr17	79719594	79719859	LTR/ERVL-MaLR	645	+	132	79719726	30043
chr17	79689683	79889683	harbor1	chr17	79763879	79764148	LTR/ERVL-MaLR	1429	+	134	79764013	74330
chr17	79689683	79889683	harbor1	chr17	79764470	79764533	LTR/ERVL-MaLR	1429	+	32	79764502	74819
chr17	79689683	79889683	harbor1	chr17	79768343	79768520	LTR/ERVL-MaLR	1726	+	88	79768431	78748
chr17	79689683	79889683	harbor1	chr17	79769115	79769318	LTR/ERVL-MaLR	1726	+	102	79769217	79534
chr17	76283274	76483274	harbor1	chr17	76302393	76302821	LTR/ERVL-MaLR	1391	+	214	76302607	19333
chr17	76283274	76483274	harbor1	chr17	76357629	76357984	LTR/ERVL-MaLR	1677	+	178	76357807	74533
chr17	76283274	76483274	harbor1	chr17	76369681	76370120	LTR/ERVL-MaLR	793	+	220	76369901	86627
chr17	76283274	76483274	harbor1	chr17	76377507	76377840	LTR/ERVL-MaLR	1517	+	166	76377673	94399
chr17	76283274	76483274	harbor1	chr17	76379384	76379591	LTR/ERVL-MaLR	902	+	104	76379488	96214
chr17	17071303	17271303	harbor1	chr17	17109947	17110376	LTR/ERVL-MaLR	2295	+	214	17110161	38858
chr17	33191648	33391648	harbor1	chr17	33204443	33205069	LTR/ERVL-MaLR	1370	+	313	33204756	13108
chr17	33191648	33391648	harbor1	chr17	33212126	33212583	LTR/ERVL-MaLR	2209	+	228	33212354	20706
chr17	33191648	33391648	harbor1	chr17	33232039	33232393	LTR/ERVL-MaLR	1469	+	177	33232216	40568
chr17	33191648	33391648	harbor1	chr17	33232516	33232536	LTR/ERVL-MaLR	1469	+	10	33232526	40878
chr17	33191648	33391648	harbor1	chr17	33236119	33236250	LTR/ERVL-MaLR	700	+	66	33236185	44537
chr17	33191648	33391648	harbor1	chr17	33236256	33236341	LTR/ERVL-MaLR	1243	+	42	33236298	44650
chr17	33191648	33391648	harbor1	chr17	33236640	33237000	LTR/ERVL-MaLR	1243	+	180	33236820	45172
chr17	77858865	78058865	harbor1	chr17	77889927	77890203	LTR/ERVL-MaLR	1474	+	138	77890065	31200
chr17	77858865	78058865	harbor1	chr17	77901078	77901423	LTR/ERVL-MaLR	1610	+	172	77901250	42385
chr17	77858865	78058865	harbor1	chr17	77902117	77902503	LTR/ERVL-MaLR	2333	+	193	77902310	43445
chr17	77858865	78058865	harbor1	chr17	77921485	77921953	LTR/ERVL-MaLR	1995	+	234	77921719	62854
chr17	77858865	78058865	harbor1	chr17	77922194	77922272	LTR/ERVL-MaLR	1995	+	39	77922233	63368
chr17	77858865	78058865	harbor1	chr17	77949675	77950150	LTR/ERVL-MaLR	1300	+	238	77949913	91048
chr17	77858865	78058865	harbor1	chr17	77889471	77889622	LTR/ERVL-MaLR	1474	+	76	77889547	30682
chr17	80934923	81134923	harbor1	chr17	80978550	80978914	LTR/ERVL-MaLR	1525	+	182	80978732	43809
chr17	80934923	81134923	harbor1	chr17	80983137	80983310	LTR/ERVL-MaLR	1141	+	86	80983223	48300
chr17	80934923	81134923	harbor1	chr17	80983606	80983788	LTR/ERVL-MaLR	1141	+	91	80983697	48774
chr17	80934923	81134923	harbor1	chr17	81010175	81010517	LTR/ERVL-MaLR	2105	+	171	81010346	75423
chr17	80934923	81134923	harbor1	chr17	81010819	81010860	LTR/ERVL-MaLR	2105	+	20	81010839	75916
chr17	80934923	81134923	harbor1	chr17	81010861	81011385	LTR/ERVL-MaLR	2500	+	262	81011123	76200
chr17	80934923	81134923	harbor1	chr17	81012513	81013656	LTR/ERVL-MaLR	5382	+	572	81013085	78162
chr17	80934923	81134923	harbor1	chr17	81013672	81014065	LTR/ERVL-MaLR	2310	+	196	81013868	78945
chr17	80934923	81134923	harbor1	chr17	80969542	80969863	LTR/ERVL-MaLR	772	+	160	80969702	34779
chr17	79689660	79889660	harbor1	chr17	79694038	79694423	LTR/ERVL-MaLR	663	+	192	79694230	4570
chr17	79689660	79889660	harbor1	chr17	79700652	79701025	LTR/ERVL-MaLR	1434	+	186	79700838	11178
chr17	79689660	79889660	harbor1	chr17	79713328	79713734	LTR/ERVL-MaLR	1331	+	203	79713531	23871
chr17	79689660	79889660	harbor1	chr17	79719594	79719859	LTR/ERVL-MaLR	645	+	132	79719726	30066
chr17	79689660	79889660	harbor1	chr17	79763879	79764148	LTR/ERVL-MaLR	1429	+	134	79764013	74353
chr17	79689660	79889660	harbor1	chr17	79764470	79764533	LTR/ERVL-MaLR	1429	+	32	79764502	74842
chr17	79689660	79889660	harbor1	chr17	79768343	79768520	LTR/ERVL-MaLR	1726	+	88	79768431	78771
chr17	79689660	79889660	harbor1	chr17	79769115	79769318	LTR/ERVL-MaLR	1726	+	102	79769217	79557
chr17	45358313	45558313	harbor1	chr17	45362950	45363314	LTR/ERVL-MaLR	2307	+	182	45363132	4819
chr17	45358313	45558313	harbor1	chr17	45390081	45390433	LTR/ERVL-MaLR	1651	+	176	45390257	31944
chr17	30610045	30810045	harbor1	chr17	30653506	30653579	LTR/ERVL-MaLR	863	+	36	30653542	43497
chr17	30610045	30810045	harbor1	chr17	30654182	30654206	LTR/ERVL-MaLR	863	+	12	30654194	44149
chr17	30610045	30810045	harbor1	chr17	30655747	30656098	LTR/ERVL-MaLR	863	+	176	30655923	45878
chr17	30610045	30810045	harbor1	chr17	30659994	30660368	LTR/ERVL-MaLR	2236	+	187	30660181	50136
chr17	30610045	30810045	harbor1	chr17	30684063	30684108	LTR/ERVL-MaLR	695	+	22	30684085	74040
chr17	30610045	30810045	harbor1	chr17	30684421	30684553	LTR/ERVL-MaLR	695	+	66	30684487	74442
chr17	80991791	81191791	harbor1	chr17	81010175	81010517	LTR/ERVL-MaLR	2105	+	171	81010346	18555
chr17	80991791	81191791	harbor1	chr17	81010819	81010860	LTR/ERVL-MaLR	2105	+	20	81010839	19048
chr17	80991791	81191791	harbor1	chr17	81010861	81011385	LTR/ERVL-MaLR	2500	+	262	81011123	19332
chr17	80991791	81191791	harbor1	chr17	81012513	81013656	LTR/ERVL-MaLR	5382	+	572	81013085	21294
chr17	80991791	81191791	harbor1	chr17	81013672	81014065	LTR/ERVL-MaLR	2310	+	196	81013868	22077
chr17	48808683	49008683	harbor1	chr17	48882234	48882517	LTR/ERVL-MaLR	921	+	142	48882376	73693
chr17	48647673	48847673	harbor1	chr17	48659118	48659480	LTR/ERVL-MaLR	2339	+	181	48659299	11626
chr17	48647673	48847673	harbor1	chr17	48669308	48669657	LTR/ERVL-MaLR	1775	+	174	48669482	21809
chr17	30994986	31194986	harbor1	chr17	31051413	31051639	LTR/ERVL-MaLR	1307	+	113	31051526	56540
chr17	30994986	31194986	harbor1	chr17	31068796	31069254	LTR/ERVL-MaLR	2215	+	229	31069025	74039
chr17	7079598	7279598	harbor1	chr17	7117424	7117898	LTR/ERVL-MaLR	1123	+	237	7117661	38063
chr17	7079598	7279598	harbor1	chr17	7167777	7168077	LTR/ERVL-MaLR	771	+	150	7167927	88329
chr17	80949213	81149213	harbor1	chr17	80978550	80978914	LTR/ERVL-MaLR	1525	+	182	80978732	29519
chr17	80949213	81149213	harbor1	chr17	80983137	80983310	LTR/ERVL-MaLR	1141	+	86	80983223	34010
chr17	80949213	81149213	harbor1	chr17	80983606	80983788	LTR/ERVL-MaLR	1141	+	91	80983697	34484
chr17	80949213	81149213	harbor1	chr17	81010175	81010517	LTR/ERVL-MaLR	2105	+	171	81010346	61133
chr17	80949213	81149213	harbor1	chr17	81010819	81010860	LTR/ERVL-MaLR	2105	+	20	81010839	61626
chr17	80949213	81149213	harbor1	chr17	81010861	81011385	LTR/ERVL-MaLR	2500	+	262	81011123	61910
chr17	80949213	81149213	harbor1	chr17	81012513	81013656	LTR/ERVL-MaLR	5382	+	572	81013085	63872
chr17	80949213	81149213	harbor1	chr17	81013672	81014065	LTR/ERVL-MaLR	2310	+	196	81013868	64655
chr17	80949213	81149213	harbor1	chr17	80969542	80969863	LTR/ERVL-MaLR	772	+	160	80969702	20489
chr17	76637321	76837321	harbor1	chr17	76674610	76675127	LTR/ERVL-MaLR	1160	+	258	76674868	37547
chr17	76637321	76837321	harbor1	chr17	76697038	76697439	LTR/ERVL-MaLR	1908	+	200	76697238	59917
chr17	76637321	76837321	harbor1	chr17	76705510	76705878	LTR/ERVL-MaLR	1710	+	184	76705694	68373
chr17	15161857	15361857	harbor1	chr17	15186256	15186615	LTR/ERVL-MaLR	732	+	180	15186436	24579
chr17	15161857	15361857	harbor1	chr17	15186703	15187095	LTR/ERVL-MaLR	1815	+	196	15186899	25042
chr17	15161857	15361857	harbor1	chr17	15197299	15197435	LTR/ERVL-MaLR	601	+	68	15197367	35510
chr17	15161857	15361857	harbor1	chr17	15255355	15255658	LTR/ERVL-MaLR	852	+	152	15255507	93650
chr17	9856590	10056590	harbor1	chr17	9895051	9895604	LTR/ERVL-MaLR	1643	+	276	9895327	38737
chr17	9856590	10056590	harbor1	chr17	9938058	9938224	LTR/ERVL-MaLR	1665	+	83	9938141	81551
chr17	9856590	10056590	harbor1	chr17	9938494	9938731	LTR/ERVL-MaLR	1665	+	118	9938612	82022
chr18	26126454	26326454	harbor1	chr18	26127858	26128163	LTR/ERVL-MaLR	2274	+	152	26128010	1556
chr18	26126454	26326454	harbor1	chr18	26128682	26128778	LTR/ERVL-MaLR	2274	+	48	26128730	2276
chr18	26126454	26326454	harbor1	chr18	26138214	26138426	LTR/ERVL-MaLR	435	+	106	26138320	11866
chr18	26126454	26326454	harbor1	chr18	26138992	26139500	LTR/ERVL-MaLR	2203	+	254	26139246	12792
chr18	26126454	26326454	harbor1	chr18	26152650	26153027	LTR/ERVL-MaLR	1370	+	188	26152838	26384
chr18	26126454	26326454	harbor1	chr18	26167484	26167852	LTR/ERVL-MaLR	1331	+	184	26167668	41214
chr18	37465330	37665330	harbor1	chr18	37479732	37480159	LTR/ERVL-MaLR	2134	+	214	37479946	14616
chr18	26126532	26326532	harbor1	chr18	26127858	26128163	LTR/ERVL-MaLR	2274	+	152	26128010	1478
chr18	26126532	26326532	harbor1	chr18	26128682	26128778	LTR/ERVL-MaLR	2274	+	48	26128730	2198
chr18	26126532	26326532	harbor1	chr18	26138214	26138426	LTR/ERVL-MaLR	435	+	106	26138320	11788
chr18	26126532	26326532	harbor1	chr18	26138992	26139500	LTR/ERVL-MaLR	2203	+	254	26139246	12714
chr18	26126532	26326532	harbor1	chr18	26152650	26153027	LTR/ERVL-MaLR	1370	+	188	26152838	26306
chr18	26126532	26326532	harbor1	chr18	26167484	26167852	LTR/ERVL-MaLR	1331	+	184	26167668	41136
chr18	49713903	49913903	harbor1	chr18	49731429	49731772	LTR/ERVL-MaLR	678	+	172	49731601	17698
chr18	49713903	49913903	harbor1	chr18	49735481	49735593	LTR/ERVL-MaLR	483	+	56	49735537	21634
chr18	49713903	49913903	harbor1	chr18	49735674	49736020	LTR/ERVL-MaLR	1432	+	173	49735847	21944
chr18	49713903	49913903	harbor1	chr18	49746206	49746295	LTR/ERVL-MaLR	552	+	44	49746250	32347
chr18	49713903	49913903	harbor1	chr18	49746686	49747028	LTR/ERVL-MaLR	2039	+	171	49746857	32954
chr18	26126502	26326502	harbor1	chr18	26127858	26128163	LTR/ERVL-MaLR	2274	+	152	26128010	1508
chr18	26126502	26326502	harbor1	chr18	26128682	26128778	LTR/ERVL-MaLR	2274	+	48	26128730	2228
chr18	26126502	26326502	harbor1	chr18	26138214	26138426	LTR/ERVL-MaLR	435	+	106	26138320	11818
chr18	26126502	26326502	harbor1	chr18	26138992	26139500	LTR/ERVL-MaLR	2203	+	254	26139246	12744
chr18	26126502	26326502	harbor1	chr18	26152650	26153027	LTR/ERVL-MaLR	1370	+	188	26152838	26336
chr18	26126502	26326502	harbor1	chr18	26167484	26167852	LTR/ERVL-MaLR	1331	+	184	26167668	41166
chr18	31997343	32197343	harbor1	chr18	32014525	32014907	LTR/ERVL-MaLR	714	+	191	32014716	17373
chr18	26126451	26326451	harbor1	chr18	26127858	26128163	LTR/ERVL-MaLR	2274	+	152	26128010	1559
chr18	26126451	26326451	harbor1	chr18	26128682	26128778	LTR/ERVL-MaLR	2274	+	48	26128730	2279
chr18	26126451	26326451	harbor1	chr18	26138214	26138426	LTR/ERVL-MaLR	435	+	106	26138320	11869
chr18	26126451	26326451	harbor1	chr18	26138992	26139500	LTR/ERVL-MaLR	2203	+	254	26139246	12795
chr18	26126451	26326451	harbor1	chr18	26152650	26153027	LTR/ERVL-MaLR	1370	+	188	26152838	26387
chr18	26126451	26326451	harbor1	chr18	26167484	26167852	LTR/ERVL-MaLR	1331	+	184	26167668	41217
chr18	26126452	26326452	harbor1	chr18	26127858	26128163	LTR/ERVL-MaLR	2274	+	152	26128010	1558
chr18	26126452	26326452	harbor1	chr18	26128682	26128778	LTR/ERVL-MaLR	2274	+	48	26128730	2278
chr18	26126452	26326452	harbor1	chr18	26138214	26138426	LTR/ERVL-MaLR	435	+	106	26138320	11868
chr18	26126452	26326452	harbor1	chr18	26138992	26139500	LTR/ERVL-MaLR	2203	+	254	26139246	12794
chr18	26126452	26326452	harbor1	chr18	26152650	26153027	LTR/ERVL-MaLR	1370	+	188	26152838	26386
chr18	26126452	26326452	harbor1	chr18	26167484	26167852	LTR/ERVL-MaLR	1331	+	184	26167668	41216
chr18	42426133	42626133	harbor1	chr18	42485603	42485941	LTR/ERVL-MaLR	605	+	169	42485772	59639
chr18	42426133	42626133	harbor1	chr18	42522408	42522845	LTR/ERVL-MaLR	1127	+	218	42522626	96493
chr18	74356692	74556692	harbor1	chr18	74367465	74367582	LTR/ERVL-MaLR	456	+	58	74367523	10831
chr18	74356692	74556692	harbor1	chr18	74399993	74400491	LTR/ERVL-MaLR	1673	+	249	74400242	43550
chr18	74356692	74556692	harbor1	chr18	74406676	74406981	LTR/ERVL-MaLR	481	+	152	74406828	50136
chr18	74356692	74556692	harbor1	chr18	74417268	74417687	LTR/ERVL-MaLR	1399	+	210	74417478	60786
chr18	74356692	74556692	harbor1	chr18	74421301	74421656	LTR/ERVL-MaLR	1540	+	178	74421479	64787
chr18	74356714	74556714	harbor1	chr18	74367465	74367582	LTR/ERVL-MaLR	456	+	58	74367523	10809
chr18	74356714	74556714	harbor1	chr18	74399993	74400491	LTR/ERVL-MaLR	1673	+	249	74400242	43528
chr18	74356714	74556714	harbor1	chr18	74406676	74406981	LTR/ERVL-MaLR	481	+	152	74406828	50114
chr18	74356714	74556714	harbor1	chr18	74417268	74417687	LTR/ERVL-MaLR	1399	+	210	74417478	60764
chr18	74356714	74556714	harbor1	chr18	74421301	74421656	LTR/ERVL-MaLR	1540	+	178	74421479	64765
chr18	23734554	23934554	harbor1	chr18	23749941	23750066	LTR/ERVL-MaLR	637	+	62	23750003	15449
chr18	23734554	23934554	harbor1	chr18	23795828	23796197	LTR/ERVL-MaLR	1785	+	184	23796012	61458
chr18	23734554	23934554	harbor1	chr18	23804643	23805055	LTR/ERVL-MaLR	2490	+	206	23804849	70295
chr18	74356712	74556712	harbor1	chr18	74367465	74367582	LTR/ERVL-MaLR	456	+	58	74367523	10811
chr18	74356712	74556712	harbor1	chr18	74399993	74400491	LTR/ERVL-MaLR	1673	+	249	74400242	43530
chr18	74356712	74556712	harbor1	chr18	74406676	74406981	LTR/ERVL-MaLR	481	+	152	74406828	50116
chr18	74356712	74556712	harbor1	chr18	74417268	74417687	LTR/ERVL-MaLR	1399	+	210	74417478	60766
chr18	74356712	74556712	harbor1	chr18	74421301	74421656	LTR/ERVL-MaLR	1540	+	178	74421479	64767
chr18	25820834	26020834	harbor1	chr18	25830965	25831159	LTR/ERVL-MaLR	412	+	97	25831062	10228
chr18	25820834	26020834	harbor1	chr18	25831406	25831804	LTR/ERVL-MaLR	497	+	199	25831605	10771
chr18	25820834	26020834	harbor1	chr18	25832622	25832778	LTR/ERVL-MaLR	1682	+	78	25832700	11866
chr18	25820834	26020834	harbor1	chr18	25833179	25833409	LTR/ERVL-MaLR	1850	+	115	25833294	12460
chr18	25820834	26020834	harbor1	chr18	25845038	25845238	LTR/ERVL-MaLR	654	+	100	25845138	24304
chr18	25820834	26020834	harbor1	chr18	25850795	25851306	LTR/ERVL-MaLR	1437	+	256	25851051	30217
chr18	25820834	26020834	harbor1	chr18	25867829	25868199	LTR/ERVL-MaLR	934	+	185	25868014	47180
chr18	25820834	26020834	harbor1	chr18	25875566	25875985	LTR/ERVL-MaLR	2566	+	210	25875776	54942
chr18	25820834	26020834	harbor1	chr18	25900826	25901349	LTR/ERVL-MaLR	1477	+	262	25901088	80254
chr18	25820834	26020834	harbor1	chr18	25901513	25901566	LTR/ERVL-MaLR	1477	+	26	25901539	80705
chr18	25820834	26020834	harbor1	chr18	25902108	25902354	LTR/ERVL-MaLR	674	+	123	25902231	81397
chr18	26126453	26326453	harbor1	chr18	26127858	26128163	LTR/ERVL-MaLR	2274	+	152	26128010	1557
chr18	26126453	26326453	harbor1	chr18	26128682	26128778	LTR/ERVL-MaLR	2274	+	48	26128730	2277
chr18	26126453	26326453	harbor1	chr18	26138214	26138426	LTR/ERVL-MaLR	435	+	106	26138320	11867
chr18	26126453	26326453	harbor1	chr18	26138992	26139500	LTR/ERVL-MaLR	2203	+	254	26139246	12793
chr18	26126453	26326453	harbor1	chr18	26152650	26153027	LTR/ERVL-MaLR	1370	+	188	26152838	26385
chr18	26126453	26326453	harbor1	chr18	26167484	26167852	LTR/ERVL-MaLR	1331	+	184	26167668	41215
chr18	79688392	79888392	harbor1	chr18	79730753	79730941	LTR/ERVL-MaLR	443	+	94	79730847	42455
chr18	37465383	37665383	harbor1	chr18	37479732	37480159	LTR/ERVL-MaLR	2134	+	214	37479946	14563
chr18	75105267	75305267	harbor1	chr18	75115133	75115494	LTR/ERVL-MaLR	1964	+	180	75115313	10046
chr18	75105267	75305267	harbor1	chr18	75140977	75141418	LTR/ERVL-MaLR	1743	+	220	75141197	35930
chr18	75105267	75305267	harbor1	chr18	75154566	75155006	LTR/ERVL-MaLR	1379	+	220	75154786	49519
chr18	75105267	75305267	harbor1	chr18	75157394	75157784	LTR/ERVL-MaLR	1400	+	195	75157589	52322
chr18	75105267	75305267	harbor1	chr18	75170051	75170427	LTR/ERVL-MaLR	879	+	188	75170239	64972
chr18	75105267	75305267	harbor1	chr18	75177110	75177487	LTR/ERVL-MaLR	1339	+	188	75177298	72031
chr18	75105267	75305267	harbor1	chr18	75187687	75188056	LTR/ERVL-MaLR	2477	+	184	75187871	82604
chr18	57486434	57686434	harbor1	chr18	57510913	57511176	LTR/ERVL-MaLR	887	+	132	57511045	24611
chr18	57486434	57686434	harbor1	chr18	57522437	57522843	LTR/ERVL-MaLR	1591	+	203	57522640	36206
chr18	57486434	57686434	harbor1	chr18	57529885	57530170	LTR/ERVL-MaLR	709	+	142	57530027	43593
chr18	57486434	57686434	harbor1	chr18	57536695	57536855	LTR/ERVL-MaLR	467	+	80	57536775	50341
chr18	57486434	57686434	harbor1	chr18	57537023	57537217	LTR/ERVL-MaLR	652	+	97	57537120	50686
chr18	57486434	57686434	harbor1	chr18	57537604	57537782	LTR/ERVL-MaLR	987	+	89	57537693	51259
chr18	57486434	57686434	harbor1	chr18	57537907	57538105	LTR/ERVL-MaLR	1316	+	99	57538006	51572
chr18	57486434	57686434	harbor1	chr18	57546595	57546678	LTR/ERVL-MaLR	2701	+	42	57546637	60203
chr18	57486434	57686434	harbor1	chr18	57546978	57547308	LTR/ERVL-MaLR	2701	+	165	57547143	60709
chr18	57486434	57686434	harbor1	chr18	57547309	57547623	LTR/ERVL-MaLR	1781	+	157	57547466	61032
chr18	57486434	57686434	harbor1	chr18	57540435	57540795	LTR/ERVL-MaLR	1535	+	180	57540615	54181
chr18	42910981	43110981	harbor1	chr18	42933406	42933737	LTR/ERVL-MaLR	2105	+	166	42933572	22591
chr18	42910981	43110981	harbor1	chr18	42934047	42934122	LTR/ERVL-MaLR	2105	+	38	42934085	23104
chr18	42910981	43110981	harbor1	chr18	43000540	43000885	LTR/ERVL-MaLR	1921	+	172	43000712	89731
chr18	42910981	43110981	harbor1	chr18	43002715	43003237	LTR/ERVL-MaLR	1634	+	261	43002976	91995
chr18	59165754	59365754	harbor1	chr18	59192103	59192238	LTR/ERVL-MaLR	685	+	68	59192171	26417
chr18	59165754	59365754	harbor1	chr18	59192289	59192658	LTR/ERVL-MaLR	1669	+	184	59192473	26719
chr18	59165754	59365754	harbor1	chr18	59216692	59216958	LTR/ERVL-MaLR	466	+	133	59216825	51071
chr18	59165754	59365754	harbor1	chr18	59217203	59217385	LTR/ERVL-MaLR	466	+	91	59217294	51540
chr18	11589068	11789068	harbor1	chr18	11604125	11604518	LTR/ERVL-MaLR	2186	+	196	11604321	15253
chr18	11589068	11789068	harbor1	chr18	11637292	11637612	LTR/ERVL-MaLR	800	+	160	11637452	48384
chr18	11589068	11789068	harbor1	chr18	11649908	11650420	LTR/ERVL-MaLR	1988	+	256	11650164	61096
chr18	11589068	11789068	harbor1	chr18	11650421	11651666	LTR/ERVL-MaLR	2906	+	622	11651043	61975
chr18	11589068	11789068	harbor1	chr18	11651666	11652059	LTR/ERVL-MaLR	1465	+	196	11651862	62794
chr18	11589068	11789068	harbor1	chr18	11652196	11652332	LTR/ERVL-MaLR	487	+	68	11652264	63196
chr18	11589068	11789068	harbor1	chr18	11683714	11684140	LTR/ERVL-MaLR	1249	+	213	11683927	94859
chr18	46488673	46688673	harbor1	chr18	46508246	46508640	LTR/ERVL-MaLR	913	+	197	46508443	19770
chr18	46488673	46688673	harbor1	chr18	46513305	46513811	LTR/ERVL-MaLR	1764	+	253	46513558	24885
chr18	46488673	46688673	harbor1	chr18	46521412	46521882	LTR/ERVL-MaLR	2231	+	235	46521647	32974
chr18	46488673	46688673	harbor1	chr18	46523280	46523567	LTR/ERVL-MaLR	805	+	144	46523424	34751
chr18	46488673	46688673	harbor1	chr18	46550641	46550832	LTR/ERVL-MaLR	653	+	96	46550737	62064
chr18	46488673	46688673	harbor1	chr18	46563548	46563647	LTR/ERVL-MaLR	573	+	50	46563598	74925
chr18	46488673	46688673	harbor1	chr18	46563646	46563840	LTR/ERVL-MaLR	922	+	97	46563743	75070
chr18	46488673	46688673	harbor1	chr18	46575354	46575797	LTR/ERVL-MaLR	1766	+	222	46575576	86903
chr18	25890292	26090292	harbor1	chr18	25900826	25901349	LTR/ERVL-MaLR	1477	+	262	25901088	10796
chr18	25890292	26090292	harbor1	chr18	25901513	25901566	LTR/ERVL-MaLR	1477	+	26	25901539	11247
chr18	25890292	26090292	harbor1	chr18	25902108	25902354	LTR/ERVL-MaLR	674	+	123	25902231	11939
chr18	25890292	26090292	harbor1	chr18	25935315	25935816	LTR/ERVL-MaLR	517	+	250	25935565	45273
chr18	25890292	26090292	harbor1	chr18	25960272	25960471	LTR/ERVL-MaLR	652	+	100	25960372	70080
chr18	25890292	26090292	harbor1	chr18	25969872	25970237	LTR/ERVL-MaLR	2011	+	182	25970054	79762
chr18	65651295	65851295	harbor1	chr18	65676110	65676429	LTR/ERVL-MaLR	715	+	160	65676270	24975
chr18	65651295	65851295	harbor1	chr18	65720745	65721106	LTR/ERVL-MaLR	1371	+	180	65720925	69630
chr18	75181752	75381752	harbor1	chr18	75187687	75188056	LTR/ERVL-MaLR	2477	+	184	75187871	6119
chr18	74356740	74556740	harbor1	chr18	74367465	74367582	LTR/ERVL-MaLR	456	+	58	74367523	10783
chr18	74356740	74556740	harbor1	chr18	74399993	74400491	LTR/ERVL-MaLR	1673	+	249	74400242	43502
chr18	74356740	74556740	harbor1	chr18	74406676	74406981	LTR/ERVL-MaLR	481	+	152	74406828	50088
chr18	74356740	74556740	harbor1	chr18	74417268	74417687	LTR/ERVL-MaLR	1399	+	210	74417478	60738
chr18	74356740	74556740	harbor1	chr18	74421301	74421656	LTR/ERVL-MaLR	1540	+	178	74421479	64739
chr18	59165766	59365766	harbor1	chr18	59192103	59192238	LTR/ERVL-MaLR	685	+	68	59192171	26405
chr18	59165766	59365766	harbor1	chr18	59192289	59192658	LTR/ERVL-MaLR	1669	+	184	59192473	26707
chr18	59165766	59365766	harbor1	chr18	59216692	59216958	LTR/ERVL-MaLR	466	+	133	59216825	51059
chr18	59165766	59365766	harbor1	chr18	59217203	59217385	LTR/ERVL-MaLR	466	+	91	59217294	51528
chr18	59165800	59365800	harbor1	chr18	59192103	59192238	LTR/ERVL-MaLR	685	+	68	59192171	26371
chr18	59165800	59365800	harbor1	chr18	59192289	59192658	LTR/ERVL-MaLR	1669	+	184	59192473	26673
chr18	59165800	59365800	harbor1	chr18	59216692	59216958	LTR/ERVL-MaLR	466	+	133	59216825	51025
chr18	59165800	59365800	harbor1	chr18	59217203	59217385	LTR/ERVL-MaLR	466	+	91	59217294	51494
chr18	65651274	65851274	harbor1	chr18	65676110	65676429	LTR/ERVL-MaLR	715	+	160	65676270	24996
chr18	65651274	65851274	harbor1	chr18	65720745	65721106	LTR/ERVL-MaLR	1371	+	180	65720925	69651
chr18	12154584	12354584	harbor1	chr18	12155896	12156043	LTR/ERVL-MaLR	1650	+	74	12155970	1386
chr18	12154584	12354584	harbor1	chr18	12156076	12156316	LTR/ERVL-MaLR	1650	+	120	12156196	1612
chr19	5518771	5718771	harbor1	chr19	5585185	5585442	LTR/ERVL-MaLR	789	+	128	5585313	66542
chr19	49461215	49661215	harbor1	chr19	49508227	49508586	LTR/ERVL-MaLR	1448	+	180	49508407	47192
chr19	9669009	9869009	harbor1	chr19	9688995	9689552	LTR/ERVL-MaLR	1725	+	278	9689273	20264
chr19	9669009	9869009	harbor1	chr19	9722453	9723056	LTR/ERVL-MaLR	1644	+	302	9722755	53746
chr19	49751331	49951331	harbor1	chr19	49752406	49752605	LTR/ERVL-MaLR	867	+	100	49752506	1175
chr19	49751331	49951331	harbor1	chr19	49756657	49756777	LTR/ERVL-MaLR	1088	+	60	49756717	5386
chr19	49751331	49951331	harbor1	chr19	49757079	49757413	LTR/ERVL-MaLR	1088	+	167	49757246	5915
chr19	56021024	56221024	harbor1	chr19	56078307	56078480	LTR/ERVL-MaLR	770	+	86	56078393	57369
chr19	5510367	5710367	harbor1	chr19	5513852	5514075	LTR/ERVL-MaLR	1249	+	112	5513964	3597
chr19	5510367	5710367	harbor1	chr19	5585185	5585442	LTR/ERVL-MaLR	789	+	128	5585313	74946
chr19	5027258	5227258	harbor1	chr19	5098581	5098936	LTR/ERVL-MaLR	1855	+	178	5098759	71501
chr19	5027258	5227258	harbor1	chr19	5099693	5099891	LTR/ERVL-MaLR	1147	+	99	5099792	72534
chr19	5034078	5234078	harbor1	chr19	5098581	5098936	LTR/ERVL-MaLR	1855	+	178	5098759	64681
chr19	5034078	5234078	harbor1	chr19	5099693	5099891	LTR/ERVL-MaLR	1147	+	99	5099792	65714
chr19	5521813	5721813	harbor1	chr19	5585185	5585442	LTR/ERVL-MaLR	789	+	128	5585313	63500
chr19	1505428	1705428	harbor1	chr19	1597356	1597872	LTR/ERVL-MaLR	1480	+	258	1597614	92186
chr19	1505428	1705428	harbor1	chr19	1600132	1600206	LTR/ERVL-MaLR	1123	+	37	1600169	94741
chr19	1505428	1705428	harbor1	chr19	1600513	1600592	LTR/ERVL-MaLR	1123	+	40	1600553	95125
chr19	1505428	1705428	harbor1	chr19	1601185	1601320	LTR/ERVL-MaLR	1123	+	68	1601253	95825
chr19	1505428	1705428	harbor1	chr19	1601629	1601832	LTR/ERVL-MaLR	1123	+	102	1601731	96303
chr19	5521834	5721834	harbor1	chr19	5585185	5585442	LTR/ERVL-MaLR	789	+	128	5585313	63479
chr19	3283783	3483783	harbor1	chr19	3357189	3357476	LTR/ERVL-MaLR	1210	+	144	3357333	73550
chr19	49751333	49951333	harbor1	chr19	49752406	49752605	LTR/ERVL-MaLR	867	+	100	49752506	1173
chr19	49751333	49951333	harbor1	chr19	49756657	49756777	LTR/ERVL-MaLR	1088	+	60	49756717	5384
chr19	49751333	49951333	harbor1	chr19	49757079	49757413	LTR/ERVL-MaLR	1088	+	167	49757246	5913
chr19	5522118	5722118	harbor1	chr19	5585185	5585442	LTR/ERVL-MaLR	789	+	128	5585313	63195
chr19	10073322	10273322	harbor1	chr19	10083197	10083550	LTR/ERVL-MaLR	1198	+	176	10083373	10051
chr19	35101286	35301286	harbor1	chr19	35175817	35176235	LTR/ERVL-MaLR	2418	+	209	35176026	74740
chr19	35101286	35301286	harbor1	chr19	35199378	35199960	LTR/ERVL-MaLR	1497	+	291	35199669	98383
chr19	5489614	5689614	harbor1	chr19	5501454	5501694	LTR/ERVL-MaLR	944	+	120	5501574	11960
chr19	5489614	5689614	harbor1	chr19	5502203	5502439	LTR/ERVL-MaLR	1202	+	118	5502321	12707
chr19	5489614	5689614	harbor1	chr19	5513852	5514075	LTR/ERVL-MaLR	1249	+	112	5513964	24350
chr19	5489614	5689614	harbor1	chr19	5585185	5585442	LTR/ERVL-MaLR	789	+	128	5585313	95699
chr19	5489614	5689614	harbor1	chr19	5504873	5505178	LTR/ERVL-MaLR	1099	+	152	5505025	15411
chr19	5522533	5722533	harbor1	chr19	5585185	5585442	LTR/ERVL-MaLR	789	+	128	5585313	62780
chr19	7856194	8056194	harbor1	chr19	7950827	7950912	LTR/ERVL-MaLR	685	+	42	7950869	94675
chr19	7856194	8056194	harbor1	chr19	7951224	7951237	LTR/ERVL-MaLR	685	+	6	7951230	95036
chr19	7856194	8056194	harbor1	chr19	7951515	7951751	LTR/ERVL-MaLR	1294	+	118	7951633	95439
chr19	2710214	2910214	harbor1	chr19	2712103	2712455	LTR/ERVL-MaLR	1621	+	176	2712279	2065
chr19	2710214	2910214	harbor1	chr19	2715362	2715715	LTR/ERVL-MaLR	1174	+	176	2715538	5324
chr19	2710214	2910214	harbor1	chr19	2736180	2736725	LTR/ERVL-MaLR	1371	+	272	2736452	26238
chr19	2710214	2910214	harbor1	chr19	2741026	2741374	LTR/ERVL-MaLR	979	+	174	2741200	30986
chr19	2710214	2910214	harbor1	chr19	2741687	2741792	LTR/ERVL-MaLR	979	+	52	2741739	31525
chr19	2710214	2910214	harbor1	chr19	2742069	2742121	LTR/ERVL-MaLR	979	+	26	2742095	31881
chr19	2710214	2910214	harbor1	chr19	2772534	2772791	LTR/ERVL-MaLR	1086	+	128	2772662	62448
chr19	1505425	1705425	harbor1	chr19	1597356	1597872	LTR/ERVL-MaLR	1480	+	258	1597614	92189
chr19	1505425	1705425	harbor1	chr19	1600132	1600206	LTR/ERVL-MaLR	1123	+	37	1600169	94744
chr19	1505425	1705425	harbor1	chr19	1600513	1600592	LTR/ERVL-MaLR	1123	+	40	1600553	95128
chr19	1505425	1705425	harbor1	chr19	1601185	1601320	LTR/ERVL-MaLR	1123	+	68	1601253	95828
chr19	1505425	1705425	harbor1	chr19	1601629	1601832	LTR/ERVL-MaLR	1123	+	102	1601731	96306
chr19	49751330	49951330	harbor1	chr19	49752406	49752605	LTR/ERVL-MaLR	867	+	100	49752506	1176
chr19	49751330	49951330	harbor1	chr19	49756657	49756777	LTR/ERVL-MaLR	1088	+	60	49756717	5387
chr19	49751330	49951330	harbor1	chr19	49757079	49757413	LTR/ERVL-MaLR	1088	+	167	49757246	5916
chr19	54982219	55182219	harbor1	chr19	55023326	55023733	LTR/ERVL-MaLR	1913	+	204	55023530	41311
chr19	54982219	55182219	harbor1	chr19	55048843	55049224	LTR/ERVL-MaLR	751	+	190	55049033	66814
chr19	49751332	49951332	harbor1	chr19	49752406	49752605	LTR/ERVL-MaLR	867	+	100	49752506	1174
chr19	49751332	49951332	harbor1	chr19	49756657	49756777	LTR/ERVL-MaLR	1088	+	60	49756717	5385
chr19	49751332	49951332	harbor1	chr19	49757079	49757413	LTR/ERVL-MaLR	1088	+	167	49757246	5914
chr19	19563965	19763965	harbor1	chr19	19579357	19579405	LTR/ERVL-MaLR	1634	+	24	19579381	15416
chr19	19563965	19763965	harbor1	chr19	19601454	19601865	LTR/ERVL-MaLR	1386	+	206	19601660	37695
chr19	19563965	19763965	harbor1	chr19	19606089	19606607	LTR/ERVL-MaLR	1612	+	259	19606348	42383
chr19	19563965	19763965	harbor1	chr19	19578730	19579068	LTR/ERVL-MaLR	1634	+	169	19578899	14934
chr19	35166986	35366986	harbor1	chr19	35175817	35176235	LTR/ERVL-MaLR	2418	+	209	35176026	9040
chr19	35166986	35366986	harbor1	chr19	35199378	35199960	LTR/ERVL-MaLR	1497	+	291	35199669	32683
chr19	35166986	35366986	harbor1	chr19	35201945	35202289	LTR/ERVL-MaLR	2752	+	172	35202117	35131
chr19	35166986	35366986	harbor1	chr19	35202588	35202630	LTR/ERVL-MaLR	2752	+	21	35202609	35623
chr19	35166986	35366986	harbor1	chr19	35206135	35206550	LTR/ERVL-MaLR	1326	+	208	35206343	39357
chr19	35166986	35366986	harbor1	chr19	35215659	35215954	LTR/ERVL-MaLR	935	+	148	35215807	48821
chr19	35166986	35366986	harbor1	chr19	35216422	35216891	LTR/ERVL-MaLR	1621	+	234	35216656	49670
chr19	35166986	35366986	harbor1	chr19	35216987	35217370	LTR/ERVL-MaLR	1120	+	192	35217179	50193
chr19	35166986	35366986	harbor1	chr19	35220312	35220608	LTR/ERVL-MaLR	709	+	148	35220460	53474
chr19	35166986	35366986	harbor1	chr19	35226812	35227209	LTR/ERVL-MaLR	1358	+	198	35227010	60024
chr19	35166986	35366986	harbor1	chr19	35237236	35237415	LTR/ERVL-MaLR	2428	+	90	35237326	70340
chr19	35166986	35366986	harbor1	chr19	35237729	35237941	LTR/ERVL-MaLR	2428	+	106	35237835	70849
chr19	35166986	35366986	harbor1	chr19	35238038	35238420	LTR/ERVL-MaLR	2320	+	191	35238229	71243
chr19	2710232	2910232	harbor1	chr19	2712103	2712455	LTR/ERVL-MaLR	1621	+	176	2712279	2047
chr19	2710232	2910232	harbor1	chr19	2715362	2715715	LTR/ERVL-MaLR	1174	+	176	2715538	5306
chr19	2710232	2910232	harbor1	chr19	2736180	2736725	LTR/ERVL-MaLR	1371	+	272	2736452	26220
chr19	2710232	2910232	harbor1	chr19	2741026	2741374	LTR/ERVL-MaLR	979	+	174	2741200	30968
chr19	2710232	2910232	harbor1	chr19	2741687	2741792	LTR/ERVL-MaLR	979	+	52	2741739	31507
chr19	2710232	2910232	harbor1	chr19	2742069	2742121	LTR/ERVL-MaLR	979	+	26	2742095	31863
chr19	2710232	2910232	harbor1	chr19	2772534	2772791	LTR/ERVL-MaLR	1086	+	128	2772662	62430
chr19	5522565	5722565	harbor1	chr19	5585185	5585442	LTR/ERVL-MaLR	789	+	128	5585313	62748
chr19	7530548	7730548	harbor1	chr19	7621885	7622262	LTR/ERVL-MaLR	1941	+	188	7622073	91525
chr19	32305852	32505852	harbor1	chr19	32338666	32339047	LTR/ERVL-MaLR	2073	+	190	32338856	33004
chr19	56018924	56218924	harbor1	chr19	56078307	56078480	LTR/ERVL-MaLR	770	+	86	56078393	59469
chr19	1505461	1705461	harbor1	chr19	1597356	1597872	LTR/ERVL-MaLR	1480	+	258	1597614	92153
chr19	1505461	1705461	harbor1	chr19	1600132	1600206	LTR/ERVL-MaLR	1123	+	37	1600169	94708
chr19	1505461	1705461	harbor1	chr19	1600513	1600592	LTR/ERVL-MaLR	1123	+	40	1600553	95092
chr19	1505461	1705461	harbor1	chr19	1601185	1601320	LTR/ERVL-MaLR	1123	+	68	1601253	95792
chr19	1505461	1705461	harbor1	chr19	1601629	1601832	LTR/ERVL-MaLR	1123	+	102	1601731	96270
chr19	19563648	19763648	harbor1	chr19	19579357	19579405	LTR/ERVL-MaLR	1634	+	24	19579381	15733
chr19	19563648	19763648	harbor1	chr19	19601454	19601865	LTR/ERVL-MaLR	1386	+	206	19601660	38012
chr19	19563648	19763648	harbor1	chr19	19606089	19606607	LTR/ERVL-MaLR	1612	+	259	19606348	42700
chr19	19563648	19763648	harbor1	chr19	19578730	19579068	LTR/ERVL-MaLR	1634	+	169	19578899	15251
chr19	41922838	42122838	harbor1	chr19	42000636	42000895	LTR/ERVL-MaLR	944	+	130	42000766	77928
chr19	41922838	42122838	harbor1	chr19	42001613	42001838	LTR/ERVL-MaLR	820	+	112	42001725	78887
chr19	41922838	42122838	harbor1	chr19	42019481	42019961	LTR/ERVL-MaLR	2540	+	240	42019721	96883
chr19	49751427	49951427	harbor1	chr19	49752406	49752605	LTR/ERVL-MaLR	867	+	100	49752506	1079
chr19	49751427	49951427	harbor1	chr19	49756657	49756777	LTR/ERVL-MaLR	1088	+	60	49756717	5290
chr19	49751427	49951427	harbor1	chr19	49757079	49757413	LTR/ERVL-MaLR	1088	+	167	49757246	5819
chr19	13726269	13926269	harbor1	chr19	13740920	13741061	LTR/ERVL-MaLR	652	+	70	13740990	14721
chr19	664344	864344	harbor1	chr19	697414	697571	LTR/ERVL-MaLR	668	+	78	697492	33148
chr19	49750827	49950827	harbor1	chr19	49752406	49752605	LTR/ERVL-MaLR	867	+	100	49752506	1679
chr19	49750827	49950827	harbor1	chr19	49756657	49756777	LTR/ERVL-MaLR	1088	+	60	49756717	5890
chr19	49750827	49950827	harbor1	chr19	49757079	49757413	LTR/ERVL-MaLR	1088	+	167	49757246	6419
chr19	5522544	5722544	harbor1	chr19	5585185	5585442	LTR/ERVL-MaLR	789	+	128	5585313	62769
chr19	9484484	9684484	harbor1	chr19	9487953	9488376	LTR/ERVL-MaLR	1550	+	212	9488165	3681
chr19	9484484	9684484	harbor1	chr19	9488751	9489093	LTR/ERVL-MaLR	2108	+	171	9488922	4438
chr19	9484484	9684484	harbor1	chr19	9550925	9551276	LTR/ERVL-MaLR	1796	+	176	9551101	66617
chr19	19952525	20152525	harbor1	chr19	19975539	19975825	LTR/ERVL-MaLR	1456	+	143	19975682	23157
chr19	19952525	20152525	harbor1	chr19	19976165	19976302	LTR/ERVL-MaLR	1456	+	68	19976233	23708
chr19	19952525	20152525	harbor1	chr19	19998934	19999250	LTR/ERVL-MaLR	1095	+	158	19999092	46567
chr19	317396	517396	harbor1	chr19	330598	330858	LTR/ERVL-MaLR	791	+	130	330728	13332
chr19	317396	517396	harbor1	chr19	358825	359184	LTR/ERVL-MaLR	1274	+	180	359005	41609
chr19	317396	517396	harbor1	chr19	359491	359541	LTR/ERVL-MaLR	1274	+	25	359516	42120
chr19	317396	517396	harbor1	chr19	391593	392017	LTR/ERVL-MaLR	1186	+	212	391805	74409
chr19	8046259	8246259	harbor1	chr19	8075899	8076234	LTR/ERVL-MaLR	1651	+	168	8076067	29808
chr19	8046259	8246259	harbor1	chr19	8101904	8102204	LTR/ERVL-MaLR	2518	+	150	8102054	55795
chr19	8046259	8246259	harbor1	chr19	8102518	8102587	LTR/ERVL-MaLR	2518	+	34	8102552	56293
chr19	8046259	8246259	harbor1	chr19	8112970	8113144	LTR/ERVL-MaLR	714	+	87	8113057	66798
chr19	8046259	8246259	harbor1	chr19	8113530	8113552	LTR/ERVL-MaLR	714	+	11	8113541	67282
chr19	8046259	8246259	harbor1	chr19	8114018	8114242	LTR/ERVL-MaLR	714	+	112	8114130	67871
chr19	8046259	8246259	harbor1	chr19	8130869	8131159	LTR/ERVL-MaLR	1436	+	145	8131014	84755
chr19	4570431	4770431	harbor1	chr19	4652842	4653023	LTR/ERVL-MaLR	777	+	90	4652932	82501
chr19	9986276	10186276	harbor1	chr19	10083197	10083550	LTR/ERVL-MaLR	1198	+	176	10083373	97097
chr19	12451258	12651258	harbor1	chr19	12543761	12544136	LTR/ERVL-MaLR	1508	+	188	12543949	92691
chr19	5522573	5722573	harbor1	chr19	5585185	5585442	LTR/ERVL-MaLR	789	+	128	5585313	62740
chr19	36005131	36205131	harbor1	chr19	36005168	36005311	LTR/ERVL-MaLR	891	+	72	36005240	109
chr19	36005131	36205131	harbor1	chr19	36045569	36045969	LTR/ERVL-MaLR	1613	+	200	36045769	40638
chr19	36005131	36205131	harbor1	chr19	36046035	36046395	LTR/ERVL-MaLR	2192	+	180	36046215	41084
chr19	36005131	36205131	harbor1	chr19	36047201	36047540	LTR/ERVL-MaLR	787	+	170	36047371	42240
chr19	36005131	36205131	harbor1	chr19	36047851	36047946	LTR/ERVL-MaLR	787	+	48	36047899	42768
chr19	36005131	36205131	harbor1	chr19	36047958	36048257	LTR/ERVL-MaLR	918	+	150	36048108	42977
chr19	36005131	36205131	harbor1	chr19	36048871	36048941	LTR/ERVL-MaLR	918	+	35	36048906	43775
chr19	10525987	10725987	harbor1	chr19	10532363	10532718	LTR/ERVL-MaLR	711	+	178	10532541	6554
chr19	10525987	10725987	harbor1	chr19	10613676	10613953	LTR/ERVL-MaLR	1537	+	138	10613814	87827
chr19	10525987	10725987	harbor1	chr19	10614267	10614335	LTR/ERVL-MaLR	1537	+	34	10614301	88314
chr19	5521749	5721749	harbor1	chr19	5585185	5585442	LTR/ERVL-MaLR	789	+	128	5585313	63564
chr19	1505441	1705441	harbor1	chr19	1597356	1597872	LTR/ERVL-MaLR	1480	+	258	1597614	92173
chr19	1505441	1705441	harbor1	chr19	1600132	1600206	LTR/ERVL-MaLR	1123	+	37	1600169	94728
chr19	1505441	1705441	harbor1	chr19	1600513	1600592	LTR/ERVL-MaLR	1123	+	40	1600553	95112
chr19	1505441	1705441	harbor1	chr19	1601185	1601320	LTR/ERVL-MaLR	1123	+	68	1601253	95812
chr19	1505441	1705441	harbor1	chr19	1601629	1601832	LTR/ERVL-MaLR	1123	+	102	1601731	96290
chr19	55254096	55454096	harbor1	chr19	55274656	55275042	LTR/ERVL-MaLR	2222	+	193	55274849	20753
chr19	55254096	55454096	harbor1	chr19	55334658	55334817	LTR/ERVL-MaLR	877	+	80	55334738	80642
chr19	190676	390676	harbor1	chr19	234292	234719	LTR/ERVL-MaLR	1356	+	214	234506	43830
chr19	190676	390676	harbor1	chr19	254130	254605	LTR/ERVL-MaLR	1635	+	238	254368	63692
chr19	190676	390676	harbor1	chr19	258475	258578	LTR/ERVL-MaLR	735	+	52	258527	67851
chr19	190676	390676	harbor1	chr19	258612	258893	LTR/ERVL-MaLR	735	+	140	258752	68076
chr19	190676	390676	harbor1	chr19	263298	263482	LTR/ERVL-MaLR	692	+	92	263390	72714
chr19	14106923	14306923	harbor1	chr19	14170923	14171315	LTR/ERVL-MaLR	2663	+	196	14171119	64196
chr19	14106923	14306923	harbor1	chr19	14178047	14178222	LTR/ERVL-MaLR	1928	+	88	14178135	71212
chr19	14106923	14306923	harbor1	chr19	14178517	14178528	LTR/ERVL-MaLR	1928	+	6	14178523	71600
chr19	14106923	14306923	harbor1	chr19	14178811	14178901	LTR/ERVL-MaLR	1928	+	45	14178856	71933
chr19	14106923	14306923	harbor1	chr19	14179511	14179624	LTR/ERVL-MaLR	1928	+	56	14179567	72644
chr19	14106923	14306923	harbor1	chr19	14179901	14179952	LTR/ERVL-MaLR	1928	+	26	14179927	73004
chr19	14106923	14306923	harbor1	chr19	14193601	14193967	LTR/ERVL-MaLR	1603	+	183	14193784	86861
chr19	14106923	14306923	harbor1	chr19	14194239	14194302	LTR/ERVL-MaLR	1603	+	32	14194271	87348
chr19	5499898	5699898	harbor1	chr19	5501454	5501694	LTR/ERVL-MaLR	944	+	120	5501574	1676
chr19	5499898	5699898	harbor1	chr19	5502203	5502439	LTR/ERVL-MaLR	1202	+	118	5502321	2423
chr19	5499898	5699898	harbor1	chr19	5513852	5514075	LTR/ERVL-MaLR	1249	+	112	5513964	14066
chr19	5499898	5699898	harbor1	chr19	5585185	5585442	LTR/ERVL-MaLR	789	+	128	5585313	85415
chr19	5499898	5699898	harbor1	chr19	5504873	5505178	LTR/ERVL-MaLR	1099	+	152	5505025	5127
chr19	31989361	32189361	harbor1	chr19	32016168	32016515	LTR/ERVL-MaLR	2295	+	174	32016342	26981
chr19	31989361	32189361	harbor1	chr19	32054045	32054585	LTR/ERVL-MaLR	1743	+	270	32054315	64954
chr19	31989361	32189361	harbor1	chr19	32061636	32062016	LTR/ERVL-MaLR	2801	+	190	32061826	72465
chr19	49751463	49951463	harbor1	chr19	49752406	49752605	LTR/ERVL-MaLR	867	+	100	49752506	1043
chr19	49751463	49951463	harbor1	chr19	49756657	49756777	LTR/ERVL-MaLR	1088	+	60	49756717	5254
chr19	49751463	49951463	harbor1	chr19	49757079	49757413	LTR/ERVL-MaLR	1088	+	167	49757246	5783
chr19	10171312	10371312	harbor1	chr19	10188545	10189074	LTR/ERVL-MaLR	1788	+	264	10188809	17497
chr19	10171312	10371312	harbor1	chr19	10207088	10207548	LTR/ERVL-MaLR	1487	+	230	10207318	36006
chr19	1505448	1705448	harbor1	chr19	1597356	1597872	LTR/ERVL-MaLR	1480	+	258	1597614	92166
chr19	1505448	1705448	harbor1	chr19	1600132	1600206	LTR/ERVL-MaLR	1123	+	37	1600169	94721
chr19	1505448	1705448	harbor1	chr19	1600513	1600592	LTR/ERVL-MaLR	1123	+	40	1600553	95105
chr19	1505448	1705448	harbor1	chr19	1601185	1601320	LTR/ERVL-MaLR	1123	+	68	1601253	95805
chr19	1505448	1705448	harbor1	chr19	1601629	1601832	LTR/ERVL-MaLR	1123	+	102	1601731	96283
chr19	58377455	58577455	harbor1	chr19	58378659	58379068	LTR/ERVL-MaLR	1296	+	204	58378863	1408
chr19	58377455	58577455	harbor1	chr19	58429888	58430426	LTR/ERVL-MaLR	2297	+	269	58430157	52702
chr19	58377455	58577455	harbor1	chr19	58447732	58448091	LTR/ERVL-MaLR	2225	+	180	58447912	70457
chr19	58377455	58577455	harbor1	chr19	58448092	58448444	LTR/ERVL-MaLR	11447	+	176	58448268	70813
chr19	58377455	58577455	harbor1	chr19	58448751	58449956	LTR/ERVL-MaLR	11447	+	602	58449353	71898
chr19	58377455	58577455	harbor1	chr19	58449957	58450319	LTR/ERVL-MaLR	2232	+	181	58450138	72683
chr19	58377455	58577455	harbor1	chr19	58459523	58459919	LTR/ERVL-MaLR	2407	+	198	58459721	82266
chr19	7816749	8016749	harbor1	chr19	7819202	7819827	LTR/ERVL-MaLR	2302	+	312	7819514	2765
chr19	2356892	2556892	harbor1	chr19	2380636	2380819	LTR/ERVL-MaLR	922	+	92	2380728	23836
chr19	2356892	2556892	harbor1	chr19	2388446	2388624	LTR/ERVL-MaLR	649	+	89	2388535	31643
chr19	2356892	2556892	harbor1	chr19	2388924	2388985	LTR/ERVL-MaLR	649	+	30	2388954	32062
chr19	16789062	16989062	harbor1	chr19	16800800	16800852	LTR/ERVL-MaLR	1785	+	26	16800826	11764
chr19	16789062	16989062	harbor1	chr19	16801743	16801902	LTR/ERVL-MaLR	1785	+	80	16801823	12761
chr19	16789062	16989062	harbor1	chr19	16802486	16802676	LTR/ERVL-MaLR	1785	+	95	16802581	13519
chr19	16789062	16989062	harbor1	chr19	16826830	16826881	LTR/ERVL-MaLR	730	+	26	16826856	37794
chr19	16789062	16989062	harbor1	chr19	16840122	16840522	LTR/ERVL-MaLR	1528	+	200	16840322	51260
chr19	16789062	16989062	harbor1	chr19	16881300	16881603	LTR/ERVL-MaLR	790	+	152	16881452	92390
chr19	16789062	16989062	harbor1	chr19	16826248	16826527	LTR/ERVL-MaLR	730	+	140	16826388	37326
chr19	2356895	2556895	harbor1	chr19	2380636	2380819	LTR/ERVL-MaLR	922	+	92	2380728	23833
chr19	2356895	2556895	harbor1	chr19	2388446	2388624	LTR/ERVL-MaLR	649	+	89	2388535	31640
chr19	2356895	2556895	harbor1	chr19	2388924	2388985	LTR/ERVL-MaLR	649	+	30	2388954	32059
chr19	18674377	18874377	harbor1	chr19	18722324	18722608	LTR/ERVL-MaLR	782	+	142	18722466	48089
chr19	18674377	18874377	harbor1	chr19	18726484	18726645	LTR/ERVL-MaLR	925	+	80	18726564	52187
chr19	18674377	18874377	harbor1	chr19	18727267	18727299	LTR/ERVL-MaLR	925	+	16	18727283	52906
chr19	18674377	18874377	harbor1	chr19	18727608	18727717	LTR/ERVL-MaLR	925	+	54	18727662	53285
chr19	18674377	18874377	harbor1	chr19	18728026	18728128	LTR/ERVL-MaLR	925	+	51	18728077	53700
chr19	18674377	18874377	harbor1	chr19	18732156	18732549	LTR/ERVL-MaLR	1049	+	196	18732352	57975
chr19	5516401	5716401	harbor1	chr19	5585185	5585442	LTR/ERVL-MaLR	789	+	128	5585313	68912
chr19	41650423	41850423	harbor1	chr19	41673011	41673228	LTR/ERVL-MaLR	1043	+	108	41673119	22696
chr19	41650423	41850423	harbor1	chr19	41706122	41706519	LTR/ERVL-MaLR	2368	+	198	41706320	55897
chr19	30129079	30329079	harbor1	chr19	30157354	30157505	LTR/ERVL-MaLR	1996	+	76	30157430	28351
chr19	30129079	30329079	harbor1	chr19	30157798	30158057	LTR/ERVL-MaLR	1996	+	130	30157928	28849
chr19	30129079	30329079	harbor1	chr19	30164260	30164674	LTR/ERVL-MaLR	2391	+	207	30164467	35388
chr19	30129079	30329079	harbor1	chr19	30170388	30170737	LTR/ERVL-MaLR	1310	+	174	30170562	41483
chr19	30129079	30329079	harbor1	chr19	30178050	30178526	LTR/ERVL-MaLR	1067	+	238	30178288	49209
chr19	30129079	30329079	harbor1	chr19	30200738	30200876	LTR/ERVL-MaLR	856	+	69	30200807	71728
chr19	30129079	30329079	harbor1	chr19	30201150	30201498	LTR/ERVL-MaLR	856	+	174	30201324	72245
chr19	30129079	30329079	harbor1	chr19	30201800	30201959	LTR/ERVL-MaLR	856	+	80	30201880	72801
chr19	30129079	30329079	harbor1	chr19	30202057	30202318	LTR/ERVL-MaLR	749	+	130	30202187	73108
chr19	48639075	48839075	harbor1	chr19	48651210	48651531	LTR/ERVL-MaLR	1009	+	160	48651370	12295
chr19	48639075	48839075	harbor1	chr19	48656879	48657256	LTR/ERVL-MaLR	1252	+	188	48657067	17992
chr19	48639075	48839075	harbor1	chr19	48711032	48711551	LTR/ERVL-MaLR	843	+	260	48711292	72217
chr19	49750826	49950826	harbor1	chr19	49752406	49752605	LTR/ERVL-MaLR	867	+	100	49752506	1680
chr19	49750826	49950826	harbor1	chr19	49756657	49756777	LTR/ERVL-MaLR	1088	+	60	49756717	5891
chr19	49750826	49950826	harbor1	chr19	49757079	49757413	LTR/ERVL-MaLR	1088	+	167	49757246	6420
chr19	32305891	32505891	harbor1	chr19	32338666	32339047	LTR/ERVL-MaLR	2073	+	190	32338856	32965
chr19	2170342	2370342	harbor1	chr19	2234326	2234429	LTR/ERVL-MaLR	894	+	52	2234378	64036
chr19	2170342	2370342	harbor1	chr19	2235026	2235319	LTR/ERVL-MaLR	894	+	146	2235172	64830
chr19	2356896	2556896	harbor1	chr19	2380636	2380819	LTR/ERVL-MaLR	922	+	92	2380728	23832
chr19	2356896	2556896	harbor1	chr19	2388446	2388624	LTR/ERVL-MaLR	649	+	89	2388535	31639
chr19	2356896	2556896	harbor1	chr19	2388924	2388985	LTR/ERVL-MaLR	649	+	30	2388954	32058
chr19	32305909	32505909	harbor1	chr19	32338666	32339047	LTR/ERVL-MaLR	2073	+	190	32338856	32947
chr19	317267	517267	harbor1	chr19	330598	330858	LTR/ERVL-MaLR	791	+	130	330728	13461
chr19	317267	517267	harbor1	chr19	358825	359184	LTR/ERVL-MaLR	1274	+	180	359005	41738
chr19	317267	517267	harbor1	chr19	359491	359541	LTR/ERVL-MaLR	1274	+	25	359516	42249
chr19	317267	517267	harbor1	chr19	391593	392017	LTR/ERVL-MaLR	1186	+	212	391805	74538
chr19	1505429	1705429	harbor1	chr19	1597356	1597872	LTR/ERVL-MaLR	1480	+	258	1597614	92185
chr19	1505429	1705429	harbor1	chr19	1600132	1600206	LTR/ERVL-MaLR	1123	+	37	1600169	94740
chr19	1505429	1705429	harbor1	chr19	1600513	1600592	LTR/ERVL-MaLR	1123	+	40	1600553	95124
chr19	1505429	1705429	harbor1	chr19	1601185	1601320	LTR/ERVL-MaLR	1123	+	68	1601253	95824
chr19	1505429	1705429	harbor1	chr19	1601629	1601832	LTR/ERVL-MaLR	1123	+	102	1601731	96302
chr19	35167341	35367341	harbor1	chr19	35175817	35176235	LTR/ERVL-MaLR	2418	+	209	35176026	8685
chr19	35167341	35367341	harbor1	chr19	35199378	35199960	LTR/ERVL-MaLR	1497	+	291	35199669	32328
chr19	35167341	35367341	harbor1	chr19	35201945	35202289	LTR/ERVL-MaLR	2752	+	172	35202117	34776
chr19	35167341	35367341	harbor1	chr19	35202588	35202630	LTR/ERVL-MaLR	2752	+	21	35202609	35268
chr19	35167341	35367341	harbor1	chr19	35206135	35206550	LTR/ERVL-MaLR	1326	+	208	35206343	39002
chr19	35167341	35367341	harbor1	chr19	35215659	35215954	LTR/ERVL-MaLR	935	+	148	35215807	48466
chr19	35167341	35367341	harbor1	chr19	35216422	35216891	LTR/ERVL-MaLR	1621	+	234	35216656	49315
chr19	35167341	35367341	harbor1	chr19	35216987	35217370	LTR/ERVL-MaLR	1120	+	192	35217179	49838
chr19	35167341	35367341	harbor1	chr19	35220312	35220608	LTR/ERVL-MaLR	709	+	148	35220460	53119
chr19	35167341	35367341	harbor1	chr19	35226812	35227209	LTR/ERVL-MaLR	1358	+	198	35227010	59669
chr19	35167341	35367341	harbor1	chr19	35237236	35237415	LTR/ERVL-MaLR	2428	+	90	35237326	69985
chr19	35167341	35367341	harbor1	chr19	35237729	35237941	LTR/ERVL-MaLR	2428	+	106	35237835	70494
chr19	35167341	35367341	harbor1	chr19	35238038	35238420	LTR/ERVL-MaLR	2320	+	191	35238229	70888
chr19	1	171208	harbor1	chr19	72301	72469	LTR/ERVL-MaLR	1447	+	84	72385	72384
chr19	1	171208	harbor1	chr19	72569	72740	LTR/ERVL-MaLR	1447	+	86	72655	72654
chr19	1	171208	harbor1	chr19	79865	81073	LTR/ERVL-MaLR	4147	+	604	80469	80468
chr19	1	171208	harbor1	chr19	81074	81232	LTR/ERVL-MaLR	834	+	79	81153	81152
chr19	1	171208	harbor1	chr19	81534	81903	LTR/ERVL-MaLR	834	+	184	81718	81717
chr19	4691699	4891699	harbor1	chr19	4697725	4698074	LTR/ERVL-MaLR	856	+	174	4697899	6200
chr19	4691699	4891699	harbor1	chr19	4711314	4711490	LTR/ERVL-MaLR	886	+	88	4711402	19703
chr19	4691699	4891699	harbor1	chr19	4711800	4712023	LTR/ERVL-MaLR	886	+	112	4711912	20213
chr19	4691699	4891699	harbor1	chr19	4780886	4781258	LTR/ERVL-MaLR	814	+	186	4781072	89373
chr19	4691699	4891699	harbor1	chr19	4782567	4782629	LTR/ERVL-MaLR	832	+	31	4782598	90899
chr19	4691699	4891699	harbor1	chr19	4782924	4783045	LTR/ERVL-MaLR	832	+	60	4782984	91285
chr19	6652741	6852741	harbor1	chr19	6680369	6680754	LTR/ERVL-MaLR	954	+	192	6680561	27820
chr19	6652741	6852741	harbor1	chr19	6711228	6711652	LTR/ERVL-MaLR	1244	+	212	6711440	58699
chr19	1813169	2013169	harbor1	chr19	1831937	1832221	LTR/ERVL-MaLR	636	+	142	1832079	18910
chr19	49239891	49439891	harbor1	chr19	49259374	49259734	LTR/ERVL-MaLR	1830	+	180	49259554	19663
chr19	49239891	49439891	harbor1	chr19	49287423	49287765	LTR/ERVL-MaLR	2557	+	171	49287594	47703
chr19	49239891	49439891	harbor1	chr19	49287766	49289334	LTR/ERVL-MaLR	11924	+	784	49288550	48659
chr19	49239891	49439891	harbor1	chr19	49289335	49289688	LTR/ERVL-MaLR	2569	+	176	49289511	49620
chr19	49239891	49439891	harbor1	chr19	49304991	49305309	LTR/ERVL-MaLR	759	+	159	49305150	65259
chr19	49239891	49439891	harbor1	chr19	49305620	49305810	LTR/ERVL-MaLR	759	+	95	49305715	65824
chr19	49239891	49439891	harbor1	chr19	49328630	49329100	LTR/ERVL-MaLR	2136	+	235	49328865	88974
chr19	49239891	49439891	harbor1	chr19	49329384	49329451	LTR/ERVL-MaLR	2136	+	34	49329418	89527
chr19	39990768	40190768	harbor1	chr19	39992688	39993098	LTR/ERVL-MaLR	2715	+	205	39992893	2125
chr19	39990768	40190768	harbor1	chr19	39994663	39995070	LTR/ERVL-MaLR	2380	+	204	39994867	4099
chr19	39990768	40190768	harbor1	chr19	40018472	40018990	LTR/ERVL-MaLR	1778	+	259	40018731	27963
chr19	39990768	40190768	harbor1	chr19	39993099	39994662	LTR/ERVL-MaLR	9455	+	782	39993881	3113
chr19	19563439	19763439	harbor1	chr19	19579357	19579405	LTR/ERVL-MaLR	1634	+	24	19579381	15942
chr19	19563439	19763439	harbor1	chr19	19601454	19601865	LTR/ERVL-MaLR	1386	+	206	19601660	38221
chr19	19563439	19763439	harbor1	chr19	19606089	19606607	LTR/ERVL-MaLR	1612	+	259	19606348	42909
chr19	19563439	19763439	harbor1	chr19	19578730	19579068	LTR/ERVL-MaLR	1634	+	169	19578899	15460
chr19	32305831	32505831	harbor1	chr19	32338666	32339047	LTR/ERVL-MaLR	2073	+	190	32338856	33025
chr19	5519194	5719194	harbor1	chr19	5585185	5585442	LTR/ERVL-MaLR	789	+	128	5585313	66119
chr19	19563929	19763929	harbor1	chr19	19579357	19579405	LTR/ERVL-MaLR	1634	+	24	19579381	15452
chr19	19563929	19763929	harbor1	chr19	19601454	19601865	LTR/ERVL-MaLR	1386	+	206	19601660	37731
chr19	19563929	19763929	harbor1	chr19	19606089	19606607	LTR/ERVL-MaLR	1612	+	259	19606348	42419
chr19	19563929	19763929	harbor1	chr19	19578730	19579068	LTR/ERVL-MaLR	1634	+	169	19578899	14970
chr19	1	160441	harbor1	chr19	72301	72469	LTR/ERVL-MaLR	1447	+	84	72385	72384
chr19	1	160441	harbor1	chr19	72569	72740	LTR/ERVL-MaLR	1447	+	86	72655	72654
chr19	1	160441	harbor1	chr19	79865	81073	LTR/ERVL-MaLR	4147	+	604	80469	80468
chr19	1	160441	harbor1	chr19	81074	81232	LTR/ERVL-MaLR	834	+	79	81153	81152
chr19	1	160441	harbor1	chr19	81534	81903	LTR/ERVL-MaLR	834	+	184	81718	81717
chr19	208646	408646	harbor1	chr19	234292	234719	LTR/ERVL-MaLR	1356	+	214	234506	25860
chr19	208646	408646	harbor1	chr19	254130	254605	LTR/ERVL-MaLR	1635	+	238	254368	45722
chr19	208646	408646	harbor1	chr19	258475	258578	LTR/ERVL-MaLR	735	+	52	258527	49881
chr19	208646	408646	harbor1	chr19	258612	258893	LTR/ERVL-MaLR	735	+	140	258752	50106
chr19	208646	408646	harbor1	chr19	263298	263482	LTR/ERVL-MaLR	692	+	92	263390	54744
chr19	19563750	19763750	harbor1	chr19	19579357	19579405	LTR/ERVL-MaLR	1634	+	24	19579381	15631
chr19	19563750	19763750	harbor1	chr19	19601454	19601865	LTR/ERVL-MaLR	1386	+	206	19601660	37910
chr19	19563750	19763750	harbor1	chr19	19606089	19606607	LTR/ERVL-MaLR	1612	+	259	19606348	42598
chr19	19563750	19763750	harbor1	chr19	19578730	19579068	LTR/ERVL-MaLR	1634	+	169	19578899	15149
chr19	10189421	10389421	harbor1	chr19	10207088	10207548	LTR/ERVL-MaLR	1487	+	230	10207318	17897
chr19	1544770	1744770	harbor1	chr19	1597356	1597872	LTR/ERVL-MaLR	1480	+	258	1597614	52844
chr19	1544770	1744770	harbor1	chr19	1600132	1600206	LTR/ERVL-MaLR	1123	+	37	1600169	55399
chr19	1544770	1744770	harbor1	chr19	1600513	1600592	LTR/ERVL-MaLR	1123	+	40	1600553	55783
chr19	1544770	1744770	harbor1	chr19	1601185	1601320	LTR/ERVL-MaLR	1123	+	68	1601253	56483
chr19	1544770	1744770	harbor1	chr19	1601629	1601832	LTR/ERVL-MaLR	1123	+	102	1601731	56961
chr19	5522745	5722745	harbor1	chr19	5585185	5585442	LTR/ERVL-MaLR	789	+	128	5585313	62568
chr19	10612630	10812630	harbor1	chr19	10613676	10613953	LTR/ERVL-MaLR	1537	+	138	10613814	1184
chr19	10612630	10812630	harbor1	chr19	10614267	10614335	LTR/ERVL-MaLR	1537	+	34	10614301	1671
chr19	49707032	49907032	harbor1	chr19	49716246	49716624	LTR/ERVL-MaLR	1951	+	189	49716435	9403
chr19	49707032	49907032	harbor1	chr19	49722335	49722638	LTR/ERVL-MaLR	1718	+	152	49722487	15455
chr19	49707032	49907032	harbor1	chr19	49749461	49749615	LTR/ERVL-MaLR	724	+	77	49749538	42506
chr19	49707032	49907032	harbor1	chr19	49752406	49752605	LTR/ERVL-MaLR	867	+	100	49752506	45474
chr19	49707032	49907032	harbor1	chr19	49756657	49756777	LTR/ERVL-MaLR	1088	+	60	49756717	49685
chr19	49707032	49907032	harbor1	chr19	49757079	49757413	LTR/ERVL-MaLR	1088	+	167	49757246	50214
chr19	1763835	1963835	harbor1	chr19	1831937	1832221	LTR/ERVL-MaLR	636	+	142	1832079	68244
chr19	409019	609019	harbor1	chr19	419289	419714	LTR/ERVL-MaLR	832	+	212	419501	10482
chr19	409019	609019	harbor1	chr19	445164	445450	LTR/ERVL-MaLR	1334	+	143	445307	36288
chr19	54981488	55181488	harbor1	chr19	55023326	55023733	LTR/ERVL-MaLR	1913	+	204	55023530	42042
chr19	54981488	55181488	harbor1	chr19	55048843	55049224	LTR/ERVL-MaLR	751	+	190	55049033	67545
chr19	9719420	9919420	harbor1	chr19	9722453	9723056	LTR/ERVL-MaLR	1644	+	302	9722755	3335
chr19	6129382	6329382	harbor1	chr19	6143847	6143981	LTR/ERVL-MaLR	2101	+	67	6143914	14532
chr19	6129382	6329382	harbor1	chr19	6144298	6144654	LTR/ERVL-MaLR	2101	+	178	6144476	15094
chr19	7803672	8003672	harbor1	chr19	7811550	7811801	LTR/ERVL-MaLR	1284	+	126	7811676	8004
chr19	7803672	8003672	harbor1	chr19	7819202	7819827	LTR/ERVL-MaLR	2302	+	312	7819514	15842
chr19	1625979	1825979	harbor1	chr19	1695491	1695788	LTR/ERVL-MaLR	2405	+	148	1695639	69660
chr19	1625979	1825979	harbor1	chr19	1696098	1696167	LTR/ERVL-MaLR	2405	+	34	1696132	70153
chr19	19563676	19763676	harbor1	chr19	19579357	19579405	LTR/ERVL-MaLR	1634	+	24	19579381	15705
chr19	19563676	19763676	harbor1	chr19	19601454	19601865	LTR/ERVL-MaLR	1386	+	206	19601660	37984
chr19	19563676	19763676	harbor1	chr19	19606089	19606607	LTR/ERVL-MaLR	1612	+	259	19606348	42672
chr19	19563676	19763676	harbor1	chr19	19578730	19579068	LTR/ERVL-MaLR	1634	+	169	19578899	15223
chr19	5522536	5722536	harbor1	chr19	5585185	5585442	LTR/ERVL-MaLR	789	+	128	5585313	62777
chr19	5504847	5704847	harbor1	chr19	5513852	5514075	LTR/ERVL-MaLR	1249	+	112	5513964	9117
chr19	5504847	5704847	harbor1	chr19	5585185	5585442	LTR/ERVL-MaLR	789	+	128	5585313	80466
chr19	5504847	5704847	harbor1	chr19	5504873	5505178	LTR/ERVL-MaLR	1099	+	152	5505025	178
chr19	5510368	5710368	harbor1	chr19	5513852	5514075	LTR/ERVL-MaLR	1249	+	112	5513964	3596
chr19	5510368	5710368	harbor1	chr19	5585185	5585442	LTR/ERVL-MaLR	789	+	128	5585313	74945
chr19	1505435	1705435	harbor1	chr19	1597356	1597872	LTR/ERVL-MaLR	1480	+	258	1597614	92179
chr19	1505435	1705435	harbor1	chr19	1600132	1600206	LTR/ERVL-MaLR	1123	+	37	1600169	94734
chr19	1505435	1705435	harbor1	chr19	1600513	1600592	LTR/ERVL-MaLR	1123	+	40	1600553	95118
chr19	1505435	1705435	harbor1	chr19	1601185	1601320	LTR/ERVL-MaLR	1123	+	68	1601253	95818
chr19	1505435	1705435	harbor1	chr19	1601629	1601832	LTR/ERVL-MaLR	1123	+	102	1601731	96296
chr19	19952303	20152303	harbor1	chr19	19975539	19975825	LTR/ERVL-MaLR	1456	+	143	19975682	23379
chr19	19952303	20152303	harbor1	chr19	19976165	19976302	LTR/ERVL-MaLR	1456	+	68	19976233	23930
chr19	19952303	20152303	harbor1	chr19	19998934	19999250	LTR/ERVL-MaLR	1095	+	158	19999092	46789
chr19	7762917	7962917	harbor1	chr19	7775567	7775726	LTR/ERVL-MaLR	1647	+	80	7775647	12730
chr19	7762917	7962917	harbor1	chr19	7776007	7776265	LTR/ERVL-MaLR	1647	+	129	7776136	13219
chr19	7762917	7962917	harbor1	chr19	7811550	7811801	LTR/ERVL-MaLR	1284	+	126	7811676	48759
chr19	7762917	7962917	harbor1	chr19	7819202	7819827	LTR/ERVL-MaLR	2302	+	312	7819514	56597
chr19	49751494	49951494	harbor1	chr19	49752406	49752605	LTR/ERVL-MaLR	867	+	100	49752506	1012
chr19	49751494	49951494	harbor1	chr19	49756657	49756777	LTR/ERVL-MaLR	1088	+	60	49756717	5223
chr19	49751494	49951494	harbor1	chr19	49757079	49757413	LTR/ERVL-MaLR	1088	+	167	49757246	5752
chr19	10192772	10392772	harbor1	chr19	10207088	10207548	LTR/ERVL-MaLR	1487	+	230	10207318	14546
chr19	5491922	5691922	harbor1	chr19	5501454	5501694	LTR/ERVL-MaLR	944	+	120	5501574	9652
chr19	5491922	5691922	harbor1	chr19	5502203	5502439	LTR/ERVL-MaLR	1202	+	118	5502321	10399
chr19	5491922	5691922	harbor1	chr19	5513852	5514075	LTR/ERVL-MaLR	1249	+	112	5513964	22042
chr19	5491922	5691922	harbor1	chr19	5585185	5585442	LTR/ERVL-MaLR	789	+	128	5585313	93391
chr19	5491922	5691922	harbor1	chr19	5504873	5505178	LTR/ERVL-MaLR	1099	+	152	5505025	13103
chr19	3288086	3488086	harbor1	chr19	3357189	3357476	LTR/ERVL-MaLR	1210	+	144	3357333	69247
chr19	2685572	2885572	harbor1	chr19	2691889	2692142	LTR/ERVL-MaLR	701	+	126	2692015	6443
chr19	2685572	2885572	harbor1	chr19	2712103	2712455	LTR/ERVL-MaLR	1621	+	176	2712279	26707
chr19	2685572	2885572	harbor1	chr19	2715362	2715715	LTR/ERVL-MaLR	1174	+	176	2715538	29966
chr19	2685572	2885572	harbor1	chr19	2736180	2736725	LTR/ERVL-MaLR	1371	+	272	2736452	50880
chr19	2685572	2885572	harbor1	chr19	2741026	2741374	LTR/ERVL-MaLR	979	+	174	2741200	55628
chr19	2685572	2885572	harbor1	chr19	2741687	2741792	LTR/ERVL-MaLR	979	+	52	2741739	56167
chr19	2685572	2885572	harbor1	chr19	2742069	2742121	LTR/ERVL-MaLR	979	+	26	2742095	56523
chr19	2685572	2885572	harbor1	chr19	2772534	2772791	LTR/ERVL-MaLR	1086	+	128	2772662	87090
chr19	49751467	49951467	harbor1	chr19	49752406	49752605	LTR/ERVL-MaLR	867	+	100	49752506	1039
chr19	49751467	49951467	harbor1	chr19	49756657	49756777	LTR/ERVL-MaLR	1088	+	60	49756717	5250
chr19	49751467	49951467	harbor1	chr19	49757079	49757413	LTR/ERVL-MaLR	1088	+	167	49757246	5779
chr19	5521916	5721916	harbor1	chr19	5585185	5585442	LTR/ERVL-MaLR	789	+	128	5585313	63397
chr19	1755984	1955984	harbor1	chr19	1831937	1832221	LTR/ERVL-MaLR	636	+	142	1832079	76095
chr19	15333247	15533247	harbor1	chr19	15416268	15416675	LTR/ERVL-MaLR	1380	+	204	15416472	83225
chr19	317228	517228	harbor1	chr19	330598	330858	LTR/ERVL-MaLR	791	+	130	330728	13500
chr19	317228	517228	harbor1	chr19	358825	359184	LTR/ERVL-MaLR	1274	+	180	359005	41777
chr19	317228	517228	harbor1	chr19	359491	359541	LTR/ERVL-MaLR	1274	+	25	359516	42288
chr19	317228	517228	harbor1	chr19	391593	392017	LTR/ERVL-MaLR	1186	+	212	391805	74577
chr19	15010518	15210518	harbor1	chr19	15032552	15032879	LTR/ERVL-MaLR	858	+	164	15032716	22198
chr19	15010518	15210518	harbor1	chr19	15089498	15089540	LTR/ERVL-MaLR	2479	+	21	15089519	79001
chr19	15010518	15210518	harbor1	chr19	15089863	15090197	LTR/ERVL-MaLR	2479	+	167	15090030	79512
chr19	15010518	15210518	harbor1	chr19	15090500	15090581	LTR/ERVL-MaLR	2479	+	40	15090540	80022
chr19	15010518	15210518	harbor1	chr19	15090890	15090933	LTR/ERVL-MaLR	2479	+	22	15090912	80394
chr19	15010518	15210518	harbor1	chr19	15104867	15105302	LTR/ERVL-MaLR	986	+	218	15105085	94567
chr19	1544600	1744600	harbor1	chr19	1597356	1597872	LTR/ERVL-MaLR	1480	+	258	1597614	53014
chr19	1544600	1744600	harbor1	chr19	1600132	1600206	LTR/ERVL-MaLR	1123	+	37	1600169	55569
chr19	1544600	1744600	harbor1	chr19	1600513	1600592	LTR/ERVL-MaLR	1123	+	40	1600553	55953
chr19	1544600	1744600	harbor1	chr19	1601185	1601320	LTR/ERVL-MaLR	1123	+	68	1601253	56653
chr19	1544600	1744600	harbor1	chr19	1601629	1601832	LTR/ERVL-MaLR	1123	+	102	1601731	57131
chr19	1855242	2055242	harbor1	chr19	1915507	1915664	LTR/ERVL-MaLR	868	+	78	1915585	60343
chr19	1855242	2055242	harbor1	chr19	1916254	1916453	LTR/ERVL-MaLR	868	+	100	1916354	61112
chr19	1855242	2055242	harbor1	chr19	1916756	1916817	LTR/ERVL-MaLR	868	+	30	1916786	61544
chr19	1855242	2055242	harbor1	chr19	1928144	1928335	LTR/ERVL-MaLR	842	+	96	1928240	72998
chr19	49751344	49951344	harbor1	chr19	49752406	49752605	LTR/ERVL-MaLR	867	+	100	49752506	1162
chr19	49751344	49951344	harbor1	chr19	49756657	49756777	LTR/ERVL-MaLR	1088	+	60	49756717	5373
chr19	49751344	49951344	harbor1	chr19	49757079	49757413	LTR/ERVL-MaLR	1088	+	167	49757246	5902
chr19	5522548	5722548	harbor1	chr19	5585185	5585442	LTR/ERVL-MaLR	789	+	128	5585313	62765
chr19	45369339	45569339	harbor1	chr19	45391471	45391813	LTR/ERVL-MaLR	813	+	171	45391642	22303
chr19	2537219	2737219	harbor1	chr19	2542455	2542713	LTR/ERVL-MaLR	778	+	129	2542584	5365
chr19	2537219	2737219	harbor1	chr19	2564120	2564308	LTR/ERVL-MaLR	1050	+	94	2564214	26995
chr19	2537219	2737219	harbor1	chr19	2564590	2564878	LTR/ERVL-MaLR	1050	+	144	2564734	27515
chr19	2537219	2737219	harbor1	chr19	2566196	2566497	LTR/ERVL-MaLR	952	+	150	2566346	29127
chr19	2537219	2737219	harbor1	chr19	2569954	2570389	LTR/ERVL-MaLR	2043	+	218	2570172	32953
chr19	2537219	2737219	harbor1	chr19	2630262	2630878	LTR/ERVL-MaLR	1967	+	308	2630570	93351
chr19	48342797	48542797	harbor1	chr19	48353610	48353945	LTR/ERVL-MaLR	1083	+	168	48353778	10981
chr19	16442283	16642283	harbor1	chr19	16523553	16523896	LTR/ERVL-MaLR	1244	+	172	16523725	81442
chr19	51194759	51394759	harbor1	chr19	51205362	51205770	LTR/ERVL-MaLR	2574	+	204	51205566	10807
chr19	51194759	51394759	harbor1	chr19	51221143	51221281	LTR/ERVL-MaLR	792	+	69	51221212	26453
chr19	51194759	51394759	harbor1	chr19	51290614	51290983	LTR/ERVL-MaLR	2026	+	184	51290798	96039
chr19	1598756	1798756	harbor1	chr19	1600132	1600206	LTR/ERVL-MaLR	1123	+	37	1600169	1413
chr19	1598756	1798756	harbor1	chr19	1600513	1600592	LTR/ERVL-MaLR	1123	+	40	1600553	1797
chr19	1598756	1798756	harbor1	chr19	1601185	1601320	LTR/ERVL-MaLR	1123	+	68	1601253	2497
chr19	1598756	1798756	harbor1	chr19	1601629	1601832	LTR/ERVL-MaLR	1123	+	102	1601731	2975
chr19	1598756	1798756	harbor1	chr19	1695491	1695788	LTR/ERVL-MaLR	2405	+	148	1695639	96883
chr19	1598756	1798756	harbor1	chr19	1696098	1696167	LTR/ERVL-MaLR	2405	+	34	1696132	97376
chr19	19563919	19763919	harbor1	chr19	19579357	19579405	LTR/ERVL-MaLR	1634	+	24	19579381	15462
chr19	19563919	19763919	harbor1	chr19	19601454	19601865	LTR/ERVL-MaLR	1386	+	206	19601660	37741
chr19	19563919	19763919	harbor1	chr19	19606089	19606607	LTR/ERVL-MaLR	1612	+	259	19606348	42429
chr19	19563919	19763919	harbor1	chr19	19578730	19579068	LTR/ERVL-MaLR	1634	+	169	19578899	14980
chr19	2356931	2556931	harbor1	chr19	2380636	2380819	LTR/ERVL-MaLR	922	+	92	2380728	23797
chr19	2356931	2556931	harbor1	chr19	2388446	2388624	LTR/ERVL-MaLR	649	+	89	2388535	31604
chr19	2356931	2556931	harbor1	chr19	2388924	2388985	LTR/ERVL-MaLR	649	+	30	2388954	32023
chr19	54031600	54231600	harbor1	chr19	54038846	54039039	LTR/ERVL-MaLR	1085	+	96	54038942	7342
chr19	54031600	54231600	harbor1	chr19	54053278	54053804	LTR/ERVL-MaLR	1485	+	263	54053541	21941
chr19	54031600	54231600	harbor1	chr19	54061317	54061552	LTR/ERVL-MaLR	1572	+	118	54061435	29835
chr19	54031600	54231600	harbor1	chr19	54061833	54061874	LTR/ERVL-MaLR	1572	+	20	54061853	30253
chr19	54031600	54231600	harbor1	chr19	54062170	54062343	LTR/ERVL-MaLR	1572	+	86	54062256	30656
chr19	54031600	54231600	harbor1	chr19	54084067	54084464	LTR/ERVL-MaLR	1059	+	198	54084265	52665
chr19	54031600	54231600	harbor1	chr19	54086787	54086891	LTR/ERVL-MaLR	2195	+	52	54086839	55239
chr19	54031600	54231600	harbor1	chr19	54086935	54087197	LTR/ERVL-MaLR	2195	+	131	54087066	55466
chr19	54031600	54231600	harbor1	chr19	54113122	54113527	LTR/ERVL-MaLR	1618	+	202	54113324	81724
chr19	10130588	10330588	harbor1	chr19	10188545	10189074	LTR/ERVL-MaLR	1788	+	264	10188809	58221
chr19	10130588	10330588	harbor1	chr19	10207088	10207548	LTR/ERVL-MaLR	1487	+	230	10207318	76730
chr19	19564039	19764039	harbor1	chr19	19579357	19579405	LTR/ERVL-MaLR	1634	+	24	19579381	15342
chr19	19564039	19764039	harbor1	chr19	19601454	19601865	LTR/ERVL-MaLR	1386	+	206	19601660	37621
chr19	19564039	19764039	harbor1	chr19	19606089	19606607	LTR/ERVL-MaLR	1612	+	259	19606348	42309
chr19	19564039	19764039	harbor1	chr19	19578730	19579068	LTR/ERVL-MaLR	1634	+	169	19578899	14860
chr19	46919957	47119957	harbor1	chr19	46954031	46954258	LTR/ERVL-MaLR	931	+	114	46954145	34188
chr19	19562572	19762572	harbor1	chr19	19579357	19579405	LTR/ERVL-MaLR	1634	+	24	19579381	16809
chr19	19562572	19762572	harbor1	chr19	19601454	19601865	LTR/ERVL-MaLR	1386	+	206	19601660	39088
chr19	19562572	19762572	harbor1	chr19	19606089	19606607	LTR/ERVL-MaLR	1612	+	259	19606348	43776
chr19	19562572	19762572	harbor1	chr19	19578730	19579068	LTR/ERVL-MaLR	1634	+	169	19578899	16327
chr19	46919998	47119998	harbor1	chr19	46954031	46954258	LTR/ERVL-MaLR	931	+	114	46954145	34147
chr19	5237563	5437563	harbor1	chr19	5286405	5286764	LTR/ERVL-MaLR	2103	+	180	5286585	49022
chr19	49750828	49950828	harbor1	chr19	49752406	49752605	LTR/ERVL-MaLR	867	+	100	49752506	1678
chr19	49750828	49950828	harbor1	chr19	49756657	49756777	LTR/ERVL-MaLR	1088	+	60	49756717	5889
chr19	49750828	49950828	harbor1	chr19	49757079	49757413	LTR/ERVL-MaLR	1088	+	167	49757246	6418
chr19	208555	408555	harbor1	chr19	234292	234719	LTR/ERVL-MaLR	1356	+	214	234506	25951
chr19	208555	408555	harbor1	chr19	254130	254605	LTR/ERVL-MaLR	1635	+	238	254368	45813
chr19	208555	408555	harbor1	chr19	258475	258578	LTR/ERVL-MaLR	735	+	52	258527	49972
chr19	208555	408555	harbor1	chr19	258612	258893	LTR/ERVL-MaLR	735	+	140	258752	50197
chr19	208555	408555	harbor1	chr19	263298	263482	LTR/ERVL-MaLR	692	+	92	263390	54835
chr19	34913533	35113533	harbor1	chr19	34948361	34948773	LTR/ERVL-MaLR	996	+	206	34948567	35034
chr19	34913533	35113533	harbor1	chr19	34983822	34984203	LTR/ERVL-MaLR	1109	+	190	34984012	70479
chr19	34913533	35113533	harbor1	chr19	34987241	34987343	LTR/ERVL-MaLR	1354	+	51	34987292	73759
chr19	34913533	35113533	harbor1	chr19	34987665	34988008	LTR/ERVL-MaLR	1354	+	172	34987837	74304
chr19	5521997	5721997	harbor1	chr19	5585185	5585442	LTR/ERVL-MaLR	789	+	128	5585313	63316
chr19	5523058	5723058	harbor1	chr19	5585185	5585442	LTR/ERVL-MaLR	789	+	128	5585313	62255
chr19	7804608	8004608	harbor1	chr19	7811550	7811801	LTR/ERVL-MaLR	1284	+	126	7811676	7068
chr19	7804608	8004608	harbor1	chr19	7819202	7819827	LTR/ERVL-MaLR	2302	+	312	7819514	14906
chr19	58377396	58577396	harbor1	chr19	58378659	58379068	LTR/ERVL-MaLR	1296	+	204	58378863	1467
chr19	58377396	58577396	harbor1	chr19	58429888	58430426	LTR/ERVL-MaLR	2297	+	269	58430157	52761
chr19	58377396	58577396	harbor1	chr19	58447732	58448091	LTR/ERVL-MaLR	2225	+	180	58447912	70516
chr19	58377396	58577396	harbor1	chr19	58448092	58448444	LTR/ERVL-MaLR	11447	+	176	58448268	70872
chr19	58377396	58577396	harbor1	chr19	58448751	58449956	LTR/ERVL-MaLR	11447	+	602	58449353	71957
chr19	58377396	58577396	harbor1	chr19	58449957	58450319	LTR/ERVL-MaLR	2232	+	181	58450138	72742
chr19	58377396	58577396	harbor1	chr19	58459523	58459919	LTR/ERVL-MaLR	2407	+	198	58459721	82325
chr19	58377122	58577122	harbor1	chr19	58378659	58379068	LTR/ERVL-MaLR	1296	+	204	58378863	1741
chr19	58377122	58577122	harbor1	chr19	58429888	58430426	LTR/ERVL-MaLR	2297	+	269	58430157	53035
chr19	58377122	58577122	harbor1	chr19	58447732	58448091	LTR/ERVL-MaLR	2225	+	180	58447912	70790
chr19	58377122	58577122	harbor1	chr19	58448092	58448444	LTR/ERVL-MaLR	11447	+	176	58448268	71146
chr19	58377122	58577122	harbor1	chr19	58448751	58449956	LTR/ERVL-MaLR	11447	+	602	58449353	72231
chr19	58377122	58577122	harbor1	chr19	58449957	58450319	LTR/ERVL-MaLR	2232	+	181	58450138	73016
chr19	58377122	58577122	harbor1	chr19	58459523	58459919	LTR/ERVL-MaLR	2407	+	198	58459721	82599
chr19	19564047	19764047	harbor1	chr19	19579357	19579405	LTR/ERVL-MaLR	1634	+	24	19579381	15334
chr19	19564047	19764047	harbor1	chr19	19601454	19601865	LTR/ERVL-MaLR	1386	+	206	19601660	37613
chr19	19564047	19764047	harbor1	chr19	19606089	19606607	LTR/ERVL-MaLR	1612	+	259	19606348	42301
chr19	19564047	19764047	harbor1	chr19	19578730	19579068	LTR/ERVL-MaLR	1634	+	169	19578899	14852
chr19	19519375	19719375	harbor1	chr19	19579357	19579405	LTR/ERVL-MaLR	1634	+	24	19579381	60006
chr19	19519375	19719375	harbor1	chr19	19601454	19601865	LTR/ERVL-MaLR	1386	+	206	19601660	82285
chr19	19519375	19719375	harbor1	chr19	19606089	19606607	LTR/ERVL-MaLR	1612	+	259	19606348	86973
chr19	19519375	19719375	harbor1	chr19	19578730	19579068	LTR/ERVL-MaLR	1634	+	169	19578899	59524
chr19	2170341	2370341	harbor1	chr19	2234326	2234429	LTR/ERVL-MaLR	894	+	52	2234378	64037
chr19	2170341	2370341	harbor1	chr19	2235026	2235319	LTR/ERVL-MaLR	894	+	146	2235172	64831
chr19	5486695	5686695	harbor1	chr19	5486595	5486812	LTR/ERVL-MaLR	762	+	108	5486703	8
chr19	5486695	5686695	harbor1	chr19	5501454	5501694	LTR/ERVL-MaLR	944	+	120	5501574	14879
chr19	5486695	5686695	harbor1	chr19	5502203	5502439	LTR/ERVL-MaLR	1202	+	118	5502321	15626
chr19	5486695	5686695	harbor1	chr19	5513852	5514075	LTR/ERVL-MaLR	1249	+	112	5513964	27269
chr19	5486695	5686695	harbor1	chr19	5585185	5585442	LTR/ERVL-MaLR	789	+	128	5585313	98618
chr19	5486695	5686695	harbor1	chr19	5504873	5505178	LTR/ERVL-MaLR	1099	+	152	5505025	18330
chr19	1505449	1705449	harbor1	chr19	1597356	1597872	LTR/ERVL-MaLR	1480	+	258	1597614	92165
chr19	1505449	1705449	harbor1	chr19	1600132	1600206	LTR/ERVL-MaLR	1123	+	37	1600169	94720
chr19	1505449	1705449	harbor1	chr19	1600513	1600592	LTR/ERVL-MaLR	1123	+	40	1600553	95104
chr19	1505449	1705449	harbor1	chr19	1601185	1601320	LTR/ERVL-MaLR	1123	+	68	1601253	95804
chr19	1505449	1705449	harbor1	chr19	1601629	1601832	LTR/ERVL-MaLR	1123	+	102	1601731	96282
chr19	19553859	19753859	harbor1	chr19	19579357	19579405	LTR/ERVL-MaLR	1634	+	24	19579381	25522
chr19	19553859	19753859	harbor1	chr19	19601454	19601865	LTR/ERVL-MaLR	1386	+	206	19601660	47801
chr19	19553859	19753859	harbor1	chr19	19606089	19606607	LTR/ERVL-MaLR	1612	+	259	19606348	52489
chr19	19553859	19753859	harbor1	chr19	19578730	19579068	LTR/ERVL-MaLR	1634	+	169	19578899	25040
chr19	2483587	2683587	harbor1	chr19	2504180	2504463	LTR/ERVL-MaLR	710	+	142	2504322	20735
chr19	2483587	2683587	harbor1	chr19	2542455	2542713	LTR/ERVL-MaLR	778	+	129	2542584	58997
chr19	2483587	2683587	harbor1	chr19	2564120	2564308	LTR/ERVL-MaLR	1050	+	94	2564214	80627
chr19	2483587	2683587	harbor1	chr19	2564590	2564878	LTR/ERVL-MaLR	1050	+	144	2564734	81147
chr19	2483587	2683587	harbor1	chr19	2566196	2566497	LTR/ERVL-MaLR	952	+	150	2566346	82759
chr19	2483587	2683587	harbor1	chr19	2569954	2570389	LTR/ERVL-MaLR	2043	+	218	2570172	86585
chr19	56021112	56221112	harbor1	chr19	56078307	56078480	LTR/ERVL-MaLR	770	+	86	56078393	57281
chr19	1	171197	harbor1	chr19	72301	72469	LTR/ERVL-MaLR	1447	+	84	72385	72384
chr19	1	171197	harbor1	chr19	72569	72740	LTR/ERVL-MaLR	1447	+	86	72655	72654
chr19	1	171197	harbor1	chr19	79865	81073	LTR/ERVL-MaLR	4147	+	604	80469	80468
chr19	1	171197	harbor1	chr19	81074	81232	LTR/ERVL-MaLR	834	+	79	81153	81152
chr19	1	171197	harbor1	chr19	81534	81903	LTR/ERVL-MaLR	834	+	184	81718	81717
chr19	5521801	5721801	harbor1	chr19	5585185	5585442	LTR/ERVL-MaLR	789	+	128	5585313	63512
chr19	49751409	49951409	harbor1	chr19	49752406	49752605	LTR/ERVL-MaLR	867	+	100	49752506	1097
chr19	49751409	49951409	harbor1	chr19	49756657	49756777	LTR/ERVL-MaLR	1088	+	60	49756717	5308
chr19	49751409	49951409	harbor1	chr19	49757079	49757413	LTR/ERVL-MaLR	1088	+	167	49757246	5837
chr19	12581893	12781893	harbor1	chr19	12651190	12651553	LTR/ERVL-MaLR	952	+	182	12651372	69479
chr19	12581893	12781893	harbor1	chr19	12660078	12660230	LTR/ERVL-MaLR	1615	+	76	12660154	78261
chr19	12581893	12781893	harbor1	chr19	12660519	12660752	LTR/ERVL-MaLR	1615	+	116	12660635	78742
chr19	12581893	12781893	harbor1	chr19	12661057	12661175	LTR/ERVL-MaLR	1615	+	59	12661116	79223
chr19	17666919	17866919	harbor1	chr19	17671903	17672330	LTR/ERVL-MaLR	749	+	214	17672117	5198
chr19	12596104	12796104	harbor1	chr19	12651190	12651553	LTR/ERVL-MaLR	952	+	182	12651372	55268
chr19	12596104	12796104	harbor1	chr19	12660078	12660230	LTR/ERVL-MaLR	1615	+	76	12660154	64050
chr19	12596104	12796104	harbor1	chr19	12660519	12660752	LTR/ERVL-MaLR	1615	+	116	12660635	64531
chr19	12596104	12796104	harbor1	chr19	12661057	12661175	LTR/ERVL-MaLR	1615	+	59	12661116	65012
chr19	19579986	19779986	harbor1	chr19	19601454	19601865	LTR/ERVL-MaLR	1386	+	206	19601660	21674
chr19	19579986	19779986	harbor1	chr19	19606089	19606607	LTR/ERVL-MaLR	1612	+	259	19606348	26362
chr19	3288104	3488104	harbor1	chr19	3357189	3357476	LTR/ERVL-MaLR	1210	+	144	3357333	69229
chr20	63353319	63553319	harbor1	chr20	63448953	63449300	LTR/ERVL-MaLR	704	+	174	63449127	95808
chr20	34725542	34925542	harbor1	chr20	34806939	34807482	LTR/ERVL-MaLR	1719	+	272	34807211	81669
chr20	34725542	34925542	harbor1	chr20	34816237	34816505	LTR/ERVL-MaLR	1341	+	134	34816371	90829
chr20	34725654	34925654	harbor1	chr20	34806939	34807482	LTR/ERVL-MaLR	1719	+	272	34807211	81557
chr20	34725654	34925654	harbor1	chr20	34816237	34816505	LTR/ERVL-MaLR	1341	+	134	34816371	90717
chr20	34725628	34925628	harbor1	chr20	34806939	34807482	LTR/ERVL-MaLR	1719	+	272	34807211	81583
chr20	34725628	34925628	harbor1	chr20	34816237	34816505	LTR/ERVL-MaLR	1341	+	134	34816371	90743
chr20	34725550	34925550	harbor1	chr20	34806939	34807482	LTR/ERVL-MaLR	1719	+	272	34807211	81661
chr20	34725550	34925550	harbor1	chr20	34816237	34816505	LTR/ERVL-MaLR	1341	+	134	34816371	90821
chr20	2740647	2940647	harbor1	chr20	2761339	2761711	LTR/ERVL-MaLR	1610	+	186	2761525	20878
chr20	2740647	2940647	harbor1	chr20	2813205	2813582	LTR/ERVL-MaLR	1941	+	188	2813393	72746
chr20	34725652	34925652	harbor1	chr20	34806939	34807482	LTR/ERVL-MaLR	1719	+	272	34807211	81559
chr20	34725652	34925652	harbor1	chr20	34816237	34816505	LTR/ERVL-MaLR	1341	+	134	34816371	90719
chr20	44866470	45066470	harbor1	chr20	44869494	44869736	LTR/ERVL-MaLR	873	+	121	44869615	3145
chr20	44866470	45066470	harbor1	chr20	44870043	44870134	LTR/ERVL-MaLR	873	+	46	44870089	3619
chr20	44866470	45066470	harbor1	chr20	44871832	44872071	LTR/ERVL-MaLR	985	+	120	44871952	5482
chr20	44866470	45066470	harbor1	chr20	44945304	44945829	LTR/ERVL-MaLR	1724	+	262	44945566	79096
chr20	44866470	45066470	harbor1	chr20	44951212	44951532	LTR/ERVL-MaLR	669	+	160	44951372	84902
chr20	44866470	45066470	harbor1	chr20	44962080	44962217	LTR/ERVL-MaLR	971	+	68	44962148	95678
chr20	44866470	45066470	harbor1	chr20	44962521	44962768	LTR/ERVL-MaLR	971	+	124	44962645	96175
chr20	44866470	45066470	harbor1	chr20	44963162	44963496	LTR/ERVL-MaLR	1023	+	167	44963329	96859
chr20	44866470	45066470	harbor1	chr20	44963515	44963662	LTR/ERVL-MaLR	548	+	74	44963589	97119
chr20	62322429	62522429	harbor1	chr20	62403203	62403621	LTR/ERVL-MaLR	619	+	209	62403412	80983
chr20	62720222	62920222	harbor1	chr20	62736759	62737120	LTR/ERVL-MaLR	2140	+	180	62736939	16717
chr20	62720222	62920222	harbor1	chr20	62748648	62749069	LTR/ERVL-MaLR	2503	+	210	62748858	28636
chr20	62720222	62920222	harbor1	chr20	62782792	62783309	LTR/ERVL-MaLR	1440	+	258	62783050	62828
chr20	62720222	62920222	harbor1	chr20	62787286	62787659	LTR/ERVL-MaLR	2781	+	186	62787472	67250
chr20	34609964	34809964	harbor1	chr20	34609753	34610091	LTR/ERVL-MaLR	2521	+	169	34609922	42
chr20	34609964	34809964	harbor1	chr20	34617090	34617760	LTR/ERVL-MaLR	5310	+	335	34617425	7461
chr20	34609964	34809964	harbor1	chr20	34617761	34618087	LTR/ERVL-MaLR	2327	+	163	34617924	7960
chr20	34609964	34809964	harbor1	chr20	34628890	34629018	LTR/ERVL-MaLR	505	+	64	34628954	18990
chr20	34609964	34809964	harbor1	chr20	34629322	34629700	LTR/ERVL-MaLR	505	+	189	34629511	19547
chr20	34609964	34809964	harbor1	chr20	34672326	34672568	LTR/ERVL-MaLR	555	+	121	34672447	62483
chr20	330383	530383	harbor1	chr20	334014	334501	LTR/ERVL-MaLR	1571	+	244	334258	3875
chr20	330383	530383	harbor1	chr20	341479	341505	LTR/ERVL-MaLR	770	+	13	341492	11109
chr20	330383	530383	harbor1	chr20	341740	342198	LTR/ERVL-MaLR	770	+	229	341969	11586
chr20	330383	530383	harbor1	chr20	342573	342602	LTR/ERVL-MaLR	1250	+	14	342587	12204
chr20	330383	530383	harbor1	chr20	342917	343364	LTR/ERVL-MaLR	1250	+	224	343141	12758
chr20	330383	530383	harbor1	chr20	403497	404027	LTR/ERVL-MaLR	2600	+	265	403762	73379
chr20	63596384	63796384	harbor1	chr20	63616842	63616978	LTR/ERVL-MaLR	946	+	68	63616910	20526
chr20	63596384	63796384	harbor1	chr20	63617276	63617500	LTR/ERVL-MaLR	946	+	112	63617388	21004
chr20	63596384	63796384	harbor1	chr20	63636877	63637350	LTR/ERVL-MaLR	739	+	236	63637113	40729
chr20	63596384	63796384	harbor1	chr20	63644625	63644966	LTR/ERVL-MaLR	1505	+	170	63644795	48411
chr20	63596384	63796384	harbor1	chr20	63654656	63655052	LTR/ERVL-MaLR	720	+	198	63654854	58470
chr20	1018818	1218818	harbor1	chr20	1030336	1030621	LTR/ERVL-MaLR	625	+	142	1030478	11660
chr20	1018818	1218818	harbor1	chr20	1033820	1034247	LTR/ERVL-MaLR	659	+	214	1034034	15216
chr20	1018818	1218818	harbor1	chr20	1034317	1034800	LTR/ERVL-MaLR	1674	+	242	1034559	15741
chr20	1018818	1218818	harbor1	chr20	1047265	1047546	LTR/ERVL-MaLR	861	+	140	1047405	28587
chr20	1018818	1218818	harbor1	chr20	1048664	1049202	LTR/ERVL-MaLR	1455	+	269	1048933	30115
chr20	1018818	1218818	harbor1	chr20	1056887	1056923	LTR/ERVL-MaLR	590	+	18	1056905	38087
chr20	1018818	1218818	harbor1	chr20	1056924	1057293	LTR/ERVL-MaLR	1648	+	184	1057108	38290
chr20	1018818	1218818	harbor1	chr20	1057294	1057319	LTR/ERVL-MaLR	590	+	12	1057306	38488
chr20	1018818	1218818	harbor1	chr20	1057563	1057805	LTR/ERVL-MaLR	590	+	121	1057684	38866
chr20	1018818	1218818	harbor1	chr20	1058088	1058235	LTR/ERVL-MaLR	590	+	74	1058162	39344
chr20	1018818	1218818	harbor1	chr20	1070013	1070413	LTR/ERVL-MaLR	1642	+	200	1070213	51395
chr20	1018818	1218818	harbor1	chr20	1083812	1084163	LTR/ERVL-MaLR	989	+	176	1083988	65170
chr20	1018818	1218818	harbor1	chr20	1088690	1089186	LTR/ERVL-MaLR	2260	+	248	1088938	70120
chr20	1018818	1218818	harbor1	chr20	1110366	1110765	LTR/ERVL-MaLR	2269	+	200	1110566	91748
chr20	1018818	1218818	harbor1	chr20	1081222	1081562	LTR/ERVL-MaLR	1941	+	170	1081392	62574
chr20	63939095	64139095	harbor1	chr20	63973530	63973907	LTR/ERVL-MaLR	580	+	188	63973718	34623
chr20	3686183	3886183	harbor1	chr20	3687795	3688147	LTR/ERVL-MaLR	760	+	176	3687971	1788
chr20	3686183	3886183	harbor1	chr20	3690288	3690715	LTR/ERVL-MaLR	1025	+	214	3690502	4319
chr20	3686183	3886183	harbor1	chr20	3775839	3776214	LTR/ERVL-MaLR	1033	+	188	3776027	89844
chr20	2370770	2570770	harbor1	chr20	2388924	2389521	LTR/ERVL-MaLR	1846	+	298	2389222	18452
chr20	63472105	63672105	harbor1	chr20	63479401	63479727	LTR/ERVL-MaLR	1198	+	163	63479564	7459
chr20	63472105	63672105	harbor1	chr20	63486270	63486622	LTR/ERVL-MaLR	698	+	176	63486446	14341
chr20	63472105	63672105	harbor1	chr20	63501202	63501465	LTR/ERVL-MaLR	812	+	132	63501334	29229
chr20	63472105	63672105	harbor1	chr20	63505445	63505770	LTR/ERVL-MaLR	979	+	162	63505607	33502
chr20	4586429	4786429	harbor1	chr20	4590406	4590729	LTR/ERVL-MaLR	1850	+	162	4590568	4139
chr20	4586429	4786429	harbor1	chr20	4631666	4632896	LTR/ERVL-MaLR	8252	+	615	4632281	45852
chr20	4586429	4786429	harbor1	chr20	4632897	4633231	LTR/ERVL-MaLR	2177	+	167	4633064	46635
chr20	4586429	4786429	harbor1	chr20	4655690	4655874	LTR/ERVL-MaLR	1269	+	92	4655782	69353
chr20	4586429	4786429	harbor1	chr20	4656220	4656488	LTR/ERVL-MaLR	1269	+	134	4656354	69925
chr20	4586429	4786429	harbor1	chr20	4683631	4683728	LTR/ERVL-MaLR	2007	+	48	4683679	97250
chr20	4586429	4786429	harbor1	chr20	4684028	4684510	LTR/ERVL-MaLR	2007	+	241	4684269	97840
chr20	63471534	63671534	harbor1	chr20	63479401	63479727	LTR/ERVL-MaLR	1198	+	163	63479564	8030
chr20	63471534	63671534	harbor1	chr20	63486270	63486622	LTR/ERVL-MaLR	698	+	176	63486446	14912
chr20	63471534	63671534	harbor1	chr20	63501202	63501465	LTR/ERVL-MaLR	812	+	132	63501334	29800
chr20	63471534	63671534	harbor1	chr20	63505445	63505770	LTR/ERVL-MaLR	979	+	162	63505607	34073
chr20	22734563	22934563	harbor1	chr20	22746221	22746797	LTR/ERVL-MaLR	2308	+	288	22746509	11946
chr20	22734563	22934563	harbor1	chr20	22767450	22767944	LTR/ERVL-MaLR	766	+	247	22767697	33134
chr20	22734563	22934563	harbor1	chr20	22793138	22793557	LTR/ERVL-MaLR	2757	+	210	22793348	58785
chr20	63362224	63562224	harbor1	chr20	63448953	63449300	LTR/ERVL-MaLR	704	+	174	63449127	86903
chr20	2739816	2939816	harbor1	chr20	2761339	2761711	LTR/ERVL-MaLR	1610	+	186	2761525	21709
chr20	2739816	2939816	harbor1	chr20	2813205	2813582	LTR/ERVL-MaLR	1941	+	188	2813393	73577
chr20	63429646	63629646	harbor1	chr20	63448953	63449300	LTR/ERVL-MaLR	704	+	174	63449127	19481
chr20	63429646	63629646	harbor1	chr20	63479401	63479727	LTR/ERVL-MaLR	1198	+	163	63479564	49918
chr20	63429646	63629646	harbor1	chr20	63486270	63486622	LTR/ERVL-MaLR	698	+	176	63486446	56800
chr20	63429646	63629646	harbor1	chr20	63501202	63501465	LTR/ERVL-MaLR	812	+	132	63501334	71688
chr20	63429646	63629646	harbor1	chr20	63505445	63505770	LTR/ERVL-MaLR	979	+	162	63505607	75961
chr20	49710583	49910583	harbor1	chr20	49720440	49720577	LTR/ERVL-MaLR	626	+	68	49720508	9925
chr20	49710583	49910583	harbor1	chr20	49720903	49721280	LTR/ERVL-MaLR	1485	+	188	49721091	10508
chr20	49710583	49910583	harbor1	chr20	49723151	49723575	LTR/ERVL-MaLR	726	+	212	49723363	12780
chr20	49710583	49910583	harbor1	chr20	49759090	49759666	LTR/ERVL-MaLR	807	+	288	49759378	48795
chr20	49710583	49910583	harbor1	chr20	49767092	49767609	LTR/ERVL-MaLR	1686	+	258	49767350	56767
chr20	49710583	49910583	harbor1	chr20	49787682	49787841	LTR/ERVL-MaLR	605	+	80	49787762	77179
chr20	49710583	49910583	harbor1	chr20	49788904	49789330	LTR/ERVL-MaLR	800	+	213	49789117	78534
chr20	49710583	49910583	harbor1	chr20	49789636	49789670	LTR/ERVL-MaLR	800	+	17	49789653	79070
chr20	49710583	49910583	harbor1	chr20	49790145	49790183	LTR/ERVL-MaLR	800	+	19	49790164	79581
chr20	49710583	49910583	harbor1	chr20	49798642	49799052	LTR/ERVL-MaLR	1257	+	205	49798847	88264
chr20	49710583	49910583	harbor1	chr20	49808444	49808640	LTR/ERVL-MaLR	1771	+	98	49808542	97959
chr20	49710583	49910583	harbor1	chr20	49808934	49809211	LTR/ERVL-MaLR	1771	+	138	49809072	98489
chr20	34725660	34925660	harbor1	chr20	34806939	34807482	LTR/ERVL-MaLR	1719	+	272	34807211	81551
chr20	34725660	34925660	harbor1	chr20	34816237	34816505	LTR/ERVL-MaLR	1341	+	134	34816371	90711
chr20	2740637	2940637	harbor1	chr20	2761339	2761711	LTR/ERVL-MaLR	1610	+	186	2761525	20888
chr20	2740637	2940637	harbor1	chr20	2813205	2813582	LTR/ERVL-MaLR	1941	+	188	2813393	72756
chr20	57552168	57752168	harbor1	chr20	57583914	57584264	LTR/ERVL-MaLR	1240	+	175	57584089	31921
chr20	57552168	57752168	harbor1	chr20	57597805	57598000	LTR/ERVL-MaLR	897	+	98	57597903	45735
chr20	57552168	57752168	harbor1	chr20	57599947	57600110	LTR/ERVL-MaLR	474	+	82	57600029	47861
chr20	57552168	57752168	harbor1	chr20	57601521	57602012	LTR/ERVL-MaLR	1186	+	246	57601767	49599
chr20	57552168	57752168	harbor1	chr20	57602920	57603282	LTR/ERVL-MaLR	2166	+	181	57603101	50933
chr20	57552168	57752168	harbor1	chr20	57630161	57630431	LTR/ERVL-MaLR	1133	+	135	57630296	78128
chr20	57552168	57752168	harbor1	chr20	57636345	57636511	LTR/ERVL-MaLR	959	+	83	57636428	84260
chr20	57552168	57752168	harbor1	chr20	57636554	57636792	LTR/ERVL-MaLR	959	+	119	57636673	84505
chr20	57552168	57752168	harbor1	chr20	57641010	57641347	LTR/ERVL-MaLR	1489	+	168	57641178	89010
chr20	57552168	57752168	harbor1	chr20	57644669	57646068	LTR/ERVL-MaLR	9894	+	700	57645369	93201
chr20	57552168	57752168	harbor1	chr20	57646069	57646427	LTR/ERVL-MaLR	2300	+	179	57646248	94080
chr20	2740649	2940649	harbor1	chr20	2761339	2761711	LTR/ERVL-MaLR	1610	+	186	2761525	20876
chr20	2740649	2940649	harbor1	chr20	2813205	2813582	LTR/ERVL-MaLR	1941	+	188	2813393	72744
chr20	38574510	38774510	harbor1	chr20	38654776	38655164	LTR/ERVL-MaLR	1335	+	194	38654970	80460
chr20	38574510	38774510	harbor1	chr20	38666997	38667056	LTR/ERVL-MaLR	985	+	30	38667027	92517
chr20	38574510	38774510	harbor1	chr20	38667368	38667762	LTR/ERVL-MaLR	985	+	197	38667565	93055
chr20	63420408	63620408	harbor1	chr20	63448953	63449300	LTR/ERVL-MaLR	704	+	174	63449127	28719
chr20	63420408	63620408	harbor1	chr20	63479401	63479727	LTR/ERVL-MaLR	1198	+	163	63479564	59156
chr20	63420408	63620408	harbor1	chr20	63486270	63486622	LTR/ERVL-MaLR	698	+	176	63486446	66038
chr20	63420408	63620408	harbor1	chr20	63501202	63501465	LTR/ERVL-MaLR	812	+	132	63501334	80926
chr20	63420408	63620408	harbor1	chr20	63505445	63505770	LTR/ERVL-MaLR	979	+	162	63505607	85199
chr20	43583080	43783080	harbor1	chr20	43651106	43651581	LTR/ERVL-MaLR	2061	+	238	43651344	68264
chr20	32383338	32583338	harbor1	chr20	32471621	32472029	LTR/ERVL-MaLR	2707	+	204	32471825	88487
chr20	34725622	34925622	harbor1	chr20	34806939	34807482	LTR/ERVL-MaLR	1719	+	272	34807211	81589
chr20	34725622	34925622	harbor1	chr20	34816237	34816505	LTR/ERVL-MaLR	1341	+	134	34816371	90749
chr20	4799071	4999071	harbor1	chr20	4803291	4803471	LTR/ERVL-MaLR	875	+	90	4803381	4310
chr20	4799071	4999071	harbor1	chr20	4805105	4805588	LTR/ERVL-MaLR	1748	+	242	4805347	6276
chr20	4799071	4999071	harbor1	chr20	4829673	4830193	LTR/ERVL-MaLR	1923	+	260	4829933	30862
chr20	48275448	48475448	harbor1	chr20	48284940	48285268	LTR/ERVL-MaLR	592	+	164	48285104	9656
chr20	48275448	48475448	harbor1	chr20	48289501	48289995	LTR/ERVL-MaLR	1740	+	247	48289748	14300
chr20	48275448	48475448	harbor1	chr20	48294377	48294747	LTR/ERVL-MaLR	749	+	185	48294562	19114
chr20	48275448	48475448	harbor1	chr20	48299541	48299928	LTR/ERVL-MaLR	559	+	194	48299735	24287
chr20	48275448	48475448	harbor1	chr20	48313322	48313715	LTR/ERVL-MaLR	986	+	196	48313518	38070
chr20	48275448	48475448	harbor1	chr20	48315193	48315440	LTR/ERVL-MaLR	505	+	124	48315317	39869
chr20	48275448	48475448	harbor1	chr20	48315916	48316093	LTR/ERVL-MaLR	501	+	88	48316004	40556
chr20	48275448	48475448	harbor1	chr20	48326802	48327247	LTR/ERVL-MaLR	1087	+	222	48327024	51576
chr20	48275448	48475448	harbor1	chr20	48334389	48334760	LTR/ERVL-MaLR	2625	+	186	48334575	59127
chr20	48275448	48475448	harbor1	chr20	48356214	48356240	LTR/ERVL-MaLR	592	+	13	48356227	80779
chr20	48275448	48475448	harbor1	chr20	48356551	48356799	LTR/ERVL-MaLR	592	+	124	48356675	81227
chr20	32720146	32920146	harbor1	chr20	32729008	32729158	LTR/ERVL-MaLR	815	+	75	32729083	8937
chr20	32720146	32920146	harbor1	chr20	32729468	32729498	LTR/ERVL-MaLR	815	+	15	32729483	9337
chr20	32720146	32920146	harbor1	chr20	32729631	32729724	LTR/ERVL-MaLR	815	+	46	32729677	9531
chr20	32720146	32920146	harbor1	chr20	32730033	32730077	LTR/ERVL-MaLR	815	+	22	32730055	9909
chr20	3686190	3886190	harbor1	chr20	3687795	3688147	LTR/ERVL-MaLR	760	+	176	3687971	1781
chr20	3686190	3886190	harbor1	chr20	3690288	3690715	LTR/ERVL-MaLR	1025	+	214	3690502	4312
chr20	3686190	3886190	harbor1	chr20	3775839	3776214	LTR/ERVL-MaLR	1033	+	188	3776027	89837
chr20	3074005	3274005	harbor1	chr20	3077700	3078199	LTR/ERVL-MaLR	1195	+	250	3077950	3945
chr20	3074005	3274005	harbor1	chr20	3119097	3119541	LTR/ERVL-MaLR	1507	+	222	3119319	45314
chr20	21818150	22018150	harbor1	chr20	21893949	21894263	LTR/ERVL-MaLR	1306	+	157	21894106	75956
chr20	21818150	22018150	harbor1	chr20	21896847	21897405	LTR/ERVL-MaLR	1996	+	279	21897126	78976
chr20	21818150	22018150	harbor1	chr20	21908708	21909111	LTR/ERVL-MaLR	787	+	202	21908910	90760
chr20	33594101	33794101	harbor1	chr20	33680625	33680896	LTR/ERVL-MaLR	908	+	136	33680761	86660
chr20	40589402	40789402	harbor1	chr20	40656433	40656992	LTR/ERVL-MaLR	1929	+	280	40656713	67311
chr20	63452725	63652725	harbor1	chr20	63479401	63479727	LTR/ERVL-MaLR	1198	+	163	63479564	26839
chr20	63452725	63652725	harbor1	chr20	63486270	63486622	LTR/ERVL-MaLR	698	+	176	63486446	33721
chr20	63452725	63652725	harbor1	chr20	63501202	63501465	LTR/ERVL-MaLR	812	+	132	63501334	48609
chr20	63452725	63652725	harbor1	chr20	63505445	63505770	LTR/ERVL-MaLR	979	+	162	63505607	52882
chr20	34725651	34925651	harbor1	chr20	34806939	34807482	LTR/ERVL-MaLR	1719	+	272	34807211	81560
chr20	34725651	34925651	harbor1	chr20	34816237	34816505	LTR/ERVL-MaLR	1341	+	134	34816371	90720
chr20	2740727	2940727	harbor1	chr20	2761339	2761711	LTR/ERVL-MaLR	1610	+	186	2761525	20798
chr20	2740727	2940727	harbor1	chr20	2813205	2813582	LTR/ERVL-MaLR	1941	+	188	2813393	72666
chr20	50269813	50469813	harbor1	chr20	50286725	50286935	LTR/ERVL-MaLR	480	+	105	50286830	17017
chr20	50269813	50469813	harbor1	chr20	50310963	50311280	LTR/ERVL-MaLR	1532	+	158	50311121	41308
chr20	50269813	50469813	harbor1	chr20	50313277	50313754	LTR/ERVL-MaLR	750	+	238	50313515	43702
chr20	50269813	50469813	harbor1	chr20	50346822	50347313	LTR/ERVL-MaLR	1090	+	246	50347068	77255
chr20	50269813	50469813	harbor1	chr20	50348262	50348531	LTR/ERVL-MaLR	682	+	134	50348396	78583
chr20	63881176	64081176	harbor1	chr20	63973530	63973907	LTR/ERVL-MaLR	580	+	188	63973718	92542
chr20	63472027	63672027	harbor1	chr20	63479401	63479727	LTR/ERVL-MaLR	1198	+	163	63479564	7537
chr20	63472027	63672027	harbor1	chr20	63486270	63486622	LTR/ERVL-MaLR	698	+	176	63486446	14419
chr20	63472027	63672027	harbor1	chr20	63501202	63501465	LTR/ERVL-MaLR	812	+	132	63501334	29307
chr20	63472027	63672027	harbor1	chr20	63505445	63505770	LTR/ERVL-MaLR	979	+	162	63505607	33580
chr20	4071169	4271169	harbor1	chr20	4112754	4112897	LTR/ERVL-MaLR	498	+	72	4112826	41657
chr20	4071169	4271169	harbor1	chr20	4122448	4122545	LTR/ERVL-MaLR	1597	+	48	4122496	51327
chr20	4071169	4271169	harbor1	chr20	4122840	4123481	LTR/ERVL-MaLR	1597	+	320	4123160	51991
chr20	4071169	4271169	harbor1	chr20	4123806	4123861	LTR/ERVL-MaLR	1597	+	28	4123834	52665
chr20	4071169	4271169	harbor1	chr20	4142077	4142219	LTR/ERVL-MaLR	651	+	71	4142148	70979
chr20	4071169	4271169	harbor1	chr20	4145248	4145341	LTR/ERVL-MaLR	1255	+	46	4145294	74125
chr20	4071169	4271169	harbor1	chr20	4145964	4146227	LTR/ERVL-MaLR	1255	+	132	4146096	74927
chr20	4071169	4271169	harbor1	chr20	4146231	4146578	LTR/ERVL-MaLR	960	+	174	4146405	75236
chr20	4071169	4271169	harbor1	chr20	4146843	4146902	LTR/ERVL-MaLR	960	+	30	4146873	75704
chr20	59839798	60039798	harbor1	chr20	59854197	59854609	LTR/ERVL-MaLR	2400	+	206	59854403	14605
chr20	59839798	60039798	harbor1	chr20	59857064	59858258	LTR/ERVL-MaLR	4505	+	597	59857661	17863
chr20	59839798	60039798	harbor1	chr20	59858259	59858670	LTR/ERVL-MaLR	2079	+	206	59858465	18667
chr20	59839798	60039798	harbor1	chr20	59912676	59913051	LTR/ERVL-MaLR	1882	+	188	59912864	73066
chr20	43408519	43608519	harbor1	chr20	43420918	43421285	LTR/ERVL-MaLR	2618	+	184	43421102	12583
chr20	43408519	43608519	harbor1	chr20	43471223	43471675	LTR/ERVL-MaLR	1211	+	226	43471449	62930
chr20	43408519	43608519	harbor1	chr20	43495885	43496348	LTR/ERVL-MaLR	2097	+	232	43496117	87598
chr20	43408519	43608519	harbor1	chr20	43496650	43496718	LTR/ERVL-MaLR	2097	+	34	43496684	88165
chr20	43408519	43608519	harbor1	chr20	43497064	43497236	LTR/ERVL-MaLR	813	+	86	43497150	88631
chr20	43408519	43608519	harbor1	chr20	43497748	43497937	LTR/ERVL-MaLR	1043	+	94	43497842	89323
chr20	43408519	43608519	harbor1	chr20	43500766	43500930	LTR/ERVL-MaLR	2252	+	82	43500848	92329
chr20	43408519	43608519	harbor1	chr20	43501235	43501424	LTR/ERVL-MaLR	2252	+	94	43501329	92810
chr20	43408519	43608519	harbor1	chr20	43501728	43501778	LTR/ERVL-MaLR	2252	+	25	43501753	93234
chr20	32720119	32920119	harbor1	chr20	32729008	32729158	LTR/ERVL-MaLR	815	+	75	32729083	8964
chr20	32720119	32920119	harbor1	chr20	32729468	32729498	LTR/ERVL-MaLR	815	+	15	32729483	9364
chr20	32720119	32920119	harbor1	chr20	32729631	32729724	LTR/ERVL-MaLR	815	+	46	32729677	9558
chr20	32720119	32920119	harbor1	chr20	32730033	32730077	LTR/ERVL-MaLR	815	+	22	32730055	9936
chr20	5027110	5227110	harbor1	chr20	5054031	5054214	LTR/ERVL-MaLR	2357	+	92	5054123	27013
chr20	5027110	5227110	harbor1	chr20	5054447	5054459	LTR/ERVL-MaLR	2357	+	6	5054453	27343
chr20	5027110	5227110	harbor1	chr20	5054763	5054975	LTR/ERVL-MaLR	2357	+	106	5054869	27759
chr20	5027110	5227110	harbor1	chr20	5070010	5070477	LTR/ERVL-MaLR	694	+	234	5070244	43134
chr20	63471568	63671568	harbor1	chr20	63479401	63479727	LTR/ERVL-MaLR	1198	+	163	63479564	7996
chr20	63471568	63671568	harbor1	chr20	63486270	63486622	LTR/ERVL-MaLR	698	+	176	63486446	14878
chr20	63471568	63671568	harbor1	chr20	63501202	63501465	LTR/ERVL-MaLR	812	+	132	63501334	29766
chr20	63471568	63671568	harbor1	chr20	63505445	63505770	LTR/ERVL-MaLR	979	+	162	63505607	34039
chr20	63468216	63668216	harbor1	chr20	63479401	63479727	LTR/ERVL-MaLR	1198	+	163	63479564	11348
chr20	63468216	63668216	harbor1	chr20	63486270	63486622	LTR/ERVL-MaLR	698	+	176	63486446	18230
chr20	63468216	63668216	harbor1	chr20	63501202	63501465	LTR/ERVL-MaLR	812	+	132	63501334	33118
chr20	63468216	63668216	harbor1	chr20	63505445	63505770	LTR/ERVL-MaLR	979	+	162	63505607	37391
chr20	38574499	38774499	harbor1	chr20	38654776	38655164	LTR/ERVL-MaLR	1335	+	194	38654970	80471
chr20	38574499	38774499	harbor1	chr20	38666997	38667056	LTR/ERVL-MaLR	985	+	30	38667027	92528
chr20	38574499	38774499	harbor1	chr20	38667368	38667762	LTR/ERVL-MaLR	985	+	197	38667565	93066
chr20	62083219	62283219	harbor1	chr20	62084907	62085306	LTR/ERVL-MaLR	1460	+	200	62085107	1888
chr20	62083219	62283219	harbor1	chr20	62086838	62086970	LTR/ERVL-MaLR	546	+	66	62086904	3685
chr20	62083219	62283219	harbor1	chr20	62091835	62092389	LTR/ERVL-MaLR	3354	+	277	62092112	8893
chr20	62083219	62283219	harbor1	chr20	62092697	62093326	LTR/ERVL-MaLR	3354	+	314	62093011	9792
chr20	62083219	62283219	harbor1	chr20	62093631	62093853	LTR/ERVL-MaLR	3354	+	111	62093742	10523
chr20	62083219	62283219	harbor1	chr20	62093879	62094212	LTR/ERVL-MaLR	1327	+	166	62094045	10826
chr20	62083219	62283219	harbor1	chr20	62102581	62102960	LTR/ERVL-MaLR	1943	+	190	62102771	19552
chr20	62083219	62283219	harbor1	chr20	62107664	62107868	LTR/ERVL-MaLR	947	+	102	62107766	24547
chr20	62083219	62283219	harbor1	chr20	62110060	62110404	LTR/ERVL-MaLR	1755	+	172	62110232	27013
chr20	62083219	62283219	harbor1	chr20	62110692	62110719	LTR/ERVL-MaLR	1755	+	14	62110706	27487
chr20	62083219	62283219	harbor1	chr20	62111031	62111075	LTR/ERVL-MaLR	1755	+	22	62111053	27834
chr20	62083219	62283219	harbor1	chr20	62111076	62111482	LTR/ERVL-MaLR	2433	+	203	62111279	28060
chr20	3914093	4114093	harbor1	chr20	3950203	3950608	LTR/ERVL-MaLR	1530	+	202	3950405	36312
chr20	3914093	4114093	harbor1	chr20	3975558	3975884	LTR/ERVL-MaLR	1431	+	163	3975721	61628
chr20	3914093	4114093	harbor1	chr20	3976087	3976196	LTR/ERVL-MaLR	1431	+	54	3976141	62048
chr20	3914093	4114093	harbor1	chr20	3982217	3982295	LTR/ERVL-MaLR	1300	+	39	3982256	68163
chr20	3914093	4114093	harbor1	chr20	3982903	3983208	LTR/ERVL-MaLR	1300	+	152	3983055	68962
chr20	3914093	4114093	harbor1	chr20	3989575	3989960	LTR/ERVL-MaLR	1191	+	192	3989767	75674
chr20	3914093	4114093	harbor1	chr20	3996561	3996938	LTR/ERVL-MaLR	558	+	188	3996749	82656
chr20	3914093	4114093	harbor1	chr20	3997256	3997313	LTR/ERVL-MaLR	558	+	28	3997284	83191
chr20	3914093	4114093	harbor1	chr20	4004413	4004841	LTR/ERVL-MaLR	1085	+	214	4004627	90534
chr20	61271130	61471130	harbor1	chr20	61281197	61281560	LTR/ERVL-MaLR	1703	+	182	61281379	10249
chr20	61271130	61471130	harbor1	chr20	61298992	61299460	LTR/ERVL-MaLR	1070	+	234	61299226	28096
chr20	61271130	61471130	harbor1	chr20	61302701	61303146	LTR/ERVL-MaLR	1564	+	222	61302923	31793
chr20	61271130	61471130	harbor1	chr20	61368244	61368546	LTR/ERVL-MaLR	1432	+	151	61368395	97265
chr20	61271130	61471130	harbor1	chr20	61368816	61368857	LTR/ERVL-MaLR	1432	+	20	61368836	97706
chr20	54108072	54308072	harbor1	chr20	54141713	54141999	LTR/ERVL-MaLR	1491	+	143	54141856	33784
chr20	54108072	54308072	harbor1	chr20	54142341	54142412	LTR/ERVL-MaLR	1491	+	36	54142377	34305
chr20	54108072	54308072	harbor1	chr20	54156185	54156723	LTR/ERVL-MaLR	1589	+	269	54156454	48382
chr20	54108072	54308072	harbor1	chr20	54198865	54199238	LTR/ERVL-MaLR	2449	+	186	54199051	90979
chr20	54108072	54308072	harbor1	chr20	54181506	54181961	LTR/ERVL-MaLR	868	+	228	54181734	73662
chr20	2740635	2940635	harbor1	chr20	2761339	2761711	LTR/ERVL-MaLR	1610	+	186	2761525	20890
chr20	2740635	2940635	harbor1	chr20	2813205	2813582	LTR/ERVL-MaLR	1941	+	188	2813393	72758
chr20	38705777	38905777	harbor1	chr20	38735185	38735604	LTR/ERVL-MaLR	2836	+	210	38735395	29618
chr20	38705777	38905777	harbor1	chr20	38742847	38742976	LTR/ERVL-MaLR	620	+	64	38742911	37134
chr20	38705777	38905777	harbor1	chr20	38743258	38743343	LTR/ERVL-MaLR	620	+	42	38743300	37523
chr20	38705777	38905777	harbor1	chr20	38744587	38744768	LTR/ERVL-MaLR	755	+	90	38744677	38900
chr20	38705777	38905777	harbor1	chr20	38789156	38789220	LTR/ERVL-MaLR	1304	+	32	38789188	83411
chr20	38705777	38905777	harbor1	chr20	38789221	38789318	LTR/ERVL-MaLR	1943	+	48	38789269	83492
chr20	38705777	38905777	harbor1	chr20	38789631	38789920	LTR/ERVL-MaLR	1943	+	144	38789775	83998
chr20	38705777	38905777	harbor1	chr20	38789921	38790518	LTR/ERVL-MaLR	1304	+	298	38790219	84442
chr20	38705777	38905777	harbor1	chr20	38798129	38798571	LTR/ERVL-MaLR	2608	+	221	38798350	92573
chr20	1018817	1218817	harbor1	chr20	1030336	1030621	LTR/ERVL-MaLR	625	+	142	1030478	11661
chr20	1018817	1218817	harbor1	chr20	1033820	1034247	LTR/ERVL-MaLR	659	+	214	1034034	15217
chr20	1018817	1218817	harbor1	chr20	1034317	1034800	LTR/ERVL-MaLR	1674	+	242	1034559	15742
chr20	1018817	1218817	harbor1	chr20	1047265	1047546	LTR/ERVL-MaLR	861	+	140	1047405	28588
chr20	1018817	1218817	harbor1	chr20	1048664	1049202	LTR/ERVL-MaLR	1455	+	269	1048933	30116
chr20	1018817	1218817	harbor1	chr20	1056887	1056923	LTR/ERVL-MaLR	590	+	18	1056905	38088
chr20	1018817	1218817	harbor1	chr20	1056924	1057293	LTR/ERVL-MaLR	1648	+	184	1057108	38291
chr20	1018817	1218817	harbor1	chr20	1057294	1057319	LTR/ERVL-MaLR	590	+	12	1057306	38489
chr20	1018817	1218817	harbor1	chr20	1057563	1057805	LTR/ERVL-MaLR	590	+	121	1057684	38867
chr20	1018817	1218817	harbor1	chr20	1058088	1058235	LTR/ERVL-MaLR	590	+	74	1058162	39345
chr20	1018817	1218817	harbor1	chr20	1070013	1070413	LTR/ERVL-MaLR	1642	+	200	1070213	51396
chr20	1018817	1218817	harbor1	chr20	1083812	1084163	LTR/ERVL-MaLR	989	+	176	1083988	65171
chr20	1018817	1218817	harbor1	chr20	1088690	1089186	LTR/ERVL-MaLR	2260	+	248	1088938	70121
chr20	1018817	1218817	harbor1	chr20	1110366	1110765	LTR/ERVL-MaLR	2269	+	200	1110566	91749
chr20	1018817	1218817	harbor1	chr20	1081222	1081562	LTR/ERVL-MaLR	1941	+	170	1081392	62575
chr20	37933379	38133379	harbor1	chr20	37957362	37957729	LTR/ERVL-MaLR	758	+	184	37957546	24167
chr20	37933379	38133379	harbor1	chr20	38002833	38002902	LTR/ERVL-MaLR	557	+	34	38002867	69488
chr20	37933379	38133379	harbor1	chr20	38029692	38030045	LTR/ERVL-MaLR	2142	+	176	38029868	96489
chr20	34992759	35192759	harbor1	chr20	35040895	35041206	LTR/ERVL-MaLR	1338	+	156	35041051	48292
chr20	34992759	35192759	harbor1	chr20	35062976	35063344	LTR/ERVL-MaLR	2411	+	184	35063160	70401
chr20	34992759	35192759	harbor1	chr20	35069520	35069671	LTR/ERVL-MaLR	895	+	76	35069596	76837
chr20	34992759	35192759	harbor1	chr20	35069957	35070268	LTR/ERVL-MaLR	895	+	156	35070113	77354
chr20	59833005	60033005	harbor1	chr20	59854197	59854609	LTR/ERVL-MaLR	2400	+	206	59854403	21398
chr20	59833005	60033005	harbor1	chr20	59857064	59858258	LTR/ERVL-MaLR	4505	+	597	59857661	24656
chr20	59833005	60033005	harbor1	chr20	59858259	59858670	LTR/ERVL-MaLR	2079	+	206	59858465	25460
chr20	59833005	60033005	harbor1	chr20	59912676	59913051	LTR/ERVL-MaLR	1882	+	188	59912864	79859
chr20	61966280	62166280	harbor1	chr20	61973766	61974165	LTR/ERVL-MaLR	1053	+	200	61973966	7686
chr20	61966280	62166280	harbor1	chr20	62025429	62025765	LTR/ERVL-MaLR	2022	+	168	62025597	59317
chr20	61966280	62166280	harbor1	chr20	62036789	62037101	LTR/ERVL-MaLR	1178	+	156	62036945	70665
chr20	50269781	50469781	harbor1	chr20	50286725	50286935	LTR/ERVL-MaLR	480	+	105	50286830	17049
chr20	50269781	50469781	harbor1	chr20	50310963	50311280	LTR/ERVL-MaLR	1532	+	158	50311121	41340
chr20	50269781	50469781	harbor1	chr20	50313277	50313754	LTR/ERVL-MaLR	750	+	238	50313515	43734
chr20	50269781	50469781	harbor1	chr20	50346822	50347313	LTR/ERVL-MaLR	1090	+	246	50347068	77287
chr20	50269781	50469781	harbor1	chr20	50348262	50348531	LTR/ERVL-MaLR	682	+	134	50348396	78615
chr20	36114483	36314483	harbor1	chr20	36120806	36120963	LTR/ERVL-MaLR	897	+	78	36120884	6401
chr20	36114483	36314483	harbor1	chr20	36121090	36121286	LTR/ERVL-MaLR	925	+	98	36121188	6705
chr21	29198953	29398953	harbor1	chr21	29205030	29205376	LTR/ERVL-MaLR	2103	+	173	29205203	6250
chr21	29198953	29398953	harbor1	chr21	29223879	29224257	LTR/ERVL-MaLR	2136	+	189	29224068	25115
chr21	29198953	29398953	harbor1	chr21	29240668	29241042	LTR/ERVL-MaLR	2146	+	187	29240855	41902
chr21	29198953	29398953	harbor1	chr21	29250460	29251048	LTR/ERVL-MaLR	2627	+	294	29250754	51801
chr21	29198953	29398953	harbor1	chr21	29257435	29257571	LTR/ERVL-MaLR	519	+	68	29257503	58550
chr21	29198953	29398953	harbor1	chr21	29265739	29266097	LTR/ERVL-MaLR	2253	+	179	29265918	66965
chr21	29198953	29398953	harbor1	chr21	29270171	29270538	LTR/ERVL-MaLR	2162	+	184	29270355	71402
chr21	29198953	29398953	harbor1	chr21	29274538	29275063	LTR/ERVL-MaLR	2282	+	262	29274800	75847
chr21	29198953	29398953	harbor1	chr21	29212667	29212983	LTR/ERVL-MaLR	1229	+	158	29212825	13872
chr21	44576686	44776686	harbor1	chr21	44577843	44578186	LTR/ERVL-MaLR	2379	+	172	44578015	1329
chr21	44576686	44776686	harbor1	chr21	44610067	44611201	LTR/ERVL-MaLR	8171	+	567	44610634	33948
chr21	44576686	44776686	harbor1	chr21	44611202	44611556	LTR/ERVL-MaLR	2690	+	177	44611379	34693
chr21	44576686	44776686	harbor1	chr21	44618075	44618437	LTR/ERVL-MaLR	2012	+	181	44618256	41570
chr21	44576686	44776686	harbor1	chr21	44622785	44623192	LTR/ERVL-MaLR	2103	+	204	44622989	46303
chr21	44576686	44776686	harbor1	chr21	44649906	44649950	LTR/ERVL-MaLR	533	+	22	44649928	73242
chr21	44576686	44776686	harbor1	chr21	44650236	44650706	LTR/ERVL-MaLR	930	+	235	44650471	73785
chr21	44576686	44776686	harbor1	chr21	44672672	44673051	LTR/ERVL-MaLR	1990	+	190	44672862	96176
chr21	14337769	14537769	harbor1	chr21	14386893	14387357	LTR/ERVL-MaLR	1900	+	232	14387125	49356
chr21	14337769	14537769	harbor1	chr21	14405937	14406333	LTR/ERVL-MaLR	2114	+	198	14406135	68366
chr21	14337769	14537769	harbor1	chr21	14407496	14407613	LTR/ERVL-MaLR	522	+	58	14407554	69785
chr21	14337769	14537769	harbor1	chr21	14408444	14408515	LTR/ERVL-MaLR	483	+	36	14408480	70711
chr21	14337769	14537769	harbor1	chr21	14414342	14414682	LTR/ERVL-MaLR	1301	+	170	14414512	76743
chr21	14337769	14537769	harbor1	chr21	14432707	14433062	LTR/ERVL-MaLR	1588	+	178	14432885	95116
chr21	5028567	5228567	harbor1	chr21	5083419	5083768	LTR/ERVL-MaLR	581	+	174	5083593	55026
chr21	5028567	5228567	harbor1	chr21	5103815	5104078	LTR/ERVL-MaLR	685	+	132	5103947	75380
chr21	5028567	5228567	harbor1	chr21	5105066	5105411	LTR/ERVL-MaLR	557	+	172	5105238	76671
chr21	33070300	33270300	harbor1	chr21	33142031	33142390	LTR/ERVL-MaLR	2087	+	180	33142211	71911
chr21	33070300	33270300	harbor1	chr21	33158554	33159000	LTR/ERVL-MaLR	1326	+	223	33158777	88477
chr21	33070300	33270300	harbor1	chr21	33161390	33161617	LTR/ERVL-MaLR	2483	+	114	33161504	91204
chr21	33070300	33270300	harbor1	chr21	33161968	33162167	LTR/ERVL-MaLR	2483	+	100	33162068	91768
chr21	33070300	33270300	harbor1	chr21	33163893	33164426	LTR/ERVL-MaLR	957	+	266	33164159	93859
chr21	33070300	33270300	harbor1	chr21	33166680	33166977	LTR/ERVL-MaLR	1047	+	148	33166828	96528
chr21	33070300	33270300	harbor1	chr21	33167099	33167271	LTR/ERVL-MaLR	794	+	86	33167185	96885
chr21	14337822	14537822	harbor1	chr21	14386893	14387357	LTR/ERVL-MaLR	1900	+	232	14387125	49303
chr21	14337822	14537822	harbor1	chr21	14405937	14406333	LTR/ERVL-MaLR	2114	+	198	14406135	68313
chr21	14337822	14537822	harbor1	chr21	14407496	14407613	LTR/ERVL-MaLR	522	+	58	14407554	69732
chr21	14337822	14537822	harbor1	chr21	14408444	14408515	LTR/ERVL-MaLR	483	+	36	14408480	70658
chr21	14337822	14537822	harbor1	chr21	14414342	14414682	LTR/ERVL-MaLR	1301	+	170	14414512	76690
chr21	14337822	14537822	harbor1	chr21	14432707	14433062	LTR/ERVL-MaLR	1588	+	178	14432885	95063
chr21	41771682	41971682	harbor1	chr21	41775976	41776095	LTR/ERVL-MaLR	930	+	60	41776036	4354
chr21	41771682	41971682	harbor1	chr21	41776409	41776566	LTR/ERVL-MaLR	930	+	78	41776487	4805
chr21	41771682	41971682	harbor1	chr21	41776842	41777032	LTR/ERVL-MaLR	563	+	95	41776937	5255
chr21	41771682	41971682	harbor1	chr21	41820317	41820675	LTR/ERVL-MaLR	1592	+	179	41820496	48814
chr21	41771682	41971682	harbor1	chr21	41822619	41822756	LTR/ERVL-MaLR	1272	+	68	41822687	51005
chr21	41771682	41971682	harbor1	chr21	41823052	41823260	LTR/ERVL-MaLR	1272	+	104	41823156	51474
chr21	41771682	41971682	harbor1	chr21	41852789	41853178	LTR/ERVL-MaLR	1083	+	194	41852983	81301
chr21	29199129	29399129	harbor1	chr21	29205030	29205376	LTR/ERVL-MaLR	2103	+	173	29205203	6074
chr21	29199129	29399129	harbor1	chr21	29223879	29224257	LTR/ERVL-MaLR	2136	+	189	29224068	24939
chr21	29199129	29399129	harbor1	chr21	29240668	29241042	LTR/ERVL-MaLR	2146	+	187	29240855	41726
chr21	29199129	29399129	harbor1	chr21	29250460	29251048	LTR/ERVL-MaLR	2627	+	294	29250754	51625
chr21	29199129	29399129	harbor1	chr21	29257435	29257571	LTR/ERVL-MaLR	519	+	68	29257503	58374
chr21	29199129	29399129	harbor1	chr21	29265739	29266097	LTR/ERVL-MaLR	2253	+	179	29265918	66789
chr21	29199129	29399129	harbor1	chr21	29270171	29270538	LTR/ERVL-MaLR	2162	+	184	29270355	71226
chr21	29199129	29399129	harbor1	chr21	29274538	29275063	LTR/ERVL-MaLR	2282	+	262	29274800	75671
chr21	29199129	29399129	harbor1	chr21	29212667	29212983	LTR/ERVL-MaLR	1229	+	158	29212825	13696
chr21	29198948	29398948	harbor1	chr21	29205030	29205376	LTR/ERVL-MaLR	2103	+	173	29205203	6255
chr21	29198948	29398948	harbor1	chr21	29223879	29224257	LTR/ERVL-MaLR	2136	+	189	29224068	25120
chr21	29198948	29398948	harbor1	chr21	29240668	29241042	LTR/ERVL-MaLR	2146	+	187	29240855	41907
chr21	29198948	29398948	harbor1	chr21	29250460	29251048	LTR/ERVL-MaLR	2627	+	294	29250754	51806
chr21	29198948	29398948	harbor1	chr21	29257435	29257571	LTR/ERVL-MaLR	519	+	68	29257503	58555
chr21	29198948	29398948	harbor1	chr21	29265739	29266097	LTR/ERVL-MaLR	2253	+	179	29265918	66970
chr21	29198948	29398948	harbor1	chr21	29270171	29270538	LTR/ERVL-MaLR	2162	+	184	29270355	71407
chr21	29198948	29398948	harbor1	chr21	29274538	29275063	LTR/ERVL-MaLR	2282	+	262	29274800	75852
chr21	29198948	29398948	harbor1	chr21	29212667	29212983	LTR/ERVL-MaLR	1229	+	158	29212825	13877
chr21	39008447	39208447	harbor1	chr21	39036248	39036676	LTR/ERVL-MaLR	1422	+	214	39036462	28015
chr21	39008447	39208447	harbor1	chr21	39058684	39058826	LTR/ERVL-MaLR	1234	+	71	39058755	50308
chr21	39008447	39208447	harbor1	chr21	39059118	39059372	LTR/ERVL-MaLR	1234	+	127	39059245	50798
chr21	39008447	39208447	harbor1	chr21	39064379	39064713	LTR/ERVL-MaLR	718	+	167	39064546	56099
chr21	39008447	39208447	harbor1	chr21	39072377	39072804	LTR/ERVL-MaLR	1479	+	214	39072591	64144
chr21	39008447	39208447	harbor1	chr21	39088276	39088373	LTR/ERVL-MaLR	1181	+	48	39088324	79877
chr21	39008447	39208447	harbor1	chr21	39088870	39089165	LTR/ERVL-MaLR	1181	+	148	39089018	80571
chr21	39008447	39208447	harbor1	chr21	39089609	39089664	LTR/ERVL-MaLR	1181	+	28	39089637	81190
chr21	39008447	39208447	harbor1	chr21	39089673	39089934	LTR/ERVL-MaLR	1682	+	130	39089803	81356
chr21	42275771	42475771	harbor1	chr21	42278356	42278723	LTR/ERVL-MaLR	1594	+	184	42278540	2769
chr21	42275771	42475771	harbor1	chr21	42320496	42320608	LTR/ERVL-MaLR	1167	+	56	42320552	44781
chr21	42275771	42475771	harbor1	chr21	42320832	42321239	LTR/ERVL-MaLR	1167	+	204	42321036	45265
chr21	42275771	42475771	harbor1	chr21	42355474	42355891	LTR/ERVL-MaLR	2405	+	208	42355682	79911
chr21	42275771	42475771	harbor1	chr21	42358887	42358964	LTR/ERVL-MaLR	967	+	38	42358925	83154
chr21	42275771	42475771	harbor1	chr21	42359764	42359925	LTR/ERVL-MaLR	967	+	80	42359844	84073
chr21	5008533	5208533	harbor1	chr21	5018889	5019052	LTR/ERVL-MaLR	622	+	82	5018971	10438
chr21	5008533	5208533	harbor1	chr21	5083419	5083768	LTR/ERVL-MaLR	581	+	174	5083593	75060
chr21	5008533	5208533	harbor1	chr21	5103815	5104078	LTR/ERVL-MaLR	685	+	132	5103947	95414
chr21	5008533	5208533	harbor1	chr21	5105066	5105411	LTR/ERVL-MaLR	557	+	172	5105238	96705
chr21	14337781	14537781	harbor1	chr21	14386893	14387357	LTR/ERVL-MaLR	1900	+	232	14387125	49344
chr21	14337781	14537781	harbor1	chr21	14405937	14406333	LTR/ERVL-MaLR	2114	+	198	14406135	68354
chr21	14337781	14537781	harbor1	chr21	14407496	14407613	LTR/ERVL-MaLR	522	+	58	14407554	69773
chr21	14337781	14537781	harbor1	chr21	14408444	14408515	LTR/ERVL-MaLR	483	+	36	14408480	70699
chr21	14337781	14537781	harbor1	chr21	14414342	14414682	LTR/ERVL-MaLR	1301	+	170	14414512	76731
chr21	14337781	14537781	harbor1	chr21	14432707	14433062	LTR/ERVL-MaLR	1588	+	178	14432885	95104
chr21	46031163	46231163	harbor1	chr21	46031383	46031627	LTR/ERVL-MaLR	1956	+	122	46031505	342
chr21	46031163	46231163	harbor1	chr21	46032664	46032853	LTR/ERVL-MaLR	567	+	94	46032758	1595
chr21	46031163	46231163	harbor1	chr21	46040799	46041154	LTR/ERVL-MaLR	2241	+	178	46040977	9814
chr21	46031163	46231163	harbor1	chr21	46052314	46052452	LTR/ERVL-MaLR	472	+	69	46052383	21220
chr21	46031163	46231163	harbor1	chr21	46078120	46078329	LTR/ERVL-MaLR	884	+	104	46078224	47061
chr21	46031163	46231163	harbor1	chr21	46089222	46089590	LTR/ERVL-MaLR	1126	+	184	46089406	58243
chr21	46031163	46231163	harbor1	chr21	46090136	46090631	LTR/ERVL-MaLR	1500	+	248	46090384	59221
chr21	14337791	14537791	harbor1	chr21	14386893	14387357	LTR/ERVL-MaLR	1900	+	232	14387125	49334
chr21	14337791	14537791	harbor1	chr21	14405937	14406333	LTR/ERVL-MaLR	2114	+	198	14406135	68344
chr21	14337791	14537791	harbor1	chr21	14407496	14407613	LTR/ERVL-MaLR	522	+	58	14407554	69763
chr21	14337791	14537791	harbor1	chr21	14408444	14408515	LTR/ERVL-MaLR	483	+	36	14408480	70689
chr21	14337791	14537791	harbor1	chr21	14414342	14414682	LTR/ERVL-MaLR	1301	+	170	14414512	76721
chr21	14337791	14537791	harbor1	chr21	14432707	14433062	LTR/ERVL-MaLR	1588	+	178	14432885	95094
chr21	29199041	29399041	harbor1	chr21	29205030	29205376	LTR/ERVL-MaLR	2103	+	173	29205203	6162
chr21	29199041	29399041	harbor1	chr21	29223879	29224257	LTR/ERVL-MaLR	2136	+	189	29224068	25027
chr21	29199041	29399041	harbor1	chr21	29240668	29241042	LTR/ERVL-MaLR	2146	+	187	29240855	41814
chr21	29199041	29399041	harbor1	chr21	29250460	29251048	LTR/ERVL-MaLR	2627	+	294	29250754	51713
chr21	29199041	29399041	harbor1	chr21	29257435	29257571	LTR/ERVL-MaLR	519	+	68	29257503	58462
chr21	29199041	29399041	harbor1	chr21	29265739	29266097	LTR/ERVL-MaLR	2253	+	179	29265918	66877
chr21	29199041	29399041	harbor1	chr21	29270171	29270538	LTR/ERVL-MaLR	2162	+	184	29270355	71314
chr21	29199041	29399041	harbor1	chr21	29274538	29275063	LTR/ERVL-MaLR	2282	+	262	29274800	75759
chr21	29199041	29399041	harbor1	chr21	29212667	29212983	LTR/ERVL-MaLR	1229	+	158	29212825	13784
chr21	46154518	46354518	harbor1	chr21	46156727	46157035	LTR/ERVL-MaLR	1780	+	154	46156881	2363
chr21	46154518	46354518	harbor1	chr21	46157889	46158097	LTR/ERVL-MaLR	776	+	104	46157993	3475
chr21	46154518	46354518	harbor1	chr21	46196865	46197169	LTR/ERVL-MaLR	929	+	152	46197017	42499
chr21	46154518	46354518	harbor1	chr21	46232319	46232471	LTR/ERVL-MaLR	521	+	76	46232395	77877
chr21	46154518	46354518	harbor1	chr21	46250343	46250865	LTR/ERVL-MaLR	1984	+	261	46250604	96086
chr21	46154518	46354518	harbor1	chr21	46253401	46253655	LTR/ERVL-MaLR	1013	+	127	46253528	99010
chr21	46154518	46354518	harbor1	chr21	46253918	46254182	LTR/ERVL-MaLR	1367	+	132	46254050	99532
chr21	14336442	14536442	harbor1	chr21	14386893	14387357	LTR/ERVL-MaLR	1900	+	232	14387125	50683
chr21	14336442	14536442	harbor1	chr21	14405937	14406333	LTR/ERVL-MaLR	2114	+	198	14406135	69693
chr21	14336442	14536442	harbor1	chr21	14407496	14407613	LTR/ERVL-MaLR	522	+	58	14407554	71112
chr21	14336442	14536442	harbor1	chr21	14408444	14408515	LTR/ERVL-MaLR	483	+	36	14408480	72038
chr21	14336442	14536442	harbor1	chr21	14414342	14414682	LTR/ERVL-MaLR	1301	+	170	14414512	78070
chr21	14336442	14536442	harbor1	chr21	14432707	14433062	LTR/ERVL-MaLR	1588	+	178	14432885	96443
chr21	14337826	14537826	harbor1	chr21	14386893	14387357	LTR/ERVL-MaLR	1900	+	232	14387125	49299
chr21	14337826	14537826	harbor1	chr21	14405937	14406333	LTR/ERVL-MaLR	2114	+	198	14406135	68309
chr21	14337826	14537826	harbor1	chr21	14407496	14407613	LTR/ERVL-MaLR	522	+	58	14407554	69728
chr21	14337826	14537826	harbor1	chr21	14408444	14408515	LTR/ERVL-MaLR	483	+	36	14408480	70654
chr21	14337826	14537826	harbor1	chr21	14414342	14414682	LTR/ERVL-MaLR	1301	+	170	14414512	76686
chr21	14337826	14537826	harbor1	chr21	14432707	14433062	LTR/ERVL-MaLR	1588	+	178	14432885	95059
chr21	39008502	39208502	harbor1	chr21	39036248	39036676	LTR/ERVL-MaLR	1422	+	214	39036462	27960
chr21	39008502	39208502	harbor1	chr21	39058684	39058826	LTR/ERVL-MaLR	1234	+	71	39058755	50253
chr21	39008502	39208502	harbor1	chr21	39059118	39059372	LTR/ERVL-MaLR	1234	+	127	39059245	50743
chr21	39008502	39208502	harbor1	chr21	39064379	39064713	LTR/ERVL-MaLR	718	+	167	39064546	56044
chr21	39008502	39208502	harbor1	chr21	39072377	39072804	LTR/ERVL-MaLR	1479	+	214	39072591	64089
chr21	39008502	39208502	harbor1	chr21	39088276	39088373	LTR/ERVL-MaLR	1181	+	48	39088324	79822
chr21	39008502	39208502	harbor1	chr21	39088870	39089165	LTR/ERVL-MaLR	1181	+	148	39089018	80516
chr21	39008502	39208502	harbor1	chr21	39089609	39089664	LTR/ERVL-MaLR	1181	+	28	39089637	81135
chr21	39008502	39208502	harbor1	chr21	39089673	39089934	LTR/ERVL-MaLR	1682	+	130	39089803	81301
chr21	44410604	44610604	harbor1	chr21	44415222	44415652	LTR/ERVL-MaLR	1399	+	215	44415437	4833
chr21	44410604	44610604	harbor1	chr21	44464713	44464875	LTR/ERVL-MaLR	601	+	81	44464794	54190
chr21	44410604	44610604	harbor1	chr21	44464946	44465124	LTR/ERVL-MaLR	837	+	89	44465035	54431
chr21	44410604	44610604	harbor1	chr21	44476117	44476460	LTR/ERVL-MaLR	1879	+	172	44476289	65685
chr21	14337835	14537835	harbor1	chr21	14386893	14387357	LTR/ERVL-MaLR	1900	+	232	14387125	49290
chr21	14337835	14537835	harbor1	chr21	14405937	14406333	LTR/ERVL-MaLR	2114	+	198	14406135	68300
chr21	14337835	14537835	harbor1	chr21	14407496	14407613	LTR/ERVL-MaLR	522	+	58	14407554	69719
chr21	14337835	14537835	harbor1	chr21	14408444	14408515	LTR/ERVL-MaLR	483	+	36	14408480	70645
chr21	14337835	14537835	harbor1	chr21	14414342	14414682	LTR/ERVL-MaLR	1301	+	170	14414512	76677
chr21	14337835	14537835	harbor1	chr21	14432707	14433062	LTR/ERVL-MaLR	1588	+	178	14432885	95050
chr21	42275718	42475718	harbor1	chr21	42278356	42278723	LTR/ERVL-MaLR	1594	+	184	42278540	2822
chr21	42275718	42475718	harbor1	chr21	42320496	42320608	LTR/ERVL-MaLR	1167	+	56	42320552	44834
chr21	42275718	42475718	harbor1	chr21	42320832	42321239	LTR/ERVL-MaLR	1167	+	204	42321036	45318
chr21	42275718	42475718	harbor1	chr21	42355474	42355891	LTR/ERVL-MaLR	2405	+	208	42355682	79964
chr21	42275718	42475718	harbor1	chr21	42358887	42358964	LTR/ERVL-MaLR	967	+	38	42358925	83207
chr21	42275718	42475718	harbor1	chr21	42359764	42359925	LTR/ERVL-MaLR	967	+	80	42359844	84126
chr21	29199063	29399063	harbor1	chr21	29205030	29205376	LTR/ERVL-MaLR	2103	+	173	29205203	6140
chr21	29199063	29399063	harbor1	chr21	29223879	29224257	LTR/ERVL-MaLR	2136	+	189	29224068	25005
chr21	29199063	29399063	harbor1	chr21	29240668	29241042	LTR/ERVL-MaLR	2146	+	187	29240855	41792
chr21	29199063	29399063	harbor1	chr21	29250460	29251048	LTR/ERVL-MaLR	2627	+	294	29250754	51691
chr21	29199063	29399063	harbor1	chr21	29257435	29257571	LTR/ERVL-MaLR	519	+	68	29257503	58440
chr21	29199063	29399063	harbor1	chr21	29265739	29266097	LTR/ERVL-MaLR	2253	+	179	29265918	66855
chr21	29199063	29399063	harbor1	chr21	29270171	29270538	LTR/ERVL-MaLR	2162	+	184	29270355	71292
chr21	29199063	29399063	harbor1	chr21	29274538	29275063	LTR/ERVL-MaLR	2282	+	262	29274800	75737
chr21	29199063	29399063	harbor1	chr21	29212667	29212983	LTR/ERVL-MaLR	1229	+	158	29212825	13762
chr21	46358530	46558530	harbor1	chr21	46450076	46450446	LTR/ERVL-MaLR	2342	+	185	46450261	91731
chr21	46358530	46558530	harbor1	chr21	46450735	46450771	LTR/ERVL-MaLR	2342	+	18	46450753	92223
chr21	46358530	46558530	harbor1	chr21	46455558	46456078	LTR/ERVL-MaLR	1305	+	260	46455818	97288
chr21	46358530	46558530	harbor1	chr21	46456266	46456723	LTR/ERVL-MaLR	1961	+	228	46456494	97964
chr21	29198984	29398984	harbor1	chr21	29205030	29205376	LTR/ERVL-MaLR	2103	+	173	29205203	6219
chr21	29198984	29398984	harbor1	chr21	29223879	29224257	LTR/ERVL-MaLR	2136	+	189	29224068	25084
chr21	29198984	29398984	harbor1	chr21	29240668	29241042	LTR/ERVL-MaLR	2146	+	187	29240855	41871
chr21	29198984	29398984	harbor1	chr21	29250460	29251048	LTR/ERVL-MaLR	2627	+	294	29250754	51770
chr21	29198984	29398984	harbor1	chr21	29257435	29257571	LTR/ERVL-MaLR	519	+	68	29257503	58519
chr21	29198984	29398984	harbor1	chr21	29265739	29266097	LTR/ERVL-MaLR	2253	+	179	29265918	66934
chr21	29198984	29398984	harbor1	chr21	29270171	29270538	LTR/ERVL-MaLR	2162	+	184	29270355	71371
chr21	29198984	29398984	harbor1	chr21	29274538	29275063	LTR/ERVL-MaLR	2282	+	262	29274800	75816
chr21	29198984	29398984	harbor1	chr21	29212667	29212983	LTR/ERVL-MaLR	1229	+	158	29212825	13841
chr21	39008480	39208480	harbor1	chr21	39036248	39036676	LTR/ERVL-MaLR	1422	+	214	39036462	27982
chr21	39008480	39208480	harbor1	chr21	39058684	39058826	LTR/ERVL-MaLR	1234	+	71	39058755	50275
chr21	39008480	39208480	harbor1	chr21	39059118	39059372	LTR/ERVL-MaLR	1234	+	127	39059245	50765
chr21	39008480	39208480	harbor1	chr21	39064379	39064713	LTR/ERVL-MaLR	718	+	167	39064546	56066
chr21	39008480	39208480	harbor1	chr21	39072377	39072804	LTR/ERVL-MaLR	1479	+	214	39072591	64111
chr21	39008480	39208480	harbor1	chr21	39088276	39088373	LTR/ERVL-MaLR	1181	+	48	39088324	79844
chr21	39008480	39208480	harbor1	chr21	39088870	39089165	LTR/ERVL-MaLR	1181	+	148	39089018	80538
chr21	39008480	39208480	harbor1	chr21	39089609	39089664	LTR/ERVL-MaLR	1181	+	28	39089637	81157
chr21	39008480	39208480	harbor1	chr21	39089673	39089934	LTR/ERVL-MaLR	1682	+	130	39089803	81323
chr21	46536367	46736367	harbor1	chr21	46572456	46572795	LTR/ERVL-MaLR	2035	+	170	46572626	36259
chr21	46536367	46736367	harbor1	chr21	46583538	46583920	LTR/ERVL-MaLR	1580	+	191	46583729	47362
chr21	46536367	46736367	harbor1	chr21	46591237	46591619	LTR/ERVL-MaLR	1806	+	191	46591428	55061
chr21	46536367	46736367	harbor1	chr21	46591620	46593186	LTR/ERVL-MaLR	11702	+	783	46592403	56036
chr21	46536367	46736367	harbor1	chr21	46593187	46593546	LTR/ERVL-MaLR	2082	+	180	46593367	57000
chr21	46536367	46736367	harbor1	chr21	46625850	46625958	LTR/ERVL-MaLR	504	+	54	46625904	89537
chr21	46536367	46736367	harbor1	chr21	46627580	46627667	LTR/ERVL-MaLR	1659	+	44	46627624	91257
chr21	46536367	46736367	harbor1	chr21	46628091	46628397	LTR/ERVL-MaLR	1659	+	153	46628244	91877
chr21	14173498	14373498	harbor1	chr21	14186608	14186980	LTR/ERVL-MaLR	2166	+	186	14186794	13296
chr21	14173498	14373498	harbor1	chr21	14223644	14224105	LTR/ERVL-MaLR	1166	+	230	14223874	50376
chr21	14173498	14373498	harbor1	chr21	14228490	14228847	LTR/ERVL-MaLR	2200	+	178	14228668	55170
chr21	14173498	14373498	harbor1	chr21	14228859	14230510	LTR/ERVL-MaLR	10222	+	826	14229685	56187
chr21	14173498	14373498	harbor1	chr21	14230511	14230887	LTR/ERVL-MaLR	2382	+	188	14230699	57201
chr21	14173498	14373498	harbor1	chr21	14241265	14241635	LTR/ERVL-MaLR	1789	+	185	14241450	67952
chr21	14173498	14373498	harbor1	chr21	14243415	14243988	LTR/ERVL-MaLR	854	+	286	14243701	70203
chr21	14173498	14373498	harbor1	chr21	14244067	14244494	LTR/ERVL-MaLR	627	+	214	14244281	70783
chr21	14173498	14373498	harbor1	chr21	14244516	14245010	LTR/ERVL-MaLR	1146	+	247	14244763	71265
chr21	14173498	14373498	harbor1	chr21	14265621	14266009	LTR/ERVL-MaLR	2182	+	194	14265815	92317
chr21	14173498	14373498	harbor1	chr21	14269805	14269880	LTR/ERVL-MaLR	1229	+	38	14269843	96345
chr21	14173498	14373498	harbor1	chr21	14270186	14270494	LTR/ERVL-MaLR	1229	+	154	14270340	96842
chr21	42467105	42667105	harbor1	chr21	42481018	42481446	LTR/ERVL-MaLR	2546	+	214	42481232	14127
chr21	46082706	46282706	harbor1	chr21	46089222	46089590	LTR/ERVL-MaLR	1126	+	184	46089406	6700
chr21	46082706	46282706	harbor1	chr21	46090136	46090631	LTR/ERVL-MaLR	1500	+	248	46090384	7678
chr21	46082706	46282706	harbor1	chr21	46156727	46157035	LTR/ERVL-MaLR	1780	+	154	46156881	74175
chr21	46082706	46282706	harbor1	chr21	46157889	46158097	LTR/ERVL-MaLR	776	+	104	46157993	75287
chr21	14337834	14537834	harbor1	chr21	14386893	14387357	LTR/ERVL-MaLR	1900	+	232	14387125	49291
chr21	14337834	14537834	harbor1	chr21	14405937	14406333	LTR/ERVL-MaLR	2114	+	198	14406135	68301
chr21	14337834	14537834	harbor1	chr21	14407496	14407613	LTR/ERVL-MaLR	522	+	58	14407554	69720
chr21	14337834	14537834	harbor1	chr21	14408444	14408515	LTR/ERVL-MaLR	483	+	36	14408480	70646
chr21	14337834	14537834	harbor1	chr21	14414342	14414682	LTR/ERVL-MaLR	1301	+	170	14414512	76678
chr21	14337834	14537834	harbor1	chr21	14432707	14433062	LTR/ERVL-MaLR	1588	+	178	14432885	95051
chr21	15625713	15825713	harbor1	chr21	15647851	15648219	LTR/ERVL-MaLR	1984	+	184	15648035	22322
chr21	15625713	15825713	harbor1	chr21	15665110	15665460	LTR/ERVL-MaLR	1978	+	175	15665285	39572
chr21	15625713	15825713	harbor1	chr21	15675745	15676062	LTR/ERVL-MaLR	1391	+	158	15675903	50190
chr21	15625713	15825713	harbor1	chr21	15676696	15677165	LTR/ERVL-MaLR	883	+	234	15676930	51217
chr21	15625713	15825713	harbor1	chr21	15687193	15687553	LTR/ERVL-MaLR	1895	+	180	15687373	61660
chr21	15625713	15825713	harbor1	chr21	15702632	15703055	LTR/ERVL-MaLR	2651	+	212	15702844	77131
chr21	15625713	15825713	harbor1	chr21	15705122	15705463	LTR/ERVL-MaLR	2122	+	170	15705292	79579
chr21	15625713	15825713	harbor1	chr21	15720053	15720229	LTR/ERVL-MaLR	2193	+	88	15720141	94428
chr21	15625713	15825713	harbor1	chr21	15720552	15720809	LTR/ERVL-MaLR	2193	+	128	15720680	94967
chr21	46186419	46386419	harbor1	chr21	46196865	46197169	LTR/ERVL-MaLR	929	+	152	46197017	10598
chr21	46186419	46386419	harbor1	chr21	46232319	46232471	LTR/ERVL-MaLR	521	+	76	46232395	45976
chr21	46186419	46386419	harbor1	chr21	46250343	46250865	LTR/ERVL-MaLR	1984	+	261	46250604	64185
chr21	46186419	46386419	harbor1	chr21	46253401	46253655	LTR/ERVL-MaLR	1013	+	127	46253528	67109
chr21	46186419	46386419	harbor1	chr21	46253918	46254182	LTR/ERVL-MaLR	1367	+	132	46254050	67631
chr21	14337784	14537784	harbor1	chr21	14386893	14387357	LTR/ERVL-MaLR	1900	+	232	14387125	49341
chr21	14337784	14537784	harbor1	chr21	14405937	14406333	LTR/ERVL-MaLR	2114	+	198	14406135	68351
chr21	14337784	14537784	harbor1	chr21	14407496	14407613	LTR/ERVL-MaLR	522	+	58	14407554	69770
chr21	14337784	14537784	harbor1	chr21	14408444	14408515	LTR/ERVL-MaLR	483	+	36	14408480	70696
chr21	14337784	14537784	harbor1	chr21	14414342	14414682	LTR/ERVL-MaLR	1301	+	170	14414512	76728
chr21	14337784	14537784	harbor1	chr21	14432707	14433062	LTR/ERVL-MaLR	1588	+	178	14432885	95101
chr21	33379496	33579496	harbor1	chr21	33392853	33393145	LTR/ERVL-MaLR	1551	+	146	33392999	13503
chr21	33379496	33579496	harbor1	chr21	33393455	33393552	LTR/ERVL-MaLR	1551	+	48	33393503	14007
chr21	33379496	33579496	harbor1	chr21	33394089	33394195	LTR/ERVL-MaLR	573	+	53	33394142	14646
chr21	33379496	33579496	harbor1	chr21	33399122	33399325	LTR/ERVL-MaLR	2430	+	102	33399224	19728
chr21	33379496	33579496	harbor1	chr21	33399629	33399848	LTR/ERVL-MaLR	2430	+	110	33399739	20243
chr21	33379496	33579496	harbor1	chr21	33411468	33411907	LTR/ERVL-MaLR	1557	+	220	33411688	32192
chr21	33379496	33579496	harbor1	chr21	33469492	33469987	LTR/ERVL-MaLR	1728	+	248	33469740	90244
chr22	19075025	19275025	harbor1	chr22	19153185	19153729	LTR/ERVL-MaLR	660	+	272	19153457	78432
chr22	19075025	19275025	harbor1	chr22	19153736	19154082	LTR/ERVL-MaLR	773	+	173	19153909	78884
chr22	42772450	42972450	harbor1	chr22	42781004	42781339	LTR/ERVL-MaLR	925	+	168	42781172	8722
chr22	42772450	42972450	harbor1	chr22	42781760	42782167	LTR/ERVL-MaLR	2041	+	204	42781964	9514
chr22	42772450	42972450	harbor1	chr22	42811030	42811376	LTR/ERVL-MaLR	443	+	173	42811203	38753
chr22	42772450	42972450	harbor1	chr22	42848753	42849293	LTR/ERVL-MaLR	1730	+	270	42849023	76573
chr22	42772450	42972450	harbor1	chr22	42863601	42863974	LTR/ERVL-MaLR	2675	+	186	42863787	91337
chr22	46476611	46676611	harbor1	chr22	46493580	46493943	LTR/ERVL-MaLR	2665	+	182	46493762	17151
chr22	46476611	46676611	harbor1	chr22	46552334	46552766	LTR/ERVL-MaLR	1271	+	216	46552550	75939
chr22	46476611	46676611	harbor1	chr22	46552971	46553392	LTR/ERVL-MaLR	807	+	210	46553181	76570
chr22	50579676	50779676	harbor1	chr22	50595417	50595641	LTR/ERVL-MaLR	1034	+	112	50595529	15853
chr22	50579676	50779676	harbor1	chr22	50595956	50596250	LTR/ERVL-MaLR	1034	+	147	50596103	16427
chr22	42838745	43038745	harbor1	chr22	42848753	42849293	LTR/ERVL-MaLR	1730	+	270	42849023	10278
chr22	42838745	43038745	harbor1	chr22	42863601	42863974	LTR/ERVL-MaLR	2675	+	186	42863787	25042
chr22	42838745	43038745	harbor1	chr22	42882956	42883142	LTR/ERVL-MaLR	891	+	93	42883049	44304
chr22	42838745	43038745	harbor1	chr22	42930142	42930280	LTR/ERVL-MaLR	472	+	69	42930211	91466
chr22	43896078	44096078	harbor1	chr22	43899637	43899712	LTR/ERVL-MaLR	434	+	38	43899675	3597
chr22	43896078	44096078	harbor1	chr22	43899993	43900176	LTR/ERVL-MaLR	771	+	92	43900085	4007
chr22	43896078	44096078	harbor1	chr22	43912395	43912565	LTR/ERVL-MaLR	671	+	85	43912480	16402
chr22	43896078	44096078	harbor1	chr22	43915743	43916093	LTR/ERVL-MaLR	874	+	175	43915918	19840
chr22	43896078	44096078	harbor1	chr22	43916198	43916363	LTR/ERVL-MaLR	638	+	82	43916280	20202
chr22	43896078	44096078	harbor1	chr22	43922485	43922760	LTR/ERVL-MaLR	1317	+	138	43922623	26545
chr22	43896078	44096078	harbor1	chr22	43923020	43923100	LTR/ERVL-MaLR	1317	+	40	43923060	26982
chr22	43896078	44096078	harbor1	chr22	43937848	43938211	LTR/ERVL-MaLR	1962	+	182	43938030	41952
chr22	26575728	26775728	harbor1	chr22	26643380	26643687	LTR/ERVL-MaLR	708	+	154	26643534	67806
chr22	26575728	26775728	harbor1	chr22	26650039	26650398	LTR/ERVL-MaLR	1359	+	180	26650219	74491
chr22	43426643	43626643	harbor1	chr22	43513447	43513610	LTR/ERVL-MaLR	630	+	82	43513529	86886
chr22	50054112	50254112	harbor1	chr22	50086974	50087368	LTR/ERVL-MaLR	2724	+	197	50087171	33059
chr22	50054112	50254112	harbor1	chr22	50099105	50099353	LTR/ERVL-MaLR	1145	+	124	50099229	45117
chr22	42989526	43189526	harbor1	chr22	43005818	43005954	LTR/ERVL-MaLR	700	+	68	43005886	16360
chr22	42989526	43189526	harbor1	chr22	43006098	43006316	LTR/ERVL-MaLR	801	+	109	43006207	16681
chr22	42989526	43189526	harbor1	chr22	43085385	43085710	LTR/ERVL-MaLR	1973	+	162	43085547	96021
chr22	36675743	36875743	harbor1	chr22	36687060	36687354	LTR/ERVL-MaLR	641	+	147	36687207	11464
chr22	36675743	36875743	harbor1	chr22	36687564	36688051	LTR/ERVL-MaLR	2100	+	244	36687808	12065
chr22	36675743	36875743	harbor1	chr22	36735626	36735715	LTR/ERVL-MaLR	425	+	44	36735670	59927
chr22	36675743	36875743	harbor1	chr22	36739108	36739492	LTR/ERVL-MaLR	2458	+	192	36739300	63557
chr22	22997061	23197061	harbor1	chr22	23020337	23020716	LTR/ERVL-MaLR	1774	+	190	23020527	23466
chr22	49664026	49864026	harbor1	chr22	49691124	49691470	LTR/ERVL-MaLR	1025	+	173	49691297	27271
chr22	49664026	49864026	harbor1	chr22	49700474	49700838	LTR/ERVL-MaLR	2408	+	182	49700656	36630
chr22	49664026	49864026	harbor1	chr22	49723986	49724419	LTR/ERVL-MaLR	931	+	216	49724202	60176
chr22	49664026	49864026	harbor1	chr22	49733895	49734275	LTR/ERVL-MaLR	674	+	190	49734085	70059
chr22	49664026	49864026	harbor1	chr22	49739399	49739749	LTR/ERVL-MaLR	2318	+	175	49739574	75548
chr22	49664026	49864026	harbor1	chr22	49739750	49740631	LTR/ERVL-MaLR	6431	+	440	49740190	76164
chr22	49664026	49864026	harbor1	chr22	49752395	49752910	LTR/ERVL-MaLR	961	+	258	49752653	88627
chr22	49664026	49864026	harbor1	chr22	49759132	49759277	LTR/ERVL-MaLR	755	+	72	49759204	95178
chr22	49664026	49864026	harbor1	chr22	49759284	49759420	LTR/ERVL-MaLR	841	+	68	49759352	95326
chr22	49664089	49864089	harbor1	chr22	49691124	49691470	LTR/ERVL-MaLR	1025	+	173	49691297	27208
chr22	49664089	49864089	harbor1	chr22	49700474	49700838	LTR/ERVL-MaLR	2408	+	182	49700656	36567
chr22	49664089	49864089	harbor1	chr22	49723986	49724419	LTR/ERVL-MaLR	931	+	216	49724202	60113
chr22	49664089	49864089	harbor1	chr22	49733895	49734275	LTR/ERVL-MaLR	674	+	190	49734085	69996
chr22	49664089	49864089	harbor1	chr22	49739399	49739749	LTR/ERVL-MaLR	2318	+	175	49739574	75485
chr22	49664089	49864089	harbor1	chr22	49739750	49740631	LTR/ERVL-MaLR	6431	+	440	49740190	76101
chr22	49664089	49864089	harbor1	chr22	49752395	49752910	LTR/ERVL-MaLR	961	+	258	49752653	88564
chr22	49664089	49864089	harbor1	chr22	49759132	49759277	LTR/ERVL-MaLR	755	+	72	49759204	95115
chr22	49664089	49864089	harbor1	chr22	49759284	49759420	LTR/ERVL-MaLR	841	+	68	49759352	95263
chr22	38768951	38968951	harbor1	chr22	38799538	38800081	LTR/ERVL-MaLR	1254	+	272	38799810	30859
chr22	38768951	38968951	harbor1	chr22	38800740	38801122	LTR/ERVL-MaLR	2133	+	191	38800931	31980
chr22	38768951	38968951	harbor1	chr22	38852131	38852548	LTR/ERVL-MaLR	2790	+	208	38852339	83388
chr22	44201115	44401115	harbor1	chr22	44214814	44215145	LTR/ERVL-MaLR	417	+	166	44214980	13865
chr22	44201115	44401115	harbor1	chr22	44229819	44230011	LTR/ERVL-MaLR	596	+	96	44229915	28800
chr22	44201115	44401115	harbor1	chr22	44230045	44230711	LTR/ERVL-MaLR	892	+	333	44230378	29263
chr22	44201115	44401115	harbor1	chr22	44230891	44231107	LTR/ERVL-MaLR	567	+	108	44230999	29884
chr22	44201115	44401115	harbor1	chr22	44231378	44231534	LTR/ERVL-MaLR	534	+	78	44231456	30341
chr22	44201115	44401115	harbor1	chr22	44232416	44232628	LTR/ERVL-MaLR	1024	+	106	44232522	31407
chr22	44201115	44401115	harbor1	chr22	44232766	44232913	LTR/ERVL-MaLR	941	+	74	44232840	31725
chr22	44201115	44401115	harbor1	chr22	44235847	44235975	LTR/ERVL-MaLR	732	+	64	44235911	34796
chr22	44201115	44401115	harbor1	chr22	44263522	44263939	LTR/ERVL-MaLR	1412	+	208	44263730	62615
chr22	44201115	44401115	harbor1	chr22	44265116	44265677	LTR/ERVL-MaLR	1597	+	280	44265396	64281
chr22	44201115	44401115	harbor1	chr22	44291054	44291360	LTR/ERVL-MaLR	473	+	153	44291207	90092
chr22	19804136	20004136	harbor1	chr22	19846572	19846918	LTR/ERVL-MaLR	1879	+	173	19846745	42609
chr22	19804136	20004136	harbor1	chr22	19881944	19882154	LTR/ERVL-MaLR	703	+	105	19882049	77913
chr22	42989515	43189515	harbor1	chr22	43005818	43005954	LTR/ERVL-MaLR	700	+	68	43005886	16371
chr22	42989515	43189515	harbor1	chr22	43006098	43006316	LTR/ERVL-MaLR	801	+	109	43006207	16692
chr22	42989515	43189515	harbor1	chr22	43085385	43085710	LTR/ERVL-MaLR	1973	+	162	43085547	96032
chr22	23366695	23566695	harbor1	chr22	23366680	23367041	LTR/ERVL-MaLR	2543	+	180	23366860	165
chr22	23366695	23566695	harbor1	chr22	23376342	23376750	LTR/ERVL-MaLR	1171	+	204	23376546	9851
chr22	42989521	43189521	harbor1	chr22	43005818	43005954	LTR/ERVL-MaLR	700	+	68	43005886	16365
chr22	42989521	43189521	harbor1	chr22	43006098	43006316	LTR/ERVL-MaLR	801	+	109	43006207	16686
chr22	42989521	43189521	harbor1	chr22	43085385	43085710	LTR/ERVL-MaLR	1973	+	162	43085547	96026
chr22	23017696	23217696	harbor1	chr22	23020337	23020716	LTR/ERVL-MaLR	1774	+	190	23020527	2831
chr22	22295458	22495458	harbor1	chr22	22313558	22313989	LTR/ERVL-MaLR	1174	+	216	22313774	18316
chr22	22295458	22495458	harbor1	chr22	22342570	22342745	LTR/ERVL-MaLR	578	+	88	22342658	47200
chr22	30847282	31047282	harbor1	chr22	30866091	30866457	LTR/ERVL-MaLR	1499	+	183	30866274	18992
chr22	30847282	31047282	harbor1	chr22	30866759	30866817	LTR/ERVL-MaLR	1499	+	29	30866788	19506
chr22	36186442	36386442	harbor1	chr22	36195569	36195776	LTR/ERVL-MaLR	1202	+	104	36195673	9231
chr22	36186442	36386442	harbor1	chr22	36195818	36196011	LTR/ERVL-MaLR	1202	+	96	36195914	9472
chr22	36186442	36386442	harbor1	chr22	36231609	36231764	LTR/ERVL-MaLR	627	+	78	36231687	45245
chr22	36186442	36386442	harbor1	chr22	36273041	36273347	LTR/ERVL-MaLR	1156	+	153	36273194	86752
chr22	42801583	43001583	harbor1	chr22	42811030	42811376	LTR/ERVL-MaLR	443	+	173	42811203	9620
chr22	42801583	43001583	harbor1	chr22	42848753	42849293	LTR/ERVL-MaLR	1730	+	270	42849023	47440
chr22	42801583	43001583	harbor1	chr22	42863601	42863974	LTR/ERVL-MaLR	2675	+	186	42863787	62204
chr22	42801583	43001583	harbor1	chr22	42882956	42883142	LTR/ERVL-MaLR	891	+	93	42883049	81466
chr22	24007199	24207199	harbor1	chr22	24027506	24027899	LTR/ERVL-MaLR	1962	+	196	24027702	20503
chr22	46292061	46492061	harbor1	chr22	46303675	46304008	LTR/ERVL-MaLR	1224	+	166	46303841	11780
chr22	46292061	46492061	harbor1	chr22	46304290	46304345	LTR/ERVL-MaLR	1224	+	28	46304318	12257
chr22	46292061	46492061	harbor1	chr22	46382978	46383175	LTR/ERVL-MaLR	927	+	98	46383076	91015
chr22	30996891	31196891	harbor1	chr22	31007594	31007766	LTR/ERVL-MaLR	1209	+	86	31007680	10789
chr22	30996891	31196891	harbor1	chr22	31008064	31008078	LTR/ERVL-MaLR	1209	+	7	31008071	11180
chr22	30996891	31196891	harbor1	chr22	31008663	31008884	LTR/ERVL-MaLR	1209	+	110	31008773	11882
chr22	30996891	31196891	harbor1	chr22	31009198	31009258	LTR/ERVL-MaLR	1209	+	30	31009228	12337
chr22	30996891	31196891	harbor1	chr22	31009868	31010027	LTR/ERVL-MaLR	2407	+	80	31009948	13057
chr22	30996891	31196891	harbor1	chr22	31010342	31010564	LTR/ERVL-MaLR	2407	+	111	31010453	13562
chr22	30996891	31196891	harbor1	chr22	31016236	31016407	LTR/ERVL-MaLR	772	+	86	31016322	19431
chr22	30996891	31196891	harbor1	chr22	31041038	31041411	LTR/ERVL-MaLR	780	+	186	31041224	44333
chr22	30996891	31196891	harbor1	chr22	31047710	31048061	LTR/ERVL-MaLR	2999	+	176	31047886	50995
chr22	30996891	31196891	harbor1	chr22	31073334	31073705	LTR/ERVL-MaLR	422	+	186	31073520	76629
chr22	42597660	42797660	harbor1	chr22	42604817	42605113	LTR/ERVL-MaLR	1964	+	148	42604965	7305
chr22	42597660	42797660	harbor1	chr22	42605425	42605492	LTR/ERVL-MaLR	1964	+	34	42605459	7799
chr22	42597660	42797660	harbor1	chr22	42674329	42674538	LTR/ERVL-MaLR	557	+	104	42674433	76773
chr22	42597660	42797660	harbor1	chr22	42677199	42677513	LTR/ERVL-MaLR	1694	+	157	42677356	79696
chr22	42597660	42797660	harbor1	chr22	42677835	42677880	LTR/ERVL-MaLR	1694	+	22	42677857	80197
chr22	42597660	42797660	harbor1	chr22	42677881	42679477	LTR/ERVL-MaLR	10156	+	798	42678679	81019
chr22	42597660	42797660	harbor1	chr22	42679478	42679892	LTR/ERVL-MaLR	2037	+	207	42679685	82025
chr22	19075024	19275024	harbor1	chr22	19153185	19153729	LTR/ERVL-MaLR	660	+	272	19153457	78433
chr22	19075024	19275024	harbor1	chr22	19153736	19154082	LTR/ERVL-MaLR	773	+	173	19153909	78885
chr22	23366710	23566710	harbor1	chr22	23366680	23367041	LTR/ERVL-MaLR	2543	+	180	23366860	150
chr22	23366710	23566710	harbor1	chr22	23376342	23376750	LTR/ERVL-MaLR	1171	+	204	23376546	9836
chr22	45313205	45513205	harbor1	chr22	45356276	45356399	LTR/ERVL-MaLR	478	+	62	45356338	43133
chr22	45313205	45513205	harbor1	chr22	45357169	45357292	LTR/ERVL-MaLR	478	+	62	45357231	44026
chr22	43471950	43671950	harbor1	chr22	43513447	43513610	LTR/ERVL-MaLR	630	+	82	43513529	41579
chr22	43471950	43671950	harbor1	chr22	43529413	43529895	LTR/ERVL-MaLR	1501	+	241	43529654	57704
chr22	43471950	43671950	harbor1	chr22	43534083	43534451	LTR/ERVL-MaLR	2313	+	184	43534267	62317
chr22	43471950	43671950	harbor1	chr22	43544668	43544790	LTR/ERVL-MaLR	437	+	61	43544729	72779
chr22	43471950	43671950	harbor1	chr22	43564984	43565300	LTR/ERVL-MaLR	413	+	158	43565142	93192
chr22	36918777	37118777	harbor1	chr22	36920297	36920586	LTR/ERVL-MaLR	1051	+	144	36920441	1664
chr22	36918777	37118777	harbor1	chr22	36956467	36956905	LTR/ERVL-MaLR	2725	+	219	36956686	37909
chr22	36918777	37118777	harbor1	chr22	36964193	36964699	LTR/ERVL-MaLR	1393	+	253	36964446	45669
chr22	36918777	37118777	harbor1	chr22	36989698	36990164	LTR/ERVL-MaLR	1049	+	233	36989931	71154
chr22	36918777	37118777	harbor1	chr22	36995649	36995888	LTR/ERVL-MaLR	1397	+	120	36995769	76992
chr22	36918777	37118777	harbor1	chr22	37004988	37005417	LTR/ERVL-MaLR	1195	+	214	37005202	86425
chr22	36918777	37118777	harbor1	chr22	37005419	37006723	LTR/ERVL-MaLR	1825	+	652	37006071	87294
chr22	36918777	37118777	harbor1	chr22	37006726	37007239	LTR/ERVL-MaLR	2185	+	256	37006982	88205
chr22	36918807	37118807	harbor1	chr22	36920297	36920586	LTR/ERVL-MaLR	1051	+	144	36920441	1634
chr22	36918807	37118807	harbor1	chr22	36956467	36956905	LTR/ERVL-MaLR	2725	+	219	36956686	37879
chr22	36918807	37118807	harbor1	chr22	36964193	36964699	LTR/ERVL-MaLR	1393	+	253	36964446	45639
chr22	36918807	37118807	harbor1	chr22	36989698	36990164	LTR/ERVL-MaLR	1049	+	233	36989931	71124
chr22	36918807	37118807	harbor1	chr22	36995649	36995888	LTR/ERVL-MaLR	1397	+	120	36995769	76962
chr22	36918807	37118807	harbor1	chr22	37004988	37005417	LTR/ERVL-MaLR	1195	+	214	37005202	86395
chr22	36918807	37118807	harbor1	chr22	37005419	37006723	LTR/ERVL-MaLR	1825	+	652	37006071	87264
chr22	36918807	37118807	harbor1	chr22	37006726	37007239	LTR/ERVL-MaLR	2185	+	256	37006982	88175
chr22	42784441	42984441	harbor1	chr22	42811030	42811376	LTR/ERVL-MaLR	443	+	173	42811203	26762
chr22	42784441	42984441	harbor1	chr22	42848753	42849293	LTR/ERVL-MaLR	1730	+	270	42849023	64582
chr22	42784441	42984441	harbor1	chr22	42863601	42863974	LTR/ERVL-MaLR	2675	+	186	42863787	79346
chr22	42784441	42984441	harbor1	chr22	42882956	42883142	LTR/ERVL-MaLR	891	+	93	42883049	98608
chr22	20568033	20768033	harbor1	chr22	20642953	20643306	LTR/ERVL-MaLR	1190	+	176	20643129	75096
chr22	20568033	20768033	harbor1	chr22	20645524	20645874	LTR/ERVL-MaLR	683	+	175	20645699	77666
chr22	36186432	36386432	harbor1	chr22	36195569	36195776	LTR/ERVL-MaLR	1202	+	104	36195673	9241
chr22	36186432	36386432	harbor1	chr22	36195818	36196011	LTR/ERVL-MaLR	1202	+	96	36195914	9482
chr22	36186432	36386432	harbor1	chr22	36231609	36231764	LTR/ERVL-MaLR	627	+	78	36231687	45255
chr22	36186432	36386432	harbor1	chr22	36273041	36273347	LTR/ERVL-MaLR	1156	+	153	36273194	86762
chr22	32529769	32729769	harbor1	chr22	32536490	32536800	LTR/ERVL-MaLR	895	+	155	32536645	6876
chr22	32529769	32729769	harbor1	chr22	32543642	32543948	LTR/ERVL-MaLR	790	+	153	32543795	14026
chr22	32529769	32729769	harbor1	chr22	32544955	32545346	LTR/ERVL-MaLR	644	+	196	32545151	15382
chr22	32529769	32729769	harbor1	chr22	32595617	32595794	LTR/ERVL-MaLR	2160	+	88	32595705	65936
chr22	32529769	32729769	harbor1	chr22	32596091	32596305	LTR/ERVL-MaLR	2160	+	107	32596198	66429
chr22	32529769	32729769	harbor1	chr22	32612865	32613276	LTR/ERVL-MaLR	2015	+	206	32613071	83302
chr22	32529769	32729769	harbor1	chr22	32619612	32620151	LTR/ERVL-MaLR	2083	+	270	32619882	90113
chr22	24017128	24217128	harbor1	chr22	24027506	24027899	LTR/ERVL-MaLR	1962	+	196	24027702	10574
chr22	23018534	23218534	harbor1	chr22	23020337	23020716	LTR/ERVL-MaLR	1774	+	190	23020527	1993
chr22	36186441	36386441	harbor1	chr22	36195569	36195776	LTR/ERVL-MaLR	1202	+	104	36195673	9232
chr22	36186441	36386441	harbor1	chr22	36195818	36196011	LTR/ERVL-MaLR	1202	+	96	36195914	9473
chr22	36186441	36386441	harbor1	chr22	36231609	36231764	LTR/ERVL-MaLR	627	+	78	36231687	45246
chr22	36186441	36386441	harbor1	chr22	36273041	36273347	LTR/ERVL-MaLR	1156	+	153	36273194	86753
chr22	36186368	36386368	harbor1	chr22	36195569	36195776	LTR/ERVL-MaLR	1202	+	104	36195673	9305
chr22	36186368	36386368	harbor1	chr22	36195818	36196011	LTR/ERVL-MaLR	1202	+	96	36195914	9546
chr22	36186368	36386368	harbor1	chr22	36231609	36231764	LTR/ERVL-MaLR	627	+	78	36231687	45319
chr22	36186368	36386368	harbor1	chr22	36273041	36273347	LTR/ERVL-MaLR	1156	+	153	36273194	86826
chr22	36186428	36386428	harbor1	chr22	36195569	36195776	LTR/ERVL-MaLR	1202	+	104	36195673	9245
chr22	36186428	36386428	harbor1	chr22	36195818	36196011	LTR/ERVL-MaLR	1202	+	96	36195914	9486
chr22	36186428	36386428	harbor1	chr22	36231609	36231764	LTR/ERVL-MaLR	627	+	78	36231687	45259
chr22	36186428	36386428	harbor1	chr22	36273041	36273347	LTR/ERVL-MaLR	1156	+	153	36273194	86766
chrX	18253915	18453915	harbor1	chrX	18269179	18269553	LTR/ERVL-MaLR	2399	+	187	18269366	15451
chrX	18253915	18453915	harbor1	chrX	18313197	18313547	LTR/ERVL-MaLR	2737	+	175	18313372	59457
chrX	18253915	18453915	harbor1	chrX	18318845	18319108	LTR/ERVL-MaLR	1604	+	132	18318977	65062
chrX	18253915	18453915	harbor1	chrX	18319695	18319960	LTR/ERVL-MaLR	1075	+	132	18319827	65912
chrX	18253915	18453915	harbor1	chrX	18320103	18320212	LTR/ERVL-MaLR	834	+	54	18320157	66242
chrX	18253915	18453915	harbor1	chrX	18344462	18344810	LTR/ERVL-MaLR	2107	+	174	18344636	90721
chrX	130071758	130271758	harbor1	chrX	130153522	130153921	LTR/ERVL-MaLR	1416	+	200	130153722	81964
chrX	46736727	46936727	harbor1	chrX	46750976	46751370	LTR/ERVL-MaLR	1268	+	197	46751173	14446
chrX	46736727	46936727	harbor1	chrX	46760632	46760866	LTR/ERVL-MaLR	1108	+	117	46760749	24022
chrX	46736727	46936727	harbor1	chrX	46761171	46761491	LTR/ERVL-MaLR	1108	+	160	46761331	24604
chrX	46736727	46936727	harbor1	chrX	46771955	46772027	LTR/ERVL-MaLR	820	+	36	46771991	35264
chrX	46736727	46936727	harbor1	chrX	46772339	46772720	LTR/ERVL-MaLR	820	+	190	46772529	35802
chrX	46736727	46936727	harbor1	chrX	46791762	46792319	LTR/ERVL-MaLR	2405	+	278	46792040	55313
chrX	46736727	46936727	harbor1	chrX	46803189	46803566	LTR/ERVL-MaLR	1989	+	188	46803377	66650
chrX	46736727	46936727	harbor1	chrX	46805321	46805810	LTR/ERVL-MaLR	968	+	244	46805565	68838
chrX	46736727	46936727	harbor1	chrX	46831759	46832225	LTR/ERVL-MaLR	965	+	233	46831992	95265
chrX	129832695	130032695	harbor1	chrX	129833974	129834322	LTR/ERVL-MaLR	1995	+	174	129834148	1453
chrX	129832695	130032695	harbor1	chrX	129862198	129862603	LTR/ERVL-MaLR	1799	+	202	129862400	29705
chrX	129832695	130032695	harbor1	chrX	129888363	129888750	LTR/ERVL-MaLR	2300	+	194	129888557	55862
chrX	18253792	18453792	harbor1	chrX	18269179	18269553	LTR/ERVL-MaLR	2399	+	187	18269366	15574
chrX	18253792	18453792	harbor1	chrX	18313197	18313547	LTR/ERVL-MaLR	2737	+	175	18313372	59580
chrX	18253792	18453792	harbor1	chrX	18318845	18319108	LTR/ERVL-MaLR	1604	+	132	18318977	65185
chrX	18253792	18453792	harbor1	chrX	18319695	18319960	LTR/ERVL-MaLR	1075	+	132	18319827	66035
chrX	18253792	18453792	harbor1	chrX	18320103	18320212	LTR/ERVL-MaLR	834	+	54	18320157	66365
chrX	18253792	18453792	harbor1	chrX	18344462	18344810	LTR/ERVL-MaLR	2107	+	174	18344636	90844
chrX	1354314	1554314	harbor1	chrX	1368508	1368885	LTR/ERVL-MaLR	2040	+	188	1368696	14382
chrX	1354314	1554314	harbor1	chrX	1368887	1369117	LTR/ERVL-MaLR	1079	+	115	1369002	14688
chrX	1354314	1554314	harbor1	chrX	1369119	1369352	LTR/ERVL-MaLR	1181	+	116	1369235	14921
chrX	1354314	1554314	harbor1	chrX	1369354	1369587	LTR/ERVL-MaLR	1147	+	116	1369470	15156
chrX	1354314	1554314	harbor1	chrX	1369589	1369819	LTR/ERVL-MaLR	1082	+	115	1369704	15390
chrX	1354314	1554314	harbor1	chrX	1369821	1370054	LTR/ERVL-MaLR	1172	+	116	1369937	15623
chrX	1354314	1554314	harbor1	chrX	1370056	1370284	LTR/ERVL-MaLR	1077	+	114	1370170	15856
chrX	1354314	1554314	harbor1	chrX	1370286	1370516	LTR/ERVL-MaLR	1091	+	115	1370401	16087
chrX	1354314	1554314	harbor1	chrX	1370518	1370750	LTR/ERVL-MaLR	1124	+	116	1370634	16320
chrX	1354314	1554314	harbor1	chrX	1370752	1370982	LTR/ERVL-MaLR	1086	+	115	1370867	16553
chrX	1354314	1554314	harbor1	chrX	1370984	1371217	LTR/ERVL-MaLR	1185	+	116	1371100	16786
chrX	1354314	1554314	harbor1	chrX	1371219	1371449	LTR/ERVL-MaLR	1091	+	115	1371334	17020
chrX	1354314	1554314	harbor1	chrX	1371451	1371681	LTR/ERVL-MaLR	1079	+	115	1371566	17252
chrX	1354314	1554314	harbor1	chrX	1371683	1371915	LTR/ERVL-MaLR	1114	+	116	1371799	17485
chrX	1354314	1554314	harbor1	chrX	1371917	1372149	LTR/ERVL-MaLR	1112	+	116	1372033	17719
chrX	1354314	1554314	harbor1	chrX	1372151	1372384	LTR/ERVL-MaLR	1185	+	116	1372267	17953
chrX	1354314	1554314	harbor1	chrX	1372386	1372616	LTR/ERVL-MaLR	1091	+	115	1372501	18187
chrX	1354314	1554314	harbor1	chrX	1372618	1372848	LTR/ERVL-MaLR	1079	+	115	1372733	18419
chrX	1354314	1554314	harbor1	chrX	1372850	1373082	LTR/ERVL-MaLR	1114	+	116	1372966	18652
chrX	1354314	1554314	harbor1	chrX	1373084	1373316	LTR/ERVL-MaLR	1112	+	116	1373200	18886
chrX	1354314	1554314	harbor1	chrX	1373318	1373546	LTR/ERVL-MaLR	1039	+	114	1373432	19118
chrX	1354314	1554314	harbor1	chrX	1373548	1373781	LTR/ERVL-MaLR	1166	+	116	1373664	19350
chrX	1354314	1554314	harbor1	chrX	1373782	1374016	LTR/ERVL-MaLR	1190	+	117	1373899	19585
chrX	1354314	1554314	harbor1	chrX	1374024	1374248	LTR/ERVL-MaLR	1041	+	112	1374136	19822
chrX	1354314	1554314	harbor1	chrX	1374250	1374480	LTR/ERVL-MaLR	1082	+	115	1374365	20051
chrX	1354314	1554314	harbor1	chrX	1374482	1374715	LTR/ERVL-MaLR	1170	+	116	1374598	20284
chrX	1354314	1554314	harbor1	chrX	1374717	1374947	LTR/ERVL-MaLR	1083	+	115	1374832	20518
chrX	1354314	1554314	harbor1	chrX	1374949	1375179	LTR/ERVL-MaLR	1091	+	115	1375064	20750
chrX	1354314	1554314	harbor1	chrX	1375181	1375413	LTR/ERVL-MaLR	1124	+	116	1375297	20983
chrX	1354314	1554314	harbor1	chrX	1375415	1375645	LTR/ERVL-MaLR	1102	+	115	1375530	21216
chrX	1354314	1554314	harbor1	chrX	1375647	1375879	LTR/ERVL-MaLR	1114	+	116	1375763	21449
chrX	1354314	1554314	harbor1	chrX	1375881	1376113	LTR/ERVL-MaLR	1135	+	116	1375997	21683
chrX	1354314	1554314	harbor1	chrX	1376345	1376578	LTR/ERVL-MaLR	1166	+	116	1376461	22147
chrX	1354314	1554314	harbor1	chrX	1376579	1376813	LTR/ERVL-MaLR	1176	+	117	1376696	22382
chrX	1354314	1554314	harbor1	chrX	1376821	1377045	LTR/ERVL-MaLR	1075	+	112	1376933	22619
chrX	1354314	1554314	harbor1	chrX	1377047	1377229	LTR/ERVL-MaLR	929	+	91	1377138	22824
chrX	1354314	1554314	harbor1	chrX	1377543	1377609	LTR/ERVL-MaLR	929	+	33	1377576	23262
chrX	1354314	1554314	harbor1	chrX	1385590	1385854	LTR/ERVL-MaLR	999	+	132	1385722	31408
chrX	1354314	1554314	harbor1	chrX	1387741	1388103	LTR/ERVL-MaLR	1623	+	181	1387922	33608
chrX	1354314	1554314	harbor1	chrX	1388104	1388339	LTR/ERVL-MaLR	1229	+	118	1388222	33908
chrX	1354314	1554314	harbor1	chrX	1388341	1388572	LTR/ERVL-MaLR	1164	+	116	1388457	34143
chrX	1354314	1554314	harbor1	chrX	1388574	1388791	LTR/ERVL-MaLR	920	+	108	1388682	34368
chrX	1354314	1554314	harbor1	chrX	1388793	1389025	LTR/ERVL-MaLR	1271	+	116	1388909	34595
chrX	1354314	1554314	harbor1	chrX	1389030	1389232	LTR/ERVL-MaLR	831	+	101	1389131	34817
chrX	1354314	1554314	harbor1	chrX	1413593	1413915	LTR/ERVL-MaLR	1027	+	161	1413754	59440
chrX	1354314	1554314	harbor1	chrX	1413927	1414302	LTR/ERVL-MaLR	1184	+	188	1414115	59801
chrX	1354314	1554314	harbor1	chrX	1425941	1426292	LTR/ERVL-MaLR	1900	+	176	1426117	71803
chrX	1354314	1554314	harbor1	chrX	1427017	1427269	LTR/ERVL-MaLR	557	+	126	1427143	72829
chrX	1354314	1554314	harbor1	chrX	1427280	1427728	LTR/ERVL-MaLR	1191	+	224	1427504	73190
chrX	1354314	1554314	harbor1	chrX	1437918	1438007	LTR/ERVL-MaLR	677	+	44	1437962	83648
chrX	1354314	1554314	harbor1	chrX	1438306	1438512	LTR/ERVL-MaLR	677	+	103	1438409	84095
chrX	1354314	1554314	harbor1	chrX	1376115	1376343	LTR/ERVL-MaLR	1039	+	114	1376229	21915
chrX	39996248	40196248	harbor1	chrX	40021611	40022128	LTR/ERVL-MaLR	2771	+	258	40021869	25621
chrX	39996248	40196248	harbor1	chrX	40029644	40029872	LTR/ERVL-MaLR	1362	+	114	40029758	33510
chrX	39996248	40196248	harbor1	chrX	40030042	40030285	LTR/ERVL-MaLR	1017	+	122	40030164	33916
chrX	39996248	40196248	harbor1	chrX	40034974	40035045	LTR/ERVL-MaLR	970	+	36	40035010	38762
chrX	39996248	40196248	harbor1	chrX	40035352	40035447	LTR/ERVL-MaLR	970	+	48	40035400	39152
chrX	39996248	40196248	harbor1	chrX	40035743	40036073	LTR/ERVL-MaLR	970	+	165	40035908	39660
chrX	109902871	110102871	harbor1	chrX	109908286	109908623	LTR/ERVL-MaLR	1447	+	168	109908454	5583
chrX	109902871	110102871	harbor1	chrX	109917110	109917348	LTR/ERVL-MaLR	1106	+	119	109917229	14358
chrX	109902871	110102871	harbor1	chrX	109933373	109933702	LTR/ERVL-MaLR	945	+	164	109933537	30666
chrX	109902871	110102871	harbor1	chrX	109938464	109938687	LTR/ERVL-MaLR	1236	+	112	109938576	35705
chrX	109902871	110102871	harbor1	chrX	109956674	109956813	LTR/ERVL-MaLR	1735	+	70	109956744	53873
chrX	109902871	110102871	harbor1	chrX	109957117	109957354	LTR/ERVL-MaLR	1735	+	118	109957235	54364
chrX	109902871	110102871	harbor1	chrX	109960048	109960136	LTR/ERVL-MaLR	591	+	44	109960092	57221
chrX	109902871	110102871	harbor1	chrX	109960180	109960307	LTR/ERVL-MaLR	812	+	64	109960244	57373
chrX	37578419	37778419	harbor1	chrX	37669347	37669758	LTR/ERVL-MaLR	2644	+	206	37669553	91134
chrX	49064231	49264231	harbor1	chrX	49108827	49108959	LTR/ERVL-MaLR	649	+	66	49108893	44662
chrX	49064231	49264231	harbor1	chrX	49108962	49109241	LTR/ERVL-MaLR	1270	+	140	49109102	44871
chrX	49064231	49264231	harbor1	chrX	49161346	49161398	LTR/ERVL-MaLR	1210	+	26	49161372	97141
chrX	49064231	49264231	harbor1	chrX	49161711	49162093	LTR/ERVL-MaLR	1210	+	191	49161902	97671
chrX	19445154	19645154	harbor1	chrX	19466282	19466662	LTR/ERVL-MaLR	2420	+	190	19466472	21318
chrX	19445154	19645154	harbor1	chrX	19489451	19489753	LTR/ERVL-MaLR	2048	+	151	19489602	44448
chrX	19445154	19645154	harbor1	chrX	19490052	19490113	LTR/ERVL-MaLR	2048	+	30	19490082	44928
chrX	19445154	19645154	harbor1	chrX	19502237	19502536	LTR/ERVL-MaLR	1883	+	150	19502387	57233
chrX	19445154	19645154	harbor1	chrX	19502836	19502904	LTR/ERVL-MaLR	1883	+	34	19502870	57716
chrX	48792105	48992105	harbor1	chrX	48798440	48798837	LTR/ERVL-MaLR	1422	+	198	48798638	6533
chrX	48792105	48992105	harbor1	chrX	48850751	48851152	LTR/ERVL-MaLR	2618	+	200	48850951	58846
chrX	48792105	48992105	harbor1	chrX	48851444	48851659	LTR/ERVL-MaLR	2618	+	108	48851552	59447
chrX	48792105	48992105	harbor1	chrX	48851661	48851829	LTR/ERVL-MaLR	865	+	84	48851745	59640
chrX	48792105	48992105	harbor1	chrX	48861961	48862117	LTR/ERVL-MaLR	1032	+	78	48862039	69934
chrX	48792105	48992105	harbor1	chrX	48862416	48862465	LTR/ERVL-MaLR	1032	+	24	48862440	70335
chrX	287170	487170	harbor1	chrX	309499	309740	LTR/ERVL-MaLR	695	+	120	309619	22449
chrX	287170	487170	harbor1	chrX	309756	310079	LTR/ERVL-MaLR	873	+	162	309918	22748
chrX	287170	487170	harbor1	chrX	310095	310419	LTR/ERVL-MaLR	871	+	162	310257	23087
chrX	287170	487170	harbor1	chrX	310435	310746	LTR/ERVL-MaLR	787	+	156	310591	23421
chrX	287170	487170	harbor1	chrX	313492	313895	LTR/ERVL-MaLR	978	+	202	313694	26524
chrX	287170	487170	harbor1	chrX	349102	349404	LTR/ERVL-MaLR	1155	+	151	349253	62083
chrX	7048274	7248274	harbor1	chrX	7053360	7053721	LTR/ERVL-MaLR	2350	+	180	7053540	5266
chrX	7048274	7248274	harbor1	chrX	7067744	7068112	LTR/ERVL-MaLR	2648	+	184	7067928	19654
chrX	7048274	7248274	harbor1	chrX	7082871	7083226	LTR/ERVL-MaLR	704	+	178	7083049	34775
chrX	7048274	7248274	harbor1	chrX	7087092	7087512	LTR/ERVL-MaLR	1441	+	210	7087302	39028
chrX	7048274	7248274	harbor1	chrX	7110530	7110566	LTR/ERVL-MaLR	1728	+	18	7110548	62274
chrX	7048274	7248274	harbor1	chrX	7111002	7111287	LTR/ERVL-MaLR	1728	+	142	7111144	62870
chrX	7048274	7248274	harbor1	chrX	7116712	7117125	LTR/ERVL-MaLR	1976	+	206	7116918	68644
chrX	7048274	7248274	harbor1	chrX	7117126	7117973	LTR/ERVL-MaLR	4523	+	424	7117550	69276
chrX	7048274	7248274	harbor1	chrX	7120143	7120575	LTR/ERVL-MaLR	1916	+	216	7120359	72085
chrX	7048274	7248274	harbor1	chrX	7124444	7124571	LTR/ERVL-MaLR	583	+	64	7124508	76234
chrX	7048274	7248274	harbor1	chrX	7131286	7131637	LTR/ERVL-MaLR	796	+	176	7131462	83188
