H_chr	H_start	H_end	Harbor	TE_chr	TE_start	TE_end	TE	score	TE_strand	TE_half	TE_middle_pos	TE_dis
chr1	33553586	33753586	harbor2	chr1	33560023	33560368	LTR/ERVL	687	+	172	33560195	6609
chr1	33553586	33753586	harbor2	chr1	33562584	33563019	LTR/ERVL	2334	+	218	33562802	9216
chr1	33553586	33753586	harbor2	chr1	33581791	33582780	LTR/ERVL	1340	+	494	33582285	28699
chr1	33553586	33753586	harbor2	chr1	33582777	33583607	LTR/ERVL	2671	+	415	33583192	29606
chr1	33553586	33753586	harbor2	chr1	33570610	33571015	LTR/ERVL	1739	+	202	33570812	17226
chr1	16544783	16744783	harbor2	chr1	16560670	16560870	LTR/ERVL	779	+	100	16560770	15987
chr1	39476409	39676409	harbor2	chr1	39543019	39543161	LTR/ERVL	545	+	71	39543090	66681
chr1	63223447	63423447	harbor2	chr1	63237660	63237843	LTR/ERVL	938	+	92	63237752	14305
chr1	63223447	63423447	harbor2	chr1	63237926	63238043	LTR/ERVL	932	+	58	63237984	14537
chr1	63223447	63423447	harbor2	chr1	63238367	63238429	LTR/ERVL	932	+	31	63238398	14951
chr1	8230832	8430832	harbor2	chr1	8275677	8275712	LTR/ERVL	828	+	18	8275695	44863
chr1	8230832	8430832	harbor2	chr1	8276031	8276307	LTR/ERVL	828	+	138	8276169	45337
chr1	8230832	8430832	harbor2	chr1	8276398	8276856	LTR/ERVL	1429	+	229	8276627	45795
chr1	8230832	8430832	harbor2	chr1	8284830	8285111	LTR/ERVL	575	+	140	8284970	54138
chr1	21991636	22191636	harbor2	chr1	21994176	21994557	LTR/ERVL	1071	+	190	21994366	2730
chr1	21991636	22191636	harbor2	chr1	22045729	22046210	LTR/ERVL	2390	+	240	22045969	54333
chr1	16544721	16744721	harbor2	chr1	16560670	16560870	LTR/ERVL	779	+	100	16560770	16049
chr1	196878094	197078094	harbor2	chr1	196887658	196887838	LTR/ERVL	570	+	90	196887748	9654
chr1	196878094	197078094	harbor2	chr1	196927679	196928089	LTR/ERVL	1706	+	205	196927884	49790
chr1	196878094	197078094	harbor2	chr1	196959652	196960056	LTR/ERVL	1571	+	202	196959854	81760
chr1	16545193	16745193	harbor2	chr1	16560670	16560870	LTR/ERVL	779	+	100	16560770	15577
chr1	16544779	16744779	harbor2	chr1	16560670	16560870	LTR/ERVL	779	+	100	16560770	15991
chr1	193014143	193214143	harbor2	chr1	193043492	193044098	LTR/ERVL	2544	+	303	193043795	29652
chr1	193014143	193214143	harbor2	chr1	193055105	193055603	LTR/ERVL	1576	+	249	193055354	41211
chr1	193014143	193214143	harbor2	chr1	193109564	193110007	LTR/ERVL	1349	+	222	193109786	95643
chr1	16808665	17008665	harbor2	chr1	16896667	16896830	LTR/ERVL	508	+	82	16896749	88084
chr1	16544785	16744785	harbor2	chr1	16560670	16560870	LTR/ERVL	779	+	100	16560770	15985
chr1	230009530	230209530	harbor2	chr1	230026253	230026377	LTR/ERVL	891	+	62	230026315	16785
chr1	230009530	230209530	harbor2	chr1	230027051	230027426	LTR/ERVL	2234	+	188	230027239	17709
chr1	230009530	230209530	harbor2	chr1	230032373	230032548	LTR/ERVL	980	+	88	230032461	22931
chr1	230009530	230209530	harbor2	chr1	230048109	230048648	LTR/ERVL	2383	+	270	230048379	38849
chr1	230009530	230209530	harbor2	chr1	230085176	230085618	LTR/ERVL	2649	+	221	230085397	75867
chr1	230009530	230209530	harbor2	chr1	230091825	230092076	LTR/ERVL	695	+	126	230091951	82421
chr1	16545192	16745192	harbor2	chr1	16560670	16560870	LTR/ERVL	779	+	100	16560770	15578
chr1	227442365	227642365	harbor2	chr1	227444112	227445179	LTR/ERVL	7121	+	534	227444646	2281
chr1	227442365	227642365	harbor2	chr1	227445180	227445567	LTR/ERVL	1998	+	194	227445374	3009
chr1	227442365	227642365	harbor2	chr1	227445872	227445934	LTR/ERVL	1998	+	31	227445903	3538
chr1	227442365	227642365	harbor2	chr1	227453765	227454144	LTR/ERVL	659	+	190	227453955	11590
chr1	16544750	16744750	harbor2	chr1	16560670	16560870	LTR/ERVL	779	+	100	16560770	16020
chr1	77659514	77859514	harbor2	chr1	77685195	77685609	LTR/ERVL	1216	+	207	77685402	25888
chr1	77659514	77859514	harbor2	chr1	77693185	77693581	LTR/ERVL	1149	+	198	77693383	33869
chr1	77659514	77859514	harbor2	chr1	77706472	77707134	LTR/ERVL	1813	+	331	77706803	47289
chr1	77659514	77859514	harbor2	chr1	77707624	77708145	LTR/ERVL	531	+	260	77707884	48370
chr1	77659514	77859514	harbor2	chr1	77708220	77708477	LTR/ERVL	506	+	128	77708348	48834
chr1	77659514	77859514	harbor2	chr1	77710301	77710450	LTR/ERVL	499	+	74	77710375	50861
chr1	16544770	16744770	harbor2	chr1	16560670	16560870	LTR/ERVL	779	+	100	16560770	16000
chr1	17341836	17541836	harbor2	chr1	17434149	17434250	LTR/ERVL	552	+	50	17434199	92363
chr1	17341836	17541836	harbor2	chr1	17434264	17434827	LTR/ERVL	2436	+	282	17434546	92710
chr1	16544787	16744787	harbor2	chr1	16560670	16560870	LTR/ERVL	779	+	100	16560770	15983
chr1	16545135	16745135	harbor2	chr1	16560670	16560870	LTR/ERVL	779	+	100	16560770	15635
chr1	16545197	16745197	harbor2	chr1	16560670	16560870	LTR/ERVL	779	+	100	16560770	15573
chr1	53847484	54047484	harbor2	chr1	53890504	53890997	LTR/ERVL	1036	+	246	53890750	43266
chr1	53847484	54047484	harbor2	chr1	53891310	53891620	LTR/ERVL	508	+	155	53891465	43981
chr1	53847484	54047484	harbor2	chr1	53891764	53892293	LTR/ERVL	1258	+	264	53892028	44544
chr1	53847484	54047484	harbor2	chr1	53912961	53913417	LTR/ERVL	2123	+	228	53913189	65705
chr1	53847484	54047484	harbor2	chr1	53929028	53929505	LTR/ERVL	1177	+	238	53929266	81782
chr1	26401378	26601378	harbor2	chr1	26496945	26497334	LTR/ERVL	993	+	194	26497139	95761
chr1	16544771	16744771	harbor2	chr1	16560670	16560870	LTR/ERVL	779	+	100	16560770	15999
chr1	244605778	244805778	harbor2	chr1	244644512	244644942	LTR/ERVL	1120	+	215	244644727	38949
chr1	244605778	244805778	harbor2	chr1	244644953	244645618	LTR/ERVL	1325	+	332	244645285	39507
chr1	244605778	244805778	harbor2	chr1	244647978	244648381	LTR/ERVL	590	+	202	244648180	42402
chr1	244605778	244805778	harbor2	chr1	244665526	244665854	LTR/ERVL	1793	+	164	244665690	59912
chr1	244605778	244805778	harbor2	chr1	244696661	244697204	LTR/ERVL	3037	+	272	244696933	91155
chr1	244605778	244805778	harbor2	chr1	244697207	244697225	LTR/ERVL	10237	+	9	244697216	91438
chr1	244605778	244805778	harbor2	chr1	244697494	244699301	LTR/ERVL	10237	+	904	244698398	92620
chr1	244605778	244805778	harbor2	chr1	244699609	244700085	LTR/ERVL	10237	+	238	244699847	94069
chr1	244605778	244805778	harbor2	chr1	244700086	244700259	LTR/ERVL	731	+	86	244700172	94394
chr1	244605778	244805778	harbor2	chr1	244645678	244646518	LTR/ERVL	2943	+	420	244646098	40320
chr1	240671354	240871354	harbor2	chr1	240734082	240734566	LTR/ERVL	2524	+	242	240734324	62970
chr1	240671354	240871354	harbor2	chr1	240735187	240735279	LTR/ERVL	1551	+	46	240735233	63879
chr1	240671354	240871354	harbor2	chr1	240751106	240751613	LTR/ERVL	2270	+	254	240751360	80006
chr1	6135664	6335664	harbor2	chr1	6200566	6201073	LTR/ERVL	743	+	254	6200820	65156
chr1	227442270	227642270	harbor2	chr1	227444112	227445179	LTR/ERVL	7121	+	534	227444646	2376
chr1	227442270	227642270	harbor2	chr1	227445180	227445567	LTR/ERVL	1998	+	194	227445374	3104
chr1	227442270	227642270	harbor2	chr1	227445872	227445934	LTR/ERVL	1998	+	31	227445903	3633
chr1	227442270	227642270	harbor2	chr1	227453765	227454144	LTR/ERVL	659	+	190	227453955	11685
chr1	16545159	16745159	harbor2	chr1	16560670	16560870	LTR/ERVL	779	+	100	16560770	15611
chr1	53944027	54144027	harbor2	chr1	53977994	53978354	LTR/ERVL	2037	+	180	53978174	34147
chr1	211034336	211234336	harbor2	chr1	211067248	211067560	LTR/ERVL	791	+	156	211067404	33068
chr1	211034336	211234336	harbor2	chr1	211074301	211074595	LTR/ERVL	1044	+	147	211074448	40112
chr1	211034336	211234336	harbor2	chr1	211074600	211074993	LTR/ERVL	1575	+	196	211074796	40460
chr1	211034336	211234336	harbor2	chr1	211093920	211094076	LTR/ERVL	730	+	78	211093998	59662
chr1	211034336	211234336	harbor2	chr1	211094405	211094497	LTR/ERVL	730	+	46	211094451	60115
chr1	211034336	211234336	harbor2	chr1	211115321	211115701	LTR/ERVL	3316	+	190	211115511	81175
chr1	211034336	211234336	harbor2	chr1	211115732	211115794	LTR/ERVL	3316	+	31	211115763	81427
chr1	16544788	16744788	harbor2	chr1	16560670	16560870	LTR/ERVL	779	+	100	16560770	15982
chr1	54391077	54591077	harbor2	chr1	54422274	54422446	LTR/ERVL	526	+	86	54422360	31283
chr1	54391077	54591077	harbor2	chr1	54422447	54422870	LTR/ERVL	1221	+	212	54422659	31582
chr1	54391077	54591077	harbor2	chr1	54423584	54423817	LTR/ERVL	972	+	116	54423700	32623
chr1	54391077	54591077	harbor2	chr1	54424424	54424629	LTR/ERVL	972	+	102	54424526	33449
chr1	54391077	54591077	harbor2	chr1	54453067	54453211	LTR/ERVL	502	+	72	54453139	62062
chr1	54391077	54591077	harbor2	chr1	54453240	54453494	LTR/ERVL	965	+	127	54453367	62290
chr1	54391077	54591077	harbor2	chr1	54457200	54457441	LTR/ERVL	945	+	120	54457320	66243
chr1	54391077	54591077	harbor2	chr1	54459215	54459368	LTR/ERVL	669	+	76	54459291	68214
chr1	160440370	160640370	harbor2	chr1	160456130	160456360	LTR/ERVL	1560	+	115	160456245	15875
chr1	160440370	160640370	harbor2	chr1	160456692	160456891	LTR/ERVL	1560	+	100	160456792	16422
chr1	160440370	160640370	harbor2	chr1	160468974	160469105	LTR/ERVL	634	+	66	160469040	28670
chr1	160440370	160640370	harbor2	chr1	160469186	160469482	LTR/ERVL	1194	+	148	160469334	28964
chr1	16544790	16744790	harbor2	chr1	16560670	16560870	LTR/ERVL	779	+	100	16560770	15980
chr1	2379170	2579170	harbor2	chr1	2383092	2383334	LTR/ERVL	518	+	121	2383213	4043
chr1	16545176	16745176	harbor2	chr1	16560670	16560870	LTR/ERVL	779	+	100	16560770	15594
chr1	16545073	16745073	harbor2	chr1	16560670	16560870	LTR/ERVL	779	+	100	16560770	15697
chr1	53939662	54139662	harbor2	chr1	53977994	53978354	LTR/ERVL	2037	+	180	53978174	38512
chr1	205330793	205530793	harbor2	chr1	205400557	205400689	LTR/ERVL	725	+	66	205400623	69830
chr1	205330793	205530793	harbor2	chr1	205406860	205407049	LTR/ERVL	3417	+	94	205406954	76161
chr1	205330793	205530793	harbor2	chr1	205407350	205407951	LTR/ERVL	3417	+	300	205407650	76857
chr1	2989858	3189858	harbor2	chr1	3004196	3004406	LTR/ERVL	459	+	105	3004301	14443
chr1	2989858	3189858	harbor2	chr1	3033129	3033510	LTR/ERVL	636	+	190	3033319	43461
chr1	16545165	16745165	harbor2	chr1	16560670	16560870	LTR/ERVL	779	+	100	16560770	15605
chr1	16546378	16746378	harbor2	chr1	16560670	16560870	LTR/ERVL	779	+	100	16560770	14392
chr1	16544815	16744815	harbor2	chr1	16560670	16560870	LTR/ERVL	779	+	100	16560770	15955
chr1	2375235	2575235	harbor2	chr1	2383092	2383334	LTR/ERVL	518	+	121	2383213	7978
chr1	211033758	211233758	harbor2	chr1	211067248	211067560	LTR/ERVL	791	+	156	211067404	33646
chr1	211033758	211233758	harbor2	chr1	211074301	211074595	LTR/ERVL	1044	+	147	211074448	40690
chr1	211033758	211233758	harbor2	chr1	211074600	211074993	LTR/ERVL	1575	+	196	211074796	41038
chr1	211033758	211233758	harbor2	chr1	211093920	211094076	LTR/ERVL	730	+	78	211093998	60240
chr1	211033758	211233758	harbor2	chr1	211094405	211094497	LTR/ERVL	730	+	46	211094451	60693
chr1	211033758	211233758	harbor2	chr1	211115321	211115701	LTR/ERVL	3316	+	190	211115511	81753
chr1	211033758	211233758	harbor2	chr1	211115732	211115794	LTR/ERVL	3316	+	31	211115763	82005
chr1	227442279	227642279	harbor2	chr1	227444112	227445179	LTR/ERVL	7121	+	534	227444646	2367
chr1	227442279	227642279	harbor2	chr1	227445180	227445567	LTR/ERVL	1998	+	194	227445374	3095
chr1	227442279	227642279	harbor2	chr1	227445872	227445934	LTR/ERVL	1998	+	31	227445903	3624
chr1	227442279	227642279	harbor2	chr1	227453765	227454144	LTR/ERVL	659	+	190	227453955	11676
chr1	16546331	16746331	harbor2	chr1	16560670	16560870	LTR/ERVL	779	+	100	16560770	14439
chr1	89425677	89625677	harbor2	chr1	89425199	89425766	LTR/ERVL	2044	+	284	89425483	194
chr1	89425677	89625677	harbor2	chr1	89487704	89488124	LTR/ERVL	2686	+	210	89487914	62237
chr1	89425677	89625677	harbor2	chr1	89488368	89488617	LTR/ERVL	1357	+	124	89488492	62815
chr1	89425677	89625677	harbor2	chr1	89498365	89498554	LTR/ERVL	873	+	94	89498459	72782
chr1	16544753	16744753	harbor2	chr1	16560670	16560870	LTR/ERVL	779	+	100	16560770	16017
chr1	16544725	16744725	harbor2	chr1	16560670	16560870	LTR/ERVL	779	+	100	16560770	16045
chr1	16821931	17021931	harbor2	chr1	16896667	16896830	LTR/ERVL	508	+	82	16896749	74818
chr1	145858041	146058041	harbor2	chr1	145887837	145888532	LTR/ERVL	3996	+	348	145888185	30144
chr1	145858041	146058041	harbor2	chr1	145948683	145949147	LTR/ERVL	1849	+	232	145948915	90874
chr1	202857893	203057893	harbor2	chr1	202909741	202910003	LTR/ERVL	710	+	131	202909872	51979
chr1	202857893	203057893	harbor2	chr1	202952559	202952846	LTR/ERVL	1370	+	144	202952703	94810
chr1	12673928	12873928	harbor2	chr1	12673960	12674270	LTR/ERVL	700	+	155	12674115	187
chr1	12673928	12873928	harbor2	chr1	12757868	12758286	LTR/ERVL	1725	+	209	12758077	84149
chr1	204585865	204785865	harbor2	chr1	204596576	204596725	LTR/ERVL	483	+	74	204596650	10785
chr1	204585865	204785865	harbor2	chr1	204596855	204597643	LTR/ERVL	2255	+	394	204597249	11384
chr1	16544708	16744708	harbor2	chr1	16560670	16560870	LTR/ERVL	779	+	100	16560770	16062
chr1	17636788	17836788	harbor2	chr1	17726612	17727085	LTR/ERVL	2299	+	236	17726848	90060
chr1	216443727	216643727	harbor2	chr1	216452697	216453249	LTR/ERVL	2001	+	276	216452973	9246
chr1	211400835	211600835	harbor2	chr1	211418411	211418862	LTR/ERVL	3068	+	226	211418637	17802
chr1	211400835	211600835	harbor2	chr1	211420159	211420282	LTR/ERVL	584	+	62	211420221	19386
chr1	211400835	211600835	harbor2	chr1	211499571	211499997	LTR/ERVL	1218	+	213	211499784	98949
chr1	211033756	211233756	harbor2	chr1	211067248	211067560	LTR/ERVL	791	+	156	211067404	33648
chr1	211033756	211233756	harbor2	chr1	211074301	211074595	LTR/ERVL	1044	+	147	211074448	40692
chr1	211033756	211233756	harbor2	chr1	211074600	211074993	LTR/ERVL	1575	+	196	211074796	41040
chr1	211033756	211233756	harbor2	chr1	211093920	211094076	LTR/ERVL	730	+	78	211093998	60242
chr1	211033756	211233756	harbor2	chr1	211094405	211094497	LTR/ERVL	730	+	46	211094451	60695
chr1	211033756	211233756	harbor2	chr1	211115321	211115701	LTR/ERVL	3316	+	190	211115511	81755
chr1	211033756	211233756	harbor2	chr1	211115732	211115794	LTR/ERVL	3316	+	31	211115763	82007
chr1	16544789	16744789	harbor2	chr1	16560670	16560870	LTR/ERVL	779	+	100	16560770	15981
chr1	2375888	2575888	harbor2	chr1	2383092	2383334	LTR/ERVL	518	+	121	2383213	7325
chr1	16544734	16744734	harbor2	chr1	16560670	16560870	LTR/ERVL	779	+	100	16560770	16036
chr1	18514441	18714441	harbor2	chr1	18539207	18539419	LTR/ERVL	846	+	106	18539313	24872
chr1	53227374	53427374	harbor2	chr1	53262933	53263107	LTR/ERVL	557	+	87	53263020	35646
chr1	16545038	16745038	harbor2	chr1	16560670	16560870	LTR/ERVL	779	+	100	16560770	15732
chr1	36756807	36956807	harbor2	chr1	36774229	36774438	LTR/ERVL	477	+	104	36774333	17526
chr1	36756807	36956807	harbor2	chr1	36789511	36789946	LTR/ERVL	1477	+	218	36789729	32922
chr1	36756807	36956807	harbor2	chr1	36794665	36795085	LTR/ERVL	555	+	210	36794875	38068
chr1	36756807	36956807	harbor2	chr1	36835202	36835644	LTR/ERVL	729	+	221	36835423	78616
chr1	2375982	2575982	harbor2	chr1	2383092	2383334	LTR/ERVL	518	+	121	2383213	7231
chr1	2927639	3127639	harbor2	chr1	3004196	3004406	LTR/ERVL	459	+	105	3004301	76662
chr1	94138719	94338719	harbor2	chr1	94199398	94199875	LTR/ERVL	1883	+	238	94199636	60917
chr1	229333991	229533991	harbor2	chr1	229361653	229361807	LTR/ERVL	741	+	77	229361730	27739
chr1	229333991	229533991	harbor2	chr1	229396594	229397128	LTR/ERVL	2104	+	267	229396861	62870
chr1	211034401	211234401	harbor2	chr1	211067248	211067560	LTR/ERVL	791	+	156	211067404	33003
chr1	211034401	211234401	harbor2	chr1	211074301	211074595	LTR/ERVL	1044	+	147	211074448	40047
chr1	211034401	211234401	harbor2	chr1	211074600	211074993	LTR/ERVL	1575	+	196	211074796	40395
chr1	211034401	211234401	harbor2	chr1	211093920	211094076	LTR/ERVL	730	+	78	211093998	59597
chr1	211034401	211234401	harbor2	chr1	211094405	211094497	LTR/ERVL	730	+	46	211094451	60050
chr1	211034401	211234401	harbor2	chr1	211115321	211115701	LTR/ERVL	3316	+	190	211115511	81110
chr1	211034401	211234401	harbor2	chr1	211115732	211115794	LTR/ERVL	3316	+	31	211115763	81362
chr1	185217222	185417222	harbor2	chr1	185279982	185280011	LTR/ERVL	1545	+	14	185279996	62774
chr1	185217222	185417222	harbor2	chr1	185280379	185280716	LTR/ERVL	1545	+	168	185280547	63325
chr1	185217222	185417222	harbor2	chr1	185282385	185282847	LTR/ERVL	1510	+	231	185282616	65394
chr1	185217222	185417222	harbor2	chr1	185284908	185285421	LTR/ERVL	1140	+	256	185285164	67942
chr1	9226709	9426709	harbor2	chr1	9297468	9298369	LTR/ERVL	17410	+	450	9297918	71209
chr1	9226709	9426709	harbor2	chr1	9298476	9299356	LTR/ERVL	17410	+	440	9298916	72207
chr1	9226709	9426709	harbor2	chr1	9299983	9301207	LTR/ERVL	17410	+	612	9300595	73886
chr1	9226709	9426709	harbor2	chr1	9301513	9302091	LTR/ERVL	17410	+	289	9301802	75093
chr1	9226709	9426709	harbor2	chr1	9302116	9302225	LTR/ERVL	525	+	54	9302170	75461
chr1	9226709	9426709	harbor2	chr1	9302227	9302644	LTR/ERVL	2100	+	208	9302435	75726
chr1	9226709	9426709	harbor2	chr1	9302649	9303809	LTR/ERVL	6146	+	580	9303229	76520
chr1	9226709	9426709	harbor2	chr1	9303811	9304444	LTR/ERVL	3510	+	316	9304127	77418
chr1	39855819	40055819	harbor2	chr1	39908119	39908877	LTR/ERVL	1564	+	379	39908498	52679
chr1	2375920	2575920	harbor2	chr1	2383092	2383334	LTR/ERVL	518	+	121	2383213	7293
chr1	43458974	43658974	harbor2	chr1	43465255	43465474	LTR/ERVL	601	+	110	43465365	6391
chr1	43458974	43658974	harbor2	chr1	43465486	43465620	LTR/ERVL	485	+	67	43465553	6579
chr1	43458974	43658974	harbor2	chr1	43475797	43476063	LTR/ERVL	630	+	133	43475930	16956
chr1	43458974	43658974	harbor2	chr1	43512809	43513353	LTR/ERVL	1189	+	272	43513081	54107
chr1	43458974	43658974	harbor2	chr1	43521788	43522217	LTR/ERVL	1254	+	214	43522002	63028
chr1	16544754	16744754	harbor2	chr1	16560670	16560870	LTR/ERVL	779	+	100	16560770	16016
chr1	92386040	92586040	harbor2	chr1	92465885	92466159	LTR/ERVL	1472	+	137	92466022	79982
chr1	6351783	6551783	harbor2	chr1	6411051	6411736	LTR/ERVL	1562	+	342	6411393	59610
chr1	727513	927513	harbor2	chr1	741124	741629	LTR/ERVL	3337	+	252	741376	13863
chr1	727513	927513	harbor2	chr1	741937	742006	LTR/ERVL	3337	+	34	741971	14458
chr1	727513	927513	harbor2	chr1	742310	742610	LTR/ERVL	3337	+	150	742460	14947
chr1	727513	927513	harbor2	chr1	752876	753134	LTR/ERVL	3365	+	129	753005	25492
chr1	727513	927513	harbor2	chr1	754046	754345	LTR/ERVL	3365	+	150	754196	26683
chr1	727513	927513	harbor2	chr1	753429	753738	LTR/ERVL	3365	+	154	753583	26070
chr1	116384166	116584166	harbor2	chr1	116385528	116385722	LTR/ERVL	1237	+	97	116385625	1459
chr1	116384166	116584166	harbor2	chr1	116385722	116385844	LTR/ERVL	639	+	61	116385783	1617
chr1	116384166	116584166	harbor2	chr1	116386157	116386188	LTR/ERVL	639	+	16	116386173	2007
chr1	116384166	116584166	harbor2	chr1	116420909	116421307	LTR/ERVL	1505	+	199	116421108	36942
chr1	92387184	92587184	harbor2	chr1	92465885	92466159	LTR/ERVL	1472	+	137	92466022	78838
chr1	160901756	161101756	harbor2	chr1	160934190	160934403	LTR/ERVL	739	+	106	160934296	32540
chr1	160901756	161101756	harbor2	chr1	160951408	160951550	LTR/ERVL	677	+	71	160951479	49723
chr1	160901756	161101756	harbor2	chr1	160951708	160952210	LTR/ERVL	1692	+	251	160951959	50203
chr1	160901756	161101756	harbor2	chr1	160952253	160952393	LTR/ERVL	696	+	70	160952323	50567
chr1	153261923	153461923	harbor2	chr1	153274129	153274175	LTR/ERVL	583	+	23	153274152	12229
chr1	153261923	153461923	harbor2	chr1	153274312	153274371	LTR/ERVL	583	+	30	153274342	12419
chr1	211033759	211233759	harbor2	chr1	211067248	211067560	LTR/ERVL	791	+	156	211067404	33645
chr1	211033759	211233759	harbor2	chr1	211074301	211074595	LTR/ERVL	1044	+	147	211074448	40689
chr1	211033759	211233759	harbor2	chr1	211074600	211074993	LTR/ERVL	1575	+	196	211074796	41037
chr1	211033759	211233759	harbor2	chr1	211093920	211094076	LTR/ERVL	730	+	78	211093998	60239
chr1	211033759	211233759	harbor2	chr1	211094405	211094497	LTR/ERVL	730	+	46	211094451	60692
chr1	211033759	211233759	harbor2	chr1	211115321	211115701	LTR/ERVL	3316	+	190	211115511	81752
chr1	211033759	211233759	harbor2	chr1	211115732	211115794	LTR/ERVL	3316	+	31	211115763	82004
chr1	211034198	211234198	harbor2	chr1	211067248	211067560	LTR/ERVL	791	+	156	211067404	33206
chr1	211034198	211234198	harbor2	chr1	211074301	211074595	LTR/ERVL	1044	+	147	211074448	40250
chr1	211034198	211234198	harbor2	chr1	211074600	211074993	LTR/ERVL	1575	+	196	211074796	40598
chr1	211034198	211234198	harbor2	chr1	211093920	211094076	LTR/ERVL	730	+	78	211093998	59800
chr1	211034198	211234198	harbor2	chr1	211094405	211094497	LTR/ERVL	730	+	46	211094451	60253
chr1	211034198	211234198	harbor2	chr1	211115321	211115701	LTR/ERVL	3316	+	190	211115511	81313
chr1	211034198	211234198	harbor2	chr1	211115732	211115794	LTR/ERVL	3316	+	31	211115763	81565
chr1	31972874	32172874	harbor2	chr1	32009055	32009614	LTR/ERVL	2916	+	280	32009335	36461
chr1	16545147	16745147	harbor2	chr1	16560670	16560870	LTR/ERVL	779	+	100	16560770	15623
chr1	20561543	20761543	harbor2	chr1	20629872	20630130	LTR/ERVL	734	+	129	20630001	68458
chr1	20561543	20761543	harbor2	chr1	20632078	20632128	LTR/ERVL	1356	+	25	20632103	70560
chr1	20561543	20761543	harbor2	chr1	20632433	20632714	LTR/ERVL	1356	+	140	20632573	71030
chr1	211947399	212147399	harbor2	chr1	212009368	212009512	LTR/ERVL	521	+	72	212009440	62041
chr1	70743302	70943302	harbor2	chr1	70826506	70826981	LTR/ERVL	837	+	238	70826744	83442
chr1	3874035	4074035	harbor2	chr1	3879943	3880467	LTR/ERVL	1243	+	262	3880205	6170
chr1	3874035	4074035	harbor2	chr1	3932733	3933030	LTR/ERVL	907	+	148	3932881	58846
chr1	3874035	4074035	harbor2	chr1	3931848	3932322	LTR/ERVL	1312	+	237	3932085	58050
chr1	152207691	152407691	harbor2	chr1	152236620	152236962	LTR/ERVL	1813	+	171	152236791	29100
chr1	209557754	209757754	harbor2	chr1	209567952	209568385	LTR/ERVL	3141	+	216	209568168	10414
chr1	53846652	54046652	harbor2	chr1	53890504	53890997	LTR/ERVL	1036	+	246	53890750	44098
chr1	53846652	54046652	harbor2	chr1	53891310	53891620	LTR/ERVL	508	+	155	53891465	44813
chr1	53846652	54046652	harbor2	chr1	53891764	53892293	LTR/ERVL	1258	+	264	53892028	45376
chr1	53846652	54046652	harbor2	chr1	53912961	53913417	LTR/ERVL	2123	+	228	53913189	66537
chr1	53846652	54046652	harbor2	chr1	53929028	53929505	LTR/ERVL	1177	+	238	53929266	82614
chr1	153558724	153758724	harbor2	chr1	153653057	153653456	LTR/ERVL	1818	+	200	153653257	94533
chr1	153558724	153758724	harbor2	chr1	153654046	153654299	LTR/ERVL	1818	+	126	153654172	95448
chr1	25763699	25963699	harbor2	chr1	25848517	25849083	LTR/ERVL	2011	+	283	25848800	85101
chr1	110682470	110882470	harbor2	chr1	110719107	110719275	LTR/ERVL	560	+	84	110719191	36721
chr1	110682470	110882470	harbor2	chr1	110719291	110719563	LTR/ERVL	745	+	136	110719427	36957
chr1	110682470	110882470	harbor2	chr1	110728541	110728564	LTR/ERVL	1514	+	12	110728553	46083
chr1	110682470	110882470	harbor2	chr1	110729554	110729610	LTR/ERVL	1514	+	28	110729582	47112
chr1	110682470	110882470	harbor2	chr1	110730432	110730807	LTR/ERVL	1514	+	188	110730620	48150
chr1	110682470	110882470	harbor2	chr1	110772241	110772544	LTR/ERVL	1087	+	152	110772393	89923
chr1	44170897	44370897	harbor2	chr1	44171271	44171394	LTR/ERVL	608	+	62	44171333	436
chr1	44170897	44370897	harbor2	chr1	44193881	44194199	LTR/ERVL	1121	+	159	44194040	23143
chr1	44170897	44370897	harbor2	chr1	44200893	44201208	LTR/ERVL	1245	+	158	44201051	30154
chr1	44170897	44370897	harbor2	chr1	44201452	44201564	LTR/ERVL	925	+	56	44201508	30611
chr1	44170897	44370897	harbor2	chr1	44201878	44202008	LTR/ERVL	925	+	65	44201943	31046
chr1	44170897	44370897	harbor2	chr1	44202305	44202603	LTR/ERVL	925	+	149	44202454	31557
chr1	44170897	44370897	harbor2	chr1	44170427	44171268	LTR/ERVL	3463	+	420	44170847	50
chr1	2375915	2575915	harbor2	chr1	2383092	2383334	LTR/ERVL	518	+	121	2383213	7298
chr1	53858393	54058393	harbor2	chr1	53890504	53890997	LTR/ERVL	1036	+	246	53890750	32357
chr1	53858393	54058393	harbor2	chr1	53891310	53891620	LTR/ERVL	508	+	155	53891465	33072
chr1	53858393	54058393	harbor2	chr1	53891764	53892293	LTR/ERVL	1258	+	264	53892028	33635
chr1	53858393	54058393	harbor2	chr1	53912961	53913417	LTR/ERVL	2123	+	228	53913189	54796
chr1	53858393	54058393	harbor2	chr1	53929028	53929505	LTR/ERVL	1177	+	238	53929266	70873
chr1	16544782	16744782	harbor2	chr1	16560670	16560870	LTR/ERVL	779	+	100	16560770	15988
chr1	727387	927387	harbor2	chr1	741124	741629	LTR/ERVL	3337	+	252	741376	13989
chr1	727387	927387	harbor2	chr1	741937	742006	LTR/ERVL	3337	+	34	741971	14584
chr1	727387	927387	harbor2	chr1	742310	742610	LTR/ERVL	3337	+	150	742460	15073
chr1	727387	927387	harbor2	chr1	752876	753134	LTR/ERVL	3365	+	129	753005	25618
chr1	727387	927387	harbor2	chr1	754046	754345	LTR/ERVL	3365	+	150	754196	26809
chr1	727387	927387	harbor2	chr1	753429	753738	LTR/ERVL	3365	+	154	753583	26196
chr1	16545055	16745055	harbor2	chr1	16560670	16560870	LTR/ERVL	779	+	100	16560770	15715
chr1	16544767	16744767	harbor2	chr1	16560670	16560870	LTR/ERVL	779	+	100	16560770	16003
chr1	3525669	3725669	harbor2	chr1	3587046	3587733	LTR/ERVL	3477	+	344	3587390	61721
chr1	3525669	3725669	harbor2	chr1	3623418	3623573	LTR/ERVL	517	+	78	3623496	97827
chr1	2375967	2575967	harbor2	chr1	2383092	2383334	LTR/ERVL	518	+	121	2383213	7246
chr1	53313469	53513469	harbor2	chr1	53363460	53363652	LTR/ERVL	525	+	96	53363556	50087
chr1	31972868	32172868	harbor2	chr1	32009055	32009614	LTR/ERVL	2916	+	280	32009335	36467
chr1	33670823	33870823	harbor2	chr1	33747983	33748423	LTR/ERVL	853	+	220	33748203	77380
chr1	16544952	16744952	harbor2	chr1	16560670	16560870	LTR/ERVL	779	+	100	16560770	15818
chr1	2551671	2751671	harbor2	chr1	2583533	2583965	LTR/ERVL	1210	+	216	2583749	32078
chr1	2551671	2751671	harbor2	chr1	2625292	2626288	LTR/ERVL	7142	+	498	2625790	74119
chr1	2551671	2751671	harbor2	chr1	2637771	2638501	LTR/ERVL	682	+	365	2638136	86465
chr1	16546359	16746359	harbor2	chr1	16560670	16560870	LTR/ERVL	779	+	100	16560770	14411
chr1	211034098	211234098	harbor2	chr1	211067248	211067560	LTR/ERVL	791	+	156	211067404	33306
chr1	211034098	211234098	harbor2	chr1	211074301	211074595	LTR/ERVL	1044	+	147	211074448	40350
chr1	211034098	211234098	harbor2	chr1	211074600	211074993	LTR/ERVL	1575	+	196	211074796	40698
chr1	211034098	211234098	harbor2	chr1	211093920	211094076	LTR/ERVL	730	+	78	211093998	59900
chr1	211034098	211234098	harbor2	chr1	211094405	211094497	LTR/ERVL	730	+	46	211094451	60353
chr1	211034098	211234098	harbor2	chr1	211115321	211115701	LTR/ERVL	3316	+	190	211115511	81413
chr1	211034098	211234098	harbor2	chr1	211115732	211115794	LTR/ERVL	3316	+	31	211115763	81665
chr1	207652046	207852046	harbor2	chr1	207692294	207692742	LTR/ERVL	2155	+	224	207692518	40472
chr1	207903426	208103426	harbor2	chr1	207992024	207992113	LTR/ERVL	1735	+	44	207992068	88642
chr1	207903426	208103426	harbor2	chr1	207992420	207992705	LTR/ERVL	1735	+	142	207992562	89136
chr1	211034399	211234399	harbor2	chr1	211067248	211067560	LTR/ERVL	791	+	156	211067404	33005
chr1	211034399	211234399	harbor2	chr1	211074301	211074595	LTR/ERVL	1044	+	147	211074448	40049
chr1	211034399	211234399	harbor2	chr1	211074600	211074993	LTR/ERVL	1575	+	196	211074796	40397
chr1	211034399	211234399	harbor2	chr1	211093920	211094076	LTR/ERVL	730	+	78	211093998	59599
chr1	211034399	211234399	harbor2	chr1	211094405	211094497	LTR/ERVL	730	+	46	211094451	60052
chr1	211034399	211234399	harbor2	chr1	211115321	211115701	LTR/ERVL	3316	+	190	211115511	81112
chr1	211034399	211234399	harbor2	chr1	211115732	211115794	LTR/ERVL	3316	+	31	211115763	81364
chr1	16803066	17003066	harbor2	chr1	16896667	16896830	LTR/ERVL	508	+	82	16896749	93683
chr1	41949951	42149951	harbor2	chr1	41960465	41960712	LTR/ERVL	1115	+	124	41960589	10638
chr1	41949951	42149951	harbor2	chr1	41974868	41975334	LTR/ERVL	1384	+	233	41975101	25150
chr1	41949951	42149951	harbor2	chr1	41958113	41960287	LTR/ERVL	4142	+	1087	41959200	9249
chr1	214586377	214786377	harbor2	chr1	214681958	214682149	LTR/ERVL	491	+	96	214682054	95677
chr1	214586377	214786377	harbor2	chr1	214682157	214682184	LTR/ERVL	546	+	14	214682171	95794
chr1	214586377	214786377	harbor2	chr1	214682494	214682715	LTR/ERVL	546	+	110	214682604	96227
chr1	32102226	32302226	harbor2	chr1	32159568	32159659	LTR/ERVL	498	+	46	32159614	57388
chr1	32102226	32302226	harbor2	chr1	32159627	32159846	LTR/ERVL	801	+	110	32159737	57511
chr1	211033781	211233781	harbor2	chr1	211067248	211067560	LTR/ERVL	791	+	156	211067404	33623
chr1	211033781	211233781	harbor2	chr1	211074301	211074595	LTR/ERVL	1044	+	147	211074448	40667
chr1	211033781	211233781	harbor2	chr1	211074600	211074993	LTR/ERVL	1575	+	196	211074796	41015
chr1	211033781	211233781	harbor2	chr1	211093920	211094076	LTR/ERVL	730	+	78	211093998	60217
chr1	211033781	211233781	harbor2	chr1	211094405	211094497	LTR/ERVL	730	+	46	211094451	60670
chr1	211033781	211233781	harbor2	chr1	211115321	211115701	LTR/ERVL	3316	+	190	211115511	81730
chr1	211033781	211233781	harbor2	chr1	211115732	211115794	LTR/ERVL	3316	+	31	211115763	81982
chr1	16544805	16744805	harbor2	chr1	16560670	16560870	LTR/ERVL	779	+	100	16560770	15965
chr1	244609722	244809722	harbor2	chr1	244644512	244644942	LTR/ERVL	1120	+	215	244644727	35005
chr1	244609722	244809722	harbor2	chr1	244644953	244645618	LTR/ERVL	1325	+	332	244645285	35563
chr1	244609722	244809722	harbor2	chr1	244647978	244648381	LTR/ERVL	590	+	202	244648180	38458
chr1	244609722	244809722	harbor2	chr1	244665526	244665854	LTR/ERVL	1793	+	164	244665690	55968
chr1	244609722	244809722	harbor2	chr1	244696661	244697204	LTR/ERVL	3037	+	272	244696933	87211
chr1	244609722	244809722	harbor2	chr1	244697207	244697225	LTR/ERVL	10237	+	9	244697216	87494
chr1	244609722	244809722	harbor2	chr1	244697494	244699301	LTR/ERVL	10237	+	904	244698398	88676
chr1	244609722	244809722	harbor2	chr1	244699609	244700085	LTR/ERVL	10237	+	238	244699847	90125
chr1	244609722	244809722	harbor2	chr1	244700086	244700259	LTR/ERVL	731	+	86	244700172	90450
chr1	244609722	244809722	harbor2	chr1	244645678	244646518	LTR/ERVL	2943	+	420	244646098	36376
chr1	225365084	225565084	harbor2	chr1	225366524	225366722	LTR/ERVL	726	+	99	225366623	1539
chr1	225365084	225565084	harbor2	chr1	225366758	225366990	LTR/ERVL	1021	+	116	225366874	1790
chr1	225365084	225565084	harbor2	chr1	225456281	225456736	LTR/ERVL	3433	+	228	225456509	91425
chr1	205431580	205631580	harbor2	chr1	205475517	205475775	LTR/ERVL	1115	+	129	205475646	44066
chr1	205431580	205631580	harbor2	chr1	205476435	205476477	LTR/ERVL	1115	+	21	205476456	44876
chr1	16546385	16746385	harbor2	chr1	16560670	16560870	LTR/ERVL	779	+	100	16560770	14385
chr1	145920756	146120756	harbor2	chr1	145948683	145949147	LTR/ERVL	1849	+	232	145948915	28159
chr1	226786659	226986659	harbor2	chr1	226806645	226806795	LTR/ERVL	480	+	75	226806720	20061
chr1	226786659	226986659	harbor2	chr1	226857038	226857800	LTR/ERVL	2846	+	381	226857419	70760
chr1	226786659	226986659	harbor2	chr1	226865740	226865884	LTR/ERVL	445	+	72	226865812	79153
chr1	226786659	226986659	harbor2	chr1	226865874	226866015	LTR/ERVL	745	+	70	226865944	79285
chr1	161528751	161728751	harbor2	chr1	161557921	161558390	LTR/ERVL	2256	+	234	161558155	29404
chr1	113990947	114190947	harbor2	chr1	114029275	114029671	LTR/ERVL	1958	+	198	114029473	38526
chr1	113990947	114190947	harbor2	chr1	114042545	114043030	LTR/ERVL	772	+	242	114042787	51840
chr1	46294779	46494779	harbor2	chr1	46364354	46364394	LTR/ERVL	1824	+	20	46364374	69595
chr1	46294779	46494779	harbor2	chr1	46364698	46365076	LTR/ERVL	1824	+	189	46364887	70108
chr1	211034391	211234391	harbor2	chr1	211067248	211067560	LTR/ERVL	791	+	156	211067404	33013
chr1	211034391	211234391	harbor2	chr1	211074301	211074595	LTR/ERVL	1044	+	147	211074448	40057
chr1	211034391	211234391	harbor2	chr1	211074600	211074993	LTR/ERVL	1575	+	196	211074796	40405
chr1	211034391	211234391	harbor2	chr1	211093920	211094076	LTR/ERVL	730	+	78	211093998	59607
chr1	211034391	211234391	harbor2	chr1	211094405	211094497	LTR/ERVL	730	+	46	211094451	60060
chr1	211034391	211234391	harbor2	chr1	211115321	211115701	LTR/ERVL	3316	+	190	211115511	81120
chr1	211034391	211234391	harbor2	chr1	211115732	211115794	LTR/ERVL	3316	+	31	211115763	81372
chr1	2375244	2575244	harbor2	chr1	2383092	2383334	LTR/ERVL	518	+	121	2383213	7969
chr1	31973222	32173222	harbor2	chr1	32009055	32009614	LTR/ERVL	2916	+	280	32009335	36113
chr1	10913141	11113141	harbor2	chr1	10972686	10972804	LTR/ERVL	1861	+	59	10972745	59604
chr1	10913141	11113141	harbor2	chr1	10972946	10973090	LTR/ERVL	1861	+	72	10973018	59877
chr1	10913141	11113141	harbor2	chr1	10973397	10973587	LTR/ERVL	1861	+	95	10973492	60351
chr1	10913141	11113141	harbor2	chr1	10974729	10974923	LTR/ERVL	1861	+	97	10974826	61685
chr1	17337716	17537716	harbor2	chr1	17434149	17434250	LTR/ERVL	552	+	50	17434199	96483
chr1	17337716	17537716	harbor2	chr1	17434264	17434827	LTR/ERVL	2436	+	282	17434546	96830
chr1	201882904	202082904	harbor2	chr1	201952407	201952810	LTR/ERVL	1620	+	202	201952609	69705
chr1	201882904	202082904	harbor2	chr1	201953109	201953134	LTR/ERVL	968	+	12	201953121	70217
chr1	53312834	53512834	harbor2	chr1	53363460	53363652	LTR/ERVL	525	+	96	53363556	50722
chr1	13290765	13490765	harbor2	chr1	13362272	13362661	LTR/ERVL	2287	+	194	13362466	71701
chr1	16544742	16744742	harbor2	chr1	16560670	16560870	LTR/ERVL	779	+	100	16560770	16028
chr1	230539629	230739629	harbor2	chr1	230539427	230541165	LTR/ERVL	1853	+	869	230540296	667
chr1	230539629	230739629	harbor2	chr1	230541931	230542128	LTR/ERVL	455	+	98	230542029	2400
chr1	230539629	230739629	harbor2	chr1	230542137	230542560	LTR/ERVL	1292	+	212	230542349	2720
chr1	230539629	230739629	harbor2	chr1	230542557	230542596	LTR/ERVL	1153	+	20	230542577	2948
chr1	230539629	230739629	harbor2	chr1	230542892	230543180	LTR/ERVL	1153	+	144	230543036	3407
chr1	230539629	230739629	harbor2	chr1	230544274	230544881	LTR/ERVL	1687	+	304	230544578	4949
chr1	230539629	230739629	harbor2	chr1	230544969	230545147	LTR/ERVL	728	+	89	230545058	5429
chr1	230539629	230739629	harbor2	chr1	230545176	230545607	LTR/ERVL	695	+	216	230545392	5763
chr1	230539629	230739629	harbor2	chr1	230545606	230545904	LTR/ERVL	902	+	149	230545755	6126
chr1	230539629	230739629	harbor2	chr1	230546068	230546466	LTR/ERVL	793	+	199	230546267	6638
chr1	230539629	230739629	harbor2	chr1	230562140	230562725	LTR/ERVL	3222	+	292	230562432	22803
chr1	230539629	230739629	harbor2	chr1	230629119	230629650	LTR/ERVL	3002	+	266	230629385	89756
chr2	46198427	46398427	harbor2	chr2	46291764	46292092	LTR/ERVL	527	+	164	46291928	93501
chr2	1788562	1988562	harbor2	chr2	1820425	1820538	LTR/ERVL	1474	+	56	1820481	31919
chr2	1788562	1988562	harbor2	chr2	1820847	1821129	LTR/ERVL	1474	+	141	1820988	32426
chr2	53472337	53672337	harbor2	chr2	53477609	53477966	LTR/ERVL	668	+	178	53477787	5450
chr2	53472337	53672337	harbor2	chr2	53484651	53485211	LTR/ERVL	2763	+	280	53484931	12594
chr2	218223269	218423269	harbor2	chr2	218303899	218304152	LTR/ERVL	718	+	126	218304025	80756
chr2	218223269	218423269	harbor2	chr2	218304444	218304632	LTR/ERVL	718	+	94	218304538	81269
chr2	72043327	72243327	harbor2	chr2	72074203	72074507	LTR/ERVL	695	+	152	72074355	31028
chr2	171822444	172022444	harbor2	chr2	171907497	171907551	LTR/ERVL	1049	+	27	171907524	85080
chr2	171822444	172022444	harbor2	chr2	171907841	171908115	LTR/ERVL	1049	+	137	171907978	85534
chr2	171822444	172022444	harbor2	chr2	171911979	171912451	LTR/ERVL	2338	+	236	171912215	89771
chr2	171822444	172022444	harbor2	chr2	171913454	171913510	LTR/ERVL	2338	+	28	171913482	91038
chr2	195072898	195272898	harbor2	chr2	195083291	195083942	LTR/ERVL	649	+	326	195083617	10719
chr2	195072898	195272898	harbor2	chr2	195102865	195103111	LTR/ERVL	571	+	123	195102988	30090
chr2	195072898	195272898	harbor2	chr2	195103301	195103670	LTR/ERVL	555	+	184	195103485	30587
chr2	195072898	195272898	harbor2	chr2	195110953	195111211	LTR/ERVL	1814	+	129	195111082	38184
chr2	195072898	195272898	harbor2	chr2	195136871	195137212	LTR/ERVL	1086	+	170	195137041	64143
chr2	195072898	195272898	harbor2	chr2	195143878	195144286	LTR/ERVL	1649	+	204	195144082	71184
chr2	195072898	195272898	harbor2	chr2	195144636	195144653	LTR/ERVL	1649	+	8	195144644	71746
chr2	195072898	195272898	harbor2	chr2	195162156	195162669	LTR/ERVL	1735	+	256	195162412	89514
chr2	195072898	195272898	harbor2	chr2	195100649	195100784	LTR/ERVL	529	+	68	195100717	27819
chr2	85502763	85702763	harbor2	chr2	85513464	85513895	LTR/ERVL	767	+	216	85513680	10917
chr2	242029286	242229286	harbor2	chr2	242075107	242075259	LTR/ERVL	510	+	76	242075183	45897
chr2	3909466	4109466	harbor2	chr2	3975253	3975463	LTR/ERVL	3788	+	105	3975358	65892
chr2	3909466	4109466	harbor2	chr2	3975758	3976403	LTR/ERVL	3788	+	322	3976080	66614
chr2	229968889	230168889	harbor2	chr2	229974412	229974723	LTR/ERVL	1199	+	156	229974568	5679
chr2	229968889	230168889	harbor2	chr2	230009480	230009655	LTR/ERVL	444	+	88	230009568	40679
chr2	43459411	43659411	harbor2	chr2	43494021	43494190	LTR/ERVL	625	+	84	43494105	34694
chr2	43459411	43659411	harbor2	chr2	43558368	43558801	LTR/ERVL	3096	+	216	43558584	99173
chr2	6817447	7017447	harbor2	chr2	6868954	6869356	LTR/ERVL	650	+	201	6869155	51708
chr2	2617889	2817889	harbor2	chr2	2676664	2679228	LTR/ERVL	19298	+	1282	2677946	60057
chr2	2617889	2817889	harbor2	chr2	2679230	2679681	LTR/ERVL	2776	+	226	2679456	61567
chr2	2617889	2817889	harbor2	chr2	2696149	2696320	LTR/ERVL	642	+	86	2696235	78346
chr2	169386758	169586758	harbor2	chr2	169446776	169447600	LTR/ERVL	3232	+	412	169447188	60430
chr2	169386758	169586758	harbor2	chr2	169485639	169485881	LTR/ERVL	739	+	121	169485760	99002
chr2	42069370	42269370	harbor2	chr2	42092222	42092519	LTR/ERVL	1205	+	148	42092370	23000
chr2	42069370	42269370	harbor2	chr2	42092593	42092764	LTR/ERVL	936	+	86	42092679	23309
chr2	242055177	242255177	harbor2	chr2	242075107	242075259	LTR/ERVL	510	+	76	242075183	20006
chr2	232387413	232587413	harbor2	chr2	232393184	232393249	LTR/ERVL	1404	+	32	232393216	5803
chr2	232387413	232587413	harbor2	chr2	232393681	232394107	LTR/ERVL	1404	+	213	232393894	6481
chr2	86515479	86715479	harbor2	chr2	86558981	86559501	LTR/ERVL	2571	+	260	86559241	43762
chr2	86515479	86715479	harbor2	chr2	86576791	86577303	LTR/ERVL	3015	+	256	86577047	61568
chr2	46271422	46471422	harbor2	chr2	46291764	46292092	LTR/ERVL	527	+	164	46291928	20506
chr2	113779869	113979869	harbor2	chr2	113795177	113795566	LTR/ERVL	869	+	194	113795371	15502
chr2	113779869	113979869	harbor2	chr2	113796808	113797237	LTR/ERVL	1823	+	214	113797022	17153
chr2	113779869	113979869	harbor2	chr2	113818360	113818768	LTR/ERVL	1869	+	204	113818564	38695
chr2	113779869	113979869	harbor2	chr2	113818767	113818892	LTR/ERVL	658	+	62	113818829	38960
chr2	113779869	113979869	harbor2	chr2	113825358	113825696	LTR/ERVL	476	+	169	113825527	45658
chr2	113779869	113979869	harbor2	chr2	113839915	113839930	LTR/ERVL	1359	+	8	113839923	60054
chr2	113779869	113979869	harbor2	chr2	113839980	113840218	LTR/ERVL	1359	+	119	113840099	60230
chr2	113779869	113979869	harbor2	chr2	113840224	113840765	LTR/ERVL	2938	+	270	113840494	60625
chr2	239858832	240058832	harbor2	chr2	239899947	239900315	LTR/ERVL	1292	+	184	239900131	41299
chr2	239858832	240058832	harbor2	chr2	239900360	239900403	LTR/ERVL	1292	+	22	239900382	41550
chr2	239858832	240058832	harbor2	chr2	239949305	239949514	LTR/ERVL	795	+	104	239949409	90577
chr2	239858832	240058832	harbor2	chr2	239949781	239949958	LTR/ERVL	795	+	88	239949869	91037
chr2	127929061	128129061	harbor2	chr2	127956074	127956468	LTR/ERVL	2615	+	197	127956271	27210
chr2	127929061	128129061	harbor2	chr2	127956716	127956953	LTR/ERVL	2615	+	118	127956834	27773
chr2	127929061	128129061	harbor2	chr2	127981348	127981388	LTR/ERVL	1158	+	20	127981368	52307
chr2	127929061	128129061	harbor2	chr2	127981764	127982008	LTR/ERVL	871	+	122	127981886	52825
chr2	87467266	87667266	harbor2	chr2	87481711	87481902	LTR/ERVL	1774	+	96	87481807	14541
chr2	87467266	87667266	harbor2	chr2	87482214	87482405	LTR/ERVL	1774	+	96	87482310	15044
chr2	87467266	87667266	harbor2	chr2	87482486	87482526	LTR/ERVL	1774	+	20	87482506	15240
chr2	87467266	87667266	harbor2	chr2	87516536	87517272	LTR/ERVL	3892	+	368	87516904	49638
chr2	70771714	70971714	harbor2	chr2	70771784	70772105	LTR/ERVL	1228	+	160	70771944	230
chr2	70771714	70971714	harbor2	chr2	70774042	70774346	LTR/ERVL	721	+	152	70774194	2480
chr2	70771714	70971714	harbor2	chr2	70821185	70821726	LTR/ERVL	1873	+	270	70821455	49741
chr2	70771714	70971714	harbor2	chr2	70822059	70822288	LTR/ERVL	1873	+	114	70822173	50459
chr2	70771714	70971714	harbor2	chr2	70850061	70850324	LTR/ERVL	512	+	132	70850193	78479
chr2	200603208	200803208	harbor2	chr2	200674288	200675166	LTR/ERVL	2474	+	439	200674727	71519
chr2	111955657	112155657	harbor2	chr2	111991925	111992055	LTR/ERVL	513	+	65	111991990	36333
chr2	111955657	112155657	harbor2	chr2	111992036	111992470	LTR/ERVL	3043	+	217	111992253	36596
chr2	111955657	112155657	harbor2	chr2	111992781	111993158	LTR/ERVL	3043	+	188	111992969	37312
chr2	111955657	112155657	harbor2	chr2	112047473	112047825	LTR/ERVL	1336	+	176	112047649	91992
chr2	111955657	112155657	harbor2	chr2	112048212	112048303	LTR/ERVL	1336	+	46	112048258	92601
chr2	86976784	87176784	harbor2	chr2	87056265	87056391	LTR/ERVL	1226	+	63	87056328	79544
chr2	86976784	87176784	harbor2	chr2	87056733	87056850	LTR/ERVL	1226	+	58	87056791	80007
chr2	86976784	87176784	harbor2	chr2	87057058	87057218	LTR/ERVL	862	+	80	87057138	80354
chr2	63489005	63689005	harbor2	chr2	63527085	63527224	LTR/ERVL	508	+	70	63527155	38150
chr2	63489005	63689005	harbor2	chr2	63530439	63530715	LTR/ERVL	978	+	138	63530577	41572
chr2	42069378	42269378	harbor2	chr2	42092222	42092519	LTR/ERVL	1205	+	148	42092370	22992
chr2	42069378	42269378	harbor2	chr2	42092593	42092764	LTR/ERVL	936	+	86	42092679	23301
chr2	203717178	203917178	harbor2	chr2	203717349	203717607	LTR/ERVL	469	+	129	203717478	300
chr2	203717178	203917178	harbor2	chr2	203762452	203762775	LTR/ERVL	989	+	162	203762614	45436
chr2	203717178	203917178	harbor2	chr2	203773714	203773947	LTR/ERVL	1030	+	116	203773830	56652
chr2	203717178	203917178	harbor2	chr2	203775223	203775453	LTR/ERVL	825	+	115	203775338	58160
chr2	203717178	203917178	harbor2	chr2	203775454	203775963	LTR/ERVL	1414	+	254	203775708	58530
chr2	203717178	203917178	harbor2	chr2	203775964	203776130	LTR/ERVL	825	+	83	203776047	58869
chr2	219343736	219543736	harbor2	chr2	219345124	219345683	LTR/ERVL	860	+	280	219345404	1668
chr2	219343736	219543736	harbor2	chr2	219390955	219391314	LTR/ERVL	1248	+	180	219391135	47399
chr2	240592789	240792789	harbor2	chr2	240650947	240651654	LTR/ERVL	2949	+	354	240651301	58512
chr2	240592789	240792789	harbor2	chr2	240651681	240651994	LTR/ERVL	1302	+	156	240651837	59048
chr2	240592789	240792789	harbor2	chr2	240653373	240653703	LTR/ERVL	1079	+	165	240653538	60749
chr2	240592789	240792789	harbor2	chr2	240654791	240654974	LTR/ERVL	4342	+	92	240654883	62094
chr2	240592789	240792789	harbor2	chr2	240655334	240656024	LTR/ERVL	4342	+	345	240655679	62890
chr2	240592789	240792789	harbor2	chr2	240656322	240657248	LTR/ERVL	4342	+	463	240656785	63996
chr2	240592789	240792789	harbor2	chr2	240662603	240663048	LTR/ERVL	2153	+	222	240662825	70036
chr2	240592789	240792789	harbor2	chr2	240663348	240663453	LTR/ERVL	2153	+	52	240663400	70611
chr2	240592789	240792789	harbor2	chr2	240687020	240687386	LTR/ERVL	856	+	183	240687203	94414
chr2	56085624	56285624	harbor2	chr2	56169031	56169532	LTR/ERVL	1790	+	250	56169281	83657
chr2	56148544	56348544	harbor2	chr2	56169031	56169532	LTR/ERVL	1790	+	250	56169281	20737
chr2	6845395	7045395	harbor2	chr2	6868954	6869356	LTR/ERVL	650	+	201	6869155	23760
chr2	70771713	70971713	harbor2	chr2	70771784	70772105	LTR/ERVL	1228	+	160	70771944	231
chr2	70771713	70971713	harbor2	chr2	70774042	70774346	LTR/ERVL	721	+	152	70774194	2481
chr2	70771713	70971713	harbor2	chr2	70821185	70821726	LTR/ERVL	1873	+	270	70821455	49742
chr2	70771713	70971713	harbor2	chr2	70822059	70822288	LTR/ERVL	1873	+	114	70822173	50460
chr2	70771713	70971713	harbor2	chr2	70850061	70850324	LTR/ERVL	512	+	132	70850193	78480
chr2	162740814	162940814	harbor2	chr2	162782821	162783229	LTR/ERVL	1306	+	204	162783025	42211
chr2	162740814	162940814	harbor2	chr2	162783245	162783350	LTR/ERVL	448	+	52	162783297	42483
chr2	74272719	74472719	harbor2	chr2	74319516	74319652	LTR/ERVL	878	+	68	74319584	46865
chr2	74272719	74472719	harbor2	chr2	74319659	74319924	LTR/ERVL	1386	+	132	74319791	47072
chr2	74272719	74472719	harbor2	chr2	74331789	74332159	LTR/ERVL	523	+	185	74331974	59255
chr2	74272719	74472719	harbor2	chr2	74358084	74358339	LTR/ERVL	532	+	128	74358212	85493
chr2	46225653	46425653	harbor2	chr2	46291764	46292092	LTR/ERVL	527	+	164	46291928	66275
chr2	3169197	3369197	harbor2	chr2	3261101	3261248	LTR/ERVL	649	+	74	3261175	91978
chr2	3169197	3369197	harbor2	chr2	3261380	3261874	LTR/ERVL	672	+	247	3261627	92430
chr2	3169197	3369197	harbor2	chr2	3261956	3262396	LTR/ERVL	1167	+	220	3262176	92979
chr2	3169197	3369197	harbor2	chr2	3262430	3263328	LTR/ERVL	1352	+	449	3262879	93682
chr2	3169197	3369197	harbor2	chr2	3267103	3267691	LTR/ERVL	1506	+	294	3267397	98200
chr2	3169197	3369197	harbor2	chr2	3268339	3268624	LTR/ERVL	648	+	142	3268481	99284
chr2	53795907	53995907	harbor2	chr2	53848009	53848436	LTR/ERVL	840	+	214	53848223	52316
chr2	70826505	71026505	harbor2	chr2	70850061	70850324	LTR/ERVL	512	+	132	70850193	23688
chr2	74372415	74572415	harbor2	chr2	74399885	74400310	LTR/ERVL	2576	+	212	74400097	27682
chr2	74372415	74572415	harbor2	chr2	74407004	74407322	LTR/ERVL	927	+	159	74407163	34748
chr2	74372415	74572415	harbor2	chr2	74407632	74407711	LTR/ERVL	927	+	40	74407672	35257
chr2	240348203	240548203	harbor2	chr2	240418779	240419401	LTR/ERVL	1548	+	311	240419090	70887
chr2	61805670	62005670	harbor2	chr2	61846579	61846871	LTR/ERVL	1195	+	146	61846725	41055
chr2	61805670	62005670	harbor2	chr2	61862980	61863168	LTR/ERVL	536	+	94	61863074	57404
chr2	61805670	62005670	harbor2	chr2	61863375	61863441	LTR/ERVL	5329	+	33	61863408	57738
chr2	61805670	62005670	harbor2	chr2	61863723	61864768	LTR/ERVL	5329	+	522	61864245	58575
chr2	61805670	62005670	harbor2	chr2	61865071	61865106	LTR/ERVL	4824	+	18	61865089	59419
chr2	61805670	62005670	harbor2	chr2	61865118	61865287	LTR/ERVL	851	+	84	61865202	59532
chr2	111955694	112155694	harbor2	chr2	111991925	111992055	LTR/ERVL	513	+	65	111991990	36296
chr2	111955694	112155694	harbor2	chr2	111992036	111992470	LTR/ERVL	3043	+	217	111992253	36559
chr2	111955694	112155694	harbor2	chr2	111992781	111993158	LTR/ERVL	3043	+	188	111992969	37275
chr2	111955694	112155694	harbor2	chr2	112047473	112047825	LTR/ERVL	1336	+	176	112047649	91955
chr2	111955694	112155694	harbor2	chr2	112048212	112048303	LTR/ERVL	1336	+	46	112048258	92564
chr2	70771742	70971742	harbor2	chr2	70771784	70772105	LTR/ERVL	1228	+	160	70771944	202
chr2	70771742	70971742	harbor2	chr2	70774042	70774346	LTR/ERVL	721	+	152	70774194	2452
chr2	70771742	70971742	harbor2	chr2	70821185	70821726	LTR/ERVL	1873	+	270	70821455	49713
chr2	70771742	70971742	harbor2	chr2	70822059	70822288	LTR/ERVL	1873	+	114	70822173	50431
chr2	70771742	70971742	harbor2	chr2	70850061	70850324	LTR/ERVL	512	+	132	70850193	78451
chr2	217616860	217816860	harbor2	chr2	217623426	217623546	LTR/ERVL	544	+	60	217623486	6626
chr2	217616860	217816860	harbor2	chr2	217623547	217623918	LTR/ERVL	1886	+	186	217623733	6873
chr2	217616860	217816860	harbor2	chr2	217623956	217623995	LTR/ERVL	1886	+	20	217623976	7116
chr2	217616860	217816860	harbor2	chr2	217623996	217624048	LTR/ERVL	544	+	26	217624022	7162
chr2	217616860	217816860	harbor2	chr2	217629642	217629979	LTR/ERVL	672	+	168	217629810	12950
chr2	217616860	217816860	harbor2	chr2	217636294	217636497	LTR/ERVL	742	+	102	217636396	19536
chr2	217616860	217816860	harbor2	chr2	217636609	217636747	LTR/ERVL	742	+	69	217636678	19818
chr2	217616860	217816860	harbor2	chr2	217650806	217651158	LTR/ERVL	1055	+	176	217650982	34122
chr2	217616860	217816860	harbor2	chr2	217657300	217657722	LTR/ERVL	814	+	211	217657511	40651
chr2	217616860	217816860	harbor2	chr2	217662856	217663180	LTR/ERVL	1302	+	162	217663018	46158
chr2	217616860	217816860	harbor2	chr2	217689150	217689448	LTR/ERVL	1264	+	149	217689299	72439
chr2	44379608	44579608	harbor2	chr2	44419138	44419454	LTR/ERVL	1269	+	158	44419296	39688
chr2	178350868	178550868	harbor2	chr2	178416290	178416544	LTR/ERVL	1144	+	127	178416417	65549
chr2	111956912	112156912	harbor2	chr2	111991925	111992055	LTR/ERVL	513	+	65	111991990	35078
chr2	111956912	112156912	harbor2	chr2	111992036	111992470	LTR/ERVL	3043	+	217	111992253	35341
chr2	111956912	112156912	harbor2	chr2	111992781	111993158	LTR/ERVL	3043	+	188	111992969	36057
chr2	111956912	112156912	harbor2	chr2	112047473	112047825	LTR/ERVL	1336	+	176	112047649	90737
chr2	111956912	112156912	harbor2	chr2	112048212	112048303	LTR/ERVL	1336	+	46	112048258	91346
chr2	43173998	43373998	harbor2	chr2	43242871	43243245	LTR/ERVL	618	+	187	43243058	69060
chr2	48215708	48415708	harbor2	chr2	48244979	48245348	LTR/ERVL	1061	+	184	48245163	29455
chr2	48215708	48415708	harbor2	chr2	48309394	48309700	LTR/ERVL	1336	+	153	48309547	93839
chr2	65025318	65225318	harbor2	chr2	65053217	65053895	LTR/ERVL	1338	+	339	65053556	28238
chr2	217119672	217319672	harbor2	chr2	217189070	217189274	LTR/ERVL	444	+	102	217189172	69500
chr2	113619441	113819441	harbor2	chr2	113697033	113697446	LTR/ERVL	1406	+	206	113697239	77798
chr2	219387359	219587359	harbor2	chr2	219390955	219391314	LTR/ERVL	1248	+	180	219391135	3776
chr2	42069367	42269367	harbor2	chr2	42092222	42092519	LTR/ERVL	1205	+	148	42092370	23003
chr2	42069367	42269367	harbor2	chr2	42092593	42092764	LTR/ERVL	936	+	86	42092679	23312
chr2	42069757	42269757	harbor2	chr2	42092222	42092519	LTR/ERVL	1205	+	148	42092370	22613
chr2	42069757	42269757	harbor2	chr2	42092593	42092764	LTR/ERVL	936	+	86	42092679	22922
chr2	105442419	105642419	harbor2	chr2	105446884	105447016	LTR/ERVL	492	+	66	105446950	4531
chr2	105442419	105642419	harbor2	chr2	105451765	105452141	LTR/ERVL	1236	+	188	105451953	9534
chr2	105442419	105642419	harbor2	chr2	105471004	105471229	LTR/ERVL	452	+	112	105471116	28697
chr2	105442419	105642419	harbor2	chr2	105484559	105484991	LTR/ERVL	2186	+	216	105484775	42356
chr2	105442419	105642419	harbor2	chr2	105509646	105510054	LTR/ERVL	896	+	204	105509850	67431
chr2	105442419	105642419	harbor2	chr2	105537658	105537911	LTR/ERVL	525	+	126	105537784	95365
chr2	105442419	105642419	harbor2	chr2	105538438	105538828	LTR/ERVL	2028	+	195	105538633	96214
chr2	72971510	73171510	harbor2	chr2	72994297	72994549	LTR/ERVL	456	+	126	72994423	22913
chr2	218241926	218441926	harbor2	chr2	218303899	218304152	LTR/ERVL	718	+	126	218304025	62099
chr2	218241926	218441926	harbor2	chr2	218304444	218304632	LTR/ERVL	718	+	94	218304538	62612
chr2	96108919	96308919	harbor2	chr2	96187424	96187675	LTR/ERVL	1488	+	126	96187550	78631
chr2	96108919	96308919	harbor2	chr2	96188575	96188601	LTR/ERVL	1488	+	13	96188588	79669
chr2	96108919	96308919	harbor2	chr2	96188924	96188948	LTR/ERVL	1488	+	12	96188936	80017
chr2	96108919	96308919	harbor2	chr2	96189249	96189420	LTR/ERVL	1488	+	86	96189335	80416
chr2	111957164	112157164	harbor2	chr2	111991925	111992055	LTR/ERVL	513	+	65	111991990	34826
chr2	111957164	112157164	harbor2	chr2	111992036	111992470	LTR/ERVL	3043	+	217	111992253	35089
chr2	111957164	112157164	harbor2	chr2	111992781	111993158	LTR/ERVL	3043	+	188	111992969	35805
chr2	111957164	112157164	harbor2	chr2	112047473	112047825	LTR/ERVL	1336	+	176	112047649	90485
chr2	111957164	112157164	harbor2	chr2	112048212	112048303	LTR/ERVL	1336	+	46	112048258	91094
chr2	120635614	120835614	harbor2	chr2	120661833	120662054	LTR/ERVL	512	+	110	120661943	26329
chr3	46806484	47006484	harbor2	chr3	46816558	46817200	LTR/ERVL	1947	+	321	46816879	10395
chr3	46806484	47006484	harbor2	chr3	46827947	46828376	LTR/ERVL	2404	+	214	46828161	21677
chr3	46806484	47006484	harbor2	chr3	46854846	46855131	LTR/ERVL	575	+	142	46854988	48504
chr3	127490780	127690780	harbor2	chr3	127527079	127527488	LTR/ERVL	1203	+	204	127527283	36503
chr3	127490780	127690780	harbor2	chr3	127540128	127540464	LTR/ERVL	1450	+	168	127540296	49516
chr3	140273579	140473579	harbor2	chr3	140274925	140275277	LTR/ERVL	1184	+	176	140275101	1522
chr3	140273579	140473579	harbor2	chr3	140275571	140275642	LTR/ERVL	1184	+	36	140275607	2028
chr3	140273579	140473579	harbor2	chr3	140330200	140330650	LTR/ERVL	1093	+	225	140330425	56846
chr3	140273579	140473579	harbor2	chr3	140334834	140335165	LTR/ERVL	789	+	166	140335000	61421
chr3	140273579	140473579	harbor2	chr3	140353945	140354448	LTR/ERVL	856	+	252	140354197	80618
chr3	140273579	140473579	harbor2	chr3	140368237	140368542	LTR/ERVL	571	+	152	140368389	94810
chr3	197860224	198060224	harbor2	chr3	197906039	197906279	LTR/ERVL	837	+	120	197906159	45935
chr3	197860224	198060224	harbor2	chr3	197926549	197926950	LTR/ERVL	1139	+	200	197926749	66525
chr3	197860224	198060224	harbor2	chr3	197947704	197947878	LTR/ERVL	595	+	87	197947791	87567
chr3	23724816	23924816	harbor2	chr3	23729611	23729960	LTR/ERVL	745	+	174	23729785	4969
chr3	23724816	23924816	harbor2	chr3	23775239	23775651	LTR/ERVL	1395	+	206	23775445	50629
chr3	43899144	44099144	harbor2	chr3	43908438	43908861	LTR/ERVL	1124	+	212	43908650	9506
chr3	43899144	44099144	harbor2	chr3	43917384	43917879	LTR/ERVL	604	+	248	43917632	18488
chr3	43899144	44099144	harbor2	chr3	43951223	43951670	LTR/ERVL	864	+	224	43951447	52303
chr3	43899144	44099144	harbor2	chr3	43962761	43963102	LTR/ERVL	1073	+	170	43962931	63787
chr3	43899144	44099144	harbor2	chr3	43963362	43963516	LTR/ERVL	1073	+	77	43963439	64295
chr3	43899144	44099144	harbor2	chr3	43965554	43965664	LTR/ERVL	506	+	55	43965609	66465
chr3	43899144	44099144	harbor2	chr3	43967431	43967778	LTR/ERVL	1509	+	174	43967605	68461
chr3	50416036	50616036	harbor2	chr3	50451979	50452366	LTR/ERVL	1264	+	194	50452173	36137
chr3	50416036	50616036	harbor2	chr3	50452749	50452999	LTR/ERVL	490	+	125	50452874	36838
chr3	126375275	126575275	harbor2	chr3	126456231	126456729	LTR/ERVL	1803	+	249	126456480	81205
chr3	184134394	184334394	harbor2	chr3	184225023	184225216	LTR/ERVL	726	+	96	184225119	90725
chr3	184134394	184334394	harbor2	chr3	184225247	184225284	LTR/ERVL	726	+	18	184225265	90871
chr3	108122047	108322047	harbor2	chr3	108156881	108157677	LTR/ERVL	2666	+	398	108157279	35232
chr3	108122047	108322047	harbor2	chr3	108203199	108203352	LTR/ERVL	570	+	76	108203275	81228
chr3	108122047	108322047	harbor2	chr3	108208504	108209483	LTR/ERVL	5966	+	490	108208994	86947
chr3	108122047	108322047	harbor2	chr3	108209486	108209981	LTR/ERVL	1970	+	248	108209734	87687
chr3	184130424	184330424	harbor2	chr3	184225023	184225216	LTR/ERVL	726	+	96	184225119	94695
chr3	184130424	184330424	harbor2	chr3	184225247	184225284	LTR/ERVL	726	+	18	184225265	94841
chr3	49829894	50029894	harbor2	chr3	49888864	49889239	LTR/ERVL	1179	+	188	49889052	59158
chr3	184086443	184286443	harbor2	chr3	184112171	184112275	LTR/ERVL	687	+	52	184112223	25780
chr3	187645815	187845815	harbor2	chr3	187658201	187658763	LTR/ERVL	8025	+	281	187658482	12667
chr3	187645815	187845815	harbor2	chr3	187659179	187660349	LTR/ERVL	8025	+	585	187659764	13949
chr3	187645815	187845815	harbor2	chr3	187661159	187661969	LTR/ERVL	8025	+	405	187661564	15749
chr3	187645815	187845815	harbor2	chr3	187687029	187687342	LTR/ERVL	4303	+	156	187687185	41370
chr3	187645815	187845815	harbor2	chr3	187687642	187688130	LTR/ERVL	4303	+	244	187687886	42071
chr3	187645815	187845815	harbor2	chr3	187709810	187709896	LTR/ERVL	403	+	43	187709853	64038
chr3	187645815	187845815	harbor2	chr3	187709918	187710376	LTR/ERVL	2410	+	229	187710147	64332
chr3	187645815	187845815	harbor2	chr3	187710413	187710483	LTR/ERVL	2410	+	35	187710448	64633
chr3	127270146	127470146	harbor2	chr3	127317944	127318432	LTR/ERVL	1529	+	244	127318188	48042
chr3	127270146	127470146	harbor2	chr3	127323912	127324160	LTR/ERVL	549	+	124	127324036	53890
chr3	23715795	23915795	harbor2	chr3	23729611	23729960	LTR/ERVL	745	+	174	23729785	13990
chr3	23715795	23915795	harbor2	chr3	23775239	23775651	LTR/ERVL	1395	+	206	23775445	59650
chr3	129022332	129222332	harbor2	chr3	129065773	129066179	LTR/ERVL	2018	+	203	129065976	43644
chr3	129022332	129222332	harbor2	chr3	129101852	129102178	LTR/ERVL	545	+	163	129102015	79683
chr3	185486328	185686328	harbor2	chr3	185539792	185540226	LTR/ERVL	1566	+	217	185540009	53681
chr3	123552608	123752608	harbor2	chr3	123553476	123553916	LTR/ERVL	1098	+	220	123553696	1088
chr3	123552608	123752608	harbor2	chr3	123573545	123573755	LTR/ERVL	665	+	105	123573650	21042
chr3	123552608	123752608	harbor2	chr3	123600940	123601490	LTR/ERVL	2132	+	275	123601215	48607
chr3	123552608	123752608	harbor2	chr3	123602293	123602600	LTR/ERVL	2105	+	154	123602447	49839
chr3	123552608	123752608	harbor2	chr3	123608666	123608971	LTR/ERVL	878	+	152	123608818	56210
chr3	50517037	50717037	harbor2	chr3	50594632	50594866	LTR/ERVL	951	+	117	50594749	77712
chr3	50517037	50717037	harbor2	chr3	50595692	50595772	LTR/ERVL	951	+	40	50595732	78695
chr3	49072696	49272696	harbor2	chr3	49170199	49170644	LTR/ERVL	1232	+	222	49170421	97725
chr3	123560147	123760147	harbor2	chr3	123573545	123573755	LTR/ERVL	665	+	105	123573650	13503
chr3	123560147	123760147	harbor2	chr3	123600940	123601490	LTR/ERVL	2132	+	275	123601215	41068
chr3	123560147	123760147	harbor2	chr3	123602293	123602600	LTR/ERVL	2105	+	154	123602447	42300
chr3	123560147	123760147	harbor2	chr3	123608666	123608971	LTR/ERVL	878	+	152	123608818	48671
chr3	197860219	198060219	harbor2	chr3	197906039	197906279	LTR/ERVL	837	+	120	197906159	45940
chr3	197860219	198060219	harbor2	chr3	197926549	197926950	LTR/ERVL	1139	+	200	197926749	66530
chr3	197860219	198060219	harbor2	chr3	197947704	197947878	LTR/ERVL	595	+	87	197947791	87572
chr3	189960849	190160849	harbor2	chr3	189980682	189980847	LTR/ERVL	459	+	82	189980764	19915
chr3	189960849	190160849	harbor2	chr3	189980817	189981509	LTR/ERVL	2106	+	346	189981163	20314
chr3	189960849	190160849	harbor2	chr3	190045569	190045839	LTR/ERVL	999	+	135	190045704	84855
chr3	189960849	190160849	harbor2	chr3	190046141	190046287	LTR/ERVL	999	+	73	190046214	85365
chr3	126930017	127130017	harbor2	chr3	127009990	127010215	LTR/ERVL	940	+	112	127010102	80085
chr3	126930017	127130017	harbor2	chr3	127010215	127010431	LTR/ERVL	752	+	108	127010323	80306
chr3	157028447	157228447	harbor2	chr3	157125938	157126371	LTR/ERVL	874	+	216	157126154	97707
chr3	157028447	157228447	harbor2	chr3	157126380	157126520	LTR/ERVL	466	+	70	157126450	98003
chr3	142864715	143064715	harbor2	chr3	142866042	142866556	LTR/ERVL	3192	+	257	142866299	1584
chr3	142864715	143064715	harbor2	chr3	142871436	142871792	LTR/ERVL	1974	+	178	142871614	6899
chr3	142864715	143064715	harbor2	chr3	142871935	142872348	LTR/ERVL	749	+	206	142872141	7426
chr3	142864715	143064715	harbor2	chr3	142910146	142910528	LTR/ERVL	1122	+	191	142910337	45622
chr3	142864715	143064715	harbor2	chr3	142911440	142911690	LTR/ERVL	874	+	125	142911565	46850
chr3	142864715	143064715	harbor2	chr3	142931917	142932248	LTR/ERVL	476	+	166	142932083	67368
chr3	128484655	128684655	harbor2	chr3	128518546	128518893	LTR/ERVL	946	+	174	128518720	34065
chr3	128484655	128684655	harbor2	chr3	128531865	128532124	LTR/ERVL	1142	+	130	128531995	47340
chr3	128484655	128684655	harbor2	chr3	128551853	128552185	LTR/ERVL	1815	+	166	128552019	67364
chr3	128484655	128684655	harbor2	chr3	128552500	128552739	LTR/ERVL	1815	+	120	128552620	67965
chr3	128484655	128684655	harbor2	chr3	128560822	128561021	LTR/ERVL	439	+	100	128560922	76267
chr3	193982932	194182932	harbor2	chr3	193992508	193992748	LTR/ERVL	763	+	120	193992628	9696
chr3	193982932	194182932	harbor2	chr3	194007715	194008246	LTR/ERVL	2349	+	266	194007981	25049
chr3	193982932	194182932	harbor2	chr3	194044962	194045399	LTR/ERVL	1035	+	218	194045180	62248
chr3	49829886	50029886	harbor2	chr3	49888864	49889239	LTR/ERVL	1179	+	188	49889052	59166
chr3	198091436	198291436	harbor2	chr3	198149637	198149845	LTR/ERVL	996	+	104	198149741	58305
chr3	198091436	198291436	harbor2	chr3	198152385	198152846	LTR/ERVL	1481	+	230	198152615	61179
chr3	198091436	198291436	harbor2	chr3	198164843	198165252	LTR/ERVL	1948	+	204	198165047	73611
chr3	198091436	198291436	harbor2	chr3	198165501	198165869	LTR/ERVL	1131	+	184	198165685	74249
chr3	198091436	198291436	harbor2	chr3	198170536	198171134	LTR/ERVL	2068	+	299	198170835	79399
chr3	198091436	198291436	harbor2	chr3	198171658	198171844	LTR/ERVL	773	+	93	198171751	80315
chr3	53411237	53611237	harbor2	chr3	53411097	53411437	LTR/ERVL	1077	+	170	53411267	30
chr3	53411237	53611237	harbor2	chr3	53411621	53411789	LTR/ERVL	583	+	84	53411705	468
chr3	127490762	127690762	harbor2	chr3	127527079	127527488	LTR/ERVL	1203	+	204	127527283	36521
chr3	127490762	127690762	harbor2	chr3	127540128	127540464	LTR/ERVL	1450	+	168	127540296	49534
chr3	13750265	13950265	harbor2	chr3	13774931	13777169	LTR/ERVL	9141	+	1119	13776050	25785
chr3	13750265	13950265	harbor2	chr3	13777194	13777799	LTR/ERVL	1286	+	302	13777496	27231
chr3	13750265	13950265	harbor2	chr3	13823765	13824073	LTR/ERVL	1125	+	154	13823919	73654
chr3	13750265	13950265	harbor2	chr3	13824514	13824591	LTR/ERVL	1125	+	38	13824552	74287
chr3	13750265	13950265	harbor2	chr3	13825685	13825946	LTR/ERVL	488	+	130	13825815	75550
chr3	13750265	13950265	harbor2	chr3	13831526	13831936	LTR/ERVL	1260	+	205	13831731	81466
chr3	64313402	64513402	harbor2	chr3	64315886	64316779	LTR/ERVL	4615	+	446	64316332	2930
chr3	64313402	64513402	harbor2	chr3	64328102	64328527	LTR/ERVL	2149	+	212	64328314	14912
chr3	64313402	64513402	harbor2	chr3	64358573	64359002	LTR/ERVL	1788	+	214	64358787	45385
chr3	161006321	161206321	harbor2	chr3	161095356	161095941	LTR/ERVL	2218	+	292	161095648	89327
chr3	197860204	198060204	harbor2	chr3	197906039	197906279	LTR/ERVL	837	+	120	197906159	45955
chr3	197860204	198060204	harbor2	chr3	197926549	197926950	LTR/ERVL	1139	+	200	197926749	66545
chr3	197860204	198060204	harbor2	chr3	197947704	197947878	LTR/ERVL	595	+	87	197947791	87587
chr3	123399935	123599935	harbor2	chr3	123405936	123406484	LTR/ERVL	3253	+	274	123406210	6275
chr3	123399935	123599935	harbor2	chr3	123418197	123418336	LTR/ERVL	2919	+	70	123418267	18332
chr3	123399935	123599935	harbor2	chr3	123418770	123419145	LTR/ERVL	2919	+	188	123418958	19023
chr3	36670495	36870495	harbor2	chr3	36688956	36689444	LTR/ERVL	1327	+	244	36689200	18705
chr3	36670495	36870495	harbor2	chr3	36709887	36710192	LTR/ERVL	838	+	152	36710039	39544
chr3	36670495	36870495	harbor2	chr3	36713486	36713608	LTR/ERVL	689	+	61	36713547	43052
chr3	36670495	36870495	harbor2	chr3	36714038	36714205	LTR/ERVL	689	+	84	36714122	43627
chr3	36670495	36870495	harbor2	chr3	36752004	36752439	LTR/ERVL	1294	+	218	36752222	81727
chr3	49071261	49271261	harbor2	chr3	49170199	49170644	LTR/ERVL	1232	+	222	49170421	99160
chr3	49829885	50029885	harbor2	chr3	49888864	49889239	LTR/ERVL	1179	+	188	49889052	59167
chr3	196916551	197116551	harbor2	chr3	196952315	196952433	LTR/ERVL	2475	+	59	196952374	35823
chr3	196916551	197116551	harbor2	chr3	196952735	196953196	LTR/ERVL	2475	+	230	196952965	36414
chr3	196916551	197116551	harbor2	chr3	196959817	196960086	LTR/ERVL	780	+	134	196959951	43400
chr3	196916551	197116551	harbor2	chr3	196960995	196961404	LTR/ERVL	1657	+	204	196961199	44648
chr3	196916551	197116551	harbor2	chr3	196991651	196992059	LTR/ERVL	994	+	204	196991855	75304
chr3	51860342	52060342	harbor2	chr3	51868926	51869005	LTR/ERVL	1983	+	40	51868966	8624
chr3	51860342	52060342	harbor2	chr3	51869373	51869701	LTR/ERVL	1983	+	164	51869537	9195
chr3	49829900	50029900	harbor2	chr3	49888864	49889239	LTR/ERVL	1179	+	188	49889052	59152
chr3	123544944	123744944	harbor2	chr3	123553476	123553916	LTR/ERVL	1098	+	220	123553696	8752
chr3	123544944	123744944	harbor2	chr3	123573545	123573755	LTR/ERVL	665	+	105	123573650	28706
chr3	123544944	123744944	harbor2	chr3	123600940	123601490	LTR/ERVL	2132	+	275	123601215	56271
chr3	123544944	123744944	harbor2	chr3	123602293	123602600	LTR/ERVL	2105	+	154	123602447	57503
chr3	123544944	123744944	harbor2	chr3	123608666	123608971	LTR/ERVL	878	+	152	123608818	63874
chr3	49072652	49272652	harbor2	chr3	49170199	49170644	LTR/ERVL	1232	+	222	49170421	97769
chr3	138339763	138539763	harbor2	chr3	138341428	138341708	LTR/ERVL	921	+	140	138341568	1805
chr3	138339763	138539763	harbor2	chr3	138424814	138425205	LTR/ERVL	2189	+	196	138425010	85247
chr3	138339763	138539763	harbor2	chr3	138425754	138425846	LTR/ERVL	2189	+	46	138425800	86037
chr3	142529008	142729008	harbor2	chr3	142545999	142546458	LTR/ERVL	979	+	230	142546229	17221
chr3	49072022	49272022	harbor2	chr3	49170199	49170644	LTR/ERVL	1232	+	222	49170421	98399
chr3	126911046	127111046	harbor2	chr3	127009990	127010215	LTR/ERVL	940	+	112	127010102	99056
chr3	126911046	127111046	harbor2	chr3	127010215	127010431	LTR/ERVL	752	+	108	127010323	99277
chr3	23711708	23911708	harbor2	chr3	23729611	23729960	LTR/ERVL	745	+	174	23729785	18077
chr3	23711708	23911708	harbor2	chr3	23775239	23775651	LTR/ERVL	1395	+	206	23775445	63737
chr3	125112713	125312713	harbor2	chr3	125188987	125189361	LTR/ERVL	2023	+	187	125189174	76461
chr3	125112713	125312713	harbor2	chr3	125190960	125191165	LTR/ERVL	474	+	102	125191062	78349
chr3	125112713	125312713	harbor2	chr3	125204880	125205320	LTR/ERVL	1615	+	220	125205100	92387
chr3	23710838	23910838	harbor2	chr3	23729611	23729960	LTR/ERVL	745	+	174	23729785	18947
chr3	23710838	23910838	harbor2	chr3	23775239	23775651	LTR/ERVL	1395	+	206	23775445	64607
chr3	108468945	108668945	harbor2	chr3	108532147	108532690	LTR/ERVL	2657	+	272	108532419	63474
chr3	131281884	131481884	harbor2	chr3	131284501	131285023	LTR/ERVL	1919	+	261	131284762	2878
chr3	184086432	184286432	harbor2	chr3	184112171	184112275	LTR/ERVL	687	+	52	184112223	25791
chr3	49072969	49272969	harbor2	chr3	49170199	49170644	LTR/ERVL	1232	+	222	49170421	97452
chr3	108359237	108559237	harbor2	chr3	108386360	108386757	LTR/ERVL	1109	+	198	108386558	27321
chr3	108359237	108559237	harbor2	chr3	108453275	108453876	LTR/ERVL	1025	+	300	108453575	94338
chr3	148724778	148924778	harbor2	chr3	148776432	148776680	LTR/ERVL	3010	+	124	148776556	51778
chr3	148724778	148924778	harbor2	chr3	148776728	148777050	LTR/ERVL	3010	+	161	148776889	52111
chr3	129875421	130075421	harbor2	chr3	129925192	129925550	LTR/ERVL	1111	+	179	129925371	49950
chr3	127490198	127690198	harbor2	chr3	127527079	127527488	LTR/ERVL	1203	+	204	127527283	37085
chr3	127490198	127690198	harbor2	chr3	127540128	127540464	LTR/ERVL	1450	+	168	127540296	50098
chr3	123518827	123718827	harbor2	chr3	123553476	123553916	LTR/ERVL	1098	+	220	123553696	34869
chr3	123518827	123718827	harbor2	chr3	123573545	123573755	LTR/ERVL	665	+	105	123573650	54823
chr3	123518827	123718827	harbor2	chr3	123600940	123601490	LTR/ERVL	2132	+	275	123601215	82388
chr3	123518827	123718827	harbor2	chr3	123602293	123602600	LTR/ERVL	2105	+	154	123602447	83620
chr3	123518827	123718827	harbor2	chr3	123608666	123608971	LTR/ERVL	878	+	152	123608818	89991
chr3	49075509	49275509	harbor2	chr3	49170199	49170644	LTR/ERVL	1232	+	222	49170421	94912
chr3	195800094	196000094	harbor2	chr3	195815496	195815784	LTR/ERVL	584	+	144	195815640	15546
chr3	195800094	196000094	harbor2	chr3	195849608	195849777	LTR/ERVL	596	+	84	195849692	49598
chr3	127581132	127781132	harbor2	chr3	127593439	127594637	LTR/ERVL	1782	+	599	127594038	12906
chr3	49072301	49272301	harbor2	chr3	49170199	49170644	LTR/ERVL	1232	+	222	49170421	98120
chr3	49072727	49272727	harbor2	chr3	49170199	49170644	LTR/ERVL	1232	+	222	49170421	97694
chr4	39082469	39282469	harbor2	chr4	39163782	39164069	LTR/ERVL	469	+	144	39163926	81457
chr4	39082469	39282469	harbor2	chr4	39164437	39164574	LTR/ERVL	469	+	68	39164505	82036
chr4	98161348	98361348	harbor2	chr4	98167291	98168079	LTR/ERVL	3961	+	394	98167685	6337
chr4	98161348	98361348	harbor2	chr4	98175127	98175562	LTR/ERVL	3464	+	218	98175345	13997
chr4	98161348	98361348	harbor2	chr4	98201843	98202039	LTR/ERVL	618	+	98	98201941	40593
chr4	98161348	98361348	harbor2	chr4	98224716	98225169	LTR/ERVL	2624	+	226	98224942	63594
chr4	98161348	98361348	harbor2	chr4	98250743	98250994	LTR/ERVL	531	+	126	98250869	89521
chr4	103098506	103298506	harbor2	chr4	103098425	103098868	LTR/ERVL	1461	+	222	103098647	141
chr4	103098506	103298506	harbor2	chr4	103101908	103102332	LTR/ERVL	2085	+	212	103102120	3614
chr4	103098506	103298506	harbor2	chr4	103102837	103102961	LTR/ERVL	5133	+	62	103102899	4393
chr4	103098506	103298506	harbor2	chr4	103103205	103103346	LTR/ERVL	5133	+	70	103103275	4769
chr4	103098506	103298506	harbor2	chr4	103103642	103104007	LTR/ERVL	5133	+	182	103103824	5318
chr4	103098506	103298506	harbor2	chr4	103104306	103104683	LTR/ERVL	5133	+	188	103104494	5988
chr4	564056	764056	harbor2	chr4	617717	618131	LTR/ERVL	1714	+	207	617924	53868
chr4	3569998	3769998	harbor2	chr4	3584411	3584750	LTR/ERVL	1458	+	170	3584581	14583
chr4	3569998	3769998	harbor2	chr4	3585036	3585058	LTR/ERVL	1458	+	11	3585047	15049
chr4	38573365	38773365	harbor2	chr4	38603262	38603346	LTR/ERVL	1464	+	42	38603304	29939
chr4	38573365	38773365	harbor2	chr4	38603669	38604070	LTR/ERVL	1464	+	200	38603869	30504
chr4	159002962	159202962	harbor2	chr4	159036245	159036583	LTR/ERVL	583	+	169	159036414	33452
chr4	159002962	159202962	harbor2	chr4	159023102	159023496	LTR/ERVL	1492	+	197	159023299	20337
chr4	55295797	55495797	harbor2	chr4	55385774	55386120	LTR/ERVL	1706	+	173	55385947	90150
chr4	89737944	89937944	harbor2	chr4	89771599	89771883	LTR/ERVL	787	+	142	89771741	33797
chr4	89737944	89937944	harbor2	chr4	89797096	89797530	LTR/ERVL	1009	+	217	89797313	59369
chr4	89737944	89937944	harbor2	chr4	89800947	89801393	LTR/ERVL	822	+	223	89801170	63226
chr4	89737944	89937944	harbor2	chr4	89800662	89800747	LTR/ERVL	822	+	42	89800704	62760
chr4	911518	1111518	harbor2	chr4	981650	981816	LTR/ERVL	2422	+	83	981733	70215
chr4	911518	1111518	harbor2	chr4	982119	982755	LTR/ERVL	2422	+	318	982437	70919
chr4	120823311	121023311	harbor2	chr4	120834201	120834217	LTR/ERVL	1937	+	8	120834209	10898
chr4	120823311	121023311	harbor2	chr4	120834583	120834988	LTR/ERVL	1937	+	202	120834785	11474
chr4	120823311	121023311	harbor2	chr4	120852247	120852648	LTR/ERVL	1606	+	200	120852447	29136
chr4	120823311	121023311	harbor2	chr4	120862543	120862876	LTR/ERVL	2314	+	166	120862709	39398
chr4	120823311	121023311	harbor2	chr4	120863177	120863191	LTR/ERVL	2314	+	7	120863184	39873
chr4	120823311	121023311	harbor2	chr4	120863227	120863460	LTR/ERVL	2314	+	116	120863343	40032
chr4	120823311	121023311	harbor2	chr4	120905319	120905744	LTR/ERVL	1522	+	212	120905531	82220
chr4	2363014	2563014	harbor2	chr4	2363239	2363809	LTR/ERVL	1713	+	285	2363524	510
chr4	189959153	190159153	harbor2	chr4	190008700	190009279	LTR/ERVL	3724	+	290	190008990	49837
chr4	120822652	121022652	harbor2	chr4	120834201	120834217	LTR/ERVL	1937	+	8	120834209	11557
chr4	120822652	121022652	harbor2	chr4	120834583	120834988	LTR/ERVL	1937	+	202	120834785	12133
chr4	120822652	121022652	harbor2	chr4	120852247	120852648	LTR/ERVL	1606	+	200	120852447	29795
chr4	120822652	121022652	harbor2	chr4	120862543	120862876	LTR/ERVL	2314	+	166	120862709	40057
chr4	120822652	121022652	harbor2	chr4	120863177	120863191	LTR/ERVL	2314	+	7	120863184	40532
chr4	120822652	121022652	harbor2	chr4	120863227	120863460	LTR/ERVL	2314	+	116	120863343	40691
chr4	120822652	121022652	harbor2	chr4	120905319	120905744	LTR/ERVL	1522	+	212	120905531	82879
chr4	122858241	123058241	harbor2	chr4	122903559	122903914	LTR/ERVL	1162	+	178	122903737	45496
chr4	2318802	2518802	harbor2	chr4	2335069	2335527	LTR/ERVL	1238	+	229	2335298	16496
chr4	2318802	2518802	harbor2	chr4	2350489	2351307	LTR/ERVL	3173	+	409	2350898	32096
chr4	2318802	2518802	harbor2	chr4	2363239	2363809	LTR/ERVL	1713	+	285	2363524	44722
chr4	12478041	12678041	harbor2	chr4	12499635	12499999	LTR/ERVL	875	+	182	12499817	21776
chr4	12478041	12678041	harbor2	chr4	12542212	12543041	LTR/ERVL	1915	+	414	12542626	64585
chr4	12478041	12678041	harbor2	chr4	12546001	12546282	LTR/ERVL	971	+	140	12546141	68100
chr4	12478041	12678041	harbor2	chr4	12570413	12570934	LTR/ERVL	531	+	260	12570673	92632
chr4	12478041	12678041	harbor2	chr4	12572410	12572629	LTR/ERVL	505	+	110	12572520	94479
chr4	911393	1111393	harbor2	chr4	981650	981816	LTR/ERVL	2422	+	83	981733	70340
chr4	911393	1111393	harbor2	chr4	982119	982755	LTR/ERVL	2422	+	318	982437	71044
chr4	103098509	103298509	harbor2	chr4	103098425	103098868	LTR/ERVL	1461	+	222	103098647	138
chr4	103098509	103298509	harbor2	chr4	103101908	103102332	LTR/ERVL	2085	+	212	103102120	3611
chr4	103098509	103298509	harbor2	chr4	103102837	103102961	LTR/ERVL	5133	+	62	103102899	4390
chr4	103098509	103298509	harbor2	chr4	103103205	103103346	LTR/ERVL	5133	+	70	103103275	4766
chr4	103098509	103298509	harbor2	chr4	103103642	103104007	LTR/ERVL	5133	+	182	103103824	5315
chr4	103098509	103298509	harbor2	chr4	103104306	103104683	LTR/ERVL	5133	+	188	103104494	5985
chr4	103098505	103298505	harbor2	chr4	103098425	103098868	LTR/ERVL	1461	+	222	103098647	142
chr4	103098505	103298505	harbor2	chr4	103101908	103102332	LTR/ERVL	2085	+	212	103102120	3615
chr4	103098505	103298505	harbor2	chr4	103102837	103102961	LTR/ERVL	5133	+	62	103102899	4394
chr4	103098505	103298505	harbor2	chr4	103103205	103103346	LTR/ERVL	5133	+	70	103103275	4770
chr4	103098505	103298505	harbor2	chr4	103103642	103104007	LTR/ERVL	5133	+	182	103103824	5319
chr4	103098505	103298505	harbor2	chr4	103104306	103104683	LTR/ERVL	5133	+	188	103104494	5989
chr4	145413737	145613737	harbor2	chr4	145438648	145438742	LTR/ERVL	500	+	47	145438695	24958
chr4	145413737	145613737	harbor2	chr4	145438945	145439497	LTR/ERVL	1384	+	276	145439221	25484
chr4	187837772	188037772	harbor2	chr4	187850843	187851055	LTR/ERVL	823	+	106	187850949	13177
chr4	187837772	188037772	harbor2	chr4	187883176	187883570	LTR/ERVL	1164	+	197	187883373	45601
chr4	6251701	6451701	harbor2	chr4	6309804	6310376	LTR/ERVL	2015	+	286	6310090	58389
chr4	6251701	6451701	harbor2	chr4	6330355	6330734	LTR/ERVL	1578	+	190	6330545	78844
chr4	2151563	2351563	harbor2	chr4	2166446	2166994	LTR/ERVL	2642	+	274	2166720	15157
chr4	2151563	2351563	harbor2	chr4	2220065	2220759	LTR/ERVL	1413	+	347	2220412	68849
chr4	103098514	103298514	harbor2	chr4	103098425	103098868	LTR/ERVL	1461	+	222	103098647	133
chr4	103098514	103298514	harbor2	chr4	103101908	103102332	LTR/ERVL	2085	+	212	103102120	3606
chr4	103098514	103298514	harbor2	chr4	103102837	103102961	LTR/ERVL	5133	+	62	103102899	4385
chr4	103098514	103298514	harbor2	chr4	103103205	103103346	LTR/ERVL	5133	+	70	103103275	4761
chr4	103098514	103298514	harbor2	chr4	103103642	103104007	LTR/ERVL	5133	+	182	103103824	5310
chr4	103098514	103298514	harbor2	chr4	103104306	103104683	LTR/ERVL	5133	+	188	103104494	5980
chr4	17477327	17677327	harbor2	chr4	17481376	17481615	LTR/ERVL	884	+	120	17481496	4169
chr4	17477327	17677327	harbor2	chr4	17528386	17528751	LTR/ERVL	1787	+	182	17528568	51241
chr4	17477327	17677327	harbor2	chr4	17528797	17528835	LTR/ERVL	1787	+	19	17528816	51489
chr4	17477327	17677327	harbor2	chr4	17531180	17531889	LTR/ERVL	3752	+	354	17531534	54207
chr4	17477327	17677327	harbor2	chr4	17560572	17560651	LTR/ERVL	2399	+	40	17560612	83285
chr4	17477327	17677327	harbor2	chr4	17560941	17560986	LTR/ERVL	2399	+	22	17560963	83636
chr4	17477327	17677327	harbor2	chr4	17561287	17561705	LTR/ERVL	2399	+	209	17561496	84169
chr4	17477327	17677327	harbor2	chr4	17562016	17562174	LTR/ERVL	760	+	79	17562095	84768
chr4	17477327	17677327	harbor2	chr4	17562171	17563567	LTR/ERVL	5102	+	698	17562869	85542
chr4	17477327	17677327	harbor2	chr4	17563721	17564039	LTR/ERVL	3710	+	159	17563880	86553
chr4	17477327	17677327	harbor2	chr4	17564073	17564541	LTR/ERVL	3710	+	234	17564307	86980
chr4	17477327	17677327	harbor2	chr4	17566093	17566475	LTR/ERVL	503	+	191	17566284	88957
chr4	17477327	17677327	harbor2	chr4	17566658	17567132	LTR/ERVL	1341	+	237	17566895	89568
chr4	17477327	17677327	harbor2	chr4	17567612	17567637	LTR/ERVL	1341	+	12	17567624	90297
chr4	17477327	17677327	harbor2	chr4	17481608	17481956	LTR/ERVL	878	+	174	17481782	4455
chr4	1215637	1415637	harbor2	chr4	1285366	1285682	LTR/ERVL	790	+	158	1285524	69887
chr4	120879554	121079554	harbor2	chr4	120905319	120905744	LTR/ERVL	1522	+	212	120905531	25977
chr4	7839706	8039706	harbor2	chr4	7851396	7852791	LTR/ERVL	2834	+	698	7852094	12388
chr4	7839706	8039706	harbor2	chr4	7853093	7853226	LTR/ERVL	468	+	66	7853159	13453
chr4	7839706	8039706	harbor2	chr4	7853266	7853462	LTR/ERVL	460	+	98	7853364	13658
chr4	7839706	8039706	harbor2	chr4	7871177	7871736	LTR/ERVL	2319	+	280	7871457	31751
chr4	2701308	2901308	harbor2	chr4	2737628	2738039	LTR/ERVL	3215	+	206	2737834	36526
chr4	2701308	2901308	harbor2	chr4	2738042	2739874	LTR/ERVL	17885	+	916	2738958	37650
chr4	2701308	2901308	harbor2	chr4	2740175	2740627	LTR/ERVL	17885	+	226	2740401	39093
chr4	2701308	2901308	harbor2	chr4	2740929	2741098	LTR/ERVL	17885	+	84	2741013	39705
chr4	2701308	2901308	harbor2	chr4	2741101	2741531	LTR/ERVL	3383	+	215	2741316	40008
chr4	2701308	2901308	harbor2	chr4	2760558	2761031	LTR/ERVL	1444	+	236	2760794	59486
chr4	911525	1111525	harbor2	chr4	981650	981816	LTR/ERVL	2422	+	83	981733	70208
chr4	911525	1111525	harbor2	chr4	982119	982755	LTR/ERVL	2422	+	318	982437	70912
chr4	911521	1111521	harbor2	chr4	981650	981816	LTR/ERVL	2422	+	83	981733	70212
chr4	911521	1111521	harbor2	chr4	982119	982755	LTR/ERVL	2422	+	318	982437	70916
chr4	103098758	103298758	harbor2	chr4	103098425	103098868	LTR/ERVL	1461	+	222	103098647	111
chr4	103098758	103298758	harbor2	chr4	103101908	103102332	LTR/ERVL	2085	+	212	103102120	3362
chr4	103098758	103298758	harbor2	chr4	103102837	103102961	LTR/ERVL	5133	+	62	103102899	4141
chr4	103098758	103298758	harbor2	chr4	103103205	103103346	LTR/ERVL	5133	+	70	103103275	4517
chr4	103098758	103298758	harbor2	chr4	103103642	103104007	LTR/ERVL	5133	+	182	103103824	5066
chr4	103098758	103298758	harbor2	chr4	103104306	103104683	LTR/ERVL	5133	+	188	103104494	5736
chr4	1756336	1956336	harbor2	chr4	1839574	1839778	LTR/ERVL	929	+	102	1839676	83340
chr4	1756336	1956336	harbor2	chr4	1839779	1840020	LTR/ERVL	1915	+	120	1839899	83563
chr4	1756336	1956336	harbor2	chr4	1840076	1840095	LTR/ERVL	1915	+	10	1840086	83750
chr4	1756336	1956336	harbor2	chr4	1840692	1840974	LTR/ERVL	1915	+	141	1840833	84497
chr4	551216	751216	harbor2	chr4	557230	557623	LTR/ERVL	2676	+	196	557426	6210
chr4	551216	751216	harbor2	chr4	617717	618131	LTR/ERVL	1714	+	207	617924	66708
chr4	86993241	87193241	harbor2	chr4	87019221	87020057	LTR/ERVL	4510	+	418	87019639	26398
chr4	911387	1111387	harbor2	chr4	981650	981816	LTR/ERVL	2422	+	83	981733	70346
chr4	911387	1111387	harbor2	chr4	982119	982755	LTR/ERVL	2422	+	318	982437	71050
chr4	3394897	3594897	harbor2	chr4	3453754	3453895	LTR/ERVL	678	+	70	3453824	58927
chr4	3394897	3594897	harbor2	chr4	3453908	3454348	LTR/ERVL	3153	+	220	3454128	59231
chr4	3394897	3594897	harbor2	chr4	3454349	3456213	LTR/ERVL	38802	+	932	3455281	60384
chr4	3394897	3594897	harbor2	chr4	3458732	3460384	LTR/ERVL	38802	+	826	3459558	64661
chr4	3394897	3594897	harbor2	chr4	3456524	3458303	LTR/ERVL	38802	+	890	3457414	62517
chr4	103098495	103298495	harbor2	chr4	103098425	103098868	LTR/ERVL	1461	+	222	103098647	152
chr4	103098495	103298495	harbor2	chr4	103101908	103102332	LTR/ERVL	2085	+	212	103102120	3625
chr4	103098495	103298495	harbor2	chr4	103102837	103102961	LTR/ERVL	5133	+	62	103102899	4404
chr4	103098495	103298495	harbor2	chr4	103103205	103103346	LTR/ERVL	5133	+	70	103103275	4780
chr4	103098495	103298495	harbor2	chr4	103103642	103104007	LTR/ERVL	5133	+	182	103103824	5329
chr4	103098495	103298495	harbor2	chr4	103104306	103104683	LTR/ERVL	5133	+	188	103104494	5999
chr4	76849477	77049477	harbor2	chr4	76864060	76864381	LTR/ERVL	748	+	160	76864220	14743
chr4	76849477	77049477	harbor2	chr4	76878648	76879200	LTR/ERVL	2169	+	276	76878924	29447
chr4	76849477	77049477	harbor2	chr4	76885264	76885446	LTR/ERVL	750	+	91	76885355	35878
chr4	76849477	77049477	harbor2	chr4	76924185	76924981	LTR/ERVL	2367	+	398	76924583	75106
chr4	76849477	77049477	harbor2	chr4	76927084	76927389	LTR/ERVL	795	+	152	76927236	77759
chr4	76849477	77049477	harbor2	chr4	76932984	76933368	LTR/ERVL	1062	+	192	76933176	83699
chr4	2363019	2563019	harbor2	chr4	2363239	2363809	LTR/ERVL	1713	+	285	2363524	505
chr4	189959360	190159360	harbor2	chr4	190008700	190009279	LTR/ERVL	3724	+	290	190008990	49630
chr4	55296360	55496360	harbor2	chr4	55385774	55386120	LTR/ERVL	1706	+	173	55385947	89587
chr4	189957449	190157449	harbor2	chr4	190008700	190009279	LTR/ERVL	3724	+	290	190008990	51541
chr5	115444451	115644451	harbor2	chr5	115502183	115502576	LTR/ERVL	1412	+	196	115502379	57928
chr5	115444451	115644451	harbor2	chr5	115526692	115527244	LTR/ERVL	2506	+	276	115526968	82517
chr5	171287646	171487646	harbor2	chr5	171332101	171332362	LTR/ERVL	600	+	130	171332231	44585
chr5	171287646	171487646	harbor2	chr5	171332543	171332683	LTR/ERVL	602	+	70	171332613	44967
chr5	171287646	171487646	harbor2	chr5	171356741	171357110	LTR/ERVL	668	+	184	171356925	69279
chr5	171287646	171487646	harbor2	chr5	171357682	171358489	LTR/ERVL	1349	+	404	171358086	70440
chr5	171287646	171487646	harbor2	chr5	171378068	171378196	LTR/ERVL	433	+	64	171378132	90486
chr5	171287646	171487646	harbor2	chr5	171379200	171379339	LTR/ERVL	547	+	70	171379270	91624
chr5	73351442	73551442	harbor2	chr5	73395554	73397440	LTR/ERVL	9098	+	943	73396497	45055
chr5	73351442	73551442	harbor2	chr5	73397441	73398002	LTR/ERVL	1348	+	280	73397721	46279
chr5	73351442	73551442	harbor2	chr5	73426255	73426780	LTR/ERVL	2886	+	262	73426517	75075
chr5	135435988	135635988	harbor2	chr5	135442746	135443256	LTR/ERVL	1000	+	255	135443001	7013
chr5	150970772	151170772	harbor2	chr5	151000078	151000460	LTR/ERVL	959	+	191	151000269	29497
chr5	150970772	151170772	harbor2	chr5	151014808	151015352	LTR/ERVL	2646	+	272	151015080	44308
chr5	150970772	151170772	harbor2	chr5	151016043	151016486	LTR/ERVL	1932	+	222	151016265	45493
chr5	73351456	73551456	harbor2	chr5	73395554	73397440	LTR/ERVL	9098	+	943	73396497	45041
chr5	73351456	73551456	harbor2	chr5	73397441	73398002	LTR/ERVL	1348	+	280	73397721	46265
chr5	73351456	73551456	harbor2	chr5	73426255	73426780	LTR/ERVL	2886	+	262	73426517	75061
chr5	171288490	171488490	harbor2	chr5	171332101	171332362	LTR/ERVL	600	+	130	171332231	43741
chr5	171288490	171488490	harbor2	chr5	171332543	171332683	LTR/ERVL	602	+	70	171332613	44123
chr5	171288490	171488490	harbor2	chr5	171356741	171357110	LTR/ERVL	668	+	184	171356925	68435
chr5	171288490	171488490	harbor2	chr5	171357682	171358489	LTR/ERVL	1349	+	404	171358086	69596
chr5	171288490	171488490	harbor2	chr5	171378068	171378196	LTR/ERVL	433	+	64	171378132	89642
chr5	171288490	171488490	harbor2	chr5	171379200	171379339	LTR/ERVL	547	+	70	171379270	90780
chr5	41804360	42004360	harbor2	chr5	41857415	41857804	LTR/ERVL	857	+	194	41857609	53249
chr5	112319140	112519140	harbor2	chr5	112344491	112344850	LTR/ERVL	979	+	180	112344671	25531
chr5	112319140	112519140	harbor2	chr5	112355855	112356023	LTR/ERVL	538	+	84	112355939	36799
chr5	112319140	112519140	harbor2	chr5	112356138	112357464	LTR/ERVL	3432	+	663	112356801	37661
chr5	112319140	112519140	harbor2	chr5	112357477	112358227	LTR/ERVL	2248	+	375	112357852	38712
chr5	112319140	112519140	harbor2	chr5	112371086	112371865	LTR/ERVL	1240	+	390	112371476	52336
chr5	158975488	159175488	harbor2	chr5	159048452	159048758	LTR/ERVL	926	+	153	159048605	73117
chr5	6533324	6733324	harbor2	chr5	6537900	6538183	LTR/ERVL	1613	+	142	6538042	4718
chr5	6533324	6733324	harbor2	chr5	6557371	6557817	LTR/ERVL	817	+	223	6557594	24270
chr5	6533324	6733324	harbor2	chr5	6572513	6572798	LTR/ERVL	560	+	142	6572655	39331
chr5	6533324	6733324	harbor2	chr5	6591912	6592235	LTR/ERVL	751	+	162	6592074	58750
chr5	6533324	6733324	harbor2	chr5	6595445	6595958	LTR/ERVL	2363	+	256	6595701	62377
chr5	6533324	6733324	harbor2	chr5	6613689	6613801	LTR/ERVL	461	+	56	6613745	80421
chr5	6533324	6733324	harbor2	chr5	6569609	6570026	LTR/ERVL	3100	+	208	6569817	36493
chr5	52700040	52900040	harbor2	chr5	52702003	52702540	LTR/ERVL	2082	+	268	52702271	2231
chr5	52700040	52900040	harbor2	chr5	52714551	52714759	LTR/ERVL	621	+	104	52714655	14615
chr5	135980728	136180728	harbor2	chr5	135986067	135986327	LTR/ERVL	1059	+	130	135986197	5469
chr5	171287662	171487662	harbor2	chr5	171332101	171332362	LTR/ERVL	600	+	130	171332231	44569
chr5	171287662	171487662	harbor2	chr5	171332543	171332683	LTR/ERVL	602	+	70	171332613	44951
chr5	171287662	171487662	harbor2	chr5	171356741	171357110	LTR/ERVL	668	+	184	171356925	69263
chr5	171287662	171487662	harbor2	chr5	171357682	171358489	LTR/ERVL	1349	+	404	171358086	70424
chr5	171287662	171487662	harbor2	chr5	171378068	171378196	LTR/ERVL	433	+	64	171378132	90470
chr5	171287662	171487662	harbor2	chr5	171379200	171379339	LTR/ERVL	547	+	70	171379270	91608
chr5	76930492	77130492	harbor2	chr5	76943543	76943738	LTR/ERVL	522	+	98	76943641	13149
chr5	76930492	77130492	harbor2	chr5	76980568	76980769	LTR/ERVL	1134	+	100	76980668	50176
chr5	76930492	77130492	harbor2	chr5	76990788	76991311	LTR/ERVL	624	+	262	76991050	60558
chr5	76930492	77130492	harbor2	chr5	77011494	77011963	LTR/ERVL	1726	+	234	77011728	81236
chr5	76930492	77130492	harbor2	chr5	77012276	77012369	LTR/ERVL	1726	+	46	77012322	81830
chr5	76930492	77130492	harbor2	chr5	77024813	77025247	LTR/ERVL	2128	+	217	77025030	94538
chr5	133511231	133711231	harbor2	chr5	133539868	133540242	LTR/ERVL	1752	+	187	133540055	28824
chr5	133511231	133711231	harbor2	chr5	133547921	133548401	LTR/ERVL	1289	+	240	133548161	36930
chr5	73351450	73551450	harbor2	chr5	73395554	73397440	LTR/ERVL	9098	+	943	73396497	45047
chr5	73351450	73551450	harbor2	chr5	73397441	73398002	LTR/ERVL	1348	+	280	73397721	46271
chr5	73351450	73551450	harbor2	chr5	73426255	73426780	LTR/ERVL	2886	+	262	73426517	75067
chr5	176018013	176218013	harbor2	chr5	176029753	176029898	LTR/ERVL	534	+	72	176029825	11812
chr5	176018013	176218013	harbor2	chr5	176069575	176070355	LTR/ERVL	3424	+	390	176069965	51952
chr5	14760188	14960188	harbor2	chr5	14771285	14771338	LTR/ERVL	584	+	26	14771311	11123
chr5	14760188	14960188	harbor2	chr5	14771406	14771594	LTR/ERVL	1153	+	94	14771500	11312
chr5	14760188	14960188	harbor2	chr5	14772727	14773117	LTR/ERVL	1065	+	195	14772922	12734
chr5	14760188	14960188	harbor2	chr5	14804988	14805385	LTR/ERVL	3081	+	198	14805186	44998
chr5	178021742	178221742	harbor2	chr5	178093210	178093395	LTR/ERVL	663	+	92	178093302	71560
chr5	178021742	178221742	harbor2	chr5	178103683	178103772	LTR/ERVL	472	+	44	178103727	81985
chr5	178021742	178221742	harbor2	chr5	178104216	178104275	LTR/ERVL	472	+	30	178104246	82504
chr5	132222297	132422297	harbor2	chr5	132223209	132223263	LTR/ERVL	530	+	27	132223236	939
chr5	132222297	132422297	harbor2	chr5	132223556	132223675	LTR/ERVL	530	+	60	132223616	1319
chr5	132222297	132422297	harbor2	chr5	132232148	132232634	LTR/ERVL	2915	+	243	132232391	10094
chr5	132222297	132422297	harbor2	chr5	132239030	132239200	LTR/ERVL	709	+	85	132239115	16818
chr5	132222297	132422297	harbor2	chr5	132288494	132288639	LTR/ERVL	702	+	72	132288566	66269
chr5	132222297	132422297	harbor2	chr5	132288665	132289072	LTR/ERVL	611	+	204	132288869	66572
chr5	132222297	132422297	harbor2	chr5	132289119	132289427	LTR/ERVL	516	+	154	132289273	66976
chr5	132222297	132422297	harbor2	chr5	132289440	132289528	LTR/ERVL	1464	+	44	132289484	67187
chr5	132222297	132422297	harbor2	chr5	132289814	132290888	LTR/ERVL	1464	+	537	132290351	68054
chr5	132222297	132422297	harbor2	chr5	132291157	132291570	LTR/ERVL	1332	+	206	132291363	69066
chr5	132222297	132422297	harbor2	chr5	132291870	132292324	LTR/ERVL	1332	+	227	132292097	69800
chr5	73354563	73554563	harbor2	chr5	73395554	73397440	LTR/ERVL	9098	+	943	73396497	41934
chr5	73354563	73554563	harbor2	chr5	73397441	73398002	LTR/ERVL	1348	+	280	73397721	43158
chr5	73354563	73554563	harbor2	chr5	73426255	73426780	LTR/ERVL	2886	+	262	73426517	71954
chr5	52700035	52900035	harbor2	chr5	52702003	52702540	LTR/ERVL	2082	+	268	52702271	2236
chr5	52700035	52900035	harbor2	chr5	52714551	52714759	LTR/ERVL	621	+	104	52714655	14620
chr5	343134	543134	harbor2	chr5	346713	346958	LTR/ERVL	822	+	122	346835	3701
chr5	79137556	79337556	harbor2	chr5	79139387	79139846	LTR/ERVL	937	+	230	79139617	2061
chr5	79137556	79337556	harbor2	chr5	79206034	79206481	LTR/ERVL	649	+	224	79206258	68702
chr5	79137556	79337556	harbor2	chr5	79221568	79221920	LTR/ERVL	804	+	176	79221744	84188
chr5	79137556	79337556	harbor2	chr5	79225183	79225583	LTR/ERVL	1310	+	200	79225383	87827
chr5	79137556	79337556	harbor2	chr5	79227680	79228060	LTR/ERVL	1044	+	190	79227870	90314
chr5	79137556	79337556	harbor2	chr5	79228212	79229807	LTR/ERVL	3112	+	798	79229010	91454
chr5	79137556	79337556	harbor2	chr5	79230925	79231100	LTR/ERVL	657	+	88	79231013	93457
chr5	79137556	79337556	harbor2	chr5	79231101	79231303	LTR/ERVL	883	+	101	79231202	93646
chr5	79137556	79337556	harbor2	chr5	79231610	79231720	LTR/ERVL	883	+	55	79231665	94109
chr5	79137556	79337556	harbor2	chr5	79232019	79232082	LTR/ERVL	883	+	32	79232051	94495
chr5	12782680	12982680	harbor2	chr5	12851782	12852017	LTR/ERVL	495	+	118	12851900	69220
chr5	12782680	12982680	harbor2	chr5	12869995	12870292	LTR/ERVL	1384	+	148	12870143	87463
chr5	12782680	12982680	harbor2	chr5	12870500	12870626	LTR/ERVL	1384	+	63	12870563	87883
chr5	73351449	73551449	harbor2	chr5	73395554	73397440	LTR/ERVL	9098	+	943	73396497	45048
chr5	73351449	73551449	harbor2	chr5	73397441	73398002	LTR/ERVL	1348	+	280	73397721	46272
chr5	73351449	73551449	harbor2	chr5	73426255	73426780	LTR/ERVL	2886	+	262	73426517	75068
chr5	52705069	52905069	harbor2	chr5	52714551	52714759	LTR/ERVL	621	+	104	52714655	9586
chr5	6617520	6817520	harbor2	chr5	6678448	6678817	LTR/ERVL	1386	+	184	6678632	61112
chr5	6617520	6817520	harbor2	chr5	6680307	6681281	LTR/ERVL	2057	+	487	6680794	63274
chr5	6630162	6830162	harbor2	chr5	6678448	6678817	LTR/ERVL	1386	+	184	6678632	48470
chr5	6630162	6830162	harbor2	chr5	6680307	6681281	LTR/ERVL	2057	+	487	6680794	50632
chr5	10527792	10727792	harbor2	chr5	10581574	10581961	LTR/ERVL	2594	+	194	10581768	53976
chr5	10527792	10727792	harbor2	chr5	10589189	10589389	LTR/ERVL	531	+	100	10589289	61497
chr5	73351437	73551437	harbor2	chr5	73395554	73397440	LTR/ERVL	9098	+	943	73396497	45060
chr5	73351437	73551437	harbor2	chr5	73397441	73398002	LTR/ERVL	1348	+	280	73397721	46284
chr5	73351437	73551437	harbor2	chr5	73426255	73426780	LTR/ERVL	2886	+	262	73426517	75080
chr5	94829534	95029534	harbor2	chr5	94880972	94881191	LTR/ERVL	610	+	110	94881082	51548
chr5	94829534	95029534	harbor2	chr5	94899481	94899955	LTR/ERVL	1462	+	237	94899718	70184
chr5	10401998	10601998	harbor2	chr5	10466167	10466427	LTR/ERVL	485	+	130	10466297	64299
chr5	10401998	10601998	harbor2	chr5	10475052	10475470	LTR/ERVL	1905	+	209	10475261	73263
chr5	37741093	37941093	harbor2	chr5	37793305	37793724	LTR/ERVL	3102	+	210	37793515	52422
chr5	37741093	37941093	harbor2	chr5	37793725	37795107	LTR/ERVL	33293	+	691	37794416	53323
chr5	37741093	37941093	harbor2	chr5	37795417	37798236	LTR/ERVL	33293	+	1410	37796827	55734
chr5	10661105	10861105	harbor2	chr5	10672684	10673047	LTR/ERVL	1828	+	182	10672866	11761
chr5	10661105	10861105	harbor2	chr5	10716384	10716832	LTR/ERVL	3087	+	224	10716608	55503
chr5	10661105	10861105	harbor2	chr5	10716833	10717681	LTR/ERVL	6539	+	424	10717257	56152
chr5	10661105	10861105	harbor2	chr5	10717681	10720094	LTR/ERVL	18730	+	1206	10718887	57782
chr5	10661105	10861105	harbor2	chr5	10720111	10720185	LTR/ERVL	416	+	37	10720148	59043
chr5	10661105	10861105	harbor2	chr5	10720334	10722105	LTR/ERVL	13357	+	886	10721220	60115
chr5	10661105	10861105	harbor2	chr5	10722106	10722498	LTR/ERVL	2866	+	196	10722302	61197
chr5	10661105	10861105	harbor2	chr5	10747636	10747809	LTR/ERVL	448	+	86	10747722	86617
chr5	10661095	10861095	harbor2	chr5	10672684	10673047	LTR/ERVL	1828	+	182	10672866	11771
chr5	10661095	10861095	harbor2	chr5	10716384	10716832	LTR/ERVL	3087	+	224	10716608	55513
chr5	10661095	10861095	harbor2	chr5	10716833	10717681	LTR/ERVL	6539	+	424	10717257	56162
chr5	10661095	10861095	harbor2	chr5	10717681	10720094	LTR/ERVL	18730	+	1206	10718887	57792
chr5	10661095	10861095	harbor2	chr5	10720111	10720185	LTR/ERVL	416	+	37	10720148	59053
chr5	10661095	10861095	harbor2	chr5	10720334	10722105	LTR/ERVL	13357	+	886	10721220	60125
chr5	10661095	10861095	harbor2	chr5	10722106	10722498	LTR/ERVL	2866	+	196	10722302	61207
chr5	10661095	10861095	harbor2	chr5	10747636	10747809	LTR/ERVL	448	+	86	10747722	86627
chr5	9115023	9315023	harbor2	chr5	9127263	9127649	LTR/ERVL	1946	+	193	9127456	12433
chr5	9115023	9315023	harbor2	chr5	9148380	9148712	LTR/ERVL	1097	+	166	9148546	33523
chr5	9115023	9315023	harbor2	chr5	9149019	9149169	LTR/ERVL	1097	+	75	9149094	34071
chr5	73354693	73554693	harbor2	chr5	73395554	73397440	LTR/ERVL	9098	+	943	73396497	41804
chr5	73354693	73554693	harbor2	chr5	73397441	73398002	LTR/ERVL	1348	+	280	73397721	43028
chr5	73354693	73554693	harbor2	chr5	73426255	73426780	LTR/ERVL	2886	+	262	73426517	71824
chr5	10661799	10861799	harbor2	chr5	10672684	10673047	LTR/ERVL	1828	+	182	10672866	11067
chr5	10661799	10861799	harbor2	chr5	10716384	10716832	LTR/ERVL	3087	+	224	10716608	54809
chr5	10661799	10861799	harbor2	chr5	10716833	10717681	LTR/ERVL	6539	+	424	10717257	55458
chr5	10661799	10861799	harbor2	chr5	10717681	10720094	LTR/ERVL	18730	+	1206	10718887	57088
chr5	10661799	10861799	harbor2	chr5	10720111	10720185	LTR/ERVL	416	+	37	10720148	58349
chr5	10661799	10861799	harbor2	chr5	10720334	10722105	LTR/ERVL	13357	+	886	10721220	59421
chr5	10661799	10861799	harbor2	chr5	10722106	10722498	LTR/ERVL	2866	+	196	10722302	60503
chr5	10661799	10861799	harbor2	chr5	10747636	10747809	LTR/ERVL	448	+	86	10747722	85923
chr5	91180678	91380678	harbor2	chr5	91268190	91268347	LTR/ERVL	3227	+	78	91268268	87590
chr5	91180678	91380678	harbor2	chr5	91268655	91269423	LTR/ERVL	3227	+	384	91269039	88361
chr5	132010466	132210466	harbor2	chr5	132049280	132049721	LTR/ERVL	2462	+	220	132049500	39034
chr5	73351468	73551468	harbor2	chr5	73395554	73397440	LTR/ERVL	9098	+	943	73396497	45029
chr5	73351468	73551468	harbor2	chr5	73397441	73398002	LTR/ERVL	1348	+	280	73397721	46253
chr5	73351468	73551468	harbor2	chr5	73426255	73426780	LTR/ERVL	2886	+	262	73426517	75049
chr5	132394503	132594503	harbor2	chr5	132430017	132430457	LTR/ERVL	1399	+	220	132430237	35734
chr5	132394503	132594503	harbor2	chr5	132455681	132456183	LTR/ERVL	1356	+	251	132455932	61429
chr5	133511227	133711227	harbor2	chr5	133539868	133540242	LTR/ERVL	1752	+	187	133540055	28828
chr5	133511227	133711227	harbor2	chr5	133547921	133548401	LTR/ERVL	1289	+	240	133548161	36934
chr5	9115156	9315156	harbor2	chr5	9127263	9127649	LTR/ERVL	1946	+	193	9127456	12300
chr5	9115156	9315156	harbor2	chr5	9148380	9148712	LTR/ERVL	1097	+	166	9148546	33390
chr5	9115156	9315156	harbor2	chr5	9149019	9149169	LTR/ERVL	1097	+	75	9149094	33938
chr5	73354567	73554567	harbor2	chr5	73395554	73397440	LTR/ERVL	9098	+	943	73396497	41930
chr5	73354567	73554567	harbor2	chr5	73397441	73398002	LTR/ERVL	1348	+	280	73397721	43154
chr5	73354567	73554567	harbor2	chr5	73426255	73426780	LTR/ERVL	2886	+	262	73426517	71950
chr5	171288520	171488520	harbor2	chr5	171332101	171332362	LTR/ERVL	600	+	130	171332231	43711
chr5	171288520	171488520	harbor2	chr5	171332543	171332683	LTR/ERVL	602	+	70	171332613	44093
chr5	171288520	171488520	harbor2	chr5	171356741	171357110	LTR/ERVL	668	+	184	171356925	68405
chr5	171288520	171488520	harbor2	chr5	171357682	171358489	LTR/ERVL	1349	+	404	171358086	69566
chr5	171288520	171488520	harbor2	chr5	171378068	171378196	LTR/ERVL	433	+	64	171378132	89612
chr5	171288520	171488520	harbor2	chr5	171379200	171379339	LTR/ERVL	547	+	70	171379270	90750
chr5	73405863	73605863	harbor2	chr5	73426255	73426780	LTR/ERVL	2886	+	262	73426517	20654
chr5	73405863	73605863	harbor2	chr5	73494707	73495150	LTR/ERVL	2356	+	222	73494929	89066
chr5	73405863	73605863	harbor2	chr5	73495383	73495513	LTR/ERVL	2356	+	65	73495448	89585
chr5	10387001	10587001	harbor2	chr5	10466167	10466427	LTR/ERVL	485	+	130	10466297	79296
chr5	10387001	10587001	harbor2	chr5	10475052	10475470	LTR/ERVL	1905	+	209	10475261	88260
chr5	52700409	52900409	harbor2	chr5	52702003	52702540	LTR/ERVL	2082	+	268	52702271	1862
chr5	52700409	52900409	harbor2	chr5	52714551	52714759	LTR/ERVL	621	+	104	52714655	14246
chr5	137654191	137854191	harbor2	chr5	137672986	137673425	LTR/ERVL	2786	+	220	137673206	19015
chr5	6613124	6813124	harbor2	chr5	6613689	6613801	LTR/ERVL	461	+	56	6613745	621
chr5	6613124	6813124	harbor2	chr5	6678448	6678817	LTR/ERVL	1386	+	184	6678632	65508
chr5	6613124	6813124	harbor2	chr5	6680307	6681281	LTR/ERVL	2057	+	487	6680794	67670
chr5	132774151	132974151	harbor2	chr5	132787307	132787798	LTR/ERVL	2208	+	246	132787553	13402
chr5	132774151	132974151	harbor2	chr5	132788106	132788161	LTR/ERVL	2208	+	28	132788134	13983
chr5	132774151	132974151	harbor2	chr5	132788224	132788503	LTR/ERVL	2208	+	140	132788364	14213
chr5	10762842	10962842	harbor2	chr5	10770317	10770520	LTR/ERVL	999	+	102	10770419	7577
chr5	10762842	10962842	harbor2	chr5	10826312	10826689	LTR/ERVL	1052	+	188	10826500	63658
chr5	10762842	10962842	harbor2	chr5	10838352	10838839	LTR/ERVL	1087	+	244	10838596	75754
chr5	10762842	10962842	harbor2	chr5	10853615	10854048	LTR/ERVL	1950	+	216	10853831	90989
chr5	10762842	10962842	harbor2	chr5	10854114	10854174	LTR/ERVL	1950	+	30	10854144	91302
chr5	10762842	10962842	harbor2	chr5	10855663	10855919	LTR/ERVL	694	+	128	10855791	92949
chr5	10762842	10962842	harbor2	chr5	10857512	10857919	LTR/ERVL	593	+	204	10857716	94874
chr5	133166465	133366465	harbor2	chr5	133191819	133191855	LTR/ERVL	1754	+	18	133191837	25372
chr5	133166465	133366465	harbor2	chr5	133192205	133192290	LTR/ERVL	1754	+	42	133192247	25782
chr5	133166465	133366465	harbor2	chr5	133192598	133192898	LTR/ERVL	1754	+	150	133192748	26283
chr5	133166465	133366465	harbor2	chr5	133240834	133241364	LTR/ERVL	1451	+	265	133241099	74634
chr5	133166465	133366465	harbor2	chr5	133258232	133258516	LTR/ERVL	1713	+	142	133258374	91909
chr5	133511241	133711241	harbor2	chr5	133539868	133540242	LTR/ERVL	1752	+	187	133540055	28814
chr5	133511241	133711241	harbor2	chr5	133547921	133548401	LTR/ERVL	1289	+	240	133548161	36920
chr5	135088316	135288316	harbor2	chr5	135159638	135160026	LTR/ERVL	1117	+	194	135159832	71516
chr5	135088316	135288316	harbor2	chr5	135162119	135162219	LTR/ERVL	482	+	50	135162169	73853
chr5	37740773	37940773	harbor2	chr5	37793305	37793724	LTR/ERVL	3102	+	210	37793515	52742
chr5	37740773	37940773	harbor2	chr5	37793725	37795107	LTR/ERVL	33293	+	691	37794416	53643
chr5	37740773	37940773	harbor2	chr5	37795417	37798236	LTR/ERVL	33293	+	1410	37796827	56054
chr5	171288579	171488579	harbor2	chr5	171332101	171332362	LTR/ERVL	600	+	130	171332231	43652
chr5	171288579	171488579	harbor2	chr5	171332543	171332683	LTR/ERVL	602	+	70	171332613	44034
chr5	171288579	171488579	harbor2	chr5	171356741	171357110	LTR/ERVL	668	+	184	171356925	68346
chr5	171288579	171488579	harbor2	chr5	171357682	171358489	LTR/ERVL	1349	+	404	171358086	69507
chr5	171288579	171488579	harbor2	chr5	171378068	171378196	LTR/ERVL	433	+	64	171378132	89553
chr5	171288579	171488579	harbor2	chr5	171379200	171379339	LTR/ERVL	547	+	70	171379270	90691
chr5	73351413	73551413	harbor2	chr5	73395554	73397440	LTR/ERVL	9098	+	943	73396497	45084
chr5	73351413	73551413	harbor2	chr5	73397441	73398002	LTR/ERVL	1348	+	280	73397721	46308
chr5	73351413	73551413	harbor2	chr5	73426255	73426780	LTR/ERVL	2886	+	262	73426517	75104
chr5	6533029	6733029	harbor2	chr5	6537900	6538183	LTR/ERVL	1613	+	142	6538042	5013
chr5	6533029	6733029	harbor2	chr5	6557371	6557817	LTR/ERVL	817	+	223	6557594	24565
chr5	6533029	6733029	harbor2	chr5	6572513	6572798	LTR/ERVL	560	+	142	6572655	39626
chr5	6533029	6733029	harbor2	chr5	6591912	6592235	LTR/ERVL	751	+	162	6592074	59045
chr5	6533029	6733029	harbor2	chr5	6595445	6595958	LTR/ERVL	2363	+	256	6595701	62672
chr5	6533029	6733029	harbor2	chr5	6613689	6613801	LTR/ERVL	461	+	56	6613745	80716
chr5	6533029	6733029	harbor2	chr5	6569609	6570026	LTR/ERVL	3100	+	208	6569817	36788
chr5	53460613	53660613	harbor2	chr5	53552802	53553324	LTR/ERVL	1355	+	261	53553063	92450
chr5	53460613	53660613	harbor2	chr5	53493707	53494274	LTR/ERVL	2016	+	284	53493991	33378
chr6	7720332	7920332	harbor2	chr6	7738378	7738618	LTR/ERVL	544	+	120	7738498	18166
chr6	147104110	147304110	harbor2	chr6	147165420	147165865	LTR/ERVL	1974	+	222	147165642	61532
chr6	152902804	153102804	harbor2	chr6	152909734	152910252	LTR/ERVL	3061	+	259	152909993	7189
chr6	152902804	153102804	harbor2	chr6	152988352	152988436	LTR/ERVL	449	+	42	152988394	85590
chr6	152902804	153102804	harbor2	chr6	152988570	152988883	LTR/ERVL	1074	+	156	152988726	85922
chr6	152902804	153102804	harbor2	chr6	152989009	152989276	LTR/ERVL	793	+	134	152989143	86339
chr6	7626958	7826958	harbor2	chr6	7674100	7674671	LTR/ERVL	1086	+	286	7674386	47428
chr6	7626958	7826958	harbor2	chr6	7677028	7677379	LTR/ERVL	2317	+	176	7677204	50246
chr6	7626958	7826958	harbor2	chr6	7677510	7677549	LTR/ERVL	2317	+	20	7677530	50572
chr6	30621444	30821444	harbor2	chr6	30691876	30691908	LTR/ERVL	488	+	16	30691892	70448
chr6	30621444	30821444	harbor2	chr6	30692209	30692421	LTR/ERVL	488	+	106	30692315	70871
chr6	125225390	125425390	harbor2	chr6	125267541	125267899	LTR/ERVL	2210	+	179	125267720	42330
chr6	125225390	125425390	harbor2	chr6	125267901	125268239	LTR/ERVL	2098	+	169	125268070	42680
chr6	125225390	125425390	harbor2	chr6	125268253	125268474	LTR/ERVL	1101	+	110	125268363	42973
chr6	125225390	125425390	harbor2	chr6	125272317	125274111	LTR/ERVL	30848	+	897	125273214	47824
chr6	125225390	125425390	harbor2	chr6	125274113	125274451	LTR/ERVL	2292	+	169	125274282	48892
chr6	125225390	125425390	harbor2	chr6	125268464	125272207	LTR/ERVL	30848	+	1872	125270336	44946
chr6	32870211	33070211	harbor2	chr6	32883858	32884205	LTR/ERVL	676	+	174	32884032	13821
chr6	32870211	33070211	harbor2	chr6	32931225	32931649	LTR/ERVL	576	+	212	32931437	61226
chr6	32870211	33070211	harbor2	chr6	32939107	32939521	LTR/ERVL	1468	+	207	32939314	69103
chr6	32870211	33070211	harbor2	chr6	32939748	32940128	LTR/ERVL	1376	+	190	32939938	69727
chr6	29530473	29730473	harbor2	chr6	29578311	29579158	LTR/ERVL	4012	+	424	29578735	48262
chr6	29530473	29730473	harbor2	chr6	29579485	29579564	LTR/ERVL	4012	+	40	29579525	49052
chr6	29530473	29730473	harbor2	chr6	29604100	29604442	LTR/ERVL	474	+	171	29604271	73798
chr6	10445756	10645756	harbor2	chr6	10451060	10451872	LTR/ERVL	4437	+	406	10451466	5710
chr6	10445756	10645756	harbor2	chr6	10469877	10470174	LTR/ERVL	561	+	148	10470025	24269
chr6	10445756	10645756	harbor2	chr6	10475018	10475747	LTR/ERVL	2386	+	364	10475382	29626
chr6	10445756	10645756	harbor2	chr6	10476219	10477348	LTR/ERVL	1726	+	564	10476783	31027
chr6	10445756	10645756	harbor2	chr6	10477445	10477506	LTR/ERVL	963	+	30	10477475	31719
chr6	10445756	10645756	harbor2	chr6	10477801	10478178	LTR/ERVL	963	+	188	10477989	32233
chr6	10445756	10645756	harbor2	chr6	10486070	10486316	LTR/ERVL	1284	+	123	10486193	40437
chr6	7626956	7826956	harbor2	chr6	7674100	7674671	LTR/ERVL	1086	+	286	7674386	47430
chr6	7626956	7826956	harbor2	chr6	7677028	7677379	LTR/ERVL	2317	+	176	7677204	50248
chr6	7626956	7826956	harbor2	chr6	7677510	7677549	LTR/ERVL	2317	+	20	7677530	50574
chr6	139488617	139688617	harbor2	chr6	139497021	139497518	LTR/ERVL	1332	+	248	139497269	8652
chr6	139488617	139688617	harbor2	chr6	139506456	139506713	LTR/ERVL	789	+	128	139506584	17967
chr6	45543677	45743677	harbor2	chr6	45621072	45621915	LTR/ERVL	4750	+	422	45621494	77817
chr6	41537706	41737706	harbor2	chr6	41630945	41631472	LTR/ERVL	585	+	264	41631209	93503
chr6	169864631	170064631	harbor2	chr6	169953458	169954304	LTR/ERVL	3116	+	423	169953881	89250
chr6	169864631	170064631	harbor2	chr6	169954339	169954998	LTR/ERVL	3405	+	330	169954669	90038
chr6	139275464	139475464	harbor2	chr6	139285693	139285793	LTR/ERVL	726	+	50	139285743	10279
chr6	139275464	139475464	harbor2	chr6	139287058	139287389	LTR/ERVL	2163	+	166	139287224	11760
chr6	45541160	45741160	harbor2	chr6	45621072	45621915	LTR/ERVL	4750	+	422	45621494	80334
chr6	63473867	63673867	harbor2	chr6	63525227	63525875	LTR/ERVL	1564	+	324	63525551	51684
chr6	139275450	139475450	harbor2	chr6	139285693	139285793	LTR/ERVL	726	+	50	139285743	10293
chr6	139275450	139475450	harbor2	chr6	139287058	139287389	LTR/ERVL	2163	+	166	139287224	11774
chr6	169863955	170063955	harbor2	chr6	169953458	169954304	LTR/ERVL	3116	+	423	169953881	89926
chr6	169863955	170063955	harbor2	chr6	169954339	169954998	LTR/ERVL	3405	+	330	169954669	90714
chr6	7629037	7829037	harbor2	chr6	7674100	7674671	LTR/ERVL	1086	+	286	7674386	45349
chr6	7629037	7829037	harbor2	chr6	7677028	7677379	LTR/ERVL	2317	+	176	7677204	48167
chr6	7629037	7829037	harbor2	chr6	7677510	7677549	LTR/ERVL	2317	+	20	7677530	48493
chr6	41095053	41295053	harbor2	chr6	41155189	41155303	LTR/ERVL	547	+	57	41155246	60193
chr6	41095053	41295053	harbor2	chr6	41155333	41155375	LTR/ERVL	814	+	21	41155354	60301
chr6	41095053	41295053	harbor2	chr6	41155407	41155576	LTR/ERVL	814	+	84	41155491	60438
chr6	41095053	41295053	harbor2	chr6	41170742	41171195	LTR/ERVL	992	+	226	41170968	75915
chr6	41095053	41295053	harbor2	chr6	41193257	41193599	LTR/ERVL	714	+	171	41193428	98375
chr6	139275453	139475453	harbor2	chr6	139285693	139285793	LTR/ERVL	726	+	50	139285743	10290
chr6	139275453	139475453	harbor2	chr6	139287058	139287389	LTR/ERVL	2163	+	166	139287224	11771
chr6	45542351	45742351	harbor2	chr6	45621072	45621915	LTR/ERVL	4750	+	422	45621494	79143
chr6	139275439	139475439	harbor2	chr6	139285693	139285793	LTR/ERVL	726	+	50	139285743	10304
chr6	139275439	139475439	harbor2	chr6	139287058	139287389	LTR/ERVL	2163	+	166	139287224	11785
chr6	35469329	35669329	harbor2	chr6	35536499	35536802	LTR/ERVL	3662	+	152	35536651	67322
chr6	35469329	35669329	harbor2	chr6	35537106	35537162	LTR/ERVL	3662	+	28	35537134	67805
chr6	35469329	35669329	harbor2	chr6	35537468	35538149	LTR/ERVL	3662	+	340	35537808	68479
chr6	35469329	35669329	harbor2	chr6	35538767	35538974	LTR/ERVL	3662	+	104	35538871	69542
chr6	35469329	35669329	harbor2	chr6	35539246	35539739	LTR/ERVL	3662	+	246	35539492	70163
chr6	13879117	14079117	harbor2	chr6	13890370	13890576	LTR/ERVL	533	+	103	13890473	11356
chr6	90487353	90687353	harbor2	chr6	90558556	90559003	LTR/ERVL	688	+	224	90558780	71427
chr6	7626983	7826983	harbor2	chr6	7674100	7674671	LTR/ERVL	1086	+	286	7674386	47403
chr6	7626983	7826983	harbor2	chr6	7677028	7677379	LTR/ERVL	2317	+	176	7677204	50221
chr6	7626983	7826983	harbor2	chr6	7677510	7677549	LTR/ERVL	2317	+	20	7677530	50547
chr6	6447005	6647005	harbor2	chr6	6454039	6454478	LTR/ERVL	2711	+	220	6454259	7254
chr6	6447005	6647005	harbor2	chr6	6454542	6454592	LTR/ERVL	2711	+	25	6454567	7562
chr6	6447005	6647005	harbor2	chr6	6513120	6513436	LTR/ERVL	535	+	158	6513278	66273
chr6	45540928	45740928	harbor2	chr6	45621072	45621915	LTR/ERVL	4750	+	422	45621494	80566
chr6	63703058	63903058	harbor2	chr6	63758565	63759253	LTR/ERVL	1435	+	344	63758909	55851
chr6	63703058	63903058	harbor2	chr6	63783812	63784330	LTR/ERVL	2746	+	259	63784071	81013
chr6	63703058	63903058	harbor2	chr6	63790317	63790398	LTR/ERVL	460	+	40	63790357	87299
chr6	63703058	63903058	harbor2	chr6	63795905	63796278	LTR/ERVL	686	+	186	63796091	93033
chr6	7628030	7828030	harbor2	chr6	7674100	7674671	LTR/ERVL	1086	+	286	7674386	46356
chr6	7628030	7828030	harbor2	chr6	7677028	7677379	LTR/ERVL	2317	+	176	7677204	49174
chr6	7628030	7828030	harbor2	chr6	7677510	7677549	LTR/ERVL	2317	+	20	7677530	49500
chr6	139275441	139475441	harbor2	chr6	139285693	139285793	LTR/ERVL	726	+	50	139285743	10302
chr6	139275441	139475441	harbor2	chr6	139287058	139287389	LTR/ERVL	2163	+	166	139287224	11783
chr6	166057634	166257634	harbor2	chr6	166070339	166070867	LTR/ERVL	1208	+	264	166070603	12969
chr6	166057634	166257634	harbor2	chr6	166145443	166145976	LTR/ERVL	2545	+	266	166145709	88075
chr6	166057634	166257634	harbor2	chr6	166153858	166154337	LTR/ERVL	1900	+	240	166154098	96464
chr6	139275444	139475444	harbor2	chr6	139285693	139285793	LTR/ERVL	726	+	50	139285743	10299
chr6	139275444	139475444	harbor2	chr6	139287058	139287389	LTR/ERVL	2163	+	166	139287224	11780
chr6	165561181	165761181	harbor2	chr6	165583523	165584083	LTR/ERVL	2974	+	280	165583803	22622
chr6	165561181	165761181	harbor2	chr6	165584093	165584655	LTR/ERVL	1022	+	281	165584374	23193
chr6	165561181	165761181	harbor2	chr6	165584662	165585303	LTR/ERVL	2663	+	320	165584982	23801
chr6	165561181	165761181	harbor2	chr6	165585304	165585503	LTR/ERVL	625	+	100	165585404	24223
chr6	165561181	165761181	harbor2	chr6	165621869	165622203	LTR/ERVL	1766	+	167	165622036	60855
chr6	165561181	165761181	harbor2	chr6	165645004	165645188	LTR/ERVL	504	+	92	165645096	83915
chr6	33522490	33722490	harbor2	chr6	33523993	33524415	LTR/ERVL	2402	+	211	33524204	1714
chr6	33522490	33722490	harbor2	chr6	33525211	33525377	LTR/ERVL	959	+	83	33525294	2804
chr6	33522490	33722490	harbor2	chr6	33526177	33526412	LTR/ERVL	994	+	118	33526295	3805
chr6	33522490	33722490	harbor2	chr6	33602003	33602233	LTR/ERVL	559	+	115	33602118	79628
chr6	33522490	33722490	harbor2	chr6	33611986	33612362	LTR/ERVL	1333	+	188	33612174	89684
chr6	33522490	33722490	harbor2	chr6	33612658	33612729	LTR/ERVL	1333	+	36	33612694	90204
chr6	127169085	127369085	harbor2	chr6	127223432	127223897	LTR/ERVL	966	+	232	127223664	54579
chr6	127169085	127369085	harbor2	chr6	127239428	127239578	LTR/ERVL	846	+	75	127239503	70418
chr6	127169085	127369085	harbor2	chr6	127249110	127249446	LTR/ERVL	665	+	168	127249278	80193
chr6	127169085	127369085	harbor2	chr6	127249471	127249637	LTR/ERVL	747	+	83	127249554	80469
chr6	52583140	52783140	harbor2	chr6	52651037	52651454	LTR/ERVL	1920	+	208	52651245	68105
chr6	52583140	52783140	harbor2	chr6	52673142	52673562	LTR/ERVL	2303	+	210	52673352	90212
chr6	169887372	170087372	harbor2	chr6	169953458	169954304	LTR/ERVL	3116	+	423	169953881	66509
chr6	169887372	170087372	harbor2	chr6	169954339	169954998	LTR/ERVL	3405	+	330	169954669	67297
chr6	139275438	139475438	harbor2	chr6	139285693	139285793	LTR/ERVL	726	+	50	139285743	10305
chr6	139275438	139475438	harbor2	chr6	139287058	139287389	LTR/ERVL	2163	+	166	139287224	11786
chr6	127168838	127368838	harbor2	chr6	127223432	127223897	LTR/ERVL	966	+	232	127223664	54826
chr6	127168838	127368838	harbor2	chr6	127239428	127239578	LTR/ERVL	846	+	75	127239503	70665
chr6	127168838	127368838	harbor2	chr6	127249110	127249446	LTR/ERVL	665	+	168	127249278	80440
chr6	127168838	127368838	harbor2	chr6	127249471	127249637	LTR/ERVL	747	+	83	127249554	80716
chr6	45542549	45742549	harbor2	chr6	45621072	45621915	LTR/ERVL	4750	+	422	45621494	78945
chr6	47581748	47781748	harbor2	chr6	47592450	47592569	LTR/ERVL	685	+	60	47592510	10762
chr6	47581748	47781748	harbor2	chr6	47592683	47593199	LTR/ERVL	2613	+	258	47592941	11193
chr6	30621530	30821530	harbor2	chr6	30691876	30691908	LTR/ERVL	488	+	16	30691892	70362
chr6	30621530	30821530	harbor2	chr6	30692209	30692421	LTR/ERVL	488	+	106	30692315	70785
chr6	43739619	43939619	harbor2	chr6	43817695	43817819	LTR/ERVL	639	+	62	43817757	78138
chr6	43739619	43939619	harbor2	chr6	43817820	43818953	LTR/ERVL	11642	+	566	43818386	78767
chr6	43739619	43939619	harbor2	chr6	43819288	43820199	LTR/ERVL	11642	+	456	43819744	80125
chr6	43739619	43939619	harbor2	chr6	43820339	43820352	LTR/ERVL	2202	+	6	43820345	80726
chr6	43739619	43939619	harbor2	chr6	43820380	43820943	LTR/ERVL	2202	+	282	43820662	81043
chr6	52477059	52677059	harbor2	chr6	52492547	52492624	LTR/ERVL	2418	+	38	52492585	15526
chr6	52477059	52677059	harbor2	chr6	52492917	52493390	LTR/ERVL	2418	+	236	52493153	16094
chr6	52477059	52677059	harbor2	chr6	52550144	52550455	LTR/ERVL	586	+	156	52550300	73241
chr6	45541342	45741342	harbor2	chr6	45621072	45621915	LTR/ERVL	4750	+	422	45621494	80152
chr6	30370013	30570013	harbor2	chr6	30370054	30370339	LTR/ERVL	444	+	142	30370196	183
chr6	30370013	30570013	harbor2	chr6	30402231	30402587	LTR/ERVL	1427	+	178	30402409	32396
chr6	30370013	30570013	harbor2	chr6	30402943	30403264	LTR/ERVL	4799	+	160	30403103	33090
chr6	30370013	30570013	harbor2	chr6	30404040	30404937	LTR/ERVL	4799	+	448	30404488	34475
chr6	108995339	109195339	harbor2	chr6	109067797	109068263	LTR/ERVL	1483	+	233	109068030	72691
chr6	108995339	109195339	harbor2	chr6	109077486	109077765	LTR/ERVL	1007	+	140	109077626	82287
chr6	27419515	27619515	harbor2	chr6	27435701	27435944	LTR/ERVL	647	+	122	27435823	16308
chr6	27419515	27619515	harbor2	chr6	27461123	27461449	LTR/ERVL	503	+	163	27461286	41771
chr6	27419515	27619515	harbor2	chr6	27491903	27492166	LTR/ERVL	1697	+	132	27492035	72520
chr6	27419515	27619515	harbor2	chr6	27492790	27493135	LTR/ERVL	1327	+	172	27492962	73447
chr6	27419515	27619515	harbor2	chr6	27493205	27493436	LTR/ERVL	593	+	116	27493321	73806
chr6	27419515	27619515	harbor2	chr6	27498116	27498540	LTR/ERVL	1414	+	212	27498328	78813
chr6	27419515	27619515	harbor2	chr6	27492316	27492531	LTR/ERVL	550	+	108	27492424	72909
chr6	4985270	5185270	harbor2	chr6	4997147	4997645	LTR/ERVL	3292	+	249	4997396	12126
chr6	4985270	5185270	harbor2	chr6	4997675	4997712	LTR/ERVL	3292	+	18	4997693	12423
chr6	4985270	5185270	harbor2	chr6	4997713	4997861	LTR/ERVL	1733	+	74	4997787	12517
chr6	4985270	5185270	harbor2	chr6	5040795	5040969	LTR/ERVL	677	+	87	5040882	55612
chr6	4985270	5185270	harbor2	chr6	5042339	5043237	LTR/ERVL	2374	+	449	5042788	57518
chr6	4985270	5185270	harbor2	chr6	5043268	5043483	LTR/ERVL	844	+	108	5043376	58106
chr6	4985270	5185270	harbor2	chr6	5043711	5044083	LTR/ERVL	1913	+	186	5043897	58627
chr6	4985270	5185270	harbor2	chr6	5081613	5081924	LTR/ERVL	731	+	156	5081769	96499
chr6	4985270	5185270	harbor2	chr6	5081936	5082350	LTR/ERVL	1472	+	207	5082143	96873
chr6	4985270	5185270	harbor2	chr6	4996866	4997146	LTR/ERVL	1733	+	140	4997006	11736
chr6	139373354	139573354	harbor2	chr6	139437722	139438129	LTR/ERVL	1238	+	204	139437926	64572
chr6	139373354	139573354	harbor2	chr6	139438439	139438668	LTR/ERVL	1238	+	114	139438553	65199
chr6	30946660	31146660	harbor2	chr6	30966374	30967510	LTR/ERVL	36490	+	568	30966942	20282
chr6	30946660	31146660	harbor2	chr6	30967811	30971424	LTR/ERVL	36490	+	1806	30969617	22957
chr6	30946660	31146660	harbor2	chr6	30971425	30971833	LTR/ERVL	3171	+	204	30971629	24969
chr6	30946660	31146660	harbor2	chr6	30989276	30989355	LTR/ERVL	2536	+	40	30989316	42656
chr6	30946660	31146660	harbor2	chr6	30989616	30989987	LTR/ERVL	2536	+	186	30989802	43142
chr6	30946660	31146660	harbor2	chr6	30990000	30991151	LTR/ERVL	3315	+	576	30990576	43916
chr6	30946660	31146660	harbor2	chr6	30991754	30992532	LTR/ERVL	3315	+	389	30992143	45483
chr6	30946660	31146660	harbor2	chr6	30996058	30996154	LTR/ERVL	3445	+	48	30996106	49446
chr6	30946660	31146660	harbor2	chr6	30996472	30997729	LTR/ERVL	3445	+	628	30997100	50440
chr6	30946660	31146660	harbor2	chr6	30998038	30998061	LTR/ERVL	3445	+	12	30998050	51390
chr6	30946660	31146660	harbor2	chr6	31000236	31000294	LTR/ERVL	2143	+	29	31000265	53605
chr6	30946660	31146660	harbor2	chr6	31001612	31001923	LTR/ERVL	2143	+	156	31001768	55108
chr6	30946660	31146660	harbor2	chr6	31002702	31002761	LTR/ERVL	2143	+	30	31002732	56072
chr6	30946660	31146660	harbor2	chr6	30998178	30998677	LTR/ERVL	3445	+	250	30998428	51768
chr6	52185079	52385079	harbor2	chr6	52194886	52194941	LTR/ERVL	2515	+	28	52194914	9835
chr6	52185079	52385079	harbor2	chr6	52195310	52195486	LTR/ERVL	2515	+	88	52195398	10319
chr6	52185079	52385079	harbor2	chr6	52195532	52195793	LTR/ERVL	2515	+	130	52195662	10583
chr6	52185079	52385079	harbor2	chr6	52237730	52238129	LTR/ERVL	2375	+	200	52237930	52851
chr6	3749942	3949942	harbor2	chr6	3832372	3832690	LTR/ERVL	722	+	159	3832531	82589
chr6	39129464	39329464	harbor2	chr6	39139993	39140192	LTR/ERVL	756	+	100	39140093	10629
chr6	39129464	39329464	harbor2	chr6	39147025	39147310	LTR/ERVL	1768	+	142	39147167	17703
chr6	39129464	39329464	harbor2	chr6	39147446	39147575	LTR/ERVL	1768	+	64	39147510	18046
chr6	39129464	39329464	harbor2	chr6	39180864	39181187	LTR/ERVL	995	+	162	39181026	51562
chr6	39129464	39329464	harbor2	chr6	39183758	39183870	LTR/ERVL	878	+	56	39183814	54350
chr6	39129464	39329464	harbor2	chr6	39184691	39184955	LTR/ERVL	878	+	132	39184823	55359
chr6	151352799	151552799	harbor2	chr6	151441268	151442109	LTR/ERVL	3325	+	420	151441688	88889
chr6	125542072	125742072	harbor2	chr6	125569640	125569872	LTR/ERVL	1226	+	116	125569756	27684
chr6	125542072	125742072	harbor2	chr6	125571603	125572005	LTR/ERVL	1451	+	201	125571804	29732
chr6	169873505	170073505	harbor2	chr6	169953458	169954304	LTR/ERVL	3116	+	423	169953881	80376
chr6	169873505	170073505	harbor2	chr6	169954339	169954998	LTR/ERVL	3405	+	330	169954669	81164
chr6	139275442	139475442	harbor2	chr6	139285693	139285793	LTR/ERVL	726	+	50	139285743	10301
chr6	139275442	139475442	harbor2	chr6	139287058	139287389	LTR/ERVL	2163	+	166	139287224	11782
chr6	146813947	147013947	harbor2	chr6	146854796	146855346	LTR/ERVL	2060	+	275	146855071	41124
chr6	45541330	45741330	harbor2	chr6	45621072	45621915	LTR/ERVL	4750	+	422	45621494	80164
chr6	133854144	134054144	harbor2	chr6	133866799	133867292	LTR/ERVL	3270	+	246	133867045	12901
chr6	133854144	134054144	harbor2	chr6	133916248	133916376	LTR/ERVL	525	+	64	133916312	62168
chr6	133854144	134054144	harbor2	chr6	133927067	133927268	LTR/ERVL	951	+	100	133927167	73023
chr6	133854144	134054144	harbor2	chr6	133927579	133927762	LTR/ERVL	951	+	92	133927671	73527
chr6	133854144	134054144	harbor2	chr6	133928084	133928294	LTR/ERVL	951	+	105	133928189	74045
chr6	133854144	134054144	harbor2	chr6	133950229	133950742	LTR/ERVL	2714	+	256	133950485	96341
chr6	27415796	27615796	harbor2	chr6	27435701	27435944	LTR/ERVL	647	+	122	27435823	20027
chr6	27415796	27615796	harbor2	chr6	27461123	27461449	LTR/ERVL	503	+	163	27461286	45490
chr6	27415796	27615796	harbor2	chr6	27491903	27492166	LTR/ERVL	1697	+	132	27492035	76239
chr6	27415796	27615796	harbor2	chr6	27492790	27493135	LTR/ERVL	1327	+	172	27492962	77166
chr6	27415796	27615796	harbor2	chr6	27493205	27493436	LTR/ERVL	593	+	116	27493321	77525
chr6	27415796	27615796	harbor2	chr6	27498116	27498540	LTR/ERVL	1414	+	212	27498328	82532
chr6	27415796	27615796	harbor2	chr6	27492316	27492531	LTR/ERVL	550	+	108	27492424	76628
chr6	41092984	41292984	harbor2	chr6	41155189	41155303	LTR/ERVL	547	+	57	41155246	62262
chr6	41092984	41292984	harbor2	chr6	41155333	41155375	LTR/ERVL	814	+	21	41155354	62370
chr6	41092984	41292984	harbor2	chr6	41155407	41155576	LTR/ERVL	814	+	84	41155491	62507
chr6	41092984	41292984	harbor2	chr6	41170742	41171195	LTR/ERVL	992	+	226	41170968	77984
chr6	139276317	139476317	harbor2	chr6	139285693	139285793	LTR/ERVL	726	+	50	139285743	9426
chr6	139276317	139476317	harbor2	chr6	139287058	139287389	LTR/ERVL	2163	+	166	139287224	10907
chr6	127167575	127367575	harbor2	chr6	127223432	127223897	LTR/ERVL	966	+	232	127223664	56089
chr6	127167575	127367575	harbor2	chr6	127239428	127239578	LTR/ERVL	846	+	75	127239503	71928
chr6	127167575	127367575	harbor2	chr6	127249110	127249446	LTR/ERVL	665	+	168	127249278	81703
chr6	127167575	127367575	harbor2	chr6	127249471	127249637	LTR/ERVL	747	+	83	127249554	81979
chr6	124977679	125177679	harbor2	chr6	125017021	125017107	LTR/ERVL	449	+	43	125017064	39385
chr6	45543573	45743573	harbor2	chr6	45621072	45621915	LTR/ERVL	4750	+	422	45621494	77921
chr6	169864808	170064808	harbor2	chr6	169953458	169954304	LTR/ERVL	3116	+	423	169953881	89073
chr6	169864808	170064808	harbor2	chr6	169954339	169954998	LTR/ERVL	3405	+	330	169954669	89861
chr6	139419971	139619971	harbor2	chr6	139437722	139438129	LTR/ERVL	1238	+	204	139437926	17955
chr6	139419971	139619971	harbor2	chr6	139438439	139438668	LTR/ERVL	1238	+	114	139438553	18582
chr6	139419971	139619971	harbor2	chr6	139486184	139486518	LTR/ERVL	685	+	167	139486351	66380
chr6	139419971	139619971	harbor2	chr6	139497021	139497518	LTR/ERVL	1332	+	248	139497269	77298
chr6	139419971	139619971	harbor2	chr6	139506456	139506713	LTR/ERVL	789	+	128	139506584	86613
chr6	139275455	139475455	harbor2	chr6	139285693	139285793	LTR/ERVL	726	+	50	139285743	10288
chr6	139275455	139475455	harbor2	chr6	139287058	139287389	LTR/ERVL	2163	+	166	139287224	11769
chr6	11912017	12112017	harbor2	chr6	11946565	11946973	LTR/ERVL	1697	+	204	11946769	34752
chr6	11912017	12112017	harbor2	chr6	11963606	11964123	LTR/ERVL	2885	+	258	11963864	51847
chr6	56126551	56326551	harbor2	chr6	56223928	56224334	LTR/ERVL	1353	+	203	56224131	97580
chr6	33105578	33305578	harbor2	chr6	33147137	33147313	LTR/ERVL	1109	+	88	33147225	41647
chr6	33105578	33305578	harbor2	chr6	33147586	33147949	LTR/ERVL	1109	+	182	33147768	42190
chr6	32071139	32271139	harbor2	chr6	32123744	32123888	LTR/ERVL	543	+	72	32123816	52677
chr6	42647524	42847524	harbor2	chr6	42742216	42742364	LTR/ERVL	689	+	74	42742290	94766
chr6	42647524	42847524	harbor2	chr6	42742382	42742655	LTR/ERVL	863	+	136	42742518	94994
chr6	41449219	41649219	harbor2	chr6	41477691	41477858	LTR/ERVL	1295	+	84	41477775	28556
chr6	41449219	41649219	harbor2	chr6	41478143	41478391	LTR/ERVL	1295	+	124	41478267	29048
chr6	41449219	41649219	harbor2	chr6	41508389	41508772	LTR/ERVL	963	+	192	41508581	59362
chr6	41449219	41649219	harbor2	chr6	41537001	41537453	LTR/ERVL	1401	+	226	41537227	88008
chr6	52190864	52390864	harbor2	chr6	52194886	52194941	LTR/ERVL	2515	+	28	52194914	4050
chr6	52190864	52390864	harbor2	chr6	52195310	52195486	LTR/ERVL	2515	+	88	52195398	4534
chr6	52190864	52390864	harbor2	chr6	52195532	52195793	LTR/ERVL	2515	+	130	52195662	4798
chr6	52190864	52390864	harbor2	chr6	52237730	52238129	LTR/ERVL	2375	+	200	52237930	47066
chr6	23317064	23517064	harbor2	chr6	23326183	23326664	LTR/ERVL	1474	+	240	23326423	9359
chr6	23317064	23517064	harbor2	chr6	23339767	23340013	LTR/ERVL	781	+	123	23339890	22826
chr6	23317064	23517064	harbor2	chr6	23380683	23381122	LTR/ERVL	3218	+	220	23380903	63839
chr6	139275447	139475447	harbor2	chr6	139285693	139285793	LTR/ERVL	726	+	50	139285743	10296
chr6	139275447	139475447	harbor2	chr6	139287058	139287389	LTR/ERVL	2163	+	166	139287224	11777
chr6	41462100	41662100	harbor2	chr6	41477691	41477858	LTR/ERVL	1295	+	84	41477775	15675
chr6	41462100	41662100	harbor2	chr6	41478143	41478391	LTR/ERVL	1295	+	124	41478267	16167
chr6	41462100	41662100	harbor2	chr6	41508389	41508772	LTR/ERVL	963	+	192	41508581	46481
chr6	41462100	41662100	harbor2	chr6	41537001	41537453	LTR/ERVL	1401	+	226	41537227	75127
chr6	30621455	30821455	harbor2	chr6	30691876	30691908	LTR/ERVL	488	+	16	30691892	70437
chr6	30621455	30821455	harbor2	chr6	30692209	30692421	LTR/ERVL	488	+	106	30692315	70860
chr6	169864138	170064138	harbor2	chr6	169953458	169954304	LTR/ERVL	3116	+	423	169953881	89743
chr6	169864138	170064138	harbor2	chr6	169954339	169954998	LTR/ERVL	3405	+	330	169954669	90531
chr6	127447015	127647015	harbor2	chr6	127499662	127499968	LTR/ERVL	662	+	153	127499815	52800
chr6	170478408	170678408	harbor2	chr6	170480883	170481264	LTR/ERVL	1065	+	190	170481073	2665
chr6	170478408	170678408	harbor2	chr6	170485210	170485656	LTR/ERVL	696	+	223	170485433	7025
chr6	170478408	170678408	harbor2	chr6	170531828	170532314	LTR/ERVL	854	+	243	170532071	53663
chr6	170478408	170678408	harbor2	chr6	170533761	170534248	LTR/ERVL	1876	+	244	170534005	55597
chr6	170478408	170678408	harbor2	chr6	170542372	170542797	LTR/ERVL	1478	+	212	170542584	64176
chr6	147926214	148126214	harbor2	chr6	147990172	147990433	LTR/ERVL	1365	+	130	147990302	64088
chr6	147926214	148126214	harbor2	chr6	147991531	147991675	LTR/ERVL	646	+	72	147991603	65389
chr6	147926214	148126214	harbor2	chr6	148016141	148016431	LTR/ERVL	555	+	145	148016286	90072
chr6	107718911	107918911	harbor2	chr6	107775433	107775543	LTR/ERVL	579	+	55	107775488	56577
chr6	107718911	107918911	harbor2	chr6	107783740	107784125	LTR/ERVL	601	+	192	107783932	65021
chr6	107718911	107918911	harbor2	chr6	107800633	107800848	LTR/ERVL	692	+	108	107800741	81830
chr6	107718911	107918911	harbor2	chr6	107812433	107812866	LTR/ERVL	2386	+	216	107812649	93738
chr6	107718911	107918911	harbor2	chr6	107812916	107812950	LTR/ERVL	2386	+	17	107812933	94022
chr6	56333514	56533514	harbor2	chr6	56375244	56375716	LTR/ERVL	1167	+	236	56375480	41966
chr6	56333514	56533514	harbor2	chr6	56399339	56399558	LTR/ERVL	714	+	110	56399449	65935
chr6	56333514	56533514	harbor2	chr6	56400173	56400736	LTR/ERVL	1250	+	282	56400455	66941
chr6	7634787	7834787	harbor2	chr6	7674100	7674671	LTR/ERVL	1086	+	286	7674386	39599
chr6	7634787	7834787	harbor2	chr6	7677028	7677379	LTR/ERVL	2317	+	176	7677204	42417
chr6	7634787	7834787	harbor2	chr6	7677510	7677549	LTR/ERVL	2317	+	20	7677530	42743
chr6	7628065	7828065	harbor2	chr6	7674100	7674671	LTR/ERVL	1086	+	286	7674386	46321
chr6	7628065	7828065	harbor2	chr6	7677028	7677379	LTR/ERVL	2317	+	176	7677204	49139
chr6	7628065	7828065	harbor2	chr6	7677510	7677549	LTR/ERVL	2317	+	20	7677530	49465
chr6	146972244	147172244	harbor2	chr6	146974882	146975345	LTR/ERVL	1185	+	232	146975114	2870
chr6	146972244	147172244	harbor2	chr6	147025419	147025880	LTR/ERVL	1356	+	230	147025649	53405
chr6	146972244	147172244	harbor2	chr6	147048297	147048680	LTR/ERVL	1355	+	192	147048489	76245
chr6	158127245	158327245	harbor2	chr6	158140100	158140912	LTR/ERVL	3694	+	406	158140506	13261
chr6	158127245	158327245	harbor2	chr6	158161613	158162187	LTR/ERVL	1995	+	287	158161900	34655
chr7	149524712	149724712	harbor2	chr7	149543584	149544203	LTR/ERVL	1286	+	310	149543894	19182
chr7	149524712	149724712	harbor2	chr7	149564452	149564785	LTR/ERVL	1940	+	166	149564618	39906
chr7	149524712	149724712	harbor2	chr7	149565234	149565370	LTR/ERVL	1940	+	68	149565302	40590
chr7	149524712	149724712	harbor2	chr7	149588332	149588749	LTR/ERVL	1984	+	208	149588540	63828
chr7	149524712	149724712	harbor2	chr7	149600078	149600218	LTR/ERVL	678	+	70	149600148	75436
chr7	149524712	149724712	harbor2	chr7	149612006	149612418	LTR/ERVL	2031	+	206	149612212	87500
chr7	72825583	73025583	harbor2	chr7	72859855	72860077	LTR/ERVL	677	+	111	72859966	34383
chr7	50204488	50404488	harbor2	chr7	50290068	50290313	LTR/ERVL	1021	+	122	50290190	85702
chr7	28134889	28334889	harbor2	chr7	28223509	28224323	LTR/ERVL	2294	+	407	28223916	89027
chr7	26995485	27195485	harbor2	chr7	26996592	26997073	LTR/ERVL	3040	+	240	26996832	1347
chr7	26995485	27195485	harbor2	chr7	26997074	26998333	LTR/ERVL	21201	+	630	26997704	2219
chr7	26995485	27195485	harbor2	chr7	26998385	27000000	LTR/ERVL	21201	+	808	26999193	3708
chr7	26995485	27195485	harbor2	chr7	27008607	27008873	LTR/ERVL	2077	+	133	27008740	13255
chr7	26995485	27195485	harbor2	chr7	27008874	27009322	LTR/ERVL	3575	+	224	27009098	13613
chr7	26995485	27195485	harbor2	chr7	27067665	27068180	LTR/ERVL	1108	+	258	27067923	72438
chr7	26995485	27195485	harbor2	chr7	27000001	27002445	LTR/ERVL	19624	+	1222	27001223	5738
chr7	86417400	86617400	harbor2	chr7	86420549	86420988	LTR/ERVL	1400	+	220	86420769	3369
chr7	86417400	86617400	harbor2	chr7	86433346	86433758	LTR/ERVL	1085	+	206	86433552	16152
chr7	86417400	86617400	harbor2	chr7	86433897	86434412	LTR/ERVL	938	+	258	86434155	16755
chr7	86417400	86617400	harbor2	chr7	86434547	86435383	LTR/ERVL	1189	+	418	86434965	17565
chr7	86417400	86617400	harbor2	chr7	86435401	86435930	LTR/ERVL	901	+	264	86435665	18265
chr7	86417400	86617400	harbor2	chr7	86436184	86436526	LTR/ERVL	822	+	171	86436355	18955
chr7	86417400	86617400	harbor2	chr7	86436723	86437303	LTR/ERVL	1070	+	290	86437013	19613
chr7	86417400	86617400	harbor2	chr7	86437369	86437694	LTR/ERVL	751	+	162	86437531	20131
chr7	25270423	25470423	harbor2	chr7	25279018	25279650	LTR/ERVL	3887	+	316	25279334	8911
chr7	25270423	25470423	harbor2	chr7	25365362	25365630	LTR/ERVL	693	+	134	25365496	95073
chr7	25270423	25470423	harbor2	chr7	25365645	25365843	LTR/ERVL	643	+	99	25365744	95321
chr7	148599806	148799806	harbor2	chr7	148605309	148605916	LTR/ERVL	1327	+	304	148605613	5807
chr7	148599806	148799806	harbor2	chr7	148610180	148610630	LTR/ERVL	3163	+	225	148610405	10599
chr7	148599806	148799806	harbor2	chr7	148610873	148611157	LTR/ERVL	963	+	142	148611015	11209
chr7	148599806	148799806	harbor2	chr7	148621419	148621550	LTR/ERVL	751	+	66	148621485	21679
chr7	148599806	148799806	harbor2	chr7	148645623	148646166	LTR/ERVL	1629	+	272	148645895	46089
chr7	148599806	148799806	harbor2	chr7	148691527	148691653	LTR/ERVL	1684	+	63	148691590	91784
chr7	148599806	148799806	harbor2	chr7	148691976	148692196	LTR/ERVL	1684	+	110	148692086	92280
chr7	123649533	123849533	harbor2	chr7	123697669	123698225	LTR/ERVL	2687	+	278	123697947	48414
chr7	47229043	47429043	harbor2	chr7	47255484	47256356	LTR/ERVL	4698	+	436	47255920	26877
chr7	32628830	32828830	harbor2	chr7	32669163	32669692	LTR/ERVL	1738	+	264	32669427	40597
chr7	32628830	32828830	harbor2	chr7	32677452	32677853	LTR/ERVL	1131	+	200	32677652	48822
chr7	27005184	27205184	harbor2	chr7	27008607	27008873	LTR/ERVL	2077	+	133	27008740	3556
chr7	27005184	27205184	harbor2	chr7	27008874	27009322	LTR/ERVL	3575	+	224	27009098	3914
chr7	27005184	27205184	harbor2	chr7	27067665	27068180	LTR/ERVL	1108	+	258	27067923	62739
chr7	50204289	50404289	harbor2	chr7	50290068	50290313	LTR/ERVL	1021	+	122	50290190	85901
chr7	97828524	98028524	harbor2	chr7	97837022	97837148	LTR/ERVL	465	+	63	97837085	8561
chr7	97828524	98028524	harbor2	chr7	97837569	97837912	LTR/ERVL	582	+	172	97837741	9217
chr7	2609918	2809918	harbor2	chr7	2694045	2694461	LTR/ERVL	1096	+	208	2694253	84335
chr7	50204573	50404573	harbor2	chr7	50290068	50290313	LTR/ERVL	1021	+	122	50290190	85617
chr7	32328390	32528390	harbor2	chr7	32410615	32410984	LTR/ERVL	1178	+	184	32410799	82409
chr7	142754209	142954209	harbor2	chr7	142825264	142825832	LTR/ERVL	1445	+	284	142825548	71339
chr7	142754209	142954209	harbor2	chr7	142840535	142841119	LTR/ERVL	835	+	292	142840827	86618
chr7	142754209	142954209	harbor2	chr7	142841257	142841733	LTR/ERVL	1159	+	238	142841495	87286
chr7	135684417	135884417	harbor2	chr7	135717682	135718070	LTR/ERVL	1549	+	194	135717876	33459
chr7	123650448	123850448	harbor2	chr7	123697669	123698225	LTR/ERVL	2687	+	278	123697947	47499
chr7	20777006	20977006	harbor2	chr7	20832176	20832407	LTR/ERVL	847	+	116	20832292	55286
chr7	123649492	123849492	harbor2	chr7	123697669	123698225	LTR/ERVL	2687	+	278	123697947	48455
chr7	123650423	123850423	harbor2	chr7	123697669	123698225	LTR/ERVL	2687	+	278	123697947	47524
chr7	26112552	26312552	harbor2	chr7	26122901	26125284	LTR/ERVL	19425	+	1192	26124093	11541
chr7	26112552	26312552	harbor2	chr7	26125285	26125681	LTR/ERVL	3163	+	198	26125483	12931
chr7	26112552	26312552	harbor2	chr7	26144023	26144078	LTR/ERVL	484	+	28	26144051	31499
chr7	26112552	26312552	harbor2	chr7	26144407	26144445	LTR/ERVL	484	+	19	26144426	31874
chr7	26112552	26312552	harbor2	chr7	26145461	26145537	LTR/ERVL	2256	+	38	26145499	32947
chr7	26112552	26312552	harbor2	chr7	26145847	26146341	LTR/ERVL	2256	+	247	26146094	33542
chr7	128769421	128969421	harbor2	chr7	128785431	128785931	LTR/ERVL	2190	+	250	128785681	16260
chr7	149153981	149353981	harbor2	chr7	149236950	149237395	LTR/ERVL	2878	+	222	149237172	83191
chr7	27008623	27208623	harbor2	chr7	27008607	27008873	LTR/ERVL	2077	+	133	27008740	117
chr7	27008623	27208623	harbor2	chr7	27008874	27009322	LTR/ERVL	3575	+	224	27009098	475
chr7	27008623	27208623	harbor2	chr7	27067665	27068180	LTR/ERVL	1108	+	258	27067923	59300
chr7	44696651	44896651	harbor2	chr7	44725307	44725387	LTR/ERVL	2137	+	40	44725347	28696
chr7	44696651	44896651	harbor2	chr7	44725656	44725673	LTR/ERVL	2137	+	8	44725664	29013
chr7	44696651	44896651	harbor2	chr7	44725950	44726265	LTR/ERVL	2137	+	158	44726108	29457
chr7	44696651	44896651	harbor2	chr7	44726864	44726896	LTR/ERVL	2137	+	16	44726880	30229
chr7	44696651	44896651	harbor2	chr7	44727195	44727384	LTR/ERVL	2137	+	94	44727289	30638
chr7	44696651	44896651	harbor2	chr7	44743827	44744194	LTR/ERVL	1958	+	184	44744011	47360
chr7	90497085	90697085	harbor2	chr7	90567611	90567846	LTR/ERVL	655	+	118	90567729	70644
chr7	90497085	90697085	harbor2	chr7	90568980	90569279	LTR/ERVL	655	+	150	90569130	72045
chr7	139383658	139583658	harbor2	chr7	139474802	139475249	LTR/ERVL	2129	+	224	139475026	91368
chr7	139383658	139583658	harbor2	chr7	139475548	139476049	LTR/ERVL	2129	+	250	139475798	92140
chr7	73523245	73723245	harbor2	chr7	73562678	73563067	LTR/ERVL	3128	+	194	73562872	39627
chr7	73523245	73723245	harbor2	chr7	73563106	73563145	LTR/ERVL	3128	+	20	73563126	39881
chr7	25269994	25469994	harbor2	chr7	25279018	25279650	LTR/ERVL	3887	+	316	25279334	9340
chr7	25269994	25469994	harbor2	chr7	25365362	25365630	LTR/ERVL	693	+	134	25365496	95502
chr7	25269994	25469994	harbor2	chr7	25365645	25365843	LTR/ERVL	643	+	99	25365744	95750
chr7	93330	293330	harbor2	chr7	118269	118940	LTR/ERVL	2342	+	336	118605	25275
chr7	93330	293330	harbor2	chr7	135243	135392	LTR/ERVL	616	+	74	135317	41987
chr7	93330	293330	harbor2	chr7	135490	135768	LTR/ERVL	826	+	139	135629	42299
chr7	47228840	47428840	harbor2	chr7	47255484	47256356	LTR/ERVL	4698	+	436	47255920	27080
chr7	47229056	47429056	harbor2	chr7	47255484	47256356	LTR/ERVL	4698	+	436	47255920	26864
chr7	25270014	25470014	harbor2	chr7	25279018	25279650	LTR/ERVL	3887	+	316	25279334	9320
chr7	25270014	25470014	harbor2	chr7	25365362	25365630	LTR/ERVL	693	+	134	25365496	95482
chr7	25270014	25470014	harbor2	chr7	25365645	25365843	LTR/ERVL	643	+	99	25365744	95730
chr7	50617957	50817957	harbor2	chr7	50675390	50675775	LTR/ERVL	1981	+	192	50675582	57625
chr7	85037092	85237092	harbor2	chr7	85094460	85094618	LTR/ERVL	717	+	79	85094539	57447
chr7	128756973	128956973	harbor2	chr7	128785431	128785931	LTR/ERVL	2190	+	250	128785681	28708
chr7	27027581	27227581	harbor2	chr7	27067665	27068180	LTR/ERVL	1108	+	258	27067923	40342
chr7	104911716	105111716	harbor2	chr7	104958290	104958659	LTR/ERVL	683	+	184	104958474	46758
chr7	123649199	123849199	harbor2	chr7	123697669	123698225	LTR/ERVL	2687	+	278	123697947	48748
chr7	50253328	50453328	harbor2	chr7	50290068	50290313	LTR/ERVL	1021	+	122	50290190	36862
chr7	155288885	155488885	harbor2	chr7	155359037	155359438	LTR/ERVL	870	+	200	155359237	70352
chr7	155288885	155488885	harbor2	chr7	155336301	155336709	LTR/ERVL	1315	+	204	155336505	47620
chr7	44697576	44897576	harbor2	chr7	44725307	44725387	LTR/ERVL	2137	+	40	44725347	27771
chr7	44697576	44897576	harbor2	chr7	44725656	44725673	LTR/ERVL	2137	+	8	44725664	28088
chr7	44697576	44897576	harbor2	chr7	44725950	44726265	LTR/ERVL	2137	+	158	44726108	28532
chr7	44697576	44897576	harbor2	chr7	44726864	44726896	LTR/ERVL	2137	+	16	44726880	29304
chr7	44697576	44897576	harbor2	chr7	44727195	44727384	LTR/ERVL	2137	+	94	44727289	29713
chr7	44697576	44897576	harbor2	chr7	44743827	44744194	LTR/ERVL	1958	+	184	44744011	46435
chr7	47569705	47769705	harbor2	chr7	47585495	47585898	LTR/ERVL	2387	+	202	47585697	15992
chr7	47569705	47769705	harbor2	chr7	47586199	47586279	LTR/ERVL	2387	+	40	47586239	16534
chr7	90496247	90696247	harbor2	chr7	90567611	90567846	LTR/ERVL	655	+	118	90567729	71482
chr7	90496247	90696247	harbor2	chr7	90568980	90569279	LTR/ERVL	655	+	150	90569130	72883
chr7	156540425	156740425	harbor2	chr7	156613046	156613580	LTR/ERVL	1483	+	267	156613313	72888
chr7	21327951	21527951	harbor2	chr7	21346665	21347404	LTR/ERVL	2393	+	370	21347035	19084
chr7	21327951	21527951	harbor2	chr7	21348147	21348315	LTR/ERVL	600	+	84	21348231	20280
chr7	21327951	21527951	harbor2	chr7	21350281	21350721	LTR/ERVL	2191	+	220	21350501	22550
chr7	129414069	129614069	harbor2	chr7	129452696	129452865	LTR/ERVL	522	+	84	129452780	38711
chr7	129414069	129614069	harbor2	chr7	129452884	129453011	LTR/ERVL	534	+	64	129452948	38879
chr7	150916077	151116077	harbor2	chr7	150916796	150917155	LTR/ERVL	788	+	180	150916976	899
chr7	150916077	151116077	harbor2	chr7	150922299	150922486	LTR/ERVL	619	+	94	150922393	6316
chr7	150916077	151116077	harbor2	chr7	150927536	150927931	LTR/ERVL	1151	+	198	150927734	11657
chr7	157236951	157436951	harbor2	chr7	157311043	157311086	LTR/ERVL	453	+	22	157311065	74114
chr7	157236951	157436951	harbor2	chr7	157311372	157311456	LTR/ERVL	453	+	42	157311414	74463
chr7	157236951	157436951	harbor2	chr7	157313066	157313301	LTR/ERVL	1390	+	118	157313184	76233
chr7	92428769	92628769	harbor2	chr7	92461139	92461486	LTR/ERVL	1065	+	174	92461313	32544
chr7	92428769	92628769	harbor2	chr7	92478423	92478619	LTR/ERVL	501	+	98	92478521	49752
chr7	92428769	92628769	harbor2	chr7	92485679	92486469	LTR/ERVL	1780	+	395	92486074	57305
chr7	47229182	47429182	harbor2	chr7	47255484	47256356	LTR/ERVL	4698	+	436	47255920	26738
chr7	123649212	123849212	harbor2	chr7	123697669	123698225	LTR/ERVL	2687	+	278	123697947	48735
chr7	26995482	27195482	harbor2	chr7	26996592	26997073	LTR/ERVL	3040	+	240	26996832	1350
chr7	26995482	27195482	harbor2	chr7	26997074	26998333	LTR/ERVL	21201	+	630	26997704	2222
chr7	26995482	27195482	harbor2	chr7	26998385	27000000	LTR/ERVL	21201	+	808	26999193	3711
chr7	26995482	27195482	harbor2	chr7	27008607	27008873	LTR/ERVL	2077	+	133	27008740	13258
chr7	26995482	27195482	harbor2	chr7	27008874	27009322	LTR/ERVL	3575	+	224	27009098	13616
chr7	26995482	27195482	harbor2	chr7	27067665	27068180	LTR/ERVL	1108	+	258	27067923	72441
chr7	26995482	27195482	harbor2	chr7	27000001	27002445	LTR/ERVL	19624	+	1222	27001223	5741
chr7	50204529	50404529	harbor2	chr7	50290068	50290313	LTR/ERVL	1021	+	122	50290190	85661
chr7	50208813	50408813	harbor2	chr7	50290068	50290313	LTR/ERVL	1021	+	122	50290190	81377
chr7	1456489	1656489	harbor2	chr7	1517589	1517724	LTR/ERVL	931	+	68	1517657	61168
chr7	1456489	1656489	harbor2	chr7	1518327	1518504	LTR/ERVL	931	+	88	1518415	61926
chr7	1456489	1656489	harbor2	chr7	1518828	1519245	LTR/ERVL	931	+	208	1519036	62547
chr7	1456489	1656489	harbor2	chr7	1519571	1519629	LTR/ERVL	1348	+	29	1519600	63111
chr7	1456489	1656489	harbor2	chr7	1520244	1520693	LTR/ERVL	1348	+	224	1520468	63979
chr7	47228305	47428305	harbor2	chr7	47255484	47256356	LTR/ERVL	4698	+	436	47255920	27615
chr7	128305619	128505619	harbor2	chr7	128386407	128386928	LTR/ERVL	2235	+	260	128386667	81048
chr7	152811886	153011886	harbor2	chr7	152870333	152870555	LTR/ERVL	507	+	111	152870444	58558
chr7	152811886	153011886	harbor2	chr7	152886842	152887086	LTR/ERVL	1564	+	122	152886964	75078
chr7	152811886	153011886	harbor2	chr7	152887366	152887540	LTR/ERVL	1564	+	87	152887453	75567
chr7	152811886	153011886	harbor2	chr7	152897867	152897978	LTR/ERVL	815	+	56	152897923	86037
chr7	152811886	153011886	harbor2	chr7	152898032	152898342	LTR/ERVL	815	+	155	152898187	86301
chr7	152811886	153011886	harbor2	chr7	152906743	152907218	LTR/ERVL	1035	+	238	152906981	95095
chr7	152811886	153011886	harbor2	chr7	152907536	152907744	LTR/ERVL	815	+	104	152907640	95754
chr7	50249530	50449530	harbor2	chr7	50290068	50290313	LTR/ERVL	1021	+	122	50290190	40660
chr8	23428848	23628848	harbor2	chr8	23476479	23477036	LTR/ERVL	1571	+	278	23476757	47909
chr8	23429416	23629416	harbor2	chr8	23476479	23477036	LTR/ERVL	1571	+	278	23476757	47341
chr8	124273072	124473072	harbor2	chr8	124294704	124295275	LTR/ERVL	1620	+	286	124294990	21918
chr8	124273072	124473072	harbor2	chr8	124354460	124354849	LTR/ERVL	1463	+	194	124354654	81582
chr8	23428811	23628811	harbor2	chr8	23476479	23477036	LTR/ERVL	1571	+	278	23476757	47946
chr8	23439328	23639328	harbor2	chr8	23476479	23477036	LTR/ERVL	1571	+	278	23476757	37429
chr8	23428778	23628778	harbor2	chr8	23476479	23477036	LTR/ERVL	1571	+	278	23476757	47979
chr8	138710558	138910558	harbor2	chr8	138720149	138720597	LTR/ERVL	822	+	224	138720373	9815
chr8	138710558	138910558	harbor2	chr8	138733753	138734264	LTR/ERVL	1519	+	256	138734009	23451
chr8	138710558	138910558	harbor2	chr8	138765485	138766087	LTR/ERVL	2854	+	301	138765786	55228
chr8	142525378	142725378	harbor2	chr8	142554851	142555631	LTR/ERVL	3303	+	390	142555241	29863
chr8	142525378	142725378	harbor2	chr8	142564749	142565392	LTR/ERVL	619	+	322	142565071	39693
chr8	23428784	23628784	harbor2	chr8	23476479	23477036	LTR/ERVL	1571	+	278	23476757	47973
chr8	23428892	23628892	harbor2	chr8	23476479	23477036	LTR/ERVL	1571	+	278	23476757	47865
chr8	23429271	23629271	harbor2	chr8	23476479	23477036	LTR/ERVL	1571	+	278	23476757	47486
chr8	23430686	23630686	harbor2	chr8	23476479	23477036	LTR/ERVL	1571	+	278	23476757	46071
chr8	23429353	23629353	harbor2	chr8	23476479	23477036	LTR/ERVL	1571	+	278	23476757	47404
chr8	23428870	23628870	harbor2	chr8	23476479	23477036	LTR/ERVL	1571	+	278	23476757	47887
chr8	23429241	23629241	harbor2	chr8	23476479	23477036	LTR/ERVL	1571	+	278	23476757	47516
chr8	10823758	11023758	harbor2	chr8	10837025	10837535	LTR/ERVL	2636	+	255	10837280	13522
chr8	23428834	23628834	harbor2	chr8	23476479	23477036	LTR/ERVL	1571	+	278	23476757	47923
chr8	29150120	29350120	harbor2	chr8	29190014	29190918	LTR/ERVL	3913	+	452	29190466	40346
chr8	29150120	29350120	harbor2	chr8	29216998	29217315	LTR/ERVL	428	+	158	29217156	67036
chr8	29150120	29350120	harbor2	chr8	29227986	29228183	LTR/ERVL	1080	+	98	29228084	77964
chr8	29150120	29350120	harbor2	chr8	29228474	29228864	LTR/ERVL	1080	+	195	29228669	78549
chr8	29150120	29350120	harbor2	chr8	29179511	29179998	LTR/ERVL	471	+	244	29179755	29635
chr8	23428832	23628832	harbor2	chr8	23476479	23477036	LTR/ERVL	1571	+	278	23476757	47925
chr8	23428810	23628810	harbor2	chr8	23476479	23477036	LTR/ERVL	1571	+	278	23476757	47947
chr8	23432814	23632814	harbor2	chr8	23476479	23477036	LTR/ERVL	1571	+	278	23476757	43943
chr8	23430803	23630803	harbor2	chr8	23476479	23477036	LTR/ERVL	1571	+	278	23476757	45954
chr8	23428809	23628809	harbor2	chr8	23476479	23477036	LTR/ERVL	1571	+	278	23476757	47948
chr8	23428725	23628725	harbor2	chr8	23476479	23477036	LTR/ERVL	1571	+	278	23476757	48032
chr8	23429172	23629172	harbor2	chr8	23476479	23477036	LTR/ERVL	1571	+	278	23476757	47585
chr8	23428835	23628835	harbor2	chr8	23476479	23477036	LTR/ERVL	1571	+	278	23476757	47922
chr8	23429068	23629068	harbor2	chr8	23476479	23477036	LTR/ERVL	1571	+	278	23476757	47689
chr8	23428926	23628926	harbor2	chr8	23476479	23477036	LTR/ERVL	1571	+	278	23476757	47831
chr8	142524851	142724851	harbor2	chr8	142554851	142555631	LTR/ERVL	3303	+	390	142555241	30390
chr8	142524851	142724851	harbor2	chr8	142564749	142565392	LTR/ERVL	619	+	322	142565071	40220
chr8	23428913	23628913	harbor2	chr8	23476479	23477036	LTR/ERVL	1571	+	278	23476757	47844
chr8	90979035	91179035	harbor2	chr8	91007641	91008180	LTR/ERVL	2810	+	270	91007911	28876
chr8	90979035	91179035	harbor2	chr8	91026021	91026701	LTR/ERVL	2046	+	340	91026361	47326
chr8	90979035	91179035	harbor2	chr8	91026905	91028303	LTR/ERVL	2931	+	699	91027604	48569
chr8	90979035	91179035	harbor2	chr8	91028324	91028799	LTR/ERVL	963	+	238	91028562	49527
chr8	90979035	91179035	harbor2	chr8	91034388	91034825	LTR/ERVL	669	+	218	91034606	55571
chr8	90979035	91179035	harbor2	chr8	91065575	91065663	LTR/ERVL	455	+	44	91065619	86584
chr8	23429294	23629294	harbor2	chr8	23476479	23477036	LTR/ERVL	1571	+	278	23476757	47463
chr8	30073247	30273247	harbor2	chr8	30075384	30075655	LTR/ERVL	440	+	136	30075520	2273
chr8	30073247	30273247	harbor2	chr8	30116679	30117072	LTR/ERVL	1554	+	196	30116875	43628
chr8	30073247	30273247	harbor2	chr8	30154415	30154785	LTR/ERVL	1599	+	185	30154600	81353
chr8	23429109	23629109	harbor2	chr8	23476479	23477036	LTR/ERVL	1571	+	278	23476757	47648
chr8	102557354	102757354	harbor2	chr8	102644172	102644667	LTR/ERVL	2016	+	248	102644420	87066
chr8	23428807	23628807	harbor2	chr8	23476479	23477036	LTR/ERVL	1571	+	278	23476757	47950
chr8	23431300	23631300	harbor2	chr8	23476479	23477036	LTR/ERVL	1571	+	278	23476757	45457
chr8	23428847	23628847	harbor2	chr8	23476479	23477036	LTR/ERVL	1571	+	278	23476757	47910
chr8	23429149	23629149	harbor2	chr8	23476479	23477036	LTR/ERVL	1571	+	278	23476757	47608
chr8	23430721	23630721	harbor2	chr8	23476479	23477036	LTR/ERVL	1571	+	278	23476757	46036
chr8	27226138	27426138	harbor2	chr8	27286695	27287214	LTR/ERVL	1919	+	260	27286955	60817
chr8	27226138	27426138	harbor2	chr8	27312216	27312594	LTR/ERVL	1334	+	189	27312405	86267
chr8	23428862	23628862	harbor2	chr8	23476479	23477036	LTR/ERVL	1571	+	278	23476757	47895
chr8	23429308	23629308	harbor2	chr8	23476479	23477036	LTR/ERVL	1571	+	278	23476757	47449
chr8	90973852	91173852	harbor2	chr8	91007641	91008180	LTR/ERVL	2810	+	270	91007911	34059
chr8	90973852	91173852	harbor2	chr8	91026021	91026701	LTR/ERVL	2046	+	340	91026361	52509
chr8	90973852	91173852	harbor2	chr8	91026905	91028303	LTR/ERVL	2931	+	699	91027604	53752
chr8	90973852	91173852	harbor2	chr8	91028324	91028799	LTR/ERVL	963	+	238	91028562	54710
chr8	90973852	91173852	harbor2	chr8	91034388	91034825	LTR/ERVL	669	+	218	91034606	60754
chr8	90973852	91173852	harbor2	chr8	91065575	91065663	LTR/ERVL	455	+	44	91065619	91767
chr8	23428822	23628822	harbor2	chr8	23476479	23477036	LTR/ERVL	1571	+	278	23476757	47935
chr8	23432595	23632595	harbor2	chr8	23476479	23477036	LTR/ERVL	1571	+	278	23476757	44162
chr8	2870768	3070768	harbor2	chr8	2880427	2880887	LTR/ERVL	1385	+	230	2880657	9889
chr8	2870768	3070768	harbor2	chr8	2882581	2883194	LTR/ERVL	2353	+	306	2882887	12119
chr8	2870768	3070768	harbor2	chr8	2959565	2959955	LTR/ERVL	439	+	195	2959760	88992
chr8	2870768	3070768	harbor2	chr8	2964972	2965319	LTR/ERVL	613	+	174	2965146	94378
chr8	23428886	23628886	harbor2	chr8	23476479	23477036	LTR/ERVL	1571	+	278	23476757	47871
chr8	23428849	23628849	harbor2	chr8	23476479	23477036	LTR/ERVL	1571	+	278	23476757	47908
chr8	23428839	23628839	harbor2	chr8	23476479	23477036	LTR/ERVL	1571	+	278	23476757	47918
chr8	23447867	23647867	harbor2	chr8	23476479	23477036	LTR/ERVL	1571	+	278	23476757	28890
chr8	30013870	30213870	harbor2	chr8	30048922	30048990	LTR/ERVL	430	+	34	30048956	35086
chr8	30013870	30213870	harbor2	chr8	30056873	30057055	LTR/ERVL	779	+	91	30056964	43094
chr8	30013870	30213870	harbor2	chr8	30075384	30075655	LTR/ERVL	440	+	136	30075520	61650
chr8	23428736	23628736	harbor2	chr8	23476479	23477036	LTR/ERVL	1571	+	278	23476757	48021
chr8	23429123	23629123	harbor2	chr8	23476479	23477036	LTR/ERVL	1571	+	278	23476757	47634
chr8	9052098	9252098	harbor2	chr8	9052697	9053007	LTR/ERVL	1888	+	155	9052852	754
chr8	9052098	9252098	harbor2	chr8	9053317	9053786	LTR/ERVL	1888	+	234	9053551	1453
chr8	141003841	141203841	harbor2	chr8	141040908	141041284	LTR/ERVL	900	+	188	141041096	37255
chr8	141003841	141203841	harbor2	chr8	141084124	141084415	LTR/ERVL	481	+	146	141084270	80429
chr8	141003841	141203841	harbor2	chr8	141101663	141101788	LTR/ERVL	454	+	62	141101725	97884
chr8	141003841	141203841	harbor2	chr8	141066023	141066486	LTR/ERVL	1787	+	232	141066255	62414
chr8	143852180	144052180	harbor2	chr8	143875703	143876180	LTR/ERVL	611	+	238	143875941	23761
chr8	143852180	144052180	harbor2	chr8	143911511	143911989	LTR/ERVL	587	+	239	143911750	59570
chr8	143852180	144052180	harbor2	chr8	143912139	143912418	LTR/ERVL	529	+	140	143912279	60099
chr8	143852180	144052180	harbor2	chr8	143913824	143914030	LTR/ERVL	479	+	103	143913927	61747
chr8	23428733	23628733	harbor2	chr8	23476479	23477036	LTR/ERVL	1571	+	278	23476757	48024
chr8	23429202	23629202	harbor2	chr8	23476479	23477036	LTR/ERVL	1571	+	278	23476757	47555
chr8	125678475	125878475	harbor2	chr8	125686736	125687396	LTR/ERVL	1238	+	330	125687066	8591
chr8	125678475	125878475	harbor2	chr8	125704330	125704701	LTR/ERVL	1058	+	186	125704516	26041
chr8	125678475	125878475	harbor2	chr8	125717613	125717942	LTR/ERVL	1142	+	164	125717777	39302
chr8	125678475	125878475	harbor2	chr8	125720248	125720926	LTR/ERVL	2407	+	339	125720587	42112
chr8	125678475	125878475	harbor2	chr8	125721860	125722007	LTR/ERVL	471	+	74	125721934	43459
chr8	125678475	125878475	harbor2	chr8	125726907	125727040	LTR/ERVL	458	+	66	125726973	48498
chr8	125678475	125878475	harbor2	chr8	125734244	125734625	LTR/ERVL	564	+	190	125734434	55959
chr8	125678475	125878475	harbor2	chr8	125735843	125735950	LTR/ERVL	468	+	54	125735897	57422
chr8	125678475	125878475	harbor2	chr8	125736546	125736832	LTR/ERVL	1416	+	143	125736689	58214
chr8	125678475	125878475	harbor2	chr8	125746119	125746558	LTR/ERVL	1206	+	220	125746339	67864
chr8	125678475	125878475	harbor2	chr8	125777585	125777979	LTR/ERVL	979	+	197	125777782	99307
chr8	23430734	23630734	harbor2	chr8	23476479	23477036	LTR/ERVL	1571	+	278	23476757	46023
chr8	8292230	8492230	harbor2	chr8	8314798	8315467	LTR/ERVL	3909	+	334	8315132	22902
chr8	23428636	23628636	harbor2	chr8	23476479	23477036	LTR/ERVL	1571	+	278	23476757	48121
chr8	23428840	23628840	harbor2	chr8	23476479	23477036	LTR/ERVL	1571	+	278	23476757	47917
chr8	27543509	27743509	harbor2	chr8	27591212	27591596	LTR/ERVL	2014	+	192	27591404	47895
chr8	27543509	27743509	harbor2	chr8	27628811	27629300	LTR/ERVL	2239	+	244	27629055	85546
chr8	25085369	25285369	harbor2	chr8	25122545	25123006	LTR/ERVL	1634	+	230	25122775	37406
chr8	25085369	25285369	harbor2	chr8	25123009	25123490	LTR/ERVL	2825	+	240	25123249	37880
chr8	25085369	25285369	harbor2	chr8	25123537	25123863	LTR/ERVL	1891	+	163	25123700	38331
chr8	25085369	25285369	harbor2	chr8	25123926	25124192	LTR/ERVL	1439	+	133	25124059	38690
chr8	25085369	25285369	harbor2	chr8	25124197	25124527	LTR/ERVL	1369	+	165	25124362	38993
chr8	25085369	25285369	harbor2	chr8	25161905	25162072	LTR/ERVL	414	+	84	25161989	76620
chr8	23428828	23628828	harbor2	chr8	23476479	23477036	LTR/ERVL	1571	+	278	23476757	47929
chr8	23428920	23628920	harbor2	chr8	23476479	23477036	LTR/ERVL	1571	+	278	23476757	47837
chr8	29983300	30183300	harbor2	chr8	29983604	29984157	LTR/ERVL	1965	+	276	29983880	580
chr8	29983300	30183300	harbor2	chr8	30005503	30006054	LTR/ERVL	1207	+	276	30005779	22479
chr8	29983300	30183300	harbor2	chr8	30007218	30007318	LTR/ERVL	1207	+	50	30007268	23968
chr8	29983300	30183300	harbor2	chr8	30048922	30048990	LTR/ERVL	430	+	34	30048956	65656
chr8	29983300	30183300	harbor2	chr8	30056873	30057055	LTR/ERVL	779	+	91	30056964	73664
chr8	29983300	30183300	harbor2	chr8	30075384	30075655	LTR/ERVL	440	+	136	30075520	92220
chr8	23428899	23628899	harbor2	chr8	23476479	23477036	LTR/ERVL	1571	+	278	23476757	47858
chr8	23651754	23851754	harbor2	chr8	23675804	23676073	LTR/ERVL	483	+	134	23675938	24184
chr8	41429283	41629283	harbor2	chr8	41431638	41432208	LTR/ERVL	5620	+	285	41431923	2640
chr8	41429283	41629283	harbor2	chr8	41432499	41432837	LTR/ERVL	5620	+	169	41432668	3385
chr8	41429283	41629283	harbor2	chr8	41432839	41433308	LTR/ERVL	2200	+	234	41433073	3790
chr8	41429283	41629283	harbor2	chr8	41433385	41433426	LTR/ERVL	2200	+	20	41433405	4122
chr8	41429283	41629283	harbor2	chr8	41433431	41434046	LTR/ERVL	2549	+	308	41433739	4456
chr8	41429283	41629283	harbor2	chr8	41471190	41471556	LTR/ERVL	2571	+	183	41471373	42090
chr8	41429283	41629283	harbor2	chr8	41471862	41471953	LTR/ERVL	2571	+	46	41471908	42625
chr8	41429283	41629283	harbor2	chr8	41517524	41517945	LTR/ERVL	1022	+	210	41517734	88451
chr8	144280379	144480379	harbor2	chr8	144343454	144343779	LTR/ERVL	533	+	162	144343616	63237
chr8	142682932	142882932	harbor2	chr8	142761500	142762292	LTR/ERVL	3591	+	396	142761896	78964
chr8	48821299	49021299	harbor2	chr8	48846850	48847144	LTR/ERVL	753	+	147	48846997	25698
chr8	48821299	49021299	harbor2	chr8	48861420	48861794	LTR/ERVL	1782	+	187	48861607	40308
chr8	142739966	142939966	harbor2	chr8	142761500	142762292	LTR/ERVL	3591	+	396	142761896	21930
chr8	142739966	142939966	harbor2	chr8	142824544	142824855	LTR/ERVL	1107	+	156	142824700	84734
chr8	142739966	142939966	harbor2	chr8	142836013	142836382	LTR/ERVL	1582	+	184	142836197	96231
chr8	26477941	26677941	harbor2	chr8	26477707	26477996	LTR/ERVL	1586	+	144	26477851	90
chr8	26477941	26677941	harbor2	chr8	26478378	26478458	LTR/ERVL	1586	+	40	26478418	477
chr8	26477941	26677941	harbor2	chr8	26485629	26486111	LTR/ERVL	2095	+	241	26485870	7929
chr8	102203037	102403037	harbor2	chr8	102260068	102260642	LTR/ERVL	1253	+	287	102260355	57318
chr8	102203037	102403037	harbor2	chr8	102202991	102203430	LTR/ERVL	941	+	220	102203211	174
chr8	23456020	23656020	harbor2	chr8	23476479	23477036	LTR/ERVL	1571	+	278	23476757	20737
chr8	142525505	142725505	harbor2	chr8	142554851	142555631	LTR/ERVL	3303	+	390	142555241	29736
chr8	142525505	142725505	harbor2	chr8	142564749	142565392	LTR/ERVL	619	+	322	142565071	39566
chr8	23428854	23628854	harbor2	chr8	23476479	23477036	LTR/ERVL	1571	+	278	23476757	47903
chr8	23428795	23628795	harbor2	chr8	23476479	23477036	LTR/ERVL	1571	+	278	23476757	47962
chr8	143982665	144182665	harbor2	chr8	144075920	144076411	LTR/ERVL	1706	+	246	144076166	93501
chr8	143982665	144182665	harbor2	chr8	144076557	144076683	LTR/ERVL	418	+	63	144076620	93955
chr8	142525504	142725504	harbor2	chr8	142554851	142555631	LTR/ERVL	3303	+	390	142555241	29737
chr8	142525504	142725504	harbor2	chr8	142564749	142565392	LTR/ERVL	619	+	322	142565071	39567
chr8	142956401	143156401	harbor2	chr8	142971883	142972264	LTR/ERVL	1287	+	190	142972073	15672
chr8	142956401	143156401	harbor2	chr8	142984653	142984832	LTR/ERVL	553	+	90	142984743	28342
chr8	142956401	143156401	harbor2	chr8	142985796	142986219	LTR/ERVL	1912	+	212	142986008	29607
chr8	142956401	143156401	harbor2	chr8	142988094	142988543	LTR/ERVL	937	+	224	142988318	31917
chr8	142956401	143156401	harbor2	chr8	143015998	143016152	LTR/ERVL	660	+	77	143016075	59674
chr8	142956401	143156401	harbor2	chr8	143016138	143016305	LTR/ERVL	456	+	84	143016222	59821
chr8	142956401	143156401	harbor2	chr8	143016882	143016954	LTR/ERVL	547	+	36	143016918	60517
chr8	142956401	143156401	harbor2	chr8	143016988	143017196	LTR/ERVL	567	+	104	143017092	60691
chr8	142956401	143156401	harbor2	chr8	143031805	143032468	LTR/ERVL	3082	+	332	143032137	75736
chr8	22818594	23018594	harbor2	chr8	22832738	22833247	LTR/ERVL	1841	+	254	22832992	14398
chr8	22818594	23018594	harbor2	chr8	22880914	22881320	LTR/ERVL	890	+	203	22881117	62523
chr8	22818594	23018594	harbor2	chr8	22882604	22883123	LTR/ERVL	2029	+	260	22882864	64270
chr8	22818594	23018594	harbor2	chr8	22892414	22892581	LTR/ERVL	571	+	84	22892498	73904
chr8	22818594	23018594	harbor2	chr8	22894604	22894828	LTR/ERVL	564	+	112	22894716	76122
chr8	22818594	23018594	harbor2	chr8	22894905	22895168	LTR/ERVL	426	+	132	22895037	76443
chr8	22818594	23018594	harbor2	chr8	22895164	22895447	LTR/ERVL	649	+	142	22895306	76712
chr8	138813637	139013637	harbor2	chr8	138822621	138822965	LTR/ERVL	704	+	172	138822793	9156
chr8	102598762	102798762	harbor2	chr8	102644172	102644667	LTR/ERVL	2016	+	248	102644420	45658
chr8	102598762	102798762	harbor2	chr8	102680478	102680766	LTR/ERVL	1492	+	144	102680622	81860
chr8	102598762	102798762	harbor2	chr8	102680845	102681000	LTR/ERVL	688	+	78	102680923	82161
chr8	23429259	23629259	harbor2	chr8	23476479	23477036	LTR/ERVL	1571	+	278	23476757	47498
chr8	30059382	30259382	harbor2	chr8	30075384	30075655	LTR/ERVL	440	+	136	30075520	16138
chr8	30059382	30259382	harbor2	chr8	30116679	30117072	LTR/ERVL	1554	+	196	30116875	57493
chr8	30059382	30259382	harbor2	chr8	30154415	30154785	LTR/ERVL	1599	+	185	30154600	95218
chr8	30068591	30268591	harbor2	chr8	30075384	30075655	LTR/ERVL	440	+	136	30075520	6929
chr8	30068591	30268591	harbor2	chr8	30116679	30117072	LTR/ERVL	1554	+	196	30116875	48284
chr8	30068591	30268591	harbor2	chr8	30154415	30154785	LTR/ERVL	1599	+	185	30154600	86009
chr8	89884671	90084671	harbor2	chr8	89934372	89934593	LTR/ERVL	532	+	110	89934482	49811
chr8	104533858	104733858	harbor2	chr8	104602058	104602518	LTR/ERVL	2230	+	230	104602288	68430
chr8	23428874	23628874	harbor2	chr8	23476479	23477036	LTR/ERVL	1571	+	278	23476757	47883
chr8	73779046	73979046	harbor2	chr8	73830984	73831122	LTR/ERVL	591	+	69	73831053	52007
chr8	73779046	73979046	harbor2	chr8	73868030	73868798	LTR/ERVL	2960	+	384	73868414	89368
chr8	23744917	23944917	harbor2	chr8	23753623	23754028	LTR/ERVL	1900	+	202	23753825	8908
chr8	23744917	23944917	harbor2	chr8	23784105	23784554	LTR/ERVL	632	+	224	23784329	39412
chr8	138716197	138916197	harbor2	chr8	138720149	138720597	LTR/ERVL	822	+	224	138720373	4176
chr8	138716197	138916197	harbor2	chr8	138733753	138734264	LTR/ERVL	1519	+	256	138734009	17812
chr8	138716197	138916197	harbor2	chr8	138765485	138766087	LTR/ERVL	2854	+	301	138765786	49589
chr9	4884805	5084805	harbor2	chr9	4971442	4971760	LTR/ERVL	1353	+	159	4971601	86796
chr9	4884805	5084805	harbor2	chr9	4972365	4972544	LTR/ERVL	1353	+	90	4972455	87650
chr9	4886038	5086038	harbor2	chr9	4971442	4971760	LTR/ERVL	1353	+	159	4971601	85563
chr9	4886038	5086038	harbor2	chr9	4972365	4972544	LTR/ERVL	1353	+	90	4972455	86417
chr9	4884737	5084737	harbor2	chr9	4971442	4971760	LTR/ERVL	1353	+	159	4971601	86864
chr9	4884737	5084737	harbor2	chr9	4972365	4972544	LTR/ERVL	1353	+	90	4972455	87718
chr9	4884821	5084821	harbor2	chr9	4971442	4971760	LTR/ERVL	1353	+	159	4971601	86780
chr9	4884821	5084821	harbor2	chr9	4972365	4972544	LTR/ERVL	1353	+	90	4972455	87634
chr9	137214575	137414575	harbor2	chr9	137249416	137249649	LTR/ERVL	867	+	116	137249532	34957
chr9	137214575	137414575	harbor2	chr9	137249657	137250192	LTR/ERVL	1825	+	268	137249925	35350
chr9	4886039	5086039	harbor2	chr9	4971442	4971760	LTR/ERVL	1353	+	159	4971601	85562
chr9	4886039	5086039	harbor2	chr9	4972365	4972544	LTR/ERVL	1353	+	90	4972455	86416
chr9	4884782	5084782	harbor2	chr9	4971442	4971760	LTR/ERVL	1353	+	159	4971601	86819
chr9	4884782	5084782	harbor2	chr9	4972365	4972544	LTR/ERVL	1353	+	90	4972455	87673
chr9	21909388	22109388	harbor2	chr9	21920601	21920750	LTR/ERVL	712	+	74	21920675	11287
chr9	4966574	5166574	harbor2	chr9	4971442	4971760	LTR/ERVL	1353	+	159	4971601	5027
chr9	4966574	5166574	harbor2	chr9	4972365	4972544	LTR/ERVL	1353	+	90	4972455	5881
chr9	137214566	137414566	harbor2	chr9	137249416	137249649	LTR/ERVL	867	+	116	137249532	34966
chr9	137214566	137414566	harbor2	chr9	137249657	137250192	LTR/ERVL	1825	+	268	137249925	35359
chr9	4886275	5086275	harbor2	chr9	4971442	4971760	LTR/ERVL	1353	+	159	4971601	85326
chr9	4886275	5086275	harbor2	chr9	4972365	4972544	LTR/ERVL	1353	+	90	4972455	86180
chr9	4692826	4892826	harbor2	chr9	4719472	4719754	LTR/ERVL	1402	+	141	4719613	26787
chr9	4692826	4892826	harbor2	chr9	4767974	4768533	LTR/ERVL	2710	+	280	4768254	75428
chr9	4692826	4892826	harbor2	chr9	4768560	4768598	LTR/ERVL	623	+	19	4768579	75753
chr9	4692826	4892826	harbor2	chr9	4776096	4776156	LTR/ERVL	1756	+	30	4776126	83300
chr9	4692826	4892826	harbor2	chr9	4776449	4776750	LTR/ERVL	1756	+	150	4776599	83773
chr9	4692782	4892782	harbor2	chr9	4719472	4719754	LTR/ERVL	1402	+	141	4719613	26831
chr9	4692782	4892782	harbor2	chr9	4767974	4768533	LTR/ERVL	2710	+	280	4768254	75472
chr9	4692782	4892782	harbor2	chr9	4768560	4768598	LTR/ERVL	623	+	19	4768579	75797
chr9	4692782	4892782	harbor2	chr9	4776096	4776156	LTR/ERVL	1756	+	30	4776126	83344
chr9	4692782	4892782	harbor2	chr9	4776449	4776750	LTR/ERVL	1756	+	150	4776599	83817
chr9	4884843	5084843	harbor2	chr9	4971442	4971760	LTR/ERVL	1353	+	159	4971601	86758
chr9	4884843	5084843	harbor2	chr9	4972365	4972544	LTR/ERVL	1353	+	90	4972455	87612
chr9	4884788	5084788	harbor2	chr9	4971442	4971760	LTR/ERVL	1353	+	159	4971601	86813
chr9	4884788	5084788	harbor2	chr9	4972365	4972544	LTR/ERVL	1353	+	90	4972455	87667
chr9	4692810	4892810	harbor2	chr9	4719472	4719754	LTR/ERVL	1402	+	141	4719613	26803
chr9	4692810	4892810	harbor2	chr9	4767974	4768533	LTR/ERVL	2710	+	280	4768254	75444
chr9	4692810	4892810	harbor2	chr9	4768560	4768598	LTR/ERVL	623	+	19	4768579	75769
chr9	4692810	4892810	harbor2	chr9	4776096	4776156	LTR/ERVL	1756	+	30	4776126	83316
chr9	4692810	4892810	harbor2	chr9	4776449	4776750	LTR/ERVL	1756	+	150	4776599	83789
chr9	4886030	5086030	harbor2	chr9	4971442	4971760	LTR/ERVL	1353	+	159	4971601	85571
chr9	4886030	5086030	harbor2	chr9	4972365	4972544	LTR/ERVL	1353	+	90	4972455	86425
chr9	4884822	5084822	harbor2	chr9	4971442	4971760	LTR/ERVL	1353	+	159	4971601	86779
chr9	4884822	5084822	harbor2	chr9	4972365	4972544	LTR/ERVL	1353	+	90	4972455	87633
chr9	112389442	112589442	harbor2	chr9	112474175	112474321	LTR/ERVL	2525	+	73	112474248	84806
chr9	112389442	112589442	harbor2	chr9	112474401	112474977	LTR/ERVL	2525	+	288	112474689	85247
chr9	112389442	112589442	harbor2	chr9	112483117	112483243	LTR/ERVL	1393	+	63	112483180	93738
chr9	112389442	112589442	harbor2	chr9	112483549	112483647	LTR/ERVL	1393	+	49	112483598	94156
chr9	112389442	112589442	harbor2	chr9	112483945	112484074	LTR/ERVL	1393	+	64	112484009	94567
chr9	4694791	4894791	harbor2	chr9	4719472	4719754	LTR/ERVL	1402	+	141	4719613	24822
chr9	4694791	4894791	harbor2	chr9	4767974	4768533	LTR/ERVL	2710	+	280	4768254	73463
chr9	4694791	4894791	harbor2	chr9	4768560	4768598	LTR/ERVL	623	+	19	4768579	73788
chr9	4694791	4894791	harbor2	chr9	4776096	4776156	LTR/ERVL	1756	+	30	4776126	81335
chr9	4694791	4894791	harbor2	chr9	4776449	4776750	LTR/ERVL	1756	+	150	4776599	81808
chr9	136639478	136839478	harbor2	chr9	136705861	136706339	LTR/ERVL	3741	+	239	136706100	66622
chr9	136639478	136839478	harbor2	chr9	136706959	136707635	LTR/ERVL	3741	+	338	136707297	67819
chr9	136639478	136839478	harbor2	chr9	136707946	136708531	LTR/ERVL	3741	+	292	136708238	68760
chr9	79476304	79676304	harbor2	chr9	79535421	79535886	LTR/ERVL	1983	+	232	79535653	59349
chr9	79476304	79676304	harbor2	chr9	79553267	79553721	LTR/ERVL	2669	+	227	79553494	77190
chr9	4884859	5084859	harbor2	chr9	4971442	4971760	LTR/ERVL	1353	+	159	4971601	86742
chr9	4884859	5084859	harbor2	chr9	4972365	4972544	LTR/ERVL	1353	+	90	4972455	87596
chr9	4884785	5084785	harbor2	chr9	4971442	4971760	LTR/ERVL	1353	+	159	4971601	86816
chr9	4884785	5084785	harbor2	chr9	4972365	4972544	LTR/ERVL	1353	+	90	4972455	87670
chr9	112387666	112587666	harbor2	chr9	112474175	112474321	LTR/ERVL	2525	+	73	112474248	86582
chr9	112387666	112587666	harbor2	chr9	112474401	112474977	LTR/ERVL	2525	+	288	112474689	87023
chr9	112387666	112587666	harbor2	chr9	112483117	112483243	LTR/ERVL	1393	+	63	112483180	95514
chr9	112387666	112587666	harbor2	chr9	112483549	112483647	LTR/ERVL	1393	+	49	112483598	95932
chr9	112387666	112587666	harbor2	chr9	112483945	112484074	LTR/ERVL	1393	+	64	112484009	96343
chr9	4884771	5084771	harbor2	chr9	4971442	4971760	LTR/ERVL	1353	+	159	4971601	86830
chr9	4884771	5084771	harbor2	chr9	4972365	4972544	LTR/ERVL	1353	+	90	4972455	87684
chr9	4885574	5085574	harbor2	chr9	4971442	4971760	LTR/ERVL	1353	+	159	4971601	86027
chr9	4885574	5085574	harbor2	chr9	4972365	4972544	LTR/ERVL	1353	+	90	4972455	86881
chr9	4909381	5109381	harbor2	chr9	4971442	4971760	LTR/ERVL	1353	+	159	4971601	62220
chr9	4909381	5109381	harbor2	chr9	4972365	4972544	LTR/ERVL	1353	+	90	4972455	63074
chr9	4884790	5084790	harbor2	chr9	4971442	4971760	LTR/ERVL	1353	+	159	4971601	86811
chr9	4884790	5084790	harbor2	chr9	4972365	4972544	LTR/ERVL	1353	+	90	4972455	87665
chr9	4692766	4892766	harbor2	chr9	4719472	4719754	LTR/ERVL	1402	+	141	4719613	26847
chr9	4692766	4892766	harbor2	chr9	4767974	4768533	LTR/ERVL	2710	+	280	4768254	75488
chr9	4692766	4892766	harbor2	chr9	4768560	4768598	LTR/ERVL	623	+	19	4768579	75813
chr9	4692766	4892766	harbor2	chr9	4776096	4776156	LTR/ERVL	1756	+	30	4776126	83360
chr9	4692766	4892766	harbor2	chr9	4776449	4776750	LTR/ERVL	1756	+	150	4776599	83833
chr9	4886294	5086294	harbor2	chr9	4971442	4971760	LTR/ERVL	1353	+	159	4971601	85307
chr9	4886294	5086294	harbor2	chr9	4972365	4972544	LTR/ERVL	1353	+	90	4972455	86161
chr9	4692809	4892809	harbor2	chr9	4719472	4719754	LTR/ERVL	1402	+	141	4719613	26804
chr9	4692809	4892809	harbor2	chr9	4767974	4768533	LTR/ERVL	2710	+	280	4768254	75445
chr9	4692809	4892809	harbor2	chr9	4768560	4768598	LTR/ERVL	623	+	19	4768579	75770
chr9	4692809	4892809	harbor2	chr9	4776096	4776156	LTR/ERVL	1756	+	30	4776126	83317
chr9	4692809	4892809	harbor2	chr9	4776449	4776750	LTR/ERVL	1756	+	150	4776599	83790
chr9	4885943	5085943	harbor2	chr9	4971442	4971760	LTR/ERVL	1353	+	159	4971601	85658
chr9	4885943	5085943	harbor2	chr9	4972365	4972544	LTR/ERVL	1353	+	90	4972455	86512
chr9	4884804	5084804	harbor2	chr9	4971442	4971760	LTR/ERVL	1353	+	159	4971601	86797
chr9	4884804	5084804	harbor2	chr9	4972365	4972544	LTR/ERVL	1353	+	90	4972455	87651
chr9	4730682	4930682	harbor2	chr9	4767974	4768533	LTR/ERVL	2710	+	280	4768254	37572
chr9	4730682	4930682	harbor2	chr9	4768560	4768598	LTR/ERVL	623	+	19	4768579	37897
chr9	4730682	4930682	harbor2	chr9	4776096	4776156	LTR/ERVL	1756	+	30	4776126	45444
chr9	4730682	4930682	harbor2	chr9	4776449	4776750	LTR/ERVL	1756	+	150	4776599	45917
chr9	4884786	5084786	harbor2	chr9	4971442	4971760	LTR/ERVL	1353	+	159	4971601	86815
chr9	4884786	5084786	harbor2	chr9	4972365	4972544	LTR/ERVL	1353	+	90	4972455	87669
chr9	4884800	5084800	harbor2	chr9	4971442	4971760	LTR/ERVL	1353	+	159	4971601	86801
chr9	4884800	5084800	harbor2	chr9	4972365	4972544	LTR/ERVL	1353	+	90	4972455	87655
chr9	4884853	5084853	harbor2	chr9	4971442	4971760	LTR/ERVL	1353	+	159	4971601	86748
chr9	4884853	5084853	harbor2	chr9	4972365	4972544	LTR/ERVL	1353	+	90	4972455	87602
chr9	4885772	5085772	harbor2	chr9	4971442	4971760	LTR/ERVL	1353	+	159	4971601	85829
chr9	4885772	5085772	harbor2	chr9	4972365	4972544	LTR/ERVL	1353	+	90	4972455	86683
chr9	4692868	4892868	harbor2	chr9	4719472	4719754	LTR/ERVL	1402	+	141	4719613	26745
chr9	4692868	4892868	harbor2	chr9	4767974	4768533	LTR/ERVL	2710	+	280	4768254	75386
chr9	4692868	4892868	harbor2	chr9	4768560	4768598	LTR/ERVL	623	+	19	4768579	75711
chr9	4692868	4892868	harbor2	chr9	4776096	4776156	LTR/ERVL	1756	+	30	4776126	83258
chr9	4692868	4892868	harbor2	chr9	4776449	4776750	LTR/ERVL	1756	+	150	4776599	83731
chr9	4880270	5080270	harbor2	chr9	4971442	4971760	LTR/ERVL	1353	+	159	4971601	91331
chr9	4880270	5080270	harbor2	chr9	4972365	4972544	LTR/ERVL	1353	+	90	4972455	92185
chr9	111797010	111997010	harbor2	chr9	111870273	111871099	LTR/ERVL	3837	+	413	111870686	73676
chr9	4693721	4893721	harbor2	chr9	4719472	4719754	LTR/ERVL	1402	+	141	4719613	25892
chr9	4693721	4893721	harbor2	chr9	4767974	4768533	LTR/ERVL	2710	+	280	4768254	74533
chr9	4693721	4893721	harbor2	chr9	4768560	4768598	LTR/ERVL	623	+	19	4768579	74858
chr9	4693721	4893721	harbor2	chr9	4776096	4776156	LTR/ERVL	1756	+	30	4776126	82405
chr9	4693721	4893721	harbor2	chr9	4776449	4776750	LTR/ERVL	1756	+	150	4776599	82878
chr9	4884777	5084777	harbor2	chr9	4971442	4971760	LTR/ERVL	1353	+	159	4971601	86824
chr9	4884777	5084777	harbor2	chr9	4972365	4972544	LTR/ERVL	1353	+	90	4972455	87678
chr9	133682117	133882117	harbor2	chr9	133752329	133752682	LTR/ERVL	919	+	176	133752505	70388
chr9	4884851	5084851	harbor2	chr9	4971442	4971760	LTR/ERVL	1353	+	159	4971601	86750
chr9	4884851	5084851	harbor2	chr9	4972365	4972544	LTR/ERVL	1353	+	90	4972455	87604
chr9	22103804	22303804	harbor2	chr9	22148328	22148807	LTR/ERVL	923	+	240	22148568	44764
chr9	22103804	22303804	harbor2	chr9	22153472	22153737	LTR/ERVL	566	+	132	22153604	49800
chr9	4729013	4929013	harbor2	chr9	4767974	4768533	LTR/ERVL	2710	+	280	4768254	39241
chr9	4729013	4929013	harbor2	chr9	4768560	4768598	LTR/ERVL	623	+	19	4768579	39566
chr9	4729013	4929013	harbor2	chr9	4776096	4776156	LTR/ERVL	1756	+	30	4776126	47113
chr9	4729013	4929013	harbor2	chr9	4776449	4776750	LTR/ERVL	1756	+	150	4776599	47586
chr9	4884799	5084799	harbor2	chr9	4971442	4971760	LTR/ERVL	1353	+	159	4971601	86802
chr9	4884799	5084799	harbor2	chr9	4972365	4972544	LTR/ERVL	1353	+	90	4972455	87656
chr9	4884830	5084830	harbor2	chr9	4971442	4971760	LTR/ERVL	1353	+	159	4971601	86771
chr9	4884830	5084830	harbor2	chr9	4972365	4972544	LTR/ERVL	1353	+	90	4972455	87625
chr9	112387642	112587642	harbor2	chr9	112474175	112474321	LTR/ERVL	2525	+	73	112474248	86606
chr9	112387642	112587642	harbor2	chr9	112474401	112474977	LTR/ERVL	2525	+	288	112474689	87047
chr9	112387642	112587642	harbor2	chr9	112483117	112483243	LTR/ERVL	1393	+	63	112483180	95538
chr9	112387642	112587642	harbor2	chr9	112483549	112483647	LTR/ERVL	1393	+	49	112483598	95956
chr9	112387642	112587642	harbor2	chr9	112483945	112484074	LTR/ERVL	1393	+	64	112484009	96367
chr9	4884809	5084809	harbor2	chr9	4971442	4971760	LTR/ERVL	1353	+	159	4971601	86792
chr9	4884809	5084809	harbor2	chr9	4972365	4972544	LTR/ERVL	1353	+	90	4972455	87646
chr9	4692828	4892828	harbor2	chr9	4719472	4719754	LTR/ERVL	1402	+	141	4719613	26785
chr9	4692828	4892828	harbor2	chr9	4767974	4768533	LTR/ERVL	2710	+	280	4768254	75426
chr9	4692828	4892828	harbor2	chr9	4768560	4768598	LTR/ERVL	623	+	19	4768579	75751
chr9	4692828	4892828	harbor2	chr9	4776096	4776156	LTR/ERVL	1756	+	30	4776126	83298
chr9	4692828	4892828	harbor2	chr9	4776449	4776750	LTR/ERVL	1756	+	150	4776599	83771
chr9	134036094	134236094	harbor2	chr9	134111144	134111681	LTR/ERVL	1985	+	268	134111412	75318
chr9	5596372	5796372	harbor2	chr9	5602842	5603034	LTR/ERVL	635	+	96	5602938	6566
chr9	5596372	5796372	harbor2	chr9	5612416	5612776	LTR/ERVL	1266	+	180	5612596	16224
chr9	4886033	5086033	harbor2	chr9	4971442	4971760	LTR/ERVL	1353	+	159	4971601	85568
chr9	4886033	5086033	harbor2	chr9	4972365	4972544	LTR/ERVL	1353	+	90	4972455	86422
chr9	4692895	4892895	harbor2	chr9	4719472	4719754	LTR/ERVL	1402	+	141	4719613	26718
chr9	4692895	4892895	harbor2	chr9	4767974	4768533	LTR/ERVL	2710	+	280	4768254	75359
chr9	4692895	4892895	harbor2	chr9	4768560	4768598	LTR/ERVL	623	+	19	4768579	75684
chr9	4692895	4892895	harbor2	chr9	4776096	4776156	LTR/ERVL	1756	+	30	4776126	83231
chr9	4692895	4892895	harbor2	chr9	4776449	4776750	LTR/ERVL	1756	+	150	4776599	83704
chr9	69292250	69492250	harbor2	chr9	69362600	69363038	LTR/ERVL	3271	+	219	69362819	70569
chr9	4884854	5084854	harbor2	chr9	4971442	4971760	LTR/ERVL	1353	+	159	4971601	86747
chr9	4884854	5084854	harbor2	chr9	4972365	4972544	LTR/ERVL	1353	+	90	4972455	87601
chr9	126781343	126981343	harbor2	chr9	126838486	126838853	LTR/ERVL	1378	+	184	126838670	57327
chr9	4693416	4893416	harbor2	chr9	4719472	4719754	LTR/ERVL	1402	+	141	4719613	26197
chr9	4693416	4893416	harbor2	chr9	4767974	4768533	LTR/ERVL	2710	+	280	4768254	74838
chr9	4693416	4893416	harbor2	chr9	4768560	4768598	LTR/ERVL	623	+	19	4768579	75163
chr9	4693416	4893416	harbor2	chr9	4776096	4776156	LTR/ERVL	1756	+	30	4776126	82710
chr9	4693416	4893416	harbor2	chr9	4776449	4776750	LTR/ERVL	1756	+	150	4776599	83183
chr9	4886098	5086098	harbor2	chr9	4971442	4971760	LTR/ERVL	1353	+	159	4971601	85503
chr9	4886098	5086098	harbor2	chr9	4972365	4972544	LTR/ERVL	1353	+	90	4972455	86357
chr9	4885756	5085756	harbor2	chr9	4971442	4971760	LTR/ERVL	1353	+	159	4971601	85845
chr9	4885756	5085756	harbor2	chr9	4972365	4972544	LTR/ERVL	1353	+	90	4972455	86699
chr9	4693543	4893543	harbor2	chr9	4719472	4719754	LTR/ERVL	1402	+	141	4719613	26070
chr9	4693543	4893543	harbor2	chr9	4767974	4768533	LTR/ERVL	2710	+	280	4768254	74711
chr9	4693543	4893543	harbor2	chr9	4768560	4768598	LTR/ERVL	623	+	19	4768579	75036
chr9	4693543	4893543	harbor2	chr9	4776096	4776156	LTR/ERVL	1756	+	30	4776126	82583
chr9	4693543	4893543	harbor2	chr9	4776449	4776750	LTR/ERVL	1756	+	150	4776599	83056
chr9	4969354	5169354	harbor2	chr9	4971442	4971760	LTR/ERVL	1353	+	159	4971601	2247
chr9	4969354	5169354	harbor2	chr9	4972365	4972544	LTR/ERVL	1353	+	90	4972455	3101
chr9	112387652	112587652	harbor2	chr9	112474175	112474321	LTR/ERVL	2525	+	73	112474248	86596
chr9	112387652	112587652	harbor2	chr9	112474401	112474977	LTR/ERVL	2525	+	288	112474689	87037
chr9	112387652	112587652	harbor2	chr9	112483117	112483243	LTR/ERVL	1393	+	63	112483180	95528
chr9	112387652	112587652	harbor2	chr9	112483549	112483647	LTR/ERVL	1393	+	49	112483598	95946
chr9	112387652	112587652	harbor2	chr9	112483945	112484074	LTR/ERVL	1393	+	64	112484009	96357
chr9	134036118	134236118	harbor2	chr9	134111144	134111681	LTR/ERVL	1985	+	268	134111412	75294
chr9	4884826	5084826	harbor2	chr9	4971442	4971760	LTR/ERVL	1353	+	159	4971601	86775
chr9	4884826	5084826	harbor2	chr9	4972365	4972544	LTR/ERVL	1353	+	90	4972455	87629
chr9	128001718	128201718	harbor2	chr9	128040205	128040322	LTR/ERVL	860	+	58	128040263	38545
chr9	128001718	128201718	harbor2	chr9	128040609	128040625	LTR/ERVL	860	+	8	128040617	38899
chr9	128001718	128201718	harbor2	chr9	128041138	128041197	LTR/ERVL	860	+	30	128041168	39450
chr9	128001718	128201718	harbor2	chr9	128041197	128041713	LTR/ERVL	2930	+	258	128041455	39737
chr9	128001718	128201718	harbor2	chr9	128056204	128056491	LTR/ERVL	1184	+	144	128056348	54630
chr9	128001718	128201718	harbor2	chr9	128056987	128057287	LTR/ERVL	1072	+	150	128057137	55419
chr9	4751660	4951660	harbor2	chr9	4767974	4768533	LTR/ERVL	2710	+	280	4768254	16594
chr9	4751660	4951660	harbor2	chr9	4768560	4768598	LTR/ERVL	623	+	19	4768579	16919
chr9	4751660	4951660	harbor2	chr9	4776096	4776156	LTR/ERVL	1756	+	30	4776126	24466
chr9	4751660	4951660	harbor2	chr9	4776449	4776750	LTR/ERVL	1756	+	150	4776599	24939
chr9	4694621	4894621	harbor2	chr9	4719472	4719754	LTR/ERVL	1402	+	141	4719613	24992
chr9	4694621	4894621	harbor2	chr9	4767974	4768533	LTR/ERVL	2710	+	280	4768254	73633
chr9	4694621	4894621	harbor2	chr9	4768560	4768598	LTR/ERVL	623	+	19	4768579	73958
chr9	4694621	4894621	harbor2	chr9	4776096	4776156	LTR/ERVL	1756	+	30	4776126	81505
chr9	4694621	4894621	harbor2	chr9	4776449	4776750	LTR/ERVL	1756	+	150	4776599	81978
chr9	4886446	5086446	harbor2	chr9	4971442	4971760	LTR/ERVL	1353	+	159	4971601	85155
chr9	4886446	5086446	harbor2	chr9	4972365	4972544	LTR/ERVL	1353	+	90	4972455	86009
chr9	4692744	4892744	harbor2	chr9	4719472	4719754	LTR/ERVL	1402	+	141	4719613	26869
chr9	4692744	4892744	harbor2	chr9	4767974	4768533	LTR/ERVL	2710	+	280	4768254	75510
chr9	4692744	4892744	harbor2	chr9	4768560	4768598	LTR/ERVL	623	+	19	4768579	75835
chr9	4692744	4892744	harbor2	chr9	4776096	4776156	LTR/ERVL	1756	+	30	4776126	83382
chr9	4692744	4892744	harbor2	chr9	4776449	4776750	LTR/ERVL	1756	+	150	4776599	83855
chr9	4693371	4893371	harbor2	chr9	4719472	4719754	LTR/ERVL	1402	+	141	4719613	26242
chr9	4693371	4893371	harbor2	chr9	4767974	4768533	LTR/ERVL	2710	+	280	4768254	74883
chr9	4693371	4893371	harbor2	chr9	4768560	4768598	LTR/ERVL	623	+	19	4768579	75208
chr9	4693371	4893371	harbor2	chr9	4776096	4776156	LTR/ERVL	1756	+	30	4776126	82755
chr9	4693371	4893371	harbor2	chr9	4776449	4776750	LTR/ERVL	1756	+	150	4776599	83228
chr9	133064003	133264003	harbor2	chr9	133156878	133157011	LTR/ERVL	611	+	66	133156944	92941
chr9	133064003	133264003	harbor2	chr9	133157311	133157462	LTR/ERVL	611	+	76	133157387	93384
chr9	4693463	4893463	harbor2	chr9	4719472	4719754	LTR/ERVL	1402	+	141	4719613	26150
chr9	4693463	4893463	harbor2	chr9	4767974	4768533	LTR/ERVL	2710	+	280	4768254	74791
chr9	4693463	4893463	harbor2	chr9	4768560	4768598	LTR/ERVL	623	+	19	4768579	75116
chr9	4693463	4893463	harbor2	chr9	4776096	4776156	LTR/ERVL	1756	+	30	4776126	82663
chr9	4693463	4893463	harbor2	chr9	4776449	4776750	LTR/ERVL	1756	+	150	4776599	83136
chr9	4728727	4928727	harbor2	chr9	4767974	4768533	LTR/ERVL	2710	+	280	4768254	39527
chr9	4728727	4928727	harbor2	chr9	4768560	4768598	LTR/ERVL	623	+	19	4768579	39852
chr9	4728727	4928727	harbor2	chr9	4776096	4776156	LTR/ERVL	1756	+	30	4776126	47399
chr9	4728727	4928727	harbor2	chr9	4776449	4776750	LTR/ERVL	1756	+	150	4776599	47872
chr9	92959665	93159665	harbor2	chr9	92988550	92989012	LTR/ERVL	1881	+	231	92988781	29116
chr9	131575326	131775326	harbor2	chr9	131642266	131642666	LTR/ERVL	1162	+	200	131642466	67140
chr9	131575326	131775326	harbor2	chr9	131665714	131665950	LTR/ERVL	618	+	118	131665832	90506
chr9	4884787	5084787	harbor2	chr9	4971442	4971760	LTR/ERVL	1353	+	159	4971601	86814
chr9	4884787	5084787	harbor2	chr9	4972365	4972544	LTR/ERVL	1353	+	90	4972455	87668
chr9	4885119	5085119	harbor2	chr9	4971442	4971760	LTR/ERVL	1353	+	159	4971601	86482
chr9	4885119	5085119	harbor2	chr9	4972365	4972544	LTR/ERVL	1353	+	90	4972455	87336
chr9	4692900	4892900	harbor2	chr9	4719472	4719754	LTR/ERVL	1402	+	141	4719613	26713
chr9	4692900	4892900	harbor2	chr9	4767974	4768533	LTR/ERVL	2710	+	280	4768254	75354
chr9	4692900	4892900	harbor2	chr9	4768560	4768598	LTR/ERVL	623	+	19	4768579	75679
chr9	4692900	4892900	harbor2	chr9	4776096	4776156	LTR/ERVL	1756	+	30	4776126	83226
chr9	4692900	4892900	harbor2	chr9	4776449	4776750	LTR/ERVL	1756	+	150	4776599	83699
chr9	112422739	112622739	harbor2	chr9	112474175	112474321	LTR/ERVL	2525	+	73	112474248	51509
chr9	112422739	112622739	harbor2	chr9	112474401	112474977	LTR/ERVL	2525	+	288	112474689	51950
chr9	112422739	112622739	harbor2	chr9	112483117	112483243	LTR/ERVL	1393	+	63	112483180	60441
chr9	112422739	112622739	harbor2	chr9	112483549	112483647	LTR/ERVL	1393	+	49	112483598	60859
chr9	112422739	112622739	harbor2	chr9	112483945	112484074	LTR/ERVL	1393	+	64	112484009	61270
chr9	79473605	79673605	harbor2	chr9	79535421	79535886	LTR/ERVL	1983	+	232	79535653	62048
chr9	79473605	79673605	harbor2	chr9	79553267	79553721	LTR/ERVL	2669	+	227	79553494	79889
chr9	4692825	4892825	harbor2	chr9	4719472	4719754	LTR/ERVL	1402	+	141	4719613	26788
chr9	4692825	4892825	harbor2	chr9	4767974	4768533	LTR/ERVL	2710	+	280	4768254	75429
chr9	4692825	4892825	harbor2	chr9	4768560	4768598	LTR/ERVL	623	+	19	4768579	75754
chr9	4692825	4892825	harbor2	chr9	4776096	4776156	LTR/ERVL	1756	+	30	4776126	83301
chr9	4692825	4892825	harbor2	chr9	4776449	4776750	LTR/ERVL	1756	+	150	4776599	83774
chr9	4692909	4892909	harbor2	chr9	4719472	4719754	LTR/ERVL	1402	+	141	4719613	26704
chr9	4692909	4892909	harbor2	chr9	4767974	4768533	LTR/ERVL	2710	+	280	4768254	75345
chr9	4692909	4892909	harbor2	chr9	4768560	4768598	LTR/ERVL	623	+	19	4768579	75670
chr9	4692909	4892909	harbor2	chr9	4776096	4776156	LTR/ERVL	1756	+	30	4776126	83217
chr9	4692909	4892909	harbor2	chr9	4776449	4776750	LTR/ERVL	1756	+	150	4776599	83690
chr9	4693624	4893624	harbor2	chr9	4719472	4719754	LTR/ERVL	1402	+	141	4719613	25989
chr9	4693624	4893624	harbor2	chr9	4767974	4768533	LTR/ERVL	2710	+	280	4768254	74630
chr9	4693624	4893624	harbor2	chr9	4768560	4768598	LTR/ERVL	623	+	19	4768579	74955
chr9	4693624	4893624	harbor2	chr9	4776096	4776156	LTR/ERVL	1756	+	30	4776126	82502
chr9	4693624	4893624	harbor2	chr9	4776449	4776750	LTR/ERVL	1756	+	150	4776599	82975
chr9	4884754	5084754	harbor2	chr9	4971442	4971760	LTR/ERVL	1353	+	159	4971601	86847
chr9	4884754	5084754	harbor2	chr9	4972365	4972544	LTR/ERVL	1353	+	90	4972455	87701
chr9	137029761	137229761	harbor2	chr9	137037577	137037963	LTR/ERVL	2567	+	193	137037770	8009
chr9	137029761	137229761	harbor2	chr9	137038258	137038324	LTR/ERVL	684	+	33	137038291	8530
chr9	4884882	5084882	harbor2	chr9	4971442	4971760	LTR/ERVL	1353	+	159	4971601	86719
chr9	4884882	5084882	harbor2	chr9	4972365	4972544	LTR/ERVL	1353	+	90	4972455	87573
chr9	4692802	4892802	harbor2	chr9	4719472	4719754	LTR/ERVL	1402	+	141	4719613	26811
chr9	4692802	4892802	harbor2	chr9	4767974	4768533	LTR/ERVL	2710	+	280	4768254	75452
chr9	4692802	4892802	harbor2	chr9	4768560	4768598	LTR/ERVL	623	+	19	4768579	75777
chr9	4692802	4892802	harbor2	chr9	4776096	4776156	LTR/ERVL	1756	+	30	4776126	83324
chr9	4692802	4892802	harbor2	chr9	4776449	4776750	LTR/ERVL	1756	+	150	4776599	83797
chr9	4884779	5084779	harbor2	chr9	4971442	4971760	LTR/ERVL	1353	+	159	4971601	86822
chr9	4884779	5084779	harbor2	chr9	4972365	4972544	LTR/ERVL	1353	+	90	4972455	87676
chr9	112387662	112587662	harbor2	chr9	112474175	112474321	LTR/ERVL	2525	+	73	112474248	86586
chr9	112387662	112587662	harbor2	chr9	112474401	112474977	LTR/ERVL	2525	+	288	112474689	87027
chr9	112387662	112587662	harbor2	chr9	112483117	112483243	LTR/ERVL	1393	+	63	112483180	95518
chr9	112387662	112587662	harbor2	chr9	112483549	112483647	LTR/ERVL	1393	+	49	112483598	95936
chr9	112387662	112587662	harbor2	chr9	112483945	112484074	LTR/ERVL	1393	+	64	112484009	96347
chr9	137215322	137415322	harbor2	chr9	137249416	137249649	LTR/ERVL	867	+	116	137249532	34210
chr9	137215322	137415322	harbor2	chr9	137249657	137250192	LTR/ERVL	1825	+	268	137249925	34603
chr9	4693135	4893135	harbor2	chr9	4719472	4719754	LTR/ERVL	1402	+	141	4719613	26478
chr9	4693135	4893135	harbor2	chr9	4767974	4768533	LTR/ERVL	2710	+	280	4768254	75119
chr9	4693135	4893135	harbor2	chr9	4768560	4768598	LTR/ERVL	623	+	19	4768579	75444
chr9	4693135	4893135	harbor2	chr9	4776096	4776156	LTR/ERVL	1756	+	30	4776126	82991
chr9	4693135	4893135	harbor2	chr9	4776449	4776750	LTR/ERVL	1756	+	150	4776599	83464
chr9	4692731	4892731	harbor2	chr9	4719472	4719754	LTR/ERVL	1402	+	141	4719613	26882
chr9	4692731	4892731	harbor2	chr9	4767974	4768533	LTR/ERVL	2710	+	280	4768254	75523
chr9	4692731	4892731	harbor2	chr9	4768560	4768598	LTR/ERVL	623	+	19	4768579	75848
chr9	4692731	4892731	harbor2	chr9	4776096	4776156	LTR/ERVL	1756	+	30	4776126	83395
chr9	4692731	4892731	harbor2	chr9	4776449	4776750	LTR/ERVL	1756	+	150	4776599	83868
chr9	109158501	109358501	harbor2	chr9	109159275	109159388	LTR/ERVL	1661	+	56	109159331	830
chr9	109158501	109358501	harbor2	chr9	109159681	109159987	LTR/ERVL	1661	+	153	109159834	1333
chr9	109158501	109358501	harbor2	chr9	109206716	109207240	LTR/ERVL	1272	+	262	109206978	48477
chr9	109158501	109358501	harbor2	chr9	109226092	109226580	LTR/ERVL	1645	+	244	109226336	67835
chr9	4734149	4934149	harbor2	chr9	4767974	4768533	LTR/ERVL	2710	+	280	4768254	34105
chr9	4734149	4934149	harbor2	chr9	4768560	4768598	LTR/ERVL	623	+	19	4768579	34430
chr9	4734149	4934149	harbor2	chr9	4776096	4776156	LTR/ERVL	1756	+	30	4776126	41977
chr9	4734149	4934149	harbor2	chr9	4776449	4776750	LTR/ERVL	1756	+	150	4776599	42450
chr9	4884735	5084735	harbor2	chr9	4971442	4971760	LTR/ERVL	1353	+	159	4971601	86866
chr9	4884735	5084735	harbor2	chr9	4972365	4972544	LTR/ERVL	1353	+	90	4972455	87720
chr9	133071539	133271539	harbor2	chr9	133156878	133157011	LTR/ERVL	611	+	66	133156944	85405
chr9	133071539	133271539	harbor2	chr9	133157311	133157462	LTR/ERVL	611	+	76	133157387	85848
chr9	4693367	4893367	harbor2	chr9	4719472	4719754	LTR/ERVL	1402	+	141	4719613	26246
chr9	4693367	4893367	harbor2	chr9	4767974	4768533	LTR/ERVL	2710	+	280	4768254	74887
chr9	4693367	4893367	harbor2	chr9	4768560	4768598	LTR/ERVL	623	+	19	4768579	75212
chr9	4693367	4893367	harbor2	chr9	4776096	4776156	LTR/ERVL	1756	+	30	4776126	82759
chr9	4693367	4893367	harbor2	chr9	4776449	4776750	LTR/ERVL	1756	+	150	4776599	83232
chr9	97416346	97616346	harbor2	chr9	97450820	97451300	LTR/ERVL	3654	+	240	97451060	34714
chr9	97416346	97616346	harbor2	chr9	97451592	97451970	LTR/ERVL	3654	+	189	97451781	35435
chr9	137316862	137516862	harbor2	chr9	137332900	137333444	LTR/ERVL	2368	+	272	137333172	16310
chr9	4885199	5085199	harbor2	chr9	4971442	4971760	LTR/ERVL	1353	+	159	4971601	86402
chr9	4885199	5085199	harbor2	chr9	4972365	4972544	LTR/ERVL	1353	+	90	4972455	87256
chr9	137029768	137229768	harbor2	chr9	137037577	137037963	LTR/ERVL	2567	+	193	137037770	8002
chr9	137029768	137229768	harbor2	chr9	137038258	137038324	LTR/ERVL	684	+	33	137038291	8523
chr9	130746613	130946613	harbor2	chr9	130785021	130785220	LTR/ERVL	725	+	100	130785121	38508
chr9	130746613	130946613	harbor2	chr9	130791386	130791939	LTR/ERVL	1926	+	276	130791662	45049
chr9	91323874	91523874	harbor2	chr9	91334212	91334673	LTR/ERVL	1895	+	230	91334442	10568
chr9	91323874	91523874	harbor2	chr9	91346004	91346560	LTR/ERVL	2146	+	278	91346282	22408
chr9	137215188	137415188	harbor2	chr9	137249416	137249649	LTR/ERVL	867	+	116	137249532	34344
chr9	137215188	137415188	harbor2	chr9	137249657	137250192	LTR/ERVL	1825	+	268	137249925	34737
chr9	4900510	5100510	harbor2	chr9	4971442	4971760	LTR/ERVL	1353	+	159	4971601	71091
chr9	4900510	5100510	harbor2	chr9	4972365	4972544	LTR/ERVL	1353	+	90	4972455	71945
chr9	4694263	4894263	harbor2	chr9	4719472	4719754	LTR/ERVL	1402	+	141	4719613	25350
chr9	4694263	4894263	harbor2	chr9	4767974	4768533	LTR/ERVL	2710	+	280	4768254	73991
chr9	4694263	4894263	harbor2	chr9	4768560	4768598	LTR/ERVL	623	+	19	4768579	74316
chr9	4694263	4894263	harbor2	chr9	4776096	4776156	LTR/ERVL	1756	+	30	4776126	81863
chr9	4694263	4894263	harbor2	chr9	4776449	4776750	LTR/ERVL	1756	+	150	4776599	82336
chr9	136610462	136810462	harbor2	chr9	136705861	136706339	LTR/ERVL	3741	+	239	136706100	95638
chr9	136610462	136810462	harbor2	chr9	136706959	136707635	LTR/ERVL	3741	+	338	136707297	96835
chr9	136610462	136810462	harbor2	chr9	136707946	136708531	LTR/ERVL	3741	+	292	136708238	97776
chr9	4692878	4892878	harbor2	chr9	4719472	4719754	LTR/ERVL	1402	+	141	4719613	26735
chr9	4692878	4892878	harbor2	chr9	4767974	4768533	LTR/ERVL	2710	+	280	4768254	75376
chr9	4692878	4892878	harbor2	chr9	4768560	4768598	LTR/ERVL	623	+	19	4768579	75701
chr9	4692878	4892878	harbor2	chr9	4776096	4776156	LTR/ERVL	1756	+	30	4776126	83248
chr9	4692878	4892878	harbor2	chr9	4776449	4776750	LTR/ERVL	1756	+	150	4776599	83721
chr9	4886398	5086398	harbor2	chr9	4971442	4971760	LTR/ERVL	1353	+	159	4971601	85203
chr9	4886398	5086398	harbor2	chr9	4972365	4972544	LTR/ERVL	1353	+	90	4972455	86057
chr9	131637199	131837199	harbor2	chr9	131642266	131642666	LTR/ERVL	1162	+	200	131642466	5267
chr9	131637199	131837199	harbor2	chr9	131665714	131665950	LTR/ERVL	618	+	118	131665832	28633
chr9	91845860	92045860	harbor2	chr9	91893105	91893215	LTR/ERVL	739	+	55	91893160	47300
chr9	91845860	92045860	harbor2	chr9	91893457	91893657	LTR/ERVL	739	+	100	91893557	47697
chr9	91845860	92045860	harbor2	chr9	91927549	91927559	LTR/ERVL	1451	+	5	91927554	81694
chr9	91845860	92045860	harbor2	chr9	91927864	91928391	LTR/ERVL	1451	+	264	91928128	82268
chr9	134036111	134236111	harbor2	chr9	134111144	134111681	LTR/ERVL	1985	+	268	134111412	75301
chr9	133063982	133263982	harbor2	chr9	133156878	133157011	LTR/ERVL	611	+	66	133156944	92962
chr9	133063982	133263982	harbor2	chr9	133157311	133157462	LTR/ERVL	611	+	76	133157387	93405
chr9	5394375	5594375	harbor2	chr9	5409154	5409551	LTR/ERVL	3114	+	198	5409352	14977
chr9	5394375	5594375	harbor2	chr9	5426633	5427005	LTR/ERVL	1336	+	186	5426819	32444
chr9	5394375	5594375	harbor2	chr9	5427701	5427729	LTR/ERVL	1336	+	14	5427715	33340
chr9	5394375	5594375	harbor2	chr9	5428046	5428398	LTR/ERVL	903	+	176	5428222	33847
chr9	5394375	5594375	harbor2	chr9	5429803	5429934	LTR/ERVL	525	+	66	5429869	35494
chr9	5394375	5594375	harbor2	chr9	5429981	5430265	LTR/ERVL	1137	+	142	5430123	35748
chr9	5394375	5594375	harbor2	chr9	5439672	5439974	LTR/ERVL	700	+	151	5439823	45448
chr9	5394375	5594375	harbor2	chr9	5440901	5441332	LTR/ERVL	1027	+	216	5441117	46742
chr9	5394375	5594375	harbor2	chr9	5444193	5444622	LTR/ERVL	1675	+	214	5444407	50032
chr9	99191390	99391390	harbor2	chr9	99235098	99235765	LTR/ERVL	1828	+	334	99235432	44042
chr9	99191390	99391390	harbor2	chr9	99237391	99237825	LTR/ERVL	1920	+	217	99237608	46218
chr9	99191390	99391390	harbor2	chr9	99238185	99238288	LTR/ERVL	1920	+	52	99238237	46847
chr9	67768338	67968338	harbor2	chr9	67783131	67783619	LTR/ERVL	796	+	244	67783375	15037
chr9	67768338	67968338	harbor2	chr9	67804848	67804990	LTR/ERVL	515	+	71	67804919	36581
chr9	67768338	67968338	harbor2	chr9	67805071	67805494	LTR/ERVL	1262	+	212	67805283	36945
chr9	4885182	5085182	harbor2	chr9	4971442	4971760	LTR/ERVL	1353	+	159	4971601	86419
chr9	4885182	5085182	harbor2	chr9	4972365	4972544	LTR/ERVL	1353	+	90	4972455	87273
chr9	4889318	5089318	harbor2	chr9	4971442	4971760	LTR/ERVL	1353	+	159	4971601	82283
chr9	4889318	5089318	harbor2	chr9	4972365	4972544	LTR/ERVL	1353	+	90	4972455	83137
chr9	4884847	5084847	harbor2	chr9	4971442	4971760	LTR/ERVL	1353	+	159	4971601	86754
chr9	4884847	5084847	harbor2	chr9	4972365	4972544	LTR/ERVL	1353	+	90	4972455	87608
chr9	4885867	5085867	harbor2	chr9	4971442	4971760	LTR/ERVL	1353	+	159	4971601	85734
chr9	4885867	5085867	harbor2	chr9	4972365	4972544	LTR/ERVL	1353	+	90	4972455	86588
chr9	4692808	4892808	harbor2	chr9	4719472	4719754	LTR/ERVL	1402	+	141	4719613	26805
chr9	4692808	4892808	harbor2	chr9	4767974	4768533	LTR/ERVL	2710	+	280	4768254	75446
chr9	4692808	4892808	harbor2	chr9	4768560	4768598	LTR/ERVL	623	+	19	4768579	75771
chr9	4692808	4892808	harbor2	chr9	4776096	4776156	LTR/ERVL	1756	+	30	4776126	83318
chr9	4692808	4892808	harbor2	chr9	4776449	4776750	LTR/ERVL	1756	+	150	4776599	83791
chr9	135467518	135667518	harbor2	chr9	135533607	135533793	LTR/ERVL	549	+	93	135533700	66182
chr9	135467518	135667518	harbor2	chr9	135534154	135534605	LTR/ERVL	1391	+	226	135534380	66862
chr9	4886482	5086482	harbor2	chr9	4971442	4971760	LTR/ERVL	1353	+	159	4971601	85119
chr9	4886482	5086482	harbor2	chr9	4972365	4972544	LTR/ERVL	1353	+	90	4972455	85973
chr9	4884812	5084812	harbor2	chr9	4971442	4971760	LTR/ERVL	1353	+	159	4971601	86789
chr9	4884812	5084812	harbor2	chr9	4972365	4972544	LTR/ERVL	1353	+	90	4972455	87643
chr9	4692907	4892907	harbor2	chr9	4719472	4719754	LTR/ERVL	1402	+	141	4719613	26706
chr9	4692907	4892907	harbor2	chr9	4767974	4768533	LTR/ERVL	2710	+	280	4768254	75347
chr9	4692907	4892907	harbor2	chr9	4768560	4768598	LTR/ERVL	623	+	19	4768579	75672
chr9	4692907	4892907	harbor2	chr9	4776096	4776156	LTR/ERVL	1756	+	30	4776126	83219
chr9	4692907	4892907	harbor2	chr9	4776449	4776750	LTR/ERVL	1756	+	150	4776599	83692
chr9	4694161	4894161	harbor2	chr9	4719472	4719754	LTR/ERVL	1402	+	141	4719613	25452
chr9	4694161	4894161	harbor2	chr9	4767974	4768533	LTR/ERVL	2710	+	280	4768254	74093
chr9	4694161	4894161	harbor2	chr9	4768560	4768598	LTR/ERVL	623	+	19	4768579	74418
chr9	4694161	4894161	harbor2	chr9	4776096	4776156	LTR/ERVL	1756	+	30	4776126	81965
chr9	4694161	4894161	harbor2	chr9	4776449	4776750	LTR/ERVL	1756	+	150	4776599	82438
chr9	68607235	68807235	harbor2	chr9	68634248	68634706	LTR/ERVL	1390	+	229	68634477	27242
chr9	68607235	68807235	harbor2	chr9	68661999	68662160	LTR/ERVL	673	+	80	68662079	54844
chr9	68607235	68807235	harbor2	chr9	68663292	68665299	LTR/ERVL	3516	+	1004	68664296	57061
chr9	68607235	68807235	harbor2	chr9	68667709	68668071	LTR/ERVL	1092	+	181	68667890	60655
chr9	68607235	68807235	harbor2	chr9	68671043	68671520	LTR/ERVL	1601	+	238	68671281	64046
chr9	4884845	5084845	harbor2	chr9	4971442	4971760	LTR/ERVL	1353	+	159	4971601	86756
chr9	4884845	5084845	harbor2	chr9	4972365	4972544	LTR/ERVL	1353	+	90	4972455	87610
chr9	4885145	5085145	harbor2	chr9	4971442	4971760	LTR/ERVL	1353	+	159	4971601	86456
chr9	4885145	5085145	harbor2	chr9	4972365	4972544	LTR/ERVL	1353	+	90	4972455	87310
chr9	4886035	5086035	harbor2	chr9	4971442	4971760	LTR/ERVL	1353	+	159	4971601	85566
chr9	4886035	5086035	harbor2	chr9	4972365	4972544	LTR/ERVL	1353	+	90	4972455	86420
chr9	108349469	108549469	harbor2	chr9	108376806	108377073	LTR/ERVL	861	+	134	108376940	27471
chr9	108349469	108549469	harbor2	chr9	108377717	108377977	LTR/ERVL	616	+	130	108377847	28378
chr9	4887289	5087289	harbor2	chr9	4971442	4971760	LTR/ERVL	1353	+	159	4971601	84312
chr9	4887289	5087289	harbor2	chr9	4972365	4972544	LTR/ERVL	1353	+	90	4972455	85166
chr9	4886440	5086440	harbor2	chr9	4971442	4971760	LTR/ERVL	1353	+	159	4971601	85161
chr9	4886440	5086440	harbor2	chr9	4972365	4972544	LTR/ERVL	1353	+	90	4972455	86015
chr9	134036117	134236117	harbor2	chr9	134111144	134111681	LTR/ERVL	1985	+	268	134111412	75295
chr9	4693547	4893547	harbor2	chr9	4719472	4719754	LTR/ERVL	1402	+	141	4719613	26066
chr9	4693547	4893547	harbor2	chr9	4767974	4768533	LTR/ERVL	2710	+	280	4768254	74707
chr9	4693547	4893547	harbor2	chr9	4768560	4768598	LTR/ERVL	623	+	19	4768579	75032
chr9	4693547	4893547	harbor2	chr9	4776096	4776156	LTR/ERVL	1756	+	30	4776126	82579
chr9	4693547	4893547	harbor2	chr9	4776449	4776750	LTR/ERVL	1756	+	150	4776599	83052
chr9	131576456	131776456	harbor2	chr9	131642266	131642666	LTR/ERVL	1162	+	200	131642466	66010
chr9	131576456	131776456	harbor2	chr9	131665714	131665950	LTR/ERVL	618	+	118	131665832	89376
chr9	136300277	136500277	harbor2	chr9	136315240	136315754	LTR/ERVL	1101	+	257	136315497	15220
chr9	136300277	136500277	harbor2	chr9	136316858	136317220	LTR/ERVL	718	+	181	136317039	16762
chr9	136300277	136500277	harbor2	chr9	136317581	136318401	LTR/ERVL	718	+	410	136317991	17714
chr9	4886206	5086206	harbor2	chr9	4971442	4971760	LTR/ERVL	1353	+	159	4971601	85395
chr9	4886206	5086206	harbor2	chr9	4972365	4972544	LTR/ERVL	1353	+	90	4972455	86249
chr9	135951490	136151490	harbor2	chr9	135964526	135964734	LTR/ERVL	538	+	104	135964630	13140
chr9	135951490	136151490	harbor2	chr9	135976221	135976978	LTR/ERVL	2707	+	378	135976599	25109
chr9	4885197	5085197	harbor2	chr9	4971442	4971760	LTR/ERVL	1353	+	159	4971601	86404
chr9	4885197	5085197	harbor2	chr9	4972365	4972544	LTR/ERVL	1353	+	90	4972455	87258
chr9	87628195	87828195	harbor2	chr9	87638913	87639207	LTR/ERVL	795	+	147	87639060	10865
chr9	4692770	4892770	harbor2	chr9	4719472	4719754	LTR/ERVL	1402	+	141	4719613	26843
chr9	4692770	4892770	harbor2	chr9	4767974	4768533	LTR/ERVL	2710	+	280	4768254	75484
chr9	4692770	4892770	harbor2	chr9	4768560	4768598	LTR/ERVL	623	+	19	4768579	75809
chr9	4692770	4892770	harbor2	chr9	4776096	4776156	LTR/ERVL	1756	+	30	4776126	83356
chr9	4692770	4892770	harbor2	chr9	4776449	4776750	LTR/ERVL	1756	+	150	4776599	83829
chr9	97885753	98085753	harbor2	chr9	97965278	97965512	LTR/ERVL	769	+	117	97965395	79642
chr9	4692800	4892800	harbor2	chr9	4719472	4719754	LTR/ERVL	1402	+	141	4719613	26813
chr9	4692800	4892800	harbor2	chr9	4767974	4768533	LTR/ERVL	2710	+	280	4768254	75454
chr9	4692800	4892800	harbor2	chr9	4768560	4768598	LTR/ERVL	623	+	19	4768579	75779
chr9	4692800	4892800	harbor2	chr9	4776096	4776156	LTR/ERVL	1756	+	30	4776126	83326
chr9	4692800	4892800	harbor2	chr9	4776449	4776750	LTR/ERVL	1756	+	150	4776599	83799
chr9	137215164	137415164	harbor2	chr9	137249416	137249649	LTR/ERVL	867	+	116	137249532	34368
chr9	137215164	137415164	harbor2	chr9	137249657	137250192	LTR/ERVL	1825	+	268	137249925	34761
chr9	68619252	68819252	harbor2	chr9	68634248	68634706	LTR/ERVL	1390	+	229	68634477	15225
chr9	68619252	68819252	harbor2	chr9	68661999	68662160	LTR/ERVL	673	+	80	68662079	42827
chr9	68619252	68819252	harbor2	chr9	68663292	68665299	LTR/ERVL	3516	+	1004	68664296	45044
chr9	68619252	68819252	harbor2	chr9	68667709	68668071	LTR/ERVL	1092	+	181	68667890	48638
chr9	68619252	68819252	harbor2	chr9	68671043	68671520	LTR/ERVL	1601	+	238	68671281	52029
chr9	4884895	5084895	harbor2	chr9	4971442	4971760	LTR/ERVL	1353	+	159	4971601	86706
chr9	4884895	5084895	harbor2	chr9	4972365	4972544	LTR/ERVL	1353	+	90	4972455	87560
chr9	85705754	85905754	harbor2	chr9	85724944	85725133	LTR/ERVL	513	+	94	85725038	19284
chr9	85705754	85905754	harbor2	chr9	85730253	85730928	LTR/ERVL	2556	+	338	85730591	24837
chr9	4884866	5084866	harbor2	chr9	4971442	4971760	LTR/ERVL	1353	+	159	4971601	86735
chr9	4884866	5084866	harbor2	chr9	4972365	4972544	LTR/ERVL	1353	+	90	4972455	87589
chr9	4692867	4892867	harbor2	chr9	4719472	4719754	LTR/ERVL	1402	+	141	4719613	26746
chr9	4692867	4892867	harbor2	chr9	4767974	4768533	LTR/ERVL	2710	+	280	4768254	75387
chr9	4692867	4892867	harbor2	chr9	4768560	4768598	LTR/ERVL	623	+	19	4768579	75712
chr9	4692867	4892867	harbor2	chr9	4776096	4776156	LTR/ERVL	1756	+	30	4776126	83259
chr9	4692867	4892867	harbor2	chr9	4776449	4776750	LTR/ERVL	1756	+	150	4776599	83732
chr9	27249897	27449897	harbor2	chr9	27307577	27307999	LTR/ERVL	2458	+	211	27307788	57891
chr9	4692804	4892804	harbor2	chr9	4719472	4719754	LTR/ERVL	1402	+	141	4719613	26809
chr9	4692804	4892804	harbor2	chr9	4767974	4768533	LTR/ERVL	2710	+	280	4768254	75450
chr9	4692804	4892804	harbor2	chr9	4768560	4768598	LTR/ERVL	623	+	19	4768579	75775
chr9	4692804	4892804	harbor2	chr9	4776096	4776156	LTR/ERVL	1756	+	30	4776126	83322
chr9	4692804	4892804	harbor2	chr9	4776449	4776750	LTR/ERVL	1756	+	150	4776599	83795
chr9	4734367	4934367	harbor2	chr9	4767974	4768533	LTR/ERVL	2710	+	280	4768254	33887
chr9	4734367	4934367	harbor2	chr9	4768560	4768598	LTR/ERVL	623	+	19	4768579	34212
chr9	4734367	4934367	harbor2	chr9	4776096	4776156	LTR/ERVL	1756	+	30	4776126	41759
chr9	4734367	4934367	harbor2	chr9	4776449	4776750	LTR/ERVL	1756	+	150	4776599	42232
chr9	4884763	5084763	harbor2	chr9	4971442	4971760	LTR/ERVL	1353	+	159	4971601	86838
chr9	4884763	5084763	harbor2	chr9	4972365	4972544	LTR/ERVL	1353	+	90	4972455	87692
chr9	134617293	134817293	harbor2	chr9	134631242	134631789	LTR/ERVL	1864	+	274	134631516	14223
chr9	134617293	134817293	harbor2	chr9	134647908	134648288	LTR/ERVL	3094	+	190	134648098	30805
chr9	134617293	134817293	harbor2	chr9	134648321	134648377	LTR/ERVL	3094	+	28	134648349	31056
chr9	4692864	4892864	harbor2	chr9	4719472	4719754	LTR/ERVL	1402	+	141	4719613	26749
chr9	4692864	4892864	harbor2	chr9	4767974	4768533	LTR/ERVL	2710	+	280	4768254	75390
chr9	4692864	4892864	harbor2	chr9	4768560	4768598	LTR/ERVL	623	+	19	4768579	75715
chr9	4692864	4892864	harbor2	chr9	4776096	4776156	LTR/ERVL	1756	+	30	4776126	83262
chr9	4692864	4892864	harbor2	chr9	4776449	4776750	LTR/ERVL	1756	+	150	4776599	83735
chr9	87687012	87887012	harbor2	chr9	87753796	87754114	LTR/ERVL	1590	+	159	87753955	66943
chr9	87687012	87887012	harbor2	chr9	87754127	87754502	LTR/ERVL	1457	+	188	87754315	67303
chr9	87687012	87887012	harbor2	chr9	87754802	87754898	LTR/ERVL	1045	+	48	87754850	67838
chr9	105154708	105354708	harbor2	chr9	105179871	105180275	LTR/ERVL	2158	+	202	105180073	25365
chr9	4884860	5084860	harbor2	chr9	4971442	4971760	LTR/ERVL	1353	+	159	4971601	86741
chr9	4884860	5084860	harbor2	chr9	4972365	4972544	LTR/ERVL	1353	+	90	4972455	87595
chr9	4885129	5085129	harbor2	chr9	4971442	4971760	LTR/ERVL	1353	+	159	4971601	86472
chr9	4885129	5085129	harbor2	chr9	4972365	4972544	LTR/ERVL	1353	+	90	4972455	87326
chr9	4692777	4892777	harbor2	chr9	4719472	4719754	LTR/ERVL	1402	+	141	4719613	26836
chr9	4692777	4892777	harbor2	chr9	4767974	4768533	LTR/ERVL	2710	+	280	4768254	75477
chr9	4692777	4892777	harbor2	chr9	4768560	4768598	LTR/ERVL	623	+	19	4768579	75802
chr9	4692777	4892777	harbor2	chr9	4776096	4776156	LTR/ERVL	1756	+	30	4776126	83349
chr9	4692777	4892777	harbor2	chr9	4776449	4776750	LTR/ERVL	1756	+	150	4776599	83822
chr9	137179462	137379462	harbor2	chr9	137249416	137249649	LTR/ERVL	867	+	116	137249532	70070
chr9	137179462	137379462	harbor2	chr9	137249657	137250192	LTR/ERVL	1825	+	268	137249925	70463
chr9	133822376	134022376	harbor2	chr9	133858019	133858593	LTR/ERVL	2083	+	287	133858306	35930
chr9	133822376	134022376	harbor2	chr9	133875764	133876260	LTR/ERVL	1656	+	248	133876012	53636
chr9	4743685	4943685	harbor2	chr9	4767974	4768533	LTR/ERVL	2710	+	280	4768254	24569
chr9	4743685	4943685	harbor2	chr9	4768560	4768598	LTR/ERVL	623	+	19	4768579	24894
chr9	4743685	4943685	harbor2	chr9	4776096	4776156	LTR/ERVL	1756	+	30	4776126	32441
chr9	4743685	4943685	harbor2	chr9	4776449	4776750	LTR/ERVL	1756	+	150	4776599	32914
chr9	4885175	5085175	harbor2	chr9	4971442	4971760	LTR/ERVL	1353	+	159	4971601	86426
chr9	4885175	5085175	harbor2	chr9	4972365	4972544	LTR/ERVL	1353	+	90	4972455	87280
chr9	133678753	133878753	harbor2	chr9	133752329	133752682	LTR/ERVL	919	+	176	133752505	73752
chr9	38155453	38355453	harbor2	chr9	38230829	38231104	LTR/ERVL	870	+	138	38230967	75514
chr9	38155453	38355453	harbor2	chr9	38231327	38231384	LTR/ERVL	870	+	28	38231355	75902
chr9	38155453	38355453	harbor2	chr9	38231700	38231864	LTR/ERVL	870	+	82	38231782	76329
chr9	38155453	38355453	harbor2	chr9	38239223	38239593	LTR/ERVL	1515	+	185	38239408	83955
chr9	137215323	137415323	harbor2	chr9	137249416	137249649	LTR/ERVL	867	+	116	137249532	34209
chr9	137215323	137415323	harbor2	chr9	137249657	137250192	LTR/ERVL	1825	+	268	137249925	34602
chr9	135764685	135964685	harbor2	chr9	135813601	135814096	LTR/ERVL	534	+	248	135813849	49164
chr9	135764685	135964685	harbor2	chr9	135828512	135828741	LTR/ERVL	481	+	114	135828626	63941
chr9	135764685	135964685	harbor2	chr9	135840002	135840307	LTR/ERVL	888	+	152	135840154	75469
chr9	4886443	5086443	harbor2	chr9	4971442	4971760	LTR/ERVL	1353	+	159	4971601	85158
chr9	4886443	5086443	harbor2	chr9	4972365	4972544	LTR/ERVL	1353	+	90	4972455	86012
chr9	4889439	5089439	harbor2	chr9	4971442	4971760	LTR/ERVL	1353	+	159	4971601	82162
chr9	4889439	5089439	harbor2	chr9	4972365	4972544	LTR/ERVL	1353	+	90	4972455	83016
chr9	4889480	5089480	harbor2	chr9	4971442	4971760	LTR/ERVL	1353	+	159	4971601	82121
chr9	4889480	5089480	harbor2	chr9	4972365	4972544	LTR/ERVL	1353	+	90	4972455	82975
chr9	4886329	5086329	harbor2	chr9	4971442	4971760	LTR/ERVL	1353	+	159	4971601	85272
chr9	4886329	5086329	harbor2	chr9	4972365	4972544	LTR/ERVL	1353	+	90	4972455	86126
chr9	4725632	4925632	harbor2	chr9	4767974	4768533	LTR/ERVL	2710	+	280	4768254	42622
chr9	4725632	4925632	harbor2	chr9	4768560	4768598	LTR/ERVL	623	+	19	4768579	42947
chr9	4725632	4925632	harbor2	chr9	4776096	4776156	LTR/ERVL	1756	+	30	4776126	50494
chr9	4725632	4925632	harbor2	chr9	4776449	4776750	LTR/ERVL	1756	+	150	4776599	50967
chr9	4693424	4893424	harbor2	chr9	4719472	4719754	LTR/ERVL	1402	+	141	4719613	26189
chr9	4693424	4893424	harbor2	chr9	4767974	4768533	LTR/ERVL	2710	+	280	4768254	74830
chr9	4693424	4893424	harbor2	chr9	4768560	4768598	LTR/ERVL	623	+	19	4768579	75155
chr9	4693424	4893424	harbor2	chr9	4776096	4776156	LTR/ERVL	1756	+	30	4776126	82702
chr9	4693424	4893424	harbor2	chr9	4776449	4776750	LTR/ERVL	1756	+	150	4776599	83175
chr9	136986144	137186144	harbor2	chr9	137037577	137037963	LTR/ERVL	2567	+	193	137037770	51626
chr9	136986144	137186144	harbor2	chr9	137038258	137038324	LTR/ERVL	684	+	33	137038291	52147
chr9	137214922	137414922	harbor2	chr9	137249416	137249649	LTR/ERVL	867	+	116	137249532	34610
chr9	137214922	137414922	harbor2	chr9	137249657	137250192	LTR/ERVL	1825	+	268	137249925	35003
chr9	133962159	134162159	harbor2	chr9	134005309	134005829	LTR/ERVL	803	+	260	134005569	43410
chr9	133962159	134162159	harbor2	chr9	134010148	134010798	LTR/ERVL	1139	+	325	134010473	48314
chr9	133962159	134162159	harbor2	chr9	134015217	134015458	LTR/ERVL	851	+	120	134015337	53178
chr9	123915711	124115711	harbor2	chr9	123952750	123953032	LTR/ERVL	796	+	141	123952891	37180
chr9	6727745	6927745	harbor2	chr9	6728092	6728247	LTR/ERVL	796	+	78	6728170	425
chr9	6727745	6927745	harbor2	chr9	6729561	6729827	LTR/ERVL	2146	+	133	6729694	1949
chr9	6727745	6927745	harbor2	chr9	6730130	6730282	LTR/ERVL	2146	+	76	6730206	2461
chr9	6727745	6927745	harbor2	chr9	6733191	6733601	LTR/ERVL	2911	+	205	6733396	5651
chr9	6727745	6927745	harbor2	chr9	6734151	6734287	LTR/ERVL	2911	+	68	6734219	6474
chr9	6727745	6927745	harbor2	chr9	6735169	6735390	LTR/ERVL	737	+	110	6735279	7534
chr9	6727745	6927745	harbor2	chr9	6779566	6779760	LTR/ERVL	597	+	97	6779663	51918
chr9	4694515	4894515	harbor2	chr9	4719472	4719754	LTR/ERVL	1402	+	141	4719613	25098
chr9	4694515	4894515	harbor2	chr9	4767974	4768533	LTR/ERVL	2710	+	280	4768254	73739
chr9	4694515	4894515	harbor2	chr9	4768560	4768598	LTR/ERVL	623	+	19	4768579	74064
chr9	4694515	4894515	harbor2	chr9	4776096	4776156	LTR/ERVL	1756	+	30	4776126	81611
chr9	4694515	4894515	harbor2	chr9	4776449	4776750	LTR/ERVL	1756	+	150	4776599	82084
chr9	4884829	5084829	harbor2	chr9	4971442	4971760	LTR/ERVL	1353	+	159	4971601	86772
chr9	4884829	5084829	harbor2	chr9	4972365	4972544	LTR/ERVL	1353	+	90	4972455	87626
chr9	114075574	114275574	harbor2	chr9	114130255	114130554	LTR/ERVL	790	+	150	114130405	54831
chr9	4693490	4893490	harbor2	chr9	4719472	4719754	LTR/ERVL	1402	+	141	4719613	26123
chr9	4693490	4893490	harbor2	chr9	4767974	4768533	LTR/ERVL	2710	+	280	4768254	74764
chr9	4693490	4893490	harbor2	chr9	4768560	4768598	LTR/ERVL	623	+	19	4768579	75089
chr9	4693490	4893490	harbor2	chr9	4776096	4776156	LTR/ERVL	1756	+	30	4776126	82636
chr9	4693490	4893490	harbor2	chr9	4776449	4776750	LTR/ERVL	1756	+	150	4776599	83109
chr9	133793578	133993578	harbor2	chr9	133817874	133818082	LTR/ERVL	2555	+	104	133817978	24400
chr9	133793578	133993578	harbor2	chr9	133818385	133818735	LTR/ERVL	2555	+	175	133818560	24982
chr9	133793578	133993578	harbor2	chr9	133858019	133858593	LTR/ERVL	2083	+	287	133858306	64728
chr9	133793578	133993578	harbor2	chr9	133875764	133876260	LTR/ERVL	1656	+	248	133876012	82434
chr9	4692797	4892797	harbor2	chr9	4719472	4719754	LTR/ERVL	1402	+	141	4719613	26816
chr9	4692797	4892797	harbor2	chr9	4767974	4768533	LTR/ERVL	2710	+	280	4768254	75457
chr9	4692797	4892797	harbor2	chr9	4768560	4768598	LTR/ERVL	623	+	19	4768579	75782
chr9	4692797	4892797	harbor2	chr9	4776096	4776156	LTR/ERVL	1756	+	30	4776126	83329
chr9	4692797	4892797	harbor2	chr9	4776449	4776750	LTR/ERVL	1756	+	150	4776599	83802
chr9	134036096	134236096	harbor2	chr9	134111144	134111681	LTR/ERVL	1985	+	268	134111412	75316
chr9	135957339	136157339	harbor2	chr9	135964526	135964734	LTR/ERVL	538	+	104	135964630	7291
chr9	135957339	136157339	harbor2	chr9	135976221	135976978	LTR/ERVL	2707	+	378	135976599	19260
chr9	4641242	4841242	harbor2	chr9	4719472	4719754	LTR/ERVL	1402	+	141	4719613	78371
chr9	133248112	133448112	harbor2	chr9	133322837	133323088	LTR/ERVL	1119	+	126	133322963	74851
chr9	4884856	5084856	harbor2	chr9	4971442	4971760	LTR/ERVL	1353	+	159	4971601	86745
chr9	4884856	5084856	harbor2	chr9	4972365	4972544	LTR/ERVL	1353	+	90	4972455	87599
chr9	136300276	136500276	harbor2	chr9	136315240	136315754	LTR/ERVL	1101	+	257	136315497	15221
chr9	136300276	136500276	harbor2	chr9	136316858	136317220	LTR/ERVL	718	+	181	136317039	16763
chr9	136300276	136500276	harbor2	chr9	136317581	136318401	LTR/ERVL	718	+	410	136317991	17715
chr9	4692893	4892893	harbor2	chr9	4719472	4719754	LTR/ERVL	1402	+	141	4719613	26720
chr9	4692893	4892893	harbor2	chr9	4767974	4768533	LTR/ERVL	2710	+	280	4768254	75361
chr9	4692893	4892893	harbor2	chr9	4768560	4768598	LTR/ERVL	623	+	19	4768579	75686
chr9	4692893	4892893	harbor2	chr9	4776096	4776156	LTR/ERVL	1756	+	30	4776126	83233
chr9	4692893	4892893	harbor2	chr9	4776449	4776750	LTR/ERVL	1756	+	150	4776599	83706
chr9	4885087	5085087	harbor2	chr9	4971442	4971760	LTR/ERVL	1353	+	159	4971601	86514
chr9	4885087	5085087	harbor2	chr9	4972365	4972544	LTR/ERVL	1353	+	90	4972455	87368
chr9	4694556	4894556	harbor2	chr9	4719472	4719754	LTR/ERVL	1402	+	141	4719613	25057
chr9	4694556	4894556	harbor2	chr9	4767974	4768533	LTR/ERVL	2710	+	280	4768254	73698
chr9	4694556	4894556	harbor2	chr9	4768560	4768598	LTR/ERVL	623	+	19	4768579	74023
chr9	4694556	4894556	harbor2	chr9	4776096	4776156	LTR/ERVL	1756	+	30	4776126	81570
chr9	4694556	4894556	harbor2	chr9	4776449	4776750	LTR/ERVL	1756	+	150	4776599	82043
chr9	135401583	135601583	harbor2	chr9	135456742	135456982	LTR/ERVL	644	+	120	135456862	55279
chr9	4886608	5086608	harbor2	chr9	4971442	4971760	LTR/ERVL	1353	+	159	4971601	84993
chr9	4886608	5086608	harbor2	chr9	4972365	4972544	LTR/ERVL	1353	+	90	4972455	85847
chr9	137214569	137414569	harbor2	chr9	137249416	137249649	LTR/ERVL	867	+	116	137249532	34963
chr9	137214569	137414569	harbor2	chr9	137249657	137250192	LTR/ERVL	1825	+	268	137249925	35356
chr9	4885766	5085766	harbor2	chr9	4971442	4971760	LTR/ERVL	1353	+	159	4971601	85835
chr9	4885766	5085766	harbor2	chr9	4972365	4972544	LTR/ERVL	1353	+	90	4972455	86689
chr9	4692786	4892786	harbor2	chr9	4719472	4719754	LTR/ERVL	1402	+	141	4719613	26827
chr9	4692786	4892786	harbor2	chr9	4767974	4768533	LTR/ERVL	2710	+	280	4768254	75468
chr9	4692786	4892786	harbor2	chr9	4768560	4768598	LTR/ERVL	623	+	19	4768579	75793
chr9	4692786	4892786	harbor2	chr9	4776096	4776156	LTR/ERVL	1756	+	30	4776126	83340
chr9	4692786	4892786	harbor2	chr9	4776449	4776750	LTR/ERVL	1756	+	150	4776599	83813
chr9	134036081	134236081	harbor2	chr9	134111144	134111681	LTR/ERVL	1985	+	268	134111412	75331
chr9	4884865	5084865	harbor2	chr9	4971442	4971760	LTR/ERVL	1353	+	159	4971601	86736
chr9	4884865	5084865	harbor2	chr9	4972365	4972544	LTR/ERVL	1353	+	90	4972455	87590
chr9	108356062	108556062	harbor2	chr9	108376806	108377073	LTR/ERVL	861	+	134	108376940	20878
chr9	108356062	108556062	harbor2	chr9	108377717	108377977	LTR/ERVL	616	+	130	108377847	21785
chr9	99259961	99459961	harbor2	chr9	99354086	99354524	LTR/ERVL	1124	+	219	99354305	94344
chr10	132234146	132434146	harbor2	chr10	132236606	132236781	LTR/ERVL	693	+	88	132236694	2548
chr10	132235038	132435038	harbor2	chr10	132236606	132236781	LTR/ERVL	693	+	88	132236694	1656
chr10	102141600	102341600	harbor2	chr10	102207252	102207551	LTR/ERVL	1170	+	150	102207402	65802
chr10	102141600	102341600	harbor2	chr10	102207863	102208054	LTR/ERVL	1170	+	96	102207959	66359
chr10	102141612	102341612	harbor2	chr10	102207252	102207551	LTR/ERVL	1170	+	150	102207402	65790
chr10	102141612	102341612	harbor2	chr10	102207863	102208054	LTR/ERVL	1170	+	96	102207959	66347
chr10	103893614	104093614	harbor2	chr10	103931636	103931848	LTR/ERVL	728	+	106	103931742	38128
chr10	103893614	104093614	harbor2	chr10	103931985	103932260	LTR/ERVL	1892	+	138	103932123	38509
chr10	103893614	104093614	harbor2	chr10	103932557	103933014	LTR/ERVL	1892	+	228	103932785	39171
chr10	103893614	104093614	harbor2	chr10	103933435	103933609	LTR/ERVL	1892	+	87	103933522	39908
chr10	103893614	104093614	harbor2	chr10	103933601	103934014	LTR/ERVL	1147	+	206	103933807	40193
chr10	103893614	104093614	harbor2	chr10	103983439	103984127	LTR/ERVL	2156	+	344	103983783	90169
chr10	14996869	15196869	harbor2	chr10	15027150	15027409	LTR/ERVL	698	+	130	15027280	30411
chr10	14996869	15196869	harbor2	chr10	15029483	15029999	LTR/ERVL	2589	+	258	15029741	32872
chr10	14996869	15196869	harbor2	chr10	15031986	15032436	LTR/ERVL	3365	+	225	15032211	35342
chr10	14996869	15196869	harbor2	chr10	15092907	15093029	LTR/ERVL	512	+	61	15092968	96099
chr10	14996869	15196869	harbor2	chr10	15093616	15093925	LTR/ERVL	1103	+	154	15093770	96901
chr10	14996869	15196869	harbor2	chr10	15023950	15024438	LTR/ERVL	1055	+	244	15024194	27325
chr10	14779254	14979254	harbor2	chr10	14833194	14833598	LTR/ERVL	1299	+	202	14833396	54142
chr10	14778679	14978679	harbor2	chr10	14833194	14833598	LTR/ERVL	1299	+	202	14833396	54717
chr10	97398820	97598820	harbor2	chr10	97416525	97416845	LTR/ERVL	734	+	160	97416685	17865
chr10	97398820	97598820	harbor2	chr10	97418119	97418131	LTR/ERVL	734	+	6	97418125	19305
chr10	22337523	22537523	harbor2	chr10	22422045	22422318	LTR/ERVL	891	+	136	22422181	84658
chr10	22337523	22537523	harbor2	chr10	22422513	22423020	LTR/ERVL	1081	+	254	22422767	85244
chr10	22337523	22537523	harbor2	chr10	22423056	22423267	LTR/ERVL	1365	+	106	22423162	85639
chr10	22337523	22537523	harbor2	chr10	22423572	22424185	LTR/ERVL	1490	+	306	22423878	86355
chr10	22337523	22537523	harbor2	chr10	22424157	22425533	LTR/ERVL	1914	+	688	22424845	87322
chr10	14778676	14978676	harbor2	chr10	14833194	14833598	LTR/ERVL	1299	+	202	14833396	54720
chr10	132207766	132407766	harbor2	chr10	132236606	132236781	LTR/ERVL	693	+	88	132236694	28928
chr10	132642315	132842315	harbor2	chr10	132672117	132672275	LTR/ERVL	974	+	79	132672196	29881
chr10	97415128	97615128	harbor2	chr10	97416525	97416845	LTR/ERVL	734	+	160	97416685	1557
chr10	97415128	97615128	harbor2	chr10	97418119	97418131	LTR/ERVL	734	+	6	97418125	2997
chr10	97673442	97873442	harbor2	chr10	97695971	97696448	LTR/ERVL	2828	+	238	97696209	22767
chr10	97673442	97873442	harbor2	chr10	97696759	97696829	LTR/ERVL	2828	+	35	97696794	23352
chr10	97673442	97873442	harbor2	chr10	97697148	97697358	LTR/ERVL	2828	+	105	97697253	23811
chr10	97673442	97873442	harbor2	chr10	97698904	97699051	LTR/ERVL	765	+	74	97698978	25536
chr10	97673442	97873442	harbor2	chr10	97699352	97699483	LTR/ERVL	765	+	66	97699418	25976
chr10	97673442	97873442	harbor2	chr10	97701473	97701683	LTR/ERVL	863	+	105	97701578	28136
chr10	97673442	97873442	harbor2	chr10	97701955	97702438	LTR/ERVL	1884	+	242	97702197	28755
chr10	97673442	97873442	harbor2	chr10	97705447	97705640	LTR/ERVL	1183	+	96	97705543	32101
chr10	102141599	102341599	harbor2	chr10	102207252	102207551	LTR/ERVL	1170	+	150	102207402	65803
chr10	102141599	102341599	harbor2	chr10	102207863	102208054	LTR/ERVL	1170	+	96	102207959	66360
chr10	97678598	97878598	harbor2	chr10	97695971	97696448	LTR/ERVL	2828	+	238	97696209	17611
chr10	97678598	97878598	harbor2	chr10	97696759	97696829	LTR/ERVL	2828	+	35	97696794	18196
chr10	97678598	97878598	harbor2	chr10	97697148	97697358	LTR/ERVL	2828	+	105	97697253	18655
chr10	97678598	97878598	harbor2	chr10	97698904	97699051	LTR/ERVL	765	+	74	97698978	20380
chr10	97678598	97878598	harbor2	chr10	97699352	97699483	LTR/ERVL	765	+	66	97699418	20820
chr10	97678598	97878598	harbor2	chr10	97701473	97701683	LTR/ERVL	863	+	105	97701578	22980
chr10	97678598	97878598	harbor2	chr10	97701955	97702438	LTR/ERVL	1884	+	242	97702197	23599
chr10	97678598	97878598	harbor2	chr10	97705447	97705640	LTR/ERVL	1183	+	96	97705543	26945
chr10	97678599	97878599	harbor2	chr10	97695971	97696448	LTR/ERVL	2828	+	238	97696209	17610
chr10	97678599	97878599	harbor2	chr10	97696759	97696829	LTR/ERVL	2828	+	35	97696794	18195
chr10	97678599	97878599	harbor2	chr10	97697148	97697358	LTR/ERVL	2828	+	105	97697253	18654
chr10	97678599	97878599	harbor2	chr10	97698904	97699051	LTR/ERVL	765	+	74	97698978	20379
chr10	97678599	97878599	harbor2	chr10	97699352	97699483	LTR/ERVL	765	+	66	97699418	20819
chr10	97678599	97878599	harbor2	chr10	97701473	97701683	LTR/ERVL	863	+	105	97701578	22979
chr10	97678599	97878599	harbor2	chr10	97701955	97702438	LTR/ERVL	1884	+	242	97702197	23598
chr10	97678599	97878599	harbor2	chr10	97705447	97705640	LTR/ERVL	1183	+	96	97705543	26944
chr10	23340660	23540660	harbor2	chr10	23349544	23349879	LTR/ERVL	869	+	168	23349712	9052
chr10	23340660	23540660	harbor2	chr10	23350180	23350259	LTR/ERVL	869	+	40	23350220	9560
chr10	23340660	23540660	harbor2	chr10	23360877	23361421	LTR/ERVL	2802	+	272	23361149	20489
chr10	23340660	23540660	harbor2	chr10	23375357	23376165	LTR/ERVL	3249	+	404	23375761	35101
chr10	129121176	129321176	harbor2	chr10	129155580	129157222	LTR/ERVL	9959	+	821	129156401	35225
chr10	129121176	129321176	harbor2	chr10	129157231	129157729	LTR/ERVL	2802	+	249	129157480	36304
chr10	129121176	129321176	harbor2	chr10	129157759	129157786	LTR/ERVL	2802	+	14	129157773	36597
chr10	130648896	130848896	harbor2	chr10	130690350	130690798	LTR/ERVL	616	+	224	130690574	41678
chr10	102141615	102341615	harbor2	chr10	102207252	102207551	LTR/ERVL	1170	+	150	102207402	65787
chr10	102141615	102341615	harbor2	chr10	102207863	102208054	LTR/ERVL	1170	+	96	102207959	66344
chr10	101132788	101332788	harbor2	chr10	101156101	101156269	LTR/ERVL	822	+	84	101156185	23397
chr10	101132788	101332788	harbor2	chr10	101176076	101176288	LTR/ERVL	2159	+	106	101176182	43394
chr10	101132788	101332788	harbor2	chr10	101176601	101177023	LTR/ERVL	2159	+	211	101176812	44024
chr10	101132788	101332788	harbor2	chr10	101182998	101183257	LTR/ERVL	1059	+	130	101183128	50340
chr10	101132788	101332788	harbor2	chr10	101188996	101189085	LTR/ERVL	488	+	44	101189040	56252
chr10	97398798	97598798	harbor2	chr10	97416525	97416845	LTR/ERVL	734	+	160	97416685	17887
chr10	97398798	97598798	harbor2	chr10	97418119	97418131	LTR/ERVL	734	+	6	97418125	19327
chr10	75111508	75311508	harbor2	chr10	75206219	75206389	LTR/ERVL	1753	+	85	75206304	94796
chr10	75111508	75311508	harbor2	chr10	75207534	75207864	LTR/ERVL	1753	+	165	75207699	96191
chr10	14778686	14978686	harbor2	chr10	14833194	14833598	LTR/ERVL	1299	+	202	14833396	54710
chr10	132233372	132433372	harbor2	chr10	132236606	132236781	LTR/ERVL	693	+	88	132236694	3322
chr10	131882110	132082110	harbor2	chr10	131910628	131911341	LTR/ERVL	1616	+	356	131910984	28874
chr10	130028498	130228498	harbor2	chr10	130062257	130062791	LTR/ERVL	2138	+	267	130062524	34026
chr10	22337530	22537530	harbor2	chr10	22422045	22422318	LTR/ERVL	891	+	136	22422181	84651
chr10	22337530	22537530	harbor2	chr10	22422513	22423020	LTR/ERVL	1081	+	254	22422767	85237
chr10	22337530	22537530	harbor2	chr10	22423056	22423267	LTR/ERVL	1365	+	106	22423162	85632
chr10	22337530	22537530	harbor2	chr10	22423572	22424185	LTR/ERVL	1490	+	306	22423878	86348
chr10	22337530	22537530	harbor2	chr10	22424157	22425533	LTR/ERVL	1914	+	688	22424845	87315
chr10	122908712	123108712	harbor2	chr10	122917023	122917503	LTR/ERVL	2400	+	240	122917263	8551
chr10	122908712	123108712	harbor2	chr10	122957632	122957849	LTR/ERVL	995	+	108	122957740	49028
chr10	122908712	123108712	harbor2	chr10	122958731	122959212	LTR/ERVL	2343	+	240	122958971	50259
chr10	122908712	123108712	harbor2	chr10	122961313	122961558	LTR/ERVL	948	+	122	122961435	52723
chr10	128440032	128640032	harbor2	chr10	128512955	128513507	LTR/ERVL	481	+	276	128513231	73199
chr10	97398789	97598789	harbor2	chr10	97416525	97416845	LTR/ERVL	734	+	160	97416685	17896
chr10	97398789	97598789	harbor2	chr10	97418119	97418131	LTR/ERVL	734	+	6	97418125	19336
chr10	132207729	132407729	harbor2	chr10	132236606	132236781	LTR/ERVL	693	+	88	132236694	28965
chr10	33635957	33835957	harbor2	chr10	33644310	33644711	LTR/ERVL	932	+	200	33644510	8553
chr10	33635957	33835957	harbor2	chr10	33644771	33644782	LTR/ERVL	514	+	6	33644777	8820
chr10	33635957	33835957	harbor2	chr10	33678353	33678690	LTR/ERVL	1555	+	168	33678521	42564
chr10	33635957	33835957	harbor2	chr10	33724906	33725394	LTR/ERVL	1011	+	244	33725150	89193
chr10	75120756	75320756	harbor2	chr10	75206219	75206389	LTR/ERVL	1753	+	85	75206304	85548
chr10	75120756	75320756	harbor2	chr10	75207534	75207864	LTR/ERVL	1753	+	165	75207699	86943
chr10	132233889	132433889	harbor2	chr10	132236606	132236781	LTR/ERVL	693	+	88	132236694	2805
chr10	43151417	43351417	harbor2	chr10	43222275	43223010	LTR/ERVL	2852	+	368	43222643	71226
chr10	4452699	4652699	harbor2	chr10	4486828	4488265	LTR/ERVL	1492	+	718	4487546	34847
chr10	4452699	4652699	harbor2	chr10	4488561	4488791	LTR/ERVL	846	+	115	4488676	35977
chr10	4452699	4652699	harbor2	chr10	4522410	4522746	LTR/ERVL	571	+	168	4522578	69879
chr10	4452699	4652699	harbor2	chr10	4522772	4524975	LTR/ERVL	2417	+	1102	4523874	71175
chr10	4452699	4652699	harbor2	chr10	4524995	4525470	LTR/ERVL	814	+	238	4525233	72534
chr10	97398825	97598825	harbor2	chr10	97416525	97416845	LTR/ERVL	734	+	160	97416685	17860
chr10	97398825	97598825	harbor2	chr10	97418119	97418131	LTR/ERVL	734	+	6	97418125	19300
chr10	14854787	15054787	harbor2	chr10	14953060	14953257	LTR/ERVL	500	+	98	14953158	98371
chr10	14854787	15054787	harbor2	chr10	14953282	14953680	LTR/ERVL	656	+	199	14953481	98694
chr10	14854787	15054787	harbor2	chr10	14941945	14942419	LTR/ERVL	931	+	237	14942182	87395
chr10	114721684	114921684	harbor2	chr10	114793563	114793955	LTR/ERVL	1659	+	196	114793759	72075
chr10	114721684	114921684	harbor2	chr10	114801597	114801744	LTR/ERVL	472	+	74	114801671	79987
chr10	114721684	114921684	harbor2	chr10	114802955	114802977	LTR/ERVL	8896	+	11	114802966	81282
chr10	114721684	114921684	harbor2	chr10	114803269	114803588	LTR/ERVL	8896	+	160	114803429	81745
chr10	114721684	114921684	harbor2	chr10	114804031	114805893	LTR/ERVL	8896	+	931	114804962	83278
chr10	114721684	114921684	harbor2	chr10	114806175	114807340	LTR/ERVL	8896	+	582	114806757	85073
chr10	114721684	114921684	harbor2	chr10	114809794	114810025	LTR/ERVL	718	+	116	114809910	88226
chr10	114721684	114921684	harbor2	chr10	114810729	114810880	LTR/ERVL	718	+	76	114810805	89121
chr10	97402257	97602257	harbor2	chr10	97416525	97416845	LTR/ERVL	734	+	160	97416685	14428
chr10	97402257	97602257	harbor2	chr10	97418119	97418131	LTR/ERVL	734	+	6	97418125	15868
chr10	69630792	69830792	harbor2	chr10	69694950	69695247	LTR/ERVL	630	+	148	69695098	64306
chr10	14908036	15108036	harbor2	chr10	14953060	14953257	LTR/ERVL	500	+	98	14953158	45122
chr10	14908036	15108036	harbor2	chr10	14953282	14953680	LTR/ERVL	656	+	199	14953481	45445
chr10	14908036	15108036	harbor2	chr10	14973257	14973486	LTR/ERVL	576	+	114	14973371	65335
chr10	14908036	15108036	harbor2	chr10	14941945	14942419	LTR/ERVL	931	+	237	14942182	34146
chr10	14782782	14982782	harbor2	chr10	14833194	14833598	LTR/ERVL	1299	+	202	14833396	50614
chr10	46182801	46382801	harbor2	chr10	46206935	46207209	LTR/ERVL	1533	+	137	46207072	24271
chr10	46182801	46382801	harbor2	chr10	46222719	46222949	LTR/ERVL	1070	+	115	46222834	40033
chr10	133562176	133762176	harbor2	chr10	133598602	133599054	LTR/ERVL	2471	+	226	133598828	36652
chr10	133562176	133762176	harbor2	chr10	133599087	133599119	LTR/ERVL	2471	+	16	133599103	36927
chr10	133562176	133762176	harbor2	chr10	133602600	133603186	LTR/ERVL	1952	+	293	133602893	40717
chr10	71364878	71564878	harbor2	chr10	71378388	71378547	LTR/ERVL	476	+	80	71378468	13590
chr10	71364878	71564878	harbor2	chr10	71378735	71378948	LTR/ERVL	943	+	106	71378841	13963
chr10	71364878	71564878	harbor2	chr10	71393682	71393878	LTR/ERVL	638	+	98	71393780	28902
chr10	68161589	68361589	harbor2	chr10	68238313	68238763	LTR/ERVL	1892	+	225	68238538	76949
chr10	68161589	68361589	harbor2	chr10	68239067	68239194	LTR/ERVL	1892	+	64	68239131	77542
chr10	100085958	100285958	harbor2	chr10	100118590	100118763	LTR/ERVL	678	+	86	100118676	32718
chr10	100085958	100285958	harbor2	chr10	100134627	100135248	LTR/ERVL	1748	+	310	100134937	48979
chr10	100085958	100285958	harbor2	chr10	100175141	100175647	LTR/ERVL	2694	+	253	100175394	89436
chr10	131033279	131233279	harbor2	chr10	131091363	131091761	LTR/ERVL	689	+	199	131091562	58283
chr10	131033279	131233279	harbor2	chr10	131108105	131108598	LTR/ERVL	1364	+	246	131108351	75072
chr10	131033279	131233279	harbor2	chr10	131115032	131115336	LTR/ERVL	1340	+	152	131115184	81905
chr10	131033279	131233279	harbor2	chr10	131122132	131122923	LTR/ERVL	1869	+	396	131122528	89249
chr10	50611910	50811910	harbor2	chr10	50651076	50651619	LTR/ERVL	2270	+	272	50651348	39438
chr10	50611910	50811910	harbor2	chr10	50665815	50666117	LTR/ERVL	615	+	151	50665966	54056
chr10	13710585	13910585	harbor2	chr10	13727337	13727665	LTR/ERVL	946	+	164	13727501	16916
chr10	13710585	13910585	harbor2	chr10	13769270	13769317	LTR/ERVL	2087	+	24	13769294	58709
chr10	13710585	13910585	harbor2	chr10	13769610	13770069	LTR/ERVL	2087	+	230	13769840	59255
chr10	13710585	13910585	harbor2	chr10	13788086	13788571	LTR/ERVL	2006	+	242	13788328	77743
chr10	102144633	102344633	harbor2	chr10	102207252	102207551	LTR/ERVL	1170	+	150	102207402	62769
chr10	102144633	102344633	harbor2	chr10	102207863	102208054	LTR/ERVL	1170	+	96	102207959	63326
chr10	7134719	7334719	harbor2	chr10	7150469	7150644	LTR/ERVL	599	+	88	7150557	15838
chr10	7134719	7334719	harbor2	chr10	7180033	7180123	LTR/ERVL	641	+	45	7180078	45359
chr10	7134719	7334719	harbor2	chr10	7180439	7180685	LTR/ERVL	641	+	123	7180562	45843
chr10	97399300	97599300	harbor2	chr10	97416525	97416845	LTR/ERVL	734	+	160	97416685	17385
chr10	97399300	97599300	harbor2	chr10	97418119	97418131	LTR/ERVL	734	+	6	97418125	18825
chr10	97398808	97598808	harbor2	chr10	97416525	97416845	LTR/ERVL	734	+	160	97416685	17877
chr10	97398808	97598808	harbor2	chr10	97418119	97418131	LTR/ERVL	734	+	6	97418125	19317
chr10	78867019	79067019	harbor2	chr10	78874011	78874558	LTR/ERVL	2181	+	274	78874285	7266
chr10	78867019	79067019	harbor2	chr10	78877076	78877820	LTR/ERVL	1342	+	372	78877448	10429
chr10	78867019	79067019	harbor2	chr10	78945719	78946148	LTR/ERVL	1017	+	214	78945933	78914
chr10	132207745	132407745	harbor2	chr10	132236606	132236781	LTR/ERVL	693	+	88	132236694	28949
chr10	75111469	75311469	harbor2	chr10	75206219	75206389	LTR/ERVL	1753	+	85	75206304	94835
chr10	75111469	75311469	harbor2	chr10	75207534	75207864	LTR/ERVL	1753	+	165	75207699	96230
chr10	47396264	47596264	harbor2	chr10	47458610	47458834	LTR/ERVL	1160	+	112	47458722	62458
chr10	89151733	89351733	harbor2	chr10	89192167	89192414	LTR/ERVL	1906	+	124	89192291	40558
chr10	131149473	131349473	harbor2	chr10	131161416	131162186	LTR/ERVL	1783	+	385	131161801	12328
chr10	22337540	22537540	harbor2	chr10	22422045	22422318	LTR/ERVL	891	+	136	22422181	84641
chr10	22337540	22537540	harbor2	chr10	22422513	22423020	LTR/ERVL	1081	+	254	22422767	85227
chr10	22337540	22537540	harbor2	chr10	22423056	22423267	LTR/ERVL	1365	+	106	22423162	85622
chr10	22337540	22537540	harbor2	chr10	22423572	22424185	LTR/ERVL	1490	+	306	22423878	86338
chr10	22337540	22537540	harbor2	chr10	22424157	22425533	LTR/ERVL	1914	+	688	22424845	87305
chr10	102141601	102341601	harbor2	chr10	102207252	102207551	LTR/ERVL	1170	+	150	102207402	65801
chr10	102141601	102341601	harbor2	chr10	102207863	102208054	LTR/ERVL	1170	+	96	102207959	66358
chr10	132233777	132433777	harbor2	chr10	132236606	132236781	LTR/ERVL	693	+	88	132236694	2917
chr10	131311786	131511786	harbor2	chr10	131378281	131378594	LTR/ERVL	878	+	156	131378437	66651
chr10	131311786	131511786	harbor2	chr10	131400841	131401289	LTR/ERVL	1866	+	224	131401065	89279
chr10	14778685	14978685	harbor2	chr10	14833194	14833598	LTR/ERVL	1299	+	202	14833396	54711
chr10	131334696	131534696	harbor2	chr10	131378281	131378594	LTR/ERVL	878	+	156	131378437	43741
chr10	131334696	131534696	harbor2	chr10	131400841	131401289	LTR/ERVL	1866	+	224	131401065	66369
chr10	31829542	32029542	harbor2	chr10	31902771	31903084	LTR/ERVL	1382	+	156	31902927	73385
chr10	131311983	131511983	harbor2	chr10	131378281	131378594	LTR/ERVL	878	+	156	131378437	66454
chr10	131311983	131511983	harbor2	chr10	131400841	131401289	LTR/ERVL	1866	+	224	131401065	89082
chr10	14778673	14978673	harbor2	chr10	14833194	14833598	LTR/ERVL	1299	+	202	14833396	54723
chr10	46006333	46206333	harbor2	chr10	46104397	46104672	LTR/ERVL	550	+	138	46104535	98202
chr10	132233702	132433702	harbor2	chr10	132236606	132236781	LTR/ERVL	693	+	88	132236694	2992
chr10	72525952	72725952	harbor2	chr10	72606611	72607058	LTR/ERVL	2312	+	224	72606835	80883
chr10	72525952	72725952	harbor2	chr10	72607657	72607970	LTR/ERVL	2312	+	156	72607813	81861
chr10	131312053	131512053	harbor2	chr10	131378281	131378594	LTR/ERVL	878	+	156	131378437	66384
chr10	131312053	131512053	harbor2	chr10	131400841	131401289	LTR/ERVL	1866	+	224	131401065	89012
chr10	129341078	129541078	harbor2	chr10	129421627	129421885	LTR/ERVL	622	+	129	129421756	80678
chr10	131329172	131529172	harbor2	chr10	131378281	131378594	LTR/ERVL	878	+	156	131378437	49265
chr10	131329172	131529172	harbor2	chr10	131400841	131401289	LTR/ERVL	1866	+	224	131401065	71893
chr10	97402365	97602365	harbor2	chr10	97416525	97416845	LTR/ERVL	734	+	160	97416685	14320
chr10	97402365	97602365	harbor2	chr10	97418119	97418131	LTR/ERVL	734	+	6	97418125	15760
chr10	14778687	14978687	harbor2	chr10	14833194	14833598	LTR/ERVL	1299	+	202	14833396	54709
chr10	102141624	102341624	harbor2	chr10	102207252	102207551	LTR/ERVL	1170	+	150	102207402	65778
chr10	102141624	102341624	harbor2	chr10	102207863	102208054	LTR/ERVL	1170	+	96	102207959	66335
chr10	30719277	30919277	harbor2	chr10	30738940	30738960	LTR/ERVL	476	+	10	30738950	19673
chr10	30719277	30919277	harbor2	chr10	30739664	30739913	LTR/ERVL	1406	+	124	30739788	20511
chr10	30719277	30919277	harbor2	chr10	30740209	30740315	LTR/ERVL	1406	+	53	30740262	20985
chr10	30719277	30919277	harbor2	chr10	30740389	30740546	LTR/ERVL	691	+	78	30740467	21190
chr10	30719277	30919277	harbor2	chr10	30779489	30779913	LTR/ERVL	1009	+	212	30779701	60424
chr10	30719277	30919277	harbor2	chr10	30792697	30793064	LTR/ERVL	1054	+	184	30792881	73604
chr10	30719277	30919277	harbor2	chr10	30796101	30796538	LTR/ERVL	814	+	218	30796319	77042
chr10	30719277	30919277	harbor2	chr10	30796586	30796857	LTR/ERVL	548	+	136	30796722	77445
chr10	30719277	30919277	harbor2	chr10	30796871	30797260	LTR/ERVL	999	+	194	30797065	77788
chr10	132209133	132409133	harbor2	chr10	132236606	132236781	LTR/ERVL	693	+	88	132236694	27561
chr10	132208982	132408982	harbor2	chr10	132236606	132236781	LTR/ERVL	693	+	88	132236694	27712
chr10	43456881	43656881	harbor2	chr10	43506142	43506231	LTR/ERVL	1856	+	44	43506186	49305
chr10	43456881	43656881	harbor2	chr10	43506532	43506867	LTR/ERVL	1856	+	168	43506700	49819
chr10	43456881	43656881	harbor2	chr10	43507837	43508293	LTR/ERVL	1975	+	228	43508065	51184
chr10	43456881	43656881	harbor2	chr10	43508301	43508526	LTR/ERVL	1994	+	112	43508413	51532
chr10	43456881	43656881	harbor2	chr10	43508868	43508924	LTR/ERVL	1994	+	28	43508896	52015
chr10	43456881	43656881	harbor2	chr10	43509210	43509420	LTR/ERVL	1994	+	105	43509315	52434
chr10	43456881	43656881	harbor2	chr10	43516880	43518522	LTR/ERVL	8892	+	821	43517701	60820
chr10	14778684	14978684	harbor2	chr10	14833194	14833598	LTR/ERVL	1299	+	202	14833396	54712
chr11	5127098	5327098	harbor2	chr11	5147269	5147661	LTR/ERVL	1627	+	196	5147465	20367
chr11	6471157	6671157	harbor2	chr11	6491888	6492463	LTR/ERVL	1557	+	288	6492176	21019
chr11	6471157	6671157	harbor2	chr11	6504205	6504445	LTR/ERVL	738	+	120	6504325	33168
chr11	6471157	6671157	harbor2	chr11	6504752	6504826	LTR/ERVL	433	+	37	6504789	33632
chr11	6471157	6671157	harbor2	chr11	6505131	6505234	LTR/ERVL	433	+	52	6505183	34026
chr11	6471157	6671157	harbor2	chr11	6505562	6505648	LTR/ERVL	460	+	43	6505605	34448
chr11	6471157	6671157	harbor2	chr11	6515483	6515723	LTR/ERVL	588	+	120	6515603	44446
chr11	6471157	6671157	harbor2	chr11	6527915	6528042	LTR/ERVL	434	+	64	6527979	56822
chr11	6471157	6671157	harbor2	chr11	6554997	6555199	LTR/ERVL	1918	+	101	6555098	83941
chr11	6471157	6671157	harbor2	chr11	6555247	6555401	LTR/ERVL	1918	+	77	6555324	84167
chr11	6471157	6671157	harbor2	chr11	6555402	6555596	LTR/ERVL	1448	+	97	6555499	84342
chr11	5127138	5327138	harbor2	chr11	5147269	5147661	LTR/ERVL	1627	+	196	5147465	20327
chr11	5127141	5327141	harbor2	chr11	5147269	5147661	LTR/ERVL	1627	+	196	5147465	20324
chr11	5127548	5327548	harbor2	chr11	5147269	5147661	LTR/ERVL	1627	+	196	5147465	19917
chr11	76587360	76787360	harbor2	chr11	76644567	76645358	LTR/ERVL	3866	+	396	76644963	57603
chr11	5127182	5327182	harbor2	chr11	5147269	5147661	LTR/ERVL	1627	+	196	5147465	20283
chr11	5270094	5470094	harbor2	chr11	5336108	5336591	LTR/ERVL	2440	+	242	5336350	66256
chr11	5127157	5327157	harbor2	chr11	5147269	5147661	LTR/ERVL	1627	+	196	5147465	20308
chr11	5128062	5328062	harbor2	chr11	5147269	5147661	LTR/ERVL	1627	+	196	5147465	19403
chr11	73042807	73242807	harbor2	chr11	73050583	73050892	LTR/ERVL	662	+	154	73050737	7930
chr11	73042807	73242807	harbor2	chr11	73054284	73054568	LTR/ERVL	994	+	142	73054426	11619
chr11	73042807	73242807	harbor2	chr11	73092809	73093462	LTR/ERVL	2474	+	326	73093135	50328
chr11	5127137	5327137	harbor2	chr11	5147269	5147661	LTR/ERVL	1627	+	196	5147465	20328
chr11	5135292	5335292	harbor2	chr11	5147269	5147661	LTR/ERVL	1627	+	196	5147465	12173
chr11	24165672	24365672	harbor2	chr11	24207089	24207199	LTR/ERVL	410	+	55	24207144	41472
chr11	24165672	24365672	harbor2	chr11	24226694	24227221	LTR/ERVL	689	+	264	24226958	61286
chr11	5127495	5327495	harbor2	chr11	5147269	5147661	LTR/ERVL	1627	+	196	5147465	19970
chr11	5191443	5391443	harbor2	chr11	5238617	5239149	LTR/ERVL	570	+	266	5238883	47440
chr11	5128051	5328051	harbor2	chr11	5147269	5147661	LTR/ERVL	1627	+	196	5147465	19414
chr11	5134388	5334388	harbor2	chr11	5147269	5147661	LTR/ERVL	1627	+	196	5147465	13077
chr11	5128327	5328327	harbor2	chr11	5147269	5147661	LTR/ERVL	1627	+	196	5147465	19138
chr11	76580960	76780960	harbor2	chr11	76644567	76645358	LTR/ERVL	3866	+	396	76644963	64003
chr11	5127140	5327140	harbor2	chr11	5147269	5147661	LTR/ERVL	1627	+	196	5147465	20325
chr11	5134538	5334538	harbor2	chr11	5147269	5147661	LTR/ERVL	1627	+	196	5147465	12927
chr11	5134084	5334084	harbor2	chr11	5147269	5147661	LTR/ERVL	1627	+	196	5147465	13381
chr11	5134540	5334540	harbor2	chr11	5147269	5147661	LTR/ERVL	1627	+	196	5147465	12925
chr11	5127159	5327159	harbor2	chr11	5147269	5147661	LTR/ERVL	1627	+	196	5147465	20306
chr11	32346594	32546594	harbor2	chr11	32374283	32375116	LTR/ERVL	2334	+	416	32374699	28105
chr11	5134020	5334020	harbor2	chr11	5147269	5147661	LTR/ERVL	1627	+	196	5147465	13445
chr11	108021913	108221913	harbor2	chr11	108041018	108041268	LTR/ERVL	805	+	125	108041143	19230
chr11	5133982	5333982	harbor2	chr11	5147269	5147661	LTR/ERVL	1627	+	196	5147465	13483
chr11	5128415	5328415	harbor2	chr11	5147269	5147661	LTR/ERVL	1627	+	196	5147465	19050
chr11	6373185	6573185	harbor2	chr11	6380213	6381235	LTR/ERVL	2806	+	511	6380724	7539
chr11	6373185	6573185	harbor2	chr11	6384117	6384333	LTR/ERVL	957	+	108	6384225	11040
chr11	6373185	6573185	harbor2	chr11	6426518	6427003	LTR/ERVL	459	+	242	6426760	53575
chr11	5134352	5334352	harbor2	chr11	5147269	5147661	LTR/ERVL	1627	+	196	5147465	13113
chr11	5226186	5426186	harbor2	chr11	5238617	5239149	LTR/ERVL	570	+	266	5238883	12697
chr11	5134552	5334552	harbor2	chr11	5147269	5147661	LTR/ERVL	1627	+	196	5147465	12913
chr11	5201291	5401291	harbor2	chr11	5238617	5239149	LTR/ERVL	570	+	266	5238883	37592
chr11	5127124	5327124	harbor2	chr11	5147269	5147661	LTR/ERVL	1627	+	196	5147465	20341
chr11	108021542	108221542	harbor2	chr11	108041018	108041268	LTR/ERVL	805	+	125	108041143	19601
chr11	5176047	5376047	harbor2	chr11	5238617	5239149	LTR/ERVL	570	+	266	5238883	62836
chr11	5137986	5337986	harbor2	chr11	5147269	5147661	LTR/ERVL	1627	+	196	5147465	9479
chr11	5141739	5341739	harbor2	chr11	5147269	5147661	LTR/ERVL	1627	+	196	5147465	5726
chr11	5141739	5341739	harbor2	chr11	5238617	5239149	LTR/ERVL	570	+	266	5238883	97144
chr11	5175971	5375971	harbor2	chr11	5238617	5239149	LTR/ERVL	570	+	266	5238883	62912
chr11	5127119	5327119	harbor2	chr11	5147269	5147661	LTR/ERVL	1627	+	196	5147465	20346
chr11	5128030	5328030	harbor2	chr11	5147269	5147661	LTR/ERVL	1627	+	196	5147465	19435
chr11	5127097	5327097	harbor2	chr11	5147269	5147661	LTR/ERVL	1627	+	196	5147465	20368
chr11	5127546	5327546	harbor2	chr11	5147269	5147661	LTR/ERVL	1627	+	196	5147465	19919
chr11	5127094	5327094	harbor2	chr11	5147269	5147661	LTR/ERVL	1627	+	196	5147465	20371
chr11	5140721	5340721	harbor2	chr11	5147269	5147661	LTR/ERVL	1627	+	196	5147465	6744
chr11	5140721	5340721	harbor2	chr11	5238617	5239149	LTR/ERVL	570	+	266	5238883	98162
chr11	76580967	76780967	harbor2	chr11	76644567	76645358	LTR/ERVL	3866	+	396	76644963	63996
chr11	20632633	20832633	harbor2	chr11	20662377	20662514	LTR/ERVL	430	+	68	20662445	29812
chr11	128776611	128976611	harbor2	chr11	128870570	128870882	LTR/ERVL	861	+	156	128870726	94115
chr11	128776611	128976611	harbor2	chr11	128872914	128873075	LTR/ERVL	512	+	80	128872994	96383
chr11	5127985	5327985	harbor2	chr11	5147269	5147661	LTR/ERVL	1627	+	196	5147465	19480
chr11	115396578	115596578	harbor2	chr11	115447426	115448102	LTR/ERVL	2859	+	338	115447764	51186
chr11	5134553	5334553	harbor2	chr11	5147269	5147661	LTR/ERVL	1627	+	196	5147465	12912
chr11	44479732	44679732	harbor2	chr11	44492028	44492452	LTR/ERVL	1558	+	212	44492240	12508
chr11	44479732	44679732	harbor2	chr11	44492774	44493247	LTR/ERVL	777	+	236	44493010	13278
chr11	44479732	44679732	harbor2	chr11	44493267	44493536	LTR/ERVL	979	+	134	44493401	13669
chr11	44479732	44679732	harbor2	chr11	44493524	44494352	LTR/ERVL	2214	+	414	44493938	14206
chr11	44479732	44679732	harbor2	chr11	44494385	44495380	LTR/ERVL	2776	+	498	44494883	15151
chr11	44479732	44679732	harbor2	chr11	44544093	44544464	LTR/ERVL	2417	+	186	44544279	64547
chr11	44479732	44679732	harbor2	chr11	44550256	44550636	LTR/ERVL	2790	+	190	44550446	70714
chr11	44479732	44679732	harbor2	chr11	44551020	44551089	LTR/ERVL	2790	+	34	44551054	71322
chr11	44479732	44679732	harbor2	chr11	44544590	44550255	LTR/ERVL	43992	+	2832	44547422	67690
chr11	5127528	5327528	harbor2	chr11	5147269	5147661	LTR/ERVL	1627	+	196	5147465	19937
chr11	5127122	5327122	harbor2	chr11	5147269	5147661	LTR/ERVL	1627	+	196	5147465	20343
chr11	5181711	5381711	harbor2	chr11	5238617	5239149	LTR/ERVL	570	+	266	5238883	57172
chr11	5221268	5421268	harbor2	chr11	5238617	5239149	LTR/ERVL	570	+	266	5238883	17615
chr11	108021539	108221539	harbor2	chr11	108041018	108041268	LTR/ERVL	805	+	125	108041143	19604
chr11	73152931	73352931	harbor2	chr11	73168270	73168437	LTR/ERVL	842	+	84	73168354	15423
chr11	73152931	73352931	harbor2	chr11	73168695	73168869	LTR/ERVL	842	+	87	73168782	15851
chr11	73152931	73352931	harbor2	chr11	73241833	73241929	LTR/ERVL	399	+	48	73241881	88950
chr11	73152931	73352931	harbor2	chr11	73249906	73250132	LTR/ERVL	1586	+	113	73250019	97088
chr11	73152931	73352931	harbor2	chr11	73250749	73250935	LTR/ERVL	1586	+	93	73250842	97911
chr11	64914593	65114593	harbor2	chr11	64986709	64987070	LTR/ERVL	1972	+	180	64986889	72296
chr11	64914593	65114593	harbor2	chr11	64987698	64987709	LTR/ERVL	1972	+	6	64987704	73111
chr11	64914593	65114593	harbor2	chr11	64987741	64987780	LTR/ERVL	1972	+	20	64987761	73168
chr11	5134462	5334462	harbor2	chr11	5147269	5147661	LTR/ERVL	1627	+	196	5147465	13003
chr11	125389599	125589599	harbor2	chr11	125477522	125477830	LTR/ERVL	956	+	154	125477676	88077
chr11	124701200	124901200	harbor2	chr11	124703390	124703762	LTR/ERVL	719	+	186	124703576	2376
chr11	124701200	124901200	harbor2	chr11	124707745	124708319	LTR/ERVL	1123	+	287	124708032	6832
chr11	124701200	124901200	harbor2	chr11	124713910	124714215	LTR/ERVL	1170	+	152	124714062	12862
chr11	124701200	124901200	harbor2	chr11	124716164	124716348	LTR/ERVL	480	+	92	124716256	15056
chr11	124701200	124901200	harbor2	chr11	124716522	124716751	LTR/ERVL	753	+	114	124716636	15436
chr11	124701200	124901200	harbor2	chr11	124716853	124717057	LTR/ERVL	970	+	102	124716955	15755
chr11	124701200	124901200	harbor2	chr11	124717371	124717588	LTR/ERVL	970	+	108	124717479	16279
chr11	124701200	124901200	harbor2	chr11	124714908	124716158	LTR/ERVL	1328	+	625	124715533	14333
chr11	5135406	5335406	harbor2	chr11	5147269	5147661	LTR/ERVL	1627	+	196	5147465	12059
chr11	5134536	5334536	harbor2	chr11	5147269	5147661	LTR/ERVL	1627	+	196	5147465	12929
chr11	69543435	69743435	harbor2	chr11	69601712	69602120	LTR/ERVL	480	+	204	69601916	58481
chr11	76580928	76780928	harbor2	chr11	76644567	76645358	LTR/ERVL	3866	+	396	76644963	64035
chr11	5141120	5341120	harbor2	chr11	5147269	5147661	LTR/ERVL	1627	+	196	5147465	6345
chr11	5141120	5341120	harbor2	chr11	5238617	5239149	LTR/ERVL	570	+	266	5238883	97763
chr11	5270036	5470036	harbor2	chr11	5336108	5336591	LTR/ERVL	2440	+	242	5336350	66314
chr11	5127125	5327125	harbor2	chr11	5147269	5147661	LTR/ERVL	1627	+	196	5147465	20340
chr11	5191352	5391352	harbor2	chr11	5238617	5239149	LTR/ERVL	570	+	266	5238883	47531
chr11	5145521	5345521	harbor2	chr11	5147269	5147661	LTR/ERVL	1627	+	196	5147465	1944
chr11	5145521	5345521	harbor2	chr11	5238617	5239149	LTR/ERVL	570	+	266	5238883	93362
chr11	5134532	5334532	harbor2	chr11	5147269	5147661	LTR/ERVL	1627	+	196	5147465	12933
chr11	5127149	5327149	harbor2	chr11	5147269	5147661	LTR/ERVL	1627	+	196	5147465	20316
chr11	105168684	105368684	harbor2	chr11	105192926	105193323	LTR/ERVL	1128	+	198	105193124	24440
chr11	105168684	105368684	harbor2	chr11	105209234	105209668	LTR/ERVL	1920	+	217	105209451	40767
chr11	105168684	105368684	harbor2	chr11	105209722	105209775	LTR/ERVL	1920	+	26	105209748	41064
chr11	105168684	105368684	harbor2	chr11	105252621	105253310	LTR/ERVL	688	+	344	105252965	84281
chr11	105168684	105368684	harbor2	chr11	105253495	105254035	LTR/ERVL	2574	+	270	105253765	85081
chr11	105168684	105368684	harbor2	chr11	105257920	105258467	LTR/ERVL	1866	+	274	105258194	89510
chr11	105168684	105368684	harbor2	chr11	105263033	105263274	LTR/ERVL	538	+	120	105263153	94469
chr11	5128043	5328043	harbor2	chr11	5147269	5147661	LTR/ERVL	1627	+	196	5147465	19422
chr11	5129645	5329645	harbor2	chr11	5147269	5147661	LTR/ERVL	1627	+	196	5147465	17820
chr11	5175946	5375946	harbor2	chr11	5238617	5239149	LTR/ERVL	570	+	266	5238883	62937
chr11	5134537	5334537	harbor2	chr11	5147269	5147661	LTR/ERVL	1627	+	196	5147465	12928
chr11	108021866	108221866	harbor2	chr11	108041018	108041268	LTR/ERVL	805	+	125	108041143	19277
chr11	5145526	5345526	harbor2	chr11	5147269	5147661	LTR/ERVL	1627	+	196	5147465	1939
chr11	5145526	5345526	harbor2	chr11	5238617	5239149	LTR/ERVL	570	+	266	5238883	93357
chr11	108021556	108221556	harbor2	chr11	108041018	108041268	LTR/ERVL	805	+	125	108041143	19587
chr11	5134924	5334924	harbor2	chr11	5147269	5147661	LTR/ERVL	1627	+	196	5147465	12541
chr11	5127139	5327139	harbor2	chr11	5147269	5147661	LTR/ERVL	1627	+	196	5147465	20326
chr11	64807264	65007264	harbor2	chr11	64822081	64822172	LTR/ERVL	496	+	46	64822127	14863
chr11	64807264	65007264	harbor2	chr11	64822598	64822755	LTR/ERVL	496	+	78	64822676	15412
chr11	6583608	6783608	harbor2	chr11	6593478	6593800	LTR/ERVL	698	+	161	6593639	10031
chr11	125492737	125692737	harbor2	chr11	125521895	125521978	LTR/ERVL	432	+	42	125521937	29200
chr11	125492737	125692737	harbor2	chr11	125528401	125529275	LTR/ERVL	4468	+	437	125528838	36101
chr11	5127134	5327134	harbor2	chr11	5147269	5147661	LTR/ERVL	1627	+	196	5147465	20331
chr11	5134274	5334274	harbor2	chr11	5147269	5147661	LTR/ERVL	1627	+	196	5147465	13191
chr11	6512776	6712776	harbor2	chr11	6515483	6515723	LTR/ERVL	588	+	120	6515603	2827
chr11	6512776	6712776	harbor2	chr11	6527915	6528042	LTR/ERVL	434	+	64	6527979	15203
chr11	6512776	6712776	harbor2	chr11	6554997	6555199	LTR/ERVL	1918	+	101	6555098	42322
chr11	6512776	6712776	harbor2	chr11	6555247	6555401	LTR/ERVL	1918	+	77	6555324	42548
chr11	6512776	6712776	harbor2	chr11	6555402	6555596	LTR/ERVL	1448	+	97	6555499	42723
chr11	6512776	6712776	harbor2	chr11	6593478	6593800	LTR/ERVL	698	+	161	6593639	80863
chr11	5211379	5411379	harbor2	chr11	5238617	5239149	LTR/ERVL	570	+	266	5238883	27504
chr11	5134545	5334545	harbor2	chr11	5147269	5147661	LTR/ERVL	1627	+	196	5147465	12920
chr11	5130232	5330232	harbor2	chr11	5147269	5147661	LTR/ERVL	1627	+	196	5147465	17233
chr11	5127145	5327145	harbor2	chr11	5147269	5147661	LTR/ERVL	1627	+	196	5147465	20320
chr11	5134509	5334509	harbor2	chr11	5147269	5147661	LTR/ERVL	1627	+	196	5147465	12956
chr11	5127131	5327131	harbor2	chr11	5147269	5147661	LTR/ERVL	1627	+	196	5147465	20334
chr11	108021552	108221552	harbor2	chr11	108041018	108041268	LTR/ERVL	805	+	125	108041143	19591
chr11	5135402	5335402	harbor2	chr11	5147269	5147661	LTR/ERVL	1627	+	196	5147465	12063
chr11	5127113	5327113	harbor2	chr11	5147269	5147661	LTR/ERVL	1627	+	196	5147465	20352
chr11	5127198	5327198	harbor2	chr11	5147269	5147661	LTR/ERVL	1627	+	196	5147465	20267
chr11	76580957	76780957	harbor2	chr11	76644567	76645358	LTR/ERVL	3866	+	396	76644963	64006
chr11	5199897	5399897	harbor2	chr11	5238617	5239149	LTR/ERVL	570	+	266	5238883	38986
chr11	5134148	5334148	harbor2	chr11	5147269	5147661	LTR/ERVL	1627	+	196	5147465	13317
chr11	5269991	5469991	harbor2	chr11	5336108	5336591	LTR/ERVL	2440	+	242	5336350	66359
chr11	5129657	5329657	harbor2	chr11	5147269	5147661	LTR/ERVL	1627	+	196	5147465	17808
chr11	5127118	5327118	harbor2	chr11	5147269	5147661	LTR/ERVL	1627	+	196	5147465	20347
chr11	5280964	5480964	harbor2	chr11	5336108	5336591	LTR/ERVL	2440	+	242	5336350	55386
chr11	5130451	5330451	harbor2	chr11	5147269	5147661	LTR/ERVL	1627	+	196	5147465	17014
chr11	43955448	44155448	harbor2	chr11	44023974	44024441	LTR/ERVL	2304	+	234	44024208	68760
chr11	43955448	44155448	harbor2	chr11	44024485	44024530	LTR/ERVL	2304	+	22	44024507	69059
chr11	78110765	78310765	harbor2	chr11	78182082	78182211	LTR/ERVL	467	+	64	78182146	71381
chr11	84774083	84974083	harbor2	chr11	84778662	84779275	LTR/ERVL	1626	+	306	84778968	4885
chr11	64349298	64549298	harbor2	chr11	64397783	64398525	LTR/ERVL	3207	+	371	64398154	48856
chr11	64349298	64549298	harbor2	chr11	64398895	64399098	LTR/ERVL	3207	+	102	64398997	49699
chr11	64349298	64549298	harbor2	chr11	64399334	64399598	LTR/ERVL	874	+	132	64399466	50168
chr11	64349298	64549298	harbor2	chr11	64399914	64399988	LTR/ERVL	874	+	37	64399951	50653
chr11	64349298	64549298	harbor2	chr11	64400513	64400807	LTR/ERVL	4906	+	147	64400660	51362
chr11	64349298	64549298	harbor2	chr11	64401022	64402091	LTR/ERVL	4906	+	534	64401556	52258
chr11	64349298	64549298	harbor2	chr11	64402402	64402510	LTR/ERVL	4906	+	54	64402456	53158
chr11	64349298	64549298	harbor2	chr11	64402699	64402762	LTR/ERVL	448	+	32	64402731	53433
chr11	64349298	64549298	harbor2	chr11	64403166	64403305	LTR/ERVL	448	+	70	64403236	53938
chr11	64349298	64549298	harbor2	chr11	64403308	64403465	LTR/ERVL	1128	+	78	64403386	54088
chr11	64349298	64549298	harbor2	chr11	64403848	64404278	LTR/ERVL	1128	+	215	64404063	54765
chr11	64349298	64549298	harbor2	chr11	64406577	64406966	LTR/ERVL	1939	+	194	64406771	57473
chr11	108021537	108221537	harbor2	chr11	108041018	108041268	LTR/ERVL	805	+	125	108041143	19606
chr11	5191359	5391359	harbor2	chr11	5238617	5239149	LTR/ERVL	570	+	266	5238883	47524
chr11	5130062	5330062	harbor2	chr11	5147269	5147661	LTR/ERVL	1627	+	196	5147465	17403
chr11	5191377	5391377	harbor2	chr11	5238617	5239149	LTR/ERVL	570	+	266	5238883	47506
chr11	5132412	5332412	harbor2	chr11	5147269	5147661	LTR/ERVL	1627	+	196	5147465	15053
chr11	5129603	5329603	harbor2	chr11	5147269	5147661	LTR/ERVL	1627	+	196	5147465	17862
chr11	73152932	73352932	harbor2	chr11	73168270	73168437	LTR/ERVL	842	+	84	73168354	15422
chr11	73152932	73352932	harbor2	chr11	73168695	73168869	LTR/ERVL	842	+	87	73168782	15850
chr11	73152932	73352932	harbor2	chr11	73241833	73241929	LTR/ERVL	399	+	48	73241881	88949
chr11	73152932	73352932	harbor2	chr11	73249906	73250132	LTR/ERVL	1586	+	113	73250019	97087
chr11	73152932	73352932	harbor2	chr11	73250749	73250935	LTR/ERVL	1586	+	93	73250842	97910
chr11	5134257	5334257	harbor2	chr11	5147269	5147661	LTR/ERVL	1627	+	196	5147465	13208
chr11	5227113	5427113	harbor2	chr11	5238617	5239149	LTR/ERVL	570	+	266	5238883	11770
chr11	43448895	43648895	harbor2	chr11	43505405	43505513	LTR/ERVL	768	+	54	43505459	56564
chr11	43448895	43648895	harbor2	chr11	43505940	43506182	LTR/ERVL	768	+	121	43506061	57166
chr11	43448895	43648895	harbor2	chr11	43524498	43524887	LTR/ERVL	793	+	194	43524692	75797
chr11	43448895	43648895	harbor2	chr11	43527366	43527498	LTR/ERVL	467	+	66	43527432	78537
chr11	43448895	43648895	harbor2	chr11	43527580	43528056	LTR/ERVL	1254	+	238	43527818	78923
chr11	43448895	43648895	harbor2	chr11	43528295	43528497	LTR/ERVL	664	+	101	43528396	79501
chr11	43448895	43648895	harbor2	chr11	43528750	43529032	LTR/ERVL	1248	+	141	43528891	79996
chr11	133733618	133933618	harbor2	chr11	133736526	133736978	LTR/ERVL	1637	+	226	133736752	3134
chr11	133733618	133933618	harbor2	chr11	133779805	133780133	LTR/ERVL	552	+	164	133779969	46351
chr11	133733618	133933618	harbor2	chr11	133802102	133802203	LTR/ERVL	426	+	50	133802152	68534
chr11	27266585	27466585	harbor2	chr11	27285831	27286290	LTR/ERVL	1098	+	230	27286061	19476
chr11	27266585	27466585	harbor2	chr11	27320821	27321267	LTR/ERVL	2118	+	223	27321044	54459
chr11	46346052	46546052	harbor2	chr11	46360393	46360487	LTR/ERVL	513	+	47	46360440	14388
chr11	69540352	69740352	harbor2	chr11	69601712	69602120	LTR/ERVL	480	+	204	69601916	61564
chr11	108021538	108221538	harbor2	chr11	108041018	108041268	LTR/ERVL	805	+	125	108041143	19605
chr11	73042796	73242796	harbor2	chr11	73050583	73050892	LTR/ERVL	662	+	154	73050737	7941
chr11	73042796	73242796	harbor2	chr11	73054284	73054568	LTR/ERVL	994	+	142	73054426	11630
chr11	73042796	73242796	harbor2	chr11	73092809	73093462	LTR/ERVL	2474	+	326	73093135	50339
chr11	5140120	5340120	harbor2	chr11	5147269	5147661	LTR/ERVL	1627	+	196	5147465	7345
chr11	5140120	5340120	harbor2	chr11	5238617	5239149	LTR/ERVL	570	+	266	5238883	98763
chr11	5199336	5399336	harbor2	chr11	5238617	5239149	LTR/ERVL	570	+	266	5238883	39547
chr11	5135401	5335401	harbor2	chr11	5147269	5147661	LTR/ERVL	1627	+	196	5147465	12064
chr11	10799794	10999794	harbor2	chr11	10822529	10822739	LTR/ERVL	1241	+	105	10822634	22840
chr11	10799794	10999794	harbor2	chr11	10822746	10823314	LTR/ERVL	2717	+	284	10823030	23236
chr11	10799794	10999794	harbor2	chr11	10833022	10833168	LTR/ERVL	423	+	73	10833095	33301
chr11	10799794	10999794	harbor2	chr11	10834237	10834682	LTR/ERVL	624	+	222	10834459	34665
chr11	10799794	10999794	harbor2	chr11	10837750	10838100	LTR/ERVL	657	+	175	10837925	38131
chr11	10799794	10999794	harbor2	chr11	10838253	10838351	LTR/ERVL	409	+	49	10838302	38508
chr11	10799794	10999794	harbor2	chr11	10839008	10839237	LTR/ERVL	419	+	114	10839122	39328
chr11	10799794	10999794	harbor2	chr11	10880421	10881141	LTR/ERVL	1266	+	360	10880781	80987
chr11	10799794	10999794	harbor2	chr11	10887473	10887782	LTR/ERVL	2033	+	154	10887627	87833
chr11	10799794	10999794	harbor2	chr11	10888084	10888177	LTR/ERVL	2033	+	46	10888130	88336
chr11	10799794	10999794	harbor2	chr11	10878695	10879318	LTR/ERVL	615	+	312	10879007	79213
chr11	5130296	5330296	harbor2	chr11	5147269	5147661	LTR/ERVL	1627	+	196	5147465	17169
chr11	69543489	69743489	harbor2	chr11	69601712	69602120	LTR/ERVL	480	+	204	69601916	58427
chr11	5127143	5327143	harbor2	chr11	5147269	5147661	LTR/ERVL	1627	+	196	5147465	20322
chr11	2288029	2488029	harbor2	chr11	2324940	2326034	LTR/ERVL	7101	+	547	2325487	37458
chr11	2288029	2488029	harbor2	chr11	2343947	2344067	LTR/ERVL	1775	+	60	2344007	55978
chr11	2288029	2488029	harbor2	chr11	2344446	2345045	LTR/ERVL	1775	+	300	2344746	56717
chr11	2288029	2488029	harbor2	chr11	2345085	2345312	LTR/ERVL	1130	+	114	2345199	57170
chr11	2288029	2488029	harbor2	chr11	2345723	2345883	LTR/ERVL	618	+	80	2345803	57774
chr11	2288029	2488029	harbor2	chr11	2346091	2346398	LTR/ERVL	1046	+	154	2346245	58216
chr11	2288029	2488029	harbor2	chr11	2346520	2346612	LTR/ERVL	1322	+	46	2346566	58537
chr11	2288029	2488029	harbor2	chr11	2346647	2347430	LTR/ERVL	1322	+	392	2347039	59010
chr11	2288029	2488029	harbor2	chr11	2347975	2348058	LTR/ERVL	548	+	42	2348017	59988
chr11	2288029	2488029	harbor2	chr11	2354004	2354433	LTR/ERVL	1635	+	214	2354218	66189
chr11	2288029	2488029	harbor2	chr11	2354736	2354784	LTR/ERVL	1635	+	24	2354760	66731
chr11	2288029	2488029	harbor2	chr11	2354788	2356082	LTR/ERVL	24559	+	647	2355435	67406
chr11	2288029	2488029	harbor2	chr11	2356608	2358562	LTR/ERVL	24559	+	977	2357585	69556
chr11	2288029	2488029	harbor2	chr11	2361019	2361595	LTR/ERVL	24559	+	288	2361307	73278
chr11	2288029	2488029	harbor2	chr11	2361596	2362091	LTR/ERVL	2350	+	248	2361844	73815
chr11	2288029	2488029	harbor2	chr11	2362518	2362928	LTR/ERVL	840	+	205	2362723	74694
chr11	2288029	2488029	harbor2	chr11	2326399	2326799	LTR/ERVL	7101	+	200	2326599	38570
chr11	2288029	2488029	harbor2	chr11	2358852	2360707	LTR/ERVL	24559	+	928	2359780	71751
chr11	5127183	5327183	harbor2	chr11	5147269	5147661	LTR/ERVL	1627	+	196	5147465	20282
chr11	5127212	5327212	harbor2	chr11	5147269	5147661	LTR/ERVL	1627	+	196	5147465	20253
chr11	5134525	5334525	harbor2	chr11	5147269	5147661	LTR/ERVL	1627	+	196	5147465	12940
chr11	65110704	65310704	harbor2	chr11	65161208	65161414	LTR/ERVL	1160	+	103	65161311	50607
chr11	65110704	65310704	harbor2	chr11	65161728	65161819	LTR/ERVL	1160	+	46	65161774	51070
chr11	5130571	5330571	harbor2	chr11	5147269	5147661	LTR/ERVL	1627	+	196	5147465	16894
chr11	5130397	5330397	harbor2	chr11	5147269	5147661	LTR/ERVL	1627	+	196	5147465	17068
chr11	69540160	69740160	harbor2	chr11	69601712	69602120	LTR/ERVL	480	+	204	69601916	61756
chr11	22729649	22929649	harbor2	chr11	22823369	22823740	LTR/ERVL	1833	+	186	22823555	93906
chr11	22729649	22929649	harbor2	chr11	22824039	22824117	LTR/ERVL	1833	+	39	22824078	94429
chr11	702826	902826	harbor2	chr11	751877	752068	LTR/ERVL	3149	+	96	751973	49147
chr11	702826	902826	harbor2	chr11	752380	753087	LTR/ERVL	3149	+	354	752734	49908
chr11	5204580	5404580	harbor2	chr11	5238617	5239149	LTR/ERVL	570	+	266	5238883	34303
chr11	38440721	38640721	harbor2	chr11	38498803	38499310	LTR/ERVL	2468	+	254	38499057	58336
chr11	38440721	38640721	harbor2	chr11	38519374	38519559	LTR/ERVL	690	+	92	38519466	78745
chr11	108021971	108221971	harbor2	chr11	108041018	108041268	LTR/ERVL	805	+	125	108041143	19172
chr11	126632918	126832918	harbor2	chr11	126714482	126714831	LTR/ERVL	1052	+	174	126714656	81738
chr11	5140756	5340756	harbor2	chr11	5147269	5147661	LTR/ERVL	1627	+	196	5147465	6709
chr11	5140756	5340756	harbor2	chr11	5238617	5239149	LTR/ERVL	570	+	266	5238883	98127
chr11	5128321	5328321	harbor2	chr11	5147269	5147661	LTR/ERVL	1627	+	196	5147465	19144
chr11	5127556	5327556	harbor2	chr11	5147269	5147661	LTR/ERVL	1627	+	196	5147465	19909
chr11	5143135	5343135	harbor2	chr11	5147269	5147661	LTR/ERVL	1627	+	196	5147465	4330
chr11	5143135	5343135	harbor2	chr11	5238617	5239149	LTR/ERVL	570	+	266	5238883	95748
chr11	5134529	5334529	harbor2	chr11	5147269	5147661	LTR/ERVL	1627	+	196	5147465	12936
chr11	5141844	5341844	harbor2	chr11	5147269	5147661	LTR/ERVL	1627	+	196	5147465	5621
chr11	5141844	5341844	harbor2	chr11	5238617	5239149	LTR/ERVL	570	+	266	5238883	97039
chr11	58480005	58680005	harbor2	chr11	58480798	58481259	LTR/ERVL	1945	+	230	58481028	1023
chr11	58480005	58680005	harbor2	chr11	58481261	58481470	LTR/ERVL	17379	+	104	58481365	1360
chr11	58480005	58680005	harbor2	chr11	58481784	58481799	LTR/ERVL	17379	+	8	58481792	1787
chr11	58480005	58680005	harbor2	chr11	58482031	58485479	LTR/ERVL	17379	+	1724	58483755	3750
chr11	58480005	58680005	harbor2	chr11	58485478	58487269	LTR/ERVL	10276	+	896	58486374	6369
chr11	58480005	58680005	harbor2	chr11	58487270	58487712	LTR/ERVL	2031	+	221	58487491	7486
chr11	58480005	58680005	harbor2	chr11	58487778	58487822	LTR/ERVL	2031	+	22	58487800	7795
chr11	5134380	5334380	harbor2	chr11	5147269	5147661	LTR/ERVL	1627	+	196	5147465	13085
chr11	5130263	5330263	harbor2	chr11	5147269	5147661	LTR/ERVL	1627	+	196	5147465	17202
chr11	76580984	76780984	harbor2	chr11	76644567	76645358	LTR/ERVL	3866	+	396	76644963	63979
chr11	76580958	76780958	harbor2	chr11	76644567	76645358	LTR/ERVL	3866	+	396	76644963	64005
chr11	11446354	11646354	harbor2	chr11	11478699	11479222	LTR/ERVL	1311	+	262	11478961	32607
chr11	11446354	11646354	harbor2	chr11	11507662	11507999	LTR/ERVL	2080	+	168	11507830	61476
chr11	11446354	11646354	harbor2	chr11	11529167	11529645	LTR/ERVL	2277	+	239	11529406	83052
chr11	11446354	11646354	harbor2	chr11	11531544	11531813	LTR/ERVL	453	+	134	11531678	85324
chr11	108021777	108221777	harbor2	chr11	108041018	108041268	LTR/ERVL	805	+	125	108041143	19366
chr11	5254996	5454996	harbor2	chr11	5336108	5336591	LTR/ERVL	2440	+	242	5336350	81354
chr11	5127207	5327207	harbor2	chr11	5147269	5147661	LTR/ERVL	1627	+	196	5147465	20258
chr11	133621545	133821545	harbor2	chr11	133650119	133650329	LTR/ERVL	506	+	105	133650224	28679
chr11	133621545	133821545	harbor2	chr11	133680604	133680937	LTR/ERVL	2403	+	166	133680770	59225
chr11	133621545	133821545	harbor2	chr11	133680981	133681026	LTR/ERVL	2403	+	22	133681003	59458
chr11	133621545	133821545	harbor2	chr11	133695594	133695901	LTR/ERVL	1632	+	154	133695748	74203
chr11	5130262	5330262	harbor2	chr11	5147269	5147661	LTR/ERVL	1627	+	196	5147465	17203
chr11	5127995	5327995	harbor2	chr11	5147269	5147661	LTR/ERVL	1627	+	196	5147465	19470
chr11	5189904	5389904	harbor2	chr11	5238617	5239149	LTR/ERVL	570	+	266	5238883	48979
chr11	61589431	61789431	harbor2	chr11	61647849	61647986	LTR/ERVL	2143	+	68	61647917	58486
chr11	61589431	61789431	harbor2	chr11	61648295	61648605	LTR/ERVL	2143	+	155	61648450	59019
chr11	61589431	61789431	harbor2	chr11	61662118	61662593	LTR/ERVL	2247	+	238	61662356	72925
chr11	5142126	5342126	harbor2	chr11	5147269	5147661	LTR/ERVL	1627	+	196	5147465	5339
chr11	5142126	5342126	harbor2	chr11	5238617	5239149	LTR/ERVL	570	+	266	5238883	96757
chr11	5270453	5470453	harbor2	chr11	5336108	5336591	LTR/ERVL	2440	+	242	5336350	65897
chr11	5127199	5327199	harbor2	chr11	5147269	5147661	LTR/ERVL	1627	+	196	5147465	20266
chr11	126082252	126282252	harbor2	chr11	126094785	126095113	LTR/ERVL	1138	+	164	126094949	12697
chr11	126082252	126282252	harbor2	chr11	126103624	126104102	LTR/ERVL	1243	+	239	126103863	21611
chr11	126082252	126282252	harbor2	chr11	126174882	126175043	LTR/ERVL	546	+	80	126174962	92710
chr11	6206956	6406956	harbor2	chr11	6228929	6229085	LTR/ERVL	627	+	78	6229007	22051
chr11	117887566	118087566	harbor2	chr11	117984458	117984780	LTR/ERVL	1593	+	161	117984619	97053
chr11	67892044	68092044	harbor2	chr11	67957462	67958064	LTR/ERVL	3150	+	301	67957763	65719
chr11	5216243	5416243	harbor2	chr11	5238617	5239149	LTR/ERVL	570	+	266	5238883	22640
chr11	76580941	76780941	harbor2	chr11	76644567	76645358	LTR/ERVL	3866	+	396	76644963	64022
chr11	70734473	70934473	harbor2	chr11	70757331	70757817	LTR/ERVL	1256	+	243	70757574	23101
chr11	70734473	70934473	harbor2	chr11	70790339	70790759	LTR/ERVL	1996	+	210	70790549	56076
chr11	76587997	76787997	harbor2	chr11	76644567	76645358	LTR/ERVL	3866	+	396	76644963	56966
chr11	120127774	120327774	harbor2	chr11	120144248	120144618	LTR/ERVL	1761	+	185	120144433	16659
chr11	120127774	120327774	harbor2	chr11	120156374	120156836	LTR/ERVL	1953	+	231	120156605	28831
chr11	6519524	6719524	harbor2	chr11	6527915	6528042	LTR/ERVL	434	+	64	6527979	8455
chr11	6519524	6719524	harbor2	chr11	6554997	6555199	LTR/ERVL	1918	+	101	6555098	35574
chr11	6519524	6719524	harbor2	chr11	6555247	6555401	LTR/ERVL	1918	+	77	6555324	35800
chr11	6519524	6719524	harbor2	chr11	6555402	6555596	LTR/ERVL	1448	+	97	6555499	35975
chr11	6519524	6719524	harbor2	chr11	6593478	6593800	LTR/ERVL	698	+	161	6593639	74115
chr11	5130579	5330579	harbor2	chr11	5147269	5147661	LTR/ERVL	1627	+	196	5147465	16886
chr11	33600881	33800881	harbor2	chr11	33614161	33614476	LTR/ERVL	1221	+	158	33614319	13438
chr11	33600881	33800881	harbor2	chr11	33614481	33614531	LTR/ERVL	710	+	25	33614506	13625
chr11	33600881	33800881	harbor2	chr11	33614911	33614992	LTR/ERVL	710	+	40	33614951	14070
chr11	33600881	33800881	harbor2	chr11	33614993	33615189	LTR/ERVL	768	+	98	33615091	14210
chr11	33600881	33800881	harbor2	chr11	33693084	33693282	LTR/ERVL	453	+	99	33693183	92302
chr11	33600881	33800881	harbor2	chr11	33693614	33693680	LTR/ERVL	453	+	33	33693647	92766
chr11	5180299	5380299	harbor2	chr11	5238617	5239149	LTR/ERVL	570	+	266	5238883	58584
chr11	70740848	70940848	harbor2	chr11	70757331	70757817	LTR/ERVL	1256	+	243	70757574	16726
chr11	70740848	70940848	harbor2	chr11	70790339	70790759	LTR/ERVL	1996	+	210	70790549	49701
chr11	5128063	5328063	harbor2	chr11	5147269	5147661	LTR/ERVL	1627	+	196	5147465	19402
chr11	5133681	5333681	harbor2	chr11	5147269	5147661	LTR/ERVL	1627	+	196	5147465	13784
chr11	5127169	5327169	harbor2	chr11	5147269	5147661	LTR/ERVL	1627	+	196	5147465	20296
chr11	6519523	6719523	harbor2	chr11	6527915	6528042	LTR/ERVL	434	+	64	6527979	8456
chr11	6519523	6719523	harbor2	chr11	6554997	6555199	LTR/ERVL	1918	+	101	6555098	35575
chr11	6519523	6719523	harbor2	chr11	6555247	6555401	LTR/ERVL	1918	+	77	6555324	35801
chr11	6519523	6719523	harbor2	chr11	6555402	6555596	LTR/ERVL	1448	+	97	6555499	35976
chr11	6519523	6719523	harbor2	chr11	6593478	6593800	LTR/ERVL	698	+	161	6593639	74116
chr11	76580976	76780976	harbor2	chr11	76644567	76645358	LTR/ERVL	3866	+	396	76644963	63987
chr11	61396732	61596732	harbor2	chr11	61473481	61473588	LTR/ERVL	2427	+	54	61473535	76803
chr11	61396732	61596732	harbor2	chr11	61472712	61473188	LTR/ERVL	2427	+	238	61472950	76218
chr11	118813698	119013698	harbor2	chr11	118843546	118843743	LTR/ERVL	695	+	98	118843644	29946
chr11	118813698	119013698	harbor2	chr11	118843788	118843940	LTR/ERVL	569	+	76	118843864	30166
chr11	118813698	119013698	harbor2	chr11	118843946	118844497	LTR/ERVL	2644	+	276	118844222	30524
chr11	118813698	119013698	harbor2	chr11	118845389	118845657	LTR/ERVL	2644	+	134	118845523	31825
chr11	118813698	119013698	harbor2	chr11	118846358	118846791	LTR/ERVL	995	+	216	118846574	32876
chr11	118813698	119013698	harbor2	chr11	118847527	118847996	LTR/ERVL	3212	+	234	118847761	34063
chr11	118813698	119013698	harbor2	chr11	118848296	118848652	LTR/ERVL	3212	+	178	118848474	34776
chr11	118813698	119013698	harbor2	chr11	118855358	118855439	LTR/ERVL	536	+	40	118855398	41700
chr11	133740735	133940735	harbor2	chr11	133779805	133780133	LTR/ERVL	552	+	164	133779969	39234
chr11	133740735	133940735	harbor2	chr11	133802102	133802203	LTR/ERVL	426	+	50	133802152	61417
chr11	5191433	5391433	harbor2	chr11	5238617	5239149	LTR/ERVL	570	+	266	5238883	47450
chr11	5134480	5334480	harbor2	chr11	5147269	5147661	LTR/ERVL	1627	+	196	5147465	12985
chr11	69540884	69740884	harbor2	chr11	69601712	69602120	LTR/ERVL	480	+	204	69601916	61032
chr11	68028552	68228552	harbor2	chr11	68056227	68056725	LTR/ERVL	1840	+	249	68056476	27924
chr11	68028552	68228552	harbor2	chr11	68056857	68057221	LTR/ERVL	1641	+	182	68057039	28487
chr11	6201662	6401662	harbor2	chr11	6228929	6229085	LTR/ERVL	627	+	78	6229007	27345
chr11	76599762	76799762	harbor2	chr11	76644567	76645358	LTR/ERVL	3866	+	396	76644963	45201
chr11	124700459	124900459	harbor2	chr11	124703390	124703762	LTR/ERVL	719	+	186	124703576	3117
chr11	124700459	124900459	harbor2	chr11	124707745	124708319	LTR/ERVL	1123	+	287	124708032	7573
chr11	124700459	124900459	harbor2	chr11	124713910	124714215	LTR/ERVL	1170	+	152	124714062	13603
chr11	124700459	124900459	harbor2	chr11	124716164	124716348	LTR/ERVL	480	+	92	124716256	15797
chr11	124700459	124900459	harbor2	chr11	124716522	124716751	LTR/ERVL	753	+	114	124716636	16177
chr11	124700459	124900459	harbor2	chr11	124716853	124717057	LTR/ERVL	970	+	102	124716955	16496
chr11	124700459	124900459	harbor2	chr11	124717371	124717588	LTR/ERVL	970	+	108	124717479	17020
chr11	124700459	124900459	harbor2	chr11	124714908	124716158	LTR/ERVL	1328	+	625	124715533	15074
chr11	76580924	76780924	harbor2	chr11	76644567	76645358	LTR/ERVL	3866	+	396	76644963	64039
chr11	57579843	57779843	harbor2	chr11	57650629	57651452	LTR/ERVL	6148	+	412	57651041	71198
chr11	57579843	57779843	harbor2	chr11	57651454	57651896	LTR/ERVL	3213	+	221	57651675	71832
chr12	62967049	63167049	harbor2	chr12	63011959	63012401	LTR/ERVL	2417	+	221	63012180	45131
chr12	49415274	49615274	harbor2	chr12	49482211	49482680	LTR/ERVL	855	+	234	49482445	67171
chr12	133030495	133230495	harbor2	chr12	133067150	133067716	LTR/ERVL	1557	+	283	133067433	36938
chr12	133030495	133230495	harbor2	chr12	133067769	133068132	LTR/ERVL	795	+	182	133067951	37456
chr12	67170399	67370399	harbor2	chr12	67258000	67258385	LTR/ERVL	3275	+	192	67258192	87793
chr12	67170399	67370399	harbor2	chr12	67258680	67259244	LTR/ERVL	3275	+	282	67258962	88563
chr12	51140362	51340362	harbor2	chr12	51154869	51155422	LTR/ERVL	3069	+	276	51155145	14783
chr12	131246816	131446816	harbor2	chr12	131293569	131293964	LTR/ERVL	1224	+	198	131293767	46951
chr12	49460462	49660462	harbor2	chr12	49482211	49482680	LTR/ERVL	855	+	234	49482445	21983
chr12	52767744	52967744	harbor2	chr12	52767387	52767769	LTR/ERVL	699	+	191	52767578	166
chr12	49466948	49666948	harbor2	chr12	49482211	49482680	LTR/ERVL	855	+	234	49482445	15497
chr12	69139511	69339511	harbor2	chr12	69222014	69222262	LTR/ERVL	857	+	124	69222138	82627
chr12	116779945	116979945	harbor2	chr12	116781211	116781391	LTR/ERVL	674	+	90	116781301	1356
chr12	119889846	120089846	harbor2	chr12	119942536	119942756	LTR/ERVL	817	+	110	119942646	52800
chr12	119889846	120089846	harbor2	chr12	119943064	119943247	LTR/ERVL	817	+	92	119943156	53310
chr12	119889846	120089846	harbor2	chr12	119945783	119946004	LTR/ERVL	1439	+	110	119945893	56047
chr12	119889846	120089846	harbor2	chr12	119946313	119946571	LTR/ERVL	1439	+	129	119946442	56596
chr12	119889846	120089846	harbor2	chr12	119987452	119987906	LTR/ERVL	1511	+	227	119987679	97833
chr12	21402003	21602003	harbor2	chr12	21430439	21430488	LTR/ERVL	1559	+	24	21430463	28460
chr12	21402003	21602003	harbor2	chr12	21433684	21434114	LTR/ERVL	2084	+	215	21433899	31896
chr12	21402003	21602003	harbor2	chr12	21459044	21459831	LTR/ERVL	4181	+	394	21459438	57435
chr12	21402003	21602003	harbor2	chr12	21478668	21479250	LTR/ERVL	2264	+	291	21478959	76956
chr12	21402003	21602003	harbor2	chr12	21480840	21481077	LTR/ERVL	804	+	118	21480958	78955
chr12	21402003	21602003	harbor2	chr12	21492564	21493110	LTR/ERVL	1348	+	273	21492837	90834
chr12	21402003	21602003	harbor2	chr12	21493124	21493928	LTR/ERVL	11814	+	402	21493526	91523
chr12	21402003	21602003	harbor2	chr12	21494348	21495314	LTR/ERVL	11814	+	483	21494831	92828
chr12	21402003	21602003	harbor2	chr12	21498975	21499139	LTR/ERVL	622	+	82	21499057	97054
chr12	21402003	21602003	harbor2	chr12	21430061	21430397	LTR/ERVL	1559	+	168	21430229	28226
chr12	21402003	21602003	harbor2	chr12	21495620	21498912	LTR/ERVL	11814	+	1646	21497266	95263
chr12	30881310	31081310	harbor2	chr12	30881403	30882232	LTR/ERVL	4215	+	414	30881817	507
chr12	92828979	93028979	harbor2	chr12	92879736	92880235	LTR/ERVL	2652	+	250	92879986	51007
chr12	56884786	57084786	harbor2	chr12	56954036	56954530	LTR/ERVL	1575	+	247	56954283	69497
chr12	130739286	130939286	harbor2	chr12	130763098	130763189	LTR/ERVL	2653	+	46	130763144	23858
chr12	130739286	130939286	harbor2	chr12	130763490	130764073	LTR/ERVL	2653	+	292	130763782	24496
chr12	130739286	130939286	harbor2	chr12	130804308	130804733	LTR/ERVL	2165	+	212	130804520	65234
chr12	121197141	121397141	harbor2	chr12	121254829	121255209	LTR/ERVL	2514	+	190	121255019	57878
chr12	121197141	121397141	harbor2	chr12	121273687	121273980	LTR/ERVL	593	+	146	121273833	76692
chr12	6363187	6563187	harbor2	chr12	6424686	6425252	LTR/ERVL	1139	+	283	6424969	61782
chr12	6363187	6563187	harbor2	chr12	6431061	6431169	LTR/ERVL	947	+	54	6431115	67928
chr12	6363187	6563187	harbor2	chr12	6431471	6431754	LTR/ERVL	947	+	142	6431613	68426
chr12	92366739	92566739	harbor2	chr12	92416828	92417381	LTR/ERVL	2441	+	276	92417104	50365
chr12	92366739	92566739	harbor2	chr12	92421422	92421865	LTR/ERVL	2509	+	222	92421644	54905
chr12	92366739	92566739	harbor2	chr12	92422172	92422240	LTR/ERVL	2509	+	34	92422206	55467
chr12	49010203	49210203	harbor2	chr12	49072297	49072608	LTR/ERVL	588	+	156	49072453	62250
chr12	49010203	49210203	harbor2	chr12	49078414	49078616	LTR/ERVL	794	+	101	49078515	68312
chr12	49010203	49210203	harbor2	chr12	49103993	49104429	LTR/ERVL	918	+	218	49104211	94008
chr12	109618832	109818832	harbor2	chr12	109691097	109691191	LTR/ERVL	1094	+	47	109691144	72312
chr12	109618832	109818832	harbor2	chr12	109691782	109692398	LTR/ERVL	1585	+	308	109692090	73258
chr12	109618832	109818832	harbor2	chr12	109692672	109693098	LTR/ERVL	1355	+	213	109692885	74053
chr12	122735461	122935461	harbor2	chr12	122747537	122747923	LTR/ERVL	1907	+	193	122747730	12269
chr12	120614111	120814111	harbor2	chr12	120613811	120614359	LTR/ERVL	2044	+	274	120614085	26
chr13	39962056	40162056	harbor2	chr13	40006964	40007490	LTR/ERVL	1051	+	263	40007227	45171
chr13	39962056	40162056	harbor2	chr13	40020803	40021378	LTR/ERVL	2002	+	288	40021091	59035
chr13	48136920	48336920	harbor2	chr13	48165661	48166090	LTR/ERVL	1730	+	214	48165875	28955
chr13	48136920	48336920	harbor2	chr13	48199094	48199226	LTR/ERVL	1201	+	66	48199160	62240
chr13	48136920	48336920	harbor2	chr13	48199534	48199868	LTR/ERVL	1201	+	167	48199701	62781
chr13	20315477	20515477	harbor2	chr13	20317636	20318690	LTR/ERVL	6536	+	527	20318163	2686
chr13	20315477	20515477	harbor2	chr13	20318691	20319230	LTR/ERVL	3102	+	270	20318961	3484
chr13	20315477	20515477	harbor2	chr13	20319231	20319602	LTR/ERVL	1435	+	186	20319417	3940
chr13	20315477	20515477	harbor2	chr13	20320754	20321016	LTR/ERVL	502	+	131	20320885	5408
chr13	20315477	20515477	harbor2	chr13	20322602	20322752	LTR/ERVL	602	+	75	20322677	7200
chr13	72960669	73160669	harbor2	chr13	73036845	73037029	LTR/ERVL	592	+	92	73036937	76268
chr13	30104569	30304569	harbor2	chr13	30159686	30159896	LTR/ERVL	1272	+	105	30159791	55222
chr13	30104569	30304569	harbor2	chr13	30160187	30160325	LTR/ERVL	1272	+	69	30160256	55687
chr13	30104569	30304569	harbor2	chr13	30160371	30160703	LTR/ERVL	1272	+	166	30160537	55968
chr13	30104569	30304569	harbor2	chr13	30194020	30194749	LTR/ERVL	1819	+	364	30194384	89815
chr13	72960985	73160985	harbor2	chr13	73036845	73037029	LTR/ERVL	592	+	92	73036937	75952
chr13	109557876	109757876	harbor2	chr13	109580619	109581160	LTR/ERVL	1959	+	270	109580889	23013
chr13	109557876	109757876	harbor2	chr13	109610156	109610550	LTR/ERVL	550	+	197	109610353	52477
chr13	20317804	20517804	harbor2	chr13	20317636	20318690	LTR/ERVL	6536	+	527	20318163	359
chr13	20317804	20517804	harbor2	chr13	20318691	20319230	LTR/ERVL	3102	+	270	20318961	1157
chr13	20317804	20517804	harbor2	chr13	20319231	20319602	LTR/ERVL	1435	+	186	20319417	1613
chr13	20317804	20517804	harbor2	chr13	20320754	20321016	LTR/ERVL	502	+	131	20320885	3081
chr13	20317804	20517804	harbor2	chr13	20322602	20322752	LTR/ERVL	602	+	75	20322677	4873
chr13	100574883	100774883	harbor2	chr13	100620145	100620615	LTR/ERVL	556	+	235	100620380	45497
chr13	19858665	20058665	harbor2	chr13	19879745	19880255	LTR/ERVL	2452	+	255	19880000	21335
chr13	19858665	20058665	harbor2	chr13	19905316	19905857	LTR/ERVL	2538	+	270	19905586	46921
chr13	19858665	20058665	harbor2	chr13	19909783	19909933	LTR/ERVL	2484	+	75	19909858	51193
chr13	19858665	20058665	harbor2	chr13	19910239	19910518	LTR/ERVL	2484	+	140	19910379	51714
chr13	19858665	20058665	harbor2	chr13	19910644	19911044	LTR/ERVL	19254	+	200	19910844	52179
chr13	19858665	20058665	harbor2	chr13	19911359	19912292	LTR/ERVL	19254	+	466	19911825	53160
chr13	19858665	20058665	harbor2	chr13	19912634	19913442	LTR/ERVL	19254	+	404	19913038	54373
chr13	19858665	20058665	harbor2	chr13	19913747	19915040	LTR/ERVL	19254	+	646	19914393	55728
chr13	24918114	25118114	harbor2	chr13	24953680	24954292	LTR/ERVL	2943	+	306	24953986	35872
chr13	24918114	25118114	harbor2	chr13	24983475	24984185	LTR/ERVL	3327	+	355	24983830	65716
chr13	100574737	100774737	harbor2	chr13	100620145	100620615	LTR/ERVL	556	+	235	100620380	45643
chr13	49768516	49968516	harbor2	chr13	49814010	49814422	LTR/ERVL	1972	+	206	49814216	45700
chr13	49768516	49968516	harbor2	chr13	49836616	49836748	LTR/ERVL	446	+	66	49836682	68166
chr13	49768516	49968516	harbor2	chr13	49836796	49837021	LTR/ERVL	572	+	112	49836908	68392
chr13	49768516	49968516	harbor2	chr13	49859262	49859768	LTR/ERVL	1528	+	253	49859515	90999
chr13	20317117	20517117	harbor2	chr13	20317636	20318690	LTR/ERVL	6536	+	527	20318163	1046
chr13	20317117	20517117	harbor2	chr13	20318691	20319230	LTR/ERVL	3102	+	270	20318961	1844
chr13	20317117	20517117	harbor2	chr13	20319231	20319602	LTR/ERVL	1435	+	186	20319417	2300
chr13	20317117	20517117	harbor2	chr13	20320754	20321016	LTR/ERVL	502	+	131	20320885	3768
chr13	20317117	20517117	harbor2	chr13	20322602	20322752	LTR/ERVL	602	+	75	20322677	5560
chr13	111559128	111759128	harbor2	chr13	111625486	111625908	LTR/ERVL	1724	+	211	111625697	66569
chr13	95201696	95401696	harbor2	chr13	95201988	95202404	LTR/ERVL	1937	+	208	95202196	500
chr13	95201696	95401696	harbor2	chr13	95267771	95268020	LTR/ERVL	1278	+	124	95267895	66199
chr13	95201696	95401696	harbor2	chr13	95269004	95269234	LTR/ERVL	1278	+	115	95269119	67423
chr13	95201696	95401696	harbor2	chr13	95274225	95274738	LTR/ERVL	1476	+	256	95274481	72785
chr13	21574582	21774582	harbor2	chr13	21595176	21595318	LTR/ERVL	651	+	71	21595247	20665
chr13	21574582	21774582	harbor2	chr13	21636543	21636672	LTR/ERVL	489	+	64	21636607	62025
chr13	21574582	21774582	harbor2	chr13	21648936	21649065	LTR/ERVL	508	+	64	21649000	74418
chr13	21574582	21774582	harbor2	chr13	21650303	21650520	LTR/ERVL	668	+	108	21650411	75829
chr14	52595606	52795606	harbor2	chr14	52693218	52693551	LTR/ERVL	2456	+	166	52693384	97778
chr14	90283137	90483137	harbor2	chr14	90340655	90341063	LTR/ERVL	865	+	204	90340859	57722
chr14	90283137	90483137	harbor2	chr14	90341356	90341476	LTR/ERVL	865	+	60	90341416	58279
chr14	95435240	95635240	harbor2	chr14	95461447	95461684	LTR/ERVL	596	+	118	95461565	26325
chr14	95435240	95635240	harbor2	chr14	95468377	95468811	LTR/ERVL	930	+	217	95468594	33354
chr14	75886299	76086299	harbor2	chr14	75908703	75908788	LTR/ERVL	2117	+	42	75908745	22446
chr14	75886299	76086299	harbor2	chr14	75909078	75909545	LTR/ERVL	2117	+	234	75909312	23013
chr14	104606429	104806429	harbor2	chr14	104620992	104621099	LTR/ERVL	448	+	54	104621046	14617
chr14	104606429	104806429	harbor2	chr14	104622030	104622339	LTR/ERVL	473	+	154	104622184	15755
chr14	104606429	104806429	harbor2	chr14	104662325	104662713	LTR/ERVL	1267	+	194	104662519	56090
chr14	75328348	75528348	harbor2	chr14	75344361	75344843	LTR/ERVL	2261	+	241	75344602	16254
chr14	75328348	75528348	harbor2	chr14	75345881	75346312	LTR/ERVL	2049	+	216	75346097	17749
chr14	75328348	75528348	harbor2	chr14	75369589	75370008	LTR/ERVL	1366	+	210	75369799	41451
chr14	75328348	75528348	harbor2	chr14	75370049	75370247	LTR/ERVL	802	+	99	75370148	41800
chr14	75328348	75528348	harbor2	chr14	75370263	75370616	LTR/ERVL	1119	+	176	75370439	42091
chr14	75328348	75528348	harbor2	chr14	75374557	75375034	LTR/ERVL	2698	+	238	75374795	46447
chr14	90283171	90483171	harbor2	chr14	90340655	90341063	LTR/ERVL	865	+	204	90340859	57688
chr14	90283171	90483171	harbor2	chr14	90341356	90341476	LTR/ERVL	865	+	60	90341416	58245
chr14	75331153	75531153	harbor2	chr14	75344361	75344843	LTR/ERVL	2261	+	241	75344602	13449
chr14	75331153	75531153	harbor2	chr14	75345881	75346312	LTR/ERVL	2049	+	216	75346097	14944
chr14	75331153	75531153	harbor2	chr14	75369589	75370008	LTR/ERVL	1366	+	210	75369799	38646
chr14	75331153	75531153	harbor2	chr14	75370049	75370247	LTR/ERVL	802	+	99	75370148	38995
chr14	75331153	75531153	harbor2	chr14	75370263	75370616	LTR/ERVL	1119	+	176	75370439	39286
chr14	75331153	75531153	harbor2	chr14	75374557	75375034	LTR/ERVL	2698	+	238	75374795	43642
chr14	75330515	75530515	harbor2	chr14	75344361	75344843	LTR/ERVL	2261	+	241	75344602	14087
chr14	75330515	75530515	harbor2	chr14	75345881	75346312	LTR/ERVL	2049	+	216	75346097	15582
chr14	75330515	75530515	harbor2	chr14	75369589	75370008	LTR/ERVL	1366	+	210	75369799	39284
chr14	75330515	75530515	harbor2	chr14	75370049	75370247	LTR/ERVL	802	+	99	75370148	39633
chr14	75330515	75530515	harbor2	chr14	75370263	75370616	LTR/ERVL	1119	+	176	75370439	39924
chr14	75330515	75530515	harbor2	chr14	75374557	75375034	LTR/ERVL	2698	+	238	75374795	44280
chr14	95435743	95635743	harbor2	chr14	95461447	95461684	LTR/ERVL	596	+	118	95461565	25822
chr14	95435743	95635743	harbor2	chr14	95468377	95468811	LTR/ERVL	930	+	217	95468594	32851
chr14	104224547	104424547	harbor2	chr14	104294525	104294946	LTR/ERVL	740	+	210	104294735	70188
chr14	90283174	90483174	harbor2	chr14	90340655	90341063	LTR/ERVL	865	+	204	90340859	57685
chr14	90283174	90483174	harbor2	chr14	90341356	90341476	LTR/ERVL	865	+	60	90341416	58242
chr14	75336525	75536525	harbor2	chr14	75344361	75344843	LTR/ERVL	2261	+	241	75344602	8077
chr14	75336525	75536525	harbor2	chr14	75345881	75346312	LTR/ERVL	2049	+	216	75346097	9572
chr14	75336525	75536525	harbor2	chr14	75369589	75370008	LTR/ERVL	1366	+	210	75369799	33274
chr14	75336525	75536525	harbor2	chr14	75370049	75370247	LTR/ERVL	802	+	99	75370148	33623
chr14	75336525	75536525	harbor2	chr14	75370263	75370616	LTR/ERVL	1119	+	176	75370439	33914
chr14	75336525	75536525	harbor2	chr14	75374557	75375034	LTR/ERVL	2698	+	238	75374795	38270
chr14	81176400	81376400	harbor2	chr14	81229168	81229476	LTR/ERVL	1800	+	154	81229322	52922
chr14	81176400	81376400	harbor2	chr14	81230150	81230236	LTR/ERVL	599	+	43	81230193	53793
chr14	81176400	81376400	harbor2	chr14	81230290	81230331	LTR/ERVL	599	+	20	81230310	53910
chr14	81176400	81376400	harbor2	chr14	81233437	81234145	LTR/ERVL	18766	+	354	81233791	57391
chr14	81176400	81376400	harbor2	chr14	81254494	81255332	LTR/ERVL	4191	+	419	81254913	78513
chr14	81176400	81376400	harbor2	chr14	81230355	81233044	LTR/ERVL	18766	+	1344	81231699	55299
chr14	104470380	104670380	harbor2	chr14	104495848	104496408	LTR/ERVL	1620	+	280	104496128	25748
chr14	104470380	104670380	harbor2	chr14	104517054	104517436	LTR/ERVL	871	+	191	104517245	46865
chr14	104470380	104670380	harbor2	chr14	104520054	104520967	LTR/ERVL	1070	+	456	104520510	50130
chr14	104470380	104670380	harbor2	chr14	104520989	104522034	LTR/ERVL	3338	+	522	104521511	51131
chr14	104470380	104670380	harbor2	chr14	104558162	104558583	LTR/ERVL	605	+	210	104558372	87992
chr14	104470380	104670380	harbor2	chr14	104496785	104497225	LTR/ERVL	886	+	220	104497005	26625
chr14	88927417	89127417	harbor2	chr14	88941625	88941759	LTR/ERVL	455	+	67	88941692	14275
chr14	88927417	89127417	harbor2	chr14	88977208	88977427	LTR/ERVL	596	+	110	88977318	49901
chr14	88927417	89127417	harbor2	chr14	88990317	88990639	LTR/ERVL	1556	+	161	88990478	63061
chr14	88927417	89127417	harbor2	chr14	88990775	88990805	LTR/ERVL	1207	+	15	88990790	63373
chr14	95456322	95656322	harbor2	chr14	95461447	95461684	LTR/ERVL	596	+	118	95461565	5243
chr14	95456322	95656322	harbor2	chr14	95468377	95468811	LTR/ERVL	930	+	217	95468594	12272
chr14	95456322	95656322	harbor2	chr14	95554676	95554872	LTR/ERVL	1789	+	98	95554774	98452
chr14	95456322	95656322	harbor2	chr14	95555148	95555507	LTR/ERVL	1789	+	180	95555328	99006
chr14	91227150	91427150	harbor2	chr14	91257474	91257894	LTR/ERVL	1034	+	210	91257684	30534
chr14	91227150	91427150	harbor2	chr14	91268100	91268400	LTR/ERVL	2102	+	150	91268250	41100
chr14	91227150	91427150	harbor2	chr14	91269139	91269218	LTR/ERVL	555	+	40	91269179	42029
chr14	91227150	91427150	harbor2	chr14	91320055	91320764	LTR/ERVL	2904	+	354	91320409	93259
chr14	76886650	77086650	harbor2	chr14	76948468	76948832	LTR/ERVL	1066	+	182	76948650	62000
chr14	100186150	100386150	harbor2	chr14	100206120	100206922	LTR/ERVL	2313	+	401	100206521	20371
chr14	104623757	104823757	harbor2	chr14	104662325	104662713	LTR/ERVL	1267	+	194	104662519	38762
chr14	100185464	100385464	harbor2	chr14	100206120	100206922	LTR/ERVL	2313	+	401	100206521	21057
chr14	105067542	105267542	harbor2	chr14	105124374	105124689	LTR/ERVL	522	+	158	105124532	56990
chr14	105067542	105267542	harbor2	chr14	105129954	105130159	LTR/ERVL	4627	+	102	105130056	62514
chr14	105067542	105267542	harbor2	chr14	105130472	105130786	LTR/ERVL	4627	+	157	105130629	63087
chr14	105067542	105267542	harbor2	chr14	105131090	105131880	LTR/ERVL	4627	+	395	105131485	63943
chr14	67519986	67719986	harbor2	chr14	67530451	67530755	LTR/ERVL	893	+	152	67530603	10617
chr14	94075512	94275512	harbor2	chr14	94088070	94088490	LTR/ERVL	519	+	210	94088280	12768
chr14	94075512	94275512	harbor2	chr14	94088595	94088691	LTR/ERVL	519	+	48	94088643	13131
chr14	94075512	94275512	harbor2	chr14	94119989	94120091	LTR/ERVL	552	+	51	94120040	44528
chr14	94075512	94275512	harbor2	chr14	94120509	94121304	LTR/ERVL	3421	+	398	94120907	45395
chr14	94075512	94275512	harbor2	chr14	94165938	94166218	LTR/ERVL	567	+	140	94166078	90566
chr14	75328337	75528337	harbor2	chr14	75344361	75344843	LTR/ERVL	2261	+	241	75344602	16265
chr14	75328337	75528337	harbor2	chr14	75345881	75346312	LTR/ERVL	2049	+	216	75346097	17760
chr14	75328337	75528337	harbor2	chr14	75369589	75370008	LTR/ERVL	1366	+	210	75369799	41462
chr14	75328337	75528337	harbor2	chr14	75370049	75370247	LTR/ERVL	802	+	99	75370148	41811
chr14	75328337	75528337	harbor2	chr14	75370263	75370616	LTR/ERVL	1119	+	176	75370439	42102
chr14	75328337	75528337	harbor2	chr14	75374557	75375034	LTR/ERVL	2698	+	238	75374795	46458
chr14	76939921	77139921	harbor2	chr14	76948468	76948832	LTR/ERVL	1066	+	182	76948650	8729
chr14	76939921	77139921	harbor2	chr14	76992455	76992672	LTR/ERVL	588	+	108	76992563	52642
chr14	76942497	77142497	harbor2	chr14	76948468	76948832	LTR/ERVL	1066	+	182	76948650	6153
chr14	76942497	77142497	harbor2	chr14	76992455	76992672	LTR/ERVL	588	+	108	76992563	50066
chr14	51140675	51340675	harbor2	chr14	51173976	51174147	LTR/ERVL	558	+	86	51174062	33387
chr14	51140675	51340675	harbor2	chr14	51174533	51174975	LTR/ERVL	2010	+	221	51174754	34079
chr14	51140675	51340675	harbor2	chr14	51175944	51176222	LTR/ERVL	748	+	139	51176083	35408
chr14	51140675	51340675	harbor2	chr14	51186692	51187145	LTR/ERVL	2566	+	226	51186918	46243
chr14	51140675	51340675	harbor2	chr14	51187202	51187243	LTR/ERVL	2566	+	20	51187222	46547
chr14	51140675	51340675	harbor2	chr14	51194956	51196415	LTR/ERVL	3145	+	730	51195686	55011
chr14	51140675	51340675	harbor2	chr14	51196495	51196620	LTR/ERVL	459	+	62	51196557	55882
chr14	51140675	51340675	harbor2	chr14	51196813	51196939	LTR/ERVL	476	+	63	51196876	56201
chr14	91481271	91681271	harbor2	chr14	91524033	91524441	LTR/ERVL	852	+	204	91524237	42966
chr14	91481271	91681271	harbor2	chr14	91536529	91536714	LTR/ERVL	554	+	92	91536621	55350
chr14	91481271	91681271	harbor2	chr14	91568744	91568935	LTR/ERVL	461	+	96	91568840	87569
chr14	104623750	104823750	harbor2	chr14	104662325	104662713	LTR/ERVL	1267	+	194	104662519	38769
chr14	76928705	77128705	harbor2	chr14	76948468	76948832	LTR/ERVL	1066	+	182	76948650	19945
chr14	76928705	77128705	harbor2	chr14	76992455	76992672	LTR/ERVL	588	+	108	76992563	63858
chr14	104690043	104890043	harbor2	chr14	104748812	104749690	LTR/ERVL	3664	+	439	104749251	59208
chr14	100323696	100523696	harbor2	chr14	100415403	100415905	LTR/ERVL	1808	+	251	100415654	91958
chr14	100185466	100385466	harbor2	chr14	100206120	100206922	LTR/ERVL	2313	+	401	100206521	21055
chr14	104590261	104790261	harbor2	chr14	104620992	104621099	LTR/ERVL	448	+	54	104621046	30785
chr14	104590261	104790261	harbor2	chr14	104622030	104622339	LTR/ERVL	473	+	154	104622184	31923
chr14	104590261	104790261	harbor2	chr14	104662325	104662713	LTR/ERVL	1267	+	194	104662519	72258
chr14	76932189	77132189	harbor2	chr14	76948468	76948832	LTR/ERVL	1066	+	182	76948650	16461
chr14	76932189	77132189	harbor2	chr14	76992455	76992672	LTR/ERVL	588	+	108	76992563	60374
chr14	76959696	77159696	harbor2	chr14	76992455	76992672	LTR/ERVL	588	+	108	76992563	32867
chr14	75329786	75529786	harbor2	chr14	75344361	75344843	LTR/ERVL	2261	+	241	75344602	14816
chr14	75329786	75529786	harbor2	chr14	75345881	75346312	LTR/ERVL	2049	+	216	75346097	16311
chr14	75329786	75529786	harbor2	chr14	75369589	75370008	LTR/ERVL	1366	+	210	75369799	40013
chr14	75329786	75529786	harbor2	chr14	75370049	75370247	LTR/ERVL	802	+	99	75370148	40362
chr14	75329786	75529786	harbor2	chr14	75370263	75370616	LTR/ERVL	1119	+	176	75370439	40653
chr14	75329786	75529786	harbor2	chr14	75374557	75375034	LTR/ERVL	2698	+	238	75374795	45009
chr14	105737928	105937928	harbor2	chr14	105797603	105797953	LTR/ERVL	2104	+	175	105797778	59850
chr14	105737928	105937928	harbor2	chr14	105797998	105798066	LTR/ERVL	2104	+	34	105798032	60104
chr14	105737928	105937928	harbor2	chr14	105804396	105804650	LTR/ERVL	785	+	127	105804523	66595
chr14	105737928	105937928	harbor2	chr14	105805946	105806397	LTR/ERVL	1304	+	226	105806172	68244
chr14	105737928	105937928	harbor2	chr14	105816899	105817252	LTR/ERVL	2039	+	176	105817075	79147
chr14	95436168	95636168	harbor2	chr14	95461447	95461684	LTR/ERVL	596	+	118	95461565	25397
chr14	95436168	95636168	harbor2	chr14	95468377	95468811	LTR/ERVL	930	+	217	95468594	32426
chr14	105122027	105322027	harbor2	chr14	105124374	105124689	LTR/ERVL	522	+	158	105124532	2505
chr14	105122027	105322027	harbor2	chr14	105129954	105130159	LTR/ERVL	4627	+	102	105130056	8029
chr14	105122027	105322027	harbor2	chr14	105130472	105130786	LTR/ERVL	4627	+	157	105130629	8602
chr14	105122027	105322027	harbor2	chr14	105131090	105131880	LTR/ERVL	4627	+	395	105131485	9458
chr14	104416747	104616747	harbor2	chr14	104495848	104496408	LTR/ERVL	1620	+	280	104496128	79381
chr14	104416747	104616747	harbor2	chr14	104496785	104497225	LTR/ERVL	886	+	220	104497005	80258
chr14	91474914	91674914	harbor2	chr14	91524033	91524441	LTR/ERVL	852	+	204	91524237	49323
chr14	91474914	91674914	harbor2	chr14	91536529	91536714	LTR/ERVL	554	+	92	91536621	61707
chr14	91474914	91674914	harbor2	chr14	91568744	91568935	LTR/ERVL	461	+	96	91568840	93926
chr14	100581532	100781532	harbor2	chr14	100607634	100608022	LTR/ERVL	971	+	194	100607828	26296
chr14	100581532	100781532	harbor2	chr14	100616680	100617256	LTR/ERVL	1421	+	288	100616968	35436
chr14	100581532	100781532	harbor2	chr14	100624119	100624571	LTR/ERVL	1104	+	226	100624345	42813
chr14	100581532	100781532	harbor2	chr14	100629659	100630121	LTR/ERVL	1970	+	231	100629890	48358
chr14	75330552	75530552	harbor2	chr14	75344361	75344843	LTR/ERVL	2261	+	241	75344602	14050
chr14	75330552	75530552	harbor2	chr14	75345881	75346312	LTR/ERVL	2049	+	216	75346097	15545
chr14	75330552	75530552	harbor2	chr14	75369589	75370008	LTR/ERVL	1366	+	210	75369799	39247
chr14	75330552	75530552	harbor2	chr14	75370049	75370247	LTR/ERVL	802	+	99	75370148	39596
chr14	75330552	75530552	harbor2	chr14	75370263	75370616	LTR/ERVL	1119	+	176	75370439	39887
chr14	75330552	75530552	harbor2	chr14	75374557	75375034	LTR/ERVL	2698	+	238	75374795	44243
chr14	102649173	102849173	harbor2	chr14	102732084	102732256	LTR/ERVL	576	+	86	102732170	82997
chr14	64194993	64394993	harbor2	chr14	64243988	64244116	LTR/ERVL	3248	+	64	64244052	49059
chr14	64194993	64394993	harbor2	chr14	64244422	64244864	LTR/ERVL	3248	+	221	64244643	49650
chr14	67500239	67700239	harbor2	chr14	67530451	67530755	LTR/ERVL	893	+	152	67530603	30364
chr14	100185458	100385458	harbor2	chr14	100206120	100206922	LTR/ERVL	2313	+	401	100206521	21063
chr14	104017092	104217092	harbor2	chr14	104043839	104044308	LTR/ERVL	1964	+	234	104044073	26981
chr14	104017092	104217092	harbor2	chr14	104068870	104069388	LTR/ERVL	2606	+	259	104069129	52037
chr14	104017092	104217092	harbor2	chr14	104078003	104078184	LTR/ERVL	699	+	90	104078093	61001
chr14	76928673	77128673	harbor2	chr14	76948468	76948832	LTR/ERVL	1066	+	182	76948650	19977
chr14	76928673	77128673	harbor2	chr14	76992455	76992672	LTR/ERVL	588	+	108	76992563	63890
chr14	90288480	90488480	harbor2	chr14	90340655	90341063	LTR/ERVL	865	+	204	90340859	52379
chr14	90288480	90488480	harbor2	chr14	90341356	90341476	LTR/ERVL	865	+	60	90341416	52936
chr14	105058745	105258745	harbor2	chr14	105124374	105124689	LTR/ERVL	522	+	158	105124532	65787
chr14	105058745	105258745	harbor2	chr14	105129954	105130159	LTR/ERVL	4627	+	102	105130056	71311
chr14	105058745	105258745	harbor2	chr14	105130472	105130786	LTR/ERVL	4627	+	157	105130629	71884
chr14	105058745	105258745	harbor2	chr14	105131090	105131880	LTR/ERVL	4627	+	395	105131485	72740
chr14	101443002	101643002	harbor2	chr14	101472489	101472813	LTR/ERVL	1539	+	162	101472651	29649
chr14	101443002	101643002	harbor2	chr14	101473123	101473213	LTR/ERVL	591	+	45	101473168	30166
chr14	101443002	101643002	harbor2	chr14	101473270	101473320	LTR/ERVL	591	+	25	101473295	30293
chr14	101443002	101643002	harbor2	chr14	101490931	101491222	LTR/ERVL	680	+	146	101491077	48075
chr14	101443002	101643002	harbor2	chr14	101508826	101509217	LTR/ERVL	649	+	196	101509022	66020
chr14	101443002	101643002	harbor2	chr14	101509615	101509800	LTR/ERVL	516	+	92	101509707	66705
chr14	101443002	101643002	harbor2	chr14	101509953	101511021	LTR/ERVL	1764	+	534	101510487	67485
chr14	101443002	101643002	harbor2	chr14	101511051	101511454	LTR/ERVL	1001	+	202	101511253	68251
chr14	101443002	101643002	harbor2	chr14	101511477	101511700	LTR/ERVL	739	+	112	101511589	68587
chr14	101443002	101643002	harbor2	chr14	101511742	101512013	LTR/ERVL	962	+	136	101511878	68876
chr15	29170198	29370198	harbor2	chr15	29188112	29188245	LTR/ERVL	3440	+	66	29188178	17980
chr15	29170198	29370198	harbor2	chr15	29188616	29189372	LTR/ERVL	3440	+	378	29188994	18796
chr15	29170198	29370198	harbor2	chr15	29193151	29193692	LTR/ERVL	2923	+	270	29193421	23223
chr15	29170198	29370198	harbor2	chr15	29209994	29210364	LTR/ERVL	1931	+	185	29210179	39981
chr15	29170198	29370198	harbor2	chr15	29210707	29210866	LTR/ERVL	1931	+	80	29210787	40589
chr15	29170198	29370198	harbor2	chr15	29215185	29215568	LTR/ERVL	3199	+	192	29215377	45179
chr15	29170198	29370198	harbor2	chr15	29215598	29215637	LTR/ERVL	3199	+	20	29215618	45420
chr15	29170198	29370198	harbor2	chr15	29262159	29263033	LTR/ERVL	5139	+	437	29262596	92398
chr15	74947206	75147206	harbor2	chr15	74965309	74965719	LTR/ERVL	434	+	205	74965514	18308
chr15	74947206	75147206	harbor2	chr15	74979643	74980018	LTR/ERVL	1737	+	188	74979831	32625
chr15	74947206	75147206	harbor2	chr15	74991948	74992195	LTR/ERVL	778	+	124	74992072	44866
chr15	101861517	102061517	harbor2	chr15	101948690	101949583	LTR/ERVL	756	+	446	101949136	87619
chr15	36839296	37039296	harbor2	chr15	36862020	36862169	LTR/ERVL	449	+	74	36862094	22798
chr15	101861533	102061533	harbor2	chr15	101948690	101949583	LTR/ERVL	756	+	446	101949136	87603
chr15	45378429	45578429	harbor2	chr15	45397084	45398013	LTR/ERVL	4102	+	464	45397548	19119
chr15	45378429	45578429	harbor2	chr15	45465714	45466156	LTR/ERVL	1768	+	221	45465935	87506
chr15	101862196	102062196	harbor2	chr15	101948690	101949583	LTR/ERVL	756	+	446	101949136	86940
chr15	34109976	34309976	harbor2	chr15	34109851	34109977	LTR/ERVL	521	+	63	34109914	62
chr15	36787076	36987076	harbor2	chr15	36862020	36862169	LTR/ERVL	449	+	74	36862094	75018
chr15	29945312	30145312	harbor2	chr15	29985339	29986040	LTR/ERVL	1410	+	350	29985689	40377
chr15	29945312	30145312	harbor2	chr15	30005084	30005200	LTR/ERVL	421	+	58	30005142	59830
chr15	101624468	101824468	harbor2	chr15	101677104	101677501	LTR/ERVL	2024	+	198	101677302	52834
chr15	101624468	101824468	harbor2	chr15	101691907	101692083	LTR/ERVL	910	+	88	101691995	67527
chr15	101624468	101824468	harbor2	chr15	101692095	101692319	LTR/ERVL	605	+	112	101692207	67739
chr15	101624468	101824468	harbor2	chr15	101692563	101692834	LTR/ERVL	705	+	136	101692699	68231
chr15	101624468	101824468	harbor2	chr15	101709830	101710609	LTR/ERVL	3710	+	390	101710220	85752
chr15	28550210	28750210	harbor2	chr15	28597560	28597957	LTR/ERVL	836	+	198	28597758	47548
chr15	28550210	28750210	harbor2	chr15	28617325	28617480	LTR/ERVL	716	+	78	28617403	67193
chr15	101876518	102076518	harbor2	chr15	101948690	101949583	LTR/ERVL	756	+	446	101949136	72618
chr15	101875496	102075496	harbor2	chr15	101948690	101949583	LTR/ERVL	756	+	446	101949136	73640
chr15	74947209	75147209	harbor2	chr15	74965309	74965719	LTR/ERVL	434	+	205	74965514	18305
chr15	74947209	75147209	harbor2	chr15	74979643	74980018	LTR/ERVL	1737	+	188	74979831	32622
chr15	74947209	75147209	harbor2	chr15	74991948	74992195	LTR/ERVL	778	+	124	74992072	44863
chr15	78669137	78869137	harbor2	chr15	78672413	78673025	LTR/ERVL	3811	+	306	78672719	3582
chr15	78669137	78869137	harbor2	chr15	78693668	78693778	LTR/ERVL	2439	+	55	78693723	24586
chr15	78669137	78869137	harbor2	chr15	78694087	78694539	LTR/ERVL	2439	+	226	78694313	25176
chr15	50808701	51008701	harbor2	chr15	50818002	50818697	LTR/ERVL	2108	+	348	50818350	9649
chr15	101861525	102061525	harbor2	chr15	101948690	101949583	LTR/ERVL	756	+	446	101949136	87611
chr15	29334927	29534927	harbor2	chr15	29343178	29343573	LTR/ERVL	2189	+	198	29343376	8449
chr15	29334927	29534927	harbor2	chr15	29343618	29343660	LTR/ERVL	2189	+	21	29343639	8712
chr15	29334927	29534927	harbor2	chr15	29353934	29354438	LTR/ERVL	2576	+	252	29354186	19259
chr15	29334927	29534927	harbor2	chr15	29354883	29355308	LTR/ERVL	889	+	212	29355095	20168
chr15	29334927	29534927	harbor2	chr15	29375575	29375867	LTR/ERVL	1143	+	146	29375721	40794
chr15	29334927	29534927	harbor2	chr15	29378384	29378743	LTR/ERVL	1804	+	180	29378564	43637
chr15	69999345	70199345	harbor2	chr15	70003072	70003184	LTR/ERVL	430	+	56	70003128	3783
chr15	68720982	68920982	harbor2	chr15	68736890	68737108	LTR/ERVL	2035	+	109	68736999	16017
chr15	68720982	68920982	harbor2	chr15	68737683	68737818	LTR/ERVL	2035	+	68	68737751	16769
chr15	68720982	68920982	harbor2	chr15	68739048	68739508	LTR/ERVL	2035	+	230	68739278	18296
chr15	68720982	68920982	harbor2	chr15	68743669	68743989	LTR/ERVL	643	+	160	68743829	22847
chr15	68720982	68920982	harbor2	chr15	68766742	68767175	LTR/ERVL	2397	+	216	68766958	45976
chr15	72428517	72628517	harbor2	chr15	72503071	72503642	LTR/ERVL	686	+	286	72503357	74840
chr15	101862010	102062010	harbor2	chr15	101948690	101949583	LTR/ERVL	756	+	446	101949136	87126
chr15	29332913	29532913	harbor2	chr15	29343178	29343573	LTR/ERVL	2189	+	198	29343376	10463
chr15	29332913	29532913	harbor2	chr15	29343618	29343660	LTR/ERVL	2189	+	21	29343639	10726
chr15	29332913	29532913	harbor2	chr15	29353934	29354438	LTR/ERVL	2576	+	252	29354186	21273
chr15	29332913	29532913	harbor2	chr15	29354883	29355308	LTR/ERVL	889	+	212	29355095	22182
chr15	29332913	29532913	harbor2	chr15	29375575	29375867	LTR/ERVL	1143	+	146	29375721	42808
chr15	29332913	29532913	harbor2	chr15	29378384	29378743	LTR/ERVL	1804	+	180	29378564	45651
chr15	20980576	21180576	harbor2	chr15	21001333	21001712	LTR/ERVL	937	+	190	21001523	20947
chr15	20980576	21180576	harbor2	chr15	21001764	21001983	LTR/ERVL	602	+	110	21001874	21298
chr15	20980576	21180576	harbor2	chr15	21048053	21049434	LTR/ERVL	10173	+	690	21048743	68167
chr15	20980576	21180576	harbor2	chr15	21049435	21049862	LTR/ERVL	2977	+	214	21049649	69073
chr15	20980576	21180576	harbor2	chr15	21075746	21076001	LTR/ERVL	1075	+	128	21075874	95298
chr15	39197828	39397828	harbor2	chr15	39198636	39198769	LTR/ERVL	459	+	66	39198702	874
chr15	39197828	39397828	harbor2	chr15	39209034	39209229	LTR/ERVL	952	+	98	39209132	11304
chr15	39197828	39397828	harbor2	chr15	39224857	39224922	LTR/ERVL	802	+	32	39224889	27061
chr15	39197828	39397828	harbor2	chr15	39225186	39225604	LTR/ERVL	802	+	209	39225395	27567
chr15	39197828	39397828	harbor2	chr15	39206598	39207109	LTR/ERVL	1850	+	256	39206854	9026
chr15	29169893	29369893	harbor2	chr15	29188112	29188245	LTR/ERVL	3440	+	66	29188178	18285
chr15	29169893	29369893	harbor2	chr15	29188616	29189372	LTR/ERVL	3440	+	378	29188994	19101
chr15	29169893	29369893	harbor2	chr15	29193151	29193692	LTR/ERVL	2923	+	270	29193421	23528
chr15	29169893	29369893	harbor2	chr15	29209994	29210364	LTR/ERVL	1931	+	185	29210179	40286
chr15	29169893	29369893	harbor2	chr15	29210707	29210866	LTR/ERVL	1931	+	80	29210787	40894
chr15	29169893	29369893	harbor2	chr15	29215185	29215568	LTR/ERVL	3199	+	192	29215377	45484
chr15	29169893	29369893	harbor2	chr15	29215598	29215637	LTR/ERVL	3199	+	20	29215618	45725
chr15	29169893	29369893	harbor2	chr15	29262159	29263033	LTR/ERVL	5139	+	437	29262596	92703
chr15	63405661	63605661	harbor2	chr15	63419809	63420185	LTR/ERVL	915	+	188	63419997	14336
chr15	63405661	63605661	harbor2	chr15	63420639	63420736	LTR/ERVL	915	+	48	63420687	15026
chr15	63405661	63605661	harbor2	chr15	63427678	63428091	LTR/ERVL	1226	+	206	63427884	22223
chr15	63405661	63605661	harbor2	chr15	63460442	63460629	LTR/ERVL	484	+	94	63460536	54875
chr15	21245089	21445089	harbor2	chr15	21273140	21273669	LTR/ERVL	1033	+	264	21273404	28315
chr15	37063889	37263889	harbor2	chr15	37113762	37113927	LTR/ERVL	652	+	82	37113844	49955
chr15	37063889	37263889	harbor2	chr15	37149739	37149944	LTR/ERVL	708	+	102	37149841	85952
chr15	37063889	37263889	harbor2	chr15	37150328	37150548	LTR/ERVL	593	+	110	37150438	86549
chr15	37063889	37263889	harbor2	chr15	37150623	37153240	LTR/ERVL	6604	+	1308	37151931	88042
chr15	37063889	37263889	harbor2	chr15	37153544	37153703	LTR/ERVL	6604	+	80	37153624	89735
chr15	37063889	37263889	harbor2	chr15	37153735	37154350	LTR/ERVL	2028	+	308	37154043	90154
chr15	37063889	37263889	harbor2	chr15	37155008	37155374	LTR/ERVL	423	+	183	37155191	91302
chr15	37063889	37263889	harbor2	chr15	37155449	37155905	LTR/ERVL	1255	+	228	37155677	91788
chr15	48389932	48589932	harbor2	chr15	48392193	48392445	LTR/ERVL	521	+	126	48392319	2387
chr15	48389932	48589932	harbor2	chr15	48487534	48487771	LTR/ERVL	969	+	118	48487652	97720
chr15	69199269	69399269	harbor2	chr15	69285664	69286069	LTR/ERVL	2107	+	202	69285866	86597
chr15	69199269	69399269	harbor2	chr15	69286069	69286257	LTR/ERVL	1181	+	94	69286163	86894
chr15	69999529	70199529	harbor2	chr15	70003072	70003184	LTR/ERVL	430	+	56	70003128	3599
chr15	36837616	37037616	harbor2	chr15	36862020	36862169	LTR/ERVL	449	+	74	36862094	24478
chr15	79823750	80023750	harbor2	chr15	79868461	79868861	LTR/ERVL	1413	+	200	79868661	44911
chr15	45302521	45502521	harbor2	chr15	45344538	45344780	LTR/ERVL	2150	+	121	45344659	42138
chr15	45302521	45502521	harbor2	chr15	45345099	45345266	LTR/ERVL	2150	+	84	45345183	42662
chr15	45302521	45502521	harbor2	chr15	45345310	45345422	LTR/ERVL	2150	+	56	45345366	42845
chr15	45302521	45502521	harbor2	chr15	45397084	45398013	LTR/ERVL	4102	+	464	45397548	95027
chr15	56979942	57179942	harbor2	chr15	57013977	57014862	LTR/ERVL	3076	+	442	57014419	34477
chr15	56979942	57179942	harbor2	chr15	57014917	57014977	LTR/ERVL	3076	+	30	57014947	35005
chr15	56979942	57179942	harbor2	chr15	57016325	57016670	LTR/ERVL	1219	+	172	57016497	36555
chr15	56979942	57179942	harbor2	chr15	57016671	57017165	LTR/ERVL	2301	+	247	57016918	36976
chr15	56979942	57179942	harbor2	chr15	57048937	57049337	LTR/ERVL	1076	+	200	57049137	69195
chr15	29169897	29369897	harbor2	chr15	29188112	29188245	LTR/ERVL	3440	+	66	29188178	18281
chr15	29169897	29369897	harbor2	chr15	29188616	29189372	LTR/ERVL	3440	+	378	29188994	19097
chr15	29169897	29369897	harbor2	chr15	29193151	29193692	LTR/ERVL	2923	+	270	29193421	23524
chr15	29169897	29369897	harbor2	chr15	29209994	29210364	LTR/ERVL	1931	+	185	29210179	40282
chr15	29169897	29369897	harbor2	chr15	29210707	29210866	LTR/ERVL	1931	+	80	29210787	40890
chr15	29169897	29369897	harbor2	chr15	29215185	29215568	LTR/ERVL	3199	+	192	29215377	45480
chr15	29169897	29369897	harbor2	chr15	29215598	29215637	LTR/ERVL	3199	+	20	29215618	45721
chr15	29169897	29369897	harbor2	chr15	29262159	29263033	LTR/ERVL	5139	+	437	29262596	92699
chr15	73800179	74000179	harbor2	chr15	73830509	73830904	LTR/ERVL	1003	+	198	73830707	30528
chr15	73800179	74000179	harbor2	chr15	73852717	73853131	LTR/ERVL	1651	+	207	73852924	52745
chr15	21245080	21445080	harbor2	chr15	21273140	21273669	LTR/ERVL	1033	+	264	21273404	28324
chr15	101859001	102059001	harbor2	chr15	101948690	101949583	LTR/ERVL	756	+	446	101949136	90135
chr15	101624486	101824486	harbor2	chr15	101677104	101677501	LTR/ERVL	2024	+	198	101677302	52816
chr15	101624486	101824486	harbor2	chr15	101691907	101692083	LTR/ERVL	910	+	88	101691995	67509
chr15	101624486	101824486	harbor2	chr15	101692095	101692319	LTR/ERVL	605	+	112	101692207	67721
chr15	101624486	101824486	harbor2	chr15	101692563	101692834	LTR/ERVL	705	+	136	101692699	68213
chr15	101624486	101824486	harbor2	chr15	101709830	101710609	LTR/ERVL	3710	+	390	101710220	85734
chr15	45487658	45687658	harbor2	chr15	45566504	45566691	LTR/ERVL	593	+	94	45566598	78940
chr15	45487658	45687658	harbor2	chr15	45567285	45568001	LTR/ERVL	884	+	358	45567643	79985
chr15	45487658	45687658	harbor2	chr15	45568322	45569117	LTR/ERVL	2248	+	398	45568720	81062
chr15	45487658	45687658	harbor2	chr15	45570138	45570725	LTR/ERVL	1785	+	294	45570432	82774
chr15	45487658	45687658	harbor2	chr15	45570853	45570928	LTR/ERVL	1785	+	38	45570891	83233
chr15	73826340	74026340	harbor2	chr15	73830509	73830904	LTR/ERVL	1003	+	198	73830707	4367
chr15	73826340	74026340	harbor2	chr15	73852717	73853131	LTR/ERVL	1651	+	207	73852924	26584
chr15	73826340	74026340	harbor2	chr15	73901176	73901479	LTR/ERVL	581	+	152	73901328	74988
chr15	73826340	74026340	harbor2	chr15	73903169	73903628	LTR/ERVL	1031	+	230	73903399	77059
chr15	73826340	74026340	harbor2	chr15	73914300	73914682	LTR/ERVL	962	+	191	73914491	88151
chr15	73826340	74026340	harbor2	chr15	73914978	73915068	LTR/ERVL	962	+	45	73915023	88683
chr15	78668235	78868235	harbor2	chr15	78672413	78673025	LTR/ERVL	3811	+	306	78672719	4484
chr15	78668235	78868235	harbor2	chr15	78693668	78693778	LTR/ERVL	2439	+	55	78693723	25488
chr15	78668235	78868235	harbor2	chr15	78694087	78694539	LTR/ERVL	2439	+	226	78694313	26078
chr15	77545719	77745719	harbor2	chr15	77584160	77584629	LTR/ERVL	1477	+	234	77584394	38675
chr16	58760120	58960120	harbor2	chr16	58812971	58813184	LTR/ERVL	662	+	106	58813077	52957
chr16	58760120	58960120	harbor2	chr16	58813481	58813704	LTR/ERVL	662	+	112	58813593	53473
chr16	88757148	88957148	harbor2	chr16	88766100	88766425	LTR/ERVL	681	+	162	88766262	9114
chr16	66712056	66912056	harbor2	chr16	66795274	66795549	LTR/ERVL	1253	+	138	66795412	83356
chr16	688197	888197	harbor2	chr16	735073	735423	LTR/ERVL	814	+	175	735248	47051
chr16	688197	888197	harbor2	chr16	735416	735901	LTR/ERVL	1401	+	242	735658	47461
chr16	688197	888197	harbor2	chr16	760974	761306	LTR/ERVL	802	+	166	761140	72943
chr16	53038047	53238047	harbor2	chr16	53079448	53080213	LTR/ERVL	2754	+	382	53079830	41783
chr16	4085358	4285358	harbor2	chr16	4134690	4134935	LTR/ERVL	1839	+	122	4134812	49454
chr16	4085358	4285358	harbor2	chr16	4135246	4135336	LTR/ERVL	1839	+	45	4135291	49933
chr16	4085358	4285358	harbor2	chr16	4180175	4180381	LTR/ERVL	552	+	103	4180278	94920
chr16	1017380	1217380	harbor2	chr16	1067475	1067768	LTR/ERVL	1121	+	146	1067621	50241
chr16	1017380	1217380	harbor2	chr16	1067860	1068025	LTR/ERVL	588	+	82	1067942	50562
chr16	4017125	4217125	harbor2	chr16	4072260	4072613	LTR/ERVL	1546	+	176	4072436	55311
chr16	56535582	56735582	harbor2	chr16	56569217	56569578	LTR/ERVL	1174	+	180	56569397	33815
chr16	12196224	12396224	harbor2	chr16	12236998	12237462	LTR/ERVL	734	+	232	12237230	41006
chr16	700509	900509	harbor2	chr16	735073	735423	LTR/ERVL	814	+	175	735248	34739
chr16	700509	900509	harbor2	chr16	735416	735901	LTR/ERVL	1401	+	242	735658	35149
chr16	700509	900509	harbor2	chr16	760974	761306	LTR/ERVL	802	+	166	761140	60631
chr16	4153746	4353746	harbor2	chr16	4180175	4180381	LTR/ERVL	552	+	103	4180278	26532
chr16	874825	1074825	harbor2	chr16	906244	906669	LTR/ERVL	2499	+	212	906456	31631
chr16	1892491	2092491	harbor2	chr16	1904421	1904676	LTR/ERVL	696	+	128	1904549	12058
chr16	1892491	2092491	harbor2	chr16	1936811	1937145	LTR/ERVL	1374	+	167	1936978	44487
chr16	700920	900920	harbor2	chr16	735073	735423	LTR/ERVL	814	+	175	735248	34328
chr16	700920	900920	harbor2	chr16	735416	735901	LTR/ERVL	1401	+	242	735658	34738
chr16	700920	900920	harbor2	chr16	760974	761306	LTR/ERVL	802	+	166	761140	60220
chr16	31042566	31242566	harbor2	chr16	31100362	31100712	LTR/ERVL	2556	+	175	31100537	57971
chr16	31042566	31242566	harbor2	chr16	31101019	31101264	LTR/ERVL	2556	+	122	31101141	58575
chr16	871016	1071016	harbor2	chr16	906244	906669	LTR/ERVL	2499	+	212	906456	35440
chr16	89220363	89420363	harbor2	chr16	89231483	89231837	LTR/ERVL	671	+	177	89231660	11297
chr16	89220363	89420363	harbor2	chr16	89233796	89234135	LTR/ERVL	857	+	170	89233966	13603
chr16	700529	900529	harbor2	chr16	735073	735423	LTR/ERVL	814	+	175	735248	34719
chr16	700529	900529	harbor2	chr16	735416	735901	LTR/ERVL	1401	+	242	735658	35129
chr16	700529	900529	harbor2	chr16	760974	761306	LTR/ERVL	802	+	166	761140	60611
chr16	700514	900514	harbor2	chr16	735073	735423	LTR/ERVL	814	+	175	735248	34734
chr16	700514	900514	harbor2	chr16	735416	735901	LTR/ERVL	1401	+	242	735658	35144
chr16	700514	900514	harbor2	chr16	760974	761306	LTR/ERVL	802	+	166	761140	60626
chr16	700917	900917	harbor2	chr16	735073	735423	LTR/ERVL	814	+	175	735248	34331
chr16	700917	900917	harbor2	chr16	735416	735901	LTR/ERVL	1401	+	242	735658	34741
chr16	700917	900917	harbor2	chr16	760974	761306	LTR/ERVL	802	+	166	761140	60223
chr16	701130	901130	harbor2	chr16	735073	735423	LTR/ERVL	814	+	175	735248	34118
chr16	701130	901130	harbor2	chr16	735416	735901	LTR/ERVL	1401	+	242	735658	34528
chr16	701130	901130	harbor2	chr16	760974	761306	LTR/ERVL	802	+	166	761140	60010
chr16	88757158	88957158	harbor2	chr16	88766100	88766425	LTR/ERVL	681	+	162	88766262	9104
chr16	47360971	47560971	harbor2	chr16	47378937	47379349	LTR/ERVL	1613	+	206	47379143	18172
chr16	47360971	47560971	harbor2	chr16	47379357	47379405	LTR/ERVL	1670	+	24	47379381	18410
chr16	47360971	47560971	harbor2	chr16	47379705	47380694	LTR/ERVL	1670	+	494	47380199	19228
chr16	47360971	47560971	harbor2	chr16	47380664	47380776	LTR/ERVL	553	+	56	47380720	19749
chr16	47360971	47560971	harbor2	chr16	47387382	47387707	LTR/ERVL	1435	+	162	47387544	26573
chr16	89759501	89959501	harbor2	chr16	89804287	89804524	LTR/ERVL	1419	+	118	89804405	44904
chr16	66222805	66422805	harbor2	chr16	66253500	66253995	LTR/ERVL	2122	+	248	66253748	30943
chr16	66222805	66422805	harbor2	chr16	66273162	66273705	LTR/ERVL	1847	+	272	66273434	50629
chr16	30435060	30635060	harbor2	chr16	30489530	30489664	LTR/ERVL	1987	+	67	30489597	54537
chr16	30435060	30635060	harbor2	chr16	30490248	30490678	LTR/ERVL	1987	+	215	30490463	55403
chr16	701121	901121	harbor2	chr16	735073	735423	LTR/ERVL	814	+	175	735248	34127
chr16	701121	901121	harbor2	chr16	735416	735901	LTR/ERVL	1401	+	242	735658	34537
chr16	701121	901121	harbor2	chr16	760974	761306	LTR/ERVL	802	+	166	761140	60019
chr16	4084908	4284908	harbor2	chr16	4134690	4134935	LTR/ERVL	1839	+	122	4134812	49904
chr16	4084908	4284908	harbor2	chr16	4135246	4135336	LTR/ERVL	1839	+	45	4135291	50383
chr16	4084908	4284908	harbor2	chr16	4180175	4180381	LTR/ERVL	552	+	103	4180278	95370
chr16	2870244	3070244	harbor2	chr16	2942645	2942720	LTR/ERVL	1819	+	38	2942683	72439
chr16	2870244	3070244	harbor2	chr16	2943001	2943487	LTR/ERVL	1819	+	243	2943244	73000
chr16	712066	912066	harbor2	chr16	735073	735423	LTR/ERVL	814	+	175	735248	23182
chr16	712066	912066	harbor2	chr16	735416	735901	LTR/ERVL	1401	+	242	735658	23592
chr16	712066	912066	harbor2	chr16	760974	761306	LTR/ERVL	802	+	166	761140	49074
chr16	56508531	56708531	harbor2	chr16	56511508	56511755	LTR/ERVL	1406	+	124	56511632	3101
chr16	56508531	56708531	harbor2	chr16	56526691	56526988	LTR/ERVL	879	+	148	56526839	18308
chr16	56508531	56708531	harbor2	chr16	56527539	56527593	LTR/ERVL	879	+	27	56527566	19035
chr16	56508531	56708531	harbor2	chr16	56569217	56569578	LTR/ERVL	1174	+	180	56569397	60866
chr16	4084077	4284077	harbor2	chr16	4134690	4134935	LTR/ERVL	1839	+	122	4134812	50735
chr16	4084077	4284077	harbor2	chr16	4135246	4135336	LTR/ERVL	1839	+	45	4135291	51214
chr16	4084077	4284077	harbor2	chr16	4180175	4180381	LTR/ERVL	552	+	103	4180278	96201
chr16	31042549	31242549	harbor2	chr16	31100362	31100712	LTR/ERVL	2556	+	175	31100537	57988
chr16	31042549	31242549	harbor2	chr16	31101019	31101264	LTR/ERVL	2556	+	122	31101141	58592
chr16	2865147	3065147	harbor2	chr16	2942645	2942720	LTR/ERVL	1819	+	38	2942683	77536
chr16	2865147	3065147	harbor2	chr16	2943001	2943487	LTR/ERVL	1819	+	243	2943244	78097
chr16	4085175	4285175	harbor2	chr16	4134690	4134935	LTR/ERVL	1839	+	122	4134812	49637
chr16	4085175	4285175	harbor2	chr16	4135246	4135336	LTR/ERVL	1839	+	45	4135291	50116
chr16	4085175	4285175	harbor2	chr16	4180175	4180381	LTR/ERVL	552	+	103	4180278	95103
chr16	56536591	56736591	harbor2	chr16	56569217	56569578	LTR/ERVL	1174	+	180	56569397	32806
chr16	31042564	31242564	harbor2	chr16	31100362	31100712	LTR/ERVL	2556	+	175	31100537	57973
chr16	31042564	31242564	harbor2	chr16	31101019	31101264	LTR/ERVL	2556	+	122	31101141	58577
chr16	2432074	2632074	harbor2	chr16	2485088	2485852	LTR/ERVL	1790	+	382	2485470	53396
chr16	4998410	5198410	harbor2	chr16	5022687	5023045	LTR/ERVL	1348	+	179	5022866	24456
chr16	4998410	5198410	harbor2	chr16	5046966	5047372	LTR/ERVL	726	+	203	5047169	48759
chr16	2401423	2601423	harbor2	chr16	2485088	2485852	LTR/ERVL	1790	+	382	2485470	84047
chr16	700505	900505	harbor2	chr16	735073	735423	LTR/ERVL	814	+	175	735248	34743
chr16	700505	900505	harbor2	chr16	735416	735901	LTR/ERVL	1401	+	242	735658	35153
chr16	700505	900505	harbor2	chr16	760974	761306	LTR/ERVL	802	+	166	761140	60635
chr16	870896	1070896	harbor2	chr16	906244	906669	LTR/ERVL	2499	+	212	906456	35560
chr16	870915	1070915	harbor2	chr16	906244	906669	LTR/ERVL	2499	+	212	906456	35541
chr16	1909537	2109537	harbor2	chr16	1936811	1937145	LTR/ERVL	1374	+	167	1936978	27441
chr16	2687897	2887897	harbor2	chr16	2780281	2780399	LTR/ERVL	591	+	59	2780340	92443
chr16	2687897	2887897	harbor2	chr16	2780448	2780868	LTR/ERVL	1987	+	210	2780658	92761
chr16	700519	900519	harbor2	chr16	735073	735423	LTR/ERVL	814	+	175	735248	34729
chr16	700519	900519	harbor2	chr16	735416	735901	LTR/ERVL	1401	+	242	735658	35139
chr16	700519	900519	harbor2	chr16	760974	761306	LTR/ERVL	802	+	166	761140	60621
chr16	870916	1070916	harbor2	chr16	906244	906669	LTR/ERVL	2499	+	212	906456	35540
chr16	2865121	3065121	harbor2	chr16	2942645	2942720	LTR/ERVL	1819	+	38	2942683	77562
chr16	2865121	3065121	harbor2	chr16	2943001	2943487	LTR/ERVL	1819	+	243	2943244	78123
chr16	897933	1097933	harbor2	chr16	906244	906669	LTR/ERVL	2499	+	212	906456	8523
chr16	47360977	47560977	harbor2	chr16	47378937	47379349	LTR/ERVL	1613	+	206	47379143	18166
chr16	47360977	47560977	harbor2	chr16	47379357	47379405	LTR/ERVL	1670	+	24	47379381	18404
chr16	47360977	47560977	harbor2	chr16	47379705	47380694	LTR/ERVL	1670	+	494	47380199	19222
chr16	47360977	47560977	harbor2	chr16	47380664	47380776	LTR/ERVL	553	+	56	47380720	19743
chr16	47360977	47560977	harbor2	chr16	47387382	47387707	LTR/ERVL	1435	+	162	47387544	26567
chr16	69105091	69305091	harbor2	chr16	69184907	69185258	LTR/ERVL	2318	+	176	69185083	79992
chr16	69105091	69305091	harbor2	chr16	69185853	69185872	LTR/ERVL	2318	+	10	69185863	80772
chr16	69105091	69305091	harbor2	chr16	69186187	69186402	LTR/ERVL	2318	+	108	69186295	81204
chr16	4085109	4285109	harbor2	chr16	4134690	4134935	LTR/ERVL	1839	+	122	4134812	49703
chr16	4085109	4285109	harbor2	chr16	4135246	4135336	LTR/ERVL	1839	+	45	4135291	50182
chr16	4085109	4285109	harbor2	chr16	4180175	4180381	LTR/ERVL	552	+	103	4180278	95169
chr16	2873823	3073823	harbor2	chr16	2942645	2942720	LTR/ERVL	1819	+	38	2942683	68860
chr16	2873823	3073823	harbor2	chr16	2943001	2943487	LTR/ERVL	1819	+	243	2943244	69421
chr16	702916	902916	harbor2	chr16	735073	735423	LTR/ERVL	814	+	175	735248	32332
chr16	702916	902916	harbor2	chr16	735416	735901	LTR/ERVL	1401	+	242	735658	32742
chr16	702916	902916	harbor2	chr16	760974	761306	LTR/ERVL	802	+	166	761140	58224
chr16	2868940	3068940	harbor2	chr16	2942645	2942720	LTR/ERVL	1819	+	38	2942683	73743
chr16	2868940	3068940	harbor2	chr16	2943001	2943487	LTR/ERVL	1819	+	243	2943244	74304
chr16	75364243	75564243	harbor2	chr16	75390661	75390972	LTR/ERVL	583	+	156	75390817	26574
chr16	75364243	75564243	harbor2	chr16	75393180	75393382	LTR/ERVL	806	+	101	75393281	29038
chr16	2431181	2631181	harbor2	chr16	2485088	2485852	LTR/ERVL	1790	+	382	2485470	54289
chr16	67399527	67599527	harbor2	chr16	67487109	67487255	LTR/ERVL	660	+	73	67487182	87655
chr17	7477694	7677694	harbor2	chr17	7568039	7568315	LTR/ERVL	2661	+	138	7568177	90483
chr17	7477694	7677694	harbor2	chr17	7568605	7569103	LTR/ERVL	2661	+	249	7568854	91160
chr17	81925783	82125783	harbor2	chr17	81944421	81944983	LTR/ERVL	1723	+	281	81944702	18919
chr17	81925783	82125783	harbor2	chr17	81945888	81945999	LTR/ERVL	944	+	56	81945944	20161
chr17	81925783	82125783	harbor2	chr17	81947212	81947354	LTR/ERVL	944	+	71	81947283	21500
chr17	81925783	82125783	harbor2	chr17	81971652	81972050	LTR/ERVL	1788	+	199	81971851	46068
chr17	7493808	7693808	harbor2	chr17	7568039	7568315	LTR/ERVL	2661	+	138	7568177	74369
chr17	7493808	7693808	harbor2	chr17	7568605	7569103	LTR/ERVL	2661	+	249	7568854	75046
chr17	79703259	79903259	harbor2	chr17	79769823	79770126	LTR/ERVL	599	+	152	79769975	66716
chr17	7491992	7691992	harbor2	chr17	7568039	7568315	LTR/ERVL	2661	+	138	7568177	76185
chr17	7491992	7691992	harbor2	chr17	7568605	7569103	LTR/ERVL	2661	+	249	7568854	76862
chr17	7477462	7677462	harbor2	chr17	7568039	7568315	LTR/ERVL	2661	+	138	7568177	90715
chr17	7477462	7677462	harbor2	chr17	7568605	7569103	LTR/ERVL	2661	+	249	7568854	91392
chr17	7489435	7689435	harbor2	chr17	7568039	7568315	LTR/ERVL	2661	+	138	7568177	78742
chr17	7489435	7689435	harbor2	chr17	7568605	7569103	LTR/ERVL	2661	+	249	7568854	79419
chr17	7475157	7675157	harbor2	chr17	7568039	7568315	LTR/ERVL	2661	+	138	7568177	93020
chr17	7475157	7675157	harbor2	chr17	7568605	7569103	LTR/ERVL	2661	+	249	7568854	93697
chr17	80968889	81168889	harbor2	chr17	80987451	80987662	LTR/ERVL	607	+	106	80987557	18668
chr17	79533790	79733790	harbor2	chr17	79575952	79576277	LTR/ERVL	1335	+	162	79576114	42324
chr17	79696192	79896192	harbor2	chr17	79769823	79770126	LTR/ERVL	599	+	152	79769975	73783
chr17	72949343	73149343	harbor2	chr17	72995407	72995851	LTR/ERVL	2578	+	222	72995629	46286
chr17	72949343	73149343	harbor2	chr17	73000753	73001340	LTR/ERVL	1215	+	294	73001047	51704
chr17	33328761	33528761	harbor2	chr17	33405343	33405471	LTR/ERVL	1810	+	64	33405407	76646
chr17	33328761	33528761	harbor2	chr17	33405782	33406168	LTR/ERVL	1810	+	193	33405975	77214
chr17	7514483	7714483	harbor2	chr17	7568039	7568315	LTR/ERVL	2661	+	138	7568177	53694
chr17	7514483	7714483	harbor2	chr17	7568605	7569103	LTR/ERVL	2661	+	249	7568854	54371
chr17	3792936	3992936	harbor2	chr17	3857986	3858069	LTR/ERVL	3960	+	42	3858028	65092
chr17	3792936	3992936	harbor2	chr17	3858374	3859052	LTR/ERVL	3960	+	339	3858713	65777
chr17	3792936	3992936	harbor2	chr17	3859341	3859391	LTR/ERVL	3960	+	25	3859366	66430
chr17	80934876	81134876	harbor2	chr17	80987451	80987662	LTR/ERVL	607	+	106	80987557	52681
chr17	7473235	7673235	harbor2	chr17	7568039	7568315	LTR/ERVL	2661	+	138	7568177	94942
chr17	7473235	7673235	harbor2	chr17	7568605	7569103	LTR/ERVL	2661	+	249	7568854	95619
chr17	79720491	79920491	harbor2	chr17	79769823	79770126	LTR/ERVL	599	+	152	79769975	49484
chr17	7489456	7689456	harbor2	chr17	7568039	7568315	LTR/ERVL	2661	+	138	7568177	78721
chr17	7489456	7689456	harbor2	chr17	7568605	7569103	LTR/ERVL	2661	+	249	7568854	79398
chr17	76637927	76837927	harbor2	chr17	76690872	76691732	LTR/ERVL	2986	+	430	76691302	53375
chr17	80934862	81134862	harbor2	chr17	80987451	80987662	LTR/ERVL	607	+	106	80987557	52695
chr17	992084	1192084	harbor2	chr17	1058948	1059482	LTR/ERVL	1125	+	267	1059215	67131
chr17	79703204	79903204	harbor2	chr17	79769823	79770126	LTR/ERVL	599	+	152	79769975	66771
chr17	80934904	81134904	harbor2	chr17	80987451	80987662	LTR/ERVL	607	+	106	80987557	52653
chr17	76986524	77186524	harbor2	chr17	76998981	76999405	LTR/ERVL	1270	+	212	76999193	12669
chr17	76986524	77186524	harbor2	chr17	76999721	76999944	LTR/ERVL	1270	+	112	76999833	13309
chr17	76986524	77186524	harbor2	chr17	77017284	77017632	LTR/ERVL	2605	+	174	77017458	30934
chr17	76986524	77186524	harbor2	chr17	77017939	77018353	LTR/ERVL	2605	+	207	77018146	31622
chr17	76986524	77186524	harbor2	chr17	77018703	77018796	LTR/ERVL	2605	+	46	77018749	32225
chr17	81930270	82130270	harbor2	chr17	81944421	81944983	LTR/ERVL	1723	+	281	81944702	14432
chr17	81930270	82130270	harbor2	chr17	81945888	81945999	LTR/ERVL	944	+	56	81945944	15674
chr17	81930270	82130270	harbor2	chr17	81947212	81947354	LTR/ERVL	944	+	71	81947283	17013
chr17	81930270	82130270	harbor2	chr17	81971652	81972050	LTR/ERVL	1788	+	199	81971851	41581
chr17	7514239	7714239	harbor2	chr17	7568039	7568315	LTR/ERVL	2661	+	138	7568177	53938
chr17	7514239	7714239	harbor2	chr17	7568605	7569103	LTR/ERVL	2661	+	249	7568854	54615
chr17	77746448	77946448	harbor2	chr17	77774939	77775379	LTR/ERVL	3117	+	220	77775159	28711
chr17	77746448	77946448	harbor2	chr17	77831066	77831476	LTR/ERVL	1247	+	205	77831271	84823
chr17	77746448	77946448	harbor2	chr17	77831721	77832204	LTR/ERVL	2567	+	242	77831963	85515
chr17	76638000	76838000	harbor2	chr17	76690872	76691732	LTR/ERVL	2986	+	430	76691302	53302
chr17	79709040	79909040	harbor2	chr17	79769823	79770126	LTR/ERVL	599	+	152	79769975	60935
chr17	7488100	7688100	harbor2	chr17	7568039	7568315	LTR/ERVL	2661	+	138	7568177	80077
chr17	7488100	7688100	harbor2	chr17	7568605	7569103	LTR/ERVL	2661	+	249	7568854	80754
chr17	80934867	81134867	harbor2	chr17	80987451	80987662	LTR/ERVL	607	+	106	80987557	52690
chr17	7477191	7677191	harbor2	chr17	7568039	7568315	LTR/ERVL	2661	+	138	7568177	90986
chr17	7477191	7677191	harbor2	chr17	7568605	7569103	LTR/ERVL	2661	+	249	7568854	91663
chr17	7489503	7689503	harbor2	chr17	7568039	7568315	LTR/ERVL	2661	+	138	7568177	78674
chr17	7489503	7689503	harbor2	chr17	7568605	7569103	LTR/ERVL	2661	+	249	7568854	79351
chr17	7526756	7726756	harbor2	chr17	7568039	7568315	LTR/ERVL	2661	+	138	7568177	41421
chr17	7526756	7726756	harbor2	chr17	7568605	7569103	LTR/ERVL	2661	+	249	7568854	42098
chr17	15162691	15362691	harbor2	chr17	15184873	15184938	LTR/ERVL	640	+	32	15184905	22214
chr17	15162691	15362691	harbor2	chr17	15185469	15185649	LTR/ERVL	640	+	90	15185559	22868
chr17	79354447	79554447	harbor2	chr17	79366793	79367164	LTR/ERVL	771	+	186	79366979	12532
chr17	79354447	79554447	harbor2	chr17	79421074	79421367	LTR/ERVL	616	+	146	79421220	66773
chr17	79703986	79903986	harbor2	chr17	79769823	79770126	LTR/ERVL	599	+	152	79769975	65989
chr17	77288798	77488798	harbor2	chr17	77326601	77327046	LTR/ERVL	2250	+	222	77326823	38025
chr17	77288798	77488798	harbor2	chr17	77343044	77343877	LTR/ERVL	3566	+	416	77343460	54662
chr17	33193427	33393427	harbor2	chr17	33207600	33208037	LTR/ERVL	1682	+	218	33207818	14391
chr17	76989375	77189375	harbor2	chr17	76998981	76999405	LTR/ERVL	1270	+	212	76999193	9818
chr17	76989375	77189375	harbor2	chr17	76999721	76999944	LTR/ERVL	1270	+	112	76999833	10458
chr17	76989375	77189375	harbor2	chr17	77017284	77017632	LTR/ERVL	2605	+	174	77017458	28083
chr17	76989375	77189375	harbor2	chr17	77017939	77018353	LTR/ERVL	2605	+	207	77018146	28771
chr17	76989375	77189375	harbor2	chr17	77018703	77018796	LTR/ERVL	2605	+	46	77018749	29374
chr17	76637998	76837998	harbor2	chr17	76690872	76691732	LTR/ERVL	2986	+	430	76691302	53304
chr17	76988993	77188993	harbor2	chr17	76998981	76999405	LTR/ERVL	1270	+	212	76999193	10200
chr17	76988993	77188993	harbor2	chr17	76999721	76999944	LTR/ERVL	1270	+	112	76999833	10840
chr17	76988993	77188993	harbor2	chr17	77017284	77017632	LTR/ERVL	2605	+	174	77017458	28465
chr17	76988993	77188993	harbor2	chr17	77017939	77018353	LTR/ERVL	2605	+	207	77018146	29153
chr17	76988993	77188993	harbor2	chr17	77018703	77018796	LTR/ERVL	2605	+	46	77018749	29756
chr17	76637250	76837250	harbor2	chr17	76690872	76691732	LTR/ERVL	2986	+	430	76691302	54052
chr17	7339726	7539726	harbor2	chr17	7368211	7368708	LTR/ERVL	1868	+	248	7368459	28733
chr17	7339726	7539726	harbor2	chr17	7369201	7369565	LTR/ERVL	1483	+	182	7369383	29657
chr17	77156768	77356768	harbor2	chr17	77226343	77226809	LTR/ERVL	1567	+	233	77226576	69808
chr17	79705231	79905231	harbor2	chr17	79769823	79770126	LTR/ERVL	599	+	152	79769975	64744
chr17	33193168	33393168	harbor2	chr17	33207600	33208037	LTR/ERVL	1682	+	218	33207818	14650
chr17	76300002	76500002	harbor2	chr17	76365934	76366451	LTR/ERVL	928	+	258	76366192	66190
chr17	7474761	7674761	harbor2	chr17	7568039	7568315	LTR/ERVL	2661	+	138	7568177	93416
chr17	7474761	7674761	harbor2	chr17	7568605	7569103	LTR/ERVL	2661	+	249	7568854	94093
chr17	68036281	68236281	harbor2	chr17	68068518	68069005	LTR/ERVL	2363	+	244	68068762	32481
chr17	9859773	10059773	harbor2	chr17	9900252	9900688	LTR/ERVL	1062	+	218	9900470	40697
chr17	991175	1191175	harbor2	chr17	1058948	1059482	LTR/ERVL	1125	+	267	1059215	68040
chr17	81949824	82149824	harbor2	chr17	81971652	81972050	LTR/ERVL	1788	+	199	81971851	22027
chr17	79738369	79938369	harbor2	chr17	79769823	79770126	LTR/ERVL	599	+	152	79769975	31606
chr17	79301313	79501313	harbor2	chr17	79310883	79311151	LTR/ERVL	1280	+	134	79311017	9704
chr17	79301313	79501313	harbor2	chr17	79311455	79311574	LTR/ERVL	1280	+	60	79311515	10202
chr17	79301313	79501313	harbor2	chr17	79311605	79311655	LTR/ERVL	1280	+	25	79311630	10317
chr17	79301313	79501313	harbor2	chr17	79366793	79367164	LTR/ERVL	771	+	186	79366979	65666
chr17	79690066	79890066	harbor2	chr17	79769823	79770126	LTR/ERVL	599	+	152	79769975	79909
chr17	76146968	76346968	harbor2	chr17	76196622	76197057	LTR/ERVL	1041	+	218	76196840	49872
chr17	76146968	76346968	harbor2	chr17	76213212	76213288	LTR/ERVL	4401	+	38	76213250	66282
chr17	76146968	76346968	harbor2	chr17	76213588	76214368	LTR/ERVL	4401	+	390	76213978	67010
chr17	76146968	76346968	harbor2	chr17	76236031	76236132	LTR/ERVL	650	+	50	76236081	89113
chr17	76637984	76837984	harbor2	chr17	76690872	76691732	LTR/ERVL	2986	+	430	76691302	53318
chr17	7488084	7688084	harbor2	chr17	7568039	7568315	LTR/ERVL	2661	+	138	7568177	80093
chr17	7488084	7688084	harbor2	chr17	7568605	7569103	LTR/ERVL	2661	+	249	7568854	80770
chr17	81918314	82118314	harbor2	chr17	81944421	81944983	LTR/ERVL	1723	+	281	81944702	26388
chr17	81918314	82118314	harbor2	chr17	81945888	81945999	LTR/ERVL	944	+	56	81945944	27630
chr17	81918314	82118314	harbor2	chr17	81947212	81947354	LTR/ERVL	944	+	71	81947283	28969
chr17	81918314	82118314	harbor2	chr17	81971652	81972050	LTR/ERVL	1788	+	199	81971851	53537
chr17	79702898	79902898	harbor2	chr17	79769823	79770126	LTR/ERVL	599	+	152	79769975	67077
chr17	76638206	76838206	harbor2	chr17	76690872	76691732	LTR/ERVL	2986	+	430	76691302	53096
chr17	31389658	31589658	harbor2	chr17	31473834	31474186	LTR/ERVL	923	+	176	31474010	84352
chr17	82984138	83184138	harbor2	chr17	83018661	83019256	LTR/ERVL	2290	+	298	83018959	34821
chr17	82984138	83184138	harbor2	chr17	83062385	83062815	LTR/ERVL	808	+	215	83062600	78462
chr17	76638125	76838125	harbor2	chr17	76690872	76691732	LTR/ERVL	2986	+	430	76691302	53177
chr17	40547830	40747830	harbor2	chr17	40576101	40576371	LTR/ERVL	1384	+	135	40576236	28406
chr17	60049882	60249882	harbor2	chr17	60094054	60094145	LTR/ERVL	2743	+	46	60094100	44218
chr17	60049882	60249882	harbor2	chr17	60094447	60094792	LTR/ERVL	2743	+	172	60094619	44737
chr17	79703218	79903218	harbor2	chr17	79769823	79770126	LTR/ERVL	599	+	152	79769975	66757
chr17	27992414	28192414	harbor2	chr17	28029176	28029618	LTR/ERVL	1916	+	221	28029397	36983
chr17	17872744	18072744	harbor2	chr17	17958670	17959343	LTR/ERVL	2844	+	336	17959006	86262
chr17	17872744	18072744	harbor2	chr17	17966916	17967107	LTR/ERVL	1455	+	96	17967012	94268
chr17	2204008	2404008	harbor2	chr17	2209942	2210239	LTR/ERVL	856	+	148	2210090	6082
chr17	78759349	78959349	harbor2	chr17	78785839	78786221	LTR/ERVL	2172	+	191	78786030	26681
chr17	78759349	78959349	harbor2	chr17	78786515	78786864	LTR/ERVL	2172	+	174	78786689	27340
chr17	79837474	80037474	harbor2	chr17	79888747	79889305	LTR/ERVL	2149	+	279	79889026	51552
chr17	79301315	79501315	harbor2	chr17	79310883	79311151	LTR/ERVL	1280	+	134	79311017	9702
chr17	79301315	79501315	harbor2	chr17	79311455	79311574	LTR/ERVL	1280	+	60	79311515	10200
chr17	79301315	79501315	harbor2	chr17	79311605	79311655	LTR/ERVL	1280	+	25	79311630	10315
chr17	79301315	79501315	harbor2	chr17	79366793	79367164	LTR/ERVL	771	+	186	79366979	65664
chr17	76284849	76484849	harbor2	chr17	76365934	76366451	LTR/ERVL	928	+	258	76366192	81343
chr17	7472460	7672460	harbor2	chr17	7568039	7568315	LTR/ERVL	2661	+	138	7568177	95717
chr17	7472460	7672460	harbor2	chr17	7568605	7569103	LTR/ERVL	2661	+	249	7568854	96394
chr17	76638040	76838040	harbor2	chr17	76690872	76691732	LTR/ERVL	2986	+	430	76691302	53262
chr17	76637975	76837975	harbor2	chr17	76690872	76691732	LTR/ERVL	2986	+	430	76691302	53327
chr17	79284967	79484967	harbor2	chr17	79310883	79311151	LTR/ERVL	1280	+	134	79311017	26050
chr17	79284967	79484967	harbor2	chr17	79311455	79311574	LTR/ERVL	1280	+	60	79311515	26548
chr17	79284967	79484967	harbor2	chr17	79311605	79311655	LTR/ERVL	1280	+	25	79311630	26663
chr17	79284967	79484967	harbor2	chr17	79366793	79367164	LTR/ERVL	771	+	186	79366979	82012
chr17	7472419	7672419	harbor2	chr17	7568039	7568315	LTR/ERVL	2661	+	138	7568177	95758
chr17	7472419	7672419	harbor2	chr17	7568605	7569103	LTR/ERVL	2661	+	249	7568854	96435
chr17	80935170	81135170	harbor2	chr17	80987451	80987662	LTR/ERVL	607	+	106	80987557	52387
chr17	1000805	1200805	harbor2	chr17	1058948	1059482	LTR/ERVL	1125	+	267	1059215	58410
chr17	78755779	78955779	harbor2	chr17	78785839	78786221	LTR/ERVL	2172	+	191	78786030	30251
chr17	78755779	78955779	harbor2	chr17	78786515	78786864	LTR/ERVL	2172	+	174	78786689	30910
chr17	78989193	79189193	harbor2	chr17	79057858	79058268	LTR/ERVL	1554	+	205	79058063	68870
chr17	78989193	79189193	harbor2	chr17	79058277	79058434	LTR/ERVL	1306	+	78	79058355	69162
chr17	78989193	79189193	harbor2	chr17	79058728	79058848	LTR/ERVL	1306	+	60	79058788	69595
chr17	62850959	63050959	harbor2	chr17	62866659	62866929	LTR/ERVL	1206	+	135	62866794	15835
chr17	62850959	63050959	harbor2	chr17	62882699	62883195	LTR/ERVL	2026	+	248	62882947	31988
chr17	62850959	63050959	harbor2	chr17	62895763	62896175	LTR/ERVL	1123	+	206	62895969	45010
chr17	62850959	63050959	harbor2	chr17	62896789	62896823	LTR/ERVL	1123	+	17	62896806	45847
chr17	62850959	63050959	harbor2	chr17	62907973	62908375	LTR/ERVL	1288	+	201	62908174	57215
chr17	62850959	63050959	harbor2	chr17	62908674	62908722	LTR/ERVL	1288	+	24	62908698	57739
chr17	79703385	79903385	harbor2	chr17	79769823	79770126	LTR/ERVL	599	+	152	79769975	66590
chr17	79703205	79903205	harbor2	chr17	79769823	79770126	LTR/ERVL	599	+	152	79769975	66770
chr17	62166308	62366308	harbor2	chr17	62183721	62183924	LTR/ERVL	789	+	102	62183823	17515
chr17	62166308	62366308	harbor2	chr17	62184924	62185103	LTR/ERVL	886	+	90	62185014	18706
chr17	80934908	81134908	harbor2	chr17	80987451	80987662	LTR/ERVL	607	+	106	80987557	52649
chr17	76637901	76837901	harbor2	chr17	76690872	76691732	LTR/ERVL	2986	+	430	76691302	53401
chr17	78448916	78648916	harbor2	chr17	78531871	78532394	LTR/ERVL	2425	+	262	78532133	83217
chr17	78448916	78648916	harbor2	chr17	78533643	78533688	LTR/ERVL	965	+	22	78533665	84749
chr17	78448916	78648916	harbor2	chr17	78533986	78534231	LTR/ERVL	965	+	122	78534108	85192
chr17	57768134	57968134	harbor2	chr17	57802266	57802715	LTR/ERVL	1313	+	224	57802490	34356
chr17	57768134	57968134	harbor2	chr17	57817339	57817660	LTR/ERVL	1059	+	160	57817499	49365
chr17	57768134	57968134	harbor2	chr17	57818024	57818390	LTR/ERVL	842	+	183	57818207	50073
chr17	57768134	57968134	harbor2	chr17	57818386	57818753	LTR/ERVL	1156	+	184	57818570	50436
chr17	57768134	57968134	harbor2	chr17	57818849	57819235	LTR/ERVL	1224	+	193	57819042	50908
chr17	80934870	81134870	harbor2	chr17	80987451	80987662	LTR/ERVL	607	+	106	80987557	52687
chr17	7472691	7672691	harbor2	chr17	7568039	7568315	LTR/ERVL	2661	+	138	7568177	95486
chr17	7472691	7672691	harbor2	chr17	7568605	7569103	LTR/ERVL	2661	+	249	7568854	96163
chr17	76637232	76837232	harbor2	chr17	76690872	76691732	LTR/ERVL	2986	+	430	76691302	54070
chr17	44456186	44656186	harbor2	chr17	44530528	44530676	LTR/ERVL	1824	+	74	44530602	74416
chr17	44456186	44656186	harbor2	chr17	44530973	44531240	LTR/ERVL	1824	+	134	44531107	74921
chr17	80935168	81135168	harbor2	chr17	80987451	80987662	LTR/ERVL	607	+	106	80987557	52389
chr17	80934923	81134923	harbor2	chr17	80987451	80987662	LTR/ERVL	607	+	106	80987557	52634
chr17	27233081	27433081	harbor2	chr17	27245528	27245775	LTR/ERVL	738	+	124	27245652	12571
chr17	27233081	27433081	harbor2	chr17	27259404	27259787	LTR/ERVL	1091	+	192	27259596	26515
chr17	27233081	27433081	harbor2	chr17	27273488	27274075	LTR/ERVL	3281	+	294	27273782	40701
chr17	27233081	27433081	harbor2	chr17	27274530	27274804	LTR/ERVL	1276	+	137	27274667	41586
chr17	27233081	27433081	harbor2	chr17	27275232	27275595	LTR/ERVL	946	+	182	27275414	42333
chr17	27233081	27433081	harbor2	chr17	27276652	27277228	LTR/ERVL	1952	+	288	27276940	43859
chr18	26129359	26329359	harbor2	chr18	26210262	26210691	LTR/ERVL	2476	+	214	26210476	81117
chr18	26129359	26329359	harbor2	chr18	26210728	26210776	LTR/ERVL	2476	+	24	26210752	81393
chr18	26129359	26329359	harbor2	chr18	26212511	26212656	LTR/ERVL	604	+	72	26212583	83224
chr18	79580641	79780641	harbor2	chr18	79602802	79602916	LTR/ERVL	529	+	57	79602859	22218
chr18	79580641	79780641	harbor2	chr18	79602931	79603468	LTR/ERVL	1658	+	268	79603199	22558
chr18	26126451	26326451	harbor2	chr18	26128164	26128552	LTR/ERVL	3226	+	194	26128358	1907
chr18	26126451	26326451	harbor2	chr18	26128647	26128681	LTR/ERVL	3226	+	17	26128664	2213
chr18	26126451	26326451	harbor2	chr18	26210262	26210691	LTR/ERVL	2476	+	214	26210476	84025
chr18	26126451	26326451	harbor2	chr18	26210728	26210776	LTR/ERVL	2476	+	24	26210752	84301
chr18	26126451	26326451	harbor2	chr18	26212511	26212656	LTR/ERVL	604	+	72	26212583	86132
chr18	26128509	26328509	harbor2	chr18	26128164	26128552	LTR/ERVL	3226	+	194	26128358	151
chr18	26128509	26328509	harbor2	chr18	26128647	26128681	LTR/ERVL	3226	+	17	26128664	155
chr18	26128509	26328509	harbor2	chr18	26210262	26210691	LTR/ERVL	2476	+	214	26210476	81967
chr18	26128509	26328509	harbor2	chr18	26210728	26210776	LTR/ERVL	2476	+	24	26210752	82243
chr18	26128509	26328509	harbor2	chr18	26212511	26212656	LTR/ERVL	604	+	72	26212583	84074
chr18	26126452	26326452	harbor2	chr18	26128164	26128552	LTR/ERVL	3226	+	194	26128358	1906
chr18	26126452	26326452	harbor2	chr18	26128647	26128681	LTR/ERVL	3226	+	17	26128664	2212
chr18	26126452	26326452	harbor2	chr18	26210262	26210691	LTR/ERVL	2476	+	214	26210476	84024
chr18	26126452	26326452	harbor2	chr18	26210728	26210776	LTR/ERVL	2476	+	24	26210752	84300
chr18	26126452	26326452	harbor2	chr18	26212511	26212656	LTR/ERVL	604	+	72	26212583	86131
chr18	26128609	26328609	harbor2	chr18	26128647	26128681	LTR/ERVL	3226	+	17	26128664	55
chr18	26128609	26328609	harbor2	chr18	26210262	26210691	LTR/ERVL	2476	+	214	26210476	81867
chr18	26128609	26328609	harbor2	chr18	26210728	26210776	LTR/ERVL	2476	+	24	26210752	82143
chr18	26128609	26328609	harbor2	chr18	26212511	26212656	LTR/ERVL	604	+	72	26212583	83974
chr18	26126723	26326723	harbor2	chr18	26128164	26128552	LTR/ERVL	3226	+	194	26128358	1635
chr18	26126723	26326723	harbor2	chr18	26128647	26128681	LTR/ERVL	3226	+	17	26128664	1941
chr18	26126723	26326723	harbor2	chr18	26210262	26210691	LTR/ERVL	2476	+	214	26210476	83753
chr18	26126723	26326723	harbor2	chr18	26210728	26210776	LTR/ERVL	2476	+	24	26210752	84029
chr18	26126723	26326723	harbor2	chr18	26212511	26212656	LTR/ERVL	604	+	72	26212583	85860
chr18	26192379	26392379	harbor2	chr18	26210262	26210691	LTR/ERVL	2476	+	214	26210476	18097
chr18	26192379	26392379	harbor2	chr18	26210728	26210776	LTR/ERVL	2476	+	24	26210752	18373
chr18	26192379	26392379	harbor2	chr18	26212511	26212656	LTR/ERVL	604	+	72	26212583	20204
chr18	37466535	37666535	harbor2	chr18	37474783	37475253	LTR/ERVL	1680	+	235	37475018	8483
chr18	26127358	26327358	harbor2	chr18	26128164	26128552	LTR/ERVL	3226	+	194	26128358	1000
chr18	26127358	26327358	harbor2	chr18	26128647	26128681	LTR/ERVL	3226	+	17	26128664	1306
chr18	26127358	26327358	harbor2	chr18	26210262	26210691	LTR/ERVL	2476	+	214	26210476	83118
chr18	26127358	26327358	harbor2	chr18	26210728	26210776	LTR/ERVL	2476	+	24	26210752	83394
chr18	26127358	26327358	harbor2	chr18	26212511	26212656	LTR/ERVL	604	+	72	26212583	85225
chr18	12848395	13048395	harbor2	chr18	12890554	12890865	LTR/ERVL	1017	+	156	12890710	42315
chr18	12848395	13048395	harbor2	chr18	12898002	12898188	LTR/ERVL	671	+	93	12898095	49700
chr18	12848395	13048395	harbor2	chr18	12899143	12900349	LTR/ERVL	2069	+	603	12899746	51351
chr18	12848395	13048395	harbor2	chr18	12900956	12901381	LTR/ERVL	2069	+	212	12901168	52773
chr18	12848395	13048395	harbor2	chr18	12901689	12901945	LTR/ERVL	2069	+	128	12901817	53422
chr18	12848395	13048395	harbor2	chr18	12902201	12902599	LTR/ERVL	1321	+	199	12902400	54005
chr18	12848395	13048395	harbor2	chr18	12933412	12933821	LTR/ERVL	1134	+	204	12933616	85221
chr18	12848395	13048395	harbor2	chr18	12933982	12934081	LTR/ERVL	1134	+	50	12934032	85637
chr18	12848395	13048395	harbor2	chr18	12942422	12942439	LTR/ERVL	2480	+	8	12942430	94035
chr18	12848395	13048395	harbor2	chr18	12942750	12943221	LTR/ERVL	2480	+	236	12942986	94591
chr18	57458489	57658489	harbor2	chr18	57502474	57502923	LTR/ERVL	771	+	224	57502698	44209
chr18	57458489	57658489	harbor2	chr18	57526439	57527019	LTR/ERVL	2086	+	290	57526729	68240
chr18	12277008	12477008	harbor2	chr18	12281922	12282061	LTR/ERVL	2916	+	70	12281992	4984
chr18	12277008	12477008	harbor2	chr18	12282355	12283069	LTR/ERVL	2916	+	357	12282712	5704
chr18	12277008	12477008	harbor2	chr18	12283107	12283438	LTR/ERVL	1373	+	166	12283273	6265
chr18	8917310	9117310	harbor2	chr18	8997681	8997986	LTR/ERVL	706	+	152	8997833	80523
chr18	79580658	79780658	harbor2	chr18	79602802	79602916	LTR/ERVL	529	+	57	79602859	22201
chr18	79580658	79780658	harbor2	chr18	79602931	79603468	LTR/ERVL	1658	+	268	79603199	22541
chr18	26155998	26355998	harbor2	chr18	26210262	26210691	LTR/ERVL	2476	+	214	26210476	54478
chr18	26155998	26355998	harbor2	chr18	26210728	26210776	LTR/ERVL	2476	+	24	26210752	54754
chr18	26155998	26355998	harbor2	chr18	26212511	26212656	LTR/ERVL	604	+	72	26212583	56585
chr18	12196156	12396156	harbor2	chr18	12281922	12282061	LTR/ERVL	2916	+	70	12281992	85836
chr18	12196156	12396156	harbor2	chr18	12282355	12283069	LTR/ERVL	2916	+	357	12282712	86556
chr18	12196156	12396156	harbor2	chr18	12283107	12283438	LTR/ERVL	1373	+	166	12283273	87117
chr18	65651749	65851749	harbor2	chr18	65651859	65652216	LTR/ERVL	1816	+	178	65652037	288
chr18	65651749	65851749	harbor2	chr18	65652249	65652307	LTR/ERVL	727	+	29	65652278	529
chr18	24500243	24700243	harbor2	chr18	24511943	24512016	LTR/ERVL	1936	+	36	24511979	11736
chr18	24500243	24700243	harbor2	chr18	24512629	24513020	LTR/ERVL	1936	+	196	24512825	12582
chr18	24500243	24700243	harbor2	chr18	24513054	24513073	LTR/ERVL	1306	+	10	24513064	12821
chr18	24500243	24700243	harbor2	chr18	24591678	24592112	LTR/ERVL	3009	+	217	24591895	91652
chr18	26127435	26327435	harbor2	chr18	26128164	26128552	LTR/ERVL	3226	+	194	26128358	923
chr18	26127435	26327435	harbor2	chr18	26128647	26128681	LTR/ERVL	3226	+	17	26128664	1229
chr18	26127435	26327435	harbor2	chr18	26210262	26210691	LTR/ERVL	2476	+	214	26210476	83041
chr18	26127435	26327435	harbor2	chr18	26210728	26210776	LTR/ERVL	2476	+	24	26210752	83317
chr18	26127435	26327435	harbor2	chr18	26212511	26212656	LTR/ERVL	604	+	72	26212583	85148
chr18	27134071	27334071	harbor2	chr18	27196594	27197061	LTR/ERVL	921	+	234	27196828	62757
chr18	27134071	27334071	harbor2	chr18	27210505	27210841	LTR/ERVL	1064	+	168	27210673	76602
chr18	27134071	27334071	harbor2	chr18	27211136	27211245	LTR/ERVL	1064	+	54	27211190	77119
chr18	27134071	27334071	harbor2	chr18	27211491	27212436	LTR/ERVL	2021	+	472	27211963	77892
chr18	27134071	27334071	harbor2	chr18	27214080	27214402	LTR/ERVL	824	+	161	27214241	80170
chr18	27134071	27334071	harbor2	chr18	27214403	27214525	LTR/ERVL	500	+	61	27214464	80393
chr18	27134071	27334071	harbor2	chr18	27219443	27219843	LTR/ERVL	3073	+	200	27219643	85572
chr18	27134071	27334071	harbor2	chr18	27219896	27219937	LTR/ERVL	3073	+	20	27219916	85845
chr18	27134071	27334071	harbor2	chr18	27219938	27221403	LTR/ERVL	10825	+	732	27220670	86599
chr18	27134071	27334071	harbor2	chr18	27212530	27213978	LTR/ERVL	2021	+	724	27213254	79183
chr18	78878892	79078892	harbor2	chr18	78891313	78891737	LTR/ERVL	909	+	212	78891525	12633
chr19	2800670	3000670	harbor2	chr19	2893746	2894155	LTR/ERVL	1857	+	204	2893950	93280
chr19	19676554	19876554	harbor2	chr19	19760002	19760027	LTR/ERVL	1863	+	12	19760014	83460
chr19	19676554	19876554	harbor2	chr19	19760320	19760792	LTR/ERVL	1863	+	236	19760556	84002
chr19	19676554	19876554	harbor2	chr19	19761109	19761520	LTR/ERVL	4637	+	206	19761315	84761
chr19	19676554	19876554	harbor2	chr19	19761837	19761960	LTR/ERVL	4637	+	62	19761899	85345
chr19	19676554	19876554	harbor2	chr19	19762256	19762865	LTR/ERVL	4637	+	304	19762560	86006
chr19	19676554	19876554	harbor2	chr19	19763222	19763463	LTR/ERVL	3870	+	120	19763342	86788
chr19	19676554	19876554	harbor2	chr19	19764169	19764818	LTR/ERVL	3870	+	324	19764493	87939
chr19	35168139	35368139	harbor2	chr19	35173816	35174053	LTR/ERVL	776	+	118	35173934	5795
chr19	35168139	35368139	harbor2	chr19	35179191	35179552	LTR/ERVL	2206	+	180	35179371	11232
chr19	35168139	35368139	harbor2	chr19	35179864	35180103	LTR/ERVL	2206	+	120	35179984	11845
chr19	35168139	35368139	harbor2	chr19	35180160	35180210	LTR/ERVL	4651	+	25	35180185	12046
chr19	35168139	35368139	harbor2	chr19	35180521	35181581	LTR/ERVL	4651	+	530	35181051	12912
chr19	35168139	35368139	harbor2	chr19	35181919	35182123	LTR/ERVL	952	+	102	35182021	13882
chr19	35168139	35368139	harbor2	chr19	35185038	35185218	LTR/ERVL	855	+	90	35185128	16989
chr19	35168139	35368139	harbor2	chr19	35196745	35196781	LTR/ERVL	3679	+	18	35196763	28624
chr19	35168139	35368139	harbor2	chr19	35197446	35198141	LTR/ERVL	3679	+	348	35197794	29655
chr19	35168139	35368139	harbor2	chr19	35198332	35198426	LTR/ERVL	1416	+	47	35198379	30240
chr19	35168139	35368139	harbor2	chr19	35198739	35199045	LTR/ERVL	1416	+	153	35198892	30753
chr19	58351599	58551599	harbor2	chr19	58355015	58355199	LTR/ERVL	642	+	92	58355107	3508
chr19	58351599	58551599	harbor2	chr19	58365703	58366062	LTR/ERVL	884	+	180	58365883	14284
chr19	36428735	36628735	harbor2	chr19	36478697	36479121	LTR/ERVL	1783	+	212	36478909	50174
chr19	36428735	36628735	harbor2	chr19	36482772	36483187	LTR/ERVL	1313	+	208	36482980	54245
chr19	56021004	56221004	harbor2	chr19	56071522	56071948	LTR/ERVL	1621	+	213	56071735	50731
chr19	55187173	55387173	harbor2	chr19	55222952	55223410	LTR/ERVL	2758	+	229	55223181	36008
chr19	55187173	55387173	harbor2	chr19	55213666	55214150	LTR/ERVL	1078	+	242	55213908	26735
chr19	34577590	34777590	harbor2	chr19	34584309	34584717	LTR/ERVL	1242	+	204	34584513	6923
chr19	34577590	34777590	harbor2	chr19	34585333	34585407	LTR/ERVL	1242	+	37	34585370	7780
chr19	34577590	34777590	harbor2	chr19	34632741	34633263	LTR/ERVL	2365	+	261	34633002	55412
chr19	19676565	19876565	harbor2	chr19	19760002	19760027	LTR/ERVL	1863	+	12	19760014	83449
chr19	19676565	19876565	harbor2	chr19	19760320	19760792	LTR/ERVL	1863	+	236	19760556	83991
chr19	19676565	19876565	harbor2	chr19	19761109	19761520	LTR/ERVL	4637	+	206	19761315	84750
chr19	19676565	19876565	harbor2	chr19	19761837	19761960	LTR/ERVL	4637	+	62	19761899	85334
chr19	19676565	19876565	harbor2	chr19	19762256	19762865	LTR/ERVL	4637	+	304	19762560	85995
chr19	19676565	19876565	harbor2	chr19	19763222	19763463	LTR/ERVL	3870	+	120	19763342	86777
chr19	19676565	19876565	harbor2	chr19	19764169	19764818	LTR/ERVL	3870	+	324	19764493	87928
chr19	10618443	10818443	harbor2	chr19	10646676	10646776	LTR/ERVL	1468	+	50	10646726	28283
chr19	10618443	10818443	harbor2	chr19	10647048	10647454	LTR/ERVL	1468	+	203	10647251	28808
chr19	16057311	16257311	harbor2	chr19	16062626	16063062	LTR/ERVL	1299	+	218	16062844	5533
chr19	50588275	50788275	harbor2	chr19	50635497	50635971	LTR/ERVL	3012	+	237	50635734	47459
chr19	50588275	50788275	harbor2	chr19	50636286	50636356	LTR/ERVL	3012	+	35	50636321	48046
chr19	42117803	42317803	harbor2	chr19	42191128	42191586	LTR/ERVL	1312	+	229	42191357	73554
chr19	51470868	51670868	harbor2	chr19	51514294	51515166	LTR/ERVL	2373	+	436	51514730	43862
chr19	51470868	51670868	harbor2	chr19	51516541	51516888	LTR/ERVL	1193	+	174	51516715	45847
chr19	51470868	51670868	harbor2	chr19	51546780	51546918	LTR/ERVL	843	+	69	51546849	75981
chr19	51470868	51670868	harbor2	chr19	51547055	51547721	LTR/ERVL	3336	+	333	51547388	76520
chr19	10618435	10818435	harbor2	chr19	10646676	10646776	LTR/ERVL	1468	+	50	10646726	28291
chr19	10618435	10818435	harbor2	chr19	10647048	10647454	LTR/ERVL	1468	+	203	10647251	28816
chr19	10618491	10818491	harbor2	chr19	10646676	10646776	LTR/ERVL	1468	+	50	10646726	28235
chr19	10618491	10818491	harbor2	chr19	10647048	10647454	LTR/ERVL	1468	+	203	10647251	28760
chr19	19676581	19876581	harbor2	chr19	19760002	19760027	LTR/ERVL	1863	+	12	19760014	83433
chr19	19676581	19876581	harbor2	chr19	19760320	19760792	LTR/ERVL	1863	+	236	19760556	83975
chr19	19676581	19876581	harbor2	chr19	19761109	19761520	LTR/ERVL	4637	+	206	19761315	84734
chr19	19676581	19876581	harbor2	chr19	19761837	19761960	LTR/ERVL	4637	+	62	19761899	85318
chr19	19676581	19876581	harbor2	chr19	19762256	19762865	LTR/ERVL	4637	+	304	19762560	85979
chr19	19676581	19876581	harbor2	chr19	19763222	19763463	LTR/ERVL	3870	+	120	19763342	86761
chr19	19676581	19876581	harbor2	chr19	19764169	19764818	LTR/ERVL	3870	+	324	19764493	87912
chr19	19676539	19876539	harbor2	chr19	19760002	19760027	LTR/ERVL	1863	+	12	19760014	83475
chr19	19676539	19876539	harbor2	chr19	19760320	19760792	LTR/ERVL	1863	+	236	19760556	84017
chr19	19676539	19876539	harbor2	chr19	19761109	19761520	LTR/ERVL	4637	+	206	19761315	84776
chr19	19676539	19876539	harbor2	chr19	19761837	19761960	LTR/ERVL	4637	+	62	19761899	85360
chr19	19676539	19876539	harbor2	chr19	19762256	19762865	LTR/ERVL	4637	+	304	19762560	86021
chr19	19676539	19876539	harbor2	chr19	19763222	19763463	LTR/ERVL	3870	+	120	19763342	86803
chr19	19676539	19876539	harbor2	chr19	19764169	19764818	LTR/ERVL	3870	+	324	19764493	87954
chr19	19676556	19876556	harbor2	chr19	19760002	19760027	LTR/ERVL	1863	+	12	19760014	83458
chr19	19676556	19876556	harbor2	chr19	19760320	19760792	LTR/ERVL	1863	+	236	19760556	84000
chr19	19676556	19876556	harbor2	chr19	19761109	19761520	LTR/ERVL	4637	+	206	19761315	84759
chr19	19676556	19876556	harbor2	chr19	19761837	19761960	LTR/ERVL	4637	+	62	19761899	85343
chr19	19676556	19876556	harbor2	chr19	19762256	19762865	LTR/ERVL	4637	+	304	19762560	86004
chr19	19676556	19876556	harbor2	chr19	19763222	19763463	LTR/ERVL	3870	+	120	19763342	86786
chr19	19676556	19876556	harbor2	chr19	19764169	19764818	LTR/ERVL	3870	+	324	19764493	87937
chr19	19676482	19876482	harbor2	chr19	19760002	19760027	LTR/ERVL	1863	+	12	19760014	83532
chr19	19676482	19876482	harbor2	chr19	19760320	19760792	LTR/ERVL	1863	+	236	19760556	84074
chr19	19676482	19876482	harbor2	chr19	19761109	19761520	LTR/ERVL	4637	+	206	19761315	84833
chr19	19676482	19876482	harbor2	chr19	19761837	19761960	LTR/ERVL	4637	+	62	19761899	85417
chr19	19676482	19876482	harbor2	chr19	19762256	19762865	LTR/ERVL	4637	+	304	19762560	86078
chr19	19676482	19876482	harbor2	chr19	19763222	19763463	LTR/ERVL	3870	+	120	19763342	86860
chr19	19676482	19876482	harbor2	chr19	19764169	19764818	LTR/ERVL	3870	+	324	19764493	88011
chr19	19676573	19876573	harbor2	chr19	19760002	19760027	LTR/ERVL	1863	+	12	19760014	83441
chr19	19676573	19876573	harbor2	chr19	19760320	19760792	LTR/ERVL	1863	+	236	19760556	83983
chr19	19676573	19876573	harbor2	chr19	19761109	19761520	LTR/ERVL	4637	+	206	19761315	84742
chr19	19676573	19876573	harbor2	chr19	19761837	19761960	LTR/ERVL	4637	+	62	19761899	85326
chr19	19676573	19876573	harbor2	chr19	19762256	19762865	LTR/ERVL	4637	+	304	19762560	85987
chr19	19676573	19876573	harbor2	chr19	19763222	19763463	LTR/ERVL	3870	+	120	19763342	86769
chr19	19676573	19876573	harbor2	chr19	19764169	19764818	LTR/ERVL	3870	+	324	19764493	87920
chr19	10619540	10819540	harbor2	chr19	10646676	10646776	LTR/ERVL	1468	+	50	10646726	27186
chr19	10619540	10819540	harbor2	chr19	10647048	10647454	LTR/ERVL	1468	+	203	10647251	27711
chr19	57145103	57345103	harbor2	chr19	57174415	57175154	LTR/ERVL	2628	+	370	57174785	29682
chr19	57145103	57345103	harbor2	chr19	57186252	57186564	LTR/ERVL	1299	+	156	57186408	41305
chr19	57145103	57345103	harbor2	chr19	57200015	57200337	LTR/ERVL	2629	+	161	57200176	55073
chr19	57145103	57345103	harbor2	chr19	57202393	57202595	LTR/ERVL	800	+	101	57202494	57391
chr19	57145103	57345103	harbor2	chr19	57202602	57203105	LTR/ERVL	2774	+	252	57202854	57751
chr19	57145103	57345103	harbor2	chr19	57223924	57223986	LTR/ERVL	795	+	31	57223955	78852
chr19	57145103	57345103	harbor2	chr19	57224292	57224482	LTR/ERVL	795	+	95	57224387	79284
chr19	57145103	57345103	harbor2	chr19	57227979	57228317	LTR/ERVL	844	+	169	57228148	83045
chr19	19676564	19876564	harbor2	chr19	19760002	19760027	LTR/ERVL	1863	+	12	19760014	83450
chr19	19676564	19876564	harbor2	chr19	19760320	19760792	LTR/ERVL	1863	+	236	19760556	83992
chr19	19676564	19876564	harbor2	chr19	19761109	19761520	LTR/ERVL	4637	+	206	19761315	84751
chr19	19676564	19876564	harbor2	chr19	19761837	19761960	LTR/ERVL	4637	+	62	19761899	85335
chr19	19676564	19876564	harbor2	chr19	19762256	19762865	LTR/ERVL	4637	+	304	19762560	85996
chr19	19676564	19876564	harbor2	chr19	19763222	19763463	LTR/ERVL	3870	+	120	19763342	86778
chr19	19676564	19876564	harbor2	chr19	19764169	19764818	LTR/ERVL	3870	+	324	19764493	87929
chr19	19676555	19876555	harbor2	chr19	19760002	19760027	LTR/ERVL	1863	+	12	19760014	83459
chr19	19676555	19876555	harbor2	chr19	19760320	19760792	LTR/ERVL	1863	+	236	19760556	84001
chr19	19676555	19876555	harbor2	chr19	19761109	19761520	LTR/ERVL	4637	+	206	19761315	84760
chr19	19676555	19876555	harbor2	chr19	19761837	19761960	LTR/ERVL	4637	+	62	19761899	85344
chr19	19676555	19876555	harbor2	chr19	19762256	19762865	LTR/ERVL	4637	+	304	19762560	86005
chr19	19676555	19876555	harbor2	chr19	19763222	19763463	LTR/ERVL	3870	+	120	19763342	86787
chr19	19676555	19876555	harbor2	chr19	19764169	19764818	LTR/ERVL	3870	+	324	19764493	87938
chr19	2670207	2870207	harbor2	chr19	2733975	2734322	LTR/ERVL	1498	+	174	2734149	63942
chr19	2670207	2870207	harbor2	chr19	2737707	2737870	LTR/ERVL	1095	+	82	2737789	67582
chr19	2670207	2870207	harbor2	chr19	2761932	2762235	LTR/ERVL	1060	+	152	2762084	91877
chr19	2670207	2870207	harbor2	chr19	2763312	2763580	LTR/ERVL	715	+	134	2763446	93239
chr19	317334	517334	harbor2	chr19	348520	348786	LTR/ERVL	735	+	133	348653	31319
chr19	19676548	19876548	harbor2	chr19	19760002	19760027	LTR/ERVL	1863	+	12	19760014	83466
chr19	19676548	19876548	harbor2	chr19	19760320	19760792	LTR/ERVL	1863	+	236	19760556	84008
chr19	19676548	19876548	harbor2	chr19	19761109	19761520	LTR/ERVL	4637	+	206	19761315	84767
chr19	19676548	19876548	harbor2	chr19	19761837	19761960	LTR/ERVL	4637	+	62	19761899	85351
chr19	19676548	19876548	harbor2	chr19	19762256	19762865	LTR/ERVL	4637	+	304	19762560	86012
chr19	19676548	19876548	harbor2	chr19	19763222	19763463	LTR/ERVL	3870	+	120	19763342	86794
chr19	19676548	19876548	harbor2	chr19	19764169	19764818	LTR/ERVL	3870	+	324	19764493	87945
chr19	31411850	31611850	harbor2	chr19	31436693	31436882	LTR/ERVL	982	+	94	31436787	24937
chr19	31411850	31611850	harbor2	chr19	31437268	31437501	LTR/ERVL	982	+	116	31437384	25534
chr19	31411850	31611850	harbor2	chr19	31441390	31442064	LTR/ERVL	3053	+	337	31441727	29877
chr19	19676558	19876558	harbor2	chr19	19760002	19760027	LTR/ERVL	1863	+	12	19760014	83456
chr19	19676558	19876558	harbor2	chr19	19760320	19760792	LTR/ERVL	1863	+	236	19760556	83998
chr19	19676558	19876558	harbor2	chr19	19761109	19761520	LTR/ERVL	4637	+	206	19761315	84757
chr19	19676558	19876558	harbor2	chr19	19761837	19761960	LTR/ERVL	4637	+	62	19761899	85341
chr19	19676558	19876558	harbor2	chr19	19762256	19762865	LTR/ERVL	4637	+	304	19762560	86002
chr19	19676558	19876558	harbor2	chr19	19763222	19763463	LTR/ERVL	3870	+	120	19763342	86784
chr19	19676558	19876558	harbor2	chr19	19764169	19764818	LTR/ERVL	3870	+	324	19764493	87935
chr19	19676589	19876589	harbor2	chr19	19760002	19760027	LTR/ERVL	1863	+	12	19760014	83425
chr19	19676589	19876589	harbor2	chr19	19760320	19760792	LTR/ERVL	1863	+	236	19760556	83967
chr19	19676589	19876589	harbor2	chr19	19761109	19761520	LTR/ERVL	4637	+	206	19761315	84726
chr19	19676589	19876589	harbor2	chr19	19761837	19761960	LTR/ERVL	4637	+	62	19761899	85310
chr19	19676589	19876589	harbor2	chr19	19762256	19762865	LTR/ERVL	4637	+	304	19762560	85971
chr19	19676589	19876589	harbor2	chr19	19763222	19763463	LTR/ERVL	3870	+	120	19763342	86753
chr19	19676589	19876589	harbor2	chr19	19764169	19764818	LTR/ERVL	3870	+	324	19764493	87904
chr19	19676560	19876560	harbor2	chr19	19760002	19760027	LTR/ERVL	1863	+	12	19760014	83454
chr19	19676560	19876560	harbor2	chr19	19760320	19760792	LTR/ERVL	1863	+	236	19760556	83996
chr19	19676560	19876560	harbor2	chr19	19761109	19761520	LTR/ERVL	4637	+	206	19761315	84755
chr19	19676560	19876560	harbor2	chr19	19761837	19761960	LTR/ERVL	4637	+	62	19761899	85339
chr19	19676560	19876560	harbor2	chr19	19762256	19762865	LTR/ERVL	4637	+	304	19762560	86000
chr19	19676560	19876560	harbor2	chr19	19763222	19763463	LTR/ERVL	3870	+	120	19763342	86782
chr19	19676560	19876560	harbor2	chr19	19764169	19764818	LTR/ERVL	3870	+	324	19764493	87933
chr19	57142619	57342619	harbor2	chr19	57174415	57175154	LTR/ERVL	2628	+	370	57174785	32166
chr19	57142619	57342619	harbor2	chr19	57186252	57186564	LTR/ERVL	1299	+	156	57186408	43789
chr19	57142619	57342619	harbor2	chr19	57200015	57200337	LTR/ERVL	2629	+	161	57200176	57557
chr19	57142619	57342619	harbor2	chr19	57202393	57202595	LTR/ERVL	800	+	101	57202494	59875
chr19	57142619	57342619	harbor2	chr19	57202602	57203105	LTR/ERVL	2774	+	252	57202854	60235
chr19	57142619	57342619	harbor2	chr19	57223924	57223986	LTR/ERVL	795	+	31	57223955	81336
chr19	57142619	57342619	harbor2	chr19	57224292	57224482	LTR/ERVL	795	+	95	57224387	81768
chr19	57142619	57342619	harbor2	chr19	57227979	57228317	LTR/ERVL	844	+	169	57228148	85529
chr19	57140879	57340879	harbor2	chr19	57174415	57175154	LTR/ERVL	2628	+	370	57174785	33906
chr19	57140879	57340879	harbor2	chr19	57186252	57186564	LTR/ERVL	1299	+	156	57186408	45529
chr19	57140879	57340879	harbor2	chr19	57200015	57200337	LTR/ERVL	2629	+	161	57200176	59297
chr19	57140879	57340879	harbor2	chr19	57202393	57202595	LTR/ERVL	800	+	101	57202494	61615
chr19	57140879	57340879	harbor2	chr19	57202602	57203105	LTR/ERVL	2774	+	252	57202854	61975
chr19	57140879	57340879	harbor2	chr19	57223924	57223986	LTR/ERVL	795	+	31	57223955	83076
chr19	57140879	57340879	harbor2	chr19	57224292	57224482	LTR/ERVL	795	+	95	57224387	83508
chr19	57140879	57340879	harbor2	chr19	57227979	57228317	LTR/ERVL	844	+	169	57228148	87269
chr19	44008458	44208458	harbor2	chr19	44017410	44017713	LTR/ERVL	751	+	152	44017562	9104
chr19	44008458	44208458	harbor2	chr19	44018024	44018044	LTR/ERVL	751	+	10	44018034	9576
chr19	44008458	44208458	harbor2	chr19	44018405	44018943	LTR/ERVL	2506	+	269	44018674	10216
chr19	44008458	44208458	harbor2	chr19	44019073	44019341	LTR/ERVL	2506	+	134	44019207	10749
chr19	44008458	44208458	harbor2	chr19	44035606	44035780	LTR/ERVL	1532	+	87	44035693	27235
chr19	44008458	44208458	harbor2	chr19	44036074	44036459	LTR/ERVL	1532	+	192	44036266	27808
chr19	44008458	44208458	harbor2	chr19	44036544	44036764	LTR/ERVL	1532	+	110	44036654	28196
chr19	48095517	48295517	harbor2	chr19	48104206	48104529	LTR/ERVL	1456	+	162	48104368	8851
chr19	48095517	48295517	harbor2	chr19	48154346	48154662	LTR/ERVL	974	+	158	48154504	58987
chr19	48095517	48295517	harbor2	chr19	48158711	48159066	LTR/ERVL	687	+	178	48158889	63372
chr19	50276756	50476756	harbor2	chr19	50339150	50339407	LTR/ERVL	1346	+	128	50339278	62522
chr19	50276756	50476756	harbor2	chr19	50339692	50339826	LTR/ERVL	1346	+	67	50339759	63003
chr19	41881856	42081856	harbor2	chr19	41955919	41956506	LTR/ERVL	1603	+	294	41956213	74357
chr19	2411940	2611940	harbor2	chr19	2440848	2441326	LTR/ERVL	940	+	239	2441087	29147
chr19	38799487	38999487	harbor2	chr19	38882763	38883069	LTR/ERVL	876	+	153	38882916	83429
chr19	1961575	2161575	harbor2	chr19	2001514	2001743	LTR/ERVL	803	+	114	2001628	40053
chr19	1961575	2161575	harbor2	chr19	2002039	2002069	LTR/ERVL	803	+	15	2002054	40479
chr19	1961575	2161575	harbor2	chr19	2002361	2002592	LTR/ERVL	803	+	116	2002477	40902
chr19	1961575	2161575	harbor2	chr19	2002905	2003009	LTR/ERVL	803	+	52	2002957	41382
chr19	10618409	10818409	harbor2	chr19	10646676	10646776	LTR/ERVL	1468	+	50	10646726	28317
chr19	10618409	10818409	harbor2	chr19	10647048	10647454	LTR/ERVL	1468	+	203	10647251	28842
chr19	19676585	19876585	harbor2	chr19	19760002	19760027	LTR/ERVL	1863	+	12	19760014	83429
chr19	19676585	19876585	harbor2	chr19	19760320	19760792	LTR/ERVL	1863	+	236	19760556	83971
chr19	19676585	19876585	harbor2	chr19	19761109	19761520	LTR/ERVL	4637	+	206	19761315	84730
chr19	19676585	19876585	harbor2	chr19	19761837	19761960	LTR/ERVL	4637	+	62	19761899	85314
chr19	19676585	19876585	harbor2	chr19	19762256	19762865	LTR/ERVL	4637	+	304	19762560	85975
chr19	19676585	19876585	harbor2	chr19	19763222	19763463	LTR/ERVL	3870	+	120	19763342	86757
chr19	19676585	19876585	harbor2	chr19	19764169	19764818	LTR/ERVL	3870	+	324	19764493	87908
chr19	56021006	56221006	harbor2	chr19	56071522	56071948	LTR/ERVL	1621	+	213	56071735	50729
chr19	56021023	56221023	harbor2	chr19	56071522	56071948	LTR/ERVL	1621	+	213	56071735	50712
chr19	57180316	57380316	harbor2	chr19	57186252	57186564	LTR/ERVL	1299	+	156	57186408	6092
chr19	57180316	57380316	harbor2	chr19	57200015	57200337	LTR/ERVL	2629	+	161	57200176	19860
chr19	57180316	57380316	harbor2	chr19	57202393	57202595	LTR/ERVL	800	+	101	57202494	22178
chr19	57180316	57380316	harbor2	chr19	57202602	57203105	LTR/ERVL	2774	+	252	57202854	22538
chr19	57180316	57380316	harbor2	chr19	57223924	57223986	LTR/ERVL	795	+	31	57223955	43639
chr19	57180316	57380316	harbor2	chr19	57224292	57224482	LTR/ERVL	795	+	95	57224387	44071
chr19	57180316	57380316	harbor2	chr19	57227979	57228317	LTR/ERVL	844	+	169	57228148	47832
chr19	57180316	57380316	harbor2	chr19	57263384	57263629	LTR/ERVL	2034	+	122	57263506	83190
chr19	57180316	57380316	harbor2	chr19	57263919	57264158	LTR/ERVL	2034	+	120	57264039	83723
chr19	57180316	57380316	harbor2	chr19	57269565	57270136	LTR/ERVL	1364	+	286	57269851	89535
chr19	19952301	20152301	harbor2	chr19	19957701	19958100	LTR/ERVL	3355	+	200	19957901	5600
chr19	19952301	20152301	harbor2	chr19	19958164	19958689	LTR/ERVL	4031	+	262	19958426	6125
chr19	19952301	20152301	harbor2	chr19	19959694	19959789	LTR/ERVL	4031	+	48	19959742	7441
chr19	19952301	20152301	harbor2	chr19	19959790	19961467	LTR/ERVL	12830	+	838	19960628	8327
chr19	19952301	20152301	harbor2	chr19	19962598	19962713	LTR/ERVL	793	+	58	19962656	10355
chr19	19952301	20152301	harbor2	chr19	19962700	19964290	LTR/ERVL	11117	+	795	19963495	11194
chr19	19952301	20152301	harbor2	chr19	19964291	19964935	LTR/ERVL	3797	+	322	19964613	12312
chr19	19676523	19876523	harbor2	chr19	19760002	19760027	LTR/ERVL	1863	+	12	19760014	83491
chr19	19676523	19876523	harbor2	chr19	19760320	19760792	LTR/ERVL	1863	+	236	19760556	84033
chr19	19676523	19876523	harbor2	chr19	19761109	19761520	LTR/ERVL	4637	+	206	19761315	84792
chr19	19676523	19876523	harbor2	chr19	19761837	19761960	LTR/ERVL	4637	+	62	19761899	85376
chr19	19676523	19876523	harbor2	chr19	19762256	19762865	LTR/ERVL	4637	+	304	19762560	86037
chr19	19676523	19876523	harbor2	chr19	19763222	19763463	LTR/ERVL	3870	+	120	19763342	86819
chr19	19676523	19876523	harbor2	chr19	19764169	19764818	LTR/ERVL	3870	+	324	19764493	87970
chr19	2115939	2315939	harbor2	chr19	2124097	2124407	LTR/ERVL	729	+	155	2124252	8313
chr19	2115939	2315939	harbor2	chr19	2154586	2154897	LTR/ERVL	815	+	156	2154742	38803
chr19	10619009	10819009	harbor2	chr19	10646676	10646776	LTR/ERVL	1468	+	50	10646726	27717
chr19	10619009	10819009	harbor2	chr19	10647048	10647454	LTR/ERVL	1468	+	203	10647251	28242
chr19	57180327	57380327	harbor2	chr19	57186252	57186564	LTR/ERVL	1299	+	156	57186408	6081
chr19	57180327	57380327	harbor2	chr19	57200015	57200337	LTR/ERVL	2629	+	161	57200176	19849
chr19	57180327	57380327	harbor2	chr19	57202393	57202595	LTR/ERVL	800	+	101	57202494	22167
chr19	57180327	57380327	harbor2	chr19	57202602	57203105	LTR/ERVL	2774	+	252	57202854	22527
chr19	57180327	57380327	harbor2	chr19	57223924	57223986	LTR/ERVL	795	+	31	57223955	43628
chr19	57180327	57380327	harbor2	chr19	57224292	57224482	LTR/ERVL	795	+	95	57224387	44060
chr19	57180327	57380327	harbor2	chr19	57227979	57228317	LTR/ERVL	844	+	169	57228148	47821
chr19	57180327	57380327	harbor2	chr19	57263384	57263629	LTR/ERVL	2034	+	122	57263506	83179
chr19	57180327	57380327	harbor2	chr19	57263919	57264158	LTR/ERVL	2034	+	120	57264039	83712
chr19	57180327	57380327	harbor2	chr19	57269565	57270136	LTR/ERVL	1364	+	286	57269851	89524
chr19	19676599	19876599	harbor2	chr19	19760002	19760027	LTR/ERVL	1863	+	12	19760014	83415
chr19	19676599	19876599	harbor2	chr19	19760320	19760792	LTR/ERVL	1863	+	236	19760556	83957
chr19	19676599	19876599	harbor2	chr19	19761109	19761520	LTR/ERVL	4637	+	206	19761315	84716
chr19	19676599	19876599	harbor2	chr19	19761837	19761960	LTR/ERVL	4637	+	62	19761899	85300
chr19	19676599	19876599	harbor2	chr19	19762256	19762865	LTR/ERVL	4637	+	304	19762560	85961
chr19	19676599	19876599	harbor2	chr19	19763222	19763463	LTR/ERVL	3870	+	120	19763342	86743
chr19	19676599	19876599	harbor2	chr19	19764169	19764818	LTR/ERVL	3870	+	324	19764493	87894
chr19	19676579	19876579	harbor2	chr19	19760002	19760027	LTR/ERVL	1863	+	12	19760014	83435
chr19	19676579	19876579	harbor2	chr19	19760320	19760792	LTR/ERVL	1863	+	236	19760556	83977
chr19	19676579	19876579	harbor2	chr19	19761109	19761520	LTR/ERVL	4637	+	206	19761315	84736
chr19	19676579	19876579	harbor2	chr19	19761837	19761960	LTR/ERVL	4637	+	62	19761899	85320
chr19	19676579	19876579	harbor2	chr19	19762256	19762865	LTR/ERVL	4637	+	304	19762560	85981
chr19	19676579	19876579	harbor2	chr19	19763222	19763463	LTR/ERVL	3870	+	120	19763342	86763
chr19	19676579	19876579	harbor2	chr19	19764169	19764818	LTR/ERVL	3870	+	324	19764493	87914
chr19	21364049	21564049	harbor2	chr19	21367217	21367561	LTR/ERVL	1083	+	172	21367389	3340
chr19	21364049	21564049	harbor2	chr19	21419020	21419281	LTR/ERVL	665	+	130	21419150	55101
chr19	10628021	10828021	harbor2	chr19	10646676	10646776	LTR/ERVL	1468	+	50	10646726	18705
chr19	10628021	10828021	harbor2	chr19	10647048	10647454	LTR/ERVL	1468	+	203	10647251	19230
chr19	10619476	10819476	harbor2	chr19	10646676	10646776	LTR/ERVL	1468	+	50	10646726	27250
chr19	10619476	10819476	harbor2	chr19	10647048	10647454	LTR/ERVL	1468	+	203	10647251	27775
chr19	53779492	53979492	harbor2	chr19	53816093	53816507	LTR/ERVL	1106	+	207	53816300	36808
chr19	53779492	53979492	harbor2	chr19	53864254	53864794	LTR/ERVL	998	+	270	53864524	85032
chr19	32575222	32775222	harbor2	chr19	32575832	32576318	LTR/ERVL	1948	+	243	32576075	853
chr19	32575222	32775222	harbor2	chr19	32623166	32623548	LTR/ERVL	2372	+	191	32623357	48135
chr19	32575222	32775222	harbor2	chr19	32623851	32624042	LTR/ERVL	2372	+	96	32623947	48725
chr19	39746502	39946502	harbor2	chr19	39770440	39770606	LTR/ERVL	1138	+	83	39770523	24021
chr19	39746502	39946502	harbor2	chr19	39771716	39771985	LTR/ERVL	1138	+	134	39771850	25348
chr19	4082590	4282590	harbor2	chr19	4116052	4116244	LTR/ERVL	961	+	96	4116148	33558
chr19	48648417	48848417	harbor2	chr19	48712221	48712408	LTR/ERVL	783	+	94	48712315	63898
chr19	48648417	48848417	harbor2	chr19	48712732	48712807	LTR/ERVL	783	+	38	48712770	64353
chr19	48648417	48848417	harbor2	chr19	48709558	48709855	LTR/ERVL	798	+	148	48709706	61289
chr19	35168137	35368137	harbor2	chr19	35173816	35174053	LTR/ERVL	776	+	118	35173934	5797
chr19	35168137	35368137	harbor2	chr19	35179191	35179552	LTR/ERVL	2206	+	180	35179371	11234
chr19	35168137	35368137	harbor2	chr19	35179864	35180103	LTR/ERVL	2206	+	120	35179984	11847
chr19	35168137	35368137	harbor2	chr19	35180160	35180210	LTR/ERVL	4651	+	25	35180185	12048
chr19	35168137	35368137	harbor2	chr19	35180521	35181581	LTR/ERVL	4651	+	530	35181051	12914
chr19	35168137	35368137	harbor2	chr19	35181919	35182123	LTR/ERVL	952	+	102	35182021	13884
chr19	35168137	35368137	harbor2	chr19	35185038	35185218	LTR/ERVL	855	+	90	35185128	16991
chr19	35168137	35368137	harbor2	chr19	35196745	35196781	LTR/ERVL	3679	+	18	35196763	28626
chr19	35168137	35368137	harbor2	chr19	35197446	35198141	LTR/ERVL	3679	+	348	35197794	29657
chr19	35168137	35368137	harbor2	chr19	35198332	35198426	LTR/ERVL	1416	+	47	35198379	30242
chr19	35168137	35368137	harbor2	chr19	35198739	35199045	LTR/ERVL	1416	+	153	35198892	30755
chr19	58351584	58551584	harbor2	chr19	58355015	58355199	LTR/ERVL	642	+	92	58355107	3523
chr19	58351584	58551584	harbor2	chr19	58365703	58366062	LTR/ERVL	884	+	180	58365883	14299
chr19	28840757	29040757	harbor2	chr19	28850672	28851135	LTR/ERVL	729	+	232	28850904	10147
chr19	28840757	29040757	harbor2	chr19	28865631	28866434	LTR/ERVL	2669	+	402	28866033	25276
chr19	28840757	29040757	harbor2	chr19	28874956	28875252	LTR/ERVL	823	+	148	28875104	34347
chr19	28840757	29040757	harbor2	chr19	28903983	28904228	LTR/ERVL	654	+	122	28904105	63348
chr19	51827594	52027594	harbor2	chr19	51850110	51850706	LTR/ERVL	2001	+	298	51850408	22814
chr19	51827594	52027594	harbor2	chr19	51857980	51858424	LTR/ERVL	1694	+	222	51858202	30608
chr19	51827594	52027594	harbor2	chr19	51895831	51896153	LTR/ERVL	1533	+	161	51895992	68398
chr19	51827594	52027594	harbor2	chr19	51911828	51911872	LTR/ERVL	1245	+	22	51911850	84256
chr19	51827594	52027594	harbor2	chr19	51912172	51912529	LTR/ERVL	1245	+	178	51912350	84756
chr19	51827594	52027594	harbor2	chr19	51923222	51923693	LTR/ERVL	2084	+	236	51923458	95864
chr19	44976314	45176314	harbor2	chr19	45031424	45031555	LTR/ERVL	698	+	66	45031490	55176
chr19	19676552	19876552	harbor2	chr19	19760002	19760027	LTR/ERVL	1863	+	12	19760014	83462
chr19	19676552	19876552	harbor2	chr19	19760320	19760792	LTR/ERVL	1863	+	236	19760556	84004
chr19	19676552	19876552	harbor2	chr19	19761109	19761520	LTR/ERVL	4637	+	206	19761315	84763
chr19	19676552	19876552	harbor2	chr19	19761837	19761960	LTR/ERVL	4637	+	62	19761899	85347
chr19	19676552	19876552	harbor2	chr19	19762256	19762865	LTR/ERVL	4637	+	304	19762560	86008
chr19	19676552	19876552	harbor2	chr19	19763222	19763463	LTR/ERVL	3870	+	120	19763342	86790
chr19	19676552	19876552	harbor2	chr19	19764169	19764818	LTR/ERVL	3870	+	324	19764493	87941
chr19	19952302	20152302	harbor2	chr19	19957701	19958100	LTR/ERVL	3355	+	200	19957901	5599
chr19	19952302	20152302	harbor2	chr19	19958164	19958689	LTR/ERVL	4031	+	262	19958426	6124
chr19	19952302	20152302	harbor2	chr19	19959694	19959789	LTR/ERVL	4031	+	48	19959742	7440
chr19	19952302	20152302	harbor2	chr19	19959790	19961467	LTR/ERVL	12830	+	838	19960628	8326
chr19	19952302	20152302	harbor2	chr19	19962598	19962713	LTR/ERVL	793	+	58	19962656	10354
chr19	19952302	20152302	harbor2	chr19	19962700	19964290	LTR/ERVL	11117	+	795	19963495	11193
chr19	19952302	20152302	harbor2	chr19	19964291	19964935	LTR/ERVL	3797	+	322	19964613	12311
chr19	19676583	19876583	harbor2	chr19	19760002	19760027	LTR/ERVL	1863	+	12	19760014	83431
chr19	19676583	19876583	harbor2	chr19	19760320	19760792	LTR/ERVL	1863	+	236	19760556	83973
chr19	19676583	19876583	harbor2	chr19	19761109	19761520	LTR/ERVL	4637	+	206	19761315	84732
chr19	19676583	19876583	harbor2	chr19	19761837	19761960	LTR/ERVL	4637	+	62	19761899	85316
chr19	19676583	19876583	harbor2	chr19	19762256	19762865	LTR/ERVL	4637	+	304	19762560	85977
chr19	19676583	19876583	harbor2	chr19	19763222	19763463	LTR/ERVL	3870	+	120	19763342	86759
chr19	19676583	19876583	harbor2	chr19	19764169	19764818	LTR/ERVL	3870	+	324	19764493	87910
chr19	43363366	43563366	harbor2	chr19	43395660	43396151	LTR/ERVL	1423	+	246	43395906	32540
chr19	19676557	19876557	harbor2	chr19	19760002	19760027	LTR/ERVL	1863	+	12	19760014	83457
chr19	19676557	19876557	harbor2	chr19	19760320	19760792	LTR/ERVL	1863	+	236	19760556	83999
chr19	19676557	19876557	harbor2	chr19	19761109	19761520	LTR/ERVL	4637	+	206	19761315	84758
chr19	19676557	19876557	harbor2	chr19	19761837	19761960	LTR/ERVL	4637	+	62	19761899	85342
chr19	19676557	19876557	harbor2	chr19	19762256	19762865	LTR/ERVL	4637	+	304	19762560	86003
chr19	19676557	19876557	harbor2	chr19	19763222	19763463	LTR/ERVL	3870	+	120	19763342	86785
chr19	19676557	19876557	harbor2	chr19	19764169	19764818	LTR/ERVL	3870	+	324	19764493	87936
chr19	13954255	14154255	harbor2	chr19	14048480	14048917	LTR/ERVL	1464	+	218	14048698	94443
chr19	56021025	56221025	harbor2	chr19	56071522	56071948	LTR/ERVL	1621	+	213	56071735	50710
chr19	39542549	39742549	harbor2	chr19	39571071	39571262	LTR/ERVL	1076	+	96	39571167	28618
chr19	209125	409125	harbor2	chr19	217941	218198	LTR/ERVL	3577	+	128	218069	8944
chr19	209125	409125	harbor2	chr19	218494	218803	LTR/ERVL	3577	+	154	218648	9523
chr19	209125	409125	harbor2	chr19	219110	219409	LTR/ERVL	3577	+	150	219260	10135
chr19	7669079	7869079	harbor2	chr19	7723189	7723747	LTR/ERVL	2072	+	279	7723468	54389
chr19	7669079	7869079	harbor2	chr19	7724504	7724546	LTR/ERVL	2072	+	21	7724525	55446
chr19	7669079	7869079	harbor2	chr19	7725269	7725513	LTR/ERVL	918	+	122	7725391	56312
chr19	7669079	7869079	harbor2	chr19	7725825	7726092	LTR/ERVL	918	+	134	7725959	56880
chr19	7669079	7869079	harbor2	chr19	7743450	7743884	LTR/ERVL	1743	+	217	7743667	74588
chr19	2356863	2556863	harbor2	chr19	2440848	2441326	LTR/ERVL	940	+	239	2441087	84224
chr19	51511611	51711611	harbor2	chr19	51514294	51515166	LTR/ERVL	2373	+	436	51514730	3119
chr19	51511611	51711611	harbor2	chr19	51516541	51516888	LTR/ERVL	1193	+	174	51516715	5104
chr19	51511611	51711611	harbor2	chr19	51546780	51546918	LTR/ERVL	843	+	69	51546849	35238
chr19	51511611	51711611	harbor2	chr19	51547055	51547721	LTR/ERVL	3336	+	333	51547388	35777
chr19	51511611	51711611	harbor2	chr19	51604975	51605367	LTR/ERVL	1156	+	196	51605171	93560
chr19	19690415	19890415	harbor2	chr19	19760002	19760027	LTR/ERVL	1863	+	12	19760014	69599
chr19	19690415	19890415	harbor2	chr19	19760320	19760792	LTR/ERVL	1863	+	236	19760556	70141
chr19	19690415	19890415	harbor2	chr19	19761109	19761520	LTR/ERVL	4637	+	206	19761315	70900
chr19	19690415	19890415	harbor2	chr19	19761837	19761960	LTR/ERVL	4637	+	62	19761899	71484
chr19	19690415	19890415	harbor2	chr19	19762256	19762865	LTR/ERVL	4637	+	304	19762560	72145
chr19	19690415	19890415	harbor2	chr19	19763222	19763463	LTR/ERVL	3870	+	120	19763342	72927
chr19	19690415	19890415	harbor2	chr19	19764169	19764818	LTR/ERVL	3870	+	324	19764493	74078
chr19	19690415	19890415	harbor2	chr19	19777469	19777702	LTR/ERVL	859	+	116	19777585	87170
chr19	48070658	48270658	harbor2	chr19	48070909	48071013	LTR/ERVL	1573	+	52	48070961	303
chr19	48070658	48270658	harbor2	chr19	48104206	48104529	LTR/ERVL	1456	+	162	48104368	33710
chr19	48070658	48270658	harbor2	chr19	48154346	48154662	LTR/ERVL	974	+	158	48154504	83846
chr19	48070658	48270658	harbor2	chr19	48158711	48159066	LTR/ERVL	687	+	178	48158889	88231
chr19	58102901	58302901	harbor2	chr19	58142774	58142939	LTR/ERVL	749	+	82	58142856	39955
chr19	10914491	11114491	harbor2	chr19	10970164	10970426	LTR/ERVL	1363	+	131	10970295	55804
chr19	10914491	11114491	harbor2	chr19	10970704	10970867	LTR/ERVL	1363	+	82	10970786	56295
chr19	2117209	2317209	harbor2	chr19	2124097	2124407	LTR/ERVL	729	+	155	2124252	7043
chr19	2117209	2317209	harbor2	chr19	2154586	2154897	LTR/ERVL	815	+	156	2154742	37533
chr19	33316356	33516356	harbor2	chr19	33336984	33337254	LTR/ERVL	686	+	135	33337119	20763
chr19	2130923	2330923	harbor2	chr19	2154586	2154897	LTR/ERVL	815	+	156	2154742	23819
chr19	10619538	10819538	harbor2	chr19	10646676	10646776	LTR/ERVL	1468	+	50	10646726	27188
chr19	10619538	10819538	harbor2	chr19	10647048	10647454	LTR/ERVL	1468	+	203	10647251	27713
chr19	10922845	11122845	harbor2	chr19	10970164	10970426	LTR/ERVL	1363	+	131	10970295	47450
chr19	10922845	11122845	harbor2	chr19	10970704	10970867	LTR/ERVL	1363	+	82	10970786	47941
chr19	209526	409526	harbor2	chr19	217941	218198	LTR/ERVL	3577	+	128	218069	8543
chr19	209526	409526	harbor2	chr19	218494	218803	LTR/ERVL	3577	+	154	218648	9122
chr19	209526	409526	harbor2	chr19	219110	219409	LTR/ERVL	3577	+	150	219260	9734
chr19	19952225	20152225	harbor2	chr19	19957701	19958100	LTR/ERVL	3355	+	200	19957901	5676
chr19	19952225	20152225	harbor2	chr19	19958164	19958689	LTR/ERVL	4031	+	262	19958426	6201
chr19	19952225	20152225	harbor2	chr19	19959694	19959789	LTR/ERVL	4031	+	48	19959742	7517
chr19	19952225	20152225	harbor2	chr19	19959790	19961467	LTR/ERVL	12830	+	838	19960628	8403
chr19	19952225	20152225	harbor2	chr19	19962598	19962713	LTR/ERVL	793	+	58	19962656	10431
chr19	19952225	20152225	harbor2	chr19	19962700	19964290	LTR/ERVL	11117	+	795	19963495	11270
chr19	19952225	20152225	harbor2	chr19	19964291	19964935	LTR/ERVL	3797	+	322	19964613	12388
chr19	11935497	12135497	harbor2	chr19	11958139	11958490	LTR/ERVL	654	+	176	11958315	22818
chr19	19676568	19876568	harbor2	chr19	19760002	19760027	LTR/ERVL	1863	+	12	19760014	83446
chr19	19676568	19876568	harbor2	chr19	19760320	19760792	LTR/ERVL	1863	+	236	19760556	83988
chr19	19676568	19876568	harbor2	chr19	19761109	19761520	LTR/ERVL	4637	+	206	19761315	84747
chr19	19676568	19876568	harbor2	chr19	19761837	19761960	LTR/ERVL	4637	+	62	19761899	85331
chr19	19676568	19876568	harbor2	chr19	19762256	19762865	LTR/ERVL	4637	+	304	19762560	85992
chr19	19676568	19876568	harbor2	chr19	19763222	19763463	LTR/ERVL	3870	+	120	19763342	86774
chr19	19676568	19876568	harbor2	chr19	19764169	19764818	LTR/ERVL	3870	+	324	19764493	87925
chr19	19676566	19876566	harbor2	chr19	19760002	19760027	LTR/ERVL	1863	+	12	19760014	83448
chr19	19676566	19876566	harbor2	chr19	19760320	19760792	LTR/ERVL	1863	+	236	19760556	83990
chr19	19676566	19876566	harbor2	chr19	19761109	19761520	LTR/ERVL	4637	+	206	19761315	84749
chr19	19676566	19876566	harbor2	chr19	19761837	19761960	LTR/ERVL	4637	+	62	19761899	85333
chr19	19676566	19876566	harbor2	chr19	19762256	19762865	LTR/ERVL	4637	+	304	19762560	85994
chr19	19676566	19876566	harbor2	chr19	19763222	19763463	LTR/ERVL	3870	+	120	19763342	86776
chr19	19676566	19876566	harbor2	chr19	19764169	19764818	LTR/ERVL	3870	+	324	19764493	87927
chr19	4082526	4282526	harbor2	chr19	4116052	4116244	LTR/ERVL	961	+	96	4116148	33622
chr19	19676549	19876549	harbor2	chr19	19760002	19760027	LTR/ERVL	1863	+	12	19760014	83465
chr19	19676549	19876549	harbor2	chr19	19760320	19760792	LTR/ERVL	1863	+	236	19760556	84007
chr19	19676549	19876549	harbor2	chr19	19761109	19761520	LTR/ERVL	4637	+	206	19761315	84766
chr19	19676549	19876549	harbor2	chr19	19761837	19761960	LTR/ERVL	4637	+	62	19761899	85350
chr19	19676549	19876549	harbor2	chr19	19762256	19762865	LTR/ERVL	4637	+	304	19762560	86011
chr19	19676549	19876549	harbor2	chr19	19763222	19763463	LTR/ERVL	3870	+	120	19763342	86793
chr19	19676549	19876549	harbor2	chr19	19764169	19764818	LTR/ERVL	3870	+	324	19764493	87944
chr19	10618715	10818715	harbor2	chr19	10646676	10646776	LTR/ERVL	1468	+	50	10646726	28011
chr19	10618715	10818715	harbor2	chr19	10647048	10647454	LTR/ERVL	1468	+	203	10647251	28536
chr19	21041960	21241960	harbor2	chr19	21091688	21092035	LTR/ERVL	999	+	174	21091862	49902
chr19	19676577	19876577	harbor2	chr19	19760002	19760027	LTR/ERVL	1863	+	12	19760014	83437
chr19	19676577	19876577	harbor2	chr19	19760320	19760792	LTR/ERVL	1863	+	236	19760556	83979
chr19	19676577	19876577	harbor2	chr19	19761109	19761520	LTR/ERVL	4637	+	206	19761315	84738
chr19	19676577	19876577	harbor2	chr19	19761837	19761960	LTR/ERVL	4637	+	62	19761899	85322
chr19	19676577	19876577	harbor2	chr19	19762256	19762865	LTR/ERVL	4637	+	304	19762560	85983
chr19	19676577	19876577	harbor2	chr19	19763222	19763463	LTR/ERVL	3870	+	120	19763342	86765
chr19	19676577	19876577	harbor2	chr19	19764169	19764818	LTR/ERVL	3870	+	324	19764493	87916
chr19	19676519	19876519	harbor2	chr19	19760002	19760027	LTR/ERVL	1863	+	12	19760014	83495
chr19	19676519	19876519	harbor2	chr19	19760320	19760792	LTR/ERVL	1863	+	236	19760556	84037
chr19	19676519	19876519	harbor2	chr19	19761109	19761520	LTR/ERVL	4637	+	206	19761315	84796
chr19	19676519	19876519	harbor2	chr19	19761837	19761960	LTR/ERVL	4637	+	62	19761899	85380
chr19	19676519	19876519	harbor2	chr19	19762256	19762865	LTR/ERVL	4637	+	304	19762560	86041
chr19	19676519	19876519	harbor2	chr19	19763222	19763463	LTR/ERVL	3870	+	120	19763342	86823
chr19	19676519	19876519	harbor2	chr19	19764169	19764818	LTR/ERVL	3870	+	324	19764493	87974
chr19	10618444	10818444	harbor2	chr19	10646676	10646776	LTR/ERVL	1468	+	50	10646726	28282
chr19	10618444	10818444	harbor2	chr19	10647048	10647454	LTR/ERVL	1468	+	203	10647251	28807
chr19	19676542	19876542	harbor2	chr19	19760002	19760027	LTR/ERVL	1863	+	12	19760014	83472
chr19	19676542	19876542	harbor2	chr19	19760320	19760792	LTR/ERVL	1863	+	236	19760556	84014
chr19	19676542	19876542	harbor2	chr19	19761109	19761520	LTR/ERVL	4637	+	206	19761315	84773
chr19	19676542	19876542	harbor2	chr19	19761837	19761960	LTR/ERVL	4637	+	62	19761899	85357
chr19	19676542	19876542	harbor2	chr19	19762256	19762865	LTR/ERVL	4637	+	304	19762560	86018
chr19	19676542	19876542	harbor2	chr19	19763222	19763463	LTR/ERVL	3870	+	120	19763342	86800
chr19	19676542	19876542	harbor2	chr19	19764169	19764818	LTR/ERVL	3870	+	324	19764493	87951
chr19	10618446	10818446	harbor2	chr19	10646676	10646776	LTR/ERVL	1468	+	50	10646726	28280
chr19	10618446	10818446	harbor2	chr19	10647048	10647454	LTR/ERVL	1468	+	203	10647251	28805
chr20	62866011	63066011	harbor2	chr20	62873312	62873548	LTR/ERVL	1861	+	118	62873430	7419
chr20	62866011	63066011	harbor2	chr20	62874540	62875101	LTR/ERVL	1861	+	280	62874820	8809
chr20	62866011	63066011	harbor2	chr20	62875746	62876142	LTR/ERVL	1037	+	198	62875944	9933
chr20	21818051	22018051	harbor2	chr20	21821816	21822116	LTR/ERVL	738	+	150	21821966	3915
chr20	21818051	22018051	harbor2	chr20	21840250	21840531	LTR/ERVL	588	+	140	21840390	22339
chr20	21818051	22018051	harbor2	chr20	21896294	21896586	LTR/ERVL	862	+	146	21896440	78389
chr20	21818051	22018051	harbor2	chr20	21904768	21905019	LTR/ERVL	597	+	126	21904894	86843
chr20	21818051	22018051	harbor2	chr20	21909481	21909820	LTR/ERVL	1093	+	170	21909651	91600
chr20	31622896	31822896	harbor2	chr20	31653798	31654119	LTR/ERVL	632	+	160	31653958	31062
chr20	59095432	59295432	harbor2	chr20	59104571	59104879	LTR/ERVL	534	+	154	59104725	9293
chr20	59095432	59295432	harbor2	chr20	59186096	59186281	LTR/ERVL	819	+	92	59186188	90756
chr20	50095117	50295117	harbor2	chr20	50172373	50172756	LTR/ERVL	463	+	192	50172565	77448
chr20	4624774	4824774	harbor2	chr20	4635913	4636276	LTR/ERVL	639	+	182	4636095	11321
chr20	4624774	4824774	harbor2	chr20	4653972	4654431	LTR/ERVL	1785	+	230	4654202	29428
chr20	4624774	4824774	harbor2	chr20	4654600	4654811	LTR/ERVL	1117	+	106	4654706	29932
chr20	4624774	4824774	harbor2	chr20	4708059	4708519	LTR/ERVL	1683	+	230	4708289	83515
chr20	1023102	1223102	harbor2	chr20	1109101	1109488	LTR/ERVL	756	+	194	1109295	86193
chr20	1023102	1223102	harbor2	chr20	1109865	1110271	LTR/ERVL	861	+	203	1110068	86966
chr20	1023102	1223102	harbor2	chr20	1114185	1114427	LTR/ERVL	987	+	121	1114306	91204
chr20	63606959	63806959	harbor2	chr20	63633757	63634116	LTR/ERVL	1072	+	180	63633937	26978
chr20	63606959	63806959	harbor2	chr20	63663061	63663280	LTR/ERVL	653	+	110	63663171	56212
chr20	63606959	63806959	harbor2	chr20	63705753	63706203	LTR/ERVL	1583	+	225	63705978	99019
chr20	9474281	9674281	harbor2	chr20	9497607	9498090	LTR/ERVL	1775	+	242	9497849	23568
chr20	9474281	9674281	harbor2	chr20	9535051	9535357	LTR/ERVL	765	+	153	9535204	60923
chr20	9474281	9674281	harbor2	chr20	9556774	9557243	LTR/ERVL	1008	+	234	9557008	82727
chr20	9474281	9674281	harbor2	chr20	9563112	9563836	LTR/ERVL	993	+	362	9563474	89193
chr20	50272702	50472702	harbor2	chr20	50275930	50276139	LTR/ERVL	618	+	104	50276034	3332
chr20	50272702	50472702	harbor2	chr20	50302406	50302917	LTR/ERVL	1427	+	256	50302662	29960
chr20	3127157	3327157	harbor2	chr20	3224897	3224924	LTR/ERVL	3038	+	14	3224911	97754
chr20	3127157	3327157	harbor2	chr20	3225214	3225746	LTR/ERVL	3038	+	266	3225480	98323
chr20	3127157	3327157	harbor2	chr20	3226031	3226388	LTR/ERVL	3038	+	178	3226209	99052
chr20	40600650	40800650	harbor2	chr20	40632523	40632980	LTR/ERVL	1477	+	228	40632751	32101
chr20	40600650	40800650	harbor2	chr20	40636749	40637173	LTR/ERVL	1057	+	212	40636961	36311
chr20	38347847	38547847	harbor2	chr20	38369520	38369891	LTR/ERVL	790	+	186	38369706	21859
chr20	38347847	38547847	harbor2	chr20	38382939	38383209	LTR/ERVL	943	+	135	38383074	35227
chr20	38347847	38547847	harbor2	chr20	38383510	38383852	LTR/ERVL	1720	+	171	38383681	35834
chr20	38347847	38547847	harbor2	chr20	38406440	38406829	LTR/ERVL	1398	+	194	38406634	58787
chr20	38347847	38547847	harbor2	chr20	38424932	38425155	LTR/ERVL	1036	+	112	38425044	77197
chr20	38347847	38547847	harbor2	chr20	38427724	38428148	LTR/ERVL	1742	+	212	38427936	80089
chr20	62024350	62224350	harbor2	chr20	62072970	62073517	LTR/ERVL	1969	+	274	62073244	48894
chr20	62024350	62224350	harbor2	chr20	62073537	62074083	LTR/ERVL	4047	+	273	62073810	49460
chr20	62024350	62224350	harbor2	chr20	62083599	62083905	LTR/ERVL	967	+	153	62083752	59402
chr20	62024350	62224350	harbor2	chr20	62113011	62113165	LTR/ERVL	496	+	77	62113088	88738
chr20	62024350	62224350	harbor2	chr20	62113996	62114043	LTR/ERVL	528	+	24	62114020	89670
chr20	62024350	62224350	harbor2	chr20	62114964	62115343	LTR/ERVL	528	+	190	62115154	90804
chr20	35362392	35562392	harbor2	chr20	35394268	35394643	LTR/ERVL	1194	+	188	35394456	32064
chr20	63438095	63638095	harbor2	chr20	63450733	63450859	LTR/ERVL	515	+	63	63450796	12701
chr20	63438095	63638095	harbor2	chr20	63451166	63451248	LTR/ERVL	515	+	41	63451207	13112
chr20	63438095	63638095	harbor2	chr20	63451296	63451570	LTR/ERVL	912	+	137	63451433	13338
chr20	63438095	63638095	harbor2	chr20	63504284	63504390	LTR/ERVL	468	+	53	63504337	66242
chr20	1020784	1220784	harbor2	chr20	1109101	1109488	LTR/ERVL	756	+	194	1109295	88511
chr20	1020784	1220784	harbor2	chr20	1109865	1110271	LTR/ERVL	861	+	203	1110068	89284
chr20	1020784	1220784	harbor2	chr20	1114185	1114427	LTR/ERVL	987	+	121	1114306	93522
chr20	9474416	9674416	harbor2	chr20	9497607	9498090	LTR/ERVL	1775	+	242	9497849	23433
chr20	9474416	9674416	harbor2	chr20	9535051	9535357	LTR/ERVL	765	+	153	9535204	60788
chr20	9474416	9674416	harbor2	chr20	9556774	9557243	LTR/ERVL	1008	+	234	9557008	82592
chr20	9474416	9674416	harbor2	chr20	9563112	9563836	LTR/ERVL	993	+	362	9563474	89058
chr20	3370919	3570919	harbor2	chr20	3423242	3423545	LTR/ERVL	1327	+	152	3423394	52475
chr20	3370919	3570919	harbor2	chr20	3430547	3431030	LTR/ERVL	1153	+	242	3430789	59870
chr20	3370919	3570919	harbor2	chr20	3432766	3432973	LTR/ERVL	639	+	104	3432870	61951
chr20	3370919	3570919	harbor2	chr20	3454944	3455413	LTR/ERVL	2041	+	234	3455178	84259
chr20	3370919	3570919	harbor2	chr20	3461248	3461636	LTR/ERVL	1527	+	194	3461442	90523
chr20	3370919	3570919	harbor2	chr20	3466667	3466989	LTR/ERVL	1053	+	161	3466828	95909
chr20	35138054	35338054	harbor2	chr20	35179907	35179963	LTR/ERVL	819	+	28	35179935	41881
chr20	35138054	35338054	harbor2	chr20	35180283	35180670	LTR/ERVL	819	+	194	35180477	42423
chr20	62043222	62243222	harbor2	chr20	62072970	62073517	LTR/ERVL	1969	+	274	62073244	30022
chr20	62043222	62243222	harbor2	chr20	62073537	62074083	LTR/ERVL	4047	+	273	62073810	30588
chr20	62043222	62243222	harbor2	chr20	62083599	62083905	LTR/ERVL	967	+	153	62083752	40530
chr20	62043222	62243222	harbor2	chr20	62113011	62113165	LTR/ERVL	496	+	77	62113088	69866
chr20	62043222	62243222	harbor2	chr20	62113996	62114043	LTR/ERVL	528	+	24	62114020	70798
chr20	62043222	62243222	harbor2	chr20	62114964	62115343	LTR/ERVL	528	+	190	62115154	71932
chr20	21866893	22066893	harbor2	chr20	21896294	21896586	LTR/ERVL	862	+	146	21896440	29547
chr20	21866893	22066893	harbor2	chr20	21904768	21905019	LTR/ERVL	597	+	126	21904894	38001
chr20	21866893	22066893	harbor2	chr20	21909481	21909820	LTR/ERVL	1093	+	170	21909651	42758
chr20	21866893	22066893	harbor2	chr20	21920819	21921269	LTR/ERVL	1102	+	225	21921044	54151
chr20	21866893	22066893	harbor2	chr20	21923931	21924352	LTR/ERVL	1468	+	210	21924141	57248
chr20	21866893	22066893	harbor2	chr20	21933554	21933875	LTR/ERVL	569	+	160	21933714	66821
chr20	21866893	22066893	harbor2	chr20	21948776	21949273	LTR/ERVL	861	+	248	21949024	82131
chr20	63732367	63932367	harbor2	chr20	63757660	63757851	LTR/ERVL	647	+	96	63757756	25389
chr20	63732367	63932367	harbor2	chr20	63758201	63758564	LTR/ERVL	1202	+	182	63758383	26016
chr20	3222273	3422273	harbor2	chr20	3224897	3224924	LTR/ERVL	3038	+	14	3224911	2638
chr20	3222273	3422273	harbor2	chr20	3225214	3225746	LTR/ERVL	3038	+	266	3225480	3207
chr20	3222273	3422273	harbor2	chr20	3226031	3226388	LTR/ERVL	3038	+	178	3226209	3936
chr20	3015690	3215690	harbor2	chr20	3058218	3058547	LTR/ERVL	725	+	164	3058382	42692
chr20	11791589	11991589	harbor2	chr20	11813389	11813420	LTR/ERVL	813	+	16	11813405	21816
chr20	11791589	11991589	harbor2	chr20	11813879	11814300	LTR/ERVL	813	+	210	11814089	22500
chr20	11791589	11991589	harbor2	chr20	11839985	11840198	LTR/ERVL	747	+	106	11840091	48502
chr20	11791589	11991589	harbor2	chr20	11869580	11870407	LTR/ERVL	4321	+	414	11869994	78405
chr20	11791589	11991589	harbor2	chr20	11872893	11873297	LTR/ERVL	1260	+	202	11873095	81506
chr20	11791589	11991589	harbor2	chr20	11879425	11879664	LTR/ERVL	491	+	120	11879545	87956
chr20	11791589	11991589	harbor2	chr20	11886623	11887076	LTR/ERVL	2582	+	226	11886849	95260
chr20	63473161	63673161	harbor2	chr20	63504284	63504390	LTR/ERVL	468	+	53	63504337	31176
chr20	62043200	62243200	harbor2	chr20	62072970	62073517	LTR/ERVL	1969	+	274	62073244	30044
chr20	62043200	62243200	harbor2	chr20	62073537	62074083	LTR/ERVL	4047	+	273	62073810	30610
chr20	62043200	62243200	harbor2	chr20	62083599	62083905	LTR/ERVL	967	+	153	62083752	40552
chr20	62043200	62243200	harbor2	chr20	62113011	62113165	LTR/ERVL	496	+	77	62113088	69888
chr20	62043200	62243200	harbor2	chr20	62113996	62114043	LTR/ERVL	528	+	24	62114020	70820
chr20	62043200	62243200	harbor2	chr20	62114964	62115343	LTR/ERVL	528	+	190	62115154	71954
chr20	4587587	4787587	harbor2	chr20	4635913	4636276	LTR/ERVL	639	+	182	4636095	48508
chr20	4587587	4787587	harbor2	chr20	4653972	4654431	LTR/ERVL	1785	+	230	4654202	66615
chr20	4587587	4787587	harbor2	chr20	4654600	4654811	LTR/ERVL	1117	+	106	4654706	67119
chr20	57208729	57408729	harbor2	chr20	57290799	57291103	LTR/ERVL	953	+	152	57290951	82222
chr20	57208729	57408729	harbor2	chr20	57291266	57291501	LTR/ERVL	613	+	118	57291384	82655
chr21	29261633	29461633	harbor2	chr21	29284765	29285221	LTR/ERVL	1130	+	228	29284993	23360
chr21	45326953	45526953	harbor2	chr21	45356333	45356502	LTR/ERVL	459	+	84	45356417	29464
chr21	46225275	46425275	harbor2	chr21	46320538	46320992	LTR/ERVL	1353	+	227	46320765	95490
chr21	46358887	46558887	harbor2	chr21	46450898	46451173	LTR/ERVL	789	+	138	46451036	92149
chr21	46358887	46558887	harbor2	chr21	46451459	46451621	LTR/ERVL	789	+	81	46451540	92653
chr21	43621046	43821046	harbor2	chr21	43648187	43648357	LTR/ERVL	464	+	85	43648272	27226
chr21	41040652	41240652	harbor2	chr21	41107598	41108098	LTR/ERVL	1726	+	250	41107848	67196
chr21	41040652	41240652	harbor2	chr21	41121870	41122038	LTR/ERVL	483	+	84	41121954	81302
chr21	41040652	41240652	harbor2	chr21	41122297	41122339	LTR/ERVL	444	+	21	41122318	81666
chr21	41040652	41240652	harbor2	chr21	41122912	41123046	LTR/ERVL	444	+	67	41122979	82327
chr21	34275890	34475890	harbor2	chr21	34284739	34285246	LTR/ERVL	1812	+	254	34284993	9103
chr21	34275890	34475890	harbor2	chr21	34285251	34287225	LTR/ERVL	13225	+	987	34286238	10348
chr21	34275890	34475890	harbor2	chr21	34289483	34289937	LTR/ERVL	13225	+	227	34289710	13820
chr21	34275890	34475890	harbor2	chr21	34289937	34290789	LTR/ERVL	5202	+	426	34290363	14473
chr21	34275890	34475890	harbor2	chr21	34291932	34292383	LTR/ERVL	1674	+	226	34292158	16268
chr21	34275890	34475890	harbor2	chr21	34290787	34291929	LTR/ERVL	7170	+	571	34291358	15468
chr21	29199645	29399645	harbor2	chr21	29284765	29285221	LTR/ERVL	1130	+	228	29284993	85348
chr21	29201564	29401564	harbor2	chr21	29284765	29285221	LTR/ERVL	1130	+	228	29284993	83429
chr21	44693527	44893527	harbor2	chr21	44720858	44721216	LTR/ERVL	2181	+	179	44721037	27510
chr21	44693527	44893527	harbor2	chr21	44767842	44768336	LTR/ERVL	1280	+	247	44768089	74562
chr21	42596399	42796399	harbor2	chr21	42650570	42651010	LTR/ERVL	1098	+	220	42650790	54391
chr21	29248676	29448676	harbor2	chr21	29284765	29285221	LTR/ERVL	1130	+	228	29284993	36317
chr21	44774168	44974168	harbor2	chr21	44858307	44858552	LTR/ERVL	724	+	122	44858429	84261
chr21	46359801	46559801	harbor2	chr21	46450898	46451173	LTR/ERVL	789	+	138	46451036	91235
chr21	46359801	46559801	harbor2	chr21	46451459	46451621	LTR/ERVL	789	+	81	46451540	91739
chr21	46358894	46558894	harbor2	chr21	46450898	46451173	LTR/ERVL	789	+	138	46451036	92142
chr21	46358894	46558894	harbor2	chr21	46451459	46451621	LTR/ERVL	789	+	81	46451540	92646
chr21	29201041	29401041	harbor2	chr21	29284765	29285221	LTR/ERVL	1130	+	228	29284993	83952
chr21	46090459	46290459	harbor2	chr21	46159249	46159813	LTR/ERVL	1138	+	282	46159531	69072
chr21	44660270	44860270	harbor2	chr21	44720858	44721216	LTR/ERVL	2181	+	179	44721037	60767
chr21	44660270	44860270	harbor2	chr21	44678869	44679282	LTR/ERVL	2560	+	206	44679075	18805
chr21	41945270	42145270	harbor2	chr21	42000262	42000420	LTR/ERVL	642	+	79	42000341	55071
chr21	41945270	42145270	harbor2	chr21	42025830	42026403	LTR/ERVL	2016	+	286	42026116	80846
chr21	41945270	42145270	harbor2	chr21	42041908	42042242	LTR/ERVL	468	+	167	42042075	96805
chr21	42278158	42478158	harbor2	chr21	42356549	42356618	LTR/ERVL	2008	+	34	42356583	78425
chr21	42278158	42478158	harbor2	chr21	42356619	42357127	LTR/ERVL	2687	+	254	42356873	78715
chr21	42278158	42478158	harbor2	chr21	42357128	42357529	LTR/ERVL	2008	+	200	42357328	79170
chr21	42331244	42531244	harbor2	chr21	42356549	42356618	LTR/ERVL	2008	+	34	42356583	25339
chr21	42331244	42531244	harbor2	chr21	42356619	42357127	LTR/ERVL	2687	+	254	42356873	25629
chr21	42331244	42531244	harbor2	chr21	42357128	42357529	LTR/ERVL	2008	+	200	42357328	26084
chr21	42331244	42531244	harbor2	chr21	42391369	42391847	LTR/ERVL	1973	+	239	42391608	60364
chr21	39009375	39209375	harbor2	chr21	39043229	39043261	LTR/ERVL	1446	+	16	39043245	33870
chr21	39009375	39209375	harbor2	chr21	39058286	39058388	LTR/ERVL	669	+	51	39058337	48962
chr21	39009375	39209375	harbor2	chr21	39042772	39043183	LTR/ERVL	1446	+	206	39042978	33603
chr21	37266105	37466105	harbor2	chr21	37270276	37270540	LTR/ERVL	1002	+	132	37270408	4303
chr21	39009691	39209691	harbor2	chr21	39043229	39043261	LTR/ERVL	1446	+	16	39043245	33554
chr21	39009691	39209691	harbor2	chr21	39058286	39058388	LTR/ERVL	669	+	51	39058337	48646
chr21	39009691	39209691	harbor2	chr21	39042772	39043183	LTR/ERVL	1446	+	206	39042978	33287
chr21	44624083	44824083	harbor2	chr21	44652727	44652874	LTR/ERVL	723	+	74	44652801	28718
chr21	44624083	44824083	harbor2	chr21	44720858	44721216	LTR/ERVL	2181	+	179	44721037	96954
chr21	44624083	44824083	harbor2	chr21	44678869	44679282	LTR/ERVL	2560	+	206	44679075	54992
chr21	44625363	44825363	harbor2	chr21	44652727	44652874	LTR/ERVL	723	+	74	44652801	27438
chr21	44625363	44825363	harbor2	chr21	44720858	44721216	LTR/ERVL	2181	+	179	44721037	95674
chr21	44625363	44825363	harbor2	chr21	44678869	44679282	LTR/ERVL	2560	+	206	44679075	53712
chr21	29200213	29400213	harbor2	chr21	29284765	29285221	LTR/ERVL	1130	+	228	29284993	84780
chr21	39009608	39209608	harbor2	chr21	39043229	39043261	LTR/ERVL	1446	+	16	39043245	33637
chr21	39009608	39209608	harbor2	chr21	39058286	39058388	LTR/ERVL	669	+	51	39058337	48729
chr21	39009608	39209608	harbor2	chr21	39042772	39043183	LTR/ERVL	1446	+	206	39042978	33370
chr21	8347052	8547052	harbor2	chr21	8373693	8374202	LTR/ERVL	892	+	254	8373947	26895
chr22	44208842	44408842	harbor2	chr22	44255833	44256488	LTR/ERVL	1519	+	328	44256161	47319
chr22	44208842	44408842	harbor2	chr22	44277989	44278428	LTR/ERVL	3295	+	220	44278209	69367
chr22	45971904	46171904	harbor2	chr22	45985438	45985983	LTR/ERVL	1635	+	272	45985710	13806
chr22	45971904	46171904	harbor2	chr22	46020980	46021581	LTR/ERVL	731	+	300	46021280	49376
chr22	45971904	46171904	harbor2	chr22	46021689	46022195	LTR/ERVL	1163	+	253	46021942	50038
chr22	42989455	43189455	harbor2	chr22	43030272	43030719	LTR/ERVL	1679	+	224	43030496	41041
chr22	42989455	43189455	harbor2	chr22	43060196	43060467	LTR/ERVL	498	+	136	43060332	70877
chr22	44597557	44797557	harbor2	chr22	44645185	44645529	LTR/ERVL	1228	+	172	44645357	47800
chr22	42989451	43189451	harbor2	chr22	43030272	43030719	LTR/ERVL	1679	+	224	43030496	41045
chr22	42989451	43189451	harbor2	chr22	43060196	43060467	LTR/ERVL	498	+	136	43060332	70881
chr22	23814127	24014127	harbor2	chr22	23867130	23867200	LTR/ERVL	420	+	35	23867165	53038
chr22	23814127	24014127	harbor2	chr22	23867498	23867532	LTR/ERVL	420	+	17	23867515	53388
chr22	23814127	24014127	harbor2	chr22	23867568	23867708	LTR/ERVL	573	+	70	23867638	53511
chr22	23814127	24014127	harbor2	chr22	23867710	23868223	LTR/ERVL	2166	+	256	23867966	53839
chr22	36187355	36387355	harbor2	chr22	36187778	36188078	LTR/ERVL	840	+	150	36187928	573
chr22	36187355	36387355	harbor2	chr22	36192608	36192816	LTR/ERVL	522	+	104	36192712	5357
chr22	36187355	36387355	harbor2	chr22	36193375	36193650	LTR/ERVL	1188	+	138	36193513	6158
chr22	36187355	36387355	harbor2	chr22	36220385	36220973	LTR/ERVL	2157	+	294	36220679	33324
chr22	36187355	36387355	harbor2	chr22	36223722	36224154	LTR/ERVL	453	+	216	36223938	36583
chr22	36187355	36387355	harbor2	chr22	36224603	36224855	LTR/ERVL	545	+	126	36224729	37374
chr22	36187355	36387355	harbor2	chr22	36228665	36228966	LTR/ERVL	646	+	150	36228815	41460
chr22	36187355	36387355	harbor2	chr22	36229433	36229719	LTR/ERVL	1234	+	143	36229576	42221
chr22	36187355	36387355	harbor2	chr22	36248161	36248356	LTR/ERVL	543	+	98	36248259	60904
chr22	36187355	36387355	harbor2	chr22	36248385	36248801	LTR/ERVL	1139	+	208	36248593	61238
chr22	36187355	36387355	harbor2	chr22	36267213	36267606	LTR/ERVL	2406	+	196	36267409	80054
chr22	36407158	36607158	harbor2	chr22	36422785	36422906	LTR/ERVL	495	+	60	36422845	15687
chr22	36919396	37119396	harbor2	chr22	36981653	36981754	LTR/ERVL	579	+	50	36981703	62307
chr22	36919396	37119396	harbor2	chr22	36982088	36982223	LTR/ERVL	579	+	68	36982156	62760
chr22	24171508	24371508	harbor2	chr22	24198194	24198292	LTR/ERVL	420	+	49	24198243	26735
chr22	24171508	24371508	harbor2	chr22	24198318	24198416	LTR/ERVL	402	+	49	24198367	26859
chr22	36355398	36555398	harbor2	chr22	36422785	36422906	LTR/ERVL	495	+	60	36422845	67447
chr22	36407144	36607144	harbor2	chr22	36422785	36422906	LTR/ERVL	495	+	60	36422845	15701
chr22	50069670	50269670	harbor2	chr22	50078809	50078968	LTR/ERVL	665	+	80	50078889	9219
chr22	42989445	43189445	harbor2	chr22	43030272	43030719	LTR/ERVL	1679	+	224	43030496	41051
chr22	42989445	43189445	harbor2	chr22	43060196	43060467	LTR/ERVL	498	+	136	43060332	70887
chr22	28342388	28542388	harbor2	chr22	28369971	28370421	LTR/ERVL	1098	+	225	28370196	27808
chr22	28342388	28542388	harbor2	chr22	28375614	28376195	LTR/ERVL	2816	+	290	28375904	33516
chr22	32100450	32300450	harbor2	chr22	32115707	32116277	LTR/ERVL	1921	+	285	32115992	15542
chr22	32100450	32300450	harbor2	chr22	32116610	32116894	LTR/ERVL	1607	+	142	32116752	16302
chr22	37240349	37440349	harbor2	chr22	37272429	37272572	LTR/ERVL	593	+	72	37272501	32152
chr22	37240349	37440349	harbor2	chr22	37337632	37337860	LTR/ERVL	392	+	114	37337746	97397
chr22	37240349	37440349	harbor2	chr22	37338129	37338141	LTR/ERVL	392	+	6	37338135	97786
chr22	44788598	44988598	harbor2	chr22	44796393	44796892	LTR/ERVL	666	+	250	44796643	8045
chr22	44788598	44988598	harbor2	chr22	44849826	44850106	LTR/ERVL	598	+	140	44849966	61368
chr22	23024082	23224082	harbor2	chr22	23026084	23026412	LTR/ERVL	5220	+	164	23026248	2166
chr22	23024082	23224082	harbor2	chr22	23027289	23027892	LTR/ERVL	5220	+	302	23027591	3509
chr22	23024082	23224082	harbor2	chr22	23029349	23029819	LTR/ERVL	5220	+	235	23029584	5502
chr22	24928712	25128712	harbor2	chr22	24948724	24948988	LTR/ERVL	547	+	132	24948856	20144
chr22	42521734	42721734	harbor2	chr22	42529238	42529277	LTR/ERVL	591	+	20	42529258	7524
chr22	42521734	42721734	harbor2	chr22	42529925	42530034	LTR/ERVL	611	+	54	42529979	8245
chr22	42521734	42721734	harbor2	chr22	42530428	42530581	LTR/ERVL	656	+	76	42530504	8770
chr22	42521734	42721734	harbor2	chr22	42594982	42595492	LTR/ERVL	2447	+	255	42595237	73503
chr22	24153384	24353384	harbor2	chr22	24198194	24198292	LTR/ERVL	420	+	49	24198243	44859
chr22	24153384	24353384	harbor2	chr22	24198318	24198416	LTR/ERVL	402	+	49	24198367	44983
chr22	12715743	12915743	harbor2	chr22	12725645	12726044	LTR/ERVL	796	+	200	12725845	10102
chr22	24161119	24361119	harbor2	chr22	24198194	24198292	LTR/ERVL	420	+	49	24198243	37124
chr22	24161119	24361119	harbor2	chr22	24198318	24198416	LTR/ERVL	402	+	49	24198367	37248
chr22	38679511	38879511	harbor2	chr22	38762883	38763214	LTR/ERVL	1454	+	166	38763049	83538
chr22	24948900	25148900	harbor2	chr22	24948724	24948988	LTR/ERVL	547	+	132	24948856	44
chrX	153388897	153588897	harbor2	chrX	153435824	153436159	LTR/ERVL	1540	+	168	153435992	47095
chrX	24366734	24566734	harbor2	chrX	24388367	24388584	LTR/ERVL	819	+	108	24388475	21741
chrX	24366734	24566734	harbor2	chrX	24413482	24413881	LTR/ERVL	1455	+	200	24413682	46948
chrX	24366734	24566734	harbor2	chrX	24428611	24428771	LTR/ERVL	871	+	80	24428691	61957
chrX	24366734	24566734	harbor2	chrX	24451091	24451398	LTR/ERVL	1118	+	154	24451245	84511
chrX	24366734	24566734	harbor2	chrX	24411814	24412265	LTR/ERVL	1389	+	226	24412040	45306
chrX	48955730	49155730	harbor2	chrX	49008483	49008590	LTR/ERVL	1931	+	54	49008537	52807
chrX	48955730	49155730	harbor2	chrX	49008902	49009184	LTR/ERVL	1931	+	141	49009043	53313
chrX	153410219	153610219	harbor2	chrX	153435824	153436159	LTR/ERVL	1540	+	168	153435992	25773
chrX	72209033	72409033	harbor2	chrX	72298654	72299146	LTR/ERVL	2506	+	246	72298900	89867
chrX	48955657	49155657	harbor2	chrX	49008483	49008590	LTR/ERVL	1931	+	54	49008537	52880
chrX	48955657	49155657	harbor2	chrX	49008902	49009184	LTR/ERVL	1931	+	141	49009043	53386
chrX	153387298	153587298	harbor2	chrX	153435824	153436159	LTR/ERVL	1540	+	168	153435992	48694
chrX	153370587	153570587	harbor2	chrX	153435824	153436159	LTR/ERVL	1540	+	168	153435992	65405
chrX	72209054	72409054	harbor2	chrX	72298654	72299146	LTR/ERVL	2506	+	246	72298900	89846
chrX	153504978	153704978	harbor2	chrX	153588984	153589562	LTR/ERVL	2297	+	289	153589273	84295
