H_chr	H_start	H_end	Harbor	TE_chr	TE_start	TE_end	TE	score	TE_strand	TE_half	TE_middle_pos	TE_dis
chr1	3525011	3725011	harbor1	chr1	3558525	3558828	LTR/ERV1	1243	+	152	3558677	33666
chr1	150461410	150661410	harbor1	chr1	150531155	150531212	LTR/ERV1	2485	+	28	150531183	69773
chr1	150461410	150661410	harbor1	chr1	150531490	150531932	LTR/ERV1	2485	+	221	150531711	70301
chr1	150461410	150661410	harbor1	chr1	150532207	150532247	LTR/ERV1	2485	+	20	150532227	70817
chr1	21742123	21942123	harbor1	chr1	21789463	21789492	LTR/ERV1	3134	+	14	21789477	47354
chr1	21742123	21942123	harbor1	chr1	21789793	21790371	LTR/ERV1	3134	+	289	21790082	47959
chr1	15942113	16142113	harbor1	chr1	16010782	16011057	LTR/ERV1	1082	+	138	16010920	68807
chr1	2375365	2575365	harbor1	chr1	2384393	2384801	LTR/ERV1	980	+	204	2384597	9232
chr1	16596895	16796895	harbor1	chr1	16667986	16668531	LTR/ERV1	3509	+	272	16668258	71363
chr1	16596895	16796895	harbor1	chr1	16674777	16675682	LTR/ERV1	4973	+	452	16675229	78334
chr1	960023	1160023	harbor1	chr1	985600	986089	LTR/ERV1	2410	+	244	985844	25821
chr1	960023	1160023	harbor1	chr1	986390	986445	LTR/ERV1	2410	+	28	986418	26395
chr1	89721500	89921500	harbor1	chr1	89768952	89769961	LTR/ERV1	1320	+	504	89769456	47956
chr1	89721500	89921500	harbor1	chr1	89799391	89799683	LTR/ERV1	557	+	146	89799537	78037
chr1	16625292	16825292	harbor1	chr1	16667986	16668531	LTR/ERV1	3509	+	272	16668258	42966
chr1	16625292	16825292	harbor1	chr1	16674777	16675682	LTR/ERV1	4973	+	452	16675229	49937
chr1	16526616	16726616	harbor1	chr1	16540199	16541110	LTR/ERV1	4875	+	456	16540655	14039
chr1	227441496	227641496	harbor1	chr1	227499424	227499610	LTR/ERV1	830	+	93	227499517	58021
chr1	227441496	227641496	harbor1	chr1	227500566	227503796	LTR/ERV1	12933	+	1615	227502181	60685
chr1	227441496	227641496	harbor1	chr1	227504450	227506052	LTR/ERV1	12933	+	801	227505251	63755
chr1	227441496	227641496	harbor1	chr1	227516809	227518273	LTR/ERV1	2504	+	732	227517541	76045
chr1	16526581	16726581	harbor1	chr1	16540199	16541110	LTR/ERV1	4875	+	456	16540655	14074
chr1	145348336	145548336	harbor1	chr1	145409349	145410006	LTR/ERV1	4808	+	328	145409677	61341
chr1	145348336	145548336	harbor1	chr1	145445027	145445129	LTR/ERV1	649	+	51	145445078	96742
chr1	77131620	77331620	harbor1	chr1	77172110	77172482	LTR/ERV1	2494	+	186	77172296	40676
chr1	77131620	77331620	harbor1	chr1	77172483	77172639	LTR/ERV1	3459	+	78	77172561	40941
chr1	77131620	77331620	harbor1	chr1	77172933	77173323	LTR/ERV1	3459	+	195	77173128	41508
chr1	77131620	77331620	harbor1	chr1	77173324	77174200	LTR/ERV1	5503	+	438	77173762	42142
chr1	77131620	77331620	harbor1	chr1	77174203	77174321	LTR/ERV1	742	+	59	77174262	42642
chr1	77131620	77331620	harbor1	chr1	77174318	77177226	LTR/ERV1	14709	+	1454	77175772	44152
chr1	77131620	77331620	harbor1	chr1	77177738	77179323	LTR/ERV1	14709	+	792	77178530	46910
chr1	77131620	77331620	harbor1	chr1	77179324	77179746	LTR/ERV1	2685	+	211	77179535	47915
chr1	77131620	77331620	harbor1	chr1	77220810	77221119	LTR/ERV1	1347	+	154	77220964	89344
chr1	77131620	77331620	harbor1	chr1	77223674	77223881	LTR/ERV1	878	+	104	77223778	92158
chr1	11666518	11866518	harbor1	chr1	11688684	11689013	LTR/ERV1	4003	+	164	11688848	22330
chr1	11666518	11866518	harbor1	chr1	11689610	11689849	LTR/ERV1	4003	+	120	11689730	23212
chr1	11666518	11866518	harbor1	chr1	11732645	11732829	LTR/ERV1	2679	+	92	11732737	66219
chr1	11666518	11866518	harbor1	chr1	11733124	11733550	LTR/ERV1	2679	+	213	11733337	66819
chr1	11666518	11866518	harbor1	chr1	11735362	11735702	LTR/ERV1	894	+	170	11735532	69014
chr1	6685469	6885469	harbor1	chr1	6685409	6685826	LTR/ERV1	2226	+	208	6685617	148
chr1	6685469	6885469	harbor1	chr1	6693819	6693834	LTR/ERV1	848	+	8	6693827	8358
chr1	6685469	6885469	harbor1	chr1	6694137	6694304	LTR/ERV1	848	+	84	6694221	8752
chr1	6685469	6885469	harbor1	chr1	6694340	6694611	LTR/ERV1	936	+	136	6694476	9007
chr1	6685469	6885469	harbor1	chr1	6699931	6700411	LTR/ERV1	3152	+	240	6700171	14702
chr1	6685469	6885469	harbor1	chr1	6747770	6748324	LTR/ERV1	3616	+	277	6748047	62578
chr1	6685469	6885469	harbor1	chr1	6750611	6750709	LTR/ERV1	550	+	49	6750660	65191
chr1	6685469	6885469	harbor1	chr1	6752295	6752737	LTR/ERV1	3242	+	221	6752516	67047
chr1	8715651	8915651	harbor1	chr1	8722013	8722197	LTR/ERV1	1022	+	92	8722105	6454
chr1	3672834	3872834	harbor1	chr1	3741083	3741698	LTR/ERV1	3116	+	308	3741391	68557
chr1	3672834	3872834	harbor1	chr1	3751583	3751609	LTR/ERV1	574	+	13	3751596	78762
chr1	3672834	3872834	harbor1	chr1	3751901	3752001	LTR/ERV1	574	+	50	3751951	79117
chr1	16538570	16738570	harbor1	chr1	16540199	16541110	LTR/ERV1	4875	+	456	16540655	2085
chr1	244605525	244805525	harbor1	chr1	244642423	244643225	LTR/ERV1	4952	+	401	244642824	37299
chr1	4738326	4938326	harbor1	chr1	4820138	4820702	LTR/ERV1	1468	+	282	4820420	82094
chr1	4738326	4938326	harbor1	chr1	4821767	4822482	LTR/ERV1	4280	+	358	4822125	83799
chr1	4738326	4938326	harbor1	chr1	4822687	4823119	LTR/ERV1	2466	+	216	4822903	84577
chr1	4738326	4938326	harbor1	chr1	4825399	4825932	LTR/ERV1	2552	+	266	4825665	87339
chr1	4738326	4938326	harbor1	chr1	4826762	4827349	LTR/ERV1	4684	+	294	4827056	88730
chr1	4738326	4938326	harbor1	chr1	4816393	4817073	LTR/ERV1	5360	+	340	4816733	78407
chr1	16596777	16796777	harbor1	chr1	16667986	16668531	LTR/ERV1	3509	+	272	16668258	71481
chr1	16596777	16796777	harbor1	chr1	16674777	16675682	LTR/ERV1	4973	+	452	16675229	78452
chr1	5561024	5761024	harbor1	chr1	5571557	5572283	LTR/ERV1	4931	+	363	5571920	10896
chr1	227441495	227641495	harbor1	chr1	227499424	227499610	LTR/ERV1	830	+	93	227499517	58022
chr1	227441495	227641495	harbor1	chr1	227500566	227503796	LTR/ERV1	12933	+	1615	227502181	60686
chr1	227441495	227641495	harbor1	chr1	227504450	227506052	LTR/ERV1	12933	+	801	227505251	63756
chr1	227441495	227641495	harbor1	chr1	227516809	227518273	LTR/ERV1	2504	+	732	227517541	76046
chr1	11520750	11720750	harbor1	chr1	11564361	11564839	LTR/ERV1	2420	+	239	11564600	43850
chr1	11520750	11720750	harbor1	chr1	11581544	11581980	LTR/ERV1	2380	+	218	11581762	61012
chr1	11520750	11720750	harbor1	chr1	11608569	11609920	LTR/ERV1	9887	+	676	11609245	88495
chr1	156559413	156759413	harbor1	chr1	156576103	156576520	LTR/ERV1	3217	+	208	156576311	16898
chr1	156559413	156759413	harbor1	chr1	156577747	156577840	LTR/ERV1	3217	+	46	156577793	18380
chr1	156559413	156759413	harbor1	chr1	156606453	156606489	LTR/ERV1	2112	+	18	156606471	47058
chr1	156559413	156759413	harbor1	chr1	156606783	156607154	LTR/ERV1	2112	+	186	156606969	47556
chr1	6620127	6820127	harbor1	chr1	6662464	6663020	LTR/ERV1	3361	+	278	6662742	42615
chr1	6620127	6820127	harbor1	chr1	6685409	6685826	LTR/ERV1	2226	+	208	6685617	65490
chr1	6620127	6820127	harbor1	chr1	6693819	6693834	LTR/ERV1	848	+	8	6693827	73700
chr1	6620127	6820127	harbor1	chr1	6694137	6694304	LTR/ERV1	848	+	84	6694221	74094
chr1	6620127	6820127	harbor1	chr1	6694340	6694611	LTR/ERV1	936	+	136	6694476	74349
chr1	6620127	6820127	harbor1	chr1	6699931	6700411	LTR/ERV1	3152	+	240	6700171	80044
chr1	53370442	53570442	harbor1	chr1	53402573	53403608	LTR/ERV1	3819	+	518	53403091	32649
chr1	53370442	53570442	harbor1	chr1	53421647	53422820	LTR/ERV1	10737	+	586	53422233	51791
chr1	53370442	53570442	harbor1	chr1	53423122	53423947	LTR/ERV1	10737	+	412	53423534	53092
chr1	53370442	53570442	harbor1	chr1	53424225	53424334	LTR/ERV1	10737	+	54	53424279	53837
chr1	53370442	53570442	harbor1	chr1	53424337	53424766	LTR/ERV1	3338	+	214	53424551	54109
chr1	53370442	53570442	harbor1	chr1	53424769	53427698	LTR/ERV1	15840	+	1464	53426233	55791
chr1	53370442	53570442	harbor1	chr1	53427671	53427840	LTR/ERV1	869	+	84	53427755	57313
chr1	53370442	53570442	harbor1	chr1	53428335	53428996	LTR/ERV1	4376	+	330	53428665	58223
chr1	53370442	53570442	harbor1	chr1	53428998	53429599	LTR/ERV1	2556	+	300	53429298	58856
chr1	53370442	53570442	harbor1	chr1	53429600	53430029	LTR/ERV1	3346	+	214	53429814	59372
chr1	53370442	53570442	harbor1	chr1	53430031	53430736	LTR/ERV1	4450	+	352	53430383	59941
chr1	53370442	53570442	harbor1	chr1	53430737	53431047	LTR/ERV1	3312	+	155	53430892	60450
chr1	53370442	53570442	harbor1	chr1	53431095	53431320	LTR/ERV1	3312	+	112	53431207	60765
chr1	53370442	53570442	harbor1	chr1	53432880	53432985	LTR/ERV1	703	+	52	53432932	62490
chr1	53370442	53570442	harbor1	chr1	53432998	53434803	LTR/ERV1	8266	+	902	53433900	63458
chr1	53370442	53570442	harbor1	chr1	53434809	53435177	LTR/ERV1	2006	+	184	53434993	64551
chr1	53370442	53570442	harbor1	chr1	53447480	53447860	LTR/ERV1	2473	+	190	53447670	77228
chr1	53370442	53570442	harbor1	chr1	53449415	53449824	LTR/ERV1	3003	+	204	53449619	79177
chr1	53370442	53570442	harbor1	chr1	53427831	53428332	LTR/ERV1	3387	+	250	53428081	57639
chr1	2375348	2575348	harbor1	chr1	2384393	2384801	LTR/ERV1	980	+	204	2384597	9249
chr1	16503985	16703985	harbor1	chr1	16515322	16515867	LTR/ERV1	3422	+	272	16515594	11609
chr1	16503985	16703985	harbor1	chr1	16518112	16518259	LTR/ERV1	988	+	74	16518186	14201
chr1	16503985	16703985	harbor1	chr1	16518276	16518432	LTR/ERV1	2553	+	78	16518354	14369
chr1	16503985	16703985	harbor1	chr1	16518433	16518592	LTR/ERV1	3894	+	80	16518513	14528
chr1	16503985	16703985	harbor1	chr1	16518899	16519376	LTR/ERV1	3894	+	238	16519137	15152
chr1	16503985	16703985	harbor1	chr1	16519377	16519729	LTR/ERV1	2553	+	176	16519553	15568
chr1	16503985	16703985	harbor1	chr1	16523813	16524403	LTR/ERV1	3208	+	295	16524108	20123
chr1	16503985	16703985	harbor1	chr1	16524406	16525137	LTR/ERV1	4284	+	366	16524772	20787
chr1	16503985	16703985	harbor1	chr1	16540199	16541110	LTR/ERV1	4875	+	456	16540655	36670
chr1	46122770	46322770	harbor1	chr1	46148862	46149139	LTR/ERV1	3233	+	138	46149000	26230
chr1	46122770	46322770	harbor1	chr1	46149444	46149527	LTR/ERV1	3233	+	42	46149486	26716
chr1	46122770	46322770	harbor1	chr1	46149831	46150121	LTR/ERV1	3233	+	145	46149976	27206
chr1	19766908	19966908	harbor1	chr1	19816706	19817158	LTR/ERV1	3379	+	226	19816932	50024
chr1	16538366	16738366	harbor1	chr1	16540199	16541110	LTR/ERV1	4875	+	456	16540655	2289
chr1	1526935	1726935	harbor1	chr1	1577277	1578972	LTR/ERV1	7352	+	848	1578125	51190
chr1	1526935	1726935	harbor1	chr1	1586208	1586449	LTR/ERV1	700	+	120	1586328	59393
chr1	1526935	1726935	harbor1	chr1	1590889	1591262	LTR/ERV1	1843	+	186	1591075	64140
chr1	1526935	1726935	harbor1	chr1	1591558	1591617	LTR/ERV1	1843	+	30	1591588	64653
chr1	1526935	1726935	harbor1	chr1	1614166	1614629	LTR/ERV1	722	+	232	1614398	87463
chr1	6685490	6885490	harbor1	chr1	6685409	6685826	LTR/ERV1	2226	+	208	6685617	127
chr1	6685490	6885490	harbor1	chr1	6693819	6693834	LTR/ERV1	848	+	8	6693827	8337
chr1	6685490	6885490	harbor1	chr1	6694137	6694304	LTR/ERV1	848	+	84	6694221	8731
chr1	6685490	6885490	harbor1	chr1	6694340	6694611	LTR/ERV1	936	+	136	6694476	8986
chr1	6685490	6885490	harbor1	chr1	6699931	6700411	LTR/ERV1	3152	+	240	6700171	14681
chr1	6685490	6885490	harbor1	chr1	6747770	6748324	LTR/ERV1	3616	+	277	6748047	62557
chr1	6685490	6885490	harbor1	chr1	6750611	6750709	LTR/ERV1	550	+	49	6750660	65170
chr1	6685490	6885490	harbor1	chr1	6752295	6752737	LTR/ERV1	3242	+	221	6752516	67026
chr1	65154911	65354911	harbor1	chr1	65243241	65243468	LTR/ERV1	1456	+	114	65243355	88444
chr1	65154911	65354911	harbor1	chr1	65243469	65243626	LTR/ERV1	930	+	78	65243547	88636
chr1	167559746	167759746	harbor1	chr1	167573206	167573591	LTR/ERV1	2368	+	192	167573398	13652
chr1	167559746	167759746	harbor1	chr1	167574342	167575357	LTR/ERV1	3179	+	508	167574850	15104
chr1	167559746	167759746	harbor1	chr1	167575399	167575431	LTR/ERV1	2235	+	16	167575415	15669
chr1	167559746	167759746	harbor1	chr1	167575746	167576089	LTR/ERV1	2235	+	172	167575918	16172
chr1	167559746	167759746	harbor1	chr1	167583220	167583803	LTR/ERV1	3068	+	292	167583512	23766
chr1	2375257	2575257	harbor1	chr1	2384393	2384801	LTR/ERV1	980	+	204	2384597	9340
chr1	15628957	15828957	harbor1	chr1	15676932	15677489	LTR/ERV1	3365	+	278	15677210	48253
chr1	2987716	3187716	harbor1	chr1	3036644	3036789	LTR/ERV1	550	+	72	3036716	49000
chr1	16520804	16720804	harbor1	chr1	16523813	16524403	LTR/ERV1	3208	+	295	16524108	3304
chr1	16520804	16720804	harbor1	chr1	16524406	16525137	LTR/ERV1	4284	+	366	16524772	3968
chr1	16520804	16720804	harbor1	chr1	16540199	16541110	LTR/ERV1	4875	+	456	16540655	19851
chr1	2374246	2574246	harbor1	chr1	2384393	2384801	LTR/ERV1	980	+	204	2384597	10351
chr1	227441477	227641477	harbor1	chr1	227499424	227499610	LTR/ERV1	830	+	93	227499517	58040
chr1	227441477	227641477	harbor1	chr1	227500566	227503796	LTR/ERV1	12933	+	1615	227502181	60704
chr1	227441477	227641477	harbor1	chr1	227504450	227506052	LTR/ERV1	12933	+	801	227505251	63774
chr1	227441477	227641477	harbor1	chr1	227516809	227518273	LTR/ERV1	2504	+	732	227517541	76064
chr1	3524787	3724787	harbor1	chr1	3558525	3558828	LTR/ERV1	1243	+	152	3558677	33890
chr1	89425139	89625139	harbor1	chr1	89436963	89437331	LTR/ERV1	1422	+	184	89437147	12008
chr1	89425139	89625139	harbor1	chr1	89449529	89449703	LTR/ERV1	704	+	87	89449616	24477
chr1	89425139	89625139	harbor1	chr1	89449709	89450146	LTR/ERV1	1143	+	218	89449927	24788
chr1	89425139	89625139	harbor1	chr1	89450152	89450367	LTR/ERV1	518	+	108	89450260	25121
chr1	89425139	89625139	harbor1	chr1	89486013	89486174	LTR/ERV1	490	+	80	89486093	60954
chr1	89425139	89625139	harbor1	chr1	89486878	89487128	LTR/ERV1	431	+	125	89487003	61864
chr1	89425139	89625139	harbor1	chr1	89488130	89488265	LTR/ERV1	468	+	68	89488198	63059
chr1	89425139	89625139	harbor1	chr1	89505231	89505747	LTR/ERV1	3658	+	258	89505489	80350
chr1	89425139	89625139	harbor1	chr1	89506521	89506798	LTR/ERV1	1083	+	138	89506659	81520
chr1	89425139	89625139	harbor1	chr1	89520954	89521045	LTR/ERV1	474	+	46	89521000	95861
chr1	89425139	89625139	harbor1	chr1	89522588	89523203	LTR/ERV1	3237	+	308	89522896	97757
chr1	153558888	153758888	harbor1	chr1	153603714	153603915	LTR/ERV1	1389	+	100	153603814	44926
chr1	153558888	153758888	harbor1	chr1	153603958	153604083	LTR/ERV1	973	+	62	153604020	45132
chr1	153558888	153758888	harbor1	chr1	153604083	153605478	LTR/ERV1	8647	+	698	153604781	45893
chr1	153558888	153758888	harbor1	chr1	153605480	153605539	LTR/ERV1	456	+	30	153605510	46622
chr1	153558888	153758888	harbor1	chr1	153605778	153606012	LTR/ERV1	2746	+	117	153605895	47007
chr1	153558888	153758888	harbor1	chr1	153606324	153606579	LTR/ERV1	2746	+	128	153606452	47564
chr1	153558888	153758888	harbor1	chr1	153621608	153621682	LTR/ERV1	581	+	37	153621645	62757
chr1	1300182	1500182	harbor1	chr1	1382090	1382288	LTR/ERV1	620	+	99	1382189	82007
chr1	1300182	1500182	harbor1	chr1	1382839	1383063	LTR/ERV1	778	+	112	1382951	82769
chr1	1300182	1500182	harbor1	chr1	1383333	1383347	LTR/ERV1	778	+	7	1383340	83158
chr1	1300182	1500182	harbor1	chr1	1383522	1383628	LTR/ERV1	778	+	53	1383575	83393
chr1	1300182	1500182	harbor1	chr1	1384716	1385121	LTR/ERV1	964	+	202	1384918	84736
chr1	1300182	1500182	harbor1	chr1	1385651	1386135	LTR/ERV1	1263	+	242	1385893	85711
chr1	16625240	16825240	harbor1	chr1	16667986	16668531	LTR/ERV1	3509	+	272	16668258	43018
chr1	16625240	16825240	harbor1	chr1	16674777	16675682	LTR/ERV1	4973	+	452	16675229	49989
chr1	16504141	16704141	harbor1	chr1	16515322	16515867	LTR/ERV1	3422	+	272	16515594	11453
chr1	16504141	16704141	harbor1	chr1	16518112	16518259	LTR/ERV1	988	+	74	16518186	14045
chr1	16504141	16704141	harbor1	chr1	16518276	16518432	LTR/ERV1	2553	+	78	16518354	14213
chr1	16504141	16704141	harbor1	chr1	16518433	16518592	LTR/ERV1	3894	+	80	16518513	14372
chr1	16504141	16704141	harbor1	chr1	16518899	16519376	LTR/ERV1	3894	+	238	16519137	14996
chr1	16504141	16704141	harbor1	chr1	16519377	16519729	LTR/ERV1	2553	+	176	16519553	15412
chr1	16504141	16704141	harbor1	chr1	16523813	16524403	LTR/ERV1	3208	+	295	16524108	19967
chr1	16504141	16704141	harbor1	chr1	16524406	16525137	LTR/ERV1	4284	+	366	16524772	20631
chr1	16504141	16704141	harbor1	chr1	16540199	16541110	LTR/ERV1	4875	+	456	16540655	36514
chr1	4612171	4812171	harbor1	chr1	4659724	4660241	LTR/ERV1	2518	+	258	4659982	47811
chr1	53370469	53570469	harbor1	chr1	53402573	53403608	LTR/ERV1	3819	+	518	53403091	32622
chr1	53370469	53570469	harbor1	chr1	53421647	53422820	LTR/ERV1	10737	+	586	53422233	51764
chr1	53370469	53570469	harbor1	chr1	53423122	53423947	LTR/ERV1	10737	+	412	53423534	53065
chr1	53370469	53570469	harbor1	chr1	53424225	53424334	LTR/ERV1	10737	+	54	53424279	53810
chr1	53370469	53570469	harbor1	chr1	53424337	53424766	LTR/ERV1	3338	+	214	53424551	54082
chr1	53370469	53570469	harbor1	chr1	53424769	53427698	LTR/ERV1	15840	+	1464	53426233	55764
chr1	53370469	53570469	harbor1	chr1	53427671	53427840	LTR/ERV1	869	+	84	53427755	57286
chr1	53370469	53570469	harbor1	chr1	53428335	53428996	LTR/ERV1	4376	+	330	53428665	58196
chr1	53370469	53570469	harbor1	chr1	53428998	53429599	LTR/ERV1	2556	+	300	53429298	58829
chr1	53370469	53570469	harbor1	chr1	53429600	53430029	LTR/ERV1	3346	+	214	53429814	59345
chr1	53370469	53570469	harbor1	chr1	53430031	53430736	LTR/ERV1	4450	+	352	53430383	59914
chr1	53370469	53570469	harbor1	chr1	53430737	53431047	LTR/ERV1	3312	+	155	53430892	60423
chr1	53370469	53570469	harbor1	chr1	53431095	53431320	LTR/ERV1	3312	+	112	53431207	60738
chr1	53370469	53570469	harbor1	chr1	53432880	53432985	LTR/ERV1	703	+	52	53432932	62463
chr1	53370469	53570469	harbor1	chr1	53432998	53434803	LTR/ERV1	8266	+	902	53433900	63431
chr1	53370469	53570469	harbor1	chr1	53434809	53435177	LTR/ERV1	2006	+	184	53434993	64524
chr1	53370469	53570469	harbor1	chr1	53447480	53447860	LTR/ERV1	2473	+	190	53447670	77201
chr1	53370469	53570469	harbor1	chr1	53449415	53449824	LTR/ERV1	3003	+	204	53449619	79150
chr1	53370469	53570469	harbor1	chr1	53427831	53428332	LTR/ERV1	3387	+	250	53428081	57612
chr1	204585523	204785523	harbor1	chr1	204641022	204641427	LTR/ERV1	2685	+	202	204641224	55701
chr1	1562609	1762609	harbor1	chr1	1577277	1578972	LTR/ERV1	7352	+	848	1578125	15516
chr1	1562609	1762609	harbor1	chr1	1586208	1586449	LTR/ERV1	700	+	120	1586328	23719
chr1	1562609	1762609	harbor1	chr1	1590889	1591262	LTR/ERV1	1843	+	186	1591075	28466
chr1	1562609	1762609	harbor1	chr1	1591558	1591617	LTR/ERV1	1843	+	30	1591588	28979
chr1	1562609	1762609	harbor1	chr1	1614166	1614629	LTR/ERV1	722	+	232	1614398	51789
chr1	53370441	53570441	harbor1	chr1	53402573	53403608	LTR/ERV1	3819	+	518	53403091	32650
chr1	53370441	53570441	harbor1	chr1	53421647	53422820	LTR/ERV1	10737	+	586	53422233	51792
chr1	53370441	53570441	harbor1	chr1	53423122	53423947	LTR/ERV1	10737	+	412	53423534	53093
chr1	53370441	53570441	harbor1	chr1	53424225	53424334	LTR/ERV1	10737	+	54	53424279	53838
chr1	53370441	53570441	harbor1	chr1	53424337	53424766	LTR/ERV1	3338	+	214	53424551	54110
chr1	53370441	53570441	harbor1	chr1	53424769	53427698	LTR/ERV1	15840	+	1464	53426233	55792
chr1	53370441	53570441	harbor1	chr1	53427671	53427840	LTR/ERV1	869	+	84	53427755	57314
chr1	53370441	53570441	harbor1	chr1	53428335	53428996	LTR/ERV1	4376	+	330	53428665	58224
chr1	53370441	53570441	harbor1	chr1	53428998	53429599	LTR/ERV1	2556	+	300	53429298	58857
chr1	53370441	53570441	harbor1	chr1	53429600	53430029	LTR/ERV1	3346	+	214	53429814	59373
chr1	53370441	53570441	harbor1	chr1	53430031	53430736	LTR/ERV1	4450	+	352	53430383	59942
chr1	53370441	53570441	harbor1	chr1	53430737	53431047	LTR/ERV1	3312	+	155	53430892	60451
chr1	53370441	53570441	harbor1	chr1	53431095	53431320	LTR/ERV1	3312	+	112	53431207	60766
chr1	53370441	53570441	harbor1	chr1	53432880	53432985	LTR/ERV1	703	+	52	53432932	62491
chr1	53370441	53570441	harbor1	chr1	53432998	53434803	LTR/ERV1	8266	+	902	53433900	63459
chr1	53370441	53570441	harbor1	chr1	53434809	53435177	LTR/ERV1	2006	+	184	53434993	64552
chr1	53370441	53570441	harbor1	chr1	53447480	53447860	LTR/ERV1	2473	+	190	53447670	77229
chr1	53370441	53570441	harbor1	chr1	53449415	53449824	LTR/ERV1	3003	+	204	53449619	79178
chr1	53370441	53570441	harbor1	chr1	53427831	53428332	LTR/ERV1	3387	+	250	53428081	57640
chr1	16619037	16819037	harbor1	chr1	16667986	16668531	LTR/ERV1	3509	+	272	16668258	49221
chr1	16619037	16819037	harbor1	chr1	16674777	16675682	LTR/ERV1	4973	+	452	16675229	56192
chr1	16504004	16704004	harbor1	chr1	16515322	16515867	LTR/ERV1	3422	+	272	16515594	11590
chr1	16504004	16704004	harbor1	chr1	16518112	16518259	LTR/ERV1	988	+	74	16518186	14182
chr1	16504004	16704004	harbor1	chr1	16518276	16518432	LTR/ERV1	2553	+	78	16518354	14350
chr1	16504004	16704004	harbor1	chr1	16518433	16518592	LTR/ERV1	3894	+	80	16518513	14509
chr1	16504004	16704004	harbor1	chr1	16518899	16519376	LTR/ERV1	3894	+	238	16519137	15133
chr1	16504004	16704004	harbor1	chr1	16519377	16519729	LTR/ERV1	2553	+	176	16519553	15549
chr1	16504004	16704004	harbor1	chr1	16523813	16524403	LTR/ERV1	3208	+	295	16524108	20104
chr1	16504004	16704004	harbor1	chr1	16524406	16525137	LTR/ERV1	4284	+	366	16524772	20768
chr1	16504004	16704004	harbor1	chr1	16540199	16541110	LTR/ERV1	4875	+	456	16540655	36651
chr1	6601080	6801080	harbor1	chr1	6662464	6663020	LTR/ERV1	3361	+	278	6662742	61662
chr1	6601080	6801080	harbor1	chr1	6685409	6685826	LTR/ERV1	2226	+	208	6685617	84537
chr1	6601080	6801080	harbor1	chr1	6693819	6693834	LTR/ERV1	848	+	8	6693827	92747
chr1	6601080	6801080	harbor1	chr1	6694137	6694304	LTR/ERV1	848	+	84	6694221	93141
chr1	6601080	6801080	harbor1	chr1	6694340	6694611	LTR/ERV1	936	+	136	6694476	93396
chr1	6601080	6801080	harbor1	chr1	6699931	6700411	LTR/ERV1	3152	+	240	6700171	99091
chr1	2375321	2575321	harbor1	chr1	2384393	2384801	LTR/ERV1	980	+	204	2384597	9276
chr1	16267485	16467485	harbor1	chr1	16353271	16353551	LTR/ERV1	2628	+	140	16353411	85926
chr1	16267485	16467485	harbor1	chr1	16353848	16353960	LTR/ERV1	2628	+	56	16353904	86419
chr1	16267485	16467485	harbor1	chr1	16354604	16354771	LTR/ERV1	2628	+	84	16354688	87203
chr1	53370472	53570472	harbor1	chr1	53402573	53403608	LTR/ERV1	3819	+	518	53403091	32619
chr1	53370472	53570472	harbor1	chr1	53421647	53422820	LTR/ERV1	10737	+	586	53422233	51761
chr1	53370472	53570472	harbor1	chr1	53423122	53423947	LTR/ERV1	10737	+	412	53423534	53062
chr1	53370472	53570472	harbor1	chr1	53424225	53424334	LTR/ERV1	10737	+	54	53424279	53807
chr1	53370472	53570472	harbor1	chr1	53424337	53424766	LTR/ERV1	3338	+	214	53424551	54079
chr1	53370472	53570472	harbor1	chr1	53424769	53427698	LTR/ERV1	15840	+	1464	53426233	55761
chr1	53370472	53570472	harbor1	chr1	53427671	53427840	LTR/ERV1	869	+	84	53427755	57283
chr1	53370472	53570472	harbor1	chr1	53428335	53428996	LTR/ERV1	4376	+	330	53428665	58193
chr1	53370472	53570472	harbor1	chr1	53428998	53429599	LTR/ERV1	2556	+	300	53429298	58826
chr1	53370472	53570472	harbor1	chr1	53429600	53430029	LTR/ERV1	3346	+	214	53429814	59342
chr1	53370472	53570472	harbor1	chr1	53430031	53430736	LTR/ERV1	4450	+	352	53430383	59911
chr1	53370472	53570472	harbor1	chr1	53430737	53431047	LTR/ERV1	3312	+	155	53430892	60420
chr1	53370472	53570472	harbor1	chr1	53431095	53431320	LTR/ERV1	3312	+	112	53431207	60735
chr1	53370472	53570472	harbor1	chr1	53432880	53432985	LTR/ERV1	703	+	52	53432932	62460
chr1	53370472	53570472	harbor1	chr1	53432998	53434803	LTR/ERV1	8266	+	902	53433900	63428
chr1	53370472	53570472	harbor1	chr1	53434809	53435177	LTR/ERV1	2006	+	184	53434993	64521
chr1	53370472	53570472	harbor1	chr1	53447480	53447860	LTR/ERV1	2473	+	190	53447670	77198
chr1	53370472	53570472	harbor1	chr1	53449415	53449824	LTR/ERV1	3003	+	204	53449619	79147
chr1	53370472	53570472	harbor1	chr1	53427831	53428332	LTR/ERV1	3387	+	250	53428081	57609
chr1	16600695	16800695	harbor1	chr1	16667986	16668531	LTR/ERV1	3509	+	272	16668258	67563
chr1	16600695	16800695	harbor1	chr1	16674777	16675682	LTR/ERV1	4973	+	452	16675229	74534
chr1	53189636	53389636	harbor1	chr1	53270150	53270914	LTR/ERV1	3548	+	382	53270532	80896
chr1	36753751	36953751	harbor1	chr1	36821194	36821768	LTR/ERV1	715	+	287	36821481	67730
chr1	2375299	2575299	harbor1	chr1	2384393	2384801	LTR/ERV1	980	+	204	2384597	9298
chr1	1538666	1738666	harbor1	chr1	1577277	1578972	LTR/ERV1	7352	+	848	1578125	39459
chr1	1538666	1738666	harbor1	chr1	1586208	1586449	LTR/ERV1	700	+	120	1586328	47662
chr1	1538666	1738666	harbor1	chr1	1590889	1591262	LTR/ERV1	1843	+	186	1591075	52409
chr1	1538666	1738666	harbor1	chr1	1591558	1591617	LTR/ERV1	1843	+	30	1591588	52922
chr1	1538666	1738666	harbor1	chr1	1614166	1614629	LTR/ERV1	722	+	232	1614398	75732
chr1	229331834	229531834	harbor1	chr1	229351730	229352230	LTR/ERV1	1363	+	250	229351980	20146
chr1	229331834	229531834	harbor1	chr1	229352229	229352431	LTR/ERV1	951	+	101	229352330	20496
chr1	229331834	229531834	harbor1	chr1	229352648	229352658	LTR/ERV1	951	+	5	229352653	20819
chr1	229331834	229531834	harbor1	chr1	229412418	229412815	LTR/ERV1	2954	+	198	229412616	80782
chr1	229331834	229531834	harbor1	chr1	229412820	229415776	LTR/ERV1	19247	+	1478	229414298	82464
chr1	229331834	229531834	harbor1	chr1	229415749	229415920	LTR/ERV1	875	+	86	229415835	84001
chr1	229331834	229531834	harbor1	chr1	229415911	229417633	LTR/ERV1	8271	+	861	229416772	84938
chr1	229331834	229531834	harbor1	chr1	229417635	229417842	LTR/ERV1	1130	+	104	229417739	85905
chr1	229331834	229531834	harbor1	chr1	229417841	229418220	LTR/ERV1	2515	+	190	229418031	86197
chr1	229331834	229531834	harbor1	chr1	229418221	229418665	LTR/ERV1	3479	+	222	229418443	86609
chr1	229331834	229531834	harbor1	chr1	229418824	229419191	LTR/ERV1	2007	+	184	229419008	87174
chr1	9589469	9789469	harbor1	chr1	9619919	9620245	LTR/ERV1	2317	+	163	9620082	30613
chr1	9589469	9789469	harbor1	chr1	9621355	9621383	LTR/ERV1	2763	+	14	9621369	31900
chr1	9589469	9789469	harbor1	chr1	9621683	9622311	LTR/ERV1	2763	+	314	9621997	32528
chr1	9589469	9789469	harbor1	chr1	9637694	9637833	LTR/ERV1	610	+	70	9637764	48295
chr1	2375268	2575268	harbor1	chr1	2384393	2384801	LTR/ERV1	980	+	204	2384597	9329
chr1	16517974	16717974	harbor1	chr1	16518112	16518259	LTR/ERV1	988	+	74	16518186	212
chr1	16517974	16717974	harbor1	chr1	16518276	16518432	LTR/ERV1	2553	+	78	16518354	380
chr1	16517974	16717974	harbor1	chr1	16518433	16518592	LTR/ERV1	3894	+	80	16518513	539
chr1	16517974	16717974	harbor1	chr1	16518899	16519376	LTR/ERV1	3894	+	238	16519137	1163
chr1	16517974	16717974	harbor1	chr1	16519377	16519729	LTR/ERV1	2553	+	176	16519553	1579
chr1	16517974	16717974	harbor1	chr1	16523813	16524403	LTR/ERV1	3208	+	295	16524108	6134
chr1	16517974	16717974	harbor1	chr1	16524406	16525137	LTR/ERV1	4284	+	366	16524772	6798
chr1	16517974	16717974	harbor1	chr1	16540199	16541110	LTR/ERV1	4875	+	456	16540655	22681
chr1	16490133	16690133	harbor1	chr1	16493719	16493874	LTR/ERV1	1025	+	78	16493797	3664
chr1	16490133	16690133	harbor1	chr1	16515322	16515867	LTR/ERV1	3422	+	272	16515594	25461
chr1	16490133	16690133	harbor1	chr1	16518112	16518259	LTR/ERV1	988	+	74	16518186	28053
chr1	16490133	16690133	harbor1	chr1	16518276	16518432	LTR/ERV1	2553	+	78	16518354	28221
chr1	16490133	16690133	harbor1	chr1	16518433	16518592	LTR/ERV1	3894	+	80	16518513	28380
chr1	16490133	16690133	harbor1	chr1	16518899	16519376	LTR/ERV1	3894	+	238	16519137	29004
chr1	16490133	16690133	harbor1	chr1	16519377	16519729	LTR/ERV1	2553	+	176	16519553	29420
chr1	16490133	16690133	harbor1	chr1	16523813	16524403	LTR/ERV1	3208	+	295	16524108	33975
chr1	16490133	16690133	harbor1	chr1	16524406	16525137	LTR/ERV1	4284	+	366	16524772	34639
chr1	16490133	16690133	harbor1	chr1	16540199	16541110	LTR/ERV1	4875	+	456	16540655	50522
chr1	53370438	53570438	harbor1	chr1	53402573	53403608	LTR/ERV1	3819	+	518	53403091	32653
chr1	53370438	53570438	harbor1	chr1	53421647	53422820	LTR/ERV1	10737	+	586	53422233	51795
chr1	53370438	53570438	harbor1	chr1	53423122	53423947	LTR/ERV1	10737	+	412	53423534	53096
chr1	53370438	53570438	harbor1	chr1	53424225	53424334	LTR/ERV1	10737	+	54	53424279	53841
chr1	53370438	53570438	harbor1	chr1	53424337	53424766	LTR/ERV1	3338	+	214	53424551	54113
chr1	53370438	53570438	harbor1	chr1	53424769	53427698	LTR/ERV1	15840	+	1464	53426233	55795
chr1	53370438	53570438	harbor1	chr1	53427671	53427840	LTR/ERV1	869	+	84	53427755	57317
chr1	53370438	53570438	harbor1	chr1	53428335	53428996	LTR/ERV1	4376	+	330	53428665	58227
chr1	53370438	53570438	harbor1	chr1	53428998	53429599	LTR/ERV1	2556	+	300	53429298	58860
chr1	53370438	53570438	harbor1	chr1	53429600	53430029	LTR/ERV1	3346	+	214	53429814	59376
chr1	53370438	53570438	harbor1	chr1	53430031	53430736	LTR/ERV1	4450	+	352	53430383	59945
chr1	53370438	53570438	harbor1	chr1	53430737	53431047	LTR/ERV1	3312	+	155	53430892	60454
chr1	53370438	53570438	harbor1	chr1	53431095	53431320	LTR/ERV1	3312	+	112	53431207	60769
chr1	53370438	53570438	harbor1	chr1	53432880	53432985	LTR/ERV1	703	+	52	53432932	62494
chr1	53370438	53570438	harbor1	chr1	53432998	53434803	LTR/ERV1	8266	+	902	53433900	63462
chr1	53370438	53570438	harbor1	chr1	53434809	53435177	LTR/ERV1	2006	+	184	53434993	64555
chr1	53370438	53570438	harbor1	chr1	53447480	53447860	LTR/ERV1	2473	+	190	53447670	77232
chr1	53370438	53570438	harbor1	chr1	53449415	53449824	LTR/ERV1	3003	+	204	53449619	79181
chr1	53370438	53570438	harbor1	chr1	53427831	53428332	LTR/ERV1	3387	+	250	53428081	57643
chr1	2375370	2575370	harbor1	chr1	2384393	2384801	LTR/ERV1	980	+	204	2384597	9227
chr1	722912	922912	harbor1	chr1	787352	787718	LTR/ERV1	2003	+	183	787535	64623
chr1	204633771	204833771	harbor1	chr1	204641022	204641427	LTR/ERV1	2685	+	202	204641224	7453
chr1	15262474	15462474	harbor1	chr1	15279440	15279552	LTR/ERV1	682	+	56	15279496	17022
chr1	160897940	161097940	harbor1	chr1	160925467	160925714	LTR/ERV1	1305	+	124	160925591	27651
chr1	160897940	161097940	harbor1	chr1	160925698	160925971	LTR/ERV1	1510	+	136	160925834	27894
chr1	160897940	161097940	harbor1	chr1	160969111	160969297	LTR/ERV1	1731	+	93	160969204	71264
chr1	160897940	161097940	harbor1	chr1	160969608	160969780	LTR/ERV1	1731	+	86	160969694	71754
chr1	160897940	161097940	harbor1	chr1	160975402	160975509	LTR/ERV1	443	+	54	160975456	77516
chr1	160897940	161097940	harbor1	chr1	160978003	160978238	LTR/ERV1	1579	+	118	160978121	80181
chr1	160897940	161097940	harbor1	chr1	160978553	160978597	LTR/ERV1	1579	+	22	160978575	80635
chr1	160897940	161097940	harbor1	chr1	160978953	160979048	LTR/ERV1	448	+	48	160979001	81061
chr1	160897940	161097940	harbor1	chr1	160979120	160979310	LTR/ERV1	1077	+	95	160979215	81275
chr1	160897940	161097940	harbor1	chr1	160983517	160983716	LTR/ERV1	484	+	100	160983617	85677
chr1	160897940	161097940	harbor1	chr1	160987572	160988160	LTR/ERV1	1239	+	294	160987866	89926
chr1	160897940	161097940	harbor1	chr1	160988461	160988514	LTR/ERV1	444	+	26	160988487	90547
chr1	153245885	153445885	harbor1	chr1	153273775	153274171	LTR/ERV1	1532	+	198	153273973	28088
chr1	153245885	153445885	harbor1	chr1	153274176	153274282	LTR/ERV1	880	+	53	153274229	28344
chr1	153245885	153445885	harbor1	chr1	153274372	153274487	LTR/ERV1	880	+	58	153274430	28545
chr1	153245885	153445885	harbor1	chr1	153274519	153275289	LTR/ERV1	3217	+	385	153274904	29019
chr1	153245885	153445885	harbor1	chr1	153275567	153276086	LTR/ERV1	3217	+	260	153275827	29942
chr1	153245885	153445885	harbor1	chr1	153276089	153276553	LTR/ERV1	1939	+	232	153276321	30436
chr1	153245885	153445885	harbor1	chr1	153276560	153276933	LTR/ERV1	2292	+	186	153276746	30861
chr1	153245885	153445885	harbor1	chr1	153295786	153296632	LTR/ERV1	5498	+	423	153296209	50324
chr1	153245885	153445885	harbor1	chr1	153300452	153300914	LTR/ERV1	540	+	231	153300683	54798
chr1	153245885	153445885	harbor1	chr1	153301221	153301269	LTR/ERV1	540	+	24	153301245	55360
chr1	153245885	153445885	harbor1	chr1	153343705	153344272	LTR/ERV1	4089	+	284	153343989	98104
chr1	194321308	194521308	harbor1	chr1	194342379	194343157	LTR/ERV1	4676	+	389	194342768	21460
chr1	194321308	194521308	harbor1	chr1	194404793	194405335	LTR/ERV1	1510	+	271	194405064	83756
chr1	11520749	11720749	harbor1	chr1	11564361	11564839	LTR/ERV1	2420	+	239	11564600	43851
chr1	11520749	11720749	harbor1	chr1	11581544	11581980	LTR/ERV1	2380	+	218	11581762	61013
chr1	11520749	11720749	harbor1	chr1	11608569	11609920	LTR/ERV1	9887	+	676	11609245	88496
chr1	1071653	1271653	harbor1	chr1	1106614	1108045	LTR/ERV1	9434	+	716	1107330	35677
chr1	1071653	1271653	harbor1	chr1	1112044	1112400	LTR/ERV1	1679	+	178	1112222	40569
chr1	1071653	1271653	harbor1	chr1	1112648	1112917	LTR/ERV1	1595	+	134	1112782	41129
chr1	1071653	1271653	harbor1	chr1	1113212	1113335	LTR/ERV1	1595	+	62	1113274	41621
chr1	2375300	2575300	harbor1	chr1	2384393	2384801	LTR/ERV1	980	+	204	2384597	9297
chr1	6567487	6767487	harbor1	chr1	6662464	6663020	LTR/ERV1	3361	+	278	6662742	95255
chr1	29351447	29551447	harbor1	chr1	29385462	29385641	LTR/ERV1	3199	+	90	29385552	34105
chr1	29351447	29551447	harbor1	chr1	29385941	29386332	LTR/ERV1	3199	+	196	29386137	34690
chr1	29351447	29551447	harbor1	chr1	29386329	29386550	LTR/ERV1	1121	+	110	29386439	34992
chr1	20561106	20761106	harbor1	chr1	20612289	20612679	LTR/ERV1	2115	+	195	20612484	51378
chr1	20561106	20761106	harbor1	chr1	20612963	20613001	LTR/ERV1	2115	+	19	20612982	51876
chr1	20561106	20761106	harbor1	chr1	20627893	20628503	LTR/ERV1	3589	+	305	20628198	67092
chr1	211730554	211930554	harbor1	chr1	211752330	211752894	LTR/ERV1	2989	+	282	211752612	22058
chr1	211730554	211930554	harbor1	chr1	211777730	211778060	LTR/ERV1	4120	+	165	211777895	47341
chr1	211730554	211930554	harbor1	chr1	211778372	211778603	LTR/ERV1	4120	+	116	211778488	47934
chr1	211730554	211930554	harbor1	chr1	211801107	211801432	LTR/ERV1	1432	+	162	211801269	70715
chr1	211730554	211930554	harbor1	chr1	211802122	211802334	LTR/ERV1	821	+	106	211802228	71674
chr1	16625350	16825350	harbor1	chr1	16667986	16668531	LTR/ERV1	3509	+	272	16668258	42908
chr1	16625350	16825350	harbor1	chr1	16674777	16675682	LTR/ERV1	4973	+	452	16675229	49879
chr1	152203804	152403804	harbor1	chr1	152240646	152241123	LTR/ERV1	1726	+	238	152240884	37080
chr1	2375288	2575288	harbor1	chr1	2384393	2384801	LTR/ERV1	980	+	204	2384597	9309
chr1	110021160	110221160	harbor1	chr1	110033278	110033410	LTR/ERV1	1533	+	66	110033344	12184
chr1	110021160	110221160	harbor1	chr1	110033780	110034089	LTR/ERV1	1533	+	154	110033934	12774
chr1	41562092	41762092	harbor1	chr1	41633533	41633936	LTR/ERV1	916	+	202	41633735	71643
chr1	2375272	2575272	harbor1	chr1	2384393	2384801	LTR/ERV1	980	+	204	2384597	9325
chr1	16531613	16731613	harbor1	chr1	16540199	16541110	LTR/ERV1	4875	+	456	16540655	9042
chr1	678890	878890	harbor1	chr1	706560	706697	LTR/ERV1	461	+	68	706628	27738
chr1	678890	878890	harbor1	chr1	706774	707054	LTR/ERV1	807	+	140	706914	28024
chr1	2375302	2575302	harbor1	chr1	2384393	2384801	LTR/ERV1	980	+	204	2384597	9295
chr1	2375187	2575187	harbor1	chr1	2384393	2384801	LTR/ERV1	980	+	204	2384597	9410
chr1	53312624	53512624	harbor1	chr1	53402573	53403608	LTR/ERV1	3819	+	518	53403091	90467
chr1	85965115	86165115	harbor1	chr1	85987922	85988347	LTR/ERV1	1118	+	212	85988134	23019
chr1	31913327	32113327	harbor1	chr1	31963184	31963261	LTR/ERV1	591	+	38	31963222	49895
chr1	16344104	16544104	harbor1	chr1	16353271	16353551	LTR/ERV1	2628	+	140	16353411	9307
chr1	16344104	16544104	harbor1	chr1	16353848	16353960	LTR/ERV1	2628	+	56	16353904	9800
chr1	16344104	16544104	harbor1	chr1	16354604	16354771	LTR/ERV1	2628	+	84	16354688	10584
chr1	6685532	6885532	harbor1	chr1	6685409	6685826	LTR/ERV1	2226	+	208	6685617	85
chr1	6685532	6885532	harbor1	chr1	6693819	6693834	LTR/ERV1	848	+	8	6693827	8295
chr1	6685532	6885532	harbor1	chr1	6694137	6694304	LTR/ERV1	848	+	84	6694221	8689
chr1	6685532	6885532	harbor1	chr1	6694340	6694611	LTR/ERV1	936	+	136	6694476	8944
chr1	6685532	6885532	harbor1	chr1	6699931	6700411	LTR/ERV1	3152	+	240	6700171	14639
chr1	6685532	6885532	harbor1	chr1	6747770	6748324	LTR/ERV1	3616	+	277	6748047	62515
chr1	6685532	6885532	harbor1	chr1	6750611	6750709	LTR/ERV1	550	+	49	6750660	65128
chr1	6685532	6885532	harbor1	chr1	6752295	6752737	LTR/ERV1	3242	+	221	6752516	66984
chr1	22610011	22810011	harbor1	chr1	22631888	22632096	LTR/ERV1	728	+	104	22631992	21981
chr1	22610011	22810011	harbor1	chr1	22632124	22632421	LTR/ERV1	681	+	148	22632272	22261
chr1	6685524	6885524	harbor1	chr1	6685409	6685826	LTR/ERV1	2226	+	208	6685617	93
chr1	6685524	6885524	harbor1	chr1	6693819	6693834	LTR/ERV1	848	+	8	6693827	8303
chr1	6685524	6885524	harbor1	chr1	6694137	6694304	LTR/ERV1	848	+	84	6694221	8697
chr1	6685524	6885524	harbor1	chr1	6694340	6694611	LTR/ERV1	936	+	136	6694476	8952
chr1	6685524	6885524	harbor1	chr1	6699931	6700411	LTR/ERV1	3152	+	240	6700171	14647
chr1	6685524	6885524	harbor1	chr1	6747770	6748324	LTR/ERV1	3616	+	277	6748047	62523
chr1	6685524	6885524	harbor1	chr1	6750611	6750709	LTR/ERV1	550	+	49	6750660	65136
chr1	6685524	6885524	harbor1	chr1	6752295	6752737	LTR/ERV1	3242	+	221	6752516	66992
chr1	26595914	26795914	harbor1	chr1	26630418	26630568	LTR/ERV1	1194	+	75	26630493	34579
chr1	26595914	26795914	harbor1	chr1	26630754	26631094	LTR/ERV1	8153	+	170	26630924	35010
chr1	26595914	26795914	harbor1	chr1	26631400	26631508	LTR/ERV1	8153	+	54	26631454	35540
chr1	26595914	26795914	harbor1	chr1	26631736	26632821	LTR/ERV1	8153	+	542	26632278	36364
chr1	26595914	26795914	harbor1	chr1	26633123	26633264	LTR/ERV1	5388	+	70	26633193	37279
chr1	26595914	26795914	harbor1	chr1	26633868	26634089	LTR/ERV1	5388	+	110	26633978	38064
chr1	26595914	26795914	harbor1	chr1	26634393	26634601	LTR/ERV1	5388	+	104	26634497	38583
chr1	26595914	26795914	harbor1	chr1	26635237	26635617	LTR/ERV1	5388	+	190	26635427	39513
chr1	26595914	26795914	harbor1	chr1	26635649	26635904	LTR/ERV1	1860	+	128	26635777	39863
chr1	26595914	26795914	harbor1	chr1	26635905	26636092	LTR/ERV1	1584	+	94	26635999	40085
chr1	26595914	26795914	harbor1	chr1	26636549	26636878	LTR/ERV1	3107	+	164	26636713	40799
chr1	26595914	26795914	harbor1	chr1	26637171	26637291	LTR/ERV1	3107	+	60	26637231	41317
chr1	206378216	206578216	harbor1	chr1	206378554	206378884	LTR/ERV1	1679	+	165	206378719	503
chr1	207902897	208102897	harbor1	chr1	207935101	207935552	LTR/ERV1	2409	+	226	207935327	32430
chr1	2308936	2508936	harbor1	chr1	2384393	2384801	LTR/ERV1	980	+	204	2384597	75661
chr1	16625248	16825248	harbor1	chr1	16667986	16668531	LTR/ERV1	3509	+	272	16668258	43010
chr1	16625248	16825248	harbor1	chr1	16674777	16675682	LTR/ERV1	4973	+	452	16675229	49981
chr1	9589463	9789463	harbor1	chr1	9619919	9620245	LTR/ERV1	2317	+	163	9620082	30619
chr1	9589463	9789463	harbor1	chr1	9621355	9621383	LTR/ERV1	2763	+	14	9621369	31906
chr1	9589463	9789463	harbor1	chr1	9621683	9622311	LTR/ERV1	2763	+	314	9621997	32534
chr1	9589463	9789463	harbor1	chr1	9637694	9637833	LTR/ERV1	610	+	70	9637764	48301
chr1	15786062	15986062	harbor1	chr1	15795295	15795547	LTR/ERV1	791	+	126	15795421	9359
chr1	15786062	15986062	harbor1	chr1	15795845	15795966	LTR/ERV1	791	+	60	15795905	9843
chr1	15786062	15986062	harbor1	chr1	15802123	15802583	LTR/ERV1	3159	+	230	15802353	16291
chr1	244605824	244805824	harbor1	chr1	244642423	244643225	LTR/ERV1	4952	+	401	244642824	37000
chr1	52827225	53027225	harbor1	chr1	52840599	52840974	LTR/ERV1	1879	+	188	52840787	13562
chr1	52827225	53027225	harbor1	chr1	52840975	52841274	LTR/ERV1	1879	+	150	52841125	13900
chr1	52827225	53027225	harbor1	chr1	52926763	52926838	LTR/ERV1	526	+	38	52926801	99576
chr1	6685486	6885486	harbor1	chr1	6685409	6685826	LTR/ERV1	2226	+	208	6685617	131
chr1	6685486	6885486	harbor1	chr1	6693819	6693834	LTR/ERV1	848	+	8	6693827	8341
chr1	6685486	6885486	harbor1	chr1	6694137	6694304	LTR/ERV1	848	+	84	6694221	8735
chr1	6685486	6885486	harbor1	chr1	6694340	6694611	LTR/ERV1	936	+	136	6694476	8990
chr1	6685486	6885486	harbor1	chr1	6699931	6700411	LTR/ERV1	3152	+	240	6700171	14685
chr1	6685486	6885486	harbor1	chr1	6747770	6748324	LTR/ERV1	3616	+	277	6748047	62561
chr1	6685486	6885486	harbor1	chr1	6750611	6750709	LTR/ERV1	550	+	49	6750660	65174
chr1	6685486	6885486	harbor1	chr1	6752295	6752737	LTR/ERV1	3242	+	221	6752516	67030
chr1	226785705	226985705	harbor1	chr1	226833503	226833944	LTR/ERV1	2842	+	220	226833723	48018
chr1	226785705	226985705	harbor1	chr1	226833945	226834368	LTR/ERV1	931	+	212	226834157	48452
chr1	226785705	226985705	harbor1	chr1	226837537	226837969	LTR/ERV1	2938	+	216	226837753	52048
chr1	226785705	226985705	harbor1	chr1	226837970	226838404	LTR/ERV1	2561	+	217	226838187	52482
chr1	226785705	226985705	harbor1	chr1	226847392	226847807	LTR/ERV1	3093	+	208	226847600	61895
chr1	226785705	226985705	harbor1	chr1	226847834	226848407	LTR/ERV1	3224	+	286	226848120	62415
chr1	226785705	226985705	harbor1	chr1	226848592	226848692	LTR/ERV1	1469	+	50	226848642	62937
chr1	226785705	226985705	harbor1	chr1	226849002	226849251	LTR/ERV1	1469	+	124	226849126	63421
chr1	226785705	226985705	harbor1	chr1	226849250	226849942	LTR/ERV1	4210	+	346	226849596	63891
chr1	226785705	226985705	harbor1	chr1	226850172	226850312	LTR/ERV1	2391	+	70	226850242	64537
chr1	226785705	226985705	harbor1	chr1	226850627	226850934	LTR/ERV1	2391	+	154	226850781	65076
chr1	226785705	226985705	harbor1	chr1	226850935	226851468	LTR/ERV1	4222	+	266	226851201	65496
chr1	226785705	226985705	harbor1	chr1	226851469	226851556	LTR/ERV1	2391	+	44	226851513	65808
chr1	226785705	226985705	harbor1	chr1	226851543	226851990	LTR/ERV1	8970	+	224	226851767	66062
chr1	226785705	226985705	harbor1	chr1	226855071	226856309	LTR/ERV1	8740	+	619	226855690	69985
chr1	226785705	226985705	harbor1	chr1	226856311	226856641	LTR/ERV1	1993	+	165	226856476	70771
chr1	226785705	226985705	harbor1	chr1	226834435	226837538	LTR/ERV1	16349	+	1552	226835987	50282
chr1	226785705	226985705	harbor1	chr1	226852296	226853229	LTR/ERV1	8970	+	466	226852762	67057
chr1	202013163	202213163	harbor1	chr1	202080896	202081185	LTR/ERV1	1377	+	144	202081040	67877
chr1	202013163	202213163	harbor1	chr1	202081488	202081672	LTR/ERV1	1377	+	92	202081580	68417
chr1	202013163	202213163	harbor1	chr1	202090234	202090360	LTR/ERV1	894	+	63	202090297	77134
chr1	202013163	202213163	harbor1	chr1	202090963	202091055	LTR/ERV1	483	+	46	202091009	77846
chr1	161447394	161647394	harbor1	chr1	161472831	161473219	LTR/ERV1	1495	+	194	161473025	25631
chr1	161447394	161647394	harbor1	chr1	161473230	161478266	LTR/ERV1	30605	+	2518	161475748	28354
chr1	161447394	161647394	harbor1	chr1	161478263	161478866	LTR/ERV1	4210	+	302	161478565	31171
chr1	161447394	161647394	harbor1	chr1	161478868	161480294	LTR/ERV1	9008	+	713	161479581	32187
chr1	161447394	161647394	harbor1	chr1	161514005	161514469	LTR/ERV1	1307	+	232	161514237	66843
chr1	161447394	161647394	harbor1	chr1	161514473	161514669	LTR/ERV1	717	+	98	161514571	67177
chr1	161447394	161647394	harbor1	chr1	161515397	161516068	LTR/ERV1	1386	+	336	161515733	68339
chr1	161447394	161647394	harbor1	chr1	161516254	161517154	LTR/ERV1	939	+	450	161516704	69310
chr1	161447394	161647394	harbor1	chr1	161517821	161518039	LTR/ERV1	475	+	109	161517930	70536
chr1	161447394	161647394	harbor1	chr1	161518214	161518545	LTR/ERV1	772	+	166	161518380	70986
chr1	161447394	161647394	harbor1	chr1	161532230	161532642	LTR/ERV1	1657	+	206	161532436	85042
chr1	161447394	161647394	harbor1	chr1	161532665	161533392	LTR/ERV1	4245	+	364	161533029	85635
chr1	46294443	46494443	harbor1	chr1	46323241	46323405	LTR/ERV1	707	+	82	46323323	28880
chr1	46294443	46494443	harbor1	chr1	46323701	46323737	LTR/ERV1	707	+	18	46323719	29276
chr1	46294443	46494443	harbor1	chr1	46324046	46324111	LTR/ERV1	707	+	32	46324078	29635
chr1	46294443	46494443	harbor1	chr1	46324456	46324524	LTR/ERV1	707	+	34	46324490	30047
chr1	46294443	46494443	harbor1	chr1	46325370	46325547	LTR/ERV1	1020	+	88	46325458	31015
chr1	46294443	46494443	harbor1	chr1	46332951	46333273	LTR/ERV1	2203	+	161	46333112	38669
chr1	46294443	46494443	harbor1	chr1	46333558	46333601	LTR/ERV1	2203	+	22	46333580	39137
chr1	46294443	46494443	harbor1	chr1	46334275	46334379	LTR/ERV1	2363	+	52	46334327	39884
chr1	46294443	46494443	harbor1	chr1	46334381	46334599	LTR/ERV1	1110	+	109	46334490	40047
chr1	46294443	46494443	harbor1	chr1	46334910	46335031	LTR/ERV1	1110	+	60	46334970	40527
chr1	46294443	46494443	harbor1	chr1	46333602	46333993	LTR/ERV1	2363	+	196	46333798	39355
chr1	185628149	185828149	harbor1	chr1	185632102	185632571	LTR/ERV1	3364	+	234	185632336	4187
chr1	185628149	185828149	harbor1	chr1	185632688	185633360	LTR/ERV1	3742	+	336	185633024	4875
chr1	185628149	185828149	harbor1	chr1	185656280	185656497	LTR/ERV1	593	+	108	185656388	28239
chr1	185628149	185828149	harbor1	chr1	185657054	185657203	LTR/ERV1	593	+	74	185657128	28979
chr1	185628149	185828149	harbor1	chr1	185722718	185723166	LTR/ERV1	2703	+	224	185722942	94793
chr1	2375387	2575387	harbor1	chr1	2384393	2384801	LTR/ERV1	980	+	204	2384597	9210
chr1	929831	1129831	harbor1	chr1	985600	986089	LTR/ERV1	2410	+	244	985844	56013
chr1	929831	1129831	harbor1	chr1	986390	986445	LTR/ERV1	2410	+	28	986418	56587
chr1	2375251	2575251	harbor1	chr1	2384393	2384801	LTR/ERV1	980	+	204	2384597	9346
chr1	10857681	11057681	harbor1	chr1	10926261	10926598	LTR/ERV1	1025	+	168	10926429	68748
chr1	10857681	11057681	harbor1	chr1	10926789	10926958	LTR/ERV1	1025	+	84	10926873	69192
chr1	53312611	53512611	harbor1	chr1	53402573	53403608	LTR/ERV1	3819	+	518	53403091	90480
chr1	15734386	15934386	harbor1	chr1	15795295	15795547	LTR/ERV1	791	+	126	15795421	61035
chr1	15734386	15934386	harbor1	chr1	15795845	15795966	LTR/ERV1	791	+	60	15795905	61519
chr1	15734386	15934386	harbor1	chr1	15802123	15802583	LTR/ERV1	3159	+	230	15802353	67967
chr1	7925872	8125872	harbor1	chr1	7928555	7928609	LTR/ERV1	1373	+	27	7928582	2710
chr1	7925872	8125872	harbor1	chr1	7928909	7929136	LTR/ERV1	1373	+	114	7929023	3151
chr1	7925872	8125872	harbor1	chr1	7929467	7929600	LTR/ERV1	1373	+	66	7929533	3661
chr1	7925872	8125872	harbor1	chr1	7960625	7960739	LTR/ERV1	863	+	57	7960682	34810
chr1	206972503	207172503	harbor1	chr1	206978276	206978671	LTR/ERV1	2743	+	198	206978474	5971
chr1	206972503	207172503	harbor1	chr1	206987988	206988430	LTR/ERV1	829	+	221	206988209	15706
chr1	206972503	207172503	harbor1	chr1	206989983	206990577	LTR/ERV1	2337	+	297	206990280	17777
chr1	206972503	207172503	harbor1	chr1	207000985	207001146	LTR/ERV1	793	+	80	207001065	28562
chr1	65574334	65774334	harbor1	chr1	65596901	65597324	LTR/ERV1	2477	+	212	65597113	22779
chr1	230539098	230739098	harbor1	chr1	230576018	230576505	LTR/ERV1	3087	+	244	230576262	37164
chr1	230539098	230739098	harbor1	chr1	230579052	230579519	LTR/ERV1	2852	+	234	230579286	40188
chr1	230539098	230739098	harbor1	chr1	230599782	230600292	LTR/ERV1	2257	+	255	230600037	60939
chr1	230539098	230739098	harbor1	chr1	230601216	230601646	LTR/ERV1	2707	+	215	230601431	62333
chr1	230539098	230739098	harbor1	chr1	230604920	230605422	LTR/ERV1	3467	+	251	230605171	66073
chr1	230539098	230739098	harbor1	chr1	230605425	230608660	LTR/ERV1	25200	+	1618	230607043	67945
chr1	230539098	230739098	harbor1	chr1	230608661	230609094	LTR/ERV1	2658	+	216	230608877	69779
chr1	230539098	230739098	harbor1	chr1	230610566	230611162	LTR/ERV1	3487	+	298	230610864	71766
chr1	230539098	230739098	harbor1	chr1	230622081	230622291	LTR/ERV1	519	+	105	230622186	83088
chr1	230539098	230739098	harbor1	chr1	230623954	230624566	LTR/ERV1	4156	+	306	230624260	85162
chr1	230539098	230739098	harbor1	chr1	230635098	230635451	LTR/ERV1	1277	+	176	230635274	96176
chr1	230539098	230739098	harbor1	chr1	230635757	230635822	LTR/ERV1	1277	+	32	230635789	96691
chr1	230539098	230739098	harbor1	chr1	230601649	230604929	LTR/ERV1	22468	+	1640	230603289	64191
chr1	230539098	230739098	harbor1	chr1	230637029	230637633	LTR/ERV1	1731	+	302	230637331	98233
chr2	196936108	197136108	harbor1	chr2	196955463	196956115	LTR/ERV1	2376	+	326	196955789	19681
chr2	196936108	197136108	harbor1	chr2	196956313	196956416	LTR/ERV1	782	+	52	196956365	20257
chr2	576801	776801	harbor1	chr2	592214	592994	LTR/ERV1	6218	+	390	592604	15803
chr2	576801	776801	harbor1	chr2	618510	618978	LTR/ERV1	2294	+	234	618744	41943
chr2	202592159	202792159	harbor1	chr2	202681756	202682590	LTR/ERV1	4597	+	417	202682173	90014
chr2	53462886	53662886	harbor1	chr2	53472449	53472562	LTR/ERV1	1811	+	56	53472505	9619
chr2	53462886	53662886	harbor1	chr2	53472860	53473071	LTR/ERV1	1811	+	106	53472966	10080
chr2	53462886	53662886	harbor1	chr2	53483709	53484352	LTR/ERV1	4381	+	322	53484031	21145
chr2	53462886	53662886	harbor1	chr2	53486285	53487492	LTR/ERV1	6717	+	604	53486889	24003
chr2	53462886	53662886	harbor1	chr2	53553648	53555257	LTR/ERV1	7910	+	804	53554452	91566
chr2	72038963	72238963	harbor1	chr2	72051101	72051702	LTR/ERV1	2256	+	300	72051401	12438
chr2	72038963	72238963	harbor1	chr2	72062248	72062964	LTR/ERV1	4285	+	358	72062606	23643
chr2	72038963	72238963	harbor1	chr2	72080329	72081396	LTR/ERV1	2871	+	534	72080863	41900
chr2	72038963	72238963	harbor1	chr2	72086707	72088019	LTR/ERV1	7106	+	656	72087363	48400
chr2	72038963	72238963	harbor1	chr2	72088482	72089105	LTR/ERV1	4547	+	312	72088794	49831
chr2	72038963	72238963	harbor1	chr2	72089456	72090146	LTR/ERV1	4279	+	345	72089801	50838
chr2	26403793	26603793	harbor1	chr2	26407447	26408136	LTR/ERV1	879	+	344	26407791	3998
chr2	26403793	26603793	harbor1	chr2	26493549	26494007	LTR/ERV1	3470	+	229	26493778	89985
chr2	171334240	171534240	harbor1	chr2	171386665	171387393	LTR/ERV1	3985	+	364	171387029	52789
chr2	171334240	171534240	harbor1	chr2	171430677	171431076	LTR/ERV1	5372	+	200	171430877	96637
chr2	171334240	171534240	harbor1	chr2	171431077	171431532	LTR/ERV1	3000	+	228	171431305	97065
chr2	171334240	171534240	harbor1	chr2	171431533	171432248	LTR/ERV1	5372	+	358	171431891	97651
chr2	69543779	69743779	harbor1	chr2	69621901	69623328	LTR/ERV1	10666	+	714	69622615	78836
chr2	26403734	26603734	harbor1	chr2	26407447	26408136	LTR/ERV1	879	+	344	26407791	4057
chr2	26403734	26603734	harbor1	chr2	26493549	26494007	LTR/ERV1	3470	+	229	26493778	90044
chr2	3475856	3675856	harbor1	chr2	3494467	3494548	LTR/ERV1	4465	+	40	3494507	18651
chr2	3475856	3675856	harbor1	chr2	3494849	3495623	LTR/ERV1	4465	+	387	3495236	19380
chr2	3475856	3675856	harbor1	chr2	3495932	3495977	LTR/ERV1	4465	+	22	3495954	20098
chr2	3475856	3675856	harbor1	chr2	3517027	3517448	LTR/ERV1	1058	+	210	3517237	41381
chr2	3475856	3675856	harbor1	chr2	3533850	3534784	LTR/ERV1	2834	+	467	3534317	58461
chr2	3475856	3675856	harbor1	chr2	3536384	3536708	LTR/ERV1	592	+	162	3536546	60690
chr2	3475856	3675856	harbor1	chr2	3543020	3543367	LTR/ERV1	1194	+	174	3543194	67338
chr2	3475856	3675856	harbor1	chr2	3571159	3571240	LTR/ERV1	496	+	40	3571199	95343
chr2	3475856	3675856	harbor1	chr2	3554956	3555368	LTR/ERV1	2106	+	206	3555162	79306
chr2	113484117	113684117	harbor1	chr2	113508186	113508307	LTR/ERV1	503	+	60	113508246	24129
chr2	113484117	113684117	harbor1	chr2	113523289	113523687	LTR/ERV1	2438	+	199	113523488	39371
chr2	113484023	113684023	harbor1	chr2	113508186	113508307	LTR/ERV1	503	+	60	113508246	24223
chr2	113484023	113684023	harbor1	chr2	113523289	113523687	LTR/ERV1	2438	+	199	113523488	39465
chr2	74415966	74615966	harbor1	chr2	74450757	74451063	LTR/ERV1	2754	+	153	74450910	34944
chr2	74415966	74615966	harbor1	chr2	74451364	74451659	LTR/ERV1	2754	+	148	74451512	35546
chr2	238807213	239007213	harbor1	chr2	238823628	238824079	LTR/ERV1	2607	+	226	238823854	16641
chr2	217853705	218053705	harbor1	chr2	217873443	217873815	LTR/ERV1	569	+	186	217873629	19924
chr2	217853705	218053705	harbor1	chr2	217874128	217874283	LTR/ERV1	597	+	78	217874206	20501
chr2	113484043	113684043	harbor1	chr2	113508186	113508307	LTR/ERV1	503	+	60	113508246	24203
chr2	113484043	113684043	harbor1	chr2	113523289	113523687	LTR/ERV1	2438	+	199	113523488	39445
chr2	152618128	152818128	harbor1	chr2	152701339	152701696	LTR/ERV1	1721	+	178	152701517	83389
chr2	152618128	152818128	harbor1	chr2	152701697	152702008	LTR/ERV1	1160	+	156	152701853	83725
chr2	152618128	152818128	harbor1	chr2	152702069	152702204	LTR/ERV1	483	+	68	152702137	84009
chr2	152618128	152818128	harbor1	chr2	152702248	152708261	LTR/ERV1	39267	+	3006	152705254	87126
chr2	152618128	152818128	harbor1	chr2	152708267	152708834	LTR/ERV1	2879	+	284	152708551	90423
chr2	152618128	152818128	harbor1	chr2	152708835	152709137	LTR/ERV1	1330	+	151	152708986	90858
chr2	72783861	72983861	harbor1	chr2	72829487	72830233	LTR/ERV1	4119	+	373	72829860	45999
chr2	72783861	72983861	harbor1	chr2	72833159	72833497	LTR/ERV1	2263	+	169	72833328	49467
chr2	72783861	72983861	harbor1	chr2	72847132	72847593	LTR/ERV1	1817	+	230	72847362	63501
chr2	72783861	72983861	harbor1	chr2	72870195	72870362	LTR/ERV1	1119	+	84	72870279	86418
chr2	158867991	159067991	harbor1	chr2	158866185	158870242	LTR/ERV1	29289	+	2028	158868213	222
chr2	158867991	159067991	harbor1	chr2	158881457	158881650	LTR/ERV1	1209	+	96	158881553	13562
chr2	158867991	159067991	harbor1	chr2	158881731	158882660	LTR/ERV1	32970	+	464	158882195	14204
chr2	158867991	159067991	harbor1	chr2	158882710	158886251	LTR/ERV1	32970	+	1770	158884480	16489
chr2	158867991	159067991	harbor1	chr2	158898573	158898805	LTR/ERV1	503	+	116	158898689	30698
chr2	158867991	159067991	harbor1	chr2	158918536	158919035	LTR/ERV1	2178	+	250	158918786	50795
chr2	158867991	159067991	harbor1	chr2	158919468	158919884	LTR/ERV1	1525	+	208	158919676	51685
chr2	6817111	7017111	harbor1	chr2	6869773	6870225	LTR/ERV1	2403	+	226	6869999	52888
chr2	6817111	7017111	harbor1	chr2	6870230	6873927	LTR/ERV1	27324	+	1848	6872078	54967
chr2	6817111	7017111	harbor1	chr2	6874361	6876489	LTR/ERV1	27324	+	1064	6875425	58314
chr2	69543869	69743869	harbor1	chr2	69621901	69623328	LTR/ERV1	10666	+	714	69622615	78746
chr2	34909049	35109049	harbor1	chr2	34915270	34915764	LTR/ERV1	1762	+	247	34915517	6468
chr2	34909049	35109049	harbor1	chr2	34972422	34972937	LTR/ERV1	2134	+	258	34972680	63631
chr2	34909049	35109049	harbor1	chr2	34979025	34979768	LTR/ERV1	4067	+	372	34979397	70348
chr2	34909049	35109049	harbor1	chr2	34991878	34992957	LTR/ERV1	6745	+	540	34992418	83369
chr2	34909049	35109049	harbor1	chr2	35004338	35004513	LTR/ERV1	571	+	88	35004426	95377
chr2	241851126	242051126	harbor1	chr2	241907419	241907717	LTR/ERV1	2657	+	149	241907568	56442
chr2	241851126	242051126	harbor1	chr2	241908015	241908166	LTR/ERV1	2657	+	76	241908091	56965
chr2	241851126	242051126	harbor1	chr2	241908459	241908578	LTR/ERV1	2657	+	60	241908519	57393
chr2	241851126	242051126	harbor1	chr2	241938747	241939025	LTR/ERV1	1110	+	139	241938886	87760
chr2	241851126	242051126	harbor1	chr2	241940084	241940382	LTR/ERV1	1209	+	149	241940233	89107
chr2	232385663	232585663	harbor1	chr2	232389159	232389450	LTR/ERV1	1491	+	146	232389305	3642
chr2	232385663	232585663	harbor1	chr2	232389472	232389716	LTR/ERV1	5428	+	122	232389594	3931
chr2	232385663	232585663	harbor1	chr2	232389784	232390154	LTR/ERV1	5428	+	185	232389969	4306
chr2	232385663	232585663	harbor1	chr2	232391715	232391775	LTR/ERV1	5428	+	30	232391745	6082
chr2	232385663	232585663	harbor1	chr2	232392075	232392329	LTR/ERV1	5428	+	127	232392202	6539
chr2	232385663	232585663	harbor1	chr2	232393250	232393373	LTR/ERV1	1956	+	62	232393312	7649
chr2	232385663	232585663	harbor1	chr2	232394393	232394403	LTR/ERV1	1956	+	5	232394398	8735
chr2	232385663	232585663	harbor1	chr2	232394698	232394940	LTR/ERV1	1956	+	121	232394819	9156
chr2	232385663	232585663	harbor1	chr2	232395334	232395374	LTR/ERV1	877	+	20	232395354	9691
chr2	232385663	232585663	harbor1	chr2	232395493	232395928	LTR/ERV1	1116	+	218	232395711	10048
chr2	232385663	232585663	harbor1	chr2	232396649	232396769	LTR/ERV1	460	+	60	232396709	11046
chr2	232385663	232585663	harbor1	chr2	232422442	232422858	LTR/ERV1	2070	+	208	232422650	36987
chr2	232385663	232585663	harbor1	chr2	232422875	232422992	LTR/ERV1	885	+	58	232422933	37270
chr2	232385663	232585663	harbor1	chr2	232423966	232424094	LTR/ERV1	885	+	64	232424030	38367
chr2	232385663	232585663	harbor1	chr2	232424462	232424800	LTR/ERV1	4340	+	169	232424631	38968
chr2	232385663	232585663	harbor1	chr2	232425148	232426432	LTR/ERV1	4340	+	642	232425790	40127
chr2	232385663	232585663	harbor1	chr2	232426922	232427095	LTR/ERV1	622	+	86	232427008	41345
chr2	232385663	232585663	harbor1	chr2	232427536	232427631	LTR/ERV1	1674	+	48	232427584	41921
chr2	232385663	232585663	harbor1	chr2	232427934	232428276	LTR/ERV1	1674	+	171	232428105	42442
chr2	232385663	232585663	harbor1	chr2	232428576	232428697	LTR/ERV1	1674	+	60	232428636	42973
chr2	232385663	232585663	harbor1	chr2	232428999	232429315	LTR/ERV1	790	+	158	232429157	43494
chr2	232385663	232585663	harbor1	chr2	232429335	232429345	LTR/ERV1	531	+	5	232429340	43677
chr2	232385663	232585663	harbor1	chr2	232429453	232429720	LTR/ERV1	710	+	134	232429587	43924
chr2	232385663	232585663	harbor1	chr2	232430765	232431076	LTR/ERV1	1738	+	156	232430921	45258
chr2	232385663	232585663	harbor1	chr2	232390432	232391412	LTR/ERV1	5428	+	490	232390922	5259
chr2	86463906	86663906	harbor1	chr2	86520843	86521292	LTR/ERV1	3766	+	224	86521067	57161
chr2	86463906	86663906	harbor1	chr2	86543327	86543763	LTR/ERV1	2499	+	218	86543545	79639
chr2	237867377	238067377	harbor1	chr2	237930215	237930770	LTR/ERV1	3381	+	278	237930493	63116
chr2	237867377	238067377	harbor1	chr2	237935696	237936177	LTR/ERV1	2413	+	240	237935936	68559
chr2	237867377	238067377	harbor1	chr2	237947340	237947704	LTR/ERV1	1555	+	182	237947522	80145
chr2	237867377	238067377	harbor1	chr2	237948012	237948184	LTR/ERV1	1555	+	86	237948098	80721
chr2	237867377	238067377	harbor1	chr2	237963074	237963386	LTR/ERV1	5181	+	156	237963230	95853
chr2	237867377	238067377	harbor1	chr2	237963679	237964101	LTR/ERV1	5181	+	211	237963890	96513
chr2	237867377	238067377	harbor1	chr2	237964702	237964854	LTR/ERV1	5181	+	76	237964778	97401
chr2	237867377	238067377	harbor1	chr2	237943526	237945170	LTR/ERV1	7877	+	822	237944348	76971
chr2	239765621	239965621	harbor1	chr2	239800523	239800973	LTR/ERV1	2632	+	225	239800748	35127
chr2	239765621	239965621	harbor1	chr2	239836030	239837220	LTR/ERV1	5046	+	595	239836625	71004
chr2	239765621	239965621	harbor1	chr2	239839137	239839646	LTR/ERV1	1711	+	254	239839391	73770
chr2	239765621	239965621	harbor1	chr2	239855006	239855194	LTR/ERV1	1766	+	94	239855100	89479
chr2	239765621	239965621	harbor1	chr2	239855497	239855784	LTR/ERV1	1766	+	144	239855641	90020
chr2	202592156	202792156	harbor1	chr2	202681756	202682590	LTR/ERV1	4597	+	417	202682173	90017
chr2	127928490	128128490	harbor1	chr2	127981045	127981347	LTR/ERV1	1996	+	151	127981196	52706
chr2	127928490	128128490	harbor1	chr2	127981592	127981684	LTR/ERV1	1578	+	46	127981638	53148
chr2	127928490	128128490	harbor1	chr2	127981794	127982006	LTR/ERV1	1578	+	106	127981900	53410
chr2	127928490	128128490	harbor1	chr2	127985623	127986410	LTR/ERV1	5011	+	394	127986017	57527
chr2	69381601	69581601	harbor1	chr2	69440152	69440357	LTR/ERV1	625	+	102	69440254	58653
chr2	69381601	69581601	harbor1	chr2	69440817	69441019	LTR/ERV1	535	+	101	69440918	59317
chr2	69381601	69581601	harbor1	chr2	69441189	69441407	LTR/ERV1	8453	+	109	69441298	59697
chr2	69381601	69581601	harbor1	chr2	69441532	69442056	LTR/ERV1	8453	+	262	69441794	60193
chr2	69381601	69581601	harbor1	chr2	69442375	69443010	LTR/ERV1	8453	+	318	69442693	61092
chr2	69381601	69581601	harbor1	chr2	69449342	69449485	LTR/ERV1	971	+	72	69449414	67813
chr2	69381601	69581601	harbor1	chr2	69450203	69450455	LTR/ERV1	1666	+	126	69450329	68728
chr2	69381601	69581601	harbor1	chr2	69450459	69450725	LTR/ERV1	847	+	133	69450592	68991
chr2	69381601	69581601	harbor1	chr2	69450740	69451417	LTR/ERV1	4346	+	338	69451078	69477
chr2	69381601	69581601	harbor1	chr2	69452791	69453097	LTR/ERV1	1128	+	153	69452944	71343
chr2	69381601	69581601	harbor1	chr2	69453399	69453528	LTR/ERV1	722	+	64	69453463	71862
chr2	69381601	69581601	harbor1	chr2	69453531	69453927	LTR/ERV1	2065	+	198	69453729	72128
chr2	69381601	69581601	harbor1	chr2	69455625	69455795	LTR/ERV1	491	+	85	69455710	74109
chr2	110569500	110769500	harbor1	chr2	110612321	110612458	LTR/ERV1	848	+	68	110612389	42889
chr2	110569500	110769500	harbor1	chr2	110612457	110612722	LTR/ERV1	1361	+	132	110612589	43089
chr2	113484094	113684094	harbor1	chr2	113508186	113508307	LTR/ERV1	503	+	60	113508246	24152
chr2	113484094	113684094	harbor1	chr2	113523289	113523687	LTR/ERV1	2438	+	199	113523488	39394
chr2	86976350	87176350	harbor1	chr2	87027968	87028409	LTR/ERV1	2875	+	220	87028188	51838
chr2	86976350	87176350	harbor1	chr2	87039336	87039555	LTR/ERV1	1083	+	110	87039446	63096
chr2	86976350	87176350	harbor1	chr2	87039873	87042637	LTR/ERV1	10419	+	1382	87041255	64905
chr2	86976350	87176350	harbor1	chr2	87042795	87043095	LTR/ERV1	1798	+	150	87042945	66595
chr2	86976350	87176350	harbor1	chr2	87043096	87043487	LTR/ERV1	1451	+	196	87043292	66942
chr2	152618045	152818045	harbor1	chr2	152701339	152701696	LTR/ERV1	1721	+	178	152701517	83472
chr2	152618045	152818045	harbor1	chr2	152701697	152702008	LTR/ERV1	1160	+	156	152701853	83808
chr2	152618045	152818045	harbor1	chr2	152702069	152702204	LTR/ERV1	483	+	68	152702137	84092
chr2	152618045	152818045	harbor1	chr2	152702248	152708261	LTR/ERV1	39267	+	3006	152705254	87209
chr2	152618045	152818045	harbor1	chr2	152708267	152708834	LTR/ERV1	2879	+	284	152708551	90506
chr2	152618045	152818045	harbor1	chr2	152708835	152709137	LTR/ERV1	1330	+	151	152708986	90941
chr2	63488511	63688511	harbor1	chr2	63513399	63514017	LTR/ERV1	3092	+	309	63513708	25197
chr2	63488511	63688511	harbor1	chr2	63566154	63566612	LTR/ERV1	3242	+	229	63566383	77872
chr2	37132026	37332026	harbor1	chr2	37130402	37132310	LTR/ERV1	46861	+	954	37131356	670
chr2	37132026	37332026	harbor1	chr2	37132610	37135454	LTR/ERV1	46861	+	1422	37134032	2006
chr2	37132026	37332026	harbor1	chr2	37191724	37192093	LTR/ERV1	539	+	184	37191908	59882
chr2	37132026	37332026	harbor1	chr2	37205224	37205635	LTR/ERV1	2664	+	206	37205430	73404
chr2	74413594	74613594	harbor1	chr2	74450757	74451063	LTR/ERV1	2754	+	153	74450910	37316
chr2	74413594	74613594	harbor1	chr2	74451364	74451659	LTR/ERV1	2754	+	148	74451512	37918
chr2	56085054	56285054	harbor1	chr2	56102218	56102763	LTR/ERV1	3653	+	272	56102490	17436
chr2	56085054	56285054	harbor1	chr2	56158620	56159831	LTR/ERV1	8792	+	606	56159226	74172
chr2	56085054	56285054	harbor1	chr2	56159834	56160407	LTR/ERV1	3471	+	286	56160120	75066
chr2	219343396	219543396	harbor1	chr2	219364312	219364483	LTR/ERV1	572	+	86	219364398	21002
chr2	219343396	219543396	harbor1	chr2	219365876	219366426	LTR/ERV1	2119	+	275	219366151	22755
chr2	219343396	219543396	harbor1	chr2	219365328	219365569	LTR/ERV1	2119	+	120	219365448	22052
chr2	40242754	40442754	harbor1	chr2	40341973	40342400	LTR/ERV1	1130	+	214	40342187	99433
chr2	74415971	74615971	harbor1	chr2	74450757	74451063	LTR/ERV1	2754	+	153	74450910	34939
chr2	74415971	74615971	harbor1	chr2	74451364	74451659	LTR/ERV1	2754	+	148	74451512	35541
chr2	232389018	232589018	harbor1	chr2	232389159	232389450	LTR/ERV1	1491	+	146	232389305	287
chr2	232389018	232589018	harbor1	chr2	232389472	232389716	LTR/ERV1	5428	+	122	232389594	576
chr2	232389018	232589018	harbor1	chr2	232389784	232390154	LTR/ERV1	5428	+	185	232389969	951
chr2	232389018	232589018	harbor1	chr2	232391715	232391775	LTR/ERV1	5428	+	30	232391745	2727
chr2	232389018	232589018	harbor1	chr2	232392075	232392329	LTR/ERV1	5428	+	127	232392202	3184
chr2	232389018	232589018	harbor1	chr2	232393250	232393373	LTR/ERV1	1956	+	62	232393312	4294
chr2	232389018	232589018	harbor1	chr2	232394393	232394403	LTR/ERV1	1956	+	5	232394398	5380
chr2	232389018	232589018	harbor1	chr2	232394698	232394940	LTR/ERV1	1956	+	121	232394819	5801
chr2	232389018	232589018	harbor1	chr2	232395334	232395374	LTR/ERV1	877	+	20	232395354	6336
chr2	232389018	232589018	harbor1	chr2	232395493	232395928	LTR/ERV1	1116	+	218	232395711	6693
chr2	232389018	232589018	harbor1	chr2	232396649	232396769	LTR/ERV1	460	+	60	232396709	7691
chr2	232389018	232589018	harbor1	chr2	232422442	232422858	LTR/ERV1	2070	+	208	232422650	33632
chr2	232389018	232589018	harbor1	chr2	232422875	232422992	LTR/ERV1	885	+	58	232422933	33915
chr2	232389018	232589018	harbor1	chr2	232423966	232424094	LTR/ERV1	885	+	64	232424030	35012
chr2	232389018	232589018	harbor1	chr2	232424462	232424800	LTR/ERV1	4340	+	169	232424631	35613
chr2	232389018	232589018	harbor1	chr2	232425148	232426432	LTR/ERV1	4340	+	642	232425790	36772
chr2	232389018	232589018	harbor1	chr2	232426922	232427095	LTR/ERV1	622	+	86	232427008	37990
chr2	232389018	232589018	harbor1	chr2	232427536	232427631	LTR/ERV1	1674	+	48	232427584	38566
chr2	232389018	232589018	harbor1	chr2	232427934	232428276	LTR/ERV1	1674	+	171	232428105	39087
chr2	232389018	232589018	harbor1	chr2	232428576	232428697	LTR/ERV1	1674	+	60	232428636	39618
chr2	232389018	232589018	harbor1	chr2	232428999	232429315	LTR/ERV1	790	+	158	232429157	40139
chr2	232389018	232589018	harbor1	chr2	232429335	232429345	LTR/ERV1	531	+	5	232429340	40322
chr2	232389018	232589018	harbor1	chr2	232429453	232429720	LTR/ERV1	710	+	134	232429587	40569
chr2	232389018	232589018	harbor1	chr2	232430765	232431076	LTR/ERV1	1738	+	156	232430921	41903
chr2	232389018	232589018	harbor1	chr2	232390432	232391412	LTR/ERV1	5428	+	490	232390922	1904
chr2	240592012	240792012	harbor1	chr2	240670154	240670797	LTR/ERV1	3723	+	322	240670476	78464
chr2	240592012	240792012	harbor1	chr2	240675220	240675538	LTR/ERV1	1191	+	159	240675379	83367
chr2	240592012	240792012	harbor1	chr2	240675579	240675754	LTR/ERV1	722	+	88	240675667	83655
chr2	240592012	240792012	harbor1	chr2	240688964	240689149	LTR/ERV1	879	+	92	240689056	97044
chr2	56085032	56285032	harbor1	chr2	56102218	56102763	LTR/ERV1	3653	+	272	56102490	17458
chr2	56085032	56285032	harbor1	chr2	56158620	56159831	LTR/ERV1	8792	+	606	56159226	74194
chr2	56085032	56285032	harbor1	chr2	56159834	56160407	LTR/ERV1	3471	+	286	56160120	75088
chr2	56085009	56285009	harbor1	chr2	56102218	56102763	LTR/ERV1	3653	+	272	56102490	17481
chr2	56085009	56285009	harbor1	chr2	56158620	56159831	LTR/ERV1	8792	+	606	56159226	74217
chr2	56085009	56285009	harbor1	chr2	56159834	56160407	LTR/ERV1	3471	+	286	56160120	75111
chr2	6765980	6965980	harbor1	chr2	6786925	6787685	LTR/ERV1	3987	+	380	6787305	21325
chr2	6765980	6965980	harbor1	chr2	6787741	6788324	LTR/ERV1	1132	+	292	6788033	22053
chr2	74270990	74470990	harbor1	chr2	74306089	74306553	LTR/ERV1	3185	+	232	74306321	35331
chr2	74270990	74470990	harbor1	chr2	74316353	74317269	LTR/ERV1	5882	+	458	74316811	45821
chr2	74270990	74470990	harbor1	chr2	74340703	74341022	LTR/ERV1	769	+	160	74340863	69873
chr2	74270990	74470990	harbor1	chr2	74341331	74341409	LTR/ERV1	769	+	39	74341370	70380
chr2	74415648	74615648	harbor1	chr2	74450757	74451063	LTR/ERV1	2754	+	153	74450910	35262
chr2	74415648	74615648	harbor1	chr2	74451364	74451659	LTR/ERV1	2754	+	148	74451512	35864
chr2	1483290	1683290	harbor1	chr2	1578165	1578871	LTR/ERV1	3749	+	353	1578518	95228
chr2	53760159	53960159	harbor1	chr2	53758875	53760194	LTR/ERV1	10542	+	660	53759535	624
chr2	53760159	53960159	harbor1	chr2	53760174	53760786	LTR/ERV1	4957	+	306	53760480	321
chr2	53760159	53960159	harbor1	chr2	53760808	53761100	LTR/ERV1	2367	+	146	53760954	795
chr2	53760159	53960159	harbor1	chr2	53761101	53761425	LTR/ERV1	2288	+	162	53761263	1104
chr2	53760159	53960159	harbor1	chr2	53778188	53778285	LTR/ERV1	523	+	48	53778236	18077
chr2	53760159	53960159	harbor1	chr2	53779341	53779441	LTR/ERV1	705	+	50	53779391	19232
chr2	53760159	53960159	harbor1	chr2	53779737	53779915	LTR/ERV1	705	+	89	53779826	19667
chr2	53760159	53960159	harbor1	chr2	53784235	53784406	LTR/ERV1	982	+	86	53784321	24162
chr2	72787395	72987395	harbor1	chr2	72829487	72830233	LTR/ERV1	4119	+	373	72829860	42465
chr2	72787395	72987395	harbor1	chr2	72833159	72833497	LTR/ERV1	2263	+	169	72833328	45933
chr2	72787395	72987395	harbor1	chr2	72847132	72847593	LTR/ERV1	1817	+	230	72847362	59967
chr2	72787395	72987395	harbor1	chr2	72870195	72870362	LTR/ERV1	1119	+	84	72870279	82884
chr2	240345243	240545243	harbor1	chr2	240387268	240387343	LTR/ERV1	554	+	38	240387306	42063
chr2	240345243	240545243	harbor1	chr2	240414262	240414743	LTR/ERV1	2199	+	240	240414502	69259
chr2	240345243	240545243	harbor1	chr2	240415051	240416238	LTR/ERV1	2199	+	594	240415645	70402
chr2	240345243	240545243	harbor1	chr2	240416224	240416299	LTR/ERV1	447	+	38	240416262	71019
chr2	240345243	240545243	harbor1	chr2	240416761	240417234	LTR/ERV1	849	+	236	240416997	71754
chr2	240345243	240545243	harbor1	chr2	240417982	240418404	LTR/ERV1	2308	+	211	240418193	72950
chr2	240345243	240545243	harbor1	chr2	240426341	240426727	LTR/ERV1	770	+	193	240426534	81291
chr2	240345243	240545243	harbor1	chr2	240427139	240427176	LTR/ERV1	770	+	18	240427157	81914
chr2	61788838	61988838	harbor1	chr2	61791007	61791183	LTR/ERV1	1109	+	88	61791095	2257
chr2	61788838	61988838	harbor1	chr2	61791761	61791827	LTR/ERV1	1371	+	33	61791794	2956
chr2	61788838	61988838	harbor1	chr2	61792129	61792313	LTR/ERV1	1371	+	92	61792221	3383
chr2	61788838	61988838	harbor1	chr2	61802803	61803030	LTR/ERV1	1478	+	114	61802917	14079
chr2	61788838	61988838	harbor1	chr2	61804873	61805278	LTR/ERV1	3408	+	202	61805075	16237
chr2	61788838	61988838	harbor1	chr2	61805538	61805707	LTR/ERV1	3408	+	84	61805622	16784
chr2	61788838	61988838	harbor1	chr2	61814716	61814880	LTR/ERV1	892	+	82	61814798	25960
chr2	61788838	61988838	harbor1	chr2	61875631	61875799	LTR/ERV1	533	+	84	61875715	86877
chr2	26834370	27034370	harbor1	chr2	26838155	26838586	LTR/ERV1	2413	+	216	26838371	4001
chr2	26834370	27034370	harbor1	chr2	26902621	26903062	LTR/ERV1	3964	+	220	26902841	68471
chr2	26834370	27034370	harbor1	chr2	26903333	26903455	LTR/ERV1	3964	+	61	26903394	69024
chr2	26834370	27034370	harbor1	chr2	26925909	26926049	LTR/ERV1	818	+	70	26925979	91609
chr2	26403814	26603814	harbor1	chr2	26407447	26408136	LTR/ERV1	879	+	344	26407791	3977
chr2	26403814	26603814	harbor1	chr2	26493549	26494007	LTR/ERV1	3470	+	229	26493778	89964
chr2	120665083	120865083	harbor1	chr2	120690958	120691377	LTR/ERV1	726	+	210	120691168	26085
chr2	120665083	120865083	harbor1	chr2	120699838	120700306	LTR/ERV1	2549	+	234	120700072	34989
chr2	152617607	152817607	harbor1	chr2	152701339	152701696	LTR/ERV1	1721	+	178	152701517	83910
chr2	152617607	152817607	harbor1	chr2	152701697	152702008	LTR/ERV1	1160	+	156	152701853	84246
chr2	152617607	152817607	harbor1	chr2	152702069	152702204	LTR/ERV1	483	+	68	152702137	84530
chr2	152617607	152817607	harbor1	chr2	152702248	152708261	LTR/ERV1	39267	+	3006	152705254	87647
chr2	152617607	152817607	harbor1	chr2	152708267	152708834	LTR/ERV1	2879	+	284	152708551	90944
chr2	152617607	152817607	harbor1	chr2	152708835	152709137	LTR/ERV1	1330	+	151	152708986	91379
chr2	70557451	70757451	harbor1	chr2	70619870	70620506	LTR/ERV1	4166	+	318	70620188	62737
chr2	70557451	70757451	harbor1	chr2	70620550	70620897	LTR/ERV1	2160	+	174	70620724	63273
chr2	70557451	70757451	harbor1	chr2	70620900	70624615	LTR/ERV1	17753	+	1858	70622758	65307
chr2	70557451	70757451	harbor1	chr2	70624611	70624754	LTR/ERV1	1130	+	72	70624683	67232
chr2	70557451	70757451	harbor1	chr2	70624757	70625417	LTR/ERV1	4401	+	330	70625087	67636
chr2	70557451	70757451	harbor1	chr2	70625419	70625634	LTR/ERV1	1438	+	108	70625527	68076
chr2	70557451	70757451	harbor1	chr2	70625633	70626008	LTR/ERV1	2350	+	188	70625821	68370
chr2	70557451	70757451	harbor1	chr2	70626009	70626409	LTR/ERV1	2770	+	200	70626209	68758
chr2	43987388	44187388	harbor1	chr2	44061737	44062091	LTR/ERV1	1230	+	177	44061914	74526
chr2	43987388	44187388	harbor1	chr2	44062109	44062317	LTR/ERV1	676	+	104	44062213	74825
chr2	43987388	44187388	harbor1	chr2	44084509	44084775	LTR/ERV1	1703	+	133	44084642	97254
chr2	43987388	44187388	harbor1	chr2	44085275	44085493	LTR/ERV1	1207	+	109	44085384	97996
chr2	127928563	128128563	harbor1	chr2	127981045	127981347	LTR/ERV1	1996	+	151	127981196	52633
chr2	127928563	128128563	harbor1	chr2	127981592	127981684	LTR/ERV1	1578	+	46	127981638	53075
chr2	127928563	128128563	harbor1	chr2	127981794	127982006	LTR/ERV1	1578	+	106	127981900	53337
chr2	127928563	128128563	harbor1	chr2	127985623	127986410	LTR/ERV1	5011	+	394	127986017	57454
chr2	111955758	112155758	harbor1	chr2	112040229	112040674	LTR/ERV1	3193	+	222	112040451	84693
chr2	32257033	32457033	harbor1	chr2	32260501	32260910	LTR/ERV1	3464	+	204	32260705	3672
chr2	32257033	32457033	harbor1	chr2	32261197	32261316	LTR/ERV1	3464	+	60	32261257	4224
chr2	32257033	32457033	harbor1	chr2	32261610	32261710	LTR/ERV1	3464	+	50	32261660	4627
chr2	32257033	32457033	harbor1	chr2	32353519	32353819	LTR/ERV1	2029	+	150	32353669	96636
chr2	32257033	32457033	harbor1	chr2	32354569	32354705	LTR/ERV1	529	+	68	32354637	97604
chr2	32257033	32457033	harbor1	chr2	32355092	32355330	LTR/ERV1	1541	+	119	32355211	98178
chr2	32257033	32457033	harbor1	chr2	32355653	32355800	LTR/ERV1	1541	+	74	32355727	98694
chr2	147920606	148120606	harbor1	chr2	147992702	147993306	LTR/ERV1	2958	+	302	147993004	72398
chr2	147920606	148120606	harbor1	chr2	147994920	147995890	LTR/ERV1	5336	+	485	147995405	74799
chr2	147920606	148120606	harbor1	chr2	148008440	148008942	LTR/ERV1	3226	+	251	148008691	88085
chr2	60966467	61166467	harbor1	chr2	60972924	60974211	LTR/ERV1	6018	+	644	60973568	7101
chr2	60966467	61166467	harbor1	chr2	60974377	60974988	LTR/ERV1	6018	+	306	60974683	8216
chr2	60966467	61166467	harbor1	chr2	61012332	61012544	LTR/ERV1	3022	+	106	61012438	45971
chr2	60966467	61166467	harbor1	chr2	61012865	61012961	LTR/ERV1	3022	+	48	61012913	46446
chr2	60966467	61166467	harbor1	chr2	61013282	61013639	LTR/ERV1	3022	+	178	61013460	46993
chr2	152618027	152818027	harbor1	chr2	152701339	152701696	LTR/ERV1	1721	+	178	152701517	83490
chr2	152618027	152818027	harbor1	chr2	152701697	152702008	LTR/ERV1	1160	+	156	152701853	83826
chr2	152618027	152818027	harbor1	chr2	152702069	152702204	LTR/ERV1	483	+	68	152702137	84110
chr2	152618027	152818027	harbor1	chr2	152702248	152708261	LTR/ERV1	39267	+	3006	152705254	87227
chr2	152618027	152818027	harbor1	chr2	152708267	152708834	LTR/ERV1	2879	+	284	152708551	90524
chr2	152618027	152818027	harbor1	chr2	152708835	152709137	LTR/ERV1	1330	+	151	152708986	90959
chr2	113484139	113684139	harbor1	chr2	113508186	113508307	LTR/ERV1	503	+	60	113508246	24107
chr2	113484139	113684139	harbor1	chr2	113523289	113523687	LTR/ERV1	2438	+	199	113523488	39349
chr2	113484029	113684029	harbor1	chr2	113508186	113508307	LTR/ERV1	503	+	60	113508246	24217
chr2	113484029	113684029	harbor1	chr2	113523289	113523687	LTR/ERV1	2438	+	199	113523488	39459
chr2	95817646	96017646	harbor1	chr2	95857529	95858276	LTR/ERV1	5553	+	374	95857903	40257
chr2	26246137	26446137	harbor1	chr2	26296969	26297465	LTR/ERV1	3923	+	248	26297217	51080
chr2	26246137	26446137	harbor1	chr2	26297755	26297858	LTR/ERV1	3923	+	52	26297807	51670
chr2	26246137	26446137	harbor1	chr2	26297921	26298397	LTR/ERV1	3205	+	238	26298159	52022
chr2	26246137	26446137	harbor1	chr2	26298404	26299683	LTR/ERV1	7990	+	640	26299044	52907
chr2	26246137	26446137	harbor1	chr2	26299721	26300034	LTR/ERV1	1243	+	156	26299877	53740
chr2	26246137	26446137	harbor1	chr2	26300024	26301463	LTR/ERV1	6388	+	720	26300744	54607
chr2	26246137	26446137	harbor1	chr2	26301464	26304444	LTR/ERV1	21452	+	1490	26302954	56817
chr2	26246137	26446137	harbor1	chr2	26304438	26305540	LTR/ERV1	8240	+	551	26304989	58852
chr2	26246137	26446137	harbor1	chr2	26305521	26305910	LTR/ERV1	2794	+	194	26305715	59578
chr2	26246137	26446137	harbor1	chr2	26305911	26306395	LTR/ERV1	3075	+	242	26306153	60016
chr2	26246137	26446137	harbor1	chr2	26339177	26339213	LTR/ERV1	3687	+	18	26339195	93058
chr2	26246137	26446137	harbor1	chr2	26339526	26340107	LTR/ERV1	3687	+	290	26339816	93679
chr2	134566253	134766253	harbor1	chr2	134589239	134589867	LTR/ERV1	4862	+	314	134589553	23300
chr2	134566253	134766253	harbor1	chr2	134590788	134591329	LTR/ERV1	4048	+	270	134591058	24805
chr2	134566253	134766253	harbor1	chr2	134636440	134637160	LTR/ERV1	4962	+	360	134636800	70547
chr2	158868018	159068018	harbor1	chr2	158866185	158870242	LTR/ERV1	29289	+	2028	158868213	195
chr2	158868018	159068018	harbor1	chr2	158881457	158881650	LTR/ERV1	1209	+	96	158881553	13535
chr2	158868018	159068018	harbor1	chr2	158881731	158882660	LTR/ERV1	32970	+	464	158882195	14177
chr2	158868018	159068018	harbor1	chr2	158882710	158886251	LTR/ERV1	32970	+	1770	158884480	16462
chr2	158868018	159068018	harbor1	chr2	158898573	158898805	LTR/ERV1	503	+	116	158898689	30671
chr2	158868018	159068018	harbor1	chr2	158918536	158919035	LTR/ERV1	2178	+	250	158918786	50768
chr2	158868018	159068018	harbor1	chr2	158919468	158919884	LTR/ERV1	1525	+	208	158919676	51658
chr2	96174902	96374902	harbor1	chr2	96209232	96209895	LTR/ERV1	4272	+	332	96209564	34662
chr2	96174902	96374902	harbor1	chr2	96209896	96210670	LTR/ERV1	4553	+	387	96210283	35381
chr2	96174902	96374902	harbor1	chr2	96211062	96211338	LTR/ERV1	5717	+	138	96211200	36298
chr2	96174902	96374902	harbor1	chr2	96211635	96212218	LTR/ERV1	5717	+	292	96211927	37025
chr2	96174902	96374902	harbor1	chr2	96212219	96212733	LTR/ERV1	4302	+	257	96212476	37574
chr2	96174902	96374902	harbor1	chr2	96213032	96213050	LTR/ERV1	4302	+	9	96213041	38139
chr2	96174902	96374902	harbor1	chr2	96213351	96213514	LTR/ERV1	4302	+	82	96213433	38531
chr2	113484027	113684027	harbor1	chr2	113508186	113508307	LTR/ERV1	503	+	60	113508246	24219
chr2	113484027	113684027	harbor1	chr2	113523289	113523687	LTR/ERV1	2438	+	199	113523488	39461
chr2	152618247	152818247	harbor1	chr2	152701339	152701696	LTR/ERV1	1721	+	178	152701517	83270
chr2	152618247	152818247	harbor1	chr2	152701697	152702008	LTR/ERV1	1160	+	156	152701853	83606
chr2	152618247	152818247	harbor1	chr2	152702069	152702204	LTR/ERV1	483	+	68	152702137	83890
chr2	152618247	152818247	harbor1	chr2	152702248	152708261	LTR/ERV1	39267	+	3006	152705254	87007
chr2	152618247	152818247	harbor1	chr2	152708267	152708834	LTR/ERV1	2879	+	284	152708551	90304
chr2	152618247	152818247	harbor1	chr2	152708835	152709137	LTR/ERV1	1330	+	151	152708986	90739
chr2	96108492	96308492	harbor1	chr2	96159588	96159719	LTR/ERV1	541	+	66	96159654	51162
chr2	96108492	96308492	harbor1	chr2	96167756	96168430	LTR/ERV1	3832	+	337	96168093	59601
chr2	111955737	112155737	harbor1	chr2	112040229	112040674	LTR/ERV1	3193	+	222	112040451	84714
chr2	72043426	72243426	harbor1	chr2	72051101	72051702	LTR/ERV1	2256	+	300	72051401	7975
chr2	72043426	72243426	harbor1	chr2	72062248	72062964	LTR/ERV1	4285	+	358	72062606	19180
chr2	72043426	72243426	harbor1	chr2	72080329	72081396	LTR/ERV1	2871	+	534	72080863	37437
chr2	72043426	72243426	harbor1	chr2	72086707	72088019	LTR/ERV1	7106	+	656	72087363	43937
chr2	72043426	72243426	harbor1	chr2	72088482	72089105	LTR/ERV1	4547	+	312	72088794	45368
chr2	72043426	72243426	harbor1	chr2	72089456	72090146	LTR/ERV1	4279	+	345	72089801	46375
chr3	107991301	108191301	harbor1	chr3	108004049	108004862	LTR/ERV1	4649	+	406	108004455	13154
chr3	107991301	108191301	harbor1	chr3	108015103	108015632	LTR/ERV1	886	+	264	108015367	24066
chr3	107991301	108191301	harbor1	chr3	108022756	108023270	LTR/ERV1	3041	+	257	108023013	31712
chr3	107991301	108191301	harbor1	chr3	108082189	108082611	LTR/ERV1	786	+	211	108082400	91099
chr3	107991372	108191372	harbor1	chr3	108004049	108004862	LTR/ERV1	4649	+	406	108004455	13083
chr3	107991372	108191372	harbor1	chr3	108015103	108015632	LTR/ERV1	886	+	264	108015367	23995
chr3	107991372	108191372	harbor1	chr3	108022756	108023270	LTR/ERV1	3041	+	257	108023013	31641
chr3	107991372	108191372	harbor1	chr3	108082189	108082611	LTR/ERV1	786	+	211	108082400	91028
chr3	107991276	108191276	harbor1	chr3	108004049	108004862	LTR/ERV1	4649	+	406	108004455	13179
chr3	107991276	108191276	harbor1	chr3	108015103	108015632	LTR/ERV1	886	+	264	108015367	24091
chr3	107991276	108191276	harbor1	chr3	108022756	108023270	LTR/ERV1	3041	+	257	108023013	31737
chr3	107991276	108191276	harbor1	chr3	108082189	108082611	LTR/ERV1	786	+	211	108082400	91124
chr3	46799606	46999606	harbor1	chr3	46826598	46826866	LTR/ERV1	3056	+	134	46826732	27126
chr3	46799606	46999606	harbor1	chr3	46827252	46827474	LTR/ERV1	3056	+	111	46827363	27757
chr3	53988061	54188061	harbor1	chr3	54070255	54070606	LTR/ERV1	1029	+	176	54070431	82370
chr3	53988061	54188061	harbor1	chr3	54070607	54070898	LTR/ERV1	1303	+	146	54070753	82692
chr3	53988061	54188061	harbor1	chr3	54070935	54071566	LTR/ERV1	2100	+	316	54071251	83190
chr3	53988061	54188061	harbor1	chr3	54071630	54071720	LTR/ERV1	384	+	45	54071675	83614
chr3	53988061	54188061	harbor1	chr3	54071721	54071898	LTR/ERV1	1035	+	88	54071809	83748
chr3	53988061	54188061	harbor1	chr3	54072315	54076089	LTR/ERV1	13387	+	1887	54074202	86141
chr3	53988061	54188061	harbor1	chr3	54076165	54076519	LTR/ERV1	1091	+	177	54076342	88281
chr3	178972064	179172064	harbor1	chr3	178986349	178986835	LTR/ERV1	1577	+	243	178986592	14528
chr3	178972064	179172064	harbor1	chr3	178987239	178987990	LTR/ERV1	3671	+	376	178987615	15551
chr3	178972064	179172064	harbor1	chr3	178997188	178997975	LTR/ERV1	5002	+	394	178997582	25518
chr3	178972064	179172064	harbor1	chr3	178998226	178998779	LTR/ERV1	2161	+	276	178998502	26438
chr3	178972064	179172064	harbor1	chr3	178998859	178999054	LTR/ERV1	567	+	98	178998957	26893
chr3	178972064	179172064	harbor1	chr3	178999085	178999296	LTR/ERV1	493	+	106	178999191	27127
chr3	178972064	179172064	harbor1	chr3	179000204	179000860	LTR/ERV1	7248	+	328	179000532	28468
chr3	178972064	179172064	harbor1	chr3	179001636	179002920	LTR/ERV1	7248	+	642	179002278	30214
chr3	178972064	179172064	harbor1	chr3	179003336	179003736	LTR/ERV1	928	+	200	179003536	31472
chr3	178972064	179172064	harbor1	chr3	179003759	179003922	LTR/ERV1	431	+	82	179003841	31777
chr3	178972064	179172064	harbor1	chr3	179012325	179012593	LTR/ERV1	1869	+	134	179012459	40395
chr3	178972064	179172064	harbor1	chr3	179012899	179013065	LTR/ERV1	1869	+	83	179012982	40918
chr3	178972064	179172064	harbor1	chr3	179013074	179013730	LTR/ERV1	2068	+	328	179013402	41338
chr3	178972064	179172064	harbor1	chr3	179013731	179013845	LTR/ERV1	476	+	57	179013788	41724
chr3	178972064	179172064	harbor1	chr3	179036743	179037622	LTR/ERV1	3649	+	440	179037183	65119
chr3	178972064	179172064	harbor1	chr3	179054591	179055103	LTR/ERV1	3671	+	256	179054847	82783
chr3	178972064	179172064	harbor1	chr3	179055134	179058474	LTR/ERV1	30917	+	1670	179056804	84740
chr3	178972064	179172064	harbor1	chr3	179058786	179059514	LTR/ERV1	30917	+	364	179059150	87086
chr3	178972064	179172064	harbor1	chr3	179059537	179059828	LTR/ERV1	2324	+	146	179059683	87619
chr3	178972064	179172064	harbor1	chr3	179059829	179060155	LTR/ERV1	2423	+	163	179059992	87928
chr3	178972064	179172064	harbor1	chr3	179011539	179011954	LTR/ERV1	1437	+	208	179011747	39683
chr3	51939471	52139471	harbor1	chr3	51990374	51991626	LTR/ERV1	8156	+	626	51991000	51529
chr3	51939531	52139531	harbor1	chr3	51990374	51991626	LTR/ERV1	8156	+	626	51991000	51469
chr3	11190614	11390614	harbor1	chr3	11241384	11241551	LTR/ERV1	3328	+	84	11241468	50854
chr3	11190614	11390614	harbor1	chr3	11241851	11242199	LTR/ERV1	3328	+	174	11242025	51411
chr3	11190614	11390614	harbor1	chr3	11242510	11242597	LTR/ERV1	3328	+	44	11242554	51940
chr3	11190614	11390614	harbor1	chr3	11265687	11265904	LTR/ERV1	3574	+	108	11265795	75181
chr3	11190614	11390614	harbor1	chr3	11266053	11266193	LTR/ERV1	3574	+	70	11266123	75509
chr3	11190614	11390614	harbor1	chr3	11266498	11266562	LTR/ERV1	3574	+	32	11266530	75916
chr3	11190614	11390614	harbor1	chr3	11266867	11266925	LTR/ERV1	3574	+	29	11266896	76282
chr3	11190614	11390614	harbor1	chr3	11267230	11267353	LTR/ERV1	3574	+	62	11267292	76678
chr3	11190614	11390614	harbor1	chr3	11270199	11270480	LTR/ERV1	2007	+	140	11270339	79725
chr3	11190614	11390614	harbor1	chr3	11270942	11271177	LTR/ERV1	2007	+	118	11271060	80446
chr3	107991344	108191344	harbor1	chr3	108004049	108004862	LTR/ERV1	4649	+	406	108004455	13111
chr3	107991344	108191344	harbor1	chr3	108015103	108015632	LTR/ERV1	886	+	264	108015367	24023
chr3	107991344	108191344	harbor1	chr3	108022756	108023270	LTR/ERV1	3041	+	257	108023013	31669
chr3	107991344	108191344	harbor1	chr3	108082189	108082611	LTR/ERV1	786	+	211	108082400	91056
chr3	50286308	50486308	harbor1	chr3	50304978	50305233	LTR/ERV1	2395	+	128	50305106	18798
chr3	50286308	50486308	harbor1	chr3	50305833	50306021	LTR/ERV1	2395	+	94	50305927	19619
chr3	50286308	50486308	harbor1	chr3	50306024	50306564	LTR/ERV1	2367	+	270	50306294	19986
chr3	50286308	50486308	harbor1	chr3	50309030	50309182	LTR/ERV1	2292	+	76	50309106	22798
chr3	50286308	50486308	harbor1	chr3	50309485	50309688	LTR/ERV1	2292	+	102	50309587	23279
chr3	50286308	50486308	harbor1	chr3	50309786	50310263	LTR/ERV1	2292	+	238	50310024	23716
chr3	50286308	50486308	harbor1	chr3	50313340	50313494	LTR/ERV1	1704	+	77	50313417	27109
chr3	50286308	50486308	harbor1	chr3	50313797	50314006	LTR/ERV1	1704	+	104	50313901	27593
chr3	50286308	50486308	harbor1	chr3	50314007	50314445	LTR/ERV1	2633	+	219	50314226	27918
chr3	107991369	108191369	harbor1	chr3	108004049	108004862	LTR/ERV1	4649	+	406	108004455	13086
chr3	107991369	108191369	harbor1	chr3	108015103	108015632	LTR/ERV1	886	+	264	108015367	23998
chr3	107991369	108191369	harbor1	chr3	108022756	108023270	LTR/ERV1	3041	+	257	108023013	31644
chr3	107991369	108191369	harbor1	chr3	108082189	108082611	LTR/ERV1	786	+	211	108082400	91031
chr3	127490205	127690205	harbor1	chr3	127496043	127497557	LTR/ERV1	7331	+	757	127496800	6595
chr3	127490205	127690205	harbor1	chr3	127512675	127513142	LTR/ERV1	2544	+	234	127512909	22704
chr3	127490205	127690205	harbor1	chr3	127543041	127543380	LTR/ERV1	1454	+	170	127543211	53006
chr3	51884539	52084539	harbor1	chr3	51895799	51896547	LTR/ERV1	5044	+	374	51896173	11634
chr3	51884539	52084539	harbor1	chr3	51896962	51897435	LTR/ERV1	3272	+	236	51897198	12659
chr3	51884539	52084539	harbor1	chr3	51897436	51897751	LTR/ERV1	2032	+	158	51897594	13055
chr3	51884539	52084539	harbor1	chr3	51897992	51902373	LTR/ERV1	32537	+	2190	51900182	15643
chr3	51884539	52084539	harbor1	chr3	51902374	51902910	LTR/ERV1	3686	+	268	51902642	18103
chr3	51884539	52084539	harbor1	chr3	51915783	51916377	LTR/ERV1	3569	+	297	51916080	31541
chr3	140272103	140472103	harbor1	chr3	140325501	140326017	LTR/ERV1	3928	+	258	140325759	53656
chr3	143020785	143220785	harbor1	chr3	143095161	143096764	LTR/ERV1	8646	+	802	143095963	75178
chr3	143020785	143220785	harbor1	chr3	143103534	143103960	LTR/ERV1	3039	+	213	143103747	82962
chr3	143020785	143220785	harbor1	chr3	143104239	143104431	LTR/ERV1	3039	+	96	143104335	83550
chr3	143020785	143220785	harbor1	chr3	143104432	143104669	LTR/ERV1	526	+	118	143104550	83765
chr3	143020785	143220785	harbor1	chr3	143104670	143105075	LTR/ERV1	2054	+	202	143104872	84087
chr3	143020785	143220785	harbor1	chr3	143105080	143105917	LTR/ERV1	4215	+	418	143105498	84713
chr3	143020785	143220785	harbor1	chr3	143105927	143106055	LTR/ERV1	680	+	64	143105991	85206
chr3	143020785	143220785	harbor1	chr3	143106056	143108916	LTR/ERV1	17026	+	1430	143107486	86701
chr3	143020785	143220785	harbor1	chr3	143109212	143109316	LTR/ERV1	17026	+	52	143109264	88479
chr3	143020785	143220785	harbor1	chr3	143109616	143109993	LTR/ERV1	17026	+	188	143109804	89019
chr3	143020785	143220785	harbor1	chr3	143109994	143110152	LTR/ERV1	524	+	79	143110073	89288
chr3	107991302	108191302	harbor1	chr3	108004049	108004862	LTR/ERV1	4649	+	406	108004455	13153
chr3	107991302	108191302	harbor1	chr3	108015103	108015632	LTR/ERV1	886	+	264	108015367	24065
chr3	107991302	108191302	harbor1	chr3	108022756	108023270	LTR/ERV1	3041	+	257	108023013	31711
chr3	107991302	108191302	harbor1	chr3	108082189	108082611	LTR/ERV1	786	+	211	108082400	91098
chr3	50288201	50488201	harbor1	chr3	50304978	50305233	LTR/ERV1	2395	+	128	50305106	16905
chr3	50288201	50488201	harbor1	chr3	50305833	50306021	LTR/ERV1	2395	+	94	50305927	17726
chr3	50288201	50488201	harbor1	chr3	50306024	50306564	LTR/ERV1	2367	+	270	50306294	18093
chr3	50288201	50488201	harbor1	chr3	50309030	50309182	LTR/ERV1	2292	+	76	50309106	20905
chr3	50288201	50488201	harbor1	chr3	50309485	50309688	LTR/ERV1	2292	+	102	50309587	21386
chr3	50288201	50488201	harbor1	chr3	50309786	50310263	LTR/ERV1	2292	+	238	50310024	21823
chr3	50288201	50488201	harbor1	chr3	50313340	50313494	LTR/ERV1	1704	+	77	50313417	25216
chr3	50288201	50488201	harbor1	chr3	50313797	50314006	LTR/ERV1	1704	+	104	50313901	25700
chr3	50288201	50488201	harbor1	chr3	50314007	50314445	LTR/ERV1	2633	+	219	50314226	26025
chr3	50275877	50475877	harbor1	chr3	50304978	50305233	LTR/ERV1	2395	+	128	50305106	29229
chr3	50275877	50475877	harbor1	chr3	50305833	50306021	LTR/ERV1	2395	+	94	50305927	30050
chr3	50275877	50475877	harbor1	chr3	50306024	50306564	LTR/ERV1	2367	+	270	50306294	30417
chr3	50275877	50475877	harbor1	chr3	50309030	50309182	LTR/ERV1	2292	+	76	50309106	33229
chr3	50275877	50475877	harbor1	chr3	50309485	50309688	LTR/ERV1	2292	+	102	50309587	33710
chr3	50275877	50475877	harbor1	chr3	50309786	50310263	LTR/ERV1	2292	+	238	50310024	34147
chr3	50275877	50475877	harbor1	chr3	50313340	50313494	LTR/ERV1	1704	+	77	50313417	37540
chr3	50275877	50475877	harbor1	chr3	50313797	50314006	LTR/ERV1	1704	+	104	50313901	38024
chr3	50275877	50475877	harbor1	chr3	50314007	50314445	LTR/ERV1	2633	+	219	50314226	38349
chr3	197859562	198059562	harbor1	chr3	197935463	197935501	LTR/ERV1	1174	+	19	197935482	75920
chr3	197859562	198059562	harbor1	chr3	197935775	197935962	LTR/ERV1	1174	+	94	197935869	76307
chr3	197859562	198059562	harbor1	chr3	197935092	197935158	LTR/ERV1	1174	+	33	197935125	75563
chr3	107991335	108191335	harbor1	chr3	108004049	108004862	LTR/ERV1	4649	+	406	108004455	13120
chr3	107991335	108191335	harbor1	chr3	108015103	108015632	LTR/ERV1	886	+	264	108015367	24032
chr3	107991335	108191335	harbor1	chr3	108022756	108023270	LTR/ERV1	3041	+	257	108023013	31678
chr3	107991335	108191335	harbor1	chr3	108082189	108082611	LTR/ERV1	786	+	211	108082400	91065
chr3	7485739	7685739	harbor1	chr3	7574694	7574835	LTR/ERV1	400	+	70	7574764	89025
chr3	7485739	7685739	harbor1	chr3	7568424	7569972	LTR/ERV1	11155	+	774	7569198	83459
chr3	50284721	50484721	harbor1	chr3	50304978	50305233	LTR/ERV1	2395	+	128	50305106	20385
chr3	50284721	50484721	harbor1	chr3	50305833	50306021	LTR/ERV1	2395	+	94	50305927	21206
chr3	50284721	50484721	harbor1	chr3	50306024	50306564	LTR/ERV1	2367	+	270	50306294	21573
chr3	50284721	50484721	harbor1	chr3	50309030	50309182	LTR/ERV1	2292	+	76	50309106	24385
chr3	50284721	50484721	harbor1	chr3	50309485	50309688	LTR/ERV1	2292	+	102	50309587	24866
chr3	50284721	50484721	harbor1	chr3	50309786	50310263	LTR/ERV1	2292	+	238	50310024	25303
chr3	50284721	50484721	harbor1	chr3	50313340	50313494	LTR/ERV1	1704	+	77	50313417	28696
chr3	50284721	50484721	harbor1	chr3	50313797	50314006	LTR/ERV1	1704	+	104	50313901	29180
chr3	50284721	50484721	harbor1	chr3	50314007	50314445	LTR/ERV1	2633	+	219	50314226	29505
chr3	126256980	126456980	harbor1	chr3	126265326	126265752	LTR/ERV1	3520	+	213	126265539	8559
chr3	126256980	126456980	harbor1	chr3	126266051	126266102	LTR/ERV1	3520	+	26	126266077	9097
chr3	126256980	126456980	harbor1	chr3	126295650	126296123	LTR/ERV1	2497	+	236	126295886	38906
chr3	126256980	126456980	harbor1	chr3	126317250	126317972	LTR/ERV1	4299	+	361	126317611	60631
chr3	184086431	184286431	harbor1	chr3	184110171	184110701	LTR/ERV1	3953	+	265	184110436	24005
chr3	51939509	52139509	harbor1	chr3	51990374	51991626	LTR/ERV1	8156	+	626	51991000	51491
chr3	107991385	108191385	harbor1	chr3	108004049	108004862	LTR/ERV1	4649	+	406	108004455	13070
chr3	107991385	108191385	harbor1	chr3	108015103	108015632	LTR/ERV1	886	+	264	108015367	23982
chr3	107991385	108191385	harbor1	chr3	108022756	108023270	LTR/ERV1	3041	+	257	108023013	31628
chr3	107991385	108191385	harbor1	chr3	108082189	108082611	LTR/ERV1	786	+	211	108082400	91015
chr3	184086603	184286603	harbor1	chr3	184110171	184110701	LTR/ERV1	3953	+	265	184110436	23833
chr3	51939455	52139455	harbor1	chr3	51990374	51991626	LTR/ERV1	8156	+	626	51991000	51545
chr3	107991358	108191358	harbor1	chr3	108004049	108004862	LTR/ERV1	4649	+	406	108004455	13097
chr3	107991358	108191358	harbor1	chr3	108015103	108015632	LTR/ERV1	886	+	264	108015367	24009
chr3	107991358	108191358	harbor1	chr3	108022756	108023270	LTR/ERV1	3041	+	257	108023013	31655
chr3	107991358	108191358	harbor1	chr3	108082189	108082611	LTR/ERV1	786	+	211	108082400	91042
chr3	107991326	108191326	harbor1	chr3	108004049	108004862	LTR/ERV1	4649	+	406	108004455	13129
chr3	107991326	108191326	harbor1	chr3	108015103	108015632	LTR/ERV1	886	+	264	108015367	24041
chr3	107991326	108191326	harbor1	chr3	108022756	108023270	LTR/ERV1	3041	+	257	108023013	31687
chr3	107991326	108191326	harbor1	chr3	108082189	108082611	LTR/ERV1	786	+	211	108082400	91074
chr3	126257099	126457099	harbor1	chr3	126265326	126265752	LTR/ERV1	3520	+	213	126265539	8440
chr3	126257099	126457099	harbor1	chr3	126266051	126266102	LTR/ERV1	3520	+	26	126266077	8978
chr3	126257099	126457099	harbor1	chr3	126295650	126296123	LTR/ERV1	2497	+	236	126295886	38787
chr3	126257099	126457099	harbor1	chr3	126317250	126317972	LTR/ERV1	4299	+	361	126317611	60512
chr3	107991288	108191288	harbor1	chr3	108004049	108004862	LTR/ERV1	4649	+	406	108004455	13167
chr3	107991288	108191288	harbor1	chr3	108015103	108015632	LTR/ERV1	886	+	264	108015367	24079
chr3	107991288	108191288	harbor1	chr3	108022756	108023270	LTR/ERV1	3041	+	257	108023013	31725
chr3	107991288	108191288	harbor1	chr3	108082189	108082611	LTR/ERV1	786	+	211	108082400	91112
chr3	107991382	108191382	harbor1	chr3	108004049	108004862	LTR/ERV1	4649	+	406	108004455	13073
chr3	107991382	108191382	harbor1	chr3	108015103	108015632	LTR/ERV1	886	+	264	108015367	23985
chr3	107991382	108191382	harbor1	chr3	108022756	108023270	LTR/ERV1	3041	+	257	108023013	31631
chr3	107991382	108191382	harbor1	chr3	108082189	108082611	LTR/ERV1	786	+	211	108082400	91018
chr3	107991314	108191314	harbor1	chr3	108004049	108004862	LTR/ERV1	4649	+	406	108004455	13141
chr3	107991314	108191314	harbor1	chr3	108015103	108015632	LTR/ERV1	886	+	264	108015367	24053
chr3	107991314	108191314	harbor1	chr3	108022756	108023270	LTR/ERV1	3041	+	257	108023013	31699
chr3	107991314	108191314	harbor1	chr3	108082189	108082611	LTR/ERV1	786	+	211	108082400	91086
chr3	107991379	108191379	harbor1	chr3	108004049	108004862	LTR/ERV1	4649	+	406	108004455	13076
chr3	107991379	108191379	harbor1	chr3	108015103	108015632	LTR/ERV1	886	+	264	108015367	23988
chr3	107991379	108191379	harbor1	chr3	108022756	108023270	LTR/ERV1	3041	+	257	108023013	31634
chr3	107991379	108191379	harbor1	chr3	108082189	108082611	LTR/ERV1	786	+	211	108082400	91021
chr3	50288197	50488197	harbor1	chr3	50304978	50305233	LTR/ERV1	2395	+	128	50305106	16909
chr3	50288197	50488197	harbor1	chr3	50305833	50306021	LTR/ERV1	2395	+	94	50305927	17730
chr3	50288197	50488197	harbor1	chr3	50306024	50306564	LTR/ERV1	2367	+	270	50306294	18097
chr3	50288197	50488197	harbor1	chr3	50309030	50309182	LTR/ERV1	2292	+	76	50309106	20909
chr3	50288197	50488197	harbor1	chr3	50309485	50309688	LTR/ERV1	2292	+	102	50309587	21390
chr3	50288197	50488197	harbor1	chr3	50309786	50310263	LTR/ERV1	2292	+	238	50310024	21827
chr3	50288197	50488197	harbor1	chr3	50313340	50313494	LTR/ERV1	1704	+	77	50313417	25220
chr3	50288197	50488197	harbor1	chr3	50313797	50314006	LTR/ERV1	1704	+	104	50313901	25704
chr3	50288197	50488197	harbor1	chr3	50314007	50314445	LTR/ERV1	2633	+	219	50314226	26029
chr3	107991341	108191341	harbor1	chr3	108004049	108004862	LTR/ERV1	4649	+	406	108004455	13114
chr3	107991341	108191341	harbor1	chr3	108015103	108015632	LTR/ERV1	886	+	264	108015367	24026
chr3	107991341	108191341	harbor1	chr3	108022756	108023270	LTR/ERV1	3041	+	257	108023013	31672
chr3	107991341	108191341	harbor1	chr3	108082189	108082611	LTR/ERV1	786	+	211	108082400	91059
chr3	107991400	108191400	harbor1	chr3	108004049	108004862	LTR/ERV1	4649	+	406	108004455	13055
chr3	107991400	108191400	harbor1	chr3	108015103	108015632	LTR/ERV1	886	+	264	108015367	23967
chr3	107991400	108191400	harbor1	chr3	108022756	108023270	LTR/ERV1	3041	+	257	108023013	31613
chr3	107991400	108191400	harbor1	chr3	108082189	108082611	LTR/ERV1	786	+	211	108082400	91000
chr3	129021178	129221178	harbor1	chr3	129058382	129058924	LTR/ERV1	1794	+	271	129058653	37475
chr3	129021178	129221178	harbor1	chr3	129069292	129069886	LTR/ERV1	3375	+	297	129069589	48411
chr3	107991325	108191325	harbor1	chr3	108004049	108004862	LTR/ERV1	4649	+	406	108004455	13130
chr3	107991325	108191325	harbor1	chr3	108015103	108015632	LTR/ERV1	886	+	264	108015367	24042
chr3	107991325	108191325	harbor1	chr3	108022756	108023270	LTR/ERV1	3041	+	257	108023013	31688
chr3	107991325	108191325	harbor1	chr3	108082189	108082611	LTR/ERV1	786	+	211	108082400	91075
chr3	47534446	47734446	harbor1	chr3	47534078	47534522	LTR/ERV1	3233	+	222	47534300	146
chr3	47534446	47734446	harbor1	chr3	47534524	47534706	LTR/ERV1	1282	+	91	47534615	169
chr3	123544722	123744722	harbor1	chr3	123587994	123588459	LTR/ERV1	2238	+	232	123588226	43504
chr3	123544722	123744722	harbor1	chr3	123588746	123588910	LTR/ERV1	1952	+	82	123588828	44106
chr3	50488218	50688218	harbor1	chr3	50538693	50539032	LTR/ERV1	1048	+	170	50538863	50645
chr3	51939482	52139482	harbor1	chr3	51990374	51991626	LTR/ERV1	8156	+	626	51991000	51518
chr3	107991338	108191338	harbor1	chr3	108004049	108004862	LTR/ERV1	4649	+	406	108004455	13117
chr3	107991338	108191338	harbor1	chr3	108015103	108015632	LTR/ERV1	886	+	264	108015367	24029
chr3	107991338	108191338	harbor1	chr3	108022756	108023270	LTR/ERV1	3041	+	257	108023013	31675
chr3	107991338	108191338	harbor1	chr3	108082189	108082611	LTR/ERV1	786	+	211	108082400	91062
chr3	107990780	108190780	harbor1	chr3	108004049	108004862	LTR/ERV1	4649	+	406	108004455	13675
chr3	107990780	108190780	harbor1	chr3	108015103	108015632	LTR/ERV1	886	+	264	108015367	24587
chr3	107990780	108190780	harbor1	chr3	108022756	108023270	LTR/ERV1	3041	+	257	108023013	32233
chr3	107990780	108190780	harbor1	chr3	108082189	108082611	LTR/ERV1	786	+	211	108082400	91620
chr3	107991316	108191316	harbor1	chr3	108004049	108004862	LTR/ERV1	4649	+	406	108004455	13139
chr3	107991316	108191316	harbor1	chr3	108015103	108015632	LTR/ERV1	886	+	264	108015367	24051
chr3	107991316	108191316	harbor1	chr3	108022756	108023270	LTR/ERV1	3041	+	257	108023013	31697
chr3	107991316	108191316	harbor1	chr3	108082189	108082611	LTR/ERV1	786	+	211	108082400	91084
chr3	123544636	123744636	harbor1	chr3	123587994	123588459	LTR/ERV1	2238	+	232	123588226	43590
chr3	123544636	123744636	harbor1	chr3	123588746	123588910	LTR/ERV1	1952	+	82	123588828	44192
chr3	107991343	108191343	harbor1	chr3	108004049	108004862	LTR/ERV1	4649	+	406	108004455	13112
chr3	107991343	108191343	harbor1	chr3	108015103	108015632	LTR/ERV1	886	+	264	108015367	24024
chr3	107991343	108191343	harbor1	chr3	108022756	108023270	LTR/ERV1	3041	+	257	108023013	31670
chr3	107991343	108191343	harbor1	chr3	108082189	108082611	LTR/ERV1	786	+	211	108082400	91057
chr3	107991392	108191392	harbor1	chr3	108004049	108004862	LTR/ERV1	4649	+	406	108004455	13063
chr3	107991392	108191392	harbor1	chr3	108015103	108015632	LTR/ERV1	886	+	264	108015367	23975
chr3	107991392	108191392	harbor1	chr3	108022756	108023270	LTR/ERV1	3041	+	257	108023013	31621
chr3	107991392	108191392	harbor1	chr3	108082189	108082611	LTR/ERV1	786	+	211	108082400	91008
chr3	107991320	108191320	harbor1	chr3	108004049	108004862	LTR/ERV1	4649	+	406	108004455	13135
chr3	107991320	108191320	harbor1	chr3	108015103	108015632	LTR/ERV1	886	+	264	108015367	24047
chr3	107991320	108191320	harbor1	chr3	108022756	108023270	LTR/ERV1	3041	+	257	108023013	31693
chr3	107991320	108191320	harbor1	chr3	108082189	108082611	LTR/ERV1	786	+	211	108082400	91080
chr3	107991374	108191374	harbor1	chr3	108004049	108004862	LTR/ERV1	4649	+	406	108004455	13081
chr3	107991374	108191374	harbor1	chr3	108015103	108015632	LTR/ERV1	886	+	264	108015367	23993
chr3	107991374	108191374	harbor1	chr3	108022756	108023270	LTR/ERV1	3041	+	257	108023013	31639
chr3	107991374	108191374	harbor1	chr3	108082189	108082611	LTR/ERV1	786	+	211	108082400	91026
chr3	51938202	52138202	harbor1	chr3	51990374	51991626	LTR/ERV1	8156	+	626	51991000	52798
chr3	127490203	127690203	harbor1	chr3	127496043	127497557	LTR/ERV1	7331	+	757	127496800	6597
chr3	127490203	127690203	harbor1	chr3	127512675	127513142	LTR/ERV1	2544	+	234	127512909	22706
chr3	127490203	127690203	harbor1	chr3	127543041	127543380	LTR/ERV1	1454	+	170	127543211	53008
chr3	196083882	196283882	harbor1	chr3	196123273	196123638	LTR/ERV1	1722	+	182	196123455	39573
chr3	196083882	196283882	harbor1	chr3	196123940	196124191	LTR/ERV1	1722	+	126	196124066	40184
chr3	161005344	161205344	harbor1	chr3	161007941	161008587	LTR/ERV1	3563	+	323	161008264	2920
chr3	161005344	161205344	harbor1	chr3	161038753	161039299	LTR/ERV1	4103	+	273	161039026	33682
chr3	161005344	161205344	harbor1	chr3	161040678	161041467	LTR/ERV1	5420	+	394	161041072	35728
chr3	197859739	198059739	harbor1	chr3	197935463	197935501	LTR/ERV1	1174	+	19	197935482	75743
chr3	197859739	198059739	harbor1	chr3	197935775	197935962	LTR/ERV1	1174	+	94	197935869	76130
chr3	197859739	198059739	harbor1	chr3	197935092	197935158	LTR/ERV1	1174	+	33	197935125	75386
chr3	107991401	108191401	harbor1	chr3	108004049	108004862	LTR/ERV1	4649	+	406	108004455	13054
chr3	107991401	108191401	harbor1	chr3	108015103	108015632	LTR/ERV1	886	+	264	108015367	23966
chr3	107991401	108191401	harbor1	chr3	108022756	108023270	LTR/ERV1	3041	+	257	108023013	31612
chr3	107991401	108191401	harbor1	chr3	108082189	108082611	LTR/ERV1	786	+	211	108082400	90999
chr3	107991291	108191291	harbor1	chr3	108004049	108004862	LTR/ERV1	4649	+	406	108004455	13164
chr3	107991291	108191291	harbor1	chr3	108015103	108015632	LTR/ERV1	886	+	264	108015367	24076
chr3	107991291	108191291	harbor1	chr3	108022756	108023270	LTR/ERV1	3041	+	257	108023013	31722
chr3	107991291	108191291	harbor1	chr3	108082189	108082611	LTR/ERV1	786	+	211	108082400	91109
chr3	12867501	13067501	harbor1	chr3	12882708	12883979	LTR/ERV1	8097	+	636	12883344	15843
chr3	51859972	52059972	harbor1	chr3	51861263	51861329	LTR/ERV1	472	+	33	51861296	1324
chr3	51859972	52059972	harbor1	chr3	51861326	51861493	LTR/ERV1	1134	+	84	51861410	1438
chr3	51859972	52059972	harbor1	chr3	51864904	51865584	LTR/ERV1	7859	+	340	51865244	5272
chr3	51859972	52059972	harbor1	chr3	51865891	51866180	LTR/ERV1	7859	+	144	51866035	6063
chr3	51859972	52059972	harbor1	chr3	51866487	51867174	LTR/ERV1	7859	+	344	51866831	6859
chr3	51859972	52059972	harbor1	chr3	51867218	51868205	LTR/ERV1	7859	+	494	51867712	7740
chr3	51859972	52059972	harbor1	chr3	51895799	51896547	LTR/ERV1	5044	+	374	51896173	36201
chr3	51859972	52059972	harbor1	chr3	51896962	51897435	LTR/ERV1	3272	+	236	51897198	37226
chr3	51859972	52059972	harbor1	chr3	51897436	51897751	LTR/ERV1	2032	+	158	51897594	37622
chr3	51859972	52059972	harbor1	chr3	51897992	51902373	LTR/ERV1	32537	+	2190	51900182	40210
chr3	51859972	52059972	harbor1	chr3	51902374	51902910	LTR/ERV1	3686	+	268	51902642	42670
chr3	51859972	52059972	harbor1	chr3	51915783	51916377	LTR/ERV1	3569	+	297	51916080	56108
chr3	107991415	108191415	harbor1	chr3	108004049	108004862	LTR/ERV1	4649	+	406	108004455	13040
chr3	107991415	108191415	harbor1	chr3	108015103	108015632	LTR/ERV1	886	+	264	108015367	23952
chr3	107991415	108191415	harbor1	chr3	108022756	108023270	LTR/ERV1	3041	+	257	108023013	31598
chr3	107991415	108191415	harbor1	chr3	108082189	108082611	LTR/ERV1	786	+	211	108082400	90985
chr3	107991331	108191331	harbor1	chr3	108004049	108004862	LTR/ERV1	4649	+	406	108004455	13124
chr3	107991331	108191331	harbor1	chr3	108015103	108015632	LTR/ERV1	886	+	264	108015367	24036
chr3	107991331	108191331	harbor1	chr3	108022756	108023270	LTR/ERV1	3041	+	257	108023013	31682
chr3	107991331	108191331	harbor1	chr3	108082189	108082611	LTR/ERV1	786	+	211	108082400	91069
chr3	123544621	123744621	harbor1	chr3	123587994	123588459	LTR/ERV1	2238	+	232	123588226	43605
chr3	123544621	123744621	harbor1	chr3	123588746	123588910	LTR/ERV1	1952	+	82	123588828	44207
chr3	107991277	108191277	harbor1	chr3	108004049	108004862	LTR/ERV1	4649	+	406	108004455	13178
chr3	107991277	108191277	harbor1	chr3	108015103	108015632	LTR/ERV1	886	+	264	108015367	24090
chr3	107991277	108191277	harbor1	chr3	108022756	108023270	LTR/ERV1	3041	+	257	108023013	31736
chr3	107991277	108191277	harbor1	chr3	108082189	108082611	LTR/ERV1	786	+	211	108082400	91123
chr3	107991456	108191456	harbor1	chr3	108004049	108004862	LTR/ERV1	4649	+	406	108004455	12999
chr3	107991456	108191456	harbor1	chr3	108015103	108015632	LTR/ERV1	886	+	264	108015367	23911
chr3	107991456	108191456	harbor1	chr3	108022756	108023270	LTR/ERV1	3041	+	257	108023013	31557
chr3	107991456	108191456	harbor1	chr3	108082189	108082611	LTR/ERV1	786	+	211	108082400	90944
chr3	138334644	138534644	harbor1	chr3	138419680	138420399	LTR/ERV1	4621	+	360	138420040	85396
chr3	138334644	138534644	harbor1	chr3	138423381	138423696	LTR/ERV1	2512	+	158	138423539	88895
chr3	138334644	138534644	harbor1	chr3	138424025	138424169	LTR/ERV1	2512	+	72	138424097	89453
chr3	51939510	52139510	harbor1	chr3	51990374	51991626	LTR/ERV1	8156	+	626	51991000	51490
chr3	129021082	129221082	harbor1	chr3	129058382	129058924	LTR/ERV1	1794	+	271	129058653	37571
chr3	129021082	129221082	harbor1	chr3	129069292	129069886	LTR/ERV1	3375	+	297	129069589	48507
chr3	107991375	108191375	harbor1	chr3	108004049	108004862	LTR/ERV1	4649	+	406	108004455	13080
chr3	107991375	108191375	harbor1	chr3	108015103	108015632	LTR/ERV1	886	+	264	108015367	23992
chr3	107991375	108191375	harbor1	chr3	108022756	108023270	LTR/ERV1	3041	+	257	108023013	31638
chr3	107991375	108191375	harbor1	chr3	108082189	108082611	LTR/ERV1	786	+	211	108082400	91025
chr3	107991447	108191447	harbor1	chr3	108004049	108004862	LTR/ERV1	4649	+	406	108004455	13008
chr3	107991447	108191447	harbor1	chr3	108015103	108015632	LTR/ERV1	886	+	264	108015367	23920
chr3	107991447	108191447	harbor1	chr3	108022756	108023270	LTR/ERV1	3041	+	257	108023013	31566
chr3	107991447	108191447	harbor1	chr3	108082189	108082611	LTR/ERV1	786	+	211	108082400	90953
chr3	52123183	52323183	harbor1	chr3	52155574	52156144	LTR/ERV1	3629	+	285	52155859	32676
chr3	52123183	52323183	harbor1	chr3	52156148	52156636	LTR/ERV1	7193	+	244	52156392	33209
chr3	52123183	52323183	harbor1	chr3	52156947	52157145	LTR/ERV1	7193	+	99	52157046	33863
chr3	52123183	52323183	harbor1	chr3	52157442	52157893	LTR/ERV1	7193	+	226	52157668	34485
chr3	52123183	52323183	harbor1	chr3	52158207	52158226	LTR/ERV1	7193	+	10	52158217	35034
chr3	52123183	52323183	harbor1	chr3	52159468	52160111	LTR/ERV1	7193	+	322	52159790	36607
chr3	52123183	52323183	harbor1	chr3	52160393	52160484	LTR/ERV1	7193	+	46	52160439	37256
chr3	52123183	52323183	harbor1	chr3	52160792	52161075	LTR/ERV1	7193	+	142	52160934	37751
chr3	52123183	52323183	harbor1	chr3	52161378	52161423	LTR/ERV1	10035	+	22	52161400	38217
chr3	52123183	52323183	harbor1	chr3	52162862	52163142	LTR/ERV1	10035	+	140	52163002	39819
chr3	52123183	52323183	harbor1	chr3	52163446	52163803	LTR/ERV1	10035	+	178	52163624	40441
chr3	52123183	52323183	harbor1	chr3	52164397	52164430	LTR/ERV1	10035	+	16	52164413	41230
chr3	52123183	52323183	harbor1	chr3	52165067	52166322	LTR/ERV1	10035	+	628	52165695	42512
chr3	52123183	52323183	harbor1	chr3	52166714	52167033	LTR/ERV1	1831	+	160	52166874	43691
chr3	52123183	52323183	harbor1	chr3	52167289	52167645	LTR/ERV1	1622	+	178	52167467	44284
chr3	52123183	52323183	harbor1	chr3	52167646	52167966	LTR/ERV1	4666	+	160	52167806	44623
chr3	52123183	52323183	harbor1	chr3	52168268	52168370	LTR/ERV1	4666	+	51	52168319	45136
chr3	52123183	52323183	harbor1	chr3	52168668	52169005	LTR/ERV1	4666	+	168	52168836	45653
chr3	52123183	52323183	harbor1	chr3	52169356	52169660	LTR/ERV1	1836	+	152	52169508	46325
chr3	52123183	52323183	harbor1	chr3	52166635	52166690	LTR/ERV1	10035	+	28	52166663	43480
chr3	130904200	131104200	harbor1	chr3	130988568	130988683	LTR/ERV1	669	+	58	130988626	84426
chr3	130904200	131104200	harbor1	chr3	130988687	130988970	LTR/ERV1	2869	+	142	130988829	84629
chr3	130904200	131104200	harbor1	chr3	130989274	130989286	LTR/ERV1	2869	+	6	130989280	85080
chr3	130904200	131104200	harbor1	chr3	130989584	130989754	LTR/ERV1	2869	+	85	130989669	85469
chr3	184085733	184285733	harbor1	chr3	184085291	184085823	LTR/ERV1	3443	+	266	184085557	176
chr3	184085733	184285733	harbor1	chr3	184110171	184110701	LTR/ERV1	3953	+	265	184110436	24703
chr3	51939481	52139481	harbor1	chr3	51990374	51991626	LTR/ERV1	8156	+	626	51991000	51519
chr3	50288182	50488182	harbor1	chr3	50304978	50305233	LTR/ERV1	2395	+	128	50305106	16924
chr3	50288182	50488182	harbor1	chr3	50305833	50306021	LTR/ERV1	2395	+	94	50305927	17745
chr3	50288182	50488182	harbor1	chr3	50306024	50306564	LTR/ERV1	2367	+	270	50306294	18112
chr3	50288182	50488182	harbor1	chr3	50309030	50309182	LTR/ERV1	2292	+	76	50309106	20924
chr3	50288182	50488182	harbor1	chr3	50309485	50309688	LTR/ERV1	2292	+	102	50309587	21405
chr3	50288182	50488182	harbor1	chr3	50309786	50310263	LTR/ERV1	2292	+	238	50310024	21842
chr3	50288182	50488182	harbor1	chr3	50313340	50313494	LTR/ERV1	1704	+	77	50313417	25235
chr3	50288182	50488182	harbor1	chr3	50313797	50314006	LTR/ERV1	1704	+	104	50313901	25719
chr3	50288182	50488182	harbor1	chr3	50314007	50314445	LTR/ERV1	2633	+	219	50314226	26044
chr3	107991309	108191309	harbor1	chr3	108004049	108004862	LTR/ERV1	4649	+	406	108004455	13146
chr3	107991309	108191309	harbor1	chr3	108015103	108015632	LTR/ERV1	886	+	264	108015367	24058
chr3	107991309	108191309	harbor1	chr3	108022756	108023270	LTR/ERV1	3041	+	257	108023013	31704
chr3	107991309	108191309	harbor1	chr3	108082189	108082611	LTR/ERV1	786	+	211	108082400	91091
chr3	51939504	52139504	harbor1	chr3	51990374	51991626	LTR/ERV1	8156	+	626	51991000	51496
chr3	51939448	52139448	harbor1	chr3	51990374	51991626	LTR/ERV1	8156	+	626	51991000	51552
chr3	50288188	50488188	harbor1	chr3	50304978	50305233	LTR/ERV1	2395	+	128	50305106	16918
chr3	50288188	50488188	harbor1	chr3	50305833	50306021	LTR/ERV1	2395	+	94	50305927	17739
chr3	50288188	50488188	harbor1	chr3	50306024	50306564	LTR/ERV1	2367	+	270	50306294	18106
chr3	50288188	50488188	harbor1	chr3	50309030	50309182	LTR/ERV1	2292	+	76	50309106	20918
chr3	50288188	50488188	harbor1	chr3	50309485	50309688	LTR/ERV1	2292	+	102	50309587	21399
chr3	50288188	50488188	harbor1	chr3	50309786	50310263	LTR/ERV1	2292	+	238	50310024	21836
chr3	50288188	50488188	harbor1	chr3	50313340	50313494	LTR/ERV1	1704	+	77	50313417	25229
chr3	50288188	50488188	harbor1	chr3	50313797	50314006	LTR/ERV1	1704	+	104	50313901	25713
chr3	50288188	50488188	harbor1	chr3	50314007	50314445	LTR/ERV1	2633	+	219	50314226	26038
chr3	129875059	130075059	harbor1	chr3	129917227	129917682	LTR/ERV1	2117	+	228	129917455	42396
chr3	129875059	130075059	harbor1	chr3	129940158	129940685	LTR/ERV1	2831	+	264	129940422	65363
chr3	129021083	129221083	harbor1	chr3	129058382	129058924	LTR/ERV1	1794	+	271	129058653	37570
chr3	129021083	129221083	harbor1	chr3	129069292	129069886	LTR/ERV1	3375	+	297	129069589	48506
chr3	50288360	50488360	harbor1	chr3	50304978	50305233	LTR/ERV1	2395	+	128	50305106	16746
chr3	50288360	50488360	harbor1	chr3	50305833	50306021	LTR/ERV1	2395	+	94	50305927	17567
chr3	50288360	50488360	harbor1	chr3	50306024	50306564	LTR/ERV1	2367	+	270	50306294	17934
chr3	50288360	50488360	harbor1	chr3	50309030	50309182	LTR/ERV1	2292	+	76	50309106	20746
chr3	50288360	50488360	harbor1	chr3	50309485	50309688	LTR/ERV1	2292	+	102	50309587	21227
chr3	50288360	50488360	harbor1	chr3	50309786	50310263	LTR/ERV1	2292	+	238	50310024	21664
chr3	50288360	50488360	harbor1	chr3	50313340	50313494	LTR/ERV1	1704	+	77	50313417	25057
chr3	50288360	50488360	harbor1	chr3	50313797	50314006	LTR/ERV1	1704	+	104	50313901	25541
chr3	50288360	50488360	harbor1	chr3	50314007	50314445	LTR/ERV1	2633	+	219	50314226	25866
chr3	51939511	52139511	harbor1	chr3	51990374	51991626	LTR/ERV1	8156	+	626	51991000	51489
chr3	127489843	127689843	harbor1	chr3	127496043	127497557	LTR/ERV1	7331	+	757	127496800	6957
chr3	127489843	127689843	harbor1	chr3	127512675	127513142	LTR/ERV1	2544	+	234	127512909	23066
chr3	127489843	127689843	harbor1	chr3	127543041	127543380	LTR/ERV1	1454	+	170	127543211	53368
chr3	195920322	196120322	harbor1	chr3	195933158	195933328	LTR/ERV1	419	+	85	195933243	12921
chr3	195920322	196120322	harbor1	chr3	195933329	195933514	LTR/ERV1	1326	+	92	195933421	13099
chr3	50287487	50487487	harbor1	chr3	50304978	50305233	LTR/ERV1	2395	+	128	50305106	17619
chr3	50287487	50487487	harbor1	chr3	50305833	50306021	LTR/ERV1	2395	+	94	50305927	18440
chr3	50287487	50487487	harbor1	chr3	50306024	50306564	LTR/ERV1	2367	+	270	50306294	18807
chr3	50287487	50487487	harbor1	chr3	50309030	50309182	LTR/ERV1	2292	+	76	50309106	21619
chr3	50287487	50487487	harbor1	chr3	50309485	50309688	LTR/ERV1	2292	+	102	50309587	22100
chr3	50287487	50487487	harbor1	chr3	50309786	50310263	LTR/ERV1	2292	+	238	50310024	22537
chr3	50287487	50487487	harbor1	chr3	50313340	50313494	LTR/ERV1	1704	+	77	50313417	25930
chr3	50287487	50487487	harbor1	chr3	50313797	50314006	LTR/ERV1	1704	+	104	50313901	26414
chr3	50287487	50487487	harbor1	chr3	50314007	50314445	LTR/ERV1	2633	+	219	50314226	26739
chr3	195796157	195996157	harbor1	chr3	195802815	195802975	LTR/ERV1	691	+	80	195802895	6738
chr3	195796157	195996157	harbor1	chr3	195803005	195803410	LTR/ERV1	1059	+	202	195803207	7050
chr3	178972096	179172096	harbor1	chr3	178986349	178986835	LTR/ERV1	1577	+	243	178986592	14496
chr3	178972096	179172096	harbor1	chr3	178987239	178987990	LTR/ERV1	3671	+	376	178987615	15519
chr3	178972096	179172096	harbor1	chr3	178997188	178997975	LTR/ERV1	5002	+	394	178997582	25486
chr3	178972096	179172096	harbor1	chr3	178998226	178998779	LTR/ERV1	2161	+	276	178998502	26406
chr3	178972096	179172096	harbor1	chr3	178998859	178999054	LTR/ERV1	567	+	98	178998957	26861
chr3	178972096	179172096	harbor1	chr3	178999085	178999296	LTR/ERV1	493	+	106	178999191	27095
chr3	178972096	179172096	harbor1	chr3	179000204	179000860	LTR/ERV1	7248	+	328	179000532	28436
chr3	178972096	179172096	harbor1	chr3	179001636	179002920	LTR/ERV1	7248	+	642	179002278	30182
chr3	178972096	179172096	harbor1	chr3	179003336	179003736	LTR/ERV1	928	+	200	179003536	31440
chr3	178972096	179172096	harbor1	chr3	179003759	179003922	LTR/ERV1	431	+	82	179003841	31745
chr3	178972096	179172096	harbor1	chr3	179012325	179012593	LTR/ERV1	1869	+	134	179012459	40363
chr3	178972096	179172096	harbor1	chr3	179012899	179013065	LTR/ERV1	1869	+	83	179012982	40886
chr3	178972096	179172096	harbor1	chr3	179013074	179013730	LTR/ERV1	2068	+	328	179013402	41306
chr3	178972096	179172096	harbor1	chr3	179013731	179013845	LTR/ERV1	476	+	57	179013788	41692
chr3	178972096	179172096	harbor1	chr3	179036743	179037622	LTR/ERV1	3649	+	440	179037183	65087
chr3	178972096	179172096	harbor1	chr3	179054591	179055103	LTR/ERV1	3671	+	256	179054847	82751
chr3	178972096	179172096	harbor1	chr3	179055134	179058474	LTR/ERV1	30917	+	1670	179056804	84708
chr3	178972096	179172096	harbor1	chr3	179058786	179059514	LTR/ERV1	30917	+	364	179059150	87054
chr3	178972096	179172096	harbor1	chr3	179059537	179059828	LTR/ERV1	2324	+	146	179059683	87587
chr3	178972096	179172096	harbor1	chr3	179059829	179060155	LTR/ERV1	2423	+	163	179059992	87896
chr3	178972096	179172096	harbor1	chr3	179011539	179011954	LTR/ERV1	1437	+	208	179011747	39651
chr4	38767776	38967776	harbor1	chr4	38793016	38793316	LTR/ERV1	777	+	150	38793166	25390
chr4	38767776	38967776	harbor1	chr4	38801803	38801915	LTR/ERV1	4224	+	56	38801859	34083
chr4	38767776	38967776	harbor1	chr4	38802224	38802709	LTR/ERV1	4224	+	242	38802466	34690
chr4	38767776	38967776	harbor1	chr4	38803298	38803425	LTR/ERV1	4224	+	64	38803362	35586
chr4	38767776	38967776	harbor1	chr4	38811386	38811805	LTR/ERV1	2210	+	210	38811596	43820
chr4	38767776	38967776	harbor1	chr4	38819327	38819705	LTR/ERV1	633	+	189	38819516	51740
chr4	98039583	98239583	harbor1	chr4	98104920	98105289	LTR/ERV1	2621	+	184	98105104	65521
chr4	98039583	98239583	harbor1	chr4	98105290	98105721	LTR/ERV1	2695	+	216	98105506	65923
chr4	98039583	98239583	harbor1	chr4	98110132	98110804	LTR/ERV1	3784	+	336	98110468	70885
chr4	102218940	102418940	harbor1	chr4	102228220	102228659	LTR/ERV1	762	+	220	102228440	9500
chr4	102218940	102418940	harbor1	chr4	102234168	102235756	LTR/ERV1	10615	+	794	102234962	16022
chr4	102218940	102418940	harbor1	chr4	102240614	102244869	LTR/ERV1	18746	+	2128	102242742	23802
chr4	102218940	102418940	harbor1	chr4	102244870	102246154	LTR/ERV1	7903	+	642	102245512	26572
chr4	102218940	102418940	harbor1	chr4	102294216	102294745	LTR/ERV1	2050	+	264	102294480	75540
chr4	102218940	102418940	harbor1	chr4	102235770	102239844	LTR/ERV1	33808	+	2037	102237807	18867
chr4	3569607	3769607	harbor1	chr4	3617743	3618052	LTR/ERV1	1465	+	154	3617897	48290
chr4	3569607	3769607	harbor1	chr4	3628763	3629341	LTR/ERV1	2571	+	289	3629052	59445
chr4	3569607	3769607	harbor1	chr4	3656038	3656447	LTR/ERV1	1196	+	204	3656242	86635
chr4	38573151	38773151	harbor1	chr4	38626722	38628102	LTR/ERV1	9687	+	690	38627412	54261
chr4	38573151	38773151	harbor1	chr4	38648985	38649447	LTR/ERV1	4862	+	231	38649216	76065
chr4	38573151	38773151	harbor1	chr4	38650329	38650428	LTR/ERV1	4862	+	50	38650379	77228
chr4	38573151	38773151	harbor1	chr4	38649747	38650024	LTR/ERV1	4862	+	138	38649885	76734
chr4	158571219	158771219	harbor1	chr4	158571337	158571384	LTR/ERV1	4065	+	24	158571361	142
chr4	158571219	158771219	harbor1	chr4	158571692	158572307	LTR/ERV1	4065	+	308	158572000	781
chr4	158571219	158771219	harbor1	chr4	158574346	158574763	LTR/ERV1	1675	+	208	158574554	3335
chr4	158571219	158771219	harbor1	chr4	158657324	158658364	LTR/ERV1	4842	+	520	158657844	86625
chr4	158571219	158771219	harbor1	chr4	158664822	158665841	LTR/ERV1	7063	+	510	158665332	94113
chr4	158571219	158771219	harbor1	chr4	158658365	158664818	LTR/ERV1	40235	+	3226	158661591	90372
chr4	55288238	55488238	harbor1	chr4	55296671	55296758	LTR/ERV1	606	+	44	55296715	8477
chr4	55288238	55488238	harbor1	chr4	55296759	55297157	LTR/ERV1	2525	+	199	55296958	8720
chr4	55288238	55488238	harbor1	chr4	55303433	55303538	LTR/ERV1	601	+	52	55303485	15247
chr4	55288238	55488238	harbor1	chr4	55330288	55330872	LTR/ERV1	3669	+	292	55330580	42342
chr4	55288238	55488238	harbor1	chr4	55338515	55339073	LTR/ERV1	3052	+	279	55338794	50556
chr4	55288238	55488238	harbor1	chr4	55339098	55339375	LTR/ERV1	1361	+	138	55339236	50998
chr4	55288238	55488238	harbor1	chr4	55339951	55341621	LTR/ERV1	5999	+	835	55340786	52548
chr4	55288238	55488238	harbor1	chr4	55341631	55342450	LTR/ERV1	4035	+	410	55342041	53803
chr4	55288238	55488238	harbor1	chr4	55342592	55342916	LTR/ERV1	1159	+	162	55342754	54516
chr4	55288238	55488238	harbor1	chr4	55343154	55343398	LTR/ERV1	1270	+	122	55343276	55038
chr4	55288238	55488238	harbor1	chr4	55353172	55353951	LTR/ERV1	5943	+	390	55353562	65324
chr4	55288238	55488238	harbor1	chr4	55386892	55387472	LTR/ERV1	3725	+	290	55387182	98944
chr4	910896	1110896	harbor1	chr4	983209	983747	LTR/ERV1	1576	+	269	983478	72582
chr4	189957450	190157450	harbor1	chr4	189995620	189995755	LTR/ERV1	718	+	68	189995688	38238
chr4	189957450	190157450	harbor1	chr4	190009563	190010438	LTR/ERV1	6264	+	438	190010001	52551
chr4	189957450	190157450	harbor1	chr4	190010726	190010955	LTR/ERV1	6264	+	114	190010840	53390
chr4	189957450	190157450	harbor1	chr4	190010983	190011526	LTR/ERV1	3366	+	272	190011255	53805
chr4	189957450	190157450	harbor1	chr4	190051558	190051896	LTR/ERV1	2679	+	169	190051727	94277
chr4	8023966	8223966	harbor1	chr4	8042056	8042558	LTR/ERV1	3637	+	251	8042307	18341
chr4	8023966	8223966	harbor1	chr4	8043169	8043344	LTR/ERV1	3637	+	88	8043257	19291
chr4	8023966	8223966	harbor1	chr4	8049390	8049728	LTR/ERV1	2846	+	169	8049559	25593
chr4	8023966	8223966	harbor1	chr4	8050028	8050286	LTR/ERV1	2846	+	129	8050157	26191
chr4	8023966	8223966	harbor1	chr4	8051235	8051266	LTR/ERV1	3780	+	16	8051251	27285
chr4	8023966	8223966	harbor1	chr4	8051593	8052168	LTR/ERV1	3780	+	288	8051881	27915
chr4	8023966	8223966	harbor1	chr4	8053078	8053510	LTR/ERV1	2953	+	216	8053294	29328
chr4	8023966	8223966	harbor1	chr4	8058663	8059114	LTR/ERV1	938	+	226	8058889	34923
chr4	8023966	8223966	harbor1	chr4	8059207	8059618	LTR/ERV1	2074	+	206	8059413	35447
chr4	8023966	8223966	harbor1	chr4	8059938	8060134	LTR/ERV1	2074	+	98	8060036	36070
chr4	8023966	8223966	harbor1	chr4	8063748	8064254	LTR/ERV1	3376	+	253	8064001	40035
chr4	8023966	8223966	harbor1	chr4	8092323	8092454	LTR/ERV1	773	+	66	8092389	68423
chr4	8023966	8223966	harbor1	chr4	8092487	8092820	LTR/ERV1	1150	+	166	8092653	68687
chr4	8023966	8223966	harbor1	chr4	8108365	8108848	LTR/ERV1	1344	+	242	8108607	84641
chr4	11269110	11469110	harbor1	chr4	11295756	11296248	LTR/ERV1	2620	+	246	11296002	26892
chr4	11269110	11469110	harbor1	chr4	11332556	11333180	LTR/ERV1	1420	+	312	11332868	63758
chr4	910971	1110971	harbor1	chr4	983209	983747	LTR/ERV1	1576	+	269	983478	72507
chr4	88671609	88871609	harbor1	chr4	88702862	88703398	LTR/ERV1	2885	+	268	88703130	31521
chr4	98160943	98360943	harbor1	chr4	98160269	98161271	LTR/ERV1	26999	+	501	98160770	173
chr4	98160943	98360943	harbor1	chr4	98161597	98163015	LTR/ERV1	26999	+	709	98162306	1363
chr4	98160943	98360943	harbor1	chr4	98163314	98163969	LTR/ERV1	17869	+	328	98163642	2699
chr4	98160943	98360943	harbor1	chr4	98163970	98164542	LTR/ERV1	3977	+	286	98164256	3313
chr4	98160943	98360943	harbor1	chr4	98171875	98171922	LTR/ERV1	1248	+	24	98171899	10956
chr4	98160943	98360943	harbor1	chr4	98172227	98172470	LTR/ERV1	1248	+	122	98172349	11406
chr4	98160943	98360943	harbor1	chr4	98194371	98194733	LTR/ERV1	1719	+	181	98194552	33609
chr4	98160943	98360943	harbor1	chr4	98194734	98195394	LTR/ERV1	3665	+	330	98195064	34121
chr4	98160943	98360943	harbor1	chr4	98201281	98201827	LTR/ERV1	2823	+	273	98201554	40611
chr4	98160943	98360943	harbor1	chr4	98202341	98202841	LTR/ERV1	3680	+	250	98202591	41648
chr4	866474	1066474	harbor1	chr4	904804	905349	LTR/ERV1	2491	+	272	905076	38602
chr4	2151076	2351076	harbor1	chr4	2161088	2162515	LTR/ERV1	10450	+	714	2161802	10726
chr4	2151076	2351076	harbor1	chr4	2172124	2172590	LTR/ERV1	2801	+	233	2172357	21281
chr4	2151076	2351076	harbor1	chr4	2221319	2221579	LTR/ERV1	2344	+	130	2221449	70373
chr4	2151076	2351076	harbor1	chr4	2221875	2222113	LTR/ERV1	2344	+	119	2221994	70918
chr4	73128036	73328036	harbor1	chr4	73187417	73187773	LTR/ERV1	2273	+	178	73187595	59559
chr4	15581887	15781887	harbor1	chr4	15614732	15616281	LTR/ERV1	10924	+	774	15615506	33619
chr4	15581887	15781887	harbor1	chr4	15643946	15644389	LTR/ERV1	1616	+	222	15644168	62281
chr4	3569499	3769499	harbor1	chr4	3617743	3618052	LTR/ERV1	1465	+	154	3617897	48398
chr4	3569499	3769499	harbor1	chr4	3628763	3629341	LTR/ERV1	2571	+	289	3629052	59553
chr4	3569499	3769499	harbor1	chr4	3656038	3656447	LTR/ERV1	1196	+	204	3656242	86743
chr4	144468351	144668351	harbor1	chr4	144534233	144534868	LTR/ERV1	3476	+	318	144534551	66200
chr4	866602	1066602	harbor1	chr4	904804	905349	LTR/ERV1	2491	+	272	905076	38474
chr4	69927953	70127953	harbor1	chr4	69951572	69952050	LTR/ERV1	2541	+	239	69951811	23858
chr4	69927953	70127953	harbor1	chr4	69980760	69980918	LTR/ERV1	1147	+	79	69980839	52886
chr4	69927953	70127953	harbor1	chr4	69980916	69981096	LTR/ERV1	1379	+	90	69981006	53053
chr4	2656061	2856061	harbor1	chr4	2725486	2725713	LTR/ERV1	649	+	114	2725600	69539
chr4	2656061	2856061	harbor1	chr4	2726339	2726406	LTR/ERV1	649	+	34	2726373	70312
chr4	2656061	2856061	harbor1	chr4	2728490	2728616	LTR/ERV1	495	+	63	2728553	72492
chr4	2656061	2856061	harbor1	chr4	2728985	2729680	LTR/ERV1	4094	+	348	2729333	73272
chr4	866554	1066554	harbor1	chr4	904804	905349	LTR/ERV1	2491	+	272	905076	38522
chr4	910985	1110985	harbor1	chr4	983209	983747	LTR/ERV1	1576	+	269	983478	72493
chr4	910965	1110965	harbor1	chr4	983209	983747	LTR/ERV1	1576	+	269	983478	72513
chr4	86404939	86604939	harbor1	chr4	86426367	86426568	LTR/ERV1	642	+	100	86426467	21528
chr4	86404939	86604939	harbor1	chr4	86467147	86467324	LTR/ERV1	679	+	88	86467235	62296
chr4	86404939	86604939	harbor1	chr4	86467467	86467511	LTR/ERV1	2727	+	22	86467489	62550
chr4	86404939	86604939	harbor1	chr4	86467818	86468413	LTR/ERV1	2727	+	298	86468116	63177
chr4	86404939	86604939	harbor1	chr4	86472733	86473073	LTR/ERV1	2159	+	170	86472903	67964
chr4	86404939	86604939	harbor1	chr4	86474771	86475220	LTR/ERV1	3159	+	224	86474995	70056
chr4	86404939	86604939	harbor1	chr4	86475230	86478003	LTR/ERV1	14416	+	1386	86476616	71677
chr4	86404939	86604939	harbor1	chr4	86477983	86478832	LTR/ERV1	5411	+	424	86478407	73468
chr4	86404939	86604939	harbor1	chr4	86478837	86479452	LTR/ERV1	2790	+	308	86479145	74206
chr4	86404939	86604939	harbor1	chr4	86479483	86479687	LTR/ERV1	1298	+	102	86479585	74646
chr4	86404939	86604939	harbor1	chr4	86479688	86480063	LTR/ERV1	2154	+	188	86479876	74937
chr4	86404939	86604939	harbor1	chr4	86480064	86480520	LTR/ERV1	3332	+	228	86480292	75353
chr4	86404939	86604939	harbor1	chr4	86492889	86493315	LTR/ERV1	3188	+	213	86493102	88163
chr4	8230062	8430062	harbor1	chr4	8243017	8243522	LTR/ERV1	4678	+	252	8243269	13207
chr4	8230062	8430062	harbor1	chr4	8243825	8243959	LTR/ERV1	4678	+	67	8243892	13830
chr4	8230062	8430062	harbor1	chr4	8246401	8246953	LTR/ERV1	2098	+	276	8246677	16615
chr4	866530	1066530	harbor1	chr4	904804	905349	LTR/ERV1	2491	+	272	905076	38546
chr4	910306	1110306	harbor1	chr4	983209	983747	LTR/ERV1	1576	+	269	983478	73172
chr4	98145495	98345495	harbor1	chr4	98155789	98155931	LTR/ERV1	1104	+	71	98155860	10365
chr4	98145495	98345495	harbor1	chr4	98155932	98156024	LTR/ERV1	702	+	46	98155978	10483
chr4	98145495	98345495	harbor1	chr4	98156985	98157190	LTR/ERV1	1044	+	102	98157087	11592
chr4	98145495	98345495	harbor1	chr4	98157163	98158229	LTR/ERV1	26999	+	533	98157696	12201
chr4	98145495	98345495	harbor1	chr4	98158268	98159957	LTR/ERV1	26999	+	844	98159112	13617
chr4	98145495	98345495	harbor1	chr4	98160269	98161271	LTR/ERV1	26999	+	501	98160770	15275
chr4	98145495	98345495	harbor1	chr4	98161597	98163015	LTR/ERV1	26999	+	709	98162306	16811
chr4	98145495	98345495	harbor1	chr4	98163314	98163969	LTR/ERV1	17869	+	328	98163642	18147
chr4	98145495	98345495	harbor1	chr4	98163970	98164542	LTR/ERV1	3977	+	286	98164256	18761
chr4	98145495	98345495	harbor1	chr4	98171875	98171922	LTR/ERV1	1248	+	24	98171899	26404
chr4	98145495	98345495	harbor1	chr4	98172227	98172470	LTR/ERV1	1248	+	122	98172349	26854
chr4	98145495	98345495	harbor1	chr4	98194371	98194733	LTR/ERV1	1719	+	181	98194552	49057
chr4	98145495	98345495	harbor1	chr4	98194734	98195394	LTR/ERV1	3665	+	330	98195064	49569
chr4	98145495	98345495	harbor1	chr4	98201281	98201827	LTR/ERV1	2823	+	273	98201554	56059
chr4	98145495	98345495	harbor1	chr4	98202341	98202841	LTR/ERV1	3680	+	250	98202591	57096
chr4	872772	1072772	harbor1	chr4	904804	905349	LTR/ERV1	2491	+	272	905076	32304
chr4	866571	1066571	harbor1	chr4	904804	905349	LTR/ERV1	2491	+	272	905076	38505
chr4	866652	1066652	harbor1	chr4	904804	905349	LTR/ERV1	2491	+	272	905076	38424
chr4	76846562	77046562	harbor1	chr4	76859538	76860108	LTR/ERV1	3776	+	285	76859823	13261
chr4	189957491	190157491	harbor1	chr4	189995620	189995755	LTR/ERV1	718	+	68	189995688	38197
chr4	189957491	190157491	harbor1	chr4	190009563	190010438	LTR/ERV1	6264	+	438	190010001	52510
chr4	189957491	190157491	harbor1	chr4	190010726	190010955	LTR/ERV1	6264	+	114	190010840	53349
chr4	189957491	190157491	harbor1	chr4	190010983	190011526	LTR/ERV1	3366	+	272	190011255	53764
chr4	189957491	190157491	harbor1	chr4	190051558	190051896	LTR/ERV1	2679	+	169	190051727	94236
chr4	55295888	55495888	harbor1	chr4	55296671	55296758	LTR/ERV1	606	+	44	55296715	827
chr4	55295888	55495888	harbor1	chr4	55296759	55297157	LTR/ERV1	2525	+	199	55296958	1070
chr4	55295888	55495888	harbor1	chr4	55303433	55303538	LTR/ERV1	601	+	52	55303485	7597
chr4	55295888	55495888	harbor1	chr4	55330288	55330872	LTR/ERV1	3669	+	292	55330580	34692
chr4	55295888	55495888	harbor1	chr4	55338515	55339073	LTR/ERV1	3052	+	279	55338794	42906
chr4	55295888	55495888	harbor1	chr4	55339098	55339375	LTR/ERV1	1361	+	138	55339236	43348
chr4	55295888	55495888	harbor1	chr4	55339951	55341621	LTR/ERV1	5999	+	835	55340786	44898
chr4	55295888	55495888	harbor1	chr4	55341631	55342450	LTR/ERV1	4035	+	410	55342041	46153
chr4	55295888	55495888	harbor1	chr4	55342592	55342916	LTR/ERV1	1159	+	162	55342754	46866
chr4	55295888	55495888	harbor1	chr4	55343154	55343398	LTR/ERV1	1270	+	122	55343276	47388
chr4	55295888	55495888	harbor1	chr4	55353172	55353951	LTR/ERV1	5943	+	390	55353562	57674
chr4	55295888	55495888	harbor1	chr4	55386892	55387472	LTR/ERV1	3725	+	290	55387182	91294
chr4	55295888	55495888	harbor1	chr4	55393983	55394368	LTR/ERV1	2142	+	192	55394175	98287
chr4	189956178	190156178	harbor1	chr4	189995620	189995755	LTR/ERV1	718	+	68	189995688	39510
chr4	189956178	190156178	harbor1	chr4	190009563	190010438	LTR/ERV1	6264	+	438	190010001	53823
chr4	189956178	190156178	harbor1	chr4	190010726	190010955	LTR/ERV1	6264	+	114	190010840	54662
chr4	189956178	190156178	harbor1	chr4	190010983	190011526	LTR/ERV1	3366	+	272	190011255	55077
chr4	189956178	190156178	harbor1	chr4	190051558	190051896	LTR/ERV1	2679	+	169	190051727	95549
chr5	113414289	113614289	harbor1	chr5	113436311	113436538	LTR/ERV1	1232	+	114	113436425	22136
chr5	113414289	113614289	harbor1	chr5	113436520	113437087	LTR/ERV1	2937	+	284	113436804	22515
chr5	113414289	113614289	harbor1	chr5	113456963	113458550	LTR/ERV1	11665	+	794	113457757	43468
chr5	75136982	75336982	harbor1	chr5	75197862	75198368	LTR/ERV1	2533	+	253	75198115	61133
chr5	75136982	75336982	harbor1	chr5	75201632	75202252	LTR/ERV1	3095	+	310	75201942	64960
chr5	75136982	75336982	harbor1	chr5	75208291	75209029	LTR/ERV1	2544	+	369	75208660	71678
chr5	75136982	75336982	harbor1	chr5	75232728	75233047	LTR/ERV1	1544	+	160	75232888	95906
chr5	75136982	75336982	harbor1	chr5	75233363	75233534	LTR/ERV1	1544	+	86	75233449	96467
chr5	159190926	159390926	harbor1	chr5	159255936	159256423	LTR/ERV1	3006	+	244	159256180	65254
chr5	10337580	10537580	harbor1	chr5	10374977	10376523	LTR/ERV1	11125	+	773	10375750	38170
chr5	10337580	10537580	harbor1	chr5	10420548	10421090	LTR/ERV1	2519	+	271	10420819	83239
chr5	150964868	151164868	harbor1	chr5	150970326	150970793	LTR/ERV1	3398	+	234	150970560	5692
chr5	150964868	151164868	harbor1	chr5	151019760	151020068	LTR/ERV1	1773	+	154	151019914	55046
chr5	10337987	10537987	harbor1	chr5	10374977	10376523	LTR/ERV1	11125	+	773	10375750	37763
chr5	10337987	10537987	harbor1	chr5	10420548	10421090	LTR/ERV1	2519	+	271	10420819	82832
chr5	10341875	10541875	harbor1	chr5	10374977	10376523	LTR/ERV1	11125	+	773	10375750	33875
chr5	10341875	10541875	harbor1	chr5	10420548	10421090	LTR/ERV1	2519	+	271	10420819	78944
chr5	134406378	134606378	harbor1	chr5	134413140	134413541	LTR/ERV1	1233	+	200	134413340	6962
chr5	134406378	134606378	harbor1	chr5	134413552	134413599	LTR/ERV1	611	+	24	134413576	7198
chr5	134406378	134606378	harbor1	chr5	134413904	134413980	LTR/ERV1	611	+	38	134413942	7564
chr5	134406378	134606378	harbor1	chr5	134423425	134423602	LTR/ERV1	1018	+	88	134423513	17135
chr5	134406378	134606378	harbor1	chr5	134423890	134423958	LTR/ERV1	1018	+	34	134423924	17546
chr5	134406378	134606378	harbor1	chr5	134424232	134424322	LTR/ERV1	1018	+	45	134424277	17899
chr5	134406378	134606378	harbor1	chr5	134424922	134425365	LTR/ERV1	1276	+	222	134425144	18766
chr5	134406378	134606378	harbor1	chr5	134477574	134477987	LTR/ERV1	2237	+	206	134477780	71402
chr5	134406378	134606378	harbor1	chr5	134478468	134478571	LTR/ERV1	699	+	52	134478520	72142
chr5	157644323	157844323	harbor1	chr5	157654538	157655090	LTR/ERV1	4194	+	276	157654814	10491
chr5	157644323	157844323	harbor1	chr5	157655243	157655754	LTR/ERV1	2434	+	256	157655499	11176
chr5	157644323	157844323	harbor1	chr5	157655746	157658510	LTR/ERV1	10114	+	1382	157657128	12805
chr5	157644323	157844323	harbor1	chr5	157658510	157658753	LTR/ERV1	1499	+	122	157658632	14309
chr5	157644323	157844323	harbor1	chr5	157658754	157659288	LTR/ERV1	3918	+	267	157659021	14698
chr5	157644323	157844323	harbor1	chr5	157662581	157662907	LTR/ERV1	1504	+	163	157662744	18421
chr5	157644323	157844323	harbor1	chr5	157693396	157693657	LTR/ERV1	2404	+	130	157693526	49203
chr5	157644323	157844323	harbor1	chr5	157693658	157695037	LTR/ERV1	10305	+	690	157694348	50025
chr5	157644323	157844323	harbor1	chr5	157695038	157695284	LTR/ERV1	2404	+	123	157695161	50838
chr5	157644323	157844323	harbor1	chr5	157696043	157696456	LTR/ERV1	2442	+	206	157696249	51926
chr5	157644323	157844323	harbor1	chr5	157696751	157696837	LTR/ERV1	5173	+	43	157696794	52471
chr5	157644323	157844323	harbor1	chr5	157697127	157697863	LTR/ERV1	5173	+	368	157697495	53172
chr5	157644323	157844323	harbor1	chr5	157698117	157699482	LTR/ERV1	8619	+	682	157698799	54476
chr5	157644323	157844323	harbor1	chr5	157699785	157699799	LTR/ERV1	7694	+	7	157699792	55469
chr5	157644323	157844323	harbor1	chr5	157695436	157696054	LTR/ERV1	4180	+	309	157695745	51422
chr5	6533035	6733035	harbor1	chr5	6533558	6534031	LTR/ERV1	2901	+	236	6533794	759
chr5	6533035	6733035	harbor1	chr5	6574997	6575253	LTR/ERV1	572	+	128	6575125	42090
chr5	6533035	6733035	harbor1	chr5	6594011	6594896	LTR/ERV1	4766	+	442	6594453	61418
chr5	168407631	168607631	harbor1	chr5	168475356	168475871	LTR/ERV1	2024	+	258	168475614	67983
chr5	168407631	168607631	harbor1	chr5	168477060	168477748	LTR/ERV1	3640	+	344	168477404	69773
chr5	168407631	168607631	harbor1	chr5	168481497	168481626	LTR/ERV1	557	+	64	168481561	73930
chr5	168407631	168607631	harbor1	chr5	168481702	168481992	LTR/ERV1	1492	+	145	168481847	74216
chr5	10341914	10541914	harbor1	chr5	10374977	10376523	LTR/ERV1	11125	+	773	10375750	33836
chr5	10341914	10541914	harbor1	chr5	10420548	10421090	LTR/ERV1	2519	+	271	10420819	78905
chr5	133905039	134105039	harbor1	chr5	133923277	133923493	LTR/ERV1	1795	+	108	133923385	18346
chr5	133905039	134105039	harbor1	chr5	133923801	133924041	LTR/ERV1	1795	+	120	133923921	18882
chr5	10341987	10541987	harbor1	chr5	10374977	10376523	LTR/ERV1	11125	+	773	10375750	33763
chr5	10341987	10541987	harbor1	chr5	10420548	10421090	LTR/ERV1	2519	+	271	10420819	78832
chr5	42324781	42524781	harbor1	chr5	42396082	42397600	LTR/ERV1	6643	+	759	42396841	72060
chr5	42324781	42524781	harbor1	chr5	42398013	42398186	LTR/ERV1	990	+	86	42398099	73318
chr5	82647609	82847609	harbor1	chr5	82714411	82714497	LTR/ERV1	764	+	43	82714454	66845
chr5	82647609	82847609	harbor1	chr5	82714499	82716035	LTR/ERV1	7491	+	768	82715267	67658
chr5	132193610	132393610	harbor1	chr5	132241957	132242301	LTR/ERV1	1028	+	172	132242129	48519
chr5	79136023	79336023	harbor1	chr5	79204717	79205130	LTR/ERV1	1527	+	206	79204923	68900
chr5	79136023	79336023	harbor1	chr5	79214651	79214803	LTR/ERV1	447	+	76	79214727	78704
chr5	79136023	79336023	harbor1	chr5	79216242	79216420	LTR/ERV1	863	+	89	79216331	80308
chr5	79136023	79336023	harbor1	chr5	79222892	79222954	LTR/ERV1	474	+	31	79222923	86900
chr5	10151040	10351040	harbor1	chr5	10160025	10160658	LTR/ERV1	4387	+	316	10160341	9301
chr5	10151040	10351040	harbor1	chr5	10187403	10187938	LTR/ERV1	2763	+	268	10187671	36631
chr5	10205523	10405523	harbor1	chr5	10270780	10271248	LTR/ERV1	3112	+	234	10271014	65491
chr5	10205523	10405523	harbor1	chr5	10271517	10271686	LTR/ERV1	3112	+	84	10271601	66078
chr5	10205523	10405523	harbor1	chr5	10302249	10302363	LTR/ERV1	5114	+	57	10302306	96783
chr5	10205523	10405523	harbor1	chr5	10302590	10303421	LTR/ERV1	5114	+	416	10303006	97483
chr5	10205523	10405523	harbor1	chr5	10303607	10304078	LTR/ERV1	3171	+	236	10303843	98320
chr5	10205523	10405523	harbor1	chr5	10304374	10304624	LTR/ERV1	3171	+	125	10304499	98976
chr5	10184091	10384091	harbor1	chr5	10187403	10187938	LTR/ERV1	2763	+	268	10187671	3580
chr5	10184091	10384091	harbor1	chr5	10270780	10271248	LTR/ERV1	3112	+	234	10271014	86923
chr5	10184091	10384091	harbor1	chr5	10271517	10271686	LTR/ERV1	3112	+	84	10271601	87510
chr5	73021050	73221050	harbor1	chr5	73103413	73104112	LTR/ERV1	4357	+	350	73103763	82713
chr5	6533087	6733087	harbor1	chr5	6533558	6534031	LTR/ERV1	2901	+	236	6533794	707
chr5	6533087	6733087	harbor1	chr5	6574997	6575253	LTR/ERV1	572	+	128	6575125	42038
chr5	6533087	6733087	harbor1	chr5	6594011	6594896	LTR/ERV1	4766	+	442	6594453	61366
chr5	10333600	10533600	harbor1	chr5	10374977	10376523	LTR/ERV1	11125	+	773	10375750	42150
chr5	10333600	10533600	harbor1	chr5	10420548	10421090	LTR/ERV1	2519	+	271	10420819	87219
chr5	10341898	10541898	harbor1	chr5	10374977	10376523	LTR/ERV1	11125	+	773	10375750	33852
chr5	10341898	10541898	harbor1	chr5	10420548	10421090	LTR/ERV1	2519	+	271	10420819	78921
chr5	10341940	10541940	harbor1	chr5	10374977	10376523	LTR/ERV1	11125	+	773	10375750	33810
chr5	10341940	10541940	harbor1	chr5	10420548	10421090	LTR/ERV1	2519	+	271	10420819	78879
chr5	37740447	37940447	harbor1	chr5	37777548	37777935	LTR/ERV1	2855	+	194	37777742	37295
chr5	37740447	37940447	harbor1	chr5	37786158	37786956	LTR/ERV1	3943	+	399	37786557	46110
chr5	37740447	37940447	harbor1	chr5	37799892	37800263	LTR/ERV1	1821	+	186	37800078	59631
chr5	10186534	10386534	harbor1	chr5	10187403	10187938	LTR/ERV1	2763	+	268	10187671	1137
chr5	10186534	10386534	harbor1	chr5	10270780	10271248	LTR/ERV1	3112	+	234	10271014	84480
chr5	10186534	10386534	harbor1	chr5	10271517	10271686	LTR/ERV1	3112	+	84	10271601	85067
chr5	72733843	72933843	harbor1	chr5	72802101	72802861	LTR/ERV1	4613	+	380	72802481	68638
chr5	73307094	73507094	harbor1	chr5	73340269	73340720	LTR/ERV1	2946	+	226	73340495	33401
chr5	73307094	73507094	harbor1	chr5	73340722	73340796	LTR/ERV1	530	+	37	73340759	33665
chr5	178132777	178332777	harbor1	chr5	178180544	178180898	LTR/ERV1	1732	+	177	178180721	47944
chr5	178132777	178332777	harbor1	chr5	178182377	178182738	LTR/ERV1	2404	+	180	178182557	49780
chr5	9289591	9489591	harbor1	chr5	9331399	9331783	LTR/ERV1	1279	+	192	9331591	42000
chr5	9289591	9489591	harbor1	chr5	9345926	9346837	LTR/ERV1	5157	+	456	9346382	56791
chr5	79136006	79336006	harbor1	chr5	79204717	79205130	LTR/ERV1	1527	+	206	79204923	68917
chr5	79136006	79336006	harbor1	chr5	79214651	79214803	LTR/ERV1	447	+	76	79214727	78721
chr5	79136006	79336006	harbor1	chr5	79216242	79216420	LTR/ERV1	863	+	89	79216331	80325
chr5	79136006	79336006	harbor1	chr5	79222892	79222954	LTR/ERV1	474	+	31	79222923	86917
chr5	75136482	75336482	harbor1	chr5	75197862	75198368	LTR/ERV1	2533	+	253	75198115	61633
chr5	75136482	75336482	harbor1	chr5	75201632	75202252	LTR/ERV1	3095	+	310	75201942	65460
chr5	75136482	75336482	harbor1	chr5	75208291	75209029	LTR/ERV1	2544	+	369	75208660	72178
chr5	75136482	75336482	harbor1	chr5	75232728	75233047	LTR/ERV1	1544	+	160	75232888	96406
chr5	75136482	75336482	harbor1	chr5	75233363	75233534	LTR/ERV1	1544	+	86	75233449	96967
chr5	10339138	10539138	harbor1	chr5	10374977	10376523	LTR/ERV1	11125	+	773	10375750	36612
chr5	10339138	10539138	harbor1	chr5	10420548	10421090	LTR/ERV1	2519	+	271	10420819	81681
chr5	73338840	73538840	harbor1	chr5	73340269	73340720	LTR/ERV1	2946	+	226	73340495	1655
chr5	73338840	73538840	harbor1	chr5	73340722	73340796	LTR/ERV1	530	+	37	73340759	1919
chr5	41825178	42025178	harbor1	chr5	41874496	41874922	LTR/ERV1	2886	+	213	41874709	49531
chr5	41825178	42025178	harbor1	chr5	41890353	41890677	LTR/ERV1	5150	+	162	41890515	65337
chr5	41825178	42025178	harbor1	chr5	41890975	41891553	LTR/ERV1	5150	+	289	41891264	66086
chr5	10338301	10538301	harbor1	chr5	10374977	10376523	LTR/ERV1	11125	+	773	10375750	37449
chr5	10338301	10538301	harbor1	chr5	10420548	10421090	LTR/ERV1	2519	+	271	10420819	82518
chr5	10339062	10539062	harbor1	chr5	10374977	10376523	LTR/ERV1	11125	+	773	10375750	36688
chr5	10339062	10539062	harbor1	chr5	10420548	10421090	LTR/ERV1	2519	+	271	10420819	81757
chr5	10338313	10538313	harbor1	chr5	10374977	10376523	LTR/ERV1	11125	+	773	10375750	37437
chr5	10338313	10538313	harbor1	chr5	10420548	10421090	LTR/ERV1	2519	+	271	10420819	82506
chr5	171287852	171487852	harbor1	chr5	171361288	171361840	LTR/ERV1	4348	+	276	171361564	73712
chr5	171287852	171487852	harbor1	chr5	171369080	171369551	LTR/ERV1	2956	+	236	171369316	81464
chr5	134460977	134660977	harbor1	chr5	134477574	134477987	LTR/ERV1	2237	+	206	134477780	16803
chr5	134460977	134660977	harbor1	chr5	134478468	134478571	LTR/ERV1	699	+	52	134478520	17543
chr5	168386457	168586457	harbor1	chr5	168475356	168475871	LTR/ERV1	2024	+	258	168475614	89157
chr5	168386457	168586457	harbor1	chr5	168477060	168477748	LTR/ERV1	3640	+	344	168477404	90947
chr5	168386457	168586457	harbor1	chr5	168481497	168481626	LTR/ERV1	557	+	64	168481561	95104
chr5	168386457	168586457	harbor1	chr5	168481702	168481992	LTR/ERV1	1492	+	145	168481847	95390
chr5	118403	318403	harbor1	chr5	128800	129661	LTR/ERV1	5005	+	430	129230	10827
chr5	91829	291829	harbor1	chr5	128800	129661	LTR/ERV1	5005	+	430	129230	37401
chr5	10341929	10541929	harbor1	chr5	10374977	10376523	LTR/ERV1	11125	+	773	10375750	33821
chr5	10341929	10541929	harbor1	chr5	10420548	10421090	LTR/ERV1	2519	+	271	10420819	78890
chr5	980578	1180578	harbor1	chr5	996795	997467	LTR/ERV1	2487	+	336	997131	16553
chr5	4784467	4984467	harbor1	chr5	4837361	4838814	LTR/ERV1	10503	+	726	4838087	53620
chr5	4784467	4984467	harbor1	chr5	4868629	4868980	LTR/ERV1	1775	+	176	4868805	84338
chr5	132773569	132973569	harbor1	chr5	132808729	132809429	LTR/ERV1	4163	+	350	132809079	35510
chr5	132773569	132973569	harbor1	chr5	132832977	132833578	LTR/ERV1	3269	+	300	132833277	59708
chr5	133166160	133366160	harbor1	chr5	133238809	133240300	LTR/ERV1	10441	+	746	133239555	73395
chr5	133166160	133366160	harbor1	chr5	133251451	133251772	LTR/ERV1	895	+	160	133251611	85451
chr5	133166160	133366160	harbor1	chr5	133261368	133261575	LTR/ERV1	1149	+	104	133261472	95312
chr5	133166160	133366160	harbor1	chr5	133262011	133262732	LTR/ERV1	4102	+	360	133262371	96211
chr5	133206059	133406059	harbor1	chr5	133238809	133240300	LTR/ERV1	10441	+	746	133239555	33496
chr5	133206059	133406059	harbor1	chr5	133251451	133251772	LTR/ERV1	895	+	160	133251611	45552
chr5	133206059	133406059	harbor1	chr5	133261368	133261575	LTR/ERV1	1149	+	104	133261472	55413
chr5	133206059	133406059	harbor1	chr5	133262011	133262732	LTR/ERV1	4102	+	360	133262371	56312
chr5	37740476	37940476	harbor1	chr5	37777548	37777935	LTR/ERV1	2855	+	194	37777742	37266
chr5	37740476	37940476	harbor1	chr5	37786158	37786956	LTR/ERV1	3943	+	399	37786557	46081
chr5	37740476	37940476	harbor1	chr5	37799892	37800263	LTR/ERV1	1821	+	186	37800078	59602
chr5	91832	291832	harbor1	chr5	128800	129661	LTR/ERV1	5005	+	430	129230	37398
chr5	171287856	171487856	harbor1	chr5	171361288	171361840	LTR/ERV1	4348	+	276	171361564	73708
chr5	171287856	171487856	harbor1	chr5	171369080	171369551	LTR/ERV1	2956	+	236	171369316	81460
chr6	7626958	7826958	harbor1	chr6	7668248	7668579	LTR/ERV1	460	+	166	7668414	41456
chr6	7626958	7826958	harbor1	chr6	7699068	7699141	LTR/ERV1	3769	+	36	7699104	72146
chr6	7626958	7826958	harbor1	chr6	7699446	7699990	LTR/ERV1	3769	+	272	7699718	72760
chr6	7626958	7826958	harbor1	chr6	7710556	7710726	LTR/ERV1	591	+	85	7710641	83683
chr6	147103351	147303351	harbor1	chr6	147111195	147111321	LTR/ERV1	463	+	63	147111258	7907
chr6	147103351	147303351	harbor1	chr6	147145376	147145782	LTR/ERV1	1001	+	203	147145579	42228
chr6	147103351	147303351	harbor1	chr6	147166341	147166891	LTR/ERV1	2856	+	275	147166616	63265
chr6	147103351	147303351	harbor1	chr6	147181019	147181514	LTR/ERV1	3020	+	248	147181267	77916
chr6	147103351	147303351	harbor1	chr6	147194694	147194826	LTR/ERV1	3677	+	66	147194760	91409
chr6	147103351	147303351	harbor1	chr6	147193829	147194403	LTR/ERV1	3677	+	287	147194116	90765
chr6	7626630	7826630	harbor1	chr6	7668248	7668579	LTR/ERV1	460	+	166	7668414	41784
chr6	7626630	7826630	harbor1	chr6	7699068	7699141	LTR/ERV1	3769	+	36	7699104	72474
chr6	7626630	7826630	harbor1	chr6	7699446	7699990	LTR/ERV1	3769	+	272	7699718	73088
chr6	7626630	7826630	harbor1	chr6	7710556	7710726	LTR/ERV1	591	+	85	7710641	84011
chr6	124862322	125062322	harbor1	chr6	124887366	124888196	LTR/ERV1	4901	+	415	124887781	25459
chr6	124862322	125062322	harbor1	chr6	124890407	124890840	LTR/ERV1	2646	+	216	124890623	28301
chr6	124862322	125062322	harbor1	chr6	124890841	124891791	LTR/ERV1	20904	+	475	124891316	28994
chr6	124862322	125062322	harbor1	chr6	124891792	124893381	LTR/ERV1	11377	+	794	124892586	30264
chr6	124862322	125062322	harbor1	chr6	124895435	124895584	LTR/ERV1	965	+	74	124895509	33187
chr6	124862322	125062322	harbor1	chr6	124895575	124896074	LTR/ERV1	3329	+	250	124895825	33503
chr6	124862322	125062322	harbor1	chr6	124896077	124896736	LTR/ERV1	4251	+	330	124896407	34085
chr6	124862322	125062322	harbor1	chr6	124896738	124896953	LTR/ERV1	1401	+	108	124896846	34524
chr6	124862322	125062322	harbor1	chr6	124896952	124897329	LTR/ERV1	2499	+	188	124897140	34818
chr6	124862322	125062322	harbor1	chr6	124897330	124897763	LTR/ERV1	2702	+	216	124897546	35224
chr6	124862322	125062322	harbor1	chr6	124926296	124926423	LTR/ERV1	465	+	64	124926360	64038
chr6	124862322	125062322	harbor1	chr6	124893382	124895455	LTR/ERV1	20904	+	1036	124894418	32096
chr6	37070820	37270820	harbor1	chr6	37123524	37123722	LTR/ERV1	885	+	99	37123623	52803
chr6	37070820	37270820	harbor1	chr6	37124559	37124828	LTR/ERV1	1660	+	134	37124693	53873
chr6	28999817	29199817	harbor1	chr6	29014953	29016447	LTR/ERV1	8346	+	747	29015700	15883
chr6	7626969	7826969	harbor1	chr6	7668248	7668579	LTR/ERV1	460	+	166	7668414	41445
chr6	7626969	7826969	harbor1	chr6	7699068	7699141	LTR/ERV1	3769	+	36	7699104	72135
chr6	7626969	7826969	harbor1	chr6	7699446	7699990	LTR/ERV1	3769	+	272	7699718	72749
chr6	7626969	7826969	harbor1	chr6	7710556	7710726	LTR/ERV1	591	+	85	7710641	83672
chr6	7332945	7532945	harbor1	chr6	7344035	7345477	LTR/ERV1	9289	+	721	7344756	11811
chr6	7332945	7532945	harbor1	chr6	7425610	7427287	LTR/ERV1	9250	+	838	7426448	93503
chr6	139275442	139475442	harbor1	chr6	139289070	139289527	LTR/ERV1	3470	+	228	139289298	13856
chr6	139275442	139475442	harbor1	chr6	139312645	139313063	LTR/ERV1	2170	+	209	139312854	37412
chr6	139275442	139475442	harbor1	chr6	139313372	139313464	LTR/ERV1	2170	+	46	139313418	37976
chr6	139275442	139475442	harbor1	chr6	139313782	139314674	LTR/ERV1	5332	+	446	139314228	38786
chr6	139275442	139475442	harbor1	chr6	139314719	139315429	LTR/ERV1	3433	+	355	139315074	39632
chr6	139275442	139475442	harbor1	chr6	139316173	139316659	LTR/ERV1	2928	+	243	139316416	40974
chr6	139275442	139475442	harbor1	chr6	139326277	139326806	LTR/ERV1	2202	+	264	139326541	51099
chr6	139275442	139475442	harbor1	chr6	139327101	139327131	LTR/ERV1	2202	+	15	139327116	51674
chr6	169864030	170064030	harbor1	chr6	169911820	169912564	LTR/ERV1	4306	+	372	169912192	48162
chr6	139275115	139475115	harbor1	chr6	139289070	139289527	LTR/ERV1	3470	+	228	139289298	14183
chr6	139275115	139475115	harbor1	chr6	139312645	139313063	LTR/ERV1	2170	+	209	139312854	37739
chr6	139275115	139475115	harbor1	chr6	139313372	139313464	LTR/ERV1	2170	+	46	139313418	38303
chr6	139275115	139475115	harbor1	chr6	139313782	139314674	LTR/ERV1	5332	+	446	139314228	39113
chr6	139275115	139475115	harbor1	chr6	139314719	139315429	LTR/ERV1	3433	+	355	139315074	39959
chr6	139275115	139475115	harbor1	chr6	139316173	139316659	LTR/ERV1	2928	+	243	139316416	41301
chr6	139275115	139475115	harbor1	chr6	139326277	139326806	LTR/ERV1	2202	+	264	139326541	51426
chr6	139275115	139475115	harbor1	chr6	139327101	139327131	LTR/ERV1	2202	+	15	139327116	52001
chr6	7626955	7826955	harbor1	chr6	7668248	7668579	LTR/ERV1	460	+	166	7668414	41459
chr6	7626955	7826955	harbor1	chr6	7699068	7699141	LTR/ERV1	3769	+	36	7699104	72149
chr6	7626955	7826955	harbor1	chr6	7699446	7699990	LTR/ERV1	3769	+	272	7699718	72763
chr6	7626955	7826955	harbor1	chr6	7710556	7710726	LTR/ERV1	591	+	85	7710641	83686
chr6	139275101	139475101	harbor1	chr6	139289070	139289527	LTR/ERV1	3470	+	228	139289298	14197
chr6	139275101	139475101	harbor1	chr6	139312645	139313063	LTR/ERV1	2170	+	209	139312854	37753
chr6	139275101	139475101	harbor1	chr6	139313372	139313464	LTR/ERV1	2170	+	46	139313418	38317
chr6	139275101	139475101	harbor1	chr6	139313782	139314674	LTR/ERV1	5332	+	446	139314228	39127
chr6	139275101	139475101	harbor1	chr6	139314719	139315429	LTR/ERV1	3433	+	355	139315074	39973
chr6	139275101	139475101	harbor1	chr6	139316173	139316659	LTR/ERV1	2928	+	243	139316416	41315
chr6	139275101	139475101	harbor1	chr6	139326277	139326806	LTR/ERV1	2202	+	264	139326541	51440
chr6	139275101	139475101	harbor1	chr6	139327101	139327131	LTR/ERV1	2202	+	15	139327116	52015
chr6	169862720	170062720	harbor1	chr6	169911820	169912564	LTR/ERV1	4306	+	372	169912192	49472
chr6	139274669	139474669	harbor1	chr6	139289070	139289527	LTR/ERV1	3470	+	228	139289298	14629
chr6	139274669	139474669	harbor1	chr6	139312645	139313063	LTR/ERV1	2170	+	209	139312854	38185
chr6	139274669	139474669	harbor1	chr6	139313372	139313464	LTR/ERV1	2170	+	46	139313418	38749
chr6	139274669	139474669	harbor1	chr6	139313782	139314674	LTR/ERV1	5332	+	446	139314228	39559
chr6	139274669	139474669	harbor1	chr6	139314719	139315429	LTR/ERV1	3433	+	355	139315074	40405
chr6	139274669	139474669	harbor1	chr6	139316173	139316659	LTR/ERV1	2928	+	243	139316416	41747
chr6	139274669	139474669	harbor1	chr6	139326277	139326806	LTR/ERV1	2202	+	264	139326541	51872
chr6	139274669	139474669	harbor1	chr6	139327101	139327131	LTR/ERV1	2202	+	15	139327116	52447
chr6	37070848	37270848	harbor1	chr6	37123524	37123722	LTR/ERV1	885	+	99	37123623	52775
chr6	37070848	37270848	harbor1	chr6	37124559	37124828	LTR/ERV1	1660	+	134	37124693	53845
chr6	139272471	139472471	harbor1	chr6	139289070	139289527	LTR/ERV1	3470	+	228	139289298	16827
chr6	139272471	139472471	harbor1	chr6	139312645	139313063	LTR/ERV1	2170	+	209	139312854	40383
chr6	139272471	139472471	harbor1	chr6	139313372	139313464	LTR/ERV1	2170	+	46	139313418	40947
chr6	139272471	139472471	harbor1	chr6	139313782	139314674	LTR/ERV1	5332	+	446	139314228	41757
chr6	139272471	139472471	harbor1	chr6	139314719	139315429	LTR/ERV1	3433	+	355	139315074	42603
chr6	139272471	139472471	harbor1	chr6	139316173	139316659	LTR/ERV1	2928	+	243	139316416	43945
chr6	139272471	139472471	harbor1	chr6	139326277	139326806	LTR/ERV1	2202	+	264	139326541	54070
chr6	139272471	139472471	harbor1	chr6	139327101	139327131	LTR/ERV1	2202	+	15	139327116	54645
chr6	2665180	2865180	harbor1	chr6	2710287	2710775	LTR/ERV1	2836	+	244	2710531	45351
chr6	2665180	2865180	harbor1	chr6	2714116	2714572	LTR/ERV1	2523	+	228	2714344	49164
chr6	89719739	89919739	harbor1	chr6	89731746	89732235	LTR/ERV1	2892	+	244	89731990	12251
chr6	89719739	89919739	harbor1	chr6	89741277	89741818	LTR/ERV1	1302	+	270	89741547	21808
chr6	89719739	89919739	harbor1	chr6	89742119	89742130	LTR/ERV1	1302	+	6	89742125	22386
chr6	89719739	89919739	harbor1	chr6	89742426	89742590	LTR/ERV1	1302	+	82	89742508	22769
chr6	89719739	89919739	harbor1	chr6	89771053	89771489	LTR/ERV1	2191	+	218	89771271	51532
chr6	89719739	89919739	harbor1	chr6	89777311	89777962	LTR/ERV1	3093	+	326	89777637	57898
chr6	89719739	89919739	harbor1	chr6	89777964	89778098	LTR/ERV1	826	+	67	89778031	58292
chr6	89719739	89919739	harbor1	chr6	89814084	89814385	LTR/ERV1	1897	+	150	89814234	94495
chr6	89719739	89919739	harbor1	chr6	89814524	89814575	LTR/ERV1	1897	+	26	89814550	94811
chr6	89719739	89919739	harbor1	chr6	89816586	89816673	LTR/ERV1	2784	+	44	89816630	96891
chr6	89719739	89919739	harbor1	chr6	89816974	89817322	LTR/ERV1	2784	+	174	89817148	97409
chr6	7623404	7823404	harbor1	chr6	7624762	7625214	LTR/ERV1	2593	+	226	7624988	1584
chr6	7623404	7823404	harbor1	chr6	7668248	7668579	LTR/ERV1	460	+	166	7668414	45010
chr6	7623404	7823404	harbor1	chr6	7699068	7699141	LTR/ERV1	3769	+	36	7699104	75700
chr6	7623404	7823404	harbor1	chr6	7699446	7699990	LTR/ERV1	3769	+	272	7699718	76314
chr6	7623404	7823404	harbor1	chr6	7710556	7710726	LTR/ERV1	591	+	85	7710641	87237
chr6	37070842	37270842	harbor1	chr6	37123524	37123722	LTR/ERV1	885	+	99	37123623	52781
chr6	37070842	37270842	harbor1	chr6	37124559	37124828	LTR/ERV1	1660	+	134	37124693	53851
chr6	6446445	6646445	harbor1	chr6	6462718	6463102	LTR/ERV1	3000	+	192	6462910	16465
chr6	6446445	6646445	harbor1	chr6	6477682	6478452	LTR/ERV1	6083	+	385	6478067	31622
chr6	139275457	139475457	harbor1	chr6	139289070	139289527	LTR/ERV1	3470	+	228	139289298	13841
chr6	139275457	139475457	harbor1	chr6	139312645	139313063	LTR/ERV1	2170	+	209	139312854	37397
chr6	139275457	139475457	harbor1	chr6	139313372	139313464	LTR/ERV1	2170	+	46	139313418	37961
chr6	139275457	139475457	harbor1	chr6	139313782	139314674	LTR/ERV1	5332	+	446	139314228	38771
chr6	139275457	139475457	harbor1	chr6	139314719	139315429	LTR/ERV1	3433	+	355	139315074	39617
chr6	139275457	139475457	harbor1	chr6	139316173	139316659	LTR/ERV1	2928	+	243	139316416	40959
chr6	139275457	139475457	harbor1	chr6	139326277	139326806	LTR/ERV1	2202	+	264	139326541	51084
chr6	139275457	139475457	harbor1	chr6	139327101	139327131	LTR/ERV1	2202	+	15	139327116	51659
chr6	7626967	7826967	harbor1	chr6	7668248	7668579	LTR/ERV1	460	+	166	7668414	41447
chr6	7626967	7826967	harbor1	chr6	7699068	7699141	LTR/ERV1	3769	+	36	7699104	72137
chr6	7626967	7826967	harbor1	chr6	7699446	7699990	LTR/ERV1	3769	+	272	7699718	72751
chr6	7626967	7826967	harbor1	chr6	7710556	7710726	LTR/ERV1	591	+	85	7710641	83674
chr6	139275547	139475547	harbor1	chr6	139289070	139289527	LTR/ERV1	3470	+	228	139289298	13751
chr6	139275547	139475547	harbor1	chr6	139312645	139313063	LTR/ERV1	2170	+	209	139312854	37307
chr6	139275547	139475547	harbor1	chr6	139313372	139313464	LTR/ERV1	2170	+	46	139313418	37871
chr6	139275547	139475547	harbor1	chr6	139313782	139314674	LTR/ERV1	5332	+	446	139314228	38681
chr6	139275547	139475547	harbor1	chr6	139314719	139315429	LTR/ERV1	3433	+	355	139315074	39527
chr6	139275547	139475547	harbor1	chr6	139316173	139316659	LTR/ERV1	2928	+	243	139316416	40869
chr6	139275547	139475547	harbor1	chr6	139326277	139326806	LTR/ERV1	2202	+	264	139326541	50994
chr6	139275547	139475547	harbor1	chr6	139327101	139327131	LTR/ERV1	2202	+	15	139327116	51569
chr6	139274614	139474614	harbor1	chr6	139289070	139289527	LTR/ERV1	3470	+	228	139289298	14684
chr6	139274614	139474614	harbor1	chr6	139312645	139313063	LTR/ERV1	2170	+	209	139312854	38240
chr6	139274614	139474614	harbor1	chr6	139313372	139313464	LTR/ERV1	2170	+	46	139313418	38804
chr6	139274614	139474614	harbor1	chr6	139313782	139314674	LTR/ERV1	5332	+	446	139314228	39614
chr6	139274614	139474614	harbor1	chr6	139314719	139315429	LTR/ERV1	3433	+	355	139315074	40460
chr6	139274614	139474614	harbor1	chr6	139316173	139316659	LTR/ERV1	2928	+	243	139316416	41802
chr6	139274614	139474614	harbor1	chr6	139326277	139326806	LTR/ERV1	2202	+	264	139326541	51927
chr6	139274614	139474614	harbor1	chr6	139327101	139327131	LTR/ERV1	2202	+	15	139327116	52502
chr6	166056777	166256777	harbor1	chr6	166067762	166067918	LTR/ERV1	965	+	78	166067840	11063
chr6	166056777	166256777	harbor1	chr6	166152380	166152798	LTR/ERV1	1345	+	209	166152589	95812
chr6	43872397	44072397	harbor1	chr6	43901672	43902504	LTR/ERV1	1486	+	416	43902088	29691
chr6	37070850	37270850	harbor1	chr6	37123524	37123722	LTR/ERV1	885	+	99	37123623	52773
chr6	37070850	37270850	harbor1	chr6	37124559	37124828	LTR/ERV1	1660	+	134	37124693	53843
chr6	139274583	139474583	harbor1	chr6	139289070	139289527	LTR/ERV1	3470	+	228	139289298	14715
chr6	139274583	139474583	harbor1	chr6	139312645	139313063	LTR/ERV1	2170	+	209	139312854	38271
chr6	139274583	139474583	harbor1	chr6	139313372	139313464	LTR/ERV1	2170	+	46	139313418	38835
chr6	139274583	139474583	harbor1	chr6	139313782	139314674	LTR/ERV1	5332	+	446	139314228	39645
chr6	139274583	139474583	harbor1	chr6	139314719	139315429	LTR/ERV1	3433	+	355	139315074	40491
chr6	139274583	139474583	harbor1	chr6	139316173	139316659	LTR/ERV1	2928	+	243	139316416	41833
chr6	139274583	139474583	harbor1	chr6	139326277	139326806	LTR/ERV1	2202	+	264	139326541	51958
chr6	139274583	139474583	harbor1	chr6	139327101	139327131	LTR/ERV1	2202	+	15	139327116	52533
chr6	37070872	37270872	harbor1	chr6	37123524	37123722	LTR/ERV1	885	+	99	37123623	52751
chr6	37070872	37270872	harbor1	chr6	37124559	37124828	LTR/ERV1	1660	+	134	37124693	53821
chr6	37070838	37270838	harbor1	chr6	37123524	37123722	LTR/ERV1	885	+	99	37123623	52785
chr6	37070838	37270838	harbor1	chr6	37124559	37124828	LTR/ERV1	1660	+	134	37124693	53855
chr6	165559080	165759080	harbor1	chr6	165585800	165586254	LTR/ERV1	1367	+	227	165586027	26947
chr6	33522113	33722113	harbor1	chr6	33525131	33525210	LTR/ERV1	447	+	40	33525171	3058
chr6	33522113	33722113	harbor1	chr6	33532208	33533731	LTR/ERV1	10429	+	762	33532970	10857
chr6	52184772	52384772	harbor1	chr6	52211354	52212093	LTR/ERV1	3586	+	370	52211724	26952
chr6	52184772	52384772	harbor1	chr6	52217856	52218281	LTR/ERV1	1631	+	212	52218068	33296
chr6	169864008	170064008	harbor1	chr6	169911820	169912564	LTR/ERV1	4306	+	372	169912192	48184
chr6	139275131	139475131	harbor1	chr6	139289070	139289527	LTR/ERV1	3470	+	228	139289298	14167
chr6	139275131	139475131	harbor1	chr6	139312645	139313063	LTR/ERV1	2170	+	209	139312854	37723
chr6	139275131	139475131	harbor1	chr6	139313372	139313464	LTR/ERV1	2170	+	46	139313418	38287
chr6	139275131	139475131	harbor1	chr6	139313782	139314674	LTR/ERV1	5332	+	446	139314228	39097
chr6	139275131	139475131	harbor1	chr6	139314719	139315429	LTR/ERV1	3433	+	355	139315074	39943
chr6	139275131	139475131	harbor1	chr6	139316173	139316659	LTR/ERV1	2928	+	243	139316416	41285
chr6	139275131	139475131	harbor1	chr6	139326277	139326806	LTR/ERV1	2202	+	264	139326541	51410
chr6	139275131	139475131	harbor1	chr6	139327101	139327131	LTR/ERV1	2202	+	15	139327116	51985
chr6	30386552	30586552	harbor1	chr6	30405806	30406317	LTR/ERV1	1599	+	256	30406062	19510
chr6	30386552	30586552	harbor1	chr6	30442291	30442831	LTR/ERV1	1300	+	270	30442561	56009
chr6	30386552	30586552	harbor1	chr6	30457693	30458430	LTR/ERV1	1410	+	368	30458061	71509
chr6	139275446	139475446	harbor1	chr6	139289070	139289527	LTR/ERV1	3470	+	228	139289298	13852
chr6	139275446	139475446	harbor1	chr6	139312645	139313063	LTR/ERV1	2170	+	209	139312854	37408
chr6	139275446	139475446	harbor1	chr6	139313372	139313464	LTR/ERV1	2170	+	46	139313418	37972
chr6	139275446	139475446	harbor1	chr6	139313782	139314674	LTR/ERV1	5332	+	446	139314228	38782
chr6	139275446	139475446	harbor1	chr6	139314719	139315429	LTR/ERV1	3433	+	355	139315074	39628
chr6	139275446	139475446	harbor1	chr6	139316173	139316659	LTR/ERV1	2928	+	243	139316416	40970
chr6	139275446	139475446	harbor1	chr6	139326277	139326806	LTR/ERV1	2202	+	264	139326541	51095
chr6	139275446	139475446	harbor1	chr6	139327101	139327131	LTR/ERV1	2202	+	15	139327116	51670
chr6	42952369	43152369	harbor1	chr6	42954338	42954909	LTR/ERV1	4582	+	286	42954624	2255
chr6	30366711	30566711	harbor1	chr6	30405806	30406317	LTR/ERV1	1599	+	256	30406062	39351
chr6	30366711	30566711	harbor1	chr6	30442291	30442831	LTR/ERV1	1300	+	270	30442561	75850
chr6	30366711	30566711	harbor1	chr6	30457693	30458430	LTR/ERV1	1410	+	368	30458061	91350
chr6	139275475	139475475	harbor1	chr6	139289070	139289527	LTR/ERV1	3470	+	228	139289298	13823
chr6	139275475	139475475	harbor1	chr6	139312645	139313063	LTR/ERV1	2170	+	209	139312854	37379
chr6	139275475	139475475	harbor1	chr6	139313372	139313464	LTR/ERV1	2170	+	46	139313418	37943
chr6	139275475	139475475	harbor1	chr6	139313782	139314674	LTR/ERV1	5332	+	446	139314228	38753
chr6	139275475	139475475	harbor1	chr6	139314719	139315429	LTR/ERV1	3433	+	355	139315074	39599
chr6	139275475	139475475	harbor1	chr6	139316173	139316659	LTR/ERV1	2928	+	243	139316416	40941
chr6	139275475	139475475	harbor1	chr6	139326277	139326806	LTR/ERV1	2202	+	264	139326541	51066
chr6	139275475	139475475	harbor1	chr6	139327101	139327131	LTR/ERV1	2202	+	15	139327116	51641
chr6	30366632	30566632	harbor1	chr6	30405806	30406317	LTR/ERV1	1599	+	256	30406062	39430
chr6	30366632	30566632	harbor1	chr6	30442291	30442831	LTR/ERV1	1300	+	270	30442561	75929
chr6	30366632	30566632	harbor1	chr6	30457693	30458430	LTR/ERV1	1410	+	368	30458061	91429
chr6	139274465	139474465	harbor1	chr6	139289070	139289527	LTR/ERV1	3470	+	228	139289298	14833
chr6	139274465	139474465	harbor1	chr6	139312645	139313063	LTR/ERV1	2170	+	209	139312854	38389
chr6	139274465	139474465	harbor1	chr6	139313372	139313464	LTR/ERV1	2170	+	46	139313418	38953
chr6	139274465	139474465	harbor1	chr6	139313782	139314674	LTR/ERV1	5332	+	446	139314228	39763
chr6	139274465	139474465	harbor1	chr6	139314719	139315429	LTR/ERV1	3433	+	355	139315074	40609
chr6	139274465	139474465	harbor1	chr6	139316173	139316659	LTR/ERV1	2928	+	243	139316416	41951
chr6	139274465	139474465	harbor1	chr6	139326277	139326806	LTR/ERV1	2202	+	264	139326541	52076
chr6	139274465	139474465	harbor1	chr6	139327101	139327131	LTR/ERV1	2202	+	15	139327116	52651
chr6	52184695	52384695	harbor1	chr6	52211354	52212093	LTR/ERV1	3586	+	370	52211724	27029
chr6	52184695	52384695	harbor1	chr6	52217856	52218281	LTR/ERV1	1631	+	212	52218068	33373
chr6	3749398	3949398	harbor1	chr6	3753120	3753621	LTR/ERV1	2981	+	250	3753370	3972
chr6	3749398	3949398	harbor1	chr6	3753622	3753977	LTR/ERV1	2556	+	178	3753800	4402
chr6	3749398	3949398	harbor1	chr6	3753978	3753995	LTR/ERV1	2981	+	8	3753986	4588
chr6	3749398	3949398	harbor1	chr6	3757991	3759348	LTR/ERV1	8909	+	678	3758669	9271
chr6	3749398	3949398	harbor1	chr6	3761203	3762164	LTR/ERV1	3003	+	480	3761683	12285
chr6	3749398	3949398	harbor1	chr6	3771456	3772976	LTR/ERV1	10159	+	760	3772216	22818
chr6	3749398	3949398	harbor1	chr6	3802278	3802403	LTR/ERV1	520	+	62	3802340	52942
chr6	3749398	3949398	harbor1	chr6	3802699	3802851	LTR/ERV1	520	+	76	3802775	53377
chr6	150800581	151000581	harbor1	chr6	150849127	150849867	LTR/ERV1	4588	+	370	150849497	48916
chr6	150800581	151000581	harbor1	chr6	150849884	150850652	LTR/ERV1	6144	+	384	150850268	49687
chr6	150800581	151000581	harbor1	chr6	150850651	150855902	LTR/ERV1	45261	+	2626	150853277	52696
chr6	150800581	151000581	harbor1	chr6	150855903	150856692	LTR/ERV1	5014	+	394	150856297	55716
chr6	147063104	147263104	harbor1	chr6	147069134	147069762	LTR/ERV1	2925	+	314	147069448	6344
chr6	147063104	147263104	harbor1	chr6	147088414	147089139	LTR/ERV1	3787	+	362	147088776	25672
chr6	147063104	147263104	harbor1	chr6	147089905	147090725	LTR/ERV1	2670	+	410	147090315	27211
chr6	147063104	147263104	harbor1	chr6	147111195	147111321	LTR/ERV1	463	+	63	147111258	48154
chr6	147063104	147263104	harbor1	chr6	147145376	147145782	LTR/ERV1	1001	+	203	147145579	82475
chr6	124862409	125062409	harbor1	chr6	124887366	124888196	LTR/ERV1	4901	+	415	124887781	25372
chr6	124862409	125062409	harbor1	chr6	124890407	124890840	LTR/ERV1	2646	+	216	124890623	28214
chr6	124862409	125062409	harbor1	chr6	124890841	124891791	LTR/ERV1	20904	+	475	124891316	28907
chr6	124862409	125062409	harbor1	chr6	124891792	124893381	LTR/ERV1	11377	+	794	124892586	30177
chr6	124862409	125062409	harbor1	chr6	124895435	124895584	LTR/ERV1	965	+	74	124895509	33100
chr6	124862409	125062409	harbor1	chr6	124895575	124896074	LTR/ERV1	3329	+	250	124895825	33416
chr6	124862409	125062409	harbor1	chr6	124896077	124896736	LTR/ERV1	4251	+	330	124896407	33998
chr6	124862409	125062409	harbor1	chr6	124896738	124896953	LTR/ERV1	1401	+	108	124896846	34437
chr6	124862409	125062409	harbor1	chr6	124896952	124897329	LTR/ERV1	2499	+	188	124897140	34731
chr6	124862409	125062409	harbor1	chr6	124897330	124897763	LTR/ERV1	2702	+	216	124897546	35137
chr6	124862409	125062409	harbor1	chr6	124926296	124926423	LTR/ERV1	465	+	64	124926360	63951
chr6	124862409	125062409	harbor1	chr6	124893382	124895455	LTR/ERV1	20904	+	1036	124894418	32009
chr6	169863974	170063974	harbor1	chr6	169911820	169912564	LTR/ERV1	4306	+	372	169912192	48218
chr6	135363713	135563713	harbor1	chr6	135400623	135401045	LTR/ERV1	2678	+	211	135400834	37121
chr6	146813086	147013086	harbor1	chr6	146823314	146823509	LTR/ERV1	584	+	98	146823412	10326
chr6	146813086	147013086	harbor1	chr6	146828135	146828928	LTR/ERV1	4113	+	396	146828531	15445
chr6	146813086	147013086	harbor1	chr6	146829859	146830716	LTR/ERV1	5082	+	428	146830287	17201
chr6	146813086	147013086	harbor1	chr6	146879944	146880550	LTR/ERV1	3916	+	303	146880247	67161
chr6	146813086	147013086	harbor1	chr6	146883926	146884252	LTR/ERV1	1894	+	163	146884089	71003
chr6	106529506	106729506	harbor1	chr6	106604387	106604868	LTR/ERV1	1014	+	240	106604627	75121
chr6	106529506	106729506	harbor1	chr6	106612550	106613049	LTR/ERV1	3226	+	250	106612800	83294
chr6	106529506	106729506	harbor1	chr6	106613597	106614165	LTR/ERV1	3343	+	284	106613881	84375
chr6	130963222	131163222	harbor1	chr6	130980603	130980731	LTR/ERV1	684	+	64	130980667	17445
chr6	130963222	131163222	harbor1	chr6	130980772	130981005	LTR/ERV1	1215	+	116	130980888	17666
chr6	130963222	131163222	harbor1	chr6	130985014	130985625	LTR/ERV1	3675	+	306	130985320	22098
chr6	130963222	131163222	harbor1	chr6	130994708	130995045	LTR/ERV1	2155	+	168	130994876	31654
chr6	130963222	131163222	harbor1	chr6	130995513	130995662	LTR/ERV1	1044	+	74	130995587	32365
chr6	130963222	131163222	harbor1	chr6	130973518	130973863	LTR/ERV1	1746	+	172	130973690	10468
chr6	133853442	134053442	harbor1	chr6	133867754	133868072	LTR/ERV1	2295	+	159	133867913	14471
chr6	133853442	134053442	harbor1	chr6	133918518	133918981	LTR/ERV1	772	+	232	133918750	65308
chr6	133853442	134053442	harbor1	chr6	133940776	133941237	LTR/ERV1	2240	+	230	133941006	87564
chr6	37070864	37270864	harbor1	chr6	37123524	37123722	LTR/ERV1	885	+	99	37123623	52759
chr6	37070864	37270864	harbor1	chr6	37124559	37124828	LTR/ERV1	1660	+	134	37124693	53829
chr6	139275440	139475440	harbor1	chr6	139289070	139289527	LTR/ERV1	3470	+	228	139289298	13858
chr6	139275440	139475440	harbor1	chr6	139312645	139313063	LTR/ERV1	2170	+	209	139312854	37414
chr6	139275440	139475440	harbor1	chr6	139313372	139313464	LTR/ERV1	2170	+	46	139313418	37978
chr6	139275440	139475440	harbor1	chr6	139313782	139314674	LTR/ERV1	5332	+	446	139314228	38788
chr6	139275440	139475440	harbor1	chr6	139314719	139315429	LTR/ERV1	3433	+	355	139315074	39634
chr6	139275440	139475440	harbor1	chr6	139316173	139316659	LTR/ERV1	2928	+	243	139316416	40976
chr6	139275440	139475440	harbor1	chr6	139326277	139326806	LTR/ERV1	2202	+	264	139326541	51101
chr6	139275440	139475440	harbor1	chr6	139327101	139327131	LTR/ERV1	2202	+	15	139327116	51676
chr6	124862399	125062399	harbor1	chr6	124887366	124888196	LTR/ERV1	4901	+	415	124887781	25382
chr6	124862399	125062399	harbor1	chr6	124890407	124890840	LTR/ERV1	2646	+	216	124890623	28224
chr6	124862399	125062399	harbor1	chr6	124890841	124891791	LTR/ERV1	20904	+	475	124891316	28917
chr6	124862399	125062399	harbor1	chr6	124891792	124893381	LTR/ERV1	11377	+	794	124892586	30187
chr6	124862399	125062399	harbor1	chr6	124895435	124895584	LTR/ERV1	965	+	74	124895509	33110
chr6	124862399	125062399	harbor1	chr6	124895575	124896074	LTR/ERV1	3329	+	250	124895825	33426
chr6	124862399	125062399	harbor1	chr6	124896077	124896736	LTR/ERV1	4251	+	330	124896407	34008
chr6	124862399	125062399	harbor1	chr6	124896738	124896953	LTR/ERV1	1401	+	108	124896846	34447
chr6	124862399	125062399	harbor1	chr6	124896952	124897329	LTR/ERV1	2499	+	188	124897140	34741
chr6	124862399	125062399	harbor1	chr6	124897330	124897763	LTR/ERV1	2702	+	216	124897546	35147
chr6	124862399	125062399	harbor1	chr6	124926296	124926423	LTR/ERV1	465	+	64	124926360	63961
chr6	124862399	125062399	harbor1	chr6	124893382	124895455	LTR/ERV1	20904	+	1036	124894418	32019
chr6	35589290	35789290	harbor1	chr6	35624144	35624355	LTR/ERV1	751	+	106	35624250	34960
chr6	35589290	35789290	harbor1	chr6	35624549	35624901	LTR/ERV1	1672	+	176	35624725	35435
chr6	169864066	170064066	harbor1	chr6	169911820	169912564	LTR/ERV1	4306	+	372	169912192	48126
chr6	37070857	37270857	harbor1	chr6	37123524	37123722	LTR/ERV1	885	+	99	37123623	52766
chr6	37070857	37270857	harbor1	chr6	37124559	37124828	LTR/ERV1	1660	+	134	37124693	53836
chr6	139275439	139475439	harbor1	chr6	139289070	139289527	LTR/ERV1	3470	+	228	139289298	13859
chr6	139275439	139475439	harbor1	chr6	139312645	139313063	LTR/ERV1	2170	+	209	139312854	37415
chr6	139275439	139475439	harbor1	chr6	139313372	139313464	LTR/ERV1	2170	+	46	139313418	37979
chr6	139275439	139475439	harbor1	chr6	139313782	139314674	LTR/ERV1	5332	+	446	139314228	38789
chr6	139275439	139475439	harbor1	chr6	139314719	139315429	LTR/ERV1	3433	+	355	139315074	39635
chr6	139275439	139475439	harbor1	chr6	139316173	139316659	LTR/ERV1	2928	+	243	139316416	40977
chr6	139275439	139475439	harbor1	chr6	139326277	139326806	LTR/ERV1	2202	+	264	139326541	51102
chr6	139275439	139475439	harbor1	chr6	139327101	139327131	LTR/ERV1	2202	+	15	139327116	51677
chr6	139275169	139475169	harbor1	chr6	139289070	139289527	LTR/ERV1	3470	+	228	139289298	14129
chr6	139275169	139475169	harbor1	chr6	139312645	139313063	LTR/ERV1	2170	+	209	139312854	37685
chr6	139275169	139475169	harbor1	chr6	139313372	139313464	LTR/ERV1	2170	+	46	139313418	38249
chr6	139275169	139475169	harbor1	chr6	139313782	139314674	LTR/ERV1	5332	+	446	139314228	39059
chr6	139275169	139475169	harbor1	chr6	139314719	139315429	LTR/ERV1	3433	+	355	139315074	39905
chr6	139275169	139475169	harbor1	chr6	139316173	139316659	LTR/ERV1	2928	+	243	139316416	41247
chr6	139275169	139475169	harbor1	chr6	139326277	139326806	LTR/ERV1	2202	+	264	139326541	51372
chr6	139275169	139475169	harbor1	chr6	139327101	139327131	LTR/ERV1	2202	+	15	139327116	51947
chr6	139274579	139474579	harbor1	chr6	139289070	139289527	LTR/ERV1	3470	+	228	139289298	14719
chr6	139274579	139474579	harbor1	chr6	139312645	139313063	LTR/ERV1	2170	+	209	139312854	38275
chr6	139274579	139474579	harbor1	chr6	139313372	139313464	LTR/ERV1	2170	+	46	139313418	38839
chr6	139274579	139474579	harbor1	chr6	139313782	139314674	LTR/ERV1	5332	+	446	139314228	39649
chr6	139274579	139474579	harbor1	chr6	139314719	139315429	LTR/ERV1	3433	+	355	139315074	40495
chr6	139274579	139474579	harbor1	chr6	139316173	139316659	LTR/ERV1	2928	+	243	139316416	41837
chr6	139274579	139474579	harbor1	chr6	139326277	139326806	LTR/ERV1	2202	+	264	139326541	51962
chr6	139274579	139474579	harbor1	chr6	139327101	139327131	LTR/ERV1	2202	+	15	139327116	52537
chr6	11714941	11914941	harbor1	chr6	11786725	11788884	LTR/ERV1	7253	+	1080	11787805	72864
chr6	11714941	11914941	harbor1	chr6	11789210	11789390	LTR/ERV1	734	+	90	11789300	74359
chr6	11714941	11914941	harbor1	chr6	11790206	11791263	LTR/ERV1	2022	+	528	11790734	75793
chr6	11714941	11914941	harbor1	chr6	11804746	11805336	LTR/ERV1	3204	+	295	11805041	90100
chr6	37070849	37270849	harbor1	chr6	37123524	37123722	LTR/ERV1	885	+	99	37123623	52774
chr6	37070849	37270849	harbor1	chr6	37124559	37124828	LTR/ERV1	1660	+	134	37124693	53844
chr6	18268218	18468218	harbor1	chr6	18289901	18290629	LTR/ERV1	1394	+	364	18290265	22047
chr6	18268218	18468218	harbor1	chr6	18290940	18291338	LTR/ERV1	1394	+	199	18291139	22921
chr6	31996199	32196199	harbor1	chr6	32054772	32055346	LTR/ERV1	2501	+	287	32055059	58860
chr6	150800587	151000587	harbor1	chr6	150849127	150849867	LTR/ERV1	4588	+	370	150849497	48910
chr6	150800587	151000587	harbor1	chr6	150849884	150850652	LTR/ERV1	6144	+	384	150850268	49681
chr6	150800587	151000587	harbor1	chr6	150850651	150855902	LTR/ERV1	45261	+	2626	150853277	52690
chr6	150800587	151000587	harbor1	chr6	150855903	150856692	LTR/ERV1	5014	+	394	150856297	55710
chr6	139275128	139475128	harbor1	chr6	139289070	139289527	LTR/ERV1	3470	+	228	139289298	14170
chr6	139275128	139475128	harbor1	chr6	139312645	139313063	LTR/ERV1	2170	+	209	139312854	37726
chr6	139275128	139475128	harbor1	chr6	139313372	139313464	LTR/ERV1	2170	+	46	139313418	38290
chr6	139275128	139475128	harbor1	chr6	139313782	139314674	LTR/ERV1	5332	+	446	139314228	39100
chr6	139275128	139475128	harbor1	chr6	139314719	139315429	LTR/ERV1	3433	+	355	139315074	39946
chr6	139275128	139475128	harbor1	chr6	139316173	139316659	LTR/ERV1	2928	+	243	139316416	41288
chr6	139275128	139475128	harbor1	chr6	139326277	139326806	LTR/ERV1	2202	+	264	139326541	51413
chr6	139275128	139475128	harbor1	chr6	139327101	139327131	LTR/ERV1	2202	+	15	139327116	51988
chr6	139275156	139475156	harbor1	chr6	139289070	139289527	LTR/ERV1	3470	+	228	139289298	14142
chr6	139275156	139475156	harbor1	chr6	139312645	139313063	LTR/ERV1	2170	+	209	139312854	37698
chr6	139275156	139475156	harbor1	chr6	139313372	139313464	LTR/ERV1	2170	+	46	139313418	38262
chr6	139275156	139475156	harbor1	chr6	139313782	139314674	LTR/ERV1	5332	+	446	139314228	39072
chr6	139275156	139475156	harbor1	chr6	139314719	139315429	LTR/ERV1	3433	+	355	139315074	39918
chr6	139275156	139475156	harbor1	chr6	139316173	139316659	LTR/ERV1	2928	+	243	139316416	41260
chr6	139275156	139475156	harbor1	chr6	139326277	139326806	LTR/ERV1	2202	+	264	139326541	51385
chr6	139275156	139475156	harbor1	chr6	139327101	139327131	LTR/ERV1	2202	+	15	139327116	51960
chr6	41448352	41648352	harbor1	chr6	41455876	41456301	LTR/ERV1	661	+	212	41456088	7736
chr6	52184723	52384723	harbor1	chr6	52211354	52212093	LTR/ERV1	3586	+	370	52211724	27001
chr6	52184723	52384723	harbor1	chr6	52217856	52218281	LTR/ERV1	1631	+	212	52218068	33345
chr6	7626959	7826959	harbor1	chr6	7668248	7668579	LTR/ERV1	460	+	166	7668414	41455
chr6	7626959	7826959	harbor1	chr6	7699068	7699141	LTR/ERV1	3769	+	36	7699104	72145
chr6	7626959	7826959	harbor1	chr6	7699446	7699990	LTR/ERV1	3769	+	272	7699718	72759
chr6	7626959	7826959	harbor1	chr6	7710556	7710726	LTR/ERV1	591	+	85	7710641	83682
chr6	3682582	3882582	harbor1	chr6	3698022	3698496	LTR/ERV1	3508	+	237	3698259	15677
chr6	3682582	3882582	harbor1	chr6	3701691	3702446	LTR/ERV1	2649	+	378	3702069	19487
chr6	3682582	3882582	harbor1	chr6	3753120	3753621	LTR/ERV1	2981	+	250	3753370	70788
chr6	3682582	3882582	harbor1	chr6	3753622	3753977	LTR/ERV1	2556	+	178	3753800	71218
chr6	3682582	3882582	harbor1	chr6	3753978	3753995	LTR/ERV1	2981	+	8	3753986	71404
chr6	3682582	3882582	harbor1	chr6	3757991	3759348	LTR/ERV1	8909	+	678	3758669	76087
chr6	3682582	3882582	harbor1	chr6	3761203	3762164	LTR/ERV1	3003	+	480	3761683	79101
chr6	3682582	3882582	harbor1	chr6	3771456	3772976	LTR/ERV1	10159	+	760	3772216	89634
chr6	6446460	6646460	harbor1	chr6	6462718	6463102	LTR/ERV1	3000	+	192	6462910	16450
chr6	6446460	6646460	harbor1	chr6	6477682	6478452	LTR/ERV1	6083	+	385	6478067	31607
chr6	169863372	170063372	harbor1	chr6	169911820	169912564	LTR/ERV1	4306	+	372	169912192	48820
chr6	169864117	170064117	harbor1	chr6	169911820	169912564	LTR/ERV1	4306	+	372	169912192	48075
chr6	169811811	170011811	harbor1	chr6	169819169	169819614	LTR/ERV1	3062	+	222	169819391	7580
chr6	169811811	170011811	harbor1	chr6	169820265	169820327	LTR/ERV1	2989	+	31	169820296	8485
chr6	169811811	170011811	harbor1	chr6	169820581	169821618	LTR/ERV1	6329	+	518	169821099	9288
chr6	169811811	170011811	harbor1	chr6	169821630	169822076	LTR/ERV1	3274	+	223	169821853	10042
chr6	169811811	170011811	harbor1	chr6	169819620	169820208	LTR/ERV1	2989	+	294	169819914	8103
chr6	139274599	139474599	harbor1	chr6	139289070	139289527	LTR/ERV1	3470	+	228	139289298	14699
chr6	139274599	139474599	harbor1	chr6	139312645	139313063	LTR/ERV1	2170	+	209	139312854	38255
chr6	139274599	139474599	harbor1	chr6	139313372	139313464	LTR/ERV1	2170	+	46	139313418	38819
chr6	139274599	139474599	harbor1	chr6	139313782	139314674	LTR/ERV1	5332	+	446	139314228	39629
chr6	139274599	139474599	harbor1	chr6	139314719	139315429	LTR/ERV1	3433	+	355	139315074	40475
chr6	139274599	139474599	harbor1	chr6	139316173	139316659	LTR/ERV1	2928	+	243	139316416	41817
chr6	139274599	139474599	harbor1	chr6	139326277	139326806	LTR/ERV1	2202	+	264	139326541	51942
chr6	139274599	139474599	harbor1	chr6	139327101	139327131	LTR/ERV1	2202	+	15	139327116	52517
chr6	107718661	107918661	harbor1	chr6	107740478	107741053	LTR/ERV1	1804	+	288	107740766	22105
chr6	107718661	107918661	harbor1	chr6	107743252	107743424	LTR/ERV1	546	+	86	107743338	24677
chr6	107718661	107918661	harbor1	chr6	107765565	107765632	LTR/ERV1	461	+	34	107765599	46938
chr6	52184760	52384760	harbor1	chr6	52211354	52212093	LTR/ERV1	3586	+	370	52211724	26964
chr6	52184760	52384760	harbor1	chr6	52217856	52218281	LTR/ERV1	1631	+	212	52218068	33308
chr6	7626659	7826659	harbor1	chr6	7668248	7668579	LTR/ERV1	460	+	166	7668414	41755
chr6	7626659	7826659	harbor1	chr6	7699068	7699141	LTR/ERV1	3769	+	36	7699104	72445
chr6	7626659	7826659	harbor1	chr6	7699446	7699990	LTR/ERV1	3769	+	272	7699718	73059
chr6	7626659	7826659	harbor1	chr6	7710556	7710726	LTR/ERV1	591	+	85	7710641	83982
chr6	7626996	7826996	harbor1	chr6	7668248	7668579	LTR/ERV1	460	+	166	7668414	41418
chr6	7626996	7826996	harbor1	chr6	7699068	7699141	LTR/ERV1	3769	+	36	7699104	72108
chr6	7626996	7826996	harbor1	chr6	7699446	7699990	LTR/ERV1	3769	+	272	7699718	72722
chr6	7626996	7826996	harbor1	chr6	7710556	7710726	LTR/ERV1	591	+	85	7710641	83645
chr6	169993799	170193799	harbor1	chr6	169999476	170000000	LTR/ERV1	1700	+	262	169999738	5939
chr6	169993799	170193799	harbor1	chr6	170000002	170000155	LTR/ERV1	759	+	76	170000078	6279
chr6	169993799	170193799	harbor1	chr6	170035481	170035852	LTR/ERV1	1848	+	186	170035667	41868
chr6	169993799	170193799	harbor1	chr6	170040666	170041257	LTR/ERV1	2224	+	296	170040962	47163
chr6	169993799	170193799	harbor1	chr6	170042710	170043198	LTR/ERV1	2261	+	244	170042954	49155
chr6	146813048	147013048	harbor1	chr6	146823314	146823509	LTR/ERV1	584	+	98	146823412	10364
chr6	146813048	147013048	harbor1	chr6	146828135	146828928	LTR/ERV1	4113	+	396	146828531	15483
chr6	146813048	147013048	harbor1	chr6	146829859	146830716	LTR/ERV1	5082	+	428	146830287	17239
chr6	146813048	147013048	harbor1	chr6	146879944	146880550	LTR/ERV1	3916	+	303	146880247	67199
chr6	146813048	147013048	harbor1	chr6	146883926	146884252	LTR/ERV1	1894	+	163	146884089	71041
chr6	157938132	158138132	harbor1	chr6	157973938	157974093	LTR/ERV1	851	+	78	157974016	35884
chr6	157938132	158138132	harbor1	chr6	158004149	158004773	LTR/ERV1	4781	+	312	158004461	66329
chr7	44439898	44639898	harbor1	chr7	44469002	44469410	LTR/ERV1	1504	+	204	44469206	29308
chr7	72825086	73025086	harbor1	chr7	72850899	72851370	LTR/ERV1	2438	+	236	72851135	26049
chr7	72825086	73025086	harbor1	chr7	72875216	72875398	LTR/ERV1	2233	+	91	72875307	50221
chr7	72825086	73025086	harbor1	chr7	72875708	72875955	LTR/ERV1	2233	+	124	72875832	50746
chr7	72825086	73025086	harbor1	chr7	72876281	72876380	LTR/ERV1	2233	+	50	72876331	51245
chr7	72825086	73025086	harbor1	chr7	72876684	72876821	LTR/ERV1	2233	+	68	72876752	51666
chr7	72825086	73025086	harbor1	chr7	72877265	72877905	LTR/ERV1	4205	+	320	72877585	52499
chr7	72825086	73025086	harbor1	chr7	72878166	72878474	LTR/ERV1	4205	+	154	72878320	53234
chr7	148600313	148800313	harbor1	chr7	148611173	148611970	LTR/ERV1	4763	+	398	148611571	11258
chr7	1758857	1958857	harbor1	chr7	1768826	1769284	LTR/ERV1	2530	+	229	1769055	10198
chr7	1758857	1958857	harbor1	chr7	1770413	1770673	LTR/ERV1	462	+	130	1770543	11686
chr7	1758857	1958857	harbor1	chr7	1781795	1782035	LTR/ERV1	1818	+	120	1781915	23058
chr7	1758857	1958857	harbor1	chr7	1782339	1782564	LTR/ERV1	1818	+	112	1782451	23594
chr7	25270019	25470019	harbor1	chr7	25287224	25287579	LTR/ERV1	2802	+	178	25287402	17383
chr7	25270019	25470019	harbor1	chr7	25287721	25287773	LTR/ERV1	2802	+	26	25287747	17728
chr7	25270019	25470019	harbor1	chr7	25351633	25352109	LTR/ERV1	1781	+	238	25351871	81852
chr7	25270019	25470019	harbor1	chr7	25352388	25352437	LTR/ERV1	1781	+	24	25352412	82393
chr7	148598238	148798238	harbor1	chr7	148611173	148611970	LTR/ERV1	4763	+	398	148611571	13333
chr7	123649232	123849232	harbor1	chr7	123719431	123719881	LTR/ERV1	2822	+	225	123719656	70424
chr7	32628568	32828568	harbor1	chr7	32658790	32659163	LTR/ERV1	1060	+	186	32658976	30408
chr7	32628568	32828568	harbor1	chr7	32680768	32681266	LTR/ERV1	2622	+	249	32681017	52449
chr7	44506780	44706780	harbor1	chr7	44603456	44603488	LTR/ERV1	1473	+	16	44603472	96692
chr7	44506780	44706780	harbor1	chr7	44603797	44604282	LTR/ERV1	1473	+	242	44604039	97259
chr7	1762067	1962067	harbor1	chr7	1768826	1769284	LTR/ERV1	2530	+	229	1769055	6988
chr7	1762067	1962067	harbor1	chr7	1770413	1770673	LTR/ERV1	462	+	130	1770543	8476
chr7	1762067	1962067	harbor1	chr7	1781795	1782035	LTR/ERV1	1818	+	120	1781915	19848
chr7	1762067	1962067	harbor1	chr7	1782339	1782564	LTR/ERV1	1818	+	112	1782451	20384
chr7	97770965	97970965	harbor1	chr7	97836207	97836647	LTR/ERV1	2055	+	220	97836427	65462
chr7	97770965	97970965	harbor1	chr7	97840419	97840776	LTR/ERV1	1293	+	178	97840597	69632
chr7	97770965	97970965	harbor1	chr7	97841081	97841179	LTR/ERV1	1293	+	49	97841130	70165
chr7	100027600	100227600	harbor1	chr7	100041843	100042033	LTR/ERV1	1030	+	95	100041938	14338
chr7	100027600	100227600	harbor1	chr7	100043676	100043745	LTR/ERV1	2092	+	34	100043710	16110
chr7	100027600	100227600	harbor1	chr7	100044077	100044386	LTR/ERV1	2092	+	154	100044231	16631
chr7	100027600	100227600	harbor1	chr7	100044706	100044725	LTR/ERV1	2092	+	10	100044716	17116
chr7	100027600	100227600	harbor1	chr7	100048030	100048471	LTR/ERV1	3577	+	220	100048250	20650
chr7	100027600	100227600	harbor1	chr7	100049008	100049341	LTR/ERV1	3577	+	166	100049174	21574
chr7	100027600	100227600	harbor1	chr7	100082616	100083179	LTR/ERV1	3539	+	282	100082898	55298
chr7	32307595	32507595	harbor1	chr7	32358922	32359374	LTR/ERV1	1732	+	226	32359148	51553
chr7	32307595	32507595	harbor1	chr7	32378288	32378965	LTR/ERV1	3924	+	338	32378626	71031
chr7	142715604	142915604	harbor1	chr7	142781563	142781641	LTR/ERV1	3943	+	39	142781602	65998
chr7	142715604	142915604	harbor1	chr7	142781952	142782610	LTR/ERV1	3943	+	329	142782281	66677
chr7	123649230	123849230	harbor1	chr7	123719431	123719881	LTR/ERV1	2822	+	225	123719656	70426
chr7	123649229	123849229	harbor1	chr7	123719431	123719881	LTR/ERV1	2822	+	225	123719656	70427
chr7	123649200	123849200	harbor1	chr7	123719431	123719881	LTR/ERV1	2822	+	225	123719656	70456
chr7	44506860	44706860	harbor1	chr7	44603456	44603488	LTR/ERV1	1473	+	16	44603472	96612
chr7	44506860	44706860	harbor1	chr7	44603797	44604282	LTR/ERV1	1473	+	242	44604039	97179
chr7	158138716	158338716	harbor1	chr7	158152500	158152879	LTR/ERV1	1838	+	190	158152690	13974
chr7	158138716	158338716	harbor1	chr7	158152971	158153614	LTR/ERV1	3458	+	322	158153293	14577
chr7	158138716	158338716	harbor1	chr7	158179677	158180163	LTR/ERV1	2503	+	243	158179920	41204
chr7	158138716	158338716	harbor1	chr7	158201276	158202022	LTR/ERV1	5601	+	373	158201649	62933
chr7	100328345	100528345	harbor1	chr7	100381554	100382995	LTR/ERV1	9817	+	720	100382274	53929
chr7	44439822	44639822	harbor1	chr7	44469002	44469410	LTR/ERV1	1504	+	204	44469206	29384
chr7	24657323	24857323	harbor1	chr7	24755098	24755634	LTR/ERV1	2466	+	268	24755366	98043
chr7	14798299	14998299	harbor1	chr7	14798314	14798593	LTR/ERV1	2313	+	140	14798454	155
chr7	14798299	14998299	harbor1	chr7	14876031	14876516	LTR/ERV1	2140	+	242	14876273	77974
chr7	14798299	14998299	harbor1	chr7	14881838	14882089	LTR/ERV1	475	+	126	14881964	83665
chr7	149048098	149248098	harbor1	chr7	149066524	149066633	LTR/ERV1	555	+	54	149066578	18480
chr7	149048098	149248098	harbor1	chr7	149066979	149067086	LTR/ERV1	1081	+	54	149067033	18935
chr7	149048098	149248098	harbor1	chr7	149067383	149067409	LTR/ERV1	1081	+	13	149067396	19298
chr7	149048098	149248098	harbor1	chr7	149067716	149067817	LTR/ERV1	1081	+	50	149067766	19668
chr7	149048098	149248098	harbor1	chr7	149068058	149068294	LTR/ERV1	1403	+	118	149068176	20078
chr7	149048098	149248098	harbor1	chr7	149145290	149145884	LTR/ERV1	3598	+	297	149145587	97489
chr7	44654661	44854661	harbor1	chr7	44713869	44714489	LTR/ERV1	3149	+	310	44714179	59518
chr7	44654661	44854661	harbor1	chr7	44729492	44730548	LTR/ERV1	3845	+	528	44730020	75359
chr7	90496291	90696291	harbor1	chr7	90575190	90575602	LTR/ERV1	1401	+	206	90575396	79105
chr7	139380111	139580111	harbor1	chr7	139447371	139447399	LTR/ERV1	2164	+	14	139447385	67274
chr7	139380111	139580111	harbor1	chr7	139447703	139447989	LTR/ERV1	2164	+	143	139447846	67735
chr7	139380111	139580111	harbor1	chr7	139448296	139448448	LTR/ERV1	2164	+	76	139448372	68261
chr7	139380111	139580111	harbor1	chr7	139461465	139461863	LTR/ERV1	2414	+	199	139461664	81553
chr7	139380111	139580111	harbor1	chr7	139461864	139464526	LTR/ERV1	12777	+	1331	139463195	83084
chr7	139380111	139580111	harbor1	chr7	139464527	139465412	LTR/ERV1	6057	+	442	139464969	84858
chr7	139380111	139580111	harbor1	chr7	139465719	139466471	LTR/ERV1	6057	+	376	139466095	85984
chr7	139380111	139580111	harbor1	chr7	139466439	139466703	LTR/ERV1	1400	+	132	139466571	86460
chr7	139380111	139580111	harbor1	chr7	139466697	139467289	LTR/ERV1	3413	+	296	139466993	86882
chr7	139380111	139580111	harbor1	chr7	139467290	139467404	LTR/ERV1	1935	+	57	139467347	87236
chr7	139380111	139580111	harbor1	chr7	139468374	139468653	LTR/ERV1	1935	+	140	139468514	88403
chr7	25244355	25444355	harbor1	chr7	25248074	25248765	LTR/ERV1	2821	+	346	25248420	4065
chr7	25244355	25444355	harbor1	chr7	25287224	25287579	LTR/ERV1	2802	+	178	25287402	43047
chr7	25244355	25444355	harbor1	chr7	25287721	25287773	LTR/ERV1	2802	+	26	25287747	43392
chr7	150296831	150496831	harbor1	chr7	150307240	150307703	LTR/ERV1	3239	+	232	150307472	10641
chr7	150296831	150496831	harbor1	chr7	150307704	150312283	LTR/ERV1	11427	+	2290	150309994	13163
chr7	150296831	150496831	harbor1	chr7	150312817	150313286	LTR/ERV1	3759	+	234	150313051	16220
chr7	150296831	150496831	harbor1	chr7	150320955	150321336	LTR/ERV1	1563	+	190	150321145	24314
chr7	150296831	150496831	harbor1	chr7	150322212	150322830	LTR/ERV1	4381	+	309	150322521	25690
chr7	150296831	150496831	harbor1	chr7	150342910	150343584	LTR/ERV1	2771	+	337	150343247	46416
chr7	92963	292963	harbor1	chr7	136119	136735	LTR/ERV1	4220	+	308	136427	43464
chr7	92963	292963	harbor1	chr7	140677	140948	LTR/ERV1	1426	+	136	140813	47850
chr7	92963	292963	harbor1	chr7	141037	141344	LTR/ERV1	1324	+	154	141191	48228
chr7	92963	292963	harbor1	chr7	165706	165971	LTR/ERV1	577	+	132	165838	72875
chr7	92963	292963	harbor1	chr7	187988	188409	LTR/ERV1	1517	+	210	188198	95235
chr7	100027650	100227650	harbor1	chr7	100041843	100042033	LTR/ERV1	1030	+	95	100041938	14288
chr7	100027650	100227650	harbor1	chr7	100043676	100043745	LTR/ERV1	2092	+	34	100043710	16060
chr7	100027650	100227650	harbor1	chr7	100044077	100044386	LTR/ERV1	2092	+	154	100044231	16581
chr7	100027650	100227650	harbor1	chr7	100044706	100044725	LTR/ERV1	2092	+	10	100044716	17066
chr7	100027650	100227650	harbor1	chr7	100048030	100048471	LTR/ERV1	3577	+	220	100048250	20600
chr7	100027650	100227650	harbor1	chr7	100049008	100049341	LTR/ERV1	3577	+	166	100049174	21524
chr7	100027650	100227650	harbor1	chr7	100082616	100083179	LTR/ERV1	3539	+	282	100082898	55248
chr7	44439887	44639887	harbor1	chr7	44469002	44469410	LTR/ERV1	1504	+	204	44469206	29319
chr7	25269481	25469481	harbor1	chr7	25287224	25287579	LTR/ERV1	2802	+	178	25287402	17921
chr7	25269481	25469481	harbor1	chr7	25287721	25287773	LTR/ERV1	2802	+	26	25287747	18266
chr7	25269481	25469481	harbor1	chr7	25351633	25352109	LTR/ERV1	1781	+	238	25351871	82390
chr7	25269481	25469481	harbor1	chr7	25352388	25352437	LTR/ERV1	1781	+	24	25352412	82931
chr7	44506775	44706775	harbor1	chr7	44603456	44603488	LTR/ERV1	1473	+	16	44603472	96697
chr7	44506775	44706775	harbor1	chr7	44603797	44604282	LTR/ERV1	1473	+	242	44604039	97264
chr7	128753811	128953811	harbor1	chr7	128789840	128790382	LTR/ERV1	4090	+	271	128790111	36300
chr7	127154041	127354041	harbor1	chr7	127207603	127208507	LTR/ERV1	4785	+	452	127208055	54014
chr7	104889111	105089111	harbor1	chr7	104939975	104941430	LTR/ERV1	9115	+	728	104940703	51592
chr7	6060378	6260378	harbor1	chr7	6062240	6062660	LTR/ERV1	1453	+	210	6062450	2072
chr7	102333429	102533429	harbor1	chr7	102332997	102333508	LTR/ERV1	2457	+	256	102333253	176
chr7	102333429	102533429	harbor1	chr7	102359668	102359850	LTR/ERV1	2280	+	91	102359759	26330
chr7	102333429	102533429	harbor1	chr7	102360149	102360396	LTR/ERV1	2280	+	124	102360273	26844
chr7	102333429	102533429	harbor1	chr7	102360722	102360821	LTR/ERV1	2280	+	50	102360772	27343
chr7	102333429	102533429	harbor1	chr7	102361126	102361263	LTR/ERV1	2280	+	68	102361194	27765
chr7	102333429	102533429	harbor1	chr7	102361707	102362315	LTR/ERV1	4338	+	304	102362011	28582
chr7	102333429	102533429	harbor1	chr7	102362613	102362921	LTR/ERV1	4338	+	154	102362767	29338
chr7	102333429	102533429	harbor1	chr7	102393357	102393824	LTR/ERV1	3106	+	234	102393591	60162
chr7	102333429	102533429	harbor1	chr7	102394118	102394288	LTR/ERV1	3106	+	85	102394203	60774
chr7	31971286	32171286	harbor1	chr7	32015892	32016371	LTR/ERV1	1839	+	240	32016132	44846
chr7	31971286	32171286	harbor1	chr7	32030539	32030667	LTR/ERV1	471	+	64	32030603	59317
chr7	31971286	32171286	harbor1	chr7	32030959	32031284	LTR/ERV1	1223	+	162	32031121	59835
chr7	31971286	32171286	harbor1	chr7	32035041	32035485	LTR/ERV1	3119	+	222	32035263	63977
chr7	44696529	44896529	harbor1	chr7	44713869	44714489	LTR/ERV1	3149	+	310	44714179	17650
chr7	44696529	44896529	harbor1	chr7	44729492	44730548	LTR/ERV1	3845	+	528	44730020	33491
chr7	47520643	47720643	harbor1	chr7	47531686	47532767	LTR/ERV1	5386	+	540	47532226	11583
chr7	47520643	47720643	harbor1	chr7	47595690	47595763	LTR/ERV1	480	+	36	47595726	75083
chr7	47520643	47720643	harbor1	chr7	47596039	47596181	LTR/ERV1	4894	+	71	47596110	75467
chr7	47520643	47720643	harbor1	chr7	47596505	47597140	LTR/ERV1	4894	+	318	47596823	76180
chr7	47520643	47720643	harbor1	chr7	47597141	47600035	LTR/ERV1	13879	+	1447	47598588	77945
chr7	47520643	47720643	harbor1	chr7	47600038	47600882	LTR/ERV1	5653	+	422	47600460	79817
chr7	47520643	47720643	harbor1	chr7	47603510	47604260	LTR/ERV1	5565	+	375	47603885	83242
chr7	47520643	47720643	harbor1	chr7	47618898	47619704	LTR/ERV1	5225	+	403	47619301	98658
chr7	44439928	44639928	harbor1	chr7	44469002	44469410	LTR/ERV1	1504	+	204	44469206	29278
chr7	20551436	20751436	harbor1	chr7	20551288	20551693	LTR/ERV1	2731	+	202	20551490	54
chr7	90142065	90342065	harbor1	chr7	90224172	90224642	LTR/ERV1	2718	+	235	90224407	82342
chr7	41380663	41580663	harbor1	chr7	41435024	41435608	LTR/ERV1	3602	+	292	41435316	54653
chr7	37817008	38017008	harbor1	chr7	37817145	37817578	LTR/ERV1	3239	+	216	37817361	353
chr7	37817008	38017008	harbor1	chr7	37831062	37831675	LTR/ERV1	2781	+	306	37831368	14360
chr7	37817008	38017008	harbor1	chr7	37869795	37870141	LTR/ERV1	1019	+	173	37869968	52960
chr7	37817008	38017008	harbor1	chr7	37870689	37870868	LTR/ERV1	808	+	90	37870779	53771
chr7	21261819	21461819	harbor1	chr7	21306413	21307164	LTR/ERV1	3885	+	376	21306789	44970
chr7	1763585	1963585	harbor1	chr7	1768826	1769284	LTR/ERV1	2530	+	229	1769055	5470
chr7	1763585	1963585	harbor1	chr7	1770413	1770673	LTR/ERV1	462	+	130	1770543	6958
chr7	1763585	1963585	harbor1	chr7	1781795	1782035	LTR/ERV1	1818	+	120	1781915	18330
chr7	1763585	1963585	harbor1	chr7	1782339	1782564	LTR/ERV1	1818	+	112	1782451	18866
chr7	90496236	90696236	harbor1	chr7	90575190	90575602	LTR/ERV1	1401	+	206	90575396	79160
chr7	157236661	157436661	harbor1	chr7	157293505	157293902	LTR/ERV1	1083	+	198	157293703	57042
chr7	157236661	157436661	harbor1	chr7	157307579	157307767	LTR/ERV1	1156	+	94	157307673	71012
chr7	157236661	157436661	harbor1	chr7	157309294	157309418	LTR/ERV1	1156	+	62	157309356	72695
chr7	157236661	157436661	harbor1	chr7	157314438	157314585	LTR/ERV1	797	+	74	157314512	77851
chr7	157236661	157436661	harbor1	chr7	157314586	157314607	LTR/ERV1	3380	+	10	157314596	77935
chr7	157236661	157436661	harbor1	chr7	157314922	157315247	LTR/ERV1	3380	+	162	157315084	78423
chr7	157236661	157436661	harbor1	chr7	157315546	157315710	LTR/ERV1	3380	+	82	157315628	78967
chr7	157236661	157436661	harbor1	chr7	157315901	157316169	LTR/ERV1	1865	+	134	157316035	79374
chr7	157236661	157436661	harbor1	chr7	157316170	157316728	LTR/ERV1	2025	+	279	157316449	79788
chr7	90496254	90696254	harbor1	chr7	90575190	90575602	LTR/ERV1	1401	+	206	90575396	79142
chr7	123639349	123839349	harbor1	chr7	123719431	123719881	LTR/ERV1	2822	+	225	123719656	80307
chr7	45871804	46071804	harbor1	chr7	45940125	45940877	LTR/ERV1	5653	+	376	45940501	68697
chr7	1312770	1512770	harbor1	chr7	1327735	1328140	LTR/ERV1	3171	+	202	1327937	15167
chr7	1312770	1512770	harbor1	chr7	1328445	1328501	LTR/ERV1	3171	+	28	1328473	15703
chr7	1312770	1512770	harbor1	chr7	1400400	1400808	LTR/ERV1	2129	+	204	1400604	87834
chr7	1312770	1512770	harbor1	chr7	1400854	1401305	LTR/ERV1	994	+	226	1401080	88310
chr7	1312770	1512770	harbor1	chr7	1401449	1401604	LTR/ERV1	798	+	78	1401527	88757
chr7	44439932	44639932	harbor1	chr7	44469002	44469410	LTR/ERV1	1504	+	204	44469206	29274
chr7	127283483	127483483	harbor1	chr7	127308901	127309387	LTR/ERV1	2680	+	243	127309144	25661
chr7	127283483	127483483	harbor1	chr7	127337654	127338166	LTR/ERV1	1640	+	256	127337910	54427
chr8	23408871	23608871	harbor1	chr8	23489175	23489689	LTR/ERV1	3743	+	257	23489432	80561
chr8	38169250	38369250	harbor1	chr8	38229500	38229570	LTR/ERV1	594	+	35	38229535	60285
chr8	23409382	23609382	harbor1	chr8	23489175	23489689	LTR/ERV1	3743	+	257	23489432	80050
chr8	23428927	23628927	harbor1	chr8	23489175	23489689	LTR/ERV1	3743	+	257	23489432	60505
chr8	124271348	124471348	harbor1	chr8	124338809	124338908	LTR/ERV1	2155	+	50	124338859	67511
chr8	124271348	124471348	harbor1	chr8	124339222	124339542	LTR/ERV1	2155	+	160	124339382	68034
chr8	124271348	124471348	harbor1	chr8	124340148	124340712	LTR/ERV1	1138	+	282	124340430	69082
chr8	124271348	124471348	harbor1	chr8	124340713	124340828	LTR/ERV1	619	+	58	124340771	69423
chr8	124271348	124471348	harbor1	chr8	124340848	124343117	LTR/ERV1	4800	+	1134	124341982	70634
chr8	124271348	124471348	harbor1	chr8	124343112	124343836	LTR/ERV1	2894	+	362	124343474	72126
chr8	124271348	124471348	harbor1	chr8	124344099	124345029	LTR/ERV1	2491	+	465	124344564	73216
chr8	124271348	124471348	harbor1	chr8	124345030	124345428	LTR/ERV1	2184	+	199	124345229	73881
chr8	124271348	124471348	harbor1	chr8	124356205	124356397	LTR/ERV1	740	+	96	124356301	84953
chr8	124271348	124471348	harbor1	chr8	124358340	124358756	LTR/ERV1	1952	+	208	124358548	87200
chr8	124271348	124471348	harbor1	chr8	124358757	124359475	LTR/ERV1	5814	+	359	124359116	87768
chr8	124271348	124471348	harbor1	chr8	124359760	124360106	LTR/ERV1	5814	+	173	124359933	88585
chr8	124271348	124471348	harbor1	chr8	124360107	124360148	LTR/ERV1	955	+	20	124360127	88779
chr8	124271348	124471348	harbor1	chr8	124360452	124360671	LTR/ERV1	955	+	110	124360562	89214
chr8	124271348	124471348	harbor1	chr8	124360672	124360971	LTR/ERV1	1536	+	150	124360822	89474
chr8	124271348	124471348	harbor1	chr8	124360974	124361151	LTR/ERV1	5444	+	88	124361062	89714
chr8	124271348	124471348	harbor1	chr8	124361456	124361551	LTR/ERV1	5444	+	48	124361504	90156
chr8	124271348	124471348	harbor1	chr8	124361858	124361901	LTR/ERV1	5444	+	22	124361880	90532
chr8	124271348	124471348	harbor1	chr8	124362192	124362379	LTR/ERV1	5444	+	94	124362286	90938
chr8	124271348	124471348	harbor1	chr8	124362684	124363495	LTR/ERV1	5444	+	406	124363090	91742
chr8	23428510	23628510	harbor1	chr8	23489175	23489689	LTR/ERV1	3743	+	257	23489432	60922
chr8	23428925	23628925	harbor1	chr8	23489175	23489689	LTR/ERV1	3743	+	257	23489432	60507
chr8	23428297	23628297	harbor1	chr8	23489175	23489689	LTR/ERV1	3743	+	257	23489432	61135
chr8	138636000	138836000	harbor1	chr8	138639552	138640328	LTR/ERV1	3712	+	388	138639940	3940
chr8	138636000	138836000	harbor1	chr8	138644442	138644544	LTR/ERV1	661	+	51	138644493	8493
chr8	138636000	138836000	harbor1	chr8	138644540	138644953	LTR/ERV1	2279	+	206	138644746	8746
chr8	138636000	138836000	harbor1	chr8	138644954	138645539	LTR/ERV1	4082	+	292	138645246	9246
chr8	138636000	138836000	harbor1	chr8	138648410	138649099	LTR/ERV1	3606	+	344	138648754	12754
chr8	23408903	23608903	harbor1	chr8	23489175	23489689	LTR/ERV1	3743	+	257	23489432	80529
chr8	23428962	23628962	harbor1	chr8	23489175	23489689	LTR/ERV1	3743	+	257	23489432	60470
chr8	23428983	23628983	harbor1	chr8	23489175	23489689	LTR/ERV1	3743	+	257	23489432	60449
chr8	17983945	18183945	harbor1	chr8	18015304	18015712	LTR/ERV1	1208	+	204	18015508	31563
chr8	17983945	18183945	harbor1	chr8	18015718	18015897	LTR/ERV1	675	+	90	18015808	31863
chr8	17983945	18183945	harbor1	chr8	18016187	18016260	LTR/ERV1	675	+	36	18016223	32278
chr8	17983945	18183945	harbor1	chr8	18018942	18019198	LTR/ERV1	454	+	128	18019070	35125
chr8	17983945	18183945	harbor1	chr8	18019837	18020881	LTR/ERV1	445	+	522	18020359	36414
chr8	17983945	18183945	harbor1	chr8	18020979	18022254	LTR/ERV1	1316	+	638	18021617	37672
chr8	17983945	18183945	harbor1	chr8	18023030	18023377	LTR/ERV1	690	+	174	18023204	39259
chr8	17983945	18183945	harbor1	chr8	18023994	18024138	LTR/ERV1	567	+	72	18024066	40121
chr8	17983945	18183945	harbor1	chr8	18082290	18082821	LTR/ERV1	823	+	266	18082556	98611
chr8	23428928	23628928	harbor1	chr8	23489175	23489689	LTR/ERV1	3743	+	257	23489432	60504
chr8	10820948	11020948	harbor1	chr8	10829315	10829447	LTR/ERV1	422	+	66	10829381	8433
chr8	10820948	11020948	harbor1	chr8	10837846	10838230	LTR/ERV1	1662	+	192	10838038	17090
chr8	10820948	11020948	harbor1	chr8	10844017	10844689	LTR/ERV1	2278	+	336	10844353	23405
chr8	23428391	23628391	harbor1	chr8	23489175	23489689	LTR/ERV1	3743	+	257	23489432	61041
chr8	23428850	23628850	harbor1	chr8	23489175	23489689	LTR/ERV1	3743	+	257	23489432	60582
chr8	23428493	23628493	harbor1	chr8	23489175	23489689	LTR/ERV1	3743	+	257	23489432	60939
chr8	23428942	23628942	harbor1	chr8	23489175	23489689	LTR/ERV1	3743	+	257	23489432	60490
chr8	23428811	23628811	harbor1	chr8	23489175	23489689	LTR/ERV1	3743	+	257	23489432	60621
chr8	23409313	23609313	harbor1	chr8	23489175	23489689	LTR/ERV1	3743	+	257	23489432	80119
chr8	9314880	9514880	harbor1	chr8	9372696	9373136	LTR/ERV1	2244	+	220	9372916	58036
chr8	38169200	38369200	harbor1	chr8	38229500	38229570	LTR/ERV1	594	+	35	38229535	60335
chr8	23398381	23598381	harbor1	chr8	23489175	23489689	LTR/ERV1	3743	+	257	23489432	91051
chr8	23409011	23609011	harbor1	chr8	23489175	23489689	LTR/ERV1	3743	+	257	23489432	80421
chr8	23428813	23628813	harbor1	chr8	23489175	23489689	LTR/ERV1	3743	+	257	23489432	60619
chr8	23043892	23243892	harbor1	chr8	23049150	23049771	LTR/ERV1	4817	+	310	23049460	5568
chr8	23043892	23243892	harbor1	chr8	23049895	23050791	LTR/ERV1	5716	+	448	23050343	6451
chr8	23043892	23243892	harbor1	chr8	23051067	23051547	LTR/ERV1	3286	+	240	23051307	7415
chr8	23043892	23243892	harbor1	chr8	23052060	23052285	LTR/ERV1	20797	+	112	23052172	8280
chr8	23043892	23243892	harbor1	chr8	23052586	23055435	LTR/ERV1	20797	+	1424	23054010	10118
chr8	23043892	23243892	harbor1	chr8	23055436	23056094	LTR/ERV1	4889	+	329	23055765	11873
chr8	23043892	23243892	harbor1	chr8	23061012	23061427	LTR/ERV1	1696	+	208	23061220	17328
chr8	23043892	23243892	harbor1	chr8	23090139	23090218	LTR/ERV1	556	+	40	23090179	46287
chr8	23043892	23243892	harbor1	chr8	23090218	23090304	LTR/ERV1	519	+	43	23090261	46369
chr8	23043892	23243892	harbor1	chr8	23090307	23090820	LTR/ERV1	2192	+	256	23090563	46671
chr8	23043892	23243892	harbor1	chr8	23090823	23091386	LTR/ERV1	1762	+	282	23091105	47213
chr8	23043892	23243892	harbor1	chr8	23091397	23091469	LTR/ERV1	430	+	36	23091433	47541
chr8	23043892	23243892	harbor1	chr8	23126719	23127377	LTR/ERV1	4362	+	329	23127048	83156
chr8	23043892	23243892	harbor1	chr8	23127686	23127740	LTR/ERV1	4362	+	27	23127713	83821
chr8	23043892	23243892	harbor1	chr8	23133014	23133087	LTR/ERV1	2497	+	36	23133050	89158
chr8	23043892	23243892	harbor1	chr8	23133088	23133427	LTR/ERV1	3317	+	170	23133258	89366
chr8	23043892	23243892	harbor1	chr8	23133734	23133869	LTR/ERV1	3317	+	68	23133802	89910
chr8	23043892	23243892	harbor1	chr8	23133870	23134142	LTR/ERV1	2497	+	136	23134006	90114
chr8	23043892	23243892	harbor1	chr8	23134441	23134530	LTR/ERV1	2497	+	44	23134485	90593
chr8	38168882	38368882	harbor1	chr8	38229500	38229570	LTR/ERV1	594	+	35	38229535	60653
chr8	23407361	23607361	harbor1	chr8	23489175	23489689	LTR/ERV1	3743	+	257	23489432	82071
chr8	23428529	23628529	harbor1	chr8	23489175	23489689	LTR/ERV1	3743	+	257	23489432	60903
chr8	23428549	23628549	harbor1	chr8	23489175	23489689	LTR/ERV1	3743	+	257	23489432	60883
chr8	23428888	23628888	harbor1	chr8	23489175	23489689	LTR/ERV1	3743	+	257	23489432	60544
chr8	23428866	23628866	harbor1	chr8	23489175	23489689	LTR/ERV1	3743	+	257	23489432	60566
chr8	23393384	23593384	harbor1	chr8	23489175	23489689	LTR/ERV1	3743	+	257	23489432	96048
chr8	23408040	23608040	harbor1	chr8	23489175	23489689	LTR/ERV1	3743	+	257	23489432	81392
chr8	23428871	23628871	harbor1	chr8	23489175	23489689	LTR/ERV1	3743	+	257	23489432	60561
chr8	23428530	23628530	harbor1	chr8	23489175	23489689	LTR/ERV1	3743	+	257	23489432	60902
chr8	38168620	38368620	harbor1	chr8	38229500	38229570	LTR/ERV1	594	+	35	38229535	60915
chr8	29983333	30183333	harbor1	chr8	30006055	30006486	LTR/ERV1	4303	+	216	30006271	22938
chr8	29983333	30183333	harbor1	chr8	30006860	30007217	LTR/ERV1	4303	+	178	30007038	23705
chr8	29983333	30183333	harbor1	chr8	30035257	30035666	LTR/ERV1	2924	+	204	30035461	52128
chr8	23428833	23628833	harbor1	chr8	23489175	23489689	LTR/ERV1	3743	+	257	23489432	60599
chr8	102556520	102756520	harbor1	chr8	102581363	102581580	LTR/ERV1	454	+	108	102581471	24951
chr8	102556520	102756520	harbor1	chr8	102593780	102594523	LTR/ERV1	5075	+	372	102594152	37632
chr8	102556520	102756520	harbor1	chr8	102635459	102635922	LTR/ERV1	3370	+	232	102635691	79171
chr8	23428812	23628812	harbor1	chr8	23489175	23489689	LTR/ERV1	3743	+	257	23489432	60620
chr8	23428407	23628407	harbor1	chr8	23489175	23489689	LTR/ERV1	3743	+	257	23489432	61025
chr8	89802506	90002506	harbor1	chr8	89805158	89805694	LTR/ERV1	3925	+	268	89805426	2920
chr8	89802506	90002506	harbor1	chr8	89861203	89861351	LTR/ERV1	692	+	74	89861277	58771
chr8	89802506	90002506	harbor1	chr8	89861429	89861649	LTR/ERV1	1039	+	110	89861539	59033
chr8	89802506	90002506	harbor1	chr8	89861841	89862332	LTR/ERV1	684	+	246	89862087	59581
chr8	89802506	90002506	harbor1	chr8	89862349	89862516	LTR/ERV1	504	+	84	89862433	59927
chr8	89802506	90002506	harbor1	chr8	89862653	89864278	LTR/ERV1	2304	+	812	89863465	60959
chr8	89802506	90002506	harbor1	chr8	89864580	89864773	LTR/ERV1	2304	+	96	89864676	62170
chr8	89802506	90002506	harbor1	chr8	89864783	89865070	LTR/ERV1	1215	+	144	89864927	62421
chr8	89802506	90002506	harbor1	chr8	89865040	89865537	LTR/ERV1	1539	+	248	89865288	62782
chr8	89802506	90002506	harbor1	chr8	89865550	89865735	LTR/ERV1	700	+	92	89865642	63136
chr8	89802506	90002506	harbor1	chr8	89865750	89865955	LTR/ERV1	1037	+	102	89865852	63346
chr8	89802506	90002506	harbor1	chr8	89884862	89885383	LTR/ERV1	2736	+	260	89885122	82616
chr8	23428497	23628497	harbor1	chr8	23489175	23489689	LTR/ERV1	3743	+	257	23489432	60935
chr8	23419568	23619568	harbor1	chr8	23489175	23489689	LTR/ERV1	3743	+	257	23489432	69864
chr8	27225680	27425680	harbor1	chr8	27232562	27233324	LTR/ERV1	3802	+	381	27232943	7263
chr8	27225680	27425680	harbor1	chr8	27266668	27267412	LTR/ERV1	4191	+	372	27267040	41360
chr8	27225680	27425680	harbor1	chr8	27312595	27312886	LTR/ERV1	1950	+	146	27312741	87061
chr8	27225680	27425680	harbor1	chr8	27314060	27314266	LTR/ERV1	1369	+	103	27314163	88483
chr8	27225680	27425680	harbor1	chr8	27314463	27314820	LTR/ERV1	2532	+	178	27314641	88961
chr8	27225680	27425680	harbor1	chr8	27314951	27315040	LTR/ERV1	425	+	44	27314995	89315
chr8	27225680	27425680	harbor1	chr8	27319987	27320322	LTR/ERV1	2436	+	168	27320155	94475
chr8	27225680	27425680	harbor1	chr8	27229740	27230390	LTR/ERV1	4278	+	325	27230065	4385
chr8	23428434	23628434	harbor1	chr8	23489175	23489689	LTR/ERV1	3743	+	257	23489432	60998
chr8	23428557	23628557	harbor1	chr8	23489175	23489689	LTR/ERV1	3743	+	257	23489432	60875
chr8	23428919	23628919	harbor1	chr8	23489175	23489689	LTR/ERV1	3743	+	257	23489432	60513
chr8	90970524	91170524	harbor1	chr8	91041734	91042202	LTR/ERV1	2635	+	234	91041968	71444
chr8	90970524	91170524	harbor1	chr8	91048084	91048901	LTR/ERV1	1181	+	408	91048492	77968
chr8	90970524	91170524	harbor1	chr8	91049212	91049403	LTR/ERV1	1181	+	96	91049308	78784
chr8	38169251	38369251	harbor1	chr8	38229500	38229570	LTR/ERV1	594	+	35	38229535	60284
chr8	23428835	23628835	harbor1	chr8	23489175	23489689	LTR/ERV1	3743	+	257	23489432	60597
chr8	23428480	23628480	harbor1	chr8	23489175	23489689	LTR/ERV1	3743	+	257	23489432	60952
chr8	2481328	2681328	harbor1	chr8	2488408	2488840	LTR/ERV1	3637	+	216	2488624	7296
chr8	2481328	2681328	harbor1	chr8	2489155	2489378	LTR/ERV1	3637	+	112	2489267	7939
chr8	2481328	2681328	harbor1	chr8	2500250	2500402	LTR/ERV1	906	+	76	2500326	18998
chr8	2481328	2681328	harbor1	chr8	2500592	2501318	LTR/ERV1	3053	+	363	2500955	19627
chr8	2481328	2681328	harbor1	chr8	2539098	2539623	LTR/ERV1	1045	+	262	2539360	58032
chr8	23428515	23628515	harbor1	chr8	23489175	23489689	LTR/ERV1	3743	+	257	23489432	60917
chr8	23393484	23593484	harbor1	chr8	23489175	23489689	LTR/ERV1	3743	+	257	23489432	95948
chr8	23428487	23628487	harbor1	chr8	23489175	23489689	LTR/ERV1	3743	+	257	23489432	60945
chr8	23393608	23593608	harbor1	chr8	23489175	23489689	LTR/ERV1	3743	+	257	23489432	95824
chr8	23428433	23628433	harbor1	chr8	23489175	23489689	LTR/ERV1	3743	+	257	23489432	60999
chr8	41797946	41997946	harbor1	chr8	41818754	41819299	LTR/ERV1	3608	+	272	41819026	21080
chr8	29983365	30183365	harbor1	chr8	30006055	30006486	LTR/ERV1	4303	+	216	30006271	22906
chr8	29983365	30183365	harbor1	chr8	30006860	30007217	LTR/ERV1	4303	+	178	30007038	23673
chr8	29983365	30183365	harbor1	chr8	30035257	30035666	LTR/ERV1	2924	+	204	30035461	52096
chr8	23398492	23598492	harbor1	chr8	23489175	23489689	LTR/ERV1	3743	+	257	23489432	90940
chr8	23428524	23628524	harbor1	chr8	23489175	23489689	LTR/ERV1	3743	+	257	23489432	60908
chr8	23428822	23628822	harbor1	chr8	23489175	23489689	LTR/ERV1	3743	+	257	23489432	60610
chr8	143477444	143677444	harbor1	chr8	143545687	143546127	LTR/ERV1	2957	+	220	143545907	68463
chr8	143477444	143677444	harbor1	chr8	143547575	143547762	LTR/ERV1	3945	+	94	143547669	70225
chr8	143477444	143677444	harbor1	chr8	143548065	143548370	LTR/ERV1	3945	+	152	143548217	70773
chr8	143477444	143677444	harbor1	chr8	143550508	143550928	LTR/ERV1	2193	+	210	143550718	73274
chr8	143477444	143677444	harbor1	chr8	143551393	143551567	LTR/ERV1	725	+	87	143551480	74036
chr8	23428849	23628849	harbor1	chr8	23489175	23489689	LTR/ERV1	3743	+	257	23489432	60583
chr8	140984887	141184887	harbor1	chr8	141076505	141078018	LTR/ERV1	10992	+	756	141077261	92374
chr8	53999312	54199312	harbor1	chr8	54072541	54072619	LTR/ERV1	492	+	39	54072580	73268
chr8	38167799	38367799	harbor1	chr8	38229500	38229570	LTR/ERV1	594	+	35	38229535	61736
chr8	23428936	23628936	harbor1	chr8	23489175	23489689	LTR/ERV1	3743	+	257	23489432	60496
chr8	143147120	143347120	harbor1	chr8	143153996	143154319	LTR/ERV1	909	+	162	143154158	7038
chr8	143147120	143347120	harbor1	chr8	143164407	143164593	LTR/ERV1	1161	+	93	143164500	17380
chr8	143147120	143347120	harbor1	chr8	143198381	143198819	LTR/ERV1	2220	+	219	143198600	51480
chr8	143147120	143347120	harbor1	chr8	143199776	143199814	LTR/ERV1	414	+	19	143199795	52675
chr8	143147120	143347120	harbor1	chr8	143200117	143200209	LTR/ERV1	414	+	46	143200163	53043
chr8	143147120	143347120	harbor1	chr8	143200509	143200552	LTR/ERV1	414	+	22	143200531	53411
chr8	143147120	143347120	harbor1	chr8	143200601	143200763	LTR/ERV1	967	+	81	143200682	53562
chr8	143147120	143347120	harbor1	chr8	143201044	143201173	LTR/ERV1	967	+	64	143201108	53988
chr8	143147120	143347120	harbor1	chr8	143222239	143222777	LTR/ERV1	2138	+	269	143222508	75388
chr8	143147120	143347120	harbor1	chr8	143223393	143223886	LTR/ERV1	2599	+	246	143223639	76519
chr8	143147120	143347120	harbor1	chr8	143224188	143224331	LTR/ERV1	2599	+	72	143224260	77140
chr8	23409024	23609024	harbor1	chr8	23489175	23489689	LTR/ERV1	3743	+	257	23489432	80408
chr8	23428958	23628958	harbor1	chr8	23489175	23489689	LTR/ERV1	3743	+	257	23489432	60474
chr8	26477624	26677624	harbor1	chr8	26548468	26548559	LTR/ERV1	413	+	46	26548514	70890
chr8	8286401	8486401	harbor1	chr8	8301989	8302444	LTR/ERV1	2350	+	228	8302217	15816
chr8	8286401	8486401	harbor1	chr8	8322460	8323034	LTR/ERV1	2925	+	287	8322747	36346
chr8	38168860	38368860	harbor1	chr8	38229500	38229570	LTR/ERV1	594	+	35	38229535	60675
chr8	54001253	54201253	harbor1	chr8	54072541	54072619	LTR/ERV1	492	+	39	54072580	71327
chr8	143323804	143523804	harbor1	chr8	143337690	143338148	LTR/ERV1	2473	+	229	143337919	14115
chr8	143323804	143523804	harbor1	chr8	143349195	143349639	LTR/ERV1	1674	+	222	143349417	25613
chr8	143323804	143523804	harbor1	chr8	143350877	143351290	LTR/ERV1	1222	+	206	143351083	27279
chr8	23428526	23628526	harbor1	chr8	23489175	23489689	LTR/ERV1	3743	+	257	23489432	60906
chr8	8790734	8990734	harbor1	chr8	8807031	8807626	LTR/ERV1	1130	+	298	8807329	16595
chr8	8790734	8990734	harbor1	chr8	8863737	8864233	LTR/ERV1	3071	+	248	8863985	73251
chr8	27519509	27719509	harbor1	chr8	27557494	27557926	LTR/ERV1	2532	+	216	27557710	38201
chr8	25084956	25284956	harbor1	chr8	25093546	25093603	LTR/ERV1	412	+	28	25093574	8618
chr8	25084956	25284956	harbor1	chr8	25164315	25165860	LTR/ERV1	10734	+	772	25165087	80131
chr8	21328820	21528820	harbor1	chr8	21391427	21392074	LTR/ERV1	4410	+	324	21391751	62931
chr8	22051990	22251990	harbor1	chr8	22086381	22087813	LTR/ERV1	10170	+	716	22087097	35107
chr8	20295312	20495312	harbor1	chr8	20376510	20377423	LTR/ERV1	4654	+	456	20376966	81654
chr8	38162265	38362265	harbor1	chr8	38229500	38229570	LTR/ERV1	594	+	35	38229535	67270
chr8	600183	800183	harbor1	chr8	607457	607536	LTR/ERV1	799	+	40	607497	7314
chr8	600183	800183	harbor1	chr8	607767	607954	LTR/ERV1	799	+	94	607861	7678
chr8	600183	800183	harbor1	chr8	608250	608404	LTR/ERV1	799	+	77	608327	8144
chr8	600183	800183	harbor1	chr8	653239	653668	LTR/ERV1	2947	+	214	653453	53270
chr8	600183	800183	harbor1	chr8	681781	682194	LTR/ERV1	1449	+	206	681987	81804
chr8	23428879	23628879	harbor1	chr8	23489175	23489689	LTR/ERV1	3743	+	257	23489432	60553
chr8	38169230	38369230	harbor1	chr8	38229500	38229570	LTR/ERV1	594	+	35	38229535	60305
chr8	8793032	8993032	harbor1	chr8	8807031	8807626	LTR/ERV1	1130	+	298	8807329	14297
chr8	8793032	8993032	harbor1	chr8	8863737	8864233	LTR/ERV1	3071	+	248	8863985	70953
chr8	144299476	144499476	harbor1	chr8	144365288	144365341	LTR/ERV1	692	+	26	144365314	65838
chr8	144299476	144499476	harbor1	chr8	144366958	144367197	LTR/ERV1	692	+	120	144367078	67602
chr8	144299476	144499476	harbor1	chr8	144367888	144368030	LTR/ERV1	666	+	71	144367959	68483
chr8	144364372	144564372	harbor1	chr8	144365288	144365341	LTR/ERV1	692	+	26	144365314	942
chr8	144364372	144564372	harbor1	chr8	144366958	144367197	LTR/ERV1	692	+	120	144367078	2706
chr8	144364372	144564372	harbor1	chr8	144367888	144368030	LTR/ERV1	666	+	71	144367959	3587
chr8	142677225	142877225	harbor1	chr8	142688345	142688572	LTR/ERV1	1090	+	114	142688459	11234
chr8	142677225	142877225	harbor1	chr8	142697896	142698333	LTR/ERV1	1724	+	218	142698114	20889
chr8	142677225	142877225	harbor1	chr8	142699004	142699439	LTR/ERV1	2091	+	218	142699222	21997
chr8	142677225	142877225	harbor1	chr8	142721471	142723200	LTR/ERV1	1310	+	864	142722335	45110
chr8	142677225	142877225	harbor1	chr8	142724761	142725128	LTR/ERV1	2776	+	184	142724945	47720
chr8	142677225	142877225	harbor1	chr8	142725256	142725521	LTR/ERV1	2776	+	132	142725388	48163
chr8	142677225	142877225	harbor1	chr8	142758988	142759586	LTR/ERV1	2573	+	299	142759287	82062
chr8	142677225	142877225	harbor1	chr8	142765644	142765678	LTR/ERV1	2772	+	17	142765661	88436
chr8	142677225	142877225	harbor1	chr8	142765993	142766460	LTR/ERV1	2772	+	234	142766227	89002
chr8	142677225	142877225	harbor1	chr8	142720976	142721112	LTR/ERV1	433	+	68	142721044	43819
chr8	48601680	48801680	harbor1	chr8	48667806	48668008	LTR/ERV1	414	+	101	48667907	66227
chr8	38073888	38273888	harbor1	chr8	38081124	38081815	LTR/ERV1	4110	+	346	38081470	7582
chr8	89802482	90002482	harbor1	chr8	89805158	89805694	LTR/ERV1	3925	+	268	89805426	2944
chr8	89802482	90002482	harbor1	chr8	89861203	89861351	LTR/ERV1	692	+	74	89861277	58795
chr8	89802482	90002482	harbor1	chr8	89861429	89861649	LTR/ERV1	1039	+	110	89861539	59057
chr8	89802482	90002482	harbor1	chr8	89861841	89862332	LTR/ERV1	684	+	246	89862087	59605
chr8	89802482	90002482	harbor1	chr8	89862349	89862516	LTR/ERV1	504	+	84	89862433	59951
chr8	89802482	90002482	harbor1	chr8	89862653	89864278	LTR/ERV1	2304	+	812	89863465	60983
chr8	89802482	90002482	harbor1	chr8	89864580	89864773	LTR/ERV1	2304	+	96	89864676	62194
chr8	89802482	90002482	harbor1	chr8	89864783	89865070	LTR/ERV1	1215	+	144	89864927	62445
chr8	89802482	90002482	harbor1	chr8	89865040	89865537	LTR/ERV1	1539	+	248	89865288	62806
chr8	89802482	90002482	harbor1	chr8	89865550	89865735	LTR/ERV1	700	+	92	89865642	63160
chr8	89802482	90002482	harbor1	chr8	89865750	89865955	LTR/ERV1	1037	+	102	89865852	63370
chr8	89802482	90002482	harbor1	chr8	89884862	89885383	LTR/ERV1	2736	+	260	89885122	82640
chr8	38169172	38369172	harbor1	chr8	38229500	38229570	LTR/ERV1	594	+	35	38229535	60363
chr8	23429068	23629068	harbor1	chr8	23489175	23489689	LTR/ERV1	3743	+	257	23489432	60364
chr8	38169199	38369199	harbor1	chr8	38229500	38229570	LTR/ERV1	594	+	35	38229535	60336
chr8	58558195	58758195	harbor1	chr8	58614135	58614789	LTR/ERV1	4667	+	327	58614462	56267
chr8	23424122	23624122	harbor1	chr8	23489175	23489689	LTR/ERV1	3743	+	257	23489432	65310
chr8	11745829	11945829	harbor1	chr8	11794623	11795989	LTR/ERV1	9156	+	683	11795306	49477
chr8	41761146	41961146	harbor1	chr8	41818754	41819299	LTR/ERV1	3608	+	272	41819026	57880
chr8	143323770	143523770	harbor1	chr8	143337690	143338148	LTR/ERV1	2473	+	229	143337919	14149
chr8	143323770	143523770	harbor1	chr8	143349195	143349639	LTR/ERV1	1674	+	222	143349417	25647
chr8	143323770	143523770	harbor1	chr8	143350877	143351290	LTR/ERV1	1222	+	206	143351083	27313
chr8	10959439	11159439	harbor1	chr8	11043637	11044506	LTR/ERV1	4417	+	434	11044071	84632
chr8	38167906	38367906	harbor1	chr8	38229500	38229570	LTR/ERV1	594	+	35	38229535	61629
chr8	38167394	38367394	harbor1	chr8	38229500	38229570	LTR/ERV1	594	+	35	38229535	62141
chr8	41615259	41815259	harbor1	chr8	41632050	41632174	LTR/ERV1	4437	+	62	41632112	16853
chr8	41615259	41815259	harbor1	chr8	41687203	41687715	LTR/ERV1	2494	+	256	41687459	72200
chr8	41615259	41815259	harbor1	chr8	41711264	41711900	LTR/ERV1	1400	+	318	41711582	96323
chr8	41615259	41815259	harbor1	chr8	41631315	41631753	LTR/ERV1	4437	+	219	41631534	16275
chr8	143323854	143523854	harbor1	chr8	143337690	143338148	LTR/ERV1	2473	+	229	143337919	14065
chr8	143323854	143523854	harbor1	chr8	143349195	143349639	LTR/ERV1	1674	+	222	143349417	25563
chr8	143323854	143523854	harbor1	chr8	143350877	143351290	LTR/ERV1	1222	+	206	143351083	27229
chr8	102556596	102756596	harbor1	chr8	102581363	102581580	LTR/ERV1	454	+	108	102581471	24875
chr8	102556596	102756596	harbor1	chr8	102593780	102594523	LTR/ERV1	5075	+	372	102594152	37556
chr8	102556596	102756596	harbor1	chr8	102635459	102635922	LTR/ERV1	3370	+	232	102635691	79095
chr8	23428939	23628939	harbor1	chr8	23489175	23489689	LTR/ERV1	3743	+	257	23489432	60493
chr8	144364844	144564844	harbor1	chr8	144365288	144365341	LTR/ERV1	692	+	26	144365314	470
chr8	144364844	144564844	harbor1	chr8	144366958	144367197	LTR/ERV1	692	+	120	144367078	2234
chr8	144364844	144564844	harbor1	chr8	144367888	144368030	LTR/ERV1	666	+	71	144367959	3115
chr8	23412882	23612882	harbor1	chr8	23489175	23489689	LTR/ERV1	3743	+	257	23489432	76550
chr8	29983323	30183323	harbor1	chr8	30006055	30006486	LTR/ERV1	4303	+	216	30006271	22948
chr8	29983323	30183323	harbor1	chr8	30006860	30007217	LTR/ERV1	4303	+	178	30007038	23715
chr8	29983323	30183323	harbor1	chr8	30035257	30035666	LTR/ERV1	2924	+	204	30035461	52138
chr8	29983355	30183355	harbor1	chr8	30006055	30006486	LTR/ERV1	4303	+	216	30006271	22916
chr8	29983355	30183355	harbor1	chr8	30006860	30007217	LTR/ERV1	4303	+	178	30007038	23683
chr8	29983355	30183355	harbor1	chr8	30035257	30035666	LTR/ERV1	2924	+	204	30035461	52106
chr8	89884330	90084330	harbor1	chr8	89884862	89885383	LTR/ERV1	2736	+	260	89885122	792
chr8	89884330	90084330	harbor1	chr8	89944147	89944218	LTR/ERV1	420	+	36	89944183	59853
chr8	89884330	90084330	harbor1	chr8	89944219	89944631	LTR/ERV1	2168	+	206	89944425	60095
chr8	28286313	28486313	harbor1	chr8	28293840	28294246	LTR/ERV1	2538	+	203	28294043	7730
chr9	4883718	5083718	harbor1	chr9	4886929	4887563	LTR/ERV1	5132	+	317	4887246	3528
chr9	4884896	5084896	harbor1	chr9	4886929	4887563	LTR/ERV1	5132	+	317	4887246	2350
chr9	4883068	5083068	harbor1	chr9	4886929	4887563	LTR/ERV1	5132	+	317	4887246	4178
chr9	4483026	4683026	harbor1	chr9	4484115	4484227	LTR/ERV1	683	+	56	4484171	1145
chr9	4483026	4683026	harbor1	chr9	4484716	4485031	LTR/ERV1	2501	+	158	4484874	1848
chr9	4483026	4683026	harbor1	chr9	4485315	4485683	LTR/ERV1	2501	+	184	4485499	2473
chr9	4483026	4683026	harbor1	chr9	4486165	4486691	LTR/ERV1	2910	+	263	4486428	3402
chr9	4483026	4683026	harbor1	chr9	4539911	4540784	LTR/ERV1	5299	+	436	4540347	57321
chr9	4884791	5084791	harbor1	chr9	4886929	4887563	LTR/ERV1	5132	+	317	4887246	2455
chr9	4879886	5079886	harbor1	chr9	4886929	4887563	LTR/ERV1	5132	+	317	4887246	7360
chr9	4692784	4892784	harbor1	chr9	4758445	4758862	LTR/ERV1	1167	+	208	4758653	65869
chr9	4884806	5084806	harbor1	chr9	4886929	4887563	LTR/ERV1	5132	+	317	4887246	2440
chr9	4669274	4869274	harbor1	chr9	4758445	4758862	LTR/ERV1	1167	+	208	4758653	89379
chr9	4692259	4892259	harbor1	chr9	4758445	4758862	LTR/ERV1	1167	+	208	4758653	66394
chr9	4867341	5067341	harbor1	chr9	4886929	4887563	LTR/ERV1	5132	+	317	4887246	19905
chr9	4883408	5083408	harbor1	chr9	4886929	4887563	LTR/ERV1	5132	+	317	4887246	3838
chr9	4884822	5084822	harbor1	chr9	4886929	4887563	LTR/ERV1	5132	+	317	4887246	2424
chr9	112387325	112587325	harbor1	chr9	112472126	112472435	LTR/ERV1	1622	+	154	112472280	84955
chr9	4692922	4892922	harbor1	chr9	4758445	4758862	LTR/ERV1	1167	+	208	4758653	65731
chr9	4694655	4894655	harbor1	chr9	4758445	4758862	LTR/ERV1	1167	+	208	4758653	63998
chr9	4726841	4926841	harbor1	chr9	4758445	4758862	LTR/ERV1	1167	+	208	4758653	31812
chr9	4883803	5083803	harbor1	chr9	4886929	4887563	LTR/ERV1	5132	+	317	4887246	3443
chr9	137069385	137269385	harbor1	chr9	137075103	137075645	LTR/ERV1	3968	+	271	137075374	5989
chr9	112387187	112587187	harbor1	chr9	112472126	112472435	LTR/ERV1	1622	+	154	112472280	85093
chr9	4681965	4881965	harbor1	chr9	4758445	4758862	LTR/ERV1	1167	+	208	4758653	76688
chr9	4885009	5085009	harbor1	chr9	4886929	4887563	LTR/ERV1	5132	+	317	4887246	2237
chr9	4692767	4892767	harbor1	chr9	4758445	4758862	LTR/ERV1	1167	+	208	4758653	65886
chr9	4697988	4897988	harbor1	chr9	4758445	4758862	LTR/ERV1	1167	+	208	4758653	60665
chr9	4692228	4892228	harbor1	chr9	4758445	4758862	LTR/ERV1	1167	+	208	4758653	66425
chr9	4663605	4863605	harbor1	chr9	4758445	4758862	LTR/ERV1	1167	+	208	4758653	95048
chr9	4692785	4892785	harbor1	chr9	4758445	4758862	LTR/ERV1	1167	+	208	4758653	65868
chr9	3260153	3460153	harbor1	chr9	3290823	3291082	LTR/ERV1	1491	+	130	3290953	30800
chr9	3260153	3460153	harbor1	chr9	3291437	3291727	LTR/ERV1	1491	+	145	3291582	31429
chr9	4692247	4892247	harbor1	chr9	4758445	4758862	LTR/ERV1	1167	+	208	4758653	66406
chr9	4692230	4892230	harbor1	chr9	4758445	4758862	LTR/ERV1	1167	+	208	4758653	66423
chr9	4883789	5083789	harbor1	chr9	4886929	4887563	LTR/ERV1	5132	+	317	4887246	3457
chr9	4830192	5030192	harbor1	chr9	4886929	4887563	LTR/ERV1	5132	+	317	4887246	57054
chr9	4692833	4892833	harbor1	chr9	4758445	4758862	LTR/ERV1	1167	+	208	4758653	65820
chr9	4866218	5066218	harbor1	chr9	4886929	4887563	LTR/ERV1	5132	+	317	4887246	21028
chr9	92958938	93158938	harbor1	chr9	92977789	92978000	LTR/ERV1	2799	+	106	92977895	18957
chr9	92958938	93158938	harbor1	chr9	92978307	92978659	LTR/ERV1	2799	+	176	92978483	19545
chr9	4883747	5083747	harbor1	chr9	4886929	4887563	LTR/ERV1	5132	+	317	4887246	3499
chr9	4883810	5083810	harbor1	chr9	4886929	4887563	LTR/ERV1	5132	+	317	4887246	3436
chr9	4883816	5083816	harbor1	chr9	4886929	4887563	LTR/ERV1	5132	+	317	4887246	3430
chr9	4884825	5084825	harbor1	chr9	4886929	4887563	LTR/ERV1	5132	+	317	4887246	2421
chr9	4884808	5084808	harbor1	chr9	4886929	4887563	LTR/ERV1	5132	+	317	4887246	2438
chr9	4663129	4863129	harbor1	chr9	4758445	4758862	LTR/ERV1	1167	+	208	4758653	95524
chr9	4692827	4892827	harbor1	chr9	4758445	4758862	LTR/ERV1	1167	+	208	4758653	65826
chr9	4692787	4892787	harbor1	chr9	4758445	4758862	LTR/ERV1	1167	+	208	4758653	65866
chr9	4883160	5083160	harbor1	chr9	4886929	4887563	LTR/ERV1	5132	+	317	4887246	4086
chr9	112387209	112587209	harbor1	chr9	112472126	112472435	LTR/ERV1	1622	+	154	112472280	85071
chr9	4692828	4892828	harbor1	chr9	4758445	4758862	LTR/ERV1	1167	+	208	4758653	65825
chr9	4884936	5084936	harbor1	chr9	4886929	4887563	LTR/ERV1	5132	+	317	4887246	2310
chr9	4692847	4892847	harbor1	chr9	4758445	4758862	LTR/ERV1	1167	+	208	4758653	65806
chr9	4824136	5024136	harbor1	chr9	4886929	4887563	LTR/ERV1	5132	+	317	4887246	63110
chr9	4740507	4940507	harbor1	chr9	4758445	4758862	LTR/ERV1	1167	+	208	4758653	18146
chr9	112387193	112587193	harbor1	chr9	112472126	112472435	LTR/ERV1	1622	+	154	112472280	85087
chr9	4879772	5079772	harbor1	chr9	4886929	4887563	LTR/ERV1	5132	+	317	4887246	7474
chr9	4883377	5083377	harbor1	chr9	4886929	4887563	LTR/ERV1	5132	+	317	4887246	3869
chr9	3122465	3322465	harbor1	chr9	3185689	3186048	LTR/ERV1	3714	+	180	3185869	63404
chr9	3122465	3322465	harbor1	chr9	3186388	3186744	LTR/ERV1	3714	+	178	3186566	64101
chr9	3122465	3322465	harbor1	chr9	3204239	3204466	LTR/ERV1	1726	+	114	3204353	81888
chr9	3122465	3322465	harbor1	chr9	3204852	3205238	LTR/ERV1	1726	+	193	3205045	82580
chr9	4884878	5084878	harbor1	chr9	4886929	4887563	LTR/ERV1	5132	+	317	4887246	2368
chr9	68242672	68442672	harbor1	chr9	68312024	68312145	LTR/ERV1	491	+	60	68312084	69412
chr9	68242672	68442672	harbor1	chr9	68338421	68338819	LTR/ERV1	2259	+	199	68338620	95948
chr9	4883431	5083431	harbor1	chr9	4886929	4887563	LTR/ERV1	5132	+	317	4887246	3815
chr9	4738230	4938230	harbor1	chr9	4758445	4758862	LTR/ERV1	1167	+	208	4758653	20423
chr9	92958964	93158964	harbor1	chr9	92977789	92978000	LTR/ERV1	2799	+	106	92977895	18931
chr9	92958964	93158964	harbor1	chr9	92978307	92978659	LTR/ERV1	2799	+	176	92978483	19519
chr9	4884856	5084856	harbor1	chr9	4886929	4887563	LTR/ERV1	5132	+	317	4887246	2390
chr9	4692837	4892837	harbor1	chr9	4758445	4758862	LTR/ERV1	1167	+	208	4758653	65816
chr9	4885107	5085107	harbor1	chr9	4886929	4887563	LTR/ERV1	5132	+	317	4887246	2139
chr9	137067474	137267474	harbor1	chr9	137075103	137075645	LTR/ERV1	3968	+	271	137075374	7900
chr9	112387231	112587231	harbor1	chr9	112472126	112472435	LTR/ERV1	1622	+	154	112472280	85049
chr9	4669616	4869616	harbor1	chr9	4758445	4758862	LTR/ERV1	1167	+	208	4758653	89037
chr9	35692027	35892027	harbor1	chr9	35779042	35779206	LTR/ERV1	614	+	82	35779124	87097
chr9	35692027	35892027	harbor1	chr9	35779355	35779749	LTR/ERV1	1102	+	197	35779552	87525
chr9	35692027	35892027	harbor1	chr9	35780028	35780495	LTR/ERV1	801	+	234	35780262	88235
chr9	135508512	135708512	harbor1	chr9	135543388	135543932	LTR/ERV1	3918	+	272	135543660	35148
chr9	135508512	135708512	harbor1	chr9	135559789	135559954	LTR/ERV1	794	+	82	135559871	51359
chr9	135508512	135708512	harbor1	chr9	135570480	135570986	LTR/ERV1	3295	+	253	135570733	62221
chr9	135508512	135708512	harbor1	chr9	135596156	135596498	LTR/ERV1	1966	+	171	135596327	87815
chr9	135508512	135708512	harbor1	chr9	135596506	135596764	LTR/ERV1	1590	+	129	135596635	88123
chr9	135508512	135708512	harbor1	chr9	135596884	135597156	LTR/ERV1	669	+	136	135597020	88508
chr9	135508512	135708512	harbor1	chr9	135597283	135597452	LTR/ERV1	582	+	84	135597367	88855
chr9	135508512	135708512	harbor1	chr9	135597528	135597750	LTR/ERV1	1169	+	111	135597639	89127
chr9	135508512	135708512	harbor1	chr9	135598128	135598425	LTR/ERV1	1578	+	148	135598276	89764
chr9	135508512	135708512	harbor1	chr9	135598728	135598878	LTR/ERV1	1578	+	75	135598803	90291
chr9	4692923	4892923	harbor1	chr9	4758445	4758862	LTR/ERV1	1167	+	208	4758653	65730
chr9	135991300	136191300	harbor1	chr9	136028520	136030023	LTR/ERV1	8133	+	752	136029272	37972
chr9	135991300	136191300	harbor1	chr9	136073538	136074013	LTR/ERV1	1222	+	238	136073776	82476
chr9	135991300	136191300	harbor1	chr9	136076191	136076346	LTR/ERV1	490	+	78	136076269	84969
chr9	4692123	4892123	harbor1	chr9	4758445	4758862	LTR/ERV1	1167	+	208	4758653	66530
chr9	4692181	4892181	harbor1	chr9	4758445	4758862	LTR/ERV1	1167	+	208	4758653	66472
chr9	4692953	4892953	harbor1	chr9	4758445	4758862	LTR/ERV1	1167	+	208	4758653	65700
chr9	4867260	5067260	harbor1	chr9	4886929	4887563	LTR/ERV1	5132	+	317	4887246	19986
chr9	4737755	4937755	harbor1	chr9	4758445	4758862	LTR/ERV1	1167	+	208	4758653	20898
chr9	112387246	112587246	harbor1	chr9	112472126	112472435	LTR/ERV1	1622	+	154	112472280	85034
chr9	133063738	133263738	harbor1	chr9	133074537	133075038	LTR/ERV1	4283	+	250	133074787	11049
chr9	133063738	133263738	harbor1	chr9	133075353	133075707	LTR/ERV1	4283	+	177	133075530	11792
chr9	133063738	133263738	harbor1	chr9	133080128	133080326	LTR/ERV1	1005	+	99	133080227	16489
chr9	133063738	133263738	harbor1	chr9	133089366	133089708	LTR/ERV1	2506	+	171	133089537	25799
chr9	133063738	133263738	harbor1	chr9	133089996	133090078	LTR/ERV1	2506	+	41	133090037	26299
chr9	4692921	4892921	harbor1	chr9	4758445	4758862	LTR/ERV1	1167	+	208	4758653	65732
chr9	92958998	93158998	harbor1	chr9	92977789	92978000	LTR/ERV1	2799	+	106	92977895	18897
chr9	92958998	93158998	harbor1	chr9	92978307	92978659	LTR/ERV1	2799	+	176	92978483	19485
chr9	112387188	112587188	harbor1	chr9	112472126	112472435	LTR/ERV1	1622	+	154	112472280	85092
chr9	4883740	5083740	harbor1	chr9	4886929	4887563	LTR/ERV1	5132	+	317	4887246	3506
chr9	4879743	5079743	harbor1	chr9	4886929	4887563	LTR/ERV1	5132	+	317	4887246	7503
chr9	4884898	5084898	harbor1	chr9	4886929	4887563	LTR/ERV1	5132	+	317	4887246	2348
chr9	4692437	4892437	harbor1	chr9	4758445	4758862	LTR/ERV1	1167	+	208	4758653	66216
chr9	112387261	112587261	harbor1	chr9	112472126	112472435	LTR/ERV1	1622	+	154	112472280	85019
chr9	4884872	5084872	harbor1	chr9	4886929	4887563	LTR/ERV1	5132	+	317	4887246	2374
chr9	4669276	4869276	harbor1	chr9	4758445	4758862	LTR/ERV1	1167	+	208	4758653	89377
chr9	4663207	4863207	harbor1	chr9	4758445	4758862	LTR/ERV1	1167	+	208	4758653	95446
chr9	4692939	4892939	harbor1	chr9	4758445	4758862	LTR/ERV1	1167	+	208	4758653	65714
chr9	4824246	5024246	harbor1	chr9	4886929	4887563	LTR/ERV1	5132	+	317	4887246	63000
chr9	137029517	137229517	harbor1	chr9	137058489	137058981	LTR/ERV1	3276	+	246	137058735	29218
chr9	137029517	137229517	harbor1	chr9	137075103	137075645	LTR/ERV1	3968	+	271	137075374	45857
chr9	4883387	5083387	harbor1	chr9	4886929	4887563	LTR/ERV1	5132	+	317	4887246	3859
chr9	136049734	136249734	harbor1	chr9	136073538	136074013	LTR/ERV1	1222	+	238	136073776	24042
chr9	136049734	136249734	harbor1	chr9	136076191	136076346	LTR/ERV1	490	+	78	136076269	26535
chr9	4883374	5083374	harbor1	chr9	4886929	4887563	LTR/ERV1	5132	+	317	4887246	3872
chr9	4694199	4894199	harbor1	chr9	4758445	4758862	LTR/ERV1	1167	+	208	4758653	64454
chr9	4883171	5083171	harbor1	chr9	4886929	4887563	LTR/ERV1	5132	+	317	4887246	4075
chr9	135599331	135799331	harbor1	chr9	135625356	135625939	LTR/ERV1	4313	+	292	135625648	26317
chr9	135599331	135799331	harbor1	chr9	135644567	135645131	LTR/ERV1	3293	+	282	135644849	45518
chr9	135599331	135799331	harbor1	chr9	135645972	135646417	LTR/ERV1	2683	+	222	135646194	46863
chr9	135599331	135799331	harbor1	chr9	135646608	135647364	LTR/ERV1	5147	+	378	135646986	47655
chr9	135599331	135799331	harbor1	chr9	135647365	135647751	LTR/ERV1	1290	+	193	135647558	48227
chr9	135599331	135799331	harbor1	chr9	135647884	135648220	LTR/ERV1	1408	+	168	135648052	48721
chr9	135599331	135799331	harbor1	chr9	135648406	135648518	LTR/ERV1	1271	+	56	135648462	49131
chr9	135599331	135799331	harbor1	chr9	135649158	135649564	LTR/ERV1	1271	+	203	135649361	50030
chr9	135599331	135799331	harbor1	chr9	135649736	135650310	LTR/ERV1	2225	+	287	135650023	50692
chr9	135599331	135799331	harbor1	chr9	135650312	135650448	LTR/ERV1	540	+	68	135650380	51049
chr9	135599331	135799331	harbor1	chr9	135650751	135651022	LTR/ERV1	1142	+	136	135650887	51556
chr9	135599331	135799331	harbor1	chr9	135651022	135651165	LTR/ERV1	831	+	72	135651094	51763
chr9	135599331	135799331	harbor1	chr9	135652210	135652488	LTR/ERV1	3942	+	139	135652349	53018
chr9	135599331	135799331	harbor1	chr9	135653246	135653833	LTR/ERV1	3942	+	294	135653540	54209
chr9	135599331	135799331	harbor1	chr9	135654131	135654261	LTR/ERV1	3942	+	65	135654196	54865
chr9	135599331	135799331	harbor1	chr9	135654258	135654625	LTR/ERV1	1672	+	184	135654442	55111
chr9	135599331	135799331	harbor1	chr9	135656414	135656506	LTR/ERV1	3925	+	46	135656460	57129
chr9	135599331	135799331	harbor1	chr9	135656823	135657341	LTR/ERV1	3925	+	259	135657082	57751
chr9	135599331	135799331	harbor1	chr9	135657351	135658342	LTR/ERV1	16765	+	496	135657847	58516
chr9	135599331	135799331	harbor1	chr9	135660671	135660751	LTR/ERV1	5289	+	40	135660711	61380
chr9	135599331	135799331	harbor1	chr9	135661050	135661580	LTR/ERV1	5289	+	265	135661315	61984
chr9	135599331	135799331	harbor1	chr9	135661871	135662290	LTR/ERV1	5289	+	210	135662081	62750
chr9	135599331	135799331	harbor1	chr9	135662291	135662919	LTR/ERV1	3987	+	314	135662605	63274
chr9	135599331	135799331	harbor1	chr9	135658647	135660564	LTR/ERV1	16765	+	958	135659605	60274
chr9	112387224	112587224	harbor1	chr9	112472126	112472435	LTR/ERV1	1622	+	154	112472280	85056
chr9	92959012	93159012	harbor1	chr9	92977789	92978000	LTR/ERV1	2799	+	106	92977895	18883
chr9	92959012	93159012	harbor1	chr9	92978307	92978659	LTR/ERV1	2799	+	176	92978483	19471
chr9	4692195	4892195	harbor1	chr9	4758445	4758862	LTR/ERV1	1167	+	208	4758653	66458
chr9	92958991	93158991	harbor1	chr9	92977789	92978000	LTR/ERV1	2799	+	106	92977895	18904
chr9	92958991	93158991	harbor1	chr9	92978307	92978659	LTR/ERV1	2799	+	176	92978483	19492
chr9	4673229	4873229	harbor1	chr9	4758445	4758862	LTR/ERV1	1167	+	208	4758653	85424
chr9	4692970	4892970	harbor1	chr9	4758445	4758862	LTR/ERV1	1167	+	208	4758653	65683
chr9	3146618	3346618	harbor1	chr9	3185689	3186048	LTR/ERV1	3714	+	180	3185869	39251
chr9	3146618	3346618	harbor1	chr9	3186388	3186744	LTR/ERV1	3714	+	178	3186566	39948
chr9	3146618	3346618	harbor1	chr9	3204239	3204466	LTR/ERV1	1726	+	114	3204353	57735
chr9	3146618	3346618	harbor1	chr9	3204852	3205238	LTR/ERV1	1726	+	193	3205045	58427
chr9	133064057	133264057	harbor1	chr9	133074537	133075038	LTR/ERV1	4283	+	250	133074787	10730
chr9	133064057	133264057	harbor1	chr9	133075353	133075707	LTR/ERV1	4283	+	177	133075530	11473
chr9	133064057	133264057	harbor1	chr9	133080128	133080326	LTR/ERV1	1005	+	99	133080227	16170
chr9	133064057	133264057	harbor1	chr9	133089366	133089708	LTR/ERV1	2506	+	171	133089537	25480
chr9	133064057	133264057	harbor1	chr9	133089996	133090078	LTR/ERV1	2506	+	41	133090037	25980
chr9	4824477	5024477	harbor1	chr9	4886929	4887563	LTR/ERV1	5132	+	317	4887246	62769
chr9	4692737	4892737	harbor1	chr9	4758445	4758862	LTR/ERV1	1167	+	208	4758653	65916
chr9	4692768	4892768	harbor1	chr9	4758445	4758862	LTR/ERV1	1167	+	208	4758653	65885
chr9	4693017	4893017	harbor1	chr9	4758445	4758862	LTR/ERV1	1167	+	208	4758653	65636
chr9	137316476	137516476	harbor1	chr9	137375951	137376062	LTR/ERV1	1897	+	56	137376007	59531
chr9	137316476	137516476	harbor1	chr9	137376373	137376647	LTR/ERV1	1897	+	137	137376510	60034
chr9	137316476	137516476	harbor1	chr9	137376949	137377101	LTR/ERV1	1897	+	76	137377025	60549
chr9	4884823	5084823	harbor1	chr9	4886929	4887563	LTR/ERV1	5132	+	317	4887246	2423
chr9	4883080	5083080	harbor1	chr9	4886929	4887563	LTR/ERV1	5132	+	317	4887246	4166
chr9	137029490	137229490	harbor1	chr9	137058489	137058981	LTR/ERV1	3276	+	246	137058735	29245
chr9	137029490	137229490	harbor1	chr9	137075103	137075645	LTR/ERV1	3968	+	271	137075374	45884
chr9	91323378	91523378	harbor1	chr9	91327216	91328114	LTR/ERV1	3181	+	449	91327665	4287
chr9	91323378	91523378	harbor1	chr9	91343907	91344533	LTR/ERV1	2901	+	313	91344220	20842
chr9	91323378	91523378	harbor1	chr9	91364086	91365196	LTR/ERV1	4912	+	555	91364641	41263
chr9	4884842	5084842	harbor1	chr9	4886929	4887563	LTR/ERV1	5132	+	317	4887246	2404
chr9	4692946	4892946	harbor1	chr9	4758445	4758862	LTR/ERV1	1167	+	208	4758653	65707
chr9	137068719	137268719	harbor1	chr9	137075103	137075645	LTR/ERV1	3968	+	271	137075374	6655
chr9	4659562	4859562	harbor1	chr9	4758445	4758862	LTR/ERV1	1167	+	208	4758653	99091
chr9	4884794	5084794	harbor1	chr9	4886929	4887563	LTR/ERV1	5132	+	317	4887246	2452
chr9	129542143	129742143	harbor1	chr9	129555687	129556163	LTR/ERV1	2394	+	238	129555925	13782
chr9	129542143	129742143	harbor1	chr9	129562962	129563227	LTR/ERV1	1322	+	132	129563094	20951
chr9	129542143	129742143	harbor1	chr9	129563532	129563704	LTR/ERV1	1322	+	86	129563618	21475
chr9	129542143	129742143	harbor1	chr9	129563996	129564070	LTR/ERV1	1322	+	37	129564033	21890
chr9	133063678	133263678	harbor1	chr9	133074537	133075038	LTR/ERV1	4283	+	250	133074787	11109
chr9	133063678	133263678	harbor1	chr9	133075353	133075707	LTR/ERV1	4283	+	177	133075530	11852
chr9	133063678	133263678	harbor1	chr9	133080128	133080326	LTR/ERV1	1005	+	99	133080227	16549
chr9	133063678	133263678	harbor1	chr9	133089366	133089708	LTR/ERV1	2506	+	171	133089537	25859
chr9	133063678	133263678	harbor1	chr9	133089996	133090078	LTR/ERV1	2506	+	41	133090037	26359
chr9	4883172	5083172	harbor1	chr9	4886929	4887563	LTR/ERV1	5132	+	317	4887246	4074
chr9	133007233	133207233	harbor1	chr9	133074537	133075038	LTR/ERV1	4283	+	250	133074787	67554
chr9	133007233	133207233	harbor1	chr9	133075353	133075707	LTR/ERV1	4283	+	177	133075530	68297
chr9	133007233	133207233	harbor1	chr9	133080128	133080326	LTR/ERV1	1005	+	99	133080227	72994
chr9	133007233	133207233	harbor1	chr9	133089366	133089708	LTR/ERV1	2506	+	171	133089537	82304
chr9	133007233	133207233	harbor1	chr9	133089996	133090078	LTR/ERV1	2506	+	41	133090037	82804
chr9	4692889	4892889	harbor1	chr9	4758445	4758862	LTR/ERV1	1167	+	208	4758653	65764
chr9	89937233	90137233	harbor1	chr9	89970144	89970377	LTR/ERV1	1467	+	116	89970260	33027
chr9	89937233	90137233	harbor1	chr9	89970537	89970843	LTR/ERV1	1836	+	153	89970690	33457
chr9	64278589	64478589	harbor1	chr9	64334574	64335447	LTR/ERV1	4616	+	436	64335010	56421
chr9	64278589	64478589	harbor1	chr9	64357606	64357992	LTR/ERV1	1346	+	193	64357799	79210
chr9	4884884	5084884	harbor1	chr9	4886929	4887563	LTR/ERV1	5132	+	317	4887246	2362
chr9	130532874	130732874	harbor1	chr9	130549456	130549680	LTR/ERV1	1513	+	112	130549568	16694
chr9	4883057	5083057	harbor1	chr9	4886929	4887563	LTR/ERV1	5132	+	317	4887246	4189
chr9	4883813	5083813	harbor1	chr9	4886929	4887563	LTR/ERV1	5132	+	317	4887246	3433
chr9	4884786	5084786	harbor1	chr9	4886929	4887563	LTR/ERV1	5132	+	317	4887246	2460
chr9	4884810	5084810	harbor1	chr9	4886929	4887563	LTR/ERV1	5132	+	317	4887246	2436
chr9	4749616	4949616	harbor1	chr9	4758445	4758862	LTR/ERV1	1167	+	208	4758653	9037
chr9	4669937	4869937	harbor1	chr9	4758445	4758862	LTR/ERV1	1167	+	208	4758653	88716
chr9	4694651	4894651	harbor1	chr9	4758445	4758862	LTR/ERV1	1167	+	208	4758653	64002
chr9	135465766	135665766	harbor1	chr9	135468602	135469313	LTR/ERV1	4589	+	356	135468958	3192
chr9	135465766	135665766	harbor1	chr9	135469564	135469755	LTR/ERV1	2704	+	96	135469660	3894
chr9	135465766	135665766	harbor1	chr9	135470035	135470603	LTR/ERV1	2704	+	284	135470319	4553
chr9	135465766	135665766	harbor1	chr9	135543388	135543932	LTR/ERV1	3918	+	272	135543660	77894
chr9	135465766	135665766	harbor1	chr9	135559789	135559954	LTR/ERV1	794	+	82	135559871	94105
chr9	4884784	5084784	harbor1	chr9	4886929	4887563	LTR/ERV1	5132	+	317	4887246	2462
chr9	4694865	4894865	harbor1	chr9	4758445	4758862	LTR/ERV1	1167	+	208	4758653	63788
chr9	196617	396617	harbor1	chr9	203072	203630	LTR/ERV1	542	+	279	203351	6734
chr9	4692795	4892795	harbor1	chr9	4758445	4758862	LTR/ERV1	1167	+	208	4758653	65858
chr9	68605549	68805549	harbor1	chr9	68616842	68618167	LTR/ERV1	9795	+	662	68617504	11955
chr9	4866377	5066377	harbor1	chr9	4886929	4887563	LTR/ERV1	5132	+	317	4887246	20869
chr9	4884847	5084847	harbor1	chr9	4886929	4887563	LTR/ERV1	5132	+	317	4887246	2399
chr9	4884951	5084951	harbor1	chr9	4886929	4887563	LTR/ERV1	5132	+	317	4887246	2295
chr9	4692232	4892232	harbor1	chr9	4758445	4758862	LTR/ERV1	1167	+	208	4758653	66421
chr9	108346093	108546093	harbor1	chr9	108393323	108394878	LTR/ERV1	10634	+	778	108394101	48008
chr9	108346093	108546093	harbor1	chr9	108405948	108406225	LTR/ERV1	1469	+	138	108406086	59993
chr9	108346093	108546093	harbor1	chr9	108406261	108406616	LTR/ERV1	1820	+	178	108406439	60346
chr9	4884827	5084827	harbor1	chr9	4886929	4887563	LTR/ERV1	5132	+	317	4887246	2419
chr9	135905941	136105941	harbor1	chr9	135962012	135962421	LTR/ERV1	2068	+	204	135962216	56275
chr9	4669262	4869262	harbor1	chr9	4758445	4758862	LTR/ERV1	1167	+	208	4758653	89391
chr9	4812824	5012824	harbor1	chr9	4886929	4887563	LTR/ERV1	5132	+	317	4887246	74422
chr9	34027027	34227027	harbor1	chr9	34058248	34058394	LTR/ERV1	928	+	73	34058321	31294
chr9	34027027	34227027	harbor1	chr9	34084953	34085184	LTR/ERV1	1577	+	116	34085069	58042
chr9	34027027	34227027	harbor1	chr9	34120373	34120388	LTR/ERV1	2142	+	8	34120381	93354
chr9	34027027	34227027	harbor1	chr9	34120697	34120871	LTR/ERV1	2142	+	87	34120784	93757
chr9	34027027	34227027	harbor1	chr9	34121180	34121538	LTR/ERV1	2142	+	179	34121359	94332
chr9	4692222	4892222	harbor1	chr9	4758445	4758862	LTR/ERV1	1167	+	208	4758653	66431
chr9	68605579	68805579	harbor1	chr9	68616842	68618167	LTR/ERV1	9795	+	662	68617504	11925
chr9	4879662	5079662	harbor1	chr9	4886929	4887563	LTR/ERV1	5132	+	317	4887246	7584
chr9	85705422	85905422	harbor1	chr9	85745784	85746395	LTR/ERV1	3050	+	306	85746090	40668
chr9	4883218	5083218	harbor1	chr9	4886929	4887563	LTR/ERV1	5132	+	317	4887246	4028
chr9	4883477	5083477	harbor1	chr9	4886929	4887563	LTR/ERV1	5132	+	317	4887246	3769
chr9	4663738	4863738	harbor1	chr9	4758445	4758862	LTR/ERV1	1167	+	208	4758653	94915
chr9	4885072	5085072	harbor1	chr9	4886929	4887563	LTR/ERV1	5132	+	317	4887246	2174
chr9	4824143	5024143	harbor1	chr9	4886929	4887563	LTR/ERV1	5132	+	317	4887246	63103
chr9	4663518	4863518	harbor1	chr9	4758445	4758862	LTR/ERV1	1167	+	208	4758653	95135
chr9	135599704	135799704	harbor1	chr9	135625356	135625939	LTR/ERV1	4313	+	292	135625648	25944
chr9	135599704	135799704	harbor1	chr9	135644567	135645131	LTR/ERV1	3293	+	282	135644849	45145
chr9	135599704	135799704	harbor1	chr9	135645972	135646417	LTR/ERV1	2683	+	222	135646194	46490
chr9	135599704	135799704	harbor1	chr9	135646608	135647364	LTR/ERV1	5147	+	378	135646986	47282
chr9	135599704	135799704	harbor1	chr9	135647365	135647751	LTR/ERV1	1290	+	193	135647558	47854
chr9	135599704	135799704	harbor1	chr9	135647884	135648220	LTR/ERV1	1408	+	168	135648052	48348
chr9	135599704	135799704	harbor1	chr9	135648406	135648518	LTR/ERV1	1271	+	56	135648462	48758
chr9	135599704	135799704	harbor1	chr9	135649158	135649564	LTR/ERV1	1271	+	203	135649361	49657
chr9	135599704	135799704	harbor1	chr9	135649736	135650310	LTR/ERV1	2225	+	287	135650023	50319
chr9	135599704	135799704	harbor1	chr9	135650312	135650448	LTR/ERV1	540	+	68	135650380	50676
chr9	135599704	135799704	harbor1	chr9	135650751	135651022	LTR/ERV1	1142	+	136	135650887	51183
chr9	135599704	135799704	harbor1	chr9	135651022	135651165	LTR/ERV1	831	+	72	135651094	51390
chr9	135599704	135799704	harbor1	chr9	135652210	135652488	LTR/ERV1	3942	+	139	135652349	52645
chr9	135599704	135799704	harbor1	chr9	135653246	135653833	LTR/ERV1	3942	+	294	135653540	53836
chr9	135599704	135799704	harbor1	chr9	135654131	135654261	LTR/ERV1	3942	+	65	135654196	54492
chr9	135599704	135799704	harbor1	chr9	135654258	135654625	LTR/ERV1	1672	+	184	135654442	54738
chr9	135599704	135799704	harbor1	chr9	135656414	135656506	LTR/ERV1	3925	+	46	135656460	56756
chr9	135599704	135799704	harbor1	chr9	135656823	135657341	LTR/ERV1	3925	+	259	135657082	57378
chr9	135599704	135799704	harbor1	chr9	135657351	135658342	LTR/ERV1	16765	+	496	135657847	58143
chr9	135599704	135799704	harbor1	chr9	135660671	135660751	LTR/ERV1	5289	+	40	135660711	61007
chr9	135599704	135799704	harbor1	chr9	135661050	135661580	LTR/ERV1	5289	+	265	135661315	61611
chr9	135599704	135799704	harbor1	chr9	135661871	135662290	LTR/ERV1	5289	+	210	135662081	62377
chr9	135599704	135799704	harbor1	chr9	135662291	135662919	LTR/ERV1	3987	+	314	135662605	62901
chr9	135599704	135799704	harbor1	chr9	135658647	135660564	LTR/ERV1	16765	+	958	135659605	59901
chr9	4692806	4892806	harbor1	chr9	4758445	4758862	LTR/ERV1	1167	+	208	4758653	65847
chr9	4744087	4944087	harbor1	chr9	4758445	4758862	LTR/ERV1	1167	+	208	4758653	14566
chr9	128980915	129180915	harbor1	chr9	129031609	129032095	LTR/ERV1	5101	+	243	129031852	50937
chr9	128980915	129180915	harbor1	chr9	129032422	129032861	LTR/ERV1	5101	+	220	129032642	51727
chr9	133762512	133962512	harbor1	chr9	133835075	133835245	LTR/ERV1	855	+	85	133835160	72648
chr9	4884871	5084871	harbor1	chr9	4886929	4887563	LTR/ERV1	5132	+	317	4887246	2375
chr9	4692558	4892558	harbor1	chr9	4758445	4758862	LTR/ERV1	1167	+	208	4758653	66095
chr9	4883433	5083433	harbor1	chr9	4886929	4887563	LTR/ERV1	5132	+	317	4887246	3813
chr9	105145295	105345295	harbor1	chr9	105179559	105179865	LTR/ERV1	773	+	153	105179712	34417
chr9	105145295	105345295	harbor1	chr9	105223107	105223636	LTR/ERV1	2494	+	264	105223371	78076
chr9	112387255	112587255	harbor1	chr9	112472126	112472435	LTR/ERV1	1622	+	154	112472280	85025
chr9	4730514	4930514	harbor1	chr9	4758445	4758862	LTR/ERV1	1167	+	208	4758653	28139
chr9	34027056	34227056	harbor1	chr9	34058248	34058394	LTR/ERV1	928	+	73	34058321	31265
chr9	34027056	34227056	harbor1	chr9	34084953	34085184	LTR/ERV1	1577	+	116	34085069	58013
chr9	34027056	34227056	harbor1	chr9	34120373	34120388	LTR/ERV1	2142	+	8	34120381	93325
chr9	34027056	34227056	harbor1	chr9	34120697	34120871	LTR/ERV1	2142	+	87	34120784	93728
chr9	34027056	34227056	harbor1	chr9	34121180	34121538	LTR/ERV1	2142	+	179	34121359	94303
chr9	4692205	4892205	harbor1	chr9	4758445	4758862	LTR/ERV1	1167	+	208	4758653	66448
chr9	4692312	4892312	harbor1	chr9	4758445	4758862	LTR/ERV1	1167	+	208	4758653	66341
chr9	4694469	4894469	harbor1	chr9	4758445	4758862	LTR/ERV1	1167	+	208	4758653	64184
chr9	136745116	136945116	harbor1	chr9	136765407	136765561	LTR/ERV1	2117	+	77	136765484	20368
chr9	136745116	136945116	harbor1	chr9	136765848	136766131	LTR/ERV1	2117	+	142	136765990	20874
chr9	136745116	136945116	harbor1	chr9	136771072	136771180	LTR/ERV1	634	+	54	136771126	26010
chr9	133819687	134019687	harbor1	chr9	133835075	133835245	LTR/ERV1	855	+	85	133835160	15473
chr9	133819687	134019687	harbor1	chr9	133900329	133900766	LTR/ERV1	1830	+	218	133900547	80860
chr9	133819687	134019687	harbor1	chr9	133901100	133901155	LTR/ERV1	603	+	28	133901128	81441
chr9	35625694	35825694	harbor1	chr9	35636819	35637342	LTR/ERV1	3199	+	262	35637081	11387
chr9	35625694	35825694	harbor1	chr9	35637343	35637794	LTR/ERV1	1986	+	226	35637569	11875
chr9	35625694	35825694	harbor1	chr9	35637853	35639025	LTR/ERV1	3784	+	586	35638439	12745
chr9	35625694	35825694	harbor1	chr9	35642828	35643368	LTR/ERV1	2344	+	270	35643098	17404
chr9	4884855	5084855	harbor1	chr9	4886929	4887563	LTR/ERV1	5132	+	317	4887246	2391
chr9	133678135	133878135	harbor1	chr9	133678262	133678933	LTR/ERV1	3061	+	336	133678598	463
chr9	133678135	133878135	harbor1	chr9	133735498	133735761	LTR/ERV1	3400	+	132	133735630	57495
chr9	133678135	133878135	harbor1	chr9	133736060	133736384	LTR/ERV1	3400	+	162	133736222	58087
chr9	133678135	133878135	harbor1	chr9	133736696	133736747	LTR/ERV1	3400	+	26	133736722	58587
chr9	133678135	133878135	harbor1	chr9	133753678	133754166	LTR/ERV1	3605	+	244	133753922	75787
chr9	37551225	37751225	harbor1	chr9	37621242	37621771	LTR/ERV1	1651	+	264	37621506	70281
chr9	4692887	4892887	harbor1	chr9	4758445	4758862	LTR/ERV1	1167	+	208	4758653	65766
chr9	4884829	5084829	harbor1	chr9	4886929	4887563	LTR/ERV1	5132	+	317	4887246	2417
chr9	4885054	5085054	harbor1	chr9	4886929	4887563	LTR/ERV1	5132	+	317	4887246	2192
chr9	4692851	4892851	harbor1	chr9	4758445	4758862	LTR/ERV1	1167	+	208	4758653	65802
chr9	4692854	4892854	harbor1	chr9	4758445	4758862	LTR/ERV1	1167	+	208	4758653	65799
chr9	136928407	137128407	harbor1	chr9	136989213	136989739	LTR/ERV1	2313	+	263	136989476	61069
chr9	6658127	6858127	harbor1	chr9	6683507	6683925	LTR/ERV1	1504	+	209	6683716	25589
chr9	6658127	6858127	harbor1	chr9	6708391	6708588	LTR/ERV1	1849	+	98	6708489	50362
chr9	6658127	6858127	harbor1	chr9	6708738	6709057	LTR/ERV1	1849	+	160	6708898	50771
chr9	6658127	6858127	harbor1	chr9	6717627	6718329	LTR/ERV1	3848	+	351	6717978	59851
chr9	6658127	6858127	harbor1	chr9	6718616	6718635	LTR/ERV1	3848	+	10	6718626	60499
chr9	6658127	6858127	harbor1	chr9	6718935	6719011	LTR/ERV1	3848	+	38	6718973	60846
chr9	4692645	4892645	harbor1	chr9	4758445	4758862	LTR/ERV1	1167	+	208	4758653	66008
chr9	4732434	4932434	harbor1	chr9	4758445	4758862	LTR/ERV1	1167	+	208	4758653	26219
chr9	133781981	133981981	harbor1	chr9	133835075	133835245	LTR/ERV1	855	+	85	133835160	53179
chr9	4663234	4863234	harbor1	chr9	4758445	4758862	LTR/ERV1	1167	+	208	4758653	95419
chr9	135515777	135715777	harbor1	chr9	135543388	135543932	LTR/ERV1	3918	+	272	135543660	27883
chr9	135515777	135715777	harbor1	chr9	135559789	135559954	LTR/ERV1	794	+	82	135559871	44094
chr9	135515777	135715777	harbor1	chr9	135570480	135570986	LTR/ERV1	3295	+	253	135570733	54956
chr9	135515777	135715777	harbor1	chr9	135596156	135596498	LTR/ERV1	1966	+	171	135596327	80550
chr9	135515777	135715777	harbor1	chr9	135596506	135596764	LTR/ERV1	1590	+	129	135596635	80858
chr9	135515777	135715777	harbor1	chr9	135596884	135597156	LTR/ERV1	669	+	136	135597020	81243
chr9	135515777	135715777	harbor1	chr9	135597283	135597452	LTR/ERV1	582	+	84	135597367	81590
chr9	135515777	135715777	harbor1	chr9	135597528	135597750	LTR/ERV1	1169	+	111	135597639	81862
chr9	135515777	135715777	harbor1	chr9	135598128	135598425	LTR/ERV1	1578	+	148	135598276	82499
chr9	135515777	135715777	harbor1	chr9	135598728	135598878	LTR/ERV1	1578	+	75	135598803	83026
chr9	135956531	136156531	harbor1	chr9	135962012	135962421	LTR/ERV1	2068	+	204	135962216	5685
chr9	135956531	136156531	harbor1	chr9	136028520	136030023	LTR/ERV1	8133	+	752	136029272	72741
chr9	4692834	4892834	harbor1	chr9	4758445	4758862	LTR/ERV1	1167	+	208	4758653	65819
chr9	126299347	126499347	harbor1	chr9	126303897	126304056	LTR/ERV1	922	+	80	126303977	4630
chr9	133242549	133442549	harbor1	chr9	133249112	133249735	LTR/ERV1	2345	+	312	133249424	6875
chr9	133242549	133442549	harbor1	chr9	133269164	133269643	LTR/ERV1	3248	+	240	133269404	26855
chr9	133242549	133442549	harbor1	chr9	133272410	133273034	LTR/ERV1	5009	+	312	133272722	30173
chr9	133242549	133442549	harbor1	chr9	133277809	133277942	LTR/ERV1	480	+	66	133277875	35326
chr9	133242549	133442549	harbor1	chr9	133278002	133278275	LTR/ERV1	521	+	136	133278138	35589
chr9	133242549	133442549	harbor1	chr9	133302961	133303099	LTR/ERV1	935	+	69	133303030	60481
chr9	4883815	5083815	harbor1	chr9	4886929	4887563	LTR/ERV1	5132	+	317	4887246	3431
chr9	4692441	4892441	harbor1	chr9	4758445	4758862	LTR/ERV1	1167	+	208	4758653	66212
chr9	404061	604061	harbor1	chr9	475513	475847	LTR/ERV1	2393	+	167	475680	71619
chr9	404061	604061	harbor1	chr9	474922	475512	LTR/ERV1	3671	+	295	475217	71156
chr9	4692933	4892933	harbor1	chr9	4758445	4758862	LTR/ERV1	1167	+	208	4758653	65720
chr9	135400878	135600878	harbor1	chr9	135420834	135420931	LTR/ERV1	4383	+	48	135420882	20004
chr9	135400878	135600878	harbor1	chr9	135421258	135421679	LTR/ERV1	4383	+	210	135421468	20590
chr9	135400878	135600878	harbor1	chr9	135421987	135422107	LTR/ERV1	4383	+	60	135422047	21169
chr9	135400878	135600878	harbor1	chr9	135423371	135424025	LTR/ERV1	2944	+	327	135423698	22820
chr9	135400878	135600878	harbor1	chr9	135424631	135425013	LTR/ERV1	2936	+	191	135424822	23944
chr9	135400878	135600878	harbor1	chr9	135425312	135425512	LTR/ERV1	2936	+	100	135425412	24534
chr9	135400878	135600878	harbor1	chr9	135426243	135426677	LTR/ERV1	3200	+	217	135426460	25582
chr9	135400878	135600878	harbor1	chr9	135439588	135440176	LTR/ERV1	4074	+	294	135439882	39004
chr9	135400878	135600878	harbor1	chr9	135464021	135464531	LTR/ERV1	2473	+	255	135464276	63398
chr9	135400878	135600878	harbor1	chr9	135468602	135469313	LTR/ERV1	4589	+	356	135468958	68080
chr9	135400878	135600878	harbor1	chr9	135469564	135469755	LTR/ERV1	2704	+	96	135469660	68782
chr9	135400878	135600878	harbor1	chr9	135470035	135470603	LTR/ERV1	2704	+	284	135470319	69441
chr9	4885087	5085087	harbor1	chr9	4886929	4887563	LTR/ERV1	5132	+	317	4887246	2159
chr9	4884787	5084787	harbor1	chr9	4886929	4887563	LTR/ERV1	5132	+	317	4887246	2459
chr9	4884870	5084870	harbor1	chr9	4886929	4887563	LTR/ERV1	5132	+	317	4887246	2376
chr9	4692425	4892425	harbor1	chr9	4758445	4758862	LTR/ERV1	1167	+	208	4758653	66228
chr9	4884906	5084906	harbor1	chr9	4886929	4887563	LTR/ERV1	5132	+	317	4887246	2340
chr9	4698187	4898187	harbor1	chr9	4758445	4758862	LTR/ERV1	1167	+	208	4758653	60466
chr9	4729109	4929109	harbor1	chr9	4758445	4758862	LTR/ERV1	1167	+	208	4758653	29544
chr9	135593627	135793627	harbor1	chr9	135596156	135596498	LTR/ERV1	1966	+	171	135596327	2700
chr9	135593627	135793627	harbor1	chr9	135596506	135596764	LTR/ERV1	1590	+	129	135596635	3008
chr9	135593627	135793627	harbor1	chr9	135596884	135597156	LTR/ERV1	669	+	136	135597020	3393
chr9	135593627	135793627	harbor1	chr9	135597283	135597452	LTR/ERV1	582	+	84	135597367	3740
chr9	135593627	135793627	harbor1	chr9	135597528	135597750	LTR/ERV1	1169	+	111	135597639	4012
chr9	135593627	135793627	harbor1	chr9	135598128	135598425	LTR/ERV1	1578	+	148	135598276	4649
chr9	135593627	135793627	harbor1	chr9	135598728	135598878	LTR/ERV1	1578	+	75	135598803	5176
chr9	135593627	135793627	harbor1	chr9	135625356	135625939	LTR/ERV1	4313	+	292	135625648	32021
chr9	135593627	135793627	harbor1	chr9	135644567	135645131	LTR/ERV1	3293	+	282	135644849	51222
chr9	135593627	135793627	harbor1	chr9	135645972	135646417	LTR/ERV1	2683	+	222	135646194	52567
chr9	135593627	135793627	harbor1	chr9	135646608	135647364	LTR/ERV1	5147	+	378	135646986	53359
chr9	135593627	135793627	harbor1	chr9	135647365	135647751	LTR/ERV1	1290	+	193	135647558	53931
chr9	135593627	135793627	harbor1	chr9	135647884	135648220	LTR/ERV1	1408	+	168	135648052	54425
chr9	135593627	135793627	harbor1	chr9	135648406	135648518	LTR/ERV1	1271	+	56	135648462	54835
chr9	135593627	135793627	harbor1	chr9	135649158	135649564	LTR/ERV1	1271	+	203	135649361	55734
chr9	135593627	135793627	harbor1	chr9	135649736	135650310	LTR/ERV1	2225	+	287	135650023	56396
chr9	135593627	135793627	harbor1	chr9	135650312	135650448	LTR/ERV1	540	+	68	135650380	56753
chr9	135593627	135793627	harbor1	chr9	135650751	135651022	LTR/ERV1	1142	+	136	135650887	57260
chr9	135593627	135793627	harbor1	chr9	135651022	135651165	LTR/ERV1	831	+	72	135651094	57467
chr9	135593627	135793627	harbor1	chr9	135652210	135652488	LTR/ERV1	3942	+	139	135652349	58722
chr9	135593627	135793627	harbor1	chr9	135653246	135653833	LTR/ERV1	3942	+	294	135653540	59913
chr9	135593627	135793627	harbor1	chr9	135654131	135654261	LTR/ERV1	3942	+	65	135654196	60569
chr9	135593627	135793627	harbor1	chr9	135654258	135654625	LTR/ERV1	1672	+	184	135654442	60815
chr9	135593627	135793627	harbor1	chr9	135656414	135656506	LTR/ERV1	3925	+	46	135656460	62833
chr9	135593627	135793627	harbor1	chr9	135656823	135657341	LTR/ERV1	3925	+	259	135657082	63455
chr9	135593627	135793627	harbor1	chr9	135657351	135658342	LTR/ERV1	16765	+	496	135657847	64220
chr9	135593627	135793627	harbor1	chr9	135660671	135660751	LTR/ERV1	5289	+	40	135660711	67084
chr9	135593627	135793627	harbor1	chr9	135661050	135661580	LTR/ERV1	5289	+	265	135661315	67688
chr9	135593627	135793627	harbor1	chr9	135661871	135662290	LTR/ERV1	5289	+	210	135662081	68454
chr9	135593627	135793627	harbor1	chr9	135662291	135662919	LTR/ERV1	3987	+	314	135662605	68978
chr9	135593627	135793627	harbor1	chr9	135658647	135660564	LTR/ERV1	16765	+	958	135659605	65978
chr9	108349474	108549474	harbor1	chr9	108393323	108394878	LTR/ERV1	10634	+	778	108394101	44627
chr9	108349474	108549474	harbor1	chr9	108405948	108406225	LTR/ERV1	1469	+	138	108406086	56612
chr9	108349474	108549474	harbor1	chr9	108406261	108406616	LTR/ERV1	1820	+	178	108406439	56965
chr9	4694447	4894447	harbor1	chr9	4758445	4758862	LTR/ERV1	1167	+	208	4758653	64206
chr9	92958957	93158957	harbor1	chr9	92977789	92978000	LTR/ERV1	2799	+	106	92977895	18938
chr9	92958957	93158957	harbor1	chr9	92978307	92978659	LTR/ERV1	2799	+	176	92978483	19526
chr10	132232384	132432384	harbor1	chr10	132312665	132312757	LTR/ERV1	1708	+	46	132312711	80327
chr10	132232384	132432384	harbor1	chr10	132313068	132313324	LTR/ERV1	1708	+	128	132313196	80812
chr10	132232398	132432398	harbor1	chr10	132312665	132312757	LTR/ERV1	1708	+	46	132312711	80313
chr10	132232398	132432398	harbor1	chr10	132313068	132313324	LTR/ERV1	1708	+	128	132313196	80798
chr10	102136358	102336358	harbor1	chr10	102185117	102185572	LTR/ERV1	2394	+	228	102185345	48987
chr10	102136358	102336358	harbor1	chr10	102185574	102185660	LTR/ERV1	579	+	43	102185617	49259
chr10	102136358	102336358	harbor1	chr10	102185777	102186059	LTR/ERV1	1594	+	141	102185918	49560
chr10	102136358	102336358	harbor1	chr10	102186227	102186601	LTR/ERV1	1787	+	187	102186414	50056
chr10	102136358	102336358	harbor1	chr10	102189323	102189625	LTR/ERV1	2446	+	151	102189474	53116
chr10	102136358	102336358	harbor1	chr10	102189929	102190030	LTR/ERV1	2446	+	50	102189979	53621
chr10	102136358	102336358	harbor1	chr10	102190298	102190326	LTR/ERV1	1264	+	14	102190312	53954
chr10	102136358	102336358	harbor1	chr10	102190622	102190760	LTR/ERV1	1264	+	69	102190691	54333
chr10	102136358	102336358	harbor1	chr10	102191064	102191112	LTR/ERV1	1264	+	24	102191088	54730
chr10	102136358	102336358	harbor1	chr10	102191437	102191728	LTR/ERV1	1845	+	146	102191583	55225
chr10	102136358	102336358	harbor1	chr10	102191728	102191818	LTR/ERV1	650	+	45	102191773	55415
chr10	102136358	102336358	harbor1	chr10	102191819	102192261	LTR/ERV1	2472	+	221	102192040	55682
chr10	102136358	102336358	harbor1	chr10	102186702	102187010	LTR/ERV1	1723	+	154	102186856	50498
chr10	102136358	102336358	harbor1	chr10	102186979	102187954	LTR/ERV1	6130	+	488	102187467	51109
chr10	102033038	102233038	harbor1	chr10	102082875	102083342	LTR/ERV1	2523	+	234	102083109	50071
chr10	14778680	14978680	harbor1	chr10	14779116	14779192	LTR/ERV1	607	+	38	14779154	474
chr10	14778680	14978680	harbor1	chr10	14812156	14812807	LTR/ERV1	4268	+	326	14812482	33802
chr10	14778680	14978680	harbor1	chr10	14815595	14815891	LTR/ERV1	2593	+	148	14815743	37063
chr10	14778680	14978680	harbor1	chr10	14816198	14816350	LTR/ERV1	2593	+	76	14816274	37594
chr10	14778677	14978677	harbor1	chr10	14779116	14779192	LTR/ERV1	607	+	38	14779154	477
chr10	14778677	14978677	harbor1	chr10	14812156	14812807	LTR/ERV1	4268	+	326	14812482	33805
chr10	14778677	14978677	harbor1	chr10	14815595	14815891	LTR/ERV1	2593	+	148	14815743	37066
chr10	14778677	14978677	harbor1	chr10	14816198	14816350	LTR/ERV1	2593	+	76	14816274	37597
chr10	14778676	14978676	harbor1	chr10	14779116	14779192	LTR/ERV1	607	+	38	14779154	478
chr10	14778676	14978676	harbor1	chr10	14812156	14812807	LTR/ERV1	4268	+	326	14812482	33806
chr10	14778676	14978676	harbor1	chr10	14815595	14815891	LTR/ERV1	2593	+	148	14815743	37067
chr10	14778676	14978676	harbor1	chr10	14816198	14816350	LTR/ERV1	2593	+	76	14816274	37598
chr10	97721885	97921885	harbor1	chr10	97797649	97798106	LTR/ERV1	864	+	228	97797877	75992
chr10	14771563	14971563	harbor1	chr10	14779116	14779192	LTR/ERV1	607	+	38	14779154	7591
chr10	14771563	14971563	harbor1	chr10	14812156	14812807	LTR/ERV1	4268	+	326	14812482	40919
chr10	14771563	14971563	harbor1	chr10	14815595	14815891	LTR/ERV1	2593	+	148	14815743	44180
chr10	14771563	14971563	harbor1	chr10	14816198	14816350	LTR/ERV1	2593	+	76	14816274	44711
chr10	97398841	97598841	harbor1	chr10	97479064	97479267	LTR/ERV1	1304	+	102	97479166	80325
chr10	97398841	97598841	harbor1	chr10	97479310	97479507	LTR/ERV1	1192	+	98	97479408	80567
chr10	97398841	97598841	harbor1	chr10	97479848	97480367	LTR/ERV1	3300	+	260	97480108	81267
chr10	14755514	14955514	harbor1	chr10	14779116	14779192	LTR/ERV1	607	+	38	14779154	23640
chr10	14755514	14955514	harbor1	chr10	14812156	14812807	LTR/ERV1	4268	+	326	14812482	56968
chr10	14755514	14955514	harbor1	chr10	14815595	14815891	LTR/ERV1	2593	+	148	14815743	60229
chr10	14755514	14955514	harbor1	chr10	14816198	14816350	LTR/ERV1	2593	+	76	14816274	60760
chr10	132642062	132842062	harbor1	chr10	132680478	132681589	LTR/ERV1	7082	+	556	132681034	38972
chr10	97398923	97598923	harbor1	chr10	97479064	97479267	LTR/ERV1	1304	+	102	97479166	80243
chr10	97398923	97598923	harbor1	chr10	97479310	97479507	LTR/ERV1	1192	+	98	97479408	80485
chr10	97398923	97598923	harbor1	chr10	97479848	97480367	LTR/ERV1	3300	+	260	97480108	81185
chr10	97398845	97598845	harbor1	chr10	97479064	97479267	LTR/ERV1	1304	+	102	97479166	80321
chr10	97398845	97598845	harbor1	chr10	97479310	97479507	LTR/ERV1	1192	+	98	97479408	80563
chr10	97398845	97598845	harbor1	chr10	97479848	97480367	LTR/ERV1	3300	+	260	97480108	81263
chr10	133105439	133305439	harbor1	chr10	133151676	133152229	LTR/ERV1	1204	+	276	133151952	46513
chr10	23339297	23539297	harbor1	chr10	23373410	23373624	LTR/ERV1	1375	+	107	23373517	34220
chr10	23339297	23539297	harbor1	chr10	23373916	23374250	LTR/ERV1	2098	+	167	23374083	34786
chr10	23339297	23539297	harbor1	chr10	23379264	23379781	LTR/ERV1	2559	+	258	23379522	40225
chr10	23339297	23539297	harbor1	chr10	23405605	23405847	LTR/ERV1	605	+	121	23405726	66429
chr10	23339297	23539297	harbor1	chr10	23406037	23406271	LTR/ERV1	1064	+	117	23406154	66857
chr10	23339297	23539297	harbor1	chr10	23417328	23417948	LTR/ERV1	4205	+	310	23417638	78341
chr10	130648147	130848147	harbor1	chr10	130649550	130649786	LTR/ERV1	1262	+	118	130649668	1521
chr10	130648147	130848147	harbor1	chr10	130662817	130662968	LTR/ERV1	588	+	76	130662893	14746
chr10	130648147	130848147	harbor1	chr10	130712920	130713407	LTR/ERV1	1268	+	244	130713164	65017
chr10	130648147	130848147	harbor1	chr10	130746685	130746892	LTR/ERV1	742	+	104	130746789	98642
chr10	130648147	130848147	harbor1	chr10	130747295	130747467	LTR/ERV1	468	+	86	130747381	99234
chr10	130648147	130848147	harbor1	chr10	130747469	130747815	LTR/ERV1	789	+	173	130747642	99495
chr10	102033035	102233035	harbor1	chr10	102082875	102083342	LTR/ERV1	2523	+	234	102083109	50074
chr10	102141189	102341189	harbor1	chr10	102185117	102185572	LTR/ERV1	2394	+	228	102185345	44156
chr10	102141189	102341189	harbor1	chr10	102185574	102185660	LTR/ERV1	579	+	43	102185617	44428
chr10	102141189	102341189	harbor1	chr10	102185777	102186059	LTR/ERV1	1594	+	141	102185918	44729
chr10	102141189	102341189	harbor1	chr10	102186227	102186601	LTR/ERV1	1787	+	187	102186414	45225
chr10	102141189	102341189	harbor1	chr10	102189323	102189625	LTR/ERV1	2446	+	151	102189474	48285
chr10	102141189	102341189	harbor1	chr10	102189929	102190030	LTR/ERV1	2446	+	50	102189979	48790
chr10	102141189	102341189	harbor1	chr10	102190298	102190326	LTR/ERV1	1264	+	14	102190312	49123
chr10	102141189	102341189	harbor1	chr10	102190622	102190760	LTR/ERV1	1264	+	69	102190691	49502
chr10	102141189	102341189	harbor1	chr10	102191064	102191112	LTR/ERV1	1264	+	24	102191088	49899
chr10	102141189	102341189	harbor1	chr10	102191437	102191728	LTR/ERV1	1845	+	146	102191583	50394
chr10	102141189	102341189	harbor1	chr10	102191728	102191818	LTR/ERV1	650	+	45	102191773	50584
chr10	102141189	102341189	harbor1	chr10	102191819	102192261	LTR/ERV1	2472	+	221	102192040	50851
chr10	102141189	102341189	harbor1	chr10	102186702	102187010	LTR/ERV1	1723	+	154	102186856	45667
chr10	102141189	102341189	harbor1	chr10	102186979	102187954	LTR/ERV1	6130	+	488	102187467	46278
chr10	101115534	101315534	harbor1	chr10	101158695	101159174	LTR/ERV1	2958	+	240	101158935	43401
chr10	101115534	101315534	harbor1	chr10	101183258	101183746	LTR/ERV1	3458	+	244	101183502	67968
chr10	101115534	101315534	harbor1	chr10	101202783	101203022	LTR/ERV1	1820	+	120	101202903	87369
chr10	101115534	101315534	harbor1	chr10	101203251	101203414	LTR/ERV1	1067	+	82	101203333	87799
chr10	101115534	101315534	harbor1	chr10	101207860	101207901	LTR/ERV1	2956	+	20	101207880	92346
chr10	101115534	101315534	harbor1	chr10	101208208	101208260	LTR/ERV1	2956	+	26	101208234	92700
chr10	101115534	101315534	harbor1	chr10	101208573	101208988	LTR/ERV1	2956	+	208	101208781	93247
chr10	92431311	92631311	harbor1	chr10	92439864	92440465	LTR/ERV1	2937	+	300	92440164	8853
chr10	75111011	75311011	harbor1	chr10	75186614	75186668	LTR/ERV1	1149	+	27	75186641	75630
chr10	75111011	75311011	harbor1	chr10	75185886	75186311	LTR/ERV1	1149	+	212	75186098	75087
chr10	72255083	72455083	harbor1	chr10	72300429	72302020	LTR/ERV1	11792	+	796	72301225	46142
chr10	72255083	72455083	harbor1	chr10	72325773	72327178	LTR/ERV1	10490	+	702	72326475	71392
chr10	4608518	4808518	harbor1	chr10	4632850	4633141	LTR/ERV1	1267	+	146	4632996	24478
chr10	4608518	4808518	harbor1	chr10	4644353	4644954	LTR/ERV1	3606	+	300	4644653	36135
chr10	4608518	4808518	harbor1	chr10	4679333	4679728	LTR/ERV1	2368	+	198	4679531	71013
chr10	14701889	14901889	harbor1	chr10	14702837	14703290	LTR/ERV1	1191	+	226	14703063	1174
chr10	14701889	14901889	harbor1	chr10	14705833	14706215	LTR/ERV1	4020	+	191	14706024	4135
chr10	14701889	14901889	harbor1	chr10	14706501	14706794	LTR/ERV1	4020	+	146	14706647	4758
chr10	14701889	14901889	harbor1	chr10	14779116	14779192	LTR/ERV1	607	+	38	14779154	77265
chr10	132232394	132432394	harbor1	chr10	132312665	132312757	LTR/ERV1	1708	+	46	132312711	80317
chr10	132232394	132432394	harbor1	chr10	132313068	132313324	LTR/ERV1	1708	+	128	132313196	80802
chr10	112347249	112547249	harbor1	chr10	112349574	112350869	LTR/ERV1	4233	+	648	112350222	2973
chr10	112347249	112547249	harbor1	chr10	112369605	112370127	LTR/ERV1	7072	+	261	112369866	22617
chr10	112347249	112547249	harbor1	chr10	112370128	112371581	LTR/ERV1	10589	+	726	112370854	23605
chr10	112347249	112547249	harbor1	chr10	112371582	112372669	LTR/ERV1	7072	+	544	112372126	24877
chr10	130532945	130732945	harbor1	chr10	130571292	130571750	LTR/ERV1	1645	+	229	130571521	38576
chr10	122856480	123056480	harbor1	chr10	122875703	122876286	LTR/ERV1	3243	+	292	122875995	19515
chr10	122856480	123056480	harbor1	chr10	122913691	122913967	LTR/ERV1	903	+	138	122913829	57349
chr10	122856480	123056480	harbor1	chr10	122914267	122914392	LTR/ERV1	903	+	62	122914329	57849
chr10	122856480	123056480	harbor1	chr10	122927875	122928076	LTR/ERV1	1546	+	100	122927975	71495
chr10	122856480	123056480	harbor1	chr10	122928254	122928318	LTR/ERV1	1546	+	32	122928286	71806
chr10	97398878	97598878	harbor1	chr10	97479064	97479267	LTR/ERV1	1304	+	102	97479166	80288
chr10	97398878	97598878	harbor1	chr10	97479310	97479507	LTR/ERV1	1192	+	98	97479408	80530
chr10	97398878	97598878	harbor1	chr10	97479848	97480367	LTR/ERV1	3300	+	260	97480108	81230
chr10	122063803	122263803	harbor1	chr10	122075102	122075187	LTR/ERV1	594	+	42	122075144	11341
chr10	97398451	97598451	harbor1	chr10	97479064	97479267	LTR/ERV1	1304	+	102	97479166	80715
chr10	97398451	97598451	harbor1	chr10	97479310	97479507	LTR/ERV1	1192	+	98	97479408	80957
chr10	97398451	97598451	harbor1	chr10	97479848	97480367	LTR/ERV1	3300	+	260	97480108	81657
chr10	23099346	23299346	harbor1	chr10	23138337	23138648	LTR/ERV1	1335	+	156	23138493	39147
chr10	14778721	14978721	harbor1	chr10	14779116	14779192	LTR/ERV1	607	+	38	14779154	433
chr10	14778721	14978721	harbor1	chr10	14812156	14812807	LTR/ERV1	4268	+	326	14812482	33761
chr10	14778721	14978721	harbor1	chr10	14815595	14815891	LTR/ERV1	2593	+	148	14815743	37022
chr10	14778721	14978721	harbor1	chr10	14816198	14816350	LTR/ERV1	2593	+	76	14816274	37553
chr10	75111017	75311017	harbor1	chr10	75186614	75186668	LTR/ERV1	1149	+	27	75186641	75624
chr10	75111017	75311017	harbor1	chr10	75185886	75186311	LTR/ERV1	1149	+	212	75186098	75081
chr10	132232388	132432388	harbor1	chr10	132312665	132312757	LTR/ERV1	1708	+	46	132312711	80323
chr10	132232388	132432388	harbor1	chr10	132313068	132313324	LTR/ERV1	1708	+	128	132313196	80808
chr10	43005639	43205639	harbor1	chr10	43012191	43013104	LTR/ERV1	4934	+	456	43012647	7008
chr10	97398476	97598476	harbor1	chr10	97479064	97479267	LTR/ERV1	1304	+	102	97479166	80690
chr10	97398476	97598476	harbor1	chr10	97479310	97479507	LTR/ERV1	1192	+	98	97479408	80932
chr10	97398476	97598476	harbor1	chr10	97479848	97480367	LTR/ERV1	3300	+	260	97480108	81632
chr10	23339295	23539295	harbor1	chr10	23373410	23373624	LTR/ERV1	1375	+	107	23373517	34222
chr10	23339295	23539295	harbor1	chr10	23373916	23374250	LTR/ERV1	2098	+	167	23374083	34788
chr10	23339295	23539295	harbor1	chr10	23379264	23379781	LTR/ERV1	2559	+	258	23379522	40227
chr10	23339295	23539295	harbor1	chr10	23405605	23405847	LTR/ERV1	605	+	121	23405726	66431
chr10	23339295	23539295	harbor1	chr10	23406037	23406271	LTR/ERV1	1064	+	117	23406154	66859
chr10	23339295	23539295	harbor1	chr10	23417328	23417948	LTR/ERV1	4205	+	310	23417638	78343
chr10	14778699	14978699	harbor1	chr10	14779116	14779192	LTR/ERV1	607	+	38	14779154	455
chr10	14778699	14978699	harbor1	chr10	14812156	14812807	LTR/ERV1	4268	+	326	14812482	33783
chr10	14778699	14978699	harbor1	chr10	14815595	14815891	LTR/ERV1	2593	+	148	14815743	37044
chr10	14778699	14978699	harbor1	chr10	14816198	14816350	LTR/ERV1	2593	+	76	14816274	37575
chr10	43004161	43204161	harbor1	chr10	43012191	43013104	LTR/ERV1	4934	+	456	43012647	8486
chr10	114073688	114273688	harbor1	chr10	114168465	114168860	LTR/ERV1	1454	+	198	114168663	94975
chr10	101115425	101315425	harbor1	chr10	101158695	101159174	LTR/ERV1	2958	+	240	101158935	43510
chr10	101115425	101315425	harbor1	chr10	101183258	101183746	LTR/ERV1	3458	+	244	101183502	68077
chr10	101115425	101315425	harbor1	chr10	101202783	101203022	LTR/ERV1	1820	+	120	101202903	87478
chr10	101115425	101315425	harbor1	chr10	101203251	101203414	LTR/ERV1	1067	+	82	101203333	87908
chr10	101115425	101315425	harbor1	chr10	101207860	101207901	LTR/ERV1	2956	+	20	101207880	92455
chr10	101115425	101315425	harbor1	chr10	101208208	101208260	LTR/ERV1	2956	+	26	101208234	92809
chr10	101115425	101315425	harbor1	chr10	101208573	101208988	LTR/ERV1	2956	+	208	101208781	93356
chr10	97398967	97598967	harbor1	chr10	97479064	97479267	LTR/ERV1	1304	+	102	97479166	80199
chr10	97398967	97598967	harbor1	chr10	97479310	97479507	LTR/ERV1	1192	+	98	97479408	80441
chr10	97398967	97598967	harbor1	chr10	97479848	97480367	LTR/ERV1	3300	+	260	97480108	81141
chr10	102140710	102340710	harbor1	chr10	102185117	102185572	LTR/ERV1	2394	+	228	102185345	44635
chr10	102140710	102340710	harbor1	chr10	102185574	102185660	LTR/ERV1	579	+	43	102185617	44907
chr10	102140710	102340710	harbor1	chr10	102185777	102186059	LTR/ERV1	1594	+	141	102185918	45208
chr10	102140710	102340710	harbor1	chr10	102186227	102186601	LTR/ERV1	1787	+	187	102186414	45704
chr10	102140710	102340710	harbor1	chr10	102189323	102189625	LTR/ERV1	2446	+	151	102189474	48764
chr10	102140710	102340710	harbor1	chr10	102189929	102190030	LTR/ERV1	2446	+	50	102189979	49269
chr10	102140710	102340710	harbor1	chr10	102190298	102190326	LTR/ERV1	1264	+	14	102190312	49602
chr10	102140710	102340710	harbor1	chr10	102190622	102190760	LTR/ERV1	1264	+	69	102190691	49981
chr10	102140710	102340710	harbor1	chr10	102191064	102191112	LTR/ERV1	1264	+	24	102191088	50378
chr10	102140710	102340710	harbor1	chr10	102191437	102191728	LTR/ERV1	1845	+	146	102191583	50873
chr10	102140710	102340710	harbor1	chr10	102191728	102191818	LTR/ERV1	650	+	45	102191773	51063
chr10	102140710	102340710	harbor1	chr10	102191819	102192261	LTR/ERV1	2472	+	221	102192040	51330
chr10	102140710	102340710	harbor1	chr10	102186702	102187010	LTR/ERV1	1723	+	154	102186856	46146
chr10	102140710	102340710	harbor1	chr10	102186979	102187954	LTR/ERV1	6130	+	488	102187467	46757
chr10	46006324	46206324	harbor1	chr10	46040355	46040673	LTR/ERV1	2307	+	159	46040514	34190
chr10	46006324	46206324	harbor1	chr10	46040967	46041061	LTR/ERV1	2307	+	47	46041014	34690
chr10	46006324	46206324	harbor1	chr10	46041367	46041414	LTR/ERV1	2307	+	24	46041391	35067
chr10	46006324	46206324	harbor1	chr10	46053335	46053960	LTR/ERV1	4399	+	312	46053647	47323
chr10	46006324	46206324	harbor1	chr10	46053961	46054405	LTR/ERV1	3387	+	222	46054183	47859
chr10	46006324	46206324	harbor1	chr10	46054406	46054554	LTR/ERV1	4399	+	74	46054480	48156
chr10	46006324	46206324	harbor1	chr10	46105142	46105657	LTR/ERV1	3878	+	258	46105400	99076
chr10	133556781	133756781	harbor1	chr10	133560793	133561247	LTR/ERV1	2426	+	227	133561020	4239
chr10	133556781	133756781	harbor1	chr10	133561251	133562261	LTR/ERV1	3688	+	505	133561756	4975
chr10	133556781	133756781	harbor1	chr10	133591271	133591766	LTR/ERV1	3125	+	248	133591519	34738
chr10	133556781	133756781	harbor1	chr10	133650905	133651243	LTR/ERV1	2426	+	169	133651074	94293
chr10	133556781	133756781	harbor1	chr10	133562317	133562870	LTR/ERV1	2376	+	276	133562593	5812
chr10	71360848	71560848	harbor1	chr10	71379251	71379762	LTR/ERV1	2312	+	256	71379507	18659
chr10	132786515	132986515	harbor1	chr10	132848296	132848877	LTR/ERV1	2171	+	290	132848586	62071
chr10	100085650	100285650	harbor1	chr10	100111387	100111512	LTR/ERV1	3455	+	62	100111449	25799
chr10	100085650	100285650	harbor1	chr10	100111805	100112223	LTR/ERV1	3455	+	209	100112014	26364
chr10	100085650	100285650	harbor1	chr10	100169156	100169249	LTR/ERV1	510	+	46	100169202	83552
chr10	47239786	47439786	harbor1	chr10	47256773	47257259	LTR/ERV1	2753	+	243	47257016	17230
chr10	13709693	13909693	harbor1	chr10	13723625	13723844	LTR/ERV1	619	+	110	13723735	14042
chr10	13709693	13909693	harbor1	chr10	13723874	13724096	LTR/ERV1	863	+	111	13723985	14292
chr10	13709693	13909693	harbor1	chr10	13758511	13758817	LTR/ERV1	1917	+	153	13758664	48971
chr10	13709693	13909693	harbor1	chr10	13772303	13772658	LTR/ERV1	3007	+	178	13772481	62788
chr10	13709693	13909693	harbor1	chr10	13773105	13773374	LTR/ERV1	3007	+	134	13773239	63546
chr10	97398862	97598862	harbor1	chr10	97479064	97479267	LTR/ERV1	1304	+	102	97479166	80304
chr10	97398862	97598862	harbor1	chr10	97479310	97479507	LTR/ERV1	1192	+	98	97479408	80546
chr10	97398862	97598862	harbor1	chr10	97479848	97480367	LTR/ERV1	3300	+	260	97480108	81246
chr10	34451528	34651528	harbor1	chr10	34473581	34474044	LTR/ERV1	2320	+	232	34473813	22285
chr10	34451528	34651528	harbor1	chr10	34510125	34510430	LTR/ERV1	1378	+	152	34510277	58749
chr10	102141217	102341217	harbor1	chr10	102185117	102185572	LTR/ERV1	2394	+	228	102185345	44128
chr10	102141217	102341217	harbor1	chr10	102185574	102185660	LTR/ERV1	579	+	43	102185617	44400
chr10	102141217	102341217	harbor1	chr10	102185777	102186059	LTR/ERV1	1594	+	141	102185918	44701
chr10	102141217	102341217	harbor1	chr10	102186227	102186601	LTR/ERV1	1787	+	187	102186414	45197
chr10	102141217	102341217	harbor1	chr10	102189323	102189625	LTR/ERV1	2446	+	151	102189474	48257
chr10	102141217	102341217	harbor1	chr10	102189929	102190030	LTR/ERV1	2446	+	50	102189979	48762
chr10	102141217	102341217	harbor1	chr10	102190298	102190326	LTR/ERV1	1264	+	14	102190312	49095
chr10	102141217	102341217	harbor1	chr10	102190622	102190760	LTR/ERV1	1264	+	69	102190691	49474
chr10	102141217	102341217	harbor1	chr10	102191064	102191112	LTR/ERV1	1264	+	24	102191088	49871
chr10	102141217	102341217	harbor1	chr10	102191437	102191728	LTR/ERV1	1845	+	146	102191583	50366
chr10	102141217	102341217	harbor1	chr10	102191728	102191818	LTR/ERV1	650	+	45	102191773	50556
chr10	102141217	102341217	harbor1	chr10	102191819	102192261	LTR/ERV1	2472	+	221	102192040	50823
chr10	102141217	102341217	harbor1	chr10	102186702	102187010	LTR/ERV1	1723	+	154	102186856	45639
chr10	102141217	102341217	harbor1	chr10	102186979	102187954	LTR/ERV1	6130	+	488	102187467	46250
chr10	14778012	14978012	harbor1	chr10	14779116	14779192	LTR/ERV1	607	+	38	14779154	1142
chr10	14778012	14978012	harbor1	chr10	14812156	14812807	LTR/ERV1	4268	+	326	14812482	34470
chr10	14778012	14978012	harbor1	chr10	14815595	14815891	LTR/ERV1	2593	+	148	14815743	37731
chr10	14778012	14978012	harbor1	chr10	14816198	14816350	LTR/ERV1	2593	+	76	14816274	38262
chr10	4452758	4652758	harbor1	chr10	4548828	4548913	LTR/ERV1	2277	+	42	4548870	96112
chr10	4452758	4652758	harbor1	chr10	4549226	4549645	LTR/ERV1	2277	+	210	4549436	96678
chr10	75111058	75311058	harbor1	chr10	75186614	75186668	LTR/ERV1	1149	+	27	75186641	75583
chr10	75111058	75311058	harbor1	chr10	75185886	75186311	LTR/ERV1	1149	+	212	75186098	75040
chr10	47239777	47439777	harbor1	chr10	47256773	47257259	LTR/ERV1	2753	+	243	47257016	17239
chr10	89132447	89332447	harbor1	chr10	89132797	89133089	LTR/ERV1	637	+	146	89132943	496
chr10	89132447	89332447	harbor1	chr10	89133237	89133400	LTR/ERV1	637	+	82	89133319	872
chr10	47239796	47439796	harbor1	chr10	47256773	47257259	LTR/ERV1	2753	+	243	47257016	17220
chr10	132811367	133011367	harbor1	chr10	132848296	132848877	LTR/ERV1	2171	+	290	132848586	37219
chr10	132811367	133011367	harbor1	chr10	132886660	132886944	LTR/ERV1	714	+	142	132886802	75435
chr10	132811367	133011367	harbor1	chr10	132888070	132888197	LTR/ERV1	538	+	64	132888134	76767
chr10	132811367	133011367	harbor1	chr10	132890320	132890554	LTR/ERV1	682	+	117	132890437	79070
chr10	132811367	133011367	harbor1	chr10	132891218	132892094	LTR/ERV1	5038	+	438	132891656	80289
chr10	132811367	133011367	harbor1	chr10	132892488	132892809	LTR/ERV1	1198	+	160	132892648	81281
chr10	132811367	133011367	harbor1	chr10	132892850	132893316	LTR/ERV1	3671	+	233	132893083	81716
chr10	132811367	133011367	harbor1	chr10	132893317	132893661	LTR/ERV1	2315	+	172	132893489	82122
chr10	132811367	133011367	harbor1	chr10	132893662	132893895	LTR/ERV1	3671	+	116	132893778	82411
chr10	132811367	133011367	harbor1	chr10	132890600	132890765	LTR/ERV1	733	+	82	132890682	79315
chr10	131144882	131344882	harbor1	chr10	131156497	131156950	LTR/ERV1	3601	+	226	131156723	11841
chr10	131144882	131344882	harbor1	chr10	131199545	131199870	LTR/ERV1	750	+	162	131199707	54825
chr10	102140729	102340729	harbor1	chr10	102185117	102185572	LTR/ERV1	2394	+	228	102185345	44616
chr10	102140729	102340729	harbor1	chr10	102185574	102185660	LTR/ERV1	579	+	43	102185617	44888
chr10	102140729	102340729	harbor1	chr10	102185777	102186059	LTR/ERV1	1594	+	141	102185918	45189
chr10	102140729	102340729	harbor1	chr10	102186227	102186601	LTR/ERV1	1787	+	187	102186414	45685
chr10	102140729	102340729	harbor1	chr10	102189323	102189625	LTR/ERV1	2446	+	151	102189474	48745
chr10	102140729	102340729	harbor1	chr10	102189929	102190030	LTR/ERV1	2446	+	50	102189979	49250
chr10	102140729	102340729	harbor1	chr10	102190298	102190326	LTR/ERV1	1264	+	14	102190312	49583
chr10	102140729	102340729	harbor1	chr10	102190622	102190760	LTR/ERV1	1264	+	69	102190691	49962
chr10	102140729	102340729	harbor1	chr10	102191064	102191112	LTR/ERV1	1264	+	24	102191088	50359
chr10	102140729	102340729	harbor1	chr10	102191437	102191728	LTR/ERV1	1845	+	146	102191583	50854
chr10	102140729	102340729	harbor1	chr10	102191728	102191818	LTR/ERV1	650	+	45	102191773	51044
chr10	102140729	102340729	harbor1	chr10	102191819	102192261	LTR/ERV1	2472	+	221	102192040	51311
chr10	102140729	102340729	harbor1	chr10	102186702	102187010	LTR/ERV1	1723	+	154	102186856	46127
chr10	102140729	102340729	harbor1	chr10	102186979	102187954	LTR/ERV1	6130	+	488	102187467	46738
chr10	132232409	132432409	harbor1	chr10	132312665	132312757	LTR/ERV1	1708	+	46	132312711	80302
chr10	132232409	132432409	harbor1	chr10	132313068	132313324	LTR/ERV1	1708	+	128	132313196	80787
chr10	68462143	68662143	harbor1	chr10	68491582	68491800	LTR/ERV1	895	+	109	68491691	29548
chr10	68462143	68662143	harbor1	chr10	68492160	68492422	LTR/ERV1	1109	+	131	68492291	30148
chr10	14752857	14952857	harbor1	chr10	14779116	14779192	LTR/ERV1	607	+	38	14779154	26297
chr10	14752857	14952857	harbor1	chr10	14812156	14812807	LTR/ERV1	4268	+	326	14812482	59625
chr10	14752857	14952857	harbor1	chr10	14815595	14815891	LTR/ERV1	2593	+	148	14815743	62886
chr10	14752857	14952857	harbor1	chr10	14816198	14816350	LTR/ERV1	2593	+	76	14816274	63417
chr10	133137750	133337750	harbor1	chr10	133151676	133152229	LTR/ERV1	1204	+	276	133151952	14202
chr10	14778778	14978778	harbor1	chr10	14779116	14779192	LTR/ERV1	607	+	38	14779154	376
chr10	14778778	14978778	harbor1	chr10	14812156	14812807	LTR/ERV1	4268	+	326	14812482	33704
chr10	14778778	14978778	harbor1	chr10	14815595	14815891	LTR/ERV1	2593	+	148	14815743	36965
chr10	14778778	14978778	harbor1	chr10	14816198	14816350	LTR/ERV1	2593	+	76	14816274	37496
chr10	46005969	46205969	harbor1	chr10	46040355	46040673	LTR/ERV1	2307	+	159	46040514	34545
chr10	46005969	46205969	harbor1	chr10	46040967	46041061	LTR/ERV1	2307	+	47	46041014	35045
chr10	46005969	46205969	harbor1	chr10	46041367	46041414	LTR/ERV1	2307	+	24	46041391	35422
chr10	46005969	46205969	harbor1	chr10	46053335	46053960	LTR/ERV1	4399	+	312	46053647	47678
chr10	46005969	46205969	harbor1	chr10	46053961	46054405	LTR/ERV1	3387	+	222	46054183	48214
chr10	46005969	46205969	harbor1	chr10	46054406	46054554	LTR/ERV1	4399	+	74	46054480	48511
chr10	46005969	46205969	harbor1	chr10	46105142	46105657	LTR/ERV1	3878	+	258	46105400	99431
chr10	72255102	72455102	harbor1	chr10	72300429	72302020	LTR/ERV1	11792	+	796	72301225	46123
chr10	72255102	72455102	harbor1	chr10	72325773	72327178	LTR/ERV1	10490	+	702	72326475	71373
chr10	122063779	122263779	harbor1	chr10	122075102	122075187	LTR/ERV1	594	+	42	122075144	11365
chr10	132614280	132814280	harbor1	chr10	132680478	132681589	LTR/ERV1	7082	+	556	132681034	66754
chr10	72254369	72454369	harbor1	chr10	72300429	72302020	LTR/ERV1	11792	+	796	72301225	46856
chr10	72254369	72454369	harbor1	chr10	72325773	72327178	LTR/ERV1	10490	+	702	72326475	72106
chr10	102134155	102334155	harbor1	chr10	102185117	102185572	LTR/ERV1	2394	+	228	102185345	51190
chr10	102134155	102334155	harbor1	chr10	102185574	102185660	LTR/ERV1	579	+	43	102185617	51462
chr10	102134155	102334155	harbor1	chr10	102185777	102186059	LTR/ERV1	1594	+	141	102185918	51763
chr10	102134155	102334155	harbor1	chr10	102186227	102186601	LTR/ERV1	1787	+	187	102186414	52259
chr10	102134155	102334155	harbor1	chr10	102189323	102189625	LTR/ERV1	2446	+	151	102189474	55319
chr10	102134155	102334155	harbor1	chr10	102189929	102190030	LTR/ERV1	2446	+	50	102189979	55824
chr10	102134155	102334155	harbor1	chr10	102190298	102190326	LTR/ERV1	1264	+	14	102190312	56157
chr10	102134155	102334155	harbor1	chr10	102190622	102190760	LTR/ERV1	1264	+	69	102190691	56536
chr10	102134155	102334155	harbor1	chr10	102191064	102191112	LTR/ERV1	1264	+	24	102191088	56933
chr10	102134155	102334155	harbor1	chr10	102191437	102191728	LTR/ERV1	1845	+	146	102191583	57428
chr10	102134155	102334155	harbor1	chr10	102191728	102191818	LTR/ERV1	650	+	45	102191773	57618
chr10	102134155	102334155	harbor1	chr10	102191819	102192261	LTR/ERV1	2472	+	221	102192040	57885
chr10	102134155	102334155	harbor1	chr10	102186702	102187010	LTR/ERV1	1723	+	154	102186856	52701
chr10	102134155	102334155	harbor1	chr10	102186979	102187954	LTR/ERV1	6130	+	488	102187467	53312
chr10	129211551	129411551	harbor1	chr10	129244899	129245238	LTR/ERV1	929	+	170	129245069	33518
chr10	97398963	97598963	harbor1	chr10	97479064	97479267	LTR/ERV1	1304	+	102	97479166	80203
chr10	97398963	97598963	harbor1	chr10	97479310	97479507	LTR/ERV1	1192	+	98	97479408	80445
chr10	97398963	97598963	harbor1	chr10	97479848	97480367	LTR/ERV1	3300	+	260	97480108	81145
chr10	14763732	14963732	harbor1	chr10	14779116	14779192	LTR/ERV1	607	+	38	14779154	15422
chr10	14763732	14963732	harbor1	chr10	14812156	14812807	LTR/ERV1	4268	+	326	14812482	48750
chr10	14763732	14963732	harbor1	chr10	14815595	14815891	LTR/ERV1	2593	+	148	14815743	52011
chr10	14763732	14963732	harbor1	chr10	14816198	14816350	LTR/ERV1	2593	+	76	14816274	52542
chr10	102141356	102341356	harbor1	chr10	102185117	102185572	LTR/ERV1	2394	+	228	102185345	43989
chr10	102141356	102341356	harbor1	chr10	102185574	102185660	LTR/ERV1	579	+	43	102185617	44261
chr10	102141356	102341356	harbor1	chr10	102185777	102186059	LTR/ERV1	1594	+	141	102185918	44562
chr10	102141356	102341356	harbor1	chr10	102186227	102186601	LTR/ERV1	1787	+	187	102186414	45058
chr10	102141356	102341356	harbor1	chr10	102189323	102189625	LTR/ERV1	2446	+	151	102189474	48118
chr10	102141356	102341356	harbor1	chr10	102189929	102190030	LTR/ERV1	2446	+	50	102189979	48623
chr10	102141356	102341356	harbor1	chr10	102190298	102190326	LTR/ERV1	1264	+	14	102190312	48956
chr10	102141356	102341356	harbor1	chr10	102190622	102190760	LTR/ERV1	1264	+	69	102190691	49335
chr10	102141356	102341356	harbor1	chr10	102191064	102191112	LTR/ERV1	1264	+	24	102191088	49732
chr10	102141356	102341356	harbor1	chr10	102191437	102191728	LTR/ERV1	1845	+	146	102191583	50227
chr10	102141356	102341356	harbor1	chr10	102191728	102191818	LTR/ERV1	650	+	45	102191773	50417
chr10	102141356	102341356	harbor1	chr10	102191819	102192261	LTR/ERV1	2472	+	221	102192040	50684
chr10	102141356	102341356	harbor1	chr10	102186702	102187010	LTR/ERV1	1723	+	154	102186856	45500
chr10	102141356	102341356	harbor1	chr10	102186979	102187954	LTR/ERV1	6130	+	488	102187467	46111
chr10	14778075	14978075	harbor1	chr10	14779116	14779192	LTR/ERV1	607	+	38	14779154	1079
chr10	14778075	14978075	harbor1	chr10	14812156	14812807	LTR/ERV1	4268	+	326	14812482	34407
chr10	14778075	14978075	harbor1	chr10	14815595	14815891	LTR/ERV1	2593	+	148	14815743	37668
chr10	14778075	14978075	harbor1	chr10	14816198	14816350	LTR/ERV1	2593	+	76	14816274	38199
chr10	72254600	72454600	harbor1	chr10	72300429	72302020	LTR/ERV1	11792	+	796	72301225	46625
chr10	72254600	72454600	harbor1	chr10	72325773	72327178	LTR/ERV1	10490	+	702	72326475	71875
chr10	102140075	102340075	harbor1	chr10	102185117	102185572	LTR/ERV1	2394	+	228	102185345	45270
chr10	102140075	102340075	harbor1	chr10	102185574	102185660	LTR/ERV1	579	+	43	102185617	45542
chr10	102140075	102340075	harbor1	chr10	102185777	102186059	LTR/ERV1	1594	+	141	102185918	45843
chr10	102140075	102340075	harbor1	chr10	102186227	102186601	LTR/ERV1	1787	+	187	102186414	46339
chr10	102140075	102340075	harbor1	chr10	102189323	102189625	LTR/ERV1	2446	+	151	102189474	49399
chr10	102140075	102340075	harbor1	chr10	102189929	102190030	LTR/ERV1	2446	+	50	102189979	49904
chr10	102140075	102340075	harbor1	chr10	102190298	102190326	LTR/ERV1	1264	+	14	102190312	50237
chr10	102140075	102340075	harbor1	chr10	102190622	102190760	LTR/ERV1	1264	+	69	102190691	50616
chr10	102140075	102340075	harbor1	chr10	102191064	102191112	LTR/ERV1	1264	+	24	102191088	51013
chr10	102140075	102340075	harbor1	chr10	102191437	102191728	LTR/ERV1	1845	+	146	102191583	51508
chr10	102140075	102340075	harbor1	chr10	102191728	102191818	LTR/ERV1	650	+	45	102191773	51698
chr10	102140075	102340075	harbor1	chr10	102191819	102192261	LTR/ERV1	2472	+	221	102192040	51965
chr10	102140075	102340075	harbor1	chr10	102186702	102187010	LTR/ERV1	1723	+	154	102186856	46781
chr10	102140075	102340075	harbor1	chr10	102186979	102187954	LTR/ERV1	6130	+	488	102187467	47392
chr10	14778068	14978068	harbor1	chr10	14779116	14779192	LTR/ERV1	607	+	38	14779154	1086
chr10	14778068	14978068	harbor1	chr10	14812156	14812807	LTR/ERV1	4268	+	326	14812482	34414
chr10	14778068	14978068	harbor1	chr10	14815595	14815891	LTR/ERV1	2593	+	148	14815743	37675
chr10	14778068	14978068	harbor1	chr10	14816198	14816350	LTR/ERV1	2593	+	76	14816274	38206
chr11	5127208	5327208	harbor1	chr11	5135423	5135970	LTR/ERV1	2531	+	274	5135697	8489
chr11	5127208	5327208	harbor1	chr11	5144231	5145619	LTR/ERV1	9589	+	694	5144925	17717
chr11	5126782	5326782	harbor1	chr11	5135423	5135970	LTR/ERV1	2531	+	274	5135697	8915
chr11	5126782	5326782	harbor1	chr11	5144231	5145619	LTR/ERV1	9589	+	694	5144925	18143
chr11	5125332	5325332	harbor1	chr11	5135423	5135970	LTR/ERV1	2531	+	274	5135697	10365
chr11	5125332	5325332	harbor1	chr11	5144231	5145619	LTR/ERV1	9589	+	694	5144925	19593
chr11	5127125	5327125	harbor1	chr11	5135423	5135970	LTR/ERV1	2531	+	274	5135697	8572
chr11	5127125	5327125	harbor1	chr11	5144231	5145619	LTR/ERV1	9589	+	694	5144925	17800
chr11	5126747	5326747	harbor1	chr11	5135423	5135970	LTR/ERV1	2531	+	274	5135697	8950
chr11	5126747	5326747	harbor1	chr11	5144231	5145619	LTR/ERV1	9589	+	694	5144925	18178
chr11	76580979	76780979	harbor1	chr11	76605467	76606173	LTR/ERV1	4447	+	353	76605820	24841
chr11	5126823	5326823	harbor1	chr11	5135423	5135970	LTR/ERV1	2531	+	274	5135697	8874
chr11	5126823	5326823	harbor1	chr11	5144231	5145619	LTR/ERV1	9589	+	694	5144925	18102
chr11	5134555	5334555	harbor1	chr11	5135423	5135970	LTR/ERV1	2531	+	274	5135697	1142
chr11	5134555	5334555	harbor1	chr11	5144231	5145619	LTR/ERV1	9589	+	694	5144925	10370
chr11	5126774	5326774	harbor1	chr11	5135423	5135970	LTR/ERV1	2531	+	274	5135697	8923
chr11	5126774	5326774	harbor1	chr11	5144231	5145619	LTR/ERV1	9589	+	694	5144925	18151
chr11	5127340	5327340	harbor1	chr11	5135423	5135970	LTR/ERV1	2531	+	274	5135697	8357
chr11	5127340	5327340	harbor1	chr11	5144231	5145619	LTR/ERV1	9589	+	694	5144925	17585
chr11	5124751	5324751	harbor1	chr11	5135423	5135970	LTR/ERV1	2531	+	274	5135697	10946
chr11	5124751	5324751	harbor1	chr11	5144231	5145619	LTR/ERV1	9589	+	694	5144925	20174
chr11	5134559	5334559	harbor1	chr11	5135423	5135970	LTR/ERV1	2531	+	274	5135697	1138
chr11	5134559	5334559	harbor1	chr11	5144231	5145619	LTR/ERV1	9589	+	694	5144925	10366
chr11	5134573	5334573	harbor1	chr11	5135423	5135970	LTR/ERV1	2531	+	274	5135697	1124
chr11	5134573	5334573	harbor1	chr11	5144231	5145619	LTR/ERV1	9589	+	694	5144925	10352
chr11	5127129	5327129	harbor1	chr11	5135423	5135970	LTR/ERV1	2531	+	274	5135697	8568
chr11	5127129	5327129	harbor1	chr11	5144231	5145619	LTR/ERV1	9589	+	694	5144925	17796
chr11	5127170	5327170	harbor1	chr11	5135423	5135970	LTR/ERV1	2531	+	274	5135697	8527
chr11	5127170	5327170	harbor1	chr11	5144231	5145619	LTR/ERV1	9589	+	694	5144925	17755
chr11	57399820	57599820	harbor1	chr11	57441200	57441307	LTR/ERV1	545	+	54	57441254	41434
chr11	57399820	57599820	harbor1	chr11	57441964	57441990	LTR/ERV1	1008	+	13	57441977	42157
chr11	57399820	57599820	harbor1	chr11	57444277	57444404	LTR/ERV1	836	+	64	57444341	44521
chr11	5127181	5327181	harbor1	chr11	5135423	5135970	LTR/ERV1	2531	+	274	5135697	8516
chr11	5127181	5327181	harbor1	chr11	5144231	5145619	LTR/ERV1	9589	+	694	5144925	17744
chr11	5107730	5307730	harbor1	chr11	5123156	5123698	LTR/ERV1	2298	+	271	5123427	15697
chr11	5107730	5307730	harbor1	chr11	5135423	5135970	LTR/ERV1	2531	+	274	5135697	27967
chr11	5107730	5307730	harbor1	chr11	5144231	5145619	LTR/ERV1	9589	+	694	5144925	37195
chr11	5127269	5327269	harbor1	chr11	5135423	5135970	LTR/ERV1	2531	+	274	5135697	8428
chr11	5127269	5327269	harbor1	chr11	5144231	5145619	LTR/ERV1	9589	+	694	5144925	17656
chr11	5032610	5232610	harbor1	chr11	5085616	5085737	LTR/ERV1	1426	+	60	5085676	53066
chr11	5032610	5232610	harbor1	chr11	5085988	5086231	LTR/ERV1	1426	+	122	5086110	53500
chr11	5032610	5232610	harbor1	chr11	5086523	5086615	LTR/ERV1	1426	+	46	5086569	53959
chr11	5032610	5232610	harbor1	chr11	5123156	5123698	LTR/ERV1	2298	+	271	5123427	90817
chr11	108021573	108221573	harbor1	chr11	108022686	108022761	LTR/ERV1	498	+	38	108022724	1151
chr11	108021573	108221573	harbor1	chr11	108115814	108116251	LTR/ERV1	2770	+	218	108116032	94459
chr11	5132965	5332965	harbor1	chr11	5135423	5135970	LTR/ERV1	2531	+	274	5135697	2732
chr11	5132965	5332965	harbor1	chr11	5144231	5145619	LTR/ERV1	9589	+	694	5144925	11960
chr11	5127263	5327263	harbor1	chr11	5135423	5135970	LTR/ERV1	2531	+	274	5135697	8434
chr11	5127263	5327263	harbor1	chr11	5144231	5145619	LTR/ERV1	9589	+	694	5144925	17662
chr11	5129592	5329592	harbor1	chr11	5135423	5135970	LTR/ERV1	2531	+	274	5135697	6105
chr11	5129592	5329592	harbor1	chr11	5144231	5145619	LTR/ERV1	9589	+	694	5144925	15333
chr11	5124885	5324885	harbor1	chr11	5135423	5135970	LTR/ERV1	2531	+	274	5135697	10812
chr11	5124885	5324885	harbor1	chr11	5144231	5145619	LTR/ERV1	9589	+	694	5144925	20040
chr11	5127172	5327172	harbor1	chr11	5135423	5135970	LTR/ERV1	2531	+	274	5135697	8525
chr11	5127172	5327172	harbor1	chr11	5144231	5145619	LTR/ERV1	9589	+	694	5144925	17753
chr11	5127366	5327366	harbor1	chr11	5135423	5135970	LTR/ERV1	2531	+	274	5135697	8331
chr11	5127366	5327366	harbor1	chr11	5144231	5145619	LTR/ERV1	9589	+	694	5144925	17559
chr11	108021539	108221539	harbor1	chr11	108022686	108022761	LTR/ERV1	498	+	38	108022724	1185
chr11	108021539	108221539	harbor1	chr11	108115814	108116251	LTR/ERV1	2770	+	218	108116032	94493
chr11	5127203	5327203	harbor1	chr11	5135423	5135970	LTR/ERV1	2531	+	274	5135697	8494
chr11	5127203	5327203	harbor1	chr11	5144231	5145619	LTR/ERV1	9589	+	694	5144925	17722
chr11	5127266	5327266	harbor1	chr11	5135423	5135970	LTR/ERV1	2531	+	274	5135697	8431
chr11	5127266	5327266	harbor1	chr11	5144231	5145619	LTR/ERV1	9589	+	694	5144925	17659
chr11	5127192	5327192	harbor1	chr11	5135423	5135970	LTR/ERV1	2531	+	274	5135697	8505
chr11	5127192	5327192	harbor1	chr11	5144231	5145619	LTR/ERV1	9589	+	694	5144925	17733
chr11	5127243	5327243	harbor1	chr11	5135423	5135970	LTR/ERV1	2531	+	274	5135697	8454
chr11	5127243	5327243	harbor1	chr11	5144231	5145619	LTR/ERV1	9589	+	694	5144925	17682
chr11	5127199	5327199	harbor1	chr11	5135423	5135970	LTR/ERV1	2531	+	274	5135697	8498
chr11	5127199	5327199	harbor1	chr11	5144231	5145619	LTR/ERV1	9589	+	694	5144925	17726
chr11	5125100	5325100	harbor1	chr11	5135423	5135970	LTR/ERV1	2531	+	274	5135697	10597
chr11	5125100	5325100	harbor1	chr11	5144231	5145619	LTR/ERV1	9589	+	694	5144925	19825
chr11	1661043	1861043	harbor1	chr11	1706277	1707144	LTR/ERV1	4518	+	434	1706711	45668
chr11	1461906	1661906	harbor1	chr11	1518691	1519060	LTR/ERV1	1927	+	184	1518875	56969
chr11	5134601	5334601	harbor1	chr11	5135423	5135970	LTR/ERV1	2531	+	274	5135697	1096
chr11	5134601	5334601	harbor1	chr11	5144231	5145619	LTR/ERV1	9589	+	694	5144925	10324
chr11	5127217	5327217	harbor1	chr11	5135423	5135970	LTR/ERV1	2531	+	274	5135697	8480
chr11	5127217	5327217	harbor1	chr11	5144231	5145619	LTR/ERV1	9589	+	694	5144925	17708
chr11	5127264	5327264	harbor1	chr11	5135423	5135970	LTR/ERV1	2531	+	274	5135697	8433
chr11	5127264	5327264	harbor1	chr11	5144231	5145619	LTR/ERV1	9589	+	694	5144925	17661
chr11	5021552	5221552	harbor1	chr11	5085616	5085737	LTR/ERV1	1426	+	60	5085676	64124
chr11	5021552	5221552	harbor1	chr11	5085988	5086231	LTR/ERV1	1426	+	122	5086110	64558
chr11	5021552	5221552	harbor1	chr11	5086523	5086615	LTR/ERV1	1426	+	46	5086569	65017
chr11	5125708	5325708	harbor1	chr11	5135423	5135970	LTR/ERV1	2531	+	274	5135697	9989
chr11	5125708	5325708	harbor1	chr11	5144231	5145619	LTR/ERV1	9589	+	694	5144925	19217
chr11	5127143	5327143	harbor1	chr11	5135423	5135970	LTR/ERV1	2531	+	274	5135697	8554
chr11	5127143	5327143	harbor1	chr11	5144231	5145619	LTR/ERV1	9589	+	694	5144925	17782
chr11	5115306	5315306	harbor1	chr11	5123156	5123698	LTR/ERV1	2298	+	271	5123427	8121
chr11	5115306	5315306	harbor1	chr11	5135423	5135970	LTR/ERV1	2531	+	274	5135697	20391
chr11	5115306	5315306	harbor1	chr11	5144231	5145619	LTR/ERV1	9589	+	694	5144925	29619
chr11	76580390	76780390	harbor1	chr11	76605467	76606173	LTR/ERV1	4447	+	353	76605820	25430
chr11	5127184	5327184	harbor1	chr11	5135423	5135970	LTR/ERV1	2531	+	274	5135697	8513
chr11	5127184	5327184	harbor1	chr11	5144231	5145619	LTR/ERV1	9589	+	694	5144925	17741
chr11	5124787	5324787	harbor1	chr11	5135423	5135970	LTR/ERV1	2531	+	274	5135697	10910
chr11	5124787	5324787	harbor1	chr11	5144231	5145619	LTR/ERV1	9589	+	694	5144925	20138
chr11	5127327	5327327	harbor1	chr11	5135423	5135970	LTR/ERV1	2531	+	274	5135697	8370
chr11	5127327	5327327	harbor1	chr11	5144231	5145619	LTR/ERV1	9589	+	694	5144925	17598
chr11	76580446	76780446	harbor1	chr11	76605467	76606173	LTR/ERV1	4447	+	353	76605820	25374
chr11	27274218	27474218	harbor1	chr11	27304507	27306094	LTR/ERV1	7298	+	794	27305301	31083
chr11	5134586	5334586	harbor1	chr11	5135423	5135970	LTR/ERV1	2531	+	274	5135697	1111
chr11	5134586	5334586	harbor1	chr11	5144231	5145619	LTR/ERV1	9589	+	694	5144925	10339
chr11	126556684	126756684	harbor1	chr11	126619591	126620120	LTR/ERV1	1760	+	264	126619855	63171
chr11	5127250	5327250	harbor1	chr11	5135423	5135970	LTR/ERV1	2531	+	274	5135697	8447
chr11	5127250	5327250	harbor1	chr11	5144231	5145619	LTR/ERV1	9589	+	694	5144925	17675
chr11	5134209	5334209	harbor1	chr11	5135423	5135970	LTR/ERV1	2531	+	274	5135697	1488
chr11	5134209	5334209	harbor1	chr11	5144231	5145619	LTR/ERV1	9589	+	694	5144925	10716
chr11	5134629	5334629	harbor1	chr11	5135423	5135970	LTR/ERV1	2531	+	274	5135697	1068
chr11	5134629	5334629	harbor1	chr11	5144231	5145619	LTR/ERV1	9589	+	694	5144925	10296
chr11	5127213	5327213	harbor1	chr11	5135423	5135970	LTR/ERV1	2531	+	274	5135697	8484
chr11	5127213	5327213	harbor1	chr11	5144231	5145619	LTR/ERV1	9589	+	694	5144925	17712
chr11	4538274	4738274	harbor1	chr11	4550544	4550871	LTR/ERV1	2129	+	164	4550708	12434
chr11	4538274	4738274	harbor1	chr11	4550869	4551078	LTR/ERV1	1149	+	104	4550973	12699
chr11	4538274	4738274	harbor1	chr11	4551081	4554007	LTR/ERV1	13296	+	1463	4552544	14270
chr11	4538274	4738274	harbor1	chr11	4566204	4566335	LTR/ERV1	506	+	66	4566270	27996
chr11	4538274	4738274	harbor1	chr11	4568956	4569165	LTR/ERV1	1316	+	104	4569060	30786
chr11	4538274	4738274	harbor1	chr11	4569491	4570022	LTR/ERV1	2828	+	266	4569757	31483
chr11	4538274	4738274	harbor1	chr11	4619344	4619486	LTR/ERV1	810	+	71	4619415	81141
chr11	4538274	4738274	harbor1	chr11	4621734	4621980	LTR/ERV1	1234	+	123	4621857	83583
chr11	4538274	4738274	harbor1	chr11	4621981	4622328	LTR/ERV1	1659	+	174	4622155	83881
chr11	4538274	4738274	harbor1	chr11	4624781	4625209	LTR/ERV1	2534	+	214	4624995	86721
chr11	4538274	4738274	harbor1	chr11	4627202	4627965	LTR/ERV1	3915	+	382	4627584	89310
chr11	4538274	4738274	harbor1	chr11	4627968	4628213	LTR/ERV1	876	+	122	4628090	89816
chr11	4538274	4738274	harbor1	chr11	4628214	4628565	LTR/ERV1	1501	+	176	4628390	90116
chr11	4538274	4738274	harbor1	chr11	4554008	4554796	LTR/ERV1	4759	+	394	4554402	16128
chr11	5127232	5327232	harbor1	chr11	5135423	5135970	LTR/ERV1	2531	+	274	5135697	8465
chr11	5127232	5327232	harbor1	chr11	5144231	5145619	LTR/ERV1	9589	+	694	5144925	17693
chr11	5127319	5327319	harbor1	chr11	5135423	5135970	LTR/ERV1	2531	+	274	5135697	8378
chr11	5127319	5327319	harbor1	chr11	5144231	5145619	LTR/ERV1	9589	+	694	5144925	17606
chr11	107049890	107249890	harbor1	chr11	107049953	107050521	LTR/ERV1	3307	+	284	107050237	347
chr11	107049890	107249890	harbor1	chr11	107075945	107076693	LTR/ERV1	5524	+	374	107076319	26429
chr11	5125172	5325172	harbor1	chr11	5135423	5135970	LTR/ERV1	2531	+	274	5135697	10525
chr11	5125172	5325172	harbor1	chr11	5144231	5145619	LTR/ERV1	9589	+	694	5144925	19753
chr11	5127224	5327224	harbor1	chr11	5135423	5135970	LTR/ERV1	2531	+	274	5135697	8473
chr11	5127224	5327224	harbor1	chr11	5144231	5145619	LTR/ERV1	9589	+	694	5144925	17701
chr11	5126003	5326003	harbor1	chr11	5135423	5135970	LTR/ERV1	2531	+	274	5135697	9694
chr11	5126003	5326003	harbor1	chr11	5144231	5145619	LTR/ERV1	9589	+	694	5144925	18922
chr11	124700607	124900607	harbor1	chr11	124734863	124735525	LTR/ERV1	3694	+	331	124735194	34587
chr11	5127146	5327146	harbor1	chr11	5135423	5135970	LTR/ERV1	2531	+	274	5135697	8551
chr11	5127146	5327146	harbor1	chr11	5144231	5145619	LTR/ERV1	9589	+	694	5144925	17779
chr11	5022390	5222390	harbor1	chr11	5085616	5085737	LTR/ERV1	1426	+	60	5085676	63286
chr11	5022390	5222390	harbor1	chr11	5085988	5086231	LTR/ERV1	1426	+	122	5086110	63720
chr11	5022390	5222390	harbor1	chr11	5086523	5086615	LTR/ERV1	1426	+	46	5086569	64179
chr11	5124920	5324920	harbor1	chr11	5135423	5135970	LTR/ERV1	2531	+	274	5135697	10777
chr11	5124920	5324920	harbor1	chr11	5144231	5145619	LTR/ERV1	9589	+	694	5144925	20005
chr11	76580636	76780636	harbor1	chr11	76605467	76606173	LTR/ERV1	4447	+	353	76605820	25184
chr11	5134651	5334651	harbor1	chr11	5135423	5135970	LTR/ERV1	2531	+	274	5135697	1046
chr11	5134651	5334651	harbor1	chr11	5144231	5145619	LTR/ERV1	9589	+	694	5144925	10274
chr11	5134616	5334616	harbor1	chr11	5135423	5135970	LTR/ERV1	2531	+	274	5135697	1081
chr11	5134616	5334616	harbor1	chr11	5144231	5145619	LTR/ERV1	9589	+	694	5144925	10309
chr11	5031398	5231398	harbor1	chr11	5085616	5085737	LTR/ERV1	1426	+	60	5085676	54278
chr11	5031398	5231398	harbor1	chr11	5085988	5086231	LTR/ERV1	1426	+	122	5086110	54712
chr11	5031398	5231398	harbor1	chr11	5086523	5086615	LTR/ERV1	1426	+	46	5086569	55171
chr11	5031398	5231398	harbor1	chr11	5123156	5123698	LTR/ERV1	2298	+	271	5123427	92029
chr11	5127345	5327345	harbor1	chr11	5135423	5135970	LTR/ERV1	2531	+	274	5135697	8352
chr11	5127345	5327345	harbor1	chr11	5144231	5145619	LTR/ERV1	9589	+	694	5144925	17580
chr11	67369223	67569223	harbor1	chr11	67446493	67446563	LTR/ERV1	4590	+	35	67446528	77305
chr11	67369223	67569223	harbor1	chr11	67446874	67447059	LTR/ERV1	4590	+	92	67446966	77743
chr11	67369223	67569223	harbor1	chr11	67447374	67447781	LTR/ERV1	4590	+	204	67447578	78355
chr11	5134104	5334104	harbor1	chr11	5135423	5135970	LTR/ERV1	2531	+	274	5135697	1593
chr11	5134104	5334104	harbor1	chr11	5144231	5145619	LTR/ERV1	9589	+	694	5144925	10821
chr11	72123561	72323561	harbor1	chr11	72143209	72143858	LTR/ERV1	1595	+	324	72143533	19972
chr11	72123561	72323561	harbor1	chr11	72144869	72145038	LTR/ERV1	500	+	84	72144953	21392
chr11	72123561	72323561	harbor1	chr11	72145339	72145414	LTR/ERV1	500	+	38	72145377	21816
chr11	72123561	72323561	harbor1	chr11	72146246	72146474	LTR/ERV1	872	+	114	72146360	22799
chr11	72123561	72323561	harbor1	chr11	72146475	72146920	LTR/ERV1	2031	+	222	72146697	23136
chr11	72123561	72323561	harbor1	chr11	72147039	72147368	LTR/ERV1	2031	+	164	72147203	23642
chr11	72123561	72323561	harbor1	chr11	72149027	72149448	LTR/ERV1	2992	+	210	72149237	25676
chr11	72123561	72323561	harbor1	chr11	72149754	72149910	LTR/ERV1	2992	+	78	72149832	26271
chr11	72123561	72323561	harbor1	chr11	72153927	72154685	LTR/ERV1	6143	+	379	72154306	30745
chr11	72123561	72323561	harbor1	chr11	72157557	72158144	LTR/ERV1	4731	+	294	72157851	34290
chr11	72123561	72323561	harbor1	chr11	72158442	72158499	LTR/ERV1	4731	+	28	72158470	34909
chr11	72123561	72323561	harbor1	chr11	72182012	72182405	LTR/ERV1	1370	+	196	72182208	58647
chr11	72123561	72323561	harbor1	chr11	72182704	72182870	LTR/ERV1	1370	+	83	72182787	59226
chr11	72123561	72323561	harbor1	chr11	72185491	72185815	LTR/ERV1	895	+	162	72185653	62092
chr11	72123561	72323561	harbor1	chr11	72185816	72185836	LTR/ERV1	886	+	10	72185826	62265
chr11	72123561	72323561	harbor1	chr11	72186148	72186397	LTR/ERV1	886	+	124	72186272	62711
chr11	72123561	72323561	harbor1	chr11	72186760	72186912	LTR/ERV1	580	+	76	72186836	63275
chr11	72123561	72323561	harbor1	chr11	72187220	72187241	LTR/ERV1	580	+	10	72187230	63669
chr11	72123561	72323561	harbor1	chr11	72188326	72188615	LTR/ERV1	1372	+	144	72188470	64909
chr11	5124806	5324806	harbor1	chr11	5135423	5135970	LTR/ERV1	2531	+	274	5135697	10891
chr11	5124806	5324806	harbor1	chr11	5144231	5145619	LTR/ERV1	9589	+	694	5144925	20119
chr11	5125352	5325352	harbor1	chr11	5135423	5135970	LTR/ERV1	2531	+	274	5135697	10345
chr11	5125352	5325352	harbor1	chr11	5144231	5145619	LTR/ERV1	9589	+	694	5144925	19573
chr11	5127230	5327230	harbor1	chr11	5135423	5135970	LTR/ERV1	2531	+	274	5135697	8467
chr11	5127230	5327230	harbor1	chr11	5144231	5145619	LTR/ERV1	9589	+	694	5144925	17695
chr11	5125771	5325771	harbor1	chr11	5135423	5135970	LTR/ERV1	2531	+	274	5135697	9926
chr11	5125771	5325771	harbor1	chr11	5144231	5145619	LTR/ERV1	9589	+	694	5144925	19154
chr11	5127185	5327185	harbor1	chr11	5135423	5135970	LTR/ERV1	2531	+	274	5135697	8512
chr11	5127185	5327185	harbor1	chr11	5144231	5145619	LTR/ERV1	9589	+	694	5144925	17740
chr11	5134100	5334100	harbor1	chr11	5135423	5135970	LTR/ERV1	2531	+	274	5135697	1597
chr11	5134100	5334100	harbor1	chr11	5144231	5145619	LTR/ERV1	9589	+	694	5144925	10825
chr11	5134575	5334575	harbor1	chr11	5135423	5135970	LTR/ERV1	2531	+	274	5135697	1122
chr11	5134575	5334575	harbor1	chr11	5144231	5145619	LTR/ERV1	9589	+	694	5144925	10350
chr11	5127304	5327304	harbor1	chr11	5135423	5135970	LTR/ERV1	2531	+	274	5135697	8393
chr11	5127304	5327304	harbor1	chr11	5144231	5145619	LTR/ERV1	9589	+	694	5144925	17621
chr11	5024680	5224680	harbor1	chr11	5085616	5085737	LTR/ERV1	1426	+	60	5085676	60996
chr11	5024680	5224680	harbor1	chr11	5085988	5086231	LTR/ERV1	1426	+	122	5086110	61430
chr11	5024680	5224680	harbor1	chr11	5086523	5086615	LTR/ERV1	1426	+	46	5086569	61889
chr11	5024680	5224680	harbor1	chr11	5123156	5123698	LTR/ERV1	2298	+	271	5123427	98747
chr11	5134650	5334650	harbor1	chr11	5135423	5135970	LTR/ERV1	2531	+	274	5135697	1047
chr11	5134650	5334650	harbor1	chr11	5144231	5145619	LTR/ERV1	9589	+	694	5144925	10275
chr11	5125398	5325398	harbor1	chr11	5135423	5135970	LTR/ERV1	2531	+	274	5135697	10299
chr11	5125398	5325398	harbor1	chr11	5144231	5145619	LTR/ERV1	9589	+	694	5144925	19527
chr11	6512331	6712331	harbor1	chr11	6586520	6587937	LTR/ERV1	5342	+	708	6587228	74897
chr11	6512331	6712331	harbor1	chr11	6594457	6594828	LTR/ERV1	492	+	186	6594643	82312
chr11	5127284	5327284	harbor1	chr11	5135423	5135970	LTR/ERV1	2531	+	274	5135697	8413
chr11	5127284	5327284	harbor1	chr11	5144231	5145619	LTR/ERV1	9589	+	694	5144925	17641
chr11	5124821	5324821	harbor1	chr11	5135423	5135970	LTR/ERV1	2531	+	274	5135697	10876
chr11	5124821	5324821	harbor1	chr11	5144231	5145619	LTR/ERV1	9589	+	694	5144925	20104
chr11	5127245	5327245	harbor1	chr11	5135423	5135970	LTR/ERV1	2531	+	274	5135697	8452
chr11	5127245	5327245	harbor1	chr11	5144231	5145619	LTR/ERV1	9589	+	694	5144925	17680
chr11	5126970	5326970	harbor1	chr11	5135423	5135970	LTR/ERV1	2531	+	274	5135697	8727
chr11	5126970	5326970	harbor1	chr11	5144231	5145619	LTR/ERV1	9589	+	694	5144925	17955
chr11	5052446	5252446	harbor1	chr11	5085616	5085737	LTR/ERV1	1426	+	60	5085676	33230
chr11	5052446	5252446	harbor1	chr11	5085988	5086231	LTR/ERV1	1426	+	122	5086110	33664
chr11	5052446	5252446	harbor1	chr11	5086523	5086615	LTR/ERV1	1426	+	46	5086569	34123
chr11	5052446	5252446	harbor1	chr11	5123156	5123698	LTR/ERV1	2298	+	271	5123427	70981
chr11	5052446	5252446	harbor1	chr11	5135423	5135970	LTR/ERV1	2531	+	274	5135697	83251
chr11	5052446	5252446	harbor1	chr11	5144231	5145619	LTR/ERV1	9589	+	694	5144925	92479
chr11	5127167	5327167	harbor1	chr11	5135423	5135970	LTR/ERV1	2531	+	274	5135697	8530
chr11	5127167	5327167	harbor1	chr11	5144231	5145619	LTR/ERV1	9589	+	694	5144925	17758
chr11	5126888	5326888	harbor1	chr11	5135423	5135970	LTR/ERV1	2531	+	274	5135697	8809
chr11	5126888	5326888	harbor1	chr11	5144231	5145619	LTR/ERV1	9589	+	694	5144925	18037
chr11	63713415	63913415	harbor1	chr11	63791140	63791220	LTR/ERV1	4467	+	40	63791180	77765
chr11	63713415	63913415	harbor1	chr11	63791518	63792075	LTR/ERV1	4467	+	278	63791796	78381
chr11	5021372	5221372	harbor1	chr11	5085616	5085737	LTR/ERV1	1426	+	60	5085676	64304
chr11	5021372	5221372	harbor1	chr11	5085988	5086231	LTR/ERV1	1426	+	122	5086110	64738
chr11	5021372	5221372	harbor1	chr11	5086523	5086615	LTR/ERV1	1426	+	46	5086569	65197
chr11	5125946	5325946	harbor1	chr11	5135423	5135970	LTR/ERV1	2531	+	274	5135697	9751
chr11	5125946	5325946	harbor1	chr11	5144231	5145619	LTR/ERV1	9589	+	694	5144925	18979
chr11	1470223	1670223	harbor1	chr11	1518691	1519060	LTR/ERV1	1927	+	184	1518875	48652
chr11	86275379	86475379	harbor1	chr11	86355390	86356080	LTR/ERV1	3966	+	345	86355735	80356
chr11	86275379	86475379	harbor1	chr11	86356605	86357135	LTR/ERV1	3889	+	265	86356870	81491
chr11	86275379	86475379	harbor1	chr11	86357143	86357664	LTR/ERV1	5353	+	260	86357403	82024
chr11	86275379	86475379	harbor1	chr11	86357974	86358342	LTR/ERV1	5353	+	184	86358158	82779
chr11	86275379	86475379	harbor1	chr11	86370951	86371694	LTR/ERV1	3174	+	372	86371323	95944
chr11	5127149	5327149	harbor1	chr11	5135423	5135970	LTR/ERV1	2531	+	274	5135697	8548
chr11	5127149	5327149	harbor1	chr11	5144231	5145619	LTR/ERV1	9589	+	694	5144925	17776
chr11	4897645	5097645	harbor1	chr11	4912628	4913196	LTR/ERV1	2481	+	284	4912912	15267
chr11	4897645	5097645	harbor1	chr11	4957459	4957679	LTR/ERV1	3038	+	110	4957569	59924
chr11	4897645	5097645	harbor1	chr11	4957941	4958401	LTR/ERV1	3038	+	230	4958171	60526
chr11	4897645	5097645	harbor1	chr11	4965092	4965592	LTR/ERV1	1708	+	250	4965342	67697
chr11	4897645	5097645	harbor1	chr11	4965606	4966023	LTR/ERV1	1338	+	208	4965814	68169
chr11	5126804	5326804	harbor1	chr11	5135423	5135970	LTR/ERV1	2531	+	274	5135697	8893
chr11	5126804	5326804	harbor1	chr11	5144231	5145619	LTR/ERV1	9589	+	694	5144925	18121
chr11	76580403	76780403	harbor1	chr11	76605467	76606173	LTR/ERV1	4447	+	353	76605820	25417
chr11	5134605	5334605	harbor1	chr11	5135423	5135970	LTR/ERV1	2531	+	274	5135697	1092
chr11	5134605	5334605	harbor1	chr11	5144231	5145619	LTR/ERV1	9589	+	694	5144925	10320
chr11	5125064	5325064	harbor1	chr11	5135423	5135970	LTR/ERV1	2531	+	274	5135697	10633
chr11	5125064	5325064	harbor1	chr11	5144231	5145619	LTR/ERV1	9589	+	694	5144925	19861
chr11	5125194	5325194	harbor1	chr11	5135423	5135970	LTR/ERV1	2531	+	274	5135697	10503
chr11	5125194	5325194	harbor1	chr11	5144231	5145619	LTR/ERV1	9589	+	694	5144925	19731
chr11	76580432	76780432	harbor1	chr11	76605467	76606173	LTR/ERV1	4447	+	353	76605820	25388
chr11	5126793	5326793	harbor1	chr11	5135423	5135970	LTR/ERV1	2531	+	274	5135697	8904
chr11	5126793	5326793	harbor1	chr11	5144231	5145619	LTR/ERV1	9589	+	694	5144925	18132
chr11	461137	661137	harbor1	chr11	505032	505252	LTR/ERV1	1273	+	110	505142	44005
chr11	461137	661137	harbor1	chr11	512918	513076	LTR/ERV1	931	+	79	512997	51860
chr11	5134533	5334533	harbor1	chr11	5135423	5135970	LTR/ERV1	2531	+	274	5135697	1164
chr11	5134533	5334533	harbor1	chr11	5144231	5145619	LTR/ERV1	9589	+	694	5144925	10392
chr11	5127205	5327205	harbor1	chr11	5135423	5135970	LTR/ERV1	2531	+	274	5135697	8492
chr11	5127205	5327205	harbor1	chr11	5144231	5145619	LTR/ERV1	9589	+	694	5144925	17720
chr11	5127241	5327241	harbor1	chr11	5135423	5135970	LTR/ERV1	2531	+	274	5135697	8456
chr11	5127241	5327241	harbor1	chr11	5144231	5145619	LTR/ERV1	9589	+	694	5144925	17684
chr11	76580985	76780985	harbor1	chr11	76605467	76606173	LTR/ERV1	4447	+	353	76605820	24835
chr11	5127169	5327169	harbor1	chr11	5135423	5135970	LTR/ERV1	2531	+	274	5135697	8528
chr11	5127169	5327169	harbor1	chr11	5144231	5145619	LTR/ERV1	9589	+	694	5144925	17756
chr11	5134210	5334210	harbor1	chr11	5135423	5135970	LTR/ERV1	2531	+	274	5135697	1487
chr11	5134210	5334210	harbor1	chr11	5144231	5145619	LTR/ERV1	9589	+	694	5144925	10715
chr11	64348932	64548932	harbor1	chr11	64408540	64408630	LTR/ERV1	769	+	45	64408585	59653
chr11	64348932	64548932	harbor1	chr11	64408932	64409211	LTR/ERV1	1431	+	140	64409072	60140
chr11	64348932	64548932	harbor1	chr11	64413610	64414050	LTR/ERV1	4004	+	220	64413830	64898
chr11	64348932	64548932	harbor1	chr11	64414792	64414910	LTR/ERV1	4004	+	59	64414851	65919
chr11	107909152	108109152	harbor1	chr11	107914836	107914874	LTR/ERV1	1977	+	19	107914855	5703
chr11	107909152	108109152	harbor1	chr11	107915193	107915215	LTR/ERV1	1977	+	11	107915204	6052
chr11	107909152	108109152	harbor1	chr11	107915502	107915941	LTR/ERV1	1977	+	220	107915722	6570
chr11	107909152	108109152	harbor1	chr11	107916419	107917213	LTR/ERV1	5395	+	397	107916816	7664
chr11	107909152	108109152	harbor1	chr11	107970129	107970596	LTR/ERV1	2760	+	234	107970363	61211
chr11	5134609	5334609	harbor1	chr11	5135423	5135970	LTR/ERV1	2531	+	274	5135697	1088
chr11	5134609	5334609	harbor1	chr11	5144231	5145619	LTR/ERV1	9589	+	694	5144925	10316
chr11	5127154	5327154	harbor1	chr11	5135423	5135970	LTR/ERV1	2531	+	274	5135697	8543
chr11	5127154	5327154	harbor1	chr11	5144231	5145619	LTR/ERV1	9589	+	694	5144925	17771
chr11	5127316	5327316	harbor1	chr11	5135423	5135970	LTR/ERV1	2531	+	274	5135697	8381
chr11	5127316	5327316	harbor1	chr11	5144231	5145619	LTR/ERV1	9589	+	694	5144925	17609
chr11	5131436	5331436	harbor1	chr11	5135423	5135970	LTR/ERV1	2531	+	274	5135697	4261
chr11	5131436	5331436	harbor1	chr11	5144231	5145619	LTR/ERV1	9589	+	694	5144925	13489
chr11	5127298	5327298	harbor1	chr11	5135423	5135970	LTR/ERV1	2531	+	274	5135697	8399
chr11	5127298	5327298	harbor1	chr11	5144231	5145619	LTR/ERV1	9589	+	694	5144925	17627
chr11	5134612	5334612	harbor1	chr11	5135423	5135970	LTR/ERV1	2531	+	274	5135697	1085
chr11	5134612	5334612	harbor1	chr11	5144231	5145619	LTR/ERV1	9589	+	694	5144925	10313
chr11	5134643	5334643	harbor1	chr11	5135423	5135970	LTR/ERV1	2531	+	274	5135697	1054
chr11	5134643	5334643	harbor1	chr11	5144231	5145619	LTR/ERV1	9589	+	694	5144925	10282
chr11	133199713	133399713	harbor1	chr11	133233258	133233865	LTR/ERV1	2332	+	304	133233562	33849
chr11	133199713	133399713	harbor1	chr11	133236479	133237067	LTR/ERV1	4877	+	294	133236773	37060
chr11	133199713	133399713	harbor1	chr11	133295682	133296043	LTR/ERV1	1511	+	180	133295862	96149
chr11	5127228	5327228	harbor1	chr11	5135423	5135970	LTR/ERV1	2531	+	274	5135697	8469
chr11	5127228	5327228	harbor1	chr11	5144231	5145619	LTR/ERV1	9589	+	694	5144925	17697
chr11	5127118	5327118	harbor1	chr11	5135423	5135970	LTR/ERV1	2531	+	274	5135697	8579
chr11	5127118	5327118	harbor1	chr11	5144231	5145619	LTR/ERV1	9589	+	694	5144925	17807
chr11	106965389	107165389	harbor1	chr11	106979657	106980338	LTR/ERV1	1043	+	340	106979997	14608
chr11	106965389	107165389	harbor1	chr11	106980389	106980794	LTR/ERV1	769	+	202	106980591	15202
chr11	106965389	107165389	harbor1	chr11	107040564	107041098	LTR/ERV1	3276	+	267	107040831	75442
chr11	106965389	107165389	harbor1	chr11	107049953	107050521	LTR/ERV1	3307	+	284	107050237	84848
chr11	5127079	5327079	harbor1	chr11	5135423	5135970	LTR/ERV1	2531	+	274	5135697	8618
chr11	5127079	5327079	harbor1	chr11	5144231	5145619	LTR/ERV1	9589	+	694	5144925	17846
chr11	5127261	5327261	harbor1	chr11	5135423	5135970	LTR/ERV1	2531	+	274	5135697	8436
chr11	5127261	5327261	harbor1	chr11	5144231	5145619	LTR/ERV1	9589	+	694	5144925	17664
chr11	5127282	5327282	harbor1	chr11	5135423	5135970	LTR/ERV1	2531	+	274	5135697	8415
chr11	5127282	5327282	harbor1	chr11	5144231	5145619	LTR/ERV1	9589	+	694	5144925	17643
chr11	45786319	45986319	harbor1	chr11	45823390	45823880	LTR/ERV1	4137	+	245	45823635	37316
chr11	45786319	45986319	harbor1	chr11	45825202	45825655	LTR/ERV1	1506	+	226	45825428	39109
chr11	45786319	45986319	harbor1	chr11	45872343	45872457	LTR/ERV1	742	+	57	45872400	86081
chr11	10653639	10853639	harbor1	chr11	10731183	10731917	LTR/ERV1	4274	+	367	10731550	77911
chr11	103833171	104033171	harbor1	chr11	103848328	103848875	LTR/ERV1	4136	+	274	103848602	15431
chr11	103833171	104033171	harbor1	chr11	103922372	103922558	LTR/ERV1	1038	+	93	103922465	89294
chr11	103833171	104033171	harbor1	chr11	103922880	103923203	LTR/ERV1	1038	+	162	103923042	89871
chr11	5127153	5327153	harbor1	chr11	5135423	5135970	LTR/ERV1	2531	+	274	5135697	8544
chr11	5127153	5327153	harbor1	chr11	5144231	5145619	LTR/ERV1	9589	+	694	5144925	17772
chr11	5127126	5327126	harbor1	chr11	5135423	5135970	LTR/ERV1	2531	+	274	5135697	8571
chr11	5127126	5327126	harbor1	chr11	5144231	5145619	LTR/ERV1	9589	+	694	5144925	17799
chr11	5029745	5229745	harbor1	chr11	5085616	5085737	LTR/ERV1	1426	+	60	5085676	55931
chr11	5029745	5229745	harbor1	chr11	5085988	5086231	LTR/ERV1	1426	+	122	5086110	56365
chr11	5029745	5229745	harbor1	chr11	5086523	5086615	LTR/ERV1	1426	+	46	5086569	56824
chr11	5029745	5229745	harbor1	chr11	5123156	5123698	LTR/ERV1	2298	+	271	5123427	93682
chr11	5127166	5327166	harbor1	chr11	5135423	5135970	LTR/ERV1	2531	+	274	5135697	8531
chr11	5127166	5327166	harbor1	chr11	5144231	5145619	LTR/ERV1	9589	+	694	5144925	17759
chr11	5125272	5325272	harbor1	chr11	5135423	5135970	LTR/ERV1	2531	+	274	5135697	10425
chr11	5125272	5325272	harbor1	chr11	5144231	5145619	LTR/ERV1	9589	+	694	5144925	19653
chr11	5126765	5326765	harbor1	chr11	5135423	5135970	LTR/ERV1	2531	+	274	5135697	8932
chr11	5126765	5326765	harbor1	chr11	5144231	5145619	LTR/ERV1	9589	+	694	5144925	18160
chr11	5132426	5332426	harbor1	chr11	5135423	5135970	LTR/ERV1	2531	+	274	5135697	3271
chr11	5132426	5332426	harbor1	chr11	5144231	5145619	LTR/ERV1	9589	+	694	5144925	12499
chr11	5127151	5327151	harbor1	chr11	5135423	5135970	LTR/ERV1	2531	+	274	5135697	8546
chr11	5127151	5327151	harbor1	chr11	5144231	5145619	LTR/ERV1	9589	+	694	5144925	17774
chr11	5127128	5327128	harbor1	chr11	5135423	5135970	LTR/ERV1	2531	+	274	5135697	8569
chr11	5127128	5327128	harbor1	chr11	5144231	5145619	LTR/ERV1	9589	+	694	5144925	17797
chr11	682162	882162	harbor1	chr11	745478	745813	LTR/ERV1	2401	+	168	745646	63484
chr11	682162	882162	harbor1	chr11	746101	746133	LTR/ERV1	2401	+	16	746117	63955
chr11	682162	882162	harbor1	chr11	746428	746778	LTR/ERV1	2401	+	175	746603	64441
chr11	5134590	5334590	harbor1	chr11	5135423	5135970	LTR/ERV1	2531	+	274	5135697	1107
chr11	5134590	5334590	harbor1	chr11	5144231	5145619	LTR/ERV1	9589	+	694	5144925	10335
chr11	76580343	76780343	harbor1	chr11	76605467	76606173	LTR/ERV1	4447	+	353	76605820	25477
chr11	5134611	5334611	harbor1	chr11	5135423	5135970	LTR/ERV1	2531	+	274	5135697	1086
chr11	5134611	5334611	harbor1	chr11	5144231	5145619	LTR/ERV1	9589	+	694	5144925	10314
chr11	108021604	108221604	harbor1	chr11	108022686	108022761	LTR/ERV1	498	+	38	108022724	1120
chr11	108021604	108221604	harbor1	chr11	108115814	108116251	LTR/ERV1	2770	+	218	108116032	94428
chr11	63739535	63939535	harbor1	chr11	63791140	63791220	LTR/ERV1	4467	+	40	63791180	51645
chr11	63739535	63939535	harbor1	chr11	63791518	63792075	LTR/ERV1	4467	+	278	63791796	52261
chr11	5127270	5327270	harbor1	chr11	5135423	5135970	LTR/ERV1	2531	+	274	5135697	8427
chr11	5127270	5327270	harbor1	chr11	5144231	5145619	LTR/ERV1	9589	+	694	5144925	17655
chr11	65948237	66148237	harbor1	chr11	66000649	66001148	LTR/ERV1	4074	+	250	66000899	52662
chr11	360421	560421	harbor1	chr11	384365	384580	LTR/ERV1	419	+	108	384473	24052
chr11	360421	560421	harbor1	chr11	384781	384942	LTR/ERV1	498	+	80	384861	24440
chr11	360421	560421	harbor1	chr11	385810	386764	LTR/ERV1	3847	+	477	386287	25866
chr11	360421	560421	harbor1	chr11	386831	387396	LTR/ERV1	3329	+	282	387113	26692
chr11	360421	560421	harbor1	chr11	387567	388717	LTR/ERV1	5292	+	575	388142	27721
chr11	360421	560421	harbor1	chr11	388931	389003	LTR/ERV1	1434	+	36	388967	28546
chr11	360421	560421	harbor1	chr11	389947	390210	LTR/ERV1	1434	+	132	390079	29658
chr11	360421	560421	harbor1	chr11	390212	390488	LTR/ERV1	1446	+	138	390350	29929
chr11	9514217	9714217	harbor1	chr11	9533693	9534033	LTR/ERV1	1937	+	170	9533863	19646
chr11	9514217	9714217	harbor1	chr11	9534034	9534453	LTR/ERV1	2723	+	210	9534244	20027
chr11	9514217	9714217	harbor1	chr11	9534454	9534610	LTR/ERV1	1937	+	78	9534532	20315
chr11	5134672	5334672	harbor1	chr11	5135423	5135970	LTR/ERV1	2531	+	274	5135697	1025
chr11	5134672	5334672	harbor1	chr11	5144231	5145619	LTR/ERV1	9589	+	694	5144925	10253
chr11	5134217	5334217	harbor1	chr11	5135423	5135970	LTR/ERV1	2531	+	274	5135697	1480
chr11	5134217	5334217	harbor1	chr11	5144231	5145619	LTR/ERV1	9589	+	694	5144925	10708
chr11	5134433	5334433	harbor1	chr11	5135423	5135970	LTR/ERV1	2531	+	274	5135697	1264
chr11	5134433	5334433	harbor1	chr11	5144231	5145619	LTR/ERV1	9589	+	694	5144925	10492
chr11	57399763	57599763	harbor1	chr11	57441200	57441307	LTR/ERV1	545	+	54	57441254	41491
chr11	57399763	57599763	harbor1	chr11	57441964	57441990	LTR/ERV1	1008	+	13	57441977	42214
chr11	57399763	57599763	harbor1	chr11	57444277	57444404	LTR/ERV1	836	+	64	57444341	44578
chr11	3008641	3208641	harbor1	chr11	3022039	3022567	LTR/ERV1	1867	+	264	3022303	13662
chr11	3008641	3208641	harbor1	chr11	3048670	3048816	LTR/ERV1	510	+	73	3048743	40102
chr11	3008641	3208641	harbor1	chr11	3049283	3049417	LTR/ERV1	470	+	67	3049350	40709
chr11	3008641	3208641	harbor1	chr11	3075804	3075880	LTR/ERV1	507	+	38	3075842	67201
chr11	3008641	3208641	harbor1	chr11	3077869	3078243	LTR/ERV1	2710	+	187	3078056	69415
chr11	3008641	3208641	harbor1	chr11	3078559	3078588	LTR/ERV1	2710	+	14	3078573	69932
chr11	3008641	3208641	harbor1	chr11	3106238	3106595	LTR/ERV1	484	+	178	3106416	97775
chr11	461170	661170	harbor1	chr11	505032	505252	LTR/ERV1	1273	+	110	505142	43972
chr11	461170	661170	harbor1	chr11	512918	513076	LTR/ERV1	931	+	79	512997	51827
chr11	5132683	5332683	harbor1	chr11	5135423	5135970	LTR/ERV1	2531	+	274	5135697	3014
chr11	5132683	5332683	harbor1	chr11	5144231	5145619	LTR/ERV1	9589	+	694	5144925	12242
chr11	5128063	5328063	harbor1	chr11	5135423	5135970	LTR/ERV1	2531	+	274	5135697	7634
chr11	5128063	5328063	harbor1	chr11	5144231	5145619	LTR/ERV1	9589	+	694	5144925	16862
chr11	76580230	76780230	harbor1	chr11	76605467	76606173	LTR/ERV1	4447	+	353	76605820	25590
chr11	108021628	108221628	harbor1	chr11	108022686	108022761	LTR/ERV1	498	+	38	108022724	1096
chr11	108021628	108221628	harbor1	chr11	108115814	108116251	LTR/ERV1	2770	+	218	108116032	94404
chr11	11317231	11517231	harbor1	chr11	11318728	11319094	LTR/ERV1	1381	+	183	11318911	1680
chr11	108021537	108221537	harbor1	chr11	108022686	108022761	LTR/ERV1	498	+	38	108022724	1187
chr11	108021537	108221537	harbor1	chr11	108115814	108116251	LTR/ERV1	2770	+	218	108116032	94495
chr11	5127315	5327315	harbor1	chr11	5135423	5135970	LTR/ERV1	2531	+	274	5135697	8382
chr11	5127315	5327315	harbor1	chr11	5144231	5145619	LTR/ERV1	9589	+	694	5144925	17610
chr11	5126814	5326814	harbor1	chr11	5135423	5135970	LTR/ERV1	2531	+	274	5135697	8883
chr11	5126814	5326814	harbor1	chr11	5144231	5145619	LTR/ERV1	9589	+	694	5144925	18111
chr11	2952012	3152012	harbor1	chr11	3022039	3022567	LTR/ERV1	1867	+	264	3022303	70291
chr11	2952012	3152012	harbor1	chr11	3048670	3048816	LTR/ERV1	510	+	73	3048743	96731
chr11	2952012	3152012	harbor1	chr11	3049283	3049417	LTR/ERV1	470	+	67	3049350	97338
chr11	5127068	5327068	harbor1	chr11	5135423	5135970	LTR/ERV1	2531	+	274	5135697	8629
chr11	5127068	5327068	harbor1	chr11	5144231	5145619	LTR/ERV1	9589	+	694	5144925	17857
chr11	66158730	66358730	harbor1	chr11	66189818	66190268	LTR/ERV1	2413	+	225	66190043	31313
chr11	72122635	72322635	harbor1	chr11	72143209	72143858	LTR/ERV1	1595	+	324	72143533	20898
chr11	72122635	72322635	harbor1	chr11	72144869	72145038	LTR/ERV1	500	+	84	72144953	22318
chr11	72122635	72322635	harbor1	chr11	72145339	72145414	LTR/ERV1	500	+	38	72145377	22742
chr11	72122635	72322635	harbor1	chr11	72146246	72146474	LTR/ERV1	872	+	114	72146360	23725
chr11	72122635	72322635	harbor1	chr11	72146475	72146920	LTR/ERV1	2031	+	222	72146697	24062
chr11	72122635	72322635	harbor1	chr11	72147039	72147368	LTR/ERV1	2031	+	164	72147203	24568
chr11	72122635	72322635	harbor1	chr11	72149027	72149448	LTR/ERV1	2992	+	210	72149237	26602
chr11	72122635	72322635	harbor1	chr11	72149754	72149910	LTR/ERV1	2992	+	78	72149832	27197
chr11	72122635	72322635	harbor1	chr11	72153927	72154685	LTR/ERV1	6143	+	379	72154306	31671
chr11	72122635	72322635	harbor1	chr11	72157557	72158144	LTR/ERV1	4731	+	294	72157851	35216
chr11	72122635	72322635	harbor1	chr11	72158442	72158499	LTR/ERV1	4731	+	28	72158470	35835
chr11	72122635	72322635	harbor1	chr11	72182012	72182405	LTR/ERV1	1370	+	196	72182208	59573
chr11	72122635	72322635	harbor1	chr11	72182704	72182870	LTR/ERV1	1370	+	83	72182787	60152
chr11	72122635	72322635	harbor1	chr11	72185491	72185815	LTR/ERV1	895	+	162	72185653	63018
chr11	72122635	72322635	harbor1	chr11	72185816	72185836	LTR/ERV1	886	+	10	72185826	63191
chr11	72122635	72322635	harbor1	chr11	72186148	72186397	LTR/ERV1	886	+	124	72186272	63637
chr11	72122635	72322635	harbor1	chr11	72186760	72186912	LTR/ERV1	580	+	76	72186836	64201
chr11	72122635	72322635	harbor1	chr11	72187220	72187241	LTR/ERV1	580	+	10	72187230	64595
chr11	72122635	72322635	harbor1	chr11	72188326	72188615	LTR/ERV1	1372	+	144	72188470	65835
chr11	5127332	5327332	harbor1	chr11	5135423	5135970	LTR/ERV1	2531	+	274	5135697	8365
chr11	5127332	5327332	harbor1	chr11	5144231	5145619	LTR/ERV1	9589	+	694	5144925	17593
chr11	47452681	47652681	harbor1	chr11	47453426	47453903	LTR/ERV1	2821	+	238	47453664	983
chr11	5134553	5334553	harbor1	chr11	5135423	5135970	LTR/ERV1	2531	+	274	5135697	1144
chr11	5134553	5334553	harbor1	chr11	5144231	5145619	LTR/ERV1	9589	+	694	5144925	10372
chr11	5126802	5326802	harbor1	chr11	5135423	5135970	LTR/ERV1	2531	+	274	5135697	8895
chr11	5126802	5326802	harbor1	chr11	5144231	5145619	LTR/ERV1	9589	+	694	5144925	18123
chr11	67367888	67567888	harbor1	chr11	67446493	67446563	LTR/ERV1	4590	+	35	67446528	78640
chr11	67367888	67567888	harbor1	chr11	67446874	67447059	LTR/ERV1	4590	+	92	67446966	79078
chr11	67367888	67567888	harbor1	chr11	67447374	67447781	LTR/ERV1	4590	+	204	67447578	79690
chr11	6201425	6401425	harbor1	chr11	6280783	6281284	LTR/ERV1	3669	+	250	6281033	79608
chr11	6201425	6401425	harbor1	chr11	6283647	6284169	LTR/ERV1	3655	+	261	6283908	82483
chr11	6201425	6401425	harbor1	chr11	6284170	6285213	LTR/ERV1	4966	+	522	6284692	83267
chr11	6201425	6401425	harbor1	chr11	6285251	6288201	LTR/ERV1	12563	+	1475	6286726	85301
chr11	6201425	6401425	harbor1	chr11	6288204	6288759	LTR/ERV1	4374	+	278	6288482	87057
chr11	6201425	6401425	harbor1	chr11	6296383	6296502	LTR/ERV1	427	+	60	6296443	95018
chr11	6201425	6401425	harbor1	chr11	6296609	6297193	LTR/ERV1	2817	+	292	6296901	95476
chr11	6201425	6401425	harbor1	chr11	6298876	6299053	LTR/ERV1	735	+	88	6298964	97539
chr11	6201425	6401425	harbor1	chr11	6299179	6299470	LTR/ERV1	894	+	146	6299325	97900
chr11	6201425	6401425	harbor1	chr11	6299471	6299864	LTR/ERV1	1603	+	196	6299667	98242
chr11	106091678	106291678	harbor1	chr11	106141760	106142136	LTR/ERV1	2656	+	188	106141948	50270
chr11	106091678	106291678	harbor1	chr11	106142138	106142511	LTR/ERV1	8347	+	186	106142324	50646
chr11	106091678	106291678	harbor1	chr11	106143140	106143525	LTR/ERV1	8347	+	192	106143332	51654
chr11	106091678	106291678	harbor1	chr11	106143830	106145252	LTR/ERV1	8347	+	711	106144541	52863
chr11	106091678	106291678	harbor1	chr11	106145547	106146594	LTR/ERV1	4900	+	524	106146071	54393
chr11	106091678	106291678	harbor1	chr11	106146600	106146983	LTR/ERV1	2459	+	192	106146792	55114
chr11	106091678	106291678	harbor1	chr11	106152225	106152596	LTR/ERV1	2177	+	186	106152411	60733
chr11	106091678	106291678	harbor1	chr11	106160965	106161531	LTR/ERV1	3024	+	283	106161248	69570
chr11	106091678	106291678	harbor1	chr11	106161536	106161652	LTR/ERV1	598	+	58	106161594	69916
chr11	106091678	106291678	harbor1	chr11	106163238	106163875	LTR/ERV1	3634	+	318	106163556	71878
chr11	106091678	106291678	harbor1	chr11	106167069	106167367	LTR/ERV1	1134	+	149	106167218	75540
chr11	106091678	106291678	harbor1	chr11	106169930	106170542	LTR/ERV1	3748	+	306	106170236	78558
chr11	106091678	106291678	harbor1	chr11	106170652	106171203	LTR/ERV1	4212	+	276	106170928	79250
chr11	106091678	106291678	harbor1	chr11	106172245	106172674	LTR/ERV1	957	+	214	106172459	80781
chr11	106091678	106291678	harbor1	chr11	106173297	106173748	LTR/ERV1	2913	+	226	106173523	81845
chr11	106091678	106291678	harbor1	chr11	106175040	106175396	LTR/ERV1	2392	+	178	106175218	83540
chr11	106091678	106291678	harbor1	chr11	106175397	106176824	LTR/ERV1	7815	+	714	106176111	84433
chr11	106091678	106291678	harbor1	chr11	106176828	106177612	LTR/ERV1	4012	+	392	106177220	85542
chr11	106091678	106291678	harbor1	chr11	106177670	106177908	LTR/ERV1	1277	+	119	106177789	86111
chr11	106091678	106291678	harbor1	chr11	106177911	106179279	LTR/ERV1	7514	+	684	106178595	86917
chr11	106091678	106291678	harbor1	chr11	106179278	106179727	LTR/ERV1	1632	+	224	106179502	87824
chr11	106091678	106291678	harbor1	chr11	106179786	106180035	LTR/ERV1	1606	+	124	106179910	88232
chr11	106091678	106291678	harbor1	chr11	106182803	106184075	LTR/ERV1	5718	+	636	106183439	91761
chr11	106091678	106291678	harbor1	chr11	106184088	106184253	LTR/ERV1	880	+	82	106184170	92492
chr11	106091678	106291678	harbor1	chr11	106184250	106184563	LTR/ERV1	1847	+	156	106184406	92728
chr11	106091678	106291678	harbor1	chr11	106184790	106185203	LTR/ERV1	2644	+	206	106184996	93318
chr11	106091678	106291678	harbor1	chr11	106185204	106185649	LTR/ERV1	3899	+	222	106185426	93748
chr11	106091678	106291678	harbor1	chr11	106185975	106186193	LTR/ERV1	3899	+	109	106186084	94406
chr11	106091678	106291678	harbor1	chr11	106186191	106186492	LTR/ERV1	1630	+	150	106186341	94663
chr11	106091678	106291678	harbor1	chr11	106186493	106186959	LTR/ERV1	2255	+	233	106186726	95048
chr11	106091678	106291678	harbor1	chr11	106186959	106187603	LTR/ERV1	4631	+	322	106187281	95603
chr11	106091678	106291678	harbor1	chr11	106187912	106188762	LTR/ERV1	4631	+	425	106188337	96659
chr11	106091678	106291678	harbor1	chr11	106188772	106190661	LTR/ERV1	11124	+	944	106189716	98038
chr11	106091678	106291678	harbor1	chr11	106190662	106191071	LTR/ERV1	2276	+	204	106190866	99188
chr11	117886589	118086589	harbor1	chr11	117903238	117903420	LTR/ERV1	895	+	91	117903329	16740
chr11	117886589	118086589	harbor1	chr11	117904651	117904861	LTR/ERV1	1814	+	105	117904756	18167
chr11	117886589	118086589	harbor1	chr11	117905195	117905445	LTR/ERV1	1814	+	125	117905320	18731
chr11	117886589	118086589	harbor1	chr11	117926965	117927340	LTR/ERV1	2213	+	188	117927153	40564
chr11	117886589	118086589	harbor1	chr11	117942282	117942889	LTR/ERV1	3379	+	304	117942586	55997
chr11	117886589	118086589	harbor1	chr11	117983408	117983960	LTR/ERV1	3062	+	276	117983684	97095
chr11	5134020	5334020	harbor1	chr11	5135423	5135970	LTR/ERV1	2531	+	274	5135697	1677
chr11	5134020	5334020	harbor1	chr11	5144231	5145619	LTR/ERV1	9589	+	694	5144925	10905
chr11	67891296	68091296	harbor1	chr11	67963085	67964484	LTR/ERV1	9973	+	700	67963785	72489
chr11	5127223	5327223	harbor1	chr11	5135423	5135970	LTR/ERV1	2531	+	274	5135697	8474
chr11	5127223	5327223	harbor1	chr11	5144231	5145619	LTR/ERV1	9589	+	694	5144925	17702
chr11	76517780	76717780	harbor1	chr11	76605467	76606173	LTR/ERV1	4447	+	353	76605820	88040
chr11	70722515	70922515	harbor1	chr11	70745029	70745351	LTR/ERV1	616	+	161	70745190	22675
chr11	70722515	70922515	harbor1	chr11	70757966	70758680	LTR/ERV1	5181	+	357	70758323	35808
chr11	70722515	70922515	harbor1	chr11	70758804	70758878	LTR/ERV1	3632	+	37	70758841	36326
chr11	70722515	70922515	harbor1	chr11	70759507	70760403	LTR/ERV1	3632	+	448	70759955	37440
chr11	70722515	70922515	harbor1	chr11	70772475	70773039	LTR/ERV1	3357	+	282	70772757	50242
chr11	70722515	70922515	harbor1	chr11	70796725	70797253	LTR/ERV1	2505	+	264	70796989	74474
chr11	76581027	76781027	harbor1	chr11	76605467	76606173	LTR/ERV1	4447	+	353	76605820	24793
chr11	120126957	120326957	harbor1	chr11	120143502	120143980	LTR/ERV1	3823	+	239	120143741	16784
chr11	5129651	5329651	harbor1	chr11	5135423	5135970	LTR/ERV1	2531	+	274	5135697	6046
chr11	5129651	5329651	harbor1	chr11	5144231	5145619	LTR/ERV1	9589	+	694	5144925	15274
chr11	70734542	70934542	harbor1	chr11	70745029	70745351	LTR/ERV1	616	+	161	70745190	10648
chr11	70734542	70934542	harbor1	chr11	70757966	70758680	LTR/ERV1	5181	+	357	70758323	23781
chr11	70734542	70934542	harbor1	chr11	70758804	70758878	LTR/ERV1	3632	+	37	70758841	24299
chr11	70734542	70934542	harbor1	chr11	70759507	70760403	LTR/ERV1	3632	+	448	70759955	25413
chr11	70734542	70934542	harbor1	chr11	70772475	70773039	LTR/ERV1	3357	+	282	70772757	38215
chr11	70734542	70934542	harbor1	chr11	70796725	70797253	LTR/ERV1	2505	+	264	70796989	62447
chr11	67368638	67568638	harbor1	chr11	67446493	67446563	LTR/ERV1	4590	+	35	67446528	77890
chr11	67368638	67568638	harbor1	chr11	67446874	67447059	LTR/ERV1	4590	+	92	67446966	78328
chr11	67368638	67568638	harbor1	chr11	67447374	67447781	LTR/ERV1	4590	+	204	67447578	78940
chr11	63953306	64153306	harbor1	chr11	63965685	63965829	LTR/ERV1	890	+	72	63965757	12451
chr11	63953306	64153306	harbor1	chr11	63966517	63966740	LTR/ERV1	1006	+	112	63966629	13323
chr11	63953306	64153306	harbor1	chr11	63968647	63968783	LTR/ERV1	818	+	68	63968715	15409
chr11	63953306	64153306	harbor1	chr11	63968793	63968875	LTR/ERV1	1575	+	41	63968834	15528
chr11	63953306	64153306	harbor1	chr11	63969165	63969365	LTR/ERV1	1575	+	100	63969265	15959
chr11	63953306	64153306	harbor1	chr11	63969804	63969918	LTR/ERV1	1575	+	57	63969861	16555
chr11	67369241	67569241	harbor1	chr11	67446493	67446563	LTR/ERV1	4590	+	35	67446528	77287
chr11	67369241	67569241	harbor1	chr11	67446874	67447059	LTR/ERV1	4590	+	92	67446966	77725
chr11	67369241	67569241	harbor1	chr11	67447374	67447781	LTR/ERV1	4590	+	204	67447578	78337
chr11	5127218	5327218	harbor1	chr11	5135423	5135970	LTR/ERV1	2531	+	274	5135697	8479
chr11	5127218	5327218	harbor1	chr11	5144231	5145619	LTR/ERV1	9589	+	694	5144925	17707
chr11	57374327	57574327	harbor1	chr11	57441200	57441307	LTR/ERV1	545	+	54	57441254	66927
chr11	57374327	57574327	harbor1	chr11	57441964	57441990	LTR/ERV1	1008	+	13	57441977	67650
chr11	57374327	57574327	harbor1	chr11	57444277	57444404	LTR/ERV1	836	+	64	57444341	70014
chr11	5126735	5326735	harbor1	chr11	5135423	5135970	LTR/ERV1	2531	+	274	5135697	8962
chr11	5126735	5326735	harbor1	chr11	5144231	5145619	LTR/ERV1	9589	+	694	5144925	18190
chr11	461101	661101	harbor1	chr11	505032	505252	LTR/ERV1	1273	+	110	505142	44041
chr11	461101	661101	harbor1	chr11	512918	513076	LTR/ERV1	931	+	79	512997	51896
chr11	134025232	134225232	harbor1	chr11	134061687	134062381	LTR/ERV1	3889	+	347	134062034	36802
chr11	76566217	76766217	harbor1	chr11	76605467	76606173	LTR/ERV1	4447	+	353	76605820	39603
chr11	5134206	5334206	harbor1	chr11	5135423	5135970	LTR/ERV1	2531	+	274	5135697	1491
chr11	5134206	5334206	harbor1	chr11	5144231	5145619	LTR/ERV1	9589	+	694	5144925	10719
chr11	66122791	66322791	harbor1	chr11	66189818	66190268	LTR/ERV1	2413	+	225	66190043	67252
chr11	133733693	133933693	harbor1	chr11	133782166	133783649	LTR/ERV1	10847	+	742	133782908	49215
chr11	5127023	5327023	harbor1	chr11	5135423	5135970	LTR/ERV1	2531	+	274	5135697	8674
chr11	5127023	5327023	harbor1	chr11	5144231	5145619	LTR/ERV1	9589	+	694	5144925	17902
chr11	5132776	5332776	harbor1	chr11	5135423	5135970	LTR/ERV1	2531	+	274	5135697	2921
chr11	5132776	5332776	harbor1	chr11	5144231	5145619	LTR/ERV1	9589	+	694	5144925	12149
chr11	5125096	5325096	harbor1	chr11	5135423	5135970	LTR/ERV1	2531	+	274	5135697	10601
chr11	5125096	5325096	harbor1	chr11	5144231	5145619	LTR/ERV1	9589	+	694	5144925	19829
chr11	66158626	66358626	harbor1	chr11	66189818	66190268	LTR/ERV1	2413	+	225	66190043	31417
chr11	62552866	62752866	harbor1	chr11	62561739	62562381	LTR/ERV1	2277	+	321	62562060	9194
chr11	66158676	66358676	harbor1	chr11	66189818	66190268	LTR/ERV1	2413	+	225	66190043	31367
chr11	6201391	6401391	harbor1	chr11	6280783	6281284	LTR/ERV1	3669	+	250	6281033	79642
chr11	6201391	6401391	harbor1	chr11	6283647	6284169	LTR/ERV1	3655	+	261	6283908	82517
chr11	6201391	6401391	harbor1	chr11	6284170	6285213	LTR/ERV1	4966	+	522	6284692	83301
chr11	6201391	6401391	harbor1	chr11	6285251	6288201	LTR/ERV1	12563	+	1475	6286726	85335
chr11	6201391	6401391	harbor1	chr11	6288204	6288759	LTR/ERV1	4374	+	278	6288482	87091
chr11	6201391	6401391	harbor1	chr11	6296383	6296502	LTR/ERV1	427	+	60	6296443	95052
chr11	6201391	6401391	harbor1	chr11	6296609	6297193	LTR/ERV1	2817	+	292	6296901	95510
chr11	6201391	6401391	harbor1	chr11	6298876	6299053	LTR/ERV1	735	+	88	6298964	97573
chr11	6201391	6401391	harbor1	chr11	6299179	6299470	LTR/ERV1	894	+	146	6299325	97934
chr11	6201391	6401391	harbor1	chr11	6299471	6299864	LTR/ERV1	1603	+	196	6299667	98276
chr11	76581063	76781063	harbor1	chr11	76605467	76606173	LTR/ERV1	4447	+	353	76605820	24757
chr11	124700054	124900054	harbor1	chr11	124734863	124735525	LTR/ERV1	3694	+	331	124735194	35140
chr11	76517810	76717810	harbor1	chr11	76605467	76606173	LTR/ERV1	4447	+	353	76605820	88010
chr11	57399809	57599809	harbor1	chr11	57441200	57441307	LTR/ERV1	545	+	54	57441254	41445
chr11	57399809	57599809	harbor1	chr11	57441964	57441990	LTR/ERV1	1008	+	13	57441977	42168
chr11	57399809	57599809	harbor1	chr11	57444277	57444404	LTR/ERV1	836	+	64	57444341	44532
chr12	132051944	132251944	harbor1	chr12	132095737	132096306	LTR/ERV1	2909	+	284	132096021	44077
chr12	62962733	63162733	harbor1	chr12	62966408	62966909	LTR/ERV1	3443	+	250	62966658	3925
chr12	62962733	63162733	harbor1	chr12	63008183	63008487	LTR/ERV1	3104	+	152	63008335	45602
chr12	62962733	63162733	harbor1	chr12	63008852	63009127	LTR/ERV1	3104	+	138	63008990	46257
chr12	49223475	49423475	harbor1	chr12	49252185	49252422	LTR/ERV1	671	+	118	49252303	28828
chr12	6862749	7062749	harbor1	chr12	6899979	6900402	LTR/ERV1	1831	+	212	6900191	37442
chr12	6863249	7063249	harbor1	chr12	6899979	6900402	LTR/ERV1	1831	+	212	6900191	36942
chr12	53896506	54096506	harbor1	chr12	53925569	53925957	LTR/ERV1	659	+	194	53925763	29257
chr12	6863215	7063215	harbor1	chr12	6899979	6900402	LTR/ERV1	1831	+	212	6900191	36976
chr12	131807823	132007823	harbor1	chr12	131812500	131812640	LTR/ERV1	1392	+	70	131812570	4747
chr12	131807823	132007823	harbor1	chr12	131812937	131813102	LTR/ERV1	1392	+	82	131813019	5196
chr12	131807823	132007823	harbor1	chr12	131813381	131813402	LTR/ERV1	1392	+	10	131813391	5568
chr12	131807823	132007823	harbor1	chr12	131813526	131813708	LTR/ERV1	1370	+	91	131813617	5794
chr12	131807823	132007823	harbor1	chr12	131813745	131814442	LTR/ERV1	1370	+	348	131814093	6270
chr12	131807823	132007823	harbor1	chr12	131815371	131815721	LTR/ERV1	1551	+	175	131815546	7723
chr12	131807823	132007823	harbor1	chr12	131816026	131816092	LTR/ERV1	1551	+	33	131816059	8236
chr12	131807823	132007823	harbor1	chr12	131818302	131818622	LTR/ERV1	1558	+	160	131818462	10639
chr12	131807823	132007823	harbor1	chr12	131818628	131819016	LTR/ERV1	1461	+	194	131818822	10999
chr12	131807823	132007823	harbor1	chr12	131819015	131819561	LTR/ERV1	1898	+	273	131819288	11465
chr12	131807823	132007823	harbor1	chr12	131819873	131819912	LTR/ERV1	1898	+	20	131819893	12070
chr12	131807823	132007823	harbor1	chr12	131820513	131820544	LTR/ERV1	1898	+	16	131820529	12706
chr12	131807823	132007823	harbor1	chr12	131821305	131821718	LTR/ERV1	2007	+	206	131821511	13688
chr12	131807823	132007823	harbor1	chr12	131881042	131881130	LTR/ERV1	1062	+	44	131881086	73263
chr12	131807823	132007823	harbor1	chr12	131881452	131881540	LTR/ERV1	1062	+	44	131881496	73673
chr12	6862682	7062682	harbor1	chr12	6899979	6900402	LTR/ERV1	1831	+	212	6900191	37509
chr12	53854212	54054212	harbor1	chr12	53925569	53925957	LTR/ERV1	659	+	194	53925763	71551
chr12	6842193	7042193	harbor1	chr12	6899979	6900402	LTR/ERV1	1831	+	212	6900191	57998
chr12	131246237	131446237	harbor1	chr12	131322675	131322938	LTR/ERV1	1206	+	132	131322807	76570
chr12	131246237	131446237	harbor1	chr12	131334871	131335398	LTR/ERV1	3816	+	264	131335135	88898
chr12	131246237	131446237	harbor1	chr12	131335420	131340111	LTR/ERV1	28704	+	2346	131337766	91529
chr12	49235659	49435659	harbor1	chr12	49252185	49252422	LTR/ERV1	671	+	118	49252303	16644
chr12	53132031	53332031	harbor1	chr12	53141218	53141353	LTR/ERV1	870	+	68	53141286	9255
chr12	53132031	53332031	harbor1	chr12	53143329	53143879	LTR/ERV1	2010	+	275	53143604	11573
chr12	6862269	7062269	harbor1	chr12	6899979	6900402	LTR/ERV1	1831	+	212	6900191	37922
chr12	64356142	64556142	harbor1	chr12	64356858	64357400	LTR/ERV1	1823	+	271	64357129	987
chr12	64356142	64556142	harbor1	chr12	64358960	64359467	LTR/ERV1	1012	+	254	64359214	3072
chr12	64356142	64556142	harbor1	chr12	64361292	64361720	LTR/ERV1	3948	+	214	64361506	5364
chr12	64356142	64556142	harbor1	chr12	64362031	64362149	LTR/ERV1	3948	+	59	64362090	5948
chr12	64356142	64556142	harbor1	chr12	64382563	64382592	LTR/ERV1	755	+	14	64382577	26435
chr12	64356142	64556142	harbor1	chr12	64382888	64383012	LTR/ERV1	755	+	62	64382950	26808
chr12	64356142	64556142	harbor1	chr12	64385522	64385911	LTR/ERV1	2817	+	194	64385716	29574
chr12	64356142	64556142	harbor1	chr12	64399754	64400469	LTR/ERV1	4376	+	358	64400112	43970
chr12	119684757	119884757	harbor1	chr12	119707376	119707536	LTR/ERV1	2120	+	80	119707456	22699
chr12	119684757	119884757	harbor1	chr12	119707800	119708084	LTR/ERV1	2120	+	142	119707942	23185
chr12	21362986	21562986	harbor1	chr12	21414009	21414237	LTR/ERV1	744	+	114	21414123	51137
chr12	21362986	21562986	harbor1	chr12	21380899	21381127	LTR/ERV1	1472	+	114	21381013	18027
chr12	49248183	49448183	harbor1	chr12	49252185	49252422	LTR/ERV1	671	+	118	49252303	4120
chr12	30880777	31080777	harbor1	chr12	30898614	30899253	LTR/ERV1	2348	+	320	30898934	18157
chr12	30880777	31080777	harbor1	chr12	30899548	30899598	LTR/ERV1	2348	+	25	30899573	18796
chr12	92828003	93028003	harbor1	chr12	92897071	92897705	LTR/ERV1	3878	+	317	92897388	69385
chr12	64356143	64556143	harbor1	chr12	64356858	64357400	LTR/ERV1	1823	+	271	64357129	986
chr12	64356143	64556143	harbor1	chr12	64358960	64359467	LTR/ERV1	1012	+	254	64359214	3071
chr12	64356143	64556143	harbor1	chr12	64361292	64361720	LTR/ERV1	3948	+	214	64361506	5363
chr12	64356143	64556143	harbor1	chr12	64362031	64362149	LTR/ERV1	3948	+	59	64362090	5947
chr12	64356143	64556143	harbor1	chr12	64382563	64382592	LTR/ERV1	755	+	14	64382577	26434
chr12	64356143	64556143	harbor1	chr12	64382888	64383012	LTR/ERV1	755	+	62	64382950	26807
chr12	64356143	64556143	harbor1	chr12	64385522	64385911	LTR/ERV1	2817	+	194	64385716	29573
chr12	64356143	64556143	harbor1	chr12	64399754	64400469	LTR/ERV1	4376	+	358	64400112	43969
chr12	56840310	57040310	harbor1	chr12	56875654	56876096	LTR/ERV1	3182	+	221	56875875	35565
chr12	56840310	57040310	harbor1	chr12	56899882	56900023	LTR/ERV1	704	+	70	56899952	59642
chr12	56840310	57040310	harbor1	chr12	56900035	56900984	LTR/ERV1	5197	+	474	56900509	60199
chr12	56840310	57040310	harbor1	chr12	56900989	56901543	LTR/ERV1	4056	+	277	56901266	60956
chr12	56840310	57040310	harbor1	chr12	56901660	56903161	LTR/ERV1	9658	+	750	56902410	62100
chr12	56840310	57040310	harbor1	chr12	56903162	56904081	LTR/ERV1	5252	+	460	56903622	63312
chr12	56840310	57040310	harbor1	chr12	56904143	56904302	LTR/ERV1	802	+	80	56904223	63913
chr12	56840310	57040310	harbor1	chr12	56904305	56904759	LTR/ERV1	2268	+	227	56904532	64222
chr12	56840310	57040310	harbor1	chr12	56905980	56906222	LTR/ERV1	1366	+	121	56906101	65791
chr12	56840310	57040310	harbor1	chr12	56906222	56906564	LTR/ERV1	5546	+	171	56906393	66083
chr12	56840310	57040310	harbor1	chr12	56906859	56907789	LTR/ERV1	5546	+	465	56907324	67014
chr12	56840310	57040310	harbor1	chr12	56907845	56908042	LTR/ERV1	1418	+	98	56907943	67633
chr12	56840310	57040310	harbor1	chr12	56908045	56908399	LTR/ERV1	1304	+	177	56908222	67912
chr12	56840310	57040310	harbor1	chr12	56908721	56908997	LTR/ERV1	1242	+	138	56908859	68549
chr12	56840310	57040310	harbor1	chr12	56916725	56917099	LTR/ERV1	2041	+	187	56916912	76602
chr12	130250985	130450985	harbor1	chr12	130313359	130313801	LTR/ERV1	2546	+	221	130313580	62595
chr12	6359134	6559134	harbor1	chr12	6395532	6396209	LTR/ERV1	3266	+	338	6395870	36736
chr12	6863304	7063304	harbor1	chr12	6899979	6900402	LTR/ERV1	1831	+	212	6900191	36887
chr12	106993251	107193251	harbor1	chr12	107033942	107034578	LTR/ERV1	3638	+	318	107034260	41009
chr12	31860001	32060001	harbor1	chr12	31868622	31868977	LTR/ERV1	723	+	178	31868800	8799
chr12	31860001	32060001	harbor1	chr12	31872766	31872846	LTR/ERV1	743	+	40	31872806	12805
chr12	31860001	32060001	harbor1	chr12	31873646	31873712	LTR/ERV1	743	+	33	31873679	13678
chr12	31860001	32060001	harbor1	chr12	31874192	31874456	LTR/ERV1	1498	+	132	31874324	14323
chr12	31860001	32060001	harbor1	chr12	31887198	31887704	LTR/ERV1	3228	+	253	31887451	27450
chr12	31860001	32060001	harbor1	chr12	31906332	31906533	LTR/ERV1	1510	+	100	31906432	46431
chr12	31860001	32060001	harbor1	chr12	31906540	31907081	LTR/ERV1	3029	+	270	31906810	46809
chr12	31860001	32060001	harbor1	chr12	31907082	31908298	LTR/ERV1	15577	+	608	31907690	47689
chr12	31860001	32060001	harbor1	chr12	31908617	31909434	LTR/ERV1	15577	+	408	31909025	49024
chr12	31860001	32060001	harbor1	chr12	31909435	31909833	LTR/ERV1	1458	+	199	31909634	49633
chr12	31860001	32060001	harbor1	chr12	31916368	31916628	LTR/ERV1	675	+	130	31916498	56497
chr12	31860001	32060001	harbor1	chr12	31920397	31920667	LTR/ERV1	2942	+	135	31920532	60531
chr12	31860001	32060001	harbor1	chr12	31920976	31921035	LTR/ERV1	2942	+	30	31921006	61005
chr12	31860001	32060001	harbor1	chr12	31921331	31921825	LTR/ERV1	2942	+	247	31921578	61577
chr12	31860001	32060001	harbor1	chr12	31930527	31931061	LTR/ERV1	3224	+	267	31930794	70793
chr12	31860001	32060001	harbor1	chr12	31931316	31931416	LTR/ERV1	3224	+	50	31931366	71365
chr12	31860001	32060001	harbor1	chr12	31931681	31931720	LTR/ERV1	3224	+	20	31931701	71700
chr12	31860001	32060001	harbor1	chr12	31934728	31935212	LTR/ERV1	2548	+	242	31934970	74969
chr12	31860001	32060001	harbor1	chr12	31950514	31951109	LTR/ERV1	2180	+	298	31950812	90811
chr12	31860001	32060001	harbor1	chr12	31957395	31957882	LTR/ERV1	3639	+	244	31957639	97638
chr12	31860001	32060001	harbor1	chr12	31882706	31883387	LTR/ERV1	4674	+	340	31883046	23045
chr12	31860001	32060001	harbor1	chr12	31915939	31916067	LTR/ERV1	675	+	64	31916003	56002
chr12	21402089	21602089	harbor1	chr12	21414009	21414237	LTR/ERV1	744	+	114	21414123	12034
chr12	6862158	7062158	harbor1	chr12	6899979	6900402	LTR/ERV1	1831	+	212	6900191	38033
chr12	6863268	7063268	harbor1	chr12	6899979	6900402	LTR/ERV1	1831	+	212	6900191	36923
chr12	94808159	95008159	harbor1	chr12	94817143	94817593	LTR/ERV1	3810	+	225	94817368	9209
chr12	94808159	95008159	harbor1	chr12	94818450	94818573	LTR/ERV1	3858	+	62	94818512	10353
chr12	94808159	95008159	harbor1	chr12	94818878	94819430	LTR/ERV1	3858	+	276	94819154	10995
chr12	6862769	7062769	harbor1	chr12	6899979	6900402	LTR/ERV1	1831	+	212	6900191	37422
chr13	113725873	113925873	harbor1	chr13	113746115	113746547	LTR/ERV1	2019	+	216	113746331	20458
chr13	20315161	20515161	harbor1	chr13	20324423	20324667	LTR/ERV1	2552	+	122	20324545	9384
chr13	20315161	20515161	harbor1	chr13	20324965	20325537	LTR/ERV1	2786	+	286	20325251	10090
chr13	20315161	20515161	harbor1	chr13	20325752	20326536	LTR/ERV1	4570	+	392	20326144	10983
chr13	20315161	20515161	harbor1	chr13	20343718	20344310	LTR/ERV1	3312	+	296	20344014	28853
chr13	20315161	20515161	harbor1	chr13	20359933	20360425	LTR/ERV1	2682	+	246	20360179	45018
chr13	20315161	20515161	harbor1	chr13	20374977	20375424	LTR/ERV1	2239	+	224	20375201	60040
chr13	20315121	20515121	harbor1	chr13	20324423	20324667	LTR/ERV1	2552	+	122	20324545	9424
chr13	20315121	20515121	harbor1	chr13	20324965	20325537	LTR/ERV1	2786	+	286	20325251	10130
chr13	20315121	20515121	harbor1	chr13	20325752	20326536	LTR/ERV1	4570	+	392	20326144	11023
chr13	20315121	20515121	harbor1	chr13	20343718	20344310	LTR/ERV1	3312	+	296	20344014	28893
chr13	20315121	20515121	harbor1	chr13	20359933	20360425	LTR/ERV1	2682	+	246	20360179	45058
chr13	20315121	20515121	harbor1	chr13	20374977	20375424	LTR/ERV1	2239	+	224	20375201	60080
chr13	48135005	48335005	harbor1	chr13	48156554	48156906	LTR/ERV1	1739	+	176	48156730	21725
chr13	48135005	48335005	harbor1	chr13	48160632	48161169	LTR/ERV1	2961	+	268	48160900	25895
chr13	20315155	20515155	harbor1	chr13	20324423	20324667	LTR/ERV1	2552	+	122	20324545	9390
chr13	20315155	20515155	harbor1	chr13	20324965	20325537	LTR/ERV1	2786	+	286	20325251	10096
chr13	20315155	20515155	harbor1	chr13	20325752	20326536	LTR/ERV1	4570	+	392	20326144	10989
chr13	20315155	20515155	harbor1	chr13	20343718	20344310	LTR/ERV1	3312	+	296	20344014	28859
chr13	20315155	20515155	harbor1	chr13	20359933	20360425	LTR/ERV1	2682	+	246	20360179	45024
chr13	20315155	20515155	harbor1	chr13	20374977	20375424	LTR/ERV1	2239	+	224	20375201	60046
chr13	75381986	75581986	harbor1	chr13	75465570	75466167	LTR/ERV1	2632	+	298	75465868	83882
chr13	20315106	20515106	harbor1	chr13	20324423	20324667	LTR/ERV1	2552	+	122	20324545	9439
chr13	20315106	20515106	harbor1	chr13	20324965	20325537	LTR/ERV1	2786	+	286	20325251	10145
chr13	20315106	20515106	harbor1	chr13	20325752	20326536	LTR/ERV1	4570	+	392	20326144	11038
chr13	20315106	20515106	harbor1	chr13	20343718	20344310	LTR/ERV1	3312	+	296	20344014	28908
chr13	20315106	20515106	harbor1	chr13	20359933	20360425	LTR/ERV1	2682	+	246	20360179	45073
chr13	20315106	20515106	harbor1	chr13	20374977	20375424	LTR/ERV1	2239	+	224	20375201	60095
chr13	113725885	113925885	harbor1	chr13	113746115	113746547	LTR/ERV1	2019	+	216	113746331	20446
chr13	113726197	113926197	harbor1	chr13	113746115	113746547	LTR/ERV1	2019	+	216	113746331	20134
chr13	113718997	113918997	harbor1	chr13	113746115	113746547	LTR/ERV1	2019	+	216	113746331	27334
chr13	113725726	113925726	harbor1	chr13	113746115	113746547	LTR/ERV1	2019	+	216	113746331	20605
chr13	100574944	100774944	harbor1	chr13	100579317	100579919	LTR/ERV1	2798	+	301	100579618	4674
chr13	100574944	100774944	harbor1	chr13	100594858	100595426	LTR/ERV1	3528	+	284	100595142	20198
chr13	20315169	20515169	harbor1	chr13	20324423	20324667	LTR/ERV1	2552	+	122	20324545	9376
chr13	20315169	20515169	harbor1	chr13	20324965	20325537	LTR/ERV1	2786	+	286	20325251	10082
chr13	20315169	20515169	harbor1	chr13	20325752	20326536	LTR/ERV1	4570	+	392	20326144	10975
chr13	20315169	20515169	harbor1	chr13	20343718	20344310	LTR/ERV1	3312	+	296	20344014	28845
chr13	20315169	20515169	harbor1	chr13	20359933	20360425	LTR/ERV1	2682	+	246	20360179	45010
chr13	20315169	20515169	harbor1	chr13	20374977	20375424	LTR/ERV1	2239	+	224	20375201	60032
chr13	113725782	113925782	harbor1	chr13	113746115	113746547	LTR/ERV1	2019	+	216	113746331	20549
chr13	100413825	100613825	harbor1	chr13	100492544	100493289	LTR/ERV1	5013	+	372	100492916	79091
chr13	38912775	39112775	harbor1	chr13	38982165	38982248	LTR/ERV1	543	+	42	38982207	69432
chr13	38912775	39112775	harbor1	chr13	38982368	38982582	LTR/ERV1	1022	+	107	38982475	69700
chr13	38912775	39112775	harbor1	chr13	38982603	38983177	LTR/ERV1	2919	+	287	38982890	70115
chr13	38912775	39112775	harbor1	chr13	38983221	38983401	LTR/ERV1	582	+	90	38983311	70536
chr13	38912775	39112775	harbor1	chr13	39008430	39008830	LTR/ERV1	2512	+	200	39008630	95855
chr13	20315123	20515123	harbor1	chr13	20324423	20324667	LTR/ERV1	2552	+	122	20324545	9422
chr13	20315123	20515123	harbor1	chr13	20324965	20325537	LTR/ERV1	2786	+	286	20325251	10128
chr13	20315123	20515123	harbor1	chr13	20325752	20326536	LTR/ERV1	4570	+	392	20326144	11021
chr13	20315123	20515123	harbor1	chr13	20343718	20344310	LTR/ERV1	3312	+	296	20344014	28891
chr13	20315123	20515123	harbor1	chr13	20359933	20360425	LTR/ERV1	2682	+	246	20360179	45056
chr13	20315123	20515123	harbor1	chr13	20374977	20375424	LTR/ERV1	2239	+	224	20375201	60078
chr13	19764706	19964706	harbor1	chr13	19792956	19793177	LTR/ERV1	1419	+	110	19793066	28360
chr13	19764706	19964706	harbor1	chr13	19793486	19793686	LTR/ERV1	1419	+	100	19793586	28880
chr13	19764706	19964706	harbor1	chr13	19810334	19810612	LTR/ERV1	2294	+	139	19810473	45767
chr13	19764706	19964706	harbor1	chr13	19810905	19811092	LTR/ERV1	2294	+	94	19810999	46293
chr13	20315143	20515143	harbor1	chr13	20324423	20324667	LTR/ERV1	2552	+	122	20324545	9402
chr13	20315143	20515143	harbor1	chr13	20324965	20325537	LTR/ERV1	2786	+	286	20325251	10108
chr13	20315143	20515143	harbor1	chr13	20325752	20326536	LTR/ERV1	4570	+	392	20326144	11001
chr13	20315143	20515143	harbor1	chr13	20343718	20344310	LTR/ERV1	3312	+	296	20344014	28871
chr13	20315143	20515143	harbor1	chr13	20359933	20360425	LTR/ERV1	2682	+	246	20360179	45036
chr13	20315143	20515143	harbor1	chr13	20374977	20375424	LTR/ERV1	2239	+	224	20375201	60058
chr13	113726165	113926165	harbor1	chr13	113746115	113746547	LTR/ERV1	2019	+	216	113746331	20166
chr13	113713157	113913157	harbor1	chr13	113746115	113746547	LTR/ERV1	2019	+	216	113746331	33174
chr13	24917691	25117691	harbor1	chr13	24921028	24921473	LTR/ERV1	1996	+	222	24921250	3559
chr13	24917691	25117691	harbor1	chr13	24995133	24995294	LTR/ERV1	1000	+	80	24995213	77522
chr13	24917691	25117691	harbor1	chr13	24995288	24995427	LTR/ERV1	789	+	70	24995358	77667
chr13	24917691	25117691	harbor1	chr13	24995439	24996056	LTR/ERV1	4258	+	308	24995747	78056
chr13	24917691	25117691	harbor1	chr13	24996042	24996078	LTR/ERV1	3828	+	18	24996060	78369
chr13	24917691	25117691	harbor1	chr13	24996388	24997195	LTR/ERV1	3828	+	404	24996792	79101
chr13	24917691	25117691	harbor1	chr13	24997197	24997382	LTR/ERV1	740	+	92	24997289	79598
chr13	24917691	25117691	harbor1	chr13	24997666	24997925	LTR/ERV1	1337	+	130	24997796	80105
chr13	24917691	25117691	harbor1	chr13	24997933	24998556	LTR/ERV1	3303	+	312	24998245	80554
chr13	100568699	100768699	harbor1	chr13	100579317	100579919	LTR/ERV1	2798	+	301	100579618	10919
chr13	100568699	100768699	harbor1	chr13	100594858	100595426	LTR/ERV1	3528	+	284	100595142	26443
chr13	20262753	20462753	harbor1	chr13	20282231	20283330	LTR/ERV1	5979	+	550	20282781	20028
chr13	20262753	20462753	harbor1	chr13	20284015	20285276	LTR/ERV1	4154	+	630	20284645	21892
chr13	20262753	20462753	harbor1	chr13	20285296	20285976	LTR/ERV1	3972	+	340	20285636	22883
chr13	20262753	20462753	harbor1	chr13	20285997	20286111	LTR/ERV1	697	+	57	20286054	23301
chr13	20262753	20462753	harbor1	chr13	20286116	20286782	LTR/ERV1	2506	+	333	20286449	23696
chr13	20262753	20462753	harbor1	chr13	20286828	20287329	LTR/ERV1	3182	+	250	20287078	24325
chr13	20262753	20462753	harbor1	chr13	20287370	20287489	LTR/ERV1	3182	+	60	20287430	24677
chr13	20262753	20462753	harbor1	chr13	20287514	20288724	LTR/ERV1	2511	+	605	20288119	25366
chr13	20262753	20462753	harbor1	chr13	20288727	20288927	LTR/ERV1	1436	+	100	20288827	26074
chr13	20262753	20462753	harbor1	chr13	20288929	20289193	LTR/ERV1	1398	+	132	20289061	26308
chr13	20262753	20462753	harbor1	chr13	20292234	20292709	LTR/ERV1	3240	+	238	20292472	29719
chr13	20262753	20462753	harbor1	chr13	20324423	20324667	LTR/ERV1	2552	+	122	20324545	61792
chr13	20262753	20462753	harbor1	chr13	20324965	20325537	LTR/ERV1	2786	+	286	20325251	62498
chr13	20262753	20462753	harbor1	chr13	20325752	20326536	LTR/ERV1	4570	+	392	20326144	63391
chr13	20262753	20462753	harbor1	chr13	20343718	20344310	LTR/ERV1	3312	+	296	20344014	81261
chr13	20262753	20462753	harbor1	chr13	20359933	20360425	LTR/ERV1	2682	+	246	20360179	97426
chr13	20262753	20462753	harbor1	chr13	20283332	20283914	LTR/ERV1	4028	+	291	20283623	20870
chr13	36814065	37014065	harbor1	chr13	36859313	36859679	LTR/ERV1	3709	+	183	36859496	45431
chr13	36814065	37014065	harbor1	chr13	36859991	36860178	LTR/ERV1	3709	+	94	36860085	46020
chr13	36814065	37014065	harbor1	chr13	36862029	36862130	LTR/ERV1	471	+	50	36862079	48014
chr13	36814065	37014065	harbor1	chr13	36862160	36862795	LTR/ERV1	4286	+	318	36862478	48413
chr13	36814065	37014065	harbor1	chr13	36864317	36864417	LTR/ERV1	838	+	50	36864367	50302
chr13	36814065	37014065	harbor1	chr13	36814168	36814866	LTR/ERV1	4399	+	349	36814517	452
chr13	113726286	113926286	harbor1	chr13	113746115	113746547	LTR/ERV1	2019	+	216	113746331	20045
chr13	113726133	113926133	harbor1	chr13	113746115	113746547	LTR/ERV1	2019	+	216	113746331	20198
chr13	109947746	110147746	harbor1	chr13	109955590	109956062	LTR/ERV1	1750	+	236	109955826	8080
chr13	109947746	110147746	harbor1	chr13	109956479	109956722	LTR/ERV1	1750	+	122	109956601	8855
chr13	20315206	20515206	harbor1	chr13	20324423	20324667	LTR/ERV1	2552	+	122	20324545	9339
chr13	20315206	20515206	harbor1	chr13	20324965	20325537	LTR/ERV1	2786	+	286	20325251	10045
chr13	20315206	20515206	harbor1	chr13	20325752	20326536	LTR/ERV1	4570	+	392	20326144	10938
chr13	20315206	20515206	harbor1	chr13	20343718	20344310	LTR/ERV1	3312	+	296	20344014	28808
chr13	20315206	20515206	harbor1	chr13	20359933	20360425	LTR/ERV1	2682	+	246	20360179	44973
chr13	20315206	20515206	harbor1	chr13	20374977	20375424	LTR/ERV1	2239	+	224	20375201	59995
chr13	36898615	37098615	harbor1	chr13	36956650	36956762	LTR/ERV1	744	+	56	36956706	58091
chr13	36898615	37098615	harbor1	chr13	36956763	36958343	LTR/ERV1	12246	+	790	36957553	58938
chr13	36898615	37098615	harbor1	chr13	36958369	36958652	LTR/ERV1	2140	+	142	36958511	59896
chr13	36898615	37098615	harbor1	chr13	36958653	36958981	LTR/ERV1	2310	+	164	36958817	60202
chr13	19682694	19882694	harbor1	chr13	19756252	19756402	LTR/ERV1	956	+	75	19756327	73633
chr13	19682694	19882694	harbor1	chr13	19756430	19756500	LTR/ERV1	455	+	35	19756465	73771
chr13	19682694	19882694	harbor1	chr13	19756797	19756848	LTR/ERV1	1040	+	26	19756823	74129
chr13	19682694	19882694	harbor1	chr13	19757156	19757518	LTR/ERV1	1822	+	181	19757337	74643
chr13	19682694	19882694	harbor1	chr13	19757519	19757784	LTR/ERV1	1668	+	132	19757651	74957
chr13	36893202	37093202	harbor1	chr13	36956650	36956762	LTR/ERV1	744	+	56	36956706	63504
chr13	36893202	37093202	harbor1	chr13	36956763	36958343	LTR/ERV1	12246	+	790	36957553	64351
chr13	36893202	37093202	harbor1	chr13	36958369	36958652	LTR/ERV1	2140	+	142	36958511	65309
chr13	36893202	37093202	harbor1	chr13	36958653	36958981	LTR/ERV1	2310	+	164	36958817	65615
chr14	52595151	52795151	harbor1	chr14	52656949	52657285	LTR/ERV1	1966	+	168	52657117	61966
chr14	90282069	90482069	harbor1	chr14	90309525	90309728	LTR/ERV1	625	+	102	90309627	27558
chr14	95434849	95634849	harbor1	chr14	95532438	95532822	LTR/ERV1	2251	+	192	95532630	97781
chr14	75885958	76085958	harbor1	chr14	75943998	75944253	LTR/ERV1	1340	+	128	75944126	58168
chr14	75885958	76085958	harbor1	chr14	75944289	75944599	LTR/ERV1	2316	+	155	75944444	58486
chr14	75885958	76085958	harbor1	chr14	75944601	75945190	LTR/ERV1	3638	+	294	75944895	58937
chr14	104603549	104803549	harbor1	chr14	104622425	104622944	LTR/ERV1	4091	+	260	104622685	19136
chr14	100185498	100385498	harbor1	chr14	100190160	100190611	LTR/ERV1	2669	+	226	100190386	4888
chr14	100185498	100385498	harbor1	chr14	100204284	100204327	LTR/ERV1	2038	+	22	100204306	18808
chr14	100185498	100385498	harbor1	chr14	100205151	100205177	LTR/ERV1	2038	+	13	100205164	19666
chr14	100185498	100385498	harbor1	chr14	100205470	100205505	LTR/ERV1	2038	+	18	100205488	19990
chr14	100185498	100385498	harbor1	chr14	100204487	100204852	LTR/ERV1	2038	+	182	100204669	19171
chr14	69667796	69867796	harbor1	chr14	69729468	69729812	LTR/ERV1	1264	+	172	69729640	61844
chr14	69667796	69867796	harbor1	chr14	69744480	69744722	LTR/ERV1	1560	+	121	69744601	76805
chr14	69667796	69867796	harbor1	chr14	69730097	69730311	LTR/ERV1	1264	+	107	69730204	62408
chr14	100185509	100385509	harbor1	chr14	100190160	100190611	LTR/ERV1	2669	+	226	100190386	4877
chr14	100185509	100385509	harbor1	chr14	100204284	100204327	LTR/ERV1	2038	+	22	100204306	18797
chr14	100185509	100385509	harbor1	chr14	100205151	100205177	LTR/ERV1	2038	+	13	100205164	19655
chr14	100185509	100385509	harbor1	chr14	100205470	100205505	LTR/ERV1	2038	+	18	100205488	19979
chr14	100185509	100385509	harbor1	chr14	100204487	100204852	LTR/ERV1	2038	+	182	100204669	19160
chr14	20990648	21190648	harbor1	chr14	20998034	20998208	LTR/ERV1	782	+	87	20998121	7473
chr14	20990648	21190648	harbor1	chr14	21003288	21003917	LTR/ERV1	4625	+	314	21003602	12954
chr14	20990648	21190648	harbor1	chr14	21004803	21005297	LTR/ERV1	3754	+	247	21005050	14402
chr14	20990648	21190648	harbor1	chr14	21005507	21006081	LTR/ERV1	20398	+	287	21005794	15146
chr14	20990648	21190648	harbor1	chr14	21006154	21006269	LTR/ERV1	20398	+	58	21006212	15564
chr14	20990648	21190648	harbor1	chr14	21006573	21007541	LTR/ERV1	20398	+	484	21007057	16409
chr14	20990648	21190648	harbor1	chr14	21007849	21007966	LTR/ERV1	20398	+	58	21007907	17259
chr14	20990648	21190648	harbor1	chr14	21008279	21009671	LTR/ERV1	20398	+	696	21008975	18327
chr14	20990648	21190648	harbor1	chr14	21009672	21010322	LTR/ERV1	5253	+	325	21009997	19349
chr14	20990648	21190648	harbor1	chr14	21003918	21004810	LTR/ERV1	6713	+	446	21004364	13716
chr14	90164299	90364299	harbor1	chr14	90170005	90170135	LTR/ERV1	772	+	65	90170070	5771
chr14	90164299	90364299	harbor1	chr14	90196049	90196473	LTR/ERV1	3207	+	212	90196261	31962
chr14	90164299	90364299	harbor1	chr14	90198322	90198922	LTR/ERV1	3647	+	300	90198622	34323
chr14	90164299	90364299	harbor1	chr14	90199214	90199360	LTR/ERV1	3647	+	73	90199287	34988
chr14	90164299	90364299	harbor1	chr14	90201707	90201944	LTR/ERV1	2117	+	118	90201825	37526
chr14	90164299	90364299	harbor1	chr14	90202278	90202403	LTR/ERV1	2117	+	62	90202340	38041
chr14	90164299	90364299	harbor1	chr14	90202887	90203634	LTR/ERV1	4352	+	374	90203261	38962
chr14	90164299	90364299	harbor1	chr14	90204328	90204426	LTR/ERV1	4352	+	49	90204377	40078
chr14	90164299	90364299	harbor1	chr14	90238596	90239349	LTR/ERV1	5468	+	376	90238972	74673
chr14	90164299	90364299	harbor1	chr14	90239351	90240078	LTR/ERV1	4725	+	364	90239715	75416
chr14	90164299	90364299	harbor1	chr14	90240386	90240779	LTR/ERV1	4725	+	196	90240582	76283
chr14	90164299	90364299	harbor1	chr14	90240784	90241730	LTR/ERV1	3467	+	473	90241257	76958
chr14	90164299	90364299	harbor1	chr14	90242033	90242873	LTR/ERV1	3467	+	420	90242453	78154
chr14	90164299	90364299	harbor1	chr14	90243178	90243455	LTR/ERV1	3467	+	138	90243316	79017
chr14	90164299	90364299	harbor1	chr14	90243910	90244657	LTR/ERV1	3467	+	374	90244284	79985
chr14	90164299	90364299	harbor1	chr14	90244957	90245051	LTR/ERV1	3467	+	47	90245004	80705
chr14	90164299	90364299	harbor1	chr14	90247014	90247700	LTR/ERV1	4429	+	343	90247357	83058
chr14	90164299	90364299	harbor1	chr14	90248045	90249041	LTR/ERV1	4429	+	498	90248543	84244
chr14	90164299	90364299	harbor1	chr14	90249298	90249373	LTR/ERV1	4429	+	38	90249336	85037
chr14	95435211	95635211	harbor1	chr14	95532438	95532822	LTR/ERV1	2251	+	192	95532630	97419
chr14	90282794	90482794	harbor1	chr14	90309525	90309728	LTR/ERV1	625	+	102	90309627	26833
chr14	66148048	66348048	harbor1	chr14	66210364	66210704	LTR/ERV1	765	+	170	66210534	62486
chr14	66148048	66348048	harbor1	chr14	66211874	66212362	LTR/ERV1	2072	+	244	66212118	64070
chr14	66148048	66348048	harbor1	chr14	66212515	66212741	LTR/ERV1	975	+	113	66212628	64580
chr14	66148048	66348048	harbor1	chr14	66213518	66213787	LTR/ERV1	1297	+	134	66213652	65604
chr14	66148048	66348048	harbor1	chr14	66214388	66214621	LTR/ERV1	639	+	116	66214504	66456
chr14	66148048	66348048	harbor1	chr14	66215827	66216567	LTR/ERV1	2528	+	370	66216197	68149
chr14	66148048	66348048	harbor1	chr14	66216569	66217584	LTR/ERV1	3048	+	508	66217077	69029
chr14	66148048	66348048	harbor1	chr14	66217610	66217981	LTR/ERV1	3048	+	186	66217796	69748
chr14	66148048	66348048	harbor1	chr14	66217982	66218316	LTR/ERV1	1833	+	167	66218149	70101
chr14	66148048	66348048	harbor1	chr14	66219959	66220183	LTR/ERV1	1329	+	112	66220071	72023
chr14	66148048	66348048	harbor1	chr14	66220498	66220682	LTR/ERV1	1329	+	92	66220590	72542
chr14	66148048	66348048	harbor1	chr14	66223175	66223318	LTR/ERV1	995	+	72	66223247	75199
chr14	66148048	66348048	harbor1	chr14	66223721	66224017	LTR/ERV1	1964	+	148	66223869	75821
chr14	66148048	66348048	harbor1	chr14	66224622	66224714	LTR/ERV1	441	+	46	66224668	76620
chr14	66148048	66348048	harbor1	chr14	66224715	66225489	LTR/ERV1	5219	+	387	66225102	77054
chr14	66148048	66348048	harbor1	chr14	66225490	66225683	LTR/ERV1	815	+	96	66225586	77538
chr14	66148048	66348048	harbor1	chr14	66225738	66225791	LTR/ERV1	752	+	26	66225764	77716
chr14	66148048	66348048	harbor1	chr14	66225879	66225950	LTR/ERV1	752	+	36	66225915	77867
chr14	81174155	81374155	harbor1	chr14	81225519	81226066	LTR/ERV1	3233	+	274	81225793	51638
chr14	81174155	81374155	harbor1	chr14	81235929	81237577	LTR/ERV1	9269	+	824	81236753	62598
chr14	95435221	95635221	harbor1	chr14	95532438	95532822	LTR/ERV1	2251	+	192	95532630	97409
chr14	88923334	89123334	harbor1	chr14	89008650	89009181	LTR/ERV1	825	+	266	89008916	85582
chr14	95435535	95635535	harbor1	chr14	95532438	95532822	LTR/ERV1	2251	+	192	95532630	97095
chr14	91224851	91424851	harbor1	chr14	91265964	91266296	LTR/ERV1	1702	+	166	91266130	41279
chr14	23252014	23452014	harbor1	chr14	23254931	23255341	LTR/ERV1	2142	+	205	23255136	3122
chr14	23252014	23452014	harbor1	chr14	23287055	23287232	LTR/ERV1	2655	+	88	23287143	35129
chr14	23252014	23452014	harbor1	chr14	23287556	23287803	LTR/ERV1	2655	+	124	23287680	35666
chr14	23252014	23452014	harbor1	chr14	23288108	23288181	LTR/ERV1	2655	+	36	23288144	36130
chr14	23252014	23452014	harbor1	chr14	23288519	23288533	LTR/ERV1	2655	+	7	23288526	36512
chr14	23252014	23452014	harbor1	chr14	23335106	23335298	LTR/ERV1	3242	+	96	23335202	83188
chr14	23252014	23452014	harbor1	chr14	23335608	23336013	LTR/ERV1	3242	+	202	23335810	83796
chr14	23252014	23452014	harbor1	chr14	23336017	23336610	LTR/ERV1	2732	+	296	23336313	84299
chr14	23252014	23452014	harbor1	chr14	23336725	23337068	LTR/ERV1	1412	+	172	23336897	84883
chr14	23252014	23452014	harbor1	chr14	23337068	23337151	LTR/ERV1	8277	+	42	23337110	85096
chr14	23252014	23452014	harbor1	chr14	23337443	23338858	LTR/ERV1	8277	+	708	23338151	86137
chr14	23252014	23452014	harbor1	chr14	23339242	23339848	LTR/ERV1	6551	+	303	23339545	87531
chr14	23252014	23452014	harbor1	chr14	23340220	23341898	LTR/ERV1	8904	+	839	23341059	89045
chr14	23252014	23452014	harbor1	chr14	23342173	23342277	LTR/ERV1	8904	+	52	23342225	90211
chr14	23252014	23452014	harbor1	chr14	23342380	23343346	LTR/ERV1	8904	+	483	23342863	90849
chr14	23252014	23452014	harbor1	chr14	23343319	23343860	LTR/ERV1	6522	+	270	23343589	91575
chr14	23252014	23452014	harbor1	chr14	23344140	23344650	LTR/ERV1	6522	+	255	23344395	92381
chr14	23252014	23452014	harbor1	chr14	23344651	23345236	LTR/ERV1	3406	+	292	23344943	92929
chr14	69667837	69867837	harbor1	chr14	69729468	69729812	LTR/ERV1	1264	+	172	69729640	61803
chr14	69667837	69867837	harbor1	chr14	69744480	69744722	LTR/ERV1	1560	+	121	69744601	76764
chr14	69667837	69867837	harbor1	chr14	69730097	69730311	LTR/ERV1	1264	+	107	69730204	62367
chr14	100185484	100385484	harbor1	chr14	100190160	100190611	LTR/ERV1	2669	+	226	100190386	4902
chr14	100185484	100385484	harbor1	chr14	100204284	100204327	LTR/ERV1	2038	+	22	100204306	18822
chr14	100185484	100385484	harbor1	chr14	100205151	100205177	LTR/ERV1	2038	+	13	100205164	19680
chr14	100185484	100385484	harbor1	chr14	100205470	100205505	LTR/ERV1	2038	+	18	100205488	20004
chr14	100185484	100385484	harbor1	chr14	100204487	100204852	LTR/ERV1	2038	+	182	100204669	19185
chr14	104590358	104790358	harbor1	chr14	104622425	104622944	LTR/ERV1	4091	+	260	104622685	32327
chr14	103611773	103811773	harbor1	chr14	103702720	103703132	LTR/ERV1	1586	+	206	103702926	91153
chr14	100182129	100382129	harbor1	chr14	100190160	100190611	LTR/ERV1	2669	+	226	100190386	8257
chr14	100182129	100382129	harbor1	chr14	100204284	100204327	LTR/ERV1	2038	+	22	100204306	22177
chr14	100182129	100382129	harbor1	chr14	100205151	100205177	LTR/ERV1	2038	+	13	100205164	23035
chr14	100182129	100382129	harbor1	chr14	100205470	100205505	LTR/ERV1	2038	+	18	100205488	23359
chr14	100182129	100382129	harbor1	chr14	100204487	100204852	LTR/ERV1	2038	+	182	100204669	22540
chr14	23452131	23652131	harbor1	chr14	23465444	23465627	LTR/ERV1	3761	+	92	23465536	13405
chr14	23452131	23652131	harbor1	chr14	23466182	23466228	LTR/ERV1	3761	+	23	23466205	14074
chr14	23452131	23652131	harbor1	chr14	23466534	23466696	LTR/ERV1	3761	+	81	23466615	14484
chr14	23452131	23652131	harbor1	chr14	23467114	23467427	LTR/ERV1	3761	+	156	23467270	15139
chr14	105059476	105259476	harbor1	chr14	105059428	105059826	LTR/ERV1	1918	+	199	105059627	151
chr14	105059476	105259476	harbor1	chr14	105072182	105072358	LTR/ERV1	527	+	88	105072270	12794
chr14	105059476	105259476	harbor1	chr14	105100749	105101219	LTR/ERV1	2712	+	235	105100984	41508
chr14	105059476	105259476	harbor1	chr14	105128113	105128303	LTR/ERV1	1157	+	95	105128208	68732
chr14	105059476	105259476	harbor1	chr14	105128972	105129306	LTR/ERV1	1687	+	167	105129139	69663
chr14	105059476	105259476	harbor1	chr14	105131106	105131905	LTR/ERV1	3784	+	400	105131506	72030
chr14	105059476	105259476	harbor1	chr14	105132196	105133141	LTR/ERV1	3784	+	472	105132668	73192
chr14	105059476	105259476	harbor1	chr14	105133382	105134395	LTR/ERV1	2890	+	506	105133888	74412
chr14	67500240	67700240	harbor1	chr14	67505095	67505703	LTR/ERV1	1635	+	304	67505399	5159
chr14	67500240	67700240	harbor1	chr14	67505999	67506084	LTR/ERV1	1635	+	42	67506041	5801
chr14	67500240	67700240	harbor1	chr14	67506233	67506435	LTR/ERV1	829	+	101	67506334	6094
chr14	67500240	67700240	harbor1	chr14	67596560	67596981	LTR/ERV1	1099	+	210	67596770	96530
chr14	76928821	77128821	harbor1	chr14	76980156	76980504	LTR/ERV1	2226	+	174	76980330	51509
chr14	69667763	69867763	harbor1	chr14	69729468	69729812	LTR/ERV1	1264	+	172	69729640	61877
chr14	69667763	69867763	harbor1	chr14	69744480	69744722	LTR/ERV1	1560	+	121	69744601	76838
chr14	69667763	69867763	harbor1	chr14	69730097	69730311	LTR/ERV1	1264	+	107	69730204	62441
chr14	94074221	94274221	harbor1	chr14	94094087	94094460	LTR/ERV1	2588	+	186	94094273	20052
chr14	94074221	94274221	harbor1	chr14	94094515	94094596	LTR/ERV1	500	+	40	94094555	20334
chr14	94074221	94274221	harbor1	chr14	94094572	94094813	LTR/ERV1	944	+	120	94094692	20471
chr14	94074221	94274221	harbor1	chr14	94094817	94095026	LTR/ERV1	1536	+	104	94094921	20700
chr14	76928851	77128851	harbor1	chr14	76980156	76980504	LTR/ERV1	2226	+	174	76980330	51479
chr14	76928811	77128811	harbor1	chr14	76980156	76980504	LTR/ERV1	2226	+	174	76980330	51519
chr14	76928796	77128796	harbor1	chr14	76980156	76980504	LTR/ERV1	2226	+	174	76980330	51534
chr14	51140268	51340268	harbor1	chr14	51148586	51148806	LTR/ERV1	482	+	110	51148696	8428
chr14	51140268	51340268	harbor1	chr14	51150138	51150581	LTR/ERV1	874	+	222	51150360	10092
chr14	51140268	51340268	harbor1	chr14	51155054	51155655	LTR/ERV1	759	+	300	51155354	15086
chr14	51140268	51340268	harbor1	chr14	51164619	51165312	LTR/ERV1	1217	+	346	51164965	24697
chr14	51140268	51340268	harbor1	chr14	51165650	51165778	LTR/ERV1	1705	+	64	51165714	25446
chr14	51140268	51340268	harbor1	chr14	51166389	51167220	LTR/ERV1	1705	+	416	51166805	26537
chr14	91224777	91424777	harbor1	chr14	91265964	91266296	LTR/ERV1	1702	+	166	91266130	41353
chr14	76928421	77128421	harbor1	chr14	76980156	76980504	LTR/ERV1	2226	+	174	76980330	51909
chr14	23249324	23449324	harbor1	chr14	23254931	23255341	LTR/ERV1	2142	+	205	23255136	5812
chr14	23249324	23449324	harbor1	chr14	23287055	23287232	LTR/ERV1	2655	+	88	23287143	37819
chr14	23249324	23449324	harbor1	chr14	23287556	23287803	LTR/ERV1	2655	+	124	23287680	38356
chr14	23249324	23449324	harbor1	chr14	23288108	23288181	LTR/ERV1	2655	+	36	23288144	38820
chr14	23249324	23449324	harbor1	chr14	23288519	23288533	LTR/ERV1	2655	+	7	23288526	39202
chr14	23249324	23449324	harbor1	chr14	23335106	23335298	LTR/ERV1	3242	+	96	23335202	85878
chr14	23249324	23449324	harbor1	chr14	23335608	23336013	LTR/ERV1	3242	+	202	23335810	86486
chr14	23249324	23449324	harbor1	chr14	23336017	23336610	LTR/ERV1	2732	+	296	23336313	86989
chr14	23249324	23449324	harbor1	chr14	23336725	23337068	LTR/ERV1	1412	+	172	23336897	87573
chr14	23249324	23449324	harbor1	chr14	23337068	23337151	LTR/ERV1	8277	+	42	23337110	87786
chr14	23249324	23449324	harbor1	chr14	23337443	23338858	LTR/ERV1	8277	+	708	23338151	88827
chr14	23249324	23449324	harbor1	chr14	23339242	23339848	LTR/ERV1	6551	+	303	23339545	90221
chr14	23249324	23449324	harbor1	chr14	23340220	23341898	LTR/ERV1	8904	+	839	23341059	91735
chr14	23249324	23449324	harbor1	chr14	23342173	23342277	LTR/ERV1	8904	+	52	23342225	92901
chr14	23249324	23449324	harbor1	chr14	23342380	23343346	LTR/ERV1	8904	+	483	23342863	93539
chr14	23249324	23449324	harbor1	chr14	23343319	23343860	LTR/ERV1	6522	+	270	23343589	94265
chr14	23249324	23449324	harbor1	chr14	23344140	23344650	LTR/ERV1	6522	+	255	23344395	95071
chr14	23249324	23449324	harbor1	chr14	23344651	23345236	LTR/ERV1	3406	+	292	23344943	95619
chr14	23054525	23254525	harbor1	chr14	23106682	23107337	LTR/ERV1	2165	+	328	23107010	52485
chr14	23054525	23254525	harbor1	chr14	23124293	23124627	LTR/ERV1	2098	+	167	23124460	69935
chr14	23054525	23254525	harbor1	chr14	23124926	23125107	LTR/ERV1	2098	+	90	23125016	70491
chr14	100185531	100385531	harbor1	chr14	100190160	100190611	LTR/ERV1	2669	+	226	100190386	4855
chr14	100185531	100385531	harbor1	chr14	100204284	100204327	LTR/ERV1	2038	+	22	100204306	18775
chr14	100185531	100385531	harbor1	chr14	100205151	100205177	LTR/ERV1	2038	+	13	100205164	19633
chr14	100185531	100385531	harbor1	chr14	100205470	100205505	LTR/ERV1	2038	+	18	100205488	19957
chr14	100185531	100385531	harbor1	chr14	100204487	100204852	LTR/ERV1	2038	+	182	100204669	19138
chr14	104588146	104788146	harbor1	chr14	104622425	104622944	LTR/ERV1	4091	+	260	104622685	34539
chr14	76928813	77128813	harbor1	chr14	76980156	76980504	LTR/ERV1	2226	+	174	76980330	51517
chr14	105567427	105767427	harbor1	chr14	105609924	105610740	LTR/ERV1	4450	+	408	105610332	42905
chr14	105567427	105767427	harbor1	chr14	105614125	105614230	LTR/ERV1	875	+	52	105614177	46750
chr14	105567427	105767427	harbor1	chr14	105614562	105614861	LTR/ERV1	875	+	150	105614712	47285
chr14	105567427	105767427	harbor1	chr14	105615503	105615632	LTR/ERV1	448	+	64	105615567	48140
chr14	105567427	105767427	harbor1	chr14	105615664	105615974	LTR/ERV1	1107	+	155	105615819	48392
chr14	105567427	105767427	harbor1	chr14	105618879	105619519	LTR/ERV1	1326	+	320	105619199	51772
chr14	105567427	105767427	harbor1	chr14	105633541	105633665	LTR/ERV1	864	+	62	105633603	66176
chr14	105567427	105767427	harbor1	chr14	105633997	105634295	LTR/ERV1	864	+	149	105634146	66719
chr14	105567427	105767427	harbor1	chr14	105634937	105635068	LTR/ERV1	436	+	66	105635003	67576
chr14	105567427	105767427	harbor1	chr14	105635100	105635410	LTR/ERV1	1094	+	155	105635255	67828
chr14	105567427	105767427	harbor1	chr14	105638125	105638753	LTR/ERV1	1324	+	314	105638439	71012
chr14	105567427	105767427	harbor1	chr14	105655563	105656381	LTR/ERV1	4606	+	409	105655972	88545
chr14	105567427	105767427	harbor1	chr14	105661787	105662415	LTR/ERV1	1274	+	314	105662101	94674
chr14	76928830	77128830	harbor1	chr14	76980156	76980504	LTR/ERV1	2226	+	174	76980330	51500
chr14	20990975	21190975	harbor1	chr14	20998034	20998208	LTR/ERV1	782	+	87	20998121	7146
chr14	20990975	21190975	harbor1	chr14	21003288	21003917	LTR/ERV1	4625	+	314	21003602	12627
chr14	20990975	21190975	harbor1	chr14	21004803	21005297	LTR/ERV1	3754	+	247	21005050	14075
chr14	20990975	21190975	harbor1	chr14	21005507	21006081	LTR/ERV1	20398	+	287	21005794	14819
chr14	20990975	21190975	harbor1	chr14	21006154	21006269	LTR/ERV1	20398	+	58	21006212	15237
chr14	20990975	21190975	harbor1	chr14	21006573	21007541	LTR/ERV1	20398	+	484	21007057	16082
chr14	20990975	21190975	harbor1	chr14	21007849	21007966	LTR/ERV1	20398	+	58	21007907	16932
chr14	20990975	21190975	harbor1	chr14	21008279	21009671	LTR/ERV1	20398	+	696	21008975	18000
chr14	20990975	21190975	harbor1	chr14	21009672	21010322	LTR/ERV1	5253	+	325	21009997	19022
chr14	20990975	21190975	harbor1	chr14	21003918	21004810	LTR/ERV1	6713	+	446	21004364	13389
chr14	69667329	69867329	harbor1	chr14	69729468	69729812	LTR/ERV1	1264	+	172	69729640	62311
chr14	69667329	69867329	harbor1	chr14	69744480	69744722	LTR/ERV1	1560	+	121	69744601	77272
chr14	69667329	69867329	harbor1	chr14	69730097	69730311	LTR/ERV1	1264	+	107	69730204	62875
chr14	102040503	102240503	harbor1	chr14	102056022	102056485	LTR/ERV1	3449	+	232	102056254	15751
chr14	102040503	102240503	harbor1	chr14	102057810	102057883	LTR/ERV1	583	+	36	102057846	17343
chr14	102040503	102240503	harbor1	chr14	102057970	102058587	LTR/ERV1	2824	+	308	102058278	17775
chr14	102040503	102240503	harbor1	chr14	102058890	102058980	LTR/ERV1	2824	+	45	102058935	18432
chr14	102040503	102240503	harbor1	chr14	102064726	102065279	LTR/ERV1	4488	+	276	102065002	24499
chr14	102040503	102240503	harbor1	chr14	102116414	102118271	LTR/ERV1	7284	+	928	102117342	76839
chr14	22776770	22976770	harbor1	chr14	22793287	22793529	LTR/ERV1	4995	+	121	22793408	16638
chr14	22776770	22976770	harbor1	chr14	22793832	22794269	LTR/ERV1	4995	+	218	22794050	17280
chr14	23981770	24181770	harbor1	chr14	24020327	24020892	LTR/ERV1	1375	+	282	24020609	38839
chr14	102396870	102596870	harbor1	chr14	102410504	102410681	LTR/ERV1	1086	+	88	102410592	13722
chr14	102396870	102596870	harbor1	chr14	102410683	102410910	LTR/ERV1	1314	+	114	102410797	13927
chr14	102396870	102596870	harbor1	chr14	102410909	102411288	LTR/ERV1	2530	+	190	102411099	14229
chr14	102396870	102596870	harbor1	chr14	102411289	102411706	LTR/ERV1	3076	+	208	102411497	14627
chr14	73659652	73859652	harbor1	chr14	73703339	73703768	LTR/ERV1	3437	+	214	73703553	43901
chr14	73659652	73859652	harbor1	chr14	73703771	73707030	LTR/ERV1	21093	+	1630	73705401	45749
chr14	73659652	73859652	harbor1	chr14	73707021	73707528	LTR/ERV1	3404	+	254	73707275	47623
chr14	73659652	73859652	harbor1	chr14	73707531	73708191	LTR/ERV1	4292	+	330	73707861	48209
chr14	73659652	73859652	harbor1	chr14	73708193	73708409	LTR/ERV1	1412	+	108	73708301	48649
chr14	73659652	73859652	harbor1	chr14	73708408	73708784	LTR/ERV1	2560	+	188	73708596	48944
chr14	73659652	73859652	harbor1	chr14	73708785	73709213	LTR/ERV1	3395	+	214	73708999	49347
chr14	104000741	104200741	harbor1	chr14	104003324	104003506	LTR/ERV1	1200	+	91	104003415	2674
chr14	91474368	91674368	harbor1	chr14	91515714	91516435	LTR/ERV1	3982	+	360	91516074	41706
chr14	91474368	91674368	harbor1	chr14	91568301	91568610	LTR/ERV1	1949	+	154	91568455	94087
chr14	90283195	90483195	harbor1	chr14	90309525	90309728	LTR/ERV1	625	+	102	90309627	26432
chr14	64194361	64394361	harbor1	chr14	64278786	64279350	LTR/ERV1	3327	+	282	64279068	84707
chr14	67499989	67699989	harbor1	chr14	67505095	67505703	LTR/ERV1	1635	+	304	67505399	5410
chr14	67499989	67699989	harbor1	chr14	67505999	67506084	LTR/ERV1	1635	+	42	67506041	6052
chr14	67499989	67699989	harbor1	chr14	67506233	67506435	LTR/ERV1	829	+	101	67506334	6345
chr14	67499989	67699989	harbor1	chr14	67596560	67596981	LTR/ERV1	1099	+	210	67596770	96781
chr14	100182018	100382018	harbor1	chr14	100190160	100190611	LTR/ERV1	2669	+	226	100190386	8368
chr14	100182018	100382018	harbor1	chr14	100204284	100204327	LTR/ERV1	2038	+	22	100204306	22288
chr14	100182018	100382018	harbor1	chr14	100205151	100205177	LTR/ERV1	2038	+	13	100205164	23146
chr14	100182018	100382018	harbor1	chr14	100205470	100205505	LTR/ERV1	2038	+	18	100205488	23470
chr14	100182018	100382018	harbor1	chr14	100204487	100204852	LTR/ERV1	2038	+	182	100204669	22651
chr14	76925476	77125476	harbor1	chr14	76980156	76980504	LTR/ERV1	2226	+	174	76980330	54854
chr14	90283220	90483220	harbor1	chr14	90309525	90309728	LTR/ERV1	625	+	102	90309627	26407
chr14	105554090	105754090	harbor1	chr14	105553921	105554314	LTR/ERV1	7219	+	196	105554117	27
chr14	105554090	105754090	harbor1	chr14	105554608	105554876	LTR/ERV1	7219	+	134	105554742	652
chr14	105554090	105754090	harbor1	chr14	105555805	105556329	LTR/ERV1	7219	+	262	105556067	1977
chr14	105554090	105754090	harbor1	chr14	105556336	105556441	LTR/ERV1	1975	+	52	105556388	2298
chr14	105554090	105754090	harbor1	chr14	105556737	105557091	LTR/ERV1	1975	+	177	105556914	2824
chr14	105554090	105754090	harbor1	chr14	105609924	105610740	LTR/ERV1	4450	+	408	105610332	56242
chr14	105554090	105754090	harbor1	chr14	105614125	105614230	LTR/ERV1	875	+	52	105614177	60087
chr14	105554090	105754090	harbor1	chr14	105614562	105614861	LTR/ERV1	875	+	150	105614712	60622
chr14	105554090	105754090	harbor1	chr14	105615503	105615632	LTR/ERV1	448	+	64	105615567	61477
chr14	105554090	105754090	harbor1	chr14	105615664	105615974	LTR/ERV1	1107	+	155	105615819	61729
chr14	105554090	105754090	harbor1	chr14	105618879	105619519	LTR/ERV1	1326	+	320	105619199	65109
chr14	105554090	105754090	harbor1	chr14	105633541	105633665	LTR/ERV1	864	+	62	105633603	79513
chr14	105554090	105754090	harbor1	chr14	105633997	105634295	LTR/ERV1	864	+	149	105634146	80056
chr14	105554090	105754090	harbor1	chr14	105634937	105635068	LTR/ERV1	436	+	66	105635003	80913
chr14	105554090	105754090	harbor1	chr14	105635100	105635410	LTR/ERV1	1094	+	155	105635255	81165
chr14	105554090	105754090	harbor1	chr14	105638125	105638753	LTR/ERV1	1324	+	314	105638439	84349
chr14	105054599	105254599	harbor1	chr14	105059428	105059826	LTR/ERV1	1918	+	199	105059627	5028
chr14	105054599	105254599	harbor1	chr14	105072182	105072358	LTR/ERV1	527	+	88	105072270	17671
chr14	105054599	105254599	harbor1	chr14	105100749	105101219	LTR/ERV1	2712	+	235	105100984	46385
chr14	105054599	105254599	harbor1	chr14	105128113	105128303	LTR/ERV1	1157	+	95	105128208	73609
chr14	105054599	105254599	harbor1	chr14	105128972	105129306	LTR/ERV1	1687	+	167	105129139	74540
chr14	105054599	105254599	harbor1	chr14	105131106	105131905	LTR/ERV1	3784	+	400	105131506	76907
chr14	105054599	105254599	harbor1	chr14	105132196	105133141	LTR/ERV1	3784	+	472	105132668	78069
chr14	105054599	105254599	harbor1	chr14	105133382	105134395	LTR/ERV1	2890	+	506	105133888	79289
chr15	29169912	29369912	harbor1	chr15	29178461	29178806	LTR/ERV1	1036	+	172	29178633	8721
chr15	29169912	29369912	harbor1	chr15	29222002	29222533	LTR/ERV1	4067	+	266	29222268	52356
chr15	29169912	29369912	harbor1	chr15	29253990	29254134	LTR/ERV1	772	+	72	29254062	84150
chr15	29169912	29369912	harbor1	chr15	29254191	29254558	LTR/ERV1	1119	+	184	29254375	84463
chr15	29169912	29369912	harbor1	chr15	29259352	29259692	LTR/ERV1	1770	+	170	29259522	89610
chr15	29169912	29369912	harbor1	chr15	29259865	29260002	LTR/ERV1	798	+	68	29259933	90021
chr15	74837985	75037985	harbor1	chr15	74876702	74877262	LTR/ERV1	3208	+	280	74876982	38997
chr15	74837985	75037985	harbor1	chr15	74877571	74877599	LTR/ERV1	3208	+	14	74877585	39600
chr15	74837985	75037985	harbor1	chr15	74878215	74878382	LTR/ERV1	3208	+	84	74878299	40314
chr15	74837985	75037985	harbor1	chr15	74880467	74880492	LTR/ERV1	611	+	12	74880479	42494
chr15	74837985	75037985	harbor1	chr15	74880802	74880865	LTR/ERV1	951	+	32	74880834	42849
chr15	74837985	75037985	harbor1	chr15	74881167	74881305	LTR/ERV1	951	+	69	74881236	43251
chr15	74837985	75037985	harbor1	chr15	74882012	74882124	LTR/ERV1	621	+	56	74882068	44083
chr15	101843670	102043670	harbor1	chr15	101855112	101855328	LTR/ERV1	4182	+	108	101855220	11550
chr15	101843670	102043670	harbor1	chr15	101856040	101856127	LTR/ERV1	4182	+	44	101856084	12414
chr15	101843670	102043670	harbor1	chr15	101856428	101857158	LTR/ERV1	4950	+	365	101856793	13123
chr15	101843670	102043670	harbor1	chr15	101857541	101858050	LTR/ERV1	4950	+	254	101857795	14125
chr15	101843670	102043670	harbor1	chr15	101858329	101858702	LTR/ERV1	4950	+	186	101858515	14845
chr15	101843670	102043670	harbor1	chr15	101859703	101859976	LTR/ERV1	2902	+	136	101859839	16169
chr15	101843670	102043670	harbor1	chr15	101860945	101861193	LTR/ERV1	2902	+	124	101861069	17399
chr15	101843670	102043670	harbor1	chr15	101859256	101859449	LTR/ERV1	426	+	96	101859352	15682
chr15	45029576	45229576	harbor1	chr15	45034652	45036266	LTR/ERV1	8568	+	807	45035459	5883
chr15	45029576	45229576	harbor1	chr15	45057154	45057488	LTR/ERV1	884	+	167	45057321	27745
chr15	101728928	101928928	harbor1	chr15	101807186	101807253	LTR/ERV1	686	+	34	101807220	78292
chr15	101728928	101928928	harbor1	chr15	101807626	101807699	LTR/ERV1	686	+	36	101807662	78734
chr15	101728928	101928928	harbor1	chr15	101807784	101807982	LTR/ERV1	1158	+	99	101807883	78955
chr15	24856071	25056071	harbor1	chr15	24858798	24859299	LTR/ERV1	3398	+	250	24859048	2977
chr15	24856071	25056071	harbor1	chr15	24886031	24886514	LTR/ERV1	2703	+	242	24886273	30202
chr15	24856071	25056071	harbor1	chr15	24890067	24890395	LTR/ERV1	1201	+	164	24890231	34160
chr15	24856071	25056071	harbor1	chr15	24890709	24890842	LTR/ERV1	1201	+	66	24890775	34704
chr15	66786957	66986957	harbor1	chr15	66828097	66828524	LTR/ERV1	2674	+	214	66828311	41354
chr15	66786957	66986957	harbor1	chr15	66828978	66829606	LTR/ERV1	4858	+	314	66829292	42335
chr15	66786957	66986957	harbor1	chr15	66857645	66857938	LTR/ERV1	1452	+	146	66857791	70834
chr15	66786957	66986957	harbor1	chr15	66866485	66867037	LTR/ERV1	3642	+	276	66866761	79804
chr15	101861558	102061558	harbor1	chr15	101944451	101944528	LTR/ERV1	631	+	38	101944489	82931
chr15	34109577	34309577	harbor1	chr15	34114411	34115400	LTR/ERV1	4446	+	494	34114905	5328
chr15	34109577	34309577	harbor1	chr15	34121726	34122182	LTR/ERV1	2314	+	228	34121954	12377
chr15	34109577	34309577	harbor1	chr15	34186202	34187495	LTR/ERV1	8549	+	646	34186848	77271
chr15	65277014	65477014	harbor1	chr15	65347477	65347648	LTR/ERV1	4273	+	86	65347563	70549
chr15	65277014	65477014	harbor1	chr15	65347988	65348376	LTR/ERV1	4273	+	194	65348182	71168
chr15	65277014	65477014	harbor1	chr15	65348463	65350041	LTR/ERV1	5097	+	789	65349252	72238
chr15	65277014	65477014	harbor1	chr15	65350026	65350119	LTR/ERV1	686	+	46	65350072	73058
chr15	65277014	65477014	harbor1	chr15	65350765	65351254	LTR/ERV1	10600	+	244	65351009	73995
chr15	65277014	65477014	harbor1	chr15	65351553	65353190	LTR/ERV1	10711	+	818	65352371	75357
chr15	65277014	65477014	harbor1	chr15	65353551	65353892	LTR/ERV1	3162	+	170	65353721	76707
chr15	65277014	65477014	harbor1	chr15	65354203	65354320	LTR/ERV1	3162	+	58	65354261	77247
chr15	101552272	101752272	harbor1	chr15	101559984	101560547	LTR/ERV1	509	+	282	101560266	7994
chr15	101552272	101752272	harbor1	chr15	101598435	101599096	LTR/ERV1	3909	+	330	101598765	46493
chr15	101861545	102061545	harbor1	chr15	101944451	101944528	LTR/ERV1	631	+	38	101944489	82944
chr15	101861594	102061594	harbor1	chr15	101944451	101944528	LTR/ERV1	631	+	38	101944489	82895
chr15	41799530	41999530	harbor1	chr15	41829966	41831281	LTR/ERV1	4071	+	658	41830624	31094
chr15	41799530	41999530	harbor1	chr15	41831573	41832381	LTR/ERV1	4530	+	404	41831977	32447
chr15	24516009	24716009	harbor1	chr15	24525715	24526305	LTR/ERV1	4857	+	295	24526010	10001
chr15	24516009	24716009	harbor1	chr15	24559804	24560413	LTR/ERV1	2659	+	304	24560108	44099
chr15	24516009	24716009	harbor1	chr15	24600515	24601143	LTR/ERV1	3959	+	314	24600829	84820
chr15	96226959	96426959	harbor1	chr15	96233625	96233953	LTR/ERV1	1647	+	164	96233789	6830
chr15	38153030	38353030	harbor1	chr15	38220950	38221492	LTR/ERV1	492	+	271	38221221	68191
chr15	35443658	35643658	harbor1	chr15	35443248	35443701	LTR/ERV1	566	+	226	35443474	184
chr15	101854275	102054275	harbor1	chr15	101855112	101855328	LTR/ERV1	4182	+	108	101855220	945
chr15	101854275	102054275	harbor1	chr15	101856040	101856127	LTR/ERV1	4182	+	44	101856084	1809
chr15	101854275	102054275	harbor1	chr15	101856428	101857158	LTR/ERV1	4950	+	365	101856793	2518
chr15	101854275	102054275	harbor1	chr15	101857541	101858050	LTR/ERV1	4950	+	254	101857795	3520
chr15	101854275	102054275	harbor1	chr15	101858329	101858702	LTR/ERV1	4950	+	186	101858515	4240
chr15	101854275	102054275	harbor1	chr15	101859703	101859976	LTR/ERV1	2902	+	136	101859839	5564
chr15	101854275	102054275	harbor1	chr15	101860945	101861193	LTR/ERV1	2902	+	124	101861069	6794
chr15	101854275	102054275	harbor1	chr15	101944451	101944528	LTR/ERV1	631	+	38	101944489	90214
chr15	101854275	102054275	harbor1	chr15	101859256	101859449	LTR/ERV1	426	+	96	101859352	5077
chr15	29332978	29532978	harbor1	chr15	29385679	29386466	LTR/ERV1	5338	+	394	29386073	53095
chr15	69999084	70199084	harbor1	chr15	70022117	70022308	LTR/ERV1	1190	+	96	70022213	23129
chr15	45029523	45229523	harbor1	chr15	45034652	45036266	LTR/ERV1	8568	+	807	45035459	5936
chr15	45029523	45229523	harbor1	chr15	45057154	45057488	LTR/ERV1	884	+	167	45057321	27798
chr15	101861669	102061669	harbor1	chr15	101944451	101944528	LTR/ERV1	631	+	38	101944489	82820
chr15	29332340	29532340	harbor1	chr15	29385679	29386466	LTR/ERV1	5338	+	394	29386073	53733
chr15	19973464	20173464	harbor1	chr15	19976019	19976121	LTR/ERV1	546	+	51	19976070	2606
chr15	19973464	20173464	harbor1	chr15	19993017	19993431	LTR/ERV1	571	+	207	19993224	19760
chr15	19973464	20173464	harbor1	chr15	19993438	19994310	LTR/ERV1	4125	+	436	19993874	20410
chr15	19973464	20173464	harbor1	chr15	20039063	20039292	LTR/ERV1	1661	+	114	20039177	65713
chr15	19973464	20173464	harbor1	chr15	20039603	20040081	LTR/ERV1	2758	+	239	20039842	66378
chr15	19973464	20173464	harbor1	chr15	20048919	20049257	LTR/ERV1	1521	+	169	20049088	75624
chr15	19973464	20173464	harbor1	chr15	20051814	20052602	LTR/ERV1	1350	+	394	20052208	78744
chr15	19973464	20173464	harbor1	chr15	20070228	20070589	LTR/ERV1	1246	+	180	20070408	96944
chr15	63405330	63605330	harbor1	chr15	63434646	63435329	LTR/ERV1	3195	+	342	63434988	29658
chr15	63405330	63605330	harbor1	chr15	63435598	63436302	LTR/ERV1	4299	+	352	63435950	30620
chr15	63405330	63605330	harbor1	chr15	63458891	63460258	LTR/ERV1	8158	+	684	63459575	54245
chr15	29332920	29532920	harbor1	chr15	29385679	29386466	LTR/ERV1	5338	+	394	29386073	53153
chr15	60551362	60751362	harbor1	chr15	60553545	60554099	LTR/ERV1	2734	+	277	60553822	2460
chr15	60551362	60751362	harbor1	chr15	60561711	60561942	LTR/ERV1	1631	+	116	60561827	10465
chr15	60551362	60751362	harbor1	chr15	60562235	60562246	LTR/ERV1	1631	+	6	60562241	10879
chr15	60551362	60751362	harbor1	chr15	60562877	60563086	LTR/ERV1	1631	+	104	60562981	11619
chr15	34237807	34437807	harbor1	chr15	34262070	34263014	LTR/ERV1	3012	+	472	34262542	24735
chr15	68960308	69160308	harbor1	chr15	68984157	68984654	LTR/ERV1	3165	+	248	68984405	24097
chr15	68960308	69160308	harbor1	chr15	68988107	68988561	LTR/ERV1	3759	+	227	68988334	28026
chr15	68960308	69160308	harbor1	chr15	68988566	68988936	LTR/ERV1	1952	+	185	68988751	28443
chr15	68960308	69160308	harbor1	chr15	69007652	69008127	LTR/ERV1	3356	+	238	69007890	47582
chr15	68960308	69160308	harbor1	chr15	69016843	69017137	LTR/ERV1	3099	+	147	69016990	56682
chr15	68960308	69160308	harbor1	chr15	69017452	69017760	LTR/ERV1	3099	+	154	69017606	57298
chr15	68960308	69160308	harbor1	chr15	69018317	69018440	LTR/ERV1	756	+	62	69018379	58071
chr15	69999137	70199137	harbor1	chr15	70022117	70022308	LTR/ERV1	1190	+	96	70022213	23076
chr15	100113871	100313871	harbor1	chr15	100149341	100149835	LTR/ERV1	2438	+	247	100149588	35717
chr15	100113871	100313871	harbor1	chr15	100172320	100172935	LTR/ERV1	2676	+	308	100172628	58757
chr15	100113871	100313871	harbor1	chr15	100173149	100173695	LTR/ERV1	3127	+	273	100173422	59551
chr15	74702668	74902668	harbor1	chr15	74716187	74716312	LTR/ERV1	758	+	62	74716249	13581
chr15	29169385	29369385	harbor1	chr15	29178461	29178806	LTR/ERV1	1036	+	172	29178633	9248
chr15	29169385	29369385	harbor1	chr15	29222002	29222533	LTR/ERV1	4067	+	266	29222268	52883
chr15	29169385	29369385	harbor1	chr15	29253990	29254134	LTR/ERV1	772	+	72	29254062	84677
chr15	29169385	29369385	harbor1	chr15	29254191	29254558	LTR/ERV1	1119	+	184	29254375	84990
chr15	29169385	29369385	harbor1	chr15	29259352	29259692	LTR/ERV1	1770	+	170	29259522	90137
chr15	29169385	29369385	harbor1	chr15	29259865	29260002	LTR/ERV1	798	+	68	29259933	90548
chr15	71630113	71830113	harbor1	chr15	71650504	71650891	LTR/ERV1	2962	+	194	71650698	20585
chr15	73799625	73999625	harbor1	chr15	73891377	73892853	LTR/ERV1	7547	+	738	73892115	92490
chr15	101623861	101823861	harbor1	chr15	101696607	101697263	LTR/ERV1	2695	+	328	101696935	73074
chr15	73895408	74095408	harbor1	chr15	73962999	73963767	LTR/ERV1	5760	+	384	73963383	67975
chr15	73895408	74095408	harbor1	chr15	73975199	73975370	LTR/ERV1	837	+	86	73975285	79877
chr15	73895408	74095408	harbor1	chr15	73973578	73974992	LTR/ERV1	9949	+	707	73974285	78877
chr16	2198372	2398372	harbor1	chr16	2258735	2258831	LTR/ERV1	626	+	48	2258783	60411
chr16	2198372	2398372	harbor1	chr16	2259141	2259607	LTR/ERV1	4147	+	233	2259374	61002
chr16	2198372	2398372	harbor1	chr16	2259901	2260147	LTR/ERV1	4147	+	123	2260024	61652
chr16	2198372	2398372	harbor1	chr16	2260399	2260848	LTR/ERV1	4147	+	224	2260623	62251
chr16	2198372	2398372	harbor1	chr16	2261145	2261551	LTR/ERV1	2406	+	203	2261348	62976
chr16	2198372	2398372	harbor1	chr16	2261552	2262137	LTR/ERV1	3537	+	292	2261844	63472
chr16	67009864	67209864	harbor1	chr16	67011897	67012057	LTR/ERV1	1877	+	80	67011977	2113
chr16	67009864	67209864	harbor1	chr16	67012358	67012614	LTR/ERV1	1877	+	128	67012486	2622
chr16	4016559	4216559	harbor1	chr16	4026830	4027367	LTR/ERV1	1877	+	268	4027098	10539
chr16	4016559	4216559	harbor1	chr16	4071400	4071809	LTR/ERV1	1547	+	204	4071604	55045
chr16	4016559	4216559	harbor1	chr16	4072008	4072247	LTR/ERV1	998	+	120	4072128	55569
chr16	88717991	88917991	harbor1	chr16	88813681	88814167	LTR/ERV1	999	+	243	88813924	95933
chr16	688340	888340	harbor1	chr16	753382	753654	LTR/ERV1	1294	+	136	753518	65178
chr16	688340	888340	harbor1	chr16	753723	753859	LTR/ERV1	695	+	68	753791	65451
chr16	688340	888340	harbor1	chr16	754162	754367	LTR/ERV1	695	+	102	754264	65924
chr16	688340	888340	harbor1	chr16	754656	754667	LTR/ERV1	695	+	6	754662	66322
chr16	688340	888340	harbor1	chr16	777756	778061	LTR/ERV1	717	+	152	777908	89568
chr16	28503971	28703971	harbor1	chr16	28523218	28523489	LTR/ERV1	618	+	136	28523354	19383
chr16	28503971	28703971	harbor1	chr16	28523623	28523711	LTR/ERV1	618	+	44	28523667	19696
chr16	28503971	28703971	harbor1	chr16	28523718	28524155	LTR/ERV1	2504	+	218	28523936	19965
chr16	28503971	28703971	harbor1	chr16	28524709	28525131	LTR/ERV1	2410	+	211	28524920	20949
chr16	28503971	28703971	harbor1	chr16	28525749	28526077	LTR/ERV1	2546	+	164	28525913	21942
chr16	28503971	28703971	harbor1	chr16	28526224	28526649	LTR/ERV1	1983	+	212	28526436	22465
chr16	28503971	28703971	harbor1	chr16	28598226	28598739	LTR/ERV1	2675	+	256	28598482	94511
chr16	28503971	28703971	harbor1	chr16	28599048	28599113	LTR/ERV1	2675	+	32	28599080	95109
chr16	28503971	28703971	harbor1	chr16	28602566	28603092	LTR/ERV1	2774	+	263	28602829	98858
chr16	28503971	28703971	harbor1	chr16	28603424	28603469	LTR/ERV1	2774	+	22	28603446	99475
chr16	67009917	67209917	harbor1	chr16	67011897	67012057	LTR/ERV1	1877	+	80	67011977	2060
chr16	67009917	67209917	harbor1	chr16	67012358	67012614	LTR/ERV1	1877	+	128	67012486	2569
chr16	73379	273379	harbor1	chr16	74663	75026	LTR/ERV1	2084	+	182	74845	1466
chr16	66812746	67012746	harbor1	chr16	66896616	66897052	LTR/ERV1	3380	+	218	66896834	84088
chr16	686536	886536	harbor1	chr16	753382	753654	LTR/ERV1	1294	+	136	753518	66982
chr16	686536	886536	harbor1	chr16	753723	753859	LTR/ERV1	695	+	68	753791	67255
chr16	686536	886536	harbor1	chr16	754162	754367	LTR/ERV1	695	+	102	754264	67728
chr16	686536	886536	harbor1	chr16	754656	754667	LTR/ERV1	695	+	6	754662	68126
chr16	686536	886536	harbor1	chr16	777756	778061	LTR/ERV1	717	+	152	777908	91372
chr16	53030875	53230875	harbor1	chr16	53032712	53032738	LTR/ERV1	728	+	13	53032725	1850
chr16	53030875	53230875	harbor1	chr16	53033032	53033159	LTR/ERV1	728	+	64	53033096	2221
chr16	53030875	53230875	harbor1	chr16	53033160	53033674	LTR/ERV1	2501	+	257	53033417	2542
chr16	53030875	53230875	harbor1	chr16	53036545	53036942	LTR/ERV1	1158	+	198	53036743	5868
chr16	53030875	53230875	harbor1	chr16	53037234	53037265	LTR/ERV1	1158	+	16	53037250	6375
chr16	700640	900640	harbor1	chr16	753382	753654	LTR/ERV1	1294	+	136	753518	52878
chr16	700640	900640	harbor1	chr16	753723	753859	LTR/ERV1	695	+	68	753791	53151
chr16	700640	900640	harbor1	chr16	754162	754367	LTR/ERV1	695	+	102	754264	53624
chr16	700640	900640	harbor1	chr16	754656	754667	LTR/ERV1	695	+	6	754662	54022
chr16	700640	900640	harbor1	chr16	777756	778061	LTR/ERV1	717	+	152	777908	77268
chr16	422591	622591	harbor1	chr16	483277	484114	LTR/ERV1	4267	+	418	483695	61104
chr16	2836774	3036774	harbor1	chr16	2844182	2844409	LTR/ERV1	780	+	114	2844296	7522
chr16	2836774	3036774	harbor1	chr16	2844543	2844610	LTR/ERV1	780	+	34	2844577	7803
chr16	2836774	3036774	harbor1	chr16	2845652	2845686	LTR/ERV1	2118	+	17	2845669	8895
chr16	2836774	3036774	harbor1	chr16	2845687	2846020	LTR/ERV1	3830	+	166	2845853	9079
chr16	2836774	3036774	harbor1	chr16	2846328	2846695	LTR/ERV1	3830	+	184	2846512	9738
chr16	2836774	3036774	harbor1	chr16	2846696	2847174	LTR/ERV1	2118	+	239	2846935	10161
chr16	2836774	3036774	harbor1	chr16	2866339	2866728	LTR/ERV1	1403	+	194	2866533	29759
chr16	2836774	3036774	harbor1	chr16	2879667	2880445	LTR/ERV1	3148	+	389	2880056	43282
chr16	2836774	3036774	harbor1	chr16	2907335	2907834	LTR/ERV1	3841	+	250	2907585	70811
chr16	72525	272525	harbor1	chr16	74663	75026	LTR/ERV1	2084	+	182	74845	2320
chr16	4016535	4216535	harbor1	chr16	4026830	4027367	LTR/ERV1	1877	+	268	4027098	10563
chr16	4016535	4216535	harbor1	chr16	4071400	4071809	LTR/ERV1	1547	+	204	4071604	55069
chr16	4016535	4216535	harbor1	chr16	4072008	4072247	LTR/ERV1	998	+	120	4072128	55593
chr16	1	167641	harbor1	chr16	27849	28407	LTR/ERV1	1042	+	279	28128	28127
chr16	1	167641	harbor1	chr16	41012	41496	LTR/ERV1	3445	+	242	41254	41253
chr16	1	167641	harbor1	chr16	41497	42751	LTR/ERV1	5592	+	627	42124	42123
chr16	1	167641	harbor1	chr16	42729	43450	LTR/ERV1	4199	+	360	43089	43088
chr16	1	167641	harbor1	chr16	43897	44027	LTR/ERV1	2023	+	65	43962	43961
chr16	1	167641	harbor1	chr16	44342	44709	LTR/ERV1	2023	+	184	44526	44525
chr16	1	167641	harbor1	chr16	44715	46385	LTR/ERV1	7723	+	835	45550	45549
chr16	1	167641	harbor1	chr16	74663	75026	LTR/ERV1	2084	+	182	74845	74844
chr16	2226331	2426331	harbor1	chr16	2258735	2258831	LTR/ERV1	626	+	48	2258783	32452
chr16	2226331	2426331	harbor1	chr16	2259141	2259607	LTR/ERV1	4147	+	233	2259374	33043
chr16	2226331	2426331	harbor1	chr16	2259901	2260147	LTR/ERV1	4147	+	123	2260024	33693
chr16	2226331	2426331	harbor1	chr16	2260399	2260848	LTR/ERV1	4147	+	224	2260623	34292
chr16	2226331	2426331	harbor1	chr16	2261145	2261551	LTR/ERV1	2406	+	203	2261348	35017
chr16	2226331	2426331	harbor1	chr16	2261552	2262137	LTR/ERV1	3537	+	292	2261844	35513
chr16	56533856	56733856	harbor1	chr16	56540102	56540554	LTR/ERV1	2561	+	226	56540328	6472
chr16	56533856	56733856	harbor1	chr16	56541040	56541195	LTR/ERV1	974	+	78	56541118	7262
chr16	2198417	2398417	harbor1	chr16	2258735	2258831	LTR/ERV1	626	+	48	2258783	60366
chr16	2198417	2398417	harbor1	chr16	2259141	2259607	LTR/ERV1	4147	+	233	2259374	60957
chr16	2198417	2398417	harbor1	chr16	2259901	2260147	LTR/ERV1	4147	+	123	2260024	61607
chr16	2198417	2398417	harbor1	chr16	2260399	2260848	LTR/ERV1	4147	+	224	2260623	62206
chr16	2198417	2398417	harbor1	chr16	2261145	2261551	LTR/ERV1	2406	+	203	2261348	62931
chr16	2198417	2398417	harbor1	chr16	2261552	2262137	LTR/ERV1	3537	+	292	2261844	63427
chr16	1892531	2092531	harbor1	chr16	1943652	1943800	LTR/ERV1	4838	+	74	1943726	51195
chr16	1892531	2092531	harbor1	chr16	1944109	1944737	LTR/ERV1	4838	+	314	1944423	51892
chr16	71269665	71469665	harbor1	chr16	71275877	71276275	LTR/ERV1	2687	+	199	71276076	6411
chr16	71269665	71469665	harbor1	chr16	71276755	71277225	LTR/ERV1	1695	+	235	71276990	7325
chr16	71269665	71469665	harbor1	chr16	71324433	71324754	LTR/ERV1	2167	+	160	71324593	54928
chr16	71269665	71469665	harbor1	chr16	71325236	71325373	LTR/ERV1	2167	+	68	71325304	55639
chr16	240731	440731	harbor1	chr16	278988	279415	LTR/ERV1	2416	+	214	279202	38471
chr16	240731	440731	harbor1	chr16	303181	303384	LTR/ERV1	2289	+	102	303283	62552
chr16	240731	440731	harbor1	chr16	303682	303812	LTR/ERV1	2289	+	65	303747	63016
chr16	1	167633	harbor1	chr16	27849	28407	LTR/ERV1	1042	+	279	28128	28127
chr16	1	167633	harbor1	chr16	41012	41496	LTR/ERV1	3445	+	242	41254	41253
chr16	1	167633	harbor1	chr16	41497	42751	LTR/ERV1	5592	+	627	42124	42123
chr16	1	167633	harbor1	chr16	42729	43450	LTR/ERV1	4199	+	360	43089	43088
chr16	1	167633	harbor1	chr16	43897	44027	LTR/ERV1	2023	+	65	43962	43961
chr16	1	167633	harbor1	chr16	44342	44709	LTR/ERV1	2023	+	184	44526	44525
chr16	1	167633	harbor1	chr16	44715	46385	LTR/ERV1	7723	+	835	45550	45549
chr16	1	167633	harbor1	chr16	74663	75026	LTR/ERV1	2084	+	182	74845	74844
chr16	1600271	1800271	harbor1	chr16	1690335	1690523	LTR/ERV1	931	+	94	1690429	90158
chr16	2198460	2398460	harbor1	chr16	2258735	2258831	LTR/ERV1	626	+	48	2258783	60323
chr16	2198460	2398460	harbor1	chr16	2259141	2259607	LTR/ERV1	4147	+	233	2259374	60914
chr16	2198460	2398460	harbor1	chr16	2259901	2260147	LTR/ERV1	4147	+	123	2260024	61564
chr16	2198460	2398460	harbor1	chr16	2260399	2260848	LTR/ERV1	4147	+	224	2260623	62163
chr16	2198460	2398460	harbor1	chr16	2261145	2261551	LTR/ERV1	2406	+	203	2261348	62888
chr16	2198460	2398460	harbor1	chr16	2261552	2262137	LTR/ERV1	3537	+	292	2261844	63384
chr16	1	167676	harbor1	chr16	27849	28407	LTR/ERV1	1042	+	279	28128	28127
chr16	1	167676	harbor1	chr16	41012	41496	LTR/ERV1	3445	+	242	41254	41253
chr16	1	167676	harbor1	chr16	41497	42751	LTR/ERV1	5592	+	627	42124	42123
chr16	1	167676	harbor1	chr16	42729	43450	LTR/ERV1	4199	+	360	43089	43088
chr16	1	167676	harbor1	chr16	43897	44027	LTR/ERV1	2023	+	65	43962	43961
chr16	1	167676	harbor1	chr16	44342	44709	LTR/ERV1	2023	+	184	44526	44525
chr16	1	167676	harbor1	chr16	44715	46385	LTR/ERV1	7723	+	835	45550	45549
chr16	1	167676	harbor1	chr16	74663	75026	LTR/ERV1	2084	+	182	74845	74844
chr16	1892189	2092189	harbor1	chr16	1943652	1943800	LTR/ERV1	4838	+	74	1943726	51537
chr16	1892189	2092189	harbor1	chr16	1944109	1944737	LTR/ERV1	4838	+	314	1944423	52234
chr16	1210306	1410306	harbor1	chr16	1294652	1294839	LTR/ERV1	1031	+	94	1294746	84440
chr16	1210306	1410306	harbor1	chr16	1295147	1295245	LTR/ERV1	2407	+	49	1295196	84890
chr16	1210306	1410306	harbor1	chr16	1295551	1295901	LTR/ERV1	2407	+	175	1295726	85420
chr16	1210306	1410306	harbor1	chr16	1297389	1297516	LTR/ERV1	751	+	64	1297453	87147
chr16	700514	900514	harbor1	chr16	753382	753654	LTR/ERV1	1294	+	136	753518	53004
chr16	700514	900514	harbor1	chr16	753723	753859	LTR/ERV1	695	+	68	753791	53277
chr16	700514	900514	harbor1	chr16	754162	754367	LTR/ERV1	695	+	102	754264	53750
chr16	700514	900514	harbor1	chr16	754656	754667	LTR/ERV1	695	+	6	754662	54148
chr16	700514	900514	harbor1	chr16	777756	778061	LTR/ERV1	717	+	152	777908	77394
chr16	456244	656244	harbor1	chr16	483277	484114	LTR/ERV1	4267	+	418	483695	27451
chr16	57884915	58084915	harbor1	chr16	57910045	57910363	LTR/ERV1	3218	+	159	57910204	25289
chr16	57884915	58084915	harbor1	chr16	57910674	57910969	LTR/ERV1	3218	+	148	57910822	25907
chr16	455849	655849	harbor1	chr16	483277	484114	LTR/ERV1	4267	+	418	483695	27846
chr16	71269741	71469741	harbor1	chr16	71275877	71276275	LTR/ERV1	2687	+	199	71276076	6335
chr16	71269741	71469741	harbor1	chr16	71276755	71277225	LTR/ERV1	1695	+	235	71276990	7249
chr16	71269741	71469741	harbor1	chr16	71324433	71324754	LTR/ERV1	2167	+	160	71324593	54852
chr16	71269741	71469741	harbor1	chr16	71325236	71325373	LTR/ERV1	2167	+	68	71325304	55563
chr16	1517721	1717721	harbor1	chr16	1573886	1574283	LTR/ERV1	1099	+	198	1574084	56363
chr16	66905482	67105482	harbor1	chr16	66974097	66975386	LTR/ERV1	9139	+	644	66974741	69259
chr16	699537	899537	harbor1	chr16	753382	753654	LTR/ERV1	1294	+	136	753518	53981
chr16	699537	899537	harbor1	chr16	753723	753859	LTR/ERV1	695	+	68	753791	54254
chr16	699537	899537	harbor1	chr16	754162	754367	LTR/ERV1	695	+	102	754264	54727
chr16	699537	899537	harbor1	chr16	754656	754667	LTR/ERV1	695	+	6	754662	55125
chr16	699537	899537	harbor1	chr16	777756	778061	LTR/ERV1	717	+	152	777908	78371
chr16	700506	900506	harbor1	chr16	753382	753654	LTR/ERV1	1294	+	136	753518	53012
chr16	700506	900506	harbor1	chr16	753723	753859	LTR/ERV1	695	+	68	753791	53285
chr16	700506	900506	harbor1	chr16	754162	754367	LTR/ERV1	695	+	102	754264	53758
chr16	700506	900506	harbor1	chr16	754656	754667	LTR/ERV1	695	+	6	754662	54156
chr16	700506	900506	harbor1	chr16	777756	778061	LTR/ERV1	717	+	152	777908	77402
chr16	57884963	58084963	harbor1	chr16	57910045	57910363	LTR/ERV1	3218	+	159	57910204	25241
chr16	57884963	58084963	harbor1	chr16	57910674	57910969	LTR/ERV1	3218	+	148	57910822	25859
chr16	56832289	57032289	harbor1	chr16	56864423	56864885	LTR/ERV1	3639	+	231	56864654	32365
chr16	456280	656280	harbor1	chr16	483277	484114	LTR/ERV1	4267	+	418	483695	27415
chr16	700537	900537	harbor1	chr16	753382	753654	LTR/ERV1	1294	+	136	753518	52981
chr16	700537	900537	harbor1	chr16	753723	753859	LTR/ERV1	695	+	68	753791	53254
chr16	700537	900537	harbor1	chr16	754162	754367	LTR/ERV1	695	+	102	754264	53727
chr16	700537	900537	harbor1	chr16	754656	754667	LTR/ERV1	695	+	6	754662	54125
chr16	700537	900537	harbor1	chr16	777756	778061	LTR/ERV1	717	+	152	777908	77371
chr16	30087207	30287207	harbor1	chr16	30096876	30097207	LTR/ERV1	1422	+	166	30097042	9835
chr16	30087207	30287207	harbor1	chr16	30099417	30099721	LTR/ERV1	13918	+	152	30099569	12362
chr16	30087207	30287207	harbor1	chr16	30100063	30101001	LTR/ERV1	13918	+	469	30100532	13325
chr16	30087207	30287207	harbor1	chr16	30101276	30102246	LTR/ERV1	13918	+	485	30101761	14554
chr16	30087207	30287207	harbor1	chr16	30102244	30103835	LTR/ERV1	10306	+	796	30103040	15833
chr16	30087207	30287207	harbor1	chr16	30103884	30104167	LTR/ERV1	1304	+	142	30104026	16819
chr16	30087207	30287207	harbor1	chr16	30132198	30132434	LTR/ERV1	3720	+	118	30132316	45109
chr16	30087207	30287207	harbor1	chr16	30132743	30133180	LTR/ERV1	3720	+	218	30132961	45754
chr16	30087207	30287207	harbor1	chr16	30097209	30099040	LTR/ERV1	11309	+	916	30098125	10918
chr16	57884933	58084933	harbor1	chr16	57910045	57910363	LTR/ERV1	3218	+	159	57910204	25271
chr16	57884933	58084933	harbor1	chr16	57910674	57910969	LTR/ERV1	3218	+	148	57910822	25889
chr16	47349128	47549128	harbor1	chr16	47370155	47370525	LTR/ERV1	1995	+	185	47370340	21212
chr16	47349128	47549128	harbor1	chr16	47370519	47370891	LTR/ERV1	890	+	186	47370705	21577
chr16	47349128	47549128	harbor1	chr16	47374075	47374253	LTR/ERV1	720	+	89	47374164	25036
chr16	47349128	47549128	harbor1	chr16	47388690	47389168	LTR/ERV1	3864	+	239	47388929	39801
chr16	2198397	2398397	harbor1	chr16	2258735	2258831	LTR/ERV1	626	+	48	2258783	60386
chr16	2198397	2398397	harbor1	chr16	2259141	2259607	LTR/ERV1	4147	+	233	2259374	60977
chr16	2198397	2398397	harbor1	chr16	2259901	2260147	LTR/ERV1	4147	+	123	2260024	61627
chr16	2198397	2398397	harbor1	chr16	2260399	2260848	LTR/ERV1	4147	+	224	2260623	62226
chr16	2198397	2398397	harbor1	chr16	2261145	2261551	LTR/ERV1	2406	+	203	2261348	62951
chr16	2198397	2398397	harbor1	chr16	2261552	2262137	LTR/ERV1	3537	+	292	2261844	63447
chr16	89608858	89808858	harbor1	chr16	89610017	89610598	LTR/ERV1	1360	+	290	89610307	1449
chr16	89608858	89808858	harbor1	chr16	89671224	89671407	LTR/ERV1	858	+	92	89671316	62458
chr16	89608858	89808858	harbor1	chr16	89672252	89672492	LTR/ERV1	1046	+	120	89672372	63514
chr16	89608858	89808858	harbor1	chr16	89672501	89673437	LTR/ERV1	2982	+	468	89672969	64111
chr16	89608858	89808858	harbor1	chr16	89673731	89673796	LTR/ERV1	2982	+	32	89673763	64905
chr16	89608858	89808858	harbor1	chr16	89673844	89674000	LTR/ERV1	587	+	78	89673922	65064
chr16	89608858	89808858	harbor1	chr16	89675151	89675175	LTR/ERV1	1003	+	12	89675163	66305
chr16	89608858	89808858	harbor1	chr16	89675764	89675941	LTR/ERV1	1003	+	88	89675852	66994
chr16	89608858	89808858	harbor1	chr16	89676428	89676610	LTR/ERV1	1485	+	91	89676519	67661
chr16	89608858	89808858	harbor1	chr16	89676917	89677226	LTR/ERV1	1485	+	154	89677071	68213
chr16	89608858	89808858	harbor1	chr16	89678245	89678466	LTR/ERV1	768	+	110	89678355	69497
chr16	89608858	89808858	harbor1	chr16	89678540	89678622	LTR/ERV1	2847	+	41	89678581	69723
chr16	89608858	89808858	harbor1	chr16	89679232	89679539	LTR/ERV1	3400	+	154	89679386	70528
chr16	89608858	89808858	harbor1	chr16	89679846	89679902	LTR/ERV1	3400	+	28	89679874	71016
chr16	89608858	89808858	harbor1	chr16	89680511	89680778	LTR/ERV1	3400	+	134	89680645	71787
chr16	89608858	89808858	harbor1	chr16	89681395	89681734	LTR/ERV1	3400	+	170	89681565	72707
chr16	89608858	89808858	harbor1	chr16	89682033	89682446	LTR/ERV1	3400	+	206	89682239	73381
chr16	89608858	89808858	harbor1	chr16	89683460	89683677	LTR/ERV1	1116	+	108	89683568	74710
chr16	89608858	89808858	harbor1	chr16	89683981	89684187	LTR/ERV1	1028	+	103	89684084	75226
chr16	54836870	55036870	harbor1	chr16	54884164	54884417	LTR/ERV1	1639	+	126	54884290	47420
chr16	54836870	55036870	harbor1	chr16	54884418	54884760	LTR/ERV1	2163	+	171	54884589	47719
chr16	54836870	55036870	harbor1	chr16	54884761	54885009	LTR/ERV1	1639	+	124	54884885	48015
chr16	54836870	55036870	harbor1	chr16	54885939	54886551	LTR/ERV1	4372	+	306	54886245	49375
chr16	1	167624	harbor1	chr16	27849	28407	LTR/ERV1	1042	+	279	28128	28127
chr16	1	167624	harbor1	chr16	41012	41496	LTR/ERV1	3445	+	242	41254	41253
chr16	1	167624	harbor1	chr16	41497	42751	LTR/ERV1	5592	+	627	42124	42123
chr16	1	167624	harbor1	chr16	42729	43450	LTR/ERV1	4199	+	360	43089	43088
chr16	1	167624	harbor1	chr16	43897	44027	LTR/ERV1	2023	+	65	43962	43961
chr16	1	167624	harbor1	chr16	44342	44709	LTR/ERV1	2023	+	184	44526	44525
chr16	1	167624	harbor1	chr16	44715	46385	LTR/ERV1	7723	+	835	45550	45549
chr16	1	167624	harbor1	chr16	74663	75026	LTR/ERV1	2084	+	182	74845	74844
chr16	427637	627637	harbor1	chr16	483277	484114	LTR/ERV1	4267	+	418	483695	56058
chr16	67979040	68179040	harbor1	chr16	67982094	67983447	LTR/ERV1	9707	+	676	67982770	3730
chr16	67979040	68179040	harbor1	chr16	67998033	67999459	LTR/ERV1	10511	+	713	67998746	19706
chr16	67979040	68179040	harbor1	chr16	68030178	68030307	LTR/ERV1	632	+	64	68030242	51202
chr16	67979040	68179040	harbor1	chr16	68031050	68031171	LTR/ERV1	1526	+	60	68031110	52070
chr16	67979040	68179040	harbor1	chr16	68031463	68031662	LTR/ERV1	1526	+	100	68031563	52523
chr16	1908240	2108240	harbor1	chr16	1943652	1943800	LTR/ERV1	4838	+	74	1943726	35486
chr16	1908240	2108240	harbor1	chr16	1944109	1944737	LTR/ERV1	4838	+	314	1944423	36183
chr16	700633	900633	harbor1	chr16	753382	753654	LTR/ERV1	1294	+	136	753518	52885
chr16	700633	900633	harbor1	chr16	753723	753859	LTR/ERV1	695	+	68	753791	53158
chr16	700633	900633	harbor1	chr16	754162	754367	LTR/ERV1	695	+	102	754264	53631
chr16	700633	900633	harbor1	chr16	754656	754667	LTR/ERV1	695	+	6	754662	54029
chr16	700633	900633	harbor1	chr16	777756	778061	LTR/ERV1	717	+	152	777908	77275
chr16	4016523	4216523	harbor1	chr16	4026830	4027367	LTR/ERV1	1877	+	268	4027098	10575
chr16	4016523	4216523	harbor1	chr16	4071400	4071809	LTR/ERV1	1547	+	204	4071604	55081
chr16	4016523	4216523	harbor1	chr16	4072008	4072247	LTR/ERV1	998	+	120	4072128	55605
chr16	2869886	3069886	harbor1	chr16	2879667	2880445	LTR/ERV1	3148	+	389	2880056	10170
chr16	2869886	3069886	harbor1	chr16	2907335	2907834	LTR/ERV1	3841	+	250	2907585	37699
chr16	67009907	67209907	harbor1	chr16	67011897	67012057	LTR/ERV1	1877	+	80	67011977	2070
chr16	67009907	67209907	harbor1	chr16	67012358	67012614	LTR/ERV1	1877	+	128	67012486	2579
chr16	1678395	1878395	harbor1	chr16	1690335	1690523	LTR/ERV1	931	+	94	1690429	12034
chr16	454757	654757	harbor1	chr16	483277	484114	LTR/ERV1	4267	+	418	483695	28938
chr16	700659	900659	harbor1	chr16	753382	753654	LTR/ERV1	1294	+	136	753518	52859
chr16	700659	900659	harbor1	chr16	753723	753859	LTR/ERV1	695	+	68	753791	53132
chr16	700659	900659	harbor1	chr16	754162	754367	LTR/ERV1	695	+	102	754264	53605
chr16	700659	900659	harbor1	chr16	754656	754667	LTR/ERV1	695	+	6	754662	54003
chr16	700659	900659	harbor1	chr16	777756	778061	LTR/ERV1	717	+	152	777908	77249
chr16	56464967	56664967	harbor1	chr16	56526989	56527538	LTR/ERV1	2500	+	274	56527263	62296
chr16	56464967	56664967	harbor1	chr16	56540102	56540554	LTR/ERV1	2561	+	226	56540328	75361
chr16	56464967	56664967	harbor1	chr16	56541040	56541195	LTR/ERV1	974	+	78	56541118	76151
chr16	2863130	3063130	harbor1	chr16	2866339	2866728	LTR/ERV1	1403	+	194	2866533	3403
chr16	2863130	3063130	harbor1	chr16	2879667	2880445	LTR/ERV1	3148	+	389	2880056	16926
chr16	2863130	3063130	harbor1	chr16	2907335	2907834	LTR/ERV1	3841	+	250	2907585	44455
chr16	57884908	58084908	harbor1	chr16	57910045	57910363	LTR/ERV1	3218	+	159	57910204	25296
chr16	57884908	58084908	harbor1	chr16	57910674	57910969	LTR/ERV1	3218	+	148	57910822	25914
chr16	70055	270055	harbor1	chr16	74663	75026	LTR/ERV1	2084	+	182	74845	4790
chr16	1629276	1829276	harbor1	chr16	1690335	1690523	LTR/ERV1	931	+	94	1690429	61153
chr16	1	167578	harbor1	chr16	27849	28407	LTR/ERV1	1042	+	279	28128	28127
chr16	1	167578	harbor1	chr16	41012	41496	LTR/ERV1	3445	+	242	41254	41253
chr16	1	167578	harbor1	chr16	41497	42751	LTR/ERV1	5592	+	627	42124	42123
chr16	1	167578	harbor1	chr16	42729	43450	LTR/ERV1	4199	+	360	43089	43088
chr16	1	167578	harbor1	chr16	43897	44027	LTR/ERV1	2023	+	65	43962	43961
chr16	1	167578	harbor1	chr16	44342	44709	LTR/ERV1	2023	+	184	44526	44525
chr16	1	167578	harbor1	chr16	44715	46385	LTR/ERV1	7723	+	835	45550	45549
chr16	1	167578	harbor1	chr16	74663	75026	LTR/ERV1	2084	+	182	74845	74844
chr16	56535691	56735691	harbor1	chr16	56540102	56540554	LTR/ERV1	2561	+	226	56540328	4637
chr16	56535691	56735691	harbor1	chr16	56541040	56541195	LTR/ERV1	974	+	78	56541118	5427
chr16	57884560	58084560	harbor1	chr16	57910045	57910363	LTR/ERV1	3218	+	159	57910204	25644
chr16	57884560	58084560	harbor1	chr16	57910674	57910969	LTR/ERV1	3218	+	148	57910822	26262
chr16	30850099	31050099	harbor1	chr16	30859452	30859878	LTR/ERV1	2978	+	213	30859665	9566
chr16	30850099	31050099	harbor1	chr16	30859879	30860010	LTR/ERV1	619	+	66	30859945	9846
chr16	30850099	31050099	harbor1	chr16	30860151	30860330	LTR/ERV1	841	+	90	30860241	10142
chr16	30850099	31050099	harbor1	chr16	30860393	30861857	LTR/ERV1	8948	+	732	30861125	11026
chr16	30850099	31050099	harbor1	chr16	30862136	30862272	LTR/ERV1	8948	+	68	30862204	12105
chr16	30850099	31050099	harbor1	chr16	30862256	30863057	LTR/ERV1	4762	+	400	30862656	12557
chr16	30850099	31050099	harbor1	chr16	30863057	30863864	LTR/ERV1	3705	+	404	30863461	13362
chr16	30850099	31050099	harbor1	chr16	30863855	30864115	LTR/ERV1	1615	+	130	30863985	13886
chr16	30850099	31050099	harbor1	chr16	30864109	30864664	LTR/ERV1	3721	+	278	30864387	14288
chr16	30850099	31050099	harbor1	chr16	30864665	30864906	LTR/ERV1	2792	+	120	30864785	14686
chr16	30850099	31050099	harbor1	chr16	30865194	30865397	LTR/ERV1	2792	+	102	30865296	15197
chr16	1892565	2092565	harbor1	chr16	1943652	1943800	LTR/ERV1	4838	+	74	1943726	51161
chr16	1892565	2092565	harbor1	chr16	1944109	1944737	LTR/ERV1	4838	+	314	1944423	51858
chr16	71269697	71469697	harbor1	chr16	71275877	71276275	LTR/ERV1	2687	+	199	71276076	6379
chr16	71269697	71469697	harbor1	chr16	71276755	71277225	LTR/ERV1	1695	+	235	71276990	7293
chr16	71269697	71469697	harbor1	chr16	71324433	71324754	LTR/ERV1	2167	+	160	71324593	54896
chr16	71269697	71469697	harbor1	chr16	71325236	71325373	LTR/ERV1	2167	+	68	71325304	55607
chr16	67009944	67209944	harbor1	chr16	67011897	67012057	LTR/ERV1	1877	+	80	67011977	2033
chr16	67009944	67209944	harbor1	chr16	67012358	67012614	LTR/ERV1	1877	+	128	67012486	2542
chr16	698263	898263	harbor1	chr16	753382	753654	LTR/ERV1	1294	+	136	753518	55255
chr16	698263	898263	harbor1	chr16	753723	753859	LTR/ERV1	695	+	68	753791	55528
chr16	698263	898263	harbor1	chr16	754162	754367	LTR/ERV1	695	+	102	754264	56001
chr16	698263	898263	harbor1	chr16	754656	754667	LTR/ERV1	695	+	6	754662	56399
chr16	698263	898263	harbor1	chr16	777756	778061	LTR/ERV1	717	+	152	777908	79645
chr16	2198396	2398396	harbor1	chr16	2258735	2258831	LTR/ERV1	626	+	48	2258783	60387
chr16	2198396	2398396	harbor1	chr16	2259141	2259607	LTR/ERV1	4147	+	233	2259374	60978
chr16	2198396	2398396	harbor1	chr16	2259901	2260147	LTR/ERV1	4147	+	123	2260024	61628
chr16	2198396	2398396	harbor1	chr16	2260399	2260848	LTR/ERV1	4147	+	224	2260623	62227
chr16	2198396	2398396	harbor1	chr16	2261145	2261551	LTR/ERV1	2406	+	203	2261348	62952
chr16	2198396	2398396	harbor1	chr16	2261552	2262137	LTR/ERV1	3537	+	292	2261844	63448
chr16	465446	665446	harbor1	chr16	483277	484114	LTR/ERV1	4267	+	418	483695	18249
chr16	56832283	57032283	harbor1	chr16	56864423	56864885	LTR/ERV1	3639	+	231	56864654	32371
chr16	56508557	56708557	harbor1	chr16	56526989	56527538	LTR/ERV1	2500	+	274	56527263	18706
chr16	56508557	56708557	harbor1	chr16	56540102	56540554	LTR/ERV1	2561	+	226	56540328	31771
chr16	56508557	56708557	harbor1	chr16	56541040	56541195	LTR/ERV1	974	+	78	56541118	32561
chr16	66971200	67171200	harbor1	chr16	66974097	66975386	LTR/ERV1	9139	+	644	66974741	3541
chr16	66971200	67171200	harbor1	chr16	67011897	67012057	LTR/ERV1	1877	+	80	67011977	40777
chr16	66971200	67171200	harbor1	chr16	67012358	67012614	LTR/ERV1	1877	+	128	67012486	41286
chr16	1908827	2108827	harbor1	chr16	1943652	1943800	LTR/ERV1	4838	+	74	1943726	34899
chr16	1908827	2108827	harbor1	chr16	1944109	1944737	LTR/ERV1	4838	+	314	1944423	35596
chr16	269404	469404	harbor1	chr16	278988	279415	LTR/ERV1	2416	+	214	279202	9798
chr16	269404	469404	harbor1	chr16	303181	303384	LTR/ERV1	2289	+	102	303283	33879
chr16	269404	469404	harbor1	chr16	303682	303812	LTR/ERV1	2289	+	65	303747	34343
chr16	269404	469404	harbor1	chr16	341083	342390	LTR/ERV1	9339	+	654	341737	72333
chr16	1555539	1755539	harbor1	chr16	1573886	1574283	LTR/ERV1	1099	+	198	1574084	18545
chr16	67009894	67209894	harbor1	chr16	67011897	67012057	LTR/ERV1	1877	+	80	67011977	2083
chr16	67009894	67209894	harbor1	chr16	67012358	67012614	LTR/ERV1	1877	+	128	67012486	2592
chr16	2198343	2398343	harbor1	chr16	2258735	2258831	LTR/ERV1	626	+	48	2258783	60440
chr16	2198343	2398343	harbor1	chr16	2259141	2259607	LTR/ERV1	4147	+	233	2259374	61031
chr16	2198343	2398343	harbor1	chr16	2259901	2260147	LTR/ERV1	4147	+	123	2260024	61681
chr16	2198343	2398343	harbor1	chr16	2260399	2260848	LTR/ERV1	4147	+	224	2260623	62280
chr16	2198343	2398343	harbor1	chr16	2261145	2261551	LTR/ERV1	2406	+	203	2261348	63005
chr16	2198343	2398343	harbor1	chr16	2261552	2262137	LTR/ERV1	3537	+	292	2261844	63501
chr16	57884572	58084572	harbor1	chr16	57910045	57910363	LTR/ERV1	3218	+	159	57910204	25632
chr16	57884572	58084572	harbor1	chr16	57910674	57910969	LTR/ERV1	3218	+	148	57910822	26250
chr16	67009938	67209938	harbor1	chr16	67011897	67012057	LTR/ERV1	1877	+	80	67011977	2039
chr16	67009938	67209938	harbor1	chr16	67012358	67012614	LTR/ERV1	1877	+	128	67012486	2548
chr16	2687551	2887551	harbor1	chr16	2724745	2725243	LTR/ERV1	1637	+	249	2724994	37443
chr16	2687551	2887551	harbor1	chr16	2731942	2732270	LTR/ERV1	604	+	164	2732106	44555
chr16	2687551	2887551	harbor1	chr16	2781830	2782035	LTR/ERV1	842	+	102	2781932	94381
chr16	2198431	2398431	harbor1	chr16	2258735	2258831	LTR/ERV1	626	+	48	2258783	60352
chr16	2198431	2398431	harbor1	chr16	2259141	2259607	LTR/ERV1	4147	+	233	2259374	60943
chr16	2198431	2398431	harbor1	chr16	2259901	2260147	LTR/ERV1	4147	+	123	2260024	61593
chr16	2198431	2398431	harbor1	chr16	2260399	2260848	LTR/ERV1	4147	+	224	2260623	62192
chr16	2198431	2398431	harbor1	chr16	2261145	2261551	LTR/ERV1	2406	+	203	2261348	62917
chr16	2198431	2398431	harbor1	chr16	2261552	2262137	LTR/ERV1	3537	+	292	2261844	63413
chr16	1	167688	harbor1	chr16	27849	28407	LTR/ERV1	1042	+	279	28128	28127
chr16	1	167688	harbor1	chr16	41012	41496	LTR/ERV1	3445	+	242	41254	41253
chr16	1	167688	harbor1	chr16	41497	42751	LTR/ERV1	5592	+	627	42124	42123
chr16	1	167688	harbor1	chr16	42729	43450	LTR/ERV1	4199	+	360	43089	43088
chr16	1	167688	harbor1	chr16	43897	44027	LTR/ERV1	2023	+	65	43962	43961
chr16	1	167688	harbor1	chr16	44342	44709	LTR/ERV1	2023	+	184	44526	44525
chr16	1	167688	harbor1	chr16	44715	46385	LTR/ERV1	7723	+	835	45550	45549
chr16	1	167688	harbor1	chr16	74663	75026	LTR/ERV1	2084	+	182	74845	74844
chr16	30087206	30287206	harbor1	chr16	30096876	30097207	LTR/ERV1	1422	+	166	30097042	9836
chr16	30087206	30287206	harbor1	chr16	30099417	30099721	LTR/ERV1	13918	+	152	30099569	12363
chr16	30087206	30287206	harbor1	chr16	30100063	30101001	LTR/ERV1	13918	+	469	30100532	13326
chr16	30087206	30287206	harbor1	chr16	30101276	30102246	LTR/ERV1	13918	+	485	30101761	14555
chr16	30087206	30287206	harbor1	chr16	30102244	30103835	LTR/ERV1	10306	+	796	30103040	15834
chr16	30087206	30287206	harbor1	chr16	30103884	30104167	LTR/ERV1	1304	+	142	30104026	16820
chr16	30087206	30287206	harbor1	chr16	30132198	30132434	LTR/ERV1	3720	+	118	30132316	45110
chr16	30087206	30287206	harbor1	chr16	30132743	30133180	LTR/ERV1	3720	+	218	30132961	45755
chr16	30087206	30287206	harbor1	chr16	30097209	30099040	LTR/ERV1	11309	+	916	30098125	10919
chr16	699137	899137	harbor1	chr16	753382	753654	LTR/ERV1	1294	+	136	753518	54381
chr16	699137	899137	harbor1	chr16	753723	753859	LTR/ERV1	695	+	68	753791	54654
chr16	699137	899137	harbor1	chr16	754162	754367	LTR/ERV1	695	+	102	754264	55127
chr16	699137	899137	harbor1	chr16	754656	754667	LTR/ERV1	695	+	6	754662	55525
chr16	699137	899137	harbor1	chr16	777756	778061	LTR/ERV1	717	+	152	777908	78771
chr16	1	167634	harbor1	chr16	27849	28407	LTR/ERV1	1042	+	279	28128	28127
chr16	1	167634	harbor1	chr16	41012	41496	LTR/ERV1	3445	+	242	41254	41253
chr16	1	167634	harbor1	chr16	41497	42751	LTR/ERV1	5592	+	627	42124	42123
chr16	1	167634	harbor1	chr16	42729	43450	LTR/ERV1	4199	+	360	43089	43088
chr16	1	167634	harbor1	chr16	43897	44027	LTR/ERV1	2023	+	65	43962	43961
chr16	1	167634	harbor1	chr16	44342	44709	LTR/ERV1	2023	+	184	44526	44525
chr16	1	167634	harbor1	chr16	44715	46385	LTR/ERV1	7723	+	835	45550	45549
chr16	1	167634	harbor1	chr16	74663	75026	LTR/ERV1	2084	+	182	74845	74844
chr16	298381	498381	harbor1	chr16	303181	303384	LTR/ERV1	2289	+	102	303283	4902
chr16	298381	498381	harbor1	chr16	303682	303812	LTR/ERV1	2289	+	65	303747	5366
chr16	298381	498381	harbor1	chr16	341083	342390	LTR/ERV1	9339	+	654	341737	43356
chr16	2862978	3062978	harbor1	chr16	2866339	2866728	LTR/ERV1	1403	+	194	2866533	3555
chr16	2862978	3062978	harbor1	chr16	2879667	2880445	LTR/ERV1	3148	+	389	2880056	17078
chr16	2862978	3062978	harbor1	chr16	2907335	2907834	LTR/ERV1	3841	+	250	2907585	44607
chr16	1	167545	harbor1	chr16	27849	28407	LTR/ERV1	1042	+	279	28128	28127
chr16	1	167545	harbor1	chr16	41012	41496	LTR/ERV1	3445	+	242	41254	41253
chr16	1	167545	harbor1	chr16	41497	42751	LTR/ERV1	5592	+	627	42124	42123
chr16	1	167545	harbor1	chr16	42729	43450	LTR/ERV1	4199	+	360	43089	43088
chr16	1	167545	harbor1	chr16	43897	44027	LTR/ERV1	2023	+	65	43962	43961
chr16	1	167545	harbor1	chr16	44342	44709	LTR/ERV1	2023	+	184	44526	44525
chr16	1	167545	harbor1	chr16	44715	46385	LTR/ERV1	7723	+	835	45550	45549
chr16	1	167545	harbor1	chr16	74663	75026	LTR/ERV1	2084	+	182	74845	74844
chr16	47360500	47560500	harbor1	chr16	47370155	47370525	LTR/ERV1	1995	+	185	47370340	9840
chr16	47360500	47560500	harbor1	chr16	47370519	47370891	LTR/ERV1	890	+	186	47370705	10205
chr16	47360500	47560500	harbor1	chr16	47374075	47374253	LTR/ERV1	720	+	89	47374164	13664
chr16	47360500	47560500	harbor1	chr16	47388690	47389168	LTR/ERV1	3864	+	239	47388929	28429
chr16	88757215	88957215	harbor1	chr16	88813681	88814167	LTR/ERV1	999	+	243	88813924	56709
chr16	2865150	3065150	harbor1	chr16	2866339	2866728	LTR/ERV1	1403	+	194	2866533	1383
chr16	2865150	3065150	harbor1	chr16	2879667	2880445	LTR/ERV1	3148	+	389	2880056	14906
chr16	2865150	3065150	harbor1	chr16	2907335	2907834	LTR/ERV1	3841	+	250	2907585	42435
chr16	67009935	67209935	harbor1	chr16	67011897	67012057	LTR/ERV1	1877	+	80	67011977	2042
chr16	67009935	67209935	harbor1	chr16	67012358	67012614	LTR/ERV1	1877	+	128	67012486	2551
chr16	700705	900705	harbor1	chr16	753382	753654	LTR/ERV1	1294	+	136	753518	52813
chr16	700705	900705	harbor1	chr16	753723	753859	LTR/ERV1	695	+	68	753791	53086
chr16	700705	900705	harbor1	chr16	754162	754367	LTR/ERV1	695	+	102	754264	53559
chr16	700705	900705	harbor1	chr16	754656	754667	LTR/ERV1	695	+	6	754662	53957
chr16	700705	900705	harbor1	chr16	777756	778061	LTR/ERV1	717	+	152	777908	77203
chr16	2865127	3065127	harbor1	chr16	2866339	2866728	LTR/ERV1	1403	+	194	2866533	1406
chr16	2865127	3065127	harbor1	chr16	2879667	2880445	LTR/ERV1	3148	+	389	2880056	14929
chr16	2865127	3065127	harbor1	chr16	2907335	2907834	LTR/ERV1	3841	+	250	2907585	42458
chr16	75363916	75563916	harbor1	chr16	75376669	75377149	LTR/ERV1	2564	+	240	75376909	12993
chr16	75363916	75563916	harbor1	chr16	75390257	75390651	LTR/ERV1	1760	+	197	75390454	26538
chr16	75363916	75563916	harbor1	chr16	75419528	75420030	LTR/ERV1	3430	+	251	75419779	55863
chr16	75363916	75563916	harbor1	chr16	75421037	75421376	LTR/ERV1	2186	+	170	75421207	57291
chr16	2197877	2397877	harbor1	chr16	2258735	2258831	LTR/ERV1	626	+	48	2258783	60906
chr16	2197877	2397877	harbor1	chr16	2259141	2259607	LTR/ERV1	4147	+	233	2259374	61497
chr16	2197877	2397877	harbor1	chr16	2259901	2260147	LTR/ERV1	4147	+	123	2260024	62147
chr16	2197877	2397877	harbor1	chr16	2260399	2260848	LTR/ERV1	4147	+	224	2260623	62746
chr16	2197877	2397877	harbor1	chr16	2261145	2261551	LTR/ERV1	2406	+	203	2261348	63471
chr16	2197877	2397877	harbor1	chr16	2261552	2262137	LTR/ERV1	3537	+	292	2261844	63967
chr16	67397829	67597829	harbor1	chr16	67481516	67482239	LTR/ERV1	1938	+	362	67481878	84049
chr16	67397829	67597829	harbor1	chr16	67490579	67491019	LTR/ERV1	2665	+	220	67490799	92970
chr16	1	167697	harbor1	chr16	27849	28407	LTR/ERV1	1042	+	279	28128	28127
chr16	1	167697	harbor1	chr16	41012	41496	LTR/ERV1	3445	+	242	41254	41253
chr16	1	167697	harbor1	chr16	41497	42751	LTR/ERV1	5592	+	627	42124	42123
chr16	1	167697	harbor1	chr16	42729	43450	LTR/ERV1	4199	+	360	43089	43088
chr16	1	167697	harbor1	chr16	43897	44027	LTR/ERV1	2023	+	65	43962	43961
chr16	1	167697	harbor1	chr16	44342	44709	LTR/ERV1	2023	+	184	44526	44525
chr16	1	167697	harbor1	chr16	44715	46385	LTR/ERV1	7723	+	835	45550	45549
chr16	1	167697	harbor1	chr16	74663	75026	LTR/ERV1	2084	+	182	74845	74844
chr17	7461852	7661852	harbor1	chr17	7532328	7532759	LTR/ERV1	5191	+	216	7532544	70692
chr17	7461852	7661852	harbor1	chr17	7533046	7533291	LTR/ERV1	5191	+	122	7533168	71316
chr17	7461852	7661852	harbor1	chr17	7533493	7533541	LTR/ERV1	3182	+	24	7533517	71665
chr17	7461852	7661852	harbor1	chr17	7533854	7534348	LTR/ERV1	3182	+	247	7534101	72249
chr17	7461852	7661852	harbor1	chr17	7537191	7537664	LTR/ERV1	912	+	236	7537427	75575
chr17	7461852	7661852	harbor1	chr17	7538473	7539076	LTR/ERV1	2673	+	302	7538775	76923
chr17	7461889	7661889	harbor1	chr17	7532328	7532759	LTR/ERV1	5191	+	216	7532544	70655
chr17	7461889	7661889	harbor1	chr17	7533046	7533291	LTR/ERV1	5191	+	122	7533168	71279
chr17	7461889	7661889	harbor1	chr17	7533493	7533541	LTR/ERV1	3182	+	24	7533517	71628
chr17	7461889	7661889	harbor1	chr17	7533854	7534348	LTR/ERV1	3182	+	247	7534101	72212
chr17	7461889	7661889	harbor1	chr17	7537191	7537664	LTR/ERV1	912	+	236	7537427	75538
chr17	7461889	7661889	harbor1	chr17	7538473	7539076	LTR/ERV1	2673	+	302	7538775	76886
chr17	7461834	7661834	harbor1	chr17	7532328	7532759	LTR/ERV1	5191	+	216	7532544	70710
chr17	7461834	7661834	harbor1	chr17	7533046	7533291	LTR/ERV1	5191	+	122	7533168	71334
chr17	7461834	7661834	harbor1	chr17	7533493	7533541	LTR/ERV1	3182	+	24	7533517	71683
chr17	7461834	7661834	harbor1	chr17	7533854	7534348	LTR/ERV1	3182	+	247	7534101	72267
chr17	7461834	7661834	harbor1	chr17	7537191	7537664	LTR/ERV1	912	+	236	7537427	75593
chr17	7461834	7661834	harbor1	chr17	7538473	7539076	LTR/ERV1	2673	+	302	7538775	76941
chr17	7461828	7661828	harbor1	chr17	7532328	7532759	LTR/ERV1	5191	+	216	7532544	70716
chr17	7461828	7661828	harbor1	chr17	7533046	7533291	LTR/ERV1	5191	+	122	7533168	71340
chr17	7461828	7661828	harbor1	chr17	7533493	7533541	LTR/ERV1	3182	+	24	7533517	71689
chr17	7461828	7661828	harbor1	chr17	7533854	7534348	LTR/ERV1	3182	+	247	7534101	72273
chr17	7461828	7661828	harbor1	chr17	7537191	7537664	LTR/ERV1	912	+	236	7537427	75599
chr17	7461828	7661828	harbor1	chr17	7538473	7539076	LTR/ERV1	2673	+	302	7538775	76947
chr17	75009940	75209940	harbor1	chr17	75025088	75025740	LTR/ERV1	4668	+	326	75025414	15474
chr17	75009940	75209940	harbor1	chr17	75085619	75086087	LTR/ERV1	1948	+	234	75085853	75913
chr17	7461908	7661908	harbor1	chr17	7532328	7532759	LTR/ERV1	5191	+	216	7532544	70636
chr17	7461908	7661908	harbor1	chr17	7533046	7533291	LTR/ERV1	5191	+	122	7533168	71260
chr17	7461908	7661908	harbor1	chr17	7533493	7533541	LTR/ERV1	3182	+	24	7533517	71609
chr17	7461908	7661908	harbor1	chr17	7533854	7534348	LTR/ERV1	3182	+	247	7534101	72193
chr17	7461908	7661908	harbor1	chr17	7537191	7537664	LTR/ERV1	912	+	236	7537427	75519
chr17	7461908	7661908	harbor1	chr17	7538473	7539076	LTR/ERV1	2673	+	302	7538775	76867
chr17	7461804	7661804	harbor1	chr17	7532328	7532759	LTR/ERV1	5191	+	216	7532544	70740
chr17	7461804	7661804	harbor1	chr17	7533046	7533291	LTR/ERV1	5191	+	122	7533168	71364
chr17	7461804	7661804	harbor1	chr17	7533493	7533541	LTR/ERV1	3182	+	24	7533517	71713
chr17	7461804	7661804	harbor1	chr17	7533854	7534348	LTR/ERV1	3182	+	247	7534101	72297
chr17	7461804	7661804	harbor1	chr17	7537191	7537664	LTR/ERV1	912	+	236	7537427	75623
chr17	7461804	7661804	harbor1	chr17	7538473	7539076	LTR/ERV1	2673	+	302	7538775	76971
chr17	63523257	63723257	harbor1	chr17	63597335	63597979	LTR/ERV1	2520	+	322	63597657	74400
chr17	79531584	79731584	harbor1	chr17	79574194	79574740	LTR/ERV1	3404	+	273	79574467	42883
chr17	68098090	68298090	harbor1	chr17	68099100	68100615	LTR/ERV1	9162	+	758	68099858	1768
chr17	68098090	68298090	harbor1	chr17	68179674	68181122	LTR/ERV1	9439	+	724	68180398	82308
chr17	79690081	79890081	harbor1	chr17	79696529	79697275	LTR/ERV1	4411	+	373	79696902	6821
chr17	7461808	7661808	harbor1	chr17	7532328	7532759	LTR/ERV1	5191	+	216	7532544	70736
chr17	7461808	7661808	harbor1	chr17	7533046	7533291	LTR/ERV1	5191	+	122	7533168	71360
chr17	7461808	7661808	harbor1	chr17	7533493	7533541	LTR/ERV1	3182	+	24	7533517	71709
chr17	7461808	7661808	harbor1	chr17	7533854	7534348	LTR/ERV1	3182	+	247	7534101	72293
chr17	7461808	7661808	harbor1	chr17	7537191	7537664	LTR/ERV1	912	+	236	7537427	75619
chr17	7461808	7661808	harbor1	chr17	7538473	7539076	LTR/ERV1	2673	+	302	7538775	76967
chr17	33191705	33391705	harbor1	chr17	33201368	33201747	LTR/ERV1	2739	+	190	33201558	9853
chr17	33191705	33391705	harbor1	chr17	33202048	33202173	LTR/ERV1	2739	+	62	33202110	10405
chr17	7461890	7661890	harbor1	chr17	7532328	7532759	LTR/ERV1	5191	+	216	7532544	70654
chr17	7461890	7661890	harbor1	chr17	7533046	7533291	LTR/ERV1	5191	+	122	7533168	71278
chr17	7461890	7661890	harbor1	chr17	7533493	7533541	LTR/ERV1	3182	+	24	7533517	71627
chr17	7461890	7661890	harbor1	chr17	7533854	7534348	LTR/ERV1	3182	+	247	7534101	72211
chr17	7461890	7661890	harbor1	chr17	7537191	7537664	LTR/ERV1	912	+	236	7537427	75537
chr17	7461890	7661890	harbor1	chr17	7538473	7539076	LTR/ERV1	2673	+	302	7538775	76885
chr17	3624112	3824112	harbor1	chr17	3702049	3702797	LTR/ERV1	4969	+	374	3702423	78311
chr17	78891091	79091091	harbor1	chr17	78984493	78984741	LTR/ERV1	1606	+	124	78984617	93526
chr17	78891091	79091091	harbor1	chr17	78985056	78985090	LTR/ERV1	1606	+	17	78985073	93982
chr17	78891091	79091091	harbor1	chr17	78987776	78987939	LTR/ERV1	3259	+	82	78987858	96767
chr17	78891091	79091091	harbor1	chr17	78988242	78988488	LTR/ERV1	3259	+	123	78988365	97274
chr17	78891091	79091091	harbor1	chr17	78988794	78988909	LTR/ERV1	3259	+	58	78988852	97761
chr17	76637237	76837237	harbor1	chr17	76640866	76641353	LTR/ERV1	3302	+	244	76641110	3873
chr17	7461823	7661823	harbor1	chr17	7532328	7532759	LTR/ERV1	5191	+	216	7532544	70721
chr17	7461823	7661823	harbor1	chr17	7533046	7533291	LTR/ERV1	5191	+	122	7533168	71345
chr17	7461823	7661823	harbor1	chr17	7533493	7533541	LTR/ERV1	3182	+	24	7533517	71694
chr17	7461823	7661823	harbor1	chr17	7533854	7534348	LTR/ERV1	3182	+	247	7534101	72278
chr17	7461823	7661823	harbor1	chr17	7537191	7537664	LTR/ERV1	912	+	236	7537427	75604
chr17	7461823	7661823	harbor1	chr17	7538473	7539076	LTR/ERV1	2673	+	302	7538775	76952
chr17	8056291	8256291	harbor1	chr17	8061907	8062290	LTR/ERV1	2073	+	192	8062099	5808
chr17	76637265	76837265	harbor1	chr17	76640866	76641353	LTR/ERV1	3302	+	244	76641110	3845
chr17	7461829	7661829	harbor1	chr17	7532328	7532759	LTR/ERV1	5191	+	216	7532544	70715
chr17	7461829	7661829	harbor1	chr17	7533046	7533291	LTR/ERV1	5191	+	122	7533168	71339
chr17	7461829	7661829	harbor1	chr17	7533493	7533541	LTR/ERV1	3182	+	24	7533517	71688
chr17	7461829	7661829	harbor1	chr17	7533854	7534348	LTR/ERV1	3182	+	247	7534101	72272
chr17	7461829	7661829	harbor1	chr17	7537191	7537664	LTR/ERV1	912	+	236	7537427	75598
chr17	7461829	7661829	harbor1	chr17	7538473	7539076	LTR/ERV1	2673	+	302	7538775	76946
chr17	76768591	76968591	harbor1	chr17	76787671	76787995	LTR/ERV1	1495	+	162	76787833	19242
chr17	76768591	76968591	harbor1	chr17	76789726	76789900	LTR/ERV1	996	+	87	76789813	21222
chr17	76768591	76968591	harbor1	chr17	76802771	76802938	LTR/ERV1	924	+	84	76802855	34264
chr17	76768591	76968591	harbor1	chr17	76803209	76803910	LTR/ERV1	4557	+	350	76803559	34968
chr17	76768591	76968591	harbor1	chr17	76804117	76804154	LTR/ERV1	789	+	18	76804135	35544
chr17	76768591	76968591	harbor1	chr17	76804458	76804564	LTR/ERV1	789	+	53	76804511	35920
chr17	76768591	76968591	harbor1	chr17	76805948	76807489	LTR/ERV1	10935	+	770	76806718	38127
chr17	76768591	76968591	harbor1	chr17	76807980	76808069	LTR/ERV1	1183	+	44	76808024	39433
chr17	76768591	76968591	harbor1	chr17	76808362	76808542	LTR/ERV1	1183	+	90	76808452	39861
chr17	76768591	76968591	harbor1	chr17	76808962	76809032	LTR/ERV1	883	+	35	76808997	40406
chr17	76768591	76968591	harbor1	chr17	76809646	76809743	LTR/ERV1	883	+	48	76809694	41103
chr17	76768591	76968591	harbor1	chr17	76810049	76810185	LTR/ERV1	883	+	68	76810117	41526
chr17	76768591	76968591	harbor1	chr17	76858171	76858473	LTR/ERV1	2781	+	151	76858322	89731
chr17	76768591	76968591	harbor1	chr17	76858787	76859059	LTR/ERV1	2781	+	136	76858923	90332
chr17	76768591	76968591	harbor1	chr17	76860400	76860893	LTR/ERV1	2500	+	246	76860646	92055
chr17	76637258	76837258	harbor1	chr17	76640866	76641353	LTR/ERV1	3302	+	244	76641110	3852
chr17	27477770	27677770	harbor1	chr17	27516856	27517316	LTR/ERV1	2467	+	230	27517086	39316
chr17	27477770	27677770	harbor1	chr17	27517595	27517611	LTR/ERV1	2467	+	8	27517603	39833
chr17	27477770	27677770	harbor1	chr17	27573391	27573607	LTR/ERV1	1314	+	108	27573499	95729
chr17	7461836	7661836	harbor1	chr17	7532328	7532759	LTR/ERV1	5191	+	216	7532544	70708
chr17	7461836	7661836	harbor1	chr17	7533046	7533291	LTR/ERV1	5191	+	122	7533168	71332
chr17	7461836	7661836	harbor1	chr17	7533493	7533541	LTR/ERV1	3182	+	24	7533517	71681
chr17	7461836	7661836	harbor1	chr17	7533854	7534348	LTR/ERV1	3182	+	247	7534101	72265
chr17	7461836	7661836	harbor1	chr17	7537191	7537664	LTR/ERV1	912	+	236	7537427	75591
chr17	7461836	7661836	harbor1	chr17	7538473	7539076	LTR/ERV1	2673	+	302	7538775	76939
chr17	7461872	7661872	harbor1	chr17	7532328	7532759	LTR/ERV1	5191	+	216	7532544	70672
chr17	7461872	7661872	harbor1	chr17	7533046	7533291	LTR/ERV1	5191	+	122	7533168	71296
chr17	7461872	7661872	harbor1	chr17	7533493	7533541	LTR/ERV1	3182	+	24	7533517	71645
chr17	7461872	7661872	harbor1	chr17	7533854	7534348	LTR/ERV1	3182	+	247	7534101	72229
chr17	7461872	7661872	harbor1	chr17	7537191	7537664	LTR/ERV1	912	+	236	7537427	75555
chr17	7461872	7661872	harbor1	chr17	7538473	7539076	LTR/ERV1	2673	+	302	7538775	76903
chr17	7461869	7661869	harbor1	chr17	7532328	7532759	LTR/ERV1	5191	+	216	7532544	70675
chr17	7461869	7661869	harbor1	chr17	7533046	7533291	LTR/ERV1	5191	+	122	7533168	71299
chr17	7461869	7661869	harbor1	chr17	7533493	7533541	LTR/ERV1	3182	+	24	7533517	71648
chr17	7461869	7661869	harbor1	chr17	7533854	7534348	LTR/ERV1	3182	+	247	7534101	72232
chr17	7461869	7661869	harbor1	chr17	7537191	7537664	LTR/ERV1	912	+	236	7537427	75558
chr17	7461869	7661869	harbor1	chr17	7538473	7539076	LTR/ERV1	2673	+	302	7538775	76906
chr17	15158736	15358736	harbor1	chr17	15178111	15178655	LTR/ERV1	736	+	272	15178383	19647
chr17	15158736	15358736	harbor1	chr17	15181677	15182133	LTR/ERV1	2506	+	228	15181905	23169
chr17	15158736	15358736	harbor1	chr17	15183107	15183393	LTR/ERV1	2752	+	143	15183250	24514
chr17	15158736	15358736	harbor1	chr17	15183686	15183886	LTR/ERV1	2752	+	100	15183786	25050
chr17	15158736	15358736	harbor1	chr17	15184939	15185468	LTR/ERV1	3392	+	264	15185203	26467
chr17	15158736	15358736	harbor1	chr17	15196578	15197023	LTR/ERV1	2230	+	222	15196800	38064
chr17	15158736	15358736	harbor1	chr17	15216942	15217276	LTR/ERV1	1828	+	167	15217109	58373
chr17	33191625	33391625	harbor1	chr17	33201368	33201747	LTR/ERV1	2739	+	190	33201558	9933
chr17	33191625	33391625	harbor1	chr17	33202048	33202173	LTR/ERV1	2739	+	62	33202110	10485
chr17	76637275	76837275	harbor1	chr17	76640866	76641353	LTR/ERV1	3302	+	244	76641110	3835
chr17	75083193	75283193	harbor1	chr17	75085619	75086087	LTR/ERV1	1948	+	234	75085853	2660
chr17	28855314	29055314	harbor1	chr17	28893595	28894064	LTR/ERV1	3843	+	234	28893829	38515
chr17	59793066	59993066	harbor1	chr17	59849948	59850091	LTR/ERV1	859	+	72	59850020	56954
chr17	76636920	76836920	harbor1	chr17	76640866	76641353	LTR/ERV1	3302	+	244	76641110	4190
chr17	74965179	75165179	harbor1	chr17	75025088	75025740	LTR/ERV1	4668	+	326	75025414	60235
chr17	76637277	76837277	harbor1	chr17	76640866	76641353	LTR/ERV1	3302	+	244	76641110	3833
chr17	33191684	33391684	harbor1	chr17	33201368	33201747	LTR/ERV1	2739	+	190	33201558	9874
chr17	33191684	33391684	harbor1	chr17	33202048	33202173	LTR/ERV1	2739	+	62	33202110	10426
chr17	76298820	76498820	harbor1	chr17	76357115	76357552	LTR/ERV1	2700	+	218	76357333	58513
chr17	76298820	76498820	harbor1	chr17	76363203	76363462	LTR/ERV1	2360	+	130	76363333	64513
chr17	76298820	76498820	harbor1	chr17	76364055	76364172	LTR/ERV1	2360	+	58	76364113	65293
chr17	76298820	76498820	harbor1	chr17	76364474	76364899	LTR/ERV1	2473	+	212	76364686	65866
chr17	78923444	79123444	harbor1	chr17	78984493	78984741	LTR/ERV1	1606	+	124	78984617	61173
chr17	78923444	79123444	harbor1	chr17	78985056	78985090	LTR/ERV1	1606	+	17	78985073	61629
chr17	78923444	79123444	harbor1	chr17	78987776	78987939	LTR/ERV1	3259	+	82	78987858	64414
chr17	78923444	79123444	harbor1	chr17	78988242	78988488	LTR/ERV1	3259	+	123	78988365	64921
chr17	78923444	79123444	harbor1	chr17	78988794	78988909	LTR/ERV1	3259	+	58	78988852	65408
chr17	78923444	79123444	harbor1	chr17	79010892	79011346	LTR/ERV1	3091	+	227	79011119	87675
chr17	78923444	79123444	harbor1	chr17	79011645	79012265	LTR/ERV1	4410	+	310	79011955	88511
chr17	78923444	79123444	harbor1	chr17	79012266	79015576	LTR/ERV1	18340	+	1655	79013921	90477
chr17	78923444	79123444	harbor1	chr17	79015885	79016877	LTR/ERV1	18340	+	496	79016381	92937
chr17	78923444	79123444	harbor1	chr17	79017284	79017619	LTR/ERV1	18340	+	168	79017452	94008
chr17	78923444	79123444	harbor1	chr17	79017620	79018141	LTR/ERV1	3106	+	260	79017880	94436
chr17	78923444	79123444	harbor1	chr17	79018517	79018636	LTR/ERV1	739	+	60	79018577	95133
chr17	7461891	7661891	harbor1	chr17	7532328	7532759	LTR/ERV1	5191	+	216	7532544	70653
chr17	7461891	7661891	harbor1	chr17	7533046	7533291	LTR/ERV1	5191	+	122	7533168	71277
chr17	7461891	7661891	harbor1	chr17	7533493	7533541	LTR/ERV1	3182	+	24	7533517	71626
chr17	7461891	7661891	harbor1	chr17	7533854	7534348	LTR/ERV1	3182	+	247	7534101	72210
chr17	7461891	7661891	harbor1	chr17	7537191	7537664	LTR/ERV1	912	+	236	7537427	75536
chr17	7461891	7661891	harbor1	chr17	7538473	7539076	LTR/ERV1	2673	+	302	7538775	76884
chr17	81583177	81783177	harbor1	chr17	81656964	81657596	LTR/ERV1	2136	+	316	81657280	74103
chr17	81583177	81783177	harbor1	chr17	81661340	81661435	LTR/ERV1	615	+	48	81661388	78211
chr17	81583177	81783177	harbor1	chr17	81662044	81662250	LTR/ERV1	1212	+	103	81662147	78970
chr17	81583177	81783177	harbor1	chr17	81662630	81662674	LTR/ERV1	1212	+	22	81662652	79475
chr17	81583177	81783177	harbor1	chr17	81662676	81662716	LTR/ERV1	1695	+	20	81662696	79519
chr17	81583177	81783177	harbor1	chr17	81662943	81663400	LTR/ERV1	1695	+	228	81663171	79994
chr17	81583177	81783177	harbor1	chr17	81677781	81678213	LTR/ERV1	2058	+	216	81677997	94820
chr17	81583177	81783177	harbor1	chr17	81678508	81678563	LTR/ERV1	2058	+	28	81678536	95359
chr17	81583177	81783177	harbor1	chr17	81678860	81678894	LTR/ERV1	2058	+	17	81678877	95700
chr17	81583177	81783177	harbor1	chr17	81679184	81679286	LTR/ERV1	2058	+	51	81679235	96058
chr17	68035028	68235028	harbor1	chr17	68051693	68053079	LTR/ERV1	9033	+	693	68052386	17358
chr17	68035028	68235028	harbor1	chr17	68080473	68082166	LTR/ERV1	10293	+	846	68081319	46291
chr17	68035028	68235028	harbor1	chr17	68099100	68100615	LTR/ERV1	9162	+	758	68099858	64830
chr17	74979148	75179148	harbor1	chr17	75025088	75025740	LTR/ERV1	4668	+	326	75025414	46266
chr17	39654812	39854812	harbor1	chr17	39681399	39681512	LTR/ERV1	1529	+	56	39681455	26643
chr17	39654812	39854812	harbor1	chr17	39681802	39681938	LTR/ERV1	1529	+	68	39681870	27058
chr17	39654812	39854812	harbor1	chr17	39682256	39682455	LTR/ERV1	1529	+	100	39682356	27544
chr17	79689674	79889674	harbor1	chr17	79696529	79697275	LTR/ERV1	4411	+	373	79696902	7228
chr17	76140643	76340643	harbor1	chr17	76177146	76178643	LTR/ERV1	6180	+	748	76177894	37251
chr17	76140643	76340643	harbor1	chr17	76195772	76196222	LTR/ERV1	2248	+	225	76195997	55354
chr17	76637325	76837325	harbor1	chr17	76640866	76641353	LTR/ERV1	3302	+	244	76641110	3785
chr17	7461873	7661873	harbor1	chr17	7532328	7532759	LTR/ERV1	5191	+	216	7532544	70671
chr17	7461873	7661873	harbor1	chr17	7533046	7533291	LTR/ERV1	5191	+	122	7533168	71295
chr17	7461873	7661873	harbor1	chr17	7533493	7533541	LTR/ERV1	3182	+	24	7533517	71644
chr17	7461873	7661873	harbor1	chr17	7533854	7534348	LTR/ERV1	3182	+	247	7534101	72228
chr17	7461873	7661873	harbor1	chr17	7537191	7537664	LTR/ERV1	912	+	236	7537427	75554
chr17	7461873	7661873	harbor1	chr17	7538473	7539076	LTR/ERV1	2673	+	302	7538775	76902
chr17	7461927	7661927	harbor1	chr17	7532328	7532759	LTR/ERV1	5191	+	216	7532544	70617
chr17	7461927	7661927	harbor1	chr17	7533046	7533291	LTR/ERV1	5191	+	122	7533168	71241
chr17	7461927	7661927	harbor1	chr17	7533493	7533541	LTR/ERV1	3182	+	24	7533517	71590
chr17	7461927	7661927	harbor1	chr17	7533854	7534348	LTR/ERV1	3182	+	247	7534101	72174
chr17	7461927	7661927	harbor1	chr17	7537191	7537664	LTR/ERV1	912	+	236	7537427	75500
chr17	7461927	7661927	harbor1	chr17	7538473	7539076	LTR/ERV1	2673	+	302	7538775	76848
chr17	76637321	76837321	harbor1	chr17	76640866	76641353	LTR/ERV1	3302	+	244	76641110	3789
chr17	7459238	7659238	harbor1	chr17	7532328	7532759	LTR/ERV1	5191	+	216	7532544	73306
chr17	7459238	7659238	harbor1	chr17	7533046	7533291	LTR/ERV1	5191	+	122	7533168	73930
chr17	7459238	7659238	harbor1	chr17	7533493	7533541	LTR/ERV1	3182	+	24	7533517	74279
chr17	7459238	7659238	harbor1	chr17	7533854	7534348	LTR/ERV1	3182	+	247	7534101	74863
chr17	7459238	7659238	harbor1	chr17	7537191	7537664	LTR/ERV1	912	+	236	7537427	78189
chr17	7459238	7659238	harbor1	chr17	7538473	7539076	LTR/ERV1	2673	+	302	7538775	79537
chr17	32776002	32976002	harbor1	chr17	32795628	32796007	LTR/ERV1	2746	+	190	32795818	19816
chr17	82980527	83180527	harbor1	chr17	82981507	82981769	LTR/ERV1	1279	+	131	82981638	1111
chr17	82980527	83180527	harbor1	chr17	83029581	83030016	LTR/ERV1	2337	+	218	83029799	49272
chr17	7461831	7661831	harbor1	chr17	7532328	7532759	LTR/ERV1	5191	+	216	7532544	70713
chr17	7461831	7661831	harbor1	chr17	7533046	7533291	LTR/ERV1	5191	+	122	7533168	71337
chr17	7461831	7661831	harbor1	chr17	7533493	7533541	LTR/ERV1	3182	+	24	7533517	71686
chr17	7461831	7661831	harbor1	chr17	7533854	7534348	LTR/ERV1	3182	+	247	7534101	72270
chr17	7461831	7661831	harbor1	chr17	7537191	7537664	LTR/ERV1	912	+	236	7537427	75596
chr17	7461831	7661831	harbor1	chr17	7538473	7539076	LTR/ERV1	2673	+	302	7538775	76944
chr17	76637272	76837272	harbor1	chr17	76640866	76641353	LTR/ERV1	3302	+	244	76641110	3838
chr17	60048761	60248761	harbor1	chr17	60129092	60129363	LTR/ERV1	639	+	136	60129228	80467
chr17	39654784	39854784	harbor1	chr17	39681399	39681512	LTR/ERV1	1529	+	56	39681455	26671
chr17	39654784	39854784	harbor1	chr17	39681802	39681938	LTR/ERV1	1529	+	68	39681870	27086
chr17	39654784	39854784	harbor1	chr17	39682256	39682455	LTR/ERV1	1529	+	100	39682356	27572
chr17	76637283	76837283	harbor1	chr17	76640866	76641353	LTR/ERV1	3302	+	244	76641110	3827
chr17	7461858	7661858	harbor1	chr17	7532328	7532759	LTR/ERV1	5191	+	216	7532544	70686
chr17	7461858	7661858	harbor1	chr17	7533046	7533291	LTR/ERV1	5191	+	122	7533168	71310
chr17	7461858	7661858	harbor1	chr17	7533493	7533541	LTR/ERV1	3182	+	24	7533517	71659
chr17	7461858	7661858	harbor1	chr17	7533854	7534348	LTR/ERV1	3182	+	247	7534101	72243
chr17	7461858	7661858	harbor1	chr17	7537191	7537664	LTR/ERV1	912	+	236	7537427	75569
chr17	7461858	7661858	harbor1	chr17	7538473	7539076	LTR/ERV1	2673	+	302	7538775	76917
chr17	76140876	76340876	harbor1	chr17	76177146	76178643	LTR/ERV1	6180	+	748	76177894	37018
chr17	76140876	76340876	harbor1	chr17	76195772	76196222	LTR/ERV1	2248	+	225	76195997	55121
chr17	78900634	79100634	harbor1	chr17	78984493	78984741	LTR/ERV1	1606	+	124	78984617	83983
chr17	78900634	79100634	harbor1	chr17	78985056	78985090	LTR/ERV1	1606	+	17	78985073	84439
chr17	78900634	79100634	harbor1	chr17	78987776	78987939	LTR/ERV1	3259	+	82	78987858	87224
chr17	78900634	79100634	harbor1	chr17	78988242	78988488	LTR/ERV1	3259	+	123	78988365	87731
chr17	78900634	79100634	harbor1	chr17	78988794	78988909	LTR/ERV1	3259	+	58	78988852	88218
chr17	61280861	61480861	harbor1	chr17	61284001	61284574	LTR/ERV1	3733	+	286	61284287	3426
chr17	7461859	7661859	harbor1	chr17	7532328	7532759	LTR/ERV1	5191	+	216	7532544	70685
chr17	7461859	7661859	harbor1	chr17	7533046	7533291	LTR/ERV1	5191	+	122	7533168	71309
chr17	7461859	7661859	harbor1	chr17	7533493	7533541	LTR/ERV1	3182	+	24	7533517	71658
chr17	7461859	7661859	harbor1	chr17	7533854	7534348	LTR/ERV1	3182	+	247	7534101	72242
chr17	7461859	7661859	harbor1	chr17	7537191	7537664	LTR/ERV1	912	+	236	7537427	75568
chr17	7461859	7661859	harbor1	chr17	7538473	7539076	LTR/ERV1	2673	+	302	7538775	76916
chr17	76637257	76837257	harbor1	chr17	76640866	76641353	LTR/ERV1	3302	+	244	76641110	3853
chr17	76637285	76837285	harbor1	chr17	76640866	76641353	LTR/ERV1	3302	+	244	76641110	3825
chr17	7458773	7658773	harbor1	chr17	7532328	7532759	LTR/ERV1	5191	+	216	7532544	73771
chr17	7458773	7658773	harbor1	chr17	7533046	7533291	LTR/ERV1	5191	+	122	7533168	74395
chr17	7458773	7658773	harbor1	chr17	7533493	7533541	LTR/ERV1	3182	+	24	7533517	74744
chr17	7458773	7658773	harbor1	chr17	7533854	7534348	LTR/ERV1	3182	+	247	7534101	75328
chr17	7458773	7658773	harbor1	chr17	7537191	7537664	LTR/ERV1	912	+	236	7537427	78654
chr17	7458773	7658773	harbor1	chr17	7538473	7539076	LTR/ERV1	2673	+	302	7538775	80002
chr17	63346008	63546008	harbor1	chr17	63434746	63434977	LTR/ERV1	1410	+	116	63434862	88854
chr17	7461864	7661864	harbor1	chr17	7532328	7532759	LTR/ERV1	5191	+	216	7532544	70680
chr17	7461864	7661864	harbor1	chr17	7533046	7533291	LTR/ERV1	5191	+	122	7533168	71304
chr17	7461864	7661864	harbor1	chr17	7533493	7533541	LTR/ERV1	3182	+	24	7533517	71653
chr17	7461864	7661864	harbor1	chr17	7533854	7534348	LTR/ERV1	3182	+	247	7534101	72237
chr17	7461864	7661864	harbor1	chr17	7537191	7537664	LTR/ERV1	912	+	236	7537427	75563
chr17	7461864	7661864	harbor1	chr17	7538473	7539076	LTR/ERV1	2673	+	302	7538775	76911
chr17	76767812	76967812	harbor1	chr17	76787671	76787995	LTR/ERV1	1495	+	162	76787833	20021
chr17	76767812	76967812	harbor1	chr17	76789726	76789900	LTR/ERV1	996	+	87	76789813	22001
chr17	76767812	76967812	harbor1	chr17	76802771	76802938	LTR/ERV1	924	+	84	76802855	35043
chr17	76767812	76967812	harbor1	chr17	76803209	76803910	LTR/ERV1	4557	+	350	76803559	35747
chr17	76767812	76967812	harbor1	chr17	76804117	76804154	LTR/ERV1	789	+	18	76804135	36323
chr17	76767812	76967812	harbor1	chr17	76804458	76804564	LTR/ERV1	789	+	53	76804511	36699
chr17	76767812	76967812	harbor1	chr17	76805948	76807489	LTR/ERV1	10935	+	770	76806718	38906
chr17	76767812	76967812	harbor1	chr17	76807980	76808069	LTR/ERV1	1183	+	44	76808024	40212
chr17	76767812	76967812	harbor1	chr17	76808362	76808542	LTR/ERV1	1183	+	90	76808452	40640
chr17	76767812	76967812	harbor1	chr17	76808962	76809032	LTR/ERV1	883	+	35	76808997	41185
chr17	76767812	76967812	harbor1	chr17	76809646	76809743	LTR/ERV1	883	+	48	76809694	41882
chr17	76767812	76967812	harbor1	chr17	76810049	76810185	LTR/ERV1	883	+	68	76810117	42305
chr17	76767812	76967812	harbor1	chr17	76858171	76858473	LTR/ERV1	2781	+	151	76858322	90510
chr17	76767812	76967812	harbor1	chr17	76858787	76859059	LTR/ERV1	2781	+	136	76858923	91111
chr17	76767812	76967812	harbor1	chr17	76860400	76860893	LTR/ERV1	2500	+	246	76860646	92834
chr17	61236540	61436540	harbor1	chr17	61237098	61237651	LTR/ERV1	3853	+	276	61237374	834
chr17	61236540	61436540	harbor1	chr17	61284001	61284574	LTR/ERV1	3733	+	286	61284287	47747
chr17	76637313	76837313	harbor1	chr17	76640866	76641353	LTR/ERV1	3302	+	244	76641110	3797
chr17	81583380	81783380	harbor1	chr17	81656964	81657596	LTR/ERV1	2136	+	316	81657280	73900
chr17	81583380	81783380	harbor1	chr17	81661340	81661435	LTR/ERV1	615	+	48	81661388	78008
chr17	81583380	81783380	harbor1	chr17	81662044	81662250	LTR/ERV1	1212	+	103	81662147	78767
chr17	81583380	81783380	harbor1	chr17	81662630	81662674	LTR/ERV1	1212	+	22	81662652	79272
chr17	81583380	81783380	harbor1	chr17	81662676	81662716	LTR/ERV1	1695	+	20	81662696	79316
chr17	81583380	81783380	harbor1	chr17	81662943	81663400	LTR/ERV1	1695	+	228	81663171	79791
chr17	81583380	81783380	harbor1	chr17	81677781	81678213	LTR/ERV1	2058	+	216	81677997	94617
chr17	81583380	81783380	harbor1	chr17	81678508	81678563	LTR/ERV1	2058	+	28	81678536	95156
chr17	81583380	81783380	harbor1	chr17	81678860	81678894	LTR/ERV1	2058	+	17	81678877	95497
chr17	81583380	81783380	harbor1	chr17	81679184	81679286	LTR/ERV1	2058	+	51	81679235	95855
chr17	78988152	79188152	harbor1	chr17	78988242	78988488	LTR/ERV1	3259	+	123	78988365	213
chr17	78988152	79188152	harbor1	chr17	78988794	78988909	LTR/ERV1	3259	+	58	78988852	700
chr17	78988152	79188152	harbor1	chr17	79010892	79011346	LTR/ERV1	3091	+	227	79011119	22967
chr17	78988152	79188152	harbor1	chr17	79011645	79012265	LTR/ERV1	4410	+	310	79011955	23803
chr17	78988152	79188152	harbor1	chr17	79012266	79015576	LTR/ERV1	18340	+	1655	79013921	25769
chr17	78988152	79188152	harbor1	chr17	79015885	79016877	LTR/ERV1	18340	+	496	79016381	28229
chr17	78988152	79188152	harbor1	chr17	79017284	79017619	LTR/ERV1	18340	+	168	79017452	29300
chr17	78988152	79188152	harbor1	chr17	79017620	79018141	LTR/ERV1	3106	+	260	79017880	29728
chr17	78988152	79188152	harbor1	chr17	79018517	79018636	LTR/ERV1	739	+	60	79018577	30425
chr17	62527967	62727967	harbor1	chr17	62545299	62545401	LTR/ERV1	776	+	51	62545350	17383
chr17	59909729	60109729	harbor1	chr17	59979496	59979970	LTR/ERV1	3204	+	237	59979733	70004
chr17	80901662	81101662	harbor1	chr17	80914119	80916662	LTR/ERV1	6418	+	1272	80915391	13729
chr17	76637274	76837274	harbor1	chr17	76640866	76641353	LTR/ERV1	3302	+	244	76641110	3836
chr17	76768641	76968641	harbor1	chr17	76787671	76787995	LTR/ERV1	1495	+	162	76787833	19192
chr17	76768641	76968641	harbor1	chr17	76789726	76789900	LTR/ERV1	996	+	87	76789813	21172
chr17	76768641	76968641	harbor1	chr17	76802771	76802938	LTR/ERV1	924	+	84	76802855	34214
chr17	76768641	76968641	harbor1	chr17	76803209	76803910	LTR/ERV1	4557	+	350	76803559	34918
chr17	76768641	76968641	harbor1	chr17	76804117	76804154	LTR/ERV1	789	+	18	76804135	35494
chr17	76768641	76968641	harbor1	chr17	76804458	76804564	LTR/ERV1	789	+	53	76804511	35870
chr17	76768641	76968641	harbor1	chr17	76805948	76807489	LTR/ERV1	10935	+	770	76806718	38077
chr17	76768641	76968641	harbor1	chr17	76807980	76808069	LTR/ERV1	1183	+	44	76808024	39383
chr17	76768641	76968641	harbor1	chr17	76808362	76808542	LTR/ERV1	1183	+	90	76808452	39811
chr17	76768641	76968641	harbor1	chr17	76808962	76809032	LTR/ERV1	883	+	35	76808997	40356
chr17	76768641	76968641	harbor1	chr17	76809646	76809743	LTR/ERV1	883	+	48	76809694	41053
chr17	76768641	76968641	harbor1	chr17	76810049	76810185	LTR/ERV1	883	+	68	76810117	41476
chr17	76768641	76968641	harbor1	chr17	76858171	76858473	LTR/ERV1	2781	+	151	76858322	89681
chr17	76768641	76968641	harbor1	chr17	76858787	76859059	LTR/ERV1	2781	+	136	76858923	90282
chr17	76768641	76968641	harbor1	chr17	76860400	76860893	LTR/ERV1	2500	+	246	76860646	92005
chr17	81177233	81377233	harbor1	chr17	81234841	81235306	LTR/ERV1	1836	+	232	81235073	57840
chr17	81177233	81377233	harbor1	chr17	81238279	81238616	LTR/ERV1	1076	+	168	81238447	61214
chr17	76637097	76837097	harbor1	chr17	76640866	76641353	LTR/ERV1	3302	+	244	76641110	4013
chr17	27460460	27660460	harbor1	chr17	27516856	27517316	LTR/ERV1	2467	+	230	27517086	56626
chr17	27460460	27660460	harbor1	chr17	27517595	27517611	LTR/ERV1	2467	+	8	27517603	57143
chr17	7461848	7661848	harbor1	chr17	7532328	7532759	LTR/ERV1	5191	+	216	7532544	70696
chr17	7461848	7661848	harbor1	chr17	7533046	7533291	LTR/ERV1	5191	+	122	7533168	71320
chr17	7461848	7661848	harbor1	chr17	7533493	7533541	LTR/ERV1	3182	+	24	7533517	71669
chr17	7461848	7661848	harbor1	chr17	7533854	7534348	LTR/ERV1	3182	+	247	7534101	72253
chr17	7461848	7661848	harbor1	chr17	7537191	7537664	LTR/ERV1	912	+	236	7537427	75579
chr17	7461848	7661848	harbor1	chr17	7538473	7539076	LTR/ERV1	2673	+	302	7538775	76927
chr17	8283703	8483703	harbor1	chr17	8306373	8306514	LTR/ERV1	2746	+	70	8306443	22740
chr17	8283703	8483703	harbor1	chr17	8306804	8307083	LTR/ERV1	2746	+	140	8306944	23241
chr17	8283703	8483703	harbor1	chr17	8307335	8307346	LTR/ERV1	2746	+	6	8307341	23638
chr17	8283703	8483703	harbor1	chr17	8307731	8308240	LTR/ERV1	3542	+	254	8307985	24282
chr17	8283703	8483703	harbor1	chr17	8308533	8308607	LTR/ERV1	3542	+	37	8308570	24867
chr17	8283703	8483703	harbor1	chr17	8338305	8338827	LTR/ERV1	2925	+	261	8338566	54863
chr17	8283703	8483703	harbor1	chr17	8380695	8381392	LTR/ERV1	3248	+	348	8381043	97340
chr17	76767813	76967813	harbor1	chr17	76787671	76787995	LTR/ERV1	1495	+	162	76787833	20020
chr17	76767813	76967813	harbor1	chr17	76789726	76789900	LTR/ERV1	996	+	87	76789813	22000
chr17	76767813	76967813	harbor1	chr17	76802771	76802938	LTR/ERV1	924	+	84	76802855	35042
chr17	76767813	76967813	harbor1	chr17	76803209	76803910	LTR/ERV1	4557	+	350	76803559	35746
chr17	76767813	76967813	harbor1	chr17	76804117	76804154	LTR/ERV1	789	+	18	76804135	36322
chr17	76767813	76967813	harbor1	chr17	76804458	76804564	LTR/ERV1	789	+	53	76804511	36698
chr17	76767813	76967813	harbor1	chr17	76805948	76807489	LTR/ERV1	10935	+	770	76806718	38905
chr17	76767813	76967813	harbor1	chr17	76807980	76808069	LTR/ERV1	1183	+	44	76808024	40211
chr17	76767813	76967813	harbor1	chr17	76808362	76808542	LTR/ERV1	1183	+	90	76808452	40639
chr17	76767813	76967813	harbor1	chr17	76808962	76809032	LTR/ERV1	883	+	35	76808997	41184
chr17	76767813	76967813	harbor1	chr17	76809646	76809743	LTR/ERV1	883	+	48	76809694	41881
chr17	76767813	76967813	harbor1	chr17	76810049	76810185	LTR/ERV1	883	+	68	76810117	42304
chr17	76767813	76967813	harbor1	chr17	76858171	76858473	LTR/ERV1	2781	+	151	76858322	90509
chr17	76767813	76967813	harbor1	chr17	76858787	76859059	LTR/ERV1	2781	+	136	76858923	91110
chr17	76767813	76967813	harbor1	chr17	76860400	76860893	LTR/ERV1	2500	+	246	76860646	92833
chr17	76635280	76835280	harbor1	chr17	76640866	76641353	LTR/ERV1	3302	+	244	76641110	5830
chr17	81583409	81783409	harbor1	chr17	81656964	81657596	LTR/ERV1	2136	+	316	81657280	73871
chr17	81583409	81783409	harbor1	chr17	81661340	81661435	LTR/ERV1	615	+	48	81661388	77979
chr17	81583409	81783409	harbor1	chr17	81662044	81662250	LTR/ERV1	1212	+	103	81662147	78738
chr17	81583409	81783409	harbor1	chr17	81662630	81662674	LTR/ERV1	1212	+	22	81662652	79243
chr17	81583409	81783409	harbor1	chr17	81662676	81662716	LTR/ERV1	1695	+	20	81662696	79287
chr17	81583409	81783409	harbor1	chr17	81662943	81663400	LTR/ERV1	1695	+	228	81663171	79762
chr17	81583409	81783409	harbor1	chr17	81677781	81678213	LTR/ERV1	2058	+	216	81677997	94588
chr17	81583409	81783409	harbor1	chr17	81678508	81678563	LTR/ERV1	2058	+	28	81678536	95127
chr17	81583409	81783409	harbor1	chr17	81678860	81678894	LTR/ERV1	2058	+	17	81678877	95468
chr17	81583409	81783409	harbor1	chr17	81679184	81679286	LTR/ERV1	2058	+	51	81679235	95826
chr17	39087119	39287119	harbor1	chr17	39119852	39120131	LTR/ERV1	1775	+	140	39119992	32873
chr17	39087119	39287119	harbor1	chr17	39121141	39121434	LTR/ERV1	1147	+	146	39121287	34168
chr17	39087119	39287119	harbor1	chr17	39145971	39146066	LTR/ERV1	706	+	48	39146019	58900
chr17	39087119	39287119	harbor1	chr17	39146881	39146948	LTR/ERV1	799	+	34	39146915	59796
chr17	39087119	39287119	harbor1	chr17	39147256	39147471	LTR/ERV1	799	+	108	39147364	60245
chr17	39087119	39287119	harbor1	chr17	39168494	39168793	LTR/ERV1	3667	+	150	39168644	81525
chr17	39087119	39287119	harbor1	chr17	39169104	39169425	LTR/ERV1	3667	+	160	39169264	82145
chr17	8283709	8483709	harbor1	chr17	8306373	8306514	LTR/ERV1	2746	+	70	8306443	22734
chr17	8283709	8483709	harbor1	chr17	8306804	8307083	LTR/ERV1	2746	+	140	8306944	23235
chr17	8283709	8483709	harbor1	chr17	8307335	8307346	LTR/ERV1	2746	+	6	8307341	23632
chr17	8283709	8483709	harbor1	chr17	8307731	8308240	LTR/ERV1	3542	+	254	8307985	24276
chr17	8283709	8483709	harbor1	chr17	8308533	8308607	LTR/ERV1	3542	+	37	8308570	24861
chr17	8283709	8483709	harbor1	chr17	8338305	8338827	LTR/ERV1	2925	+	261	8338566	54857
chr17	8283709	8483709	harbor1	chr17	8380695	8381392	LTR/ERV1	3248	+	348	8381043	97334
chr18	75105235	75305235	harbor1	chr18	75171282	75171909	LTR/ERV1	2971	+	314	75171596	66361
chr18	12847445	13047445	harbor1	chr18	12892214	12892355	LTR/ERV1	590	+	70	12892284	44839
chr18	12847445	13047445	harbor1	chr18	12903883	12904397	LTR/ERV1	2721	+	257	12904140	56695
chr18	78209657	78409657	harbor1	chr18	78214682	78214970	LTR/ERV1	952	+	144	78214826	5169
chr18	12207922	12407922	harbor1	chr18	12283750	12284232	LTR/ERV1	1790	+	241	12283991	76069
chr18	8509901	8709901	harbor1	chr18	8551577	8551598	LTR/ERV1	1572	+	10	8551587	41686
chr18	8509901	8709901	harbor1	chr18	8551888	8552120	LTR/ERV1	1572	+	116	8552004	42103
chr18	8509901	8709901	harbor1	chr18	8552200	8552310	LTR/ERV1	482	+	55	8552255	42354
chr18	8509901	8709901	harbor1	chr18	8586019	8587181	LTR/ERV1	2145	+	581	8586600	76699
chr18	8509901	8709901	harbor1	chr18	8594443	8594598	LTR/ERV1	799	+	78	8594521	84620
chr18	8509901	8709901	harbor1	chr18	8552309	8552595	LTR/ERV1	1189	+	143	8552452	42551
chr18	74356659	74556659	harbor1	chr18	74382973	74383014	LTR/ERV1	3558	+	20	74382993	26334
chr18	74356659	74556659	harbor1	chr18	74384086	74384782	LTR/ERV1	3558	+	348	74384434	27775
chr18	74356659	74556659	harbor1	chr18	74386637	74387053	LTR/ERV1	2312	+	208	74386845	30186
chr18	74356659	74556659	harbor1	chr18	74430701	74431306	LTR/ERV1	4137	+	302	74431003	74344
chr18	65651276	65851276	harbor1	chr18	65651421	65651858	LTR/ERV1	3191	+	218	65651639	363
chr18	65651276	65851276	harbor1	chr18	65669165	65669566	LTR/ERV1	1596	+	200	65669365	18089
chr18	65651276	65851276	harbor1	chr18	65723609	65724038	LTR/ERV1	1682	+	214	65723823	72547
chr18	65651276	65851276	harbor1	chr18	65730082	65730612	LTR/ERV1	3054	+	265	65730347	79071
chr18	65651379	65851379	harbor1	chr18	65651421	65651858	LTR/ERV1	3191	+	218	65651639	260
chr18	65651379	65851379	harbor1	chr18	65669165	65669566	LTR/ERV1	1596	+	200	65669365	17986
chr18	65651379	65851379	harbor1	chr18	65723609	65724038	LTR/ERV1	1682	+	214	65723823	72444
chr18	65651379	65851379	harbor1	chr18	65730082	65730612	LTR/ERV1	3054	+	265	65730347	78968
chr18	79580317	79780317	harbor1	chr18	79600981	79601738	LTR/ERV1	5673	+	378	79601359	21042
chr18	79580317	79780317	harbor1	chr18	79639121	79640042	LTR/ERV1	4239	+	460	79639581	59264
chr18	79580317	79780317	harbor1	chr18	79661572	79662022	LTR/ERV1	2065	+	225	79661797	81480
chr18	79580317	79780317	harbor1	chr18	79662102	79662927	LTR/ERV1	4329	+	412	79662514	82197
chr18	79580317	79780317	harbor1	chr18	79662955	79663497	LTR/ERV1	4329	+	271	79663226	82909
chr18	79580317	79780317	harbor1	chr18	79663884	79664091	LTR/ERV1	4329	+	104	79663988	83671
chr18	79580317	79780317	harbor1	chr18	79664584	79664670	LTR/ERV1	582	+	43	79664627	84310
chr18	79580317	79780317	harbor1	chr18	79664809	79665262	LTR/ERV1	3304	+	226	79665035	84718
chr18	79580317	79780317	harbor1	chr18	79665561	79666037	LTR/ERV1	3304	+	238	79665799	85482
chr18	79580317	79780317	harbor1	chr18	79666337	79667667	LTR/ERV1	3072	+	665	79667002	86685
chr18	79580317	79780317	harbor1	chr18	79667953	79668254	LTR/ERV1	1995	+	150	79668103	87786
chr18	79580317	79780317	harbor1	chr18	79668376	79668716	LTR/ERV1	1948	+	170	79668546	88229
chr18	79580317	79780317	harbor1	chr18	79668816	79669115	LTR/ERV1	1205	+	150	79668966	88649
chr18	79580317	79780317	harbor1	chr18	79678159	79678575	LTR/ERV1	1979	+	208	79678367	98050
chr18	59165767	59365767	harbor1	chr18	59201007	59201490	LTR/ERV1	1531	+	242	59201249	35482
chr18	59165767	59365767	harbor1	chr18	59202527	59202853	LTR/ERV1	1903	+	163	59202690	36923
chr18	59165767	59365767	harbor1	chr18	59202854	59205664	LTR/ERV1	20974	+	1405	59204259	38492
chr18	59165767	59365767	harbor1	chr18	59205965	59207291	LTR/ERV1	20974	+	663	59206628	40861
chr18	59165767	59365767	harbor1	chr18	59207555	59207606	LTR/ERV1	20974	+	26	59207581	41814
chr18	59165767	59365767	harbor1	chr18	59207607	59207935	LTR/ERV1	1863	+	164	59207771	42004
chr18	59165767	59365767	harbor1	chr18	59246883	59247326	LTR/ERV1	2982	+	222	59247105	81338
chr18	78209693	78409693	harbor1	chr18	78214682	78214970	LTR/ERV1	952	+	144	78214826	5133
chr19	43523586	43723586	harbor1	chr19	43528344	43528498	LTR/ERV1	698	+	77	43528421	4835
chr19	17678545	17878545	harbor1	chr19	17711404	17711647	LTR/ERV1	3466	+	122	17711526	32981
chr19	17678545	17878545	harbor1	chr19	17711960	17712138	LTR/ERV1	3466	+	89	17712049	33504
chr19	17678545	17878545	harbor1	chr19	17712451	17712672	LTR/ERV1	3466	+	110	17712561	34016
chr19	5521747	5721747	harbor1	chr19	5548576	5549016	LTR/ERV1	3815	+	220	5548796	27049
chr19	5521747	5721747	harbor1	chr19	5549017	5551892	LTR/ERV1	15423	+	1438	5550455	28708
chr19	5521747	5721747	harbor1	chr19	5551872	5552016	LTR/ERV1	835	+	72	5551944	30197
chr19	5521747	5721747	harbor1	chr19	5552007	5552168	LTR/ERV1	1037	+	80	5552087	30340
chr19	5521747	5721747	harbor1	chr19	5552161	5552771	LTR/ERV1	4429	+	305	5552466	30719
chr19	5521747	5721747	harbor1	chr19	5552772	5553212	LTR/ERV1	3809	+	220	5552992	31245
chr19	9986281	10186281	harbor1	chr19	10000058	10000276	LTR/ERV1	1118	+	109	10000167	13886
chr19	5521868	5721868	harbor1	chr19	5548576	5549016	LTR/ERV1	3815	+	220	5548796	26928
chr19	5521868	5721868	harbor1	chr19	5549017	5551892	LTR/ERV1	15423	+	1438	5550455	28587
chr19	5521868	5721868	harbor1	chr19	5551872	5552016	LTR/ERV1	835	+	72	5551944	30076
chr19	5521868	5721868	harbor1	chr19	5552007	5552168	LTR/ERV1	1037	+	80	5552087	30219
chr19	5521868	5721868	harbor1	chr19	5552161	5552771	LTR/ERV1	4429	+	305	5552466	30598
chr19	5521868	5721868	harbor1	chr19	5552772	5553212	LTR/ERV1	3809	+	220	5552992	31124
chr19	5521752	5721752	harbor1	chr19	5548576	5549016	LTR/ERV1	3815	+	220	5548796	27044
chr19	5521752	5721752	harbor1	chr19	5549017	5551892	LTR/ERV1	15423	+	1438	5550455	28703
chr19	5521752	5721752	harbor1	chr19	5551872	5552016	LTR/ERV1	835	+	72	5551944	30192
chr19	5521752	5721752	harbor1	chr19	5552007	5552168	LTR/ERV1	1037	+	80	5552087	30335
chr19	5521752	5721752	harbor1	chr19	5552161	5552771	LTR/ERV1	4429	+	305	5552466	30714
chr19	5521752	5721752	harbor1	chr19	5552772	5553212	LTR/ERV1	3809	+	220	5552992	31240
chr19	5523072	5723072	harbor1	chr19	5548576	5549016	LTR/ERV1	3815	+	220	5548796	25724
chr19	5523072	5723072	harbor1	chr19	5549017	5551892	LTR/ERV1	15423	+	1438	5550455	27383
chr19	5523072	5723072	harbor1	chr19	5551872	5552016	LTR/ERV1	835	+	72	5551944	28872
chr19	5523072	5723072	harbor1	chr19	5552007	5552168	LTR/ERV1	1037	+	80	5552087	29015
chr19	5523072	5723072	harbor1	chr19	5552161	5552771	LTR/ERV1	4429	+	305	5552466	29394
chr19	5523072	5723072	harbor1	chr19	5552772	5553212	LTR/ERV1	3809	+	220	5552992	29920
chr19	5522548	5722548	harbor1	chr19	5548576	5549016	LTR/ERV1	3815	+	220	5548796	26248
chr19	5522548	5722548	harbor1	chr19	5549017	5551892	LTR/ERV1	15423	+	1438	5550455	27907
chr19	5522548	5722548	harbor1	chr19	5551872	5552016	LTR/ERV1	835	+	72	5551944	29396
chr19	5522548	5722548	harbor1	chr19	5552007	5552168	LTR/ERV1	1037	+	80	5552087	29539
chr19	5522548	5722548	harbor1	chr19	5552161	5552771	LTR/ERV1	4429	+	305	5552466	29918
chr19	5522548	5722548	harbor1	chr19	5552772	5553212	LTR/ERV1	3809	+	220	5552992	30444
chr19	5522869	5722869	harbor1	chr19	5548576	5549016	LTR/ERV1	3815	+	220	5548796	25927
chr19	5522869	5722869	harbor1	chr19	5549017	5551892	LTR/ERV1	15423	+	1438	5550455	27586
chr19	5522869	5722869	harbor1	chr19	5551872	5552016	LTR/ERV1	835	+	72	5551944	29075
chr19	5522869	5722869	harbor1	chr19	5552007	5552168	LTR/ERV1	1037	+	80	5552087	29218
chr19	5522869	5722869	harbor1	chr19	5552161	5552771	LTR/ERV1	4429	+	305	5552466	29597
chr19	5522869	5722869	harbor1	chr19	5552772	5553212	LTR/ERV1	3809	+	220	5552992	30123
chr19	5521916	5721916	harbor1	chr19	5548576	5549016	LTR/ERV1	3815	+	220	5548796	26880
chr19	5521916	5721916	harbor1	chr19	5549017	5551892	LTR/ERV1	15423	+	1438	5550455	28539
chr19	5521916	5721916	harbor1	chr19	5551872	5552016	LTR/ERV1	835	+	72	5551944	30028
chr19	5521916	5721916	harbor1	chr19	5552007	5552168	LTR/ERV1	1037	+	80	5552087	30171
chr19	5521916	5721916	harbor1	chr19	5552161	5552771	LTR/ERV1	4429	+	305	5552466	30550
chr19	5521916	5721916	harbor1	chr19	5552772	5553212	LTR/ERV1	3809	+	220	5552992	31076
chr19	5522558	5722558	harbor1	chr19	5548576	5549016	LTR/ERV1	3815	+	220	5548796	26238
chr19	5522558	5722558	harbor1	chr19	5549017	5551892	LTR/ERV1	15423	+	1438	5550455	27897
chr19	5522558	5722558	harbor1	chr19	5551872	5552016	LTR/ERV1	835	+	72	5551944	29386
chr19	5522558	5722558	harbor1	chr19	5552007	5552168	LTR/ERV1	1037	+	80	5552087	29529
chr19	5522558	5722558	harbor1	chr19	5552161	5552771	LTR/ERV1	4429	+	305	5552466	29908
chr19	5522558	5722558	harbor1	chr19	5552772	5553212	LTR/ERV1	3809	+	220	5552992	30434
chr19	5523054	5723054	harbor1	chr19	5548576	5549016	LTR/ERV1	3815	+	220	5548796	25742
chr19	5523054	5723054	harbor1	chr19	5549017	5551892	LTR/ERV1	15423	+	1438	5550455	27401
chr19	5523054	5723054	harbor1	chr19	5551872	5552016	LTR/ERV1	835	+	72	5551944	28890
chr19	5523054	5723054	harbor1	chr19	5552007	5552168	LTR/ERV1	1037	+	80	5552087	29033
chr19	5523054	5723054	harbor1	chr19	5552161	5552771	LTR/ERV1	4429	+	305	5552466	29412
chr19	5523054	5723054	harbor1	chr19	5552772	5553212	LTR/ERV1	3809	+	220	5552992	29938
chr19	1350529	1550529	harbor1	chr19	1442428	1442896	LTR/ERV1	3133	+	234	1442662	92133
chr19	19675467	19875467	harbor1	chr19	19697161	19697725	LTR/ERV1	3767	+	282	19697443	21976
chr19	19675467	19875467	harbor1	chr19	19698737	19698924	LTR/ERV1	1285	+	94	19698831	23364
chr19	19675467	19875467	harbor1	chr19	19701247	19701427	LTR/ERV1	1147	+	90	19701337	25870
chr19	19675467	19875467	harbor1	chr19	19701741	19701868	LTR/ERV1	1147	+	64	19701805	26338
chr19	19675467	19875467	harbor1	chr19	19709224	19709942	LTR/ERV1	3773	+	359	19709583	34116
chr19	34913533	35113533	harbor1	chr19	34918017	34918709	LTR/ERV1	3290	+	346	34918363	4830
chr19	34913533	35113533	harbor1	chr19	34966123	34966310	LTR/ERV1	3109	+	94	34966217	52684
chr19	34913533	35113533	harbor1	chr19	34966607	34967152	LTR/ERV1	3109	+	272	34966879	53346
chr19	34913533	35113533	harbor1	chr19	34967511	34968306	LTR/ERV1	4738	+	398	34967909	54376
chr19	34913533	35113533	harbor1	chr19	34975949	34976185	LTR/ERV1	3703	+	118	34976067	62534
chr19	34913533	35113533	harbor1	chr19	34976493	34976857	LTR/ERV1	3703	+	182	34976675	63142
chr19	393525	593525	harbor1	chr19	487753	488211	LTR/ERV1	3643	+	229	487982	94457
chr19	5521188	5721188	harbor1	chr19	5548576	5549016	LTR/ERV1	3815	+	220	5548796	27608
chr19	5521188	5721188	harbor1	chr19	5549017	5551892	LTR/ERV1	15423	+	1438	5550455	29267
chr19	5521188	5721188	harbor1	chr19	5551872	5552016	LTR/ERV1	835	+	72	5551944	30756
chr19	5521188	5721188	harbor1	chr19	5552007	5552168	LTR/ERV1	1037	+	80	5552087	30899
chr19	5521188	5721188	harbor1	chr19	5552161	5552771	LTR/ERV1	4429	+	305	5552466	31278
chr19	5521188	5721188	harbor1	chr19	5552772	5553212	LTR/ERV1	3809	+	220	5552992	31804
chr19	58378212	58578212	harbor1	chr19	58460025	58460629	LTR/ERV1	1012	+	302	58460327	82115
chr19	58378212	58578212	harbor1	chr19	58460626	58460686	LTR/ERV1	3219	+	30	58460656	82444
chr19	58378212	58578212	harbor1	chr19	58460987	58461867	LTR/ERV1	3219	+	440	58461427	83215
chr19	58378212	58578212	harbor1	chr19	58462175	58462224	LTR/ERV1	3219	+	24	58462199	83987
chr19	36428193	36628193	harbor1	chr19	36429282	36429465	LTR/ERV1	2700	+	92	36429374	1181
chr19	36428193	36628193	harbor1	chr19	36429752	36429972	LTR/ERV1	2700	+	110	36429862	1669
chr19	36428193	36628193	harbor1	chr19	36430279	36430333	LTR/ERV1	2700	+	27	36430306	2113
chr19	36428193	36628193	harbor1	chr19	36436486	36436832	LTR/ERV1	1729	+	173	36436659	8466
chr19	36428193	36628193	harbor1	chr19	36437441	36437634	LTR/ERV1	1729	+	96	36437537	9344
chr19	36428193	36628193	harbor1	chr19	36507441	36507490	LTR/ERV1	790	+	24	36507465	79272
chr19	36428193	36628193	harbor1	chr19	36507789	36507985	LTR/ERV1	790	+	98	36507887	79694
chr19	36428193	36628193	harbor1	chr19	36508300	36508509	LTR/ERV1	1055	+	104	36508404	80211
chr19	36428193	36628193	harbor1	chr19	36509799	36509913	LTR/ERV1	1055	+	57	36509856	81663
chr19	3444890	3644890	harbor1	chr19	3498224	3498410	LTR/ERV1	4572	+	93	3498317	53427
chr19	3444890	3644890	harbor1	chr19	3498705	3499184	LTR/ERV1	4572	+	240	3498945	54055
chr19	45368712	45568712	harbor1	chr19	45375084	45375131	LTR/ERV1	1551	+	24	45375108	6396
chr19	45368712	45568712	harbor1	chr19	45375446	45375536	LTR/ERV1	1551	+	45	45375491	6779
chr19	45368712	45568712	harbor1	chr19	45375859	45376092	LTR/ERV1	1551	+	116	45375975	7263
chr19	45368712	45568712	harbor1	chr19	45390230	45390717	LTR/ERV1	3880	+	244	45390474	21762
chr19	5518790	5718790	harbor1	chr19	5548576	5549016	LTR/ERV1	3815	+	220	5548796	30006
chr19	5518790	5718790	harbor1	chr19	5549017	5551892	LTR/ERV1	15423	+	1438	5550455	31665
chr19	5518790	5718790	harbor1	chr19	5551872	5552016	LTR/ERV1	835	+	72	5551944	33154
chr19	5518790	5718790	harbor1	chr19	5552007	5552168	LTR/ERV1	1037	+	80	5552087	33297
chr19	5518790	5718790	harbor1	chr19	5552161	5552771	LTR/ERV1	4429	+	305	5552466	33676
chr19	5518790	5718790	harbor1	chr19	5552772	5553212	LTR/ERV1	3809	+	220	5552992	34202
chr19	18335200	18535200	harbor1	chr19	18335334	18335906	LTR/ERV1	5085	+	286	18335620	420
chr19	18335200	18535200	harbor1	chr19	18336221	18336500	LTR/ERV1	5085	+	140	18336361	1161
chr19	5482378	5682378	harbor1	chr19	5548576	5549016	LTR/ERV1	3815	+	220	5548796	66418
chr19	5482378	5682378	harbor1	chr19	5549017	5551892	LTR/ERV1	15423	+	1438	5550455	68077
chr19	5482378	5682378	harbor1	chr19	5551872	5552016	LTR/ERV1	835	+	72	5551944	69566
chr19	5482378	5682378	harbor1	chr19	5552007	5552168	LTR/ERV1	1037	+	80	5552087	69709
chr19	5482378	5682378	harbor1	chr19	5552161	5552771	LTR/ERV1	4429	+	305	5552466	70088
chr19	5482378	5682378	harbor1	chr19	5552772	5553212	LTR/ERV1	3809	+	220	5552992	70614
chr19	5522544	5722544	harbor1	chr19	5548576	5549016	LTR/ERV1	3815	+	220	5548796	26252
chr19	5522544	5722544	harbor1	chr19	5549017	5551892	LTR/ERV1	15423	+	1438	5550455	27911
chr19	5522544	5722544	harbor1	chr19	5551872	5552016	LTR/ERV1	835	+	72	5551944	29400
chr19	5522544	5722544	harbor1	chr19	5552007	5552168	LTR/ERV1	1037	+	80	5552087	29543
chr19	5522544	5722544	harbor1	chr19	5552161	5552771	LTR/ERV1	4429	+	305	5552466	29922
chr19	5522544	5722544	harbor1	chr19	5552772	5553212	LTR/ERV1	3809	+	220	5552992	30448
chr19	5521887	5721887	harbor1	chr19	5548576	5549016	LTR/ERV1	3815	+	220	5548796	26909
chr19	5521887	5721887	harbor1	chr19	5549017	5551892	LTR/ERV1	15423	+	1438	5550455	28568
chr19	5521887	5721887	harbor1	chr19	5551872	5552016	LTR/ERV1	835	+	72	5551944	30057
chr19	5521887	5721887	harbor1	chr19	5552007	5552168	LTR/ERV1	1037	+	80	5552087	30200
chr19	5521887	5721887	harbor1	chr19	5552161	5552771	LTR/ERV1	4429	+	305	5552466	30579
chr19	5521887	5721887	harbor1	chr19	5552772	5553212	LTR/ERV1	3809	+	220	5552992	31105
chr19	5521182	5721182	harbor1	chr19	5548576	5549016	LTR/ERV1	3815	+	220	5548796	27614
chr19	5521182	5721182	harbor1	chr19	5549017	5551892	LTR/ERV1	15423	+	1438	5550455	29273
chr19	5521182	5721182	harbor1	chr19	5551872	5552016	LTR/ERV1	835	+	72	5551944	30762
chr19	5521182	5721182	harbor1	chr19	5552007	5552168	LTR/ERV1	1037	+	80	5552087	30905
chr19	5521182	5721182	harbor1	chr19	5552161	5552771	LTR/ERV1	4429	+	305	5552466	31284
chr19	5521182	5721182	harbor1	chr19	5552772	5553212	LTR/ERV1	3809	+	220	5552992	31810
chr19	1350450	1550450	harbor1	chr19	1442428	1442896	LTR/ERV1	3133	+	234	1442662	92212
chr19	51494378	51694378	harbor1	chr19	51547800	51548367	LTR/ERV1	3777	+	284	51548084	53706
chr19	3434558	3634558	harbor1	chr19	3498224	3498410	LTR/ERV1	4572	+	93	3498317	63759
chr19	3434558	3634558	harbor1	chr19	3498705	3499184	LTR/ERV1	4572	+	240	3498945	64387
chr19	19676588	19876588	harbor1	chr19	19697161	19697725	LTR/ERV1	3767	+	282	19697443	20855
chr19	19676588	19876588	harbor1	chr19	19698737	19698924	LTR/ERV1	1285	+	94	19698831	22243
chr19	19676588	19876588	harbor1	chr19	19701247	19701427	LTR/ERV1	1147	+	90	19701337	24749
chr19	19676588	19876588	harbor1	chr19	19701741	19701868	LTR/ERV1	1147	+	64	19701805	25217
chr19	19676588	19876588	harbor1	chr19	19709224	19709942	LTR/ERV1	3773	+	359	19709583	32995
chr19	49288352	49488352	harbor1	chr19	49303697	49304169	LTR/ERV1	1798	+	236	49303933	15581
chr19	49288352	49488352	harbor1	chr19	49304170	49304482	LTR/ERV1	1789	+	156	49304326	15974
chr19	49288352	49488352	harbor1	chr19	49368647	49369242	LTR/ERV1	3346	+	298	49368945	80593
chr19	1405910	1605910	harbor1	chr19	1442428	1442896	LTR/ERV1	3133	+	234	1442662	36752
chr19	19564047	19764047	harbor1	chr19	19582190	19582968	LTR/ERV1	4612	+	389	19582579	18532
chr19	19564047	19764047	harbor1	chr19	19585545	19585977	LTR/ERV1	3520	+	216	19585761	21714
chr19	5522872	5722872	harbor1	chr19	5548576	5549016	LTR/ERV1	3815	+	220	5548796	25924
chr19	5522872	5722872	harbor1	chr19	5549017	5551892	LTR/ERV1	15423	+	1438	5550455	27583
chr19	5522872	5722872	harbor1	chr19	5551872	5552016	LTR/ERV1	835	+	72	5551944	29072
chr19	5522872	5722872	harbor1	chr19	5552007	5552168	LTR/ERV1	1037	+	80	5552087	29215
chr19	5522872	5722872	harbor1	chr19	5552161	5552771	LTR/ERV1	4429	+	305	5552466	29594
chr19	5522872	5722872	harbor1	chr19	5552772	5553212	LTR/ERV1	3809	+	220	5552992	30120
chr19	48773840	48973840	harbor1	chr19	48810167	48810574	LTR/ERV1	1554	+	204	48810371	36531
chr19	48773840	48973840	harbor1	chr19	48830072	48830629	LTR/ERV1	3847	+	278	48830350	56510
chr19	19675775	19875775	harbor1	chr19	19697161	19697725	LTR/ERV1	3767	+	282	19697443	21668
chr19	19675775	19875775	harbor1	chr19	19698737	19698924	LTR/ERV1	1285	+	94	19698831	23056
chr19	19675775	19875775	harbor1	chr19	19701247	19701427	LTR/ERV1	1147	+	90	19701337	25562
chr19	19675775	19875775	harbor1	chr19	19701741	19701868	LTR/ERV1	1147	+	64	19701805	26030
chr19	19675775	19875775	harbor1	chr19	19709224	19709942	LTR/ERV1	3773	+	359	19709583	33808
chr19	5523021	5723021	harbor1	chr19	5548576	5549016	LTR/ERV1	3815	+	220	5548796	25775
chr19	5523021	5723021	harbor1	chr19	5549017	5551892	LTR/ERV1	15423	+	1438	5550455	27434
chr19	5523021	5723021	harbor1	chr19	5551872	5552016	LTR/ERV1	835	+	72	5551944	28923
chr19	5523021	5723021	harbor1	chr19	5552007	5552168	LTR/ERV1	1037	+	80	5552087	29066
chr19	5523021	5723021	harbor1	chr19	5552161	5552771	LTR/ERV1	4429	+	305	5552466	29445
chr19	5523021	5723021	harbor1	chr19	5552772	5553212	LTR/ERV1	3809	+	220	5552992	29971
chr19	19674533	19874533	harbor1	chr19	19697161	19697725	LTR/ERV1	3767	+	282	19697443	22910
chr19	19674533	19874533	harbor1	chr19	19698737	19698924	LTR/ERV1	1285	+	94	19698831	24298
chr19	19674533	19874533	harbor1	chr19	19701247	19701427	LTR/ERV1	1147	+	90	19701337	26804
chr19	19674533	19874533	harbor1	chr19	19701741	19701868	LTR/ERV1	1147	+	64	19701805	27272
chr19	19674533	19874533	harbor1	chr19	19709224	19709942	LTR/ERV1	3773	+	359	19709583	35050
chr19	32305870	32505870	harbor1	chr19	32392867	32393645	LTR/ERV1	4338	+	389	32393256	87386
chr19	5522534	5722534	harbor1	chr19	5548576	5549016	LTR/ERV1	3815	+	220	5548796	26262
chr19	5522534	5722534	harbor1	chr19	5549017	5551892	LTR/ERV1	15423	+	1438	5550455	27921
chr19	5522534	5722534	harbor1	chr19	5551872	5552016	LTR/ERV1	835	+	72	5551944	29410
chr19	5522534	5722534	harbor1	chr19	5552007	5552168	LTR/ERV1	1037	+	80	5552087	29553
chr19	5522534	5722534	harbor1	chr19	5552161	5552771	LTR/ERV1	4429	+	305	5552466	29932
chr19	5522534	5722534	harbor1	chr19	5552772	5553212	LTR/ERV1	3809	+	220	5552992	30458
chr19	18959517	19159517	harbor1	chr19	18964494	18964584	LTR/ERV1	3890	+	45	18964539	5022
chr19	18959517	19159517	harbor1	chr19	18965183	18965194	LTR/ERV1	3890	+	6	18965189	5672
chr19	18959517	19159517	harbor1	chr19	18965507	18965709	LTR/ERV1	3890	+	101	18965608	6091
chr19	18959517	19159517	harbor1	chr19	18965977	18966043	LTR/ERV1	3890	+	33	18966010	6493
chr19	18959517	19159517	harbor1	chr19	18966345	18966703	LTR/ERV1	3890	+	179	18966524	7007
chr19	18959517	19159517	harbor1	chr19	18997815	18998290	LTR/ERV1	1742	+	238	18998053	38536
chr19	16427350	16627350	harbor1	chr19	16473001	16473122	LTR/ERV1	750	+	60	16473061	45711
chr19	16427350	16627350	harbor1	chr19	16474915	16475455	LTR/ERV1	1604	+	270	16475185	47835
chr19	16427350	16627350	harbor1	chr19	16493068	16493541	LTR/ERV1	2547	+	236	16493304	65954
chr19	3456907	3656907	harbor1	chr19	3498224	3498410	LTR/ERV1	4572	+	93	3498317	41410
chr19	3456907	3656907	harbor1	chr19	3498705	3499184	LTR/ERV1	4572	+	240	3498945	42038
chr19	19675501	19875501	harbor1	chr19	19697161	19697725	LTR/ERV1	3767	+	282	19697443	21942
chr19	19675501	19875501	harbor1	chr19	19698737	19698924	LTR/ERV1	1285	+	94	19698831	23330
chr19	19675501	19875501	harbor1	chr19	19701247	19701427	LTR/ERV1	1147	+	90	19701337	25836
chr19	19675501	19875501	harbor1	chr19	19701741	19701868	LTR/ERV1	1147	+	64	19701805	26304
chr19	19675501	19875501	harbor1	chr19	19709224	19709942	LTR/ERV1	3773	+	359	19709583	34082
chr19	3858539	4058539	harbor1	chr19	3874959	3875199	LTR/ERV1	1765	+	120	3875079	16540
chr19	19534101	19734101	harbor1	chr19	19582190	19582968	LTR/ERV1	4612	+	389	19582579	48478
chr19	19534101	19734101	harbor1	chr19	19585545	19585977	LTR/ERV1	3520	+	216	19585761	51660
chr19	1812679	2012679	harbor1	chr19	1903880	1903985	LTR/ERV1	847	+	52	1903932	91253
chr19	1812679	2012679	harbor1	chr19	1904289	1904647	LTR/ERV1	847	+	179	1904468	91789
chr19	1350379	1550379	harbor1	chr19	1442428	1442896	LTR/ERV1	3133	+	234	1442662	92283
chr19	1350102	1550102	harbor1	chr19	1442428	1442896	LTR/ERV1	3133	+	234	1442662	92560
chr19	5521937	5721937	harbor1	chr19	5548576	5549016	LTR/ERV1	3815	+	220	5548796	26859
chr19	5521937	5721937	harbor1	chr19	5549017	5551892	LTR/ERV1	15423	+	1438	5550455	28518
chr19	5521937	5721937	harbor1	chr19	5551872	5552016	LTR/ERV1	835	+	72	5551944	30007
chr19	5521937	5721937	harbor1	chr19	5552007	5552168	LTR/ERV1	1037	+	80	5552087	30150
chr19	5521937	5721937	harbor1	chr19	5552161	5552771	LTR/ERV1	4429	+	305	5552466	30529
chr19	5521937	5721937	harbor1	chr19	5552772	5553212	LTR/ERV1	3809	+	220	5552992	31055
chr19	19563666	19763666	harbor1	chr19	19582190	19582968	LTR/ERV1	4612	+	389	19582579	18913
chr19	19563666	19763666	harbor1	chr19	19585545	19585977	LTR/ERV1	3520	+	216	19585761	22095
chr19	19675859	19875859	harbor1	chr19	19697161	19697725	LTR/ERV1	3767	+	282	19697443	21584
chr19	19675859	19875859	harbor1	chr19	19698737	19698924	LTR/ERV1	1285	+	94	19698831	22972
chr19	19675859	19875859	harbor1	chr19	19701247	19701427	LTR/ERV1	1147	+	90	19701337	25478
chr19	19675859	19875859	harbor1	chr19	19701741	19701868	LTR/ERV1	1147	+	64	19701805	25946
chr19	19675859	19875859	harbor1	chr19	19709224	19709942	LTR/ERV1	3773	+	359	19709583	33724
chr19	5516398	5716398	harbor1	chr19	5548576	5549016	LTR/ERV1	3815	+	220	5548796	32398
chr19	5516398	5716398	harbor1	chr19	5549017	5551892	LTR/ERV1	15423	+	1438	5550455	34057
chr19	5516398	5716398	harbor1	chr19	5551872	5552016	LTR/ERV1	835	+	72	5551944	35546
chr19	5516398	5716398	harbor1	chr19	5552007	5552168	LTR/ERV1	1037	+	80	5552087	35689
chr19	5516398	5716398	harbor1	chr19	5552161	5552771	LTR/ERV1	4429	+	305	5552466	36068
chr19	5516398	5716398	harbor1	chr19	5552772	5553212	LTR/ERV1	3809	+	220	5552992	36594
chr19	12915662	13115662	harbor1	chr19	12920248	12920450	LTR/ERV1	1074	+	101	12920349	4687
chr19	12915662	13115662	harbor1	chr19	12920730	12920805	LTR/ERV1	1074	+	38	12920768	5106
chr19	12915662	13115662	harbor1	chr19	12920943	12921103	LTR/ERV1	765	+	80	12921023	5361
chr19	57140991	57340991	harbor1	chr19	57141445	57141481	LTR/ERV1	1803	+	18	57141463	472
chr19	57140991	57340991	harbor1	chr19	57141518	57141617	LTR/ERV1	1803	+	50	57141568	577
chr19	57140991	57340991	harbor1	chr19	57141864	57142137	LTR/ERV1	1803	+	136	57142000	1009
chr19	57140991	57340991	harbor1	chr19	57172534	57172693	LTR/ERV1	1067	+	80	57172614	31623
chr19	57140991	57340991	harbor1	chr19	57172998	57173036	LTR/ERV1	1067	+	19	57173017	32026
chr19	57140991	57340991	harbor1	chr19	57181546	57181759	LTR/ERV1	4102	+	106	57181652	40661
chr19	57140991	57340991	harbor1	chr19	57182059	57182439	LTR/ERV1	4102	+	190	57182249	41258
chr19	57140991	57340991	harbor1	chr19	57187710	57187815	LTR/ERV1	726	+	52	57187762	46771
chr19	57140991	57340991	harbor1	chr19	57187817	57188147	LTR/ERV1	1898	+	165	57187982	46991
chr19	57140991	57340991	harbor1	chr19	57188349	57188639	LTR/ERV1	1333	+	145	57188494	47503
chr19	57140991	57340991	harbor1	chr19	57188802	57188920	LTR/ERV1	3128	+	59	57188861	47870
chr19	57140991	57340991	harbor1	chr19	57189229	57189661	LTR/ERV1	3128	+	216	57189445	48454
chr19	57140991	57340991	harbor1	chr19	57189954	57190017	LTR/ERV1	3128	+	32	57189986	48995
chr19	57140991	57340991	harbor1	chr19	57190020	57190109	LTR/ERV1	666	+	44	57190064	49073
chr19	57140991	57340991	harbor1	chr19	57190110	57190615	LTR/ERV1	2897	+	252	57190362	49371
chr19	2877622	3077622	harbor1	chr19	2942616	2942814	LTR/ERV1	723	+	99	2942715	65093
chr19	2877622	3077622	harbor1	chr19	2943377	2943696	LTR/ERV1	711	+	160	2943537	65915
chr19	2877622	3077622	harbor1	chr19	2944010	2944029	LTR/ERV1	711	+	10	2944020	66398
chr19	2877622	3077622	harbor1	chr19	2945841	2946064	LTR/ERV1	732	+	112	2945953	68331
chr19	2877622	3077622	harbor1	chr19	2949859	2950319	LTR/ERV1	1201	+	230	2950089	72467
chr19	2877622	3077622	harbor1	chr19	2953014	2953324	LTR/ERV1	849	+	155	2953169	75547
chr19	2877622	3077622	harbor1	chr19	2954232	2954585	LTR/ERV1	2373	+	176	2954408	76786
chr19	2877622	3077622	harbor1	chr19	2966067	2966125	LTR/ERV1	1465	+	29	2966096	88474
chr19	2877622	3077622	harbor1	chr19	2966732	2966825	LTR/ERV1	1465	+	46	2966778	89156
chr19	2877622	3077622	harbor1	chr19	2967137	2967166	LTR/ERV1	1465	+	14	2967151	89529
chr19	2877622	3077622	harbor1	chr19	2967763	2967826	LTR/ERV1	1465	+	32	2967795	90173
chr19	2877622	3077622	harbor1	chr19	2968134	2968340	LTR/ERV1	1465	+	103	2968237	90615
chr19	2877622	3077622	harbor1	chr19	2969520	2969561	LTR/ERV1	973	+	20	2969540	91918
chr19	2877622	3077622	harbor1	chr19	2969866	2969899	LTR/ERV1	973	+	16	2969882	92260
chr19	2877622	3077622	harbor1	chr19	2970209	2970350	LTR/ERV1	973	+	70	2970279	92657
chr19	5521960	5721960	harbor1	chr19	5548576	5549016	LTR/ERV1	3815	+	220	5548796	26836
chr19	5521960	5721960	harbor1	chr19	5549017	5551892	LTR/ERV1	15423	+	1438	5550455	28495
chr19	5521960	5721960	harbor1	chr19	5551872	5552016	LTR/ERV1	835	+	72	5551944	29984
chr19	5521960	5721960	harbor1	chr19	5552007	5552168	LTR/ERV1	1037	+	80	5552087	30127
chr19	5521960	5721960	harbor1	chr19	5552161	5552771	LTR/ERV1	4429	+	305	5552466	30506
chr19	5521960	5721960	harbor1	chr19	5552772	5553212	LTR/ERV1	3809	+	220	5552992	31032
chr19	5523053	5723053	harbor1	chr19	5548576	5549016	LTR/ERV1	3815	+	220	5548796	25743
chr19	5523053	5723053	harbor1	chr19	5549017	5551892	LTR/ERV1	15423	+	1438	5550455	27402
chr19	5523053	5723053	harbor1	chr19	5551872	5552016	LTR/ERV1	835	+	72	5551944	28891
chr19	5523053	5723053	harbor1	chr19	5552007	5552168	LTR/ERV1	1037	+	80	5552087	29034
chr19	5523053	5723053	harbor1	chr19	5552161	5552771	LTR/ERV1	4429	+	305	5552466	29413
chr19	5523053	5723053	harbor1	chr19	5552772	5553212	LTR/ERV1	3809	+	220	5552992	29939
chr19	19563642	19763642	harbor1	chr19	19582190	19582968	LTR/ERV1	4612	+	389	19582579	18937
chr19	19563642	19763642	harbor1	chr19	19585545	19585977	LTR/ERV1	3520	+	216	19585761	22119
chr19	5521766	5721766	harbor1	chr19	5548576	5549016	LTR/ERV1	3815	+	220	5548796	27030
chr19	5521766	5721766	harbor1	chr19	5549017	5551892	LTR/ERV1	15423	+	1438	5550455	28689
chr19	5521766	5721766	harbor1	chr19	5551872	5552016	LTR/ERV1	835	+	72	5551944	30178
chr19	5521766	5721766	harbor1	chr19	5552007	5552168	LTR/ERV1	1037	+	80	5552087	30321
chr19	5521766	5721766	harbor1	chr19	5552161	5552771	LTR/ERV1	4429	+	305	5552466	30700
chr19	5521766	5721766	harbor1	chr19	5552772	5553212	LTR/ERV1	3809	+	220	5552992	31226
chr19	12569674	12769674	harbor1	chr19	12571024	12571238	LTR/ERV1	1638	+	107	12571131	1457
chr19	12569674	12769674	harbor1	chr19	12571531	12571733	LTR/ERV1	1638	+	101	12571632	1958
chr19	12569674	12769674	harbor1	chr19	12571734	12572096	LTR/ERV1	2166	+	181	12571915	2241
chr19	12569674	12769674	harbor1	chr19	12572767	12572934	LTR/ERV1	979	+	84	12572851	3177
chr19	12569674	12769674	harbor1	chr19	12598247	12598381	LTR/ERV1	1014	+	67	12598314	28640
chr19	12569674	12769674	harbor1	chr19	12598674	12598706	LTR/ERV1	1014	+	16	12598690	29016
chr19	12569674	12769674	harbor1	chr19	12600390	12600836	LTR/ERV1	8960	+	223	12600613	30939
chr19	12569674	12769674	harbor1	chr19	12599175	12600080	LTR/ERV1	8960	+	452	12599627	29953
chr19	5522885	5722885	harbor1	chr19	5548576	5549016	LTR/ERV1	3815	+	220	5548796	25911
chr19	5522885	5722885	harbor1	chr19	5549017	5551892	LTR/ERV1	15423	+	1438	5550455	27570
chr19	5522885	5722885	harbor1	chr19	5551872	5552016	LTR/ERV1	835	+	72	5551944	29059
chr19	5522885	5722885	harbor1	chr19	5552007	5552168	LTR/ERV1	1037	+	80	5552087	29202
chr19	5522885	5722885	harbor1	chr19	5552161	5552771	LTR/ERV1	4429	+	305	5552466	29581
chr19	5522885	5722885	harbor1	chr19	5552772	5553212	LTR/ERV1	3809	+	220	5552992	30107
chr19	19563826	19763826	harbor1	chr19	19582190	19582968	LTR/ERV1	4612	+	389	19582579	18753
chr19	19563826	19763826	harbor1	chr19	19585545	19585977	LTR/ERV1	3520	+	216	19585761	21935
chr19	8313330	8513330	harbor1	chr19	8375578	8377025	LTR/ERV1	10025	+	724	8376302	62972
chr19	8313330	8513330	harbor1	chr19	8379161	8379914	LTR/ERV1	5267	+	376	8379537	66207
chr19	8313330	8513330	harbor1	chr19	8379915	8385620	LTR/ERV1	40221	+	2852	8382767	69437
chr19	8313330	8513330	harbor1	chr19	8385635	8386395	LTR/ERV1	6003	+	380	8386015	72685
chr19	8313330	8513330	harbor1	chr19	8386396	8387101	LTR/ERV1	4651	+	352	8386748	73418
chr19	8313330	8513330	harbor1	chr19	8387118	8387378	LTR/ERV1	2289	+	130	8387248	73918
chr19	8313330	8513330	harbor1	chr19	8387659	8387679	LTR/ERV1	2289	+	10	8387669	74339
chr19	8313330	8513330	harbor1	chr19	8388000	8388185	LTR/ERV1	2289	+	92	8388092	74762
chr19	19674783	19874783	harbor1	chr19	19697161	19697725	LTR/ERV1	3767	+	282	19697443	22660
chr19	19674783	19874783	harbor1	chr19	19698737	19698924	LTR/ERV1	1285	+	94	19698831	24048
chr19	19674783	19874783	harbor1	chr19	19701247	19701427	LTR/ERV1	1147	+	90	19701337	26554
chr19	19674783	19874783	harbor1	chr19	19701741	19701868	LTR/ERV1	1147	+	64	19701805	27022
chr19	19674783	19874783	harbor1	chr19	19709224	19709942	LTR/ERV1	3773	+	359	19709583	34800
chr19	1350483	1550483	harbor1	chr19	1442428	1442896	LTR/ERV1	3133	+	234	1442662	92179
chr19	44901381	45101381	harbor1	chr19	44913972	44914427	LTR/ERV1	3524	+	228	44914200	12819
chr19	19675795	19875795	harbor1	chr19	19697161	19697725	LTR/ERV1	3767	+	282	19697443	21648
chr19	19675795	19875795	harbor1	chr19	19698737	19698924	LTR/ERV1	1285	+	94	19698831	23036
chr19	19675795	19875795	harbor1	chr19	19701247	19701427	LTR/ERV1	1147	+	90	19701337	25542
chr19	19675795	19875795	harbor1	chr19	19701741	19701868	LTR/ERV1	1147	+	64	19701805	26010
chr19	19675795	19875795	harbor1	chr19	19709224	19709942	LTR/ERV1	3773	+	359	19709583	33788
chr19	57140995	57340995	harbor1	chr19	57141445	57141481	LTR/ERV1	1803	+	18	57141463	468
chr19	57140995	57340995	harbor1	chr19	57141518	57141617	LTR/ERV1	1803	+	50	57141568	573
chr19	57140995	57340995	harbor1	chr19	57141864	57142137	LTR/ERV1	1803	+	136	57142000	1005
chr19	57140995	57340995	harbor1	chr19	57172534	57172693	LTR/ERV1	1067	+	80	57172614	31619
chr19	57140995	57340995	harbor1	chr19	57172998	57173036	LTR/ERV1	1067	+	19	57173017	32022
chr19	57140995	57340995	harbor1	chr19	57181546	57181759	LTR/ERV1	4102	+	106	57181652	40657
chr19	57140995	57340995	harbor1	chr19	57182059	57182439	LTR/ERV1	4102	+	190	57182249	41254
chr19	57140995	57340995	harbor1	chr19	57187710	57187815	LTR/ERV1	726	+	52	57187762	46767
chr19	57140995	57340995	harbor1	chr19	57187817	57188147	LTR/ERV1	1898	+	165	57187982	46987
chr19	57140995	57340995	harbor1	chr19	57188349	57188639	LTR/ERV1	1333	+	145	57188494	47499
chr19	57140995	57340995	harbor1	chr19	57188802	57188920	LTR/ERV1	3128	+	59	57188861	47866
chr19	57140995	57340995	harbor1	chr19	57189229	57189661	LTR/ERV1	3128	+	216	57189445	48450
chr19	57140995	57340995	harbor1	chr19	57189954	57190017	LTR/ERV1	3128	+	32	57189986	48991
chr19	57140995	57340995	harbor1	chr19	57190020	57190109	LTR/ERV1	666	+	44	57190064	49069
chr19	57140995	57340995	harbor1	chr19	57190110	57190615	LTR/ERV1	2897	+	252	57190362	49367
chr19	7769829	7969829	harbor1	chr19	7769596	7770016	LTR/ERV1	2227	+	210	7769806	23
chr19	19563766	19763766	harbor1	chr19	19582190	19582968	LTR/ERV1	4612	+	389	19582579	18813
chr19	19563766	19763766	harbor1	chr19	19585545	19585977	LTR/ERV1	3520	+	216	19585761	21995
chr19	5522875	5722875	harbor1	chr19	5548576	5549016	LTR/ERV1	3815	+	220	5548796	25921
chr19	5522875	5722875	harbor1	chr19	5549017	5551892	LTR/ERV1	15423	+	1438	5550455	27580
chr19	5522875	5722875	harbor1	chr19	5551872	5552016	LTR/ERV1	835	+	72	5551944	29069
chr19	5522875	5722875	harbor1	chr19	5552007	5552168	LTR/ERV1	1037	+	80	5552087	29212
chr19	5522875	5722875	harbor1	chr19	5552161	5552771	LTR/ERV1	4429	+	305	5552466	29591
chr19	5522875	5722875	harbor1	chr19	5552772	5553212	LTR/ERV1	3809	+	220	5552992	30117
chr19	57091928	57291928	harbor1	chr19	57092506	57093103	LTR/ERV1	3033	+	298	57092804	876
chr19	57091928	57291928	harbor1	chr19	57118404	57118959	LTR/ERV1	3479	+	278	57118682	26754
chr19	57091928	57291928	harbor1	chr19	57141445	57141481	LTR/ERV1	1803	+	18	57141463	49535
chr19	57091928	57291928	harbor1	chr19	57141518	57141617	LTR/ERV1	1803	+	50	57141568	49640
chr19	57091928	57291928	harbor1	chr19	57141864	57142137	LTR/ERV1	1803	+	136	57142000	50072
chr19	57091928	57291928	harbor1	chr19	57172534	57172693	LTR/ERV1	1067	+	80	57172614	80686
chr19	57091928	57291928	harbor1	chr19	57172998	57173036	LTR/ERV1	1067	+	19	57173017	81089
chr19	57091928	57291928	harbor1	chr19	57181546	57181759	LTR/ERV1	4102	+	106	57181652	89724
chr19	57091928	57291928	harbor1	chr19	57182059	57182439	LTR/ERV1	4102	+	190	57182249	90321
chr19	57091928	57291928	harbor1	chr19	57187710	57187815	LTR/ERV1	726	+	52	57187762	95834
chr19	57091928	57291928	harbor1	chr19	57187817	57188147	LTR/ERV1	1898	+	165	57187982	96054
chr19	57091928	57291928	harbor1	chr19	57188349	57188639	LTR/ERV1	1333	+	145	57188494	96566
chr19	57091928	57291928	harbor1	chr19	57188802	57188920	LTR/ERV1	3128	+	59	57188861	96933
chr19	57091928	57291928	harbor1	chr19	57189229	57189661	LTR/ERV1	3128	+	216	57189445	97517
chr19	57091928	57291928	harbor1	chr19	57189954	57190017	LTR/ERV1	3128	+	32	57189986	98058
chr19	57091928	57291928	harbor1	chr19	57190020	57190109	LTR/ERV1	666	+	44	57190064	98136
chr19	57091928	57291928	harbor1	chr19	57190110	57190615	LTR/ERV1	2897	+	252	57190362	98434
chr19	35443648	35643648	harbor1	chr19	35471700	35471866	LTR/ERV1	5450	+	83	35471783	28135
chr19	35443648	35643648	harbor1	chr19	35481181	35481492	LTR/ERV1	2338	+	156	35481337	37689
chr19	35443648	35643648	harbor1	chr19	35481794	35481930	LTR/ERV1	2338	+	68	35481862	38214
chr19	35443648	35643648	harbor1	chr19	35482233	35482310	LTR/ERV1	2338	+	38	35482271	38623
chr19	35443648	35643648	harbor1	chr19	35486444	35486904	LTR/ERV1	3353	+	230	35486674	43026
chr19	35443648	35643648	harbor1	chr19	35470815	35471397	LTR/ERV1	5450	+	291	35471106	27458
chr19	2356877	2556877	harbor1	chr19	2392568	2393567	LTR/ERV1	5125	+	500	2393068	36191
chr19	19675992	19875992	harbor1	chr19	19697161	19697725	LTR/ERV1	3767	+	282	19697443	21451
chr19	19675992	19875992	harbor1	chr19	19698737	19698924	LTR/ERV1	1285	+	94	19698831	22839
chr19	19675992	19875992	harbor1	chr19	19701247	19701427	LTR/ERV1	1147	+	90	19701337	25345
chr19	19675992	19875992	harbor1	chr19	19701741	19701868	LTR/ERV1	1147	+	64	19701805	25813
chr19	19675992	19875992	harbor1	chr19	19709224	19709942	LTR/ERV1	3773	+	359	19709583	33591
chr19	1350376	1550376	harbor1	chr19	1442428	1442896	LTR/ERV1	3133	+	234	1442662	92286
chr19	49667530	49867530	harbor1	chr19	49718672	49718801	LTR/ERV1	1603	+	64	49718736	51206
chr19	49667530	49867530	harbor1	chr19	49719110	49719414	LTR/ERV1	1603	+	152	49719262	51732
chr19	49667530	49867530	harbor1	chr19	49720688	49720863	LTR/ERV1	654	+	88	49720776	53246
chr19	49667530	49867530	harbor1	chr19	49722055	49722327	LTR/ERV1	1301	+	136	49722191	54661
chr19	49667530	49867530	harbor1	chr19	49724251	49724442	LTR/ERV1	911	+	96	49724347	56817
chr19	49667530	49867530	harbor1	chr19	49727163	49727741	LTR/ERV1	3887	+	289	49727452	59922
chr19	49667530	49867530	harbor1	chr19	49727742	49728063	LTR/ERV1	2039	+	160	49727902	60372
chr19	49667530	49867530	harbor1	chr19	49728379	49728810	LTR/ERV1	1746	+	216	49728595	61065
chr19	19674614	19874614	harbor1	chr19	19697161	19697725	LTR/ERV1	3767	+	282	19697443	22829
chr19	19674614	19874614	harbor1	chr19	19698737	19698924	LTR/ERV1	1285	+	94	19698831	24217
chr19	19674614	19874614	harbor1	chr19	19701247	19701427	LTR/ERV1	1147	+	90	19701337	26723
chr19	19674614	19874614	harbor1	chr19	19701741	19701868	LTR/ERV1	1147	+	64	19701805	27191
chr19	19674614	19874614	harbor1	chr19	19709224	19709942	LTR/ERV1	3773	+	359	19709583	34969
chr19	5486689	5686689	harbor1	chr19	5548576	5549016	LTR/ERV1	3815	+	220	5548796	62107
chr19	5486689	5686689	harbor1	chr19	5549017	5551892	LTR/ERV1	15423	+	1438	5550455	63766
chr19	5486689	5686689	harbor1	chr19	5551872	5552016	LTR/ERV1	835	+	72	5551944	65255
chr19	5486689	5686689	harbor1	chr19	5552007	5552168	LTR/ERV1	1037	+	80	5552087	65398
chr19	5486689	5686689	harbor1	chr19	5552161	5552771	LTR/ERV1	4429	+	305	5552466	65777
chr19	5486689	5686689	harbor1	chr19	5552772	5553212	LTR/ERV1	3809	+	220	5552992	66303
chr19	48094850	48294850	harbor1	chr19	48140323	48141025	LTR/ERV1	3137	+	351	48140674	45824
chr19	5522557	5722557	harbor1	chr19	5548576	5549016	LTR/ERV1	3815	+	220	5548796	26239
chr19	5522557	5722557	harbor1	chr19	5549017	5551892	LTR/ERV1	15423	+	1438	5550455	27898
chr19	5522557	5722557	harbor1	chr19	5551872	5552016	LTR/ERV1	835	+	72	5551944	29387
chr19	5522557	5722557	harbor1	chr19	5552007	5552168	LTR/ERV1	1037	+	80	5552087	29530
chr19	5522557	5722557	harbor1	chr19	5552161	5552771	LTR/ERV1	4429	+	305	5552466	29909
chr19	5522557	5722557	harbor1	chr19	5552772	5553212	LTR/ERV1	3809	+	220	5552992	30435
chr19	19675861	19875861	harbor1	chr19	19697161	19697725	LTR/ERV1	3767	+	282	19697443	21582
chr19	19675861	19875861	harbor1	chr19	19698737	19698924	LTR/ERV1	1285	+	94	19698831	22970
chr19	19675861	19875861	harbor1	chr19	19701247	19701427	LTR/ERV1	1147	+	90	19701337	25476
chr19	19675861	19875861	harbor1	chr19	19701741	19701868	LTR/ERV1	1147	+	64	19701805	25944
chr19	19675861	19875861	harbor1	chr19	19709224	19709942	LTR/ERV1	3773	+	359	19709583	33722
chr19	41650420	41850420	harbor1	chr19	41728927	41729274	LTR/ERV1	1294	+	174	41729101	78681
chr19	41650420	41850420	harbor1	chr19	41730434	41731149	LTR/ERV1	5542	+	358	41730792	80372
chr19	41650420	41850420	harbor1	chr19	41731202	41731711	LTR/ERV1	2843	+	254	41731456	81036
chr19	41650420	41850420	harbor1	chr19	41732142	41732412	LTR/ERV1	752	+	135	41732277	81857
chr19	41650420	41850420	harbor1	chr19	41729515	41730138	LTR/ERV1	5542	+	312	41729827	79407
chr19	12898772	13098772	harbor1	chr19	12920248	12920450	LTR/ERV1	1074	+	101	12920349	21577
chr19	12898772	13098772	harbor1	chr19	12920730	12920805	LTR/ERV1	1074	+	38	12920768	21996
chr19	12898772	13098772	harbor1	chr19	12920943	12921103	LTR/ERV1	765	+	80	12921023	22251
chr19	3400978	3600978	harbor1	chr19	3498224	3498410	LTR/ERV1	4572	+	93	3498317	97339
chr19	3400978	3600978	harbor1	chr19	3498705	3499184	LTR/ERV1	4572	+	240	3498945	97967
chr19	2356934	2556934	harbor1	chr19	2392568	2393567	LTR/ERV1	5125	+	500	2393068	36134
chr19	5522878	5722878	harbor1	chr19	5548576	5549016	LTR/ERV1	3815	+	220	5548796	25918
chr19	5522878	5722878	harbor1	chr19	5549017	5551892	LTR/ERV1	15423	+	1438	5550455	27577
chr19	5522878	5722878	harbor1	chr19	5551872	5552016	LTR/ERV1	835	+	72	5551944	29066
chr19	5522878	5722878	harbor1	chr19	5552007	5552168	LTR/ERV1	1037	+	80	5552087	29209
chr19	5522878	5722878	harbor1	chr19	5552161	5552771	LTR/ERV1	4429	+	305	5552466	29588
chr19	5522878	5722878	harbor1	chr19	5552772	5553212	LTR/ERV1	3809	+	220	5552992	30114
chr19	9986298	10186298	harbor1	chr19	10000058	10000276	LTR/ERV1	1118	+	109	10000167	13869
chr19	44518410	44718410	harbor1	chr19	44573691	44574172	LTR/ERV1	3468	+	240	44573931	55521
chr19	44518410	44718410	harbor1	chr19	44590109	44590393	LTR/ERV1	2059	+	142	44590251	71841
chr19	44518410	44718410	harbor1	chr19	44590476	44590938	LTR/ERV1	3782	+	231	44590707	72297
chr19	44518410	44718410	harbor1	chr19	44591118	44591321	LTR/ERV1	2743	+	102	44591220	72810
chr19	44518410	44718410	harbor1	chr19	44591911	44592438	LTR/ERV1	2743	+	264	44592175	73765
chr19	44518410	44718410	harbor1	chr19	44592439	44592985	LTR/ERV1	3060	+	273	44592712	74302
chr19	44518410	44718410	harbor1	chr19	44601912	44602590	LTR/ERV1	4315	+	339	44602251	83841
chr19	44518410	44718410	harbor1	chr19	44602928	44603301	LTR/ERV1	2254	+	186	44603114	84704
chr19	44518410	44718410	harbor1	chr19	44603655	44603803	LTR/ERV1	3155	+	74	44603729	85319
chr19	44518410	44718410	harbor1	chr19	44604484	44604957	LTR/ERV1	3155	+	236	44604720	86310
chr19	44518410	44718410	harbor1	chr19	44606151	44606455	LTR/ERV1	2168	+	152	44606303	87893
chr19	44518410	44718410	harbor1	chr19	44606518	44606656	LTR/ERV1	709	+	69	44606587	88177
chr19	44518410	44718410	harbor1	chr19	44607435	44607925	LTR/ERV1	3337	+	245	44607680	89270
chr19	49288353	49488353	harbor1	chr19	49303697	49304169	LTR/ERV1	1798	+	236	49303933	15580
chr19	49288353	49488353	harbor1	chr19	49304170	49304482	LTR/ERV1	1789	+	156	49304326	15973
chr19	49288353	49488353	harbor1	chr19	49368647	49369242	LTR/ERV1	3346	+	298	49368945	80592
chr19	19648289	19848289	harbor1	chr19	19697161	19697725	LTR/ERV1	3767	+	282	19697443	49154
chr19	19648289	19848289	harbor1	chr19	19698737	19698924	LTR/ERV1	1285	+	94	19698831	50542
chr19	19648289	19848289	harbor1	chr19	19701247	19701427	LTR/ERV1	1147	+	90	19701337	53048
chr19	19648289	19848289	harbor1	chr19	19701741	19701868	LTR/ERV1	1147	+	64	19701805	53516
chr19	19648289	19848289	harbor1	chr19	19709224	19709942	LTR/ERV1	3773	+	359	19709583	61294
chr19	11878930	12078930	harbor1	chr19	11880363	11880887	LTR/ERV1	3946	+	262	11880625	1695
chr19	11878930	12078930	harbor1	chr19	11880890	11881977	LTR/ERV1	2223	+	544	11881434	2504
chr19	11878930	12078930	harbor1	chr19	11882682	11883250	LTR/ERV1	1544	+	284	11882966	4036
chr19	11878930	12078930	harbor1	chr19	11883491	11885229	LTR/ERV1	7917	+	869	11884360	5430
chr19	11878930	12078930	harbor1	chr19	11885526	11885997	LTR/ERV1	7917	+	236	11885762	6832
chr19	11878930	12078930	harbor1	chr19	11885998	11886023	LTR/ERV1	3550	+	12	11886010	7080
chr19	11878930	12078930	harbor1	chr19	11886327	11886834	LTR/ERV1	3550	+	254	11886581	7651
chr19	11878930	12078930	harbor1	chr19	11921894	11922481	LTR/ERV1	3369	+	294	11922188	43258
chr19	19675825	19875825	harbor1	chr19	19697161	19697725	LTR/ERV1	3767	+	282	19697443	21618
chr19	19675825	19875825	harbor1	chr19	19698737	19698924	LTR/ERV1	1285	+	94	19698831	23006
chr19	19675825	19875825	harbor1	chr19	19701247	19701427	LTR/ERV1	1147	+	90	19701337	25512
chr19	19675825	19875825	harbor1	chr19	19701741	19701868	LTR/ERV1	1147	+	64	19701805	25980
chr19	19675825	19875825	harbor1	chr19	19709224	19709942	LTR/ERV1	3773	+	359	19709583	33758
chr19	5521969	5721969	harbor1	chr19	5548576	5549016	LTR/ERV1	3815	+	220	5548796	26827
chr19	5521969	5721969	harbor1	chr19	5549017	5551892	LTR/ERV1	15423	+	1438	5550455	28486
chr19	5521969	5721969	harbor1	chr19	5551872	5552016	LTR/ERV1	835	+	72	5551944	29975
chr19	5521969	5721969	harbor1	chr19	5552007	5552168	LTR/ERV1	1037	+	80	5552087	30118
chr19	5521969	5721969	harbor1	chr19	5552161	5552771	LTR/ERV1	4429	+	305	5552466	30497
chr19	5521969	5721969	harbor1	chr19	5552772	5553212	LTR/ERV1	3809	+	220	5552992	31023
chr19	39407242	39607242	harbor1	chr19	39493404	39493821	LTR/ERV1	2601	+	208	39493612	86370
chr19	19564075	19764075	harbor1	chr19	19582190	19582968	LTR/ERV1	4612	+	389	19582579	18504
chr19	19564075	19764075	harbor1	chr19	19585545	19585977	LTR/ERV1	3520	+	216	19585761	21686
chr19	9575315	9775315	harbor1	chr19	9582203	9582638	LTR/ERV1	2497	+	218	9582421	7106
chr19	9575315	9775315	harbor1	chr19	9634476	9634809	LTR/ERV1	1253	+	166	9634642	59327
chr19	9575315	9775315	harbor1	chr19	9672914	9673427	LTR/ERV1	2596	+	256	9673170	97855
chr19	9575315	9775315	harbor1	chr19	9627910	9634410	LTR/ERV1	35634	+	3250	9631160	55845
chr19	35529181	35729181	harbor1	chr19	35578890	35579252	LTR/ERV1	2511	+	181	35579071	49890
chr19	35529181	35729181	harbor1	chr19	35604596	35604970	LTR/ERV1	1792	+	187	35604783	75602
chr19	35529181	35729181	harbor1	chr19	35604971	35605415	LTR/ERV1	3078	+	222	35605193	76012
chr19	35529181	35729181	harbor1	chr19	35605725	35605975	LTR/ERV1	3078	+	125	35605850	76669
chr19	35529181	35729181	harbor1	chr19	35606347	35606371	LTR/ERV1	3078	+	12	35606359	77178
chr19	35529181	35729181	harbor1	chr19	35628109	35628305	LTR/ERV1	1308	+	98	35628207	99026
chr19	5522547	5722547	harbor1	chr19	5548576	5549016	LTR/ERV1	3815	+	220	5548796	26249
chr19	5522547	5722547	harbor1	chr19	5549017	5551892	LTR/ERV1	15423	+	1438	5550455	27908
chr19	5522547	5722547	harbor1	chr19	5551872	5552016	LTR/ERV1	835	+	72	5551944	29397
chr19	5522547	5722547	harbor1	chr19	5552007	5552168	LTR/ERV1	1037	+	80	5552087	29540
chr19	5522547	5722547	harbor1	chr19	5552161	5552771	LTR/ERV1	4429	+	305	5552466	29919
chr19	5522547	5722547	harbor1	chr19	5552772	5553212	LTR/ERV1	3809	+	220	5552992	30445
chr19	17369325	17569325	harbor1	chr19	17415140	17415773	LTR/ERV1	2323	+	316	17415456	46131
chr19	17369325	17569325	harbor1	chr19	17415918	17416090	LTR/ERV1	749	+	86	17416004	46679
chr19	17369325	17569325	harbor1	chr19	17418829	17419385	LTR/ERV1	2596	+	278	17419107	49782
chr19	17369325	17569325	harbor1	chr19	17467366	17467517	LTR/ERV1	941	+	76	17467442	98117
chr19	57140996	57340996	harbor1	chr19	57141445	57141481	LTR/ERV1	1803	+	18	57141463	467
chr19	57140996	57340996	harbor1	chr19	57141518	57141617	LTR/ERV1	1803	+	50	57141568	572
chr19	57140996	57340996	harbor1	chr19	57141864	57142137	LTR/ERV1	1803	+	136	57142000	1004
chr19	57140996	57340996	harbor1	chr19	57172534	57172693	LTR/ERV1	1067	+	80	57172614	31618
chr19	57140996	57340996	harbor1	chr19	57172998	57173036	LTR/ERV1	1067	+	19	57173017	32021
chr19	57140996	57340996	harbor1	chr19	57181546	57181759	LTR/ERV1	4102	+	106	57181652	40656
chr19	57140996	57340996	harbor1	chr19	57182059	57182439	LTR/ERV1	4102	+	190	57182249	41253
chr19	57140996	57340996	harbor1	chr19	57187710	57187815	LTR/ERV1	726	+	52	57187762	46766
chr19	57140996	57340996	harbor1	chr19	57187817	57188147	LTR/ERV1	1898	+	165	57187982	46986
chr19	57140996	57340996	harbor1	chr19	57188349	57188639	LTR/ERV1	1333	+	145	57188494	47498
chr19	57140996	57340996	harbor1	chr19	57188802	57188920	LTR/ERV1	3128	+	59	57188861	47865
chr19	57140996	57340996	harbor1	chr19	57189229	57189661	LTR/ERV1	3128	+	216	57189445	48449
chr19	57140996	57340996	harbor1	chr19	57189954	57190017	LTR/ERV1	3128	+	32	57189986	48990
chr19	57140996	57340996	harbor1	chr19	57190020	57190109	LTR/ERV1	666	+	44	57190064	49068
chr19	57140996	57340996	harbor1	chr19	57190110	57190615	LTR/ERV1	2897	+	252	57190362	49366
chr19	18894675	19094675	harbor1	chr19	18917279	18917364	LTR/ERV1	3754	+	42	18917321	22646
chr19	18894675	19094675	harbor1	chr19	18917663	18917908	LTR/ERV1	3754	+	122	18917785	23110
chr19	18894675	19094675	harbor1	chr19	18918218	18918469	LTR/ERV1	3754	+	126	18918344	23669
chr19	18894675	19094675	harbor1	chr19	18964494	18964584	LTR/ERV1	3890	+	45	18964539	69864
chr19	18894675	19094675	harbor1	chr19	18965183	18965194	LTR/ERV1	3890	+	6	18965189	70514
chr19	18894675	19094675	harbor1	chr19	18965507	18965709	LTR/ERV1	3890	+	101	18965608	70933
chr19	18894675	19094675	harbor1	chr19	18965977	18966043	LTR/ERV1	3890	+	33	18966010	71335
chr19	18894675	19094675	harbor1	chr19	18966345	18966703	LTR/ERV1	3890	+	179	18966524	71849
chr19	19676735	19876735	harbor1	chr19	19697161	19697725	LTR/ERV1	3767	+	282	19697443	20708
chr19	19676735	19876735	harbor1	chr19	19698737	19698924	LTR/ERV1	1285	+	94	19698831	22096
chr19	19676735	19876735	harbor1	chr19	19701247	19701427	LTR/ERV1	1147	+	90	19701337	24602
chr19	19676735	19876735	harbor1	chr19	19701741	19701868	LTR/ERV1	1147	+	64	19701805	25070
chr19	19676735	19876735	harbor1	chr19	19709224	19709942	LTR/ERV1	3773	+	359	19709583	32848
chr19	19675790	19875790	harbor1	chr19	19697161	19697725	LTR/ERV1	3767	+	282	19697443	21653
chr19	19675790	19875790	harbor1	chr19	19698737	19698924	LTR/ERV1	1285	+	94	19698831	23041
chr19	19675790	19875790	harbor1	chr19	19701247	19701427	LTR/ERV1	1147	+	90	19701337	25547
chr19	19675790	19875790	harbor1	chr19	19701741	19701868	LTR/ERV1	1147	+	64	19701805	26015
chr19	19675790	19875790	harbor1	chr19	19709224	19709942	LTR/ERV1	3773	+	359	19709583	33793
chr19	7434223	7634223	harbor1	chr19	7489637	7489849	LTR/ERV1	1034	+	106	7489743	55520
chr19	7434223	7634223	harbor1	chr19	7494663	7494972	LTR/ERV1	1506	+	154	7494817	60594
chr19	9986300	10186300	harbor1	chr19	10000058	10000276	LTR/ERV1	1118	+	109	10000167	13867
chr19	2104874	2304874	harbor1	chr19	2162915	2163048	LTR/ERV1	998	+	66	2162981	58107
chr19	2104874	2304874	harbor1	chr19	2169666	2169818	LTR/ERV1	770	+	76	2169742	64868
chr19	5518829	5718829	harbor1	chr19	5548576	5549016	LTR/ERV1	3815	+	220	5548796	29967
chr19	5518829	5718829	harbor1	chr19	5549017	5551892	LTR/ERV1	15423	+	1438	5550455	31626
chr19	5518829	5718829	harbor1	chr19	5551872	5552016	LTR/ERV1	835	+	72	5551944	33115
chr19	5518829	5718829	harbor1	chr19	5552007	5552168	LTR/ERV1	1037	+	80	5552087	33258
chr19	5518829	5718829	harbor1	chr19	5552161	5552771	LTR/ERV1	4429	+	305	5552466	33637
chr19	5518829	5718829	harbor1	chr19	5552772	5553212	LTR/ERV1	3809	+	220	5552992	34163
chr19	18323630	18523630	harbor1	chr19	18335334	18335906	LTR/ERV1	5085	+	286	18335620	11990
chr19	18323630	18523630	harbor1	chr19	18336221	18336500	LTR/ERV1	5085	+	140	18336361	12731
chr19	19564037	19764037	harbor1	chr19	19582190	19582968	LTR/ERV1	4612	+	389	19582579	18542
chr19	19564037	19764037	harbor1	chr19	19585545	19585977	LTR/ERV1	3520	+	216	19585761	21724
chr19	1350382	1550382	harbor1	chr19	1442428	1442896	LTR/ERV1	3133	+	234	1442662	92280
chr19	5522542	5722542	harbor1	chr19	5548576	5549016	LTR/ERV1	3815	+	220	5548796	26254
chr19	5522542	5722542	harbor1	chr19	5549017	5551892	LTR/ERV1	15423	+	1438	5550455	27913
chr19	5522542	5722542	harbor1	chr19	5551872	5552016	LTR/ERV1	835	+	72	5551944	29402
chr19	5522542	5722542	harbor1	chr19	5552007	5552168	LTR/ERV1	1037	+	80	5552087	29545
chr19	5522542	5722542	harbor1	chr19	5552161	5552771	LTR/ERV1	4429	+	305	5552466	29924
chr19	5522542	5722542	harbor1	chr19	5552772	5553212	LTR/ERV1	3809	+	220	5552992	30450
chr19	19557012	19757012	harbor1	chr19	19582190	19582968	LTR/ERV1	4612	+	389	19582579	25567
chr19	19557012	19757012	harbor1	chr19	19585545	19585977	LTR/ERV1	3520	+	216	19585761	28749
chr19	1406047	1606047	harbor1	chr19	1442428	1442896	LTR/ERV1	3133	+	234	1442662	36615
chr19	559301	759301	harbor1	chr19	571083	571344	LTR/ERV1	999	+	130	571213	11912
chr19	57140775	57340775	harbor1	chr19	57141445	57141481	LTR/ERV1	1803	+	18	57141463	688
chr19	57140775	57340775	harbor1	chr19	57141518	57141617	LTR/ERV1	1803	+	50	57141568	793
chr19	57140775	57340775	harbor1	chr19	57141864	57142137	LTR/ERV1	1803	+	136	57142000	1225
chr19	57140775	57340775	harbor1	chr19	57172534	57172693	LTR/ERV1	1067	+	80	57172614	31839
chr19	57140775	57340775	harbor1	chr19	57172998	57173036	LTR/ERV1	1067	+	19	57173017	32242
chr19	57140775	57340775	harbor1	chr19	57181546	57181759	LTR/ERV1	4102	+	106	57181652	40877
chr19	57140775	57340775	harbor1	chr19	57182059	57182439	LTR/ERV1	4102	+	190	57182249	41474
chr19	57140775	57340775	harbor1	chr19	57187710	57187815	LTR/ERV1	726	+	52	57187762	46987
chr19	57140775	57340775	harbor1	chr19	57187817	57188147	LTR/ERV1	1898	+	165	57187982	47207
chr19	57140775	57340775	harbor1	chr19	57188349	57188639	LTR/ERV1	1333	+	145	57188494	47719
chr19	57140775	57340775	harbor1	chr19	57188802	57188920	LTR/ERV1	3128	+	59	57188861	48086
chr19	57140775	57340775	harbor1	chr19	57189229	57189661	LTR/ERV1	3128	+	216	57189445	48670
chr19	57140775	57340775	harbor1	chr19	57189954	57190017	LTR/ERV1	3128	+	32	57189986	49211
chr19	57140775	57340775	harbor1	chr19	57190020	57190109	LTR/ERV1	666	+	44	57190064	49289
chr19	57140775	57340775	harbor1	chr19	57190110	57190615	LTR/ERV1	2897	+	252	57190362	49587
chr19	19675998	19875998	harbor1	chr19	19697161	19697725	LTR/ERV1	3767	+	282	19697443	21445
chr19	19675998	19875998	harbor1	chr19	19698737	19698924	LTR/ERV1	1285	+	94	19698831	22833
chr19	19675998	19875998	harbor1	chr19	19701247	19701427	LTR/ERV1	1147	+	90	19701337	25339
chr19	19675998	19875998	harbor1	chr19	19701741	19701868	LTR/ERV1	1147	+	64	19701805	25807
chr19	19675998	19875998	harbor1	chr19	19709224	19709942	LTR/ERV1	3773	+	359	19709583	33585
chr19	48119191	48319191	harbor1	chr19	48140323	48141025	LTR/ERV1	3137	+	351	48140674	21483
chr19	48119191	48319191	harbor1	chr19	48201261	48201468	LTR/ERV1	1155	+	104	48201365	82174
chr19	48119191	48319191	harbor1	chr19	48202502	48202852	LTR/ERV1	2681	+	175	48202677	83486
chr19	48119191	48319191	harbor1	chr19	48203151	48203197	LTR/ERV1	2681	+	23	48203174	83983
chr19	48119191	48319191	harbor1	chr19	48206418	48206823	LTR/ERV1	1887	+	202	48206620	87429
chr19	48119191	48319191	harbor1	chr19	48214208	48214769	LTR/ERV1	3860	+	280	48214488	95297
chr19	48119191	48319191	harbor1	chr19	48215090	48215276	LTR/ERV1	3860	+	93	48215183	95992
chr19	5523058	5723058	harbor1	chr19	5548576	5549016	LTR/ERV1	3815	+	220	5548796	25738
chr19	5523058	5723058	harbor1	chr19	5549017	5551892	LTR/ERV1	15423	+	1438	5550455	27397
chr19	5523058	5723058	harbor1	chr19	5551872	5552016	LTR/ERV1	835	+	72	5551944	28886
chr19	5523058	5723058	harbor1	chr19	5552007	5552168	LTR/ERV1	1037	+	80	5552087	29029
chr19	5523058	5723058	harbor1	chr19	5552161	5552771	LTR/ERV1	4429	+	305	5552466	29408
chr19	5523058	5723058	harbor1	chr19	5552772	5553212	LTR/ERV1	3809	+	220	5552992	29934
chr19	19563483	19763483	harbor1	chr19	19582190	19582968	LTR/ERV1	4612	+	389	19582579	19096
chr19	19563483	19763483	harbor1	chr19	19585545	19585977	LTR/ERV1	3520	+	216	19585761	22278
chr19	19676646	19876646	harbor1	chr19	19697161	19697725	LTR/ERV1	3767	+	282	19697443	20797
chr19	19676646	19876646	harbor1	chr19	19698737	19698924	LTR/ERV1	1285	+	94	19698831	22185
chr19	19676646	19876646	harbor1	chr19	19701247	19701427	LTR/ERV1	1147	+	90	19701337	24691
chr19	19676646	19876646	harbor1	chr19	19701741	19701868	LTR/ERV1	1147	+	64	19701805	25159
chr19	19676646	19876646	harbor1	chr19	19709224	19709942	LTR/ERV1	3773	+	359	19709583	32937
chr19	19564065	19764065	harbor1	chr19	19582190	19582968	LTR/ERV1	4612	+	389	19582579	18514
chr19	19564065	19764065	harbor1	chr19	19585545	19585977	LTR/ERV1	3520	+	216	19585761	21696
chr19	19676600	19876600	harbor1	chr19	19697161	19697725	LTR/ERV1	3767	+	282	19697443	20843
chr19	19676600	19876600	harbor1	chr19	19698737	19698924	LTR/ERV1	1285	+	94	19698831	22231
chr19	19676600	19876600	harbor1	chr19	19701247	19701427	LTR/ERV1	1147	+	90	19701337	24737
chr19	19676600	19876600	harbor1	chr19	19701741	19701868	LTR/ERV1	1147	+	64	19701805	25205
chr19	19676600	19876600	harbor1	chr19	19709224	19709942	LTR/ERV1	3773	+	359	19709583	32983
chr19	5522867	5722867	harbor1	chr19	5548576	5549016	LTR/ERV1	3815	+	220	5548796	25929
chr19	5522867	5722867	harbor1	chr19	5549017	5551892	LTR/ERV1	15423	+	1438	5550455	27588
chr19	5522867	5722867	harbor1	chr19	5551872	5552016	LTR/ERV1	835	+	72	5551944	29077
chr19	5522867	5722867	harbor1	chr19	5552007	5552168	LTR/ERV1	1037	+	80	5552087	29220
chr19	5522867	5722867	harbor1	chr19	5552161	5552771	LTR/ERV1	4429	+	305	5552466	29599
chr19	5522867	5722867	harbor1	chr19	5552772	5553212	LTR/ERV1	3809	+	220	5552992	30125
chr19	19563446	19763446	harbor1	chr19	19582190	19582968	LTR/ERV1	4612	+	389	19582579	19133
chr19	19563446	19763446	harbor1	chr19	19585545	19585977	LTR/ERV1	3520	+	216	19585761	22315
chr19	19676648	19876648	harbor1	chr19	19697161	19697725	LTR/ERV1	3767	+	282	19697443	20795
chr19	19676648	19876648	harbor1	chr19	19698737	19698924	LTR/ERV1	1285	+	94	19698831	22183
chr19	19676648	19876648	harbor1	chr19	19701247	19701427	LTR/ERV1	1147	+	90	19701337	24689
chr19	19676648	19876648	harbor1	chr19	19701741	19701868	LTR/ERV1	1147	+	64	19701805	25157
chr19	19676648	19876648	harbor1	chr19	19709224	19709942	LTR/ERV1	3773	+	359	19709583	32935
chr19	1350393	1550393	harbor1	chr19	1442428	1442896	LTR/ERV1	3133	+	234	1442662	92269
chr19	5489582	5689582	harbor1	chr19	5548576	5549016	LTR/ERV1	3815	+	220	5548796	59214
chr19	5489582	5689582	harbor1	chr19	5549017	5551892	LTR/ERV1	15423	+	1438	5550455	60873
chr19	5489582	5689582	harbor1	chr19	5551872	5552016	LTR/ERV1	835	+	72	5551944	62362
chr19	5489582	5689582	harbor1	chr19	5552007	5552168	LTR/ERV1	1037	+	80	5552087	62505
chr19	5489582	5689582	harbor1	chr19	5552161	5552771	LTR/ERV1	4429	+	305	5552466	62884
chr19	5489582	5689582	harbor1	chr19	5552772	5553212	LTR/ERV1	3809	+	220	5552992	63410
chr19	39685943	39885943	harbor1	chr19	39721949	39722462	LTR/ERV1	2823	+	256	39722205	36262
chr19	39685943	39885943	harbor1	chr19	39756142	39756642	LTR/ERV1	2409	+	250	39756392	70449
chr19	39685943	39885943	harbor1	chr19	39768270	39768586	LTR/ERV1	1963	+	158	39768428	82485
chr19	39685943	39885943	harbor1	chr19	39772200	39772648	LTR/ERV1	1562	+	224	39772424	86481
chr19	5522587	5722587	harbor1	chr19	5548576	5549016	LTR/ERV1	3815	+	220	5548796	26209
chr19	5522587	5722587	harbor1	chr19	5549017	5551892	LTR/ERV1	15423	+	1438	5550455	27868
chr19	5522587	5722587	harbor1	chr19	5551872	5552016	LTR/ERV1	835	+	72	5551944	29357
chr19	5522587	5722587	harbor1	chr19	5552007	5552168	LTR/ERV1	1037	+	80	5552087	29500
chr19	5522587	5722587	harbor1	chr19	5552161	5552771	LTR/ERV1	4429	+	305	5552466	29879
chr19	5522587	5722587	harbor1	chr19	5552772	5553212	LTR/ERV1	3809	+	220	5552992	30405
chr19	5518947	5718947	harbor1	chr19	5548576	5549016	LTR/ERV1	3815	+	220	5548796	29849
chr19	5518947	5718947	harbor1	chr19	5549017	5551892	LTR/ERV1	15423	+	1438	5550455	31508
chr19	5518947	5718947	harbor1	chr19	5551872	5552016	LTR/ERV1	835	+	72	5551944	32997
chr19	5518947	5718947	harbor1	chr19	5552007	5552168	LTR/ERV1	1037	+	80	5552087	33140
chr19	5518947	5718947	harbor1	chr19	5552161	5552771	LTR/ERV1	4429	+	305	5552466	33519
chr19	5518947	5718947	harbor1	chr19	5552772	5553212	LTR/ERV1	3809	+	220	5552992	34045
chr19	32964890	33164890	harbor1	chr19	32996345	32996866	LTR/ERV1	2647	+	260	32996605	31715
chr19	32964890	33164890	harbor1	chr19	33035599	33035834	LTR/ERV1	1861	+	118	33035717	70827
chr19	32964890	33164890	harbor1	chr19	33036146	33036186	LTR/ERV1	1861	+	20	33036166	71276
chr19	32964890	33164890	harbor1	chr19	33036456	33037857	LTR/ERV1	10276	+	700	33037156	72266
chr19	19538104	19738104	harbor1	chr19	19582190	19582968	LTR/ERV1	4612	+	389	19582579	44475
chr19	19538104	19738104	harbor1	chr19	19585545	19585977	LTR/ERV1	3520	+	216	19585761	47657
chr19	35165609	35365609	harbor1	chr19	35194037	35194522	LTR/ERV1	2524	+	242	35194279	28670
chr19	35165609	35365609	harbor1	chr19	35198143	35198334	LTR/ERV1	1037	+	96	35198239	32630
chr19	35165609	35365609	harbor1	chr19	35214946	35215467	LTR/ERV1	3923	+	260	35215206	49597
chr19	35165609	35365609	harbor1	chr19	35220609	35221116	LTR/ERV1	3036	+	254	35220863	55254
chr19	5522894	5722894	harbor1	chr19	5548576	5549016	LTR/ERV1	3815	+	220	5548796	25902
chr19	5522894	5722894	harbor1	chr19	5549017	5551892	LTR/ERV1	15423	+	1438	5550455	27561
chr19	5522894	5722894	harbor1	chr19	5551872	5552016	LTR/ERV1	835	+	72	5551944	29050
chr19	5522894	5722894	harbor1	chr19	5552007	5552168	LTR/ERV1	1037	+	80	5552087	29193
chr19	5522894	5722894	harbor1	chr19	5552161	5552771	LTR/ERV1	4429	+	305	5552466	29572
chr19	5522894	5722894	harbor1	chr19	5552772	5553212	LTR/ERV1	3809	+	220	5552992	30098
chr19	16472387	16672387	harbor1	chr19	16473001	16473122	LTR/ERV1	750	+	60	16473061	674
chr19	16472387	16672387	harbor1	chr19	16474915	16475455	LTR/ERV1	1604	+	270	16475185	2798
chr19	16472387	16672387	harbor1	chr19	16493068	16493541	LTR/ERV1	2547	+	236	16493304	20917
chr19	19676660	19876660	harbor1	chr19	19697161	19697725	LTR/ERV1	3767	+	282	19697443	20783
chr19	19676660	19876660	harbor1	chr19	19698737	19698924	LTR/ERV1	1285	+	94	19698831	22171
chr19	19676660	19876660	harbor1	chr19	19701247	19701427	LTR/ERV1	1147	+	90	19701337	24677
chr19	19676660	19876660	harbor1	chr19	19701741	19701868	LTR/ERV1	1147	+	64	19701805	25145
chr19	19676660	19876660	harbor1	chr19	19709224	19709942	LTR/ERV1	3773	+	359	19709583	32923
chr19	1371013	1571013	harbor1	chr19	1442428	1442896	LTR/ERV1	3133	+	234	1442662	71649
chr19	39302722	39502722	harbor1	chr19	39305832	39306375	LTR/ERV1	1153	+	272	39306104	3382
chr19	19676559	19876559	harbor1	chr19	19697161	19697725	LTR/ERV1	3767	+	282	19697443	20884
chr19	19676559	19876559	harbor1	chr19	19698737	19698924	LTR/ERV1	1285	+	94	19698831	22272
chr19	19676559	19876559	harbor1	chr19	19701247	19701427	LTR/ERV1	1147	+	90	19701337	24778
chr19	19676559	19876559	harbor1	chr19	19701741	19701868	LTR/ERV1	1147	+	64	19701805	25246
chr19	19676559	19876559	harbor1	chr19	19709224	19709942	LTR/ERV1	3773	+	359	19709583	33024
chr19	5599502	5799502	harbor1	chr19	5675497	5675810	LTR/ERV1	1837	+	156	5675653	76151
chr19	1379585	1579585	harbor1	chr19	1442428	1442896	LTR/ERV1	3133	+	234	1442662	63077
chr19	19564071	19764071	harbor1	chr19	19582190	19582968	LTR/ERV1	4612	+	389	19582579	18508
chr19	19564071	19764071	harbor1	chr19	19585545	19585977	LTR/ERV1	3520	+	216	19585761	21690
chr19	23928631	24128631	harbor1	chr19	23947083	23947517	LTR/ERV1	3698	+	217	23947300	18669
chr19	23928631	24128631	harbor1	chr19	23947540	23947826	LTR/ERV1	2328	+	143	23947683	19052
chr19	23928631	24128631	harbor1	chr19	23947827	23948150	LTR/ERV1	2732	+	162	23947989	19358
chr19	23928631	24128631	harbor1	chr19	23949476	23949692	LTR/ERV1	869	+	108	23949584	20953
chr19	23928631	24128631	harbor1	chr19	24008653	24008886	LTR/ERV1	1192	+	116	24008769	80138
chr19	23928631	24128631	harbor1	chr19	24009203	24009541	LTR/ERV1	1192	+	169	24009372	80741
chr19	23928631	24128631	harbor1	chr19	24019766	24020099	LTR/ERV1	1658	+	166	24019932	91301
chr19	491384	691384	harbor1	chr19	504984	505370	LTR/ERV1	1805	+	193	505177	13793
chr19	491384	691384	harbor1	chr19	571083	571344	LTR/ERV1	999	+	130	571213	79829
chr19	5521174	5721174	harbor1	chr19	5548576	5549016	LTR/ERV1	3815	+	220	5548796	27622
chr19	5521174	5721174	harbor1	chr19	5549017	5551892	LTR/ERV1	15423	+	1438	5550455	29281
chr19	5521174	5721174	harbor1	chr19	5551872	5552016	LTR/ERV1	835	+	72	5551944	30770
chr19	5521174	5721174	harbor1	chr19	5552007	5552168	LTR/ERV1	1037	+	80	5552087	30913
chr19	5521174	5721174	harbor1	chr19	5552161	5552771	LTR/ERV1	4429	+	305	5552466	31292
chr19	5521174	5721174	harbor1	chr19	5552772	5553212	LTR/ERV1	3809	+	220	5552992	31818
chr19	12567170	12767170	harbor1	chr19	12571024	12571238	LTR/ERV1	1638	+	107	12571131	3961
chr19	12567170	12767170	harbor1	chr19	12571531	12571733	LTR/ERV1	1638	+	101	12571632	4462
chr19	12567170	12767170	harbor1	chr19	12571734	12572096	LTR/ERV1	2166	+	181	12571915	4745
chr19	12567170	12767170	harbor1	chr19	12572767	12572934	LTR/ERV1	979	+	84	12572851	5681
chr19	12567170	12767170	harbor1	chr19	12598247	12598381	LTR/ERV1	1014	+	67	12598314	31144
chr19	12567170	12767170	harbor1	chr19	12598674	12598706	LTR/ERV1	1014	+	16	12598690	31520
chr19	12567170	12767170	harbor1	chr19	12600390	12600836	LTR/ERV1	8960	+	223	12600613	33443
chr19	12567170	12767170	harbor1	chr19	12599175	12600080	LTR/ERV1	8960	+	452	12599627	32457
chr19	39302740	39502740	harbor1	chr19	39305832	39306375	LTR/ERV1	1153	+	272	39306104	3364
chr19	19675701	19875701	harbor1	chr19	19697161	19697725	LTR/ERV1	3767	+	282	19697443	21742
chr19	19675701	19875701	harbor1	chr19	19698737	19698924	LTR/ERV1	1285	+	94	19698831	23130
chr19	19675701	19875701	harbor1	chr19	19701247	19701427	LTR/ERV1	1147	+	90	19701337	25636
chr19	19675701	19875701	harbor1	chr19	19701741	19701868	LTR/ERV1	1147	+	64	19701805	26104
chr19	19675701	19875701	harbor1	chr19	19709224	19709942	LTR/ERV1	3773	+	359	19709583	33882
chr19	13953723	14153723	harbor1	chr19	14009261	14009418	LTR/ERV1	3338	+	78	14009339	55616
chr19	13953723	14153723	harbor1	chr19	14010049	14010300	LTR/ERV1	3338	+	126	14010175	56452
chr19	13953723	14153723	harbor1	chr19	14010598	14010679	LTR/ERV1	3338	+	40	14010638	56915
chr19	13953723	14153723	harbor1	chr19	14010983	14011054	LTR/ERV1	3338	+	36	14011019	57296
chr19	56018198	56218198	harbor1	chr19	56078017	56078243	LTR/ERV1	1152	+	113	56078130	59932
chr19	1350390	1550390	harbor1	chr19	1442428	1442896	LTR/ERV1	3133	+	234	1442662	92272
chr19	208557	408557	harbor1	chr19	248926	249489	LTR/ERV1	2774	+	282	249208	40651
chr19	208557	408557	harbor1	chr19	249896	250542	LTR/ERV1	3843	+	323	250219	41662
chr19	208557	408557	harbor1	chr19	250843	250895	LTR/ERV1	3843	+	26	250869	42312
chr19	208557	408557	harbor1	chr19	251296	251631	LTR/ERV1	915	+	168	251464	42907
chr19	208557	408557	harbor1	chr19	253201	253501	LTR/ERV1	1364	+	150	253351	44794
chr19	208557	408557	harbor1	chr19	256874	257318	LTR/ERV1	3028	+	222	257096	48539
chr19	208557	408557	harbor1	chr19	259804	259982	LTR/ERV1	929	+	89	259893	51336
chr19	208557	408557	harbor1	chr19	260066	260323	LTR/ERV1	1615	+	128	260194	51637
chr19	208557	408557	harbor1	chr19	261009	261371	LTR/ERV1	2596	+	181	261190	52633
chr19	208557	408557	harbor1	chr19	264918	265507	LTR/ERV1	4735	+	294	265212	56655
chr19	208557	408557	harbor1	chr19	262136	262375	LTR/ERV1	1219	+	120	262256	53699
chr19	5522978	5722978	harbor1	chr19	5548576	5549016	LTR/ERV1	3815	+	220	5548796	25818
chr19	5522978	5722978	harbor1	chr19	5549017	5551892	LTR/ERV1	15423	+	1438	5550455	27477
chr19	5522978	5722978	harbor1	chr19	5551872	5552016	LTR/ERV1	835	+	72	5551944	28966
chr19	5522978	5722978	harbor1	chr19	5552007	5552168	LTR/ERV1	1037	+	80	5552087	29109
chr19	5522978	5722978	harbor1	chr19	5552161	5552771	LTR/ERV1	4429	+	305	5552466	29488
chr19	5522978	5722978	harbor1	chr19	5552772	5553212	LTR/ERV1	3809	+	220	5552992	30014
chr19	12569729	12769729	harbor1	chr19	12571024	12571238	LTR/ERV1	1638	+	107	12571131	1402
chr19	12569729	12769729	harbor1	chr19	12571531	12571733	LTR/ERV1	1638	+	101	12571632	1903
chr19	12569729	12769729	harbor1	chr19	12571734	12572096	LTR/ERV1	2166	+	181	12571915	2186
chr19	12569729	12769729	harbor1	chr19	12572767	12572934	LTR/ERV1	979	+	84	12572851	3122
chr19	12569729	12769729	harbor1	chr19	12598247	12598381	LTR/ERV1	1014	+	67	12598314	28585
chr19	12569729	12769729	harbor1	chr19	12598674	12598706	LTR/ERV1	1014	+	16	12598690	28961
chr19	12569729	12769729	harbor1	chr19	12600390	12600836	LTR/ERV1	8960	+	223	12600613	30884
chr19	12569729	12769729	harbor1	chr19	12599175	12600080	LTR/ERV1	8960	+	452	12599627	29898
chr19	19563974	19763974	harbor1	chr19	19582190	19582968	LTR/ERV1	4612	+	389	19582579	18605
chr19	19563974	19763974	harbor1	chr19	19585545	19585977	LTR/ERV1	3520	+	216	19585761	21787
chr19	2355470	2555470	harbor1	chr19	2392568	2393567	LTR/ERV1	5125	+	500	2393068	37598
chr19	8313345	8513345	harbor1	chr19	8375578	8377025	LTR/ERV1	10025	+	724	8376302	62957
chr19	8313345	8513345	harbor1	chr19	8379161	8379914	LTR/ERV1	5267	+	376	8379537	66192
chr19	8313345	8513345	harbor1	chr19	8379915	8385620	LTR/ERV1	40221	+	2852	8382767	69422
chr19	8313345	8513345	harbor1	chr19	8385635	8386395	LTR/ERV1	6003	+	380	8386015	72670
chr19	8313345	8513345	harbor1	chr19	8386396	8387101	LTR/ERV1	4651	+	352	8386748	73403
chr19	8313345	8513345	harbor1	chr19	8387118	8387378	LTR/ERV1	2289	+	130	8387248	73903
chr19	8313345	8513345	harbor1	chr19	8387659	8387679	LTR/ERV1	2289	+	10	8387669	74324
chr19	8313345	8513345	harbor1	chr19	8388000	8388185	LTR/ERV1	2289	+	92	8388092	74747
chr19	9986313	10186313	harbor1	chr19	10000058	10000276	LTR/ERV1	1118	+	109	10000167	13854
chr19	50332480	50532480	harbor1	chr19	50340155	50340701	LTR/ERV1	3803	+	273	50340428	7948
chr19	50332480	50532480	harbor1	chr19	50341007	50341155	LTR/ERV1	3803	+	74	50341081	8601
chr19	50332480	50532480	harbor1	chr19	50374568	50375083	LTR/ERV1	3416	+	258	50374826	42346
chr19	18562743	18762743	harbor1	chr19	18577268	18577575	LTR/ERV1	1065	+	154	18577422	14679
chr19	18562743	18762743	harbor1	chr19	18577591	18578035	LTR/ERV1	1497	+	222	18577813	15070
chr19	18562743	18762743	harbor1	chr19	18581897	18583776	LTR/ERV1	23217	+	940	18582837	20094
chr19	18562743	18762743	harbor1	chr19	18584075	18584685	LTR/ERV1	23217	+	305	18584380	21637
chr19	18562743	18762743	harbor1	chr19	18586601	18587182	LTR/ERV1	1306	+	290	18586891	24148
chr19	18562743	18762743	harbor1	chr19	18587630	18587911	LTR/ERV1	1140	+	140	18587770	25027
chr19	18562743	18762743	harbor1	chr19	18578706	18581619	LTR/ERV1	23217	+	1456	18580162	17419
chr19	5486235	5686235	harbor1	chr19	5548576	5549016	LTR/ERV1	3815	+	220	5548796	62561
chr19	5486235	5686235	harbor1	chr19	5549017	5551892	LTR/ERV1	15423	+	1438	5550455	64220
chr19	5486235	5686235	harbor1	chr19	5551872	5552016	LTR/ERV1	835	+	72	5551944	65709
chr19	5486235	5686235	harbor1	chr19	5552007	5552168	LTR/ERV1	1037	+	80	5552087	65852
chr19	5486235	5686235	harbor1	chr19	5552161	5552771	LTR/ERV1	4429	+	305	5552466	66231
chr19	5486235	5686235	harbor1	chr19	5552772	5553212	LTR/ERV1	3809	+	220	5552992	66757
chr19	19676574	19876574	harbor1	chr19	19697161	19697725	LTR/ERV1	3767	+	282	19697443	20869
chr19	19676574	19876574	harbor1	chr19	19698737	19698924	LTR/ERV1	1285	+	94	19698831	22257
chr19	19676574	19876574	harbor1	chr19	19701247	19701427	LTR/ERV1	1147	+	90	19701337	24763
chr19	19676574	19876574	harbor1	chr19	19701741	19701868	LTR/ERV1	1147	+	64	19701805	25231
chr19	19676574	19876574	harbor1	chr19	19709224	19709942	LTR/ERV1	3773	+	359	19709583	33009
chr19	48070297	48270297	harbor1	chr19	48140323	48141025	LTR/ERV1	3137	+	351	48140674	70377
chr19	30129086	30329086	harbor1	chr19	30160052	30160580	LTR/ERV1	2946	+	264	30160316	31230
chr19	30129086	30329086	harbor1	chr19	30176414	30177006	LTR/ERV1	3284	+	296	30176710	47624
chr19	12912105	13112105	harbor1	chr19	12920248	12920450	LTR/ERV1	1074	+	101	12920349	8244
chr19	12912105	13112105	harbor1	chr19	12920730	12920805	LTR/ERV1	1074	+	38	12920768	8663
chr19	12912105	13112105	harbor1	chr19	12920943	12921103	LTR/ERV1	765	+	80	12921023	8918
chr19	57091913	57291913	harbor1	chr19	57092506	57093103	LTR/ERV1	3033	+	298	57092804	891
chr19	57091913	57291913	harbor1	chr19	57118404	57118959	LTR/ERV1	3479	+	278	57118682	26769
chr19	57091913	57291913	harbor1	chr19	57141445	57141481	LTR/ERV1	1803	+	18	57141463	49550
chr19	57091913	57291913	harbor1	chr19	57141518	57141617	LTR/ERV1	1803	+	50	57141568	49655
chr19	57091913	57291913	harbor1	chr19	57141864	57142137	LTR/ERV1	1803	+	136	57142000	50087
chr19	57091913	57291913	harbor1	chr19	57172534	57172693	LTR/ERV1	1067	+	80	57172614	80701
chr19	57091913	57291913	harbor1	chr19	57172998	57173036	LTR/ERV1	1067	+	19	57173017	81104
chr19	57091913	57291913	harbor1	chr19	57181546	57181759	LTR/ERV1	4102	+	106	57181652	89739
chr19	57091913	57291913	harbor1	chr19	57182059	57182439	LTR/ERV1	4102	+	190	57182249	90336
chr19	57091913	57291913	harbor1	chr19	57187710	57187815	LTR/ERV1	726	+	52	57187762	95849
chr19	57091913	57291913	harbor1	chr19	57187817	57188147	LTR/ERV1	1898	+	165	57187982	96069
chr19	57091913	57291913	harbor1	chr19	57188349	57188639	LTR/ERV1	1333	+	145	57188494	96581
chr19	57091913	57291913	harbor1	chr19	57188802	57188920	LTR/ERV1	3128	+	59	57188861	96948
chr19	57091913	57291913	harbor1	chr19	57189229	57189661	LTR/ERV1	3128	+	216	57189445	97532
chr19	57091913	57291913	harbor1	chr19	57189954	57190017	LTR/ERV1	3128	+	32	57189986	98073
chr19	57091913	57291913	harbor1	chr19	57190020	57190109	LTR/ERV1	666	+	44	57190064	98151
chr19	57091913	57291913	harbor1	chr19	57190110	57190615	LTR/ERV1	2897	+	252	57190362	98449
chr19	5522956	5722956	harbor1	chr19	5548576	5549016	LTR/ERV1	3815	+	220	5548796	25840
chr19	5522956	5722956	harbor1	chr19	5549017	5551892	LTR/ERV1	15423	+	1438	5550455	27499
chr19	5522956	5722956	harbor1	chr19	5551872	5552016	LTR/ERV1	835	+	72	5551944	28988
chr19	5522956	5722956	harbor1	chr19	5552007	5552168	LTR/ERV1	1037	+	80	5552087	29131
chr19	5522956	5722956	harbor1	chr19	5552161	5552771	LTR/ERV1	4429	+	305	5552466	29510
chr19	5522956	5722956	harbor1	chr19	5552772	5553212	LTR/ERV1	3809	+	220	5552992	30036
chr19	2116463	2316463	harbor1	chr19	2162915	2163048	LTR/ERV1	998	+	66	2162981	46518
chr19	2116463	2316463	harbor1	chr19	2169666	2169818	LTR/ERV1	770	+	76	2169742	53279
chr19	7429502	7629502	harbor1	chr19	7489637	7489849	LTR/ERV1	1034	+	106	7489743	60241
chr19	7429502	7629502	harbor1	chr19	7494663	7494972	LTR/ERV1	1506	+	154	7494817	65315
chr19	516432	716432	harbor1	chr19	571083	571344	LTR/ERV1	999	+	130	571213	54781
chr19	19563863	19763863	harbor1	chr19	19582190	19582968	LTR/ERV1	4612	+	389	19582579	18716
chr19	19563863	19763863	harbor1	chr19	19585545	19585977	LTR/ERV1	3520	+	216	19585761	21898
chr19	19676811	19876811	harbor1	chr19	19697161	19697725	LTR/ERV1	3767	+	282	19697443	20632
chr19	19676811	19876811	harbor1	chr19	19698737	19698924	LTR/ERV1	1285	+	94	19698831	22020
chr19	19676811	19876811	harbor1	chr19	19701247	19701427	LTR/ERV1	1147	+	90	19701337	24526
chr19	19676811	19876811	harbor1	chr19	19701741	19701868	LTR/ERV1	1147	+	64	19701805	24994
chr19	19676811	19876811	harbor1	chr19	19709224	19709942	LTR/ERV1	3773	+	359	19709583	32772
chr19	2130409	2330409	harbor1	chr19	2162915	2163048	LTR/ERV1	998	+	66	2162981	32572
chr19	2130409	2330409	harbor1	chr19	2169666	2169818	LTR/ERV1	770	+	76	2169742	39333
chr19	48865312	49065312	harbor1	chr19	48882278	48882395	LTR/ERV1	819	+	58	48882336	17024
chr19	48865312	49065312	harbor1	chr19	48883248	48883524	LTR/ERV1	1824	+	138	48883386	18074
chr19	48865312	49065312	harbor1	chr19	48946454	48947628	LTR/ERV1	3620	+	587	48947041	81729
chr19	48865312	49065312	harbor1	chr19	48951695	48952000	LTR/ERV1	1049	+	152	48951847	86535
chr19	30129101	30329101	harbor1	chr19	30160052	30160580	LTR/ERV1	2946	+	264	30160316	31215
chr19	30129101	30329101	harbor1	chr19	30176414	30177006	LTR/ERV1	3284	+	296	30176710	47609
chr19	7756106	7956106	harbor1	chr19	7769596	7770016	LTR/ERV1	2227	+	210	7769806	13700
chr19	208595	408595	harbor1	chr19	248926	249489	LTR/ERV1	2774	+	282	249208	40613
chr19	208595	408595	harbor1	chr19	249896	250542	LTR/ERV1	3843	+	323	250219	41624
chr19	208595	408595	harbor1	chr19	250843	250895	LTR/ERV1	3843	+	26	250869	42274
chr19	208595	408595	harbor1	chr19	251296	251631	LTR/ERV1	915	+	168	251464	42869
chr19	208595	408595	harbor1	chr19	253201	253501	LTR/ERV1	1364	+	150	253351	44756
chr19	208595	408595	harbor1	chr19	256874	257318	LTR/ERV1	3028	+	222	257096	48501
chr19	208595	408595	harbor1	chr19	259804	259982	LTR/ERV1	929	+	89	259893	51298
chr19	208595	408595	harbor1	chr19	260066	260323	LTR/ERV1	1615	+	128	260194	51599
chr19	208595	408595	harbor1	chr19	261009	261371	LTR/ERV1	2596	+	181	261190	52595
chr19	208595	408595	harbor1	chr19	264918	265507	LTR/ERV1	4735	+	294	265212	56617
chr19	208595	408595	harbor1	chr19	262136	262375	LTR/ERV1	1219	+	120	262256	53661
chr19	32574738	32774738	harbor1	chr19	32637511	32639028	LTR/ERV1	7304	+	758	32638269	63531
chr19	5522879	5722879	harbor1	chr19	5548576	5549016	LTR/ERV1	3815	+	220	5548796	25917
chr19	5522879	5722879	harbor1	chr19	5549017	5551892	LTR/ERV1	15423	+	1438	5550455	27576
chr19	5522879	5722879	harbor1	chr19	5551872	5552016	LTR/ERV1	835	+	72	5551944	29065
chr19	5522879	5722879	harbor1	chr19	5552007	5552168	LTR/ERV1	1037	+	80	5552087	29208
chr19	5522879	5722879	harbor1	chr19	5552161	5552771	LTR/ERV1	4429	+	305	5552466	29587
chr19	5522879	5722879	harbor1	chr19	5552772	5553212	LTR/ERV1	3809	+	220	5552992	30113
chr19	19675592	19875592	harbor1	chr19	19697161	19697725	LTR/ERV1	3767	+	282	19697443	21851
chr19	19675592	19875592	harbor1	chr19	19698737	19698924	LTR/ERV1	1285	+	94	19698831	23239
chr19	19675592	19875592	harbor1	chr19	19701247	19701427	LTR/ERV1	1147	+	90	19701337	25745
chr19	19675592	19875592	harbor1	chr19	19701741	19701868	LTR/ERV1	1147	+	64	19701805	26213
chr19	19675592	19875592	harbor1	chr19	19709224	19709942	LTR/ERV1	3773	+	359	19709583	33991
chr19	1857143	2057143	harbor1	chr19	1903880	1903985	LTR/ERV1	847	+	52	1903932	46789
chr19	1857143	2057143	harbor1	chr19	1904289	1904647	LTR/ERV1	847	+	179	1904468	47325
chr19	14879556	15079556	harbor1	chr19	14890676	14891431	LTR/ERV1	5032	+	378	14891054	11498
chr19	14879556	15079556	harbor1	chr19	14944486	14944925	LTR/ERV1	3082	+	220	14944706	65150
chr19	14879556	15079556	harbor1	chr19	14958934	14959569	LTR/ERV1	4390	+	318	14959252	79696
chr19	14879556	15079556	harbor1	chr19	14967347	14968299	LTR/ERV1	5546	+	476	14967823	88267
chr19	5522932	5722932	harbor1	chr19	5548576	5549016	LTR/ERV1	3815	+	220	5548796	25864
chr19	5522932	5722932	harbor1	chr19	5549017	5551892	LTR/ERV1	15423	+	1438	5550455	27523
chr19	5522932	5722932	harbor1	chr19	5551872	5552016	LTR/ERV1	835	+	72	5551944	29012
chr19	5522932	5722932	harbor1	chr19	5552007	5552168	LTR/ERV1	1037	+	80	5552087	29155
chr19	5522932	5722932	harbor1	chr19	5552161	5552771	LTR/ERV1	4429	+	305	5552466	29534
chr19	5522932	5722932	harbor1	chr19	5552772	5553212	LTR/ERV1	3809	+	220	5552992	30060
chr19	5521748	5721748	harbor1	chr19	5548576	5549016	LTR/ERV1	3815	+	220	5548796	27048
chr19	5521748	5721748	harbor1	chr19	5549017	5551892	LTR/ERV1	15423	+	1438	5550455	28707
chr19	5521748	5721748	harbor1	chr19	5551872	5552016	LTR/ERV1	835	+	72	5551944	30196
chr19	5521748	5721748	harbor1	chr19	5552007	5552168	LTR/ERV1	1037	+	80	5552087	30339
chr19	5521748	5721748	harbor1	chr19	5552161	5552771	LTR/ERV1	4429	+	305	5552466	30718
chr19	5521748	5721748	harbor1	chr19	5552772	5553212	LTR/ERV1	3809	+	220	5552992	31244
chr19	19675857	19875857	harbor1	chr19	19697161	19697725	LTR/ERV1	3767	+	282	19697443	21586
chr19	19675857	19875857	harbor1	chr19	19698737	19698924	LTR/ERV1	1285	+	94	19698831	22974
chr19	19675857	19875857	harbor1	chr19	19701247	19701427	LTR/ERV1	1147	+	90	19701337	25480
chr19	19675857	19875857	harbor1	chr19	19701741	19701868	LTR/ERV1	1147	+	64	19701805	25948
chr19	19675857	19875857	harbor1	chr19	19709224	19709942	LTR/ERV1	3773	+	359	19709583	33726
chr19	11667295	11867295	harbor1	chr19	11686867	11687687	LTR/ERV1	4854	+	410	11687277	19982
chr19	11667295	11867295	harbor1	chr19	11687688	11687964	LTR/ERV1	1258	+	138	11687826	20531
chr19	11667295	11867295	harbor1	chr19	11688476	11688653	LTR/ERV1	2306	+	88	11688564	21269
chr19	11667295	11867295	harbor1	chr19	11688952	11689254	LTR/ERV1	2306	+	151	11689103	21808
chr19	11667295	11867295	harbor1	chr19	11692277	11692462	LTR/ERV1	1406	+	92	11692369	25074
chr19	11667295	11867295	harbor1	chr19	11697763	11698062	LTR/ERV1	3900	+	150	11697913	30618
chr19	11667295	11867295	harbor1	chr19	11698357	11698692	LTR/ERV1	3900	+	168	11698525	31230
chr19	11667295	11867295	harbor1	chr19	11705138	11705440	LTR/ERV1	1370	+	151	11705289	37994
chr19	11667295	11867295	harbor1	chr19	11705572	11705885	LTR/ERV1	1190	+	156	11705728	38433
chr19	11667295	11867295	harbor1	chr19	11733885	11733952	LTR/ERV1	1082	+	34	11733919	66624
chr19	11667295	11867295	harbor1	chr19	11734271	11734543	LTR/ERV1	1082	+	136	11734407	67112
chr19	11667295	11867295	harbor1	chr19	11734834	11734992	LTR/ERV1	1082	+	79	11734913	67618
chr19	11667295	11867295	harbor1	chr19	11735305	11735425	LTR/ERV1	1082	+	60	11735365	68070
chr19	11667295	11867295	harbor1	chr19	11738025	11738525	LTR/ERV1	1004	+	250	11738275	70980
chr19	11667295	11867295	harbor1	chr19	11741933	11742494	LTR/ERV1	5354	+	280	11742213	74918
chr19	11667295	11867295	harbor1	chr19	11742804	11743392	LTR/ERV1	5354	+	294	11743098	75803
chr19	11667295	11867295	harbor1	chr19	11743723	11743896	LTR/ERV1	5354	+	86	11743809	76514
chr19	11667295	11867295	harbor1	chr19	11744013	11744151	LTR/ERV1	663	+	69	11744082	76787
chr19	19675613	19875613	harbor1	chr19	19697161	19697725	LTR/ERV1	3767	+	282	19697443	21830
chr19	19675613	19875613	harbor1	chr19	19698737	19698924	LTR/ERV1	1285	+	94	19698831	23218
chr19	19675613	19875613	harbor1	chr19	19701247	19701427	LTR/ERV1	1147	+	90	19701337	25724
chr19	19675613	19875613	harbor1	chr19	19701741	19701868	LTR/ERV1	1147	+	64	19701805	26192
chr19	19675613	19875613	harbor1	chr19	19709224	19709942	LTR/ERV1	3773	+	359	19709583	33970
chr19	1357246	1557246	harbor1	chr19	1442428	1442896	LTR/ERV1	3133	+	234	1442662	85416
chr19	19675500	19875500	harbor1	chr19	19697161	19697725	LTR/ERV1	3767	+	282	19697443	21943
chr19	19675500	19875500	harbor1	chr19	19698737	19698924	LTR/ERV1	1285	+	94	19698831	23331
chr19	19675500	19875500	harbor1	chr19	19701247	19701427	LTR/ERV1	1147	+	90	19701337	25837
chr19	19675500	19875500	harbor1	chr19	19701741	19701868	LTR/ERV1	1147	+	64	19701805	26305
chr19	19675500	19875500	harbor1	chr19	19709224	19709942	LTR/ERV1	3773	+	359	19709583	34083
chr19	49493098	49693098	harbor1	chr19	49579292	49579734	LTR/ERV1	2218	+	221	49579513	86415
chr19	5522069	5722069	harbor1	chr19	5548576	5549016	LTR/ERV1	3815	+	220	5548796	26727
chr19	5522069	5722069	harbor1	chr19	5549017	5551892	LTR/ERV1	15423	+	1438	5550455	28386
chr19	5522069	5722069	harbor1	chr19	5551872	5552016	LTR/ERV1	835	+	72	5551944	29875
chr19	5522069	5722069	harbor1	chr19	5552007	5552168	LTR/ERV1	1037	+	80	5552087	30018
chr19	5522069	5722069	harbor1	chr19	5552161	5552771	LTR/ERV1	4429	+	305	5552466	30397
chr19	5522069	5722069	harbor1	chr19	5552772	5553212	LTR/ERV1	3809	+	220	5552992	30923
chr19	19488310	19688310	harbor1	chr19	19582190	19582968	LTR/ERV1	4612	+	389	19582579	94269
chr19	19488310	19688310	harbor1	chr19	19585545	19585977	LTR/ERV1	3520	+	216	19585761	97451
chr19	19674780	19874780	harbor1	chr19	19697161	19697725	LTR/ERV1	3767	+	282	19697443	22663
chr19	19674780	19874780	harbor1	chr19	19698737	19698924	LTR/ERV1	1285	+	94	19698831	24051
chr19	19674780	19874780	harbor1	chr19	19701247	19701427	LTR/ERV1	1147	+	90	19701337	26557
chr19	19674780	19874780	harbor1	chr19	19701741	19701868	LTR/ERV1	1147	+	64	19701805	27025
chr19	19674780	19874780	harbor1	chr19	19709224	19709942	LTR/ERV1	3773	+	359	19709583	34803
chr19	45369302	45569302	harbor1	chr19	45375084	45375131	LTR/ERV1	1551	+	24	45375108	5806
chr19	45369302	45569302	harbor1	chr19	45375446	45375536	LTR/ERV1	1551	+	45	45375491	6189
chr19	45369302	45569302	harbor1	chr19	45375859	45376092	LTR/ERV1	1551	+	116	45375975	6673
chr19	45369302	45569302	harbor1	chr19	45390230	45390717	LTR/ERV1	3880	+	244	45390474	21172
chr19	48865303	49065303	harbor1	chr19	48882278	48882395	LTR/ERV1	819	+	58	48882336	17033
chr19	48865303	49065303	harbor1	chr19	48883248	48883524	LTR/ERV1	1824	+	138	48883386	18083
chr19	48865303	49065303	harbor1	chr19	48946454	48947628	LTR/ERV1	3620	+	587	48947041	81738
chr19	48865303	49065303	harbor1	chr19	48951695	48952000	LTR/ERV1	1049	+	152	48951847	86544
chr19	19676606	19876606	harbor1	chr19	19697161	19697725	LTR/ERV1	3767	+	282	19697443	20837
chr19	19676606	19876606	harbor1	chr19	19698737	19698924	LTR/ERV1	1285	+	94	19698831	22225
chr19	19676606	19876606	harbor1	chr19	19701247	19701427	LTR/ERV1	1147	+	90	19701337	24731
chr19	19676606	19876606	harbor1	chr19	19701741	19701868	LTR/ERV1	1147	+	64	19701805	25199
chr19	19676606	19876606	harbor1	chr19	19709224	19709942	LTR/ERV1	3773	+	359	19709583	32977
chr19	19674849	19874849	harbor1	chr19	19697161	19697725	LTR/ERV1	3767	+	282	19697443	22594
chr19	19674849	19874849	harbor1	chr19	19698737	19698924	LTR/ERV1	1285	+	94	19698831	23982
chr19	19674849	19874849	harbor1	chr19	19701247	19701427	LTR/ERV1	1147	+	90	19701337	26488
chr19	19674849	19874849	harbor1	chr19	19701741	19701868	LTR/ERV1	1147	+	64	19701805	26956
chr19	19674849	19874849	harbor1	chr19	19709224	19709942	LTR/ERV1	3773	+	359	19709583	34734
chr19	19674760	19874760	harbor1	chr19	19697161	19697725	LTR/ERV1	3767	+	282	19697443	22683
chr19	19674760	19874760	harbor1	chr19	19698737	19698924	LTR/ERV1	1285	+	94	19698831	24071
chr19	19674760	19874760	harbor1	chr19	19701247	19701427	LTR/ERV1	1147	+	90	19701337	26577
chr19	19674760	19874760	harbor1	chr19	19701741	19701868	LTR/ERV1	1147	+	64	19701805	27045
chr19	19674760	19874760	harbor1	chr19	19709224	19709942	LTR/ERV1	3773	+	359	19709583	34823
chr19	417890	617890	harbor1	chr19	487753	488211	LTR/ERV1	3643	+	229	487982	70092
chr19	417890	617890	harbor1	chr19	504984	505370	LTR/ERV1	1805	+	193	505177	87287
chr19	5521798	5721798	harbor1	chr19	5548576	5549016	LTR/ERV1	3815	+	220	5548796	26998
chr19	5521798	5721798	harbor1	chr19	5549017	5551892	LTR/ERV1	15423	+	1438	5550455	28657
chr19	5521798	5721798	harbor1	chr19	5551872	5552016	LTR/ERV1	835	+	72	5551944	30146
chr19	5521798	5721798	harbor1	chr19	5552007	5552168	LTR/ERV1	1037	+	80	5552087	30289
chr19	5521798	5721798	harbor1	chr19	5552161	5552771	LTR/ERV1	4429	+	305	5552466	30668
chr19	5521798	5721798	harbor1	chr19	5552772	5553212	LTR/ERV1	3809	+	220	5552992	31194
chr19	56006815	56206815	harbor1	chr19	56078017	56078243	LTR/ERV1	1152	+	113	56078130	71315
chr19	19563667	19763667	harbor1	chr19	19582190	19582968	LTR/ERV1	4612	+	389	19582579	18912
chr19	19563667	19763667	harbor1	chr19	19585545	19585977	LTR/ERV1	3520	+	216	19585761	22094
chr19	5521791	5721791	harbor1	chr19	5548576	5549016	LTR/ERV1	3815	+	220	5548796	27005
chr19	5521791	5721791	harbor1	chr19	5549017	5551892	LTR/ERV1	15423	+	1438	5550455	28664
chr19	5521791	5721791	harbor1	chr19	5551872	5552016	LTR/ERV1	835	+	72	5551944	30153
chr19	5521791	5721791	harbor1	chr19	5552007	5552168	LTR/ERV1	1037	+	80	5552087	30296
chr19	5521791	5721791	harbor1	chr19	5552161	5552771	LTR/ERV1	4429	+	305	5552466	30675
chr19	5521791	5721791	harbor1	chr19	5552772	5553212	LTR/ERV1	3809	+	220	5552992	31201
chr19	5493948	5693948	harbor1	chr19	5548576	5549016	LTR/ERV1	3815	+	220	5548796	54848
chr19	5493948	5693948	harbor1	chr19	5549017	5551892	LTR/ERV1	15423	+	1438	5550455	56507
chr19	5493948	5693948	harbor1	chr19	5551872	5552016	LTR/ERV1	835	+	72	5551944	57996
chr19	5493948	5693948	harbor1	chr19	5552007	5552168	LTR/ERV1	1037	+	80	5552087	58139
chr19	5493948	5693948	harbor1	chr19	5552161	5552771	LTR/ERV1	4429	+	305	5552466	58518
chr19	5493948	5693948	harbor1	chr19	5552772	5553212	LTR/ERV1	3809	+	220	5552992	59044
chr20	2740631	2940631	harbor1	chr20	2800876	2801334	LTR/ERV1	2380	+	229	2801105	60474
chr20	2740631	2940631	harbor1	chr20	2801697	2801873	LTR/ERV1	906	+	88	2801785	61154
chr20	2740631	2940631	harbor1	chr20	2802320	2803218	LTR/ERV1	6051	+	449	2802769	62138
chr20	2740631	2940631	harbor1	chr20	2803522	2803609	LTR/ERV1	6051	+	44	2803566	62935
chr20	2740631	2940631	harbor1	chr20	2803790	2804131	LTR/ERV1	2430	+	170	2803960	63329
chr20	2740631	2940631	harbor1	chr20	2804132	2804576	LTR/ERV1	2256	+	222	2804354	63723
chr20	2740631	2940631	harbor1	chr20	2801335	2801724	LTR/ERV1	2445	+	194	2801529	60898
chr20	4586466	4786466	harbor1	chr20	4633244	4633788	LTR/ERV1	3052	+	272	4633516	47050
chr20	4586466	4786466	harbor1	chr20	4659776	4660204	LTR/ERV1	3437	+	214	4659990	73524
chr20	4586466	4786466	harbor1	chr20	4661209	4661594	LTR/ERV1	2570	+	192	4661401	74935
chr20	4586466	4786466	harbor1	chr20	4665723	4666438	LTR/ERV1	4385	+	358	4666081	79615
chr20	4586466	4786466	harbor1	chr20	4675852	4676272	LTR/ERV1	2711	+	210	4676062	89596
chr20	2738370	2938370	harbor1	chr20	2800876	2801334	LTR/ERV1	2380	+	229	2801105	62735
chr20	2738370	2938370	harbor1	chr20	2801697	2801873	LTR/ERV1	906	+	88	2801785	63415
chr20	2738370	2938370	harbor1	chr20	2802320	2803218	LTR/ERV1	6051	+	449	2802769	64399
chr20	2738370	2938370	harbor1	chr20	2803522	2803609	LTR/ERV1	6051	+	44	2803566	65196
chr20	2738370	2938370	harbor1	chr20	2803790	2804131	LTR/ERV1	2430	+	170	2803960	65590
chr20	2738370	2938370	harbor1	chr20	2804132	2804576	LTR/ERV1	2256	+	222	2804354	65984
chr20	2738370	2938370	harbor1	chr20	2801335	2801724	LTR/ERV1	2445	+	194	2801529	63159
chr20	31622218	31822218	harbor1	chr20	31662806	31663043	LTR/ERV1	1332	+	118	31662924	40706
chr20	31622218	31822218	harbor1	chr20	31715591	31715831	LTR/ERV1	1566	+	120	31715711	93493
chr20	31622218	31822218	harbor1	chr20	31715996	31716266	LTR/ERV1	1366	+	135	31716131	93913
chr20	61877239	62077239	harbor1	chr20	61914146	61914267	LTR/ERV1	464	+	60	61914206	36967
chr20	61877239	62077239	harbor1	chr20	61914261	61914535	LTR/ERV1	1176	+	137	61914398	37159
chr20	61877239	62077239	harbor1	chr20	61959364	61959712	LTR/ERV1	1251	+	174	61959538	82299
chr20	61877239	62077239	harbor1	chr20	61960128	61960276	LTR/ERV1	712	+	74	61960202	82963
chr20	50091428	50291428	harbor1	chr20	50173570	50173606	LTR/ERV1	486	+	18	50173588	82160
chr20	50091428	50291428	harbor1	chr20	50173906	50174012	LTR/ERV1	486	+	53	50173959	82531
chr20	1018874	1218874	harbor1	chr20	1083409	1083778	LTR/ERV1	1393	+	184	1083593	64719
chr20	1018874	1218874	harbor1	chr20	1106586	1106997	LTR/ERV1	929	+	206	1106792	87918
chr20	24506534	24706534	harbor1	chr20	24563271	24563607	LTR/ERV1	3099	+	168	24563439	56905
chr20	24506534	24706534	harbor1	chr20	24563903	24564074	LTR/ERV1	3099	+	86	24563989	57455
chr20	24506534	24706534	harbor1	chr20	24571812	24572241	LTR/ERV1	2561	+	214	24572026	65492
chr20	24506534	24706534	harbor1	chr20	24604230	24604860	LTR/ERV1	4560	+	315	24604545	98011
chr20	4586441	4786441	harbor1	chr20	4633244	4633788	LTR/ERV1	3052	+	272	4633516	47075
chr20	4586441	4786441	harbor1	chr20	4659776	4660204	LTR/ERV1	3437	+	214	4659990	73549
chr20	4586441	4786441	harbor1	chr20	4661209	4661594	LTR/ERV1	2570	+	192	4661401	74960
chr20	4586441	4786441	harbor1	chr20	4665723	4666438	LTR/ERV1	4385	+	358	4666081	79640
chr20	4586441	4786441	harbor1	chr20	4675852	4676272	LTR/ERV1	2711	+	210	4676062	89621
chr20	1018826	1218826	harbor1	chr20	1083409	1083778	LTR/ERV1	1393	+	184	1083593	64767
chr20	1018826	1218826	harbor1	chr20	1106586	1106997	LTR/ERV1	929	+	206	1106792	87966
chr20	63437341	63637341	harbor1	chr20	63525171	63525609	LTR/ERV1	3166	+	219	63525390	88049
chr20	63437341	63637341	harbor1	chr20	63525909	63525953	LTR/ERV1	3166	+	22	63525931	88590
chr20	63437341	63637341	harbor1	chr20	63526236	63526407	LTR/ERV1	3166	+	86	63526322	88981
chr20	63437341	63637341	harbor1	chr20	63527024	63527338	LTR/ERV1	3166	+	157	63527181	89840
chr20	9473828	9673828	harbor1	chr20	9503600	9504522	LTR/ERV1	5367	+	461	9504061	30233
chr20	9473828	9673828	harbor1	chr20	9549603	9550055	LTR/ERV1	2690	+	226	9549829	76001
chr20	62023008	62223008	harbor1	chr20	62041971	62042694	LTR/ERV1	4730	+	362	62042333	19325
chr20	63437464	63637464	harbor1	chr20	63525171	63525609	LTR/ERV1	3166	+	219	63525390	87926
chr20	63437464	63637464	harbor1	chr20	63525909	63525953	LTR/ERV1	3166	+	22	63525931	88467
chr20	63437464	63637464	harbor1	chr20	63526236	63526407	LTR/ERV1	3166	+	86	63526322	88858
chr20	63437464	63637464	harbor1	chr20	63527024	63527338	LTR/ERV1	3166	+	157	63527181	89717
chr20	1018844	1218844	harbor1	chr20	1083409	1083778	LTR/ERV1	1393	+	184	1083593	64749
chr20	1018844	1218844	harbor1	chr20	1106586	1106997	LTR/ERV1	929	+	206	1106792	87948
chr20	9473814	9673814	harbor1	chr20	9503600	9504522	LTR/ERV1	5367	+	461	9504061	30247
chr20	9473814	9673814	harbor1	chr20	9549603	9550055	LTR/ERV1	2690	+	226	9549829	76015
chr20	2740701	2940701	harbor1	chr20	2800876	2801334	LTR/ERV1	2380	+	229	2801105	60404
chr20	2740701	2940701	harbor1	chr20	2801697	2801873	LTR/ERV1	906	+	88	2801785	61084
chr20	2740701	2940701	harbor1	chr20	2802320	2803218	LTR/ERV1	6051	+	449	2802769	62068
chr20	2740701	2940701	harbor1	chr20	2803522	2803609	LTR/ERV1	6051	+	44	2803566	62865
chr20	2740701	2940701	harbor1	chr20	2803790	2804131	LTR/ERV1	2430	+	170	2803960	63259
chr20	2740701	2940701	harbor1	chr20	2804132	2804576	LTR/ERV1	2256	+	222	2804354	63653
chr20	2740701	2940701	harbor1	chr20	2801335	2801724	LTR/ERV1	2445	+	194	2801529	60828
chr20	62040581	62240581	harbor1	chr20	62041971	62042694	LTR/ERV1	4730	+	362	62042333	1752
chr20	63471550	63671550	harbor1	chr20	63525171	63525609	LTR/ERV1	3166	+	219	63525390	53840
chr20	63471550	63671550	harbor1	chr20	63525909	63525953	LTR/ERV1	3166	+	22	63525931	54381
chr20	63471550	63671550	harbor1	chr20	63526236	63526407	LTR/ERV1	3166	+	86	63526322	54772
chr20	63471550	63671550	harbor1	chr20	63527024	63527338	LTR/ERV1	3166	+	157	63527181	55631
chr20	2740649	2940649	harbor1	chr20	2800876	2801334	LTR/ERV1	2380	+	229	2801105	60456
chr20	2740649	2940649	harbor1	chr20	2801697	2801873	LTR/ERV1	906	+	88	2801785	61136
chr20	2740649	2940649	harbor1	chr20	2802320	2803218	LTR/ERV1	6051	+	449	2802769	62120
chr20	2740649	2940649	harbor1	chr20	2803522	2803609	LTR/ERV1	6051	+	44	2803566	62917
chr20	2740649	2940649	harbor1	chr20	2803790	2804131	LTR/ERV1	2430	+	170	2803960	63311
chr20	2740649	2940649	harbor1	chr20	2804132	2804576	LTR/ERV1	2256	+	222	2804354	63705
chr20	2740649	2940649	harbor1	chr20	2801335	2801724	LTR/ERV1	2445	+	194	2801529	60880
chr20	2740637	2940637	harbor1	chr20	2800876	2801334	LTR/ERV1	2380	+	229	2801105	60468
chr20	2740637	2940637	harbor1	chr20	2801697	2801873	LTR/ERV1	906	+	88	2801785	61148
chr20	2740637	2940637	harbor1	chr20	2802320	2803218	LTR/ERV1	6051	+	449	2802769	62132
chr20	2740637	2940637	harbor1	chr20	2803522	2803609	LTR/ERV1	6051	+	44	2803566	62929
chr20	2740637	2940637	harbor1	chr20	2803790	2804131	LTR/ERV1	2430	+	170	2803960	63323
chr20	2740637	2940637	harbor1	chr20	2804132	2804576	LTR/ERV1	2256	+	222	2804354	63717
chr20	2740637	2940637	harbor1	chr20	2801335	2801724	LTR/ERV1	2445	+	194	2801529	60892
chr20	11791069	11991069	harbor1	chr20	11791707	11792313	LTR/ERV1	3131	+	303	11792010	941
chr20	11791069	11991069	harbor1	chr20	11823406	11823792	LTR/ERV1	1541	+	193	11823599	32530
chr20	11791069	11991069	harbor1	chr20	11834429	11834968	LTR/ERV1	2281	+	270	11834699	43630
chr20	11791069	11991069	harbor1	chr20	11849613	11850088	LTR/ERV1	2063	+	238	11849851	58782
chr20	63472070	63672070	harbor1	chr20	63525171	63525609	LTR/ERV1	3166	+	219	63525390	53320
chr20	63472070	63672070	harbor1	chr20	63525909	63525953	LTR/ERV1	3166	+	22	63525931	53861
chr20	63472070	63672070	harbor1	chr20	63526236	63526407	LTR/ERV1	3166	+	86	63526322	54252
chr20	63472070	63672070	harbor1	chr20	63527024	63527338	LTR/ERV1	3166	+	157	63527181	55111
chr20	21614820	21814820	harbor1	chr20	21628301	21628800	LTR/ERV1	3485	+	250	21628551	13731
chr20	21614820	21814820	harbor1	chr20	21651235	21651751	LTR/ERV1	4231	+	258	21651493	36673
chr20	21614820	21814820	harbor1	chr20	21651839	21652742	LTR/ERV1	7050	+	452	21652291	37471
chr20	21614820	21814820	harbor1	chr20	21652735	21654384	LTR/ERV1	12476	+	824	21653559	38739
chr20	21614820	21814820	harbor1	chr20	21654385	21656356	LTR/ERV1	15790	+	986	21655371	40551
chr20	21614820	21814820	harbor1	chr20	21656353	21656887	LTR/ERV1	3857	+	267	21656620	41800
chr20	21614820	21814820	harbor1	chr20	21656888	21657407	LTR/ERV1	4316	+	260	21657148	42328
chr20	61877182	62077182	harbor1	chr20	61914146	61914267	LTR/ERV1	464	+	60	61914206	37024
chr20	61877182	62077182	harbor1	chr20	61914261	61914535	LTR/ERV1	1176	+	137	61914398	37216
chr20	61877182	62077182	harbor1	chr20	61959364	61959712	LTR/ERV1	1251	+	174	61959538	82356
chr20	61877182	62077182	harbor1	chr20	61960128	61960276	LTR/ERV1	712	+	74	61960202	83020
chr20	4586511	4786511	harbor1	chr20	4633244	4633788	LTR/ERV1	3052	+	272	4633516	47005
chr20	4586511	4786511	harbor1	chr20	4659776	4660204	LTR/ERV1	3437	+	214	4659990	73479
chr20	4586511	4786511	harbor1	chr20	4661209	4661594	LTR/ERV1	2570	+	192	4661401	74890
chr20	4586511	4786511	harbor1	chr20	4665723	4666438	LTR/ERV1	4385	+	358	4666081	79570
chr20	4586511	4786511	harbor1	chr20	4675852	4676272	LTR/ERV1	2711	+	210	4676062	89551
chr21	29198992	29398992	harbor1	chr21	29199070	29199700	LTR/ERV1	4223	+	315	29199385	393
chr21	29198992	29398992	harbor1	chr21	29233053	29233481	LTR/ERV1	2817	+	214	29233267	34275
chr21	29198992	29398992	harbor1	chr21	29233905	29234110	LTR/ERV1	1066	+	102	29234007	35015
chr21	29198992	29398992	harbor1	chr21	29234901	29235324	LTR/ERV1	2241	+	212	29235113	36121
chr21	29198992	29398992	harbor1	chr21	29295194	29295702	LTR/ERV1	2334	+	254	29295448	96456
chr21	44718448	44918448	harbor1	chr21	44740294	44740702	LTR/ERV1	2667	+	204	44740498	22050
chr21	44718448	44918448	harbor1	chr21	44740703	44740849	LTR/ERV1	693	+	73	44740776	22328
chr21	44718448	44918448	harbor1	chr21	44740878	44741320	LTR/ERV1	1661	+	221	44741099	22651
chr21	44718448	44918448	harbor1	chr21	44741938	44742834	LTR/ERV1	3911	+	448	44742386	23938
chr21	44718448	44918448	harbor1	chr21	44745896	44746215	LTR/ERV1	1816	+	160	44746056	27608
chr21	44718448	44918448	harbor1	chr21	44746884	44746982	LTR/ERV1	3079	+	49	44746933	28485
chr21	44718448	44918448	harbor1	chr21	44747499	44747875	LTR/ERV1	3079	+	188	44747687	29239
chr21	44718448	44918448	harbor1	chr21	44742831	44745879	LTR/ERV1	19577	+	1524	44744355	25907
chr21	45793754	45993754	harbor1	chr21	45855848	45856393	LTR/ERV1	2662	+	272	45856120	62366
chr21	45793754	45993754	harbor1	chr21	45857569	45857785	LTR/ERV1	994	+	108	45857677	63923
chr21	43620271	43820271	harbor1	chr21	43626380	43626775	LTR/ERV1	2090	+	198	43626578	6307
chr21	43620271	43820271	harbor1	chr21	43654039	43654654	LTR/ERV1	2839	+	308	43654347	34076
chr21	43620271	43820271	harbor1	chr21	43711748	43711880	LTR/ERV1	661	+	66	43711814	91543
chr21	43620271	43820271	harbor1	chr21	43713759	43714057	LTR/ERV1	2161	+	149	43713908	93637
chr21	43620271	43820271	harbor1	chr21	43714359	43714402	LTR/ERV1	2161	+	22	43714381	94110
chr21	43620271	43820271	harbor1	chr21	43714688	43714784	LTR/ERV1	2161	+	48	43714736	94465
chr21	43620271	43820271	harbor1	chr21	43715376	43715497	LTR/ERV1	2161	+	60	43715436	95165
chr21	43620271	43820271	harbor1	chr21	43715498	43716246	LTR/ERV1	4718	+	374	43715872	95601
chr21	43620271	43820271	harbor1	chr21	43716247	43716329	LTR/ERV1	2161	+	41	43716288	96017
chr21	43620271	43820271	harbor1	chr21	43712420	43713038	LTR/ERV1	2844	+	309	43712729	92458
chr21	41040224	41240224	harbor1	chr21	41075371	41076441	LTR/ERV1	3630	+	535	41075906	35682
chr21	41040224	41240224	harbor1	chr21	41080637	41081238	LTR/ERV1	4254	+	300	41080937	40713
chr21	41040224	41240224	harbor1	chr21	41136373	41137758	LTR/ERV1	6451	+	692	41137065	96841
chr21	7645362	7845362	harbor1	chr21	7659875	7660277	LTR/ERV1	2607	+	201	7660076	14714
chr21	7645362	7845362	harbor1	chr21	7660871	7661321	LTR/ERV1	3448	+	225	7661096	15734
chr21	7645362	7845362	harbor1	chr21	7678210	7678323	LTR/ERV1	723	+	56	7678266	32904
chr21	7645362	7845362	harbor1	chr21	7678963	7679099	LTR/ERV1	723	+	68	7679031	33669
chr21	29198971	29398971	harbor1	chr21	29199070	29199700	LTR/ERV1	4223	+	315	29199385	414
chr21	29198971	29398971	harbor1	chr21	29233053	29233481	LTR/ERV1	2817	+	214	29233267	34296
chr21	29198971	29398971	harbor1	chr21	29233905	29234110	LTR/ERV1	1066	+	102	29234007	35036
chr21	29198971	29398971	harbor1	chr21	29234901	29235324	LTR/ERV1	2241	+	212	29235113	36142
chr21	29198971	29398971	harbor1	chr21	29295194	29295702	LTR/ERV1	2334	+	254	29295448	96477
chr21	44211838	44411838	harbor1	chr21	44213877	44214121	LTR/ERV1	1625	+	122	44213999	2161
chr21	44211838	44411838	harbor1	chr21	44214630	44214755	LTR/ERV1	2392	+	62	44214692	2854
chr21	44211838	44411838	harbor1	chr21	44215068	44215335	LTR/ERV1	2392	+	134	44215202	3364
chr21	44211838	44411838	harbor1	chr21	44217164	44217839	LTR/ERV1	3667	+	338	44217502	5664
chr21	44211838	44411838	harbor1	chr21	44249292	44250006	LTR/ERV1	2886	+	357	44249649	37811
chr21	44211838	44411838	harbor1	chr21	44251942	44252066	LTR/ERV1	494	+	62	44252004	40166
chr21	44211838	44411838	harbor1	chr21	44252098	44252283	LTR/ERV1	1253	+	92	44252190	40352
chr21	44211838	44411838	harbor1	chr21	44252542	44252604	LTR/ERV1	1253	+	31	44252573	40735
chr21	44211838	44411838	harbor1	chr21	44252934	44253063	LTR/ERV1	1253	+	64	44252998	41160
chr21	44211838	44411838	harbor1	chr21	44267825	44268051	LTR/ERV1	568	+	113	44267938	56100
chr21	29198960	29398960	harbor1	chr21	29199070	29199700	LTR/ERV1	4223	+	315	29199385	425
chr21	29198960	29398960	harbor1	chr21	29233053	29233481	LTR/ERV1	2817	+	214	29233267	34307
chr21	29198960	29398960	harbor1	chr21	29233905	29234110	LTR/ERV1	1066	+	102	29234007	35047
chr21	29198960	29398960	harbor1	chr21	29234901	29235324	LTR/ERV1	2241	+	212	29235113	36153
chr21	29198960	29398960	harbor1	chr21	29295194	29295702	LTR/ERV1	2334	+	254	29295448	96488
chr21	44410644	44610644	harbor1	chr21	44471201	44471981	LTR/ERV1	5514	+	390	44471591	60947
chr21	44410644	44610644	harbor1	chr21	44475207	44475796	LTR/ERV1	3440	+	294	44475501	64857
chr21	44410644	44610644	harbor1	chr21	44475873	44476116	LTR/ERV1	5095	+	122	44475995	65351
chr21	44410644	44610644	harbor1	chr21	44476461	44477031	LTR/ERV1	5095	+	285	44476746	66102
chr21	44410644	44610644	harbor1	chr21	44477078	44477482	LTR/ERV1	2406	+	202	44477280	66636
chr21	44410644	44610644	harbor1	chr21	44477477	44477617	LTR/ERV1	754	+	70	44477547	66903
chr21	44410644	44610644	harbor1	chr21	44483327	44483453	LTR/ERV1	4289	+	63	44483390	72746
chr21	44410644	44610644	harbor1	chr21	44485340	44486157	LTR/ERV1	4857	+	408	44485748	75104
chr21	44410644	44610644	harbor1	chr21	44486257	44486763	LTR/ERV1	2935	+	253	44486510	75866
chr21	44410644	44610644	harbor1	chr21	44487936	44490230	LTR/ERV1	15851	+	1147	44489083	78439
chr21	44410644	44610644	harbor1	chr21	44490231	44491111	LTR/ERV1	5043	+	440	44490671	80027
chr21	44410644	44610644	harbor1	chr21	44492510	44493069	LTR/ERV1	3402	+	280	44492790	82146
chr21	44410644	44610644	harbor1	chr21	44493648	44494091	LTR/ERV1	992	+	222	44493870	83226
chr21	44410644	44610644	harbor1	chr21	44496860	44497012	LTR/ERV1	454	+	76	44496936	86292
chr21	44410644	44610644	harbor1	chr21	44497239	44497628	LTR/ERV1	1340	+	194	44497433	86789
chr21	44410644	44610644	harbor1	chr21	44482550	44483021	LTR/ERV1	4289	+	236	44482786	72142
chr21	42595318	42795318	harbor1	chr21	42607804	42607960	LTR/ERV1	1111	+	78	42607882	12564
chr21	42595318	42795318	harbor1	chr21	42608902	42609303	LTR/ERV1	2240	+	200	42609102	13784
chr21	42595318	42795318	harbor1	chr21	42624501	42625103	LTR/ERV1	3087	+	301	42624802	29484
chr21	29198958	29398958	harbor1	chr21	29199070	29199700	LTR/ERV1	4223	+	315	29199385	427
chr21	29198958	29398958	harbor1	chr21	29233053	29233481	LTR/ERV1	2817	+	214	29233267	34309
chr21	29198958	29398958	harbor1	chr21	29233905	29234110	LTR/ERV1	1066	+	102	29234007	35049
chr21	29198958	29398958	harbor1	chr21	29234901	29235324	LTR/ERV1	2241	+	212	29235113	36155
chr21	29198958	29398958	harbor1	chr21	29295194	29295702	LTR/ERV1	2334	+	254	29295448	96490
chr21	5028549	5228549	harbor1	chr21	5045353	5045780	LTR/ERV1	2033	+	214	5045567	17018
chr21	5028549	5228549	harbor1	chr21	5046500	5046678	LTR/ERV1	1147	+	89	5046589	18040
chr21	5028549	5228549	harbor1	chr21	5046989	5047072	LTR/ERV1	1147	+	42	5047031	18482
chr21	5028549	5228549	harbor1	chr21	5047081	5047601	LTR/ERV1	2829	+	260	5047341	18792
chr21	5028549	5228549	harbor1	chr21	5047900	5048056	LTR/ERV1	2829	+	78	5047978	19429
chr21	5028549	5228549	harbor1	chr21	5059778	5060214	LTR/ERV1	1221	+	218	5059996	31447
chr21	5028549	5228549	harbor1	chr21	5061678	5061796	LTR/ERV1	1674	+	59	5061737	33188
chr21	5028549	5228549	harbor1	chr21	5062099	5062288	LTR/ERV1	1674	+	94	5062193	33644
chr21	5028549	5228549	harbor1	chr21	5063067	5063384	LTR/ERV1	1429	+	158	5063225	34676
chr21	5028549	5228549	harbor1	chr21	5068689	5069009	LTR/ERV1	944	+	160	5068849	40300
chr21	5028549	5228549	harbor1	chr21	5069309	5069495	LTR/ERV1	944	+	93	5069402	40853
chr21	5028549	5228549	harbor1	chr21	5089281	5089909	LTR/ERV1	4134	+	314	5089595	61046
chr21	5028549	5228549	harbor1	chr21	5062430	5062793	LTR/ERV1	1674	+	182	5062612	34063
chr21	46081078	46281078	harbor1	chr21	46107240	46108009	LTR/ERV1	5996	+	384	46107624	26546
chr21	46081078	46281078	harbor1	chr21	46165220	46165557	LTR/ERV1	1141	+	168	46165388	84310
chr21	46081078	46281078	harbor1	chr21	46165696	46165864	LTR/ERV1	894	+	84	46165780	84702
chr21	46089884	46289884	harbor1	chr21	46107240	46108009	LTR/ERV1	5996	+	384	46107624	17740
chr21	46089884	46289884	harbor1	chr21	46165220	46165557	LTR/ERV1	1141	+	168	46165388	75504
chr21	46089884	46289884	harbor1	chr21	46165696	46165864	LTR/ERV1	894	+	84	46165780	75896
chr21	44410702	44610702	harbor1	chr21	44471201	44471981	LTR/ERV1	5514	+	390	44471591	60889
chr21	44410702	44610702	harbor1	chr21	44475207	44475796	LTR/ERV1	3440	+	294	44475501	64799
chr21	44410702	44610702	harbor1	chr21	44475873	44476116	LTR/ERV1	5095	+	122	44475995	65293
chr21	44410702	44610702	harbor1	chr21	44476461	44477031	LTR/ERV1	5095	+	285	44476746	66044
chr21	44410702	44610702	harbor1	chr21	44477078	44477482	LTR/ERV1	2406	+	202	44477280	66578
chr21	44410702	44610702	harbor1	chr21	44477477	44477617	LTR/ERV1	754	+	70	44477547	66845
chr21	44410702	44610702	harbor1	chr21	44483327	44483453	LTR/ERV1	4289	+	63	44483390	72688
chr21	44410702	44610702	harbor1	chr21	44485340	44486157	LTR/ERV1	4857	+	408	44485748	75046
chr21	44410702	44610702	harbor1	chr21	44486257	44486763	LTR/ERV1	2935	+	253	44486510	75808
chr21	44410702	44610702	harbor1	chr21	44487936	44490230	LTR/ERV1	15851	+	1147	44489083	78381
chr21	44410702	44610702	harbor1	chr21	44490231	44491111	LTR/ERV1	5043	+	440	44490671	79969
chr21	44410702	44610702	harbor1	chr21	44492510	44493069	LTR/ERV1	3402	+	280	44492790	82088
chr21	44410702	44610702	harbor1	chr21	44493648	44494091	LTR/ERV1	992	+	222	44493870	83168
chr21	44410702	44610702	harbor1	chr21	44496860	44497012	LTR/ERV1	454	+	76	44496936	86234
chr21	44410702	44610702	harbor1	chr21	44497239	44497628	LTR/ERV1	1340	+	194	44497433	86731
chr21	44410702	44610702	harbor1	chr21	44482550	44483021	LTR/ERV1	4289	+	236	44482786	72084
chr21	45121058	45321058	harbor1	chr21	45161106	45162583	LTR/ERV1	7369	+	738	45161844	40786
chr21	44409441	44609441	harbor1	chr21	44471201	44471981	LTR/ERV1	5514	+	390	44471591	62150
chr21	44409441	44609441	harbor1	chr21	44475207	44475796	LTR/ERV1	3440	+	294	44475501	66060
chr21	44409441	44609441	harbor1	chr21	44475873	44476116	LTR/ERV1	5095	+	122	44475995	66554
chr21	44409441	44609441	harbor1	chr21	44476461	44477031	LTR/ERV1	5095	+	285	44476746	67305
chr21	44409441	44609441	harbor1	chr21	44477078	44477482	LTR/ERV1	2406	+	202	44477280	67839
chr21	44409441	44609441	harbor1	chr21	44477477	44477617	LTR/ERV1	754	+	70	44477547	68106
chr21	44409441	44609441	harbor1	chr21	44483327	44483453	LTR/ERV1	4289	+	63	44483390	73949
chr21	44409441	44609441	harbor1	chr21	44485340	44486157	LTR/ERV1	4857	+	408	44485748	76307
chr21	44409441	44609441	harbor1	chr21	44486257	44486763	LTR/ERV1	2935	+	253	44486510	77069
chr21	44409441	44609441	harbor1	chr21	44487936	44490230	LTR/ERV1	15851	+	1147	44489083	79642
chr21	44409441	44609441	harbor1	chr21	44490231	44491111	LTR/ERV1	5043	+	440	44490671	81230
chr21	44409441	44609441	harbor1	chr21	44492510	44493069	LTR/ERV1	3402	+	280	44492790	83349
chr21	44409441	44609441	harbor1	chr21	44493648	44494091	LTR/ERV1	992	+	222	44493870	84429
chr21	44409441	44609441	harbor1	chr21	44496860	44497012	LTR/ERV1	454	+	76	44496936	87495
chr21	44409441	44609441	harbor1	chr21	44497239	44497628	LTR/ERV1	1340	+	194	44497433	87992
chr21	44409441	44609441	harbor1	chr21	44482550	44483021	LTR/ERV1	4289	+	236	44482786	73345
chr21	41209974	41409974	harbor1	chr21	41210187	41211078	LTR/ERV1	4524	+	446	41210633	659
chr21	41209974	41409974	harbor1	chr21	41255701	41256087	LTR/ERV1	4318	+	193	41255894	45920
chr21	41209974	41409974	harbor1	chr21	41256462	41256883	LTR/ERV1	4318	+	210	41256672	46698
chr21	41209974	41409974	harbor1	chr21	41292587	41293190	LTR/ERV1	3778	+	302	41292889	82915
chr21	41209974	41409974	harbor1	chr21	41303145	41303453	LTR/ERV1	1739	+	154	41303299	93325
chr21	42275771	42475771	harbor1	chr21	42329333	42329773	LTR/ERV1	3125	+	220	42329553	53782
chr21	42275771	42475771	harbor1	chr21	42358965	42359401	LTR/ERV1	2320	+	218	42359183	83412
chr21	42275771	42475771	harbor1	chr21	42359747	42359763	LTR/ERV1	2320	+	8	42359755	83984
chr21	42330687	42530687	harbor1	chr21	42358965	42359401	LTR/ERV1	2320	+	218	42359183	28496
chr21	42330687	42530687	harbor1	chr21	42359747	42359763	LTR/ERV1	2320	+	8	42359755	29068
chr21	39008427	39208427	harbor1	chr21	39047462	39047561	LTR/ERV1	479	+	50	39047512	39085
chr21	39008427	39208427	harbor1	chr21	39047876	39048136	LTR/ERV1	479	+	130	39048006	39579
chr21	39008427	39208427	harbor1	chr21	39102224	39102458	LTR/ERV1	2930	+	117	39102341	93914
chr21	39008427	39208427	harbor1	chr21	39102750	39103293	LTR/ERV1	2930	+	272	39103022	94595
chr21	37167966	37367966	harbor1	chr21	37219659	37220246	LTR/ERV1	4144	+	294	37219953	51987
chr21	37167966	37367966	harbor1	chr21	37243547	37243977	LTR/ERV1	1547	+	215	37243762	75796
chr21	39008529	39208529	harbor1	chr21	39047462	39047561	LTR/ERV1	479	+	50	39047512	38983
chr21	39008529	39208529	harbor1	chr21	39047876	39048136	LTR/ERV1	479	+	130	39048006	39477
chr21	39008529	39208529	harbor1	chr21	39102224	39102458	LTR/ERV1	2930	+	117	39102341	93812
chr21	39008529	39208529	harbor1	chr21	39102750	39103293	LTR/ERV1	2930	+	272	39103022	94493
chr21	41615341	41815341	harbor1	chr21	41714484	41714993	LTR/ERV1	3782	+	254	41714738	99397
chr21	44624134	44824134	harbor1	chr21	44652705	44652832	LTR/ERV1	471	+	64	44652769	28635
chr21	44624134	44824134	harbor1	chr21	44653176	44653408	LTR/ERV1	1161	+	116	44653292	29158
chr21	44624134	44824134	harbor1	chr21	44653412	44653534	LTR/ERV1	561	+	61	44653473	29339
chr21	29198951	29398951	harbor1	chr21	29199070	29199700	LTR/ERV1	4223	+	315	29199385	434
chr21	29198951	29398951	harbor1	chr21	29233053	29233481	LTR/ERV1	2817	+	214	29233267	34316
chr21	29198951	29398951	harbor1	chr21	29233905	29234110	LTR/ERV1	1066	+	102	29234007	35056
chr21	29198951	29398951	harbor1	chr21	29234901	29235324	LTR/ERV1	2241	+	212	29235113	36162
chr21	29198951	29398951	harbor1	chr21	29295194	29295702	LTR/ERV1	2334	+	254	29295448	96497
chr21	39008418	39208418	harbor1	chr21	39047462	39047561	LTR/ERV1	479	+	50	39047512	39094
chr21	39008418	39208418	harbor1	chr21	39047876	39048136	LTR/ERV1	479	+	130	39048006	39588
chr21	39008418	39208418	harbor1	chr21	39102224	39102458	LTR/ERV1	2930	+	117	39102341	93923
chr21	39008418	39208418	harbor1	chr21	39102750	39103293	LTR/ERV1	2930	+	272	39103022	94604
chr21	8119783	8319783	harbor1	chr21	8120668	8121146	LTR/ERV1	1777	+	239	8120907	1124
chr21	8119783	8319783	harbor1	chr21	8135961	8136215	LTR/ERV1	1078	+	127	8136088	16305
chr21	8119783	8319783	harbor1	chr21	8194761	8194871	LTR/ERV1	751	+	55	8194816	75033
chr21	8119783	8319783	harbor1	chr21	8194987	8195329	LTR/ERV1	2173	+	171	8195158	75375
chr22	44201157	44401157	harbor1	chr22	44259811	44260322	LTR/ERV1	1094	+	256	44260067	58910
chr22	45966963	46166963	harbor1	chr22	45987274	45988215	LTR/ERV1	2720	+	470	45987744	20781
chr22	42986422	43186422	harbor1	chr22	42998657	42999320	LTR/ERV1	3580	+	332	42998989	12567
chr22	23976652	24176652	harbor1	chr22	24009187	24009859	LTR/ERV1	2614	+	336	24009523	32871
chr22	42989585	43189585	harbor1	chr22	42998657	42999320	LTR/ERV1	3580	+	332	42998989	9404
chr22	42756724	42956724	harbor1	chr22	42774422	42775417	LTR/ERV1	2942	+	498	42774920	18196
chr22	36407036	36607036	harbor1	chr22	36426959	36427147	LTR/ERV1	4073	+	94	36427053	20017
chr22	36407036	36607036	harbor1	chr22	36427455	36427825	LTR/ERV1	4073	+	185	36427640	20604
chr22	36407036	36607036	harbor1	chr22	36498827	36498930	LTR/ERV1	439	+	52	36498879	91843
chr22	36186433	36386433	harbor1	chr22	36192916	36193369	LTR/ERV1	1212	+	226	36193142	6709
chr22	36186433	36386433	harbor1	chr22	36197713	36198274	LTR/ERV1	1570	+	280	36197993	11560
chr22	36186433	36386433	harbor1	chr22	36198275	36198495	LTR/ERV1	408	+	110	36198385	11952
chr22	36186433	36386433	harbor1	chr22	36210903	36211461	LTR/ERV1	2473	+	279	36211182	24749
chr22	36186433	36386433	harbor1	chr22	36215160	36215777	LTR/ERV1	1740	+	308	36215468	29035
chr22	36186433	36386433	harbor1	chr22	36215797	36215947	LTR/ERV1	532	+	75	36215872	29439
chr22	36186433	36386433	harbor1	chr22	36216030	36216282	LTR/ERV1	1021	+	126	36216156	29723
chr22	36186433	36386433	harbor1	chr22	36216813	36217510	LTR/ERV1	1570	+	348	36217161	30728
chr22	36186433	36386433	harbor1	chr22	36217578	36218035	LTR/ERV1	2568	+	228	36217806	31373
chr22	36186433	36386433	harbor1	chr22	36218979	36219103	LTR/ERV1	636	+	62	36219041	32608
chr22	36186433	36386433	harbor1	chr22	36219123	36219300	LTR/ERV1	671	+	88	36219211	32778
chr22	36186433	36386433	harbor1	chr22	36219610	36219628	LTR/ERV1	572	+	9	36219619	33186
chr22	36186433	36386433	harbor1	chr22	36219738	36220384	LTR/ERV1	3667	+	323	36220061	33628
chr22	36186433	36386433	harbor1	chr22	36220974	36221678	LTR/ERV1	3667	+	352	36221326	34893
chr22	36186433	36386433	harbor1	chr22	36228975	36229427	LTR/ERV1	1044	+	226	36229201	42768
chr22	36186433	36386433	harbor1	chr22	36231845	36232073	LTR/ERV1	619	+	114	36231959	45526
chr22	36186433	36386433	harbor1	chr22	36232074	36232294	LTR/ERV1	408	+	110	36232184	45751
chr22	36186433	36386433	harbor1	chr22	36247481	36248215	LTR/ERV1	1156	+	367	36247848	61415
chr22	36186433	36386433	harbor1	chr22	36248802	36250226	LTR/ERV1	5772	+	712	36249514	63081
chr22	36186433	36386433	harbor1	chr22	36250236	36250718	LTR/ERV1	3997	+	241	36250477	64044
chr22	36186433	36386433	harbor1	chr22	36251116	36251785	LTR/ERV1	2699	+	334	36251450	65017
chr22	36186433	36386433	harbor1	chr22	36276775	36277017	LTR/ERV1	1024	+	121	36276896	90463
chr22	36186433	36386433	harbor1	chr22	36277328	36277487	LTR/ERV1	1024	+	80	36277408	90975
chr22	36194376	36394376	harbor1	chr22	36197713	36198274	LTR/ERV1	1570	+	280	36197993	3617
chr22	36194376	36394376	harbor1	chr22	36198275	36198495	LTR/ERV1	408	+	110	36198385	4009
chr22	36194376	36394376	harbor1	chr22	36210903	36211461	LTR/ERV1	2473	+	279	36211182	16806
chr22	36194376	36394376	harbor1	chr22	36215160	36215777	LTR/ERV1	1740	+	308	36215468	21092
chr22	36194376	36394376	harbor1	chr22	36215797	36215947	LTR/ERV1	532	+	75	36215872	21496
chr22	36194376	36394376	harbor1	chr22	36216030	36216282	LTR/ERV1	1021	+	126	36216156	21780
chr22	36194376	36394376	harbor1	chr22	36216813	36217510	LTR/ERV1	1570	+	348	36217161	22785
chr22	36194376	36394376	harbor1	chr22	36217578	36218035	LTR/ERV1	2568	+	228	36217806	23430
chr22	36194376	36394376	harbor1	chr22	36218979	36219103	LTR/ERV1	636	+	62	36219041	24665
chr22	36194376	36394376	harbor1	chr22	36219123	36219300	LTR/ERV1	671	+	88	36219211	24835
chr22	36194376	36394376	harbor1	chr22	36219610	36219628	LTR/ERV1	572	+	9	36219619	25243
chr22	36194376	36394376	harbor1	chr22	36219738	36220384	LTR/ERV1	3667	+	323	36220061	25685
chr22	36194376	36394376	harbor1	chr22	36220974	36221678	LTR/ERV1	3667	+	352	36221326	26950
chr22	36194376	36394376	harbor1	chr22	36228975	36229427	LTR/ERV1	1044	+	226	36229201	34825
chr22	36194376	36394376	harbor1	chr22	36231845	36232073	LTR/ERV1	619	+	114	36231959	37583
chr22	36194376	36394376	harbor1	chr22	36232074	36232294	LTR/ERV1	408	+	110	36232184	37808
chr22	36194376	36394376	harbor1	chr22	36247481	36248215	LTR/ERV1	1156	+	367	36247848	53472
chr22	36194376	36394376	harbor1	chr22	36248802	36250226	LTR/ERV1	5772	+	712	36249514	55138
chr22	36194376	36394376	harbor1	chr22	36250236	36250718	LTR/ERV1	3997	+	241	36250477	56101
chr22	36194376	36394376	harbor1	chr22	36251116	36251785	LTR/ERV1	2699	+	334	36251450	57074
chr22	36194376	36394376	harbor1	chr22	36276775	36277017	LTR/ERV1	1024	+	121	36276896	82520
chr22	36194376	36394376	harbor1	chr22	36277328	36277487	LTR/ERV1	1024	+	80	36277408	83032
chr22	36918544	37118544	harbor1	chr22	36947139	36947745	LTR/ERV1	3716	+	303	36947442	28898
chr22	36918544	37118544	harbor1	chr22	36969444	36969600	LTR/ERV1	719	+	78	36969522	50978
chr22	36918544	37118544	harbor1	chr22	36975644	36976160	LTR/ERV1	2471	+	258	36975902	57358
chr22	36918544	37118544	harbor1	chr22	36976460	36976705	LTR/ERV1	2471	+	122	36976582	58038
chr22	36918544	37118544	harbor1	chr22	36976999	36977547	LTR/ERV1	908	+	274	36977273	58729
chr22	36918544	37118544	harbor1	chr22	36977670	36977769	LTR/ERV1	554	+	50	36977720	59176
chr22	36918544	37118544	harbor1	chr22	36979545	36979664	LTR/ERV1	647	+	60	36979605	61061
chr22	36918544	37118544	harbor1	chr22	36980299	36980373	LTR/ERV1	477	+	37	36980336	61792
chr22	36918544	37118544	harbor1	chr22	36981050	36981479	LTR/ERV1	1385	+	214	36981264	62720
chr22	36186444	36386444	harbor1	chr22	36192916	36193369	LTR/ERV1	1212	+	226	36193142	6698
chr22	36186444	36386444	harbor1	chr22	36197713	36198274	LTR/ERV1	1570	+	280	36197993	11549
chr22	36186444	36386444	harbor1	chr22	36198275	36198495	LTR/ERV1	408	+	110	36198385	11941
chr22	36186444	36386444	harbor1	chr22	36210903	36211461	LTR/ERV1	2473	+	279	36211182	24738
chr22	36186444	36386444	harbor1	chr22	36215160	36215777	LTR/ERV1	1740	+	308	36215468	29024
chr22	36186444	36386444	harbor1	chr22	36215797	36215947	LTR/ERV1	532	+	75	36215872	29428
chr22	36186444	36386444	harbor1	chr22	36216030	36216282	LTR/ERV1	1021	+	126	36216156	29712
chr22	36186444	36386444	harbor1	chr22	36216813	36217510	LTR/ERV1	1570	+	348	36217161	30717
chr22	36186444	36386444	harbor1	chr22	36217578	36218035	LTR/ERV1	2568	+	228	36217806	31362
chr22	36186444	36386444	harbor1	chr22	36218979	36219103	LTR/ERV1	636	+	62	36219041	32597
chr22	36186444	36386444	harbor1	chr22	36219123	36219300	LTR/ERV1	671	+	88	36219211	32767
chr22	36186444	36386444	harbor1	chr22	36219610	36219628	LTR/ERV1	572	+	9	36219619	33175
chr22	36186444	36386444	harbor1	chr22	36219738	36220384	LTR/ERV1	3667	+	323	36220061	33617
chr22	36186444	36386444	harbor1	chr22	36220974	36221678	LTR/ERV1	3667	+	352	36221326	34882
chr22	36186444	36386444	harbor1	chr22	36228975	36229427	LTR/ERV1	1044	+	226	36229201	42757
chr22	36186444	36386444	harbor1	chr22	36231845	36232073	LTR/ERV1	619	+	114	36231959	45515
chr22	36186444	36386444	harbor1	chr22	36232074	36232294	LTR/ERV1	408	+	110	36232184	45740
chr22	36186444	36386444	harbor1	chr22	36247481	36248215	LTR/ERV1	1156	+	367	36247848	61404
chr22	36186444	36386444	harbor1	chr22	36248802	36250226	LTR/ERV1	5772	+	712	36249514	63070
chr22	36186444	36386444	harbor1	chr22	36250236	36250718	LTR/ERV1	3997	+	241	36250477	64033
chr22	36186444	36386444	harbor1	chr22	36251116	36251785	LTR/ERV1	2699	+	334	36251450	65006
chr22	36186444	36386444	harbor1	chr22	36276775	36277017	LTR/ERV1	1024	+	121	36276896	90452
chr22	36186444	36386444	harbor1	chr22	36277328	36277487	LTR/ERV1	1024	+	80	36277408	90964
chr22	36406317	36606317	harbor1	chr22	36426959	36427147	LTR/ERV1	4073	+	94	36427053	20736
chr22	36406317	36606317	harbor1	chr22	36427455	36427825	LTR/ERV1	4073	+	185	36427640	21323
chr22	36406317	36606317	harbor1	chr22	36498827	36498930	LTR/ERV1	439	+	52	36498879	92562
chr22	19658147	19858147	harbor1	chr22	19667218	19668050	LTR/ERV1	5563	+	416	19667634	9487
chr22	23889707	24089707	harbor1	chr22	23899059	23899335	LTR/ERV1	1302	+	138	23899197	9490
chr22	23889707	24089707	harbor1	chr22	23911523	23911909	LTR/ERV1	2890	+	193	23911716	22009
chr22	23889707	24089707	harbor1	chr22	23911926	23912120	LTR/ERV1	578	+	97	23912023	22316
chr22	23889707	24089707	harbor1	chr22	23912122	23912669	LTR/ERV1	1866	+	274	23912396	22689
chr22	23889707	24089707	harbor1	chr22	23912910	23913264	LTR/ERV1	684	+	177	23913087	23380
chr22	23889707	24089707	harbor1	chr22	23915159	23915407	LTR/ERV1	400	+	124	23915283	25576
chr22	23889707	24089707	harbor1	chr22	23915886	23916338	LTR/ERV1	796	+	226	23916112	26405
chr22	23889707	24089707	harbor1	chr22	23920423	23920541	LTR/ERV1	653	+	59	23920482	30775
chr22	23889707	24089707	harbor1	chr22	23921414	23921604	LTR/ERV1	1214	+	95	23921509	31802
chr22	23889707	24089707	harbor1	chr22	23922099	23922628	LTR/ERV1	4680	+	264	23922363	32656
chr22	23889707	24089707	harbor1	chr22	23922933	23923298	LTR/ERV1	4680	+	182	23923115	33408
chr22	23889707	24089707	harbor1	chr22	23923454	23923574	LTR/ERV1	6769	+	60	23923514	33807
chr22	23889707	24089707	harbor1	chr22	23923872	23924475	LTR/ERV1	6769	+	302	23924174	34467
chr22	23889707	24089707	harbor1	chr22	23924772	23924978	LTR/ERV1	6769	+	103	23924875	35168
chr22	23889707	24089707	harbor1	chr22	23924979	23925501	LTR/ERV1	4078	+	261	23925240	35533
chr22	23889707	24089707	harbor1	chr22	23925805	23926180	LTR/ERV1	6769	+	188	23925993	36286
chr22	23889707	24089707	harbor1	chr22	23932305	23933056	LTR/ERV1	9042	+	376	23932681	42974
chr22	23889707	24089707	harbor1	chr22	23933354	23934200	LTR/ERV1	9042	+	423	23933777	44070
chr22	23889707	24089707	harbor1	chr22	23934503	23934531	LTR/ERV1	9042	+	14	23934517	44810
chr22	23889707	24089707	harbor1	chr22	23948907	23949032	LTR/ERV1	777	+	62	23948969	59262
chr22	23889707	24089707	harbor1	chr22	23920592	23920758	LTR/ERV1	1000	+	83	23920675	30968
chr22	50061640	50261640	harbor1	chr22	50074672	50075098	LTR/ERV1	1948	+	213	50074885	13245
chr22	46291620	46491620	harbor1	chr22	46333167	46333725	LTR/ERV1	1817	+	279	46333446	41826
chr22	46291620	46491620	harbor1	chr22	46334297	46334422	LTR/ERV1	1798	+	62	46334359	42739
chr22	46291620	46491620	harbor1	chr22	46333730	46333993	LTR/ERV1	1798	+	132	46333862	42242
chr22	42951342	43151342	harbor1	chr22	42998657	42999320	LTR/ERV1	3580	+	332	42998989	47647
chr22	19658301	19858301	harbor1	chr22	19667218	19668050	LTR/ERV1	5563	+	416	19667634	9333
chr22	22547227	22747227	harbor1	chr22	22560904	22561018	LTR/ERV1	1801	+	57	22560961	13734
chr22	22547227	22747227	harbor1	chr22	22561136	22561430	LTR/ERV1	1801	+	147	22561283	14056
chr22	28341001	28541001	harbor1	chr22	28405690	28406105	LTR/ERV1	2320	+	208	28405898	64897
chr22	49851551	50051551	harbor1	chr22	49905301	49905369	LTR/ERV1	447	+	34	49905335	53784
chr22	49851551	50051551	harbor1	chr22	49905794	49905925	LTR/ERV1	447	+	66	49905860	54309
chr22	49851551	50051551	harbor1	chr22	49939162	49939249	LTR/ERV1	2210	+	44	49939206	87655
chr22	49851551	50051551	harbor1	chr22	49939552	49939792	LTR/ERV1	2210	+	120	49939672	88121
chr22	49851551	50051551	harbor1	chr22	49940087	49940258	LTR/ERV1	2210	+	86	49940173	88622
chr22	49851551	50051551	harbor1	chr22	49940571	49940651	LTR/ERV1	2210	+	40	49940611	89060
chr22	49851551	50051551	harbor1	chr22	49940974	49941097	LTR/ERV1	2210	+	62	49941036	89485
chr22	24007472	24207472	harbor1	chr22	24009187	24009859	LTR/ERV1	2614	+	336	24009523	2051
chr22	32076022	32276022	harbor1	chr22	32117764	32118227	LTR/ERV1	1896	+	232	32117996	41974
chr22	32076022	32276022	harbor1	chr22	32126246	32126518	LTR/ERV1	1579	+	136	32126382	50360
chr22	32076022	32276022	harbor1	chr22	32126526	32126672	LTR/ERV1	628	+	73	32126599	50577
chr22	32076022	32276022	harbor1	chr22	32126980	32127006	LTR/ERV1	628	+	13	32126993	50971
chr22	32076022	32276022	harbor1	chr22	32127013	32127492	LTR/ERV1	2641	+	240	32127253	51231
chr22	32076022	32276022	harbor1	chr22	32127535	32127919	LTR/ERV1	1238	+	192	32127727	51705
chr22	32076022	32276022	harbor1	chr22	32127926	32127994	LTR/ERV1	533	+	34	32127960	51938
chr22	32076022	32276022	harbor1	chr22	32137454	32137666	LTR/ERV1	1459	+	106	32137560	61538
chr22	32076022	32276022	harbor1	chr22	32137667	32138166	LTR/ERV1	2556	+	250	32137917	61895
chr22	32076022	32276022	harbor1	chr22	32138160	32138244	LTR/ERV1	691	+	42	32138202	62180
chr22	32076022	32276022	harbor1	chr22	32138273	32138354	LTR/ERV1	691	+	40	32138313	62291
chr22	32076022	32276022	harbor1	chr22	32138351	32139805	LTR/ERV1	12452	+	727	32139078	63056
chr22	32076022	32276022	harbor1	chr22	32140316	32140576	LTR/ERV1	12452	+	130	32140446	64424
chr22	37218535	37418535	harbor1	chr22	37250007	37250450	LTR/ERV1	2287	+	222	37250229	31694
chr22	37218535	37418535	harbor1	chr22	37258235	37258312	LTR/ERV1	4957	+	38	37258273	39738
chr22	37218535	37418535	harbor1	chr22	37258622	37259476	LTR/ERV1	4957	+	427	37259049	40514
chr22	23971820	24171820	harbor1	chr22	24009187	24009859	LTR/ERV1	2614	+	336	24009523	37703
chr22	17452700	17652700	harbor1	chr22	17453805	17453929	LTR/ERV1	1084	+	62	17453867	1167
chr22	44788190	44988190	harbor1	chr22	44850534	44850683	LTR/ERV1	995	+	74	44850608	62418
chr22	44788190	44988190	harbor1	chr22	44850983	44851210	LTR/ERV1	995	+	114	44851097	62907
chr22	23023578	23223578	harbor1	chr22	23023446	23023655	LTR/ERV1	5447	+	104	23023550	28
chr22	23023578	23223578	harbor1	chr22	23023956	23024639	LTR/ERV1	5447	+	342	23024298	720
chr22	23023578	23223578	harbor1	chr22	23024640	23024720	LTR/ERV1	390	+	40	23024680	1102
chr22	23023578	23223578	harbor1	chr22	23024719	23025085	LTR/ERV1	10727	+	183	23024902	1324
chr22	23023578	23223578	harbor1	chr22	23025397	23025745	LTR/ERV1	10727	+	174	23025571	1993
chr22	23023578	23223578	harbor1	chr22	23026020	23026083	LTR/ERV1	10727	+	32	23026052	2474
chr22	23023578	23223578	harbor1	chr22	23029152	23029348	LTR/ERV1	10727	+	98	23029250	5672
chr22	23023578	23223578	harbor1	chr22	23029822	23030104	LTR/ERV1	1683	+	141	23029963	6385
chr22	23023578	23223578	harbor1	chr22	23030091	23030841	LTR/ERV1	4057	+	375	23030466	6888
chr22	23023578	23223578	harbor1	chr22	23031449	23031666	LTR/ERV1	1315	+	108	23031557	7979
chr22	23023578	23223578	harbor1	chr22	23031671	23032525	LTR/ERV1	5662	+	427	23032098	8520
chr22	23023578	23223578	harbor1	chr22	23035017	23035710	LTR/ERV1	4831	+	346	23035363	11785
chr22	23841607	24041607	harbor1	chr22	23899059	23899335	LTR/ERV1	1302	+	138	23899197	57590
chr22	23841607	24041607	harbor1	chr22	23911523	23911909	LTR/ERV1	2890	+	193	23911716	70109
chr22	23841607	24041607	harbor1	chr22	23911926	23912120	LTR/ERV1	578	+	97	23912023	70416
chr22	23841607	24041607	harbor1	chr22	23912122	23912669	LTR/ERV1	1866	+	274	23912396	70789
chr22	23841607	24041607	harbor1	chr22	23912910	23913264	LTR/ERV1	684	+	177	23913087	71480
chr22	23841607	24041607	harbor1	chr22	23915159	23915407	LTR/ERV1	400	+	124	23915283	73676
chr22	23841607	24041607	harbor1	chr22	23915886	23916338	LTR/ERV1	796	+	226	23916112	74505
chr22	23841607	24041607	harbor1	chr22	23920423	23920541	LTR/ERV1	653	+	59	23920482	78875
chr22	23841607	24041607	harbor1	chr22	23921414	23921604	LTR/ERV1	1214	+	95	23921509	79902
chr22	23841607	24041607	harbor1	chr22	23922099	23922628	LTR/ERV1	4680	+	264	23922363	80756
chr22	23841607	24041607	harbor1	chr22	23922933	23923298	LTR/ERV1	4680	+	182	23923115	81508
chr22	23841607	24041607	harbor1	chr22	23923454	23923574	LTR/ERV1	6769	+	60	23923514	81907
chr22	23841607	24041607	harbor1	chr22	23923872	23924475	LTR/ERV1	6769	+	302	23924174	82567
chr22	23841607	24041607	harbor1	chr22	23924772	23924978	LTR/ERV1	6769	+	103	23924875	83268
chr22	23841607	24041607	harbor1	chr22	23924979	23925501	LTR/ERV1	4078	+	261	23925240	83633
chr22	23841607	24041607	harbor1	chr22	23925805	23926180	LTR/ERV1	6769	+	188	23925993	84386
chr22	23841607	24041607	harbor1	chr22	23932305	23933056	LTR/ERV1	9042	+	376	23932681	91074
chr22	23841607	24041607	harbor1	chr22	23933354	23934200	LTR/ERV1	9042	+	423	23933777	92170
chr22	23841607	24041607	harbor1	chr22	23934503	23934531	LTR/ERV1	9042	+	14	23934517	92910
chr22	23841607	24041607	harbor1	chr22	23920592	23920758	LTR/ERV1	1000	+	83	23920675	79068
chr22	18822251	19022251	harbor1	chr22	18903126	18903555	LTR/ERV1	1073	+	214	18903340	81089
chr22	23421603	23621603	harbor1	chr22	23439750	23439983	LTR/ERV1	4447	+	116	23439866	18263
chr22	23421603	23621603	harbor1	chr22	23440281	23440694	LTR/ERV1	4447	+	206	23440487	18884
chr22	23421603	23621603	harbor1	chr22	23489945	23490115	LTR/ERV1	560	+	85	23490030	68427
chr22	42519774	42719774	harbor1	chr22	42529025	42529237	LTR/ERV1	3234	+	106	42529131	9357
chr22	42519774	42719774	harbor1	chr22	42529569	42529924	LTR/ERV1	3234	+	178	42529747	9973
chr22	42519774	42719774	harbor1	chr22	42596871	42596936	LTR/ERV1	421	+	32	42596903	77129
chr22	11997987	12197987	harbor1	chr22	12078526	12078577	LTR/ERV1	614	+	26	12078552	80565
chr22	11997987	12197987	harbor1	chr22	12078907	12078925	LTR/ERV1	614	+	9	12078916	80929
chr22	11997987	12197987	harbor1	chr22	12079208	12079380	LTR/ERV1	614	+	86	12079294	81307
chr22	11997987	12197987	harbor1	chr22	12079769	12080237	LTR/ERV1	2447	+	234	12080003	82016
chr22	11997987	12197987	harbor1	chr22	12080512	12080599	LTR/ERV1	2447	+	44	12080556	82569
chr22	11997987	12197987	harbor1	chr22	12080889	12081475	LTR/ERV1	2447	+	293	12081182	83195
chr22	11997987	12197987	harbor1	chr22	12081593	12082053	LTR/ERV1	2115	+	230	12081823	83836
chr22	11997987	12197987	harbor1	chr22	12082364	12082467	LTR/ERV1	2115	+	52	12082416	84429
chr22	11997987	12197987	harbor1	chr22	12082765	12083184	LTR/ERV1	3369	+	210	12082975	84988
chr22	11997987	12197987	harbor1	chr22	12083480	12084263	LTR/ERV1	3369	+	392	12083872	85885
chr22	11997987	12197987	harbor1	chr22	12089562	12089962	LTR/ERV1	1977	+	200	12089762	91775
chr22	11997987	12197987	harbor1	chr22	12090745	12091271	LTR/ERV1	2916	+	263	12091008	93021
chr22	11997987	12197987	harbor1	chr22	12095392	12095484	LTR/ERV1	455	+	46	12095438	97451
chr22	46266866	46466866	harbor1	chr22	46333167	46333725	LTR/ERV1	1817	+	279	46333446	66580
chr22	46266866	46466866	harbor1	chr22	46334297	46334422	LTR/ERV1	1798	+	62	46334359	67493
chr22	46266866	46466866	harbor1	chr22	46333730	46333993	LTR/ERV1	1798	+	132	46333862	66996
chr22	18756011	18956011	harbor1	chr22	18811667	18811782	LTR/ERV1	682	+	58	18811725	55714
chr22	38674448	38874448	harbor1	chr22	38772018	38772568	LTR/ERV1	4440	+	275	38772293	97845
chr22	38674424	38874424	harbor1	chr22	38772018	38772568	LTR/ERV1	4440	+	275	38772293	97869
chr22	23023556	23223556	harbor1	chr22	23023446	23023655	LTR/ERV1	5447	+	104	23023550	6
chr22	23023556	23223556	harbor1	chr22	23023956	23024639	LTR/ERV1	5447	+	342	23024298	742
chr22	23023556	23223556	harbor1	chr22	23024640	23024720	LTR/ERV1	390	+	40	23024680	1124
chr22	23023556	23223556	harbor1	chr22	23024719	23025085	LTR/ERV1	10727	+	183	23024902	1346
chr22	23023556	23223556	harbor1	chr22	23025397	23025745	LTR/ERV1	10727	+	174	23025571	2015
chr22	23023556	23223556	harbor1	chr22	23026020	23026083	LTR/ERV1	10727	+	32	23026052	2496
chr22	23023556	23223556	harbor1	chr22	23029152	23029348	LTR/ERV1	10727	+	98	23029250	5694
chr22	23023556	23223556	harbor1	chr22	23029822	23030104	LTR/ERV1	1683	+	141	23029963	6407
chr22	23023556	23223556	harbor1	chr22	23030091	23030841	LTR/ERV1	4057	+	375	23030466	6910
chr22	23023556	23223556	harbor1	chr22	23031449	23031666	LTR/ERV1	1315	+	108	23031557	8001
chr22	23023556	23223556	harbor1	chr22	23031671	23032525	LTR/ERV1	5662	+	427	23032098	8542
chr22	23023556	23223556	harbor1	chr22	23035017	23035710	LTR/ERV1	4831	+	346	23035363	11807
chr22	20395167	20595167	harbor1	chr22	20455606	20456082	LTR/ERV1	1518	+	238	20455844	60677
chrX	135350040	135550040	harbor1	chrX	135386628	135386798	LTR/ERV1	1325	+	85	135386713	36673
chrX	135350040	135550040	harbor1	chrX	135388531	135388807	LTR/ERV1	1932	+	138	135388669	38629
chrX	135350040	135550040	harbor1	chrX	135407942	135408118	LTR/ERV1	753	+	88	135408030	57990
chrX	135350040	135550040	harbor1	chrX	135410963	135411567	LTR/ERV1	3387	+	302	135411265	61225
chrX	135350040	135550040	harbor1	chrX	135411857	135412244	LTR/ERV1	1646	+	194	135412051	62011
chrX	153409879	153609879	harbor1	chrX	153434774	153435211	LTR/ERV1	1562	+	218	153434992	25113
chrX	153409879	153609879	harbor1	chrX	153435514	153435590	LTR/ERV1	1562	+	38	153435552	25673
chrX	153409879	153609879	harbor1	chrX	153461923	153462077	LTR/ERV1	874	+	77	153462000	52121
chrX	72206994	72406994	harbor1	chrX	72213162	72213924	LTR/ERV1	5466	+	381	72213543	6549
chrX	72206994	72406994	harbor1	chrX	72220884	72222595	LTR/ERV1	51873	+	856	72221740	14746
chrX	72206994	72406994	harbor1	chrX	72222896	72223055	LTR/ERV1	51873	+	80	72222976	15982
chrX	72206994	72406994	harbor1	chrX	72223357	72223404	LTR/ERV1	51873	+	24	72223381	16387
chrX	72206994	72406994	harbor1	chrX	72223661	72223709	LTR/ERV1	51873	+	24	72223685	16691
chrX	72206994	72406994	harbor1	chrX	72223767	72224476	LTR/ERV1	51873	+	354	72224121	17127
chrX	72206994	72406994	harbor1	chrX	72224769	72227745	LTR/ERV1	51873	+	1488	72226257	19263
chrX	72206994	72406994	harbor1	chrX	72227746	72228334	LTR/ERV1	5088	+	294	72228040	21046
chrX	72206994	72406994	harbor1	chrX	72228335	72229908	LTR/ERV1	51873	+	786	72229121	22127
chrX	72206994	72406994	harbor1	chrX	72230250	72230604	LTR/ERV1	1964	+	177	72230427	23433
chrX	72206994	72406994	harbor1	chrX	72220391	72220883	LTR/ERV1	2629	+	246	72220637	13643
chrX	18254781	18454781	harbor1	chrX	18273620	18274425	LTR/ERV1	4648	+	402	18274022	19241
chrX	18254781	18454781	harbor1	chrX	18274698	18275242	LTR/ERV1	3007	+	272	18274970	20189
chrX	18254781	18454781	harbor1	chrX	18315528	18315944	LTR/ERV1	1260	+	208	18315736	60955
chrX	152928214	153128214	harbor1	chrX	152969998	152970284	LTR/ERV1	1138	+	143	152970141	41927
chrX	152928214	153128214	harbor1	chrX	152996315	152996551	LTR/ERV1	2130	+	118	152996433	68219
chrX	152928214	153128214	harbor1	chrX	152996834	152997176	LTR/ERV1	2130	+	171	152997005	68791
chrX	152928214	153128214	harbor1	chrX	152999020	152999795	LTR/ERV1	5090	+	388	152999408	71194
chrX	152928214	153128214	harbor1	chrX	152999809	153000000	LTR/ERV1	806	+	96	152999905	71691
chrX	152928214	153128214	harbor1	chrX	153000005	153000537	LTR/ERV1	1829	+	266	153000271	72057
chrX	152928214	153128214	harbor1	chrX	153003429	153004152	LTR/ERV1	3348	+	362	153003791	75577
chrX	152928214	153128214	harbor1	chrX	153006281	153007756	LTR/ERV1	929	+	738	153007019	78805
chrX	152928214	153128214	harbor1	chrX	153008223	153008480	LTR/ERV1	929	+	128	153008351	80137
chrX	152928214	153128214	harbor1	chrX	153008795	153009477	LTR/ERV1	929	+	341	153009136	80922
chrX	152928214	153128214	harbor1	chrX	153019348	153019987	LTR/ERV1	3881	+	320	153019668	91454
chrX	152928214	153128214	harbor1	chrX	153021416	153022086	LTR/ERV1	2685	+	335	153021751	93537
chrX	152928214	153128214	harbor1	chrX	153022228	153022614	LTR/ERV1	1543	+	193	153022421	94207
chrX	152928214	153128214	harbor1	chrX	153022881	153023308	LTR/ERV1	1645	+	214	153023095	94881
chrX	72206945	72406945	harbor1	chrX	72213162	72213924	LTR/ERV1	5466	+	381	72213543	6598
chrX	72206945	72406945	harbor1	chrX	72220884	72222595	LTR/ERV1	51873	+	856	72221740	14795
chrX	72206945	72406945	harbor1	chrX	72222896	72223055	LTR/ERV1	51873	+	80	72222976	16031
chrX	72206945	72406945	harbor1	chrX	72223357	72223404	LTR/ERV1	51873	+	24	72223381	16436
chrX	72206945	72406945	harbor1	chrX	72223661	72223709	LTR/ERV1	51873	+	24	72223685	16740
chrX	72206945	72406945	harbor1	chrX	72223767	72224476	LTR/ERV1	51873	+	354	72224121	17176
chrX	72206945	72406945	harbor1	chrX	72224769	72227745	LTR/ERV1	51873	+	1488	72226257	19312
chrX	72206945	72406945	harbor1	chrX	72227746	72228334	LTR/ERV1	5088	+	294	72228040	21095
chrX	72206945	72406945	harbor1	chrX	72228335	72229908	LTR/ERV1	51873	+	786	72229121	22176
chrX	72206945	72406945	harbor1	chrX	72230250	72230604	LTR/ERV1	1964	+	177	72230427	23482
chrX	72206945	72406945	harbor1	chrX	72220391	72220883	LTR/ERV1	2629	+	246	72220637	13692
chrX	18254315	18454315	harbor1	chrX	18273620	18274425	LTR/ERV1	4648	+	402	18274022	19707
chrX	18254315	18454315	harbor1	chrX	18274698	18275242	LTR/ERV1	3007	+	272	18274970	20655
chrX	18254315	18454315	harbor1	chrX	18315528	18315944	LTR/ERV1	1260	+	208	18315736	61421
chrX	39992279	40192279	harbor1	chrX	40019797	40020126	LTR/ERV1	1449	+	164	40019961	27682
chrX	286893	486893	harbor1	chrX	383868	384134	LTR/ERV1	1043	+	133	384001	97108
chrX	286893	486893	harbor1	chrX	384597	384702	LTR/ERV1	1714	+	52	384649	97756
chrX	286893	486893	harbor1	chrX	385007	385305	LTR/ERV1	1714	+	149	385156	98263
chrX	153409904	153609904	harbor1	chrX	153434774	153435211	LTR/ERV1	1562	+	218	153434992	25088
chrX	153409904	153609904	harbor1	chrX	153435514	153435590	LTR/ERV1	1562	+	38	153435552	25648
chrX	153409904	153609904	harbor1	chrX	153461923	153462077	LTR/ERV1	874	+	77	153462000	52096
