H_chr	H_start	H_end	Harbor	TE_chr	TE_start	TE_end	TE	score	TE_strand	TE_half	TE_middle_pos	TE_dis
chr1	8230832	8430832	harbor2	chr1	8266627	8267197	LTR/ERV1	3420	-	285	8266912	36080
chr1	8230832	8430832	harbor2	chr1	8267340	8267369	LTR/ERV1	3420	-	14	8267354	36522
chr1	8230832	8430832	harbor2	chr1	8296300	8296916	LTR/ERV1	4382	-	308	8296608	65776
chr1	21991636	22191636	harbor2	chr1	21991638	21991837	LTR/ERV1	1750	-	100	21991738	102
chr1	21991636	22191636	harbor2	chr1	21992134	21992239	LTR/ERV1	1750	-	52	21992186	550
chr1	21991636	22191636	harbor2	chr1	21992404	21992694	LTR/ERV1	1505	-	145	21992549	913
chr1	21991636	22191636	harbor2	chr1	21992993	21993016	LTR/ERV1	1505	-	12	21993005	1369
chr1	21991636	22191636	harbor2	chr1	21996942	21997078	LTR/ERV1	2823	-	68	21997010	5374
chr1	21991636	22191636	harbor2	chr1	21997378	21997407	LTR/ERV1	2823	-	14	21997392	5756
chr1	21991636	22191636	harbor2	chr1	21997706	21998149	LTR/ERV1	2823	-	222	21997928	6292
chr1	21991636	22191636	harbor2	chr1	22014825	22015024	LTR/ERV1	1742	-	100	22014925	23289
chr1	21991636	22191636	harbor2	chr1	22015319	22015430	LTR/ERV1	1742	-	56	22015375	23739
chr1	21991636	22191636	harbor2	chr1	22015589	22015879	LTR/ERV1	3028	-	145	22015734	24098
chr1	21991636	22191636	harbor2	chr1	22016179	22016326	LTR/ERV1	3028	-	74	22016253	24617
chr1	21991636	22191636	harbor2	chr1	22016629	22016813	LTR/ERV1	3028	-	92	22016721	25085
chr1	21991636	22191636	harbor2	chr1	22074725	22075231	LTR/ERV1	2096	-	253	22074978	83342
chr1	196878094	197078094	harbor2	chr1	196897153	196897920	LTR/ERV1	4751	-	384	196897537	19443
chr1	16597141	16797141	harbor2	chr1	16659139	16659674	LTR/ERV1	1540	-	268	16659407	62266
chr1	16597141	16797141	harbor2	chr1	16661013	16661173	LTR/ERV1	471	-	80	16661093	63952
chr1	16597141	16797141	harbor2	chr1	16661754	16662271	LTR/ERV1	2239	-	258	16662012	64871
chr1	16597141	16797141	harbor2	chr1	16668820	16669389	LTR/ERV1	2554	-	284	16669104	71963
chr1	16597141	16797141	harbor2	chr1	16670469	16671381	LTR/ERV1	1726	-	456	16670925	73784
chr1	1451442	1651442	harbor2	chr1	1470519	1470858	LTR/ERV1	2137	-	170	1470689	19247
chr1	1451442	1651442	harbor2	chr1	1471237	1471375	LTR/ERV1	2137	-	69	1471306	19864
chr1	1451442	1651442	harbor2	chr1	1498784	1498960	LTR/ERV1	968	-	88	1498872	47430
chr1	1451442	1651442	harbor2	chr1	1500198	1500270	LTR/ERV1	528	-	36	1500234	48792
chr1	1451442	1651442	harbor2	chr1	1500569	1500604	LTR/ERV1	528	-	18	1500587	49145
chr1	1451442	1651442	harbor2	chr1	1500960	1501092	LTR/ERV1	1155	-	66	1501026	49584
chr1	1451442	1651442	harbor2	chr1	1501691	1501783	LTR/ERV1	1155	-	46	1501737	50295
chr1	1451442	1651442	harbor2	chr1	1502812	1502909	LTR/ERV1	613	-	48	1502860	51418
chr1	1451442	1651442	harbor2	chr1	1510898	1511404	LTR/ERV1	2629	-	253	1511151	59709
chr1	89907751	90107751	harbor2	chr1	89914233	89914511	LTR/ERV1	1861	-	139	89914372	6621
chr1	89907751	90107751	harbor2	chr1	89983887	89985183	LTR/ERV1	9063	-	648	89984535	76784
chr1	193014143	193214143	harbor2	chr1	193110953	193111028	LTR/ERV1	452	-	38	193110991	96848
chr1	193014143	193214143	harbor2	chr1	193113083	193113407	LTR/ERV1	1869	-	162	193113245	99102
chr1	16808665	17008665	harbor2	chr1	16866826	16867736	LTR/ERV1	4728	-	455	16867281	58616
chr1	16808665	17008665	harbor2	chr1	16884296	16884318	LTR/ERV1	6861	-	11	16884307	75642
chr1	16808665	17008665	harbor2	chr1	16884622	16885969	LTR/ERV1	6861	-	674	16885296	76631
chr1	16808665	17008665	harbor2	chr1	16885972	16886562	LTR/ERV1	3199	-	295	16886267	77602
chr1	16808665	17008665	harbor2	chr1	16890612	16890962	LTR/ERV1	2459	-	175	16890787	82122
chr1	16808665	17008665	harbor2	chr1	16890963	16891441	LTR/ERV1	4018	-	239	16891202	82537
chr1	16808665	17008665	harbor2	chr1	16891914	16892067	LTR/ERV1	2459	-	76	16891990	83325
chr1	16808665	17008665	harbor2	chr1	16892083	16892231	LTR/ERV1	901	-	74	16892157	83492
chr1	16808665	17008665	harbor2	chr1	16894413	16894962	LTR/ERV1	3696	-	274	16894687	86022
chr1	16808665	17008665	harbor2	chr1	16891754	16891913	LTR/ERV1	4018	-	80	16891834	83169
chr1	230009530	230209530	harbor2	chr1	230012501	230013046	LTR/ERV1	1830	-	272	230012773	3243
chr1	230009530	230209530	harbor2	chr1	230029211	230029549	LTR/ERV1	2351	-	169	230029380	19850
chr1	230009530	230209530	harbor2	chr1	230030253	230030723	LTR/ERV1	2337	-	235	230030488	20958
chr1	16603811	16803811	harbor2	chr1	16659139	16659674	LTR/ERV1	1540	-	268	16659407	55596
chr1	16603811	16803811	harbor2	chr1	16661013	16661173	LTR/ERV1	471	-	80	16661093	57282
chr1	16603811	16803811	harbor2	chr1	16661754	16662271	LTR/ERV1	2239	-	258	16662012	58201
chr1	16603811	16803811	harbor2	chr1	16668820	16669389	LTR/ERV1	2554	-	284	16669104	65293
chr1	16603811	16803811	harbor2	chr1	16670469	16671381	LTR/ERV1	1726	-	456	16670925	67114
chr1	227442365	227642365	harbor2	chr1	227449360	227449533	LTR/ERV1	4486	-	86	227449446	7081
chr1	227442365	227642365	harbor2	chr1	227449828	227450396	LTR/ERV1	4486	-	284	227450112	7747
chr1	227442365	227642365	harbor2	chr1	227495272	227496668	LTR/ERV1	7841	-	698	227495970	53605
chr1	227442365	227642365	harbor2	chr1	227496775	227496874	LTR/ERV1	7841	-	50	227496825	54460
chr1	227442365	227642365	harbor2	chr1	227497528	227499185	LTR/ERV1	7841	-	828	227498356	55991
chr1	145350740	145550740	harbor2	chr1	145426164	145426265	LTR/ERV1	491	-	50	145426214	75474
chr1	6689234	6889234	harbor2	chr1	6710137	6710292	LTR/ERV1	2239	-	78	6710215	20981
chr1	6689234	6889234	harbor2	chr1	6710603	6710889	LTR/ERV1	2239	-	143	6710746	21512
chr1	17341836	17541836	harbor2	chr1	17368056	17368236	LTR/ERV1	1699	-	90	17368146	26310
chr1	17341836	17541836	harbor2	chr1	17368549	17368759	LTR/ERV1	1699	-	105	17368654	26818
chr1	17341836	17541836	harbor2	chr1	17368900	17369110	LTR/ERV1	1323	-	105	17369005	27169
chr1	3438097	3638097	harbor2	chr1	3442544	3442893	LTR/ERV1	1086	-	174	3442718	4621
chr1	26401378	26601378	harbor2	chr1	26483294	26483414	LTR/ERV1	4122	-	60	26483354	81976
chr1	26401378	26601378	harbor2	chr1	26483724	26484149	LTR/ERV1	4122	-	212	26483936	82558
chr1	244605778	244805778	harbor2	chr1	244681859	244682404	LTR/ERV1	3959	-	272	244682131	76353
chr1	244605778	244805778	harbor2	chr1	244682858	244683294	LTR/ERV1	2574	-	218	244683076	77298
chr1	6685470	6885470	harbor2	chr1	6710137	6710292	LTR/ERV1	2239	-	78	6710215	24745
chr1	6685470	6885470	harbor2	chr1	6710603	6710889	LTR/ERV1	2239	-	143	6710746	25276
chr1	156560138	156760138	harbor2	chr1	156589098	156589331	LTR/ERV1	1907	-	116	156589214	29076
chr1	156560138	156760138	harbor2	chr1	156589636	156589836	LTR/ERV1	1907	-	100	156589736	29598
chr1	156560138	156760138	harbor2	chr1	156612946	156613068	LTR/ERV1	558	-	61	156613007	52869
chr1	156560138	156760138	harbor2	chr1	156613367	156613465	LTR/ERV1	558	-	49	156613416	53278
chr1	227442270	227642270	harbor2	chr1	227449360	227449533	LTR/ERV1	4486	-	86	227449446	7176
chr1	227442270	227642270	harbor2	chr1	227449828	227450396	LTR/ERV1	4486	-	284	227450112	7842
chr1	227442270	227642270	harbor2	chr1	227495272	227496668	LTR/ERV1	7841	-	698	227495970	53700
chr1	227442270	227642270	harbor2	chr1	227496775	227496874	LTR/ERV1	7841	-	50	227496825	54555
chr1	227442270	227642270	harbor2	chr1	227497528	227499185	LTR/ERV1	7841	-	828	227498356	56086
chr1	16625198	16825198	harbor2	chr1	16659139	16659674	LTR/ERV1	1540	-	268	16659407	34209
chr1	16625198	16825198	harbor2	chr1	16661013	16661173	LTR/ERV1	471	-	80	16661093	35895
chr1	16625198	16825198	harbor2	chr1	16661754	16662271	LTR/ERV1	2239	-	258	16662012	36814
chr1	16625198	16825198	harbor2	chr1	16668820	16669389	LTR/ERV1	2554	-	284	16669104	43906
chr1	16625198	16825198	harbor2	chr1	16670469	16671381	LTR/ERV1	1726	-	456	16670925	45727
chr1	156560141	156760141	harbor2	chr1	156589098	156589331	LTR/ERV1	1907	-	116	156589214	29073
chr1	156560141	156760141	harbor2	chr1	156589636	156589836	LTR/ERV1	1907	-	100	156589736	29595
chr1	156560141	156760141	harbor2	chr1	156612946	156613068	LTR/ERV1	558	-	61	156613007	52866
chr1	156560141	156760141	harbor2	chr1	156613367	156613465	LTR/ERV1	558	-	49	156613416	53275
chr1	6685464	6885464	harbor2	chr1	6710137	6710292	LTR/ERV1	2239	-	78	6710215	24751
chr1	6685464	6885464	harbor2	chr1	6710603	6710889	LTR/ERV1	2239	-	143	6710746	25282
chr1	1139280	1339280	harbor2	chr1	1173027	1173396	LTR/ERV1	793	-	184	1173211	33931
chr1	2422405	2622405	harbor2	chr1	2423400	2423980	LTR/ERV1	3253	-	290	2423690	1285
chr1	53374991	53574991	harbor2	chr1	53432798	53432888	LTR/ERV1	613	-	45	53432843	57852
chr1	53374991	53574991	harbor2	chr1	53435303	53435477	LTR/ERV1	3118	-	87	53435390	60399
chr1	53374991	53574991	harbor2	chr1	53435835	53436185	LTR/ERV1	3118	-	175	53436010	61019
chr1	53374991	53574991	harbor2	chr1	53441449	53442003	LTR/ERV1	1521	-	277	53441726	66735
chr1	2421049	2621049	harbor2	chr1	2423400	2423980	LTR/ERV1	3253	-	290	2423690	2641
chr1	225783160	225983160	harbor2	chr1	225808207	225808696	LTR/ERV1	2404	-	244	225808451	25291
chr1	225783160	225983160	harbor2	chr1	225810575	225810980	LTR/ERV1	2618	-	202	225810777	27617
chr1	225783160	225983160	harbor2	chr1	225840505	225840732	LTR/ERV1	600	-	114	225840619	57459
chr1	23859371	24059371	harbor2	chr1	23934712	23934916	LTR/ERV1	1424	-	102	23934814	75443
chr1	23859371	24059371	harbor2	chr1	23950158	23950340	LTR/ERV1	520	-	91	23950249	90878
chr1	53944027	54144027	harbor2	chr1	53991630	53993280	LTR/ERV1	6864	-	825	53992455	48428
chr1	53944027	54144027	harbor2	chr1	54003217	54004787	LTR/ERV1	11796	-	785	54004002	59975
chr1	53944027	54144027	harbor2	chr1	54020110	54020467	LTR/ERV1	2242	-	178	54020288	76261
chr1	2420702	2620702	harbor2	chr1	2423400	2423980	LTR/ERV1	3253	-	290	2423690	2988
chr1	211034336	211234336	harbor2	chr1	211035968	211036465	LTR/ERV1	3294	-	248	211036216	1880
chr1	2389828	2589828	harbor2	chr1	2423400	2423980	LTR/ERV1	3253	-	290	2423690	33862
chr1	6685487	6885487	harbor2	chr1	6710137	6710292	LTR/ERV1	2239	-	78	6710215	24728
chr1	6685487	6885487	harbor2	chr1	6710603	6710889	LTR/ERV1	2239	-	143	6710746	25259
chr1	155589258	155789258	harbor2	chr1	155621352	155621481	LTR/ERV1	2407	-	64	155621416	32158
chr1	155589258	155789258	harbor2	chr1	155621785	155622018	LTR/ERV1	2407	-	116	155621901	32643
chr1	155589258	155789258	harbor2	chr1	155622039	155622198	LTR/ERV1	578	-	80	155622119	32861
chr1	155589258	155789258	harbor2	chr1	155622390	155623035	LTR/ERV1	3270	-	322	155622712	33454
chr1	155589258	155789258	harbor2	chr1	155623674	155623783	LTR/ERV1	3270	-	54	155623728	34470
chr1	155589258	155789258	harbor2	chr1	155623774	155623954	LTR/ERV1	13666	-	90	155623864	34606
chr1	155589258	155789258	harbor2	chr1	155624467	155626664	LTR/ERV1	13666	-	1098	155625565	36307
chr1	155589258	155789258	harbor2	chr1	155635846	155636084	LTR/ERV1	1015	-	119	155635965	46707
chr1	155589258	155789258	harbor2	chr1	155636567	155636991	LTR/ERV1	2139	-	212	155636779	47521
chr1	155589258	155789258	harbor2	chr1	155637291	155637403	LTR/ERV1	2139	-	56	155637347	48089
chr1	155589258	155789258	harbor2	chr1	155637452	155637661	LTR/ERV1	718	-	104	155637556	48298
chr1	155589258	155789258	harbor2	chr1	155637970	155638084	LTR/ERV1	20887	-	57	155638027	48769
chr1	155589258	155789258	harbor2	chr1	155638398	155639959	LTR/ERV1	20887	-	780	155639178	49920
chr1	155589258	155789258	harbor2	chr1	155640266	155641088	LTR/ERV1	20887	-	411	155640677	51419
chr1	155589258	155789258	harbor2	chr1	155641380	155642181	LTR/ERV1	20887	-	400	155641780	52522
chr1	155589258	155789258	harbor2	chr1	155643220	155644368	LTR/ERV1	7323	-	574	155643794	54536
chr1	155589258	155789258	harbor2	chr1	155644972	155645450	LTR/ERV1	7323	-	239	155645211	55953
chr1	155589258	155789258	harbor2	chr1	155645451	155646274	LTR/ERV1	5437	-	412	155645863	56605
chr1	155589258	155789258	harbor2	chr1	155650269	155650610	LTR/ERV1	1540	-	170	155650439	61181
chr1	155589258	155789258	harbor2	chr1	155650646	155651121	LTR/ERV1	1643	-	238	155650884	61626
chr1	155589258	155789258	harbor2	chr1	155651440	155651986	LTR/ERV1	1089	-	273	155651713	62455
chr1	155589258	155789258	harbor2	chr1	155652865	155653497	LTR/ERV1	18728	-	316	155653181	63923
chr1	155589258	155789258	harbor2	chr1	155653794	155656006	LTR/ERV1	18728	-	1106	155654900	65642
chr1	155589258	155789258	harbor2	chr1	155655994	155658020	LTR/ERV1	11828	-	1013	155657007	67749
chr1	155589258	155789258	harbor2	chr1	155658327	155658967	LTR/ERV1	11828	-	320	155658647	69389
chr1	155589258	155789258	harbor2	chr1	155659005	155659199	LTR/ERV1	11828	-	97	155659102	69844
chr1	155589258	155789258	harbor2	chr1	155659363	155659627	LTR/ERV1	1139	-	132	155659495	70237
chr1	6685468	6885468	harbor2	chr1	6710137	6710292	LTR/ERV1	2239	-	78	6710215	24747
chr1	6685468	6885468	harbor2	chr1	6710603	6710889	LTR/ERV1	2239	-	143	6710746	25278
chr1	2422674	2622674	harbor2	chr1	2423400	2423980	LTR/ERV1	3253	-	290	2423690	1016
chr1	65260750	65460750	harbor2	chr1	65277527	65278085	LTR/ERV1	2554	-	279	65277806	17056
chr1	2379170	2579170	harbor2	chr1	2423400	2423980	LTR/ERV1	3253	-	290	2423690	44520
chr1	53939662	54139662	harbor2	chr1	53991630	53993280	LTR/ERV1	6864	-	825	53992455	52793
chr1	53939662	54139662	harbor2	chr1	54003217	54004787	LTR/ERV1	11796	-	785	54004002	64340
chr1	53939662	54139662	harbor2	chr1	54020110	54020467	LTR/ERV1	2242	-	178	54020288	80626
chr1	226011849	226211849	harbor2	chr1	226097330	226097526	LTR/ERV1	3477	-	98	226097428	85579
chr1	226011849	226211849	harbor2	chr1	226097779	226098253	LTR/ERV1	3477	-	237	226098016	86167
chr1	16617135	16817135	harbor2	chr1	16659139	16659674	LTR/ERV1	1540	-	268	16659407	42272
chr1	16617135	16817135	harbor2	chr1	16661013	16661173	LTR/ERV1	471	-	80	16661093	43958
chr1	16617135	16817135	harbor2	chr1	16661754	16662271	LTR/ERV1	2239	-	258	16662012	44877
chr1	16617135	16817135	harbor2	chr1	16668820	16669389	LTR/ERV1	2554	-	284	16669104	51969
chr1	16617135	16817135	harbor2	chr1	16670469	16671381	LTR/ERV1	1726	-	456	16670925	53790
chr1	205330793	205530793	harbor2	chr1	205372186	205372718	LTR/ERV1	3941	-	266	205372452	41659
chr1	2422751	2622751	harbor2	chr1	2423400	2423980	LTR/ERV1	3253	-	290	2423690	939
chr1	2422032	2622032	harbor2	chr1	2423400	2423980	LTR/ERV1	3253	-	290	2423690	1658
chr1	2375235	2575235	harbor2	chr1	2423400	2423980	LTR/ERV1	3253	-	290	2423690	48455
chr1	33270603	33470603	harbor2	chr1	33283860	33284473	LTR/ERV1	914	-	306	33284166	13563
chr1	33270603	33470603	harbor2	chr1	33284957	33285136	LTR/ERV1	439	-	90	33285047	14444
chr1	33270603	33470603	harbor2	chr1	33285430	33285487	LTR/ERV1	439	-	28	33285458	14855
chr1	33270603	33470603	harbor2	chr1	33285732	33285780	LTR/ERV1	508	-	24	33285756	15153
chr1	33270603	33470603	harbor2	chr1	33286093	33286285	LTR/ERV1	508	-	96	33286189	15586
chr1	33270603	33470603	harbor2	chr1	33305343	33305481	LTR/ERV1	1931	-	69	33305412	34809
chr1	33270603	33470603	harbor2	chr1	33305781	33306100	LTR/ERV1	1931	-	160	33305941	35338
chr1	211033758	211233758	harbor2	chr1	211035968	211036465	LTR/ERV1	3294	-	248	211036216	2458
chr1	2422784	2622784	harbor2	chr1	2423400	2423980	LTR/ERV1	3253	-	290	2423690	906
chr1	227442279	227642279	harbor2	chr1	227449360	227449533	LTR/ERV1	4486	-	86	227449446	7167
chr1	227442279	227642279	harbor2	chr1	227449828	227450396	LTR/ERV1	4486	-	284	227450112	7833
chr1	227442279	227642279	harbor2	chr1	227495272	227496668	LTR/ERV1	7841	-	698	227495970	53691
chr1	227442279	227642279	harbor2	chr1	227496775	227496874	LTR/ERV1	7841	-	50	227496825	54546
chr1	227442279	227642279	harbor2	chr1	227497528	227499185	LTR/ERV1	7841	-	828	227498356	56077
chr1	154985521	155185521	harbor2	chr1	155036397	155036680	LTR/ERV1	491	-	142	155036539	51018
chr1	2421061	2621061	harbor2	chr1	2423400	2423980	LTR/ERV1	3253	-	290	2423690	2629
chr1	89425677	89625677	harbor2	chr1	89428847	89429276	LTR/ERV1	1081	-	214	89429061	3384
chr1	89425677	89625677	harbor2	chr1	89429509	89429830	LTR/ERV1	1440	-	160	89429669	3992
chr1	89425677	89625677	harbor2	chr1	89429831	89430116	LTR/ERV1	5262	-	142	89429973	4296
chr1	89425677	89625677	harbor2	chr1	89430429	89431206	LTR/ERV1	5262	-	388	89430817	5140
chr1	89425677	89625677	harbor2	chr1	89508256	89508634	LTR/ERV1	1373	-	189	89508445	82768
chr1	89425677	89625677	harbor2	chr1	89508900	89508915	LTR/ERV1	1373	-	8	89508908	83231
chr1	89425677	89625677	harbor2	chr1	89509112	89509484	LTR/ERV1	1751	-	186	89509298	83621
chr1	153664662	153864662	harbor2	chr1	153710888	153711446	LTR/ERV1	2650	-	279	153711167	46505
chr1	153664662	153864662	harbor2	chr1	153712317	153712388	LTR/ERV1	2650	-	36	153712353	47691
chr1	153664662	153864662	harbor2	chr1	153712699	153712719	LTR/ERV1	2650	-	10	153712709	48047
chr1	153664662	153864662	harbor2	chr1	153713960	153714124	LTR/ERV1	687	-	82	153714042	49380
chr1	153664662	153864662	harbor2	chr1	153714842	153715044	LTR/ERV1	1006	-	101	153714943	50281
chr1	153664662	153864662	harbor2	chr1	153715425	153715813	LTR/ERV1	2546	-	194	153715619	50957
chr1	153664662	153864662	harbor2	chr1	153718332	153718546	LTR/ERV1	626	-	107	153718439	53777
chr1	153664662	153864662	harbor2	chr1	153719367	153719536	LTR/ERV1	727	-	84	153719451	54789
chr1	153664662	153864662	harbor2	chr1	153719993	153720143	LTR/ERV1	739	-	75	153720068	55406
chr1	153664662	153864662	harbor2	chr1	153720605	153720841	LTR/ERV1	1235	-	118	153720723	56061
chr1	16821931	17021931	harbor2	chr1	16866826	16867736	LTR/ERV1	4728	-	455	16867281	45350
chr1	16821931	17021931	harbor2	chr1	16884296	16884318	LTR/ERV1	6861	-	11	16884307	62376
chr1	16821931	17021931	harbor2	chr1	16884622	16885969	LTR/ERV1	6861	-	674	16885296	63365
chr1	16821931	17021931	harbor2	chr1	16885972	16886562	LTR/ERV1	3199	-	295	16886267	64336
chr1	16821931	17021931	harbor2	chr1	16890612	16890962	LTR/ERV1	2459	-	175	16890787	68856
chr1	16821931	17021931	harbor2	chr1	16890963	16891441	LTR/ERV1	4018	-	239	16891202	69271
chr1	16821931	17021931	harbor2	chr1	16891914	16892067	LTR/ERV1	2459	-	76	16891990	70059
chr1	16821931	17021931	harbor2	chr1	16892083	16892231	LTR/ERV1	901	-	74	16892157	70226
chr1	16821931	17021931	harbor2	chr1	16894413	16894962	LTR/ERV1	3696	-	274	16894687	72756
chr1	16821931	17021931	harbor2	chr1	16919490	16919645	LTR/ERV1	1000	-	78	16919568	97637
chr1	16821931	17021931	harbor2	chr1	16891754	16891913	LTR/ERV1	4018	-	80	16891834	69903
chr1	2274062	2474062	harbor2	chr1	2368191	2368634	LTR/ERV1	2359	-	222	2368413	94351
chr1	2420982	2620982	harbor2	chr1	2423400	2423980	LTR/ERV1	3253	-	290	2423690	2708
chr1	16660930	16860930	harbor2	chr1	16661013	16661173	LTR/ERV1	471	-	80	16661093	163
chr1	16660930	16860930	harbor2	chr1	16661754	16662271	LTR/ERV1	2239	-	258	16662012	1082
chr1	16660930	16860930	harbor2	chr1	16668820	16669389	LTR/ERV1	2554	-	284	16669104	8174
chr1	16660930	16860930	harbor2	chr1	16670469	16671381	LTR/ERV1	1726	-	456	16670925	9995
chr1	16660930	16860930	harbor2	chr1	16732084	16732998	LTR/ERV1	4760	-	457	16732541	71611
chr1	16660930	16860930	harbor2	chr1	16738933	16739478	LTR/ERV1	3455	-	272	16739205	78275
chr1	202857893	203057893	harbor2	chr1	202863598	202864091	LTR/ERV1	3462	-	246	202863844	5951
chr1	202857893	203057893	harbor2	chr1	202864393	202864457	LTR/ERV1	3462	-	32	202864425	6532
chr1	202857893	203057893	harbor2	chr1	202864482	202864789	LTR/ERV1	1313	-	154	202864636	6743
chr1	202857893	203057893	harbor2	chr1	202864955	202865408	LTR/ERV1	2106	-	226	202865181	7288
chr1	202857893	203057893	harbor2	chr1	202865842	202866192	LTR/ERV1	740	-	175	202866017	8124
chr1	202857893	203057893	harbor2	chr1	202866999	202867029	LTR/ERV1	1099	-	15	202867014	9121
chr1	202857893	203057893	harbor2	chr1	202867042	202867144	LTR/ERV1	547	-	51	202867093	9200
chr1	202857893	203057893	harbor2	chr1	202867137	202867337	LTR/ERV1	1107	-	100	202867237	9344
chr1	202857893	203057893	harbor2	chr1	202867633	202867718	LTR/ERV1	1107	-	42	202867675	9782
chr1	202857893	203057893	harbor2	chr1	202868495	202868621	LTR/ERV1	626	-	63	202868558	10665
chr1	202857893	203057893	harbor2	chr1	202869849	202869932	LTR/ERV1	559	-	42	202869891	11998
chr1	202857893	203057893	harbor2	chr1	202870343	202870433	LTR/ERV1	486	-	45	202870388	12495
chr1	202857893	203057893	harbor2	chr1	202870825	202870940	LTR/ERV1	531	-	58	202870883	12990
chr1	202857893	203057893	harbor2	chr1	202871135	202871387	LTR/ERV1	1586	-	126	202871261	13368
chr1	202857893	203057893	harbor2	chr1	202866481	202866691	LTR/ERV1	1099	-	105	202866586	8693
chr1	12673928	12873928	harbor2	chr1	12680010	12680583	LTR/ERV1	1895	-	286	12680296	6368
chr1	12673928	12873928	harbor2	chr1	12703944	12704434	LTR/ERV1	3336	-	245	12704189	30261
chr1	12673928	12873928	harbor2	chr1	12704435	12705235	LTR/ERV1	61496	-	400	12704835	30907
chr1	12673928	12873928	harbor2	chr1	12706104	12707851	LTR/ERV1	61496	-	874	12706978	33050
chr1	12673928	12873928	harbor2	chr1	12708146	12713280	LTR/ERV1	61496	-	2567	12710713	36785
chr1	12673928	12873928	harbor2	chr1	12713282	12713437	LTR/ERV1	1153	-	78	12713360	39432
chr1	12673928	12873928	harbor2	chr1	12736444	12736893	LTR/ERV1	3009	-	224	12736668	62740
chr1	53371603	53571603	harbor2	chr1	53432798	53432888	LTR/ERV1	613	-	45	53432843	61240
chr1	53371603	53571603	harbor2	chr1	53435303	53435477	LTR/ERV1	3118	-	87	53435390	63787
chr1	53371603	53571603	harbor2	chr1	53435835	53436185	LTR/ERV1	3118	-	175	53436010	64407
chr1	53371603	53571603	harbor2	chr1	53441449	53442003	LTR/ERV1	1521	-	277	53441726	70123
chr1	205492013	205692013	harbor2	chr1	205549076	205549398	LTR/ERV1	1116	-	161	205549237	57224
chr1	17636788	17836788	harbor2	chr1	17710142	17710560	LTR/ERV1	2220	-	209	17710351	73563
chr1	154985525	155185525	harbor2	chr1	155036397	155036680	LTR/ERV1	491	-	142	155036539	51014
chr1	2421114	2621114	harbor2	chr1	2423400	2423980	LTR/ERV1	3253	-	290	2423690	2576
chr1	205649090	205849090	harbor2	chr1	205674231	205674304	LTR/ERV1	2791	-	36	205674267	25177
chr1	205649090	205849090	harbor2	chr1	205674629	205674717	LTR/ERV1	2791	-	44	205674673	25583
chr1	205649090	205849090	harbor2	chr1	205675016	205675474	LTR/ERV1	2791	-	229	205675245	26155
chr1	205649090	205849090	harbor2	chr1	205741557	205742125	LTR/ERV1	2454	-	284	205741841	92751
chr1	16625110	16825110	harbor2	chr1	16659139	16659674	LTR/ERV1	1540	-	268	16659407	34297
chr1	16625110	16825110	harbor2	chr1	16661013	16661173	LTR/ERV1	471	-	80	16661093	35983
chr1	16625110	16825110	harbor2	chr1	16661754	16662271	LTR/ERV1	2239	-	258	16662012	36902
chr1	16625110	16825110	harbor2	chr1	16668820	16669389	LTR/ERV1	2554	-	284	16669104	43994
chr1	16625110	16825110	harbor2	chr1	16670469	16671381	LTR/ERV1	1726	-	456	16670925	45815
chr1	211400835	211600835	harbor2	chr1	211430791	211431004	LTR/ERV1	678	-	106	211430897	30062
chr1	211400835	211600835	harbor2	chr1	211431072	211431225	LTR/ERV1	444	-	76	211431148	30313
chr1	211033756	211233756	harbor2	chr1	211035968	211036465	LTR/ERV1	3294	-	248	211036216	2460
chr1	2420678	2620678	harbor2	chr1	2423400	2423980	LTR/ERV1	3253	-	290	2423690	3012
chr1	16661815	16861815	harbor2	chr1	16661754	16662271	LTR/ERV1	2239	-	258	16662012	197
chr1	16661815	16861815	harbor2	chr1	16668820	16669389	LTR/ERV1	2554	-	284	16669104	7289
chr1	16661815	16861815	harbor2	chr1	16670469	16671381	LTR/ERV1	1726	-	456	16670925	9110
chr1	16661815	16861815	harbor2	chr1	16732084	16732998	LTR/ERV1	4760	-	457	16732541	70726
chr1	16661815	16861815	harbor2	chr1	16738933	16739478	LTR/ERV1	3455	-	272	16739205	77390
chr1	2375888	2575888	harbor2	chr1	2423400	2423980	LTR/ERV1	3253	-	290	2423690	47802
chr1	53371621	53571621	harbor2	chr1	53432798	53432888	LTR/ERV1	613	-	45	53432843	61222
chr1	53371621	53571621	harbor2	chr1	53435303	53435477	LTR/ERV1	3118	-	87	53435390	63769
chr1	53371621	53571621	harbor2	chr1	53435835	53436185	LTR/ERV1	3118	-	175	53436010	64389
chr1	53371621	53571621	harbor2	chr1	53441449	53442003	LTR/ERV1	1521	-	277	53441726	70105
chr1	2421006	2621006	harbor2	chr1	2423400	2423980	LTR/ERV1	3253	-	290	2423690	2684
chr1	3431191	3631191	harbor2	chr1	3442544	3442893	LTR/ERV1	1086	-	174	3442718	11527
chr1	2375982	2575982	harbor2	chr1	2423400	2423980	LTR/ERV1	3253	-	290	2423690	47708
chr1	1605807	1805807	harbor2	chr1	1612173	1612414	LTR/ERV1	912	-	120	1612293	6486
chr1	1605807	1805807	harbor2	chr1	1612418	1612493	LTR/ERV1	465	-	38	1612456	6649
chr1	94138719	94338719	harbor2	chr1	94148960	94149728	LTR/ERV1	6190	-	384	94149344	10625
chr1	229333991	229533991	harbor2	chr1	229371949	229372686	LTR/ERV1	2820	-	368	229372317	38326
chr1	145758969	145958969	harbor2	chr1	145794629	145794735	LTR/ERV1	5363	-	53	145794682	35713
chr1	145758969	145958969	harbor2	chr1	145795038	145795629	LTR/ERV1	5363	-	296	145795334	36365
chr1	211034401	211234401	harbor2	chr1	211035968	211036465	LTR/ERV1	3294	-	248	211036216	1815
chr1	185217222	185417222	harbor2	chr1	185284471	185284897	LTR/ERV1	1273	-	213	185284684	67462
chr1	39855819	40055819	harbor2	chr1	39919495	39919565	LTR/ERV1	495	-	35	39919530	63711
chr1	39855819	40055819	harbor2	chr1	39922811	39922878	LTR/ERV1	507	-	34	39922845	67026
chr1	39855819	40055819	harbor2	chr1	39941718	39942244	LTR/ERV1	2714	-	263	39941981	86162
chr1	2375920	2575920	harbor2	chr1	2423400	2423980	LTR/ERV1	3253	-	290	2423690	47770
chr1	43458974	43658974	harbor2	chr1	43467898	43469532	LTR/ERV1	7683	-	817	43468715	9741
chr1	53371668	53571668	harbor2	chr1	53432798	53432888	LTR/ERV1	613	-	45	53432843	61175
chr1	53371668	53571668	harbor2	chr1	53435303	53435477	LTR/ERV1	3118	-	87	53435390	63722
chr1	53371668	53571668	harbor2	chr1	53435835	53436185	LTR/ERV1	3118	-	175	53436010	64342
chr1	53371668	53571668	harbor2	chr1	53441449	53442003	LTR/ERV1	1521	-	277	53441726	70058
chr1	154985519	155185519	harbor2	chr1	155036397	155036680	LTR/ERV1	491	-	142	155036539	51020
chr1	6351783	6551783	harbor2	chr1	6367283	6368326	LTR/ERV1	4909	-	522	6367805	16022
chr1	6351783	6551783	harbor2	chr1	6368489	6368927	LTR/ERV1	1731	-	219	6368708	16925
chr1	6351783	6551783	harbor2	chr1	6395075	6396293	LTR/ERV1	6964	-	609	6395684	43901
chr1	727513	927513	harbor2	chr1	788635	788750	LTR/ERV1	633	-	58	788693	61180
chr1	204636318	204836318	harbor2	chr1	204696883	204697417	LTR/ERV1	3229	-	267	204697150	60832
chr1	204636318	204836318	harbor2	chr1	204729930	204729946	LTR/ERV1	1697	-	8	204729938	93620
chr1	204636318	204836318	harbor2	chr1	204730246	204730698	LTR/ERV1	1697	-	226	204730472	94154
chr1	204636318	204836318	harbor2	chr1	204732009	204732632	LTR/ERV1	3643	-	312	204732321	96003
chr1	47352962	47552962	harbor2	chr1	47360821	47361112	LTR/ERV1	3755	-	146	47360967	8005
chr1	47352962	47552962	harbor2	chr1	47361398	47361770	LTR/ERV1	3755	-	186	47361584	8622
chr1	47352962	47552962	harbor2	chr1	47378969	47379540	LTR/ERV1	3112	-	286	47379255	26293
chr1	47352962	47552962	harbor2	chr1	47393146	47393394	LTR/ERV1	1189	-	124	47393270	40308
chr1	47352962	47552962	harbor2	chr1	47393428	47393603	LTR/ERV1	1143	-	88	47393516	40554
chr1	47352962	47552962	harbor2	chr1	47393602	47393690	LTR/ERV1	464	-	44	47393646	40684
chr1	47352962	47552962	harbor2	chr1	47393691	47393844	LTR/ERV1	1095	-	76	47393767	40805
chr1	15277447	15477447	harbor2	chr1	15282855	15283342	LTR/ERV1	2940	-	244	15283099	5652
chr1	15277447	15477447	harbor2	chr1	15356166	15356588	LTR/ERV1	2149	-	211	15356377	78930
chr1	160901756	161101756	harbor2	chr1	160906111	160906495	LTR/ERV1	2635	-	192	160906303	4547
chr1	160901756	161101756	harbor2	chr1	160909901	160910534	LTR/ERV1	4614	-	316	160910217	8461
chr1	160901756	161101756	harbor2	chr1	160914138	160914509	LTR/ERV1	2478	-	186	160914324	12568
chr1	160901756	161101756	harbor2	chr1	160914512	160915018	LTR/ERV1	29628	-	253	160914765	13009
chr1	160901756	161101756	harbor2	chr1	160915328	160916102	LTR/ERV1	29628	-	387	160915715	13959
chr1	160901756	161101756	harbor2	chr1	160916406	160917952	LTR/ERV1	29628	-	773	160917179	15423
chr1	160901756	161101756	harbor2	chr1	160918677	160918844	LTR/ERV1	29628	-	84	160918761	17005
chr1	160901756	161101756	harbor2	chr1	160919142	160919197	LTR/ERV1	29628	-	28	160919170	17414
chr1	160901756	161101756	harbor2	chr1	160919691	160920543	LTR/ERV1	29628	-	426	160920117	18361
chr1	160901756	161101756	harbor2	chr1	160924338	160924462	LTR/ERV1	11777	-	62	160924400	22644
chr1	160901756	161101756	harbor2	chr1	160924754	160924770	LTR/ERV1	11777	-	8	160924762	23006
chr1	160901756	161101756	harbor2	chr1	160925075	160925457	LTR/ERV1	11777	-	191	160925266	23510
chr1	160901756	161101756	harbor2	chr1	160925972	160926495	LTR/ERV1	3335	-	262	160926234	24478
chr1	160901756	161101756	harbor2	chr1	160927125	160927494	LTR/ERV1	2132	-	184	160927309	25553
chr1	160901756	161101756	harbor2	chr1	160927496	160927877	LTR/ERV1	2484	-	190	160927686	25930
chr1	160901756	161101756	harbor2	chr1	160975708	160975987	LTR/ERV1	3255	-	140	160975848	74092
chr1	160901756	161101756	harbor2	chr1	160976279	160976616	LTR/ERV1	3255	-	168	160976447	74691
chr1	160901756	161101756	harbor2	chr1	160982394	160982852	LTR/ERV1	3501	-	229	160982623	80867
chr1	160901756	161101756	harbor2	chr1	160985674	160986052	LTR/ERV1	1594	-	189	160985863	84107
chr1	160901756	161101756	harbor2	chr1	160986797	160987333	LTR/ERV1	2939	-	268	160987065	85309
chr1	160901756	161101756	harbor2	chr1	160923430	160923978	LTR/ERV1	29628	-	274	160923704	21948
chr1	211033759	211233759	harbor2	chr1	211035968	211036465	LTR/ERV1	3294	-	248	211036216	2457
chr1	16625199	16825199	harbor2	chr1	16659139	16659674	LTR/ERV1	1540	-	268	16659407	34208
chr1	16625199	16825199	harbor2	chr1	16661013	16661173	LTR/ERV1	471	-	80	16661093	35894
chr1	16625199	16825199	harbor2	chr1	16661754	16662271	LTR/ERV1	2239	-	258	16662012	36813
chr1	16625199	16825199	harbor2	chr1	16668820	16669389	LTR/ERV1	2554	-	284	16669104	43905
chr1	16625199	16825199	harbor2	chr1	16670469	16671381	LTR/ERV1	1726	-	456	16670925	45726
chr1	211034198	211234198	harbor2	chr1	211035968	211036465	LTR/ERV1	3294	-	248	211036216	2018
chr1	1071988	1271988	harbor2	chr1	1109720	1110352	LTR/ERV1	2888	-	316	1110036	38048
chr1	1071988	1271988	harbor2	chr1	1113585	1113913	LTR/ERV1	1483	-	164	1113749	41761
chr1	1071988	1271988	harbor2	chr1	1114222	1114263	LTR/ERV1	1483	-	20	1114242	42254
chr1	1071988	1271988	harbor2	chr1	1135295	1135888	LTR/ERV1	3525	-	296	1135591	63603
chr1	6685458	6885458	harbor2	chr1	6710137	6710292	LTR/ERV1	2239	-	78	6710215	24757
chr1	6685458	6885458	harbor2	chr1	6710603	6710889	LTR/ERV1	2239	-	143	6710746	25288
chr1	20561543	20761543	harbor2	chr1	20625111	20625824	LTR/ERV1	4172	-	356	20625467	63924
chr1	20561543	20761543	harbor2	chr1	20630539	20631419	LTR/ERV1	2889	-	440	20630979	69436
chr1	20561543	20761543	harbor2	chr1	20642211	20642667	LTR/ERV1	2814	-	228	20642439	80896
chr1	20561543	20761543	harbor2	chr1	20642956	20642988	LTR/ERV1	2814	-	16	20642972	81429
chr1	70743302	70943302	harbor2	chr1	70771807	70772146	LTR/ERV1	2204	-	170	70771977	28675
chr1	70743302	70943302	harbor2	chr1	70788386	70788874	LTR/ERV1	970	-	244	70788630	45328
chr1	70743302	70943302	harbor2	chr1	70805634	70807599	LTR/ERV1	5859	-	982	70806616	63314
chr1	70743302	70943302	harbor2	chr1	70823211	70823352	LTR/ERV1	448	-	70	70823281	79979
chr1	201550981	201750981	harbor2	chr1	201558096	201558451	LTR/ERV1	3890	-	178	201558274	7293
chr1	201550981	201750981	harbor2	chr1	201558749	201559039	LTR/ERV1	3890	-	145	201558894	7913
chr1	201550981	201750981	harbor2	chr1	201594087	201594164	LTR/ERV1	605	-	38	201594125	43144
chr1	7558962	7758962	harbor2	chr1	7584118	7584571	LTR/ERV1	1356	-	226	7584344	25382
chr1	7558962	7758962	harbor2	chr1	7611877	7612631	LTR/ERV1	5366	-	377	7612254	53292
chr1	3874035	4074035	harbor2	chr1	3922057	3922698	LTR/ERV1	4149	-	320	3922377	48342
chr1	3874035	4074035	harbor2	chr1	3961409	3961548	LTR/ERV1	1932	-	70	3961479	87444
chr1	3874035	4074035	harbor2	chr1	3961859	3962273	LTR/ERV1	1932	-	207	3962066	88031
chr1	3874035	4074035	harbor2	chr1	3962418	3962456	LTR/ERV1	1375	-	19	3962437	88402
chr1	3874035	4074035	harbor2	chr1	3962748	3962815	LTR/ERV1	1542	-	34	3962782	88747
chr1	3874035	4074035	harbor2	chr1	3963125	3963482	LTR/ERV1	1542	-	178	3963303	89268
chr1	152207691	152407691	harbor2	chr1	152252503	152252584	LTR/ERV1	520	-	40	152252543	44852
chr1	2421645	2621645	harbor2	chr1	2423400	2423980	LTR/ERV1	3253	-	290	2423690	2045
chr1	110682470	110882470	harbor2	chr1	110728565	110729093	LTR/ERV1	4689	-	264	110728829	46359
chr1	110682470	110882470	harbor2	chr1	110729371	110729553	LTR/ERV1	4689	-	91	110729462	46992
chr1	110682470	110882470	harbor2	chr1	110742353	110743078	LTR/ERV1	3240	-	362	110742715	60245
chr1	110682470	110882470	harbor2	chr1	110764851	110765244	LTR/ERV1	1925	-	196	110765047	82577
chr1	44170897	44370897	harbor2	chr1	44173127	44173584	LTR/ERV1	2997	-	228	44173355	2458
chr1	44170897	44370897	harbor2	chr1	44173590	44175121	LTR/ERV1	15638	-	766	44174356	3459
chr1	44170897	44370897	harbor2	chr1	44175430	44176414	LTR/ERV1	15638	-	492	44175922	5025
chr1	44170897	44370897	harbor2	chr1	44176708	44176879	LTR/ERV1	15638	-	86	44176794	5897
chr1	44170897	44370897	harbor2	chr1	44176888	44177163	LTR/ERV1	2995	-	138	44177026	6129
chr1	44170897	44370897	harbor2	chr1	44177456	44179042	LTR/ERV1	3952	-	793	44178249	7352
chr1	44170897	44370897	harbor2	chr1	44179328	44179662	LTR/ERV1	3952	-	167	44179495	8598
chr1	44170897	44370897	harbor2	chr1	44180071	44180298	LTR/ERV1	1704	-	114	44180185	9288
chr1	44170897	44370897	harbor2	chr1	44180599	44180685	LTR/ERV1	1704	-	43	44180642	9745
chr1	44170897	44370897	harbor2	chr1	44180688	44181125	LTR/ERV1	2842	-	218	44180906	10009
chr1	44170897	44370897	harbor2	chr1	44182783	44183168	LTR/ERV1	1562	-	192	44182975	12078
chr1	44170897	44370897	harbor2	chr1	44183467	44183524	LTR/ERV1	1562	-	28	44183495	12598
chr1	44170897	44370897	harbor2	chr1	44183701	44183949	LTR/ERV1	1468	-	124	44183825	12928
chr1	44170897	44370897	harbor2	chr1	44184238	44184580	LTR/ERV1	1468	-	171	44184409	13512
chr1	44170897	44370897	harbor2	chr1	44185602	44186173	LTR/ERV1	2134	-	286	44185888	14991
chr1	44170897	44370897	harbor2	chr1	44186997	44187261	LTR/ERV1	595	-	132	44187129	16232
chr1	44170897	44370897	harbor2	chr1	44201248	44201332	LTR/ERV1	471	-	42	44201290	30393
chr1	2375915	2575915	harbor2	chr1	2423400	2423980	LTR/ERV1	3253	-	290	2423690	47775
chr1	727387	927387	harbor2	chr1	788635	788750	LTR/ERV1	633	-	58	788693	61306
chr1	2375967	2575967	harbor2	chr1	2423400	2423980	LTR/ERV1	3253	-	290	2423690	47723
chr1	2421601	2621601	harbor2	chr1	2423400	2423980	LTR/ERV1	3253	-	290	2423690	2089
chr1	2551671	2751671	harbor2	chr1	2582327	2582729	LTR/ERV1	469	-	201	2582528	30857
chr1	2551671	2751671	harbor2	chr1	2635950	2636317	LTR/ERV1	1322	-	184	2636134	84463
chr1	2551671	2751671	harbor2	chr1	2636730	2636853	LTR/ERV1	633	-	62	2636792	85121
chr1	2551671	2751671	harbor2	chr1	2636863	2637427	LTR/ERV1	3366	-	282	2637145	85474
chr1	38817717	39017717	harbor2	chr1	38908569	38909333	LTR/ERV1	5184	-	382	38908951	91234
chr1	22610841	22810841	harbor2	chr1	22634005	22635725	LTR/ERV1	8926	-	860	22634865	24024
chr1	6689187	6889187	harbor2	chr1	6710137	6710292	LTR/ERV1	2239	-	78	6710215	21028
chr1	6689187	6889187	harbor2	chr1	6710603	6710889	LTR/ERV1	2239	-	143	6710746	21559
chr1	2421068	2621068	harbor2	chr1	2423400	2423980	LTR/ERV1	3253	-	290	2423690	2622
chr1	211034098	211234098	harbor2	chr1	211035968	211036465	LTR/ERV1	3294	-	248	211036216	2118
chr1	207652046	207852046	harbor2	chr1	207691822	207692214	LTR/ERV1	2664	-	196	207692018	39972
chr1	207652046	207852046	harbor2	chr1	207713422	207714534	LTR/ERV1	5126	-	556	207713978	61932
chr1	207652046	207852046	harbor2	chr1	207727678	207728429	LTR/ERV1	4689	-	376	207728054	76008
chr1	207652046	207852046	harbor2	chr1	207741156	207741920	LTR/ERV1	5918	-	382	207741538	89492
chr1	207652046	207852046	harbor2	chr1	207743986	207744395	LTR/ERV1	2007	-	204	207744190	92144
chr1	207903426	208103426	harbor2	chr1	207937780	207937827	LTR/ERV1	1555	-	24	207937804	34378
chr1	207903426	208103426	harbor2	chr1	207938137	207938469	LTR/ERV1	1555	-	166	207938303	34877
chr1	211034399	211234399	harbor2	chr1	211035968	211036465	LTR/ERV1	3294	-	248	211036216	1817
chr1	16803066	17003066	harbor2	chr1	16866826	16867736	LTR/ERV1	4728	-	455	16867281	64215
chr1	16803066	17003066	harbor2	chr1	16884296	16884318	LTR/ERV1	6861	-	11	16884307	81241
chr1	16803066	17003066	harbor2	chr1	16884622	16885969	LTR/ERV1	6861	-	674	16885296	82230
chr1	16803066	17003066	harbor2	chr1	16885972	16886562	LTR/ERV1	3199	-	295	16886267	83201
chr1	16803066	17003066	harbor2	chr1	16890612	16890962	LTR/ERV1	2459	-	175	16890787	87721
chr1	16803066	17003066	harbor2	chr1	16890963	16891441	LTR/ERV1	4018	-	239	16891202	88136
chr1	16803066	17003066	harbor2	chr1	16891914	16892067	LTR/ERV1	2459	-	76	16891990	88924
chr1	16803066	17003066	harbor2	chr1	16892083	16892231	LTR/ERV1	901	-	74	16892157	89091
chr1	16803066	17003066	harbor2	chr1	16894413	16894962	LTR/ERV1	3696	-	274	16894687	91621
chr1	16803066	17003066	harbor2	chr1	16891754	16891913	LTR/ERV1	4018	-	80	16891834	88768
chr1	214586377	214786377	harbor2	chr1	214672283	214673711	LTR/ERV1	10757	-	714	214672997	86620
chr1	167355689	167555689	harbor2	chr1	167356546	167357205	LTR/ERV1	3953	-	330	167356876	1187
chr1	32102226	32302226	harbor2	chr1	32141732	32141852	LTR/ERV1	488	-	60	32141792	39566
chr1	211033781	211233781	harbor2	chr1	211035968	211036465	LTR/ERV1	3294	-	248	211036216	2435
chr1	244609722	244809722	harbor2	chr1	244681859	244682404	LTR/ERV1	3959	-	272	244682131	72409
chr1	244609722	244809722	harbor2	chr1	244682858	244683294	LTR/ERV1	2574	-	218	244683076	73354
chr1	3432627	3632627	harbor2	chr1	3442544	3442893	LTR/ERV1	1086	-	174	3442718	10091
chr1	2273775	2473775	harbor2	chr1	2368191	2368634	LTR/ERV1	2359	-	222	2368413	94638
chr1	226786659	226986659	harbor2	chr1	226824964	226825309	LTR/ERV1	1924	-	172	226825136	38477
chr1	226786659	226986659	harbor2	chr1	226832895	226833105	LTR/ERV1	697	-	105	226833000	46341
chr1	226786659	226986659	harbor2	chr1	226838876	226839114	LTR/ERV1	1475	-	119	226838995	52336
chr1	226786659	226986659	harbor2	chr1	226849943	226850171	LTR/ERV1	1214	-	114	226850057	63398
chr1	161528751	161728751	harbor2	chr1	161555124	161555784	LTR/ERV1	5069	-	330	161555454	26703
chr1	161528751	161728751	harbor2	chr1	161575765	161576140	LTR/ERV1	2119	-	188	161575953	47202
chr1	161528751	161728751	harbor2	chr1	161598956	161599423	LTR/ERV1	1928	-	234	161599190	70439
chr1	16618103	16818103	harbor2	chr1	16659139	16659674	LTR/ERV1	1540	-	268	16659407	41304
chr1	16618103	16818103	harbor2	chr1	16661013	16661173	LTR/ERV1	471	-	80	16661093	42990
chr1	16618103	16818103	harbor2	chr1	16661754	16662271	LTR/ERV1	2239	-	258	16662012	43909
chr1	16618103	16818103	harbor2	chr1	16668820	16669389	LTR/ERV1	2554	-	284	16669104	51001
chr1	16618103	16818103	harbor2	chr1	16670469	16671381	LTR/ERV1	1726	-	456	16670925	52822
chr1	113990947	114190947	harbor2	chr1	114024406	114024594	LTR/ERV1	826	-	94	114024500	33553
chr1	113990947	114190947	harbor2	chr1	114024669	114024709	LTR/ERV1	772	-	20	114024689	33742
chr1	113990947	114190947	harbor2	chr1	114025008	114025169	LTR/ERV1	772	-	80	114025088	34141
chr1	113990947	114190947	harbor2	chr1	114036648	114037074	LTR/ERV1	4713	-	213	114036861	45914
chr1	113990947	114190947	harbor2	chr1	114037526	114037796	LTR/ERV1	4713	-	135	114037661	46714
chr1	113990947	114190947	harbor2	chr1	114037802	114038060	LTR/ERV1	1077	-	129	114037931	46984
chr1	113990947	114190947	harbor2	chr1	114038125	114038322	LTR/ERV1	1076	-	98	114038223	47276
chr1	113990947	114190947	harbor2	chr1	114040179	114040761	LTR/ERV1	3420	-	291	114040470	49523
chr1	113990947	114190947	harbor2	chr1	114057795	114058147	LTR/ERV1	506	-	176	114057971	67024
chr1	113990947	114190947	harbor2	chr1	114059121	114059751	LTR/ERV1	506	-	315	114059436	68489
chr1	3432397	3632397	harbor2	chr1	3442544	3442893	LTR/ERV1	1086	-	174	3442718	10321
chr1	46294779	46494779	harbor2	chr1	46325548	46326039	LTR/ERV1	4082	-	246	46325794	31015
chr1	46294779	46494779	harbor2	chr1	46326040	46329561	LTR/ERV1	23562	-	1760	46327800	33021
chr1	46294779	46494779	harbor2	chr1	46329561	46329755	LTR/ERV1	1354	-	97	46329658	34879
chr1	46294779	46494779	harbor2	chr1	46330516	46330897	LTR/ERV1	2430	-	190	46330706	35927
chr1	46294779	46494779	harbor2	chr1	46330884	46330937	LTR/ERV1	5536	-	26	46330910	36131
chr1	46294779	46494779	harbor2	chr1	46331236	46332068	LTR/ERV1	5536	-	416	46331652	36873
chr1	46294779	46494779	harbor2	chr1	46332069	46332557	LTR/ERV1	4042	-	244	46332313	37534
chr1	46294779	46494779	harbor2	chr1	46339834	46340059	LTR/ERV1	1644	-	112	46339946	45167
chr1	46294779	46494779	harbor2	chr1	46367520	46367676	LTR/ERV1	1082	-	78	46367598	72819
chr1	46294779	46494779	harbor2	chr1	46383762	46384253	LTR/ERV1	3425	-	246	46384008	89229
chr1	46294779	46494779	harbor2	chr1	46384257	46384622	LTR/ERV1	3002	-	182	46384439	89660
chr1	46294779	46494779	harbor2	chr1	46384634	46385780	LTR/ERV1	8303	-	573	46385207	90428
chr1	46294779	46494779	harbor2	chr1	46385782	46386104	LTR/ERV1	2755	-	161	46385943	91164
chr1	46294779	46494779	harbor2	chr1	46386109	46386394	LTR/ERV1	2348	-	142	46386251	91472
chr1	46294779	46494779	harbor2	chr1	46386419	46389156	LTR/ERV1	24401	-	1368	46387787	93008
chr1	46294779	46494779	harbor2	chr1	46389459	46390791	LTR/ERV1	24401	-	666	46390125	95346
chr1	46294779	46494779	harbor2	chr1	46390822	46391326	LTR/ERV1	3616	-	252	46391074	96295
chr1	46294779	46494779	harbor2	chr1	46391343	46392209	LTR/ERV1	7597	-	433	46391776	96997
chr1	46294779	46494779	harbor2	chr1	46392513	46392788	LTR/ERV1	7597	-	138	46392651	97872
chr1	46294779	46494779	harbor2	chr1	46392896	46393166	LTR/ERV1	502	-	135	46393031	98252
chr1	46294779	46494779	harbor2	chr1	46393204	46393503	LTR/ERV1	1652	-	150	46393354	98575
chr1	46294779	46494779	harbor2	chr1	46393504	46393974	LTR/ERV1	2985	-	235	46393739	98960
chr1	211034391	211234391	harbor2	chr1	211035968	211036465	LTR/ERV1	3294	-	248	211036216	1825
chr1	2375244	2575244	harbor2	chr1	2423400	2423980	LTR/ERV1	3253	-	290	2423690	48446
chr1	2421481	2621481	harbor2	chr1	2423400	2423980	LTR/ERV1	3253	-	290	2423690	2209
chr1	2396936	2596936	harbor2	chr1	2423400	2423980	LTR/ERV1	3253	-	290	2423690	26754
chr1	207707062	207907062	harbor2	chr1	207713422	207714534	LTR/ERV1	5126	-	556	207713978	6916
chr1	207707062	207907062	harbor2	chr1	207727678	207728429	LTR/ERV1	4689	-	376	207728054	20992
chr1	207707062	207907062	harbor2	chr1	207741156	207741920	LTR/ERV1	5918	-	382	207741538	34476
chr1	207707062	207907062	harbor2	chr1	207743986	207744395	LTR/ERV1	2007	-	204	207744190	37128
chr1	230941728	231141728	harbor2	chr1	230984511	230985152	LTR/ERV1	1709	-	320	230984831	43103
chr1	2421047	2621047	harbor2	chr1	2423400	2423980	LTR/ERV1	3253	-	290	2423690	2643
chr1	201549927	201749927	harbor2	chr1	201558096	201558451	LTR/ERV1	3890	-	178	201558274	8347
chr1	201549927	201749927	harbor2	chr1	201558749	201559039	LTR/ERV1	3890	-	145	201558894	8967
chr1	201549927	201749927	harbor2	chr1	201594087	201594164	LTR/ERV1	605	-	38	201594125	44198
chr1	10913141	11113141	harbor2	chr1	10977509	10977835	LTR/ERV1	1401	-	163	10977672	64531
chr1	17337716	17537716	harbor2	chr1	17368056	17368236	LTR/ERV1	1699	-	90	17368146	30430
chr1	17337716	17537716	harbor2	chr1	17368549	17368759	LTR/ERV1	1699	-	105	17368654	30938
chr1	17337716	17537716	harbor2	chr1	17368900	17369110	LTR/ERV1	1323	-	105	17369005	31289
chr1	13290765	13490765	harbor2	chr1	13300957	13301501	LTR/ERV1	1529	-	272	13301229	10464
chr1	13290765	13490765	harbor2	chr1	13301650	13301857	LTR/ERV1	764	-	104	13301754	10989
chr1	13290765	13490765	harbor2	chr1	13301996	13302571	LTR/ERV1	2993	-	288	13302284	11519
chr1	13290765	13490765	harbor2	chr1	13313298	13313590	LTR/ERV1	906	-	146	13313444	22679
chr1	13290765	13490765	harbor2	chr1	13313811	13313940	LTR/ERV1	488	-	64	13313875	23110
chr1	13290765	13490765	harbor2	chr1	13314074	13314643	LTR/ERV1	2921	-	284	13314358	23593
chr1	13290765	13490765	harbor2	chr1	13339254	13340879	LTR/ERV1	6464	-	812	13340066	49301
chr1	13290765	13490765	harbor2	chr1	13380499	13380781	LTR/ERV1	3617	-	141	13380640	89875
chr1	13290765	13490765	harbor2	chr1	13381109	13381437	LTR/ERV1	3617	-	164	13381273	90508
chr1	13290765	13490765	harbor2	chr1	13383357	13383558	LTR/ERV1	5028	-	100	13383457	92692
chr1	13290765	13490765	harbor2	chr1	13383869	13383879	LTR/ERV1	5028	-	5	13383874	93109
chr1	13290765	13490765	harbor2	chr1	13384196	13384776	LTR/ERV1	5028	-	290	13384486	93721
chr1	7926217	8126217	harbor2	chr1	7960455	7960624	LTR/ERV1	1248	-	84	7960539	34322
chr1	7926217	8126217	harbor2	chr1	7960740	7960847	LTR/ERV1	754	-	54	7960794	34577
chr1	7926217	8126217	harbor2	chr1	7995404	7995544	LTR/ERV1	1009	-	70	7995474	69257
chr1	230940319	231140319	harbor2	chr1	230984511	230985152	LTR/ERV1	1709	-	320	230984831	44512
chr1	230539629	230739629	harbor2	chr1	230543224	230543303	LTR/ERV1	3192	-	40	230543264	3635
chr1	230539629	230739629	harbor2	chr1	230543595	230544272	LTR/ERV1	3192	-	338	230543933	4304
chr1	230539629	230739629	harbor2	chr1	230552870	230553280	LTR/ERV1	2068	-	205	230553075	13446
chr1	230539629	230739629	harbor2	chr1	230553282	230555195	LTR/ERV1	5227	-	956	230554238	14609
chr1	230539629	230739629	harbor2	chr1	230555767	230556301	LTR/ERV1	1164	-	267	230556034	16405
chr1	230539629	230739629	harbor2	chr1	230556359	230556788	LTR/ERV1	2338	-	214	230556573	16944
chr1	230539629	230739629	harbor2	chr1	230566813	230567435	LTR/ERV1	4946	-	311	230567124	27495
chr1	230539629	230739629	harbor2	chr1	230572574	230572838	LTR/ERV1	1419	-	132	230572706	33077
chr1	230539629	230739629	harbor2	chr1	230572921	230573216	LTR/ERV1	1753	-	148	230573069	33440
chr1	230539629	230739629	harbor2	chr1	230600416	230601215	LTR/ERV1	5742	-	400	230600816	61187
chr1	230539629	230739629	harbor2	chr1	230609095	230609193	LTR/ERV1	587	-	49	230609144	69515
chr1	230539629	230739629	harbor2	chr1	230619905	230620730	LTR/ERV1	2957	-	412	230620317	80688
chr1	230539629	230739629	harbor2	chr1	230638232	230638646	LTR/ERV1	1384	-	207	230638439	98810
chr1	230539629	230739629	harbor2	chr1	230620789	230621231	LTR/ERV1	1913	-	221	230621010	81381
chr1	230539629	230739629	harbor2	chr1	230555496	230555758	LTR/ERV1	2294	-	131	230555627	15998
chr2	46198427	46398427	harbor2	chr2	46246148	46246735	LTR/ERV1	4872	-	294	46246442	48015
chr2	231298236	231498236	harbor2	chr2	231339957	231340432	LTR/ERV1	1783	-	238	231340195	41959
chr2	53472337	53672337	harbor2	chr2	53538739	53538922	LTR/ERV1	519	-	92	53538831	66494
chr2	218223269	218423269	harbor2	chr2	218301061	218301132	LTR/ERV1	509	-	36	218301097	77828
chr2	218223269	218423269	harbor2	chr2	218302677	218302806	LTR/ERV1	880	-	64	218302741	79472
chr2	218223269	218423269	harbor2	chr2	218302843	218302920	LTR/ERV1	449	-	38	218302881	79612
chr2	218223269	218423269	harbor2	chr2	218303247	218303348	LTR/ERV1	583	-	50	218303297	80028
chr2	219116402	219316402	harbor2	chr2	219200448	219201991	LTR/ERV1	10838	-	772	219201220	84818
chr2	26950509	27150509	harbor2	chr2	27005718	27005900	LTR/ERV1	582	-	91	27005809	55300
chr2	26950509	27150509	harbor2	chr2	27006212	27006326	LTR/ERV1	582	-	57	27006269	55760
chr2	26950509	27150509	harbor2	chr2	27006327	27006423	LTR/ERV1	1323	-	48	27006375	55866
chr2	26950509	27150509	harbor2	chr2	27006734	27007144	LTR/ERV1	1323	-	205	27006939	56430
chr2	26950509	27150509	harbor2	chr2	27007145	27008111	LTR/ERV1	1665	-	483	27007628	57119
chr2	72043327	72243327	harbor2	chr2	72104247	72104320	LTR/ERV1	537	-	36	72104283	60956
chr2	72043327	72243327	harbor2	chr2	72104632	72104978	LTR/ERV1	537	-	173	72104805	61478
chr2	219145524	219345524	harbor2	chr2	219200448	219201991	LTR/ERV1	10838	-	772	219201220	55696
chr2	171822444	172022444	harbor2	chr2	171912452	171912602	LTR/ERV1	5353	-	75	171912527	90083
chr2	171822444	172022444	harbor2	chr2	171912888	171913453	LTR/ERV1	5353	-	282	171913170	90726
chr2	195072898	195272898	harbor2	chr2	195124665	195126492	LTR/ERV1	6467	-	914	195125579	52681
chr2	195072898	195272898	harbor2	chr2	195141789	195142541	LTR/ERV1	3799	-	376	195142165	69267
chr2	195072898	195272898	harbor2	chr2	195143067	195143736	LTR/ERV1	3732	-	334	195143401	70503
chr2	26956547	27156547	harbor2	chr2	27005718	27005900	LTR/ERV1	582	-	91	27005809	49262
chr2	26956547	27156547	harbor2	chr2	27006212	27006326	LTR/ERV1	582	-	57	27006269	49722
chr2	26956547	27156547	harbor2	chr2	27006327	27006423	LTR/ERV1	1323	-	48	27006375	49828
chr2	26956547	27156547	harbor2	chr2	27006734	27007144	LTR/ERV1	1323	-	205	27006939	50392
chr2	26956547	27156547	harbor2	chr2	27007145	27008111	LTR/ERV1	1665	-	483	27007628	51081
chr2	3480298	3680298	harbor2	chr2	3531919	3532139	LTR/ERV1	564	-	110	3532029	51731
chr2	27279123	27479123	harbor2	chr2	27300959	27301135	LTR/ERV1	4101	-	88	27301047	21924
chr2	27279123	27479123	harbor2	chr2	27301440	27301827	LTR/ERV1	4101	-	194	27301634	22511
chr2	71056951	71256951	harbor2	chr2	71086360	71086808	LTR/ERV1	3537	-	224	71086584	29633
chr2	71056951	71256951	harbor2	chr2	71086809	71087185	LTR/ERV1	2526	-	188	71086997	30046
chr2	71056951	71256951	harbor2	chr2	71090547	71090997	LTR/ERV1	3463	-	225	71090772	33821
chr2	71056951	71256951	harbor2	chr2	71091504	71091522	LTR/ERV1	860	-	9	71091513	34562
chr2	71056951	71256951	harbor2	chr2	71091523	71093051	LTR/ERV1	10901	-	764	71092287	35336
chr2	71056951	71256951	harbor2	chr2	71093052	71093250	LTR/ERV1	860	-	99	71093151	36200
chr2	71056951	71256951	harbor2	chr2	71131502	71131972	LTR/ERV1	3516	-	235	71131737	74786
chr2	71056951	71256951	harbor2	chr2	71087184	71090544	LTR/ERV1	17688	-	1680	71088864	31913
chr2	219179881	219379881	harbor2	chr2	219200448	219201991	LTR/ERV1	10838	-	772	219201220	21339
chr2	242029286	242229286	harbor2	chr2	242030406	242030879	LTR/ERV1	2776	-	236	242030642	1356
chr2	242029286	242229286	harbor2	chr2	242044700	242044813	LTR/ERV1	508	-	56	242044756	15470
chr2	242029286	242229286	harbor2	chr2	242062694	242063145	LTR/ERV1	2934	-	226	242062920	33634
chr2	242029286	242229286	harbor2	chr2	242063158	242063799	LTR/ERV1	3600	-	320	242063478	34192
chr2	242029286	242229286	harbor2	chr2	242063795	242063882	LTR/ERV1	458	-	44	242063839	34553
chr2	3909466	4109466	harbor2	chr2	3973122	3973680	LTR/ERV1	1130	-	279	3973401	63935
chr2	72787348	72987348	harbor2	chr2	72831190	72831336	LTR/ERV1	658	-	73	72831263	43915
chr2	72787348	72987348	harbor2	chr2	72831982	72832264	LTR/ERV1	1686	-	141	72832123	44775
chr2	72787348	72987348	harbor2	chr2	72851415	72851671	LTR/ERV1	522	-	128	72851543	64195
chr2	72787348	72987348	harbor2	chr2	72873284	72873406	LTR/ERV1	855	-	61	72873345	85997
chr2	229968889	230168889	harbor2	chr2	229976901	229977122	LTR/ERV1	657	-	110	229977011	8122
chr2	229968889	230168889	harbor2	chr2	229977299	229977395	LTR/ERV1	608	-	48	229977347	8458
chr2	229968889	230168889	harbor2	chr2	230029828	230029893	LTR/ERV1	3014	-	32	230029860	60971
chr2	229968889	230168889	harbor2	chr2	230029923	230029967	LTR/ERV1	3014	-	22	230029945	61056
chr2	229968889	230168889	harbor2	chr2	230030270	230030480	LTR/ERV1	3014	-	105	230030375	61486
chr2	229968889	230168889	harbor2	chr2	230030784	230030870	LTR/ERV1	3014	-	43	230030827	61938
chr2	229968889	230168889	harbor2	chr2	230031580	230031625	LTR/ERV1	957	-	22	230031602	62713
chr2	229968889	230168889	harbor2	chr2	230031925	230032439	LTR/ERV1	957	-	257	230032182	63293
chr2	229968889	230168889	harbor2	chr2	230031168	230031551	LTR/ERV1	3014	-	192	230031360	62471
chr2	6817447	7017447	harbor2	chr2	6838364	6846789	LTR/ERV1	32544	-	4212	6842576	25129
chr2	6817447	7017447	harbor2	chr2	6846794	6846887	LTR/ERV1	603	-	46	6846840	29393
chr2	6817447	7017447	harbor2	chr2	6846889	6847664	LTR/ERV1	5313	-	388	6847277	29830
chr2	6817447	7017447	harbor2	chr2	6880208	6880772	LTR/ERV1	3973	-	282	6880490	63043
chr2	2617889	2817889	harbor2	chr2	2624316	2624958	LTR/ERV1	4536	-	321	2624637	6748
chr2	2617889	2817889	harbor2	chr2	2673701	2675840	LTR/ERV1	2375	-	1070	2674771	56882
chr2	2617889	2817889	harbor2	chr2	2675863	2676457	LTR/ERV1	618	-	297	2676160	58271
chr2	2617889	2817889	harbor2	chr2	2694839	2695063	LTR/ERV1	1057	-	112	2694951	77062
chr2	169386758	169586758	harbor2	chr2	169411117	169411195	LTR/ERV1	1273	-	39	169411156	24398
chr2	169386758	169586758	harbor2	chr2	169411490	169411841	LTR/ERV1	1273	-	176	169411666	24908
chr2	169386758	169586758	harbor2	chr2	169413311	169413789	LTR/ERV1	861	-	239	169413550	26792
chr2	42069370	42269370	harbor2	chr2	42087821	42088186	LTR/ERV1	1802	-	182	42088003	18633
chr2	42069370	42269370	harbor2	chr2	42088537	42088571	LTR/ERV1	1449	-	17	42088554	19184
chr2	42069370	42269370	harbor2	chr2	42103707	42104399	LTR/ERV1	3881	-	346	42104053	34683
chr2	242055177	242255177	harbor2	chr2	242062694	242063145	LTR/ERV1	2934	-	226	242062920	7743
chr2	242055177	242255177	harbor2	chr2	242063158	242063799	LTR/ERV1	3600	-	320	242063478	8301
chr2	242055177	242255177	harbor2	chr2	242063795	242063882	LTR/ERV1	458	-	44	242063839	8662
chr2	242055177	242255177	harbor2	chr2	242135517	242135797	LTR/ERV1	745	-	140	242135657	80480
chr2	242055177	242255177	harbor2	chr2	242135875	242136012	LTR/ERV1	467	-	68	242135943	80766
chr2	232387413	232587413	harbor2	chr2	232429915	232430072	LTR/ERV1	488	-	78	232429993	42580
chr2	237919027	238119027	harbor2	chr2	237927922	237928382	LTR/ERV1	2612	-	230	237928152	9125
chr2	237919027	238119027	harbor2	chr2	237928675	237928712	LTR/ERV1	2612	-	18	237928693	9666
chr2	237919027	238119027	harbor2	chr2	237938892	237939198	LTR/ERV1	1982	-	153	237939045	20018
chr2	237919027	238119027	harbor2	chr2	237939676	237940080	LTR/ERV1	3857	-	202	237939878	20851
chr2	237919027	238119027	harbor2	chr2	237940340	237940488	LTR/ERV1	3857	-	74	237940414	21387
chr2	237919027	238119027	harbor2	chr2	237941807	237942335	LTR/ERV1	2271	-	264	237942071	23044
chr2	237919027	238119027	harbor2	chr2	237943199	237943286	LTR/ERV1	518	-	44	237943243	24216
chr2	237919027	238119027	harbor2	chr2	237952417	237952507	LTR/ERV1	2602	-	45	237952462	33435
chr2	237919027	238119027	harbor2	chr2	237952866	237953232	LTR/ERV1	2602	-	183	237953049	34022
chr2	237919027	238119027	harbor2	chr2	237962564	237962964	LTR/ERV1	1204	-	200	237962764	43737
chr2	237919027	238119027	harbor2	chr2	237964102	237964701	LTR/ERV1	3939	-	300	237964402	45375
chr2	239858832	240058832	harbor2	chr2	239877140	239877988	LTR/ERV1	5185	-	424	239877564	18732
chr2	239858832	240058832	harbor2	chr2	239921221	239921702	LTR/ERV1	2960	-	240	239921461	62629
chr2	239858832	240058832	harbor2	chr2	239940571	239940986	LTR/ERV1	1517	-	208	239940779	81947
chr2	26950619	27150619	harbor2	chr2	27005718	27005900	LTR/ERV1	582	-	91	27005809	55190
chr2	26950619	27150619	harbor2	chr2	27006212	27006326	LTR/ERV1	582	-	57	27006269	55650
chr2	26950619	27150619	harbor2	chr2	27006327	27006423	LTR/ERV1	1323	-	48	27006375	55756
chr2	26950619	27150619	harbor2	chr2	27006734	27007144	LTR/ERV1	1323	-	205	27006939	56320
chr2	26950619	27150619	harbor2	chr2	27007145	27008111	LTR/ERV1	1665	-	483	27007628	57009
chr2	111955657	112155657	harbor2	chr2	111999704	112000000	LTR/ERV1	1550	-	148	111999852	44195
chr2	111955657	112155657	harbor2	chr2	112000002	112000247	LTR/ERV1	1494	-	122	112000124	44467
chr2	111955657	112155657	harbor2	chr2	112039346	112039670	LTR/ERV1	2654	-	162	112039508	83851
chr2	111955657	112155657	harbor2	chr2	112039671	112039964	LTR/ERV1	2339	-	146	112039817	84160
chr2	111955657	112155657	harbor2	chr2	112039987	112040228	LTR/ERV1	5225	-	120	112040107	84450
chr2	111955657	112155657	harbor2	chr2	112040675	112042366	LTR/ERV1	10969	-	846	112041521	85864
chr2	111955657	112155657	harbor2	chr2	112042350	112043619	LTR/ERV1	9654	-	634	112042984	87327
chr2	111955657	112155657	harbor2	chr2	112043778	112044476	LTR/ERV1	5606	-	349	112044127	88470
chr2	111955657	112155657	harbor2	chr2	112044492	112044989	LTR/ERV1	3621	-	248	112044740	89083
chr2	111955657	112155657	harbor2	chr2	112052852	112052963	LTR/ERV1	905	-	56	112052908	97251
chr2	111955657	112155657	harbor2	chr2	112016885	112017419	LTR/ERV1	3852	-	267	112017152	61495
chr2	63489005	63689005	harbor2	chr2	63568447	63569035	LTR/ERV1	4891	-	294	63568741	79736
chr2	26957456	27157456	harbor2	chr2	27005718	27005900	LTR/ERV1	582	-	91	27005809	48353
chr2	26957456	27157456	harbor2	chr2	27006212	27006326	LTR/ERV1	582	-	57	27006269	48813
chr2	26957456	27157456	harbor2	chr2	27006327	27006423	LTR/ERV1	1323	-	48	27006375	48919
chr2	26957456	27157456	harbor2	chr2	27006734	27007144	LTR/ERV1	1323	-	205	27006939	49483
chr2	26957456	27157456	harbor2	chr2	27007145	27008111	LTR/ERV1	1665	-	483	27007628	50172
chr2	42069378	42269378	harbor2	chr2	42087821	42088186	LTR/ERV1	1802	-	182	42088003	18625
chr2	42069378	42269378	harbor2	chr2	42088537	42088571	LTR/ERV1	1449	-	17	42088554	19176
chr2	42069378	42269378	harbor2	chr2	42103707	42104399	LTR/ERV1	3881	-	346	42104053	34675
chr2	203717178	203917178	harbor2	chr2	203779623	203780049	LTR/ERV1	2956	-	213	203779836	62658
chr2	203717178	203917178	harbor2	chr2	203784644	203786140	LTR/ERV1	11276	-	748	203785392	68214
chr2	203717178	203917178	harbor2	chr2	203807402	203807506	LTR/ERV1	569	-	52	203807454	90276
chr2	26950608	27150608	harbor2	chr2	27005718	27005900	LTR/ERV1	582	-	91	27005809	55201
chr2	26950608	27150608	harbor2	chr2	27006212	27006326	LTR/ERV1	582	-	57	27006269	55661
chr2	26950608	27150608	harbor2	chr2	27006327	27006423	LTR/ERV1	1323	-	48	27006375	55767
chr2	26950608	27150608	harbor2	chr2	27006734	27007144	LTR/ERV1	1323	-	205	27006939	56331
chr2	26950608	27150608	harbor2	chr2	27007145	27008111	LTR/ERV1	1665	-	483	27007628	57020
chr2	232394713	232594713	harbor2	chr2	232429915	232430072	LTR/ERV1	488	-	78	232429993	35280
chr2	240592789	240792789	harbor2	chr2	240621635	240621891	LTR/ERV1	2166	-	128	240621763	28974
chr2	240592789	240792789	harbor2	chr2	240622180	240622403	LTR/ERV1	2166	-	112	240622292	29503
chr2	240592789	240792789	harbor2	chr2	240645962	240646288	LTR/ERV1	457	-	163	240646125	53336
chr2	240592789	240792789	harbor2	chr2	240648552	240649051	LTR/ERV1	1985	-	250	240648802	56013
chr2	240592789	240792789	harbor2	chr2	240670834	240671160	LTR/ERV1	802	-	163	240670997	78208
chr2	240592789	240792789	harbor2	chr2	240685607	240686514	LTR/ERV1	3778	-	454	240686061	93272
chr2	56085624	56285624	harbor2	chr2	56124050	56124491	LTR/ERV1	3248	-	220	56124270	38646
chr2	56085624	56285624	harbor2	chr2	56182330	56182796	LTR/ERV1	2042	-	233	56182563	96939
chr2	56085624	56285624	harbor2	chr2	56115121	56115606	LTR/ERV1	2496	-	242	56115363	29739
chr2	56148544	56348544	harbor2	chr2	56182330	56182796	LTR/ERV1	2042	-	233	56182563	34019
chr2	6845395	7045395	harbor2	chr2	6838364	6846789	LTR/ERV1	32544	-	4212	6842576	2819
chr2	6845395	7045395	harbor2	chr2	6846794	6846887	LTR/ERV1	603	-	46	6846840	1445
chr2	6845395	7045395	harbor2	chr2	6846889	6847664	LTR/ERV1	5313	-	388	6847277	1882
chr2	6845395	7045395	harbor2	chr2	6880208	6880772	LTR/ERV1	3973	-	282	6880490	35095
chr2	130084190	130284190	harbor2	chr2	130123928	130124395	LTR/ERV1	1992	-	234	130124162	39972
chr2	130084190	130284190	harbor2	chr2	130124373	130124609	LTR/ERV1	814	-	118	130124491	40301
chr2	130084190	130284190	harbor2	chr2	130124605	130124880	LTR/ERV1	1569	-	138	130124743	40553
chr2	130084190	130284190	harbor2	chr2	130148773	130149330	LTR/ERV1	3277	-	278	130149051	64861
chr2	27272823	27472823	harbor2	chr2	27300959	27301135	LTR/ERV1	4101	-	88	27301047	28224
chr2	27272823	27472823	harbor2	chr2	27301440	27301827	LTR/ERV1	4101	-	194	27301634	28811
chr2	26246115	26446115	harbor2	chr2	26258219	26259004	LTR/ERV1	5235	-	392	26258611	12496
chr2	46225653	46425653	harbor2	chr2	46246148	46246735	LTR/ERV1	4872	-	294	46246442	20789
chr2	219497764	219697764	harbor2	chr2	219581690	219581776	LTR/ERV1	9998	-	43	219581733	83969
chr2	219497764	219697764	harbor2	chr2	219582086	219583511	LTR/ERV1	9998	-	712	219582798	85034
chr2	219497764	219697764	harbor2	chr2	219583492	219583725	LTR/ERV1	20523	-	116	219583608	85844
chr2	219497764	219697764	harbor2	chr2	219584035	219584931	LTR/ERV1	20523	-	448	219584483	86719
chr2	219497764	219697764	harbor2	chr2	219585124	219585241	LTR/ERV1	20523	-	58	219585182	87418
chr2	219497764	219697764	harbor2	chr2	219585554	219587547	LTR/ERV1	20523	-	996	219586550	88786
chr2	219497764	219697764	harbor2	chr2	219587548	219587670	LTR/ERV1	2847	-	61	219587609	89845
chr2	219497764	219697764	harbor2	chr2	219587945	219588188	LTR/ERV1	2847	-	122	219588067	90303
chr2	219497764	219697764	harbor2	chr2	219588489	219588643	LTR/ERV1	2847	-	77	219588566	90802
chr2	219497764	219697764	harbor2	chr2	219595872	219596260	LTR/ERV1	3461	-	194	219596066	98302
chr2	219497764	219697764	harbor2	chr2	219596551	219596817	LTR/ERV1	3461	-	133	219596684	98920
chr2	219116633	219316633	harbor2	chr2	219200448	219201991	LTR/ERV1	10838	-	772	219201220	84587
chr2	53795907	53995907	harbor2	chr2	53877545	53877795	LTR/ERV1	821	-	125	53877670	81763
chr2	219169703	219369703	harbor2	chr2	219200448	219201991	LTR/ERV1	10838	-	772	219201220	31517
chr2	61805670	62005670	harbor2	chr2	61900055	61900399	LTR/ERV1	1402	-	172	61900227	94557
chr2	61805670	62005670	harbor2	chr2	61900470	61900732	LTR/ERV1	1604	-	131	61900601	94931
chr2	26950206	27150206	harbor2	chr2	27005718	27005900	LTR/ERV1	582	-	91	27005809	55603
chr2	26950206	27150206	harbor2	chr2	27006212	27006326	LTR/ERV1	582	-	57	27006269	56063
chr2	26950206	27150206	harbor2	chr2	27006327	27006423	LTR/ERV1	1323	-	48	27006375	56169
chr2	26950206	27150206	harbor2	chr2	27006734	27007144	LTR/ERV1	1323	-	205	27006939	56733
chr2	26950206	27150206	harbor2	chr2	27007145	27008111	LTR/ERV1	1665	-	483	27007628	57422
chr2	111955694	112155694	harbor2	chr2	111999704	112000000	LTR/ERV1	1550	-	148	111999852	44158
chr2	111955694	112155694	harbor2	chr2	112000002	112000247	LTR/ERV1	1494	-	122	112000124	44430
chr2	111955694	112155694	harbor2	chr2	112039346	112039670	LTR/ERV1	2654	-	162	112039508	83814
chr2	111955694	112155694	harbor2	chr2	112039671	112039964	LTR/ERV1	2339	-	146	112039817	84123
chr2	111955694	112155694	harbor2	chr2	112039987	112040228	LTR/ERV1	5225	-	120	112040107	84413
chr2	111955694	112155694	harbor2	chr2	112040675	112042366	LTR/ERV1	10969	-	846	112041521	85827
chr2	111955694	112155694	harbor2	chr2	112042350	112043619	LTR/ERV1	9654	-	634	112042984	87290
chr2	111955694	112155694	harbor2	chr2	112043778	112044476	LTR/ERV1	5606	-	349	112044127	88433
chr2	111955694	112155694	harbor2	chr2	112044492	112044989	LTR/ERV1	3621	-	248	112044740	89046
chr2	111955694	112155694	harbor2	chr2	112052852	112052963	LTR/ERV1	905	-	56	112052908	97214
chr2	111955694	112155694	harbor2	chr2	112016885	112017419	LTR/ERV1	3852	-	267	112017152	61458
chr2	26950220	27150220	harbor2	chr2	27005718	27005900	LTR/ERV1	582	-	91	27005809	55589
chr2	26950220	27150220	harbor2	chr2	27006212	27006326	LTR/ERV1	582	-	57	27006269	56049
chr2	26950220	27150220	harbor2	chr2	27006327	27006423	LTR/ERV1	1323	-	48	27006375	56155
chr2	26950220	27150220	harbor2	chr2	27006734	27007144	LTR/ERV1	1323	-	205	27006939	56719
chr2	26950220	27150220	harbor2	chr2	27007145	27008111	LTR/ERV1	1665	-	483	27007628	57408
chr2	44379608	44579608	harbor2	chr2	44424230	44424568	LTR/ERV1	1641	-	169	44424399	44791
chr2	44379608	44579608	harbor2	chr2	44427822	44428600	LTR/ERV1	4173	-	389	44428211	48603
chr2	178350868	178550868	harbor2	chr2	178384283	178384942	LTR/ERV1	3566	-	330	178384613	33745
chr2	178350868	178550868	harbor2	chr2	178407018	178407394	LTR/ERV1	1590	-	188	178407206	56338
chr2	178350868	178550868	harbor2	chr2	178407629	178407700	LTR/ERV1	468	-	36	178407665	56797
chr2	26950698	27150698	harbor2	chr2	27005718	27005900	LTR/ERV1	582	-	91	27005809	55111
chr2	26950698	27150698	harbor2	chr2	27006212	27006326	LTR/ERV1	582	-	57	27006269	55571
chr2	26950698	27150698	harbor2	chr2	27006327	27006423	LTR/ERV1	1323	-	48	27006375	55677
chr2	26950698	27150698	harbor2	chr2	27006734	27007144	LTR/ERV1	1323	-	205	27006939	56241
chr2	26950698	27150698	harbor2	chr2	27007145	27008111	LTR/ERV1	1665	-	483	27007628	56930
chr2	26969295	27169295	harbor2	chr2	27005718	27005900	LTR/ERV1	582	-	91	27005809	36514
chr2	26969295	27169295	harbor2	chr2	27006212	27006326	LTR/ERV1	582	-	57	27006269	36974
chr2	26969295	27169295	harbor2	chr2	27006327	27006423	LTR/ERV1	1323	-	48	27006375	37080
chr2	26969295	27169295	harbor2	chr2	27006734	27007144	LTR/ERV1	1323	-	205	27006939	37644
chr2	26969295	27169295	harbor2	chr2	27007145	27008111	LTR/ERV1	1665	-	483	27007628	38333
chr2	111956912	112156912	harbor2	chr2	111999704	112000000	LTR/ERV1	1550	-	148	111999852	42940
chr2	111956912	112156912	harbor2	chr2	112000002	112000247	LTR/ERV1	1494	-	122	112000124	43212
chr2	111956912	112156912	harbor2	chr2	112039346	112039670	LTR/ERV1	2654	-	162	112039508	82596
chr2	111956912	112156912	harbor2	chr2	112039671	112039964	LTR/ERV1	2339	-	146	112039817	82905
chr2	111956912	112156912	harbor2	chr2	112039987	112040228	LTR/ERV1	5225	-	120	112040107	83195
chr2	111956912	112156912	harbor2	chr2	112040675	112042366	LTR/ERV1	10969	-	846	112041521	84609
chr2	111956912	112156912	harbor2	chr2	112042350	112043619	LTR/ERV1	9654	-	634	112042984	86072
chr2	111956912	112156912	harbor2	chr2	112043778	112044476	LTR/ERV1	5606	-	349	112044127	87215
chr2	111956912	112156912	harbor2	chr2	112044492	112044989	LTR/ERV1	3621	-	248	112044740	87828
chr2	111956912	112156912	harbor2	chr2	112052852	112052963	LTR/ERV1	905	-	56	112052908	95996
chr2	111956912	112156912	harbor2	chr2	112016885	112017419	LTR/ERV1	3852	-	267	112017152	60240
chr2	48215708	48415708	harbor2	chr2	48259543	48260057	LTR/ERV1	3876	-	257	48259800	44092
chr2	26982677	27182677	harbor2	chr2	27005718	27005900	LTR/ERV1	582	-	91	27005809	23132
chr2	26982677	27182677	harbor2	chr2	27006212	27006326	LTR/ERV1	582	-	57	27006269	23592
chr2	26982677	27182677	harbor2	chr2	27006327	27006423	LTR/ERV1	1323	-	48	27006375	23698
chr2	26982677	27182677	harbor2	chr2	27006734	27007144	LTR/ERV1	1323	-	205	27006939	24262
chr2	26982677	27182677	harbor2	chr2	27007145	27008111	LTR/ERV1	1665	-	483	27007628	24951
chr2	65025318	65225318	harbor2	chr2	65044777	65046931	LTR/ERV1	8296	-	1077	65045854	20536
chr2	65025318	65225318	harbor2	chr2	65049196	65049345	LTR/ERV1	896	-	74	65049270	23952
chr2	65025318	65225318	harbor2	chr2	65049333	65049681	LTR/ERV1	2200	-	174	65049507	24189
chr2	65025318	65225318	harbor2	chr2	65044235	65044776	LTR/ERV1	3351	-	270	65044505	19187
chr2	219501939	219701939	harbor2	chr2	219581690	219581776	LTR/ERV1	9998	-	43	219581733	79794
chr2	219501939	219701939	harbor2	chr2	219582086	219583511	LTR/ERV1	9998	-	712	219582798	80859
chr2	219501939	219701939	harbor2	chr2	219583492	219583725	LTR/ERV1	20523	-	116	219583608	81669
chr2	219501939	219701939	harbor2	chr2	219584035	219584931	LTR/ERV1	20523	-	448	219584483	82544
chr2	219501939	219701939	harbor2	chr2	219585124	219585241	LTR/ERV1	20523	-	58	219585182	83243
chr2	219501939	219701939	harbor2	chr2	219585554	219587547	LTR/ERV1	20523	-	996	219586550	84611
chr2	219501939	219701939	harbor2	chr2	219587548	219587670	LTR/ERV1	2847	-	61	219587609	85670
chr2	219501939	219701939	harbor2	chr2	219587945	219588188	LTR/ERV1	2847	-	122	219588067	86128
chr2	219501939	219701939	harbor2	chr2	219588489	219588643	LTR/ERV1	2847	-	77	219588566	86627
chr2	219501939	219701939	harbor2	chr2	219595872	219596260	LTR/ERV1	3461	-	194	219596066	94127
chr2	219501939	219701939	harbor2	chr2	219596551	219596817	LTR/ERV1	3461	-	133	219596684	94745
chr2	218180022	218380022	harbor2	chr2	218180681	218181363	LTR/ERV1	5013	-	341	218181022	1000
chr2	218180022	218380022	harbor2	chr2	218183310	218184136	LTR/ERV1	4653	-	413	218183723	3701
chr2	113619441	113819441	harbor2	chr2	113703869	113704969	LTR/ERV1	6423	-	550	113704419	84978
chr2	42069367	42269367	harbor2	chr2	42087821	42088186	LTR/ERV1	1802	-	182	42088003	18636
chr2	42069367	42269367	harbor2	chr2	42088537	42088571	LTR/ERV1	1449	-	17	42088554	19187
chr2	42069367	42269367	harbor2	chr2	42103707	42104399	LTR/ERV1	3881	-	346	42104053	34686
chr2	26246633	26446633	harbor2	chr2	26258219	26259004	LTR/ERV1	5235	-	392	26258611	11978
chr2	42069757	42269757	harbor2	chr2	42087821	42088186	LTR/ERV1	1802	-	182	42088003	18246
chr2	42069757	42269757	harbor2	chr2	42088537	42088571	LTR/ERV1	1449	-	17	42088554	18797
chr2	42069757	42269757	harbor2	chr2	42103707	42104399	LTR/ERV1	3881	-	346	42104053	34296
chr2	219118932	219318932	harbor2	chr2	219200448	219201991	LTR/ERV1	10838	-	772	219201220	82288
chr2	159046393	159246393	harbor2	chr2	159096419	159096966	LTR/ERV1	3036	-	274	159096693	50300
chr2	105442419	105642419	harbor2	chr2	105494129	105494972	LTR/ERV1	5181	-	422	105494551	52132
chr2	105442419	105642419	harbor2	chr2	105507289	105507826	LTR/ERV1	5155	-	268	105507557	65138
chr2	105442419	105642419	harbor2	chr2	105508133	105508483	LTR/ERV1	5155	-	175	105508308	65889
chr2	72971510	73171510	harbor2	chr2	73063292	73063861	LTR/ERV1	2198	-	284	73063576	92066
chr2	26982780	27182780	harbor2	chr2	27005718	27005900	LTR/ERV1	582	-	91	27005809	23029
chr2	26982780	27182780	harbor2	chr2	27006212	27006326	LTR/ERV1	582	-	57	27006269	23489
chr2	26982780	27182780	harbor2	chr2	27006327	27006423	LTR/ERV1	1323	-	48	27006375	23595
chr2	26982780	27182780	harbor2	chr2	27006734	27007144	LTR/ERV1	1323	-	205	27006939	24159
chr2	26982780	27182780	harbor2	chr2	27007145	27008111	LTR/ERV1	1665	-	483	27007628	24848
chr2	26960509	27160509	harbor2	chr2	27005718	27005900	LTR/ERV1	582	-	91	27005809	45300
chr2	26960509	27160509	harbor2	chr2	27006212	27006326	LTR/ERV1	582	-	57	27006269	45760
chr2	26960509	27160509	harbor2	chr2	27006327	27006423	LTR/ERV1	1323	-	48	27006375	45866
chr2	26960509	27160509	harbor2	chr2	27006734	27007144	LTR/ERV1	1323	-	205	27006939	46430
chr2	26960509	27160509	harbor2	chr2	27007145	27008111	LTR/ERV1	1665	-	483	27007628	47119
chr2	218241926	218441926	harbor2	chr2	218301061	218301132	LTR/ERV1	509	-	36	218301097	59171
chr2	218241926	218441926	harbor2	chr2	218302677	218302806	LTR/ERV1	880	-	64	218302741	60815
chr2	218241926	218441926	harbor2	chr2	218302843	218302920	LTR/ERV1	449	-	38	218302881	60955
chr2	218241926	218441926	harbor2	chr2	218303247	218303348	LTR/ERV1	583	-	50	218303297	61371
chr2	111957164	112157164	harbor2	chr2	111999704	112000000	LTR/ERV1	1550	-	148	111999852	42688
chr2	111957164	112157164	harbor2	chr2	112000002	112000247	LTR/ERV1	1494	-	122	112000124	42960
chr2	111957164	112157164	harbor2	chr2	112039346	112039670	LTR/ERV1	2654	-	162	112039508	82344
chr2	111957164	112157164	harbor2	chr2	112039671	112039964	LTR/ERV1	2339	-	146	112039817	82653
chr2	111957164	112157164	harbor2	chr2	112039987	112040228	LTR/ERV1	5225	-	120	112040107	82943
chr2	111957164	112157164	harbor2	chr2	112040675	112042366	LTR/ERV1	10969	-	846	112041521	84357
chr2	111957164	112157164	harbor2	chr2	112042350	112043619	LTR/ERV1	9654	-	634	112042984	85820
chr2	111957164	112157164	harbor2	chr2	112043778	112044476	LTR/ERV1	5606	-	349	112044127	86963
chr2	111957164	112157164	harbor2	chr2	112044492	112044989	LTR/ERV1	3621	-	248	112044740	87576
chr2	111957164	112157164	harbor2	chr2	112052852	112052963	LTR/ERV1	905	-	56	112052908	95744
chr2	111957164	112157164	harbor2	chr2	112016885	112017419	LTR/ERV1	3852	-	267	112017152	59988
chr3	107992947	108192947	harbor2	chr3	107999206	107999772	LTR/ERV1	3025	-	283	107999489	6542
chr3	107992947	108192947	harbor2	chr3	108000077	108000308	LTR/ERV1	1208	-	116	108000193	7246
chr3	107992947	108192947	harbor2	chr3	108022092	108022755	LTR/ERV1	3532	-	332	108022424	29477
chr3	107992058	108192058	harbor2	chr3	107999206	107999772	LTR/ERV1	3025	-	283	107999489	7431
chr3	107992058	108192058	harbor2	chr3	108000077	108000308	LTR/ERV1	1208	-	116	108000193	8135
chr3	107992058	108192058	harbor2	chr3	108022092	108022755	LTR/ERV1	3532	-	332	108022424	30366
chr3	107999874	108199874	harbor2	chr3	108000077	108000308	LTR/ERV1	1208	-	116	108000193	319
chr3	107999874	108199874	harbor2	chr3	108022092	108022755	LTR/ERV1	3532	-	332	108022424	22550
chr3	54754036	54954036	harbor2	chr3	54787444	54787986	LTR/ERV1	2805	-	271	54787715	33679
chr3	178973707	179173707	harbor2	chr3	178986929	178987238	LTR/ERV1	1561	-	154	178987083	13376
chr3	178973707	179173707	harbor2	chr3	178987999	178988273	LTR/ERV1	452	-	137	178988136	14429
chr3	178973707	179173707	harbor2	chr3	178992120	178992802	LTR/ERV1	4708	-	341	178992461	18754
chr3	178973707	179173707	harbor2	chr3	178996591	178997095	LTR/ERV1	3293	-	252	178996843	23136
chr3	178973707	179173707	harbor2	chr3	179000861	179001635	LTR/ERV1	4780	-	387	179001248	27541
chr3	32471408	32671408	harbor2	chr3	32506020	32506701	LTR/ERV1	3172	-	340	32506360	34952
chr3	132356932	132556932	harbor2	chr3	132370256	132370526	LTR/ERV1	1991	-	135	132370391	13459
chr3	132356932	132556932	harbor2	chr3	132381357	132382046	LTR/ERV1	8001	-	344	132381701	24769
chr3	132356932	132556932	harbor2	chr3	132382047	132382691	LTR/ERV1	4669	-	322	132382369	25437
chr3	132356932	132556932	harbor2	chr3	132382692	132383815	LTR/ERV1	8001	-	562	132383254	26322
chr3	107993020	108193020	harbor2	chr3	107999206	107999772	LTR/ERV1	3025	-	283	107999489	6469
chr3	107993020	108193020	harbor2	chr3	108000077	108000308	LTR/ERV1	1208	-	116	108000193	7173
chr3	107993020	108193020	harbor2	chr3	108022092	108022755	LTR/ERV1	3532	-	332	108022424	29404
chr3	127490780	127690780	harbor2	chr3	127510524	127511013	LTR/ERV1	1346	-	244	127510768	19988
chr3	140273579	140473579	harbor2	chr3	140351219	140351522	LTR/ERV1	729	-	152	140351371	77792
chr3	49369842	49569842	harbor2	chr3	49441241	49441334	LTR/ERV1	612	-	46	49441287	71445
chr3	49369842	49569842	harbor2	chr3	49443587	49443686	LTR/ERV1	1286	-	50	49443637	73795
chr3	49369842	49569842	harbor2	chr3	49443814	49443887	LTR/ERV1	1286	-	36	49443850	74008
chr3	49369842	49569842	harbor2	chr3	49444174	49444303	LTR/ERV1	1286	-	64	49444238	74396
chr3	49369842	49569842	harbor2	chr3	49445651	49445725	LTR/ERV1	1057	-	37	49445688	75846
chr3	49369842	49569842	harbor2	chr3	49446031	49446240	LTR/ERV1	1223	-	104	49446135	76293
chr3	49369842	49569842	harbor2	chr3	49446553	49446708	LTR/ERV1	1223	-	78	49446631	76789
chr3	143035218	143235218	harbor2	chr3	143072320	143072752	LTR/ERV1	2547	-	216	143072536	37318
chr3	143035218	143235218	harbor2	chr3	143116997	143117412	LTR/ERV1	2812	-	208	143117205	81987
chr3	108053599	108253599	harbor2	chr3	108136330	108136946	LTR/ERV1	4259	-	308	108136638	83039
chr3	107992017	108192017	harbor2	chr3	107999206	107999772	LTR/ERV1	3025	-	283	107999489	7472
chr3	107992017	108192017	harbor2	chr3	108000077	108000308	LTR/ERV1	1208	-	116	108000193	8176
chr3	107992017	108192017	harbor2	chr3	108022092	108022755	LTR/ERV1	3532	-	332	108022424	30407
chr3	23724816	23924816	harbor2	chr3	23731531	23731803	LTR/ERV1	874	-	136	23731667	6851
chr3	126375275	126575275	harbor2	chr3	126381238	126381715	LTR/ERV1	2342	-	238	126381476	6201
chr3	126375275	126575275	harbor2	chr3	126404250	126404682	LTR/ERV1	2144	-	216	126404466	29191
chr3	108122047	108322047	harbor2	chr3	108136330	108136946	LTR/ERV1	4259	-	308	108136638	14591
chr3	52085449	52285449	harbor2	chr3	52161424	52161549	LTR/ERV1	6663	-	62	52161486	76037
chr3	52085449	52285449	harbor2	chr3	52161856	52162861	LTR/ERV1	6663	-	502	52162358	76909
chr3	184086443	184286443	harbor2	chr3	184086602	184086732	LTR/ERV1	486	-	65	184086667	224
chr3	184086443	184286443	harbor2	chr3	184087522	184088283	LTR/ERV1	7127	-	380	184087902	1459
chr3	184086443	184286443	harbor2	chr3	184088595	184089115	LTR/ERV1	7127	-	260	184088855	2412
chr3	184086443	184286443	harbor2	chr3	184089416	184089575	LTR/ERV1	7127	-	80	184089496	3053
chr3	184086443	184286443	harbor2	chr3	184089629	184089871	LTR/ERV1	1012	-	121	184089750	3307
chr3	153062933	153262933	harbor2	chr3	153154904	153156285	LTR/ERV1	9966	-	690	153155594	92661
chr3	187645815	187845815	harbor2	chr3	187689791	187690326	LTR/ERV1	2391	-	268	187690059	44244
chr3	187645815	187845815	harbor2	chr3	187713356	187713930	LTR/ERV1	3437	-	287	187713643	67828
chr3	108053564	108253564	harbor2	chr3	108136330	108136946	LTR/ERV1	4259	-	308	108136638	83074
chr3	127270146	127470146	harbor2	chr3	127315930	127316095	LTR/ERV1	501	-	82	127316012	45866
chr3	127270146	127470146	harbor2	chr3	127316383	127316632	LTR/ERV1	501	-	124	127316507	46361
chr3	127270146	127470146	harbor2	chr3	127355051	127355542	LTR/ERV1	2958	-	246	127355297	85151
chr3	107996441	108196441	harbor2	chr3	107999206	107999772	LTR/ERV1	3025	-	283	107999489	3048
chr3	107996441	108196441	harbor2	chr3	108000077	108000308	LTR/ERV1	1208	-	116	108000193	3752
chr3	107996441	108196441	harbor2	chr3	108022092	108022755	LTR/ERV1	3532	-	332	108022424	25983
chr3	107993193	108193193	harbor2	chr3	107999206	107999772	LTR/ERV1	3025	-	283	107999489	6296
chr3	107993193	108193193	harbor2	chr3	108000077	108000308	LTR/ERV1	1208	-	116	108000193	7000
chr3	107993193	108193193	harbor2	chr3	108022092	108022755	LTR/ERV1	3532	-	332	108022424	29231
chr3	107996552	108196552	harbor2	chr3	107999206	107999772	LTR/ERV1	3025	-	283	107999489	2937
chr3	107996552	108196552	harbor2	chr3	108000077	108000308	LTR/ERV1	1208	-	116	108000193	3641
chr3	107996552	108196552	harbor2	chr3	108022092	108022755	LTR/ERV1	3532	-	332	108022424	25872
chr3	23715795	23915795	harbor2	chr3	23731531	23731803	LTR/ERV1	874	-	136	23731667	15872
chr3	108018365	108218365	harbor2	chr3	108022092	108022755	LTR/ERV1	3532	-	332	108022424	4059
chr3	107992129	108192129	harbor2	chr3	107999206	107999772	LTR/ERV1	3025	-	283	107999489	7360
chr3	107992129	108192129	harbor2	chr3	108000077	108000308	LTR/ERV1	1208	-	116	108000193	8064
chr3	107992129	108192129	harbor2	chr3	108022092	108022755	LTR/ERV1	3532	-	332	108022424	30295
chr3	107993138	108193138	harbor2	chr3	107999206	107999772	LTR/ERV1	3025	-	283	107999489	6351
chr3	107993138	108193138	harbor2	chr3	108000077	108000308	LTR/ERV1	1208	-	116	108000193	7055
chr3	107993138	108193138	harbor2	chr3	108022092	108022755	LTR/ERV1	3532	-	332	108022424	29286
chr3	129022332	129222332	harbor2	chr3	129023081	129023191	LTR/ERV1	639	-	55	129023136	804
chr3	129022332	129222332	harbor2	chr3	129023190	129023307	LTR/ERV1	601	-	58	129023248	916
chr3	129022332	129222332	harbor2	chr3	129023632	129023655	LTR/ERV1	601	-	12	129023644	1312
chr3	129022332	129222332	harbor2	chr3	129053777	129053973	LTR/ERV1	4636	-	98	129053875	31543
chr3	129022332	129222332	harbor2	chr3	129054560	129055271	LTR/ERV1	4636	-	356	129054916	32584
chr3	129022332	129222332	harbor2	chr3	129067540	129068844	LTR/ERV1	8517	-	652	129068192	45860
chr3	129022332	129222332	harbor2	chr3	129070445	129070910	LTR/ERV1	3260	-	232	129070677	48345
chr3	129022332	129222332	harbor2	chr3	129079995	129080291	LTR/ERV1	2177	-	148	129080143	57811
chr3	129022332	129222332	harbor2	chr3	129080601	129080756	LTR/ERV1	2177	-	78	129080679	58347
chr3	196218304	196418304	harbor2	chr3	196272826	196274415	LTR/ERV1	8187	-	794	196273620	55316
chr3	53155971	53355971	harbor2	chr3	53208811	53208894	LTR/ERV1	572	-	42	53208853	52882
chr3	53155971	53355971	harbor2	chr3	53209108	53209357	LTR/ERV1	988	-	124	53209232	53261
chr3	53155971	53355971	harbor2	chr3	53209845	53210298	LTR/ERV1	1589	-	226	53210071	54100
chr3	123552608	123752608	harbor2	chr3	123586843	123587243	LTR/ERV1	2149	-	200	123587043	34435
chr3	123552608	123752608	harbor2	chr3	123587283	123587993	LTR/ERV1	2502	-	355	123587638	35030
chr3	123552608	123752608	harbor2	chr3	123588911	123588992	LTR/ERV1	589	-	40	123588951	36343
chr3	107992955	108192955	harbor2	chr3	107999206	107999772	LTR/ERV1	3025	-	283	107999489	6534
chr3	107992955	108192955	harbor2	chr3	108000077	108000308	LTR/ERV1	1208	-	116	108000193	7238
chr3	107992955	108192955	harbor2	chr3	108022092	108022755	LTR/ERV1	3532	-	332	108022424	29469
chr3	108004632	108204632	harbor2	chr3	108022092	108022755	LTR/ERV1	3532	-	332	108022424	17792
chr3	107992065	108192065	harbor2	chr3	107999206	107999772	LTR/ERV1	3025	-	283	107999489	7424
chr3	107992065	108192065	harbor2	chr3	108000077	108000308	LTR/ERV1	1208	-	116	108000193	8128
chr3	107992065	108192065	harbor2	chr3	108022092	108022755	LTR/ERV1	3532	-	332	108022424	30359
chr3	123560147	123760147	harbor2	chr3	123586843	123587243	LTR/ERV1	2149	-	200	123587043	26896
chr3	123560147	123760147	harbor2	chr3	123587283	123587993	LTR/ERV1	2502	-	355	123587638	27491
chr3	123560147	123760147	harbor2	chr3	123588911	123588992	LTR/ERV1	589	-	40	123588951	28804
chr3	107992067	108192067	harbor2	chr3	107999206	107999772	LTR/ERV1	3025	-	283	107999489	7422
chr3	107992067	108192067	harbor2	chr3	108000077	108000308	LTR/ERV1	1208	-	116	108000193	8126
chr3	107992067	108192067	harbor2	chr3	108022092	108022755	LTR/ERV1	3532	-	332	108022424	30357
chr3	157028447	157228447	harbor2	chr3	157118190	157118630	LTR/ERV1	3330	-	220	157118410	89963
chr3	142864715	143064715	harbor2	chr3	142906887	142907276	LTR/ERV1	3338	-	194	142907081	42366
chr3	142864715	143064715	harbor2	chr3	142907574	142907764	LTR/ERV1	3338	-	95	142907669	42954
chr3	142864715	143064715	harbor2	chr3	142945125	142945893	LTR/ERV1	4782	-	384	142945509	80794
chr3	142864715	143064715	harbor2	chr3	142946603	142947156	LTR/ERV1	4136	-	276	142946879	82164
chr3	128484655	128684655	harbor2	chr3	128581508	128581935	LTR/ERV1	2623	-	214	128581722	97067
chr3	193982932	194182932	harbor2	chr3	194027043	194027516	LTR/ERV1	2547	-	236	194027279	44347
chr3	198091436	198291436	harbor2	chr3	198115983	198116120	LTR/ERV1	747	-	68	198116051	24615
chr3	198091436	198291436	harbor2	chr3	198158865	198159445	LTR/ERV1	4194	-	290	198159155	67719
chr3	198091436	198291436	harbor2	chr3	198159992	198160070	LTR/ERV1	430	-	39	198160031	68595
chr3	198091436	198291436	harbor2	chr3	198160058	198160367	LTR/ERV1	989	-	154	198160212	68776
chr3	198091436	198291436	harbor2	chr3	198160720	198160844	LTR/ERV1	511	-	62	198160782	69346
chr3	198091436	198291436	harbor2	chr3	198160886	198161202	LTR/ERV1	701	-	158	198161044	69608
chr3	198091436	198291436	harbor2	chr3	198161204	198161325	LTR/ERV1	563	-	60	198161264	69828
chr3	198091436	198291436	harbor2	chr3	198162925	198163540	LTR/ERV1	3331	-	308	198163233	71797
chr3	107993135	108193135	harbor2	chr3	107999206	107999772	LTR/ERV1	3025	-	283	107999489	6354
chr3	107993135	108193135	harbor2	chr3	108000077	108000308	LTR/ERV1	1208	-	116	108000193	7058
chr3	107993135	108193135	harbor2	chr3	108022092	108022755	LTR/ERV1	3532	-	332	108022424	29289
chr3	116673098	116873098	harbor2	chr3	116697238	116697980	LTR/ERV1	4157	-	371	116697609	24511
chr3	116673098	116873098	harbor2	chr3	116753650	116753975	LTR/ERV1	1441	-	162	116753812	80714
chr3	127490762	127690762	harbor2	chr3	127510524	127511013	LTR/ERV1	1346	-	244	127510768	20006
chr3	196218330	196418330	harbor2	chr3	196272826	196274415	LTR/ERV1	8187	-	794	196273620	55290
chr3	107992061	108192061	harbor2	chr3	107999206	107999772	LTR/ERV1	3025	-	283	107999489	7428
chr3	107992061	108192061	harbor2	chr3	108000077	108000308	LTR/ERV1	1208	-	116	108000193	8132
chr3	107992061	108192061	harbor2	chr3	108022092	108022755	LTR/ERV1	3532	-	332	108022424	30363
chr3	36670495	36870495	harbor2	chr3	36674230	36674758	LTR/ERV1	3959	-	264	36674494	3999
chr3	36670495	36870495	harbor2	chr3	36675239	36675408	LTR/ERV1	3959	-	84	36675323	4828
chr3	36670495	36870495	harbor2	chr3	36693637	36693976	LTR/ERV1	993	-	170	36693807	23312
chr3	36670495	36870495	harbor2	chr3	36736034	36736575	LTR/ERV1	2012	-	270	36736304	65809
chr3	36670495	36870495	harbor2	chr3	36747185	36747792	LTR/ERV1	2181	-	304	36747489	76994
chr3	36670495	36870495	harbor2	chr3	36765211	36765387	LTR/ERV1	943	-	88	36765299	94804
chr3	107992090	108192090	harbor2	chr3	107999206	107999772	LTR/ERV1	3025	-	283	107999489	7399
chr3	107992090	108192090	harbor2	chr3	108000077	108000308	LTR/ERV1	1208	-	116	108000193	8103
chr3	107992090	108192090	harbor2	chr3	108022092	108022755	LTR/ERV1	3532	-	332	108022424	30334
chr3	108053563	108253563	harbor2	chr3	108136330	108136946	LTR/ERV1	4259	-	308	108136638	83075
chr3	123544944	123744944	harbor2	chr3	123586843	123587243	LTR/ERV1	2149	-	200	123587043	42099
chr3	123544944	123744944	harbor2	chr3	123587283	123587993	LTR/ERV1	2502	-	355	123587638	42694
chr3	123544944	123744944	harbor2	chr3	123588911	123588992	LTR/ERV1	589	-	40	123588951	44007
chr3	108053682	108253682	harbor2	chr3	108136330	108136946	LTR/ERV1	4259	-	308	108136638	82956
chr3	107993195	108193195	harbor2	chr3	107999206	107999772	LTR/ERV1	3025	-	283	107999489	6294
chr3	107993195	108193195	harbor2	chr3	108000077	108000308	LTR/ERV1	1208	-	116	108000193	6998
chr3	107993195	108193195	harbor2	chr3	108022092	108022755	LTR/ERV1	3532	-	332	108022424	29229
chr3	138339763	138539763	harbor2	chr3	138409885	138410421	LTR/ERV1	3999	-	268	138410153	70390
chr3	138339763	138539763	harbor2	chr3	138415984	138416127	LTR/ERV1	1948	-	72	138416056	76293
chr3	138339763	138539763	harbor2	chr3	138416411	138416660	LTR/ERV1	1948	-	124	138416535	76772
chr3	138339763	138539763	harbor2	chr3	138419504	138419679	LTR/ERV1	2504	-	88	138419592	79829
chr3	138339763	138539763	harbor2	chr3	138420400	138420527	LTR/ERV1	2504	-	64	138420464	80701
chr3	138339763	138539763	harbor2	chr3	138420528	138421087	LTR/ERV1	5993	-	280	138420808	81045
chr3	138339763	138539763	harbor2	chr3	138421374	138421707	LTR/ERV1	5993	-	166	138421540	81777
chr3	138339763	138539763	harbor2	chr3	138421708	138421824	LTR/ERV1	2504	-	58	138421766	82003
chr3	138339763	138539763	harbor2	chr3	138422287	138422940	LTR/ERV1	3081	-	326	138422613	82850
chr3	138339763	138539763	harbor2	chr3	138425206	138425753	LTR/ERV1	4175	-	274	138425480	85717
chr3	108000209	108200209	harbor2	chr3	108000077	108000308	LTR/ERV1	1208	-	116	108000193	16
chr3	108000209	108200209	harbor2	chr3	108022092	108022755	LTR/ERV1	3532	-	332	108022424	22215
chr3	182693462	182893462	harbor2	chr3	182699036	182699405	LTR/ERV1	2064	-	184	182699220	5758
chr3	182693462	182893462	harbor2	chr3	182699441	182699542	LTR/ERV1	417	-	50	182699491	6029
chr3	182693462	182893462	harbor2	chr3	182699545	182699829	LTR/ERV1	629	-	142	182699687	6225
chr3	182693462	182893462	harbor2	chr3	182699830	182700591	LTR/ERV1	4281	-	380	182700210	6748
chr3	182693462	182893462	harbor2	chr3	182716090	182716410	LTR/ERV1	1958	-	160	182716250	22788
chr3	182693462	182893462	harbor2	chr3	182716415	182719149	LTR/ERV1	23856	-	1367	182717782	24320
chr3	182693462	182893462	harbor2	chr3	182719460	182720473	LTR/ERV1	23856	-	506	182719966	26504
chr3	182693462	182893462	harbor2	chr3	182720782	182721033	LTR/ERV1	23856	-	126	182720908	27446
chr3	182693462	182893462	harbor2	chr3	182721313	182721618	LTR/ERV1	23856	-	152	182721465	28003
chr3	182693462	182893462	harbor2	chr3	182721936	182723343	LTR/ERV1	23856	-	704	182722640	29178
chr3	182693462	182893462	harbor2	chr3	182723323	182723968	LTR/ERV1	3868	-	322	182723645	30183
chr3	182693462	182893462	harbor2	chr3	182724031	182724613	LTR/ERV1	3169	-	291	182724322	30860
chr3	182693462	182893462	harbor2	chr3	182724926	182725114	LTR/ERV1	3169	-	94	182725020	31558
chr3	182693462	182893462	harbor2	chr3	182725315	182726346	LTR/ERV1	2900	-	516	182725831	32369
chr3	182693462	182893462	harbor2	chr3	182726376	182727157	LTR/ERV1	5037	-	390	182726766	33304
chr3	182693462	182893462	harbor2	chr3	182742731	182743158	LTR/ERV1	3357	-	214	182742945	49483
chr3	182693462	182893462	harbor2	chr3	182753180	182753584	LTR/ERV1	1674	-	202	182753382	59920
chr3	182693462	182893462	harbor2	chr3	182753888	182754313	LTR/ERV1	1674	-	212	182754100	60638
chr3	182693462	182893462	harbor2	chr3	182754665	182754932	LTR/ERV1	1674	-	134	182754799	61337
chr3	23711708	23911708	harbor2	chr3	23731531	23731803	LTR/ERV1	874	-	136	23731667	19959
chr3	23710838	23910838	harbor2	chr3	23731531	23731803	LTR/ERV1	874	-	136	23731667	20829
chr3	52126019	52326019	harbor2	chr3	52161424	52161549	LTR/ERV1	6663	-	62	52161486	35467
chr3	52126019	52326019	harbor2	chr3	52161856	52162861	LTR/ERV1	6663	-	502	52162358	36339
chr3	131281884	131481884	harbor2	chr3	131324022	131324233	LTR/ERV1	626	-	106	131324128	42244
chr3	131281884	131481884	harbor2	chr3	131324217	131324317	LTR/ERV1	468	-	50	131324267	42383
chr3	131281884	131481884	harbor2	chr3	131350851	131351071	LTR/ERV1	1994	-	110	131350961	69077
chr3	131281884	131481884	harbor2	chr3	131351496	131351760	LTR/ERV1	1994	-	132	131351628	69744
chr3	184086432	184286432	harbor2	chr3	184086602	184086732	LTR/ERV1	486	-	65	184086667	235
chr3	184086432	184286432	harbor2	chr3	184087522	184088283	LTR/ERV1	7127	-	380	184087902	1470
chr3	184086432	184286432	harbor2	chr3	184088595	184089115	LTR/ERV1	7127	-	260	184088855	2423
chr3	184086432	184286432	harbor2	chr3	184089416	184089575	LTR/ERV1	7127	-	80	184089496	3064
chr3	184086432	184286432	harbor2	chr3	184089629	184089871	LTR/ERV1	1012	-	121	184089750	3318
chr3	108359237	108559237	harbor2	chr3	108422955	108423279	LTR/ERV1	2044	-	162	108423117	63880
chr3	183916164	184116164	harbor2	chr3	183954702	183955542	LTR/ERV1	4239	-	420	183955122	38958
chr3	148724778	148924778	harbor2	chr3	148753232	148753759	LTR/ERV1	3765	-	264	148753496	28718
chr3	148724778	148924778	harbor2	chr3	148803122	148803622	LTR/ERV1	2881	-	250	148803372	78594
chr3	148724778	148924778	harbor2	chr3	148803623	148803839	LTR/ERV1	4136	-	108	148803731	78953
chr3	148724778	148924778	harbor2	chr3	148803869	148804877	LTR/ERV1	4136	-	504	148804373	79595
chr3	148724778	148924778	harbor2	chr3	148805152	148805432	LTR/ERV1	5775	-	140	148805292	80514
chr3	148724778	148924778	harbor2	chr3	148805708	148807377	LTR/ERV1	5775	-	834	148806542	81764
chr3	148724778	148924778	harbor2	chr3	148807459	148807642	LTR/ERV1	732	-	92	148807551	82773
chr3	148724778	148924778	harbor2	chr3	148807630	148808882	LTR/ERV1	1457	-	626	148808256	83478
chr3	148724778	148924778	harbor2	chr3	148808884	148809414	LTR/ERV1	3079	-	265	148809149	84371
chr3	148724778	148924778	harbor2	chr3	148818120	148818622	LTR/ERV1	2126	-	251	148818371	93593
chr3	148724778	148924778	harbor2	chr3	148819439	148819815	LTR/ERV1	2603	-	188	148819627	94849
chr3	148724778	148924778	harbor2	chr3	148820852	148821412	LTR/ERV1	3160	-	280	148821132	96354
chr3	148724778	148924778	harbor2	chr3	148822451	148823186	LTR/ERV1	3382	-	368	148822819	98041
chr3	129875421	130075421	harbor2	chr3	129925668	129925974	LTR/ERV1	410	-	153	129925821	50400
chr3	129875421	130075421	harbor2	chr3	129926053	129926459	LTR/ERV1	824	-	203	129926256	50835
chr3	129875421	130075421	harbor2	chr3	129926752	129926851	LTR/ERV1	824	-	50	129926802	51381
chr3	129875421	130075421	harbor2	chr3	129936676	129937322	LTR/ERV1	3153	-	323	129936999	61578
chr3	129875421	130075421	harbor2	chr3	129946111	129946675	LTR/ERV1	2968	-	282	129946393	70972
chr3	129875421	130075421	harbor2	chr3	129908279	129908832	LTR/ERV1	2991	-	276	129908555	33134
chr3	182693567	182893567	harbor2	chr3	182699036	182699405	LTR/ERV1	2064	-	184	182699220	5653
chr3	182693567	182893567	harbor2	chr3	182699441	182699542	LTR/ERV1	417	-	50	182699491	5924
chr3	182693567	182893567	harbor2	chr3	182699545	182699829	LTR/ERV1	629	-	142	182699687	6120
chr3	182693567	182893567	harbor2	chr3	182699830	182700591	LTR/ERV1	4281	-	380	182700210	6643
chr3	182693567	182893567	harbor2	chr3	182716090	182716410	LTR/ERV1	1958	-	160	182716250	22683
chr3	182693567	182893567	harbor2	chr3	182716415	182719149	LTR/ERV1	23856	-	1367	182717782	24215
chr3	182693567	182893567	harbor2	chr3	182719460	182720473	LTR/ERV1	23856	-	506	182719966	26399
chr3	182693567	182893567	harbor2	chr3	182720782	182721033	LTR/ERV1	23856	-	126	182720908	27341
chr3	182693567	182893567	harbor2	chr3	182721313	182721618	LTR/ERV1	23856	-	152	182721465	27898
chr3	182693567	182893567	harbor2	chr3	182721936	182723343	LTR/ERV1	23856	-	704	182722640	29073
chr3	182693567	182893567	harbor2	chr3	182723323	182723968	LTR/ERV1	3868	-	322	182723645	30078
chr3	182693567	182893567	harbor2	chr3	182724031	182724613	LTR/ERV1	3169	-	291	182724322	30755
chr3	182693567	182893567	harbor2	chr3	182724926	182725114	LTR/ERV1	3169	-	94	182725020	31453
chr3	182693567	182893567	harbor2	chr3	182725315	182726346	LTR/ERV1	2900	-	516	182725831	32264
chr3	182693567	182893567	harbor2	chr3	182726376	182727157	LTR/ERV1	5037	-	390	182726766	33199
chr3	182693567	182893567	harbor2	chr3	182742731	182743158	LTR/ERV1	3357	-	214	182742945	49378
chr3	182693567	182893567	harbor2	chr3	182753180	182753584	LTR/ERV1	1674	-	202	182753382	59815
chr3	182693567	182893567	harbor2	chr3	182753888	182754313	LTR/ERV1	1674	-	212	182754100	60533
chr3	182693567	182893567	harbor2	chr3	182754665	182754932	LTR/ERV1	1674	-	134	182754799	61232
chr3	127490198	127690198	harbor2	chr3	127510524	127511013	LTR/ERV1	1346	-	244	127510768	20570
chr3	123518827	123718827	harbor2	chr3	123586843	123587243	LTR/ERV1	2149	-	200	123587043	68216
chr3	123518827	123718827	harbor2	chr3	123587283	123587993	LTR/ERV1	2502	-	355	123587638	68811
chr3	123518827	123718827	harbor2	chr3	123588911	123588992	LTR/ERV1	589	-	40	123588951	70124
chr3	196218333	196418333	harbor2	chr3	196272826	196274415	LTR/ERV1	8187	-	794	196273620	55287
chr3	108053525	108253525	harbor2	chr3	108136330	108136946	LTR/ERV1	4259	-	308	108136638	83113
chr3	195800094	196000094	harbor2	chr3	195848333	195848428	LTR/ERV1	4079	-	48	195848381	48287
chr3	195800094	196000094	harbor2	chr3	195848746	195849203	LTR/ERV1	4079	-	228	195848974	48880
chr3	127581132	127781132	harbor2	chr3	127592292	127592367	LTR/ERV1	2931	-	38	127592330	11198
chr3	127581132	127781132	harbor2	chr3	127592685	127593007	LTR/ERV1	2931	-	161	127592846	11714
chr4	39082469	39282469	harbor2	chr4	39157362	39157819	LTR/ERV1	1456	-	228	39157590	75121
chr4	98161348	98361348	harbor2	chr4	98174131	98174755	LTR/ERV1	4587	-	312	98174443	13095
chr4	98161348	98361348	harbor2	chr4	98193578	98194200	LTR/ERV1	3102	-	311	98193889	32541
chr4	3569998	3769998	harbor2	chr4	3620216	3620860	LTR/ERV1	3922	-	322	3620538	50540
chr4	3569998	3769998	harbor2	chr4	3655688	3655979	LTR/ERV1	936	-	146	3655834	85836
chr4	3569998	3769998	harbor2	chr4	3659046	3659216	LTR/ERV1	716	-	85	3659131	89133
chr4	38573365	38773365	harbor2	chr4	38606616	38607426	LTR/ERV1	5115	-	405	38607021	33656
chr4	176095954	176295954	harbor2	chr4	176189809	176190268	LTR/ERV1	3510	-	230	176190039	94085
chr4	55295797	55495797	harbor2	chr4	55336659	55337053	LTR/ERV1	2243	-	197	55336856	41059
chr4	55295797	55495797	harbor2	chr4	55375041	55375371	LTR/ERV1	1451	-	165	55375206	79409
chr4	120823311	121023311	harbor2	chr4	120838707	120840144	LTR/ERV1	6724	-	718	120839425	16114
chr4	120823311	121023311	harbor2	chr4	120918875	120919047	LTR/ERV1	729	-	86	120918961	95650
chr4	189959153	190159153	harbor2	chr4	189985004	189986585	LTR/ERV1	9587	-	790	189985794	26641
chr4	189959153	190159153	harbor2	chr4	189992482	189992806	LTR/ERV1	564	-	162	189992644	33491
chr4	189959153	190159153	harbor2	chr4	190016260	190016658	LTR/ERV1	3078	-	199	190016459	57306
chr4	189959153	190159153	harbor2	chr4	190045737	190046394	LTR/ERV1	3011	-	328	190046065	86912
chr4	189959153	190159153	harbor2	chr4	190047006	190048154	LTR/ERV1	1851	-	574	190047580	88427
chr4	189959153	190159153	harbor2	chr4	190048155	190048627	LTR/ERV1	2998	-	236	190048391	89238
chr4	189959153	190159153	harbor2	chr4	189987237	189989814	LTR/ERV1	9587	-	1288	189988525	29372
chr4	8058806	8258806	harbor2	chr4	8094303	8094765	LTR/ERV1	3915	-	231	8094534	35728
chr4	120822652	121022652	harbor2	chr4	120838707	120840144	LTR/ERV1	6724	-	718	120839425	16773
chr4	120822652	121022652	harbor2	chr4	120918875	120919047	LTR/ERV1	729	-	86	120918961	96309
chr4	122858241	123058241	harbor2	chr4	122904861	122905251	LTR/ERV1	2688	-	195	122905056	46815
chr4	187837772	188037772	harbor2	chr4	187856004	187856453	LTR/ERV1	2387	-	224	187856228	18456
chr4	187837772	188037772	harbor2	chr4	187901899	187902489	LTR/ERV1	4664	-	295	187902194	64422
chr4	6251701	6451701	harbor2	chr4	6308326	6309594	LTR/ERV1	7278	-	634	6308960	57259
chr4	17477327	17677327	harbor2	chr4	17516835	17517419	LTR/ERV1	2016	-	292	17517127	39800
chr4	17477327	17677327	harbor2	chr4	17521558	17522014	LTR/ERV1	2708	-	228	17521786	44459
chr4	17477327	17677327	harbor2	chr4	17535617	17535701	LTR/ERV1	649	-	42	17535659	58332
chr4	17477327	17677327	harbor2	chr4	17535833	17536321	LTR/ERV1	3002	-	244	17536077	58750
chr4	17477327	17677327	harbor2	chr4	17567133	17567611	LTR/ERV1	2803	-	239	17567372	90045
chr4	17477327	17677327	harbor2	chr4	17569826	17570456	LTR/ERV1	3909	-	315	17570141	92814
chr4	17477327	17677327	harbor2	chr4	17570659	17570903	LTR/ERV1	678	-	122	17570781	93454
chr4	17477327	17677327	harbor2	chr4	17571208	17571260	LTR/ERV1	678	-	26	17571234	93907
chr4	7569422	7769422	harbor2	chr4	7597717	7597908	LTR/ERV1	515	-	96	7597813	28391
chr4	7569422	7769422	harbor2	chr4	7665847	7666343	LTR/ERV1	1261	-	248	7666095	96673
chr4	1215637	1415637	harbor2	chr4	1285835	1286689	LTR/ERV1	6213	-	427	1286262	70625
chr4	1215637	1415637	harbor2	chr4	1286999	1287214	LTR/ERV1	6213	-	108	1287107	71470
chr4	120879554	121079554	harbor2	chr4	120918875	120919047	LTR/ERV1	729	-	86	120918961	39407
chr4	120879554	121079554	harbor2	chr4	120929591	120929978	LTR/ERV1	758	-	194	120929785	50231
chr4	120879554	121079554	harbor2	chr4	120930453	120930847	LTR/ERV1	1150	-	197	120930650	51096
chr4	120879554	121079554	harbor2	chr4	120960633	120961233	LTR/ERV1	3959	-	300	120960933	81379
chr4	120879554	121079554	harbor2	chr4	120965974	120966433	LTR/ERV1	2169	-	230	120966204	86650
chr4	120879554	121079554	harbor2	chr4	120930004	120930385	LTR/ERV1	1137	-	190	120930194	50640
chr4	2701308	2901308	harbor2	chr4	2723588	2723761	LTR/ERV1	814	-	86	2723674	22366
chr4	2701308	2901308	harbor2	chr4	2723967	2724555	LTR/ERV1	1367	-	294	2724261	22953
chr4	2701308	2901308	harbor2	chr4	2762354	2763411	LTR/ERV1	5342	-	528	2762882	61574
chr4	2701308	2901308	harbor2	chr4	2777383	2777704	LTR/ERV1	4667	-	160	2777543	76235
chr4	2701308	2901308	harbor2	chr4	2778017	2778446	LTR/ERV1	4418	-	214	2778231	76923
chr4	2701308	2901308	harbor2	chr4	2778447	2778992	LTR/ERV1	3452	-	272	2778719	77411
chr4	2701308	2901308	harbor2	chr4	2779305	2779398	LTR/ERV1	3452	-	46	2779351	78043
chr4	2701308	2901308	harbor2	chr4	2779399	2779492	LTR/ERV1	528	-	46	2779445	78137
chr4	2701308	2901308	harbor2	chr4	2779732	2779797	LTR/ERV1	960	-	32	2779764	78456
chr4	2701308	2901308	harbor2	chr4	2780098	2780177	LTR/ERV1	960	-	40	2780138	78830
chr4	2701308	2901308	harbor2	chr4	2780489	2780910	LTR/ERV1	4559	-	210	2780699	79391
chr4	2701308	2901308	harbor2	chr4	2781147	2781236	LTR/ERV1	4559	-	44	2781191	79883
chr4	2701308	2901308	harbor2	chr4	2781276	2781930	LTR/ERV1	4559	-	327	2781603	80295
chr4	2701308	2901308	harbor2	chr4	2781934	2782408	LTR/ERV1	3407	-	237	2782171	80863
chr4	6889753	7089753	harbor2	chr4	6985403	6985819	LTR/ERV1	951	-	208	6985611	95858
chr4	86792393	86992393	harbor2	chr4	86815667	86816185	LTR/ERV1	1358	-	259	86815926	23533
chr4	86792393	86992393	harbor2	chr4	86817822	86818265	LTR/ERV1	3065	-	222	86818044	25651
chr4	551216	751216	harbor2	chr4	559639	559741	LTR/ERV1	762	-	51	559690	8474
chr4	3394897	3594897	harbor2	chr4	3451969	3452553	LTR/ERV1	3323	-	292	3452261	57364
chr4	1482489	1682489	harbor2	chr4	1497698	1498454	LTR/ERV1	4848	-	378	1498076	15587
chr4	1482489	1682489	harbor2	chr4	1504524	1504969	LTR/ERV1	2204	-	222	1504746	22257
chr4	1482489	1682489	harbor2	chr4	1538555	1539204	LTR/ERV1	4270	-	324	1538879	56390
chr4	189959360	190159360	harbor2	chr4	189985004	189986585	LTR/ERV1	9587	-	790	189985794	26434
chr4	189959360	190159360	harbor2	chr4	189992482	189992806	LTR/ERV1	564	-	162	189992644	33284
chr4	189959360	190159360	harbor2	chr4	190016260	190016658	LTR/ERV1	3078	-	199	190016459	57099
chr4	189959360	190159360	harbor2	chr4	190045737	190046394	LTR/ERV1	3011	-	328	190046065	86705
chr4	189959360	190159360	harbor2	chr4	190047006	190048154	LTR/ERV1	1851	-	574	190047580	88220
chr4	189959360	190159360	harbor2	chr4	190048155	190048627	LTR/ERV1	2998	-	236	190048391	89031
chr4	189959360	190159360	harbor2	chr4	189987237	189989814	LTR/ERV1	9587	-	1288	189988525	29165
chr4	55296360	55496360	harbor2	chr4	55336659	55337053	LTR/ERV1	2243	-	197	55336856	40496
chr4	55296360	55496360	harbor2	chr4	55375041	55375371	LTR/ERV1	1451	-	165	55375206	78846
chr4	189957449	190157449	harbor2	chr4	189985004	189986585	LTR/ERV1	9587	-	790	189985794	28345
chr4	189957449	190157449	harbor2	chr4	189992482	189992806	LTR/ERV1	564	-	162	189992644	35195
chr4	189957449	190157449	harbor2	chr4	190016260	190016658	LTR/ERV1	3078	-	199	190016459	59010
chr4	189957449	190157449	harbor2	chr4	190045737	190046394	LTR/ERV1	3011	-	328	190046065	88616
chr4	189957449	190157449	harbor2	chr4	190047006	190048154	LTR/ERV1	1851	-	574	190047580	90131
chr4	189957449	190157449	harbor2	chr4	190048155	190048627	LTR/ERV1	2998	-	236	190048391	90942
chr4	189957449	190157449	harbor2	chr4	189987237	189989814	LTR/ERV1	9587	-	1288	189988525	31076
chr5	171287646	171487646	harbor2	chr5	171382788	171382852	LTR/ERV1	458	-	32	171382820	95174
chr5	10341874	10541874	harbor2	chr5	10423997	10424551	LTR/ERV1	2673	-	277	10424274	82400
chr5	150970772	151170772	harbor2	chr5	150985404	150985898	LTR/ERV1	2563	-	247	150985651	14879
chr5	150970772	151170772	harbor2	chr5	150986467	150986892	LTR/ERV1	2552	-	212	150986679	15907
chr5	150970772	151170772	harbor2	chr5	150986893	150990479	LTR/ERV1	24858	-	1793	150988686	17914
chr5	150970772	151170772	harbor2	chr5	150991474	150991831	LTR/ERV1	24858	-	178	150991652	20880
chr5	150970772	151170772	harbor2	chr5	150991830	150992196	LTR/ERV1	2358	-	183	150992013	21241
chr5	150970772	151170772	harbor2	chr5	150992196	150992655	LTR/ERV1	2582	-	230	150992426	21654
chr5	150970772	151170772	harbor2	chr5	150992754	150993310	LTR/ERV1	3475	-	278	150993032	22260
chr5	150970772	151170772	harbor2	chr5	150993362	150993656	LTR/ERV1	1622	-	147	150993509	22737
chr5	150970772	151170772	harbor2	chr5	150993687	150994175	LTR/ERV1	2325	-	244	150993931	23159
chr5	150970772	151170772	harbor2	chr5	150996546	150996557	LTR/ERV1	15045	-	6	150996552	25780
chr5	150970772	151170772	harbor2	chr5	150996877	150997963	LTR/ERV1	15045	-	543	150997420	26648
chr5	150970772	151170772	harbor2	chr5	150997964	150998319	LTR/ERV1	3181	-	178	150998142	27370
chr5	150970772	151170772	harbor2	chr5	150998631	150998799	LTR/ERV1	3181	-	84	150998715	27943
chr5	150970772	151170772	harbor2	chr5	150994178	150996231	LTR/ERV1	15045	-	1026	150995204	24432
chr5	171288490	171488490	harbor2	chr5	171382788	171382852	LTR/ERV1	458	-	32	171382820	94330
chr5	10341865	10541865	harbor2	chr5	10423997	10424551	LTR/ERV1	2673	-	277	10424274	82409
chr5	41804360	42004360	harbor2	chr5	41880573	41881163	LTR/ERV1	2909	-	295	41880868	76508
chr5	41804360	42004360	harbor2	chr5	41881164	41881535	LTR/ERV1	2297	-	186	41881350	76990
chr5	41804360	42004360	harbor2	chr5	41881638	41882746	LTR/ERV1	6585	-	554	41882192	77832
chr5	41804360	42004360	harbor2	chr5	41882812	41883502	LTR/ERV1	4001	-	345	41883157	78797
chr5	41804360	42004360	harbor2	chr5	41884012	41884127	LTR/ERV1	713	-	58	41884070	79710
chr5	41804360	42004360	harbor2	chr5	41884120	41888465	LTR/ERV1	18561	-	2172	41886292	81932
chr5	41804360	42004360	harbor2	chr5	41888509	41888689	LTR/ERV1	975	-	90	41888599	84239
chr5	41804360	42004360	harbor2	chr5	41889603	41890332	LTR/ERV1	3919	-	364	41889967	85607
chr5	10341837	10541837	harbor2	chr5	10423997	10424551	LTR/ERV1	2673	-	277	10424274	82437
chr5	134425024	134625024	harbor2	chr5	134428982	134429626	LTR/ERV1	3233	-	322	134429304	4280
chr5	134425024	134625024	harbor2	chr5	134440253	134440528	LTR/ERV1	649	-	138	134440391	15367
chr5	6533324	6733324	harbor2	chr5	6545651	6546146	LTR/ERV1	2752	-	248	6545899	12575
chr5	6533324	6733324	harbor2	chr5	6581064	6581344	LTR/ERV1	1719	-	140	6581204	47880
chr5	6533324	6733324	harbor2	chr5	6581510	6581694	LTR/ERV1	1719	-	92	6581602	48278
chr5	52700040	52900040	harbor2	chr5	52769944	52770341	LTR/ERV1	880	-	198	52770142	70102
chr5	52700040	52900040	harbor2	chr5	52798438	52799007	LTR/ERV1	3097	-	284	52798722	98682
chr5	171287662	171487662	harbor2	chr5	171382788	171382852	LTR/ERV1	458	-	32	171382820	95158
chr5	10348809	10548809	harbor2	chr5	10423997	10424551	LTR/ERV1	2673	-	277	10424274	75465
chr5	76930492	77130492	harbor2	chr5	76938126	76938555	LTR/ERV1	2194	-	214	76938340	7848
chr5	76930492	77130492	harbor2	chr5	76941128	76941233	LTR/ERV1	750	-	52	76941180	10688
chr5	76930492	77130492	harbor2	chr5	76965802	76966022	LTR/ERV1	4429	-	110	76965912	35420
chr5	76930492	77130492	harbor2	chr5	76966313	76966722	LTR/ERV1	4429	-	204	76966517	36025
chr5	76930492	77130492	harbor2	chr5	77029186	77029652	LTR/ERV1	2987	-	233	77029419	98927
chr5	154684770	154884770	harbor2	chr5	154693352	154693572	LTR/ERV1	631	-	110	154693462	8692
chr5	154684770	154884770	harbor2	chr5	154696732	154697343	LTR/ERV1	2342	-	306	154697038	12268
chr5	14760188	14960188	harbor2	chr5	14820353	14820783	LTR/ERV1	1835	-	215	14820568	60380
chr5	14760188	14960188	harbor2	chr5	14848944	14849113	LTR/ERV1	1285	-	84	14849028	88840
chr5	42530223	42730223	harbor2	chr5	42604276	42604621	LTR/ERV1	1448	-	172	42604448	74225
chr5	42530223	42730223	harbor2	chr5	42625423	42626101	LTR/ERV1	4707	-	339	42625762	95539
chr5	42530223	42730223	harbor2	chr5	42627487	42627562	LTR/ERV1	1599	-	38	42627525	97302
chr5	42530223	42730223	harbor2	chr5	42627563	42628132	LTR/ERV1	4387	-	284	42627847	97624
chr5	42530223	42730223	harbor2	chr5	42628188	42628380	LTR/ERV1	4387	-	96	42628284	98061
chr5	42530223	42730223	harbor2	chr5	42628381	42628660	LTR/ERV1	1599	-	140	42628521	98298
chr5	42530223	42730223	harbor2	chr5	42628718	42628975	LTR/ERV1	1449	-	128	42628846	98623
chr5	178021742	178221742	harbor2	chr5	178084192	178084462	LTR/ERV1	2411	-	135	178084327	62585
chr5	178021742	178221742	harbor2	chr5	178084732	178084993	LTR/ERV1	2411	-	130	178084862	63120
chr5	178021742	178221742	harbor2	chr5	178103773	178104215	LTR/ERV1	3346	-	221	178103994	82252
chr5	78418676	78618676	harbor2	chr5	78435129	78435206	LTR/ERV1	435	-	38	78435167	16491
chr5	52700035	52900035	harbor2	chr5	52769944	52770341	LTR/ERV1	880	-	198	52770142	70107
chr5	52700035	52900035	harbor2	chr5	52798438	52799007	LTR/ERV1	3097	-	284	52798722	98687
chr5	343134	543134	harbor2	chr5	363168	363866	LTR/ERV1	837	-	349	363517	20383
chr5	79137556	79337556	harbor2	chr5	79201258	79201817	LTR/ERV1	2334	-	280	79201538	63982
chr5	79137556	79337556	harbor2	chr5	79202121	79202188	LTR/ERV1	2334	-	34	79202155	64599
chr5	79137556	79337556	harbor2	chr5	79202192	79202335	LTR/ERV1	719	-	72	79202264	64708
chr5	79137556	79337556	harbor2	chr5	79224086	79224846	LTR/ERV1	3787	-	380	79224466	86910
chr5	10341873	10541873	harbor2	chr5	10423997	10424551	LTR/ERV1	2673	-	277	10424274	82401
chr5	10341897	10541897	harbor2	chr5	10423997	10424551	LTR/ERV1	2673	-	277	10424274	82377
chr5	10341909	10541909	harbor2	chr5	10423997	10424551	LTR/ERV1	2673	-	277	10424274	82365
chr5	12782680	12982680	harbor2	chr5	12852763	12853263	LTR/ERV1	2311	-	250	12853013	70333
chr5	52705069	52905069	harbor2	chr5	52769944	52770341	LTR/ERV1	880	-	198	52770142	65073
chr5	52705069	52905069	harbor2	chr5	52798438	52799007	LTR/ERV1	3097	-	284	52798722	93653
chr5	6617520	6817520	harbor2	chr5	6638013	6638056	LTR/ERV1	1018	-	22	6638035	20515
chr5	6617520	6817520	harbor2	chr5	6638322	6638641	LTR/ERV1	1018	-	160	6638482	20962
chr5	10341893	10541893	harbor2	chr5	10423997	10424551	LTR/ERV1	2673	-	277	10424274	82381
chr5	6630162	6830162	harbor2	chr5	6638013	6638056	LTR/ERV1	1018	-	22	6638035	7873
chr5	6630162	6830162	harbor2	chr5	6638322	6638641	LTR/ERV1	1018	-	160	6638482	8320
chr5	10527792	10727792	harbor2	chr5	10621548	10621773	LTR/ERV1	606	-	112	10621660	93868
chr5	10401998	10601998	harbor2	chr5	10423997	10424551	LTR/ERV1	2673	-	277	10424274	22276
chr5	10401998	10601998	harbor2	chr5	10467338	10467800	LTR/ERV1	2587	-	231	10467569	65571
chr5	37741093	37941093	harbor2	chr5	37758288	37758662	LTR/ERV1	2394	-	187	37758475	17382
chr5	37741093	37941093	harbor2	chr5	37758664	37759157	LTR/ERV1	18656	-	246	37758910	17817
chr5	37741093	37941093	harbor2	chr5	37759739	37762886	LTR/ERV1	18656	-	1574	37761313	20220
chr5	37741093	37941093	harbor2	chr5	37763179	37764152	LTR/ERV1	16805	-	486	37763665	22572
chr5	37741093	37941093	harbor2	chr5	37764356	37764462	LTR/ERV1	7066	-	53	37764409	23316
chr5	37741093	37941093	harbor2	chr5	37765838	37766234	LTR/ERV1	2806	-	198	37766036	24943
chr5	37741093	37941093	harbor2	chr5	37778063	37778518	LTR/ERV1	3633	-	228	37778291	37198
chr5	37741093	37941093	harbor2	chr5	37784043	37784323	LTR/ERV1	45873	-	140	37784183	43090
chr5	37741093	37941093	harbor2	chr5	37784473	37785699	LTR/ERV1	8378	-	613	37785086	43993
chr5	37741093	37941093	harbor2	chr5	37785700	37786157	LTR/ERV1	3693	-	228	37785928	44835
chr5	37741093	37941093	harbor2	chr5	37764767	37765837	LTR/ERV1	7066	-	535	37765302	24209
chr5	37741093	37941093	harbor2	chr5	37778519	37784013	LTR/ERV1	45873	-	2747	37781266	40173
chr5	10661105	10861105	harbor2	chr5	10698749	10699174	LTR/ERV1	2481	-	212	10698961	37856
chr5	147722928	147922928	harbor2	chr5	147790345	147790484	LTR/ERV1	452	-	70	147790415	67487
chr5	147722928	147922928	harbor2	chr5	147819332	147819741	LTR/ERV1	1664	-	204	147819536	96608
chr5	147722928	147922928	harbor2	chr5	147821667	147821983	LTR/ERV1	1296	-	158	147821825	98897
chr5	178133234	178333234	harbor2	chr5	178161713	178161792	LTR/ERV1	437	-	40	178161753	28519
chr5	178133234	178333234	harbor2	chr5	178169687	178170106	LTR/ERV1	2023	-	210	178169897	36663
chr5	178133234	178333234	harbor2	chr5	178170417	178170528	LTR/ERV1	2023	-	56	178170473	37239
chr5	178133234	178333234	harbor2	chr5	178171080	178171589	LTR/ERV1	3698	-	254	178171334	38100
chr5	178133234	178333234	harbor2	chr5	178171898	178172164	LTR/ERV1	3698	-	133	178172031	38797
chr5	178133234	178333234	harbor2	chr5	178172648	178172840	LTR/ERV1	4328	-	96	178172744	39510
chr5	178133234	178333234	harbor2	chr5	178173143	178173252	LTR/ERV1	4328	-	54	178173197	39963
chr5	178133234	178333234	harbor2	chr5	178173860	178174047	LTR/ERV1	4328	-	94	178173954	40720
chr5	178133234	178333234	harbor2	chr5	178174352	178174840	LTR/ERV1	4328	-	244	178174596	41362
chr5	178133234	178333234	harbor2	chr5	178175447	178175524	LTR/ERV1	2575	-	38	178175485	42251
chr5	178133234	178333234	harbor2	chr5	178175826	178175867	LTR/ERV1	2575	-	20	178175846	42612
chr5	178133234	178333234	harbor2	chr5	178176328	178176417	LTR/ERV1	1053	-	44	178176372	43138
chr5	178133234	178333234	harbor2	chr5	178176694	178176961	LTR/ERV1	1053	-	134	178176828	43594
chr5	178133234	178333234	harbor2	chr5	178177802	178177995	LTR/ERV1	453	-	96	178177898	44664
chr5	178133234	178333234	harbor2	chr5	178178053	178178601	LTR/ERV1	2060	-	274	178178327	45093
chr5	178133234	178333234	harbor2	chr5	178189461	178189737	LTR/ERV1	3773	-	138	178189599	56365
chr5	178133234	178333234	harbor2	chr5	178190629	178191007	LTR/ERV1	3773	-	189	178190818	57584
chr5	178133234	178333234	harbor2	chr5	178191309	178191341	LTR/ERV1	3773	-	16	178191325	58091
chr5	10661095	10861095	harbor2	chr5	10698749	10699174	LTR/ERV1	2481	-	212	10698961	37866
chr5	9115023	9315023	harbor2	chr5	9126483	9127231	LTR/ERV1	925	-	374	9126857	11834
chr5	79345178	79545178	harbor2	chr5	79349856	79350316	LTR/ERV1	2245	-	230	79350086	4908
chr5	79345178	79545178	harbor2	chr5	79350387	79350724	LTR/ERV1	1164	-	168	79350555	5377
chr5	79345178	79545178	harbor2	chr5	79350882	79350972	LTR/ERV1	1208	-	45	79350927	5749
chr5	79345178	79545178	harbor2	chr5	79351276	79351472	LTR/ERV1	1208	-	98	79351374	6196
chr5	79345178	79545178	harbor2	chr5	79351597	79351774	LTR/ERV1	842	-	88	79351685	6507
chr5	79345178	79545178	harbor2	chr5	79352316	79352351	LTR/ERV1	1101	-	18	79352334	7156
chr5	79345178	79545178	harbor2	chr5	79352657	79352892	LTR/ERV1	2741	-	118	79352775	7597
chr5	79345178	79545178	harbor2	chr5	79353038	79353114	LTR/ERV1	2741	-	38	79353076	7898
chr5	79345178	79545178	harbor2	chr5	79353713	79353992	LTR/ERV1	2741	-	140	79353853	8675
chr5	79345178	79545178	harbor2	chr5	79354301	79354936	LTR/ERV1	6869	-	318	79354619	9441
chr5	79345178	79545178	harbor2	chr5	79355242	79355434	LTR/ERV1	6869	-	96	79355338	10160
chr5	79345178	79545178	harbor2	chr5	79355736	79356012	LTR/ERV1	6869	-	138	79355874	10696
chr5	79345178	79545178	harbor2	chr5	79356314	79356553	LTR/ERV1	6869	-	120	79356434	11256
chr5	79345178	79545178	harbor2	chr5	79356861	79357033	LTR/ERV1	6869	-	86	79356947	11769
chr5	79345178	79545178	harbor2	chr5	79357351	79358068	LTR/ERV1	6869	-	358	79357709	12531
chr5	79345178	79545178	harbor2	chr5	79358367	79358377	LTR/ERV1	6869	-	5	79358372	13194
chr5	79345178	79545178	harbor2	chr5	79358672	79358835	LTR/ERV1	6869	-	82	79358754	13576
chr5	79345178	79545178	harbor2	chr5	79358907	79359326	LTR/ERV1	2400	-	210	79359117	13939
chr5	79345178	79545178	harbor2	chr5	79359938	79359989	LTR/ERV1	2400	-	26	79359964	14786
chr5	10661799	10861799	harbor2	chr5	10698749	10699174	LTR/ERV1	2481	-	212	10698961	37162
chr5	91180678	91380678	harbor2	chr5	91235843	91236352	LTR/ERV1	2022	-	254	91236097	55419
chr5	91180678	91380678	harbor2	chr5	91236355	91236412	LTR/ERV1	2301	-	28	91236383	55705
chr5	91180678	91380678	harbor2	chr5	91236724	91237192	LTR/ERV1	2301	-	234	91236958	56280
chr5	91180678	91380678	harbor2	chr5	91237727	91238888	LTR/ERV1	2768	-	580	91238307	57629
chr5	91180678	91380678	harbor2	chr5	91239202	91239807	LTR/ERV1	2768	-	302	91239504	58826
chr5	143113893	143313893	harbor2	chr5	143122497	143122924	LTR/ERV1	2628	-	214	143122711	8818
chr5	132010466	132210466	harbor2	chr5	132050942	132051671	LTR/ERV1	964	-	364	132051306	40840
chr5	10341849	10541849	harbor2	chr5	10423997	10424551	LTR/ERV1	2673	-	277	10424274	82425
chr5	687864	887864	harbor2	chr5	777029	778057	LTR/ERV1	3051	-	514	777543	89679
chr5	132394503	132594503	harbor2	chr5	132444529	132445118	LTR/ERV1	3194	-	294	132444823	50320
chr5	10341903	10541903	harbor2	chr5	10423997	10424551	LTR/ERV1	2673	-	277	10424274	82371
chr5	10341907	10541907	harbor2	chr5	10423997	10424551	LTR/ERV1	2673	-	277	10424274	82367
chr5	10341896	10541896	harbor2	chr5	10423997	10424551	LTR/ERV1	2673	-	277	10424274	82378
chr5	9115156	9315156	harbor2	chr5	9126483	9127231	LTR/ERV1	925	-	374	9126857	11701
chr5	171288520	171488520	harbor2	chr5	171382788	171382852	LTR/ERV1	458	-	32	171382820	94300
chr5	53009476	53209476	harbor2	chr5	53102358	53102668	LTR/ERV1	845	-	155	53102513	93037
chr5	53009476	53209476	harbor2	chr5	53102974	53103092	LTR/ERV1	845	-	59	53103033	93557
chr5	168386830	168586830	harbor2	chr5	168479197	168479755	LTR/ERV1	1470	-	279	168479476	92646
chr5	168386830	168586830	harbor2	chr5	168482339	168482785	LTR/ERV1	2834	-	223	168482562	95732
chr5	168386830	168586830	harbor2	chr5	168483290	168483950	LTR/ERV1	3213	-	330	168483620	96790
chr5	73405863	73605863	harbor2	chr5	73466087	73466714	LTR/ERV1	4191	-	314	73466401	60538
chr5	73405863	73605863	harbor2	chr5	73487774	73488173	LTR/ERV1	2767	-	200	73487974	82111
chr5	7883420	8083420	harbor2	chr5	7902833	7903435	LTR/ERV1	3436	-	301	7903134	19714
chr5	7883420	8083420	harbor2	chr5	7903606	7903984	LTR/ERV1	1899	-	189	7903795	20375
chr5	7883420	8083420	harbor2	chr5	7961292	7961776	LTR/ERV1	2187	-	242	7961534	78114
chr5	92439	292439	harbor2	chr5	126680	127317	LTR/ERV1	3297	-	318	126998	34559
chr5	92439	292439	harbor2	chr5	127719	128466	LTR/ERV1	5313	-	374	128093	35654
chr5	92439	292439	harbor2	chr5	174480	174863	LTR/ERV1	884	-	192	174672	82233
chr5	92439	292439	harbor2	chr5	176397	176806	LTR/ERV1	1784	-	204	176601	84162
chr5	92439	292439	harbor2	chr5	177491	178370	LTR/ERV1	2726	-	440	177931	85492
chr5	10387001	10587001	harbor2	chr5	10423997	10424551	LTR/ERV1	2673	-	277	10424274	37273
chr5	10387001	10587001	harbor2	chr5	10467338	10467800	LTR/ERV1	2587	-	231	10467569	80568
chr5	52700409	52900409	harbor2	chr5	52769944	52770341	LTR/ERV1	880	-	198	52770142	69733
chr5	52700409	52900409	harbor2	chr5	52798438	52799007	LTR/ERV1	3097	-	284	52798722	98313
chr5	1053127	1253127	harbor2	chr5	1138048	1138518	LTR/ERV1	2452	-	235	1138283	85156
chr5	1053127	1253127	harbor2	chr5	1148564	1148975	LTR/ERV1	764	-	206	1148770	95643
chr5	78833634	79033634	harbor2	chr5	78881784	78882423	LTR/ERV1	4170	-	320	78882104	48470
chr5	137654191	137854191	harbor2	chr5	137716396	137717018	LTR/ERV1	3521	-	311	137716707	62516
chr5	137654191	137854191	harbor2	chr5	137717023	137717361	LTR/ERV1	1497	-	169	137717192	63001
chr5	6613124	6813124	harbor2	chr5	6638013	6638056	LTR/ERV1	1018	-	22	6638035	24911
chr5	6613124	6813124	harbor2	chr5	6638322	6638641	LTR/ERV1	1018	-	160	6638482	25358
chr5	10762842	10962842	harbor2	chr5	10851278	10851906	LTR/ERV1	3875	-	314	10851592	88750
chr5	37740773	37940773	harbor2	chr5	37758288	37758662	LTR/ERV1	2394	-	187	37758475	17702
chr5	37740773	37940773	harbor2	chr5	37758664	37759157	LTR/ERV1	18656	-	246	37758910	18137
chr5	37740773	37940773	harbor2	chr5	37759739	37762886	LTR/ERV1	18656	-	1574	37761313	20540
chr5	37740773	37940773	harbor2	chr5	37763179	37764152	LTR/ERV1	16805	-	486	37763665	22892
chr5	37740773	37940773	harbor2	chr5	37764356	37764462	LTR/ERV1	7066	-	53	37764409	23636
chr5	37740773	37940773	harbor2	chr5	37765838	37766234	LTR/ERV1	2806	-	198	37766036	25263
chr5	37740773	37940773	harbor2	chr5	37778063	37778518	LTR/ERV1	3633	-	228	37778291	37518
chr5	37740773	37940773	harbor2	chr5	37784043	37784323	LTR/ERV1	45873	-	140	37784183	43410
chr5	37740773	37940773	harbor2	chr5	37784473	37785699	LTR/ERV1	8378	-	613	37785086	44313
chr5	37740773	37940773	harbor2	chr5	37785700	37786157	LTR/ERV1	3693	-	228	37785928	45155
chr5	37740773	37940773	harbor2	chr5	37764767	37765837	LTR/ERV1	7066	-	535	37765302	24529
chr5	37740773	37940773	harbor2	chr5	37778519	37784013	LTR/ERV1	45873	-	2747	37781266	40493
chr5	100503	300503	harbor2	chr5	126680	127317	LTR/ERV1	3297	-	318	126998	26495
chr5	100503	300503	harbor2	chr5	127719	128466	LTR/ERV1	5313	-	374	128093	27590
chr5	100503	300503	harbor2	chr5	174480	174863	LTR/ERV1	884	-	192	174672	74169
chr5	100503	300503	harbor2	chr5	176397	176806	LTR/ERV1	1784	-	204	176601	76098
chr5	100503	300503	harbor2	chr5	177491	178370	LTR/ERV1	2726	-	440	177931	77428
chr5	171288579	171488579	harbor2	chr5	171382788	171382852	LTR/ERV1	458	-	32	171382820	94241
chr5	10342482	10542482	harbor2	chr5	10423997	10424551	LTR/ERV1	2673	-	277	10424274	81792
chr5	6533029	6733029	harbor2	chr5	6545651	6546146	LTR/ERV1	2752	-	248	6545899	12870
chr5	6533029	6733029	harbor2	chr5	6581064	6581344	LTR/ERV1	1719	-	140	6581204	48175
chr5	6533029	6733029	harbor2	chr5	6581510	6581694	LTR/ERV1	1719	-	92	6581602	48573
chr5	53460613	53660613	harbor2	chr5	53501994	53502712	LTR/ERV1	4363	-	359	53502353	41740
chr5	53460613	53660613	harbor2	chr5	53540673	53541220	LTR/ERV1	3253	-	274	53540947	80334
chr6	152902804	153102804	harbor2	chr6	152957821	152958090	LTR/ERV1	1314	-	134	152957955	55151
chr6	152902804	153102804	harbor2	chr6	152958169	152958227	LTR/ERV1	1089	-	29	152958198	55394
chr6	152902804	153102804	harbor2	chr6	152958537	152958684	LTR/ERV1	1089	-	74	152958611	55807
chr6	152902804	153102804	harbor2	chr6	152958979	152959006	LTR/ERV1	1089	-	14	152958993	56189
chr6	152902804	153102804	harbor2	chr6	152966230	152966492	LTR/ERV1	1778	-	131	152966361	63557
chr6	7626958	7826958	harbor2	chr6	7629509	7629654	LTR/ERV1	529	-	72	7629581	2623
chr6	7626958	7826958	harbor2	chr6	7629666	7630163	LTR/ERV1	984	-	248	7629914	2956
chr6	7626958	7826958	harbor2	chr6	7680313	7680926	LTR/ERV1	3911	-	306	7680619	53661
chr6	118834580	119034580	harbor2	chr6	118860875	118862401	LTR/ERV1	5916	-	763	118861638	27058
chr6	29530473	29730473	harbor2	chr6	29552528	29552933	LTR/ERV1	2216	-	202	29552730	22257
chr6	29530473	29730473	harbor2	chr6	29563101	29563674	LTR/ERV1	3391	-	286	29563387	32914
chr6	10445756	10645756	harbor2	chr6	10481699	10483280	LTR/ERV1	5609	-	790	10482489	36733
chr6	10445756	10645756	harbor2	chr6	10486848	10488297	LTR/ERV1	8509	-	724	10487572	41816
chr6	7626956	7826956	harbor2	chr6	7629509	7629654	LTR/ERV1	529	-	72	7629581	2625
chr6	7626956	7826956	harbor2	chr6	7629666	7630163	LTR/ERV1	984	-	248	7629914	2958
chr6	7626956	7826956	harbor2	chr6	7680313	7680926	LTR/ERV1	3911	-	306	7680619	53663
chr6	139488617	139688617	harbor2	chr6	139490465	139490854	LTR/ERV1	2794	-	194	139490659	2042
chr6	139488617	139688617	harbor2	chr6	139505726	139506196	LTR/ERV1	3281	-	235	139505961	17344
chr6	15418325	15618325	harbor2	chr6	15432031	15432146	LTR/ERV1	783	-	58	15432089	13764
chr6	15418325	15618325	harbor2	chr6	15432407	15432449	LTR/ERV1	600	-	21	15432428	14103
chr6	15418325	15618325	harbor2	chr6	15432482	15432658	LTR/ERV1	873	-	88	15432570	14245
chr6	15418325	15618325	harbor2	chr6	15432674	15432762	LTR/ERV1	457	-	44	15432718	14393
chr6	15418325	15618325	harbor2	chr6	15435926	15436700	LTR/ERV1	4576	-	387	15436313	17988
chr6	15418325	15618325	harbor2	chr6	15437558	15437700	LTR/ERV1	467	-	71	15437629	19304
chr6	169864631	170064631	harbor2	chr6	169938846	169939574	LTR/ERV1	3427	-	364	169939210	74579
chr6	43073296	43273296	harbor2	chr6	43093678	43094304	LTR/ERV1	2595	-	313	43093991	20695
chr6	169863955	170063955	harbor2	chr6	169938846	169939574	LTR/ERV1	3427	-	364	169939210	75255
chr6	7629037	7829037	harbor2	chr6	7629509	7629654	LTR/ERV1	529	-	72	7629581	544
chr6	7629037	7829037	harbor2	chr6	7629666	7630163	LTR/ERV1	984	-	248	7629914	877
chr6	7629037	7829037	harbor2	chr6	7680313	7680926	LTR/ERV1	3911	-	306	7680619	51582
chr6	41095053	41295053	harbor2	chr6	41171712	41172337	LTR/ERV1	2292	-	312	41172024	76971
chr6	41095053	41295053	harbor2	chr6	41174589	41174980	LTR/ERV1	2260	-	196	41174785	79732
chr6	41095053	41295053	harbor2	chr6	41187029	41187715	LTR/ERV1	4402	-	343	41187372	92319
chr6	41095053	41295053	harbor2	chr6	41189645	41190217	LTR/ERV1	4017	-	286	41189931	94878
chr6	41095053	41295053	harbor2	chr6	41188958	41189588	LTR/ERV1	4649	-	315	41189273	94220
chr6	35469329	35669329	harbor2	chr6	35561562	35563248	LTR/ERV1	6929	-	843	35562405	93076
chr6	35469329	35669329	harbor2	chr6	35563265	35564513	LTR/ERV1	6814	-	624	35563889	94560
chr6	35469329	35669329	harbor2	chr6	35564487	35564788	LTR/ERV1	1353	-	150	35564637	95308
chr6	35469329	35669329	harbor2	chr6	35564771	35565703	LTR/ERV1	4499	-	466	35565237	95908
chr6	35469329	35669329	harbor2	chr6	35565782	35566137	LTR/ERV1	1264	-	178	35565960	96631
chr6	35469329	35669329	harbor2	chr6	35566409	35566828	LTR/ERV1	1288	-	210	35566619	97290
chr6	35469329	35669329	harbor2	chr6	35566830	35567331	LTR/ERV1	3419	-	250	35567080	97751
chr6	13879117	14079117	harbor2	chr6	13897756	13898281	LTR/ERV1	661	-	262	13898018	18901
chr6	13879117	14079117	harbor2	chr6	13899116	13899264	LTR/ERV1	471	-	74	13899190	20073
chr6	13879117	14079117	harbor2	chr6	13943986	13944457	LTR/ERV1	1404	-	236	13944222	65105
chr6	13879117	14079117	harbor2	chr6	13944454	13944541	LTR/ERV1	559	-	44	13944498	65381
chr6	13879117	14079117	harbor2	chr6	13945813	13946140	LTR/ERV1	2430	-	164	13945977	66860
chr6	13879117	14079117	harbor2	chr6	13946464	13946721	LTR/ERV1	2430	-	128	13946592	67475
chr6	13879117	14079117	harbor2	chr6	13946723	13949085	LTR/ERV1	12144	-	1181	13947904	68787
chr6	13879117	14079117	harbor2	chr6	13949800	13950498	LTR/ERV1	3421	-	349	13950149	71032
chr6	13879117	14079117	harbor2	chr6	13951097	13951608	LTR/ERV1	3421	-	256	13951353	72236
chr6	13879117	14079117	harbor2	chr6	13951598	13952524	LTR/ERV1	5093	-	463	13952061	72944
chr6	13879117	14079117	harbor2	chr6	13952654	13953267	LTR/ERV1	1911	-	306	13952960	73843
chr6	13879117	14079117	harbor2	chr6	13965680	13966122	LTR/ERV1	2157	-	221	13965901	86784
chr6	90487353	90687353	harbor2	chr6	90487354	90487895	LTR/ERV1	2950	-	270	90487624	271
chr6	90487353	90687353	harbor2	chr6	90495367	90495450	LTR/ERV1	600	-	42	90495409	8056
chr6	90487353	90687353	harbor2	chr6	90495742	90495837	LTR/ERV1	600	-	48	90495790	8437
chr6	90487353	90687353	harbor2	chr6	90496286	90496630	LTR/ERV1	728	-	172	90496458	9105
chr6	90487353	90687353	harbor2	chr6	90533277	90533865	LTR/ERV1	2231	-	294	90533571	46218
chr6	7626983	7826983	harbor2	chr6	7629509	7629654	LTR/ERV1	529	-	72	7629581	2598
chr6	7626983	7826983	harbor2	chr6	7629666	7630163	LTR/ERV1	984	-	248	7629914	2931
chr6	7626983	7826983	harbor2	chr6	7680313	7680926	LTR/ERV1	3911	-	306	7680619	53636
chr6	161064077	161264077	harbor2	chr6	161067048	161067472	LTR/ERV1	2783	-	212	161067260	3183
chr6	6447005	6647005	harbor2	chr6	6458378	6459168	LTR/ERV1	1907	-	395	6458773	11768
chr6	6447005	6647005	harbor2	chr6	6474906	6475412	LTR/ERV1	2135	-	253	6475159	28154
chr6	6447005	6647005	harbor2	chr6	6479004	6479594	LTR/ERV1	5340	-	295	6479299	32294
chr6	7628030	7828030	harbor2	chr6	7629509	7629654	LTR/ERV1	529	-	72	7629581	1551
chr6	7628030	7828030	harbor2	chr6	7629666	7630163	LTR/ERV1	984	-	248	7629914	1884
chr6	7628030	7828030	harbor2	chr6	7680313	7680926	LTR/ERV1	3911	-	306	7680619	52589
chr6	166057634	166257634	harbor2	chr6	166075956	166077243	LTR/ERV1	4865	-	644	166076600	18966
chr6	166057634	166257634	harbor2	chr6	166125510	166126205	LTR/ERV1	4073	-	348	166125858	68224
chr6	37189816	37389816	harbor2	chr6	37221661	37222920	LTR/ERV1	7127	-	630	37222291	32475
chr6	37189816	37389816	harbor2	chr6	37243428	37243594	LTR/ERV1	942	-	83	37243511	53695
chr6	37189816	37389816	harbor2	chr6	37243765	37244329	LTR/ERV1	2397	-	282	37244047	54231
chr6	33522490	33722490	harbor2	chr6	33522513	33522867	LTR/ERV1	1803	-	177	33522690	200
chr6	33522490	33722490	harbor2	chr6	33523181	33523238	LTR/ERV1	1803	-	28	33523209	719
chr6	33522490	33722490	harbor2	chr6	33557579	33558053	LTR/ERV1	1574	-	237	33557816	35326
chr6	33522490	33722490	harbor2	chr6	33565195	33565326	LTR/ERV1	806	-	66	33565261	42771
chr6	33522490	33722490	harbor2	chr6	33565628	33565705	LTR/ERV1	806	-	38	33565666	43176
chr6	33522490	33722490	harbor2	chr6	33566020	33566030	LTR/ERV1	806	-	5	33566025	43535
chr6	33522490	33722490	harbor2	chr6	33566150	33566435	LTR/ERV1	564	-	142	33566292	43802
chr6	127169085	127369085	harbor2	chr6	127213767	127215154	LTR/ERV1	9586	-	694	127214461	45376
chr6	152219275	152419275	harbor2	chr6	152312861	152313256	LTR/ERV1	1463	-	198	152313059	93784
chr6	152219275	152419275	harbor2	chr6	152313276	152313435	LTR/ERV1	511	-	80	152313356	94081
chr6	52583140	52783140	harbor2	chr6	52592371	52592482	LTR/ERV1	582	-	56	52592427	9287
chr6	52583140	52783140	harbor2	chr6	52638598	52639007	LTR/ERV1	2725	-	204	52638802	55662
chr6	52583140	52783140	harbor2	chr6	52639276	52639361	LTR/ERV1	2725	-	42	52639318	56178
chr6	169887372	170087372	harbor2	chr6	169938846	169939574	LTR/ERV1	3427	-	364	169939210	51838
chr6	169887372	170087372	harbor2	chr6	169968330	169968703	LTR/ERV1	1536	-	186	169968516	81144
chr6	127168838	127368838	harbor2	chr6	127213767	127215154	LTR/ERV1	9586	-	694	127214461	45623
chr6	42953847	43153847	harbor2	chr6	42953880	42954138	LTR/ERV1	1529	-	129	42954009	162
chr6	42953847	43153847	harbor2	chr6	42957518	42957679	LTR/ERV1	870	-	80	42957598	3751
chr6	42953847	43153847	harbor2	chr6	42957719	42957897	LTR/ERV1	2592	-	89	42957808	3961
chr6	42953847	43153847	harbor2	chr6	42958198	42958419	LTR/ERV1	2592	-	110	42958308	4461
chr6	42953847	43153847	harbor2	chr6	42958732	42958755	LTR/ERV1	2592	-	12	42958744	4897
chr6	42953847	43153847	harbor2	chr6	42959016	42959130	LTR/ERV1	2592	-	57	42959073	5226
chr6	42953847	43153847	harbor2	chr6	42959437	42959498	LTR/ERV1	1121	-	30	42959467	5620
chr6	42953847	43153847	harbor2	chr6	42959541	42959639	LTR/ERV1	1121	-	49	42959590	5743
chr6	42953847	43153847	harbor2	chr6	42959640	42959984	LTR/ERV1	2210	-	172	42959812	5965
chr6	52477059	52677059	harbor2	chr6	52483328	52483774	LTR/ERV1	2312	-	223	52483551	6492
chr6	127285001	127485001	harbor2	chr6	127332334	127332807	LTR/ERV1	4060	-	236	127332570	47569
chr6	127285001	127485001	harbor2	chr6	127333093	127333368	LTR/ERV1	4047	-	138	127333231	48230
chr6	127285001	127485001	harbor2	chr6	127344084	127344641	LTR/ERV1	1823	-	278	127344362	59361
chr6	127285001	127485001	harbor2	chr6	127361384	127361923	LTR/ERV1	3843	-	270	127361654	76653
chr6	127285001	127485001	harbor2	chr6	127364798	127364990	LTR/ERV1	776	-	96	127364894	79893
chr6	127285001	127485001	harbor2	chr6	127365081	127365254	LTR/ERV1	720	-	86	127365167	80166
chr6	127285001	127485001	harbor2	chr6	127365310	127366354	LTR/ERV1	4212	-	522	127365832	80831
chr6	127285001	127485001	harbor2	chr6	127366494	127366961	LTR/ERV1	2716	-	234	127366728	81727
chr6	43416854	43616854	harbor2	chr6	43471370	43471515	LTR/ERV1	558	-	72	43471442	54588
chr6	30370013	30570013	harbor2	chr6	30372934	30373453	LTR/ERV1	2860	-	260	30373194	3181
chr6	30370013	30570013	harbor2	chr6	30391073	30391232	LTR/ERV1	805	-	80	30391153	21140
chr6	30370013	30570013	harbor2	chr6	30391817	30392169	LTR/ERV1	765	-	176	30391993	21980
chr6	30370013	30570013	harbor2	chr6	30403265	30404039	LTR/ERV1	4686	-	387	30403652	33639
chr6	30370013	30570013	harbor2	chr6	30409308	30409807	LTR/ERV1	2929	-	250	30409558	39545
chr6	27419515	27619515	harbor2	chr6	27423973	27425392	LTR/ERV1	10574	-	710	27424683	5168
chr6	27419515	27619515	harbor2	chr6	27429766	27430296	LTR/ERV1	3432	-	265	27430031	10516
chr6	27419515	27619515	harbor2	chr6	27477073	27477745	LTR/ERV1	1312	-	336	27477409	57894
chr6	4985270	5185270	harbor2	chr6	5079534	5080830	LTR/ERV1	6729	-	648	5080182	94912
chr6	4985270	5185270	harbor2	chr6	5078976	5079532	LTR/ERV1	2592	-	278	5079254	93984
chr6	30946660	31146660	harbor2	chr6	30973207	30973888	LTR/ERV1	2130	-	340	30973547	26887
chr6	52185079	52385079	harbor2	chr6	52245723	52246014	LTR/ERV1	1438	-	146	52245869	60790
chr6	3749942	3949942	harbor2	chr6	3773709	3774130	LTR/ERV1	1886	-	210	3773919	23977
chr6	3749942	3949942	harbor2	chr6	3804011	3804484	LTR/ERV1	2833	-	236	3804247	54305
chr6	3749942	3949942	harbor2	chr6	3813989	3814217	LTR/ERV1	1204	-	114	3814103	64161
chr6	3749942	3949942	harbor2	chr6	3819316	3819445	LTR/ERV1	777	-	64	3819380	69438
chr6	39129464	39329464	harbor2	chr6	39131513	39131947	LTR/ERV1	2492	-	217	39131730	2266
chr6	39129464	39329464	harbor2	chr6	39131948	39132386	LTR/ERV1	2884	-	219	39132167	2703
chr6	39129464	39329464	harbor2	chr6	39132373	39134076	LTR/ERV1	7311	-	852	39133225	3761
chr6	39129464	39329464	harbor2	chr6	39134077	39134885	LTR/ERV1	5112	-	404	39134481	5017
chr6	39129464	39329464	harbor2	chr6	39134876	39135562	LTR/ERV1	3922	-	343	39135219	5755
chr6	39129464	39329464	harbor2	chr6	39135590	39136071	LTR/ERV1	1958	-	240	39135830	6366
chr6	39129464	39329464	harbor2	chr6	39136074	39136520	LTR/ERV1	2311	-	223	39136297	6833
chr6	151352799	151552799	harbor2	chr6	151359459	151359749	LTR/ERV1	1895	-	145	151359604	6805
chr6	125542072	125742072	harbor2	chr6	125586525	125587193	LTR/ERV1	3395	-	334	125586859	44787
chr6	169873505	170073505	harbor2	chr6	169938846	169939574	LTR/ERV1	3427	-	364	169939210	65705
chr6	169873505	170073505	harbor2	chr6	169968330	169968703	LTR/ERV1	1536	-	186	169968516	95011
chr6	146813947	147013947	harbor2	chr6	146819196	146819937	LTR/ERV1	2656	-	370	146819566	5619
chr6	146813947	147013947	harbor2	chr6	146820365	146820962	LTR/ERV1	2852	-	298	146820663	6716
chr6	146813947	147013947	harbor2	chr6	146823001	146823140	LTR/ERV1	532	-	70	146823071	9124
chr6	146813947	147013947	harbor2	chr6	146824435	146825215	LTR/ERV1	3059	-	390	146824825	10878
chr6	146813947	147013947	harbor2	chr6	146832091	146832987	LTR/ERV1	5094	-	448	146832539	18592
chr6	146813947	147013947	harbor2	chr6	146847177	146847525	LTR/ERV1	1218	-	174	146847351	33404
chr6	146813947	147013947	harbor2	chr6	146887061	146887694	LTR/ERV1	4557	-	316	146887377	73430
chr6	106533593	106733593	harbor2	chr6	106631337	106631663	LTR/ERV1	1460	-	163	106631500	97907
chr6	106533593	106733593	harbor2	chr6	106632876	106632995	LTR/ERV1	686	-	60	106632936	99343
chr6	140279813	140479813	harbor2	chr6	140303328	140303998	LTR/ERV1	3068	-	335	140303663	23850
chr6	140279813	140479813	harbor2	chr6	140326020	140326129	LTR/ERV1	488	-	54	140326074	46261
chr6	140279813	140479813	harbor2	chr6	140326130	140326717	LTR/ERV1	3538	-	294	140326424	46611
chr6	140279813	140479813	harbor2	chr6	140336491	140338920	LTR/ERV1	15911	-	1214	140337705	57892
chr6	140279813	140479813	harbor2	chr6	140339482	140340004	LTR/ERV1	15911	-	261	140339743	59930
chr6	140279813	140479813	harbor2	chr6	140340027	140340805	LTR/ERV1	2192	-	389	140340416	60603
chr6	140279813	140479813	harbor2	chr6	140340810	140341417	LTR/ERV1	3416	-	304	140341114	61301
chr6	140279813	140479813	harbor2	chr6	140347424	140347826	LTR/ERV1	1798	-	201	140347625	67812
chr6	140279813	140479813	harbor2	chr6	140326718	140329783	LTR/ERV1	21252	-	1532	140328250	48437
chr6	27415796	27615796	harbor2	chr6	27423973	27425392	LTR/ERV1	10574	-	710	27424683	8887
chr6	27415796	27615796	harbor2	chr6	27429766	27430296	LTR/ERV1	3432	-	265	27430031	14235
chr6	27415796	27615796	harbor2	chr6	27477073	27477745	LTR/ERV1	1312	-	336	27477409	61613
chr6	41092984	41292984	harbor2	chr6	41171712	41172337	LTR/ERV1	2292	-	312	41172024	79040
chr6	41092984	41292984	harbor2	chr6	41174589	41174980	LTR/ERV1	2260	-	196	41174785	81801
chr6	41092984	41292984	harbor2	chr6	41187029	41187715	LTR/ERV1	4402	-	343	41187372	94388
chr6	41092984	41292984	harbor2	chr6	41189645	41190217	LTR/ERV1	4017	-	286	41189931	96947
chr6	41092984	41292984	harbor2	chr6	41188958	41189588	LTR/ERV1	4649	-	315	41189273	96289
chr6	127167575	127367575	harbor2	chr6	127213767	127215154	LTR/ERV1	9586	-	694	127214461	46886
chr6	124977679	125177679	harbor2	chr6	124978209	124979211	LTR/ERV1	3320	-	501	124978710	1031
chr6	124977679	125177679	harbor2	chr6	124981269	124981736	LTR/ERV1	4243	-	234	124981503	3824
chr6	124977679	125177679	harbor2	chr6	124982048	124982240	LTR/ERV1	4243	-	96	124982144	4465
chr6	169864808	170064808	harbor2	chr6	169938846	169939574	LTR/ERV1	3427	-	364	169939210	74402
chr6	139419971	139619971	harbor2	chr6	139490465	139490854	LTR/ERV1	2794	-	194	139490659	70688
chr6	139419971	139619971	harbor2	chr6	139505726	139506196	LTR/ERV1	3281	-	235	139505961	85990
chr6	11912017	12112017	harbor2	chr6	11987461	11987659	LTR/ERV1	1370	-	99	11987560	75543
chr6	33105578	33305578	harbor2	chr6	33117739	33118377	LTR/ERV1	4275	-	319	33118058	12480
chr6	33105578	33305578	harbor2	chr6	33118378	33118652	LTR/ERV1	1539	-	137	33118515	12937
chr6	33105578	33305578	harbor2	chr6	33118932	33119111	LTR/ERV1	699	-	90	33119022	13444
chr6	33105578	33305578	harbor2	chr6	33119116	33119227	LTR/ERV1	477	-	56	33119172	13594
chr6	33105578	33305578	harbor2	chr6	33119228	33119959	LTR/ERV1	4140	-	366	33119594	14016
chr6	33105578	33305578	harbor2	chr6	33119946	33120584	LTR/ERV1	4145	-	319	33120265	14687
chr6	33105578	33305578	harbor2	chr6	33120587	33120728	LTR/ERV1	1017	-	70	33120657	15079
chr6	33105578	33305578	harbor2	chr6	33120722	33121937	LTR/ERV1	8425	-	608	33121330	15752
chr6	33105578	33305578	harbor2	chr6	33122935	33123947	LTR/ERV1	6917	-	506	33123441	17863
chr6	33105578	33305578	harbor2	chr6	33123957	33124261	LTR/ERV1	1492	-	152	33124109	18531
chr6	33105578	33305578	harbor2	chr6	33124370	33125003	LTR/ERV1	4038	-	316	33124686	19108
chr6	33105578	33305578	harbor2	chr6	33132221	33132599	LTR/ERV1	2716	-	189	33132410	26832
chr6	33105578	33305578	harbor2	chr6	33132600	33134898	LTR/ERV1	16699	-	1149	33133749	28171
chr6	33105578	33305578	harbor2	chr6	33135013	33135202	LTR/ERV1	1404	-	94	33135107	29529
chr6	33105578	33305578	harbor2	chr6	33135484	33135838	LTR/ERV1	12365	-	177	33135661	30083
chr6	33105578	33305578	harbor2	chr6	33136130	33136928	LTR/ERV1	12365	-	399	33136529	30951
chr6	33105578	33305578	harbor2	chr6	33137231	33137756	LTR/ERV1	12365	-	262	33137493	31915
chr6	33105578	33305578	harbor2	chr6	33138076	33138193	LTR/ERV1	12365	-	58	33138134	32556
chr6	33105578	33305578	harbor2	chr6	33138488	33138647	LTR/ERV1	12365	-	80	33138568	32990
chr6	33105578	33305578	harbor2	chr6	33138641	33138876	LTR/ERV1	4939	-	118	33138759	33181
chr6	33105578	33305578	harbor2	chr6	33139166	33139750	LTR/ERV1	4939	-	292	33139458	33880
chr6	33105578	33305578	harbor2	chr6	33139751	33140149	LTR/ERV1	2781	-	199	33139950	34372
chr6	24674917	24874917	harbor2	chr6	24676688	24682292	LTR/ERV1	46726	-	2802	24679490	4573
chr6	24674917	24874917	harbor2	chr6	24682293	24683100	LTR/ERV1	6133	-	404	24682697	7780
chr6	24674917	24874917	harbor2	chr6	24683101	24683198	LTR/ERV1	802	-	48	24683149	8232
chr6	24674917	24874917	harbor2	chr6	24683201	24683259	LTR/ERV1	2817	-	29	24683230	8313
chr6	24674917	24874917	harbor2	chr6	24683549	24683921	LTR/ERV1	2817	-	186	24683735	8818
chr6	24674917	24874917	harbor2	chr6	24757932	24758418	LTR/ERV1	1721	-	243	24758175	83258
chr6	24674917	24874917	harbor2	chr6	24761228	24761746	LTR/ERV1	1952	-	259	24761487	86570
chr6	24674917	24874917	harbor2	chr6	24765112	24766499	LTR/ERV1	9438	-	694	24765806	90889
chr6	24674917	24874917	harbor2	chr6	24756192	24756815	LTR/ERV1	4361	-	312	24756504	81587
chr6	32071139	32271139	harbor2	chr6	32139889	32140039	LTR/ERV1	1105	-	75	32139964	68825
chr6	32071139	32271139	harbor2	chr6	32140340	32140895	LTR/ERV1	1105	-	278	32140618	69479
chr6	52190864	52390864	harbor2	chr6	52245723	52246014	LTR/ERV1	1438	-	146	52245869	55005
chr6	34138363	34338363	harbor2	chr6	34178327	34179719	LTR/ERV1	3387	-	696	34179023	40660
chr6	34138363	34338363	harbor2	chr6	34202021	34203292	LTR/ERV1	7633	-	636	34202657	64294
chr6	64723204	64923204	harbor2	chr6	64727960	64728323	LTR/ERV1	4911	-	182	64728142	4938
chr6	64723204	64923204	harbor2	chr6	64728635	64729247	LTR/ERV1	4911	-	306	64728941	5737
chr6	64723204	64923204	harbor2	chr6	64786205	64786555	LTR/ERV1	2322	-	175	64786380	63176
chr6	64723204	64923204	harbor2	chr6	64802913	64803118	LTR/ERV1	909	-	102	64803015	79811
chr6	64723204	64923204	harbor2	chr6	64803112	64804114	LTR/ERV1	3470	-	501	64803613	80409
chr6	169864138	170064138	harbor2	chr6	169938846	169939574	LTR/ERV1	3427	-	364	169939210	75072
chr6	127447015	127647015	harbor2	chr6	127479147	127479351	LTR/ERV1	1582	-	102	127479249	32234
chr6	170478408	170678408	harbor2	chr6	170506553	170507208	LTR/ERV1	2502	-	328	170506881	28473
chr6	170478408	170678408	harbor2	chr6	170515521	170515978	LTR/ERV1	1534	-	228	170515749	37341
chr6	170478408	170678408	harbor2	chr6	170516314	170516354	LTR/ERV1	525	-	20	170516334	37926
chr6	170478408	170678408	harbor2	chr6	170531312	170531739	LTR/ERV1	2741	-	214	170531526	53118
chr6	147926214	148126214	harbor2	chr6	147999149	147999502	LTR/ERV1	2145	-	176	147999325	73111
chr6	147926214	148126214	harbor2	chr6	147999808	147999879	LTR/ERV1	2145	-	36	147999844	73630
chr6	147926214	148126214	harbor2	chr6	148022102	148022245	LTR/ERV1	796	-	72	148022174	95960
chr6	147926214	148126214	harbor2	chr6	148022249	148022458	LTR/ERV1	2767	-	104	148022353	96139
chr6	147926214	148126214	harbor2	chr6	148022785	148023056	LTR/ERV1	2767	-	136	148022921	96707
chr6	56333514	56533514	harbor2	chr6	56403012	56403464	LTR/ERV1	919	-	226	56403238	69724
chr6	7634787	7834787	harbor2	chr6	7680313	7680926	LTR/ERV1	3911	-	306	7680619	45832
chr6	7628065	7828065	harbor2	chr6	7629509	7629654	LTR/ERV1	529	-	72	7629581	1516
chr6	7628065	7828065	harbor2	chr6	7629666	7630163	LTR/ERV1	984	-	248	7629914	1849
chr6	7628065	7828065	harbor2	chr6	7680313	7680926	LTR/ERV1	3911	-	306	7680619	52554
chr6	149646190	149846190	harbor2	chr6	149708847	149709066	LTR/ERV1	1993	-	110	149708957	62767
chr6	149646190	149846190	harbor2	chr6	149710322	149710463	LTR/ERV1	1993	-	70	149710392	64202
chr6	149646190	149846190	harbor2	chr6	149710442	149710528	LTR/ERV1	546	-	43	149710485	64295
chr6	169994233	170194233	harbor2	chr6	170008755	170009438	LTR/ERV1	1670	-	342	170009097	14864
chr6	146972244	147172244	harbor2	chr6	147034386	147034465	LTR/ERV1	4575	-	40	147034426	62182
chr6	146972244	147172244	harbor2	chr6	147035015	147035826	LTR/ERV1	4575	-	406	147035421	63177
chr6	146972244	147172244	harbor2	chr6	147044063	147044614	LTR/ERV1	3339	-	276	147044339	72095
chr6	146972244	147172244	harbor2	chr6	146997184	146997515	LTR/ERV1	860	-	166	146997350	25106
chr6	158127245	158327245	harbor2	chr6	158173636	158174130	LTR/ERV1	1905	-	247	158173883	46638
chr6	158127245	158327245	harbor2	chr6	158177307	158177587	LTR/ERV1	1681	-	140	158177447	50202
chr6	158127245	158327245	harbor2	chr6	158184037	158184295	LTR/ERV1	1434	-	129	158184166	56921
chr6	158127245	158327245	harbor2	chr6	158186549	158186960	LTR/ERV1	4985	-	206	158186755	59510
chr6	158127245	158327245	harbor2	chr6	158187866	158188069	LTR/ERV1	4985	-	102	158187968	60723
chr6	158127245	158327245	harbor2	chr6	158194235	158194777	LTR/ERV1	3426	-	271	158194506	67261
chr6	158127245	158327245	harbor2	chr6	158208836	158210351	LTR/ERV1	10781	-	758	158209594	82349
chr6	158127245	158327245	harbor2	chr6	158187296	158187566	LTR/ERV1	4985	-	135	158187431	60186
chr7	44442212	44642212	harbor2	chr7	44491315	44491662	LTR/ERV1	950	-	174	44491489	49277
chr7	44442212	44642212	harbor2	chr7	44494050	44494164	LTR/ERV1	528	-	57	44494107	51895
chr7	44442212	44642212	harbor2	chr7	44506516	44506945	LTR/ERV1	2402	-	214	44506730	64518
chr7	44442212	44642212	harbor2	chr7	44507301	44507323	LTR/ERV1	2402	-	11	44507312	65100
chr7	149524712	149724712	harbor2	chr7	149580300	149580770	LTR/ERV1	2675	-	235	149580535	55823
chr7	149524712	149724712	harbor2	chr7	149604105	149604568	LTR/ERV1	2755	-	232	149604337	79625
chr7	72825583	73025583	harbor2	chr7	72840972	72841417	LTR/ERV1	3090	-	222	72841194	15611
chr7	72825583	73025583	harbor2	chr7	72841728	72841802	LTR/ERV1	3090	-	37	72841765	16182
chr7	1830988	2030988	harbor2	chr7	1835608	1836021	LTR/ERV1	4412	-	206	1835814	4826
chr7	1830988	2030988	harbor2	chr7	1836319	1836554	LTR/ERV1	4412	-	118	1836437	5449
chr7	26995485	27195485	harbor2	chr7	27053143	27053461	LTR/ERV1	1685	-	159	27053302	57817
chr7	88119947	88319947	harbor2	chr7	88139590	88139880	LTR/ERV1	2042	-	145	88139735	19788
chr7	88119947	88319947	harbor2	chr7	88140272	88140453	LTR/ERV1	2042	-	90	88140362	20415
chr7	88119947	88319947	harbor2	chr7	88140505	88140578	LTR/ERV1	3245	-	36	88140541	20594
chr7	88119947	88319947	harbor2	chr7	88140848	88141298	LTR/ERV1	3245	-	225	88141073	21126
chr7	1801817	2001817	harbor2	chr7	1803140	1803256	LTR/ERV1	2668	-	58	1803198	1381
chr7	1801817	2001817	harbor2	chr7	1803555	1803916	LTR/ERV1	2668	-	180	1803735	1918
chr7	1801817	2001817	harbor2	chr7	1803922	1804580	LTR/ERV1	3270	-	329	1804251	2434
chr7	1801817	2001817	harbor2	chr7	1835608	1836021	LTR/ERV1	4412	-	206	1835814	33997
chr7	1801817	2001817	harbor2	chr7	1836319	1836554	LTR/ERV1	4412	-	118	1836437	34620
chr7	86417400	86617400	harbor2	chr7	86453059	86453729	LTR/ERV1	3814	-	335	86453394	35994
chr7	86417400	86617400	harbor2	chr7	86502273	86502729	LTR/ERV1	2300	-	228	86502501	85101
chr7	25270423	25470423	harbor2	chr7	25279746	25280222	LTR/ERV1	1749	-	238	25279984	9561
chr7	25270423	25470423	harbor2	chr7	25286541	25286873	LTR/ERV1	1158	-	166	25286707	16284
chr7	25270423	25470423	harbor2	chr7	25286930	25287223	LTR/ERV1	1068	-	146	25287076	16653
chr7	148599806	148799806	harbor2	chr7	148606535	148606597	LTR/ERV1	2966	-	31	148606566	6760
chr7	148599806	148799806	harbor2	chr7	148606887	148606933	LTR/ERV1	2966	-	23	148606910	7104
chr7	148599806	148799806	harbor2	chr7	148606964	148607460	LTR/ERV1	2966	-	248	148607212	7406
chr7	148599806	148799806	harbor2	chr7	148621656	148621802	LTR/ERV1	960	-	73	148621729	21923
chr7	148599806	148799806	harbor2	chr7	148625731	148625977	LTR/ERV1	648	-	123	148625854	26048
chr7	148599806	148799806	harbor2	chr7	148671943	148672277	LTR/ERV1	2314	-	167	148672110	72304
chr7	148599806	148799806	harbor2	chr7	148651871	148652387	LTR/ERV1	2507	-	258	148652129	52323
chr7	44507353	44707353	harbor2	chr7	44556133	44556367	LTR/ERV1	1332	-	117	44556250	48897
chr7	27005184	27205184	harbor2	chr7	27053143	27053461	LTR/ERV1	1685	-	159	27053302	48118
chr7	1801808	2001808	harbor2	chr7	1803140	1803256	LTR/ERV1	2668	-	58	1803198	1390
chr7	1801808	2001808	harbor2	chr7	1803555	1803916	LTR/ERV1	2668	-	180	1803735	1927
chr7	1801808	2001808	harbor2	chr7	1803922	1804580	LTR/ERV1	3270	-	329	1804251	2443
chr7	1801808	2001808	harbor2	chr7	1835608	1836021	LTR/ERV1	4412	-	206	1835814	34006
chr7	1801808	2001808	harbor2	chr7	1836319	1836554	LTR/ERV1	4412	-	118	1836437	34629
chr7	1801810	2001810	harbor2	chr7	1803140	1803256	LTR/ERV1	2668	-	58	1803198	1388
chr7	1801810	2001810	harbor2	chr7	1803555	1803916	LTR/ERV1	2668	-	180	1803735	1925
chr7	1801810	2001810	harbor2	chr7	1803922	1804580	LTR/ERV1	3270	-	329	1804251	2441
chr7	1801810	2001810	harbor2	chr7	1835608	1836021	LTR/ERV1	4412	-	206	1835814	34004
chr7	1801810	2001810	harbor2	chr7	1836319	1836554	LTR/ERV1	4412	-	118	1836437	34627
chr7	97828524	98028524	harbor2	chr7	97842067	97843409	LTR/ERV1	7217	-	671	97842738	14214
chr7	97828524	98028524	harbor2	chr7	97878279	97878408	LTR/ERV1	767	-	64	97878343	49819
chr7	1807387	2007387	harbor2	chr7	1835608	1836021	LTR/ERV1	4412	-	206	1835814	28427
chr7	1807387	2007387	harbor2	chr7	1836319	1836554	LTR/ERV1	4412	-	118	1836437	29050
chr7	100028636	100228636	harbor2	chr7	100086944	100087404	LTR/ERV1	2311	-	230	100087174	58538
chr7	100028636	100228636	harbor2	chr7	100087898	100088038	LTR/ERV1	846	-	70	100087968	59332
chr7	20777006	20977006	harbor2	chr7	20835100	20835446	LTR/ERV1	2120	-	173	20835273	58267
chr7	44507472	44707472	harbor2	chr7	44556133	44556367	LTR/ERV1	1332	-	117	44556250	48778
chr7	159003487	159203487	harbor2	chr7	159021063	159021316	LTR/ERV1	1329	-	126	159021189	17702
chr7	159003487	159203487	harbor2	chr7	159062297	159063685	LTR/ERV1	8269	-	694	159062991	59504
chr7	100329872	100529872	harbor2	chr7	100349365	100349910	LTR/ERV1	1178	-	272	100349637	19765
chr7	44440642	44640642	harbor2	chr7	44491315	44491662	LTR/ERV1	950	-	174	44491489	50847
chr7	44440642	44640642	harbor2	chr7	44494050	44494164	LTR/ERV1	528	-	57	44494107	53465
chr7	44440642	44640642	harbor2	chr7	44506516	44506945	LTR/ERV1	2402	-	214	44506730	66088
chr7	44440642	44640642	harbor2	chr7	44507301	44507323	LTR/ERV1	2402	-	11	44507312	66670
chr7	26112552	26312552	harbor2	chr7	26131894	26132331	LTR/ERV1	2959	-	218	26132112	19560
chr7	26112552	26312552	harbor2	chr7	26135373	26135829	LTR/ERV1	2592	-	228	26135601	23049
chr7	26112552	26312552	harbor2	chr7	26141784	26142449	LTR/ERV1	3962	-	332	26142116	29564
chr7	26112552	26312552	harbor2	chr7	26180124	26180254	LTR/ERV1	486	-	65	26180189	67637
chr7	27008623	27208623	harbor2	chr7	27053143	27053461	LTR/ERV1	1685	-	159	27053302	44679
chr7	44696651	44896651	harbor2	chr7	44716597	44716716	LTR/ERV1	753	-	60	44716657	20006
chr7	44696651	44896651	harbor2	chr7	44716687	44716719	LTR/ERV1	3066	-	16	44716703	20052
chr7	44696651	44896651	harbor2	chr7	44717027	44717446	LTR/ERV1	3066	-	210	44717237	20586
chr7	44696651	44896651	harbor2	chr7	44717448	44717666	LTR/ERV1	5621	-	109	44717557	20906
chr7	44696651	44896651	harbor2	chr7	44718264	44718818	LTR/ERV1	7232	-	277	44718541	21890
chr7	44696651	44896651	harbor2	chr7	44719083	44719228	LTR/ERV1	7232	-	72	44719155	22504
chr7	44696651	44896651	harbor2	chr7	44720016	44720082	LTR/ERV1	7232	-	33	44720049	23398
chr7	44696651	44896651	harbor2	chr7	44720366	44721344	LTR/ERV1	7232	-	489	44720855	24204
chr7	44696651	44896651	harbor2	chr7	44721645	44721675	LTR/ERV1	7232	-	15	44721660	25009
chr7	44696651	44896651	harbor2	chr7	44721989	44722427	LTR/ERV1	7232	-	219	44722208	25557
chr7	44696651	44896651	harbor2	chr7	44723376	44723869	LTR/ERV1	3345	-	246	44723622	26971
chr7	44696651	44896651	harbor2	chr7	44723870	44723996	LTR/ERV1	871	-	63	44723933	27282
chr7	44696651	44896651	harbor2	chr7	44723999	44724095	LTR/ERV1	823	-	48	44724047	27396
chr7	44696651	44896651	harbor2	chr7	44724376	44724538	LTR/ERV1	823	-	81	44724457	27806
chr7	44696651	44896651	harbor2	chr7	44726266	44726863	LTR/ERV1	4564	-	298	44726564	29913
chr7	44696651	44896651	harbor2	chr7	44741263	44741658	LTR/ERV1	945	-	198	44741461	44810
chr7	100500037	100700037	harbor2	chr7	100506494	100506880	LTR/ERV1	2057	-	193	100506687	6650
chr7	25269994	25469994	harbor2	chr7	25279746	25280222	LTR/ERV1	1749	-	238	25279984	9990
chr7	25269994	25469994	harbor2	chr7	25286541	25286873	LTR/ERV1	1158	-	166	25286707	16713
chr7	25269994	25469994	harbor2	chr7	25286930	25287223	LTR/ERV1	1068	-	146	25287076	17082
chr7	150420511	150620511	harbor2	chr7	150434317	150434471	LTR/ERV1	487	-	77	150434394	13883
chr7	150420511	150620511	harbor2	chr7	150434772	150434986	LTR/ERV1	487	-	107	150434879	14368
chr7	150420511	150620511	harbor2	chr7	150461858	150462322	LTR/ERV1	3799	-	232	150462090	41579
chr7	150420511	150620511	harbor2	chr7	150472059	150472578	LTR/ERV1	1151	-	260	150472319	51808
chr7	93330	293330	harbor2	chr7	137434	137836	LTR/ERV1	1672	-	201	137635	44305
chr7	93330	293330	harbor2	chr7	138133	138258	LTR/ERV1	1224	-	62	138195	44865
chr7	93330	293330	harbor2	chr7	138555	139028	LTR/ERV1	1242	-	236	138791	45461
chr7	93330	293330	harbor2	chr7	145912	146318	LTR/ERV1	2808	-	203	146115	52785
chr7	93330	293330	harbor2	chr7	150600	151006	LTR/ERV1	1261	-	203	150803	57473
chr7	93330	293330	harbor2	chr7	146319	148890	LTR/ERV1	16815	-	1286	147605	54275
chr7	100501445	100701445	harbor2	chr7	100506494	100506880	LTR/ERV1	2057	-	193	100506687	5242
chr7	44441524	44641524	harbor2	chr7	44491315	44491662	LTR/ERV1	950	-	174	44491489	49965
chr7	44441524	44641524	harbor2	chr7	44494050	44494164	LTR/ERV1	528	-	57	44494107	52583
chr7	44441524	44641524	harbor2	chr7	44506516	44506945	LTR/ERV1	2402	-	214	44506730	65206
chr7	44441524	44641524	harbor2	chr7	44507301	44507323	LTR/ERV1	2402	-	11	44507312	65788
chr7	1802610	2002610	harbor2	chr7	1803140	1803256	LTR/ERV1	2668	-	58	1803198	588
chr7	1802610	2002610	harbor2	chr7	1803555	1803916	LTR/ERV1	2668	-	180	1803735	1125
chr7	1802610	2002610	harbor2	chr7	1803922	1804580	LTR/ERV1	3270	-	329	1804251	1641
chr7	1802610	2002610	harbor2	chr7	1835608	1836021	LTR/ERV1	4412	-	206	1835814	33204
chr7	1802610	2002610	harbor2	chr7	1836319	1836554	LTR/ERV1	4412	-	118	1836437	33827
chr7	25270014	25470014	harbor2	chr7	25279746	25280222	LTR/ERV1	1749	-	238	25279984	9970
chr7	25270014	25470014	harbor2	chr7	25286541	25286873	LTR/ERV1	1158	-	166	25286707	16693
chr7	25270014	25470014	harbor2	chr7	25286930	25287223	LTR/ERV1	1068	-	146	25287076	17062
chr7	27027581	27227581	harbor2	chr7	27053143	27053461	LTR/ERV1	1685	-	159	27053302	25721
chr7	1802262	2002262	harbor2	chr7	1803140	1803256	LTR/ERV1	2668	-	58	1803198	936
chr7	1802262	2002262	harbor2	chr7	1803555	1803916	LTR/ERV1	2668	-	180	1803735	1473
chr7	1802262	2002262	harbor2	chr7	1803922	1804580	LTR/ERV1	3270	-	329	1804251	1989
chr7	1802262	2002262	harbor2	chr7	1835608	1836021	LTR/ERV1	4412	-	206	1835814	33552
chr7	1802262	2002262	harbor2	chr7	1836319	1836554	LTR/ERV1	4412	-	118	1836437	34175
chr7	104911716	105111716	harbor2	chr7	104927431	104927758	LTR/ERV1	2065	-	164	104927595	15879
chr7	104911716	105111716	harbor2	chr7	104935554	104935933	LTR/ERV1	2580	-	190	104935744	24028
chr7	104911716	105111716	harbor2	chr7	104938288	104938359	LTR/ERV1	635	-	36	104938324	26608
chr7	104911716	105111716	harbor2	chr7	104938639	104938819	LTR/ERV1	635	-	90	104938729	27013
chr7	6060741	6260741	harbor2	chr7	6096282	6096725	LTR/ERV1	2662	-	222	6096504	35763
chr7	155288885	155488885	harbor2	chr7	155385057	155385808	LTR/ERV1	5525	-	376	155385433	96548
chr7	31973371	32173371	harbor2	chr7	32013305	32013887	LTR/ERV1	4517	-	291	32013596	40225
chr7	44697576	44897576	harbor2	chr7	44716597	44716716	LTR/ERV1	753	-	60	44716657	19081
chr7	44697576	44897576	harbor2	chr7	44716687	44716719	LTR/ERV1	3066	-	16	44716703	19127
chr7	44697576	44897576	harbor2	chr7	44717027	44717446	LTR/ERV1	3066	-	210	44717237	19661
chr7	44697576	44897576	harbor2	chr7	44717448	44717666	LTR/ERV1	5621	-	109	44717557	19981
chr7	44697576	44897576	harbor2	chr7	44718264	44718818	LTR/ERV1	7232	-	277	44718541	20965
chr7	44697576	44897576	harbor2	chr7	44719083	44719228	LTR/ERV1	7232	-	72	44719155	21579
chr7	44697576	44897576	harbor2	chr7	44720016	44720082	LTR/ERV1	7232	-	33	44720049	22473
chr7	44697576	44897576	harbor2	chr7	44720366	44721344	LTR/ERV1	7232	-	489	44720855	23279
chr7	44697576	44897576	harbor2	chr7	44721645	44721675	LTR/ERV1	7232	-	15	44721660	24084
chr7	44697576	44897576	harbor2	chr7	44721989	44722427	LTR/ERV1	7232	-	219	44722208	24632
chr7	44697576	44897576	harbor2	chr7	44723376	44723869	LTR/ERV1	3345	-	246	44723622	26046
chr7	44697576	44897576	harbor2	chr7	44723870	44723996	LTR/ERV1	871	-	63	44723933	26357
chr7	44697576	44897576	harbor2	chr7	44723999	44724095	LTR/ERV1	823	-	48	44724047	26471
chr7	44697576	44897576	harbor2	chr7	44724376	44724538	LTR/ERV1	823	-	81	44724457	26881
chr7	44697576	44897576	harbor2	chr7	44726266	44726863	LTR/ERV1	4564	-	298	44726564	28988
chr7	44697576	44897576	harbor2	chr7	44741263	44741658	LTR/ERV1	945	-	198	44741461	43885
chr7	47569705	47769705	harbor2	chr7	47613365	47613861	LTR/ERV1	985	-	248	47613613	43908
chr7	47569705	47769705	harbor2	chr7	47616862	47616877	LTR/ERV1	2270	-	8	47616870	47165
chr7	47569705	47769705	harbor2	chr7	47617182	47617404	LTR/ERV1	2270	-	111	47617293	47588
chr7	47569705	47769705	harbor2	chr7	47617696	47617857	LTR/ERV1	2270	-	80	47617776	48071
chr7	47569705	47769705	harbor2	chr7	47621722	47622564	LTR/ERV1	5256	-	421	47622143	52438
chr7	47569705	47769705	harbor2	chr7	47627520	47627955	LTR/ERV1	2316	-	218	47627738	58033
chr7	44441056	44641056	harbor2	chr7	44491315	44491662	LTR/ERV1	950	-	174	44491489	50433
chr7	44441056	44641056	harbor2	chr7	44494050	44494164	LTR/ERV1	528	-	57	44494107	53051
chr7	44441056	44641056	harbor2	chr7	44506516	44506945	LTR/ERV1	2402	-	214	44506730	65674
chr7	44441056	44641056	harbor2	chr7	44507301	44507323	LTR/ERV1	2402	-	11	44507312	66256
chr7	90145189	90345189	harbor2	chr7	90175688	90177131	LTR/ERV1	6615	-	722	90176410	31221
chr7	90145189	90345189	harbor2	chr7	90188200	90188732	LTR/ERV1	1782	-	266	90188466	43277
chr7	90145189	90345189	harbor2	chr7	90190385	90191058	LTR/ERV1	1620	-	336	90190721	45532
chr7	90145189	90345189	harbor2	chr7	90191594	90192484	LTR/ERV1	4342	-	445	90192039	46850
chr7	90145189	90345189	harbor2	chr7	90194319	90194618	LTR/ERV1	1418	-	150	90194469	49280
chr7	90145189	90345189	harbor2	chr7	90195590	90195776	LTR/ERV1	590	-	93	90195683	50494
chr7	90145189	90345189	harbor2	chr7	90243521	90244285	LTR/ERV1	5006	-	382	90243903	98714
chr7	90145189	90345189	harbor2	chr7	90244437	90244608	LTR/ERV1	5006	-	86	90244523	99334
chr7	90145189	90345189	harbor2	chr7	90192907	90194038	LTR/ERV1	6520	-	566	90193473	48284
chr7	156540425	156740425	harbor2	chr7	156591979	156592568	LTR/ERV1	3292	-	294	156592273	51848
chr7	156540425	156740425	harbor2	chr7	156619862	156620413	LTR/ERV1	4648	-	276	156620138	79713
chr7	21327951	21527951	harbor2	chr7	21327880	21328511	LTR/ERV1	4664	-	316	21328196	245
chr7	21327951	21527951	harbor2	chr7	21329133	21331037	LTR/ERV1	8626	-	952	21330085	2134
chr7	21327951	21527951	harbor2	chr7	21347465	21348146	LTR/ERV1	3808	-	340	21347805	19854
chr7	21327951	21527951	harbor2	chr7	21372950	21373408	LTR/ERV1	3465	-	229	21373179	45228
chr7	21327951	21527951	harbor2	chr7	21402376	21403057	LTR/ERV1	5094	-	340	21402716	74765
chr7	21327951	21527951	harbor2	chr7	21407286	21407534	LTR/ERV1	922	-	124	21407410	79459
chr7	21327951	21527951	harbor2	chr7	21410510	21411212	LTR/ERV1	4001	-	351	21410861	82910
chr7	21327951	21527951	harbor2	chr7	21424558	21425042	LTR/ERV1	1912	-	242	21424800	96849
chr7	21327951	21527951	harbor2	chr7	21397445	21398042	LTR/ERV1	3595	-	298	21397743	69792
chr7	1801800	2001800	harbor2	chr7	1803140	1803256	LTR/ERV1	2668	-	58	1803198	1398
chr7	1801800	2001800	harbor2	chr7	1803555	1803916	LTR/ERV1	2668	-	180	1803735	1935
chr7	1801800	2001800	harbor2	chr7	1803922	1804580	LTR/ERV1	3270	-	329	1804251	2451
chr7	1801800	2001800	harbor2	chr7	1835608	1836021	LTR/ERV1	4412	-	206	1835814	34014
chr7	1801800	2001800	harbor2	chr7	1836319	1836554	LTR/ERV1	4412	-	118	1836437	34637
chr7	107099067	107299067	harbor2	chr7	107104335	107104870	LTR/ERV1	502	-	268	107104603	5536
chr7	107099067	107299067	harbor2	chr7	107105358	107107054	LTR/ERV1	7978	-	848	107106206	7139
chr7	107099067	107299067	harbor2	chr7	107107348	107107537	LTR/ERV1	7978	-	94	107107442	8375
chr7	107099067	107299067	harbor2	chr7	107108830	107109245	LTR/ERV1	2863	-	208	107109038	9971
chr7	107099067	107299067	harbor2	chr7	107109562	107109619	LTR/ERV1	2863	-	28	107109590	10523
chr7	107099067	107299067	harbor2	chr7	107129552	107130100	LTR/ERV1	4401	-	274	107129826	30759
chr7	129414069	129614069	harbor2	chr7	129489377	129489782	LTR/ERV1	857	-	202	129489579	75510
chr7	150916077	151116077	harbor2	chr7	150990675	150991176	LTR/ERV1	2621	-	250	150990925	74848
chr7	157236951	157436951	harbor2	chr7	157287703	157287883	LTR/ERV1	3548	-	90	157287793	50842
chr7	157236951	157436951	harbor2	chr7	157288182	157288735	LTR/ERV1	3548	-	276	157288458	51507
chr7	157236951	157436951	harbor2	chr7	157305129	157305306	LTR/ERV1	2348	-	88	157305217	68266
chr7	157236951	157436951	harbor2	chr7	157305639	157305790	LTR/ERV1	2348	-	76	157305715	68764
chr7	157236951	157436951	harbor2	chr7	157306607	157306944	LTR/ERV1	2372	-	168	157306775	69824
chr7	157236951	157436951	harbor2	chr7	157307768	157308147	LTR/ERV1	4100	-	190	157307958	71007
chr7	157236951	157436951	harbor2	chr7	157308733	157308802	LTR/ERV1	4100	-	34	157308767	71816
chr7	157236951	157436951	harbor2	chr7	157309106	157309293	LTR/ERV1	4100	-	94	157309200	72249
chr7	157236951	157436951	harbor2	chr7	157310655	157311042	LTR/ERV1	993	-	194	157310849	73898
chr7	157236951	157436951	harbor2	chr7	157334926	157335344	LTR/ERV1	567	-	209	157335135	98184
chr7	92428769	92628769	harbor2	chr7	92445118	92445146	LTR/ERV1	2090	-	14	92445132	16363
chr7	92428769	92628769	harbor2	chr7	92445419	92445953	LTR/ERV1	2090	-	267	92445686	16917
chr7	92428769	92628769	harbor2	chr7	92466490	92467035	LTR/ERV1	2981	-	272	92466762	37993
chr7	92428769	92628769	harbor2	chr7	92467328	92467472	LTR/ERV1	2981	-	72	92467400	38631
chr7	92428769	92628769	harbor2	chr7	92467999	92468706	LTR/ERV1	5781	-	354	92468353	39584
chr7	92428769	92628769	harbor2	chr7	92476710	92477412	LTR/ERV1	59560	-	351	92477061	48292
chr7	92428769	92628769	harbor2	chr7	92477413	92478192	LTR/ERV1	6244	-	390	92477803	49034
chr7	92428769	92628769	harbor2	chr7	92479193	92479587	LTR/ERV1	1973	-	197	92479390	50621
chr7	92428769	92628769	harbor2	chr7	92479588	92480028	LTR/ERV1	2932	-	220	92479808	51039
chr7	92428769	92628769	harbor2	chr7	92480009	92484840	LTR/ERV1	21114	-	2416	92482425	53656
chr7	92428769	92628769	harbor2	chr7	92484841	92485274	LTR/ERV1	2421	-	216	92485057	56288
chr7	92428769	92628769	harbor2	chr7	92468707	92476596	LTR/ERV1	59560	-	3944	92472651	43882
chr7	26995482	27195482	harbor2	chr7	27053143	27053461	LTR/ERV1	1685	-	159	27053302	57820
chr7	147804168	148004168	harbor2	chr7	147876774	147877298	LTR/ERV1	775	-	262	147877036	72868
chr7	147804168	148004168	harbor2	chr7	147896330	147897011	LTR/ERV1	5190	-	340	147896670	92502
chr7	44466421	44666421	harbor2	chr7	44491315	44491662	LTR/ERV1	950	-	174	44491489	25068
chr7	44466421	44666421	harbor2	chr7	44494050	44494164	LTR/ERV1	528	-	57	44494107	27686
chr7	44466421	44666421	harbor2	chr7	44506516	44506945	LTR/ERV1	2402	-	214	44506730	40309
chr7	44466421	44666421	harbor2	chr7	44507301	44507323	LTR/ERV1	2402	-	11	44507312	40891
chr7	44466421	44666421	harbor2	chr7	44556133	44556367	LTR/ERV1	1332	-	117	44556250	89829
chr7	152811886	153011886	harbor2	chr7	152867321	152867548	LTR/ERV1	576	-	114	152867435	55549
chr8	23428848	23628848	harbor2	chr8	23464730	23465180	LTR/ERV1	3146	-	225	23464955	36107
chr8	38169595	38369595	harbor2	chr8	38202985	38203281	LTR/ERV1	618	-	148	38203133	33538
chr8	38169595	38369595	harbor2	chr8	38203581	38203620	LTR/ERV1	442	-	20	38203601	34006
chr8	38169595	38369595	harbor2	chr8	38203854	38203970	LTR/ERV1	454	-	58	38203912	34317
chr8	23429416	23629416	harbor2	chr8	23464730	23465180	LTR/ERV1	3146	-	225	23464955	35539
chr8	124273072	124473072	harbor2	chr8	124363492	124363574	LTR/ERV1	1410	-	41	124363533	90461
chr8	124273072	124473072	harbor2	chr8	124363867	124364030	LTR/ERV1	1410	-	82	124363949	90877
chr8	23428811	23628811	harbor2	chr8	23464730	23465180	LTR/ERV1	3146	-	225	23464955	36144
chr8	23439328	23639328	harbor2	chr8	23464730	23465180	LTR/ERV1	3146	-	225	23464955	25627
chr8	23428778	23628778	harbor2	chr8	23464730	23465180	LTR/ERV1	3146	-	225	23464955	36177
chr8	142525378	142725378	harbor2	chr8	142552343	142553181	LTR/ERV1	4181	-	419	142552762	27384
chr8	142525378	142725378	harbor2	chr8	142554380	142554849	LTR/ERV1	2729	-	234	142554614	29236
chr8	23428784	23628784	harbor2	chr8	23464730	23465180	LTR/ERV1	3146	-	225	23464955	36171
chr8	23428892	23628892	harbor2	chr8	23464730	23465180	LTR/ERV1	3146	-	225	23464955	36063
chr8	23429271	23629271	harbor2	chr8	23464730	23465180	LTR/ERV1	3146	-	225	23464955	35684
chr8	23430686	23630686	harbor2	chr8	23464730	23465180	LTR/ERV1	3146	-	225	23464955	34269
chr8	17985030	18185030	harbor2	chr8	18007978	18008109	LTR/ERV1	753	-	66	18008044	23014
chr8	17985030	18185030	harbor2	chr8	18008575	18008960	LTR/ERV1	2062	-	192	18008767	23737
chr8	23429353	23629353	harbor2	chr8	23464730	23465180	LTR/ERV1	3146	-	225	23464955	35602
chr8	23428870	23628870	harbor2	chr8	23464730	23465180	LTR/ERV1	3146	-	225	23464955	36085
chr8	23429241	23629241	harbor2	chr8	23464730	23465180	LTR/ERV1	3146	-	225	23464955	35714
chr8	23428834	23628834	harbor2	chr8	23464730	23465180	LTR/ERV1	3146	-	225	23464955	36121
chr8	29150120	29350120	harbor2	chr8	29154423	29154827	LTR/ERV1	1042	-	202	29154625	4505
chr8	23428832	23628832	harbor2	chr8	23464730	23465180	LTR/ERV1	3146	-	225	23464955	36123
chr8	23428810	23628810	harbor2	chr8	23464730	23465180	LTR/ERV1	3146	-	225	23464955	36145
chr8	23432814	23632814	harbor2	chr8	23464730	23465180	LTR/ERV1	3146	-	225	23464955	32141
chr8	23430803	23630803	harbor2	chr8	23464730	23465180	LTR/ERV1	3146	-	225	23464955	34152
chr8	11492953	11692953	harbor2	chr8	11527488	11528045	LTR/ERV1	3617	-	278	11527766	34813
chr8	11492953	11692953	harbor2	chr8	11528330	11528494	LTR/ERV1	3617	-	82	11528412	35459
chr8	11492953	11692953	harbor2	chr8	11528512	11528765	LTR/ERV1	4530	-	126	11528638	35685
chr8	11492953	11692953	harbor2	chr8	11529109	11529155	LTR/ERV1	4530	-	23	11529132	36179
chr8	11492953	11692953	harbor2	chr8	11529156	11529852	LTR/ERV1	4823	-	348	11529504	36551
chr8	11492953	11692953	harbor2	chr8	11529853	11530756	LTR/ERV1	4849	-	452	11530305	37352
chr8	38169968	38369968	harbor2	chr8	38202985	38203281	LTR/ERV1	618	-	148	38203133	33165
chr8	38169968	38369968	harbor2	chr8	38203581	38203620	LTR/ERV1	442	-	20	38203601	33633
chr8	38169968	38369968	harbor2	chr8	38203854	38203970	LTR/ERV1	454	-	58	38203912	33944
chr8	23428809	23628809	harbor2	chr8	23464730	23465180	LTR/ERV1	3146	-	225	23464955	36146
chr8	23428725	23628725	harbor2	chr8	23464730	23465180	LTR/ERV1	3146	-	225	23464955	36230
chr8	23429172	23629172	harbor2	chr8	23464730	23465180	LTR/ERV1	3146	-	225	23464955	35783
chr8	23428835	23628835	harbor2	chr8	23464730	23465180	LTR/ERV1	3146	-	225	23464955	36120
chr8	23429068	23629068	harbor2	chr8	23464730	23465180	LTR/ERV1	3146	-	225	23464955	35887
chr8	38169167	38369167	harbor2	chr8	38202985	38203281	LTR/ERV1	618	-	148	38203133	33966
chr8	38169167	38369167	harbor2	chr8	38203581	38203620	LTR/ERV1	442	-	20	38203601	34434
chr8	38169167	38369167	harbor2	chr8	38203854	38203970	LTR/ERV1	454	-	58	38203912	34745
chr8	23428926	23628926	harbor2	chr8	23464730	23465180	LTR/ERV1	3146	-	225	23464955	36029
chr8	142524851	142724851	harbor2	chr8	142552343	142553181	LTR/ERV1	4181	-	419	142552762	27911
chr8	142524851	142724851	harbor2	chr8	142554380	142554849	LTR/ERV1	2729	-	234	142554614	29763
chr8	23428913	23628913	harbor2	chr8	23464730	23465180	LTR/ERV1	3146	-	225	23464955	36042
chr8	90979035	91179035	harbor2	chr8	91015557	91016146	LTR/ERV1	4831	-	294	91015851	36816
chr8	90979035	91179035	harbor2	chr8	91059878	91060332	LTR/ERV1	2918	-	227	91060105	81070
chr8	23429294	23629294	harbor2	chr8	23464730	23465180	LTR/ERV1	3146	-	225	23464955	35661
chr8	25357718	25557718	harbor2	chr8	25365377	25365842	LTR/ERV1	1593	-	232	25365609	7891
chr8	38169193	38369193	harbor2	chr8	38202985	38203281	LTR/ERV1	618	-	148	38203133	33940
chr8	38169193	38369193	harbor2	chr8	38203581	38203620	LTR/ERV1	442	-	20	38203601	34408
chr8	38169193	38369193	harbor2	chr8	38203854	38203970	LTR/ERV1	454	-	58	38203912	34719
chr8	30073247	30273247	harbor2	chr8	30092154	30092560	LTR/ERV1	1555	-	203	30092357	19110
chr8	30073247	30273247	harbor2	chr8	30093046	30093163	LTR/ERV1	813	-	58	30093104	19857
chr8	30073247	30273247	harbor2	chr8	30093164	30093523	LTR/ERV1	2084	-	180	30093344	20097
chr8	30073247	30273247	harbor2	chr8	30093808	30093855	LTR/ERV1	813	-	24	30093832	20585
chr8	30073247	30273247	harbor2	chr8	30094288	30094807	LTR/ERV1	2721	-	260	30094548	21301
chr8	23429109	23629109	harbor2	chr8	23464730	23465180	LTR/ERV1	3146	-	225	23464955	35846
chr8	102557354	102757354	harbor2	chr8	102584195	102584708	LTR/ERV1	3233	-	256	102584451	27097
chr8	23428807	23628807	harbor2	chr8	23464730	23465180	LTR/ERV1	3146	-	225	23464955	36148
chr8	23431300	23631300	harbor2	chr8	23464730	23465180	LTR/ERV1	3146	-	225	23464955	33655
chr8	23428847	23628847	harbor2	chr8	23464730	23465180	LTR/ERV1	3146	-	225	23464955	36108
chr8	23429149	23629149	harbor2	chr8	23464730	23465180	LTR/ERV1	3146	-	225	23464955	35806
chr8	23430721	23630721	harbor2	chr8	23464730	23465180	LTR/ERV1	3146	-	225	23464955	34234
chr8	27226138	27426138	harbor2	chr8	27270633	27270784	LTR/ERV1	432	-	76	27270709	44571
chr8	27226138	27426138	harbor2	chr8	27270963	27271168	LTR/ERV1	466	-	102	27271065	44927
chr8	27226138	27426138	harbor2	chr8	27312887	27312989	LTR/ERV1	2752	-	51	27312938	86800
chr8	27226138	27426138	harbor2	chr8	27313374	27314059	LTR/ERV1	2752	-	342	27313716	87578
chr8	27226138	27426138	harbor2	chr8	27278925	27279373	LTR/ERV1	3304	-	224	27279149	53011
chr8	23428862	23628862	harbor2	chr8	23464730	23465180	LTR/ERV1	3146	-	225	23464955	36093
chr8	23429308	23629308	harbor2	chr8	23464730	23465180	LTR/ERV1	3146	-	225	23464955	35647
chr8	90973852	91173852	harbor2	chr8	91015557	91016146	LTR/ERV1	4831	-	294	91015851	41999
chr8	90973852	91173852	harbor2	chr8	91059878	91060332	LTR/ERV1	2918	-	227	91060105	86253
chr8	38172676	38372676	harbor2	chr8	38202985	38203281	LTR/ERV1	618	-	148	38203133	30457
chr8	38172676	38372676	harbor2	chr8	38203581	38203620	LTR/ERV1	442	-	20	38203601	30925
chr8	38172676	38372676	harbor2	chr8	38203854	38203970	LTR/ERV1	454	-	58	38203912	31236
chr8	23428822	23628822	harbor2	chr8	23464730	23465180	LTR/ERV1	3146	-	225	23464955	36133
chr8	23432595	23632595	harbor2	chr8	23464730	23465180	LTR/ERV1	3146	-	225	23464955	32360
chr8	2870768	3070768	harbor2	chr8	2924235	2924566	LTR/ERV1	1975	-	166	2924401	53633
chr8	2870768	3070768	harbor2	chr8	2925078	2925188	LTR/ERV1	736	-	55	2925133	54365
chr8	23428886	23628886	harbor2	chr8	23464730	23465180	LTR/ERV1	3146	-	225	23464955	36069
chr8	23428849	23628849	harbor2	chr8	23464730	23465180	LTR/ERV1	3146	-	225	23464955	36106
chr8	23428839	23628839	harbor2	chr8	23464730	23465180	LTR/ERV1	3146	-	225	23464955	36116
chr8	23447867	23647867	harbor2	chr8	23464730	23465180	LTR/ERV1	3146	-	225	23464955	17088
chr8	42040647	42240647	harbor2	chr8	42122550	42123100	LTR/ERV1	4451	-	275	42122825	82178
chr8	42040647	42240647	harbor2	chr8	42123136	42123595	LTR/ERV1	3889	-	230	42123366	82719
chr8	12337432	12537432	harbor2	chr8	12349478	12350156	LTR/ERV1	4511	-	339	12349817	12385
chr8	12337432	12537432	harbor2	chr8	12358091	12358683	LTR/ERV1	4668	-	296	12358387	20955
chr8	30013870	30213870	harbor2	chr8	30034288	30034889	LTR/ERV1	2900	-	300	30034588	20718
chr8	30013870	30213870	harbor2	chr8	30092154	30092560	LTR/ERV1	1555	-	203	30092357	78487
chr8	30013870	30213870	harbor2	chr8	30093046	30093163	LTR/ERV1	813	-	58	30093104	79234
chr8	30013870	30213870	harbor2	chr8	30093164	30093523	LTR/ERV1	2084	-	180	30093344	79474
chr8	30013870	30213870	harbor2	chr8	30093808	30093855	LTR/ERV1	813	-	24	30093832	79962
chr8	30013870	30213870	harbor2	chr8	30094288	30094807	LTR/ERV1	2721	-	260	30094548	80678
chr8	141311590	141511590	harbor2	chr8	141340244	141340799	LTR/ERV1	2612	-	278	141340522	28932
chr8	23428736	23628736	harbor2	chr8	23464730	23465180	LTR/ERV1	3146	-	225	23464955	36219
chr8	23429123	23629123	harbor2	chr8	23464730	23465180	LTR/ERV1	3146	-	225	23464955	35832
chr8	143477721	143677721	harbor2	chr8	143546526	143546588	LTR/ERV1	643	-	31	143546557	68836
chr8	143477721	143677721	harbor2	chr8	143546880	143546947	LTR/ERV1	2006	-	34	143546914	69193
chr8	143477721	143677721	harbor2	chr8	143547254	143547574	LTR/ERV1	2006	-	160	143547414	69693
chr8	143477721	143677721	harbor2	chr8	143548371	143548475	LTR/ERV1	2006	-	52	143548423	70702
chr8	9052098	9252098	harbor2	chr8	9054423	9054642	LTR/ERV1	2497	-	110	9054533	2435
chr8	9052098	9252098	harbor2	chr8	9054953	9054999	LTR/ERV1	2497	-	23	9054976	2878
chr8	9052098	9252098	harbor2	chr8	9055000	9055387	LTR/ERV1	2481	-	194	9055194	3096
chr8	9052098	9252098	harbor2	chr8	9055388	9055574	LTR/ERV1	2497	-	93	9055481	3383
chr8	9052098	9252098	harbor2	chr8	9055838	9056019	LTR/ERV1	2497	-	90	9055928	3830
chr8	9052098	9252098	harbor2	chr8	9058914	9059313	LTR/ERV1	2627	-	200	9059114	7016
chr8	9052098	9252098	harbor2	chr8	9059314	9059688	LTR/ERV1	2204	-	187	9059501	7403
chr8	9052098	9252098	harbor2	chr8	9059689	9059904	LTR/ERV1	1408	-	108	9059797	7699
chr8	9052098	9252098	harbor2	chr8	9061629	9061776	LTR/ERV1	954	-	74	9061703	9605
chr8	9052098	9252098	harbor2	chr8	9061756	9064791	LTR/ERV1	20915	-	1518	9063274	11176
chr8	9052098	9252098	harbor2	chr8	9064794	9065195	LTR/ERV1	2668	-	200	9064994	12896
chr8	9052098	9252098	harbor2	chr8	9077320	9077756	LTR/ERV1	756	-	218	9077538	25440
chr8	9052098	9252098	harbor2	chr8	9079567	9079679	LTR/ERV1	1811	-	56	9079623	27525
chr8	9052098	9252098	harbor2	chr8	9079971	9080287	LTR/ERV1	1811	-	158	9080129	28031
chr8	9052098	9252098	harbor2	chr8	9081731	9081837	LTR/ERV1	735	-	53	9081784	29686
chr8	9052098	9252098	harbor2	chr8	9059906	9061638	LTR/ERV1	8764	-	866	9060772	8674
chr8	141003841	141203841	harbor2	chr8	141091020	141091119	LTR/ERV1	556	-	50	141091070	87229
chr8	141003841	141203841	harbor2	chr8	141091743	141092103	LTR/ERV1	1898	-	180	141091923	88082
chr8	32680396	32880396	harbor2	chr8	32776933	32777351	LTR/ERV1	1972	-	209	32777142	96746
chr8	32680396	32880396	harbor2	chr8	32777424	32778380	LTR/ERV1	6869	-	478	32777902	97506
chr8	54001877	54201877	harbor2	chr8	54087754	54088344	LTR/ERV1	4827	-	295	54088049	86172
chr8	38169170	38369170	harbor2	chr8	38202985	38203281	LTR/ERV1	618	-	148	38203133	33963
chr8	38169170	38369170	harbor2	chr8	38203581	38203620	LTR/ERV1	442	-	20	38203601	34431
chr8	38169170	38369170	harbor2	chr8	38203854	38203970	LTR/ERV1	454	-	58	38203912	34742
chr8	42742785	42942785	harbor2	chr8	42789681	42789768	LTR/ERV1	558	-	44	42789725	46940
chr8	42742785	42942785	harbor2	chr8	42789776	42790259	LTR/ERV1	3575	-	242	42790018	47233
chr8	42742785	42942785	harbor2	chr8	42790260	42790621	LTR/ERV1	1846	-	180	42790440	47655
chr8	42742785	42942785	harbor2	chr8	42792413	42792824	LTR/ERV1	3729	-	206	42792619	49834
chr8	42742785	42942785	harbor2	chr8	42793131	42793370	LTR/ERV1	3729	-	120	42793251	50466
chr8	42742785	42942785	harbor2	chr8	42794180	42794417	LTR/ERV1	844	-	118	42794298	51513
chr8	42742785	42942785	harbor2	chr8	42803799	42804189	LTR/ERV1	983	-	195	42803994	61209
chr8	42742785	42942785	harbor2	chr8	42808817	42808955	LTR/ERV1	559	-	69	42808886	66101
chr8	42742785	42942785	harbor2	chr8	42808969	42809053	LTR/ERV1	1249	-	42	42809011	66226
chr8	42742785	42942785	harbor2	chr8	42809352	42809490	LTR/ERV1	1249	-	69	42809421	66636
chr8	42742785	42942785	harbor2	chr8	42810108	42810282	LTR/ERV1	1249	-	87	42810195	67410
chr8	42742785	42942785	harbor2	chr8	42810589	42810604	LTR/ERV1	1249	-	8	42810597	67812
chr8	42742785	42942785	harbor2	chr8	42810636	42810802	LTR/ERV1	517	-	83	42810719	67934
chr8	42742785	42942785	harbor2	chr8	42810935	42811131	LTR/ERV1	822	-	98	42811033	68248
chr8	42742785	42942785	harbor2	chr8	42832729	42833240	LTR/ERV1	3847	-	256	42832985	90200
chr8	42742785	42942785	harbor2	chr8	42811386	42811809	LTR/ERV1	1606	-	212	42811598	68813
chr8	143458753	143658753	harbor2	chr8	143546526	143546588	LTR/ERV1	643	-	31	143546557	87804
chr8	143458753	143658753	harbor2	chr8	143546880	143546947	LTR/ERV1	2006	-	34	143546914	88161
chr8	143458753	143658753	harbor2	chr8	143547254	143547574	LTR/ERV1	2006	-	160	143547414	88661
chr8	143458753	143658753	harbor2	chr8	143548371	143548475	LTR/ERV1	2006	-	52	143548423	89670
chr8	23428733	23628733	harbor2	chr8	23464730	23465180	LTR/ERV1	3146	-	225	23464955	36222
chr8	23429202	23629202	harbor2	chr8	23464730	23465180	LTR/ERV1	3146	-	225	23464955	35753
chr8	125678475	125878475	harbor2	chr8	125703795	125704242	LTR/ERV1	1967	-	224	125704019	25544
chr8	125678475	125878475	harbor2	chr8	125755961	125756513	LTR/ERV1	4236	-	276	125756237	77762
chr8	23430734	23630734	harbor2	chr8	23464730	23465180	LTR/ERV1	3146	-	225	23464955	34221
chr8	8292230	8492230	harbor2	chr8	8358592	8359171	LTR/ERV1	2730	-	290	8358882	66652
chr8	8292230	8492230	harbor2	chr8	8359175	8359482	LTR/ERV1	1361	-	154	8359329	67099
chr8	8292230	8492230	harbor2	chr8	8359471	8362615	LTR/ERV1	9198	-	1572	8361043	68813
chr8	8292230	8492230	harbor2	chr8	8362617	8363270	LTR/ERV1	2213	-	326	8362943	70713
chr8	38169192	38369192	harbor2	chr8	38202985	38203281	LTR/ERV1	618	-	148	38203133	33941
chr8	38169192	38369192	harbor2	chr8	38203581	38203620	LTR/ERV1	442	-	20	38203601	34409
chr8	38169192	38369192	harbor2	chr8	38203854	38203970	LTR/ERV1	454	-	58	38203912	34720
chr8	54001882	54201882	harbor2	chr8	54087754	54088344	LTR/ERV1	4827	-	295	54088049	86167
chr8	143329372	143529372	harbor2	chr8	143354415	143354431	LTR/ERV1	703	-	8	143354423	25051
chr8	143329372	143529372	harbor2	chr8	143354732	143354900	LTR/ERV1	703	-	84	143354816	25444
chr8	23428636	23628636	harbor2	chr8	23464730	23465180	LTR/ERV1	3146	-	225	23464955	36319
chr8	23428840	23628840	harbor2	chr8	23464730	23465180	LTR/ERV1	3146	-	225	23464955	36115
chr8	27543509	27743509	harbor2	chr8	27555629	27556140	LTR/ERV1	2113	-	256	27555885	12376
chr8	27543509	27743509	harbor2	chr8	27561879	27562431	LTR/ERV1	4505	-	276	27562155	18646
chr8	25085369	25285369	harbor2	chr8	25177756	25178183	LTR/ERV1	2653	-	214	25177970	92601
chr8	23428828	23628828	harbor2	chr8	23464730	23465180	LTR/ERV1	3146	-	225	23464955	36127
chr8	23428920	23628920	harbor2	chr8	23464730	23465180	LTR/ERV1	3146	-	225	23464955	36035
chr8	141309378	141509378	harbor2	chr8	141340244	141340799	LTR/ERV1	2612	-	278	141340522	31144
chr8	29983300	30183300	harbor2	chr8	29997424	29997559	LTR/ERV1	2306	-	68	29997492	14192
chr8	29983300	30183300	harbor2	chr8	29997843	29998155	LTR/ERV1	2306	-	156	29997999	14699
chr8	29983300	30183300	harbor2	chr8	29998326	29998388	LTR/ERV1	509	-	31	29998357	15057
chr8	29983300	30183300	harbor2	chr8	30034288	30034889	LTR/ERV1	2900	-	300	30034588	51288
chr8	23428899	23628899	harbor2	chr8	23464730	23465180	LTR/ERV1	3146	-	225	23464955	36056
chr8	23651754	23851754	harbor2	chr8	23721751	23722170	LTR/ERV1	1420	-	210	23721961	70207
chr8	23651754	23851754	harbor2	chr8	23738277	23738368	LTR/ERV1	920	-	46	23738323	86569
chr8	23651754	23851754	harbor2	chr8	23738412	23738613	LTR/ERV1	920	-	100	23738512	86758
chr8	23651754	23851754	harbor2	chr8	23738682	23738859	LTR/ERV1	537	-	88	23738770	87016
chr8	600587	800587	harbor2	chr8	643997	644339	LTR/ERV1	567	-	171	644168	43581
chr8	600587	800587	harbor2	chr8	657153	657554	LTR/ERV1	2175	-	200	657353	56766
chr8	600587	800587	harbor2	chr8	657562	657945	LTR/ERV1	2590	-	192	657754	57167
chr8	41429283	41629283	harbor2	chr8	41499109	41499919	LTR/ERV1	5630	-	405	41499514	70231
chr8	144280379	144480379	harbor2	chr8	144368742	144369160	LTR/ERV1	3136	-	209	144368951	88572
chr8	144280379	144480379	harbor2	chr8	144369497	144369696	LTR/ERV1	3136	-	100	144369597	89218
chr8	144362830	144562830	harbor2	chr8	144368742	144369160	LTR/ERV1	3136	-	209	144368951	6121
chr8	144362830	144562830	harbor2	chr8	144369497	144369696	LTR/ERV1	3136	-	100	144369597	6767
chr8	144365516	144565516	harbor2	chr8	144368742	144369160	LTR/ERV1	3136	-	209	144368951	3435
chr8	144365516	144565516	harbor2	chr8	144369497	144369696	LTR/ERV1	3136	-	100	144369597	4081
chr8	142682932	142882932	harbor2	chr8	142685011	142685203	LTR/ERV1	970	-	96	142685107	2175
chr8	142682932	142882932	harbor2	chr8	142685506	142685912	LTR/ERV1	852	-	203	142685709	2777
chr8	142682932	142882932	harbor2	chr8	142686488	142686582	LTR/ERV1	493	-	47	142686535	3603
chr8	142682932	142882932	harbor2	chr8	142686582	142687123	LTR/ERV1	3725	-	270	142686852	3920
chr8	142682932	142882932	harbor2	chr8	142687416	142687531	LTR/ERV1	3725	-	58	142687474	4542
chr8	142682932	142882932	harbor2	chr8	142688574	142690795	LTR/ERV1	5494	-	1110	142689684	6752
chr8	142682932	142882932	harbor2	chr8	142690798	142691228	LTR/ERV1	2751	-	215	142691013	8081
chr8	142682932	142882932	harbor2	chr8	142691269	142691670	LTR/ERV1	555	-	200	142691469	8537
chr8	142682932	142882932	harbor2	chr8	142691677	142692677	LTR/ERV1	2321	-	500	142692177	9245
chr8	142682932	142882932	harbor2	chr8	142692730	142692987	LTR/ERV1	1419	-	128	142692858	9926
chr8	142682932	142882932	harbor2	chr8	142693519	142693659	LTR/ERV1	828	-	70	142693589	10657
chr8	142682932	142882932	harbor2	chr8	142694364	142694873	LTR/ERV1	3149	-	254	142694618	11686
chr8	142682932	142882932	harbor2	chr8	142697183	142697438	LTR/ERV1	885	-	128	142697311	14379
chr8	142682932	142882932	harbor2	chr8	142699824	142700158	LTR/ERV1	692	-	167	142699991	17059
chr8	142682932	142882932	harbor2	chr8	142728645	142728932	LTR/ERV1	1818	-	144	142728789	45857
chr8	142682932	142882932	harbor2	chr8	142729138	142729234	LTR/ERV1	748	-	48	142729186	46254
chr8	142682932	142882932	harbor2	chr8	142729235	142729403	LTR/ERV1	1271	-	84	142729319	46387
chr8	142682932	142882932	harbor2	chr8	142729404	142730444	LTR/ERV1	2010	-	520	142729924	46992
chr8	142682932	142882932	harbor2	chr8	142730633	142730744	LTR/ERV1	3299	-	56	142730689	47757
chr8	142682932	142882932	harbor2	chr8	142731045	142731563	LTR/ERV1	3299	-	259	142731304	48372
chr8	142682932	142882932	harbor2	chr8	142731965	142732161	LTR/ERV1	1548	-	98	142732063	49131
chr8	142682932	142882932	harbor2	chr8	142732208	142732864	LTR/ERV1	1548	-	328	142732536	49604
chr8	142682932	142882932	harbor2	chr8	142732889	142733469	LTR/ERV1	4142	-	290	142733179	50247
chr8	142682932	142882932	harbor2	chr8	142733473	142733586	LTR/ERV1	746	-	56	142733529	50597
chr8	142682932	142882932	harbor2	chr8	142733686	142734225	LTR/ERV1	3011	-	270	142733956	51024
chr8	142682932	142882932	harbor2	chr8	142687531	142688344	LTR/ERV1	3505	-	406	142687937	5005
chr8	48821299	49021299	harbor2	chr8	48896971	48897760	LTR/ERV1	4655	-	394	48897365	76066
chr8	142626665	142826665	harbor2	chr8	142641649	142641970	LTR/ERV1	944	-	160	142641809	15144
chr8	142626665	142826665	harbor2	chr8	142642024	142642472	LTR/ERV1	3567	-	224	142642248	15583
chr8	142626665	142826665	harbor2	chr8	142642481	142643160	LTR/ERV1	13759	-	340	142642821	16156
chr8	142626665	142826665	harbor2	chr8	142643451	142645397	LTR/ERV1	13759	-	973	142644424	17759
chr8	142626665	142826665	harbor2	chr8	142645692	142646192	LTR/ERV1	9873	-	250	142645942	19277
chr8	142626665	142826665	harbor2	chr8	142646410	142647273	LTR/ERV1	9873	-	432	142646842	20177
chr8	142626665	142826665	harbor2	chr8	142650773	142652222	LTR/ERV1	3448	-	724	142651497	24832
chr8	142626665	142826665	harbor2	chr8	142652226	142652750	LTR/ERV1	2902	-	262	142652488	25823
chr8	142626665	142826665	harbor2	chr8	142672610	142673238	LTR/ERV1	3303	-	314	142672924	46259
chr8	142626665	142826665	harbor2	chr8	142673463	142673957	LTR/ERV1	1773	-	247	142673710	47045
chr8	142626665	142826665	harbor2	chr8	142674410	142674643	LTR/ERV1	634	-	116	142674526	47861
chr8	142626665	142826665	harbor2	chr8	142676694	142676841	LTR/ERV1	858	-	74	142676768	50103
chr8	142626665	142826665	harbor2	chr8	142679419	142680003	LTR/ERV1	3080	-	292	142679711	53046
chr8	142626665	142826665	harbor2	chr8	142685011	142685203	LTR/ERV1	970	-	96	142685107	58442
chr8	142626665	142826665	harbor2	chr8	142685506	142685912	LTR/ERV1	852	-	203	142685709	59044
chr8	142626665	142826665	harbor2	chr8	142686488	142686582	LTR/ERV1	493	-	47	142686535	59870
chr8	142626665	142826665	harbor2	chr8	142686582	142687123	LTR/ERV1	3725	-	270	142686852	60187
chr8	142626665	142826665	harbor2	chr8	142687416	142687531	LTR/ERV1	3725	-	58	142687474	60809
chr8	142626665	142826665	harbor2	chr8	142688574	142690795	LTR/ERV1	5494	-	1110	142689684	63019
chr8	142626665	142826665	harbor2	chr8	142690798	142691228	LTR/ERV1	2751	-	215	142691013	64348
chr8	142626665	142826665	harbor2	chr8	142691269	142691670	LTR/ERV1	555	-	200	142691469	64804
chr8	142626665	142826665	harbor2	chr8	142691677	142692677	LTR/ERV1	2321	-	500	142692177	65512
chr8	142626665	142826665	harbor2	chr8	142692730	142692987	LTR/ERV1	1419	-	128	142692858	66193
chr8	142626665	142826665	harbor2	chr8	142693519	142693659	LTR/ERV1	828	-	70	142693589	66924
chr8	142626665	142826665	harbor2	chr8	142694364	142694873	LTR/ERV1	3149	-	254	142694618	67953
chr8	142626665	142826665	harbor2	chr8	142697183	142697438	LTR/ERV1	885	-	128	142697311	70646
chr8	142626665	142826665	harbor2	chr8	142699824	142700158	LTR/ERV1	692	-	167	142699991	73326
chr8	142626665	142826665	harbor2	chr8	142687531	142688344	LTR/ERV1	3505	-	406	142687937	61272
chr8	38169185	38369185	harbor2	chr8	38202985	38203281	LTR/ERV1	618	-	148	38203133	33948
chr8	38169185	38369185	harbor2	chr8	38203581	38203620	LTR/ERV1	442	-	20	38203601	34416
chr8	38169185	38369185	harbor2	chr8	38203854	38203970	LTR/ERV1	454	-	58	38203912	34727
chr8	142739966	142939966	harbor2	chr8	142822385	142822526	LTR/ERV1	512	-	70	142822455	82489
chr8	142739966	142939966	harbor2	chr8	142822894	142823245	LTR/ERV1	483	-	176	142823070	83104
chr8	142739966	142939966	harbor2	chr8	142836880	142837019	LTR/ERV1	1883	-	70	142836950	96984
chr8	142739966	142939966	harbor2	chr8	142837311	142837647	LTR/ERV1	1883	-	168	142837479	97513
chr8	141314854	141514854	harbor2	chr8	141340244	141340799	LTR/ERV1	2612	-	278	141340522	25668
chr8	26477941	26677941	harbor2	chr8	26526707	26527228	LTR/ERV1	1799	-	260	26526967	49026
chr8	102203037	102403037	harbor2	chr8	102215543	102215620	LTR/ERV1	432	-	38	102215581	12544
chr8	38172009	38372009	harbor2	chr8	38202985	38203281	LTR/ERV1	618	-	148	38203133	31124
chr8	38172009	38372009	harbor2	chr8	38203581	38203620	LTR/ERV1	442	-	20	38203601	31592
chr8	38172009	38372009	harbor2	chr8	38203854	38203970	LTR/ERV1	454	-	58	38203912	31903
chr8	23456020	23656020	harbor2	chr8	23464730	23465180	LTR/ERV1	3146	-	225	23464955	8935
chr8	38175043	38375043	harbor2	chr8	38202985	38203281	LTR/ERV1	618	-	148	38203133	28090
chr8	38175043	38375043	harbor2	chr8	38203581	38203620	LTR/ERV1	442	-	20	38203601	28558
chr8	38175043	38375043	harbor2	chr8	38203854	38203970	LTR/ERV1	454	-	58	38203912	28869
chr8	142525505	142725505	harbor2	chr8	142552343	142553181	LTR/ERV1	4181	-	419	142552762	27257
chr8	142525505	142725505	harbor2	chr8	142554380	142554849	LTR/ERV1	2729	-	234	142554614	29109
chr8	115390199	115590199	harbor2	chr8	115391637	115392009	LTR/ERV1	3139	-	186	115391823	1624
chr8	115390199	115590199	harbor2	chr8	115392593	115392692	LTR/ERV1	447	-	50	115392643	2444
chr8	115390199	115590199	harbor2	chr8	115392689	115393694	LTR/ERV1	2863	-	502	115393191	2992
chr8	115390199	115590199	harbor2	chr8	115392307	115392592	LTR/ERV1	3139	-	142	115392449	2250
chr8	23428854	23628854	harbor2	chr8	23464730	23465180	LTR/ERV1	3146	-	225	23464955	36101
chr8	23428795	23628795	harbor2	chr8	23464730	23465180	LTR/ERV1	3146	-	225	23464955	36160
chr8	142525504	142725504	harbor2	chr8	142552343	142553181	LTR/ERV1	4181	-	419	142552762	27258
chr8	142525504	142725504	harbor2	chr8	142554380	142554849	LTR/ERV1	2729	-	234	142554614	29110
chr8	42040637	42240637	harbor2	chr8	42122550	42123100	LTR/ERV1	4451	-	275	42122825	82188
chr8	42040637	42240637	harbor2	chr8	42123136	42123595	LTR/ERV1	3889	-	230	42123366	82729
chr8	142956401	143156401	harbor2	chr8	142967133	142967148	LTR/ERV1	2489	-	8	142967141	10740
chr8	142956401	143156401	harbor2	chr8	142967431	142967843	LTR/ERV1	2489	-	206	142967637	11236
chr8	142956401	143156401	harbor2	chr8	142967937	142968446	LTR/ERV1	3344	-	254	142968191	11790
chr8	142956401	143156401	harbor2	chr8	142992041	142992221	LTR/ERV1	895	-	90	142992131	35730
chr8	142956401	143156401	harbor2	chr8	142993468	142993940	LTR/ERV1	1917	-	236	142993704	37303
chr8	142956401	143156401	harbor2	chr8	142994477	142994959	LTR/ERV1	2054	-	241	142994718	38317
chr8	142956401	143156401	harbor2	chr8	142995196	142995828	LTR/ERV1	3557	-	316	142995512	39111
chr8	142956401	143156401	harbor2	chr8	142998196	142998793	LTR/ERV1	4486	-	298	142998494	42093
chr8	142956401	143156401	harbor2	chr8	142999090	142999420	LTR/ERV1	4486	-	165	142999255	42854
chr8	142956401	143156401	harbor2	chr8	142999721	143000000	LTR/ERV1	4486	-	140	142999861	43460
chr8	142956401	143156401	harbor2	chr8	143000001	143000636	LTR/ERV1	3274	-	318	143000319	43918
chr8	142956401	143156401	harbor2	chr8	143009291	143009324	LTR/ERV1	2832	-	16	143009307	52906
chr8	142956401	143156401	harbor2	chr8	143009631	143009846	LTR/ERV1	2832	-	108	143009739	53338
chr8	142956401	143156401	harbor2	chr8	143010158	143010534	LTR/ERV1	2832	-	188	143010346	53945
chr8	142956401	143156401	harbor2	chr8	143010535	143010700	LTR/ERV1	4190	-	82	143010617	54216
chr8	142956401	143156401	harbor2	chr8	143011012	143011543	LTR/ERV1	4190	-	266	143011278	54877
chr8	142956401	143156401	harbor2	chr8	143011871	143012446	LTR/ERV1	4190	-	288	143012159	55758
chr8	142956401	143156401	harbor2	chr8	143016323	143016499	LTR/ERV1	778	-	88	143016411	60010
chr8	141300777	141500777	harbor2	chr8	141340244	141340799	LTR/ERV1	2612	-	278	141340522	39745
chr8	10960481	11160481	harbor2	chr8	11055061	11055480	LTR/ERV1	1496	-	210	11055271	94790
chr8	38169198	38369198	harbor2	chr8	38202985	38203281	LTR/ERV1	618	-	148	38203133	33935
chr8	38169198	38369198	harbor2	chr8	38203581	38203620	LTR/ERV1	442	-	20	38203601	34403
chr8	38169198	38369198	harbor2	chr8	38203854	38203970	LTR/ERV1	454	-	58	38203912	34714
chr8	143327452	143527452	harbor2	chr8	143354415	143354431	LTR/ERV1	703	-	8	143354423	26971
chr8	143327452	143527452	harbor2	chr8	143354732	143354900	LTR/ERV1	703	-	84	143354816	27364
chr8	23429259	23629259	harbor2	chr8	23464730	23465180	LTR/ERV1	3146	-	225	23464955	35696
chr8	144365278	144565278	harbor2	chr8	144368742	144369160	LTR/ERV1	3136	-	209	144368951	3673
chr8	144365278	144565278	harbor2	chr8	144369497	144369696	LTR/ERV1	3136	-	100	144369597	4319
chr8	30059382	30259382	harbor2	chr8	30092154	30092560	LTR/ERV1	1555	-	203	30092357	32975
chr8	30059382	30259382	harbor2	chr8	30093046	30093163	LTR/ERV1	813	-	58	30093104	33722
chr8	30059382	30259382	harbor2	chr8	30093164	30093523	LTR/ERV1	2084	-	180	30093344	33962
chr8	30059382	30259382	harbor2	chr8	30093808	30093855	LTR/ERV1	813	-	24	30093832	34450
chr8	30059382	30259382	harbor2	chr8	30094288	30094807	LTR/ERV1	2721	-	260	30094548	35166
chr8	30068591	30268591	harbor2	chr8	30092154	30092560	LTR/ERV1	1555	-	203	30092357	23766
chr8	30068591	30268591	harbor2	chr8	30093046	30093163	LTR/ERV1	813	-	58	30093104	24513
chr8	30068591	30268591	harbor2	chr8	30093164	30093523	LTR/ERV1	2084	-	180	30093344	24753
chr8	30068591	30268591	harbor2	chr8	30093808	30093855	LTR/ERV1	813	-	24	30093832	25241
chr8	30068591	30268591	harbor2	chr8	30094288	30094807	LTR/ERV1	2721	-	260	30094548	25957
chr8	89884671	90084671	harbor2	chr8	89912327	89912473	LTR/ERV1	3557	-	73	89912400	27729
chr8	89884671	90084671	harbor2	chr8	89912775	89913407	LTR/ERV1	3557	-	316	89913091	28420
chr8	104533858	104733858	harbor2	chr8	104590329	104590768	LTR/ERV1	2798	-	220	104590549	56691
chr8	104533858	104733858	harbor2	chr8	104631879	104633439	LTR/ERV1	9202	-	780	104632659	98801
chr8	23428874	23628874	harbor2	chr8	23464730	23465180	LTR/ERV1	3146	-	225	23464955	36081
chr8	38169188	38369188	harbor2	chr8	38202985	38203281	LTR/ERV1	618	-	148	38203133	33945
chr8	38169188	38369188	harbor2	chr8	38203581	38203620	LTR/ERV1	442	-	20	38203601	34413
chr8	38169188	38369188	harbor2	chr8	38203854	38203970	LTR/ERV1	454	-	58	38203912	34724
chr8	23744917	23944917	harbor2	chr8	23816295	23816720	LTR/ERV1	3003	-	212	23816507	71590
chr9	137214575	137414575	harbor2	chr9	137289370	137289466	LTR/ERV1	505	-	48	137289418	74843
chr9	137214575	137414575	harbor2	chr9	137289769	137289804	LTR/ERV1	505	-	18	137289787	75212
chr9	137214575	137414575	harbor2	chr9	137290731	137290775	LTR/ERV1	770	-	22	137290753	76178
chr9	137214575	137414575	harbor2	chr9	137291081	137291269	LTR/ERV1	770	-	94	137291175	76600
chr9	21909388	22109388	harbor2	chr9	21933962	21934394	LTR/ERV1	3133	-	216	21934178	24790
chr9	21909388	22109388	harbor2	chr9	21935283	21935659	LTR/ERV1	1499	-	188	21935471	26083
chr9	137214566	137414566	harbor2	chr9	137289370	137289466	LTR/ERV1	505	-	48	137289418	74852
chr9	137214566	137414566	harbor2	chr9	137289769	137289804	LTR/ERV1	505	-	18	137289787	75221
chr9	137214566	137414566	harbor2	chr9	137290731	137290775	LTR/ERV1	770	-	22	137290753	76187
chr9	137214566	137414566	harbor2	chr9	137291081	137291269	LTR/ERV1	770	-	94	137291175	76609
chr9	4692826	4892826	harbor2	chr9	4752442	4752692	LTR/ERV1	1126	-	125	4752567	59741
chr9	4692826	4892826	harbor2	chr9	4753575	4753662	LTR/ERV1	480	-	44	4753619	60793
chr9	4692826	4892826	harbor2	chr9	4755575	4755863	LTR/ERV1	1640	-	144	4755719	62893
chr9	4692826	4892826	harbor2	chr9	4756168	4756240	LTR/ERV1	1640	-	36	4756204	63378
chr9	4692826	4892826	harbor2	chr9	4756261	4756546	LTR/ERV1	1781	-	142	4756403	63577
chr9	4692826	4892826	harbor2	chr9	4756775	4757260	LTR/ERV1	1930	-	242	4757017	64191
chr9	4692782	4892782	harbor2	chr9	4752442	4752692	LTR/ERV1	1126	-	125	4752567	59785
chr9	4692782	4892782	harbor2	chr9	4753575	4753662	LTR/ERV1	480	-	44	4753619	60837
chr9	4692782	4892782	harbor2	chr9	4755575	4755863	LTR/ERV1	1640	-	144	4755719	62937
chr9	4692782	4892782	harbor2	chr9	4756168	4756240	LTR/ERV1	1640	-	36	4756204	63422
chr9	4692782	4892782	harbor2	chr9	4756261	4756546	LTR/ERV1	1781	-	142	4756403	63621
chr9	4692782	4892782	harbor2	chr9	4756775	4757260	LTR/ERV1	1930	-	242	4757017	64235
chr9	4692810	4892810	harbor2	chr9	4752442	4752692	LTR/ERV1	1126	-	125	4752567	59757
chr9	4692810	4892810	harbor2	chr9	4753575	4753662	LTR/ERV1	480	-	44	4753619	60809
chr9	4692810	4892810	harbor2	chr9	4755575	4755863	LTR/ERV1	1640	-	144	4755719	62909
chr9	4692810	4892810	harbor2	chr9	4756168	4756240	LTR/ERV1	1640	-	36	4756204	63394
chr9	4692810	4892810	harbor2	chr9	4756261	4756546	LTR/ERV1	1781	-	142	4756403	63593
chr9	4692810	4892810	harbor2	chr9	4756775	4757260	LTR/ERV1	1930	-	242	4757017	64207
chr9	112389442	112589442	harbor2	chr9	112413710	112414293	LTR/ERV1	4949	-	292	112414002	24560
chr9	112389442	112589442	harbor2	chr9	112472532	112472565	LTR/ERV1	824	-	16	112472548	83106
chr9	112389442	112589442	harbor2	chr9	112472903	112473688	LTR/ERV1	2770	-	392	112473295	83853
chr9	112389442	112589442	harbor2	chr9	112473976	112474015	LTR/ERV1	2770	-	20	112473996	84554
chr9	4694791	4894791	harbor2	chr9	4752442	4752692	LTR/ERV1	1126	-	125	4752567	57776
chr9	4694791	4894791	harbor2	chr9	4753575	4753662	LTR/ERV1	480	-	44	4753619	58828
chr9	4694791	4894791	harbor2	chr9	4755575	4755863	LTR/ERV1	1640	-	144	4755719	60928
chr9	4694791	4894791	harbor2	chr9	4756168	4756240	LTR/ERV1	1640	-	36	4756204	61413
chr9	4694791	4894791	harbor2	chr9	4756261	4756546	LTR/ERV1	1781	-	142	4756403	61612
chr9	4694791	4894791	harbor2	chr9	4756775	4757260	LTR/ERV1	1930	-	242	4757017	62226
chr9	136639478	136839478	harbor2	chr9	136700982	136701141	LTR/ERV1	857	-	80	136701062	61584
chr9	136639478	136839478	harbor2	chr9	136738182	136738407	LTR/ERV1	1252	-	112	136738294	98816
chr9	136639478	136839478	harbor2	chr9	136738460	136738565	LTR/ERV1	514	-	52	136738512	99034
chr9	137070385	137270385	harbor2	chr9	137127600	137128119	LTR/ERV1	3182	-	260	137127860	57475
chr9	137070385	137270385	harbor2	chr9	137128653	137128856	LTR/ERV1	713	-	102	137128755	58370
chr9	112387666	112587666	harbor2	chr9	112413710	112414293	LTR/ERV1	4949	-	292	112414002	26336
chr9	112387666	112587666	harbor2	chr9	112472532	112472565	LTR/ERV1	824	-	16	112472548	84882
chr9	112387666	112587666	harbor2	chr9	112472903	112473688	LTR/ERV1	2770	-	392	112473295	85629
chr9	112387666	112587666	harbor2	chr9	112473976	112474015	LTR/ERV1	2770	-	20	112473996	86330
chr9	4692766	4892766	harbor2	chr9	4752442	4752692	LTR/ERV1	1126	-	125	4752567	59801
chr9	4692766	4892766	harbor2	chr9	4753575	4753662	LTR/ERV1	480	-	44	4753619	60853
chr9	4692766	4892766	harbor2	chr9	4755575	4755863	LTR/ERV1	1640	-	144	4755719	62953
chr9	4692766	4892766	harbor2	chr9	4756168	4756240	LTR/ERV1	1640	-	36	4756204	63438
chr9	4692766	4892766	harbor2	chr9	4756261	4756546	LTR/ERV1	1781	-	142	4756403	63637
chr9	4692766	4892766	harbor2	chr9	4756775	4757260	LTR/ERV1	1930	-	242	4757017	64251
chr9	4692809	4892809	harbor2	chr9	4752442	4752692	LTR/ERV1	1126	-	125	4752567	59758
chr9	4692809	4892809	harbor2	chr9	4753575	4753662	LTR/ERV1	480	-	44	4753619	60810
chr9	4692809	4892809	harbor2	chr9	4755575	4755863	LTR/ERV1	1640	-	144	4755719	62910
chr9	4692809	4892809	harbor2	chr9	4756168	4756240	LTR/ERV1	1640	-	36	4756204	63395
chr9	4692809	4892809	harbor2	chr9	4756261	4756546	LTR/ERV1	1781	-	142	4756403	63594
chr9	4692809	4892809	harbor2	chr9	4756775	4757260	LTR/ERV1	1930	-	242	4757017	64208
chr9	4730682	4930682	harbor2	chr9	4752442	4752692	LTR/ERV1	1126	-	125	4752567	21885
chr9	4730682	4930682	harbor2	chr9	4753575	4753662	LTR/ERV1	480	-	44	4753619	22937
chr9	4730682	4930682	harbor2	chr9	4755575	4755863	LTR/ERV1	1640	-	144	4755719	25037
chr9	4730682	4930682	harbor2	chr9	4756168	4756240	LTR/ERV1	1640	-	36	4756204	25522
chr9	4730682	4930682	harbor2	chr9	4756261	4756546	LTR/ERV1	1781	-	142	4756403	25721
chr9	4730682	4930682	harbor2	chr9	4756775	4757260	LTR/ERV1	1930	-	242	4757017	26335
chr9	93232797	93432797	harbor2	chr9	93265127	93265519	LTR/ERV1	1153	-	196	93265323	32526
chr9	4692868	4892868	harbor2	chr9	4752442	4752692	LTR/ERV1	1126	-	125	4752567	59699
chr9	4692868	4892868	harbor2	chr9	4753575	4753662	LTR/ERV1	480	-	44	4753619	60751
chr9	4692868	4892868	harbor2	chr9	4755575	4755863	LTR/ERV1	1640	-	144	4755719	62851
chr9	4692868	4892868	harbor2	chr9	4756168	4756240	LTR/ERV1	1640	-	36	4756204	63336
chr9	4692868	4892868	harbor2	chr9	4756261	4756546	LTR/ERV1	1781	-	142	4756403	63535
chr9	4692868	4892868	harbor2	chr9	4756775	4757260	LTR/ERV1	1930	-	242	4757017	64149
chr9	111797010	111997010	harbor2	chr9	111815580	111816182	LTR/ERV1	4049	-	301	111815881	18871
chr9	111797010	111997010	harbor2	chr9	111817273	111817977	LTR/ERV1	3416	-	352	111817625	20615
chr9	4693721	4893721	harbor2	chr9	4752442	4752692	LTR/ERV1	1126	-	125	4752567	58846
chr9	4693721	4893721	harbor2	chr9	4753575	4753662	LTR/ERV1	480	-	44	4753619	59898
chr9	4693721	4893721	harbor2	chr9	4755575	4755863	LTR/ERV1	1640	-	144	4755719	61998
chr9	4693721	4893721	harbor2	chr9	4756168	4756240	LTR/ERV1	1640	-	36	4756204	62483
chr9	4693721	4893721	harbor2	chr9	4756261	4756546	LTR/ERV1	1781	-	142	4756403	62682
chr9	4693721	4893721	harbor2	chr9	4756775	4757260	LTR/ERV1	1930	-	242	4757017	63296
chr9	4729013	4929013	harbor2	chr9	4752442	4752692	LTR/ERV1	1126	-	125	4752567	23554
chr9	4729013	4929013	harbor2	chr9	4753575	4753662	LTR/ERV1	480	-	44	4753619	24606
chr9	4729013	4929013	harbor2	chr9	4755575	4755863	LTR/ERV1	1640	-	144	4755719	26706
chr9	4729013	4929013	harbor2	chr9	4756168	4756240	LTR/ERV1	1640	-	36	4756204	27191
chr9	4729013	4929013	harbor2	chr9	4756261	4756546	LTR/ERV1	1781	-	142	4756403	27390
chr9	4729013	4929013	harbor2	chr9	4756775	4757260	LTR/ERV1	1930	-	242	4757017	28004
chr9	112387642	112587642	harbor2	chr9	112413710	112414293	LTR/ERV1	4949	-	292	112414002	26360
chr9	112387642	112587642	harbor2	chr9	112472532	112472565	LTR/ERV1	824	-	16	112472548	84906
chr9	112387642	112587642	harbor2	chr9	112472903	112473688	LTR/ERV1	2770	-	392	112473295	85653
chr9	112387642	112587642	harbor2	chr9	112473976	112474015	LTR/ERV1	2770	-	20	112473996	86354
chr9	4692828	4892828	harbor2	chr9	4752442	4752692	LTR/ERV1	1126	-	125	4752567	59739
chr9	4692828	4892828	harbor2	chr9	4753575	4753662	LTR/ERV1	480	-	44	4753619	60791
chr9	4692828	4892828	harbor2	chr9	4755575	4755863	LTR/ERV1	1640	-	144	4755719	62891
chr9	4692828	4892828	harbor2	chr9	4756168	4756240	LTR/ERV1	1640	-	36	4756204	63376
chr9	4692828	4892828	harbor2	chr9	4756261	4756546	LTR/ERV1	1781	-	142	4756403	63575
chr9	4692828	4892828	harbor2	chr9	4756775	4757260	LTR/ERV1	1930	-	242	4757017	64189
chr9	134036094	134236094	harbor2	chr9	134100665	134100932	LTR/ERV1	2887	-	134	134100799	64705
chr9	134036094	134236094	harbor2	chr9	134101232	134101525	LTR/ERV1	2887	-	146	134101378	65284
chr9	5596372	5796372	harbor2	chr9	5669607	5670039	LTR/ERV1	2532	-	216	5669823	73451
chr9	5596372	5796372	harbor2	chr9	5670672	5671167	LTR/ERV1	2373	-	248	5670920	74548
chr9	5596372	5796372	harbor2	chr9	5674940	5675448	LTR/ERV1	3566	-	254	5675194	78822
chr9	4692895	4892895	harbor2	chr9	4752442	4752692	LTR/ERV1	1126	-	125	4752567	59672
chr9	4692895	4892895	harbor2	chr9	4753575	4753662	LTR/ERV1	480	-	44	4753619	60724
chr9	4692895	4892895	harbor2	chr9	4755575	4755863	LTR/ERV1	1640	-	144	4755719	62824
chr9	4692895	4892895	harbor2	chr9	4756168	4756240	LTR/ERV1	1640	-	36	4756204	63309
chr9	4692895	4892895	harbor2	chr9	4756261	4756546	LTR/ERV1	1781	-	142	4756403	63508
chr9	4692895	4892895	harbor2	chr9	4756775	4757260	LTR/ERV1	1930	-	242	4757017	64122
chr9	69292250	69492250	harbor2	chr9	69304827	69305243	LTR/ERV1	2791	-	208	69305035	12785
chr9	69292250	69492250	harbor2	chr9	69305244	69305496	LTR/ERV1	1687	-	126	69305370	13120
chr9	69292250	69492250	harbor2	chr9	69305475	69306161	LTR/ERV1	2912	-	343	69305818	13568
chr9	69292250	69492250	harbor2	chr9	69306164	69306938	LTR/ERV1	5305	-	387	69306551	14301
chr9	69292250	69492250	harbor2	chr9	69306939	69307567	LTR/ERV1	5015	-	314	69307253	15003
chr9	69292250	69492250	harbor2	chr9	69343314	69343447	LTR/ERV1	536	-	66	69343380	51130
chr9	69292250	69492250	harbor2	chr9	69350914	69351124	LTR/ERV1	566	-	105	69351019	58769
chr9	4693416	4893416	harbor2	chr9	4752442	4752692	LTR/ERV1	1126	-	125	4752567	59151
chr9	4693416	4893416	harbor2	chr9	4753575	4753662	LTR/ERV1	480	-	44	4753619	60203
chr9	4693416	4893416	harbor2	chr9	4755575	4755863	LTR/ERV1	1640	-	144	4755719	62303
chr9	4693416	4893416	harbor2	chr9	4756168	4756240	LTR/ERV1	1640	-	36	4756204	62788
chr9	4693416	4893416	harbor2	chr9	4756261	4756546	LTR/ERV1	1781	-	142	4756403	62987
chr9	4693416	4893416	harbor2	chr9	4756775	4757260	LTR/ERV1	1930	-	242	4757017	63601
chr9	4693543	4893543	harbor2	chr9	4752442	4752692	LTR/ERV1	1126	-	125	4752567	59024
chr9	4693543	4893543	harbor2	chr9	4753575	4753662	LTR/ERV1	480	-	44	4753619	60076
chr9	4693543	4893543	harbor2	chr9	4755575	4755863	LTR/ERV1	1640	-	144	4755719	62176
chr9	4693543	4893543	harbor2	chr9	4756168	4756240	LTR/ERV1	1640	-	36	4756204	62661
chr9	4693543	4893543	harbor2	chr9	4756261	4756546	LTR/ERV1	1781	-	142	4756403	62860
chr9	4693543	4893543	harbor2	chr9	4756775	4757260	LTR/ERV1	1930	-	242	4757017	63474
chr9	137069399	137269399	harbor2	chr9	137127600	137128119	LTR/ERV1	3182	-	260	137127860	58461
chr9	137069399	137269399	harbor2	chr9	137128653	137128856	LTR/ERV1	713	-	102	137128755	59356
chr9	5062622	5262622	harbor2	chr9	5121120	5121800	LTR/ERV1	3804	-	340	5121460	58838
chr9	112387652	112587652	harbor2	chr9	112413710	112414293	LTR/ERV1	4949	-	292	112414002	26350
chr9	112387652	112587652	harbor2	chr9	112472532	112472565	LTR/ERV1	824	-	16	112472548	84896
chr9	112387652	112587652	harbor2	chr9	112472903	112473688	LTR/ERV1	2770	-	392	112473295	85643
chr9	112387652	112587652	harbor2	chr9	112473976	112474015	LTR/ERV1	2770	-	20	112473996	86344
chr9	134036118	134236118	harbor2	chr9	134100665	134100932	LTR/ERV1	2887	-	134	134100799	64681
chr9	134036118	134236118	harbor2	chr9	134101232	134101525	LTR/ERV1	2887	-	146	134101378	65260
chr9	128001718	128201718	harbor2	chr9	128047012	128047545	LTR/ERV1	1879	-	266	128047278	45560
chr9	128001718	128201718	harbor2	chr9	128049024	128049156	LTR/ERV1	2363	-	66	128049090	47372
chr9	128001718	128201718	harbor2	chr9	128049467	128049477	LTR/ERV1	2363	-	5	128049472	47754
chr9	128001718	128201718	harbor2	chr9	128049792	128050149	LTR/ERV1	2363	-	178	128049970	48252
chr9	4751660	4951660	harbor2	chr9	4752442	4752692	LTR/ERV1	1126	-	125	4752567	907
chr9	4751660	4951660	harbor2	chr9	4753575	4753662	LTR/ERV1	480	-	44	4753619	1959
chr9	4751660	4951660	harbor2	chr9	4755575	4755863	LTR/ERV1	1640	-	144	4755719	4059
chr9	4751660	4951660	harbor2	chr9	4756168	4756240	LTR/ERV1	1640	-	36	4756204	4544
chr9	4751660	4951660	harbor2	chr9	4756261	4756546	LTR/ERV1	1781	-	142	4756403	4743
chr9	4751660	4951660	harbor2	chr9	4756775	4757260	LTR/ERV1	1930	-	242	4757017	5357
chr9	135599679	135799679	harbor2	chr9	135643640	135644396	LTR/ERV1	5336	-	378	135644018	44339
chr9	135599679	135799679	harbor2	chr9	135648519	135649157	LTR/ERV1	3981	-	319	135648838	49159
chr9	135599679	135799679	harbor2	chr9	135651166	135651239	LTR/ERV1	3186	-	36	135651202	51523
chr9	135599679	135799679	harbor2	chr9	135651240	135651688	LTR/ERV1	2835	-	224	135651464	51785
chr9	135599679	135799679	harbor2	chr9	135651689	135652208	LTR/ERV1	3186	-	260	135651949	52270
chr9	135599679	135799679	harbor2	chr9	135654691	135654776	LTR/ERV1	546	-	42	135654733	55054
chr9	135599679	135799679	harbor2	chr9	135680327	135680809	LTR/ERV1	3447	-	241	135680568	80889
chr9	135599679	135799679	harbor2	chr9	135680925	135681103	LTR/ERV1	1019	-	89	135681014	81335
chr9	4694621	4894621	harbor2	chr9	4752442	4752692	LTR/ERV1	1126	-	125	4752567	57946
chr9	4694621	4894621	harbor2	chr9	4753575	4753662	LTR/ERV1	480	-	44	4753619	58998
chr9	4694621	4894621	harbor2	chr9	4755575	4755863	LTR/ERV1	1640	-	144	4755719	61098
chr9	4694621	4894621	harbor2	chr9	4756168	4756240	LTR/ERV1	1640	-	36	4756204	61583
chr9	4694621	4894621	harbor2	chr9	4756261	4756546	LTR/ERV1	1781	-	142	4756403	61782
chr9	4694621	4894621	harbor2	chr9	4756775	4757260	LTR/ERV1	1930	-	242	4757017	62396
chr9	4692744	4892744	harbor2	chr9	4752442	4752692	LTR/ERV1	1126	-	125	4752567	59823
chr9	4692744	4892744	harbor2	chr9	4753575	4753662	LTR/ERV1	480	-	44	4753619	60875
chr9	4692744	4892744	harbor2	chr9	4755575	4755863	LTR/ERV1	1640	-	144	4755719	62975
chr9	4692744	4892744	harbor2	chr9	4756168	4756240	LTR/ERV1	1640	-	36	4756204	63460
chr9	4692744	4892744	harbor2	chr9	4756261	4756546	LTR/ERV1	1781	-	142	4756403	63659
chr9	4692744	4892744	harbor2	chr9	4756775	4757260	LTR/ERV1	1930	-	242	4757017	64273
chr9	4693371	4893371	harbor2	chr9	4752442	4752692	LTR/ERV1	1126	-	125	4752567	59196
chr9	4693371	4893371	harbor2	chr9	4753575	4753662	LTR/ERV1	480	-	44	4753619	60248
chr9	4693371	4893371	harbor2	chr9	4755575	4755863	LTR/ERV1	1640	-	144	4755719	62348
chr9	4693371	4893371	harbor2	chr9	4756168	4756240	LTR/ERV1	1640	-	36	4756204	62833
chr9	4693371	4893371	harbor2	chr9	4756261	4756546	LTR/ERV1	1781	-	142	4756403	63032
chr9	4693371	4893371	harbor2	chr9	4756775	4757260	LTR/ERV1	1930	-	242	4757017	63646
chr9	133064003	133264003	harbor2	chr9	133075826	133076298	LTR/ERV1	2892	-	236	133076062	12059
chr9	133064003	133264003	harbor2	chr9	133076309	133079550	LTR/ERV1	16025	-	1620	133077929	13926
chr9	133064003	133264003	harbor2	chr9	133079541	133079664	LTR/ERV1	739	-	62	133079603	15600
chr9	133064003	133264003	harbor2	chr9	133079657	133079871	LTR/ERV1	1867	-	107	133079764	15761
chr9	133064003	133264003	harbor2	chr9	133079900	133080083	LTR/ERV1	1867	-	92	133079992	15989
chr9	133064003	133264003	harbor2	chr9	133080404	133080623	LTR/ERV1	940	-	110	133080514	16511
chr9	4693463	4893463	harbor2	chr9	4752442	4752692	LTR/ERV1	1126	-	125	4752567	59104
chr9	4693463	4893463	harbor2	chr9	4753575	4753662	LTR/ERV1	480	-	44	4753619	60156
chr9	4693463	4893463	harbor2	chr9	4755575	4755863	LTR/ERV1	1640	-	144	4755719	62256
chr9	4693463	4893463	harbor2	chr9	4756168	4756240	LTR/ERV1	1640	-	36	4756204	62741
chr9	4693463	4893463	harbor2	chr9	4756261	4756546	LTR/ERV1	1781	-	142	4756403	62940
chr9	4693463	4893463	harbor2	chr9	4756775	4757260	LTR/ERV1	1930	-	242	4757017	63554
chr9	4728727	4928727	harbor2	chr9	4752442	4752692	LTR/ERV1	1126	-	125	4752567	23840
chr9	4728727	4928727	harbor2	chr9	4753575	4753662	LTR/ERV1	480	-	44	4753619	24892
chr9	4728727	4928727	harbor2	chr9	4755575	4755863	LTR/ERV1	1640	-	144	4755719	26992
chr9	4728727	4928727	harbor2	chr9	4756168	4756240	LTR/ERV1	1640	-	36	4756204	27477
chr9	4728727	4928727	harbor2	chr9	4756261	4756546	LTR/ERV1	1781	-	142	4756403	27676
chr9	4728727	4928727	harbor2	chr9	4756775	4757260	LTR/ERV1	1930	-	242	4757017	28290
chr9	92959665	93159665	harbor2	chr9	92970303	92970747	LTR/ERV1	841	-	222	92970525	10860
chr9	92959665	93159665	harbor2	chr9	92982654	92982803	LTR/ERV1	2130	-	74	92982728	23063
chr9	92959665	93159665	harbor2	chr9	92983097	92983240	LTR/ERV1	2130	-	72	92983169	23504
chr9	92959665	93159665	harbor2	chr9	92983547	92983638	LTR/ERV1	2130	-	46	92983593	23928
chr9	92959665	93159665	harbor2	chr9	92983638	92985415	LTR/ERV1	5069	-	888	92984526	24861
chr9	92959665	93159665	harbor2	chr9	92985407	92985465	LTR/ERV1	4543	-	29	92985436	25771
chr9	92959665	93159665	harbor2	chr9	92985778	92987150	LTR/ERV1	5596	-	686	92986464	26799
chr9	92959665	93159665	harbor2	chr9	92987462	92987589	LTR/ERV1	5596	-	64	92987526	27861
chr9	92959665	93159665	harbor2	chr9	92987595	92988018	LTR/ERV1	2560	-	212	92987807	28142
chr9	92959665	93159665	harbor2	chr9	92988019	92988459	LTR/ERV1	2781	-	220	92988239	28574
chr9	92959665	93159665	harbor2	chr9	92988460	92988547	LTR/ERV1	2560	-	44	92988504	28839
chr9	92959665	93159665	harbor2	chr9	92989451	92989908	LTR/ERV1	3253	-	228	92989679	30014
chr9	92959665	93159665	harbor2	chr9	93018328	93018759	LTR/ERV1	2471	-	216	93018544	58879
chr9	92959665	93159665	harbor2	chr9	93020570	93020816	LTR/ERV1	1173	-	123	93020693	61028
chr9	92959665	93159665	harbor2	chr9	93047296	93047632	LTR/ERV1	967	-	168	93047464	87799
chr9	92959665	93159665	harbor2	chr9	93047950	93048061	LTR/ERV1	967	-	56	93048006	88341
chr9	112647605	112847605	harbor2	chr9	112655545	112656091	LTR/ERV1	1728	-	273	112655818	8213
chr9	112647605	112847605	harbor2	chr9	112656397	112656425	LTR/ERV1	1728	-	14	112656411	8806
chr9	112647605	112847605	harbor2	chr9	112732651	112732947	LTR/ERV1	1882	-	148	112732799	85194
chr9	4692900	4892900	harbor2	chr9	4752442	4752692	LTR/ERV1	1126	-	125	4752567	59667
chr9	4692900	4892900	harbor2	chr9	4753575	4753662	LTR/ERV1	480	-	44	4753619	60719
chr9	4692900	4892900	harbor2	chr9	4755575	4755863	LTR/ERV1	1640	-	144	4755719	62819
chr9	4692900	4892900	harbor2	chr9	4756168	4756240	LTR/ERV1	1640	-	36	4756204	63304
chr9	4692900	4892900	harbor2	chr9	4756261	4756546	LTR/ERV1	1781	-	142	4756403	63503
chr9	4692900	4892900	harbor2	chr9	4756775	4757260	LTR/ERV1	1930	-	242	4757017	64117
chr9	112422739	112622739	harbor2	chr9	112472532	112472565	LTR/ERV1	824	-	16	112472548	49809
chr9	112422739	112622739	harbor2	chr9	112472903	112473688	LTR/ERV1	2770	-	392	112473295	50556
chr9	112422739	112622739	harbor2	chr9	112473976	112474015	LTR/ERV1	2770	-	20	112473996	51257
chr9	112422739	112622739	harbor2	chr9	112516750	112517130	LTR/ERV1	2180	-	190	112516940	94201
chr9	79473605	79673605	harbor2	chr9	79474500	79474953	LTR/ERV1	3153	-	226	79474726	1121
chr9	4692825	4892825	harbor2	chr9	4752442	4752692	LTR/ERV1	1126	-	125	4752567	59742
chr9	4692825	4892825	harbor2	chr9	4753575	4753662	LTR/ERV1	480	-	44	4753619	60794
chr9	4692825	4892825	harbor2	chr9	4755575	4755863	LTR/ERV1	1640	-	144	4755719	62894
chr9	4692825	4892825	harbor2	chr9	4756168	4756240	LTR/ERV1	1640	-	36	4756204	63379
chr9	4692825	4892825	harbor2	chr9	4756261	4756546	LTR/ERV1	1781	-	142	4756403	63578
chr9	4692825	4892825	harbor2	chr9	4756775	4757260	LTR/ERV1	1930	-	242	4757017	64192
chr9	4692909	4892909	harbor2	chr9	4752442	4752692	LTR/ERV1	1126	-	125	4752567	59658
chr9	4692909	4892909	harbor2	chr9	4753575	4753662	LTR/ERV1	480	-	44	4753619	60710
chr9	4692909	4892909	harbor2	chr9	4755575	4755863	LTR/ERV1	1640	-	144	4755719	62810
chr9	4692909	4892909	harbor2	chr9	4756168	4756240	LTR/ERV1	1640	-	36	4756204	63295
chr9	4692909	4892909	harbor2	chr9	4756261	4756546	LTR/ERV1	1781	-	142	4756403	63494
chr9	4692909	4892909	harbor2	chr9	4756775	4757260	LTR/ERV1	1930	-	242	4757017	64108
chr9	4693624	4893624	harbor2	chr9	4752442	4752692	LTR/ERV1	1126	-	125	4752567	58943
chr9	4693624	4893624	harbor2	chr9	4753575	4753662	LTR/ERV1	480	-	44	4753619	59995
chr9	4693624	4893624	harbor2	chr9	4755575	4755863	LTR/ERV1	1640	-	144	4755719	62095
chr9	4693624	4893624	harbor2	chr9	4756168	4756240	LTR/ERV1	1640	-	36	4756204	62580
chr9	4693624	4893624	harbor2	chr9	4756261	4756546	LTR/ERV1	1781	-	142	4756403	62779
chr9	4693624	4893624	harbor2	chr9	4756775	4757260	LTR/ERV1	1930	-	242	4757017	63393
chr9	137029761	137229761	harbor2	chr9	137127600	137128119	LTR/ERV1	3182	-	260	137127860	98099
chr9	137029761	137229761	harbor2	chr9	137128653	137128856	LTR/ERV1	713	-	102	137128755	98994
chr9	4692802	4892802	harbor2	chr9	4752442	4752692	LTR/ERV1	1126	-	125	4752567	59765
chr9	4692802	4892802	harbor2	chr9	4753575	4753662	LTR/ERV1	480	-	44	4753619	60817
chr9	4692802	4892802	harbor2	chr9	4755575	4755863	LTR/ERV1	1640	-	144	4755719	62917
chr9	4692802	4892802	harbor2	chr9	4756168	4756240	LTR/ERV1	1640	-	36	4756204	63402
chr9	4692802	4892802	harbor2	chr9	4756261	4756546	LTR/ERV1	1781	-	142	4756403	63601
chr9	4692802	4892802	harbor2	chr9	4756775	4757260	LTR/ERV1	1930	-	242	4757017	64215
chr9	135599667	135799667	harbor2	chr9	135643640	135644396	LTR/ERV1	5336	-	378	135644018	44351
chr9	135599667	135799667	harbor2	chr9	135648519	135649157	LTR/ERV1	3981	-	319	135648838	49171
chr9	135599667	135799667	harbor2	chr9	135651166	135651239	LTR/ERV1	3186	-	36	135651202	51535
chr9	135599667	135799667	harbor2	chr9	135651240	135651688	LTR/ERV1	2835	-	224	135651464	51797
chr9	135599667	135799667	harbor2	chr9	135651689	135652208	LTR/ERV1	3186	-	260	135651949	52282
chr9	135599667	135799667	harbor2	chr9	135654691	135654776	LTR/ERV1	546	-	42	135654733	55066
chr9	135599667	135799667	harbor2	chr9	135680327	135680809	LTR/ERV1	3447	-	241	135680568	80901
chr9	135599667	135799667	harbor2	chr9	135680925	135681103	LTR/ERV1	1019	-	89	135681014	81347
chr9	112387662	112587662	harbor2	chr9	112413710	112414293	LTR/ERV1	4949	-	292	112414002	26340
chr9	112387662	112587662	harbor2	chr9	112472532	112472565	LTR/ERV1	824	-	16	112472548	84886
chr9	112387662	112587662	harbor2	chr9	112472903	112473688	LTR/ERV1	2770	-	392	112473295	85633
chr9	112387662	112587662	harbor2	chr9	112473976	112474015	LTR/ERV1	2770	-	20	112473996	86334
chr9	93445740	93645740	harbor2	chr9	93461947	93462074	LTR/ERV1	659	-	64	93462011	16271
chr9	137215322	137415322	harbor2	chr9	137289370	137289466	LTR/ERV1	505	-	48	137289418	74096
chr9	137215322	137415322	harbor2	chr9	137289769	137289804	LTR/ERV1	505	-	18	137289787	74465
chr9	137215322	137415322	harbor2	chr9	137290731	137290775	LTR/ERV1	770	-	22	137290753	75431
chr9	137215322	137415322	harbor2	chr9	137291081	137291269	LTR/ERV1	770	-	94	137291175	75853
chr9	4693135	4893135	harbor2	chr9	4752442	4752692	LTR/ERV1	1126	-	125	4752567	59432
chr9	4693135	4893135	harbor2	chr9	4753575	4753662	LTR/ERV1	480	-	44	4753619	60484
chr9	4693135	4893135	harbor2	chr9	4755575	4755863	LTR/ERV1	1640	-	144	4755719	62584
chr9	4693135	4893135	harbor2	chr9	4756168	4756240	LTR/ERV1	1640	-	36	4756204	63069
chr9	4693135	4893135	harbor2	chr9	4756261	4756546	LTR/ERV1	1781	-	142	4756403	63268
chr9	4693135	4893135	harbor2	chr9	4756775	4757260	LTR/ERV1	1930	-	242	4757017	63882
chr9	4692731	4892731	harbor2	chr9	4752442	4752692	LTR/ERV1	1126	-	125	4752567	59836
chr9	4692731	4892731	harbor2	chr9	4753575	4753662	LTR/ERV1	480	-	44	4753619	60888
chr9	4692731	4892731	harbor2	chr9	4755575	4755863	LTR/ERV1	1640	-	144	4755719	62988
chr9	4692731	4892731	harbor2	chr9	4756168	4756240	LTR/ERV1	1640	-	36	4756204	63473
chr9	4692731	4892731	harbor2	chr9	4756261	4756546	LTR/ERV1	1781	-	142	4756403	63672
chr9	4692731	4892731	harbor2	chr9	4756775	4757260	LTR/ERV1	1930	-	242	4757017	64286
chr9	4734149	4934149	harbor2	chr9	4752442	4752692	LTR/ERV1	1126	-	125	4752567	18418
chr9	4734149	4934149	harbor2	chr9	4753575	4753662	LTR/ERV1	480	-	44	4753619	19470
chr9	4734149	4934149	harbor2	chr9	4755575	4755863	LTR/ERV1	1640	-	144	4755719	21570
chr9	4734149	4934149	harbor2	chr9	4756168	4756240	LTR/ERV1	1640	-	36	4756204	22055
chr9	4734149	4934149	harbor2	chr9	4756261	4756546	LTR/ERV1	1781	-	142	4756403	22254
chr9	4734149	4934149	harbor2	chr9	4756775	4757260	LTR/ERV1	1930	-	242	4757017	22868
chr9	133071539	133271539	harbor2	chr9	133075826	133076298	LTR/ERV1	2892	-	236	133076062	4523
chr9	133071539	133271539	harbor2	chr9	133076309	133079550	LTR/ERV1	16025	-	1620	133077929	6390
chr9	133071539	133271539	harbor2	chr9	133079541	133079664	LTR/ERV1	739	-	62	133079603	8064
chr9	133071539	133271539	harbor2	chr9	133079657	133079871	LTR/ERV1	1867	-	107	133079764	8225
chr9	133071539	133271539	harbor2	chr9	133079900	133080083	LTR/ERV1	1867	-	92	133079992	8453
chr9	133071539	133271539	harbor2	chr9	133080404	133080623	LTR/ERV1	940	-	110	133080514	8975
chr9	4693367	4893367	harbor2	chr9	4752442	4752692	LTR/ERV1	1126	-	125	4752567	59200
chr9	4693367	4893367	harbor2	chr9	4753575	4753662	LTR/ERV1	480	-	44	4753619	60252
chr9	4693367	4893367	harbor2	chr9	4755575	4755863	LTR/ERV1	1640	-	144	4755719	62352
chr9	4693367	4893367	harbor2	chr9	4756168	4756240	LTR/ERV1	1640	-	36	4756204	62837
chr9	4693367	4893367	harbor2	chr9	4756261	4756546	LTR/ERV1	1781	-	142	4756403	63036
chr9	4693367	4893367	harbor2	chr9	4756775	4757260	LTR/ERV1	1930	-	242	4757017	63650
chr9	137029768	137229768	harbor2	chr9	137127600	137128119	LTR/ERV1	3182	-	260	137127860	98092
chr9	137029768	137229768	harbor2	chr9	137128653	137128856	LTR/ERV1	713	-	102	137128755	98987
chr9	91323874	91523874	harbor2	chr9	91332543	91333219	LTR/ERV1	3993	-	338	91332881	9007
chr9	91323874	91523874	harbor2	chr9	91397206	91397415	LTR/ERV1	537	-	104	91397310	73436
chr9	137215188	137415188	harbor2	chr9	137289370	137289466	LTR/ERV1	505	-	48	137289418	74230
chr9	137215188	137415188	harbor2	chr9	137289769	137289804	LTR/ERV1	505	-	18	137289787	74599
chr9	137215188	137415188	harbor2	chr9	137290731	137290775	LTR/ERV1	770	-	22	137290753	75565
chr9	137215188	137415188	harbor2	chr9	137291081	137291269	LTR/ERV1	770	-	94	137291175	75987
chr9	4694263	4894263	harbor2	chr9	4752442	4752692	LTR/ERV1	1126	-	125	4752567	58304
chr9	4694263	4894263	harbor2	chr9	4753575	4753662	LTR/ERV1	480	-	44	4753619	59356
chr9	4694263	4894263	harbor2	chr9	4755575	4755863	LTR/ERV1	1640	-	144	4755719	61456
chr9	4694263	4894263	harbor2	chr9	4756168	4756240	LTR/ERV1	1640	-	36	4756204	61941
chr9	4694263	4894263	harbor2	chr9	4756261	4756546	LTR/ERV1	1781	-	142	4756403	62140
chr9	4694263	4894263	harbor2	chr9	4756775	4757260	LTR/ERV1	1930	-	242	4757017	62754
chr9	136610462	136810462	harbor2	chr9	136634811	136635203	LTR/ERV1	1658	-	196	136635007	24545
chr9	136610462	136810462	harbor2	chr9	136635501	136635551	LTR/ERV1	1658	-	25	136635526	25064
chr9	136610462	136810462	harbor2	chr9	136700982	136701141	LTR/ERV1	857	-	80	136701062	90600
chr9	4692878	4892878	harbor2	chr9	4752442	4752692	LTR/ERV1	1126	-	125	4752567	59689
chr9	4692878	4892878	harbor2	chr9	4753575	4753662	LTR/ERV1	480	-	44	4753619	60741
chr9	4692878	4892878	harbor2	chr9	4755575	4755863	LTR/ERV1	1640	-	144	4755719	62841
chr9	4692878	4892878	harbor2	chr9	4756168	4756240	LTR/ERV1	1640	-	36	4756204	63326
chr9	4692878	4892878	harbor2	chr9	4756261	4756546	LTR/ERV1	1781	-	142	4756403	63525
chr9	4692878	4892878	harbor2	chr9	4756775	4757260	LTR/ERV1	1930	-	242	4757017	64139
chr9	137069338	137269338	harbor2	chr9	137127600	137128119	LTR/ERV1	3182	-	260	137127860	58522
chr9	137069338	137269338	harbor2	chr9	137128653	137128856	LTR/ERV1	713	-	102	137128755	59417
chr9	91845860	92045860	harbor2	chr9	91915347	91915941	LTR/ERV1	3003	-	297	91915644	69784
chr9	134036111	134236111	harbor2	chr9	134100665	134100932	LTR/ERV1	2887	-	134	134100799	64688
chr9	134036111	134236111	harbor2	chr9	134101232	134101525	LTR/ERV1	2887	-	146	134101378	65267
chr9	133063982	133263982	harbor2	chr9	133075826	133076298	LTR/ERV1	2892	-	236	133076062	12080
chr9	133063982	133263982	harbor2	chr9	133076309	133079550	LTR/ERV1	16025	-	1620	133077929	13947
chr9	133063982	133263982	harbor2	chr9	133079541	133079664	LTR/ERV1	739	-	62	133079603	15621
chr9	133063982	133263982	harbor2	chr9	133079657	133079871	LTR/ERV1	1867	-	107	133079764	15782
chr9	133063982	133263982	harbor2	chr9	133079900	133080083	LTR/ERV1	1867	-	92	133079992	16010
chr9	133063982	133263982	harbor2	chr9	133080404	133080623	LTR/ERV1	940	-	110	133080514	16532
chr9	5394375	5594375	harbor2	chr9	5440314	5440804	LTR/ERV1	2051	-	245	5440559	46184
chr9	99191390	99391390	harbor2	chr9	99233475	99234041	LTR/ERV1	2768	-	283	99233758	42368
chr9	67768338	67968338	harbor2	chr9	67823221	67823634	LTR/ERV1	2459	-	206	67823427	55089
chr9	4692808	4892808	harbor2	chr9	4752442	4752692	LTR/ERV1	1126	-	125	4752567	59759
chr9	4692808	4892808	harbor2	chr9	4753575	4753662	LTR/ERV1	480	-	44	4753619	60811
chr9	4692808	4892808	harbor2	chr9	4755575	4755863	LTR/ERV1	1640	-	144	4755719	62911
chr9	4692808	4892808	harbor2	chr9	4756168	4756240	LTR/ERV1	1640	-	36	4756204	63396
chr9	4692808	4892808	harbor2	chr9	4756261	4756546	LTR/ERV1	1781	-	142	4756403	63595
chr9	4692808	4892808	harbor2	chr9	4756775	4757260	LTR/ERV1	1930	-	242	4757017	64209
chr9	135467518	135667518	harbor2	chr9	135534884	135535203	LTR/ERV1	2171	-	160	135535044	67526
chr9	135467518	135667518	harbor2	chr9	135535526	135535818	LTR/ERV1	2171	-	146	135535672	68154
chr9	4692907	4892907	harbor2	chr9	4752442	4752692	LTR/ERV1	1126	-	125	4752567	59660
chr9	4692907	4892907	harbor2	chr9	4753575	4753662	LTR/ERV1	480	-	44	4753619	60712
chr9	4692907	4892907	harbor2	chr9	4755575	4755863	LTR/ERV1	1640	-	144	4755719	62812
chr9	4692907	4892907	harbor2	chr9	4756168	4756240	LTR/ERV1	1640	-	36	4756204	63297
chr9	4692907	4892907	harbor2	chr9	4756261	4756546	LTR/ERV1	1781	-	142	4756403	63496
chr9	4692907	4892907	harbor2	chr9	4756775	4757260	LTR/ERV1	1930	-	242	4757017	64110
chr9	4694161	4894161	harbor2	chr9	4752442	4752692	LTR/ERV1	1126	-	125	4752567	58406
chr9	4694161	4894161	harbor2	chr9	4753575	4753662	LTR/ERV1	480	-	44	4753619	59458
chr9	4694161	4894161	harbor2	chr9	4755575	4755863	LTR/ERV1	1640	-	144	4755719	61558
chr9	4694161	4894161	harbor2	chr9	4756168	4756240	LTR/ERV1	1640	-	36	4756204	62043
chr9	4694161	4894161	harbor2	chr9	4756261	4756546	LTR/ERV1	1781	-	142	4756403	62242
chr9	4694161	4894161	harbor2	chr9	4756775	4757260	LTR/ERV1	1930	-	242	4757017	62856
chr9	68607235	68807235	harbor2	chr9	68642344	68643024	LTR/ERV1	5350	-	340	68642684	35449
chr9	108349469	108549469	harbor2	chr9	108377092	108377716	LTR/ERV1	3192	-	312	108377404	27935
chr9	134036117	134236117	harbor2	chr9	134100665	134100932	LTR/ERV1	2887	-	134	134100799	64682
chr9	134036117	134236117	harbor2	chr9	134101232	134101525	LTR/ERV1	2887	-	146	134101378	65261
chr9	4693547	4893547	harbor2	chr9	4752442	4752692	LTR/ERV1	1126	-	125	4752567	59020
chr9	4693547	4893547	harbor2	chr9	4753575	4753662	LTR/ERV1	480	-	44	4753619	60072
chr9	4693547	4893547	harbor2	chr9	4755575	4755863	LTR/ERV1	1640	-	144	4755719	62172
chr9	4693547	4893547	harbor2	chr9	4756168	4756240	LTR/ERV1	1640	-	36	4756204	62657
chr9	4693547	4893547	harbor2	chr9	4756261	4756546	LTR/ERV1	1781	-	142	4756403	62856
chr9	4693547	4893547	harbor2	chr9	4756775	4757260	LTR/ERV1	1930	-	242	4757017	63470
chr9	4692770	4892770	harbor2	chr9	4752442	4752692	LTR/ERV1	1126	-	125	4752567	59797
chr9	4692770	4892770	harbor2	chr9	4753575	4753662	LTR/ERV1	480	-	44	4753619	60849
chr9	4692770	4892770	harbor2	chr9	4755575	4755863	LTR/ERV1	1640	-	144	4755719	62949
chr9	4692770	4892770	harbor2	chr9	4756168	4756240	LTR/ERV1	1640	-	36	4756204	63434
chr9	4692770	4892770	harbor2	chr9	4756261	4756546	LTR/ERV1	1781	-	142	4756403	63633
chr9	4692770	4892770	harbor2	chr9	4756775	4757260	LTR/ERV1	1930	-	242	4757017	64247
chr9	134735764	134935764	harbor2	chr9	134741201	134741753	LTR/ERV1	2205	-	276	134741477	5713
chr9	34027426	34227426	harbor2	chr9	34059249	34059706	LTR/ERV1	2342	-	228	34059477	32051
chr9	4692800	4892800	harbor2	chr9	4752442	4752692	LTR/ERV1	1126	-	125	4752567	59767
chr9	4692800	4892800	harbor2	chr9	4753575	4753662	LTR/ERV1	480	-	44	4753619	60819
chr9	4692800	4892800	harbor2	chr9	4755575	4755863	LTR/ERV1	1640	-	144	4755719	62919
chr9	4692800	4892800	harbor2	chr9	4756168	4756240	LTR/ERV1	1640	-	36	4756204	63404
chr9	4692800	4892800	harbor2	chr9	4756261	4756546	LTR/ERV1	1781	-	142	4756403	63603
chr9	4692800	4892800	harbor2	chr9	4756775	4757260	LTR/ERV1	1930	-	242	4757017	64217
chr9	137215164	137415164	harbor2	chr9	137289370	137289466	LTR/ERV1	505	-	48	137289418	74254
chr9	137215164	137415164	harbor2	chr9	137289769	137289804	LTR/ERV1	505	-	18	137289787	74623
chr9	137215164	137415164	harbor2	chr9	137290731	137290775	LTR/ERV1	770	-	22	137290753	75589
chr9	137215164	137415164	harbor2	chr9	137291081	137291269	LTR/ERV1	770	-	94	137291175	76011
chr9	68619252	68819252	harbor2	chr9	68642344	68643024	LTR/ERV1	5350	-	340	68642684	23432
chr9	85705754	85905754	harbor2	chr9	85744440	85744856	LTR/ERV1	2525	-	208	85744648	38894
chr9	130120234	130320234	harbor2	chr9	130150184	130150346	LTR/ERV1	4209	-	81	130150265	30031
chr9	130120234	130320234	harbor2	chr9	130150673	130151060	LTR/ERV1	4209	-	194	130150867	30633
chr9	130120234	130320234	harbor2	chr9	130214303	130214716	LTR/ERV1	1286	-	206	130214509	94275
chr9	4692867	4892867	harbor2	chr9	4752442	4752692	LTR/ERV1	1126	-	125	4752567	59700
chr9	4692867	4892867	harbor2	chr9	4753575	4753662	LTR/ERV1	480	-	44	4753619	60752
chr9	4692867	4892867	harbor2	chr9	4755575	4755863	LTR/ERV1	1640	-	144	4755719	62852
chr9	4692867	4892867	harbor2	chr9	4756168	4756240	LTR/ERV1	1640	-	36	4756204	63337
chr9	4692867	4892867	harbor2	chr9	4756261	4756546	LTR/ERV1	1781	-	142	4756403	63536
chr9	4692867	4892867	harbor2	chr9	4756775	4757260	LTR/ERV1	1930	-	242	4757017	64150
chr9	112726256	112926256	harbor2	chr9	112732651	112732947	LTR/ERV1	1882	-	148	112732799	6543
chr9	4692804	4892804	harbor2	chr9	4752442	4752692	LTR/ERV1	1126	-	125	4752567	59763
chr9	4692804	4892804	harbor2	chr9	4753575	4753662	LTR/ERV1	480	-	44	4753619	60815
chr9	4692804	4892804	harbor2	chr9	4755575	4755863	LTR/ERV1	1640	-	144	4755719	62915
chr9	4692804	4892804	harbor2	chr9	4756168	4756240	LTR/ERV1	1640	-	36	4756204	63400
chr9	4692804	4892804	harbor2	chr9	4756261	4756546	LTR/ERV1	1781	-	142	4756403	63599
chr9	4692804	4892804	harbor2	chr9	4756775	4757260	LTR/ERV1	1930	-	242	4757017	64213
chr9	135601618	135801618	harbor2	chr9	135643640	135644396	LTR/ERV1	5336	-	378	135644018	42400
chr9	135601618	135801618	harbor2	chr9	135648519	135649157	LTR/ERV1	3981	-	319	135648838	47220
chr9	135601618	135801618	harbor2	chr9	135651166	135651239	LTR/ERV1	3186	-	36	135651202	49584
chr9	135601618	135801618	harbor2	chr9	135651240	135651688	LTR/ERV1	2835	-	224	135651464	49846
chr9	135601618	135801618	harbor2	chr9	135651689	135652208	LTR/ERV1	3186	-	260	135651949	50331
chr9	135601618	135801618	harbor2	chr9	135654691	135654776	LTR/ERV1	546	-	42	135654733	53115
chr9	135601618	135801618	harbor2	chr9	135680327	135680809	LTR/ERV1	3447	-	241	135680568	78950
chr9	135601618	135801618	harbor2	chr9	135680925	135681103	LTR/ERV1	1019	-	89	135681014	79396
chr9	4734367	4934367	harbor2	chr9	4752442	4752692	LTR/ERV1	1126	-	125	4752567	18200
chr9	4734367	4934367	harbor2	chr9	4753575	4753662	LTR/ERV1	480	-	44	4753619	19252
chr9	4734367	4934367	harbor2	chr9	4755575	4755863	LTR/ERV1	1640	-	144	4755719	21352
chr9	4734367	4934367	harbor2	chr9	4756168	4756240	LTR/ERV1	1640	-	36	4756204	21837
chr9	4734367	4934367	harbor2	chr9	4756261	4756546	LTR/ERV1	1781	-	142	4756403	22036
chr9	4734367	4934367	harbor2	chr9	4756775	4757260	LTR/ERV1	1930	-	242	4757017	22650
chr9	128981398	129181398	harbor2	chr9	129031506	129031608	LTR/ERV1	1003	-	51	129031557	50159
chr9	128981398	129181398	harbor2	chr9	129032862	129033114	LTR/ERV1	1448	-	126	129032988	51590
chr9	128981398	129181398	harbor2	chr9	129033390	129033543	LTR/ERV1	1448	-	76	129033466	52068
chr9	5027062	5227062	harbor2	chr9	5121120	5121800	LTR/ERV1	3804	-	340	5121460	94398
chr9	4692864	4892864	harbor2	chr9	4752442	4752692	LTR/ERV1	1126	-	125	4752567	59703
chr9	4692864	4892864	harbor2	chr9	4753575	4753662	LTR/ERV1	480	-	44	4753619	60755
chr9	4692864	4892864	harbor2	chr9	4755575	4755863	LTR/ERV1	1640	-	144	4755719	62855
chr9	4692864	4892864	harbor2	chr9	4756168	4756240	LTR/ERV1	1640	-	36	4756204	63340
chr9	4692864	4892864	harbor2	chr9	4756261	4756546	LTR/ERV1	1781	-	142	4756403	63539
chr9	4692864	4892864	harbor2	chr9	4756775	4757260	LTR/ERV1	1930	-	242	4757017	64153
chr9	87687012	87887012	harbor2	chr9	87739489	87739926	LTR/ERV1	2999	-	218	87739707	52695
chr9	87687012	87887012	harbor2	chr9	87766637	87767112	LTR/ERV1	2577	-	238	87766875	79863
chr9	105154708	105354708	harbor2	chr9	105197103	105197624	LTR/ERV1	2996	-	260	105197363	42655
chr9	34027547	34227547	harbor2	chr9	34059249	34059706	LTR/ERV1	2342	-	228	34059477	31930
chr9	4692777	4892777	harbor2	chr9	4752442	4752692	LTR/ERV1	1126	-	125	4752567	59790
chr9	4692777	4892777	harbor2	chr9	4753575	4753662	LTR/ERV1	480	-	44	4753619	60842
chr9	4692777	4892777	harbor2	chr9	4755575	4755863	LTR/ERV1	1640	-	144	4755719	62942
chr9	4692777	4892777	harbor2	chr9	4756168	4756240	LTR/ERV1	1640	-	36	4756204	63427
chr9	4692777	4892777	harbor2	chr9	4756261	4756546	LTR/ERV1	1781	-	142	4756403	63626
chr9	4692777	4892777	harbor2	chr9	4756775	4757260	LTR/ERV1	1930	-	242	4757017	64240
chr9	4743685	4943685	harbor2	chr9	4752442	4752692	LTR/ERV1	1126	-	125	4752567	8882
chr9	4743685	4943685	harbor2	chr9	4753575	4753662	LTR/ERV1	480	-	44	4753619	9934
chr9	4743685	4943685	harbor2	chr9	4755575	4755863	LTR/ERV1	1640	-	144	4755719	12034
chr9	4743685	4943685	harbor2	chr9	4756168	4756240	LTR/ERV1	1640	-	36	4756204	12519
chr9	4743685	4943685	harbor2	chr9	4756261	4756546	LTR/ERV1	1781	-	142	4756403	12718
chr9	4743685	4943685	harbor2	chr9	4756775	4757260	LTR/ERV1	1930	-	242	4757017	13332
chr9	35629934	35829934	harbor2	chr9	35640305	35641070	LTR/ERV1	6006	-	382	35640687	10753
chr9	35629934	35829934	harbor2	chr9	35641071	35641362	LTR/ERV1	2339	-	146	35641217	11283
chr9	35629934	35829934	harbor2	chr9	35641385	35642827	LTR/ERV1	11799	-	721	35642106	12172
chr9	38155453	38355453	harbor2	chr9	38170778	38171325	LTR/ERV1	3457	-	274	38171052	15599
chr9	38155453	38355453	harbor2	chr9	38186607	38186848	LTR/ERV1	1793	-	120	38186727	31274
chr9	137215323	137415323	harbor2	chr9	137289370	137289466	LTR/ERV1	505	-	48	137289418	74095
chr9	137215323	137415323	harbor2	chr9	137289769	137289804	LTR/ERV1	505	-	18	137289787	74464
chr9	137215323	137415323	harbor2	chr9	137290731	137290775	LTR/ERV1	770	-	22	137290753	75430
chr9	137215323	137415323	harbor2	chr9	137291081	137291269	LTR/ERV1	770	-	94	137291175	75852
chr9	4725632	4925632	harbor2	chr9	4752442	4752692	LTR/ERV1	1126	-	125	4752567	26935
chr9	4725632	4925632	harbor2	chr9	4753575	4753662	LTR/ERV1	480	-	44	4753619	27987
chr9	4725632	4925632	harbor2	chr9	4755575	4755863	LTR/ERV1	1640	-	144	4755719	30087
chr9	4725632	4925632	harbor2	chr9	4756168	4756240	LTR/ERV1	1640	-	36	4756204	30572
chr9	4725632	4925632	harbor2	chr9	4756261	4756546	LTR/ERV1	1781	-	142	4756403	30771
chr9	4725632	4925632	harbor2	chr9	4756775	4757260	LTR/ERV1	1930	-	242	4757017	31385
chr9	4693424	4893424	harbor2	chr9	4752442	4752692	LTR/ERV1	1126	-	125	4752567	59143
chr9	4693424	4893424	harbor2	chr9	4753575	4753662	LTR/ERV1	480	-	44	4753619	60195
chr9	4693424	4893424	harbor2	chr9	4755575	4755863	LTR/ERV1	1640	-	144	4755719	62295
chr9	4693424	4893424	harbor2	chr9	4756168	4756240	LTR/ERV1	1640	-	36	4756204	62780
chr9	4693424	4893424	harbor2	chr9	4756261	4756546	LTR/ERV1	1781	-	142	4756403	62979
chr9	4693424	4893424	harbor2	chr9	4756775	4757260	LTR/ERV1	1930	-	242	4757017	63593
chr9	137214922	137414922	harbor2	chr9	137289370	137289466	LTR/ERV1	505	-	48	137289418	74496
chr9	137214922	137414922	harbor2	chr9	137289769	137289804	LTR/ERV1	505	-	18	137289787	74865
chr9	137214922	137414922	harbor2	chr9	137290731	137290775	LTR/ERV1	770	-	22	137290753	75831
chr9	137214922	137414922	harbor2	chr9	137291081	137291269	LTR/ERV1	770	-	94	137291175	76253
chr9	133962159	134162159	harbor2	chr9	134015016	134015216	LTR/ERV1	762	-	100	134015116	52957
chr9	133962159	134162159	harbor2	chr9	134016708	134017052	LTR/ERV1	4251	-	172	134016880	54721
chr9	133962159	134162159	harbor2	chr9	134017356	134017480	LTR/ERV1	4251	-	62	134017418	55259
chr9	133962159	134162159	harbor2	chr9	134018002	134018167	LTR/ERV1	4251	-	82	134018084	55925
chr9	133962159	134162159	harbor2	chr9	134018464	134018576	LTR/ERV1	4251	-	56	134018520	56361
chr9	133962159	134162159	harbor2	chr9	134018867	134019066	LTR/ERV1	4251	-	100	134018967	56808
chr9	133962159	134162159	harbor2	chr9	134019706	134019986	LTR/ERV1	1652	-	140	134019846	57687
chr9	133962159	134162159	harbor2	chr9	134020336	134020373	LTR/ERV1	4758	-	18	134020354	58195
chr9	133962159	134162159	harbor2	chr9	134020631	134020901	LTR/ERV1	4758	-	135	134020766	58607
chr9	133962159	134162159	harbor2	chr9	134021164	134021333	LTR/ERV1	4758	-	84	134021248	59089
chr9	133962159	134162159	harbor2	chr9	134021665	134021877	LTR/ERV1	4758	-	106	134021771	59612
chr9	133962159	134162159	harbor2	chr9	134022174	134022435	LTR/ERV1	4758	-	130	134022304	60145
chr9	133962159	134162159	harbor2	chr9	134022439	134022673	LTR/ERV1	1328	-	117	134022556	60397
chr9	133962159	134162159	harbor2	chr9	134022980	134023083	LTR/ERV1	1328	-	52	134023032	60873
chr9	133962159	134162159	harbor2	chr9	134023082	134023218	LTR/ERV1	699	-	68	134023150	60991
chr9	123915711	124115711	harbor2	chr9	123945723	123945947	LTR/ERV1	516	-	112	123945835	30124
chr9	6727745	6927745	harbor2	chr9	6730283	6730333	LTR/ERV1	2641	-	25	6730308	2563
chr9	6727745	6927745	harbor2	chr9	6730629	6731029	LTR/ERV1	2641	-	200	6730829	3084
chr9	6727745	6927745	harbor2	chr9	6731034	6731313	LTR/ERV1	5260	-	140	6731174	3429
chr9	6727745	6927745	harbor2	chr9	6731632	6732080	LTR/ERV1	5260	-	224	6731856	4111
chr9	6727745	6927745	harbor2	chr9	6732548	6732730	LTR/ERV1	939	-	91	6732639	4894
chr9	6727745	6927745	harbor2	chr9	6733032	6733151	LTR/ERV1	930	-	60	6733092	5347
chr9	6727745	6927745	harbor2	chr9	6733602	6734150	LTR/ERV1	4334	-	274	6733876	6131
chr9	4694515	4894515	harbor2	chr9	4752442	4752692	LTR/ERV1	1126	-	125	4752567	58052
chr9	4694515	4894515	harbor2	chr9	4753575	4753662	LTR/ERV1	480	-	44	4753619	59104
chr9	4694515	4894515	harbor2	chr9	4755575	4755863	LTR/ERV1	1640	-	144	4755719	61204
chr9	4694515	4894515	harbor2	chr9	4756168	4756240	LTR/ERV1	1640	-	36	4756204	61689
chr9	4694515	4894515	harbor2	chr9	4756261	4756546	LTR/ERV1	1781	-	142	4756403	61888
chr9	4694515	4894515	harbor2	chr9	4756775	4757260	LTR/ERV1	1930	-	242	4757017	62502
chr9	114075574	114275574	harbor2	chr9	114114742	114115341	LTR/ERV1	3352	-	300	114115042	39468
chr9	4693490	4893490	harbor2	chr9	4752442	4752692	LTR/ERV1	1126	-	125	4752567	59077
chr9	4693490	4893490	harbor2	chr9	4753575	4753662	LTR/ERV1	480	-	44	4753619	60129
chr9	4693490	4893490	harbor2	chr9	4755575	4755863	LTR/ERV1	1640	-	144	4755719	62229
chr9	4693490	4893490	harbor2	chr9	4756168	4756240	LTR/ERV1	1640	-	36	4756204	62714
chr9	4693490	4893490	harbor2	chr9	4756261	4756546	LTR/ERV1	1781	-	142	4756403	62913
chr9	4693490	4893490	harbor2	chr9	4756775	4757260	LTR/ERV1	1930	-	242	4757017	63527
chr9	4692797	4892797	harbor2	chr9	4752442	4752692	LTR/ERV1	1126	-	125	4752567	59770
chr9	4692797	4892797	harbor2	chr9	4753575	4753662	LTR/ERV1	480	-	44	4753619	60822
chr9	4692797	4892797	harbor2	chr9	4755575	4755863	LTR/ERV1	1640	-	144	4755719	62922
chr9	4692797	4892797	harbor2	chr9	4756168	4756240	LTR/ERV1	1640	-	36	4756204	63407
chr9	4692797	4892797	harbor2	chr9	4756261	4756546	LTR/ERV1	1781	-	142	4756403	63606
chr9	4692797	4892797	harbor2	chr9	4756775	4757260	LTR/ERV1	1930	-	242	4757017	64220
chr9	135602393	135802393	harbor2	chr9	135643640	135644396	LTR/ERV1	5336	-	378	135644018	41625
chr9	135602393	135802393	harbor2	chr9	135648519	135649157	LTR/ERV1	3981	-	319	135648838	46445
chr9	135602393	135802393	harbor2	chr9	135651166	135651239	LTR/ERV1	3186	-	36	135651202	48809
chr9	135602393	135802393	harbor2	chr9	135651240	135651688	LTR/ERV1	2835	-	224	135651464	49071
chr9	135602393	135802393	harbor2	chr9	135651689	135652208	LTR/ERV1	3186	-	260	135651949	49556
chr9	135602393	135802393	harbor2	chr9	135654691	135654776	LTR/ERV1	546	-	42	135654733	52340
chr9	135602393	135802393	harbor2	chr9	135680327	135680809	LTR/ERV1	3447	-	241	135680568	78175
chr9	135602393	135802393	harbor2	chr9	135680925	135681103	LTR/ERV1	1019	-	89	135681014	78621
chr9	134036096	134236096	harbor2	chr9	134100665	134100932	LTR/ERV1	2887	-	134	134100799	64703
chr9	134036096	134236096	harbor2	chr9	134101232	134101525	LTR/ERV1	2887	-	146	134101378	65282
chr9	4641242	4841242	harbor2	chr9	4654276	4655017	LTR/ERV1	4749	-	370	4654646	13404
chr9	4641242	4841242	harbor2	chr9	4657562	4657949	LTR/ERV1	664	-	194	4657756	16514
chr9	126299693	126499693	harbor2	chr9	126316681	126317407	LTR/ERV1	4586	-	363	126317044	17351
chr9	133248112	133448112	harbor2	chr9	133248153	133248628	LTR/ERV1	2915	-	238	133248391	279
chr9	133248112	133448112	harbor2	chr9	133249815	133250376	LTR/ERV1	1324	-	280	133250095	1983
chr9	133248112	133448112	harbor2	chr9	133250373	133250995	LTR/ERV1	3387	-	311	133250684	2572
chr9	133248112	133448112	harbor2	chr9	133278707	133278970	LTR/ERV1	1350	-	132	133278839	30727
chr9	133248112	133448112	harbor2	chr9	133279058	133279972	LTR/ERV1	6700	-	457	133279515	31403
chr9	133248112	133448112	harbor2	chr9	133280063	133280137	LTR/ERV1	555	-	37	133280100	31988
chr9	133248112	133448112	harbor2	chr9	133280131	133281802	LTR/ERV1	14548	-	836	133280967	32855
chr9	133248112	133448112	harbor2	chr9	133282089	133282489	LTR/ERV1	14548	-	200	133282289	34177
chr9	133248112	133448112	harbor2	chr9	133282502	133282745	LTR/ERV1	1171	-	122	133282624	34512
chr9	133248112	133448112	harbor2	chr9	133283158	133283279	LTR/ERV1	710	-	60	133283218	35106
chr9	133248112	133448112	harbor2	chr9	133284687	133284804	LTR/ERV1	530	-	58	133284745	36633
chr9	133248112	133448112	harbor2	chr9	133284804	133284949	LTR/ERV1	1052	-	72	133284876	36764
chr9	133248112	133448112	harbor2	chr9	133287145	133287673	LTR/ERV1	22905	-	264	133287409	39297
chr9	133248112	133448112	harbor2	chr9	133287981	133288315	LTR/ERV1	22905	-	167	133288148	40036
chr9	133248112	133448112	harbor2	chr9	133288617	133289988	LTR/ERV1	29061	-	686	133289303	41191
chr9	133248112	133448112	harbor2	chr9	133290288	133293656	LTR/ERV1	29061	-	1684	133291972	43860
chr9	133248112	133448112	harbor2	chr9	133293657	133294354	LTR/ERV1	4684	-	348	133294005	45893
chr9	111563686	111763686	harbor2	chr9	111602772	111603352	LTR/ERV1	3334	-	290	111603062	39376
chr9	111563686	111763686	harbor2	chr9	111603641	111603671	LTR/ERV1	3334	-	15	111603656	39970
chr9	111563686	111763686	harbor2	chr9	111638123	111638448	LTR/ERV1	762	-	162	111638285	74599
chr9	137100214	137300214	harbor2	chr9	137127600	137128119	LTR/ERV1	3182	-	260	137127860	27646
chr9	137100214	137300214	harbor2	chr9	137128653	137128856	LTR/ERV1	713	-	102	137128755	28541
chr9	4692893	4892893	harbor2	chr9	4752442	4752692	LTR/ERV1	1126	-	125	4752567	59674
chr9	4692893	4892893	harbor2	chr9	4753575	4753662	LTR/ERV1	480	-	44	4753619	60726
chr9	4692893	4892893	harbor2	chr9	4755575	4755863	LTR/ERV1	1640	-	144	4755719	62826
chr9	4692893	4892893	harbor2	chr9	4756168	4756240	LTR/ERV1	1640	-	36	4756204	63311
chr9	4692893	4892893	harbor2	chr9	4756261	4756546	LTR/ERV1	1781	-	142	4756403	63510
chr9	4692893	4892893	harbor2	chr9	4756775	4757260	LTR/ERV1	1930	-	242	4757017	64124
chr9	4694556	4894556	harbor2	chr9	4752442	4752692	LTR/ERV1	1126	-	125	4752567	58011
chr9	4694556	4894556	harbor2	chr9	4753575	4753662	LTR/ERV1	480	-	44	4753619	59063
chr9	4694556	4894556	harbor2	chr9	4755575	4755863	LTR/ERV1	1640	-	144	4755719	61163
chr9	4694556	4894556	harbor2	chr9	4756168	4756240	LTR/ERV1	1640	-	36	4756204	61648
chr9	4694556	4894556	harbor2	chr9	4756261	4756546	LTR/ERV1	1781	-	142	4756403	61847
chr9	4694556	4894556	harbor2	chr9	4756775	4757260	LTR/ERV1	1930	-	242	4757017	62461
chr9	135401583	135601583	harbor2	chr9	135437085	135437285	LTR/ERV1	1267	-	100	135437185	35602
chr9	135401583	135601583	harbor2	chr9	135437583	135437688	LTR/ERV1	580	-	52	135437635	36052
chr9	135401583	135601583	harbor2	chr9	135437717	135439587	LTR/ERV1	43615	-	935	135438652	37069
chr9	135401583	135601583	harbor2	chr9	135440177	135444140	LTR/ERV1	43615	-	1982	135442159	40576
chr9	135401583	135601583	harbor2	chr9	135444141	135444321	LTR/ERV1	1161	-	90	135444231	42648
chr9	137214569	137414569	harbor2	chr9	137289370	137289466	LTR/ERV1	505	-	48	137289418	74849
chr9	137214569	137414569	harbor2	chr9	137289769	137289804	LTR/ERV1	505	-	18	137289787	75218
chr9	137214569	137414569	harbor2	chr9	137290731	137290775	LTR/ERV1	770	-	22	137290753	76184
chr9	137214569	137414569	harbor2	chr9	137291081	137291269	LTR/ERV1	770	-	94	137291175	76606
chr9	4692786	4892786	harbor2	chr9	4752442	4752692	LTR/ERV1	1126	-	125	4752567	59781
chr9	4692786	4892786	harbor2	chr9	4753575	4753662	LTR/ERV1	480	-	44	4753619	60833
chr9	4692786	4892786	harbor2	chr9	4755575	4755863	LTR/ERV1	1640	-	144	4755719	62933
chr9	4692786	4892786	harbor2	chr9	4756168	4756240	LTR/ERV1	1640	-	36	4756204	63418
chr9	4692786	4892786	harbor2	chr9	4756261	4756546	LTR/ERV1	1781	-	142	4756403	63617
chr9	4692786	4892786	harbor2	chr9	4756775	4757260	LTR/ERV1	1930	-	242	4757017	64231
chr9	134036081	134236081	harbor2	chr9	134100665	134100932	LTR/ERV1	2887	-	134	134100799	64718
chr9	134036081	134236081	harbor2	chr9	134101232	134101525	LTR/ERV1	2887	-	146	134101378	65297
chr9	135594610	135794610	harbor2	chr9	135643640	135644396	LTR/ERV1	5336	-	378	135644018	49408
chr9	135594610	135794610	harbor2	chr9	135648519	135649157	LTR/ERV1	3981	-	319	135648838	54228
chr9	135594610	135794610	harbor2	chr9	135651166	135651239	LTR/ERV1	3186	-	36	135651202	56592
chr9	135594610	135794610	harbor2	chr9	135651240	135651688	LTR/ERV1	2835	-	224	135651464	56854
chr9	135594610	135794610	harbor2	chr9	135651689	135652208	LTR/ERV1	3186	-	260	135651949	57339
chr9	135594610	135794610	harbor2	chr9	135654691	135654776	LTR/ERV1	546	-	42	135654733	60123
chr9	135594610	135794610	harbor2	chr9	135680327	135680809	LTR/ERV1	3447	-	241	135680568	85958
chr9	135594610	135794610	harbor2	chr9	135680925	135681103	LTR/ERV1	1019	-	89	135681014	86404
chr9	108356062	108556062	harbor2	chr9	108377092	108377716	LTR/ERV1	3192	-	312	108377404	21342
chr10	132234146	132434146	harbor2	chr10	132320257	132320762	LTR/ERV1	1624	-	252	132320509	86363
chr10	132234146	132434146	harbor2	chr10	132324653	132325089	LTR/ERV1	2123	-	218	132324871	90725
chr10	132234146	132434146	harbor2	chr10	132326059	132326340	LTR/ERV1	1453	-	140	132326199	92053
chr10	132234146	132434146	harbor2	chr10	132326623	132326901	LTR/ERV1	1453	-	139	132326762	92616
chr10	132234146	132434146	harbor2	chr10	132328025	132328756	LTR/ERV1	3453	-	366	132328391	94245
chr10	132235038	132435038	harbor2	chr10	132320257	132320762	LTR/ERV1	1624	-	252	132320509	85471
chr10	132235038	132435038	harbor2	chr10	132324653	132325089	LTR/ERV1	2123	-	218	132324871	89833
chr10	132235038	132435038	harbor2	chr10	132326059	132326340	LTR/ERV1	1453	-	140	132326199	91161
chr10	132235038	132435038	harbor2	chr10	132326623	132326901	LTR/ERV1	1453	-	139	132326762	91724
chr10	132235038	132435038	harbor2	chr10	132328025	132328756	LTR/ERV1	3453	-	366	132328391	93353
chr10	48742186	48942186	harbor2	chr10	48781870	48782301	LTR/ERV1	1025	-	216	48782086	39900
chr10	102141600	102341600	harbor2	chr10	102180852	102181351	LTR/ERV1	4663	-	250	102181102	39502
chr10	102141600	102341600	harbor2	chr10	102181661	102181932	LTR/ERV1	4663	-	136	102181797	40197
chr10	102141600	102341600	harbor2	chr10	102188019	102189061	LTR/ERV1	3465	-	521	102188540	46940
chr10	102141600	102341600	harbor2	chr10	102193133	102193586	LTR/ERV1	3512	-	226	102193359	51759
chr10	102141600	102341600	harbor2	chr10	102193595	102193771	LTR/ERV1	10077	-	88	102193683	52083
chr10	102141600	102341600	harbor2	chr10	102194054	102194180	LTR/ERV1	10077	-	63	102194117	52517
chr10	102141600	102341600	harbor2	chr10	102194814	102195871	LTR/ERV1	10077	-	528	102195342	53742
chr10	102141600	102341600	harbor2	chr10	102196238	102197447	LTR/ERV1	25283	-	604	102196842	55242
chr10	102141600	102341600	harbor2	chr10	102197748	102198553	LTR/ERV1	25283	-	402	102198150	56550
chr10	102141600	102341600	harbor2	chr10	102198877	102199775	LTR/ERV1	25283	-	449	102199326	57726
chr10	102141600	102341600	harbor2	chr10	102199776	102201425	LTR/ERV1	8233	-	824	102200600	59000
chr10	102141600	102341600	harbor2	chr10	102201426	102201989	LTR/ERV1	25283	-	282	102201708	60108
chr10	102141600	102341600	harbor2	chr10	102204397	102204851	LTR/ERV1	3204	-	227	102204624	63024
chr10	102141600	102341600	harbor2	chr10	102201981	102204396	LTR/ERV1	18242	-	1208	102203189	61589
chr10	102141612	102341612	harbor2	chr10	102180852	102181351	LTR/ERV1	4663	-	250	102181102	39490
chr10	102141612	102341612	harbor2	chr10	102181661	102181932	LTR/ERV1	4663	-	136	102181797	40185
chr10	102141612	102341612	harbor2	chr10	102188019	102189061	LTR/ERV1	3465	-	521	102188540	46928
chr10	102141612	102341612	harbor2	chr10	102193133	102193586	LTR/ERV1	3512	-	226	102193359	51747
chr10	102141612	102341612	harbor2	chr10	102193595	102193771	LTR/ERV1	10077	-	88	102193683	52071
chr10	102141612	102341612	harbor2	chr10	102194054	102194180	LTR/ERV1	10077	-	63	102194117	52505
chr10	102141612	102341612	harbor2	chr10	102194814	102195871	LTR/ERV1	10077	-	528	102195342	53730
chr10	102141612	102341612	harbor2	chr10	102196238	102197447	LTR/ERV1	25283	-	604	102196842	55230
chr10	102141612	102341612	harbor2	chr10	102197748	102198553	LTR/ERV1	25283	-	402	102198150	56538
chr10	102141612	102341612	harbor2	chr10	102198877	102199775	LTR/ERV1	25283	-	449	102199326	57714
chr10	102141612	102341612	harbor2	chr10	102199776	102201425	LTR/ERV1	8233	-	824	102200600	58988
chr10	102141612	102341612	harbor2	chr10	102201426	102201989	LTR/ERV1	25283	-	282	102201708	60096
chr10	102141612	102341612	harbor2	chr10	102204397	102204851	LTR/ERV1	3204	-	227	102204624	63012
chr10	102141612	102341612	harbor2	chr10	102201981	102204396	LTR/ERV1	18242	-	1208	102203189	61577
chr10	103893614	104093614	harbor2	chr10	103928630	103929236	LTR/ERV1	3594	-	303	103928933	35319
chr10	103893614	104093614	harbor2	chr10	103987872	103988369	LTR/ERV1	1708	-	248	103988120	94506
chr10	14996869	15196869	harbor2	chr10	15013301	15015356	LTR/ERV1	14958	-	1028	15014329	17460
chr10	14996869	15196869	harbor2	chr10	15072453	15072961	LTR/ERV1	2546	-	254	15072707	75838
chr10	14996869	15196869	harbor2	chr10	15084417	15085010	LTR/ERV1	3761	-	296	15084713	87844
chr10	14778679	14978679	harbor2	chr10	14778574	14779136	LTR/ERV1	2155	-	281	14778855	176
chr10	14778676	14978676	harbor2	chr10	14778574	14779136	LTR/ERV1	2155	-	281	14778855	179
chr10	132207766	132407766	harbor2	chr10	132220900	132221033	LTR/ERV1	689	-	66	132220966	13200
chr10	102141599	102341599	harbor2	chr10	102180852	102181351	LTR/ERV1	4663	-	250	102181102	39503
chr10	102141599	102341599	harbor2	chr10	102181661	102181932	LTR/ERV1	4663	-	136	102181797	40198
chr10	102141599	102341599	harbor2	chr10	102188019	102189061	LTR/ERV1	3465	-	521	102188540	46941
chr10	102141599	102341599	harbor2	chr10	102193133	102193586	LTR/ERV1	3512	-	226	102193359	51760
chr10	102141599	102341599	harbor2	chr10	102193595	102193771	LTR/ERV1	10077	-	88	102193683	52084
chr10	102141599	102341599	harbor2	chr10	102194054	102194180	LTR/ERV1	10077	-	63	102194117	52518
chr10	102141599	102341599	harbor2	chr10	102194814	102195871	LTR/ERV1	10077	-	528	102195342	53743
chr10	102141599	102341599	harbor2	chr10	102196238	102197447	LTR/ERV1	25283	-	604	102196842	55243
chr10	102141599	102341599	harbor2	chr10	102197748	102198553	LTR/ERV1	25283	-	402	102198150	56551
chr10	102141599	102341599	harbor2	chr10	102198877	102199775	LTR/ERV1	25283	-	449	102199326	57727
chr10	102141599	102341599	harbor2	chr10	102199776	102201425	LTR/ERV1	8233	-	824	102200600	59001
chr10	102141599	102341599	harbor2	chr10	102201426	102201989	LTR/ERV1	25283	-	282	102201708	60109
chr10	102141599	102341599	harbor2	chr10	102204397	102204851	LTR/ERV1	3204	-	227	102204624	63025
chr10	102141599	102341599	harbor2	chr10	102201981	102204396	LTR/ERV1	18242	-	1208	102203189	61590
chr10	133106978	133306978	harbor2	chr10	133196630	133196868	LTR/ERV1	566	-	119	133196749	89771
chr10	133106978	133306978	harbor2	chr10	133196868	133196987	LTR/ERV1	554	-	60	133196928	89950
chr10	23340660	23540660	harbor2	chr10	23370068	23370685	LTR/ERV1	1947	-	308	23370376	29716
chr10	23340660	23540660	harbor2	chr10	23374375	23374821	LTR/ERV1	2023	-	223	23374598	33938
chr10	23340660	23540660	harbor2	chr10	23375124	23375356	LTR/ERV1	2023	-	116	23375240	34580
chr10	23340660	23540660	harbor2	chr10	23390071	23390228	LTR/ERV1	1992	-	78	23390149	49489
chr10	23340660	23540660	harbor2	chr10	23390510	23391104	LTR/ERV1	3706	-	297	23390807	50147
chr10	23340660	23540660	harbor2	chr10	23392488	23393073	LTR/ERV1	3791	-	292	23392780	52120
chr10	23340660	23540660	harbor2	chr10	23418262	23418663	LTR/ERV1	2529	-	200	23418462	77802
chr10	129121176	129321176	harbor2	chr10	129174260	129174600	LTR/ERV1	490	-	170	129174430	53254
chr10	130648896	130848896	harbor2	chr10	130722515	130723417	LTR/ERV1	5246	-	451	130722966	74070
chr10	102141615	102341615	harbor2	chr10	102180852	102181351	LTR/ERV1	4663	-	250	102181102	39487
chr10	102141615	102341615	harbor2	chr10	102181661	102181932	LTR/ERV1	4663	-	136	102181797	40182
chr10	102141615	102341615	harbor2	chr10	102188019	102189061	LTR/ERV1	3465	-	521	102188540	46925
chr10	102141615	102341615	harbor2	chr10	102193133	102193586	LTR/ERV1	3512	-	226	102193359	51744
chr10	102141615	102341615	harbor2	chr10	102193595	102193771	LTR/ERV1	10077	-	88	102193683	52068
chr10	102141615	102341615	harbor2	chr10	102194054	102194180	LTR/ERV1	10077	-	63	102194117	52502
chr10	102141615	102341615	harbor2	chr10	102194814	102195871	LTR/ERV1	10077	-	528	102195342	53727
chr10	102141615	102341615	harbor2	chr10	102196238	102197447	LTR/ERV1	25283	-	604	102196842	55227
chr10	102141615	102341615	harbor2	chr10	102197748	102198553	LTR/ERV1	25283	-	402	102198150	56535
chr10	102141615	102341615	harbor2	chr10	102198877	102199775	LTR/ERV1	25283	-	449	102199326	57711
chr10	102141615	102341615	harbor2	chr10	102199776	102201425	LTR/ERV1	8233	-	824	102200600	58985
chr10	102141615	102341615	harbor2	chr10	102201426	102201989	LTR/ERV1	25283	-	282	102201708	60093
chr10	102141615	102341615	harbor2	chr10	102204397	102204851	LTR/ERV1	3204	-	227	102204624	63009
chr10	102141615	102341615	harbor2	chr10	102201981	102204396	LTR/ERV1	18242	-	1208	102203189	61574
chr10	101132788	101332788	harbor2	chr10	101164009	101164710	LTR/ERV1	4305	-	350	101164359	31571
chr10	101132788	101332788	harbor2	chr10	101182102	101182705	LTR/ERV1	4122	-	302	101182404	49616
chr10	101132788	101332788	harbor2	chr10	101183756	101184274	LTR/ERV1	3201	-	259	101184015	51227
chr10	101132788	101332788	harbor2	chr10	101184276	101184838	LTR/ERV1	3214	-	281	101184557	51769
chr10	101132788	101332788	harbor2	chr10	101184832	101186930	LTR/ERV1	13823	-	1049	101185881	53093
chr10	101132788	101332788	harbor2	chr10	101186917	101187109	LTR/ERV1	1215	-	96	101187013	54225
chr10	101132788	101332788	harbor2	chr10	101188717	101188921	LTR/ERV1	9148	-	102	101188819	56031
chr10	101132788	101332788	harbor2	chr10	101201003	101201451	LTR/ERV1	3610	-	224	101201227	68439
chr10	101132788	101332788	harbor2	chr10	101187098	101188408	LTR/ERV1	9148	-	655	101187753	54965
chr10	75111508	75311508	harbor2	chr10	75183584	75183832	LTR/ERV1	1007	-	124	75183708	72200
chr10	75111508	75311508	harbor2	chr10	75196898	75197096	LTR/ERV1	1553	-	99	75196997	85489
chr10	75111508	75311508	harbor2	chr10	75206390	75206411	LTR/ERV1	3171	-	10	75206400	94892
chr10	75111508	75311508	harbor2	chr10	75206450	75206463	LTR/ERV1	3171	-	6	75206456	94948
chr10	75111508	75311508	harbor2	chr10	75207106	75207533	LTR/ERV1	3171	-	214	75207320	95812
chr10	75111508	75311508	harbor2	chr10	75209151	75209408	LTR/ERV1	1953	-	128	75209279	97771
chr10	75111508	75311508	harbor2	chr10	75209713	75209895	LTR/ERV1	1953	-	91	75209804	98296
chr10	6420714	6620714	harbor2	chr10	6424095	6424722	LTR/ERV1	840	-	314	6424409	3695
chr10	6420714	6620714	harbor2	chr10	6511459	6511904	LTR/ERV1	2365	-	222	6511681	90967
chr10	14778686	14978686	harbor2	chr10	14778574	14779136	LTR/ERV1	2155	-	281	14778855	169
chr10	132233372	132433372	harbor2	chr10	132320257	132320762	LTR/ERV1	1624	-	252	132320509	87137
chr10	132233372	132433372	harbor2	chr10	132324653	132325089	LTR/ERV1	2123	-	218	132324871	91499
chr10	132233372	132433372	harbor2	chr10	132326059	132326340	LTR/ERV1	1453	-	140	132326199	92827
chr10	132233372	132433372	harbor2	chr10	132326623	132326901	LTR/ERV1	1453	-	139	132326762	93390
chr10	132233372	132433372	harbor2	chr10	132328025	132328756	LTR/ERV1	3453	-	366	132328391	95019
chr10	131882110	132082110	harbor2	chr10	131925669	131926128	LTR/ERV1	2177	-	230	131925899	43789
chr10	130028498	130228498	harbor2	chr10	130113111	130113313	LTR/ERV1	704	-	101	130113212	84714
chr10	132104141	132304141	harbor2	chr10	132119766	132119898	LTR/ERV1	550	-	66	132119832	15691
chr10	122908712	123108712	harbor2	chr10	122930822	122931385	LTR/ERV1	3514	-	282	122931104	22392
chr10	132207729	132407729	harbor2	chr10	132220900	132221033	LTR/ERV1	689	-	66	132220966	13237
chr10	23210069	23410069	harbor2	chr10	23296192	23296527	LTR/ERV1	2740	-	168	23296360	86291
chr10	23210069	23410069	harbor2	chr10	23296531	23296818	LTR/ERV1	2430	-	144	23296675	86606
chr10	23210069	23410069	harbor2	chr10	23296841	23297216	LTR/ERV1	30542	-	188	23297029	86960
chr10	23210069	23410069	harbor2	chr10	23297272	23297973	LTR/ERV1	30542	-	350	23297622	87553
chr10	23210069	23410069	harbor2	chr10	23298284	23299695	LTR/ERV1	30542	-	706	23298990	88921
chr10	23210069	23410069	harbor2	chr10	23299995	23301140	LTR/ERV1	30542	-	572	23300567	90498
chr10	23210069	23410069	harbor2	chr10	23301128	23301526	LTR/ERV1	3162	-	199	23301327	91258
chr10	23210069	23410069	harbor2	chr10	23301527	23302161	LTR/ERV1	3731	-	317	23301844	91775
chr10	33635957	33835957	harbor2	chr10	33647600	33648031	LTR/ERV1	3009	-	216	33647816	11859
chr10	75120756	75320756	harbor2	chr10	75183584	75183832	LTR/ERV1	1007	-	124	75183708	62952
chr10	75120756	75320756	harbor2	chr10	75196898	75197096	LTR/ERV1	1553	-	99	75196997	76241
chr10	75120756	75320756	harbor2	chr10	75206390	75206411	LTR/ERV1	3171	-	10	75206400	85644
chr10	75120756	75320756	harbor2	chr10	75206450	75206463	LTR/ERV1	3171	-	6	75206456	85700
chr10	75120756	75320756	harbor2	chr10	75207106	75207533	LTR/ERV1	3171	-	214	75207320	86564
chr10	75120756	75320756	harbor2	chr10	75209151	75209408	LTR/ERV1	1953	-	128	75209279	88523
chr10	75120756	75320756	harbor2	chr10	75209713	75209895	LTR/ERV1	1953	-	91	75209804	89048
chr10	132233889	132433889	harbor2	chr10	132320257	132320762	LTR/ERV1	1624	-	252	132320509	86620
chr10	132233889	132433889	harbor2	chr10	132324653	132325089	LTR/ERV1	2123	-	218	132324871	90982
chr10	132233889	132433889	harbor2	chr10	132326059	132326340	LTR/ERV1	1453	-	140	132326199	92310
chr10	132233889	132433889	harbor2	chr10	132326623	132326901	LTR/ERV1	1453	-	139	132326762	92873
chr10	132233889	132433889	harbor2	chr10	132328025	132328756	LTR/ERV1	3453	-	366	132328391	94502
chr10	43151417	43351417	harbor2	chr10	43185701	43186166	LTR/ERV1	1136	-	232	43185933	34516
chr10	4452699	4652699	harbor2	chr10	4453837	4454448	LTR/ERV1	3805	-	306	4454143	1444
chr10	114721684	114921684	harbor2	chr10	114780295	114780730	LTR/ERV1	2155	-	218	114780513	58829
chr10	69630792	69830792	harbor2	chr10	69707307	69707765	LTR/ERV1	3348	-	229	69707536	76744
chr10	14908036	15108036	harbor2	chr10	14973925	14974571	LTR/ERV1	4583	-	323	14974248	66212
chr10	14908036	15108036	harbor2	chr10	14980513	14982700	LTR/ERV1	15370	-	1094	14981607	73571
chr10	14908036	15108036	harbor2	chr10	14990821	14994887	LTR/ERV1	28740	-	2033	14992854	84818
chr10	133562176	133762176	harbor2	chr10	133588371	133588447	LTR/ERV1	640	-	38	133588409	26233
chr10	133562176	133762176	harbor2	chr10	133645225	133645882	LTR/ERV1	3036	-	328	133645553	83377
chr10	133562176	133762176	harbor2	chr10	133646494	133647642	LTR/ERV1	1804	-	574	133647068	84892
chr10	133562176	133762176	harbor2	chr10	133647643	133648116	LTR/ERV1	3085	-	236	133647879	85703
chr10	71364878	71564878	harbor2	chr10	71376605	71376750	LTR/ERV1	619	-	72	71376677	11799
chr10	68161589	68361589	harbor2	chr10	68162815	68163022	LTR/ERV1	2859	-	104	68162919	1330
chr10	68161589	68361589	harbor2	chr10	68163303	68163345	LTR/ERV1	2859	-	21	68163324	1735
chr10	68161589	68361589	harbor2	chr10	68163658	68163891	LTR/ERV1	2859	-	116	68163774	2185
chr10	68161589	68361589	harbor2	chr10	68168407	68168759	LTR/ERV1	1656	-	176	68168583	6994
chr10	68161589	68361589	harbor2	chr10	68181622	68182178	LTR/ERV1	983	-	278	68181900	20311
chr10	68161589	68361589	harbor2	chr10	68244035	68244102	LTR/ERV1	1115	-	34	68244069	82480
chr10	68161589	68361589	harbor2	chr10	68244419	68244714	LTR/ERV1	1115	-	148	68244567	82978
chr10	68161589	68361589	harbor2	chr10	68244956	68245038	LTR/ERV1	1115	-	41	68244997	83408
chr10	100085958	100285958	harbor2	chr10	100106619	100107275	LTR/ERV1	3726	-	328	100106947	20989
chr10	100085958	100285958	harbor2	chr10	100125203	100125345	LTR/ERV1	2563	-	71	100125274	39316
chr10	100085958	100285958	harbor2	chr10	100125714	100126143	LTR/ERV1	2563	-	214	100125928	39970
chr10	131033279	131233279	harbor2	chr10	131050780	131051385	LTR/ERV1	3038	-	302	131051082	17803
chr10	131033279	131233279	harbor2	chr10	131052280	131052465	LTR/ERV1	2829	-	92	131052372	19093
chr10	131033279	131233279	harbor2	chr10	131052769	131053199	LTR/ERV1	2829	-	215	131052984	19705
chr10	131033279	131233279	harbor2	chr10	131103111	131103409	LTR/ERV1	2356	-	149	131103260	69981
chr10	131033279	131233279	harbor2	chr10	131103719	131103878	LTR/ERV1	2356	-	80	131103799	70520
chr10	102144633	102344633	harbor2	chr10	102180852	102181351	LTR/ERV1	4663	-	250	102181102	36469
chr10	102144633	102344633	harbor2	chr10	102181661	102181932	LTR/ERV1	4663	-	136	102181797	37164
chr10	102144633	102344633	harbor2	chr10	102188019	102189061	LTR/ERV1	3465	-	521	102188540	43907
chr10	102144633	102344633	harbor2	chr10	102193133	102193586	LTR/ERV1	3512	-	226	102193359	48726
chr10	102144633	102344633	harbor2	chr10	102193595	102193771	LTR/ERV1	10077	-	88	102193683	49050
chr10	102144633	102344633	harbor2	chr10	102194054	102194180	LTR/ERV1	10077	-	63	102194117	49484
chr10	102144633	102344633	harbor2	chr10	102194814	102195871	LTR/ERV1	10077	-	528	102195342	50709
chr10	102144633	102344633	harbor2	chr10	102196238	102197447	LTR/ERV1	25283	-	604	102196842	52209
chr10	102144633	102344633	harbor2	chr10	102197748	102198553	LTR/ERV1	25283	-	402	102198150	53517
chr10	102144633	102344633	harbor2	chr10	102198877	102199775	LTR/ERV1	25283	-	449	102199326	54693
chr10	102144633	102344633	harbor2	chr10	102199776	102201425	LTR/ERV1	8233	-	824	102200600	55967
chr10	102144633	102344633	harbor2	chr10	102201426	102201989	LTR/ERV1	25283	-	282	102201708	57075
chr10	102144633	102344633	harbor2	chr10	102204397	102204851	LTR/ERV1	3204	-	227	102204624	59991
chr10	102144633	102344633	harbor2	chr10	102201981	102204396	LTR/ERV1	18242	-	1208	102203189	58556
chr10	48300059	48500059	harbor2	chr10	48330535	48330954	LTR/ERV1	3331	-	210	48330745	30686
chr10	48300059	48500059	harbor2	chr10	48334177	48334721	LTR/ERV1	4145	-	272	48334449	34390
chr10	48300059	48500059	harbor2	chr10	48334722	48335179	LTR/ERV1	3420	-	228	48334950	34891
chr10	48300059	48500059	harbor2	chr10	48366281	48366610	LTR/ERV1	1128	-	164	48366445	66386
chr10	48300059	48500059	harbor2	chr10	48377787	48378085	LTR/ERV1	838	-	149	48377936	77877
chr10	48300059	48500059	harbor2	chr10	48378172	48378774	LTR/ERV1	3390	-	301	48378473	78414
chr10	48300059	48500059	harbor2	chr10	48378924	48379961	LTR/ERV1	5371	-	518	48379442	79383
chr10	48300059	48500059	harbor2	chr10	48380250	48380449	LTR/ERV1	4527	-	100	48380350	80291
chr10	48300059	48500059	harbor2	chr10	48382967	48383434	LTR/ERV1	1560	-	234	48383201	83142
chr10	48300059	48500059	harbor2	chr10	48383920	48383974	LTR/ERV1	582	-	27	48383947	83888
chr10	48300059	48500059	harbor2	chr10	48384262	48384425	LTR/ERV1	582	-	82	48384344	84285
chr10	48300059	48500059	harbor2	chr10	48384426	48384605	LTR/ERV1	707	-	90	48384516	84457
chr10	48300059	48500059	harbor2	chr10	48384864	48385279	LTR/ERV1	1023	-	208	48385072	85013
chr10	48300059	48500059	harbor2	chr10	48330955	48333651	LTR/ERV1	21174	-	1348	48332303	32244
chr10	48300059	48500059	harbor2	chr10	48380753	48382651	LTR/ERV1	4527	-	949	48381702	81643
chr10	132207745	132407745	harbor2	chr10	132220900	132221033	LTR/ERV1	689	-	66	132220966	13221
chr10	132252813	132452813	harbor2	chr10	132320257	132320762	LTR/ERV1	1624	-	252	132320509	67696
chr10	132252813	132452813	harbor2	chr10	132324653	132325089	LTR/ERV1	2123	-	218	132324871	72058
chr10	132252813	132452813	harbor2	chr10	132326059	132326340	LTR/ERV1	1453	-	140	132326199	73386
chr10	132252813	132452813	harbor2	chr10	132326623	132326901	LTR/ERV1	1453	-	139	132326762	73949
chr10	132252813	132452813	harbor2	chr10	132328025	132328756	LTR/ERV1	3453	-	366	132328391	75578
chr10	132252813	132452813	harbor2	chr10	132335099	132335338	LTR/ERV1	1559	-	120	132335219	82406
chr10	132252813	132452813	harbor2	chr10	132335335	132335434	LTR/ERV1	643	-	50	132335385	82572
chr10	132252813	132452813	harbor2	chr10	132335431	132335534	LTR/ERV1	593	-	52	132335483	82670
chr10	132252813	132452813	harbor2	chr10	132335531	132335636	LTR/ERV1	624	-	52	132335583	82770
chr10	132252813	132452813	harbor2	chr10	132335634	132336072	LTR/ERV1	3047	-	219	132335853	83040
chr10	132252813	132452813	harbor2	chr10	132342612	132342737	LTR/ERV1	2741	-	62	132342674	89861
chr10	132252813	132452813	harbor2	chr10	132342863	132343031	LTR/ERV1	2741	-	84	132342947	90134
chr10	132252813	132452813	harbor2	chr10	132343345	132343951	LTR/ERV1	2741	-	303	132343648	90835
chr10	132252813	132452813	harbor2	chr10	132348534	132348957	LTR/ERV1	1371	-	212	132348746	95933
chr10	10822731	11022731	harbor2	chr10	10860594	10860923	LTR/ERV1	2240	-	164	10860758	38027
chr10	10822731	11022731	harbor2	chr10	10861374	10861482	LTR/ERV1	532	-	54	10861428	38697
chr10	10822731	11022731	harbor2	chr10	10877202	10877649	LTR/ERV1	3052	-	224	10877426	54695
chr10	75111469	75311469	harbor2	chr10	75183584	75183832	LTR/ERV1	1007	-	124	75183708	72239
chr10	75111469	75311469	harbor2	chr10	75196898	75197096	LTR/ERV1	1553	-	99	75196997	85528
chr10	75111469	75311469	harbor2	chr10	75206390	75206411	LTR/ERV1	3171	-	10	75206400	94931
chr10	75111469	75311469	harbor2	chr10	75206450	75206463	LTR/ERV1	3171	-	6	75206456	94987
chr10	75111469	75311469	harbor2	chr10	75207106	75207533	LTR/ERV1	3171	-	214	75207320	95851
chr10	75111469	75311469	harbor2	chr10	75209151	75209408	LTR/ERV1	1953	-	128	75209279	97810
chr10	75111469	75311469	harbor2	chr10	75209713	75209895	LTR/ERV1	1953	-	91	75209804	98335
chr10	47396264	47596264	harbor2	chr10	47421539	47422093	LTR/ERV1	3113	-	277	47421816	25552
chr10	47396264	47596264	harbor2	chr10	47422151	47423308	LTR/ERV1	7510	-	578	47422729	26465
chr10	47396264	47596264	harbor2	chr10	47423681	47423825	LTR/ERV1	7510	-	72	47423753	27489
chr10	47396264	47596264	harbor2	chr10	47424132	47424227	LTR/ERV1	7510	-	48	47424180	27916
chr10	47396264	47596264	harbor2	chr10	47424767	47424986	LTR/ERV1	1011	-	110	47424877	28613
chr10	47396264	47596264	harbor2	chr10	47440309	47440571	LTR/ERV1	1523	-	131	47440440	44176
chr10	47396264	47596264	harbor2	chr10	47440805	47440984	LTR/ERV1	838	-	90	47440895	44631
chr10	47396264	47596264	harbor2	chr10	47441034	47441287	LTR/ERV1	1048	-	126	47441160	44896
chr10	47396264	47596264	harbor2	chr10	47441289	47441827	LTR/ERV1	3207	-	269	47441558	45294
chr10	47396264	47596264	harbor2	chr10	47464004	47464425	LTR/ERV1	1885	-	210	47464214	67950
chr10	89151733	89351733	harbor2	chr10	89181817	89182289	LTR/ERV1	2688	-	236	89182053	30320
chr10	47354780	47554780	harbor2	chr10	47421539	47422093	LTR/ERV1	3113	-	277	47421816	67036
chr10	47354780	47554780	harbor2	chr10	47422151	47423308	LTR/ERV1	7510	-	578	47422729	67949
chr10	47354780	47554780	harbor2	chr10	47423681	47423825	LTR/ERV1	7510	-	72	47423753	68973
chr10	47354780	47554780	harbor2	chr10	47424132	47424227	LTR/ERV1	7510	-	48	47424180	69400
chr10	47354780	47554780	harbor2	chr10	47424767	47424986	LTR/ERV1	1011	-	110	47424877	70097
chr10	47354780	47554780	harbor2	chr10	47440309	47440571	LTR/ERV1	1523	-	131	47440440	85660
chr10	47354780	47554780	harbor2	chr10	47440805	47440984	LTR/ERV1	838	-	90	47440895	86115
chr10	47354780	47554780	harbor2	chr10	47441034	47441287	LTR/ERV1	1048	-	126	47441160	86380
chr10	47354780	47554780	harbor2	chr10	47441289	47441827	LTR/ERV1	3207	-	269	47441558	86778
chr10	102141601	102341601	harbor2	chr10	102180852	102181351	LTR/ERV1	4663	-	250	102181102	39501
chr10	102141601	102341601	harbor2	chr10	102181661	102181932	LTR/ERV1	4663	-	136	102181797	40196
chr10	102141601	102341601	harbor2	chr10	102188019	102189061	LTR/ERV1	3465	-	521	102188540	46939
chr10	102141601	102341601	harbor2	chr10	102193133	102193586	LTR/ERV1	3512	-	226	102193359	51758
chr10	102141601	102341601	harbor2	chr10	102193595	102193771	LTR/ERV1	10077	-	88	102193683	52082
chr10	102141601	102341601	harbor2	chr10	102194054	102194180	LTR/ERV1	10077	-	63	102194117	52516
chr10	102141601	102341601	harbor2	chr10	102194814	102195871	LTR/ERV1	10077	-	528	102195342	53741
chr10	102141601	102341601	harbor2	chr10	102196238	102197447	LTR/ERV1	25283	-	604	102196842	55241
chr10	102141601	102341601	harbor2	chr10	102197748	102198553	LTR/ERV1	25283	-	402	102198150	56549
chr10	102141601	102341601	harbor2	chr10	102198877	102199775	LTR/ERV1	25283	-	449	102199326	57725
chr10	102141601	102341601	harbor2	chr10	102199776	102201425	LTR/ERV1	8233	-	824	102200600	58999
chr10	102141601	102341601	harbor2	chr10	102201426	102201989	LTR/ERV1	25283	-	282	102201708	60107
chr10	102141601	102341601	harbor2	chr10	102204397	102204851	LTR/ERV1	3204	-	227	102204624	63023
chr10	102141601	102341601	harbor2	chr10	102201981	102204396	LTR/ERV1	18242	-	1208	102203189	61588
chr10	132233777	132433777	harbor2	chr10	132320257	132320762	LTR/ERV1	1624	-	252	132320509	86732
chr10	132233777	132433777	harbor2	chr10	132324653	132325089	LTR/ERV1	2123	-	218	132324871	91094
chr10	132233777	132433777	harbor2	chr10	132326059	132326340	LTR/ERV1	1453	-	140	132326199	92422
chr10	132233777	132433777	harbor2	chr10	132326623	132326901	LTR/ERV1	1453	-	139	132326762	92985
chr10	132233777	132433777	harbor2	chr10	132328025	132328756	LTR/ERV1	3453	-	366	132328391	94614
chr10	131311786	131511786	harbor2	chr10	131397572	131398214	LTR/ERV1	3025	-	321	131397893	86107
chr10	131311786	131511786	harbor2	chr10	131399224	131399811	LTR/ERV1	4692	-	294	131399518	87732
chr10	68621503	68821503	harbor2	chr10	68713690	68713889	LTR/ERV1	1957	-	100	68713790	92287
chr10	68621503	68821503	harbor2	chr10	68714501	68714687	LTR/ERV1	1957	-	93	68714594	93091
chr10	68621503	68821503	harbor2	chr10	68714986	68715042	LTR/ERV1	1957	-	28	68715014	93511
chr10	68621503	68821503	harbor2	chr10	68715224	68715308	LTR/ERV1	462	-	42	68715266	93763
chr10	68621503	68821503	harbor2	chr10	68715927	68716495	LTR/ERV1	2794	-	284	68716211	94708
chr10	68621503	68821503	harbor2	chr10	68716794	68716970	LTR/ERV1	2794	-	88	68716882	95379
chr10	68621503	68821503	harbor2	chr10	68718027	68718054	LTR/ERV1	2310	-	14	68718041	96538
chr10	68621503	68821503	harbor2	chr10	68718408	68718925	LTR/ERV1	2310	-	258	68718666	97163
chr10	14778685	14978685	harbor2	chr10	14778574	14779136	LTR/ERV1	2155	-	281	14778855	170
chr10	133138880	133338880	harbor2	chr10	133196630	133196868	LTR/ERV1	566	-	119	133196749	57869
chr10	133138880	133338880	harbor2	chr10	133196868	133196987	LTR/ERV1	554	-	60	133196928	58048
chr10	131334696	131534696	harbor2	chr10	131397572	131398214	LTR/ERV1	3025	-	321	131397893	63197
chr10	131334696	131534696	harbor2	chr10	131399224	131399811	LTR/ERV1	4692	-	294	131399518	64822
chr10	131311983	131511983	harbor2	chr10	131397572	131398214	LTR/ERV1	3025	-	321	131397893	85910
chr10	131311983	131511983	harbor2	chr10	131399224	131399811	LTR/ERV1	4692	-	294	131399518	87535
chr10	14778673	14978673	harbor2	chr10	14778574	14779136	LTR/ERV1	2155	-	281	14778855	182
chr10	46006333	46206333	harbor2	chr10	46050921	46051343	LTR/ERV1	2229	-	211	46051132	44799
chr10	46006333	46206333	harbor2	chr10	46054555	46055019	LTR/ERV1	3227	-	232	46054787	48454
chr10	46006333	46206333	harbor2	chr10	46055663	46055878	LTR/ERV1	1392	-	108	46055771	49438
chr10	46006333	46206333	harbor2	chr10	46059115	46059768	LTR/ERV1	1856	-	326	46059441	53108
chr10	132233702	132433702	harbor2	chr10	132320257	132320762	LTR/ERV1	1624	-	252	132320509	86807
chr10	132233702	132433702	harbor2	chr10	132324653	132325089	LTR/ERV1	2123	-	218	132324871	91169
chr10	132233702	132433702	harbor2	chr10	132326059	132326340	LTR/ERV1	1453	-	140	132326199	92497
chr10	132233702	132433702	harbor2	chr10	132326623	132326901	LTR/ERV1	1453	-	139	132326762	93060
chr10	132233702	132433702	harbor2	chr10	132328025	132328756	LTR/ERV1	3453	-	366	132328391	94689
chr10	72525952	72725952	harbor2	chr10	72542388	72543228	LTR/ERV1	4345	-	420	72542808	16856
chr10	72525952	72725952	harbor2	chr10	72545261	72546100	LTR/ERV1	4813	-	420	72545681	19729
chr10	72525952	72725952	harbor2	chr10	72574632	72574909	LTR/ERV1	1298	-	138	72574770	48818
chr10	72525952	72725952	harbor2	chr10	72601534	72601759	LTR/ERV1	664	-	112	72601646	75694
chr10	72525952	72725952	harbor2	chr10	72603416	72603537	LTR/ERV1	1208	-	60	72603476	77524
chr10	72525952	72725952	harbor2	chr10	72603832	72603954	LTR/ERV1	1208	-	61	72603893	77941
chr10	132789479	132989479	harbor2	chr10	132800187	132801501	LTR/ERV1	9553	-	657	132800844	11365
chr10	72255024	72455024	harbor2	chr10	72330333	72330681	LTR/ERV1	827	-	174	72330507	75483
chr10	72255024	72455024	harbor2	chr10	72330979	72331221	LTR/ERV1	827	-	121	72331100	76076
chr10	131312053	131512053	harbor2	chr10	131397572	131398214	LTR/ERV1	3025	-	321	131397893	85840
chr10	131312053	131512053	harbor2	chr10	131399224	131399811	LTR/ERV1	4692	-	294	131399518	87465
chr10	131329172	131529172	harbor2	chr10	131397572	131398214	LTR/ERV1	3025	-	321	131397893	68721
chr10	131329172	131529172	harbor2	chr10	131399224	131399811	LTR/ERV1	4692	-	294	131399518	70346
chr10	14778687	14978687	harbor2	chr10	14778574	14779136	LTR/ERV1	2155	-	281	14778855	168
chr10	102141624	102341624	harbor2	chr10	102180852	102181351	LTR/ERV1	4663	-	250	102181102	39478
chr10	102141624	102341624	harbor2	chr10	102181661	102181932	LTR/ERV1	4663	-	136	102181797	40173
chr10	102141624	102341624	harbor2	chr10	102188019	102189061	LTR/ERV1	3465	-	521	102188540	46916
chr10	102141624	102341624	harbor2	chr10	102193133	102193586	LTR/ERV1	3512	-	226	102193359	51735
chr10	102141624	102341624	harbor2	chr10	102193595	102193771	LTR/ERV1	10077	-	88	102193683	52059
chr10	102141624	102341624	harbor2	chr10	102194054	102194180	LTR/ERV1	10077	-	63	102194117	52493
chr10	102141624	102341624	harbor2	chr10	102194814	102195871	LTR/ERV1	10077	-	528	102195342	53718
chr10	102141624	102341624	harbor2	chr10	102196238	102197447	LTR/ERV1	25283	-	604	102196842	55218
chr10	102141624	102341624	harbor2	chr10	102197748	102198553	LTR/ERV1	25283	-	402	102198150	56526
chr10	102141624	102341624	harbor2	chr10	102198877	102199775	LTR/ERV1	25283	-	449	102199326	57702
chr10	102141624	102341624	harbor2	chr10	102199776	102201425	LTR/ERV1	8233	-	824	102200600	58976
chr10	102141624	102341624	harbor2	chr10	102201426	102201989	LTR/ERV1	25283	-	282	102201708	60084
chr10	102141624	102341624	harbor2	chr10	102204397	102204851	LTR/ERV1	3204	-	227	102204624	63000
chr10	102141624	102341624	harbor2	chr10	102201981	102204396	LTR/ERV1	18242	-	1208	102203189	61565
chr10	30719277	30919277	harbor2	chr10	30728541	30728869	LTR/ERV1	512	-	164	30728705	9428
chr10	30719277	30919277	harbor2	chr10	30768365	30769977	LTR/ERV1	10341	-	806	30769171	49894
chr10	132209133	132409133	harbor2	chr10	132220900	132221033	LTR/ERV1	689	-	66	132220966	11833
chr10	72255019	72455019	harbor2	chr10	72330333	72330681	LTR/ERV1	827	-	174	72330507	75488
chr10	72255019	72455019	harbor2	chr10	72330979	72331221	LTR/ERV1	827	-	121	72331100	76081
chr10	132208982	132408982	harbor2	chr10	132220900	132221033	LTR/ERV1	689	-	66	132220966	11984
chr10	43456881	43656881	harbor2	chr10	43458118	43458580	LTR/ERV1	3111	-	231	43458349	1468
chr10	43456881	43656881	harbor2	chr10	43471124	43472088	LTR/ERV1	4895	-	482	43471606	14725
chr10	43456881	43656881	harbor2	chr10	43474921	43475195	LTR/ERV1	1947	-	137	43475058	18177
chr10	14778684	14978684	harbor2	chr10	14778574	14779136	LTR/ERV1	2155	-	281	14778855	171
chr11	5127098	5327098	harbor2	chr11	5139052	5139447	LTR/ERV1	2399	-	198	5139250	12152
chr11	5127098	5327098	harbor2	chr11	5160297	5160707	LTR/ERV1	2938	-	205	5160502	33404
chr11	5127098	5327098	harbor2	chr11	5161085	5161301	LTR/ERV1	1385	-	108	5161193	34095
chr11	5127098	5327098	harbor2	chr11	5161303	5161965	LTR/ERV1	4367	-	331	5161634	34536
chr11	5127098	5327098	harbor2	chr11	5161968	5162469	LTR/ERV1	3197	-	250	5162218	35120
chr11	5127098	5327098	harbor2	chr11	5162469	5162618	LTR/ERV1	939	-	74	5162543	35445
chr11	5127098	5327098	harbor2	chr11	5162613	5165703	LTR/ERV1	15993	-	1545	5164158	37060
chr11	5127098	5327098	harbor2	chr11	5165706	5166117	LTR/ERV1	2864	-	206	5165912	38814
chr11	5127098	5327098	harbor2	chr11	5160708	5161086	LTR/ERV1	2455	-	189	5160897	33799
chr11	5127098	5327098	harbor2	chr11	5193634	5194416	LTR/ERV1	5443	-	391	5194025	66927
chr11	5127138	5327138	harbor2	chr11	5139052	5139447	LTR/ERV1	2399	-	198	5139250	12112
chr11	5127138	5327138	harbor2	chr11	5160297	5160707	LTR/ERV1	2938	-	205	5160502	33364
chr11	5127138	5327138	harbor2	chr11	5161085	5161301	LTR/ERV1	1385	-	108	5161193	34055
chr11	5127138	5327138	harbor2	chr11	5161303	5161965	LTR/ERV1	4367	-	331	5161634	34496
chr11	5127138	5327138	harbor2	chr11	5161968	5162469	LTR/ERV1	3197	-	250	5162218	35080
chr11	5127138	5327138	harbor2	chr11	5162469	5162618	LTR/ERV1	939	-	74	5162543	35405
chr11	5127138	5327138	harbor2	chr11	5162613	5165703	LTR/ERV1	15993	-	1545	5164158	37020
chr11	5127138	5327138	harbor2	chr11	5165706	5166117	LTR/ERV1	2864	-	206	5165912	38774
chr11	5127138	5327138	harbor2	chr11	5160708	5161086	LTR/ERV1	2455	-	189	5160897	33759
chr11	5127138	5327138	harbor2	chr11	5193634	5194416	LTR/ERV1	5443	-	391	5194025	66887
chr11	5127141	5327141	harbor2	chr11	5139052	5139447	LTR/ERV1	2399	-	198	5139250	12109
chr11	5127141	5327141	harbor2	chr11	5160297	5160707	LTR/ERV1	2938	-	205	5160502	33361
chr11	5127141	5327141	harbor2	chr11	5161085	5161301	LTR/ERV1	1385	-	108	5161193	34052
chr11	5127141	5327141	harbor2	chr11	5161303	5161965	LTR/ERV1	4367	-	331	5161634	34493
chr11	5127141	5327141	harbor2	chr11	5161968	5162469	LTR/ERV1	3197	-	250	5162218	35077
chr11	5127141	5327141	harbor2	chr11	5162469	5162618	LTR/ERV1	939	-	74	5162543	35402
chr11	5127141	5327141	harbor2	chr11	5162613	5165703	LTR/ERV1	15993	-	1545	5164158	37017
chr11	5127141	5327141	harbor2	chr11	5165706	5166117	LTR/ERV1	2864	-	206	5165912	38771
chr11	5127141	5327141	harbor2	chr11	5160708	5161086	LTR/ERV1	2455	-	189	5160897	33756
chr11	5127141	5327141	harbor2	chr11	5193634	5194416	LTR/ERV1	5443	-	391	5194025	66884
chr11	5127548	5327548	harbor2	chr11	5139052	5139447	LTR/ERV1	2399	-	198	5139250	11702
chr11	5127548	5327548	harbor2	chr11	5160297	5160707	LTR/ERV1	2938	-	205	5160502	32954
chr11	5127548	5327548	harbor2	chr11	5161085	5161301	LTR/ERV1	1385	-	108	5161193	33645
chr11	5127548	5327548	harbor2	chr11	5161303	5161965	LTR/ERV1	4367	-	331	5161634	34086
chr11	5127548	5327548	harbor2	chr11	5161968	5162469	LTR/ERV1	3197	-	250	5162218	34670
chr11	5127548	5327548	harbor2	chr11	5162469	5162618	LTR/ERV1	939	-	74	5162543	34995
chr11	5127548	5327548	harbor2	chr11	5162613	5165703	LTR/ERV1	15993	-	1545	5164158	36610
chr11	5127548	5327548	harbor2	chr11	5165706	5166117	LTR/ERV1	2864	-	206	5165912	38364
chr11	5127548	5327548	harbor2	chr11	5160708	5161086	LTR/ERV1	2455	-	189	5160897	33349
chr11	5127548	5327548	harbor2	chr11	5193634	5194416	LTR/ERV1	5443	-	391	5194025	66477
chr11	76587360	76787360	harbor2	chr11	76607926	76609594	LTR/ERV1	11116	-	834	76608760	21400
chr11	5127182	5327182	harbor2	chr11	5139052	5139447	LTR/ERV1	2399	-	198	5139250	12068
chr11	5127182	5327182	harbor2	chr11	5160297	5160707	LTR/ERV1	2938	-	205	5160502	33320
chr11	5127182	5327182	harbor2	chr11	5161085	5161301	LTR/ERV1	1385	-	108	5161193	34011
chr11	5127182	5327182	harbor2	chr11	5161303	5161965	LTR/ERV1	4367	-	331	5161634	34452
chr11	5127182	5327182	harbor2	chr11	5161968	5162469	LTR/ERV1	3197	-	250	5162218	35036
chr11	5127182	5327182	harbor2	chr11	5162469	5162618	LTR/ERV1	939	-	74	5162543	35361
chr11	5127182	5327182	harbor2	chr11	5162613	5165703	LTR/ERV1	15993	-	1545	5164158	36976
chr11	5127182	5327182	harbor2	chr11	5165706	5166117	LTR/ERV1	2864	-	206	5165912	38730
chr11	5127182	5327182	harbor2	chr11	5160708	5161086	LTR/ERV1	2455	-	189	5160897	33715
chr11	5127182	5327182	harbor2	chr11	5193634	5194416	LTR/ERV1	5443	-	391	5194025	66843
chr11	5270094	5470094	harbor2	chr11	5288184	5288316	LTR/ERV1	908	-	66	5288250	18156
chr11	5270094	5470094	harbor2	chr11	5293260	5294954	LTR/ERV1	10379	-	847	5294107	24013
chr11	5270094	5470094	harbor2	chr11	5298107	5298192	LTR/ERV1	478	-	42	5298149	28055
chr11	5270094	5470094	harbor2	chr11	5367228	5367773	LTR/ERV1	3746	-	272	5367500	97406
chr11	5127157	5327157	harbor2	chr11	5139052	5139447	LTR/ERV1	2399	-	198	5139250	12093
chr11	5127157	5327157	harbor2	chr11	5160297	5160707	LTR/ERV1	2938	-	205	5160502	33345
chr11	5127157	5327157	harbor2	chr11	5161085	5161301	LTR/ERV1	1385	-	108	5161193	34036
chr11	5127157	5327157	harbor2	chr11	5161303	5161965	LTR/ERV1	4367	-	331	5161634	34477
chr11	5127157	5327157	harbor2	chr11	5161968	5162469	LTR/ERV1	3197	-	250	5162218	35061
chr11	5127157	5327157	harbor2	chr11	5162469	5162618	LTR/ERV1	939	-	74	5162543	35386
chr11	5127157	5327157	harbor2	chr11	5162613	5165703	LTR/ERV1	15993	-	1545	5164158	37001
chr11	5127157	5327157	harbor2	chr11	5165706	5166117	LTR/ERV1	2864	-	206	5165912	38755
chr11	5127157	5327157	harbor2	chr11	5160708	5161086	LTR/ERV1	2455	-	189	5160897	33740
chr11	5127157	5327157	harbor2	chr11	5193634	5194416	LTR/ERV1	5443	-	391	5194025	66868
chr11	5128062	5328062	harbor2	chr11	5139052	5139447	LTR/ERV1	2399	-	198	5139250	11188
chr11	5128062	5328062	harbor2	chr11	5160297	5160707	LTR/ERV1	2938	-	205	5160502	32440
chr11	5128062	5328062	harbor2	chr11	5161085	5161301	LTR/ERV1	1385	-	108	5161193	33131
chr11	5128062	5328062	harbor2	chr11	5161303	5161965	LTR/ERV1	4367	-	331	5161634	33572
chr11	5128062	5328062	harbor2	chr11	5161968	5162469	LTR/ERV1	3197	-	250	5162218	34156
chr11	5128062	5328062	harbor2	chr11	5162469	5162618	LTR/ERV1	939	-	74	5162543	34481
chr11	5128062	5328062	harbor2	chr11	5162613	5165703	LTR/ERV1	15993	-	1545	5164158	36096
chr11	5128062	5328062	harbor2	chr11	5165706	5166117	LTR/ERV1	2864	-	206	5165912	37850
chr11	5128062	5328062	harbor2	chr11	5160708	5161086	LTR/ERV1	2455	-	189	5160897	32835
chr11	5128062	5328062	harbor2	chr11	5193634	5194416	LTR/ERV1	5443	-	391	5194025	65963
chr11	63803936	64003936	harbor2	chr11	63809705	63809931	LTR/ERV1	583	-	113	63809818	5882
chr11	5127137	5327137	harbor2	chr11	5139052	5139447	LTR/ERV1	2399	-	198	5139250	12113
chr11	5127137	5327137	harbor2	chr11	5160297	5160707	LTR/ERV1	2938	-	205	5160502	33365
chr11	5127137	5327137	harbor2	chr11	5161085	5161301	LTR/ERV1	1385	-	108	5161193	34056
chr11	5127137	5327137	harbor2	chr11	5161303	5161965	LTR/ERV1	4367	-	331	5161634	34497
chr11	5127137	5327137	harbor2	chr11	5161968	5162469	LTR/ERV1	3197	-	250	5162218	35081
chr11	5127137	5327137	harbor2	chr11	5162469	5162618	LTR/ERV1	939	-	74	5162543	35406
chr11	5127137	5327137	harbor2	chr11	5162613	5165703	LTR/ERV1	15993	-	1545	5164158	37021
chr11	5127137	5327137	harbor2	chr11	5165706	5166117	LTR/ERV1	2864	-	206	5165912	38775
chr11	5127137	5327137	harbor2	chr11	5160708	5161086	LTR/ERV1	2455	-	189	5160897	33760
chr11	5127137	5327137	harbor2	chr11	5193634	5194416	LTR/ERV1	5443	-	391	5194025	66888
chr11	5135292	5335292	harbor2	chr11	5139052	5139447	LTR/ERV1	2399	-	198	5139250	3958
chr11	5135292	5335292	harbor2	chr11	5160297	5160707	LTR/ERV1	2938	-	205	5160502	25210
chr11	5135292	5335292	harbor2	chr11	5161085	5161301	LTR/ERV1	1385	-	108	5161193	25901
chr11	5135292	5335292	harbor2	chr11	5161303	5161965	LTR/ERV1	4367	-	331	5161634	26342
chr11	5135292	5335292	harbor2	chr11	5161968	5162469	LTR/ERV1	3197	-	250	5162218	26926
chr11	5135292	5335292	harbor2	chr11	5162469	5162618	LTR/ERV1	939	-	74	5162543	27251
chr11	5135292	5335292	harbor2	chr11	5162613	5165703	LTR/ERV1	15993	-	1545	5164158	28866
chr11	5135292	5335292	harbor2	chr11	5165706	5166117	LTR/ERV1	2864	-	206	5165912	30620
chr11	5135292	5335292	harbor2	chr11	5160708	5161086	LTR/ERV1	2455	-	189	5160897	25605
chr11	5135292	5335292	harbor2	chr11	5193634	5194416	LTR/ERV1	5443	-	391	5194025	58733
chr11	24165672	24365672	harbor2	chr11	24173499	24173916	LTR/ERV1	2694	-	208	24173707	8035
chr11	5127495	5327495	harbor2	chr11	5139052	5139447	LTR/ERV1	2399	-	198	5139250	11755
chr11	5127495	5327495	harbor2	chr11	5160297	5160707	LTR/ERV1	2938	-	205	5160502	33007
chr11	5127495	5327495	harbor2	chr11	5161085	5161301	LTR/ERV1	1385	-	108	5161193	33698
chr11	5127495	5327495	harbor2	chr11	5161303	5161965	LTR/ERV1	4367	-	331	5161634	34139
chr11	5127495	5327495	harbor2	chr11	5161968	5162469	LTR/ERV1	3197	-	250	5162218	34723
chr11	5127495	5327495	harbor2	chr11	5162469	5162618	LTR/ERV1	939	-	74	5162543	35048
chr11	5127495	5327495	harbor2	chr11	5162613	5165703	LTR/ERV1	15993	-	1545	5164158	36663
chr11	5127495	5327495	harbor2	chr11	5165706	5166117	LTR/ERV1	2864	-	206	5165912	38417
chr11	5127495	5327495	harbor2	chr11	5160708	5161086	LTR/ERV1	2455	-	189	5160897	33402
chr11	5127495	5327495	harbor2	chr11	5193634	5194416	LTR/ERV1	5443	-	391	5194025	66530
chr11	5191443	5391443	harbor2	chr11	5288184	5288316	LTR/ERV1	908	-	66	5288250	96807
chr11	5191443	5391443	harbor2	chr11	5193634	5194416	LTR/ERV1	5443	-	391	5194025	2582
chr11	5128051	5328051	harbor2	chr11	5139052	5139447	LTR/ERV1	2399	-	198	5139250	11199
chr11	5128051	5328051	harbor2	chr11	5160297	5160707	LTR/ERV1	2938	-	205	5160502	32451
chr11	5128051	5328051	harbor2	chr11	5161085	5161301	LTR/ERV1	1385	-	108	5161193	33142
chr11	5128051	5328051	harbor2	chr11	5161303	5161965	LTR/ERV1	4367	-	331	5161634	33583
chr11	5128051	5328051	harbor2	chr11	5161968	5162469	LTR/ERV1	3197	-	250	5162218	34167
chr11	5128051	5328051	harbor2	chr11	5162469	5162618	LTR/ERV1	939	-	74	5162543	34492
chr11	5128051	5328051	harbor2	chr11	5162613	5165703	LTR/ERV1	15993	-	1545	5164158	36107
chr11	5128051	5328051	harbor2	chr11	5165706	5166117	LTR/ERV1	2864	-	206	5165912	37861
chr11	5128051	5328051	harbor2	chr11	5160708	5161086	LTR/ERV1	2455	-	189	5160897	32846
chr11	5128051	5328051	harbor2	chr11	5193634	5194416	LTR/ERV1	5443	-	391	5194025	65974
chr11	5134388	5334388	harbor2	chr11	5139052	5139447	LTR/ERV1	2399	-	198	5139250	4862
chr11	5134388	5334388	harbor2	chr11	5160297	5160707	LTR/ERV1	2938	-	205	5160502	26114
chr11	5134388	5334388	harbor2	chr11	5161085	5161301	LTR/ERV1	1385	-	108	5161193	26805
chr11	5134388	5334388	harbor2	chr11	5161303	5161965	LTR/ERV1	4367	-	331	5161634	27246
chr11	5134388	5334388	harbor2	chr11	5161968	5162469	LTR/ERV1	3197	-	250	5162218	27830
chr11	5134388	5334388	harbor2	chr11	5162469	5162618	LTR/ERV1	939	-	74	5162543	28155
chr11	5134388	5334388	harbor2	chr11	5162613	5165703	LTR/ERV1	15993	-	1545	5164158	29770
chr11	5134388	5334388	harbor2	chr11	5165706	5166117	LTR/ERV1	2864	-	206	5165912	31524
chr11	5134388	5334388	harbor2	chr11	5160708	5161086	LTR/ERV1	2455	-	189	5160897	26509
chr11	5134388	5334388	harbor2	chr11	5193634	5194416	LTR/ERV1	5443	-	391	5194025	59637
chr11	5128327	5328327	harbor2	chr11	5139052	5139447	LTR/ERV1	2399	-	198	5139250	10923
chr11	5128327	5328327	harbor2	chr11	5160297	5160707	LTR/ERV1	2938	-	205	5160502	32175
chr11	5128327	5328327	harbor2	chr11	5161085	5161301	LTR/ERV1	1385	-	108	5161193	32866
chr11	5128327	5328327	harbor2	chr11	5161303	5161965	LTR/ERV1	4367	-	331	5161634	33307
chr11	5128327	5328327	harbor2	chr11	5161968	5162469	LTR/ERV1	3197	-	250	5162218	33891
chr11	5128327	5328327	harbor2	chr11	5162469	5162618	LTR/ERV1	939	-	74	5162543	34216
chr11	5128327	5328327	harbor2	chr11	5162613	5165703	LTR/ERV1	15993	-	1545	5164158	35831
chr11	5128327	5328327	harbor2	chr11	5165706	5166117	LTR/ERV1	2864	-	206	5165912	37585
chr11	5128327	5328327	harbor2	chr11	5160708	5161086	LTR/ERV1	2455	-	189	5160897	32570
chr11	5128327	5328327	harbor2	chr11	5193634	5194416	LTR/ERV1	5443	-	391	5194025	65698
chr11	76580960	76780960	harbor2	chr11	76607926	76609594	LTR/ERV1	11116	-	834	76608760	27800
chr11	5127140	5327140	harbor2	chr11	5139052	5139447	LTR/ERV1	2399	-	198	5139250	12110
chr11	5127140	5327140	harbor2	chr11	5160297	5160707	LTR/ERV1	2938	-	205	5160502	33362
chr11	5127140	5327140	harbor2	chr11	5161085	5161301	LTR/ERV1	1385	-	108	5161193	34053
chr11	5127140	5327140	harbor2	chr11	5161303	5161965	LTR/ERV1	4367	-	331	5161634	34494
chr11	5127140	5327140	harbor2	chr11	5161968	5162469	LTR/ERV1	3197	-	250	5162218	35078
chr11	5127140	5327140	harbor2	chr11	5162469	5162618	LTR/ERV1	939	-	74	5162543	35403
chr11	5127140	5327140	harbor2	chr11	5162613	5165703	LTR/ERV1	15993	-	1545	5164158	37018
chr11	5127140	5327140	harbor2	chr11	5165706	5166117	LTR/ERV1	2864	-	206	5165912	38772
chr11	5127140	5327140	harbor2	chr11	5160708	5161086	LTR/ERV1	2455	-	189	5160897	33757
chr11	5127140	5327140	harbor2	chr11	5193634	5194416	LTR/ERV1	5443	-	391	5194025	66885
chr11	5134538	5334538	harbor2	chr11	5139052	5139447	LTR/ERV1	2399	-	198	5139250	4712
chr11	5134538	5334538	harbor2	chr11	5160297	5160707	LTR/ERV1	2938	-	205	5160502	25964
chr11	5134538	5334538	harbor2	chr11	5161085	5161301	LTR/ERV1	1385	-	108	5161193	26655
chr11	5134538	5334538	harbor2	chr11	5161303	5161965	LTR/ERV1	4367	-	331	5161634	27096
chr11	5134538	5334538	harbor2	chr11	5161968	5162469	LTR/ERV1	3197	-	250	5162218	27680
chr11	5134538	5334538	harbor2	chr11	5162469	5162618	LTR/ERV1	939	-	74	5162543	28005
chr11	5134538	5334538	harbor2	chr11	5162613	5165703	LTR/ERV1	15993	-	1545	5164158	29620
chr11	5134538	5334538	harbor2	chr11	5165706	5166117	LTR/ERV1	2864	-	206	5165912	31374
chr11	5134538	5334538	harbor2	chr11	5160708	5161086	LTR/ERV1	2455	-	189	5160897	26359
chr11	5134538	5334538	harbor2	chr11	5193634	5194416	LTR/ERV1	5443	-	391	5194025	59487
chr11	5134084	5334084	harbor2	chr11	5139052	5139447	LTR/ERV1	2399	-	198	5139250	5166
chr11	5134084	5334084	harbor2	chr11	5160297	5160707	LTR/ERV1	2938	-	205	5160502	26418
chr11	5134084	5334084	harbor2	chr11	5161085	5161301	LTR/ERV1	1385	-	108	5161193	27109
chr11	5134084	5334084	harbor2	chr11	5161303	5161965	LTR/ERV1	4367	-	331	5161634	27550
chr11	5134084	5334084	harbor2	chr11	5161968	5162469	LTR/ERV1	3197	-	250	5162218	28134
chr11	5134084	5334084	harbor2	chr11	5162469	5162618	LTR/ERV1	939	-	74	5162543	28459
chr11	5134084	5334084	harbor2	chr11	5162613	5165703	LTR/ERV1	15993	-	1545	5164158	30074
chr11	5134084	5334084	harbor2	chr11	5165706	5166117	LTR/ERV1	2864	-	206	5165912	31828
chr11	5134084	5334084	harbor2	chr11	5160708	5161086	LTR/ERV1	2455	-	189	5160897	26813
chr11	5134084	5334084	harbor2	chr11	5193634	5194416	LTR/ERV1	5443	-	391	5194025	59941
chr11	5134540	5334540	harbor2	chr11	5139052	5139447	LTR/ERV1	2399	-	198	5139250	4710
chr11	5134540	5334540	harbor2	chr11	5160297	5160707	LTR/ERV1	2938	-	205	5160502	25962
chr11	5134540	5334540	harbor2	chr11	5161085	5161301	LTR/ERV1	1385	-	108	5161193	26653
chr11	5134540	5334540	harbor2	chr11	5161303	5161965	LTR/ERV1	4367	-	331	5161634	27094
chr11	5134540	5334540	harbor2	chr11	5161968	5162469	LTR/ERV1	3197	-	250	5162218	27678
chr11	5134540	5334540	harbor2	chr11	5162469	5162618	LTR/ERV1	939	-	74	5162543	28003
chr11	5134540	5334540	harbor2	chr11	5162613	5165703	LTR/ERV1	15993	-	1545	5164158	29618
chr11	5134540	5334540	harbor2	chr11	5165706	5166117	LTR/ERV1	2864	-	206	5165912	31372
chr11	5134540	5334540	harbor2	chr11	5160708	5161086	LTR/ERV1	2455	-	189	5160897	26357
chr11	5134540	5334540	harbor2	chr11	5193634	5194416	LTR/ERV1	5443	-	391	5194025	59485
chr11	5127159	5327159	harbor2	chr11	5139052	5139447	LTR/ERV1	2399	-	198	5139250	12091
chr11	5127159	5327159	harbor2	chr11	5160297	5160707	LTR/ERV1	2938	-	205	5160502	33343
chr11	5127159	5327159	harbor2	chr11	5161085	5161301	LTR/ERV1	1385	-	108	5161193	34034
chr11	5127159	5327159	harbor2	chr11	5161303	5161965	LTR/ERV1	4367	-	331	5161634	34475
chr11	5127159	5327159	harbor2	chr11	5161968	5162469	LTR/ERV1	3197	-	250	5162218	35059
chr11	5127159	5327159	harbor2	chr11	5162469	5162618	LTR/ERV1	939	-	74	5162543	35384
chr11	5127159	5327159	harbor2	chr11	5162613	5165703	LTR/ERV1	15993	-	1545	5164158	36999
chr11	5127159	5327159	harbor2	chr11	5165706	5166117	LTR/ERV1	2864	-	206	5165912	38753
chr11	5127159	5327159	harbor2	chr11	5160708	5161086	LTR/ERV1	2455	-	189	5160897	33738
chr11	5127159	5327159	harbor2	chr11	5193634	5194416	LTR/ERV1	5443	-	391	5194025	66866
chr11	32346594	32546594	harbor2	chr11	32365032	32365587	LTR/ERV1	3890	-	278	32365310	18716
chr11	32346594	32546594	harbor2	chr11	32365868	32365963	LTR/ERV1	3890	-	48	32365916	19322
chr11	5134020	5334020	harbor2	chr11	5139052	5139447	LTR/ERV1	2399	-	198	5139250	5230
chr11	5134020	5334020	harbor2	chr11	5160297	5160707	LTR/ERV1	2938	-	205	5160502	26482
chr11	5134020	5334020	harbor2	chr11	5161085	5161301	LTR/ERV1	1385	-	108	5161193	27173
chr11	5134020	5334020	harbor2	chr11	5161303	5161965	LTR/ERV1	4367	-	331	5161634	27614
chr11	5134020	5334020	harbor2	chr11	5161968	5162469	LTR/ERV1	3197	-	250	5162218	28198
chr11	5134020	5334020	harbor2	chr11	5162469	5162618	LTR/ERV1	939	-	74	5162543	28523
chr11	5134020	5334020	harbor2	chr11	5162613	5165703	LTR/ERV1	15993	-	1545	5164158	30138
chr11	5134020	5334020	harbor2	chr11	5165706	5166117	LTR/ERV1	2864	-	206	5165912	31892
chr11	5134020	5334020	harbor2	chr11	5160708	5161086	LTR/ERV1	2455	-	189	5160897	26877
chr11	5134020	5334020	harbor2	chr11	5193634	5194416	LTR/ERV1	5443	-	391	5194025	60005
chr11	108021913	108221913	harbor2	chr11	108113521	108113965	LTR/ERV1	1501	-	222	108113743	91830
chr11	5133982	5333982	harbor2	chr11	5139052	5139447	LTR/ERV1	2399	-	198	5139250	5268
chr11	5133982	5333982	harbor2	chr11	5160297	5160707	LTR/ERV1	2938	-	205	5160502	26520
chr11	5133982	5333982	harbor2	chr11	5161085	5161301	LTR/ERV1	1385	-	108	5161193	27211
chr11	5133982	5333982	harbor2	chr11	5161303	5161965	LTR/ERV1	4367	-	331	5161634	27652
chr11	5133982	5333982	harbor2	chr11	5161968	5162469	LTR/ERV1	3197	-	250	5162218	28236
chr11	5133982	5333982	harbor2	chr11	5162469	5162618	LTR/ERV1	939	-	74	5162543	28561
chr11	5133982	5333982	harbor2	chr11	5162613	5165703	LTR/ERV1	15993	-	1545	5164158	30176
chr11	5133982	5333982	harbor2	chr11	5165706	5166117	LTR/ERV1	2864	-	206	5165912	31930
chr11	5133982	5333982	harbor2	chr11	5160708	5161086	LTR/ERV1	2455	-	189	5160897	26915
chr11	5133982	5333982	harbor2	chr11	5193634	5194416	LTR/ERV1	5443	-	391	5194025	60043
chr11	5128415	5328415	harbor2	chr11	5139052	5139447	LTR/ERV1	2399	-	198	5139250	10835
chr11	5128415	5328415	harbor2	chr11	5160297	5160707	LTR/ERV1	2938	-	205	5160502	32087
chr11	5128415	5328415	harbor2	chr11	5161085	5161301	LTR/ERV1	1385	-	108	5161193	32778
chr11	5128415	5328415	harbor2	chr11	5161303	5161965	LTR/ERV1	4367	-	331	5161634	33219
chr11	5128415	5328415	harbor2	chr11	5161968	5162469	LTR/ERV1	3197	-	250	5162218	33803
chr11	5128415	5328415	harbor2	chr11	5162469	5162618	LTR/ERV1	939	-	74	5162543	34128
chr11	5128415	5328415	harbor2	chr11	5162613	5165703	LTR/ERV1	15993	-	1545	5164158	35743
chr11	5128415	5328415	harbor2	chr11	5165706	5166117	LTR/ERV1	2864	-	206	5165912	37497
chr11	5128415	5328415	harbor2	chr11	5160708	5161086	LTR/ERV1	2455	-	189	5160897	32482
chr11	5128415	5328415	harbor2	chr11	5193634	5194416	LTR/ERV1	5443	-	391	5194025	65610
chr11	6373185	6573185	harbor2	chr11	6375090	6375273	LTR/ERV1	3180	-	92	6375182	1997
chr11	6373185	6573185	harbor2	chr11	6375571	6375827	LTR/ERV1	3180	-	128	6375699	2514
chr11	6373185	6573185	harbor2	chr11	6385138	6385263	LTR/ERV1	646	-	62	6385200	12015
chr11	6373185	6573185	harbor2	chr11	6386065	6386416	LTR/ERV1	5537	-	176	6386241	13056
chr11	6373185	6573185	harbor2	chr11	6386712	6386939	LTR/ERV1	5537	-	114	6386826	13641
chr11	6373185	6573185	harbor2	chr11	6387226	6387249	LTR/ERV1	5537	-	12	6387238	14053
chr11	6373185	6573185	harbor2	chr11	6387294	6387501	LTR/ERV1	5537	-	104	6387398	14213
chr11	6373185	6573185	harbor2	chr11	6388618	6389013	LTR/ERV1	997	-	198	6388816	15631
chr11	6373185	6573185	harbor2	chr11	6389269	6389735	LTR/ERV1	1122	-	233	6389502	16317
chr11	5134352	5334352	harbor2	chr11	5139052	5139447	LTR/ERV1	2399	-	198	5139250	4898
chr11	5134352	5334352	harbor2	chr11	5160297	5160707	LTR/ERV1	2938	-	205	5160502	26150
chr11	5134352	5334352	harbor2	chr11	5161085	5161301	LTR/ERV1	1385	-	108	5161193	26841
chr11	5134352	5334352	harbor2	chr11	5161303	5161965	LTR/ERV1	4367	-	331	5161634	27282
chr11	5134352	5334352	harbor2	chr11	5161968	5162469	LTR/ERV1	3197	-	250	5162218	27866
chr11	5134352	5334352	harbor2	chr11	5162469	5162618	LTR/ERV1	939	-	74	5162543	28191
chr11	5134352	5334352	harbor2	chr11	5162613	5165703	LTR/ERV1	15993	-	1545	5164158	29806
chr11	5134352	5334352	harbor2	chr11	5165706	5166117	LTR/ERV1	2864	-	206	5165912	31560
chr11	5134352	5334352	harbor2	chr11	5160708	5161086	LTR/ERV1	2455	-	189	5160897	26545
chr11	5134352	5334352	harbor2	chr11	5193634	5194416	LTR/ERV1	5443	-	391	5194025	59673
chr11	5226186	5426186	harbor2	chr11	5288184	5288316	LTR/ERV1	908	-	66	5288250	62064
chr11	5226186	5426186	harbor2	chr11	5293260	5294954	LTR/ERV1	10379	-	847	5294107	67921
chr11	5226186	5426186	harbor2	chr11	5298107	5298192	LTR/ERV1	478	-	42	5298149	71963
chr11	5134552	5334552	harbor2	chr11	5139052	5139447	LTR/ERV1	2399	-	198	5139250	4698
chr11	5134552	5334552	harbor2	chr11	5160297	5160707	LTR/ERV1	2938	-	205	5160502	25950
chr11	5134552	5334552	harbor2	chr11	5161085	5161301	LTR/ERV1	1385	-	108	5161193	26641
chr11	5134552	5334552	harbor2	chr11	5161303	5161965	LTR/ERV1	4367	-	331	5161634	27082
chr11	5134552	5334552	harbor2	chr11	5161968	5162469	LTR/ERV1	3197	-	250	5162218	27666
chr11	5134552	5334552	harbor2	chr11	5162469	5162618	LTR/ERV1	939	-	74	5162543	27991
chr11	5134552	5334552	harbor2	chr11	5162613	5165703	LTR/ERV1	15993	-	1545	5164158	29606
chr11	5134552	5334552	harbor2	chr11	5165706	5166117	LTR/ERV1	2864	-	206	5165912	31360
chr11	5134552	5334552	harbor2	chr11	5160708	5161086	LTR/ERV1	2455	-	189	5160897	26345
chr11	5134552	5334552	harbor2	chr11	5193634	5194416	LTR/ERV1	5443	-	391	5194025	59473
chr11	5201291	5401291	harbor2	chr11	5288184	5288316	LTR/ERV1	908	-	66	5288250	86959
chr11	5201291	5401291	harbor2	chr11	5293260	5294954	LTR/ERV1	10379	-	847	5294107	92816
chr11	5201291	5401291	harbor2	chr11	5298107	5298192	LTR/ERV1	478	-	42	5298149	96858
chr11	65472319	65672319	harbor2	chr11	65475176	65475507	LTR/ERV1	636	-	166	65475342	3023
chr11	65472319	65672319	harbor2	chr11	65478398	65478780	LTR/ERV1	2204	-	191	65478589	6270
chr11	65472319	65672319	harbor2	chr11	65483418	65483610	LTR/ERV1	1141	-	96	65483514	11195
chr11	65472319	65672319	harbor2	chr11	65483955	65484159	LTR/ERV1	1141	-	102	65484057	11738
chr11	65472319	65672319	harbor2	chr11	65485054	65485110	LTR/ERV1	646	-	28	65485082	12763
chr11	65472319	65672319	harbor2	chr11	65485413	65485854	LTR/ERV1	1560	-	220	65485633	13314
chr11	5127124	5327124	harbor2	chr11	5139052	5139447	LTR/ERV1	2399	-	198	5139250	12126
chr11	5127124	5327124	harbor2	chr11	5160297	5160707	LTR/ERV1	2938	-	205	5160502	33378
chr11	5127124	5327124	harbor2	chr11	5161085	5161301	LTR/ERV1	1385	-	108	5161193	34069
chr11	5127124	5327124	harbor2	chr11	5161303	5161965	LTR/ERV1	4367	-	331	5161634	34510
chr11	5127124	5327124	harbor2	chr11	5161968	5162469	LTR/ERV1	3197	-	250	5162218	35094
chr11	5127124	5327124	harbor2	chr11	5162469	5162618	LTR/ERV1	939	-	74	5162543	35419
chr11	5127124	5327124	harbor2	chr11	5162613	5165703	LTR/ERV1	15993	-	1545	5164158	37034
chr11	5127124	5327124	harbor2	chr11	5165706	5166117	LTR/ERV1	2864	-	206	5165912	38788
chr11	5127124	5327124	harbor2	chr11	5160708	5161086	LTR/ERV1	2455	-	189	5160897	33773
chr11	5127124	5327124	harbor2	chr11	5193634	5194416	LTR/ERV1	5443	-	391	5194025	66901
chr11	108021542	108221542	harbor2	chr11	108113521	108113965	LTR/ERV1	1501	-	222	108113743	92201
chr11	5176047	5376047	harbor2	chr11	5193634	5194416	LTR/ERV1	5443	-	391	5194025	17978
chr11	5137986	5337986	harbor2	chr11	5139052	5139447	LTR/ERV1	2399	-	198	5139250	1264
chr11	5137986	5337986	harbor2	chr11	5160297	5160707	LTR/ERV1	2938	-	205	5160502	22516
chr11	5137986	5337986	harbor2	chr11	5161085	5161301	LTR/ERV1	1385	-	108	5161193	23207
chr11	5137986	5337986	harbor2	chr11	5161303	5161965	LTR/ERV1	4367	-	331	5161634	23648
chr11	5137986	5337986	harbor2	chr11	5161968	5162469	LTR/ERV1	3197	-	250	5162218	24232
chr11	5137986	5337986	harbor2	chr11	5162469	5162618	LTR/ERV1	939	-	74	5162543	24557
chr11	5137986	5337986	harbor2	chr11	5162613	5165703	LTR/ERV1	15993	-	1545	5164158	26172
chr11	5137986	5337986	harbor2	chr11	5165706	5166117	LTR/ERV1	2864	-	206	5165912	27926
chr11	5137986	5337986	harbor2	chr11	5160708	5161086	LTR/ERV1	2455	-	189	5160897	22911
chr11	5137986	5337986	harbor2	chr11	5193634	5194416	LTR/ERV1	5443	-	391	5194025	56039
chr11	5141739	5341739	harbor2	chr11	5160297	5160707	LTR/ERV1	2938	-	205	5160502	18763
chr11	5141739	5341739	harbor2	chr11	5161085	5161301	LTR/ERV1	1385	-	108	5161193	19454
chr11	5141739	5341739	harbor2	chr11	5161303	5161965	LTR/ERV1	4367	-	331	5161634	19895
chr11	5141739	5341739	harbor2	chr11	5161968	5162469	LTR/ERV1	3197	-	250	5162218	20479
chr11	5141739	5341739	harbor2	chr11	5162469	5162618	LTR/ERV1	939	-	74	5162543	20804
chr11	5141739	5341739	harbor2	chr11	5162613	5165703	LTR/ERV1	15993	-	1545	5164158	22419
chr11	5141739	5341739	harbor2	chr11	5165706	5166117	LTR/ERV1	2864	-	206	5165912	24173
chr11	5141739	5341739	harbor2	chr11	5160708	5161086	LTR/ERV1	2455	-	189	5160897	19158
chr11	5141739	5341739	harbor2	chr11	5193634	5194416	LTR/ERV1	5443	-	391	5194025	52286
chr11	5175971	5375971	harbor2	chr11	5193634	5194416	LTR/ERV1	5443	-	391	5194025	18054
chr11	2371480	2571480	harbor2	chr11	2397540	2398153	LTR/ERV1	4623	-	306	2397846	26366
chr11	2371480	2571480	harbor2	chr11	2398433	2398606	LTR/ERV1	4623	-	86	2398519	27039
chr11	2371480	2571480	harbor2	chr11	2470168	2470742	LTR/ERV1	2707	-	287	2470455	98975
chr11	5127119	5327119	harbor2	chr11	5139052	5139447	LTR/ERV1	2399	-	198	5139250	12131
chr11	5127119	5327119	harbor2	chr11	5160297	5160707	LTR/ERV1	2938	-	205	5160502	33383
chr11	5127119	5327119	harbor2	chr11	5161085	5161301	LTR/ERV1	1385	-	108	5161193	34074
chr11	5127119	5327119	harbor2	chr11	5161303	5161965	LTR/ERV1	4367	-	331	5161634	34515
chr11	5127119	5327119	harbor2	chr11	5161968	5162469	LTR/ERV1	3197	-	250	5162218	35099
chr11	5127119	5327119	harbor2	chr11	5162469	5162618	LTR/ERV1	939	-	74	5162543	35424
chr11	5127119	5327119	harbor2	chr11	5162613	5165703	LTR/ERV1	15993	-	1545	5164158	37039
chr11	5127119	5327119	harbor2	chr11	5165706	5166117	LTR/ERV1	2864	-	206	5165912	38793
chr11	5127119	5327119	harbor2	chr11	5160708	5161086	LTR/ERV1	2455	-	189	5160897	33778
chr11	5127119	5327119	harbor2	chr11	5193634	5194416	LTR/ERV1	5443	-	391	5194025	66906
chr11	5128030	5328030	harbor2	chr11	5139052	5139447	LTR/ERV1	2399	-	198	5139250	11220
chr11	5128030	5328030	harbor2	chr11	5160297	5160707	LTR/ERV1	2938	-	205	5160502	32472
chr11	5128030	5328030	harbor2	chr11	5161085	5161301	LTR/ERV1	1385	-	108	5161193	33163
chr11	5128030	5328030	harbor2	chr11	5161303	5161965	LTR/ERV1	4367	-	331	5161634	33604
chr11	5128030	5328030	harbor2	chr11	5161968	5162469	LTR/ERV1	3197	-	250	5162218	34188
chr11	5128030	5328030	harbor2	chr11	5162469	5162618	LTR/ERV1	939	-	74	5162543	34513
chr11	5128030	5328030	harbor2	chr11	5162613	5165703	LTR/ERV1	15993	-	1545	5164158	36128
chr11	5128030	5328030	harbor2	chr11	5165706	5166117	LTR/ERV1	2864	-	206	5165912	37882
chr11	5128030	5328030	harbor2	chr11	5160708	5161086	LTR/ERV1	2455	-	189	5160897	32867
chr11	5128030	5328030	harbor2	chr11	5193634	5194416	LTR/ERV1	5443	-	391	5194025	65995
chr11	119644666	119844666	harbor2	chr11	119649893	119650304	LTR/ERV1	2889	-	206	119650099	5433
chr11	5127097	5327097	harbor2	chr11	5139052	5139447	LTR/ERV1	2399	-	198	5139250	12153
chr11	5127097	5327097	harbor2	chr11	5160297	5160707	LTR/ERV1	2938	-	205	5160502	33405
chr11	5127097	5327097	harbor2	chr11	5161085	5161301	LTR/ERV1	1385	-	108	5161193	34096
chr11	5127097	5327097	harbor2	chr11	5161303	5161965	LTR/ERV1	4367	-	331	5161634	34537
chr11	5127097	5327097	harbor2	chr11	5161968	5162469	LTR/ERV1	3197	-	250	5162218	35121
chr11	5127097	5327097	harbor2	chr11	5162469	5162618	LTR/ERV1	939	-	74	5162543	35446
chr11	5127097	5327097	harbor2	chr11	5162613	5165703	LTR/ERV1	15993	-	1545	5164158	37061
chr11	5127097	5327097	harbor2	chr11	5165706	5166117	LTR/ERV1	2864	-	206	5165912	38815
chr11	5127097	5327097	harbor2	chr11	5160708	5161086	LTR/ERV1	2455	-	189	5160897	33800
chr11	5127097	5327097	harbor2	chr11	5193634	5194416	LTR/ERV1	5443	-	391	5194025	66928
chr11	5127546	5327546	harbor2	chr11	5139052	5139447	LTR/ERV1	2399	-	198	5139250	11704
chr11	5127546	5327546	harbor2	chr11	5160297	5160707	LTR/ERV1	2938	-	205	5160502	32956
chr11	5127546	5327546	harbor2	chr11	5161085	5161301	LTR/ERV1	1385	-	108	5161193	33647
chr11	5127546	5327546	harbor2	chr11	5161303	5161965	LTR/ERV1	4367	-	331	5161634	34088
chr11	5127546	5327546	harbor2	chr11	5161968	5162469	LTR/ERV1	3197	-	250	5162218	34672
chr11	5127546	5327546	harbor2	chr11	5162469	5162618	LTR/ERV1	939	-	74	5162543	34997
chr11	5127546	5327546	harbor2	chr11	5162613	5165703	LTR/ERV1	15993	-	1545	5164158	36612
chr11	5127546	5327546	harbor2	chr11	5165706	5166117	LTR/ERV1	2864	-	206	5165912	38366
chr11	5127546	5327546	harbor2	chr11	5160708	5161086	LTR/ERV1	2455	-	189	5160897	33351
chr11	5127546	5327546	harbor2	chr11	5193634	5194416	LTR/ERV1	5443	-	391	5194025	66479
chr11	5127094	5327094	harbor2	chr11	5139052	5139447	LTR/ERV1	2399	-	198	5139250	12156
chr11	5127094	5327094	harbor2	chr11	5160297	5160707	LTR/ERV1	2938	-	205	5160502	33408
chr11	5127094	5327094	harbor2	chr11	5161085	5161301	LTR/ERV1	1385	-	108	5161193	34099
chr11	5127094	5327094	harbor2	chr11	5161303	5161965	LTR/ERV1	4367	-	331	5161634	34540
chr11	5127094	5327094	harbor2	chr11	5161968	5162469	LTR/ERV1	3197	-	250	5162218	35124
chr11	5127094	5327094	harbor2	chr11	5162469	5162618	LTR/ERV1	939	-	74	5162543	35449
chr11	5127094	5327094	harbor2	chr11	5162613	5165703	LTR/ERV1	15993	-	1545	5164158	37064
chr11	5127094	5327094	harbor2	chr11	5165706	5166117	LTR/ERV1	2864	-	206	5165912	38818
chr11	5127094	5327094	harbor2	chr11	5160708	5161086	LTR/ERV1	2455	-	189	5160897	33803
chr11	5127094	5327094	harbor2	chr11	5193634	5194416	LTR/ERV1	5443	-	391	5194025	66931
chr11	5140721	5340721	harbor2	chr11	5160297	5160707	LTR/ERV1	2938	-	205	5160502	19781
chr11	5140721	5340721	harbor2	chr11	5161085	5161301	LTR/ERV1	1385	-	108	5161193	20472
chr11	5140721	5340721	harbor2	chr11	5161303	5161965	LTR/ERV1	4367	-	331	5161634	20913
chr11	5140721	5340721	harbor2	chr11	5161968	5162469	LTR/ERV1	3197	-	250	5162218	21497
chr11	5140721	5340721	harbor2	chr11	5162469	5162618	LTR/ERV1	939	-	74	5162543	21822
chr11	5140721	5340721	harbor2	chr11	5162613	5165703	LTR/ERV1	15993	-	1545	5164158	23437
chr11	5140721	5340721	harbor2	chr11	5165706	5166117	LTR/ERV1	2864	-	206	5165912	25191
chr11	5140721	5340721	harbor2	chr11	5160708	5161086	LTR/ERV1	2455	-	189	5160897	20176
chr11	5140721	5340721	harbor2	chr11	5193634	5194416	LTR/ERV1	5443	-	391	5194025	53304
chr11	76580967	76780967	harbor2	chr11	76607926	76609594	LTR/ERV1	11116	-	834	76608760	27793
chr11	19833606	20033606	harbor2	chr11	19871092	19871457	LTR/ERV1	501	-	182	19871274	37668
chr11	19833606	20033606	harbor2	chr11	19871733	19871939	LTR/ERV1	607	-	103	19871836	38230
chr11	20632633	20832633	harbor2	chr11	20686407	20686787	LTR/ERV1	2293	-	190	20686597	53964
chr11	20632633	20832633	harbor2	chr11	20686788	20686946	LTR/ERV1	490	-	79	20686867	54234
chr11	20632633	20832633	harbor2	chr11	20686950	20687179	LTR/ERV1	411	-	114	20687064	54431
chr11	20632633	20832633	harbor2	chr11	20687282	20687596	LTR/ERV1	1911	-	157	20687439	54806
chr11	20632633	20832633	harbor2	chr11	20687893	20688176	LTR/ERV1	1911	-	142	20688035	55402
chr11	20632633	20832633	harbor2	chr11	20696487	20696691	LTR/ERV1	800	-	102	20696589	63956
chr11	20632633	20832633	harbor2	chr11	20696730	20697104	LTR/ERV1	1808	-	187	20696917	64284
chr11	5127985	5327985	harbor2	chr11	5139052	5139447	LTR/ERV1	2399	-	198	5139250	11265
chr11	5127985	5327985	harbor2	chr11	5160297	5160707	LTR/ERV1	2938	-	205	5160502	32517
chr11	5127985	5327985	harbor2	chr11	5161085	5161301	LTR/ERV1	1385	-	108	5161193	33208
chr11	5127985	5327985	harbor2	chr11	5161303	5161965	LTR/ERV1	4367	-	331	5161634	33649
chr11	5127985	5327985	harbor2	chr11	5161968	5162469	LTR/ERV1	3197	-	250	5162218	34233
chr11	5127985	5327985	harbor2	chr11	5162469	5162618	LTR/ERV1	939	-	74	5162543	34558
chr11	5127985	5327985	harbor2	chr11	5162613	5165703	LTR/ERV1	15993	-	1545	5164158	36173
chr11	5127985	5327985	harbor2	chr11	5165706	5166117	LTR/ERV1	2864	-	206	5165912	37927
chr11	5127985	5327985	harbor2	chr11	5160708	5161086	LTR/ERV1	2455	-	189	5160897	32912
chr11	5127985	5327985	harbor2	chr11	5193634	5194416	LTR/ERV1	5443	-	391	5194025	66040
chr11	5134553	5334553	harbor2	chr11	5139052	5139447	LTR/ERV1	2399	-	198	5139250	4697
chr11	5134553	5334553	harbor2	chr11	5160297	5160707	LTR/ERV1	2938	-	205	5160502	25949
chr11	5134553	5334553	harbor2	chr11	5161085	5161301	LTR/ERV1	1385	-	108	5161193	26640
chr11	5134553	5334553	harbor2	chr11	5161303	5161965	LTR/ERV1	4367	-	331	5161634	27081
chr11	5134553	5334553	harbor2	chr11	5161968	5162469	LTR/ERV1	3197	-	250	5162218	27665
chr11	5134553	5334553	harbor2	chr11	5162469	5162618	LTR/ERV1	939	-	74	5162543	27990
chr11	5134553	5334553	harbor2	chr11	5162613	5165703	LTR/ERV1	15993	-	1545	5164158	29605
chr11	5134553	5334553	harbor2	chr11	5165706	5166117	LTR/ERV1	2864	-	206	5165912	31359
chr11	5134553	5334553	harbor2	chr11	5160708	5161086	LTR/ERV1	2455	-	189	5160897	26344
chr11	5134553	5334553	harbor2	chr11	5193634	5194416	LTR/ERV1	5443	-	391	5194025	59472
chr11	44479732	44679732	harbor2	chr11	44530330	44530960	LTR/ERV1	4468	-	315	44530645	50913
chr11	5127528	5327528	harbor2	chr11	5139052	5139447	LTR/ERV1	2399	-	198	5139250	11722
chr11	5127528	5327528	harbor2	chr11	5160297	5160707	LTR/ERV1	2938	-	205	5160502	32974
chr11	5127528	5327528	harbor2	chr11	5161085	5161301	LTR/ERV1	1385	-	108	5161193	33665
chr11	5127528	5327528	harbor2	chr11	5161303	5161965	LTR/ERV1	4367	-	331	5161634	34106
chr11	5127528	5327528	harbor2	chr11	5161968	5162469	LTR/ERV1	3197	-	250	5162218	34690
chr11	5127528	5327528	harbor2	chr11	5162469	5162618	LTR/ERV1	939	-	74	5162543	35015
chr11	5127528	5327528	harbor2	chr11	5162613	5165703	LTR/ERV1	15993	-	1545	5164158	36630
chr11	5127528	5327528	harbor2	chr11	5165706	5166117	LTR/ERV1	2864	-	206	5165912	38384
chr11	5127528	5327528	harbor2	chr11	5160708	5161086	LTR/ERV1	2455	-	189	5160897	33369
chr11	5127528	5327528	harbor2	chr11	5193634	5194416	LTR/ERV1	5443	-	391	5194025	66497
chr11	5127122	5327122	harbor2	chr11	5139052	5139447	LTR/ERV1	2399	-	198	5139250	12128
chr11	5127122	5327122	harbor2	chr11	5160297	5160707	LTR/ERV1	2938	-	205	5160502	33380
chr11	5127122	5327122	harbor2	chr11	5161085	5161301	LTR/ERV1	1385	-	108	5161193	34071
chr11	5127122	5327122	harbor2	chr11	5161303	5161965	LTR/ERV1	4367	-	331	5161634	34512
chr11	5127122	5327122	harbor2	chr11	5161968	5162469	LTR/ERV1	3197	-	250	5162218	35096
chr11	5127122	5327122	harbor2	chr11	5162469	5162618	LTR/ERV1	939	-	74	5162543	35421
chr11	5127122	5327122	harbor2	chr11	5162613	5165703	LTR/ERV1	15993	-	1545	5164158	37036
chr11	5127122	5327122	harbor2	chr11	5165706	5166117	LTR/ERV1	2864	-	206	5165912	38790
chr11	5127122	5327122	harbor2	chr11	5160708	5161086	LTR/ERV1	2455	-	189	5160897	33775
chr11	5127122	5327122	harbor2	chr11	5193634	5194416	LTR/ERV1	5443	-	391	5194025	66903
chr11	5181711	5381711	harbor2	chr11	5193634	5194416	LTR/ERV1	5443	-	391	5194025	12314
chr11	5221268	5421268	harbor2	chr11	5288184	5288316	LTR/ERV1	908	-	66	5288250	66982
chr11	5221268	5421268	harbor2	chr11	5293260	5294954	LTR/ERV1	10379	-	847	5294107	72839
chr11	5221268	5421268	harbor2	chr11	5298107	5298192	LTR/ERV1	478	-	42	5298149	76881
chr11	108021539	108221539	harbor2	chr11	108113521	108113965	LTR/ERV1	1501	-	222	108113743	92204
chr11	73152931	73352931	harbor2	chr11	73241440	73241811	LTR/ERV1	506	-	186	73241626	88695
chr11	73152931	73352931	harbor2	chr11	73203546	73203797	LTR/ERV1	1072	-	126	73203672	50741
chr11	5134462	5334462	harbor2	chr11	5139052	5139447	LTR/ERV1	2399	-	198	5139250	4788
chr11	5134462	5334462	harbor2	chr11	5160297	5160707	LTR/ERV1	2938	-	205	5160502	26040
chr11	5134462	5334462	harbor2	chr11	5161085	5161301	LTR/ERV1	1385	-	108	5161193	26731
chr11	5134462	5334462	harbor2	chr11	5161303	5161965	LTR/ERV1	4367	-	331	5161634	27172
chr11	5134462	5334462	harbor2	chr11	5161968	5162469	LTR/ERV1	3197	-	250	5162218	27756
chr11	5134462	5334462	harbor2	chr11	5162469	5162618	LTR/ERV1	939	-	74	5162543	28081
chr11	5134462	5334462	harbor2	chr11	5162613	5165703	LTR/ERV1	15993	-	1545	5164158	29696
chr11	5134462	5334462	harbor2	chr11	5165706	5166117	LTR/ERV1	2864	-	206	5165912	31450
chr11	5134462	5334462	harbor2	chr11	5160708	5161086	LTR/ERV1	2455	-	189	5160897	26435
chr11	5134462	5334462	harbor2	chr11	5193634	5194416	LTR/ERV1	5443	-	391	5194025	59563
chr11	5135406	5335406	harbor2	chr11	5139052	5139447	LTR/ERV1	2399	-	198	5139250	3844
chr11	5135406	5335406	harbor2	chr11	5160297	5160707	LTR/ERV1	2938	-	205	5160502	25096
chr11	5135406	5335406	harbor2	chr11	5161085	5161301	LTR/ERV1	1385	-	108	5161193	25787
chr11	5135406	5335406	harbor2	chr11	5161303	5161965	LTR/ERV1	4367	-	331	5161634	26228
chr11	5135406	5335406	harbor2	chr11	5161968	5162469	LTR/ERV1	3197	-	250	5162218	26812
chr11	5135406	5335406	harbor2	chr11	5162469	5162618	LTR/ERV1	939	-	74	5162543	27137
chr11	5135406	5335406	harbor2	chr11	5162613	5165703	LTR/ERV1	15993	-	1545	5164158	28752
chr11	5135406	5335406	harbor2	chr11	5165706	5166117	LTR/ERV1	2864	-	206	5165912	30506
chr11	5135406	5335406	harbor2	chr11	5160708	5161086	LTR/ERV1	2455	-	189	5160897	25491
chr11	5135406	5335406	harbor2	chr11	5193634	5194416	LTR/ERV1	5443	-	391	5194025	58619
chr11	5134536	5334536	harbor2	chr11	5139052	5139447	LTR/ERV1	2399	-	198	5139250	4714
chr11	5134536	5334536	harbor2	chr11	5160297	5160707	LTR/ERV1	2938	-	205	5160502	25966
chr11	5134536	5334536	harbor2	chr11	5161085	5161301	LTR/ERV1	1385	-	108	5161193	26657
chr11	5134536	5334536	harbor2	chr11	5161303	5161965	LTR/ERV1	4367	-	331	5161634	27098
chr11	5134536	5334536	harbor2	chr11	5161968	5162469	LTR/ERV1	3197	-	250	5162218	27682
chr11	5134536	5334536	harbor2	chr11	5162469	5162618	LTR/ERV1	939	-	74	5162543	28007
chr11	5134536	5334536	harbor2	chr11	5162613	5165703	LTR/ERV1	15993	-	1545	5164158	29622
chr11	5134536	5334536	harbor2	chr11	5165706	5166117	LTR/ERV1	2864	-	206	5165912	31376
chr11	5134536	5334536	harbor2	chr11	5160708	5161086	LTR/ERV1	2455	-	189	5160897	26361
chr11	5134536	5334536	harbor2	chr11	5193634	5194416	LTR/ERV1	5443	-	391	5194025	59489
chr11	76580928	76780928	harbor2	chr11	76607926	76609594	LTR/ERV1	11116	-	834	76608760	27832
chr11	5141120	5341120	harbor2	chr11	5160297	5160707	LTR/ERV1	2938	-	205	5160502	19382
chr11	5141120	5341120	harbor2	chr11	5161085	5161301	LTR/ERV1	1385	-	108	5161193	20073
chr11	5141120	5341120	harbor2	chr11	5161303	5161965	LTR/ERV1	4367	-	331	5161634	20514
chr11	5141120	5341120	harbor2	chr11	5161968	5162469	LTR/ERV1	3197	-	250	5162218	21098
chr11	5141120	5341120	harbor2	chr11	5162469	5162618	LTR/ERV1	939	-	74	5162543	21423
chr11	5141120	5341120	harbor2	chr11	5162613	5165703	LTR/ERV1	15993	-	1545	5164158	23038
chr11	5141120	5341120	harbor2	chr11	5165706	5166117	LTR/ERV1	2864	-	206	5165912	24792
chr11	5141120	5341120	harbor2	chr11	5160708	5161086	LTR/ERV1	2455	-	189	5160897	19777
chr11	5141120	5341120	harbor2	chr11	5193634	5194416	LTR/ERV1	5443	-	391	5194025	52905
chr11	5270036	5470036	harbor2	chr11	5288184	5288316	LTR/ERV1	908	-	66	5288250	18214
chr11	5270036	5470036	harbor2	chr11	5293260	5294954	LTR/ERV1	10379	-	847	5294107	24071
chr11	5270036	5470036	harbor2	chr11	5298107	5298192	LTR/ERV1	478	-	42	5298149	28113
chr11	5270036	5470036	harbor2	chr11	5367228	5367773	LTR/ERV1	3746	-	272	5367500	97464
chr11	5127125	5327125	harbor2	chr11	5139052	5139447	LTR/ERV1	2399	-	198	5139250	12125
chr11	5127125	5327125	harbor2	chr11	5160297	5160707	LTR/ERV1	2938	-	205	5160502	33377
chr11	5127125	5327125	harbor2	chr11	5161085	5161301	LTR/ERV1	1385	-	108	5161193	34068
chr11	5127125	5327125	harbor2	chr11	5161303	5161965	LTR/ERV1	4367	-	331	5161634	34509
chr11	5127125	5327125	harbor2	chr11	5161968	5162469	LTR/ERV1	3197	-	250	5162218	35093
chr11	5127125	5327125	harbor2	chr11	5162469	5162618	LTR/ERV1	939	-	74	5162543	35418
chr11	5127125	5327125	harbor2	chr11	5162613	5165703	LTR/ERV1	15993	-	1545	5164158	37033
chr11	5127125	5327125	harbor2	chr11	5165706	5166117	LTR/ERV1	2864	-	206	5165912	38787
chr11	5127125	5327125	harbor2	chr11	5160708	5161086	LTR/ERV1	2455	-	189	5160897	33772
chr11	5127125	5327125	harbor2	chr11	5193634	5194416	LTR/ERV1	5443	-	391	5194025	66900
chr11	5191352	5391352	harbor2	chr11	5288184	5288316	LTR/ERV1	908	-	66	5288250	96898
chr11	5191352	5391352	harbor2	chr11	5193634	5194416	LTR/ERV1	5443	-	391	5194025	2673
chr11	67383369	67583369	harbor2	chr11	67472391	67472501	LTR/ERV1	2793	-	55	67472446	89077
chr11	67383369	67583369	harbor2	chr11	67472808	67473151	LTR/ERV1	2793	-	172	67472980	89611
chr11	67383369	67583369	harbor2	chr11	67473444	67473522	LTR/ERV1	2793	-	39	67473483	90114
chr11	67383369	67583369	harbor2	chr11	67473523	67473665	LTR/ERV1	972	-	71	67473594	90225
chr11	67383369	67583369	harbor2	chr11	67474211	67474919	LTR/ERV1	4525	-	354	67474565	91196
chr11	5145521	5345521	harbor2	chr11	5160297	5160707	LTR/ERV1	2938	-	205	5160502	14981
chr11	5145521	5345521	harbor2	chr11	5161085	5161301	LTR/ERV1	1385	-	108	5161193	15672
chr11	5145521	5345521	harbor2	chr11	5161303	5161965	LTR/ERV1	4367	-	331	5161634	16113
chr11	5145521	5345521	harbor2	chr11	5161968	5162469	LTR/ERV1	3197	-	250	5162218	16697
chr11	5145521	5345521	harbor2	chr11	5162469	5162618	LTR/ERV1	939	-	74	5162543	17022
chr11	5145521	5345521	harbor2	chr11	5162613	5165703	LTR/ERV1	15993	-	1545	5164158	18637
chr11	5145521	5345521	harbor2	chr11	5165706	5166117	LTR/ERV1	2864	-	206	5165912	20391
chr11	5145521	5345521	harbor2	chr11	5160708	5161086	LTR/ERV1	2455	-	189	5160897	15376
chr11	5145521	5345521	harbor2	chr11	5193634	5194416	LTR/ERV1	5443	-	391	5194025	48504
chr11	68651712	68851712	harbor2	chr11	68662591	68663319	LTR/ERV1	2923	-	364	68662955	11243
chr11	5134532	5334532	harbor2	chr11	5139052	5139447	LTR/ERV1	2399	-	198	5139250	4718
chr11	5134532	5334532	harbor2	chr11	5160297	5160707	LTR/ERV1	2938	-	205	5160502	25970
chr11	5134532	5334532	harbor2	chr11	5161085	5161301	LTR/ERV1	1385	-	108	5161193	26661
chr11	5134532	5334532	harbor2	chr11	5161303	5161965	LTR/ERV1	4367	-	331	5161634	27102
chr11	5134532	5334532	harbor2	chr11	5161968	5162469	LTR/ERV1	3197	-	250	5162218	27686
chr11	5134532	5334532	harbor2	chr11	5162469	5162618	LTR/ERV1	939	-	74	5162543	28011
chr11	5134532	5334532	harbor2	chr11	5162613	5165703	LTR/ERV1	15993	-	1545	5164158	29626
chr11	5134532	5334532	harbor2	chr11	5165706	5166117	LTR/ERV1	2864	-	206	5165912	31380
chr11	5134532	5334532	harbor2	chr11	5160708	5161086	LTR/ERV1	2455	-	189	5160897	26365
chr11	5134532	5334532	harbor2	chr11	5193634	5194416	LTR/ERV1	5443	-	391	5194025	59493
chr11	72131325	72331325	harbor2	chr11	72148055	72148253	LTR/ERV1	3452	-	99	72148154	16829
chr11	72131325	72331325	harbor2	chr11	72148561	72148875	LTR/ERV1	3452	-	157	72148718	17393
chr11	72131325	72331325	harbor2	chr11	72150418	72150560	LTR/ERV1	6158	-	71	72150489	19164
chr11	72131325	72331325	harbor2	chr11	72150869	72151248	LTR/ERV1	6158	-	190	72151059	19734
chr11	72131325	72331325	harbor2	chr11	72151554	72152227	LTR/ERV1	6158	-	336	72151890	20565
chr11	72131325	72331325	harbor2	chr11	72152224	72152427	LTR/ERV1	4752	-	102	72152326	21001
chr11	72131325	72331325	harbor2	chr11	72152732	72153466	LTR/ERV1	4752	-	367	72153099	21774
chr11	72131325	72331325	harbor2	chr11	72153452	72153926	LTR/ERV1	3743	-	237	72153689	22364
chr11	72131325	72331325	harbor2	chr11	72154686	72154811	LTR/ERV1	3743	-	62	72154748	23423
chr11	72131325	72331325	harbor2	chr11	72155392	72156022	LTR/ERV1	4514	-	315	72155707	24382
chr11	72131325	72331325	harbor2	chr11	72157067	72157423	LTR/ERV1	2126	-	178	72157245	25920
chr11	72131325	72331325	harbor2	chr11	72162843	72163172	LTR/ERV1	1841	-	164	72163007	31682
chr11	72131325	72331325	harbor2	chr11	72163173	72163994	LTR/ERV1	6632	-	410	72163583	32258
chr11	72131325	72331325	harbor2	chr11	72164295	72164373	LTR/ERV1	6632	-	39	72164334	33009
chr11	72131325	72331325	harbor2	chr11	72165342	72165435	LTR/ERV1	6632	-	46	72165388	34063
chr11	72131325	72331325	harbor2	chr11	72165913	72166785	LTR/ERV1	6532	-	436	72166349	35024
chr11	72131325	72331325	harbor2	chr11	72167087	72167448	LTR/ERV1	5817	-	180	72167267	35942
chr11	72131325	72331325	harbor2	chr11	72194115	72194346	LTR/ERV1	1021	-	116	72194231	62906
chr11	72131325	72331325	harbor2	chr11	72204704	72204949	LTR/ERV1	482	-	122	72204826	73501
chr11	72131325	72331325	harbor2	chr11	72154805	72155376	LTR/ERV1	3957	-	286	72155091	23766
chr11	5127149	5327149	harbor2	chr11	5139052	5139447	LTR/ERV1	2399	-	198	5139250	12101
chr11	5127149	5327149	harbor2	chr11	5160297	5160707	LTR/ERV1	2938	-	205	5160502	33353
chr11	5127149	5327149	harbor2	chr11	5161085	5161301	LTR/ERV1	1385	-	108	5161193	34044
chr11	5127149	5327149	harbor2	chr11	5161303	5161965	LTR/ERV1	4367	-	331	5161634	34485
chr11	5127149	5327149	harbor2	chr11	5161968	5162469	LTR/ERV1	3197	-	250	5162218	35069
chr11	5127149	5327149	harbor2	chr11	5162469	5162618	LTR/ERV1	939	-	74	5162543	35394
chr11	5127149	5327149	harbor2	chr11	5162613	5165703	LTR/ERV1	15993	-	1545	5164158	37009
chr11	5127149	5327149	harbor2	chr11	5165706	5166117	LTR/ERV1	2864	-	206	5165912	38763
chr11	5127149	5327149	harbor2	chr11	5160708	5161086	LTR/ERV1	2455	-	189	5160897	33748
chr11	5127149	5327149	harbor2	chr11	5193634	5194416	LTR/ERV1	5443	-	391	5194025	66876
chr11	5128043	5328043	harbor2	chr11	5139052	5139447	LTR/ERV1	2399	-	198	5139250	11207
chr11	5128043	5328043	harbor2	chr11	5160297	5160707	LTR/ERV1	2938	-	205	5160502	32459
chr11	5128043	5328043	harbor2	chr11	5161085	5161301	LTR/ERV1	1385	-	108	5161193	33150
chr11	5128043	5328043	harbor2	chr11	5161303	5161965	LTR/ERV1	4367	-	331	5161634	33591
chr11	5128043	5328043	harbor2	chr11	5161968	5162469	LTR/ERV1	3197	-	250	5162218	34175
chr11	5128043	5328043	harbor2	chr11	5162469	5162618	LTR/ERV1	939	-	74	5162543	34500
chr11	5128043	5328043	harbor2	chr11	5162613	5165703	LTR/ERV1	15993	-	1545	5164158	36115
chr11	5128043	5328043	harbor2	chr11	5165706	5166117	LTR/ERV1	2864	-	206	5165912	37869
chr11	5128043	5328043	harbor2	chr11	5160708	5161086	LTR/ERV1	2455	-	189	5160897	32854
chr11	5128043	5328043	harbor2	chr11	5193634	5194416	LTR/ERV1	5443	-	391	5194025	65982
chr11	5129645	5329645	harbor2	chr11	5139052	5139447	LTR/ERV1	2399	-	198	5139250	9605
chr11	5129645	5329645	harbor2	chr11	5160297	5160707	LTR/ERV1	2938	-	205	5160502	30857
chr11	5129645	5329645	harbor2	chr11	5161085	5161301	LTR/ERV1	1385	-	108	5161193	31548
chr11	5129645	5329645	harbor2	chr11	5161303	5161965	LTR/ERV1	4367	-	331	5161634	31989
chr11	5129645	5329645	harbor2	chr11	5161968	5162469	LTR/ERV1	3197	-	250	5162218	32573
chr11	5129645	5329645	harbor2	chr11	5162469	5162618	LTR/ERV1	939	-	74	5162543	32898
chr11	5129645	5329645	harbor2	chr11	5162613	5165703	LTR/ERV1	15993	-	1545	5164158	34513
chr11	5129645	5329645	harbor2	chr11	5165706	5166117	LTR/ERV1	2864	-	206	5165912	36267
chr11	5129645	5329645	harbor2	chr11	5160708	5161086	LTR/ERV1	2455	-	189	5160897	31252
chr11	5129645	5329645	harbor2	chr11	5193634	5194416	LTR/ERV1	5443	-	391	5194025	64380
chr11	5175946	5375946	harbor2	chr11	5193634	5194416	LTR/ERV1	5443	-	391	5194025	18079
chr11	5134537	5334537	harbor2	chr11	5139052	5139447	LTR/ERV1	2399	-	198	5139250	4713
chr11	5134537	5334537	harbor2	chr11	5160297	5160707	LTR/ERV1	2938	-	205	5160502	25965
chr11	5134537	5334537	harbor2	chr11	5161085	5161301	LTR/ERV1	1385	-	108	5161193	26656
chr11	5134537	5334537	harbor2	chr11	5161303	5161965	LTR/ERV1	4367	-	331	5161634	27097
chr11	5134537	5334537	harbor2	chr11	5161968	5162469	LTR/ERV1	3197	-	250	5162218	27681
chr11	5134537	5334537	harbor2	chr11	5162469	5162618	LTR/ERV1	939	-	74	5162543	28006
chr11	5134537	5334537	harbor2	chr11	5162613	5165703	LTR/ERV1	15993	-	1545	5164158	29621
chr11	5134537	5334537	harbor2	chr11	5165706	5166117	LTR/ERV1	2864	-	206	5165912	31375
chr11	5134537	5334537	harbor2	chr11	5160708	5161086	LTR/ERV1	2455	-	189	5160897	26360
chr11	5134537	5334537	harbor2	chr11	5193634	5194416	LTR/ERV1	5443	-	391	5194025	59488
chr11	108021866	108221866	harbor2	chr11	108113521	108113965	LTR/ERV1	1501	-	222	108113743	91877
chr11	5145526	5345526	harbor2	chr11	5160297	5160707	LTR/ERV1	2938	-	205	5160502	14976
chr11	5145526	5345526	harbor2	chr11	5161085	5161301	LTR/ERV1	1385	-	108	5161193	15667
chr11	5145526	5345526	harbor2	chr11	5161303	5161965	LTR/ERV1	4367	-	331	5161634	16108
chr11	5145526	5345526	harbor2	chr11	5161968	5162469	LTR/ERV1	3197	-	250	5162218	16692
chr11	5145526	5345526	harbor2	chr11	5162469	5162618	LTR/ERV1	939	-	74	5162543	17017
chr11	5145526	5345526	harbor2	chr11	5162613	5165703	LTR/ERV1	15993	-	1545	5164158	18632
chr11	5145526	5345526	harbor2	chr11	5165706	5166117	LTR/ERV1	2864	-	206	5165912	20386
chr11	5145526	5345526	harbor2	chr11	5160708	5161086	LTR/ERV1	2455	-	189	5160897	15371
chr11	5145526	5345526	harbor2	chr11	5193634	5194416	LTR/ERV1	5443	-	391	5194025	48499
chr11	108021556	108221556	harbor2	chr11	108113521	108113965	LTR/ERV1	1501	-	222	108113743	92187
chr11	5134924	5334924	harbor2	chr11	5139052	5139447	LTR/ERV1	2399	-	198	5139250	4326
chr11	5134924	5334924	harbor2	chr11	5160297	5160707	LTR/ERV1	2938	-	205	5160502	25578
chr11	5134924	5334924	harbor2	chr11	5161085	5161301	LTR/ERV1	1385	-	108	5161193	26269
chr11	5134924	5334924	harbor2	chr11	5161303	5161965	LTR/ERV1	4367	-	331	5161634	26710
chr11	5134924	5334924	harbor2	chr11	5161968	5162469	LTR/ERV1	3197	-	250	5162218	27294
chr11	5134924	5334924	harbor2	chr11	5162469	5162618	LTR/ERV1	939	-	74	5162543	27619
chr11	5134924	5334924	harbor2	chr11	5162613	5165703	LTR/ERV1	15993	-	1545	5164158	29234
chr11	5134924	5334924	harbor2	chr11	5165706	5166117	LTR/ERV1	2864	-	206	5165912	30988
chr11	5134924	5334924	harbor2	chr11	5160708	5161086	LTR/ERV1	2455	-	189	5160897	25973
chr11	5134924	5334924	harbor2	chr11	5193634	5194416	LTR/ERV1	5443	-	391	5194025	59101
chr11	5127139	5327139	harbor2	chr11	5139052	5139447	LTR/ERV1	2399	-	198	5139250	12111
chr11	5127139	5327139	harbor2	chr11	5160297	5160707	LTR/ERV1	2938	-	205	5160502	33363
chr11	5127139	5327139	harbor2	chr11	5161085	5161301	LTR/ERV1	1385	-	108	5161193	34054
chr11	5127139	5327139	harbor2	chr11	5161303	5161965	LTR/ERV1	4367	-	331	5161634	34495
chr11	5127139	5327139	harbor2	chr11	5161968	5162469	LTR/ERV1	3197	-	250	5162218	35079
chr11	5127139	5327139	harbor2	chr11	5162469	5162618	LTR/ERV1	939	-	74	5162543	35404
chr11	5127139	5327139	harbor2	chr11	5162613	5165703	LTR/ERV1	15993	-	1545	5164158	37019
chr11	5127139	5327139	harbor2	chr11	5165706	5166117	LTR/ERV1	2864	-	206	5165912	38773
chr11	5127139	5327139	harbor2	chr11	5160708	5161086	LTR/ERV1	2455	-	189	5160897	33758
chr11	5127139	5327139	harbor2	chr11	5193634	5194416	LTR/ERV1	5443	-	391	5194025	66886
chr11	20061870	20261870	harbor2	chr11	20129505	20130157	LTR/ERV1	3693	-	326	20129831	67961
chr11	20061870	20261870	harbor2	chr11	20145347	20146093	LTR/ERV1	4521	-	373	20145720	83850
chr11	5503303	5703303	harbor2	chr11	5511430	5511871	LTR/ERV1	3543	-	220	5511650	8347
chr11	5503303	5703303	harbor2	chr11	5530944	5531428	LTR/ERV1	3586	-	242	5531186	27883
chr11	5503303	5703303	harbor2	chr11	5563655	5563880	LTR/ERV1	457	-	112	5563767	60464
chr11	5503303	5703303	harbor2	chr11	5591251	5591367	LTR/ERV1	2554	-	58	5591309	88006
chr11	5503303	5703303	harbor2	chr11	5591664	5591973	LTR/ERV1	2554	-	154	5591818	88515
chr11	5503303	5703303	harbor2	chr11	5586823	5587369	LTR/ERV1	2532	-	273	5587096	83793
chr11	6583608	6783608	harbor2	chr11	6596880	6597244	LTR/ERV1	713	-	182	6597062	13454
chr11	125492737	125692737	harbor2	chr11	125509074	125509667	LTR/ERV1	2972	-	296	125509370	16633
chr11	125492737	125692737	harbor2	chr11	125509970	125509983	LTR/ERV1	2972	-	6	125509976	17239
chr11	125492737	125692737	harbor2	chr11	125510294	125510474	LTR/ERV1	2972	-	90	125510384	17647
chr11	125492737	125692737	harbor2	chr11	125511769	125511873	LTR/ERV1	614	-	52	125511821	19084
chr11	125492737	125692737	harbor2	chr11	125514096	125514615	LTR/ERV1	2434	-	260	125514356	21619
chr11	125492737	125692737	harbor2	chr11	125519033	125519598	LTR/ERV1	3077	-	282	125519315	26578
chr11	125492737	125692737	harbor2	chr11	125522041	125522212	LTR/ERV1	1399	-	86	125522127	29390
chr11	125492737	125692737	harbor2	chr11	125522810	125522938	LTR/ERV1	1399	-	64	125522874	30137
chr11	125492737	125692737	harbor2	chr11	125523249	125523577	LTR/ERV1	1399	-	164	125523413	30676
chr11	125492737	125692737	harbor2	chr11	125547803	125548042	LTR/ERV1	1370	-	120	125547923	55186
chr11	125492737	125692737	harbor2	chr11	125548147	125548696	LTR/ERV1	20345	-	274	125548421	55684
chr11	125492737	125692737	harbor2	chr11	125548996	125550280	LTR/ERV1	20345	-	642	125549638	56901
chr11	125492737	125692737	harbor2	chr11	125550593	125551737	LTR/ERV1	20345	-	572	125551165	58428
chr11	125492737	125692737	harbor2	chr11	125552167	125553314	LTR/ERV1	6271	-	574	125552741	60004
chr11	125492737	125692737	harbor2	chr11	125553312	125554733	LTR/ERV1	10111	-	710	125554022	61285
chr11	125492737	125692737	harbor2	chr11	125555032	125555295	LTR/ERV1	10111	-	132	125555164	62427
chr11	125492737	125692737	harbor2	chr11	125555301	125555868	LTR/ERV1	3561	-	284	125555585	62848
chr11	125492737	125692737	harbor2	chr11	125555897	125555998	LTR/ERV1	1578	-	50	125555947	63210
chr11	125492737	125692737	harbor2	chr11	125556289	125556620	LTR/ERV1	1578	-	166	125556455	63718
chr11	125492737	125692737	harbor2	chr11	125564580	125565301	LTR/ERV1	4589	-	360	125564940	72203
chr11	125492737	125692737	harbor2	chr11	125566155	125566620	LTR/ERV1	5229	-	232	125566387	73650
chr11	125492737	125692737	harbor2	chr11	125566934	125567390	LTR/ERV1	5229	-	228	125567162	74425
chr11	5127134	5327134	harbor2	chr11	5139052	5139447	LTR/ERV1	2399	-	198	5139250	12116
chr11	5127134	5327134	harbor2	chr11	5160297	5160707	LTR/ERV1	2938	-	205	5160502	33368
chr11	5127134	5327134	harbor2	chr11	5161085	5161301	LTR/ERV1	1385	-	108	5161193	34059
chr11	5127134	5327134	harbor2	chr11	5161303	5161965	LTR/ERV1	4367	-	331	5161634	34500
chr11	5127134	5327134	harbor2	chr11	5161968	5162469	LTR/ERV1	3197	-	250	5162218	35084
chr11	5127134	5327134	harbor2	chr11	5162469	5162618	LTR/ERV1	939	-	74	5162543	35409
chr11	5127134	5327134	harbor2	chr11	5162613	5165703	LTR/ERV1	15993	-	1545	5164158	37024
chr11	5127134	5327134	harbor2	chr11	5165706	5166117	LTR/ERV1	2864	-	206	5165912	38778
chr11	5127134	5327134	harbor2	chr11	5160708	5161086	LTR/ERV1	2455	-	189	5160897	33763
chr11	5127134	5327134	harbor2	chr11	5193634	5194416	LTR/ERV1	5443	-	391	5194025	66891
chr11	5134274	5334274	harbor2	chr11	5139052	5139447	LTR/ERV1	2399	-	198	5139250	4976
chr11	5134274	5334274	harbor2	chr11	5160297	5160707	LTR/ERV1	2938	-	205	5160502	26228
chr11	5134274	5334274	harbor2	chr11	5161085	5161301	LTR/ERV1	1385	-	108	5161193	26919
chr11	5134274	5334274	harbor2	chr11	5161303	5161965	LTR/ERV1	4367	-	331	5161634	27360
chr11	5134274	5334274	harbor2	chr11	5161968	5162469	LTR/ERV1	3197	-	250	5162218	27944
chr11	5134274	5334274	harbor2	chr11	5162469	5162618	LTR/ERV1	939	-	74	5162543	28269
chr11	5134274	5334274	harbor2	chr11	5162613	5165703	LTR/ERV1	15993	-	1545	5164158	29884
chr11	5134274	5334274	harbor2	chr11	5165706	5166117	LTR/ERV1	2864	-	206	5165912	31638
chr11	5134274	5334274	harbor2	chr11	5160708	5161086	LTR/ERV1	2455	-	189	5160897	26623
chr11	5134274	5334274	harbor2	chr11	5193634	5194416	LTR/ERV1	5443	-	391	5194025	59751
chr11	6512776	6712776	harbor2	chr11	6596880	6597244	LTR/ERV1	713	-	182	6597062	84286
chr11	5211379	5411379	harbor2	chr11	5288184	5288316	LTR/ERV1	908	-	66	5288250	76871
chr11	5211379	5411379	harbor2	chr11	5293260	5294954	LTR/ERV1	10379	-	847	5294107	82728
chr11	5211379	5411379	harbor2	chr11	5298107	5298192	LTR/ERV1	478	-	42	5298149	86770
chr11	5134545	5334545	harbor2	chr11	5139052	5139447	LTR/ERV1	2399	-	198	5139250	4705
chr11	5134545	5334545	harbor2	chr11	5160297	5160707	LTR/ERV1	2938	-	205	5160502	25957
chr11	5134545	5334545	harbor2	chr11	5161085	5161301	LTR/ERV1	1385	-	108	5161193	26648
chr11	5134545	5334545	harbor2	chr11	5161303	5161965	LTR/ERV1	4367	-	331	5161634	27089
chr11	5134545	5334545	harbor2	chr11	5161968	5162469	LTR/ERV1	3197	-	250	5162218	27673
chr11	5134545	5334545	harbor2	chr11	5162469	5162618	LTR/ERV1	939	-	74	5162543	27998
chr11	5134545	5334545	harbor2	chr11	5162613	5165703	LTR/ERV1	15993	-	1545	5164158	29613
chr11	5134545	5334545	harbor2	chr11	5165706	5166117	LTR/ERV1	2864	-	206	5165912	31367
chr11	5134545	5334545	harbor2	chr11	5160708	5161086	LTR/ERV1	2455	-	189	5160897	26352
chr11	5134545	5334545	harbor2	chr11	5193634	5194416	LTR/ERV1	5443	-	391	5194025	59480
chr11	5130232	5330232	harbor2	chr11	5139052	5139447	LTR/ERV1	2399	-	198	5139250	9018
chr11	5130232	5330232	harbor2	chr11	5160297	5160707	LTR/ERV1	2938	-	205	5160502	30270
chr11	5130232	5330232	harbor2	chr11	5161085	5161301	LTR/ERV1	1385	-	108	5161193	30961
chr11	5130232	5330232	harbor2	chr11	5161303	5161965	LTR/ERV1	4367	-	331	5161634	31402
chr11	5130232	5330232	harbor2	chr11	5161968	5162469	LTR/ERV1	3197	-	250	5162218	31986
chr11	5130232	5330232	harbor2	chr11	5162469	5162618	LTR/ERV1	939	-	74	5162543	32311
chr11	5130232	5330232	harbor2	chr11	5162613	5165703	LTR/ERV1	15993	-	1545	5164158	33926
chr11	5130232	5330232	harbor2	chr11	5165706	5166117	LTR/ERV1	2864	-	206	5165912	35680
chr11	5130232	5330232	harbor2	chr11	5160708	5161086	LTR/ERV1	2455	-	189	5160897	30665
chr11	5130232	5330232	harbor2	chr11	5193634	5194416	LTR/ERV1	5443	-	391	5194025	63793
chr11	5127145	5327145	harbor2	chr11	5139052	5139447	LTR/ERV1	2399	-	198	5139250	12105
chr11	5127145	5327145	harbor2	chr11	5160297	5160707	LTR/ERV1	2938	-	205	5160502	33357
chr11	5127145	5327145	harbor2	chr11	5161085	5161301	LTR/ERV1	1385	-	108	5161193	34048
chr11	5127145	5327145	harbor2	chr11	5161303	5161965	LTR/ERV1	4367	-	331	5161634	34489
chr11	5127145	5327145	harbor2	chr11	5161968	5162469	LTR/ERV1	3197	-	250	5162218	35073
chr11	5127145	5327145	harbor2	chr11	5162469	5162618	LTR/ERV1	939	-	74	5162543	35398
chr11	5127145	5327145	harbor2	chr11	5162613	5165703	LTR/ERV1	15993	-	1545	5164158	37013
chr11	5127145	5327145	harbor2	chr11	5165706	5166117	LTR/ERV1	2864	-	206	5165912	38767
chr11	5127145	5327145	harbor2	chr11	5160708	5161086	LTR/ERV1	2455	-	189	5160897	33752
chr11	5127145	5327145	harbor2	chr11	5193634	5194416	LTR/ERV1	5443	-	391	5194025	66880
chr11	5134509	5334509	harbor2	chr11	5139052	5139447	LTR/ERV1	2399	-	198	5139250	4741
chr11	5134509	5334509	harbor2	chr11	5160297	5160707	LTR/ERV1	2938	-	205	5160502	25993
chr11	5134509	5334509	harbor2	chr11	5161085	5161301	LTR/ERV1	1385	-	108	5161193	26684
chr11	5134509	5334509	harbor2	chr11	5161303	5161965	LTR/ERV1	4367	-	331	5161634	27125
chr11	5134509	5334509	harbor2	chr11	5161968	5162469	LTR/ERV1	3197	-	250	5162218	27709
chr11	5134509	5334509	harbor2	chr11	5162469	5162618	LTR/ERV1	939	-	74	5162543	28034
chr11	5134509	5334509	harbor2	chr11	5162613	5165703	LTR/ERV1	15993	-	1545	5164158	29649
chr11	5134509	5334509	harbor2	chr11	5165706	5166117	LTR/ERV1	2864	-	206	5165912	31403
chr11	5134509	5334509	harbor2	chr11	5160708	5161086	LTR/ERV1	2455	-	189	5160897	26388
chr11	5134509	5334509	harbor2	chr11	5193634	5194416	LTR/ERV1	5443	-	391	5194025	59516
chr11	5127131	5327131	harbor2	chr11	5139052	5139447	LTR/ERV1	2399	-	198	5139250	12119
chr11	5127131	5327131	harbor2	chr11	5160297	5160707	LTR/ERV1	2938	-	205	5160502	33371
chr11	5127131	5327131	harbor2	chr11	5161085	5161301	LTR/ERV1	1385	-	108	5161193	34062
chr11	5127131	5327131	harbor2	chr11	5161303	5161965	LTR/ERV1	4367	-	331	5161634	34503
chr11	5127131	5327131	harbor2	chr11	5161968	5162469	LTR/ERV1	3197	-	250	5162218	35087
chr11	5127131	5327131	harbor2	chr11	5162469	5162618	LTR/ERV1	939	-	74	5162543	35412
chr11	5127131	5327131	harbor2	chr11	5162613	5165703	LTR/ERV1	15993	-	1545	5164158	37027
chr11	5127131	5327131	harbor2	chr11	5165706	5166117	LTR/ERV1	2864	-	206	5165912	38781
chr11	5127131	5327131	harbor2	chr11	5160708	5161086	LTR/ERV1	2455	-	189	5160897	33766
chr11	5127131	5327131	harbor2	chr11	5193634	5194416	LTR/ERV1	5443	-	391	5194025	66894
chr11	108021552	108221552	harbor2	chr11	108113521	108113965	LTR/ERV1	1501	-	222	108113743	92191
chr11	5135402	5335402	harbor2	chr11	5139052	5139447	LTR/ERV1	2399	-	198	5139250	3848
chr11	5135402	5335402	harbor2	chr11	5160297	5160707	LTR/ERV1	2938	-	205	5160502	25100
chr11	5135402	5335402	harbor2	chr11	5161085	5161301	LTR/ERV1	1385	-	108	5161193	25791
chr11	5135402	5335402	harbor2	chr11	5161303	5161965	LTR/ERV1	4367	-	331	5161634	26232
chr11	5135402	5335402	harbor2	chr11	5161968	5162469	LTR/ERV1	3197	-	250	5162218	26816
chr11	5135402	5335402	harbor2	chr11	5162469	5162618	LTR/ERV1	939	-	74	5162543	27141
chr11	5135402	5335402	harbor2	chr11	5162613	5165703	LTR/ERV1	15993	-	1545	5164158	28756
chr11	5135402	5335402	harbor2	chr11	5165706	5166117	LTR/ERV1	2864	-	206	5165912	30510
chr11	5135402	5335402	harbor2	chr11	5160708	5161086	LTR/ERV1	2455	-	189	5160897	25495
chr11	5135402	5335402	harbor2	chr11	5193634	5194416	LTR/ERV1	5443	-	391	5194025	58623
chr11	64540474	64740474	harbor2	chr11	64541605	64541723	LTR/ERV1	2975	-	59	64541664	1190
chr11	64540474	64740474	harbor2	chr11	64542035	64542483	LTR/ERV1	2975	-	224	64542259	1785
chr11	64540474	64740474	harbor2	chr11	64556702	64556968	LTR/ERV1	1431	-	133	64556835	16361
chr11	5127113	5327113	harbor2	chr11	5139052	5139447	LTR/ERV1	2399	-	198	5139250	12137
chr11	5127113	5327113	harbor2	chr11	5160297	5160707	LTR/ERV1	2938	-	205	5160502	33389
chr11	5127113	5327113	harbor2	chr11	5161085	5161301	LTR/ERV1	1385	-	108	5161193	34080
chr11	5127113	5327113	harbor2	chr11	5161303	5161965	LTR/ERV1	4367	-	331	5161634	34521
chr11	5127113	5327113	harbor2	chr11	5161968	5162469	LTR/ERV1	3197	-	250	5162218	35105
chr11	5127113	5327113	harbor2	chr11	5162469	5162618	LTR/ERV1	939	-	74	5162543	35430
chr11	5127113	5327113	harbor2	chr11	5162613	5165703	LTR/ERV1	15993	-	1545	5164158	37045
chr11	5127113	5327113	harbor2	chr11	5165706	5166117	LTR/ERV1	2864	-	206	5165912	38799
chr11	5127113	5327113	harbor2	chr11	5160708	5161086	LTR/ERV1	2455	-	189	5160897	33784
chr11	5127113	5327113	harbor2	chr11	5193634	5194416	LTR/ERV1	5443	-	391	5194025	66912
chr11	5127198	5327198	harbor2	chr11	5139052	5139447	LTR/ERV1	2399	-	198	5139250	12052
chr11	5127198	5327198	harbor2	chr11	5160297	5160707	LTR/ERV1	2938	-	205	5160502	33304
chr11	5127198	5327198	harbor2	chr11	5161085	5161301	LTR/ERV1	1385	-	108	5161193	33995
chr11	5127198	5327198	harbor2	chr11	5161303	5161965	LTR/ERV1	4367	-	331	5161634	34436
chr11	5127198	5327198	harbor2	chr11	5161968	5162469	LTR/ERV1	3197	-	250	5162218	35020
chr11	5127198	5327198	harbor2	chr11	5162469	5162618	LTR/ERV1	939	-	74	5162543	35345
chr11	5127198	5327198	harbor2	chr11	5162613	5165703	LTR/ERV1	15993	-	1545	5164158	36960
chr11	5127198	5327198	harbor2	chr11	5165706	5166117	LTR/ERV1	2864	-	206	5165912	38714
chr11	5127198	5327198	harbor2	chr11	5160708	5161086	LTR/ERV1	2455	-	189	5160897	33699
chr11	5127198	5327198	harbor2	chr11	5193634	5194416	LTR/ERV1	5443	-	391	5194025	66827
chr11	76580957	76780957	harbor2	chr11	76607926	76609594	LTR/ERV1	11116	-	834	76608760	27803
chr11	5199897	5399897	harbor2	chr11	5288184	5288316	LTR/ERV1	908	-	66	5288250	88353
chr11	5199897	5399897	harbor2	chr11	5293260	5294954	LTR/ERV1	10379	-	847	5294107	94210
chr11	5199897	5399897	harbor2	chr11	5298107	5298192	LTR/ERV1	478	-	42	5298149	98252
chr11	5134148	5334148	harbor2	chr11	5139052	5139447	LTR/ERV1	2399	-	198	5139250	5102
chr11	5134148	5334148	harbor2	chr11	5160297	5160707	LTR/ERV1	2938	-	205	5160502	26354
chr11	5134148	5334148	harbor2	chr11	5161085	5161301	LTR/ERV1	1385	-	108	5161193	27045
chr11	5134148	5334148	harbor2	chr11	5161303	5161965	LTR/ERV1	4367	-	331	5161634	27486
chr11	5134148	5334148	harbor2	chr11	5161968	5162469	LTR/ERV1	3197	-	250	5162218	28070
chr11	5134148	5334148	harbor2	chr11	5162469	5162618	LTR/ERV1	939	-	74	5162543	28395
chr11	5134148	5334148	harbor2	chr11	5162613	5165703	LTR/ERV1	15993	-	1545	5164158	30010
chr11	5134148	5334148	harbor2	chr11	5165706	5166117	LTR/ERV1	2864	-	206	5165912	31764
chr11	5134148	5334148	harbor2	chr11	5160708	5161086	LTR/ERV1	2455	-	189	5160897	26749
chr11	5134148	5334148	harbor2	chr11	5193634	5194416	LTR/ERV1	5443	-	391	5194025	59877
chr11	5269991	5469991	harbor2	chr11	5288184	5288316	LTR/ERV1	908	-	66	5288250	18259
chr11	5269991	5469991	harbor2	chr11	5293260	5294954	LTR/ERV1	10379	-	847	5294107	24116
chr11	5269991	5469991	harbor2	chr11	5298107	5298192	LTR/ERV1	478	-	42	5298149	28158
chr11	5269991	5469991	harbor2	chr11	5367228	5367773	LTR/ERV1	3746	-	272	5367500	97509
chr11	5129657	5329657	harbor2	chr11	5139052	5139447	LTR/ERV1	2399	-	198	5139250	9593
chr11	5129657	5329657	harbor2	chr11	5160297	5160707	LTR/ERV1	2938	-	205	5160502	30845
chr11	5129657	5329657	harbor2	chr11	5161085	5161301	LTR/ERV1	1385	-	108	5161193	31536
chr11	5129657	5329657	harbor2	chr11	5161303	5161965	LTR/ERV1	4367	-	331	5161634	31977
chr11	5129657	5329657	harbor2	chr11	5161968	5162469	LTR/ERV1	3197	-	250	5162218	32561
chr11	5129657	5329657	harbor2	chr11	5162469	5162618	LTR/ERV1	939	-	74	5162543	32886
chr11	5129657	5329657	harbor2	chr11	5162613	5165703	LTR/ERV1	15993	-	1545	5164158	34501
chr11	5129657	5329657	harbor2	chr11	5165706	5166117	LTR/ERV1	2864	-	206	5165912	36255
chr11	5129657	5329657	harbor2	chr11	5160708	5161086	LTR/ERV1	2455	-	189	5160897	31240
chr11	5129657	5329657	harbor2	chr11	5193634	5194416	LTR/ERV1	5443	-	391	5194025	64368
chr11	16505889	16705889	harbor2	chr11	16553133	16553613	LTR/ERV1	3110	-	240	16553373	47484
chr11	129795685	129995685	harbor2	chr11	129801826	129802615	LTR/ERV1	5079	-	394	129802220	6535
chr11	129795685	129995685	harbor2	chr11	129814073	129815141	LTR/ERV1	4933	-	534	129814607	18922
chr11	64545468	64745468	harbor2	chr11	64556702	64556968	LTR/ERV1	1431	-	133	64556835	11367
chr11	5127118	5327118	harbor2	chr11	5139052	5139447	LTR/ERV1	2399	-	198	5139250	12132
chr11	5127118	5327118	harbor2	chr11	5160297	5160707	LTR/ERV1	2938	-	205	5160502	33384
chr11	5127118	5327118	harbor2	chr11	5161085	5161301	LTR/ERV1	1385	-	108	5161193	34075
chr11	5127118	5327118	harbor2	chr11	5161303	5161965	LTR/ERV1	4367	-	331	5161634	34516
chr11	5127118	5327118	harbor2	chr11	5161968	5162469	LTR/ERV1	3197	-	250	5162218	35100
chr11	5127118	5327118	harbor2	chr11	5162469	5162618	LTR/ERV1	939	-	74	5162543	35425
chr11	5127118	5327118	harbor2	chr11	5162613	5165703	LTR/ERV1	15993	-	1545	5164158	37040
chr11	5127118	5327118	harbor2	chr11	5165706	5166117	LTR/ERV1	2864	-	206	5165912	38794
chr11	5127118	5327118	harbor2	chr11	5160708	5161086	LTR/ERV1	2455	-	189	5160897	33779
chr11	5127118	5327118	harbor2	chr11	5193634	5194416	LTR/ERV1	5443	-	391	5194025	66907
chr11	461593	661593	harbor2	chr11	512802	512904	LTR/ERV1	402	-	51	512853	51260
chr11	5280964	5480964	harbor2	chr11	5288184	5288316	LTR/ERV1	908	-	66	5288250	7286
chr11	5280964	5480964	harbor2	chr11	5293260	5294954	LTR/ERV1	10379	-	847	5294107	13143
chr11	5280964	5480964	harbor2	chr11	5298107	5298192	LTR/ERV1	478	-	42	5298149	17185
chr11	5280964	5480964	harbor2	chr11	5367228	5367773	LTR/ERV1	3746	-	272	5367500	86536
chr11	5130451	5330451	harbor2	chr11	5139052	5139447	LTR/ERV1	2399	-	198	5139250	8799
chr11	5130451	5330451	harbor2	chr11	5160297	5160707	LTR/ERV1	2938	-	205	5160502	30051
chr11	5130451	5330451	harbor2	chr11	5161085	5161301	LTR/ERV1	1385	-	108	5161193	30742
chr11	5130451	5330451	harbor2	chr11	5161303	5161965	LTR/ERV1	4367	-	331	5161634	31183
chr11	5130451	5330451	harbor2	chr11	5161968	5162469	LTR/ERV1	3197	-	250	5162218	31767
chr11	5130451	5330451	harbor2	chr11	5162469	5162618	LTR/ERV1	939	-	74	5162543	32092
chr11	5130451	5330451	harbor2	chr11	5162613	5165703	LTR/ERV1	15993	-	1545	5164158	33707
chr11	5130451	5330451	harbor2	chr11	5165706	5166117	LTR/ERV1	2864	-	206	5165912	35461
chr11	5130451	5330451	harbor2	chr11	5160708	5161086	LTR/ERV1	2455	-	189	5160897	30446
chr11	5130451	5330451	harbor2	chr11	5193634	5194416	LTR/ERV1	5443	-	391	5194025	63574
chr11	119007408	119207408	harbor2	chr11	119038991	119039271	LTR/ERV1	1637	-	140	119039131	31723
chr11	119007408	119207408	harbor2	chr11	119040161	119040206	LTR/ERV1	1637	-	22	119040183	32775
chr11	119007408	119207408	harbor2	chr11	119098903	119099142	LTR/ERV1	2180	-	120	119099023	91615
chr11	119007408	119207408	harbor2	chr11	119099451	119099511	LTR/ERV1	2180	-	30	119099481	92073
chr11	119007408	119207408	harbor2	chr11	119099810	119100100	LTR/ERV1	2180	-	145	119099955	92547
chr11	43955448	44155448	harbor2	chr11	43955392	43955948	LTR/ERV1	2164	-	278	43955670	222
chr11	43955448	44155448	harbor2	chr11	43955949	43956365	LTR/ERV1	2349	-	208	43956157	709
chr11	43955448	44155448	harbor2	chr11	43956366	43956426	LTR/ERV1	2164	-	30	43956396	948
chr11	43955448	44155448	harbor2	chr11	43956719	43956743	LTR/ERV1	2164	-	12	43956731	1283
chr11	43955448	44155448	harbor2	chr11	43956744	43957064	LTR/ERV1	1557	-	160	43956904	1456
chr11	43955448	44155448	harbor2	chr11	43957065	43957921	LTR/ERV1	5696	-	428	43957493	2045
chr11	43955448	44155448	harbor2	chr11	43958629	43958672	LTR/ERV1	5696	-	22	43958651	3203
chr11	43955448	44155448	harbor2	chr11	43958673	43958899	LTR/ERV1	1159	-	113	43958786	3338
chr11	43955448	44155448	harbor2	chr11	43988287	43988794	LTR/ERV1	2821	-	254	43988541	33093
chr11	78110765	78310765	harbor2	chr11	78143361	78143806	LTR/ERV1	2233	-	222	78143583	32818
chr11	78110765	78310765	harbor2	chr11	78153895	78153974	LTR/ERV1	544	-	40	78153935	43170
chr11	78110765	78310765	harbor2	chr11	78165657	78166272	LTR/ERV1	4301	-	308	78165965	55200
chr11	78110765	78310765	harbor2	chr11	78166316	78166359	LTR/ERV1	3453	-	22	78166338	55573
chr11	78110765	78310765	harbor2	chr11	78166672	78167294	LTR/ERV1	3588	-	311	78166983	56218
chr11	108021537	108221537	harbor2	chr11	108113521	108113965	LTR/ERV1	1501	-	222	108113743	92206
chr11	5191359	5391359	harbor2	chr11	5288184	5288316	LTR/ERV1	908	-	66	5288250	96891
chr11	5191359	5391359	harbor2	chr11	5193634	5194416	LTR/ERV1	5443	-	391	5194025	2666
chr11	5130062	5330062	harbor2	chr11	5139052	5139447	LTR/ERV1	2399	-	198	5139250	9188
chr11	5130062	5330062	harbor2	chr11	5160297	5160707	LTR/ERV1	2938	-	205	5160502	30440
chr11	5130062	5330062	harbor2	chr11	5161085	5161301	LTR/ERV1	1385	-	108	5161193	31131
chr11	5130062	5330062	harbor2	chr11	5161303	5161965	LTR/ERV1	4367	-	331	5161634	31572
chr11	5130062	5330062	harbor2	chr11	5161968	5162469	LTR/ERV1	3197	-	250	5162218	32156
chr11	5130062	5330062	harbor2	chr11	5162469	5162618	LTR/ERV1	939	-	74	5162543	32481
chr11	5130062	5330062	harbor2	chr11	5162613	5165703	LTR/ERV1	15993	-	1545	5164158	34096
chr11	5130062	5330062	harbor2	chr11	5165706	5166117	LTR/ERV1	2864	-	206	5165912	35850
chr11	5130062	5330062	harbor2	chr11	5160708	5161086	LTR/ERV1	2455	-	189	5160897	30835
chr11	5130062	5330062	harbor2	chr11	5193634	5194416	LTR/ERV1	5443	-	391	5194025	63963
chr11	5191377	5391377	harbor2	chr11	5288184	5288316	LTR/ERV1	908	-	66	5288250	96873
chr11	5191377	5391377	harbor2	chr11	5193634	5194416	LTR/ERV1	5443	-	391	5194025	2648
chr11	5132412	5332412	harbor2	chr11	5139052	5139447	LTR/ERV1	2399	-	198	5139250	6838
chr11	5132412	5332412	harbor2	chr11	5160297	5160707	LTR/ERV1	2938	-	205	5160502	28090
chr11	5132412	5332412	harbor2	chr11	5161085	5161301	LTR/ERV1	1385	-	108	5161193	28781
chr11	5132412	5332412	harbor2	chr11	5161303	5161965	LTR/ERV1	4367	-	331	5161634	29222
chr11	5132412	5332412	harbor2	chr11	5161968	5162469	LTR/ERV1	3197	-	250	5162218	29806
chr11	5132412	5332412	harbor2	chr11	5162469	5162618	LTR/ERV1	939	-	74	5162543	30131
chr11	5132412	5332412	harbor2	chr11	5162613	5165703	LTR/ERV1	15993	-	1545	5164158	31746
chr11	5132412	5332412	harbor2	chr11	5165706	5166117	LTR/ERV1	2864	-	206	5165912	33500
chr11	5132412	5332412	harbor2	chr11	5160708	5161086	LTR/ERV1	2455	-	189	5160897	28485
chr11	5132412	5332412	harbor2	chr11	5193634	5194416	LTR/ERV1	5443	-	391	5194025	61613
chr11	5129603	5329603	harbor2	chr11	5139052	5139447	LTR/ERV1	2399	-	198	5139250	9647
chr11	5129603	5329603	harbor2	chr11	5160297	5160707	LTR/ERV1	2938	-	205	5160502	30899
chr11	5129603	5329603	harbor2	chr11	5161085	5161301	LTR/ERV1	1385	-	108	5161193	31590
chr11	5129603	5329603	harbor2	chr11	5161303	5161965	LTR/ERV1	4367	-	331	5161634	32031
chr11	5129603	5329603	harbor2	chr11	5161968	5162469	LTR/ERV1	3197	-	250	5162218	32615
chr11	5129603	5329603	harbor2	chr11	5162469	5162618	LTR/ERV1	939	-	74	5162543	32940
chr11	5129603	5329603	harbor2	chr11	5162613	5165703	LTR/ERV1	15993	-	1545	5164158	34555
chr11	5129603	5329603	harbor2	chr11	5165706	5166117	LTR/ERV1	2864	-	206	5165912	36309
chr11	5129603	5329603	harbor2	chr11	5160708	5161086	LTR/ERV1	2455	-	189	5160897	31294
chr11	5129603	5329603	harbor2	chr11	5193634	5194416	LTR/ERV1	5443	-	391	5194025	64422
chr11	73152932	73352932	harbor2	chr11	73241440	73241811	LTR/ERV1	506	-	186	73241626	88694
chr11	73152932	73352932	harbor2	chr11	73203546	73203797	LTR/ERV1	1072	-	126	73203672	50740
chr11	5134257	5334257	harbor2	chr11	5139052	5139447	LTR/ERV1	2399	-	198	5139250	4993
chr11	5134257	5334257	harbor2	chr11	5160297	5160707	LTR/ERV1	2938	-	205	5160502	26245
chr11	5134257	5334257	harbor2	chr11	5161085	5161301	LTR/ERV1	1385	-	108	5161193	26936
chr11	5134257	5334257	harbor2	chr11	5161303	5161965	LTR/ERV1	4367	-	331	5161634	27377
chr11	5134257	5334257	harbor2	chr11	5161968	5162469	LTR/ERV1	3197	-	250	5162218	27961
chr11	5134257	5334257	harbor2	chr11	5162469	5162618	LTR/ERV1	939	-	74	5162543	28286
chr11	5134257	5334257	harbor2	chr11	5162613	5165703	LTR/ERV1	15993	-	1545	5164158	29901
chr11	5134257	5334257	harbor2	chr11	5165706	5166117	LTR/ERV1	2864	-	206	5165912	31655
chr11	5134257	5334257	harbor2	chr11	5160708	5161086	LTR/ERV1	2455	-	189	5160897	26640
chr11	5134257	5334257	harbor2	chr11	5193634	5194416	LTR/ERV1	5443	-	391	5194025	59768
chr11	74202004	74402004	harbor2	chr11	74204497	74205021	LTR/ERV1	2120	-	262	74204759	2755
chr11	74202004	74402004	harbor2	chr11	74260928	74261562	LTR/ERV1	3005	-	317	74261245	59241
chr11	5227113	5427113	harbor2	chr11	5288184	5288316	LTR/ERV1	908	-	66	5288250	61137
chr11	5227113	5427113	harbor2	chr11	5293260	5294954	LTR/ERV1	10379	-	847	5294107	66994
chr11	5227113	5427113	harbor2	chr11	5298107	5298192	LTR/ERV1	478	-	42	5298149	71036
chr11	43448895	43648895	harbor2	chr11	43505514	43505939	LTR/ERV1	3074	-	212	43505726	56831
chr11	108021538	108221538	harbor2	chr11	108113521	108113965	LTR/ERV1	1501	-	222	108113743	92205
chr11	5140120	5340120	harbor2	chr11	5160297	5160707	LTR/ERV1	2938	-	205	5160502	20382
chr11	5140120	5340120	harbor2	chr11	5161085	5161301	LTR/ERV1	1385	-	108	5161193	21073
chr11	5140120	5340120	harbor2	chr11	5161303	5161965	LTR/ERV1	4367	-	331	5161634	21514
chr11	5140120	5340120	harbor2	chr11	5161968	5162469	LTR/ERV1	3197	-	250	5162218	22098
chr11	5140120	5340120	harbor2	chr11	5162469	5162618	LTR/ERV1	939	-	74	5162543	22423
chr11	5140120	5340120	harbor2	chr11	5162613	5165703	LTR/ERV1	15993	-	1545	5164158	24038
chr11	5140120	5340120	harbor2	chr11	5165706	5166117	LTR/ERV1	2864	-	206	5165912	25792
chr11	5140120	5340120	harbor2	chr11	5160708	5161086	LTR/ERV1	2455	-	189	5160897	20777
chr11	5140120	5340120	harbor2	chr11	5193634	5194416	LTR/ERV1	5443	-	391	5194025	53905
chr11	5199336	5399336	harbor2	chr11	5288184	5288316	LTR/ERV1	908	-	66	5288250	88914
chr11	5199336	5399336	harbor2	chr11	5293260	5294954	LTR/ERV1	10379	-	847	5294107	94771
chr11	5199336	5399336	harbor2	chr11	5298107	5298192	LTR/ERV1	478	-	42	5298149	98813
chr11	45786822	45986822	harbor2	chr11	45833846	45834272	LTR/ERV1	3044	-	213	45834059	47237
chr11	45786822	45986822	harbor2	chr11	45841983	45842413	LTR/ERV1	3050	-	215	45842198	55376
chr11	32377105	32577105	harbor2	chr11	32475185	32475612	LTR/ERV1	2347	-	214	32475399	98294
chr11	32377105	32577105	harbor2	chr11	32476202	32476293	LTR/ERV1	2347	-	46	32476248	99143
chr11	5135401	5335401	harbor2	chr11	5139052	5139447	LTR/ERV1	2399	-	198	5139250	3849
chr11	5135401	5335401	harbor2	chr11	5160297	5160707	LTR/ERV1	2938	-	205	5160502	25101
chr11	5135401	5335401	harbor2	chr11	5161085	5161301	LTR/ERV1	1385	-	108	5161193	25792
chr11	5135401	5335401	harbor2	chr11	5161303	5161965	LTR/ERV1	4367	-	331	5161634	26233
chr11	5135401	5335401	harbor2	chr11	5161968	5162469	LTR/ERV1	3197	-	250	5162218	26817
chr11	5135401	5335401	harbor2	chr11	5162469	5162618	LTR/ERV1	939	-	74	5162543	27142
chr11	5135401	5335401	harbor2	chr11	5162613	5165703	LTR/ERV1	15993	-	1545	5164158	28757
chr11	5135401	5335401	harbor2	chr11	5165706	5166117	LTR/ERV1	2864	-	206	5165912	30511
chr11	5135401	5335401	harbor2	chr11	5160708	5161086	LTR/ERV1	2455	-	189	5160897	25496
chr11	5135401	5335401	harbor2	chr11	5193634	5194416	LTR/ERV1	5443	-	391	5194025	58624
chr11	10799794	10999794	harbor2	chr11	10866804	10867296	LTR/ERV1	1819	-	246	10867050	67256
chr11	10799794	10999794	harbor2	chr11	10889190	10889889	LTR/ERV1	5011	-	350	10889540	89746
chr11	10799794	10999794	harbor2	chr11	10892033	10892238	LTR/ERV1	1040	-	102	10892135	92341
chr11	47115696	47315696	harbor2	chr11	47196515	47196580	LTR/ERV1	2036	-	32	47196547	80851
chr11	47115696	47315696	harbor2	chr11	47197167	47197219	LTR/ERV1	2036	-	26	47197193	81497
chr11	47115696	47315696	harbor2	chr11	47197515	47197647	LTR/ERV1	2036	-	66	47197581	81885
chr11	47115696	47315696	harbor2	chr11	47197951	47198303	LTR/ERV1	2036	-	176	47198127	82431
chr11	47115696	47315696	harbor2	chr11	47208755	47208906	LTR/ERV1	677	-	76	47208831	93135
chr11	5130296	5330296	harbor2	chr11	5139052	5139447	LTR/ERV1	2399	-	198	5139250	8954
chr11	5130296	5330296	harbor2	chr11	5160297	5160707	LTR/ERV1	2938	-	205	5160502	30206
chr11	5130296	5330296	harbor2	chr11	5161085	5161301	LTR/ERV1	1385	-	108	5161193	30897
chr11	5130296	5330296	harbor2	chr11	5161303	5161965	LTR/ERV1	4367	-	331	5161634	31338
chr11	5130296	5330296	harbor2	chr11	5161968	5162469	LTR/ERV1	3197	-	250	5162218	31922
chr11	5130296	5330296	harbor2	chr11	5162469	5162618	LTR/ERV1	939	-	74	5162543	32247
chr11	5130296	5330296	harbor2	chr11	5162613	5165703	LTR/ERV1	15993	-	1545	5164158	33862
chr11	5130296	5330296	harbor2	chr11	5165706	5166117	LTR/ERV1	2864	-	206	5165912	35616
chr11	5130296	5330296	harbor2	chr11	5160708	5161086	LTR/ERV1	2455	-	189	5160897	30601
chr11	5130296	5330296	harbor2	chr11	5193634	5194416	LTR/ERV1	5443	-	391	5194025	63729
chr11	5127143	5327143	harbor2	chr11	5139052	5139447	LTR/ERV1	2399	-	198	5139250	12107
chr11	5127143	5327143	harbor2	chr11	5160297	5160707	LTR/ERV1	2938	-	205	5160502	33359
chr11	5127143	5327143	harbor2	chr11	5161085	5161301	LTR/ERV1	1385	-	108	5161193	34050
chr11	5127143	5327143	harbor2	chr11	5161303	5161965	LTR/ERV1	4367	-	331	5161634	34491
chr11	5127143	5327143	harbor2	chr11	5161968	5162469	LTR/ERV1	3197	-	250	5162218	35075
chr11	5127143	5327143	harbor2	chr11	5162469	5162618	LTR/ERV1	939	-	74	5162543	35400
chr11	5127143	5327143	harbor2	chr11	5162613	5165703	LTR/ERV1	15993	-	1545	5164158	37015
chr11	5127143	5327143	harbor2	chr11	5165706	5166117	LTR/ERV1	2864	-	206	5165912	38769
chr11	5127143	5327143	harbor2	chr11	5160708	5161086	LTR/ERV1	2455	-	189	5160897	33754
chr11	5127143	5327143	harbor2	chr11	5193634	5194416	LTR/ERV1	5443	-	391	5194025	66882
chr11	2288029	2488029	harbor2	chr11	2331244	2331664	LTR/ERV1	2269	-	210	2331454	43425
chr11	2288029	2488029	harbor2	chr11	2338769	2339200	LTR/ERV1	3378	-	216	2338985	50956
chr11	2288029	2488029	harbor2	chr11	2364323	2364464	LTR/ERV1	609	-	70	2364393	76364
chr11	2288029	2488029	harbor2	chr11	2364746	2364847	LTR/ERV1	609	-	50	2364796	76767
chr11	2288029	2488029	harbor2	chr11	2365251	2365288	LTR/ERV1	609	-	18	2365269	77240
chr11	5127183	5327183	harbor2	chr11	5139052	5139447	LTR/ERV1	2399	-	198	5139250	12067
chr11	5127183	5327183	harbor2	chr11	5160297	5160707	LTR/ERV1	2938	-	205	5160502	33319
chr11	5127183	5327183	harbor2	chr11	5161085	5161301	LTR/ERV1	1385	-	108	5161193	34010
chr11	5127183	5327183	harbor2	chr11	5161303	5161965	LTR/ERV1	4367	-	331	5161634	34451
chr11	5127183	5327183	harbor2	chr11	5161968	5162469	LTR/ERV1	3197	-	250	5162218	35035
chr11	5127183	5327183	harbor2	chr11	5162469	5162618	LTR/ERV1	939	-	74	5162543	35360
chr11	5127183	5327183	harbor2	chr11	5162613	5165703	LTR/ERV1	15993	-	1545	5164158	36975
chr11	5127183	5327183	harbor2	chr11	5165706	5166117	LTR/ERV1	2864	-	206	5165912	38729
chr11	5127183	5327183	harbor2	chr11	5160708	5161086	LTR/ERV1	2455	-	189	5160897	33714
chr11	5127183	5327183	harbor2	chr11	5193634	5194416	LTR/ERV1	5443	-	391	5194025	66842
chr11	5127212	5327212	harbor2	chr11	5139052	5139447	LTR/ERV1	2399	-	198	5139250	12038
chr11	5127212	5327212	harbor2	chr11	5160297	5160707	LTR/ERV1	2938	-	205	5160502	33290
chr11	5127212	5327212	harbor2	chr11	5161085	5161301	LTR/ERV1	1385	-	108	5161193	33981
chr11	5127212	5327212	harbor2	chr11	5161303	5161965	LTR/ERV1	4367	-	331	5161634	34422
chr11	5127212	5327212	harbor2	chr11	5161968	5162469	LTR/ERV1	3197	-	250	5162218	35006
chr11	5127212	5327212	harbor2	chr11	5162469	5162618	LTR/ERV1	939	-	74	5162543	35331
chr11	5127212	5327212	harbor2	chr11	5162613	5165703	LTR/ERV1	15993	-	1545	5164158	36946
chr11	5127212	5327212	harbor2	chr11	5165706	5166117	LTR/ERV1	2864	-	206	5165912	38700
chr11	5127212	5327212	harbor2	chr11	5160708	5161086	LTR/ERV1	2455	-	189	5160897	33685
chr11	5127212	5327212	harbor2	chr11	5193634	5194416	LTR/ERV1	5443	-	391	5194025	66813
chr11	5134525	5334525	harbor2	chr11	5139052	5139447	LTR/ERV1	2399	-	198	5139250	4725
chr11	5134525	5334525	harbor2	chr11	5160297	5160707	LTR/ERV1	2938	-	205	5160502	25977
chr11	5134525	5334525	harbor2	chr11	5161085	5161301	LTR/ERV1	1385	-	108	5161193	26668
chr11	5134525	5334525	harbor2	chr11	5161303	5161965	LTR/ERV1	4367	-	331	5161634	27109
chr11	5134525	5334525	harbor2	chr11	5161968	5162469	LTR/ERV1	3197	-	250	5162218	27693
chr11	5134525	5334525	harbor2	chr11	5162469	5162618	LTR/ERV1	939	-	74	5162543	28018
chr11	5134525	5334525	harbor2	chr11	5162613	5165703	LTR/ERV1	15993	-	1545	5164158	29633
chr11	5134525	5334525	harbor2	chr11	5165706	5166117	LTR/ERV1	2864	-	206	5165912	31387
chr11	5134525	5334525	harbor2	chr11	5160708	5161086	LTR/ERV1	2455	-	189	5160897	26372
chr11	5134525	5334525	harbor2	chr11	5193634	5194416	LTR/ERV1	5443	-	391	5194025	59500
chr11	65110704	65310704	harbor2	chr11	65123341	65123452	LTR/ERV1	2424	-	56	65123397	12693
chr11	65110704	65310704	harbor2	chr11	65123762	65123882	LTR/ERV1	2424	-	60	65123822	13118
chr11	65110704	65310704	harbor2	chr11	65124187	65124375	LTR/ERV1	2424	-	94	65124281	13577
chr11	65110704	65310704	harbor2	chr11	65146593	65147064	LTR/ERV1	3051	-	236	65146829	36125
chr11	65110704	65310704	harbor2	chr11	65185051	65185628	LTR/ERV1	3832	-	288	65185339	74635
chr11	5130571	5330571	harbor2	chr11	5139052	5139447	LTR/ERV1	2399	-	198	5139250	8679
chr11	5130571	5330571	harbor2	chr11	5160297	5160707	LTR/ERV1	2938	-	205	5160502	29931
chr11	5130571	5330571	harbor2	chr11	5161085	5161301	LTR/ERV1	1385	-	108	5161193	30622
chr11	5130571	5330571	harbor2	chr11	5161303	5161965	LTR/ERV1	4367	-	331	5161634	31063
chr11	5130571	5330571	harbor2	chr11	5161968	5162469	LTR/ERV1	3197	-	250	5162218	31647
chr11	5130571	5330571	harbor2	chr11	5162469	5162618	LTR/ERV1	939	-	74	5162543	31972
chr11	5130571	5330571	harbor2	chr11	5162613	5165703	LTR/ERV1	15993	-	1545	5164158	33587
chr11	5130571	5330571	harbor2	chr11	5165706	5166117	LTR/ERV1	2864	-	206	5165912	35341
chr11	5130571	5330571	harbor2	chr11	5160708	5161086	LTR/ERV1	2455	-	189	5160897	30326
chr11	5130571	5330571	harbor2	chr11	5193634	5194416	LTR/ERV1	5443	-	391	5194025	63454
chr11	5130397	5330397	harbor2	chr11	5139052	5139447	LTR/ERV1	2399	-	198	5139250	8853
chr11	5130397	5330397	harbor2	chr11	5160297	5160707	LTR/ERV1	2938	-	205	5160502	30105
chr11	5130397	5330397	harbor2	chr11	5161085	5161301	LTR/ERV1	1385	-	108	5161193	30796
chr11	5130397	5330397	harbor2	chr11	5161303	5161965	LTR/ERV1	4367	-	331	5161634	31237
chr11	5130397	5330397	harbor2	chr11	5161968	5162469	LTR/ERV1	3197	-	250	5162218	31821
chr11	5130397	5330397	harbor2	chr11	5162469	5162618	LTR/ERV1	939	-	74	5162543	32146
chr11	5130397	5330397	harbor2	chr11	5162613	5165703	LTR/ERV1	15993	-	1545	5164158	33761
chr11	5130397	5330397	harbor2	chr11	5165706	5166117	LTR/ERV1	2864	-	206	5165912	35515
chr11	5130397	5330397	harbor2	chr11	5160708	5161086	LTR/ERV1	2455	-	189	5160897	30500
chr11	5130397	5330397	harbor2	chr11	5193634	5194416	LTR/ERV1	5443	-	391	5194025	63628
chr11	22729649	22929649	harbor2	chr11	22805622	22806183	LTR/ERV1	3522	-	280	22805902	76253
chr11	22729649	22929649	harbor2	chr11	22807588	22808076	LTR/ERV1	3002	-	244	22807832	78183
chr11	22729649	22929649	harbor2	chr11	22809126	22809481	LTR/ERV1	1561	-	178	22809304	79655
chr11	22729649	22929649	harbor2	chr11	22810013	22810504	LTR/ERV1	3315	-	246	22810259	80610
chr11	702826	902826	harbor2	chr11	738111	738346	LTR/ERV1	1321	-	118	738229	35403
chr11	702826	902826	harbor2	chr11	738661	738764	LTR/ERV1	1321	-	52	738713	35887
chr11	702826	902826	harbor2	chr11	741578	741901	LTR/ERV1	3120	-	162	741740	38914
chr11	702826	902826	harbor2	chr11	742205	742432	LTR/ERV1	3120	-	114	742319	39493
chr11	702826	902826	harbor2	chr11	751263	751386	LTR/ERV1	691	-	62	751325	48499
chr11	702826	902826	harbor2	chr11	754967	755135	LTR/ERV1	965	-	84	755051	52225
chr11	702826	902826	harbor2	chr11	755443	755515	LTR/ERV1	965	-	36	755479	52653
chr11	5204580	5404580	harbor2	chr11	5288184	5288316	LTR/ERV1	908	-	66	5288250	83670
chr11	5204580	5404580	harbor2	chr11	5293260	5294954	LTR/ERV1	10379	-	847	5294107	89527
chr11	5204580	5404580	harbor2	chr11	5298107	5298192	LTR/ERV1	478	-	42	5298149	93569
chr11	38440721	38640721	harbor2	chr11	38461691	38462484	LTR/ERV1	4833	-	396	38462087	21366
chr11	38440721	38640721	harbor2	chr11	38495866	38496474	LTR/ERV1	2789	-	304	38496170	55449
chr11	38440721	38640721	harbor2	chr11	38502831	38503533	LTR/ERV1	4376	-	351	38503182	62461
chr11	108021971	108221971	harbor2	chr11	108113521	108113965	LTR/ERV1	1501	-	222	108113743	91772
chr11	63743240	63943240	harbor2	chr11	63809705	63809931	LTR/ERV1	583	-	113	63809818	66578
chr11	64541790	64741790	harbor2	chr11	64542035	64542483	LTR/ERV1	2975	-	224	64542259	469
chr11	64541790	64741790	harbor2	chr11	64556702	64556968	LTR/ERV1	1431	-	133	64556835	15045
chr11	5140756	5340756	harbor2	chr11	5160297	5160707	LTR/ERV1	2938	-	205	5160502	19746
chr11	5140756	5340756	harbor2	chr11	5161085	5161301	LTR/ERV1	1385	-	108	5161193	20437
chr11	5140756	5340756	harbor2	chr11	5161303	5161965	LTR/ERV1	4367	-	331	5161634	20878
chr11	5140756	5340756	harbor2	chr11	5161968	5162469	LTR/ERV1	3197	-	250	5162218	21462
chr11	5140756	5340756	harbor2	chr11	5162469	5162618	LTR/ERV1	939	-	74	5162543	21787
chr11	5140756	5340756	harbor2	chr11	5162613	5165703	LTR/ERV1	15993	-	1545	5164158	23402
chr11	5140756	5340756	harbor2	chr11	5165706	5166117	LTR/ERV1	2864	-	206	5165912	25156
chr11	5140756	5340756	harbor2	chr11	5160708	5161086	LTR/ERV1	2455	-	189	5160897	20141
chr11	5140756	5340756	harbor2	chr11	5193634	5194416	LTR/ERV1	5443	-	391	5194025	53269
chr11	5128321	5328321	harbor2	chr11	5139052	5139447	LTR/ERV1	2399	-	198	5139250	10929
chr11	5128321	5328321	harbor2	chr11	5160297	5160707	LTR/ERV1	2938	-	205	5160502	32181
chr11	5128321	5328321	harbor2	chr11	5161085	5161301	LTR/ERV1	1385	-	108	5161193	32872
chr11	5128321	5328321	harbor2	chr11	5161303	5161965	LTR/ERV1	4367	-	331	5161634	33313
chr11	5128321	5328321	harbor2	chr11	5161968	5162469	LTR/ERV1	3197	-	250	5162218	33897
chr11	5128321	5328321	harbor2	chr11	5162469	5162618	LTR/ERV1	939	-	74	5162543	34222
chr11	5128321	5328321	harbor2	chr11	5162613	5165703	LTR/ERV1	15993	-	1545	5164158	35837
chr11	5128321	5328321	harbor2	chr11	5165706	5166117	LTR/ERV1	2864	-	206	5165912	37591
chr11	5128321	5328321	harbor2	chr11	5160708	5161086	LTR/ERV1	2455	-	189	5160897	32576
chr11	5128321	5328321	harbor2	chr11	5193634	5194416	LTR/ERV1	5443	-	391	5194025	65704
chr11	5127556	5327556	harbor2	chr11	5139052	5139447	LTR/ERV1	2399	-	198	5139250	11694
chr11	5127556	5327556	harbor2	chr11	5160297	5160707	LTR/ERV1	2938	-	205	5160502	32946
chr11	5127556	5327556	harbor2	chr11	5161085	5161301	LTR/ERV1	1385	-	108	5161193	33637
chr11	5127556	5327556	harbor2	chr11	5161303	5161965	LTR/ERV1	4367	-	331	5161634	34078
chr11	5127556	5327556	harbor2	chr11	5161968	5162469	LTR/ERV1	3197	-	250	5162218	34662
chr11	5127556	5327556	harbor2	chr11	5162469	5162618	LTR/ERV1	939	-	74	5162543	34987
chr11	5127556	5327556	harbor2	chr11	5162613	5165703	LTR/ERV1	15993	-	1545	5164158	36602
chr11	5127556	5327556	harbor2	chr11	5165706	5166117	LTR/ERV1	2864	-	206	5165912	38356
chr11	5127556	5327556	harbor2	chr11	5160708	5161086	LTR/ERV1	2455	-	189	5160897	33341
chr11	5127556	5327556	harbor2	chr11	5193634	5194416	LTR/ERV1	5443	-	391	5194025	66469
chr11	65948857	66148857	harbor2	chr11	65954846	65955074	LTR/ERV1	496	-	114	65954960	6103
chr11	3245481	3445481	harbor2	chr11	3246007	3246311	LTR/ERV1	1612	-	152	3246159	678
chr11	3245481	3445481	harbor2	chr11	3246316	3246909	LTR/ERV1	2320	-	296	3246612	1131
chr11	3245481	3445481	harbor2	chr11	3249574	3249939	LTR/ERV1	2341	-	182	3249756	4275
chr11	3245481	3445481	harbor2	chr11	3250390	3250844	LTR/ERV1	2206	-	227	3250617	5136
chr11	3245481	3445481	harbor2	chr11	3295377	3295742	LTR/ERV1	2507	-	182	3295559	50078
chr11	3245481	3445481	harbor2	chr11	3296193	3296647	LTR/ERV1	2374	-	227	3296420	50939
chr11	936654	1136654	harbor2	chr11	943121	943579	LTR/ERV1	3868	-	229	943350	6696
chr11	9520097	9720097	harbor2	chr11	9597290	9597414	LTR/ERV1	3520	-	62	9597352	77255
chr11	9520097	9720097	harbor2	chr11	9597711	9597937	LTR/ERV1	3520	-	113	9597824	77727
chr11	9520097	9720097	harbor2	chr11	9598245	9598422	LTR/ERV1	3520	-	88	9598333	78236
chr11	9520097	9720097	harbor2	chr11	9598733	9598781	LTR/ERV1	3520	-	24	9598757	78660
chr11	5143135	5343135	harbor2	chr11	5160297	5160707	LTR/ERV1	2938	-	205	5160502	17367
chr11	5143135	5343135	harbor2	chr11	5161085	5161301	LTR/ERV1	1385	-	108	5161193	18058
chr11	5143135	5343135	harbor2	chr11	5161303	5161965	LTR/ERV1	4367	-	331	5161634	18499
chr11	5143135	5343135	harbor2	chr11	5161968	5162469	LTR/ERV1	3197	-	250	5162218	19083
chr11	5143135	5343135	harbor2	chr11	5162469	5162618	LTR/ERV1	939	-	74	5162543	19408
chr11	5143135	5343135	harbor2	chr11	5162613	5165703	LTR/ERV1	15993	-	1545	5164158	21023
chr11	5143135	5343135	harbor2	chr11	5165706	5166117	LTR/ERV1	2864	-	206	5165912	22777
chr11	5143135	5343135	harbor2	chr11	5160708	5161086	LTR/ERV1	2455	-	189	5160897	17762
chr11	5143135	5343135	harbor2	chr11	5193634	5194416	LTR/ERV1	5443	-	391	5194025	50890
chr11	5134529	5334529	harbor2	chr11	5139052	5139447	LTR/ERV1	2399	-	198	5139250	4721
chr11	5134529	5334529	harbor2	chr11	5160297	5160707	LTR/ERV1	2938	-	205	5160502	25973
chr11	5134529	5334529	harbor2	chr11	5161085	5161301	LTR/ERV1	1385	-	108	5161193	26664
chr11	5134529	5334529	harbor2	chr11	5161303	5161965	LTR/ERV1	4367	-	331	5161634	27105
chr11	5134529	5334529	harbor2	chr11	5161968	5162469	LTR/ERV1	3197	-	250	5162218	27689
chr11	5134529	5334529	harbor2	chr11	5162469	5162618	LTR/ERV1	939	-	74	5162543	28014
chr11	5134529	5334529	harbor2	chr11	5162613	5165703	LTR/ERV1	15993	-	1545	5164158	29629
chr11	5134529	5334529	harbor2	chr11	5165706	5166117	LTR/ERV1	2864	-	206	5165912	31383
chr11	5134529	5334529	harbor2	chr11	5160708	5161086	LTR/ERV1	2455	-	189	5160897	26368
chr11	5134529	5334529	harbor2	chr11	5193634	5194416	LTR/ERV1	5443	-	391	5194025	59496
chr11	5141844	5341844	harbor2	chr11	5160297	5160707	LTR/ERV1	2938	-	205	5160502	18658
chr11	5141844	5341844	harbor2	chr11	5161085	5161301	LTR/ERV1	1385	-	108	5161193	19349
chr11	5141844	5341844	harbor2	chr11	5161303	5161965	LTR/ERV1	4367	-	331	5161634	19790
chr11	5141844	5341844	harbor2	chr11	5161968	5162469	LTR/ERV1	3197	-	250	5162218	20374
chr11	5141844	5341844	harbor2	chr11	5162469	5162618	LTR/ERV1	939	-	74	5162543	20699
chr11	5141844	5341844	harbor2	chr11	5162613	5165703	LTR/ERV1	15993	-	1545	5164158	22314
chr11	5141844	5341844	harbor2	chr11	5165706	5166117	LTR/ERV1	2864	-	206	5165912	24068
chr11	5141844	5341844	harbor2	chr11	5160708	5161086	LTR/ERV1	2455	-	189	5160897	19053
chr11	5141844	5341844	harbor2	chr11	5193634	5194416	LTR/ERV1	5443	-	391	5194025	52181
chr11	464063	664063	harbor2	chr11	512802	512904	LTR/ERV1	402	-	51	512853	48790
chr11	5134380	5334380	harbor2	chr11	5139052	5139447	LTR/ERV1	2399	-	198	5139250	4870
chr11	5134380	5334380	harbor2	chr11	5160297	5160707	LTR/ERV1	2938	-	205	5160502	26122
chr11	5134380	5334380	harbor2	chr11	5161085	5161301	LTR/ERV1	1385	-	108	5161193	26813
chr11	5134380	5334380	harbor2	chr11	5161303	5161965	LTR/ERV1	4367	-	331	5161634	27254
chr11	5134380	5334380	harbor2	chr11	5161968	5162469	LTR/ERV1	3197	-	250	5162218	27838
chr11	5134380	5334380	harbor2	chr11	5162469	5162618	LTR/ERV1	939	-	74	5162543	28163
chr11	5134380	5334380	harbor2	chr11	5162613	5165703	LTR/ERV1	15993	-	1545	5164158	29778
chr11	5134380	5334380	harbor2	chr11	5165706	5166117	LTR/ERV1	2864	-	206	5165912	31532
chr11	5134380	5334380	harbor2	chr11	5160708	5161086	LTR/ERV1	2455	-	189	5160897	26517
chr11	5134380	5334380	harbor2	chr11	5193634	5194416	LTR/ERV1	5443	-	391	5194025	59645
chr11	5130263	5330263	harbor2	chr11	5139052	5139447	LTR/ERV1	2399	-	198	5139250	8987
chr11	5130263	5330263	harbor2	chr11	5160297	5160707	LTR/ERV1	2938	-	205	5160502	30239
chr11	5130263	5330263	harbor2	chr11	5161085	5161301	LTR/ERV1	1385	-	108	5161193	30930
chr11	5130263	5330263	harbor2	chr11	5161303	5161965	LTR/ERV1	4367	-	331	5161634	31371
chr11	5130263	5330263	harbor2	chr11	5161968	5162469	LTR/ERV1	3197	-	250	5162218	31955
chr11	5130263	5330263	harbor2	chr11	5162469	5162618	LTR/ERV1	939	-	74	5162543	32280
chr11	5130263	5330263	harbor2	chr11	5162613	5165703	LTR/ERV1	15993	-	1545	5164158	33895
chr11	5130263	5330263	harbor2	chr11	5165706	5166117	LTR/ERV1	2864	-	206	5165912	35649
chr11	5130263	5330263	harbor2	chr11	5160708	5161086	LTR/ERV1	2455	-	189	5160897	30634
chr11	5130263	5330263	harbor2	chr11	5193634	5194416	LTR/ERV1	5443	-	391	5194025	63762
chr11	76580984	76780984	harbor2	chr11	76607926	76609594	LTR/ERV1	11116	-	834	76608760	27776
chr11	76580958	76780958	harbor2	chr11	76607926	76609594	LTR/ERV1	11116	-	834	76608760	27802
chr11	108021777	108221777	harbor2	chr11	108113521	108113965	LTR/ERV1	1501	-	222	108113743	91966
chr11	5254996	5454996	harbor2	chr11	5288184	5288316	LTR/ERV1	908	-	66	5288250	33254
chr11	5254996	5454996	harbor2	chr11	5293260	5294954	LTR/ERV1	10379	-	847	5294107	39111
chr11	5254996	5454996	harbor2	chr11	5298107	5298192	LTR/ERV1	478	-	42	5298149	43153
chr11	46601793	46801793	harbor2	chr11	46625627	46625949	LTR/ERV1	1099	-	161	46625788	23995
chr11	46601793	46801793	harbor2	chr11	46637659	46637976	LTR/ERV1	1631	-	158	46637817	36024
chr11	46601793	46801793	harbor2	chr11	46639334	46639513	LTR/ERV1	644	-	90	46639424	37631
chr11	46601793	46801793	harbor2	chr11	46639514	46639853	LTR/ERV1	2605	-	170	46639684	37891
chr11	46601793	46801793	harbor2	chr11	46640141	46640312	LTR/ERV1	2605	-	86	46640227	38434
chr11	46601793	46801793	harbor2	chr11	46640313	46640343	LTR/ERV1	644	-	15	46640328	38535
chr11	46601793	46801793	harbor2	chr11	46642919	46643446	LTR/ERV1	1732	-	264	46643183	41390
chr11	5127207	5327207	harbor2	chr11	5139052	5139447	LTR/ERV1	2399	-	198	5139250	12043
chr11	5127207	5327207	harbor2	chr11	5160297	5160707	LTR/ERV1	2938	-	205	5160502	33295
chr11	5127207	5327207	harbor2	chr11	5161085	5161301	LTR/ERV1	1385	-	108	5161193	33986
chr11	5127207	5327207	harbor2	chr11	5161303	5161965	LTR/ERV1	4367	-	331	5161634	34427
chr11	5127207	5327207	harbor2	chr11	5161968	5162469	LTR/ERV1	3197	-	250	5162218	35011
chr11	5127207	5327207	harbor2	chr11	5162469	5162618	LTR/ERV1	939	-	74	5162543	35336
chr11	5127207	5327207	harbor2	chr11	5162613	5165703	LTR/ERV1	15993	-	1545	5164158	36951
chr11	5127207	5327207	harbor2	chr11	5165706	5166117	LTR/ERV1	2864	-	206	5165912	38705
chr11	5127207	5327207	harbor2	chr11	5160708	5161086	LTR/ERV1	2455	-	189	5160897	33690
chr11	5127207	5327207	harbor2	chr11	5193634	5194416	LTR/ERV1	5443	-	391	5194025	66818
chr11	5130262	5330262	harbor2	chr11	5139052	5139447	LTR/ERV1	2399	-	198	5139250	8988
chr11	5130262	5330262	harbor2	chr11	5160297	5160707	LTR/ERV1	2938	-	205	5160502	30240
chr11	5130262	5330262	harbor2	chr11	5161085	5161301	LTR/ERV1	1385	-	108	5161193	30931
chr11	5130262	5330262	harbor2	chr11	5161303	5161965	LTR/ERV1	4367	-	331	5161634	31372
chr11	5130262	5330262	harbor2	chr11	5161968	5162469	LTR/ERV1	3197	-	250	5162218	31956
chr11	5130262	5330262	harbor2	chr11	5162469	5162618	LTR/ERV1	939	-	74	5162543	32281
chr11	5130262	5330262	harbor2	chr11	5162613	5165703	LTR/ERV1	15993	-	1545	5164158	33896
chr11	5130262	5330262	harbor2	chr11	5165706	5166117	LTR/ERV1	2864	-	206	5165912	35650
chr11	5130262	5330262	harbor2	chr11	5160708	5161086	LTR/ERV1	2455	-	189	5160897	30635
chr11	5130262	5330262	harbor2	chr11	5193634	5194416	LTR/ERV1	5443	-	391	5194025	63763
chr11	66161658	66361658	harbor2	chr11	66183592	66184022	LTR/ERV1	2333	-	215	66183807	22149
chr11	5127995	5327995	harbor2	chr11	5139052	5139447	LTR/ERV1	2399	-	198	5139250	11255
chr11	5127995	5327995	harbor2	chr11	5160297	5160707	LTR/ERV1	2938	-	205	5160502	32507
chr11	5127995	5327995	harbor2	chr11	5161085	5161301	LTR/ERV1	1385	-	108	5161193	33198
chr11	5127995	5327995	harbor2	chr11	5161303	5161965	LTR/ERV1	4367	-	331	5161634	33639
chr11	5127995	5327995	harbor2	chr11	5161968	5162469	LTR/ERV1	3197	-	250	5162218	34223
chr11	5127995	5327995	harbor2	chr11	5162469	5162618	LTR/ERV1	939	-	74	5162543	34548
chr11	5127995	5327995	harbor2	chr11	5162613	5165703	LTR/ERV1	15993	-	1545	5164158	36163
chr11	5127995	5327995	harbor2	chr11	5165706	5166117	LTR/ERV1	2864	-	206	5165912	37917
chr11	5127995	5327995	harbor2	chr11	5160708	5161086	LTR/ERV1	2455	-	189	5160897	32902
chr11	5127995	5327995	harbor2	chr11	5193634	5194416	LTR/ERV1	5443	-	391	5194025	66030
chr11	72123532	72323532	harbor2	chr11	72124074	72125099	LTR/ERV1	5204	-	512	72124586	1054
chr11	72123532	72323532	harbor2	chr11	72125101	72126828	LTR/ERV1	11623	-	864	72125965	2433
chr11	72123532	72323532	harbor2	chr11	72127114	72128542	LTR/ERV1	11623	-	714	72127828	4296
chr11	72123532	72323532	harbor2	chr11	72128533	72128616	LTR/ERV1	459	-	42	72128575	5043
chr11	72123532	72323532	harbor2	chr11	72148055	72148253	LTR/ERV1	3452	-	99	72148154	24622
chr11	72123532	72323532	harbor2	chr11	72148561	72148875	LTR/ERV1	3452	-	157	72148718	25186
chr11	72123532	72323532	harbor2	chr11	72150418	72150560	LTR/ERV1	6158	-	71	72150489	26957
chr11	72123532	72323532	harbor2	chr11	72150869	72151248	LTR/ERV1	6158	-	190	72151059	27527
chr11	72123532	72323532	harbor2	chr11	72151554	72152227	LTR/ERV1	6158	-	336	72151890	28358
chr11	72123532	72323532	harbor2	chr11	72152224	72152427	LTR/ERV1	4752	-	102	72152326	28794
chr11	72123532	72323532	harbor2	chr11	72152732	72153466	LTR/ERV1	4752	-	367	72153099	29567
chr11	72123532	72323532	harbor2	chr11	72153452	72153926	LTR/ERV1	3743	-	237	72153689	30157
chr11	72123532	72323532	harbor2	chr11	72154686	72154811	LTR/ERV1	3743	-	62	72154748	31216
chr11	72123532	72323532	harbor2	chr11	72155392	72156022	LTR/ERV1	4514	-	315	72155707	32175
chr11	72123532	72323532	harbor2	chr11	72157067	72157423	LTR/ERV1	2126	-	178	72157245	33713
chr11	72123532	72323532	harbor2	chr11	72162843	72163172	LTR/ERV1	1841	-	164	72163007	39475
chr11	72123532	72323532	harbor2	chr11	72163173	72163994	LTR/ERV1	6632	-	410	72163583	40051
chr11	72123532	72323532	harbor2	chr11	72164295	72164373	LTR/ERV1	6632	-	39	72164334	40802
chr11	72123532	72323532	harbor2	chr11	72165342	72165435	LTR/ERV1	6632	-	46	72165388	41856
chr11	72123532	72323532	harbor2	chr11	72165913	72166785	LTR/ERV1	6532	-	436	72166349	42817
chr11	72123532	72323532	harbor2	chr11	72167087	72167448	LTR/ERV1	5817	-	180	72167267	43735
chr11	72123532	72323532	harbor2	chr11	72194115	72194346	LTR/ERV1	1021	-	116	72194231	70699
chr11	72123532	72323532	harbor2	chr11	72204704	72204949	LTR/ERV1	482	-	122	72204826	81294
chr11	72123532	72323532	harbor2	chr11	72154805	72155376	LTR/ERV1	3957	-	286	72155091	31559
chr11	468706	668706	harbor2	chr11	512802	512904	LTR/ERV1	402	-	51	512853	44147
chr11	5189904	5389904	harbor2	chr11	5288184	5288316	LTR/ERV1	908	-	66	5288250	98346
chr11	5189904	5389904	harbor2	chr11	5193634	5194416	LTR/ERV1	5443	-	391	5194025	4121
chr11	64539119	64739119	harbor2	chr11	64541605	64541723	LTR/ERV1	2975	-	59	64541664	2545
chr11	64539119	64739119	harbor2	chr11	64542035	64542483	LTR/ERV1	2975	-	224	64542259	3140
chr11	64539119	64739119	harbor2	chr11	64556702	64556968	LTR/ERV1	1431	-	133	64556835	17716
chr11	119644502	119844502	harbor2	chr11	119649893	119650304	LTR/ERV1	2889	-	206	119650099	5597
chr11	5142126	5342126	harbor2	chr11	5160297	5160707	LTR/ERV1	2938	-	205	5160502	18376
chr11	5142126	5342126	harbor2	chr11	5161085	5161301	LTR/ERV1	1385	-	108	5161193	19067
chr11	5142126	5342126	harbor2	chr11	5161303	5161965	LTR/ERV1	4367	-	331	5161634	19508
chr11	5142126	5342126	harbor2	chr11	5161968	5162469	LTR/ERV1	3197	-	250	5162218	20092
chr11	5142126	5342126	harbor2	chr11	5162469	5162618	LTR/ERV1	939	-	74	5162543	20417
chr11	5142126	5342126	harbor2	chr11	5162613	5165703	LTR/ERV1	15993	-	1545	5164158	22032
chr11	5142126	5342126	harbor2	chr11	5165706	5166117	LTR/ERV1	2864	-	206	5165912	23786
chr11	5142126	5342126	harbor2	chr11	5160708	5161086	LTR/ERV1	2455	-	189	5160897	18771
chr11	5142126	5342126	harbor2	chr11	5193634	5194416	LTR/ERV1	5443	-	391	5194025	51899
chr11	5270453	5470453	harbor2	chr11	5288184	5288316	LTR/ERV1	908	-	66	5288250	17797
chr11	5270453	5470453	harbor2	chr11	5293260	5294954	LTR/ERV1	10379	-	847	5294107	23654
chr11	5270453	5470453	harbor2	chr11	5298107	5298192	LTR/ERV1	478	-	42	5298149	27696
chr11	5270453	5470453	harbor2	chr11	5367228	5367773	LTR/ERV1	3746	-	272	5367500	97047
chr11	5127199	5327199	harbor2	chr11	5139052	5139447	LTR/ERV1	2399	-	198	5139250	12051
chr11	5127199	5327199	harbor2	chr11	5160297	5160707	LTR/ERV1	2938	-	205	5160502	33303
chr11	5127199	5327199	harbor2	chr11	5161085	5161301	LTR/ERV1	1385	-	108	5161193	33994
chr11	5127199	5327199	harbor2	chr11	5161303	5161965	LTR/ERV1	4367	-	331	5161634	34435
chr11	5127199	5327199	harbor2	chr11	5161968	5162469	LTR/ERV1	3197	-	250	5162218	35019
chr11	5127199	5327199	harbor2	chr11	5162469	5162618	LTR/ERV1	939	-	74	5162543	35344
chr11	5127199	5327199	harbor2	chr11	5162613	5165703	LTR/ERV1	15993	-	1545	5164158	36959
chr11	5127199	5327199	harbor2	chr11	5165706	5166117	LTR/ERV1	2864	-	206	5165912	38713
chr11	5127199	5327199	harbor2	chr11	5160708	5161086	LTR/ERV1	2455	-	189	5160897	33698
chr11	5127199	5327199	harbor2	chr11	5193634	5194416	LTR/ERV1	5443	-	391	5194025	66826
chr11	6206956	6406956	harbor2	chr11	6289898	6289994	LTR/ERV1	666	-	48	6289946	82990
chr11	6206956	6406956	harbor2	chr11	6290997	6291202	LTR/ERV1	677	-	102	6291099	84143
chr11	6206956	6406956	harbor2	chr11	6293803	6294044	LTR/ERV1	538	-	120	6293923	86967
chr11	117887566	118087566	harbor2	chr11	117977667	117979054	LTR/ERV1	9632	-	694	117978361	90795
chr11	117887566	118087566	harbor2	chr11	117984781	117985418	LTR/ERV1	2919	-	318	117985099	97533
chr11	67892044	68092044	harbor2	chr11	67898262	67898396	LTR/ERV1	1035	-	67	67898329	6285
chr11	67892044	68092044	harbor2	chr11	67978497	67982552	LTR/ERV1	28035	-	2028	67980525	88481
chr11	5216243	5416243	harbor2	chr11	5288184	5288316	LTR/ERV1	908	-	66	5288250	72007
chr11	5216243	5416243	harbor2	chr11	5293260	5294954	LTR/ERV1	10379	-	847	5294107	77864
chr11	5216243	5416243	harbor2	chr11	5298107	5298192	LTR/ERV1	478	-	42	5298149	81906
chr11	76580941	76780941	harbor2	chr11	76607926	76609594	LTR/ERV1	11116	-	834	76608760	27819
chr11	76587997	76787997	harbor2	chr11	76607926	76609594	LTR/ERV1	11116	-	834	76608760	20763
chr11	120127774	120327774	harbor2	chr11	120187770	120188387	LTR/ERV1	3277	-	308	120188078	60304
chr11	6519524	6719524	harbor2	chr11	6596880	6597244	LTR/ERV1	713	-	182	6597062	77538
chr11	5130579	5330579	harbor2	chr11	5139052	5139447	LTR/ERV1	2399	-	198	5139250	8671
chr11	5130579	5330579	harbor2	chr11	5160297	5160707	LTR/ERV1	2938	-	205	5160502	29923
chr11	5130579	5330579	harbor2	chr11	5161085	5161301	LTR/ERV1	1385	-	108	5161193	30614
chr11	5130579	5330579	harbor2	chr11	5161303	5161965	LTR/ERV1	4367	-	331	5161634	31055
chr11	5130579	5330579	harbor2	chr11	5161968	5162469	LTR/ERV1	3197	-	250	5162218	31639
chr11	5130579	5330579	harbor2	chr11	5162469	5162618	LTR/ERV1	939	-	74	5162543	31964
chr11	5130579	5330579	harbor2	chr11	5162613	5165703	LTR/ERV1	15993	-	1545	5164158	33579
chr11	5130579	5330579	harbor2	chr11	5165706	5166117	LTR/ERV1	2864	-	206	5165912	35333
chr11	5130579	5330579	harbor2	chr11	5160708	5161086	LTR/ERV1	2455	-	189	5160897	30318
chr11	5130579	5330579	harbor2	chr11	5193634	5194416	LTR/ERV1	5443	-	391	5194025	63446
chr11	33600881	33800881	harbor2	chr11	33642319	33642848	LTR/ERV1	3470	-	264	33642583	41702
chr11	33600881	33800881	harbor2	chr11	33665098	33666353	LTR/ERV1	6553	-	628	33665726	64845
chr11	33600881	33800881	harbor2	chr11	33690158	33690624	LTR/ERV1	2500	-	233	33690391	89510
chr11	5180299	5380299	harbor2	chr11	5193634	5194416	LTR/ERV1	5443	-	391	5194025	13726
chr11	63953820	64153820	harbor2	chr11	63966741	63966861	LTR/ERV1	720	-	60	63966801	12981
chr11	63953820	64153820	harbor2	chr11	63967767	63967862	LTR/ERV1	631	-	48	63967815	13995
chr11	126376674	126576674	harbor2	chr11	126376289	126376692	LTR/ERV1	1207	-	202	126376491	183
chr11	126376674	126576674	harbor2	chr11	126376911	126377079	LTR/ERV1	422	-	84	126376995	321
chr11	126376674	126576674	harbor2	chr11	126379377	126379464	LTR/ERV1	492	-	44	126379421	2747
chr11	126376674	126576674	harbor2	chr11	126379778	126379979	LTR/ERV1	1082	-	100	126379878	3204
chr11	126376674	126576674	harbor2	chr11	126380278	126380715	LTR/ERV1	1082	-	218	126380496	3822
chr11	67408273	67608273	harbor2	chr11	67472391	67472501	LTR/ERV1	2793	-	55	67472446	64173
chr11	67408273	67608273	harbor2	chr11	67472808	67473151	LTR/ERV1	2793	-	172	67472980	64707
chr11	67408273	67608273	harbor2	chr11	67473444	67473522	LTR/ERV1	2793	-	39	67473483	65210
chr11	67408273	67608273	harbor2	chr11	67473523	67473665	LTR/ERV1	972	-	71	67473594	65321
chr11	67408273	67608273	harbor2	chr11	67474211	67474919	LTR/ERV1	4525	-	354	67474565	66292
chr11	67408273	67608273	harbor2	chr11	67485155	67485495	LTR/ERV1	2013	-	170	67485325	77052
chr11	67408273	67608273	harbor2	chr11	67485981	67486421	LTR/ERV1	2069	-	220	67486201	77928
chr11	74188388	74388388	harbor2	chr11	74196537	74197051	LTR/ERV1	3914	-	257	74196794	8406
chr11	74188388	74388388	harbor2	chr11	74204497	74205021	LTR/ERV1	2120	-	262	74204759	16371
chr11	74188388	74388388	harbor2	chr11	74260928	74261562	LTR/ERV1	3005	-	317	74261245	72857
chr11	5128063	5328063	harbor2	chr11	5139052	5139447	LTR/ERV1	2399	-	198	5139250	11187
chr11	5128063	5328063	harbor2	chr11	5160297	5160707	LTR/ERV1	2938	-	205	5160502	32439
chr11	5128063	5328063	harbor2	chr11	5161085	5161301	LTR/ERV1	1385	-	108	5161193	33130
chr11	5128063	5328063	harbor2	chr11	5161303	5161965	LTR/ERV1	4367	-	331	5161634	33571
chr11	5128063	5328063	harbor2	chr11	5161968	5162469	LTR/ERV1	3197	-	250	5162218	34155
chr11	5128063	5328063	harbor2	chr11	5162469	5162618	LTR/ERV1	939	-	74	5162543	34480
chr11	5128063	5328063	harbor2	chr11	5162613	5165703	LTR/ERV1	15993	-	1545	5164158	36095
chr11	5128063	5328063	harbor2	chr11	5165706	5166117	LTR/ERV1	2864	-	206	5165912	37849
chr11	5128063	5328063	harbor2	chr11	5160708	5161086	LTR/ERV1	2455	-	189	5160897	32834
chr11	5128063	5328063	harbor2	chr11	5193634	5194416	LTR/ERV1	5443	-	391	5194025	65962
chr11	5133681	5333681	harbor2	chr11	5139052	5139447	LTR/ERV1	2399	-	198	5139250	5569
chr11	5133681	5333681	harbor2	chr11	5160297	5160707	LTR/ERV1	2938	-	205	5160502	26821
chr11	5133681	5333681	harbor2	chr11	5161085	5161301	LTR/ERV1	1385	-	108	5161193	27512
chr11	5133681	5333681	harbor2	chr11	5161303	5161965	LTR/ERV1	4367	-	331	5161634	27953
chr11	5133681	5333681	harbor2	chr11	5161968	5162469	LTR/ERV1	3197	-	250	5162218	28537
chr11	5133681	5333681	harbor2	chr11	5162469	5162618	LTR/ERV1	939	-	74	5162543	28862
chr11	5133681	5333681	harbor2	chr11	5162613	5165703	LTR/ERV1	15993	-	1545	5164158	30477
chr11	5133681	5333681	harbor2	chr11	5165706	5166117	LTR/ERV1	2864	-	206	5165912	32231
chr11	5133681	5333681	harbor2	chr11	5160708	5161086	LTR/ERV1	2455	-	189	5160897	27216
chr11	5133681	5333681	harbor2	chr11	5193634	5194416	LTR/ERV1	5443	-	391	5194025	60344
chr11	5127169	5327169	harbor2	chr11	5139052	5139447	LTR/ERV1	2399	-	198	5139250	12081
chr11	5127169	5327169	harbor2	chr11	5160297	5160707	LTR/ERV1	2938	-	205	5160502	33333
chr11	5127169	5327169	harbor2	chr11	5161085	5161301	LTR/ERV1	1385	-	108	5161193	34024
chr11	5127169	5327169	harbor2	chr11	5161303	5161965	LTR/ERV1	4367	-	331	5161634	34465
chr11	5127169	5327169	harbor2	chr11	5161968	5162469	LTR/ERV1	3197	-	250	5162218	35049
chr11	5127169	5327169	harbor2	chr11	5162469	5162618	LTR/ERV1	939	-	74	5162543	35374
chr11	5127169	5327169	harbor2	chr11	5162613	5165703	LTR/ERV1	15993	-	1545	5164158	36989
chr11	5127169	5327169	harbor2	chr11	5165706	5166117	LTR/ERV1	2864	-	206	5165912	38743
chr11	5127169	5327169	harbor2	chr11	5160708	5161086	LTR/ERV1	2455	-	189	5160897	33728
chr11	5127169	5327169	harbor2	chr11	5193634	5194416	LTR/ERV1	5443	-	391	5194025	66856
chr11	492608	692608	harbor2	chr11	512802	512904	LTR/ERV1	402	-	51	512853	20245
chr11	6519523	6719523	harbor2	chr11	6596880	6597244	LTR/ERV1	713	-	182	6597062	77539
chr11	134094872	134294872	harbor2	chr11	134109530	134109983	LTR/ERV1	3108	-	226	134109756	14884
chr11	76580976	76780976	harbor2	chr11	76607926	76609594	LTR/ERV1	11116	-	834	76608760	27784
chr11	118813698	119013698	harbor2	chr11	118852663	118852934	LTR/ERV1	4439	-	136	118852799	39101
chr11	118813698	119013698	harbor2	chr11	118853287	118853485	LTR/ERV1	4439	-	99	118853386	39688
chr11	118813698	119013698	harbor2	chr11	118853786	118853960	LTR/ERV1	4439	-	87	118853873	40175
chr11	118813698	119013698	harbor2	chr11	118855984	118856093	LTR/ERV1	710	-	54	118856038	42340
chr11	64996252	65196252	harbor2	chr11	65092173	65092245	LTR/ERV1	1151	-	36	65092209	95957
chr11	64996252	65196252	harbor2	chr11	65092563	65092653	LTR/ERV1	1151	-	45	65092608	96356
chr11	64996252	65196252	harbor2	chr11	65092960	65093240	LTR/ERV1	1151	-	140	65093100	96848
chr11	64996252	65196252	harbor2	chr11	65093554	65093569	LTR/ERV1	1151	-	8	65093562	97310
chr11	66182603	66382603	harbor2	chr11	66183592	66184022	LTR/ERV1	2333	-	215	66183807	1204
chr11	5191433	5391433	harbor2	chr11	5288184	5288316	LTR/ERV1	908	-	66	5288250	96817
chr11	5191433	5391433	harbor2	chr11	5193634	5194416	LTR/ERV1	5443	-	391	5194025	2592
chr11	5134480	5334480	harbor2	chr11	5139052	5139447	LTR/ERV1	2399	-	198	5139250	4770
chr11	5134480	5334480	harbor2	chr11	5160297	5160707	LTR/ERV1	2938	-	205	5160502	26022
chr11	5134480	5334480	harbor2	chr11	5161085	5161301	LTR/ERV1	1385	-	108	5161193	26713
chr11	5134480	5334480	harbor2	chr11	5161303	5161965	LTR/ERV1	4367	-	331	5161634	27154
chr11	5134480	5334480	harbor2	chr11	5161968	5162469	LTR/ERV1	3197	-	250	5162218	27738
chr11	5134480	5334480	harbor2	chr11	5162469	5162618	LTR/ERV1	939	-	74	5162543	28063
chr11	5134480	5334480	harbor2	chr11	5162613	5165703	LTR/ERV1	15993	-	1545	5164158	29678
chr11	5134480	5334480	harbor2	chr11	5165706	5166117	LTR/ERV1	2864	-	206	5165912	31432
chr11	5134480	5334480	harbor2	chr11	5160708	5161086	LTR/ERV1	2455	-	189	5160897	26417
chr11	5134480	5334480	harbor2	chr11	5193634	5194416	LTR/ERV1	5443	-	391	5194025	59545
chr11	119646005	119846005	harbor2	chr11	119649893	119650304	LTR/ERV1	2889	-	206	119650099	4094
chr11	66182673	66382673	harbor2	chr11	66183592	66184022	LTR/ERV1	2333	-	215	66183807	1134
chr11	6201662	6401662	harbor2	chr11	6289898	6289994	LTR/ERV1	666	-	48	6289946	88284
chr11	6201662	6401662	harbor2	chr11	6290997	6291202	LTR/ERV1	677	-	102	6291099	89437
chr11	6201662	6401662	harbor2	chr11	6293803	6294044	LTR/ERV1	538	-	120	6293923	92261
chr11	76599762	76799762	harbor2	chr11	76607926	76609594	LTR/ERV1	11116	-	834	76608760	8998
chr11	76580924	76780924	harbor2	chr11	76607926	76609594	LTR/ERV1	11116	-	834	76608760	27836
chr11	57579843	57779843	harbor2	chr11	57626119	57626306	LTR/ERV1	1042	-	94	57626213	46370
chr11	57579843	57779843	harbor2	chr11	57636369	57636793	LTR/ERV1	2536	-	212	57636581	56738
chr12	132055531	132255531	harbor2	chr12	132136499	132136699	LTR/ERV1	3930	-	100	132136599	81068
chr12	132055531	132255531	harbor2	chr12	132136964	132137489	LTR/ERV1	3930	-	262	132137226	81695
chr12	121712007	121912007	harbor2	chr12	121759239	121759395	LTR/ERV1	4140	-	78	121759317	47310
chr12	121712007	121912007	harbor2	chr12	121759690	121759715	LTR/ERV1	4140	-	12	121759702	47695
chr12	121712007	121912007	harbor2	chr12	121760317	121760836	LTR/ERV1	4140	-	260	121760577	48570
chr12	62967049	63167049	harbor2	chr12	63025955	63026587	LTR/ERV1	3210	-	316	63026271	59222
chr12	49415274	49615274	harbor2	chr12	49420255	49420310	LTR/ERV1	1330	-	28	49420283	5009
chr12	49415274	49615274	harbor2	chr12	49420613	49420736	LTR/ERV1	1330	-	62	49420675	5401
chr12	49415274	49615274	harbor2	chr12	49421022	49421137	LTR/ERV1	1330	-	58	49421080	5806
chr12	49415274	49615274	harbor2	chr12	49421444	49421577	LTR/ERV1	1330	-	66	49421510	6236
chr12	49415274	49615274	harbor2	chr12	49462200	49463047	LTR/ERV1	4990	-	424	49462624	47350
chr12	49415274	49615274	harbor2	chr12	49478763	49479726	LTR/ERV1	3381	-	482	49479245	63971
chr12	109780548	109980548	harbor2	chr12	109846000	109846165	LTR/ERV1	1411	-	82	109846082	65534
chr12	109780548	109980548	harbor2	chr12	109846453	109846764	LTR/ERV1	1411	-	156	109846609	66061
chr12	6863231	7063231	harbor2	chr12	6900435	6900528	LTR/ERV1	1999	-	46	6900481	37250
chr12	6863231	7063231	harbor2	chr12	6900773	6901142	LTR/ERV1	1999	-	184	6900957	37726
chr12	118276406	118476406	harbor2	chr12	118285691	118286161	LTR/ERV1	3463	-	235	118285926	9520
chr12	6864781	7064781	harbor2	chr12	6900435	6900528	LTR/ERV1	1999	-	46	6900481	35700
chr12	6864781	7064781	harbor2	chr12	6900773	6901142	LTR/ERV1	1999	-	184	6900957	36176
chr12	131808853	132008853	harbor2	chr12	131873229	131873966	LTR/ERV1	5137	-	368	131873597	64744
chr12	131808853	132008853	harbor2	chr12	131873967	131874264	LTR/ERV1	2229	-	148	131874115	65262
chr12	131808853	132008853	harbor2	chr12	131875335	131875890	LTR/ERV1	23141	-	278	131875613	66760
chr12	131808853	132008853	harbor2	chr12	131876190	131878170	LTR/ERV1	23141	-	990	131877180	68327
chr12	131808853	132008853	harbor2	chr12	131878156	131880191	LTR/ERV1	12325	-	1018	131879174	70321
chr12	131808853	132008853	harbor2	chr12	131880192	131880952	LTR/ERV1	5708	-	380	131880572	71719
chr12	131808853	132008853	harbor2	chr12	131885184	131885694	LTR/ERV1	3530	-	255	131885439	76586
chr12	131808853	132008853	harbor2	chr12	131885909	131886465	LTR/ERV1	3509	-	278	131886187	77334
chr12	131808853	132008853	harbor2	chr12	131887546	131887669	LTR/ERV1	839	-	62	131887608	78755
chr12	131808853	132008853	harbor2	chr12	131889498	131889856	LTR/ERV1	1094	-	179	131889677	80824
chr12	131808853	132008853	harbor2	chr12	131874277	131875193	LTR/ERV1	23141	-	458	131874735	65882
chr12	6863232	7063232	harbor2	chr12	6900435	6900528	LTR/ERV1	1999	-	46	6900481	37249
chr12	6863232	7063232	harbor2	chr12	6900773	6901142	LTR/ERV1	1999	-	184	6900957	37725
chr12	2592290	2792290	harbor2	chr12	2603727	2604364	LTR/ERV1	3544	-	318	2604045	11755
chr12	2591481	2791481	harbor2	chr12	2603727	2604364	LTR/ERV1	3544	-	318	2604045	12564
chr12	6862957	7062957	harbor2	chr12	6900435	6900528	LTR/ERV1	1999	-	46	6900481	37524
chr12	6862957	7062957	harbor2	chr12	6900773	6901142	LTR/ERV1	1999	-	184	6900957	38000
chr12	131686732	131886732	harbor2	chr12	131696680	131696856	LTR/ERV1	2393	-	88	131696768	10036
chr12	131686732	131886732	harbor2	chr12	131697149	131697406	LTR/ERV1	2393	-	128	131697277	10545
chr12	131686732	131886732	harbor2	chr12	131709357	131709526	LTR/ERV1	965	-	84	131709441	22709
chr12	131686732	131886732	harbor2	chr12	131772462	131773199	LTR/ERV1	2804	-	368	131772830	86098
chr12	131246816	131446816	harbor2	chr12	131269788	131270105	LTR/ERV1	1096	-	158	131269946	23130
chr12	131246816	131446816	harbor2	chr12	131276123	131276579	LTR/ERV1	3222	-	228	131276351	29535
chr12	131246816	131446816	harbor2	chr12	131301481	131301574	LTR/ERV1	703	-	46	131301527	54711
chr12	131246816	131446816	harbor2	chr12	131301885	131301986	LTR/ERV1	703	-	50	131301935	55119
chr12	131246816	131446816	harbor2	chr12	131318688	131319133	LTR/ERV1	3309	-	222	131318910	72094
chr12	131246816	131446816	harbor2	chr12	131319142	131321789	LTR/ERV1	15057	-	1324	131320466	73650
chr12	131246816	131446816	harbor2	chr12	131321794	131322673	LTR/ERV1	3760	-	440	131322234	75418
chr12	131246816	131446816	harbor2	chr12	131322939	131323619	LTR/ERV1	3760	-	340	131323279	76463
chr12	131246816	131446816	harbor2	chr12	131323602	131324553	LTR/ERV1	5476	-	476	131324078	77262
chr12	131246816	131446816	harbor2	chr12	131324573	131324910	LTR/ERV1	1305	-	168	131324741	77925
chr12	131246816	131446816	harbor2	chr12	131325057	131325484	LTR/ERV1	1773	-	214	131325271	78455
chr12	131246816	131446816	harbor2	chr12	131341947	131342532	LTR/ERV1	4618	-	292	131342239	95423
chr12	131246816	131446816	harbor2	chr12	131342533	131344796	LTR/ERV1	17656	-	1132	131343665	96849
chr12	49460462	49660462	harbor2	chr12	49462200	49463047	LTR/ERV1	4990	-	424	49462624	2162
chr12	49460462	49660462	harbor2	chr12	49478763	49479726	LTR/ERV1	3381	-	482	49479245	18783
chr12	6863195	7063195	harbor2	chr12	6900435	6900528	LTR/ERV1	1999	-	46	6900481	37286
chr12	6863195	7063195	harbor2	chr12	6900773	6901142	LTR/ERV1	1999	-	184	6900957	37762
chr12	49466948	49666948	harbor2	chr12	49478763	49479726	LTR/ERV1	3381	-	482	49479245	12297
chr12	69139511	69339511	harbor2	chr12	69167530	69168108	LTR/ERV1	3341	-	289	69167819	28308
chr12	69139511	69339511	harbor2	chr12	69169099	69169187	LTR/ERV1	607	-	44	69169143	29632
chr12	69139511	69339511	harbor2	chr12	69169867	69170014	LTR/ERV1	1305	-	74	69169941	30430
chr12	69139511	69339511	harbor2	chr12	69170325	69170706	LTR/ERV1	1663	-	190	69170515	31004
chr12	69139511	69339511	harbor2	chr12	69170710	69170956	LTR/ERV1	2496	-	123	69170833	31322
chr12	69139511	69339511	harbor2	chr12	69171286	69171516	LTR/ERV1	2496	-	115	69171401	31890
chr12	69139511	69339511	harbor2	chr12	69176625	69177124	LTR/ERV1	3005	-	250	69176875	37364
chr12	69139511	69339511	harbor2	chr12	69177424	69177534	LTR/ERV1	3005	-	55	69177479	37968
chr12	69139511	69339511	harbor2	chr12	69178051	69178199	LTR/ERV1	3005	-	74	69178125	38614
chr12	69139511	69339511	harbor2	chr12	69182090	69182890	LTR/ERV1	5517	-	400	69182490	42979
chr12	69139511	69339511	harbor2	chr12	69183786	69184262	LTR/ERV1	1792	-	238	69184024	44513
chr12	69139511	69339511	harbor2	chr12	69185444	69185978	LTR/ERV1	2432	-	267	69185711	46200
chr12	69139511	69339511	harbor2	chr12	69186693	69186807	LTR/ERV1	934	-	57	69186750	47239
chr12	69139511	69339511	harbor2	chr12	69188535	69188777	LTR/ERV1	1458	-	121	69188656	49145
chr12	69139511	69339511	harbor2	chr12	69194903	69195062	LTR/ERV1	1007	-	80	69194983	55472
chr12	69139511	69339511	harbor2	chr12	69195434	69196196	LTR/ERV1	5983	-	381	69195815	56304
chr12	116779945	116979945	harbor2	chr12	116797581	116798069	LTR/ERV1	2429	-	244	116797825	17880
chr12	119889846	120089846	harbor2	chr12	119957276	119957989	LTR/ERV1	4069	-	356	119957632	67786
chr12	119889846	120089846	harbor2	chr12	119986732	119987361	LTR/ERV1	4621	-	314	119987046	97200
chr12	21402003	21602003	harbor2	chr12	21472271	21472755	LTR/ERV1	2417	-	242	21472513	70510
chr12	110181171	110381171	harbor2	chr12	110271335	110271864	LTR/ERV1	4232	-	264	110271599	90428
chr12	30881310	31081310	harbor2	chr12	30954933	30955374	LTR/ERV1	1577	-	220	30955153	73843
chr12	49382161	49582161	harbor2	chr12	49420255	49420310	LTR/ERV1	1330	-	28	49420283	38122
chr12	49382161	49582161	harbor2	chr12	49420613	49420736	LTR/ERV1	1330	-	62	49420675	38514
chr12	49382161	49582161	harbor2	chr12	49421022	49421137	LTR/ERV1	1330	-	58	49421080	38919
chr12	49382161	49582161	harbor2	chr12	49421444	49421577	LTR/ERV1	1330	-	66	49421510	39349
chr12	49382161	49582161	harbor2	chr12	49462200	49463047	LTR/ERV1	4990	-	424	49462624	80463
chr12	49382161	49582161	harbor2	chr12	49478763	49479726	LTR/ERV1	3381	-	482	49479245	97084
chr12	56884786	57084786	harbor2	chr12	56898862	56899309	LTR/ERV1	2192	-	224	56899086	14300
chr12	56884786	57084786	harbor2	chr12	56914907	56915496	LTR/ERV1	3319	-	294	56915201	30415
chr12	56884786	57084786	harbor2	chr12	56967072	56968594	LTR/ERV1	12581	-	761	56967833	83047
chr12	130739286	130939286	harbor2	chr12	130749311	130749556	LTR/ERV1	3115	-	122	130749433	10147
chr12	130739286	130939286	harbor2	chr12	130750022	130750225	LTR/ERV1	3115	-	102	130750124	10838
chr12	130739286	130939286	harbor2	chr12	130750510	130750655	LTR/ERV1	3115	-	72	130750582	11296
chr12	130739286	130939286	harbor2	chr12	130750761	130751163	LTR/ERV1	2558	-	201	130750962	11676
chr12	6363187	6563187	harbor2	chr12	6368131	6368540	LTR/ERV1	2317	-	204	6368335	5148
chr12	6870704	7070704	harbor2	chr12	6900435	6900528	LTR/ERV1	1999	-	46	6900481	29777
chr12	6870704	7070704	harbor2	chr12	6900773	6901142	LTR/ERV1	1999	-	184	6900957	30253
chr12	92366739	92566739	harbor2	chr12	92405675	92407083	LTR/ERV1	10998	-	704	92406379	39640
chr12	107508160	107708160	harbor2	chr12	107520973	107521263	LTR/ERV1	2286	-	145	107521118	12958
chr12	107508160	107708160	harbor2	chr12	107521305	107521476	LTR/ERV1	2286	-	86	107521391	13231
chr12	32006641	32206641	harbor2	chr12	32013489	32013808	LTR/ERV1	784	-	160	32013649	7008
chr12	32006641	32206641	harbor2	chr12	32016067	32016195	LTR/ERV1	609	-	64	32016131	9490
chr12	32006641	32206641	harbor2	chr12	32016568	32016738	LTR/ERV1	1341	-	85	32016653	10012
chr12	32006641	32206641	harbor2	chr12	32017034	32017337	LTR/ERV1	1341	-	152	32017186	10545
chr12	32006641	32206641	harbor2	chr12	32020260	32020583	LTR/ERV1	2657	-	162	32020422	13781
chr12	32006641	32206641	harbor2	chr12	32020584	32020698	LTR/ERV1	4308	-	57	32020641	14000
chr12	32006641	32206641	harbor2	chr12	32021013	32021530	LTR/ERV1	4308	-	258	32021271	14630
chr12	32006641	32206641	harbor2	chr12	32021531	32021598	LTR/ERV1	2657	-	34	32021565	14924
chr12	32006641	32206641	harbor2	chr12	32021912	32022001	LTR/ERV1	2657	-	44	32021956	15315
chr12	32006641	32206641	harbor2	chr12	32022996	32023120	LTR/ERV1	2657	-	62	32023058	16417
chr12	32006641	32206641	harbor2	chr12	32023428	32023528	LTR/ERV1	2657	-	50	32023478	16837
chr12	32006641	32206641	harbor2	chr12	32023574	32024044	LTR/ERV1	2979	-	235	32023809	17168
chr12	32006641	32206641	harbor2	chr12	32025191	32025540	LTR/ERV1	2501	-	174	32025365	18724
chr12	32006641	32206641	harbor2	chr12	32031679	32031993	LTR/ERV1	1736	-	157	32031836	25195
chr12	32006641	32206641	harbor2	chr12	32033877	32034449	LTR/ERV1	2967	-	286	32034163	27522
chr12	32006641	32206641	harbor2	chr12	32044046	32044507	LTR/ERV1	1866	-	230	32044276	37635
chr12	32006641	32206641	harbor2	chr12	32045696	32046135	LTR/ERV1	1193	-	220	32045916	39275
chr12	32006641	32206641	harbor2	chr12	32049230	32049388	LTR/ERV1	689	-	79	32049309	42668
chr12	32006641	32206641	harbor2	chr12	32085148	32085305	LTR/ERV1	1153	-	78	32085226	78585
chr12	121712068	121912068	harbor2	chr12	121759239	121759395	LTR/ERV1	4140	-	78	121759317	47249
chr12	121712068	121912068	harbor2	chr12	121759690	121759715	LTR/ERV1	4140	-	12	121759702	47634
chr12	121712068	121912068	harbor2	chr12	121760317	121760836	LTR/ERV1	4140	-	260	121760577	48509
chr12	109618832	109818832	harbor2	chr12	109653498	109654072	LTR/ERV1	3751	-	287	109653785	34953
chr12	6863214	7063214	harbor2	chr12	6900435	6900528	LTR/ERV1	1999	-	46	6900481	37267
chr12	6863214	7063214	harbor2	chr12	6900773	6901142	LTR/ERV1	1999	-	184	6900957	37743
chr12	6864775	7064775	harbor2	chr12	6900435	6900528	LTR/ERV1	1999	-	46	6900481	35706
chr12	6864775	7064775	harbor2	chr12	6900773	6901142	LTR/ERV1	1999	-	184	6900957	36182
chr12	120614111	120814111	harbor2	chr12	120683007	120683365	LTR/ERV1	1459	-	179	120683186	69075
chr12	6863226	7063226	harbor2	chr12	6900435	6900528	LTR/ERV1	1999	-	46	6900481	37255
chr12	6863226	7063226	harbor2	chr12	6900773	6901142	LTR/ERV1	1999	-	184	6900957	37731
chr13	113726181	113926181	harbor2	chr13	113778888	113779287	LTR/ERV1	1938	-	200	113779088	52907
chr13	113726181	113926181	harbor2	chr13	113779288	113779390	LTR/ERV1	450	-	51	113779339	53158
chr13	113726181	113926181	harbor2	chr13	113779430	113779504	LTR/ERV1	474	-	37	113779467	53286
chr13	113726181	113926181	harbor2	chr13	113779508	113782475	LTR/ERV1	19217	-	1484	113780992	54811
chr13	113726181	113926181	harbor2	chr13	113782549	113784886	LTR/ERV1	13709	-	1168	113783717	57536
chr13	113726181	113926181	harbor2	chr13	113784887	113785249	LTR/ERV1	1118	-	181	113785068	58887
chr13	113726041	113926041	harbor2	chr13	113778888	113779287	LTR/ERV1	1938	-	200	113779088	53047
chr13	113726041	113926041	harbor2	chr13	113779288	113779390	LTR/ERV1	450	-	51	113779339	53298
chr13	113726041	113926041	harbor2	chr13	113779430	113779504	LTR/ERV1	474	-	37	113779467	53426
chr13	113726041	113926041	harbor2	chr13	113779508	113782475	LTR/ERV1	19217	-	1484	113780992	54951
chr13	113726041	113926041	harbor2	chr13	113782549	113784886	LTR/ERV1	13709	-	1168	113783717	57676
chr13	113726041	113926041	harbor2	chr13	113784887	113785249	LTR/ERV1	1118	-	181	113785068	59027
chr13	113726150	113926150	harbor2	chr13	113778888	113779287	LTR/ERV1	1938	-	200	113779088	52938
chr13	113726150	113926150	harbor2	chr13	113779288	113779390	LTR/ERV1	450	-	51	113779339	53189
chr13	113726150	113926150	harbor2	chr13	113779430	113779504	LTR/ERV1	474	-	37	113779467	53317
chr13	113726150	113926150	harbor2	chr13	113779508	113782475	LTR/ERV1	19217	-	1484	113780992	54842
chr13	113726150	113926150	harbor2	chr13	113782549	113784886	LTR/ERV1	13709	-	1168	113783717	57567
chr13	113726150	113926150	harbor2	chr13	113784887	113785249	LTR/ERV1	1118	-	181	113785068	58918
chr13	48136920	48336920	harbor2	chr13	48195364	48195515	LTR/ERV1	786	-	76	48195440	58520
chr13	48136920	48336920	harbor2	chr13	48195825	48196121	LTR/ERV1	1391	-	148	48195973	59053
chr13	20315477	20515477	harbor2	chr13	20321823	20322353	LTR/ERV1	3381	-	265	20322088	6611
chr13	20315477	20515477	harbor2	chr13	20325557	20325657	LTR/ERV1	728	-	50	20325607	10130
chr13	20315477	20515477	harbor2	chr13	20388749	20389160	LTR/ERV1	3133	-	206	20388955	73478
chr13	20315477	20515477	harbor2	chr13	20389454	20389543	LTR/ERV1	3133	-	44	20389498	74021
chr13	75382379	75582379	harbor2	chr13	75431497	75431568	LTR/ERV1	493	-	36	75431533	49154
chr13	75382379	75582379	harbor2	chr13	75457820	75458599	LTR/ERV1	4622	-	390	75458210	75831
chr13	30104569	30304569	harbor2	chr13	30173975	30174134	LTR/ERV1	2986	-	80	30174055	69486
chr13	30104569	30304569	harbor2	chr13	30174408	30174824	LTR/ERV1	2986	-	208	30174616	70047
chr13	113726142	113926142	harbor2	chr13	113778888	113779287	LTR/ERV1	1938	-	200	113779088	52946
chr13	113726142	113926142	harbor2	chr13	113779288	113779390	LTR/ERV1	450	-	51	113779339	53197
chr13	113726142	113926142	harbor2	chr13	113779430	113779504	LTR/ERV1	474	-	37	113779467	53325
chr13	113726142	113926142	harbor2	chr13	113779508	113782475	LTR/ERV1	19217	-	1484	113780992	54850
chr13	113726142	113926142	harbor2	chr13	113782549	113784886	LTR/ERV1	13709	-	1168	113783717	57575
chr13	113726142	113926142	harbor2	chr13	113784887	113785249	LTR/ERV1	1118	-	181	113785068	58926
chr13	113727916	113927916	harbor2	chr13	113778888	113779287	LTR/ERV1	1938	-	200	113779088	51172
chr13	113727916	113927916	harbor2	chr13	113779288	113779390	LTR/ERV1	450	-	51	113779339	51423
chr13	113727916	113927916	harbor2	chr13	113779430	113779504	LTR/ERV1	474	-	37	113779467	51551
chr13	113727916	113927916	harbor2	chr13	113779508	113782475	LTR/ERV1	19217	-	1484	113780992	53076
chr13	113727916	113927916	harbor2	chr13	113782549	113784886	LTR/ERV1	13709	-	1168	113783717	55801
chr13	113727916	113927916	harbor2	chr13	113784887	113785249	LTR/ERV1	1118	-	181	113785068	57152
chr13	113726060	113926060	harbor2	chr13	113778888	113779287	LTR/ERV1	1938	-	200	113779088	53028
chr13	113726060	113926060	harbor2	chr13	113779288	113779390	LTR/ERV1	450	-	51	113779339	53279
chr13	113726060	113926060	harbor2	chr13	113779430	113779504	LTR/ERV1	474	-	37	113779467	53407
chr13	113726060	113926060	harbor2	chr13	113779508	113782475	LTR/ERV1	19217	-	1484	113780992	54932
chr13	113726060	113926060	harbor2	chr13	113782549	113784886	LTR/ERV1	13709	-	1168	113783717	57657
chr13	113726060	113926060	harbor2	chr13	113784887	113785249	LTR/ERV1	1118	-	181	113785068	59008
chr13	109557876	109757876	harbor2	chr13	109633432	109633913	LTR/ERV1	2704	-	240	109633672	75796
chr13	20317804	20517804	harbor2	chr13	20321823	20322353	LTR/ERV1	3381	-	265	20322088	4284
chr13	20317804	20517804	harbor2	chr13	20325557	20325657	LTR/ERV1	728	-	50	20325607	7803
chr13	20317804	20517804	harbor2	chr13	20388749	20389160	LTR/ERV1	3133	-	206	20388955	71151
chr13	20317804	20517804	harbor2	chr13	20389454	20389543	LTR/ERV1	3133	-	44	20389498	71694
chr13	113726141	113926141	harbor2	chr13	113778888	113779287	LTR/ERV1	1938	-	200	113779088	52947
chr13	113726141	113926141	harbor2	chr13	113779288	113779390	LTR/ERV1	450	-	51	113779339	53198
chr13	113726141	113926141	harbor2	chr13	113779430	113779504	LTR/ERV1	474	-	37	113779467	53326
chr13	113726141	113926141	harbor2	chr13	113779508	113782475	LTR/ERV1	19217	-	1484	113780992	54851
chr13	113726141	113926141	harbor2	chr13	113782549	113784886	LTR/ERV1	13709	-	1168	113783717	57576
chr13	113726141	113926141	harbor2	chr13	113784887	113785249	LTR/ERV1	1118	-	181	113785068	58927
chr13	100574883	100774883	harbor2	chr13	100593949	100594563	LTR/ERV1	2157	-	307	100594256	19373
chr13	20327632	20527632	harbor2	chr13	20388749	20389160	LTR/ERV1	3133	-	206	20388955	61323
chr13	20327632	20527632	harbor2	chr13	20389454	20389543	LTR/ERV1	3133	-	44	20389498	61866
chr13	19858665	20058665	harbor2	chr13	19884240	19884291	LTR/ERV1	2393	-	26	19884266	25601
chr13	19858665	20058665	harbor2	chr13	19884589	19885140	LTR/ERV1	2393	-	276	19884865	26200
chr13	19858665	20058665	harbor2	chr13	19921796	19921912	LTR/ERV1	2527	-	58	19921854	63189
chr13	19858665	20058665	harbor2	chr13	19922215	19922521	LTR/ERV1	2527	-	153	19922368	63703
chr13	19858665	20058665	harbor2	chr13	19941348	19941720	LTR/ERV1	1333	-	186	19941534	82869
chr13	20344110	20544110	harbor2	chr13	20388749	20389160	LTR/ERV1	3133	-	206	20388955	44845
chr13	20344110	20544110	harbor2	chr13	20389454	20389543	LTR/ERV1	3133	-	44	20389498	45388
chr13	113736151	113936151	harbor2	chr13	113778888	113779287	LTR/ERV1	1938	-	200	113779088	42937
chr13	113736151	113936151	harbor2	chr13	113779288	113779390	LTR/ERV1	450	-	51	113779339	43188
chr13	113736151	113936151	harbor2	chr13	113779430	113779504	LTR/ERV1	474	-	37	113779467	43316
chr13	113736151	113936151	harbor2	chr13	113779508	113782475	LTR/ERV1	19217	-	1484	113780992	44841
chr13	113736151	113936151	harbor2	chr13	113782549	113784886	LTR/ERV1	13709	-	1168	113783717	47566
chr13	113736151	113936151	harbor2	chr13	113784887	113785249	LTR/ERV1	1118	-	181	113785068	48917
chr13	100574737	100774737	harbor2	chr13	100593949	100594563	LTR/ERV1	2157	-	307	100594256	19519
chr13	49768516	49968516	harbor2	chr13	49829878	49830335	LTR/ERV1	2213	-	228	49830106	61590
chr13	113727396	113927396	harbor2	chr13	113778888	113779287	LTR/ERV1	1938	-	200	113779088	51692
chr13	113727396	113927396	harbor2	chr13	113779288	113779390	LTR/ERV1	450	-	51	113779339	51943
chr13	113727396	113927396	harbor2	chr13	113779430	113779504	LTR/ERV1	474	-	37	113779467	52071
chr13	113727396	113927396	harbor2	chr13	113779508	113782475	LTR/ERV1	19217	-	1484	113780992	53596
chr13	113727396	113927396	harbor2	chr13	113782549	113784886	LTR/ERV1	13709	-	1168	113783717	56321
chr13	113727396	113927396	harbor2	chr13	113784887	113785249	LTR/ERV1	1118	-	181	113785068	57672
chr13	20317117	20517117	harbor2	chr13	20321823	20322353	LTR/ERV1	3381	-	265	20322088	4971
chr13	20317117	20517117	harbor2	chr13	20325557	20325657	LTR/ERV1	728	-	50	20325607	8490
chr13	20317117	20517117	harbor2	chr13	20388749	20389160	LTR/ERV1	3133	-	206	20388955	71838
chr13	20317117	20517117	harbor2	chr13	20389454	20389543	LTR/ERV1	3133	-	44	20389498	72381
chr13	113727945	113927945	harbor2	chr13	113778888	113779287	LTR/ERV1	1938	-	200	113779088	51143
chr13	113727945	113927945	harbor2	chr13	113779288	113779390	LTR/ERV1	450	-	51	113779339	51394
chr13	113727945	113927945	harbor2	chr13	113779430	113779504	LTR/ERV1	474	-	37	113779467	51522
chr13	113727945	113927945	harbor2	chr13	113779508	113782475	LTR/ERV1	19217	-	1484	113780992	53047
chr13	113727945	113927945	harbor2	chr13	113782549	113784886	LTR/ERV1	13709	-	1168	113783717	55772
chr13	113727945	113927945	harbor2	chr13	113784887	113785249	LTR/ERV1	1118	-	181	113785068	57123
chr13	111559128	111759128	harbor2	chr13	111573907	111574314	LTR/ERV1	2603	-	204	111574111	14983
chr13	111559128	111759128	harbor2	chr13	111618405	111618789	LTR/ERV1	565	-	192	111618597	59469
chr13	111559128	111759128	harbor2	chr13	111632178	111632777	LTR/ERV1	2500	-	300	111632478	73350
chr13	20342080	20542080	harbor2	chr13	20388749	20389160	LTR/ERV1	3133	-	206	20388955	46875
chr13	20342080	20542080	harbor2	chr13	20389454	20389543	LTR/ERV1	3133	-	44	20389498	47418
chr13	95201696	95401696	harbor2	chr13	95297773	95297995	LTR/ERV1	819	-	111	95297884	96188
chr14	67142039	67342039	harbor2	chr14	67146569	67146728	LTR/ERV1	656	-	80	67146649	4610
chr14	67142039	67342039	harbor2	chr14	67147064	67147504	LTR/ERV1	3382	-	220	67147284	5245
chr14	67142039	67342039	harbor2	chr14	67147530	67147543	LTR/ERV1	3382	-	6	67147536	5497
chr14	67142039	67342039	harbor2	chr14	67147697	67148221	LTR/ERV1	3382	-	262	67147959	5920
chr14	67142039	67342039	harbor2	chr14	67149565	67150160	LTR/ERV1	2256	-	298	67149863	7824
chr14	67142039	67342039	harbor2	chr14	67150471	67150683	LTR/ERV1	2256	-	106	67150577	8538
chr14	67142039	67342039	harbor2	chr14	67150875	67151634	LTR/ERV1	3230	-	380	67151255	9216
chr14	67142039	67342039	harbor2	chr14	67151944	67152036	LTR/ERV1	3230	-	46	67151990	9951
chr14	67142039	67342039	harbor2	chr14	67152408	67152684	LTR/ERV1	875	-	138	67152546	10507
chr14	67142039	67342039	harbor2	chr14	67153609	67153691	LTR/ERV1	875	-	41	67153650	11611
chr14	90283137	90483137	harbor2	chr14	90347389	90347523	LTR/ERV1	2394	-	67	90347456	64319
chr14	90283137	90483137	harbor2	chr14	90347813	90348020	LTR/ERV1	2394	-	104	90347917	64780
chr14	67142840	67342840	harbor2	chr14	67146569	67146728	LTR/ERV1	656	-	80	67146649	3809
chr14	67142840	67342840	harbor2	chr14	67147064	67147504	LTR/ERV1	3382	-	220	67147284	4444
chr14	67142840	67342840	harbor2	chr14	67147530	67147543	LTR/ERV1	3382	-	6	67147536	4696
chr14	67142840	67342840	harbor2	chr14	67147697	67148221	LTR/ERV1	3382	-	262	67147959	5119
chr14	67142840	67342840	harbor2	chr14	67149565	67150160	LTR/ERV1	2256	-	298	67149863	7023
chr14	67142840	67342840	harbor2	chr14	67150471	67150683	LTR/ERV1	2256	-	106	67150577	7737
chr14	67142840	67342840	harbor2	chr14	67150875	67151634	LTR/ERV1	3230	-	380	67151255	8415
chr14	67142840	67342840	harbor2	chr14	67151944	67152036	LTR/ERV1	3230	-	46	67151990	9150
chr14	67142840	67342840	harbor2	chr14	67152408	67152684	LTR/ERV1	875	-	138	67152546	9706
chr14	67142840	67342840	harbor2	chr14	67153609	67153691	LTR/ERV1	875	-	41	67153650	10810
chr14	104606429	104806429	harbor2	chr14	104647261	104647869	LTR/ERV1	3965	-	304	104647565	41136
chr14	104606429	104806429	harbor2	chr14	104698322	104698453	LTR/ERV1	557	-	66	104698388	91959
chr14	67141953	67341953	harbor2	chr14	67146569	67146728	LTR/ERV1	656	-	80	67146649	4696
chr14	67141953	67341953	harbor2	chr14	67147064	67147504	LTR/ERV1	3382	-	220	67147284	5331
chr14	67141953	67341953	harbor2	chr14	67147530	67147543	LTR/ERV1	3382	-	6	67147536	5583
chr14	67141953	67341953	harbor2	chr14	67147697	67148221	LTR/ERV1	3382	-	262	67147959	6006
chr14	67141953	67341953	harbor2	chr14	67149565	67150160	LTR/ERV1	2256	-	298	67149863	7910
chr14	67141953	67341953	harbor2	chr14	67150471	67150683	LTR/ERV1	2256	-	106	67150577	8624
chr14	67141953	67341953	harbor2	chr14	67150875	67151634	LTR/ERV1	3230	-	380	67151255	9302
chr14	67141953	67341953	harbor2	chr14	67151944	67152036	LTR/ERV1	3230	-	46	67151990	10037
chr14	67141953	67341953	harbor2	chr14	67152408	67152684	LTR/ERV1	875	-	138	67152546	10593
chr14	67141953	67341953	harbor2	chr14	67153609	67153691	LTR/ERV1	875	-	41	67153650	11697
chr14	67141295	67341295	harbor2	chr14	67146569	67146728	LTR/ERV1	656	-	80	67146649	5354
chr14	67141295	67341295	harbor2	chr14	67147064	67147504	LTR/ERV1	3382	-	220	67147284	5989
chr14	67141295	67341295	harbor2	chr14	67147530	67147543	LTR/ERV1	3382	-	6	67147536	6241
chr14	67141295	67341295	harbor2	chr14	67147697	67148221	LTR/ERV1	3382	-	262	67147959	6664
chr14	67141295	67341295	harbor2	chr14	67149565	67150160	LTR/ERV1	2256	-	298	67149863	8568
chr14	67141295	67341295	harbor2	chr14	67150471	67150683	LTR/ERV1	2256	-	106	67150577	9282
chr14	67141295	67341295	harbor2	chr14	67150875	67151634	LTR/ERV1	3230	-	380	67151255	9960
chr14	67141295	67341295	harbor2	chr14	67151944	67152036	LTR/ERV1	3230	-	46	67151990	10695
chr14	67141295	67341295	harbor2	chr14	67152408	67152684	LTR/ERV1	875	-	138	67152546	11251
chr14	67141295	67341295	harbor2	chr14	67153609	67153691	LTR/ERV1	875	-	41	67153650	12355
chr14	69668087	69868087	harbor2	chr14	69696799	69697441	LTR/ERV1	4303	-	321	69697120	29033
chr14	69668087	69868087	harbor2	chr14	69697927	69698045	LTR/ERV1	822	-	59	69697986	29899
chr14	69668087	69868087	harbor2	chr14	69699690	69700304	LTR/ERV1	3865	-	307	69699997	31910
chr14	69668087	69868087	harbor2	chr14	69728505	69728944	LTR/ERV1	3123	-	220	69728725	60638
chr14	69668087	69868087	harbor2	chr14	69729089	69729276	LTR/ERV1	1379	-	94	69729183	61096
chr14	69668087	69868087	harbor2	chr14	69739976	69740410	LTR/ERV1	2277	-	217	69740193	72106
chr14	69668087	69868087	harbor2	chr14	69740419	69742424	LTR/ERV1	16562	-	1002	69741421	73334
chr14	69668087	69868087	harbor2	chr14	69742739	69743256	LTR/ERV1	16562	-	258	69742997	74910
chr14	69668087	69868087	harbor2	chr14	69743552	69743839	LTR/ERV1	16562	-	144	69743696	75609
chr14	69668087	69868087	harbor2	chr14	69744149	69744479	LTR/ERV1	9595	-	165	69744314	76227
chr14	69668087	69868087	harbor2	chr14	69744723	69744936	LTR/ERV1	9595	-	106	69744829	76742
chr14	69668087	69868087	harbor2	chr14	69745226	69745502	LTR/ERV1	9595	-	138	69745364	77277
chr14	69668087	69868087	harbor2	chr14	69745777	69745965	LTR/ERV1	3388	-	94	69745871	77784
chr14	69668087	69868087	harbor2	chr14	69746049	69746603	LTR/ERV1	5224	-	277	69746326	78239
chr14	69668087	69868087	harbor2	chr14	69746896	69747230	LTR/ERV1	5224	-	167	69747063	78976
chr14	69668087	69868087	harbor2	chr14	69747251	69747730	LTR/ERV1	3022	-	240	69747491	79404
chr14	67141983	67341983	harbor2	chr14	67146569	67146728	LTR/ERV1	656	-	80	67146649	4666
chr14	67141983	67341983	harbor2	chr14	67147064	67147504	LTR/ERV1	3382	-	220	67147284	5301
chr14	67141983	67341983	harbor2	chr14	67147530	67147543	LTR/ERV1	3382	-	6	67147536	5553
chr14	67141983	67341983	harbor2	chr14	67147697	67148221	LTR/ERV1	3382	-	262	67147959	5976
chr14	67141983	67341983	harbor2	chr14	67149565	67150160	LTR/ERV1	2256	-	298	67149863	7880
chr14	67141983	67341983	harbor2	chr14	67150471	67150683	LTR/ERV1	2256	-	106	67150577	8594
chr14	67141983	67341983	harbor2	chr14	67150875	67151634	LTR/ERV1	3230	-	380	67151255	9272
chr14	67141983	67341983	harbor2	chr14	67151944	67152036	LTR/ERV1	3230	-	46	67151990	10007
chr14	67141983	67341983	harbor2	chr14	67152408	67152684	LTR/ERV1	875	-	138	67152546	10563
chr14	67141983	67341983	harbor2	chr14	67153609	67153691	LTR/ERV1	875	-	41	67153650	11667
chr14	20990974	21190974	harbor2	chr14	21005298	21005505	LTR/ERV1	586	-	104	21005402	14428
chr14	90283171	90483171	harbor2	chr14	90347389	90347523	LTR/ERV1	2394	-	67	90347456	64285
chr14	90283171	90483171	harbor2	chr14	90347813	90348020	LTR/ERV1	2394	-	104	90347917	64746
chr14	90283174	90483174	harbor2	chr14	90347389	90347523	LTR/ERV1	2394	-	67	90347456	64282
chr14	90283174	90483174	harbor2	chr14	90347813	90348020	LTR/ERV1	2394	-	104	90347917	64743
chr14	67141303	67341303	harbor2	chr14	67146569	67146728	LTR/ERV1	656	-	80	67146649	5346
chr14	67141303	67341303	harbor2	chr14	67147064	67147504	LTR/ERV1	3382	-	220	67147284	5981
chr14	67141303	67341303	harbor2	chr14	67147530	67147543	LTR/ERV1	3382	-	6	67147536	6233
chr14	67141303	67341303	harbor2	chr14	67147697	67148221	LTR/ERV1	3382	-	262	67147959	6656
chr14	67141303	67341303	harbor2	chr14	67149565	67150160	LTR/ERV1	2256	-	298	67149863	8560
chr14	67141303	67341303	harbor2	chr14	67150471	67150683	LTR/ERV1	2256	-	106	67150577	9274
chr14	67141303	67341303	harbor2	chr14	67150875	67151634	LTR/ERV1	3230	-	380	67151255	9952
chr14	67141303	67341303	harbor2	chr14	67151944	67152036	LTR/ERV1	3230	-	46	67151990	10687
chr14	67141303	67341303	harbor2	chr14	67152408	67152684	LTR/ERV1	875	-	138	67152546	11243
chr14	67141303	67341303	harbor2	chr14	67153609	67153691	LTR/ERV1	875	-	41	67153650	12347
chr14	67141247	67341247	harbor2	chr14	67146569	67146728	LTR/ERV1	656	-	80	67146649	5402
chr14	67141247	67341247	harbor2	chr14	67147064	67147504	LTR/ERV1	3382	-	220	67147284	6037
chr14	67141247	67341247	harbor2	chr14	67147530	67147543	LTR/ERV1	3382	-	6	67147536	6289
chr14	67141247	67341247	harbor2	chr14	67147697	67148221	LTR/ERV1	3382	-	262	67147959	6712
chr14	67141247	67341247	harbor2	chr14	67149565	67150160	LTR/ERV1	2256	-	298	67149863	8616
chr14	67141247	67341247	harbor2	chr14	67150471	67150683	LTR/ERV1	2256	-	106	67150577	9330
chr14	67141247	67341247	harbor2	chr14	67150875	67151634	LTR/ERV1	3230	-	380	67151255	10008
chr14	67141247	67341247	harbor2	chr14	67151944	67152036	LTR/ERV1	3230	-	46	67151990	10743
chr14	67141247	67341247	harbor2	chr14	67152408	67152684	LTR/ERV1	875	-	138	67152546	11299
chr14	67141247	67341247	harbor2	chr14	67153609	67153691	LTR/ERV1	875	-	41	67153650	12403
chr14	81176400	81376400	harbor2	chr14	81233045	81233436	LTR/ERV1	2457	-	196	81233241	56841
chr14	81176400	81376400	harbor2	chr14	81237764	81238207	LTR/ERV1	3144	-	222	81237986	61586
chr14	104470380	104670380	harbor2	chr14	104488546	104489369	LTR/ERV1	3038	-	412	104488958	18578
chr14	104470380	104670380	harbor2	chr14	104519415	104519873	LTR/ERV1	2290	-	229	104519644	49264
chr14	104470380	104670380	harbor2	chr14	104544114	104544650	LTR/ERV1	1564	-	268	104544382	74002
chr14	102092831	102292831	harbor2	chr14	102134425	102136075	LTR/ERV1	11210	-	825	102135250	42419
chr14	102092831	102292831	harbor2	chr14	102177375	102177471	LTR/ERV1	503	-	48	102177423	84592
chr14	102092831	102292831	harbor2	chr14	102177565	102177995	LTR/ERV1	2654	-	215	102177780	84949
chr14	88927417	89127417	harbor2	chr14	88951492	88951915	LTR/ERV1	1852	-	212	88951704	24287
chr14	88927417	89127417	harbor2	chr14	88976523	88976787	LTR/ERV1	690	-	132	88976655	49238
chr14	88927417	89127417	harbor2	chr14	88976839	88977022	LTR/ERV1	573	-	92	88976931	49514
chr14	95456322	95656322	harbor2	chr14	95551875	95552549	LTR/ERV1	3646	-	337	95552212	95890
chr14	95456322	95656322	harbor2	chr14	95553481	95554055	LTR/ERV1	3272	-	287	95553768	97446
chr14	76886650	77086650	harbor2	chr14	76962763	76962959	LTR/ERV1	3070	-	98	76962861	76211
chr14	76886650	77086650	harbor2	chr14	76963262	76963621	LTR/ERV1	3070	-	180	76963442	76792
chr14	102039472	102239472	harbor2	chr14	102056486	102056822	LTR/ERV1	3019	-	168	102056654	17182
chr14	102039472	102239472	harbor2	chr14	102134425	102136075	LTR/ERV1	11210	-	825	102135250	95778
chr14	102039472	102239472	harbor2	chr14	102055920	102056021	LTR/ERV1	3019	-	50	102055970	16498
chr14	100186150	100386150	harbor2	chr14	100186057	100186228	LTR/ERV1	3710	-	86	100186143	7
chr14	100186150	100386150	harbor2	chr14	100207327	100208697	LTR/ERV1	9132	-	685	100208012	21862
chr14	104623757	104823757	harbor2	chr14	104647261	104647869	LTR/ERV1	3965	-	304	104647565	23808
chr14	104623757	104823757	harbor2	chr14	104698322	104698453	LTR/ERV1	557	-	66	104698388	74631
chr14	103624423	103824423	harbor2	chr14	103643453	103643645	LTR/ERV1	1603	-	96	103643549	19126
chr14	103624423	103824423	harbor2	chr14	103643869	103643881	LTR/ERV1	1603	-	6	103643875	19452
chr14	103624423	103824423	harbor2	chr14	103718882	103719107	LTR/ERV1	518	-	112	103718994	94571
chr14	103624423	103824423	harbor2	chr14	103719473	103719710	LTR/ERV1	704	-	118	103719591	95168
chr14	100185464	100385464	harbor2	chr14	100185189	100185730	LTR/ERV1	3710	-	270	100185459	5
chr14	100185464	100385464	harbor2	chr14	100186057	100186228	LTR/ERV1	3710	-	86	100186143	679
chr14	100185464	100385464	harbor2	chr14	100207327	100208697	LTR/ERV1	9132	-	685	100208012	22548
chr14	74823265	75023265	harbor2	chr14	74903960	74904537	LTR/ERV1	2884	-	288	74904248	80983
chr14	23464322	23664322	harbor2	chr14	23466697	23467113	LTR/ERV1	2761	-	208	23466905	2583
chr14	105067542	105267542	harbor2	chr14	105114673	105114818	LTR/ERV1	2599	-	72	105114745	47203
chr14	105067542	105267542	harbor2	chr14	105115126	105115614	LTR/ERV1	2599	-	244	105115370	47828
chr14	105067542	105267542	harbor2	chr14	105115657	105115917	LTR/ERV1	1369	-	130	105115787	48245
chr14	24047673	24247673	harbor2	chr14	24091822	24092013	LTR/ERV1	998	-	96	24091918	44245
chr14	67519986	67719986	harbor2	chr14	67611585	67611709	LTR/ERV1	2390	-	62	67611647	91661
chr14	67519986	67719986	harbor2	chr14	67612245	67612638	LTR/ERV1	2390	-	196	67612441	92455
chr14	67519986	67719986	harbor2	chr14	67613019	67613121	LTR/ERV1	699	-	51	67613070	93084
chr14	104785123	104985123	harbor2	chr14	104828086	104828414	LTR/ERV1	2123	-	164	104828250	43127
chr14	76994915	77194915	harbor2	chr14	77087592	77088228	LTR/ERV1	4218	-	318	77087910	92995
chr14	76994915	77194915	harbor2	chr14	77089872	77090245	LTR/ERV1	1195	-	186	77090058	95143
chr14	76994915	77194915	harbor2	chr14	77090558	77090570	LTR/ERV1	1195	-	6	77090564	95649
chr14	76994915	77194915	harbor2	chr14	77090870	77090946	LTR/ERV1	1195	-	38	77090908	95993
chr14	76994915	77194915	harbor2	chr14	77091327	77091655	LTR/ERV1	4464	-	164	77091491	96576
chr14	76994915	77194915	harbor2	chr14	77091656	77092114	LTR/ERV1	4586	-	229	77091885	96970
chr14	76994915	77194915	harbor2	chr14	77092419	77092767	LTR/ERV1	4586	-	174	77092593	97678
chr14	76994915	77194915	harbor2	chr14	77092768	77093190	LTR/ERV1	4464	-	211	77092979	98064
chr14	74842794	75042794	harbor2	chr14	74903960	74904537	LTR/ERV1	2884	-	288	74904248	61454
chr14	74842794	75042794	harbor2	chr14	74938697	74938946	LTR/ERV1	484	-	124	74938821	96027
chr14	74842794	75042794	harbor2	chr14	74939083	74939307	LTR/ERV1	531	-	112	74939195	96401
chr14	74842794	75042794	harbor2	chr14	74939554	74939715	LTR/ERV1	457	-	80	74939634	96840
chr14	94075512	94275512	harbor2	chr14	94081481	94081703	LTR/ERV1	1447	-	111	94081592	6080
chr14	94075512	94275512	harbor2	chr14	94084467	94084951	LTR/ERV1	3399	-	242	94084709	9197
chr14	94075512	94275512	harbor2	chr14	94086924	94087417	LTR/ERV1	2080	-	246	94087170	11658
chr14	94075512	94275512	harbor2	chr14	94087726	94087783	LTR/ERV1	2080	-	28	94087754	12242
chr14	94075512	94275512	harbor2	chr14	94089107	94089729	LTR/ERV1	4209	-	311	94089418	13906
chr14	94075512	94275512	harbor2	chr14	94089730	94091842	LTR/ERV1	16010	-	1056	94090786	15274
chr14	94075512	94275512	harbor2	chr14	94092156	94092231	LTR/ERV1	16010	-	38	94092194	16682
chr14	94075512	94275512	harbor2	chr14	94092541	94092704	LTR/ERV1	16010	-	82	94092623	17111
chr14	94075512	94275512	harbor2	chr14	94097049	94097490	LTR/ERV1	1532	-	220	94097269	21757
chr14	94075512	94275512	harbor2	chr14	94108776	94108954	LTR/ERV1	576	-	89	94108865	33353
chr14	94075512	94275512	harbor2	chr14	94109434	94109807	LTR/ERV1	1157	-	186	94109620	34108
chr14	103422967	103622967	harbor2	chr14	103427182	103427217	LTR/ERV1	3817	-	18	103427200	4233
chr14	103422967	103622967	harbor2	chr14	103427526	103428035	LTR/ERV1	3817	-	254	103427780	4813
chr14	103422967	103622967	harbor2	chr14	103428036	103428202	LTR/ERV1	1061	-	83	103428119	5152
chr14	103422967	103622967	harbor2	chr14	103432444	103432568	LTR/ERV1	911	-	62	103432506	9539
chr14	103422967	103622967	harbor2	chr14	103432864	103432947	LTR/ERV1	911	-	42	103432906	9939
chr14	103422967	103622967	harbor2	chr14	103432921	103433068	LTR/ERV1	596	-	74	103432995	10028
chr14	103422967	103622967	harbor2	chr14	103433387	103433411	LTR/ERV1	596	-	12	103433399	10432
chr14	103422967	103622967	harbor2	chr14	103433704	103433897	LTR/ERV1	1008	-	96	103433800	10833
chr14	103422967	103622967	harbor2	chr14	103433898	103434276	LTR/ERV1	1763	-	189	103434087	11120
chr14	103422967	103622967	harbor2	chr14	103434385	103434782	LTR/ERV1	1752	-	198	103434583	11616
chr14	24048856	24248856	harbor2	chr14	24091822	24092013	LTR/ERV1	998	-	96	24091918	43062
chr14	76998329	77198329	harbor2	chr14	77087592	77088228	LTR/ERV1	4218	-	318	77087910	89581
chr14	76998329	77198329	harbor2	chr14	77089872	77090245	LTR/ERV1	1195	-	186	77090058	91729
chr14	76998329	77198329	harbor2	chr14	77090558	77090570	LTR/ERV1	1195	-	6	77090564	92235
chr14	76998329	77198329	harbor2	chr14	77090870	77090946	LTR/ERV1	1195	-	38	77090908	92579
chr14	76998329	77198329	harbor2	chr14	77091327	77091655	LTR/ERV1	4464	-	164	77091491	93162
chr14	76998329	77198329	harbor2	chr14	77091656	77092114	LTR/ERV1	4586	-	229	77091885	93556
chr14	76998329	77198329	harbor2	chr14	77092419	77092767	LTR/ERV1	4586	-	174	77092593	94264
chr14	76998329	77198329	harbor2	chr14	77092768	77093190	LTR/ERV1	4464	-	211	77092979	94650
chr14	76939921	77139921	harbor2	chr14	76962763	76962959	LTR/ERV1	3070	-	98	76962861	22940
chr14	76939921	77139921	harbor2	chr14	76963262	76963621	LTR/ERV1	3070	-	180	76963442	23521
chr14	76942497	77142497	harbor2	chr14	76962763	76962959	LTR/ERV1	3070	-	98	76962861	20364
chr14	76942497	77142497	harbor2	chr14	76963262	76963621	LTR/ERV1	3070	-	180	76963442	20945
chr14	51140675	51340675	harbor2	chr14	51142073	51142955	LTR/ERV1	4445	-	441	51142514	1839
chr14	51140675	51340675	harbor2	chr14	51155658	51156103	LTR/ERV1	1710	-	222	51155880	15205
chr14	51140675	51340675	harbor2	chr14	51156111	51156455	LTR/ERV1	3752	-	172	51156283	15608
chr14	51140675	51340675	harbor2	chr14	51156865	51157165	LTR/ERV1	4247	-	150	51157015	16340
chr14	51140675	51340675	harbor2	chr14	51157264	51158835	LTR/ERV1	4247	-	786	51158050	17375
chr14	51140675	51340675	harbor2	chr14	51159123	51159984	LTR/ERV1	4247	-	430	51159553	18878
chr14	51140675	51340675	harbor2	chr14	51160273	51160452	LTR/ERV1	1401	-	90	51160363	19688
chr14	51140675	51340675	harbor2	chr14	51160753	51160945	LTR/ERV1	1401	-	96	51160849	20174
chr14	51140675	51340675	harbor2	chr14	51161318	51164152	LTR/ERV1	8015	-	1417	51162735	22060
chr14	51140675	51340675	harbor2	chr14	51164159	51164595	LTR/ERV1	2203	-	218	51164377	23702
chr14	51140675	51340675	harbor2	chr14	51238185	51238643	LTR/ERV1	3146	-	229	51238414	97739
chr14	91481271	91681271	harbor2	chr14	91517923	91518376	LTR/ERV1	1635	-	226	91518149	36878
chr14	91481271	91681271	harbor2	chr14	91567235	91567340	LTR/ERV1	4171	-	52	91567287	86016
chr14	91481271	91681271	harbor2	chr14	91567646	91568205	LTR/ERV1	4171	-	280	91567926	86655
chr14	91481271	91681271	harbor2	chr14	91576899	91577027	LTR/ERV1	706	-	64	91576963	95692
chr14	104623750	104823750	harbor2	chr14	104647261	104647869	LTR/ERV1	3965	-	304	104647565	23815
chr14	104623750	104823750	harbor2	chr14	104698322	104698453	LTR/ERV1	557	-	66	104698388	74638
chr14	76928705	77128705	harbor2	chr14	76962763	76962959	LTR/ERV1	3070	-	98	76962861	34156
chr14	76928705	77128705	harbor2	chr14	76963262	76963621	LTR/ERV1	3070	-	180	76963442	34737
chr14	104690043	104890043	harbor2	chr14	104698322	104698453	LTR/ERV1	557	-	66	104698388	8345
chr14	104690043	104890043	harbor2	chr14	104749771	104749884	LTR/ERV1	675	-	56	104749827	59784
chr14	104690043	104890043	harbor2	chr14	104750448	104752026	LTR/ERV1	9782	-	789	104751237	61194
chr14	104690043	104890043	harbor2	chr14	104766825	104767423	LTR/ERV1	4615	-	299	104767124	77081
chr14	100185466	100385466	harbor2	chr14	100185189	100185730	LTR/ERV1	3710	-	270	100185459	7
chr14	100185466	100385466	harbor2	chr14	100186057	100186228	LTR/ERV1	3710	-	86	100186143	677
chr14	100185466	100385466	harbor2	chr14	100207327	100208697	LTR/ERV1	9132	-	685	100208012	22546
chr14	104590261	104790261	harbor2	chr14	104647261	104647869	LTR/ERV1	3965	-	304	104647565	57304
chr14	99658830	99858830	harbor2	chr14	99663180	99663692	LTR/ERV1	3988	-	256	99663436	4606
chr14	99658830	99858830	harbor2	chr14	99664747	99664904	LTR/ERV1	1923	-	78	99664825	5995
chr14	99658830	99858830	harbor2	chr14	99665211	99665440	LTR/ERV1	1923	-	114	99665325	6495
chr14	99658830	99858830	harbor2	chr14	99665734	99665775	LTR/ERV1	1923	-	20	99665754	6924
chr14	99658830	99858830	harbor2	chr14	99666079	99666347	LTR/ERV1	1923	-	134	99666213	7383
chr14	99658830	99858830	harbor2	chr14	99678328	99678941	LTR/ERV1	3930	-	306	99678634	19804
chr14	76932189	77132189	harbor2	chr14	76962763	76962959	LTR/ERV1	3070	-	98	76962861	30672
chr14	76932189	77132189	harbor2	chr14	76963262	76963621	LTR/ERV1	3070	-	180	76963442	31253
chr14	76959696	77159696	harbor2	chr14	76962763	76962959	LTR/ERV1	3070	-	98	76962861	3165
chr14	76959696	77159696	harbor2	chr14	76963262	76963621	LTR/ERV1	3070	-	180	76963442	3746
chr14	69667754	69867754	harbor2	chr14	69696799	69697441	LTR/ERV1	4303	-	321	69697120	29366
chr14	69667754	69867754	harbor2	chr14	69697927	69698045	LTR/ERV1	822	-	59	69697986	30232
chr14	69667754	69867754	harbor2	chr14	69699690	69700304	LTR/ERV1	3865	-	307	69699997	32243
chr14	69667754	69867754	harbor2	chr14	69728505	69728944	LTR/ERV1	3123	-	220	69728725	60971
chr14	69667754	69867754	harbor2	chr14	69729089	69729276	LTR/ERV1	1379	-	94	69729183	61429
chr14	69667754	69867754	harbor2	chr14	69739976	69740410	LTR/ERV1	2277	-	217	69740193	72439
chr14	69667754	69867754	harbor2	chr14	69740419	69742424	LTR/ERV1	16562	-	1002	69741421	73667
chr14	69667754	69867754	harbor2	chr14	69742739	69743256	LTR/ERV1	16562	-	258	69742997	75243
chr14	69667754	69867754	harbor2	chr14	69743552	69743839	LTR/ERV1	16562	-	144	69743696	75942
chr14	69667754	69867754	harbor2	chr14	69744149	69744479	LTR/ERV1	9595	-	165	69744314	76560
chr14	69667754	69867754	harbor2	chr14	69744723	69744936	LTR/ERV1	9595	-	106	69744829	77075
chr14	69667754	69867754	harbor2	chr14	69745226	69745502	LTR/ERV1	9595	-	138	69745364	77610
chr14	69667754	69867754	harbor2	chr14	69745777	69745965	LTR/ERV1	3388	-	94	69745871	78117
chr14	69667754	69867754	harbor2	chr14	69746049	69746603	LTR/ERV1	5224	-	277	69746326	78572
chr14	69667754	69867754	harbor2	chr14	69746896	69747230	LTR/ERV1	5224	-	167	69747063	79309
chr14	69667754	69867754	harbor2	chr14	69747251	69747730	LTR/ERV1	3022	-	240	69747491	79737
chr14	102111829	102311829	harbor2	chr14	102134425	102136075	LTR/ERV1	11210	-	825	102135250	23421
chr14	102111829	102311829	harbor2	chr14	102177375	102177471	LTR/ERV1	503	-	48	102177423	65594
chr14	102111829	102311829	harbor2	chr14	102177565	102177995	LTR/ERV1	2654	-	215	102177780	65951
chr14	105737928	105937928	harbor2	chr14	105792121	105792633	LTR/ERV1	2146	-	256	105792377	54449
chr14	105737928	105937928	harbor2	chr14	105819847	105820323	LTR/ERV1	2416	-	238	105820085	82157
chr14	105737928	105937928	harbor2	chr14	105820329	105820791	LTR/ERV1	1855	-	231	105820560	82632
chr14	105737928	105937928	harbor2	chr14	105820856	105821402	LTR/ERV1	2863	-	273	105821129	83201
chr14	105737928	105937928	harbor2	chr14	105821712	105823459	LTR/ERV1	4208	-	874	105822586	84658
chr14	105737928	105937928	harbor2	chr14	105823667	105824028	LTR/ERV1	1643	-	180	105823847	85919
chr14	105737928	105937928	harbor2	chr14	105825112	105825276	LTR/ERV1	708	-	82	105825194	87266
chr14	105737928	105937928	harbor2	chr14	105831763	105832184	LTR/ERV1	6108	-	210	105831973	94045
chr14	105737928	105937928	harbor2	chr14	105832317	105832536	LTR/ERV1	6108	-	110	105832427	94499
chr14	105737928	105937928	harbor2	chr14	105832827	105833971	LTR/ERV1	6797	-	572	105833399	95471
chr14	105737928	105937928	harbor2	chr14	105834279	105835149	LTR/ERV1	6797	-	435	105834714	96786
chr14	105737928	105937928	harbor2	chr14	105835222	105835676	LTR/ERV1	2535	-	227	105835449	97521
chr14	67259750	67459750	harbor2	chr14	67268331	67268907	LTR/ERV1	4007	-	288	67268619	8869
chr14	67259750	67459750	harbor2	chr14	67357606	67358230	LTR/ERV1	2520	-	312	67357918	98168
chr14	24048951	24248951	harbor2	chr14	24091822	24092013	LTR/ERV1	998	-	96	24091918	42967
chr14	103423404	103623404	harbor2	chr14	103427182	103427217	LTR/ERV1	3817	-	18	103427200	3796
chr14	103423404	103623404	harbor2	chr14	103427526	103428035	LTR/ERV1	3817	-	254	103427780	4376
chr14	103423404	103623404	harbor2	chr14	103428036	103428202	LTR/ERV1	1061	-	83	103428119	4715
chr14	103423404	103623404	harbor2	chr14	103432444	103432568	LTR/ERV1	911	-	62	103432506	9102
chr14	103423404	103623404	harbor2	chr14	103432864	103432947	LTR/ERV1	911	-	42	103432906	9502
chr14	103423404	103623404	harbor2	chr14	103432921	103433068	LTR/ERV1	596	-	74	103432995	9591
chr14	103423404	103623404	harbor2	chr14	103433387	103433411	LTR/ERV1	596	-	12	103433399	9995
chr14	103423404	103623404	harbor2	chr14	103433704	103433897	LTR/ERV1	1008	-	96	103433800	10396
chr14	103423404	103623404	harbor2	chr14	103433898	103434276	LTR/ERV1	1763	-	189	103434087	10683
chr14	103423404	103623404	harbor2	chr14	103434385	103434782	LTR/ERV1	1752	-	198	103434583	11179
chr14	72458724	72658724	harbor2	chr14	72492082	72492696	LTR/ERV1	3335	-	307	72492389	33665
chr14	24047661	24247661	harbor2	chr14	24091822	24092013	LTR/ERV1	998	-	96	24091918	44257
chr14	105388149	105588149	harbor2	chr14	105402947	105403486	LTR/ERV1	3424	-	270	105403217	15068
chr14	23986853	24186853	harbor2	chr14	24009249	24009695	LTR/ERV1	3432	-	223	24009472	22619
chr14	23986853	24186853	harbor2	chr14	24015771	24016022	LTR/ERV1	1710	-	126	24015897	29044
chr14	103427586	103627586	harbor2	chr14	103427526	103428035	LTR/ERV1	3817	-	254	103427780	194
chr14	103427586	103627586	harbor2	chr14	103428036	103428202	LTR/ERV1	1061	-	83	103428119	533
chr14	103427586	103627586	harbor2	chr14	103432444	103432568	LTR/ERV1	911	-	62	103432506	4920
chr14	103427586	103627586	harbor2	chr14	103432864	103432947	LTR/ERV1	911	-	42	103432906	5320
chr14	103427586	103627586	harbor2	chr14	103432921	103433068	LTR/ERV1	596	-	74	103432995	5409
chr14	103427586	103627586	harbor2	chr14	103433387	103433411	LTR/ERV1	596	-	12	103433399	5813
chr14	103427586	103627586	harbor2	chr14	103433704	103433897	LTR/ERV1	1008	-	96	103433800	6214
chr14	103427586	103627586	harbor2	chr14	103433898	103434276	LTR/ERV1	1763	-	189	103434087	6501
chr14	103427586	103627586	harbor2	chr14	103434385	103434782	LTR/ERV1	1752	-	198	103434583	6997
chr14	104792593	104992593	harbor2	chr14	104828086	104828414	LTR/ERV1	2123	-	164	104828250	35657
chr14	24048169	24248169	harbor2	chr14	24091822	24092013	LTR/ERV1	998	-	96	24091918	43749
chr14	104416747	104616747	harbor2	chr14	104488546	104489369	LTR/ERV1	3038	-	412	104488958	72211
chr14	91474914	91674914	harbor2	chr14	91517923	91518376	LTR/ERV1	1635	-	226	91518149	43235
chr14	91474914	91674914	harbor2	chr14	91567235	91567340	LTR/ERV1	4171	-	52	91567287	92373
chr14	91474914	91674914	harbor2	chr14	91567646	91568205	LTR/ERV1	4171	-	280	91567926	93012
chr14	103637279	103837279	harbor2	chr14	103643453	103643645	LTR/ERV1	1603	-	96	103643549	6270
chr14	103637279	103837279	harbor2	chr14	103643869	103643881	LTR/ERV1	1603	-	6	103643875	6596
chr14	103637279	103837279	harbor2	chr14	103718882	103719107	LTR/ERV1	518	-	112	103718994	81715
chr14	103637279	103837279	harbor2	chr14	103719473	103719710	LTR/ERV1	704	-	118	103719591	82312
chr14	103428564	103628564	harbor2	chr14	103432444	103432568	LTR/ERV1	911	-	62	103432506	3942
chr14	103428564	103628564	harbor2	chr14	103432864	103432947	LTR/ERV1	911	-	42	103432906	4342
chr14	103428564	103628564	harbor2	chr14	103432921	103433068	LTR/ERV1	596	-	74	103432995	4431
chr14	103428564	103628564	harbor2	chr14	103433387	103433411	LTR/ERV1	596	-	12	103433399	4835
chr14	103428564	103628564	harbor2	chr14	103433704	103433897	LTR/ERV1	1008	-	96	103433800	5236
chr14	103428564	103628564	harbor2	chr14	103433898	103434276	LTR/ERV1	1763	-	189	103434087	5523
chr14	103428564	103628564	harbor2	chr14	103434385	103434782	LTR/ERV1	1752	-	198	103434583	6019
chr14	100185458	100385458	harbor2	chr14	100185189	100185730	LTR/ERV1	3710	-	270	100185459	1
chr14	100185458	100385458	harbor2	chr14	100186057	100186228	LTR/ERV1	3710	-	86	100186143	685
chr14	100185458	100385458	harbor2	chr14	100207327	100208697	LTR/ERV1	9132	-	685	100208012	22554
chr14	104017092	104217092	harbor2	chr14	104084541	104084943	LTR/ERV1	2356	-	201	104084742	67650
chr14	104017092	104217092	harbor2	chr14	104089587	104089687	LTR/ERV1	529	-	50	104089637	72545
chr14	76928673	77128673	harbor2	chr14	76962763	76962959	LTR/ERV1	3070	-	98	76962861	34188
chr14	76928673	77128673	harbor2	chr14	76963262	76963621	LTR/ERV1	3070	-	180	76963442	34769
chr14	90288480	90488480	harbor2	chr14	90347389	90347523	LTR/ERV1	2394	-	67	90347456	58976
chr14	90288480	90488480	harbor2	chr14	90347813	90348020	LTR/ERV1	2394	-	104	90347917	59437
chr14	105058745	105258745	harbor2	chr14	105114673	105114818	LTR/ERV1	2599	-	72	105114745	56000
chr14	105058745	105258745	harbor2	chr14	105115126	105115614	LTR/ERV1	2599	-	244	105115370	56625
chr14	105058745	105258745	harbor2	chr14	105115657	105115917	LTR/ERV1	1369	-	130	105115787	57042
chr15	29170198	29370198	harbor2	chr15	29207256	29207744	LTR/ERV1	3085	-	244	29207500	37302
chr15	29170198	29370198	harbor2	chr15	29216879	29217411	LTR/ERV1	4001	-	266	29217145	46947
chr15	29170198	29370198	harbor2	chr15	29223988	29225311	LTR/ERV1	9357	-	662	29224650	54452
chr15	67422011	67622011	harbor2	chr15	67487932	67488030	LTR/ERV1	1268	-	49	67487981	65970
chr15	67422011	67622011	harbor2	chr15	67488341	67488593	LTR/ERV1	1268	-	126	67488467	66456
chr15	67422011	67622011	harbor2	chr15	67488960	67489005	LTR/ERV1	1268	-	22	67488982	66971
chr15	67422011	67622011	harbor2	chr15	67505944	67506474	LTR/ERV1	2932	-	265	67506209	84198
chr15	67422011	67622011	harbor2	chr15	67513106	67513621	LTR/ERV1	3116	-	258	67513364	91353
chr15	67422011	67622011	harbor2	chr15	67517914	67518261	LTR/ERV1	2113	-	174	67518088	96077
chr15	67422011	67622011	harbor2	chr15	67518573	67518685	LTR/ERV1	2113	-	56	67518629	96618
chr15	74947206	75147206	harbor2	chr15	75031357	75031444	LTR/ERV1	1566	-	44	75031401	84195
chr15	74947206	75147206	harbor2	chr15	75031729	75032162	LTR/ERV1	1566	-	216	75031945	84739
chr15	67421689	67621689	harbor2	chr15	67487932	67488030	LTR/ERV1	1268	-	49	67487981	66292
chr15	67421689	67621689	harbor2	chr15	67488341	67488593	LTR/ERV1	1268	-	126	67488467	66778
chr15	67421689	67621689	harbor2	chr15	67488960	67489005	LTR/ERV1	1268	-	22	67488982	67293
chr15	67421689	67621689	harbor2	chr15	67505944	67506474	LTR/ERV1	2932	-	265	67506209	84520
chr15	67421689	67621689	harbor2	chr15	67513106	67513621	LTR/ERV1	3116	-	258	67513364	91675
chr15	67421689	67621689	harbor2	chr15	67517914	67518261	LTR/ERV1	2113	-	174	67518088	96399
chr15	67421689	67621689	harbor2	chr15	67518573	67518685	LTR/ERV1	2113	-	56	67518629	96940
chr15	35496867	35696867	harbor2	chr15	35547792	35548427	LTR/ERV1	4167	-	318	35548110	51243
chr15	35457632	35657632	harbor2	chr15	35547792	35548427	LTR/ERV1	4167	-	318	35548110	90478
chr15	45030353	45230353	harbor2	chr15	45033529	45034050	LTR/ERV1	2531	-	260	45033789	3436
chr15	45030353	45230353	harbor2	chr15	45048640	45049244	LTR/ERV1	2831	-	302	45048942	18589
chr15	45030353	45230353	harbor2	chr15	45049247	45050086	LTR/ERV1	12225	-	420	45049667	19314
chr15	45030353	45230353	harbor2	chr15	45050381	45052138	LTR/ERV1	12225	-	878	45051259	20906
chr15	45030353	45230353	harbor2	chr15	45052115	45052246	LTR/ERV1	701	-	66	45052181	21828
chr15	45030353	45230353	harbor2	chr15	45052240	45052678	LTR/ERV1	2365	-	219	45052459	22106
chr15	45030353	45230353	harbor2	chr15	45057842	45058561	LTR/ERV1	4159	-	360	45058202	27849
chr15	45030353	45230353	harbor2	chr15	45058594	45059218	LTR/ERV1	2558	-	312	45058906	28553
chr15	35449060	35649060	harbor2	chr15	35547792	35548427	LTR/ERV1	4167	-	318	35548110	99050
chr15	36839296	37039296	harbor2	chr15	36846101	36846487	LTR/ERV1	2443	-	193	36846294	6998
chr15	67441395	67641395	harbor2	chr15	67487932	67488030	LTR/ERV1	1268	-	49	67487981	46586
chr15	67441395	67641395	harbor2	chr15	67488341	67488593	LTR/ERV1	1268	-	126	67488467	47072
chr15	67441395	67641395	harbor2	chr15	67488960	67489005	LTR/ERV1	1268	-	22	67488982	47587
chr15	67441395	67641395	harbor2	chr15	67505944	67506474	LTR/ERV1	2932	-	265	67506209	64814
chr15	67441395	67641395	harbor2	chr15	67513106	67513621	LTR/ERV1	3116	-	258	67513364	71969
chr15	67441395	67641395	harbor2	chr15	67517914	67518261	LTR/ERV1	2113	-	174	67518088	76693
chr15	67441395	67641395	harbor2	chr15	67518573	67518685	LTR/ERV1	2113	-	56	67518629	77234
chr15	35449368	35649368	harbor2	chr15	35547792	35548427	LTR/ERV1	4167	-	318	35548110	98742
chr15	45378429	45578429	harbor2	chr15	45435009	45435578	LTR/ERV1	1516	-	284	45435293	56864
chr15	45378429	45578429	harbor2	chr15	45439484	45439900	LTR/ERV1	1294	-	208	45439692	61263
chr15	45378429	45578429	harbor2	chr15	45470156	45470351	LTR/ERV1	2456	-	98	45470254	91825
chr15	45378429	45578429	harbor2	chr15	45470660	45471010	LTR/ERV1	2456	-	175	45470835	92406
chr15	45378429	45578429	harbor2	chr15	45471303	45471335	LTR/ERV1	2351	-	16	45471319	92890
chr15	45378429	45578429	harbor2	chr15	45471679	45471719	LTR/ERV1	2351	-	20	45471699	93270
chr15	67422183	67622183	harbor2	chr15	67487932	67488030	LTR/ERV1	1268	-	49	67487981	65798
chr15	67422183	67622183	harbor2	chr15	67488341	67488593	LTR/ERV1	1268	-	126	67488467	66284
chr15	67422183	67622183	harbor2	chr15	67488960	67489005	LTR/ERV1	1268	-	22	67488982	66799
chr15	67422183	67622183	harbor2	chr15	67505944	67506474	LTR/ERV1	2932	-	265	67506209	84026
chr15	67422183	67622183	harbor2	chr15	67513106	67513621	LTR/ERV1	3116	-	258	67513364	91181
chr15	67422183	67622183	harbor2	chr15	67517914	67518261	LTR/ERV1	2113	-	174	67518088	95905
chr15	67422183	67622183	harbor2	chr15	67518573	67518685	LTR/ERV1	2113	-	56	67518629	96446
chr15	36495947	36695947	harbor2	chr15	36546343	36546425	LTR/ERV1	3567	-	41	36546384	50437
chr15	36495947	36695947	harbor2	chr15	36546783	36547381	LTR/ERV1	3567	-	299	36547082	51135
chr15	35467871	35667871	harbor2	chr15	35547792	35548427	LTR/ERV1	4167	-	318	35548110	80239
chr15	32618800	32818800	harbor2	chr15	32700434	32700801	LTR/ERV1	2114	-	184	32700618	81818
chr15	67422192	67622192	harbor2	chr15	67487932	67488030	LTR/ERV1	1268	-	49	67487981	65789
chr15	67422192	67622192	harbor2	chr15	67488341	67488593	LTR/ERV1	1268	-	126	67488467	66275
chr15	67422192	67622192	harbor2	chr15	67488960	67489005	LTR/ERV1	1268	-	22	67488982	66790
chr15	67422192	67622192	harbor2	chr15	67505944	67506474	LTR/ERV1	2932	-	265	67506209	84017
chr15	67422192	67622192	harbor2	chr15	67513106	67513621	LTR/ERV1	3116	-	258	67513364	91172
chr15	67422192	67622192	harbor2	chr15	67517914	67518261	LTR/ERV1	2113	-	174	67518088	95896
chr15	67422192	67622192	harbor2	chr15	67518573	67518685	LTR/ERV1	2113	-	56	67518629	96437
chr15	36491544	36691544	harbor2	chr15	36546343	36546425	LTR/ERV1	3567	-	41	36546384	54840
chr15	36491544	36691544	harbor2	chr15	36546783	36547381	LTR/ERV1	3567	-	299	36547082	55538
chr15	79333661	79533661	harbor2	chr15	79363768	79363982	LTR/ERV1	4664	-	107	79363875	30214
chr15	79333661	79533661	harbor2	chr15	79365163	79365394	LTR/ERV1	4664	-	116	79365279	31618
chr15	79333661	79533661	harbor2	chr15	79365395	79365833	LTR/ERV1	3495	-	219	79365614	31953
chr15	79333661	79533661	harbor2	chr15	79365834	79365954	LTR/ERV1	4664	-	60	79365894	32233
chr15	79333661	79533661	harbor2	chr15	79366447	79366663	LTR/ERV1	4664	-	108	79366555	32894
chr15	79333661	79533661	harbor2	chr15	79367290	79367432	LTR/ERV1	720	-	71	79367361	33700
chr15	79333661	79533661	harbor2	chr15	79367686	79368271	LTR/ERV1	3907	-	292	79367978	34317
chr15	79333661	79533661	harbor2	chr15	79368366	79368682	LTR/ERV1	2708	-	158	79368524	34863
chr15	79333661	79533661	harbor2	chr15	79369606	79369842	LTR/ERV1	2708	-	118	79369724	36063
chr15	79333661	79533661	harbor2	chr15	79369959	79370098	LTR/ERV1	738	-	70	79370029	36368
chr15	79333661	79533661	harbor2	chr15	79371401	79372165	LTR/ERV1	2523	-	382	79371783	38122
chr15	79333661	79533661	harbor2	chr15	79373606	79374484	LTR/ERV1	5794	-	439	79374045	40384
chr15	79333661	79533661	harbor2	chr15	79385477	79385888	LTR/ERV1	2055	-	206	79385683	52022
chr15	79333661	79533661	harbor2	chr15	79363983	79364420	LTR/ERV1	2932	-	218	79364201	30540
chr15	67422567	67622567	harbor2	chr15	67487932	67488030	LTR/ERV1	1268	-	49	67487981	65414
chr15	67422567	67622567	harbor2	chr15	67488341	67488593	LTR/ERV1	1268	-	126	67488467	65900
chr15	67422567	67622567	harbor2	chr15	67488960	67489005	LTR/ERV1	1268	-	22	67488982	66415
chr15	67422567	67622567	harbor2	chr15	67505944	67506474	LTR/ERV1	2932	-	265	67506209	83642
chr15	67422567	67622567	harbor2	chr15	67513106	67513621	LTR/ERV1	3116	-	258	67513364	90797
chr15	67422567	67622567	harbor2	chr15	67517914	67518261	LTR/ERV1	2113	-	174	67518088	95521
chr15	67422567	67622567	harbor2	chr15	67518573	67518685	LTR/ERV1	2113	-	56	67518629	96062
chr15	67441016	67641016	harbor2	chr15	67487932	67488030	LTR/ERV1	1268	-	49	67487981	46965
chr15	67441016	67641016	harbor2	chr15	67488341	67488593	LTR/ERV1	1268	-	126	67488467	47451
chr15	67441016	67641016	harbor2	chr15	67488960	67489005	LTR/ERV1	1268	-	22	67488982	47966
chr15	67441016	67641016	harbor2	chr15	67505944	67506474	LTR/ERV1	2932	-	265	67506209	65193
chr15	67441016	67641016	harbor2	chr15	67513106	67513621	LTR/ERV1	3116	-	258	67513364	72348
chr15	67441016	67641016	harbor2	chr15	67517914	67518261	LTR/ERV1	2113	-	174	67518088	77072
chr15	67441016	67641016	harbor2	chr15	67518573	67518685	LTR/ERV1	2113	-	56	67518629	77613
chr15	34109976	34309976	harbor2	chr15	34154726	34155010	LTR/ERV1	1543	-	142	34154868	44892
chr15	34109976	34309976	harbor2	chr15	34155060	34155228	LTR/ERV1	1543	-	84	34155144	45168
chr15	34109976	34309976	harbor2	chr15	34155232	34159369	LTR/ERV1	22131	-	2068	34157300	47324
chr15	34109976	34309976	harbor2	chr15	34159375	34160640	LTR/ERV1	5142	-	632	34160007	50031
chr15	34109976	34309976	harbor2	chr15	34161460	34161977	LTR/ERV1	2196	-	258	34161718	51742
chr15	34109976	34309976	harbor2	chr15	34185595	34186083	LTR/ERV1	3568	-	244	34185839	75863
chr15	34109976	34309976	harbor2	chr15	34186087	34186175	LTR/ERV1	655	-	44	34186131	76155
chr15	34109976	34309976	harbor2	chr15	34186175	34186201	LTR/ERV1	1769	-	13	34186188	76212
chr15	34109976	34309976	harbor2	chr15	34187496	34187856	LTR/ERV1	7443	-	180	34187676	77700
chr15	34109976	34309976	harbor2	chr15	34188169	34188274	LTR/ERV1	7443	-	52	34188221	78245
chr15	34109976	34309976	harbor2	chr15	34188576	34189040	LTR/ERV1	7443	-	232	34188808	78832
chr15	34109976	34309976	harbor2	chr15	34189324	34189827	LTR/ERV1	7443	-	252	34189576	79600
chr15	34109976	34309976	harbor2	chr15	34199533	34200172	LTR/ERV1	3671	-	320	34199853	89877
chr15	34109976	34309976	harbor2	chr15	34160634	34161443	LTR/ERV1	2154	-	404	34161038	51062
chr15	36787076	36987076	harbor2	chr15	36846101	36846487	LTR/ERV1	2443	-	193	36846294	59218
chr15	29945312	30145312	harbor2	chr15	30026235	30026686	LTR/ERV1	2689	-	226	30026461	81149
chr15	65277620	65477620	harbor2	chr15	65300211	65301637	LTR/ERV1	8463	-	713	65300924	23304
chr15	35537214	35737214	harbor2	chr15	35547792	35548427	LTR/ERV1	4167	-	318	35548110	10896
chr15	35537214	35737214	harbor2	chr15	35598314	35598460	LTR/ERV1	448	-	73	35598387	61173
chr15	101624468	101824468	harbor2	chr15	101636247	101636655	LTR/ERV1	747	-	204	101636451	11983
chr15	101624468	101824468	harbor2	chr15	101636915	101637647	LTR/ERV1	3837	-	366	101637281	12813
chr15	74743181	74943181	harbor2	chr15	74746805	74747009	LTR/ERV1	485	-	102	74746907	3726
chr15	74743181	74943181	harbor2	chr15	74779139	74779520	LTR/ERV1	1784	-	190	74779329	36148
chr15	67424695	67624695	harbor2	chr15	67487932	67488030	LTR/ERV1	1268	-	49	67487981	63286
chr15	67424695	67624695	harbor2	chr15	67488341	67488593	LTR/ERV1	1268	-	126	67488467	63772
chr15	67424695	67624695	harbor2	chr15	67488960	67489005	LTR/ERV1	1268	-	22	67488982	64287
chr15	67424695	67624695	harbor2	chr15	67505944	67506474	LTR/ERV1	2932	-	265	67506209	81514
chr15	67424695	67624695	harbor2	chr15	67513106	67513621	LTR/ERV1	3116	-	258	67513364	88669
chr15	67424695	67624695	harbor2	chr15	67517914	67518261	LTR/ERV1	2113	-	174	67518088	93393
chr15	67424695	67624695	harbor2	chr15	67518573	67518685	LTR/ERV1	2113	-	56	67518629	93934
chr15	74947209	75147209	harbor2	chr15	75031357	75031444	LTR/ERV1	1566	-	44	75031401	84192
chr15	74947209	75147209	harbor2	chr15	75031729	75032162	LTR/ERV1	1566	-	216	75031945	84736
chr15	35569538	35769538	harbor2	chr15	35598314	35598460	LTR/ERV1	448	-	73	35598387	28849
chr15	96462468	96662468	harbor2	chr15	96481146	96481522	LTR/ERV1	2138	-	188	96481334	18866
chr15	96462468	96662468	harbor2	chr15	96490967	96492402	LTR/ERV1	10190	-	718	96491685	29217
chr15	96462468	96662468	harbor2	chr15	96514455	96514589	LTR/ERV1	1074	-	67	96514522	52054
chr15	96462468	96662468	harbor2	chr15	96514964	96515226	LTR/ERV1	1074	-	131	96515095	52627
chr15	78669137	78869137	harbor2	chr15	78748385	78748595	LTR/ERV1	1014	-	105	78748490	79353
chr15	78669137	78869137	harbor2	chr15	78748888	78749015	LTR/ERV1	1014	-	64	78748952	79815
chr15	78669137	78869137	harbor2	chr15	78749193	78749313	LTR/ERV1	1014	-	60	78749253	80116
chr15	50808701	51008701	harbor2	chr15	50811176	50811362	LTR/ERV1	1715	-	93	50811269	2568
chr15	50808701	51008701	harbor2	chr15	50811656	50811788	LTR/ERV1	1715	-	66	50811722	3021
chr15	50808701	51008701	harbor2	chr15	50813097	50813508	LTR/ERV1	2160	-	206	50813303	4602
chr15	50808701	51008701	harbor2	chr15	50866674	50866859	LTR/ERV1	6057	-	92	50866766	58065
chr15	50808701	51008701	harbor2	chr15	50867159	50867745	LTR/ERV1	6057	-	293	50867452	58751
chr15	50808701	51008701	harbor2	chr15	50870443	50871218	LTR/ERV1	1597	-	388	50870831	62130
chr15	50808701	51008701	harbor2	chr15	50873858	50874704	LTR/ERV1	4967	-	423	50874281	65580
chr15	50808701	51008701	harbor2	chr15	50874705	50875048	LTR/ERV1	5568	-	172	50874877	66176
chr15	50808701	51008701	harbor2	chr15	50875361	50875773	LTR/ERV1	5568	-	206	50875567	66866
chr15	50808701	51008701	harbor2	chr15	50906967	50907541	LTR/ERV1	3125	-	287	50907254	98553
chr15	50808701	51008701	harbor2	chr15	50871394	50873284	LTR/ERV1	2762	-	945	50872339	63638
chr15	67422133	67622133	harbor2	chr15	67487932	67488030	LTR/ERV1	1268	-	49	67487981	65848
chr15	67422133	67622133	harbor2	chr15	67488341	67488593	LTR/ERV1	1268	-	126	67488467	66334
chr15	67422133	67622133	harbor2	chr15	67488960	67489005	LTR/ERV1	1268	-	22	67488982	66849
chr15	67422133	67622133	harbor2	chr15	67505944	67506474	LTR/ERV1	2932	-	265	67506209	84076
chr15	67422133	67622133	harbor2	chr15	67513106	67513621	LTR/ERV1	3116	-	258	67513364	91231
chr15	67422133	67622133	harbor2	chr15	67517914	67518261	LTR/ERV1	2113	-	174	67518088	95955
chr15	67422133	67622133	harbor2	chr15	67518573	67518685	LTR/ERV1	2113	-	56	67518629	96496
chr15	29334927	29534927	harbor2	chr15	29423942	29424498	LTR/ERV1	2978	-	278	29424220	89293
chr15	69999345	70199345	harbor2	chr15	70022943	70023379	LTR/ERV1	2236	-	218	70023161	23816
chr15	74743183	74943183	harbor2	chr15	74746805	74747009	LTR/ERV1	485	-	102	74746907	3724
chr15	74743183	74943183	harbor2	chr15	74779139	74779520	LTR/ERV1	1784	-	190	74779329	36146
chr15	72428517	72628517	harbor2	chr15	72503707	72504050	LTR/ERV1	4179	-	172	72503879	75362
chr15	72428517	72628517	harbor2	chr15	72504354	72504826	LTR/ERV1	4179	-	236	72504590	76073
chr15	41521437	41721437	harbor2	chr15	41593519	41594154	LTR/ERV1	4878	-	318	41593837	72400
chr15	41521437	41721437	harbor2	chr15	41594954	41595075	LTR/ERV1	3846	-	60	41595014	73577
chr15	41521437	41721437	harbor2	chr15	41595385	41595712	LTR/ERV1	3846	-	164	41595549	74112
chr15	41521437	41721437	harbor2	chr15	41596015	41596178	LTR/ERV1	3846	-	82	41596097	74660
chr15	29332913	29532913	harbor2	chr15	29423942	29424498	LTR/ERV1	2978	-	278	29424220	91307
chr15	20980576	21180576	harbor2	chr15	21019091	21019674	LTR/ERV1	1656	-	292	21019383	38807
chr15	20980576	21180576	harbor2	chr15	21030291	21030875	LTR/ERV1	3786	-	292	21030583	50007
chr15	20980576	21180576	harbor2	chr15	21031187	21031243	LTR/ERV1	3786	-	28	21031215	50639
chr15	20980576	21180576	harbor2	chr15	21035768	21035914	LTR/ERV1	632	-	73	21035841	55265
chr15	20980576	21180576	harbor2	chr15	21071688	21071831	LTR/ERV1	506	-	72	21071760	91184
chr15	20980576	21180576	harbor2	chr15	21075413	21075625	LTR/ERV1	1057	-	106	21075519	94943
chr15	20980576	21180576	harbor2	chr15	21076515	21076845	LTR/ERV1	1922	-	165	21076680	96104
chr15	29169893	29369893	harbor2	chr15	29207256	29207744	LTR/ERV1	3085	-	244	29207500	37607
chr15	29169893	29369893	harbor2	chr15	29216879	29217411	LTR/ERV1	4001	-	266	29217145	47252
chr15	29169893	29369893	harbor2	chr15	29223988	29225311	LTR/ERV1	9357	-	662	29224650	54757
chr15	35569564	35769564	harbor2	chr15	35598314	35598460	LTR/ERV1	448	-	73	35598387	28823
chr15	63405661	63605661	harbor2	chr15	63478389	63478569	LTR/ERV1	447	-	90	63478479	72818
chr15	21245089	21445089	harbor2	chr15	21273862	21274068	LTR/ERV1	4647	-	103	21273965	28876
chr15	21245089	21445089	harbor2	chr15	21274369	21274805	LTR/ERV1	4647	-	218	21274587	29498
chr15	21245089	21445089	harbor2	chr15	21285275	21285697	LTR/ERV1	2138	-	211	21285486	40397
chr15	21245089	21445089	harbor2	chr15	21341532	21341726	LTR/ERV1	1054	-	97	21341629	96540
chr15	64052241	64252241	harbor2	chr15	64096864	64097498	LTR/ERV1	4487	-	317	64097181	44940
chr15	67428161	67628161	harbor2	chr15	67487932	67488030	LTR/ERV1	1268	-	49	67487981	59820
chr15	67428161	67628161	harbor2	chr15	67488341	67488593	LTR/ERV1	1268	-	126	67488467	60306
chr15	67428161	67628161	harbor2	chr15	67488960	67489005	LTR/ERV1	1268	-	22	67488982	60821
chr15	67428161	67628161	harbor2	chr15	67505944	67506474	LTR/ERV1	2932	-	265	67506209	78048
chr15	67428161	67628161	harbor2	chr15	67513106	67513621	LTR/ERV1	3116	-	258	67513364	85203
chr15	67428161	67628161	harbor2	chr15	67517914	67518261	LTR/ERV1	2113	-	174	67518088	89927
chr15	67428161	67628161	harbor2	chr15	67518573	67518685	LTR/ERV1	2113	-	56	67518629	90468
chr15	69999529	70199529	harbor2	chr15	70022943	70023379	LTR/ERV1	2236	-	218	70023161	23632
chr15	35616949	35816949	harbor2	chr15	35699901	35700500	LTR/ERV1	4048	-	300	35700201	83252
chr15	36837616	37037616	harbor2	chr15	36846101	36846487	LTR/ERV1	2443	-	193	36846294	8678
chr15	79823750	80023750	harbor2	chr15	79872398	79872910	LTR/ERV1	2968	-	256	79872654	48904
chr15	79823750	80023750	harbor2	chr15	79878218	79878898	LTR/ERV1	4223	-	340	79878558	54808
chr15	79823750	80023750	harbor2	chr15	79909447	79909875	LTR/ERV1	3137	-	214	79909661	85911
chr15	79823750	80023750	harbor2	chr15	79915868	79916501	LTR/ERV1	4886	-	316	79916184	92434
chr15	79823750	80023750	harbor2	chr15	79916599	79918144	LTR/ERV1	3952	-	772	79917371	93621
chr15	79823750	80023750	harbor2	chr15	79918724	79918982	LTR/ERV1	1427	-	129	79918853	95103
chr15	79823750	80023750	harbor2	chr15	79919647	79920169	LTR/ERV1	2146	-	261	79919908	96158
chr15	79823750	80023750	harbor2	chr15	79920194	79920814	LTR/ERV1	4693	-	310	79920504	96754
chr15	45302521	45502521	harbor2	chr15	45321864	45322387	LTR/ERV1	2148	-	262	45322126	19605
chr15	45302521	45502521	harbor2	chr15	45325939	45326103	LTR/ERV1	3294	-	82	45326021	23500
chr15	45302521	45502521	harbor2	chr15	45326396	45326800	LTR/ERV1	3294	-	202	45326598	24077
chr15	45302521	45502521	harbor2	chr15	45332996	45333312	LTR/ERV1	583	-	158	45333154	30633
chr15	45302521	45502521	harbor2	chr15	45358184	45358289	LTR/ERV1	616	-	52	45358236	55715
chr15	56979942	57179942	harbor2	chr15	57018098	57018453	LTR/ERV1	2265	-	178	57018276	38334
chr15	56979942	57179942	harbor2	chr15	57018737	57018796	LTR/ERV1	2265	-	30	57018767	38825
chr15	56979942	57179942	harbor2	chr15	57019328	57020101	LTR/ERV1	4651	-	386	57019714	39772
chr15	74806668	75006668	harbor2	chr15	74878600	74878750	LTR/ERV1	872	-	75	74878675	72007
chr15	74806668	75006668	harbor2	chr15	74879040	74879057	LTR/ERV1	845	-	8	74879048	72380
chr15	74806668	75006668	harbor2	chr15	74879640	74879707	LTR/ERV1	1219	-	34	74879674	73006
chr15	74806668	75006668	harbor2	chr15	74880000	74880153	LTR/ERV1	1219	-	76	74880076	73408
chr15	74806668	75006668	harbor2	chr15	74882141	74883193	LTR/ERV1	6174	-	526	74882667	75999
chr15	74806668	75006668	harbor2	chr15	74884071	74884334	LTR/ERV1	1510	-	132	74884203	77535
chr15	74806668	75006668	harbor2	chr15	74884335	74884390	LTR/ERV1	3127	-	28	74884363	77695
chr15	74806668	75006668	harbor2	chr15	74884694	74885152	LTR/ERV1	3127	-	229	74884923	78255
chr15	74806668	75006668	harbor2	chr15	74885367	74885429	LTR/ERV1	3127	-	31	74885398	78730
chr15	74806668	75006668	harbor2	chr15	74885865	74885879	LTR/ERV1	3127	-	7	74885872	79204
chr15	74806668	75006668	harbor2	chr15	74886171	74886402	LTR/ERV1	3127	-	116	74886287	79619
chr15	29169897	29369897	harbor2	chr15	29207256	29207744	LTR/ERV1	3085	-	244	29207500	37603
chr15	29169897	29369897	harbor2	chr15	29216879	29217411	LTR/ERV1	4001	-	266	29217145	47248
chr15	29169897	29369897	harbor2	chr15	29223988	29225311	LTR/ERV1	9357	-	662	29224650	54753
chr15	35526392	35726392	harbor2	chr15	35547792	35548427	LTR/ERV1	4167	-	318	35548110	21718
chr15	35526392	35726392	harbor2	chr15	35598314	35598460	LTR/ERV1	448	-	73	35598387	71995
chr15	21245080	21445080	harbor2	chr15	21273862	21274068	LTR/ERV1	4647	-	103	21273965	28885
chr15	21245080	21445080	harbor2	chr15	21274369	21274805	LTR/ERV1	4647	-	218	21274587	29507
chr15	21245080	21445080	harbor2	chr15	21285275	21285697	LTR/ERV1	2138	-	211	21285486	40406
chr15	21245080	21445080	harbor2	chr15	21341532	21341726	LTR/ERV1	1054	-	97	21341629	96549
chr15	101624486	101824486	harbor2	chr15	101636247	101636655	LTR/ERV1	747	-	204	101636451	11965
chr15	101624486	101824486	harbor2	chr15	101636915	101637647	LTR/ERV1	3837	-	366	101637281	12795
chr15	45487658	45687658	harbor2	chr15	45532415	45532654	LTR/ERV1	1831	-	120	45532535	44877
chr15	45487658	45687658	harbor2	chr15	45532840	45533169	LTR/ERV1	2583	-	164	45533004	45346
chr15	45487658	45687658	harbor2	chr15	45551236	45551603	LTR/ERV1	2271	-	184	45551420	63762
chr15	45487658	45687658	harbor2	chr15	45573736	45574744	LTR/ERV1	3751	-	504	45574240	86582
chr15	45487658	45687658	harbor2	chr15	45581297	45581408	LTR/ERV1	3805	-	56	45581353	93695
chr15	45487658	45687658	harbor2	chr15	45581705	45582194	LTR/ERV1	3805	-	244	45581949	94291
chr15	45487658	45687658	harbor2	chr15	45583512	45583635	LTR/ERV1	1597	-	62	45583574	95916
chr15	45487658	45687658	harbor2	chr15	45583636	45584264	LTR/ERV1	4768	-	314	45583950	96292
chr15	45487658	45687658	harbor2	chr15	45584265	45584411	LTR/ERV1	1597	-	73	45584338	96680
chr15	45487658	45687658	harbor2	chr15	45584544	45584623	LTR/ERV1	2966	-	40	45584584	96926
chr15	45487658	45687658	harbor2	chr15	45584927	45584937	LTR/ERV1	2966	-	5	45584932	97274
chr15	45487658	45687658	harbor2	chr15	45585234	45585786	LTR/ERV1	2966	-	276	45585510	97852
chr15	45487658	45687658	harbor2	chr15	45547053	45547795	LTR/ERV1	5120	-	371	45547424	59766
chr15	73826340	74026340	harbor2	chr15	73910776	73911249	LTR/ERV1	602	-	236	73911012	84672
chr15	73826340	74026340	harbor2	chr15	73920422	73920863	LTR/ERV1	3833	-	220	73920642	94302
chr15	73826340	74026340	harbor2	chr15	73921158	73921349	LTR/ERV1	3833	-	96	73921254	94914
chr15	78668235	78868235	harbor2	chr15	78748385	78748595	LTR/ERV1	1014	-	105	78748490	80255
chr15	78668235	78868235	harbor2	chr15	78748888	78749015	LTR/ERV1	1014	-	64	78748952	80717
chr15	78668235	78868235	harbor2	chr15	78749193	78749313	LTR/ERV1	1014	-	60	78749253	81018
chr15	49055735	49255735	harbor2	chr15	49055559	49056311	LTR/ERV1	8876	-	376	49055935	200
chr15	49055735	49255735	harbor2	chr15	49056350	49057112	LTR/ERV1	8399	-	381	49056731	996
chr15	49055735	49255735	harbor2	chr15	49062574	49063204	LTR/ERV1	3580	-	315	49062889	7154
chr15	49055735	49255735	harbor2	chr15	49063379	49063556	LTR/ERV1	983	-	88	49063467	7732
chr15	35455037	35655037	harbor2	chr15	35547792	35548427	LTR/ERV1	4167	-	318	35548110	93073
chr16	67059907	67259907	harbor2	chr16	67141398	67142927	LTR/ERV1	7233	-	764	67142162	82255
chr16	58760120	58960120	harbor2	chr16	58790072	58791350	LTR/ERV1	8256	-	639	58790711	30591
chr16	2665224	2865224	harbor2	chr16	2692195	2693045	LTR/ERV1	3140	-	425	2692620	27396
chr16	77182	277182	harbor2	chr16	156641	157079	LTR/ERV1	2156	-	219	156860	79678
chr16	53038047	53238047	harbor2	chr16	53038699	53038802	LTR/ERV1	582	-	52	53038751	704
chr16	4085358	4285358	harbor2	chr16	4110156	4110376	LTR/ERV1	2062	-	110	4110266	24908
chr16	4085358	4285358	harbor2	chr16	4110690	4110962	LTR/ERV1	2062	-	136	4110826	25468
chr16	1555502	1755502	harbor2	chr16	1639211	1639907	LTR/ERV1	2142	-	348	1639559	84057
chr16	427636	627636	harbor2	chr16	439555	439847	LTR/ERV1	1930	-	146	439701	12065
chr16	2838432	3038432	harbor2	chr16	2915919	2916064	LTR/ERV1	862	-	72	2915991	77559
chr16	2838432	3038432	harbor2	chr16	2916667	2916846	LTR/ERV1	862	-	90	2916757	78325
chr16	1017380	1217380	harbor2	chr16	1056155	1056612	LTR/ERV1	1850	-	228	1056383	39003
chr16	1017380	1217380	harbor2	chr16	1056831	1057237	LTR/ERV1	1800	-	203	1057034	39654
chr16	76322	276322	harbor2	chr16	156641	157079	LTR/ERV1	2156	-	219	156860	80538
chr16	4017125	4217125	harbor2	chr16	4110156	4110376	LTR/ERV1	2062	-	110	4110266	93141
chr16	4017125	4217125	harbor2	chr16	4110690	4110962	LTR/ERV1	2062	-	136	4110826	93701
chr16	1	168578	harbor2	chr16	26638	27108	LTR/ERV1	3534	-	235	26873	26872
chr16	56535582	56735582	harbor2	chr16	56583459	56583855	LTR/ERV1	1746	-	198	56583657	48075
chr16	88286761	88486761	harbor2	chr16	88324470	88324822	LTR/ERV1	1221	-	176	88324646	37885
chr16	71341038	71541038	harbor2	chr16	71398352	71398636	LTR/ERV1	1330	-	142	71398494	57456
chr16	71341038	71541038	harbor2	chr16	71399074	71399337	LTR/ERV1	1581	-	132	71399206	58168
chr16	71341038	71541038	harbor2	chr16	71399633	71399699	LTR/ERV1	1581	-	33	71399666	58628
chr16	71341038	71541038	harbor2	chr16	71399972	71400460	LTR/ERV1	2029	-	244	71400216	59178
chr16	71341038	71541038	harbor2	chr16	71437943	71438127	LTR/ERV1	981	-	92	71438035	96997
chr16	57703638	57903638	harbor2	chr16	57711388	57711571	LTR/ERV1	2039	-	92	57711480	7842
chr16	57703638	57903638	harbor2	chr16	57711572	57712239	LTR/ERV1	5003	-	334	57711906	8268
chr16	57703638	57903638	harbor2	chr16	57712240	57712472	LTR/ERV1	2039	-	116	57712356	8718
chr16	67110694	67310694	harbor2	chr16	67141398	67142927	LTR/ERV1	7233	-	764	67142162	31468
chr16	1	168358	harbor2	chr16	26638	27108	LTR/ERV1	3534	-	235	26873	26872
chr16	1606172	1806172	harbor2	chr16	1639211	1639907	LTR/ERV1	2142	-	348	1639559	33387
chr16	1	168450	harbor2	chr16	26638	27108	LTR/ERV1	3534	-	235	26873	26872
chr16	1892491	2092491	harbor2	chr16	1957337	1958737	LTR/ERV1	10224	-	700	1958037	65546
chr16	89098922	89298922	harbor2	chr16	89134114	89134881	LTR/ERV1	6122	-	384	89134498	35576
chr16	89098922	89298922	harbor2	chr16	89149397	89149953	LTR/ERV1	2081	-	278	89149675	50753
chr16	1606165	1806165	harbor2	chr16	1639211	1639907	LTR/ERV1	2142	-	348	1639559	33394
chr16	31115740	31315740	harbor2	chr16	31210685	31210741	LTR/ERV1	822	-	28	31210713	94973
chr16	31115740	31315740	harbor2	chr16	31211054	31211272	LTR/ERV1	822	-	109	31211163	95423
chr16	31042566	31242566	harbor2	chr16	31055827	31056169	LTR/ERV1	1466	-	171	31055998	13432
chr16	31042566	31242566	harbor2	chr16	31056779	31056854	LTR/ERV1	1333	-	38	31056817	14251
chr16	57884872	58084872	harbor2	chr16	57979753	57979785	LTR/ERV1	5472	-	16	57979769	94897
chr16	57884872	58084872	harbor2	chr16	57980081	57980685	LTR/ERV1	5472	-	302	57980383	95511
chr16	57884872	58084872	harbor2	chr16	57981015	57981098	LTR/ERV1	5472	-	42	57981057	96185
chr16	57884872	58084872	harbor2	chr16	57981434	57981501	LTR/ERV1	5472	-	34	57981468	96596
chr16	57884872	58084872	harbor2	chr16	57981805	57982011	LTR/ERV1	5472	-	103	57981908	97036
chr16	89220363	89420363	harbor2	chr16	89243270	89243538	LTR/ERV1	1456	-	134	89243404	23041
chr16	89220363	89420363	harbor2	chr16	89243774	89244131	LTR/ERV1	2269	-	178	89243952	23589
chr16	89220363	89420363	harbor2	chr16	89254865	89255214	LTR/ERV1	1554	-	174	89255039	34676
chr16	89220363	89420363	harbor2	chr16	89255527	89255598	LTR/ERV1	1554	-	36	89255563	35200
chr16	89220363	89420363	harbor2	chr16	89257256	89257874	LTR/ERV1	2385	-	309	89257565	37202
chr16	89220363	89420363	harbor2	chr16	89262158	89263063	LTR/ERV1	5292	-	452	89262610	42247
chr16	89220363	89420363	harbor2	chr16	89243537	89243773	LTR/ERV1	1379	-	118	89243655	23292
chr16	89542207	89742207	harbor2	chr16	89611432	89611950	LTR/ERV1	2372	-	259	89611691	69484
chr16	89542207	89742207	harbor2	chr16	89624352	89624533	LTR/ERV1	2621	-	90	89624442	82235
chr16	89542207	89742207	harbor2	chr16	89624834	89625222	LTR/ERV1	2621	-	194	89625028	82821
chr16	85109928	85309928	harbor2	chr16	85197292	85197455	LTR/ERV1	818	-	82	85197374	87446
chr16	1606161	1806161	harbor2	chr16	1639211	1639907	LTR/ERV1	2142	-	348	1639559	33398
chr16	57885293	58085293	harbor2	chr16	57979753	57979785	LTR/ERV1	5472	-	16	57979769	94476
chr16	57885293	58085293	harbor2	chr16	57980081	57980685	LTR/ERV1	5472	-	302	57980383	95090
chr16	57885293	58085293	harbor2	chr16	57981015	57981098	LTR/ERV1	5472	-	42	57981057	95764
chr16	57885293	58085293	harbor2	chr16	57981434	57981501	LTR/ERV1	5472	-	34	57981468	96175
chr16	57885293	58085293	harbor2	chr16	57981805	57982011	LTR/ERV1	5472	-	103	57981908	96615
chr16	57884864	58084864	harbor2	chr16	57979753	57979785	LTR/ERV1	5472	-	16	57979769	94905
chr16	57884864	58084864	harbor2	chr16	57980081	57980685	LTR/ERV1	5472	-	302	57980383	95519
chr16	57884864	58084864	harbor2	chr16	57981015	57981098	LTR/ERV1	5472	-	42	57981057	96193
chr16	57884864	58084864	harbor2	chr16	57981434	57981501	LTR/ERV1	5472	-	34	57981468	96604
chr16	57884864	58084864	harbor2	chr16	57981805	57982011	LTR/ERV1	5472	-	103	57981908	97044
chr16	57885269	58085269	harbor2	chr16	57979753	57979785	LTR/ERV1	5472	-	16	57979769	94500
chr16	57885269	58085269	harbor2	chr16	57980081	57980685	LTR/ERV1	5472	-	302	57980383	95114
chr16	57885269	58085269	harbor2	chr16	57981015	57981098	LTR/ERV1	5472	-	42	57981057	95788
chr16	57885269	58085269	harbor2	chr16	57981434	57981501	LTR/ERV1	5472	-	34	57981468	96199
chr16	57885269	58085269	harbor2	chr16	57981805	57982011	LTR/ERV1	5472	-	103	57981908	96639
chr16	14268480	14468480	harbor2	chr16	14312205	14312259	LTR/ERV1	3114	-	27	14312232	43752
chr16	14268480	14468480	harbor2	chr16	14312564	14312644	LTR/ERV1	3114	-	40	14312604	44124
chr16	14268480	14468480	harbor2	chr16	14312955	14313425	LTR/ERV1	3114	-	235	14313190	44710
chr16	1	170311	harbor2	chr16	26638	27108	LTR/ERV1	3534	-	235	26873	26872
chr16	1	168367	harbor2	chr16	26638	27108	LTR/ERV1	3534	-	235	26873	26872
chr16	428373	628373	harbor2	chr16	439555	439847	LTR/ERV1	1930	-	146	439701	11328
chr16	67980152	68180152	harbor2	chr16	68016275	68016518	LTR/ERV1	1895	-	122	68016397	36245
chr16	67980152	68180152	harbor2	chr16	68017070	68017170	LTR/ERV1	1895	-	50	68017120	36968
chr16	67980152	68180152	harbor2	chr16	68017474	68017512	LTR/ERV1	1895	-	19	68017493	37341
chr16	67980152	68180152	harbor2	chr16	68017817	68017887	LTR/ERV1	2065	-	35	68017852	37700
chr16	67980152	68180152	harbor2	chr16	68018187	68018477	LTR/ERV1	2065	-	145	68018332	38180
chr16	67090427	67290427	harbor2	chr16	67141398	67142927	LTR/ERV1	7233	-	764	67142162	51735
chr16	30435060	30635060	harbor2	chr16	30452895	30453356	LTR/ERV1	3768	-	230	30453125	18065
chr16	30435060	30635060	harbor2	chr16	30454559	30455010	LTR/ERV1	3740	-	226	30454785	19725
chr16	30435060	30635060	harbor2	chr16	30511799	30512275	LTR/ERV1	2769	-	238	30512037	76977
chr16	4084908	4284908	harbor2	chr16	4110156	4110376	LTR/ERV1	2062	-	110	4110266	25358
chr16	4084908	4284908	harbor2	chr16	4110690	4110962	LTR/ERV1	2062	-	136	4110826	25918
chr16	2870244	3070244	harbor2	chr16	2915919	2916064	LTR/ERV1	862	-	72	2915991	45747
chr16	2870244	3070244	harbor2	chr16	2916667	2916846	LTR/ERV1	862	-	90	2916757	46513
chr16	12056811	12256811	harbor2	chr16	12141358	12141998	LTR/ERV1	3890	-	320	12141678	84867
chr16	712066	912066	harbor2	chr16	809587	809923	LTR/ERV1	798	-	168	809755	97689
chr16	56508531	56708531	harbor2	chr16	56533956	56534089	LTR/ERV1	870	-	66	56534022	25491
chr16	56508531	56708531	harbor2	chr16	56534098	56534445	LTR/ERV1	966	-	174	56534272	25741
chr16	56508531	56708531	harbor2	chr16	56583459	56583855	LTR/ERV1	1746	-	198	56583657	75126
chr16	4084077	4284077	harbor2	chr16	4110156	4110376	LTR/ERV1	2062	-	110	4110266	26189
chr16	4084077	4284077	harbor2	chr16	4110690	4110962	LTR/ERV1	2062	-	136	4110826	26749
chr16	31042549	31242549	harbor2	chr16	31055827	31056169	LTR/ERV1	1466	-	171	31055998	13449
chr16	31042549	31242549	harbor2	chr16	31056779	31056854	LTR/ERV1	1333	-	38	31056817	14268
chr16	2865147	3065147	harbor2	chr16	2915919	2916064	LTR/ERV1	862	-	72	2915991	50844
chr16	2865147	3065147	harbor2	chr16	2916667	2916846	LTR/ERV1	862	-	90	2916757	51610
chr16	57891927	58091927	harbor2	chr16	57979753	57979785	LTR/ERV1	5472	-	16	57979769	87842
chr16	57891927	58091927	harbor2	chr16	57980081	57980685	LTR/ERV1	5472	-	302	57980383	88456
chr16	57891927	58091927	harbor2	chr16	57981015	57981098	LTR/ERV1	5472	-	42	57981057	89130
chr16	57891927	58091927	harbor2	chr16	57981434	57981501	LTR/ERV1	5472	-	34	57981468	89541
chr16	57891927	58091927	harbor2	chr16	57981805	57982011	LTR/ERV1	5472	-	103	57981908	89981
chr16	74311	274311	harbor2	chr16	156641	157079	LTR/ERV1	2156	-	219	156860	82549
chr16	616038	816038	harbor2	chr16	639143	639372	LTR/ERV1	1597	-	114	639257	23219
chr16	616038	816038	harbor2	chr16	639579	639890	LTR/ERV1	1645	-	156	639735	23697
chr16	4085175	4285175	harbor2	chr16	4110156	4110376	LTR/ERV1	2062	-	110	4110266	25091
chr16	4085175	4285175	harbor2	chr16	4110690	4110962	LTR/ERV1	2062	-	136	4110826	25651
chr16	56536591	56736591	harbor2	chr16	56583459	56583855	LTR/ERV1	1746	-	198	56583657	47066
chr16	57884877	58084877	harbor2	chr16	57979753	57979785	LTR/ERV1	5472	-	16	57979769	94892
chr16	57884877	58084877	harbor2	chr16	57980081	57980685	LTR/ERV1	5472	-	302	57980383	95506
chr16	57884877	58084877	harbor2	chr16	57981015	57981098	LTR/ERV1	5472	-	42	57981057	96180
chr16	57884877	58084877	harbor2	chr16	57981434	57981501	LTR/ERV1	5472	-	34	57981468	96591
chr16	57884877	58084877	harbor2	chr16	57981805	57982011	LTR/ERV1	5472	-	103	57981908	97031
chr16	31042564	31242564	harbor2	chr16	31055827	31056169	LTR/ERV1	1466	-	171	31055998	13434
chr16	31042564	31242564	harbor2	chr16	31056779	31056854	LTR/ERV1	1333	-	38	31056817	14253
chr16	71270097	71470097	harbor2	chr16	71292452	71292942	LTR/ERV1	2659	-	245	71292697	22600
chr16	71270097	71470097	harbor2	chr16	71297205	71297594	LTR/ERV1	1961	-	194	71297399	27302
chr16	4998410	5198410	harbor2	chr16	5034826	5035034	LTR/ERV1	3797	-	104	5034930	36520
chr16	4998410	5198410	harbor2	chr16	5035346	5035775	LTR/ERV1	3797	-	214	5035560	37150
chr16	1352047	1552047	harbor2	chr16	1423217	1423278	LTR/ERV1	783	-	30	1423247	71200
chr16	1352047	1552047	harbor2	chr16	1423635	1423760	LTR/ERV1	783	-	62	1423697	71650
chr16	1352047	1552047	harbor2	chr16	1423848	1423988	LTR/ERV1	985	-	70	1423918	71871
chr16	1909537	2109537	harbor2	chr16	1957337	1958737	LTR/ERV1	10224	-	700	1958037	48500
chr16	88052441	88252441	harbor2	chr16	88118689	88118898	LTR/ERV1	742	-	104	88118793	66352
chr16	1606151	1806151	harbor2	chr16	1639211	1639907	LTR/ERV1	2142	-	348	1639559	33408
chr16	2687897	2887897	harbor2	chr16	2692195	2693045	LTR/ERV1	3140	-	425	2692620	4723
chr16	67092199	67292199	harbor2	chr16	67141398	67142927	LTR/ERV1	7233	-	764	67142162	49963
chr16	1	169379	harbor2	chr16	26638	27108	LTR/ERV1	3534	-	235	26873	26872
chr16	81601	281601	harbor2	chr16	156641	157079	LTR/ERV1	2156	-	219	156860	75259
chr16	2865121	3065121	harbor2	chr16	2915919	2916064	LTR/ERV1	862	-	72	2915991	50870
chr16	2865121	3065121	harbor2	chr16	2916667	2916846	LTR/ERV1	862	-	90	2916757	51636
chr16	82831292	83031292	harbor2	chr16	82847954	82848394	LTR/ERV1	2412	-	220	82848174	16882
chr16	82831292	83031292	harbor2	chr16	82875616	82875835	LTR/ERV1	1669	-	110	82875726	44434
chr16	82831292	83031292	harbor2	chr16	82876203	82876457	LTR/ERV1	1669	-	127	82876330	45038
chr16	57892529	58092529	harbor2	chr16	57979753	57979785	LTR/ERV1	5472	-	16	57979769	87240
chr16	57892529	58092529	harbor2	chr16	57980081	57980685	LTR/ERV1	5472	-	302	57980383	87854
chr16	57892529	58092529	harbor2	chr16	57981015	57981098	LTR/ERV1	5472	-	42	57981057	88528
chr16	57892529	58092529	harbor2	chr16	57981434	57981501	LTR/ERV1	5472	-	34	57981468	88939
chr16	57892529	58092529	harbor2	chr16	57981805	57982011	LTR/ERV1	5472	-	103	57981908	89379
chr16	89119693	89319693	harbor2	chr16	89134114	89134881	LTR/ERV1	6122	-	384	89134498	14805
chr16	89119693	89319693	harbor2	chr16	89149397	89149953	LTR/ERV1	2081	-	278	89149675	29982
chr16	4085109	4285109	harbor2	chr16	4110156	4110376	LTR/ERV1	2062	-	110	4110266	25157
chr16	4085109	4285109	harbor2	chr16	4110690	4110962	LTR/ERV1	2062	-	136	4110826	25717
chr16	2873823	3073823	harbor2	chr16	2915919	2916064	LTR/ERV1	862	-	72	2915991	42168
chr16	2873823	3073823	harbor2	chr16	2916667	2916846	LTR/ERV1	862	-	90	2916757	42934
chr16	2868940	3068940	harbor2	chr16	2915919	2916064	LTR/ERV1	862	-	72	2915991	47051
chr16	2868940	3068940	harbor2	chr16	2916667	2916846	LTR/ERV1	862	-	90	2916757	47817
chr16	75364243	75564243	harbor2	chr16	75429819	75430160	LTR/ERV1	2493	-	170	75429989	65746
chr16	75364243	75564243	harbor2	chr16	75430756	75431015	LTR/ERV1	2493	-	130	75430886	66643
chr16	67399527	67599527	harbor2	chr16	67488980	67489386	LTR/ERV1	1920	-	203	67489183	89656
chr16	94823	294823	harbor2	chr16	156641	157079	LTR/ERV1	2156	-	219	156860	62037
chr17	7477694	7677694	harbor2	chr17	7522858	7523170	LTR/ERV1	1385	-	156	7523014	45320
chr17	7477694	7677694	harbor2	chr17	7523264	7523481	LTR/ERV1	9153	-	108	7523372	45678
chr17	7477694	7677694	harbor2	chr17	7524066	7524227	LTR/ERV1	9153	-	80	7524146	46452
chr17	7477694	7677694	harbor2	chr17	7524539	7524717	LTR/ERV1	9153	-	89	7524628	46934
chr17	7477694	7677694	harbor2	chr17	7525044	7526003	LTR/ERV1	9153	-	480	7525524	47830
chr17	7477694	7677694	harbor2	chr17	7526675	7527303	LTR/ERV1	10393	-	314	7526989	49295
chr17	7477694	7677694	harbor2	chr17	7527599	7527875	LTR/ERV1	10393	-	138	7527737	50043
chr17	7477694	7677694	harbor2	chr17	7528603	7529262	LTR/ERV1	10393	-	330	7528933	51239
chr17	7477694	7677694	harbor2	chr17	7529576	7529589	LTR/ERV1	847	-	6	7529582	51888
chr17	7477694	7677694	harbor2	chr17	7538200	7538472	LTR/ERV1	3158	-	136	7538336	60642
chr17	7477694	7677694	harbor2	chr17	7539077	7539489	LTR/ERV1	3158	-	206	7539283	61589
chr17	81925783	82125783	harbor2	chr17	81980535	81980883	LTR/ERV1	1876	-	174	81980709	54926
chr17	81925783	82125783	harbor2	chr17	81981031	81981366	LTR/ERV1	1202	-	168	81981199	55416
chr17	81925783	82125783	harbor2	chr17	81997207	81997367	LTR/ERV1	706	-	80	81997287	71504
chr17	7493808	7693808	harbor2	chr17	7522858	7523170	LTR/ERV1	1385	-	156	7523014	29206
chr17	7493808	7693808	harbor2	chr17	7523264	7523481	LTR/ERV1	9153	-	108	7523372	29564
chr17	7493808	7693808	harbor2	chr17	7524066	7524227	LTR/ERV1	9153	-	80	7524146	30338
chr17	7493808	7693808	harbor2	chr17	7524539	7524717	LTR/ERV1	9153	-	89	7524628	30820
chr17	7493808	7693808	harbor2	chr17	7525044	7526003	LTR/ERV1	9153	-	480	7525524	31716
chr17	7493808	7693808	harbor2	chr17	7526675	7527303	LTR/ERV1	10393	-	314	7526989	33181
chr17	7493808	7693808	harbor2	chr17	7527599	7527875	LTR/ERV1	10393	-	138	7527737	33929
chr17	7493808	7693808	harbor2	chr17	7528603	7529262	LTR/ERV1	10393	-	330	7528933	35125
chr17	7493808	7693808	harbor2	chr17	7529576	7529589	LTR/ERV1	847	-	6	7529582	35774
chr17	7493808	7693808	harbor2	chr17	7538200	7538472	LTR/ERV1	3158	-	136	7538336	44528
chr17	7493808	7693808	harbor2	chr17	7539077	7539489	LTR/ERV1	3158	-	206	7539283	45475
chr17	75009933	75209933	harbor2	chr17	75108569	75109008	LTR/ERV1	2382	-	220	75108789	98856
chr17	79703259	79903259	harbor2	chr17	79726814	79727251	LTR/ERV1	1536	-	218	79727032	23773
chr17	7491992	7691992	harbor2	chr17	7522858	7523170	LTR/ERV1	1385	-	156	7523014	31022
chr17	7491992	7691992	harbor2	chr17	7523264	7523481	LTR/ERV1	9153	-	108	7523372	31380
chr17	7491992	7691992	harbor2	chr17	7524066	7524227	LTR/ERV1	9153	-	80	7524146	32154
chr17	7491992	7691992	harbor2	chr17	7524539	7524717	LTR/ERV1	9153	-	89	7524628	32636
chr17	7491992	7691992	harbor2	chr17	7525044	7526003	LTR/ERV1	9153	-	480	7525524	33532
chr17	7491992	7691992	harbor2	chr17	7526675	7527303	LTR/ERV1	10393	-	314	7526989	34997
chr17	7491992	7691992	harbor2	chr17	7527599	7527875	LTR/ERV1	10393	-	138	7527737	35745
chr17	7491992	7691992	harbor2	chr17	7528603	7529262	LTR/ERV1	10393	-	330	7528933	36941
chr17	7491992	7691992	harbor2	chr17	7529576	7529589	LTR/ERV1	847	-	6	7529582	37590
chr17	7491992	7691992	harbor2	chr17	7538200	7538472	LTR/ERV1	3158	-	136	7538336	46344
chr17	7491992	7691992	harbor2	chr17	7539077	7539489	LTR/ERV1	3158	-	206	7539283	47291
chr17	7477462	7677462	harbor2	chr17	7522858	7523170	LTR/ERV1	1385	-	156	7523014	45552
chr17	7477462	7677462	harbor2	chr17	7523264	7523481	LTR/ERV1	9153	-	108	7523372	45910
chr17	7477462	7677462	harbor2	chr17	7524066	7524227	LTR/ERV1	9153	-	80	7524146	46684
chr17	7477462	7677462	harbor2	chr17	7524539	7524717	LTR/ERV1	9153	-	89	7524628	47166
chr17	7477462	7677462	harbor2	chr17	7525044	7526003	LTR/ERV1	9153	-	480	7525524	48062
chr17	7477462	7677462	harbor2	chr17	7526675	7527303	LTR/ERV1	10393	-	314	7526989	49527
chr17	7477462	7677462	harbor2	chr17	7527599	7527875	LTR/ERV1	10393	-	138	7527737	50275
chr17	7477462	7677462	harbor2	chr17	7528603	7529262	LTR/ERV1	10393	-	330	7528933	51471
chr17	7477462	7677462	harbor2	chr17	7529576	7529589	LTR/ERV1	847	-	6	7529582	52120
chr17	7477462	7677462	harbor2	chr17	7538200	7538472	LTR/ERV1	3158	-	136	7538336	60874
chr17	7477462	7677462	harbor2	chr17	7539077	7539489	LTR/ERV1	3158	-	206	7539283	61821
chr17	75010357	75210357	harbor2	chr17	75108569	75109008	LTR/ERV1	2382	-	220	75108789	98432
chr17	7489435	7689435	harbor2	chr17	7522858	7523170	LTR/ERV1	1385	-	156	7523014	33579
chr17	7489435	7689435	harbor2	chr17	7523264	7523481	LTR/ERV1	9153	-	108	7523372	33937
chr17	7489435	7689435	harbor2	chr17	7524066	7524227	LTR/ERV1	9153	-	80	7524146	34711
chr17	7489435	7689435	harbor2	chr17	7524539	7524717	LTR/ERV1	9153	-	89	7524628	35193
chr17	7489435	7689435	harbor2	chr17	7525044	7526003	LTR/ERV1	9153	-	480	7525524	36089
chr17	7489435	7689435	harbor2	chr17	7526675	7527303	LTR/ERV1	10393	-	314	7526989	37554
chr17	7489435	7689435	harbor2	chr17	7527599	7527875	LTR/ERV1	10393	-	138	7527737	38302
chr17	7489435	7689435	harbor2	chr17	7528603	7529262	LTR/ERV1	10393	-	330	7528933	39498
chr17	7489435	7689435	harbor2	chr17	7529576	7529589	LTR/ERV1	847	-	6	7529582	40147
chr17	7489435	7689435	harbor2	chr17	7538200	7538472	LTR/ERV1	3158	-	136	7538336	48901
chr17	7489435	7689435	harbor2	chr17	7539077	7539489	LTR/ERV1	3158	-	206	7539283	49848
chr17	7475157	7675157	harbor2	chr17	7522858	7523170	LTR/ERV1	1385	-	156	7523014	47857
chr17	7475157	7675157	harbor2	chr17	7523264	7523481	LTR/ERV1	9153	-	108	7523372	48215
chr17	7475157	7675157	harbor2	chr17	7524066	7524227	LTR/ERV1	9153	-	80	7524146	48989
chr17	7475157	7675157	harbor2	chr17	7524539	7524717	LTR/ERV1	9153	-	89	7524628	49471
chr17	7475157	7675157	harbor2	chr17	7525044	7526003	LTR/ERV1	9153	-	480	7525524	50367
chr17	7475157	7675157	harbor2	chr17	7526675	7527303	LTR/ERV1	10393	-	314	7526989	51832
chr17	7475157	7675157	harbor2	chr17	7527599	7527875	LTR/ERV1	10393	-	138	7527737	52580
chr17	7475157	7675157	harbor2	chr17	7528603	7529262	LTR/ERV1	10393	-	330	7528933	53776
chr17	7475157	7675157	harbor2	chr17	7529576	7529589	LTR/ERV1	847	-	6	7529582	54425
chr17	7475157	7675157	harbor2	chr17	7538200	7538472	LTR/ERV1	3158	-	136	7538336	63179
chr17	7475157	7675157	harbor2	chr17	7539077	7539489	LTR/ERV1	3158	-	206	7539283	64126
chr17	80968889	81168889	harbor2	chr17	80990345	80990535	LTR/ERV1	1213	-	95	80990440	21551
chr17	80968889	81168889	harbor2	chr17	81011505	81011560	LTR/ERV1	3416	-	28	81011533	42644
chr17	80968889	81168889	harbor2	chr17	81011861	81012324	LTR/ERV1	3416	-	232	81012093	43204
chr17	68099330	68299330	harbor2	chr17	68122451	68122890	LTR/ERV1	2620	-	220	68122671	23341
chr17	68099330	68299330	harbor2	chr17	68168481	68169921	LTR/ERV1	9400	-	720	68169201	69871
chr17	68099330	68299330	harbor2	chr17	68185785	68186084	LTR/ERV1	1057	-	150	68185935	86605
chr17	68099330	68299330	harbor2	chr17	68186085	68186656	LTR/ERV1	2576	-	286	68186371	87041
chr17	79696192	79896192	harbor2	chr17	79726814	79727251	LTR/ERV1	1536	-	218	79727032	30840
chr17	36848807	37048807	harbor2	chr17	36896088	36896748	LTR/ERV1	4218	-	330	36896418	47611
chr17	7462624	7662624	harbor2	chr17	7522858	7523170	LTR/ERV1	1385	-	156	7523014	60390
chr17	7462624	7662624	harbor2	chr17	7523264	7523481	LTR/ERV1	9153	-	108	7523372	60748
chr17	7462624	7662624	harbor2	chr17	7524066	7524227	LTR/ERV1	9153	-	80	7524146	61522
chr17	7462624	7662624	harbor2	chr17	7524539	7524717	LTR/ERV1	9153	-	89	7524628	62004
chr17	7462624	7662624	harbor2	chr17	7525044	7526003	LTR/ERV1	9153	-	480	7525524	62900
chr17	7462624	7662624	harbor2	chr17	7526675	7527303	LTR/ERV1	10393	-	314	7526989	64365
chr17	7462624	7662624	harbor2	chr17	7527599	7527875	LTR/ERV1	10393	-	138	7527737	65113
chr17	7462624	7662624	harbor2	chr17	7528603	7529262	LTR/ERV1	10393	-	330	7528933	66309
chr17	7462624	7662624	harbor2	chr17	7529576	7529589	LTR/ERV1	847	-	6	7529582	66958
chr17	7462624	7662624	harbor2	chr17	7538200	7538472	LTR/ERV1	3158	-	136	7538336	75712
chr17	7462624	7662624	harbor2	chr17	7539077	7539489	LTR/ERV1	3158	-	206	7539283	76659
chr17	33328761	33528761	harbor2	chr17	33370815	33371355	LTR/ERV1	3607	-	270	33371085	42324
chr17	7514483	7714483	harbor2	chr17	7522858	7523170	LTR/ERV1	1385	-	156	7523014	8531
chr17	7514483	7714483	harbor2	chr17	7523264	7523481	LTR/ERV1	9153	-	108	7523372	8889
chr17	7514483	7714483	harbor2	chr17	7524066	7524227	LTR/ERV1	9153	-	80	7524146	9663
chr17	7514483	7714483	harbor2	chr17	7524539	7524717	LTR/ERV1	9153	-	89	7524628	10145
chr17	7514483	7714483	harbor2	chr17	7525044	7526003	LTR/ERV1	9153	-	480	7525524	11041
chr17	7514483	7714483	harbor2	chr17	7526675	7527303	LTR/ERV1	10393	-	314	7526989	12506
chr17	7514483	7714483	harbor2	chr17	7527599	7527875	LTR/ERV1	10393	-	138	7527737	13254
chr17	7514483	7714483	harbor2	chr17	7528603	7529262	LTR/ERV1	10393	-	330	7528933	14450
chr17	7514483	7714483	harbor2	chr17	7529576	7529589	LTR/ERV1	847	-	6	7529582	15099
chr17	7514483	7714483	harbor2	chr17	7538200	7538472	LTR/ERV1	3158	-	136	7538336	23853
chr17	7514483	7714483	harbor2	chr17	7539077	7539489	LTR/ERV1	3158	-	206	7539283	24800
chr17	3792936	3992936	harbor2	chr17	3848559	3848847	LTR/ERV1	598	-	144	3848703	55767
chr17	80934876	81134876	harbor2	chr17	80943315	80943637	LTR/ERV1	1974	-	161	80943476	8600
chr17	80934876	81134876	harbor2	chr17	80990345	80990535	LTR/ERV1	1213	-	95	80990440	55564
chr17	80934876	81134876	harbor2	chr17	81011505	81011560	LTR/ERV1	3416	-	28	81011533	76657
chr17	80934876	81134876	harbor2	chr17	81011861	81012324	LTR/ERV1	3416	-	232	81012093	77217
chr17	78924121	79124121	harbor2	chr17	78956104	78956515	LTR/ERV1	1456	-	206	78956310	32189
chr17	78924121	79124121	harbor2	chr17	78984232	78984341	LTR/ERV1	657	-	54	78984286	60165
chr17	78924121	79124121	harbor2	chr17	78986603	78987068	LTR/ERV1	2656	-	232	78986835	62714
chr17	7473235	7673235	harbor2	chr17	7522858	7523170	LTR/ERV1	1385	-	156	7523014	49779
chr17	7473235	7673235	harbor2	chr17	7523264	7523481	LTR/ERV1	9153	-	108	7523372	50137
chr17	7473235	7673235	harbor2	chr17	7524066	7524227	LTR/ERV1	9153	-	80	7524146	50911
chr17	7473235	7673235	harbor2	chr17	7524539	7524717	LTR/ERV1	9153	-	89	7524628	51393
chr17	7473235	7673235	harbor2	chr17	7525044	7526003	LTR/ERV1	9153	-	480	7525524	52289
chr17	7473235	7673235	harbor2	chr17	7526675	7527303	LTR/ERV1	10393	-	314	7526989	53754
chr17	7473235	7673235	harbor2	chr17	7527599	7527875	LTR/ERV1	10393	-	138	7527737	54502
chr17	7473235	7673235	harbor2	chr17	7528603	7529262	LTR/ERV1	10393	-	330	7528933	55698
chr17	7473235	7673235	harbor2	chr17	7529576	7529589	LTR/ERV1	847	-	6	7529582	56347
chr17	7473235	7673235	harbor2	chr17	7538200	7538472	LTR/ERV1	3158	-	136	7538336	65101
chr17	7473235	7673235	harbor2	chr17	7539077	7539489	LTR/ERV1	3158	-	206	7539283	66048
chr17	79720491	79920491	harbor2	chr17	79726814	79727251	LTR/ERV1	1536	-	218	79727032	6541
chr17	7489456	7689456	harbor2	chr17	7522858	7523170	LTR/ERV1	1385	-	156	7523014	33558
chr17	7489456	7689456	harbor2	chr17	7523264	7523481	LTR/ERV1	9153	-	108	7523372	33916
chr17	7489456	7689456	harbor2	chr17	7524066	7524227	LTR/ERV1	9153	-	80	7524146	34690
chr17	7489456	7689456	harbor2	chr17	7524539	7524717	LTR/ERV1	9153	-	89	7524628	35172
chr17	7489456	7689456	harbor2	chr17	7525044	7526003	LTR/ERV1	9153	-	480	7525524	36068
chr17	7489456	7689456	harbor2	chr17	7526675	7527303	LTR/ERV1	10393	-	314	7526989	37533
chr17	7489456	7689456	harbor2	chr17	7527599	7527875	LTR/ERV1	10393	-	138	7527737	38281
chr17	7489456	7689456	harbor2	chr17	7528603	7529262	LTR/ERV1	10393	-	330	7528933	39477
chr17	7489456	7689456	harbor2	chr17	7529576	7529589	LTR/ERV1	847	-	6	7529582	40126
chr17	7489456	7689456	harbor2	chr17	7538200	7538472	LTR/ERV1	3158	-	136	7538336	48880
chr17	7489456	7689456	harbor2	chr17	7539077	7539489	LTR/ERV1	3158	-	206	7539283	49827
chr17	76637927	76837927	harbor2	chr17	76663696	76663972	LTR/ERV1	1005	-	138	76663834	25907
chr17	76637927	76837927	harbor2	chr17	76664278	76664365	LTR/ERV1	1005	-	44	76664322	26395
chr17	80934862	81134862	harbor2	chr17	80943315	80943637	LTR/ERV1	1974	-	161	80943476	8614
chr17	80934862	81134862	harbor2	chr17	80990345	80990535	LTR/ERV1	1213	-	95	80990440	55578
chr17	80934862	81134862	harbor2	chr17	81011505	81011560	LTR/ERV1	3416	-	28	81011533	76671
chr17	80934862	81134862	harbor2	chr17	81011861	81012324	LTR/ERV1	3416	-	232	81012093	77231
chr17	7463026	7663026	harbor2	chr17	7522858	7523170	LTR/ERV1	1385	-	156	7523014	59988
chr17	7463026	7663026	harbor2	chr17	7523264	7523481	LTR/ERV1	9153	-	108	7523372	60346
chr17	7463026	7663026	harbor2	chr17	7524066	7524227	LTR/ERV1	9153	-	80	7524146	61120
chr17	7463026	7663026	harbor2	chr17	7524539	7524717	LTR/ERV1	9153	-	89	7524628	61602
chr17	7463026	7663026	harbor2	chr17	7525044	7526003	LTR/ERV1	9153	-	480	7525524	62498
chr17	7463026	7663026	harbor2	chr17	7526675	7527303	LTR/ERV1	10393	-	314	7526989	63963
chr17	7463026	7663026	harbor2	chr17	7527599	7527875	LTR/ERV1	10393	-	138	7527737	64711
chr17	7463026	7663026	harbor2	chr17	7528603	7529262	LTR/ERV1	10393	-	330	7528933	65907
chr17	7463026	7663026	harbor2	chr17	7529576	7529589	LTR/ERV1	847	-	6	7529582	66556
chr17	7463026	7663026	harbor2	chr17	7538200	7538472	LTR/ERV1	3158	-	136	7538336	75310
chr17	7463026	7663026	harbor2	chr17	7539077	7539489	LTR/ERV1	3158	-	206	7539283	76257
chr17	79703204	79903204	harbor2	chr17	79726814	79727251	LTR/ERV1	1536	-	218	79727032	23828
chr17	81007749	81207749	harbor2	chr17	81011505	81011560	LTR/ERV1	3416	-	28	81011533	3784
chr17	81007749	81207749	harbor2	chr17	81011861	81012324	LTR/ERV1	3416	-	232	81012093	4344
chr17	80934904	81134904	harbor2	chr17	80943315	80943637	LTR/ERV1	1974	-	161	80943476	8572
chr17	80934904	81134904	harbor2	chr17	80990345	80990535	LTR/ERV1	1213	-	95	80990440	55536
chr17	80934904	81134904	harbor2	chr17	81011505	81011560	LTR/ERV1	3416	-	28	81011533	76629
chr17	80934904	81134904	harbor2	chr17	81011861	81012324	LTR/ERV1	3416	-	232	81012093	77189
chr17	76986524	77186524	harbor2	chr17	77016175	77016356	LTR/ERV1	3465	-	90	77016265	29741
chr17	76986524	77186524	harbor2	chr17	77016660	77017126	LTR/ERV1	3465	-	233	77016893	30369
chr17	76986524	77186524	harbor2	chr17	77067701	77068287	LTR/ERV1	2578	-	293	77067994	81470
chr17	76986524	77186524	harbor2	chr17	77072575	77072835	LTR/ERV1	896	-	130	77072705	86181
chr17	76986524	77186524	harbor2	chr17	77077731	77077994	LTR/ERV1	747	-	132	77077863	91339
chr17	81930270	82130270	harbor2	chr17	81980535	81980883	LTR/ERV1	1876	-	174	81980709	50439
chr17	81930270	82130270	harbor2	chr17	81981031	81981366	LTR/ERV1	1202	-	168	81981199	50929
chr17	81930270	82130270	harbor2	chr17	81997207	81997367	LTR/ERV1	706	-	80	81997287	67017
chr17	7514239	7714239	harbor2	chr17	7522858	7523170	LTR/ERV1	1385	-	156	7523014	8775
chr17	7514239	7714239	harbor2	chr17	7523264	7523481	LTR/ERV1	9153	-	108	7523372	9133
chr17	7514239	7714239	harbor2	chr17	7524066	7524227	LTR/ERV1	9153	-	80	7524146	9907
chr17	7514239	7714239	harbor2	chr17	7524539	7524717	LTR/ERV1	9153	-	89	7524628	10389
chr17	7514239	7714239	harbor2	chr17	7525044	7526003	LTR/ERV1	9153	-	480	7525524	11285
chr17	7514239	7714239	harbor2	chr17	7526675	7527303	LTR/ERV1	10393	-	314	7526989	12750
chr17	7514239	7714239	harbor2	chr17	7527599	7527875	LTR/ERV1	10393	-	138	7527737	13498
chr17	7514239	7714239	harbor2	chr17	7528603	7529262	LTR/ERV1	10393	-	330	7528933	14694
chr17	7514239	7714239	harbor2	chr17	7529576	7529589	LTR/ERV1	847	-	6	7529582	15343
chr17	7514239	7714239	harbor2	chr17	7538200	7538472	LTR/ERV1	3158	-	136	7538336	24097
chr17	7514239	7714239	harbor2	chr17	7539077	7539489	LTR/ERV1	3158	-	206	7539283	25044
chr17	77746448	77946448	harbor2	chr17	77784453	77784620	LTR/ERV1	1720	-	84	77784537	38089
chr17	77746448	77946448	harbor2	chr17	77784933	77785090	LTR/ERV1	1720	-	78	77785011	38563
chr17	77746448	77946448	harbor2	chr17	77785995	77786436	LTR/ERV1	3184	-	220	77786215	39767
chr17	76638000	76838000	harbor2	chr17	76663696	76663972	LTR/ERV1	1005	-	138	76663834	25834
chr17	76638000	76838000	harbor2	chr17	76664278	76664365	LTR/ERV1	1005	-	44	76664322	26322
chr17	81003971	81203971	harbor2	chr17	81011505	81011560	LTR/ERV1	3416	-	28	81011533	7562
chr17	81003971	81203971	harbor2	chr17	81011861	81012324	LTR/ERV1	3416	-	232	81012093	8122
chr17	80705801	80905801	harbor2	chr17	80785302	80785750	LTR/ERV1	2024	-	224	80785526	79725
chr17	80705801	80905801	harbor2	chr17	80786453	80786839	LTR/ERV1	1670	-	193	80786646	80845
chr17	79709040	79909040	harbor2	chr17	79726814	79727251	LTR/ERV1	1536	-	218	79727032	17992
chr17	77101168	77301168	harbor2	chr17	77102041	77102233	LTR/ERV1	985	-	96	77102137	969
chr17	77101168	77301168	harbor2	chr17	77104454	77104509	LTR/ERV1	2819	-	28	77104482	3314
chr17	77101168	77301168	harbor2	chr17	77104812	77105236	LTR/ERV1	2819	-	212	77105024	3856
chr17	77101168	77301168	harbor2	chr17	77105581	77105760	LTR/ERV1	676	-	90	77105671	4503
chr17	77101168	77301168	harbor2	chr17	77109123	77109271	LTR/ERV1	1527	-	74	77109197	8029
chr17	77101168	77301168	harbor2	chr17	77109400	77109649	LTR/ERV1	1527	-	124	77109524	8356
chr17	77101168	77301168	harbor2	chr17	77110400	77110598	LTR/ERV1	2352	-	99	77110499	9331
chr17	77101168	77301168	harbor2	chr17	77111210	77111395	LTR/ERV1	2352	-	92	77111302	10134
chr17	77101168	77301168	harbor2	chr17	77137837	77138334	LTR/ERV1	3776	-	248	77138085	36917
chr17	77101168	77301168	harbor2	chr17	77165222	77165613	LTR/ERV1	2457	-	196	77165418	64250
chr17	77101168	77301168	harbor2	chr17	77167644	77167822	LTR/ERV1	641	-	89	77167733	66565
chr17	77101168	77301168	harbor2	chr17	77167827	77168270	LTR/ERV1	1355	-	222	77168049	66881
chr17	77101168	77301168	harbor2	chr17	77169038	77171839	LTR/ERV1	18153	-	1400	77170438	69270
chr17	77101168	77301168	harbor2	chr17	77171836	77173893	LTR/ERV1	10317	-	1028	77172864	71696
chr17	77101168	77301168	harbor2	chr17	77174219	77174737	LTR/ERV1	10317	-	259	77174478	73310
chr17	77101168	77301168	harbor2	chr17	77174738	77175209	LTR/ERV1	1609	-	236	77174974	73806
chr17	77101168	77301168	harbor2	chr17	77175218	77175872	LTR/ERV1	4904	-	327	77175545	74377
chr17	77101168	77301168	harbor2	chr17	77175874	77176007	LTR/ERV1	1764	-	66	77175940	74772
chr17	77101168	77301168	harbor2	chr17	77176303	77176500	LTR/ERV1	1764	-	98	77176401	75233
chr17	77101168	77301168	harbor2	chr17	77189063	77189498	LTR/ERV1	1253	-	218	77189281	88113
chr17	77101168	77301168	harbor2	chr17	77168271	77169007	LTR/ERV1	18153	-	368	77168639	67471
chr17	7488100	7688100	harbor2	chr17	7522858	7523170	LTR/ERV1	1385	-	156	7523014	34914
chr17	7488100	7688100	harbor2	chr17	7523264	7523481	LTR/ERV1	9153	-	108	7523372	35272
chr17	7488100	7688100	harbor2	chr17	7524066	7524227	LTR/ERV1	9153	-	80	7524146	36046
chr17	7488100	7688100	harbor2	chr17	7524539	7524717	LTR/ERV1	9153	-	89	7524628	36528
chr17	7488100	7688100	harbor2	chr17	7525044	7526003	LTR/ERV1	9153	-	480	7525524	37424
chr17	7488100	7688100	harbor2	chr17	7526675	7527303	LTR/ERV1	10393	-	314	7526989	38889
chr17	7488100	7688100	harbor2	chr17	7527599	7527875	LTR/ERV1	10393	-	138	7527737	39637
chr17	7488100	7688100	harbor2	chr17	7528603	7529262	LTR/ERV1	10393	-	330	7528933	40833
chr17	7488100	7688100	harbor2	chr17	7529576	7529589	LTR/ERV1	847	-	6	7529582	41482
chr17	7488100	7688100	harbor2	chr17	7538200	7538472	LTR/ERV1	3158	-	136	7538336	50236
chr17	7488100	7688100	harbor2	chr17	7539077	7539489	LTR/ERV1	3158	-	206	7539283	51183
chr17	80934867	81134867	harbor2	chr17	80943315	80943637	LTR/ERV1	1974	-	161	80943476	8609
chr17	80934867	81134867	harbor2	chr17	80990345	80990535	LTR/ERV1	1213	-	95	80990440	55573
chr17	80934867	81134867	harbor2	chr17	81011505	81011560	LTR/ERV1	3416	-	28	81011533	76666
chr17	80934867	81134867	harbor2	chr17	81011861	81012324	LTR/ERV1	3416	-	232	81012093	77226
chr17	7477191	7677191	harbor2	chr17	7522858	7523170	LTR/ERV1	1385	-	156	7523014	45823
chr17	7477191	7677191	harbor2	chr17	7523264	7523481	LTR/ERV1	9153	-	108	7523372	46181
chr17	7477191	7677191	harbor2	chr17	7524066	7524227	LTR/ERV1	9153	-	80	7524146	46955
chr17	7477191	7677191	harbor2	chr17	7524539	7524717	LTR/ERV1	9153	-	89	7524628	47437
chr17	7477191	7677191	harbor2	chr17	7525044	7526003	LTR/ERV1	9153	-	480	7525524	48333
chr17	7477191	7677191	harbor2	chr17	7526675	7527303	LTR/ERV1	10393	-	314	7526989	49798
chr17	7477191	7677191	harbor2	chr17	7527599	7527875	LTR/ERV1	10393	-	138	7527737	50546
chr17	7477191	7677191	harbor2	chr17	7528603	7529262	LTR/ERV1	10393	-	330	7528933	51742
chr17	7477191	7677191	harbor2	chr17	7529576	7529589	LTR/ERV1	847	-	6	7529582	52391
chr17	7477191	7677191	harbor2	chr17	7538200	7538472	LTR/ERV1	3158	-	136	7538336	61145
chr17	7477191	7677191	harbor2	chr17	7539077	7539489	LTR/ERV1	3158	-	206	7539283	62092
chr17	80315303	80515303	harbor2	chr17	80317514	80318395	LTR/ERV1	5058	-	440	80317954	2651
chr17	7489503	7689503	harbor2	chr17	7522858	7523170	LTR/ERV1	1385	-	156	7523014	33511
chr17	7489503	7689503	harbor2	chr17	7523264	7523481	LTR/ERV1	9153	-	108	7523372	33869
chr17	7489503	7689503	harbor2	chr17	7524066	7524227	LTR/ERV1	9153	-	80	7524146	34643
chr17	7489503	7689503	harbor2	chr17	7524539	7524717	LTR/ERV1	9153	-	89	7524628	35125
chr17	7489503	7689503	harbor2	chr17	7525044	7526003	LTR/ERV1	9153	-	480	7525524	36021
chr17	7489503	7689503	harbor2	chr17	7526675	7527303	LTR/ERV1	10393	-	314	7526989	37486
chr17	7489503	7689503	harbor2	chr17	7527599	7527875	LTR/ERV1	10393	-	138	7527737	38234
chr17	7489503	7689503	harbor2	chr17	7528603	7529262	LTR/ERV1	10393	-	330	7528933	39430
chr17	7489503	7689503	harbor2	chr17	7529576	7529589	LTR/ERV1	847	-	6	7529582	40079
chr17	7489503	7689503	harbor2	chr17	7538200	7538472	LTR/ERV1	3158	-	136	7538336	48833
chr17	7489503	7689503	harbor2	chr17	7539077	7539489	LTR/ERV1	3158	-	206	7539283	49780
chr17	7526756	7726756	harbor2	chr17	7526675	7527303	LTR/ERV1	10393	-	314	7526989	233
chr17	7526756	7726756	harbor2	chr17	7527599	7527875	LTR/ERV1	10393	-	138	7527737	981
chr17	7526756	7726756	harbor2	chr17	7528603	7529262	LTR/ERV1	10393	-	330	7528933	2177
chr17	7526756	7726756	harbor2	chr17	7529576	7529589	LTR/ERV1	847	-	6	7529582	2826
chr17	7526756	7726756	harbor2	chr17	7538200	7538472	LTR/ERV1	3158	-	136	7538336	11580
chr17	7526756	7726756	harbor2	chr17	7539077	7539489	LTR/ERV1	3158	-	206	7539283	12527
chr17	7461749	7661749	harbor2	chr17	7522858	7523170	LTR/ERV1	1385	-	156	7523014	61265
chr17	7461749	7661749	harbor2	chr17	7523264	7523481	LTR/ERV1	9153	-	108	7523372	61623
chr17	7461749	7661749	harbor2	chr17	7524066	7524227	LTR/ERV1	9153	-	80	7524146	62397
chr17	7461749	7661749	harbor2	chr17	7524539	7524717	LTR/ERV1	9153	-	89	7524628	62879
chr17	7461749	7661749	harbor2	chr17	7525044	7526003	LTR/ERV1	9153	-	480	7525524	63775
chr17	7461749	7661749	harbor2	chr17	7526675	7527303	LTR/ERV1	10393	-	314	7526989	65240
chr17	7461749	7661749	harbor2	chr17	7527599	7527875	LTR/ERV1	10393	-	138	7527737	65988
chr17	7461749	7661749	harbor2	chr17	7528603	7529262	LTR/ERV1	10393	-	330	7528933	67184
chr17	7461749	7661749	harbor2	chr17	7529576	7529589	LTR/ERV1	847	-	6	7529582	67833
chr17	7461749	7661749	harbor2	chr17	7538200	7538472	LTR/ERV1	3158	-	136	7538336	76587
chr17	7461749	7661749	harbor2	chr17	7539077	7539489	LTR/ERV1	3158	-	206	7539283	77534
chr17	15162691	15362691	harbor2	chr17	15191058	15191828	LTR/ERV1	4813	-	385	15191443	28752
chr17	15162691	15362691	harbor2	chr17	15210986	15211501	LTR/ERV1	1306	-	258	15211244	48553
chr17	7461773	7661773	harbor2	chr17	7522858	7523170	LTR/ERV1	1385	-	156	7523014	61241
chr17	7461773	7661773	harbor2	chr17	7523264	7523481	LTR/ERV1	9153	-	108	7523372	61599
chr17	7461773	7661773	harbor2	chr17	7524066	7524227	LTR/ERV1	9153	-	80	7524146	62373
chr17	7461773	7661773	harbor2	chr17	7524539	7524717	LTR/ERV1	9153	-	89	7524628	62855
chr17	7461773	7661773	harbor2	chr17	7525044	7526003	LTR/ERV1	9153	-	480	7525524	63751
chr17	7461773	7661773	harbor2	chr17	7526675	7527303	LTR/ERV1	10393	-	314	7526989	65216
chr17	7461773	7661773	harbor2	chr17	7527599	7527875	LTR/ERV1	10393	-	138	7527737	65964
chr17	7461773	7661773	harbor2	chr17	7528603	7529262	LTR/ERV1	10393	-	330	7528933	67160
chr17	7461773	7661773	harbor2	chr17	7529576	7529589	LTR/ERV1	847	-	6	7529582	67809
chr17	7461773	7661773	harbor2	chr17	7538200	7538472	LTR/ERV1	3158	-	136	7538336	76563
chr17	7461773	7661773	harbor2	chr17	7539077	7539489	LTR/ERV1	3158	-	206	7539283	77510
chr17	79703986	79903986	harbor2	chr17	79726814	79727251	LTR/ERV1	1536	-	218	79727032	23046
chr17	80997495	81197495	harbor2	chr17	81011505	81011560	LTR/ERV1	3416	-	28	81011533	14038
chr17	80997495	81197495	harbor2	chr17	81011861	81012324	LTR/ERV1	3416	-	232	81012093	14598
chr17	76989375	77189375	harbor2	chr17	77016175	77016356	LTR/ERV1	3465	-	90	77016265	26890
chr17	76989375	77189375	harbor2	chr17	77016660	77017126	LTR/ERV1	3465	-	233	77016893	27518
chr17	76989375	77189375	harbor2	chr17	77067701	77068287	LTR/ERV1	2578	-	293	77067994	78619
chr17	76989375	77189375	harbor2	chr17	77072575	77072835	LTR/ERV1	896	-	130	77072705	83330
chr17	76989375	77189375	harbor2	chr17	77077731	77077994	LTR/ERV1	747	-	132	77077863	88488
chr17	76989375	77189375	harbor2	chr17	77087688	77088029	LTR/ERV1	1833	-	170	77087858	98483
chr17	81735435	81935435	harbor2	chr17	81801003	81801255	LTR/ERV1	819	-	126	81801129	65694
chr17	81735435	81935435	harbor2	chr17	81801722	81801939	LTR/ERV1	1028	-	108	81801830	66395
chr17	76485855	76685855	harbor2	chr17	76554904	76555040	LTR/ERV1	4174	-	68	76554972	69117
chr17	76485855	76685855	harbor2	chr17	76555340	76555753	LTR/ERV1	4174	-	206	76555546	69691
chr17	76637998	76837998	harbor2	chr17	76663696	76663972	LTR/ERV1	1005	-	138	76663834	25836
chr17	76637998	76837998	harbor2	chr17	76664278	76664365	LTR/ERV1	1005	-	44	76664322	26324
chr17	76988993	77188993	harbor2	chr17	77016175	77016356	LTR/ERV1	3465	-	90	77016265	27272
chr17	76988993	77188993	harbor2	chr17	77016660	77017126	LTR/ERV1	3465	-	233	77016893	27900
chr17	76988993	77188993	harbor2	chr17	77067701	77068287	LTR/ERV1	2578	-	293	77067994	79001
chr17	76988993	77188993	harbor2	chr17	77072575	77072835	LTR/ERV1	896	-	130	77072705	83712
chr17	76988993	77188993	harbor2	chr17	77077731	77077994	LTR/ERV1	747	-	132	77077863	88870
chr17	76988993	77188993	harbor2	chr17	77087688	77088029	LTR/ERV1	1833	-	170	77087858	98865
chr17	7463028	7663028	harbor2	chr17	7522858	7523170	LTR/ERV1	1385	-	156	7523014	59986
chr17	7463028	7663028	harbor2	chr17	7523264	7523481	LTR/ERV1	9153	-	108	7523372	60344
chr17	7463028	7663028	harbor2	chr17	7524066	7524227	LTR/ERV1	9153	-	80	7524146	61118
chr17	7463028	7663028	harbor2	chr17	7524539	7524717	LTR/ERV1	9153	-	89	7524628	61600
chr17	7463028	7663028	harbor2	chr17	7525044	7526003	LTR/ERV1	9153	-	480	7525524	62496
chr17	7463028	7663028	harbor2	chr17	7526675	7527303	LTR/ERV1	10393	-	314	7526989	63961
chr17	7463028	7663028	harbor2	chr17	7527599	7527875	LTR/ERV1	10393	-	138	7527737	64709
chr17	7463028	7663028	harbor2	chr17	7528603	7529262	LTR/ERV1	10393	-	330	7528933	65905
chr17	7463028	7663028	harbor2	chr17	7529576	7529589	LTR/ERV1	847	-	6	7529582	66554
chr17	7463028	7663028	harbor2	chr17	7538200	7538472	LTR/ERV1	3158	-	136	7538336	75308
chr17	7463028	7663028	harbor2	chr17	7539077	7539489	LTR/ERV1	3158	-	206	7539283	76255
chr17	76637250	76837250	harbor2	chr17	76663696	76663972	LTR/ERV1	1005	-	138	76663834	26584
chr17	76637250	76837250	harbor2	chr17	76664278	76664365	LTR/ERV1	1005	-	44	76664322	27072
chr17	75009931	75209931	harbor2	chr17	75108569	75109008	LTR/ERV1	2382	-	220	75108789	98858
chr17	77156768	77356768	harbor2	chr17	77165222	77165613	LTR/ERV1	2457	-	196	77165418	8650
chr17	77156768	77356768	harbor2	chr17	77167644	77167822	LTR/ERV1	641	-	89	77167733	10965
chr17	77156768	77356768	harbor2	chr17	77167827	77168270	LTR/ERV1	1355	-	222	77168049	11281
chr17	77156768	77356768	harbor2	chr17	77169038	77171839	LTR/ERV1	18153	-	1400	77170438	13670
chr17	77156768	77356768	harbor2	chr17	77171836	77173893	LTR/ERV1	10317	-	1028	77172864	16096
chr17	77156768	77356768	harbor2	chr17	77174219	77174737	LTR/ERV1	10317	-	259	77174478	17710
chr17	77156768	77356768	harbor2	chr17	77174738	77175209	LTR/ERV1	1609	-	236	77174974	18206
chr17	77156768	77356768	harbor2	chr17	77175218	77175872	LTR/ERV1	4904	-	327	77175545	18777
chr17	77156768	77356768	harbor2	chr17	77175874	77176007	LTR/ERV1	1764	-	66	77175940	19172
chr17	77156768	77356768	harbor2	chr17	77176303	77176500	LTR/ERV1	1764	-	98	77176401	19633
chr17	77156768	77356768	harbor2	chr17	77189063	77189498	LTR/ERV1	1253	-	218	77189281	32513
chr17	77156768	77356768	harbor2	chr17	77168271	77169007	LTR/ERV1	18153	-	368	77168639	11871
chr17	79705231	79905231	harbor2	chr17	79726814	79727251	LTR/ERV1	1536	-	218	79727032	21801
chr17	76300002	76500002	harbor2	chr17	76360343	76360770	LTR/ERV1	2418	-	214	76360557	60555
chr17	78924099	79124099	harbor2	chr17	78956104	78956515	LTR/ERV1	1456	-	206	78956310	32211
chr17	78924099	79124099	harbor2	chr17	78984232	78984341	LTR/ERV1	657	-	54	78984286	60187
chr17	78924099	79124099	harbor2	chr17	78986603	78987068	LTR/ERV1	2656	-	232	78986835	62736
chr17	28320288	28520288	harbor2	chr17	28389983	28390709	LTR/ERV1	4792	-	363	28390346	70058
chr17	28320288	28520288	harbor2	chr17	28394670	28395136	LTR/ERV1	2940	-	233	28394903	74615
chr17	7474761	7674761	harbor2	chr17	7522858	7523170	LTR/ERV1	1385	-	156	7523014	48253
chr17	7474761	7674761	harbor2	chr17	7523264	7523481	LTR/ERV1	9153	-	108	7523372	48611
chr17	7474761	7674761	harbor2	chr17	7524066	7524227	LTR/ERV1	9153	-	80	7524146	49385
chr17	7474761	7674761	harbor2	chr17	7524539	7524717	LTR/ERV1	9153	-	89	7524628	49867
chr17	7474761	7674761	harbor2	chr17	7525044	7526003	LTR/ERV1	9153	-	480	7525524	50763
chr17	7474761	7674761	harbor2	chr17	7526675	7527303	LTR/ERV1	10393	-	314	7526989	52228
chr17	7474761	7674761	harbor2	chr17	7527599	7527875	LTR/ERV1	10393	-	138	7527737	52976
chr17	7474761	7674761	harbor2	chr17	7528603	7529262	LTR/ERV1	10393	-	330	7528933	54172
chr17	7474761	7674761	harbor2	chr17	7529576	7529589	LTR/ERV1	847	-	6	7529582	54821
chr17	7474761	7674761	harbor2	chr17	7538200	7538472	LTR/ERV1	3158	-	136	7538336	63575
chr17	7474761	7674761	harbor2	chr17	7539077	7539489	LTR/ERV1	3158	-	206	7539283	64522
chr17	81583801	81783801	harbor2	chr17	81638126	81638287	LTR/ERV1	3290	-	80	81638206	54405
chr17	81583801	81783801	harbor2	chr17	81638598	81639147	LTR/ERV1	3290	-	274	81638872	55071
chr17	81583801	81783801	harbor2	chr17	81658879	81659148	LTR/ERV1	963	-	134	81659013	75212
chr17	68036281	68236281	harbor2	chr17	68069706	68070225	LTR/ERV1	2517	-	260	68069966	33685
chr17	68036281	68236281	harbor2	chr17	68122451	68122890	LTR/ERV1	2620	-	220	68122671	86390
chr17	9859773	10059773	harbor2	chr17	9876239	9876763	LTR/ERV1	1096	-	262	9876501	16728
chr17	81949824	82149824	harbor2	chr17	81980535	81980883	LTR/ERV1	1876	-	174	81980709	30885
chr17	81949824	82149824	harbor2	chr17	81981031	81981366	LTR/ERV1	1202	-	168	81981199	31375
chr17	81949824	82149824	harbor2	chr17	81997207	81997367	LTR/ERV1	706	-	80	81997287	47463
chr17	75009932	75209932	harbor2	chr17	75108569	75109008	LTR/ERV1	2382	-	220	75108789	98857
chr17	79690066	79890066	harbor2	chr17	79726814	79727251	LTR/ERV1	1536	-	218	79727032	36966
chr17	76637984	76837984	harbor2	chr17	76663696	76663972	LTR/ERV1	1005	-	138	76663834	25850
chr17	76637984	76837984	harbor2	chr17	76664278	76664365	LTR/ERV1	1005	-	44	76664322	26338
chr17	7488084	7688084	harbor2	chr17	7522858	7523170	LTR/ERV1	1385	-	156	7523014	34930
chr17	7488084	7688084	harbor2	chr17	7523264	7523481	LTR/ERV1	9153	-	108	7523372	35288
chr17	7488084	7688084	harbor2	chr17	7524066	7524227	LTR/ERV1	9153	-	80	7524146	36062
chr17	7488084	7688084	harbor2	chr17	7524539	7524717	LTR/ERV1	9153	-	89	7524628	36544
chr17	7488084	7688084	harbor2	chr17	7525044	7526003	LTR/ERV1	9153	-	480	7525524	37440
chr17	7488084	7688084	harbor2	chr17	7526675	7527303	LTR/ERV1	10393	-	314	7526989	38905
chr17	7488084	7688084	harbor2	chr17	7527599	7527875	LTR/ERV1	10393	-	138	7527737	39653
chr17	7488084	7688084	harbor2	chr17	7528603	7529262	LTR/ERV1	10393	-	330	7528933	40849
chr17	7488084	7688084	harbor2	chr17	7529576	7529589	LTR/ERV1	847	-	6	7529582	41498
chr17	7488084	7688084	harbor2	chr17	7538200	7538472	LTR/ERV1	3158	-	136	7538336	50252
chr17	7488084	7688084	harbor2	chr17	7539077	7539489	LTR/ERV1	3158	-	206	7539283	51199
chr17	81918314	82118314	harbor2	chr17	81980535	81980883	LTR/ERV1	1876	-	174	81980709	62395
chr17	81918314	82118314	harbor2	chr17	81981031	81981366	LTR/ERV1	1202	-	168	81981199	62885
chr17	81918314	82118314	harbor2	chr17	81997207	81997367	LTR/ERV1	706	-	80	81997287	78973
chr17	79702898	79902898	harbor2	chr17	79726814	79727251	LTR/ERV1	1536	-	218	79727032	24134
chr17	2838078	3038078	harbor2	chr17	2872259	2872671	LTR/ERV1	668	-	206	2872465	34387
chr17	2838078	3038078	harbor2	chr17	2874952	2875061	LTR/ERV1	953	-	54	2875006	36928
chr17	2838078	3038078	harbor2	chr17	2875367	2875676	LTR/ERV1	953	-	154	2875521	37443
chr17	2838078	3038078	harbor2	chr17	2876278	2876882	LTR/ERV1	2795	-	302	2876580	38502
chr17	2838639	3038639	harbor2	chr17	2872259	2872671	LTR/ERV1	668	-	206	2872465	33826
chr17	2838639	3038639	harbor2	chr17	2874952	2875061	LTR/ERV1	953	-	54	2875006	36367
chr17	2838639	3038639	harbor2	chr17	2875367	2875676	LTR/ERV1	953	-	154	2875521	36882
chr17	2838639	3038639	harbor2	chr17	2876278	2876882	LTR/ERV1	2795	-	302	2876580	37941
chr17	76638206	76838206	harbor2	chr17	76663696	76663972	LTR/ERV1	1005	-	138	76663834	25628
chr17	76638206	76838206	harbor2	chr17	76664278	76664365	LTR/ERV1	1005	-	44	76664322	26116
chr17	7461827	7661827	harbor2	chr17	7522858	7523170	LTR/ERV1	1385	-	156	7523014	61187
chr17	7461827	7661827	harbor2	chr17	7523264	7523481	LTR/ERV1	9153	-	108	7523372	61545
chr17	7461827	7661827	harbor2	chr17	7524066	7524227	LTR/ERV1	9153	-	80	7524146	62319
chr17	7461827	7661827	harbor2	chr17	7524539	7524717	LTR/ERV1	9153	-	89	7524628	62801
chr17	7461827	7661827	harbor2	chr17	7525044	7526003	LTR/ERV1	9153	-	480	7525524	63697
chr17	7461827	7661827	harbor2	chr17	7526675	7527303	LTR/ERV1	10393	-	314	7526989	65162
chr17	7461827	7661827	harbor2	chr17	7527599	7527875	LTR/ERV1	10393	-	138	7527737	65910
chr17	7461827	7661827	harbor2	chr17	7528603	7529262	LTR/ERV1	10393	-	330	7528933	67106
chr17	7461827	7661827	harbor2	chr17	7529576	7529589	LTR/ERV1	847	-	6	7529582	67755
chr17	7461827	7661827	harbor2	chr17	7538200	7538472	LTR/ERV1	3158	-	136	7538336	76509
chr17	7461827	7661827	harbor2	chr17	7539077	7539489	LTR/ERV1	3158	-	206	7539283	77456
chr17	31389658	31589658	harbor2	chr17	31455020	31455542	LTR/ERV1	2331	-	261	31455281	65623
chr17	31389658	31589658	harbor2	chr17	31456790	31457158	LTR/ERV1	912	-	184	31456974	67316
chr17	28851871	29051871	harbor2	chr17	28874371	28874859	LTR/ERV1	3256	-	244	28874615	22744
chr17	76638125	76838125	harbor2	chr17	76663696	76663972	LTR/ERV1	1005	-	138	76663834	25709
chr17	76638125	76838125	harbor2	chr17	76664278	76664365	LTR/ERV1	1005	-	44	76664322	26197
chr17	81011428	81211428	harbor2	chr17	81011505	81011560	LTR/ERV1	3416	-	28	81011533	105
chr17	81011428	81211428	harbor2	chr17	81011861	81012324	LTR/ERV1	3416	-	232	81012093	665
chr17	40547830	40747830	harbor2	chr17	40606406	40606917	LTR/ERV1	4189	-	256	40606662	58832
chr17	40547830	40747830	harbor2	chr17	40620509	40620895	LTR/ERV1	762	-	193	40620702	72872
chr17	80997304	81197304	harbor2	chr17	81011505	81011560	LTR/ERV1	3416	-	28	81011533	14229
chr17	80997304	81197304	harbor2	chr17	81011861	81012324	LTR/ERV1	3416	-	232	81012093	14789
chr17	79703218	79903218	harbor2	chr17	79726814	79727251	LTR/ERV1	1536	-	218	79727032	23814
chr17	39843014	40043014	harbor2	chr17	39934653	39935183	LTR/ERV1	4119	-	265	39934918	91904
chr17	17872744	18072744	harbor2	chr17	17955693	17957026	LTR/ERV1	7718	-	666	17956359	83615
chr17	42477293	42677293	harbor2	chr17	42535068	42535524	LTR/ERV1	2928	-	228	42535296	58003
chr17	7464666	7664666	harbor2	chr17	7522858	7523170	LTR/ERV1	1385	-	156	7523014	58348
chr17	7464666	7664666	harbor2	chr17	7523264	7523481	LTR/ERV1	9153	-	108	7523372	58706
chr17	7464666	7664666	harbor2	chr17	7524066	7524227	LTR/ERV1	9153	-	80	7524146	59480
chr17	7464666	7664666	harbor2	chr17	7524539	7524717	LTR/ERV1	9153	-	89	7524628	59962
chr17	7464666	7664666	harbor2	chr17	7525044	7526003	LTR/ERV1	9153	-	480	7525524	60858
chr17	7464666	7664666	harbor2	chr17	7526675	7527303	LTR/ERV1	10393	-	314	7526989	62323
chr17	7464666	7664666	harbor2	chr17	7527599	7527875	LTR/ERV1	10393	-	138	7527737	63071
chr17	7464666	7664666	harbor2	chr17	7528603	7529262	LTR/ERV1	10393	-	330	7528933	64267
chr17	7464666	7664666	harbor2	chr17	7529576	7529589	LTR/ERV1	847	-	6	7529582	64916
chr17	7464666	7664666	harbor2	chr17	7538200	7538472	LTR/ERV1	3158	-	136	7538336	73670
chr17	7464666	7664666	harbor2	chr17	7539077	7539489	LTR/ERV1	3158	-	206	7539283	74617
chr17	76284849	76484849	harbor2	chr17	76360343	76360770	LTR/ERV1	2418	-	214	76360557	75708
chr17	78908254	79108254	harbor2	chr17	78956104	78956515	LTR/ERV1	1456	-	206	78956310	48056
chr17	78908254	79108254	harbor2	chr17	78984232	78984341	LTR/ERV1	657	-	54	78984286	76032
chr17	78908254	79108254	harbor2	chr17	78986603	78987068	LTR/ERV1	2656	-	232	78986835	78581
chr17	61281405	61481405	harbor2	chr17	61359291	61359495	LTR/ERV1	1296	-	102	61359393	77988
chr17	61281405	61481405	harbor2	chr17	61359791	61360005	LTR/ERV1	1296	-	107	61359898	78493
chr17	61281405	61481405	harbor2	chr17	61360305	61360319	LTR/ERV1	1296	-	7	61360312	78907
chr17	80992732	81192732	harbor2	chr17	81011505	81011560	LTR/ERV1	3416	-	28	81011533	18801
chr17	80992732	81192732	harbor2	chr17	81011861	81012324	LTR/ERV1	3416	-	232	81012093	19361
chr17	7472460	7672460	harbor2	chr17	7522858	7523170	LTR/ERV1	1385	-	156	7523014	50554
chr17	7472460	7672460	harbor2	chr17	7523264	7523481	LTR/ERV1	9153	-	108	7523372	50912
chr17	7472460	7672460	harbor2	chr17	7524066	7524227	LTR/ERV1	9153	-	80	7524146	51686
chr17	7472460	7672460	harbor2	chr17	7524539	7524717	LTR/ERV1	9153	-	89	7524628	52168
chr17	7472460	7672460	harbor2	chr17	7525044	7526003	LTR/ERV1	9153	-	480	7525524	53064
chr17	7472460	7672460	harbor2	chr17	7526675	7527303	LTR/ERV1	10393	-	314	7526989	54529
chr17	7472460	7672460	harbor2	chr17	7527599	7527875	LTR/ERV1	10393	-	138	7527737	55277
chr17	7472460	7672460	harbor2	chr17	7528603	7529262	LTR/ERV1	10393	-	330	7528933	56473
chr17	7472460	7672460	harbor2	chr17	7529576	7529589	LTR/ERV1	847	-	6	7529582	57122
chr17	7472460	7672460	harbor2	chr17	7538200	7538472	LTR/ERV1	3158	-	136	7538336	65876
chr17	7472460	7672460	harbor2	chr17	7539077	7539489	LTR/ERV1	3158	-	206	7539283	66823
chr17	76638040	76838040	harbor2	chr17	76663696	76663972	LTR/ERV1	1005	-	138	76663834	25794
chr17	76638040	76838040	harbor2	chr17	76664278	76664365	LTR/ERV1	1005	-	44	76664322	26282
chr17	76637975	76837975	harbor2	chr17	76663696	76663972	LTR/ERV1	1005	-	138	76663834	25859
chr17	76637975	76837975	harbor2	chr17	76664278	76664365	LTR/ERV1	1005	-	44	76664322	26347
chr17	7461796	7661796	harbor2	chr17	7522858	7523170	LTR/ERV1	1385	-	156	7523014	61218
chr17	7461796	7661796	harbor2	chr17	7523264	7523481	LTR/ERV1	9153	-	108	7523372	61576
chr17	7461796	7661796	harbor2	chr17	7524066	7524227	LTR/ERV1	9153	-	80	7524146	62350
chr17	7461796	7661796	harbor2	chr17	7524539	7524717	LTR/ERV1	9153	-	89	7524628	62832
chr17	7461796	7661796	harbor2	chr17	7525044	7526003	LTR/ERV1	9153	-	480	7525524	63728
chr17	7461796	7661796	harbor2	chr17	7526675	7527303	LTR/ERV1	10393	-	314	7526989	65193
chr17	7461796	7661796	harbor2	chr17	7527599	7527875	LTR/ERV1	10393	-	138	7527737	65941
chr17	7461796	7661796	harbor2	chr17	7528603	7529262	LTR/ERV1	10393	-	330	7528933	67137
chr17	7461796	7661796	harbor2	chr17	7529576	7529589	LTR/ERV1	847	-	6	7529582	67786
chr17	7461796	7661796	harbor2	chr17	7538200	7538472	LTR/ERV1	3158	-	136	7538336	76540
chr17	7461796	7661796	harbor2	chr17	7539077	7539489	LTR/ERV1	3158	-	206	7539283	77487
chr17	82704034	82904034	harbor2	chr17	82711718	82713189	LTR/ERV1	5407	-	736	82712454	8420
chr17	82704034	82904034	harbor2	chr17	82753424	82753440	LTR/ERV1	3098	-	8	82753432	49398
chr17	82704034	82904034	harbor2	chr17	82753753	82753868	LTR/ERV1	3098	-	58	82753811	49777
chr17	82704034	82904034	harbor2	chr17	82754157	82754750	LTR/ERV1	3098	-	296	82754453	50419
chr17	82704034	82904034	harbor2	chr17	82754907	82755749	LTR/ERV1	4545	-	421	82755328	51294
chr17	7472419	7672419	harbor2	chr17	7522858	7523170	LTR/ERV1	1385	-	156	7523014	50595
chr17	7472419	7672419	harbor2	chr17	7523264	7523481	LTR/ERV1	9153	-	108	7523372	50953
chr17	7472419	7672419	harbor2	chr17	7524066	7524227	LTR/ERV1	9153	-	80	7524146	51727
chr17	7472419	7672419	harbor2	chr17	7524539	7524717	LTR/ERV1	9153	-	89	7524628	52209
chr17	7472419	7672419	harbor2	chr17	7525044	7526003	LTR/ERV1	9153	-	480	7525524	53105
chr17	7472419	7672419	harbor2	chr17	7526675	7527303	LTR/ERV1	10393	-	314	7526989	54570
chr17	7472419	7672419	harbor2	chr17	7527599	7527875	LTR/ERV1	10393	-	138	7527737	55318
chr17	7472419	7672419	harbor2	chr17	7528603	7529262	LTR/ERV1	10393	-	330	7528933	56514
chr17	7472419	7672419	harbor2	chr17	7529576	7529589	LTR/ERV1	847	-	6	7529582	57163
chr17	7472419	7672419	harbor2	chr17	7538200	7538472	LTR/ERV1	3158	-	136	7538336	65917
chr17	7472419	7672419	harbor2	chr17	7539077	7539489	LTR/ERV1	3158	-	206	7539283	66864
chr17	80935170	81135170	harbor2	chr17	80943315	80943637	LTR/ERV1	1974	-	161	80943476	8306
chr17	80935170	81135170	harbor2	chr17	80990345	80990535	LTR/ERV1	1213	-	95	80990440	55270
chr17	80935170	81135170	harbor2	chr17	81011505	81011560	LTR/ERV1	3416	-	28	81011533	76363
chr17	80935170	81135170	harbor2	chr17	81011861	81012324	LTR/ERV1	3416	-	232	81012093	76923
chr17	76768571	76968571	harbor2	chr17	76789163	76789725	LTR/ERV1	3459	-	281	76789444	20873
chr17	76768571	76968571	harbor2	chr17	76796621	76796690	LTR/ERV1	3146	-	34	76796655	28084
chr17	76768571	76968571	harbor2	chr17	76797201	76797746	LTR/ERV1	3146	-	272	76797473	28902
chr17	76768571	76968571	harbor2	chr17	76801745	76801983	LTR/ERV1	1385	-	119	76801864	33293
chr17	76768571	76968571	harbor2	chr17	76859283	76859561	LTR/ERV1	655	-	139	76859422	90851
chr17	76768571	76968571	harbor2	chr17	76859570	76859759	LTR/ERV1	793	-	94	76859664	91093
chr17	76768571	76968571	harbor2	chr17	76860327	76860380	LTR/ERV1	793	-	26	76860353	91782
chr17	61309671	61509671	harbor2	chr17	61359291	61359495	LTR/ERV1	1296	-	102	61359393	49722
chr17	61309671	61509671	harbor2	chr17	61359791	61360005	LTR/ERV1	1296	-	107	61359898	50227
chr17	61309671	61509671	harbor2	chr17	61360305	61360319	LTR/ERV1	1296	-	7	61360312	50641
chr17	81583800	81783800	harbor2	chr17	81638126	81638287	LTR/ERV1	3290	-	80	81638206	54406
chr17	81583800	81783800	harbor2	chr17	81638598	81639147	LTR/ERV1	3290	-	274	81638872	55072
chr17	81583800	81783800	harbor2	chr17	81658879	81659148	LTR/ERV1	963	-	134	81659013	75213
chr17	80994208	81194208	harbor2	chr17	81011505	81011560	LTR/ERV1	3416	-	28	81011533	17325
chr17	80994208	81194208	harbor2	chr17	81011861	81012324	LTR/ERV1	3416	-	232	81012093	17885
chr17	78989193	79189193	harbor2	chr17	79056458	79056698	LTR/ERV1	1277	-	120	79056578	67385
chr17	78989193	79189193	harbor2	chr17	79070120	79070557	LTR/ERV1	1743	-	218	79070338	81145
chr17	62850959	63050959	harbor2	chr17	62899030	62899437	LTR/ERV1	2564	-	204	62899234	48275
chr17	62850959	63050959	harbor2	chr17	62903166	62903548	LTR/ERV1	1970	-	191	62903357	52398
chr17	79703385	79903385	harbor2	chr17	79726814	79727251	LTR/ERV1	1536	-	218	79727032	23647
chr17	79703205	79903205	harbor2	chr17	79726814	79727251	LTR/ERV1	1536	-	218	79727032	23827
chr17	80934908	81134908	harbor2	chr17	80943315	80943637	LTR/ERV1	1974	-	161	80943476	8568
chr17	80934908	81134908	harbor2	chr17	80990345	80990535	LTR/ERV1	1213	-	95	80990440	55532
chr17	80934908	81134908	harbor2	chr17	81011505	81011560	LTR/ERV1	3416	-	28	81011533	76625
chr17	80934908	81134908	harbor2	chr17	81011861	81012324	LTR/ERV1	3416	-	232	81012093	77185
chr17	76637901	76837901	harbor2	chr17	76663696	76663972	LTR/ERV1	1005	-	138	76663834	25933
chr17	76637901	76837901	harbor2	chr17	76664278	76664365	LTR/ERV1	1005	-	44	76664322	26421
chr17	76771331	76971331	harbor2	chr17	76789163	76789725	LTR/ERV1	3459	-	281	76789444	18113
chr17	76771331	76971331	harbor2	chr17	76796621	76796690	LTR/ERV1	3146	-	34	76796655	25324
chr17	76771331	76971331	harbor2	chr17	76797201	76797746	LTR/ERV1	3146	-	272	76797473	26142
chr17	76771331	76971331	harbor2	chr17	76801745	76801983	LTR/ERV1	1385	-	119	76801864	30533
chr17	76771331	76971331	harbor2	chr17	76859283	76859561	LTR/ERV1	655	-	139	76859422	88091
chr17	76771331	76971331	harbor2	chr17	76859570	76859759	LTR/ERV1	793	-	94	76859664	88333
chr17	76771331	76971331	harbor2	chr17	76860327	76860380	LTR/ERV1	793	-	26	76860353	89022
chr17	80934870	81134870	harbor2	chr17	80943315	80943637	LTR/ERV1	1974	-	161	80943476	8606
chr17	80934870	81134870	harbor2	chr17	80990345	80990535	LTR/ERV1	1213	-	95	80990440	55570
chr17	80934870	81134870	harbor2	chr17	81011505	81011560	LTR/ERV1	3416	-	28	81011533	76663
chr17	80934870	81134870	harbor2	chr17	81011861	81012324	LTR/ERV1	3416	-	232	81012093	77223
chr17	7472691	7672691	harbor2	chr17	7522858	7523170	LTR/ERV1	1385	-	156	7523014	50323
chr17	7472691	7672691	harbor2	chr17	7523264	7523481	LTR/ERV1	9153	-	108	7523372	50681
chr17	7472691	7672691	harbor2	chr17	7524066	7524227	LTR/ERV1	9153	-	80	7524146	51455
chr17	7472691	7672691	harbor2	chr17	7524539	7524717	LTR/ERV1	9153	-	89	7524628	51937
chr17	7472691	7672691	harbor2	chr17	7525044	7526003	LTR/ERV1	9153	-	480	7525524	52833
chr17	7472691	7672691	harbor2	chr17	7526675	7527303	LTR/ERV1	10393	-	314	7526989	54298
chr17	7472691	7672691	harbor2	chr17	7527599	7527875	LTR/ERV1	10393	-	138	7527737	55046
chr17	7472691	7672691	harbor2	chr17	7528603	7529262	LTR/ERV1	10393	-	330	7528933	56242
chr17	7472691	7672691	harbor2	chr17	7529576	7529589	LTR/ERV1	847	-	6	7529582	56891
chr17	7472691	7672691	harbor2	chr17	7538200	7538472	LTR/ERV1	3158	-	136	7538336	65645
chr17	7472691	7672691	harbor2	chr17	7539077	7539489	LTR/ERV1	3158	-	206	7539283	66592
chr17	76485858	76685858	harbor2	chr17	76554904	76555040	LTR/ERV1	4174	-	68	76554972	69114
chr17	76485858	76685858	harbor2	chr17	76555340	76555753	LTR/ERV1	4174	-	206	76555546	69688
chr17	8344316	8544316	harbor2	chr17	8346763	8347682	LTR/ERV1	6415	-	460	8347223	2907
chr17	8344316	8544316	harbor2	chr17	8352772	8353232	LTR/ERV1	3846	-	230	8353002	8686
chr17	76768569	76968569	harbor2	chr17	76789163	76789725	LTR/ERV1	3459	-	281	76789444	20875
chr17	76768569	76968569	harbor2	chr17	76796621	76796690	LTR/ERV1	3146	-	34	76796655	28086
chr17	76768569	76968569	harbor2	chr17	76797201	76797746	LTR/ERV1	3146	-	272	76797473	28904
chr17	76768569	76968569	harbor2	chr17	76801745	76801983	LTR/ERV1	1385	-	119	76801864	33295
chr17	76768569	76968569	harbor2	chr17	76859283	76859561	LTR/ERV1	655	-	139	76859422	90853
chr17	76768569	76968569	harbor2	chr17	76859570	76859759	LTR/ERV1	793	-	94	76859664	91095
chr17	76768569	76968569	harbor2	chr17	76860327	76860380	LTR/ERV1	793	-	26	76860353	91784
chr17	7465556	7665556	harbor2	chr17	7522858	7523170	LTR/ERV1	1385	-	156	7523014	57458
chr17	7465556	7665556	harbor2	chr17	7523264	7523481	LTR/ERV1	9153	-	108	7523372	57816
chr17	7465556	7665556	harbor2	chr17	7524066	7524227	LTR/ERV1	9153	-	80	7524146	58590
chr17	7465556	7665556	harbor2	chr17	7524539	7524717	LTR/ERV1	9153	-	89	7524628	59072
chr17	7465556	7665556	harbor2	chr17	7525044	7526003	LTR/ERV1	9153	-	480	7525524	59968
chr17	7465556	7665556	harbor2	chr17	7526675	7527303	LTR/ERV1	10393	-	314	7526989	61433
chr17	7465556	7665556	harbor2	chr17	7527599	7527875	LTR/ERV1	10393	-	138	7527737	62181
chr17	7465556	7665556	harbor2	chr17	7528603	7529262	LTR/ERV1	10393	-	330	7528933	63377
chr17	7465556	7665556	harbor2	chr17	7529576	7529589	LTR/ERV1	847	-	6	7529582	64026
chr17	7465556	7665556	harbor2	chr17	7538200	7538472	LTR/ERV1	3158	-	136	7538336	72780
chr17	7465556	7665556	harbor2	chr17	7539077	7539489	LTR/ERV1	3158	-	206	7539283	73727
chr17	47195622	47395622	harbor2	chr17	47212531	47212941	LTR/ERV1	2114	-	205	47212736	17114
chr17	47195622	47395622	harbor2	chr17	47236522	47238904	LTR/ERV1	7903	-	1191	47237713	42091
chr17	47195622	47395622	harbor2	chr17	47263913	47264328	LTR/ERV1	2347	-	208	47264121	68499
chr17	47195622	47395622	harbor2	chr17	47271308	47271640	LTR/ERV1	884	-	166	47271474	75852
chr17	47195622	47395622	harbor2	chr17	47251266	47251884	LTR/ERV1	3068	-	309	47251575	55953
chr17	81003969	81203969	harbor2	chr17	81011505	81011560	LTR/ERV1	3416	-	28	81011533	7564
chr17	81003969	81203969	harbor2	chr17	81011861	81012324	LTR/ERV1	3416	-	232	81012093	8124
chr17	76637232	76837232	harbor2	chr17	76663696	76663972	LTR/ERV1	1005	-	138	76663834	26602
chr17	76637232	76837232	harbor2	chr17	76664278	76664365	LTR/ERV1	1005	-	44	76664322	27090
chr17	81583750	81783750	harbor2	chr17	81638126	81638287	LTR/ERV1	3290	-	80	81638206	54456
chr17	81583750	81783750	harbor2	chr17	81638598	81639147	LTR/ERV1	3290	-	274	81638872	55122
chr17	81583750	81783750	harbor2	chr17	81658879	81659148	LTR/ERV1	963	-	134	81659013	75263
chr17	44456186	44656186	harbor2	chr17	44537749	44538254	LTR/ERV1	2617	-	252	44538001	81815
chr17	8376092	8576092	harbor2	chr17	8448070	8448195	LTR/ERV1	811	-	62	8448132	72040
chr17	80935168	81135168	harbor2	chr17	80943315	80943637	LTR/ERV1	1974	-	161	80943476	8308
chr17	80935168	81135168	harbor2	chr17	80990345	80990535	LTR/ERV1	1213	-	95	80990440	55272
chr17	80935168	81135168	harbor2	chr17	81011505	81011560	LTR/ERV1	3416	-	28	81011533	76365
chr17	80935168	81135168	harbor2	chr17	81011861	81012324	LTR/ERV1	3416	-	232	81012093	76925
chr17	80934923	81134923	harbor2	chr17	80943315	80943637	LTR/ERV1	1974	-	161	80943476	8553
chr17	80934923	81134923	harbor2	chr17	80990345	80990535	LTR/ERV1	1213	-	95	80990440	55517
chr17	80934923	81134923	harbor2	chr17	81011505	81011560	LTR/ERV1	3416	-	28	81011533	76610
chr17	80934923	81134923	harbor2	chr17	81011861	81012324	LTR/ERV1	3416	-	232	81012093	77170
chr17	27233081	27433081	harbor2	chr17	27320661	27321122	LTR/ERV1	3813	-	230	27320891	87810
chr17	27233081	27433081	harbor2	chr17	27330313	27330466	LTR/ERV1	3219	-	76	27330389	97308
chr17	27233081	27433081	harbor2	chr17	27330778	27331179	LTR/ERV1	3219	-	200	27330978	97897
chr18	79580641	79780641	harbor2	chr18	79677260	79677620	LTR/ERV1	1720	-	180	79677440	96799
chr18	26192379	26392379	harbor2	chr18	26231675	26232215	LTR/ERV1	3991	-	270	26231945	39566
chr18	26192379	26392379	harbor2	chr18	26232227	26233679	LTR/ERV1	11979	-	726	26232953	40574
chr18	26192379	26392379	harbor2	chr18	26233679	26238550	LTR/ERV1	35833	-	2436	26236115	43736
chr18	26192379	26392379	harbor2	chr18	26244709	26245238	LTR/ERV1	4085	-	264	26244973	52594
chr18	26192379	26392379	harbor2	chr18	26245259	26245800	LTR/ERV1	3987	-	270	26245529	53150
chr18	26192379	26392379	harbor2	chr18	26263997	26264157	LTR/ERV1	1564	-	80	26264077	71698
chr18	26192379	26392379	harbor2	chr18	26264444	26264714	LTR/ERV1	1564	-	135	26264579	72200
chr18	26192379	26392379	harbor2	chr18	26271944	26272182	LTR/ERV1	1240	-	119	26272063	79684
chr18	26192379	26392379	harbor2	chr18	26290008	26290134	LTR/ERV1	2276	-	63	26290071	97692
chr18	26192379	26392379	harbor2	chr18	26290395	26290732	LTR/ERV1	2276	-	168	26290563	98184
chr18	76338499	76538499	harbor2	chr18	76338338	76338778	LTR/ERV1	3251	-	220	76338558	59
chr18	78210405	78410405	harbor2	chr18	78235884	78236319	LTR/ERV1	2545	-	218	78236102	25697
chr18	78210405	78410405	harbor2	chr18	78271637	78271727	LTR/ERV1	570	-	45	78271682	61277
chr18	8917310	9117310	harbor2	chr18	8921673	8922385	LTR/ERV1	3178	-	356	8922029	4719
chr18	8917310	9117310	harbor2	chr18	8925916	8926351	LTR/ERV1	2319	-	218	8926134	8824
chr18	8917310	9117310	harbor2	chr18	8929347	8929778	LTR/ERV1	2492	-	216	8929563	12253
chr18	8917310	9117310	harbor2	chr18	8930296	8930582	LTR/ERV1	1952	-	143	8930439	13129
chr18	8917310	9117310	harbor2	chr18	8931046	8931566	LTR/ERV1	2529	-	260	8931306	13996
chr18	8917310	9117310	harbor2	chr18	8931901	8932241	LTR/ERV1	1072	-	170	8932071	14761
chr18	8917310	9117310	harbor2	chr18	8933037	8933255	LTR/ERV1	1136	-	109	8933146	15836
chr18	8917310	9117310	harbor2	chr18	8933610	8934124	LTR/ERV1	1993	-	257	8933867	16557
chr18	8917310	9117310	harbor2	chr18	8934242	8934454	LTR/ERV1	1248	-	106	8934348	17038
chr18	8917310	9117310	harbor2	chr18	8934455	8934581	LTR/ERV1	3846	-	63	8934518	17208
chr18	8917310	9117310	harbor2	chr18	8934582	8935987	LTR/ERV1	9817	-	702	8935284	17974
chr18	8917310	9117310	harbor2	chr18	8935988	8936492	LTR/ERV1	3846	-	252	8936240	18930
chr18	8917310	9117310	harbor2	chr18	8936524	8937179	LTR/ERV1	1802	-	328	8936852	19542
chr18	8917310	9117310	harbor2	chr18	8937180	8937377	LTR/ERV1	1283	-	98	8937278	19968
chr18	8917310	9117310	harbor2	chr18	8939317	8939647	LTR/ERV1	3356	-	165	8939482	22172
chr18	8917310	9117310	harbor2	chr18	8939941	8940170	LTR/ERV1	3356	-	114	8940055	22745
chr18	8917310	9117310	harbor2	chr18	8940381	8940606	LTR/ERV1	881	-	112	8940493	23183
chr18	8917310	9117310	harbor2	chr18	8961412	8961676	LTR/ERV1	1652	-	132	8961544	44234
chr18	8917310	9117310	harbor2	chr18	8977068	8977832	LTR/ERV1	4938	-	382	8977450	60140
chr18	8917310	9117310	harbor2	chr18	9008705	9009267	LTR/ERV1	3723	-	281	9008986	91676
chr18	8917310	9117310	harbor2	chr18	9016117	9016417	LTR/ERV1	2753	-	150	9016267	98957
chr18	8917310	9117310	harbor2	chr18	9016734	9016919	LTR/ERV1	2753	-	92	9016826	99516
chr18	8917310	9117310	harbor2	chr18	8961977	8962134	LTR/ERV1	1652	-	78	8962055	44745
chr18	74439385	74639385	harbor2	chr18	74500667	74501145	LTR/ERV1	3978	-	239	74500906	61521
chr18	74439385	74639385	harbor2	chr18	74517232	74517740	LTR/ERV1	2234	-	254	74517486	78101
chr18	79580658	79780658	harbor2	chr18	79677260	79677620	LTR/ERV1	1720	-	180	79677440	96782
chr18	65788461	65988461	harbor2	chr18	65837194	65837728	LTR/ERV1	1350	-	267	65837461	49000
chr18	26155998	26355998	harbor2	chr18	26231675	26232215	LTR/ERV1	3991	-	270	26231945	75947
chr18	26155998	26355998	harbor2	chr18	26232227	26233679	LTR/ERV1	11979	-	726	26232953	76955
chr18	26155998	26355998	harbor2	chr18	26233679	26238550	LTR/ERV1	35833	-	2436	26236115	80117
chr18	26155998	26355998	harbor2	chr18	26244709	26245238	LTR/ERV1	4085	-	264	26244973	88975
chr18	26155998	26355998	harbor2	chr18	26245259	26245800	LTR/ERV1	3987	-	270	26245529	89531
chr18	12196156	12396156	harbor2	chr18	12228822	12229284	LTR/ERV1	4030	-	231	12229053	32897
chr18	12196156	12396156	harbor2	chr18	12235203	12235300	LTR/ERV1	536	-	48	12235251	39095
chr18	12196156	12396156	harbor2	chr18	12235474	12235875	LTR/ERV1	1419	-	200	12235674	39518
chr18	65651749	65851749	harbor2	chr18	65663390	65663823	LTR/ERV1	1548	-	216	65663606	11857
chr18	24500243	24700243	harbor2	chr18	24517577	24518480	LTR/ERV1	4775	-	452	24518029	17786
chr18	24500243	24700243	harbor2	chr18	24557954	24558701	LTR/ERV1	4756	-	374	24558328	58085
chr18	24500243	24700243	harbor2	chr18	24581310	24581419	LTR/ERV1	635	-	54	24581364	81121
chr18	79934431	80134431	harbor2	chr18	79991779	79992167	LTR/ERV1	2812	-	194	79991973	57542
chr18	79934431	80134431	harbor2	chr18	80003373	80003493	LTR/ERV1	729	-	60	80003433	69002
chr18	79934431	80134431	harbor2	chr18	80006400	80006595	LTR/ERV1	666	-	98	80006498	72067
chr18	79934431	80134431	harbor2	chr18	80006597	80007187	LTR/ERV1	3816	-	295	80006892	72461
chr18	79934431	80134431	harbor2	chr18	80007188	80007668	LTR/ERV1	3664	-	240	80007428	72997
chr18	79934431	80134431	harbor2	chr18	80007669	80007764	LTR/ERV1	3816	-	48	80007717	73286
chr18	79934431	80134431	harbor2	chr18	80007767	80007953	LTR/ERV1	808	-	93	80007860	73429
chr18	79934431	80134431	harbor2	chr18	80009495	80010075	LTR/ERV1	3227	-	290	80009785	75354
chr18	79934431	80134431	harbor2	chr18	80010078	80010907	LTR/ERV1	5171	-	414	80010492	76061
chr18	79934431	80134431	harbor2	chr18	80010909	80011515	LTR/ERV1	5856	-	303	80011212	76781
chr18	79934431	80134431	harbor2	chr18	80012148	80012828	LTR/ERV1	5856	-	340	80012488	78057
chr18	79934431	80134431	harbor2	chr18	80019525	80019947	LTR/ERV1	1171	-	211	80019736	85305
chr18	79934431	80134431	harbor2	chr18	80020191	80021182	LTR/ERV1	8081	-	496	80020687	86256
chr18	79934431	80134431	harbor2	chr18	80021476	80021996	LTR/ERV1	8081	-	260	80021736	87305
chr18	79934431	80134431	harbor2	chr18	80021997	80023821	LTR/ERV1	11534	-	912	80022909	88478
chr18	27134071	27334071	harbor2	chr18	27166713	27167231	LTR/ERV1	2900	-	259	27166972	32901
chr18	27134071	27334071	harbor2	chr18	27224659	27225387	LTR/ERV1	5448	-	364	27225023	90952
chr18	27134071	27334071	harbor2	chr18	27227421	27228143	LTR/ERV1	3452	-	361	27227782	93711
chr18	27134071	27334071	harbor2	chr18	27231254	27231700	LTR/ERV1	3324	-	223	27231477	97406
chr18	27134071	27334071	harbor2	chr18	27231701	27232070	LTR/ERV1	2002	-	184	27231885	97814
chr18	27134071	27334071	harbor2	chr18	27232071	27232212	LTR/ERV1	1178	-	70	27232141	98070
chr18	63860473	64060473	harbor2	chr18	63900345	63900809	LTR/ERV1	2097	-	232	63900577	40104
chr18	78215084	78415084	harbor2	chr18	78235884	78236319	LTR/ERV1	2545	-	218	78236102	21018
chr18	78215084	78415084	harbor2	chr18	78271637	78271727	LTR/ERV1	570	-	45	78271682	56598
chr18	12177247	12377247	harbor2	chr18	12228822	12229284	LTR/ERV1	4030	-	231	12229053	51806
chr18	12177247	12377247	harbor2	chr18	12235203	12235300	LTR/ERV1	536	-	48	12235251	58004
chr18	12177247	12377247	harbor2	chr18	12235474	12235875	LTR/ERV1	1419	-	200	12235674	58427
chr18	62778589	62978589	harbor2	chr18	62863066	62863170	LTR/ERV1	675	-	52	62863118	84529
chr18	62778589	62978589	harbor2	chr18	62863503	62863962	LTR/ERV1	3047	-	230	62863733	85144
chr18	62778589	62978589	harbor2	chr18	62864323	62865015	LTR/ERV1	4463	-	346	62864669	86080
chr18	62778589	62978589	harbor2	chr18	62872026	62872410	LTR/ERV1	1564	-	192	62872218	93629
chr18	62778589	62978589	harbor2	chr18	62873013	62873125	LTR/ERV1	1564	-	56	62873069	94480
chr19	49751330	49951330	harbor2	chr19	49820127	49820763	LTR/ERV1	4588	-	318	49820445	69115
chr19	17680051	17880051	harbor2	chr19	17743458	17743622	LTR/ERV1	1810	-	82	17743540	63489
chr19	17680051	17880051	harbor2	chr19	17743974	17744223	LTR/ERV1	1810	-	124	17744098	64047
chr19	10869257	11069257	harbor2	chr19	10937062	10937094	LTR/ERV1	1029	-	16	10937078	67821
chr19	10869257	11069257	harbor2	chr19	10937409	10937579	LTR/ERV1	1037	-	85	10937494	68237
chr19	10869257	11069257	harbor2	chr19	10941148	10941443	LTR/ERV1	721	-	148	10941296	72039
chr19	10695944	10895944	harbor2	chr19	10751811	10752309	LTR/ERV1	3608	-	249	10752060	56116
chr19	49752226	49952226	harbor2	chr19	49820127	49820763	LTR/ERV1	4588	-	318	49820445	68219
chr19	10789145	10989145	harbor2	chr19	10838553	10838902	LTR/ERV1	3380	-	174	10838727	49582
chr19	10789145	10989145	harbor2	chr19	10839205	10839493	LTR/ERV1	3380	-	144	10839349	50204
chr19	10789145	10989145	harbor2	chr19	10842787	10843431	LTR/ERV1	3090	-	322	10843109	53964
chr19	9993299	10193299	harbor2	chr19	10028654	10029074	LTR/ERV1	1799	-	210	10028864	35565
chr19	9993299	10193299	harbor2	chr19	10029158	10030207	LTR/ERV1	4141	-	524	10029682	36383
chr19	9993299	10193299	harbor2	chr19	10030209	10031775	LTR/ERV1	5329	-	783	10030992	37693
chr19	9993299	10193299	harbor2	chr19	10032085	10033236	LTR/ERV1	5329	-	576	10032661	39362
chr19	9993299	10193299	harbor2	chr19	10033539	10033958	LTR/ERV1	1770	-	210	10033749	40450
chr19	10771152	10971152	harbor2	chr19	10838553	10838902	LTR/ERV1	3380	-	174	10838727	67575
chr19	10771152	10971152	harbor2	chr19	10839205	10839493	LTR/ERV1	3380	-	144	10839349	68197
chr19	10771152	10971152	harbor2	chr19	10842787	10843431	LTR/ERV1	3090	-	322	10843109	71957
chr19	2800670	3000670	harbor2	chr19	2800914	2801413	LTR/ERV1	2469	-	250	2801164	494
chr19	2800670	3000670	harbor2	chr19	2817250	2817355	LTR/ERV1	632	-	52	2817302	16632
chr19	2800670	3000670	harbor2	chr19	2817465	2817725	LTR/ERV1	1593	-	130	2817595	16925
chr19	2800670	3000670	harbor2	chr19	2818545	2818728	LTR/ERV1	695	-	92	2818637	17967
chr19	2800670	3000670	harbor2	chr19	2819031	2819097	LTR/ERV1	695	-	33	2819064	18394
chr19	2800670	3000670	harbor2	chr19	2823328	2824465	LTR/ERV1	6797	-	568	2823896	23226
chr19	2800670	3000670	harbor2	chr19	2856559	2856918	LTR/ERV1	885	-	180	2856739	56069
chr19	2800670	3000670	harbor2	chr19	2883903	2884363	LTR/ERV1	2701	-	230	2884133	83463
chr19	23499430	23699430	harbor2	chr19	23513253	23513479	LTR/ERV1	1714	-	113	23513366	13936
chr19	23499430	23699430	harbor2	chr19	23513480	23514045	LTR/ERV1	3823	-	282	23513762	14332
chr19	23499430	23699430	harbor2	chr19	23514027	23514872	LTR/ERV1	8707	-	422	23514449	15019
chr19	23499430	23699430	harbor2	chr19	23515187	23515587	LTR/ERV1	8707	-	200	23515387	15957
chr19	23499430	23699430	harbor2	chr19	23515576	23515773	LTR/ERV1	1149	-	98	23515674	16244
chr19	23499430	23699430	harbor2	chr19	23515760	23515957	LTR/ERV1	11225	-	98	23515858	16428
chr19	23499430	23699430	harbor2	chr19	23516201	23517731	LTR/ERV1	11225	-	765	23516966	17536
chr19	23499430	23699430	harbor2	chr19	23518147	23518444	LTR/ERV1	1320	-	148	23518295	18865
chr19	23499430	23699430	harbor2	chr19	23518729	23518824	LTR/ERV1	1320	-	48	23518777	19347
chr19	23499430	23699430	harbor2	chr19	23519296	23519864	LTR/ERV1	2352	-	284	23519580	20150
chr19	23499430	23699430	harbor2	chr19	23566577	23566795	LTR/ERV1	681	-	109	23566686	67256
chr19	23499430	23699430	harbor2	chr19	23577621	23578002	LTR/ERV1	1637	-	190	23577811	78381
chr19	23499430	23699430	harbor2	chr19	23578299	23578313	LTR/ERV1	1637	-	7	23578306	78876
chr19	23499430	23699430	harbor2	chr19	23598358	23598815	LTR/ERV1	3500	-	228	23598586	99156
chr19	19676554	19876554	harbor2	chr19	19715365	19715846	LTR/ERV1	3241	-	240	19715605	39051
chr19	19676554	19876554	harbor2	chr19	19741515	19741644	LTR/ERV1	909	-	64	19741579	65025
chr19	19676554	19876554	harbor2	chr19	19742111	19742212	LTR/ERV1	660	-	50	19742161	65607
chr19	49752043	49952043	harbor2	chr19	49820127	49820763	LTR/ERV1	4588	-	318	49820445	68402
chr19	35168139	35368139	harbor2	chr19	35203078	35203500	LTR/ERV1	2388	-	211	35203289	35150
chr19	35168139	35368139	harbor2	chr19	35203508	35203759	LTR/ERV1	1395	-	126	35203634	35495
chr19	35168139	35368139	harbor2	chr19	35204673	35205219	LTR/ERV1	4376	-	273	35204946	36807
chr19	35168139	35368139	harbor2	chr19	35239214	35239443	LTR/ERV1	913	-	114	35239328	71189
chr19	35168139	35368139	harbor2	chr19	35240289	35240638	LTR/ERV1	1784	-	174	35240463	72324
chr19	48530447	48730447	harbor2	chr19	48531899	48532098	LTR/ERV1	1711	-	100	48531999	1552
chr19	48530447	48730447	harbor2	chr19	48532399	48532610	LTR/ERV1	1711	-	106	48532505	2058
chr19	48530447	48730447	harbor2	chr19	48621568	48621973	LTR/ERV1	3003	-	202	48621770	91323
chr19	48530447	48730447	harbor2	chr19	48622287	48622385	LTR/ERV1	3003	-	49	48622336	91889
chr19	58351599	58551599	harbor2	chr19	58421006	58421232	LTR/ERV1	891	-	113	58421119	69520
chr19	58351599	58551599	harbor2	chr19	58442072	58442158	LTR/ERV1	5820	-	43	58442115	90516
chr19	58351599	58551599	harbor2	chr19	58442474	58443398	LTR/ERV1	5820	-	462	58442936	91337
chr19	58419902	58619902	harbor2	chr19	58421006	58421232	LTR/ERV1	891	-	113	58421119	1217
chr19	58419902	58619902	harbor2	chr19	58442072	58442158	LTR/ERV1	5820	-	43	58442115	22213
chr19	58419902	58619902	harbor2	chr19	58442474	58443398	LTR/ERV1	5820	-	462	58442936	23034
chr19	49758607	49958607	harbor2	chr19	49820127	49820763	LTR/ERV1	4588	-	318	49820445	61838
chr19	36428735	36628735	harbor2	chr19	36483687	36483903	LTR/ERV1	2815	-	108	36483795	55060
chr19	36428735	36628735	harbor2	chr19	36484172	36484400	LTR/ERV1	2815	-	114	36484286	55551
chr19	36428735	36628735	harbor2	chr19	36508510	36508776	LTR/ERV1	4010	-	133	36508643	79908
chr19	36428735	36628735	harbor2	chr19	36509073	36509387	LTR/ERV1	4010	-	157	36509230	80495
chr19	36428735	36628735	harbor2	chr19	36509686	36509798	LTR/ERV1	4010	-	56	36509742	81007
chr19	49753274	49953274	harbor2	chr19	49820127	49820763	LTR/ERV1	4588	-	318	49820445	67171
chr19	56021004	56221004	harbor2	chr19	56045276	56045413	LTR/ERV1	1693	-	68	56045344	24340
chr19	56021004	56221004	harbor2	chr19	56045684	56045989	LTR/ERV1	1693	-	152	56045836	24832
chr19	56021004	56221004	harbor2	chr19	56060767	56061277	LTR/ERV1	2848	-	255	56061022	40018
chr19	45369318	45569318	harbor2	chr19	45407247	45407440	LTR/ERV1	911	-	96	45407343	38025
chr19	49752476	49952476	harbor2	chr19	49820127	49820763	LTR/ERV1	4588	-	318	49820445	67969
chr19	18336331	18536331	harbor2	chr19	18383356	18383445	LTR/ERV1	814	-	44	18383400	47069
chr19	18336331	18536331	harbor2	chr19	18384028	18384150	LTR/ERV1	814	-	61	18384089	47758
chr19	18336331	18536331	harbor2	chr19	18384634	18384975	LTR/ERV1	1742	-	170	18384804	48473
chr19	18336331	18536331	harbor2	chr19	18385409	18385441	LTR/ERV1	1742	-	16	18385425	49094
chr19	49752191	49952191	harbor2	chr19	49820127	49820763	LTR/ERV1	4588	-	318	49820445	68254
chr19	3558396	3758396	harbor2	chr19	3565323	3565527	LTR/ERV1	684	-	102	3565425	7029
chr19	34577590	34777590	harbor2	chr19	34584718	34585332	LTR/ERV1	4258	-	307	34585025	7435
chr19	34577590	34777590	harbor2	chr19	34585463	34585934	LTR/ERV1	2151	-	236	34585699	8109
chr19	34577590	34777590	harbor2	chr19	34586024	34586165	LTR/ERV1	730	-	70	34586094	8504
chr19	34577590	34777590	harbor2	chr19	34619937	34620176	LTR/ERV1	784	-	120	34620057	42467
chr19	34577590	34777590	harbor2	chr19	34621011	34621822	LTR/ERV1	3790	-	406	34621417	43827
chr19	34577590	34777590	harbor2	chr19	34621859	34623243	LTR/ERV1	7856	-	692	34622551	44961
chr19	34577590	34777590	harbor2	chr19	34623281	34625016	LTR/ERV1	9054	-	868	34624149	46559
chr19	34577590	34777590	harbor2	chr19	34673389	34673925	LTR/ERV1	2993	-	268	34673657	96067
chr19	34577590	34777590	harbor2	chr19	34675657	34676296	LTR/ERV1	4252	-	320	34675977	98387
chr19	34577590	34777590	harbor2	chr19	34618275	34619868	LTR/ERV1	8388	-	796	34619071	41481
chr19	49290589	49490589	harbor2	chr19	49378554	49378778	LTR/ERV1	1116	-	112	49378666	88077
chr19	19676565	19876565	harbor2	chr19	19715365	19715846	LTR/ERV1	3241	-	240	19715605	39040
chr19	19676565	19876565	harbor2	chr19	19741515	19741644	LTR/ERV1	909	-	64	19741579	65014
chr19	19676565	19876565	harbor2	chr19	19742111	19742212	LTR/ERV1	660	-	50	19742161	65596
chr19	10618443	10818443	harbor2	chr19	10651833	10652327	LTR/ERV1	2391	-	247	10652080	33637
chr19	48865235	49065235	harbor2	chr19	48878026	48878237	LTR/ERV1	3556	-	106	48878132	12897
chr19	48865235	49065235	harbor2	chr19	48878539	48878917	LTR/ERV1	3556	-	189	48878728	13493
chr19	48865235	49065235	harbor2	chr19	48882411	48882938	LTR/ERV1	4069	-	264	48882675	17440
chr19	48865235	49065235	harbor2	chr19	48949895	48950286	LTR/ERV1	2710	-	196	48950091	84856
chr19	50588275	50788275	harbor2	chr19	50591576	50591830	LTR/ERV1	2122	-	127	50591703	3428
chr19	50588275	50788275	harbor2	chr19	50592135	50592279	LTR/ERV1	2122	-	72	50592207	3932
chr19	50588275	50788275	harbor2	chr19	50599591	50599919	LTR/ERV1	2198	-	164	50599755	11480
chr19	50588275	50788275	harbor2	chr19	50653745	50654153	LTR/ERV1	1759	-	204	50653949	65674
chr19	49752678	49952678	harbor2	chr19	49820127	49820763	LTR/ERV1	4588	-	318	49820445	67767
chr19	51470868	51670868	harbor2	chr19	51477330	51477728	LTR/ERV1	2044	-	199	51477529	6661
chr19	10618435	10818435	harbor2	chr19	10651833	10652327	LTR/ERV1	2391	-	247	10652080	33645
chr19	10618491	10818491	harbor2	chr19	10651833	10652327	LTR/ERV1	2391	-	247	10652080	33589
chr19	48529547	48729547	harbor2	chr19	48531899	48532098	LTR/ERV1	1711	-	100	48531999	2452
chr19	48529547	48729547	harbor2	chr19	48532399	48532610	LTR/ERV1	1711	-	106	48532505	2958
chr19	48529547	48729547	harbor2	chr19	48621568	48621973	LTR/ERV1	3003	-	202	48621770	92223
chr19	48529547	48729547	harbor2	chr19	48622287	48622385	LTR/ERV1	3003	-	49	48622336	92789
chr19	19676581	19876581	harbor2	chr19	19715365	19715846	LTR/ERV1	3241	-	240	19715605	39024
chr19	19676581	19876581	harbor2	chr19	19741515	19741644	LTR/ERV1	909	-	64	19741579	64998
chr19	19676581	19876581	harbor2	chr19	19742111	19742212	LTR/ERV1	660	-	50	19742161	65580
chr19	49752531	49952531	harbor2	chr19	49820127	49820763	LTR/ERV1	4588	-	318	49820445	67914
chr19	19676539	19876539	harbor2	chr19	19715365	19715846	LTR/ERV1	3241	-	240	19715605	39066
chr19	19676539	19876539	harbor2	chr19	19741515	19741644	LTR/ERV1	909	-	64	19741579	65040
chr19	19676539	19876539	harbor2	chr19	19742111	19742212	LTR/ERV1	660	-	50	19742161	65622
chr19	19676556	19876556	harbor2	chr19	19715365	19715846	LTR/ERV1	3241	-	240	19715605	39049
chr19	19676556	19876556	harbor2	chr19	19741515	19741644	LTR/ERV1	909	-	64	19741579	65023
chr19	19676556	19876556	harbor2	chr19	19742111	19742212	LTR/ERV1	660	-	50	19742161	65605
chr19	19676482	19876482	harbor2	chr19	19715365	19715846	LTR/ERV1	3241	-	240	19715605	39123
chr19	19676482	19876482	harbor2	chr19	19741515	19741644	LTR/ERV1	909	-	64	19741579	65097
chr19	19676482	19876482	harbor2	chr19	19742111	19742212	LTR/ERV1	660	-	50	19742161	65679
chr19	1812988	2012988	harbor2	chr19	1900303	1900410	LTR/ERV1	1885	-	54	1900357	87369
chr19	1812988	2012988	harbor2	chr19	1900718	1900946	LTR/ERV1	1885	-	114	1900832	87844
chr19	19676573	19876573	harbor2	chr19	19715365	19715846	LTR/ERV1	3241	-	240	19715605	39032
chr19	19676573	19876573	harbor2	chr19	19741515	19741644	LTR/ERV1	909	-	64	19741579	65006
chr19	19676573	19876573	harbor2	chr19	19742111	19742212	LTR/ERV1	660	-	50	19742161	65588
chr19	10619540	10819540	harbor2	chr19	10651833	10652327	LTR/ERV1	2391	-	247	10652080	32540
chr19	49755720	49955720	harbor2	chr19	49820127	49820763	LTR/ERV1	4588	-	318	49820445	64725
chr19	57145103	57345103	harbor2	chr19	57229859	57230025	LTR/ERV1	662	-	83	57229942	84839
chr19	57145103	57345103	harbor2	chr19	57238211	57238620	LTR/ERV1	1321	-	204	57238415	93312
chr19	19676564	19876564	harbor2	chr19	19715365	19715846	LTR/ERV1	3241	-	240	19715605	39041
chr19	19676564	19876564	harbor2	chr19	19741515	19741644	LTR/ERV1	909	-	64	19741579	65015
chr19	19676564	19876564	harbor2	chr19	19742111	19742212	LTR/ERV1	660	-	50	19742161	65597
chr19	19676555	19876555	harbor2	chr19	19715365	19715846	LTR/ERV1	3241	-	240	19715605	39050
chr19	19676555	19876555	harbor2	chr19	19741515	19741644	LTR/ERV1	909	-	64	19741579	65024
chr19	19676555	19876555	harbor2	chr19	19742111	19742212	LTR/ERV1	660	-	50	19742161	65606
chr19	317334	517334	harbor2	chr19	369601	369994	LTR/ERV1	2629	-	196	369797	52463
chr19	10659895	10859895	harbor2	chr19	10751811	10752309	LTR/ERV1	3608	-	249	10752060	92165
chr19	19676548	19876548	harbor2	chr19	19715365	19715846	LTR/ERV1	3241	-	240	19715605	39057
chr19	19676548	19876548	harbor2	chr19	19741515	19741644	LTR/ERV1	909	-	64	19741579	65031
chr19	19676548	19876548	harbor2	chr19	19742111	19742212	LTR/ERV1	660	-	50	19742161	65613
chr19	31411850	31611850	harbor2	chr19	31411532	31412084	LTR/ERV1	4240	-	276	31411808	42
chr19	19676558	19876558	harbor2	chr19	19715365	19715846	LTR/ERV1	3241	-	240	19715605	39047
chr19	19676558	19876558	harbor2	chr19	19741515	19741644	LTR/ERV1	909	-	64	19741579	65021
chr19	19676558	19876558	harbor2	chr19	19742111	19742212	LTR/ERV1	660	-	50	19742161	65603
chr19	49759899	49959899	harbor2	chr19	49820127	49820763	LTR/ERV1	4588	-	318	49820445	60546
chr19	19676589	19876589	harbor2	chr19	19715365	19715846	LTR/ERV1	3241	-	240	19715605	39016
chr19	19676589	19876589	harbor2	chr19	19741515	19741644	LTR/ERV1	909	-	64	19741579	64990
chr19	19676589	19876589	harbor2	chr19	19742111	19742212	LTR/ERV1	660	-	50	19742161	65572
chr19	44902158	45102158	harbor2	chr19	44949975	44950324	LTR/ERV1	2234	-	174	44950149	47991
chr19	19676560	19876560	harbor2	chr19	19715365	19715846	LTR/ERV1	3241	-	240	19715605	39045
chr19	19676560	19876560	harbor2	chr19	19741515	19741644	LTR/ERV1	909	-	64	19741579	65019
chr19	19676560	19876560	harbor2	chr19	19742111	19742212	LTR/ERV1	660	-	50	19742161	65601
chr19	49757500	49957500	harbor2	chr19	49820127	49820763	LTR/ERV1	4588	-	318	49820445	62945
chr19	57142619	57342619	harbor2	chr19	57229859	57230025	LTR/ERV1	662	-	83	57229942	87323
chr19	57142619	57342619	harbor2	chr19	57238211	57238620	LTR/ERV1	1321	-	204	57238415	95796
chr19	10736679	10936679	harbor2	chr19	10751811	10752309	LTR/ERV1	3608	-	249	10752060	15381
chr19	57140879	57340879	harbor2	chr19	57229859	57230025	LTR/ERV1	662	-	83	57229942	89063
chr19	57140879	57340879	harbor2	chr19	57238211	57238620	LTR/ERV1	1321	-	204	57238415	97536
chr19	49751329	49951329	harbor2	chr19	49820127	49820763	LTR/ERV1	4588	-	318	49820445	69116
chr19	10724040	10924040	harbor2	chr19	10751811	10752309	LTR/ERV1	3608	-	249	10752060	28020
chr19	44008458	44208458	harbor2	chr19	44014400	44015123	LTR/ERV1	3139	-	362	44014762	6304
chr19	44008458	44208458	harbor2	chr19	44015558	44016051	LTR/ERV1	2490	-	246	44015804	7346
chr19	44008458	44208458	harbor2	chr19	44033506	44033879	LTR/ERV1	783	-	186	44033692	25234
chr19	44008458	44208458	harbor2	chr19	44034644	44034831	LTR/ERV1	801	-	94	44034738	26280
chr19	44008458	44208458	harbor2	chr19	44034833	44035331	LTR/ERV1	3100	-	249	44035082	26624
chr19	44008458	44208458	harbor2	chr19	44041400	44042053	LTR/ERV1	3312	-	326	44041726	33268
chr19	44008458	44208458	harbor2	chr19	44063180	44063910	LTR/ERV1	4993	-	365	44063545	55087
chr19	44008458	44208458	harbor2	chr19	44070814	44070917	LTR/ERV1	741	-	52	44070866	62408
chr19	49751356	49951356	harbor2	chr19	49820127	49820763	LTR/ERV1	4588	-	318	49820445	69089
chr19	48095517	48295517	harbor2	chr19	48106649	48106810	LTR/ERV1	720	-	80	48106729	11212
chr19	48095517	48295517	harbor2	chr19	48107145	48107333	LTR/ERV1	720	-	94	48107239	11722
chr19	48095517	48295517	harbor2	chr19	48108434	48108646	LTR/ERV1	1294	-	106	48108540	13023
chr19	48095517	48295517	harbor2	chr19	48108958	48109160	LTR/ERV1	1294	-	101	48109059	13542
chr19	50276756	50476756	harbor2	chr19	50306475	50306789	LTR/ERV1	1015	-	157	50306632	29876
chr19	50276756	50476756	harbor2	chr19	50346977	50347478	LTR/ERV1	2984	-	250	50347227	70471
chr19	50276756	50476756	harbor2	chr19	50372615	50372845	LTR/ERV1	1271	-	115	50372730	95974
chr19	50276756	50476756	harbor2	chr19	50372994	50373358	LTR/ERV1	2450	-	182	50373176	96420
chr19	50276756	50476756	harbor2	chr19	50347480	50350190	LTR/ERV1	17924	-	1355	50348835	72079
chr19	10736092	10936092	harbor2	chr19	10751811	10752309	LTR/ERV1	3608	-	249	10752060	15968
chr19	41689213	41889213	harbor2	chr19	41734939	41735500	LTR/ERV1	943	-	280	41735219	46006
chr19	41689213	41889213	harbor2	chr19	41735886	41736165	LTR/ERV1	977	-	140	41736026	46813
chr19	41689213	41889213	harbor2	chr19	41736163	41736680	LTR/ERV1	3294	-	258	41736421	47208
chr19	41689213	41889213	harbor2	chr19	41736669	41736815	LTR/ERV1	856	-	73	41736742	47529
chr19	41689213	41889213	harbor2	chr19	41737317	41737971	LTR/ERV1	1553	-	327	41737644	48431
chr19	41689213	41889213	harbor2	chr19	41737973	41738140	LTR/ERV1	909	-	84	41738057	48844
chr19	41689213	41889213	harbor2	chr19	41738132	41738145	LTR/ERV1	2073	-	6	41738138	48925
chr19	41689213	41889213	harbor2	chr19	41738444	41738978	LTR/ERV1	2073	-	267	41738711	49498
chr19	41689213	41889213	harbor2	chr19	41738970	41739529	LTR/ERV1	2867	-	280	41739250	50037
chr19	41689213	41889213	harbor2	chr19	41739531	41739898	LTR/ERV1	2215	-	184	41739715	50502
chr19	41689213	41889213	harbor2	chr19	41740525	41740735	LTR/ERV1	900	-	105	41740630	51417
chr19	41689213	41889213	harbor2	chr19	41740715	41741084	LTR/ERV1	671	-	184	41740899	51686
chr19	41689213	41889213	harbor2	chr19	41742003	41742066	LTR/ERV1	1090	-	32	41742035	52822
chr19	41689213	41889213	harbor2	chr19	41742370	41742968	LTR/ERV1	1090	-	299	41742669	53456
chr19	41689213	41889213	harbor2	chr19	41774781	41774922	LTR/ERV1	886	-	70	41774851	85638
chr19	41689213	41889213	harbor2	chr19	41775233	41775307	LTR/ERV1	886	-	37	41775270	86057
chr19	41689213	41889213	harbor2	chr19	41775288	41775704	LTR/ERV1	1190	-	208	41775496	86283
chr19	41689213	41889213	harbor2	chr19	41776109	41776321	LTR/ERV1	791	-	106	41776215	87002
chr19	41689213	41889213	harbor2	chr19	41776382	41776648	LTR/ERV1	1673	-	133	41776515	87302
chr19	41689213	41889213	harbor2	chr19	41776650	41776853	LTR/ERV1	999	-	102	41776752	87539
chr19	41689213	41889213	harbor2	chr19	41776856	41777220	LTR/ERV1	2222	-	182	41777038	87825
chr19	41689213	41889213	harbor2	chr19	41778156	41778368	LTR/ERV1	761	-	106	41778262	89049
chr19	41689213	41889213	harbor2	chr19	41778346	41778477	LTR/ERV1	830	-	66	41778412	89199
chr19	41689213	41889213	harbor2	chr19	41778771	41779041	LTR/ERV1	830	-	135	41778906	89693
chr19	41689213	41889213	harbor2	chr19	41780294	41780916	LTR/ERV1	1460	-	311	41780605	91392
chr19	2411940	2611940	harbor2	chr19	2458372	2458525	LTR/ERV1	1062	-	76	2458448	46508
chr19	2411940	2611940	harbor2	chr19	2459130	2459245	LTR/ERV1	1062	-	58	2459188	47248
chr19	2411940	2611940	harbor2	chr19	2457570	2457758	LTR/ERV1	1062	-	94	2457664	45724
chr19	38799487	38999487	harbor2	chr19	38865455	38865543	LTR/ERV1	4937	-	44	38865499	66012
chr19	38799487	38999487	harbor2	chr19	38865852	38866298	LTR/ERV1	4937	-	223	38866075	66588
chr19	38799487	38999487	harbor2	chr19	38866601	38866783	LTR/ERV1	4937	-	91	38866692	67205
chr19	38799487	38999487	harbor2	chr19	38862477	38862887	LTR/ERV1	2506	-	205	38862682	63195
chr19	49752522	49952522	harbor2	chr19	49820127	49820763	LTR/ERV1	4588	-	318	49820445	67923
chr19	2173263	2373263	harbor2	chr19	2211974	2212206	LTR/ERV1	4182	-	116	2212090	38827
chr19	2173263	2373263	harbor2	chr19	2212460	2212811	LTR/ERV1	4182	-	176	2212636	39373
chr19	49292104	49492104	harbor2	chr19	49378554	49378778	LTR/ERV1	1116	-	112	49378666	86562
chr19	10618409	10818409	harbor2	chr19	10651833	10652327	LTR/ERV1	2391	-	247	10652080	33671
chr19	19676585	19876585	harbor2	chr19	19715365	19715846	LTR/ERV1	3241	-	240	19715605	39020
chr19	19676585	19876585	harbor2	chr19	19741515	19741644	LTR/ERV1	909	-	64	19741579	64994
chr19	19676585	19876585	harbor2	chr19	19742111	19742212	LTR/ERV1	660	-	50	19742161	65576
chr19	56021006	56221006	harbor2	chr19	56045276	56045413	LTR/ERV1	1693	-	68	56045344	24338
chr19	56021006	56221006	harbor2	chr19	56045684	56045989	LTR/ERV1	1693	-	152	56045836	24830
chr19	56021006	56221006	harbor2	chr19	56060767	56061277	LTR/ERV1	2848	-	255	56061022	40016
chr19	35543573	35743573	harbor2	chr19	35597864	35598363	LTR/ERV1	1310	-	250	35598114	54541
chr19	35543573	35743573	harbor2	chr19	35602988	35603032	LTR/ERV1	2540	-	22	35603010	59437
chr19	35543573	35743573	harbor2	chr19	35603329	35603734	LTR/ERV1	2540	-	202	35603531	59958
chr19	56021023	56221023	harbor2	chr19	56045276	56045413	LTR/ERV1	1693	-	68	56045344	24321
chr19	56021023	56221023	harbor2	chr19	56045684	56045989	LTR/ERV1	1693	-	152	56045836	24813
chr19	56021023	56221023	harbor2	chr19	56060767	56061277	LTR/ERV1	2848	-	255	56061022	39999
chr19	10717506	10917506	harbor2	chr19	10751811	10752309	LTR/ERV1	3608	-	249	10752060	34554
chr19	57180316	57380316	harbor2	chr19	57229859	57230025	LTR/ERV1	662	-	83	57229942	49626
chr19	57180316	57380316	harbor2	chr19	57238211	57238620	LTR/ERV1	1321	-	204	57238415	58099
chr19	57180316	57380316	harbor2	chr19	57275342	57275826	LTR/ERV1	3628	-	242	57275584	95268
chr19	57180316	57380316	harbor2	chr19	57276130	57276274	LTR/ERV1	1097	-	72	57276202	95886
chr19	57180316	57380316	harbor2	chr19	57276277	57277257	LTR/ERV1	5244	-	490	57276767	96451
chr19	57180316	57380316	harbor2	chr19	57277555	57278202	LTR/ERV1	5244	-	324	57277879	97563
chr19	57180316	57380316	harbor2	chr19	57278291	57278839	LTR/ERV1	4336	-	274	57278565	98249
chr19	19952301	20152301	harbor2	chr19	19957071	19957380	LTR/ERV1	1162	-	154	19957225	4924
chr19	19952301	20152301	harbor2	chr19	19978240	19978725	LTR/ERV1	2673	-	242	19978482	26181
chr19	19952301	20152301	harbor2	chr19	20031860	20032984	LTR/ERV1	5000	-	562	20032422	80121
chr19	19952301	20152301	harbor2	chr19	20033291	20033344	LTR/ERV1	904	-	26	20033317	81016
chr19	19952301	20152301	harbor2	chr19	19988368	19988813	LTR/ERV1	2405	-	222	19988590	36289
chr19	15092197	15292197	harbor2	chr19	15105303	15105504	LTR/ERV1	2809	-	100	15105403	13206
chr19	15092197	15292197	harbor2	chr19	15106687	15106819	LTR/ERV1	2809	-	66	15106753	14556
chr19	15092197	15292197	harbor2	chr19	15106015	15106365	LTR/ERV1	2809	-	175	15106190	13993
chr19	19676523	19876523	harbor2	chr19	19715365	19715846	LTR/ERV1	3241	-	240	19715605	39082
chr19	19676523	19876523	harbor2	chr19	19741515	19741644	LTR/ERV1	909	-	64	19741579	65056
chr19	19676523	19876523	harbor2	chr19	19742111	19742212	LTR/ERV1	660	-	50	19742161	65638
chr19	10019525	10219525	harbor2	chr19	10028654	10029074	LTR/ERV1	1799	-	210	10028864	9339
chr19	10019525	10219525	harbor2	chr19	10029158	10030207	LTR/ERV1	4141	-	524	10029682	10157
chr19	10019525	10219525	harbor2	chr19	10030209	10031775	LTR/ERV1	5329	-	783	10030992	11467
chr19	10019525	10219525	harbor2	chr19	10032085	10033236	LTR/ERV1	5329	-	576	10032661	13136
chr19	10019525	10219525	harbor2	chr19	10033539	10033958	LTR/ERV1	1770	-	210	10033749	14224
chr19	2115939	2315939	harbor2	chr19	2158753	2158983	LTR/ERV1	1373	-	115	2158868	42929
chr19	2115939	2315939	harbor2	chr19	2170166	2170403	LTR/ERV1	757	-	118	2170284	54345
chr19	2115939	2315939	harbor2	chr19	2171761	2172177	LTR/ERV1	739	-	208	2171969	56030
chr19	2115939	2315939	harbor2	chr19	2211974	2212206	LTR/ERV1	4182	-	116	2212090	96151
chr19	2115939	2315939	harbor2	chr19	2212460	2212811	LTR/ERV1	4182	-	176	2212636	96697
chr19	49769383	49969383	harbor2	chr19	49820127	49820763	LTR/ERV1	4588	-	318	49820445	51062
chr19	10619009	10819009	harbor2	chr19	10651833	10652327	LTR/ERV1	2391	-	247	10652080	33071
chr19	49752111	49952111	harbor2	chr19	49820127	49820763	LTR/ERV1	4588	-	318	49820445	68334
chr19	49776645	49976645	harbor2	chr19	49820127	49820763	LTR/ERV1	4588	-	318	49820445	43800
chr19	559668	759668	harbor2	chr19	560496	560534	LTR/ERV1	2394	-	19	560515	847
chr19	559668	759668	harbor2	chr19	561144	561360	LTR/ERV1	2394	-	108	561252	1584
chr19	559668	759668	harbor2	chr19	561669	561843	LTR/ERV1	2394	-	87	561756	2088
chr19	559668	759668	harbor2	chr19	562284	562821	LTR/ERV1	4773	-	268	562552	2884
chr19	559668	759668	harbor2	chr19	563123	563561	LTR/ERV1	4773	-	219	563342	3674
chr19	559668	759668	harbor2	chr19	563852	564005	LTR/ERV1	934	-	76	563928	4260
chr19	559668	759668	harbor2	chr19	565565	565776	LTR/ERV1	950	-	106	565671	6003
chr19	559668	759668	harbor2	chr19	566075	566138	LTR/ERV1	747	-	32	566107	6439
chr19	559668	759668	harbor2	chr19	566440	566617	LTR/ERV1	747	-	88	566528	6860
chr19	559668	759668	harbor2	chr19	566855	567281	LTR/ERV1	1845	-	213	567068	7400
chr19	559668	759668	harbor2	chr19	567308	567724	LTR/ERV1	1623	-	208	567516	7848
chr19	559668	759668	harbor2	chr19	568030	568295	LTR/ERV1	1745	-	132	568162	8494
chr19	559668	759668	harbor2	chr19	568601	568668	LTR/ERV1	1745	-	34	568635	8967
chr19	559668	759668	harbor2	chr19	569295	569346	LTR/ERV1	3983	-	26	569321	9653
chr19	559668	759668	harbor2	chr19	569636	570143	LTR/ERV1	3983	-	254	569890	10222
chr19	559668	759668	harbor2	chr19	570459	570617	LTR/ERV1	3983	-	79	570538	10870
chr19	559668	759668	harbor2	chr19	571377	571615	LTR/ERV1	1132	-	119	571496	11828
chr19	559668	759668	harbor2	chr19	571641	571898	LTR/ERV1	896	-	128	571769	12101
chr19	57180327	57380327	harbor2	chr19	57229859	57230025	LTR/ERV1	662	-	83	57229942	49615
chr19	57180327	57380327	harbor2	chr19	57238211	57238620	LTR/ERV1	1321	-	204	57238415	58088
chr19	57180327	57380327	harbor2	chr19	57275342	57275826	LTR/ERV1	3628	-	242	57275584	95257
chr19	57180327	57380327	harbor2	chr19	57276130	57276274	LTR/ERV1	1097	-	72	57276202	95875
chr19	57180327	57380327	harbor2	chr19	57276277	57277257	LTR/ERV1	5244	-	490	57276767	96440
chr19	57180327	57380327	harbor2	chr19	57277555	57278202	LTR/ERV1	5244	-	324	57277879	97552
chr19	57180327	57380327	harbor2	chr19	57278291	57278839	LTR/ERV1	4336	-	274	57278565	98238
chr19	19676599	19876599	harbor2	chr19	19715365	19715846	LTR/ERV1	3241	-	240	19715605	39006
chr19	19676599	19876599	harbor2	chr19	19741515	19741644	LTR/ERV1	909	-	64	19741579	64980
chr19	19676599	19876599	harbor2	chr19	19742111	19742212	LTR/ERV1	660	-	50	19742161	65562
chr19	19676579	19876579	harbor2	chr19	19715365	19715846	LTR/ERV1	3241	-	240	19715605	39026
chr19	19676579	19876579	harbor2	chr19	19741515	19741644	LTR/ERV1	909	-	64	19741579	65000
chr19	19676579	19876579	harbor2	chr19	19742111	19742212	LTR/ERV1	660	-	50	19742161	65582
chr19	21364049	21564049	harbor2	chr19	21364552	21364735	LTR/ERV1	3457	-	92	21364644	595
chr19	21364049	21564049	harbor2	chr19	21365058	21365421	LTR/ERV1	3457	-	182	21365240	1191
chr19	21364049	21564049	harbor2	chr19	21365422	21365674	LTR/ERV1	1700	-	126	21365548	1499
chr19	21364049	21564049	harbor2	chr19	21365972	21366038	LTR/ERV1	1700	-	33	21366005	1956
chr19	21364049	21564049	harbor2	chr19	21366037	21366525	LTR/ERV1	2326	-	244	21366281	2232
chr19	21364049	21564049	harbor2	chr19	21366526	21367044	LTR/ERV1	3024	-	259	21366785	2736
chr19	21364049	21564049	harbor2	chr19	21397623	21398105	LTR/ERV1	2901	-	241	21397864	33815
chr19	21364049	21564049	harbor2	chr19	21430674	21431188	LTR/ERV1	2116	-	257	21430931	66882
chr19	21364049	21564049	harbor2	chr19	21431191	21431877	LTR/ERV1	19786	-	343	21431534	67485
chr19	21364049	21564049	harbor2	chr19	21432171	21435553	LTR/ERV1	19786	-	1691	21433862	69813
chr19	21364049	21564049	harbor2	chr19	21435798	21436222	LTR/ERV1	19786	-	212	21436010	71961
chr19	21364049	21564049	harbor2	chr19	21436299	21437861	LTR/ERV1	12436	-	781	21437080	73031
chr19	21364049	21564049	harbor2	chr19	21438170	21438613	LTR/ERV1	12436	-	222	21438392	74343
chr19	21364049	21564049	harbor2	chr19	21438913	21440194	LTR/ERV1	12436	-	640	21439553	75504
chr19	21364049	21564049	harbor2	chr19	21440181	21440667	LTR/ERV1	1491	-	243	21440424	76375
chr19	21364049	21564049	harbor2	chr19	21440668	21441176	LTR/ERV1	2375	-	254	21440922	76873
chr19	21364049	21564049	harbor2	chr19	21442050	21442665	LTR/ERV1	2702	-	308	21442358	78309
chr19	21364049	21564049	harbor2	chr19	21454300	21454665	LTR/ERV1	8883	-	182	21454482	90433
chr19	21364049	21564049	harbor2	chr19	21454976	21455218	LTR/ERV1	8883	-	121	21455097	91048
chr19	21364049	21564049	harbor2	chr19	21455452	21456510	LTR/ERV1	8883	-	529	21455981	91932
chr19	21364049	21564049	harbor2	chr19	21456584	21457001	LTR/ERV1	1344	-	208	21456792	92743
chr19	21364049	21564049	harbor2	chr19	21457770	21458357	LTR/ERV1	2186	-	294	21458064	94015
chr19	58394774	58594774	harbor2	chr19	58421006	58421232	LTR/ERV1	891	-	113	58421119	26345
chr19	58394774	58594774	harbor2	chr19	58442072	58442158	LTR/ERV1	5820	-	43	58442115	47341
chr19	58394774	58594774	harbor2	chr19	58442474	58443398	LTR/ERV1	5820	-	462	58442936	48162
chr19	10628021	10828021	harbor2	chr19	10651833	10652327	LTR/ERV1	2391	-	247	10652080	24059
chr19	10619476	10819476	harbor2	chr19	10651833	10652327	LTR/ERV1	2391	-	247	10652080	32604
chr19	10735497	10935497	harbor2	chr19	10751811	10752309	LTR/ERV1	3608	-	249	10752060	16563
chr19	33077036	33277036	harbor2	chr19	33077645	33077756	LTR/ERV1	1384	-	56	33077701	665
chr19	33077036	33277036	harbor2	chr19	33078040	33078314	LTR/ERV1	1384	-	137	33078177	1141
chr19	48529835	48729835	harbor2	chr19	48531899	48532098	LTR/ERV1	1711	-	100	48531999	2164
chr19	48529835	48729835	harbor2	chr19	48532399	48532610	LTR/ERV1	1711	-	106	48532505	2670
chr19	48529835	48729835	harbor2	chr19	48621568	48621973	LTR/ERV1	3003	-	202	48621770	91935
chr19	48529835	48729835	harbor2	chr19	48622287	48622385	LTR/ERV1	3003	-	49	48622336	92501
chr19	39746502	39946502	harbor2	chr19	39763521	39763582	LTR/ERV1	3998	-	30	39763551	17049
chr19	39746502	39946502	harbor2	chr19	39764242	39764785	LTR/ERV1	3998	-	272	39764514	18012
chr19	39746502	39946502	harbor2	chr19	39770607	39770889	LTR/ERV1	2621	-	141	39770748	24246
chr19	39746502	39946502	harbor2	chr19	39771521	39771715	LTR/ERV1	2621	-	97	39771618	25116
chr19	32997991	33197991	harbor2	chr19	33077645	33077756	LTR/ERV1	1384	-	56	33077701	79710
chr19	32997991	33197991	harbor2	chr19	33078040	33078314	LTR/ERV1	1384	-	137	33078177	80186
chr19	48648417	48848417	harbor2	chr19	48685404	48685608	LTR/ERV1	1161	-	102	48685506	37089
chr19	48648417	48848417	harbor2	chr19	48687743	48688221	LTR/ERV1	1344	-	239	48687982	39565
chr19	48648417	48848417	harbor2	chr19	48688522	48688717	LTR/ERV1	1344	-	98	48688620	40203
chr19	48648417	48848417	harbor2	chr19	48688849	48688894	LTR/ERV1	1344	-	22	48688871	40454
chr19	49752037	49952037	harbor2	chr19	49820127	49820763	LTR/ERV1	4588	-	318	49820445	68408
chr19	35168137	35368137	harbor2	chr19	35203078	35203500	LTR/ERV1	2388	-	211	35203289	35152
chr19	35168137	35368137	harbor2	chr19	35203508	35203759	LTR/ERV1	1395	-	126	35203634	35497
chr19	35168137	35368137	harbor2	chr19	35204673	35205219	LTR/ERV1	4376	-	273	35204946	36809
chr19	35168137	35368137	harbor2	chr19	35239214	35239443	LTR/ERV1	913	-	114	35239328	71191
chr19	35168137	35368137	harbor2	chr19	35240289	35240638	LTR/ERV1	1784	-	174	35240463	72326
chr19	49752434	49952434	harbor2	chr19	49820127	49820763	LTR/ERV1	4588	-	318	49820445	68011
chr19	5620309	5820309	harbor2	chr19	5716623	5716802	LTR/ERV1	1051	-	90	5716713	96404
chr19	58351584	58551584	harbor2	chr19	58421006	58421232	LTR/ERV1	891	-	113	58421119	69535
chr19	58351584	58551584	harbor2	chr19	58442072	58442158	LTR/ERV1	5820	-	43	58442115	90531
chr19	58351584	58551584	harbor2	chr19	58442474	58443398	LTR/ERV1	5820	-	462	58442936	91352
chr19	48529639	48729639	harbor2	chr19	48531899	48532098	LTR/ERV1	1711	-	100	48531999	2360
chr19	48529639	48729639	harbor2	chr19	48532399	48532610	LTR/ERV1	1711	-	106	48532505	2866
chr19	48529639	48729639	harbor2	chr19	48621568	48621973	LTR/ERV1	3003	-	202	48621770	92131
chr19	48529639	48729639	harbor2	chr19	48622287	48622385	LTR/ERV1	3003	-	49	48622336	92697
chr19	58399501	58599501	harbor2	chr19	58421006	58421232	LTR/ERV1	891	-	113	58421119	21618
chr19	58399501	58599501	harbor2	chr19	58442072	58442158	LTR/ERV1	5820	-	43	58442115	42614
chr19	58399501	58599501	harbor2	chr19	58442474	58443398	LTR/ERV1	5820	-	462	58442936	43435
chr19	49751281	49951281	harbor2	chr19	49820127	49820763	LTR/ERV1	4588	-	318	49820445	69164
chr19	36015441	36215441	harbor2	chr19	36051656	36051765	LTR/ERV1	2310	-	54	36051710	36269
chr19	36015441	36215441	harbor2	chr19	36052486	36052940	LTR/ERV1	2310	-	227	36052713	37272
chr19	36015441	36215441	harbor2	chr19	36053582	36053652	LTR/ERV1	2310	-	35	36053617	38176
chr19	45378520	45578520	harbor2	chr19	45407247	45407440	LTR/ERV1	911	-	96	45407343	28823
chr19	28840757	29040757	harbor2	chr19	28860012	28860718	LTR/ERV1	3429	-	353	28860365	19608
chr19	28840757	29040757	harbor2	chr19	28886686	28887147	LTR/ERV1	1322	-	230	28886916	46159
chr19	51827594	52027594	harbor2	chr19	51836739	51836761	LTR/ERV1	2389	-	11	51836750	9156
chr19	51827594	52027594	harbor2	chr19	51837074	51837560	LTR/ERV1	2389	-	243	51837317	9723
chr19	51827594	52027594	harbor2	chr19	51905172	51905603	LTR/ERV1	1495	-	216	51905388	77794
chr19	10735904	10935904	harbor2	chr19	10751811	10752309	LTR/ERV1	3608	-	249	10752060	16156
chr19	19676552	19876552	harbor2	chr19	19715365	19715846	LTR/ERV1	3241	-	240	19715605	39053
chr19	19676552	19876552	harbor2	chr19	19741515	19741644	LTR/ERV1	909	-	64	19741579	65027
chr19	19676552	19876552	harbor2	chr19	19742111	19742212	LTR/ERV1	660	-	50	19742161	65609
chr19	23929751	24129751	harbor2	chr19	24024138	24024551	LTR/ERV1	1850	-	206	24024344	94593
chr19	23929751	24129751	harbor2	chr19	24024871	24025094	LTR/ERV1	860	-	112	24024983	95232
chr19	23929751	24129751	harbor2	chr19	24025696	24025863	LTR/ERV1	1022	-	84	24025780	96029
chr19	23929751	24129751	harbor2	chr19	24026170	24026248	LTR/ERV1	1022	-	39	24026209	96458
chr19	23929751	24129751	harbor2	chr19	24026688	24027643	LTR/ERV1	4714	-	478	24027166	97415
chr19	492364	692364	harbor2	chr19	502613	503061	LTR/ERV1	1908	-	224	502837	10473
chr19	492364	692364	harbor2	chr19	505485	506025	LTR/ERV1	4343	-	270	505755	13391
chr19	492364	692364	harbor2	chr19	506329	506438	LTR/ERV1	4343	-	54	506383	14019
chr19	492364	692364	harbor2	chr19	516168	516372	LTR/ERV1	3733	-	102	516270	23906
chr19	492364	692364	harbor2	chr19	516683	516981	LTR/ERV1	3733	-	149	516832	24468
chr19	492364	692364	harbor2	chr19	560496	560534	LTR/ERV1	2394	-	19	560515	68151
chr19	492364	692364	harbor2	chr19	561144	561360	LTR/ERV1	2394	-	108	561252	68888
chr19	492364	692364	harbor2	chr19	561669	561843	LTR/ERV1	2394	-	87	561756	69392
chr19	492364	692364	harbor2	chr19	562284	562821	LTR/ERV1	4773	-	268	562552	70188
chr19	492364	692364	harbor2	chr19	563123	563561	LTR/ERV1	4773	-	219	563342	70978
chr19	492364	692364	harbor2	chr19	563852	564005	LTR/ERV1	934	-	76	563928	71564
chr19	492364	692364	harbor2	chr19	565565	565776	LTR/ERV1	950	-	106	565671	73307
chr19	492364	692364	harbor2	chr19	566075	566138	LTR/ERV1	747	-	32	566107	73743
chr19	492364	692364	harbor2	chr19	566440	566617	LTR/ERV1	747	-	88	566528	74164
chr19	492364	692364	harbor2	chr19	566855	567281	LTR/ERV1	1845	-	213	567068	74704
chr19	492364	692364	harbor2	chr19	567308	567724	LTR/ERV1	1623	-	208	567516	75152
chr19	492364	692364	harbor2	chr19	568030	568295	LTR/ERV1	1745	-	132	568162	75798
chr19	492364	692364	harbor2	chr19	568601	568668	LTR/ERV1	1745	-	34	568635	76271
chr19	492364	692364	harbor2	chr19	569295	569346	LTR/ERV1	3983	-	26	569321	76957
chr19	492364	692364	harbor2	chr19	569636	570143	LTR/ERV1	3983	-	254	569890	77526
chr19	492364	692364	harbor2	chr19	570459	570617	LTR/ERV1	3983	-	79	570538	78174
chr19	492364	692364	harbor2	chr19	571377	571615	LTR/ERV1	1132	-	119	571496	79132
chr19	492364	692364	harbor2	chr19	571641	571898	LTR/ERV1	896	-	128	571769	79405
chr19	49769630	49969630	harbor2	chr19	49820127	49820763	LTR/ERV1	4588	-	318	49820445	50815
chr19	19952302	20152302	harbor2	chr19	19957071	19957380	LTR/ERV1	1162	-	154	19957225	4923
chr19	19952302	20152302	harbor2	chr19	19978240	19978725	LTR/ERV1	2673	-	242	19978482	26180
chr19	19952302	20152302	harbor2	chr19	20031860	20032984	LTR/ERV1	5000	-	562	20032422	80120
chr19	19952302	20152302	harbor2	chr19	20033291	20033344	LTR/ERV1	904	-	26	20033317	81015
chr19	19952302	20152302	harbor2	chr19	19988368	19988813	LTR/ERV1	2405	-	222	19988590	36288
chr19	19676583	19876583	harbor2	chr19	19715365	19715846	LTR/ERV1	3241	-	240	19715605	39022
chr19	19676583	19876583	harbor2	chr19	19741515	19741644	LTR/ERV1	909	-	64	19741579	64996
chr19	19676583	19876583	harbor2	chr19	19742111	19742212	LTR/ERV1	660	-	50	19742161	65578
chr19	43363366	43563366	harbor2	chr19	43394888	43395394	LTR/ERV1	1336	-	253	43395141	31775
chr19	43363366	43563366	harbor2	chr19	43409035	43409437	LTR/ERV1	1807	-	201	43409236	45870
chr19	43363366	43563366	harbor2	chr19	43419191	43419792	LTR/ERV1	3416	-	300	43419491	56125
chr19	43363366	43563366	harbor2	chr19	43441413	43441463	LTR/ERV1	2389	-	25	43441438	78072
chr19	43363366	43563366	harbor2	chr19	43441761	43442167	LTR/ERV1	2389	-	203	43441964	78598
chr19	43363366	43563366	harbor2	chr19	43443636	43443934	LTR/ERV1	1942	-	149	43443785	80419
chr19	43363366	43563366	harbor2	chr19	43444742	43444928	LTR/ERV1	1367	-	93	43444835	81469
chr19	43363366	43563366	harbor2	chr19	43457800	43457999	LTR/ERV1	700	-	100	43457900	94534
chr19	47128861	47328861	harbor2	chr19	47129118	47129148	LTR/ERV1	1860	-	15	47129133	272
chr19	19676557	19876557	harbor2	chr19	19715365	19715846	LTR/ERV1	3241	-	240	19715605	39048
chr19	19676557	19876557	harbor2	chr19	19741515	19741644	LTR/ERV1	909	-	64	19741579	65022
chr19	19676557	19876557	harbor2	chr19	19742111	19742212	LTR/ERV1	660	-	50	19742161	65604
chr19	56021025	56221025	harbor2	chr19	56045276	56045413	LTR/ERV1	1693	-	68	56045344	24319
chr19	56021025	56221025	harbor2	chr19	56045684	56045989	LTR/ERV1	1693	-	152	56045836	24811
chr19	56021025	56221025	harbor2	chr19	56060767	56061277	LTR/ERV1	2848	-	255	56061022	39997
chr19	39542549	39742549	harbor2	chr19	39547753	39547874	LTR/ERV1	1688	-	60	39547813	5264
chr19	39542549	39742549	harbor2	chr19	39548004	39548140	LTR/ERV1	1688	-	68	39548072	5523
chr19	39542549	39742549	harbor2	chr19	39548442	39548494	LTR/ERV1	1688	-	26	39548468	5919
chr19	39542549	39742549	harbor2	chr19	39550110	39550277	LTR/ERV1	980	-	84	39550194	7645
chr19	39542549	39742549	harbor2	chr19	39626845	39627437	LTR/ERV1	2719	-	296	39627141	84592
chr19	39542549	39742549	harbor2	chr19	39627429	39627820	LTR/ERV1	2566	-	196	39627625	85076
chr19	39542549	39742549	harbor2	chr19	39627821	39627964	LTR/ERV1	883	-	72	39627893	85344
chr19	39542549	39742549	harbor2	chr19	39629693	39630541	LTR/ERV1	4972	-	424	39630117	87568
chr19	209125	409125	harbor2	chr19	247537	248293	LTR/ERV1	1620	-	378	247915	38790
chr19	7669079	7869079	harbor2	chr19	7720570	7720932	LTR/ERV1	1962	-	181	7720751	51672
chr19	7669079	7869079	harbor2	chr19	7721237	7721281	LTR/ERV1	1962	-	22	7721259	52180
chr19	7669079	7869079	harbor2	chr19	7721580	7721623	LTR/ERV1	1962	-	22	7721602	52523
chr19	7669079	7869079	harbor2	chr19	7739926	7740399	LTR/ERV1	2154	-	236	7740162	71083
chr19	7669079	7869079	harbor2	chr19	7764060	7764450	LTR/ERV1	3437	-	195	7764255	95176
chr19	7669079	7869079	harbor2	chr19	7764791	7764912	LTR/ERV1	3437	-	60	7764851	95772
chr19	50233658	50433658	harbor2	chr19	50306475	50306789	LTR/ERV1	1015	-	157	50306632	72974
chr19	10041331	10241331	harbor2	chr19	10123452	10123565	LTR/ERV1	1444	-	56	10123508	82177
chr19	10041331	10241331	harbor2	chr19	10124358	10124552	LTR/ERV1	1444	-	97	10124455	83124
chr19	48526239	48726239	harbor2	chr19	48531899	48532098	LTR/ERV1	1711	-	100	48531999	5760
chr19	48526239	48726239	harbor2	chr19	48532399	48532610	LTR/ERV1	1711	-	106	48532505	6266
chr19	48526239	48726239	harbor2	chr19	48621568	48621973	LTR/ERV1	3003	-	202	48621770	95531
chr19	48526239	48726239	harbor2	chr19	48622287	48622385	LTR/ERV1	3003	-	49	48622336	96097
chr19	19690415	19890415	harbor2	chr19	19715365	19715846	LTR/ERV1	3241	-	240	19715605	25190
chr19	19690415	19890415	harbor2	chr19	19741515	19741644	LTR/ERV1	909	-	64	19741579	51164
chr19	19690415	19890415	harbor2	chr19	19742111	19742212	LTR/ERV1	660	-	50	19742161	51746
chr19	19690415	19890415	harbor2	chr19	19781053	19781368	LTR/ERV1	1142	-	158	19781211	90796
chr19	19690415	19890415	harbor2	chr19	19781554	19785796	LTR/ERV1	26952	-	2121	19783675	93260
chr19	19690415	19890415	harbor2	chr19	19785797	19786258	LTR/ERV1	4074	-	230	19786027	95612
chr19	48070658	48270658	harbor2	chr19	48106649	48106810	LTR/ERV1	720	-	80	48106729	36071
chr19	48070658	48270658	harbor2	chr19	48107145	48107333	LTR/ERV1	720	-	94	48107239	36581
chr19	48070658	48270658	harbor2	chr19	48108434	48108646	LTR/ERV1	1294	-	106	48108540	37882
chr19	48070658	48270658	harbor2	chr19	48108958	48109160	LTR/ERV1	1294	-	101	48109059	38401
chr19	30129779	30329779	harbor2	chr19	30177280	30177787	LTR/ERV1	3611	-	254	30177534	47755
chr19	58102901	58302901	harbor2	chr19	58113014	58113033	LTR/ERV1	2451	-	10	58113024	10123
chr19	58102901	58302901	harbor2	chr19	58113328	58113659	LTR/ERV1	2451	-	166	58113494	10593
chr19	58102901	58302901	harbor2	chr19	58122479	58122727	LTR/ERV1	674	-	124	58122603	19702
chr19	58102901	58302901	harbor2	chr19	58168194	58168288	LTR/ERV1	669	-	47	58168241	65340
chr19	1	173710	harbor2	chr19	88027	88104	LTR/ERV1	659	-	38	88065	88064
chr19	5620484	5820484	harbor2	chr19	5716623	5716802	LTR/ERV1	1051	-	90	5716713	96229
chr19	10771431	10971431	harbor2	chr19	10838553	10838902	LTR/ERV1	3380	-	174	10838727	67296
chr19	10771431	10971431	harbor2	chr19	10839205	10839493	LTR/ERV1	3380	-	144	10839349	67918
chr19	10771431	10971431	harbor2	chr19	10842787	10843431	LTR/ERV1	3090	-	322	10843109	71678
chr19	10914491	11114491	harbor2	chr19	10937062	10937094	LTR/ERV1	1029	-	16	10937078	22587
chr19	10914491	11114491	harbor2	chr19	10937409	10937579	LTR/ERV1	1037	-	85	10937494	23003
chr19	10914491	11114491	harbor2	chr19	10941148	10941443	LTR/ERV1	721	-	148	10941296	26805
chr19	2117209	2317209	harbor2	chr19	2158753	2158983	LTR/ERV1	1373	-	115	2158868	41659
chr19	2117209	2317209	harbor2	chr19	2170166	2170403	LTR/ERV1	757	-	118	2170284	53075
chr19	2117209	2317209	harbor2	chr19	2171761	2172177	LTR/ERV1	739	-	208	2171969	54760
chr19	2117209	2317209	harbor2	chr19	2211974	2212206	LTR/ERV1	4182	-	116	2212090	94881
chr19	2117209	2317209	harbor2	chr19	2212460	2212811	LTR/ERV1	4182	-	176	2212636	95427
chr19	523927	723927	harbor2	chr19	560496	560534	LTR/ERV1	2394	-	19	560515	36588
chr19	523927	723927	harbor2	chr19	561144	561360	LTR/ERV1	2394	-	108	561252	37325
chr19	523927	723927	harbor2	chr19	561669	561843	LTR/ERV1	2394	-	87	561756	37829
chr19	523927	723927	harbor2	chr19	562284	562821	LTR/ERV1	4773	-	268	562552	38625
chr19	523927	723927	harbor2	chr19	563123	563561	LTR/ERV1	4773	-	219	563342	39415
chr19	523927	723927	harbor2	chr19	563852	564005	LTR/ERV1	934	-	76	563928	40001
chr19	523927	723927	harbor2	chr19	565565	565776	LTR/ERV1	950	-	106	565671	41744
chr19	523927	723927	harbor2	chr19	566075	566138	LTR/ERV1	747	-	32	566107	42180
chr19	523927	723927	harbor2	chr19	566440	566617	LTR/ERV1	747	-	88	566528	42601
chr19	523927	723927	harbor2	chr19	566855	567281	LTR/ERV1	1845	-	213	567068	43141
chr19	523927	723927	harbor2	chr19	567308	567724	LTR/ERV1	1623	-	208	567516	43589
chr19	523927	723927	harbor2	chr19	568030	568295	LTR/ERV1	1745	-	132	568162	44235
chr19	523927	723927	harbor2	chr19	568601	568668	LTR/ERV1	1745	-	34	568635	44708
chr19	523927	723927	harbor2	chr19	569295	569346	LTR/ERV1	3983	-	26	569321	45394
chr19	523927	723927	harbor2	chr19	569636	570143	LTR/ERV1	3983	-	254	569890	45963
chr19	523927	723927	harbor2	chr19	570459	570617	LTR/ERV1	3983	-	79	570538	46611
chr19	523927	723927	harbor2	chr19	571377	571615	LTR/ERV1	1132	-	119	571496	47569
chr19	523927	723927	harbor2	chr19	571641	571898	LTR/ERV1	896	-	128	571769	47842
chr19	2130923	2330923	harbor2	chr19	2158753	2158983	LTR/ERV1	1373	-	115	2158868	27945
chr19	2130923	2330923	harbor2	chr19	2170166	2170403	LTR/ERV1	757	-	118	2170284	39361
chr19	2130923	2330923	harbor2	chr19	2171761	2172177	LTR/ERV1	739	-	208	2171969	41046
chr19	2130923	2330923	harbor2	chr19	2211974	2212206	LTR/ERV1	4182	-	116	2212090	81167
chr19	2130923	2330923	harbor2	chr19	2212460	2212811	LTR/ERV1	4182	-	176	2212636	81713
chr19	48865977	49065977	harbor2	chr19	48878026	48878237	LTR/ERV1	3556	-	106	48878132	12155
chr19	48865977	49065977	harbor2	chr19	48878539	48878917	LTR/ERV1	3556	-	189	48878728	12751
chr19	48865977	49065977	harbor2	chr19	48882411	48882938	LTR/ERV1	4069	-	264	48882675	16698
chr19	48865977	49065977	harbor2	chr19	48949895	48950286	LTR/ERV1	2710	-	196	48950091	84114
chr19	30131712	30331712	harbor2	chr19	30177280	30177787	LTR/ERV1	3611	-	254	30177534	45822
chr19	10619538	10819538	harbor2	chr19	10651833	10652327	LTR/ERV1	2391	-	247	10652080	32542
chr19	10922845	11122845	harbor2	chr19	10937062	10937094	LTR/ERV1	1029	-	16	10937078	14233
chr19	10922845	11122845	harbor2	chr19	10937409	10937579	LTR/ERV1	1037	-	85	10937494	14649
chr19	10922845	11122845	harbor2	chr19	10941148	10941443	LTR/ERV1	721	-	148	10941296	18451
chr19	7800272	8000272	harbor2	chr19	7809844	7809892	LTR/ERV1	987	-	24	7809868	9596
chr19	7800272	8000272	harbor2	chr19	7810230	7810290	LTR/ERV1	987	-	30	7810260	9988
chr19	7800272	8000272	harbor2	chr19	7810291	7810450	LTR/ERV1	2728	-	80	7810371	10099
chr19	7800272	8000272	harbor2	chr19	7810743	7811071	LTR/ERV1	2728	-	164	7810907	10635
chr19	7800272	8000272	harbor2	chr19	7811072	7811226	LTR/ERV1	987	-	77	7811149	10877
chr19	7800272	8000272	harbor2	chr19	7811478	7811547	LTR/ERV1	987	-	34	7811512	11240
chr19	7800272	8000272	harbor2	chr19	7812144	7812401	LTR/ERV1	1065	-	128	7812272	12000
chr19	7800272	8000272	harbor2	chr19	7815456	7815854	LTR/ERV1	2167	-	199	7815655	15383
chr19	209526	409526	harbor2	chr19	247537	248293	LTR/ERV1	1620	-	378	247915	38389
chr19	33076627	33276627	harbor2	chr19	33077645	33077756	LTR/ERV1	1384	-	56	33077701	1074
chr19	33076627	33276627	harbor2	chr19	33078040	33078314	LTR/ERV1	1384	-	137	33078177	1550
chr19	1857927	2057927	harbor2	chr19	1900303	1900410	LTR/ERV1	1885	-	54	1900357	42430
chr19	1857927	2057927	harbor2	chr19	1900718	1900946	LTR/ERV1	1885	-	114	1900832	42905
chr19	18338885	18538885	harbor2	chr19	18383356	18383445	LTR/ERV1	814	-	44	18383400	44515
chr19	18338885	18538885	harbor2	chr19	18384028	18384150	LTR/ERV1	814	-	61	18384089	45204
chr19	18338885	18538885	harbor2	chr19	18384634	18384975	LTR/ERV1	1742	-	170	18384804	45919
chr19	18338885	18538885	harbor2	chr19	18385409	18385441	LTR/ERV1	1742	-	16	18385425	46540
chr19	49752919	49952919	harbor2	chr19	49820127	49820763	LTR/ERV1	4588	-	318	49820445	67526
chr19	19952225	20152225	harbor2	chr19	19957071	19957380	LTR/ERV1	1162	-	154	19957225	5000
chr19	19952225	20152225	harbor2	chr19	19978240	19978725	LTR/ERV1	2673	-	242	19978482	26257
chr19	19952225	20152225	harbor2	chr19	20031860	20032984	LTR/ERV1	5000	-	562	20032422	80197
chr19	19952225	20152225	harbor2	chr19	20033291	20033344	LTR/ERV1	904	-	26	20033317	81092
chr19	19952225	20152225	harbor2	chr19	19988368	19988813	LTR/ERV1	2405	-	222	19988590	36365
chr19	10659653	10859653	harbor2	chr19	10751811	10752309	LTR/ERV1	3608	-	249	10752060	92407
chr19	49777297	49977297	harbor2	chr19	49820127	49820763	LTR/ERV1	4588	-	318	49820445	43148
chr19	40420024	40620024	harbor2	chr19	40508281	40508404	LTR/ERV1	1694	-	62	40508343	88319
chr19	40420024	40620024	harbor2	chr19	40508695	40509060	LTR/ERV1	1694	-	182	40508877	88853
chr19	11935497	12135497	harbor2	chr19	11940270	11941859	LTR/ERV1	12082	-	794	11941064	5567
chr19	11935497	12135497	harbor2	chr19	11941917	11942279	LTR/ERV1	1464	-	181	11942098	6601
chr19	11935497	12135497	harbor2	chr19	11942460	11942907	LTR/ERV1	2432	-	224	11942684	7187
chr19	11935497	12135497	harbor2	chr19	11942908	11943485	LTR/ERV1	3955	-	288	11943196	7699
chr19	11935497	12135497	harbor2	chr19	11945032	11945377	LTR/ERV1	2405	-	172	11945204	9707
chr19	11935497	12135497	harbor2	chr19	11945373	11946210	LTR/ERV1	5450	-	418	11945791	10294
chr19	11935497	12135497	harbor2	chr19	11946191	11946832	LTR/ERV1	4150	-	320	11946511	11014
chr19	11935497	12135497	harbor2	chr19	11954083	11954382	LTR/ERV1	1045	-	150	11954233	18736
chr19	11935497	12135497	harbor2	chr19	11955917	11956302	LTR/ERV1	1245	-	192	11956109	20612
chr19	11935497	12135497	harbor2	chr19	11957857	11958120	LTR/ERV1	631	-	132	11957989	22492
chr19	11935497	12135497	harbor2	chr19	11962674	11962905	LTR/ERV1	1304	-	116	11962790	27293
chr19	11935497	12135497	harbor2	chr19	11965693	11966020	LTR/ERV1	839	-	164	11965857	30360
chr19	11935497	12135497	harbor2	chr19	11966105	11966361	LTR/ERV1	1234	-	128	11966233	30736
chr19	11935497	12135497	harbor2	chr19	11966789	11966934	LTR/ERV1	656	-	72	11966861	31364
chr19	11935497	12135497	harbor2	chr19	11966935	11967053	LTR/ERV1	718	-	59	11966994	31497
chr19	11935497	12135497	harbor2	chr19	11967749	11968176	LTR/ERV1	2620	-	214	11967963	32466
chr19	11935497	12135497	harbor2	chr19	11968177	11968256	LTR/ERV1	1216	-	40	11968217	32720
chr19	11935497	12135497	harbor2	chr19	11968528	11968737	LTR/ERV1	1216	-	104	11968632	33135
chr19	11935497	12135497	harbor2	chr19	11968884	11969095	LTR/ERV1	1105	-	106	11968990	33493
chr19	11935497	12135497	harbor2	chr19	11969426	11969682	LTR/ERV1	794	-	128	11969554	34057
chr19	11935497	12135497	harbor2	chr19	11975779	11976149	LTR/ERV1	1093	-	185	11975964	40467
chr19	11935497	12135497	harbor2	chr19	11982259	11982566	LTR/ERV1	1177	-	154	11982413	46916
chr19	11935497	12135497	harbor2	chr19	11984332	11984442	LTR/ERV1	901	-	55	11984387	48890
chr19	11935497	12135497	harbor2	chr19	11985736	11986093	LTR/ERV1	1072	-	178	11985914	50417
chr19	11935497	12135497	harbor2	chr19	11990338	11990588	LTR/ERV1	639	-	125	11990463	54966
chr19	11935497	12135497	harbor2	chr19	11991406	11991690	LTR/ERV1	795	-	142	11991548	56051
chr19	11935497	12135497	harbor2	chr19	11992536	11992842	LTR/ERV1	1559	-	153	11992689	57192
chr19	11935497	12135497	harbor2	chr19	11993629	11993957	LTR/ERV1	1380	-	164	11993793	58296
chr19	11935497	12135497	harbor2	chr19	11943478	11945035	LTR/ERV1	10897	-	778	11944256	8759
chr19	11935497	12135497	harbor2	chr19	11993020	11993509	LTR/ERV1	3244	-	244	11993264	57767
chr19	19676568	19876568	harbor2	chr19	19715365	19715846	LTR/ERV1	3241	-	240	19715605	39037
chr19	19676568	19876568	harbor2	chr19	19741515	19741644	LTR/ERV1	909	-	64	19741579	65011
chr19	19676568	19876568	harbor2	chr19	19742111	19742212	LTR/ERV1	660	-	50	19742161	65593
chr19	2785512	2985512	harbor2	chr19	2800914	2801413	LTR/ERV1	2469	-	250	2801164	15652
chr19	2785512	2985512	harbor2	chr19	2817250	2817355	LTR/ERV1	632	-	52	2817302	31790
chr19	2785512	2985512	harbor2	chr19	2817465	2817725	LTR/ERV1	1593	-	130	2817595	32083
chr19	2785512	2985512	harbor2	chr19	2818545	2818728	LTR/ERV1	695	-	92	2818637	33125
chr19	2785512	2985512	harbor2	chr19	2819031	2819097	LTR/ERV1	695	-	33	2819064	33552
chr19	2785512	2985512	harbor2	chr19	2823328	2824465	LTR/ERV1	6797	-	568	2823896	38384
chr19	2785512	2985512	harbor2	chr19	2856559	2856918	LTR/ERV1	885	-	180	2856739	71227
chr19	2785512	2985512	harbor2	chr19	2883903	2884363	LTR/ERV1	2701	-	230	2884133	98621
chr19	19676566	19876566	harbor2	chr19	19715365	19715846	LTR/ERV1	3241	-	240	19715605	39039
chr19	19676566	19876566	harbor2	chr19	19741515	19741644	LTR/ERV1	909	-	64	19741579	65013
chr19	19676566	19876566	harbor2	chr19	19742111	19742212	LTR/ERV1	660	-	50	19742161	65595
chr19	43619638	43819638	harbor2	chr19	43647503	43647524	LTR/ERV1	1296	-	10	43647513	27875
chr19	43619638	43819638	harbor2	chr19	43647834	43648180	LTR/ERV1	1296	-	173	43648007	28369
chr19	19676549	19876549	harbor2	chr19	19715365	19715846	LTR/ERV1	3241	-	240	19715605	39056
chr19	19676549	19876549	harbor2	chr19	19741515	19741644	LTR/ERV1	909	-	64	19741579	65030
chr19	19676549	19876549	harbor2	chr19	19742111	19742212	LTR/ERV1	660	-	50	19742161	65612
chr19	49752849	49952849	harbor2	chr19	49820127	49820763	LTR/ERV1	4588	-	318	49820445	67596
chr19	48529978	48729978	harbor2	chr19	48531899	48532098	LTR/ERV1	1711	-	100	48531999	2021
chr19	48529978	48729978	harbor2	chr19	48532399	48532610	LTR/ERV1	1711	-	106	48532505	2527
chr19	48529978	48729978	harbor2	chr19	48621568	48621973	LTR/ERV1	3003	-	202	48621770	91792
chr19	48529978	48729978	harbor2	chr19	48622287	48622385	LTR/ERV1	3003	-	49	48622336	92358
chr19	45385922	45585922	harbor2	chr19	45407247	45407440	LTR/ERV1	911	-	96	45407343	21421
chr19	49769438	49969438	harbor2	chr19	49820127	49820763	LTR/ERV1	4588	-	318	49820445	51007
chr19	10618715	10818715	harbor2	chr19	10651833	10652327	LTR/ERV1	2391	-	247	10652080	33365
chr19	10735524	10935524	harbor2	chr19	10751811	10752309	LTR/ERV1	3608	-	249	10752060	16536
chr19	21041960	21241960	harbor2	chr19	21052782	21053179	LTR/ERV1	2175	-	198	21052980	11020
chr19	21041960	21241960	harbor2	chr19	21082695	21083042	LTR/ERV1	2598	-	174	21082869	40909
chr19	21041960	21241960	harbor2	chr19	21083336	21083468	LTR/ERV1	2598	-	66	21083402	41442
chr19	21041960	21241960	harbor2	chr19	21084291	21084407	LTR/ERV1	753	-	58	21084349	42389
chr19	21041960	21241960	harbor2	chr19	21085906	21086162	LTR/ERV1	695	-	128	21086034	44074
chr19	21041960	21241960	harbor2	chr19	21086242	21086791	LTR/ERV1	3495	-	274	21086516	44556
chr19	21041960	21241960	harbor2	chr19	21086792	21086922	LTR/ERV1	691	-	65	21086857	44897
chr19	21041960	21241960	harbor2	chr19	21086913	21089283	LTR/ERV1	7727	-	1185	21088098	46138
chr19	21041960	21241960	harbor2	chr19	21089279	21090037	LTR/ERV1	2154	-	379	21089658	47698
chr19	21041960	21241960	harbor2	chr19	21090005	21090642	LTR/ERV1	2920	-	318	21090323	48363
chr19	21041960	21241960	harbor2	chr19	21090643	21090872	LTR/ERV1	3507	-	114	21090757	48797
chr19	21041960	21241960	harbor2	chr19	21091182	21091514	LTR/ERV1	3507	-	166	21091348	49388
chr19	21041960	21241960	harbor2	chr19	21126901	21127378	LTR/ERV1	3226	-	238	21127139	85179
chr19	21041960	21241960	harbor2	chr19	21129348	21129485	LTR/ERV1	876	-	68	21129416	87456
chr19	21041960	21241960	harbor2	chr19	21129483	21129664	LTR/ERV1	1354	-	90	21129573	87613
chr19	21041960	21241960	harbor2	chr19	21130343	21130733	LTR/ERV1	1325	-	195	21130538	88578
chr19	21041960	21241960	harbor2	chr19	21131113	21131433	LTR/ERV1	1809	-	160	21131273	89313
chr19	21041960	21241960	harbor2	chr19	21131433	21134780	LTR/ERV1	14576	-	1674	21133107	91147
chr19	21041960	21241960	harbor2	chr19	21134781	21135256	LTR/ERV1	3451	-	238	21135019	93059
chr19	21041960	21241960	harbor2	chr19	21137745	21137901	LTR/ERV1	2893	-	78	21137823	95863
chr19	21041960	21241960	harbor2	chr19	21138199	21138681	LTR/ERV1	2893	-	241	21138440	96480
chr19	45399374	45599374	harbor2	chr19	45407247	45407440	LTR/ERV1	911	-	96	45407343	7969
chr19	19676577	19876577	harbor2	chr19	19715365	19715846	LTR/ERV1	3241	-	240	19715605	39028
chr19	19676577	19876577	harbor2	chr19	19741515	19741644	LTR/ERV1	909	-	64	19741579	65002
chr19	19676577	19876577	harbor2	chr19	19742111	19742212	LTR/ERV1	660	-	50	19742161	65584
chr19	10735498	10935498	harbor2	chr19	10751811	10752309	LTR/ERV1	3608	-	249	10752060	16562
chr19	19676519	19876519	harbor2	chr19	19715365	19715846	LTR/ERV1	3241	-	240	19715605	39086
chr19	19676519	19876519	harbor2	chr19	19741515	19741644	LTR/ERV1	909	-	64	19741579	65060
chr19	19676519	19876519	harbor2	chr19	19742111	19742212	LTR/ERV1	660	-	50	19742161	65642
chr19	10618444	10818444	harbor2	chr19	10651833	10652327	LTR/ERV1	2391	-	247	10652080	33636
chr19	10736203	10936203	harbor2	chr19	10751811	10752309	LTR/ERV1	3608	-	249	10752060	15857
chr19	19676542	19876542	harbor2	chr19	19715365	19715846	LTR/ERV1	3241	-	240	19715605	39063
chr19	19676542	19876542	harbor2	chr19	19741515	19741644	LTR/ERV1	909	-	64	19741579	65037
chr19	19676542	19876542	harbor2	chr19	19742111	19742212	LTR/ERV1	660	-	50	19742161	65619
chr19	10618446	10818446	harbor2	chr19	10651833	10652327	LTR/ERV1	2391	-	247	10652080	33634
chr19	49752530	49952530	harbor2	chr19	49820127	49820763	LTR/ERV1	4588	-	318	49820445	67915
chr19	48525085	48725085	harbor2	chr19	48531899	48532098	LTR/ERV1	1711	-	100	48531999	6914
chr19	48525085	48725085	harbor2	chr19	48532399	48532610	LTR/ERV1	1711	-	106	48532505	7420
chr19	48525085	48725085	harbor2	chr19	48621568	48621973	LTR/ERV1	3003	-	202	48621770	96685
chr19	48525085	48725085	harbor2	chr19	48622287	48622385	LTR/ERV1	3003	-	49	48622336	97251
chr20	21818051	22018051	harbor2	chr20	21899726	21900129	LTR/ERV1	2156	-	202	21899928	81877
chr20	2740607	2940607	harbor2	chr20	2743431	2743556	LTR/ERV1	569	-	62	2743493	2886
chr20	2740607	2940607	harbor2	chr20	2757641	2757664	LTR/ERV1	995	-	12	2757653	17046
chr20	2740607	2940607	harbor2	chr20	2757981	2758393	LTR/ERV1	995	-	206	2758187	17580
chr20	10574519	10774519	harbor2	chr20	10586191	10586581	LTR/ERV1	1467	-	195	10586386	11867
chr20	61877898	62077898	harbor2	chr20	61956383	61956961	LTR/ERV1	4137	-	289	61956672	78774
chr20	34725531	34925531	harbor2	chr20	34787645	34787866	LTR/ERV1	1023	-	110	34787755	62224
chr20	34725531	34925531	harbor2	chr20	34788364	34788628	LTR/ERV1	1613	-	132	34788496	62965
chr20	35442077	35642077	harbor2	chr20	35450360	35450748	LTR/ERV1	459	-	194	35450554	8477
chr20	35442077	35642077	harbor2	chr20	35525640	35525897	LTR/ERV1	1486	-	128	35525768	83691
chr20	36898001	37098001	harbor2	chr20	36924454	36924734	LTR/ERV1	900	-	140	36924594	26593
chr20	36898001	37098001	harbor2	chr20	36949783	36950096	LTR/ERV1	864	-	156	36949939	51938
chr20	36898001	37098001	harbor2	chr20	36961418	36961513	LTR/ERV1	2018	-	48	36961466	63465
chr20	36898001	37098001	harbor2	chr20	36961828	36961911	LTR/ERV1	2018	-	42	36961870	63869
chr20	36898001	37098001	harbor2	chr20	36962213	36962297	LTR/ERV1	2018	-	42	36962255	64254
chr20	36898001	37098001	harbor2	chr20	36962810	36963011	LTR/ERV1	2018	-	100	36962910	64909
chr20	36898001	37098001	harbor2	chr20	36967240	36967383	LTR/ERV1	950	-	72	36967312	69311
chr20	36898001	37098001	harbor2	chr20	36967679	36967793	LTR/ERV1	6873	-	57	36967736	69735
chr20	36898001	37098001	harbor2	chr20	36969083	36970169	LTR/ERV1	6873	-	543	36969626	71625
chr20	36898001	37098001	harbor2	chr20	36970530	36970572	LTR/ERV1	6873	-	21	36970551	72550
chr20	36898001	37098001	harbor2	chr20	36970578	36971042	LTR/ERV1	1974	-	232	36970810	72809
chr20	36898001	37098001	harbor2	chr20	36972721	36972871	LTR/ERV1	565	-	75	36972796	74795
chr20	36898001	37098001	harbor2	chr20	36973180	36973249	LTR/ERV1	565	-	34	36973214	75213
chr20	36898001	37098001	harbor2	chr20	36973940	36974158	LTR/ERV1	1354	-	109	36974049	76048
chr20	24535180	24735180	harbor2	chr20	24535482	24535896	LTR/ERV1	2450	-	207	24535689	509
chr20	24535180	24735180	harbor2	chr20	24549431	24550190	LTR/ERV1	4101	-	380	24549811	14631
chr20	24535180	24735180	harbor2	chr20	24552212	24552305	LTR/ERV1	611	-	46	24552258	17078
chr20	24535180	24735180	harbor2	chr20	24557936	24558298	LTR/ERV1	2014	-	181	24558117	22937
chr20	24535180	24735180	harbor2	chr20	24567056	24567375	LTR/ERV1	1823	-	160	24567216	32036
chr20	4624774	4824774	harbor2	chr20	4625794	4625863	LTR/ERV1	477	-	34	4625828	1054
chr20	4624774	4824774	harbor2	chr20	4633865	4634260	LTR/ERV1	2691	-	198	4634063	9289
chr20	4624774	4824774	harbor2	chr20	4639982	4640154	LTR/ERV1	2040	-	86	4640068	15294
chr20	4624774	4824774	harbor2	chr20	4640472	4640728	LTR/ERV1	2040	-	128	4640600	15826
chr20	4624774	4824774	harbor2	chr20	4641059	4641227	LTR/ERV1	2040	-	84	4641143	16369
chr20	4624774	4824774	harbor2	chr20	4649330	4649816	LTR/ERV1	1825	-	243	4649573	24799
chr20	4624774	4824774	harbor2	chr20	4660937	4661208	LTR/ERV1	5333	-	136	4661073	36299
chr20	4624774	4824774	harbor2	chr20	4661595	4661722	LTR/ERV1	5333	-	64	4661659	36885
chr20	4624774	4824774	harbor2	chr20	4662032	4662446	LTR/ERV1	5333	-	207	4662239	37465
chr20	4624774	4824774	harbor2	chr20	4664378	4664933	LTR/ERV1	3712	-	278	4664656	39882
chr20	4624774	4824774	harbor2	chr20	4664939	4665018	LTR/ERV1	617	-	40	4664979	40205
chr20	63606959	63806959	harbor2	chr20	63632936	63633250	LTR/ERV1	741	-	157	63633093	26134
chr20	63606959	63806959	harbor2	chr20	63633558	63633581	LTR/ERV1	741	-	12	63633570	26611
chr20	9474281	9674281	harbor2	chr20	9484546	9485031	LTR/ERV1	2406	-	242	9484788	10507
chr20	62894793	63094793	harbor2	chr20	62968631	62968777	LTR/ERV1	462	-	73	62968704	73911
chr20	34725551	34925551	harbor2	chr20	34787645	34787866	LTR/ERV1	1023	-	110	34787755	62204
chr20	34725551	34925551	harbor2	chr20	34788364	34788628	LTR/ERV1	1613	-	132	34788496	62945
chr20	35849255	36049255	harbor2	chr20	35936853	35937185	LTR/ERV1	5687	-	166	35937019	87764
chr20	35849255	36049255	harbor2	chr20	35937495	35937851	LTR/ERV1	5687	-	178	35937673	88418
chr20	35849255	36049255	harbor2	chr20	35938172	35938359	LTR/ERV1	5687	-	94	35938266	89011
chr20	34776144	34976144	harbor2	chr20	34787645	34787866	LTR/ERV1	1023	-	110	34787755	11611
chr20	34776144	34976144	harbor2	chr20	34788364	34788628	LTR/ERV1	1613	-	132	34788496	12352
chr20	38347847	38547847	harbor2	chr20	38357550	38358181	LTR/ERV1	4010	-	316	38357866	10019
chr20	38347847	38547847	harbor2	chr20	38380568	38380835	LTR/ERV1	1168	-	134	38380702	32855
chr20	38347847	38547847	harbor2	chr20	38383217	38383515	LTR/ERV1	1360	-	149	38383366	35519
chr20	35362392	35562392	harbor2	chr20	35450360	35450748	LTR/ERV1	459	-	194	35450554	88162
chr20	63438095	63638095	harbor2	chr20	63506795	63506961	LTR/ERV1	901	-	83	63506878	68783
chr20	63438095	63638095	harbor2	chr20	63507096	63507395	LTR/ERV1	1676	-	150	63507246	69151
chr20	63438095	63638095	harbor2	chr20	63507723	63507884	LTR/ERV1	774	-	80	63507803	69708
chr20	63438095	63638095	harbor2	chr20	63523757	63524083	LTR/ERV1	2464	-	163	63523920	85825
chr20	63438095	63638095	harbor2	chr20	63524388	63524564	LTR/ERV1	2464	-	88	63524476	86381
chr20	63438095	63638095	harbor2	chr20	63527642	63528170	LTR/ERV1	1740	-	264	63527906	89811
chr20	63438095	63638095	harbor2	chr20	63528721	63528861	LTR/ERV1	480	-	70	63528791	90696
chr20	9474416	9674416	harbor2	chr20	9484546	9485031	LTR/ERV1	2406	-	242	9484788	10372
chr20	3370919	3570919	harbor2	chr20	3376454	3376782	LTR/ERV1	4781	-	164	3376618	5699
chr20	3370919	3570919	harbor2	chr20	3377091	3377459	LTR/ERV1	4781	-	184	3377275	6356
chr20	3370919	3570919	harbor2	chr20	3377758	3377953	LTR/ERV1	4781	-	98	3377856	6937
chr20	3370919	3570919	harbor2	chr20	3427345	3427721	LTR/ERV1	2117	-	188	3427533	56614
chr20	3370919	3570919	harbor2	chr20	3428434	3428508	LTR/ERV1	513	-	37	3428471	57552
chr20	3370919	3570919	harbor2	chr20	3437980	3438028	LTR/ERV1	1227	-	24	3438004	67085
chr20	3370919	3570919	harbor2	chr20	3438333	3438548	LTR/ERV1	1227	-	108	3438441	67522
chr20	35138054	35338054	harbor2	chr20	35147680	35148140	LTR/ERV1	3222	-	230	35147910	9856
chr20	35138054	35338054	harbor2	chr20	35192278	35192835	LTR/ERV1	4014	-	278	35192556	54502
chr20	21866893	22066893	harbor2	chr20	21899726	21900129	LTR/ERV1	2156	-	202	21899928	33035
chr20	3015690	3215690	harbor2	chr20	3064455	3065161	LTR/ERV1	4409	-	353	3064808	49118
chr20	3015690	3215690	harbor2	chr20	3073248	3073287	LTR/ERV1	3190	-	20	3073268	57578
chr20	3015690	3215690	harbor2	chr20	3073585	3073616	LTR/ERV1	3190	-	16	3073601	57911
chr20	3015690	3215690	harbor2	chr20	3073922	3073975	LTR/ERV1	3190	-	26	3073948	58258
chr20	3015690	3215690	harbor2	chr20	3074274	3074841	LTR/ERV1	3190	-	284	3074558	58868
chr20	11791589	11991589	harbor2	chr20	11797044	11797580	LTR/ERV1	2598	-	268	11797312	5723
chr20	11791589	11991589	harbor2	chr20	11888759	11889113	LTR/ERV1	773	-	177	11888936	97347
chr20	11791589	11991589	harbor2	chr20	11812427	11813046	LTR/ERV1	3110	-	310	11812737	21148
chr20	63473161	63673161	harbor2	chr20	63506795	63506961	LTR/ERV1	901	-	83	63506878	33717
chr20	63473161	63673161	harbor2	chr20	63507096	63507395	LTR/ERV1	1676	-	150	63507246	34085
chr20	63473161	63673161	harbor2	chr20	63507723	63507884	LTR/ERV1	774	-	80	63507803	34642
chr20	63473161	63673161	harbor2	chr20	63523757	63524083	LTR/ERV1	2464	-	163	63523920	50759
chr20	63473161	63673161	harbor2	chr20	63524388	63524564	LTR/ERV1	2464	-	88	63524476	51315
chr20	63473161	63673161	harbor2	chr20	63527642	63528170	LTR/ERV1	1740	-	264	63527906	54745
chr20	63473161	63673161	harbor2	chr20	63528721	63528861	LTR/ERV1	480	-	70	63528791	55630
chr20	21615735	21815735	harbor2	chr20	21670080	21670506	LTR/ERV1	2997	-	213	21670293	54558
chr20	21615735	21815735	harbor2	chr20	21670816	21670928	LTR/ERV1	2997	-	56	21670872	55137
chr20	4587587	4787587	harbor2	chr20	4615981	4616298	LTR/ERV1	2934	-	158	4616139	28552
chr20	4587587	4787587	harbor2	chr20	4616672	4616885	LTR/ERV1	2934	-	106	4616778	29191
chr20	4587587	4787587	harbor2	chr20	4618524	4619006	LTR/ERV1	2776	-	241	4618765	31178
chr20	4587587	4787587	harbor2	chr20	4625794	4625863	LTR/ERV1	477	-	34	4625828	38241
chr20	4587587	4787587	harbor2	chr20	4633865	4634260	LTR/ERV1	2691	-	198	4634063	46476
chr20	4587587	4787587	harbor2	chr20	4639982	4640154	LTR/ERV1	2040	-	86	4640068	52481
chr20	4587587	4787587	harbor2	chr20	4640472	4640728	LTR/ERV1	2040	-	128	4640600	53013
chr20	4587587	4787587	harbor2	chr20	4641059	4641227	LTR/ERV1	2040	-	84	4641143	53556
chr20	4587587	4787587	harbor2	chr20	4649330	4649816	LTR/ERV1	1825	-	243	4649573	61986
chr20	4587587	4787587	harbor2	chr20	4660937	4661208	LTR/ERV1	5333	-	136	4661073	73486
chr20	4587587	4787587	harbor2	chr20	4661595	4661722	LTR/ERV1	5333	-	64	4661659	74072
chr20	4587587	4787587	harbor2	chr20	4662032	4662446	LTR/ERV1	5333	-	207	4662239	74652
chr20	4587587	4787587	harbor2	chr20	4664378	4664933	LTR/ERV1	3712	-	278	4664656	77069
chr20	4587587	4787587	harbor2	chr20	4664939	4665018	LTR/ERV1	617	-	40	4664979	77392
chr21	29261633	29461633	harbor2	chr21	29355001	29355464	LTR/ERV1	3778	-	232	29355233	93600
chr21	29261633	29461633	harbor2	chr21	29355465	29356237	LTR/ERV1	6590	-	386	29355851	94218
chr21	29261633	29461633	harbor2	chr21	29356252	29357922	LTR/ERV1	8670	-	835	29357087	95454
chr21	45326953	45526953	harbor2	chr21	45328426	45328617	LTR/ERV1	861	-	96	45328522	1569
chr21	45326953	45526953	harbor2	chr21	45368197	45368381	LTR/ERV1	618	-	92	45368289	41336
chr21	46225275	46425275	harbor2	chr21	46289309	46289441	LTR/ERV1	1456	-	66	46289375	64100
chr21	46225275	46425275	harbor2	chr21	46289754	46289936	LTR/ERV1	1456	-	91	46289845	64570
chr21	46225275	46425275	harbor2	chr21	46290034	46290205	LTR/ERV1	738	-	86	46290120	64845
chr21	46225275	46425275	harbor2	chr21	46291832	46292573	LTR/ERV1	3697	-	370	46292202	66927
chr21	43621046	43821046	harbor2	chr21	43717531	43717713	LTR/ERV1	1149	-	91	43717622	96576
chr21	41040652	41240652	harbor2	chr21	41081364	41081941	LTR/ERV1	3603	-	288	41081652	41000
chr21	29199645	29399645	harbor2	chr21	29204185	29204510	LTR/ERV1	503	-	162	29204347	4702
chr21	29199645	29399645	harbor2	chr21	29231387	29231551	LTR/ERV1	4508	-	82	29231469	31824
chr21	29199645	29399645	harbor2	chr21	29231845	29232362	LTR/ERV1	4508	-	258	29232103	32458
chr21	29199645	29399645	harbor2	chr21	29234101	29234897	LTR/ERV1	4878	-	398	29234499	34854
chr21	44406749	44606749	harbor2	chr21	44414530	44415003	LTR/ERV1	2086	-	236	44414766	8017
chr21	44406749	44606749	harbor2	chr21	44484506	44484797	LTR/ERV1	2201	-	146	44484652	77903
chr21	44406749	44606749	harbor2	chr21	44484984	44485218	LTR/ERV1	2201	-	117	44485101	78352
chr21	44406749	44606749	harbor2	chr21	44497863	44498295	LTR/ERV1	2319	-	216	44498079	91330
chr21	29201564	29401564	harbor2	chr21	29204185	29204510	LTR/ERV1	503	-	162	29204347	2783
chr21	29201564	29401564	harbor2	chr21	29231387	29231551	LTR/ERV1	4508	-	82	29231469	29905
chr21	29201564	29401564	harbor2	chr21	29231845	29232362	LTR/ERV1	4508	-	258	29232103	30539
chr21	29201564	29401564	harbor2	chr21	29234101	29234897	LTR/ERV1	4878	-	398	29234499	32935
chr21	14673851	14873851	harbor2	chr21	14698434	14698846	LTR/ERV1	1319	-	206	14698640	24789
chr21	14673851	14873851	harbor2	chr21	14704589	14705087	LTR/ERV1	1735	-	249	14704838	30987
chr21	14673851	14873851	harbor2	chr21	14726597	14727030	LTR/ERV1	917	-	216	14726813	52962
chr21	14673851	14873851	harbor2	chr21	14727602	14727809	LTR/ERV1	634	-	104	14727706	53855
chr21	14673851	14873851	harbor2	chr21	14727929	14728677	LTR/ERV1	2663	-	374	14728303	54452
chr21	14673851	14873851	harbor2	chr21	14729228	14729658	LTR/ERV1	956	-	215	14729443	55592
chr21	14673851	14873851	harbor2	chr21	14730377	14730914	LTR/ERV1	2538	-	268	14730645	56794
chr21	14673851	14873851	harbor2	chr21	14731224	14731388	LTR/ERV1	2538	-	82	14731306	57455
chr21	14673851	14873851	harbor2	chr21	14732161	14732363	LTR/ERV1	809	-	101	14732262	58411
chr21	14673851	14873851	harbor2	chr21	14732680	14732734	LTR/ERV1	809	-	27	14732707	58856
chr21	14673851	14873851	harbor2	chr21	14732741	14733280	LTR/ERV1	3559	-	270	14733011	59160
chr21	14673851	14873851	harbor2	chr21	14733583	14734180	LTR/ERV1	3559	-	298	14733881	60030
chr21	14673851	14873851	harbor2	chr21	14735352	14735663	LTR/ERV1	899	-	156	14735508	61657
chr21	44693527	44893527	harbor2	chr21	44746355	44746488	LTR/ERV1	1015	-	66	44746421	52894
chr21	44693527	44893527	harbor2	chr21	44746787	44746879	LTR/ERV1	1015	-	46	44746833	53306
chr21	44693527	44893527	harbor2	chr21	44747876	44747996	LTR/ERV1	583	-	60	44747936	54409
chr21	44693527	44893527	harbor2	chr21	44748215	44748316	LTR/ERV1	507	-	50	44748265	54738
chr21	42596399	42796399	harbor2	chr21	42601041	42601220	LTR/ERV1	3829	-	90	42601131	4732
chr21	42596399	42796399	harbor2	chr21	42601530	42602017	LTR/ERV1	3829	-	244	42601774	5375
chr21	42596399	42796399	harbor2	chr21	42602021	42602334	LTR/ERV1	1585	-	156	42602177	5778
chr21	42596399	42796399	harbor2	chr21	42602634	42602672	LTR/ERV1	1585	-	19	42602653	6254
chr21	42596399	42796399	harbor2	chr21	42602677	42603420	LTR/ERV1	5446	-	372	42603049	6650
chr21	42596399	42796399	harbor2	chr21	42603989	42604571	LTR/ERV1	3099	-	291	42604280	7881
chr21	42596399	42796399	harbor2	chr21	42604658	42604876	LTR/ERV1	727	-	109	42604767	8368
chr21	42596399	42796399	harbor2	chr21	42604886	42604928	LTR/ERV1	3091	-	21	42604907	8508
chr21	42596399	42796399	harbor2	chr21	42605232	42605751	LTR/ERV1	3091	-	260	42605492	9093
chr21	42596399	42796399	harbor2	chr21	42605761	42605973	LTR/ERV1	617	-	106	42605867	9468
chr21	42596399	42796399	harbor2	chr21	42605991	42606129	LTR/ERV1	623	-	69	42606060	9661
chr21	42596399	42796399	harbor2	chr21	42606135	42606259	LTR/ERV1	550	-	62	42606197	9798
chr21	42596399	42796399	harbor2	chr21	42606247	42606737	LTR/ERV1	1045	-	245	42606492	10093
chr21	42596399	42796399	harbor2	chr21	42608004	42608169	LTR/ERV1	2788	-	82	42608086	11687
chr21	42596399	42796399	harbor2	chr21	42608490	42608893	LTR/ERV1	2788	-	202	42608692	12293
chr21	42596399	42796399	harbor2	chr21	42620262	42620566	LTR/ERV1	3262	-	152	42620414	24015
chr21	42596399	42796399	harbor2	chr21	42620831	42620846	LTR/ERV1	3262	-	8	42620839	24440
chr21	42596399	42796399	harbor2	chr21	42621155	42621584	LTR/ERV1	3262	-	214	42621369	24970
chr21	42596399	42796399	harbor2	chr21	42682113	42682314	LTR/ERV1	655	-	100	42682213	85814
chr21	42596399	42796399	harbor2	chr21	42682341	42683450	LTR/ERV1	2849	-	554	42682895	86496
chr21	44774168	44974168	harbor2	chr21	44830063	44830607	LTR/ERV1	3877	-	272	44830335	56167
chr21	44774168	44974168	harbor2	chr21	44830636	44830770	LTR/ERV1	3877	-	67	44830703	56535
chr21	44774168	44974168	harbor2	chr21	44844723	44844977	LTR/ERV1	3487	-	127	44844850	70682
chr21	44774168	44974168	harbor2	chr21	44845289	44845537	LTR/ERV1	3487	-	124	44845413	71245
chr21	29201041	29401041	harbor2	chr21	29204185	29204510	LTR/ERV1	503	-	162	29204347	3306
chr21	29201041	29401041	harbor2	chr21	29231387	29231551	LTR/ERV1	4508	-	82	29231469	30428
chr21	29201041	29401041	harbor2	chr21	29231845	29232362	LTR/ERV1	4508	-	258	29232103	31062
chr21	29201041	29401041	harbor2	chr21	29234101	29234897	LTR/ERV1	4878	-	398	29234499	33458
chr21	46090459	46290459	harbor2	chr21	46108850	46110205	LTR/ERV1	4372	-	678	46109528	19069
chr21	46090459	46290459	harbor2	chr21	46142202	46143045	LTR/ERV1	3818	-	422	46142624	52165
chr21	44660270	44860270	harbor2	chr21	44746355	44746488	LTR/ERV1	1015	-	66	44746421	86151
chr21	44660270	44860270	harbor2	chr21	44746787	44746879	LTR/ERV1	1015	-	46	44746833	86563
chr21	44660270	44860270	harbor2	chr21	44747876	44747996	LTR/ERV1	583	-	60	44747936	87666
chr21	44660270	44860270	harbor2	chr21	44748215	44748316	LTR/ERV1	507	-	50	44748265	87995
chr21	45152250	45352250	harbor2	chr21	45200454	45200811	LTR/ERV1	671	-	178	45200632	48382
chr21	44410571	44610571	harbor2	chr21	44414530	44415003	LTR/ERV1	2086	-	236	44414766	4195
chr21	44410571	44610571	harbor2	chr21	44484506	44484797	LTR/ERV1	2201	-	146	44484652	74081
chr21	44410571	44610571	harbor2	chr21	44484984	44485218	LTR/ERV1	2201	-	117	44485101	74530
chr21	44410571	44610571	harbor2	chr21	44497863	44498295	LTR/ERV1	2319	-	216	44498079	87508
chr21	41945270	42145270	harbor2	chr21	41968152	41968223	LTR/ERV1	3882	-	36	41968188	22918
chr21	41945270	42145270	harbor2	chr21	41968520	41969082	LTR/ERV1	3882	-	281	41968801	23531
chr21	42278158	42478158	harbor2	chr21	42322755	42323573	LTR/ERV1	1477	-	409	42323164	45006
chr21	42278158	42478158	harbor2	chr21	42323609	42324160	LTR/ERV1	4504	-	276	42323885	45727
chr21	42278158	42478158	harbor2	chr21	42331690	42332224	LTR/ERV1	2385	-	267	42331957	53799
chr21	42278158	42478158	harbor2	chr21	42336014	42336469	LTR/ERV1	1718	-	228	42336242	58084
chr21	42331244	42531244	harbor2	chr21	42331690	42332224	LTR/ERV1	2385	-	267	42331957	713
chr21	42331244	42531244	harbor2	chr21	42336014	42336469	LTR/ERV1	1718	-	228	42336242	4998
chr21	37266105	37466105	harbor2	chr21	37269717	37270272	LTR/ERV1	860	-	278	37269995	3890
chr21	37266105	37466105	harbor2	chr21	37282327	37283750	LTR/ERV1	10281	-	712	37283039	16934
chr21	44624083	44824083	harbor2	chr21	44651844	44651944	LTR/ERV1	668	-	50	44651894	27811
chr21	44625363	44825363	harbor2	chr21	44651844	44651944	LTR/ERV1	668	-	50	44651894	26531
chr21	29200213	29400213	harbor2	chr21	29204185	29204510	LTR/ERV1	503	-	162	29204347	4134
chr21	29200213	29400213	harbor2	chr21	29231387	29231551	LTR/ERV1	4508	-	82	29231469	31256
chr21	29200213	29400213	harbor2	chr21	29231845	29232362	LTR/ERV1	4508	-	258	29232103	31890
chr21	29200213	29400213	harbor2	chr21	29234101	29234897	LTR/ERV1	4878	-	398	29234499	34286
chr21	8347052	8547052	harbor2	chr21	8353282	8353716	LTR/ERV1	688	-	217	8353499	6447
chr22	39579346	39779346	harbor2	chr22	39603660	39604117	LTR/ERV1	1185	-	228	39603888	24542
chr22	44208842	44408842	harbor2	chr22	44240559	44241011	LTR/ERV1	2345	-	226	44240785	31943
chr22	45971904	46171904	harbor2	chr22	46015576	46015936	LTR/ERV1	694	-	180	46015756	43852
chr22	44597557	44797557	harbor2	chr22	44611985	44612612	LTR/ERV1	4716	-	314	44612299	14742
chr22	44597557	44797557	harbor2	chr22	44659602	44659866	LTR/ERV1	1548	-	132	44659734	62177
chr22	44597557	44797557	harbor2	chr22	44660175	44660447	LTR/ERV1	1548	-	136	44660311	62754
chr22	44597557	44797557	harbor2	chr22	44694866	44694888	LTR/ERV1	2373	-	11	44694877	97320
chr22	44597557	44797557	harbor2	chr22	44695868	44695923	LTR/ERV1	2373	-	28	44695896	98339
chr22	44597557	44797557	harbor2	chr22	44695194	44695585	LTR/ERV1	2373	-	196	44695390	97833
chr22	23814127	24014127	harbor2	chr22	23862925	23863026	LTR/ERV1	576	-	50	23862975	48848
chr22	23814127	24014127	harbor2	chr22	23864805	23864825	LTR/ERV1	1746	-	10	23864815	50688
chr22	23814127	24014127	harbor2	chr22	23865435	23865883	LTR/ERV1	1746	-	224	23865659	51532
chr22	23814127	24014127	harbor2	chr22	23866199	23866234	LTR/ERV1	1444	-	18	23866217	52090
chr22	23814127	24014127	harbor2	chr22	23892305	23892720	LTR/ERV1	2004	-	208	23892513	78386
chr22	23814127	24014127	harbor2	chr22	23901345	23901945	LTR/ERV1	1808	-	300	23901645	87518
chr22	23814127	24014127	harbor2	chr22	23909364	23909840	LTR/ERV1	2632	-	238	23909602	95475
chr22	36465130	36665130	harbor2	chr22	36482788	36482973	LTR/ERV1	778	-	92	36482880	17750
chr22	36465130	36665130	harbor2	chr22	36484490	36484942	LTR/ERV1	2128	-	226	36484716	19586
chr22	36465130	36665130	harbor2	chr22	36485592	36485945	LTR/ERV1	2488	-	176	36485768	20638
chr22	36465130	36665130	harbor2	chr22	36486253	36486462	LTR/ERV1	2488	-	104	36486357	21227
chr22	36465130	36665130	harbor2	chr22	36486441	36486633	LTR/ERV1	777	-	96	36486537	21407
chr22	36465130	36665130	harbor2	chr22	36486635	36487137	LTR/ERV1	1152	-	251	36486886	21756
chr22	36465130	36665130	harbor2	chr22	36487153	36487638	LTR/ERV1	2826	-	242	36487395	22265
chr22	36187355	36387355	harbor2	chr22	36206067	36206752	LTR/ERV1	2655	-	342	36206409	19054
chr22	36187355	36387355	harbor2	chr22	36206844	36207574	LTR/ERV1	3027	-	365	36207209	19854
chr22	36187355	36387355	harbor2	chr22	36208973	36209292	LTR/ERV1	771	-	160	36209133	21778
chr22	36187355	36387355	harbor2	chr22	36213368	36213608	LTR/ERV1	956	-	120	36213488	26133
chr22	36187355	36387355	harbor2	chr22	36213609	36213971	LTR/ERV1	848	-	181	36213790	26435
chr22	36187355	36387355	harbor2	chr22	36214401	36214612	LTR/ERV1	708	-	106	36214507	27152
chr22	36187355	36387355	harbor2	chr22	36214716	36214788	LTR/ERV1	461	-	36	36214752	27397
chr22	36187355	36387355	harbor2	chr22	36214917	36215149	LTR/ERV1	755	-	116	36215033	27678
chr22	36187355	36387355	harbor2	chr22	36246565	36247021	LTR/ERV1	1182	-	228	36246793	59438
chr22	36187355	36387355	harbor2	chr22	36258262	36258487	LTR/ERV1	541	-	112	36258374	71019
chr22	36187355	36387355	harbor2	chr22	36258503	36259070	LTR/ERV1	1554	-	284	36258787	71432
chr22	36187355	36387355	harbor2	chr22	36263688	36264139	LTR/ERV1	1129	-	226	36263914	76559
chr22	36407158	36607158	harbor2	chr22	36482788	36482973	LTR/ERV1	778	-	92	36482880	75722
chr22	36407158	36607158	harbor2	chr22	36484490	36484942	LTR/ERV1	2128	-	226	36484716	77558
chr22	36407158	36607158	harbor2	chr22	36485592	36485945	LTR/ERV1	2488	-	176	36485768	78610
chr22	36407158	36607158	harbor2	chr22	36486253	36486462	LTR/ERV1	2488	-	104	36486357	79199
chr22	36407158	36607158	harbor2	chr22	36486441	36486633	LTR/ERV1	777	-	96	36486537	79379
chr22	36407158	36607158	harbor2	chr22	36486635	36487137	LTR/ERV1	1152	-	251	36486886	79728
chr22	36407158	36607158	harbor2	chr22	36487153	36487638	LTR/ERV1	2826	-	242	36487395	80237
chr22	36919396	37119396	harbor2	chr22	36940525	36941152	LTR/ERV1	4584	-	314	36940839	21443
chr22	36919396	37119396	harbor2	chr22	36942488	36942837	LTR/ERV1	2207	-	174	36942662	23266
chr22	36919396	37119396	harbor2	chr22	36942936	36943563	LTR/ERV1	2541	-	314	36943250	23854
chr22	36919396	37119396	harbor2	chr22	36943847	36944267	LTR/ERV1	3214	-	210	36944057	24661
chr22	36919396	37119396	harbor2	chr22	36948558	36949117	LTR/ERV1	3165	-	280	36948838	29442
chr22	50099497	50299497	harbor2	chr22	50111072	50111486	LTR/ERV1	2157	-	207	50111279	11782
chr22	50099497	50299497	harbor2	chr22	50111803	50111826	LTR/ERV1	1935	-	12	50111815	12318
chr22	50099497	50299497	harbor2	chr22	50152124	50152347	LTR/ERV1	822	-	112	50152236	52739
chr22	50099497	50299497	harbor2	chr22	50118435	50118949	LTR/ERV1	2981	-	257	50118692	19195
chr22	24171508	24371508	harbor2	chr22	24192463	24192661	LTR/ERV1	861	-	99	24192562	21054
chr22	24171508	24371508	harbor2	chr22	24195750	24196046	LTR/ERV1	988	-	148	24195898	24390
chr22	24171508	24371508	harbor2	chr22	24205716	24206251	LTR/ERV1	1909	-	268	24205984	34476
chr22	24171508	24371508	harbor2	chr22	24206662	24207199	LTR/ERV1	2913	-	268	24206930	35422
chr22	36407144	36607144	harbor2	chr22	36482788	36482973	LTR/ERV1	778	-	92	36482880	75736
chr22	36407144	36607144	harbor2	chr22	36484490	36484942	LTR/ERV1	2128	-	226	36484716	77572
chr22	36407144	36607144	harbor2	chr22	36485592	36485945	LTR/ERV1	2488	-	176	36485768	78624
chr22	36407144	36607144	harbor2	chr22	36486253	36486462	LTR/ERV1	2488	-	104	36486357	79213
chr22	36407144	36607144	harbor2	chr22	36486441	36486633	LTR/ERV1	777	-	96	36486537	79393
chr22	36407144	36607144	harbor2	chr22	36486635	36487137	LTR/ERV1	1152	-	251	36486886	79742
chr22	36407144	36607144	harbor2	chr22	36487153	36487638	LTR/ERV1	2826	-	242	36487395	80251
chr22	50069670	50269670	harbor2	chr22	50111072	50111486	LTR/ERV1	2157	-	207	50111279	41609
chr22	50069670	50269670	harbor2	chr22	50111803	50111826	LTR/ERV1	1935	-	12	50111815	42145
chr22	50069670	50269670	harbor2	chr22	50152124	50152347	LTR/ERV1	822	-	112	50152236	82566
chr22	50069670	50269670	harbor2	chr22	50118435	50118949	LTR/ERV1	2981	-	257	50118692	49022
chr22	46291932	46491932	harbor2	chr22	46334638	46334864	LTR/ERV1	1590	-	113	46334751	42819
chr22	46291932	46491932	harbor2	chr22	46335153	46335459	LTR/ERV1	1590	-	153	46335306	43374
chr22	39579321	39779321	harbor2	chr22	39603660	39604117	LTR/ERV1	1185	-	228	39603888	24567
chr22	24528324	24728324	harbor2	chr22	24532101	24532492	LTR/ERV1	764	-	196	24532297	3973
chr22	39579203	39779203	harbor2	chr22	39603660	39604117	LTR/ERV1	1185	-	228	39603888	24685
chr22	32100450	32300450	harbor2	chr22	32139806	32140315	LTR/ERV1	3680	-	254	32140060	39610
chr22	32100450	32300450	harbor2	chr22	32167327	32167514	LTR/ERV1	930	-	94	32167421	66971
chr22	32100450	32300450	harbor2	chr22	32167811	32168072	LTR/ERV1	1383	-	130	32167941	67491
chr22	17640145	17840145	harbor2	chr22	17679839	17679930	LTR/ERV1	975	-	46	17679885	39740
chr22	17640145	17840145	harbor2	chr22	17680542	17681027	LTR/ERV1	975	-	242	17680784	40639
chr22	44788598	44988598	harbor2	chr22	44851246	44851384	LTR/ERV1	515	-	69	44851315	62717
chr22	44788598	44988598	harbor2	chr22	44852585	44852792	LTR/ERV1	1966	-	104	44852689	64091
chr22	44788598	44988598	harbor2	chr22	44853102	44853745	LTR/ERV1	1966	-	322	44853424	64826
chr22	44788598	44988598	harbor2	chr22	44854055	44854182	LTR/ERV1	1966	-	64	44854119	65521
chr22	44788598	44988598	harbor2	chr22	44854533	44854633	LTR/ERV1	1337	-	50	44854583	65985
chr22	44788598	44988598	harbor2	chr22	44854946	44855218	LTR/ERV1	1337	-	136	44855082	66484
chr22	44788598	44988598	harbor2	chr22	44857355	44857756	LTR/ERV1	644	-	200	44857555	68957
chr22	44788598	44988598	harbor2	chr22	44864126	44864195	LTR/ERV1	1365	-	34	44864160	75562
chr22	44788598	44988598	harbor2	chr22	44864497	44864676	LTR/ERV1	1365	-	90	44864587	75989
chr22	44788598	44988598	harbor2	chr22	44868092	44868161	LTR/ERV1	393	-	34	44868126	79528
chr22	44788598	44988598	harbor2	chr22	44868476	44868652	LTR/ERV1	774	-	88	44868564	79966
chr22	44788598	44988598	harbor2	chr22	44868653	44868852	LTR/ERV1	1279	-	100	44868753	80155
chr22	44788598	44988598	harbor2	chr22	44869014	44869296	LTR/ERV1	1237	-	141	44869155	80557
chr22	23024082	23224082	harbor2	chr22	23026413	23027288	LTR/ERV1	5236	-	438	23026851	2769
chr22	23024082	23224082	harbor2	chr22	23027893	23028301	LTR/ERV1	3936	-	204	23028097	4015
chr22	23024082	23224082	harbor2	chr22	23028654	23028772	LTR/ERV1	3936	-	59	23028713	4631
chr22	23024082	23224082	harbor2	chr22	23029085	23029151	LTR/ERV1	3936	-	33	23029118	5036
chr22	23024082	23224082	harbor2	chr22	23039334	23039347	LTR/ERV1	2667	-	6	23039340	15258
chr22	23024082	23224082	harbor2	chr22	23039641	23040027	LTR/ERV1	2667	-	193	23039834	15752
chr22	23024082	23224082	harbor2	chr22	23040028	23040995	LTR/ERV1	18133	-	484	23040512	16430
chr22	23024082	23224082	harbor2	chr22	23041277	23044059	LTR/ERV1	18133	-	1391	23042668	18586
chr22	23024082	23224082	harbor2	chr22	23044344	23044485	LTR/ERV1	13853	-	70	23044414	20332
chr22	23024082	23224082	harbor2	chr22	23044486	23044743	LTR/ERV1	1790	-	128	23044614	20532
chr22	23024082	23224082	harbor2	chr22	23044747	23046150	LTR/ERV1	9877	-	702	23045449	21367
chr22	23024082	23224082	harbor2	chr22	23046303	23046912	LTR/ERV1	3724	-	304	23046607	22525
chr22	23024082	23224082	harbor2	chr22	23052749	23053145	LTR/ERV1	2670	-	198	23052947	28865
chr22	23024082	23224082	harbor2	chr22	23087473	23088161	LTR/ERV1	5378	-	344	23087817	63735
chr22	39579207	39779207	harbor2	chr22	39603660	39604117	LTR/ERV1	1185	-	228	39603888	24681
chr22	39366725	39566725	harbor2	chr22	39380921	39381020	LTR/ERV1	542	-	50	39380971	14246
chr22	39366725	39566725	harbor2	chr22	39452234	39452595	LTR/ERV1	2191	-	180	39452414	85689
chr22	39366725	39566725	harbor2	chr22	39452829	39453170	LTR/ERV1	1428	-	170	39452999	86274
chr22	24928712	25128712	harbor2	chr22	24930541	24930992	LTR/ERV1	3230	-	226	24930767	2055
chr22	24928712	25128712	harbor2	chr22	24933360	24933583	LTR/ERV1	4801	-	112	24933472	4760
chr22	24928712	25128712	harbor2	chr22	24933873	24934314	LTR/ERV1	4801	-	220	24934093	5381
chr22	24928712	25128712	harbor2	chr22	25016774	25017100	LTR/ERV1	2760	-	163	25016937	88225
chr22	24928712	25128712	harbor2	chr22	25017398	25017564	LTR/ERV1	2760	-	83	25017481	88769
chr22	39369739	39569739	harbor2	chr22	39380921	39381020	LTR/ERV1	542	-	50	39380971	11232
chr22	39369739	39569739	harbor2	chr22	39452234	39452595	LTR/ERV1	2191	-	180	39452414	82675
chr22	39369739	39569739	harbor2	chr22	39452829	39453170	LTR/ERV1	1428	-	170	39452999	83260
chr22	42521734	42721734	harbor2	chr22	42543717	42543844	LTR/ERV1	496	-	64	42543781	22047
chr22	42521734	42721734	harbor2	chr22	42547824	42548335	LTR/ERV1	3614	-	256	42548080	26346
chr22	42521734	42721734	harbor2	chr22	42564985	42565062	LTR/ERV1	500	-	38	42565023	43289
chr22	24153384	24353384	harbor2	chr22	24192463	24192661	LTR/ERV1	861	-	99	24192562	39178
chr22	24153384	24353384	harbor2	chr22	24195750	24196046	LTR/ERV1	988	-	148	24195898	42514
chr22	24153384	24353384	harbor2	chr22	24205716	24206251	LTR/ERV1	1909	-	268	24205984	52600
chr22	24153384	24353384	harbor2	chr22	24206662	24207199	LTR/ERV1	2913	-	268	24206930	53546
chr22	46291944	46491944	harbor2	chr22	46334638	46334864	LTR/ERV1	1590	-	113	46334751	42807
chr22	46291944	46491944	harbor2	chr22	46335153	46335459	LTR/ERV1	1590	-	153	46335306	43362
chr22	41811210	42011210	harbor2	chr22	41827413	41827761	LTR/ERV1	2392	-	174	41827587	16377
chr22	41811210	42011210	harbor2	chr22	41855053	41855240	LTR/ERV1	958	-	94	41855147	43937
chr22	41811210	42011210	harbor2	chr22	41855530	41855755	LTR/ERV1	958	-	112	41855642	44432
chr22	41811210	42011210	harbor2	chr22	41856062	41856124	LTR/ERV1	958	-	31	41856093	44883
chr22	41811210	42011210	harbor2	chr22	41856429	41856445	LTR/ERV1	958	-	8	41856437	45227
chr22	39945490	40145490	harbor2	chr22	39960665	39960867	LTR/ERV1	1493	-	101	39960766	15276
chr22	39945490	40145490	harbor2	chr22	39961214	39961240	LTR/ERV1	920	-	13	39961227	15737
chr22	39945490	40145490	harbor2	chr22	39961226	39961427	LTR/ERV1	1205	-	100	39961326	15836
chr22	39945490	40145490	harbor2	chr22	40015966	40016186	LTR/ERV1	987	-	110	40016076	70586
chr22	39945490	40145490	harbor2	chr22	40016499	40016636	LTR/ERV1	987	-	68	40016567	71077
chr22	39945490	40145490	harbor2	chr22	40016963	40017037	LTR/ERV1	987	-	37	40017000	71510
chr22	39945490	40145490	harbor2	chr22	40029134	40029195	LTR/ERV1	390	-	30	40029164	83674
chr22	24161119	24361119	harbor2	chr22	24192463	24192661	LTR/ERV1	861	-	99	24192562	31443
chr22	24161119	24361119	harbor2	chr22	24195750	24196046	LTR/ERV1	988	-	148	24195898	34779
chr22	24161119	24361119	harbor2	chr22	24205716	24206251	LTR/ERV1	1909	-	268	24205984	44865
chr22	24161119	24361119	harbor2	chr22	24206662	24207199	LTR/ERV1	2913	-	268	24206930	45811
chr22	39414512	39614512	harbor2	chr22	39452234	39452595	LTR/ERV1	2191	-	180	39452414	37902
chr22	39414512	39614512	harbor2	chr22	39452829	39453170	LTR/ERV1	1428	-	170	39452999	38487
chr22	24948900	25148900	harbor2	chr22	25016774	25017100	LTR/ERV1	2760	-	163	25016937	68037
chr22	24948900	25148900	harbor2	chr22	25017398	25017564	LTR/ERV1	2760	-	83	25017481	68581
chr22	23082527	23282527	harbor2	chr22	23087473	23088161	LTR/ERV1	5378	-	344	23087817	5290
chr22	20511531	20711531	harbor2	chr22	20596493	20596587	LTR/ERV1	2857	-	47	20596540	85009
chr22	20511531	20711531	harbor2	chr22	20596882	20597336	LTR/ERV1	2857	-	227	20597109	85578
chrX	24366734	24566734	harbor2	chrX	24371008	24371212	LTR/ERV1	602	-	102	24371110	4376
chrX	24366734	24566734	harbor2	chrX	24387647	24388203	LTR/ERV1	3522	-	278	24387925	21191
chrX	24366734	24566734	harbor2	chrX	24433053	24433542	LTR/ERV1	3493	-	244	24433297	66563
chrX	130073203	130273203	harbor2	chrX	130124633	130125226	LTR/ERV1	2952	-	296	130124929	51726
chrX	153370587	153570587	harbor2	chrX	153371078	153371538	LTR/ERV1	1873	-	230	153371308	721
