H_chr	H_start	H_end	Harbor	TE_chr	TE_start	TE_end	TE	score	TE_strand	TE_half	TE_middle_pos	TE_dis
chr1	21742123	21942123	harbor1	chr1	21785464	21785750	LTR/ERV1	2463	-	143	21785607	43484
chr1	21742123	21942123	harbor1	chr1	21786035	21786132	LTR/ERV1	2463	-	48	21786083	43960
chr1	21742123	21942123	harbor1	chr1	21787213	21787258	LTR/ERV1	4430	-	22	21787235	45112
chr1	21742123	21942123	harbor1	chr1	21787562	21787800	LTR/ERV1	4430	-	119	21787681	45558
chr1	21742123	21942123	harbor1	chr1	21788106	21788334	LTR/ERV1	4430	-	114	21788220	46097
chr1	21742123	21942123	harbor1	chr1	21788615	21788693	LTR/ERV1	4430	-	39	21788654	46531
chr1	21742123	21942123	harbor1	chr1	21791392	21791926	LTR/ERV1	3255	-	267	21791659	49536
chr1	21742123	21942123	harbor1	chr1	21792183	21792255	LTR/ERV1	3255	-	36	21792219	50096
chr1	21742123	21942123	harbor1	chr1	21794989	21795452	LTR/ERV1	3996	-	232	21795221	53098
chr1	21742123	21942123	harbor1	chr1	21795755	21796004	LTR/ERV1	3996	-	124	21795879	53756
chr1	15942113	16142113	harbor1	chr1	15980143	15980599	LTR/ERV1	2725	-	228	15980371	38258
chr1	15942113	16142113	harbor1	chr1	15981524	15981647	LTR/ERV1	869	-	62	15981586	39473
chr1	15942113	16142113	harbor1	chr1	16010092	16010678	LTR/ERV1	4278	-	293	16010385	68272
chr1	2375365	2575365	harbor1	chr1	2423400	2423980	LTR/ERV1	3253	-	290	2423690	48325
chr1	16596895	16796895	harbor1	chr1	16659139	16659674	LTR/ERV1	1540	-	268	16659407	62512
chr1	16596895	16796895	harbor1	chr1	16661013	16661173	LTR/ERV1	471	-	80	16661093	64198
chr1	16596895	16796895	harbor1	chr1	16661754	16662271	LTR/ERV1	2239	-	258	16662012	65117
chr1	16596895	16796895	harbor1	chr1	16668820	16669389	LTR/ERV1	2554	-	284	16669104	72209
chr1	16596895	16796895	harbor1	chr1	16670469	16671381	LTR/ERV1	1726	-	456	16670925	74030
chr1	960023	1160023	harbor1	chr1	1017170	1018876	LTR/ERV1	11165	-	853	1018023	58000
chr1	89721500	89921500	harbor1	chr1	89783014	89783591	LTR/ERV1	3616	-	288	89783302	61802
chr1	16625292	16825292	harbor1	chr1	16659139	16659674	LTR/ERV1	1540	-	268	16659407	34115
chr1	16625292	16825292	harbor1	chr1	16661013	16661173	LTR/ERV1	471	-	80	16661093	35801
chr1	16625292	16825292	harbor1	chr1	16661754	16662271	LTR/ERV1	2239	-	258	16662012	36720
chr1	16625292	16825292	harbor1	chr1	16668820	16669389	LTR/ERV1	2554	-	284	16669104	43812
chr1	16625292	16825292	harbor1	chr1	16670469	16671381	LTR/ERV1	1726	-	456	16670925	45633
chr1	16526616	16726616	harbor1	chr1	16529151	16530064	LTR/ERV1	2695	-	456	16529607	2991
chr1	16526616	16726616	harbor1	chr1	16530372	16531095	LTR/ERV1	2695	-	362	16530734	4118
chr1	227441496	227641496	harbor1	chr1	227449360	227449533	LTR/ERV1	4486	-	86	227449446	7950
chr1	227441496	227641496	harbor1	chr1	227449828	227450396	LTR/ERV1	4486	-	284	227450112	8616
chr1	227441496	227641496	harbor1	chr1	227495272	227496668	LTR/ERV1	7841	-	698	227495970	54474
chr1	227441496	227641496	harbor1	chr1	227496775	227496874	LTR/ERV1	7841	-	50	227496825	55329
chr1	227441496	227641496	harbor1	chr1	227497528	227499185	LTR/ERV1	7841	-	828	227498356	56860
chr1	16526581	16726581	harbor1	chr1	16529151	16530064	LTR/ERV1	2695	-	456	16529607	3026
chr1	16526581	16726581	harbor1	chr1	16530372	16531095	LTR/ERV1	2695	-	362	16530734	4153
chr1	145348336	145548336	harbor1	chr1	145426164	145426265	LTR/ERV1	491	-	50	145426214	77878
chr1	77131620	77331620	harbor1	chr1	77180478	77180942	LTR/ERV1	3189	-	232	77180710	49090
chr1	11666518	11866518	harbor1	chr1	11744658	11744860	LTR/ERV1	4470	-	101	11744759	78241
chr1	11666518	11866518	harbor1	chr1	11745153	11745541	LTR/ERV1	4470	-	194	11745347	78829
chr1	6685469	6885469	harbor1	chr1	6710137	6710292	LTR/ERV1	2239	-	78	6710215	24746
chr1	6685469	6885469	harbor1	chr1	6710603	6710889	LTR/ERV1	2239	-	143	6710746	25277
chr1	3431207	3631207	harbor1	chr1	3442544	3442893	LTR/ERV1	1086	-	174	3442718	11511
chr1	26400749	26600749	harbor1	chr1	26483294	26483414	LTR/ERV1	4122	-	60	26483354	82605
chr1	26400749	26600749	harbor1	chr1	26483724	26484149	LTR/ERV1	4122	-	212	26483936	83187
chr1	244605525	244805525	harbor1	chr1	244681859	244682404	LTR/ERV1	3959	-	272	244682131	76606
chr1	244605525	244805525	harbor1	chr1	244682858	244683294	LTR/ERV1	2574	-	218	244683076	77551
chr1	4738326	4938326	harbor1	chr1	4755618	4756134	LTR/ERV1	2522	-	258	4755876	17550
chr1	4738326	4938326	harbor1	chr1	4817869	4818344	LTR/ERV1	2669	-	238	4818107	79781
chr1	4738326	4938326	harbor1	chr1	4818670	4819104	LTR/ERV1	2484	-	217	4818887	80561
chr1	4738326	4938326	harbor1	chr1	4819405	4819985	LTR/ERV1	3554	-	290	4819695	81369
chr1	4738326	4938326	harbor1	chr1	4822661	4822686	LTR/ERV1	761	-	12	4822673	84347
chr1	4738326	4938326	harbor1	chr1	4823120	4823235	LTR/ERV1	761	-	58	4823178	84852
chr1	4738326	4938326	harbor1	chr1	4823260	4823478	LTR/ERV1	1307	-	109	4823369	85043
chr1	4738326	4938326	harbor1	chr1	4824025	4824801	LTR/ERV1	4832	-	388	4824413	86087
chr1	16596777	16796777	harbor1	chr1	16659139	16659674	LTR/ERV1	1540	-	268	16659407	62630
chr1	16596777	16796777	harbor1	chr1	16661013	16661173	LTR/ERV1	471	-	80	16661093	64316
chr1	16596777	16796777	harbor1	chr1	16661754	16662271	LTR/ERV1	2239	-	258	16662012	65235
chr1	16596777	16796777	harbor1	chr1	16668820	16669389	LTR/ERV1	2554	-	284	16669104	72327
chr1	16596777	16796777	harbor1	chr1	16670469	16671381	LTR/ERV1	1726	-	456	16670925	74148
chr1	5561024	5761024	harbor1	chr1	5571177	5571425	LTR/ERV1	542	-	124	5571301	10277
chr1	5561024	5761024	harbor1	chr1	5619450	5619925	LTR/ERV1	2673	-	238	5619688	58664
chr1	154963125	155163125	harbor1	chr1	155036397	155036680	LTR/ERV1	491	-	142	155036539	73414
chr1	227441495	227641495	harbor1	chr1	227449360	227449533	LTR/ERV1	4486	-	86	227449446	7951
chr1	227441495	227641495	harbor1	chr1	227449828	227450396	LTR/ERV1	4486	-	284	227450112	8617
chr1	227441495	227641495	harbor1	chr1	227495272	227496668	LTR/ERV1	7841	-	698	227495970	54475
chr1	227441495	227641495	harbor1	chr1	227496775	227496874	LTR/ERV1	7841	-	50	227496825	55330
chr1	227441495	227641495	harbor1	chr1	227497528	227499185	LTR/ERV1	7841	-	828	227498356	56861
chr1	11520750	11720750	harbor1	chr1	11553390	11553865	LTR/ERV1	2973	-	238	11553628	32878
chr1	156559413	156759413	harbor1	chr1	156589098	156589331	LTR/ERV1	1907	-	116	156589214	29801
chr1	156559413	156759413	harbor1	chr1	156589636	156589836	LTR/ERV1	1907	-	100	156589736	30323
chr1	156559413	156759413	harbor1	chr1	156612946	156613068	LTR/ERV1	558	-	61	156613007	53594
chr1	156559413	156759413	harbor1	chr1	156613367	156613465	LTR/ERV1	558	-	49	156613416	54003
chr1	6620127	6820127	harbor1	chr1	6710137	6710292	LTR/ERV1	2239	-	78	6710215	90088
chr1	6620127	6820127	harbor1	chr1	6710603	6710889	LTR/ERV1	2239	-	143	6710746	90619
chr1	1138189	1338189	harbor1	chr1	1173027	1173396	LTR/ERV1	793	-	184	1173211	35022
chr1	241509049	241709049	harbor1	chr1	241537532	241537581	LTR/ERV1	2069	-	24	241537556	28507
chr1	241509049	241709049	harbor1	chr1	241537935	241538259	LTR/ERV1	2069	-	162	241538097	29048
chr1	241509049	241709049	harbor1	chr1	241593525	241593881	LTR/ERV1	1645	-	178	241593703	84654
chr1	2420748	2620748	harbor1	chr1	2423400	2423980	LTR/ERV1	3253	-	290	2423690	2942
chr1	53370442	53570442	harbor1	chr1	53432798	53432888	LTR/ERV1	613	-	45	53432843	62401
chr1	53370442	53570442	harbor1	chr1	53435303	53435477	LTR/ERV1	3118	-	87	53435390	64948
chr1	53370442	53570442	harbor1	chr1	53435835	53436185	LTR/ERV1	3118	-	175	53436010	65568
chr1	53370442	53570442	harbor1	chr1	53441449	53442003	LTR/ERV1	1521	-	277	53441726	71284
chr1	2420658	2620658	harbor1	chr1	2423400	2423980	LTR/ERV1	3253	-	290	2423690	3032
chr1	225780616	225980616	harbor1	chr1	225808207	225808696	LTR/ERV1	2404	-	244	225808451	27835
chr1	225780616	225980616	harbor1	chr1	225810575	225810980	LTR/ERV1	2618	-	202	225810777	30161
chr1	225780616	225980616	harbor1	chr1	225840505	225840732	LTR/ERV1	600	-	114	225840619	60003
chr1	2418002	2618002	harbor1	chr1	2423400	2423980	LTR/ERV1	3253	-	290	2423690	5688
chr1	211033805	211233805	harbor1	chr1	211035968	211036465	LTR/ERV1	3294	-	248	211036216	2411
chr1	2375348	2575348	harbor1	chr1	2423400	2423980	LTR/ERV1	3253	-	290	2423690	48342
chr1	2028839	2228839	harbor1	chr1	2097759	2098300	LTR/ERV1	2606	-	270	2098029	69190
chr1	16503985	16703985	harbor1	chr1	16506477	16507011	LTR/ERV1	1606	-	267	16506744	2759
chr1	16503985	16703985	harbor1	chr1	16508346	16508502	LTR/ERV1	468	-	78	16508424	4439
chr1	16503985	16703985	harbor1	chr1	16509067	16509587	LTR/ERV1	2264	-	260	16509327	5342
chr1	16503985	16703985	harbor1	chr1	16516156	16516737	LTR/ERV1	3174	-	290	16516446	12461
chr1	16503985	16703985	harbor1	chr1	16517078	16517227	LTR/ERV1	3174	-	74	16517152	13167
chr1	16503985	16703985	harbor1	chr1	16517243	16517559	LTR/ERV1	614	-	158	16517401	13416
chr1	16503985	16703985	harbor1	chr1	16517578	16517732	LTR/ERV1	1031	-	77	16517655	13670
chr1	16503985	16703985	harbor1	chr1	16518054	16518103	LTR/ERV1	1031	-	24	16518078	14093
chr1	16503985	16703985	harbor1	chr1	16529151	16530064	LTR/ERV1	2695	-	456	16529607	25622
chr1	16503985	16703985	harbor1	chr1	16530372	16531095	LTR/ERV1	2695	-	362	16530734	26749
chr1	10540158	10740158	harbor1	chr1	10579442	10579991	LTR/ERV1	4200	-	274	10579716	39558
chr1	19766908	19966908	harbor1	chr1	19847484	19847753	LTR/ERV1	2167	-	134	19847618	80710
chr1	19766908	19966908	harbor1	chr1	19847836	19848798	LTR/ERV1	9025	-	481	19848317	81409
chr1	19766908	19966908	harbor1	chr1	19849114	19849365	LTR/ERV1	9025	-	126	19849240	82332
chr1	19766908	19966908	harbor1	chr1	19849350	19850962	LTR/ERV1	8358	-	806	19850156	83248
chr1	19766908	19966908	harbor1	chr1	19851043	19851274	LTR/ERV1	4094	-	116	19851159	84251
chr1	19766908	19966908	harbor1	chr1	19851584	19851912	LTR/ERV1	4094	-	164	19851748	84840
chr1	1526935	1726935	harbor1	chr1	1575525	1575713	LTR/ERV1	1582	-	94	1575619	48684
chr1	1526935	1726935	harbor1	chr1	1576012	1576231	LTR/ERV1	1582	-	110	1576122	49187
chr1	1526935	1726935	harbor1	chr1	1576237	1576556	LTR/ERV1	1504	-	160	1576397	49462
chr1	1526935	1726935	harbor1	chr1	1576856	1576990	LTR/ERV1	1504	-	67	1576923	49988
chr1	1526935	1726935	harbor1	chr1	1577204	1577276	LTR/ERV1	1284	-	36	1577240	50305
chr1	1526935	1726935	harbor1	chr1	1578973	1579189	LTR/ERV1	1284	-	108	1579081	52146
chr1	1526935	1726935	harbor1	chr1	1581915	1582017	LTR/ERV1	511	-	51	1581966	55031
chr1	1526935	1726935	harbor1	chr1	1582321	1582527	LTR/ERV1	681	-	103	1582424	55489
chr1	1526935	1726935	harbor1	chr1	1586804	1586902	LTR/ERV1	774	-	49	1586853	59918
chr1	1526935	1726935	harbor1	chr1	1587826	1587894	LTR/ERV1	774	-	34	1587860	60925
chr1	1526935	1726935	harbor1	chr1	1588480	1588697	LTR/ERV1	1005	-	108	1588588	61653
chr1	1526935	1726935	harbor1	chr1	1612173	1612414	LTR/ERV1	912	-	120	1612293	85358
chr1	1526935	1726935	harbor1	chr1	1612418	1612493	LTR/ERV1	465	-	38	1612456	85521
chr1	6685490	6885490	harbor1	chr1	6710137	6710292	LTR/ERV1	2239	-	78	6710215	24725
chr1	6685490	6885490	harbor1	chr1	6710603	6710889	LTR/ERV1	2239	-	143	6710746	25256
chr1	2420673	2620673	harbor1	chr1	2423400	2423980	LTR/ERV1	3253	-	290	2423690	3017
chr1	65154911	65354911	harbor1	chr1	65163269	65163624	LTR/ERV1	2766	-	178	65163447	8536
chr1	65154911	65354911	harbor1	chr1	65163625	65164352	LTR/ERV1	3570	-	364	65163989	9078
chr1	65154911	65354911	harbor1	chr1	65164353	65164411	LTR/ERV1	2766	-	29	65164382	9471
chr1	65154911	65354911	harbor1	chr1	65221880	65222479	LTR/ERV1	4480	-	300	65222180	67269
chr1	167559746	167759746	harbor1	chr1	167580898	167581637	LTR/ERV1	4272	-	370	167581268	21522
chr1	167559746	167759746	harbor1	chr1	167594884	167595285	LTR/ERV1	2729	-	200	167595084	35338
chr1	2375257	2575257	harbor1	chr1	2423400	2423980	LTR/ERV1	3253	-	290	2423690	48433
chr1	226010111	226210111	harbor1	chr1	226097330	226097526	LTR/ERV1	3477	-	98	226097428	87317
chr1	226010111	226210111	harbor1	chr1	226097779	226098253	LTR/ERV1	3477	-	237	226098016	87905
chr1	205210078	205410078	harbor1	chr1	205283562	205283791	LTR/ERV1	431	-	114	205283676	73598
chr1	2420670	2620670	harbor1	chr1	2423400	2423980	LTR/ERV1	3253	-	290	2423690	3020
chr1	2420671	2620671	harbor1	chr1	2423400	2423980	LTR/ERV1	3253	-	290	2423690	3019
chr1	16520804	16720804	harbor1	chr1	16529151	16530064	LTR/ERV1	2695	-	456	16529607	8803
chr1	16520804	16720804	harbor1	chr1	16530372	16531095	LTR/ERV1	2695	-	362	16530734	9930
chr1	2374246	2574246	harbor1	chr1	2423400	2423980	LTR/ERV1	3253	-	290	2423690	49444
chr1	33270108	33470108	harbor1	chr1	33283860	33284473	LTR/ERV1	914	-	306	33284166	14058
chr1	33270108	33470108	harbor1	chr1	33284957	33285136	LTR/ERV1	439	-	90	33285047	14939
chr1	33270108	33470108	harbor1	chr1	33285430	33285487	LTR/ERV1	439	-	28	33285458	15350
chr1	33270108	33470108	harbor1	chr1	33285732	33285780	LTR/ERV1	508	-	24	33285756	15648
chr1	33270108	33470108	harbor1	chr1	33286093	33286285	LTR/ERV1	508	-	96	33286189	16081
chr1	33270108	33470108	harbor1	chr1	33305343	33305481	LTR/ERV1	1931	-	69	33305412	35304
chr1	33270108	33470108	harbor1	chr1	33305781	33306100	LTR/ERV1	1931	-	160	33305941	35833
chr1	211032764	211232764	harbor1	chr1	211035968	211036465	LTR/ERV1	3294	-	248	211036216	3452
chr1	2420705	2620705	harbor1	chr1	2423400	2423980	LTR/ERV1	3253	-	290	2423690	2985
chr1	227441477	227641477	harbor1	chr1	227449360	227449533	LTR/ERV1	4486	-	86	227449446	7969
chr1	227441477	227641477	harbor1	chr1	227449828	227450396	LTR/ERV1	4486	-	284	227450112	8635
chr1	227441477	227641477	harbor1	chr1	227495272	227496668	LTR/ERV1	7841	-	698	227495970	54493
chr1	227441477	227641477	harbor1	chr1	227496775	227496874	LTR/ERV1	7841	-	50	227496825	55348
chr1	227441477	227641477	harbor1	chr1	227497528	227499185	LTR/ERV1	7841	-	828	227498356	56879
chr1	154971671	155171671	harbor1	chr1	155036397	155036680	LTR/ERV1	491	-	142	155036539	64868
chr1	3431193	3631193	harbor1	chr1	3442544	3442893	LTR/ERV1	1086	-	174	3442718	11525
chr1	89425139	89625139	harbor1	chr1	89428847	89429276	LTR/ERV1	1081	-	214	89429061	3922
chr1	89425139	89625139	harbor1	chr1	89429509	89429830	LTR/ERV1	1440	-	160	89429669	4530
chr1	89425139	89625139	harbor1	chr1	89429831	89430116	LTR/ERV1	5262	-	142	89429973	4834
chr1	89425139	89625139	harbor1	chr1	89430429	89431206	LTR/ERV1	5262	-	388	89430817	5678
chr1	89425139	89625139	harbor1	chr1	89508256	89508634	LTR/ERV1	1373	-	189	89508445	83306
chr1	89425139	89625139	harbor1	chr1	89508900	89508915	LTR/ERV1	1373	-	8	89508908	83769
chr1	89425139	89625139	harbor1	chr1	89509112	89509484	LTR/ERV1	1751	-	186	89509298	84159
chr1	1300182	1500182	harbor1	chr1	1384033	1384156	LTR/ERV1	457	-	62	1384095	83913
chr1	16625240	16825240	harbor1	chr1	16659139	16659674	LTR/ERV1	1540	-	268	16659407	34167
chr1	16625240	16825240	harbor1	chr1	16661013	16661173	LTR/ERV1	471	-	80	16661093	35853
chr1	16625240	16825240	harbor1	chr1	16661754	16662271	LTR/ERV1	2239	-	258	16662012	36772
chr1	16625240	16825240	harbor1	chr1	16668820	16669389	LTR/ERV1	2554	-	284	16669104	43864
chr1	16625240	16825240	harbor1	chr1	16670469	16671381	LTR/ERV1	1726	-	456	16670925	45685
chr1	16504141	16704141	harbor1	chr1	16506477	16507011	LTR/ERV1	1606	-	267	16506744	2603
chr1	16504141	16704141	harbor1	chr1	16508346	16508502	LTR/ERV1	468	-	78	16508424	4283
chr1	16504141	16704141	harbor1	chr1	16509067	16509587	LTR/ERV1	2264	-	260	16509327	5186
chr1	16504141	16704141	harbor1	chr1	16516156	16516737	LTR/ERV1	3174	-	290	16516446	12305
chr1	16504141	16704141	harbor1	chr1	16517078	16517227	LTR/ERV1	3174	-	74	16517152	13011
chr1	16504141	16704141	harbor1	chr1	16517243	16517559	LTR/ERV1	614	-	158	16517401	13260
chr1	16504141	16704141	harbor1	chr1	16517578	16517732	LTR/ERV1	1031	-	77	16517655	13514
chr1	16504141	16704141	harbor1	chr1	16518054	16518103	LTR/ERV1	1031	-	24	16518078	13937
chr1	16504141	16704141	harbor1	chr1	16529151	16530064	LTR/ERV1	2695	-	456	16529607	25466
chr1	16504141	16704141	harbor1	chr1	16530372	16531095	LTR/ERV1	2695	-	362	16530734	26593
chr1	202827305	203027305	harbor1	chr1	202863598	202864091	LTR/ERV1	3462	-	246	202863844	36539
chr1	202827305	203027305	harbor1	chr1	202864393	202864457	LTR/ERV1	3462	-	32	202864425	37120
chr1	202827305	203027305	harbor1	chr1	202864482	202864789	LTR/ERV1	1313	-	154	202864636	37331
chr1	202827305	203027305	harbor1	chr1	202864955	202865408	LTR/ERV1	2106	-	226	202865181	37876
chr1	202827305	203027305	harbor1	chr1	202865842	202866192	LTR/ERV1	740	-	175	202866017	38712
chr1	202827305	203027305	harbor1	chr1	202866999	202867029	LTR/ERV1	1099	-	15	202867014	39709
chr1	202827305	203027305	harbor1	chr1	202867042	202867144	LTR/ERV1	547	-	51	202867093	39788
chr1	202827305	203027305	harbor1	chr1	202867137	202867337	LTR/ERV1	1107	-	100	202867237	39932
chr1	202827305	203027305	harbor1	chr1	202867633	202867718	LTR/ERV1	1107	-	42	202867675	40370
chr1	202827305	203027305	harbor1	chr1	202868495	202868621	LTR/ERV1	626	-	63	202868558	41253
chr1	202827305	203027305	harbor1	chr1	202869849	202869932	LTR/ERV1	559	-	42	202869891	42586
chr1	202827305	203027305	harbor1	chr1	202870343	202870433	LTR/ERV1	486	-	45	202870388	43083
chr1	202827305	203027305	harbor1	chr1	202870825	202870940	LTR/ERV1	531	-	58	202870883	43578
chr1	202827305	203027305	harbor1	chr1	202871135	202871387	LTR/ERV1	1586	-	126	202871261	43956
chr1	202827305	203027305	harbor1	chr1	202866481	202866691	LTR/ERV1	1099	-	105	202866586	39281
chr1	4612171	4812171	harbor1	chr1	4633705	4634145	LTR/ERV1	1486	-	220	4633925	21754
chr1	53370469	53570469	harbor1	chr1	53432798	53432888	LTR/ERV1	613	-	45	53432843	62374
chr1	53370469	53570469	harbor1	chr1	53435303	53435477	LTR/ERV1	3118	-	87	53435390	64921
chr1	53370469	53570469	harbor1	chr1	53435835	53436185	LTR/ERV1	3118	-	175	53436010	65541
chr1	53370469	53570469	harbor1	chr1	53441449	53442003	LTR/ERV1	1521	-	277	53441726	71257
chr1	205330822	205530822	harbor1	chr1	205372186	205372718	LTR/ERV1	3941	-	266	205372452	41630
chr1	3431298	3631298	harbor1	chr1	3442544	3442893	LTR/ERV1	1086	-	174	3442718	11420
chr1	1562609	1762609	harbor1	chr1	1575525	1575713	LTR/ERV1	1582	-	94	1575619	13010
chr1	1562609	1762609	harbor1	chr1	1576012	1576231	LTR/ERV1	1582	-	110	1576122	13513
chr1	1562609	1762609	harbor1	chr1	1576237	1576556	LTR/ERV1	1504	-	160	1576397	13788
chr1	1562609	1762609	harbor1	chr1	1576856	1576990	LTR/ERV1	1504	-	67	1576923	14314
chr1	1562609	1762609	harbor1	chr1	1577204	1577276	LTR/ERV1	1284	-	36	1577240	14631
chr1	1562609	1762609	harbor1	chr1	1578973	1579189	LTR/ERV1	1284	-	108	1579081	16472
chr1	1562609	1762609	harbor1	chr1	1581915	1582017	LTR/ERV1	511	-	51	1581966	19357
chr1	1562609	1762609	harbor1	chr1	1582321	1582527	LTR/ERV1	681	-	103	1582424	19815
chr1	1562609	1762609	harbor1	chr1	1586804	1586902	LTR/ERV1	774	-	49	1586853	24244
chr1	1562609	1762609	harbor1	chr1	1587826	1587894	LTR/ERV1	774	-	34	1587860	25251
chr1	1562609	1762609	harbor1	chr1	1588480	1588697	LTR/ERV1	1005	-	108	1588588	25979
chr1	1562609	1762609	harbor1	chr1	1612173	1612414	LTR/ERV1	912	-	120	1612293	49684
chr1	1562609	1762609	harbor1	chr1	1612418	1612493	LTR/ERV1	465	-	38	1612456	49847
chr1	154961974	155161974	harbor1	chr1	155036397	155036680	LTR/ERV1	491	-	142	155036539	74565
chr1	53370441	53570441	harbor1	chr1	53432798	53432888	LTR/ERV1	613	-	45	53432843	62402
chr1	53370441	53570441	harbor1	chr1	53435303	53435477	LTR/ERV1	3118	-	87	53435390	64949
chr1	53370441	53570441	harbor1	chr1	53435835	53436185	LTR/ERV1	3118	-	175	53436010	65569
chr1	53370441	53570441	harbor1	chr1	53441449	53442003	LTR/ERV1	1521	-	277	53441726	71285
chr1	2420749	2620749	harbor1	chr1	2423400	2423980	LTR/ERV1	3253	-	290	2423690	2941
chr1	16619037	16819037	harbor1	chr1	16659139	16659674	LTR/ERV1	1540	-	268	16659407	40370
chr1	16619037	16819037	harbor1	chr1	16661013	16661173	LTR/ERV1	471	-	80	16661093	42056
chr1	16619037	16819037	harbor1	chr1	16661754	16662271	LTR/ERV1	2239	-	258	16662012	42975
chr1	16619037	16819037	harbor1	chr1	16668820	16669389	LTR/ERV1	2554	-	284	16669104	50067
chr1	16619037	16819037	harbor1	chr1	16670469	16671381	LTR/ERV1	1726	-	456	16670925	51888
chr1	148850447	149050447	harbor1	chr1	148901925	148902351	LTR/ERV1	3211	-	213	148902138	51691
chr1	16504004	16704004	harbor1	chr1	16506477	16507011	LTR/ERV1	1606	-	267	16506744	2740
chr1	16504004	16704004	harbor1	chr1	16508346	16508502	LTR/ERV1	468	-	78	16508424	4420
chr1	16504004	16704004	harbor1	chr1	16509067	16509587	LTR/ERV1	2264	-	260	16509327	5323
chr1	16504004	16704004	harbor1	chr1	16516156	16516737	LTR/ERV1	3174	-	290	16516446	12442
chr1	16504004	16704004	harbor1	chr1	16517078	16517227	LTR/ERV1	3174	-	74	16517152	13148
chr1	16504004	16704004	harbor1	chr1	16517243	16517559	LTR/ERV1	614	-	158	16517401	13397
chr1	16504004	16704004	harbor1	chr1	16517578	16517732	LTR/ERV1	1031	-	77	16517655	13651
chr1	16504004	16704004	harbor1	chr1	16518054	16518103	LTR/ERV1	1031	-	24	16518078	14074
chr1	16504004	16704004	harbor1	chr1	16529151	16530064	LTR/ERV1	2695	-	456	16529607	25603
chr1	16504004	16704004	harbor1	chr1	16530372	16531095	LTR/ERV1	2695	-	362	16530734	26730
chr1	2394658	2594658	harbor1	chr1	2423400	2423980	LTR/ERV1	3253	-	290	2423690	29032
chr1	15330459	15530459	harbor1	chr1	15356166	15356588	LTR/ERV1	2149	-	211	15356377	25918
chr1	2375321	2575321	harbor1	chr1	2423400	2423980	LTR/ERV1	3253	-	290	2423690	48369
chr1	16267485	16467485	harbor1	chr1	16359685	16359771	LTR/ERV1	1650	-	43	16359728	92243
chr1	16267485	16467485	harbor1	chr1	16360070	16360280	LTR/ERV1	1650	-	105	16360175	92690
chr1	53370472	53570472	harbor1	chr1	53432798	53432888	LTR/ERV1	613	-	45	53432843	62371
chr1	53370472	53570472	harbor1	chr1	53435303	53435477	LTR/ERV1	3118	-	87	53435390	64918
chr1	53370472	53570472	harbor1	chr1	53435835	53436185	LTR/ERV1	3118	-	175	53436010	65538
chr1	53370472	53570472	harbor1	chr1	53441449	53442003	LTR/ERV1	1521	-	277	53441726	71254
chr1	3429504	3629504	harbor1	chr1	3442544	3442893	LTR/ERV1	1086	-	174	3442718	13214
chr1	16600695	16800695	harbor1	chr1	16659139	16659674	LTR/ERV1	1540	-	268	16659407	58712
chr1	16600695	16800695	harbor1	chr1	16661013	16661173	LTR/ERV1	471	-	80	16661093	60398
chr1	16600695	16800695	harbor1	chr1	16661754	16662271	LTR/ERV1	2239	-	258	16662012	61317
chr1	16600695	16800695	harbor1	chr1	16668820	16669389	LTR/ERV1	2554	-	284	16669104	68409
chr1	16600695	16800695	harbor1	chr1	16670469	16671381	LTR/ERV1	1726	-	456	16670925	70230
chr1	2375299	2575299	harbor1	chr1	2423400	2423980	LTR/ERV1	3253	-	290	2423690	48391
chr1	2420481	2620481	harbor1	chr1	2423400	2423980	LTR/ERV1	3253	-	290	2423690	3209
chr1	1538666	1738666	harbor1	chr1	1575525	1575713	LTR/ERV1	1582	-	94	1575619	36953
chr1	1538666	1738666	harbor1	chr1	1576012	1576231	LTR/ERV1	1582	-	110	1576122	37456
chr1	1538666	1738666	harbor1	chr1	1576237	1576556	LTR/ERV1	1504	-	160	1576397	37731
chr1	1538666	1738666	harbor1	chr1	1576856	1576990	LTR/ERV1	1504	-	67	1576923	38257
chr1	1538666	1738666	harbor1	chr1	1577204	1577276	LTR/ERV1	1284	-	36	1577240	38574
chr1	1538666	1738666	harbor1	chr1	1578973	1579189	LTR/ERV1	1284	-	108	1579081	40415
chr1	1538666	1738666	harbor1	chr1	1581915	1582017	LTR/ERV1	511	-	51	1581966	43300
chr1	1538666	1738666	harbor1	chr1	1582321	1582527	LTR/ERV1	681	-	103	1582424	43758
chr1	1538666	1738666	harbor1	chr1	1586804	1586902	LTR/ERV1	774	-	49	1586853	48187
chr1	1538666	1738666	harbor1	chr1	1587826	1587894	LTR/ERV1	774	-	34	1587860	49194
chr1	1538666	1738666	harbor1	chr1	1588480	1588697	LTR/ERV1	1005	-	108	1588588	49922
chr1	1538666	1738666	harbor1	chr1	1612173	1612414	LTR/ERV1	912	-	120	1612293	73627
chr1	1538666	1738666	harbor1	chr1	1612418	1612493	LTR/ERV1	465	-	38	1612456	73790
chr1	94137807	94337807	harbor1	chr1	94148960	94149728	LTR/ERV1	6190	-	384	94149344	11537
chr1	229331834	229531834	harbor1	chr1	229371949	229372686	LTR/ERV1	2820	-	368	229372317	40483
chr1	9589469	9789469	harbor1	chr1	9617493	9617582	LTR/ERV1	588	-	44	9617537	28068
chr1	9589469	9789469	harbor1	chr1	9621070	9621293	LTR/ERV1	1602	-	112	9621182	31713
chr1	9589469	9789469	harbor1	chr1	9646268	9646622	LTR/ERV1	1153	-	177	9646445	56976
chr1	9589469	9789469	harbor1	chr1	9647788	9648118	LTR/ERV1	743	-	165	9647953	58484
chr1	9589469	9789469	harbor1	chr1	9648119	9648241	LTR/ERV1	565	-	61	9648180	58711
chr1	9589469	9789469	harbor1	chr1	9649918	9650141	LTR/ERV1	893	-	112	9650030	60561
chr1	9589469	9789469	harbor1	chr1	9650665	9650838	LTR/ERV1	1742	-	86	9650751	61282
chr1	9589469	9789469	harbor1	chr1	9651145	9651321	LTR/ERV1	1742	-	88	9651233	61764
chr1	9589469	9789469	harbor1	chr1	9669370	9669548	LTR/ERV1	1051	-	89	9669459	79990
chr1	9589469	9789469	harbor1	chr1	9666534	9666617	LTR/ERV1	480	-	42	9666576	77107
chr1	211033758	211233758	harbor1	chr1	211035968	211036465	LTR/ERV1	3294	-	248	211036216	2458
chr1	185216973	185416973	harbor1	chr1	185284471	185284897	LTR/ERV1	1273	-	213	185284684	67711
chr1	39855337	40055337	harbor1	chr1	39919495	39919565	LTR/ERV1	495	-	35	39919530	64193
chr1	39855337	40055337	harbor1	chr1	39922811	39922878	LTR/ERV1	507	-	34	39922845	67508
chr1	39855337	40055337	harbor1	chr1	39941718	39942244	LTR/ERV1	2714	-	263	39941981	86644
chr1	2375268	2575268	harbor1	chr1	2423400	2423980	LTR/ERV1	3253	-	290	2423690	48422
chr1	16517974	16717974	harbor1	chr1	16518054	16518103	LTR/ERV1	1031	-	24	16518078	104
chr1	16517974	16717974	harbor1	chr1	16529151	16530064	LTR/ERV1	2695	-	456	16529607	11633
chr1	16517974	16717974	harbor1	chr1	16530372	16531095	LTR/ERV1	2695	-	362	16530734	12760
chr1	43447553	43647553	harbor1	chr1	43467898	43469532	LTR/ERV1	7683	-	817	43468715	21162
chr1	16490133	16690133	harbor1	chr1	16502573	16502674	LTR/ERV1	1586	-	50	16502623	12490
chr1	16490133	16690133	harbor1	chr1	16502972	16503125	LTR/ERV1	1586	-	76	16503048	12915
chr1	16490133	16690133	harbor1	chr1	16506477	16507011	LTR/ERV1	1606	-	267	16506744	16611
chr1	16490133	16690133	harbor1	chr1	16508346	16508502	LTR/ERV1	468	-	78	16508424	18291
chr1	16490133	16690133	harbor1	chr1	16509067	16509587	LTR/ERV1	2264	-	260	16509327	19194
chr1	16490133	16690133	harbor1	chr1	16516156	16516737	LTR/ERV1	3174	-	290	16516446	26313
chr1	16490133	16690133	harbor1	chr1	16517078	16517227	LTR/ERV1	3174	-	74	16517152	27019
chr1	16490133	16690133	harbor1	chr1	16517243	16517559	LTR/ERV1	614	-	158	16517401	27268
chr1	16490133	16690133	harbor1	chr1	16517578	16517732	LTR/ERV1	1031	-	77	16517655	27522
chr1	16490133	16690133	harbor1	chr1	16518054	16518103	LTR/ERV1	1031	-	24	16518078	27945
chr1	16490133	16690133	harbor1	chr1	16529151	16530064	LTR/ERV1	2695	-	456	16529607	39474
chr1	16490133	16690133	harbor1	chr1	16530372	16531095	LTR/ERV1	2695	-	362	16530734	40601
chr1	53370438	53570438	harbor1	chr1	53432798	53432888	LTR/ERV1	613	-	45	53432843	62405
chr1	53370438	53570438	harbor1	chr1	53435303	53435477	LTR/ERV1	3118	-	87	53435390	64952
chr1	53370438	53570438	harbor1	chr1	53435835	53436185	LTR/ERV1	3118	-	175	53436010	65572
chr1	53370438	53570438	harbor1	chr1	53441449	53442003	LTR/ERV1	1521	-	277	53441726	71288
chr1	2375370	2575370	harbor1	chr1	2423400	2423980	LTR/ERV1	3253	-	290	2423690	48320
chr1	154985135	155185135	harbor1	chr1	155036397	155036680	LTR/ERV1	491	-	142	155036539	51404
chr1	6350574	6550574	harbor1	chr1	6367283	6368326	LTR/ERV1	4909	-	522	6367805	17231
chr1	6350574	6550574	harbor1	chr1	6368489	6368927	LTR/ERV1	1731	-	219	6368708	18134
chr1	6350574	6550574	harbor1	chr1	6395075	6396293	LTR/ERV1	6964	-	609	6395684	45110
chr1	722912	922912	harbor1	chr1	788635	788750	LTR/ERV1	633	-	58	788693	65781
chr1	204633771	204833771	harbor1	chr1	204696883	204697417	LTR/ERV1	3229	-	267	204697150	63379
chr1	204633771	204833771	harbor1	chr1	204729930	204729946	LTR/ERV1	1697	-	8	204729938	96167
chr1	204633771	204833771	harbor1	chr1	204730246	204730698	LTR/ERV1	1697	-	226	204730472	96701
chr1	204633771	204833771	harbor1	chr1	204732009	204732632	LTR/ERV1	3643	-	312	204732321	98550
chr1	47317003	47517003	harbor1	chr1	47360821	47361112	LTR/ERV1	3755	-	146	47360967	43964
chr1	47317003	47517003	harbor1	chr1	47361398	47361770	LTR/ERV1	3755	-	186	47361584	44581
chr1	47317003	47517003	harbor1	chr1	47378969	47379540	LTR/ERV1	3112	-	286	47379255	62252
chr1	47317003	47517003	harbor1	chr1	47393146	47393394	LTR/ERV1	1189	-	124	47393270	76267
chr1	47317003	47517003	harbor1	chr1	47393428	47393603	LTR/ERV1	1143	-	88	47393516	76513
chr1	47317003	47517003	harbor1	chr1	47393602	47393690	LTR/ERV1	464	-	44	47393646	76643
chr1	47317003	47517003	harbor1	chr1	47393691	47393844	LTR/ERV1	1095	-	76	47393767	76764
chr1	15262474	15462474	harbor1	chr1	15282855	15283342	LTR/ERV1	2940	-	244	15283099	20625
chr1	15262474	15462474	harbor1	chr1	15356166	15356588	LTR/ERV1	2149	-	211	15356377	93903
chr1	116052112	116252112	harbor1	chr1	116145571	116147121	LTR/ERV1	11137	-	775	116146346	94234
chr1	160897940	161097940	harbor1	chr1	160906111	160906495	LTR/ERV1	2635	-	192	160906303	8363
chr1	160897940	161097940	harbor1	chr1	160909901	160910534	LTR/ERV1	4614	-	316	160910217	12277
chr1	160897940	161097940	harbor1	chr1	160914138	160914509	LTR/ERV1	2478	-	186	160914324	16384
chr1	160897940	161097940	harbor1	chr1	160914512	160915018	LTR/ERV1	29628	-	253	160914765	16825
chr1	160897940	161097940	harbor1	chr1	160915328	160916102	LTR/ERV1	29628	-	387	160915715	17775
chr1	160897940	161097940	harbor1	chr1	160916406	160917952	LTR/ERV1	29628	-	773	160917179	19239
chr1	160897940	161097940	harbor1	chr1	160918677	160918844	LTR/ERV1	29628	-	84	160918761	20821
chr1	160897940	161097940	harbor1	chr1	160919142	160919197	LTR/ERV1	29628	-	28	160919170	21230
chr1	160897940	161097940	harbor1	chr1	160919691	160920543	LTR/ERV1	29628	-	426	160920117	22177
chr1	160897940	161097940	harbor1	chr1	160924338	160924462	LTR/ERV1	11777	-	62	160924400	26460
chr1	160897940	161097940	harbor1	chr1	160924754	160924770	LTR/ERV1	11777	-	8	160924762	26822
chr1	160897940	161097940	harbor1	chr1	160925075	160925457	LTR/ERV1	11777	-	191	160925266	27326
chr1	160897940	161097940	harbor1	chr1	160925972	160926495	LTR/ERV1	3335	-	262	160926234	28294
chr1	160897940	161097940	harbor1	chr1	160927125	160927494	LTR/ERV1	2132	-	184	160927309	29369
chr1	160897940	161097940	harbor1	chr1	160927496	160927877	LTR/ERV1	2484	-	190	160927686	29746
chr1	160897940	161097940	harbor1	chr1	160975708	160975987	LTR/ERV1	3255	-	140	160975848	77908
chr1	160897940	161097940	harbor1	chr1	160976279	160976616	LTR/ERV1	3255	-	168	160976447	78507
chr1	160897940	161097940	harbor1	chr1	160982394	160982852	LTR/ERV1	3501	-	229	160982623	84683
chr1	160897940	161097940	harbor1	chr1	160985674	160986052	LTR/ERV1	1594	-	189	160985863	87923
chr1	160897940	161097940	harbor1	chr1	160986797	160987333	LTR/ERV1	2939	-	268	160987065	89125
chr1	160897940	161097940	harbor1	chr1	160923430	160923978	LTR/ERV1	29628	-	274	160923704	25764
chr1	194321308	194521308	harbor1	chr1	194337490	194337602	LTR/ERV1	591	-	56	194337546	16238
chr1	194321308	194521308	harbor1	chr1	194357643	194358834	LTR/ERV1	6652	-	596	194358239	36931
chr1	194321308	194521308	harbor1	chr1	194419666	194421002	LTR/ERV1	4903	-	668	194420334	99026
chr1	11520749	11720749	harbor1	chr1	11553390	11553865	LTR/ERV1	2973	-	238	11553628	32879
chr1	211033691	211233691	harbor1	chr1	211035968	211036465	LTR/ERV1	3294	-	248	211036216	2525
chr1	1071653	1271653	harbor1	chr1	1109720	1110352	LTR/ERV1	2888	-	316	1110036	38383
chr1	1071653	1271653	harbor1	chr1	1113585	1113913	LTR/ERV1	1483	-	164	1113749	42096
chr1	1071653	1271653	harbor1	chr1	1114222	1114263	LTR/ERV1	1483	-	20	1114242	42589
chr1	1071653	1271653	harbor1	chr1	1135295	1135888	LTR/ERV1	3525	-	296	1135591	63938
chr1	2375300	2575300	harbor1	chr1	2423400	2423980	LTR/ERV1	3253	-	290	2423690	48390
chr1	6567487	6767487	harbor1	chr1	6567580	6568168	LTR/ERV1	11810	-	294	6567874	387
chr1	6567487	6767487	harbor1	chr1	6570052	6570109	LTR/ERV1	2295	-	28	6570080	2593
chr1	6567487	6767487	harbor1	chr1	6570110	6570283	LTR/ERV1	636	-	86	6570196	2709
chr1	6567487	6767487	harbor1	chr1	6568483	6570024	LTR/ERV1	11810	-	770	6569253	1766
chr1	20561106	20761106	harbor1	chr1	20625111	20625824	LTR/ERV1	4172	-	356	20625467	64361
chr1	20561106	20761106	harbor1	chr1	20630539	20631419	LTR/ERV1	2889	-	440	20630979	69873
chr1	20561106	20761106	harbor1	chr1	20642211	20642667	LTR/ERV1	2814	-	228	20642439	81333
chr1	20561106	20761106	harbor1	chr1	20642956	20642988	LTR/ERV1	2814	-	16	20642972	81866
chr1	211730554	211930554	harbor1	chr1	211769445	211769990	LTR/ERV1	4227	-	272	211769717	39163
chr1	16625350	16825350	harbor1	chr1	16659139	16659674	LTR/ERV1	1540	-	268	16659407	34057
chr1	16625350	16825350	harbor1	chr1	16661013	16661173	LTR/ERV1	471	-	80	16661093	35743
chr1	16625350	16825350	harbor1	chr1	16661754	16662271	LTR/ERV1	2239	-	258	16662012	36662
chr1	16625350	16825350	harbor1	chr1	16668820	16669389	LTR/ERV1	2554	-	284	16669104	43754
chr1	16625350	16825350	harbor1	chr1	16670469	16671381	LTR/ERV1	1726	-	456	16670925	45575
chr1	201549223	201749223	harbor1	chr1	201558096	201558451	LTR/ERV1	3890	-	178	201558274	9051
chr1	201549223	201749223	harbor1	chr1	201558749	201559039	LTR/ERV1	3890	-	145	201558894	9671
chr1	201549223	201749223	harbor1	chr1	201594087	201594164	LTR/ERV1	605	-	38	201594125	44902
chr1	7552592	7752592	harbor1	chr1	7584118	7584571	LTR/ERV1	1356	-	226	7584344	31752
chr1	7552592	7752592	harbor1	chr1	7611877	7612631	LTR/ERV1	5366	-	377	7612254	59662
chr1	3431300	3631300	harbor1	chr1	3442544	3442893	LTR/ERV1	1086	-	174	3442718	11418
chr1	152203804	152403804	harbor1	chr1	152252503	152252584	LTR/ERV1	520	-	40	152252543	48739
chr1	2375288	2575288	harbor1	chr1	2423400	2423980	LTR/ERV1	3253	-	290	2423690	48402
chr1	25516603	25716603	harbor1	chr1	25578205	25578506	LTR/ERV1	2887	-	150	25578355	61752
chr1	25516603	25716603	harbor1	chr1	25578816	25578991	LTR/ERV1	2887	-	88	25578904	62301
chr1	25516603	25716603	harbor1	chr1	25584096	25584889	LTR/ERV1	1419	-	396	25584492	67889
chr1	110021160	110221160	harbor1	chr1	110031079	110031631	LTR/ERV1	4051	-	276	110031355	10195
chr1	2375272	2575272	harbor1	chr1	2423400	2423980	LTR/ERV1	3253	-	290	2423690	48418
chr1	678890	878890	harbor1	chr1	701404	701564	LTR/ERV1	857	-	80	701484	22594
chr1	2375302	2575302	harbor1	chr1	2423400	2423980	LTR/ERV1	3253	-	290	2423690	48388
chr1	2375187	2575187	harbor1	chr1	2423400	2423980	LTR/ERV1	3253	-	290	2423690	48503
chr1	2420704	2620704	harbor1	chr1	2423400	2423980	LTR/ERV1	3253	-	290	2423690	2986
chr1	16344104	16544104	harbor1	chr1	16359685	16359771	LTR/ERV1	1650	-	43	16359728	15624
chr1	16344104	16544104	harbor1	chr1	16360070	16360280	LTR/ERV1	1650	-	105	16360175	16071
chr1	6685532	6885532	harbor1	chr1	6710137	6710292	LTR/ERV1	2239	-	78	6710215	24683
chr1	6685532	6885532	harbor1	chr1	6710603	6710889	LTR/ERV1	2239	-	143	6710746	25214
chr1	22610011	22810011	harbor1	chr1	22634005	22635725	LTR/ERV1	8926	-	860	22634865	24854
chr1	6685524	6885524	harbor1	chr1	6710137	6710292	LTR/ERV1	2239	-	78	6710215	24691
chr1	6685524	6885524	harbor1	chr1	6710603	6710889	LTR/ERV1	2239	-	143	6710746	25222
chr1	2420687	2620687	harbor1	chr1	2423400	2423980	LTR/ERV1	3253	-	290	2423690	3003
chr1	211033713	211233713	harbor1	chr1	211035968	211036465	LTR/ERV1	3294	-	248	211036216	2503
chr1	22450678	22650678	harbor1	chr1	22464945	22465945	LTR/ERV1	3476	-	500	22465445	14767
chr1	207902897	208102897	harbor1	chr1	207937780	207937827	LTR/ERV1	1555	-	24	207937804	34907
chr1	207902897	208102897	harbor1	chr1	207938137	207938469	LTR/ERV1	1555	-	166	207938303	35406
chr1	211033788	211233788	harbor1	chr1	211035968	211036465	LTR/ERV1	3294	-	248	211036216	2428
chr1	2308936	2508936	harbor1	chr1	2368191	2368634	LTR/ERV1	2359	-	222	2368413	59477
chr1	16625248	16825248	harbor1	chr1	16659139	16659674	LTR/ERV1	1540	-	268	16659407	34159
chr1	16625248	16825248	harbor1	chr1	16661013	16661173	LTR/ERV1	471	-	80	16661093	35845
chr1	16625248	16825248	harbor1	chr1	16661754	16662271	LTR/ERV1	2239	-	258	16662012	36764
chr1	16625248	16825248	harbor1	chr1	16668820	16669389	LTR/ERV1	2554	-	284	16669104	43856
chr1	16625248	16825248	harbor1	chr1	16670469	16671381	LTR/ERV1	1726	-	456	16670925	45677
chr1	167355252	167555252	harbor1	chr1	167356546	167357205	LTR/ERV1	3953	-	330	167356876	1624
chr1	9589463	9789463	harbor1	chr1	9617493	9617582	LTR/ERV1	588	-	44	9617537	28074
chr1	9589463	9789463	harbor1	chr1	9621070	9621293	LTR/ERV1	1602	-	112	9621182	31719
chr1	9589463	9789463	harbor1	chr1	9646268	9646622	LTR/ERV1	1153	-	177	9646445	56982
chr1	9589463	9789463	harbor1	chr1	9647788	9648118	LTR/ERV1	743	-	165	9647953	58490
chr1	9589463	9789463	harbor1	chr1	9648119	9648241	LTR/ERV1	565	-	61	9648180	58717
chr1	9589463	9789463	harbor1	chr1	9649918	9650141	LTR/ERV1	893	-	112	9650030	60567
chr1	9589463	9789463	harbor1	chr1	9650665	9650838	LTR/ERV1	1742	-	86	9650751	61288
chr1	9589463	9789463	harbor1	chr1	9651145	9651321	LTR/ERV1	1742	-	88	9651233	61770
chr1	9589463	9789463	harbor1	chr1	9669370	9669548	LTR/ERV1	1051	-	89	9669459	79996
chr1	9589463	9789463	harbor1	chr1	9666534	9666617	LTR/ERV1	480	-	42	9666576	77113
chr1	2420695	2620695	harbor1	chr1	2423400	2423980	LTR/ERV1	3253	-	290	2423690	2995
chr1	15786062	15986062	harbor1	chr1	15788875	15789089	LTR/ERV1	649	-	107	15788982	2920
chr1	244605824	244805824	harbor1	chr1	244681859	244682404	LTR/ERV1	3959	-	272	244682131	76307
chr1	244605824	244805824	harbor1	chr1	244682858	244683294	LTR/ERV1	2574	-	218	244683076	77252
chr1	205330828	205530828	harbor1	chr1	205372186	205372718	LTR/ERV1	3941	-	266	205372452	41624
chr1	52827225	53027225	harbor1	chr1	52830190	52830883	LTR/ERV1	8002	-	346	52830536	3311
chr1	52827225	53027225	harbor1	chr1	52831188	52831200	LTR/ERV1	8002	-	6	52831194	3969
chr1	52827225	53027225	harbor1	chr1	52831472	52832075	LTR/ERV1	8002	-	302	52831774	4549
chr1	52827225	53027225	harbor1	chr1	52832067	52832191	LTR/ERV1	1026	-	62	52832129	4904
chr1	52827225	53027225	harbor1	chr1	52832498	52832653	LTR/ERV1	1026	-	78	52832576	5351
chr1	52827225	53027225	harbor1	chr1	52832711	52832872	LTR/ERV1	893	-	80	52832791	5566
chr1	52827225	53027225	harbor1	chr1	52832888	52833246	LTR/ERV1	1895	-	179	52833067	5842
chr1	52827225	53027225	harbor1	chr1	52833237	52833320	LTR/ERV1	1455	-	42	52833279	6054
chr1	52827225	53027225	harbor1	chr1	52833631	52833956	LTR/ERV1	3510	-	162	52833793	6568
chr1	52827225	53027225	harbor1	chr1	52834265	52834593	LTR/ERV1	3510	-	164	52834429	7204
chr1	52827225	53027225	harbor1	chr1	52834591	52835240	LTR/ERV1	3999	-	324	52834915	7690
chr1	52827225	53027225	harbor1	chr1	52835241	52835440	LTR/ERV1	1352	-	100	52835341	8116
chr1	52827225	53027225	harbor1	chr1	52926144	52926457	LTR/ERV1	1055	-	156	52926300	99075
chr1	3431299	3631299	harbor1	chr1	3442544	3442893	LTR/ERV1	1086	-	174	3442718	11419
chr1	6685486	6885486	harbor1	chr1	6710137	6710292	LTR/ERV1	2239	-	78	6710215	24729
chr1	6685486	6885486	harbor1	chr1	6710603	6710889	LTR/ERV1	2239	-	143	6710746	25260
chr1	226785705	226985705	harbor1	chr1	226824964	226825309	LTR/ERV1	1924	-	172	226825136	39431
chr1	226785705	226985705	harbor1	chr1	226832895	226833105	LTR/ERV1	697	-	105	226833000	47295
chr1	226785705	226985705	harbor1	chr1	226838876	226839114	LTR/ERV1	1475	-	119	226838995	53290
chr1	226785705	226985705	harbor1	chr1	226849943	226850171	LTR/ERV1	1214	-	114	226850057	64352
chr1	202013163	202213163	harbor1	chr1	202048901	202049020	LTR/ERV1	676	-	60	202048961	35798
chr1	202013163	202213163	harbor1	chr1	202086459	202086873	LTR/ERV1	1455	-	207	202086666	73503
chr1	202013163	202213163	harbor1	chr1	202093420	202093513	LTR/ERV1	473	-	46	202093466	80303
chr1	161447394	161647394	harbor1	chr1	161483098	161487895	LTR/ERV1	20879	-	2398	161485496	38102
chr1	161447394	161647394	harbor1	chr1	161487896	161488577	LTR/ERV1	4225	-	340	161488236	40842
chr1	161447394	161647394	harbor1	chr1	161494169	161494476	LTR/ERV1	1009	-	154	161494323	46929
chr1	161447394	161647394	harbor1	chr1	161517303	161517768	LTR/ERV1	1895	-	232	161517535	70141
chr1	3431328	3631328	harbor1	chr1	3442544	3442893	LTR/ERV1	1086	-	174	3442718	11390
chr1	46294443	46494443	harbor1	chr1	46325548	46326039	LTR/ERV1	4082	-	246	46325794	31351
chr1	46294443	46494443	harbor1	chr1	46326040	46329561	LTR/ERV1	23562	-	1760	46327800	33357
chr1	46294443	46494443	harbor1	chr1	46329561	46329755	LTR/ERV1	1354	-	97	46329658	35215
chr1	46294443	46494443	harbor1	chr1	46330516	46330897	LTR/ERV1	2430	-	190	46330706	36263
chr1	46294443	46494443	harbor1	chr1	46330884	46330937	LTR/ERV1	5536	-	26	46330910	36467
chr1	46294443	46494443	harbor1	chr1	46331236	46332068	LTR/ERV1	5536	-	416	46331652	37209
chr1	46294443	46494443	harbor1	chr1	46332069	46332557	LTR/ERV1	4042	-	244	46332313	37870
chr1	46294443	46494443	harbor1	chr1	46339834	46340059	LTR/ERV1	1644	-	112	46339946	45503
chr1	46294443	46494443	harbor1	chr1	46367520	46367676	LTR/ERV1	1082	-	78	46367598	73155
chr1	46294443	46494443	harbor1	chr1	46383762	46384253	LTR/ERV1	3425	-	246	46384008	89565
chr1	46294443	46494443	harbor1	chr1	46384257	46384622	LTR/ERV1	3002	-	182	46384439	89996
chr1	46294443	46494443	harbor1	chr1	46384634	46385780	LTR/ERV1	8303	-	573	46385207	90764
chr1	46294443	46494443	harbor1	chr1	46385782	46386104	LTR/ERV1	2755	-	161	46385943	91500
chr1	46294443	46494443	harbor1	chr1	46386109	46386394	LTR/ERV1	2348	-	142	46386251	91808
chr1	46294443	46494443	harbor1	chr1	46386419	46389156	LTR/ERV1	24401	-	1368	46387787	93344
chr1	46294443	46494443	harbor1	chr1	46389459	46390791	LTR/ERV1	24401	-	666	46390125	95682
chr1	46294443	46494443	harbor1	chr1	46390822	46391326	LTR/ERV1	3616	-	252	46391074	96631
chr1	46294443	46494443	harbor1	chr1	46391343	46392209	LTR/ERV1	7597	-	433	46391776	97333
chr1	46294443	46494443	harbor1	chr1	46392513	46392788	LTR/ERV1	7597	-	138	46392651	98208
chr1	46294443	46494443	harbor1	chr1	46392896	46393166	LTR/ERV1	502	-	135	46393031	98588
chr1	46294443	46494443	harbor1	chr1	46393204	46393503	LTR/ERV1	1652	-	150	46393354	98911
chr1	46294443	46494443	harbor1	chr1	46393504	46393974	LTR/ERV1	2985	-	235	46393739	99296
chr1	185628149	185828149	harbor1	chr1	185636609	185637370	LTR/ERV1	4121	-	380	185636989	8840
chr1	185628149	185828149	harbor1	chr1	185644448	185644998	LTR/ERV1	2378	-	275	185644723	16574
chr1	185628149	185828149	harbor1	chr1	185645059	185645650	LTR/ERV1	1612	-	296	185645355	17206
chr1	185628149	185828149	harbor1	chr1	185647415	185647935	LTR/ERV1	2543	-	260	185647675	19526
chr1	185628149	185828149	harbor1	chr1	185647936	185649483	LTR/ERV1	8447	-	774	185648710	20561
chr1	185628149	185828149	harbor1	chr1	185649484	185649543	LTR/ERV1	2514	-	30	185649514	21365
chr1	185628149	185828149	harbor1	chr1	185649930	185650545	LTR/ERV1	3056	-	308	185650238	22089
chr1	185628149	185828149	harbor1	chr1	185704704	185705190	LTR/ERV1	1017	-	243	185704947	76798
chr1	2420725	2620725	harbor1	chr1	2423400	2423980	LTR/ERV1	3253	-	290	2423690	2965
chr1	2375387	2575387	harbor1	chr1	2423400	2423980	LTR/ERV1	3253	-	290	2423690	48303
chr1	929831	1129831	harbor1	chr1	1017170	1018876	LTR/ERV1	11165	-	853	1018023	88192
chr1	2420734	2620734	harbor1	chr1	2423400	2423980	LTR/ERV1	3253	-	290	2423690	2956
chr1	2375251	2575251	harbor1	chr1	2423400	2423980	LTR/ERV1	3253	-	290	2423690	48439
chr1	6351852	6551852	harbor1	chr1	6367283	6368326	LTR/ERV1	4909	-	522	6367805	15953
chr1	6351852	6551852	harbor1	chr1	6368489	6368927	LTR/ERV1	1731	-	219	6368708	16856
chr1	6351852	6551852	harbor1	chr1	6395075	6396293	LTR/ERV1	6964	-	609	6395684	43832
chr1	230940507	231140507	harbor1	chr1	230984511	230985152	LTR/ERV1	1709	-	320	230984831	44324
chr1	2420675	2620675	harbor1	chr1	2423400	2423980	LTR/ERV1	3253	-	290	2423690	3015
chr1	201549188	201749188	harbor1	chr1	201558096	201558451	LTR/ERV1	3890	-	178	201558274	9086
chr1	201549188	201749188	harbor1	chr1	201558749	201559039	LTR/ERV1	3890	-	145	201558894	9706
chr1	201549188	201749188	harbor1	chr1	201594087	201594164	LTR/ERV1	605	-	38	201594125	44937
chr1	2420471	2620471	harbor1	chr1	2423400	2423980	LTR/ERV1	3253	-	290	2423690	3219
chr1	15734386	15934386	harbor1	chr1	15788875	15789089	LTR/ERV1	649	-	107	15788982	54596
chr1	7925872	8125872	harbor1	chr1	7960455	7960624	LTR/ERV1	1248	-	84	7960539	34667
chr1	7925872	8125872	harbor1	chr1	7960740	7960847	LTR/ERV1	754	-	54	7960794	34922
chr1	7925872	8125872	harbor1	chr1	7995404	7995544	LTR/ERV1	1009	-	70	7995474	69602
chr1	25516631	25716631	harbor1	chr1	25578205	25578506	LTR/ERV1	2887	-	150	25578355	61724
chr1	25516631	25716631	harbor1	chr1	25578816	25578991	LTR/ERV1	2887	-	88	25578904	62273
chr1	25516631	25716631	harbor1	chr1	25584096	25584889	LTR/ERV1	1419	-	396	25584492	67861
chr1	65574334	65774334	harbor1	chr1	65621647	65622110	LTR/ERV1	2784	-	232	65621879	47545
chr1	65574334	65774334	harbor1	chr1	65643207	65643638	LTR/ERV1	2668	-	216	65643423	69089
chr1	65574334	65774334	harbor1	chr1	65643639	65644018	LTR/ERV1	2514	-	190	65643829	69495
chr1	65574334	65774334	harbor1	chr1	65644017	65647600	LTR/ERV1	17043	-	1792	65645809	71475
chr1	65574334	65774334	harbor1	chr1	65647603	65648034	LTR/ERV1	2637	-	216	65647819	73485
chr1	65574334	65774334	harbor1	chr1	65650606	65650843	LTR/ERV1	842	-	118	65650724	76390
chr1	230539098	230739098	harbor1	chr1	230543224	230543303	LTR/ERV1	3192	-	40	230543264	4166
chr1	230539098	230739098	harbor1	chr1	230543595	230544272	LTR/ERV1	3192	-	338	230543933	4835
chr1	230539098	230739098	harbor1	chr1	230552870	230553280	LTR/ERV1	2068	-	205	230553075	13977
chr1	230539098	230739098	harbor1	chr1	230553282	230555195	LTR/ERV1	5227	-	956	230554238	15140
chr1	230539098	230739098	harbor1	chr1	230555767	230556301	LTR/ERV1	1164	-	267	230556034	16936
chr1	230539098	230739098	harbor1	chr1	230556359	230556788	LTR/ERV1	2338	-	214	230556573	17475
chr1	230539098	230739098	harbor1	chr1	230566813	230567435	LTR/ERV1	4946	-	311	230567124	28026
chr1	230539098	230739098	harbor1	chr1	230572574	230572838	LTR/ERV1	1419	-	132	230572706	33608
chr1	230539098	230739098	harbor1	chr1	230572921	230573216	LTR/ERV1	1753	-	148	230573069	33971
chr1	230539098	230739098	harbor1	chr1	230600416	230601215	LTR/ERV1	5742	-	400	230600816	61718
chr1	230539098	230739098	harbor1	chr1	230609095	230609193	LTR/ERV1	587	-	49	230609144	70046
chr1	230539098	230739098	harbor1	chr1	230619905	230620730	LTR/ERV1	2957	-	412	230620317	81219
chr1	230539098	230739098	harbor1	chr1	230638232	230638646	LTR/ERV1	1384	-	207	230638439	99341
chr1	230539098	230739098	harbor1	chr1	230620789	230621231	LTR/ERV1	1913	-	221	230621010	81912
chr1	230539098	230739098	harbor1	chr1	230555496	230555758	LTR/ERV1	2294	-	131	230555627	16529
chr2	45902328	46102328	harbor1	chr2	45916752	45918239	LTR/ERV1	10707	-	744	45917496	15168
chr2	196936108	197136108	harbor1	chr2	196953887	196954526	LTR/ERV1	3892	-	320	196954207	18099
chr2	196936108	197136108	harbor1	chr2	196956116	196956263	LTR/ERV1	1114	-	74	196956190	20082
chr2	196936108	197136108	harbor1	chr2	196982128	196982531	LTR/ERV1	977	-	202	196982330	46222
chr2	231297344	231497344	harbor1	chr2	231339957	231340432	LTR/ERV1	1783	-	238	231340195	42851
chr2	576801	776801	harbor1	chr2	597610	598090	LTR/ERV1	3427	-	240	597850	21049
chr2	26950260	27150260	harbor1	chr2	27005718	27005900	LTR/ERV1	582	-	91	27005809	55549
chr2	26950260	27150260	harbor1	chr2	27006212	27006326	LTR/ERV1	582	-	57	27006269	56009
chr2	26950260	27150260	harbor1	chr2	27006327	27006423	LTR/ERV1	1323	-	48	27006375	56115
chr2	26950260	27150260	harbor1	chr2	27006734	27007144	LTR/ERV1	1323	-	205	27006939	56679
chr2	26950260	27150260	harbor1	chr2	27007145	27008111	LTR/ERV1	1665	-	483	27007628	57368
chr2	202592159	202792159	harbor1	chr2	202678109	202678563	LTR/ERV1	4238	-	227	202678336	86177
chr2	202592159	202792159	harbor1	chr2	202678856	202679039	LTR/ERV1	4238	-	92	202678948	86789
chr2	53462886	53662886	harbor1	chr2	53464781	53465087	LTR/ERV1	1521	-	153	53464934	2048
chr2	53462886	53662886	harbor1	chr2	53538739	53538922	LTR/ERV1	519	-	92	53538831	75945
chr2	218166674	218366674	harbor1	chr2	218174020	218174448	LTR/ERV1	3367	-	214	218174234	7560
chr2	218166674	218366674	harbor1	chr2	218174449	218174828	LTR/ERV1	2422	-	190	218174639	7965
chr2	218166674	218366674	harbor1	chr2	218174827	218175043	LTR/ERV1	1293	-	108	218174935	8261
chr2	218166674	218366674	harbor1	chr2	218175045	218175705	LTR/ERV1	4471	-	330	218175375	8701
chr2	218166674	218366674	harbor1	chr2	218175709	218176211	LTR/ERV1	3481	-	251	218175960	9286
chr2	218166674	218366674	harbor1	chr2	218176202	218176349	LTR/ERV1	917	-	74	218176276	9602
chr2	218166674	218366674	harbor1	chr2	218176344	218179455	LTR/ERV1	16715	-	1556	218177900	11226
chr2	218166674	218366674	harbor1	chr2	218179458	218179886	LTR/ERV1	3352	-	214	218179672	12998
chr2	218166674	218366674	harbor1	chr2	218180681	218181363	LTR/ERV1	5013	-	341	218181022	14348
chr2	218166674	218366674	harbor1	chr2	218183310	218184136	LTR/ERV1	4653	-	413	218183723	17049
chr2	26950206	27150206	harbor1	chr2	27005718	27005900	LTR/ERV1	582	-	91	27005809	55603
chr2	26950206	27150206	harbor1	chr2	27006212	27006326	LTR/ERV1	582	-	57	27006269	56063
chr2	26950206	27150206	harbor1	chr2	27006327	27006423	LTR/ERV1	1323	-	48	27006375	56169
chr2	26950206	27150206	harbor1	chr2	27006734	27007144	LTR/ERV1	1323	-	205	27006939	56733
chr2	26950206	27150206	harbor1	chr2	27007145	27008111	LTR/ERV1	1665	-	483	27007628	57422
chr2	72038963	72238963	harbor1	chr2	72104247	72104320	LTR/ERV1	537	-	36	72104283	65320
chr2	72038963	72238963	harbor1	chr2	72104632	72104978	LTR/ERV1	537	-	173	72104805	65842
chr2	26950242	27150242	harbor1	chr2	27005718	27005900	LTR/ERV1	582	-	91	27005809	55567
chr2	26950242	27150242	harbor1	chr2	27006212	27006326	LTR/ERV1	582	-	57	27006269	56027
chr2	26950242	27150242	harbor1	chr2	27006327	27006423	LTR/ERV1	1323	-	48	27006375	56133
chr2	26950242	27150242	harbor1	chr2	27006734	27007144	LTR/ERV1	1323	-	205	27006939	56697
chr2	26950242	27150242	harbor1	chr2	27007145	27008111	LTR/ERV1	1665	-	483	27007628	57386
chr2	3475856	3675856	harbor1	chr2	3531919	3532139	LTR/ERV1	564	-	110	3532029	56173
chr2	113484117	113684117	harbor1	chr2	113484026	113484462	LTR/ERV1	997	-	218	113484244	127
chr2	113484023	113684023	harbor1	chr2	113484026	113484462	LTR/ERV1	997	-	218	113484244	221
chr2	3604000	3804000	harbor1	chr2	3660489	3661012	LTR/ERV1	3421	-	262	3660751	56751
chr2	113484043	113684043	harbor1	chr2	113484026	113484462	LTR/ERV1	997	-	218	113484244	201
chr2	72783861	72983861	harbor1	chr2	72831190	72831336	LTR/ERV1	658	-	73	72831263	47402
chr2	72783861	72983861	harbor1	chr2	72831982	72832264	LTR/ERV1	1686	-	141	72832123	48262
chr2	72783861	72983861	harbor1	chr2	72851415	72851671	LTR/ERV1	522	-	128	72851543	67682
chr2	72783861	72983861	harbor1	chr2	72873284	72873406	LTR/ERV1	855	-	61	72873345	89484
chr2	158867991	159067991	harbor1	chr2	158891070	158891452	LTR/ERV1	1402	-	191	158891261	23270
chr2	158867991	159067991	harbor1	chr2	158921651	158922800	LTR/ERV1	4560	-	574	158922225	54234
chr2	6817111	7017111	harbor1	chr2	6838364	6846789	LTR/ERV1	32544	-	4212	6842576	25465
chr2	6817111	7017111	harbor1	chr2	6846794	6846887	LTR/ERV1	603	-	46	6846840	29729
chr2	6817111	7017111	harbor1	chr2	6846889	6847664	LTR/ERV1	5313	-	388	6847277	30166
chr2	6817111	7017111	harbor1	chr2	6880208	6880772	LTR/ERV1	3973	-	282	6880490	63379
chr2	2616616	2816616	harbor1	chr2	2624316	2624958	LTR/ERV1	4536	-	321	2624637	8021
chr2	2616616	2816616	harbor1	chr2	2673701	2675840	LTR/ERV1	2375	-	1070	2674771	58155
chr2	2616616	2816616	harbor1	chr2	2675863	2676457	LTR/ERV1	618	-	297	2676160	59544
chr2	2616616	2816616	harbor1	chr2	2694839	2695063	LTR/ERV1	1057	-	112	2694951	78335
chr2	34909049	35109049	harbor1	chr2	34932145	34933530	LTR/ERV1	7453	-	692	34932837	23788
chr2	34909049	35109049	harbor1	chr2	34935908	34936612	LTR/ERV1	2558	-	352	34936260	27211
chr2	34909049	35109049	harbor1	chr2	34940167	34940213	LTR/ERV1	1512	-	23	34940190	31141
chr2	34909049	35109049	harbor1	chr2	34940631	34940980	LTR/ERV1	1512	-	174	34940805	31756
chr2	34909049	35109049	harbor1	chr2	34949370	34949701	LTR/ERV1	1101	-	166	34949536	40487
chr2	34909049	35109049	harbor1	chr2	34997674	34998107	LTR/ERV1	3019	-	216	34997890	88841
chr2	34909049	35109049	harbor1	chr2	34930512	34932156	LTR/ERV1	7831	-	822	34931334	22285
chr2	241851126	242051126	harbor1	chr2	241906258	241906889	LTR/ERV1	4496	-	316	241906574	55448
chr2	241851126	242051126	harbor1	chr2	241907177	241907411	LTR/ERV1	590	-	117	241907294	56168
chr2	241851126	242051126	harbor1	chr2	241911381	241911844	LTR/ERV1	2735	-	232	241911613	60487
chr2	241851126	242051126	harbor1	chr2	241911848	241912454	LTR/ERV1	3480	-	303	241912151	61025
chr2	241851126	242051126	harbor1	chr2	241909391	241909906	LTR/ERV1	2900	-	258	241909649	58523
chr2	232385663	232585663	harbor1	chr2	232429915	232430072	LTR/ERV1	488	-	78	232429993	44330
chr2	46198450	46398450	harbor1	chr2	46246148	46246735	LTR/ERV1	4872	-	294	46246442	47992
chr2	237867377	238067377	harbor1	chr2	237927922	237928382	LTR/ERV1	2612	-	230	237928152	60775
chr2	237867377	238067377	harbor1	chr2	237928675	237928712	LTR/ERV1	2612	-	18	237928693	61316
chr2	237867377	238067377	harbor1	chr2	237938892	237939198	LTR/ERV1	1982	-	153	237939045	71668
chr2	237867377	238067377	harbor1	chr2	237939676	237940080	LTR/ERV1	3857	-	202	237939878	72501
chr2	237867377	238067377	harbor1	chr2	237940340	237940488	LTR/ERV1	3857	-	74	237940414	73037
chr2	237867377	238067377	harbor1	chr2	237941807	237942335	LTR/ERV1	2271	-	264	237942071	74694
chr2	237867377	238067377	harbor1	chr2	237943199	237943286	LTR/ERV1	518	-	44	237943243	75866
chr2	237867377	238067377	harbor1	chr2	237952417	237952507	LTR/ERV1	2602	-	45	237952462	85085
chr2	237867377	238067377	harbor1	chr2	237952866	237953232	LTR/ERV1	2602	-	183	237953049	85672
chr2	237867377	238067377	harbor1	chr2	237962564	237962964	LTR/ERV1	1204	-	200	237962764	95387
chr2	237867377	238067377	harbor1	chr2	237964102	237964701	LTR/ERV1	3939	-	300	237964402	97025
chr2	239765621	239965621	harbor1	chr2	239788705	239789055	LTR/ERV1	1102	-	175	239788880	23259
chr2	239765621	239965621	harbor1	chr2	239805362	239805730	LTR/ERV1	1707	-	184	239805546	39925
chr2	239765621	239965621	harbor1	chr2	239806022	239806107	LTR/ERV1	1707	-	42	239806064	40443
chr2	26950263	27150263	harbor1	chr2	27005718	27005900	LTR/ERV1	582	-	91	27005809	55546
chr2	26950263	27150263	harbor1	chr2	27006212	27006326	LTR/ERV1	582	-	57	27006269	56006
chr2	26950263	27150263	harbor1	chr2	27006327	27006423	LTR/ERV1	1323	-	48	27006375	56112
chr2	26950263	27150263	harbor1	chr2	27006734	27007144	LTR/ERV1	1323	-	205	27006939	56676
chr2	26950263	27150263	harbor1	chr2	27007145	27008111	LTR/ERV1	1665	-	483	27007628	57365
chr2	202592156	202792156	harbor1	chr2	202678109	202678563	LTR/ERV1	4238	-	227	202678336	86180
chr2	202592156	202792156	harbor1	chr2	202678856	202679039	LTR/ERV1	4238	-	92	202678948	86792
chr2	42069545	42269545	harbor1	chr2	42087821	42088186	LTR/ERV1	1802	-	182	42088003	18458
chr2	42069545	42269545	harbor1	chr2	42088537	42088571	LTR/ERV1	1449	-	17	42088554	19009
chr2	42069545	42269545	harbor1	chr2	42103707	42104399	LTR/ERV1	3881	-	346	42104053	34508
chr2	69381601	69581601	harbor1	chr2	69434695	69435339	LTR/ERV1	3226	-	322	69435017	53416
chr2	69381601	69581601	harbor1	chr2	69439252	69440147	LTR/ERV1	4969	-	448	69439700	58099
chr2	69381601	69581601	harbor1	chr2	69443011	69443407	LTR/ERV1	2604	-	198	69443209	61608
chr2	69381601	69581601	harbor1	chr2	69443408	69443784	LTR/ERV1	2519	-	188	69443596	61995
chr2	69381601	69581601	harbor1	chr2	69443785	69444004	LTR/ERV1	1458	-	110	69443895	62294
chr2	69381601	69581601	harbor1	chr2	69444010	69444908	LTR/ERV1	6219	-	449	69444459	62858
chr2	69381601	69581601	harbor1	chr2	69444901	69445235	LTR/ERV1	2038	-	167	69445068	63467
chr2	69381601	69581601	harbor1	chr2	69445230	69448941	LTR/ERV1	22868	-	1856	69447086	65485
chr2	69381601	69581601	harbor1	chr2	69448944	69449341	LTR/ERV1	2651	-	198	69449142	67541
chr2	69381601	69581601	harbor1	chr2	69449486	69449603	LTR/ERV1	3903	-	58	69449544	67943
chr2	69381601	69581601	harbor1	chr2	69449748	69450201	LTR/ERV1	3903	-	226	69449974	68373
chr2	113484094	113684094	harbor1	chr2	113484026	113484462	LTR/ERV1	997	-	218	113484244	150
chr2	63488511	63688511	harbor1	chr2	63568447	63569035	LTR/ERV1	4891	-	294	63568741	80230
chr2	26950257	27150257	harbor1	chr2	27005718	27005900	LTR/ERV1	582	-	91	27005809	55552
chr2	26950257	27150257	harbor1	chr2	27006212	27006326	LTR/ERV1	582	-	57	27006269	56012
chr2	26950257	27150257	harbor1	chr2	27006327	27006423	LTR/ERV1	1323	-	48	27006375	56118
chr2	26950257	27150257	harbor1	chr2	27006734	27007144	LTR/ERV1	1323	-	205	27006939	56682
chr2	26950257	27150257	harbor1	chr2	27007145	27008111	LTR/ERV1	1665	-	483	27007628	57371
chr2	37132026	37332026	harbor1	chr2	37189252	37189723	LTR/ERV1	2135	-	236	37189488	57462
chr2	37132026	37332026	harbor1	chr2	37190590	37191079	LTR/ERV1	2922	-	244	37190834	58808
chr2	37132026	37332026	harbor1	chr2	37191358	37191714	LTR/ERV1	1320	-	178	37191536	59510
chr2	56085054	56285054	harbor1	chr2	56124050	56124491	LTR/ERV1	3248	-	220	56124270	39216
chr2	56085054	56285054	harbor1	chr2	56182330	56182796	LTR/ERV1	2042	-	233	56182563	97509
chr2	56085054	56285054	harbor1	chr2	56115121	56115606	LTR/ERV1	2496	-	242	56115363	30309
chr2	26950296	27150296	harbor1	chr2	27005718	27005900	LTR/ERV1	582	-	91	27005809	55513
chr2	26950296	27150296	harbor1	chr2	27006212	27006326	LTR/ERV1	582	-	57	27006269	55973
chr2	26950296	27150296	harbor1	chr2	27006327	27006423	LTR/ERV1	1323	-	48	27006375	56079
chr2	26950296	27150296	harbor1	chr2	27006734	27007144	LTR/ERV1	1323	-	205	27006939	56643
chr2	26950296	27150296	harbor1	chr2	27007145	27008111	LTR/ERV1	1665	-	483	27007628	57332
chr2	232389018	232589018	harbor1	chr2	232429915	232430072	LTR/ERV1	488	-	78	232429993	40975
chr2	218165589	218365589	harbor1	chr2	218174020	218174448	LTR/ERV1	3367	-	214	218174234	8645
chr2	218165589	218365589	harbor1	chr2	218174449	218174828	LTR/ERV1	2422	-	190	218174639	9050
chr2	218165589	218365589	harbor1	chr2	218174827	218175043	LTR/ERV1	1293	-	108	218174935	9346
chr2	218165589	218365589	harbor1	chr2	218175045	218175705	LTR/ERV1	4471	-	330	218175375	9786
chr2	218165589	218365589	harbor1	chr2	218175709	218176211	LTR/ERV1	3481	-	251	218175960	10371
chr2	218165589	218365589	harbor1	chr2	218176202	218176349	LTR/ERV1	917	-	74	218176276	10687
chr2	218165589	218365589	harbor1	chr2	218176344	218179455	LTR/ERV1	16715	-	1556	218177900	12311
chr2	218165589	218365589	harbor1	chr2	218179458	218179886	LTR/ERV1	3352	-	214	218179672	14083
chr2	218165589	218365589	harbor1	chr2	218180681	218181363	LTR/ERV1	5013	-	341	218181022	15433
chr2	218165589	218365589	harbor1	chr2	218183310	218184136	LTR/ERV1	4653	-	413	218183723	18134
chr2	240592012	240792012	harbor1	chr2	240621635	240621891	LTR/ERV1	2166	-	128	240621763	29751
chr2	240592012	240792012	harbor1	chr2	240622180	240622403	LTR/ERV1	2166	-	112	240622292	30280
chr2	240592012	240792012	harbor1	chr2	240645962	240646288	LTR/ERV1	457	-	163	240646125	54113
chr2	240592012	240792012	harbor1	chr2	240648552	240649051	LTR/ERV1	1985	-	250	240648802	56790
chr2	240592012	240792012	harbor1	chr2	240670834	240671160	LTR/ERV1	802	-	163	240670997	78985
chr2	240592012	240792012	harbor1	chr2	240685607	240686514	LTR/ERV1	3778	-	454	240686061	94049
chr2	56085032	56285032	harbor1	chr2	56124050	56124491	LTR/ERV1	3248	-	220	56124270	39238
chr2	56085032	56285032	harbor1	chr2	56182330	56182796	LTR/ERV1	2042	-	233	56182563	97531
chr2	56085032	56285032	harbor1	chr2	56115121	56115606	LTR/ERV1	2496	-	242	56115363	30331
chr2	56085009	56285009	harbor1	chr2	56124050	56124491	LTR/ERV1	3248	-	220	56124270	39261
chr2	56085009	56285009	harbor1	chr2	56182330	56182796	LTR/ERV1	2042	-	233	56182563	97554
chr2	56085009	56285009	harbor1	chr2	56115121	56115606	LTR/ERV1	2496	-	242	56115363	30354
chr2	6765980	6965980	harbor1	chr2	6838364	6846789	LTR/ERV1	32544	-	4212	6842576	76596
chr2	6765980	6965980	harbor1	chr2	6846794	6846887	LTR/ERV1	603	-	46	6846840	80860
chr2	6765980	6965980	harbor1	chr2	6846889	6847664	LTR/ERV1	5313	-	388	6847277	81297
chr2	26950239	27150239	harbor1	chr2	27005718	27005900	LTR/ERV1	582	-	91	27005809	55570
chr2	26950239	27150239	harbor1	chr2	27006212	27006326	LTR/ERV1	582	-	57	27006269	56030
chr2	26950239	27150239	harbor1	chr2	27006327	27006423	LTR/ERV1	1323	-	48	27006375	56136
chr2	26950239	27150239	harbor1	chr2	27006734	27007144	LTR/ERV1	1323	-	205	27006939	56700
chr2	26950239	27150239	harbor1	chr2	27007145	27008111	LTR/ERV1	1665	-	483	27007628	57389
chr2	26144160	26344160	harbor1	chr2	26158268	26158598	LTR/ERV1	1594	-	165	26158433	14273
chr2	26144160	26344160	harbor1	chr2	26158593	26158713	LTR/ERV1	1301	-	60	26158653	14493
chr2	26144160	26344160	harbor1	chr2	26159029	26159142	LTR/ERV1	1301	-	56	26159085	14925
chr2	26154867	26354867	harbor1	chr2	26158268	26158598	LTR/ERV1	1594	-	165	26158433	3566
chr2	26154867	26354867	harbor1	chr2	26158593	26158713	LTR/ERV1	1301	-	60	26158653	3786
chr2	26154867	26354867	harbor1	chr2	26159029	26159142	LTR/ERV1	1301	-	56	26159085	4218
chr2	46198509	46398509	harbor1	chr2	46246148	46246735	LTR/ERV1	4872	-	294	46246442	47933
chr2	1483290	1683290	harbor1	chr2	1552133	1552593	LTR/ERV1	1976	-	230	1552363	69073
chr2	1483290	1683290	harbor1	chr2	1552597	1553258	LTR/ERV1	3133	-	330	1552927	69637
chr2	1483290	1683290	harbor1	chr2	1553252	1553836	LTR/ERV1	3046	-	292	1553544	70254
chr2	1483290	1683290	harbor1	chr2	1553837	1554315	LTR/ERV1	1966	-	239	1554076	70786
chr2	219130337	219330337	harbor1	chr2	219200448	219201991	LTR/ERV1	10838	-	772	219201220	70883
chr2	72787395	72987395	harbor1	chr2	72831190	72831336	LTR/ERV1	658	-	73	72831263	43868
chr2	72787395	72987395	harbor1	chr2	72831982	72832264	LTR/ERV1	1686	-	141	72832123	44728
chr2	72787395	72987395	harbor1	chr2	72851415	72851671	LTR/ERV1	522	-	128	72851543	64148
chr2	72787395	72987395	harbor1	chr2	72873284	72873406	LTR/ERV1	855	-	61	72873345	85950
chr2	61788838	61988838	harbor1	chr2	61803874	61804416	LTR/ERV1	4381	-	271	61804145	15307
chr2	111924427	112124427	harbor1	chr2	111932615	111933083	LTR/ERV1	3070	-	234	111932849	8422
chr2	111924427	112124427	harbor1	chr2	111999704	112000000	LTR/ERV1	1550	-	148	111999852	75425
chr2	111924427	112124427	harbor1	chr2	112000002	112000247	LTR/ERV1	1494	-	122	112000124	75697
chr2	111924427	112124427	harbor1	chr2	112016885	112017419	LTR/ERV1	3852	-	267	112017152	92725
chr2	26939064	27139064	harbor1	chr2	27005718	27005900	LTR/ERV1	582	-	91	27005809	66745
chr2	26939064	27139064	harbor1	chr2	27006212	27006326	LTR/ERV1	582	-	57	27006269	67205
chr2	26939064	27139064	harbor1	chr2	27006327	27006423	LTR/ERV1	1323	-	48	27006375	67311
chr2	26939064	27139064	harbor1	chr2	27006734	27007144	LTR/ERV1	1323	-	205	27006939	67875
chr2	26939064	27139064	harbor1	chr2	27007145	27008111	LTR/ERV1	1665	-	483	27007628	68564
chr2	43987388	44187388	harbor1	chr2	44018447	44018730	LTR/ERV1	1869	-	142	44018589	31201
chr2	43987388	44187388	harbor1	chr2	44018731	44019287	LTR/ERV1	3561	-	278	44019009	31621
chr2	43987388	44187388	harbor1	chr2	44019281	44019543	LTR/ERV1	1409	-	131	44019412	32024
chr2	43987388	44187388	harbor1	chr2	44019541	44021371	LTR/ERV1	6727	-	915	44020456	33068
chr2	43987388	44187388	harbor1	chr2	44021351	44023593	LTR/ERV1	13774	-	1121	44022472	35084
chr2	43987388	44187388	harbor1	chr2	44024186	44024411	LTR/ERV1	2588	-	112	44024298	36910
chr2	43987388	44187388	harbor1	chr2	44024431	44024529	LTR/ERV1	815	-	49	44024480	37092
chr2	43987388	44187388	harbor1	chr2	44029202	44029478	LTR/ERV1	1306	-	138	44029340	41952
chr2	43987388	44187388	harbor1	chr2	44023654	44023886	LTR/ERV1	2588	-	116	44023770	36382
chr2	26950213	27150213	harbor1	chr2	27005718	27005900	LTR/ERV1	582	-	91	27005809	55596
chr2	26950213	27150213	harbor1	chr2	27006212	27006326	LTR/ERV1	582	-	57	27006269	56056
chr2	26950213	27150213	harbor1	chr2	27006327	27006423	LTR/ERV1	1323	-	48	27006375	56162
chr2	26950213	27150213	harbor1	chr2	27006734	27007144	LTR/ERV1	1323	-	205	27006939	56726
chr2	26950213	27150213	harbor1	chr2	27007145	27008111	LTR/ERV1	1665	-	483	27007628	57415
chr2	26950376	27150376	harbor1	chr2	27005718	27005900	LTR/ERV1	582	-	91	27005809	55433
chr2	26950376	27150376	harbor1	chr2	27006212	27006326	LTR/ERV1	582	-	57	27006269	55893
chr2	26950376	27150376	harbor1	chr2	27006327	27006423	LTR/ERV1	1323	-	48	27006375	55999
chr2	26950376	27150376	harbor1	chr2	27006734	27007144	LTR/ERV1	1323	-	205	27006939	56563
chr2	26950376	27150376	harbor1	chr2	27007145	27008111	LTR/ERV1	1665	-	483	27007628	57252
chr2	111955758	112155758	harbor1	chr2	111999704	112000000	LTR/ERV1	1550	-	148	111999852	44094
chr2	111955758	112155758	harbor1	chr2	112000002	112000247	LTR/ERV1	1494	-	122	112000124	44366
chr2	111955758	112155758	harbor1	chr2	112039346	112039670	LTR/ERV1	2654	-	162	112039508	83750
chr2	111955758	112155758	harbor1	chr2	112039671	112039964	LTR/ERV1	2339	-	146	112039817	84059
chr2	111955758	112155758	harbor1	chr2	112039987	112040228	LTR/ERV1	5225	-	120	112040107	84349
chr2	111955758	112155758	harbor1	chr2	112040675	112042366	LTR/ERV1	10969	-	846	112041521	85763
chr2	111955758	112155758	harbor1	chr2	112042350	112043619	LTR/ERV1	9654	-	634	112042984	87226
chr2	111955758	112155758	harbor1	chr2	112043778	112044476	LTR/ERV1	5606	-	349	112044127	88369
chr2	111955758	112155758	harbor1	chr2	112044492	112044989	LTR/ERV1	3621	-	248	112044740	88982
chr2	111955758	112155758	harbor1	chr2	112052852	112052963	LTR/ERV1	905	-	56	112052908	97150
chr2	111955758	112155758	harbor1	chr2	112016885	112017419	LTR/ERV1	3852	-	267	112017152	61394
chr2	32257033	32457033	harbor1	chr2	32257728	32258536	LTR/ERV1	5251	-	404	32258132	1099
chr2	26950221	27150221	harbor1	chr2	27005718	27005900	LTR/ERV1	582	-	91	27005809	55588
chr2	26950221	27150221	harbor1	chr2	27006212	27006326	LTR/ERV1	582	-	57	27006269	56048
chr2	26950221	27150221	harbor1	chr2	27006327	27006423	LTR/ERV1	1323	-	48	27006375	56154
chr2	26950221	27150221	harbor1	chr2	27006734	27007144	LTR/ERV1	1323	-	205	27006939	56718
chr2	26950221	27150221	harbor1	chr2	27007145	27008111	LTR/ERV1	1665	-	483	27007628	57407
chr2	147920606	148120606	harbor1	chr2	147989030	147989385	LTR/ERV1	1277	-	178	147989208	68602
chr2	113484139	113684139	harbor1	chr2	113484026	113484462	LTR/ERV1	997	-	218	113484244	105
chr2	218179133	218379133	harbor1	chr2	218176344	218179455	LTR/ERV1	16715	-	1556	218177900	1233
chr2	218179133	218379133	harbor1	chr2	218179458	218179886	LTR/ERV1	3352	-	214	218179672	539
chr2	218179133	218379133	harbor1	chr2	218180681	218181363	LTR/ERV1	5013	-	341	218181022	1889
chr2	218179133	218379133	harbor1	chr2	218183310	218184136	LTR/ERV1	4653	-	413	218183723	4590
chr2	113484029	113684029	harbor1	chr2	113484026	113484462	LTR/ERV1	997	-	218	113484244	215
chr2	42000972	42200972	harbor1	chr2	42004083	42004576	LTR/ERV1	3291	-	246	42004329	3357
chr2	42000972	42200972	harbor1	chr2	42033334	42033404	LTR/ERV1	4345	-	35	42033369	32397
chr2	42000972	42200972	harbor1	chr2	42033707	42033764	LTR/ERV1	4345	-	28	42033735	32763
chr2	42000972	42200972	harbor1	chr2	42034065	42034585	LTR/ERV1	4345	-	260	42034325	33353
chr2	42000972	42200972	harbor1	chr2	42087821	42088186	LTR/ERV1	1802	-	182	42088003	87031
chr2	42000972	42200972	harbor1	chr2	42088537	42088571	LTR/ERV1	1449	-	17	42088554	87582
chr2	26246137	26446137	harbor1	chr2	26258219	26259004	LTR/ERV1	5235	-	392	26258611	12474
chr2	42069414	42269414	harbor1	chr2	42087821	42088186	LTR/ERV1	1802	-	182	42088003	18589
chr2	42069414	42269414	harbor1	chr2	42088537	42088571	LTR/ERV1	1449	-	17	42088554	19140
chr2	42069414	42269414	harbor1	chr2	42103707	42104399	LTR/ERV1	3881	-	346	42104053	34639
chr2	111023174	111223174	harbor1	chr2	111026703	111026895	LTR/ERV1	3440	-	96	111026799	3625
chr2	111023174	111223174	harbor1	chr2	111027194	111027322	LTR/ERV1	3440	-	64	111027258	4084
chr2	111023174	111223174	harbor1	chr2	111027620	111027882	LTR/ERV1	3440	-	131	111027751	4577
chr2	134566253	134766253	harbor1	chr2	134590494	134590787	LTR/ERV1	4191	-	146	134590640	24387
chr2	134566253	134766253	harbor1	chr2	134591330	134591597	LTR/ERV1	4191	-	134	134591464	25211
chr2	134566253	134766253	harbor1	chr2	134591901	134592721	LTR/ERV1	3690	-	410	134592311	26058
chr2	134566253	134766253	harbor1	chr2	134647681	134648304	LTR/ERV1	5304	-	312	134647993	81740
chr2	134566253	134766253	harbor1	chr2	134648349	134648550	LTR/ERV1	5304	-	100	134648449	82196
chr2	158868018	159068018	harbor1	chr2	158891070	158891452	LTR/ERV1	1402	-	191	158891261	23243
chr2	158868018	159068018	harbor1	chr2	158921651	158922800	LTR/ERV1	4560	-	574	158922225	54207
chr2	96174902	96374902	harbor1	chr2	96217144	96217468	LTR/ERV1	2307	-	162	96217306	42404
chr2	96174902	96374902	harbor1	chr2	96217469	96217759	LTR/ERV1	2276	-	145	96217614	42712
chr2	96174902	96374902	harbor1	chr2	96217772	96217939	LTR/ERV1	1301	-	84	96217856	42954
chr2	96174902	96374902	harbor1	chr2	96217931	96218996	LTR/ERV1	13514	-	532	96218463	43561
chr2	96174902	96374902	harbor1	chr2	96219310	96219881	LTR/ERV1	13514	-	286	96219596	44694
chr2	96174902	96374902	harbor1	chr2	96219882	96221025	LTR/ERV1	9709	-	572	96220454	45552
chr2	96174902	96374902	harbor1	chr2	96221022	96221943	LTR/ERV1	6614	-	460	96221482	46580
chr2	96174902	96374902	harbor1	chr2	96222098	96222818	LTR/ERV1	5872	-	360	96222458	47556
chr2	96174902	96374902	harbor1	chr2	96222819	96223328	LTR/ERV1	3565	-	254	96223073	48171
chr2	113484027	113684027	harbor1	chr2	113484026	113484462	LTR/ERV1	997	-	218	113484244	217
chr2	72971175	73171175	harbor1	chr2	73063292	73063861	LTR/ERV1	2198	-	284	73063576	92401
chr2	26950215	27150215	harbor1	chr2	27005718	27005900	LTR/ERV1	582	-	91	27005809	55594
chr2	26950215	27150215	harbor1	chr2	27006212	27006326	LTR/ERV1	582	-	57	27006269	56054
chr2	26950215	27150215	harbor1	chr2	27006327	27006423	LTR/ERV1	1323	-	48	27006375	56160
chr2	26950215	27150215	harbor1	chr2	27006734	27007144	LTR/ERV1	1323	-	205	27006939	56724
chr2	26950215	27150215	harbor1	chr2	27007145	27008111	LTR/ERV1	1665	-	483	27007628	57413
chr2	218223831	218423831	harbor1	chr2	218301061	218301132	LTR/ERV1	509	-	36	218301097	77266
chr2	218223831	218423831	harbor1	chr2	218302677	218302806	LTR/ERV1	880	-	64	218302741	78910
chr2	218223831	218423831	harbor1	chr2	218302843	218302920	LTR/ERV1	449	-	38	218302881	79050
chr2	218223831	218423831	harbor1	chr2	218303247	218303348	LTR/ERV1	583	-	50	218303297	79466
chr2	111955737	112155737	harbor1	chr2	111999704	112000000	LTR/ERV1	1550	-	148	111999852	44115
chr2	111955737	112155737	harbor1	chr2	112000002	112000247	LTR/ERV1	1494	-	122	112000124	44387
chr2	111955737	112155737	harbor1	chr2	112039346	112039670	LTR/ERV1	2654	-	162	112039508	83771
chr2	111955737	112155737	harbor1	chr2	112039671	112039964	LTR/ERV1	2339	-	146	112039817	84080
chr2	111955737	112155737	harbor1	chr2	112039987	112040228	LTR/ERV1	5225	-	120	112040107	84370
chr2	111955737	112155737	harbor1	chr2	112040675	112042366	LTR/ERV1	10969	-	846	112041521	85784
chr2	111955737	112155737	harbor1	chr2	112042350	112043619	LTR/ERV1	9654	-	634	112042984	87247
chr2	111955737	112155737	harbor1	chr2	112043778	112044476	LTR/ERV1	5606	-	349	112044127	88390
chr2	111955737	112155737	harbor1	chr2	112044492	112044989	LTR/ERV1	3621	-	248	112044740	89003
chr2	111955737	112155737	harbor1	chr2	112052852	112052963	LTR/ERV1	905	-	56	112052908	97171
chr2	111955737	112155737	harbor1	chr2	112016885	112017419	LTR/ERV1	3852	-	267	112017152	61415
chr2	72043426	72243426	harbor1	chr2	72104247	72104320	LTR/ERV1	537	-	36	72104283	60857
chr2	72043426	72243426	harbor1	chr2	72104632	72104978	LTR/ERV1	537	-	173	72104805	61379
chr3	107991301	108191301	harbor1	chr3	107999206	107999772	LTR/ERV1	3025	-	283	107999489	8188
chr3	107991301	108191301	harbor1	chr3	108000077	108000308	LTR/ERV1	1208	-	116	108000193	8892
chr3	107991301	108191301	harbor1	chr3	108022092	108022755	LTR/ERV1	3532	-	332	108022424	31123
chr3	107991372	108191372	harbor1	chr3	107999206	107999772	LTR/ERV1	3025	-	283	107999489	8117
chr3	107991372	108191372	harbor1	chr3	108000077	108000308	LTR/ERV1	1208	-	116	108000193	8821
chr3	107991372	108191372	harbor1	chr3	108022092	108022755	LTR/ERV1	3532	-	332	108022424	31052
chr3	50017175	50217175	harbor1	chr3	50035112	50035309	LTR/ERV1	1365	-	98	50035210	18035
chr3	107991276	108191276	harbor1	chr3	107999206	107999772	LTR/ERV1	3025	-	283	107999489	8213
chr3	107991276	108191276	harbor1	chr3	108000077	108000308	LTR/ERV1	1208	-	116	108000193	8917
chr3	107991276	108191276	harbor1	chr3	108022092	108022755	LTR/ERV1	3532	-	332	108022424	31148
chr3	53988061	54188061	harbor1	chr3	54025669	54026151	LTR/ERV1	3279	-	241	54025910	37849
chr3	178972064	179172064	harbor1	chr3	178986929	178987238	LTR/ERV1	1561	-	154	178987083	15019
chr3	178972064	179172064	harbor1	chr3	178987999	178988273	LTR/ERV1	452	-	137	178988136	16072
chr3	178972064	179172064	harbor1	chr3	178992120	178992802	LTR/ERV1	4708	-	341	178992461	20397
chr3	178972064	179172064	harbor1	chr3	178996591	178997095	LTR/ERV1	3293	-	252	178996843	24779
chr3	178972064	179172064	harbor1	chr3	179000861	179001635	LTR/ERV1	4780	-	387	179001248	29184
chr3	32470680	32670680	harbor1	chr3	32506020	32506701	LTR/ERV1	3172	-	340	32506360	35680
chr3	11190614	11390614	harbor1	chr3	11247258	11247707	LTR/ERV1	1799	-	224	11247482	56868
chr3	11190614	11390614	harbor1	chr3	11247708	11249114	LTR/ERV1	10481	-	703	11248411	57797
chr3	11190614	11390614	harbor1	chr3	11249425	11250034	LTR/ERV1	10481	-	304	11249729	59115
chr3	11190614	11390614	harbor1	chr3	11250359	11250783	LTR/ERV1	10481	-	212	11250571	59957
chr3	11190614	11390614	harbor1	chr3	11250833	11252644	LTR/ERV1	6554	-	906	11251739	61125
chr3	11190614	11390614	harbor1	chr3	11252629	11253413	LTR/ERV1	3963	-	392	11253021	62407
chr3	11190614	11390614	harbor1	chr3	11253410	11253930	LTR/ERV1	2564	-	260	11253670	63056
chr3	11190614	11390614	harbor1	chr3	11253966	11254723	LTR/ERV1	3365	-	378	11254344	63730
chr3	11190614	11390614	harbor1	chr3	11254725	11255176	LTR/ERV1	1826	-	226	11254951	64337
chr3	11190614	11390614	harbor1	chr3	11268059	11268168	LTR/ERV1	665	-	54	11268113	77499
chr3	11190614	11390614	harbor1	chr3	11268723	11269238	LTR/ERV1	3601	-	258	11268981	78367
chr3	11190614	11390614	harbor1	chr3	11270481	11270941	LTR/ERV1	3690	-	230	11270711	80097
chr3	11190614	11390614	harbor1	chr3	11255481	11255929	LTR/ERV1	3283	-	224	11255705	65091
chr3	107991344	108191344	harbor1	chr3	107999206	107999772	LTR/ERV1	3025	-	283	107999489	8145
chr3	107991344	108191344	harbor1	chr3	108000077	108000308	LTR/ERV1	1208	-	116	108000193	8849
chr3	107991344	108191344	harbor1	chr3	108022092	108022755	LTR/ERV1	3532	-	332	108022424	31080
chr3	107991369	108191369	harbor1	chr3	107999206	107999772	LTR/ERV1	3025	-	283	107999489	8120
chr3	107991369	108191369	harbor1	chr3	108000077	108000308	LTR/ERV1	1208	-	116	108000193	8824
chr3	107991369	108191369	harbor1	chr3	108022092	108022755	LTR/ERV1	3532	-	332	108022424	31055
chr3	127490205	127690205	harbor1	chr3	127510524	127511013	LTR/ERV1	1346	-	244	127510768	20563
chr3	49577958	49777958	harbor1	chr3	49587435	49587887	LTR/ERV1	2852	-	226	49587661	9703
chr3	49577958	49777958	harbor1	chr3	49588222	49588306	LTR/ERV1	2852	-	42	49588264	10306
chr3	140272103	140472103	harbor1	chr3	140351219	140351522	LTR/ERV1	729	-	152	140351371	79268
chr3	49583906	49783906	harbor1	chr3	49587435	49587887	LTR/ERV1	2852	-	226	49587661	3755
chr3	49583906	49783906	harbor1	chr3	49588222	49588306	LTR/ERV1	2852	-	42	49588264	4358
chr3	143020785	143220785	harbor1	chr3	143072320	143072752	LTR/ERV1	2547	-	216	143072536	51751
chr3	143020785	143220785	harbor1	chr3	143116997	143117412	LTR/ERV1	2812	-	208	143117205	96420
chr3	107991302	108191302	harbor1	chr3	107999206	107999772	LTR/ERV1	3025	-	283	107999489	8187
chr3	107991302	108191302	harbor1	chr3	108000077	108000308	LTR/ERV1	1208	-	116	108000193	8891
chr3	107991302	108191302	harbor1	chr3	108022092	108022755	LTR/ERV1	3532	-	332	108022424	31122
chr3	107991335	108191335	harbor1	chr3	107999206	107999772	LTR/ERV1	3025	-	283	107999489	8154
chr3	107991335	108191335	harbor1	chr3	108000077	108000308	LTR/ERV1	1208	-	116	108000193	8858
chr3	107991335	108191335	harbor1	chr3	108022092	108022755	LTR/ERV1	3532	-	332	108022424	31089
chr3	7485739	7685739	harbor1	chr3	7567325	7567465	LTR/ERV1	541	-	70	7567395	81656
chr3	7485739	7685739	harbor1	chr3	7567778	7567834	LTR/ERV1	541	-	28	7567806	82067
chr3	7485739	7685739	harbor1	chr3	7567887	7568215	LTR/ERV1	1197	-	164	7568051	82312
chr3	126256980	126456980	harbor1	chr3	126286061	126286217	LTR/ERV1	2849	-	78	126286139	29159
chr3	126256980	126456980	harbor1	chr3	126286538	126286910	LTR/ERV1	2849	-	186	126286724	29744
chr3	126256980	126456980	harbor1	chr3	126289770	126290197	LTR/ERV1	2732	-	214	126289984	33004
chr3	184086431	184286431	harbor1	chr3	184086602	184086732	LTR/ERV1	486	-	65	184086667	236
chr3	184086431	184286431	harbor1	chr3	184087522	184088283	LTR/ERV1	7127	-	380	184087902	1471
chr3	184086431	184286431	harbor1	chr3	184088595	184089115	LTR/ERV1	7127	-	260	184088855	2424
chr3	184086431	184286431	harbor1	chr3	184089416	184089575	LTR/ERV1	7127	-	80	184089496	3065
chr3	184086431	184286431	harbor1	chr3	184089629	184089871	LTR/ERV1	1012	-	121	184089750	3319
chr3	107991385	108191385	harbor1	chr3	107999206	107999772	LTR/ERV1	3025	-	283	107999489	8104
chr3	107991385	108191385	harbor1	chr3	108000077	108000308	LTR/ERV1	1208	-	116	108000193	8808
chr3	107991385	108191385	harbor1	chr3	108022092	108022755	LTR/ERV1	3532	-	332	108022424	31039
chr3	184086603	184286603	harbor1	chr3	184086602	184086732	LTR/ERV1	486	-	65	184086667	64
chr3	184086603	184286603	harbor1	chr3	184087522	184088283	LTR/ERV1	7127	-	380	184087902	1299
chr3	184086603	184286603	harbor1	chr3	184088595	184089115	LTR/ERV1	7127	-	260	184088855	2252
chr3	184086603	184286603	harbor1	chr3	184089416	184089575	LTR/ERV1	7127	-	80	184089496	2893
chr3	184086603	184286603	harbor1	chr3	184089629	184089871	LTR/ERV1	1012	-	121	184089750	3147
chr3	127572813	127772813	harbor1	chr3	127592292	127592367	LTR/ERV1	2931	-	38	127592330	19517
chr3	127572813	127772813	harbor1	chr3	127592685	127593007	LTR/ERV1	2931	-	161	127592846	20033
chr3	107991358	108191358	harbor1	chr3	107999206	107999772	LTR/ERV1	3025	-	283	107999489	8131
chr3	107991358	108191358	harbor1	chr3	108000077	108000308	LTR/ERV1	1208	-	116	108000193	8835
chr3	107991358	108191358	harbor1	chr3	108022092	108022755	LTR/ERV1	3532	-	332	108022424	31066
chr3	107991326	108191326	harbor1	chr3	107999206	107999772	LTR/ERV1	3025	-	283	107999489	8163
chr3	107991326	108191326	harbor1	chr3	108000077	108000308	LTR/ERV1	1208	-	116	108000193	8867
chr3	107991326	108191326	harbor1	chr3	108022092	108022755	LTR/ERV1	3532	-	332	108022424	31098
chr3	126257099	126457099	harbor1	chr3	126286061	126286217	LTR/ERV1	2849	-	78	126286139	29040
chr3	126257099	126457099	harbor1	chr3	126286538	126286910	LTR/ERV1	2849	-	186	126286724	29625
chr3	126257099	126457099	harbor1	chr3	126289770	126290197	LTR/ERV1	2732	-	214	126289984	32885
chr3	107991288	108191288	harbor1	chr3	107999206	107999772	LTR/ERV1	3025	-	283	107999489	8201
chr3	107991288	108191288	harbor1	chr3	108000077	108000308	LTR/ERV1	1208	-	116	108000193	8905
chr3	107991288	108191288	harbor1	chr3	108022092	108022755	LTR/ERV1	3532	-	332	108022424	31136
chr3	107991382	108191382	harbor1	chr3	107999206	107999772	LTR/ERV1	3025	-	283	107999489	8107
chr3	107991382	108191382	harbor1	chr3	108000077	108000308	LTR/ERV1	1208	-	116	108000193	8811
chr3	107991382	108191382	harbor1	chr3	108022092	108022755	LTR/ERV1	3532	-	332	108022424	31042
chr3	107991314	108191314	harbor1	chr3	107999206	107999772	LTR/ERV1	3025	-	283	107999489	8175
chr3	107991314	108191314	harbor1	chr3	108000077	108000308	LTR/ERV1	1208	-	116	108000193	8879
chr3	107991314	108191314	harbor1	chr3	108022092	108022755	LTR/ERV1	3532	-	332	108022424	31110
chr3	107991379	108191379	harbor1	chr3	107999206	107999772	LTR/ERV1	3025	-	283	107999489	8110
chr3	107991379	108191379	harbor1	chr3	108000077	108000308	LTR/ERV1	1208	-	116	108000193	8814
chr3	107991379	108191379	harbor1	chr3	108022092	108022755	LTR/ERV1	3532	-	332	108022424	31045
chr3	23710865	23910865	harbor1	chr3	23731531	23731803	LTR/ERV1	874	-	136	23731667	20802
chr3	49416491	49616491	harbor1	chr3	49441241	49441334	LTR/ERV1	612	-	46	49441287	24796
chr3	49416491	49616491	harbor1	chr3	49443587	49443686	LTR/ERV1	1286	-	50	49443637	27146
chr3	49416491	49616491	harbor1	chr3	49443814	49443887	LTR/ERV1	1286	-	36	49443850	27359
chr3	49416491	49616491	harbor1	chr3	49444174	49444303	LTR/ERV1	1286	-	64	49444238	27747
chr3	49416491	49616491	harbor1	chr3	49445651	49445725	LTR/ERV1	1057	-	37	49445688	29197
chr3	49416491	49616491	harbor1	chr3	49446031	49446240	LTR/ERV1	1223	-	104	49446135	29644
chr3	49416491	49616491	harbor1	chr3	49446553	49446708	LTR/ERV1	1223	-	78	49446631	30140
chr3	107991341	108191341	harbor1	chr3	107999206	107999772	LTR/ERV1	3025	-	283	107999489	8148
chr3	107991341	108191341	harbor1	chr3	108000077	108000308	LTR/ERV1	1208	-	116	108000193	8852
chr3	107991341	108191341	harbor1	chr3	108022092	108022755	LTR/ERV1	3532	-	332	108022424	31083
chr3	107991400	108191400	harbor1	chr3	107999206	107999772	LTR/ERV1	3025	-	283	107999489	8089
chr3	107991400	108191400	harbor1	chr3	108000077	108000308	LTR/ERV1	1208	-	116	108000193	8793
chr3	107991400	108191400	harbor1	chr3	108022092	108022755	LTR/ERV1	3532	-	332	108022424	31024
chr3	129021178	129221178	harbor1	chr3	129023081	129023191	LTR/ERV1	639	-	55	129023136	1958
chr3	129021178	129221178	harbor1	chr3	129023190	129023307	LTR/ERV1	601	-	58	129023248	2070
chr3	129021178	129221178	harbor1	chr3	129023632	129023655	LTR/ERV1	601	-	12	129023644	2466
chr3	129021178	129221178	harbor1	chr3	129053777	129053973	LTR/ERV1	4636	-	98	129053875	32697
chr3	129021178	129221178	harbor1	chr3	129054560	129055271	LTR/ERV1	4636	-	356	129054916	33738
chr3	129021178	129221178	harbor1	chr3	129067540	129068844	LTR/ERV1	8517	-	652	129068192	47014
chr3	129021178	129221178	harbor1	chr3	129070445	129070910	LTR/ERV1	3260	-	232	129070677	49499
chr3	129021178	129221178	harbor1	chr3	129079995	129080291	LTR/ERV1	2177	-	148	129080143	58965
chr3	129021178	129221178	harbor1	chr3	129080601	129080756	LTR/ERV1	2177	-	78	129080679	59501
chr3	107991325	108191325	harbor1	chr3	107999206	107999772	LTR/ERV1	3025	-	283	107999489	8164
chr3	107991325	108191325	harbor1	chr3	108000077	108000308	LTR/ERV1	1208	-	116	108000193	8868
chr3	107991325	108191325	harbor1	chr3	108022092	108022755	LTR/ERV1	3532	-	332	108022424	31099
chr3	123544722	123744722	harbor1	chr3	123586843	123587243	LTR/ERV1	2149	-	200	123587043	42321
chr3	123544722	123744722	harbor1	chr3	123587283	123587993	LTR/ERV1	2502	-	355	123587638	42916
chr3	123544722	123744722	harbor1	chr3	123588911	123588992	LTR/ERV1	589	-	40	123588951	44229
chr3	107991338	108191338	harbor1	chr3	107999206	107999772	LTR/ERV1	3025	-	283	107999489	8151
chr3	107991338	108191338	harbor1	chr3	108000077	108000308	LTR/ERV1	1208	-	116	108000193	8855
chr3	107991338	108191338	harbor1	chr3	108022092	108022755	LTR/ERV1	3532	-	332	108022424	31086
chr3	107990780	108190780	harbor1	chr3	107999206	107999772	LTR/ERV1	3025	-	283	107999489	8709
chr3	107990780	108190780	harbor1	chr3	108000077	108000308	LTR/ERV1	1208	-	116	108000193	9413
chr3	107990780	108190780	harbor1	chr3	108022092	108022755	LTR/ERV1	3532	-	332	108022424	31644
chr3	107991316	108191316	harbor1	chr3	107999206	107999772	LTR/ERV1	3025	-	283	107999489	8173
chr3	107991316	108191316	harbor1	chr3	108000077	108000308	LTR/ERV1	1208	-	116	108000193	8877
chr3	107991316	108191316	harbor1	chr3	108022092	108022755	LTR/ERV1	3532	-	332	108022424	31108
chr3	123544636	123744636	harbor1	chr3	123586843	123587243	LTR/ERV1	2149	-	200	123587043	42407
chr3	123544636	123744636	harbor1	chr3	123587283	123587993	LTR/ERV1	2502	-	355	123587638	43002
chr3	123544636	123744636	harbor1	chr3	123588911	123588992	LTR/ERV1	589	-	40	123588951	44315
chr3	156575295	156775295	harbor1	chr3	156658325	156659276	LTR/ERV1	1044	-	476	156658801	83506
chr3	107991343	108191343	harbor1	chr3	107999206	107999772	LTR/ERV1	3025	-	283	107999489	8146
chr3	107991343	108191343	harbor1	chr3	108000077	108000308	LTR/ERV1	1208	-	116	108000193	8850
chr3	107991343	108191343	harbor1	chr3	108022092	108022755	LTR/ERV1	3532	-	332	108022424	31081
chr3	107991392	108191392	harbor1	chr3	107999206	107999772	LTR/ERV1	3025	-	283	107999489	8097
chr3	107991392	108191392	harbor1	chr3	108000077	108000308	LTR/ERV1	1208	-	116	108000193	8801
chr3	107991392	108191392	harbor1	chr3	108022092	108022755	LTR/ERV1	3532	-	332	108022424	31032
chr3	193971532	194171532	harbor1	chr3	194027043	194027516	LTR/ERV1	2547	-	236	194027279	55747
chr3	49355052	49555052	harbor1	chr3	49441241	49441334	LTR/ERV1	612	-	46	49441287	86235
chr3	49355052	49555052	harbor1	chr3	49443587	49443686	LTR/ERV1	1286	-	50	49443637	88585
chr3	49355052	49555052	harbor1	chr3	49443814	49443887	LTR/ERV1	1286	-	36	49443850	88798
chr3	49355052	49555052	harbor1	chr3	49444174	49444303	LTR/ERV1	1286	-	64	49444238	89186
chr3	49355052	49555052	harbor1	chr3	49445651	49445725	LTR/ERV1	1057	-	37	49445688	90636
chr3	49355052	49555052	harbor1	chr3	49446031	49446240	LTR/ERV1	1223	-	104	49446135	91083
chr3	49355052	49555052	harbor1	chr3	49446553	49446708	LTR/ERV1	1223	-	78	49446631	91579
chr3	107991320	108191320	harbor1	chr3	107999206	107999772	LTR/ERV1	3025	-	283	107999489	8169
chr3	107991320	108191320	harbor1	chr3	108000077	108000308	LTR/ERV1	1208	-	116	108000193	8873
chr3	107991320	108191320	harbor1	chr3	108022092	108022755	LTR/ERV1	3532	-	332	108022424	31104
chr3	107991374	108191374	harbor1	chr3	107999206	107999772	LTR/ERV1	3025	-	283	107999489	8115
chr3	107991374	108191374	harbor1	chr3	108000077	108000308	LTR/ERV1	1208	-	116	108000193	8819
chr3	107991374	108191374	harbor1	chr3	108022092	108022755	LTR/ERV1	3532	-	332	108022424	31050
chr3	127490203	127690203	harbor1	chr3	127510524	127511013	LTR/ERV1	1346	-	244	127510768	20565
chr3	11468975	11668975	harbor1	chr3	11492493	11493592	LTR/ERV1	4218	-	550	11493043	24068
chr3	11468975	11668975	harbor1	chr3	11494038	11494519	LTR/ERV1	3318	-	240	11494278	25303
chr3	11468975	11668975	harbor1	chr3	11510875	11512160	LTR/ERV1	8818	-	642	11511517	42542
chr3	11468975	11668975	harbor1	chr3	11512513	11513808	LTR/ERV1	9039	-	648	11513161	44186
chr3	196083882	196283882	harbor1	chr3	196145655	196146360	LTR/ERV1	2173	-	352	196146007	62125
chr3	196083882	196283882	harbor1	chr3	196147315	196147458	LTR/ERV1	561	-	72	196147387	63505
chr3	196083882	196283882	harbor1	chr3	196149948	196150453	LTR/ERV1	1500	-	252	196150200	66318
chr3	196083882	196283882	harbor1	chr3	196162881	196163020	LTR/ERV1	809	-	70	196162951	79069
chr3	196083882	196283882	harbor1	chr3	196163305	196163381	LTR/ERV1	809	-	38	196163343	79461
chr3	196083882	196283882	harbor1	chr3	196166463	196166507	LTR/ERV1	2047	-	22	196166485	82603
chr3	196083882	196283882	harbor1	chr3	196166811	196167356	LTR/ERV1	2076	-	272	196167083	83201
chr3	49431759	49631759	harbor1	chr3	49441241	49441334	LTR/ERV1	612	-	46	49441287	9528
chr3	49431759	49631759	harbor1	chr3	49443587	49443686	LTR/ERV1	1286	-	50	49443637	11878
chr3	49431759	49631759	harbor1	chr3	49443814	49443887	LTR/ERV1	1286	-	36	49443850	12091
chr3	49431759	49631759	harbor1	chr3	49444174	49444303	LTR/ERV1	1286	-	64	49444238	12479
chr3	49431759	49631759	harbor1	chr3	49445651	49445725	LTR/ERV1	1057	-	37	49445688	13929
chr3	49431759	49631759	harbor1	chr3	49446031	49446240	LTR/ERV1	1223	-	104	49446135	14376
chr3	49431759	49631759	harbor1	chr3	49446553	49446708	LTR/ERV1	1223	-	78	49446631	14872
chr3	107991401	108191401	harbor1	chr3	107999206	107999772	LTR/ERV1	3025	-	283	107999489	8088
chr3	107991401	108191401	harbor1	chr3	108000077	108000308	LTR/ERV1	1208	-	116	108000193	8792
chr3	107991401	108191401	harbor1	chr3	108022092	108022755	LTR/ERV1	3532	-	332	108022424	31023
chr3	107991291	108191291	harbor1	chr3	107999206	107999772	LTR/ERV1	3025	-	283	107999489	8198
chr3	107991291	108191291	harbor1	chr3	108000077	108000308	LTR/ERV1	1208	-	116	108000193	8902
chr3	107991291	108191291	harbor1	chr3	108022092	108022755	LTR/ERV1	3532	-	332	108022424	31133
chr3	12867501	13067501	harbor1	chr3	12878674	12879153	LTR/ERV1	3297	-	240	12878914	11413
chr3	134227277	134427277	harbor1	chr3	134304357	134304839	LTR/ERV1	2777	-	241	134304598	77321
chr3	107991415	108191415	harbor1	chr3	107999206	107999772	LTR/ERV1	3025	-	283	107999489	8074
chr3	107991415	108191415	harbor1	chr3	108000077	108000308	LTR/ERV1	1208	-	116	108000193	8778
chr3	107991415	108191415	harbor1	chr3	108022092	108022755	LTR/ERV1	3532	-	332	108022424	31009
chr3	23710941	23910941	harbor1	chr3	23731531	23731803	LTR/ERV1	874	-	136	23731667	20726
chr3	49585408	49785408	harbor1	chr3	49587435	49587887	LTR/ERV1	2852	-	226	49587661	2253
chr3	49585408	49785408	harbor1	chr3	49588222	49588306	LTR/ERV1	2852	-	42	49588264	2856
chr3	107991331	108191331	harbor1	chr3	107999206	107999772	LTR/ERV1	3025	-	283	107999489	8158
chr3	107991331	108191331	harbor1	chr3	108000077	108000308	LTR/ERV1	1208	-	116	108000193	8862
chr3	107991331	108191331	harbor1	chr3	108022092	108022755	LTR/ERV1	3532	-	332	108022424	31093
chr3	123544621	123744621	harbor1	chr3	123586843	123587243	LTR/ERV1	2149	-	200	123587043	42422
chr3	123544621	123744621	harbor1	chr3	123587283	123587993	LTR/ERV1	2502	-	355	123587638	43017
chr3	123544621	123744621	harbor1	chr3	123588911	123588992	LTR/ERV1	589	-	40	123588951	44330
chr3	107991277	108191277	harbor1	chr3	107999206	107999772	LTR/ERV1	3025	-	283	107999489	8212
chr3	107991277	108191277	harbor1	chr3	108000077	108000308	LTR/ERV1	1208	-	116	108000193	8916
chr3	107991277	108191277	harbor1	chr3	108022092	108022755	LTR/ERV1	3532	-	332	108022424	31147
chr3	107991456	108191456	harbor1	chr3	107999206	107999772	LTR/ERV1	3025	-	283	107999489	8033
chr3	107991456	108191456	harbor1	chr3	108000077	108000308	LTR/ERV1	1208	-	116	108000193	8737
chr3	107991456	108191456	harbor1	chr3	108022092	108022755	LTR/ERV1	3532	-	332	108022424	30968
chr3	138334644	138534644	harbor1	chr3	138336366	138336974	LTR/ERV1	3588	-	304	138336670	2026
chr3	138334644	138534644	harbor1	chr3	138409885	138410421	LTR/ERV1	3999	-	268	138410153	75509
chr3	138334644	138534644	harbor1	chr3	138415984	138416127	LTR/ERV1	1948	-	72	138416056	81412
chr3	138334644	138534644	harbor1	chr3	138416411	138416660	LTR/ERV1	1948	-	124	138416535	81891
chr3	138334644	138534644	harbor1	chr3	138419504	138419679	LTR/ERV1	2504	-	88	138419592	84948
chr3	138334644	138534644	harbor1	chr3	138420400	138420527	LTR/ERV1	2504	-	64	138420464	85820
chr3	138334644	138534644	harbor1	chr3	138420528	138421087	LTR/ERV1	5993	-	280	138420808	86164
chr3	138334644	138534644	harbor1	chr3	138421374	138421707	LTR/ERV1	5993	-	166	138421540	86896
chr3	138334644	138534644	harbor1	chr3	138421708	138421824	LTR/ERV1	2504	-	58	138421766	87122
chr3	138334644	138534644	harbor1	chr3	138422287	138422940	LTR/ERV1	3081	-	326	138422613	87969
chr3	138334644	138534644	harbor1	chr3	138425206	138425753	LTR/ERV1	4175	-	274	138425480	90836
chr3	129021082	129221082	harbor1	chr3	129023081	129023191	LTR/ERV1	639	-	55	129023136	2054
chr3	129021082	129221082	harbor1	chr3	129023190	129023307	LTR/ERV1	601	-	58	129023248	2166
chr3	129021082	129221082	harbor1	chr3	129023632	129023655	LTR/ERV1	601	-	12	129023644	2562
chr3	129021082	129221082	harbor1	chr3	129053777	129053973	LTR/ERV1	4636	-	98	129053875	32793
chr3	129021082	129221082	harbor1	chr3	129054560	129055271	LTR/ERV1	4636	-	356	129054916	33834
chr3	129021082	129221082	harbor1	chr3	129067540	129068844	LTR/ERV1	8517	-	652	129068192	47110
chr3	129021082	129221082	harbor1	chr3	129070445	129070910	LTR/ERV1	3260	-	232	129070677	49595
chr3	129021082	129221082	harbor1	chr3	129079995	129080291	LTR/ERV1	2177	-	148	129080143	59061
chr3	129021082	129221082	harbor1	chr3	129080601	129080756	LTR/ERV1	2177	-	78	129080679	59597
chr3	107991375	108191375	harbor1	chr3	107999206	107999772	LTR/ERV1	3025	-	283	107999489	8114
chr3	107991375	108191375	harbor1	chr3	108000077	108000308	LTR/ERV1	1208	-	116	108000193	8818
chr3	107991375	108191375	harbor1	chr3	108022092	108022755	LTR/ERV1	3532	-	332	108022424	31049
chr3	23710436	23910436	harbor1	chr3	23731531	23731803	LTR/ERV1	874	-	136	23731667	21231
chr3	107991447	108191447	harbor1	chr3	107999206	107999772	LTR/ERV1	3025	-	283	107999489	8042
chr3	107991447	108191447	harbor1	chr3	108000077	108000308	LTR/ERV1	1208	-	116	108000193	8746
chr3	107991447	108191447	harbor1	chr3	108022092	108022755	LTR/ERV1	3532	-	332	108022424	30977
chr3	52123183	52323183	harbor1	chr3	52161424	52161549	LTR/ERV1	6663	-	62	52161486	38303
chr3	52123183	52323183	harbor1	chr3	52161856	52162861	LTR/ERV1	6663	-	502	52162358	39175
chr3	184085733	184285733	harbor1	chr3	184086602	184086732	LTR/ERV1	486	-	65	184086667	934
chr3	184085733	184285733	harbor1	chr3	184087522	184088283	LTR/ERV1	7127	-	380	184087902	2169
chr3	184085733	184285733	harbor1	chr3	184088595	184089115	LTR/ERV1	7127	-	260	184088855	3122
chr3	184085733	184285733	harbor1	chr3	184089416	184089575	LTR/ERV1	7127	-	80	184089496	3763
chr3	184085733	184285733	harbor1	chr3	184089629	184089871	LTR/ERV1	1012	-	121	184089750	4017
chr3	107991309	108191309	harbor1	chr3	107999206	107999772	LTR/ERV1	3025	-	283	107999489	8180
chr3	107991309	108191309	harbor1	chr3	108000077	108000308	LTR/ERV1	1208	-	116	108000193	8884
chr3	107991309	108191309	harbor1	chr3	108022092	108022755	LTR/ERV1	3532	-	332	108022424	31115
chr3	129875059	130075059	harbor1	chr3	129925668	129925974	LTR/ERV1	410	-	153	129925821	50762
chr3	129875059	130075059	harbor1	chr3	129926053	129926459	LTR/ERV1	824	-	203	129926256	51197
chr3	129875059	130075059	harbor1	chr3	129926752	129926851	LTR/ERV1	824	-	50	129926802	51743
chr3	129875059	130075059	harbor1	chr3	129936676	129937322	LTR/ERV1	3153	-	323	129936999	61940
chr3	129875059	130075059	harbor1	chr3	129946111	129946675	LTR/ERV1	2968	-	282	129946393	71334
chr3	129875059	130075059	harbor1	chr3	129908279	129908832	LTR/ERV1	2991	-	276	129908555	33496
chr3	129021083	129221083	harbor1	chr3	129023081	129023191	LTR/ERV1	639	-	55	129023136	2053
chr3	129021083	129221083	harbor1	chr3	129023190	129023307	LTR/ERV1	601	-	58	129023248	2165
chr3	129021083	129221083	harbor1	chr3	129023632	129023655	LTR/ERV1	601	-	12	129023644	2561
chr3	129021083	129221083	harbor1	chr3	129053777	129053973	LTR/ERV1	4636	-	98	129053875	32792
chr3	129021083	129221083	harbor1	chr3	129054560	129055271	LTR/ERV1	4636	-	356	129054916	33833
chr3	129021083	129221083	harbor1	chr3	129067540	129068844	LTR/ERV1	8517	-	652	129068192	47109
chr3	129021083	129221083	harbor1	chr3	129070445	129070910	LTR/ERV1	3260	-	232	129070677	49594
chr3	129021083	129221083	harbor1	chr3	129079995	129080291	LTR/ERV1	2177	-	148	129080143	59060
chr3	129021083	129221083	harbor1	chr3	129080601	129080756	LTR/ERV1	2177	-	78	129080679	59596
chr3	127489843	127689843	harbor1	chr3	127510524	127511013	LTR/ERV1	1346	-	244	127510768	20925
chr3	195796157	195996157	harbor1	chr3	195848333	195848428	LTR/ERV1	4079	-	48	195848381	52224
chr3	195796157	195996157	harbor1	chr3	195848746	195849203	LTR/ERV1	4079	-	228	195848974	52817
chr3	127560407	127760407	harbor1	chr3	127592292	127592367	LTR/ERV1	2931	-	38	127592330	31923
chr3	127560407	127760407	harbor1	chr3	127592685	127593007	LTR/ERV1	2931	-	161	127592846	32439
chr3	178972096	179172096	harbor1	chr3	178986929	178987238	LTR/ERV1	1561	-	154	178987083	14987
chr3	178972096	179172096	harbor1	chr3	178987999	178988273	LTR/ERV1	452	-	137	178988136	16040
chr3	178972096	179172096	harbor1	chr3	178992120	178992802	LTR/ERV1	4708	-	341	178992461	20365
chr3	178972096	179172096	harbor1	chr3	178996591	178997095	LTR/ERV1	3293	-	252	178996843	24747
chr3	178972096	179172096	harbor1	chr3	179000861	179001635	LTR/ERV1	4780	-	387	179001248	29152
chr4	38767776	38967776	harbor1	chr4	38825518	38825877	LTR/ERV1	879	-	180	38825698	57922
chr4	102218940	102418940	harbor1	chr4	102228699	102229102	LTR/ERV1	2392	-	202	102228901	9961
chr4	102218940	102418940	harbor1	chr4	102249380	102250851	LTR/ERV1	10752	-	736	102250116	31176
chr4	102218940	102418940	harbor1	chr4	102251475	102251990	LTR/ERV1	2083	-	258	102251733	32793
chr4	102218940	102418940	harbor1	chr4	102258280	102258561	LTR/ERV1	752	-	140	102258420	39480
chr4	102218940	102418940	harbor1	chr4	102258573	102258774	LTR/ERV1	668	-	100	102258673	39733
chr4	551186	751186	harbor1	chr4	559639	559741	LTR/ERV1	762	-	51	559690	8504
chr4	3569607	3769607	harbor1	chr4	3620216	3620860	LTR/ERV1	3922	-	322	3620538	50931
chr4	3569607	3769607	harbor1	chr4	3655688	3655979	LTR/ERV1	936	-	146	3655834	86227
chr4	3569607	3769607	harbor1	chr4	3659046	3659216	LTR/ERV1	716	-	85	3659131	89524
chr4	38573151	38773151	harbor1	chr4	38606616	38607426	LTR/ERV1	5115	-	405	38607021	33870
chr4	158571219	158771219	harbor1	chr4	158642733	158643371	LTR/ERV1	4076	-	319	158643052	71833
chr4	158571219	158771219	harbor1	chr4	158666598	158667127	LTR/ERV1	1207	-	264	158666862	95643
chr4	176095649	176295649	harbor1	chr4	176189809	176190268	LTR/ERV1	3510	-	230	176190039	94390
chr4	55288238	55488238	harbor1	chr4	55336659	55337053	LTR/ERV1	2243	-	197	55336856	48618
chr4	55288238	55488238	harbor1	chr4	55375041	55375371	LTR/ERV1	1451	-	165	55375206	86968
chr4	120822742	121022742	harbor1	chr4	120838707	120840144	LTR/ERV1	6724	-	718	120839425	16683
chr4	120822742	121022742	harbor1	chr4	120918875	120919047	LTR/ERV1	729	-	86	120918961	96219
chr4	189957450	190157450	harbor1	chr4	189985004	189986585	LTR/ERV1	9587	-	790	189985794	28344
chr4	189957450	190157450	harbor1	chr4	189992482	189992806	LTR/ERV1	564	-	162	189992644	35194
chr4	189957450	190157450	harbor1	chr4	190016260	190016658	LTR/ERV1	3078	-	199	190016459	59009
chr4	189957450	190157450	harbor1	chr4	190045737	190046394	LTR/ERV1	3011	-	328	190046065	88615
chr4	189957450	190157450	harbor1	chr4	190047006	190048154	LTR/ERV1	1851	-	574	190047580	90130
chr4	189957450	190157450	harbor1	chr4	190048155	190048627	LTR/ERV1	2998	-	236	190048391	90941
chr4	189957450	190157450	harbor1	chr4	189987237	189989814	LTR/ERV1	9587	-	1288	189988525	31075
chr4	8023966	8223966	harbor1	chr4	8094303	8094765	LTR/ERV1	3915	-	231	8094534	70568
chr4	120821303	121021303	harbor1	chr4	120838707	120840144	LTR/ERV1	6724	-	718	120839425	18122
chr4	120821303	121021303	harbor1	chr4	120918875	120919047	LTR/ERV1	729	-	86	120918961	97658
chr4	120822671	121022671	harbor1	chr4	120838707	120840144	LTR/ERV1	6724	-	718	120839425	16754
chr4	120822671	121022671	harbor1	chr4	120918875	120919047	LTR/ERV1	729	-	86	120918961	96290
chr4	11269110	11469110	harbor1	chr4	11334433	11335015	LTR/ERV1	1782	-	291	11334724	65614
chr4	98160943	98360943	harbor1	chr4	98174131	98174755	LTR/ERV1	4587	-	312	98174443	13500
chr4	98160943	98360943	harbor1	chr4	98193578	98194200	LTR/ERV1	3102	-	311	98193889	32946
chr4	187835400	188035400	harbor1	chr4	187856004	187856453	LTR/ERV1	2387	-	224	187856228	20828
chr4	187835400	188035400	harbor1	chr4	187901899	187902489	LTR/ERV1	4664	-	295	187902194	66794
chr4	3569499	3769499	harbor1	chr4	3620216	3620860	LTR/ERV1	3922	-	322	3620538	51039
chr4	3569499	3769499	harbor1	chr4	3655688	3655979	LTR/ERV1	936	-	146	3655834	86335
chr4	3569499	3769499	harbor1	chr4	3659046	3659216	LTR/ERV1	716	-	85	3659131	89632
chr4	69927953	70127953	harbor1	chr4	69983444	69984027	LTR/ERV1	3203	-	292	69983736	55783
chr4	69927953	70127953	harbor1	chr4	69984552	69984851	LTR/ERV1	1734	-	150	69984702	56749
chr4	69927953	70127953	harbor1	chr4	69985827	69986571	LTR/ERV1	4181	-	372	69986199	58246
chr4	69927953	70127953	harbor1	chr4	70008730	70009130	LTR/ERV1	1375	-	200	70008930	80977
chr4	120822652	121022652	harbor1	chr4	120838707	120840144	LTR/ERV1	6724	-	718	120839425	16773
chr4	120822652	121022652	harbor1	chr4	120918875	120919047	LTR/ERV1	729	-	86	120918961	96309
chr4	2656061	2856061	harbor1	chr4	2669770	2669891	LTR/ERV1	544	-	60	2669830	13769
chr4	2656061	2856061	harbor1	chr4	2723588	2723761	LTR/ERV1	814	-	86	2723674	67613
chr4	2656061	2856061	harbor1	chr4	2723967	2724555	LTR/ERV1	1367	-	294	2724261	68200
chr4	6810085	7010085	harbor1	chr4	6887234	6887547	LTR/ERV1	2691	-	156	6887390	77305
chr4	6810085	7010085	harbor1	chr4	6887823	6887957	LTR/ERV1	2691	-	67	6887890	77805
chr4	86404939	86604939	harbor1	chr4	86427948	86428140	LTR/ERV1	1129	-	96	86428044	23105
chr4	86404939	86604939	harbor1	chr4	86428459	86428547	LTR/ERV1	1129	-	44	86428503	23564
chr4	86404939	86604939	harbor1	chr4	86431581	86432265	LTR/ERV1	4186	-	342	86431923	26984
chr4	86404939	86604939	harbor1	chr4	86432580	86432601	LTR/ERV1	4186	-	10	86432590	27651
chr4	86404939	86604939	harbor1	chr4	86461142	86461432	LTR/ERV1	1337	-	145	86461287	56348
chr4	86404939	86604939	harbor1	chr4	86480698	86481390	LTR/ERV1	3788	-	346	86481044	76105
chr4	550827	750827	harbor1	chr4	559639	559741	LTR/ERV1	762	-	51	559690	8863
chr4	98145495	98345495	harbor1	chr4	98174131	98174755	LTR/ERV1	4587	-	312	98174443	28948
chr4	98145495	98345495	harbor1	chr4	98193578	98194200	LTR/ERV1	3102	-	311	98193889	48394
chr4	67487456	67687456	harbor1	chr4	67552082	67552636	LTR/ERV1	4187	-	277	67552359	64903
chr4	189957491	190157491	harbor1	chr4	189985004	189986585	LTR/ERV1	9587	-	790	189985794	28303
chr4	189957491	190157491	harbor1	chr4	189992482	189992806	LTR/ERV1	564	-	162	189992644	35153
chr4	189957491	190157491	harbor1	chr4	190016260	190016658	LTR/ERV1	3078	-	199	190016459	58968
chr4	189957491	190157491	harbor1	chr4	190045737	190046394	LTR/ERV1	3011	-	328	190046065	88574
chr4	189957491	190157491	harbor1	chr4	190047006	190048154	LTR/ERV1	1851	-	574	190047580	90089
chr4	189957491	190157491	harbor1	chr4	190048155	190048627	LTR/ERV1	2998	-	236	190048391	90900
chr4	189957491	190157491	harbor1	chr4	189987237	189989814	LTR/ERV1	9587	-	1288	189988525	31034
chr4	55295888	55495888	harbor1	chr4	55336659	55337053	LTR/ERV1	2243	-	197	55336856	40968
chr4	55295888	55495888	harbor1	chr4	55375041	55375371	LTR/ERV1	1451	-	165	55375206	79318
chr4	189956178	190156178	harbor1	chr4	189985004	189986585	LTR/ERV1	9587	-	790	189985794	29616
chr4	189956178	190156178	harbor1	chr4	189992482	189992806	LTR/ERV1	564	-	162	189992644	36466
chr4	189956178	190156178	harbor1	chr4	190016260	190016658	LTR/ERV1	3078	-	199	190016459	60281
chr4	189956178	190156178	harbor1	chr4	190045737	190046394	LTR/ERV1	3011	-	328	190046065	89887
chr4	189956178	190156178	harbor1	chr4	190047006	190048154	LTR/ERV1	1851	-	574	190047580	91402
chr4	189956178	190156178	harbor1	chr4	190048155	190048627	LTR/ERV1	2998	-	236	190048391	92213
chr4	189956178	190156178	harbor1	chr4	189987237	189989814	LTR/ERV1	9587	-	1288	189988525	32347
chr5	10337580	10537580	harbor1	chr5	10339773	10340213	LTR/ERV1	1663	-	220	10339993	2413
chr5	10337580	10537580	harbor1	chr5	10423997	10424551	LTR/ERV1	2673	-	277	10424274	86694
chr5	150964868	151164868	harbor1	chr5	150985404	150985898	LTR/ERV1	2563	-	247	150985651	20783
chr5	150964868	151164868	harbor1	chr5	150986467	150986892	LTR/ERV1	2552	-	212	150986679	21811
chr5	150964868	151164868	harbor1	chr5	150986893	150990479	LTR/ERV1	24858	-	1793	150988686	23818
chr5	150964868	151164868	harbor1	chr5	150991474	150991831	LTR/ERV1	24858	-	178	150991652	26784
chr5	150964868	151164868	harbor1	chr5	150991830	150992196	LTR/ERV1	2358	-	183	150992013	27145
chr5	150964868	151164868	harbor1	chr5	150992196	150992655	LTR/ERV1	2582	-	230	150992426	27558
chr5	150964868	151164868	harbor1	chr5	150992754	150993310	LTR/ERV1	3475	-	278	150993032	28164
chr5	150964868	151164868	harbor1	chr5	150993362	150993656	LTR/ERV1	1622	-	147	150993509	28641
chr5	150964868	151164868	harbor1	chr5	150993687	150994175	LTR/ERV1	2325	-	244	150993931	29063
chr5	150964868	151164868	harbor1	chr5	150996546	150996557	LTR/ERV1	15045	-	6	150996552	31684
chr5	150964868	151164868	harbor1	chr5	150996877	150997963	LTR/ERV1	15045	-	543	150997420	32552
chr5	150964868	151164868	harbor1	chr5	150997964	150998319	LTR/ERV1	3181	-	178	150998142	33274
chr5	150964868	151164868	harbor1	chr5	150998631	150998799	LTR/ERV1	3181	-	84	150998715	33847
chr5	150964868	151164868	harbor1	chr5	150994178	150996231	LTR/ERV1	15045	-	1026	150995204	30336
chr5	10337987	10537987	harbor1	chr5	10339773	10340213	LTR/ERV1	1663	-	220	10339993	2006
chr5	10337987	10537987	harbor1	chr5	10423997	10424551	LTR/ERV1	2673	-	277	10424274	86287
chr5	10341875	10541875	harbor1	chr5	10423997	10424551	LTR/ERV1	2673	-	277	10424274	82399
chr5	6723084	6923084	harbor1	chr5	6791991	6792456	LTR/ERV1	2157	-	232	6792223	69139
chr5	6723084	6923084	harbor1	chr5	6818530	6819025	LTR/ERV1	1254	-	248	6818778	95694
chr5	134406378	134606378	harbor1	chr5	134428982	134429626	LTR/ERV1	3233	-	322	134429304	22926
chr5	134406378	134606378	harbor1	chr5	134440253	134440528	LTR/ERV1	649	-	138	134440391	34013
chr5	157644323	157844323	harbor1	chr5	157659581	157660139	LTR/ERV1	3090	-	279	157659860	15537
chr5	157644323	157844323	harbor1	chr5	157660449	157660572	LTR/ERV1	3090	-	62	157660511	16188
chr5	157644323	157844323	harbor1	chr5	157719166	157719657	LTR/ERV1	2979	-	246	157719412	75089
chr5	157644323	157844323	harbor1	chr5	157719974	157719995	LTR/ERV1	2979	-	10	157719984	75661
chr5	157644323	157844323	harbor1	chr5	157719997	157720402	LTR/ERV1	4398	-	202	157720199	75876
chr5	157644323	157844323	harbor1	chr5	157720700	157720945	LTR/ERV1	4398	-	122	157720822	76499
chr5	157644323	157844323	harbor1	chr5	157727177	157727750	LTR/ERV1	12132	-	286	157727463	83140
chr5	157644323	157844323	harbor1	chr5	157729444	157729573	LTR/ERV1	972	-	64	157729508	85185
chr5	157644323	157844323	harbor1	chr5	157728052	157729452	LTR/ERV1	12132	-	700	157728752	84429
chr5	6533035	6733035	harbor1	chr5	6545651	6546146	LTR/ERV1	2752	-	248	6545899	12864
chr5	6533035	6733035	harbor1	chr5	6581064	6581344	LTR/ERV1	1719	-	140	6581204	48169
chr5	6533035	6733035	harbor1	chr5	6581510	6581694	LTR/ERV1	1719	-	92	6581602	48567
chr5	52688052	52888052	harbor1	chr5	52769944	52770341	LTR/ERV1	880	-	198	52770142	82090
chr5	135919218	136119218	harbor1	chr5	135926250	135926872	LTR/ERV1	2701	-	311	135926561	7343
chr5	168407631	168607631	harbor1	chr5	168479197	168479755	LTR/ERV1	1470	-	279	168479476	71845
chr5	168407631	168607631	harbor1	chr5	168482339	168482785	LTR/ERV1	2834	-	223	168482562	74931
chr5	168407631	168607631	harbor1	chr5	168483290	168483950	LTR/ERV1	3213	-	330	168483620	75989
chr5	10341914	10541914	harbor1	chr5	10423997	10424551	LTR/ERV1	2673	-	277	10424274	82360
chr5	154657232	154857232	harbor1	chr5	154693352	154693572	LTR/ERV1	631	-	110	154693462	36230
chr5	154657232	154857232	harbor1	chr5	154696732	154697343	LTR/ERV1	2342	-	306	154697038	39806
chr5	10341987	10541987	harbor1	chr5	10423997	10424551	LTR/ERV1	2673	-	277	10424274	82287
chr5	82647609	82847609	harbor1	chr5	82727426	82728043	LTR/ERV1	3144	-	308	82727734	80125
chr5	82647609	82847609	harbor1	chr5	82733363	82733609	LTR/ERV1	934	-	123	82733486	85877
chr5	82647609	82847609	harbor1	chr5	82733627	82733834	LTR/ERV1	1100	-	104	82733731	86122
chr5	82647609	82847609	harbor1	chr5	82737271	82737748	LTR/ERV1	2153	-	238	82737509	89900
chr5	78410105	78610105	harbor1	chr5	78435129	78435206	LTR/ERV1	435	-	38	78435167	25062
chr5	52688976	52888976	harbor1	chr5	52769944	52770341	LTR/ERV1	880	-	198	52770142	81166
chr5	336002	536002	harbor1	chr5	363168	363866	LTR/ERV1	837	-	349	363517	27515
chr5	79136023	79336023	harbor1	chr5	79201258	79201817	LTR/ERV1	2334	-	280	79201538	65515
chr5	79136023	79336023	harbor1	chr5	79202121	79202188	LTR/ERV1	2334	-	34	79202155	66132
chr5	79136023	79336023	harbor1	chr5	79202192	79202335	LTR/ERV1	719	-	72	79202264	66241
chr5	79136023	79336023	harbor1	chr5	79224086	79224846	LTR/ERV1	3787	-	380	79224466	88443
chr5	10151040	10351040	harbor1	chr5	10187243	10187402	LTR/ERV1	1612	-	80	10187323	36283
chr5	10151040	10351040	harbor1	chr5	10187939	10188381	LTR/ERV1	1612	-	221	10188160	37120
chr5	10151040	10351040	harbor1	chr5	10173515	10174513	LTR/ERV1	1820	-	499	10174014	22974
chr5	10205523	10405523	harbor1	chr5	10268327	10268467	LTR/ERV1	3847	-	70	10268397	62874
chr5	10205523	10405523	harbor1	chr5	10268776	10269328	LTR/ERV1	3847	-	276	10269052	63529
chr5	10205523	10405523	harbor1	chr5	10272820	10273077	LTR/ERV1	1414	-	128	10272948	67425
chr5	10205523	10405523	harbor1	chr5	10273523	10273782	LTR/ERV1	1738	-	130	10273653	68130
chr5	10205523	10405523	harbor1	chr5	10275566	10276211	LTR/ERV1	3129	-	322	10275888	70365
chr5	10184091	10384091	harbor1	chr5	10187243	10187402	LTR/ERV1	1612	-	80	10187323	3232
chr5	10184091	10384091	harbor1	chr5	10187939	10188381	LTR/ERV1	1612	-	221	10188160	4069
chr5	10184091	10384091	harbor1	chr5	10268327	10268467	LTR/ERV1	3847	-	70	10268397	84306
chr5	10184091	10384091	harbor1	chr5	10268776	10269328	LTR/ERV1	3847	-	276	10269052	84961
chr5	10184091	10384091	harbor1	chr5	10272820	10273077	LTR/ERV1	1414	-	128	10272948	88857
chr5	10184091	10384091	harbor1	chr5	10273523	10273782	LTR/ERV1	1738	-	130	10273653	89562
chr5	10184091	10384091	harbor1	chr5	10275566	10276211	LTR/ERV1	3129	-	322	10275888	91797
chr5	10661221	10861221	harbor1	chr5	10698749	10699174	LTR/ERV1	2481	-	212	10698961	37740
chr5	73021050	73221050	harbor1	chr5	73098886	73099039	LTR/ERV1	743	-	76	73098962	77912
chr5	73021050	73221050	harbor1	chr5	73099336	73099397	LTR/ERV1	743	-	30	73099366	78316
chr5	73021050	73221050	harbor1	chr5	73100290	73100456	LTR/ERV1	893	-	83	73100373	79323
chr5	73021050	73221050	harbor1	chr5	73105111	73105190	LTR/ERV1	477	-	40	73105151	84101
chr5	73021050	73221050	harbor1	chr5	73105512	73105931	LTR/ERV1	1116	-	210	73105722	84672
chr5	52700111	52900111	harbor1	chr5	52769944	52770341	LTR/ERV1	880	-	198	52770142	70031
chr5	52700111	52900111	harbor1	chr5	52798438	52799007	LTR/ERV1	3097	-	284	52798722	98611
chr5	6533087	6733087	harbor1	chr5	6545651	6546146	LTR/ERV1	2752	-	248	6545899	12812
chr5	6533087	6733087	harbor1	chr5	6581064	6581344	LTR/ERV1	1719	-	140	6581204	48117
chr5	6533087	6733087	harbor1	chr5	6581510	6581694	LTR/ERV1	1719	-	92	6581602	48515
chr5	10333600	10533600	harbor1	chr5	10339773	10340213	LTR/ERV1	1663	-	220	10339993	6393
chr5	10333600	10533600	harbor1	chr5	10423997	10424551	LTR/ERV1	2673	-	277	10424274	90674
chr5	10341898	10541898	harbor1	chr5	10423997	10424551	LTR/ERV1	2673	-	277	10424274	82376
chr5	10661144	10861144	harbor1	chr5	10698749	10699174	LTR/ERV1	2481	-	212	10698961	37817
chr5	10341940	10541940	harbor1	chr5	10423997	10424551	LTR/ERV1	2673	-	277	10424274	82334
chr5	37740447	37940447	harbor1	chr5	37758288	37758662	LTR/ERV1	2394	-	187	37758475	18028
chr5	37740447	37940447	harbor1	chr5	37758664	37759157	LTR/ERV1	18656	-	246	37758910	18463
chr5	37740447	37940447	harbor1	chr5	37759739	37762886	LTR/ERV1	18656	-	1574	37761313	20866
chr5	37740447	37940447	harbor1	chr5	37763179	37764152	LTR/ERV1	16805	-	486	37763665	23218
chr5	37740447	37940447	harbor1	chr5	37764356	37764462	LTR/ERV1	7066	-	53	37764409	23962
chr5	37740447	37940447	harbor1	chr5	37765838	37766234	LTR/ERV1	2806	-	198	37766036	25589
chr5	37740447	37940447	harbor1	chr5	37778063	37778518	LTR/ERV1	3633	-	228	37778291	37844
chr5	37740447	37940447	harbor1	chr5	37784043	37784323	LTR/ERV1	45873	-	140	37784183	43736
chr5	37740447	37940447	harbor1	chr5	37784473	37785699	LTR/ERV1	8378	-	613	37785086	44639
chr5	37740447	37940447	harbor1	chr5	37785700	37786157	LTR/ERV1	3693	-	228	37785928	45481
chr5	37740447	37940447	harbor1	chr5	37764767	37765837	LTR/ERV1	7066	-	535	37765302	24855
chr5	37740447	37940447	harbor1	chr5	37778519	37784013	LTR/ERV1	45873	-	2747	37781266	40819
chr5	134922089	135122089	harbor1	chr5	134990119	134990562	LTR/ERV1	3105	-	222	134990341	68252
chr5	10186534	10386534	harbor1	chr5	10187243	10187402	LTR/ERV1	1612	-	80	10187323	789
chr5	10186534	10386534	harbor1	chr5	10187939	10188381	LTR/ERV1	1612	-	221	10188160	1626
chr5	10186534	10386534	harbor1	chr5	10268327	10268467	LTR/ERV1	3847	-	70	10268397	81863
chr5	10186534	10386534	harbor1	chr5	10268776	10269328	LTR/ERV1	3847	-	276	10269052	82518
chr5	10186534	10386534	harbor1	chr5	10272820	10273077	LTR/ERV1	1414	-	128	10272948	86414
chr5	10186534	10386534	harbor1	chr5	10273523	10273782	LTR/ERV1	1738	-	130	10273653	87119
chr5	10186534	10386534	harbor1	chr5	10275566	10276211	LTR/ERV1	3129	-	322	10275888	89354
chr5	10653254	10853254	harbor1	chr5	10698749	10699174	LTR/ERV1	2481	-	212	10698961	45707
chr5	128994660	129194660	harbor1	chr5	129003248	129003513	LTR/ERV1	1484	-	132	129003380	8720
chr5	128994660	129194660	harbor1	chr5	129003999	129004154	LTR/ERV1	916	-	78	129004077	9417
chr5	128994660	129194660	harbor1	chr5	129014184	129014455	LTR/ERV1	794	-	136	129014320	19660
chr5	72733843	72933843	harbor1	chr5	72791953	72792405	LTR/ERV1	3295	-	226	72792179	58336
chr5	178132777	178332777	harbor1	chr5	178161713	178161792	LTR/ERV1	437	-	40	178161753	28976
chr5	178132777	178332777	harbor1	chr5	178169687	178170106	LTR/ERV1	2023	-	210	178169897	37120
chr5	178132777	178332777	harbor1	chr5	178170417	178170528	LTR/ERV1	2023	-	56	178170473	37696
chr5	178132777	178332777	harbor1	chr5	178171080	178171589	LTR/ERV1	3698	-	254	178171334	38557
chr5	178132777	178332777	harbor1	chr5	178171898	178172164	LTR/ERV1	3698	-	133	178172031	39254
chr5	178132777	178332777	harbor1	chr5	178172648	178172840	LTR/ERV1	4328	-	96	178172744	39967
chr5	178132777	178332777	harbor1	chr5	178173143	178173252	LTR/ERV1	4328	-	54	178173197	40420
chr5	178132777	178332777	harbor1	chr5	178173860	178174047	LTR/ERV1	4328	-	94	178173954	41177
chr5	178132777	178332777	harbor1	chr5	178174352	178174840	LTR/ERV1	4328	-	244	178174596	41819
chr5	178132777	178332777	harbor1	chr5	178175447	178175524	LTR/ERV1	2575	-	38	178175485	42708
chr5	178132777	178332777	harbor1	chr5	178175826	178175867	LTR/ERV1	2575	-	20	178175846	43069
chr5	178132777	178332777	harbor1	chr5	178176328	178176417	LTR/ERV1	1053	-	44	178176372	43595
chr5	178132777	178332777	harbor1	chr5	178176694	178176961	LTR/ERV1	1053	-	134	178176828	44051
chr5	178132777	178332777	harbor1	chr5	178177802	178177995	LTR/ERV1	453	-	96	178177898	45121
chr5	178132777	178332777	harbor1	chr5	178178053	178178601	LTR/ERV1	2060	-	274	178178327	45550
chr5	178132777	178332777	harbor1	chr5	178189461	178189737	LTR/ERV1	3773	-	138	178189599	56822
chr5	178132777	178332777	harbor1	chr5	178190629	178191007	LTR/ERV1	3773	-	189	178190818	58041
chr5	178132777	178332777	harbor1	chr5	178191309	178191341	LTR/ERV1	3773	-	16	178191325	58548
chr5	9114312	9314312	harbor1	chr5	9126483	9127231	LTR/ERV1	925	-	374	9126857	12545
chr5	79136006	79336006	harbor1	chr5	79201258	79201817	LTR/ERV1	2334	-	280	79201538	65532
chr5	79136006	79336006	harbor1	chr5	79202121	79202188	LTR/ERV1	2334	-	34	79202155	66149
chr5	79136006	79336006	harbor1	chr5	79202192	79202335	LTR/ERV1	719	-	72	79202264	66258
chr5	79136006	79336006	harbor1	chr5	79224086	79224846	LTR/ERV1	3787	-	380	79224466	88460
chr5	10661132	10861132	harbor1	chr5	10698749	10699174	LTR/ERV1	2481	-	212	10698961	37829
chr5	89882308	90082308	harbor1	chr5	89917678	89918143	LTR/ERV1	3478	-	232	89917910	35602
chr5	89882308	90082308	harbor1	chr5	89918144	89919657	LTR/ERV1	10237	-	756	89918900	36592
chr5	10661219	10861219	harbor1	chr5	10698749	10699174	LTR/ERV1	2481	-	212	10698961	37742
chr5	10339138	10539138	harbor1	chr5	10339773	10340213	LTR/ERV1	1663	-	220	10339993	855
chr5	10339138	10539138	harbor1	chr5	10423997	10424551	LTR/ERV1	2673	-	277	10424274	85136
chr5	596533	796533	harbor1	chr5	613219	613377	LTR/ERV1	2027	-	79	613298	16765
chr5	596533	796533	harbor1	chr5	613668	614047	LTR/ERV1	2027	-	190	613858	17325
chr5	596533	796533	harbor1	chr5	618457	618896	LTR/ERV1	2109	-	220	618677	22144
chr5	41825178	42025178	harbor1	chr5	41880573	41881163	LTR/ERV1	2909	-	295	41880868	55690
chr5	41825178	42025178	harbor1	chr5	41881164	41881535	LTR/ERV1	2297	-	186	41881350	56172
chr5	41825178	42025178	harbor1	chr5	41881638	41882746	LTR/ERV1	6585	-	554	41882192	57014
chr5	41825178	42025178	harbor1	chr5	41882812	41883502	LTR/ERV1	4001	-	345	41883157	57979
chr5	41825178	42025178	harbor1	chr5	41884012	41884127	LTR/ERV1	713	-	58	41884070	58892
chr5	41825178	42025178	harbor1	chr5	41884120	41888465	LTR/ERV1	18561	-	2172	41886292	61114
chr5	41825178	42025178	harbor1	chr5	41888509	41888689	LTR/ERV1	975	-	90	41888599	63421
chr5	41825178	42025178	harbor1	chr5	41889603	41890332	LTR/ERV1	3919	-	364	41889967	64789
chr5	10338301	10538301	harbor1	chr5	10339773	10340213	LTR/ERV1	1663	-	220	10339993	1692
chr5	10338301	10538301	harbor1	chr5	10423997	10424551	LTR/ERV1	2673	-	277	10424274	85973
chr5	10339062	10539062	harbor1	chr5	10339773	10340213	LTR/ERV1	1663	-	220	10339993	931
chr5	10339062	10539062	harbor1	chr5	10423997	10424551	LTR/ERV1	2673	-	277	10424274	85212
chr5	10338313	10538313	harbor1	chr5	10339773	10340213	LTR/ERV1	1663	-	220	10339993	1680
chr5	10338313	10538313	harbor1	chr5	10423997	10424551	LTR/ERV1	2673	-	277	10424274	85961
chr5	9114417	9314417	harbor1	chr5	9126483	9127231	LTR/ERV1	925	-	374	9126857	12440
chr5	171287852	171487852	harbor1	chr5	171382788	171382852	LTR/ERV1	458	-	32	171382820	94968
chr5	52700146	52900146	harbor1	chr5	52769944	52770341	LTR/ERV1	880	-	198	52770142	69996
chr5	52700146	52900146	harbor1	chr5	52798438	52799007	LTR/ERV1	3097	-	284	52798722	98576
chr5	168386457	168586457	harbor1	chr5	168479197	168479755	LTR/ERV1	1470	-	279	168479476	93019
chr5	168386457	168586457	harbor1	chr5	168482339	168482785	LTR/ERV1	2834	-	223	168482562	96105
chr5	168386457	168586457	harbor1	chr5	168483290	168483950	LTR/ERV1	3213	-	330	168483620	97163
chr5	118403	318403	harbor1	chr5	126680	127317	LTR/ERV1	3297	-	318	126998	8595
chr5	118403	318403	harbor1	chr5	127719	128466	LTR/ERV1	5313	-	374	128093	9690
chr5	118403	318403	harbor1	chr5	174480	174863	LTR/ERV1	884	-	192	174672	56269
chr5	118403	318403	harbor1	chr5	176397	176806	LTR/ERV1	1784	-	204	176601	58198
chr5	118403	318403	harbor1	chr5	177491	178370	LTR/ERV1	2726	-	440	177931	59528
chr5	91829	291829	harbor1	chr5	126680	127317	LTR/ERV1	3297	-	318	126998	35169
chr5	91829	291829	harbor1	chr5	127719	128466	LTR/ERV1	5313	-	374	128093	36264
chr5	91829	291829	harbor1	chr5	174480	174863	LTR/ERV1	884	-	192	174672	82843
chr5	91829	291829	harbor1	chr5	176397	176806	LTR/ERV1	1784	-	204	176601	84772
chr5	91829	291829	harbor1	chr5	177491	178370	LTR/ERV1	2726	-	440	177931	86102
chr5	10341929	10541929	harbor1	chr5	10423997	10424551	LTR/ERV1	2673	-	277	10424274	82345
chr5	52700057	52900057	harbor1	chr5	52769944	52770341	LTR/ERV1	880	-	198	52770142	70085
chr5	52700057	52900057	harbor1	chr5	52798438	52799007	LTR/ERV1	3097	-	284	52798722	98665
chr5	980578	1180578	harbor1	chr5	988077	988231	LTR/ERV1	660	-	77	988154	7576
chr5	137653914	137853914	harbor1	chr5	137716396	137717018	LTR/ERV1	3521	-	311	137716707	62793
chr5	137653914	137853914	harbor1	chr5	137717023	137717361	LTR/ERV1	1497	-	169	137717192	63278
chr5	10661192	10861192	harbor1	chr5	10698749	10699174	LTR/ERV1	2481	-	212	10698961	37769
chr5	37740476	37940476	harbor1	chr5	37758288	37758662	LTR/ERV1	2394	-	187	37758475	17999
chr5	37740476	37940476	harbor1	chr5	37758664	37759157	LTR/ERV1	18656	-	246	37758910	18434
chr5	37740476	37940476	harbor1	chr5	37759739	37762886	LTR/ERV1	18656	-	1574	37761313	20837
chr5	37740476	37940476	harbor1	chr5	37763179	37764152	LTR/ERV1	16805	-	486	37763665	23189
chr5	37740476	37940476	harbor1	chr5	37764356	37764462	LTR/ERV1	7066	-	53	37764409	23933
chr5	37740476	37940476	harbor1	chr5	37765838	37766234	LTR/ERV1	2806	-	198	37766036	25560
chr5	37740476	37940476	harbor1	chr5	37778063	37778518	LTR/ERV1	3633	-	228	37778291	37815
chr5	37740476	37940476	harbor1	chr5	37784043	37784323	LTR/ERV1	45873	-	140	37784183	43707
chr5	37740476	37940476	harbor1	chr5	37784473	37785699	LTR/ERV1	8378	-	613	37785086	44610
chr5	37740476	37940476	harbor1	chr5	37785700	37786157	LTR/ERV1	3693	-	228	37785928	45452
chr5	37740476	37940476	harbor1	chr5	37764767	37765837	LTR/ERV1	7066	-	535	37765302	24826
chr5	37740476	37940476	harbor1	chr5	37778519	37784013	LTR/ERV1	45873	-	2747	37781266	40790
chr5	91832	291832	harbor1	chr5	126680	127317	LTR/ERV1	3297	-	318	126998	35166
chr5	91832	291832	harbor1	chr5	127719	128466	LTR/ERV1	5313	-	374	128093	36261
chr5	91832	291832	harbor1	chr5	174480	174863	LTR/ERV1	884	-	192	174672	82840
chr5	91832	291832	harbor1	chr5	176397	176806	LTR/ERV1	1784	-	204	176601	84769
chr5	91832	291832	harbor1	chr5	177491	178370	LTR/ERV1	2726	-	440	177931	86099
chr5	171287856	171487856	harbor1	chr5	171382788	171382852	LTR/ERV1	458	-	32	171382820	94964
chr5	9114300	9314300	harbor1	chr5	9126483	9127231	LTR/ERV1	925	-	374	9126857	12557
chr5	4423791	4623791	harbor1	chr5	4488192	4488984	LTR/ERV1	4237	-	396	4488588	64797
chr5	91002545	91202545	harbor1	chr5	91047739	91048211	LTR/ERV1	1207	-	236	91047975	45430
chr5	91002545	91202545	harbor1	chr5	91048202	91048533	LTR/ERV1	751	-	166	91048368	45823
chr5	52700042	52900042	harbor1	chr5	52769944	52770341	LTR/ERV1	880	-	198	52770142	70100
chr5	52700042	52900042	harbor1	chr5	52798438	52799007	LTR/ERV1	3097	-	284	52798722	98680
chr6	7626958	7826958	harbor1	chr6	7629509	7629654	LTR/ERV1	529	-	72	7629581	2623
chr6	7626958	7826958	harbor1	chr6	7629666	7630163	LTR/ERV1	984	-	248	7629914	2956
chr6	7626958	7826958	harbor1	chr6	7680313	7680926	LTR/ERV1	3911	-	306	7680619	53661
chr6	151352847	151552847	harbor1	chr6	151359459	151359749	LTR/ERV1	1895	-	145	151359604	6757
chr6	7626630	7826630	harbor1	chr6	7629509	7629654	LTR/ERV1	529	-	72	7629581	2951
chr6	7626630	7826630	harbor1	chr6	7629666	7630163	LTR/ERV1	984	-	248	7629914	3284
chr6	7626630	7826630	harbor1	chr6	7680313	7680926	LTR/ERV1	3911	-	306	7680619	53989
chr6	124862322	125062322	harbor1	chr6	124924330	124924680	LTR/ERV1	2043	-	175	124924505	62183
chr6	118833199	119033199	harbor1	chr6	118860875	118862401	LTR/ERV1	5916	-	763	118861638	28439
chr6	28999817	29199817	harbor1	chr6	29024129	29024649	LTR/ERV1	3331	-	260	29024389	24572
chr6	28999817	29199817	harbor1	chr6	29024650	29024742	LTR/ERV1	446	-	46	29024696	24879
chr6	7626969	7826969	harbor1	chr6	7629509	7629654	LTR/ERV1	529	-	72	7629581	2612
chr6	7626969	7826969	harbor1	chr6	7629666	7630163	LTR/ERV1	984	-	248	7629914	2945
chr6	7626969	7826969	harbor1	chr6	7680313	7680926	LTR/ERV1	3911	-	306	7680619	53650
chr6	7332945	7532945	harbor1	chr6	7346070	7346153	LTR/ERV1	478	-	42	7346112	13167
chr6	15417264	15617264	harbor1	chr6	15432031	15432146	LTR/ERV1	783	-	58	15432089	14825
chr6	15417264	15617264	harbor1	chr6	15432407	15432449	LTR/ERV1	600	-	21	15432428	15164
chr6	15417264	15617264	harbor1	chr6	15432482	15432658	LTR/ERV1	873	-	88	15432570	15306
chr6	15417264	15617264	harbor1	chr6	15432674	15432762	LTR/ERV1	457	-	44	15432718	15454
chr6	15417264	15617264	harbor1	chr6	15435926	15436700	LTR/ERV1	4576	-	387	15436313	19049
chr6	15417264	15617264	harbor1	chr6	15437558	15437700	LTR/ERV1	467	-	71	15437629	20365
chr6	169864030	170064030	harbor1	chr6	169938846	169939574	LTR/ERV1	3427	-	364	169939210	75180
chr6	43072122	43272122	harbor1	chr6	43093678	43094304	LTR/ERV1	2595	-	313	43093991	21869
chr6	7626955	7826955	harbor1	chr6	7629509	7629654	LTR/ERV1	529	-	72	7629581	2626
chr6	7626955	7826955	harbor1	chr6	7629666	7630163	LTR/ERV1	984	-	248	7629914	2959
chr6	7626955	7826955	harbor1	chr6	7680313	7680926	LTR/ERV1	3911	-	306	7680619	53664
chr6	169862720	170062720	harbor1	chr6	169938846	169939574	LTR/ERV1	3427	-	364	169939210	76490
chr6	41091927	41291927	harbor1	chr6	41171712	41172337	LTR/ERV1	2292	-	312	41172024	80097
chr6	41091927	41291927	harbor1	chr6	41174589	41174980	LTR/ERV1	2260	-	196	41174785	82858
chr6	41091927	41291927	harbor1	chr6	41187029	41187715	LTR/ERV1	4402	-	343	41187372	95445
chr6	41091927	41291927	harbor1	chr6	41189645	41190217	LTR/ERV1	4017	-	286	41189931	98004
chr6	41091927	41291927	harbor1	chr6	41188958	41189588	LTR/ERV1	4649	-	315	41189273	97346
chr6	35352657	35552657	harbor1	chr6	35429549	35430118	LTR/ERV1	4098	-	284	35429833	77176
chr6	2665180	2865180	harbor1	chr6	2762644	2763832	LTR/ERV1	4834	-	594	2763238	98058
chr6	7623404	7823404	harbor1	chr6	7629509	7629654	LTR/ERV1	529	-	72	7629581	6177
chr6	7623404	7823404	harbor1	chr6	7629666	7630163	LTR/ERV1	984	-	248	7629914	6510
chr6	7623404	7823404	harbor1	chr6	7680313	7680926	LTR/ERV1	3911	-	306	7680619	57215
chr6	161052402	161252402	harbor1	chr6	161067048	161067472	LTR/ERV1	2783	-	212	161067260	14858
chr6	6446445	6646445	harbor1	chr6	6458378	6459168	LTR/ERV1	1907	-	395	6458773	12328
chr6	6446445	6646445	harbor1	chr6	6474906	6475412	LTR/ERV1	2135	-	253	6475159	28714
chr6	6446445	6646445	harbor1	chr6	6479004	6479594	LTR/ERV1	5340	-	295	6479299	32854
chr6	127167321	127367321	harbor1	chr6	127213767	127215154	LTR/ERV1	9586	-	694	127214461	47140
chr6	7626967	7826967	harbor1	chr6	7629509	7629654	LTR/ERV1	529	-	72	7629581	2614
chr6	7626967	7826967	harbor1	chr6	7629666	7630163	LTR/ERV1	984	-	248	7629914	2947
chr6	7626967	7826967	harbor1	chr6	7680313	7680926	LTR/ERV1	3911	-	306	7680619	53652
chr6	166056777	166256777	harbor1	chr6	166075956	166077243	LTR/ERV1	4865	-	644	166076600	19823
chr6	166056777	166256777	harbor1	chr6	166125510	166126205	LTR/ERV1	4073	-	348	166125858	69081
chr6	33522113	33722113	harbor1	chr6	33522513	33522867	LTR/ERV1	1803	-	177	33522690	577
chr6	33522113	33722113	harbor1	chr6	33523181	33523238	LTR/ERV1	1803	-	28	33523209	1096
chr6	33522113	33722113	harbor1	chr6	33557579	33558053	LTR/ERV1	1574	-	237	33557816	35703
chr6	33522113	33722113	harbor1	chr6	33565195	33565326	LTR/ERV1	806	-	66	33565261	43148
chr6	33522113	33722113	harbor1	chr6	33565628	33565705	LTR/ERV1	806	-	38	33565666	43553
chr6	33522113	33722113	harbor1	chr6	33566020	33566030	LTR/ERV1	806	-	5	33566025	43912
chr6	33522113	33722113	harbor1	chr6	33566150	33566435	LTR/ERV1	564	-	142	33566292	44179
chr6	127167375	127367375	harbor1	chr6	127213767	127215154	LTR/ERV1	9586	-	694	127214461	47086
chr6	127167314	127367314	harbor1	chr6	127213767	127215154	LTR/ERV1	9586	-	694	127214461	47147
chr6	52184772	52384772	harbor1	chr6	52245723	52246014	LTR/ERV1	1438	-	146	52245869	61097
chr6	169864008	170064008	harbor1	chr6	169938846	169939574	LTR/ERV1	3427	-	364	169939210	75202
chr6	127167318	127367318	harbor1	chr6	127213767	127215154	LTR/ERV1	9586	-	694	127214461	47143
chr6	30386552	30586552	harbor1	chr6	30391073	30391232	LTR/ERV1	805	-	80	30391153	4601
chr6	30386552	30586552	harbor1	chr6	30391817	30392169	LTR/ERV1	765	-	176	30391993	5441
chr6	30386552	30586552	harbor1	chr6	30403265	30404039	LTR/ERV1	4686	-	387	30403652	17100
chr6	30386552	30586552	harbor1	chr6	30409308	30409807	LTR/ERV1	2929	-	250	30409558	23006
chr6	42952369	43152369	harbor1	chr6	42952540	42952671	LTR/ERV1	607	-	66	42952606	237
chr6	42952369	43152369	harbor1	chr6	42952672	42953050	LTR/ERV1	3924	-	189	42952861	492
chr6	42952369	43152369	harbor1	chr6	42953347	42953568	LTR/ERV1	3924	-	110	42953457	1088
chr6	42952369	43152369	harbor1	chr6	42953880	42954138	LTR/ERV1	1529	-	129	42954009	1640
chr6	42952369	43152369	harbor1	chr6	42957518	42957679	LTR/ERV1	870	-	80	42957598	5229
chr6	42952369	43152369	harbor1	chr6	42957719	42957897	LTR/ERV1	2592	-	89	42957808	5439
chr6	42952369	43152369	harbor1	chr6	42958198	42958419	LTR/ERV1	2592	-	110	42958308	5939
chr6	42952369	43152369	harbor1	chr6	42958732	42958755	LTR/ERV1	2592	-	12	42958744	6375
chr6	42952369	43152369	harbor1	chr6	42959016	42959130	LTR/ERV1	2592	-	57	42959073	6704
chr6	42952369	43152369	harbor1	chr6	42959437	42959498	LTR/ERV1	1121	-	30	42959467	7098
chr6	42952369	43152369	harbor1	chr6	42959541	42959639	LTR/ERV1	1121	-	49	42959590	7221
chr6	42952369	43152369	harbor1	chr6	42959640	42959984	LTR/ERV1	2210	-	172	42959812	7443
chr6	52476001	52676001	harbor1	chr6	52483328	52483774	LTR/ERV1	2312	-	223	52483551	7550
chr6	127167369	127367369	harbor1	chr6	127213767	127215154	LTR/ERV1	9586	-	694	127214461	47092
chr6	37183201	37383201	harbor1	chr6	37221661	37222920	LTR/ERV1	7127	-	630	37222291	39090
chr6	37183201	37383201	harbor1	chr6	37243428	37243594	LTR/ERV1	942	-	83	37243511	60310
chr6	37183201	37383201	harbor1	chr6	37243765	37244329	LTR/ERV1	2397	-	282	37244047	60846
chr6	30366711	30566711	harbor1	chr6	30372934	30373453	LTR/ERV1	2860	-	260	30373194	6483
chr6	30366711	30566711	harbor1	chr6	30391073	30391232	LTR/ERV1	805	-	80	30391153	24442
chr6	30366711	30566711	harbor1	chr6	30391817	30392169	LTR/ERV1	765	-	176	30391993	25282
chr6	30366711	30566711	harbor1	chr6	30403265	30404039	LTR/ERV1	4686	-	387	30403652	36941
chr6	30366711	30566711	harbor1	chr6	30409308	30409807	LTR/ERV1	2929	-	250	30409558	42847
chr6	108461047	108661047	harbor1	chr6	108469463	108469881	LTR/ERV1	2642	-	209	108469672	8625
chr6	108461047	108661047	harbor1	chr6	108470135	108470290	LTR/ERV1	502	-	78	108470213	9166
chr6	27415396	27615396	harbor1	chr6	27423973	27425392	LTR/ERV1	10574	-	710	27424683	9287
chr6	27415396	27615396	harbor1	chr6	27429766	27430296	LTR/ERV1	3432	-	265	27430031	14635
chr6	27415396	27615396	harbor1	chr6	27477073	27477745	LTR/ERV1	1312	-	336	27477409	62013
chr6	30366632	30566632	harbor1	chr6	30372934	30373453	LTR/ERV1	2860	-	260	30373194	6562
chr6	30366632	30566632	harbor1	chr6	30391073	30391232	LTR/ERV1	805	-	80	30391153	24521
chr6	30366632	30566632	harbor1	chr6	30391817	30392169	LTR/ERV1	765	-	176	30391993	25361
chr6	30366632	30566632	harbor1	chr6	30403265	30404039	LTR/ERV1	4686	-	387	30403652	37020
chr6	30366632	30566632	harbor1	chr6	30409308	30409807	LTR/ERV1	2929	-	250	30409558	42926
chr6	52184695	52384695	harbor1	chr6	52245723	52246014	LTR/ERV1	1438	-	146	52245869	61174
chr6	3749398	3949398	harbor1	chr6	3773709	3774130	LTR/ERV1	1886	-	210	3773919	24521
chr6	3749398	3949398	harbor1	chr6	3804011	3804484	LTR/ERV1	2833	-	236	3804247	54849
chr6	3749398	3949398	harbor1	chr6	3813989	3814217	LTR/ERV1	1204	-	114	3814103	64705
chr6	3749398	3949398	harbor1	chr6	3819316	3819445	LTR/ERV1	777	-	64	3819380	69982
chr6	150800581	151000581	harbor1	chr6	150856970	150857593	LTR/ERV1	2298	-	312	150857282	56701
chr6	150800581	151000581	harbor1	chr6	150878673	150878917	LTR/ERV1	1279	-	122	150878795	78214
chr6	150800581	151000581	harbor1	chr6	150890305	150890528	LTR/ERV1	1462	-	112	150890417	89836
chr6	150800581	151000581	harbor1	chr6	150890564	150890816	LTR/ERV1	1316	-	126	150890690	90109
chr6	39128541	39328541	harbor1	chr6	39131513	39131947	LTR/ERV1	2492	-	217	39131730	3189
chr6	39128541	39328541	harbor1	chr6	39131948	39132386	LTR/ERV1	2884	-	219	39132167	3626
chr6	39128541	39328541	harbor1	chr6	39132373	39134076	LTR/ERV1	7311	-	852	39133225	4684
chr6	39128541	39328541	harbor1	chr6	39134077	39134885	LTR/ERV1	5112	-	404	39134481	5940
chr6	39128541	39328541	harbor1	chr6	39134876	39135562	LTR/ERV1	3922	-	343	39135219	6678
chr6	39128541	39328541	harbor1	chr6	39135590	39136071	LTR/ERV1	1958	-	240	39135830	7289
chr6	39128541	39328541	harbor1	chr6	39136074	39136520	LTR/ERV1	2311	-	223	39136297	7756
chr6	124862409	125062409	harbor1	chr6	124924330	124924680	LTR/ERV1	2043	-	175	124924505	62096
chr6	169863974	170063974	harbor1	chr6	169938846	169939574	LTR/ERV1	3427	-	364	169939210	75236
chr6	135363713	135563713	harbor1	chr6	135391715	135391869	LTR/ERV1	1061	-	77	135391792	28079
chr6	146813086	147013086	harbor1	chr6	146819196	146819937	LTR/ERV1	2656	-	370	146819566	6480
chr6	146813086	147013086	harbor1	chr6	146820365	146820962	LTR/ERV1	2852	-	298	146820663	7577
chr6	146813086	147013086	harbor1	chr6	146823001	146823140	LTR/ERV1	532	-	70	146823071	9985
chr6	146813086	147013086	harbor1	chr6	146824435	146825215	LTR/ERV1	3059	-	390	146824825	11739
chr6	146813086	147013086	harbor1	chr6	146832091	146832987	LTR/ERV1	5094	-	448	146832539	19453
chr6	146813086	147013086	harbor1	chr6	146847177	146847525	LTR/ERV1	1218	-	174	146847351	34265
chr6	146813086	147013086	harbor1	chr6	146887061	146887694	LTR/ERV1	4557	-	316	146887377	74291
chr6	130963222	131163222	harbor1	chr6	130993390	130993776	LTR/ERV1	2860	-	193	130993583	30361
chr6	130963222	131163222	harbor1	chr6	130993797	130993885	LTR/ERV1	703	-	44	130993841	30619
chr6	27415400	27615400	harbor1	chr6	27423973	27425392	LTR/ERV1	10574	-	710	27424683	9283
chr6	27415400	27615400	harbor1	chr6	27429766	27430296	LTR/ERV1	3432	-	265	27430031	14631
chr6	27415400	27615400	harbor1	chr6	27477073	27477745	LTR/ERV1	1312	-	336	27477409	62009
chr6	41091934	41291934	harbor1	chr6	41171712	41172337	LTR/ERV1	2292	-	312	41172024	80090
chr6	41091934	41291934	harbor1	chr6	41174589	41174980	LTR/ERV1	2260	-	196	41174785	82851
chr6	41091934	41291934	harbor1	chr6	41187029	41187715	LTR/ERV1	4402	-	343	41187372	95438
chr6	41091934	41291934	harbor1	chr6	41189645	41190217	LTR/ERV1	4017	-	286	41189931	97997
chr6	41091934	41291934	harbor1	chr6	41188958	41189588	LTR/ERV1	4649	-	315	41189273	97339
chr6	127167312	127367312	harbor1	chr6	127213767	127215154	LTR/ERV1	9586	-	694	127214461	47149
chr6	124862399	125062399	harbor1	chr6	124924330	124924680	LTR/ERV1	2043	-	175	124924505	62106
chr6	169864066	170064066	harbor1	chr6	169938846	169939574	LTR/ERV1	3427	-	364	169939210	75144
chr6	33104683	33304683	harbor1	chr6	33117739	33118377	LTR/ERV1	4275	-	319	33118058	13375
chr6	33104683	33304683	harbor1	chr6	33118378	33118652	LTR/ERV1	1539	-	137	33118515	13832
chr6	33104683	33304683	harbor1	chr6	33118932	33119111	LTR/ERV1	699	-	90	33119022	14339
chr6	33104683	33304683	harbor1	chr6	33119116	33119227	LTR/ERV1	477	-	56	33119172	14489
chr6	33104683	33304683	harbor1	chr6	33119228	33119959	LTR/ERV1	4140	-	366	33119594	14911
chr6	33104683	33304683	harbor1	chr6	33119946	33120584	LTR/ERV1	4145	-	319	33120265	15582
chr6	33104683	33304683	harbor1	chr6	33120587	33120728	LTR/ERV1	1017	-	70	33120657	15974
chr6	33104683	33304683	harbor1	chr6	33120722	33121937	LTR/ERV1	8425	-	608	33121330	16647
chr6	33104683	33304683	harbor1	chr6	33122935	33123947	LTR/ERV1	6917	-	506	33123441	18758
chr6	33104683	33304683	harbor1	chr6	33123957	33124261	LTR/ERV1	1492	-	152	33124109	19426
chr6	33104683	33304683	harbor1	chr6	33124370	33125003	LTR/ERV1	4038	-	316	33124686	20003
chr6	33104683	33304683	harbor1	chr6	33132221	33132599	LTR/ERV1	2716	-	189	33132410	27727
chr6	33104683	33304683	harbor1	chr6	33132600	33134898	LTR/ERV1	16699	-	1149	33133749	29066
chr6	33104683	33304683	harbor1	chr6	33135013	33135202	LTR/ERV1	1404	-	94	33135107	30424
chr6	33104683	33304683	harbor1	chr6	33135484	33135838	LTR/ERV1	12365	-	177	33135661	30978
chr6	33104683	33304683	harbor1	chr6	33136130	33136928	LTR/ERV1	12365	-	399	33136529	31846
chr6	33104683	33304683	harbor1	chr6	33137231	33137756	LTR/ERV1	12365	-	262	33137493	32810
chr6	33104683	33304683	harbor1	chr6	33138076	33138193	LTR/ERV1	12365	-	58	33138134	33451
chr6	33104683	33304683	harbor1	chr6	33138488	33138647	LTR/ERV1	12365	-	80	33138568	33885
chr6	33104683	33304683	harbor1	chr6	33138641	33138876	LTR/ERV1	4939	-	118	33138759	34076
chr6	33104683	33304683	harbor1	chr6	33139166	33139750	LTR/ERV1	4939	-	292	33139458	34775
chr6	33104683	33304683	harbor1	chr6	33139751	33140149	LTR/ERV1	2781	-	199	33139950	35267
chr6	18268218	18468218	harbor1	chr6	18317611	18318158	LTR/ERV1	2718	-	274	18317885	49667
chr6	18268218	18468218	harbor1	chr6	18337940	18338233	LTR/ERV1	1247	-	146	18338086	69868
chr6	150800587	151000587	harbor1	chr6	150856970	150857593	LTR/ERV1	2298	-	312	150857282	56695
chr6	150800587	151000587	harbor1	chr6	150878673	150878917	LTR/ERV1	1279	-	122	150878795	78208
chr6	150800587	151000587	harbor1	chr6	150890305	150890528	LTR/ERV1	1462	-	112	150890417	89830
chr6	150800587	151000587	harbor1	chr6	150890564	150890816	LTR/ERV1	1316	-	126	150890690	90103
chr6	52184723	52384723	harbor1	chr6	52245723	52246014	LTR/ERV1	1438	-	146	52245869	61146
chr6	7626959	7826959	harbor1	chr6	7629509	7629654	LTR/ERV1	529	-	72	7629581	2622
chr6	7626959	7826959	harbor1	chr6	7629666	7630163	LTR/ERV1	984	-	248	7629914	2955
chr6	7626959	7826959	harbor1	chr6	7680313	7680926	LTR/ERV1	3911	-	306	7680619	53660
chr6	3682582	3882582	harbor1	chr6	3699040	3699543	LTR/ERV1	2966	-	252	3699292	16710
chr6	3682582	3882582	harbor1	chr6	3703777	3704188	LTR/ERV1	2640	-	206	3703983	21401
chr6	3682582	3882582	harbor1	chr6	3719559	3721329	LTR/ERV1	6806	-	885	3720444	37862
chr6	3682582	3882582	harbor1	chr6	3773709	3774130	LTR/ERV1	1886	-	210	3773919	91337
chr6	34138127	34338127	harbor1	chr6	34178327	34179719	LTR/ERV1	3387	-	696	34179023	40896
chr6	34138127	34338127	harbor1	chr6	34202021	34203292	LTR/ERV1	7633	-	636	34202657	64530
chr6	6446460	6646460	harbor1	chr6	6458378	6459168	LTR/ERV1	1907	-	395	6458773	12313
chr6	6446460	6646460	harbor1	chr6	6474906	6475412	LTR/ERV1	2135	-	253	6475159	28699
chr6	6446460	6646460	harbor1	chr6	6479004	6479594	LTR/ERV1	5340	-	295	6479299	32839
chr6	169863372	170063372	harbor1	chr6	169938846	169939574	LTR/ERV1	3427	-	364	169939210	75838
chr6	127167326	127367326	harbor1	chr6	127213767	127215154	LTR/ERV1	9586	-	694	127214461	47135
chr6	169864117	170064117	harbor1	chr6	169938846	169939574	LTR/ERV1	3427	-	364	169939210	75093
chr6	169811811	170011811	harbor1	chr6	169841348	169841942	LTR/ERV1	3554	-	297	169841645	29834
chr6	99421489	99621489	harbor1	chr6	99486896	99487457	LTR/ERV1	1673	-	280	99487176	65687
chr6	52184760	52384760	harbor1	chr6	52245723	52246014	LTR/ERV1	1438	-	146	52245869	61109
chr6	7626659	7826659	harbor1	chr6	7629509	7629654	LTR/ERV1	529	-	72	7629581	2922
chr6	7626659	7826659	harbor1	chr6	7629666	7630163	LTR/ERV1	984	-	248	7629914	3255
chr6	7626659	7826659	harbor1	chr6	7680313	7680926	LTR/ERV1	3911	-	306	7680619	53960
chr6	7626996	7826996	harbor1	chr6	7629509	7629654	LTR/ERV1	529	-	72	7629581	2585
chr6	7626996	7826996	harbor1	chr6	7629666	7630163	LTR/ERV1	984	-	248	7629914	2918
chr6	7626996	7826996	harbor1	chr6	7680313	7680926	LTR/ERV1	3911	-	306	7680619	53623
chr6	169993799	170193799	harbor1	chr6	170008755	170009438	LTR/ERV1	1670	-	342	170009097	15298
chr6	146813048	147013048	harbor1	chr6	146819196	146819937	LTR/ERV1	2656	-	370	146819566	6518
chr6	146813048	147013048	harbor1	chr6	146820365	146820962	LTR/ERV1	2852	-	298	146820663	7615
chr6	146813048	147013048	harbor1	chr6	146823001	146823140	LTR/ERV1	532	-	70	146823071	10023
chr6	146813048	147013048	harbor1	chr6	146824435	146825215	LTR/ERV1	3059	-	390	146824825	11777
chr6	146813048	147013048	harbor1	chr6	146832091	146832987	LTR/ERV1	5094	-	448	146832539	19491
chr6	146813048	147013048	harbor1	chr6	146847177	146847525	LTR/ERV1	1218	-	174	146847351	34303
chr6	146813048	147013048	harbor1	chr6	146887061	146887694	LTR/ERV1	4557	-	316	146887377	74329
chr6	157938132	158138132	harbor1	chr6	157969061	157969220	LTR/ERV1	578	-	80	157969141	31009
chr6	157938132	158138132	harbor1	chr6	157969192	157969529	LTR/ERV1	672	-	168	157969360	31228
chr6	157938132	158138132	harbor1	chr6	157969545	157969644	LTR/ERV1	1173	-	50	157969595	31463
chr6	157938132	158138132	harbor1	chr6	157969949	157970273	LTR/ERV1	1173	-	162	157970111	31979
chr7	44439898	44639898	harbor1	chr7	44491315	44491662	LTR/ERV1	950	-	174	44491489	51591
chr7	44439898	44639898	harbor1	chr7	44494050	44494164	LTR/ERV1	528	-	57	44494107	54209
chr7	44439898	44639898	harbor1	chr7	44506516	44506945	LTR/ERV1	2402	-	214	44506730	66832
chr7	44439898	44639898	harbor1	chr7	44507301	44507323	LTR/ERV1	2402	-	11	44507312	67414
chr7	6087612	6287612	harbor1	chr7	6096282	6096725	LTR/ERV1	2662	-	222	6096504	8892
chr7	72825086	73025086	harbor1	chr7	72840972	72841417	LTR/ERV1	3090	-	222	72841194	16108
chr7	72825086	73025086	harbor1	chr7	72841728	72841802	LTR/ERV1	3090	-	37	72841765	16679
chr7	1801811	2001811	harbor1	chr7	1803140	1803256	LTR/ERV1	2668	-	58	1803198	1387
chr7	1801811	2001811	harbor1	chr7	1803555	1803916	LTR/ERV1	2668	-	180	1803735	1924
chr7	1801811	2001811	harbor1	chr7	1803922	1804580	LTR/ERV1	3270	-	329	1804251	2440
chr7	1801811	2001811	harbor1	chr7	1835608	1836021	LTR/ERV1	4412	-	206	1835814	34003
chr7	1801811	2001811	harbor1	chr7	1836319	1836554	LTR/ERV1	4412	-	118	1836437	34626
chr7	148600313	148800313	harbor1	chr7	148606535	148606597	LTR/ERV1	2966	-	31	148606566	6253
chr7	148600313	148800313	harbor1	chr7	148606887	148606933	LTR/ERV1	2966	-	23	148606910	6597
chr7	148600313	148800313	harbor1	chr7	148606964	148607460	LTR/ERV1	2966	-	248	148607212	6899
chr7	148600313	148800313	harbor1	chr7	148621656	148621802	LTR/ERV1	960	-	73	148621729	21416
chr7	148600313	148800313	harbor1	chr7	148625731	148625977	LTR/ERV1	648	-	123	148625854	25541
chr7	148600313	148800313	harbor1	chr7	148671943	148672277	LTR/ERV1	2314	-	167	148672110	71797
chr7	148600313	148800313	harbor1	chr7	148651871	148652387	LTR/ERV1	2507	-	258	148652129	51816
chr7	26995062	27195062	harbor1	chr7	27053143	27053461	LTR/ERV1	1685	-	159	27053302	58240
chr7	88119108	88319108	harbor1	chr7	88139590	88139880	LTR/ERV1	2042	-	145	88139735	20627
chr7	88119108	88319108	harbor1	chr7	88140272	88140453	LTR/ERV1	2042	-	90	88140362	21254
chr7	88119108	88319108	harbor1	chr7	88140505	88140578	LTR/ERV1	3245	-	36	88140541	21433
chr7	88119108	88319108	harbor1	chr7	88140848	88141298	LTR/ERV1	3245	-	225	88141073	21965
chr7	1758857	1958857	harbor1	chr7	1803140	1803256	LTR/ERV1	2668	-	58	1803198	44341
chr7	1758857	1958857	harbor1	chr7	1803555	1803916	LTR/ERV1	2668	-	180	1803735	44878
chr7	1758857	1958857	harbor1	chr7	1803922	1804580	LTR/ERV1	3270	-	329	1804251	45394
chr7	1758857	1958857	harbor1	chr7	1835608	1836021	LTR/ERV1	4412	-	206	1835814	76957
chr7	1758857	1958857	harbor1	chr7	1836319	1836554	LTR/ERV1	4412	-	118	1836437	77580
chr7	25270019	25470019	harbor1	chr7	25279746	25280222	LTR/ERV1	1749	-	238	25279984	9965
chr7	25270019	25470019	harbor1	chr7	25286541	25286873	LTR/ERV1	1158	-	166	25286707	16688
chr7	25270019	25470019	harbor1	chr7	25286930	25287223	LTR/ERV1	1068	-	146	25287076	17057
chr7	148598238	148798238	harbor1	chr7	148606535	148606597	LTR/ERV1	2966	-	31	148606566	8328
chr7	148598238	148798238	harbor1	chr7	148606887	148606933	LTR/ERV1	2966	-	23	148606910	8672
chr7	148598238	148798238	harbor1	chr7	148606964	148607460	LTR/ERV1	2966	-	248	148607212	8974
chr7	148598238	148798238	harbor1	chr7	148621656	148621802	LTR/ERV1	960	-	73	148621729	23491
chr7	148598238	148798238	harbor1	chr7	148625731	148625977	LTR/ERV1	648	-	123	148625854	27616
chr7	148598238	148798238	harbor1	chr7	148671943	148672277	LTR/ERV1	2314	-	167	148672110	73872
chr7	148598238	148798238	harbor1	chr7	148651871	148652387	LTR/ERV1	2507	-	258	148652129	53891
chr7	44506780	44706780	harbor1	chr7	44506516	44506945	LTR/ERV1	2402	-	214	44506730	50
chr7	44506780	44706780	harbor1	chr7	44507301	44507323	LTR/ERV1	2402	-	11	44507312	532
chr7	44506780	44706780	harbor1	chr7	44556133	44556367	LTR/ERV1	1332	-	117	44556250	49470
chr7	26995617	27195617	harbor1	chr7	27053143	27053461	LTR/ERV1	1685	-	159	27053302	57685
chr7	1762067	1962067	harbor1	chr7	1803140	1803256	LTR/ERV1	2668	-	58	1803198	41131
chr7	1762067	1962067	harbor1	chr7	1803555	1803916	LTR/ERV1	2668	-	180	1803735	41668
chr7	1762067	1962067	harbor1	chr7	1803922	1804580	LTR/ERV1	3270	-	329	1804251	42184
chr7	1762067	1962067	harbor1	chr7	1835608	1836021	LTR/ERV1	4412	-	206	1835814	73747
chr7	1762067	1962067	harbor1	chr7	1836319	1836554	LTR/ERV1	4412	-	118	1836437	74370
chr7	1798319	1998319	harbor1	chr7	1803140	1803256	LTR/ERV1	2668	-	58	1803198	4879
chr7	1798319	1998319	harbor1	chr7	1803555	1803916	LTR/ERV1	2668	-	180	1803735	5416
chr7	1798319	1998319	harbor1	chr7	1803922	1804580	LTR/ERV1	3270	-	329	1804251	5932
chr7	1798319	1998319	harbor1	chr7	1835608	1836021	LTR/ERV1	4412	-	206	1835814	37495
chr7	1798319	1998319	harbor1	chr7	1836319	1836554	LTR/ERV1	4412	-	118	1836437	38118
chr7	97770965	97970965	harbor1	chr7	97770840	97771309	LTR/ERV1	2237	-	234	97771074	109
chr7	97770965	97970965	harbor1	chr7	97777773	97777899	LTR/ERV1	561	-	63	97777836	6871
chr7	97770965	97970965	harbor1	chr7	97842067	97843409	LTR/ERV1	7217	-	671	97842738	71773
chr7	1801822	2001822	harbor1	chr7	1803140	1803256	LTR/ERV1	2668	-	58	1803198	1376
chr7	1801822	2001822	harbor1	chr7	1803555	1803916	LTR/ERV1	2668	-	180	1803735	1913
chr7	1801822	2001822	harbor1	chr7	1803922	1804580	LTR/ERV1	3270	-	329	1804251	2429
chr7	1801822	2001822	harbor1	chr7	1835608	1836021	LTR/ERV1	4412	-	206	1835814	33992
chr7	1801822	2001822	harbor1	chr7	1836319	1836554	LTR/ERV1	4412	-	118	1836437	34615
chr7	100027600	100227600	harbor1	chr7	100086944	100087404	LTR/ERV1	2311	-	230	100087174	59574
chr7	100027600	100227600	harbor1	chr7	100087898	100088038	LTR/ERV1	846	-	70	100087968	60368
chr7	44506860	44706860	harbor1	chr7	44506516	44506945	LTR/ERV1	2402	-	214	44506730	130
chr7	44506860	44706860	harbor1	chr7	44507301	44507323	LTR/ERV1	2402	-	11	44507312	452
chr7	44506860	44706860	harbor1	chr7	44556133	44556367	LTR/ERV1	1332	-	117	44556250	49390
chr7	100328345	100528345	harbor1	chr7	100349365	100349910	LTR/ERV1	1178	-	272	100349637	21292
chr7	44439822	44639822	harbor1	chr7	44491315	44491662	LTR/ERV1	950	-	174	44491489	51667
chr7	44439822	44639822	harbor1	chr7	44494050	44494164	LTR/ERV1	528	-	57	44494107	54285
chr7	44439822	44639822	harbor1	chr7	44506516	44506945	LTR/ERV1	2402	-	214	44506730	66908
chr7	44439822	44639822	harbor1	chr7	44507301	44507323	LTR/ERV1	2402	-	11	44507312	67490
chr7	24657323	24857323	harbor1	chr7	24712652	24712736	LTR/ERV1	737	-	42	24712694	55371
chr7	24657323	24857323	harbor1	chr7	24713040	24713403	LTR/ERV1	737	-	182	24713222	55899
chr7	24657323	24857323	harbor1	chr7	24725420	24725880	LTR/ERV1	3536	-	230	24725650	68327
chr7	14798299	14998299	harbor1	chr7	14797704	14798313	LTR/ERV1	3341	-	304	14798008	291
chr7	14798299	14998299	harbor1	chr7	14815155	14815686	LTR/ERV1	839	-	266	14815421	17122
chr7	149048098	149248098	harbor1	chr7	149093222	149093395	LTR/ERV1	549	-	86	149093308	45210
chr7	149048098	149248098	harbor1	chr7	149128052	149128464	LTR/ERV1	1815	-	206	149128258	80160
chr7	149048098	149248098	harbor1	chr7	149128781	149128812	LTR/ERV1	1296	-	16	149128797	80699
chr7	149048098	149248098	harbor1	chr7	149129100	149129334	LTR/ERV1	1296	-	117	149129217	81119
chr7	149048098	149248098	harbor1	chr7	149130682	149131191	LTR/ERV1	3166	-	254	149130936	82838
chr7	149048098	149248098	harbor1	chr7	149132495	149133024	LTR/ERV1	2235	-	264	149132759	84661
chr7	149048098	149248098	harbor1	chr7	149133025	149133119	LTR/ERV1	1475	-	47	149133072	84974
chr7	149048098	149248098	harbor1	chr7	149133414	149133564	LTR/ERV1	1475	-	75	149133489	85391
chr7	26995486	27195486	harbor1	chr7	27053143	27053461	LTR/ERV1	1685	-	159	27053302	57816
chr7	44654661	44854661	harbor1	chr7	44716597	44716716	LTR/ERV1	753	-	60	44716657	61996
chr7	44654661	44854661	harbor1	chr7	44716687	44716719	LTR/ERV1	3066	-	16	44716703	62042
chr7	44654661	44854661	harbor1	chr7	44717027	44717446	LTR/ERV1	3066	-	210	44717237	62576
chr7	44654661	44854661	harbor1	chr7	44717448	44717666	LTR/ERV1	5621	-	109	44717557	62896
chr7	44654661	44854661	harbor1	chr7	44718264	44718818	LTR/ERV1	7232	-	277	44718541	63880
chr7	44654661	44854661	harbor1	chr7	44719083	44719228	LTR/ERV1	7232	-	72	44719155	64494
chr7	44654661	44854661	harbor1	chr7	44720016	44720082	LTR/ERV1	7232	-	33	44720049	65388
chr7	44654661	44854661	harbor1	chr7	44720366	44721344	LTR/ERV1	7232	-	489	44720855	66194
chr7	44654661	44854661	harbor1	chr7	44721645	44721675	LTR/ERV1	7232	-	15	44721660	66999
chr7	44654661	44854661	harbor1	chr7	44721989	44722427	LTR/ERV1	7232	-	219	44722208	67547
chr7	44654661	44854661	harbor1	chr7	44723376	44723869	LTR/ERV1	3345	-	246	44723622	68961
chr7	44654661	44854661	harbor1	chr7	44723870	44723996	LTR/ERV1	871	-	63	44723933	69272
chr7	44654661	44854661	harbor1	chr7	44723999	44724095	LTR/ERV1	823	-	48	44724047	69386
chr7	44654661	44854661	harbor1	chr7	44724376	44724538	LTR/ERV1	823	-	81	44724457	69796
chr7	44654661	44854661	harbor1	chr7	44726266	44726863	LTR/ERV1	4564	-	298	44726564	71903
chr7	44654661	44854661	harbor1	chr7	44741263	44741658	LTR/ERV1	945	-	198	44741461	86800
chr7	100475318	100675318	harbor1	chr7	100506494	100506880	LTR/ERV1	2057	-	193	100506687	31369
chr7	25244355	25444355	harbor1	chr7	25279746	25280222	LTR/ERV1	1749	-	238	25279984	35629
chr7	25244355	25444355	harbor1	chr7	25286541	25286873	LTR/ERV1	1158	-	166	25286707	42352
chr7	25244355	25444355	harbor1	chr7	25286930	25287223	LTR/ERV1	1068	-	146	25287076	42721
chr7	150296831	150496831	harbor1	chr7	150307057	150307239	LTR/ERV1	1213	-	91	150307148	10317
chr7	150296831	150496831	harbor1	chr7	150313287	150313731	LTR/ERV1	2682	-	222	150313509	16678
chr7	150296831	150496831	harbor1	chr7	150317854	150318256	LTR/ERV1	1756	-	201	150318055	21224
chr7	150296831	150496831	harbor1	chr7	150320127	150320480	LTR/ERV1	1099	-	176	150320303	23472
chr7	150296831	150496831	harbor1	chr7	150320786	150320928	LTR/ERV1	1099	-	71	150320857	24026
chr7	150296831	150496831	harbor1	chr7	150355229	150355622	LTR/ERV1	2342	-	196	150355425	58594
chr7	150296831	150496831	harbor1	chr7	150355648	150355779	LTR/ERV1	644	-	66	150355714	58883
chr7	150296831	150496831	harbor1	chr7	150358972	150359150	LTR/ERV1	978	-	89	150359061	62230
chr7	150296831	150496831	harbor1	chr7	150360262	150360511	LTR/ERV1	1183	-	124	150360386	63555
chr7	150296831	150496831	harbor1	chr7	150360822	150360935	LTR/ERV1	912	-	56	150360878	64047
chr7	150296831	150496831	harbor1	chr7	150361254	150361417	LTR/ERV1	912	-	82	150361336	64505
chr7	150296831	150496831	harbor1	chr7	150362600	150363107	LTR/ERV1	2928	-	254	150362854	66023
chr7	150296831	150496831	harbor1	chr7	150365305	150365468	LTR/ERV1	4106	-	82	150365387	68556
chr7	150296831	150496831	harbor1	chr7	150365763	150366354	LTR/ERV1	4106	-	296	150366059	69228
chr7	150296831	150496831	harbor1	chr7	150374570	150374772	LTR/ERV1	819	-	101	150374671	77840
chr7	150296831	150496831	harbor1	chr7	150374808	150374916	LTR/ERV1	1119	-	54	150374862	78031
chr7	150296831	150496831	harbor1	chr7	150375231	150375472	LTR/ERV1	1119	-	120	150375351	78520
chr7	150296831	150496831	harbor1	chr7	150377332	150377617	LTR/ERV1	1365	-	142	150377474	80643
chr7	150296831	150496831	harbor1	chr7	150380637	150380965	LTR/ERV1	1944	-	164	150380801	83970
chr7	150296831	150496831	harbor1	chr7	150385259	150385416	LTR/ERV1	782	-	78	150385337	88506
chr7	150296831	150496831	harbor1	chr7	150385551	150385967	LTR/ERV1	2418	-	208	150385759	88928
chr7	150296831	150496831	harbor1	chr7	150386236	150386259	LTR/ERV1	2418	-	12	150386248	89417
chr7	92963	292963	harbor1	chr7	137434	137836	LTR/ERV1	1672	-	201	137635	44672
chr7	92963	292963	harbor1	chr7	138133	138258	LTR/ERV1	1224	-	62	138195	45232
chr7	92963	292963	harbor1	chr7	138555	139028	LTR/ERV1	1242	-	236	138791	45828
chr7	92963	292963	harbor1	chr7	145912	146318	LTR/ERV1	2808	-	203	146115	53152
chr7	92963	292963	harbor1	chr7	150600	151006	LTR/ERV1	1261	-	203	150803	57840
chr7	92963	292963	harbor1	chr7	146319	148890	LTR/ERV1	16815	-	1286	147605	54642
chr7	100027650	100227650	harbor1	chr7	100086944	100087404	LTR/ERV1	2311	-	230	100087174	59524
chr7	100027650	100227650	harbor1	chr7	100087898	100088038	LTR/ERV1	846	-	70	100087968	60318
chr7	44439887	44639887	harbor1	chr7	44491315	44491662	LTR/ERV1	950	-	174	44491489	51602
chr7	44439887	44639887	harbor1	chr7	44494050	44494164	LTR/ERV1	528	-	57	44494107	54220
chr7	44439887	44639887	harbor1	chr7	44506516	44506945	LTR/ERV1	2402	-	214	44506730	66843
chr7	44439887	44639887	harbor1	chr7	44507301	44507323	LTR/ERV1	2402	-	11	44507312	67425
chr7	1801827	2001827	harbor1	chr7	1803140	1803256	LTR/ERV1	2668	-	58	1803198	1371
chr7	1801827	2001827	harbor1	chr7	1803555	1803916	LTR/ERV1	2668	-	180	1803735	1908
chr7	1801827	2001827	harbor1	chr7	1803922	1804580	LTR/ERV1	3270	-	329	1804251	2424
chr7	1801827	2001827	harbor1	chr7	1835608	1836021	LTR/ERV1	4412	-	206	1835814	33987
chr7	1801827	2001827	harbor1	chr7	1836319	1836554	LTR/ERV1	4412	-	118	1836437	34610
chr7	25269481	25469481	harbor1	chr7	25279746	25280222	LTR/ERV1	1749	-	238	25279984	10503
chr7	25269481	25469481	harbor1	chr7	25286541	25286873	LTR/ERV1	1158	-	166	25286707	17226
chr7	25269481	25469481	harbor1	chr7	25286930	25287223	LTR/ERV1	1068	-	146	25287076	17595
chr7	44506775	44706775	harbor1	chr7	44506516	44506945	LTR/ERV1	2402	-	214	44506730	45
chr7	44506775	44706775	harbor1	chr7	44507301	44507323	LTR/ERV1	2402	-	11	44507312	537
chr7	44506775	44706775	harbor1	chr7	44556133	44556367	LTR/ERV1	1332	-	117	44556250	49475
chr7	26995599	27195599	harbor1	chr7	27053143	27053461	LTR/ERV1	1685	-	159	27053302	57703
chr7	1801933	2001933	harbor1	chr7	1803140	1803256	LTR/ERV1	2668	-	58	1803198	1265
chr7	1801933	2001933	harbor1	chr7	1803555	1803916	LTR/ERV1	2668	-	180	1803735	1802
chr7	1801933	2001933	harbor1	chr7	1803922	1804580	LTR/ERV1	3270	-	329	1804251	2318
chr7	1801933	2001933	harbor1	chr7	1835608	1836021	LTR/ERV1	4412	-	206	1835814	33881
chr7	1801933	2001933	harbor1	chr7	1836319	1836554	LTR/ERV1	4412	-	118	1836437	34504
chr7	104889111	105089111	harbor1	chr7	104897839	104898006	LTR/ERV1	3118	-	84	104897923	8812
chr7	104889111	105089111	harbor1	chr7	104898307	104898672	LTR/ERV1	3118	-	182	104898489	9378
chr7	104889111	105089111	harbor1	chr7	104927431	104927758	LTR/ERV1	2065	-	164	104927595	38484
chr7	104889111	105089111	harbor1	chr7	104935554	104935933	LTR/ERV1	2580	-	190	104935744	46633
chr7	104889111	105089111	harbor1	chr7	104938288	104938359	LTR/ERV1	635	-	36	104938324	49213
chr7	104889111	105089111	harbor1	chr7	104938639	104938819	LTR/ERV1	635	-	90	104938729	49618
chr7	6060378	6260378	harbor1	chr7	6096282	6096725	LTR/ERV1	2662	-	222	6096504	36126
chr7	123576545	123776545	harbor1	chr7	123646114	123646340	LTR/ERV1	1929	-	113	123646227	69682
chr7	123576545	123776545	harbor1	chr7	123646666	123646863	LTR/ERV1	1929	-	98	123646764	70219
chr7	123576545	123776545	harbor1	chr7	123646866	123646937	LTR/ERV1	1214	-	36	123646902	70357
chr7	123576545	123776545	harbor1	chr7	123646938	123647615	LTR/ERV1	4895	-	338	123647276	70731
chr7	123576545	123776545	harbor1	chr7	123647616	123647817	LTR/ERV1	1214	-	100	123647716	71171
chr7	102333429	102533429	harbor1	chr7	102340558	102340945	LTR/ERV1	2483	-	194	102340752	7323
chr7	102333429	102533429	harbor1	chr7	102341232	102341262	LTR/ERV1	2483	-	15	102341247	7818
chr7	102333429	102533429	harbor1	chr7	102393255	102393356	LTR/ERV1	629	-	50	102393305	59876
chr7	102333429	102533429	harbor1	chr7	102394289	102394323	LTR/ERV1	629	-	17	102394306	60877
chr7	102333429	102533429	harbor1	chr7	102394665	102394882	LTR/ERV1	1378	-	108	102394773	61344
chr7	102333429	102533429	harbor1	chr7	102395181	102395273	LTR/ERV1	1378	-	46	102395227	61798
chr7	102333429	102533429	harbor1	chr7	102395578	102395842	LTR/ERV1	1378	-	132	102395710	62281
chr7	31971286	32171286	harbor1	chr7	32013305	32013887	LTR/ERV1	4517	-	291	32013596	42310
chr7	44696529	44896529	harbor1	chr7	44716597	44716716	LTR/ERV1	753	-	60	44716657	20128
chr7	44696529	44896529	harbor1	chr7	44716687	44716719	LTR/ERV1	3066	-	16	44716703	20174
chr7	44696529	44896529	harbor1	chr7	44717027	44717446	LTR/ERV1	3066	-	210	44717237	20708
chr7	44696529	44896529	harbor1	chr7	44717448	44717666	LTR/ERV1	5621	-	109	44717557	21028
chr7	44696529	44896529	harbor1	chr7	44718264	44718818	LTR/ERV1	7232	-	277	44718541	22012
chr7	44696529	44896529	harbor1	chr7	44719083	44719228	LTR/ERV1	7232	-	72	44719155	22626
chr7	44696529	44896529	harbor1	chr7	44720016	44720082	LTR/ERV1	7232	-	33	44720049	23520
chr7	44696529	44896529	harbor1	chr7	44720366	44721344	LTR/ERV1	7232	-	489	44720855	24326
chr7	44696529	44896529	harbor1	chr7	44721645	44721675	LTR/ERV1	7232	-	15	44721660	25131
chr7	44696529	44896529	harbor1	chr7	44721989	44722427	LTR/ERV1	7232	-	219	44722208	25679
chr7	44696529	44896529	harbor1	chr7	44723376	44723869	LTR/ERV1	3345	-	246	44723622	27093
chr7	44696529	44896529	harbor1	chr7	44723870	44723996	LTR/ERV1	871	-	63	44723933	27404
chr7	44696529	44896529	harbor1	chr7	44723999	44724095	LTR/ERV1	823	-	48	44724047	27518
chr7	44696529	44896529	harbor1	chr7	44724376	44724538	LTR/ERV1	823	-	81	44724457	27928
chr7	44696529	44896529	harbor1	chr7	44726266	44726863	LTR/ERV1	4564	-	298	44726564	30035
chr7	44696529	44896529	harbor1	chr7	44741263	44741658	LTR/ERV1	945	-	198	44741461	44932
chr7	47520643	47720643	harbor1	chr7	47613365	47613861	LTR/ERV1	985	-	248	47613613	92970
chr7	47520643	47720643	harbor1	chr7	47616862	47616877	LTR/ERV1	2270	-	8	47616870	96227
chr7	47520643	47720643	harbor1	chr7	47617182	47617404	LTR/ERV1	2270	-	111	47617293	96650
chr7	47520643	47720643	harbor1	chr7	47617696	47617857	LTR/ERV1	2270	-	80	47617776	97133
chr7	44439928	44639928	harbor1	chr7	44491315	44491662	LTR/ERV1	950	-	174	44491489	51561
chr7	44439928	44639928	harbor1	chr7	44494050	44494164	LTR/ERV1	528	-	57	44494107	54179
chr7	44439928	44639928	harbor1	chr7	44506516	44506945	LTR/ERV1	2402	-	214	44506730	66802
chr7	44439928	44639928	harbor1	chr7	44507301	44507323	LTR/ERV1	2402	-	11	44507312	67384
chr7	20551436	20751436	harbor1	chr7	20559261	20560882	LTR/ERV1	7675	-	810	20560071	8635
chr7	20551436	20751436	harbor1	chr7	20583847	20584758	LTR/ERV1	4254	-	456	20584303	32867
chr7	20551436	20751436	harbor1	chr7	20589088	20589589	LTR/ERV1	2813	-	250	20589338	37902
chr7	90142065	90342065	harbor1	chr7	90175688	90177131	LTR/ERV1	6615	-	722	90176410	34345
chr7	90142065	90342065	harbor1	chr7	90188200	90188732	LTR/ERV1	1782	-	266	90188466	46401
chr7	90142065	90342065	harbor1	chr7	90190385	90191058	LTR/ERV1	1620	-	336	90190721	48656
chr7	90142065	90342065	harbor1	chr7	90191594	90192484	LTR/ERV1	4342	-	445	90192039	49974
chr7	90142065	90342065	harbor1	chr7	90194319	90194618	LTR/ERV1	1418	-	150	90194469	52404
chr7	90142065	90342065	harbor1	chr7	90195590	90195776	LTR/ERV1	590	-	93	90195683	53618
chr7	90142065	90342065	harbor1	chr7	90192907	90194038	LTR/ERV1	6520	-	566	90193473	51408
chr7	155304444	155504444	harbor1	chr7	155385057	155385808	LTR/ERV1	5525	-	376	155385433	80989
chr7	155304444	155504444	harbor1	chr7	155397523	155398713	LTR/ERV1	7193	-	595	155398118	93674
chr7	37817008	38017008	harbor1	chr7	37824548	37824998	LTR/ERV1	1768	-	225	37824773	7765
chr7	37817008	38017008	harbor1	chr7	37866693	37867423	LTR/ERV1	2388	-	365	37867058	50050
chr7	37817008	38017008	harbor1	chr7	37868057	37868563	LTR/ERV1	3351	-	253	37868310	51302
chr7	21261819	21461819	harbor1	chr7	21283123	21283721	LTR/ERV1	1919	-	299	21283422	21603
chr7	21261819	21461819	harbor1	chr7	21327880	21328511	LTR/ERV1	4664	-	316	21328196	66377
chr7	21261819	21461819	harbor1	chr7	21329133	21331037	LTR/ERV1	8626	-	952	21330085	68266
chr7	21261819	21461819	harbor1	chr7	21347465	21348146	LTR/ERV1	3808	-	340	21347805	85986
chr7	1763585	1963585	harbor1	chr7	1803140	1803256	LTR/ERV1	2668	-	58	1803198	39613
chr7	1763585	1963585	harbor1	chr7	1803555	1803916	LTR/ERV1	2668	-	180	1803735	40150
chr7	1763585	1963585	harbor1	chr7	1803922	1804580	LTR/ERV1	3270	-	329	1804251	40666
chr7	1763585	1963585	harbor1	chr7	1835608	1836021	LTR/ERV1	4412	-	206	1835814	72229
chr7	1763585	1963585	harbor1	chr7	1836319	1836554	LTR/ERV1	4412	-	118	1836437	72852
chr7	150858477	151058477	harbor1	chr7	150887243	150887702	LTR/ERV1	3708	-	230	150887473	28996
chr7	150858477	151058477	harbor1	chr7	150905318	150905773	LTR/ERV1	2730	-	228	150905546	47069
chr7	150858477	151058477	harbor1	chr7	150905774	150905922	LTR/ERV1	1081	-	74	150905848	47371
chr7	157236661	157436661	harbor1	chr7	157287703	157287883	LTR/ERV1	3548	-	90	157287793	51132
chr7	157236661	157436661	harbor1	chr7	157288182	157288735	LTR/ERV1	3548	-	276	157288458	51797
chr7	157236661	157436661	harbor1	chr7	157305129	157305306	LTR/ERV1	2348	-	88	157305217	68556
chr7	157236661	157436661	harbor1	chr7	157305639	157305790	LTR/ERV1	2348	-	76	157305715	69054
chr7	157236661	157436661	harbor1	chr7	157306607	157306944	LTR/ERV1	2372	-	168	157306775	70114
chr7	157236661	157436661	harbor1	chr7	157307768	157308147	LTR/ERV1	4100	-	190	157307958	71297
chr7	157236661	157436661	harbor1	chr7	157308733	157308802	LTR/ERV1	4100	-	34	157308767	72106
chr7	157236661	157436661	harbor1	chr7	157309106	157309293	LTR/ERV1	4100	-	94	157309200	72539
chr7	157236661	157436661	harbor1	chr7	157310655	157311042	LTR/ERV1	993	-	194	157310849	74188
chr7	157236661	157436661	harbor1	chr7	157334926	157335344	LTR/ERV1	567	-	209	157335135	98474
chr7	123639349	123839349	harbor1	chr7	123646114	123646340	LTR/ERV1	1929	-	113	123646227	6878
chr7	123639349	123839349	harbor1	chr7	123646666	123646863	LTR/ERV1	1929	-	98	123646764	7415
chr7	123639349	123839349	harbor1	chr7	123646866	123646937	LTR/ERV1	1214	-	36	123646902	7553
chr7	123639349	123839349	harbor1	chr7	123646938	123647615	LTR/ERV1	4895	-	338	123647276	7927
chr7	123639349	123839349	harbor1	chr7	123647616	123647817	LTR/ERV1	1214	-	100	123647716	8367
chr7	26994913	27194913	harbor1	chr7	27053143	27053461	LTR/ERV1	1685	-	159	27053302	58389
chr7	44439932	44639932	harbor1	chr7	44491315	44491662	LTR/ERV1	950	-	174	44491489	51557
chr7	44439932	44639932	harbor1	chr7	44494050	44494164	LTR/ERV1	528	-	57	44494107	54175
chr7	44439932	44639932	harbor1	chr7	44506516	44506945	LTR/ERV1	2402	-	214	44506730	66798
chr7	44439932	44639932	harbor1	chr7	44507301	44507323	LTR/ERV1	2402	-	11	44507312	67380
chr7	93685527	93885527	harbor1	chr7	93693278	93693565	LTR/ERV1	1427	-	144	93693422	7895
chr8	23408871	23608871	harbor1	chr8	23464730	23465180	LTR/ERV1	3146	-	225	23464955	56084
chr8	38169250	38369250	harbor1	chr8	38202985	38203281	LTR/ERV1	618	-	148	38203133	33883
chr8	38169250	38369250	harbor1	chr8	38203581	38203620	LTR/ERV1	442	-	20	38203601	34351
chr8	38169250	38369250	harbor1	chr8	38203854	38203970	LTR/ERV1	454	-	58	38203912	34662
chr8	23409382	23609382	harbor1	chr8	23464730	23465180	LTR/ERV1	3146	-	225	23464955	55573
chr8	23428927	23628927	harbor1	chr8	23464730	23465180	LTR/ERV1	3146	-	225	23464955	36028
chr8	124271348	124471348	harbor1	chr8	124363492	124363574	LTR/ERV1	1410	-	41	124363533	92185
chr8	124271348	124471348	harbor1	chr8	124363867	124364030	LTR/ERV1	1410	-	82	124363949	92601
chr8	23428510	23628510	harbor1	chr8	23464730	23465180	LTR/ERV1	3146	-	225	23464955	36445
chr8	23428925	23628925	harbor1	chr8	23464730	23465180	LTR/ERV1	3146	-	225	23464955	36030
chr8	23428297	23628297	harbor1	chr8	23464730	23465180	LTR/ERV1	3146	-	225	23464955	36658
chr8	142524992	142724992	harbor1	chr8	142552343	142553181	LTR/ERV1	4181	-	419	142552762	27770
chr8	142524992	142724992	harbor1	chr8	142554380	142554849	LTR/ERV1	2729	-	234	142554614	29622
chr8	23408903	23608903	harbor1	chr8	23464730	23465180	LTR/ERV1	3146	-	225	23464955	56052
chr8	23379720	23579720	harbor1	chr8	23464730	23465180	LTR/ERV1	3146	-	225	23464955	85235
chr8	23428962	23628962	harbor1	chr8	23464730	23465180	LTR/ERV1	3146	-	225	23464955	35993
chr8	23428983	23628983	harbor1	chr8	23464730	23465180	LTR/ERV1	3146	-	225	23464955	35972
chr8	17983945	18183945	harbor1	chr8	18007978	18008109	LTR/ERV1	753	-	66	18008044	24099
chr8	17983945	18183945	harbor1	chr8	18008575	18008960	LTR/ERV1	2062	-	192	18008767	24822
chr8	23428928	23628928	harbor1	chr8	23464730	23465180	LTR/ERV1	3146	-	225	23464955	36027
chr8	23371923	23571923	harbor1	chr8	23464730	23465180	LTR/ERV1	3146	-	225	23464955	93032
chr8	23428391	23628391	harbor1	chr8	23464730	23465180	LTR/ERV1	3146	-	225	23464955	36564
chr8	23428850	23628850	harbor1	chr8	23464730	23465180	LTR/ERV1	3146	-	225	23464955	36105
chr8	23371938	23571938	harbor1	chr8	23464730	23465180	LTR/ERV1	3146	-	225	23464955	93017
chr8	23428493	23628493	harbor1	chr8	23464730	23465180	LTR/ERV1	3146	-	225	23464955	36462
chr8	23428942	23628942	harbor1	chr8	23464730	23465180	LTR/ERV1	3146	-	225	23464955	36013
chr8	23428811	23628811	harbor1	chr8	23464730	23465180	LTR/ERV1	3146	-	225	23464955	36144
chr8	22449326	22649326	harbor1	chr8	22463225	22463669	LTR/ERV1	724	-	222	22463447	14121
chr8	22449326	22649326	harbor1	chr8	22479778	22479927	LTR/ERV1	777	-	74	22479852	30526
chr8	22449326	22649326	harbor1	chr8	22479930	22480484	LTR/ERV1	2136	-	277	22480207	30881
chr8	22449326	22649326	harbor1	chr8	22480779	22480813	LTR/ERV1	2136	-	17	22480796	31470
chr8	22449326	22649326	harbor1	chr8	22480937	22481052	LTR/ERV1	2136	-	58	22480995	31669
chr8	22449326	22649326	harbor1	chr8	22481389	22481545	LTR/ERV1	2136	-	78	22481467	32141
chr8	22449326	22649326	harbor1	chr8	22482632	22483282	LTR/ERV1	2333	-	325	22482957	33631
chr8	22449326	22649326	harbor1	chr8	22483586	22483803	LTR/ERV1	2333	-	108	22483694	34368
chr8	22449326	22649326	harbor1	chr8	22484146	22484563	LTR/ERV1	1287	-	208	22484354	35028
chr8	22449326	22649326	harbor1	chr8	22484564	22484839	LTR/ERV1	621	-	138	22484702	35376
chr8	22449326	22649326	harbor1	chr8	22485673	22486122	LTR/ERV1	2423	-	224	22485897	36571
chr8	22449326	22649326	harbor1	chr8	22505568	22505897	LTR/ERV1	1460	-	164	22505732	56406
chr8	22449326	22649326	harbor1	chr8	22506276	22506396	LTR/ERV1	761	-	60	22506336	57010
chr8	23409313	23609313	harbor1	chr8	23464730	23465180	LTR/ERV1	3146	-	225	23464955	55642
chr8	9314880	9514880	harbor1	chr8	9380760	9381152	LTR/ERV1	2313	-	196	9380956	66076
chr8	9314880	9514880	harbor1	chr8	9381373	9381968	LTR/ERV1	3811	-	298	9381671	66791
chr8	9314880	9514880	harbor1	chr8	9387270	9387803	LTR/ERV1	3999	-	266	9387536	72656
chr8	9314880	9514880	harbor1	chr8	9388109	9388332	LTR/ERV1	3999	-	112	9388221	73341
chr8	9314880	9514880	harbor1	chr8	9391019	9391548	LTR/ERV1	3036	-	264	9391283	76403
chr8	38169200	38369200	harbor1	chr8	38202985	38203281	LTR/ERV1	618	-	148	38203133	33933
chr8	38169200	38369200	harbor1	chr8	38203581	38203620	LTR/ERV1	442	-	20	38203601	34401
chr8	38169200	38369200	harbor1	chr8	38203854	38203970	LTR/ERV1	454	-	58	38203912	34712
chr8	23398381	23598381	harbor1	chr8	23464730	23465180	LTR/ERV1	3146	-	225	23464955	66574
chr8	23382036	23582036	harbor1	chr8	23464730	23465180	LTR/ERV1	3146	-	225	23464955	82919
chr8	23409011	23609011	harbor1	chr8	23464730	23465180	LTR/ERV1	3146	-	225	23464955	55944
chr8	23428813	23628813	harbor1	chr8	23464730	23465180	LTR/ERV1	3146	-	225	23464955	36142
chr8	23380145	23580145	harbor1	chr8	23464730	23465180	LTR/ERV1	3146	-	225	23464955	84810
chr8	23043892	23243892	harbor1	chr8	23051848	23052058	LTR/ERV1	593	-	105	23051953	8061
chr8	23043892	23243892	harbor1	chr8	23069937	23071352	LTR/ERV1	10184	-	708	23070645	26753
chr8	23043892	23243892	harbor1	chr8	23073058	23073226	LTR/ERV1	730	-	84	23073142	29250
chr8	23043892	23243892	harbor1	chr8	23078055	23078377	LTR/ERV1	1511	-	161	23078216	34324
chr8	23043892	23243892	harbor1	chr8	23078352	23078589	LTR/ERV1	1214	-	118	23078470	34578
chr8	23043892	23243892	harbor1	chr8	23085095	23085791	LTR/ERV1	4406	-	348	23085443	41551
chr8	23043892	23243892	harbor1	chr8	23096638	23097015	LTR/ERV1	1582	-	188	23096826	52934
chr8	23043892	23243892	harbor1	chr8	23100160	23100305	LTR/ERV1	1670	-	72	23100232	56340
chr8	23043892	23243892	harbor1	chr8	23100615	23100901	LTR/ERV1	1670	-	143	23100758	56866
chr8	23043892	23243892	harbor1	chr8	23106442	23106580	LTR/ERV1	570	-	69	23106511	62619
chr8	23043892	23243892	harbor1	chr8	23106615	23106705	LTR/ERV1	665	-	45	23106660	62768
chr8	23043892	23243892	harbor1	chr8	23106930	23107074	LTR/ERV1	665	-	72	23107002	63110
chr8	23043892	23243892	harbor1	chr8	23107976	23108220	LTR/ERV1	1091	-	122	23108098	64206
chr8	23043892	23243892	harbor1	chr8	23108192	23108534	LTR/ERV1	1147	-	171	23108363	64471
chr8	38168882	38368882	harbor1	chr8	38202985	38203281	LTR/ERV1	618	-	148	38203133	34251
chr8	38168882	38368882	harbor1	chr8	38203581	38203620	LTR/ERV1	442	-	20	38203601	34719
chr8	38168882	38368882	harbor1	chr8	38203854	38203970	LTR/ERV1	454	-	58	38203912	35030
chr8	23407361	23607361	harbor1	chr8	23464730	23465180	LTR/ERV1	3146	-	225	23464955	57594
chr8	23428529	23628529	harbor1	chr8	23464730	23465180	LTR/ERV1	3146	-	225	23464955	36426
chr8	23428549	23628549	harbor1	chr8	23464730	23465180	LTR/ERV1	3146	-	225	23464955	36406
chr8	23428888	23628888	harbor1	chr8	23464730	23465180	LTR/ERV1	3146	-	225	23464955	36067
chr8	23428866	23628866	harbor1	chr8	23464730	23465180	LTR/ERV1	3146	-	225	23464955	36089
chr8	23393384	23593384	harbor1	chr8	23464730	23465180	LTR/ERV1	3146	-	225	23464955	71571
chr8	23408040	23608040	harbor1	chr8	23464730	23465180	LTR/ERV1	3146	-	225	23464955	56915
chr8	23428871	23628871	harbor1	chr8	23464730	23465180	LTR/ERV1	3146	-	225	23464955	36084
chr8	23428530	23628530	harbor1	chr8	23464730	23465180	LTR/ERV1	3146	-	225	23464955	36425
chr8	38168620	38368620	harbor1	chr8	38202985	38203281	LTR/ERV1	618	-	148	38203133	34513
chr8	38168620	38368620	harbor1	chr8	38203581	38203620	LTR/ERV1	442	-	20	38203601	34981
chr8	38168620	38368620	harbor1	chr8	38203854	38203970	LTR/ERV1	454	-	58	38203912	35292
chr8	29983333	30183333	harbor1	chr8	29997424	29997559	LTR/ERV1	2306	-	68	29997492	14159
chr8	29983333	30183333	harbor1	chr8	29997843	29998155	LTR/ERV1	2306	-	156	29997999	14666
chr8	29983333	30183333	harbor1	chr8	29998326	29998388	LTR/ERV1	509	-	31	29998357	15024
chr8	29983333	30183333	harbor1	chr8	30034288	30034889	LTR/ERV1	2900	-	300	30034588	51255
chr8	23428833	23628833	harbor1	chr8	23464730	23465180	LTR/ERV1	3146	-	225	23464955	36122
chr8	102556520	102756520	harbor1	chr8	102584195	102584708	LTR/ERV1	3233	-	256	102584451	27931
chr8	23382024	23582024	harbor1	chr8	23464730	23465180	LTR/ERV1	3146	-	225	23464955	82931
chr8	23382929	23582929	harbor1	chr8	23464730	23465180	LTR/ERV1	3146	-	225	23464955	82026
chr8	23428812	23628812	harbor1	chr8	23464730	23465180	LTR/ERV1	3146	-	225	23464955	36143
chr8	23428407	23628407	harbor1	chr8	23464730	23465180	LTR/ERV1	3146	-	225	23464955	36548
chr8	23428497	23628497	harbor1	chr8	23464730	23465180	LTR/ERV1	3146	-	225	23464955	36458
chr8	23419568	23619568	harbor1	chr8	23464730	23465180	LTR/ERV1	3146	-	225	23464955	45387
chr8	27225680	27425680	harbor1	chr8	27270633	27270784	LTR/ERV1	432	-	76	27270709	45029
chr8	27225680	27425680	harbor1	chr8	27270963	27271168	LTR/ERV1	466	-	102	27271065	45385
chr8	27225680	27425680	harbor1	chr8	27312887	27312989	LTR/ERV1	2752	-	51	27312938	87258
chr8	27225680	27425680	harbor1	chr8	27313374	27314059	LTR/ERV1	2752	-	342	27313716	88036
chr8	27225680	27425680	harbor1	chr8	27278925	27279373	LTR/ERV1	3304	-	224	27279149	53469
chr8	23428434	23628434	harbor1	chr8	23464730	23465180	LTR/ERV1	3146	-	225	23464955	36521
chr8	23428557	23628557	harbor1	chr8	23464730	23465180	LTR/ERV1	3146	-	225	23464955	36398
chr8	23428919	23628919	harbor1	chr8	23464730	23465180	LTR/ERV1	3146	-	225	23464955	36036
chr8	90970524	91170524	harbor1	chr8	91015557	91016146	LTR/ERV1	4831	-	294	91015851	45327
chr8	90970524	91170524	harbor1	chr8	91059878	91060332	LTR/ERV1	2918	-	227	91060105	89581
chr8	38169251	38369251	harbor1	chr8	38202985	38203281	LTR/ERV1	618	-	148	38203133	33882
chr8	38169251	38369251	harbor1	chr8	38203581	38203620	LTR/ERV1	442	-	20	38203601	34350
chr8	38169251	38369251	harbor1	chr8	38203854	38203970	LTR/ERV1	454	-	58	38203912	34661
chr8	23428835	23628835	harbor1	chr8	23464730	23465180	LTR/ERV1	3146	-	225	23464955	36120
chr8	23428480	23628480	harbor1	chr8	23464730	23465180	LTR/ERV1	3146	-	225	23464955	36475
chr8	2481328	2681328	harbor1	chr8	2490865	2491738	LTR/ERV1	5060	-	436	2491301	9973
chr8	2481328	2681328	harbor1	chr8	2492857	2493371	LTR/ERV1	1066	-	257	2493114	11786
chr8	2481328	2681328	harbor1	chr8	2494984	2495392	LTR/ERV1	1140	-	204	2495188	13860
chr8	2481328	2681328	harbor1	chr8	2495563	2496241	LTR/ERV1	5165	-	339	2495902	14574
chr8	2481328	2681328	harbor1	chr8	2496252	2496306	LTR/ERV1	439	-	27	2496279	14951
chr8	2481328	2681328	harbor1	chr8	2511171	2511396	LTR/ERV1	1185	-	112	2511283	29955
chr8	2481328	2681328	harbor1	chr8	2511606	2511852	LTR/ERV1	1165	-	123	2511729	30401
chr8	2481328	2681328	harbor1	chr8	2565493	2566187	LTR/ERV1	3498	-	347	2565840	84512
chr8	2481328	2681328	harbor1	chr8	2579927	2580403	LTR/ERV1	2246	-	238	2580165	98837
chr8	23428515	23628515	harbor1	chr8	23464730	23465180	LTR/ERV1	3146	-	225	23464955	36440
chr8	23393484	23593484	harbor1	chr8	23464730	23465180	LTR/ERV1	3146	-	225	23464955	71471
chr8	23380424	23580424	harbor1	chr8	23464730	23465180	LTR/ERV1	3146	-	225	23464955	84531
chr8	23428487	23628487	harbor1	chr8	23464730	23465180	LTR/ERV1	3146	-	225	23464955	36468
chr8	23393608	23593608	harbor1	chr8	23464730	23465180	LTR/ERV1	3146	-	225	23464955	71347
chr8	23428433	23628433	harbor1	chr8	23464730	23465180	LTR/ERV1	3146	-	225	23464955	36522
chr8	41797946	41997946	harbor1	chr8	41810679	41811434	LTR/ERV1	2065	-	378	41811057	13111
chr8	41797946	41997946	harbor1	chr8	41812198	41812656	LTR/ERV1	2373	-	229	41812427	14481
chr8	41797946	41997946	harbor1	chr8	41813037	41814079	LTR/ERV1	4431	-	521	41813558	15612
chr8	41797946	41997946	harbor1	chr8	41814377	41816390	LTR/ERV1	4955	-	1006	41815383	17437
chr8	41797946	41997946	harbor1	chr8	41817013	41817154	LTR/ERV1	4955	-	70	41817083	19137
chr8	41797946	41997946	harbor1	chr8	41817272	41817493	LTR/ERV1	627	-	110	41817382	19436
chr8	41797946	41997946	harbor1	chr8	41817535	41817706	LTR/ERV1	415	-	86	41817621	19675
chr8	41797946	41997946	harbor1	chr8	41817751	41818531	LTR/ERV1	1401	-	390	41818141	20195
chr8	41797946	41997946	harbor1	chr8	41819338	41820167	LTR/ERV1	3099	-	414	41819752	21806
chr8	41797946	41997946	harbor1	chr8	41820496	41820647	LTR/ERV1	3099	-	76	41820572	22626
chr8	41797946	41997946	harbor1	chr8	41820662	41821198	LTR/ERV1	2966	-	268	41820930	22984
chr8	12095160	12295160	harbor1	chr8	12103235	12103913	LTR/ERV1	4198	-	339	12103574	8414
chr8	12095160	12295160	harbor1	chr8	12111847	12112444	LTR/ERV1	4524	-	298	12112145	16985
chr8	29983365	30183365	harbor1	chr8	29997424	29997559	LTR/ERV1	2306	-	68	29997492	14127
chr8	29983365	30183365	harbor1	chr8	29997843	29998155	LTR/ERV1	2306	-	156	29997999	14634
chr8	29983365	30183365	harbor1	chr8	29998326	29998388	LTR/ERV1	509	-	31	29998357	14992
chr8	29983365	30183365	harbor1	chr8	30034288	30034889	LTR/ERV1	2900	-	300	30034588	51223
chr8	23398492	23598492	harbor1	chr8	23464730	23465180	LTR/ERV1	3146	-	225	23464955	66463
chr8	23428524	23628524	harbor1	chr8	23464730	23465180	LTR/ERV1	3146	-	225	23464955	36431
chr8	141299565	141499565	harbor1	chr8	141340244	141340799	LTR/ERV1	2612	-	278	141340522	40957
chr8	23384163	23584163	harbor1	chr8	23464730	23465180	LTR/ERV1	3146	-	225	23464955	80792
chr8	23428822	23628822	harbor1	chr8	23464730	23465180	LTR/ERV1	3146	-	225	23464955	36133
chr8	143477444	143677444	harbor1	chr8	143546526	143546588	LTR/ERV1	643	-	31	143546557	69113
chr8	143477444	143677444	harbor1	chr8	143546880	143546947	LTR/ERV1	2006	-	34	143546914	69470
chr8	143477444	143677444	harbor1	chr8	143547254	143547574	LTR/ERV1	2006	-	160	143547414	69970
chr8	143477444	143677444	harbor1	chr8	143548371	143548475	LTR/ERV1	2006	-	52	143548423	70979
chr8	9051756	9251756	harbor1	chr8	9054423	9054642	LTR/ERV1	2497	-	110	9054533	2777
chr8	9051756	9251756	harbor1	chr8	9054953	9054999	LTR/ERV1	2497	-	23	9054976	3220
chr8	9051756	9251756	harbor1	chr8	9055000	9055387	LTR/ERV1	2481	-	194	9055194	3438
chr8	9051756	9251756	harbor1	chr8	9055388	9055574	LTR/ERV1	2497	-	93	9055481	3725
chr8	9051756	9251756	harbor1	chr8	9055838	9056019	LTR/ERV1	2497	-	90	9055928	4172
chr8	9051756	9251756	harbor1	chr8	9058914	9059313	LTR/ERV1	2627	-	200	9059114	7358
chr8	9051756	9251756	harbor1	chr8	9059314	9059688	LTR/ERV1	2204	-	187	9059501	7745
chr8	9051756	9251756	harbor1	chr8	9059689	9059904	LTR/ERV1	1408	-	108	9059797	8041
chr8	9051756	9251756	harbor1	chr8	9061629	9061776	LTR/ERV1	954	-	74	9061703	9947
chr8	9051756	9251756	harbor1	chr8	9061756	9064791	LTR/ERV1	20915	-	1518	9063274	11518
chr8	9051756	9251756	harbor1	chr8	9064794	9065195	LTR/ERV1	2668	-	200	9064994	13238
chr8	9051756	9251756	harbor1	chr8	9077320	9077756	LTR/ERV1	756	-	218	9077538	25782
chr8	9051756	9251756	harbor1	chr8	9079567	9079679	LTR/ERV1	1811	-	56	9079623	27867
chr8	9051756	9251756	harbor1	chr8	9079971	9080287	LTR/ERV1	1811	-	158	9080129	28373
chr8	9051756	9251756	harbor1	chr8	9081731	9081837	LTR/ERV1	735	-	53	9081784	30028
chr8	9051756	9251756	harbor1	chr8	9059906	9061638	LTR/ERV1	8764	-	866	9060772	9016
chr8	23428849	23628849	harbor1	chr8	23464730	23465180	LTR/ERV1	3146	-	225	23464955	36106
chr8	23373952	23573952	harbor1	chr8	23464730	23465180	LTR/ERV1	3146	-	225	23464955	91003
chr8	32680029	32880029	harbor1	chr8	32776933	32777351	LTR/ERV1	1972	-	209	32777142	97113
chr8	32680029	32880029	harbor1	chr8	32777424	32778380	LTR/ERV1	6869	-	478	32777902	97873
chr8	53999312	54199312	harbor1	chr8	54087754	54088344	LTR/ERV1	4827	-	295	54088049	88737
chr8	38167799	38367799	harbor1	chr8	38202985	38203281	LTR/ERV1	618	-	148	38203133	35334
chr8	38167799	38367799	harbor1	chr8	38203581	38203620	LTR/ERV1	442	-	20	38203601	35802
chr8	38167799	38367799	harbor1	chr8	38203854	38203970	LTR/ERV1	454	-	58	38203912	36113
chr8	23428936	23628936	harbor1	chr8	23464730	23465180	LTR/ERV1	3146	-	225	23464955	36019
chr8	143147120	143347120	harbor1	chr8	143174126	143174559	LTR/ERV1	2579	-	216	143174342	27222
chr8	143147120	143347120	harbor1	chr8	143174760	143175251	LTR/ERV1	1648	-	246	143175006	27886
chr8	143147120	143347120	harbor1	chr8	143175348	143175435	LTR/ERV1	3275	-	44	143175392	28272
chr8	143147120	143347120	harbor1	chr8	143175732	143176213	LTR/ERV1	3275	-	240	143175972	28852
chr8	143147120	143347120	harbor1	chr8	143176341	143176733	LTR/ERV1	2323	-	196	143176537	29417
chr8	143147120	143347120	harbor1	chr8	143177081	143177591	LTR/ERV1	2862	-	255	143177336	30216
chr8	143147120	143347120	harbor1	chr8	143177582	143178817	LTR/ERV1	3410	-	618	143178200	31080
chr8	143147120	143347120	harbor1	chr8	143223007	143223378	LTR/ERV1	2067	-	186	143223193	76073
chr8	143147120	143347120	harbor1	chr8	143179485	143180015	LTR/ERV1	2619	-	265	143179750	32630
chr8	23409024	23609024	harbor1	chr8	23464730	23465180	LTR/ERV1	3146	-	225	23464955	55931
chr8	23428958	23628958	harbor1	chr8	23464730	23465180	LTR/ERV1	3146	-	225	23464955	35997
chr8	26477624	26677624	harbor1	chr8	26526707	26527228	LTR/ERV1	1799	-	260	26526967	49343
chr8	8286401	8486401	harbor1	chr8	8358592	8359171	LTR/ERV1	2730	-	290	8358882	72481
chr8	8286401	8486401	harbor1	chr8	8359175	8359482	LTR/ERV1	1361	-	154	8359329	72928
chr8	8286401	8486401	harbor1	chr8	8359471	8362615	LTR/ERV1	9198	-	1572	8361043	74642
chr8	8286401	8486401	harbor1	chr8	8362617	8363270	LTR/ERV1	2213	-	326	8362943	76542
chr8	38168860	38368860	harbor1	chr8	38202985	38203281	LTR/ERV1	618	-	148	38203133	34273
chr8	38168860	38368860	harbor1	chr8	38203581	38203620	LTR/ERV1	442	-	20	38203601	34741
chr8	38168860	38368860	harbor1	chr8	38203854	38203970	LTR/ERV1	454	-	58	38203912	35052
chr8	54001253	54201253	harbor1	chr8	54087754	54088344	LTR/ERV1	4827	-	295	54088049	86796
chr8	143323804	143523804	harbor1	chr8	143354415	143354431	LTR/ERV1	703	-	8	143354423	30619
chr8	143323804	143523804	harbor1	chr8	143354732	143354900	LTR/ERV1	703	-	84	143354816	31012
chr8	23382017	23582017	harbor1	chr8	23464730	23465180	LTR/ERV1	3146	-	225	23464955	82938
chr8	23428526	23628526	harbor1	chr8	23464730	23465180	LTR/ERV1	3146	-	225	23464955	36429
chr8	27519509	27719509	harbor1	chr8	27555629	27556140	LTR/ERV1	2113	-	256	27555885	36376
chr8	27519509	27719509	harbor1	chr8	27561879	27562431	LTR/ERV1	4505	-	276	27562155	42646
chr8	25084956	25284956	harbor1	chr8	25177756	25178183	LTR/ERV1	2653	-	214	25177970	93014
chr8	23372498	23572498	harbor1	chr8	23464730	23465180	LTR/ERV1	3146	-	225	23464955	92457
chr8	21328820	21528820	harbor1	chr8	21330056	21330707	LTR/ERV1	2523	-	326	21330382	1562
chr8	21328820	21528820	harbor1	chr8	21331319	21331820	LTR/ERV1	2793	-	250	21331569	2749
chr8	21328820	21528820	harbor1	chr8	21387525	21387960	LTR/ERV1	1870	-	218	21387743	58923
chr8	21328820	21528820	harbor1	chr8	21390264	21390565	LTR/ERV1	3217	-	150	21390414	61594
chr8	21328820	21528820	harbor1	chr8	21390868	21391333	LTR/ERV1	3217	-	232	21391100	62280
chr8	21328820	21528820	harbor1	chr8	21400564	21401052	LTR/ERV1	2971	-	244	21400808	71988
chr8	141299674	141499674	harbor1	chr8	141340244	141340799	LTR/ERV1	2612	-	278	141340522	40848
chr8	23382188	23582188	harbor1	chr8	23464730	23465180	LTR/ERV1	3146	-	225	23464955	82767
chr8	20295312	20495312	harbor1	chr8	20343069	20344109	LTR/ERV1	3921	-	520	20343589	48277
chr8	20295312	20495312	harbor1	chr8	20352355	20352842	LTR/ERV1	3505	-	244	20352599	57287
chr8	20295312	20495312	harbor1	chr8	20388497	20388961	LTR/ERV1	2589	-	232	20388729	93417
chr8	38162265	38362265	harbor1	chr8	38202985	38203281	LTR/ERV1	618	-	148	38203133	40868
chr8	38162265	38362265	harbor1	chr8	38203581	38203620	LTR/ERV1	442	-	20	38203601	41336
chr8	38162265	38362265	harbor1	chr8	38203854	38203970	LTR/ERV1	454	-	58	38203912	41647
chr8	23381183	23581183	harbor1	chr8	23464730	23465180	LTR/ERV1	3146	-	225	23464955	83772
chr8	600183	800183	harbor1	chr8	643997	644339	LTR/ERV1	567	-	171	644168	43985
chr8	600183	800183	harbor1	chr8	657153	657554	LTR/ERV1	2175	-	200	657353	57170
chr8	600183	800183	harbor1	chr8	657562	657945	LTR/ERV1	2590	-	192	657754	57571
chr8	23428879	23628879	harbor1	chr8	23464730	23465180	LTR/ERV1	3146	-	225	23464955	36076
chr8	38169230	38369230	harbor1	chr8	38202985	38203281	LTR/ERV1	618	-	148	38203133	33903
chr8	38169230	38369230	harbor1	chr8	38203581	38203620	LTR/ERV1	442	-	20	38203601	34371
chr8	38169230	38369230	harbor1	chr8	38203854	38203970	LTR/ERV1	454	-	58	38203912	34682
chr8	144299476	144499476	harbor1	chr8	144368742	144369160	LTR/ERV1	3136	-	209	144368951	69475
chr8	144299476	144499476	harbor1	chr8	144369497	144369696	LTR/ERV1	3136	-	100	144369597	70121
chr8	144364372	144564372	harbor1	chr8	144368742	144369160	LTR/ERV1	3136	-	209	144368951	4579
chr8	144364372	144564372	harbor1	chr8	144369497	144369696	LTR/ERV1	3136	-	100	144369597	5225
chr8	142677225	142877225	harbor1	chr8	142679419	142680003	LTR/ERV1	3080	-	292	142679711	2486
chr8	142677225	142877225	harbor1	chr8	142685011	142685203	LTR/ERV1	970	-	96	142685107	7882
chr8	142677225	142877225	harbor1	chr8	142685506	142685912	LTR/ERV1	852	-	203	142685709	8484
chr8	142677225	142877225	harbor1	chr8	142686488	142686582	LTR/ERV1	493	-	47	142686535	9310
chr8	142677225	142877225	harbor1	chr8	142686582	142687123	LTR/ERV1	3725	-	270	142686852	9627
chr8	142677225	142877225	harbor1	chr8	142687416	142687531	LTR/ERV1	3725	-	58	142687474	10249
chr8	142677225	142877225	harbor1	chr8	142688574	142690795	LTR/ERV1	5494	-	1110	142689684	12459
chr8	142677225	142877225	harbor1	chr8	142690798	142691228	LTR/ERV1	2751	-	215	142691013	13788
chr8	142677225	142877225	harbor1	chr8	142691269	142691670	LTR/ERV1	555	-	200	142691469	14244
chr8	142677225	142877225	harbor1	chr8	142691677	142692677	LTR/ERV1	2321	-	500	142692177	14952
chr8	142677225	142877225	harbor1	chr8	142692730	142692987	LTR/ERV1	1419	-	128	142692858	15633
chr8	142677225	142877225	harbor1	chr8	142693519	142693659	LTR/ERV1	828	-	70	142693589	16364
chr8	142677225	142877225	harbor1	chr8	142694364	142694873	LTR/ERV1	3149	-	254	142694618	17393
chr8	142677225	142877225	harbor1	chr8	142697183	142697438	LTR/ERV1	885	-	128	142697311	20086
chr8	142677225	142877225	harbor1	chr8	142699824	142700158	LTR/ERV1	692	-	167	142699991	22766
chr8	142677225	142877225	harbor1	chr8	142728645	142728932	LTR/ERV1	1818	-	144	142728789	51564
chr8	142677225	142877225	harbor1	chr8	142729138	142729234	LTR/ERV1	748	-	48	142729186	51961
chr8	142677225	142877225	harbor1	chr8	142729235	142729403	LTR/ERV1	1271	-	84	142729319	52094
chr8	142677225	142877225	harbor1	chr8	142729404	142730444	LTR/ERV1	2010	-	520	142729924	52699
chr8	142677225	142877225	harbor1	chr8	142730633	142730744	LTR/ERV1	3299	-	56	142730689	53464
chr8	142677225	142877225	harbor1	chr8	142731045	142731563	LTR/ERV1	3299	-	259	142731304	54079
chr8	142677225	142877225	harbor1	chr8	142731965	142732161	LTR/ERV1	1548	-	98	142732063	54838
chr8	142677225	142877225	harbor1	chr8	142732208	142732864	LTR/ERV1	1548	-	328	142732536	55311
chr8	142677225	142877225	harbor1	chr8	142732889	142733469	LTR/ERV1	4142	-	290	142733179	55954
chr8	142677225	142877225	harbor1	chr8	142733473	142733586	LTR/ERV1	746	-	56	142733529	56304
chr8	142677225	142877225	harbor1	chr8	142733686	142734225	LTR/ERV1	3011	-	270	142733956	56731
chr8	142677225	142877225	harbor1	chr8	142687531	142688344	LTR/ERV1	3505	-	406	142687937	10712
chr8	142524934	142724934	harbor1	chr8	142552343	142553181	LTR/ERV1	4181	-	419	142552762	27828
chr8	142524934	142724934	harbor1	chr8	142554380	142554849	LTR/ERV1	2729	-	234	142554614	29680
chr8	38073888	38273888	harbor1	chr8	38076586	38076798	LTR/ERV1	969	-	106	38076692	2804
chr8	38073888	38273888	harbor1	chr8	38079241	38079357	LTR/ERV1	2189	-	58	38079299	5411
chr8	38073888	38273888	harbor1	chr8	38079973	38080290	LTR/ERV1	2189	-	158	38080131	6243
chr8	38073888	38273888	harbor1	chr8	38081818	38082338	LTR/ERV1	4207	-	260	38082078	8190
chr8	38073888	38273888	harbor1	chr8	38082342	38087554	LTR/ERV1	43586	-	2606	38084948	11060
chr8	38073888	38273888	harbor1	chr8	38087765	38090706	LTR/ERV1	24515	-	1470	38089235	15347
chr8	38073888	38273888	harbor1	chr8	38091009	38091567	LTR/ERV1	24515	-	279	38091288	17400
chr8	38073888	38273888	harbor1	chr8	38091568	38092093	LTR/ERV1	4187	-	262	38091830	17942
chr8	38073888	38273888	harbor1	chr8	38137831	38137995	LTR/ERV1	3096	-	82	38137913	64025
chr8	38073888	38273888	harbor1	chr8	38138304	38138600	LTR/ERV1	3096	-	148	38138452	64564
chr8	38073888	38273888	harbor1	chr8	38076246	38076581	LTR/ERV1	1276	-	168	38076414	2526
chr8	38073888	38273888	harbor1	chr8	38092415	38093002	LTR/ERV1	3374	-	294	38092709	18821
chr8	142524957	142724957	harbor1	chr8	142552343	142553181	LTR/ERV1	4181	-	419	142552762	27805
chr8	142524957	142724957	harbor1	chr8	142554380	142554849	LTR/ERV1	2729	-	234	142554614	29657
chr8	141299700	141499700	harbor1	chr8	141340244	141340799	LTR/ERV1	2612	-	278	141340522	40822
chr8	38169172	38369172	harbor1	chr8	38202985	38203281	LTR/ERV1	618	-	148	38203133	33961
chr8	38169172	38369172	harbor1	chr8	38203581	38203620	LTR/ERV1	442	-	20	38203601	34429
chr8	38169172	38369172	harbor1	chr8	38203854	38203970	LTR/ERV1	454	-	58	38203912	34740
chr8	144174289	144374289	harbor1	chr8	144173732	144174375	LTR/ERV1	2925	-	322	144174054	235
chr8	23429068	23629068	harbor1	chr8	23464730	23465180	LTR/ERV1	3146	-	225	23464955	35887
chr8	38169199	38369199	harbor1	chr8	38202985	38203281	LTR/ERV1	618	-	148	38203133	33934
chr8	38169199	38369199	harbor1	chr8	38203581	38203620	LTR/ERV1	442	-	20	38203601	34402
chr8	38169199	38369199	harbor1	chr8	38203854	38203970	LTR/ERV1	454	-	58	38203912	34713
chr8	23424122	23624122	harbor1	chr8	23464730	23465180	LTR/ERV1	3146	-	225	23464955	40833
chr8	23381900	23581900	harbor1	chr8	23464730	23465180	LTR/ERV1	3146	-	225	23464955	83055
chr8	11745829	11945829	harbor1	chr8	11796765	11797241	LTR/ERV1	2336	-	238	11797003	51174
chr8	11745829	11945829	harbor1	chr8	11798850	11799618	LTR/ERV1	4769	-	384	11799234	53405
chr8	11745829	11945829	harbor1	chr8	11799619	11799665	LTR/ERV1	4467	-	23	11799642	53813
chr8	11745829	11945829	harbor1	chr8	11799971	11799981	LTR/ERV1	4467	-	5	11799976	54147
chr8	11745829	11945829	harbor1	chr8	11800291	11800839	LTR/ERV1	4467	-	274	11800565	54736
chr8	11745829	11945829	harbor1	chr8	11800840	11800947	LTR/ERV1	4769	-	54	11800894	55065
chr8	11745829	11945829	harbor1	chr8	11807811	11808255	LTR/ERV1	1325	-	222	11808033	62204
chr8	11745829	11945829	harbor1	chr8	11796450	11796718	LTR/ERV1	1010	-	134	11796584	50755
chr8	142524984	142724984	harbor1	chr8	142552343	142553181	LTR/ERV1	4181	-	419	142552762	27778
chr8	142524984	142724984	harbor1	chr8	142554380	142554849	LTR/ERV1	2729	-	234	142554614	29630
chr8	41761146	41961146	harbor1	chr8	41810679	41811434	LTR/ERV1	2065	-	378	41811057	49911
chr8	41761146	41961146	harbor1	chr8	41812198	41812656	LTR/ERV1	2373	-	229	41812427	51281
chr8	41761146	41961146	harbor1	chr8	41813037	41814079	LTR/ERV1	4431	-	521	41813558	52412
chr8	41761146	41961146	harbor1	chr8	41814377	41816390	LTR/ERV1	4955	-	1006	41815383	54237
chr8	41761146	41961146	harbor1	chr8	41817013	41817154	LTR/ERV1	4955	-	70	41817083	55937
chr8	41761146	41961146	harbor1	chr8	41817272	41817493	LTR/ERV1	627	-	110	41817382	56236
chr8	41761146	41961146	harbor1	chr8	41817535	41817706	LTR/ERV1	415	-	86	41817621	56475
chr8	41761146	41961146	harbor1	chr8	41817751	41818531	LTR/ERV1	1401	-	390	41818141	56995
chr8	41761146	41961146	harbor1	chr8	41819338	41820167	LTR/ERV1	3099	-	414	41819752	58606
chr8	41761146	41961146	harbor1	chr8	41820496	41820647	LTR/ERV1	3099	-	76	41820572	59426
chr8	41761146	41961146	harbor1	chr8	41820662	41821198	LTR/ERV1	2966	-	268	41820930	59784
chr8	142524942	142724942	harbor1	chr8	142552343	142553181	LTR/ERV1	4181	-	419	142552762	27820
chr8	142524942	142724942	harbor1	chr8	142554380	142554849	LTR/ERV1	2729	-	234	142554614	29672
chr8	141299679	141499679	harbor1	chr8	141340244	141340799	LTR/ERV1	2612	-	278	141340522	40843
chr8	143323770	143523770	harbor1	chr8	143354415	143354431	LTR/ERV1	703	-	8	143354423	30653
chr8	143323770	143523770	harbor1	chr8	143354732	143354900	LTR/ERV1	703	-	84	143354816	31046
chr8	10959439	11159439	harbor1	chr8	11055061	11055480	LTR/ERV1	1496	-	210	11055271	95832
chr8	38167906	38367906	harbor1	chr8	38202985	38203281	LTR/ERV1	618	-	148	38203133	35227
chr8	38167906	38367906	harbor1	chr8	38203581	38203620	LTR/ERV1	442	-	20	38203601	35695
chr8	38167906	38367906	harbor1	chr8	38203854	38203970	LTR/ERV1	454	-	58	38203912	36006
chr8	38167394	38367394	harbor1	chr8	38202985	38203281	LTR/ERV1	618	-	148	38203133	35739
chr8	38167394	38367394	harbor1	chr8	38203581	38203620	LTR/ERV1	442	-	20	38203601	36207
chr8	38167394	38367394	harbor1	chr8	38203854	38203970	LTR/ERV1	454	-	58	38203912	36518
chr8	143323854	143523854	harbor1	chr8	143354415	143354431	LTR/ERV1	703	-	8	143354423	30569
chr8	143323854	143523854	harbor1	chr8	143354732	143354900	LTR/ERV1	703	-	84	143354816	30962
chr8	102556596	102756596	harbor1	chr8	102584195	102584708	LTR/ERV1	3233	-	256	102584451	27855
chr8	23428939	23628939	harbor1	chr8	23464730	23465180	LTR/ERV1	3146	-	225	23464955	36016
chr8	144364844	144564844	harbor1	chr8	144368742	144369160	LTR/ERV1	3136	-	209	144368951	4107
chr8	144364844	144564844	harbor1	chr8	144369497	144369696	LTR/ERV1	3136	-	100	144369597	4753
chr8	23412882	23612882	harbor1	chr8	23464730	23465180	LTR/ERV1	3146	-	225	23464955	52073
chr8	29983323	30183323	harbor1	chr8	29997424	29997559	LTR/ERV1	2306	-	68	29997492	14169
chr8	29983323	30183323	harbor1	chr8	29997843	29998155	LTR/ERV1	2306	-	156	29997999	14676
chr8	29983323	30183323	harbor1	chr8	29998326	29998388	LTR/ERV1	509	-	31	29998357	15034
chr8	29983323	30183323	harbor1	chr8	30034288	30034889	LTR/ERV1	2900	-	300	30034588	51265
chr8	29983355	30183355	harbor1	chr8	29997424	29997559	LTR/ERV1	2306	-	68	29997492	14137
chr8	29983355	30183355	harbor1	chr8	29997843	29998155	LTR/ERV1	2306	-	156	29997999	14644
chr8	29983355	30183355	harbor1	chr8	29998326	29998388	LTR/ERV1	509	-	31	29998357	15002
chr8	29983355	30183355	harbor1	chr8	30034288	30034889	LTR/ERV1	2900	-	300	30034588	51233
chr8	89884330	90084330	harbor1	chr8	89912327	89912473	LTR/ERV1	3557	-	73	89912400	28070
chr8	89884330	90084330	harbor1	chr8	89912775	89913407	LTR/ERV1	3557	-	316	89913091	28761
chr8	23373996	23573996	harbor1	chr8	23464730	23465180	LTR/ERV1	3146	-	225	23464955	90959
chr8	23583116	23783116	harbor1	chr8	23594707	23595091	LTR/ERV1	2517	-	192	23594899	11783
chr8	23583116	23783116	harbor1	chr8	23595157	23595630	LTR/ERV1	1149	-	236	23595393	12277
chr8	23583116	23783116	harbor1	chr8	23595652	23596473	LTR/ERV1	1059	-	410	23596062	12946
chr9	4483026	4683026	harbor1	chr9	4541184	4541754	LTR/ERV1	3535	-	285	4541469	58443
chr9	4483026	4683026	harbor1	chr9	4538095	4538525	LTR/ERV1	3025	-	215	4538310	55284
chr9	137214159	137414159	harbor1	chr9	137289370	137289466	LTR/ERV1	505	-	48	137289418	75259
chr9	137214159	137414159	harbor1	chr9	137289769	137289804	LTR/ERV1	505	-	18	137289787	75628
chr9	137214159	137414159	harbor1	chr9	137290731	137290775	LTR/ERV1	770	-	22	137290753	76594
chr9	137214159	137414159	harbor1	chr9	137291081	137291269	LTR/ERV1	770	-	94	137291175	77016
chr9	4692784	4892784	harbor1	chr9	4752442	4752692	LTR/ERV1	1126	-	125	4752567	59783
chr9	4692784	4892784	harbor1	chr9	4753575	4753662	LTR/ERV1	480	-	44	4753619	60835
chr9	4692784	4892784	harbor1	chr9	4755575	4755863	LTR/ERV1	1640	-	144	4755719	62935
chr9	4692784	4892784	harbor1	chr9	4756168	4756240	LTR/ERV1	1640	-	36	4756204	63420
chr9	4692784	4892784	harbor1	chr9	4756261	4756546	LTR/ERV1	1781	-	142	4756403	63619
chr9	4692784	4892784	harbor1	chr9	4756775	4757260	LTR/ERV1	1930	-	242	4757017	64233
chr9	137213401	137413401	harbor1	chr9	137289370	137289466	LTR/ERV1	505	-	48	137289418	76017
chr9	137213401	137413401	harbor1	chr9	137289769	137289804	LTR/ERV1	505	-	18	137289787	76386
chr9	137213401	137413401	harbor1	chr9	137290731	137290775	LTR/ERV1	770	-	22	137290753	77352
chr9	137213401	137413401	harbor1	chr9	137291081	137291269	LTR/ERV1	770	-	94	137291175	77774
chr9	4669274	4869274	harbor1	chr9	4752442	4752692	LTR/ERV1	1126	-	125	4752567	83293
chr9	4669274	4869274	harbor1	chr9	4753575	4753662	LTR/ERV1	480	-	44	4753619	84345
chr9	4669274	4869274	harbor1	chr9	4755575	4755863	LTR/ERV1	1640	-	144	4755719	86445
chr9	4669274	4869274	harbor1	chr9	4756168	4756240	LTR/ERV1	1640	-	36	4756204	86930
chr9	4669274	4869274	harbor1	chr9	4756261	4756546	LTR/ERV1	1781	-	142	4756403	87129
chr9	4669274	4869274	harbor1	chr9	4756775	4757260	LTR/ERV1	1930	-	242	4757017	87743
chr9	4692259	4892259	harbor1	chr9	4752442	4752692	LTR/ERV1	1126	-	125	4752567	60308
chr9	4692259	4892259	harbor1	chr9	4753575	4753662	LTR/ERV1	480	-	44	4753619	61360
chr9	4692259	4892259	harbor1	chr9	4755575	4755863	LTR/ERV1	1640	-	144	4755719	63460
chr9	4692259	4892259	harbor1	chr9	4756168	4756240	LTR/ERV1	1640	-	36	4756204	63945
chr9	4692259	4892259	harbor1	chr9	4756261	4756546	LTR/ERV1	1781	-	142	4756403	64144
chr9	4692259	4892259	harbor1	chr9	4756775	4757260	LTR/ERV1	1930	-	242	4757017	64758
chr9	4641119	4841119	harbor1	chr9	4654276	4655017	LTR/ERV1	4749	-	370	4654646	13527
chr9	4641119	4841119	harbor1	chr9	4657562	4657949	LTR/ERV1	664	-	194	4657756	16637
chr9	4580286	4780286	harbor1	chr9	4654276	4655017	LTR/ERV1	4749	-	370	4654646	74360
chr9	4580286	4780286	harbor1	chr9	4657562	4657949	LTR/ERV1	664	-	194	4657756	77470
chr9	112387325	112587325	harbor1	chr9	112413710	112414293	LTR/ERV1	4949	-	292	112414002	26677
chr9	112387325	112587325	harbor1	chr9	112472532	112472565	LTR/ERV1	824	-	16	112472548	85223
chr9	112387325	112587325	harbor1	chr9	112472903	112473688	LTR/ERV1	2770	-	392	112473295	85970
chr9	112387325	112587325	harbor1	chr9	112473976	112474015	LTR/ERV1	2770	-	20	112473996	86671
chr9	4692922	4892922	harbor1	chr9	4752442	4752692	LTR/ERV1	1126	-	125	4752567	59645
chr9	4692922	4892922	harbor1	chr9	4753575	4753662	LTR/ERV1	480	-	44	4753619	60697
chr9	4692922	4892922	harbor1	chr9	4755575	4755863	LTR/ERV1	1640	-	144	4755719	62797
chr9	4692922	4892922	harbor1	chr9	4756168	4756240	LTR/ERV1	1640	-	36	4756204	63282
chr9	4692922	4892922	harbor1	chr9	4756261	4756546	LTR/ERV1	1781	-	142	4756403	63481
chr9	4692922	4892922	harbor1	chr9	4756775	4757260	LTR/ERV1	1930	-	242	4757017	64095
chr9	79473193	79673193	harbor1	chr9	79474500	79474953	LTR/ERV1	3153	-	226	79474726	1533
chr9	4694655	4894655	harbor1	chr9	4752442	4752692	LTR/ERV1	1126	-	125	4752567	57912
chr9	4694655	4894655	harbor1	chr9	4753575	4753662	LTR/ERV1	480	-	44	4753619	58964
chr9	4694655	4894655	harbor1	chr9	4755575	4755863	LTR/ERV1	1640	-	144	4755719	61064
chr9	4694655	4894655	harbor1	chr9	4756168	4756240	LTR/ERV1	1640	-	36	4756204	61549
chr9	4694655	4894655	harbor1	chr9	4756261	4756546	LTR/ERV1	1781	-	142	4756403	61748
chr9	4694655	4894655	harbor1	chr9	4756775	4757260	LTR/ERV1	1930	-	242	4757017	62362
chr9	4726841	4926841	harbor1	chr9	4752442	4752692	LTR/ERV1	1126	-	125	4752567	25726
chr9	4726841	4926841	harbor1	chr9	4753575	4753662	LTR/ERV1	480	-	44	4753619	26778
chr9	4726841	4926841	harbor1	chr9	4755575	4755863	LTR/ERV1	1640	-	144	4755719	28878
chr9	4726841	4926841	harbor1	chr9	4756168	4756240	LTR/ERV1	1640	-	36	4756204	29363
chr9	4726841	4926841	harbor1	chr9	4756261	4756546	LTR/ERV1	1781	-	142	4756403	29562
chr9	4726841	4926841	harbor1	chr9	4756775	4757260	LTR/ERV1	1930	-	242	4757017	30176
chr9	137069385	137269385	harbor1	chr9	137127600	137128119	LTR/ERV1	3182	-	260	137127860	58475
chr9	137069385	137269385	harbor1	chr9	137128653	137128856	LTR/ERV1	713	-	102	137128755	59370
chr9	112387187	112587187	harbor1	chr9	112413710	112414293	LTR/ERV1	4949	-	292	112414002	26815
chr9	112387187	112587187	harbor1	chr9	112472532	112472565	LTR/ERV1	824	-	16	112472548	85361
chr9	112387187	112587187	harbor1	chr9	112472903	112473688	LTR/ERV1	2770	-	392	112473295	86108
chr9	112387187	112587187	harbor1	chr9	112473976	112474015	LTR/ERV1	2770	-	20	112473996	86809
chr9	4681965	4881965	harbor1	chr9	4752442	4752692	LTR/ERV1	1126	-	125	4752567	70602
chr9	4681965	4881965	harbor1	chr9	4753575	4753662	LTR/ERV1	480	-	44	4753619	71654
chr9	4681965	4881965	harbor1	chr9	4755575	4755863	LTR/ERV1	1640	-	144	4755719	73754
chr9	4681965	4881965	harbor1	chr9	4756168	4756240	LTR/ERV1	1640	-	36	4756204	74239
chr9	4681965	4881965	harbor1	chr9	4756261	4756546	LTR/ERV1	1781	-	142	4756403	74438
chr9	4681965	4881965	harbor1	chr9	4756775	4757260	LTR/ERV1	1930	-	242	4757017	75052
chr9	4692767	4892767	harbor1	chr9	4752442	4752692	LTR/ERV1	1126	-	125	4752567	59800
chr9	4692767	4892767	harbor1	chr9	4753575	4753662	LTR/ERV1	480	-	44	4753619	60852
chr9	4692767	4892767	harbor1	chr9	4755575	4755863	LTR/ERV1	1640	-	144	4755719	62952
chr9	4692767	4892767	harbor1	chr9	4756168	4756240	LTR/ERV1	1640	-	36	4756204	63437
chr9	4692767	4892767	harbor1	chr9	4756261	4756546	LTR/ERV1	1781	-	142	4756403	63636
chr9	4692767	4892767	harbor1	chr9	4756775	4757260	LTR/ERV1	1930	-	242	4757017	64250
chr9	4697988	4897988	harbor1	chr9	4752442	4752692	LTR/ERV1	1126	-	125	4752567	54579
chr9	4697988	4897988	harbor1	chr9	4753575	4753662	LTR/ERV1	480	-	44	4753619	55631
chr9	4697988	4897988	harbor1	chr9	4755575	4755863	LTR/ERV1	1640	-	144	4755719	57731
chr9	4697988	4897988	harbor1	chr9	4756168	4756240	LTR/ERV1	1640	-	36	4756204	58216
chr9	4697988	4897988	harbor1	chr9	4756261	4756546	LTR/ERV1	1781	-	142	4756403	58415
chr9	4697988	4897988	harbor1	chr9	4756775	4757260	LTR/ERV1	1930	-	242	4757017	59029
chr9	4642306	4842306	harbor1	chr9	4654276	4655017	LTR/ERV1	4749	-	370	4654646	12340
chr9	4642306	4842306	harbor1	chr9	4657562	4657949	LTR/ERV1	664	-	194	4657756	15450
chr9	4692228	4892228	harbor1	chr9	4752442	4752692	LTR/ERV1	1126	-	125	4752567	60339
chr9	4692228	4892228	harbor1	chr9	4753575	4753662	LTR/ERV1	480	-	44	4753619	61391
chr9	4692228	4892228	harbor1	chr9	4755575	4755863	LTR/ERV1	1640	-	144	4755719	63491
chr9	4692228	4892228	harbor1	chr9	4756168	4756240	LTR/ERV1	1640	-	36	4756204	63976
chr9	4692228	4892228	harbor1	chr9	4756261	4756546	LTR/ERV1	1781	-	142	4756403	64175
chr9	4692228	4892228	harbor1	chr9	4756775	4757260	LTR/ERV1	1930	-	242	4757017	64789
chr9	4663605	4863605	harbor1	chr9	4752442	4752692	LTR/ERV1	1126	-	125	4752567	88962
chr9	4663605	4863605	harbor1	chr9	4753575	4753662	LTR/ERV1	480	-	44	4753619	90014
chr9	4663605	4863605	harbor1	chr9	4755575	4755863	LTR/ERV1	1640	-	144	4755719	92114
chr9	4663605	4863605	harbor1	chr9	4756168	4756240	LTR/ERV1	1640	-	36	4756204	92599
chr9	4663605	4863605	harbor1	chr9	4756261	4756546	LTR/ERV1	1781	-	142	4756403	92798
chr9	4663605	4863605	harbor1	chr9	4756775	4757260	LTR/ERV1	1930	-	242	4757017	93412
chr9	4692785	4892785	harbor1	chr9	4752442	4752692	LTR/ERV1	1126	-	125	4752567	59782
chr9	4692785	4892785	harbor1	chr9	4753575	4753662	LTR/ERV1	480	-	44	4753619	60834
chr9	4692785	4892785	harbor1	chr9	4755575	4755863	LTR/ERV1	1640	-	144	4755719	62934
chr9	4692785	4892785	harbor1	chr9	4756168	4756240	LTR/ERV1	1640	-	36	4756204	63419
chr9	4692785	4892785	harbor1	chr9	4756261	4756546	LTR/ERV1	1781	-	142	4756403	63618
chr9	4692785	4892785	harbor1	chr9	4756775	4757260	LTR/ERV1	1930	-	242	4757017	64232
chr9	4692247	4892247	harbor1	chr9	4752442	4752692	LTR/ERV1	1126	-	125	4752567	60320
chr9	4692247	4892247	harbor1	chr9	4753575	4753662	LTR/ERV1	480	-	44	4753619	61372
chr9	4692247	4892247	harbor1	chr9	4755575	4755863	LTR/ERV1	1640	-	144	4755719	63472
chr9	4692247	4892247	harbor1	chr9	4756168	4756240	LTR/ERV1	1640	-	36	4756204	63957
chr9	4692247	4892247	harbor1	chr9	4756261	4756546	LTR/ERV1	1781	-	142	4756403	64156
chr9	4692247	4892247	harbor1	chr9	4756775	4757260	LTR/ERV1	1930	-	242	4757017	64770
chr9	4692230	4892230	harbor1	chr9	4752442	4752692	LTR/ERV1	1126	-	125	4752567	60337
chr9	4692230	4892230	harbor1	chr9	4753575	4753662	LTR/ERV1	480	-	44	4753619	61389
chr9	4692230	4892230	harbor1	chr9	4755575	4755863	LTR/ERV1	1640	-	144	4755719	63489
chr9	4692230	4892230	harbor1	chr9	4756168	4756240	LTR/ERV1	1640	-	36	4756204	63974
chr9	4692230	4892230	harbor1	chr9	4756261	4756546	LTR/ERV1	1781	-	142	4756403	64173
chr9	4692230	4892230	harbor1	chr9	4756775	4757260	LTR/ERV1	1930	-	242	4757017	64787
chr9	4650540	4850540	harbor1	chr9	4654276	4655017	LTR/ERV1	4749	-	370	4654646	4106
chr9	4650540	4850540	harbor1	chr9	4657562	4657949	LTR/ERV1	664	-	194	4657756	7216
chr9	137214640	137414640	harbor1	chr9	137289370	137289466	LTR/ERV1	505	-	48	137289418	74778
chr9	137214640	137414640	harbor1	chr9	137289769	137289804	LTR/ERV1	505	-	18	137289787	75147
chr9	137214640	137414640	harbor1	chr9	137290731	137290775	LTR/ERV1	770	-	22	137290753	76113
chr9	137214640	137414640	harbor1	chr9	137291081	137291269	LTR/ERV1	770	-	94	137291175	76535
chr9	4692833	4892833	harbor1	chr9	4752442	4752692	LTR/ERV1	1126	-	125	4752567	59734
chr9	4692833	4892833	harbor1	chr9	4753575	4753662	LTR/ERV1	480	-	44	4753619	60786
chr9	4692833	4892833	harbor1	chr9	4755575	4755863	LTR/ERV1	1640	-	144	4755719	62886
chr9	4692833	4892833	harbor1	chr9	4756168	4756240	LTR/ERV1	1640	-	36	4756204	63371
chr9	4692833	4892833	harbor1	chr9	4756261	4756546	LTR/ERV1	1781	-	142	4756403	63570
chr9	4692833	4892833	harbor1	chr9	4756775	4757260	LTR/ERV1	1930	-	242	4757017	64184
chr9	92958938	93158938	harbor1	chr9	92970303	92970747	LTR/ERV1	841	-	222	92970525	11587
chr9	92958938	93158938	harbor1	chr9	92982654	92982803	LTR/ERV1	2130	-	74	92982728	23790
chr9	92958938	93158938	harbor1	chr9	92983097	92983240	LTR/ERV1	2130	-	72	92983169	24231
chr9	92958938	93158938	harbor1	chr9	92983547	92983638	LTR/ERV1	2130	-	46	92983593	24655
chr9	92958938	93158938	harbor1	chr9	92983638	92985415	LTR/ERV1	5069	-	888	92984526	25588
chr9	92958938	93158938	harbor1	chr9	92985407	92985465	LTR/ERV1	4543	-	29	92985436	26498
chr9	92958938	93158938	harbor1	chr9	92985778	92987150	LTR/ERV1	5596	-	686	92986464	27526
chr9	92958938	93158938	harbor1	chr9	92987462	92987589	LTR/ERV1	5596	-	64	92987526	28588
chr9	92958938	93158938	harbor1	chr9	92987595	92988018	LTR/ERV1	2560	-	212	92987807	28869
chr9	92958938	93158938	harbor1	chr9	92988019	92988459	LTR/ERV1	2781	-	220	92988239	29301
chr9	92958938	93158938	harbor1	chr9	92988460	92988547	LTR/ERV1	2560	-	44	92988504	29566
chr9	92958938	93158938	harbor1	chr9	92989451	92989908	LTR/ERV1	3253	-	228	92989679	30741
chr9	92958938	93158938	harbor1	chr9	93018328	93018759	LTR/ERV1	2471	-	216	93018544	59606
chr9	92958938	93158938	harbor1	chr9	93020570	93020816	LTR/ERV1	1173	-	123	93020693	61755
chr9	92958938	93158938	harbor1	chr9	93047296	93047632	LTR/ERV1	967	-	168	93047464	88526
chr9	92958938	93158938	harbor1	chr9	93047950	93048061	LTR/ERV1	967	-	56	93048006	89068
chr9	4663129	4863129	harbor1	chr9	4752442	4752692	LTR/ERV1	1126	-	125	4752567	89438
chr9	4663129	4863129	harbor1	chr9	4753575	4753662	LTR/ERV1	480	-	44	4753619	90490
chr9	4663129	4863129	harbor1	chr9	4755575	4755863	LTR/ERV1	1640	-	144	4755719	92590
chr9	4663129	4863129	harbor1	chr9	4756168	4756240	LTR/ERV1	1640	-	36	4756204	93075
chr9	4663129	4863129	harbor1	chr9	4756261	4756546	LTR/ERV1	1781	-	142	4756403	93274
chr9	4663129	4863129	harbor1	chr9	4756775	4757260	LTR/ERV1	1930	-	242	4757017	93888
chr9	4692827	4892827	harbor1	chr9	4752442	4752692	LTR/ERV1	1126	-	125	4752567	59740
chr9	4692827	4892827	harbor1	chr9	4753575	4753662	LTR/ERV1	480	-	44	4753619	60792
chr9	4692827	4892827	harbor1	chr9	4755575	4755863	LTR/ERV1	1640	-	144	4755719	62892
chr9	4692827	4892827	harbor1	chr9	4756168	4756240	LTR/ERV1	1640	-	36	4756204	63377
chr9	4692827	4892827	harbor1	chr9	4756261	4756546	LTR/ERV1	1781	-	142	4756403	63576
chr9	4692827	4892827	harbor1	chr9	4756775	4757260	LTR/ERV1	1930	-	242	4757017	64190
chr9	4692787	4892787	harbor1	chr9	4752442	4752692	LTR/ERV1	1126	-	125	4752567	59780
chr9	4692787	4892787	harbor1	chr9	4753575	4753662	LTR/ERV1	480	-	44	4753619	60832
chr9	4692787	4892787	harbor1	chr9	4755575	4755863	LTR/ERV1	1640	-	144	4755719	62932
chr9	4692787	4892787	harbor1	chr9	4756168	4756240	LTR/ERV1	1640	-	36	4756204	63417
chr9	4692787	4892787	harbor1	chr9	4756261	4756546	LTR/ERV1	1781	-	142	4756403	63616
chr9	4692787	4892787	harbor1	chr9	4756775	4757260	LTR/ERV1	1930	-	242	4757017	64230
chr9	112387209	112587209	harbor1	chr9	112413710	112414293	LTR/ERV1	4949	-	292	112414002	26793
chr9	112387209	112587209	harbor1	chr9	112472532	112472565	LTR/ERV1	824	-	16	112472548	85339
chr9	112387209	112587209	harbor1	chr9	112472903	112473688	LTR/ERV1	2770	-	392	112473295	86086
chr9	112387209	112587209	harbor1	chr9	112473976	112474015	LTR/ERV1	2770	-	20	112473996	86787
chr9	4692828	4892828	harbor1	chr9	4752442	4752692	LTR/ERV1	1126	-	125	4752567	59739
chr9	4692828	4892828	harbor1	chr9	4753575	4753662	LTR/ERV1	480	-	44	4753619	60791
chr9	4692828	4892828	harbor1	chr9	4755575	4755863	LTR/ERV1	1640	-	144	4755719	62891
chr9	4692828	4892828	harbor1	chr9	4756168	4756240	LTR/ERV1	1640	-	36	4756204	63376
chr9	4692828	4892828	harbor1	chr9	4756261	4756546	LTR/ERV1	1781	-	142	4756403	63575
chr9	4692828	4892828	harbor1	chr9	4756775	4757260	LTR/ERV1	1930	-	242	4757017	64189
chr9	4692847	4892847	harbor1	chr9	4752442	4752692	LTR/ERV1	1126	-	125	4752567	59720
chr9	4692847	4892847	harbor1	chr9	4753575	4753662	LTR/ERV1	480	-	44	4753619	60772
chr9	4692847	4892847	harbor1	chr9	4755575	4755863	LTR/ERV1	1640	-	144	4755719	62872
chr9	4692847	4892847	harbor1	chr9	4756168	4756240	LTR/ERV1	1640	-	36	4756204	63357
chr9	4692847	4892847	harbor1	chr9	4756261	4756546	LTR/ERV1	1781	-	142	4756403	63556
chr9	4692847	4892847	harbor1	chr9	4756775	4757260	LTR/ERV1	1930	-	242	4757017	64170
chr9	4740507	4940507	harbor1	chr9	4752442	4752692	LTR/ERV1	1126	-	125	4752567	12060
chr9	4740507	4940507	harbor1	chr9	4753575	4753662	LTR/ERV1	480	-	44	4753619	13112
chr9	4740507	4940507	harbor1	chr9	4755575	4755863	LTR/ERV1	1640	-	144	4755719	15212
chr9	4740507	4940507	harbor1	chr9	4756168	4756240	LTR/ERV1	1640	-	36	4756204	15697
chr9	4740507	4940507	harbor1	chr9	4756261	4756546	LTR/ERV1	1781	-	142	4756403	15896
chr9	4740507	4940507	harbor1	chr9	4756775	4757260	LTR/ERV1	1930	-	242	4757017	16510
chr9	112387193	112587193	harbor1	chr9	112413710	112414293	LTR/ERV1	4949	-	292	112414002	26809
chr9	112387193	112587193	harbor1	chr9	112472532	112472565	LTR/ERV1	824	-	16	112472548	85355
chr9	112387193	112587193	harbor1	chr9	112472903	112473688	LTR/ERV1	2770	-	392	112473295	86102
chr9	112387193	112587193	harbor1	chr9	112473976	112474015	LTR/ERV1	2770	-	20	112473996	86803
chr9	3122465	3322465	harbor1	chr9	3156644	3157465	LTR/ERV1	4770	-	410	3157054	34589
chr9	3122465	3322465	harbor1	chr9	3199157	3199506	LTR/ERV1	2086	-	174	3199331	76866
chr9	3122465	3322465	harbor1	chr9	3199523	3199711	LTR/ERV1	899	-	94	3199617	77152
chr9	134035598	134235598	harbor1	chr9	134100665	134100932	LTR/ERV1	2887	-	134	134100799	65201
chr9	134035598	134235598	harbor1	chr9	134101232	134101525	LTR/ERV1	2887	-	146	134101378	65780
chr9	68242672	68442672	harbor1	chr9	68287840	68288277	LTR/ERV1	996	-	218	68288058	45386
chr9	68242672	68442672	harbor1	chr9	68323226	68323827	LTR/ERV1	3837	-	300	68323526	80854
chr9	4738230	4938230	harbor1	chr9	4752442	4752692	LTR/ERV1	1126	-	125	4752567	14337
chr9	4738230	4938230	harbor1	chr9	4753575	4753662	LTR/ERV1	480	-	44	4753619	15389
chr9	4738230	4938230	harbor1	chr9	4755575	4755863	LTR/ERV1	1640	-	144	4755719	17489
chr9	4738230	4938230	harbor1	chr9	4756168	4756240	LTR/ERV1	1640	-	36	4756204	17974
chr9	4738230	4938230	harbor1	chr9	4756261	4756546	LTR/ERV1	1781	-	142	4756403	18173
chr9	4738230	4938230	harbor1	chr9	4756775	4757260	LTR/ERV1	1930	-	242	4757017	18787
chr9	137214636	137414636	harbor1	chr9	137289370	137289466	LTR/ERV1	505	-	48	137289418	74782
chr9	137214636	137414636	harbor1	chr9	137289769	137289804	LTR/ERV1	505	-	18	137289787	75151
chr9	137214636	137414636	harbor1	chr9	137290731	137290775	LTR/ERV1	770	-	22	137290753	76117
chr9	137214636	137414636	harbor1	chr9	137291081	137291269	LTR/ERV1	770	-	94	137291175	76539
chr9	92958964	93158964	harbor1	chr9	92970303	92970747	LTR/ERV1	841	-	222	92970525	11561
chr9	92958964	93158964	harbor1	chr9	92982654	92982803	LTR/ERV1	2130	-	74	92982728	23764
chr9	92958964	93158964	harbor1	chr9	92983097	92983240	LTR/ERV1	2130	-	72	92983169	24205
chr9	92958964	93158964	harbor1	chr9	92983547	92983638	LTR/ERV1	2130	-	46	92983593	24629
chr9	92958964	93158964	harbor1	chr9	92983638	92985415	LTR/ERV1	5069	-	888	92984526	25562
chr9	92958964	93158964	harbor1	chr9	92985407	92985465	LTR/ERV1	4543	-	29	92985436	26472
chr9	92958964	93158964	harbor1	chr9	92985778	92987150	LTR/ERV1	5596	-	686	92986464	27500
chr9	92958964	93158964	harbor1	chr9	92987462	92987589	LTR/ERV1	5596	-	64	92987526	28562
chr9	92958964	93158964	harbor1	chr9	92987595	92988018	LTR/ERV1	2560	-	212	92987807	28843
chr9	92958964	93158964	harbor1	chr9	92988019	92988459	LTR/ERV1	2781	-	220	92988239	29275
chr9	92958964	93158964	harbor1	chr9	92988460	92988547	LTR/ERV1	2560	-	44	92988504	29540
chr9	92958964	93158964	harbor1	chr9	92989451	92989908	LTR/ERV1	3253	-	228	92989679	30715
chr9	92958964	93158964	harbor1	chr9	93018328	93018759	LTR/ERV1	2471	-	216	93018544	59580
chr9	92958964	93158964	harbor1	chr9	93020570	93020816	LTR/ERV1	1173	-	123	93020693	61729
chr9	92958964	93158964	harbor1	chr9	93047296	93047632	LTR/ERV1	967	-	168	93047464	88500
chr9	92958964	93158964	harbor1	chr9	93047950	93048061	LTR/ERV1	967	-	56	93048006	89042
chr9	4692837	4892837	harbor1	chr9	4752442	4752692	LTR/ERV1	1126	-	125	4752567	59730
chr9	4692837	4892837	harbor1	chr9	4753575	4753662	LTR/ERV1	480	-	44	4753619	60782
chr9	4692837	4892837	harbor1	chr9	4755575	4755863	LTR/ERV1	1640	-	144	4755719	62882
chr9	4692837	4892837	harbor1	chr9	4756168	4756240	LTR/ERV1	1640	-	36	4756204	63367
chr9	4692837	4892837	harbor1	chr9	4756261	4756546	LTR/ERV1	1781	-	142	4756403	63566
chr9	4692837	4892837	harbor1	chr9	4756775	4757260	LTR/ERV1	1930	-	242	4757017	64180
chr9	137067474	137267474	harbor1	chr9	137127600	137128119	LTR/ERV1	3182	-	260	137127860	60386
chr9	137067474	137267474	harbor1	chr9	137128653	137128856	LTR/ERV1	713	-	102	137128755	61281
chr9	112387231	112587231	harbor1	chr9	112413710	112414293	LTR/ERV1	4949	-	292	112414002	26771
chr9	112387231	112587231	harbor1	chr9	112472532	112472565	LTR/ERV1	824	-	16	112472548	85317
chr9	112387231	112587231	harbor1	chr9	112472903	112473688	LTR/ERV1	2770	-	392	112473295	86064
chr9	112387231	112587231	harbor1	chr9	112473976	112474015	LTR/ERV1	2770	-	20	112473996	86765
chr9	4669616	4869616	harbor1	chr9	4752442	4752692	LTR/ERV1	1126	-	125	4752567	82951
chr9	4669616	4869616	harbor1	chr9	4753575	4753662	LTR/ERV1	480	-	44	4753619	84003
chr9	4669616	4869616	harbor1	chr9	4755575	4755863	LTR/ERV1	1640	-	144	4755719	86103
chr9	4669616	4869616	harbor1	chr9	4756168	4756240	LTR/ERV1	1640	-	36	4756204	86588
chr9	4669616	4869616	harbor1	chr9	4756261	4756546	LTR/ERV1	1781	-	142	4756403	86787
chr9	4669616	4869616	harbor1	chr9	4756775	4757260	LTR/ERV1	1930	-	242	4757017	87401
chr9	133966927	134166927	harbor1	chr9	134015016	134015216	LTR/ERV1	762	-	100	134015116	48189
chr9	133966927	134166927	harbor1	chr9	134016708	134017052	LTR/ERV1	4251	-	172	134016880	49953
chr9	133966927	134166927	harbor1	chr9	134017356	134017480	LTR/ERV1	4251	-	62	134017418	50491
chr9	133966927	134166927	harbor1	chr9	134018002	134018167	LTR/ERV1	4251	-	82	134018084	51157
chr9	133966927	134166927	harbor1	chr9	134018464	134018576	LTR/ERV1	4251	-	56	134018520	51593
chr9	133966927	134166927	harbor1	chr9	134018867	134019066	LTR/ERV1	4251	-	100	134018967	52040
chr9	133966927	134166927	harbor1	chr9	134019706	134019986	LTR/ERV1	1652	-	140	134019846	52919
chr9	133966927	134166927	harbor1	chr9	134020336	134020373	LTR/ERV1	4758	-	18	134020354	53427
chr9	133966927	134166927	harbor1	chr9	134020631	134020901	LTR/ERV1	4758	-	135	134020766	53839
chr9	133966927	134166927	harbor1	chr9	134021164	134021333	LTR/ERV1	4758	-	84	134021248	54321
chr9	133966927	134166927	harbor1	chr9	134021665	134021877	LTR/ERV1	4758	-	106	134021771	54844
chr9	133966927	134166927	harbor1	chr9	134022174	134022435	LTR/ERV1	4758	-	130	134022304	55377
chr9	133966927	134166927	harbor1	chr9	134022439	134022673	LTR/ERV1	1328	-	117	134022556	55629
chr9	133966927	134166927	harbor1	chr9	134022980	134023083	LTR/ERV1	1328	-	52	134023032	56105
chr9	133966927	134166927	harbor1	chr9	134023082	134023218	LTR/ERV1	699	-	68	134023150	56223
chr9	135508512	135708512	harbor1	chr9	135534884	135535203	LTR/ERV1	2171	-	160	135535044	26532
chr9	135508512	135708512	harbor1	chr9	135535526	135535818	LTR/ERV1	2171	-	146	135535672	27160
chr9	135508512	135708512	harbor1	chr9	135571581	135571933	LTR/ERV1	2208	-	176	135571757	63245
chr9	135508512	135708512	harbor1	chr9	135572532	135573167	LTR/ERV1	4096	-	318	135572850	64338
chr9	4692923	4892923	harbor1	chr9	4752442	4752692	LTR/ERV1	1126	-	125	4752567	59644
chr9	4692923	4892923	harbor1	chr9	4753575	4753662	LTR/ERV1	480	-	44	4753619	60696
chr9	4692923	4892923	harbor1	chr9	4755575	4755863	LTR/ERV1	1640	-	144	4755719	62796
chr9	4692923	4892923	harbor1	chr9	4756168	4756240	LTR/ERV1	1640	-	36	4756204	63281
chr9	4692923	4892923	harbor1	chr9	4756261	4756546	LTR/ERV1	1781	-	142	4756403	63480
chr9	4692923	4892923	harbor1	chr9	4756775	4757260	LTR/ERV1	1930	-	242	4757017	64094
chr9	4692123	4892123	harbor1	chr9	4752442	4752692	LTR/ERV1	1126	-	125	4752567	60444
chr9	4692123	4892123	harbor1	chr9	4753575	4753662	LTR/ERV1	480	-	44	4753619	61496
chr9	4692123	4892123	harbor1	chr9	4755575	4755863	LTR/ERV1	1640	-	144	4755719	63596
chr9	4692123	4892123	harbor1	chr9	4756168	4756240	LTR/ERV1	1640	-	36	4756204	64081
chr9	4692123	4892123	harbor1	chr9	4756261	4756546	LTR/ERV1	1781	-	142	4756403	64280
chr9	4692123	4892123	harbor1	chr9	4756775	4757260	LTR/ERV1	1930	-	242	4757017	64894
chr9	4692181	4892181	harbor1	chr9	4752442	4752692	LTR/ERV1	1126	-	125	4752567	60386
chr9	4692181	4892181	harbor1	chr9	4753575	4753662	LTR/ERV1	480	-	44	4753619	61438
chr9	4692181	4892181	harbor1	chr9	4755575	4755863	LTR/ERV1	1640	-	144	4755719	63538
chr9	4692181	4892181	harbor1	chr9	4756168	4756240	LTR/ERV1	1640	-	36	4756204	64023
chr9	4692181	4892181	harbor1	chr9	4756261	4756546	LTR/ERV1	1781	-	142	4756403	64222
chr9	4692181	4892181	harbor1	chr9	4756775	4757260	LTR/ERV1	1930	-	242	4757017	64836
chr9	4692953	4892953	harbor1	chr9	4752442	4752692	LTR/ERV1	1126	-	125	4752567	59614
chr9	4692953	4892953	harbor1	chr9	4753575	4753662	LTR/ERV1	480	-	44	4753619	60666
chr9	4692953	4892953	harbor1	chr9	4755575	4755863	LTR/ERV1	1640	-	144	4755719	62766
chr9	4692953	4892953	harbor1	chr9	4756168	4756240	LTR/ERV1	1640	-	36	4756204	63251
chr9	4692953	4892953	harbor1	chr9	4756261	4756546	LTR/ERV1	1781	-	142	4756403	63450
chr9	4692953	4892953	harbor1	chr9	4756775	4757260	LTR/ERV1	1930	-	242	4757017	64064
chr9	4737755	4937755	harbor1	chr9	4752442	4752692	LTR/ERV1	1126	-	125	4752567	14812
chr9	4737755	4937755	harbor1	chr9	4753575	4753662	LTR/ERV1	480	-	44	4753619	15864
chr9	4737755	4937755	harbor1	chr9	4755575	4755863	LTR/ERV1	1640	-	144	4755719	17964
chr9	4737755	4937755	harbor1	chr9	4756168	4756240	LTR/ERV1	1640	-	36	4756204	18449
chr9	4737755	4937755	harbor1	chr9	4756261	4756546	LTR/ERV1	1781	-	142	4756403	18648
chr9	4737755	4937755	harbor1	chr9	4756775	4757260	LTR/ERV1	1930	-	242	4757017	19262
chr9	112387246	112587246	harbor1	chr9	112413710	112414293	LTR/ERV1	4949	-	292	112414002	26756
chr9	112387246	112587246	harbor1	chr9	112472532	112472565	LTR/ERV1	824	-	16	112472548	85302
chr9	112387246	112587246	harbor1	chr9	112472903	112473688	LTR/ERV1	2770	-	392	112473295	86049
chr9	112387246	112587246	harbor1	chr9	112473976	112474015	LTR/ERV1	2770	-	20	112473996	86750
chr9	133063738	133263738	harbor1	chr9	133075826	133076298	LTR/ERV1	2892	-	236	133076062	12324
chr9	133063738	133263738	harbor1	chr9	133076309	133079550	LTR/ERV1	16025	-	1620	133077929	14191
chr9	133063738	133263738	harbor1	chr9	133079541	133079664	LTR/ERV1	739	-	62	133079603	15865
chr9	133063738	133263738	harbor1	chr9	133079657	133079871	LTR/ERV1	1867	-	107	133079764	16026
chr9	133063738	133263738	harbor1	chr9	133079900	133080083	LTR/ERV1	1867	-	92	133079992	16254
chr9	133063738	133263738	harbor1	chr9	133080404	133080623	LTR/ERV1	940	-	110	133080514	16776
chr9	4692921	4892921	harbor1	chr9	4752442	4752692	LTR/ERV1	1126	-	125	4752567	59646
chr9	4692921	4892921	harbor1	chr9	4753575	4753662	LTR/ERV1	480	-	44	4753619	60698
chr9	4692921	4892921	harbor1	chr9	4755575	4755863	LTR/ERV1	1640	-	144	4755719	62798
chr9	4692921	4892921	harbor1	chr9	4756168	4756240	LTR/ERV1	1640	-	36	4756204	63283
chr9	4692921	4892921	harbor1	chr9	4756261	4756546	LTR/ERV1	1781	-	142	4756403	63482
chr9	4692921	4892921	harbor1	chr9	4756775	4757260	LTR/ERV1	1930	-	242	4757017	64096
chr9	92958998	93158998	harbor1	chr9	92970303	92970747	LTR/ERV1	841	-	222	92970525	11527
chr9	92958998	93158998	harbor1	chr9	92982654	92982803	LTR/ERV1	2130	-	74	92982728	23730
chr9	92958998	93158998	harbor1	chr9	92983097	92983240	LTR/ERV1	2130	-	72	92983169	24171
chr9	92958998	93158998	harbor1	chr9	92983547	92983638	LTR/ERV1	2130	-	46	92983593	24595
chr9	92958998	93158998	harbor1	chr9	92983638	92985415	LTR/ERV1	5069	-	888	92984526	25528
chr9	92958998	93158998	harbor1	chr9	92985407	92985465	LTR/ERV1	4543	-	29	92985436	26438
chr9	92958998	93158998	harbor1	chr9	92985778	92987150	LTR/ERV1	5596	-	686	92986464	27466
chr9	92958998	93158998	harbor1	chr9	92987462	92987589	LTR/ERV1	5596	-	64	92987526	28528
chr9	92958998	93158998	harbor1	chr9	92987595	92988018	LTR/ERV1	2560	-	212	92987807	28809
chr9	92958998	93158998	harbor1	chr9	92988019	92988459	LTR/ERV1	2781	-	220	92988239	29241
chr9	92958998	93158998	harbor1	chr9	92988460	92988547	LTR/ERV1	2560	-	44	92988504	29506
chr9	92958998	93158998	harbor1	chr9	92989451	92989908	LTR/ERV1	3253	-	228	92989679	30681
chr9	92958998	93158998	harbor1	chr9	93018328	93018759	LTR/ERV1	2471	-	216	93018544	59546
chr9	92958998	93158998	harbor1	chr9	93020570	93020816	LTR/ERV1	1173	-	123	93020693	61695
chr9	92958998	93158998	harbor1	chr9	93047296	93047632	LTR/ERV1	967	-	168	93047464	88466
chr9	92958998	93158998	harbor1	chr9	93047950	93048061	LTR/ERV1	967	-	56	93048006	89008
chr9	112387188	112587188	harbor1	chr9	112413710	112414293	LTR/ERV1	4949	-	292	112414002	26814
chr9	112387188	112587188	harbor1	chr9	112472532	112472565	LTR/ERV1	824	-	16	112472548	85360
chr9	112387188	112587188	harbor1	chr9	112472903	112473688	LTR/ERV1	2770	-	392	112473295	86107
chr9	112387188	112587188	harbor1	chr9	112473976	112474015	LTR/ERV1	2770	-	20	112473996	86808
chr9	4692437	4892437	harbor1	chr9	4752442	4752692	LTR/ERV1	1126	-	125	4752567	60130
chr9	4692437	4892437	harbor1	chr9	4753575	4753662	LTR/ERV1	480	-	44	4753619	61182
chr9	4692437	4892437	harbor1	chr9	4755575	4755863	LTR/ERV1	1640	-	144	4755719	63282
chr9	4692437	4892437	harbor1	chr9	4756168	4756240	LTR/ERV1	1640	-	36	4756204	63767
chr9	4692437	4892437	harbor1	chr9	4756261	4756546	LTR/ERV1	1781	-	142	4756403	63966
chr9	4692437	4892437	harbor1	chr9	4756775	4757260	LTR/ERV1	1930	-	242	4757017	64580
chr9	112387261	112587261	harbor1	chr9	112413710	112414293	LTR/ERV1	4949	-	292	112414002	26741
chr9	112387261	112587261	harbor1	chr9	112472532	112472565	LTR/ERV1	824	-	16	112472548	85287
chr9	112387261	112587261	harbor1	chr9	112472903	112473688	LTR/ERV1	2770	-	392	112473295	86034
chr9	112387261	112587261	harbor1	chr9	112473976	112474015	LTR/ERV1	2770	-	20	112473996	86735
chr9	79473185	79673185	harbor1	chr9	79474500	79474953	LTR/ERV1	3153	-	226	79474726	1541
chr9	4669276	4869276	harbor1	chr9	4752442	4752692	LTR/ERV1	1126	-	125	4752567	83291
chr9	4669276	4869276	harbor1	chr9	4753575	4753662	LTR/ERV1	480	-	44	4753619	84343
chr9	4669276	4869276	harbor1	chr9	4755575	4755863	LTR/ERV1	1640	-	144	4755719	86443
chr9	4669276	4869276	harbor1	chr9	4756168	4756240	LTR/ERV1	1640	-	36	4756204	86928
chr9	4669276	4869276	harbor1	chr9	4756261	4756546	LTR/ERV1	1781	-	142	4756403	87127
chr9	4669276	4869276	harbor1	chr9	4756775	4757260	LTR/ERV1	1930	-	242	4757017	87741
chr9	4663207	4863207	harbor1	chr9	4752442	4752692	LTR/ERV1	1126	-	125	4752567	89360
chr9	4663207	4863207	harbor1	chr9	4753575	4753662	LTR/ERV1	480	-	44	4753619	90412
chr9	4663207	4863207	harbor1	chr9	4755575	4755863	LTR/ERV1	1640	-	144	4755719	92512
chr9	4663207	4863207	harbor1	chr9	4756168	4756240	LTR/ERV1	1640	-	36	4756204	92997
chr9	4663207	4863207	harbor1	chr9	4756261	4756546	LTR/ERV1	1781	-	142	4756403	93196
chr9	4663207	4863207	harbor1	chr9	4756775	4757260	LTR/ERV1	1930	-	242	4757017	93810
chr9	4692939	4892939	harbor1	chr9	4752442	4752692	LTR/ERV1	1126	-	125	4752567	59628
chr9	4692939	4892939	harbor1	chr9	4753575	4753662	LTR/ERV1	480	-	44	4753619	60680
chr9	4692939	4892939	harbor1	chr9	4755575	4755863	LTR/ERV1	1640	-	144	4755719	62780
chr9	4692939	4892939	harbor1	chr9	4756168	4756240	LTR/ERV1	1640	-	36	4756204	63265
chr9	4692939	4892939	harbor1	chr9	4756261	4756546	LTR/ERV1	1781	-	142	4756403	63464
chr9	4692939	4892939	harbor1	chr9	4756775	4757260	LTR/ERV1	1930	-	242	4757017	64078
chr9	137029517	137229517	harbor1	chr9	137127600	137128119	LTR/ERV1	3182	-	260	137127860	98343
chr9	137029517	137229517	harbor1	chr9	137128653	137128856	LTR/ERV1	713	-	102	137128755	99238
chr9	137212276	137412276	harbor1	chr9	137289370	137289466	LTR/ERV1	505	-	48	137289418	77142
chr9	137212276	137412276	harbor1	chr9	137289769	137289804	LTR/ERV1	505	-	18	137289787	77511
chr9	137212276	137412276	harbor1	chr9	137290731	137290775	LTR/ERV1	770	-	22	137290753	78477
chr9	137212276	137412276	harbor1	chr9	137291081	137291269	LTR/ERV1	770	-	94	137291175	78899
chr9	4694199	4894199	harbor1	chr9	4752442	4752692	LTR/ERV1	1126	-	125	4752567	58368
chr9	4694199	4894199	harbor1	chr9	4753575	4753662	LTR/ERV1	480	-	44	4753619	59420
chr9	4694199	4894199	harbor1	chr9	4755575	4755863	LTR/ERV1	1640	-	144	4755719	61520
chr9	4694199	4894199	harbor1	chr9	4756168	4756240	LTR/ERV1	1640	-	36	4756204	62005
chr9	4694199	4894199	harbor1	chr9	4756261	4756546	LTR/ERV1	1781	-	142	4756403	62204
chr9	4694199	4894199	harbor1	chr9	4756775	4757260	LTR/ERV1	1930	-	242	4757017	62818
chr9	135599331	135799331	harbor1	chr9	135643640	135644396	LTR/ERV1	5336	-	378	135644018	44687
chr9	135599331	135799331	harbor1	chr9	135648519	135649157	LTR/ERV1	3981	-	319	135648838	49507
chr9	135599331	135799331	harbor1	chr9	135651166	135651239	LTR/ERV1	3186	-	36	135651202	51871
chr9	135599331	135799331	harbor1	chr9	135651240	135651688	LTR/ERV1	2835	-	224	135651464	52133
chr9	135599331	135799331	harbor1	chr9	135651689	135652208	LTR/ERV1	3186	-	260	135651949	52618
chr9	135599331	135799331	harbor1	chr9	135654691	135654776	LTR/ERV1	546	-	42	135654733	55402
chr9	135599331	135799331	harbor1	chr9	135680327	135680809	LTR/ERV1	3447	-	241	135680568	81237
chr9	135599331	135799331	harbor1	chr9	135680925	135681103	LTR/ERV1	1019	-	89	135681014	81683
chr9	112387224	112587224	harbor1	chr9	112413710	112414293	LTR/ERV1	4949	-	292	112414002	26778
chr9	112387224	112587224	harbor1	chr9	112472532	112472565	LTR/ERV1	824	-	16	112472548	85324
chr9	112387224	112587224	harbor1	chr9	112472903	112473688	LTR/ERV1	2770	-	392	112473295	86071
chr9	112387224	112587224	harbor1	chr9	112473976	112474015	LTR/ERV1	2770	-	20	112473996	86772
chr9	92959012	93159012	harbor1	chr9	92970303	92970747	LTR/ERV1	841	-	222	92970525	11513
chr9	92959012	93159012	harbor1	chr9	92982654	92982803	LTR/ERV1	2130	-	74	92982728	23716
chr9	92959012	93159012	harbor1	chr9	92983097	92983240	LTR/ERV1	2130	-	72	92983169	24157
chr9	92959012	93159012	harbor1	chr9	92983547	92983638	LTR/ERV1	2130	-	46	92983593	24581
chr9	92959012	93159012	harbor1	chr9	92983638	92985415	LTR/ERV1	5069	-	888	92984526	25514
chr9	92959012	93159012	harbor1	chr9	92985407	92985465	LTR/ERV1	4543	-	29	92985436	26424
chr9	92959012	93159012	harbor1	chr9	92985778	92987150	LTR/ERV1	5596	-	686	92986464	27452
chr9	92959012	93159012	harbor1	chr9	92987462	92987589	LTR/ERV1	5596	-	64	92987526	28514
chr9	92959012	93159012	harbor1	chr9	92987595	92988018	LTR/ERV1	2560	-	212	92987807	28795
chr9	92959012	93159012	harbor1	chr9	92988019	92988459	LTR/ERV1	2781	-	220	92988239	29227
chr9	92959012	93159012	harbor1	chr9	92988460	92988547	LTR/ERV1	2560	-	44	92988504	29492
chr9	92959012	93159012	harbor1	chr9	92989451	92989908	LTR/ERV1	3253	-	228	92989679	30667
chr9	92959012	93159012	harbor1	chr9	93018328	93018759	LTR/ERV1	2471	-	216	93018544	59532
chr9	92959012	93159012	harbor1	chr9	93020570	93020816	LTR/ERV1	1173	-	123	93020693	61681
chr9	92959012	93159012	harbor1	chr9	93047296	93047632	LTR/ERV1	967	-	168	93047464	88452
chr9	92959012	93159012	harbor1	chr9	93047950	93048061	LTR/ERV1	967	-	56	93048006	88994
chr9	137214593	137414593	harbor1	chr9	137289370	137289466	LTR/ERV1	505	-	48	137289418	74825
chr9	137214593	137414593	harbor1	chr9	137289769	137289804	LTR/ERV1	505	-	18	137289787	75194
chr9	137214593	137414593	harbor1	chr9	137290731	137290775	LTR/ERV1	770	-	22	137290753	76160
chr9	137214593	137414593	harbor1	chr9	137291081	137291269	LTR/ERV1	770	-	94	137291175	76582
chr9	2024097	2224097	harbor1	chr9	2107798	2108409	LTR/ERV1	3862	-	306	2108104	84007
chr9	4692195	4892195	harbor1	chr9	4752442	4752692	LTR/ERV1	1126	-	125	4752567	60372
chr9	4692195	4892195	harbor1	chr9	4753575	4753662	LTR/ERV1	480	-	44	4753619	61424
chr9	4692195	4892195	harbor1	chr9	4755575	4755863	LTR/ERV1	1640	-	144	4755719	63524
chr9	4692195	4892195	harbor1	chr9	4756168	4756240	LTR/ERV1	1640	-	36	4756204	64009
chr9	4692195	4892195	harbor1	chr9	4756261	4756546	LTR/ERV1	1781	-	142	4756403	64208
chr9	4692195	4892195	harbor1	chr9	4756775	4757260	LTR/ERV1	1930	-	242	4757017	64822
chr9	92958991	93158991	harbor1	chr9	92970303	92970747	LTR/ERV1	841	-	222	92970525	11534
chr9	92958991	93158991	harbor1	chr9	92982654	92982803	LTR/ERV1	2130	-	74	92982728	23737
chr9	92958991	93158991	harbor1	chr9	92983097	92983240	LTR/ERV1	2130	-	72	92983169	24178
chr9	92958991	93158991	harbor1	chr9	92983547	92983638	LTR/ERV1	2130	-	46	92983593	24602
chr9	92958991	93158991	harbor1	chr9	92983638	92985415	LTR/ERV1	5069	-	888	92984526	25535
chr9	92958991	93158991	harbor1	chr9	92985407	92985465	LTR/ERV1	4543	-	29	92985436	26445
chr9	92958991	93158991	harbor1	chr9	92985778	92987150	LTR/ERV1	5596	-	686	92986464	27473
chr9	92958991	93158991	harbor1	chr9	92987462	92987589	LTR/ERV1	5596	-	64	92987526	28535
chr9	92958991	93158991	harbor1	chr9	92987595	92988018	LTR/ERV1	2560	-	212	92987807	28816
chr9	92958991	93158991	harbor1	chr9	92988019	92988459	LTR/ERV1	2781	-	220	92988239	29248
chr9	92958991	93158991	harbor1	chr9	92988460	92988547	LTR/ERV1	2560	-	44	92988504	29513
chr9	92958991	93158991	harbor1	chr9	92989451	92989908	LTR/ERV1	3253	-	228	92989679	30688
chr9	92958991	93158991	harbor1	chr9	93018328	93018759	LTR/ERV1	2471	-	216	93018544	59553
chr9	92958991	93158991	harbor1	chr9	93020570	93020816	LTR/ERV1	1173	-	123	93020693	61702
chr9	92958991	93158991	harbor1	chr9	93047296	93047632	LTR/ERV1	967	-	168	93047464	88473
chr9	92958991	93158991	harbor1	chr9	93047950	93048061	LTR/ERV1	967	-	56	93048006	89015
chr9	4673229	4873229	harbor1	chr9	4752442	4752692	LTR/ERV1	1126	-	125	4752567	79338
chr9	4673229	4873229	harbor1	chr9	4753575	4753662	LTR/ERV1	480	-	44	4753619	80390
chr9	4673229	4873229	harbor1	chr9	4755575	4755863	LTR/ERV1	1640	-	144	4755719	82490
chr9	4673229	4873229	harbor1	chr9	4756168	4756240	LTR/ERV1	1640	-	36	4756204	82975
chr9	4673229	4873229	harbor1	chr9	4756261	4756546	LTR/ERV1	1781	-	142	4756403	83174
chr9	4673229	4873229	harbor1	chr9	4756775	4757260	LTR/ERV1	1930	-	242	4757017	83788
chr9	4692970	4892970	harbor1	chr9	4752442	4752692	LTR/ERV1	1126	-	125	4752567	59597
chr9	4692970	4892970	harbor1	chr9	4753575	4753662	LTR/ERV1	480	-	44	4753619	60649
chr9	4692970	4892970	harbor1	chr9	4755575	4755863	LTR/ERV1	1640	-	144	4755719	62749
chr9	4692970	4892970	harbor1	chr9	4756168	4756240	LTR/ERV1	1640	-	36	4756204	63234
chr9	4692970	4892970	harbor1	chr9	4756261	4756546	LTR/ERV1	1781	-	142	4756403	63433
chr9	4692970	4892970	harbor1	chr9	4756775	4757260	LTR/ERV1	1930	-	242	4757017	64047
chr9	3146618	3346618	harbor1	chr9	3156644	3157465	LTR/ERV1	4770	-	410	3157054	10436
chr9	3146618	3346618	harbor1	chr9	3199157	3199506	LTR/ERV1	2086	-	174	3199331	52713
chr9	3146618	3346618	harbor1	chr9	3199523	3199711	LTR/ERV1	899	-	94	3199617	52999
chr9	133064057	133264057	harbor1	chr9	133075826	133076298	LTR/ERV1	2892	-	236	133076062	12005
chr9	133064057	133264057	harbor1	chr9	133076309	133079550	LTR/ERV1	16025	-	1620	133077929	13872
chr9	133064057	133264057	harbor1	chr9	133079541	133079664	LTR/ERV1	739	-	62	133079603	15546
chr9	133064057	133264057	harbor1	chr9	133079657	133079871	LTR/ERV1	1867	-	107	133079764	15707
chr9	133064057	133264057	harbor1	chr9	133079900	133080083	LTR/ERV1	1867	-	92	133079992	15935
chr9	133064057	133264057	harbor1	chr9	133080404	133080623	LTR/ERV1	940	-	110	133080514	16457
chr9	4692737	4892737	harbor1	chr9	4752442	4752692	LTR/ERV1	1126	-	125	4752567	59830
chr9	4692737	4892737	harbor1	chr9	4753575	4753662	LTR/ERV1	480	-	44	4753619	60882
chr9	4692737	4892737	harbor1	chr9	4755575	4755863	LTR/ERV1	1640	-	144	4755719	62982
chr9	4692737	4892737	harbor1	chr9	4756168	4756240	LTR/ERV1	1640	-	36	4756204	63467
chr9	4692737	4892737	harbor1	chr9	4756261	4756546	LTR/ERV1	1781	-	142	4756403	63666
chr9	4692737	4892737	harbor1	chr9	4756775	4757260	LTR/ERV1	1930	-	242	4757017	64280
chr9	4692768	4892768	harbor1	chr9	4752442	4752692	LTR/ERV1	1126	-	125	4752567	59799
chr9	4692768	4892768	harbor1	chr9	4753575	4753662	LTR/ERV1	480	-	44	4753619	60851
chr9	4692768	4892768	harbor1	chr9	4755575	4755863	LTR/ERV1	1640	-	144	4755719	62951
chr9	4692768	4892768	harbor1	chr9	4756168	4756240	LTR/ERV1	1640	-	36	4756204	63436
chr9	4692768	4892768	harbor1	chr9	4756261	4756546	LTR/ERV1	1781	-	142	4756403	63635
chr9	4692768	4892768	harbor1	chr9	4756775	4757260	LTR/ERV1	1930	-	242	4757017	64249
chr9	4693017	4893017	harbor1	chr9	4752442	4752692	LTR/ERV1	1126	-	125	4752567	59550
chr9	4693017	4893017	harbor1	chr9	4753575	4753662	LTR/ERV1	480	-	44	4753619	60602
chr9	4693017	4893017	harbor1	chr9	4755575	4755863	LTR/ERV1	1640	-	144	4755719	62702
chr9	4693017	4893017	harbor1	chr9	4756168	4756240	LTR/ERV1	1640	-	36	4756204	63187
chr9	4693017	4893017	harbor1	chr9	4756261	4756546	LTR/ERV1	1781	-	142	4756403	63386
chr9	4693017	4893017	harbor1	chr9	4756775	4757260	LTR/ERV1	1930	-	242	4757017	64000
chr9	137029490	137229490	harbor1	chr9	137127600	137128119	LTR/ERV1	3182	-	260	137127860	98370
chr9	137029490	137229490	harbor1	chr9	137128653	137128856	LTR/ERV1	713	-	102	137128755	99265
chr9	130119664	130319664	harbor1	chr9	130150184	130150346	LTR/ERV1	4209	-	81	130150265	30601
chr9	130119664	130319664	harbor1	chr9	130150673	130151060	LTR/ERV1	4209	-	194	130150867	31203
chr9	130119664	130319664	harbor1	chr9	130214303	130214716	LTR/ERV1	1286	-	206	130214509	94845
chr9	91323378	91523378	harbor1	chr9	91332543	91333219	LTR/ERV1	3993	-	338	91332881	9503
chr9	91323378	91523378	harbor1	chr9	91397206	91397415	LTR/ERV1	537	-	104	91397310	73932
chr9	137214592	137414592	harbor1	chr9	137289370	137289466	LTR/ERV1	505	-	48	137289418	74826
chr9	137214592	137414592	harbor1	chr9	137289769	137289804	LTR/ERV1	505	-	18	137289787	75195
chr9	137214592	137414592	harbor1	chr9	137290731	137290775	LTR/ERV1	770	-	22	137290753	76161
chr9	137214592	137414592	harbor1	chr9	137291081	137291269	LTR/ERV1	770	-	94	137291175	76583
chr9	4692946	4892946	harbor1	chr9	4752442	4752692	LTR/ERV1	1126	-	125	4752567	59621
chr9	4692946	4892946	harbor1	chr9	4753575	4753662	LTR/ERV1	480	-	44	4753619	60673
chr9	4692946	4892946	harbor1	chr9	4755575	4755863	LTR/ERV1	1640	-	144	4755719	62773
chr9	4692946	4892946	harbor1	chr9	4756168	4756240	LTR/ERV1	1640	-	36	4756204	63258
chr9	4692946	4892946	harbor1	chr9	4756261	4756546	LTR/ERV1	1781	-	142	4756403	63457
chr9	4692946	4892946	harbor1	chr9	4756775	4757260	LTR/ERV1	1930	-	242	4757017	64071
chr9	4579427	4779427	harbor1	chr9	4654276	4655017	LTR/ERV1	4749	-	370	4654646	75219
chr9	4579427	4779427	harbor1	chr9	4657562	4657949	LTR/ERV1	664	-	194	4657756	78329
chr9	137068719	137268719	harbor1	chr9	137127600	137128119	LTR/ERV1	3182	-	260	137127860	59141
chr9	137068719	137268719	harbor1	chr9	137128653	137128856	LTR/ERV1	713	-	102	137128755	60036
chr9	4659562	4859562	harbor1	chr9	4752442	4752692	LTR/ERV1	1126	-	125	4752567	93005
chr9	4659562	4859562	harbor1	chr9	4753575	4753662	LTR/ERV1	480	-	44	4753619	94057
chr9	4659562	4859562	harbor1	chr9	4755575	4755863	LTR/ERV1	1640	-	144	4755719	96157
chr9	4659562	4859562	harbor1	chr9	4756168	4756240	LTR/ERV1	1640	-	36	4756204	96642
chr9	4659562	4859562	harbor1	chr9	4756261	4756546	LTR/ERV1	1781	-	142	4756403	96841
chr9	4659562	4859562	harbor1	chr9	4756775	4757260	LTR/ERV1	1930	-	242	4757017	97455
chr9	129542143	129742143	harbor1	chr9	129588167	129589362	LTR/ERV1	4548	-	598	129588765	46622
chr9	129542143	129742143	harbor1	chr9	129589668	129590242	LTR/ERV1	4548	-	287	129589955	47812
chr9	129542143	129742143	harbor1	chr9	129590546	129591221	LTR/ERV1	4548	-	338	129590884	48741
chr9	129542143	129742143	harbor1	chr9	129591831	129592638	LTR/ERV1	6612	-	404	129592235	50092
chr9	129542143	129742143	harbor1	chr9	129592942	129593714	LTR/ERV1	6612	-	386	129593328	51185
chr9	129542143	129742143	harbor1	chr9	129594014	129594670	LTR/ERV1	6612	-	328	129594342	52199
chr9	129542143	129742143	harbor1	chr9	129594670	129595568	LTR/ERV1	1494	-	449	129595119	52976
chr9	129542143	129742143	harbor1	chr9	129598686	129598804	LTR/ERV1	4158	-	59	129598745	56602
chr9	129542143	129742143	harbor1	chr9	129599111	129599121	LTR/ERV1	4158	-	5	129599116	56973
chr9	129542143	129742143	harbor1	chr9	129599411	129599830	LTR/ERV1	4158	-	210	129599621	57478
chr9	133063678	133263678	harbor1	chr9	133075826	133076298	LTR/ERV1	2892	-	236	133076062	12384
chr9	133063678	133263678	harbor1	chr9	133076309	133079550	LTR/ERV1	16025	-	1620	133077929	14251
chr9	133063678	133263678	harbor1	chr9	133079541	133079664	LTR/ERV1	739	-	62	133079603	15925
chr9	133063678	133263678	harbor1	chr9	133079657	133079871	LTR/ERV1	1867	-	107	133079764	16086
chr9	133063678	133263678	harbor1	chr9	133079900	133080083	LTR/ERV1	1867	-	92	133079992	16314
chr9	133063678	133263678	harbor1	chr9	133080404	133080623	LTR/ERV1	940	-	110	133080514	16836
chr9	133007233	133207233	harbor1	chr9	133031186	133031338	LTR/ERV1	759	-	76	133031262	24029
chr9	133007233	133207233	harbor1	chr9	133031580	133032062	LTR/ERV1	2466	-	241	133031821	24588
chr9	133007233	133207233	harbor1	chr9	133032229	133032533	LTR/ERV1	865	-	152	133032381	25148
chr9	133007233	133207233	harbor1	chr9	133032543	133037838	LTR/ERV1	26289	-	2648	133035191	27958
chr9	133007233	133207233	harbor1	chr9	133075826	133076298	LTR/ERV1	2892	-	236	133076062	68829
chr9	133007233	133207233	harbor1	chr9	133076309	133079550	LTR/ERV1	16025	-	1620	133077929	70696
chr9	133007233	133207233	harbor1	chr9	133079541	133079664	LTR/ERV1	739	-	62	133079603	72370
chr9	133007233	133207233	harbor1	chr9	133079657	133079871	LTR/ERV1	1867	-	107	133079764	72531
chr9	133007233	133207233	harbor1	chr9	133079900	133080083	LTR/ERV1	1867	-	92	133079992	72759
chr9	133007233	133207233	harbor1	chr9	133080404	133080623	LTR/ERV1	940	-	110	133080514	73281
chr9	133007233	133207233	harbor1	chr9	133037889	133038234	LTR/ERV1	864	-	172	133038061	30828
chr9	4692889	4892889	harbor1	chr9	4752442	4752692	LTR/ERV1	1126	-	125	4752567	59678
chr9	4692889	4892889	harbor1	chr9	4753575	4753662	LTR/ERV1	480	-	44	4753619	60730
chr9	4692889	4892889	harbor1	chr9	4755575	4755863	LTR/ERV1	1640	-	144	4755719	62830
chr9	4692889	4892889	harbor1	chr9	4756168	4756240	LTR/ERV1	1640	-	36	4756204	63315
chr9	4692889	4892889	harbor1	chr9	4756261	4756546	LTR/ERV1	1781	-	142	4756403	63514
chr9	4692889	4892889	harbor1	chr9	4756775	4757260	LTR/ERV1	1930	-	242	4757017	64128
chr9	89937233	90137233	harbor1	chr9	89947486	89947740	LTR/ERV1	696	-	127	89947613	10380
chr9	64278589	64478589	harbor1	chr9	64333506	64333919	LTR/ERV1	2522	-	206	64333712	55123
chr9	4749616	4949616	harbor1	chr9	4752442	4752692	LTR/ERV1	1126	-	125	4752567	2951
chr9	4749616	4949616	harbor1	chr9	4753575	4753662	LTR/ERV1	480	-	44	4753619	4003
chr9	4749616	4949616	harbor1	chr9	4755575	4755863	LTR/ERV1	1640	-	144	4755719	6103
chr9	4749616	4949616	harbor1	chr9	4756168	4756240	LTR/ERV1	1640	-	36	4756204	6588
chr9	4749616	4949616	harbor1	chr9	4756261	4756546	LTR/ERV1	1781	-	142	4756403	6787
chr9	4749616	4949616	harbor1	chr9	4756775	4757260	LTR/ERV1	1930	-	242	4757017	7401
chr9	4669937	4869937	harbor1	chr9	4752442	4752692	LTR/ERV1	1126	-	125	4752567	82630
chr9	4669937	4869937	harbor1	chr9	4753575	4753662	LTR/ERV1	480	-	44	4753619	83682
chr9	4669937	4869937	harbor1	chr9	4755575	4755863	LTR/ERV1	1640	-	144	4755719	85782
chr9	4669937	4869937	harbor1	chr9	4756168	4756240	LTR/ERV1	1640	-	36	4756204	86267
chr9	4669937	4869937	harbor1	chr9	4756261	4756546	LTR/ERV1	1781	-	142	4756403	86466
chr9	4669937	4869937	harbor1	chr9	4756775	4757260	LTR/ERV1	1930	-	242	4757017	87080
chr9	4694651	4894651	harbor1	chr9	4752442	4752692	LTR/ERV1	1126	-	125	4752567	57916
chr9	4694651	4894651	harbor1	chr9	4753575	4753662	LTR/ERV1	480	-	44	4753619	58968
chr9	4694651	4894651	harbor1	chr9	4755575	4755863	LTR/ERV1	1640	-	144	4755719	61068
chr9	4694651	4894651	harbor1	chr9	4756168	4756240	LTR/ERV1	1640	-	36	4756204	61553
chr9	4694651	4894651	harbor1	chr9	4756261	4756546	LTR/ERV1	1781	-	142	4756403	61752
chr9	4694651	4894651	harbor1	chr9	4756775	4757260	LTR/ERV1	1930	-	242	4757017	62366
chr9	135465766	135665766	harbor1	chr9	135534884	135535203	LTR/ERV1	2171	-	160	135535044	69278
chr9	135465766	135665766	harbor1	chr9	135535526	135535818	LTR/ERV1	2171	-	146	135535672	69906
chr9	4694865	4894865	harbor1	chr9	4752442	4752692	LTR/ERV1	1126	-	125	4752567	57702
chr9	4694865	4894865	harbor1	chr9	4753575	4753662	LTR/ERV1	480	-	44	4753619	58754
chr9	4694865	4894865	harbor1	chr9	4755575	4755863	LTR/ERV1	1640	-	144	4755719	60854
chr9	4694865	4894865	harbor1	chr9	4756168	4756240	LTR/ERV1	1640	-	36	4756204	61339
chr9	4694865	4894865	harbor1	chr9	4756261	4756546	LTR/ERV1	1781	-	142	4756403	61538
chr9	4694865	4894865	harbor1	chr9	4756775	4757260	LTR/ERV1	1930	-	242	4757017	62152
chr9	196617	396617	harbor1	chr9	206021	206462	LTR/ERV1	2663	-	220	206241	9624
chr9	4692795	4892795	harbor1	chr9	4752442	4752692	LTR/ERV1	1126	-	125	4752567	59772
chr9	4692795	4892795	harbor1	chr9	4753575	4753662	LTR/ERV1	480	-	44	4753619	60824
chr9	4692795	4892795	harbor1	chr9	4755575	4755863	LTR/ERV1	1640	-	144	4755719	62924
chr9	4692795	4892795	harbor1	chr9	4756168	4756240	LTR/ERV1	1640	-	36	4756204	63409
chr9	4692795	4892795	harbor1	chr9	4756261	4756546	LTR/ERV1	1781	-	142	4756403	63608
chr9	4692795	4892795	harbor1	chr9	4756775	4757260	LTR/ERV1	1930	-	242	4757017	64222
chr9	68605549	68805549	harbor1	chr9	68642344	68643024	LTR/ERV1	5350	-	340	68642684	37135
chr9	4692232	4892232	harbor1	chr9	4752442	4752692	LTR/ERV1	1126	-	125	4752567	60335
chr9	4692232	4892232	harbor1	chr9	4753575	4753662	LTR/ERV1	480	-	44	4753619	61387
chr9	4692232	4892232	harbor1	chr9	4755575	4755863	LTR/ERV1	1640	-	144	4755719	63487
chr9	4692232	4892232	harbor1	chr9	4756168	4756240	LTR/ERV1	1640	-	36	4756204	63972
chr9	4692232	4892232	harbor1	chr9	4756261	4756546	LTR/ERV1	1781	-	142	4756403	64171
chr9	4692232	4892232	harbor1	chr9	4756775	4757260	LTR/ERV1	1930	-	242	4757017	64785
chr9	108346093	108546093	harbor1	chr9	108377092	108377716	LTR/ERV1	3192	-	312	108377404	31311
chr9	89509793	89709793	harbor1	chr9	89550549	89551180	LTR/ERV1	2975	-	316	89550865	41072
chr9	89509793	89709793	harbor1	chr9	89551631	89551713	LTR/ERV1	561	-	41	89551672	41879
chr9	89509793	89709793	harbor1	chr9	89563467	89564083	LTR/ERV1	4221	-	308	89563775	53982
chr9	134035554	134235554	harbor1	chr9	134100665	134100932	LTR/ERV1	2887	-	134	134100799	65245
chr9	134035554	134235554	harbor1	chr9	134101232	134101525	LTR/ERV1	2887	-	146	134101378	65824
chr9	4648821	4848821	harbor1	chr9	4654276	4655017	LTR/ERV1	4749	-	370	4654646	5825
chr9	4648821	4848821	harbor1	chr9	4657562	4657949	LTR/ERV1	664	-	194	4657756	8935
chr9	135905941	136105941	harbor1	chr9	135913899	135914164	LTR/ERV1	2224	-	132	135914031	8090
chr9	135905941	136105941	harbor1	chr9	135914465	135914618	LTR/ERV1	2224	-	76	135914541	8600
chr9	4669262	4869262	harbor1	chr9	4752442	4752692	LTR/ERV1	1126	-	125	4752567	83305
chr9	4669262	4869262	harbor1	chr9	4753575	4753662	LTR/ERV1	480	-	44	4753619	84357
chr9	4669262	4869262	harbor1	chr9	4755575	4755863	LTR/ERV1	1640	-	144	4755719	86457
chr9	4669262	4869262	harbor1	chr9	4756168	4756240	LTR/ERV1	1640	-	36	4756204	86942
chr9	4669262	4869262	harbor1	chr9	4756261	4756546	LTR/ERV1	1781	-	142	4756403	87141
chr9	4669262	4869262	harbor1	chr9	4756775	4757260	LTR/ERV1	1930	-	242	4757017	87755
chr9	134735363	134935363	harbor1	chr9	134741201	134741753	LTR/ERV1	2205	-	276	134741477	6114
chr9	34027027	34227027	harbor1	chr9	34059249	34059706	LTR/ERV1	2342	-	228	34059477	32450
chr9	4692222	4892222	harbor1	chr9	4752442	4752692	LTR/ERV1	1126	-	125	4752567	60345
chr9	4692222	4892222	harbor1	chr9	4753575	4753662	LTR/ERV1	480	-	44	4753619	61397
chr9	4692222	4892222	harbor1	chr9	4755575	4755863	LTR/ERV1	1640	-	144	4755719	63497
chr9	4692222	4892222	harbor1	chr9	4756168	4756240	LTR/ERV1	1640	-	36	4756204	63982
chr9	4692222	4892222	harbor1	chr9	4756261	4756546	LTR/ERV1	1781	-	142	4756403	64181
chr9	4692222	4892222	harbor1	chr9	4756775	4757260	LTR/ERV1	1930	-	242	4757017	64795
chr9	68605579	68805579	harbor1	chr9	68642344	68643024	LTR/ERV1	5350	-	340	68642684	37105
chr9	4579422	4779422	harbor1	chr9	4654276	4655017	LTR/ERV1	4749	-	370	4654646	75224
chr9	4579422	4779422	harbor1	chr9	4657562	4657949	LTR/ERV1	664	-	194	4657756	78334
chr9	85705422	85905422	harbor1	chr9	85744440	85744856	LTR/ERV1	2525	-	208	85744648	39226
chr9	130119656	130319656	harbor1	chr9	130150184	130150346	LTR/ERV1	4209	-	81	130150265	30609
chr9	130119656	130319656	harbor1	chr9	130150673	130151060	LTR/ERV1	4209	-	194	130150867	31211
chr9	130119656	130319656	harbor1	chr9	130214303	130214716	LTR/ERV1	1286	-	206	130214509	94853
chr9	4663738	4863738	harbor1	chr9	4752442	4752692	LTR/ERV1	1126	-	125	4752567	88829
chr9	4663738	4863738	harbor1	chr9	4753575	4753662	LTR/ERV1	480	-	44	4753619	89881
chr9	4663738	4863738	harbor1	chr9	4755575	4755863	LTR/ERV1	1640	-	144	4755719	91981
chr9	4663738	4863738	harbor1	chr9	4756168	4756240	LTR/ERV1	1640	-	36	4756204	92466
chr9	4663738	4863738	harbor1	chr9	4756261	4756546	LTR/ERV1	1781	-	142	4756403	92665
chr9	4663738	4863738	harbor1	chr9	4756775	4757260	LTR/ERV1	1930	-	242	4757017	93279
chr9	4663518	4863518	harbor1	chr9	4752442	4752692	LTR/ERV1	1126	-	125	4752567	89049
chr9	4663518	4863518	harbor1	chr9	4753575	4753662	LTR/ERV1	480	-	44	4753619	90101
chr9	4663518	4863518	harbor1	chr9	4755575	4755863	LTR/ERV1	1640	-	144	4755719	92201
chr9	4663518	4863518	harbor1	chr9	4756168	4756240	LTR/ERV1	1640	-	36	4756204	92686
chr9	4663518	4863518	harbor1	chr9	4756261	4756546	LTR/ERV1	1781	-	142	4756403	92885
chr9	4663518	4863518	harbor1	chr9	4756775	4757260	LTR/ERV1	1930	-	242	4757017	93499
chr9	135599704	135799704	harbor1	chr9	135643640	135644396	LTR/ERV1	5336	-	378	135644018	44314
chr9	135599704	135799704	harbor1	chr9	135648519	135649157	LTR/ERV1	3981	-	319	135648838	49134
chr9	135599704	135799704	harbor1	chr9	135651166	135651239	LTR/ERV1	3186	-	36	135651202	51498
chr9	135599704	135799704	harbor1	chr9	135651240	135651688	LTR/ERV1	2835	-	224	135651464	51760
chr9	135599704	135799704	harbor1	chr9	135651689	135652208	LTR/ERV1	3186	-	260	135651949	52245
chr9	135599704	135799704	harbor1	chr9	135654691	135654776	LTR/ERV1	546	-	42	135654733	55029
chr9	135599704	135799704	harbor1	chr9	135680327	135680809	LTR/ERV1	3447	-	241	135680568	80864
chr9	135599704	135799704	harbor1	chr9	135680925	135681103	LTR/ERV1	1019	-	89	135681014	81310
chr9	4692806	4892806	harbor1	chr9	4752442	4752692	LTR/ERV1	1126	-	125	4752567	59761
chr9	4692806	4892806	harbor1	chr9	4753575	4753662	LTR/ERV1	480	-	44	4753619	60813
chr9	4692806	4892806	harbor1	chr9	4755575	4755863	LTR/ERV1	1640	-	144	4755719	62913
chr9	4692806	4892806	harbor1	chr9	4756168	4756240	LTR/ERV1	1640	-	36	4756204	63398
chr9	4692806	4892806	harbor1	chr9	4756261	4756546	LTR/ERV1	1781	-	142	4756403	63597
chr9	4692806	4892806	harbor1	chr9	4756775	4757260	LTR/ERV1	1930	-	242	4757017	64211
chr9	4744087	4944087	harbor1	chr9	4752442	4752692	LTR/ERV1	1126	-	125	4752567	8480
chr9	4744087	4944087	harbor1	chr9	4753575	4753662	LTR/ERV1	480	-	44	4753619	9532
chr9	4744087	4944087	harbor1	chr9	4755575	4755863	LTR/ERV1	1640	-	144	4755719	11632
chr9	4744087	4944087	harbor1	chr9	4756168	4756240	LTR/ERV1	1640	-	36	4756204	12117
chr9	4744087	4944087	harbor1	chr9	4756261	4756546	LTR/ERV1	1781	-	142	4756403	12316
chr9	4744087	4944087	harbor1	chr9	4756775	4757260	LTR/ERV1	1930	-	242	4757017	12930
chr9	128980915	129180915	harbor1	chr9	129031506	129031608	LTR/ERV1	1003	-	51	129031557	50642
chr9	128980915	129180915	harbor1	chr9	129032862	129033114	LTR/ERV1	1448	-	126	129032988	52073
chr9	128980915	129180915	harbor1	chr9	129033390	129033543	LTR/ERV1	1448	-	76	129033466	52551
chr9	4692558	4892558	harbor1	chr9	4752442	4752692	LTR/ERV1	1126	-	125	4752567	60009
chr9	4692558	4892558	harbor1	chr9	4753575	4753662	LTR/ERV1	480	-	44	4753619	61061
chr9	4692558	4892558	harbor1	chr9	4755575	4755863	LTR/ERV1	1640	-	144	4755719	63161
chr9	4692558	4892558	harbor1	chr9	4756168	4756240	LTR/ERV1	1640	-	36	4756204	63646
chr9	4692558	4892558	harbor1	chr9	4756261	4756546	LTR/ERV1	1781	-	142	4756403	63845
chr9	4692558	4892558	harbor1	chr9	4756775	4757260	LTR/ERV1	1930	-	242	4757017	64459
chr9	105145295	105345295	harbor1	chr9	105197103	105197624	LTR/ERV1	2996	-	260	105197363	52068
chr9	112387255	112587255	harbor1	chr9	112413710	112414293	LTR/ERV1	4949	-	292	112414002	26747
chr9	112387255	112587255	harbor1	chr9	112472532	112472565	LTR/ERV1	824	-	16	112472548	85293
chr9	112387255	112587255	harbor1	chr9	112472903	112473688	LTR/ERV1	2770	-	392	112473295	86040
chr9	112387255	112587255	harbor1	chr9	112473976	112474015	LTR/ERV1	2770	-	20	112473996	86741
chr9	4730514	4930514	harbor1	chr9	4752442	4752692	LTR/ERV1	1126	-	125	4752567	22053
chr9	4730514	4930514	harbor1	chr9	4753575	4753662	LTR/ERV1	480	-	44	4753619	23105
chr9	4730514	4930514	harbor1	chr9	4755575	4755863	LTR/ERV1	1640	-	144	4755719	25205
chr9	4730514	4930514	harbor1	chr9	4756168	4756240	LTR/ERV1	1640	-	36	4756204	25690
chr9	4730514	4930514	harbor1	chr9	4756261	4756546	LTR/ERV1	1781	-	142	4756403	25889
chr9	4730514	4930514	harbor1	chr9	4756775	4757260	LTR/ERV1	1930	-	242	4757017	26503
chr9	34027056	34227056	harbor1	chr9	34059249	34059706	LTR/ERV1	2342	-	228	34059477	32421
chr9	4692205	4892205	harbor1	chr9	4752442	4752692	LTR/ERV1	1126	-	125	4752567	60362
chr9	4692205	4892205	harbor1	chr9	4753575	4753662	LTR/ERV1	480	-	44	4753619	61414
chr9	4692205	4892205	harbor1	chr9	4755575	4755863	LTR/ERV1	1640	-	144	4755719	63514
chr9	4692205	4892205	harbor1	chr9	4756168	4756240	LTR/ERV1	1640	-	36	4756204	63999
chr9	4692205	4892205	harbor1	chr9	4756261	4756546	LTR/ERV1	1781	-	142	4756403	64198
chr9	4692205	4892205	harbor1	chr9	4756775	4757260	LTR/ERV1	1930	-	242	4757017	64812
chr9	4692312	4892312	harbor1	chr9	4752442	4752692	LTR/ERV1	1126	-	125	4752567	60255
chr9	4692312	4892312	harbor1	chr9	4753575	4753662	LTR/ERV1	480	-	44	4753619	61307
chr9	4692312	4892312	harbor1	chr9	4755575	4755863	LTR/ERV1	1640	-	144	4755719	63407
chr9	4692312	4892312	harbor1	chr9	4756168	4756240	LTR/ERV1	1640	-	36	4756204	63892
chr9	4692312	4892312	harbor1	chr9	4756261	4756546	LTR/ERV1	1781	-	142	4756403	64091
chr9	4692312	4892312	harbor1	chr9	4756775	4757260	LTR/ERV1	1930	-	242	4757017	64705
chr9	4694469	4894469	harbor1	chr9	4752442	4752692	LTR/ERV1	1126	-	125	4752567	58098
chr9	4694469	4894469	harbor1	chr9	4753575	4753662	LTR/ERV1	480	-	44	4753619	59150
chr9	4694469	4894469	harbor1	chr9	4755575	4755863	LTR/ERV1	1640	-	144	4755719	61250
chr9	4694469	4894469	harbor1	chr9	4756168	4756240	LTR/ERV1	1640	-	36	4756204	61735
chr9	4694469	4894469	harbor1	chr9	4756261	4756546	LTR/ERV1	1781	-	142	4756403	61934
chr9	4694469	4894469	harbor1	chr9	4756775	4757260	LTR/ERV1	1930	-	242	4757017	62548
chr9	136745116	136945116	harbor1	chr9	136772237	136772446	LTR/ERV1	2771	-	104	136772341	27225
chr9	136745116	136945116	harbor1	chr9	136772740	136772751	LTR/ERV1	2771	-	6	136772746	27630
chr9	136745116	136945116	harbor1	chr9	136773049	136773337	LTR/ERV1	2771	-	144	136773193	28077
chr9	136745116	136945116	harbor1	chr9	136811075	136811320	LTR/ERV1	1416	-	122	136811197	66081
chr9	136745116	136945116	harbor1	chr9	136811797	136812013	LTR/ERV1	1203	-	108	136811905	66789
chr9	35625694	35825694	harbor1	chr9	35640305	35641070	LTR/ERV1	6006	-	382	35640687	14993
chr9	35625694	35825694	harbor1	chr9	35641071	35641362	LTR/ERV1	2339	-	146	35641217	15523
chr9	35625694	35825694	harbor1	chr9	35641385	35642827	LTR/ERV1	11799	-	721	35642106	16412
chr9	137214581	137414581	harbor1	chr9	137289370	137289466	LTR/ERV1	505	-	48	137289418	74837
chr9	137214581	137414581	harbor1	chr9	137289769	137289804	LTR/ERV1	505	-	18	137289787	75206
chr9	137214581	137414581	harbor1	chr9	137290731	137290775	LTR/ERV1	770	-	22	137290753	76172
chr9	137214581	137414581	harbor1	chr9	137291081	137291269	LTR/ERV1	770	-	94	137291175	76594
chr9	4692887	4892887	harbor1	chr9	4752442	4752692	LTR/ERV1	1126	-	125	4752567	59680
chr9	4692887	4892887	harbor1	chr9	4753575	4753662	LTR/ERV1	480	-	44	4753619	60732
chr9	4692887	4892887	harbor1	chr9	4755575	4755863	LTR/ERV1	1640	-	144	4755719	62832
chr9	4692887	4892887	harbor1	chr9	4756168	4756240	LTR/ERV1	1640	-	36	4756204	63317
chr9	4692887	4892887	harbor1	chr9	4756261	4756546	LTR/ERV1	1781	-	142	4756403	63516
chr9	4692887	4892887	harbor1	chr9	4756775	4757260	LTR/ERV1	1930	-	242	4757017	64130
chr9	135829624	136029624	harbor1	chr9	135913899	135914164	LTR/ERV1	2224	-	132	135914031	84407
chr9	135829624	136029624	harbor1	chr9	135914465	135914618	LTR/ERV1	2224	-	76	135914541	84917
chr9	4692851	4892851	harbor1	chr9	4752442	4752692	LTR/ERV1	1126	-	125	4752567	59716
chr9	4692851	4892851	harbor1	chr9	4753575	4753662	LTR/ERV1	480	-	44	4753619	60768
chr9	4692851	4892851	harbor1	chr9	4755575	4755863	LTR/ERV1	1640	-	144	4755719	62868
chr9	4692851	4892851	harbor1	chr9	4756168	4756240	LTR/ERV1	1640	-	36	4756204	63353
chr9	4692851	4892851	harbor1	chr9	4756261	4756546	LTR/ERV1	1781	-	142	4756403	63552
chr9	4692851	4892851	harbor1	chr9	4756775	4757260	LTR/ERV1	1930	-	242	4757017	64166
chr9	4692854	4892854	harbor1	chr9	4752442	4752692	LTR/ERV1	1126	-	125	4752567	59713
chr9	4692854	4892854	harbor1	chr9	4753575	4753662	LTR/ERV1	480	-	44	4753619	60765
chr9	4692854	4892854	harbor1	chr9	4755575	4755863	LTR/ERV1	1640	-	144	4755719	62865
chr9	4692854	4892854	harbor1	chr9	4756168	4756240	LTR/ERV1	1640	-	36	4756204	63350
chr9	4692854	4892854	harbor1	chr9	4756261	4756546	LTR/ERV1	1781	-	142	4756403	63549
chr9	4692854	4892854	harbor1	chr9	4756775	4757260	LTR/ERV1	1930	-	242	4757017	64163
chr9	137214576	137414576	harbor1	chr9	137289370	137289466	LTR/ERV1	505	-	48	137289418	74842
chr9	137214576	137414576	harbor1	chr9	137289769	137289804	LTR/ERV1	505	-	18	137289787	75211
chr9	137214576	137414576	harbor1	chr9	137290731	137290775	LTR/ERV1	770	-	22	137290753	76177
chr9	137214576	137414576	harbor1	chr9	137291081	137291269	LTR/ERV1	770	-	94	137291175	76599
chr9	133933666	134133666	harbor1	chr9	134015016	134015216	LTR/ERV1	762	-	100	134015116	81450
chr9	133933666	134133666	harbor1	chr9	134016708	134017052	LTR/ERV1	4251	-	172	134016880	83214
chr9	133933666	134133666	harbor1	chr9	134017356	134017480	LTR/ERV1	4251	-	62	134017418	83752
chr9	133933666	134133666	harbor1	chr9	134018002	134018167	LTR/ERV1	4251	-	82	134018084	84418
chr9	133933666	134133666	harbor1	chr9	134018464	134018576	LTR/ERV1	4251	-	56	134018520	84854
chr9	133933666	134133666	harbor1	chr9	134018867	134019066	LTR/ERV1	4251	-	100	134018967	85301
chr9	133933666	134133666	harbor1	chr9	134019706	134019986	LTR/ERV1	1652	-	140	134019846	86180
chr9	133933666	134133666	harbor1	chr9	134020336	134020373	LTR/ERV1	4758	-	18	134020354	86688
chr9	133933666	134133666	harbor1	chr9	134020631	134020901	LTR/ERV1	4758	-	135	134020766	87100
chr9	133933666	134133666	harbor1	chr9	134021164	134021333	LTR/ERV1	4758	-	84	134021248	87582
chr9	133933666	134133666	harbor1	chr9	134021665	134021877	LTR/ERV1	4758	-	106	134021771	88105
chr9	133933666	134133666	harbor1	chr9	134022174	134022435	LTR/ERV1	4758	-	130	134022304	88638
chr9	133933666	134133666	harbor1	chr9	134022439	134022673	LTR/ERV1	1328	-	117	134022556	88890
chr9	133933666	134133666	harbor1	chr9	134022980	134023083	LTR/ERV1	1328	-	52	134023032	89366
chr9	133933666	134133666	harbor1	chr9	134023082	134023218	LTR/ERV1	699	-	68	134023150	89484
chr9	123912168	124112168	harbor1	chr9	123945723	123945947	LTR/ERV1	516	-	112	123945835	33667
chr9	6658127	6858127	harbor1	chr9	6665677	6666042	LTR/ERV1	1143	-	182	6665859	7732
chr9	6658127	6858127	harbor1	chr9	6691802	6691822	LTR/ERV1	965	-	10	6691812	33685
chr9	6658127	6858127	harbor1	chr9	6692130	6692367	LTR/ERV1	1479	-	118	6692248	34121
chr9	6658127	6858127	harbor1	chr9	6692665	6692723	LTR/ERV1	1479	-	29	6692694	34567
chr9	6658127	6858127	harbor1	chr9	6692906	6693066	LTR/ERV1	1983	-	80	6692986	34859
chr9	6658127	6858127	harbor1	chr9	6693109	6693338	LTR/ERV1	1983	-	114	6693223	35096
chr9	6658127	6858127	harbor1	chr9	6693365	6693686	LTR/ERV1	3488	-	160	6693525	35398
chr9	6658127	6858127	harbor1	chr9	6693979	6694000	LTR/ERV1	3488	-	10	6693989	35862
chr9	6658127	6858127	harbor1	chr9	6694310	6694506	LTR/ERV1	3488	-	98	6694408	36281
chr9	6658127	6858127	harbor1	chr9	6695437	6695648	LTR/ERV1	1639	-	106	6695543	37416
chr9	6658127	6858127	harbor1	chr9	6695947	6696054	LTR/ERV1	1639	-	54	6696001	37874
chr9	6658127	6858127	harbor1	chr9	6696362	6696494	LTR/ERV1	1639	-	66	6696428	38301
chr9	6658127	6858127	harbor1	chr9	6705920	6706396	LTR/ERV1	2897	-	238	6706158	48031
chr9	6658127	6858127	harbor1	chr9	6716830	6717086	LTR/ERV1	1471	-	128	6716958	58831
chr9	6658127	6858127	harbor1	chr9	6717597	6717626	LTR/ERV1	1196	-	14	6717611	59484
chr9	6658127	6858127	harbor1	chr9	6719012	6719213	LTR/ERV1	1196	-	100	6719112	60985
chr9	6658127	6858127	harbor1	chr9	6730283	6730333	LTR/ERV1	2641	-	25	6730308	72181
chr9	6658127	6858127	harbor1	chr9	6730629	6731029	LTR/ERV1	2641	-	200	6730829	72702
chr9	6658127	6858127	harbor1	chr9	6731034	6731313	LTR/ERV1	5260	-	140	6731174	73047
chr9	6658127	6858127	harbor1	chr9	6731632	6732080	LTR/ERV1	5260	-	224	6731856	73729
chr9	6658127	6858127	harbor1	chr9	6732548	6732730	LTR/ERV1	939	-	91	6732639	74512
chr9	6658127	6858127	harbor1	chr9	6733032	6733151	LTR/ERV1	930	-	60	6733092	74965
chr9	6658127	6858127	harbor1	chr9	6733602	6734150	LTR/ERV1	4334	-	274	6733876	75749
chr9	4692645	4892645	harbor1	chr9	4752442	4752692	LTR/ERV1	1126	-	125	4752567	59922
chr9	4692645	4892645	harbor1	chr9	4753575	4753662	LTR/ERV1	480	-	44	4753619	60974
chr9	4692645	4892645	harbor1	chr9	4755575	4755863	LTR/ERV1	1640	-	144	4755719	63074
chr9	4692645	4892645	harbor1	chr9	4756168	4756240	LTR/ERV1	1640	-	36	4756204	63559
chr9	4692645	4892645	harbor1	chr9	4756261	4756546	LTR/ERV1	1781	-	142	4756403	63758
chr9	4692645	4892645	harbor1	chr9	4756775	4757260	LTR/ERV1	1930	-	242	4757017	64372
chr9	4732434	4932434	harbor1	chr9	4752442	4752692	LTR/ERV1	1126	-	125	4752567	20133
chr9	4732434	4932434	harbor1	chr9	4753575	4753662	LTR/ERV1	480	-	44	4753619	21185
chr9	4732434	4932434	harbor1	chr9	4755575	4755863	LTR/ERV1	1640	-	144	4755719	23285
chr9	4732434	4932434	harbor1	chr9	4756168	4756240	LTR/ERV1	1640	-	36	4756204	23770
chr9	4732434	4932434	harbor1	chr9	4756261	4756546	LTR/ERV1	1781	-	142	4756403	23969
chr9	4732434	4932434	harbor1	chr9	4756775	4757260	LTR/ERV1	1930	-	242	4757017	24583
chr9	4663234	4863234	harbor1	chr9	4752442	4752692	LTR/ERV1	1126	-	125	4752567	89333
chr9	4663234	4863234	harbor1	chr9	4753575	4753662	LTR/ERV1	480	-	44	4753619	90385
chr9	4663234	4863234	harbor1	chr9	4755575	4755863	LTR/ERV1	1640	-	144	4755719	92485
chr9	4663234	4863234	harbor1	chr9	4756168	4756240	LTR/ERV1	1640	-	36	4756204	92970
chr9	4663234	4863234	harbor1	chr9	4756261	4756546	LTR/ERV1	1781	-	142	4756403	93169
chr9	4663234	4863234	harbor1	chr9	4756775	4757260	LTR/ERV1	1930	-	242	4757017	93783
chr9	135515777	135715777	harbor1	chr9	135534884	135535203	LTR/ERV1	2171	-	160	135535044	19267
chr9	135515777	135715777	harbor1	chr9	135535526	135535818	LTR/ERV1	2171	-	146	135535672	19895
chr9	135515777	135715777	harbor1	chr9	135571581	135571933	LTR/ERV1	2208	-	176	135571757	55980
chr9	135515777	135715777	harbor1	chr9	135572532	135573167	LTR/ERV1	4096	-	318	135572850	57073
chr9	134035491	134235491	harbor1	chr9	134100665	134100932	LTR/ERV1	2887	-	134	134100799	65308
chr9	134035491	134235491	harbor1	chr9	134101232	134101525	LTR/ERV1	2887	-	146	134101378	65887
chr9	4692834	4892834	harbor1	chr9	4752442	4752692	LTR/ERV1	1126	-	125	4752567	59733
chr9	4692834	4892834	harbor1	chr9	4753575	4753662	LTR/ERV1	480	-	44	4753619	60785
chr9	4692834	4892834	harbor1	chr9	4755575	4755863	LTR/ERV1	1640	-	144	4755719	62885
chr9	4692834	4892834	harbor1	chr9	4756168	4756240	LTR/ERV1	1640	-	36	4756204	63370
chr9	4692834	4892834	harbor1	chr9	4756261	4756546	LTR/ERV1	1781	-	142	4756403	63569
chr9	4692834	4892834	harbor1	chr9	4756775	4757260	LTR/ERV1	1930	-	242	4757017	64183
chr9	4579693	4779693	harbor1	chr9	4654276	4655017	LTR/ERV1	4749	-	370	4654646	74953
chr9	4579693	4779693	harbor1	chr9	4657562	4657949	LTR/ERV1	664	-	194	4657756	78063
chr9	126299347	126499347	harbor1	chr9	126316681	126317407	LTR/ERV1	4586	-	363	126317044	17697
chr9	133242549	133442549	harbor1	chr9	133248153	133248628	LTR/ERV1	2915	-	238	133248391	5842
chr9	133242549	133442549	harbor1	chr9	133249815	133250376	LTR/ERV1	1324	-	280	133250095	7546
chr9	133242549	133442549	harbor1	chr9	133250373	133250995	LTR/ERV1	3387	-	311	133250684	8135
chr9	133242549	133442549	harbor1	chr9	133278707	133278970	LTR/ERV1	1350	-	132	133278839	36290
chr9	133242549	133442549	harbor1	chr9	133279058	133279972	LTR/ERV1	6700	-	457	133279515	36966
chr9	133242549	133442549	harbor1	chr9	133280063	133280137	LTR/ERV1	555	-	37	133280100	37551
chr9	133242549	133442549	harbor1	chr9	133280131	133281802	LTR/ERV1	14548	-	836	133280967	38418
chr9	133242549	133442549	harbor1	chr9	133282089	133282489	LTR/ERV1	14548	-	200	133282289	39740
chr9	133242549	133442549	harbor1	chr9	133282502	133282745	LTR/ERV1	1171	-	122	133282624	40075
chr9	133242549	133442549	harbor1	chr9	133283158	133283279	LTR/ERV1	710	-	60	133283218	40669
chr9	133242549	133442549	harbor1	chr9	133284687	133284804	LTR/ERV1	530	-	58	133284745	42196
chr9	133242549	133442549	harbor1	chr9	133284804	133284949	LTR/ERV1	1052	-	72	133284876	42327
chr9	133242549	133442549	harbor1	chr9	133287145	133287673	LTR/ERV1	22905	-	264	133287409	44860
chr9	133242549	133442549	harbor1	chr9	133287981	133288315	LTR/ERV1	22905	-	167	133288148	45599
chr9	133242549	133442549	harbor1	chr9	133288617	133289988	LTR/ERV1	29061	-	686	133289303	46754
chr9	133242549	133442549	harbor1	chr9	133290288	133293656	LTR/ERV1	29061	-	1684	133291972	49423
chr9	133242549	133442549	harbor1	chr9	133293657	133294354	LTR/ERV1	4684	-	348	133294005	51456
chr9	111561637	111761637	harbor1	chr9	111602772	111603352	LTR/ERV1	3334	-	290	111603062	41425
chr9	111561637	111761637	harbor1	chr9	111603641	111603671	LTR/ERV1	3334	-	15	111603656	42019
chr9	111561637	111761637	harbor1	chr9	111638123	111638448	LTR/ERV1	762	-	162	111638285	76648
chr9	109066800	109266800	harbor1	chr9	109121265	109121728	LTR/ERV1	2490	-	232	109121497	54697
chr9	109066800	109266800	harbor1	chr9	109122018	109122131	LTR/ERV1	2490	-	56	109122074	55274
chr9	4692441	4892441	harbor1	chr9	4752442	4752692	LTR/ERV1	1126	-	125	4752567	60126
chr9	4692441	4892441	harbor1	chr9	4753575	4753662	LTR/ERV1	480	-	44	4753619	61178
chr9	4692441	4892441	harbor1	chr9	4755575	4755863	LTR/ERV1	1640	-	144	4755719	63278
chr9	4692441	4892441	harbor1	chr9	4756168	4756240	LTR/ERV1	1640	-	36	4756204	63763
chr9	4692441	4892441	harbor1	chr9	4756261	4756546	LTR/ERV1	1781	-	142	4756403	63962
chr9	4692441	4892441	harbor1	chr9	4756775	4757260	LTR/ERV1	1930	-	242	4757017	64576
chr9	404061	604061	harbor1	chr9	499693	499998	LTR/ERV1	1595	-	152	499845	95784
chr9	404061	604061	harbor1	chr9	500001	500169	LTR/ERV1	1114	-	84	500085	96024
chr9	4692933	4892933	harbor1	chr9	4752442	4752692	LTR/ERV1	1126	-	125	4752567	59634
chr9	4692933	4892933	harbor1	chr9	4753575	4753662	LTR/ERV1	480	-	44	4753619	60686
chr9	4692933	4892933	harbor1	chr9	4755575	4755863	LTR/ERV1	1640	-	144	4755719	62786
chr9	4692933	4892933	harbor1	chr9	4756168	4756240	LTR/ERV1	1640	-	36	4756204	63271
chr9	4692933	4892933	harbor1	chr9	4756261	4756546	LTR/ERV1	1781	-	142	4756403	63470
chr9	4692933	4892933	harbor1	chr9	4756775	4757260	LTR/ERV1	1930	-	242	4757017	64084
chr9	135400878	135600878	harbor1	chr9	135437085	135437285	LTR/ERV1	1267	-	100	135437185	36307
chr9	135400878	135600878	harbor1	chr9	135437583	135437688	LTR/ERV1	580	-	52	135437635	36757
chr9	135400878	135600878	harbor1	chr9	135437717	135439587	LTR/ERV1	43615	-	935	135438652	37774
chr9	135400878	135600878	harbor1	chr9	135440177	135444140	LTR/ERV1	43615	-	1982	135442159	41281
chr9	135400878	135600878	harbor1	chr9	135444141	135444321	LTR/ERV1	1161	-	90	135444231	43353
chr9	134045916	134245916	harbor1	chr9	134100665	134100932	LTR/ERV1	2887	-	134	134100799	54883
chr9	134045916	134245916	harbor1	chr9	134101232	134101525	LTR/ERV1	2887	-	146	134101378	55462
chr9	4692425	4892425	harbor1	chr9	4752442	4752692	LTR/ERV1	1126	-	125	4752567	60142
chr9	4692425	4892425	harbor1	chr9	4753575	4753662	LTR/ERV1	480	-	44	4753619	61194
chr9	4692425	4892425	harbor1	chr9	4755575	4755863	LTR/ERV1	1640	-	144	4755719	63294
chr9	4692425	4892425	harbor1	chr9	4756168	4756240	LTR/ERV1	1640	-	36	4756204	63779
chr9	4692425	4892425	harbor1	chr9	4756261	4756546	LTR/ERV1	1781	-	142	4756403	63978
chr9	4692425	4892425	harbor1	chr9	4756775	4757260	LTR/ERV1	1930	-	242	4757017	64592
chr9	134029647	134229647	harbor1	chr9	134100665	134100932	LTR/ERV1	2887	-	134	134100799	71152
chr9	134029647	134229647	harbor1	chr9	134101232	134101525	LTR/ERV1	2887	-	146	134101378	71731
chr9	4698187	4898187	harbor1	chr9	4752442	4752692	LTR/ERV1	1126	-	125	4752567	54380
chr9	4698187	4898187	harbor1	chr9	4753575	4753662	LTR/ERV1	480	-	44	4753619	55432
chr9	4698187	4898187	harbor1	chr9	4755575	4755863	LTR/ERV1	1640	-	144	4755719	57532
chr9	4698187	4898187	harbor1	chr9	4756168	4756240	LTR/ERV1	1640	-	36	4756204	58017
chr9	4698187	4898187	harbor1	chr9	4756261	4756546	LTR/ERV1	1781	-	142	4756403	58216
chr9	4698187	4898187	harbor1	chr9	4756775	4757260	LTR/ERV1	1930	-	242	4757017	58830
chr9	4729109	4929109	harbor1	chr9	4752442	4752692	LTR/ERV1	1126	-	125	4752567	23458
chr9	4729109	4929109	harbor1	chr9	4753575	4753662	LTR/ERV1	480	-	44	4753619	24510
chr9	4729109	4929109	harbor1	chr9	4755575	4755863	LTR/ERV1	1640	-	144	4755719	26610
chr9	4729109	4929109	harbor1	chr9	4756168	4756240	LTR/ERV1	1640	-	36	4756204	27095
chr9	4729109	4929109	harbor1	chr9	4756261	4756546	LTR/ERV1	1781	-	142	4756403	27294
chr9	4729109	4929109	harbor1	chr9	4756775	4757260	LTR/ERV1	1930	-	242	4757017	27908
chr9	135593627	135793627	harbor1	chr9	135643640	135644396	LTR/ERV1	5336	-	378	135644018	50391
chr9	135593627	135793627	harbor1	chr9	135648519	135649157	LTR/ERV1	3981	-	319	135648838	55211
chr9	135593627	135793627	harbor1	chr9	135651166	135651239	LTR/ERV1	3186	-	36	135651202	57575
chr9	135593627	135793627	harbor1	chr9	135651240	135651688	LTR/ERV1	2835	-	224	135651464	57837
chr9	135593627	135793627	harbor1	chr9	135651689	135652208	LTR/ERV1	3186	-	260	135651949	58322
chr9	135593627	135793627	harbor1	chr9	135654691	135654776	LTR/ERV1	546	-	42	135654733	61106
chr9	135593627	135793627	harbor1	chr9	135680327	135680809	LTR/ERV1	3447	-	241	135680568	86941
chr9	135593627	135793627	harbor1	chr9	135680925	135681103	LTR/ERV1	1019	-	89	135681014	87387
chr9	108349474	108549474	harbor1	chr9	108377092	108377716	LTR/ERV1	3192	-	312	108377404	27930
chr9	4694447	4894447	harbor1	chr9	4752442	4752692	LTR/ERV1	1126	-	125	4752567	58120
chr9	4694447	4894447	harbor1	chr9	4753575	4753662	LTR/ERV1	480	-	44	4753619	59172
chr9	4694447	4894447	harbor1	chr9	4755575	4755863	LTR/ERV1	1640	-	144	4755719	61272
chr9	4694447	4894447	harbor1	chr9	4756168	4756240	LTR/ERV1	1640	-	36	4756204	61757
chr9	4694447	4894447	harbor1	chr9	4756261	4756546	LTR/ERV1	1781	-	142	4756403	61956
chr9	4694447	4894447	harbor1	chr9	4756775	4757260	LTR/ERV1	1930	-	242	4757017	62570
chr9	92958957	93158957	harbor1	chr9	92970303	92970747	LTR/ERV1	841	-	222	92970525	11568
chr9	92958957	93158957	harbor1	chr9	92982654	92982803	LTR/ERV1	2130	-	74	92982728	23771
chr9	92958957	93158957	harbor1	chr9	92983097	92983240	LTR/ERV1	2130	-	72	92983169	24212
chr9	92958957	93158957	harbor1	chr9	92983547	92983638	LTR/ERV1	2130	-	46	92983593	24636
chr9	92958957	93158957	harbor1	chr9	92983638	92985415	LTR/ERV1	5069	-	888	92984526	25569
chr9	92958957	93158957	harbor1	chr9	92985407	92985465	LTR/ERV1	4543	-	29	92985436	26479
chr9	92958957	93158957	harbor1	chr9	92985778	92987150	LTR/ERV1	5596	-	686	92986464	27507
chr9	92958957	93158957	harbor1	chr9	92987462	92987589	LTR/ERV1	5596	-	64	92987526	28569
chr9	92958957	93158957	harbor1	chr9	92987595	92988018	LTR/ERV1	2560	-	212	92987807	28850
chr9	92958957	93158957	harbor1	chr9	92988019	92988459	LTR/ERV1	2781	-	220	92988239	29282
chr9	92958957	93158957	harbor1	chr9	92988460	92988547	LTR/ERV1	2560	-	44	92988504	29547
chr9	92958957	93158957	harbor1	chr9	92989451	92989908	LTR/ERV1	3253	-	228	92989679	30722
chr9	92958957	93158957	harbor1	chr9	93018328	93018759	LTR/ERV1	2471	-	216	93018544	59587
chr9	92958957	93158957	harbor1	chr9	93020570	93020816	LTR/ERV1	1173	-	123	93020693	61736
chr9	92958957	93158957	harbor1	chr9	93047296	93047632	LTR/ERV1	967	-	168	93047464	88507
chr9	92958957	93158957	harbor1	chr9	93047950	93048061	LTR/ERV1	967	-	56	93048006	89049
chr10	132232384	132432384	harbor1	chr10	132320257	132320762	LTR/ERV1	1624	-	252	132320509	88125
chr10	132232384	132432384	harbor1	chr10	132324653	132325089	LTR/ERV1	2123	-	218	132324871	92487
chr10	132232384	132432384	harbor1	chr10	132326059	132326340	LTR/ERV1	1453	-	140	132326199	93815
chr10	132232384	132432384	harbor1	chr10	132326623	132326901	LTR/ERV1	1453	-	139	132326762	94378
chr10	132232384	132432384	harbor1	chr10	132328025	132328756	LTR/ERV1	3453	-	366	132328391	96007
chr10	132232398	132432398	harbor1	chr10	132320257	132320762	LTR/ERV1	1624	-	252	132320509	88111
chr10	132232398	132432398	harbor1	chr10	132324653	132325089	LTR/ERV1	2123	-	218	132324871	92473
chr10	132232398	132432398	harbor1	chr10	132326059	132326340	LTR/ERV1	1453	-	140	132326199	93801
chr10	132232398	132432398	harbor1	chr10	132326623	132326901	LTR/ERV1	1453	-	139	132326762	94364
chr10	132232398	132432398	harbor1	chr10	132328025	132328756	LTR/ERV1	3453	-	366	132328391	95993
chr10	102136358	102336358	harbor1	chr10	102180852	102181351	LTR/ERV1	4663	-	250	102181102	44744
chr10	102136358	102336358	harbor1	chr10	102181661	102181932	LTR/ERV1	4663	-	136	102181797	45439
chr10	102136358	102336358	harbor1	chr10	102188019	102189061	LTR/ERV1	3465	-	521	102188540	52182
chr10	102136358	102336358	harbor1	chr10	102193133	102193586	LTR/ERV1	3512	-	226	102193359	57001
chr10	102136358	102336358	harbor1	chr10	102193595	102193771	LTR/ERV1	10077	-	88	102193683	57325
chr10	102136358	102336358	harbor1	chr10	102194054	102194180	LTR/ERV1	10077	-	63	102194117	57759
chr10	102136358	102336358	harbor1	chr10	102194814	102195871	LTR/ERV1	10077	-	528	102195342	58984
chr10	102136358	102336358	harbor1	chr10	102196238	102197447	LTR/ERV1	25283	-	604	102196842	60484
chr10	102136358	102336358	harbor1	chr10	102197748	102198553	LTR/ERV1	25283	-	402	102198150	61792
chr10	102136358	102336358	harbor1	chr10	102198877	102199775	LTR/ERV1	25283	-	449	102199326	62968
chr10	102136358	102336358	harbor1	chr10	102199776	102201425	LTR/ERV1	8233	-	824	102200600	64242
chr10	102136358	102336358	harbor1	chr10	102201426	102201989	LTR/ERV1	25283	-	282	102201708	65350
chr10	102136358	102336358	harbor1	chr10	102204397	102204851	LTR/ERV1	3204	-	227	102204624	68266
chr10	102136358	102336358	harbor1	chr10	102201981	102204396	LTR/ERV1	18242	-	1208	102203189	66831
chr10	14778680	14978680	harbor1	chr10	14778574	14779136	LTR/ERV1	2155	-	281	14778855	175
chr10	14778677	14978677	harbor1	chr10	14778574	14779136	LTR/ERV1	2155	-	281	14778855	178
chr10	75309886	75509886	harbor1	chr10	75342518	75342657	LTR/ERV1	807	-	70	75342588	32702
chr10	14778676	14978676	harbor1	chr10	14778574	14779136	LTR/ERV1	2155	-	281	14778855	179
chr10	14771563	14971563	harbor1	chr10	14778574	14779136	LTR/ERV1	2155	-	281	14778855	7292
chr10	14755514	14955514	harbor1	chr10	14778574	14779136	LTR/ERV1	2155	-	281	14778855	23341
chr10	132202571	132402571	harbor1	chr10	132220900	132221033	LTR/ERV1	689	-	66	132220966	18395
chr10	133105439	133305439	harbor1	chr10	133196630	133196868	LTR/ERV1	566	-	119	133196749	91310
chr10	133105439	133305439	harbor1	chr10	133196868	133196987	LTR/ERV1	554	-	60	133196928	91489
chr10	23339297	23539297	harbor1	chr10	23370068	23370685	LTR/ERV1	1947	-	308	23370376	31079
chr10	23339297	23539297	harbor1	chr10	23374375	23374821	LTR/ERV1	2023	-	223	23374598	35301
chr10	23339297	23539297	harbor1	chr10	23375124	23375356	LTR/ERV1	2023	-	116	23375240	35943
chr10	23339297	23539297	harbor1	chr10	23390071	23390228	LTR/ERV1	1992	-	78	23390149	50852
chr10	23339297	23539297	harbor1	chr10	23390510	23391104	LTR/ERV1	3706	-	297	23390807	51510
chr10	23339297	23539297	harbor1	chr10	23392488	23393073	LTR/ERV1	3791	-	292	23392780	53483
chr10	23339297	23539297	harbor1	chr10	23418262	23418663	LTR/ERV1	2529	-	200	23418462	79165
chr10	15216571	15416571	harbor1	chr10	15234348	15234652	LTR/ERV1	1140	-	152	15234500	17929
chr10	15216571	15416571	harbor1	chr10	15234962	15235026	LTR/ERV1	503	-	32	15234994	18423
chr10	130648147	130848147	harbor1	chr10	130722515	130723417	LTR/ERV1	5246	-	451	130722966	74819
chr10	102141189	102341189	harbor1	chr10	102180852	102181351	LTR/ERV1	4663	-	250	102181102	39913
chr10	102141189	102341189	harbor1	chr10	102181661	102181932	LTR/ERV1	4663	-	136	102181797	40608
chr10	102141189	102341189	harbor1	chr10	102188019	102189061	LTR/ERV1	3465	-	521	102188540	47351
chr10	102141189	102341189	harbor1	chr10	102193133	102193586	LTR/ERV1	3512	-	226	102193359	52170
chr10	102141189	102341189	harbor1	chr10	102193595	102193771	LTR/ERV1	10077	-	88	102193683	52494
chr10	102141189	102341189	harbor1	chr10	102194054	102194180	LTR/ERV1	10077	-	63	102194117	52928
chr10	102141189	102341189	harbor1	chr10	102194814	102195871	LTR/ERV1	10077	-	528	102195342	54153
chr10	102141189	102341189	harbor1	chr10	102196238	102197447	LTR/ERV1	25283	-	604	102196842	55653
chr10	102141189	102341189	harbor1	chr10	102197748	102198553	LTR/ERV1	25283	-	402	102198150	56961
chr10	102141189	102341189	harbor1	chr10	102198877	102199775	LTR/ERV1	25283	-	449	102199326	58137
chr10	102141189	102341189	harbor1	chr10	102199776	102201425	LTR/ERV1	8233	-	824	102200600	59411
chr10	102141189	102341189	harbor1	chr10	102201426	102201989	LTR/ERV1	25283	-	282	102201708	60519
chr10	102141189	102341189	harbor1	chr10	102204397	102204851	LTR/ERV1	3204	-	227	102204624	63435
chr10	102141189	102341189	harbor1	chr10	102201981	102204396	LTR/ERV1	18242	-	1208	102203189	62000
chr10	101115534	101315534	harbor1	chr10	101164009	101164710	LTR/ERV1	4305	-	350	101164359	48825
chr10	101115534	101315534	harbor1	chr10	101182102	101182705	LTR/ERV1	4122	-	302	101182404	66870
chr10	101115534	101315534	harbor1	chr10	101183756	101184274	LTR/ERV1	3201	-	259	101184015	68481
chr10	101115534	101315534	harbor1	chr10	101184276	101184838	LTR/ERV1	3214	-	281	101184557	69023
chr10	101115534	101315534	harbor1	chr10	101184832	101186930	LTR/ERV1	13823	-	1049	101185881	70347
chr10	101115534	101315534	harbor1	chr10	101186917	101187109	LTR/ERV1	1215	-	96	101187013	71479
chr10	101115534	101315534	harbor1	chr10	101188717	101188921	LTR/ERV1	9148	-	102	101188819	73285
chr10	101115534	101315534	harbor1	chr10	101201003	101201451	LTR/ERV1	3610	-	224	101201227	85693
chr10	101115534	101315534	harbor1	chr10	101187098	101188408	LTR/ERV1	9148	-	655	101187753	72219
chr10	92431311	92631311	harbor1	chr10	92441440	92441534	LTR/ERV1	724	-	47	92441487	10176
chr10	92431311	92631311	harbor1	chr10	92442125	92442232	LTR/ERV1	724	-	54	92442179	10868
chr10	92431311	92631311	harbor1	chr10	92442242	92442478	LTR/ERV1	1486	-	118	92442360	11049
chr10	92431311	92631311	harbor1	chr10	92442767	92442854	LTR/ERV1	1486	-	44	92442811	11500
chr10	75111011	75311011	harbor1	chr10	75183584	75183832	LTR/ERV1	1007	-	124	75183708	72697
chr10	75111011	75311011	harbor1	chr10	75196898	75197096	LTR/ERV1	1553	-	99	75196997	85986
chr10	75111011	75311011	harbor1	chr10	75206390	75206411	LTR/ERV1	3171	-	10	75206400	95389
chr10	75111011	75311011	harbor1	chr10	75206450	75206463	LTR/ERV1	3171	-	6	75206456	95445
chr10	75111011	75311011	harbor1	chr10	75207106	75207533	LTR/ERV1	3171	-	214	75207320	96309
chr10	75111011	75311011	harbor1	chr10	75209151	75209408	LTR/ERV1	1953	-	128	75209279	98268
chr10	75111011	75311011	harbor1	chr10	75209713	75209895	LTR/ERV1	1953	-	91	75209804	98793
chr10	72255083	72455083	harbor1	chr10	72330333	72330681	LTR/ERV1	827	-	174	72330507	75424
chr10	72255083	72455083	harbor1	chr10	72330979	72331221	LTR/ERV1	827	-	121	72331100	76017
chr10	4608518	4808518	harbor1	chr10	4632810	4632849	LTR/ERV1	2122	-	20	4632830	24312
chr10	4608518	4808518	harbor1	chr10	4633142	4633654	LTR/ERV1	2122	-	256	4633398	24880
chr10	4608518	4808518	harbor1	chr10	4678412	4678924	LTR/ERV1	3267	-	256	4678668	70150
chr10	14701889	14901889	harbor1	chr10	14778574	14779136	LTR/ERV1	2155	-	281	14778855	76966
chr10	132232394	132432394	harbor1	chr10	132320257	132320762	LTR/ERV1	1624	-	252	132320509	88115
chr10	132232394	132432394	harbor1	chr10	132324653	132325089	LTR/ERV1	2123	-	218	132324871	92477
chr10	132232394	132432394	harbor1	chr10	132326059	132326340	LTR/ERV1	1453	-	140	132326199	93805
chr10	132232394	132432394	harbor1	chr10	132326623	132326901	LTR/ERV1	1453	-	139	132326762	94368
chr10	132232394	132432394	harbor1	chr10	132328025	132328756	LTR/ERV1	3453	-	366	132328391	95997
chr10	112347249	112547249	harbor1	chr10	112429813	112429961	LTR/ERV1	702	-	74	112429887	82638
chr10	122856480	123056480	harbor1	chr10	122877206	122877795	LTR/ERV1	2096	-	294	122877500	21020
chr10	122856480	123056480	harbor1	chr10	122930822	122931385	LTR/ERV1	3514	-	282	122931104	74624
chr10	69472321	69672321	harbor1	chr10	69527955	69529381	LTR/ERV1	4517	-	713	69528668	56347
chr10	132206329	132406329	harbor1	chr10	132220900	132221033	LTR/ERV1	689	-	66	132220966	14637
chr10	23099346	23299346	harbor1	chr10	23116202	23117115	LTR/ERV1	6086	-	456	23116658	17312
chr10	14778721	14978721	harbor1	chr10	14778574	14779136	LTR/ERV1	2155	-	281	14778855	134
chr10	75111017	75311017	harbor1	chr10	75183584	75183832	LTR/ERV1	1007	-	124	75183708	72691
chr10	75111017	75311017	harbor1	chr10	75196898	75197096	LTR/ERV1	1553	-	99	75196997	85980
chr10	75111017	75311017	harbor1	chr10	75206390	75206411	LTR/ERV1	3171	-	10	75206400	95383
chr10	75111017	75311017	harbor1	chr10	75206450	75206463	LTR/ERV1	3171	-	6	75206456	95439
chr10	75111017	75311017	harbor1	chr10	75207106	75207533	LTR/ERV1	3171	-	214	75207320	96303
chr10	75111017	75311017	harbor1	chr10	75209151	75209408	LTR/ERV1	1953	-	128	75209279	98262
chr10	75111017	75311017	harbor1	chr10	75209713	75209895	LTR/ERV1	1953	-	91	75209804	98787
chr10	132232388	132432388	harbor1	chr10	132320257	132320762	LTR/ERV1	1624	-	252	132320509	88121
chr10	132232388	132432388	harbor1	chr10	132324653	132325089	LTR/ERV1	2123	-	218	132324871	92483
chr10	132232388	132432388	harbor1	chr10	132326059	132326340	LTR/ERV1	1453	-	140	132326199	93811
chr10	132232388	132432388	harbor1	chr10	132326623	132326901	LTR/ERV1	1453	-	139	132326762	94374
chr10	132232388	132432388	harbor1	chr10	132328025	132328756	LTR/ERV1	3453	-	366	132328391	96003
chr10	4382921	4582921	harbor1	chr10	4453837	4454448	LTR/ERV1	3805	-	306	4454143	71222
chr10	23339295	23539295	harbor1	chr10	23370068	23370685	LTR/ERV1	1947	-	308	23370376	31081
chr10	23339295	23539295	harbor1	chr10	23374375	23374821	LTR/ERV1	2023	-	223	23374598	35303
chr10	23339295	23539295	harbor1	chr10	23375124	23375356	LTR/ERV1	2023	-	116	23375240	35945
chr10	23339295	23539295	harbor1	chr10	23390071	23390228	LTR/ERV1	1992	-	78	23390149	50854
chr10	23339295	23539295	harbor1	chr10	23390510	23391104	LTR/ERV1	3706	-	297	23390807	51512
chr10	23339295	23539295	harbor1	chr10	23392488	23393073	LTR/ERV1	3791	-	292	23392780	53485
chr10	23339295	23539295	harbor1	chr10	23418262	23418663	LTR/ERV1	2529	-	200	23418462	79167
chr10	14778699	14978699	harbor1	chr10	14778574	14779136	LTR/ERV1	2155	-	281	14778855	156
chr10	101115425	101315425	harbor1	chr10	101164009	101164710	LTR/ERV1	4305	-	350	101164359	48934
chr10	101115425	101315425	harbor1	chr10	101182102	101182705	LTR/ERV1	4122	-	302	101182404	66979
chr10	101115425	101315425	harbor1	chr10	101183756	101184274	LTR/ERV1	3201	-	259	101184015	68590
chr10	101115425	101315425	harbor1	chr10	101184276	101184838	LTR/ERV1	3214	-	281	101184557	69132
chr10	101115425	101315425	harbor1	chr10	101184832	101186930	LTR/ERV1	13823	-	1049	101185881	70456
chr10	101115425	101315425	harbor1	chr10	101186917	101187109	LTR/ERV1	1215	-	96	101187013	71588
chr10	101115425	101315425	harbor1	chr10	101188717	101188921	LTR/ERV1	9148	-	102	101188819	73394
chr10	101115425	101315425	harbor1	chr10	101201003	101201451	LTR/ERV1	3610	-	224	101201227	85802
chr10	101115425	101315425	harbor1	chr10	101187098	101188408	LTR/ERV1	9148	-	655	101187753	72328
chr10	69458778	69658778	harbor1	chr10	69527955	69529381	LTR/ERV1	4517	-	713	69528668	69890
chr10	102140710	102340710	harbor1	chr10	102180852	102181351	LTR/ERV1	4663	-	250	102181102	40392
chr10	102140710	102340710	harbor1	chr10	102181661	102181932	LTR/ERV1	4663	-	136	102181797	41087
chr10	102140710	102340710	harbor1	chr10	102188019	102189061	LTR/ERV1	3465	-	521	102188540	47830
chr10	102140710	102340710	harbor1	chr10	102193133	102193586	LTR/ERV1	3512	-	226	102193359	52649
chr10	102140710	102340710	harbor1	chr10	102193595	102193771	LTR/ERV1	10077	-	88	102193683	52973
chr10	102140710	102340710	harbor1	chr10	102194054	102194180	LTR/ERV1	10077	-	63	102194117	53407
chr10	102140710	102340710	harbor1	chr10	102194814	102195871	LTR/ERV1	10077	-	528	102195342	54632
chr10	102140710	102340710	harbor1	chr10	102196238	102197447	LTR/ERV1	25283	-	604	102196842	56132
chr10	102140710	102340710	harbor1	chr10	102197748	102198553	LTR/ERV1	25283	-	402	102198150	57440
chr10	102140710	102340710	harbor1	chr10	102198877	102199775	LTR/ERV1	25283	-	449	102199326	58616
chr10	102140710	102340710	harbor1	chr10	102199776	102201425	LTR/ERV1	8233	-	824	102200600	59890
chr10	102140710	102340710	harbor1	chr10	102201426	102201989	LTR/ERV1	25283	-	282	102201708	60998
chr10	102140710	102340710	harbor1	chr10	102204397	102204851	LTR/ERV1	3204	-	227	102204624	63914
chr10	102140710	102340710	harbor1	chr10	102201981	102204396	LTR/ERV1	18242	-	1208	102203189	62479
chr10	46006324	46206324	harbor1	chr10	46050921	46051343	LTR/ERV1	2229	-	211	46051132	44808
chr10	46006324	46206324	harbor1	chr10	46054555	46055019	LTR/ERV1	3227	-	232	46054787	48463
chr10	46006324	46206324	harbor1	chr10	46055663	46055878	LTR/ERV1	1392	-	108	46055771	49447
chr10	46006324	46206324	harbor1	chr10	46059115	46059768	LTR/ERV1	1856	-	326	46059441	53117
chr10	133556781	133756781	harbor1	chr10	133588371	133588447	LTR/ERV1	640	-	38	133588409	31628
chr10	133556781	133756781	harbor1	chr10	133645225	133645882	LTR/ERV1	3036	-	328	133645553	88772
chr10	133556781	133756781	harbor1	chr10	133646494	133647642	LTR/ERV1	1804	-	574	133647068	90287
chr10	133556781	133756781	harbor1	chr10	133647643	133648116	LTR/ERV1	3085	-	236	133647879	91098
chr10	71360848	71560848	harbor1	chr10	71376605	71376750	LTR/ERV1	619	-	72	71376677	15829
chr10	132786515	132986515	harbor1	chr10	132800187	132801501	LTR/ERV1	9553	-	657	132800844	14329
chr10	68160980	68360980	harbor1	chr10	68162815	68163022	LTR/ERV1	2859	-	104	68162919	1939
chr10	68160980	68360980	harbor1	chr10	68163303	68163345	LTR/ERV1	2859	-	21	68163324	2344
chr10	68160980	68360980	harbor1	chr10	68163658	68163891	LTR/ERV1	2859	-	116	68163774	2794
chr10	68160980	68360980	harbor1	chr10	68168407	68168759	LTR/ERV1	1656	-	176	68168583	7603
chr10	68160980	68360980	harbor1	chr10	68181622	68182178	LTR/ERV1	983	-	278	68181900	20920
chr10	68160980	68360980	harbor1	chr10	68244035	68244102	LTR/ERV1	1115	-	34	68244069	83089
chr10	68160980	68360980	harbor1	chr10	68244419	68244714	LTR/ERV1	1115	-	148	68244567	83587
chr10	68160980	68360980	harbor1	chr10	68244956	68245038	LTR/ERV1	1115	-	41	68244997	84017
chr10	100085650	100285650	harbor1	chr10	100106619	100107275	LTR/ERV1	3726	-	328	100106947	21297
chr10	100085650	100285650	harbor1	chr10	100125203	100125345	LTR/ERV1	2563	-	71	100125274	39624
chr10	100085650	100285650	harbor1	chr10	100125714	100126143	LTR/ERV1	2563	-	214	100125928	40278
chr10	47239786	47439786	harbor1	chr10	47294170	47294659	LTR/ERV1	3580	-	244	47294414	54628
chr10	48299632	48499632	harbor1	chr10	48330535	48330954	LTR/ERV1	3331	-	210	48330745	31113
chr10	48299632	48499632	harbor1	chr10	48334177	48334721	LTR/ERV1	4145	-	272	48334449	34817
chr10	48299632	48499632	harbor1	chr10	48334722	48335179	LTR/ERV1	3420	-	228	48334950	35318
chr10	48299632	48499632	harbor1	chr10	48366281	48366610	LTR/ERV1	1128	-	164	48366445	66813
chr10	48299632	48499632	harbor1	chr10	48377787	48378085	LTR/ERV1	838	-	149	48377936	78304
chr10	48299632	48499632	harbor1	chr10	48378172	48378774	LTR/ERV1	3390	-	301	48378473	78841
chr10	48299632	48499632	harbor1	chr10	48378924	48379961	LTR/ERV1	5371	-	518	48379442	79810
chr10	48299632	48499632	harbor1	chr10	48380250	48380449	LTR/ERV1	4527	-	100	48380350	80718
chr10	48299632	48499632	harbor1	chr10	48382967	48383434	LTR/ERV1	1560	-	234	48383201	83569
chr10	48299632	48499632	harbor1	chr10	48383920	48383974	LTR/ERV1	582	-	27	48383947	84315
chr10	48299632	48499632	harbor1	chr10	48384262	48384425	LTR/ERV1	582	-	82	48384344	84712
chr10	48299632	48499632	harbor1	chr10	48384426	48384605	LTR/ERV1	707	-	90	48384516	84884
chr10	48299632	48499632	harbor1	chr10	48384864	48385279	LTR/ERV1	1023	-	208	48385072	85440
chr10	48299632	48499632	harbor1	chr10	48330955	48333651	LTR/ERV1	21174	-	1348	48332303	32671
chr10	48299632	48499632	harbor1	chr10	48380753	48382651	LTR/ERV1	4527	-	949	48381702	82070
chr10	34451528	34651528	harbor1	chr10	34485016	34485055	LTR/ERV1	2159	-	20	34485036	33508
chr10	34451528	34651528	harbor1	chr10	34485352	34485918	LTR/ERV1	2187	-	283	34485635	34107
chr10	34451528	34651528	harbor1	chr10	34486206	34486394	LTR/ERV1	1703	-	94	34486300	34772
chr10	102141217	102341217	harbor1	chr10	102180852	102181351	LTR/ERV1	4663	-	250	102181102	39885
chr10	102141217	102341217	harbor1	chr10	102181661	102181932	LTR/ERV1	4663	-	136	102181797	40580
chr10	102141217	102341217	harbor1	chr10	102188019	102189061	LTR/ERV1	3465	-	521	102188540	47323
chr10	102141217	102341217	harbor1	chr10	102193133	102193586	LTR/ERV1	3512	-	226	102193359	52142
chr10	102141217	102341217	harbor1	chr10	102193595	102193771	LTR/ERV1	10077	-	88	102193683	52466
chr10	102141217	102341217	harbor1	chr10	102194054	102194180	LTR/ERV1	10077	-	63	102194117	52900
chr10	102141217	102341217	harbor1	chr10	102194814	102195871	LTR/ERV1	10077	-	528	102195342	54125
chr10	102141217	102341217	harbor1	chr10	102196238	102197447	LTR/ERV1	25283	-	604	102196842	55625
chr10	102141217	102341217	harbor1	chr10	102197748	102198553	LTR/ERV1	25283	-	402	102198150	56933
chr10	102141217	102341217	harbor1	chr10	102198877	102199775	LTR/ERV1	25283	-	449	102199326	58109
chr10	102141217	102341217	harbor1	chr10	102199776	102201425	LTR/ERV1	8233	-	824	102200600	59383
chr10	102141217	102341217	harbor1	chr10	102201426	102201989	LTR/ERV1	25283	-	282	102201708	60491
chr10	102141217	102341217	harbor1	chr10	102204397	102204851	LTR/ERV1	3204	-	227	102204624	63407
chr10	102141217	102341217	harbor1	chr10	102201981	102204396	LTR/ERV1	18242	-	1208	102203189	61972
chr10	132143415	132343415	harbor1	chr10	132220900	132221033	LTR/ERV1	689	-	66	132220966	77551
chr10	14778012	14978012	harbor1	chr10	14778574	14779136	LTR/ERV1	2155	-	281	14778855	843
chr10	132207804	132407804	harbor1	chr10	132220900	132221033	LTR/ERV1	689	-	66	132220966	13162
chr10	4452758	4652758	harbor1	chr10	4453837	4454448	LTR/ERV1	3805	-	306	4454143	1385
chr10	75111058	75311058	harbor1	chr10	75183584	75183832	LTR/ERV1	1007	-	124	75183708	72650
chr10	75111058	75311058	harbor1	chr10	75196898	75197096	LTR/ERV1	1553	-	99	75196997	85939
chr10	75111058	75311058	harbor1	chr10	75206390	75206411	LTR/ERV1	3171	-	10	75206400	95342
chr10	75111058	75311058	harbor1	chr10	75206450	75206463	LTR/ERV1	3171	-	6	75206456	95398
chr10	75111058	75311058	harbor1	chr10	75207106	75207533	LTR/ERV1	3171	-	214	75207320	96262
chr10	75111058	75311058	harbor1	chr10	75209151	75209408	LTR/ERV1	1953	-	128	75209279	98221
chr10	75111058	75311058	harbor1	chr10	75209713	75209895	LTR/ERV1	1953	-	91	75209804	98746
chr10	47239777	47439777	harbor1	chr10	47294170	47294659	LTR/ERV1	3580	-	244	47294414	54637
chr10	89132447	89332447	harbor1	chr10	89181817	89182289	LTR/ERV1	2688	-	236	89182053	49606
chr10	47239796	47439796	harbor1	chr10	47294170	47294659	LTR/ERV1	3580	-	244	47294414	54618
chr10	102140729	102340729	harbor1	chr10	102180852	102181351	LTR/ERV1	4663	-	250	102181102	40373
chr10	102140729	102340729	harbor1	chr10	102181661	102181932	LTR/ERV1	4663	-	136	102181797	41068
chr10	102140729	102340729	harbor1	chr10	102188019	102189061	LTR/ERV1	3465	-	521	102188540	47811
chr10	102140729	102340729	harbor1	chr10	102193133	102193586	LTR/ERV1	3512	-	226	102193359	52630
chr10	102140729	102340729	harbor1	chr10	102193595	102193771	LTR/ERV1	10077	-	88	102193683	52954
chr10	102140729	102340729	harbor1	chr10	102194054	102194180	LTR/ERV1	10077	-	63	102194117	53388
chr10	102140729	102340729	harbor1	chr10	102194814	102195871	LTR/ERV1	10077	-	528	102195342	54613
chr10	102140729	102340729	harbor1	chr10	102196238	102197447	LTR/ERV1	25283	-	604	102196842	56113
chr10	102140729	102340729	harbor1	chr10	102197748	102198553	LTR/ERV1	25283	-	402	102198150	57421
chr10	102140729	102340729	harbor1	chr10	102198877	102199775	LTR/ERV1	25283	-	449	102199326	58597
chr10	102140729	102340729	harbor1	chr10	102199776	102201425	LTR/ERV1	8233	-	824	102200600	59871
chr10	102140729	102340729	harbor1	chr10	102201426	102201989	LTR/ERV1	25283	-	282	102201708	60979
chr10	102140729	102340729	harbor1	chr10	102204397	102204851	LTR/ERV1	3204	-	227	102204624	63895
chr10	102140729	102340729	harbor1	chr10	102201981	102204396	LTR/ERV1	18242	-	1208	102203189	62460
chr10	132232409	132432409	harbor1	chr10	132320257	132320762	LTR/ERV1	1624	-	252	132320509	88100
chr10	132232409	132432409	harbor1	chr10	132324653	132325089	LTR/ERV1	2123	-	218	132324871	92462
chr10	132232409	132432409	harbor1	chr10	132326059	132326340	LTR/ERV1	1453	-	140	132326199	93790
chr10	132232409	132432409	harbor1	chr10	132326623	132326901	LTR/ERV1	1453	-	139	132326762	94353
chr10	132232409	132432409	harbor1	chr10	132328025	132328756	LTR/ERV1	3453	-	366	132328391	95982
chr10	131310814	131510814	harbor1	chr10	131397572	131398214	LTR/ERV1	3025	-	321	131397893	87079
chr10	131310814	131510814	harbor1	chr10	131399224	131399811	LTR/ERV1	4692	-	294	131399518	88704
chr10	68462143	68662143	harbor1	chr10	68516079	68516670	LTR/ERV1	4680	-	296	68516375	54232
chr10	68462143	68662143	harbor1	chr10	68529862	68530378	LTR/ERV1	4565	-	258	68530120	67977
chr10	68462143	68662143	harbor1	chr10	68530680	68530748	LTR/ERV1	4565	-	34	68530714	68571
chr10	14752857	14952857	harbor1	chr10	14778574	14779136	LTR/ERV1	2155	-	281	14778855	25998
chr10	133137750	133337750	harbor1	chr10	133196630	133196868	LTR/ERV1	566	-	119	133196749	58999
chr10	133137750	133337750	harbor1	chr10	133196868	133196987	LTR/ERV1	554	-	60	133196928	59178
chr10	131310770	131510770	harbor1	chr10	131397572	131398214	LTR/ERV1	3025	-	321	131397893	87123
chr10	131310770	131510770	harbor1	chr10	131399224	131399811	LTR/ERV1	4692	-	294	131399518	88748
chr10	131310777	131510777	harbor1	chr10	131397572	131398214	LTR/ERV1	3025	-	321	131397893	87116
chr10	131310777	131510777	harbor1	chr10	131399224	131399811	LTR/ERV1	4692	-	294	131399518	88741
chr10	14778778	14978778	harbor1	chr10	14778574	14779136	LTR/ERV1	2155	-	281	14778855	77
chr10	46005969	46205969	harbor1	chr10	46050921	46051343	LTR/ERV1	2229	-	211	46051132	45163
chr10	46005969	46205969	harbor1	chr10	46054555	46055019	LTR/ERV1	3227	-	232	46054787	48818
chr10	46005969	46205969	harbor1	chr10	46055663	46055878	LTR/ERV1	1392	-	108	46055771	49802
chr10	46005969	46205969	harbor1	chr10	46059115	46059768	LTR/ERV1	1856	-	326	46059441	53472
chr10	72255102	72455102	harbor1	chr10	72330333	72330681	LTR/ERV1	827	-	174	72330507	75405
chr10	72255102	72455102	harbor1	chr10	72330979	72331221	LTR/ERV1	827	-	121	72331100	75998
chr10	132614280	132814280	harbor1	chr10	132618069	132618466	LTR/ERV1	563	-	198	132618267	3987
chr10	132614280	132814280	harbor1	chr10	132621294	132621924	LTR/ERV1	3344	-	315	132621609	7329
chr10	72254369	72454369	harbor1	chr10	72330333	72330681	LTR/ERV1	827	-	174	72330507	76138
chr10	72254369	72454369	harbor1	chr10	72330979	72331221	LTR/ERV1	827	-	121	72331100	76731
chr10	131310769	131510769	harbor1	chr10	131397572	131398214	LTR/ERV1	3025	-	321	131397893	87124
chr10	131310769	131510769	harbor1	chr10	131399224	131399811	LTR/ERV1	4692	-	294	131399518	88749
chr10	102134155	102334155	harbor1	chr10	102180852	102181351	LTR/ERV1	4663	-	250	102181102	46947
chr10	102134155	102334155	harbor1	chr10	102181661	102181932	LTR/ERV1	4663	-	136	102181797	47642
chr10	102134155	102334155	harbor1	chr10	102188019	102189061	LTR/ERV1	3465	-	521	102188540	54385
chr10	102134155	102334155	harbor1	chr10	102193133	102193586	LTR/ERV1	3512	-	226	102193359	59204
chr10	102134155	102334155	harbor1	chr10	102193595	102193771	LTR/ERV1	10077	-	88	102193683	59528
chr10	102134155	102334155	harbor1	chr10	102194054	102194180	LTR/ERV1	10077	-	63	102194117	59962
chr10	102134155	102334155	harbor1	chr10	102194814	102195871	LTR/ERV1	10077	-	528	102195342	61187
chr10	102134155	102334155	harbor1	chr10	102196238	102197447	LTR/ERV1	25283	-	604	102196842	62687
chr10	102134155	102334155	harbor1	chr10	102197748	102198553	LTR/ERV1	25283	-	402	102198150	63995
chr10	102134155	102334155	harbor1	chr10	102198877	102199775	LTR/ERV1	25283	-	449	102199326	65171
chr10	102134155	102334155	harbor1	chr10	102199776	102201425	LTR/ERV1	8233	-	824	102200600	66445
chr10	102134155	102334155	harbor1	chr10	102201426	102201989	LTR/ERV1	25283	-	282	102201708	67553
chr10	102134155	102334155	harbor1	chr10	102204397	102204851	LTR/ERV1	3204	-	227	102204624	70469
chr10	102134155	102334155	harbor1	chr10	102201981	102204396	LTR/ERV1	18242	-	1208	102203189	69034
chr10	131310837	131510837	harbor1	chr10	131397572	131398214	LTR/ERV1	3025	-	321	131397893	87056
chr10	131310837	131510837	harbor1	chr10	131399224	131399811	LTR/ERV1	4692	-	294	131399518	88681
chr10	14763732	14963732	harbor1	chr10	14778574	14779136	LTR/ERV1	2155	-	281	14778855	15123
chr10	102141356	102341356	harbor1	chr10	102180852	102181351	LTR/ERV1	4663	-	250	102181102	39746
chr10	102141356	102341356	harbor1	chr10	102181661	102181932	LTR/ERV1	4663	-	136	102181797	40441
chr10	102141356	102341356	harbor1	chr10	102188019	102189061	LTR/ERV1	3465	-	521	102188540	47184
chr10	102141356	102341356	harbor1	chr10	102193133	102193586	LTR/ERV1	3512	-	226	102193359	52003
chr10	102141356	102341356	harbor1	chr10	102193595	102193771	LTR/ERV1	10077	-	88	102193683	52327
chr10	102141356	102341356	harbor1	chr10	102194054	102194180	LTR/ERV1	10077	-	63	102194117	52761
chr10	102141356	102341356	harbor1	chr10	102194814	102195871	LTR/ERV1	10077	-	528	102195342	53986
chr10	102141356	102341356	harbor1	chr10	102196238	102197447	LTR/ERV1	25283	-	604	102196842	55486
chr10	102141356	102341356	harbor1	chr10	102197748	102198553	LTR/ERV1	25283	-	402	102198150	56794
chr10	102141356	102341356	harbor1	chr10	102198877	102199775	LTR/ERV1	25283	-	449	102199326	57970
chr10	102141356	102341356	harbor1	chr10	102199776	102201425	LTR/ERV1	8233	-	824	102200600	59244
chr10	102141356	102341356	harbor1	chr10	102201426	102201989	LTR/ERV1	25283	-	282	102201708	60352
chr10	102141356	102341356	harbor1	chr10	102204397	102204851	LTR/ERV1	3204	-	227	102204624	63268
chr10	102141356	102341356	harbor1	chr10	102201981	102204396	LTR/ERV1	18242	-	1208	102203189	61833
chr10	30655861	30855861	harbor1	chr10	30713459	30713636	LTR/ERV1	2072	-	88	30713547	57686
chr10	30655861	30855861	harbor1	chr10	30713903	30714100	LTR/ERV1	2072	-	98	30714001	58140
chr10	30655861	30855861	harbor1	chr10	30728541	30728869	LTR/ERV1	512	-	164	30728705	72844
chr10	14778075	14978075	harbor1	chr10	14778574	14779136	LTR/ERV1	2155	-	281	14778855	780
chr10	72254600	72454600	harbor1	chr10	72330333	72330681	LTR/ERV1	827	-	174	72330507	75907
chr10	72254600	72454600	harbor1	chr10	72330979	72331221	LTR/ERV1	827	-	121	72331100	76500
chr10	102140075	102340075	harbor1	chr10	102180852	102181351	LTR/ERV1	4663	-	250	102181102	41027
chr10	102140075	102340075	harbor1	chr10	102181661	102181932	LTR/ERV1	4663	-	136	102181797	41722
chr10	102140075	102340075	harbor1	chr10	102188019	102189061	LTR/ERV1	3465	-	521	102188540	48465
chr10	102140075	102340075	harbor1	chr10	102193133	102193586	LTR/ERV1	3512	-	226	102193359	53284
chr10	102140075	102340075	harbor1	chr10	102193595	102193771	LTR/ERV1	10077	-	88	102193683	53608
chr10	102140075	102340075	harbor1	chr10	102194054	102194180	LTR/ERV1	10077	-	63	102194117	54042
chr10	102140075	102340075	harbor1	chr10	102194814	102195871	LTR/ERV1	10077	-	528	102195342	55267
chr10	102140075	102340075	harbor1	chr10	102196238	102197447	LTR/ERV1	25283	-	604	102196842	56767
chr10	102140075	102340075	harbor1	chr10	102197748	102198553	LTR/ERV1	25283	-	402	102198150	58075
chr10	102140075	102340075	harbor1	chr10	102198877	102199775	LTR/ERV1	25283	-	449	102199326	59251
chr10	102140075	102340075	harbor1	chr10	102199776	102201425	LTR/ERV1	8233	-	824	102200600	60525
chr10	102140075	102340075	harbor1	chr10	102201426	102201989	LTR/ERV1	25283	-	282	102201708	61633
chr10	102140075	102340075	harbor1	chr10	102204397	102204851	LTR/ERV1	3204	-	227	102204624	64549
chr10	102140075	102340075	harbor1	chr10	102201981	102204396	LTR/ERV1	18242	-	1208	102203189	63114
chr10	132207865	132407865	harbor1	chr10	132220900	132221033	LTR/ERV1	689	-	66	132220966	13101
chr10	43456421	43656421	harbor1	chr10	43458118	43458580	LTR/ERV1	3111	-	231	43458349	1928
chr10	43456421	43656421	harbor1	chr10	43471124	43472088	LTR/ERV1	4895	-	482	43471606	15185
chr10	43456421	43656421	harbor1	chr10	43474921	43475195	LTR/ERV1	1947	-	137	43475058	18637
chr10	14778068	14978068	harbor1	chr10	14778574	14779136	LTR/ERV1	2155	-	281	14778855	787
chr11	3928050	4128050	harbor1	chr11	3970556	3970863	LTR/ERV1	1117	-	154	3970710	42660
chr11	5127208	5327208	harbor1	chr11	5139052	5139447	LTR/ERV1	2399	-	198	5139250	12042
chr11	5127208	5327208	harbor1	chr11	5160297	5160707	LTR/ERV1	2938	-	205	5160502	33294
chr11	5127208	5327208	harbor1	chr11	5161085	5161301	LTR/ERV1	1385	-	108	5161193	33985
chr11	5127208	5327208	harbor1	chr11	5161303	5161965	LTR/ERV1	4367	-	331	5161634	34426
chr11	5127208	5327208	harbor1	chr11	5161968	5162469	LTR/ERV1	3197	-	250	5162218	35010
chr11	5127208	5327208	harbor1	chr11	5162469	5162618	LTR/ERV1	939	-	74	5162543	35335
chr11	5127208	5327208	harbor1	chr11	5162613	5165703	LTR/ERV1	15993	-	1545	5164158	36950
chr11	5127208	5327208	harbor1	chr11	5165706	5166117	LTR/ERV1	2864	-	206	5165912	38704
chr11	5127208	5327208	harbor1	chr11	5160708	5161086	LTR/ERV1	2455	-	189	5160897	33689
chr11	5127208	5327208	harbor1	chr11	5193634	5194416	LTR/ERV1	5443	-	391	5194025	66817
chr11	5126782	5326782	harbor1	chr11	5139052	5139447	LTR/ERV1	2399	-	198	5139250	12468
chr11	5126782	5326782	harbor1	chr11	5160297	5160707	LTR/ERV1	2938	-	205	5160502	33720
chr11	5126782	5326782	harbor1	chr11	5161085	5161301	LTR/ERV1	1385	-	108	5161193	34411
chr11	5126782	5326782	harbor1	chr11	5161303	5161965	LTR/ERV1	4367	-	331	5161634	34852
chr11	5126782	5326782	harbor1	chr11	5161968	5162469	LTR/ERV1	3197	-	250	5162218	35436
chr11	5126782	5326782	harbor1	chr11	5162469	5162618	LTR/ERV1	939	-	74	5162543	35761
chr11	5126782	5326782	harbor1	chr11	5162613	5165703	LTR/ERV1	15993	-	1545	5164158	37376
chr11	5126782	5326782	harbor1	chr11	5165706	5166117	LTR/ERV1	2864	-	206	5165912	39130
chr11	5126782	5326782	harbor1	chr11	5160708	5161086	LTR/ERV1	2455	-	189	5160897	34115
chr11	5126782	5326782	harbor1	chr11	5193634	5194416	LTR/ERV1	5443	-	391	5194025	67243
chr11	5125332	5325332	harbor1	chr11	5139052	5139447	LTR/ERV1	2399	-	198	5139250	13918
chr11	5125332	5325332	harbor1	chr11	5160297	5160707	LTR/ERV1	2938	-	205	5160502	35170
chr11	5125332	5325332	harbor1	chr11	5161085	5161301	LTR/ERV1	1385	-	108	5161193	35861
chr11	5125332	5325332	harbor1	chr11	5161303	5161965	LTR/ERV1	4367	-	331	5161634	36302
chr11	5125332	5325332	harbor1	chr11	5161968	5162469	LTR/ERV1	3197	-	250	5162218	36886
chr11	5125332	5325332	harbor1	chr11	5162469	5162618	LTR/ERV1	939	-	74	5162543	37211
chr11	5125332	5325332	harbor1	chr11	5162613	5165703	LTR/ERV1	15993	-	1545	5164158	38826
chr11	5125332	5325332	harbor1	chr11	5165706	5166117	LTR/ERV1	2864	-	206	5165912	40580
chr11	5125332	5325332	harbor1	chr11	5160708	5161086	LTR/ERV1	2455	-	189	5160897	35565
chr11	5125332	5325332	harbor1	chr11	5193634	5194416	LTR/ERV1	5443	-	391	5194025	68693
chr11	5127125	5327125	harbor1	chr11	5139052	5139447	LTR/ERV1	2399	-	198	5139250	12125
chr11	5127125	5327125	harbor1	chr11	5160297	5160707	LTR/ERV1	2938	-	205	5160502	33377
chr11	5127125	5327125	harbor1	chr11	5161085	5161301	LTR/ERV1	1385	-	108	5161193	34068
chr11	5127125	5327125	harbor1	chr11	5161303	5161965	LTR/ERV1	4367	-	331	5161634	34509
chr11	5127125	5327125	harbor1	chr11	5161968	5162469	LTR/ERV1	3197	-	250	5162218	35093
chr11	5127125	5327125	harbor1	chr11	5162469	5162618	LTR/ERV1	939	-	74	5162543	35418
chr11	5127125	5327125	harbor1	chr11	5162613	5165703	LTR/ERV1	15993	-	1545	5164158	37033
chr11	5127125	5327125	harbor1	chr11	5165706	5166117	LTR/ERV1	2864	-	206	5165912	38787
chr11	5127125	5327125	harbor1	chr11	5160708	5161086	LTR/ERV1	2455	-	189	5160897	33772
chr11	5127125	5327125	harbor1	chr11	5193634	5194416	LTR/ERV1	5443	-	391	5194025	66900
chr11	5126747	5326747	harbor1	chr11	5139052	5139447	LTR/ERV1	2399	-	198	5139250	12503
chr11	5126747	5326747	harbor1	chr11	5160297	5160707	LTR/ERV1	2938	-	205	5160502	33755
chr11	5126747	5326747	harbor1	chr11	5161085	5161301	LTR/ERV1	1385	-	108	5161193	34446
chr11	5126747	5326747	harbor1	chr11	5161303	5161965	LTR/ERV1	4367	-	331	5161634	34887
chr11	5126747	5326747	harbor1	chr11	5161968	5162469	LTR/ERV1	3197	-	250	5162218	35471
chr11	5126747	5326747	harbor1	chr11	5162469	5162618	LTR/ERV1	939	-	74	5162543	35796
chr11	5126747	5326747	harbor1	chr11	5162613	5165703	LTR/ERV1	15993	-	1545	5164158	37411
chr11	5126747	5326747	harbor1	chr11	5165706	5166117	LTR/ERV1	2864	-	206	5165912	39165
chr11	5126747	5326747	harbor1	chr11	5160708	5161086	LTR/ERV1	2455	-	189	5160897	34150
chr11	5126747	5326747	harbor1	chr11	5193634	5194416	LTR/ERV1	5443	-	391	5194025	67278
chr11	76580979	76780979	harbor1	chr11	76607926	76609594	LTR/ERV1	11116	-	834	76608760	27781
chr11	5126823	5326823	harbor1	chr11	5139052	5139447	LTR/ERV1	2399	-	198	5139250	12427
chr11	5126823	5326823	harbor1	chr11	5160297	5160707	LTR/ERV1	2938	-	205	5160502	33679
chr11	5126823	5326823	harbor1	chr11	5161085	5161301	LTR/ERV1	1385	-	108	5161193	34370
chr11	5126823	5326823	harbor1	chr11	5161303	5161965	LTR/ERV1	4367	-	331	5161634	34811
chr11	5126823	5326823	harbor1	chr11	5161968	5162469	LTR/ERV1	3197	-	250	5162218	35395
chr11	5126823	5326823	harbor1	chr11	5162469	5162618	LTR/ERV1	939	-	74	5162543	35720
chr11	5126823	5326823	harbor1	chr11	5162613	5165703	LTR/ERV1	15993	-	1545	5164158	37335
chr11	5126823	5326823	harbor1	chr11	5165706	5166117	LTR/ERV1	2864	-	206	5165912	39089
chr11	5126823	5326823	harbor1	chr11	5160708	5161086	LTR/ERV1	2455	-	189	5160897	34074
chr11	5126823	5326823	harbor1	chr11	5193634	5194416	LTR/ERV1	5443	-	391	5194025	67202
chr11	123412399	123612399	harbor1	chr11	123442366	123442487	LTR/ERV1	3478	-	60	123442426	30027
chr11	123412399	123612399	harbor1	chr11	123442794	123443189	LTR/ERV1	3478	-	198	123442992	30593
chr11	123412399	123612399	harbor1	chr11	123443288	123443557	LTR/ERV1	4374	-	134	123443422	31023
chr11	123412399	123612399	harbor1	chr11	123443881	123444345	LTR/ERV1	4386	-	232	123444113	31714
chr11	123412399	123612399	harbor1	chr11	123444486	123444676	LTR/ERV1	4386	-	95	123444581	32182
chr11	123412399	123612399	harbor1	chr11	123472446	123473063	LTR/ERV1	3445	-	308	123472754	60355
chr11	123412399	123612399	harbor1	chr11	123473360	123473387	LTR/ERV1	3445	-	14	123473374	60975
chr11	5134555	5334555	harbor1	chr11	5139052	5139447	LTR/ERV1	2399	-	198	5139250	4695
chr11	5134555	5334555	harbor1	chr11	5160297	5160707	LTR/ERV1	2938	-	205	5160502	25947
chr11	5134555	5334555	harbor1	chr11	5161085	5161301	LTR/ERV1	1385	-	108	5161193	26638
chr11	5134555	5334555	harbor1	chr11	5161303	5161965	LTR/ERV1	4367	-	331	5161634	27079
chr11	5134555	5334555	harbor1	chr11	5161968	5162469	LTR/ERV1	3197	-	250	5162218	27663
chr11	5134555	5334555	harbor1	chr11	5162469	5162618	LTR/ERV1	939	-	74	5162543	27988
chr11	5134555	5334555	harbor1	chr11	5162613	5165703	LTR/ERV1	15993	-	1545	5164158	29603
chr11	5134555	5334555	harbor1	chr11	5165706	5166117	LTR/ERV1	2864	-	206	5165912	31357
chr11	5134555	5334555	harbor1	chr11	5160708	5161086	LTR/ERV1	2455	-	189	5160897	26342
chr11	5134555	5334555	harbor1	chr11	5193634	5194416	LTR/ERV1	5443	-	391	5194025	59470
chr11	5126774	5326774	harbor1	chr11	5139052	5139447	LTR/ERV1	2399	-	198	5139250	12476
chr11	5126774	5326774	harbor1	chr11	5160297	5160707	LTR/ERV1	2938	-	205	5160502	33728
chr11	5126774	5326774	harbor1	chr11	5161085	5161301	LTR/ERV1	1385	-	108	5161193	34419
chr11	5126774	5326774	harbor1	chr11	5161303	5161965	LTR/ERV1	4367	-	331	5161634	34860
chr11	5126774	5326774	harbor1	chr11	5161968	5162469	LTR/ERV1	3197	-	250	5162218	35444
chr11	5126774	5326774	harbor1	chr11	5162469	5162618	LTR/ERV1	939	-	74	5162543	35769
chr11	5126774	5326774	harbor1	chr11	5162613	5165703	LTR/ERV1	15993	-	1545	5164158	37384
chr11	5126774	5326774	harbor1	chr11	5165706	5166117	LTR/ERV1	2864	-	206	5165912	39138
chr11	5126774	5326774	harbor1	chr11	5160708	5161086	LTR/ERV1	2455	-	189	5160897	34123
chr11	5126774	5326774	harbor1	chr11	5193634	5194416	LTR/ERV1	5443	-	391	5194025	67251
chr11	5127340	5327340	harbor1	chr11	5139052	5139447	LTR/ERV1	2399	-	198	5139250	11910
chr11	5127340	5327340	harbor1	chr11	5160297	5160707	LTR/ERV1	2938	-	205	5160502	33162
chr11	5127340	5327340	harbor1	chr11	5161085	5161301	LTR/ERV1	1385	-	108	5161193	33853
chr11	5127340	5327340	harbor1	chr11	5161303	5161965	LTR/ERV1	4367	-	331	5161634	34294
chr11	5127340	5327340	harbor1	chr11	5161968	5162469	LTR/ERV1	3197	-	250	5162218	34878
chr11	5127340	5327340	harbor1	chr11	5162469	5162618	LTR/ERV1	939	-	74	5162543	35203
chr11	5127340	5327340	harbor1	chr11	5162613	5165703	LTR/ERV1	15993	-	1545	5164158	36818
chr11	5127340	5327340	harbor1	chr11	5165706	5166117	LTR/ERV1	2864	-	206	5165912	38572
chr11	5127340	5327340	harbor1	chr11	5160708	5161086	LTR/ERV1	2455	-	189	5160897	33557
chr11	5127340	5327340	harbor1	chr11	5193634	5194416	LTR/ERV1	5443	-	391	5194025	66685
chr11	63803267	64003267	harbor1	chr11	63809705	63809931	LTR/ERV1	583	-	113	63809818	6551
chr11	5124751	5324751	harbor1	chr11	5139052	5139447	LTR/ERV1	2399	-	198	5139250	14499
chr11	5124751	5324751	harbor1	chr11	5160297	5160707	LTR/ERV1	2938	-	205	5160502	35751
chr11	5124751	5324751	harbor1	chr11	5161085	5161301	LTR/ERV1	1385	-	108	5161193	36442
chr11	5124751	5324751	harbor1	chr11	5161303	5161965	LTR/ERV1	4367	-	331	5161634	36883
chr11	5124751	5324751	harbor1	chr11	5161968	5162469	LTR/ERV1	3197	-	250	5162218	37467
chr11	5124751	5324751	harbor1	chr11	5162469	5162618	LTR/ERV1	939	-	74	5162543	37792
chr11	5124751	5324751	harbor1	chr11	5162613	5165703	LTR/ERV1	15993	-	1545	5164158	39407
chr11	5124751	5324751	harbor1	chr11	5165706	5166117	LTR/ERV1	2864	-	206	5165912	41161
chr11	5124751	5324751	harbor1	chr11	5160708	5161086	LTR/ERV1	2455	-	189	5160897	36146
chr11	5124751	5324751	harbor1	chr11	5193634	5194416	LTR/ERV1	5443	-	391	5194025	69274
chr11	5134559	5334559	harbor1	chr11	5139052	5139447	LTR/ERV1	2399	-	198	5139250	4691
chr11	5134559	5334559	harbor1	chr11	5160297	5160707	LTR/ERV1	2938	-	205	5160502	25943
chr11	5134559	5334559	harbor1	chr11	5161085	5161301	LTR/ERV1	1385	-	108	5161193	26634
chr11	5134559	5334559	harbor1	chr11	5161303	5161965	LTR/ERV1	4367	-	331	5161634	27075
chr11	5134559	5334559	harbor1	chr11	5161968	5162469	LTR/ERV1	3197	-	250	5162218	27659
chr11	5134559	5334559	harbor1	chr11	5162469	5162618	LTR/ERV1	939	-	74	5162543	27984
chr11	5134559	5334559	harbor1	chr11	5162613	5165703	LTR/ERV1	15993	-	1545	5164158	29599
chr11	5134559	5334559	harbor1	chr11	5165706	5166117	LTR/ERV1	2864	-	206	5165912	31353
chr11	5134559	5334559	harbor1	chr11	5160708	5161086	LTR/ERV1	2455	-	189	5160897	26338
chr11	5134559	5334559	harbor1	chr11	5193634	5194416	LTR/ERV1	5443	-	391	5194025	59466
chr11	5134573	5334573	harbor1	chr11	5139052	5139447	LTR/ERV1	2399	-	198	5139250	4677
chr11	5134573	5334573	harbor1	chr11	5160297	5160707	LTR/ERV1	2938	-	205	5160502	25929
chr11	5134573	5334573	harbor1	chr11	5161085	5161301	LTR/ERV1	1385	-	108	5161193	26620
chr11	5134573	5334573	harbor1	chr11	5161303	5161965	LTR/ERV1	4367	-	331	5161634	27061
chr11	5134573	5334573	harbor1	chr11	5161968	5162469	LTR/ERV1	3197	-	250	5162218	27645
chr11	5134573	5334573	harbor1	chr11	5162469	5162618	LTR/ERV1	939	-	74	5162543	27970
chr11	5134573	5334573	harbor1	chr11	5162613	5165703	LTR/ERV1	15993	-	1545	5164158	29585
chr11	5134573	5334573	harbor1	chr11	5165706	5166117	LTR/ERV1	2864	-	206	5165912	31339
chr11	5134573	5334573	harbor1	chr11	5160708	5161086	LTR/ERV1	2455	-	189	5160897	26324
chr11	5134573	5334573	harbor1	chr11	5193634	5194416	LTR/ERV1	5443	-	391	5194025	59452
chr11	5127129	5327129	harbor1	chr11	5139052	5139447	LTR/ERV1	2399	-	198	5139250	12121
chr11	5127129	5327129	harbor1	chr11	5160297	5160707	LTR/ERV1	2938	-	205	5160502	33373
chr11	5127129	5327129	harbor1	chr11	5161085	5161301	LTR/ERV1	1385	-	108	5161193	34064
chr11	5127129	5327129	harbor1	chr11	5161303	5161965	LTR/ERV1	4367	-	331	5161634	34505
chr11	5127129	5327129	harbor1	chr11	5161968	5162469	LTR/ERV1	3197	-	250	5162218	35089
chr11	5127129	5327129	harbor1	chr11	5162469	5162618	LTR/ERV1	939	-	74	5162543	35414
chr11	5127129	5327129	harbor1	chr11	5162613	5165703	LTR/ERV1	15993	-	1545	5164158	37029
chr11	5127129	5327129	harbor1	chr11	5165706	5166117	LTR/ERV1	2864	-	206	5165912	38783
chr11	5127129	5327129	harbor1	chr11	5160708	5161086	LTR/ERV1	2455	-	189	5160897	33768
chr11	5127129	5327129	harbor1	chr11	5193634	5194416	LTR/ERV1	5443	-	391	5194025	66896
chr11	5127170	5327170	harbor1	chr11	5139052	5139447	LTR/ERV1	2399	-	198	5139250	12080
chr11	5127170	5327170	harbor1	chr11	5160297	5160707	LTR/ERV1	2938	-	205	5160502	33332
chr11	5127170	5327170	harbor1	chr11	5161085	5161301	LTR/ERV1	1385	-	108	5161193	34023
chr11	5127170	5327170	harbor1	chr11	5161303	5161965	LTR/ERV1	4367	-	331	5161634	34464
chr11	5127170	5327170	harbor1	chr11	5161968	5162469	LTR/ERV1	3197	-	250	5162218	35048
chr11	5127170	5327170	harbor1	chr11	5162469	5162618	LTR/ERV1	939	-	74	5162543	35373
chr11	5127170	5327170	harbor1	chr11	5162613	5165703	LTR/ERV1	15993	-	1545	5164158	36988
chr11	5127170	5327170	harbor1	chr11	5165706	5166117	LTR/ERV1	2864	-	206	5165912	38742
chr11	5127170	5327170	harbor1	chr11	5160708	5161086	LTR/ERV1	2455	-	189	5160897	33727
chr11	5127170	5327170	harbor1	chr11	5193634	5194416	LTR/ERV1	5443	-	391	5194025	66855
chr11	5127181	5327181	harbor1	chr11	5139052	5139447	LTR/ERV1	2399	-	198	5139250	12069
chr11	5127181	5327181	harbor1	chr11	5160297	5160707	LTR/ERV1	2938	-	205	5160502	33321
chr11	5127181	5327181	harbor1	chr11	5161085	5161301	LTR/ERV1	1385	-	108	5161193	34012
chr11	5127181	5327181	harbor1	chr11	5161303	5161965	LTR/ERV1	4367	-	331	5161634	34453
chr11	5127181	5327181	harbor1	chr11	5161968	5162469	LTR/ERV1	3197	-	250	5162218	35037
chr11	5127181	5327181	harbor1	chr11	5162469	5162618	LTR/ERV1	939	-	74	5162543	35362
chr11	5127181	5327181	harbor1	chr11	5162613	5165703	LTR/ERV1	15993	-	1545	5164158	36977
chr11	5127181	5327181	harbor1	chr11	5165706	5166117	LTR/ERV1	2864	-	206	5165912	38731
chr11	5127181	5327181	harbor1	chr11	5160708	5161086	LTR/ERV1	2455	-	189	5160897	33716
chr11	5127181	5327181	harbor1	chr11	5193634	5194416	LTR/ERV1	5443	-	391	5194025	66844
chr11	5107730	5307730	harbor1	chr11	5139052	5139447	LTR/ERV1	2399	-	198	5139250	31520
chr11	5107730	5307730	harbor1	chr11	5160297	5160707	LTR/ERV1	2938	-	205	5160502	52772
chr11	5107730	5307730	harbor1	chr11	5161085	5161301	LTR/ERV1	1385	-	108	5161193	53463
chr11	5107730	5307730	harbor1	chr11	5161303	5161965	LTR/ERV1	4367	-	331	5161634	53904
chr11	5107730	5307730	harbor1	chr11	5161968	5162469	LTR/ERV1	3197	-	250	5162218	54488
chr11	5107730	5307730	harbor1	chr11	5162469	5162618	LTR/ERV1	939	-	74	5162543	54813
chr11	5107730	5307730	harbor1	chr11	5162613	5165703	LTR/ERV1	15993	-	1545	5164158	56428
chr11	5107730	5307730	harbor1	chr11	5165706	5166117	LTR/ERV1	2864	-	206	5165912	58182
chr11	5107730	5307730	harbor1	chr11	5160708	5161086	LTR/ERV1	2455	-	189	5160897	53167
chr11	5107730	5307730	harbor1	chr11	5193634	5194416	LTR/ERV1	5443	-	391	5194025	86295
chr11	5127269	5327269	harbor1	chr11	5139052	5139447	LTR/ERV1	2399	-	198	5139250	11981
chr11	5127269	5327269	harbor1	chr11	5160297	5160707	LTR/ERV1	2938	-	205	5160502	33233
chr11	5127269	5327269	harbor1	chr11	5161085	5161301	LTR/ERV1	1385	-	108	5161193	33924
chr11	5127269	5327269	harbor1	chr11	5161303	5161965	LTR/ERV1	4367	-	331	5161634	34365
chr11	5127269	5327269	harbor1	chr11	5161968	5162469	LTR/ERV1	3197	-	250	5162218	34949
chr11	5127269	5327269	harbor1	chr11	5162469	5162618	LTR/ERV1	939	-	74	5162543	35274
chr11	5127269	5327269	harbor1	chr11	5162613	5165703	LTR/ERV1	15993	-	1545	5164158	36889
chr11	5127269	5327269	harbor1	chr11	5165706	5166117	LTR/ERV1	2864	-	206	5165912	38643
chr11	5127269	5327269	harbor1	chr11	5160708	5161086	LTR/ERV1	2455	-	189	5160897	33628
chr11	5127269	5327269	harbor1	chr11	5193634	5194416	LTR/ERV1	5443	-	391	5194025	66756
chr11	5032610	5232610	harbor1	chr11	5087216	5087714	LTR/ERV1	1321	-	249	5087465	54855
chr11	108021573	108221573	harbor1	chr11	108113521	108113965	LTR/ERV1	1501	-	222	108113743	92170
chr11	5132965	5332965	harbor1	chr11	5139052	5139447	LTR/ERV1	2399	-	198	5139250	6285
chr11	5132965	5332965	harbor1	chr11	5160297	5160707	LTR/ERV1	2938	-	205	5160502	27537
chr11	5132965	5332965	harbor1	chr11	5161085	5161301	LTR/ERV1	1385	-	108	5161193	28228
chr11	5132965	5332965	harbor1	chr11	5161303	5161965	LTR/ERV1	4367	-	331	5161634	28669
chr11	5132965	5332965	harbor1	chr11	5161968	5162469	LTR/ERV1	3197	-	250	5162218	29253
chr11	5132965	5332965	harbor1	chr11	5162469	5162618	LTR/ERV1	939	-	74	5162543	29578
chr11	5132965	5332965	harbor1	chr11	5162613	5165703	LTR/ERV1	15993	-	1545	5164158	31193
chr11	5132965	5332965	harbor1	chr11	5165706	5166117	LTR/ERV1	2864	-	206	5165912	32947
chr11	5132965	5332965	harbor1	chr11	5160708	5161086	LTR/ERV1	2455	-	189	5160897	27932
chr11	5132965	5332965	harbor1	chr11	5193634	5194416	LTR/ERV1	5443	-	391	5194025	61060
chr11	5127263	5327263	harbor1	chr11	5139052	5139447	LTR/ERV1	2399	-	198	5139250	11987
chr11	5127263	5327263	harbor1	chr11	5160297	5160707	LTR/ERV1	2938	-	205	5160502	33239
chr11	5127263	5327263	harbor1	chr11	5161085	5161301	LTR/ERV1	1385	-	108	5161193	33930
chr11	5127263	5327263	harbor1	chr11	5161303	5161965	LTR/ERV1	4367	-	331	5161634	34371
chr11	5127263	5327263	harbor1	chr11	5161968	5162469	LTR/ERV1	3197	-	250	5162218	34955
chr11	5127263	5327263	harbor1	chr11	5162469	5162618	LTR/ERV1	939	-	74	5162543	35280
chr11	5127263	5327263	harbor1	chr11	5162613	5165703	LTR/ERV1	15993	-	1545	5164158	36895
chr11	5127263	5327263	harbor1	chr11	5165706	5166117	LTR/ERV1	2864	-	206	5165912	38649
chr11	5127263	5327263	harbor1	chr11	5160708	5161086	LTR/ERV1	2455	-	189	5160897	33634
chr11	5127263	5327263	harbor1	chr11	5193634	5194416	LTR/ERV1	5443	-	391	5194025	66762
chr11	5129592	5329592	harbor1	chr11	5139052	5139447	LTR/ERV1	2399	-	198	5139250	9658
chr11	5129592	5329592	harbor1	chr11	5160297	5160707	LTR/ERV1	2938	-	205	5160502	30910
chr11	5129592	5329592	harbor1	chr11	5161085	5161301	LTR/ERV1	1385	-	108	5161193	31601
chr11	5129592	5329592	harbor1	chr11	5161303	5161965	LTR/ERV1	4367	-	331	5161634	32042
chr11	5129592	5329592	harbor1	chr11	5161968	5162469	LTR/ERV1	3197	-	250	5162218	32626
chr11	5129592	5329592	harbor1	chr11	5162469	5162618	LTR/ERV1	939	-	74	5162543	32951
chr11	5129592	5329592	harbor1	chr11	5162613	5165703	LTR/ERV1	15993	-	1545	5164158	34566
chr11	5129592	5329592	harbor1	chr11	5165706	5166117	LTR/ERV1	2864	-	206	5165912	36320
chr11	5129592	5329592	harbor1	chr11	5160708	5161086	LTR/ERV1	2455	-	189	5160897	31305
chr11	5129592	5329592	harbor1	chr11	5193634	5194416	LTR/ERV1	5443	-	391	5194025	64433
chr11	5124885	5324885	harbor1	chr11	5139052	5139447	LTR/ERV1	2399	-	198	5139250	14365
chr11	5124885	5324885	harbor1	chr11	5160297	5160707	LTR/ERV1	2938	-	205	5160502	35617
chr11	5124885	5324885	harbor1	chr11	5161085	5161301	LTR/ERV1	1385	-	108	5161193	36308
chr11	5124885	5324885	harbor1	chr11	5161303	5161965	LTR/ERV1	4367	-	331	5161634	36749
chr11	5124885	5324885	harbor1	chr11	5161968	5162469	LTR/ERV1	3197	-	250	5162218	37333
chr11	5124885	5324885	harbor1	chr11	5162469	5162618	LTR/ERV1	939	-	74	5162543	37658
chr11	5124885	5324885	harbor1	chr11	5162613	5165703	LTR/ERV1	15993	-	1545	5164158	39273
chr11	5124885	5324885	harbor1	chr11	5165706	5166117	LTR/ERV1	2864	-	206	5165912	41027
chr11	5124885	5324885	harbor1	chr11	5160708	5161086	LTR/ERV1	2455	-	189	5160897	36012
chr11	5124885	5324885	harbor1	chr11	5193634	5194416	LTR/ERV1	5443	-	391	5194025	69140
chr11	5127172	5327172	harbor1	chr11	5139052	5139447	LTR/ERV1	2399	-	198	5139250	12078
chr11	5127172	5327172	harbor1	chr11	5160297	5160707	LTR/ERV1	2938	-	205	5160502	33330
chr11	5127172	5327172	harbor1	chr11	5161085	5161301	LTR/ERV1	1385	-	108	5161193	34021
chr11	5127172	5327172	harbor1	chr11	5161303	5161965	LTR/ERV1	4367	-	331	5161634	34462
chr11	5127172	5327172	harbor1	chr11	5161968	5162469	LTR/ERV1	3197	-	250	5162218	35046
chr11	5127172	5327172	harbor1	chr11	5162469	5162618	LTR/ERV1	939	-	74	5162543	35371
chr11	5127172	5327172	harbor1	chr11	5162613	5165703	LTR/ERV1	15993	-	1545	5164158	36986
chr11	5127172	5327172	harbor1	chr11	5165706	5166117	LTR/ERV1	2864	-	206	5165912	38740
chr11	5127172	5327172	harbor1	chr11	5160708	5161086	LTR/ERV1	2455	-	189	5160897	33725
chr11	5127172	5327172	harbor1	chr11	5193634	5194416	LTR/ERV1	5443	-	391	5194025	66853
chr11	5127366	5327366	harbor1	chr11	5139052	5139447	LTR/ERV1	2399	-	198	5139250	11884
chr11	5127366	5327366	harbor1	chr11	5160297	5160707	LTR/ERV1	2938	-	205	5160502	33136
chr11	5127366	5327366	harbor1	chr11	5161085	5161301	LTR/ERV1	1385	-	108	5161193	33827
chr11	5127366	5327366	harbor1	chr11	5161303	5161965	LTR/ERV1	4367	-	331	5161634	34268
chr11	5127366	5327366	harbor1	chr11	5161968	5162469	LTR/ERV1	3197	-	250	5162218	34852
chr11	5127366	5327366	harbor1	chr11	5162469	5162618	LTR/ERV1	939	-	74	5162543	35177
chr11	5127366	5327366	harbor1	chr11	5162613	5165703	LTR/ERV1	15993	-	1545	5164158	36792
chr11	5127366	5327366	harbor1	chr11	5165706	5166117	LTR/ERV1	2864	-	206	5165912	38546
chr11	5127366	5327366	harbor1	chr11	5160708	5161086	LTR/ERV1	2455	-	189	5160897	33531
chr11	5127366	5327366	harbor1	chr11	5193634	5194416	LTR/ERV1	5443	-	391	5194025	66659
chr11	108021539	108221539	harbor1	chr11	108113521	108113965	LTR/ERV1	1501	-	222	108113743	92204
chr11	5127203	5327203	harbor1	chr11	5139052	5139447	LTR/ERV1	2399	-	198	5139250	12047
chr11	5127203	5327203	harbor1	chr11	5160297	5160707	LTR/ERV1	2938	-	205	5160502	33299
chr11	5127203	5327203	harbor1	chr11	5161085	5161301	LTR/ERV1	1385	-	108	5161193	33990
chr11	5127203	5327203	harbor1	chr11	5161303	5161965	LTR/ERV1	4367	-	331	5161634	34431
chr11	5127203	5327203	harbor1	chr11	5161968	5162469	LTR/ERV1	3197	-	250	5162218	35015
chr11	5127203	5327203	harbor1	chr11	5162469	5162618	LTR/ERV1	939	-	74	5162543	35340
chr11	5127203	5327203	harbor1	chr11	5162613	5165703	LTR/ERV1	15993	-	1545	5164158	36955
chr11	5127203	5327203	harbor1	chr11	5165706	5166117	LTR/ERV1	2864	-	206	5165912	38709
chr11	5127203	5327203	harbor1	chr11	5160708	5161086	LTR/ERV1	2455	-	189	5160897	33694
chr11	5127203	5327203	harbor1	chr11	5193634	5194416	LTR/ERV1	5443	-	391	5194025	66822
chr11	5127266	5327266	harbor1	chr11	5139052	5139447	LTR/ERV1	2399	-	198	5139250	11984
chr11	5127266	5327266	harbor1	chr11	5160297	5160707	LTR/ERV1	2938	-	205	5160502	33236
chr11	5127266	5327266	harbor1	chr11	5161085	5161301	LTR/ERV1	1385	-	108	5161193	33927
chr11	5127266	5327266	harbor1	chr11	5161303	5161965	LTR/ERV1	4367	-	331	5161634	34368
chr11	5127266	5327266	harbor1	chr11	5161968	5162469	LTR/ERV1	3197	-	250	5162218	34952
chr11	5127266	5327266	harbor1	chr11	5162469	5162618	LTR/ERV1	939	-	74	5162543	35277
chr11	5127266	5327266	harbor1	chr11	5162613	5165703	LTR/ERV1	15993	-	1545	5164158	36892
chr11	5127266	5327266	harbor1	chr11	5165706	5166117	LTR/ERV1	2864	-	206	5165912	38646
chr11	5127266	5327266	harbor1	chr11	5160708	5161086	LTR/ERV1	2455	-	189	5160897	33631
chr11	5127266	5327266	harbor1	chr11	5193634	5194416	LTR/ERV1	5443	-	391	5194025	66759
chr11	5127192	5327192	harbor1	chr11	5139052	5139447	LTR/ERV1	2399	-	198	5139250	12058
chr11	5127192	5327192	harbor1	chr11	5160297	5160707	LTR/ERV1	2938	-	205	5160502	33310
chr11	5127192	5327192	harbor1	chr11	5161085	5161301	LTR/ERV1	1385	-	108	5161193	34001
chr11	5127192	5327192	harbor1	chr11	5161303	5161965	LTR/ERV1	4367	-	331	5161634	34442
chr11	5127192	5327192	harbor1	chr11	5161968	5162469	LTR/ERV1	3197	-	250	5162218	35026
chr11	5127192	5327192	harbor1	chr11	5162469	5162618	LTR/ERV1	939	-	74	5162543	35351
chr11	5127192	5327192	harbor1	chr11	5162613	5165703	LTR/ERV1	15993	-	1545	5164158	36966
chr11	5127192	5327192	harbor1	chr11	5165706	5166117	LTR/ERV1	2864	-	206	5165912	38720
chr11	5127192	5327192	harbor1	chr11	5160708	5161086	LTR/ERV1	2455	-	189	5160897	33705
chr11	5127192	5327192	harbor1	chr11	5193634	5194416	LTR/ERV1	5443	-	391	5194025	66833
chr11	5127243	5327243	harbor1	chr11	5139052	5139447	LTR/ERV1	2399	-	198	5139250	12007
chr11	5127243	5327243	harbor1	chr11	5160297	5160707	LTR/ERV1	2938	-	205	5160502	33259
chr11	5127243	5327243	harbor1	chr11	5161085	5161301	LTR/ERV1	1385	-	108	5161193	33950
chr11	5127243	5327243	harbor1	chr11	5161303	5161965	LTR/ERV1	4367	-	331	5161634	34391
chr11	5127243	5327243	harbor1	chr11	5161968	5162469	LTR/ERV1	3197	-	250	5162218	34975
chr11	5127243	5327243	harbor1	chr11	5162469	5162618	LTR/ERV1	939	-	74	5162543	35300
chr11	5127243	5327243	harbor1	chr11	5162613	5165703	LTR/ERV1	15993	-	1545	5164158	36915
chr11	5127243	5327243	harbor1	chr11	5165706	5166117	LTR/ERV1	2864	-	206	5165912	38669
chr11	5127243	5327243	harbor1	chr11	5160708	5161086	LTR/ERV1	2455	-	189	5160897	33654
chr11	5127243	5327243	harbor1	chr11	5193634	5194416	LTR/ERV1	5443	-	391	5194025	66782
chr11	5127199	5327199	harbor1	chr11	5139052	5139447	LTR/ERV1	2399	-	198	5139250	12051
chr11	5127199	5327199	harbor1	chr11	5160297	5160707	LTR/ERV1	2938	-	205	5160502	33303
chr11	5127199	5327199	harbor1	chr11	5161085	5161301	LTR/ERV1	1385	-	108	5161193	33994
chr11	5127199	5327199	harbor1	chr11	5161303	5161965	LTR/ERV1	4367	-	331	5161634	34435
chr11	5127199	5327199	harbor1	chr11	5161968	5162469	LTR/ERV1	3197	-	250	5162218	35019
chr11	5127199	5327199	harbor1	chr11	5162469	5162618	LTR/ERV1	939	-	74	5162543	35344
chr11	5127199	5327199	harbor1	chr11	5162613	5165703	LTR/ERV1	15993	-	1545	5164158	36959
chr11	5127199	5327199	harbor1	chr11	5165706	5166117	LTR/ERV1	2864	-	206	5165912	38713
chr11	5127199	5327199	harbor1	chr11	5160708	5161086	LTR/ERV1	2455	-	189	5160897	33698
chr11	5127199	5327199	harbor1	chr11	5193634	5194416	LTR/ERV1	5443	-	391	5194025	66826
chr11	5125100	5325100	harbor1	chr11	5139052	5139447	LTR/ERV1	2399	-	198	5139250	14150
chr11	5125100	5325100	harbor1	chr11	5160297	5160707	LTR/ERV1	2938	-	205	5160502	35402
chr11	5125100	5325100	harbor1	chr11	5161085	5161301	LTR/ERV1	1385	-	108	5161193	36093
chr11	5125100	5325100	harbor1	chr11	5161303	5161965	LTR/ERV1	4367	-	331	5161634	36534
chr11	5125100	5325100	harbor1	chr11	5161968	5162469	LTR/ERV1	3197	-	250	5162218	37118
chr11	5125100	5325100	harbor1	chr11	5162469	5162618	LTR/ERV1	939	-	74	5162543	37443
chr11	5125100	5325100	harbor1	chr11	5162613	5165703	LTR/ERV1	15993	-	1545	5164158	39058
chr11	5125100	5325100	harbor1	chr11	5165706	5166117	LTR/ERV1	2864	-	206	5165912	40812
chr11	5125100	5325100	harbor1	chr11	5160708	5161086	LTR/ERV1	2455	-	189	5160897	35797
chr11	5125100	5325100	harbor1	chr11	5193634	5194416	LTR/ERV1	5443	-	391	5194025	68925
chr11	1661043	1861043	harbor1	chr11	1705600	1706276	LTR/ERV1	3873	-	338	1705938	44895
chr11	1661043	1861043	harbor1	chr11	1707145	1707252	LTR/ERV1	3873	-	54	1707199	46156
chr11	5134601	5334601	harbor1	chr11	5139052	5139447	LTR/ERV1	2399	-	198	5139250	4649
chr11	5134601	5334601	harbor1	chr11	5160297	5160707	LTR/ERV1	2938	-	205	5160502	25901
chr11	5134601	5334601	harbor1	chr11	5161085	5161301	LTR/ERV1	1385	-	108	5161193	26592
chr11	5134601	5334601	harbor1	chr11	5161303	5161965	LTR/ERV1	4367	-	331	5161634	27033
chr11	5134601	5334601	harbor1	chr11	5161968	5162469	LTR/ERV1	3197	-	250	5162218	27617
chr11	5134601	5334601	harbor1	chr11	5162469	5162618	LTR/ERV1	939	-	74	5162543	27942
chr11	5134601	5334601	harbor1	chr11	5162613	5165703	LTR/ERV1	15993	-	1545	5164158	29557
chr11	5134601	5334601	harbor1	chr11	5165706	5166117	LTR/ERV1	2864	-	206	5165912	31311
chr11	5134601	5334601	harbor1	chr11	5160708	5161086	LTR/ERV1	2455	-	189	5160897	26296
chr11	5134601	5334601	harbor1	chr11	5193634	5194416	LTR/ERV1	5443	-	391	5194025	59424
chr11	5127217	5327217	harbor1	chr11	5139052	5139447	LTR/ERV1	2399	-	198	5139250	12033
chr11	5127217	5327217	harbor1	chr11	5160297	5160707	LTR/ERV1	2938	-	205	5160502	33285
chr11	5127217	5327217	harbor1	chr11	5161085	5161301	LTR/ERV1	1385	-	108	5161193	33976
chr11	5127217	5327217	harbor1	chr11	5161303	5161965	LTR/ERV1	4367	-	331	5161634	34417
chr11	5127217	5327217	harbor1	chr11	5161968	5162469	LTR/ERV1	3197	-	250	5162218	35001
chr11	5127217	5327217	harbor1	chr11	5162469	5162618	LTR/ERV1	939	-	74	5162543	35326
chr11	5127217	5327217	harbor1	chr11	5162613	5165703	LTR/ERV1	15993	-	1545	5164158	36941
chr11	5127217	5327217	harbor1	chr11	5165706	5166117	LTR/ERV1	2864	-	206	5165912	38695
chr11	5127217	5327217	harbor1	chr11	5160708	5161086	LTR/ERV1	2455	-	189	5160897	33680
chr11	5127217	5327217	harbor1	chr11	5193634	5194416	LTR/ERV1	5443	-	391	5194025	66808
chr11	5127264	5327264	harbor1	chr11	5139052	5139447	LTR/ERV1	2399	-	198	5139250	11986
chr11	5127264	5327264	harbor1	chr11	5160297	5160707	LTR/ERV1	2938	-	205	5160502	33238
chr11	5127264	5327264	harbor1	chr11	5161085	5161301	LTR/ERV1	1385	-	108	5161193	33929
chr11	5127264	5327264	harbor1	chr11	5161303	5161965	LTR/ERV1	4367	-	331	5161634	34370
chr11	5127264	5327264	harbor1	chr11	5161968	5162469	LTR/ERV1	3197	-	250	5162218	34954
chr11	5127264	5327264	harbor1	chr11	5162469	5162618	LTR/ERV1	939	-	74	5162543	35279
chr11	5127264	5327264	harbor1	chr11	5162613	5165703	LTR/ERV1	15993	-	1545	5164158	36894
chr11	5127264	5327264	harbor1	chr11	5165706	5166117	LTR/ERV1	2864	-	206	5165912	38648
chr11	5127264	5327264	harbor1	chr11	5160708	5161086	LTR/ERV1	2455	-	189	5160897	33633
chr11	5127264	5327264	harbor1	chr11	5193634	5194416	LTR/ERV1	5443	-	391	5194025	66761
chr11	5021552	5221552	harbor1	chr11	5087216	5087714	LTR/ERV1	1321	-	249	5087465	65913
chr11	5125708	5325708	harbor1	chr11	5139052	5139447	LTR/ERV1	2399	-	198	5139250	13542
chr11	5125708	5325708	harbor1	chr11	5160297	5160707	LTR/ERV1	2938	-	205	5160502	34794
chr11	5125708	5325708	harbor1	chr11	5161085	5161301	LTR/ERV1	1385	-	108	5161193	35485
chr11	5125708	5325708	harbor1	chr11	5161303	5161965	LTR/ERV1	4367	-	331	5161634	35926
chr11	5125708	5325708	harbor1	chr11	5161968	5162469	LTR/ERV1	3197	-	250	5162218	36510
chr11	5125708	5325708	harbor1	chr11	5162469	5162618	LTR/ERV1	939	-	74	5162543	36835
chr11	5125708	5325708	harbor1	chr11	5162613	5165703	LTR/ERV1	15993	-	1545	5164158	38450
chr11	5125708	5325708	harbor1	chr11	5165706	5166117	LTR/ERV1	2864	-	206	5165912	40204
chr11	5125708	5325708	harbor1	chr11	5160708	5161086	LTR/ERV1	2455	-	189	5160897	35189
chr11	5125708	5325708	harbor1	chr11	5193634	5194416	LTR/ERV1	5443	-	391	5194025	68317
chr11	5127143	5327143	harbor1	chr11	5139052	5139447	LTR/ERV1	2399	-	198	5139250	12107
chr11	5127143	5327143	harbor1	chr11	5160297	5160707	LTR/ERV1	2938	-	205	5160502	33359
chr11	5127143	5327143	harbor1	chr11	5161085	5161301	LTR/ERV1	1385	-	108	5161193	34050
chr11	5127143	5327143	harbor1	chr11	5161303	5161965	LTR/ERV1	4367	-	331	5161634	34491
chr11	5127143	5327143	harbor1	chr11	5161968	5162469	LTR/ERV1	3197	-	250	5162218	35075
chr11	5127143	5327143	harbor1	chr11	5162469	5162618	LTR/ERV1	939	-	74	5162543	35400
chr11	5127143	5327143	harbor1	chr11	5162613	5165703	LTR/ERV1	15993	-	1545	5164158	37015
chr11	5127143	5327143	harbor1	chr11	5165706	5166117	LTR/ERV1	2864	-	206	5165912	38769
chr11	5127143	5327143	harbor1	chr11	5160708	5161086	LTR/ERV1	2455	-	189	5160897	33754
chr11	5127143	5327143	harbor1	chr11	5193634	5194416	LTR/ERV1	5443	-	391	5194025	66882
chr11	119643196	119843196	harbor1	chr11	119649893	119650304	LTR/ERV1	2889	-	206	119650099	6903
chr11	5115306	5315306	harbor1	chr11	5139052	5139447	LTR/ERV1	2399	-	198	5139250	23944
chr11	5115306	5315306	harbor1	chr11	5160297	5160707	LTR/ERV1	2938	-	205	5160502	45196
chr11	5115306	5315306	harbor1	chr11	5161085	5161301	LTR/ERV1	1385	-	108	5161193	45887
chr11	5115306	5315306	harbor1	chr11	5161303	5161965	LTR/ERV1	4367	-	331	5161634	46328
chr11	5115306	5315306	harbor1	chr11	5161968	5162469	LTR/ERV1	3197	-	250	5162218	46912
chr11	5115306	5315306	harbor1	chr11	5162469	5162618	LTR/ERV1	939	-	74	5162543	47237
chr11	5115306	5315306	harbor1	chr11	5162613	5165703	LTR/ERV1	15993	-	1545	5164158	48852
chr11	5115306	5315306	harbor1	chr11	5165706	5166117	LTR/ERV1	2864	-	206	5165912	50606
chr11	5115306	5315306	harbor1	chr11	5160708	5161086	LTR/ERV1	2455	-	189	5160897	45591
chr11	5115306	5315306	harbor1	chr11	5193634	5194416	LTR/ERV1	5443	-	391	5194025	78719
chr11	76580390	76780390	harbor1	chr11	76607926	76609594	LTR/ERV1	11116	-	834	76608760	28370
chr11	5127184	5327184	harbor1	chr11	5139052	5139447	LTR/ERV1	2399	-	198	5139250	12066
chr11	5127184	5327184	harbor1	chr11	5160297	5160707	LTR/ERV1	2938	-	205	5160502	33318
chr11	5127184	5327184	harbor1	chr11	5161085	5161301	LTR/ERV1	1385	-	108	5161193	34009
chr11	5127184	5327184	harbor1	chr11	5161303	5161965	LTR/ERV1	4367	-	331	5161634	34450
chr11	5127184	5327184	harbor1	chr11	5161968	5162469	LTR/ERV1	3197	-	250	5162218	35034
chr11	5127184	5327184	harbor1	chr11	5162469	5162618	LTR/ERV1	939	-	74	5162543	35359
chr11	5127184	5327184	harbor1	chr11	5162613	5165703	LTR/ERV1	15993	-	1545	5164158	36974
chr11	5127184	5327184	harbor1	chr11	5165706	5166117	LTR/ERV1	2864	-	206	5165912	38728
chr11	5127184	5327184	harbor1	chr11	5160708	5161086	LTR/ERV1	2455	-	189	5160897	33713
chr11	5127184	5327184	harbor1	chr11	5193634	5194416	LTR/ERV1	5443	-	391	5194025	66841
chr11	5124787	5324787	harbor1	chr11	5139052	5139447	LTR/ERV1	2399	-	198	5139250	14463
chr11	5124787	5324787	harbor1	chr11	5160297	5160707	LTR/ERV1	2938	-	205	5160502	35715
chr11	5124787	5324787	harbor1	chr11	5161085	5161301	LTR/ERV1	1385	-	108	5161193	36406
chr11	5124787	5324787	harbor1	chr11	5161303	5161965	LTR/ERV1	4367	-	331	5161634	36847
chr11	5124787	5324787	harbor1	chr11	5161968	5162469	LTR/ERV1	3197	-	250	5162218	37431
chr11	5124787	5324787	harbor1	chr11	5162469	5162618	LTR/ERV1	939	-	74	5162543	37756
chr11	5124787	5324787	harbor1	chr11	5162613	5165703	LTR/ERV1	15993	-	1545	5164158	39371
chr11	5124787	5324787	harbor1	chr11	5165706	5166117	LTR/ERV1	2864	-	206	5165912	41125
chr11	5124787	5324787	harbor1	chr11	5160708	5161086	LTR/ERV1	2455	-	189	5160897	36110
chr11	5124787	5324787	harbor1	chr11	5193634	5194416	LTR/ERV1	5443	-	391	5194025	69238
chr11	5127327	5327327	harbor1	chr11	5139052	5139447	LTR/ERV1	2399	-	198	5139250	11923
chr11	5127327	5327327	harbor1	chr11	5160297	5160707	LTR/ERV1	2938	-	205	5160502	33175
chr11	5127327	5327327	harbor1	chr11	5161085	5161301	LTR/ERV1	1385	-	108	5161193	33866
chr11	5127327	5327327	harbor1	chr11	5161303	5161965	LTR/ERV1	4367	-	331	5161634	34307
chr11	5127327	5327327	harbor1	chr11	5161968	5162469	LTR/ERV1	3197	-	250	5162218	34891
chr11	5127327	5327327	harbor1	chr11	5162469	5162618	LTR/ERV1	939	-	74	5162543	35216
chr11	5127327	5327327	harbor1	chr11	5162613	5165703	LTR/ERV1	15993	-	1545	5164158	36831
chr11	5127327	5327327	harbor1	chr11	5165706	5166117	LTR/ERV1	2864	-	206	5165912	38585
chr11	5127327	5327327	harbor1	chr11	5160708	5161086	LTR/ERV1	2455	-	189	5160897	33570
chr11	5127327	5327327	harbor1	chr11	5193634	5194416	LTR/ERV1	5443	-	391	5194025	66698
chr11	76580446	76780446	harbor1	chr11	76607926	76609594	LTR/ERV1	11116	-	834	76608760	28314
chr11	19768628	19968628	harbor1	chr11	19807512	19807952	LTR/ERV1	606	-	220	19807732	39104
chr11	5134586	5334586	harbor1	chr11	5139052	5139447	LTR/ERV1	2399	-	198	5139250	4664
chr11	5134586	5334586	harbor1	chr11	5160297	5160707	LTR/ERV1	2938	-	205	5160502	25916
chr11	5134586	5334586	harbor1	chr11	5161085	5161301	LTR/ERV1	1385	-	108	5161193	26607
chr11	5134586	5334586	harbor1	chr11	5161303	5161965	LTR/ERV1	4367	-	331	5161634	27048
chr11	5134586	5334586	harbor1	chr11	5161968	5162469	LTR/ERV1	3197	-	250	5162218	27632
chr11	5134586	5334586	harbor1	chr11	5162469	5162618	LTR/ERV1	939	-	74	5162543	27957
chr11	5134586	5334586	harbor1	chr11	5162613	5165703	LTR/ERV1	15993	-	1545	5164158	29572
chr11	5134586	5334586	harbor1	chr11	5165706	5166117	LTR/ERV1	2864	-	206	5165912	31326
chr11	5134586	5334586	harbor1	chr11	5160708	5161086	LTR/ERV1	2455	-	189	5160897	26311
chr11	5134586	5334586	harbor1	chr11	5193634	5194416	LTR/ERV1	5443	-	391	5194025	59439
chr11	5127250	5327250	harbor1	chr11	5139052	5139447	LTR/ERV1	2399	-	198	5139250	12000
chr11	5127250	5327250	harbor1	chr11	5160297	5160707	LTR/ERV1	2938	-	205	5160502	33252
chr11	5127250	5327250	harbor1	chr11	5161085	5161301	LTR/ERV1	1385	-	108	5161193	33943
chr11	5127250	5327250	harbor1	chr11	5161303	5161965	LTR/ERV1	4367	-	331	5161634	34384
chr11	5127250	5327250	harbor1	chr11	5161968	5162469	LTR/ERV1	3197	-	250	5162218	34968
chr11	5127250	5327250	harbor1	chr11	5162469	5162618	LTR/ERV1	939	-	74	5162543	35293
chr11	5127250	5327250	harbor1	chr11	5162613	5165703	LTR/ERV1	15993	-	1545	5164158	36908
chr11	5127250	5327250	harbor1	chr11	5165706	5166117	LTR/ERV1	2864	-	206	5165912	38662
chr11	5127250	5327250	harbor1	chr11	5160708	5161086	LTR/ERV1	2455	-	189	5160897	33647
chr11	5127250	5327250	harbor1	chr11	5193634	5194416	LTR/ERV1	5443	-	391	5194025	66775
chr11	5134209	5334209	harbor1	chr11	5139052	5139447	LTR/ERV1	2399	-	198	5139250	5041
chr11	5134209	5334209	harbor1	chr11	5160297	5160707	LTR/ERV1	2938	-	205	5160502	26293
chr11	5134209	5334209	harbor1	chr11	5161085	5161301	LTR/ERV1	1385	-	108	5161193	26984
chr11	5134209	5334209	harbor1	chr11	5161303	5161965	LTR/ERV1	4367	-	331	5161634	27425
chr11	5134209	5334209	harbor1	chr11	5161968	5162469	LTR/ERV1	3197	-	250	5162218	28009
chr11	5134209	5334209	harbor1	chr11	5162469	5162618	LTR/ERV1	939	-	74	5162543	28334
chr11	5134209	5334209	harbor1	chr11	5162613	5165703	LTR/ERV1	15993	-	1545	5164158	29949
chr11	5134209	5334209	harbor1	chr11	5165706	5166117	LTR/ERV1	2864	-	206	5165912	31703
chr11	5134209	5334209	harbor1	chr11	5160708	5161086	LTR/ERV1	2455	-	189	5160897	26688
chr11	5134209	5334209	harbor1	chr11	5193634	5194416	LTR/ERV1	5443	-	391	5194025	59816
chr11	5134629	5334629	harbor1	chr11	5139052	5139447	LTR/ERV1	2399	-	198	5139250	4621
chr11	5134629	5334629	harbor1	chr11	5160297	5160707	LTR/ERV1	2938	-	205	5160502	25873
chr11	5134629	5334629	harbor1	chr11	5161085	5161301	LTR/ERV1	1385	-	108	5161193	26564
chr11	5134629	5334629	harbor1	chr11	5161303	5161965	LTR/ERV1	4367	-	331	5161634	27005
chr11	5134629	5334629	harbor1	chr11	5161968	5162469	LTR/ERV1	3197	-	250	5162218	27589
chr11	5134629	5334629	harbor1	chr11	5162469	5162618	LTR/ERV1	939	-	74	5162543	27914
chr11	5134629	5334629	harbor1	chr11	5162613	5165703	LTR/ERV1	15993	-	1545	5164158	29529
chr11	5134629	5334629	harbor1	chr11	5165706	5166117	LTR/ERV1	2864	-	206	5165912	31283
chr11	5134629	5334629	harbor1	chr11	5160708	5161086	LTR/ERV1	2455	-	189	5160897	26268
chr11	5134629	5334629	harbor1	chr11	5193634	5194416	LTR/ERV1	5443	-	391	5194025	59396
chr11	5127213	5327213	harbor1	chr11	5139052	5139447	LTR/ERV1	2399	-	198	5139250	12037
chr11	5127213	5327213	harbor1	chr11	5160297	5160707	LTR/ERV1	2938	-	205	5160502	33289
chr11	5127213	5327213	harbor1	chr11	5161085	5161301	LTR/ERV1	1385	-	108	5161193	33980
chr11	5127213	5327213	harbor1	chr11	5161303	5161965	LTR/ERV1	4367	-	331	5161634	34421
chr11	5127213	5327213	harbor1	chr11	5161968	5162469	LTR/ERV1	3197	-	250	5162218	35005
chr11	5127213	5327213	harbor1	chr11	5162469	5162618	LTR/ERV1	939	-	74	5162543	35330
chr11	5127213	5327213	harbor1	chr11	5162613	5165703	LTR/ERV1	15993	-	1545	5164158	36945
chr11	5127213	5327213	harbor1	chr11	5165706	5166117	LTR/ERV1	2864	-	206	5165912	38699
chr11	5127213	5327213	harbor1	chr11	5160708	5161086	LTR/ERV1	2455	-	189	5160897	33684
chr11	5127213	5327213	harbor1	chr11	5193634	5194416	LTR/ERV1	5443	-	391	5194025	66812
chr11	4538274	4738274	harbor1	chr11	4568087	4568780	LTR/ERV1	3944	-	346	4568433	30159
chr11	4538274	4738274	harbor1	chr11	4619487	4619834	LTR/ERV1	1823	-	174	4619661	81387
chr11	4538274	4738274	harbor1	chr11	4622329	4622500	LTR/ERV1	1114	-	86	4622415	84141
chr11	4538274	4738274	harbor1	chr11	4622523	4623312	LTR/ERV1	9908	-	394	4622917	84643
chr11	4538274	4738274	harbor1	chr11	4623620	4624780	LTR/ERV1	9908	-	580	4624200	85926
chr11	4538274	4738274	harbor1	chr11	4625210	4625375	LTR/ERV1	1410	-	82	4625292	87018
chr11	4538274	4738274	harbor1	chr11	4625373	4626429	LTR/ERV1	3594	-	528	4625901	87627
chr11	4538274	4738274	harbor1	chr11	4626464	4626662	LTR/ERV1	961	-	99	4626563	88289
chr11	4538274	4738274	harbor1	chr11	4626663	4627200	LTR/ERV1	2687	-	268	4626931	88657
chr11	5127232	5327232	harbor1	chr11	5139052	5139447	LTR/ERV1	2399	-	198	5139250	12018
chr11	5127232	5327232	harbor1	chr11	5160297	5160707	LTR/ERV1	2938	-	205	5160502	33270
chr11	5127232	5327232	harbor1	chr11	5161085	5161301	LTR/ERV1	1385	-	108	5161193	33961
chr11	5127232	5327232	harbor1	chr11	5161303	5161965	LTR/ERV1	4367	-	331	5161634	34402
chr11	5127232	5327232	harbor1	chr11	5161968	5162469	LTR/ERV1	3197	-	250	5162218	34986
chr11	5127232	5327232	harbor1	chr11	5162469	5162618	LTR/ERV1	939	-	74	5162543	35311
chr11	5127232	5327232	harbor1	chr11	5162613	5165703	LTR/ERV1	15993	-	1545	5164158	36926
chr11	5127232	5327232	harbor1	chr11	5165706	5166117	LTR/ERV1	2864	-	206	5165912	38680
chr11	5127232	5327232	harbor1	chr11	5160708	5161086	LTR/ERV1	2455	-	189	5160897	33665
chr11	5127232	5327232	harbor1	chr11	5193634	5194416	LTR/ERV1	5443	-	391	5194025	66793
chr11	5127319	5327319	harbor1	chr11	5139052	5139447	LTR/ERV1	2399	-	198	5139250	11931
chr11	5127319	5327319	harbor1	chr11	5160297	5160707	LTR/ERV1	2938	-	205	5160502	33183
chr11	5127319	5327319	harbor1	chr11	5161085	5161301	LTR/ERV1	1385	-	108	5161193	33874
chr11	5127319	5327319	harbor1	chr11	5161303	5161965	LTR/ERV1	4367	-	331	5161634	34315
chr11	5127319	5327319	harbor1	chr11	5161968	5162469	LTR/ERV1	3197	-	250	5162218	34899
chr11	5127319	5327319	harbor1	chr11	5162469	5162618	LTR/ERV1	939	-	74	5162543	35224
chr11	5127319	5327319	harbor1	chr11	5162613	5165703	LTR/ERV1	15993	-	1545	5164158	36839
chr11	5127319	5327319	harbor1	chr11	5165706	5166117	LTR/ERV1	2864	-	206	5165912	38593
chr11	5127319	5327319	harbor1	chr11	5160708	5161086	LTR/ERV1	2455	-	189	5160897	33578
chr11	5127319	5327319	harbor1	chr11	5193634	5194416	LTR/ERV1	5443	-	391	5194025	66706
chr11	107049890	107249890	harbor1	chr11	107117208	107117468	LTR/ERV1	1722	-	130	107117338	67448
chr11	5125172	5325172	harbor1	chr11	5139052	5139447	LTR/ERV1	2399	-	198	5139250	14078
chr11	5125172	5325172	harbor1	chr11	5160297	5160707	LTR/ERV1	2938	-	205	5160502	35330
chr11	5125172	5325172	harbor1	chr11	5161085	5161301	LTR/ERV1	1385	-	108	5161193	36021
chr11	5125172	5325172	harbor1	chr11	5161303	5161965	LTR/ERV1	4367	-	331	5161634	36462
chr11	5125172	5325172	harbor1	chr11	5161968	5162469	LTR/ERV1	3197	-	250	5162218	37046
chr11	5125172	5325172	harbor1	chr11	5162469	5162618	LTR/ERV1	939	-	74	5162543	37371
chr11	5125172	5325172	harbor1	chr11	5162613	5165703	LTR/ERV1	15993	-	1545	5164158	38986
chr11	5125172	5325172	harbor1	chr11	5165706	5166117	LTR/ERV1	2864	-	206	5165912	40740
chr11	5125172	5325172	harbor1	chr11	5160708	5161086	LTR/ERV1	2455	-	189	5160897	35725
chr11	5125172	5325172	harbor1	chr11	5193634	5194416	LTR/ERV1	5443	-	391	5194025	68853
chr11	5127224	5327224	harbor1	chr11	5139052	5139447	LTR/ERV1	2399	-	198	5139250	12026
chr11	5127224	5327224	harbor1	chr11	5160297	5160707	LTR/ERV1	2938	-	205	5160502	33278
chr11	5127224	5327224	harbor1	chr11	5161085	5161301	LTR/ERV1	1385	-	108	5161193	33969
chr11	5127224	5327224	harbor1	chr11	5161303	5161965	LTR/ERV1	4367	-	331	5161634	34410
chr11	5127224	5327224	harbor1	chr11	5161968	5162469	LTR/ERV1	3197	-	250	5162218	34994
chr11	5127224	5327224	harbor1	chr11	5162469	5162618	LTR/ERV1	939	-	74	5162543	35319
chr11	5127224	5327224	harbor1	chr11	5162613	5165703	LTR/ERV1	15993	-	1545	5164158	36934
chr11	5127224	5327224	harbor1	chr11	5165706	5166117	LTR/ERV1	2864	-	206	5165912	38688
chr11	5127224	5327224	harbor1	chr11	5160708	5161086	LTR/ERV1	2455	-	189	5160897	33673
chr11	5127224	5327224	harbor1	chr11	5193634	5194416	LTR/ERV1	5443	-	391	5194025	66801
chr11	5126003	5326003	harbor1	chr11	5139052	5139447	LTR/ERV1	2399	-	198	5139250	13247
chr11	5126003	5326003	harbor1	chr11	5160297	5160707	LTR/ERV1	2938	-	205	5160502	34499
chr11	5126003	5326003	harbor1	chr11	5161085	5161301	LTR/ERV1	1385	-	108	5161193	35190
chr11	5126003	5326003	harbor1	chr11	5161303	5161965	LTR/ERV1	4367	-	331	5161634	35631
chr11	5126003	5326003	harbor1	chr11	5161968	5162469	LTR/ERV1	3197	-	250	5162218	36215
chr11	5126003	5326003	harbor1	chr11	5162469	5162618	LTR/ERV1	939	-	74	5162543	36540
chr11	5126003	5326003	harbor1	chr11	5162613	5165703	LTR/ERV1	15993	-	1545	5164158	38155
chr11	5126003	5326003	harbor1	chr11	5165706	5166117	LTR/ERV1	2864	-	206	5165912	39909
chr11	5126003	5326003	harbor1	chr11	5160708	5161086	LTR/ERV1	2455	-	189	5160897	34894
chr11	5126003	5326003	harbor1	chr11	5193634	5194416	LTR/ERV1	5443	-	391	5194025	68022
chr11	86572156	86772156	harbor1	chr11	86597658	86597945	LTR/ERV1	1402	-	144	86597802	25646
chr11	86572156	86772156	harbor1	chr11	86604118	86604422	LTR/ERV1	1463	-	152	86604270	32114
chr11	5127146	5327146	harbor1	chr11	5139052	5139447	LTR/ERV1	2399	-	198	5139250	12104
chr11	5127146	5327146	harbor1	chr11	5160297	5160707	LTR/ERV1	2938	-	205	5160502	33356
chr11	5127146	5327146	harbor1	chr11	5161085	5161301	LTR/ERV1	1385	-	108	5161193	34047
chr11	5127146	5327146	harbor1	chr11	5161303	5161965	LTR/ERV1	4367	-	331	5161634	34488
chr11	5127146	5327146	harbor1	chr11	5161968	5162469	LTR/ERV1	3197	-	250	5162218	35072
chr11	5127146	5327146	harbor1	chr11	5162469	5162618	LTR/ERV1	939	-	74	5162543	35397
chr11	5127146	5327146	harbor1	chr11	5162613	5165703	LTR/ERV1	15993	-	1545	5164158	37012
chr11	5127146	5327146	harbor1	chr11	5165706	5166117	LTR/ERV1	2864	-	206	5165912	38766
chr11	5127146	5327146	harbor1	chr11	5160708	5161086	LTR/ERV1	2455	-	189	5160897	33751
chr11	5127146	5327146	harbor1	chr11	5193634	5194416	LTR/ERV1	5443	-	391	5194025	66879
chr11	5022390	5222390	harbor1	chr11	5087216	5087714	LTR/ERV1	1321	-	249	5087465	65075
chr11	5124920	5324920	harbor1	chr11	5139052	5139447	LTR/ERV1	2399	-	198	5139250	14330
chr11	5124920	5324920	harbor1	chr11	5160297	5160707	LTR/ERV1	2938	-	205	5160502	35582
chr11	5124920	5324920	harbor1	chr11	5161085	5161301	LTR/ERV1	1385	-	108	5161193	36273
chr11	5124920	5324920	harbor1	chr11	5161303	5161965	LTR/ERV1	4367	-	331	5161634	36714
chr11	5124920	5324920	harbor1	chr11	5161968	5162469	LTR/ERV1	3197	-	250	5162218	37298
chr11	5124920	5324920	harbor1	chr11	5162469	5162618	LTR/ERV1	939	-	74	5162543	37623
chr11	5124920	5324920	harbor1	chr11	5162613	5165703	LTR/ERV1	15993	-	1545	5164158	39238
chr11	5124920	5324920	harbor1	chr11	5165706	5166117	LTR/ERV1	2864	-	206	5165912	40992
chr11	5124920	5324920	harbor1	chr11	5160708	5161086	LTR/ERV1	2455	-	189	5160897	35977
chr11	5124920	5324920	harbor1	chr11	5193634	5194416	LTR/ERV1	5443	-	391	5194025	69105
chr11	76580636	76780636	harbor1	chr11	76607926	76609594	LTR/ERV1	11116	-	834	76608760	28124
chr11	5134651	5334651	harbor1	chr11	5139052	5139447	LTR/ERV1	2399	-	198	5139250	4599
chr11	5134651	5334651	harbor1	chr11	5160297	5160707	LTR/ERV1	2938	-	205	5160502	25851
chr11	5134651	5334651	harbor1	chr11	5161085	5161301	LTR/ERV1	1385	-	108	5161193	26542
chr11	5134651	5334651	harbor1	chr11	5161303	5161965	LTR/ERV1	4367	-	331	5161634	26983
chr11	5134651	5334651	harbor1	chr11	5161968	5162469	LTR/ERV1	3197	-	250	5162218	27567
chr11	5134651	5334651	harbor1	chr11	5162469	5162618	LTR/ERV1	939	-	74	5162543	27892
chr11	5134651	5334651	harbor1	chr11	5162613	5165703	LTR/ERV1	15993	-	1545	5164158	29507
chr11	5134651	5334651	harbor1	chr11	5165706	5166117	LTR/ERV1	2864	-	206	5165912	31261
chr11	5134651	5334651	harbor1	chr11	5160708	5161086	LTR/ERV1	2455	-	189	5160897	26246
chr11	5134651	5334651	harbor1	chr11	5193634	5194416	LTR/ERV1	5443	-	391	5194025	59374
chr11	5134616	5334616	harbor1	chr11	5139052	5139447	LTR/ERV1	2399	-	198	5139250	4634
chr11	5134616	5334616	harbor1	chr11	5160297	5160707	LTR/ERV1	2938	-	205	5160502	25886
chr11	5134616	5334616	harbor1	chr11	5161085	5161301	LTR/ERV1	1385	-	108	5161193	26577
chr11	5134616	5334616	harbor1	chr11	5161303	5161965	LTR/ERV1	4367	-	331	5161634	27018
chr11	5134616	5334616	harbor1	chr11	5161968	5162469	LTR/ERV1	3197	-	250	5162218	27602
chr11	5134616	5334616	harbor1	chr11	5162469	5162618	LTR/ERV1	939	-	74	5162543	27927
chr11	5134616	5334616	harbor1	chr11	5162613	5165703	LTR/ERV1	15993	-	1545	5164158	29542
chr11	5134616	5334616	harbor1	chr11	5165706	5166117	LTR/ERV1	2864	-	206	5165912	31296
chr11	5134616	5334616	harbor1	chr11	5160708	5161086	LTR/ERV1	2455	-	189	5160897	26281
chr11	5134616	5334616	harbor1	chr11	5193634	5194416	LTR/ERV1	5443	-	391	5194025	59409
chr11	5031398	5231398	harbor1	chr11	5087216	5087714	LTR/ERV1	1321	-	249	5087465	56067
chr11	5127345	5327345	harbor1	chr11	5139052	5139447	LTR/ERV1	2399	-	198	5139250	11905
chr11	5127345	5327345	harbor1	chr11	5160297	5160707	LTR/ERV1	2938	-	205	5160502	33157
chr11	5127345	5327345	harbor1	chr11	5161085	5161301	LTR/ERV1	1385	-	108	5161193	33848
chr11	5127345	5327345	harbor1	chr11	5161303	5161965	LTR/ERV1	4367	-	331	5161634	34289
chr11	5127345	5327345	harbor1	chr11	5161968	5162469	LTR/ERV1	3197	-	250	5162218	34873
chr11	5127345	5327345	harbor1	chr11	5162469	5162618	LTR/ERV1	939	-	74	5162543	35198
chr11	5127345	5327345	harbor1	chr11	5162613	5165703	LTR/ERV1	15993	-	1545	5164158	36813
chr11	5127345	5327345	harbor1	chr11	5165706	5166117	LTR/ERV1	2864	-	206	5165912	38567
chr11	5127345	5327345	harbor1	chr11	5160708	5161086	LTR/ERV1	2455	-	189	5160897	33552
chr11	5127345	5327345	harbor1	chr11	5193634	5194416	LTR/ERV1	5443	-	391	5194025	66680
chr11	5134104	5334104	harbor1	chr11	5139052	5139447	LTR/ERV1	2399	-	198	5139250	5146
chr11	5134104	5334104	harbor1	chr11	5160297	5160707	LTR/ERV1	2938	-	205	5160502	26398
chr11	5134104	5334104	harbor1	chr11	5161085	5161301	LTR/ERV1	1385	-	108	5161193	27089
chr11	5134104	5334104	harbor1	chr11	5161303	5161965	LTR/ERV1	4367	-	331	5161634	27530
chr11	5134104	5334104	harbor1	chr11	5161968	5162469	LTR/ERV1	3197	-	250	5162218	28114
chr11	5134104	5334104	harbor1	chr11	5162469	5162618	LTR/ERV1	939	-	74	5162543	28439
chr11	5134104	5334104	harbor1	chr11	5162613	5165703	LTR/ERV1	15993	-	1545	5164158	30054
chr11	5134104	5334104	harbor1	chr11	5165706	5166117	LTR/ERV1	2864	-	206	5165912	31808
chr11	5134104	5334104	harbor1	chr11	5160708	5161086	LTR/ERV1	2455	-	189	5160897	26793
chr11	5134104	5334104	harbor1	chr11	5193634	5194416	LTR/ERV1	5443	-	391	5194025	59921
chr11	72123561	72323561	harbor1	chr11	72124074	72125099	LTR/ERV1	5204	-	512	72124586	1025
chr11	72123561	72323561	harbor1	chr11	72125101	72126828	LTR/ERV1	11623	-	864	72125965	2404
chr11	72123561	72323561	harbor1	chr11	72127114	72128542	LTR/ERV1	11623	-	714	72127828	4267
chr11	72123561	72323561	harbor1	chr11	72128533	72128616	LTR/ERV1	459	-	42	72128575	5014
chr11	72123561	72323561	harbor1	chr11	72148055	72148253	LTR/ERV1	3452	-	99	72148154	24593
chr11	72123561	72323561	harbor1	chr11	72148561	72148875	LTR/ERV1	3452	-	157	72148718	25157
chr11	72123561	72323561	harbor1	chr11	72150418	72150560	LTR/ERV1	6158	-	71	72150489	26928
chr11	72123561	72323561	harbor1	chr11	72150869	72151248	LTR/ERV1	6158	-	190	72151059	27498
chr11	72123561	72323561	harbor1	chr11	72151554	72152227	LTR/ERV1	6158	-	336	72151890	28329
chr11	72123561	72323561	harbor1	chr11	72152224	72152427	LTR/ERV1	4752	-	102	72152326	28765
chr11	72123561	72323561	harbor1	chr11	72152732	72153466	LTR/ERV1	4752	-	367	72153099	29538
chr11	72123561	72323561	harbor1	chr11	72153452	72153926	LTR/ERV1	3743	-	237	72153689	30128
chr11	72123561	72323561	harbor1	chr11	72154686	72154811	LTR/ERV1	3743	-	62	72154748	31187
chr11	72123561	72323561	harbor1	chr11	72155392	72156022	LTR/ERV1	4514	-	315	72155707	32146
chr11	72123561	72323561	harbor1	chr11	72157067	72157423	LTR/ERV1	2126	-	178	72157245	33684
chr11	72123561	72323561	harbor1	chr11	72162843	72163172	LTR/ERV1	1841	-	164	72163007	39446
chr11	72123561	72323561	harbor1	chr11	72163173	72163994	LTR/ERV1	6632	-	410	72163583	40022
chr11	72123561	72323561	harbor1	chr11	72164295	72164373	LTR/ERV1	6632	-	39	72164334	40773
chr11	72123561	72323561	harbor1	chr11	72165342	72165435	LTR/ERV1	6632	-	46	72165388	41827
chr11	72123561	72323561	harbor1	chr11	72165913	72166785	LTR/ERV1	6532	-	436	72166349	42788
chr11	72123561	72323561	harbor1	chr11	72167087	72167448	LTR/ERV1	5817	-	180	72167267	43706
chr11	72123561	72323561	harbor1	chr11	72194115	72194346	LTR/ERV1	1021	-	116	72194231	70670
chr11	72123561	72323561	harbor1	chr11	72204704	72204949	LTR/ERV1	482	-	122	72204826	81265
chr11	72123561	72323561	harbor1	chr11	72154805	72155376	LTR/ERV1	3957	-	286	72155091	31530
chr11	5124806	5324806	harbor1	chr11	5139052	5139447	LTR/ERV1	2399	-	198	5139250	14444
chr11	5124806	5324806	harbor1	chr11	5160297	5160707	LTR/ERV1	2938	-	205	5160502	35696
chr11	5124806	5324806	harbor1	chr11	5161085	5161301	LTR/ERV1	1385	-	108	5161193	36387
chr11	5124806	5324806	harbor1	chr11	5161303	5161965	LTR/ERV1	4367	-	331	5161634	36828
chr11	5124806	5324806	harbor1	chr11	5161968	5162469	LTR/ERV1	3197	-	250	5162218	37412
chr11	5124806	5324806	harbor1	chr11	5162469	5162618	LTR/ERV1	939	-	74	5162543	37737
chr11	5124806	5324806	harbor1	chr11	5162613	5165703	LTR/ERV1	15993	-	1545	5164158	39352
chr11	5124806	5324806	harbor1	chr11	5165706	5166117	LTR/ERV1	2864	-	206	5165912	41106
chr11	5124806	5324806	harbor1	chr11	5160708	5161086	LTR/ERV1	2455	-	189	5160897	36091
chr11	5124806	5324806	harbor1	chr11	5193634	5194416	LTR/ERV1	5443	-	391	5194025	69219
chr11	5125352	5325352	harbor1	chr11	5139052	5139447	LTR/ERV1	2399	-	198	5139250	13898
chr11	5125352	5325352	harbor1	chr11	5160297	5160707	LTR/ERV1	2938	-	205	5160502	35150
chr11	5125352	5325352	harbor1	chr11	5161085	5161301	LTR/ERV1	1385	-	108	5161193	35841
chr11	5125352	5325352	harbor1	chr11	5161303	5161965	LTR/ERV1	4367	-	331	5161634	36282
chr11	5125352	5325352	harbor1	chr11	5161968	5162469	LTR/ERV1	3197	-	250	5162218	36866
chr11	5125352	5325352	harbor1	chr11	5162469	5162618	LTR/ERV1	939	-	74	5162543	37191
chr11	5125352	5325352	harbor1	chr11	5162613	5165703	LTR/ERV1	15993	-	1545	5164158	38806
chr11	5125352	5325352	harbor1	chr11	5165706	5166117	LTR/ERV1	2864	-	206	5165912	40560
chr11	5125352	5325352	harbor1	chr11	5160708	5161086	LTR/ERV1	2455	-	189	5160897	35545
chr11	5125352	5325352	harbor1	chr11	5193634	5194416	LTR/ERV1	5443	-	391	5194025	68673
chr11	86572150	86772150	harbor1	chr11	86597658	86597945	LTR/ERV1	1402	-	144	86597802	25652
chr11	86572150	86772150	harbor1	chr11	86604118	86604422	LTR/ERV1	1463	-	152	86604270	32120
chr11	5127230	5327230	harbor1	chr11	5139052	5139447	LTR/ERV1	2399	-	198	5139250	12020
chr11	5127230	5327230	harbor1	chr11	5160297	5160707	LTR/ERV1	2938	-	205	5160502	33272
chr11	5127230	5327230	harbor1	chr11	5161085	5161301	LTR/ERV1	1385	-	108	5161193	33963
chr11	5127230	5327230	harbor1	chr11	5161303	5161965	LTR/ERV1	4367	-	331	5161634	34404
chr11	5127230	5327230	harbor1	chr11	5161968	5162469	LTR/ERV1	3197	-	250	5162218	34988
chr11	5127230	5327230	harbor1	chr11	5162469	5162618	LTR/ERV1	939	-	74	5162543	35313
chr11	5127230	5327230	harbor1	chr11	5162613	5165703	LTR/ERV1	15993	-	1545	5164158	36928
chr11	5127230	5327230	harbor1	chr11	5165706	5166117	LTR/ERV1	2864	-	206	5165912	38682
chr11	5127230	5327230	harbor1	chr11	5160708	5161086	LTR/ERV1	2455	-	189	5160897	33667
chr11	5127230	5327230	harbor1	chr11	5193634	5194416	LTR/ERV1	5443	-	391	5194025	66795
chr11	5125771	5325771	harbor1	chr11	5139052	5139447	LTR/ERV1	2399	-	198	5139250	13479
chr11	5125771	5325771	harbor1	chr11	5160297	5160707	LTR/ERV1	2938	-	205	5160502	34731
chr11	5125771	5325771	harbor1	chr11	5161085	5161301	LTR/ERV1	1385	-	108	5161193	35422
chr11	5125771	5325771	harbor1	chr11	5161303	5161965	LTR/ERV1	4367	-	331	5161634	35863
chr11	5125771	5325771	harbor1	chr11	5161968	5162469	LTR/ERV1	3197	-	250	5162218	36447
chr11	5125771	5325771	harbor1	chr11	5162469	5162618	LTR/ERV1	939	-	74	5162543	36772
chr11	5125771	5325771	harbor1	chr11	5162613	5165703	LTR/ERV1	15993	-	1545	5164158	38387
chr11	5125771	5325771	harbor1	chr11	5165706	5166117	LTR/ERV1	2864	-	206	5165912	40141
chr11	5125771	5325771	harbor1	chr11	5160708	5161086	LTR/ERV1	2455	-	189	5160897	35126
chr11	5125771	5325771	harbor1	chr11	5193634	5194416	LTR/ERV1	5443	-	391	5194025	68254
chr11	5127185	5327185	harbor1	chr11	5139052	5139447	LTR/ERV1	2399	-	198	5139250	12065
chr11	5127185	5327185	harbor1	chr11	5160297	5160707	LTR/ERV1	2938	-	205	5160502	33317
chr11	5127185	5327185	harbor1	chr11	5161085	5161301	LTR/ERV1	1385	-	108	5161193	34008
chr11	5127185	5327185	harbor1	chr11	5161303	5161965	LTR/ERV1	4367	-	331	5161634	34449
chr11	5127185	5327185	harbor1	chr11	5161968	5162469	LTR/ERV1	3197	-	250	5162218	35033
chr11	5127185	5327185	harbor1	chr11	5162469	5162618	LTR/ERV1	939	-	74	5162543	35358
chr11	5127185	5327185	harbor1	chr11	5162613	5165703	LTR/ERV1	15993	-	1545	5164158	36973
chr11	5127185	5327185	harbor1	chr11	5165706	5166117	LTR/ERV1	2864	-	206	5165912	38727
chr11	5127185	5327185	harbor1	chr11	5160708	5161086	LTR/ERV1	2455	-	189	5160897	33712
chr11	5127185	5327185	harbor1	chr11	5193634	5194416	LTR/ERV1	5443	-	391	5194025	66840
chr11	5134100	5334100	harbor1	chr11	5139052	5139447	LTR/ERV1	2399	-	198	5139250	5150
chr11	5134100	5334100	harbor1	chr11	5160297	5160707	LTR/ERV1	2938	-	205	5160502	26402
chr11	5134100	5334100	harbor1	chr11	5161085	5161301	LTR/ERV1	1385	-	108	5161193	27093
chr11	5134100	5334100	harbor1	chr11	5161303	5161965	LTR/ERV1	4367	-	331	5161634	27534
chr11	5134100	5334100	harbor1	chr11	5161968	5162469	LTR/ERV1	3197	-	250	5162218	28118
chr11	5134100	5334100	harbor1	chr11	5162469	5162618	LTR/ERV1	939	-	74	5162543	28443
chr11	5134100	5334100	harbor1	chr11	5162613	5165703	LTR/ERV1	15993	-	1545	5164158	30058
chr11	5134100	5334100	harbor1	chr11	5165706	5166117	LTR/ERV1	2864	-	206	5165912	31812
chr11	5134100	5334100	harbor1	chr11	5160708	5161086	LTR/ERV1	2455	-	189	5160897	26797
chr11	5134100	5334100	harbor1	chr11	5193634	5194416	LTR/ERV1	5443	-	391	5194025	59925
chr11	5134575	5334575	harbor1	chr11	5139052	5139447	LTR/ERV1	2399	-	198	5139250	4675
chr11	5134575	5334575	harbor1	chr11	5160297	5160707	LTR/ERV1	2938	-	205	5160502	25927
chr11	5134575	5334575	harbor1	chr11	5161085	5161301	LTR/ERV1	1385	-	108	5161193	26618
chr11	5134575	5334575	harbor1	chr11	5161303	5161965	LTR/ERV1	4367	-	331	5161634	27059
chr11	5134575	5334575	harbor1	chr11	5161968	5162469	LTR/ERV1	3197	-	250	5162218	27643
chr11	5134575	5334575	harbor1	chr11	5162469	5162618	LTR/ERV1	939	-	74	5162543	27968
chr11	5134575	5334575	harbor1	chr11	5162613	5165703	LTR/ERV1	15993	-	1545	5164158	29583
chr11	5134575	5334575	harbor1	chr11	5165706	5166117	LTR/ERV1	2864	-	206	5165912	31337
chr11	5134575	5334575	harbor1	chr11	5160708	5161086	LTR/ERV1	2455	-	189	5160897	26322
chr11	5134575	5334575	harbor1	chr11	5193634	5194416	LTR/ERV1	5443	-	391	5194025	59450
chr11	6140855	6340855	harbor1	chr11	6158349	6158427	LTR/ERV1	699	-	39	6158388	17533
chr11	6140855	6340855	harbor1	chr11	6158732	6158847	LTR/ERV1	699	-	58	6158790	17935
chr11	6140855	6340855	harbor1	chr11	6158844	6158978	LTR/ERV1	758	-	67	6158911	18056
chr11	6140855	6340855	harbor1	chr11	6160742	6161309	LTR/ERV1	4271	-	284	6161026	20171
chr11	6140855	6340855	harbor1	chr11	6161568	6162002	LTR/ERV1	2957	-	217	6161785	20930
chr11	6140855	6340855	harbor1	chr11	6158978	6160571	LTR/ERV1	5080	-	796	6159774	18919
chr11	5127304	5327304	harbor1	chr11	5139052	5139447	LTR/ERV1	2399	-	198	5139250	11946
chr11	5127304	5327304	harbor1	chr11	5160297	5160707	LTR/ERV1	2938	-	205	5160502	33198
chr11	5127304	5327304	harbor1	chr11	5161085	5161301	LTR/ERV1	1385	-	108	5161193	33889
chr11	5127304	5327304	harbor1	chr11	5161303	5161965	LTR/ERV1	4367	-	331	5161634	34330
chr11	5127304	5327304	harbor1	chr11	5161968	5162469	LTR/ERV1	3197	-	250	5162218	34914
chr11	5127304	5327304	harbor1	chr11	5162469	5162618	LTR/ERV1	939	-	74	5162543	35239
chr11	5127304	5327304	harbor1	chr11	5162613	5165703	LTR/ERV1	15993	-	1545	5164158	36854
chr11	5127304	5327304	harbor1	chr11	5165706	5166117	LTR/ERV1	2864	-	206	5165912	38608
chr11	5127304	5327304	harbor1	chr11	5160708	5161086	LTR/ERV1	2455	-	189	5160897	33593
chr11	5127304	5327304	harbor1	chr11	5193634	5194416	LTR/ERV1	5443	-	391	5194025	66721
chr11	5024680	5224680	harbor1	chr11	5087216	5087714	LTR/ERV1	1321	-	249	5087465	62785
chr11	20060703	20260703	harbor1	chr11	20129505	20130157	LTR/ERV1	3693	-	326	20129831	69128
chr11	20060703	20260703	harbor1	chr11	20145347	20146093	LTR/ERV1	4521	-	373	20145720	85017
chr11	5134650	5334650	harbor1	chr11	5139052	5139447	LTR/ERV1	2399	-	198	5139250	4600
chr11	5134650	5334650	harbor1	chr11	5160297	5160707	LTR/ERV1	2938	-	205	5160502	25852
chr11	5134650	5334650	harbor1	chr11	5161085	5161301	LTR/ERV1	1385	-	108	5161193	26543
chr11	5134650	5334650	harbor1	chr11	5161303	5161965	LTR/ERV1	4367	-	331	5161634	26984
chr11	5134650	5334650	harbor1	chr11	5161968	5162469	LTR/ERV1	3197	-	250	5162218	27568
chr11	5134650	5334650	harbor1	chr11	5162469	5162618	LTR/ERV1	939	-	74	5162543	27893
chr11	5134650	5334650	harbor1	chr11	5162613	5165703	LTR/ERV1	15993	-	1545	5164158	29508
chr11	5134650	5334650	harbor1	chr11	5165706	5166117	LTR/ERV1	2864	-	206	5165912	31262
chr11	5134650	5334650	harbor1	chr11	5160708	5161086	LTR/ERV1	2455	-	189	5160897	26247
chr11	5134650	5334650	harbor1	chr11	5193634	5194416	LTR/ERV1	5443	-	391	5194025	59375
chr11	5125398	5325398	harbor1	chr11	5139052	5139447	LTR/ERV1	2399	-	198	5139250	13852
chr11	5125398	5325398	harbor1	chr11	5160297	5160707	LTR/ERV1	2938	-	205	5160502	35104
chr11	5125398	5325398	harbor1	chr11	5161085	5161301	LTR/ERV1	1385	-	108	5161193	35795
chr11	5125398	5325398	harbor1	chr11	5161303	5161965	LTR/ERV1	4367	-	331	5161634	36236
chr11	5125398	5325398	harbor1	chr11	5161968	5162469	LTR/ERV1	3197	-	250	5162218	36820
chr11	5125398	5325398	harbor1	chr11	5162469	5162618	LTR/ERV1	939	-	74	5162543	37145
chr11	5125398	5325398	harbor1	chr11	5162613	5165703	LTR/ERV1	15993	-	1545	5164158	38760
chr11	5125398	5325398	harbor1	chr11	5165706	5166117	LTR/ERV1	2864	-	206	5165912	40514
chr11	5125398	5325398	harbor1	chr11	5160708	5161086	LTR/ERV1	2455	-	189	5160897	35499
chr11	5125398	5325398	harbor1	chr11	5193634	5194416	LTR/ERV1	5443	-	391	5194025	68627
chr11	6512331	6712331	harbor1	chr11	6596880	6597244	LTR/ERV1	713	-	182	6597062	84731
chr11	5127284	5327284	harbor1	chr11	5139052	5139447	LTR/ERV1	2399	-	198	5139250	11966
chr11	5127284	5327284	harbor1	chr11	5160297	5160707	LTR/ERV1	2938	-	205	5160502	33218
chr11	5127284	5327284	harbor1	chr11	5161085	5161301	LTR/ERV1	1385	-	108	5161193	33909
chr11	5127284	5327284	harbor1	chr11	5161303	5161965	LTR/ERV1	4367	-	331	5161634	34350
chr11	5127284	5327284	harbor1	chr11	5161968	5162469	LTR/ERV1	3197	-	250	5162218	34934
chr11	5127284	5327284	harbor1	chr11	5162469	5162618	LTR/ERV1	939	-	74	5162543	35259
chr11	5127284	5327284	harbor1	chr11	5162613	5165703	LTR/ERV1	15993	-	1545	5164158	36874
chr11	5127284	5327284	harbor1	chr11	5165706	5166117	LTR/ERV1	2864	-	206	5165912	38628
chr11	5127284	5327284	harbor1	chr11	5160708	5161086	LTR/ERV1	2455	-	189	5160897	33613
chr11	5127284	5327284	harbor1	chr11	5193634	5194416	LTR/ERV1	5443	-	391	5194025	66741
chr11	5124821	5324821	harbor1	chr11	5139052	5139447	LTR/ERV1	2399	-	198	5139250	14429
chr11	5124821	5324821	harbor1	chr11	5160297	5160707	LTR/ERV1	2938	-	205	5160502	35681
chr11	5124821	5324821	harbor1	chr11	5161085	5161301	LTR/ERV1	1385	-	108	5161193	36372
chr11	5124821	5324821	harbor1	chr11	5161303	5161965	LTR/ERV1	4367	-	331	5161634	36813
chr11	5124821	5324821	harbor1	chr11	5161968	5162469	LTR/ERV1	3197	-	250	5162218	37397
chr11	5124821	5324821	harbor1	chr11	5162469	5162618	LTR/ERV1	939	-	74	5162543	37722
chr11	5124821	5324821	harbor1	chr11	5162613	5165703	LTR/ERV1	15993	-	1545	5164158	39337
chr11	5124821	5324821	harbor1	chr11	5165706	5166117	LTR/ERV1	2864	-	206	5165912	41091
chr11	5124821	5324821	harbor1	chr11	5160708	5161086	LTR/ERV1	2455	-	189	5160897	36076
chr11	5124821	5324821	harbor1	chr11	5193634	5194416	LTR/ERV1	5443	-	391	5194025	69204
chr11	5127245	5327245	harbor1	chr11	5139052	5139447	LTR/ERV1	2399	-	198	5139250	12005
chr11	5127245	5327245	harbor1	chr11	5160297	5160707	LTR/ERV1	2938	-	205	5160502	33257
chr11	5127245	5327245	harbor1	chr11	5161085	5161301	LTR/ERV1	1385	-	108	5161193	33948
chr11	5127245	5327245	harbor1	chr11	5161303	5161965	LTR/ERV1	4367	-	331	5161634	34389
chr11	5127245	5327245	harbor1	chr11	5161968	5162469	LTR/ERV1	3197	-	250	5162218	34973
chr11	5127245	5327245	harbor1	chr11	5162469	5162618	LTR/ERV1	939	-	74	5162543	35298
chr11	5127245	5327245	harbor1	chr11	5162613	5165703	LTR/ERV1	15993	-	1545	5164158	36913
chr11	5127245	5327245	harbor1	chr11	5165706	5166117	LTR/ERV1	2864	-	206	5165912	38667
chr11	5127245	5327245	harbor1	chr11	5160708	5161086	LTR/ERV1	2455	-	189	5160897	33652
chr11	5127245	5327245	harbor1	chr11	5193634	5194416	LTR/ERV1	5443	-	391	5194025	66780
chr11	5126970	5326970	harbor1	chr11	5139052	5139447	LTR/ERV1	2399	-	198	5139250	12280
chr11	5126970	5326970	harbor1	chr11	5160297	5160707	LTR/ERV1	2938	-	205	5160502	33532
chr11	5126970	5326970	harbor1	chr11	5161085	5161301	LTR/ERV1	1385	-	108	5161193	34223
chr11	5126970	5326970	harbor1	chr11	5161303	5161965	LTR/ERV1	4367	-	331	5161634	34664
chr11	5126970	5326970	harbor1	chr11	5161968	5162469	LTR/ERV1	3197	-	250	5162218	35248
chr11	5126970	5326970	harbor1	chr11	5162469	5162618	LTR/ERV1	939	-	74	5162543	35573
chr11	5126970	5326970	harbor1	chr11	5162613	5165703	LTR/ERV1	15993	-	1545	5164158	37188
chr11	5126970	5326970	harbor1	chr11	5165706	5166117	LTR/ERV1	2864	-	206	5165912	38942
chr11	5126970	5326970	harbor1	chr11	5160708	5161086	LTR/ERV1	2455	-	189	5160897	33927
chr11	5126970	5326970	harbor1	chr11	5193634	5194416	LTR/ERV1	5443	-	391	5194025	67055
chr11	5052446	5252446	harbor1	chr11	5087216	5087714	LTR/ERV1	1321	-	249	5087465	35019
chr11	5052446	5252446	harbor1	chr11	5139052	5139447	LTR/ERV1	2399	-	198	5139250	86804
chr11	5127167	5327167	harbor1	chr11	5139052	5139447	LTR/ERV1	2399	-	198	5139250	12083
chr11	5127167	5327167	harbor1	chr11	5160297	5160707	LTR/ERV1	2938	-	205	5160502	33335
chr11	5127167	5327167	harbor1	chr11	5161085	5161301	LTR/ERV1	1385	-	108	5161193	34026
chr11	5127167	5327167	harbor1	chr11	5161303	5161965	LTR/ERV1	4367	-	331	5161634	34467
chr11	5127167	5327167	harbor1	chr11	5161968	5162469	LTR/ERV1	3197	-	250	5162218	35051
chr11	5127167	5327167	harbor1	chr11	5162469	5162618	LTR/ERV1	939	-	74	5162543	35376
chr11	5127167	5327167	harbor1	chr11	5162613	5165703	LTR/ERV1	15993	-	1545	5164158	36991
chr11	5127167	5327167	harbor1	chr11	5165706	5166117	LTR/ERV1	2864	-	206	5165912	38745
chr11	5127167	5327167	harbor1	chr11	5160708	5161086	LTR/ERV1	2455	-	189	5160897	33730
chr11	5127167	5327167	harbor1	chr11	5193634	5194416	LTR/ERV1	5443	-	391	5194025	66858
chr11	5126888	5326888	harbor1	chr11	5139052	5139447	LTR/ERV1	2399	-	198	5139250	12362
chr11	5126888	5326888	harbor1	chr11	5160297	5160707	LTR/ERV1	2938	-	205	5160502	33614
chr11	5126888	5326888	harbor1	chr11	5161085	5161301	LTR/ERV1	1385	-	108	5161193	34305
chr11	5126888	5326888	harbor1	chr11	5161303	5161965	LTR/ERV1	4367	-	331	5161634	34746
chr11	5126888	5326888	harbor1	chr11	5161968	5162469	LTR/ERV1	3197	-	250	5162218	35330
chr11	5126888	5326888	harbor1	chr11	5162469	5162618	LTR/ERV1	939	-	74	5162543	35655
chr11	5126888	5326888	harbor1	chr11	5162613	5165703	LTR/ERV1	15993	-	1545	5164158	37270
chr11	5126888	5326888	harbor1	chr11	5165706	5166117	LTR/ERV1	2864	-	206	5165912	39024
chr11	5126888	5326888	harbor1	chr11	5160708	5161086	LTR/ERV1	2455	-	189	5160897	34009
chr11	5126888	5326888	harbor1	chr11	5193634	5194416	LTR/ERV1	5443	-	391	5194025	67137
chr11	63713415	63913415	harbor1	chr11	63809705	63809931	LTR/ERV1	583	-	113	63809818	96403
chr11	5021372	5221372	harbor1	chr11	5087216	5087714	LTR/ERV1	1321	-	249	5087465	66093
chr11	5125946	5325946	harbor1	chr11	5139052	5139447	LTR/ERV1	2399	-	198	5139250	13304
chr11	5125946	5325946	harbor1	chr11	5160297	5160707	LTR/ERV1	2938	-	205	5160502	34556
chr11	5125946	5325946	harbor1	chr11	5161085	5161301	LTR/ERV1	1385	-	108	5161193	35247
chr11	5125946	5325946	harbor1	chr11	5161303	5161965	LTR/ERV1	4367	-	331	5161634	35688
chr11	5125946	5325946	harbor1	chr11	5161968	5162469	LTR/ERV1	3197	-	250	5162218	36272
chr11	5125946	5325946	harbor1	chr11	5162469	5162618	LTR/ERV1	939	-	74	5162543	36597
chr11	5125946	5325946	harbor1	chr11	5162613	5165703	LTR/ERV1	15993	-	1545	5164158	38212
chr11	5125946	5325946	harbor1	chr11	5165706	5166117	LTR/ERV1	2864	-	206	5165912	39966
chr11	5125946	5325946	harbor1	chr11	5160708	5161086	LTR/ERV1	2455	-	189	5160897	34951
chr11	5125946	5325946	harbor1	chr11	5193634	5194416	LTR/ERV1	5443	-	391	5194025	68079
chr11	86275379	86475379	harbor1	chr11	86348202	86348483	LTR/ERV1	537	-	140	86348342	72963
chr11	86275379	86475379	harbor1	chr11	86358409	86358929	LTR/ERV1	4190	-	260	86358669	83290
chr11	5127149	5327149	harbor1	chr11	5139052	5139447	LTR/ERV1	2399	-	198	5139250	12101
chr11	5127149	5327149	harbor1	chr11	5160297	5160707	LTR/ERV1	2938	-	205	5160502	33353
chr11	5127149	5327149	harbor1	chr11	5161085	5161301	LTR/ERV1	1385	-	108	5161193	34044
chr11	5127149	5327149	harbor1	chr11	5161303	5161965	LTR/ERV1	4367	-	331	5161634	34485
chr11	5127149	5327149	harbor1	chr11	5161968	5162469	LTR/ERV1	3197	-	250	5162218	35069
chr11	5127149	5327149	harbor1	chr11	5162469	5162618	LTR/ERV1	939	-	74	5162543	35394
chr11	5127149	5327149	harbor1	chr11	5162613	5165703	LTR/ERV1	15993	-	1545	5164158	37009
chr11	5127149	5327149	harbor1	chr11	5165706	5166117	LTR/ERV1	2864	-	206	5165912	38763
chr11	5127149	5327149	harbor1	chr11	5160708	5161086	LTR/ERV1	2455	-	189	5160897	33748
chr11	5127149	5327149	harbor1	chr11	5193634	5194416	LTR/ERV1	5443	-	391	5194025	66876
chr11	64537978	64737978	harbor1	chr11	64537931	64538187	LTR/ERV1	1264	-	128	64538059	81
chr11	64537978	64737978	harbor1	chr11	64538498	64538619	LTR/ERV1	1264	-	60	64538558	580
chr11	64537978	64737978	harbor1	chr11	64541605	64541723	LTR/ERV1	2975	-	59	64541664	3686
chr11	64537978	64737978	harbor1	chr11	64542035	64542483	LTR/ERV1	2975	-	224	64542259	4281
chr11	64537978	64737978	harbor1	chr11	64556702	64556968	LTR/ERV1	1431	-	133	64556835	18857
chr11	4897645	5097645	harbor1	chr11	4966092	4966615	LTR/ERV1	1455	-	262	4966354	68709
chr11	4897645	5097645	harbor1	chr11	4966739	4967209	LTR/ERV1	1350	-	235	4966974	69329
chr11	4897645	5097645	harbor1	chr11	4967283	4968081	LTR/ERV1	3334	-	399	4967682	70037
chr11	4897645	5097645	harbor1	chr11	4968081	4968482	LTR/ERV1	1296	-	200	4968281	70636
chr11	4897645	5097645	harbor1	chr11	4968552	4970545	LTR/ERV1	3071	-	996	4969548	71903
chr11	4897645	5097645	harbor1	chr11	4970937	4971132	LTR/ERV1	653	-	98	4971035	73390
chr11	4897645	5097645	harbor1	chr11	4971140	4971233	LTR/ERV1	412	-	46	4971186	73541
chr11	4897645	5097645	harbor1	chr11	4971422	4971641	LTR/ERV1	652	-	110	4971532	73887
chr11	4897645	5097645	harbor1	chr11	4972068	4972312	LTR/ERV1	718	-	122	4972190	74545
chr11	5126804	5326804	harbor1	chr11	5139052	5139447	LTR/ERV1	2399	-	198	5139250	12446
chr11	5126804	5326804	harbor1	chr11	5160297	5160707	LTR/ERV1	2938	-	205	5160502	33698
chr11	5126804	5326804	harbor1	chr11	5161085	5161301	LTR/ERV1	1385	-	108	5161193	34389
chr11	5126804	5326804	harbor1	chr11	5161303	5161965	LTR/ERV1	4367	-	331	5161634	34830
chr11	5126804	5326804	harbor1	chr11	5161968	5162469	LTR/ERV1	3197	-	250	5162218	35414
chr11	5126804	5326804	harbor1	chr11	5162469	5162618	LTR/ERV1	939	-	74	5162543	35739
chr11	5126804	5326804	harbor1	chr11	5162613	5165703	LTR/ERV1	15993	-	1545	5164158	37354
chr11	5126804	5326804	harbor1	chr11	5165706	5166117	LTR/ERV1	2864	-	206	5165912	39108
chr11	5126804	5326804	harbor1	chr11	5160708	5161086	LTR/ERV1	2455	-	189	5160897	34093
chr11	5126804	5326804	harbor1	chr11	5193634	5194416	LTR/ERV1	5443	-	391	5194025	67221
chr11	76580403	76780403	harbor1	chr11	76607926	76609594	LTR/ERV1	11116	-	834	76608760	28357
chr11	5134605	5334605	harbor1	chr11	5139052	5139447	LTR/ERV1	2399	-	198	5139250	4645
chr11	5134605	5334605	harbor1	chr11	5160297	5160707	LTR/ERV1	2938	-	205	5160502	25897
chr11	5134605	5334605	harbor1	chr11	5161085	5161301	LTR/ERV1	1385	-	108	5161193	26588
chr11	5134605	5334605	harbor1	chr11	5161303	5161965	LTR/ERV1	4367	-	331	5161634	27029
chr11	5134605	5334605	harbor1	chr11	5161968	5162469	LTR/ERV1	3197	-	250	5162218	27613
chr11	5134605	5334605	harbor1	chr11	5162469	5162618	LTR/ERV1	939	-	74	5162543	27938
chr11	5134605	5334605	harbor1	chr11	5162613	5165703	LTR/ERV1	15993	-	1545	5164158	29553
chr11	5134605	5334605	harbor1	chr11	5165706	5166117	LTR/ERV1	2864	-	206	5165912	31307
chr11	5134605	5334605	harbor1	chr11	5160708	5161086	LTR/ERV1	2455	-	189	5160897	26292
chr11	5134605	5334605	harbor1	chr11	5193634	5194416	LTR/ERV1	5443	-	391	5194025	59420
chr11	5125064	5325064	harbor1	chr11	5139052	5139447	LTR/ERV1	2399	-	198	5139250	14186
chr11	5125064	5325064	harbor1	chr11	5160297	5160707	LTR/ERV1	2938	-	205	5160502	35438
chr11	5125064	5325064	harbor1	chr11	5161085	5161301	LTR/ERV1	1385	-	108	5161193	36129
chr11	5125064	5325064	harbor1	chr11	5161303	5161965	LTR/ERV1	4367	-	331	5161634	36570
chr11	5125064	5325064	harbor1	chr11	5161968	5162469	LTR/ERV1	3197	-	250	5162218	37154
chr11	5125064	5325064	harbor1	chr11	5162469	5162618	LTR/ERV1	939	-	74	5162543	37479
chr11	5125064	5325064	harbor1	chr11	5162613	5165703	LTR/ERV1	15993	-	1545	5164158	39094
chr11	5125064	5325064	harbor1	chr11	5165706	5166117	LTR/ERV1	2864	-	206	5165912	40848
chr11	5125064	5325064	harbor1	chr11	5160708	5161086	LTR/ERV1	2455	-	189	5160897	35833
chr11	5125064	5325064	harbor1	chr11	5193634	5194416	LTR/ERV1	5443	-	391	5194025	68961
chr11	5125194	5325194	harbor1	chr11	5139052	5139447	LTR/ERV1	2399	-	198	5139250	14056
chr11	5125194	5325194	harbor1	chr11	5160297	5160707	LTR/ERV1	2938	-	205	5160502	35308
chr11	5125194	5325194	harbor1	chr11	5161085	5161301	LTR/ERV1	1385	-	108	5161193	35999
chr11	5125194	5325194	harbor1	chr11	5161303	5161965	LTR/ERV1	4367	-	331	5161634	36440
chr11	5125194	5325194	harbor1	chr11	5161968	5162469	LTR/ERV1	3197	-	250	5162218	37024
chr11	5125194	5325194	harbor1	chr11	5162469	5162618	LTR/ERV1	939	-	74	5162543	37349
chr11	5125194	5325194	harbor1	chr11	5162613	5165703	LTR/ERV1	15993	-	1545	5164158	38964
chr11	5125194	5325194	harbor1	chr11	5165706	5166117	LTR/ERV1	2864	-	206	5165912	40718
chr11	5125194	5325194	harbor1	chr11	5160708	5161086	LTR/ERV1	2455	-	189	5160897	35703
chr11	5125194	5325194	harbor1	chr11	5193634	5194416	LTR/ERV1	5443	-	391	5194025	68831
chr11	16505296	16705296	harbor1	chr11	16553133	16553613	LTR/ERV1	3110	-	240	16553373	48077
chr11	129769693	129969693	harbor1	chr11	129779189	129779826	LTR/ERV1	3647	-	318	129779507	9814
chr11	129769693	129969693	harbor1	chr11	129779830	129780621	LTR/ERV1	5257	-	396	129780226	10533
chr11	129769693	129969693	harbor1	chr11	129780620	129781019	LTR/ERV1	4019	-	200	129780820	11127
chr11	129769693	129969693	harbor1	chr11	129781311	129782155	LTR/ERV1	13576	-	422	129781733	12040
chr11	129769693	129969693	harbor1	chr11	129782895	129784301	LTR/ERV1	13576	-	703	129783598	13905
chr11	129769693	129969693	harbor1	chr11	129784598	129784783	LTR/ERV1	13576	-	92	129784690	14997
chr11	129769693	129969693	harbor1	chr11	129784882	129784983	LTR/ERV1	405	-	50	129784932	15239
chr11	129769693	129969693	harbor1	chr11	129784977	129785817	LTR/ERV1	2527	-	420	129785397	15704
chr11	129769693	129969693	harbor1	chr11	129801826	129802615	LTR/ERV1	5079	-	394	129802220	32527
chr11	129769693	129969693	harbor1	chr11	129814073	129815141	LTR/ERV1	4933	-	534	129814607	44914
chr11	76580432	76780432	harbor1	chr11	76607926	76609594	LTR/ERV1	11116	-	834	76608760	28328
chr11	64538016	64738016	harbor1	chr11	64537931	64538187	LTR/ERV1	1264	-	128	64538059	43
chr11	64538016	64738016	harbor1	chr11	64538498	64538619	LTR/ERV1	1264	-	60	64538558	542
chr11	64538016	64738016	harbor1	chr11	64541605	64541723	LTR/ERV1	2975	-	59	64541664	3648
chr11	64538016	64738016	harbor1	chr11	64542035	64542483	LTR/ERV1	2975	-	224	64542259	4243
chr11	64538016	64738016	harbor1	chr11	64556702	64556968	LTR/ERV1	1431	-	133	64556835	18819
chr11	5126793	5326793	harbor1	chr11	5139052	5139447	LTR/ERV1	2399	-	198	5139250	12457
chr11	5126793	5326793	harbor1	chr11	5160297	5160707	LTR/ERV1	2938	-	205	5160502	33709
chr11	5126793	5326793	harbor1	chr11	5161085	5161301	LTR/ERV1	1385	-	108	5161193	34400
chr11	5126793	5326793	harbor1	chr11	5161303	5161965	LTR/ERV1	4367	-	331	5161634	34841
chr11	5126793	5326793	harbor1	chr11	5161968	5162469	LTR/ERV1	3197	-	250	5162218	35425
chr11	5126793	5326793	harbor1	chr11	5162469	5162618	LTR/ERV1	939	-	74	5162543	35750
chr11	5126793	5326793	harbor1	chr11	5162613	5165703	LTR/ERV1	15993	-	1545	5164158	37365
chr11	5126793	5326793	harbor1	chr11	5165706	5166117	LTR/ERV1	2864	-	206	5165912	39119
chr11	5126793	5326793	harbor1	chr11	5160708	5161086	LTR/ERV1	2455	-	189	5160897	34104
chr11	5126793	5326793	harbor1	chr11	5193634	5194416	LTR/ERV1	5443	-	391	5194025	67232
chr11	461137	661137	harbor1	chr11	512802	512904	LTR/ERV1	402	-	51	512853	51716
chr11	5134533	5334533	harbor1	chr11	5139052	5139447	LTR/ERV1	2399	-	198	5139250	4717
chr11	5134533	5334533	harbor1	chr11	5160297	5160707	LTR/ERV1	2938	-	205	5160502	25969
chr11	5134533	5334533	harbor1	chr11	5161085	5161301	LTR/ERV1	1385	-	108	5161193	26660
chr11	5134533	5334533	harbor1	chr11	5161303	5161965	LTR/ERV1	4367	-	331	5161634	27101
chr11	5134533	5334533	harbor1	chr11	5161968	5162469	LTR/ERV1	3197	-	250	5162218	27685
chr11	5134533	5334533	harbor1	chr11	5162469	5162618	LTR/ERV1	939	-	74	5162543	28010
chr11	5134533	5334533	harbor1	chr11	5162613	5165703	LTR/ERV1	15993	-	1545	5164158	29625
chr11	5134533	5334533	harbor1	chr11	5165706	5166117	LTR/ERV1	2864	-	206	5165912	31379
chr11	5134533	5334533	harbor1	chr11	5160708	5161086	LTR/ERV1	2455	-	189	5160897	26364
chr11	5134533	5334533	harbor1	chr11	5193634	5194416	LTR/ERV1	5443	-	391	5194025	59492
chr11	5127205	5327205	harbor1	chr11	5139052	5139447	LTR/ERV1	2399	-	198	5139250	12045
chr11	5127205	5327205	harbor1	chr11	5160297	5160707	LTR/ERV1	2938	-	205	5160502	33297
chr11	5127205	5327205	harbor1	chr11	5161085	5161301	LTR/ERV1	1385	-	108	5161193	33988
chr11	5127205	5327205	harbor1	chr11	5161303	5161965	LTR/ERV1	4367	-	331	5161634	34429
chr11	5127205	5327205	harbor1	chr11	5161968	5162469	LTR/ERV1	3197	-	250	5162218	35013
chr11	5127205	5327205	harbor1	chr11	5162469	5162618	LTR/ERV1	939	-	74	5162543	35338
chr11	5127205	5327205	harbor1	chr11	5162613	5165703	LTR/ERV1	15993	-	1545	5164158	36953
chr11	5127205	5327205	harbor1	chr11	5165706	5166117	LTR/ERV1	2864	-	206	5165912	38707
chr11	5127205	5327205	harbor1	chr11	5160708	5161086	LTR/ERV1	2455	-	189	5160897	33692
chr11	5127205	5327205	harbor1	chr11	5193634	5194416	LTR/ERV1	5443	-	391	5194025	66820
chr11	119001792	119201792	harbor1	chr11	119038991	119039271	LTR/ERV1	1637	-	140	119039131	37339
chr11	119001792	119201792	harbor1	chr11	119040161	119040206	LTR/ERV1	1637	-	22	119040183	38391
chr11	119001792	119201792	harbor1	chr11	119098903	119099142	LTR/ERV1	2180	-	120	119099023	97231
chr11	119001792	119201792	harbor1	chr11	119099451	119099511	LTR/ERV1	2180	-	30	119099481	97689
chr11	119001792	119201792	harbor1	chr11	119099810	119100100	LTR/ERV1	2180	-	145	119099955	98163
chr11	5127241	5327241	harbor1	chr11	5139052	5139447	LTR/ERV1	2399	-	198	5139250	12009
chr11	5127241	5327241	harbor1	chr11	5160297	5160707	LTR/ERV1	2938	-	205	5160502	33261
chr11	5127241	5327241	harbor1	chr11	5161085	5161301	LTR/ERV1	1385	-	108	5161193	33952
chr11	5127241	5327241	harbor1	chr11	5161303	5161965	LTR/ERV1	4367	-	331	5161634	34393
chr11	5127241	5327241	harbor1	chr11	5161968	5162469	LTR/ERV1	3197	-	250	5162218	34977
chr11	5127241	5327241	harbor1	chr11	5162469	5162618	LTR/ERV1	939	-	74	5162543	35302
chr11	5127241	5327241	harbor1	chr11	5162613	5165703	LTR/ERV1	15993	-	1545	5164158	36917
chr11	5127241	5327241	harbor1	chr11	5165706	5166117	LTR/ERV1	2864	-	206	5165912	38671
chr11	5127241	5327241	harbor1	chr11	5160708	5161086	LTR/ERV1	2455	-	189	5160897	33656
chr11	5127241	5327241	harbor1	chr11	5193634	5194416	LTR/ERV1	5443	-	391	5194025	66784
chr11	76580985	76780985	harbor1	chr11	76607926	76609594	LTR/ERV1	11116	-	834	76608760	27775
chr11	5127169	5327169	harbor1	chr11	5139052	5139447	LTR/ERV1	2399	-	198	5139250	12081
chr11	5127169	5327169	harbor1	chr11	5160297	5160707	LTR/ERV1	2938	-	205	5160502	33333
chr11	5127169	5327169	harbor1	chr11	5161085	5161301	LTR/ERV1	1385	-	108	5161193	34024
chr11	5127169	5327169	harbor1	chr11	5161303	5161965	LTR/ERV1	4367	-	331	5161634	34465
chr11	5127169	5327169	harbor1	chr11	5161968	5162469	LTR/ERV1	3197	-	250	5162218	35049
chr11	5127169	5327169	harbor1	chr11	5162469	5162618	LTR/ERV1	939	-	74	5162543	35374
chr11	5127169	5327169	harbor1	chr11	5162613	5165703	LTR/ERV1	15993	-	1545	5164158	36989
chr11	5127169	5327169	harbor1	chr11	5165706	5166117	LTR/ERV1	2864	-	206	5165912	38743
chr11	5127169	5327169	harbor1	chr11	5160708	5161086	LTR/ERV1	2455	-	189	5160897	33728
chr11	5127169	5327169	harbor1	chr11	5193634	5194416	LTR/ERV1	5443	-	391	5194025	66856
chr11	5134210	5334210	harbor1	chr11	5139052	5139447	LTR/ERV1	2399	-	198	5139250	5040
chr11	5134210	5334210	harbor1	chr11	5160297	5160707	LTR/ERV1	2938	-	205	5160502	26292
chr11	5134210	5334210	harbor1	chr11	5161085	5161301	LTR/ERV1	1385	-	108	5161193	26983
chr11	5134210	5334210	harbor1	chr11	5161303	5161965	LTR/ERV1	4367	-	331	5161634	27424
chr11	5134210	5334210	harbor1	chr11	5161968	5162469	LTR/ERV1	3197	-	250	5162218	28008
chr11	5134210	5334210	harbor1	chr11	5162469	5162618	LTR/ERV1	939	-	74	5162543	28333
chr11	5134210	5334210	harbor1	chr11	5162613	5165703	LTR/ERV1	15993	-	1545	5164158	29948
chr11	5134210	5334210	harbor1	chr11	5165706	5166117	LTR/ERV1	2864	-	206	5165912	31702
chr11	5134210	5334210	harbor1	chr11	5160708	5161086	LTR/ERV1	2455	-	189	5160897	26687
chr11	5134210	5334210	harbor1	chr11	5193634	5194416	LTR/ERV1	5443	-	391	5194025	59815
chr11	107909152	108109152	harbor1	chr11	107935105	107935363	LTR/ERV1	4031	-	129	107935234	26082
chr11	107909152	108109152	harbor1	chr11	107935675	107935900	LTR/ERV1	4031	-	112	107935787	26635
chr11	107909152	108109152	harbor1	chr11	107936199	107936255	LTR/ERV1	4031	-	28	107936227	27075
chr11	107909152	108109152	harbor1	chr11	107968207	107968282	LTR/ERV1	559	-	38	107968245	59093
chr11	107909152	108109152	harbor1	chr11	107981085	107981410	LTR/ERV1	2815	-	162	107981247	72095
chr11	107909152	108109152	harbor1	chr11	107981411	107981702	LTR/ERV1	2370	-	146	107981557	72405
chr11	107909152	108109152	harbor1	chr11	107981725	107982360	LTR/ERV1	4756	-	318	107982043	72891
chr11	107909152	108109152	harbor1	chr11	107982378	107983117	LTR/ERV1	6170	-	370	107982748	73596
chr11	5134609	5334609	harbor1	chr11	5139052	5139447	LTR/ERV1	2399	-	198	5139250	4641
chr11	5134609	5334609	harbor1	chr11	5160297	5160707	LTR/ERV1	2938	-	205	5160502	25893
chr11	5134609	5334609	harbor1	chr11	5161085	5161301	LTR/ERV1	1385	-	108	5161193	26584
chr11	5134609	5334609	harbor1	chr11	5161303	5161965	LTR/ERV1	4367	-	331	5161634	27025
chr11	5134609	5334609	harbor1	chr11	5161968	5162469	LTR/ERV1	3197	-	250	5162218	27609
chr11	5134609	5334609	harbor1	chr11	5162469	5162618	LTR/ERV1	939	-	74	5162543	27934
chr11	5134609	5334609	harbor1	chr11	5162613	5165703	LTR/ERV1	15993	-	1545	5164158	29549
chr11	5134609	5334609	harbor1	chr11	5165706	5166117	LTR/ERV1	2864	-	206	5165912	31303
chr11	5134609	5334609	harbor1	chr11	5160708	5161086	LTR/ERV1	2455	-	189	5160897	26288
chr11	5134609	5334609	harbor1	chr11	5193634	5194416	LTR/ERV1	5443	-	391	5194025	59416
chr11	5127154	5327154	harbor1	chr11	5139052	5139447	LTR/ERV1	2399	-	198	5139250	12096
chr11	5127154	5327154	harbor1	chr11	5160297	5160707	LTR/ERV1	2938	-	205	5160502	33348
chr11	5127154	5327154	harbor1	chr11	5161085	5161301	LTR/ERV1	1385	-	108	5161193	34039
chr11	5127154	5327154	harbor1	chr11	5161303	5161965	LTR/ERV1	4367	-	331	5161634	34480
chr11	5127154	5327154	harbor1	chr11	5161968	5162469	LTR/ERV1	3197	-	250	5162218	35064
chr11	5127154	5327154	harbor1	chr11	5162469	5162618	LTR/ERV1	939	-	74	5162543	35389
chr11	5127154	5327154	harbor1	chr11	5162613	5165703	LTR/ERV1	15993	-	1545	5164158	37004
chr11	5127154	5327154	harbor1	chr11	5165706	5166117	LTR/ERV1	2864	-	206	5165912	38758
chr11	5127154	5327154	harbor1	chr11	5160708	5161086	LTR/ERV1	2455	-	189	5160897	33743
chr11	5127154	5327154	harbor1	chr11	5193634	5194416	LTR/ERV1	5443	-	391	5194025	66871
chr11	5127316	5327316	harbor1	chr11	5139052	5139447	LTR/ERV1	2399	-	198	5139250	11934
chr11	5127316	5327316	harbor1	chr11	5160297	5160707	LTR/ERV1	2938	-	205	5160502	33186
chr11	5127316	5327316	harbor1	chr11	5161085	5161301	LTR/ERV1	1385	-	108	5161193	33877
chr11	5127316	5327316	harbor1	chr11	5161303	5161965	LTR/ERV1	4367	-	331	5161634	34318
chr11	5127316	5327316	harbor1	chr11	5161968	5162469	LTR/ERV1	3197	-	250	5162218	34902
chr11	5127316	5327316	harbor1	chr11	5162469	5162618	LTR/ERV1	939	-	74	5162543	35227
chr11	5127316	5327316	harbor1	chr11	5162613	5165703	LTR/ERV1	15993	-	1545	5164158	36842
chr11	5127316	5327316	harbor1	chr11	5165706	5166117	LTR/ERV1	2864	-	206	5165912	38596
chr11	5127316	5327316	harbor1	chr11	5160708	5161086	LTR/ERV1	2455	-	189	5160897	33581
chr11	5127316	5327316	harbor1	chr11	5193634	5194416	LTR/ERV1	5443	-	391	5194025	66709
chr11	5131436	5331436	harbor1	chr11	5139052	5139447	LTR/ERV1	2399	-	198	5139250	7814
chr11	5131436	5331436	harbor1	chr11	5160297	5160707	LTR/ERV1	2938	-	205	5160502	29066
chr11	5131436	5331436	harbor1	chr11	5161085	5161301	LTR/ERV1	1385	-	108	5161193	29757
chr11	5131436	5331436	harbor1	chr11	5161303	5161965	LTR/ERV1	4367	-	331	5161634	30198
chr11	5131436	5331436	harbor1	chr11	5161968	5162469	LTR/ERV1	3197	-	250	5162218	30782
chr11	5131436	5331436	harbor1	chr11	5162469	5162618	LTR/ERV1	939	-	74	5162543	31107
chr11	5131436	5331436	harbor1	chr11	5162613	5165703	LTR/ERV1	15993	-	1545	5164158	32722
chr11	5131436	5331436	harbor1	chr11	5165706	5166117	LTR/ERV1	2864	-	206	5165912	34476
chr11	5131436	5331436	harbor1	chr11	5160708	5161086	LTR/ERV1	2455	-	189	5160897	29461
chr11	5131436	5331436	harbor1	chr11	5193634	5194416	LTR/ERV1	5443	-	391	5194025	62589
chr11	5127298	5327298	harbor1	chr11	5139052	5139447	LTR/ERV1	2399	-	198	5139250	11952
chr11	5127298	5327298	harbor1	chr11	5160297	5160707	LTR/ERV1	2938	-	205	5160502	33204
chr11	5127298	5327298	harbor1	chr11	5161085	5161301	LTR/ERV1	1385	-	108	5161193	33895
chr11	5127298	5327298	harbor1	chr11	5161303	5161965	LTR/ERV1	4367	-	331	5161634	34336
chr11	5127298	5327298	harbor1	chr11	5161968	5162469	LTR/ERV1	3197	-	250	5162218	34920
chr11	5127298	5327298	harbor1	chr11	5162469	5162618	LTR/ERV1	939	-	74	5162543	35245
chr11	5127298	5327298	harbor1	chr11	5162613	5165703	LTR/ERV1	15993	-	1545	5164158	36860
chr11	5127298	5327298	harbor1	chr11	5165706	5166117	LTR/ERV1	2864	-	206	5165912	38614
chr11	5127298	5327298	harbor1	chr11	5160708	5161086	LTR/ERV1	2455	-	189	5160897	33599
chr11	5127298	5327298	harbor1	chr11	5193634	5194416	LTR/ERV1	5443	-	391	5194025	66727
chr11	5134612	5334612	harbor1	chr11	5139052	5139447	LTR/ERV1	2399	-	198	5139250	4638
chr11	5134612	5334612	harbor1	chr11	5160297	5160707	LTR/ERV1	2938	-	205	5160502	25890
chr11	5134612	5334612	harbor1	chr11	5161085	5161301	LTR/ERV1	1385	-	108	5161193	26581
chr11	5134612	5334612	harbor1	chr11	5161303	5161965	LTR/ERV1	4367	-	331	5161634	27022
chr11	5134612	5334612	harbor1	chr11	5161968	5162469	LTR/ERV1	3197	-	250	5162218	27606
chr11	5134612	5334612	harbor1	chr11	5162469	5162618	LTR/ERV1	939	-	74	5162543	27931
chr11	5134612	5334612	harbor1	chr11	5162613	5165703	LTR/ERV1	15993	-	1545	5164158	29546
chr11	5134612	5334612	harbor1	chr11	5165706	5166117	LTR/ERV1	2864	-	206	5165912	31300
chr11	5134612	5334612	harbor1	chr11	5160708	5161086	LTR/ERV1	2455	-	189	5160897	26285
chr11	5134612	5334612	harbor1	chr11	5193634	5194416	LTR/ERV1	5443	-	391	5194025	59413
chr11	74201768	74401768	harbor1	chr11	74204497	74205021	LTR/ERV1	2120	-	262	74204759	2991
chr11	74201768	74401768	harbor1	chr11	74260928	74261562	LTR/ERV1	3005	-	317	74261245	59477
chr11	5134643	5334643	harbor1	chr11	5139052	5139447	LTR/ERV1	2399	-	198	5139250	4607
chr11	5134643	5334643	harbor1	chr11	5160297	5160707	LTR/ERV1	2938	-	205	5160502	25859
chr11	5134643	5334643	harbor1	chr11	5161085	5161301	LTR/ERV1	1385	-	108	5161193	26550
chr11	5134643	5334643	harbor1	chr11	5161303	5161965	LTR/ERV1	4367	-	331	5161634	26991
chr11	5134643	5334643	harbor1	chr11	5161968	5162469	LTR/ERV1	3197	-	250	5162218	27575
chr11	5134643	5334643	harbor1	chr11	5162469	5162618	LTR/ERV1	939	-	74	5162543	27900
chr11	5134643	5334643	harbor1	chr11	5162613	5165703	LTR/ERV1	15993	-	1545	5164158	29515
chr11	5134643	5334643	harbor1	chr11	5165706	5166117	LTR/ERV1	2864	-	206	5165912	31269
chr11	5134643	5334643	harbor1	chr11	5160708	5161086	LTR/ERV1	2455	-	189	5160897	26254
chr11	5134643	5334643	harbor1	chr11	5193634	5194416	LTR/ERV1	5443	-	391	5194025	59382
chr11	43448357	43648357	harbor1	chr11	43505514	43505939	LTR/ERV1	3074	-	212	43505726	57369
chr11	133199713	133399713	harbor1	chr11	133295593	133295691	LTR/ERV1	484	-	49	133295642	95929
chr11	5127228	5327228	harbor1	chr11	5139052	5139447	LTR/ERV1	2399	-	198	5139250	12022
chr11	5127228	5327228	harbor1	chr11	5160297	5160707	LTR/ERV1	2938	-	205	5160502	33274
chr11	5127228	5327228	harbor1	chr11	5161085	5161301	LTR/ERV1	1385	-	108	5161193	33965
chr11	5127228	5327228	harbor1	chr11	5161303	5161965	LTR/ERV1	4367	-	331	5161634	34406
chr11	5127228	5327228	harbor1	chr11	5161968	5162469	LTR/ERV1	3197	-	250	5162218	34990
chr11	5127228	5327228	harbor1	chr11	5162469	5162618	LTR/ERV1	939	-	74	5162543	35315
chr11	5127228	5327228	harbor1	chr11	5162613	5165703	LTR/ERV1	15993	-	1545	5164158	36930
chr11	5127228	5327228	harbor1	chr11	5165706	5166117	LTR/ERV1	2864	-	206	5165912	38684
chr11	5127228	5327228	harbor1	chr11	5160708	5161086	LTR/ERV1	2455	-	189	5160897	33669
chr11	5127228	5327228	harbor1	chr11	5193634	5194416	LTR/ERV1	5443	-	391	5194025	66797
chr11	5127118	5327118	harbor1	chr11	5139052	5139447	LTR/ERV1	2399	-	198	5139250	12132
chr11	5127118	5327118	harbor1	chr11	5160297	5160707	LTR/ERV1	2938	-	205	5160502	33384
chr11	5127118	5327118	harbor1	chr11	5161085	5161301	LTR/ERV1	1385	-	108	5161193	34075
chr11	5127118	5327118	harbor1	chr11	5161303	5161965	LTR/ERV1	4367	-	331	5161634	34516
chr11	5127118	5327118	harbor1	chr11	5161968	5162469	LTR/ERV1	3197	-	250	5162218	35100
chr11	5127118	5327118	harbor1	chr11	5162469	5162618	LTR/ERV1	939	-	74	5162543	35425
chr11	5127118	5327118	harbor1	chr11	5162613	5165703	LTR/ERV1	15993	-	1545	5164158	37040
chr11	5127118	5327118	harbor1	chr11	5165706	5166117	LTR/ERV1	2864	-	206	5165912	38794
chr11	5127118	5327118	harbor1	chr11	5160708	5161086	LTR/ERV1	2455	-	189	5160897	33779
chr11	5127118	5327118	harbor1	chr11	5193634	5194416	LTR/ERV1	5443	-	391	5194025	66907
chr11	5127079	5327079	harbor1	chr11	5139052	5139447	LTR/ERV1	2399	-	198	5139250	12171
chr11	5127079	5327079	harbor1	chr11	5160297	5160707	LTR/ERV1	2938	-	205	5160502	33423
chr11	5127079	5327079	harbor1	chr11	5161085	5161301	LTR/ERV1	1385	-	108	5161193	34114
chr11	5127079	5327079	harbor1	chr11	5161303	5161965	LTR/ERV1	4367	-	331	5161634	34555
chr11	5127079	5327079	harbor1	chr11	5161968	5162469	LTR/ERV1	3197	-	250	5162218	35139
chr11	5127079	5327079	harbor1	chr11	5162469	5162618	LTR/ERV1	939	-	74	5162543	35464
chr11	5127079	5327079	harbor1	chr11	5162613	5165703	LTR/ERV1	15993	-	1545	5164158	37079
chr11	5127079	5327079	harbor1	chr11	5165706	5166117	LTR/ERV1	2864	-	206	5165912	38833
chr11	5127079	5327079	harbor1	chr11	5160708	5161086	LTR/ERV1	2455	-	189	5160897	33818
chr11	5127079	5327079	harbor1	chr11	5193634	5194416	LTR/ERV1	5443	-	391	5194025	66946
chr11	5127261	5327261	harbor1	chr11	5139052	5139447	LTR/ERV1	2399	-	198	5139250	11989
chr11	5127261	5327261	harbor1	chr11	5160297	5160707	LTR/ERV1	2938	-	205	5160502	33241
chr11	5127261	5327261	harbor1	chr11	5161085	5161301	LTR/ERV1	1385	-	108	5161193	33932
chr11	5127261	5327261	harbor1	chr11	5161303	5161965	LTR/ERV1	4367	-	331	5161634	34373
chr11	5127261	5327261	harbor1	chr11	5161968	5162469	LTR/ERV1	3197	-	250	5162218	34957
chr11	5127261	5327261	harbor1	chr11	5162469	5162618	LTR/ERV1	939	-	74	5162543	35282
chr11	5127261	5327261	harbor1	chr11	5162613	5165703	LTR/ERV1	15993	-	1545	5164158	36897
chr11	5127261	5327261	harbor1	chr11	5165706	5166117	LTR/ERV1	2864	-	206	5165912	38651
chr11	5127261	5327261	harbor1	chr11	5160708	5161086	LTR/ERV1	2455	-	189	5160897	33636
chr11	5127261	5327261	harbor1	chr11	5193634	5194416	LTR/ERV1	5443	-	391	5194025	66764
chr11	5127282	5327282	harbor1	chr11	5139052	5139447	LTR/ERV1	2399	-	198	5139250	11968
chr11	5127282	5327282	harbor1	chr11	5160297	5160707	LTR/ERV1	2938	-	205	5160502	33220
chr11	5127282	5327282	harbor1	chr11	5161085	5161301	LTR/ERV1	1385	-	108	5161193	33911
chr11	5127282	5327282	harbor1	chr11	5161303	5161965	LTR/ERV1	4367	-	331	5161634	34352
chr11	5127282	5327282	harbor1	chr11	5161968	5162469	LTR/ERV1	3197	-	250	5162218	34936
chr11	5127282	5327282	harbor1	chr11	5162469	5162618	LTR/ERV1	939	-	74	5162543	35261
chr11	5127282	5327282	harbor1	chr11	5162613	5165703	LTR/ERV1	15993	-	1545	5164158	36876
chr11	5127282	5327282	harbor1	chr11	5165706	5166117	LTR/ERV1	2864	-	206	5165912	38630
chr11	5127282	5327282	harbor1	chr11	5160708	5161086	LTR/ERV1	2455	-	189	5160897	33615
chr11	5127282	5327282	harbor1	chr11	5193634	5194416	LTR/ERV1	5443	-	391	5194025	66743
chr11	45786319	45986319	harbor1	chr11	45833846	45834272	LTR/ERV1	3044	-	213	45834059	47740
chr11	45786319	45986319	harbor1	chr11	45841983	45842413	LTR/ERV1	3050	-	215	45842198	55879
chr11	5127153	5327153	harbor1	chr11	5139052	5139447	LTR/ERV1	2399	-	198	5139250	12097
chr11	5127153	5327153	harbor1	chr11	5160297	5160707	LTR/ERV1	2938	-	205	5160502	33349
chr11	5127153	5327153	harbor1	chr11	5161085	5161301	LTR/ERV1	1385	-	108	5161193	34040
chr11	5127153	5327153	harbor1	chr11	5161303	5161965	LTR/ERV1	4367	-	331	5161634	34481
chr11	5127153	5327153	harbor1	chr11	5161968	5162469	LTR/ERV1	3197	-	250	5162218	35065
chr11	5127153	5327153	harbor1	chr11	5162469	5162618	LTR/ERV1	939	-	74	5162543	35390
chr11	5127153	5327153	harbor1	chr11	5162613	5165703	LTR/ERV1	15993	-	1545	5164158	37005
chr11	5127153	5327153	harbor1	chr11	5165706	5166117	LTR/ERV1	2864	-	206	5165912	38759
chr11	5127153	5327153	harbor1	chr11	5160708	5161086	LTR/ERV1	2455	-	189	5160897	33744
chr11	5127153	5327153	harbor1	chr11	5193634	5194416	LTR/ERV1	5443	-	391	5194025	66872
chr11	5127126	5327126	harbor1	chr11	5139052	5139447	LTR/ERV1	2399	-	198	5139250	12124
chr11	5127126	5327126	harbor1	chr11	5160297	5160707	LTR/ERV1	2938	-	205	5160502	33376
chr11	5127126	5327126	harbor1	chr11	5161085	5161301	LTR/ERV1	1385	-	108	5161193	34067
chr11	5127126	5327126	harbor1	chr11	5161303	5161965	LTR/ERV1	4367	-	331	5161634	34508
chr11	5127126	5327126	harbor1	chr11	5161968	5162469	LTR/ERV1	3197	-	250	5162218	35092
chr11	5127126	5327126	harbor1	chr11	5162469	5162618	LTR/ERV1	939	-	74	5162543	35417
chr11	5127126	5327126	harbor1	chr11	5162613	5165703	LTR/ERV1	15993	-	1545	5164158	37032
chr11	5127126	5327126	harbor1	chr11	5165706	5166117	LTR/ERV1	2864	-	206	5165912	38786
chr11	5127126	5327126	harbor1	chr11	5160708	5161086	LTR/ERV1	2455	-	189	5160897	33771
chr11	5127126	5327126	harbor1	chr11	5193634	5194416	LTR/ERV1	5443	-	391	5194025	66899
chr11	5029745	5229745	harbor1	chr11	5087216	5087714	LTR/ERV1	1321	-	249	5087465	57720
chr11	5127166	5327166	harbor1	chr11	5139052	5139447	LTR/ERV1	2399	-	198	5139250	12084
chr11	5127166	5327166	harbor1	chr11	5160297	5160707	LTR/ERV1	2938	-	205	5160502	33336
chr11	5127166	5327166	harbor1	chr11	5161085	5161301	LTR/ERV1	1385	-	108	5161193	34027
chr11	5127166	5327166	harbor1	chr11	5161303	5161965	LTR/ERV1	4367	-	331	5161634	34468
chr11	5127166	5327166	harbor1	chr11	5161968	5162469	LTR/ERV1	3197	-	250	5162218	35052
chr11	5127166	5327166	harbor1	chr11	5162469	5162618	LTR/ERV1	939	-	74	5162543	35377
chr11	5127166	5327166	harbor1	chr11	5162613	5165703	LTR/ERV1	15993	-	1545	5164158	36992
chr11	5127166	5327166	harbor1	chr11	5165706	5166117	LTR/ERV1	2864	-	206	5165912	38746
chr11	5127166	5327166	harbor1	chr11	5160708	5161086	LTR/ERV1	2455	-	189	5160897	33731
chr11	5127166	5327166	harbor1	chr11	5193634	5194416	LTR/ERV1	5443	-	391	5194025	66859
chr11	5125272	5325272	harbor1	chr11	5139052	5139447	LTR/ERV1	2399	-	198	5139250	13978
chr11	5125272	5325272	harbor1	chr11	5160297	5160707	LTR/ERV1	2938	-	205	5160502	35230
chr11	5125272	5325272	harbor1	chr11	5161085	5161301	LTR/ERV1	1385	-	108	5161193	35921
chr11	5125272	5325272	harbor1	chr11	5161303	5161965	LTR/ERV1	4367	-	331	5161634	36362
chr11	5125272	5325272	harbor1	chr11	5161968	5162469	LTR/ERV1	3197	-	250	5162218	36946
chr11	5125272	5325272	harbor1	chr11	5162469	5162618	LTR/ERV1	939	-	74	5162543	37271
chr11	5125272	5325272	harbor1	chr11	5162613	5165703	LTR/ERV1	15993	-	1545	5164158	38886
chr11	5125272	5325272	harbor1	chr11	5165706	5166117	LTR/ERV1	2864	-	206	5165912	40640
chr11	5125272	5325272	harbor1	chr11	5160708	5161086	LTR/ERV1	2455	-	189	5160897	35625
chr11	5125272	5325272	harbor1	chr11	5193634	5194416	LTR/ERV1	5443	-	391	5194025	68753
chr11	5126765	5326765	harbor1	chr11	5139052	5139447	LTR/ERV1	2399	-	198	5139250	12485
chr11	5126765	5326765	harbor1	chr11	5160297	5160707	LTR/ERV1	2938	-	205	5160502	33737
chr11	5126765	5326765	harbor1	chr11	5161085	5161301	LTR/ERV1	1385	-	108	5161193	34428
chr11	5126765	5326765	harbor1	chr11	5161303	5161965	LTR/ERV1	4367	-	331	5161634	34869
chr11	5126765	5326765	harbor1	chr11	5161968	5162469	LTR/ERV1	3197	-	250	5162218	35453
chr11	5126765	5326765	harbor1	chr11	5162469	5162618	LTR/ERV1	939	-	74	5162543	35778
chr11	5126765	5326765	harbor1	chr11	5162613	5165703	LTR/ERV1	15993	-	1545	5164158	37393
chr11	5126765	5326765	harbor1	chr11	5165706	5166117	LTR/ERV1	2864	-	206	5165912	39147
chr11	5126765	5326765	harbor1	chr11	5160708	5161086	LTR/ERV1	2455	-	189	5160897	34132
chr11	5126765	5326765	harbor1	chr11	5193634	5194416	LTR/ERV1	5443	-	391	5194025	67260
chr11	5132426	5332426	harbor1	chr11	5139052	5139447	LTR/ERV1	2399	-	198	5139250	6824
chr11	5132426	5332426	harbor1	chr11	5160297	5160707	LTR/ERV1	2938	-	205	5160502	28076
chr11	5132426	5332426	harbor1	chr11	5161085	5161301	LTR/ERV1	1385	-	108	5161193	28767
chr11	5132426	5332426	harbor1	chr11	5161303	5161965	LTR/ERV1	4367	-	331	5161634	29208
chr11	5132426	5332426	harbor1	chr11	5161968	5162469	LTR/ERV1	3197	-	250	5162218	29792
chr11	5132426	5332426	harbor1	chr11	5162469	5162618	LTR/ERV1	939	-	74	5162543	30117
chr11	5132426	5332426	harbor1	chr11	5162613	5165703	LTR/ERV1	15993	-	1545	5164158	31732
chr11	5132426	5332426	harbor1	chr11	5165706	5166117	LTR/ERV1	2864	-	206	5165912	33486
chr11	5132426	5332426	harbor1	chr11	5160708	5161086	LTR/ERV1	2455	-	189	5160897	28471
chr11	5132426	5332426	harbor1	chr11	5193634	5194416	LTR/ERV1	5443	-	391	5194025	61599
chr11	65109998	65309998	harbor1	chr11	65123341	65123452	LTR/ERV1	2424	-	56	65123397	13399
chr11	65109998	65309998	harbor1	chr11	65123762	65123882	LTR/ERV1	2424	-	60	65123822	13824
chr11	65109998	65309998	harbor1	chr11	65124187	65124375	LTR/ERV1	2424	-	94	65124281	14283
chr11	65109998	65309998	harbor1	chr11	65146593	65147064	LTR/ERV1	3051	-	236	65146829	36831
chr11	65109998	65309998	harbor1	chr11	65185051	65185628	LTR/ERV1	3832	-	288	65185339	75341
chr11	5127151	5327151	harbor1	chr11	5139052	5139447	LTR/ERV1	2399	-	198	5139250	12099
chr11	5127151	5327151	harbor1	chr11	5160297	5160707	LTR/ERV1	2938	-	205	5160502	33351
chr11	5127151	5327151	harbor1	chr11	5161085	5161301	LTR/ERV1	1385	-	108	5161193	34042
chr11	5127151	5327151	harbor1	chr11	5161303	5161965	LTR/ERV1	4367	-	331	5161634	34483
chr11	5127151	5327151	harbor1	chr11	5161968	5162469	LTR/ERV1	3197	-	250	5162218	35067
chr11	5127151	5327151	harbor1	chr11	5162469	5162618	LTR/ERV1	939	-	74	5162543	35392
chr11	5127151	5327151	harbor1	chr11	5162613	5165703	LTR/ERV1	15993	-	1545	5164158	37007
chr11	5127151	5327151	harbor1	chr11	5165706	5166117	LTR/ERV1	2864	-	206	5165912	38761
chr11	5127151	5327151	harbor1	chr11	5160708	5161086	LTR/ERV1	2455	-	189	5160897	33746
chr11	5127151	5327151	harbor1	chr11	5193634	5194416	LTR/ERV1	5443	-	391	5194025	66874
chr11	5127128	5327128	harbor1	chr11	5139052	5139447	LTR/ERV1	2399	-	198	5139250	12122
chr11	5127128	5327128	harbor1	chr11	5160297	5160707	LTR/ERV1	2938	-	205	5160502	33374
chr11	5127128	5327128	harbor1	chr11	5161085	5161301	LTR/ERV1	1385	-	108	5161193	34065
chr11	5127128	5327128	harbor1	chr11	5161303	5161965	LTR/ERV1	4367	-	331	5161634	34506
chr11	5127128	5327128	harbor1	chr11	5161968	5162469	LTR/ERV1	3197	-	250	5162218	35090
chr11	5127128	5327128	harbor1	chr11	5162469	5162618	LTR/ERV1	939	-	74	5162543	35415
chr11	5127128	5327128	harbor1	chr11	5162613	5165703	LTR/ERV1	15993	-	1545	5164158	37030
chr11	5127128	5327128	harbor1	chr11	5165706	5166117	LTR/ERV1	2864	-	206	5165912	38784
chr11	5127128	5327128	harbor1	chr11	5160708	5161086	LTR/ERV1	2455	-	189	5160897	33769
chr11	5127128	5327128	harbor1	chr11	5193634	5194416	LTR/ERV1	5443	-	391	5194025	66897
chr11	682162	882162	harbor1	chr11	738111	738346	LTR/ERV1	1321	-	118	738229	56067
chr11	682162	882162	harbor1	chr11	738661	738764	LTR/ERV1	1321	-	52	738713	56551
chr11	682162	882162	harbor1	chr11	741578	741901	LTR/ERV1	3120	-	162	741740	59578
chr11	682162	882162	harbor1	chr11	742205	742432	LTR/ERV1	3120	-	114	742319	60157
chr11	682162	882162	harbor1	chr11	751263	751386	LTR/ERV1	691	-	62	751325	69163
chr11	682162	882162	harbor1	chr11	754967	755135	LTR/ERV1	965	-	84	755051	72889
chr11	682162	882162	harbor1	chr11	755443	755515	LTR/ERV1	965	-	36	755479	73317
chr11	5134590	5334590	harbor1	chr11	5139052	5139447	LTR/ERV1	2399	-	198	5139250	4660
chr11	5134590	5334590	harbor1	chr11	5160297	5160707	LTR/ERV1	2938	-	205	5160502	25912
chr11	5134590	5334590	harbor1	chr11	5161085	5161301	LTR/ERV1	1385	-	108	5161193	26603
chr11	5134590	5334590	harbor1	chr11	5161303	5161965	LTR/ERV1	4367	-	331	5161634	27044
chr11	5134590	5334590	harbor1	chr11	5161968	5162469	LTR/ERV1	3197	-	250	5162218	27628
chr11	5134590	5334590	harbor1	chr11	5162469	5162618	LTR/ERV1	939	-	74	5162543	27953
chr11	5134590	5334590	harbor1	chr11	5162613	5165703	LTR/ERV1	15993	-	1545	5164158	29568
chr11	5134590	5334590	harbor1	chr11	5165706	5166117	LTR/ERV1	2864	-	206	5165912	31322
chr11	5134590	5334590	harbor1	chr11	5160708	5161086	LTR/ERV1	2455	-	189	5160897	26307
chr11	5134590	5334590	harbor1	chr11	5193634	5194416	LTR/ERV1	5443	-	391	5194025	59435
chr11	76580343	76780343	harbor1	chr11	76607926	76609594	LTR/ERV1	11116	-	834	76608760	28417
chr11	5134611	5334611	harbor1	chr11	5139052	5139447	LTR/ERV1	2399	-	198	5139250	4639
chr11	5134611	5334611	harbor1	chr11	5160297	5160707	LTR/ERV1	2938	-	205	5160502	25891
chr11	5134611	5334611	harbor1	chr11	5161085	5161301	LTR/ERV1	1385	-	108	5161193	26582
chr11	5134611	5334611	harbor1	chr11	5161303	5161965	LTR/ERV1	4367	-	331	5161634	27023
chr11	5134611	5334611	harbor1	chr11	5161968	5162469	LTR/ERV1	3197	-	250	5162218	27607
chr11	5134611	5334611	harbor1	chr11	5162469	5162618	LTR/ERV1	939	-	74	5162543	27932
chr11	5134611	5334611	harbor1	chr11	5162613	5165703	LTR/ERV1	15993	-	1545	5164158	29547
chr11	5134611	5334611	harbor1	chr11	5165706	5166117	LTR/ERV1	2864	-	206	5165912	31301
chr11	5134611	5334611	harbor1	chr11	5160708	5161086	LTR/ERV1	2455	-	189	5160897	26286
chr11	5134611	5334611	harbor1	chr11	5193634	5194416	LTR/ERV1	5443	-	391	5194025	59414
chr11	108021604	108221604	harbor1	chr11	108113521	108113965	LTR/ERV1	1501	-	222	108113743	92139
chr11	63739535	63939535	harbor1	chr11	63809705	63809931	LTR/ERV1	583	-	113	63809818	70283
chr11	64537961	64737961	harbor1	chr11	64537931	64538187	LTR/ERV1	1264	-	128	64538059	98
chr11	64537961	64737961	harbor1	chr11	64538498	64538619	LTR/ERV1	1264	-	60	64538558	597
chr11	64537961	64737961	harbor1	chr11	64541605	64541723	LTR/ERV1	2975	-	59	64541664	3703
chr11	64537961	64737961	harbor1	chr11	64542035	64542483	LTR/ERV1	2975	-	224	64542259	4298
chr11	64537961	64737961	harbor1	chr11	64556702	64556968	LTR/ERV1	1431	-	133	64556835	18874
chr11	5127270	5327270	harbor1	chr11	5139052	5139447	LTR/ERV1	2399	-	198	5139250	11980
chr11	5127270	5327270	harbor1	chr11	5160297	5160707	LTR/ERV1	2938	-	205	5160502	33232
chr11	5127270	5327270	harbor1	chr11	5161085	5161301	LTR/ERV1	1385	-	108	5161193	33923
chr11	5127270	5327270	harbor1	chr11	5161303	5161965	LTR/ERV1	4367	-	331	5161634	34364
chr11	5127270	5327270	harbor1	chr11	5161968	5162469	LTR/ERV1	3197	-	250	5162218	34948
chr11	5127270	5327270	harbor1	chr11	5162469	5162618	LTR/ERV1	939	-	74	5162543	35273
chr11	5127270	5327270	harbor1	chr11	5162613	5165703	LTR/ERV1	15993	-	1545	5164158	36888
chr11	5127270	5327270	harbor1	chr11	5165706	5166117	LTR/ERV1	2864	-	206	5165912	38642
chr11	5127270	5327270	harbor1	chr11	5160708	5161086	LTR/ERV1	2455	-	189	5160897	33627
chr11	5127270	5327270	harbor1	chr11	5193634	5194416	LTR/ERV1	5443	-	391	5194025	66755
chr11	65948237	66148237	harbor1	chr11	65954846	65955074	LTR/ERV1	496	-	114	65954960	6723
chr11	65476370	65676370	harbor1	chr11	65478398	65478780	LTR/ERV1	2204	-	191	65478589	2219
chr11	65476370	65676370	harbor1	chr11	65483418	65483610	LTR/ERV1	1141	-	96	65483514	7144
chr11	65476370	65676370	harbor1	chr11	65483955	65484159	LTR/ERV1	1141	-	102	65484057	7687
chr11	65476370	65676370	harbor1	chr11	65485054	65485110	LTR/ERV1	646	-	28	65485082	8712
chr11	65476370	65676370	harbor1	chr11	65485413	65485854	LTR/ERV1	1560	-	220	65485633	9263
chr11	9514217	9714217	harbor1	chr11	9597290	9597414	LTR/ERV1	3520	-	62	9597352	83135
chr11	9514217	9714217	harbor1	chr11	9597711	9597937	LTR/ERV1	3520	-	113	9597824	83607
chr11	9514217	9714217	harbor1	chr11	9598245	9598422	LTR/ERV1	3520	-	88	9598333	84116
chr11	9514217	9714217	harbor1	chr11	9598733	9598781	LTR/ERV1	3520	-	24	9598757	84540
chr11	5134672	5334672	harbor1	chr11	5139052	5139447	LTR/ERV1	2399	-	198	5139250	4578
chr11	5134672	5334672	harbor1	chr11	5160297	5160707	LTR/ERV1	2938	-	205	5160502	25830
chr11	5134672	5334672	harbor1	chr11	5161085	5161301	LTR/ERV1	1385	-	108	5161193	26521
chr11	5134672	5334672	harbor1	chr11	5161303	5161965	LTR/ERV1	4367	-	331	5161634	26962
chr11	5134672	5334672	harbor1	chr11	5161968	5162469	LTR/ERV1	3197	-	250	5162218	27546
chr11	5134672	5334672	harbor1	chr11	5162469	5162618	LTR/ERV1	939	-	74	5162543	27871
chr11	5134672	5334672	harbor1	chr11	5162613	5165703	LTR/ERV1	15993	-	1545	5164158	29486
chr11	5134672	5334672	harbor1	chr11	5165706	5166117	LTR/ERV1	2864	-	206	5165912	31240
chr11	5134672	5334672	harbor1	chr11	5160708	5161086	LTR/ERV1	2455	-	189	5160897	26225
chr11	5134672	5334672	harbor1	chr11	5193634	5194416	LTR/ERV1	5443	-	391	5194025	59353
chr11	5134217	5334217	harbor1	chr11	5139052	5139447	LTR/ERV1	2399	-	198	5139250	5033
chr11	5134217	5334217	harbor1	chr11	5160297	5160707	LTR/ERV1	2938	-	205	5160502	26285
chr11	5134217	5334217	harbor1	chr11	5161085	5161301	LTR/ERV1	1385	-	108	5161193	26976
chr11	5134217	5334217	harbor1	chr11	5161303	5161965	LTR/ERV1	4367	-	331	5161634	27417
chr11	5134217	5334217	harbor1	chr11	5161968	5162469	LTR/ERV1	3197	-	250	5162218	28001
chr11	5134217	5334217	harbor1	chr11	5162469	5162618	LTR/ERV1	939	-	74	5162543	28326
chr11	5134217	5334217	harbor1	chr11	5162613	5165703	LTR/ERV1	15993	-	1545	5164158	29941
chr11	5134217	5334217	harbor1	chr11	5165706	5166117	LTR/ERV1	2864	-	206	5165912	31695
chr11	5134217	5334217	harbor1	chr11	5160708	5161086	LTR/ERV1	2455	-	189	5160897	26680
chr11	5134217	5334217	harbor1	chr11	5193634	5194416	LTR/ERV1	5443	-	391	5194025	59808
chr11	5134433	5334433	harbor1	chr11	5139052	5139447	LTR/ERV1	2399	-	198	5139250	4817
chr11	5134433	5334433	harbor1	chr11	5160297	5160707	LTR/ERV1	2938	-	205	5160502	26069
chr11	5134433	5334433	harbor1	chr11	5161085	5161301	LTR/ERV1	1385	-	108	5161193	26760
chr11	5134433	5334433	harbor1	chr11	5161303	5161965	LTR/ERV1	4367	-	331	5161634	27201
chr11	5134433	5334433	harbor1	chr11	5161968	5162469	LTR/ERV1	3197	-	250	5162218	27785
chr11	5134433	5334433	harbor1	chr11	5162469	5162618	LTR/ERV1	939	-	74	5162543	28110
chr11	5134433	5334433	harbor1	chr11	5162613	5165703	LTR/ERV1	15993	-	1545	5164158	29725
chr11	5134433	5334433	harbor1	chr11	5165706	5166117	LTR/ERV1	2864	-	206	5165912	31479
chr11	5134433	5334433	harbor1	chr11	5160708	5161086	LTR/ERV1	2455	-	189	5160897	26464
chr11	5134433	5334433	harbor1	chr11	5193634	5194416	LTR/ERV1	5443	-	391	5194025	59592
chr11	461170	661170	harbor1	chr11	512802	512904	LTR/ERV1	402	-	51	512853	51683
chr11	5132683	5332683	harbor1	chr11	5139052	5139447	LTR/ERV1	2399	-	198	5139250	6567
chr11	5132683	5332683	harbor1	chr11	5160297	5160707	LTR/ERV1	2938	-	205	5160502	27819
chr11	5132683	5332683	harbor1	chr11	5161085	5161301	LTR/ERV1	1385	-	108	5161193	28510
chr11	5132683	5332683	harbor1	chr11	5161303	5161965	LTR/ERV1	4367	-	331	5161634	28951
chr11	5132683	5332683	harbor1	chr11	5161968	5162469	LTR/ERV1	3197	-	250	5162218	29535
chr11	5132683	5332683	harbor1	chr11	5162469	5162618	LTR/ERV1	939	-	74	5162543	29860
chr11	5132683	5332683	harbor1	chr11	5162613	5165703	LTR/ERV1	15993	-	1545	5164158	31475
chr11	5132683	5332683	harbor1	chr11	5165706	5166117	LTR/ERV1	2864	-	206	5165912	33229
chr11	5132683	5332683	harbor1	chr11	5160708	5161086	LTR/ERV1	2455	-	189	5160897	28214
chr11	5132683	5332683	harbor1	chr11	5193634	5194416	LTR/ERV1	5443	-	391	5194025	61342
chr11	5128063	5328063	harbor1	chr11	5139052	5139447	LTR/ERV1	2399	-	198	5139250	11187
chr11	5128063	5328063	harbor1	chr11	5160297	5160707	LTR/ERV1	2938	-	205	5160502	32439
chr11	5128063	5328063	harbor1	chr11	5161085	5161301	LTR/ERV1	1385	-	108	5161193	33130
chr11	5128063	5328063	harbor1	chr11	5161303	5161965	LTR/ERV1	4367	-	331	5161634	33571
chr11	5128063	5328063	harbor1	chr11	5161968	5162469	LTR/ERV1	3197	-	250	5162218	34155
chr11	5128063	5328063	harbor1	chr11	5162469	5162618	LTR/ERV1	939	-	74	5162543	34480
chr11	5128063	5328063	harbor1	chr11	5162613	5165703	LTR/ERV1	15993	-	1545	5164158	36095
chr11	5128063	5328063	harbor1	chr11	5165706	5166117	LTR/ERV1	2864	-	206	5165912	37849
chr11	5128063	5328063	harbor1	chr11	5160708	5161086	LTR/ERV1	2455	-	189	5160897	32834
chr11	5128063	5328063	harbor1	chr11	5193634	5194416	LTR/ERV1	5443	-	391	5194025	65962
chr11	76580230	76780230	harbor1	chr11	76607926	76609594	LTR/ERV1	11116	-	834	76608760	28530
chr11	108021628	108221628	harbor1	chr11	108113521	108113965	LTR/ERV1	1501	-	222	108113743	92115
chr11	108021537	108221537	harbor1	chr11	108113521	108113965	LTR/ERV1	1501	-	222	108113743	92206
chr11	5127315	5327315	harbor1	chr11	5139052	5139447	LTR/ERV1	2399	-	198	5139250	11935
chr11	5127315	5327315	harbor1	chr11	5160297	5160707	LTR/ERV1	2938	-	205	5160502	33187
chr11	5127315	5327315	harbor1	chr11	5161085	5161301	LTR/ERV1	1385	-	108	5161193	33878
chr11	5127315	5327315	harbor1	chr11	5161303	5161965	LTR/ERV1	4367	-	331	5161634	34319
chr11	5127315	5327315	harbor1	chr11	5161968	5162469	LTR/ERV1	3197	-	250	5162218	34903
chr11	5127315	5327315	harbor1	chr11	5162469	5162618	LTR/ERV1	939	-	74	5162543	35228
chr11	5127315	5327315	harbor1	chr11	5162613	5165703	LTR/ERV1	15993	-	1545	5164158	36843
chr11	5127315	5327315	harbor1	chr11	5165706	5166117	LTR/ERV1	2864	-	206	5165912	38597
chr11	5127315	5327315	harbor1	chr11	5160708	5161086	LTR/ERV1	2455	-	189	5160897	33582
chr11	5127315	5327315	harbor1	chr11	5193634	5194416	LTR/ERV1	5443	-	391	5194025	66710
chr11	5126814	5326814	harbor1	chr11	5139052	5139447	LTR/ERV1	2399	-	198	5139250	12436
chr11	5126814	5326814	harbor1	chr11	5160297	5160707	LTR/ERV1	2938	-	205	5160502	33688
chr11	5126814	5326814	harbor1	chr11	5161085	5161301	LTR/ERV1	1385	-	108	5161193	34379
chr11	5126814	5326814	harbor1	chr11	5161303	5161965	LTR/ERV1	4367	-	331	5161634	34820
chr11	5126814	5326814	harbor1	chr11	5161968	5162469	LTR/ERV1	3197	-	250	5162218	35404
chr11	5126814	5326814	harbor1	chr11	5162469	5162618	LTR/ERV1	939	-	74	5162543	35729
chr11	5126814	5326814	harbor1	chr11	5162613	5165703	LTR/ERV1	15993	-	1545	5164158	37344
chr11	5126814	5326814	harbor1	chr11	5165706	5166117	LTR/ERV1	2864	-	206	5165912	39098
chr11	5126814	5326814	harbor1	chr11	5160708	5161086	LTR/ERV1	2455	-	189	5160897	34083
chr11	5126814	5326814	harbor1	chr11	5193634	5194416	LTR/ERV1	5443	-	391	5194025	67211
chr11	46601439	46801439	harbor1	chr11	46625627	46625949	LTR/ERV1	1099	-	161	46625788	24349
chr11	46601439	46801439	harbor1	chr11	46637659	46637976	LTR/ERV1	1631	-	158	46637817	36378
chr11	46601439	46801439	harbor1	chr11	46639334	46639513	LTR/ERV1	644	-	90	46639424	37985
chr11	46601439	46801439	harbor1	chr11	46639514	46639853	LTR/ERV1	2605	-	170	46639684	38245
chr11	46601439	46801439	harbor1	chr11	46640141	46640312	LTR/ERV1	2605	-	86	46640227	38788
chr11	46601439	46801439	harbor1	chr11	46640313	46640343	LTR/ERV1	644	-	15	46640328	38889
chr11	46601439	46801439	harbor1	chr11	46642919	46643446	LTR/ERV1	1732	-	264	46643183	41744
chr11	5127068	5327068	harbor1	chr11	5139052	5139447	LTR/ERV1	2399	-	198	5139250	12182
chr11	5127068	5327068	harbor1	chr11	5160297	5160707	LTR/ERV1	2938	-	205	5160502	33434
chr11	5127068	5327068	harbor1	chr11	5161085	5161301	LTR/ERV1	1385	-	108	5161193	34125
chr11	5127068	5327068	harbor1	chr11	5161303	5161965	LTR/ERV1	4367	-	331	5161634	34566
chr11	5127068	5327068	harbor1	chr11	5161968	5162469	LTR/ERV1	3197	-	250	5162218	35150
chr11	5127068	5327068	harbor1	chr11	5162469	5162618	LTR/ERV1	939	-	74	5162543	35475
chr11	5127068	5327068	harbor1	chr11	5162613	5165703	LTR/ERV1	15993	-	1545	5164158	37090
chr11	5127068	5327068	harbor1	chr11	5165706	5166117	LTR/ERV1	2864	-	206	5165912	38844
chr11	5127068	5327068	harbor1	chr11	5160708	5161086	LTR/ERV1	2455	-	189	5160897	33829
chr11	5127068	5327068	harbor1	chr11	5193634	5194416	LTR/ERV1	5443	-	391	5194025	66957
chr11	66158730	66358730	harbor1	chr11	66183592	66184022	LTR/ERV1	2333	-	215	66183807	25077
chr11	3928045	4128045	harbor1	chr11	3970556	3970863	LTR/ERV1	1117	-	154	3970710	42665
chr11	72122635	72322635	harbor1	chr11	72122537	72123125	LTR/ERV1	2602	-	294	72122831	196
chr11	72122635	72322635	harbor1	chr11	72124074	72125099	LTR/ERV1	5204	-	512	72124586	1951
chr11	72122635	72322635	harbor1	chr11	72125101	72126828	LTR/ERV1	11623	-	864	72125965	3330
chr11	72122635	72322635	harbor1	chr11	72127114	72128542	LTR/ERV1	11623	-	714	72127828	5193
chr11	72122635	72322635	harbor1	chr11	72128533	72128616	LTR/ERV1	459	-	42	72128575	5940
chr11	72122635	72322635	harbor1	chr11	72148055	72148253	LTR/ERV1	3452	-	99	72148154	25519
chr11	72122635	72322635	harbor1	chr11	72148561	72148875	LTR/ERV1	3452	-	157	72148718	26083
chr11	72122635	72322635	harbor1	chr11	72150418	72150560	LTR/ERV1	6158	-	71	72150489	27854
chr11	72122635	72322635	harbor1	chr11	72150869	72151248	LTR/ERV1	6158	-	190	72151059	28424
chr11	72122635	72322635	harbor1	chr11	72151554	72152227	LTR/ERV1	6158	-	336	72151890	29255
chr11	72122635	72322635	harbor1	chr11	72152224	72152427	LTR/ERV1	4752	-	102	72152326	29691
chr11	72122635	72322635	harbor1	chr11	72152732	72153466	LTR/ERV1	4752	-	367	72153099	30464
chr11	72122635	72322635	harbor1	chr11	72153452	72153926	LTR/ERV1	3743	-	237	72153689	31054
chr11	72122635	72322635	harbor1	chr11	72154686	72154811	LTR/ERV1	3743	-	62	72154748	32113
chr11	72122635	72322635	harbor1	chr11	72155392	72156022	LTR/ERV1	4514	-	315	72155707	33072
chr11	72122635	72322635	harbor1	chr11	72157067	72157423	LTR/ERV1	2126	-	178	72157245	34610
chr11	72122635	72322635	harbor1	chr11	72162843	72163172	LTR/ERV1	1841	-	164	72163007	40372
chr11	72122635	72322635	harbor1	chr11	72163173	72163994	LTR/ERV1	6632	-	410	72163583	40948
chr11	72122635	72322635	harbor1	chr11	72164295	72164373	LTR/ERV1	6632	-	39	72164334	41699
chr11	72122635	72322635	harbor1	chr11	72165342	72165435	LTR/ERV1	6632	-	46	72165388	42753
chr11	72122635	72322635	harbor1	chr11	72165913	72166785	LTR/ERV1	6532	-	436	72166349	43714
chr11	72122635	72322635	harbor1	chr11	72167087	72167448	LTR/ERV1	5817	-	180	72167267	44632
chr11	72122635	72322635	harbor1	chr11	72194115	72194346	LTR/ERV1	1021	-	116	72194231	71596
chr11	72122635	72322635	harbor1	chr11	72204704	72204949	LTR/ERV1	482	-	122	72204826	82191
chr11	72122635	72322635	harbor1	chr11	72154805	72155376	LTR/ERV1	3957	-	286	72155091	32456
chr11	5127332	5327332	harbor1	chr11	5139052	5139447	LTR/ERV1	2399	-	198	5139250	11918
chr11	5127332	5327332	harbor1	chr11	5160297	5160707	LTR/ERV1	2938	-	205	5160502	33170
chr11	5127332	5327332	harbor1	chr11	5161085	5161301	LTR/ERV1	1385	-	108	5161193	33861
chr11	5127332	5327332	harbor1	chr11	5161303	5161965	LTR/ERV1	4367	-	331	5161634	34302
chr11	5127332	5327332	harbor1	chr11	5161968	5162469	LTR/ERV1	3197	-	250	5162218	34886
chr11	5127332	5327332	harbor1	chr11	5162469	5162618	LTR/ERV1	939	-	74	5162543	35211
chr11	5127332	5327332	harbor1	chr11	5162613	5165703	LTR/ERV1	15993	-	1545	5164158	36826
chr11	5127332	5327332	harbor1	chr11	5165706	5166117	LTR/ERV1	2864	-	206	5165912	38580
chr11	5127332	5327332	harbor1	chr11	5160708	5161086	LTR/ERV1	2455	-	189	5160897	33565
chr11	5127332	5327332	harbor1	chr11	5193634	5194416	LTR/ERV1	5443	-	391	5194025	66693
chr11	64537990	64737990	harbor1	chr11	64537931	64538187	LTR/ERV1	1264	-	128	64538059	69
chr11	64537990	64737990	harbor1	chr11	64538498	64538619	LTR/ERV1	1264	-	60	64538558	568
chr11	64537990	64737990	harbor1	chr11	64541605	64541723	LTR/ERV1	2975	-	59	64541664	3674
chr11	64537990	64737990	harbor1	chr11	64542035	64542483	LTR/ERV1	2975	-	224	64542259	4269
chr11	64537990	64737990	harbor1	chr11	64556702	64556968	LTR/ERV1	1431	-	133	64556835	18845
chr11	5134553	5334553	harbor1	chr11	5139052	5139447	LTR/ERV1	2399	-	198	5139250	4697
chr11	5134553	5334553	harbor1	chr11	5160297	5160707	LTR/ERV1	2938	-	205	5160502	25949
chr11	5134553	5334553	harbor1	chr11	5161085	5161301	LTR/ERV1	1385	-	108	5161193	26640
chr11	5134553	5334553	harbor1	chr11	5161303	5161965	LTR/ERV1	4367	-	331	5161634	27081
chr11	5134553	5334553	harbor1	chr11	5161968	5162469	LTR/ERV1	3197	-	250	5162218	27665
chr11	5134553	5334553	harbor1	chr11	5162469	5162618	LTR/ERV1	939	-	74	5162543	27990
chr11	5134553	5334553	harbor1	chr11	5162613	5165703	LTR/ERV1	15993	-	1545	5164158	29605
chr11	5134553	5334553	harbor1	chr11	5165706	5166117	LTR/ERV1	2864	-	206	5165912	31359
chr11	5134553	5334553	harbor1	chr11	5160708	5161086	LTR/ERV1	2455	-	189	5160897	26344
chr11	5134553	5334553	harbor1	chr11	5193634	5194416	LTR/ERV1	5443	-	391	5194025	59472
chr11	5126802	5326802	harbor1	chr11	5139052	5139447	LTR/ERV1	2399	-	198	5139250	12448
chr11	5126802	5326802	harbor1	chr11	5160297	5160707	LTR/ERV1	2938	-	205	5160502	33700
chr11	5126802	5326802	harbor1	chr11	5161085	5161301	LTR/ERV1	1385	-	108	5161193	34391
chr11	5126802	5326802	harbor1	chr11	5161303	5161965	LTR/ERV1	4367	-	331	5161634	34832
chr11	5126802	5326802	harbor1	chr11	5161968	5162469	LTR/ERV1	3197	-	250	5162218	35416
chr11	5126802	5326802	harbor1	chr11	5162469	5162618	LTR/ERV1	939	-	74	5162543	35741
chr11	5126802	5326802	harbor1	chr11	5162613	5165703	LTR/ERV1	15993	-	1545	5164158	37356
chr11	5126802	5326802	harbor1	chr11	5165706	5166117	LTR/ERV1	2864	-	206	5165912	39110
chr11	5126802	5326802	harbor1	chr11	5160708	5161086	LTR/ERV1	2455	-	189	5160897	34095
chr11	5126802	5326802	harbor1	chr11	5193634	5194416	LTR/ERV1	5443	-	391	5194025	67223
chr11	6201425	6401425	harbor1	chr11	6289898	6289994	LTR/ERV1	666	-	48	6289946	88521
chr11	6201425	6401425	harbor1	chr11	6290997	6291202	LTR/ERV1	677	-	102	6291099	89674
chr11	6201425	6401425	harbor1	chr11	6293803	6294044	LTR/ERV1	538	-	120	6293923	92498
chr11	106091678	106291678	harbor1	chr11	106121390	106121931	LTR/ERV1	1092	-	270	106121660	29982
chr11	106091678	106291678	harbor1	chr11	106142512	106143139	LTR/ERV1	2988	-	314	106142826	51148
chr11	106091678	106291678	harbor1	chr11	106161726	106162529	LTR/ERV1	3571	-	402	106162128	70450
chr11	106091678	106291678	harbor1	chr11	106167573	106168149	LTR/ERV1	3509	-	288	106167861	76183
chr11	106091678	106291678	harbor1	chr11	106172675	106173100	LTR/ERV1	1340	-	212	106172887	81209
chr11	106091678	106291678	harbor1	chr11	106173809	106174399	LTR/ERV1	4932	-	295	106174104	82426
chr11	117886589	118086589	harbor1	chr11	117977667	117979054	LTR/ERV1	9632	-	694	117978361	91772
chr11	117886589	118086589	harbor1	chr11	117984781	117985418	LTR/ERV1	2919	-	318	117985099	98510
chr11	5134020	5334020	harbor1	chr11	5139052	5139447	LTR/ERV1	2399	-	198	5139250	5230
chr11	5134020	5334020	harbor1	chr11	5160297	5160707	LTR/ERV1	2938	-	205	5160502	26482
chr11	5134020	5334020	harbor1	chr11	5161085	5161301	LTR/ERV1	1385	-	108	5161193	27173
chr11	5134020	5334020	harbor1	chr11	5161303	5161965	LTR/ERV1	4367	-	331	5161634	27614
chr11	5134020	5334020	harbor1	chr11	5161968	5162469	LTR/ERV1	3197	-	250	5162218	28198
chr11	5134020	5334020	harbor1	chr11	5162469	5162618	LTR/ERV1	939	-	74	5162543	28523
chr11	5134020	5334020	harbor1	chr11	5162613	5165703	LTR/ERV1	15993	-	1545	5164158	30138
chr11	5134020	5334020	harbor1	chr11	5165706	5166117	LTR/ERV1	2864	-	206	5165912	31892
chr11	5134020	5334020	harbor1	chr11	5160708	5161086	LTR/ERV1	2455	-	189	5160897	26877
chr11	5134020	5334020	harbor1	chr11	5193634	5194416	LTR/ERV1	5443	-	391	5194025	60005
chr11	67891296	68091296	harbor1	chr11	67898262	67898396	LTR/ERV1	1035	-	67	67898329	7033
chr11	67891296	68091296	harbor1	chr11	67978497	67982552	LTR/ERV1	28035	-	2028	67980525	89229
chr11	5127223	5327223	harbor1	chr11	5139052	5139447	LTR/ERV1	2399	-	198	5139250	12027
chr11	5127223	5327223	harbor1	chr11	5160297	5160707	LTR/ERV1	2938	-	205	5160502	33279
chr11	5127223	5327223	harbor1	chr11	5161085	5161301	LTR/ERV1	1385	-	108	5161193	33970
chr11	5127223	5327223	harbor1	chr11	5161303	5161965	LTR/ERV1	4367	-	331	5161634	34411
chr11	5127223	5327223	harbor1	chr11	5161968	5162469	LTR/ERV1	3197	-	250	5162218	34995
chr11	5127223	5327223	harbor1	chr11	5162469	5162618	LTR/ERV1	939	-	74	5162543	35320
chr11	5127223	5327223	harbor1	chr11	5162613	5165703	LTR/ERV1	15993	-	1545	5164158	36935
chr11	5127223	5327223	harbor1	chr11	5165706	5166117	LTR/ERV1	2864	-	206	5165912	38689
chr11	5127223	5327223	harbor1	chr11	5160708	5161086	LTR/ERV1	2455	-	189	5160897	33674
chr11	5127223	5327223	harbor1	chr11	5193634	5194416	LTR/ERV1	5443	-	391	5194025	66802
chr11	76517780	76717780	harbor1	chr11	76607926	76609594	LTR/ERV1	11116	-	834	76608760	90980
chr11	76581027	76781027	harbor1	chr11	76607926	76609594	LTR/ERV1	11116	-	834	76608760	27733
chr11	120126957	120326957	harbor1	chr11	120187770	120188387	LTR/ERV1	3277	-	308	120188078	61121
chr11	5129651	5329651	harbor1	chr11	5139052	5139447	LTR/ERV1	2399	-	198	5139250	9599
chr11	5129651	5329651	harbor1	chr11	5160297	5160707	LTR/ERV1	2938	-	205	5160502	30851
chr11	5129651	5329651	harbor1	chr11	5161085	5161301	LTR/ERV1	1385	-	108	5161193	31542
chr11	5129651	5329651	harbor1	chr11	5161303	5161965	LTR/ERV1	4367	-	331	5161634	31983
chr11	5129651	5329651	harbor1	chr11	5161968	5162469	LTR/ERV1	3197	-	250	5162218	32567
chr11	5129651	5329651	harbor1	chr11	5162469	5162618	LTR/ERV1	939	-	74	5162543	32892
chr11	5129651	5329651	harbor1	chr11	5162613	5165703	LTR/ERV1	15993	-	1545	5164158	34507
chr11	5129651	5329651	harbor1	chr11	5165706	5166117	LTR/ERV1	2864	-	206	5165912	36261
chr11	5129651	5329651	harbor1	chr11	5160708	5161086	LTR/ERV1	2455	-	189	5160897	31246
chr11	5129651	5329651	harbor1	chr11	5193634	5194416	LTR/ERV1	5443	-	391	5194025	64374
chr11	7991379	8191379	harbor1	chr11	8057294	8057957	LTR/ERV1	5301	-	332	8057626	66247
chr11	7991379	8191379	harbor1	chr11	8075499	8075795	LTR/ERV1	797	-	148	8075647	84268
chr11	7991379	8191379	harbor1	chr11	8075814	8076572	LTR/ERV1	795	-	379	8076193	84814
chr11	63953306	64153306	harbor1	chr11	63966741	63966861	LTR/ERV1	720	-	60	63966801	13495
chr11	63953306	64153306	harbor1	chr11	63967767	63967862	LTR/ERV1	631	-	48	63967815	14509
chr11	5127218	5327218	harbor1	chr11	5139052	5139447	LTR/ERV1	2399	-	198	5139250	12032
chr11	5127218	5327218	harbor1	chr11	5160297	5160707	LTR/ERV1	2938	-	205	5160502	33284
chr11	5127218	5327218	harbor1	chr11	5161085	5161301	LTR/ERV1	1385	-	108	5161193	33975
chr11	5127218	5327218	harbor1	chr11	5161303	5161965	LTR/ERV1	4367	-	331	5161634	34416
chr11	5127218	5327218	harbor1	chr11	5161968	5162469	LTR/ERV1	3197	-	250	5162218	35000
chr11	5127218	5327218	harbor1	chr11	5162469	5162618	LTR/ERV1	939	-	74	5162543	35325
chr11	5127218	5327218	harbor1	chr11	5162613	5165703	LTR/ERV1	15993	-	1545	5164158	36940
chr11	5127218	5327218	harbor1	chr11	5165706	5166117	LTR/ERV1	2864	-	206	5165912	38694
chr11	5127218	5327218	harbor1	chr11	5160708	5161086	LTR/ERV1	2455	-	189	5160897	33679
chr11	5127218	5327218	harbor1	chr11	5193634	5194416	LTR/ERV1	5443	-	391	5194025	66807
chr11	65476352	65676352	harbor1	chr11	65478398	65478780	LTR/ERV1	2204	-	191	65478589	2237
chr11	65476352	65676352	harbor1	chr11	65483418	65483610	LTR/ERV1	1141	-	96	65483514	7162
chr11	65476352	65676352	harbor1	chr11	65483955	65484159	LTR/ERV1	1141	-	102	65484057	7705
chr11	65476352	65676352	harbor1	chr11	65485054	65485110	LTR/ERV1	646	-	28	65485082	8730
chr11	65476352	65676352	harbor1	chr11	65485413	65485854	LTR/ERV1	1560	-	220	65485633	9281
chr11	5126735	5326735	harbor1	chr11	5139052	5139447	LTR/ERV1	2399	-	198	5139250	12515
chr11	5126735	5326735	harbor1	chr11	5160297	5160707	LTR/ERV1	2938	-	205	5160502	33767
chr11	5126735	5326735	harbor1	chr11	5161085	5161301	LTR/ERV1	1385	-	108	5161193	34458
chr11	5126735	5326735	harbor1	chr11	5161303	5161965	LTR/ERV1	4367	-	331	5161634	34899
chr11	5126735	5326735	harbor1	chr11	5161968	5162469	LTR/ERV1	3197	-	250	5162218	35483
chr11	5126735	5326735	harbor1	chr11	5162469	5162618	LTR/ERV1	939	-	74	5162543	35808
chr11	5126735	5326735	harbor1	chr11	5162613	5165703	LTR/ERV1	15993	-	1545	5164158	37423
chr11	5126735	5326735	harbor1	chr11	5165706	5166117	LTR/ERV1	2864	-	206	5165912	39177
chr11	5126735	5326735	harbor1	chr11	5160708	5161086	LTR/ERV1	2455	-	189	5160897	34162
chr11	5126735	5326735	harbor1	chr11	5193634	5194416	LTR/ERV1	5443	-	391	5194025	67290
chr11	461101	661101	harbor1	chr11	512802	512904	LTR/ERV1	402	-	51	512853	51752
chr11	134025232	134225232	harbor1	chr11	134052301	134052843	LTR/ERV1	4123	-	271	134052572	27340
chr11	134025232	134225232	harbor1	chr11	134060230	134060529	LTR/ERV1	1256	-	150	134060380	35148
chr11	134025232	134225232	harbor1	chr11	134060531	134060645	LTR/ERV1	728	-	57	134060588	35356
chr11	134025232	134225232	harbor1	chr11	134065670	134065837	LTR/ERV1	2225	-	84	134065754	40522
chr11	134025232	134225232	harbor1	chr11	134066150	134066284	LTR/ERV1	2225	-	67	134066217	40985
chr11	134025232	134225232	harbor1	chr11	134066586	134066767	LTR/ERV1	2225	-	90	134066676	41444
chr11	134025232	134225232	harbor1	chr11	134067062	134067090	LTR/ERV1	2225	-	14	134067076	41844
chr11	134025232	134225232	harbor1	chr11	134109530	134109983	LTR/ERV1	3108	-	226	134109756	84524
chr11	76566217	76766217	harbor1	chr11	76607926	76609594	LTR/ERV1	11116	-	834	76608760	42543
chr11	5134206	5334206	harbor1	chr11	5139052	5139447	LTR/ERV1	2399	-	198	5139250	5044
chr11	5134206	5334206	harbor1	chr11	5160297	5160707	LTR/ERV1	2938	-	205	5160502	26296
chr11	5134206	5334206	harbor1	chr11	5161085	5161301	LTR/ERV1	1385	-	108	5161193	26987
chr11	5134206	5334206	harbor1	chr11	5161303	5161965	LTR/ERV1	4367	-	331	5161634	27428
chr11	5134206	5334206	harbor1	chr11	5161968	5162469	LTR/ERV1	3197	-	250	5162218	28012
chr11	5134206	5334206	harbor1	chr11	5162469	5162618	LTR/ERV1	939	-	74	5162543	28337
chr11	5134206	5334206	harbor1	chr11	5162613	5165703	LTR/ERV1	15993	-	1545	5164158	29952
chr11	5134206	5334206	harbor1	chr11	5165706	5166117	LTR/ERV1	2864	-	206	5165912	31706
chr11	5134206	5334206	harbor1	chr11	5160708	5161086	LTR/ERV1	2455	-	189	5160897	26691
chr11	5134206	5334206	harbor1	chr11	5193634	5194416	LTR/ERV1	5443	-	391	5194025	59819
chr11	66122791	66322791	harbor1	chr11	66183592	66184022	LTR/ERV1	2333	-	215	66183807	61016
chr11	5127023	5327023	harbor1	chr11	5139052	5139447	LTR/ERV1	2399	-	198	5139250	12227
chr11	5127023	5327023	harbor1	chr11	5160297	5160707	LTR/ERV1	2938	-	205	5160502	33479
chr11	5127023	5327023	harbor1	chr11	5161085	5161301	LTR/ERV1	1385	-	108	5161193	34170
chr11	5127023	5327023	harbor1	chr11	5161303	5161965	LTR/ERV1	4367	-	331	5161634	34611
chr11	5127023	5327023	harbor1	chr11	5161968	5162469	LTR/ERV1	3197	-	250	5162218	35195
chr11	5127023	5327023	harbor1	chr11	5162469	5162618	LTR/ERV1	939	-	74	5162543	35520
chr11	5127023	5327023	harbor1	chr11	5162613	5165703	LTR/ERV1	15993	-	1545	5164158	37135
chr11	5127023	5327023	harbor1	chr11	5165706	5166117	LTR/ERV1	2864	-	206	5165912	38889
chr11	5127023	5327023	harbor1	chr11	5160708	5161086	LTR/ERV1	2455	-	189	5160897	33874
chr11	5127023	5327023	harbor1	chr11	5193634	5194416	LTR/ERV1	5443	-	391	5194025	67002
chr11	5132776	5332776	harbor1	chr11	5139052	5139447	LTR/ERV1	2399	-	198	5139250	6474
chr11	5132776	5332776	harbor1	chr11	5160297	5160707	LTR/ERV1	2938	-	205	5160502	27726
chr11	5132776	5332776	harbor1	chr11	5161085	5161301	LTR/ERV1	1385	-	108	5161193	28417
chr11	5132776	5332776	harbor1	chr11	5161303	5161965	LTR/ERV1	4367	-	331	5161634	28858
chr11	5132776	5332776	harbor1	chr11	5161968	5162469	LTR/ERV1	3197	-	250	5162218	29442
chr11	5132776	5332776	harbor1	chr11	5162469	5162618	LTR/ERV1	939	-	74	5162543	29767
chr11	5132776	5332776	harbor1	chr11	5162613	5165703	LTR/ERV1	15993	-	1545	5164158	31382
chr11	5132776	5332776	harbor1	chr11	5165706	5166117	LTR/ERV1	2864	-	206	5165912	33136
chr11	5132776	5332776	harbor1	chr11	5160708	5161086	LTR/ERV1	2455	-	189	5160897	28121
chr11	5132776	5332776	harbor1	chr11	5193634	5194416	LTR/ERV1	5443	-	391	5194025	61249
chr11	119643261	119843261	harbor1	chr11	119649893	119650304	LTR/ERV1	2889	-	206	119650099	6838
chr11	5125096	5325096	harbor1	chr11	5139052	5139447	LTR/ERV1	2399	-	198	5139250	14154
chr11	5125096	5325096	harbor1	chr11	5160297	5160707	LTR/ERV1	2938	-	205	5160502	35406
chr11	5125096	5325096	harbor1	chr11	5161085	5161301	LTR/ERV1	1385	-	108	5161193	36097
chr11	5125096	5325096	harbor1	chr11	5161303	5161965	LTR/ERV1	4367	-	331	5161634	36538
chr11	5125096	5325096	harbor1	chr11	5161968	5162469	LTR/ERV1	3197	-	250	5162218	37122
chr11	5125096	5325096	harbor1	chr11	5162469	5162618	LTR/ERV1	939	-	74	5162543	37447
chr11	5125096	5325096	harbor1	chr11	5162613	5165703	LTR/ERV1	15993	-	1545	5164158	39062
chr11	5125096	5325096	harbor1	chr11	5165706	5166117	LTR/ERV1	2864	-	206	5165912	40816
chr11	5125096	5325096	harbor1	chr11	5160708	5161086	LTR/ERV1	2455	-	189	5160897	35801
chr11	5125096	5325096	harbor1	chr11	5193634	5194416	LTR/ERV1	5443	-	391	5194025	68929
chr11	66158626	66358626	harbor1	chr11	66183592	66184022	LTR/ERV1	2333	-	215	66183807	25181
chr11	66158676	66358676	harbor1	chr11	66183592	66184022	LTR/ERV1	2333	-	215	66183807	25131
chr11	6201391	6401391	harbor1	chr11	6289898	6289994	LTR/ERV1	666	-	48	6289946	88555
chr11	6201391	6401391	harbor1	chr11	6290997	6291202	LTR/ERV1	677	-	102	6291099	89708
chr11	6201391	6401391	harbor1	chr11	6293803	6294044	LTR/ERV1	538	-	120	6293923	92532
chr11	76581063	76781063	harbor1	chr11	76607926	76609594	LTR/ERV1	11116	-	834	76608760	27697
chr11	76517810	76717810	harbor1	chr11	76607926	76609594	LTR/ERV1	11116	-	834	76608760	90950
chr12	132051944	132251944	harbor1	chr12	132136499	132136699	LTR/ERV1	3930	-	100	132136599	84655
chr12	132051944	132251944	harbor1	chr12	132136964	132137489	LTR/ERV1	3930	-	262	132137226	85282
chr12	121697492	121897492	harbor1	chr12	121759239	121759395	LTR/ERV1	4140	-	78	121759317	61825
chr12	121697492	121897492	harbor1	chr12	121759690	121759715	LTR/ERV1	4140	-	12	121759702	62210
chr12	121697492	121897492	harbor1	chr12	121760317	121760836	LTR/ERV1	4140	-	260	121760577	63085
chr12	62962733	63162733	harbor1	chr12	63025955	63026587	LTR/ERV1	3210	-	316	63026271	63538
chr12	109780252	109980252	harbor1	chr12	109846000	109846165	LTR/ERV1	1411	-	82	109846082	65830
chr12	109780252	109980252	harbor1	chr12	109846453	109846764	LTR/ERV1	1411	-	156	109846609	66357
chr12	6862749	7062749	harbor1	chr12	6900435	6900528	LTR/ERV1	1999	-	46	6900481	37732
chr12	6862749	7062749	harbor1	chr12	6900773	6901142	LTR/ERV1	1999	-	184	6900957	38208
chr12	6863249	7063249	harbor1	chr12	6900435	6900528	LTR/ERV1	1999	-	46	6900481	37232
chr12	6863249	7063249	harbor1	chr12	6900773	6901142	LTR/ERV1	1999	-	184	6900957	37708
chr12	6863215	7063215	harbor1	chr12	6900435	6900528	LTR/ERV1	1999	-	46	6900481	37266
chr12	6863215	7063215	harbor1	chr12	6900773	6901142	LTR/ERV1	1999	-	184	6900957	37742
chr12	131807823	132007823	harbor1	chr12	131873229	131873966	LTR/ERV1	5137	-	368	131873597	65774
chr12	131807823	132007823	harbor1	chr12	131873967	131874264	LTR/ERV1	2229	-	148	131874115	66292
chr12	131807823	132007823	harbor1	chr12	131875335	131875890	LTR/ERV1	23141	-	278	131875613	67790
chr12	131807823	132007823	harbor1	chr12	131876190	131878170	LTR/ERV1	23141	-	990	131877180	69357
chr12	131807823	132007823	harbor1	chr12	131878156	131880191	LTR/ERV1	12325	-	1018	131879174	71351
chr12	131807823	132007823	harbor1	chr12	131880192	131880952	LTR/ERV1	5708	-	380	131880572	72749
chr12	131807823	132007823	harbor1	chr12	131885184	131885694	LTR/ERV1	3530	-	255	131885439	77616
chr12	131807823	132007823	harbor1	chr12	131885909	131886465	LTR/ERV1	3509	-	278	131886187	78364
chr12	131807823	132007823	harbor1	chr12	131887546	131887669	LTR/ERV1	839	-	62	131887608	79785
chr12	131807823	132007823	harbor1	chr12	131889498	131889856	LTR/ERV1	1094	-	179	131889677	81854
chr12	131807823	132007823	harbor1	chr12	131874277	131875193	LTR/ERV1	23141	-	458	131874735	66912
chr12	6862682	7062682	harbor1	chr12	6900435	6900528	LTR/ERV1	1999	-	46	6900481	37799
chr12	6862682	7062682	harbor1	chr12	6900773	6901142	LTR/ERV1	1999	-	184	6900957	38275
chr12	2591115	2791115	harbor1	chr12	2603727	2604364	LTR/ERV1	3544	-	318	2604045	12930
chr12	2591166	2791166	harbor1	chr12	2603727	2604364	LTR/ERV1	3544	-	318	2604045	12879
chr12	6842193	7042193	harbor1	chr12	6900435	6900528	LTR/ERV1	1999	-	46	6900481	58288
chr12	6842193	7042193	harbor1	chr12	6900773	6901142	LTR/ERV1	1999	-	184	6900957	58764
chr12	52906640	53106640	harbor1	chr12	53002983	53003109	LTR/ERV1	3720	-	63	53003046	96406
chr12	52906640	53106640	harbor1	chr12	53004028	53004512	LTR/ERV1	3720	-	242	53004270	97630
chr12	131246237	131446237	harbor1	chr12	131269788	131270105	LTR/ERV1	1096	-	158	131269946	23709
chr12	131246237	131446237	harbor1	chr12	131276123	131276579	LTR/ERV1	3222	-	228	131276351	30114
chr12	131246237	131446237	harbor1	chr12	131301481	131301574	LTR/ERV1	703	-	46	131301527	55290
chr12	131246237	131446237	harbor1	chr12	131301885	131301986	LTR/ERV1	703	-	50	131301935	55698
chr12	131246237	131446237	harbor1	chr12	131318688	131319133	LTR/ERV1	3309	-	222	131318910	72673
chr12	131246237	131446237	harbor1	chr12	131319142	131321789	LTR/ERV1	15057	-	1324	131320466	74229
chr12	131246237	131446237	harbor1	chr12	131321794	131322673	LTR/ERV1	3760	-	440	131322234	75997
chr12	131246237	131446237	harbor1	chr12	131322939	131323619	LTR/ERV1	3760	-	340	131323279	77042
chr12	131246237	131446237	harbor1	chr12	131323602	131324553	LTR/ERV1	5476	-	476	131324078	77841
chr12	131246237	131446237	harbor1	chr12	131324573	131324910	LTR/ERV1	1305	-	168	131324741	78504
chr12	131246237	131446237	harbor1	chr12	131325057	131325484	LTR/ERV1	1773	-	214	131325271	79034
chr12	131246237	131446237	harbor1	chr12	131341947	131342532	LTR/ERV1	4618	-	292	131342239	96002
chr12	131246237	131446237	harbor1	chr12	131342533	131344796	LTR/ERV1	17656	-	1132	131343665	97428
chr12	53132031	53332031	harbor1	chr12	53150905	53151370	LTR/ERV1	2352	-	232	53151137	19106
chr12	6862269	7062269	harbor1	chr12	6900435	6900528	LTR/ERV1	1999	-	46	6900481	38212
chr12	6862269	7062269	harbor1	chr12	6900773	6901142	LTR/ERV1	1999	-	184	6900957	38688
chr12	64356142	64556142	harbor1	chr12	64362289	64362409	LTR/ERV1	3476	-	60	64362349	6207
chr12	64356142	64556142	harbor1	chr12	64362708	64363176	LTR/ERV1	3476	-	234	64362942	6800
chr12	64356142	64556142	harbor1	chr12	64380948	64381667	LTR/ERV1	4583	-	360	64381308	25166
chr12	64356142	64556142	harbor1	chr12	64402384	64402620	LTR/ERV1	1071	-	118	64402502	46360
chr12	64356142	64556142	harbor1	chr12	64356275	64356857	LTR/ERV1	3124	-	291	64356566	424
chr12	116778966	116978966	harbor1	chr12	116797581	116798069	LTR/ERV1	2429	-	244	116797825	18859
chr12	119684757	119884757	harbor1	chr12	119756199	119756846	LTR/ERV1	4037	-	324	119756523	71766
chr12	119684757	119884757	harbor1	chr12	119757134	119757165	LTR/ERV1	4037	-	16	119757150	72393
chr12	21362986	21562986	harbor1	chr12	21370854	21371339	LTR/ERV1	2556	-	242	21371096	8110
chr12	21362986	21562986	harbor1	chr12	21392056	21392597	LTR/ERV1	978	-	270	21392326	29340
chr12	110180537	110380537	harbor1	chr12	110271335	110271864	LTR/ERV1	4232	-	264	110271599	91062
chr12	30880777	31080777	harbor1	chr12	30954933	30955374	LTR/ERV1	1577	-	220	30955153	74376
chr12	64356143	64556143	harbor1	chr12	64362289	64362409	LTR/ERV1	3476	-	60	64362349	6206
chr12	64356143	64556143	harbor1	chr12	64362708	64363176	LTR/ERV1	3476	-	234	64362942	6799
chr12	64356143	64556143	harbor1	chr12	64380948	64381667	LTR/ERV1	4583	-	360	64381308	25165
chr12	64356143	64556143	harbor1	chr12	64402384	64402620	LTR/ERV1	1071	-	118	64402502	46359
chr12	64356143	64556143	harbor1	chr12	64356275	64356857	LTR/ERV1	3124	-	291	64356566	423
chr12	56840310	57040310	harbor1	chr12	56856908	56857373	LTR/ERV1	2526	-	232	56857140	16830
chr12	56840310	57040310	harbor1	chr12	56862666	56863119	LTR/ERV1	2424	-	226	56862892	22582
chr12	56840310	57040310	harbor1	chr12	56863426	56863473	LTR/ERV1	2424	-	24	56863450	23140
chr12	56840310	57040310	harbor1	chr12	56865531	56865732	LTR/ERV1	668	-	100	56865631	25321
chr12	56840310	57040310	harbor1	chr12	56865774	56866457	LTR/ERV1	3845	-	342	56866116	25806
chr12	56840310	57040310	harbor1	chr12	56866452	56866601	LTR/ERV1	677	-	74	56866526	26216
chr12	56840310	57040310	harbor1	chr12	56866587	56866984	LTR/ERV1	2551	-	198	56866785	26475
chr12	56840310	57040310	harbor1	chr12	56866988	56867714	LTR/ERV1	8706	-	363	56867351	27041
chr12	56840310	57040310	harbor1	chr12	56868006	56868723	LTR/ERV1	8706	-	358	56868364	28054
chr12	56840310	57040310	harbor1	chr12	56869019	56869714	LTR/ERV1	4060	-	348	56869367	29057
chr12	56840310	57040310	harbor1	chr12	56870048	56870109	LTR/ERV1	4060	-	30	56870078	29768
chr12	56840310	57040310	harbor1	chr12	56870770	56871088	LTR/ERV1	1910	-	159	56870929	30619
chr12	56840310	57040310	harbor1	chr12	56871211	56871454	LTR/ERV1	1031	-	122	56871333	31023
chr12	56840310	57040310	harbor1	chr12	56874269	56874829	LTR/ERV1	3161	-	280	56874549	34239
chr12	56840310	57040310	harbor1	chr12	56877882	56878537	LTR/ERV1	4916	-	328	56878210	37900
chr12	56840310	57040310	harbor1	chr12	56898862	56899309	LTR/ERV1	2192	-	224	56899086	58776
chr12	56840310	57040310	harbor1	chr12	56914907	56915496	LTR/ERV1	3319	-	294	56915201	74891
chr12	130250985	130450985	harbor1	chr12	130255716	130257220	LTR/ERV1	10659	-	752	130256468	5483
chr12	130250985	130450985	harbor1	chr12	130271549	130272073	LTR/ERV1	2415	-	262	130271811	20826
chr12	120657977	120857977	harbor1	chr12	120683007	120683365	LTR/ERV1	1459	-	179	120683186	25209
chr12	6359134	6559134	harbor1	chr12	6368131	6368540	LTR/ERV1	2317	-	204	6368335	9201
chr12	6863304	7063304	harbor1	chr12	6900435	6900528	LTR/ERV1	1999	-	46	6900481	37177
chr12	6863304	7063304	harbor1	chr12	6900773	6901142	LTR/ERV1	1999	-	184	6900957	37653
chr12	31860001	32060001	harbor1	chr12	31867449	31867648	LTR/ERV1	962	-	100	31867549	7548
chr12	31860001	32060001	harbor1	chr12	31871545	31872181	LTR/ERV1	4108	-	318	31871863	11862
chr12	31860001	32060001	harbor1	chr12	31872847	31873645	LTR/ERV1	4526	-	399	31873246	13245
chr12	31860001	32060001	harbor1	chr12	31876903	31877501	LTR/ERV1	913	-	299	31877202	17201
chr12	31860001	32060001	harbor1	chr12	31878918	31879227	LTR/ERV1	5011	-	154	31879072	19071
chr12	31860001	32060001	harbor1	chr12	31879544	31880113	LTR/ERV1	5011	-	284	31879828	19827
chr12	31860001	32060001	harbor1	chr12	31918899	31919027	LTR/ERV1	876	-	64	31918963	58962
chr12	31860001	32060001	harbor1	chr12	31919027	31919304	LTR/ERV1	1320	-	138	31919165	59164
chr12	31860001	32060001	harbor1	chr12	31922497	31923214	LTR/ERV1	1477	-	358	31922855	62854
chr12	31860001	32060001	harbor1	chr12	31928939	31929336	LTR/ERV1	1124	-	198	31929137	69136
chr12	31860001	32060001	harbor1	chr12	31929498	31929751	LTR/ERV1	995	-	126	31929624	69623
chr12	31860001	32060001	harbor1	chr12	31935981	31936172	LTR/ERV1	7878	-	96	31936077	76076
chr12	31860001	32060001	harbor1	chr12	31936468	31936481	LTR/ERV1	7878	-	6	31936474	76473
chr12	31860001	32060001	harbor1	chr12	31936771	31937534	LTR/ERV1	7878	-	382	31937153	77152
chr12	31860001	32060001	harbor1	chr12	31937983	31938102	LTR/ERV1	7878	-	60	31938043	78042
chr12	31860001	32060001	harbor1	chr12	31938532	31939385	LTR/ERV1	6703	-	426	31938958	78957
chr12	31860001	32060001	harbor1	chr12	31939679	31939856	LTR/ERV1	23468	-	88	31939767	79766
chr12	31860001	32060001	harbor1	chr12	31940174	31941170	LTR/ERV1	23468	-	498	31940672	80671
chr12	31860001	32060001	harbor1	chr12	31941788	31942541	LTR/ERV1	23468	-	376	31942164	82163
chr12	31860001	32060001	harbor1	chr12	31942854	31945000	LTR/ERV1	23468	-	1073	31943927	83926
chr12	31860001	32060001	harbor1	chr12	31945001	31945280	LTR/ERV1	1441	-	140	31945141	85140
chr12	31860001	32060001	harbor1	chr12	31945591	31945711	LTR/ERV1	679	-	60	31945651	85650
chr12	31860001	32060001	harbor1	chr12	31955998	31956080	LTR/ERV1	3372	-	41	31956039	96038
chr12	31860001	32060001	harbor1	chr12	31956361	31956760	LTR/ERV1	3372	-	200	31956561	96560
chr12	31860001	32060001	harbor1	chr12	31958465	31958860	LTR/ERV1	1288	-	198	31958663	98662
chr12	121697440	121897440	harbor1	chr12	121759239	121759395	LTR/ERV1	4140	-	78	121759317	61877
chr12	121697440	121897440	harbor1	chr12	121759690	121759715	LTR/ERV1	4140	-	12	121759702	62262
chr12	121697440	121897440	harbor1	chr12	121760317	121760836	LTR/ERV1	4140	-	260	121760577	63137
chr12	21402089	21602089	harbor1	chr12	21472271	21472755	LTR/ERV1	2417	-	242	21472513	70424
chr12	6862158	7062158	harbor1	chr12	6900435	6900528	LTR/ERV1	1999	-	46	6900481	38323
chr12	6862158	7062158	harbor1	chr12	6900773	6901142	LTR/ERV1	1999	-	184	6900957	38799
chr12	6863268	7063268	harbor1	chr12	6900435	6900528	LTR/ERV1	1999	-	46	6900481	37213
chr12	6863268	7063268	harbor1	chr12	6900773	6901142	LTR/ERV1	1999	-	184	6900957	37689
chr12	6862769	7062769	harbor1	chr12	6900435	6900528	LTR/ERV1	1999	-	46	6900481	37712
chr12	6862769	7062769	harbor1	chr12	6900773	6901142	LTR/ERV1	1999	-	184	6900957	38188
chr13	113725873	113925873	harbor1	chr13	113778888	113779287	LTR/ERV1	1938	-	200	113779088	53215
chr13	113725873	113925873	harbor1	chr13	113779288	113779390	LTR/ERV1	450	-	51	113779339	53466
chr13	113725873	113925873	harbor1	chr13	113779430	113779504	LTR/ERV1	474	-	37	113779467	53594
chr13	113725873	113925873	harbor1	chr13	113779508	113782475	LTR/ERV1	19217	-	1484	113780992	55119
chr13	113725873	113925873	harbor1	chr13	113782549	113784886	LTR/ERV1	13709	-	1168	113783717	57844
chr13	113725873	113925873	harbor1	chr13	113784887	113785249	LTR/ERV1	1118	-	181	113785068	59195
chr13	20315161	20515161	harbor1	chr13	20321823	20322353	LTR/ERV1	3381	-	265	20322088	6927
chr13	20315161	20515161	harbor1	chr13	20325557	20325657	LTR/ERV1	728	-	50	20325607	10446
chr13	20315161	20515161	harbor1	chr13	20388749	20389160	LTR/ERV1	3133	-	206	20388955	73794
chr13	20315161	20515161	harbor1	chr13	20389454	20389543	LTR/ERV1	3133	-	44	20389498	74337
chr13	27925914	28125914	harbor1	chr13	28000993	28002447	LTR/ERV1	5611	-	727	28001720	75806
chr13	20315121	20515121	harbor1	chr13	20321823	20322353	LTR/ERV1	3381	-	265	20322088	6967
chr13	20315121	20515121	harbor1	chr13	20325557	20325657	LTR/ERV1	728	-	50	20325607	10486
chr13	20315121	20515121	harbor1	chr13	20388749	20389160	LTR/ERV1	3133	-	206	20388955	73834
chr13	20315121	20515121	harbor1	chr13	20389454	20389543	LTR/ERV1	3133	-	44	20389498	74377
chr13	48135005	48335005	harbor1	chr13	48195364	48195515	LTR/ERV1	786	-	76	48195440	60435
chr13	48135005	48335005	harbor1	chr13	48195825	48196121	LTR/ERV1	1391	-	148	48195973	60968
chr13	20315155	20515155	harbor1	chr13	20321823	20322353	LTR/ERV1	3381	-	265	20322088	6933
chr13	20315155	20515155	harbor1	chr13	20325557	20325657	LTR/ERV1	728	-	50	20325607	10452
chr13	20315155	20515155	harbor1	chr13	20388749	20389160	LTR/ERV1	3133	-	206	20388955	73800
chr13	20315155	20515155	harbor1	chr13	20389454	20389543	LTR/ERV1	3133	-	44	20389498	74343
chr13	75381986	75581986	harbor1	chr13	75431497	75431568	LTR/ERV1	493	-	36	75431533	49547
chr13	75381986	75581986	harbor1	chr13	75457820	75458599	LTR/ERV1	4622	-	390	75458210	76224
chr13	20315106	20515106	harbor1	chr13	20321823	20322353	LTR/ERV1	3381	-	265	20322088	6982
chr13	20315106	20515106	harbor1	chr13	20325557	20325657	LTR/ERV1	728	-	50	20325607	10501
chr13	20315106	20515106	harbor1	chr13	20388749	20389160	LTR/ERV1	3133	-	206	20388955	73849
chr13	20315106	20515106	harbor1	chr13	20389454	20389543	LTR/ERV1	3133	-	44	20389498	74392
chr13	113725885	113925885	harbor1	chr13	113778888	113779287	LTR/ERV1	1938	-	200	113779088	53203
chr13	113725885	113925885	harbor1	chr13	113779288	113779390	LTR/ERV1	450	-	51	113779339	53454
chr13	113725885	113925885	harbor1	chr13	113779430	113779504	LTR/ERV1	474	-	37	113779467	53582
chr13	113725885	113925885	harbor1	chr13	113779508	113782475	LTR/ERV1	19217	-	1484	113780992	55107
chr13	113725885	113925885	harbor1	chr13	113782549	113784886	LTR/ERV1	13709	-	1168	113783717	57832
chr13	113725885	113925885	harbor1	chr13	113784887	113785249	LTR/ERV1	1118	-	181	113785068	59183
chr13	113726197	113926197	harbor1	chr13	113778888	113779287	LTR/ERV1	1938	-	200	113779088	52891
chr13	113726197	113926197	harbor1	chr13	113779288	113779390	LTR/ERV1	450	-	51	113779339	53142
chr13	113726197	113926197	harbor1	chr13	113779430	113779504	LTR/ERV1	474	-	37	113779467	53270
chr13	113726197	113926197	harbor1	chr13	113779508	113782475	LTR/ERV1	19217	-	1484	113780992	54795
chr13	113726197	113926197	harbor1	chr13	113782549	113784886	LTR/ERV1	13709	-	1168	113783717	57520
chr13	113726197	113926197	harbor1	chr13	113784887	113785249	LTR/ERV1	1118	-	181	113785068	58871
chr13	113718997	113918997	harbor1	chr13	113723322	113723745	LTR/ERV1	2695	-	212	113723534	4537
chr13	113718997	113918997	harbor1	chr13	113778888	113779287	LTR/ERV1	1938	-	200	113779088	60091
chr13	113718997	113918997	harbor1	chr13	113779288	113779390	LTR/ERV1	450	-	51	113779339	60342
chr13	113718997	113918997	harbor1	chr13	113779430	113779504	LTR/ERV1	474	-	37	113779467	60470
chr13	113718997	113918997	harbor1	chr13	113779508	113782475	LTR/ERV1	19217	-	1484	113780992	61995
chr13	113718997	113918997	harbor1	chr13	113782549	113784886	LTR/ERV1	13709	-	1168	113783717	64720
chr13	113718997	113918997	harbor1	chr13	113784887	113785249	LTR/ERV1	1118	-	181	113785068	66071
chr13	113725726	113925726	harbor1	chr13	113778888	113779287	LTR/ERV1	1938	-	200	113779088	53362
chr13	113725726	113925726	harbor1	chr13	113779288	113779390	LTR/ERV1	450	-	51	113779339	53613
chr13	113725726	113925726	harbor1	chr13	113779430	113779504	LTR/ERV1	474	-	37	113779467	53741
chr13	113725726	113925726	harbor1	chr13	113779508	113782475	LTR/ERV1	19217	-	1484	113780992	55266
chr13	113725726	113925726	harbor1	chr13	113782549	113784886	LTR/ERV1	13709	-	1168	113783717	57991
chr13	113725726	113925726	harbor1	chr13	113784887	113785249	LTR/ERV1	1118	-	181	113785068	59342
chr13	100574944	100774944	harbor1	chr13	100593949	100594563	LTR/ERV1	2157	-	307	100594256	19312
chr13	20315169	20515169	harbor1	chr13	20321823	20322353	LTR/ERV1	3381	-	265	20322088	6919
chr13	20315169	20515169	harbor1	chr13	20325557	20325657	LTR/ERV1	728	-	50	20325607	10438
chr13	20315169	20515169	harbor1	chr13	20388749	20389160	LTR/ERV1	3133	-	206	20388955	73786
chr13	20315169	20515169	harbor1	chr13	20389454	20389543	LTR/ERV1	3133	-	44	20389498	74329
chr13	113725782	113925782	harbor1	chr13	113778888	113779287	LTR/ERV1	1938	-	200	113779088	53306
chr13	113725782	113925782	harbor1	chr13	113779288	113779390	LTR/ERV1	450	-	51	113779339	53557
chr13	113725782	113925782	harbor1	chr13	113779430	113779504	LTR/ERV1	474	-	37	113779467	53685
chr13	113725782	113925782	harbor1	chr13	113779508	113782475	LTR/ERV1	19217	-	1484	113780992	55210
chr13	113725782	113925782	harbor1	chr13	113782549	113784886	LTR/ERV1	13709	-	1168	113783717	57935
chr13	113725782	113925782	harbor1	chr13	113784887	113785249	LTR/ERV1	1118	-	181	113785068	59286
chr13	100413825	100613825	harbor1	chr13	100435620	100435761	LTR/ERV1	2891	-	70	100435690	21865
chr13	100413825	100613825	harbor1	chr13	100436073	100436626	LTR/ERV1	2891	-	276	100436349	22524
chr13	100413825	100613825	harbor1	chr13	100471902	100472322	LTR/ERV1	2087	-	210	100472112	58287
chr13	100413825	100613825	harbor1	chr13	100489680	100489970	LTR/ERV1	1126	-	145	100489825	76000
chr13	100413825	100613825	harbor1	chr13	100433764	100434375	LTR/ERV1	2789	-	306	100434070	20245
chr13	38912775	39112775	harbor1	chr13	38914197	38914571	LTR/ERV1	1259	-	187	38914384	1609
chr13	38912775	39112775	harbor1	chr13	38949912	38950646	LTR/ERV1	3388	-	367	38950279	37504
chr13	38912775	39112775	harbor1	chr13	38960272	38960469	LTR/ERV1	759	-	98	38960370	47595
chr13	20315123	20515123	harbor1	chr13	20321823	20322353	LTR/ERV1	3381	-	265	20322088	6965
chr13	20315123	20515123	harbor1	chr13	20325557	20325657	LTR/ERV1	728	-	50	20325607	10484
chr13	20315123	20515123	harbor1	chr13	20388749	20389160	LTR/ERV1	3133	-	206	20388955	73832
chr13	20315123	20515123	harbor1	chr13	20389454	20389543	LTR/ERV1	3133	-	44	20389498	74375
chr13	19764706	19964706	harbor1	chr13	19794745	19795075	LTR/ERV1	568	-	165	19794910	30204
chr13	19764706	19964706	harbor1	chr13	19795566	19795607	LTR/ERV1	2206	-	20	19795586	30880
chr13	19764706	19964706	harbor1	chr13	19795922	19796348	LTR/ERV1	2206	-	213	19796135	31429
chr13	19764706	19964706	harbor1	chr13	19804308	19804402	LTR/ERV1	473	-	47	19804355	39649
chr13	19764706	19964706	harbor1	chr13	19811405	19811796	LTR/ERV1	2130	-	196	19811601	46895
chr13	19764706	19964706	harbor1	chr13	19813809	19813917	LTR/ERV1	565	-	54	19813863	49157
chr13	19764706	19964706	harbor1	chr13	19815147	19815465	LTR/ERV1	1498	-	159	19815306	50600
chr13	20315143	20515143	harbor1	chr13	20321823	20322353	LTR/ERV1	3381	-	265	20322088	6945
chr13	20315143	20515143	harbor1	chr13	20325557	20325657	LTR/ERV1	728	-	50	20325607	10464
chr13	20315143	20515143	harbor1	chr13	20388749	20389160	LTR/ERV1	3133	-	206	20388955	73812
chr13	20315143	20515143	harbor1	chr13	20389454	20389543	LTR/ERV1	3133	-	44	20389498	74355
chr13	113726165	113926165	harbor1	chr13	113778888	113779287	LTR/ERV1	1938	-	200	113779088	52923
chr13	113726165	113926165	harbor1	chr13	113779288	113779390	LTR/ERV1	450	-	51	113779339	53174
chr13	113726165	113926165	harbor1	chr13	113779430	113779504	LTR/ERV1	474	-	37	113779467	53302
chr13	113726165	113926165	harbor1	chr13	113779508	113782475	LTR/ERV1	19217	-	1484	113780992	54827
chr13	113726165	113926165	harbor1	chr13	113782549	113784886	LTR/ERV1	13709	-	1168	113783717	57552
chr13	113726165	113926165	harbor1	chr13	113784887	113785249	LTR/ERV1	1118	-	181	113785068	58903
chr13	113713157	113913157	harbor1	chr13	113723322	113723745	LTR/ERV1	2695	-	212	113723534	10377
chr13	113713157	113913157	harbor1	chr13	113778888	113779287	LTR/ERV1	1938	-	200	113779088	65931
chr13	113713157	113913157	harbor1	chr13	113779288	113779390	LTR/ERV1	450	-	51	113779339	66182
chr13	113713157	113913157	harbor1	chr13	113779430	113779504	LTR/ERV1	474	-	37	113779467	66310
chr13	113713157	113913157	harbor1	chr13	113779508	113782475	LTR/ERV1	19217	-	1484	113780992	67835
chr13	113713157	113913157	harbor1	chr13	113782549	113784886	LTR/ERV1	13709	-	1168	113783717	70560
chr13	113713157	113913157	harbor1	chr13	113784887	113785249	LTR/ERV1	1118	-	181	113785068	71911
chr13	100568699	100768699	harbor1	chr13	100593949	100594563	LTR/ERV1	2157	-	307	100594256	25557
chr13	20262753	20462753	harbor1	chr13	20321823	20322353	LTR/ERV1	3381	-	265	20322088	59335
chr13	20262753	20462753	harbor1	chr13	20325557	20325657	LTR/ERV1	728	-	50	20325607	62854
chr13	36814065	37014065	harbor1	chr13	36815592	36816115	LTR/ERV1	836	-	262	36815854	1789
chr13	36814065	37014065	harbor1	chr13	36837654	36838117	LTR/ERV1	2437	-	232	36837886	23821
chr13	36814065	37014065	harbor1	chr13	36839741	36840532	LTR/ERV1	4051	-	396	36840137	26072
chr13	113726286	113926286	harbor1	chr13	113778888	113779287	LTR/ERV1	1938	-	200	113779088	52802
chr13	113726286	113926286	harbor1	chr13	113779288	113779390	LTR/ERV1	450	-	51	113779339	53053
chr13	113726286	113926286	harbor1	chr13	113779430	113779504	LTR/ERV1	474	-	37	113779467	53181
chr13	113726286	113926286	harbor1	chr13	113779508	113782475	LTR/ERV1	19217	-	1484	113780992	54706
chr13	113726286	113926286	harbor1	chr13	113782549	113784886	LTR/ERV1	13709	-	1168	113783717	57431
chr13	113726286	113926286	harbor1	chr13	113784887	113785249	LTR/ERV1	1118	-	181	113785068	58782
chr13	113726133	113926133	harbor1	chr13	113778888	113779287	LTR/ERV1	1938	-	200	113779088	52955
chr13	113726133	113926133	harbor1	chr13	113779288	113779390	LTR/ERV1	450	-	51	113779339	53206
chr13	113726133	113926133	harbor1	chr13	113779430	113779504	LTR/ERV1	474	-	37	113779467	53334
chr13	113726133	113926133	harbor1	chr13	113779508	113782475	LTR/ERV1	19217	-	1484	113780992	54859
chr13	113726133	113926133	harbor1	chr13	113782549	113784886	LTR/ERV1	13709	-	1168	113783717	57584
chr13	113726133	113926133	harbor1	chr13	113784887	113785249	LTR/ERV1	1118	-	181	113785068	58935
chr13	20315206	20515206	harbor1	chr13	20321823	20322353	LTR/ERV1	3381	-	265	20322088	6882
chr13	20315206	20515206	harbor1	chr13	20325557	20325657	LTR/ERV1	728	-	50	20325607	10401
chr13	20315206	20515206	harbor1	chr13	20388749	20389160	LTR/ERV1	3133	-	206	20388955	73749
chr13	20315206	20515206	harbor1	chr13	20389454	20389543	LTR/ERV1	3133	-	44	20389498	74292
chr13	95201275	95401275	harbor1	chr13	95297773	95297995	LTR/ERV1	819	-	111	95297884	96609
chr14	67141304	67341304	harbor1	chr14	67146569	67146728	LTR/ERV1	656	-	80	67146649	5345
chr14	67141304	67341304	harbor1	chr14	67147064	67147504	LTR/ERV1	3382	-	220	67147284	5980
chr14	67141304	67341304	harbor1	chr14	67147530	67147543	LTR/ERV1	3382	-	6	67147536	6232
chr14	67141304	67341304	harbor1	chr14	67147697	67148221	LTR/ERV1	3382	-	262	67147959	6655
chr14	67141304	67341304	harbor1	chr14	67149565	67150160	LTR/ERV1	2256	-	298	67149863	8559
chr14	67141304	67341304	harbor1	chr14	67150471	67150683	LTR/ERV1	2256	-	106	67150577	9273
chr14	67141304	67341304	harbor1	chr14	67150875	67151634	LTR/ERV1	3230	-	380	67151255	9951
chr14	67141304	67341304	harbor1	chr14	67151944	67152036	LTR/ERV1	3230	-	46	67151990	10686
chr14	67141304	67341304	harbor1	chr14	67152408	67152684	LTR/ERV1	875	-	138	67152546	11242
chr14	67141304	67341304	harbor1	chr14	67153609	67153691	LTR/ERV1	875	-	41	67153650	12346
chr14	90282069	90482069	harbor1	chr14	90347389	90347523	LTR/ERV1	2394	-	67	90347456	65387
chr14	90282069	90482069	harbor1	chr14	90347813	90348020	LTR/ERV1	2394	-	104	90347917	65848
chr14	67141322	67341322	harbor1	chr14	67146569	67146728	LTR/ERV1	656	-	80	67146649	5327
chr14	67141322	67341322	harbor1	chr14	67147064	67147504	LTR/ERV1	3382	-	220	67147284	5962
chr14	67141322	67341322	harbor1	chr14	67147530	67147543	LTR/ERV1	3382	-	6	67147536	6214
chr14	67141322	67341322	harbor1	chr14	67147697	67148221	LTR/ERV1	3382	-	262	67147959	6637
chr14	67141322	67341322	harbor1	chr14	67149565	67150160	LTR/ERV1	2256	-	298	67149863	8541
chr14	67141322	67341322	harbor1	chr14	67150471	67150683	LTR/ERV1	2256	-	106	67150577	9255
chr14	67141322	67341322	harbor1	chr14	67150875	67151634	LTR/ERV1	3230	-	380	67151255	9933
chr14	67141322	67341322	harbor1	chr14	67151944	67152036	LTR/ERV1	3230	-	46	67151990	10668
chr14	67141322	67341322	harbor1	chr14	67152408	67152684	LTR/ERV1	875	-	138	67152546	11224
chr14	67141322	67341322	harbor1	chr14	67153609	67153691	LTR/ERV1	875	-	41	67153650	12328
chr14	104603549	104803549	harbor1	chr14	104647261	104647869	LTR/ERV1	3965	-	304	104647565	44016
chr14	104603549	104803549	harbor1	chr14	104698322	104698453	LTR/ERV1	557	-	66	104698388	94839
chr14	104785274	104985274	harbor1	chr14	104828086	104828414	LTR/ERV1	2123	-	164	104828250	42976
chr14	100185498	100385498	harbor1	chr14	100185189	100185730	LTR/ERV1	3710	-	270	100185459	39
chr14	100185498	100385498	harbor1	chr14	100186057	100186228	LTR/ERV1	3710	-	86	100186143	645
chr14	100185498	100385498	harbor1	chr14	100207327	100208697	LTR/ERV1	9132	-	685	100208012	22514
chr14	67140883	67340883	harbor1	chr14	67146569	67146728	LTR/ERV1	656	-	80	67146649	5766
chr14	67140883	67340883	harbor1	chr14	67147064	67147504	LTR/ERV1	3382	-	220	67147284	6401
chr14	67140883	67340883	harbor1	chr14	67147530	67147543	LTR/ERV1	3382	-	6	67147536	6653
chr14	67140883	67340883	harbor1	chr14	67147697	67148221	LTR/ERV1	3382	-	262	67147959	7076
chr14	67140883	67340883	harbor1	chr14	67149565	67150160	LTR/ERV1	2256	-	298	67149863	8980
chr14	67140883	67340883	harbor1	chr14	67150471	67150683	LTR/ERV1	2256	-	106	67150577	9694
chr14	67140883	67340883	harbor1	chr14	67150875	67151634	LTR/ERV1	3230	-	380	67151255	10372
chr14	67140883	67340883	harbor1	chr14	67151944	67152036	LTR/ERV1	3230	-	46	67151990	11107
chr14	67140883	67340883	harbor1	chr14	67152408	67152684	LTR/ERV1	875	-	138	67152546	11663
chr14	67140883	67340883	harbor1	chr14	67153609	67153691	LTR/ERV1	875	-	41	67153650	12767
chr14	69667796	69867796	harbor1	chr14	69696799	69697441	LTR/ERV1	4303	-	321	69697120	29324
chr14	69667796	69867796	harbor1	chr14	69697927	69698045	LTR/ERV1	822	-	59	69697986	30190
chr14	69667796	69867796	harbor1	chr14	69699690	69700304	LTR/ERV1	3865	-	307	69699997	32201
chr14	69667796	69867796	harbor1	chr14	69728505	69728944	LTR/ERV1	3123	-	220	69728725	60929
chr14	69667796	69867796	harbor1	chr14	69729089	69729276	LTR/ERV1	1379	-	94	69729183	61387
chr14	69667796	69867796	harbor1	chr14	69739976	69740410	LTR/ERV1	2277	-	217	69740193	72397
chr14	69667796	69867796	harbor1	chr14	69740419	69742424	LTR/ERV1	16562	-	1002	69741421	73625
chr14	69667796	69867796	harbor1	chr14	69742739	69743256	LTR/ERV1	16562	-	258	69742997	75201
chr14	69667796	69867796	harbor1	chr14	69743552	69743839	LTR/ERV1	16562	-	144	69743696	75900
chr14	69667796	69867796	harbor1	chr14	69744149	69744479	LTR/ERV1	9595	-	165	69744314	76518
chr14	69667796	69867796	harbor1	chr14	69744723	69744936	LTR/ERV1	9595	-	106	69744829	77033
chr14	69667796	69867796	harbor1	chr14	69745226	69745502	LTR/ERV1	9595	-	138	69745364	77568
chr14	69667796	69867796	harbor1	chr14	69745777	69745965	LTR/ERV1	3388	-	94	69745871	78075
chr14	69667796	69867796	harbor1	chr14	69746049	69746603	LTR/ERV1	5224	-	277	69746326	78530
chr14	69667796	69867796	harbor1	chr14	69746896	69747230	LTR/ERV1	5224	-	167	69747063	79267
chr14	69667796	69867796	harbor1	chr14	69747251	69747730	LTR/ERV1	3022	-	240	69747491	79695
chr14	100185509	100385509	harbor1	chr14	100185189	100185730	LTR/ERV1	3710	-	270	100185459	50
chr14	100185509	100385509	harbor1	chr14	100186057	100186228	LTR/ERV1	3710	-	86	100186143	634
chr14	100185509	100385509	harbor1	chr14	100207327	100208697	LTR/ERV1	9132	-	685	100208012	22503
chr14	67141305	67341305	harbor1	chr14	67146569	67146728	LTR/ERV1	656	-	80	67146649	5344
chr14	67141305	67341305	harbor1	chr14	67147064	67147504	LTR/ERV1	3382	-	220	67147284	5979
chr14	67141305	67341305	harbor1	chr14	67147530	67147543	LTR/ERV1	3382	-	6	67147536	6231
chr14	67141305	67341305	harbor1	chr14	67147697	67148221	LTR/ERV1	3382	-	262	67147959	6654
chr14	67141305	67341305	harbor1	chr14	67149565	67150160	LTR/ERV1	2256	-	298	67149863	8558
chr14	67141305	67341305	harbor1	chr14	67150471	67150683	LTR/ERV1	2256	-	106	67150577	9272
chr14	67141305	67341305	harbor1	chr14	67150875	67151634	LTR/ERV1	3230	-	380	67151255	9950
chr14	67141305	67341305	harbor1	chr14	67151944	67152036	LTR/ERV1	3230	-	46	67151990	10685
chr14	67141305	67341305	harbor1	chr14	67152408	67152684	LTR/ERV1	875	-	138	67152546	11241
chr14	67141305	67341305	harbor1	chr14	67153609	67153691	LTR/ERV1	875	-	41	67153650	12345
chr14	20990648	21190648	harbor1	chr14	21005298	21005505	LTR/ERV1	586	-	104	21005402	14754
chr14	90164299	90364299	harbor1	chr14	90170177	90170211	LTR/ERV1	4385	-	17	90170194	5895
chr14	90164299	90364299	harbor1	chr14	90170514	90171078	LTR/ERV1	4385	-	282	90170796	6497
chr14	90164299	90364299	harbor1	chr14	90171444	90171895	LTR/ERV1	3348	-	226	90171670	7371
chr14	90164299	90364299	harbor1	chr14	90173524	90173811	LTR/ERV1	5009	-	144	90173668	9369
chr14	90164299	90364299	harbor1	chr14	90174500	90174569	LTR/ERV1	5009	-	34	90174534	10235
chr14	90164299	90364299	harbor1	chr14	90174885	90175328	LTR/ERV1	5009	-	222	90175107	10808
chr14	90164299	90364299	harbor1	chr14	90200431	90201033	LTR/ERV1	4231	-	301	90200732	36433
chr14	90164299	90364299	harbor1	chr14	90203635	90204327	LTR/ERV1	5071	-	346	90203981	39682
chr14	90282794	90482794	harbor1	chr14	90347389	90347523	LTR/ERV1	2394	-	67	90347456	64662
chr14	90282794	90482794	harbor1	chr14	90347813	90348020	LTR/ERV1	2394	-	104	90347917	65123
chr14	67140875	67340875	harbor1	chr14	67146569	67146728	LTR/ERV1	656	-	80	67146649	5774
chr14	67140875	67340875	harbor1	chr14	67147064	67147504	LTR/ERV1	3382	-	220	67147284	6409
chr14	67140875	67340875	harbor1	chr14	67147530	67147543	LTR/ERV1	3382	-	6	67147536	6661
chr14	67140875	67340875	harbor1	chr14	67147697	67148221	LTR/ERV1	3382	-	262	67147959	7084
chr14	67140875	67340875	harbor1	chr14	67149565	67150160	LTR/ERV1	2256	-	298	67149863	8988
chr14	67140875	67340875	harbor1	chr14	67150471	67150683	LTR/ERV1	2256	-	106	67150577	9702
chr14	67140875	67340875	harbor1	chr14	67150875	67151634	LTR/ERV1	3230	-	380	67151255	10380
chr14	67140875	67340875	harbor1	chr14	67151944	67152036	LTR/ERV1	3230	-	46	67151990	11115
chr14	67140875	67340875	harbor1	chr14	67152408	67152684	LTR/ERV1	875	-	138	67152546	11671
chr14	67140875	67340875	harbor1	chr14	67153609	67153691	LTR/ERV1	875	-	41	67153650	12775
chr14	66148048	66348048	harbor1	chr14	66195286	66196136	LTR/ERV1	2750	-	425	66195711	47663
chr14	66148048	66348048	harbor1	chr14	66208557	66209108	LTR/ERV1	2437	-	276	66208833	60785
chr14	66148048	66348048	harbor1	chr14	66212757	66213461	LTR/ERV1	3266	-	352	66213109	65061
chr14	66148048	66348048	harbor1	chr14	66218327	66218964	LTR/ERV1	1718	-	318	66218645	70597
chr14	66148048	66348048	harbor1	chr14	66221303	66221600	LTR/ERV1	687	-	148	66221451	73403
chr14	66148048	66348048	harbor1	chr14	66223330	66223716	LTR/ERV1	2812	-	193	66223523	75475
chr14	66148048	66348048	harbor1	chr14	66228224	66228927	LTR/ERV1	3099	-	352	66228576	80528
chr14	66148048	66348048	harbor1	chr14	66224018	66224622	LTR/ERV1	1386	-	302	66224320	76272
chr14	81174155	81374155	harbor1	chr14	81233045	81233436	LTR/ERV1	2457	-	196	81233241	59086
chr14	81174155	81374155	harbor1	chr14	81237764	81238207	LTR/ERV1	3144	-	222	81237986	63831
chr14	88923334	89123334	harbor1	chr14	88951492	88951915	LTR/ERV1	1852	-	212	88951704	28370
chr14	88923334	89123334	harbor1	chr14	88976523	88976787	LTR/ERV1	690	-	132	88976655	53321
chr14	88923334	89123334	harbor1	chr14	88976839	88977022	LTR/ERV1	573	-	92	88976931	53597
chr14	91224851	91424851	harbor1	chr14	91225665	91225981	LTR/ERV1	2633	-	158	91225823	972
chr14	91224851	91424851	harbor1	chr14	91226296	91226868	LTR/ERV1	4621	-	286	91226582	1731
chr14	91224851	91424851	harbor1	chr14	91225982	91226273	LTR/ERV1	2434	-	146	91226128	1277
chr14	23252014	23452014	harbor1	chr14	23252463	23252999	LTR/ERV1	3070	-	268	23252731	717
chr14	23252014	23452014	harbor1	chr14	23260892	23261480	LTR/ERV1	4922	-	294	23261186	9172
chr14	23252014	23452014	harbor1	chr14	23279186	23279677	LTR/ERV1	3397	-	246	23279432	27418
chr14	69667837	69867837	harbor1	chr14	69696799	69697441	LTR/ERV1	4303	-	321	69697120	29283
chr14	69667837	69867837	harbor1	chr14	69697927	69698045	LTR/ERV1	822	-	59	69697986	30149
chr14	69667837	69867837	harbor1	chr14	69699690	69700304	LTR/ERV1	3865	-	307	69699997	32160
chr14	69667837	69867837	harbor1	chr14	69728505	69728944	LTR/ERV1	3123	-	220	69728725	60888
chr14	69667837	69867837	harbor1	chr14	69729089	69729276	LTR/ERV1	1379	-	94	69729183	61346
chr14	69667837	69867837	harbor1	chr14	69739976	69740410	LTR/ERV1	2277	-	217	69740193	72356
chr14	69667837	69867837	harbor1	chr14	69740419	69742424	LTR/ERV1	16562	-	1002	69741421	73584
chr14	69667837	69867837	harbor1	chr14	69742739	69743256	LTR/ERV1	16562	-	258	69742997	75160
chr14	69667837	69867837	harbor1	chr14	69743552	69743839	LTR/ERV1	16562	-	144	69743696	75859
chr14	69667837	69867837	harbor1	chr14	69744149	69744479	LTR/ERV1	9595	-	165	69744314	76477
chr14	69667837	69867837	harbor1	chr14	69744723	69744936	LTR/ERV1	9595	-	106	69744829	76992
chr14	69667837	69867837	harbor1	chr14	69745226	69745502	LTR/ERV1	9595	-	138	69745364	77527
chr14	69667837	69867837	harbor1	chr14	69745777	69745965	LTR/ERV1	3388	-	94	69745871	78034
chr14	69667837	69867837	harbor1	chr14	69746049	69746603	LTR/ERV1	5224	-	277	69746326	78489
chr14	69667837	69867837	harbor1	chr14	69746896	69747230	LTR/ERV1	5224	-	167	69747063	79226
chr14	69667837	69867837	harbor1	chr14	69747251	69747730	LTR/ERV1	3022	-	240	69747491	79654
chr14	100185484	100385484	harbor1	chr14	100185189	100185730	LTR/ERV1	3710	-	270	100185459	25
chr14	100185484	100385484	harbor1	chr14	100186057	100186228	LTR/ERV1	3710	-	86	100186143	659
chr14	100185484	100385484	harbor1	chr14	100207327	100208697	LTR/ERV1	9132	-	685	100208012	22528
chr14	104590358	104790358	harbor1	chr14	104647261	104647869	LTR/ERV1	3965	-	304	104647565	57207
chr14	103611773	103811773	harbor1	chr14	103643453	103643645	LTR/ERV1	1603	-	96	103643549	31776
chr14	103611773	103811773	harbor1	chr14	103643869	103643881	LTR/ERV1	1603	-	6	103643875	32102
chr14	100182129	100382129	harbor1	chr14	100182548	100182686	LTR/ERV1	2087	-	69	100182617	488
chr14	100182129	100382129	harbor1	chr14	100182909	100182971	LTR/ERV1	2087	-	31	100182940	811
chr14	100182129	100382129	harbor1	chr14	100183261	100183605	LTR/ERV1	2087	-	172	100183433	1304
chr14	100182129	100382129	harbor1	chr14	100183922	100183961	LTR/ERV1	2087	-	20	100183942	1813
chr14	100182129	100382129	harbor1	chr14	100185189	100185730	LTR/ERV1	3710	-	270	100185459	3330
chr14	100182129	100382129	harbor1	chr14	100186057	100186228	LTR/ERV1	3710	-	86	100186143	4014
chr14	100182129	100382129	harbor1	chr14	100207327	100208697	LTR/ERV1	9132	-	685	100208012	25883
chr14	74822554	75022554	harbor1	chr14	74903960	74904537	LTR/ERV1	2884	-	288	74904248	81694
chr14	23452131	23652131	harbor1	chr14	23466697	23467113	LTR/ERV1	2761	-	208	23466905	14774
chr14	105059476	105259476	harbor1	chr14	105114673	105114818	LTR/ERV1	2599	-	72	105114745	55269
chr14	105059476	105259476	harbor1	chr14	105115126	105115614	LTR/ERV1	2599	-	244	105115370	55894
chr14	105059476	105259476	harbor1	chr14	105115657	105115917	LTR/ERV1	1369	-	130	105115787	56311
chr14	24047207	24247207	harbor1	chr14	24091822	24092013	LTR/ERV1	998	-	96	24091918	44711
chr14	104780663	104980663	harbor1	chr14	104828086	104828414	LTR/ERV1	2123	-	164	104828250	47587
chr14	76928821	77128821	harbor1	chr14	76962763	76962959	LTR/ERV1	3070	-	98	76962861	34040
chr14	76928821	77128821	harbor1	chr14	76963262	76963621	LTR/ERV1	3070	-	180	76963442	34621
chr14	69667763	69867763	harbor1	chr14	69696799	69697441	LTR/ERV1	4303	-	321	69697120	29357
chr14	69667763	69867763	harbor1	chr14	69697927	69698045	LTR/ERV1	822	-	59	69697986	30223
chr14	69667763	69867763	harbor1	chr14	69699690	69700304	LTR/ERV1	3865	-	307	69699997	32234
chr14	69667763	69867763	harbor1	chr14	69728505	69728944	LTR/ERV1	3123	-	220	69728725	60962
chr14	69667763	69867763	harbor1	chr14	69729089	69729276	LTR/ERV1	1379	-	94	69729183	61420
chr14	69667763	69867763	harbor1	chr14	69739976	69740410	LTR/ERV1	2277	-	217	69740193	72430
chr14	69667763	69867763	harbor1	chr14	69740419	69742424	LTR/ERV1	16562	-	1002	69741421	73658
chr14	69667763	69867763	harbor1	chr14	69742739	69743256	LTR/ERV1	16562	-	258	69742997	75234
chr14	69667763	69867763	harbor1	chr14	69743552	69743839	LTR/ERV1	16562	-	144	69743696	75933
chr14	69667763	69867763	harbor1	chr14	69744149	69744479	LTR/ERV1	9595	-	165	69744314	76551
chr14	69667763	69867763	harbor1	chr14	69744723	69744936	LTR/ERV1	9595	-	106	69744829	77066
chr14	69667763	69867763	harbor1	chr14	69745226	69745502	LTR/ERV1	9595	-	138	69745364	77601
chr14	69667763	69867763	harbor1	chr14	69745777	69745965	LTR/ERV1	3388	-	94	69745871	78108
chr14	69667763	69867763	harbor1	chr14	69746049	69746603	LTR/ERV1	5224	-	277	69746326	78563
chr14	69667763	69867763	harbor1	chr14	69746896	69747230	LTR/ERV1	5224	-	167	69747063	79300
chr14	69667763	69867763	harbor1	chr14	69747251	69747730	LTR/ERV1	3022	-	240	69747491	79728
chr14	94074221	94274221	harbor1	chr14	94081481	94081703	LTR/ERV1	1447	-	111	94081592	7371
chr14	94074221	94274221	harbor1	chr14	94084467	94084951	LTR/ERV1	3399	-	242	94084709	10488
chr14	94074221	94274221	harbor1	chr14	94086924	94087417	LTR/ERV1	2080	-	246	94087170	12949
chr14	94074221	94274221	harbor1	chr14	94087726	94087783	LTR/ERV1	2080	-	28	94087754	13533
chr14	94074221	94274221	harbor1	chr14	94089107	94089729	LTR/ERV1	4209	-	311	94089418	15197
chr14	94074221	94274221	harbor1	chr14	94089730	94091842	LTR/ERV1	16010	-	1056	94090786	16565
chr14	94074221	94274221	harbor1	chr14	94092156	94092231	LTR/ERV1	16010	-	38	94092194	17973
chr14	94074221	94274221	harbor1	chr14	94092541	94092704	LTR/ERV1	16010	-	82	94092623	18402
chr14	94074221	94274221	harbor1	chr14	94097049	94097490	LTR/ERV1	1532	-	220	94097269	23048
chr14	94074221	94274221	harbor1	chr14	94108776	94108954	LTR/ERV1	576	-	89	94108865	34644
chr14	94074221	94274221	harbor1	chr14	94109434	94109807	LTR/ERV1	1157	-	186	94109620	35399
chr14	74300576	74500576	harbor1	chr14	74314018	74314127	LTR/ERV1	3408	-	54	74314072	13496
chr14	74300576	74500576	harbor1	chr14	74314293	74314391	LTR/ERV1	3408	-	49	74314342	13766
chr14	74300576	74500576	harbor1	chr14	74314703	74315189	LTR/ERV1	3408	-	243	74314946	14370
chr14	24047697	24247697	harbor1	chr14	24091822	24092013	LTR/ERV1	998	-	96	24091918	44221
chr14	76928851	77128851	harbor1	chr14	76962763	76962959	LTR/ERV1	3070	-	98	76962861	34010
chr14	76928851	77128851	harbor1	chr14	76963262	76963621	LTR/ERV1	3070	-	180	76963442	34591
chr14	21308274	21508274	harbor1	chr14	21308566	21309205	LTR/ERV1	4354	-	320	21308886	612
chr14	76928811	77128811	harbor1	chr14	76962763	76962959	LTR/ERV1	3070	-	98	76962861	34050
chr14	76928811	77128811	harbor1	chr14	76963262	76963621	LTR/ERV1	3070	-	180	76963442	34631
chr14	76928796	77128796	harbor1	chr14	76962763	76962959	LTR/ERV1	3070	-	98	76962861	34065
chr14	76928796	77128796	harbor1	chr14	76963262	76963621	LTR/ERV1	3070	-	180	76963442	34646
chr14	51140268	51340268	harbor1	chr14	51142073	51142955	LTR/ERV1	4445	-	441	51142514	2246
chr14	51140268	51340268	harbor1	chr14	51155658	51156103	LTR/ERV1	1710	-	222	51155880	15612
chr14	51140268	51340268	harbor1	chr14	51156111	51156455	LTR/ERV1	3752	-	172	51156283	16015
chr14	51140268	51340268	harbor1	chr14	51156865	51157165	LTR/ERV1	4247	-	150	51157015	16747
chr14	51140268	51340268	harbor1	chr14	51157264	51158835	LTR/ERV1	4247	-	786	51158050	17782
chr14	51140268	51340268	harbor1	chr14	51159123	51159984	LTR/ERV1	4247	-	430	51159553	19285
chr14	51140268	51340268	harbor1	chr14	51160273	51160452	LTR/ERV1	1401	-	90	51160363	20095
chr14	51140268	51340268	harbor1	chr14	51160753	51160945	LTR/ERV1	1401	-	96	51160849	20581
chr14	51140268	51340268	harbor1	chr14	51161318	51164152	LTR/ERV1	8015	-	1417	51162735	22467
chr14	51140268	51340268	harbor1	chr14	51164159	51164595	LTR/ERV1	2203	-	218	51164377	24109
chr14	51140268	51340268	harbor1	chr14	51238185	51238643	LTR/ERV1	3146	-	229	51238414	98146
chr14	91224777	91424777	harbor1	chr14	91225665	91225981	LTR/ERV1	2633	-	158	91225823	1046
chr14	91224777	91424777	harbor1	chr14	91226296	91226868	LTR/ERV1	4621	-	286	91226582	1805
chr14	91224777	91424777	harbor1	chr14	91225982	91226273	LTR/ERV1	2434	-	146	91226128	1351
chr14	104623497	104823497	harbor1	chr14	104647261	104647869	LTR/ERV1	3965	-	304	104647565	24068
chr14	104623497	104823497	harbor1	chr14	104698322	104698453	LTR/ERV1	557	-	66	104698388	74891
chr14	76928421	77128421	harbor1	chr14	76962763	76962959	LTR/ERV1	3070	-	98	76962861	34440
chr14	76928421	77128421	harbor1	chr14	76963262	76963621	LTR/ERV1	3070	-	180	76963442	35021
chr14	23249324	23449324	harbor1	chr14	23250630	23251065	LTR/ERV1	3101	-	218	23250848	1524
chr14	23249324	23449324	harbor1	chr14	23252463	23252999	LTR/ERV1	3070	-	268	23252731	3407
chr14	23249324	23449324	harbor1	chr14	23260892	23261480	LTR/ERV1	4922	-	294	23261186	11862
chr14	23249324	23449324	harbor1	chr14	23279186	23279677	LTR/ERV1	3397	-	246	23279432	30108
chr14	100185531	100385531	harbor1	chr14	100185189	100185730	LTR/ERV1	3710	-	270	100185459	72
chr14	100185531	100385531	harbor1	chr14	100186057	100186228	LTR/ERV1	3710	-	86	100186143	612
chr14	100185531	100385531	harbor1	chr14	100207327	100208697	LTR/ERV1	9132	-	685	100208012	22481
chr14	103421746	103621746	harbor1	chr14	103427182	103427217	LTR/ERV1	3817	-	18	103427200	5454
chr14	103421746	103621746	harbor1	chr14	103427526	103428035	LTR/ERV1	3817	-	254	103427780	6034
chr14	103421746	103621746	harbor1	chr14	103428036	103428202	LTR/ERV1	1061	-	83	103428119	6373
chr14	103421746	103621746	harbor1	chr14	103432444	103432568	LTR/ERV1	911	-	62	103432506	10760
chr14	103421746	103621746	harbor1	chr14	103432864	103432947	LTR/ERV1	911	-	42	103432906	11160
chr14	103421746	103621746	harbor1	chr14	103432921	103433068	LTR/ERV1	596	-	74	103432995	11249
chr14	103421746	103621746	harbor1	chr14	103433387	103433411	LTR/ERV1	596	-	12	103433399	11653
chr14	103421746	103621746	harbor1	chr14	103433704	103433897	LTR/ERV1	1008	-	96	103433800	12054
chr14	103421746	103621746	harbor1	chr14	103433898	103434276	LTR/ERV1	1763	-	189	103434087	12341
chr14	103421746	103621746	harbor1	chr14	103434385	103434782	LTR/ERV1	1752	-	198	103434583	12837
chr14	104588146	104788146	harbor1	chr14	104647261	104647869	LTR/ERV1	3965	-	304	104647565	59419
chr14	76928813	77128813	harbor1	chr14	76962763	76962959	LTR/ERV1	3070	-	98	76962861	34048
chr14	76928813	77128813	harbor1	chr14	76963262	76963621	LTR/ERV1	3070	-	180	76963442	34629
chr14	76928830	77128830	harbor1	chr14	76962763	76962959	LTR/ERV1	3070	-	98	76962861	34031
chr14	76928830	77128830	harbor1	chr14	76963262	76963621	LTR/ERV1	3070	-	180	76963442	34612
chr14	20990975	21190975	harbor1	chr14	21005298	21005505	LTR/ERV1	586	-	104	21005402	14427
chr14	69667329	69867329	harbor1	chr14	69696799	69697441	LTR/ERV1	4303	-	321	69697120	29791
chr14	69667329	69867329	harbor1	chr14	69697927	69698045	LTR/ERV1	822	-	59	69697986	30657
chr14	69667329	69867329	harbor1	chr14	69699690	69700304	LTR/ERV1	3865	-	307	69699997	32668
chr14	69667329	69867329	harbor1	chr14	69728505	69728944	LTR/ERV1	3123	-	220	69728725	61396
chr14	69667329	69867329	harbor1	chr14	69729089	69729276	LTR/ERV1	1379	-	94	69729183	61854
chr14	69667329	69867329	harbor1	chr14	69739976	69740410	LTR/ERV1	2277	-	217	69740193	72864
chr14	69667329	69867329	harbor1	chr14	69740419	69742424	LTR/ERV1	16562	-	1002	69741421	74092
chr14	69667329	69867329	harbor1	chr14	69742739	69743256	LTR/ERV1	16562	-	258	69742997	75668
chr14	69667329	69867329	harbor1	chr14	69743552	69743839	LTR/ERV1	16562	-	144	69743696	76367
chr14	69667329	69867329	harbor1	chr14	69744149	69744479	LTR/ERV1	9595	-	165	69744314	76985
chr14	69667329	69867329	harbor1	chr14	69744723	69744936	LTR/ERV1	9595	-	106	69744829	77500
chr14	69667329	69867329	harbor1	chr14	69745226	69745502	LTR/ERV1	9595	-	138	69745364	78035
chr14	69667329	69867329	harbor1	chr14	69745777	69745965	LTR/ERV1	3388	-	94	69745871	78542
chr14	69667329	69867329	harbor1	chr14	69746049	69746603	LTR/ERV1	5224	-	277	69746326	78997
chr14	69667329	69867329	harbor1	chr14	69746896	69747230	LTR/ERV1	5224	-	167	69747063	79734
chr14	69667329	69867329	harbor1	chr14	69747251	69747730	LTR/ERV1	3022	-	240	69747491	80162
chr14	102040503	102240503	harbor1	chr14	102056486	102056822	LTR/ERV1	3019	-	168	102056654	16151
chr14	102040503	102240503	harbor1	chr14	102134425	102136075	LTR/ERV1	11210	-	825	102135250	94747
chr14	102040503	102240503	harbor1	chr14	102055920	102056021	LTR/ERV1	3019	-	50	102055970	15467
chr14	104416746	104616746	harbor1	chr14	104488546	104489369	LTR/ERV1	3038	-	412	104488958	72212
chr14	67141315	67341315	harbor1	chr14	67146569	67146728	LTR/ERV1	656	-	80	67146649	5334
chr14	67141315	67341315	harbor1	chr14	67147064	67147504	LTR/ERV1	3382	-	220	67147284	5969
chr14	67141315	67341315	harbor1	chr14	67147530	67147543	LTR/ERV1	3382	-	6	67147536	6221
chr14	67141315	67341315	harbor1	chr14	67147697	67148221	LTR/ERV1	3382	-	262	67147959	6644
chr14	67141315	67341315	harbor1	chr14	67149565	67150160	LTR/ERV1	2256	-	298	67149863	8548
chr14	67141315	67341315	harbor1	chr14	67150471	67150683	LTR/ERV1	2256	-	106	67150577	9262
chr14	67141315	67341315	harbor1	chr14	67150875	67151634	LTR/ERV1	3230	-	380	67151255	9940
chr14	67141315	67341315	harbor1	chr14	67151944	67152036	LTR/ERV1	3230	-	46	67151990	10675
chr14	67141315	67341315	harbor1	chr14	67152408	67152684	LTR/ERV1	875	-	138	67152546	11231
chr14	67141315	67341315	harbor1	chr14	67153609	67153691	LTR/ERV1	875	-	41	67153650	12335
chr14	24047761	24247761	harbor1	chr14	24091822	24092013	LTR/ERV1	998	-	96	24091918	44157
chr14	104785187	104985187	harbor1	chr14	104828086	104828414	LTR/ERV1	2123	-	164	104828250	43063
chr14	103423069	103623069	harbor1	chr14	103427182	103427217	LTR/ERV1	3817	-	18	103427200	4131
chr14	103423069	103623069	harbor1	chr14	103427526	103428035	LTR/ERV1	3817	-	254	103427780	4711
chr14	103423069	103623069	harbor1	chr14	103428036	103428202	LTR/ERV1	1061	-	83	103428119	5050
chr14	103423069	103623069	harbor1	chr14	103432444	103432568	LTR/ERV1	911	-	62	103432506	9437
chr14	103423069	103623069	harbor1	chr14	103432864	103432947	LTR/ERV1	911	-	42	103432906	9837
chr14	103423069	103623069	harbor1	chr14	103432921	103433068	LTR/ERV1	596	-	74	103432995	9926
chr14	103423069	103623069	harbor1	chr14	103433387	103433411	LTR/ERV1	596	-	12	103433399	10330
chr14	103423069	103623069	harbor1	chr14	103433704	103433897	LTR/ERV1	1008	-	96	103433800	10731
chr14	103423069	103623069	harbor1	chr14	103433898	103434276	LTR/ERV1	1763	-	189	103434087	11018
chr14	103423069	103623069	harbor1	chr14	103434385	103434782	LTR/ERV1	1752	-	198	103434583	11514
chr14	22776770	22976770	harbor1	chr14	22827070	22827237	LTR/ERV1	842	-	84	22827154	50384
chr14	22776770	22976770	harbor1	chr14	22827237	22827672	LTR/ERV1	2017	-	218	22827455	50685
chr14	22776770	22976770	harbor1	chr14	22827964	22828027	LTR/ERV1	2017	-	32	22827996	51226
chr14	22776770	22976770	harbor1	chr14	22828029	22828457	LTR/ERV1	2290	-	214	22828243	51473
chr14	105386427	105586427	harbor1	chr14	105402947	105403486	LTR/ERV1	3424	-	270	105403217	16790
chr14	23981770	24181770	harbor1	chr14	24009249	24009695	LTR/ERV1	3432	-	223	24009472	27702
chr14	23981770	24181770	harbor1	chr14	24015771	24016022	LTR/ERV1	1710	-	126	24015897	34127
chr14	21306992	21506992	harbor1	chr14	21308566	21309205	LTR/ERV1	4354	-	320	21308886	1894
chr14	103423052	103623052	harbor1	chr14	103427182	103427217	LTR/ERV1	3817	-	18	103427200	4148
chr14	103423052	103623052	harbor1	chr14	103427526	103428035	LTR/ERV1	3817	-	254	103427780	4728
chr14	103423052	103623052	harbor1	chr14	103428036	103428202	LTR/ERV1	1061	-	83	103428119	5067
chr14	103423052	103623052	harbor1	chr14	103432444	103432568	LTR/ERV1	911	-	62	103432506	9454
chr14	103423052	103623052	harbor1	chr14	103432864	103432947	LTR/ERV1	911	-	42	103432906	9854
chr14	103423052	103623052	harbor1	chr14	103432921	103433068	LTR/ERV1	596	-	74	103432995	9943
chr14	103423052	103623052	harbor1	chr14	103433387	103433411	LTR/ERV1	596	-	12	103433399	10347
chr14	103423052	103623052	harbor1	chr14	103433704	103433897	LTR/ERV1	1008	-	96	103433800	10748
chr14	103423052	103623052	harbor1	chr14	103433898	103434276	LTR/ERV1	1763	-	189	103434087	11035
chr14	103423052	103623052	harbor1	chr14	103434385	103434782	LTR/ERV1	1752	-	198	103434583	11531
chr14	104785177	104985177	harbor1	chr14	104828086	104828414	LTR/ERV1	2123	-	164	104828250	43073
chr14	73659652	73859652	harbor1	chr14	73663667	73664265	LTR/ERV1	3965	-	299	73663966	4314
chr14	24047716	24247716	harbor1	chr14	24091822	24092013	LTR/ERV1	998	-	96	24091918	44202
chr14	104000741	104200741	harbor1	chr14	104002020	104002037	LTR/ERV1	2335	-	8	104002028	1287
chr14	104000741	104200741	harbor1	chr14	104002346	104002717	LTR/ERV1	2335	-	186	104002532	1791
chr14	104000741	104200741	harbor1	chr14	104003017	104003030	LTR/ERV1	2335	-	6	104003023	2282
chr14	104000741	104200741	harbor1	chr14	104003036	104003144	LTR/ERV1	563	-	54	104003090	2349
chr14	104000741	104200741	harbor1	chr14	104003186	104003337	LTR/ERV1	776	-	76	104003262	2521
chr14	104000741	104200741	harbor1	chr14	104084541	104084943	LTR/ERV1	2356	-	201	104084742	84001
chr14	104000741	104200741	harbor1	chr14	104089587	104089687	LTR/ERV1	529	-	50	104089637	88896
chr14	91474368	91674368	harbor1	chr14	91517923	91518376	LTR/ERV1	1635	-	226	91518149	43781
chr14	91474368	91674368	harbor1	chr14	91567235	91567340	LTR/ERV1	4171	-	52	91567287	92919
chr14	91474368	91674368	harbor1	chr14	91567646	91568205	LTR/ERV1	4171	-	280	91567926	93558
chr14	90283195	90483195	harbor1	chr14	90347389	90347523	LTR/ERV1	2394	-	67	90347456	64261
chr14	90283195	90483195	harbor1	chr14	90347813	90348020	LTR/ERV1	2394	-	104	90347917	64722
chr14	103423043	103623043	harbor1	chr14	103427182	103427217	LTR/ERV1	3817	-	18	103427200	4157
chr14	103423043	103623043	harbor1	chr14	103427526	103428035	LTR/ERV1	3817	-	254	103427780	4737
chr14	103423043	103623043	harbor1	chr14	103428036	103428202	LTR/ERV1	1061	-	83	103428119	5076
chr14	103423043	103623043	harbor1	chr14	103432444	103432568	LTR/ERV1	911	-	62	103432506	9463
chr14	103423043	103623043	harbor1	chr14	103432864	103432947	LTR/ERV1	911	-	42	103432906	9863
chr14	103423043	103623043	harbor1	chr14	103432921	103433068	LTR/ERV1	596	-	74	103432995	9952
chr14	103423043	103623043	harbor1	chr14	103433387	103433411	LTR/ERV1	596	-	12	103433399	10356
chr14	103423043	103623043	harbor1	chr14	103433704	103433897	LTR/ERV1	1008	-	96	103433800	10757
chr14	103423043	103623043	harbor1	chr14	103433898	103434276	LTR/ERV1	1763	-	189	103434087	11044
chr14	103423043	103623043	harbor1	chr14	103434385	103434782	LTR/ERV1	1752	-	198	103434583	11540
chr14	100182018	100382018	harbor1	chr14	100182548	100182686	LTR/ERV1	2087	-	69	100182617	599
chr14	100182018	100382018	harbor1	chr14	100182909	100182971	LTR/ERV1	2087	-	31	100182940	922
chr14	100182018	100382018	harbor1	chr14	100183261	100183605	LTR/ERV1	2087	-	172	100183433	1415
chr14	100182018	100382018	harbor1	chr14	100183922	100183961	LTR/ERV1	2087	-	20	100183942	1924
chr14	100182018	100382018	harbor1	chr14	100185189	100185730	LTR/ERV1	3710	-	270	100185459	3441
chr14	100182018	100382018	harbor1	chr14	100186057	100186228	LTR/ERV1	3710	-	86	100186143	4125
chr14	100182018	100382018	harbor1	chr14	100207327	100208697	LTR/ERV1	9132	-	685	100208012	25994
chr14	104015415	104215415	harbor1	chr14	104084541	104084943	LTR/ERV1	2356	-	201	104084742	69327
chr14	104015415	104215415	harbor1	chr14	104089587	104089687	LTR/ERV1	529	-	50	104089637	74222
chr14	76925476	77125476	harbor1	chr14	76962763	76962959	LTR/ERV1	3070	-	98	76962861	37385
chr14	76925476	77125476	harbor1	chr14	76963262	76963621	LTR/ERV1	3070	-	180	76963442	37966
chr14	90283220	90483220	harbor1	chr14	90347389	90347523	LTR/ERV1	2394	-	67	90347456	64236
chr14	90283220	90483220	harbor1	chr14	90347813	90348020	LTR/ERV1	2394	-	104	90347917	64697
chr14	105054599	105254599	harbor1	chr14	105114673	105114818	LTR/ERV1	2599	-	72	105114745	60146
chr14	105054599	105254599	harbor1	chr14	105115126	105115614	LTR/ERV1	2599	-	244	105115370	60771
chr14	105054599	105254599	harbor1	chr14	105115657	105115917	LTR/ERV1	1369	-	130	105115787	61188
chr15	29169912	29369912	harbor1	chr15	29207256	29207744	LTR/ERV1	3085	-	244	29207500	37588
chr15	29169912	29369912	harbor1	chr15	29216879	29217411	LTR/ERV1	4001	-	266	29217145	47233
chr15	29169912	29369912	harbor1	chr15	29223988	29225311	LTR/ERV1	9357	-	662	29224650	54738
chr15	67421734	67621734	harbor1	chr15	67487932	67488030	LTR/ERV1	1268	-	49	67487981	66247
chr15	67421734	67621734	harbor1	chr15	67488341	67488593	LTR/ERV1	1268	-	126	67488467	66733
chr15	67421734	67621734	harbor1	chr15	67488960	67489005	LTR/ERV1	1268	-	22	67488982	67248
chr15	67421734	67621734	harbor1	chr15	67505944	67506474	LTR/ERV1	2932	-	265	67506209	84475
chr15	67421734	67621734	harbor1	chr15	67513106	67513621	LTR/ERV1	3116	-	258	67513364	91630
chr15	67421734	67621734	harbor1	chr15	67517914	67518261	LTR/ERV1	2113	-	174	67518088	96354
chr15	67421734	67621734	harbor1	chr15	67518573	67518685	LTR/ERV1	2113	-	56	67518629	96895
chr15	74837985	75037985	harbor1	chr15	74878600	74878750	LTR/ERV1	872	-	75	74878675	40690
chr15	74837985	75037985	harbor1	chr15	74879040	74879057	LTR/ERV1	845	-	8	74879048	41063
chr15	74837985	75037985	harbor1	chr15	74879640	74879707	LTR/ERV1	1219	-	34	74879674	41689
chr15	74837985	75037985	harbor1	chr15	74880000	74880153	LTR/ERV1	1219	-	76	74880076	42091
chr15	74837985	75037985	harbor1	chr15	74882141	74883193	LTR/ERV1	6174	-	526	74882667	44682
chr15	74837985	75037985	harbor1	chr15	74884071	74884334	LTR/ERV1	1510	-	132	74884203	46218
chr15	74837985	75037985	harbor1	chr15	74884335	74884390	LTR/ERV1	3127	-	28	74884363	46378
chr15	74837985	75037985	harbor1	chr15	74884694	74885152	LTR/ERV1	3127	-	229	74884923	46938
chr15	74837985	75037985	harbor1	chr15	74885367	74885429	LTR/ERV1	3127	-	31	74885398	47413
chr15	74837985	75037985	harbor1	chr15	74885865	74885879	LTR/ERV1	3127	-	7	74885872	47887
chr15	74837985	75037985	harbor1	chr15	74886171	74886402	LTR/ERV1	3127	-	116	74886287	48302
chr15	45029576	45229576	harbor1	chr15	45029338	45030221	LTR/ERV1	5054	-	442	45029780	204
chr15	45029576	45229576	harbor1	chr15	45033529	45034050	LTR/ERV1	2531	-	260	45033789	4213
chr15	45029576	45229576	harbor1	chr15	45048640	45049244	LTR/ERV1	2831	-	302	45048942	19366
chr15	45029576	45229576	harbor1	chr15	45049247	45050086	LTR/ERV1	12225	-	420	45049667	20091
chr15	45029576	45229576	harbor1	chr15	45050381	45052138	LTR/ERV1	12225	-	878	45051259	21683
chr15	45029576	45229576	harbor1	chr15	45052115	45052246	LTR/ERV1	701	-	66	45052181	22605
chr15	45029576	45229576	harbor1	chr15	45052240	45052678	LTR/ERV1	2365	-	219	45052459	22883
chr15	45029576	45229576	harbor1	chr15	45057842	45058561	LTR/ERV1	4159	-	360	45058202	28626
chr15	45029576	45229576	harbor1	chr15	45058594	45059218	LTR/ERV1	2558	-	312	45058906	29330
chr15	67421817	67621817	harbor1	chr15	67487932	67488030	LTR/ERV1	1268	-	49	67487981	66164
chr15	67421817	67621817	harbor1	chr15	67488341	67488593	LTR/ERV1	1268	-	126	67488467	66650
chr15	67421817	67621817	harbor1	chr15	67488960	67489005	LTR/ERV1	1268	-	22	67488982	67165
chr15	67421817	67621817	harbor1	chr15	67505944	67506474	LTR/ERV1	2932	-	265	67506209	84392
chr15	67421817	67621817	harbor1	chr15	67513106	67513621	LTR/ERV1	3116	-	258	67513364	91547
chr15	67421817	67621817	harbor1	chr15	67517914	67518261	LTR/ERV1	2113	-	174	67518088	96271
chr15	67421817	67621817	harbor1	chr15	67518573	67518685	LTR/ERV1	2113	-	56	67518629	96812
chr15	25243057	25443057	harbor1	chr15	25252270	25253758	LTR/ERV1	10334	-	744	25253014	9957
chr15	25243057	25443057	harbor1	chr15	25267421	25267868	LTR/ERV1	2808	-	224	25267645	24588
chr15	67421798	67621798	harbor1	chr15	67487932	67488030	LTR/ERV1	1268	-	49	67487981	66183
chr15	67421798	67621798	harbor1	chr15	67488341	67488593	LTR/ERV1	1268	-	126	67488467	66669
chr15	67421798	67621798	harbor1	chr15	67488960	67489005	LTR/ERV1	1268	-	22	67488982	67184
chr15	67421798	67621798	harbor1	chr15	67505944	67506474	LTR/ERV1	2932	-	265	67506209	84411
chr15	67421798	67621798	harbor1	chr15	67513106	67513621	LTR/ERV1	3116	-	258	67513364	91566
chr15	67421798	67621798	harbor1	chr15	67517914	67518261	LTR/ERV1	2113	-	174	67518088	96290
chr15	67421798	67621798	harbor1	chr15	67518573	67518685	LTR/ERV1	2113	-	56	67518629	96831
chr15	24856071	25056071	harbor1	chr15	24857700	24858408	LTR/ERV1	3646	-	354	24858054	1983
chr15	24856071	25056071	harbor1	chr15	24859595	24860123	LTR/ERV1	3808	-	264	24859859	3788
chr15	24856071	25056071	harbor1	chr15	24864944	24865046	LTR/ERV1	4175	-	51	24864995	8924
chr15	24856071	25056071	harbor1	chr15	24865346	24865952	LTR/ERV1	4175	-	303	24865649	9578
chr15	24856071	25056071	harbor1	chr15	24884806	24885361	LTR/ERV1	3428	-	278	24885084	29013
chr15	24856071	25056071	harbor1	chr15	24891257	24891436	LTR/ERV1	3571	-	90	24891347	35276
chr15	24856071	25056071	harbor1	chr15	24891737	24892497	LTR/ERV1	3571	-	380	24892117	36046
chr15	24856071	25056071	harbor1	chr15	24892765	24892909	LTR/ERV1	3571	-	72	24892837	36766
chr15	24856071	25056071	harbor1	chr15	24893923	24894214	LTR/ERV1	1720	-	146	24894069	37998
chr15	24856071	25056071	harbor1	chr15	24894519	24894835	LTR/ERV1	1720	-	158	24894677	38606
chr15	24856071	25056071	harbor1	chr15	24894862	24895363	LTR/ERV1	873	-	250	24895112	39041
chr15	24856071	25056071	harbor1	chr15	24902484	24903143	LTR/ERV1	4981	-	330	24902814	46743
chr15	24856071	25056071	harbor1	chr15	24905532	24905857	LTR/ERV1	1202	-	162	24905694	49623
chr15	24856071	25056071	harbor1	chr15	24905939	24906114	LTR/ERV1	1248	-	88	24906027	49956
chr15	24856071	25056071	harbor1	chr15	24906432	24906641	LTR/ERV1	1248	-	104	24906536	50465
chr15	24856071	25056071	harbor1	chr15	24906824	24907042	LTR/ERV1	521	-	109	24906933	50862
chr15	24856071	25056071	harbor1	chr15	24907036	24907250	LTR/ERV1	680	-	107	24907143	51072
chr15	24856071	25056071	harbor1	chr15	24908614	24908850	LTR/ERV1	770	-	118	24908732	52661
chr15	24856071	25056071	harbor1	chr15	24913690	24914254	LTR/ERV1	2961	-	282	24913972	57901
chr15	24856071	25056071	harbor1	chr15	24914571	24914736	LTR/ERV1	524	-	82	24914653	58582
chr15	24856071	25056071	harbor1	chr15	24914747	24915115	LTR/ERV1	2410	-	184	24914931	58860
chr15	24856071	25056071	harbor1	chr15	24915426	24915542	LTR/ERV1	2410	-	58	24915484	59413
chr15	24856071	25056071	harbor1	chr15	24916738	24917208	LTR/ERV1	2813	-	235	24916973	60902
chr15	24856071	25056071	harbor1	chr15	24919447	24919852	LTR/ERV1	2221	-	202	24919649	63578
chr15	24856071	25056071	harbor1	chr15	24924071	24924584	LTR/ERV1	504	-	256	24924327	68256
chr15	24856071	25056071	harbor1	chr15	24931294	24931447	LTR/ERV1	852	-	76	24931370	75299
chr15	24856071	25056071	harbor1	chr15	24931886	24932233	LTR/ERV1	1799	-	174	24932060	75989
chr15	24856071	25056071	harbor1	chr15	24932533	24932602	LTR/ERV1	1799	-	34	24932567	76496
chr15	67421805	67621805	harbor1	chr15	67487932	67488030	LTR/ERV1	1268	-	49	67487981	66176
chr15	67421805	67621805	harbor1	chr15	67488341	67488593	LTR/ERV1	1268	-	126	67488467	66662
chr15	67421805	67621805	harbor1	chr15	67488960	67489005	LTR/ERV1	1268	-	22	67488982	67177
chr15	67421805	67621805	harbor1	chr15	67505944	67506474	LTR/ERV1	2932	-	265	67506209	84404
chr15	67421805	67621805	harbor1	chr15	67513106	67513621	LTR/ERV1	3116	-	258	67513364	91559
chr15	67421805	67621805	harbor1	chr15	67517914	67518261	LTR/ERV1	2113	-	174	67518088	96283
chr15	67421805	67621805	harbor1	chr15	67518573	67518685	LTR/ERV1	2113	-	56	67518629	96824
chr15	66786957	66986957	harbor1	chr15	66834450	66834772	LTR/ERV1	1032	-	161	66834611	47654
chr15	67421688	67621688	harbor1	chr15	67487932	67488030	LTR/ERV1	1268	-	49	67487981	66293
chr15	67421688	67621688	harbor1	chr15	67488341	67488593	LTR/ERV1	1268	-	126	67488467	66779
chr15	67421688	67621688	harbor1	chr15	67488960	67489005	LTR/ERV1	1268	-	22	67488982	67294
chr15	67421688	67621688	harbor1	chr15	67505944	67506474	LTR/ERV1	2932	-	265	67506209	84521
chr15	67421688	67621688	harbor1	chr15	67513106	67513621	LTR/ERV1	3116	-	258	67513364	91676
chr15	67421688	67621688	harbor1	chr15	67517914	67518261	LTR/ERV1	2113	-	174	67518088	96400
chr15	67421688	67621688	harbor1	chr15	67518573	67518685	LTR/ERV1	2113	-	56	67518629	96941
chr15	67421773	67621773	harbor1	chr15	67487932	67488030	LTR/ERV1	1268	-	49	67487981	66208
chr15	67421773	67621773	harbor1	chr15	67488341	67488593	LTR/ERV1	1268	-	126	67488467	66694
chr15	67421773	67621773	harbor1	chr15	67488960	67489005	LTR/ERV1	1268	-	22	67488982	67209
chr15	67421773	67621773	harbor1	chr15	67505944	67506474	LTR/ERV1	2932	-	265	67506209	84436
chr15	67421773	67621773	harbor1	chr15	67513106	67513621	LTR/ERV1	3116	-	258	67513364	91591
chr15	67421773	67621773	harbor1	chr15	67517914	67518261	LTR/ERV1	2113	-	174	67518088	96315
chr15	67421773	67621773	harbor1	chr15	67518573	67518685	LTR/ERV1	2113	-	56	67518629	96856
chr15	34109577	34309577	harbor1	chr15	34154726	34155010	LTR/ERV1	1543	-	142	34154868	45291
chr15	34109577	34309577	harbor1	chr15	34155060	34155228	LTR/ERV1	1543	-	84	34155144	45567
chr15	34109577	34309577	harbor1	chr15	34155232	34159369	LTR/ERV1	22131	-	2068	34157300	47723
chr15	34109577	34309577	harbor1	chr15	34159375	34160640	LTR/ERV1	5142	-	632	34160007	50430
chr15	34109577	34309577	harbor1	chr15	34161460	34161977	LTR/ERV1	2196	-	258	34161718	52141
chr15	34109577	34309577	harbor1	chr15	34185595	34186083	LTR/ERV1	3568	-	244	34185839	76262
chr15	34109577	34309577	harbor1	chr15	34186087	34186175	LTR/ERV1	655	-	44	34186131	76554
chr15	34109577	34309577	harbor1	chr15	34186175	34186201	LTR/ERV1	1769	-	13	34186188	76611
chr15	34109577	34309577	harbor1	chr15	34187496	34187856	LTR/ERV1	7443	-	180	34187676	78099
chr15	34109577	34309577	harbor1	chr15	34188169	34188274	LTR/ERV1	7443	-	52	34188221	78644
chr15	34109577	34309577	harbor1	chr15	34188576	34189040	LTR/ERV1	7443	-	232	34188808	79231
chr15	34109577	34309577	harbor1	chr15	34189324	34189827	LTR/ERV1	7443	-	252	34189576	79999
chr15	34109577	34309577	harbor1	chr15	34199533	34200172	LTR/ERV1	3671	-	320	34199853	90276
chr15	34109577	34309577	harbor1	chr15	34160634	34161443	LTR/ERV1	2154	-	404	34161038	51461
chr15	29944821	30144821	harbor1	chr15	30026235	30026686	LTR/ERV1	2689	-	226	30026461	81640
chr15	65277014	65477014	harbor1	chr15	65300211	65301637	LTR/ERV1	8463	-	713	65300924	23910
chr15	101552272	101752272	harbor1	chr15	101636247	101636655	LTR/ERV1	747	-	204	101636451	84179
chr15	101552272	101752272	harbor1	chr15	101636915	101637647	LTR/ERV1	3837	-	366	101637281	85009
chr15	41799530	41999530	harbor1	chr15	41813881	41814425	LTR/ERV1	1679	-	272	41814153	14623
chr15	74734286	74934286	harbor1	chr15	74746805	74747009	LTR/ERV1	485	-	102	74746907	12621
chr15	74734286	74934286	harbor1	chr15	74779139	74779520	LTR/ERV1	1784	-	190	74779329	45043
chr15	67421706	67621706	harbor1	chr15	67487932	67488030	LTR/ERV1	1268	-	49	67487981	66275
chr15	67421706	67621706	harbor1	chr15	67488341	67488593	LTR/ERV1	1268	-	126	67488467	66761
chr15	67421706	67621706	harbor1	chr15	67488960	67489005	LTR/ERV1	1268	-	22	67488982	67276
chr15	67421706	67621706	harbor1	chr15	67505944	67506474	LTR/ERV1	2932	-	265	67506209	84503
chr15	67421706	67621706	harbor1	chr15	67513106	67513621	LTR/ERV1	3116	-	258	67513364	91658
chr15	67421706	67621706	harbor1	chr15	67517914	67518261	LTR/ERV1	2113	-	174	67518088	96382
chr15	67421706	67621706	harbor1	chr15	67518573	67518685	LTR/ERV1	2113	-	56	67518629	96923
chr15	74946674	75146674	harbor1	chr15	75031357	75031444	LTR/ERV1	1566	-	44	75031401	84727
chr15	74946674	75146674	harbor1	chr15	75031729	75032162	LTR/ERV1	1566	-	216	75031945	85271
chr15	24516009	24716009	harbor1	chr15	24513896	24517177	LTR/ERV1	9367	-	1640	24515536	473
chr15	24516009	24716009	harbor1	chr15	24517183	24517523	LTR/ERV1	933	-	170	24517353	1344
chr15	24516009	24716009	harbor1	chr15	24519076	24519260	LTR/ERV1	461	-	92	24519168	3159
chr15	24516009	24716009	harbor1	chr15	24519593	24519805	LTR/ERV1	461	-	106	24519699	3690
chr15	24516009	24716009	harbor1	chr15	24523802	24524561	LTR/ERV1	3999	-	380	24524182	8173
chr15	24516009	24716009	harbor1	chr15	24526493	24526838	LTR/ERV1	1244	-	172	24526665	10656
chr15	24516009	24716009	harbor1	chr15	24526947	24529077	LTR/ERV1	7799	-	1065	24528012	12003
chr15	24516009	24716009	harbor1	chr15	24529377	24529920	LTR/ERV1	7799	-	272	24529649	13640
chr15	24516009	24716009	harbor1	chr15	24530209	24530759	LTR/ERV1	5050	-	275	24530484	14475
chr15	24516009	24716009	harbor1	chr15	24531303	24531484	LTR/ERV1	453	-	90	24531393	15384
chr15	24516009	24716009	harbor1	chr15	24531527	24532006	LTR/ERV1	1508	-	240	24531767	15758
chr15	24516009	24716009	harbor1	chr15	24550888	24551500	LTR/ERV1	802	-	306	24551194	35185
chr15	24516009	24716009	harbor1	chr15	24551762	24552613	LTR/ERV1	1479	-	426	24552188	36179
chr15	24516009	24716009	harbor1	chr15	24553518	24554522	LTR/ERV1	1617	-	502	24554020	38011
chr15	24516009	24716009	harbor1	chr15	24554560	24555203	LTR/ERV1	1617	-	322	24554882	38873
chr15	24516009	24716009	harbor1	chr15	24556252	24556590	LTR/ERV1	647	-	169	24556421	40412
chr15	24516009	24716009	harbor1	chr15	24558079	24558472	LTR/ERV1	879	-	196	24558275	42266
chr15	24516009	24716009	harbor1	chr15	24571632	24572152	LTR/ERV1	2632	-	260	24571892	55883
chr15	24516009	24716009	harbor1	chr15	24578802	24579345	LTR/ERV1	464	-	272	24579074	63065
chr15	24516009	24716009	harbor1	chr15	24589211	24589722	LTR/ERV1	2763	-	256	24589467	73458
chr15	24516009	24716009	harbor1	chr15	24590052	24590229	LTR/ERV1	3568	-	88	24590140	74131
chr15	24516009	24716009	harbor1	chr15	24590531	24591110	LTR/ERV1	3568	-	290	24590821	74812
chr15	24516009	24716009	harbor1	chr15	24592840	24593048	LTR/ERV1	875	-	104	24592944	76935
chr15	24516009	24716009	harbor1	chr15	24593049	24593777	LTR/ERV1	2631	-	364	24593413	77404
chr15	24516009	24716009	harbor1	chr15	24598468	24599234	LTR/ERV1	4059	-	383	24598851	82842
chr15	24516009	24716009	harbor1	chr15	24601162	24601602	LTR/ERV1	1320	-	220	24601382	85373
chr15	24516009	24716009	harbor1	chr15	24603187	24603567	LTR/ERV1	966	-	190	24603377	87368
chr15	24516009	24716009	harbor1	chr15	24603614	24603964	LTR/ERV1	1670	-	175	24603789	87780
chr15	24516009	24716009	harbor1	chr15	24603961	24604083	LTR/ERV1	592	-	61	24604022	88013
chr15	24516009	24716009	harbor1	chr15	24526831	24526945	LTR/ERV1	700	-	57	24526888	10879
chr15	24516009	24716009	harbor1	chr15	24591098	24592699	LTR/ERV1	4922	-	800	24591898	75889
chr15	78668333	78868333	harbor1	chr15	78748385	78748595	LTR/ERV1	1014	-	105	78748490	80157
chr15	78668333	78868333	harbor1	chr15	78748888	78749015	LTR/ERV1	1014	-	64	78748952	80619
chr15	78668333	78868333	harbor1	chr15	78749193	78749313	LTR/ERV1	1014	-	60	78749253	80920
chr15	38153030	38353030	harbor1	chr15	38175807	38176386	LTR/ERV1	804	-	290	38176097	23067
chr15	38153030	38353030	harbor1	chr15	38176493	38176785	LTR/ERV1	587	-	146	38176639	23609
chr15	67421776	67621776	harbor1	chr15	67487932	67488030	LTR/ERV1	1268	-	49	67487981	66205
chr15	67421776	67621776	harbor1	chr15	67488341	67488593	LTR/ERV1	1268	-	126	67488467	66691
chr15	67421776	67621776	harbor1	chr15	67488960	67489005	LTR/ERV1	1268	-	22	67488982	67206
chr15	67421776	67621776	harbor1	chr15	67505944	67506474	LTR/ERV1	2932	-	265	67506209	84433
chr15	67421776	67621776	harbor1	chr15	67513106	67513621	LTR/ERV1	3116	-	258	67513364	91588
chr15	67421776	67621776	harbor1	chr15	67517914	67518261	LTR/ERV1	2113	-	174	67518088	96312
chr15	67421776	67621776	harbor1	chr15	67518573	67518685	LTR/ERV1	2113	-	56	67518629	96853
chr15	29332978	29532978	harbor1	chr15	29423942	29424498	LTR/ERV1	2978	-	278	29424220	91242
chr15	69999084	70199084	harbor1	chr15	70022943	70023379	LTR/ERV1	2236	-	218	70023161	24077
chr15	74742325	74942325	harbor1	chr15	74746805	74747009	LTR/ERV1	485	-	102	74746907	4582
chr15	74742325	74942325	harbor1	chr15	74779139	74779520	LTR/ERV1	1784	-	190	74779329	37004
chr15	74742196	74942196	harbor1	chr15	74746805	74747009	LTR/ERV1	485	-	102	74746907	4711
chr15	74742196	74942196	harbor1	chr15	74779139	74779520	LTR/ERV1	1784	-	190	74779329	37133
chr15	45029523	45229523	harbor1	chr15	45029338	45030221	LTR/ERV1	5054	-	442	45029780	257
chr15	45029523	45229523	harbor1	chr15	45033529	45034050	LTR/ERV1	2531	-	260	45033789	4266
chr15	45029523	45229523	harbor1	chr15	45048640	45049244	LTR/ERV1	2831	-	302	45048942	19419
chr15	45029523	45229523	harbor1	chr15	45049247	45050086	LTR/ERV1	12225	-	420	45049667	20144
chr15	45029523	45229523	harbor1	chr15	45050381	45052138	LTR/ERV1	12225	-	878	45051259	21736
chr15	45029523	45229523	harbor1	chr15	45052115	45052246	LTR/ERV1	701	-	66	45052181	22658
chr15	45029523	45229523	harbor1	chr15	45052240	45052678	LTR/ERV1	2365	-	219	45052459	22936
chr15	45029523	45229523	harbor1	chr15	45057842	45058561	LTR/ERV1	4159	-	360	45058202	28679
chr15	45029523	45229523	harbor1	chr15	45058594	45059218	LTR/ERV1	2558	-	312	45058906	29383
chr15	29332340	29532340	harbor1	chr15	29423942	29424498	LTR/ERV1	2978	-	278	29424220	91880
chr15	19973464	20173464	harbor1	chr15	19977147	19977338	LTR/ERV1	412	-	96	19977243	3779
chr15	19973464	20173464	harbor1	chr15	20012444	20013027	LTR/ERV1	1810	-	292	20012736	39272
chr15	19973464	20173464	harbor1	chr15	20023643	20024227	LTR/ERV1	3848	-	292	20023935	50471
chr15	19973464	20173464	harbor1	chr15	20024539	20024595	LTR/ERV1	3848	-	28	20024567	51103
chr15	19973464	20173464	harbor1	chr15	20029112	20029258	LTR/ERV1	608	-	73	20029185	55721
chr15	19973464	20173464	harbor1	chr15	20064569	20064712	LTR/ERV1	506	-	72	20064641	91177
chr15	19973464	20173464	harbor1	chr15	20068294	20068505	LTR/ERV1	1063	-	106	20068400	94936
chr15	19973464	20173464	harbor1	chr15	20069395	20069725	LTR/ERV1	1922	-	165	20069560	96096
chr15	29026774	29226774	harbor1	chr15	29031595	29031888	LTR/ERV1	1856	-	146	29031741	4967
chr15	63405330	63605330	harbor1	chr15	63478389	63478569	LTR/ERV1	447	-	90	63478479	73149
chr15	20676003	20876003	harbor1	chr15	20772445	20772639	LTR/ERV1	1054	-	97	20772542	96539
chr15	29332920	29532920	harbor1	chr15	29423942	29424498	LTR/ERV1	2978	-	278	29424220	91300
chr15	67421829	67621829	harbor1	chr15	67487932	67488030	LTR/ERV1	1268	-	49	67487981	66152
chr15	67421829	67621829	harbor1	chr15	67488341	67488593	LTR/ERV1	1268	-	126	67488467	66638
chr15	67421829	67621829	harbor1	chr15	67488960	67489005	LTR/ERV1	1268	-	22	67488982	67153
chr15	67421829	67621829	harbor1	chr15	67505944	67506474	LTR/ERV1	2932	-	265	67506209	84380
chr15	67421829	67621829	harbor1	chr15	67513106	67513621	LTR/ERV1	3116	-	258	67513364	91535
chr15	67421829	67621829	harbor1	chr15	67517914	67518261	LTR/ERV1	2113	-	174	67518088	96259
chr15	67421829	67621829	harbor1	chr15	67518573	67518685	LTR/ERV1	2113	-	56	67518629	96800
chr15	68960308	69160308	harbor1	chr15	68974769	68976233	LTR/ERV1	11006	-	732	68975501	15193
chr15	68960308	69160308	harbor1	chr15	68991613	68992346	LTR/ERV1	3327	-	366	68991979	31671
chr15	68960308	69160308	harbor1	chr15	68992348	68992507	LTR/ERV1	861	-	80	68992428	32120
chr15	68960308	69160308	harbor1	chr15	68993707	68995365	LTR/ERV1	10133	-	829	68994536	34228
chr15	68960308	69160308	harbor1	chr15	68999213	68999588	LTR/ERV1	2402	-	188	68999401	39093
chr15	68960308	69160308	harbor1	chr15	68999894	68999975	LTR/ERV1	2402	-	40	68999934	39626
chr15	68960308	69160308	harbor1	chr15	69000014	69000150	LTR/ERV1	724	-	68	69000082	39774
chr15	68960308	69160308	harbor1	chr15	69002352	69002752	LTR/ERV1	2286	-	200	69002552	42244
chr15	68960308	69160308	harbor1	chr15	69002770	69005544	LTR/ERV1	25192	-	1387	69004157	43849
chr15	68960308	69160308	harbor1	chr15	69005545	69006107	LTR/ERV1	3259	-	281	69005826	45518
chr15	68960308	69160308	harbor1	chr15	69006108	69007651	LTR/ERV1	25192	-	772	69006880	46572
chr15	68960308	69160308	harbor1	chr15	69008128	69008631	LTR/ERV1	25192	-	252	69008380	48072
chr15	68960308	69160308	harbor1	chr15	69008648	69008868	LTR/ERV1	583	-	110	69008758	48450
chr15	68960308	69160308	harbor1	chr15	69008873	69009097	LTR/ERV1	1426	-	112	69008985	48677
chr15	68960308	69160308	harbor1	chr15	68992503	68993728	LTR/ERV1	7904	-	612	68993115	32807
chr15	68960308	69160308	harbor1	chr15	69009388	69009414	LTR/ERV1	1426	-	13	69009401	49093
chr15	69999137	70199137	harbor1	chr15	70022943	70023379	LTR/ERV1	2236	-	218	70023161	24024
chr15	79822730	80022730	harbor1	chr15	79872398	79872910	LTR/ERV1	2968	-	256	79872654	49924
chr15	79822730	80022730	harbor1	chr15	79878218	79878898	LTR/ERV1	4223	-	340	79878558	55828
chr15	79822730	80022730	harbor1	chr15	79909447	79909875	LTR/ERV1	3137	-	214	79909661	86931
chr15	79822730	80022730	harbor1	chr15	79915868	79916501	LTR/ERV1	4886	-	316	79916184	93454
chr15	79822730	80022730	harbor1	chr15	79916599	79918144	LTR/ERV1	3952	-	772	79917371	94641
chr15	79822730	80022730	harbor1	chr15	79918724	79918982	LTR/ERV1	1427	-	129	79918853	96123
chr15	79822730	80022730	harbor1	chr15	79919647	79920169	LTR/ERV1	2146	-	261	79919908	97178
chr15	79822730	80022730	harbor1	chr15	79920194	79920814	LTR/ERV1	4693	-	310	79920504	97774
chr15	74702668	74902668	harbor1	chr15	74746805	74747009	LTR/ERV1	485	-	102	74746907	44239
chr15	74702668	74902668	harbor1	chr15	74779139	74779520	LTR/ERV1	1784	-	190	74779329	76661
chr15	29169385	29369385	harbor1	chr15	29207256	29207744	LTR/ERV1	3085	-	244	29207500	38115
chr15	29169385	29369385	harbor1	chr15	29216879	29217411	LTR/ERV1	4001	-	266	29217145	47760
chr15	29169385	29369385	harbor1	chr15	29223988	29225311	LTR/ERV1	9357	-	662	29224650	55265
chr15	32618868	32818868	harbor1	chr15	32700434	32700801	LTR/ERV1	2114	-	184	32700618	81750
chr15	20675994	20875994	harbor1	chr15	20772445	20772639	LTR/ERV1	1054	-	97	20772542	96548
chr15	101623861	101823861	harbor1	chr15	101636247	101636655	LTR/ERV1	747	-	204	101636451	12590
chr15	101623861	101823861	harbor1	chr15	101636915	101637647	LTR/ERV1	3837	-	366	101637281	13420
chr15	73768197	73968197	harbor1	chr15	73785462	73785943	LTR/ERV1	4154	-	240	73785702	17505
chr15	73895408	74095408	harbor1	chr15	73910776	73911249	LTR/ERV1	602	-	236	73911012	15604
chr15	73895408	74095408	harbor1	chr15	73920422	73920863	LTR/ERV1	3833	-	220	73920642	25234
chr15	73895408	74095408	harbor1	chr15	73921158	73921349	LTR/ERV1	3833	-	96	73921254	25846
chr15	73895408	74095408	harbor1	chr15	73969189	73969729	LTR/ERV1	2085	-	270	73969459	74051
chr16	4016559	4216559	harbor1	chr16	4110156	4110376	LTR/ERV1	2062	-	110	4110266	93707
chr16	4016559	4216559	harbor1	chr16	4110690	4110962	LTR/ERV1	2062	-	136	4110826	94267
chr16	28503971	28703971	harbor1	chr16	28525256	28525738	LTR/ERV1	3651	-	241	28525497	21526
chr16	28503971	28703971	harbor1	chr16	28529054	28529456	LTR/ERV1	1082	-	201	28529255	25284
chr16	28503971	28703971	harbor1	chr16	28542699	28543279	LTR/ERV1	3373	-	290	28542989	39018
chr16	28503971	28703971	harbor1	chr16	28567868	28568030	LTR/ERV1	1236	-	81	28567949	63978
chr16	28503971	28703971	harbor1	chr16	28568338	28568632	LTR/ERV1	1236	-	147	28568485	64514
chr16	28503971	28703971	harbor1	chr16	28574017	28574615	LTR/ERV1	2954	-	299	28574316	70345
chr16	73379	273379	harbor1	chr16	156641	157079	LTR/ERV1	2156	-	219	156860	83481
chr16	66812746	67012746	harbor1	chr16	66897301	66897733	LTR/ERV1	3333	-	216	66897517	84771
chr16	53030875	53230875	harbor1	chr16	53034171	53034901	LTR/ERV1	2047	-	365	53034536	3661
chr16	53030875	53230875	harbor1	chr16	53035154	53035562	LTR/ERV1	1569	-	204	53035358	4483
chr16	53030875	53230875	harbor1	chr16	53038699	53038802	LTR/ERV1	582	-	52	53038751	7876
chr16	4084076	4284076	harbor1	chr16	4110156	4110376	LTR/ERV1	2062	-	110	4110266	26190
chr16	4084076	4284076	harbor1	chr16	4110690	4110962	LTR/ERV1	2062	-	136	4110826	26750
chr16	422591	622591	harbor1	chr16	439555	439847	LTR/ERV1	1930	-	146	439701	17110
chr16	2836774	3036774	harbor1	chr16	2915919	2916064	LTR/ERV1	862	-	72	2915991	79217
chr16	2836774	3036774	harbor1	chr16	2916667	2916846	LTR/ERV1	862	-	90	2916757	79983
chr16	980068	1180068	harbor1	chr16	1056155	1056612	LTR/ERV1	1850	-	228	1056383	76315
chr16	980068	1180068	harbor1	chr16	1056831	1057237	LTR/ERV1	1800	-	203	1057034	76966
chr16	72525	272525	harbor1	chr16	156641	157079	LTR/ERV1	2156	-	219	156860	84335
chr16	4016535	4216535	harbor1	chr16	4110156	4110376	LTR/ERV1	2062	-	110	4110266	93731
chr16	4016535	4216535	harbor1	chr16	4110690	4110962	LTR/ERV1	2062	-	136	4110826	94291
chr16	1	167641	harbor1	chr16	26638	27108	LTR/ERV1	3534	-	235	26873	26872
chr16	56533856	56733856	harbor1	chr16	56533956	56534089	LTR/ERV1	870	-	66	56534022	166
chr16	56533856	56733856	harbor1	chr16	56534098	56534445	LTR/ERV1	966	-	174	56534272	416
chr16	56533856	56733856	harbor1	chr16	56583459	56583855	LTR/ERV1	1746	-	198	56583657	49801
chr16	1892531	2092531	harbor1	chr16	1957337	1958737	LTR/ERV1	10224	-	700	1958037	65506
chr16	593538	793538	harbor1	chr16	639143	639372	LTR/ERV1	1597	-	114	639257	45719
chr16	593538	793538	harbor1	chr16	639579	639890	LTR/ERV1	1645	-	156	639735	46197
chr16	88283250	88483250	harbor1	chr16	88324470	88324822	LTR/ERV1	1221	-	176	88324646	41396
chr16	71269665	71469665	harbor1	chr16	71292452	71292942	LTR/ERV1	2659	-	245	71292697	23032
chr16	71269665	71469665	harbor1	chr16	71297205	71297594	LTR/ERV1	1961	-	194	71297399	27734
chr16	4084117	4284117	harbor1	chr16	4110156	4110376	LTR/ERV1	2062	-	110	4110266	26149
chr16	4084117	4284117	harbor1	chr16	4110690	4110962	LTR/ERV1	2062	-	136	4110826	26709
chr16	57702806	57902806	harbor1	chr16	57711388	57711571	LTR/ERV1	2039	-	92	57711480	8674
chr16	57702806	57902806	harbor1	chr16	57711572	57712239	LTR/ERV1	5003	-	334	57711906	9100
chr16	57702806	57902806	harbor1	chr16	57712240	57712472	LTR/ERV1	2039	-	116	57712356	9550
chr16	67098316	67298316	harbor1	chr16	67141398	67142927	LTR/ERV1	7233	-	764	67142162	43846
chr16	1	167633	harbor1	chr16	26638	27108	LTR/ERV1	3534	-	235	26873	26872
chr16	1600271	1800271	harbor1	chr16	1639211	1639907	LTR/ERV1	2142	-	348	1639559	39288
chr16	67098313	67298313	harbor1	chr16	67141398	67142927	LTR/ERV1	7233	-	764	67142162	43849
chr16	1	167676	harbor1	chr16	26638	27108	LTR/ERV1	3534	-	235	26873	26872
chr16	1892189	2092189	harbor1	chr16	1957337	1958737	LTR/ERV1	10224	-	700	1958037	65848
chr16	68145542	68345542	harbor1	chr16	68162603	68162752	LTR/ERV1	830	-	74	68162677	17135
chr16	68145542	68345542	harbor1	chr16	68186905	68188568	LTR/ERV1	8729	-	832	68187737	42195
chr16	68145542	68345542	harbor1	chr16	68242262	68242595	LTR/ERV1	1954	-	166	68242428	96886
chr16	1210306	1410306	harbor1	chr16	1290493	1290629	LTR/ERV1	3153	-	68	1290561	80255
chr16	1210306	1410306	harbor1	chr16	1290938	1291040	LTR/ERV1	3153	-	51	1290989	80683
chr16	1210306	1410306	harbor1	chr16	1291298	1291765	LTR/ERV1	3153	-	234	1291532	81226
chr16	1210306	1410306	harbor1	chr16	1293421	1293559	LTR/ERV1	4241	-	69	1293490	83184
chr16	1210306	1410306	harbor1	chr16	1293859	1294279	LTR/ERV1	4241	-	210	1294069	83763
chr16	1210306	1410306	harbor1	chr16	1296439	1296520	LTR/ERV1	2671	-	40	1296479	86173
chr16	1210306	1410306	harbor1	chr16	1296822	1297312	LTR/ERV1	2671	-	245	1297067	86761
chr16	31115390	31315390	harbor1	chr16	31210685	31210741	LTR/ERV1	822	-	28	31210713	95323
chr16	31115390	31315390	harbor1	chr16	31211054	31211272	LTR/ERV1	822	-	109	31211163	95773
chr16	30978860	31178860	harbor1	chr16	31015370	31015429	LTR/ERV1	729	-	30	31015400	36540
chr16	30978860	31178860	harbor1	chr16	31015733	31015833	LTR/ERV1	729	-	50	31015783	36923
chr16	30978860	31178860	harbor1	chr16	31016140	31016426	LTR/ERV1	643	-	143	31016283	37423
chr16	30978860	31178860	harbor1	chr16	31021441	31021624	LTR/ERV1	4242	-	92	31021533	42673
chr16	30978860	31178860	harbor1	chr16	31021932	31022302	LTR/ERV1	4242	-	185	31022117	43257
chr16	30978860	31178860	harbor1	chr16	31055827	31056169	LTR/ERV1	1466	-	171	31055998	77138
chr16	30978860	31178860	harbor1	chr16	31056779	31056854	LTR/ERV1	1333	-	38	31056817	77957
chr16	57636722	57836722	harbor1	chr16	57683144	57683647	LTR/ERV1	2821	-	252	57683396	46674
chr16	57636722	57836722	harbor1	chr16	57700321	57700366	LTR/ERV1	4811	-	22	57700343	63621
chr16	57636722	57836722	harbor1	chr16	57700680	57701253	LTR/ERV1	4811	-	286	57700966	64244
chr16	57636722	57836722	harbor1	chr16	57711388	57711571	LTR/ERV1	2039	-	92	57711480	74758
chr16	57636722	57836722	harbor1	chr16	57711572	57712239	LTR/ERV1	5003	-	334	57711906	75184
chr16	57636722	57836722	harbor1	chr16	57712240	57712472	LTR/ERV1	2039	-	116	57712356	75634
chr16	57884915	58084915	harbor1	chr16	57979753	57979785	LTR/ERV1	5472	-	16	57979769	94854
chr16	57884915	58084915	harbor1	chr16	57980081	57980685	LTR/ERV1	5472	-	302	57980383	95468
chr16	57884915	58084915	harbor1	chr16	57981015	57981098	LTR/ERV1	5472	-	42	57981057	96142
chr16	57884915	58084915	harbor1	chr16	57981434	57981501	LTR/ERV1	5472	-	34	57981468	96553
chr16	57884915	58084915	harbor1	chr16	57981805	57982011	LTR/ERV1	5472	-	103	57981908	96993
chr16	71269741	71469741	harbor1	chr16	71292452	71292942	LTR/ERV1	2659	-	245	71292697	22956
chr16	71269741	71469741	harbor1	chr16	71297205	71297594	LTR/ERV1	1961	-	194	71297399	27658
chr16	602218	802218	harbor1	chr16	639143	639372	LTR/ERV1	1597	-	114	639257	37039
chr16	602218	802218	harbor1	chr16	639579	639890	LTR/ERV1	1645	-	156	639735	37517
chr16	57884963	58084963	harbor1	chr16	57979753	57979785	LTR/ERV1	5472	-	16	57979769	94806
chr16	57884963	58084963	harbor1	chr16	57980081	57980685	LTR/ERV1	5472	-	302	57980383	95420
chr16	57884963	58084963	harbor1	chr16	57981015	57981098	LTR/ERV1	5472	-	42	57981057	96094
chr16	57884963	58084963	harbor1	chr16	57981434	57981501	LTR/ERV1	5472	-	34	57981468	96505
chr16	57884963	58084963	harbor1	chr16	57981805	57982011	LTR/ERV1	5472	-	103	57981908	96945
chr16	57418274	57618274	harbor1	chr16	57448945	57449448	LTR/ERV1	2339	-	252	57449197	30923
chr16	30087207	30287207	harbor1	chr16	30151197	30151649	LTR/ERV1	2620	-	226	30151423	64216
chr16	30087207	30287207	harbor1	chr16	30151724	30151983	LTR/ERV1	1315	-	130	30151854	64647
chr16	57884933	58084933	harbor1	chr16	57979753	57979785	LTR/ERV1	5472	-	16	57979769	94836
chr16	57884933	58084933	harbor1	chr16	57980081	57980685	LTR/ERV1	5472	-	302	57980383	95450
chr16	57884933	58084933	harbor1	chr16	57981015	57981098	LTR/ERV1	5472	-	42	57981057	96124
chr16	57884933	58084933	harbor1	chr16	57981434	57981501	LTR/ERV1	5472	-	34	57981468	96535
chr16	57884933	58084933	harbor1	chr16	57981805	57982011	LTR/ERV1	5472	-	103	57981908	96975
chr16	77459	277459	harbor1	chr16	156641	157079	LTR/ERV1	2156	-	219	156860	79401
chr16	89608858	89808858	harbor1	chr16	89611432	89611950	LTR/ERV1	2372	-	259	89611691	2833
chr16	89608858	89808858	harbor1	chr16	89624352	89624533	LTR/ERV1	2621	-	90	89624442	15584
chr16	89608858	89808858	harbor1	chr16	89624834	89625222	LTR/ERV1	2621	-	194	89625028	16170
chr16	89608858	89808858	harbor1	chr16	89674001	89674335	LTR/ERV1	726	-	167	89674168	65310
chr16	89608858	89808858	harbor1	chr16	89674943	89675118	LTR/ERV1	681	-	88	89675031	66173
chr16	89608858	89808858	harbor1	chr16	89682447	89683153	LTR/ERV1	2627	-	353	89682800	73942
chr16	1	167624	harbor1	chr16	26638	27108	LTR/ERV1	3534	-	235	26873	26872
chr16	427637	627637	harbor1	chr16	439555	439847	LTR/ERV1	1930	-	146	439701	12064
chr16	67979040	68179040	harbor1	chr16	68016275	68016518	LTR/ERV1	1895	-	122	68016397	37357
chr16	67979040	68179040	harbor1	chr16	68017070	68017170	LTR/ERV1	1895	-	50	68017120	38080
chr16	67979040	68179040	harbor1	chr16	68017474	68017512	LTR/ERV1	1895	-	19	68017493	38453
chr16	67979040	68179040	harbor1	chr16	68017817	68017887	LTR/ERV1	2065	-	35	68017852	38812
chr16	67979040	68179040	harbor1	chr16	68018187	68018477	LTR/ERV1	2065	-	145	68018332	39292
chr16	67063130	67263130	harbor1	chr16	67141398	67142927	LTR/ERV1	7233	-	764	67142162	79032
chr16	1908240	2108240	harbor1	chr16	1957337	1958737	LTR/ERV1	10224	-	700	1958037	49797
chr16	4016523	4216523	harbor1	chr16	4110156	4110376	LTR/ERV1	2062	-	110	4110266	93743
chr16	4016523	4216523	harbor1	chr16	4110690	4110962	LTR/ERV1	2062	-	136	4110826	94303
chr16	2869886	3069886	harbor1	chr16	2915919	2916064	LTR/ERV1	862	-	72	2915991	46105
chr16	2869886	3069886	harbor1	chr16	2916667	2916846	LTR/ERV1	862	-	90	2916757	46871
chr16	56464967	56664967	harbor1	chr16	56533956	56534089	LTR/ERV1	870	-	66	56534022	69055
chr16	56464967	56664967	harbor1	chr16	56534098	56534445	LTR/ERV1	966	-	174	56534272	69305
chr16	4081966	4281966	harbor1	chr16	4110156	4110376	LTR/ERV1	2062	-	110	4110266	28300
chr16	4081966	4281966	harbor1	chr16	4110690	4110962	LTR/ERV1	2062	-	136	4110826	28860
chr16	31017885	31217885	harbor1	chr16	31021441	31021624	LTR/ERV1	4242	-	92	31021533	3648
chr16	31017885	31217885	harbor1	chr16	31021932	31022302	LTR/ERV1	4242	-	185	31022117	4232
chr16	31017885	31217885	harbor1	chr16	31055827	31056169	LTR/ERV1	1466	-	171	31055998	38113
chr16	31017885	31217885	harbor1	chr16	31056779	31056854	LTR/ERV1	1333	-	38	31056817	38932
chr16	2863130	3063130	harbor1	chr16	2915919	2916064	LTR/ERV1	862	-	72	2915991	52861
chr16	2863130	3063130	harbor1	chr16	2916667	2916846	LTR/ERV1	862	-	90	2916757	53627
chr16	57884908	58084908	harbor1	chr16	57979753	57979785	LTR/ERV1	5472	-	16	57979769	94861
chr16	57884908	58084908	harbor1	chr16	57980081	57980685	LTR/ERV1	5472	-	302	57980383	95475
chr16	57884908	58084908	harbor1	chr16	57981015	57981098	LTR/ERV1	5472	-	42	57981057	96149
chr16	57884908	58084908	harbor1	chr16	57981434	57981501	LTR/ERV1	5472	-	34	57981468	96560
chr16	57884908	58084908	harbor1	chr16	57981805	57982011	LTR/ERV1	5472	-	103	57981908	97000
chr16	70055	270055	harbor1	chr16	156641	157079	LTR/ERV1	2156	-	219	156860	86805
chr16	1629276	1829276	harbor1	chr16	1639211	1639907	LTR/ERV1	2142	-	348	1639559	10283
chr16	1	167578	harbor1	chr16	26638	27108	LTR/ERV1	3534	-	235	26873	26872
chr16	4084087	4284087	harbor1	chr16	4110156	4110376	LTR/ERV1	2062	-	110	4110266	26179
chr16	4084087	4284087	harbor1	chr16	4110690	4110962	LTR/ERV1	2062	-	136	4110826	26739
chr16	56535691	56735691	harbor1	chr16	56583459	56583855	LTR/ERV1	1746	-	198	56583657	47966
chr16	57884560	58084560	harbor1	chr16	57979753	57979785	LTR/ERV1	5472	-	16	57979769	95209
chr16	57884560	58084560	harbor1	chr16	57980081	57980685	LTR/ERV1	5472	-	302	57980383	95823
chr16	57884560	58084560	harbor1	chr16	57981015	57981098	LTR/ERV1	5472	-	42	57981057	96497
chr16	57884560	58084560	harbor1	chr16	57981434	57981501	LTR/ERV1	5472	-	34	57981468	96908
chr16	57884560	58084560	harbor1	chr16	57981805	57982011	LTR/ERV1	5472	-	103	57981908	97348
chr16	1892565	2092565	harbor1	chr16	1957337	1958737	LTR/ERV1	10224	-	700	1958037	65472
chr16	71269697	71469697	harbor1	chr16	71292452	71292942	LTR/ERV1	2659	-	245	71292697	23000
chr16	71269697	71469697	harbor1	chr16	71297205	71297594	LTR/ERV1	1961	-	194	71297399	27702
chr16	56508557	56708557	harbor1	chr16	56533956	56534089	LTR/ERV1	870	-	66	56534022	25465
chr16	56508557	56708557	harbor1	chr16	56534098	56534445	LTR/ERV1	966	-	174	56534272	25715
chr16	56508557	56708557	harbor1	chr16	56583459	56583855	LTR/ERV1	1746	-	198	56583657	75100
chr16	1908827	2108827	harbor1	chr16	1957337	1958737	LTR/ERV1	10224	-	700	1958037	49210
chr16	29086399	29286399	harbor1	chr16	29156880	29157089	LTR/ERV1	737	-	104	29156984	70585
chr16	1555539	1755539	harbor1	chr16	1639211	1639907	LTR/ERV1	2142	-	348	1639559	84020
chr16	57884572	58084572	harbor1	chr16	57979753	57979785	LTR/ERV1	5472	-	16	57979769	95197
chr16	57884572	58084572	harbor1	chr16	57980081	57980685	LTR/ERV1	5472	-	302	57980383	95811
chr16	57884572	58084572	harbor1	chr16	57981015	57981098	LTR/ERV1	5472	-	42	57981057	96485
chr16	57884572	58084572	harbor1	chr16	57981434	57981501	LTR/ERV1	5472	-	34	57981468	96896
chr16	57884572	58084572	harbor1	chr16	57981805	57982011	LTR/ERV1	5472	-	103	57981908	97336
chr16	2687551	2887551	harbor1	chr16	2692195	2693045	LTR/ERV1	3140	-	425	2692620	5069
chr16	1	167688	harbor1	chr16	26638	27108	LTR/ERV1	3534	-	235	26873	26872
chr16	30087206	30287206	harbor1	chr16	30151197	30151649	LTR/ERV1	2620	-	226	30151423	64217
chr16	30087206	30287206	harbor1	chr16	30151724	30151983	LTR/ERV1	1315	-	130	30151854	64648
chr16	1	167634	harbor1	chr16	26638	27108	LTR/ERV1	3534	-	235	26873	26872
chr16	2862978	3062978	harbor1	chr16	2915919	2916064	LTR/ERV1	862	-	72	2915991	53013
chr16	2862978	3062978	harbor1	chr16	2916667	2916846	LTR/ERV1	862	-	90	2916757	53779
chr16	1	167545	harbor1	chr16	26638	27108	LTR/ERV1	3534	-	235	26873	26872
chr16	4084167	4284167	harbor1	chr16	4110156	4110376	LTR/ERV1	2062	-	110	4110266	26099
chr16	4084167	4284167	harbor1	chr16	4110690	4110962	LTR/ERV1	2062	-	136	4110826	26659
chr16	2865150	3065150	harbor1	chr16	2915919	2916064	LTR/ERV1	862	-	72	2915991	50841
chr16	2865150	3065150	harbor1	chr16	2916667	2916846	LTR/ERV1	862	-	90	2916757	51607
chr16	2865127	3065127	harbor1	chr16	2915919	2916064	LTR/ERV1	862	-	72	2915991	50864
chr16	2865127	3065127	harbor1	chr16	2916667	2916846	LTR/ERV1	862	-	90	2916757	51630
chr16	75363916	75563916	harbor1	chr16	75429819	75430160	LTR/ERV1	2493	-	170	75429989	66073
chr16	75363916	75563916	harbor1	chr16	75430756	75431015	LTR/ERV1	2493	-	130	75430886	66970
chr16	67397829	67597829	harbor1	chr16	67488980	67489386	LTR/ERV1	1920	-	203	67489183	91354
chr16	1	167697	harbor1	chr16	26638	27108	LTR/ERV1	3534	-	235	26873	26872
chr17	7461852	7661852	harbor1	chr17	7522858	7523170	LTR/ERV1	1385	-	156	7523014	61162
chr17	7461852	7661852	harbor1	chr17	7523264	7523481	LTR/ERV1	9153	-	108	7523372	61520
chr17	7461852	7661852	harbor1	chr17	7524066	7524227	LTR/ERV1	9153	-	80	7524146	62294
chr17	7461852	7661852	harbor1	chr17	7524539	7524717	LTR/ERV1	9153	-	89	7524628	62776
chr17	7461852	7661852	harbor1	chr17	7525044	7526003	LTR/ERV1	9153	-	480	7525524	63672
chr17	7461852	7661852	harbor1	chr17	7526675	7527303	LTR/ERV1	10393	-	314	7526989	65137
chr17	7461852	7661852	harbor1	chr17	7527599	7527875	LTR/ERV1	10393	-	138	7527737	65885
chr17	7461852	7661852	harbor1	chr17	7528603	7529262	LTR/ERV1	10393	-	330	7528933	67081
chr17	7461852	7661852	harbor1	chr17	7529576	7529589	LTR/ERV1	847	-	6	7529582	67730
chr17	7461852	7661852	harbor1	chr17	7538200	7538472	LTR/ERV1	3158	-	136	7538336	76484
chr17	7461852	7661852	harbor1	chr17	7539077	7539489	LTR/ERV1	3158	-	206	7539283	77431
chr17	7461889	7661889	harbor1	chr17	7522858	7523170	LTR/ERV1	1385	-	156	7523014	61125
chr17	7461889	7661889	harbor1	chr17	7523264	7523481	LTR/ERV1	9153	-	108	7523372	61483
chr17	7461889	7661889	harbor1	chr17	7524066	7524227	LTR/ERV1	9153	-	80	7524146	62257
chr17	7461889	7661889	harbor1	chr17	7524539	7524717	LTR/ERV1	9153	-	89	7524628	62739
chr17	7461889	7661889	harbor1	chr17	7525044	7526003	LTR/ERV1	9153	-	480	7525524	63635
chr17	7461889	7661889	harbor1	chr17	7526675	7527303	LTR/ERV1	10393	-	314	7526989	65100
chr17	7461889	7661889	harbor1	chr17	7527599	7527875	LTR/ERV1	10393	-	138	7527737	65848
chr17	7461889	7661889	harbor1	chr17	7528603	7529262	LTR/ERV1	10393	-	330	7528933	67044
chr17	7461889	7661889	harbor1	chr17	7529576	7529589	LTR/ERV1	847	-	6	7529582	67693
chr17	7461889	7661889	harbor1	chr17	7538200	7538472	LTR/ERV1	3158	-	136	7538336	76447
chr17	7461889	7661889	harbor1	chr17	7539077	7539489	LTR/ERV1	3158	-	206	7539283	77394
chr17	79702899	79902899	harbor1	chr17	79726814	79727251	LTR/ERV1	1536	-	218	79727032	24133
chr17	7461834	7661834	harbor1	chr17	7522858	7523170	LTR/ERV1	1385	-	156	7523014	61180
chr17	7461834	7661834	harbor1	chr17	7523264	7523481	LTR/ERV1	9153	-	108	7523372	61538
chr17	7461834	7661834	harbor1	chr17	7524066	7524227	LTR/ERV1	9153	-	80	7524146	62312
chr17	7461834	7661834	harbor1	chr17	7524539	7524717	LTR/ERV1	9153	-	89	7524628	62794
chr17	7461834	7661834	harbor1	chr17	7525044	7526003	LTR/ERV1	9153	-	480	7525524	63690
chr17	7461834	7661834	harbor1	chr17	7526675	7527303	LTR/ERV1	10393	-	314	7526989	65155
chr17	7461834	7661834	harbor1	chr17	7527599	7527875	LTR/ERV1	10393	-	138	7527737	65903
chr17	7461834	7661834	harbor1	chr17	7528603	7529262	LTR/ERV1	10393	-	330	7528933	67099
chr17	7461834	7661834	harbor1	chr17	7529576	7529589	LTR/ERV1	847	-	6	7529582	67748
chr17	7461834	7661834	harbor1	chr17	7538200	7538472	LTR/ERV1	3158	-	136	7538336	76502
chr17	7461834	7661834	harbor1	chr17	7539077	7539489	LTR/ERV1	3158	-	206	7539283	77449
chr17	7461828	7661828	harbor1	chr17	7522858	7523170	LTR/ERV1	1385	-	156	7523014	61186
chr17	7461828	7661828	harbor1	chr17	7523264	7523481	LTR/ERV1	9153	-	108	7523372	61544
chr17	7461828	7661828	harbor1	chr17	7524066	7524227	LTR/ERV1	9153	-	80	7524146	62318
chr17	7461828	7661828	harbor1	chr17	7524539	7524717	LTR/ERV1	9153	-	89	7524628	62800
chr17	7461828	7661828	harbor1	chr17	7525044	7526003	LTR/ERV1	9153	-	480	7525524	63696
chr17	7461828	7661828	harbor1	chr17	7526675	7527303	LTR/ERV1	10393	-	314	7526989	65161
chr17	7461828	7661828	harbor1	chr17	7527599	7527875	LTR/ERV1	10393	-	138	7527737	65909
chr17	7461828	7661828	harbor1	chr17	7528603	7529262	LTR/ERV1	10393	-	330	7528933	67105
chr17	7461828	7661828	harbor1	chr17	7529576	7529589	LTR/ERV1	847	-	6	7529582	67754
chr17	7461828	7661828	harbor1	chr17	7538200	7538472	LTR/ERV1	3158	-	136	7538336	76508
chr17	7461828	7661828	harbor1	chr17	7539077	7539489	LTR/ERV1	3158	-	206	7539283	77455
chr17	75009940	75209940	harbor1	chr17	75108569	75109008	LTR/ERV1	2382	-	220	75108789	98849
chr17	7461908	7661908	harbor1	chr17	7522858	7523170	LTR/ERV1	1385	-	156	7523014	61106
chr17	7461908	7661908	harbor1	chr17	7523264	7523481	LTR/ERV1	9153	-	108	7523372	61464
chr17	7461908	7661908	harbor1	chr17	7524066	7524227	LTR/ERV1	9153	-	80	7524146	62238
chr17	7461908	7661908	harbor1	chr17	7524539	7524717	LTR/ERV1	9153	-	89	7524628	62720
chr17	7461908	7661908	harbor1	chr17	7525044	7526003	LTR/ERV1	9153	-	480	7525524	63616
chr17	7461908	7661908	harbor1	chr17	7526675	7527303	LTR/ERV1	10393	-	314	7526989	65081
chr17	7461908	7661908	harbor1	chr17	7527599	7527875	LTR/ERV1	10393	-	138	7527737	65829
chr17	7461908	7661908	harbor1	chr17	7528603	7529262	LTR/ERV1	10393	-	330	7528933	67025
chr17	7461908	7661908	harbor1	chr17	7529576	7529589	LTR/ERV1	847	-	6	7529582	67674
chr17	7461908	7661908	harbor1	chr17	7538200	7538472	LTR/ERV1	3158	-	136	7538336	76428
chr17	7461908	7661908	harbor1	chr17	7539077	7539489	LTR/ERV1	3158	-	206	7539283	77375
chr17	7461804	7661804	harbor1	chr17	7522858	7523170	LTR/ERV1	1385	-	156	7523014	61210
chr17	7461804	7661804	harbor1	chr17	7523264	7523481	LTR/ERV1	9153	-	108	7523372	61568
chr17	7461804	7661804	harbor1	chr17	7524066	7524227	LTR/ERV1	9153	-	80	7524146	62342
chr17	7461804	7661804	harbor1	chr17	7524539	7524717	LTR/ERV1	9153	-	89	7524628	62824
chr17	7461804	7661804	harbor1	chr17	7525044	7526003	LTR/ERV1	9153	-	480	7525524	63720
chr17	7461804	7661804	harbor1	chr17	7526675	7527303	LTR/ERV1	10393	-	314	7526989	65185
chr17	7461804	7661804	harbor1	chr17	7527599	7527875	LTR/ERV1	10393	-	138	7527737	65933
chr17	7461804	7661804	harbor1	chr17	7528603	7529262	LTR/ERV1	10393	-	330	7528933	67129
chr17	7461804	7661804	harbor1	chr17	7529576	7529589	LTR/ERV1	847	-	6	7529582	67778
chr17	7461804	7661804	harbor1	chr17	7538200	7538472	LTR/ERV1	3158	-	136	7538336	76532
chr17	7461804	7661804	harbor1	chr17	7539077	7539489	LTR/ERV1	3158	-	206	7539283	77479
chr17	80949175	81149175	harbor1	chr17	80990345	80990535	LTR/ERV1	1213	-	95	80990440	41265
chr17	80949175	81149175	harbor1	chr17	81011505	81011560	LTR/ERV1	3416	-	28	81011533	62358
chr17	80949175	81149175	harbor1	chr17	81011861	81012324	LTR/ERV1	3416	-	232	81012093	62918
chr17	68098090	68298090	harbor1	chr17	68122451	68122890	LTR/ERV1	2620	-	220	68122671	24581
chr17	68098090	68298090	harbor1	chr17	68168481	68169921	LTR/ERV1	9400	-	720	68169201	71111
chr17	68098090	68298090	harbor1	chr17	68185785	68186084	LTR/ERV1	1057	-	150	68185935	87845
chr17	68098090	68298090	harbor1	chr17	68186085	68186656	LTR/ERV1	2576	-	286	68186371	88281
chr17	79690081	79890081	harbor1	chr17	79726814	79727251	LTR/ERV1	1536	-	218	79727032	36951
chr17	36836264	37036264	harbor1	chr17	36896088	36896748	LTR/ERV1	4218	-	330	36896418	60154
chr17	7461808	7661808	harbor1	chr17	7522858	7523170	LTR/ERV1	1385	-	156	7523014	61206
chr17	7461808	7661808	harbor1	chr17	7523264	7523481	LTR/ERV1	9153	-	108	7523372	61564
chr17	7461808	7661808	harbor1	chr17	7524066	7524227	LTR/ERV1	9153	-	80	7524146	62338
chr17	7461808	7661808	harbor1	chr17	7524539	7524717	LTR/ERV1	9153	-	89	7524628	62820
chr17	7461808	7661808	harbor1	chr17	7525044	7526003	LTR/ERV1	9153	-	480	7525524	63716
chr17	7461808	7661808	harbor1	chr17	7526675	7527303	LTR/ERV1	10393	-	314	7526989	65181
chr17	7461808	7661808	harbor1	chr17	7527599	7527875	LTR/ERV1	10393	-	138	7527737	65929
chr17	7461808	7661808	harbor1	chr17	7528603	7529262	LTR/ERV1	10393	-	330	7528933	67125
chr17	7461808	7661808	harbor1	chr17	7529576	7529589	LTR/ERV1	847	-	6	7529582	67774
chr17	7461808	7661808	harbor1	chr17	7538200	7538472	LTR/ERV1	3158	-	136	7538336	76528
chr17	7461808	7661808	harbor1	chr17	7539077	7539489	LTR/ERV1	3158	-	206	7539283	77475
chr17	7461890	7661890	harbor1	chr17	7522858	7523170	LTR/ERV1	1385	-	156	7523014	61124
chr17	7461890	7661890	harbor1	chr17	7523264	7523481	LTR/ERV1	9153	-	108	7523372	61482
chr17	7461890	7661890	harbor1	chr17	7524066	7524227	LTR/ERV1	9153	-	80	7524146	62256
chr17	7461890	7661890	harbor1	chr17	7524539	7524717	LTR/ERV1	9153	-	89	7524628	62738
chr17	7461890	7661890	harbor1	chr17	7525044	7526003	LTR/ERV1	9153	-	480	7525524	63634
chr17	7461890	7661890	harbor1	chr17	7526675	7527303	LTR/ERV1	10393	-	314	7526989	65099
chr17	7461890	7661890	harbor1	chr17	7527599	7527875	LTR/ERV1	10393	-	138	7527737	65847
chr17	7461890	7661890	harbor1	chr17	7528603	7529262	LTR/ERV1	10393	-	330	7528933	67043
chr17	7461890	7661890	harbor1	chr17	7529576	7529589	LTR/ERV1	847	-	6	7529582	67692
chr17	7461890	7661890	harbor1	chr17	7538200	7538472	LTR/ERV1	3158	-	136	7538336	76446
chr17	7461890	7661890	harbor1	chr17	7539077	7539489	LTR/ERV1	3158	-	206	7539283	77393
chr17	80933433	81133433	harbor1	chr17	80943315	80943637	LTR/ERV1	1974	-	161	80943476	10043
chr17	80933433	81133433	harbor1	chr17	80990345	80990535	LTR/ERV1	1213	-	95	80990440	57007
chr17	80933433	81133433	harbor1	chr17	81011505	81011560	LTR/ERV1	3416	-	28	81011533	78100
chr17	80933433	81133433	harbor1	chr17	81011861	81012324	LTR/ERV1	3416	-	232	81012093	78660
chr17	78891091	79091091	harbor1	chr17	78956104	78956515	LTR/ERV1	1456	-	206	78956310	65219
chr17	78891091	79091091	harbor1	chr17	78984232	78984341	LTR/ERV1	657	-	54	78984286	93195
chr17	78891091	79091091	harbor1	chr17	78986603	78987068	LTR/ERV1	2656	-	232	78986835	95744
chr17	79702898	79902898	harbor1	chr17	79726814	79727251	LTR/ERV1	1536	-	218	79727032	24134
chr17	76637237	76837237	harbor1	chr17	76663696	76663972	LTR/ERV1	1005	-	138	76663834	26597
chr17	76637237	76837237	harbor1	chr17	76664278	76664365	LTR/ERV1	1005	-	44	76664322	27085
chr17	80932396	81132396	harbor1	chr17	80943315	80943637	LTR/ERV1	1974	-	161	80943476	11080
chr17	80932396	81132396	harbor1	chr17	80990345	80990535	LTR/ERV1	1213	-	95	80990440	58044
chr17	80932396	81132396	harbor1	chr17	81011505	81011560	LTR/ERV1	3416	-	28	81011533	79137
chr17	80932396	81132396	harbor1	chr17	81011861	81012324	LTR/ERV1	3416	-	232	81012093	79697
chr17	79041540	79241540	harbor1	chr17	79056458	79056698	LTR/ERV1	1277	-	120	79056578	15038
chr17	79041540	79241540	harbor1	chr17	79070120	79070557	LTR/ERV1	1743	-	218	79070338	28798
chr17	80932315	81132315	harbor1	chr17	80943315	80943637	LTR/ERV1	1974	-	161	80943476	11161
chr17	80932315	81132315	harbor1	chr17	80990345	80990535	LTR/ERV1	1213	-	95	80990440	58125
chr17	80932315	81132315	harbor1	chr17	81011505	81011560	LTR/ERV1	3416	-	28	81011533	79218
chr17	80932315	81132315	harbor1	chr17	81011861	81012324	LTR/ERV1	3416	-	232	81012093	79778
chr17	7461823	7661823	harbor1	chr17	7522858	7523170	LTR/ERV1	1385	-	156	7523014	61191
chr17	7461823	7661823	harbor1	chr17	7523264	7523481	LTR/ERV1	9153	-	108	7523372	61549
chr17	7461823	7661823	harbor1	chr17	7524066	7524227	LTR/ERV1	9153	-	80	7524146	62323
chr17	7461823	7661823	harbor1	chr17	7524539	7524717	LTR/ERV1	9153	-	89	7524628	62805
chr17	7461823	7661823	harbor1	chr17	7525044	7526003	LTR/ERV1	9153	-	480	7525524	63701
chr17	7461823	7661823	harbor1	chr17	7526675	7527303	LTR/ERV1	10393	-	314	7526989	65166
chr17	7461823	7661823	harbor1	chr17	7527599	7527875	LTR/ERV1	10393	-	138	7527737	65914
chr17	7461823	7661823	harbor1	chr17	7528603	7529262	LTR/ERV1	10393	-	330	7528933	67110
chr17	7461823	7661823	harbor1	chr17	7529576	7529589	LTR/ERV1	847	-	6	7529582	67759
chr17	7461823	7661823	harbor1	chr17	7538200	7538472	LTR/ERV1	3158	-	136	7538336	76513
chr17	7461823	7661823	harbor1	chr17	7539077	7539489	LTR/ERV1	3158	-	206	7539283	77460
chr17	79702913	79902913	harbor1	chr17	79726814	79727251	LTR/ERV1	1536	-	218	79727032	24119
chr17	80992823	81192823	harbor1	chr17	81011505	81011560	LTR/ERV1	3416	-	28	81011533	18710
chr17	80992823	81192823	harbor1	chr17	81011861	81012324	LTR/ERV1	3416	-	232	81012093	19270
chr17	8056291	8256291	harbor1	chr17	8068550	8069009	LTR/ERV1	3864	-	230	8068780	12489
chr17	80931238	81131238	harbor1	chr17	80943315	80943637	LTR/ERV1	1974	-	161	80943476	12238
chr17	80931238	81131238	harbor1	chr17	80990345	80990535	LTR/ERV1	1213	-	95	80990440	59202
chr17	80931238	81131238	harbor1	chr17	81011505	81011560	LTR/ERV1	3416	-	28	81011533	80295
chr17	80931238	81131238	harbor1	chr17	81011861	81012324	LTR/ERV1	3416	-	232	81012093	80855
chr17	76637265	76837265	harbor1	chr17	76663696	76663972	LTR/ERV1	1005	-	138	76663834	26569
chr17	76637265	76837265	harbor1	chr17	76664278	76664365	LTR/ERV1	1005	-	44	76664322	27057
chr17	80934936	81134936	harbor1	chr17	80943315	80943637	LTR/ERV1	1974	-	161	80943476	8540
chr17	80934936	81134936	harbor1	chr17	80990345	80990535	LTR/ERV1	1213	-	95	80990440	55504
chr17	80934936	81134936	harbor1	chr17	81011505	81011560	LTR/ERV1	3416	-	28	81011533	76597
chr17	80934936	81134936	harbor1	chr17	81011861	81012324	LTR/ERV1	3416	-	232	81012093	77157
chr17	7461829	7661829	harbor1	chr17	7522858	7523170	LTR/ERV1	1385	-	156	7523014	61185
chr17	7461829	7661829	harbor1	chr17	7523264	7523481	LTR/ERV1	9153	-	108	7523372	61543
chr17	7461829	7661829	harbor1	chr17	7524066	7524227	LTR/ERV1	9153	-	80	7524146	62317
chr17	7461829	7661829	harbor1	chr17	7524539	7524717	LTR/ERV1	9153	-	89	7524628	62799
chr17	7461829	7661829	harbor1	chr17	7525044	7526003	LTR/ERV1	9153	-	480	7525524	63695
chr17	7461829	7661829	harbor1	chr17	7526675	7527303	LTR/ERV1	10393	-	314	7526989	65160
chr17	7461829	7661829	harbor1	chr17	7527599	7527875	LTR/ERV1	10393	-	138	7527737	65908
chr17	7461829	7661829	harbor1	chr17	7528603	7529262	LTR/ERV1	10393	-	330	7528933	67104
chr17	7461829	7661829	harbor1	chr17	7529576	7529589	LTR/ERV1	847	-	6	7529582	67753
chr17	7461829	7661829	harbor1	chr17	7538200	7538472	LTR/ERV1	3158	-	136	7538336	76507
chr17	7461829	7661829	harbor1	chr17	7539077	7539489	LTR/ERV1	3158	-	206	7539283	77454
chr17	76768591	76968591	harbor1	chr17	76789163	76789725	LTR/ERV1	3459	-	281	76789444	20853
chr17	76768591	76968591	harbor1	chr17	76796621	76796690	LTR/ERV1	3146	-	34	76796655	28064
chr17	76768591	76968591	harbor1	chr17	76797201	76797746	LTR/ERV1	3146	-	272	76797473	28882
chr17	76768591	76968591	harbor1	chr17	76801745	76801983	LTR/ERV1	1385	-	119	76801864	33273
chr17	76768591	76968591	harbor1	chr17	76859283	76859561	LTR/ERV1	655	-	139	76859422	90831
chr17	76768591	76968591	harbor1	chr17	76859570	76859759	LTR/ERV1	793	-	94	76859664	91073
chr17	76768591	76968591	harbor1	chr17	76860327	76860380	LTR/ERV1	793	-	26	76860353	91762
chr17	76637258	76837258	harbor1	chr17	76663696	76663972	LTR/ERV1	1005	-	138	76663834	26576
chr17	76637258	76837258	harbor1	chr17	76664278	76664365	LTR/ERV1	1005	-	44	76664322	27064
chr17	80934866	81134866	harbor1	chr17	80943315	80943637	LTR/ERV1	1974	-	161	80943476	8610
chr17	80934866	81134866	harbor1	chr17	80990345	80990535	LTR/ERV1	1213	-	95	80990440	55574
chr17	80934866	81134866	harbor1	chr17	81011505	81011560	LTR/ERV1	3416	-	28	81011533	76667
chr17	80934866	81134866	harbor1	chr17	81011861	81012324	LTR/ERV1	3416	-	232	81012093	77227
chr17	27477770	27677770	harbor1	chr17	27516734	27516863	LTR/ERV1	888	-	64	27516798	39028
chr17	27477770	27677770	harbor1	chr17	27575049	27575680	LTR/ERV1	4148	-	316	27575365	97595
chr17	7461836	7661836	harbor1	chr17	7522858	7523170	LTR/ERV1	1385	-	156	7523014	61178
chr17	7461836	7661836	harbor1	chr17	7523264	7523481	LTR/ERV1	9153	-	108	7523372	61536
chr17	7461836	7661836	harbor1	chr17	7524066	7524227	LTR/ERV1	9153	-	80	7524146	62310
chr17	7461836	7661836	harbor1	chr17	7524539	7524717	LTR/ERV1	9153	-	89	7524628	62792
chr17	7461836	7661836	harbor1	chr17	7525044	7526003	LTR/ERV1	9153	-	480	7525524	63688
chr17	7461836	7661836	harbor1	chr17	7526675	7527303	LTR/ERV1	10393	-	314	7526989	65153
chr17	7461836	7661836	harbor1	chr17	7527599	7527875	LTR/ERV1	10393	-	138	7527737	65901
chr17	7461836	7661836	harbor1	chr17	7528603	7529262	LTR/ERV1	10393	-	330	7528933	67097
chr17	7461836	7661836	harbor1	chr17	7529576	7529589	LTR/ERV1	847	-	6	7529582	67746
chr17	7461836	7661836	harbor1	chr17	7538200	7538472	LTR/ERV1	3158	-	136	7538336	76500
chr17	7461836	7661836	harbor1	chr17	7539077	7539489	LTR/ERV1	3158	-	206	7539283	77447
chr17	80932802	81132802	harbor1	chr17	80943315	80943637	LTR/ERV1	1974	-	161	80943476	10674
chr17	80932802	81132802	harbor1	chr17	80990345	80990535	LTR/ERV1	1213	-	95	80990440	57638
chr17	80932802	81132802	harbor1	chr17	81011505	81011560	LTR/ERV1	3416	-	28	81011533	78731
chr17	80932802	81132802	harbor1	chr17	81011861	81012324	LTR/ERV1	3416	-	232	81012093	79291
chr17	78251834	78451834	harbor1	chr17	78272043	78272566	LTR/ERV1	3513	-	262	78272305	20471
chr17	78251834	78451834	harbor1	chr17	78280285	78280864	LTR/ERV1	2620	-	290	78280575	28741
chr17	7461872	7661872	harbor1	chr17	7522858	7523170	LTR/ERV1	1385	-	156	7523014	61142
chr17	7461872	7661872	harbor1	chr17	7523264	7523481	LTR/ERV1	9153	-	108	7523372	61500
chr17	7461872	7661872	harbor1	chr17	7524066	7524227	LTR/ERV1	9153	-	80	7524146	62274
chr17	7461872	7661872	harbor1	chr17	7524539	7524717	LTR/ERV1	9153	-	89	7524628	62756
chr17	7461872	7661872	harbor1	chr17	7525044	7526003	LTR/ERV1	9153	-	480	7525524	63652
chr17	7461872	7661872	harbor1	chr17	7526675	7527303	LTR/ERV1	10393	-	314	7526989	65117
chr17	7461872	7661872	harbor1	chr17	7527599	7527875	LTR/ERV1	10393	-	138	7527737	65865
chr17	7461872	7661872	harbor1	chr17	7528603	7529262	LTR/ERV1	10393	-	330	7528933	67061
chr17	7461872	7661872	harbor1	chr17	7529576	7529589	LTR/ERV1	847	-	6	7529582	67710
chr17	7461872	7661872	harbor1	chr17	7538200	7538472	LTR/ERV1	3158	-	136	7538336	76464
chr17	7461872	7661872	harbor1	chr17	7539077	7539489	LTR/ERV1	3158	-	206	7539283	77411
chr17	7461869	7661869	harbor1	chr17	7522858	7523170	LTR/ERV1	1385	-	156	7523014	61145
chr17	7461869	7661869	harbor1	chr17	7523264	7523481	LTR/ERV1	9153	-	108	7523372	61503
chr17	7461869	7661869	harbor1	chr17	7524066	7524227	LTR/ERV1	9153	-	80	7524146	62277
chr17	7461869	7661869	harbor1	chr17	7524539	7524717	LTR/ERV1	9153	-	89	7524628	62759
chr17	7461869	7661869	harbor1	chr17	7525044	7526003	LTR/ERV1	9153	-	480	7525524	63655
chr17	7461869	7661869	harbor1	chr17	7526675	7527303	LTR/ERV1	10393	-	314	7526989	65120
chr17	7461869	7661869	harbor1	chr17	7527599	7527875	LTR/ERV1	10393	-	138	7527737	65868
chr17	7461869	7661869	harbor1	chr17	7528603	7529262	LTR/ERV1	10393	-	330	7528933	67064
chr17	7461869	7661869	harbor1	chr17	7529576	7529589	LTR/ERV1	847	-	6	7529582	67713
chr17	7461869	7661869	harbor1	chr17	7538200	7538472	LTR/ERV1	3158	-	136	7538336	76467
chr17	7461869	7661869	harbor1	chr17	7539077	7539489	LTR/ERV1	3158	-	206	7539283	77414
chr17	15158736	15358736	harbor1	chr17	15191058	15191828	LTR/ERV1	4813	-	385	15191443	32707
chr17	15158736	15358736	harbor1	chr17	15210986	15211501	LTR/ERV1	1306	-	258	15211244	52508
chr17	80934111	81134111	harbor1	chr17	80943315	80943637	LTR/ERV1	1974	-	161	80943476	9365
chr17	80934111	81134111	harbor1	chr17	80990345	80990535	LTR/ERV1	1213	-	95	80990440	56329
chr17	80934111	81134111	harbor1	chr17	81011505	81011560	LTR/ERV1	3416	-	28	81011533	77422
chr17	80934111	81134111	harbor1	chr17	81011861	81012324	LTR/ERV1	3416	-	232	81012093	77982
chr17	79702928	79902928	harbor1	chr17	79726814	79727251	LTR/ERV1	1536	-	218	79727032	24104
chr17	80934868	81134868	harbor1	chr17	80943315	80943637	LTR/ERV1	1974	-	161	80943476	8608
chr17	80934868	81134868	harbor1	chr17	80990345	80990535	LTR/ERV1	1213	-	95	80990440	55572
chr17	80934868	81134868	harbor1	chr17	81011505	81011560	LTR/ERV1	3416	-	28	81011533	76665
chr17	80934868	81134868	harbor1	chr17	81011861	81012324	LTR/ERV1	3416	-	232	81012093	77225
chr17	81766160	81966160	harbor1	chr17	81801003	81801255	LTR/ERV1	819	-	126	81801129	34969
chr17	81766160	81966160	harbor1	chr17	81801722	81801939	LTR/ERV1	1028	-	108	81801830	35670
chr17	76637275	76837275	harbor1	chr17	76663696	76663972	LTR/ERV1	1005	-	138	76663834	26559
chr17	76637275	76837275	harbor1	chr17	76664278	76664365	LTR/ERV1	1005	-	44	76664322	27047
chr17	79702893	79902893	harbor1	chr17	79726814	79727251	LTR/ERV1	1536	-	218	79727032	24139
chr17	75083193	75283193	harbor1	chr17	75108569	75109008	LTR/ERV1	2382	-	220	75108789	25596
chr17	75083193	75283193	harbor1	chr17	75116986	75117064	LTR/ERV1	3689	-	39	75117025	33832
chr17	75083193	75283193	harbor1	chr17	75117377	75117838	LTR/ERV1	3689	-	230	75117607	34414
chr17	75083193	75283193	harbor1	chr17	75118143	75118357	LTR/ERV1	3689	-	107	75118250	35057
chr17	75083193	75283193	harbor1	chr17	75157847	75157963	LTR/ERV1	2064	-	58	75157905	74712
chr17	75083193	75283193	harbor1	chr17	75158231	75158711	LTR/ERV1	2064	-	240	75158471	75278
chr17	28855314	29055314	harbor1	chr17	28874371	28874859	LTR/ERV1	3256	-	244	28874615	19301
chr17	75105543	75305543	harbor1	chr17	75108569	75109008	LTR/ERV1	2382	-	220	75108789	3246
chr17	75105543	75305543	harbor1	chr17	75116986	75117064	LTR/ERV1	3689	-	39	75117025	11482
chr17	75105543	75305543	harbor1	chr17	75117377	75117838	LTR/ERV1	3689	-	230	75117607	12064
chr17	75105543	75305543	harbor1	chr17	75118143	75118357	LTR/ERV1	3689	-	107	75118250	12707
chr17	75105543	75305543	harbor1	chr17	75157847	75157963	LTR/ERV1	2064	-	58	75157905	52362
chr17	75105543	75305543	harbor1	chr17	75158231	75158711	LTR/ERV1	2064	-	240	75158471	52928
chr17	59793066	59993066	harbor1	chr17	59854962	59855131	LTR/ERV1	1649	-	84	59855046	61980
chr17	59793066	59993066	harbor1	chr17	59855437	59855607	LTR/ERV1	1649	-	85	59855522	62456
chr17	76636920	76836920	harbor1	chr17	76663696	76663972	LTR/ERV1	1005	-	138	76663834	26914
chr17	76636920	76836920	harbor1	chr17	76664278	76664365	LTR/ERV1	1005	-	44	76664322	27402
chr17	76637277	76837277	harbor1	chr17	76663696	76663972	LTR/ERV1	1005	-	138	76663834	26557
chr17	76637277	76837277	harbor1	chr17	76664278	76664365	LTR/ERV1	1005	-	44	76664322	27045
chr17	76298820	76498820	harbor1	chr17	76360343	76360770	LTR/ERV1	2418	-	214	76360557	61737
chr17	78923444	79123444	harbor1	chr17	78956104	78956515	LTR/ERV1	1456	-	206	78956310	32866
chr17	78923444	79123444	harbor1	chr17	78984232	78984341	LTR/ERV1	657	-	54	78984286	60842
chr17	78923444	79123444	harbor1	chr17	78986603	78987068	LTR/ERV1	2656	-	232	78986835	63391
chr17	28306337	28506337	harbor1	chr17	28389983	28390709	LTR/ERV1	4792	-	363	28390346	84009
chr17	28306337	28506337	harbor1	chr17	28394670	28395136	LTR/ERV1	2940	-	233	28394903	88566
chr17	7461891	7661891	harbor1	chr17	7522858	7523170	LTR/ERV1	1385	-	156	7523014	61123
chr17	7461891	7661891	harbor1	chr17	7523264	7523481	LTR/ERV1	9153	-	108	7523372	61481
chr17	7461891	7661891	harbor1	chr17	7524066	7524227	LTR/ERV1	9153	-	80	7524146	62255
chr17	7461891	7661891	harbor1	chr17	7524539	7524717	LTR/ERV1	9153	-	89	7524628	62737
chr17	7461891	7661891	harbor1	chr17	7525044	7526003	LTR/ERV1	9153	-	480	7525524	63633
chr17	7461891	7661891	harbor1	chr17	7526675	7527303	LTR/ERV1	10393	-	314	7526989	65098
chr17	7461891	7661891	harbor1	chr17	7527599	7527875	LTR/ERV1	10393	-	138	7527737	65846
chr17	7461891	7661891	harbor1	chr17	7528603	7529262	LTR/ERV1	10393	-	330	7528933	67042
chr17	7461891	7661891	harbor1	chr17	7529576	7529589	LTR/ERV1	847	-	6	7529582	67691
chr17	7461891	7661891	harbor1	chr17	7538200	7538472	LTR/ERV1	3158	-	136	7538336	76445
chr17	7461891	7661891	harbor1	chr17	7539077	7539489	LTR/ERV1	3158	-	206	7539283	77392
chr17	81583177	81783177	harbor1	chr17	81638126	81638287	LTR/ERV1	3290	-	80	81638206	55029
chr17	81583177	81783177	harbor1	chr17	81638598	81639147	LTR/ERV1	3290	-	274	81638872	55695
chr17	81583177	81783177	harbor1	chr17	81658879	81659148	LTR/ERV1	963	-	134	81659013	75836
chr17	68035028	68235028	harbor1	chr17	68069706	68070225	LTR/ERV1	2517	-	260	68069966	34938
chr17	68035028	68235028	harbor1	chr17	68122451	68122890	LTR/ERV1	2620	-	220	68122671	87643
chr17	9856240	10056240	harbor1	chr17	9876239	9876763	LTR/ERV1	1096	-	262	9876501	20261
chr17	79689674	79889674	harbor1	chr17	79726814	79727251	LTR/ERV1	1536	-	218	79727032	37358
chr17	76637325	76837325	harbor1	chr17	76663696	76663972	LTR/ERV1	1005	-	138	76663834	26509
chr17	76637325	76837325	harbor1	chr17	76664278	76664365	LTR/ERV1	1005	-	44	76664322	26997
chr17	7461873	7661873	harbor1	chr17	7522858	7523170	LTR/ERV1	1385	-	156	7523014	61141
chr17	7461873	7661873	harbor1	chr17	7523264	7523481	LTR/ERV1	9153	-	108	7523372	61499
chr17	7461873	7661873	harbor1	chr17	7524066	7524227	LTR/ERV1	9153	-	80	7524146	62273
chr17	7461873	7661873	harbor1	chr17	7524539	7524717	LTR/ERV1	9153	-	89	7524628	62755
chr17	7461873	7661873	harbor1	chr17	7525044	7526003	LTR/ERV1	9153	-	480	7525524	63651
chr17	7461873	7661873	harbor1	chr17	7526675	7527303	LTR/ERV1	10393	-	314	7526989	65116
chr17	7461873	7661873	harbor1	chr17	7527599	7527875	LTR/ERV1	10393	-	138	7527737	65864
chr17	7461873	7661873	harbor1	chr17	7528603	7529262	LTR/ERV1	10393	-	330	7528933	67060
chr17	7461873	7661873	harbor1	chr17	7529576	7529589	LTR/ERV1	847	-	6	7529582	67709
chr17	7461873	7661873	harbor1	chr17	7538200	7538472	LTR/ERV1	3158	-	136	7538336	76463
chr17	7461873	7661873	harbor1	chr17	7539077	7539489	LTR/ERV1	3158	-	206	7539283	77410
chr17	81917695	82117695	harbor1	chr17	81980535	81980883	LTR/ERV1	1876	-	174	81980709	63014
chr17	81917695	82117695	harbor1	chr17	81981031	81981366	LTR/ERV1	1202	-	168	81981199	63504
chr17	81917695	82117695	harbor1	chr17	81997207	81997367	LTR/ERV1	706	-	80	81997287	79592
chr17	79701303	79901303	harbor1	chr17	79726814	79727251	LTR/ERV1	1536	-	218	79727032	25729
chr17	2830224	3030224	harbor1	chr17	2872259	2872671	LTR/ERV1	668	-	206	2872465	42241
chr17	2830224	3030224	harbor1	chr17	2874952	2875061	LTR/ERV1	953	-	54	2875006	44782
chr17	2830224	3030224	harbor1	chr17	2875367	2875676	LTR/ERV1	953	-	154	2875521	45297
chr17	2830224	3030224	harbor1	chr17	2876278	2876882	LTR/ERV1	2795	-	302	2876580	46356
chr17	79702912	79902912	harbor1	chr17	79726814	79727251	LTR/ERV1	1536	-	218	79727032	24120
chr17	2838086	3038086	harbor1	chr17	2872259	2872671	LTR/ERV1	668	-	206	2872465	34379
chr17	2838086	3038086	harbor1	chr17	2874952	2875061	LTR/ERV1	953	-	54	2875006	36920
chr17	2838086	3038086	harbor1	chr17	2875367	2875676	LTR/ERV1	953	-	154	2875521	37435
chr17	2838086	3038086	harbor1	chr17	2876278	2876882	LTR/ERV1	2795	-	302	2876580	38494
chr17	7461927	7661927	harbor1	chr17	7522858	7523170	LTR/ERV1	1385	-	156	7523014	61087
chr17	7461927	7661927	harbor1	chr17	7523264	7523481	LTR/ERV1	9153	-	108	7523372	61445
chr17	7461927	7661927	harbor1	chr17	7524066	7524227	LTR/ERV1	9153	-	80	7524146	62219
chr17	7461927	7661927	harbor1	chr17	7524539	7524717	LTR/ERV1	9153	-	89	7524628	62701
chr17	7461927	7661927	harbor1	chr17	7525044	7526003	LTR/ERV1	9153	-	480	7525524	63597
chr17	7461927	7661927	harbor1	chr17	7526675	7527303	LTR/ERV1	10393	-	314	7526989	65062
chr17	7461927	7661927	harbor1	chr17	7527599	7527875	LTR/ERV1	10393	-	138	7527737	65810
chr17	7461927	7661927	harbor1	chr17	7528603	7529262	LTR/ERV1	10393	-	330	7528933	67006
chr17	7461927	7661927	harbor1	chr17	7529576	7529589	LTR/ERV1	847	-	6	7529582	67655
chr17	7461927	7661927	harbor1	chr17	7538200	7538472	LTR/ERV1	3158	-	136	7538336	76409
chr17	7461927	7661927	harbor1	chr17	7539077	7539489	LTR/ERV1	3158	-	206	7539283	77356
chr17	76637321	76837321	harbor1	chr17	76663696	76663972	LTR/ERV1	1005	-	138	76663834	26513
chr17	76637321	76837321	harbor1	chr17	76664278	76664365	LTR/ERV1	1005	-	44	76664322	27001
chr17	7459238	7659238	harbor1	chr17	7522858	7523170	LTR/ERV1	1385	-	156	7523014	63776
chr17	7459238	7659238	harbor1	chr17	7523264	7523481	LTR/ERV1	9153	-	108	7523372	64134
chr17	7459238	7659238	harbor1	chr17	7524066	7524227	LTR/ERV1	9153	-	80	7524146	64908
chr17	7459238	7659238	harbor1	chr17	7524539	7524717	LTR/ERV1	9153	-	89	7524628	65390
chr17	7459238	7659238	harbor1	chr17	7525044	7526003	LTR/ERV1	9153	-	480	7525524	66286
chr17	7459238	7659238	harbor1	chr17	7526675	7527303	LTR/ERV1	10393	-	314	7526989	67751
chr17	7459238	7659238	harbor1	chr17	7527599	7527875	LTR/ERV1	10393	-	138	7527737	68499
chr17	7459238	7659238	harbor1	chr17	7528603	7529262	LTR/ERV1	10393	-	330	7528933	69695
chr17	7459238	7659238	harbor1	chr17	7529576	7529589	LTR/ERV1	847	-	6	7529582	70344
chr17	7459238	7659238	harbor1	chr17	7538200	7538472	LTR/ERV1	3158	-	136	7538336	79098
chr17	7459238	7659238	harbor1	chr17	7539077	7539489	LTR/ERV1	3158	-	206	7539283	80045
chr17	31388321	31588321	harbor1	chr17	31455020	31455542	LTR/ERV1	2331	-	261	31455281	66960
chr17	31388321	31588321	harbor1	chr17	31456790	31457158	LTR/ERV1	912	-	184	31456974	68653
chr17	82980527	83180527	harbor1	chr17	83060404	83060464	LTR/ERV1	591	-	30	83060434	79907
chr17	82980527	83180527	harbor1	chr17	83061216	83061336	LTR/ERV1	591	-	60	83061276	80749
chr17	7461831	7661831	harbor1	chr17	7522858	7523170	LTR/ERV1	1385	-	156	7523014	61183
chr17	7461831	7661831	harbor1	chr17	7523264	7523481	LTR/ERV1	9153	-	108	7523372	61541
chr17	7461831	7661831	harbor1	chr17	7524066	7524227	LTR/ERV1	9153	-	80	7524146	62315
chr17	7461831	7661831	harbor1	chr17	7524539	7524717	LTR/ERV1	9153	-	89	7524628	62797
chr17	7461831	7661831	harbor1	chr17	7525044	7526003	LTR/ERV1	9153	-	480	7525524	63693
chr17	7461831	7661831	harbor1	chr17	7526675	7527303	LTR/ERV1	10393	-	314	7526989	65158
chr17	7461831	7661831	harbor1	chr17	7527599	7527875	LTR/ERV1	10393	-	138	7527737	65906
chr17	7461831	7661831	harbor1	chr17	7528603	7529262	LTR/ERV1	10393	-	330	7528933	67102
chr17	7461831	7661831	harbor1	chr17	7529576	7529589	LTR/ERV1	847	-	6	7529582	67751
chr17	7461831	7661831	harbor1	chr17	7538200	7538472	LTR/ERV1	3158	-	136	7538336	76505
chr17	7461831	7661831	harbor1	chr17	7539077	7539489	LTR/ERV1	3158	-	206	7539283	77452
chr17	76637272	76837272	harbor1	chr17	76663696	76663972	LTR/ERV1	1005	-	138	76663834	26562
chr17	76637272	76837272	harbor1	chr17	76664278	76664365	LTR/ERV1	1005	-	44	76664322	27050
chr17	80934861	81134861	harbor1	chr17	80943315	80943637	LTR/ERV1	1974	-	161	80943476	8615
chr17	80934861	81134861	harbor1	chr17	80990345	80990535	LTR/ERV1	1213	-	95	80990440	55579
chr17	80934861	81134861	harbor1	chr17	81011505	81011560	LTR/ERV1	3416	-	28	81011533	76672
chr17	80934861	81134861	harbor1	chr17	81011861	81012324	LTR/ERV1	3416	-	232	81012093	77232
chr17	80928150	81128150	harbor1	chr17	80943315	80943637	LTR/ERV1	1974	-	161	80943476	15326
chr17	80928150	81128150	harbor1	chr17	80990345	80990535	LTR/ERV1	1213	-	95	80990440	62290
chr17	80928150	81128150	harbor1	chr17	81011505	81011560	LTR/ERV1	3416	-	28	81011533	83383
chr17	80928150	81128150	harbor1	chr17	81011861	81012324	LTR/ERV1	3416	-	232	81012093	83943
chr17	2829884	3029884	harbor1	chr17	2872259	2872671	LTR/ERV1	668	-	206	2872465	42581
chr17	2829884	3029884	harbor1	chr17	2874952	2875061	LTR/ERV1	953	-	54	2875006	45122
chr17	2829884	3029884	harbor1	chr17	2875367	2875676	LTR/ERV1	953	-	154	2875521	45637
chr17	2829884	3029884	harbor1	chr17	2876278	2876882	LTR/ERV1	2795	-	302	2876580	46696
chr17	80992764	81192764	harbor1	chr17	81011505	81011560	LTR/ERV1	3416	-	28	81011533	18769
chr17	80992764	81192764	harbor1	chr17	81011861	81012324	LTR/ERV1	3416	-	232	81012093	19329
chr17	79702897	79902897	harbor1	chr17	79726814	79727251	LTR/ERV1	1536	-	218	79727032	24135
chr17	76637283	76837283	harbor1	chr17	76663696	76663972	LTR/ERV1	1005	-	138	76663834	26551
chr17	76637283	76837283	harbor1	chr17	76664278	76664365	LTR/ERV1	1005	-	44	76664322	27039
chr17	7461858	7661858	harbor1	chr17	7522858	7523170	LTR/ERV1	1385	-	156	7523014	61156
chr17	7461858	7661858	harbor1	chr17	7523264	7523481	LTR/ERV1	9153	-	108	7523372	61514
chr17	7461858	7661858	harbor1	chr17	7524066	7524227	LTR/ERV1	9153	-	80	7524146	62288
chr17	7461858	7661858	harbor1	chr17	7524539	7524717	LTR/ERV1	9153	-	89	7524628	62770
chr17	7461858	7661858	harbor1	chr17	7525044	7526003	LTR/ERV1	9153	-	480	7525524	63666
chr17	7461858	7661858	harbor1	chr17	7526675	7527303	LTR/ERV1	10393	-	314	7526989	65131
chr17	7461858	7661858	harbor1	chr17	7527599	7527875	LTR/ERV1	10393	-	138	7527737	65879
chr17	7461858	7661858	harbor1	chr17	7528603	7529262	LTR/ERV1	10393	-	330	7528933	67075
chr17	7461858	7661858	harbor1	chr17	7529576	7529589	LTR/ERV1	847	-	6	7529582	67724
chr17	7461858	7661858	harbor1	chr17	7538200	7538472	LTR/ERV1	3158	-	136	7538336	76478
chr17	7461858	7661858	harbor1	chr17	7539077	7539489	LTR/ERV1	3158	-	206	7539283	77425
chr17	79702896	79902896	harbor1	chr17	79726814	79727251	LTR/ERV1	1536	-	218	79727032	24136
chr17	80934979	81134979	harbor1	chr17	80943315	80943637	LTR/ERV1	1974	-	161	80943476	8497
chr17	80934979	81134979	harbor1	chr17	80990345	80990535	LTR/ERV1	1213	-	95	80990440	55461
chr17	80934979	81134979	harbor1	chr17	81011505	81011560	LTR/ERV1	3416	-	28	81011533	76554
chr17	80934979	81134979	harbor1	chr17	81011861	81012324	LTR/ERV1	3416	-	232	81012093	77114
chr17	78900634	79100634	harbor1	chr17	78956104	78956515	LTR/ERV1	1456	-	206	78956310	55676
chr17	78900634	79100634	harbor1	chr17	78984232	78984341	LTR/ERV1	657	-	54	78984286	83652
chr17	78900634	79100634	harbor1	chr17	78986603	78987068	LTR/ERV1	2656	-	232	78986835	86201
chr17	61280861	61480861	harbor1	chr17	61359291	61359495	LTR/ERV1	1296	-	102	61359393	78532
chr17	61280861	61480861	harbor1	chr17	61359791	61360005	LTR/ERV1	1296	-	107	61359898	79037
chr17	61280861	61480861	harbor1	chr17	61360305	61360319	LTR/ERV1	1296	-	7	61360312	79451
chr17	80989373	81189373	harbor1	chr17	80990345	80990535	LTR/ERV1	1213	-	95	80990440	1067
chr17	80989373	81189373	harbor1	chr17	81011505	81011560	LTR/ERV1	3416	-	28	81011533	22160
chr17	80989373	81189373	harbor1	chr17	81011861	81012324	LTR/ERV1	3416	-	232	81012093	22720
chr17	7461859	7661859	harbor1	chr17	7522858	7523170	LTR/ERV1	1385	-	156	7523014	61155
chr17	7461859	7661859	harbor1	chr17	7523264	7523481	LTR/ERV1	9153	-	108	7523372	61513
chr17	7461859	7661859	harbor1	chr17	7524066	7524227	LTR/ERV1	9153	-	80	7524146	62287
chr17	7461859	7661859	harbor1	chr17	7524539	7524717	LTR/ERV1	9153	-	89	7524628	62769
chr17	7461859	7661859	harbor1	chr17	7525044	7526003	LTR/ERV1	9153	-	480	7525524	63665
chr17	7461859	7661859	harbor1	chr17	7526675	7527303	LTR/ERV1	10393	-	314	7526989	65130
chr17	7461859	7661859	harbor1	chr17	7527599	7527875	LTR/ERV1	10393	-	138	7527737	65878
chr17	7461859	7661859	harbor1	chr17	7528603	7529262	LTR/ERV1	10393	-	330	7528933	67074
chr17	7461859	7661859	harbor1	chr17	7529576	7529589	LTR/ERV1	847	-	6	7529582	67723
chr17	7461859	7661859	harbor1	chr17	7538200	7538472	LTR/ERV1	3158	-	136	7538336	76477
chr17	7461859	7661859	harbor1	chr17	7539077	7539489	LTR/ERV1	3158	-	206	7539283	77424
chr17	76637257	76837257	harbor1	chr17	76663696	76663972	LTR/ERV1	1005	-	138	76663834	26577
chr17	76637257	76837257	harbor1	chr17	76664278	76664365	LTR/ERV1	1005	-	44	76664322	27065
chr17	76637285	76837285	harbor1	chr17	76663696	76663972	LTR/ERV1	1005	-	138	76663834	26549
chr17	76637285	76837285	harbor1	chr17	76664278	76664365	LTR/ERV1	1005	-	44	76664322	27037
chr17	7458773	7658773	harbor1	chr17	7522858	7523170	LTR/ERV1	1385	-	156	7523014	64241
chr17	7458773	7658773	harbor1	chr17	7523264	7523481	LTR/ERV1	9153	-	108	7523372	64599
chr17	7458773	7658773	harbor1	chr17	7524066	7524227	LTR/ERV1	9153	-	80	7524146	65373
chr17	7458773	7658773	harbor1	chr17	7524539	7524717	LTR/ERV1	9153	-	89	7524628	65855
chr17	7458773	7658773	harbor1	chr17	7525044	7526003	LTR/ERV1	9153	-	480	7525524	66751
chr17	7458773	7658773	harbor1	chr17	7526675	7527303	LTR/ERV1	10393	-	314	7526989	68216
chr17	7458773	7658773	harbor1	chr17	7527599	7527875	LTR/ERV1	10393	-	138	7527737	68964
chr17	7458773	7658773	harbor1	chr17	7528603	7529262	LTR/ERV1	10393	-	330	7528933	70160
chr17	7458773	7658773	harbor1	chr17	7529576	7529589	LTR/ERV1	847	-	6	7529582	70809
chr17	7458773	7658773	harbor1	chr17	7538200	7538472	LTR/ERV1	3158	-	136	7538336	79563
chr17	7458773	7658773	harbor1	chr17	7539077	7539489	LTR/ERV1	3158	-	206	7539283	80510
chr17	63346008	63546008	harbor1	chr17	63361190	63362906	LTR/ERV1	4339	-	858	63362048	16040
chr17	28742741	28942741	harbor1	chr17	28836420	28836889	LTR/ERV1	3880	-	234	28836654	93913
chr17	7461864	7661864	harbor1	chr17	7522858	7523170	LTR/ERV1	1385	-	156	7523014	61150
chr17	7461864	7661864	harbor1	chr17	7523264	7523481	LTR/ERV1	9153	-	108	7523372	61508
chr17	7461864	7661864	harbor1	chr17	7524066	7524227	LTR/ERV1	9153	-	80	7524146	62282
chr17	7461864	7661864	harbor1	chr17	7524539	7524717	LTR/ERV1	9153	-	89	7524628	62764
chr17	7461864	7661864	harbor1	chr17	7525044	7526003	LTR/ERV1	9153	-	480	7525524	63660
chr17	7461864	7661864	harbor1	chr17	7526675	7527303	LTR/ERV1	10393	-	314	7526989	65125
chr17	7461864	7661864	harbor1	chr17	7527599	7527875	LTR/ERV1	10393	-	138	7527737	65873
chr17	7461864	7661864	harbor1	chr17	7528603	7529262	LTR/ERV1	10393	-	330	7528933	67069
chr17	7461864	7661864	harbor1	chr17	7529576	7529589	LTR/ERV1	847	-	6	7529582	67718
chr17	7461864	7661864	harbor1	chr17	7538200	7538472	LTR/ERV1	3158	-	136	7538336	76472
chr17	7461864	7661864	harbor1	chr17	7539077	7539489	LTR/ERV1	3158	-	206	7539283	77419
chr17	80934871	81134871	harbor1	chr17	80943315	80943637	LTR/ERV1	1974	-	161	80943476	8605
chr17	80934871	81134871	harbor1	chr17	80990345	80990535	LTR/ERV1	1213	-	95	80990440	55569
chr17	80934871	81134871	harbor1	chr17	81011505	81011560	LTR/ERV1	3416	-	28	81011533	76662
chr17	80934871	81134871	harbor1	chr17	81011861	81012324	LTR/ERV1	3416	-	232	81012093	77222
chr17	76767812	76967812	harbor1	chr17	76789163	76789725	LTR/ERV1	3459	-	281	76789444	21632
chr17	76767812	76967812	harbor1	chr17	76796621	76796690	LTR/ERV1	3146	-	34	76796655	28843
chr17	76767812	76967812	harbor1	chr17	76797201	76797746	LTR/ERV1	3146	-	272	76797473	29661
chr17	76767812	76967812	harbor1	chr17	76801745	76801983	LTR/ERV1	1385	-	119	76801864	34052
chr17	76767812	76967812	harbor1	chr17	76859283	76859561	LTR/ERV1	655	-	139	76859422	91610
chr17	76767812	76967812	harbor1	chr17	76859570	76859759	LTR/ERV1	793	-	94	76859664	91852
chr17	76767812	76967812	harbor1	chr17	76860327	76860380	LTR/ERV1	793	-	26	76860353	92541
chr17	76637313	76837313	harbor1	chr17	76663696	76663972	LTR/ERV1	1005	-	138	76663834	26521
chr17	76637313	76837313	harbor1	chr17	76664278	76664365	LTR/ERV1	1005	-	44	76664322	27009
chr17	81583380	81783380	harbor1	chr17	81638126	81638287	LTR/ERV1	3290	-	80	81638206	54826
chr17	81583380	81783380	harbor1	chr17	81638598	81639147	LTR/ERV1	3290	-	274	81638872	55492
chr17	81583380	81783380	harbor1	chr17	81658879	81659148	LTR/ERV1	963	-	134	81659013	75633
chr17	80992800	81192800	harbor1	chr17	81011505	81011560	LTR/ERV1	3416	-	28	81011533	18733
chr17	80992800	81192800	harbor1	chr17	81011861	81012324	LTR/ERV1	3416	-	232	81012093	19293
chr17	78988152	79188152	harbor1	chr17	79056458	79056698	LTR/ERV1	1277	-	120	79056578	68426
chr17	78988152	79188152	harbor1	chr17	79070120	79070557	LTR/ERV1	1743	-	218	79070338	82186
chr17	62527967	62727967	harbor1	chr17	62620202	62620347	LTR/ERV1	1126	-	72	62620274	92307
chr17	62527967	62727967	harbor1	chr17	62620658	62620779	LTR/ERV1	1126	-	60	62620718	92751
chr17	62527967	62727967	harbor1	chr17	62620786	62621004	LTR/ERV1	743	-	109	62620895	92928
chr17	79702953	79902953	harbor1	chr17	79726814	79727251	LTR/ERV1	1536	-	218	79727032	24079
chr17	79702900	79902900	harbor1	chr17	79726814	79727251	LTR/ERV1	1536	-	218	79727032	24132
chr17	80926830	81126830	harbor1	chr17	80943315	80943637	LTR/ERV1	1974	-	161	80943476	16646
chr17	80926830	81126830	harbor1	chr17	80990345	80990535	LTR/ERV1	1213	-	95	80990440	63610
chr17	80926830	81126830	harbor1	chr17	81011505	81011560	LTR/ERV1	3416	-	28	81011533	84703
chr17	80926830	81126830	harbor1	chr17	81011861	81012324	LTR/ERV1	3416	-	232	81012093	85263
chr17	80901662	81101662	harbor1	chr17	80943315	80943637	LTR/ERV1	1974	-	161	80943476	41814
chr17	80901662	81101662	harbor1	chr17	80990345	80990535	LTR/ERV1	1213	-	95	80990440	88778
chr17	76637274	76837274	harbor1	chr17	76663696	76663972	LTR/ERV1	1005	-	138	76663834	26560
chr17	76637274	76837274	harbor1	chr17	76664278	76664365	LTR/ERV1	1005	-	44	76664322	27048
chr17	76768641	76968641	harbor1	chr17	76789163	76789725	LTR/ERV1	3459	-	281	76789444	20803
chr17	76768641	76968641	harbor1	chr17	76796621	76796690	LTR/ERV1	3146	-	34	76796655	28014
chr17	76768641	76968641	harbor1	chr17	76797201	76797746	LTR/ERV1	3146	-	272	76797473	28832
chr17	76768641	76968641	harbor1	chr17	76801745	76801983	LTR/ERV1	1385	-	119	76801864	33223
chr17	76768641	76968641	harbor1	chr17	76859283	76859561	LTR/ERV1	655	-	139	76859422	90781
chr17	76768641	76968641	harbor1	chr17	76859570	76859759	LTR/ERV1	793	-	94	76859664	91023
chr17	76768641	76968641	harbor1	chr17	76860327	76860380	LTR/ERV1	793	-	26	76860353	91712
chr17	76637097	76837097	harbor1	chr17	76663696	76663972	LTR/ERV1	1005	-	138	76663834	26737
chr17	76637097	76837097	harbor1	chr17	76664278	76664365	LTR/ERV1	1005	-	44	76664322	27225
chr17	27460460	27660460	harbor1	chr17	27467514	27467680	LTR/ERV1	764	-	83	27467597	7137
chr17	27460460	27660460	harbor1	chr17	27476822	27477370	LTR/ERV1	4041	-	274	27477096	16636
chr17	27460460	27660460	harbor1	chr17	27516734	27516863	LTR/ERV1	888	-	64	27516798	56338
chr17	7461848	7661848	harbor1	chr17	7522858	7523170	LTR/ERV1	1385	-	156	7523014	61166
chr17	7461848	7661848	harbor1	chr17	7523264	7523481	LTR/ERV1	9153	-	108	7523372	61524
chr17	7461848	7661848	harbor1	chr17	7524066	7524227	LTR/ERV1	9153	-	80	7524146	62298
chr17	7461848	7661848	harbor1	chr17	7524539	7524717	LTR/ERV1	9153	-	89	7524628	62780
chr17	7461848	7661848	harbor1	chr17	7525044	7526003	LTR/ERV1	9153	-	480	7525524	63676
chr17	7461848	7661848	harbor1	chr17	7526675	7527303	LTR/ERV1	10393	-	314	7526989	65141
chr17	7461848	7661848	harbor1	chr17	7527599	7527875	LTR/ERV1	10393	-	138	7527737	65889
chr17	7461848	7661848	harbor1	chr17	7528603	7529262	LTR/ERV1	10393	-	330	7528933	67085
chr17	7461848	7661848	harbor1	chr17	7529576	7529589	LTR/ERV1	847	-	6	7529582	67734
chr17	7461848	7661848	harbor1	chr17	7538200	7538472	LTR/ERV1	3158	-	136	7538336	76488
chr17	7461848	7661848	harbor1	chr17	7539077	7539489	LTR/ERV1	3158	-	206	7539283	77435
chr17	8283703	8483703	harbor1	chr17	8301335	8301785	LTR/ERV1	1962	-	225	8301560	17857
chr17	8283703	8483703	harbor1	chr17	8302092	8302145	LTR/ERV1	1707	-	26	8302118	18415
chr17	8283703	8483703	harbor1	chr17	8302463	8302951	LTR/ERV1	1707	-	244	8302707	19004
chr17	8283703	8483703	harbor1	chr17	8305151	8305328	LTR/ERV1	1348	-	88	8305239	21536
chr17	8283703	8483703	harbor1	chr17	8305628	8305642	LTR/ERV1	1348	-	7	8305635	21932
chr17	8283703	8483703	harbor1	chr17	8325448	8325513	LTR/ERV1	1803	-	32	8325480	41777
chr17	8283703	8483703	harbor1	chr17	8325826	8326183	LTR/ERV1	1803	-	178	8326004	42301
chr17	8283703	8483703	harbor1	chr17	8326430	8326489	LTR/ERV1	1803	-	30	8326460	42757
chr17	8283703	8483703	harbor1	chr17	8346763	8347682	LTR/ERV1	6415	-	460	8347223	63520
chr17	8283703	8483703	harbor1	chr17	8352772	8353232	LTR/ERV1	3846	-	230	8353002	69299
chr17	76767813	76967813	harbor1	chr17	76789163	76789725	LTR/ERV1	3459	-	281	76789444	21631
chr17	76767813	76967813	harbor1	chr17	76796621	76796690	LTR/ERV1	3146	-	34	76796655	28842
chr17	76767813	76967813	harbor1	chr17	76797201	76797746	LTR/ERV1	3146	-	272	76797473	29660
chr17	76767813	76967813	harbor1	chr17	76801745	76801983	LTR/ERV1	1385	-	119	76801864	34051
chr17	76767813	76967813	harbor1	chr17	76859283	76859561	LTR/ERV1	655	-	139	76859422	91609
chr17	76767813	76967813	harbor1	chr17	76859570	76859759	LTR/ERV1	793	-	94	76859664	91851
chr17	76767813	76967813	harbor1	chr17	76860327	76860380	LTR/ERV1	793	-	26	76860353	92540
chr17	81329309	81529309	harbor1	chr17	81351170	81352602	LTR/ERV1	10670	-	716	81351886	22577
chr17	47154294	47354294	harbor1	chr17	47194278	47194521	LTR/ERV1	1257	-	122	47194400	40106
chr17	47154294	47354294	harbor1	chr17	47212531	47212941	LTR/ERV1	2114	-	205	47212736	58442
chr17	47154294	47354294	harbor1	chr17	47236522	47238904	LTR/ERV1	7903	-	1191	47237713	83419
chr17	47154294	47354294	harbor1	chr17	47251266	47251884	LTR/ERV1	3068	-	309	47251575	97281
chr17	80934867	81134867	harbor1	chr17	80943315	80943637	LTR/ERV1	1974	-	161	80943476	8609
chr17	80934867	81134867	harbor1	chr17	80990345	80990535	LTR/ERV1	1213	-	95	80990440	55573
chr17	80934867	81134867	harbor1	chr17	81011505	81011560	LTR/ERV1	3416	-	28	81011533	76666
chr17	80934867	81134867	harbor1	chr17	81011861	81012324	LTR/ERV1	3416	-	232	81012093	77226
chr17	76635280	76835280	harbor1	chr17	76663696	76663972	LTR/ERV1	1005	-	138	76663834	28554
chr17	76635280	76835280	harbor1	chr17	76664278	76664365	LTR/ERV1	1005	-	44	76664322	29042
chr17	81583409	81783409	harbor1	chr17	81638126	81638287	LTR/ERV1	3290	-	80	81638206	54797
chr17	81583409	81783409	harbor1	chr17	81638598	81639147	LTR/ERV1	3290	-	274	81638872	55463
chr17	81583409	81783409	harbor1	chr17	81658879	81659148	LTR/ERV1	963	-	134	81659013	75604
chr17	8283709	8483709	harbor1	chr17	8301335	8301785	LTR/ERV1	1962	-	225	8301560	17851
chr17	8283709	8483709	harbor1	chr17	8302092	8302145	LTR/ERV1	1707	-	26	8302118	18409
chr17	8283709	8483709	harbor1	chr17	8302463	8302951	LTR/ERV1	1707	-	244	8302707	18998
chr17	8283709	8483709	harbor1	chr17	8305151	8305328	LTR/ERV1	1348	-	88	8305239	21530
chr17	8283709	8483709	harbor1	chr17	8305628	8305642	LTR/ERV1	1348	-	7	8305635	21926
chr17	8283709	8483709	harbor1	chr17	8325448	8325513	LTR/ERV1	1803	-	32	8325480	41771
chr17	8283709	8483709	harbor1	chr17	8325826	8326183	LTR/ERV1	1803	-	178	8326004	42295
chr17	8283709	8483709	harbor1	chr17	8326430	8326489	LTR/ERV1	1803	-	30	8326460	42751
chr17	8283709	8483709	harbor1	chr17	8346763	8347682	LTR/ERV1	6415	-	460	8347223	63514
chr17	8283709	8483709	harbor1	chr17	8352772	8353232	LTR/ERV1	3846	-	230	8353002	69293
chr17	80934894	81134894	harbor1	chr17	80943315	80943637	LTR/ERV1	1974	-	161	80943476	8582
chr17	80934894	81134894	harbor1	chr17	80990345	80990535	LTR/ERV1	1213	-	95	80990440	55546
chr17	80934894	81134894	harbor1	chr17	81011505	81011560	LTR/ERV1	3416	-	28	81011533	76639
chr17	80934894	81134894	harbor1	chr17	81011861	81012324	LTR/ERV1	3416	-	232	81012093	77199
chr17	79703308	79903308	harbor1	chr17	79726814	79727251	LTR/ERV1	1536	-	218	79727032	23724
chr17	80949209	81149209	harbor1	chr17	80990345	80990535	LTR/ERV1	1213	-	95	80990440	41231
chr17	80949209	81149209	harbor1	chr17	81011505	81011560	LTR/ERV1	3416	-	28	81011533	62324
chr17	80949209	81149209	harbor1	chr17	81011861	81012324	LTR/ERV1	3416	-	232	81012093	62884
chr18	78969159	79169159	harbor1	chr18	79062476	79062717	LTR/ERV1	899	-	120	79062596	93437
chr18	78969159	79169159	harbor1	chr18	79063221	79063412	LTR/ERV1	899	-	96	79063317	94158
chr18	78209657	78409657	harbor1	chr18	78235884	78236319	LTR/ERV1	2545	-	218	78236102	26445
chr18	78209657	78409657	harbor1	chr18	78271637	78271727	LTR/ERV1	570	-	45	78271682	62025
chr18	12207922	12407922	harbor1	chr18	12228822	12229284	LTR/ERV1	4030	-	231	12229053	21131
chr18	12207922	12407922	harbor1	chr18	12235203	12235300	LTR/ERV1	536	-	48	12235251	27329
chr18	12207922	12407922	harbor1	chr18	12235474	12235875	LTR/ERV1	1419	-	200	12235674	27752
chr18	8509901	8709901	harbor1	chr18	8550763	8550974	LTR/ERV1	1963	-	106	8550869	40968
chr18	8509901	8709901	harbor1	chr18	8551242	8551358	LTR/ERV1	1963	-	58	8551300	41399
chr18	8509901	8709901	harbor1	chr18	8552596	8552737	LTR/ERV1	4611	-	70	8552666	42765
chr18	8509901	8709901	harbor1	chr18	8553033	8553604	LTR/ERV1	4611	-	286	8553319	43418
chr18	74356659	74556659	harbor1	chr18	74383015	74383211	LTR/ERV1	5563	-	98	74383113	26454
chr18	74356659	74556659	harbor1	chr18	74383511	74384085	LTR/ERV1	5563	-	287	74383798	27139
chr18	74356659	74556659	harbor1	chr18	74385512	74385670	LTR/ERV1	3578	-	79	74385591	28932
chr18	74356659	74556659	harbor1	chr18	74385725	74386321	LTR/ERV1	3578	-	298	74386023	29364
chr18	74356659	74556659	harbor1	chr18	74389626	74389807	LTR/ERV1	696	-	90	74389716	33057
chr18	74356659	74556659	harbor1	chr18	74390411	74390688	LTR/ERV1	1533	-	138	74390549	33890
chr18	65651276	65851276	harbor1	chr18	65663390	65663823	LTR/ERV1	1548	-	216	65663606	12330
chr18	12159290	12359290	harbor1	chr18	12228822	12229284	LTR/ERV1	4030	-	231	12229053	69763
chr18	12159290	12359290	harbor1	chr18	12235203	12235300	LTR/ERV1	536	-	48	12235251	75961
chr18	12159290	12359290	harbor1	chr18	12235474	12235875	LTR/ERV1	1419	-	200	12235674	76384
chr18	65651379	65851379	harbor1	chr18	65663390	65663823	LTR/ERV1	1548	-	216	65663606	12227
chr18	79580317	79780317	harbor1	chr18	79677260	79677620	LTR/ERV1	1720	-	180	79677440	97123
chr18	14237384	14437384	harbor1	chr18	14271650	14272200	LTR/ERV1	3820	-	275	14271925	34541
chr18	14237384	14437384	harbor1	chr18	14291244	14291793	LTR/ERV1	3809	-	274	14291518	54134
chr18	14237384	14437384	harbor1	chr18	14307588	14308138	LTR/ERV1	3603	-	275	14307863	70479
chr18	14237384	14437384	harbor1	chr18	14326892	14327440	LTR/ERV1	3764	-	274	14327166	89782
chr18	59165767	59365767	harbor1	chr18	59188975	59189263	LTR/ERV1	1693	-	144	59189119	23352
chr18	59165767	59365767	harbor1	chr18	59189248	59189487	LTR/ERV1	1713	-	120	59189368	23601
chr18	78209693	78409693	harbor1	chr18	78235884	78236319	LTR/ERV1	2545	-	218	78236102	26409
chr18	78209693	78409693	harbor1	chr18	78271637	78271727	LTR/ERV1	570	-	45	78271682	61989
chr18	12159156	12359156	harbor1	chr18	12228822	12229284	LTR/ERV1	4030	-	231	12229053	69897
chr18	12159156	12359156	harbor1	chr18	12235203	12235300	LTR/ERV1	536	-	48	12235251	76095
chr18	12159156	12359156	harbor1	chr18	12235474	12235875	LTR/ERV1	1419	-	200	12235674	76518
chr19	43523586	43723586	harbor1	chr19	43597828	43598367	LTR/ERV1	2771	-	270	43598098	74512
chr19	17678545	17878545	harbor1	chr19	17743458	17743622	LTR/ERV1	1810	-	82	17743540	64995
chr19	17678545	17878545	harbor1	chr19	17743974	17744223	LTR/ERV1	1810	-	124	17744098	65553
chr19	10618495	10818495	harbor1	chr19	10651833	10652327	LTR/ERV1	2391	-	247	10652080	33585
chr19	10618467	10818467	harbor1	chr19	10651833	10652327	LTR/ERV1	2391	-	247	10652080	33613
chr19	49751331	49951331	harbor1	chr19	49820127	49820763	LTR/ERV1	4588	-	318	49820445	69114
chr19	10503315	10703315	harbor1	chr19	10538852	10539169	LTR/ERV1	1974	-	158	10539010	35695
chr19	9986281	10186281	harbor1	chr19	10028654	10029074	LTR/ERV1	1799	-	210	10028864	42583
chr19	9986281	10186281	harbor1	chr19	10029158	10030207	LTR/ERV1	4141	-	524	10029682	43401
chr19	9986281	10186281	harbor1	chr19	10030209	10031775	LTR/ERV1	5329	-	783	10030992	44711
chr19	9986281	10186281	harbor1	chr19	10032085	10033236	LTR/ERV1	5329	-	576	10032661	46380
chr19	9986281	10186281	harbor1	chr19	10033539	10033958	LTR/ERV1	1770	-	210	10033749	47468
chr19	10618446	10818446	harbor1	chr19	10651833	10652327	LTR/ERV1	2391	-	247	10652080	33634
chr19	19675467	19875467	harbor1	chr19	19715365	19715846	LTR/ERV1	3241	-	240	19715605	40138
chr19	19675467	19875467	harbor1	chr19	19741515	19741644	LTR/ERV1	909	-	64	19741579	66112
chr19	19675467	19875467	harbor1	chr19	19742111	19742212	LTR/ERV1	660	-	50	19742161	66694
chr19	49751338	49951338	harbor1	chr19	49820127	49820763	LTR/ERV1	4588	-	318	49820445	69107
chr19	34913533	35113533	harbor1	chr19	34917260	34917850	LTR/ERV1	5056	-	295	34917555	4022
chr19	34913533	35113533	harbor1	chr19	34925006	34925808	LTR/ERV1	5168	-	401	34925407	11874
chr19	34913533	35113533	harbor1	chr19	34940330	34940386	LTR/ERV1	1515	-	28	34940358	26825
chr19	34913533	35113533	harbor1	chr19	34940693	34941263	LTR/ERV1	1515	-	285	34940978	27445
chr19	34913533	35113533	harbor1	chr19	34941561	34941792	LTR/ERV1	1515	-	116	34941677	28144
chr19	34913533	35113533	harbor1	chr19	34962231	34962742	LTR/ERV1	2254	-	256	34962487	48954
chr19	34913533	35113533	harbor1	chr19	34979867	34980356	LTR/ERV1	2319	-	244	34980111	66578
chr19	48525108	48725108	harbor1	chr19	48531899	48532098	LTR/ERV1	1711	-	100	48531999	6891
chr19	48525108	48725108	harbor1	chr19	48532399	48532610	LTR/ERV1	1711	-	106	48532505	7397
chr19	48525108	48725108	harbor1	chr19	48621568	48621973	LTR/ERV1	3003	-	202	48621770	96662
chr19	48525108	48725108	harbor1	chr19	48622287	48622385	LTR/ERV1	3003	-	49	48622336	97228
chr19	58287222	58487222	harbor1	chr19	58326128	58326513	LTR/ERV1	2616	-	192	58326320	39098
chr19	58378212	58578212	harbor1	chr19	58421006	58421232	LTR/ERV1	891	-	113	58421119	42907
chr19	58378212	58578212	harbor1	chr19	58442072	58442158	LTR/ERV1	5820	-	43	58442115	63903
chr19	58378212	58578212	harbor1	chr19	58442474	58443398	LTR/ERV1	5820	-	462	58442936	64724
chr19	36428193	36628193	harbor1	chr19	36483687	36483903	LTR/ERV1	2815	-	108	36483795	55602
chr19	36428193	36628193	harbor1	chr19	36484172	36484400	LTR/ERV1	2815	-	114	36484286	56093
chr19	36428193	36628193	harbor1	chr19	36508510	36508776	LTR/ERV1	4010	-	133	36508643	80450
chr19	36428193	36628193	harbor1	chr19	36509073	36509387	LTR/ERV1	4010	-	157	36509230	81037
chr19	36428193	36628193	harbor1	chr19	36509686	36509798	LTR/ERV1	4010	-	56	36509742	81549
chr19	45368712	45568712	harbor1	chr19	45407247	45407440	LTR/ERV1	911	-	96	45407343	38631
chr19	49746065	49946065	harbor1	chr19	49820127	49820763	LTR/ERV1	4588	-	318	49820445	74380
chr19	49751511	49951511	harbor1	chr19	49820127	49820763	LTR/ERV1	4588	-	318	49820445	68934
chr19	18335200	18535200	harbor1	chr19	18383356	18383445	LTR/ERV1	814	-	44	18383400	48200
chr19	18335200	18535200	harbor1	chr19	18384028	18384150	LTR/ERV1	814	-	61	18384089	48889
chr19	18335200	18535200	harbor1	chr19	18384634	18384975	LTR/ERV1	1742	-	170	18384804	49604
chr19	18335200	18535200	harbor1	chr19	18385409	18385441	LTR/ERV1	1742	-	16	18385425	50225
chr19	49751471	49951471	harbor1	chr19	49820127	49820763	LTR/ERV1	4588	-	318	49820445	68974
chr19	19676588	19876588	harbor1	chr19	19715365	19715846	LTR/ERV1	3241	-	240	19715605	39017
chr19	19676588	19876588	harbor1	chr19	19741515	19741644	LTR/ERV1	909	-	64	19741579	64991
chr19	19676588	19876588	harbor1	chr19	19742111	19742212	LTR/ERV1	660	-	50	19742161	65573
chr19	49288352	49488352	harbor1	chr19	49378554	49378778	LTR/ERV1	1116	-	112	49378666	90314
chr19	10617933	10817933	harbor1	chr19	10651833	10652327	LTR/ERV1	2391	-	247	10652080	34147
chr19	10618461	10818461	harbor1	chr19	10651833	10652327	LTR/ERV1	2391	-	247	10652080	33619
chr19	48773840	48973840	harbor1	chr19	48786742	48786787	LTR/ERV1	4711	-	22	48786764	12924
chr19	48773840	48973840	harbor1	chr19	48787090	48787125	LTR/ERV1	4711	-	18	48787108	13268
chr19	48773840	48973840	harbor1	chr19	48787432	48787957	LTR/ERV1	4711	-	262	48787694	13854
chr19	19675775	19875775	harbor1	chr19	19715365	19715846	LTR/ERV1	3241	-	240	19715605	39830
chr19	19675775	19875775	harbor1	chr19	19741515	19741644	LTR/ERV1	909	-	64	19741579	65804
chr19	19675775	19875775	harbor1	chr19	19742111	19742212	LTR/ERV1	660	-	50	19742161	66386
chr19	19674533	19874533	harbor1	chr19	19715365	19715846	LTR/ERV1	3241	-	240	19715605	41072
chr19	19674533	19874533	harbor1	chr19	19741515	19741644	LTR/ERV1	909	-	64	19741579	67046
chr19	19674533	19874533	harbor1	chr19	19742111	19742212	LTR/ERV1	660	-	50	19742161	67628
chr19	49751494	49951494	harbor1	chr19	49820127	49820763	LTR/ERV1	4588	-	318	49820445	68951
chr19	32305870	32505870	harbor1	chr19	32308353	32308898	LTR/ERV1	4207	-	272	32308625	2755
chr19	32305870	32505870	harbor1	chr19	32397147	32397796	LTR/ERV1	4889	-	324	32397471	91601
chr19	10618491	10818491	harbor1	chr19	10651833	10652327	LTR/ERV1	2391	-	247	10652080	33589
chr19	10617851	10817851	harbor1	chr19	10651833	10652327	LTR/ERV1	2391	-	247	10652080	34229
chr19	10579276	10779276	harbor1	chr19	10651833	10652327	LTR/ERV1	2391	-	247	10652080	72804
chr19	48525076	48725076	harbor1	chr19	48531899	48532098	LTR/ERV1	1711	-	100	48531999	6923
chr19	48525076	48725076	harbor1	chr19	48532399	48532610	LTR/ERV1	1711	-	106	48532505	7429
chr19	48525076	48725076	harbor1	chr19	48621568	48621973	LTR/ERV1	3003	-	202	48621770	96694
chr19	48525076	48725076	harbor1	chr19	48622287	48622385	LTR/ERV1	3003	-	49	48622336	97260
chr19	18959517	19159517	harbor1	chr19	19035733	19036049	LTR/ERV1	1990	-	158	19035891	76374
chr19	18959517	19159517	harbor1	chr19	19036362	19036537	LTR/ERV1	1990	-	88	19036450	76933
chr19	18959517	19159517	harbor1	chr19	19047670	19047928	LTR/ERV1	4799	-	129	19047799	88282
chr19	18959517	19159517	harbor1	chr19	19048535	19049059	LTR/ERV1	4799	-	262	19048797	89280
chr19	18959517	19159517	harbor1	chr19	19049354	19049376	LTR/ERV1	4799	-	11	19049365	89848
chr19	49751348	49951348	harbor1	chr19	49820127	49820763	LTR/ERV1	4588	-	318	49820445	69097
chr19	16427350	16627350	harbor1	chr19	16475533	16475698	LTR/ERV1	3513	-	82	16475615	48265
chr19	16427350	16627350	harbor1	chr19	16475991	16476077	LTR/ERV1	3513	-	43	16476034	48684
chr19	16427350	16627350	harbor1	chr19	16476378	16476672	LTR/ERV1	3513	-	147	16476525	49175
chr19	16427350	16627350	harbor1	chr19	16494777	16494936	LTR/ERV1	805	-	80	16494857	67507
chr19	19675501	19875501	harbor1	chr19	19715365	19715846	LTR/ERV1	3241	-	240	19715605	40104
chr19	19675501	19875501	harbor1	chr19	19741515	19741644	LTR/ERV1	909	-	64	19741579	66078
chr19	19675501	19875501	harbor1	chr19	19742111	19742212	LTR/ERV1	660	-	50	19742161	66660
chr19	10601630	10801630	harbor1	chr19	10651833	10652327	LTR/ERV1	2391	-	247	10652080	50450
chr19	1812679	2012679	harbor1	chr19	1900303	1900410	LTR/ERV1	1885	-	54	1900357	87678
chr19	1812679	2012679	harbor1	chr19	1900718	1900946	LTR/ERV1	1885	-	114	1900832	88153
chr19	19675859	19875859	harbor1	chr19	19715365	19715846	LTR/ERV1	3241	-	240	19715605	39746
chr19	19675859	19875859	harbor1	chr19	19741515	19741644	LTR/ERV1	909	-	64	19741579	65720
chr19	19675859	19875859	harbor1	chr19	19742111	19742212	LTR/ERV1	660	-	50	19742161	66302
chr19	10618493	10818493	harbor1	chr19	10651833	10652327	LTR/ERV1	2391	-	247	10652080	33587
chr19	49751354	49951354	harbor1	chr19	49820127	49820763	LTR/ERV1	4588	-	318	49820445	69091
chr19	57140991	57340991	harbor1	chr19	57229859	57230025	LTR/ERV1	662	-	83	57229942	88951
chr19	57140991	57340991	harbor1	chr19	57238211	57238620	LTR/ERV1	1321	-	204	57238415	97424
chr19	2877622	3077622	harbor1	chr19	2883903	2884363	LTR/ERV1	2701	-	230	2884133	6511
chr19	2877622	3077622	harbor1	chr19	2901383	2901512	LTR/ERV1	1224	-	64	2901447	23825
chr19	2877622	3077622	harbor1	chr19	2901816	2901994	LTR/ERV1	1224	-	89	2901905	24283
chr19	2877622	3077622	harbor1	chr19	2953327	2953476	LTR/ERV1	1340	-	74	2953401	75779
chr19	2877622	3077622	harbor1	chr19	2953742	2953918	LTR/ERV1	1340	-	88	2953830	76208
chr19	2877622	3077622	harbor1	chr19	2971263	2971424	LTR/ERV1	912	-	80	2971343	93721
chr19	316480	516480	harbor1	chr19	369601	369994	LTR/ERV1	2629	-	196	369797	53317
chr19	49751516	49951516	harbor1	chr19	49820127	49820763	LTR/ERV1	4588	-	318	49820445	68929
chr19	19674783	19874783	harbor1	chr19	19715365	19715846	LTR/ERV1	3241	-	240	19715605	40822
chr19	19674783	19874783	harbor1	chr19	19741515	19741644	LTR/ERV1	909	-	64	19741579	66796
chr19	19674783	19874783	harbor1	chr19	19742111	19742212	LTR/ERV1	660	-	50	19742161	67378
chr19	44901381	45101381	harbor1	chr19	44949975	44950324	LTR/ERV1	2234	-	174	44950149	48768
chr19	19675795	19875795	harbor1	chr19	19715365	19715846	LTR/ERV1	3241	-	240	19715605	39810
chr19	19675795	19875795	harbor1	chr19	19741515	19741644	LTR/ERV1	909	-	64	19741579	65784
chr19	19675795	19875795	harbor1	chr19	19742111	19742212	LTR/ERV1	660	-	50	19742161	66366
chr19	57140995	57340995	harbor1	chr19	57229859	57230025	LTR/ERV1	662	-	83	57229942	88947
chr19	57140995	57340995	harbor1	chr19	57238211	57238620	LTR/ERV1	1321	-	204	57238415	97420
chr19	7769829	7969829	harbor1	chr19	7772904	7773169	LTR/ERV1	3360	-	132	7773036	3207
chr19	7769829	7969829	harbor1	chr19	7773465	7773641	LTR/ERV1	3360	-	88	7773553	3724
chr19	7769829	7969829	harbor1	chr19	7773941	7774177	LTR/ERV1	3360	-	118	7774059	4230
chr19	7769829	7969829	harbor1	chr19	7809844	7809892	LTR/ERV1	987	-	24	7809868	40039
chr19	7769829	7969829	harbor1	chr19	7810230	7810290	LTR/ERV1	987	-	30	7810260	40431
chr19	7769829	7969829	harbor1	chr19	7810291	7810450	LTR/ERV1	2728	-	80	7810371	40542
chr19	7769829	7969829	harbor1	chr19	7810743	7811071	LTR/ERV1	2728	-	164	7810907	41078
chr19	7769829	7969829	harbor1	chr19	7811072	7811226	LTR/ERV1	987	-	77	7811149	41320
chr19	7769829	7969829	harbor1	chr19	7811478	7811547	LTR/ERV1	987	-	34	7811512	41683
chr19	7769829	7969829	harbor1	chr19	7812144	7812401	LTR/ERV1	1065	-	128	7812272	42443
chr19	7769829	7969829	harbor1	chr19	7815456	7815854	LTR/ERV1	2167	-	199	7815655	45826
chr19	10618492	10818492	harbor1	chr19	10651833	10652327	LTR/ERV1	2391	-	247	10652080	33588
chr19	35443648	35643648	harbor1	chr19	35454453	35454932	LTR/ERV1	2337	-	240	35454693	11045
chr19	35443648	35643648	harbor1	chr19	35464140	35464646	LTR/ERV1	3703	-	253	35464393	20745
chr19	35443648	35643648	harbor1	chr19	35539298	35539481	LTR/ERV1	1019	-	92	35539390	95742
chr19	19675992	19875992	harbor1	chr19	19715365	19715846	LTR/ERV1	3241	-	240	19715605	39613
chr19	19675992	19875992	harbor1	chr19	19741515	19741644	LTR/ERV1	909	-	64	19741579	65587
chr19	19675992	19875992	harbor1	chr19	19742111	19742212	LTR/ERV1	660	-	50	19742161	66169
chr19	19674614	19874614	harbor1	chr19	19715365	19715846	LTR/ERV1	3241	-	240	19715605	40991
chr19	19674614	19874614	harbor1	chr19	19741515	19741644	LTR/ERV1	909	-	64	19741579	66965
chr19	19674614	19874614	harbor1	chr19	19742111	19742212	LTR/ERV1	660	-	50	19742161	67547
chr19	48094850	48294850	harbor1	chr19	48106649	48106810	LTR/ERV1	720	-	80	48106729	11879
chr19	48094850	48294850	harbor1	chr19	48107145	48107333	LTR/ERV1	720	-	94	48107239	12389
chr19	48094850	48294850	harbor1	chr19	48108434	48108646	LTR/ERV1	1294	-	106	48108540	13690
chr19	48094850	48294850	harbor1	chr19	48108958	48109160	LTR/ERV1	1294	-	101	48109059	14209
chr19	49751358	49951358	harbor1	chr19	49820127	49820763	LTR/ERV1	4588	-	318	49820445	69087
chr19	10735518	10935518	harbor1	chr19	10751811	10752309	LTR/ERV1	3608	-	249	10752060	16542
chr19	19675861	19875861	harbor1	chr19	19715365	19715846	LTR/ERV1	3241	-	240	19715605	39744
chr19	19675861	19875861	harbor1	chr19	19741515	19741644	LTR/ERV1	909	-	64	19741579	65718
chr19	19675861	19875861	harbor1	chr19	19742111	19742212	LTR/ERV1	660	-	50	19742161	66300
chr19	41650420	41850420	harbor1	chr19	41649806	41650531	LTR/ERV1	2735	-	362	41650168	252
chr19	41650420	41850420	harbor1	chr19	41650534	41650837	LTR/ERV1	775	-	152	41650686	266
chr19	41650420	41850420	harbor1	chr19	41651401	41651626	LTR/ERV1	1378	-	112	41651513	1093
chr19	41650420	41850420	harbor1	chr19	41651613	41651900	LTR/ERV1	1373	-	144	41651757	1337
chr19	41650420	41850420	harbor1	chr19	41651919	41652478	LTR/ERV1	2007	-	280	41652199	1779
chr19	41650420	41850420	harbor1	chr19	41666246	41666630	LTR/ERV1	2957	-	192	41666438	16018
chr19	41650420	41850420	harbor1	chr19	41666887	41667277	LTR/ERV1	2957	-	195	41667082	16662
chr19	41650420	41850420	harbor1	chr19	41673271	41673561	LTR/ERV1	815	-	145	41673416	22996
chr19	41650420	41850420	harbor1	chr19	41673575	41674158	LTR/ERV1	2606	-	292	41673867	23447
chr19	41650420	41850420	harbor1	chr19	41674248	41675954	LTR/ERV1	6096	-	853	41675101	24681
chr19	41650420	41850420	harbor1	chr19	41734939	41735500	LTR/ERV1	943	-	280	41735219	84799
chr19	41650420	41850420	harbor1	chr19	41735886	41736165	LTR/ERV1	977	-	140	41736026	85606
chr19	41650420	41850420	harbor1	chr19	41736163	41736680	LTR/ERV1	3294	-	258	41736421	86001
chr19	41650420	41850420	harbor1	chr19	41736669	41736815	LTR/ERV1	856	-	73	41736742	86322
chr19	41650420	41850420	harbor1	chr19	41737317	41737971	LTR/ERV1	1553	-	327	41737644	87224
chr19	41650420	41850420	harbor1	chr19	41737973	41738140	LTR/ERV1	909	-	84	41738057	87637
chr19	41650420	41850420	harbor1	chr19	41738132	41738145	LTR/ERV1	2073	-	6	41738138	87718
chr19	41650420	41850420	harbor1	chr19	41738444	41738978	LTR/ERV1	2073	-	267	41738711	88291
chr19	41650420	41850420	harbor1	chr19	41738970	41739529	LTR/ERV1	2867	-	280	41739250	88830
chr19	41650420	41850420	harbor1	chr19	41739531	41739898	LTR/ERV1	2215	-	184	41739715	89295
chr19	41650420	41850420	harbor1	chr19	41740525	41740735	LTR/ERV1	900	-	105	41740630	90210
chr19	41650420	41850420	harbor1	chr19	41740715	41741084	LTR/ERV1	671	-	184	41740899	90479
chr19	41650420	41850420	harbor1	chr19	41742003	41742066	LTR/ERV1	1090	-	32	41742035	91615
chr19	41650420	41850420	harbor1	chr19	41742370	41742968	LTR/ERV1	1090	-	299	41742669	92249
chr19	9986298	10186298	harbor1	chr19	10028654	10029074	LTR/ERV1	1799	-	210	10028864	42566
chr19	9986298	10186298	harbor1	chr19	10029158	10030207	LTR/ERV1	4141	-	524	10029682	43384
chr19	9986298	10186298	harbor1	chr19	10030209	10031775	LTR/ERV1	5329	-	783	10030992	44694
chr19	9986298	10186298	harbor1	chr19	10032085	10033236	LTR/ERV1	5329	-	576	10032661	46363
chr19	9986298	10186298	harbor1	chr19	10033539	10033958	LTR/ERV1	1770	-	210	10033749	47451
chr19	49751409	49951409	harbor1	chr19	49820127	49820763	LTR/ERV1	4588	-	318	49820445	69036
chr19	2170342	2370342	harbor1	chr19	2170166	2170403	LTR/ERV1	757	-	118	2170284	58
chr19	2170342	2370342	harbor1	chr19	2171761	2172177	LTR/ERV1	739	-	208	2171969	1627
chr19	2170342	2370342	harbor1	chr19	2211974	2212206	LTR/ERV1	4182	-	116	2212090	41748
chr19	2170342	2370342	harbor1	chr19	2212460	2212811	LTR/ERV1	4182	-	176	2212636	42294
chr19	44518410	44718410	harbor1	chr19	44562418	44563770	LTR/ERV1	9211	-	676	44563094	44684
chr19	44518410	44718410	harbor1	chr19	44574794	44574948	LTR/ERV1	893	-	77	44574871	56461
chr19	44518410	44718410	harbor1	chr19	44575396	44575719	LTR/ERV1	2143	-	162	44575558	57148
chr19	44518410	44718410	harbor1	chr19	44585523	44586002	LTR/ERV1	2798	-	240	44585763	67353
chr19	44518410	44718410	harbor1	chr19	44587759	44588155	LTR/ERV1	2845	-	198	44587957	69547
chr19	44518410	44718410	harbor1	chr19	44591494	44591866	LTR/ERV1	2020	-	186	44591680	73270
chr19	44518410	44718410	harbor1	chr19	44603804	44604483	LTR/ERV1	3830	-	340	44604144	85734
chr19	44518410	44718410	harbor1	chr19	44609406	44609590	LTR/ERV1	3141	-	92	44609498	91088
chr19	44518410	44718410	harbor1	chr19	44609872	44610277	LTR/ERV1	3141	-	202	44610074	91664
chr19	49288353	49488353	harbor1	chr19	49378554	49378778	LTR/ERV1	1116	-	112	49378666	90313
chr19	7812837	8012837	harbor1	chr19	7815456	7815854	LTR/ERV1	2167	-	199	7815655	2818
chr19	19648289	19848289	harbor1	chr19	19668165	19668579	LTR/ERV1	1919	-	207	19668372	20083
chr19	19648289	19848289	harbor1	chr19	19715365	19715846	LTR/ERV1	3241	-	240	19715605	67316
chr19	19648289	19848289	harbor1	chr19	19741515	19741644	LTR/ERV1	909	-	64	19741579	93290
chr19	19648289	19848289	harbor1	chr19	19742111	19742212	LTR/ERV1	660	-	50	19742161	93872
chr19	10043853	10243853	harbor1	chr19	10123452	10123565	LTR/ERV1	1444	-	56	10123508	79655
chr19	10043853	10243853	harbor1	chr19	10124358	10124552	LTR/ERV1	1444	-	97	10124455	80602
chr19	11878930	12078930	harbor1	chr19	11888460	11888685	LTR/ERV1	926	-	112	11888572	9642
chr19	11878930	12078930	harbor1	chr19	11888999	11889116	LTR/ERV1	926	-	58	11889057	10127
chr19	11878930	12078930	harbor1	chr19	11889201	11889460	LTR/ERV1	1266	-	130	11889331	10401
chr19	11878930	12078930	harbor1	chr19	11890880	11891025	LTR/ERV1	792	-	72	11890952	12022
chr19	11878930	12078930	harbor1	chr19	11891026	11891144	LTR/ERV1	774	-	59	11891085	12155
chr19	11878930	12078930	harbor1	chr19	11891475	11891901	LTR/ERV1	2567	-	213	11891688	12758
chr19	11878930	12078930	harbor1	chr19	11891902	11891981	LTR/ERV1	1387	-	40	11891942	13012
chr19	11878930	12078930	harbor1	chr19	11892279	11892476	LTR/ERV1	1387	-	98	11892377	13447
chr19	11878930	12078930	harbor1	chr19	11892617	11892830	LTR/ERV1	1044	-	106	11892723	13793
chr19	11878930	12078930	harbor1	chr19	11893141	11893391	LTR/ERV1	822	-	125	11893266	14336
chr19	11878930	12078930	harbor1	chr19	11902375	11902729	LTR/ERV1	1365	-	177	11902552	23622
chr19	11878930	12078930	harbor1	chr19	11916627	11916890	LTR/ERV1	654	-	132	11916759	37829
chr19	11878930	12078930	harbor1	chr19	11921811	11921893	LTR/ERV1	1129	-	41	11921852	42922
chr19	11878930	12078930	harbor1	chr19	11922482	11922635	LTR/ERV1	1129	-	76	11922558	43628
chr19	11878930	12078930	harbor1	chr19	11925760	11926087	LTR/ERV1	866	-	164	11925924	46994
chr19	11878930	12078930	harbor1	chr19	11926165	11926396	LTR/ERV1	896	-	116	11926281	47351
chr19	11878930	12078930	harbor1	chr19	11926689	11926715	LTR/ERV1	896	-	13	11926702	47772
chr19	11878930	12078930	harbor1	chr19	11926808	11926952	LTR/ERV1	644	-	72	11926880	47950
chr19	11878930	12078930	harbor1	chr19	11926953	11927071	LTR/ERV1	790	-	59	11927012	48082
chr19	11878930	12078930	harbor1	chr19	11927927	11928001	LTR/ERV1	1074	-	37	11927964	49034
chr19	11878930	12078930	harbor1	chr19	11928291	11928441	LTR/ERV1	1074	-	75	11928366	49436
chr19	11878930	12078930	harbor1	chr19	11928931	11929159	LTR/ERV1	1021	-	114	11929045	50115
chr19	11878930	12078930	harbor1	chr19	11929484	11929740	LTR/ERV1	756	-	128	11929612	50682
chr19	11878930	12078930	harbor1	chr19	11940270	11941859	LTR/ERV1	12082	-	794	11941064	62134
chr19	11878930	12078930	harbor1	chr19	11941917	11942279	LTR/ERV1	1464	-	181	11942098	63168
chr19	11878930	12078930	harbor1	chr19	11942460	11942907	LTR/ERV1	2432	-	224	11942684	63754
chr19	11878930	12078930	harbor1	chr19	11942908	11943485	LTR/ERV1	3955	-	288	11943196	64266
chr19	11878930	12078930	harbor1	chr19	11945032	11945377	LTR/ERV1	2405	-	172	11945204	66274
chr19	11878930	12078930	harbor1	chr19	11945373	11946210	LTR/ERV1	5450	-	418	11945791	66861
chr19	11878930	12078930	harbor1	chr19	11946191	11946832	LTR/ERV1	4150	-	320	11946511	67581
chr19	11878930	12078930	harbor1	chr19	11954083	11954382	LTR/ERV1	1045	-	150	11954233	75303
chr19	11878930	12078930	harbor1	chr19	11955917	11956302	LTR/ERV1	1245	-	192	11956109	77179
chr19	11878930	12078930	harbor1	chr19	11962674	11962905	LTR/ERV1	1304	-	116	11962790	83860
chr19	11878930	12078930	harbor1	chr19	11965693	11966020	LTR/ERV1	839	-	164	11965857	86927
chr19	11878930	12078930	harbor1	chr19	11966105	11966361	LTR/ERV1	1234	-	128	11966233	87303
chr19	11878930	12078930	harbor1	chr19	11966789	11966934	LTR/ERV1	656	-	72	11966861	87931
chr19	11878930	12078930	harbor1	chr19	11966935	11967053	LTR/ERV1	718	-	59	11966994	88064
chr19	11878930	12078930	harbor1	chr19	11967749	11968176	LTR/ERV1	2620	-	214	11967963	89033
chr19	11878930	12078930	harbor1	chr19	11968177	11968256	LTR/ERV1	1216	-	40	11968217	89287
chr19	11878930	12078930	harbor1	chr19	11968528	11968737	LTR/ERV1	1216	-	104	11968632	89702
chr19	11878930	12078930	harbor1	chr19	11968884	11969095	LTR/ERV1	1105	-	106	11968990	90060
chr19	11878930	12078930	harbor1	chr19	11969426	11969682	LTR/ERV1	794	-	128	11969554	90624
chr19	11878930	12078930	harbor1	chr19	11975779	11976149	LTR/ERV1	1093	-	185	11975964	97034
chr19	11878930	12078930	harbor1	chr19	11943478	11945035	LTR/ERV1	10897	-	778	11944256	65326
chr19	11878930	12078930	harbor1	chr19	11927484	11927926	LTR/ERV1	2653	-	221	11927705	48775
chr19	19675825	19875825	harbor1	chr19	19715365	19715846	LTR/ERV1	3241	-	240	19715605	39780
chr19	19675825	19875825	harbor1	chr19	19741515	19741644	LTR/ERV1	909	-	64	19741579	65754
chr19	19675825	19875825	harbor1	chr19	19742111	19742212	LTR/ERV1	660	-	50	19742161	66336
chr19	55575001	55775001	harbor1	chr19	55633274	55633457	LTR/ERV1	778	-	92	55633366	58365
chr19	55575001	55775001	harbor1	chr19	55633459	55633593	LTR/ERV1	905	-	67	55633526	58525
chr19	55575001	55775001	harbor1	chr19	55633912	55634148	LTR/ERV1	905	-	118	55634030	59029
chr19	9575315	9775315	harbor1	chr19	9581140	9581629	LTR/ERV1	3651	-	244	9581384	6069
chr19	9575315	9775315	harbor1	chr19	9587772	9588056	LTR/ERV1	2318	-	142	9587914	12599
chr19	9575315	9775315	harbor1	chr19	9588051	9588157	LTR/ERV1	806	-	53	9588104	12789
chr19	9575315	9775315	harbor1	chr19	9588158	9588748	LTR/ERV1	63822	-	295	9588453	13138
chr19	9575315	9775315	harbor1	chr19	9589043	9592261	LTR/ERV1	63822	-	1609	9590652	15337
chr19	9575315	9775315	harbor1	chr19	9592561	9596527	LTR/ERV1	63822	-	1983	9594544	19229
chr19	9575315	9775315	harbor1	chr19	9596528	9596571	LTR/ERV1	3127	-	22	9596550	21235
chr19	9575315	9775315	harbor1	chr19	9596881	9597349	LTR/ERV1	3127	-	234	9597115	21800
chr19	9575315	9775315	harbor1	chr19	9621666	9622251	LTR/ERV1	3155	-	292	9621958	46643
chr19	9575315	9775315	harbor1	chr19	9622394	9622966	LTR/ERV1	4416	-	286	9622680	47365
chr19	9575315	9775315	harbor1	chr19	9635997	9636345	LTR/ERV1	1594	-	174	9636171	60856
chr19	9575315	9775315	harbor1	chr19	9636442	9639986	LTR/ERV1	11213	-	1772	9638214	62899
chr19	9575315	9775315	harbor1	chr19	9639985	9641734	LTR/ERV1	3396	-	874	9640859	65544
chr19	9575315	9775315	harbor1	chr19	9641765	9642066	LTR/ERV1	1535	-	150	9641915	66600
chr19	9575315	9775315	harbor1	chr19	9673926	9674425	LTR/ERV1	3136	-	250	9674176	98861
chr19	35529181	35729181	harbor1	chr19	35539298	35539481	LTR/ERV1	1019	-	92	35539390	10209
chr19	35529181	35729181	harbor1	chr19	35597864	35598363	LTR/ERV1	1310	-	250	35598114	68933
chr19	35529181	35729181	harbor1	chr19	35602988	35603032	LTR/ERV1	2540	-	22	35603010	73829
chr19	35529181	35729181	harbor1	chr19	35603329	35603734	LTR/ERV1	2540	-	202	35603531	74350
chr19	17369325	17569325	harbor1	chr19	17412653	17413217	LTR/ERV1	990	-	282	17412935	43610
chr19	17369325	17569325	harbor1	chr19	17429451	17429813	LTR/ERV1	764	-	181	17429632	60307
chr19	57140996	57340996	harbor1	chr19	57229859	57230025	LTR/ERV1	662	-	83	57229942	88946
chr19	57140996	57340996	harbor1	chr19	57238211	57238620	LTR/ERV1	1321	-	204	57238415	97419
chr19	19676735	19876735	harbor1	chr19	19715365	19715846	LTR/ERV1	3241	-	240	19715605	38870
chr19	19676735	19876735	harbor1	chr19	19741515	19741644	LTR/ERV1	909	-	64	19741579	64844
chr19	19676735	19876735	harbor1	chr19	19742111	19742212	LTR/ERV1	660	-	50	19742161	65426
chr19	15091758	15291758	harbor1	chr19	15105303	15105504	LTR/ERV1	2809	-	100	15105403	13645
chr19	15091758	15291758	harbor1	chr19	15106687	15106819	LTR/ERV1	2809	-	66	15106753	14995
chr19	15091758	15291758	harbor1	chr19	15106015	15106365	LTR/ERV1	2809	-	175	15106190	14432
chr19	19675790	19875790	harbor1	chr19	19715365	19715846	LTR/ERV1	3241	-	240	19715605	39815
chr19	19675790	19875790	harbor1	chr19	19741515	19741644	LTR/ERV1	909	-	64	19741579	65789
chr19	19675790	19875790	harbor1	chr19	19742111	19742212	LTR/ERV1	660	-	50	19742161	66371
chr19	7434223	7634223	harbor1	chr19	7514545	7514627	LTR/ERV1	660	-	41	7514586	80363
chr19	7434223	7634223	harbor1	chr19	7514931	7515246	LTR/ERV1	660	-	158	7515089	80866
chr19	9986300	10186300	harbor1	chr19	10028654	10029074	LTR/ERV1	1799	-	210	10028864	42564
chr19	9986300	10186300	harbor1	chr19	10029158	10030207	LTR/ERV1	4141	-	524	10029682	43382
chr19	9986300	10186300	harbor1	chr19	10030209	10031775	LTR/ERV1	5329	-	783	10030992	44692
chr19	9986300	10186300	harbor1	chr19	10032085	10033236	LTR/ERV1	5329	-	576	10032661	46361
chr19	9986300	10186300	harbor1	chr19	10033539	10033958	LTR/ERV1	1770	-	210	10033749	47449
chr19	2104874	2304874	harbor1	chr19	2158753	2158983	LTR/ERV1	1373	-	115	2158868	53994
chr19	2104874	2304874	harbor1	chr19	2170166	2170403	LTR/ERV1	757	-	118	2170284	65410
chr19	2104874	2304874	harbor1	chr19	2171761	2172177	LTR/ERV1	739	-	208	2171969	67095
chr19	49751330	49951330	harbor1	chr19	49820127	49820763	LTR/ERV1	4588	-	318	49820445	69115
chr19	10618545	10818545	harbor1	chr19	10651833	10652327	LTR/ERV1	2391	-	247	10652080	33535
chr19	49751380	49951380	harbor1	chr19	49820127	49820763	LTR/ERV1	4588	-	318	49820445	69065
chr19	18323630	18523630	harbor1	chr19	18383356	18383445	LTR/ERV1	814	-	44	18383400	59770
chr19	18323630	18523630	harbor1	chr19	18384028	18384150	LTR/ERV1	814	-	61	18384089	60459
chr19	18323630	18523630	harbor1	chr19	18384634	18384975	LTR/ERV1	1742	-	170	18384804	61174
chr19	18323630	18523630	harbor1	chr19	18385409	18385441	LTR/ERV1	1742	-	16	18385425	61795
chr19	559301	759301	harbor1	chr19	560496	560534	LTR/ERV1	2394	-	19	560515	1214
chr19	559301	759301	harbor1	chr19	561144	561360	LTR/ERV1	2394	-	108	561252	1951
chr19	559301	759301	harbor1	chr19	561669	561843	LTR/ERV1	2394	-	87	561756	2455
chr19	559301	759301	harbor1	chr19	562284	562821	LTR/ERV1	4773	-	268	562552	3251
chr19	559301	759301	harbor1	chr19	563123	563561	LTR/ERV1	4773	-	219	563342	4041
chr19	559301	759301	harbor1	chr19	563852	564005	LTR/ERV1	934	-	76	563928	4627
chr19	559301	759301	harbor1	chr19	565565	565776	LTR/ERV1	950	-	106	565671	6370
chr19	559301	759301	harbor1	chr19	566075	566138	LTR/ERV1	747	-	32	566107	6806
chr19	559301	759301	harbor1	chr19	566440	566617	LTR/ERV1	747	-	88	566528	7227
chr19	559301	759301	harbor1	chr19	566855	567281	LTR/ERV1	1845	-	213	567068	7767
chr19	559301	759301	harbor1	chr19	567308	567724	LTR/ERV1	1623	-	208	567516	8215
chr19	559301	759301	harbor1	chr19	568030	568295	LTR/ERV1	1745	-	132	568162	8861
chr19	559301	759301	harbor1	chr19	568601	568668	LTR/ERV1	1745	-	34	568635	9334
chr19	559301	759301	harbor1	chr19	569295	569346	LTR/ERV1	3983	-	26	569321	10020
chr19	559301	759301	harbor1	chr19	569636	570143	LTR/ERV1	3983	-	254	569890	10589
chr19	559301	759301	harbor1	chr19	570459	570617	LTR/ERV1	3983	-	79	570538	11237
chr19	559301	759301	harbor1	chr19	571377	571615	LTR/ERV1	1132	-	119	571496	12195
chr19	559301	759301	harbor1	chr19	571641	571898	LTR/ERV1	896	-	128	571769	12468
chr19	57140775	57340775	harbor1	chr19	57229859	57230025	LTR/ERV1	662	-	83	57229942	89167
chr19	57140775	57340775	harbor1	chr19	57238211	57238620	LTR/ERV1	1321	-	204	57238415	97640
chr19	19675998	19875998	harbor1	chr19	19715365	19715846	LTR/ERV1	3241	-	240	19715605	39607
chr19	19675998	19875998	harbor1	chr19	19741515	19741644	LTR/ERV1	909	-	64	19741579	65581
chr19	19675998	19875998	harbor1	chr19	19742111	19742212	LTR/ERV1	660	-	50	19742161	66163
chr19	19676646	19876646	harbor1	chr19	19715365	19715846	LTR/ERV1	3241	-	240	19715605	38959
chr19	19676646	19876646	harbor1	chr19	19741515	19741644	LTR/ERV1	909	-	64	19741579	64933
chr19	19676646	19876646	harbor1	chr19	19742111	19742212	LTR/ERV1	660	-	50	19742161	65515
chr19	10618552	10818552	harbor1	chr19	10651833	10652327	LTR/ERV1	2391	-	247	10652080	33528
chr19	10618444	10818444	harbor1	chr19	10651833	10652327	LTR/ERV1	2391	-	247	10652080	33636
chr19	10710158	10910158	harbor1	chr19	10751811	10752309	LTR/ERV1	3608	-	249	10752060	41902
chr19	33076653	33276653	harbor1	chr19	33077645	33077756	LTR/ERV1	1384	-	56	33077701	1048
chr19	33076653	33276653	harbor1	chr19	33078040	33078314	LTR/ERV1	1384	-	137	33078177	1524
chr19	19676600	19876600	harbor1	chr19	19715365	19715846	LTR/ERV1	3241	-	240	19715605	39005
chr19	19676600	19876600	harbor1	chr19	19741515	19741644	LTR/ERV1	909	-	64	19741579	64979
chr19	19676600	19876600	harbor1	chr19	19742111	19742212	LTR/ERV1	660	-	50	19742161	65561
chr19	48525185	48725185	harbor1	chr19	48531899	48532098	LTR/ERV1	1711	-	100	48531999	6814
chr19	48525185	48725185	harbor1	chr19	48532399	48532610	LTR/ERV1	1711	-	106	48532505	7320
chr19	48525185	48725185	harbor1	chr19	48621568	48621973	LTR/ERV1	3003	-	202	48621770	96585
chr19	48525185	48725185	harbor1	chr19	48622287	48622385	LTR/ERV1	3003	-	49	48622336	97151
chr19	19676648	19876648	harbor1	chr19	19715365	19715846	LTR/ERV1	3241	-	240	19715605	38957
chr19	19676648	19876648	harbor1	chr19	19741515	19741644	LTR/ERV1	909	-	64	19741579	64931
chr19	19676648	19876648	harbor1	chr19	19742111	19742212	LTR/ERV1	660	-	50	19742161	65513
chr19	39685943	39885943	harbor1	chr19	39763521	39763582	LTR/ERV1	3998	-	30	39763551	77608
chr19	39685943	39885943	harbor1	chr19	39764242	39764785	LTR/ERV1	3998	-	272	39764514	78571
chr19	39685943	39885943	harbor1	chr19	39770607	39770889	LTR/ERV1	2621	-	141	39770748	84805
chr19	39685943	39885943	harbor1	chr19	39771521	39771715	LTR/ERV1	2621	-	97	39771618	85675
chr19	10617879	10817879	harbor1	chr19	10651833	10652327	LTR/ERV1	2391	-	247	10652080	34201
chr19	32964890	33164890	harbor1	chr19	32968799	32970009	LTR/ERV1	7222	-	605	32969404	4514
chr19	19070087	19270087	harbor1	chr19	19087730	19088118	LTR/ERV1	1178	-	194	19087924	17837
chr19	19070087	19270087	harbor1	chr19	19090299	19090545	LTR/ERV1	691	-	123	19090422	20335
chr19	19070087	19270087	harbor1	chr19	19114146	19114609	LTR/ERV1	1702	-	232	19114378	44291
chr19	49751467	49951467	harbor1	chr19	49820127	49820763	LTR/ERV1	4588	-	318	49820445	68978
chr19	35165609	35365609	harbor1	chr19	35165102	35165711	LTR/ERV1	4497	-	304	35165406	203
chr19	35165609	35365609	harbor1	chr19	35203078	35203500	LTR/ERV1	2388	-	211	35203289	37680
chr19	35165609	35365609	harbor1	chr19	35203508	35203759	LTR/ERV1	1395	-	126	35203634	38025
chr19	35165609	35365609	harbor1	chr19	35204673	35205219	LTR/ERV1	4376	-	273	35204946	39337
chr19	35165609	35365609	harbor1	chr19	35239214	35239443	LTR/ERV1	913	-	114	35239328	73719
chr19	35165609	35365609	harbor1	chr19	35240289	35240638	LTR/ERV1	1784	-	174	35240463	74854
chr19	49751332	49951332	harbor1	chr19	49820127	49820763	LTR/ERV1	4588	-	318	49820445	69113
chr19	10618447	10818447	harbor1	chr19	10651833	10652327	LTR/ERV1	2391	-	247	10652080	33633
chr19	16472387	16672387	harbor1	chr19	16475533	16475698	LTR/ERV1	3513	-	82	16475615	3228
chr19	16472387	16672387	harbor1	chr19	16475991	16476077	LTR/ERV1	3513	-	43	16476034	3647
chr19	16472387	16672387	harbor1	chr19	16476378	16476672	LTR/ERV1	3513	-	147	16476525	4138
chr19	16472387	16672387	harbor1	chr19	16494777	16494936	LTR/ERV1	805	-	80	16494857	22470
chr19	48525114	48725114	harbor1	chr19	48531899	48532098	LTR/ERV1	1711	-	100	48531999	6885
chr19	48525114	48725114	harbor1	chr19	48532399	48532610	LTR/ERV1	1711	-	106	48532505	7391
chr19	48525114	48725114	harbor1	chr19	48621568	48621973	LTR/ERV1	3003	-	202	48621770	96656
chr19	48525114	48725114	harbor1	chr19	48622287	48622385	LTR/ERV1	3003	-	49	48622336	97222
chr19	19676660	19876660	harbor1	chr19	19715365	19715846	LTR/ERV1	3241	-	240	19715605	38945
chr19	19676660	19876660	harbor1	chr19	19741515	19741644	LTR/ERV1	909	-	64	19741579	64919
chr19	19676660	19876660	harbor1	chr19	19742111	19742212	LTR/ERV1	660	-	50	19742161	65501
chr19	10618466	10818466	harbor1	chr19	10651833	10652327	LTR/ERV1	2391	-	247	10652080	33614
chr19	6729031	6929031	harbor1	chr19	6790541	6791020	LTR/ERV1	3120	-	240	6790781	61750
chr19	6729031	6929031	harbor1	chr19	6803050	6803525	LTR/ERV1	2641	-	238	6803288	74257
chr19	6729031	6929031	harbor1	chr19	6804188	6804408	LTR/ERV1	1166	-	110	6804298	75267
chr19	6729031	6929031	harbor1	chr19	6804713	6804725	LTR/ERV1	1166	-	6	6804719	75688
chr19	6729031	6929031	harbor1	chr19	6805032	6805142	LTR/ERV1	1166	-	55	6805087	76056
chr19	19676559	19876559	harbor1	chr19	19715365	19715846	LTR/ERV1	3241	-	240	19715605	39046
chr19	19676559	19876559	harbor1	chr19	19741515	19741644	LTR/ERV1	909	-	64	19741579	65020
chr19	19676559	19876559	harbor1	chr19	19742111	19742212	LTR/ERV1	660	-	50	19742161	65602
chr19	49730221	49930221	harbor1	chr19	49820127	49820763	LTR/ERV1	4588	-	318	49820445	90224
chr19	23928631	24128631	harbor1	chr19	24024138	24024551	LTR/ERV1	1850	-	206	24024344	95713
chr19	23928631	24128631	harbor1	chr19	24024871	24025094	LTR/ERV1	860	-	112	24024983	96352
chr19	23928631	24128631	harbor1	chr19	24025696	24025863	LTR/ERV1	1022	-	84	24025780	97149
chr19	23928631	24128631	harbor1	chr19	24026170	24026248	LTR/ERV1	1022	-	39	24026209	97578
chr19	23928631	24128631	harbor1	chr19	24026688	24027643	LTR/ERV1	4714	-	478	24027166	98535
chr19	491384	691384	harbor1	chr19	502613	503061	LTR/ERV1	1908	-	224	502837	11453
chr19	491384	691384	harbor1	chr19	505485	506025	LTR/ERV1	4343	-	270	505755	14371
chr19	491384	691384	harbor1	chr19	506329	506438	LTR/ERV1	4343	-	54	506383	14999
chr19	491384	691384	harbor1	chr19	516168	516372	LTR/ERV1	3733	-	102	516270	24886
chr19	491384	691384	harbor1	chr19	516683	516981	LTR/ERV1	3733	-	149	516832	25448
chr19	491384	691384	harbor1	chr19	560496	560534	LTR/ERV1	2394	-	19	560515	69131
chr19	491384	691384	harbor1	chr19	561144	561360	LTR/ERV1	2394	-	108	561252	69868
chr19	491384	691384	harbor1	chr19	561669	561843	LTR/ERV1	2394	-	87	561756	70372
chr19	491384	691384	harbor1	chr19	562284	562821	LTR/ERV1	4773	-	268	562552	71168
chr19	491384	691384	harbor1	chr19	563123	563561	LTR/ERV1	4773	-	219	563342	71958
chr19	491384	691384	harbor1	chr19	563852	564005	LTR/ERV1	934	-	76	563928	72544
chr19	491384	691384	harbor1	chr19	565565	565776	LTR/ERV1	950	-	106	565671	74287
chr19	491384	691384	harbor1	chr19	566075	566138	LTR/ERV1	747	-	32	566107	74723
chr19	491384	691384	harbor1	chr19	566440	566617	LTR/ERV1	747	-	88	566528	75144
chr19	491384	691384	harbor1	chr19	566855	567281	LTR/ERV1	1845	-	213	567068	75684
chr19	491384	691384	harbor1	chr19	567308	567724	LTR/ERV1	1623	-	208	567516	76132
chr19	491384	691384	harbor1	chr19	568030	568295	LTR/ERV1	1745	-	132	568162	76778
chr19	491384	691384	harbor1	chr19	568601	568668	LTR/ERV1	1745	-	34	568635	77251
chr19	491384	691384	harbor1	chr19	569295	569346	LTR/ERV1	3983	-	26	569321	77937
chr19	491384	691384	harbor1	chr19	569636	570143	LTR/ERV1	3983	-	254	569890	78506
chr19	491384	691384	harbor1	chr19	570459	570617	LTR/ERV1	3983	-	79	570538	79154
chr19	491384	691384	harbor1	chr19	571377	571615	LTR/ERV1	1132	-	119	571496	80112
chr19	491384	691384	harbor1	chr19	571641	571898	LTR/ERV1	896	-	128	571769	80385
chr19	49767555	49967555	harbor1	chr19	49820127	49820763	LTR/ERV1	4588	-	318	49820445	52890
chr19	47128433	47328433	harbor1	chr19	47128139	47128480	LTR/ERV1	1860	-	170	47128309	124
chr19	47128433	47328433	harbor1	chr19	47128786	47128800	LTR/ERV1	1860	-	7	47128793	360
chr19	47128433	47328433	harbor1	chr19	47129118	47129148	LTR/ERV1	1860	-	15	47129133	700
chr19	19675701	19875701	harbor1	chr19	19715365	19715846	LTR/ERV1	3241	-	240	19715605	39904
chr19	19675701	19875701	harbor1	chr19	19741515	19741644	LTR/ERV1	909	-	64	19741579	65878
chr19	19675701	19875701	harbor1	chr19	19742111	19742212	LTR/ERV1	660	-	50	19742161	66460
chr19	56018198	56218198	harbor1	chr19	56045276	56045413	LTR/ERV1	1693	-	68	56045344	27146
chr19	56018198	56218198	harbor1	chr19	56045684	56045989	LTR/ERV1	1693	-	152	56045836	27638
chr19	56018198	56218198	harbor1	chr19	56060767	56061277	LTR/ERV1	2848	-	255	56061022	42824
chr19	10618454	10818454	harbor1	chr19	10651833	10652327	LTR/ERV1	2391	-	247	10652080	33626
chr19	208557	408557	harbor1	chr19	247537	248293	LTR/ERV1	1620	-	378	247915	39358
chr19	9986313	10186313	harbor1	chr19	10028654	10029074	LTR/ERV1	1799	-	210	10028864	42551
chr19	9986313	10186313	harbor1	chr19	10029158	10030207	LTR/ERV1	4141	-	524	10029682	43369
chr19	9986313	10186313	harbor1	chr19	10030209	10031775	LTR/ERV1	5329	-	783	10030992	44679
chr19	9986313	10186313	harbor1	chr19	10032085	10033236	LTR/ERV1	5329	-	576	10032661	46348
chr19	9986313	10186313	harbor1	chr19	10033539	10033958	LTR/ERV1	1770	-	210	10033749	47436
chr19	50332480	50532480	harbor1	chr19	50346977	50347478	LTR/ERV1	2984	-	250	50347227	14747
chr19	50332480	50532480	harbor1	chr19	50372615	50372845	LTR/ERV1	1271	-	115	50372730	40250
chr19	50332480	50532480	harbor1	chr19	50372994	50373358	LTR/ERV1	2450	-	182	50373176	40696
chr19	50332480	50532480	harbor1	chr19	50347480	50350190	LTR/ERV1	17924	-	1355	50348835	16355
chr19	48525150	48725150	harbor1	chr19	48531899	48532098	LTR/ERV1	1711	-	100	48531999	6849
chr19	48525150	48725150	harbor1	chr19	48532399	48532610	LTR/ERV1	1711	-	106	48532505	7355
chr19	48525150	48725150	harbor1	chr19	48621568	48621973	LTR/ERV1	3003	-	202	48621770	96620
chr19	48525150	48725150	harbor1	chr19	48622287	48622385	LTR/ERV1	3003	-	49	48622336	97186
chr19	19676574	19876574	harbor1	chr19	19715365	19715846	LTR/ERV1	3241	-	240	19715605	39031
chr19	19676574	19876574	harbor1	chr19	19741515	19741644	LTR/ERV1	909	-	64	19741579	65005
chr19	19676574	19876574	harbor1	chr19	19742111	19742212	LTR/ERV1	660	-	50	19742161	65587
chr19	48070297	48270297	harbor1	chr19	48106649	48106810	LTR/ERV1	720	-	80	48106729	36432
chr19	48070297	48270297	harbor1	chr19	48107145	48107333	LTR/ERV1	720	-	94	48107239	36942
chr19	48070297	48270297	harbor1	chr19	48108434	48108646	LTR/ERV1	1294	-	106	48108540	38243
chr19	48070297	48270297	harbor1	chr19	48108958	48109160	LTR/ERV1	1294	-	101	48109059	38762
chr19	30129086	30329086	harbor1	chr19	30177280	30177787	LTR/ERV1	3611	-	254	30177534	48448
chr19	1	171218	harbor1	chr19	88027	88104	LTR/ERV1	659	-	38	88065	88064
chr19	2116463	2316463	harbor1	chr19	2158753	2158983	LTR/ERV1	1373	-	115	2158868	42405
chr19	2116463	2316463	harbor1	chr19	2170166	2170403	LTR/ERV1	757	-	118	2170284	53821
chr19	2116463	2316463	harbor1	chr19	2171761	2172177	LTR/ERV1	739	-	208	2171969	55506
chr19	2116463	2316463	harbor1	chr19	2211974	2212206	LTR/ERV1	4182	-	116	2212090	95627
chr19	2116463	2316463	harbor1	chr19	2212460	2212811	LTR/ERV1	4182	-	176	2212636	96173
chr19	7429502	7629502	harbor1	chr19	7514545	7514627	LTR/ERV1	660	-	41	7514586	85084
chr19	7429502	7629502	harbor1	chr19	7514931	7515246	LTR/ERV1	660	-	158	7515089	85587
chr19	516432	716432	harbor1	chr19	516683	516981	LTR/ERV1	3733	-	149	516832	400
chr19	516432	716432	harbor1	chr19	560496	560534	LTR/ERV1	2394	-	19	560515	44083
chr19	516432	716432	harbor1	chr19	561144	561360	LTR/ERV1	2394	-	108	561252	44820
chr19	516432	716432	harbor1	chr19	561669	561843	LTR/ERV1	2394	-	87	561756	45324
chr19	516432	716432	harbor1	chr19	562284	562821	LTR/ERV1	4773	-	268	562552	46120
chr19	516432	716432	harbor1	chr19	563123	563561	LTR/ERV1	4773	-	219	563342	46910
chr19	516432	716432	harbor1	chr19	563852	564005	LTR/ERV1	934	-	76	563928	47496
chr19	516432	716432	harbor1	chr19	565565	565776	LTR/ERV1	950	-	106	565671	49239
chr19	516432	716432	harbor1	chr19	566075	566138	LTR/ERV1	747	-	32	566107	49675
chr19	516432	716432	harbor1	chr19	566440	566617	LTR/ERV1	747	-	88	566528	50096
chr19	516432	716432	harbor1	chr19	566855	567281	LTR/ERV1	1845	-	213	567068	50636
chr19	516432	716432	harbor1	chr19	567308	567724	LTR/ERV1	1623	-	208	567516	51084
chr19	516432	716432	harbor1	chr19	568030	568295	LTR/ERV1	1745	-	132	568162	51730
chr19	516432	716432	harbor1	chr19	568601	568668	LTR/ERV1	1745	-	34	568635	52203
chr19	516432	716432	harbor1	chr19	569295	569346	LTR/ERV1	3983	-	26	569321	52889
chr19	516432	716432	harbor1	chr19	569636	570143	LTR/ERV1	3983	-	254	569890	53458
chr19	516432	716432	harbor1	chr19	570459	570617	LTR/ERV1	3983	-	79	570538	54106
chr19	516432	716432	harbor1	chr19	571377	571615	LTR/ERV1	1132	-	119	571496	55064
chr19	516432	716432	harbor1	chr19	571641	571898	LTR/ERV1	896	-	128	571769	55337
chr19	19676811	19876811	harbor1	chr19	19715365	19715846	LTR/ERV1	3241	-	240	19715605	38794
chr19	19676811	19876811	harbor1	chr19	19741515	19741644	LTR/ERV1	909	-	64	19741579	64768
chr19	19676811	19876811	harbor1	chr19	19742111	19742212	LTR/ERV1	660	-	50	19742161	65350
chr19	2130409	2330409	harbor1	chr19	2158753	2158983	LTR/ERV1	1373	-	115	2158868	28459
chr19	2130409	2330409	harbor1	chr19	2170166	2170403	LTR/ERV1	757	-	118	2170284	39875
chr19	2130409	2330409	harbor1	chr19	2171761	2172177	LTR/ERV1	739	-	208	2171969	41560
chr19	2130409	2330409	harbor1	chr19	2211974	2212206	LTR/ERV1	4182	-	116	2212090	81681
chr19	2130409	2330409	harbor1	chr19	2212460	2212811	LTR/ERV1	4182	-	176	2212636	82227
chr19	48865312	49065312	harbor1	chr19	48878026	48878237	LTR/ERV1	3556	-	106	48878132	12820
chr19	48865312	49065312	harbor1	chr19	48878539	48878917	LTR/ERV1	3556	-	189	48878728	13416
chr19	48865312	49065312	harbor1	chr19	48882411	48882938	LTR/ERV1	4069	-	264	48882675	17363
chr19	48865312	49065312	harbor1	chr19	48949895	48950286	LTR/ERV1	2710	-	196	48950091	84779
chr19	30129101	30329101	harbor1	chr19	30177280	30177787	LTR/ERV1	3611	-	254	30177534	48433
chr19	10618479	10818479	harbor1	chr19	10651833	10652327	LTR/ERV1	2391	-	247	10652080	33601
chr19	7756106	7956106	harbor1	chr19	7764060	7764450	LTR/ERV1	3437	-	195	7764255	8149
chr19	7756106	7956106	harbor1	chr19	7764791	7764912	LTR/ERV1	3437	-	60	7764851	8745
chr19	7756106	7956106	harbor1	chr19	7772904	7773169	LTR/ERV1	3360	-	132	7773036	16930
chr19	7756106	7956106	harbor1	chr19	7773465	7773641	LTR/ERV1	3360	-	88	7773553	17447
chr19	7756106	7956106	harbor1	chr19	7773941	7774177	LTR/ERV1	3360	-	118	7774059	17953
chr19	7756106	7956106	harbor1	chr19	7809844	7809892	LTR/ERV1	987	-	24	7809868	53762
chr19	7756106	7956106	harbor1	chr19	7810230	7810290	LTR/ERV1	987	-	30	7810260	54154
chr19	7756106	7956106	harbor1	chr19	7810291	7810450	LTR/ERV1	2728	-	80	7810371	54265
chr19	7756106	7956106	harbor1	chr19	7810743	7811071	LTR/ERV1	2728	-	164	7810907	54801
chr19	7756106	7956106	harbor1	chr19	7811072	7811226	LTR/ERV1	987	-	77	7811149	55043
chr19	7756106	7956106	harbor1	chr19	7811478	7811547	LTR/ERV1	987	-	34	7811512	55406
chr19	7756106	7956106	harbor1	chr19	7812144	7812401	LTR/ERV1	1065	-	128	7812272	56166
chr19	7756106	7956106	harbor1	chr19	7815456	7815854	LTR/ERV1	2167	-	199	7815655	59549
chr19	208595	408595	harbor1	chr19	247537	248293	LTR/ERV1	1620	-	378	247915	39320
chr19	19675592	19875592	harbor1	chr19	19715365	19715846	LTR/ERV1	3241	-	240	19715605	40013
chr19	19675592	19875592	harbor1	chr19	19741515	19741644	LTR/ERV1	909	-	64	19741579	65987
chr19	19675592	19875592	harbor1	chr19	19742111	19742212	LTR/ERV1	660	-	50	19742161	66569
chr19	1857143	2057143	harbor1	chr19	1900303	1900410	LTR/ERV1	1885	-	54	1900357	43214
chr19	1857143	2057143	harbor1	chr19	1900718	1900946	LTR/ERV1	1885	-	114	1900832	43689
chr19	14879556	15079556	harbor1	chr19	14912736	14913279	LTR/ERV1	3083	-	272	14913008	33452
chr19	14879556	15079556	harbor1	chr19	14930537	14931200	LTR/ERV1	5458	-	332	14930869	51313
chr19	49751346	49951346	harbor1	chr19	49820127	49820763	LTR/ERV1	4588	-	318	49820445	69099
chr19	49767635	49967635	harbor1	chr19	49820127	49820763	LTR/ERV1	4588	-	318	49820445	52810
chr19	40409980	40609980	harbor1	chr19	40508281	40508404	LTR/ERV1	1694	-	62	40508343	98363
chr19	40409980	40609980	harbor1	chr19	40508695	40509060	LTR/ERV1	1694	-	182	40508877	98897
chr19	19675857	19875857	harbor1	chr19	19715365	19715846	LTR/ERV1	3241	-	240	19715605	39748
chr19	19675857	19875857	harbor1	chr19	19741515	19741644	LTR/ERV1	909	-	64	19741579	65722
chr19	19675857	19875857	harbor1	chr19	19742111	19742212	LTR/ERV1	660	-	50	19742161	66304
chr19	11667295	11867295	harbor1	chr19	11693112	11693159	LTR/ERV1	1524	-	24	11693136	25841
chr19	11667295	11867295	harbor1	chr19	11693452	11693854	LTR/ERV1	1524	-	201	11693653	26358
chr19	11667295	11867295	harbor1	chr19	11694293	11694408	LTR/ERV1	658	-	58	11694351	27056
chr19	11667295	11867295	harbor1	chr19	11709992	11710452	LTR/ERV1	3708	-	230	11710222	42927
chr19	19675613	19875613	harbor1	chr19	19715365	19715846	LTR/ERV1	3241	-	240	19715605	39992
chr19	19675613	19875613	harbor1	chr19	19741515	19741644	LTR/ERV1	909	-	64	19741579	65966
chr19	19675613	19875613	harbor1	chr19	19742111	19742212	LTR/ERV1	660	-	50	19742161	66548
chr19	19675500	19875500	harbor1	chr19	19715365	19715846	LTR/ERV1	3241	-	240	19715605	40105
chr19	19675500	19875500	harbor1	chr19	19741515	19741644	LTR/ERV1	909	-	64	19741579	66079
chr19	19675500	19875500	harbor1	chr19	19742111	19742212	LTR/ERV1	660	-	50	19742161	66661
chr19	43618908	43818908	harbor1	chr19	43647503	43647524	LTR/ERV1	1296	-	10	43647513	28605
chr19	43618908	43818908	harbor1	chr19	43647834	43648180	LTR/ERV1	1296	-	173	43648007	29099
chr19	49751423	49951423	harbor1	chr19	49820127	49820763	LTR/ERV1	4588	-	318	49820445	69022
chr19	48525214	48725214	harbor1	chr19	48531899	48532098	LTR/ERV1	1711	-	100	48531999	6785
chr19	48525214	48725214	harbor1	chr19	48532399	48532610	LTR/ERV1	1711	-	106	48532505	7291
chr19	48525214	48725214	harbor1	chr19	48621568	48621973	LTR/ERV1	3003	-	202	48621770	96556
chr19	48525214	48725214	harbor1	chr19	48622287	48622385	LTR/ERV1	3003	-	49	48622336	97122
chr19	19674780	19874780	harbor1	chr19	19715365	19715846	LTR/ERV1	3241	-	240	19715605	40825
chr19	19674780	19874780	harbor1	chr19	19741515	19741644	LTR/ERV1	909	-	64	19741579	66799
chr19	19674780	19874780	harbor1	chr19	19742111	19742212	LTR/ERV1	660	-	50	19742161	67381
chr19	45369302	45569302	harbor1	chr19	45407247	45407440	LTR/ERV1	911	-	96	45407343	38041
chr19	48865303	49065303	harbor1	chr19	48878026	48878237	LTR/ERV1	3556	-	106	48878132	12829
chr19	48865303	49065303	harbor1	chr19	48878539	48878917	LTR/ERV1	3556	-	189	48878728	13425
chr19	48865303	49065303	harbor1	chr19	48882411	48882938	LTR/ERV1	4069	-	264	48882675	17372
chr19	48865303	49065303	harbor1	chr19	48949895	48950286	LTR/ERV1	2710	-	196	48950091	84788
chr19	10732989	10932989	harbor1	chr19	10751811	10752309	LTR/ERV1	3608	-	249	10752060	19071
chr19	19676606	19876606	harbor1	chr19	19715365	19715846	LTR/ERV1	3241	-	240	19715605	38999
chr19	19676606	19876606	harbor1	chr19	19741515	19741644	LTR/ERV1	909	-	64	19741579	64973
chr19	19676606	19876606	harbor1	chr19	19742111	19742212	LTR/ERV1	660	-	50	19742161	65555
chr19	10618504	10818504	harbor1	chr19	10651833	10652327	LTR/ERV1	2391	-	247	10652080	33576
chr19	19674849	19874849	harbor1	chr19	19715365	19715846	LTR/ERV1	3241	-	240	19715605	40756
chr19	19674849	19874849	harbor1	chr19	19741515	19741644	LTR/ERV1	909	-	64	19741579	66730
chr19	19674849	19874849	harbor1	chr19	19742111	19742212	LTR/ERV1	660	-	50	19742161	67312
chr19	10723971	10923971	harbor1	chr19	10751811	10752309	LTR/ERV1	3608	-	249	10752060	28089
chr19	19674760	19874760	harbor1	chr19	19715365	19715846	LTR/ERV1	3241	-	240	19715605	40845
chr19	19674760	19874760	harbor1	chr19	19741515	19741644	LTR/ERV1	909	-	64	19741579	66819
chr19	19674760	19874760	harbor1	chr19	19742111	19742212	LTR/ERV1	660	-	50	19742161	67401
chr19	10617932	10817932	harbor1	chr19	10651833	10652327	LTR/ERV1	2391	-	247	10652080	34148
chr19	417890	617890	harbor1	chr19	502613	503061	LTR/ERV1	1908	-	224	502837	84947
chr19	417890	617890	harbor1	chr19	505485	506025	LTR/ERV1	4343	-	270	505755	87865
chr19	417890	617890	harbor1	chr19	506329	506438	LTR/ERV1	4343	-	54	506383	88493
chr19	417890	617890	harbor1	chr19	516168	516372	LTR/ERV1	3733	-	102	516270	98380
chr19	417890	617890	harbor1	chr19	516683	516981	LTR/ERV1	3733	-	149	516832	98942
chr19	56006815	56206815	harbor1	chr19	56045276	56045413	LTR/ERV1	1693	-	68	56045344	38529
chr19	56006815	56206815	harbor1	chr19	56045684	56045989	LTR/ERV1	1693	-	152	56045836	39021
chr19	56006815	56206815	harbor1	chr19	56060767	56061277	LTR/ERV1	2848	-	255	56061022	54207
chr19	5677377	5877377	harbor1	chr19	5716623	5716802	LTR/ERV1	1051	-	90	5716713	39336
chr19	5677377	5877377	harbor1	chr19	5746280	5746426	LTR/ERV1	711	-	73	5746353	68976
chr19	5677377	5877377	harbor1	chr19	5746733	5746798	LTR/ERV1	711	-	32	5746765	69388
chr19	10618445	10818445	harbor1	chr19	10651833	10652327	LTR/ERV1	2391	-	247	10652080	33635
chr19	10617962	10817962	harbor1	chr19	10651833	10652327	LTR/ERV1	2391	-	247	10652080	34118
chr19	48524511	48724511	harbor1	chr19	48531899	48532098	LTR/ERV1	1711	-	100	48531999	7488
chr19	48524511	48724511	harbor1	chr19	48532399	48532610	LTR/ERV1	1711	-	106	48532505	7994
chr19	48524511	48724511	harbor1	chr19	48621568	48621973	LTR/ERV1	3003	-	202	48621770	97259
chr19	48524511	48724511	harbor1	chr19	48622287	48622385	LTR/ERV1	3003	-	49	48622336	97825
chr20	2740631	2940631	harbor1	chr20	2743431	2743556	LTR/ERV1	569	-	62	2743493	2862
chr20	2740631	2940631	harbor1	chr20	2757641	2757664	LTR/ERV1	995	-	12	2757653	17022
chr20	2740631	2940631	harbor1	chr20	2757981	2758393	LTR/ERV1	995	-	206	2758187	17556
chr20	20267099	20467099	harbor1	chr20	20267632	20267948	LTR/ERV1	1500	-	158	20267790	691
chr20	4586466	4786466	harbor1	chr20	4615981	4616298	LTR/ERV1	2934	-	158	4616139	29673
chr20	4586466	4786466	harbor1	chr20	4616672	4616885	LTR/ERV1	2934	-	106	4616778	30312
chr20	4586466	4786466	harbor1	chr20	4618524	4619006	LTR/ERV1	2776	-	241	4618765	32299
chr20	4586466	4786466	harbor1	chr20	4625794	4625863	LTR/ERV1	477	-	34	4625828	39362
chr20	4586466	4786466	harbor1	chr20	4633865	4634260	LTR/ERV1	2691	-	198	4634063	47597
chr20	4586466	4786466	harbor1	chr20	4639982	4640154	LTR/ERV1	2040	-	86	4640068	53602
chr20	4586466	4786466	harbor1	chr20	4640472	4640728	LTR/ERV1	2040	-	128	4640600	54134
chr20	4586466	4786466	harbor1	chr20	4641059	4641227	LTR/ERV1	2040	-	84	4641143	54677
chr20	4586466	4786466	harbor1	chr20	4649330	4649816	LTR/ERV1	1825	-	243	4649573	63107
chr20	4586466	4786466	harbor1	chr20	4660937	4661208	LTR/ERV1	5333	-	136	4661073	74607
chr20	4586466	4786466	harbor1	chr20	4661595	4661722	LTR/ERV1	5333	-	64	4661659	75193
chr20	4586466	4786466	harbor1	chr20	4662032	4662446	LTR/ERV1	5333	-	207	4662239	75773
chr20	4586466	4786466	harbor1	chr20	4664378	4664933	LTR/ERV1	3712	-	278	4664656	78190
chr20	4586466	4786466	harbor1	chr20	4664939	4665018	LTR/ERV1	617	-	40	4664979	78513
chr20	2738370	2938370	harbor1	chr20	2743431	2743556	LTR/ERV1	569	-	62	2743493	5123
chr20	2738370	2938370	harbor1	chr20	2757641	2757664	LTR/ERV1	995	-	12	2757653	19283
chr20	2738370	2938370	harbor1	chr20	2757981	2758393	LTR/ERV1	995	-	206	2758187	19817
chr20	10574027	10774027	harbor1	chr20	10586191	10586581	LTR/ERV1	1467	-	195	10586386	12359
chr20	61877239	62077239	harbor1	chr20	61956383	61956961	LTR/ERV1	4137	-	289	61956672	79433
chr20	34691570	34891570	harbor1	chr20	34787645	34787866	LTR/ERV1	1023	-	110	34787755	96185
chr20	34691570	34891570	harbor1	chr20	34788364	34788628	LTR/ERV1	1613	-	132	34788496	96926
chr20	34725628	34925628	harbor1	chr20	34787645	34787866	LTR/ERV1	1023	-	110	34787755	62127
chr20	34725628	34925628	harbor1	chr20	34788364	34788628	LTR/ERV1	1613	-	132	34788496	62868
chr20	34774774	34974774	harbor1	chr20	34787645	34787866	LTR/ERV1	1023	-	110	34787755	12981
chr20	34774774	34974774	harbor1	chr20	34788364	34788628	LTR/ERV1	1613	-	132	34788496	13722
chr20	24506534	24706534	harbor1	chr20	24535482	24535896	LTR/ERV1	2450	-	207	24535689	29155
chr20	24506534	24706534	harbor1	chr20	24549431	24550190	LTR/ERV1	4101	-	380	24549811	43277
chr20	24506534	24706534	harbor1	chr20	24552212	24552305	LTR/ERV1	611	-	46	24552258	45724
chr20	24506534	24706534	harbor1	chr20	24557936	24558298	LTR/ERV1	2014	-	181	24558117	51583
chr20	24506534	24706534	harbor1	chr20	24567056	24567375	LTR/ERV1	1823	-	160	24567216	60682
chr20	4586441	4786441	harbor1	chr20	4615981	4616298	LTR/ERV1	2934	-	158	4616139	29698
chr20	4586441	4786441	harbor1	chr20	4616672	4616885	LTR/ERV1	2934	-	106	4616778	30337
chr20	4586441	4786441	harbor1	chr20	4618524	4619006	LTR/ERV1	2776	-	241	4618765	32324
chr20	4586441	4786441	harbor1	chr20	4625794	4625863	LTR/ERV1	477	-	34	4625828	39387
chr20	4586441	4786441	harbor1	chr20	4633865	4634260	LTR/ERV1	2691	-	198	4634063	47622
chr20	4586441	4786441	harbor1	chr20	4639982	4640154	LTR/ERV1	2040	-	86	4640068	53627
chr20	4586441	4786441	harbor1	chr20	4640472	4640728	LTR/ERV1	2040	-	128	4640600	54159
chr20	4586441	4786441	harbor1	chr20	4641059	4641227	LTR/ERV1	2040	-	84	4641143	54702
chr20	4586441	4786441	harbor1	chr20	4649330	4649816	LTR/ERV1	1825	-	243	4649573	63132
chr20	4586441	4786441	harbor1	chr20	4660937	4661208	LTR/ERV1	5333	-	136	4661073	74632
chr20	4586441	4786441	harbor1	chr20	4661595	4661722	LTR/ERV1	5333	-	64	4661659	75218
chr20	4586441	4786441	harbor1	chr20	4662032	4662446	LTR/ERV1	5333	-	207	4662239	75798
chr20	4586441	4786441	harbor1	chr20	4664378	4664933	LTR/ERV1	3712	-	278	4664656	78215
chr20	4586441	4786441	harbor1	chr20	4664939	4665018	LTR/ERV1	617	-	40	4664979	78538
chr20	63437341	63637341	harbor1	chr20	63506795	63506961	LTR/ERV1	901	-	83	63506878	69537
chr20	63437341	63637341	harbor1	chr20	63507096	63507395	LTR/ERV1	1676	-	150	63507246	69905
chr20	63437341	63637341	harbor1	chr20	63507723	63507884	LTR/ERV1	774	-	80	63507803	70462
chr20	63437341	63637341	harbor1	chr20	63523757	63524083	LTR/ERV1	2464	-	163	63523920	86579
chr20	63437341	63637341	harbor1	chr20	63524388	63524564	LTR/ERV1	2464	-	88	63524476	87135
chr20	63437341	63637341	harbor1	chr20	63527642	63528170	LTR/ERV1	1740	-	264	63527906	90565
chr20	63437341	63637341	harbor1	chr20	63528721	63528861	LTR/ERV1	480	-	70	63528791	91450
chr20	9473828	9673828	harbor1	chr20	9484546	9485031	LTR/ERV1	2406	-	242	9484788	10960
chr20	62871332	63071332	harbor1	chr20	62968631	62968777	LTR/ERV1	462	-	73	62968704	97372
chr20	34724799	34924799	harbor1	chr20	34787645	34787866	LTR/ERV1	1023	-	110	34787755	62956
chr20	34724799	34924799	harbor1	chr20	34788364	34788628	LTR/ERV1	1613	-	132	34788496	63697
chr20	34881332	35081332	harbor1	chr20	34897920	34899367	LTR/ERV1	10301	-	724	34898644	17312
chr20	34725642	34925642	harbor1	chr20	34787645	34787866	LTR/ERV1	1023	-	110	34787755	62113
chr20	34725642	34925642	harbor1	chr20	34788364	34788628	LTR/ERV1	1613	-	132	34788496	62854
chr20	34725595	34925595	harbor1	chr20	34787645	34787866	LTR/ERV1	1023	-	110	34787755	62160
chr20	34725595	34925595	harbor1	chr20	34788364	34788628	LTR/ERV1	1613	-	132	34788496	62901
chr20	34725630	34925630	harbor1	chr20	34787645	34787866	LTR/ERV1	1023	-	110	34787755	62125
chr20	34725630	34925630	harbor1	chr20	34788364	34788628	LTR/ERV1	1613	-	132	34788496	62866
chr20	63437464	63637464	harbor1	chr20	63506795	63506961	LTR/ERV1	901	-	83	63506878	69414
chr20	63437464	63637464	harbor1	chr20	63507096	63507395	LTR/ERV1	1676	-	150	63507246	69782
chr20	63437464	63637464	harbor1	chr20	63507723	63507884	LTR/ERV1	774	-	80	63507803	70339
chr20	63437464	63637464	harbor1	chr20	63523757	63524083	LTR/ERV1	2464	-	163	63523920	86456
chr20	63437464	63637464	harbor1	chr20	63524388	63524564	LTR/ERV1	2464	-	88	63524476	87012
chr20	63437464	63637464	harbor1	chr20	63527642	63528170	LTR/ERV1	1740	-	264	63527906	90442
chr20	63437464	63637464	harbor1	chr20	63528721	63528861	LTR/ERV1	480	-	70	63528791	91327
chr20	9473814	9673814	harbor1	chr20	9484546	9485031	LTR/ERV1	2406	-	242	9484788	10974
chr20	2740701	2940701	harbor1	chr20	2743431	2743556	LTR/ERV1	569	-	62	2743493	2792
chr20	2740701	2940701	harbor1	chr20	2757641	2757664	LTR/ERV1	995	-	12	2757653	16952
chr20	2740701	2940701	harbor1	chr20	2757981	2758393	LTR/ERV1	995	-	206	2758187	17486
chr20	34725651	34925651	harbor1	chr20	34787645	34787866	LTR/ERV1	1023	-	110	34787755	62104
chr20	34725651	34925651	harbor1	chr20	34788364	34788628	LTR/ERV1	1613	-	132	34788496	62845
chr20	21818076	22018076	harbor1	chr20	21899726	21900129	LTR/ERV1	2156	-	202	21899928	81852
chr20	63471550	63671550	harbor1	chr20	63506795	63506961	LTR/ERV1	901	-	83	63506878	35328
chr20	63471550	63671550	harbor1	chr20	63507096	63507395	LTR/ERV1	1676	-	150	63507246	35696
chr20	63471550	63671550	harbor1	chr20	63507723	63507884	LTR/ERV1	774	-	80	63507803	36253
chr20	63471550	63671550	harbor1	chr20	63523757	63524083	LTR/ERV1	2464	-	163	63523920	52370
chr20	63471550	63671550	harbor1	chr20	63524388	63524564	LTR/ERV1	2464	-	88	63524476	52926
chr20	63471550	63671550	harbor1	chr20	63527642	63528170	LTR/ERV1	1740	-	264	63527906	56356
chr20	63471550	63671550	harbor1	chr20	63528721	63528861	LTR/ERV1	480	-	70	63528791	57241
chr20	2740649	2940649	harbor1	chr20	2743431	2743556	LTR/ERV1	569	-	62	2743493	2844
chr20	2740649	2940649	harbor1	chr20	2757641	2757664	LTR/ERV1	995	-	12	2757653	17004
chr20	2740649	2940649	harbor1	chr20	2757981	2758393	LTR/ERV1	995	-	206	2758187	17538
chr20	2740637	2940637	harbor1	chr20	2743431	2743556	LTR/ERV1	569	-	62	2743493	2856
chr20	2740637	2940637	harbor1	chr20	2757641	2757664	LTR/ERV1	995	-	12	2757653	17016
chr20	2740637	2940637	harbor1	chr20	2757981	2758393	LTR/ERV1	995	-	206	2758187	17550
chr20	11791069	11991069	harbor1	chr20	11797044	11797580	LTR/ERV1	2598	-	268	11797312	6243
chr20	11791069	11991069	harbor1	chr20	11888759	11889113	LTR/ERV1	773	-	177	11888936	97867
chr20	11791069	11991069	harbor1	chr20	11812427	11813046	LTR/ERV1	3110	-	310	11812737	21668
chr20	63472070	63672070	harbor1	chr20	63506795	63506961	LTR/ERV1	901	-	83	63506878	34808
chr20	63472070	63672070	harbor1	chr20	63507096	63507395	LTR/ERV1	1676	-	150	63507246	35176
chr20	63472070	63672070	harbor1	chr20	63507723	63507884	LTR/ERV1	774	-	80	63507803	35733
chr20	63472070	63672070	harbor1	chr20	63523757	63524083	LTR/ERV1	2464	-	163	63523920	51850
chr20	63472070	63672070	harbor1	chr20	63524388	63524564	LTR/ERV1	2464	-	88	63524476	52406
chr20	63472070	63672070	harbor1	chr20	63527642	63528170	LTR/ERV1	1740	-	264	63527906	55836
chr20	63472070	63672070	harbor1	chr20	63528721	63528861	LTR/ERV1	480	-	70	63528791	56721
chr20	21614820	21814820	harbor1	chr20	21670080	21670506	LTR/ERV1	2997	-	213	21670293	55473
chr20	21614820	21814820	harbor1	chr20	21670816	21670928	LTR/ERV1	2997	-	56	21670872	56052
chr20	61877182	62077182	harbor1	chr20	61956383	61956961	LTR/ERV1	4137	-	289	61956672	79490
chr20	34725603	34925603	harbor1	chr20	34787645	34787866	LTR/ERV1	1023	-	110	34787755	62152
chr20	34725603	34925603	harbor1	chr20	34788364	34788628	LTR/ERV1	1613	-	132	34788496	62893
chr20	4586511	4786511	harbor1	chr20	4615981	4616298	LTR/ERV1	2934	-	158	4616139	29628
chr20	4586511	4786511	harbor1	chr20	4616672	4616885	LTR/ERV1	2934	-	106	4616778	30267
chr20	4586511	4786511	harbor1	chr20	4618524	4619006	LTR/ERV1	2776	-	241	4618765	32254
chr20	4586511	4786511	harbor1	chr20	4625794	4625863	LTR/ERV1	477	-	34	4625828	39317
chr20	4586511	4786511	harbor1	chr20	4633865	4634260	LTR/ERV1	2691	-	198	4634063	47552
chr20	4586511	4786511	harbor1	chr20	4639982	4640154	LTR/ERV1	2040	-	86	4640068	53557
chr20	4586511	4786511	harbor1	chr20	4640472	4640728	LTR/ERV1	2040	-	128	4640600	54089
chr20	4586511	4786511	harbor1	chr20	4641059	4641227	LTR/ERV1	2040	-	84	4641143	54632
chr20	4586511	4786511	harbor1	chr20	4649330	4649816	LTR/ERV1	1825	-	243	4649573	63062
chr20	4586511	4786511	harbor1	chr20	4660937	4661208	LTR/ERV1	5333	-	136	4661073	74562
chr20	4586511	4786511	harbor1	chr20	4661595	4661722	LTR/ERV1	5333	-	64	4661659	75148
chr20	4586511	4786511	harbor1	chr20	4662032	4662446	LTR/ERV1	5333	-	207	4662239	75728
chr20	4586511	4786511	harbor1	chr20	4664378	4664933	LTR/ERV1	3712	-	278	4664656	78145
chr20	4586511	4786511	harbor1	chr20	4664939	4665018	LTR/ERV1	617	-	40	4664979	78468
chr21	29198992	29398992	harbor1	chr21	29204185	29204510	LTR/ERV1	503	-	162	29204347	5355
chr21	29198992	29398992	harbor1	chr21	29231387	29231551	LTR/ERV1	4508	-	82	29231469	32477
chr21	29198992	29398992	harbor1	chr21	29231845	29232362	LTR/ERV1	4508	-	258	29232103	33111
chr21	29198992	29398992	harbor1	chr21	29234101	29234897	LTR/ERV1	4878	-	398	29234499	35507
chr21	44718448	44918448	harbor1	chr21	44746355	44746488	LTR/ERV1	1015	-	66	44746421	27973
chr21	44718448	44918448	harbor1	chr21	44746787	44746879	LTR/ERV1	1015	-	46	44746833	28385
chr21	44718448	44918448	harbor1	chr21	44747876	44747996	LTR/ERV1	583	-	60	44747936	29488
chr21	44718448	44918448	harbor1	chr21	44748215	44748316	LTR/ERV1	507	-	50	44748265	29817
chr21	45793754	45993754	harbor1	chr21	45812184	45812306	LTR/ERV1	857	-	61	45812245	18491
chr21	45793754	45993754	harbor1	chr21	45831610	45831717	LTR/ERV1	3404	-	54	45831664	37910
chr21	45793754	45993754	harbor1	chr21	45832011	45832494	LTR/ERV1	3404	-	242	45832253	38499
chr21	45793754	45993754	harbor1	chr21	45848062	45848352	LTR/ERV1	1577	-	145	45848207	54453
chr21	45793754	45993754	harbor1	chr21	45853353	45853595	LTR/ERV1	1619	-	121	45853474	59720
chr21	45793754	45993754	harbor1	chr21	45856663	45857411	LTR/ERV1	5681	-	374	45857037	63283
chr21	45793754	45993754	harbor1	chr21	45858106	45858679	LTR/ERV1	999	-	286	45858392	64638
chr21	46282980	46482980	harbor1	chr21	46289309	46289441	LTR/ERV1	1456	-	66	46289375	6395
chr21	46282980	46482980	harbor1	chr21	46289754	46289936	LTR/ERV1	1456	-	91	46289845	6865
chr21	46282980	46482980	harbor1	chr21	46290034	46290205	LTR/ERV1	738	-	86	46290120	7140
chr21	46282980	46482980	harbor1	chr21	46291832	46292573	LTR/ERV1	3697	-	370	46292202	9222
chr21	43620271	43820271	harbor1	chr21	43717531	43717713	LTR/ERV1	1149	-	91	43717622	97351
chr21	41040224	41240224	harbor1	chr21	41081364	41081941	LTR/ERV1	3603	-	288	41081652	41428
chr21	7645362	7845362	harbor1	chr21	7652619	7652998	LTR/ERV1	3228	-	190	7652809	7447
chr21	7645362	7845362	harbor1	chr21	7653299	7653525	LTR/ERV1	3228	-	113	7653412	8050
chr21	7645362	7845362	harbor1	chr21	7653526	7654183	LTR/ERV1	2916	-	328	7653854	8492
chr21	7645362	7845362	harbor1	chr21	7654793	7655446	LTR/ERV1	1631	-	326	7655119	9757
chr21	7645362	7845362	harbor1	chr21	7655642	7656125	LTR/ERV1	3042	-	242	7655884	10522
chr21	7645362	7845362	harbor1	chr21	7659806	7659874	LTR/ERV1	4024	-	34	7659840	14478
chr21	7645362	7845362	harbor1	chr21	7660278	7660834	LTR/ERV1	4024	-	278	7660556	15194
chr21	7645362	7845362	harbor1	chr21	7669372	7669789	LTR/ERV1	1195	-	208	7669580	24218
chr21	7645362	7845362	harbor1	chr21	7674140	7674256	LTR/ERV1	503	-	58	7674198	28836
chr21	7645362	7845362	harbor1	chr21	7676600	7677107	LTR/ERV1	863	-	254	7676854	31492
chr21	7645362	7845362	harbor1	chr21	7682268	7682669	LTR/ERV1	1376	-	200	7682468	37106
chr21	29198971	29398971	harbor1	chr21	29204185	29204510	LTR/ERV1	503	-	162	29204347	5376
chr21	29198971	29398971	harbor1	chr21	29231387	29231551	LTR/ERV1	4508	-	82	29231469	32498
chr21	29198971	29398971	harbor1	chr21	29231845	29232362	LTR/ERV1	4508	-	258	29232103	33132
chr21	29198971	29398971	harbor1	chr21	29234101	29234897	LTR/ERV1	4878	-	398	29234499	35528
chr21	44211838	44411838	harbor1	chr21	44215607	44215763	LTR/ERV1	2829	-	78	44215685	3847
chr21	44211838	44411838	harbor1	chr21	44216062	44216582	LTR/ERV1	2829	-	260	44216322	4484
chr21	44211838	44411838	harbor1	chr21	44216591	44216674	LTR/ERV1	1147	-	42	44216633	4795
chr21	44211838	44411838	harbor1	chr21	44216985	44217163	LTR/ERV1	1147	-	89	44217074	5236
chr21	44211838	44411838	harbor1	chr21	44217883	44218310	LTR/ERV1	2033	-	214	44218097	6259
chr21	44211838	44411838	harbor1	chr21	44274222	44274262	LTR/ERV1	1431	-	20	44274242	62404
chr21	44211838	44411838	harbor1	chr21	44274569	44274852	LTR/ERV1	1431	-	142	44274711	62873
chr21	44211838	44411838	harbor1	chr21	44275433	44275540	LTR/ERV1	521	-	54	44275487	63649
chr21	44211838	44411838	harbor1	chr21	44308947	44309174	LTR/ERV1	494	-	114	44309061	97223
chr21	29198960	29398960	harbor1	chr21	29204185	29204510	LTR/ERV1	503	-	162	29204347	5387
chr21	29198960	29398960	harbor1	chr21	29231387	29231551	LTR/ERV1	4508	-	82	29231469	32509
chr21	29198960	29398960	harbor1	chr21	29231845	29232362	LTR/ERV1	4508	-	258	29232103	33143
chr21	29198960	29398960	harbor1	chr21	29234101	29234897	LTR/ERV1	4878	-	398	29234499	35539
chr21	44410644	44610644	harbor1	chr21	44414530	44415003	LTR/ERV1	2086	-	236	44414766	4122
chr21	44410644	44610644	harbor1	chr21	44484506	44484797	LTR/ERV1	2201	-	146	44484652	74008
chr21	44410644	44610644	harbor1	chr21	44484984	44485218	LTR/ERV1	2201	-	117	44485101	74457
chr21	44410644	44610644	harbor1	chr21	44497863	44498295	LTR/ERV1	2319	-	216	44498079	87435
chr21	42595318	42795318	harbor1	chr21	42601041	42601220	LTR/ERV1	3829	-	90	42601131	5813
chr21	42595318	42795318	harbor1	chr21	42601530	42602017	LTR/ERV1	3829	-	244	42601774	6456
chr21	42595318	42795318	harbor1	chr21	42602021	42602334	LTR/ERV1	1585	-	156	42602177	6859
chr21	42595318	42795318	harbor1	chr21	42602634	42602672	LTR/ERV1	1585	-	19	42602653	7335
chr21	42595318	42795318	harbor1	chr21	42602677	42603420	LTR/ERV1	5446	-	372	42603049	7731
chr21	42595318	42795318	harbor1	chr21	42603989	42604571	LTR/ERV1	3099	-	291	42604280	8962
chr21	42595318	42795318	harbor1	chr21	42604658	42604876	LTR/ERV1	727	-	109	42604767	9449
chr21	42595318	42795318	harbor1	chr21	42604886	42604928	LTR/ERV1	3091	-	21	42604907	9589
chr21	42595318	42795318	harbor1	chr21	42605232	42605751	LTR/ERV1	3091	-	260	42605492	10174
chr21	42595318	42795318	harbor1	chr21	42605761	42605973	LTR/ERV1	617	-	106	42605867	10549
chr21	42595318	42795318	harbor1	chr21	42605991	42606129	LTR/ERV1	623	-	69	42606060	10742
chr21	42595318	42795318	harbor1	chr21	42606135	42606259	LTR/ERV1	550	-	62	42606197	10879
chr21	42595318	42795318	harbor1	chr21	42606247	42606737	LTR/ERV1	1045	-	245	42606492	11174
chr21	42595318	42795318	harbor1	chr21	42608004	42608169	LTR/ERV1	2788	-	82	42608086	12768
chr21	42595318	42795318	harbor1	chr21	42608490	42608893	LTR/ERV1	2788	-	202	42608692	13374
chr21	42595318	42795318	harbor1	chr21	42620262	42620566	LTR/ERV1	3262	-	152	42620414	25096
chr21	42595318	42795318	harbor1	chr21	42620831	42620846	LTR/ERV1	3262	-	8	42620839	25521
chr21	42595318	42795318	harbor1	chr21	42621155	42621584	LTR/ERV1	3262	-	214	42621369	26051
chr21	42595318	42795318	harbor1	chr21	42682113	42682314	LTR/ERV1	655	-	100	42682213	86895
chr21	42595318	42795318	harbor1	chr21	42682341	42683450	LTR/ERV1	2849	-	554	42682895	87577
chr21	29198958	29398958	harbor1	chr21	29204185	29204510	LTR/ERV1	503	-	162	29204347	5389
chr21	29198958	29398958	harbor1	chr21	29231387	29231551	LTR/ERV1	4508	-	82	29231469	32511
chr21	29198958	29398958	harbor1	chr21	29231845	29232362	LTR/ERV1	4508	-	258	29232103	33145
chr21	29198958	29398958	harbor1	chr21	29234101	29234897	LTR/ERV1	4878	-	398	29234499	35541
chr21	5028549	5228549	harbor1	chr21	5048328	5048595	LTR/ERV1	2392	-	134	5048462	19913
chr21	5028549	5228549	harbor1	chr21	5048908	5049033	LTR/ERV1	2392	-	62	5048970	20421
chr21	5028549	5228549	harbor1	chr21	5049542	5049786	LTR/ERV1	1625	-	122	5049664	21115
chr21	5028549	5228549	harbor1	chr21	5056971	5057112	LTR/ERV1	476	-	70	5057041	28492
chr21	5028549	5228549	harbor1	chr21	5058043	5058145	LTR/ERV1	452	-	51	5058094	29545
chr21	5028549	5228549	harbor1	chr21	5045824	5046499	LTR/ERV1	3667	-	338	5046162	17613
chr21	46081078	46281078	harbor1	chr21	46108850	46110205	LTR/ERV1	4372	-	678	46109528	28450
chr21	46081078	46281078	harbor1	chr21	46128803	46128935	LTR/ERV1	434	-	66	46128869	47791
chr21	46081078	46281078	harbor1	chr21	46142202	46143045	LTR/ERV1	3818	-	422	46142624	61546
chr21	46089884	46289884	harbor1	chr21	46108850	46110205	LTR/ERV1	4372	-	678	46109528	19644
chr21	46089884	46289884	harbor1	chr21	46128803	46128935	LTR/ERV1	434	-	66	46128869	38985
chr21	46089884	46289884	harbor1	chr21	46142202	46143045	LTR/ERV1	3818	-	422	46142624	52740
chr21	44410702	44610702	harbor1	chr21	44414530	44415003	LTR/ERV1	2086	-	236	44414766	4064
chr21	44410702	44610702	harbor1	chr21	44484506	44484797	LTR/ERV1	2201	-	146	44484652	73950
chr21	44410702	44610702	harbor1	chr21	44484984	44485218	LTR/ERV1	2201	-	117	44485101	74399
chr21	44410702	44610702	harbor1	chr21	44497863	44498295	LTR/ERV1	2319	-	216	44498079	87377
chr21	45121058	45321058	harbor1	chr21	45132517	45133192	LTR/ERV1	1731	-	338	45132855	11797
chr21	45121058	45321058	harbor1	chr21	45200454	45200811	LTR/ERV1	671	-	178	45200632	79574
chr21	44409441	44609441	harbor1	chr21	44414530	44415003	LTR/ERV1	2086	-	236	44414766	5325
chr21	44409441	44609441	harbor1	chr21	44484506	44484797	LTR/ERV1	2201	-	146	44484652	75211
chr21	44409441	44609441	harbor1	chr21	44484984	44485218	LTR/ERV1	2201	-	117	44485101	75660
chr21	44409441	44609441	harbor1	chr21	44497863	44498295	LTR/ERV1	2319	-	216	44498079	88638
chr21	41209974	41409974	harbor1	chr21	41244264	41244723	LTR/ERV1	2925	-	230	41244494	34520
chr21	41209974	41409974	harbor1	chr21	41292094	41292586	LTR/ERV1	2937	-	246	41292340	82366
chr21	42275771	42475771	harbor1	chr21	42322755	42323573	LTR/ERV1	1477	-	409	42323164	47393
chr21	42275771	42475771	harbor1	chr21	42323609	42324160	LTR/ERV1	4504	-	276	42323885	48114
chr21	42275771	42475771	harbor1	chr21	42331690	42332224	LTR/ERV1	2385	-	267	42331957	56186
chr21	42275771	42475771	harbor1	chr21	42336014	42336469	LTR/ERV1	1718	-	228	42336242	60471
chr21	42330687	42530687	harbor1	chr21	42331690	42332224	LTR/ERV1	2385	-	267	42331957	1270
chr21	42330687	42530687	harbor1	chr21	42336014	42336469	LTR/ERV1	1718	-	228	42336242	5555
chr21	37167966	37367966	harbor1	chr21	37210102	37210507	LTR/ERV1	2631	-	202	37210304	42338
chr21	41615341	41815341	harbor1	chr21	41628991	41629362	LTR/ERV1	2079	-	186	41629177	13836
chr21	41615341	41815341	harbor1	chr21	41657571	41657666	LTR/ERV1	558	-	48	41657619	42278
chr21	41615341	41815341	harbor1	chr21	41658161	41658615	LTR/ERV1	2158	-	227	41658388	43047
chr21	41615341	41815341	harbor1	chr21	41692415	41692758	LTR/ERV1	1444	-	172	41692587	77246
chr21	41615341	41815341	harbor1	chr21	41692777	41692902	LTR/ERV1	442	-	62	41692839	77498
chr21	44624134	44824134	harbor1	chr21	44651844	44651944	LTR/ERV1	668	-	50	44651894	27760
chr21	29198951	29398951	harbor1	chr21	29204185	29204510	LTR/ERV1	503	-	162	29204347	5396
chr21	29198951	29398951	harbor1	chr21	29231387	29231551	LTR/ERV1	4508	-	82	29231469	32518
chr21	29198951	29398951	harbor1	chr21	29231845	29232362	LTR/ERV1	4508	-	258	29232103	33152
chr21	29198951	29398951	harbor1	chr21	29234101	29234897	LTR/ERV1	4878	-	398	29234499	35548
chr21	8119783	8319783	harbor1	chr21	8130832	8132091	LTR/ERV1	8143	-	630	8131462	11679
chr21	8119783	8319783	harbor1	chr21	8147256	8147727	LTR/ERV1	2896	-	236	8147492	27709
chr21	8119783	8319783	harbor1	chr21	8147728	8149314	LTR/ERV1	9861	-	793	8148521	28738
chr21	8119783	8319783	harbor1	chr21	8149312	8151759	LTR/ERV1	9948	-	1224	8150536	30753
chr21	8119783	8319783	harbor1	chr21	8151803	8152398	LTR/ERV1	2817	-	298	8152101	32318
chr21	8119783	8319783	harbor1	chr21	8152476	8153089	LTR/ERV1	2376	-	306	8152782	32999
chr21	8119783	8319783	harbor1	chr21	8153079	8154008	LTR/ERV1	2754	-	464	8153543	33760
chr21	8119783	8319783	harbor1	chr21	8154009	8154450	LTR/ERV1	3070	-	220	8154229	34446
chr21	8119783	8319783	harbor1	chr21	8154451	8154835	LTR/ERV1	2214	-	192	8154643	34860
chr21	8119783	8319783	harbor1	chr21	8170231	8170671	LTR/ERV1	613	-	220	8170451	50668
chr22	39578289	39778289	harbor1	chr22	39603660	39604117	LTR/ERV1	1185	-	228	39603888	25599
chr22	44201157	44401157	harbor1	chr22	44240559	44241011	LTR/ERV1	2345	-	226	44240785	39628
chr22	45966963	46166963	harbor1	chr22	46015576	46015936	LTR/ERV1	694	-	180	46015756	48793
chr22	23976652	24176652	harbor1	chr22	23992317	23992442	LTR/ERV1	777	-	62	23992379	15727
chr22	23794301	23994301	harbor1	chr22	23862925	23863026	LTR/ERV1	576	-	50	23862975	68674
chr22	23794301	23994301	harbor1	chr22	23864805	23864825	LTR/ERV1	1746	-	10	23864815	70514
chr22	23794301	23994301	harbor1	chr22	23865435	23865883	LTR/ERV1	1746	-	224	23865659	71358
chr22	23794301	23994301	harbor1	chr22	23866199	23866234	LTR/ERV1	1444	-	18	23866217	71916
chr22	23794301	23994301	harbor1	chr22	23892305	23892720	LTR/ERV1	2004	-	208	23892513	98212
chr22	36407036	36607036	harbor1	chr22	36482788	36482973	LTR/ERV1	778	-	92	36482880	75844
chr22	36407036	36607036	harbor1	chr22	36484490	36484942	LTR/ERV1	2128	-	226	36484716	77680
chr22	36407036	36607036	harbor1	chr22	36485592	36485945	LTR/ERV1	2488	-	176	36485768	78732
chr22	36407036	36607036	harbor1	chr22	36486253	36486462	LTR/ERV1	2488	-	104	36486357	79321
chr22	36407036	36607036	harbor1	chr22	36486441	36486633	LTR/ERV1	777	-	96	36486537	79501
chr22	36407036	36607036	harbor1	chr22	36486635	36487137	LTR/ERV1	1152	-	251	36486886	79850
chr22	36407036	36607036	harbor1	chr22	36487153	36487638	LTR/ERV1	2826	-	242	36487395	80359
chr22	36186433	36386433	harbor1	chr22	36206067	36206752	LTR/ERV1	2655	-	342	36206409	19976
chr22	36186433	36386433	harbor1	chr22	36206844	36207574	LTR/ERV1	3027	-	365	36207209	20776
chr22	36186433	36386433	harbor1	chr22	36208973	36209292	LTR/ERV1	771	-	160	36209133	22700
chr22	36186433	36386433	harbor1	chr22	36213368	36213608	LTR/ERV1	956	-	120	36213488	27055
chr22	36186433	36386433	harbor1	chr22	36213609	36213971	LTR/ERV1	848	-	181	36213790	27357
chr22	36186433	36386433	harbor1	chr22	36214401	36214612	LTR/ERV1	708	-	106	36214507	28074
chr22	36186433	36386433	harbor1	chr22	36214716	36214788	LTR/ERV1	461	-	36	36214752	28319
chr22	36186433	36386433	harbor1	chr22	36214917	36215149	LTR/ERV1	755	-	116	36215033	28600
chr22	36186433	36386433	harbor1	chr22	36246565	36247021	LTR/ERV1	1182	-	228	36246793	60360
chr22	36186433	36386433	harbor1	chr22	36258262	36258487	LTR/ERV1	541	-	112	36258374	71941
chr22	36186433	36386433	harbor1	chr22	36258503	36259070	LTR/ERV1	1554	-	284	36258787	72354
chr22	36186433	36386433	harbor1	chr22	36263688	36264139	LTR/ERV1	1129	-	226	36263914	77481
chr22	36194376	36394376	harbor1	chr22	36206067	36206752	LTR/ERV1	2655	-	342	36206409	12033
chr22	36194376	36394376	harbor1	chr22	36206844	36207574	LTR/ERV1	3027	-	365	36207209	12833
chr22	36194376	36394376	harbor1	chr22	36208973	36209292	LTR/ERV1	771	-	160	36209133	14757
chr22	36194376	36394376	harbor1	chr22	36213368	36213608	LTR/ERV1	956	-	120	36213488	19112
chr22	36194376	36394376	harbor1	chr22	36213609	36213971	LTR/ERV1	848	-	181	36213790	19414
chr22	36194376	36394376	harbor1	chr22	36214401	36214612	LTR/ERV1	708	-	106	36214507	20131
chr22	36194376	36394376	harbor1	chr22	36214716	36214788	LTR/ERV1	461	-	36	36214752	20376
chr22	36194376	36394376	harbor1	chr22	36214917	36215149	LTR/ERV1	755	-	116	36215033	20657
chr22	36194376	36394376	harbor1	chr22	36246565	36247021	LTR/ERV1	1182	-	228	36246793	52417
chr22	36194376	36394376	harbor1	chr22	36258262	36258487	LTR/ERV1	541	-	112	36258374	63998
chr22	36194376	36394376	harbor1	chr22	36258503	36259070	LTR/ERV1	1554	-	284	36258787	64411
chr22	36194376	36394376	harbor1	chr22	36263688	36264139	LTR/ERV1	1129	-	226	36263914	69538
chr22	36918544	37118544	harbor1	chr22	36940525	36941152	LTR/ERV1	4584	-	314	36940839	22295
chr22	36918544	37118544	harbor1	chr22	36942488	36942837	LTR/ERV1	2207	-	174	36942662	24118
chr22	36918544	37118544	harbor1	chr22	36942936	36943563	LTR/ERV1	2541	-	314	36943250	24706
chr22	36918544	37118544	harbor1	chr22	36943847	36944267	LTR/ERV1	3214	-	210	36944057	25513
chr22	36918544	37118544	harbor1	chr22	36948558	36949117	LTR/ERV1	3165	-	280	36948838	30294
chr22	50098549	50298549	harbor1	chr22	50111072	50111486	LTR/ERV1	2157	-	207	50111279	12730
chr22	50098549	50298549	harbor1	chr22	50111803	50111826	LTR/ERV1	1935	-	12	50111815	13266
chr22	50098549	50298549	harbor1	chr22	50152124	50152347	LTR/ERV1	822	-	112	50152236	53687
chr22	50098549	50298549	harbor1	chr22	50118435	50118949	LTR/ERV1	2981	-	257	50118692	20143
chr22	36186444	36386444	harbor1	chr22	36206067	36206752	LTR/ERV1	2655	-	342	36206409	19965
chr22	36186444	36386444	harbor1	chr22	36206844	36207574	LTR/ERV1	3027	-	365	36207209	20765
chr22	36186444	36386444	harbor1	chr22	36208973	36209292	LTR/ERV1	771	-	160	36209133	22689
chr22	36186444	36386444	harbor1	chr22	36213368	36213608	LTR/ERV1	956	-	120	36213488	27044
chr22	36186444	36386444	harbor1	chr22	36213609	36213971	LTR/ERV1	848	-	181	36213790	27346
chr22	36186444	36386444	harbor1	chr22	36214401	36214612	LTR/ERV1	708	-	106	36214507	28063
chr22	36186444	36386444	harbor1	chr22	36214716	36214788	LTR/ERV1	461	-	36	36214752	28308
chr22	36186444	36386444	harbor1	chr22	36214917	36215149	LTR/ERV1	755	-	116	36215033	28589
chr22	36186444	36386444	harbor1	chr22	36246565	36247021	LTR/ERV1	1182	-	228	36246793	60349
chr22	36186444	36386444	harbor1	chr22	36258262	36258487	LTR/ERV1	541	-	112	36258374	71930
chr22	36186444	36386444	harbor1	chr22	36258503	36259070	LTR/ERV1	1554	-	284	36258787	72343
chr22	36186444	36386444	harbor1	chr22	36263688	36264139	LTR/ERV1	1129	-	226	36263914	77470
chr22	36406317	36606317	harbor1	chr22	36482788	36482973	LTR/ERV1	778	-	92	36482880	76563
chr22	36406317	36606317	harbor1	chr22	36484490	36484942	LTR/ERV1	2128	-	226	36484716	78399
chr22	36406317	36606317	harbor1	chr22	36485592	36485945	LTR/ERV1	2488	-	176	36485768	79451
chr22	36406317	36606317	harbor1	chr22	36486253	36486462	LTR/ERV1	2488	-	104	36486357	80040
chr22	36406317	36606317	harbor1	chr22	36486441	36486633	LTR/ERV1	777	-	96	36486537	80220
chr22	36406317	36606317	harbor1	chr22	36486635	36487137	LTR/ERV1	1152	-	251	36486886	80569
chr22	36406317	36606317	harbor1	chr22	36487153	36487638	LTR/ERV1	2826	-	242	36487395	81078
chr22	23889707	24089707	harbor1	chr22	23892305	23892720	LTR/ERV1	2004	-	208	23892513	2806
chr22	23889707	24089707	harbor1	chr22	23901345	23901945	LTR/ERV1	1808	-	300	23901645	11938
chr22	23889707	24089707	harbor1	chr22	23909364	23909840	LTR/ERV1	2632	-	238	23909602	19895
chr22	23889707	24089707	harbor1	chr22	23914936	23915026	LTR/ERV1	415	-	45	23914981	25274
chr22	23889707	24089707	harbor1	chr22	23920533	23920589	LTR/ERV1	444	-	28	23920561	30854
chr22	23889707	24089707	harbor1	chr22	23937904	23938054	LTR/ERV1	1382	-	75	23937979	48272
chr22	23889707	24089707	harbor1	chr22	23938364	23938694	LTR/ERV1	1382	-	165	23938529	48822
chr22	23889707	24089707	harbor1	chr22	23938695	23939107	LTR/ERV1	1907	-	206	23938901	49194
chr22	50061640	50261640	harbor1	chr22	50111072	50111486	LTR/ERV1	2157	-	207	50111279	49639
chr22	50061640	50261640	harbor1	chr22	50111803	50111826	LTR/ERV1	1935	-	12	50111815	50175
chr22	50061640	50261640	harbor1	chr22	50152124	50152347	LTR/ERV1	822	-	112	50152236	90596
chr22	50061640	50261640	harbor1	chr22	50118435	50118949	LTR/ERV1	2981	-	257	50118692	57052
chr22	46291620	46491620	harbor1	chr22	46334638	46334864	LTR/ERV1	1590	-	113	46334751	43131
chr22	46291620	46491620	harbor1	chr22	46335153	46335459	LTR/ERV1	1590	-	153	46335306	43686
chr22	39578199	39778199	harbor1	chr22	39603660	39604117	LTR/ERV1	1185	-	228	39603888	25689
chr22	22547227	22747227	harbor1	chr22	22569767	22570006	LTR/ERV1	1172	-	120	22569887	22660
chr22	22547227	22747227	harbor1	chr22	22570165	22570405	LTR/ERV1	1015	-	120	22570285	23058
chr22	22547227	22747227	harbor1	chr22	22570792	22570818	LTR/ERV1	1015	-	13	22570805	23578
chr22	39578244	39778244	harbor1	chr22	39603660	39604117	LTR/ERV1	1185	-	228	39603888	25644
chr22	32076022	32276022	harbor1	chr22	32139806	32140315	LTR/ERV1	3680	-	254	32140060	64038
chr22	32076022	32276022	harbor1	chr22	32167327	32167514	LTR/ERV1	930	-	94	32167421	91399
chr22	32076022	32276022	harbor1	chr22	32167811	32168072	LTR/ERV1	1383	-	130	32167941	91919
chr22	23971820	24171820	harbor1	chr22	23992317	23992442	LTR/ERV1	777	-	62	23992379	20559
chr22	17452700	17652700	harbor1	chr22	17454808	17455399	LTR/ERV1	5222	-	296	17455104	2404
chr22	23214520	23414520	harbor1	chr22	23241989	23242518	LTR/ERV1	2792	-	264	23242253	27733
chr22	23214520	23414520	harbor1	chr22	23297998	23298448	LTR/ERV1	1636	-	225	23298223	83703
chr22	44788190	44988190	harbor1	chr22	44851246	44851384	LTR/ERV1	515	-	69	44851315	63125
chr22	44788190	44988190	harbor1	chr22	44852585	44852792	LTR/ERV1	1966	-	104	44852689	64499
chr22	44788190	44988190	harbor1	chr22	44853102	44853745	LTR/ERV1	1966	-	322	44853424	65234
chr22	44788190	44988190	harbor1	chr22	44854055	44854182	LTR/ERV1	1966	-	64	44854119	65929
chr22	44788190	44988190	harbor1	chr22	44854533	44854633	LTR/ERV1	1337	-	50	44854583	66393
chr22	44788190	44988190	harbor1	chr22	44854946	44855218	LTR/ERV1	1337	-	136	44855082	66892
chr22	44788190	44988190	harbor1	chr22	44857355	44857756	LTR/ERV1	644	-	200	44857555	69365
chr22	44788190	44988190	harbor1	chr22	44864126	44864195	LTR/ERV1	1365	-	34	44864160	75970
chr22	44788190	44988190	harbor1	chr22	44864497	44864676	LTR/ERV1	1365	-	90	44864587	76397
chr22	44788190	44988190	harbor1	chr22	44868092	44868161	LTR/ERV1	393	-	34	44868126	79936
chr22	44788190	44988190	harbor1	chr22	44868476	44868652	LTR/ERV1	774	-	88	44868564	80374
chr22	44788190	44988190	harbor1	chr22	44868653	44868852	LTR/ERV1	1279	-	100	44868753	80563
chr22	44788190	44988190	harbor1	chr22	44869014	44869296	LTR/ERV1	1237	-	141	44869155	80965
chr22	23023578	23223578	harbor1	chr22	23026413	23027288	LTR/ERV1	5236	-	438	23026851	3273
chr22	23023578	23223578	harbor1	chr22	23027893	23028301	LTR/ERV1	3936	-	204	23028097	4519
chr22	23023578	23223578	harbor1	chr22	23028654	23028772	LTR/ERV1	3936	-	59	23028713	5135
chr22	23023578	23223578	harbor1	chr22	23029085	23029151	LTR/ERV1	3936	-	33	23029118	5540
chr22	23023578	23223578	harbor1	chr22	23039334	23039347	LTR/ERV1	2667	-	6	23039340	15762
chr22	23023578	23223578	harbor1	chr22	23039641	23040027	LTR/ERV1	2667	-	193	23039834	16256
chr22	23023578	23223578	harbor1	chr22	23040028	23040995	LTR/ERV1	18133	-	484	23040512	16934
chr22	23023578	23223578	harbor1	chr22	23041277	23044059	LTR/ERV1	18133	-	1391	23042668	19090
chr22	23023578	23223578	harbor1	chr22	23044344	23044485	LTR/ERV1	13853	-	70	23044414	20836
chr22	23023578	23223578	harbor1	chr22	23044486	23044743	LTR/ERV1	1790	-	128	23044614	21036
chr22	23023578	23223578	harbor1	chr22	23044747	23046150	LTR/ERV1	9877	-	702	23045449	21871
chr22	23023578	23223578	harbor1	chr22	23046303	23046912	LTR/ERV1	3724	-	304	23046607	23029
chr22	23023578	23223578	harbor1	chr22	23052749	23053145	LTR/ERV1	2670	-	198	23052947	29369
chr22	23023578	23223578	harbor1	chr22	23087473	23088161	LTR/ERV1	5378	-	344	23087817	64239
chr22	39578286	39778286	harbor1	chr22	39603660	39604117	LTR/ERV1	1185	-	228	39603888	25602
chr22	39360313	39560313	harbor1	chr22	39380921	39381020	LTR/ERV1	542	-	50	39380971	20658
chr22	39360313	39560313	harbor1	chr22	39452234	39452595	LTR/ERV1	2191	-	180	39452414	92101
chr22	39360313	39560313	harbor1	chr22	39452829	39453170	LTR/ERV1	1428	-	170	39452999	92686
chr22	23841607	24041607	harbor1	chr22	23862925	23863026	LTR/ERV1	576	-	50	23862975	21368
chr22	23841607	24041607	harbor1	chr22	23864805	23864825	LTR/ERV1	1746	-	10	23864815	23208
chr22	23841607	24041607	harbor1	chr22	23865435	23865883	LTR/ERV1	1746	-	224	23865659	24052
chr22	23841607	24041607	harbor1	chr22	23866199	23866234	LTR/ERV1	1444	-	18	23866217	24610
chr22	23841607	24041607	harbor1	chr22	23892305	23892720	LTR/ERV1	2004	-	208	23892513	50906
chr22	23841607	24041607	harbor1	chr22	23901345	23901945	LTR/ERV1	1808	-	300	23901645	60038
chr22	23841607	24041607	harbor1	chr22	23909364	23909840	LTR/ERV1	2632	-	238	23909602	67995
chr22	23841607	24041607	harbor1	chr22	23914936	23915026	LTR/ERV1	415	-	45	23914981	73374
chr22	23841607	24041607	harbor1	chr22	23920533	23920589	LTR/ERV1	444	-	28	23920561	78954
chr22	23841607	24041607	harbor1	chr22	23937904	23938054	LTR/ERV1	1382	-	75	23937979	96372
chr22	23841607	24041607	harbor1	chr22	23938364	23938694	LTR/ERV1	1382	-	165	23938529	96922
chr22	23841607	24041607	harbor1	chr22	23938695	23939107	LTR/ERV1	1907	-	206	23938901	97294
chr22	24852758	25052758	harbor1	chr22	24930541	24930992	LTR/ERV1	3230	-	226	24930767	78009
chr22	24852758	25052758	harbor1	chr22	24933360	24933583	LTR/ERV1	4801	-	112	24933472	80714
chr22	24852758	25052758	harbor1	chr22	24933873	24934314	LTR/ERV1	4801	-	220	24934093	81335
chr22	39366873	39566873	harbor1	chr22	39380921	39381020	LTR/ERV1	542	-	50	39380971	14098
chr22	39366873	39566873	harbor1	chr22	39452234	39452595	LTR/ERV1	2191	-	180	39452414	85541
chr22	39366873	39566873	harbor1	chr22	39452829	39453170	LTR/ERV1	1428	-	170	39452999	86126
chr22	42519774	42719774	harbor1	chr22	42543717	42543844	LTR/ERV1	496	-	64	42543781	24007
chr22	42519774	42719774	harbor1	chr22	42547824	42548335	LTR/ERV1	3614	-	256	42548080	28306
chr22	42519774	42719774	harbor1	chr22	42564985	42565062	LTR/ERV1	500	-	38	42565023	45249
chr22	11997987	12197987	harbor1	chr22	12068550	12069048	LTR/ERV1	1701	-	249	12068799	70812
chr22	11997987	12197987	harbor1	chr22	12096342	12096721	LTR/ERV1	920	-	190	12096532	98545
chr22	46266866	46466866	harbor1	chr22	46334638	46334864	LTR/ERV1	1590	-	113	46334751	67885
chr22	46266866	46466866	harbor1	chr22	46335153	46335459	LTR/ERV1	1590	-	153	46335306	68440
chr22	41809802	42009802	harbor1	chr22	41827413	41827761	LTR/ERV1	2392	-	174	41827587	17785
chr22	41809802	42009802	harbor1	chr22	41855053	41855240	LTR/ERV1	958	-	94	41855147	45345
chr22	41809802	42009802	harbor1	chr22	41855530	41855755	LTR/ERV1	958	-	112	41855642	45840
chr22	41809802	42009802	harbor1	chr22	41856062	41856124	LTR/ERV1	958	-	31	41856093	46291
chr22	41809802	42009802	harbor1	chr22	41856429	41856445	LTR/ERV1	958	-	8	41856437	46635
chr22	39945026	40145026	harbor1	chr22	39960665	39960867	LTR/ERV1	1493	-	101	39960766	15740
chr22	39945026	40145026	harbor1	chr22	39961214	39961240	LTR/ERV1	920	-	13	39961227	16201
chr22	39945026	40145026	harbor1	chr22	39961226	39961427	LTR/ERV1	1205	-	100	39961326	16300
chr22	39945026	40145026	harbor1	chr22	40015966	40016186	LTR/ERV1	987	-	110	40016076	71050
chr22	39945026	40145026	harbor1	chr22	40016499	40016636	LTR/ERV1	987	-	68	40016567	71541
chr22	39945026	40145026	harbor1	chr22	40016963	40017037	LTR/ERV1	987	-	37	40017000	71974
chr22	39945026	40145026	harbor1	chr22	40029134	40029195	LTR/ERV1	390	-	30	40029164	84138
chr22	50151379	50351379	harbor1	chr22	50152124	50152347	LTR/ERV1	822	-	112	50152236	857
chr22	24852840	25052840	harbor1	chr22	24930541	24930992	LTR/ERV1	3230	-	226	24930767	77927
chr22	24852840	25052840	harbor1	chr22	24933360	24933583	LTR/ERV1	4801	-	112	24933472	80632
chr22	24852840	25052840	harbor1	chr22	24933873	24934314	LTR/ERV1	4801	-	220	24934093	81253
chr22	23023556	23223556	harbor1	chr22	23026413	23027288	LTR/ERV1	5236	-	438	23026851	3295
chr22	23023556	23223556	harbor1	chr22	23027893	23028301	LTR/ERV1	3936	-	204	23028097	4541
chr22	23023556	23223556	harbor1	chr22	23028654	23028772	LTR/ERV1	3936	-	59	23028713	5157
chr22	23023556	23223556	harbor1	chr22	23029085	23029151	LTR/ERV1	3936	-	33	23029118	5562
chr22	23023556	23223556	harbor1	chr22	23039334	23039347	LTR/ERV1	2667	-	6	23039340	15784
chr22	23023556	23223556	harbor1	chr22	23039641	23040027	LTR/ERV1	2667	-	193	23039834	16278
chr22	23023556	23223556	harbor1	chr22	23040028	23040995	LTR/ERV1	18133	-	484	23040512	16956
chr22	23023556	23223556	harbor1	chr22	23041277	23044059	LTR/ERV1	18133	-	1391	23042668	19112
chr22	23023556	23223556	harbor1	chr22	23044344	23044485	LTR/ERV1	13853	-	70	23044414	20858
chr22	23023556	23223556	harbor1	chr22	23044486	23044743	LTR/ERV1	1790	-	128	23044614	21058
chr22	23023556	23223556	harbor1	chr22	23044747	23046150	LTR/ERV1	9877	-	702	23045449	21893
chr22	23023556	23223556	harbor1	chr22	23046303	23046912	LTR/ERV1	3724	-	304	23046607	23051
chr22	23023556	23223556	harbor1	chr22	23052749	23053145	LTR/ERV1	2670	-	198	23052947	29391
chr22	23023556	23223556	harbor1	chr22	23087473	23088161	LTR/ERV1	5378	-	344	23087817	64261
chr22	20395167	20595167	harbor1	chr22	20404112	20404227	LTR/ERV1	476	-	58	20404170	9003
chr22	20395167	20595167	harbor1	chr22	20404674	20404803	LTR/ERV1	390	-	64	20404738	9571
chr22	20395167	20595167	harbor1	chr22	20412427	20412960	LTR/ERV1	2636	-	266	20412693	17526
chr22	20395167	20595167	harbor1	chr22	20420111	20420461	LTR/ERV1	685	-	175	20420286	25119
chr22	20395167	20595167	harbor1	chr22	20420559	20420719	LTR/ERV1	435	-	80	20420639	25472
chr22	20395167	20595167	harbor1	chr22	20454038	20454050	LTR/ERV1	542	-	6	20454044	58877
chr22	20395167	20595167	harbor1	chr22	20454351	20454482	LTR/ERV1	542	-	66	20454417	59250
chr22	20395167	20595167	harbor1	chr22	20454522	20454629	LTR/ERV1	424	-	54	20454576	59409
chrX	135350040	135550040	harbor1	chrX	135372899	135373290	LTR/ERV1	1436	-	196	135373095	23055
chrX	135350040	135550040	harbor1	chrX	135398910	135399794	LTR/ERV1	5143	-	442	135399352	49312
chrX	135350040	135550040	harbor1	chrX	135416564	135417139	LTR/ERV1	4095	-	288	135416852	66812
chrX	24365240	24565240	harbor1	chrX	24371008	24371212	LTR/ERV1	602	-	102	24371110	5870
chrX	24365240	24565240	harbor1	chrX	24387647	24388203	LTR/ERV1	3522	-	278	24387925	22685
chrX	24365240	24565240	harbor1	chrX	24433053	24433542	LTR/ERV1	3493	-	244	24433297	68057
chrX	152928214	153128214	harbor1	chrX	152940160	152940419	LTR/ERV1	5165	-	130	152940290	12076
chrX	152928214	153128214	harbor1	chrX	152940445	152941079	LTR/ERV1	5165	-	317	152940762	12548
chrX	152928214	153128214	harbor1	chrX	152950320	152951085	LTR/ERV1	7291	-	382	152950702	22488
chrX	152928214	153128214	harbor1	chrX	152951255	152952536	LTR/ERV1	7291	-	640	152951895	23681
chrX	152928214	153128214	harbor1	chrX	152952540	152952821	LTR/ERV1	993	-	140	152952680	24466
chrX	152928214	153128214	harbor1	chrX	152953387	152953414	LTR/ERV1	1722	-	14	152953401	25187
chrX	152928214	153128214	harbor1	chrX	152953714	152953732	LTR/ERV1	1722	-	9	152953723	25509
chrX	152928214	153128214	harbor1	chrX	152954041	152954440	LTR/ERV1	1722	-	200	152954241	26027
chrX	152928214	153128214	harbor1	chrX	152954815	152955249	LTR/ERV1	2828	-	217	152955032	26818
chrX	152928214	153128214	harbor1	chrX	152955250	152955621	LTR/ERV1	4913	-	186	152955436	27222
chrX	152928214	153128214	harbor1	chrX	152955918	152956348	LTR/ERV1	4913	-	215	152956133	27919
chrX	152928214	153128214	harbor1	chrX	152956337	152956456	LTR/ERV1	1636	-	60	152956397	28183
chrX	152928214	153128214	harbor1	chrX	152956754	152957067	LTR/ERV1	1636	-	156	152956910	28696
chrX	152928214	153128214	harbor1	chrX	152957454	152958044	LTR/ERV1	3686	-	295	152957749	29535
chrX	152928214	153128214	harbor1	chrX	152958050	152958209	LTR/ERV1	783	-	80	152958130	29916
chrX	152928214	153128214	harbor1	chrX	152981319	152981330	LTR/ERV1	559	-	6	152981325	53111
chrX	152928214	153128214	harbor1	chrX	152981922	152982009	LTR/ERV1	559	-	44	152981966	53752
chrX	152928214	153128214	harbor1	chrX	152982456	152982559	LTR/ERV1	579	-	52	152982508	54294
chrX	152928214	153128214	harbor1	chrX	152983034	152983695	LTR/ERV1	5120	-	330	152983364	55150
chrX	152928214	153128214	harbor1	chrX	153007757	153008222	LTR/ERV1	2586	-	232	153007989	79775
chrX	152928214	153128214	harbor1	chrX	153010207	153010671	LTR/ERV1	3810	-	232	153010439	82225
chrX	152928214	153128214	harbor1	chrX	153010717	153011446	LTR/ERV1	7136	-	364	153011081	82867
chrX	152928214	153128214	harbor1	chrX	153011736	153014125	LTR/ERV1	9232	-	1194	153012930	84716
chrX	152928214	153128214	harbor1	chrX	153014122	153014242	LTR/ERV1	820	-	60	153014182	85968
chrX	152928214	153128214	harbor1	chrX	153014238	153014590	LTR/ERV1	2373	-	176	153014414	86200
chrX	130071741	130271741	harbor1	chrX	130124633	130125226	LTR/ERV1	2952	-	296	130124929	53188
chrX	286893	486893	harbor1	chrX	286442	286901	LTR/ERV1	3214	-	230	286672	221
chrX	286893	486893	harbor1	chrX	286902	286996	LTR/ERV1	601	-	47	286949	56
