H_chr	H_start	H_end	Harbor	TE_chr	TE_start	TE_end	TE	score	TE_strand	TE_half	TE_middle_pos	TE_dis
chr1	16545136	16745136	harbor1	chr1	16602708	16603074	LTR/ERVL	772	-	183	16602891	57755
chr1	16545136	16745136	harbor1	chr1	16603092	16603314	LTR/ERVL	607	-	111	16603203	58067
chr1	16545136	16745136	harbor1	chr1	16603356	16603618	LTR/ERVL	466	-	131	16603487	58351
chr1	2137978	2337978	harbor1	chr1	2156579	2156875	LTR/ERVL	723	-	148	2156727	18749
chr1	2137978	2337978	harbor1	chr1	2156876	2157339	LTR/ERVL	1758	-	232	2157108	19130
chr1	2137978	2337978	harbor1	chr1	2157340	2157396	LTR/ERVL	519	-	28	2157368	19390
chr1	2137978	2337978	harbor1	chr1	2164257	2164645	LTR/ERVL	1261	-	194	2164451	26473
chr1	16543138	16743138	harbor1	chr1	16602708	16603074	LTR/ERVL	772	-	183	16602891	59753
chr1	16543138	16743138	harbor1	chr1	16603092	16603314	LTR/ERVL	607	-	111	16603203	60065
chr1	16543138	16743138	harbor1	chr1	16603356	16603618	LTR/ERVL	466	-	131	16603487	60349
chr1	3525011	3725011	harbor1	chr1	3563997	3564478	LTR/ERVL	2906	-	240	3564237	39226
chr1	2138436	2338436	harbor1	chr1	2156579	2156875	LTR/ERVL	723	-	148	2156727	18291
chr1	2138436	2338436	harbor1	chr1	2156876	2157339	LTR/ERVL	1758	-	232	2157108	18672
chr1	2138436	2338436	harbor1	chr1	2157340	2157396	LTR/ERVL	519	-	28	2157368	18932
chr1	2138436	2338436	harbor1	chr1	2164257	2164645	LTR/ERVL	1261	-	194	2164451	26015
chr1	2138571	2338571	harbor1	chr1	2156579	2156875	LTR/ERVL	723	-	148	2156727	18156
chr1	2138571	2338571	harbor1	chr1	2156876	2157339	LTR/ERVL	1758	-	232	2157108	18537
chr1	2138571	2338571	harbor1	chr1	2157340	2157396	LTR/ERVL	519	-	28	2157368	18797
chr1	2138571	2338571	harbor1	chr1	2164257	2164645	LTR/ERVL	1261	-	194	2164451	25880
chr1	21742123	21942123	harbor1	chr1	21764731	21765018	LTR/ERVL	1160	-	144	21764875	22752
chr1	1675980	1875980	harbor1	chr1	1683131	1683546	LTR/ERVL	901	-	208	1683339	7359
chr1	51230788	51430788	harbor1	chr1	51267333	51267698	LTR/ERVL	1905	-	182	51267515	36727
chr1	16542741	16742741	harbor1	chr1	16602708	16603074	LTR/ERVL	772	-	183	16602891	60150
chr1	16542741	16742741	harbor1	chr1	16603092	16603314	LTR/ERVL	607	-	111	16603203	60462
chr1	16542741	16742741	harbor1	chr1	16603356	16603618	LTR/ERVL	466	-	131	16603487	60746
chr1	109183460	109383460	harbor1	chr1	109212225	109212984	LTR/ERVL	3064	-	380	109212605	29145
chr1	16544784	16744784	harbor1	chr1	16602708	16603074	LTR/ERVL	772	-	183	16602891	58107
chr1	16544784	16744784	harbor1	chr1	16603092	16603314	LTR/ERVL	607	-	111	16603203	58419
chr1	16544784	16744784	harbor1	chr1	16603356	16603618	LTR/ERVL	466	-	131	16603487	58703
chr1	16596895	16796895	harbor1	chr1	16602708	16603074	LTR/ERVL	772	-	183	16602891	5996
chr1	16596895	16796895	harbor1	chr1	16603092	16603314	LTR/ERVL	607	-	111	16603203	6308
chr1	16596895	16796895	harbor1	chr1	16603356	16603618	LTR/ERVL	466	-	131	16603487	6592
chr1	16596895	16796895	harbor1	chr1	16666129	16666278	LTR/ERVL	488	-	74	16666203	69308
chr1	2138519	2338519	harbor1	chr1	2156579	2156875	LTR/ERVL	723	-	148	2156727	18208
chr1	2138519	2338519	harbor1	chr1	2156876	2157339	LTR/ERVL	1758	-	232	2157108	18589
chr1	2138519	2338519	harbor1	chr1	2157340	2157396	LTR/ERVL	519	-	28	2157368	18849
chr1	2138519	2338519	harbor1	chr1	2164257	2164645	LTR/ERVL	1261	-	194	2164451	25932
chr1	89721500	89921500	harbor1	chr1	89741126	89742062	LTR/ERVL	3352	-	468	89741594	20094
chr1	89721500	89921500	harbor1	chr1	89781553	89781960	LTR/ERVL	1689	-	204	89781757	60257
chr1	89721500	89921500	harbor1	chr1	89782005	89782259	LTR/ERVL	862	-	127	89782132	60632
chr1	89721500	89921500	harbor1	chr1	89784367	89784570	LTR/ERVL	1154	-	102	89784469	62969
chr1	89721500	89921500	harbor1	chr1	89785039	89785225	LTR/ERVL	1154	-	93	89785132	63632
chr1	89721500	89921500	harbor1	chr1	89812211	89812772	LTR/ERVL	2991	-	280	89812491	90991
chr1	16544947	16744947	harbor1	chr1	16602708	16603074	LTR/ERVL	772	-	183	16602891	57944
chr1	16544947	16744947	harbor1	chr1	16603092	16603314	LTR/ERVL	607	-	111	16603203	58256
chr1	16544947	16744947	harbor1	chr1	16603356	16603618	LTR/ERVL	466	-	131	16603487	58540
chr1	16625292	16825292	harbor1	chr1	16666129	16666278	LTR/ERVL	488	-	74	16666203	40911
chr1	16526616	16726616	harbor1	chr1	16602708	16603074	LTR/ERVL	772	-	183	16602891	76275
chr1	16526616	16726616	harbor1	chr1	16603092	16603314	LTR/ERVL	607	-	111	16603203	76587
chr1	16526616	16726616	harbor1	chr1	16603356	16603618	LTR/ERVL	466	-	131	16603487	76871
chr1	16544872	16744872	harbor1	chr1	16602708	16603074	LTR/ERVL	772	-	183	16602891	58019
chr1	16544872	16744872	harbor1	chr1	16603092	16603314	LTR/ERVL	607	-	111	16603203	58331
chr1	16544872	16744872	harbor1	chr1	16603356	16603618	LTR/ERVL	466	-	131	16603487	58615
chr1	16544810	16744810	harbor1	chr1	16602708	16603074	LTR/ERVL	772	-	183	16602891	58081
chr1	16544810	16744810	harbor1	chr1	16603092	16603314	LTR/ERVL	607	-	111	16603203	58393
chr1	16544810	16744810	harbor1	chr1	16603356	16603618	LTR/ERVL	466	-	131	16603487	58677
chr1	16544790	16744790	harbor1	chr1	16602708	16603074	LTR/ERVL	772	-	183	16602891	58101
chr1	16544790	16744790	harbor1	chr1	16603092	16603314	LTR/ERVL	607	-	111	16603203	58413
chr1	16544790	16744790	harbor1	chr1	16603356	16603618	LTR/ERVL	466	-	131	16603487	58697
chr1	16526581	16726581	harbor1	chr1	16602708	16603074	LTR/ERVL	772	-	183	16602891	76310
chr1	16526581	16726581	harbor1	chr1	16603092	16603314	LTR/ERVL	607	-	111	16603203	76622
chr1	16526581	16726581	harbor1	chr1	16603356	16603618	LTR/ERVL	466	-	131	16603487	76906
chr1	77131620	77331620	harbor1	chr1	77182272	77182524	LTR/ERVL	1383	-	126	77182398	50778
chr1	11666518	11866518	harbor1	chr1	11714331	11714532	LTR/ERVL	455	-	100	11714431	47913
chr1	11666518	11866518	harbor1	chr1	11728425	11728747	LTR/ERVL	1442	-	161	11728586	62068
chr1	7671335	7871335	harbor1	chr1	7693430	7694107	LTR/ERVL	3360	-	338	7693768	22433
chr1	6685469	6885469	harbor1	chr1	6742745	6743159	LTR/ERVL	3148	-	207	6742952	57483
chr1	8715651	8915651	harbor1	chr1	8739037	8739455	LTR/ERVL	887	-	209	8739246	23595
chr1	8715651	8915651	harbor1	chr1	8739503	8739677	LTR/ERVL	986	-	87	8739590	23939
chr1	16544755	16744755	harbor1	chr1	16602708	16603074	LTR/ERVL	772	-	183	16602891	58136
chr1	16544755	16744755	harbor1	chr1	16603092	16603314	LTR/ERVL	607	-	111	16603203	58448
chr1	16544755	16744755	harbor1	chr1	16603356	16603618	LTR/ERVL	466	-	131	16603487	58732
chr1	16544809	16744809	harbor1	chr1	16602708	16603074	LTR/ERVL	772	-	183	16602891	58082
chr1	16544809	16744809	harbor1	chr1	16603092	16603314	LTR/ERVL	607	-	111	16603203	58394
chr1	16544809	16744809	harbor1	chr1	16603356	16603618	LTR/ERVL	466	-	131	16603487	58678
chr1	53846279	54046279	harbor1	chr1	53848894	53849509	LTR/ERVL	2470	-	308	53849202	2923
chr1	16538570	16738570	harbor1	chr1	16602708	16603074	LTR/ERVL	772	-	183	16602891	64321
chr1	16538570	16738570	harbor1	chr1	16603092	16603314	LTR/ERVL	607	-	111	16603203	64633
chr1	16538570	16738570	harbor1	chr1	16603356	16603618	LTR/ERVL	466	-	131	16603487	64917
chr1	16543109	16743109	harbor1	chr1	16602708	16603074	LTR/ERVL	772	-	183	16602891	59782
chr1	16543109	16743109	harbor1	chr1	16603092	16603314	LTR/ERVL	607	-	111	16603203	60094
chr1	16543109	16743109	harbor1	chr1	16603356	16603618	LTR/ERVL	466	-	131	16603487	60378
chr1	244605525	244805525	harbor1	chr1	244614282	244614799	LTR/ERVL	802	-	258	244614540	9015
chr1	244605525	244805525	harbor1	chr1	244623017	244623058	LTR/ERVL	619	-	20	244623037	17512
chr1	244605525	244805525	harbor1	chr1	244623370	244623642	LTR/ERVL	619	-	136	244623506	17981
chr1	244605525	244805525	harbor1	chr1	244628305	244628845	LTR/ERVL	1090	-	270	244628575	23050
chr1	244605525	244805525	harbor1	chr1	244629940	244630158	LTR/ERVL	1649	-	109	244630049	24524
chr1	244605525	244805525	harbor1	chr1	244630622	244630702	LTR/ERVL	468	-	40	244630662	25137
chr1	244605525	244805525	harbor1	chr1	244630703	244630889	LTR/ERVL	538	-	93	244630796	25271
chr1	244605525	244805525	harbor1	chr1	244628922	244629511	LTR/ERVL	1649	-	294	244629216	23691
chr1	4738326	4938326	harbor1	chr1	4761565	4762023	LTR/ERVL	3373	-	229	4761794	23468
chr1	4738326	4938326	harbor1	chr1	4762024	4762144	LTR/ERVL	794	-	60	4762084	23758
chr1	4738326	4938326	harbor1	chr1	4834908	4835005	LTR/ERVL	3303	-	48	4834956	96630
chr1	4738326	4938326	harbor1	chr1	4835034	4835439	LTR/ERVL	3303	-	202	4835236	96910
chr1	4738326	4938326	harbor1	chr1	4835440	4835717	LTR/ERVL	2100	-	138	4835578	97252
chr1	16596777	16796777	harbor1	chr1	16602708	16603074	LTR/ERVL	772	-	183	16602891	6114
chr1	16596777	16796777	harbor1	chr1	16603092	16603314	LTR/ERVL	607	-	111	16603203	6426
chr1	16596777	16796777	harbor1	chr1	16603356	16603618	LTR/ERVL	466	-	131	16603487	6710
chr1	16596777	16796777	harbor1	chr1	16666129	16666278	LTR/ERVL	488	-	74	16666203	69426
chr1	2138509	2338509	harbor1	chr1	2156579	2156875	LTR/ERVL	723	-	148	2156727	18218
chr1	2138509	2338509	harbor1	chr1	2156876	2157339	LTR/ERVL	1758	-	232	2157108	18599
chr1	2138509	2338509	harbor1	chr1	2157340	2157396	LTR/ERVL	519	-	28	2157368	18859
chr1	2138509	2338509	harbor1	chr1	2164257	2164645	LTR/ERVL	1261	-	194	2164451	25942
chr1	5561024	5761024	harbor1	chr1	5561204	5561659	LTR/ERVL	2080	-	228	5561432	408
chr1	5561024	5761024	harbor1	chr1	5580463	5580950	LTR/ERVL	557	-	244	5580707	19683
chr1	5561024	5761024	harbor1	chr1	5624076	5624230	LTR/ERVL	645	-	77	5624153	63129
chr1	11520750	11720750	harbor1	chr1	11573223	11573652	LTR/ERVL	2387	-	214	11573437	52687
chr1	11520750	11720750	harbor1	chr1	11575773	11576215	LTR/ERVL	3793	-	221	11575994	55244
chr1	11520750	11720750	harbor1	chr1	11612892	11613043	LTR/ERVL	1780	-	76	11612968	92218
chr1	11520750	11720750	harbor1	chr1	11613408	11613701	LTR/ERVL	1780	-	146	11613554	92804
chr1	156559413	156759413	harbor1	chr1	156632230	156632591	LTR/ERVL	1148	-	180	156632410	72997
chr1	156559413	156759413	harbor1	chr1	156633288	156634017	LTR/ERVL	4253	-	364	156633652	74239
chr1	156559413	156759413	harbor1	chr1	156634330	156635215	LTR/ERVL	4253	-	442	156634772	75359
chr1	156559413	156759413	harbor1	chr1	156635222	156635387	LTR/ERVL	883	-	82	156635304	75891
chr1	156559413	156759413	harbor1	chr1	156635683	156635871	LTR/ERVL	883	-	94	156635777	76364
chr1	2136215	2336215	harbor1	chr1	2136899	2137477	LTR/ERVL	1775	-	289	2137188	973
chr1	2136215	2336215	harbor1	chr1	2156579	2156875	LTR/ERVL	723	-	148	2156727	20512
chr1	2136215	2336215	harbor1	chr1	2156876	2157339	LTR/ERVL	1758	-	232	2157108	20893
chr1	2136215	2336215	harbor1	chr1	2157340	2157396	LTR/ERVL	519	-	28	2157368	21153
chr1	2136215	2336215	harbor1	chr1	2164257	2164645	LTR/ERVL	1261	-	194	2164451	28236
chr1	53370442	53570442	harbor1	chr1	53448030	53448912	LTR/ERVL	4516	-	441	53448471	78029
chr1	16544792	16744792	harbor1	chr1	16602708	16603074	LTR/ERVL	772	-	183	16602891	58099
chr1	16544792	16744792	harbor1	chr1	16603092	16603314	LTR/ERVL	607	-	111	16603203	58411
chr1	16544792	16744792	harbor1	chr1	16603356	16603618	LTR/ERVL	466	-	131	16603487	58695
chr1	16544920	16744920	harbor1	chr1	16602708	16603074	LTR/ERVL	772	-	183	16602891	57971
chr1	16544920	16744920	harbor1	chr1	16603092	16603314	LTR/ERVL	607	-	111	16603203	58283
chr1	16544920	16744920	harbor1	chr1	16603356	16603618	LTR/ERVL	466	-	131	16603487	58567
chr1	53846229	54046229	harbor1	chr1	53848894	53849509	LTR/ERVL	2470	-	308	53849202	2973
chr1	211033805	211233805	harbor1	chr1	211116202	211116303	LTR/ERVL	506	-	50	211116252	82447
chr1	211033805	211233805	harbor1	chr1	211124679	211124777	LTR/ERVL	680	-	49	211124728	90923
chr1	211033805	211233805	harbor1	chr1	211124989	211125042	LTR/ERVL	680	-	26	211125015	91210
chr1	211033805	211233805	harbor1	chr1	211125085	211125342	LTR/ERVL	563	-	128	211125213	91408
chr1	2028839	2228839	harbor1	chr1	2035564	2035833	LTR/ERVL	484	-	134	2035698	6859
chr1	2028839	2228839	harbor1	chr1	2038526	2039015	LTR/ERVL	1183	-	244	2038770	9931
chr1	2028839	2228839	harbor1	chr1	2072309	2072780	LTR/ERVL	734	-	236	2072545	43706
chr1	2028839	2228839	harbor1	chr1	2103942	2104305	LTR/ERVL	682	-	182	2104124	75285
chr1	2028839	2228839	harbor1	chr1	2115428	2116169	LTR/ERVL	2324	-	370	2115798	86959
chr1	16503985	16703985	harbor1	chr1	16513455	16513604	LTR/ERVL	479	-	74	16513529	9544
chr1	16503985	16703985	harbor1	chr1	16602708	16603074	LTR/ERVL	772	-	183	16602891	98906
chr1	16503985	16703985	harbor1	chr1	16603092	16603314	LTR/ERVL	607	-	111	16603203	99218
chr1	16503985	16703985	harbor1	chr1	16603356	16603618	LTR/ERVL	466	-	131	16603487	99502
chr1	46122770	46322770	harbor1	chr1	46210301	46210778	LTR/ERVL	4287	-	238	46210539	87769
chr1	46122770	46322770	harbor1	chr1	46211080	46211439	LTR/ERVL	4287	-	180	46211260	88490
chr1	46122770	46322770	harbor1	chr1	46211482	46211494	LTR/ERVL	4287	-	6	46211488	88718
chr1	155463419	155663419	harbor1	chr1	155528451	155528696	LTR/ERVL	1074	-	122	155528573	65154
chr1	10540158	10740158	harbor1	chr1	10546212	10546283	LTR/ERVL	961	-	36	10546248	6090
chr1	10540158	10740158	harbor1	chr1	10546885	10547178	LTR/ERVL	961	-	146	10547031	6873
chr1	10540158	10740158	harbor1	chr1	10547205	10547417	LTR/ERVL	734	-	106	10547311	7153
chr1	19766908	19966908	harbor1	chr1	19773278	19773639	LTR/ERVL	1573	-	180	19773458	6550
chr1	16538366	16738366	harbor1	chr1	16602708	16603074	LTR/ERVL	772	-	183	16602891	64525
chr1	16538366	16738366	harbor1	chr1	16603092	16603314	LTR/ERVL	607	-	111	16603203	64837
chr1	16538366	16738366	harbor1	chr1	16603356	16603618	LTR/ERVL	466	-	131	16603487	65121
chr1	1526935	1726935	harbor1	chr1	1610930	1611407	LTR/ERVL	1958	-	238	1611168	84233
chr1	6685490	6885490	harbor1	chr1	6742745	6743159	LTR/ERVL	3148	-	207	6742952	57462
chr1	65154911	65354911	harbor1	chr1	65206327	65206466	LTR/ERVL	1273	-	70	65206397	51486
chr1	65154911	65354911	harbor1	chr1	65206797	65207037	LTR/ERVL	1273	-	120	65206917	52006
chr1	65154911	65354911	harbor1	chr1	65232530	65232745	LTR/ERVL	949	-	108	65232638	77727
chr1	16544780	16744780	harbor1	chr1	16602708	16603074	LTR/ERVL	772	-	183	16602891	58111
chr1	16544780	16744780	harbor1	chr1	16603092	16603314	LTR/ERVL	607	-	111	16603203	58423
chr1	16544780	16744780	harbor1	chr1	16603356	16603618	LTR/ERVL	466	-	131	16603487	58707
chr1	167559746	167759746	harbor1	chr1	167561366	167561421	LTR/ERVL	543	-	28	167561394	1648
chr1	167559746	167759746	harbor1	chr1	167561762	167561898	LTR/ERVL	543	-	68	167561830	2084
chr1	167559746	167759746	harbor1	chr1	167580582	167580802	LTR/ERVL	813	-	110	167580692	20946
chr1	167559746	167759746	harbor1	chr1	167581655	167583219	LTR/ERVL	4047	-	782	167582437	22691
chr1	167559746	167759746	harbor1	chr1	167583804	167584359	LTR/ERVL	4047	-	278	167584082	24336
chr1	167559746	167759746	harbor1	chr1	167584597	167584948	LTR/ERVL	832	-	176	167584773	25027
chr1	167559746	167759746	harbor1	chr1	167586943	167587387	LTR/ERVL	844	-	222	167587165	27419
chr1	167559746	167759746	harbor1	chr1	167654178	167654576	LTR/ERVL	2438	-	199	167654377	94631
chr1	16544851	16744851	harbor1	chr1	16602708	16603074	LTR/ERVL	772	-	183	16602891	58040
chr1	16544851	16744851	harbor1	chr1	16603092	16603314	LTR/ERVL	607	-	111	16603203	58352
chr1	16544851	16744851	harbor1	chr1	16603356	16603618	LTR/ERVL	466	-	131	16603487	58636
chr1	16544789	16744789	harbor1	chr1	16602708	16603074	LTR/ERVL	772	-	183	16602891	58102
chr1	16544789	16744789	harbor1	chr1	16603092	16603314	LTR/ERVL	607	-	111	16603203	58414
chr1	16544789	16744789	harbor1	chr1	16603356	16603618	LTR/ERVL	466	-	131	16603487	58698
chr1	16544721	16744721	harbor1	chr1	16602708	16603074	LTR/ERVL	772	-	183	16602891	58170
chr1	16544721	16744721	harbor1	chr1	16603092	16603314	LTR/ERVL	607	-	111	16603203	58482
chr1	16544721	16744721	harbor1	chr1	16603356	16603618	LTR/ERVL	466	-	131	16603487	58766
chr1	16544890	16744890	harbor1	chr1	16602708	16603074	LTR/ERVL	772	-	183	16602891	58001
chr1	16544890	16744890	harbor1	chr1	16603092	16603314	LTR/ERVL	607	-	111	16603203	58313
chr1	16544890	16744890	harbor1	chr1	16603356	16603618	LTR/ERVL	466	-	131	16603487	58597
chr1	2138482	2338482	harbor1	chr1	2156579	2156875	LTR/ERVL	723	-	148	2156727	18245
chr1	2138482	2338482	harbor1	chr1	2156876	2157339	LTR/ERVL	1758	-	232	2157108	18626
chr1	2138482	2338482	harbor1	chr1	2157340	2157396	LTR/ERVL	519	-	28	2157368	18886
chr1	2138482	2338482	harbor1	chr1	2164257	2164645	LTR/ERVL	1261	-	194	2164451	25969
chr1	2138561	2338561	harbor1	chr1	2156579	2156875	LTR/ERVL	723	-	148	2156727	18166
chr1	2138561	2338561	harbor1	chr1	2156876	2157339	LTR/ERVL	1758	-	232	2157108	18547
chr1	2138561	2338561	harbor1	chr1	2157340	2157396	LTR/ERVL	519	-	28	2157368	18807
chr1	2138561	2338561	harbor1	chr1	2164257	2164645	LTR/ERVL	1261	-	194	2164451	25890
chr1	226010111	226210111	harbor1	chr1	226030985	226031076	LTR/ERVL	825	-	46	226031031	20920
chr1	226010111	226210111	harbor1	chr1	226031439	226031900	LTR/ERVL	2699	-	230	226031669	21558
chr1	226010111	226210111	harbor1	chr1	226033708	226034079	LTR/ERVL	1007	-	186	226033894	23783
chr1	226010111	226210111	harbor1	chr1	226046290	226046849	LTR/ERVL	2279	-	280	226046570	36459
chr1	226010111	226210111	harbor1	chr1	226085781	226086572	LTR/ERVL	2434	-	396	226086177	76066
chr1	226010111	226210111	harbor1	chr1	226086859	226087362	LTR/ERVL	2335	-	252	226087111	77000
chr1	2138397	2338397	harbor1	chr1	2156579	2156875	LTR/ERVL	723	-	148	2156727	18330
chr1	2138397	2338397	harbor1	chr1	2156876	2157339	LTR/ERVL	1758	-	232	2157108	18711
chr1	2138397	2338397	harbor1	chr1	2157340	2157396	LTR/ERVL	519	-	28	2157368	18971
chr1	2138397	2338397	harbor1	chr1	2164257	2164645	LTR/ERVL	1261	-	194	2164451	26054
chr1	16545018	16745018	harbor1	chr1	16602708	16603074	LTR/ERVL	772	-	183	16602891	57873
chr1	16545018	16745018	harbor1	chr1	16603092	16603314	LTR/ERVL	607	-	111	16603203	58185
chr1	16545018	16745018	harbor1	chr1	16603356	16603618	LTR/ERVL	466	-	131	16603487	58469
chr1	2987716	3187716	harbor1	chr1	3002845	3003699	LTR/ERVL	546	-	427	3003272	15556
chr1	16544940	16744940	harbor1	chr1	16602708	16603074	LTR/ERVL	772	-	183	16602891	57951
chr1	16544940	16744940	harbor1	chr1	16603092	16603314	LTR/ERVL	607	-	111	16603203	58263
chr1	16544940	16744940	harbor1	chr1	16603356	16603618	LTR/ERVL	466	-	131	16603487	58547
chr1	16520804	16720804	harbor1	chr1	16602708	16603074	LTR/ERVL	772	-	183	16602891	82087
chr1	16520804	16720804	harbor1	chr1	16603092	16603314	LTR/ERVL	607	-	111	16603203	82399
chr1	16520804	16720804	harbor1	chr1	16603356	16603618	LTR/ERVL	466	-	131	16603487	82683
chr1	211032764	211232764	harbor1	chr1	211116202	211116303	LTR/ERVL	506	-	50	211116252	83488
chr1	211032764	211232764	harbor1	chr1	211124679	211124777	LTR/ERVL	680	-	49	211124728	91964
chr1	211032764	211232764	harbor1	chr1	211124989	211125042	LTR/ERVL	680	-	26	211125015	92251
chr1	211032764	211232764	harbor1	chr1	211125085	211125342	LTR/ERVL	563	-	128	211125213	92449
chr1	3524787	3724787	harbor1	chr1	3563997	3564478	LTR/ERVL	2906	-	240	3564237	39450
chr1	16544926	16744926	harbor1	chr1	16602708	16603074	LTR/ERVL	772	-	183	16602891	57965
chr1	16544926	16744926	harbor1	chr1	16603092	16603314	LTR/ERVL	607	-	111	16603203	58277
chr1	16544926	16744926	harbor1	chr1	16603356	16603618	LTR/ERVL	466	-	131	16603487	58561
chr1	89425139	89625139	harbor1	chr1	89437349	89437865	LTR/ERVL	3703	-	258	89437607	12468
chr1	89425139	89625139	harbor1	chr1	89443237	89443684	LTR/ERVL	3124	-	224	89443461	18322
chr1	89425139	89625139	harbor1	chr1	89455946	89456289	LTR/ERVL	711	-	172	89456118	30979
chr1	89425139	89625139	harbor1	chr1	89457096	89457414	LTR/ERVL	1528	-	159	89457255	32116
chr1	89425139	89625139	harbor1	chr1	89438985	89443236	LTR/ERVL	31144	-	2126	89441111	15972
chr1	153558888	153758888	harbor1	chr1	153586491	153586798	LTR/ERVL	2363	-	154	153586645	27757
chr1	153558888	153758888	harbor1	chr1	153587421	153587649	LTR/ERVL	2363	-	114	153587535	28647
chr1	16625240	16825240	harbor1	chr1	16666129	16666278	LTR/ERVL	488	-	74	16666203	40963
chr1	2138530	2338530	harbor1	chr1	2156579	2156875	LTR/ERVL	723	-	148	2156727	18197
chr1	2138530	2338530	harbor1	chr1	2156876	2157339	LTR/ERVL	1758	-	232	2157108	18578
chr1	2138530	2338530	harbor1	chr1	2157340	2157396	LTR/ERVL	519	-	28	2157368	18838
chr1	2138530	2338530	harbor1	chr1	2164257	2164645	LTR/ERVL	1261	-	194	2164451	25921
chr1	16504141	16704141	harbor1	chr1	16513455	16513604	LTR/ERVL	479	-	74	16513529	9388
chr1	16504141	16704141	harbor1	chr1	16602708	16603074	LTR/ERVL	772	-	183	16602891	98750
chr1	16504141	16704141	harbor1	chr1	16603092	16603314	LTR/ERVL	607	-	111	16603203	99062
chr1	16504141	16704141	harbor1	chr1	16603356	16603618	LTR/ERVL	466	-	131	16603487	99346
chr1	2138452	2338452	harbor1	chr1	2156579	2156875	LTR/ERVL	723	-	148	2156727	18275
chr1	2138452	2338452	harbor1	chr1	2156876	2157339	LTR/ERVL	1758	-	232	2157108	18656
chr1	2138452	2338452	harbor1	chr1	2157340	2157396	LTR/ERVL	519	-	28	2157368	18916
chr1	2138452	2338452	harbor1	chr1	2164257	2164645	LTR/ERVL	1261	-	194	2164451	25999
chr1	16545003	16745003	harbor1	chr1	16602708	16603074	LTR/ERVL	772	-	183	16602891	57888
chr1	16545003	16745003	harbor1	chr1	16603092	16603314	LTR/ERVL	607	-	111	16603203	58200
chr1	16545003	16745003	harbor1	chr1	16603356	16603618	LTR/ERVL	466	-	131	16603487	58484
chr1	16542821	16742821	harbor1	chr1	16602708	16603074	LTR/ERVL	772	-	183	16602891	60070
chr1	16542821	16742821	harbor1	chr1	16603092	16603314	LTR/ERVL	607	-	111	16603203	60382
chr1	16542821	16742821	harbor1	chr1	16603356	16603618	LTR/ERVL	466	-	131	16603487	60666
chr1	4612171	4812171	harbor1	chr1	4624325	4624722	LTR/ERVL	1906	-	198	4624523	12352
chr1	4612171	4812171	harbor1	chr1	4630835	4631245	LTR/ERVL	1314	-	205	4631040	18869
chr1	4612171	4812171	harbor1	chr1	4643613	4643716	LTR/ERVL	459	-	52	4643665	31494
chr1	4612171	4812171	harbor1	chr1	4675139	4675751	LTR/ERVL	1885	-	306	4675445	63274
chr1	4612171	4812171	harbor1	chr1	4679776	4679808	LTR/ERVL	2800	-	16	4679792	67621
chr1	4612171	4812171	harbor1	chr1	4679853	4680328	LTR/ERVL	2800	-	238	4680091	67920
chr1	53370469	53570469	harbor1	chr1	53448030	53448912	LTR/ERVL	4516	-	441	53448471	78002
chr1	205330822	205530822	harbor1	chr1	205368432	205368665	LTR/ERVL	935	-	116	205368548	37726
chr1	205330822	205530822	harbor1	chr1	205368986	205368996	LTR/ERVL	935	-	5	205368991	38169
chr1	205330822	205530822	harbor1	chr1	205369287	205369496	LTR/ERVL	935	-	104	205369391	38569
chr1	205330822	205530822	harbor1	chr1	205377529	205378362	LTR/ERVL	4236	-	416	205377945	47123
chr1	1562609	1762609	harbor1	chr1	1610930	1611407	LTR/ERVL	1958	-	238	1611168	48559
chr1	53370441	53570441	harbor1	chr1	53448030	53448912	LTR/ERVL	4516	-	441	53448471	78030
chr1	16544898	16744898	harbor1	chr1	16602708	16603074	LTR/ERVL	772	-	183	16602891	57993
chr1	16544898	16744898	harbor1	chr1	16603092	16603314	LTR/ERVL	607	-	111	16603203	58305
chr1	16544898	16744898	harbor1	chr1	16603356	16603618	LTR/ERVL	466	-	131	16603487	58589
chr1	16619037	16819037	harbor1	chr1	16666129	16666278	LTR/ERVL	488	-	74	16666203	47166
chr1	117480253	117680253	harbor1	chr1	117500655	117500814	LTR/ERVL	721	-	80	117500735	20482
chr1	16504004	16704004	harbor1	chr1	16513455	16513604	LTR/ERVL	479	-	74	16513529	9525
chr1	16504004	16704004	harbor1	chr1	16602708	16603074	LTR/ERVL	772	-	183	16602891	98887
chr1	16504004	16704004	harbor1	chr1	16603092	16603314	LTR/ERVL	607	-	111	16603203	99199
chr1	16504004	16704004	harbor1	chr1	16603356	16603618	LTR/ERVL	466	-	131	16603487	99483
chr1	16545023	16745023	harbor1	chr1	16602708	16603074	LTR/ERVL	772	-	183	16602891	57868
chr1	16545023	16745023	harbor1	chr1	16603092	16603314	LTR/ERVL	607	-	111	16603203	58180
chr1	16545023	16745023	harbor1	chr1	16603356	16603618	LTR/ERVL	466	-	131	16603487	58464
chr1	15330459	15530459	harbor1	chr1	15403151	15403535	LTR/ERVL	3389	-	192	15403343	72884
chr1	15330459	15530459	harbor1	chr1	15403840	15404222	LTR/ERVL	3389	-	191	15404031	73572
chr1	16267485	16467485	harbor1	chr1	16318650	16318989	LTR/ERVL	1079	-	170	16318820	51335
chr1	53370472	53570472	harbor1	chr1	53448030	53448912	LTR/ERVL	4516	-	441	53448471	77999
chr1	2138464	2338464	harbor1	chr1	2156579	2156875	LTR/ERVL	723	-	148	2156727	18263
chr1	2138464	2338464	harbor1	chr1	2156876	2157339	LTR/ERVL	1758	-	232	2157108	18644
chr1	2138464	2338464	harbor1	chr1	2157340	2157396	LTR/ERVL	519	-	28	2157368	18904
chr1	2138464	2338464	harbor1	chr1	2164257	2164645	LTR/ERVL	1261	-	194	2164451	25987
chr1	2138502	2338502	harbor1	chr1	2156579	2156875	LTR/ERVL	723	-	148	2156727	18225
chr1	2138502	2338502	harbor1	chr1	2156876	2157339	LTR/ERVL	1758	-	232	2157108	18606
chr1	2138502	2338502	harbor1	chr1	2157340	2157396	LTR/ERVL	519	-	28	2157368	18866
chr1	2138502	2338502	harbor1	chr1	2164257	2164645	LTR/ERVL	1261	-	194	2164451	25949
chr1	16600695	16800695	harbor1	chr1	16602708	16603074	LTR/ERVL	772	-	183	16602891	2196
chr1	16600695	16800695	harbor1	chr1	16603092	16603314	LTR/ERVL	607	-	111	16603203	2508
chr1	16600695	16800695	harbor1	chr1	16603356	16603618	LTR/ERVL	466	-	131	16603487	2792
chr1	16600695	16800695	harbor1	chr1	16666129	16666278	LTR/ERVL	488	-	74	16666203	65508
chr1	16544545	16744545	harbor1	chr1	16602708	16603074	LTR/ERVL	772	-	183	16602891	58346
chr1	16544545	16744545	harbor1	chr1	16603092	16603314	LTR/ERVL	607	-	111	16603203	58658
chr1	16544545	16744545	harbor1	chr1	16603356	16603618	LTR/ERVL	466	-	131	16603487	58942
chr1	36753751	36953751	harbor1	chr1	36757312	36757417	LTR/ERVL	1248	-	52	36757364	3613
chr1	36753751	36953751	harbor1	chr1	36757527	36757761	LTR/ERVL	1248	-	117	36757644	3893
chr1	36753751	36953751	harbor1	chr1	36783113	36783506	LTR/ERVL	470	-	196	36783309	29558
chr1	1538666	1738666	harbor1	chr1	1610930	1611407	LTR/ERVL	1958	-	238	1611168	72502
chr1	94137807	94337807	harbor1	chr1	94161627	94162052	LTR/ERVL	3331	-	212	94161839	24032
chr1	94137807	94337807	harbor1	chr1	94162053	94162277	LTR/ERVL	14256	-	112	94162165	24358
chr1	94137807	94337807	harbor1	chr1	94162579	94164104	LTR/ERVL	14256	-	762	94163341	25534
chr1	94137807	94337807	harbor1	chr1	94164123	94166151	LTR/ERVL	16382	-	1014	94165137	27330
chr1	94137807	94337807	harbor1	chr1	94166150	94166772	LTR/ERVL	4757	-	311	94166461	28654
chr1	94137807	94337807	harbor1	chr1	94166773	94167221	LTR/ERVL	2991	-	224	94166997	29190
chr1	16543056	16743056	harbor1	chr1	16602708	16603074	LTR/ERVL	772	-	183	16602891	59835
chr1	16543056	16743056	harbor1	chr1	16603092	16603314	LTR/ERVL	607	-	111	16603203	60147
chr1	16543056	16743056	harbor1	chr1	16603356	16603618	LTR/ERVL	466	-	131	16603487	60431
chr1	229331834	229531834	harbor1	chr1	229385858	229386390	LTR/ERVL	2141	-	266	229386124	54290
chr1	9589469	9789469	harbor1	chr1	9660528	9660772	LTR/ERVL	1026	-	122	9660650	71181
chr1	9589469	9789469	harbor1	chr1	9662992	9663565	LTR/ERVL	2708	-	286	9663278	73809
chr1	9589469	9789469	harbor1	chr1	9664358	9664921	LTR/ERVL	2503	-	282	9664640	75171
chr1	9589469	9789469	harbor1	chr1	9665224	9665363	LTR/ERVL	2503	-	70	9665294	75825
chr1	9589469	9789469	harbor1	chr1	9665448	9665747	LTR/ERVL	1022	-	150	9665598	76129
chr1	211033758	211233758	harbor1	chr1	211116202	211116303	LTR/ERVL	506	-	50	211116252	82494
chr1	211033758	211233758	harbor1	chr1	211124679	211124777	LTR/ERVL	680	-	49	211124728	90970
chr1	211033758	211233758	harbor1	chr1	211124989	211125042	LTR/ERVL	680	-	26	211125015	91257
chr1	211033758	211233758	harbor1	chr1	211125085	211125342	LTR/ERVL	563	-	128	211125213	91455
chr1	185216973	185416973	harbor1	chr1	185282888	185283125	LTR/ERVL	1018	-	118	185283006	66033
chr1	7267274	7467274	harbor1	chr1	7320314	7320649	LTR/ERVL	2551	-	168	7320482	53208
chr1	7267274	7467274	harbor1	chr1	7320675	7321218	LTR/ERVL	2551	-	272	7320947	53673
chr1	7267274	7467274	harbor1	chr1	7321252	7321715	LTR/ERVL	1547	-	232	7321484	54210
chr1	7267274	7467274	harbor1	chr1	7321844	7322250	LTR/ERVL	1091	-	203	7322047	54773
chr1	39855337	40055337	harbor1	chr1	39942639	39943141	LTR/ERVL	2532	-	251	39942890	87553
chr1	39855337	40055337	harbor1	chr1	39943149	39943308	LTR/ERVL	875	-	80	39943229	87892
chr1	39855337	40055337	harbor1	chr1	39943421	39943524	LTR/ERVL	3727	-	52	39943473	88136
chr1	39855337	40055337	harbor1	chr1	39943655	39944045	LTR/ERVL	3738	-	195	39943850	88513
chr1	39855337	40055337	harbor1	chr1	39944348	39944861	LTR/ERVL	3738	-	256	39944604	89267
chr1	39855337	40055337	harbor1	chr1	39945003	39945094	LTR/ERVL	430	-	46	39945049	89712
chr1	39855337	40055337	harbor1	chr1	39945808	39946427	LTR/ERVL	3621	-	310	39946118	90781
chr1	39855337	40055337	harbor1	chr1	39947087	39947922	LTR/ERVL	11687	-	418	39947505	92168
chr1	39855337	40055337	harbor1	chr1	39948226	39948237	LTR/ERVL	11687	-	6	39948232	92895
chr1	39855337	40055337	harbor1	chr1	39948508	39948810	LTR/ERVL	11687	-	151	39948659	93322
chr1	39855337	40055337	harbor1	chr1	39949122	39949172	LTR/ERVL	11687	-	25	39949147	93810
chr1	39855337	40055337	harbor1	chr1	39949475	39950696	LTR/ERVL	11687	-	610	39950085	94748
chr1	39855337	40055337	harbor1	chr1	39950697	39951238	LTR/ERVL	2612	-	270	39950967	95630
chr1	16517974	16717974	harbor1	chr1	16602708	16603074	LTR/ERVL	772	-	183	16602891	84917
chr1	16517974	16717974	harbor1	chr1	16603092	16603314	LTR/ERVL	607	-	111	16603203	85229
chr1	16517974	16717974	harbor1	chr1	16603356	16603618	LTR/ERVL	466	-	131	16603487	85513
chr1	43447553	43647553	harbor1	chr1	43465622	43466077	LTR/ERVL	763	-	228	43465850	18297
chr1	43447553	43647553	harbor1	chr1	43467473	43467897	LTR/ERVL	1885	-	212	43467685	20132
chr1	43447553	43647553	harbor1	chr1	43469533	43469790	LTR/ERVL	1885	-	128	43469661	22108
chr1	43447553	43647553	harbor1	chr1	43469877	43471318	LTR/ERVL	3011	-	720	43470597	23044
chr1	43447553	43647553	harbor1	chr1	43472757	43473033	LTR/ERVL	798	-	138	43472895	25342
chr1	43447553	43647553	harbor1	chr1	43507201	43507673	LTR/ERVL	932	-	236	43507437	59884
chr1	16490133	16690133	harbor1	chr1	16513455	16513604	LTR/ERVL	479	-	74	16513529	23396
chr1	53370438	53570438	harbor1	chr1	53448030	53448912	LTR/ERVL	4516	-	441	53448471	78033
chr1	2133810	2333810	harbor1	chr1	2136899	2137477	LTR/ERVL	1775	-	289	2137188	3378
chr1	2133810	2333810	harbor1	chr1	2156579	2156875	LTR/ERVL	723	-	148	2156727	22917
chr1	2133810	2333810	harbor1	chr1	2156876	2157339	LTR/ERVL	1758	-	232	2157108	23298
chr1	2133810	2333810	harbor1	chr1	2157340	2157396	LTR/ERVL	519	-	28	2157368	23558
chr1	2133810	2333810	harbor1	chr1	2164257	2164645	LTR/ERVL	1261	-	194	2164451	30641
chr1	2138449	2338449	harbor1	chr1	2156579	2156875	LTR/ERVL	723	-	148	2156727	18278
chr1	2138449	2338449	harbor1	chr1	2156876	2157339	LTR/ERVL	1758	-	232	2157108	18659
chr1	2138449	2338449	harbor1	chr1	2157340	2157396	LTR/ERVL	519	-	28	2157368	18919
chr1	2138449	2338449	harbor1	chr1	2164257	2164645	LTR/ERVL	1261	-	194	2164451	26002
chr1	6350574	6550574	harbor1	chr1	6384637	6384836	LTR/ERVL	770	-	100	6384737	34163
chr1	722912	922912	harbor1	chr1	730502	730654	LTR/ERVL	677	-	76	730578	7666
chr1	722912	922912	harbor1	chr1	733910	734062	LTR/ERVL	678	-	76	733986	11074
chr1	722912	922912	harbor1	chr1	737317	737469	LTR/ERVL	667	-	76	737393	14481
chr1	722912	922912	harbor1	chr1	791822	791993	LTR/ERVL	577	-	86	791908	68996
chr1	722912	922912	harbor1	chr1	794994	795251	LTR/ERVL	646	-	128	795122	72210
chr1	204633771	204833771	harbor1	chr1	204710645	204711054	LTR/ERVL	1175	-	204	204710849	77078
chr1	204633771	204833771	harbor1	chr1	204724812	204725581	LTR/ERVL	4209	-	384	204725196	91425
chr1	47317003	47517003	harbor1	chr1	47317902	47318166	LTR/ERVL	1239	-	132	47318034	1031
chr1	47317003	47517003	harbor1	chr1	47342407	47342527	LTR/ERVL	846	-	60	47342467	25464
chr1	2152526	2352526	harbor1	chr1	2156579	2156875	LTR/ERVL	723	-	148	2156727	4201
chr1	2152526	2352526	harbor1	chr1	2156876	2157339	LTR/ERVL	1758	-	232	2157108	4582
chr1	2152526	2352526	harbor1	chr1	2157340	2157396	LTR/ERVL	519	-	28	2157368	4842
chr1	2152526	2352526	harbor1	chr1	2164257	2164645	LTR/ERVL	1261	-	194	2164451	11925
chr1	160897940	161097940	harbor1	chr1	160931489	160931928	LTR/ERVL	1279	-	220	160931709	33769
chr1	160897940	161097940	harbor1	chr1	160971573	160972137	LTR/ERVL	2625	-	282	160971855	73915
chr1	194321308	194521308	harbor1	chr1	194345768	194346414	LTR/ERVL	1085	-	323	194346091	24783
chr1	194321308	194521308	harbor1	chr1	194363616	194364081	LTR/ERVL	1099	-	232	194363848	42540
chr1	194321308	194521308	harbor1	chr1	194364082	194364425	LTR/ERVL	810	-	172	194364254	42946
chr1	194321308	194521308	harbor1	chr1	194379185	194379669	LTR/ERVL	2088	-	242	194379427	58119
chr1	11520749	11720749	harbor1	chr1	11573223	11573652	LTR/ERVL	2387	-	214	11573437	52688
chr1	11520749	11720749	harbor1	chr1	11575773	11576215	LTR/ERVL	3793	-	221	11575994	55245
chr1	11520749	11720749	harbor1	chr1	11612892	11613043	LTR/ERVL	1780	-	76	11612968	92219
chr1	11520749	11720749	harbor1	chr1	11613408	11613701	LTR/ERVL	1780	-	146	11613554	92805
chr1	211033691	211233691	harbor1	chr1	211116202	211116303	LTR/ERVL	506	-	50	211116252	82561
chr1	211033691	211233691	harbor1	chr1	211124679	211124777	LTR/ERVL	680	-	49	211124728	91037
chr1	211033691	211233691	harbor1	chr1	211124989	211125042	LTR/ERVL	680	-	26	211125015	91324
chr1	211033691	211233691	harbor1	chr1	211125085	211125342	LTR/ERVL	563	-	128	211125213	91522
chr1	29351447	29551447	harbor1	chr1	29376077	29376521	LTR/ERVL	3683	-	222	29376299	24852
chr1	16544832	16744832	harbor1	chr1	16602708	16603074	LTR/ERVL	772	-	183	16602891	58059
chr1	16544832	16744832	harbor1	chr1	16603092	16603314	LTR/ERVL	607	-	111	16603203	58371
chr1	16544832	16744832	harbor1	chr1	16603356	16603618	LTR/ERVL	466	-	131	16603487	58655
chr1	1676051	1876051	harbor1	chr1	1683131	1683546	LTR/ERVL	901	-	208	1683339	7288
chr1	20561106	20761106	harbor1	chr1	20634564	20634779	LTR/ERVL	790	-	108	20634672	73566
chr1	16625350	16825350	harbor1	chr1	16666129	16666278	LTR/ERVL	488	-	74	16666203	40853
chr1	201549223	201749223	harbor1	chr1	201579769	201580343	LTR/ERVL	3341	-	287	201580056	30833
chr1	201549223	201749223	harbor1	chr1	201582215	201582645	LTR/ERVL	982	-	215	201582430	33207
chr1	7552592	7752592	harbor1	chr1	7555895	7556414	LTR/ERVL	2385	-	260	7556155	3563
chr1	7552592	7752592	harbor1	chr1	7597525	7597815	LTR/ERVL	1169	-	145	7597670	45078
chr1	152203804	152403804	harbor1	chr1	152236506	152236619	LTR/ERVL	442	-	56	152236562	32758
chr1	152203804	152403804	harbor1	chr1	152252586	152253636	LTR/ERVL	7876	-	525	152253111	49307
chr1	152203804	152403804	harbor1	chr1	152257638	152258157	LTR/ERVL	1860	-	260	152257898	54094
chr1	53846295	54046295	harbor1	chr1	53848894	53849509	LTR/ERVL	2470	-	308	53849202	2907
chr1	12393958	12593958	harbor1	chr1	12392564	12395953	LTR/ERVL	27435	-	1694	12394258	300
chr1	25516603	25716603	harbor1	chr1	25524398	25524822	LTR/ERVL	1076	-	212	25524610	8007
chr1	25516603	25716603	harbor1	chr1	25547065	25547201	LTR/ERVL	823	-	68	25547133	30530
chr1	25516603	25716603	harbor1	chr1	25547529	25547626	LTR/ERVL	823	-	48	25547577	30974
chr1	44307706	44507706	harbor1	chr1	44357342	44357364	LTR/ERVL	535	-	11	44357353	49647
chr1	44307706	44507706	harbor1	chr1	44357497	44357575	LTR/ERVL	535	-	39	44357536	49830
chr1	44307706	44507706	harbor1	chr1	44357719	44357826	LTR/ERVL	535	-	54	44357773	50067
chr1	44307706	44507706	harbor1	chr1	44388406	44388873	LTR/ERVL	2860	-	234	44388640	80934
chr1	110573752	110773752	harbor1	chr1	110587863	110588509	LTR/ERVL	2136	-	323	110588186	14434
chr1	110021160	110221160	harbor1	chr1	110045523	110045981	LTR/ERVL	1104	-	229	110045752	24592
chr1	53846285	54046285	harbor1	chr1	53848894	53849509	LTR/ERVL	2470	-	308	53849202	2917
chr1	2138477	2338477	harbor1	chr1	2156579	2156875	LTR/ERVL	723	-	148	2156727	18250
chr1	2138477	2338477	harbor1	chr1	2156876	2157339	LTR/ERVL	1758	-	232	2157108	18631
chr1	2138477	2338477	harbor1	chr1	2157340	2157396	LTR/ERVL	519	-	28	2157368	18891
chr1	2138477	2338477	harbor1	chr1	2164257	2164645	LTR/ERVL	1261	-	194	2164451	25974
chr1	16531613	16731613	harbor1	chr1	16602708	16603074	LTR/ERVL	772	-	183	16602891	71278
chr1	16531613	16731613	harbor1	chr1	16603092	16603314	LTR/ERVL	607	-	111	16603203	71590
chr1	16531613	16731613	harbor1	chr1	16603356	16603618	LTR/ERVL	466	-	131	16603487	71874
chr1	678890	878890	harbor1	chr1	730502	730654	LTR/ERVL	677	-	76	730578	51688
chr1	678890	878890	harbor1	chr1	733910	734062	LTR/ERVL	678	-	76	733986	55096
chr1	678890	878890	harbor1	chr1	737317	737469	LTR/ERVL	667	-	76	737393	58503
chr1	155155129	155355129	harbor1	chr1	155160993	155161237	LTR/ERVL	991	-	122	155161115	5986
chr1	16542818	16742818	harbor1	chr1	16602708	16603074	LTR/ERVL	772	-	183	16602891	60073
chr1	16542818	16742818	harbor1	chr1	16603092	16603314	LTR/ERVL	607	-	111	16603203	60385
chr1	16542818	16742818	harbor1	chr1	16603356	16603618	LTR/ERVL	466	-	131	16603487	60669
chr1	16543037	16743037	harbor1	chr1	16602708	16603074	LTR/ERVL	772	-	183	16602891	59854
chr1	16543037	16743037	harbor1	chr1	16603092	16603314	LTR/ERVL	607	-	111	16603203	60166
chr1	16543037	16743037	harbor1	chr1	16603356	16603618	LTR/ERVL	466	-	131	16603487	60450
chr1	53312624	53512624	harbor1	chr1	53348749	53349040	LTR/ERVL	765	-	146	53348895	36271
chr1	53312624	53512624	harbor1	chr1	53367200	53367444	LTR/ERVL	572	-	122	53367322	54698
chr1	1676022	1876022	harbor1	chr1	1683131	1683546	LTR/ERVL	901	-	208	1683339	7317
chr1	31913327	32113327	harbor1	chr1	31977642	31977876	LTR/ERVL	735	-	117	31977759	64432
chr1	31913327	32113327	harbor1	chr1	31994149	31994424	LTR/ERVL	801	-	138	31994287	80960
chr1	31913327	32113327	harbor1	chr1	31994776	31995333	LTR/ERVL	1885	-	278	31995054	81727
chr1	16544840	16744840	harbor1	chr1	16602708	16603074	LTR/ERVL	772	-	183	16602891	58051
chr1	16544840	16744840	harbor1	chr1	16603092	16603314	LTR/ERVL	607	-	111	16603203	58363
chr1	16544840	16744840	harbor1	chr1	16603356	16603618	LTR/ERVL	466	-	131	16603487	58647
chr1	19565193	19765193	harbor1	chr1	19571430	19571653	LTR/ERVL	739	-	112	19571542	6349
chr1	19565193	19765193	harbor1	chr1	19572015	19572203	LTR/ERVL	706	-	94	19572109	6916
chr1	19565193	19765193	harbor1	chr1	19572523	19572549	LTR/ERVL	437	-	13	19572536	7343
chr1	19565193	19765193	harbor1	chr1	19572896	19573076	LTR/ERVL	437	-	90	19572986	7793
chr1	19565193	19765193	harbor1	chr1	19586660	19586780	LTR/ERVL	502	-	60	19586720	21527
chr1	6685532	6885532	harbor1	chr1	6742745	6743159	LTR/ERVL	3148	-	207	6742952	57420
chr1	22610011	22810011	harbor1	chr1	22656566	22657367	LTR/ERVL	4530	-	400	22656966	46955
chr1	6685524	6885524	harbor1	chr1	6742745	6743159	LTR/ERVL	3148	-	207	6742952	57428
chr1	211033713	211233713	harbor1	chr1	211116202	211116303	LTR/ERVL	506	-	50	211116252	82539
chr1	211033713	211233713	harbor1	chr1	211124679	211124777	LTR/ERVL	680	-	49	211124728	91015
chr1	211033713	211233713	harbor1	chr1	211124989	211125042	LTR/ERVL	680	-	26	211125015	91302
chr1	211033713	211233713	harbor1	chr1	211125085	211125342	LTR/ERVL	563	-	128	211125213	91500
chr1	22450678	22650678	harbor1	chr1	22471693	22472185	LTR/ERVL	2787	-	246	22471939	21261
chr1	22450678	22650678	harbor1	chr1	22472486	22472520	LTR/ERVL	2787	-	17	22472503	21825
chr1	22450678	22650678	harbor1	chr1	22496840	22497094	LTR/ERVL	829	-	127	22496967	46289
chr1	26595914	26795914	harbor1	chr1	26598793	26599011	LTR/ERVL	463	-	109	26598902	2988
chr1	207902897	208102897	harbor1	chr1	207914051	207914144	LTR/ERVL	481	-	46	207914097	11200
chr1	207902897	208102897	harbor1	chr1	207914145	207914780	LTR/ERVL	2250	-	318	207914463	11566
chr1	207902897	208102897	harbor1	chr1	207914982	207915131	LTR/ERVL	803	-	74	207915056	12159
chr1	207902897	208102897	harbor1	chr1	207983032	207983214	LTR/ERVL	572	-	91	207983123	80226
chr1	211033788	211233788	harbor1	chr1	211116202	211116303	LTR/ERVL	506	-	50	211116252	82464
chr1	211033788	211233788	harbor1	chr1	211124679	211124777	LTR/ERVL	680	-	49	211124728	90940
chr1	211033788	211233788	harbor1	chr1	211124989	211125042	LTR/ERVL	680	-	26	211125015	91227
chr1	211033788	211233788	harbor1	chr1	211125085	211125342	LTR/ERVL	563	-	128	211125213	91425
chr1	16544915	16744915	harbor1	chr1	16602708	16603074	LTR/ERVL	772	-	183	16602891	57976
chr1	16544915	16744915	harbor1	chr1	16603092	16603314	LTR/ERVL	607	-	111	16603203	58288
chr1	16544915	16744915	harbor1	chr1	16603356	16603618	LTR/ERVL	466	-	131	16603487	58572
chr1	16625248	16825248	harbor1	chr1	16666129	16666278	LTR/ERVL	488	-	74	16666203	40955
chr1	167355252	167555252	harbor1	chr1	167362376	167362546	LTR/ERVL	534	-	85	167362461	7209
chr1	167355252	167555252	harbor1	chr1	167362676	167363015	LTR/ERVL	1321	-	170	167362846	7594
chr1	9589463	9789463	harbor1	chr1	9660528	9660772	LTR/ERVL	1026	-	122	9660650	71187
chr1	9589463	9789463	harbor1	chr1	9662992	9663565	LTR/ERVL	2708	-	286	9663278	73815
chr1	9589463	9789463	harbor1	chr1	9664358	9664921	LTR/ERVL	2503	-	282	9664640	75177
chr1	9589463	9789463	harbor1	chr1	9665224	9665363	LTR/ERVL	2503	-	70	9665294	75831
chr1	9589463	9789463	harbor1	chr1	9665448	9665747	LTR/ERVL	1022	-	150	9665598	76135
chr1	2138444	2338444	harbor1	chr1	2156579	2156875	LTR/ERVL	723	-	148	2156727	18283
chr1	2138444	2338444	harbor1	chr1	2156876	2157339	LTR/ERVL	1758	-	232	2157108	18664
chr1	2138444	2338444	harbor1	chr1	2157340	2157396	LTR/ERVL	519	-	28	2157368	18924
chr1	2138444	2338444	harbor1	chr1	2164257	2164645	LTR/ERVL	1261	-	194	2164451	26007
chr1	2138411	2338411	harbor1	chr1	2156579	2156875	LTR/ERVL	723	-	148	2156727	18316
chr1	2138411	2338411	harbor1	chr1	2156876	2157339	LTR/ERVL	1758	-	232	2157108	18697
chr1	2138411	2338411	harbor1	chr1	2157340	2157396	LTR/ERVL	519	-	28	2157368	18957
chr1	2138411	2338411	harbor1	chr1	2164257	2164645	LTR/ERVL	1261	-	194	2164451	26040
chr1	244605824	244805824	harbor1	chr1	244614282	244614799	LTR/ERVL	802	-	258	244614540	8716
chr1	244605824	244805824	harbor1	chr1	244623017	244623058	LTR/ERVL	619	-	20	244623037	17213
chr1	244605824	244805824	harbor1	chr1	244623370	244623642	LTR/ERVL	619	-	136	244623506	17682
chr1	244605824	244805824	harbor1	chr1	244628305	244628845	LTR/ERVL	1090	-	270	244628575	22751
chr1	244605824	244805824	harbor1	chr1	244629940	244630158	LTR/ERVL	1649	-	109	244630049	24225
chr1	244605824	244805824	harbor1	chr1	244630622	244630702	LTR/ERVL	468	-	40	244630662	24838
chr1	244605824	244805824	harbor1	chr1	244630703	244630889	LTR/ERVL	538	-	93	244630796	24972
chr1	244605824	244805824	harbor1	chr1	244628922	244629511	LTR/ERVL	1649	-	294	244629216	23392
chr1	205330828	205530828	harbor1	chr1	205368432	205368665	LTR/ERVL	935	-	116	205368548	37720
chr1	205330828	205530828	harbor1	chr1	205368986	205368996	LTR/ERVL	935	-	5	205368991	38163
chr1	205330828	205530828	harbor1	chr1	205369287	205369496	LTR/ERVL	935	-	104	205369391	38563
chr1	205330828	205530828	harbor1	chr1	205377529	205378362	LTR/ERVL	4236	-	416	205377945	47117
chr1	16544904	16744904	harbor1	chr1	16602708	16603074	LTR/ERVL	772	-	183	16602891	57987
chr1	16544904	16744904	harbor1	chr1	16603092	16603314	LTR/ERVL	607	-	111	16603203	58299
chr1	16544904	16744904	harbor1	chr1	16603356	16603618	LTR/ERVL	466	-	131	16603487	58583
chr1	145919577	146119577	harbor1	chr1	145950185	145950361	LTR/ERVL	1296	-	88	145950273	30696
chr1	145919577	146119577	harbor1	chr1	145950665	145950953	LTR/ERVL	1296	-	144	145950809	31232
chr1	2138621	2338621	harbor1	chr1	2156579	2156875	LTR/ERVL	723	-	148	2156727	18106
chr1	2138621	2338621	harbor1	chr1	2156876	2157339	LTR/ERVL	1758	-	232	2157108	18487
chr1	2138621	2338621	harbor1	chr1	2157340	2157396	LTR/ERVL	519	-	28	2157368	18747
chr1	2138621	2338621	harbor1	chr1	2164257	2164645	LTR/ERVL	1261	-	194	2164451	25830
chr1	16544923	16744923	harbor1	chr1	16602708	16603074	LTR/ERVL	772	-	183	16602891	57968
chr1	16544923	16744923	harbor1	chr1	16603092	16603314	LTR/ERVL	607	-	111	16603203	58280
chr1	16544923	16744923	harbor1	chr1	16603356	16603618	LTR/ERVL	466	-	131	16603487	58564
chr1	2126800	2326800	harbor1	chr1	2130492	2130860	LTR/ERVL	1121	-	184	2130676	3876
chr1	2126800	2326800	harbor1	chr1	2136899	2137477	LTR/ERVL	1775	-	289	2137188	10388
chr1	2126800	2326800	harbor1	chr1	2156579	2156875	LTR/ERVL	723	-	148	2156727	29927
chr1	2126800	2326800	harbor1	chr1	2156876	2157339	LTR/ERVL	1758	-	232	2157108	30308
chr1	2126800	2326800	harbor1	chr1	2157340	2157396	LTR/ERVL	519	-	28	2157368	30568
chr1	2126800	2326800	harbor1	chr1	2164257	2164645	LTR/ERVL	1261	-	194	2164451	37651
chr1	6685486	6885486	harbor1	chr1	6742745	6743159	LTR/ERVL	3148	-	207	6742952	57466
chr1	226785705	226985705	harbor1	chr1	226833149	226833499	LTR/ERVL	1491	-	175	226833324	47619
chr1	226785705	226985705	harbor1	chr1	226838429	226838865	LTR/ERVL	2421	-	218	226838647	52942
chr1	226785705	226985705	harbor1	chr1	226867542	226867719	LTR/ERVL	994	-	88	226867630	81925
chr1	1676052	1876052	harbor1	chr1	1683131	1683546	LTR/ERVL	901	-	208	1683339	7287
chr1	16544980	16744980	harbor1	chr1	16602708	16603074	LTR/ERVL	772	-	183	16602891	57911
chr1	16544980	16744980	harbor1	chr1	16603092	16603314	LTR/ERVL	607	-	111	16603203	58223
chr1	16544980	16744980	harbor1	chr1	16603356	16603618	LTR/ERVL	466	-	131	16603487	58507
chr1	16544958	16744958	harbor1	chr1	16602708	16603074	LTR/ERVL	772	-	183	16602891	57933
chr1	16544958	16744958	harbor1	chr1	16603092	16603314	LTR/ERVL	607	-	111	16603203	58245
chr1	16544958	16744958	harbor1	chr1	16603356	16603618	LTR/ERVL	466	-	131	16603487	58529
chr1	46294443	46494443	harbor1	chr1	46308154	46308551	LTR/ERVL	1236	-	198	46308352	13909
chr1	46294443	46494443	harbor1	chr1	46308823	46309005	LTR/ERVL	601	-	91	46308914	14471
chr1	185628149	185828149	harbor1	chr1	185656498	185657053	LTR/ERVL	2186	-	278	185656776	28627
chr1	2138117	2338117	harbor1	chr1	2156579	2156875	LTR/ERVL	723	-	148	2156727	18610
chr1	2138117	2338117	harbor1	chr1	2156876	2157339	LTR/ERVL	1758	-	232	2157108	18991
chr1	2138117	2338117	harbor1	chr1	2157340	2157396	LTR/ERVL	519	-	28	2157368	19251
chr1	2138117	2338117	harbor1	chr1	2164257	2164645	LTR/ERVL	1261	-	194	2164451	26334
chr1	6351852	6551852	harbor1	chr1	6384637	6384836	LTR/ERVL	770	-	100	6384737	32885
chr1	245603537	245803537	harbor1	chr1	245674910	245675559	LTR/ERVL	2225	-	324	245675234	71697
chr1	201549188	201749188	harbor1	chr1	201579769	201580343	LTR/ERVL	3341	-	287	201580056	30868
chr1	201549188	201749188	harbor1	chr1	201582215	201582645	LTR/ERVL	982	-	215	201582430	33242
chr1	31972901	32172901	harbor1	chr1	31977642	31977876	LTR/ERVL	735	-	117	31977759	4858
chr1	31972901	32172901	harbor1	chr1	31994149	31994424	LTR/ERVL	801	-	138	31994287	21386
chr1	31972901	32172901	harbor1	chr1	31994776	31995333	LTR/ERVL	1885	-	278	31995054	22153
chr1	10857681	11057681	harbor1	chr1	10896480	10896589	LTR/ERVL	647	-	54	10896534	38853
chr1	201770522	201970522	harbor1	chr1	201841880	201842651	LTR/ERVL	3922	-	386	201842266	71744
chr1	201770522	201970522	harbor1	chr1	201842735	201843442	LTR/ERVL	4134	-	354	201843089	72567
chr1	53312611	53512611	harbor1	chr1	53348749	53349040	LTR/ERVL	765	-	146	53348895	36284
chr1	53312611	53512611	harbor1	chr1	53367200	53367444	LTR/ERVL	572	-	122	53367322	54711
chr1	2138491	2338491	harbor1	chr1	2156579	2156875	LTR/ERVL	723	-	148	2156727	18236
chr1	2138491	2338491	harbor1	chr1	2156876	2157339	LTR/ERVL	1758	-	232	2157108	18617
chr1	2138491	2338491	harbor1	chr1	2157340	2157396	LTR/ERVL	519	-	28	2157368	18877
chr1	2138491	2338491	harbor1	chr1	2164257	2164645	LTR/ERVL	1261	-	194	2164451	25960
chr1	15734386	15934386	harbor1	chr1	15774901	15774936	LTR/ERVL	943	-	18	15774919	40533
chr1	15734386	15934386	harbor1	chr1	15775555	15776121	LTR/ERVL	1225	-	283	15775838	41452
chr1	2138400	2338400	harbor1	chr1	2156579	2156875	LTR/ERVL	723	-	148	2156727	18327
chr1	2138400	2338400	harbor1	chr1	2156876	2157339	LTR/ERVL	1758	-	232	2157108	18708
chr1	2138400	2338400	harbor1	chr1	2157340	2157396	LTR/ERVL	519	-	28	2157368	18968
chr1	2138400	2338400	harbor1	chr1	2164257	2164645	LTR/ERVL	1261	-	194	2164451	26051
chr1	2138451	2338451	harbor1	chr1	2156579	2156875	LTR/ERVL	723	-	148	2156727	18276
chr1	2138451	2338451	harbor1	chr1	2156876	2157339	LTR/ERVL	1758	-	232	2157108	18657
chr1	2138451	2338451	harbor1	chr1	2157340	2157396	LTR/ERVL	519	-	28	2157368	18917
chr1	2138451	2338451	harbor1	chr1	2164257	2164645	LTR/ERVL	1261	-	194	2164451	26000
chr1	206972503	207172503	harbor1	chr1	206973325	206973776	LTR/ERVL	1526	-	226	206973551	1048
chr1	206972503	207172503	harbor1	chr1	206973791	206976020	LTR/ERVL	9293	-	1114	206974905	2402
chr1	206972503	207172503	harbor1	chr1	206976326	206977103	LTR/ERVL	9293	-	388	206976714	4211
chr1	25516631	25716631	harbor1	chr1	25524398	25524822	LTR/ERVL	1076	-	212	25524610	7979
chr1	25516631	25716631	harbor1	chr1	25547065	25547201	LTR/ERVL	823	-	68	25547133	30502
chr1	25516631	25716631	harbor1	chr1	25547529	25547626	LTR/ERVL	823	-	48	25547577	30946
chr1	65574334	65774334	harbor1	chr1	65575074	65575332	LTR/ERVL	750	-	129	65575203	869
chr1	16544749	16744749	harbor1	chr1	16602708	16603074	LTR/ERVL	772	-	183	16602891	58142
chr1	16544749	16744749	harbor1	chr1	16603092	16603314	LTR/ERVL	607	-	111	16603203	58454
chr1	16544749	16744749	harbor1	chr1	16603356	16603618	LTR/ERVL	466	-	131	16603487	58738
chr1	230539098	230739098	harbor1	chr1	230541391	230541756	LTR/ERVL	2045	-	182	230541573	2475
chr1	230539098	230739098	harbor1	chr1	230581304	230582035	LTR/ERVL	2354	-	366	230581670	42572
chr1	230539098	230739098	harbor1	chr1	230582388	230582670	LTR/ERVL	797	-	141	230582529	43431
chr1	230539098	230739098	harbor1	chr1	230582796	230582954	LTR/ERVL	641	-	79	230582875	43777
chr1	230539098	230739098	harbor1	chr1	230582950	230583493	LTR/ERVL	2231	-	272	230583222	44124
chr1	230539098	230739098	harbor1	chr1	230592615	230593062	LTR/ERVL	2277	-	224	230592839	53741
chr1	230539098	230739098	harbor1	chr1	230593190	230593602	LTR/ERVL	1461	-	206	230593396	54298
chr1	230539098	230739098	harbor1	chr1	230597932	230598818	LTR/ERVL	3691	-	443	230598375	59277
chr2	196936108	197136108	harbor1	chr2	196948906	196949376	LTR/ERVL	1275	-	235	196949141	13033
chr2	196936108	197136108	harbor1	chr2	196950553	196950970	LTR/ERVL	499	-	208	196950761	14653
chr2	231297344	231497344	harbor1	chr2	231307130	231307569	LTR/ERVL	1620	-	220	231307350	10006
chr2	231297344	231497344	harbor1	chr2	231366029	231366414	LTR/ERVL	2082	-	192	231366221	68877
chr2	231297344	231497344	harbor1	chr2	231391976	231392547	LTR/ERVL	1174	-	286	231392262	94918
chr2	576801	776801	harbor1	chr2	601343	601742	LTR/ERVL	860	-	200	601543	24742
chr2	26950260	27150260	harbor1	chr2	27041966	27042193	LTR/ERVL	623	-	114	27042080	91820
chr2	43053914	43253914	harbor1	chr2	43055731	43056140	LTR/ERVL	1051	-	204	43055935	2021
chr2	43053914	43253914	harbor1	chr2	43118340	43118406	LTR/ERVL	1466	-	33	43118373	64459
chr2	43053914	43253914	harbor1	chr2	43118826	43118842	LTR/ERVL	1466	-	8	43118834	64920
chr2	43053914	43253914	harbor1	chr2	43118872	43119239	LTR/ERVL	1581	-	184	43119056	65142
chr2	202592159	202792159	harbor1	chr2	202612885	202613116	LTR/ERVL	552	-	116	202613001	20842
chr2	202592159	202792159	harbor1	chr2	202650473	202651018	LTR/ERVL	2000	-	272	202650745	58586
chr2	202592159	202792159	harbor1	chr2	202671181	202671548	LTR/ERVL	769	-	184	202671365	79206
chr2	202592159	202792159	harbor1	chr2	202686849	202687066	LTR/ERVL	995	-	108	202686957	94798
chr2	53462886	53662886	harbor1	chr2	53490575	53490780	LTR/ERVL	723	-	102	53490677	27791
chr2	53462886	53662886	harbor1	chr2	53490846	53491046	LTR/ERVL	801	-	100	53490946	28060
chr2	53462886	53662886	harbor1	chr2	53505699	53506132	LTR/ERVL	2408	-	216	53505915	43029
chr2	53462886	53662886	harbor1	chr2	53507397	53507816	LTR/ERVL	1539	-	210	53507607	44721
chr2	53462886	53662886	harbor1	chr2	53540576	53540930	LTR/ERVL	1203	-	177	53540753	77867
chr2	218166674	218366674	harbor1	chr2	218211173	218211657	LTR/ERVL	831	-	242	218211415	44741
chr2	26950206	27150206	harbor1	chr2	27041966	27042193	LTR/ERVL	623	-	114	27042080	91874
chr2	26403793	26603793	harbor1	chr2	26404200	26405320	LTR/ERVL	2981	-	560	26404760	967
chr2	171334240	171534240	harbor1	chr2	171409444	171409695	LTR/ERVL	648	-	126	171409570	75330
chr2	171334240	171534240	harbor1	chr2	171409743	171409957	LTR/ERVL	971	-	107	171409850	75610
chr2	43055566	43255566	harbor1	chr2	43055731	43056140	LTR/ERVL	1051	-	204	43055935	369
chr2	43055566	43255566	harbor1	chr2	43118340	43118406	LTR/ERVL	1466	-	33	43118373	62807
chr2	43055566	43255566	harbor1	chr2	43118826	43118842	LTR/ERVL	1466	-	8	43118834	63268
chr2	43055566	43255566	harbor1	chr2	43118872	43119239	LTR/ERVL	1581	-	184	43119056	63490
chr2	26950242	27150242	harbor1	chr2	27041966	27042193	LTR/ERVL	623	-	114	27042080	91838
chr2	26403734	26603734	harbor1	chr2	26404200	26405320	LTR/ERVL	2981	-	560	26404760	1026
chr2	3475856	3675856	harbor1	chr2	3476221	3476658	LTR/ERVL	1360	-	218	3476439	583
chr2	3475856	3675856	harbor1	chr2	3523662	3523939	LTR/ERVL	849	-	138	3523800	47944
chr2	85502408	85702408	harbor1	chr2	85533827	85533865	LTR/ERVL	887	-	19	85533846	31438
chr2	85502408	85702408	harbor1	chr2	85534157	85534426	LTR/ERVL	887	-	134	85534291	31883
chr2	85502408	85702408	harbor1	chr2	85534415	85534691	LTR/ERVL	1628	-	138	85534553	32145
chr2	113484117	113684117	harbor1	chr2	113557927	113558086	LTR/ERVL	886	-	80	113558007	73890
chr2	113484117	113684117	harbor1	chr2	113557269	113557505	LTR/ERVL	1477	-	118	113557387	73270
chr2	70771787	70971787	harbor1	chr2	70796596	70796840	LTR/ERVL	450	-	122	70796718	24931
chr2	70771787	70971787	harbor1	chr2	70829198	70829694	LTR/ERVL	2414	-	248	70829446	57659
chr2	113484023	113684023	harbor1	chr2	113557927	113558086	LTR/ERVL	886	-	80	113558007	73984
chr2	113484023	113684023	harbor1	chr2	113557269	113557505	LTR/ERVL	1477	-	118	113557387	73364
chr2	238807213	239007213	harbor1	chr2	238831523	238832078	LTR/ERVL	2002	-	278	238831801	24588
chr2	238807213	239007213	harbor1	chr2	238836658	238837164	LTR/ERVL	2265	-	253	238836911	29698
chr2	3604000	3804000	harbor1	chr2	3680500	3680930	LTR/ERVL	2570	-	215	3680715	76715
chr2	113484043	113684043	harbor1	chr2	113557927	113558086	LTR/ERVL	886	-	80	113558007	73964
chr2	113484043	113684043	harbor1	chr2	113557269	113557505	LTR/ERVL	1477	-	118	113557387	73344
chr2	72783861	72983861	harbor1	chr2	72874821	72875363	LTR/ERVL	2138	-	271	72875092	91231
chr2	158867991	159067991	harbor1	chr2	158916068	158916292	LTR/ERVL	814	-	112	158916180	48189
chr2	158867991	159067991	harbor1	chr2	158933638	158933915	LTR/ERVL	975	-	138	158933776	65785
chr2	43055564	43255564	harbor1	chr2	43055731	43056140	LTR/ERVL	1051	-	204	43055935	371
chr2	43055564	43255564	harbor1	chr2	43118340	43118406	LTR/ERVL	1466	-	33	43118373	62809
chr2	43055564	43255564	harbor1	chr2	43118826	43118842	LTR/ERVL	1466	-	8	43118834	63270
chr2	43055564	43255564	harbor1	chr2	43118872	43119239	LTR/ERVL	1581	-	184	43119056	63492
chr2	6817111	7017111	harbor1	chr2	6820404	6820793	LTR/ERVL	2737	-	194	6820598	3487
chr2	6817111	7017111	harbor1	chr2	6885020	6885342	LTR/ERVL	771	-	161	6885181	68070
chr2	6817111	7017111	harbor1	chr2	6912611	6912650	LTR/ERVL	2346	-	20	6912631	95520
chr2	6817111	7017111	harbor1	chr2	6912713	6913169	LTR/ERVL	2346	-	228	6912941	95830
chr2	2616616	2816616	harbor1	chr2	2626792	2627705	LTR/ERVL	1341	-	456	2627248	10632
chr2	43054703	43254703	harbor1	chr2	43055731	43056140	LTR/ERVL	1051	-	204	43055935	1232
chr2	43054703	43254703	harbor1	chr2	43118340	43118406	LTR/ERVL	1466	-	33	43118373	63670
chr2	43054703	43254703	harbor1	chr2	43118826	43118842	LTR/ERVL	1466	-	8	43118834	64131
chr2	43054703	43254703	harbor1	chr2	43118872	43119239	LTR/ERVL	1581	-	184	43119056	64353
chr2	241851126	242051126	harbor1	chr2	241879862	241880090	LTR/ERVL	509	-	114	241879976	28850
chr2	237867377	238067377	harbor1	chr2	237880660	237880923	LTR/ERVL	1158	-	132	237880792	13415
chr2	237867377	238067377	harbor1	chr2	237940742	237941145	LTR/ERVL	946	-	202	237940944	73567
chr2	43031592	43231592	harbor1	chr2	43055731	43056140	LTR/ERVL	1051	-	204	43055935	24343
chr2	43031592	43231592	harbor1	chr2	43118340	43118406	LTR/ERVL	1466	-	33	43118373	86781
chr2	43031592	43231592	harbor1	chr2	43118826	43118842	LTR/ERVL	1466	-	8	43118834	87242
chr2	43031592	43231592	harbor1	chr2	43118872	43119239	LTR/ERVL	1581	-	184	43119056	87464
chr2	239765621	239965621	harbor1	chr2	239783817	239783851	LTR/ERVL	1475	-	17	239783834	18213
chr2	239765621	239965621	harbor1	chr2	239783957	239784366	LTR/ERVL	1475	-	204	239784161	18540
chr2	239765621	239965621	harbor1	chr2	239786056	239786469	LTR/ERVL	1324	-	206	239786262	20641
chr2	26950263	27150263	harbor1	chr2	27041966	27042193	LTR/ERVL	623	-	114	27042080	91817
chr2	202592156	202792156	harbor1	chr2	202612885	202613116	LTR/ERVL	552	-	116	202613001	20845
chr2	202592156	202792156	harbor1	chr2	202650473	202651018	LTR/ERVL	2000	-	272	202650745	58589
chr2	202592156	202792156	harbor1	chr2	202671181	202671548	LTR/ERVL	769	-	184	202671365	79209
chr2	202592156	202792156	harbor1	chr2	202686849	202687066	LTR/ERVL	995	-	108	202686957	94801
chr2	168550531	168750531	harbor1	chr2	168597095	168597556	LTR/ERVL	2349	-	230	168597325	46794
chr2	168550531	168750531	harbor1	chr2	168635138	168635561	LTR/ERVL	889	-	212	168635350	84819
chr2	42069545	42269545	harbor1	chr2	42074087	42074565	LTR/ERVL	1384	-	239	42074326	4781
chr2	127928490	128128490	harbor1	chr2	127943270	127943390	LTR/ERVL	756	-	60	127943330	14840
chr2	127928490	128128490	harbor1	chr2	127944973	127945227	LTR/ERVL	1069	-	127	127945100	16610
chr2	69381601	69581601	harbor1	chr2	69390194	69390304	LTR/ERVL	605	-	55	69390249	8648
chr2	110569500	110769500	harbor1	chr2	110585005	110585024	LTR/ERVL	1553	-	10	110585015	15515
chr2	110569500	110769500	harbor1	chr2	110585308	110585650	LTR/ERVL	1553	-	171	110585479	15979
chr2	113484094	113684094	harbor1	chr2	113557927	113558086	LTR/ERVL	886	-	80	113558007	73913
chr2	113484094	113684094	harbor1	chr2	113557269	113557505	LTR/ERVL	1477	-	118	113557387	73293
chr2	86976350	87176350	harbor1	chr2	86993486	86993518	LTR/ERVL	2707	-	16	86993502	17152
chr2	86976350	87176350	harbor1	chr2	86993558	86993921	LTR/ERVL	2707	-	182	86993740	17390
chr2	86976350	87176350	harbor1	chr2	87056872	87057036	LTR/ERVL	997	-	82	87056954	80604
chr2	63488511	63688511	harbor1	chr2	63566613	63567450	LTR/ERVL	3235	-	418	63567031	78520
chr2	63488511	63688511	harbor1	chr2	63576030	63576870	LTR/ERVL	4279	-	420	63576450	87939
chr2	26950257	27150257	harbor1	chr2	27041966	27042193	LTR/ERVL	623	-	114	27042080	91823
chr2	120748279	120948279	harbor1	chr2	120759115	120759950	LTR/ERVL	4065	-	418	120759533	11254
chr2	120748279	120948279	harbor1	chr2	120813871	120814287	LTR/ERVL	853	-	208	120814079	65800
chr2	120748279	120948279	harbor1	chr2	120815688	120815931	LTR/ERVL	516	-	122	120815810	67531
chr2	120748279	120948279	harbor1	chr2	120834108	120834648	LTR/ERVL	2323	-	270	120834378	86099
chr2	56085054	56285054	harbor1	chr2	56151656	56152067	LTR/ERVL	1521	-	206	56151862	66808
chr2	219343396	219543396	harbor1	chr2	219349399	219349631	LTR/ERVL	1025	-	116	219349515	6119
chr2	219343396	219543396	harbor1	chr2	219368710	219369173	LTR/ERVL	1780	-	232	219368942	25546
chr2	219343396	219543396	harbor1	chr2	219394871	219394960	LTR/ERVL	2811	-	44	219394915	51519
chr2	219343396	219543396	harbor1	chr2	219395248	219395602	LTR/ERVL	2811	-	177	219395425	52029
chr2	219343396	219543396	harbor1	chr2	219348820	219349094	LTR/ERVL	1025	-	137	219348957	5561
chr2	26950296	27150296	harbor1	chr2	27041966	27042193	LTR/ERVL	623	-	114	27042080	91784
chr2	218165589	218365589	harbor1	chr2	218211173	218211657	LTR/ERVL	831	-	242	218211415	45826
chr2	240592012	240792012	harbor1	chr2	240653734	240653851	LTR/ERVL	2186	-	58	240653792	61780
chr2	240592012	240792012	harbor1	chr2	240654134	240654196	LTR/ERVL	2186	-	31	240654165	62153
chr2	240592012	240792012	harbor1	chr2	240654485	240654743	LTR/ERVL	2186	-	129	240654614	62602
chr2	218378783	218578783	harbor1	chr2	218378753	218379293	LTR/ERVL	2164	-	270	218379023	240
chr2	56085032	56285032	harbor1	chr2	56151656	56152067	LTR/ERVL	1521	-	206	56151862	66830
chr2	56085009	56285009	harbor1	chr2	56151656	56152067	LTR/ERVL	1521	-	206	56151862	66853
chr2	6765980	6965980	harbor1	chr2	6784581	6784630	LTR/ERVL	2111	-	24	6784605	18625
chr2	6765980	6965980	harbor1	chr2	6784989	6785004	LTR/ERVL	2111	-	8	6784997	19017
chr2	6765980	6965980	harbor1	chr2	6785072	6785549	LTR/ERVL	2111	-	238	6785310	19330
chr2	6765980	6965980	harbor1	chr2	6820404	6820793	LTR/ERVL	2737	-	194	6820598	54618
chr2	70771209	70971209	harbor1	chr2	70796596	70796840	LTR/ERVL	450	-	122	70796718	25509
chr2	70771209	70971209	harbor1	chr2	70829198	70829694	LTR/ERVL	2414	-	248	70829446	58237
chr2	85502856	85702856	harbor1	chr2	85533827	85533865	LTR/ERVL	887	-	19	85533846	30990
chr2	85502856	85702856	harbor1	chr2	85534157	85534426	LTR/ERVL	887	-	134	85534291	31435
chr2	85502856	85702856	harbor1	chr2	85534415	85534691	LTR/ERVL	1628	-	138	85534553	31697
chr2	26950239	27150239	harbor1	chr2	27041966	27042193	LTR/ERVL	623	-	114	27042080	91841
chr2	207668717	207868717	harbor1	chr2	207696751	207697282	LTR/ERVL	2558	-	266	207697017	28300
chr2	207668717	207868717	harbor1	chr2	207701635	207701797	LTR/ERVL	769	-	81	207701716	32999
chr2	207668717	207868717	harbor1	chr2	207702111	207702500	LTR/ERVL	1008	-	194	207702305	33588
chr2	207668717	207868717	harbor1	chr2	207702806	207702879	LTR/ERVL	1008	-	36	207702842	34125
chr2	219458026	219658026	harbor1	chr2	219534273	219534698	LTR/ERVL	1265	-	212	219534485	76459
chr2	1483290	1683290	harbor1	chr2	1514006	1514405	LTR/ERVL	894	-	200	1514206	30916
chr2	1483290	1683290	harbor1	chr2	1571998	1572189	LTR/ERVL	508	-	96	1572094	88804
chr2	53760159	53960159	harbor1	chr2	53819271	53820066	LTR/ERVL	2313	-	398	53819669	59510
chr2	70771799	70971799	harbor1	chr2	70796596	70796840	LTR/ERVL	450	-	122	70796718	24919
chr2	70771799	70971799	harbor1	chr2	70829198	70829694	LTR/ERVL	2414	-	248	70829446	57647
chr2	72787395	72987395	harbor1	chr2	72874821	72875363	LTR/ERVL	2138	-	271	72875092	87697
chr2	61788838	61988838	harbor1	chr2	61792410	61792737	LTR/ERVL	789	-	164	61792574	3736
chr2	61788838	61988838	harbor1	chr2	61808010	61808116	LTR/ERVL	447	-	53	61808063	19225
chr2	61788838	61988838	harbor1	chr2	61809547	61809620	LTR/ERVL	966	-	36	61809583	20745
chr2	61788838	61988838	harbor1	chr2	61810186	61810453	LTR/ERVL	966	-	134	61810320	21482
chr2	61788838	61988838	harbor1	chr2	61810760	61810964	LTR/ERVL	966	-	102	61810862	22024
chr2	26834370	27034370	harbor1	chr2	26853576	26853837	LTR/ERVL	1178	-	130	26853706	19336
chr2	26834370	27034370	harbor1	chr2	26854059	26854176	LTR/ERVL	717	-	58	26854117	19747
chr2	26834370	27034370	harbor1	chr2	26873763	26873944	LTR/ERVL	1289	-	90	26873853	39483
chr2	111924427	112124427	harbor1	chr2	111944517	111944867	LTR/ERVL	1978	-	175	111944692	20265
chr2	111924427	112124427	harbor1	chr2	111975771	111976277	LTR/ERVL	2376	-	253	111976024	51597
chr2	111924427	112124427	harbor1	chr2	111976283	111976522	LTR/ERVL	1543	-	120	111976403	51976
chr2	111924427	112124427	harbor1	chr2	111976572	111976599	LTR/ERVL	1543	-	14	111976586	52159
chr2	111924427	112124427	harbor1	chr2	111983930	111984411	LTR/ERVL	2120	-	240	111984170	59743
chr2	26403814	26603814	harbor1	chr2	26404200	26405320	LTR/ERVL	2981	-	560	26404760	946
chr2	120665083	120865083	harbor1	chr2	120713457	120713535	LTR/ERVL	519	-	39	120713496	48413
chr2	120665083	120865083	harbor1	chr2	120713994	120714328	LTR/ERVL	712	-	167	120714161	49078
chr2	120665083	120865083	harbor1	chr2	120759115	120759950	LTR/ERVL	4065	-	418	120759533	94450
chr2	70557451	70757451	harbor1	chr2	70590470	70590975	LTR/ERVL	1196	-	252	70590722	33271
chr2	70557451	70757451	harbor1	chr2	70592744	70593216	LTR/ERVL	695	-	236	70592980	35529
chr2	43987388	44187388	harbor1	chr2	44004533	44004957	LTR/ERVL	1371	-	212	44004745	17357
chr2	43987388	44187388	harbor1	chr2	44032655	44033080	LTR/ERVL	1291	-	212	44032867	45479
chr2	43987388	44187388	harbor1	chr2	44062359	44062515	LTR/ERVL	684	-	78	44062437	75049
chr2	43987388	44187388	harbor1	chr2	44062815	44062878	LTR/ERVL	684	-	32	44062847	75459
chr2	43987388	44187388	harbor1	chr2	44068664	44068818	LTR/ERVL	490	-	77	44068741	81353
chr2	43987388	44187388	harbor1	chr2	44068846	44069170	LTR/ERVL	1325	-	162	44069008	81620
chr2	127928563	128128563	harbor1	chr2	127943270	127943390	LTR/ERVL	756	-	60	127943330	14767
chr2	127928563	128128563	harbor1	chr2	127944973	127945227	LTR/ERVL	1069	-	127	127945100	16537
chr2	26950213	27150213	harbor1	chr2	27041966	27042193	LTR/ERVL	623	-	114	27042080	91867
chr2	26950376	27150376	harbor1	chr2	27041966	27042193	LTR/ERVL	623	-	114	27042080	91704
chr2	111955758	112155758	harbor1	chr2	111975771	111976277	LTR/ERVL	2376	-	253	111976024	20266
chr2	111955758	112155758	harbor1	chr2	111976283	111976522	LTR/ERVL	1543	-	120	111976403	20645
chr2	111955758	112155758	harbor1	chr2	111976572	111976599	LTR/ERVL	1543	-	14	111976586	20828
chr2	111955758	112155758	harbor1	chr2	111983930	111984411	LTR/ERVL	2120	-	240	111984170	28412
chr2	43055480	43255480	harbor1	chr2	43055731	43056140	LTR/ERVL	1051	-	204	43055935	455
chr2	43055480	43255480	harbor1	chr2	43118340	43118406	LTR/ERVL	1466	-	33	43118373	62893
chr2	43055480	43255480	harbor1	chr2	43118826	43118842	LTR/ERVL	1466	-	8	43118834	63354
chr2	43055480	43255480	harbor1	chr2	43118872	43119239	LTR/ERVL	1581	-	184	43119056	63576
chr2	32257033	32457033	harbor1	chr2	32331623	32331787	LTR/ERVL	1622	-	82	32331705	74672
chr2	32257033	32457033	harbor1	chr2	32332100	32332526	LTR/ERVL	1622	-	213	32332313	75280
chr2	26950221	27150221	harbor1	chr2	27041966	27042193	LTR/ERVL	623	-	114	27042080	91859
chr2	219458042	219658042	harbor1	chr2	219534273	219534698	LTR/ERVL	1265	-	212	219534485	76443
chr2	113484139	113684139	harbor1	chr2	113557927	113558086	LTR/ERVL	886	-	80	113558007	73868
chr2	113484139	113684139	harbor1	chr2	113557269	113557505	LTR/ERVL	1477	-	118	113557387	73248
chr2	218179133	218379133	harbor1	chr2	218211173	218211657	LTR/ERVL	831	-	242	218211415	32282
chr2	113484029	113684029	harbor1	chr2	113557927	113558086	LTR/ERVL	886	-	80	113558007	73978
chr2	113484029	113684029	harbor1	chr2	113557269	113557505	LTR/ERVL	1477	-	118	113557387	73358
chr2	219384924	219584924	harbor1	chr2	219394871	219394960	LTR/ERVL	2811	-	44	219394915	9991
chr2	219384924	219584924	harbor1	chr2	219395248	219395602	LTR/ERVL	2811	-	177	219395425	10501
chr2	42000972	42200972	harbor1	chr2	42074087	42074565	LTR/ERVL	1384	-	239	42074326	73354
chr2	26246137	26446137	harbor1	chr2	26333409	26333601	LTR/ERVL	653	-	96	26333505	87368
chr2	42069414	42269414	harbor1	chr2	42074087	42074565	LTR/ERVL	1384	-	239	42074326	4912
chr2	111023174	111223174	harbor1	chr2	111083268	111083834	LTR/ERVL	2190	-	283	111083551	60377
chr2	134566253	134766253	harbor1	chr2	134571531	134572102	LTR/ERVL	2944	-	286	134571817	5564
chr2	158868018	159068018	harbor1	chr2	158916068	158916292	LTR/ERVL	814	-	112	158916180	48162
chr2	158868018	159068018	harbor1	chr2	158933638	158933915	LTR/ERVL	975	-	138	158933776	65758
chr2	96174902	96374902	harbor1	chr2	96229340	96229517	LTR/ERVL	1881	-	88	96229428	54526
chr2	96174902	96374902	harbor1	chr2	96229833	96230234	LTR/ERVL	1881	-	200	96230033	55131
chr2	96174902	96374902	harbor1	chr2	96230235	96230799	LTR/ERVL	3283	-	282	96230517	55615
chr2	96174902	96374902	harbor1	chr2	96231461	96231790	LTR/ERVL	2036	-	164	96231625	56723
chr2	96174902	96374902	harbor1	chr2	96232464	96233225	LTR/ERVL	2730	-	380	96232844	57942
chr2	113484027	113684027	harbor1	chr2	113557927	113558086	LTR/ERVL	886	-	80	113558007	73980
chr2	113484027	113684027	harbor1	chr2	113557269	113557505	LTR/ERVL	1477	-	118	113557387	73360
chr2	26950215	27150215	harbor1	chr2	27041966	27042193	LTR/ERVL	623	-	114	27042080	91865
chr2	111955737	112155737	harbor1	chr2	111975771	111976277	LTR/ERVL	2376	-	253	111976024	20287
chr2	111955737	112155737	harbor1	chr2	111976283	111976522	LTR/ERVL	1543	-	120	111976403	20666
chr2	111955737	112155737	harbor1	chr2	111976572	111976599	LTR/ERVL	1543	-	14	111976586	20849
chr2	111955737	112155737	harbor1	chr2	111983930	111984411	LTR/ERVL	2120	-	240	111984170	28433
chr3	107991301	108191301	harbor1	chr3	107996217	107996750	LTR/ERVL	2977	-	266	107996483	5182
chr3	107991301	108191301	harbor1	chr3	108001414	108001504	LTR/ERVL	454	-	45	108001459	10158
chr3	107991372	108191372	harbor1	chr3	107996217	107996750	LTR/ERVL	2977	-	266	107996483	5111
chr3	107991372	108191372	harbor1	chr3	108001414	108001504	LTR/ERVL	454	-	45	108001459	10087
chr3	50017175	50217175	harbor1	chr3	50069005	50069198	LTR/ERVL	430	-	96	50069101	51926
chr3	107991276	108191276	harbor1	chr3	107996217	107996750	LTR/ERVL	2977	-	266	107996483	5207
chr3	107991276	108191276	harbor1	chr3	108001414	108001504	LTR/ERVL	454	-	45	108001459	10183
chr3	46799606	46999606	harbor1	chr3	46805998	46806342	LTR/ERVL	498	-	172	46806170	6564
chr3	46799606	46999606	harbor1	chr3	46813334	46815678	LTR/ERVL	20064	-	1172	46814506	14900
chr3	46799606	46999606	harbor1	chr3	46815981	46816108	LTR/ERVL	20064	-	64	46816045	16439
chr3	46799606	46999606	harbor1	chr3	46816109	46816554	LTR/ERVL	3363	-	222	46816331	16725
chr3	46799606	46999606	harbor1	chr3	46834473	46835025	LTR/ERVL	1957	-	276	46834749	35143
chr3	46799606	46999606	harbor1	chr3	46836002	46836082	LTR/ERVL	1957	-	40	46836042	36436
chr3	46799606	46999606	harbor1	chr3	46836619	46837458	LTR/ERVL	1957	-	420	46837039	37433
chr3	53988061	54188061	harbor1	chr3	54004545	54004940	LTR/ERVL	1880	-	198	54004743	16682
chr3	178972064	179172064	harbor1	chr3	178978314	178978731	LTR/ERVL	2383	-	208	178978522	6458
chr3	178972064	179172064	harbor1	chr3	178986324	178986348	LTR/ERVL	435	-	12	178986336	14272
chr3	178972064	179172064	harbor1	chr3	178986836	178986928	LTR/ERVL	435	-	46	178986882	14818
chr3	178972064	179172064	harbor1	chr3	178993092	178993509	LTR/ERVL	917	-	208	178993300	21236
chr3	51939471	52139471	harbor1	chr3	51953546	51953993	LTR/ERVL	1789	-	224	51953770	14299
chr3	51939531	52139531	harbor1	chr3	51953546	51953993	LTR/ERVL	1789	-	224	51953770	14239
chr3	107991344	108191344	harbor1	chr3	107996217	107996750	LTR/ERVL	2977	-	266	107996483	5139
chr3	107991344	108191344	harbor1	chr3	108001414	108001504	LTR/ERVL	454	-	45	108001459	10115
chr3	107991369	108191369	harbor1	chr3	107996217	107996750	LTR/ERVL	2977	-	266	107996483	5114
chr3	107991369	108191369	harbor1	chr3	108001414	108001504	LTR/ERVL	454	-	45	108001459	10090
chr3	127490205	127690205	harbor1	chr3	127539778	127539970	LTR/ERVL	488	-	96	127539874	49669
chr3	51884539	52084539	harbor1	chr3	51884665	51885160	LTR/ERVL	2624	-	248	51884913	374
chr3	51884539	52084539	harbor1	chr3	51887710	51887964	LTR/ERVL	861	-	127	51887837	3298
chr3	51884539	52084539	harbor1	chr3	51953546	51953993	LTR/ERVL	1789	-	224	51953770	69231
chr3	140272103	140472103	harbor1	chr3	140276488	140276662	LTR/ERVL	577	-	87	140276575	4472
chr3	140272103	140472103	harbor1	chr3	140276765	140276854	LTR/ERVL	577	-	44	140276809	4706
chr3	140272103	140472103	harbor1	chr3	140284941	140285122	LTR/ERVL	636	-	90	140285031	12928
chr3	140272103	140472103	harbor1	chr3	140300762	140301235	LTR/ERVL	2259	-	236	140300998	28895
chr3	140272103	140472103	harbor1	chr3	140330903	140331477	LTR/ERVL	2245	-	287	140331190	59087
chr3	140272103	140472103	harbor1	chr3	140353188	140353642	LTR/ERVL	2944	-	227	140353415	81312
chr3	143020785	143220785	harbor1	chr3	143084246	143084316	LTR/ERVL	3869	-	35	143084281	63496
chr3	143020785	143220785	harbor1	chr3	143084616	143085413	LTR/ERVL	3869	-	398	143085014	64229
chr3	107991302	108191302	harbor1	chr3	107996217	107996750	LTR/ERVL	2977	-	266	107996483	5181
chr3	107991302	108191302	harbor1	chr3	108001414	108001504	LTR/ERVL	454	-	45	108001459	10157
chr3	197859562	198059562	harbor1	chr3	197906522	197907751	LTR/ERVL	2469	-	614	197907136	47574
chr3	197859562	198059562	harbor1	chr3	197908922	197909169	LTR/ERVL	605	-	124	197909046	49484
chr3	197859562	198059562	harbor1	chr3	197957319	197957447	LTR/ERVL	451	-	64	197957383	97821
chr3	107991335	108191335	harbor1	chr3	107996217	107996750	LTR/ERVL	2977	-	266	107996483	5148
chr3	107991335	108191335	harbor1	chr3	108001414	108001504	LTR/ERVL	454	-	45	108001459	10124
chr3	7485739	7685739	harbor1	chr3	7536381	7536442	LTR/ERVL	408	-	30	7536411	50672
chr3	7485739	7685739	harbor1	chr3	7536958	7537053	LTR/ERVL	408	-	48	7537006	51267
chr3	43898752	44098752	harbor1	chr3	43898395	43898829	LTR/ERVL	1296	-	217	43898612	140
chr3	43898752	44098752	harbor1	chr3	43898830	43898928	LTR/ERVL	642	-	49	43898879	127
chr3	43898752	44098752	harbor1	chr3	43905490	43905631	LTR/ERVL	584	-	70	43905560	6808
chr3	43898752	44098752	harbor1	chr3	43906740	43907223	LTR/ERVL	1508	-	242	43906982	8230
chr3	43898752	44098752	harbor1	chr3	43908136	43908437	LTR/ERVL	598	-	150	43908286	9534
chr3	43898752	44098752	harbor1	chr3	43924653	43925454	LTR/ERVL	3446	-	400	43925053	26301
chr3	43898752	44098752	harbor1	chr3	43928028	43928382	LTR/ERVL	681	-	177	43928205	29453
chr3	43898752	44098752	harbor1	chr3	43948571	43948731	LTR/ERVL	401	-	80	43948651	49899
chr3	43898752	44098752	harbor1	chr3	43955637	43955909	LTR/ERVL	727	-	136	43955773	57021
chr3	43898752	44098752	harbor1	chr3	43956826	43957217	LTR/ERVL	953	-	196	43957022	58270
chr3	43898752	44098752	harbor1	chr3	43962047	43962424	LTR/ERVL	1206	-	188	43962235	63483
chr3	126256980	126456980	harbor1	chr3	126257994	126258341	LTR/ERVL	2207	-	174	126258168	1188
chr3	126256980	126456980	harbor1	chr3	126308113	126308447	LTR/ERVL	517	-	167	126308280	51300
chr3	51939509	52139509	harbor1	chr3	51953546	51953993	LTR/ERVL	1789	-	224	51953770	14261
chr3	107991385	108191385	harbor1	chr3	107996217	107996750	LTR/ERVL	2977	-	266	107996483	5098
chr3	107991385	108191385	harbor1	chr3	108001414	108001504	LTR/ERVL	454	-	45	108001459	10074
chr3	51939455	52139455	harbor1	chr3	51953546	51953993	LTR/ERVL	1789	-	224	51953770	14315
chr3	127572813	127772813	harbor1	chr3	127612971	127613359	LTR/ERVL	666	-	194	127613165	40352
chr3	127572813	127772813	harbor1	chr3	127642311	127642520	LTR/ERVL	447	-	104	127642415	69602
chr3	183820276	184020276	harbor1	chr3	183888548	183888791	LTR/ERVL	546	-	122	183888670	68394
chr3	107991358	108191358	harbor1	chr3	107996217	107996750	LTR/ERVL	2977	-	266	107996483	5125
chr3	107991358	108191358	harbor1	chr3	108001414	108001504	LTR/ERVL	454	-	45	108001459	10101
chr3	107991326	108191326	harbor1	chr3	107996217	107996750	LTR/ERVL	2977	-	266	107996483	5157
chr3	107991326	108191326	harbor1	chr3	108001414	108001504	LTR/ERVL	454	-	45	108001459	10133
chr3	126257099	126457099	harbor1	chr3	126257994	126258341	LTR/ERVL	2207	-	174	126258168	1069
chr3	126257099	126457099	harbor1	chr3	126308113	126308447	LTR/ERVL	517	-	167	126308280	51181
chr3	107991288	108191288	harbor1	chr3	107996217	107996750	LTR/ERVL	2977	-	266	107996483	5195
chr3	107991288	108191288	harbor1	chr3	108001414	108001504	LTR/ERVL	454	-	45	108001459	10171
chr3	107991382	108191382	harbor1	chr3	107996217	107996750	LTR/ERVL	2977	-	266	107996483	5101
chr3	107991382	108191382	harbor1	chr3	108001414	108001504	LTR/ERVL	454	-	45	108001459	10077
chr3	107991314	108191314	harbor1	chr3	107996217	107996750	LTR/ERVL	2977	-	266	107996483	5169
chr3	107991314	108191314	harbor1	chr3	108001414	108001504	LTR/ERVL	454	-	45	108001459	10145
chr3	107991379	108191379	harbor1	chr3	107996217	107996750	LTR/ERVL	2977	-	266	107996483	5104
chr3	107991379	108191379	harbor1	chr3	108001414	108001504	LTR/ERVL	454	-	45	108001459	10080
chr3	23710865	23910865	harbor1	chr3	23735815	23736290	LTR/ERVL	635	-	238	23736053	25188
chr3	4658451	4858451	harbor1	chr3	4679243	4679744	LTR/ERVL	2724	-	250	4679493	21042
chr3	107991341	108191341	harbor1	chr3	107996217	107996750	LTR/ERVL	2977	-	266	107996483	5142
chr3	107991341	108191341	harbor1	chr3	108001414	108001504	LTR/ERVL	454	-	45	108001459	10118
chr3	107991400	108191400	harbor1	chr3	107996217	107996750	LTR/ERVL	2977	-	266	107996483	5083
chr3	107991400	108191400	harbor1	chr3	108001414	108001504	LTR/ERVL	454	-	45	108001459	10059
chr3	129021178	129221178	harbor1	chr3	129077317	129077716	LTR/ERVL	1923	-	200	129077517	56339
chr3	107991325	108191325	harbor1	chr3	107996217	107996750	LTR/ERVL	2977	-	266	107996483	5158
chr3	107991325	108191325	harbor1	chr3	108001414	108001504	LTR/ERVL	454	-	45	108001459	10134
chr3	184216377	184416377	harbor1	chr3	184224068	184224115	LTR/ERVL	2580	-	24	184224092	7715
chr3	184216377	184416377	harbor1	chr3	184224166	184224645	LTR/ERVL	2580	-	240	184224406	8029
chr3	184216377	184416377	harbor1	chr3	184253054	184253208	LTR/ERVL	662	-	77	184253131	36754
chr3	123544722	123744722	harbor1	chr3	123597564	123597922	LTR/ERVL	857	-	179	123597743	53021
chr3	51939482	52139482	harbor1	chr3	51953546	51953993	LTR/ERVL	1789	-	224	51953770	14288
chr3	107991338	108191338	harbor1	chr3	107996217	107996750	LTR/ERVL	2977	-	266	107996483	5145
chr3	107991338	108191338	harbor1	chr3	108001414	108001504	LTR/ERVL	454	-	45	108001459	10121
chr3	107990780	108190780	harbor1	chr3	107996217	107996750	LTR/ERVL	2977	-	266	107996483	5703
chr3	107990780	108190780	harbor1	chr3	108001414	108001504	LTR/ERVL	454	-	45	108001459	10679
chr3	107991316	108191316	harbor1	chr3	107996217	107996750	LTR/ERVL	2977	-	266	107996483	5167
chr3	107991316	108191316	harbor1	chr3	108001414	108001504	LTR/ERVL	454	-	45	108001459	10143
chr3	123544636	123744636	harbor1	chr3	123597564	123597922	LTR/ERVL	857	-	179	123597743	53107
chr3	107991343	108191343	harbor1	chr3	107996217	107996750	LTR/ERVL	2977	-	266	107996483	5140
chr3	107991343	108191343	harbor1	chr3	108001414	108001504	LTR/ERVL	454	-	45	108001459	10116
chr3	126928935	127128935	harbor1	chr3	126964872	126965230	LTR/ERVL	598	-	179	126965051	36116
chr3	107991392	108191392	harbor1	chr3	107996217	107996750	LTR/ERVL	2977	-	266	107996483	5091
chr3	107991392	108191392	harbor1	chr3	108001414	108001504	LTR/ERVL	454	-	45	108001459	10067
chr3	47681953	47881953	harbor1	chr3	47722730	47723249	LTR/ERVL	1781	-	260	47722990	41037
chr3	107991320	108191320	harbor1	chr3	107996217	107996750	LTR/ERVL	2977	-	266	107996483	5163
chr3	107991320	108191320	harbor1	chr3	108001414	108001504	LTR/ERVL	454	-	45	108001459	10139
chr3	107991374	108191374	harbor1	chr3	107996217	107996750	LTR/ERVL	2977	-	266	107996483	5109
chr3	107991374	108191374	harbor1	chr3	108001414	108001504	LTR/ERVL	454	-	45	108001459	10085
chr3	51938202	52138202	harbor1	chr3	51953546	51953993	LTR/ERVL	1789	-	224	51953770	15568
chr3	127490203	127690203	harbor1	chr3	127539778	127539970	LTR/ERVL	488	-	96	127539874	49671
chr3	12958856	13158856	harbor1	chr3	13033465	13033952	LTR/ERVL	1559	-	244	13033709	74853
chr3	64289146	64489146	harbor1	chr3	64366424	64366764	LTR/ERVL	1891	-	170	64366594	77448
chr3	197859739	198059739	harbor1	chr3	197906522	197907751	LTR/ERVL	2469	-	614	197907136	47397
chr3	197859739	198059739	harbor1	chr3	197908922	197909169	LTR/ERVL	605	-	124	197909046	49307
chr3	197859739	198059739	harbor1	chr3	197957319	197957447	LTR/ERVL	451	-	64	197957383	97644
chr3	107991401	108191401	harbor1	chr3	107996217	107996750	LTR/ERVL	2977	-	266	107996483	5082
chr3	107991401	108191401	harbor1	chr3	108001414	108001504	LTR/ERVL	454	-	45	108001459	10058
chr3	107991291	108191291	harbor1	chr3	107996217	107996750	LTR/ERVL	2977	-	266	107996483	5192
chr3	107991291	108191291	harbor1	chr3	108001414	108001504	LTR/ERVL	454	-	45	108001459	10168
chr3	12867501	13067501	harbor1	chr3	12891370	12891936	LTR/ERVL	2327	-	283	12891653	24152
chr3	48890283	49090283	harbor1	chr3	48892425	48892858	LTR/ERVL	1905	-	216	48892641	2358
chr3	134227277	134427277	harbor1	chr3	134268665	134269101	LTR/ERVL	2455	-	218	134268883	41606
chr3	51859972	52059972	harbor1	chr3	51879989	51880146	LTR/ERVL	386	-	78	51880067	20095
chr3	51859972	52059972	harbor1	chr3	51880777	51881408	LTR/ERVL	1196	-	316	51881093	21121
chr3	51859972	52059972	harbor1	chr3	51884665	51885160	LTR/ERVL	2624	-	248	51884913	24941
chr3	51859972	52059972	harbor1	chr3	51887710	51887964	LTR/ERVL	861	-	127	51887837	27865
chr3	51859972	52059972	harbor1	chr3	51953546	51953993	LTR/ERVL	1789	-	224	51953770	93798
chr3	107991415	108191415	harbor1	chr3	107996217	107996750	LTR/ERVL	2977	-	266	107996483	5068
chr3	107991415	108191415	harbor1	chr3	108001414	108001504	LTR/ERVL	454	-	45	108001459	10044
chr3	23710941	23910941	harbor1	chr3	23735815	23736290	LTR/ERVL	635	-	238	23736053	25112
chr3	107991331	108191331	harbor1	chr3	107996217	107996750	LTR/ERVL	2977	-	266	107996483	5152
chr3	107991331	108191331	harbor1	chr3	108001414	108001504	LTR/ERVL	454	-	45	108001459	10128
chr3	123544621	123744621	harbor1	chr3	123597564	123597922	LTR/ERVL	857	-	179	123597743	53122
chr3	107991277	108191277	harbor1	chr3	107996217	107996750	LTR/ERVL	2977	-	266	107996483	5206
chr3	107991277	108191277	harbor1	chr3	108001414	108001504	LTR/ERVL	454	-	45	108001459	10182
chr3	126902408	127102408	harbor1	chr3	126964872	126965230	LTR/ERVL	598	-	179	126965051	62643
chr3	107991456	108191456	harbor1	chr3	107996217	107996750	LTR/ERVL	2977	-	266	107996483	5027
chr3	107991456	108191456	harbor1	chr3	108001414	108001504	LTR/ERVL	454	-	45	108001459	10003
chr3	48890178	49090178	harbor1	chr3	48892425	48892858	LTR/ERVL	1905	-	216	48892641	2463
chr3	51939510	52139510	harbor1	chr3	51953546	51953993	LTR/ERVL	1789	-	224	51953770	14260
chr3	129021082	129221082	harbor1	chr3	129077317	129077716	LTR/ERVL	1923	-	200	129077517	56435
chr3	107991375	108191375	harbor1	chr3	107996217	107996750	LTR/ERVL	2977	-	266	107996483	5108
chr3	107991375	108191375	harbor1	chr3	108001414	108001504	LTR/ERVL	454	-	45	108001459	10084
chr3	126888030	127088030	harbor1	chr3	126964872	126965230	LTR/ERVL	598	-	179	126965051	77021
chr3	23710436	23910436	harbor1	chr3	23735815	23736290	LTR/ERVL	635	-	238	23736053	25617
chr3	107991447	108191447	harbor1	chr3	107996217	107996750	LTR/ERVL	2977	-	266	107996483	5036
chr3	107991447	108191447	harbor1	chr3	108001414	108001504	LTR/ERVL	454	-	45	108001459	10012
chr3	52123183	52323183	harbor1	chr3	52176864	52177224	LTR/ERVL	539	-	180	52177044	53861
chr3	52123183	52323183	harbor1	chr3	52189149	52189496	LTR/ERVL	1667	-	174	52189323	66140
chr3	52123183	52323183	harbor1	chr3	52189772	52189837	LTR/ERVL	1667	-	32	52189804	66621
chr3	51939481	52139481	harbor1	chr3	51953546	51953993	LTR/ERVL	1789	-	224	51953770	14289
chr3	107991309	108191309	harbor1	chr3	107996217	107996750	LTR/ERVL	2977	-	266	107996483	5174
chr3	107991309	108191309	harbor1	chr3	108001414	108001504	LTR/ERVL	454	-	45	108001459	10150
chr3	51939504	52139504	harbor1	chr3	51953546	51953993	LTR/ERVL	1789	-	224	51953770	14266
chr3	51939448	52139448	harbor1	chr3	51953546	51953993	LTR/ERVL	1789	-	224	51953770	14322
chr3	129875059	130075059	harbor1	chr3	129896988	129897159	LTR/ERVL	798	-	86	129897074	22015
chr3	129875059	130075059	harbor1	chr3	129897165	129897381	LTR/ERVL	1300	-	108	129897273	22214
chr3	129875059	130075059	harbor1	chr3	129897383	129898018	LTR/ERVL	3723	-	318	129897701	22642
chr3	129875059	130075059	harbor1	chr3	129898001	129898480	LTR/ERVL	1779	-	240	129898241	23182
chr3	129875059	130075059	harbor1	chr3	129898484	129898811	LTR/ERVL	1426	-	164	129898648	23589
chr3	129875059	130075059	harbor1	chr3	129899104	129899192	LTR/ERVL	1426	-	44	129899148	24089
chr3	129875059	130075059	harbor1	chr3	129949110	129949332	LTR/ERVL	729	-	111	129949221	74162
chr3	129875059	130075059	harbor1	chr3	129971158	129971667	LTR/ERVL	2426	-	254	129971412	96353
chr3	129021083	129221083	harbor1	chr3	129077317	129077716	LTR/ERVL	1923	-	200	129077517	56434
chr3	51939511	52139511	harbor1	chr3	51953546	51953993	LTR/ERVL	1789	-	224	51953770	14259
chr3	127489843	127689843	harbor1	chr3	127539778	127539970	LTR/ERVL	488	-	96	127539874	50031
chr3	123349837	123549837	harbor1	chr3	123436969	123437462	LTR/ERVL	1652	-	246	123437215	87378
chr3	195920322	196120322	harbor1	chr3	195941094	195941667	LTR/ERVL	402	-	286	195941380	21058
chr3	195796157	195996157	harbor1	chr3	195825640	195826155	LTR/ERVL	1417	-	258	195825898	29741
chr3	195796157	195996157	harbor1	chr3	195851963	195852184	LTR/ERVL	538	-	110	195852073	55916
chr3	127560407	127760407	harbor1	chr3	127612971	127613359	LTR/ERVL	666	-	194	127613165	52758
chr3	127560407	127760407	harbor1	chr3	127642311	127642520	LTR/ERVL	447	-	104	127642415	82008
chr3	178972096	179172096	harbor1	chr3	178978314	178978731	LTR/ERVL	2383	-	208	178978522	6426
chr3	178972096	179172096	harbor1	chr3	178986324	178986348	LTR/ERVL	435	-	12	178986336	14240
chr3	178972096	179172096	harbor1	chr3	178986836	178986928	LTR/ERVL	435	-	46	178986882	14786
chr3	178972096	179172096	harbor1	chr3	178993092	178993509	LTR/ERVL	917	-	208	178993300	21204
chr4	582955	782955	harbor1	chr4	589018	589568	LTR/ERVL	2259	-	275	589293	6338
chr4	582955	782955	harbor1	chr4	639390	639688	LTR/ERVL	1404	-	149	639539	56584
chr4	582955	782955	harbor1	chr4	638670	639128	LTR/ERVL	1914	-	229	638899	55944
chr4	38767776	38967776	harbor1	chr4	38795627	38796011	LTR/ERVL	1314	-	192	38795819	28043
chr4	38767776	38967776	harbor1	chr4	38810055	38810524	LTR/ERVL	3001	-	234	38810289	42513
chr4	38767776	38967776	harbor1	chr4	38810525	38811385	LTR/ERVL	5749	-	430	38810955	43179
chr4	38767776	38967776	harbor1	chr4	38812009	38812116	LTR/ERVL	862	-	54	38812063	44287
chr4	551186	751186	harbor1	chr4	589018	589568	LTR/ERVL	2259	-	275	589293	38107
chr4	551186	751186	harbor1	chr4	639390	639688	LTR/ERVL	1404	-	149	639539	88353
chr4	551186	751186	harbor1	chr4	638670	639128	LTR/ERVL	1914	-	229	638899	87713
chr4	3569607	3769607	harbor1	chr4	3635388	3635608	LTR/ERVL	553	-	110	3635498	65891
chr4	3569607	3769607	harbor1	chr4	3635680	3636124	LTR/ERVL	2062	-	222	3635902	66295
chr4	3569607	3769607	harbor1	chr4	3636201	3636555	LTR/ERVL	1476	-	177	3636378	66771
chr4	3569607	3769607	harbor1	chr4	3646297	3646639	LTR/ERVL	560	-	171	3646468	76861
chr4	38573151	38773151	harbor1	chr4	38576522	38576877	LTR/ERVL	798	-	178	38576700	3549
chr4	38573151	38773151	harbor1	chr4	38577895	38578345	LTR/ERVL	2123	-	225	38578120	4969
chr4	158571219	158771219	harbor1	chr4	158579935	158580411	LTR/ERVL	1439	-	238	158580173	8954
chr4	158571219	158771219	harbor1	chr4	158588904	158588948	LTR/ERVL	483	-	22	158588926	17707
chr4	158571219	158771219	harbor1	chr4	158589306	158589633	LTR/ERVL	483	-	164	158589470	18251
chr4	158571219	158771219	harbor1	chr4	158656424	158656853	LTR/ERVL	918	-	214	158656638	85419
chr4	176095649	176295649	harbor1	chr4	176123271	176124044	LTR/ERVL	4087	-	386	176123657	28008
chr4	70739795	70939795	harbor1	chr4	70748519	70748935	LTR/ERVL	1444	-	208	70748727	8932
chr4	120822742	121022742	harbor1	chr4	120899572	120900452	LTR/ERVL	3785	-	440	120900012	77270
chr4	2361876	2561876	harbor1	chr4	2400517	2400947	LTR/ERVL	3082	-	215	2400732	38856
chr4	120821303	121021303	harbor1	chr4	120899572	120900452	LTR/ERVL	3785	-	440	120900012	78709
chr4	120822671	121022671	harbor1	chr4	120899572	120900452	LTR/ERVL	3785	-	440	120900012	77341
chr4	2317159	2517159	harbor1	chr4	2324066	2324362	LTR/ERVL	1496	-	148	2324214	7055
chr4	2317159	2517159	harbor1	chr4	2328694	2328788	LTR/ERVL	615	-	47	2328741	11582
chr4	2317159	2517159	harbor1	chr4	2351709	2351905	LTR/ERVL	912	-	98	2351807	34648
chr4	2317159	2517159	harbor1	chr4	2400517	2400947	LTR/ERVL	3082	-	215	2400732	83573
chr4	11269110	11469110	harbor1	chr4	11271049	11271603	LTR/ERVL	1710	-	277	11271326	2216
chr4	11269110	11469110	harbor1	chr4	11355888	11355954	LTR/ERVL	1235	-	33	11355921	86811
chr4	11269110	11469110	harbor1	chr4	11356322	11356676	LTR/ERVL	1235	-	177	11356499	87389
chr4	102919713	103119713	harbor1	chr4	102928614	102929174	LTR/ERVL	1824	-	280	102928894	9181
chr4	88671609	88871609	harbor1	chr4	88700655	88701078	LTR/ERVL	2255	-	212	88700867	29258
chr4	70739735	70939735	harbor1	chr4	70748519	70748935	LTR/ERVL	1444	-	208	70748727	8992
chr4	98160943	98360943	harbor1	chr4	98165580	98165610	LTR/ERVL	990	-	15	98165595	4652
chr4	98160943	98360943	harbor1	chr4	98165681	98165899	LTR/ERVL	990	-	109	98165790	4847
chr4	98160943	98360943	harbor1	chr4	98181784	98182315	LTR/ERVL	2919	-	266	98182050	21107
chr4	187835400	188035400	harbor1	chr4	187851069	187851400	LTR/ERVL	1816	-	166	187851235	15835
chr4	2363070	2563070	harbor1	chr4	2400517	2400947	LTR/ERVL	3082	-	215	2400732	37662
chr4	2151076	2351076	harbor1	chr4	2215354	2215633	LTR/ERVL	535	-	140	2215494	64418
chr4	2151076	2351076	harbor1	chr4	2215702	2217311	LTR/ERVL	3832	-	804	2216506	65430
chr4	2151076	2351076	harbor1	chr4	2217386	2217932	LTR/ERVL	1013	-	273	2217659	66583
chr4	2151076	2351076	harbor1	chr4	2218456	2219453	LTR/ERVL	2325	-	498	2218954	67878
chr4	2151076	2351076	harbor1	chr4	2219474	2220064	LTR/ERVL	2152	-	295	2219769	68693
chr4	2151076	2351076	harbor1	chr4	2222624	2222987	LTR/ERVL	1030	-	182	2222806	71730
chr4	2363106	2563106	harbor1	chr4	2400517	2400947	LTR/ERVL	3082	-	215	2400732	37626
chr4	3569499	3769499	harbor1	chr4	3635388	3635608	LTR/ERVL	553	-	110	3635498	65999
chr4	3569499	3769499	harbor1	chr4	3635680	3636124	LTR/ERVL	2062	-	222	3635902	66403
chr4	3569499	3769499	harbor1	chr4	3636201	3636555	LTR/ERVL	1476	-	177	3636378	66879
chr4	3569499	3769499	harbor1	chr4	3646297	3646639	LTR/ERVL	560	-	171	3646468	76969
chr4	69927953	70127953	harbor1	chr4	69947660	69947905	LTR/ERVL	484	-	122	69947782	19829
chr4	69927953	70127953	harbor1	chr4	69948194	69948730	LTR/ERVL	484	-	268	69948462	20509
chr4	69927953	70127953	harbor1	chr4	69988316	69988876	LTR/ERVL	1699	-	280	69988596	60643
chr4	120822652	121022652	harbor1	chr4	120899572	120900452	LTR/ERVL	3785	-	440	120900012	77360
chr4	1349026	1549026	harbor1	chr4	1373189	1373540	LTR/ERVL	2288	-	176	1373365	24339
chr4	6810085	7010085	harbor1	chr4	6877438	6877888	LTR/ERVL	3536	-	225	6877663	67578
chr4	6810085	7010085	harbor1	chr4	6877889	6878093	LTR/ERVL	3897	-	102	6877991	67906
chr4	6810085	7010085	harbor1	chr4	6878432	6878769	LTR/ERVL	3897	-	168	6878600	68515
chr4	86404939	86604939	harbor1	chr4	86406627	86407155	LTR/ERVL	1975	-	264	86406891	1952
chr4	86404939	86604939	harbor1	chr4	86438352	86438407	LTR/ERVL	773	-	28	86438380	33441
chr4	86404939	86604939	harbor1	chr4	86438708	86439033	LTR/ERVL	773	-	162	86438870	33931
chr4	86404939	86604939	harbor1	chr4	86451500	86451825	LTR/ERVL	520	-	162	86451662	46723
chr4	86404939	86604939	harbor1	chr4	86491163	86491575	LTR/ERVL	1112	-	206	86491369	86430
chr4	1756089	1956089	harbor1	chr4	1852047	1852606	LTR/ERVL	1031	-	280	1852327	96238
chr4	550827	750827	harbor1	chr4	589018	589568	LTR/ERVL	2259	-	275	589293	38466
chr4	550827	750827	harbor1	chr4	639390	639688	LTR/ERVL	1404	-	149	639539	88712
chr4	550827	750827	harbor1	chr4	638670	639128	LTR/ERVL	1914	-	229	638899	88072
chr4	8230062	8430062	harbor1	chr4	8249417	8249819	LTR/ERVL	1167	-	201	8249618	19556
chr4	8230062	8430062	harbor1	chr4	8261389	8261753	LTR/ERVL	1013	-	182	8261571	31509
chr4	8230062	8430062	harbor1	chr4	8316931	8317305	LTR/ERVL	591	-	187	8317118	87056
chr4	98145495	98345495	harbor1	chr4	98165580	98165610	LTR/ERVL	990	-	15	98165595	20100
chr4	98145495	98345495	harbor1	chr4	98165681	98165899	LTR/ERVL	990	-	109	98165790	20295
chr4	98145495	98345495	harbor1	chr4	98181784	98182315	LTR/ERVL	2919	-	266	98182050	36555
chr4	67487456	67687456	harbor1	chr4	67553677	67553795	LTR/ERVL	629	-	59	67553736	66280
chr4	67487456	67687456	harbor1	chr4	67572449	67572636	LTR/ERVL	698	-	94	67572543	85087
chr4	76846562	77046562	harbor1	chr4	76914751	76914786	LTR/ERVL	2868	-	18	76914769	68207
chr4	76846562	77046562	harbor1	chr4	76914812	76915192	LTR/ERVL	2868	-	190	76915002	68440
chr4	2314181	2514181	harbor1	chr4	2324066	2324362	LTR/ERVL	1496	-	148	2324214	10033
chr4	2314181	2514181	harbor1	chr4	2328694	2328788	LTR/ERVL	615	-	47	2328741	14560
chr4	2314181	2514181	harbor1	chr4	2351709	2351905	LTR/ERVL	912	-	98	2351807	37626
chr4	2314181	2514181	harbor1	chr4	2400517	2400947	LTR/ERVL	3082	-	215	2400732	86551
chr5	113414289	113614289	harbor1	chr5	113495325	113495510	LTR/ERVL	713	-	92	113495417	81128
chr5	113414289	113614289	harbor1	chr5	113496040	113496249	LTR/ERVL	713	-	104	113496144	81855
chr5	113414289	113614289	harbor1	chr5	113503991	113504090	LTR/ERVL	456	-	50	113504041	89752
chr5	113414289	113614289	harbor1	chr5	113504227	113504304	LTR/ERVL	456	-	38	113504265	89976
chr5	75136982	75336982	harbor1	chr5	75214892	75215403	LTR/ERVL	2108	-	256	75215148	78166
chr5	159190926	159390926	harbor1	chr5	159226731	159226974	LTR/ERVL	740	-	122	159226853	35927
chr5	159190926	159390926	harbor1	chr5	159227146	159227557	LTR/ERVL	1168	-	206	159227352	36426
chr5	159190926	159390926	harbor1	chr5	159233488	159233908	LTR/ERVL	1050	-	210	159233698	42772
chr5	159190926	159390926	harbor1	chr5	159233909	159234174	LTR/ERVL	1965	-	132	159234041	43115
chr5	159190926	159390926	harbor1	chr5	159236720	159237888	LTR/ERVL	23686	-	584	159237304	46378
chr5	159190926	159390926	harbor1	chr5	159237889	159238427	LTR/ERVL	1940	-	269	159238158	47232
chr5	159190926	159390926	harbor1	chr5	159234175	159236408	LTR/ERVL	23686	-	1116	159235291	44365
chr5	73350908	73550908	harbor1	chr5	73358508	73358774	LTR/ERVL	1094	-	133	73358641	7733
chr5	73350908	73550908	harbor1	chr5	73359108	73359305	LTR/ERVL	1094	-	98	73359206	8298
chr5	73350908	73550908	harbor1	chr5	73404056	73404156	LTR/ERVL	419	-	50	73404106	53198
chr5	73350908	73550908	harbor1	chr5	73411748	73412234	LTR/ERVL	1858	-	243	73411991	61083
chr5	135435228	135635228	harbor1	chr5	135502653	135503023	LTR/ERVL	729	-	185	135502838	67610
chr5	135435228	135635228	harbor1	chr5	135510905	135511338	LTR/ERVL	1846	-	216	135511121	75893
chr5	135435228	135635228	harbor1	chr5	135520152	135520926	LTR/ERVL	4512	-	387	135520539	85311
chr5	10337580	10537580	harbor1	chr5	10364267	10364413	LTR/ERVL	497	-	73	10364340	26760
chr5	10337580	10537580	harbor1	chr5	10364440	10364615	LTR/ERVL	471	-	88	10364528	26948
chr5	73350879	73550879	harbor1	chr5	73358508	73358774	LTR/ERVL	1094	-	133	73358641	7762
chr5	73350879	73550879	harbor1	chr5	73359108	73359305	LTR/ERVL	1094	-	98	73359206	8327
chr5	73350879	73550879	harbor1	chr5	73404056	73404156	LTR/ERVL	419	-	50	73404106	53227
chr5	73350879	73550879	harbor1	chr5	73411748	73412234	LTR/ERVL	1858	-	243	73411991	61112
chr5	10337987	10537987	harbor1	chr5	10364267	10364413	LTR/ERVL	497	-	73	10364340	26353
chr5	10337987	10537987	harbor1	chr5	10364440	10364615	LTR/ERVL	471	-	88	10364528	26541
chr5	10341875	10541875	harbor1	chr5	10364267	10364413	LTR/ERVL	497	-	73	10364340	22465
chr5	10341875	10541875	harbor1	chr5	10364440	10364615	LTR/ERVL	471	-	88	10364528	22653
chr5	73351482	73551482	harbor1	chr5	73358508	73358774	LTR/ERVL	1094	-	133	73358641	7159
chr5	73351482	73551482	harbor1	chr5	73359108	73359305	LTR/ERVL	1094	-	98	73359206	7724
chr5	73351482	73551482	harbor1	chr5	73404056	73404156	LTR/ERVL	419	-	50	73404106	52624
chr5	73351482	73551482	harbor1	chr5	73411748	73412234	LTR/ERVL	1858	-	243	73411991	60509
chr5	6723084	6923084	harbor1	chr5	6767825	6768053	LTR/ERVL	439	-	114	6767939	44855
chr5	6723084	6923084	harbor1	chr5	6768966	6769391	LTR/ERVL	1582	-	212	6769178	46094
chr5	134406378	134606378	harbor1	chr5	134417551	134417944	LTR/ERVL	1475	-	196	134417747	11369
chr5	134406378	134606378	harbor1	chr5	134486471	134486543	LTR/ERVL	1118	-	36	134486507	80129
chr5	134406378	134606378	harbor1	chr5	134487307	134487659	LTR/ERVL	1118	-	176	134487483	81105
chr5	157644323	157844323	harbor1	chr5	157685015	157685195	LTR/ERVL	729	-	90	157685105	40782
chr5	6533035	6733035	harbor1	chr5	6534032	6534147	LTR/ERVL	485	-	58	6534090	1055
chr5	6533035	6733035	harbor1	chr5	6536685	6537046	LTR/ERVL	420	-	180	6536865	3830
chr5	6533035	6733035	harbor1	chr5	6576953	6577322	LTR/ERVL	1787	-	184	6577137	44102
chr5	52688052	52888052	harbor1	chr5	52706689	52707158	LTR/ERVL	2747	-	234	52706923	18871
chr5	52688052	52888052	harbor1	chr5	52745285	52745728	LTR/ERVL	3226	-	222	52745507	57455
chr5	52688052	52888052	harbor1	chr5	52764531	52764961	LTR/ERVL	1945	-	215	52764746	76694
chr5	52688052	52888052	harbor1	chr5	52766522	52767079	LTR/ERVL	1986	-	278	52766800	78748
chr5	135919218	136119218	harbor1	chr5	135949352	135949942	LTR/ERVL	2518	-	295	135949647	30429
chr5	135919218	136119218	harbor1	chr5	135974575	135975006	LTR/ERVL	2164	-	216	135974791	55573
chr5	135919218	136119218	harbor1	chr5	135981816	135981958	LTR/ERVL	624	-	71	135981887	62669
chr5	135919218	136119218	harbor1	chr5	136004520	136004922	LTR/ERVL	1436	-	201	136004721	85503
chr5	10341914	10541914	harbor1	chr5	10364267	10364413	LTR/ERVL	497	-	73	10364340	22426
chr5	10341914	10541914	harbor1	chr5	10364440	10364615	LTR/ERVL	471	-	88	10364528	22614
chr5	73351497	73551497	harbor1	chr5	73358508	73358774	LTR/ERVL	1094	-	133	73358641	7144
chr5	73351497	73551497	harbor1	chr5	73359108	73359305	LTR/ERVL	1094	-	98	73359206	7709
chr5	73351497	73551497	harbor1	chr5	73404056	73404156	LTR/ERVL	419	-	50	73404106	52609
chr5	73351497	73551497	harbor1	chr5	73411748	73412234	LTR/ERVL	1858	-	243	73411991	60494
chr5	133502807	133702807	harbor1	chr5	133517573	133517608	LTR/ERVL	2122	-	18	133517591	14784
chr5	133502807	133702807	harbor1	chr5	133517634	133518080	LTR/ERVL	2122	-	223	133517857	15050
chr5	133502807	133702807	harbor1	chr5	133521916	133522143	LTR/ERVL	641	-	114	133522030	19223
chr5	73351070	73551070	harbor1	chr5	73358508	73358774	LTR/ERVL	1094	-	133	73358641	7571
chr5	73351070	73551070	harbor1	chr5	73359108	73359305	LTR/ERVL	1094	-	98	73359206	8136
chr5	73351070	73551070	harbor1	chr5	73404056	73404156	LTR/ERVL	419	-	50	73404106	53036
chr5	73351070	73551070	harbor1	chr5	73411748	73412234	LTR/ERVL	1858	-	243	73411991	60921
chr5	133905039	134105039	harbor1	chr5	133907824	133908018	LTR/ERVL	464	-	97	133907921	2882
chr5	133905039	134105039	harbor1	chr5	133911015	133911290	LTR/ERVL	1283	-	138	133911153	6114
chr5	133905039	134105039	harbor1	chr5	133937228	133937610	LTR/ERVL	947	-	191	133937419	32380
chr5	133905039	134105039	harbor1	chr5	133938145	133938253	LTR/ERVL	628	-	54	133938199	33160
chr5	133905039	134105039	harbor1	chr5	133939624	133939654	LTR/ERVL	955	-	15	133939639	34600
chr5	133905039	134105039	harbor1	chr5	133940399	133940651	LTR/ERVL	955	-	126	133940525	35486
chr5	133905039	134105039	harbor1	chr5	133940732	133941351	LTR/ERVL	1440	-	310	133941042	36003
chr5	154657232	154857232	harbor1	chr5	154728611	154729191	LTR/ERVL	2433	-	290	154728901	71669
chr5	154657232	154857232	harbor1	chr5	154729724	154729903	LTR/ERVL	668	-	90	154729814	72582
chr5	10341987	10541987	harbor1	chr5	10364267	10364413	LTR/ERVL	497	-	73	10364340	22353
chr5	10341987	10541987	harbor1	chr5	10364440	10364615	LTR/ERVL	471	-	88	10364528	22541
chr5	42324781	42524781	harbor1	chr5	42378226	42378508	LTR/ERVL	835	-	141	42378367	53586
chr5	42324781	42524781	harbor1	chr5	42381821	42382765	LTR/ERVL	2467	-	472	42382293	57512
chr5	42324781	42524781	harbor1	chr5	42382845	42383645	LTR/ERVL	2345	-	400	42383245	58464
chr5	42324781	42524781	harbor1	chr5	42383663	42384281	LTR/ERVL	1470	-	309	42383972	59191
chr5	42324781	42524781	harbor1	chr5	42384284	42384670	LTR/ERVL	1735	-	193	42384477	59696
chr5	42324781	42524781	harbor1	chr5	42389719	42390006	LTR/ERVL	641	-	144	42389863	65082
chr5	42324781	42524781	harbor1	chr5	42403219	42403681	LTR/ERVL	1577	-	231	42403450	78669
chr5	42324781	42524781	harbor1	chr5	42419297	42419663	LTR/ERVL	1729	-	183	42419480	94699
chr5	82647609	82847609	harbor1	chr5	82703975	82704478	LTR/ERVL	839	-	252	82704227	56618
chr5	82647609	82847609	harbor1	chr5	82704502	82705312	LTR/ERVL	2164	-	405	82704907	57298
chr5	82647609	82847609	harbor1	chr5	82707085	82707159	LTR/ERVL	1474	-	37	82707122	59513
chr5	82647609	82847609	harbor1	chr5	82707201	82707538	LTR/ERVL	1474	-	168	82707369	59760
chr5	82647609	82847609	harbor1	chr5	82722902	82723248	LTR/ERVL	1393	-	173	82723075	75466
chr5	82647609	82847609	harbor1	chr5	82723270	82723420	LTR/ERVL	581	-	75	82723345	75736
chr5	82647609	82847609	harbor1	chr5	82741119	82741328	LTR/ERVL	772	-	104	82741223	93614
chr5	82647609	82847609	harbor1	chr5	82705558	82706622	LTR/ERVL	1994	-	532	82706090	58481
chr5	132193610	132393610	harbor1	chr5	132277230	132277617	LTR/ERVL	2711	-	194	132277424	83814
chr5	132193610	132393610	harbor1	chr5	132277921	132277957	LTR/ERVL	2641	-	18	132277939	84329
chr5	132193610	132393610	harbor1	chr5	132281240	132281650	LTR/ERVL	2856	-	205	132281445	87835
chr5	132193610	132393610	harbor1	chr5	132281651	132283037	LTR/ERVL	36024	-	693	132282344	88734
chr5	132193610	132393610	harbor1	chr5	132285802	132287406	LTR/ERVL	36024	-	802	132286604	92994
chr5	132193610	132393610	harbor1	chr5	132287407	132287803	LTR/ERVL	2659	-	198	132287605	93995
chr5	132193610	132393610	harbor1	chr5	132283296	132285518	LTR/ERVL	36024	-	1111	132284407	90797
chr5	78410105	78610105	harbor1	chr5	78465705	78466061	LTR/ERVL	1156	-	178	78465883	55778
chr5	52688976	52888976	harbor1	chr5	52706689	52707158	LTR/ERVL	2747	-	234	52706923	17947
chr5	52688976	52888976	harbor1	chr5	52745285	52745728	LTR/ERVL	3226	-	222	52745507	56531
chr5	52688976	52888976	harbor1	chr5	52764531	52764961	LTR/ERVL	1945	-	215	52764746	75770
chr5	52688976	52888976	harbor1	chr5	52766522	52767079	LTR/ERVL	1986	-	278	52766800	77824
chr5	336002	536002	harbor1	chr5	337616	337877	LTR/ERVL	709	-	130	337746	1744
chr5	336002	536002	harbor1	chr5	337851	338050	LTR/ERVL	562	-	100	337951	1949
chr5	336002	536002	harbor1	chr5	370996	371301	LTR/ERVL	474	-	152	371148	35146
chr5	336002	536002	harbor1	chr5	380751	381303	LTR/ERVL	2588	-	276	381027	45025
chr5	79136023	79336023	harbor1	chr5	79156725	79156985	LTR/ERVL	587	-	130	79156855	20832
chr5	10151040	10351040	harbor1	chr5	10172884	10173052	LTR/ERVL	754	-	84	10172968	21928
chr5	10151040	10351040	harbor1	chr5	10201180	10201793	LTR/ERVL	1066	-	306	10201486	50446
chr5	10184091	10384091	harbor1	chr5	10201180	10201793	LTR/ERVL	1066	-	306	10201486	17395
chr5	10661221	10861221	harbor1	chr5	10661935	10662306	LTR/ERVL	1105	-	186	10662121	900
chr5	10661221	10861221	harbor1	chr5	10666868	10667493	LTR/ERVL	1769	-	312	10667180	5959
chr5	10661221	10861221	harbor1	chr5	10720183	10720334	LTR/ERVL	1173	-	76	10720259	59038
chr5	10661221	10861221	harbor1	chr5	10726670	10727197	LTR/ERVL	824	-	264	10726934	65713
chr5	52700111	52900111	harbor1	chr5	52706689	52707158	LTR/ERVL	2747	-	234	52706923	6812
chr5	52700111	52900111	harbor1	chr5	52745285	52745728	LTR/ERVL	3226	-	222	52745507	45396
chr5	52700111	52900111	harbor1	chr5	52764531	52764961	LTR/ERVL	1945	-	215	52764746	64635
chr5	52700111	52900111	harbor1	chr5	52766522	52767079	LTR/ERVL	1986	-	278	52766800	66689
chr5	52700111	52900111	harbor1	chr5	52791156	52791575	LTR/ERVL	712	-	210	52791366	91255
chr5	6533087	6733087	harbor1	chr5	6534032	6534147	LTR/ERVL	485	-	58	6534090	1003
chr5	6533087	6733087	harbor1	chr5	6536685	6537046	LTR/ERVL	420	-	180	6536865	3778
chr5	6533087	6733087	harbor1	chr5	6576953	6577322	LTR/ERVL	1787	-	184	6577137	44050
chr5	10333600	10533600	harbor1	chr5	10364267	10364413	LTR/ERVL	497	-	73	10364340	30740
chr5	10333600	10533600	harbor1	chr5	10364440	10364615	LTR/ERVL	471	-	88	10364528	30928
chr5	10341898	10541898	harbor1	chr5	10364267	10364413	LTR/ERVL	497	-	73	10364340	22442
chr5	10341898	10541898	harbor1	chr5	10364440	10364615	LTR/ERVL	471	-	88	10364528	22630
chr5	73350922	73550922	harbor1	chr5	73358508	73358774	LTR/ERVL	1094	-	133	73358641	7719
chr5	73350922	73550922	harbor1	chr5	73359108	73359305	LTR/ERVL	1094	-	98	73359206	8284
chr5	73350922	73550922	harbor1	chr5	73404056	73404156	LTR/ERVL	419	-	50	73404106	53184
chr5	73350922	73550922	harbor1	chr5	73411748	73412234	LTR/ERVL	1858	-	243	73411991	61069
chr5	10661144	10861144	harbor1	chr5	10661935	10662306	LTR/ERVL	1105	-	186	10662121	977
chr5	10661144	10861144	harbor1	chr5	10666868	10667493	LTR/ERVL	1769	-	312	10667180	6036
chr5	10661144	10861144	harbor1	chr5	10720183	10720334	LTR/ERVL	1173	-	76	10720259	59115
chr5	10661144	10861144	harbor1	chr5	10726670	10727197	LTR/ERVL	824	-	264	10726934	65790
chr5	10341940	10541940	harbor1	chr5	10364267	10364413	LTR/ERVL	497	-	73	10364340	22400
chr5	10341940	10541940	harbor1	chr5	10364440	10364615	LTR/ERVL	471	-	88	10364528	22588
chr5	10186534	10386534	harbor1	chr5	10201180	10201793	LTR/ERVL	1066	-	306	10201486	14952
chr5	10653254	10853254	harbor1	chr5	10661935	10662306	LTR/ERVL	1105	-	186	10662121	8867
chr5	10653254	10853254	harbor1	chr5	10666868	10667493	LTR/ERVL	1769	-	312	10667180	13926
chr5	10653254	10853254	harbor1	chr5	10720183	10720334	LTR/ERVL	1173	-	76	10720259	67005
chr5	10653254	10853254	harbor1	chr5	10726670	10727197	LTR/ERVL	824	-	264	10726934	73680
chr5	128994660	129194660	harbor1	chr5	128999806	128999982	LTR/ERVL	542	-	88	128999894	5234
chr5	128994660	129194660	harbor1	chr5	129000010	129000184	LTR/ERVL	422	-	87	129000097	5437
chr5	128994660	129194660	harbor1	chr5	129020690	129021305	LTR/ERVL	2075	-	308	129020998	26338
chr5	128994660	129194660	harbor1	chr5	129046158	129046759	LTR/ERVL	2228	-	300	129046458	51798
chr5	128994660	129194660	harbor1	chr5	129046760	129047102	LTR/ERVL	1225	-	171	129046931	52271
chr5	128994660	129194660	harbor1	chr5	129047116	129048271	LTR/ERVL	6429	-	578	129047694	53034
chr5	128994660	129194660	harbor1	chr5	129048271	129048886	LTR/ERVL	1960	-	308	129048579	53919
chr5	128994660	129194660	harbor1	chr5	129049544	129049859	LTR/ERVL	938	-	158	129049702	55042
chr5	128994660	129194660	harbor1	chr5	129049981	129050595	LTR/ERVL	1070	-	307	129050288	55628
chr5	128994660	129194660	harbor1	chr5	129090261	129091046	LTR/ERVL	1031	-	392	129090653	95993
chr5	128994660	129194660	harbor1	chr5	129088928	129090254	LTR/ERVL	2774	-	663	129089591	94931
chr5	72733843	72933843	harbor1	chr5	72754437	72754991	LTR/ERVL	1389	-	277	72754714	20871
chr5	72733843	72933843	harbor1	chr5	72762522	72763001	LTR/ERVL	1985	-	240	72762762	28919
chr5	72733843	72933843	harbor1	chr5	72769742	72770002	LTR/ERVL	818	-	130	72769872	36029
chr5	73307094	73507094	harbor1	chr5	73328738	73329014	LTR/ERVL	898	-	138	73328876	21782
chr5	73307094	73507094	harbor1	chr5	73346101	73346642	LTR/ERVL	2377	-	270	73346371	39277
chr5	73307094	73507094	harbor1	chr5	73348258	73348526	LTR/ERVL	1386	-	134	73348392	41298
chr5	73307094	73507094	harbor1	chr5	73358508	73358774	LTR/ERVL	1094	-	133	73358641	51547
chr5	73307094	73507094	harbor1	chr5	73359108	73359305	LTR/ERVL	1094	-	98	73359206	52112
chr5	73307094	73507094	harbor1	chr5	73404056	73404156	LTR/ERVL	419	-	50	73404106	97012
chr5	178132777	178332777	harbor1	chr5	178159248	178159596	LTR/ERVL	1763	-	174	178159422	26645
chr5	178132777	178332777	harbor1	chr5	178179579	178180372	LTR/ERVL	3661	-	396	178179975	47198
chr5	178132777	178332777	harbor1	chr5	178225678	178226074	LTR/ERVL	1444	-	198	178225876	93099
chr5	178132777	178332777	harbor1	chr5	178226365	178226881	LTR/ERVL	1507	-	258	178226623	93846
chr5	9289591	9489591	harbor1	chr5	9306636	9306751	LTR/ERVL	414	-	58	9306694	17103
chr5	9114312	9314312	harbor1	chr5	9183053	9183613	LTR/ERVL	943	-	280	9183333	69021
chr5	79136006	79336006	harbor1	chr5	79156725	79156985	LTR/ERVL	587	-	130	79156855	20849
chr5	75136482	75336482	harbor1	chr5	75214892	75215403	LTR/ERVL	2108	-	256	75215148	78666
chr5	10661132	10861132	harbor1	chr5	10661935	10662306	LTR/ERVL	1105	-	186	10662121	989
chr5	10661132	10861132	harbor1	chr5	10666868	10667493	LTR/ERVL	1769	-	312	10667180	6048
chr5	10661132	10861132	harbor1	chr5	10720183	10720334	LTR/ERVL	1173	-	76	10720259	59127
chr5	10661132	10861132	harbor1	chr5	10726670	10727197	LTR/ERVL	824	-	264	10726934	65802
chr5	10661219	10861219	harbor1	chr5	10661935	10662306	LTR/ERVL	1105	-	186	10662121	902
chr5	10661219	10861219	harbor1	chr5	10666868	10667493	LTR/ERVL	1769	-	312	10667180	5961
chr5	10661219	10861219	harbor1	chr5	10720183	10720334	LTR/ERVL	1173	-	76	10720259	59040
chr5	10661219	10861219	harbor1	chr5	10726670	10727197	LTR/ERVL	824	-	264	10726934	65715
chr5	10339138	10539138	harbor1	chr5	10364267	10364413	LTR/ERVL	497	-	73	10364340	25202
chr5	10339138	10539138	harbor1	chr5	10364440	10364615	LTR/ERVL	471	-	88	10364528	25390
chr5	73338840	73538840	harbor1	chr5	73346101	73346642	LTR/ERVL	2377	-	270	73346371	7531
chr5	73338840	73538840	harbor1	chr5	73348258	73348526	LTR/ERVL	1386	-	134	73348392	9552
chr5	73338840	73538840	harbor1	chr5	73358508	73358774	LTR/ERVL	1094	-	133	73358641	19801
chr5	73338840	73538840	harbor1	chr5	73359108	73359305	LTR/ERVL	1094	-	98	73359206	20366
chr5	73338840	73538840	harbor1	chr5	73404056	73404156	LTR/ERVL	419	-	50	73404106	65266
chr5	73338840	73538840	harbor1	chr5	73411748	73412234	LTR/ERVL	1858	-	243	73411991	73151
chr5	133511368	133711368	harbor1	chr5	133517573	133517608	LTR/ERVL	2122	-	18	133517591	6223
chr5	133511368	133711368	harbor1	chr5	133517634	133518080	LTR/ERVL	2122	-	223	133517857	6489
chr5	133511368	133711368	harbor1	chr5	133521916	133522143	LTR/ERVL	641	-	114	133522030	10662
chr5	135442075	135642075	harbor1	chr5	135502653	135503023	LTR/ERVL	729	-	185	135502838	60763
chr5	135442075	135642075	harbor1	chr5	135510905	135511338	LTR/ERVL	1846	-	216	135511121	69046
chr5	135442075	135642075	harbor1	chr5	135520152	135520926	LTR/ERVL	4512	-	387	135520539	78464
chr5	10338301	10538301	harbor1	chr5	10364267	10364413	LTR/ERVL	497	-	73	10364340	26039
chr5	10338301	10538301	harbor1	chr5	10364440	10364615	LTR/ERVL	471	-	88	10364528	26227
chr5	10339062	10539062	harbor1	chr5	10364267	10364413	LTR/ERVL	497	-	73	10364340	25278
chr5	10339062	10539062	harbor1	chr5	10364440	10364615	LTR/ERVL	471	-	88	10364528	25466
chr5	10338313	10538313	harbor1	chr5	10364267	10364413	LTR/ERVL	497	-	73	10364340	26027
chr5	10338313	10538313	harbor1	chr5	10364440	10364615	LTR/ERVL	471	-	88	10364528	26215
chr5	133482188	133682188	harbor1	chr5	133517573	133517608	LTR/ERVL	2122	-	18	133517591	35403
chr5	133482188	133682188	harbor1	chr5	133517634	133518080	LTR/ERVL	2122	-	223	133517857	35669
chr5	133482188	133682188	harbor1	chr5	133521916	133522143	LTR/ERVL	641	-	114	133522030	39842
chr5	9114417	9314417	harbor1	chr5	9183053	9183613	LTR/ERVL	943	-	280	9183333	68916
chr5	73351520	73551520	harbor1	chr5	73358508	73358774	LTR/ERVL	1094	-	133	73358641	7121
chr5	73351520	73551520	harbor1	chr5	73359108	73359305	LTR/ERVL	1094	-	98	73359206	7686
chr5	73351520	73551520	harbor1	chr5	73404056	73404156	LTR/ERVL	419	-	50	73404106	52586
chr5	73351520	73551520	harbor1	chr5	73411748	73412234	LTR/ERVL	1858	-	243	73411991	60471
chr5	171287852	171487852	harbor1	chr5	171351053	171351254	LTR/ERVL	606	-	100	171351153	63301
chr5	171287852	171487852	harbor1	chr5	171351556	171351910	LTR/ERVL	606	-	177	171351733	63881
chr5	171287852	171487852	harbor1	chr5	171352957	171353237	LTR/ERVL	891	-	140	171353097	65245
chr5	171287852	171487852	harbor1	chr5	171353421	171353649	LTR/ERVL	1948	-	114	171353535	65683
chr5	171287852	171487852	harbor1	chr5	171353953	171354062	LTR/ERVL	1948	-	54	171354007	66155
chr5	171287852	171487852	harbor1	chr5	171354125	171354247	LTR/ERVL	655	-	61	171354186	66334
chr5	171287852	171487852	harbor1	chr5	171354248	171354412	LTR/ERVL	938	-	82	171354330	66478
chr5	171287852	171487852	harbor1	chr5	171354413	171355015	LTR/ERVL	4919	-	301	171354714	66862
chr5	171287852	171487852	harbor1	chr5	171355316	171355749	LTR/ERVL	4919	-	216	171355532	67680
chr5	134460977	134660977	harbor1	chr5	134486471	134486543	LTR/ERVL	1118	-	36	134486507	25530
chr5	134460977	134660977	harbor1	chr5	134487307	134487659	LTR/ERVL	1118	-	176	134487483	26506
chr5	52700146	52900146	harbor1	chr5	52706689	52707158	LTR/ERVL	2747	-	234	52706923	6777
chr5	52700146	52900146	harbor1	chr5	52745285	52745728	LTR/ERVL	3226	-	222	52745507	45361
chr5	52700146	52900146	harbor1	chr5	52764531	52764961	LTR/ERVL	1945	-	215	52764746	64600
chr5	52700146	52900146	harbor1	chr5	52766522	52767079	LTR/ERVL	1986	-	278	52766800	66654
chr5	52700146	52900146	harbor1	chr5	52791156	52791575	LTR/ERVL	712	-	210	52791366	91220
chr5	73351488	73551488	harbor1	chr5	73358508	73358774	LTR/ERVL	1094	-	133	73358641	7153
chr5	73351488	73551488	harbor1	chr5	73359108	73359305	LTR/ERVL	1094	-	98	73359206	7718
chr5	73351488	73551488	harbor1	chr5	73404056	73404156	LTR/ERVL	419	-	50	73404106	52618
chr5	73351488	73551488	harbor1	chr5	73411748	73412234	LTR/ERVL	1858	-	243	73411991	60503
chr5	10341929	10541929	harbor1	chr5	10364267	10364413	LTR/ERVL	497	-	73	10364340	22411
chr5	10341929	10541929	harbor1	chr5	10364440	10364615	LTR/ERVL	471	-	88	10364528	22599
chr5	52700057	52900057	harbor1	chr5	52706689	52707158	LTR/ERVL	2747	-	234	52706923	6866
chr5	52700057	52900057	harbor1	chr5	52745285	52745728	LTR/ERVL	3226	-	222	52745507	45450
chr5	52700057	52900057	harbor1	chr5	52764531	52764961	LTR/ERVL	1945	-	215	52764746	64689
chr5	52700057	52900057	harbor1	chr5	52766522	52767079	LTR/ERVL	1986	-	278	52766800	66743
chr5	52700057	52900057	harbor1	chr5	52791156	52791575	LTR/ERVL	712	-	210	52791366	91309
chr5	73351609	73551609	harbor1	chr5	73358508	73358774	LTR/ERVL	1094	-	133	73358641	7032
chr5	73351609	73551609	harbor1	chr5	73359108	73359305	LTR/ERVL	1094	-	98	73359206	7597
chr5	73351609	73551609	harbor1	chr5	73404056	73404156	LTR/ERVL	419	-	50	73404106	52497
chr5	73351609	73551609	harbor1	chr5	73411748	73412234	LTR/ERVL	1858	-	243	73411991	60382
chr5	137653914	137853914	harbor1	chr5	137745577	137746091	LTR/ERVL	2562	-	257	137745834	91920
chr5	10661192	10861192	harbor1	chr5	10661935	10662306	LTR/ERVL	1105	-	186	10662121	929
chr5	10661192	10861192	harbor1	chr5	10666868	10667493	LTR/ERVL	1769	-	312	10667180	5988
chr5	10661192	10861192	harbor1	chr5	10720183	10720334	LTR/ERVL	1173	-	76	10720259	59067
chr5	10661192	10861192	harbor1	chr5	10726670	10727197	LTR/ERVL	824	-	264	10726934	65742
chr5	73345271	73545271	harbor1	chr5	73346101	73346642	LTR/ERVL	2377	-	270	73346371	1100
chr5	73345271	73545271	harbor1	chr5	73348258	73348526	LTR/ERVL	1386	-	134	73348392	3121
chr5	73345271	73545271	harbor1	chr5	73358508	73358774	LTR/ERVL	1094	-	133	73358641	13370
chr5	73345271	73545271	harbor1	chr5	73359108	73359305	LTR/ERVL	1094	-	98	73359206	13935
chr5	73345271	73545271	harbor1	chr5	73404056	73404156	LTR/ERVL	419	-	50	73404106	58835
chr5	73345271	73545271	harbor1	chr5	73411748	73412234	LTR/ERVL	1858	-	243	73411991	66720
chr5	73350862	73550862	harbor1	chr5	73358508	73358774	LTR/ERVL	1094	-	133	73358641	7779
chr5	73350862	73550862	harbor1	chr5	73359108	73359305	LTR/ERVL	1094	-	98	73359206	8344
chr5	73350862	73550862	harbor1	chr5	73404056	73404156	LTR/ERVL	419	-	50	73404106	53244
chr5	73350862	73550862	harbor1	chr5	73411748	73412234	LTR/ERVL	1858	-	243	73411991	61129
chr5	380511	580511	harbor1	chr5	380751	381303	LTR/ERVL	2588	-	276	381027	516
chr5	171287856	171487856	harbor1	chr5	171351053	171351254	LTR/ERVL	606	-	100	171351153	63297
chr5	171287856	171487856	harbor1	chr5	171351556	171351910	LTR/ERVL	606	-	177	171351733	63877
chr5	171287856	171487856	harbor1	chr5	171352957	171353237	LTR/ERVL	891	-	140	171353097	65241
chr5	171287856	171487856	harbor1	chr5	171353421	171353649	LTR/ERVL	1948	-	114	171353535	65679
chr5	171287856	171487856	harbor1	chr5	171353953	171354062	LTR/ERVL	1948	-	54	171354007	66151
chr5	171287856	171487856	harbor1	chr5	171354125	171354247	LTR/ERVL	655	-	61	171354186	66330
chr5	171287856	171487856	harbor1	chr5	171354248	171354412	LTR/ERVL	938	-	82	171354330	66474
chr5	171287856	171487856	harbor1	chr5	171354413	171355015	LTR/ERVL	4919	-	301	171354714	66858
chr5	171287856	171487856	harbor1	chr5	171355316	171355749	LTR/ERVL	4919	-	216	171355532	67676
chr5	73345492	73545492	harbor1	chr5	73346101	73346642	LTR/ERVL	2377	-	270	73346371	879
chr5	73345492	73545492	harbor1	chr5	73348258	73348526	LTR/ERVL	1386	-	134	73348392	2900
chr5	73345492	73545492	harbor1	chr5	73358508	73358774	LTR/ERVL	1094	-	133	73358641	13149
chr5	73345492	73545492	harbor1	chr5	73359108	73359305	LTR/ERVL	1094	-	98	73359206	13714
chr5	73345492	73545492	harbor1	chr5	73404056	73404156	LTR/ERVL	419	-	50	73404106	58614
chr5	73345492	73545492	harbor1	chr5	73411748	73412234	LTR/ERVL	1858	-	243	73411991	66499
chr5	73345455	73545455	harbor1	chr5	73346101	73346642	LTR/ERVL	2377	-	270	73346371	916
chr5	73345455	73545455	harbor1	chr5	73348258	73348526	LTR/ERVL	1386	-	134	73348392	2937
chr5	73345455	73545455	harbor1	chr5	73358508	73358774	LTR/ERVL	1094	-	133	73358641	13186
chr5	73345455	73545455	harbor1	chr5	73359108	73359305	LTR/ERVL	1094	-	98	73359206	13751
chr5	73345455	73545455	harbor1	chr5	73404056	73404156	LTR/ERVL	419	-	50	73404106	58651
chr5	73345455	73545455	harbor1	chr5	73411748	73412234	LTR/ERVL	1858	-	243	73411991	66536
chr5	9114300	9314300	harbor1	chr5	9183053	9183613	LTR/ERVL	943	-	280	9183333	69033
chr5	4423791	4623791	harbor1	chr5	4445661	4446128	LTR/ERVL	1351	-	234	4445895	22104
chr5	4423791	4623791	harbor1	chr5	4464134	4464291	LTR/ERVL	1172	-	78	4464212	40421
chr5	91002545	91202545	harbor1	chr5	91036933	91037433	LTR/ERVL	1950	-	250	91037183	34638
chr5	91002545	91202545	harbor1	chr5	91047272	91047722	LTR/ERVL	3171	-	225	91047497	44952
chr5	91002545	91202545	harbor1	chr5	91091619	91092014	LTR/ERVL	1752	-	198	91091817	89272
chr5	52700042	52900042	harbor1	chr5	52706689	52707158	LTR/ERVL	2747	-	234	52706923	6881
chr5	52700042	52900042	harbor1	chr5	52745285	52745728	LTR/ERVL	3226	-	222	52745507	45465
chr5	52700042	52900042	harbor1	chr5	52764531	52764961	LTR/ERVL	1945	-	215	52764746	64704
chr5	52700042	52900042	harbor1	chr5	52766522	52767079	LTR/ERVL	1986	-	278	52766800	66758
chr5	52700042	52900042	harbor1	chr5	52791156	52791575	LTR/ERVL	712	-	210	52791366	91324
chr6	7626958	7826958	harbor1	chr6	7641033	7641449	LTR/ERVL	1757	-	208	7641241	14283
chr6	7626958	7826958	harbor1	chr6	7657086	7657402	LTR/ERVL	1030	-	158	7657244	30286
chr6	7626958	7826958	harbor1	chr6	7657457	7658716	LTR/ERVL	3310	-	630	7658087	31129
chr6	7626958	7826958	harbor1	chr6	7658711	7658889	LTR/ERVL	821	-	89	7658800	31842
chr6	7626958	7826958	harbor1	chr6	7659324	7659339	LTR/ERVL	821	-	8	7659332	32374
chr6	7626958	7826958	harbor1	chr6	7659641	7659730	LTR/ERVL	821	-	44	7659685	32727
chr6	7626958	7826958	harbor1	chr6	7659802	7661464	LTR/ERVL	3446	-	831	7660633	33675
chr6	7626958	7826958	harbor1	chr6	7667339	7667528	LTR/ERVL	506	-	94	7667433	40475
chr6	147103351	147303351	harbor1	chr6	147147451	147147959	LTR/ERVL	1906	-	254	147147705	44354
chr6	7626630	7826630	harbor1	chr6	7641033	7641449	LTR/ERVL	1757	-	208	7641241	14611
chr6	7626630	7826630	harbor1	chr6	7657086	7657402	LTR/ERVL	1030	-	158	7657244	30614
chr6	7626630	7826630	harbor1	chr6	7657457	7658716	LTR/ERVL	3310	-	630	7658087	31457
chr6	7626630	7826630	harbor1	chr6	7658711	7658889	LTR/ERVL	821	-	89	7658800	32170
chr6	7626630	7826630	harbor1	chr6	7659324	7659339	LTR/ERVL	821	-	8	7659332	32702
chr6	7626630	7826630	harbor1	chr6	7659641	7659730	LTR/ERVL	821	-	44	7659685	33055
chr6	7626630	7826630	harbor1	chr6	7659802	7661464	LTR/ERVL	3446	-	831	7660633	34003
chr6	7626630	7826630	harbor1	chr6	7667339	7667528	LTR/ERVL	506	-	94	7667433	40803
chr6	124862322	125062322	harbor1	chr6	124950258	124950454	LTR/ERVL	511	-	98	124950356	88034
chr6	124862322	125062322	harbor1	chr6	124952087	124952619	LTR/ERVL	2734	-	266	124952353	90031
chr6	37070820	37270820	harbor1	chr6	37115502	37115720	LTR/ERVL	568	-	109	37115611	44791
chr6	37070820	37270820	harbor1	chr6	37123111	37123523	LTR/ERVL	578	-	206	37123317	52497
chr6	32869543	33069543	harbor1	chr6	32955144	32955258	LTR/ERVL	445	-	57	32955201	85658
chr6	28999817	29199817	harbor1	chr6	29038499	29039183	LTR/ERVL	1703	-	342	29038841	39024
chr6	28999817	29199817	harbor1	chr6	29096875	29097743	LTR/ERVL	4566	-	434	29097309	97492
chr6	37002540	37202540	harbor1	chr6	37006715	37007122	LTR/ERVL	1270	-	204	37006919	4379
chr6	7626969	7826969	harbor1	chr6	7641033	7641449	LTR/ERVL	1757	-	208	7641241	14272
chr6	7626969	7826969	harbor1	chr6	7657086	7657402	LTR/ERVL	1030	-	158	7657244	30275
chr6	7626969	7826969	harbor1	chr6	7657457	7658716	LTR/ERVL	3310	-	630	7658087	31118
chr6	7626969	7826969	harbor1	chr6	7658711	7658889	LTR/ERVL	821	-	89	7658800	31831
chr6	7626969	7826969	harbor1	chr6	7659324	7659339	LTR/ERVL	821	-	8	7659332	32363
chr6	7626969	7826969	harbor1	chr6	7659641	7659730	LTR/ERVL	821	-	44	7659685	32716
chr6	7626969	7826969	harbor1	chr6	7659802	7661464	LTR/ERVL	3446	-	831	7660633	33664
chr6	7626969	7826969	harbor1	chr6	7667339	7667528	LTR/ERVL	506	-	94	7667433	40464
chr6	139275442	139475442	harbor1	chr6	139355909	139356317	LTR/ERVL	2304	-	204	139356113	80671
chr6	139275442	139475442	harbor1	chr6	139357779	139358179	LTR/ERVL	1623	-	200	139357979	82537
chr6	89849514	90049514	harbor1	chr6	89880684	89881911	LTR/ERVL	4008	-	614	89881298	31784
chr6	89849514	90049514	harbor1	chr6	89884003	89884240	LTR/ERVL	631	-	118	89884121	34607
chr6	89849514	90049514	harbor1	chr6	89884512	89884610	LTR/ERVL	631	-	49	89884561	35047
chr6	89849514	90049514	harbor1	chr6	89882232	89882812	LTR/ERVL	1935	-	290	89882522	33008
chr6	45540929	45740929	harbor1	chr6	45628430	45628661	LTR/ERVL	837	-	116	45628546	87617
chr6	45540929	45740929	harbor1	chr6	45628707	45628912	LTR/ERVL	488	-	102	45628809	87880
chr6	45540929	45740929	harbor1	chr6	45629508	45629789	LTR/ERVL	1621	-	140	45629648	88719
chr6	45540929	45740929	harbor1	chr6	45630125	45630491	LTR/ERVL	1621	-	183	45630308	89379
chr6	41537009	41737009	harbor1	chr6	41538363	41538761	LTR/ERVL	1542	-	199	41538562	1553
chr6	41537009	41737009	harbor1	chr6	41614940	41615245	LTR/ERVL	834	-	152	41615092	78083
chr6	169864030	170064030	harbor1	chr6	169865173	169865576	LTR/ERVL	1140	-	202	169865375	1345
chr6	169864030	170064030	harbor1	chr6	169884447	169884920	LTR/ERVL	3129	-	236	169884683	20653
chr6	169864030	170064030	harbor1	chr6	169895324	169895706	LTR/ERVL	1633	-	191	169895515	31485
chr6	139275115	139475115	harbor1	chr6	139355909	139356317	LTR/ERVL	2304	-	204	139356113	80998
chr6	139275115	139475115	harbor1	chr6	139357779	139358179	LTR/ERVL	1623	-	200	139357979	82864
chr6	149350987	149550987	harbor1	chr6	149425423	149428295	LTR/ERVL	6417	-	1436	149426859	75872
chr6	149350987	149550987	harbor1	chr6	149428445	149429091	LTR/ERVL	1631	-	323	149428768	77781
chr6	149350987	149550987	harbor1	chr6	149440047	149440223	LTR/ERVL	500	-	88	149440135	89148
chr6	7626955	7826955	harbor1	chr6	7641033	7641449	LTR/ERVL	1757	-	208	7641241	14286
chr6	7626955	7826955	harbor1	chr6	7657086	7657402	LTR/ERVL	1030	-	158	7657244	30289
chr6	7626955	7826955	harbor1	chr6	7657457	7658716	LTR/ERVL	3310	-	630	7658087	31132
chr6	7626955	7826955	harbor1	chr6	7658711	7658889	LTR/ERVL	821	-	89	7658800	31845
chr6	7626955	7826955	harbor1	chr6	7659324	7659339	LTR/ERVL	821	-	8	7659332	32377
chr6	7626955	7826955	harbor1	chr6	7659641	7659730	LTR/ERVL	821	-	44	7659685	32730
chr6	7626955	7826955	harbor1	chr6	7659802	7661464	LTR/ERVL	3446	-	831	7660633	33678
chr6	7626955	7826955	harbor1	chr6	7667339	7667528	LTR/ERVL	506	-	94	7667433	40478
chr6	45540939	45740939	harbor1	chr6	45628430	45628661	LTR/ERVL	837	-	116	45628546	87607
chr6	45540939	45740939	harbor1	chr6	45628707	45628912	LTR/ERVL	488	-	102	45628809	87870
chr6	45540939	45740939	harbor1	chr6	45629508	45629789	LTR/ERVL	1621	-	140	45629648	88709
chr6	45540939	45740939	harbor1	chr6	45630125	45630491	LTR/ERVL	1621	-	183	45630308	89369
chr6	63473404	63673404	harbor1	chr6	63486345	63486674	LTR/ERVL	697	-	164	63486509	13105
chr6	63473404	63673404	harbor1	chr6	63487270	63487335	LTR/ERVL	570	-	32	63487302	13898
chr6	63473404	63673404	harbor1	chr6	63490751	63491135	LTR/ERVL	2068	-	192	63490943	17539
chr6	63473404	63673404	harbor1	chr6	63507080	63507599	LTR/ERVL	719	-	260	63507340	33936
chr6	63473404	63673404	harbor1	chr6	63566099	63566559	LTR/ERVL	2207	-	230	63566329	92925
chr6	139275101	139475101	harbor1	chr6	139355909	139356317	LTR/ERVL	2304	-	204	139356113	81012
chr6	139275101	139475101	harbor1	chr6	139357779	139358179	LTR/ERVL	1623	-	200	139357979	82878
chr6	169862720	170062720	harbor1	chr6	169865173	169865576	LTR/ERVL	1140	-	202	169865375	2655
chr6	169862720	170062720	harbor1	chr6	169884447	169884920	LTR/ERVL	3129	-	236	169884683	21963
chr6	169862720	170062720	harbor1	chr6	169895324	169895706	LTR/ERVL	1633	-	191	169895515	32795
chr6	41091927	41291927	harbor1	chr6	41112854	41112888	LTR/ERVL	3011	-	17	41112871	20944
chr6	41091927	41291927	harbor1	chr6	41112973	41113360	LTR/ERVL	3011	-	194	41113167	21240
chr6	41091927	41291927	harbor1	chr6	41170286	41170372	LTR/ERVL	454	-	43	41170329	78402
chr6	41091927	41291927	harbor1	chr6	41186917	41187028	LTR/ERVL	642	-	56	41186973	95046
chr6	41091927	41291927	harbor1	chr6	41187716	41187970	LTR/ERVL	642	-	127	41187843	95916
chr6	139274669	139474669	harbor1	chr6	139355909	139356317	LTR/ERVL	2304	-	204	139356113	81444
chr6	139274669	139474669	harbor1	chr6	139357779	139358179	LTR/ERVL	1623	-	200	139357979	83310
chr6	45540991	45740991	harbor1	chr6	45628430	45628661	LTR/ERVL	837	-	116	45628546	87555
chr6	45540991	45740991	harbor1	chr6	45628707	45628912	LTR/ERVL	488	-	102	45628809	87818
chr6	45540991	45740991	harbor1	chr6	45629508	45629789	LTR/ERVL	1621	-	140	45629648	88657
chr6	45540991	45740991	harbor1	chr6	45630125	45630491	LTR/ERVL	1621	-	183	45630308	89317
chr6	37070848	37270848	harbor1	chr6	37115502	37115720	LTR/ERVL	568	-	109	37115611	44763
chr6	37070848	37270848	harbor1	chr6	37123111	37123523	LTR/ERVL	578	-	206	37123317	52469
chr6	139272471	139472471	harbor1	chr6	139355909	139356317	LTR/ERVL	2304	-	204	139356113	83642
chr6	139272471	139472471	harbor1	chr6	139357779	139358179	LTR/ERVL	1623	-	200	139357979	85508
chr6	35352657	35552657	harbor1	chr6	35415745	35415778	LTR/ERVL	1973	-	16	35415761	63104
chr6	35352657	35552657	harbor1	chr6	35415804	35416099	LTR/ERVL	1973	-	148	35415952	63295
chr6	35352657	35552657	harbor1	chr6	35416405	35416482	LTR/ERVL	1973	-	38	35416443	63786
chr6	35352657	35552657	harbor1	chr6	35428663	35428847	LTR/ERVL	508	-	92	35428755	76098
chr6	2665180	2865180	harbor1	chr6	2760280	2760501	LTR/ERVL	739	-	110	2760390	95210
chr6	167788720	167988720	harbor1	chr6	167802954	167803078	LTR/ERVL	516	-	62	167803016	14296
chr6	167788720	167988720	harbor1	chr6	167806203	167806622	LTR/ERVL	1491	-	210	167806413	17693
chr6	7623404	7823404	harbor1	chr6	7641033	7641449	LTR/ERVL	1757	-	208	7641241	17837
chr6	7623404	7823404	harbor1	chr6	7657086	7657402	LTR/ERVL	1030	-	158	7657244	33840
chr6	7623404	7823404	harbor1	chr6	7657457	7658716	LTR/ERVL	3310	-	630	7658087	34683
chr6	7623404	7823404	harbor1	chr6	7658711	7658889	LTR/ERVL	821	-	89	7658800	35396
chr6	7623404	7823404	harbor1	chr6	7659324	7659339	LTR/ERVL	821	-	8	7659332	35928
chr6	7623404	7823404	harbor1	chr6	7659641	7659730	LTR/ERVL	821	-	44	7659685	36281
chr6	7623404	7823404	harbor1	chr6	7659802	7661464	LTR/ERVL	3446	-	831	7660633	37229
chr6	7623404	7823404	harbor1	chr6	7667339	7667528	LTR/ERVL	506	-	94	7667433	44029
chr6	37070842	37270842	harbor1	chr6	37115502	37115720	LTR/ERVL	568	-	109	37115611	44769
chr6	37070842	37270842	harbor1	chr6	37123111	37123523	LTR/ERVL	578	-	206	37123317	52475
chr6	161052402	161252402	harbor1	chr6	161064844	161065278	LTR/ERVL	2056	-	217	161065061	12659
chr6	6446445	6646445	harbor1	chr6	6510562	6511041	LTR/ERVL	905	-	240	6510802	64357
chr6	6446445	6646445	harbor1	chr6	6511045	6511381	LTR/ERVL	1087	-	168	6511213	64768
chr6	6446445	6646445	harbor1	chr6	6511806	6512015	LTR/ERVL	561	-	104	6511910	65465
chr6	6446445	6646445	harbor1	chr6	6512313	6512892	LTR/ERVL	2175	-	290	6512603	66158
chr6	6446445	6646445	harbor1	chr6	6512909	6513116	LTR/ERVL	753	-	104	6513013	66568
chr6	6446445	6646445	harbor1	chr6	6525020	6525357	LTR/ERVL	905	-	168	6525188	78743
chr6	45533773	45733773	harbor1	chr6	45628430	45628661	LTR/ERVL	837	-	116	45628546	94773
chr6	45533773	45733773	harbor1	chr6	45628707	45628912	LTR/ERVL	488	-	102	45628809	95036
chr6	45533773	45733773	harbor1	chr6	45629508	45629789	LTR/ERVL	1621	-	140	45629648	95875
chr6	45533773	45733773	harbor1	chr6	45630125	45630491	LTR/ERVL	1621	-	183	45630308	96535
chr6	127167321	127367321	harbor1	chr6	127252574	127253082	LTR/ERVL	2904	-	254	127252828	85507
chr6	139275457	139475457	harbor1	chr6	139355909	139356317	LTR/ERVL	2304	-	204	139356113	80656
chr6	139275457	139475457	harbor1	chr6	139357779	139358179	LTR/ERVL	1623	-	200	139357979	82522
chr6	63473429	63673429	harbor1	chr6	63486345	63486674	LTR/ERVL	697	-	164	63486509	13080
chr6	63473429	63673429	harbor1	chr6	63487270	63487335	LTR/ERVL	570	-	32	63487302	13873
chr6	63473429	63673429	harbor1	chr6	63490751	63491135	LTR/ERVL	2068	-	192	63490943	17514
chr6	63473429	63673429	harbor1	chr6	63507080	63507599	LTR/ERVL	719	-	260	63507340	33911
chr6	63473429	63673429	harbor1	chr6	63566099	63566559	LTR/ERVL	2207	-	230	63566329	92900
chr6	7626967	7826967	harbor1	chr6	7641033	7641449	LTR/ERVL	1757	-	208	7641241	14274
chr6	7626967	7826967	harbor1	chr6	7657086	7657402	LTR/ERVL	1030	-	158	7657244	30277
chr6	7626967	7826967	harbor1	chr6	7657457	7658716	LTR/ERVL	3310	-	630	7658087	31120
chr6	7626967	7826967	harbor1	chr6	7658711	7658889	LTR/ERVL	821	-	89	7658800	31833
chr6	7626967	7826967	harbor1	chr6	7659324	7659339	LTR/ERVL	821	-	8	7659332	32365
chr6	7626967	7826967	harbor1	chr6	7659641	7659730	LTR/ERVL	821	-	44	7659685	32718
chr6	7626967	7826967	harbor1	chr6	7659802	7661464	LTR/ERVL	3446	-	831	7660633	33666
chr6	7626967	7826967	harbor1	chr6	7667339	7667528	LTR/ERVL	506	-	94	7667433	40466
chr6	139275547	139475547	harbor1	chr6	139355909	139356317	LTR/ERVL	2304	-	204	139356113	80566
chr6	139275547	139475547	harbor1	chr6	139357779	139358179	LTR/ERVL	1623	-	200	139357979	82432
chr6	139274614	139474614	harbor1	chr6	139355909	139356317	LTR/ERVL	2304	-	204	139356113	81499
chr6	139274614	139474614	harbor1	chr6	139357779	139358179	LTR/ERVL	1623	-	200	139357979	83365
chr6	43872397	44072397	harbor1	chr6	43880808	43881246	LTR/ERVL	1014	-	219	43881027	8630
chr6	37070850	37270850	harbor1	chr6	37115502	37115720	LTR/ERVL	568	-	109	37115611	44761
chr6	37070850	37270850	harbor1	chr6	37123111	37123523	LTR/ERVL	578	-	206	37123317	52467
chr6	139274583	139474583	harbor1	chr6	139355909	139356317	LTR/ERVL	2304	-	204	139356113	81530
chr6	139274583	139474583	harbor1	chr6	139357779	139358179	LTR/ERVL	1623	-	200	139357979	83396
chr6	37070872	37270872	harbor1	chr6	37115502	37115720	LTR/ERVL	568	-	109	37115611	44739
chr6	37070872	37270872	harbor1	chr6	37123111	37123523	LTR/ERVL	578	-	206	37123317	52445
chr6	37070838	37270838	harbor1	chr6	37115502	37115720	LTR/ERVL	568	-	109	37115611	44773
chr6	37070838	37270838	harbor1	chr6	37123111	37123523	LTR/ERVL	578	-	206	37123317	52479
chr6	33522113	33722113	harbor1	chr6	33567750	33568187	LTR/ERVL	867	-	218	33567968	45855
chr6	127167375	127367375	harbor1	chr6	127252574	127253082	LTR/ERVL	2904	-	254	127252828	85453
chr6	127167314	127367314	harbor1	chr6	127252574	127253082	LTR/ERVL	2904	-	254	127252828	85514
chr6	52184772	52384772	harbor1	chr6	52185129	52185339	LTR/ERVL	622	-	105	52185234	462
chr6	52184772	52384772	harbor1	chr6	52245089	52245913	LTR/ERVL	2287	-	412	52245501	60729
chr6	52184772	52384772	harbor1	chr6	52245999	52246104	LTR/ERVL	467	-	52	52246051	61279
chr6	169864008	170064008	harbor1	chr6	169865173	169865576	LTR/ERVL	1140	-	202	169865375	1367
chr6	169864008	170064008	harbor1	chr6	169884447	169884920	LTR/ERVL	3129	-	236	169884683	20675
chr6	169864008	170064008	harbor1	chr6	169895324	169895706	LTR/ERVL	1633	-	191	169895515	31507
chr6	139275131	139475131	harbor1	chr6	139355909	139356317	LTR/ERVL	2304	-	204	139356113	80982
chr6	139275131	139475131	harbor1	chr6	139357779	139358179	LTR/ERVL	1623	-	200	139357979	82848
chr6	127167318	127367318	harbor1	chr6	127252574	127253082	LTR/ERVL	2904	-	254	127252828	85510
chr6	45540956	45740956	harbor1	chr6	45628430	45628661	LTR/ERVL	837	-	116	45628546	87590
chr6	45540956	45740956	harbor1	chr6	45628707	45628912	LTR/ERVL	488	-	102	45628809	87853
chr6	45540956	45740956	harbor1	chr6	45629508	45629789	LTR/ERVL	1621	-	140	45629648	88692
chr6	45540956	45740956	harbor1	chr6	45630125	45630491	LTR/ERVL	1621	-	183	45630308	89352
chr6	45541064	45741064	harbor1	chr6	45628430	45628661	LTR/ERVL	837	-	116	45628546	87482
chr6	45541064	45741064	harbor1	chr6	45628707	45628912	LTR/ERVL	488	-	102	45628809	87745
chr6	45541064	45741064	harbor1	chr6	45629508	45629789	LTR/ERVL	1621	-	140	45629648	88584
chr6	45541064	45741064	harbor1	chr6	45630125	45630491	LTR/ERVL	1621	-	183	45630308	89244
chr6	30386552	30586552	harbor1	chr6	30391242	30391796	LTR/ERVL	1631	-	277	30391519	4967
chr6	30386552	30586552	harbor1	chr6	30429329	30430018	LTR/ERVL	2573	-	344	30429673	43121
chr6	30386552	30586552	harbor1	chr6	30446621	30446802	LTR/ERVL	780	-	90	30446711	60159
chr6	139275446	139475446	harbor1	chr6	139355909	139356317	LTR/ERVL	2304	-	204	139356113	80667
chr6	139275446	139475446	harbor1	chr6	139357779	139358179	LTR/ERVL	1623	-	200	139357979	82533
chr6	43738762	43938762	harbor1	chr6	43831697	43832005	LTR/ERVL	943	-	154	43831851	93089
chr6	127167369	127367369	harbor1	chr6	127252574	127253082	LTR/ERVL	2904	-	254	127252828	85459
chr6	45540952	45740952	harbor1	chr6	45628430	45628661	LTR/ERVL	837	-	116	45628546	87594
chr6	45540952	45740952	harbor1	chr6	45628707	45628912	LTR/ERVL	488	-	102	45628809	87857
chr6	45540952	45740952	harbor1	chr6	45629508	45629789	LTR/ERVL	1621	-	140	45629648	88696
chr6	45540952	45740952	harbor1	chr6	45630125	45630491	LTR/ERVL	1621	-	183	45630308	89356
chr6	37183201	37383201	harbor1	chr6	37201670	37202166	LTR/ERVL	1312	-	248	37201918	18717
chr6	37183201	37383201	harbor1	chr6	37247242	37247381	LTR/ERVL	1417	-	70	37247312	64111
chr6	37183201	37383201	harbor1	chr6	37247673	37247984	LTR/ERVL	1417	-	156	37247829	64628
chr6	37002552	37202552	harbor1	chr6	37006715	37007122	LTR/ERVL	1270	-	204	37006919	4367
chr6	30366711	30566711	harbor1	chr6	30379919	30380543	LTR/ERVL	1298	-	312	30380231	13520
chr6	30366711	30566711	harbor1	chr6	30391242	30391796	LTR/ERVL	1631	-	277	30391519	24808
chr6	30366711	30566711	harbor1	chr6	30429329	30430018	LTR/ERVL	2573	-	344	30429673	62962
chr6	30366711	30566711	harbor1	chr6	30446621	30446802	LTR/ERVL	780	-	90	30446711	80000
chr6	108461047	108661047	harbor1	chr6	108551217	108551365	LTR/ERVL	769	-	74	108551291	90244
chr6	27415396	27615396	harbor1	chr6	27431819	27432230	LTR/ERVL	1596	-	206	27432025	16629
chr6	27415396	27615396	harbor1	chr6	27512206	27512506	LTR/ERVL	1005	-	150	27512356	96960
chr6	27415396	27615396	harbor1	chr6	27513063	27513513	LTR/ERVL	736	-	225	27513288	97892
chr6	4751953	4951953	harbor1	chr6	4805441	4805951	LTR/ERVL	2333	-	255	4805696	53743
chr6	139275475	139475475	harbor1	chr6	139355909	139356317	LTR/ERVL	2304	-	204	139356113	80638
chr6	139275475	139475475	harbor1	chr6	139357779	139358179	LTR/ERVL	1623	-	200	139357979	82504
chr6	30366632	30566632	harbor1	chr6	30379919	30380543	LTR/ERVL	1298	-	312	30380231	13599
chr6	30366632	30566632	harbor1	chr6	30391242	30391796	LTR/ERVL	1631	-	277	30391519	24887
chr6	30366632	30566632	harbor1	chr6	30429329	30430018	LTR/ERVL	2573	-	344	30429673	63041
chr6	30366632	30566632	harbor1	chr6	30446621	30446802	LTR/ERVL	780	-	90	30446711	80079
chr6	139274465	139474465	harbor1	chr6	139355909	139356317	LTR/ERVL	2304	-	204	139356113	81648
chr6	139274465	139474465	harbor1	chr6	139357779	139358179	LTR/ERVL	1623	-	200	139357979	83514
chr6	52184695	52384695	harbor1	chr6	52185129	52185339	LTR/ERVL	622	-	105	52185234	539
chr6	52184695	52384695	harbor1	chr6	52245089	52245913	LTR/ERVL	2287	-	412	52245501	60806
chr6	52184695	52384695	harbor1	chr6	52245999	52246104	LTR/ERVL	467	-	52	52246051	61356
chr6	3749398	3949398	harbor1	chr6	3780366	3780583	LTR/ERVL	473	-	108	3780474	31076
chr6	150800581	151000581	harbor1	chr6	150848403	150848882	LTR/ERVL	1861	-	240	150848643	48062
chr6	31907277	32107277	harbor1	chr6	31916132	31916276	LTR/ERVL	1170	-	72	31916204	8927
chr6	31907277	32107277	harbor1	chr6	31916581	31916745	LTR/ERVL	1170	-	82	31916663	9386
chr6	31907277	32107277	harbor1	chr6	31921810	31922217	LTR/ERVL	1307	-	204	31922014	14737
chr6	147063104	147263104	harbor1	chr6	147100040	147100154	LTR/ERVL	591	-	57	147100097	36993
chr6	147063104	147263104	harbor1	chr6	147101583	147101870	LTR/ERVL	698	-	144	147101727	38623
chr6	147063104	147263104	harbor1	chr6	147102387	147102625	LTR/ERVL	585	-	119	147102506	39402
chr6	147063104	147263104	harbor1	chr6	147147451	147147959	LTR/ERVL	1906	-	254	147147705	84601
chr6	124862409	125062409	harbor1	chr6	124950258	124950454	LTR/ERVL	511	-	98	124950356	87947
chr6	124862409	125062409	harbor1	chr6	124952087	124952619	LTR/ERVL	2734	-	266	124952353	89944
chr6	169863974	170063974	harbor1	chr6	169865173	169865576	LTR/ERVL	1140	-	202	169865375	1401
chr6	169863974	170063974	harbor1	chr6	169884447	169884920	LTR/ERVL	3129	-	236	169884683	20709
chr6	169863974	170063974	harbor1	chr6	169895324	169895706	LTR/ERVL	1633	-	191	169895515	31541
chr6	146813086	147013086	harbor1	chr6	146830965	146831393	LTR/ERVL	2479	-	214	146831179	18093
chr6	146813086	147013086	harbor1	chr6	146850513	146850978	LTR/ERVL	843	-	232	146850745	37659
chr6	133853442	134053442	harbor1	chr6	133897351	133897493	LTR/ERVL	582	-	71	133897422	43980
chr6	133853442	134053442	harbor1	chr6	133897616	133898127	LTR/ERVL	1662	-	256	133897872	44430
chr6	133853442	134053442	harbor1	chr6	133920147	133920219	LTR/ERVL	513	-	36	133920183	66741
chr6	133853442	134053442	harbor1	chr6	133920527	133920721	LTR/ERVL	513	-	97	133920624	67182
chr6	133853442	134053442	harbor1	chr6	133920774	133921034	LTR/ERVL	710	-	130	133920904	67462
chr6	133853442	134053442	harbor1	chr6	133921338	133921577	LTR/ERVL	710	-	120	133921458	68016
chr6	133853442	134053442	harbor1	chr6	133944939	133945449	LTR/ERVL	1164	-	255	133945194	91752
chr6	133853442	134053442	harbor1	chr6	133946581	133948031	LTR/ERVL	5327	-	725	133947306	93864
chr6	133853442	134053442	harbor1	chr6	133948139	133948429	LTR/ERVL	761	-	145	133948284	94842
chr6	27415400	27615400	harbor1	chr6	27431819	27432230	LTR/ERVL	1596	-	206	27432025	16625
chr6	27415400	27615400	harbor1	chr6	27512206	27512506	LTR/ERVL	1005	-	150	27512356	96956
chr6	27415400	27615400	harbor1	chr6	27513063	27513513	LTR/ERVL	736	-	225	27513288	97888
chr6	41091934	41291934	harbor1	chr6	41112854	41112888	LTR/ERVL	3011	-	17	41112871	20937
chr6	41091934	41291934	harbor1	chr6	41112973	41113360	LTR/ERVL	3011	-	194	41113167	21233
chr6	41091934	41291934	harbor1	chr6	41170286	41170372	LTR/ERVL	454	-	43	41170329	78395
chr6	41091934	41291934	harbor1	chr6	41186917	41187028	LTR/ERVL	642	-	56	41186973	95039
chr6	41091934	41291934	harbor1	chr6	41187716	41187970	LTR/ERVL	642	-	127	41187843	95909
chr6	37070864	37270864	harbor1	chr6	37115502	37115720	LTR/ERVL	568	-	109	37115611	44747
chr6	37070864	37270864	harbor1	chr6	37123111	37123523	LTR/ERVL	578	-	206	37123317	52453
chr6	139275440	139475440	harbor1	chr6	139355909	139356317	LTR/ERVL	2304	-	204	139356113	80673
chr6	139275440	139475440	harbor1	chr6	139357779	139358179	LTR/ERVL	1623	-	200	139357979	82539
chr6	127167312	127367312	harbor1	chr6	127252574	127253082	LTR/ERVL	2904	-	254	127252828	85516
chr6	124862399	125062399	harbor1	chr6	124950258	124950454	LTR/ERVL	511	-	98	124950356	87957
chr6	124862399	125062399	harbor1	chr6	124952087	124952619	LTR/ERVL	2734	-	266	124952353	89954
chr6	169864066	170064066	harbor1	chr6	169865173	169865576	LTR/ERVL	1140	-	202	169865375	1309
chr6	169864066	170064066	harbor1	chr6	169884447	169884920	LTR/ERVL	3129	-	236	169884683	20617
chr6	169864066	170064066	harbor1	chr6	169895324	169895706	LTR/ERVL	1633	-	191	169895515	31449
chr6	37070857	37270857	harbor1	chr6	37115502	37115720	LTR/ERVL	568	-	109	37115611	44754
chr6	37070857	37270857	harbor1	chr6	37123111	37123523	LTR/ERVL	578	-	206	37123317	52460
chr6	139275439	139475439	harbor1	chr6	139355909	139356317	LTR/ERVL	2304	-	204	139356113	80674
chr6	139275439	139475439	harbor1	chr6	139357779	139358179	LTR/ERVL	1623	-	200	139357979	82540
chr6	37002937	37202937	harbor1	chr6	37006715	37007122	LTR/ERVL	1270	-	204	37006919	3982
chr6	139275169	139475169	harbor1	chr6	139355909	139356317	LTR/ERVL	2304	-	204	139356113	80944
chr6	139275169	139475169	harbor1	chr6	139357779	139358179	LTR/ERVL	1623	-	200	139357979	82810
chr6	139274579	139474579	harbor1	chr6	139355909	139356317	LTR/ERVL	2304	-	204	139356113	81534
chr6	139274579	139474579	harbor1	chr6	139357779	139358179	LTR/ERVL	1623	-	200	139357979	83400
chr6	11714941	11914941	harbor1	chr6	11752425	11752904	LTR/ERVL	927	-	240	11752665	37724
chr6	11714941	11914941	harbor1	chr6	11773301	11773717	LTR/ERVL	1137	-	208	11773509	58568
chr6	37070849	37270849	harbor1	chr6	37115502	37115720	LTR/ERVL	568	-	109	37115611	44762
chr6	37070849	37270849	harbor1	chr6	37123111	37123523	LTR/ERVL	578	-	206	37123317	52468
chr6	45540949	45740949	harbor1	chr6	45628430	45628661	LTR/ERVL	837	-	116	45628546	87597
chr6	45540949	45740949	harbor1	chr6	45628707	45628912	LTR/ERVL	488	-	102	45628809	87860
chr6	45540949	45740949	harbor1	chr6	45629508	45629789	LTR/ERVL	1621	-	140	45629648	88699
chr6	45540949	45740949	harbor1	chr6	45630125	45630491	LTR/ERVL	1621	-	183	45630308	89359
chr6	33104683	33304683	harbor1	chr6	33146138	33146419	LTR/ERVL	1454	-	140	33146278	41595
chr6	33104683	33304683	harbor1	chr6	33146477	33146869	LTR/ERVL	1943	-	196	33146673	41990
chr6	41832810	42032810	harbor1	chr6	41914030	41914441	LTR/ERVL	697	-	206	41914236	81426
chr6	18268218	18468218	harbor1	chr6	18291845	18291955	LTR/ERVL	683	-	55	18291900	23682
chr6	18268218	18468218	harbor1	chr6	18326996	18327474	LTR/ERVL	2767	-	239	18327235	59017
chr6	18268218	18468218	harbor1	chr6	18327577	18327779	LTR/ERVL	1080	-	101	18327678	59460
chr6	18268218	18468218	harbor1	chr6	18349428	18349614	LTR/ERVL	488	-	93	18349521	81303
chr6	18268218	18468218	harbor1	chr6	18267960	18268376	LTR/ERVL	1019	-	208	18268168	50
chr6	150800587	151000587	harbor1	chr6	150848403	150848882	LTR/ERVL	1861	-	240	150848643	48056
chr6	139275128	139475128	harbor1	chr6	139355909	139356317	LTR/ERVL	2304	-	204	139356113	80985
chr6	139275128	139475128	harbor1	chr6	139357779	139358179	LTR/ERVL	1623	-	200	139357979	82851
chr6	139275156	139475156	harbor1	chr6	139355909	139356317	LTR/ERVL	2304	-	204	139356113	80957
chr6	139275156	139475156	harbor1	chr6	139357779	139358179	LTR/ERVL	1623	-	200	139357979	82823
chr6	42647151	42847151	harbor1	chr6	42732720	42732947	LTR/ERVL	1120	-	114	42732834	85683
chr6	42647151	42847151	harbor1	chr6	42736012	42736253	LTR/ERVL	451	-	120	42736132	88981
chr6	41448352	41648352	harbor1	chr6	41538363	41538761	LTR/ERVL	1542	-	199	41538562	90210
chr6	36969380	37169380	harbor1	chr6	37001736	37002039	LTR/ERVL	590	-	152	37001888	32508
chr6	36969380	37169380	harbor1	chr6	37006715	37007122	LTR/ERVL	1270	-	204	37006919	37539
chr6	52184723	52384723	harbor1	chr6	52185129	52185339	LTR/ERVL	622	-	105	52185234	511
chr6	52184723	52384723	harbor1	chr6	52245089	52245913	LTR/ERVL	2287	-	412	52245501	60778
chr6	52184723	52384723	harbor1	chr6	52245999	52246104	LTR/ERVL	467	-	52	52246051	61328
chr6	7626959	7826959	harbor1	chr6	7641033	7641449	LTR/ERVL	1757	-	208	7641241	14282
chr6	7626959	7826959	harbor1	chr6	7657086	7657402	LTR/ERVL	1030	-	158	7657244	30285
chr6	7626959	7826959	harbor1	chr6	7657457	7658716	LTR/ERVL	3310	-	630	7658087	31128
chr6	7626959	7826959	harbor1	chr6	7658711	7658889	LTR/ERVL	821	-	89	7658800	31841
chr6	7626959	7826959	harbor1	chr6	7659324	7659339	LTR/ERVL	821	-	8	7659332	32373
chr6	7626959	7826959	harbor1	chr6	7659641	7659730	LTR/ERVL	821	-	44	7659685	32726
chr6	7626959	7826959	harbor1	chr6	7659802	7661464	LTR/ERVL	3446	-	831	7660633	33674
chr6	7626959	7826959	harbor1	chr6	7667339	7667528	LTR/ERVL	506	-	94	7667433	40474
chr6	3682582	3882582	harbor1	chr6	3780366	3780583	LTR/ERVL	473	-	108	3780474	97892
chr6	41460705	41660705	harbor1	chr6	41538363	41538761	LTR/ERVL	1542	-	199	41538562	77857
chr6	34138127	34338127	harbor1	chr6	34204903	34204926	LTR/ERVL	639	-	12	34204915	66788
chr6	34138127	34338127	harbor1	chr6	34205214	34205451	LTR/ERVL	639	-	118	34205332	67205
chr6	34138127	34338127	harbor1	chr6	34230971	34231337	LTR/ERVL	889	-	183	34231154	93027
chr6	34138127	34338127	harbor1	chr6	34231948	34232014	LTR/ERVL	889	-	33	34231981	93854
chr6	6446460	6646460	harbor1	chr6	6510562	6511041	LTR/ERVL	905	-	240	6510802	64342
chr6	6446460	6646460	harbor1	chr6	6511045	6511381	LTR/ERVL	1087	-	168	6511213	64753
chr6	6446460	6646460	harbor1	chr6	6511806	6512015	LTR/ERVL	561	-	104	6511910	65450
chr6	6446460	6646460	harbor1	chr6	6512313	6512892	LTR/ERVL	2175	-	290	6512603	66143
chr6	6446460	6646460	harbor1	chr6	6512909	6513116	LTR/ERVL	753	-	104	6513013	66553
chr6	6446460	6646460	harbor1	chr6	6525020	6525357	LTR/ERVL	905	-	168	6525188	78728
chr6	169863372	170063372	harbor1	chr6	169865173	169865576	LTR/ERVL	1140	-	202	169865375	2003
chr6	169863372	170063372	harbor1	chr6	169884447	169884920	LTR/ERVL	3129	-	236	169884683	21311
chr6	169863372	170063372	harbor1	chr6	169895324	169895706	LTR/ERVL	1633	-	191	169895515	32143
chr6	127167326	127367326	harbor1	chr6	127252574	127253082	LTR/ERVL	2904	-	254	127252828	85502
chr6	169864117	170064117	harbor1	chr6	169865173	169865576	LTR/ERVL	1140	-	202	169865375	1258
chr6	169864117	170064117	harbor1	chr6	169884447	169884920	LTR/ERVL	3129	-	236	169884683	20566
chr6	169864117	170064117	harbor1	chr6	169895324	169895706	LTR/ERVL	1633	-	191	169895515	31398
chr6	169811811	170011811	harbor1	chr6	169854788	169855175	LTR/ERVL	1655	-	194	169854982	43171
chr6	169811811	170011811	harbor1	chr6	169865173	169865576	LTR/ERVL	1140	-	202	169865375	53564
chr6	169811811	170011811	harbor1	chr6	169884447	169884920	LTR/ERVL	3129	-	236	169884683	72872
chr6	169811811	170011811	harbor1	chr6	169895324	169895706	LTR/ERVL	1633	-	191	169895515	83704
chr6	99421489	99621489	harbor1	chr6	99514062	99514502	LTR/ERVL	1313	-	220	99514282	92793
chr6	139274599	139474599	harbor1	chr6	139355909	139356317	LTR/ERVL	2304	-	204	139356113	81514
chr6	139274599	139474599	harbor1	chr6	139357779	139358179	LTR/ERVL	1623	-	200	139357979	83380
chr6	107718661	107918661	harbor1	chr6	107785241	107785689	LTR/ERVL	1703	-	224	107785465	66804
chr6	52184760	52384760	harbor1	chr6	52185129	52185339	LTR/ERVL	622	-	105	52185234	474
chr6	52184760	52384760	harbor1	chr6	52245089	52245913	LTR/ERVL	2287	-	412	52245501	60741
chr6	52184760	52384760	harbor1	chr6	52245999	52246104	LTR/ERVL	467	-	52	52246051	61291
chr6	7626659	7826659	harbor1	chr6	7641033	7641449	LTR/ERVL	1757	-	208	7641241	14582
chr6	7626659	7826659	harbor1	chr6	7657086	7657402	LTR/ERVL	1030	-	158	7657244	30585
chr6	7626659	7826659	harbor1	chr6	7657457	7658716	LTR/ERVL	3310	-	630	7658087	31428
chr6	7626659	7826659	harbor1	chr6	7658711	7658889	LTR/ERVL	821	-	89	7658800	32141
chr6	7626659	7826659	harbor1	chr6	7659324	7659339	LTR/ERVL	821	-	8	7659332	32673
chr6	7626659	7826659	harbor1	chr6	7659641	7659730	LTR/ERVL	821	-	44	7659685	33026
chr6	7626659	7826659	harbor1	chr6	7659802	7661464	LTR/ERVL	3446	-	831	7660633	33974
chr6	7626659	7826659	harbor1	chr6	7667339	7667528	LTR/ERVL	506	-	94	7667433	40774
chr6	7626996	7826996	harbor1	chr6	7641033	7641449	LTR/ERVL	1757	-	208	7641241	14245
chr6	7626996	7826996	harbor1	chr6	7657086	7657402	LTR/ERVL	1030	-	158	7657244	30248
chr6	7626996	7826996	harbor1	chr6	7657457	7658716	LTR/ERVL	3310	-	630	7658087	31091
chr6	7626996	7826996	harbor1	chr6	7658711	7658889	LTR/ERVL	821	-	89	7658800	31804
chr6	7626996	7826996	harbor1	chr6	7659324	7659339	LTR/ERVL	821	-	8	7659332	32336
chr6	7626996	7826996	harbor1	chr6	7659641	7659730	LTR/ERVL	821	-	44	7659685	32689
chr6	7626996	7826996	harbor1	chr6	7659802	7661464	LTR/ERVL	3446	-	831	7660633	33637
chr6	7626996	7826996	harbor1	chr6	7667339	7667528	LTR/ERVL	506	-	94	7667433	40437
chr6	149351042	149551042	harbor1	chr6	149425423	149428295	LTR/ERVL	6417	-	1436	149426859	75817
chr6	149351042	149551042	harbor1	chr6	149428445	149429091	LTR/ERVL	1631	-	323	149428768	77726
chr6	149351042	149551042	harbor1	chr6	149440047	149440223	LTR/ERVL	500	-	88	149440135	89093
chr6	146813048	147013048	harbor1	chr6	146830965	146831393	LTR/ERVL	2479	-	214	146831179	18131
chr6	146813048	147013048	harbor1	chr6	146850513	146850978	LTR/ERVL	843	-	232	146850745	37697
chr6	157938132	158138132	harbor1	chr6	157956263	157956467	LTR/ERVL	483	-	102	157956365	18233
chr6	157938132	158138132	harbor1	chr6	157956779	157956839	LTR/ERVL	483	-	30	157956809	18677
chr7	44439898	44639898	harbor1	chr7	44481255	44481609	LTR/ERVL	1271	-	177	44481432	41534
chr7	6087612	6287612	harbor1	chr7	6089337	6089475	LTR/ERVL	510	-	69	6089406	1794
chr7	6087612	6287612	harbor1	chr7	6094581	6094808	LTR/ERVL	954	-	114	6094695	7083
chr7	6087612	6287612	harbor1	chr7	6095088	6095387	LTR/ERVL	954	-	150	6095238	7626
chr7	6087612	6287612	harbor1	chr7	6095683	6095776	LTR/ERVL	954	-	46	6095729	8117
chr7	6087612	6287612	harbor1	chr7	6096061	6096155	LTR/ERVL	954	-	47	6096108	8496
chr7	6087612	6287612	harbor1	chr7	6130806	6131206	LTR/ERVL	1339	-	200	6131006	43394
chr7	72825086	73025086	harbor1	chr7	72921220	72921325	LTR/ERVL	534	-	52	72921272	96186
chr7	148600313	148800313	harbor1	chr7	148684221	148684562	LTR/ERVL	778	-	170	148684391	84078
chr7	26995062	27195062	harbor1	chr7	27041382	27041806	LTR/ERVL	1781	-	212	27041594	46532
chr7	1758857	1958857	harbor1	chr7	1758652	1758917	LTR/ERVL	605	-	132	1758784	73
chr7	1758857	1958857	harbor1	chr7	1759149	1759683	LTR/ERVL	567	-	267	1759416	559
chr7	148598238	148798238	harbor1	chr7	148684221	148684562	LTR/ERVL	778	-	170	148684391	86153
chr7	47228345	47428345	harbor1	chr7	47248701	47249159	LTR/ERVL	2489	-	229	47248930	20585
chr7	32628568	32828568	harbor1	chr7	32692564	32692771	LTR/ERVL	871	-	104	32692668	64100
chr7	32628568	32828568	harbor1	chr7	32693147	32693327	LTR/ERVL	871	-	90	32693237	64669
chr7	44506780	44706780	harbor1	chr7	44542566	44542695	LTR/ERVL	554	-	64	44542630	35850
chr7	44506780	44706780	harbor1	chr7	44596073	44596552	LTR/ERVL	2882	-	240	44596313	89533
chr7	26995617	27195617	harbor1	chr7	27041382	27041806	LTR/ERVL	1781	-	212	27041594	45977
chr7	97770965	97970965	harbor1	chr7	97776799	97777223	LTR/ERVL	1190	-	212	97777011	6046
chr7	853415	1053415	harbor1	chr7	867610	867866	LTR/ERVL	504	-	128	867738	14323
chr7	100027600	100227600	harbor1	chr7	100042393	100042683	LTR/ERVL	1313	-	145	100042538	14938
chr7	100027600	100227600	harbor1	chr7	100058143	100058565	LTR/ERVL	730	-	211	100058354	30754
chr7	100027600	100227600	harbor1	chr7	100065592	100066293	LTR/ERVL	608	-	350	100065942	38342
chr7	100027600	100227600	harbor1	chr7	100066411	100066449	LTR/ERVL	552	-	19	100066430	38830
chr7	100027600	100227600	harbor1	chr7	100067047	100067419	LTR/ERVL	552	-	186	100067233	39633
chr7	2562527	2762527	harbor1	chr7	2597004	2597439	LTR/ERVL	1004	-	218	2597222	34695
chr7	32307595	32507595	harbor1	chr7	32398690	32398909	LTR/ERVL	709	-	110	32398800	91205
chr7	32307595	32507595	harbor1	chr7	32402193	32402707	LTR/ERVL	3199	-	257	32402450	94855
chr7	142715604	142915604	harbor1	chr7	142719593	142719883	LTR/ERVL	2320	-	145	142719738	4134
chr7	142715604	142915604	harbor1	chr7	142720248	142720493	LTR/ERVL	2320	-	122	142720370	4766
chr7	142715604	142915604	harbor1	chr7	142728718	142729149	LTR/ERVL	1188	-	216	142728934	13330
chr7	142715604	142915604	harbor1	chr7	142741827	142742297	LTR/ERVL	2919	-	235	142742062	26458
chr7	20678248	20878248	harbor1	chr7	20688300	20688419	LTR/ERVL	1252	-	60	20688360	10112
chr7	20678248	20878248	harbor1	chr7	20689142	20689536	LTR/ERVL	1252	-	197	20689339	11091
chr7	20678248	20878248	harbor1	chr7	20689626	20689867	LTR/ERVL	672	-	120	20689746	11498
chr7	44506860	44706860	harbor1	chr7	44542566	44542695	LTR/ERVL	554	-	64	44542630	35770
chr7	44506860	44706860	harbor1	chr7	44596073	44596552	LTR/ERVL	2882	-	240	44596313	89453
chr7	100328345	100528345	harbor1	chr7	100364398	100364654	LTR/ERVL	1164	-	128	100364526	36181
chr7	100328345	100528345	harbor1	chr7	100368386	100368595	LTR/ERVL	1049	-	104	100368490	40145
chr7	100328345	100528345	harbor1	chr7	100368722	100368919	LTR/ERVL	1094	-	98	100368820	40475
chr7	100328345	100528345	harbor1	chr7	100369091	100369111	LTR/ERVL	1094	-	10	100369101	40756
chr7	100328345	100528345	harbor1	chr7	100370227	100370598	LTR/ERVL	1723	-	186	100370413	42068
chr7	100328345	100528345	harbor1	chr7	100370885	100370996	LTR/ERVL	1723	-	56	100370941	42596
chr7	44439822	44639822	harbor1	chr7	44481255	44481609	LTR/ERVL	1271	-	177	44481432	41610
chr7	14798299	14998299	harbor1	chr7	14849065	14849291	LTR/ERVL	960	-	113	14849178	50879
chr7	14798299	14998299	harbor1	chr7	14849632	14849895	LTR/ERVL	960	-	132	14849764	51465
chr7	26995486	27195486	harbor1	chr7	27041382	27041806	LTR/ERVL	1781	-	212	27041594	46108
chr7	47228395	47428395	harbor1	chr7	47248701	47249159	LTR/ERVL	2489	-	229	47248930	20535
chr7	90496291	90696291	harbor1	chr7	90500488	90500881	LTR/ERVL	1083	-	196	90500684	4393
chr7	90496291	90696291	harbor1	chr7	90536553	90537076	LTR/ERVL	1512	-	262	90536815	40524
chr7	139380111	139580111	harbor1	chr7	139443497	139443565	LTR/ERVL	1880	-	34	139443531	63420
chr7	139380111	139580111	harbor1	chr7	139443814	139444309	LTR/ERVL	1920	-	248	139444062	63951
chr7	92963	292963	harbor1	chr7	153889	154303	LTR/ERVL	681	-	207	154096	61133
chr7	100027650	100227650	harbor1	chr7	100042393	100042683	LTR/ERVL	1313	-	145	100042538	14888
chr7	100027650	100227650	harbor1	chr7	100058143	100058565	LTR/ERVL	730	-	211	100058354	30704
chr7	100027650	100227650	harbor1	chr7	100065592	100066293	LTR/ERVL	608	-	350	100065942	38292
chr7	100027650	100227650	harbor1	chr7	100066411	100066449	LTR/ERVL	552	-	19	100066430	38780
chr7	100027650	100227650	harbor1	chr7	100067047	100067419	LTR/ERVL	552	-	186	100067233	39583
chr7	44439887	44639887	harbor1	chr7	44481255	44481609	LTR/ERVL	1271	-	177	44481432	41545
chr7	858459	1058459	harbor1	chr7	867610	867866	LTR/ERVL	504	-	128	867738	9279
chr7	47228348	47428348	harbor1	chr7	47248701	47249159	LTR/ERVL	2489	-	229	47248930	20582
chr7	47228354	47428354	harbor1	chr7	47248701	47249159	LTR/ERVL	2489	-	229	47248930	20576
chr7	44506775	44706775	harbor1	chr7	44542566	44542695	LTR/ERVL	554	-	64	44542630	35855
chr7	44506775	44706775	harbor1	chr7	44596073	44596552	LTR/ERVL	2882	-	240	44596313	89538
chr7	128753811	128953811	harbor1	chr7	128822508	128822954	LTR/ERVL	1267	-	223	128822731	68920
chr7	127154041	127354041	harbor1	chr7	127211049	127211588	LTR/ERVL	2096	-	270	127211319	57278
chr7	26995599	27195599	harbor1	chr7	27041382	27041806	LTR/ERVL	1781	-	212	27041594	45995
chr7	104889111	105089111	harbor1	chr7	104914383	104914700	LTR/ERVL	998	-	158	104914541	25430
chr7	104889111	105089111	harbor1	chr7	104945915	104946010	LTR/ERVL	759	-	48	104945963	56852
chr7	104889111	105089111	harbor1	chr7	104946314	104946735	LTR/ERVL	759	-	210	104946524	57413
chr7	104889111	105089111	harbor1	chr7	104961500	104961517	LTR/ERVL	872	-	8	104961508	72397
chr7	104889111	105089111	harbor1	chr7	104961829	104962120	LTR/ERVL	872	-	146	104961975	72864
chr7	104889111	105089111	harbor1	chr7	104962161	104962328	LTR/ERVL	476	-	84	104962245	73134
chr7	104889111	105089111	harbor1	chr7	104963815	104964157	LTR/ERVL	2691	-	171	104963986	74875
chr7	6060378	6260378	harbor1	chr7	6068066	6068138	LTR/ERVL	882	-	36	6068102	7724
chr7	6060378	6260378	harbor1	chr7	6068458	6068490	LTR/ERVL	882	-	16	6068474	8096
chr7	6060378	6260378	harbor1	chr7	6068792	6069028	LTR/ERVL	882	-	118	6068910	8532
chr7	6060378	6260378	harbor1	chr7	6070524	6070565	LTR/ERVL	4940	-	20	6070544	10166
chr7	6060378	6260378	harbor1	chr7	6070880	6071626	LTR/ERVL	4940	-	373	6071253	10875
chr7	6060378	6260378	harbor1	chr7	6072694	6072790	LTR/ERVL	4940	-	48	6072742	12364
chr7	6060378	6260378	harbor1	chr7	6073101	6073177	LTR/ERVL	4940	-	38	6073139	12761
chr7	6060378	6260378	harbor1	chr7	6089337	6089475	LTR/ERVL	510	-	69	6089406	29028
chr7	6060378	6260378	harbor1	chr7	6094581	6094808	LTR/ERVL	954	-	114	6094695	34317
chr7	6060378	6260378	harbor1	chr7	6095088	6095387	LTR/ERVL	954	-	150	6095238	34860
chr7	6060378	6260378	harbor1	chr7	6095683	6095776	LTR/ERVL	954	-	46	6095729	35351
chr7	6060378	6260378	harbor1	chr7	6096061	6096155	LTR/ERVL	954	-	47	6096108	35730
chr7	6060378	6260378	harbor1	chr7	6130806	6131206	LTR/ERVL	1339	-	200	6131006	70628
chr7	102333429	102533429	harbor1	chr7	102386901	102387342	LTR/ERVL	579	-	220	102387121	53692
chr7	155282486	155482486	harbor1	chr7	155322392	155322836	LTR/ERVL	548	-	222	155322614	40128
chr7	155282486	155482486	harbor1	chr7	155356256	155356571	LTR/ERVL	1294	-	158	155356414	73928
chr7	44696529	44896529	harbor1	chr7	44778795	44779325	LTR/ERVL	2777	-	265	44779060	82531
chr7	44696529	44896529	harbor1	chr7	44783740	44783910	LTR/ERVL	631	-	85	44783825	87296
chr7	44439928	44639928	harbor1	chr7	44481255	44481609	LTR/ERVL	1271	-	177	44481432	41504
chr7	20551436	20751436	harbor1	chr7	20601282	20601720	LTR/ERVL	1721	-	219	20601501	50065
chr7	20551436	20751436	harbor1	chr7	20615552	20615582	LTR/ERVL	774	-	15	20615567	64131
chr7	20551436	20751436	harbor1	chr7	20615621	20615815	LTR/ERVL	774	-	97	20615718	64282
chr7	20551436	20751436	harbor1	chr7	20629074	20629145	LTR/ERVL	627	-	36	20629110	77674
chr7	20551436	20751436	harbor1	chr7	20629186	20629314	LTR/ERVL	627	-	64	20629250	77814
chr7	90142065	90342065	harbor1	chr7	90223141	90223659	LTR/ERVL	1858	-	259	90223400	81335
chr7	41380663	41580663	harbor1	chr7	41440819	41441270	LTR/ERVL	670	-	226	41441045	60382
chr7	155304444	155504444	harbor1	chr7	155322392	155322836	LTR/ERVL	548	-	222	155322614	18170
chr7	155304444	155504444	harbor1	chr7	155356256	155356571	LTR/ERVL	1294	-	158	155356414	51970
chr7	37817008	38017008	harbor1	chr7	37819588	37820034	LTR/ERVL	1221	-	223	37819811	2803
chr7	37817008	38017008	harbor1	chr7	37896320	37896554	LTR/ERVL	507	-	117	37896437	79429
chr7	21261819	21461819	harbor1	chr7	21275660	21276503	LTR/ERVL	2563	-	422	21276082	14263
chr7	90496236	90696236	harbor1	chr7	90500488	90500881	LTR/ERVL	1083	-	196	90500684	4448
chr7	90496236	90696236	harbor1	chr7	90536553	90537076	LTR/ERVL	1512	-	262	90536815	40579
chr7	150858477	151058477	harbor1	chr7	150874666	150874931	LTR/ERVL	619	-	132	150874798	16321
chr7	150858477	151058477	harbor1	chr7	150921698	150922095	LTR/ERVL	1046	-	198	150921896	63419
chr7	157236661	157436661	harbor1	chr7	157287667	157287702	LTR/ERVL	1493	-	18	157287685	51024
chr7	157236661	157436661	harbor1	chr7	157288736	157289148	LTR/ERVL	1493	-	206	157288942	52281
chr7	90496254	90696254	harbor1	chr7	90500488	90500881	LTR/ERVL	1083	-	196	90500684	4430
chr7	90496254	90696254	harbor1	chr7	90536553	90537076	LTR/ERVL	1512	-	262	90536815	40561
chr7	47228189	47428189	harbor1	chr7	47248701	47249159	LTR/ERVL	2489	-	229	47248930	20741
chr7	26994913	27194913	harbor1	chr7	27041382	27041806	LTR/ERVL	1781	-	212	27041594	46681
chr7	45871804	46071804	harbor1	chr7	45894628	45894896	LTR/ERVL	1873	-	134	45894762	22958
chr7	45871804	46071804	harbor1	chr7	45894891	45896733	LTR/ERVL	10703	-	921	45895812	24008
chr7	45871804	46071804	harbor1	chr7	45897317	45897723	LTR/ERVL	1938	-	203	45897520	25716
chr7	45871804	46071804	harbor1	chr7	45910670	45910712	LTR/ERVL	1162	-	21	45910691	38887
chr7	45871804	46071804	harbor1	chr7	45910850	45911222	LTR/ERVL	1162	-	186	45911036	39232
chr7	1312770	1512770	harbor1	chr7	1329131	1329447	LTR/ERVL	534	-	158	1329289	16519
chr7	1312770	1512770	harbor1	chr7	1408785	1409292	LTR/ERVL	1017	-	254	1409039	96269
chr7	44439932	44639932	harbor1	chr7	44481255	44481609	LTR/ERVL	1271	-	177	44481432	41500
chr7	127283483	127483483	harbor1	chr7	127318701	127319134	LTR/ERVL	3050	-	216	127318917	35434
chr7	127283483	127483483	harbor1	chr7	127346678	127347125	LTR/ERVL	1613	-	224	127346902	63419
chr7	25465106	25665106	harbor1	chr7	25467760	25467898	LTR/ERVL	631	-	69	25467829	2723
chr7	25465106	25665106	harbor1	chr7	25480263	25480580	LTR/ERVL	569	-	158	25480421	15315
chr7	25465106	25665106	harbor1	chr7	25482094	25482617	LTR/ERVL	2926	-	262	25482356	17250
chr7	25465106	25665106	harbor1	chr7	25490422	25490519	LTR/ERVL	484	-	48	25490470	25364
chr7	25465106	25665106	harbor1	chr7	25490706	25491206	LTR/ERVL	1818	-	250	25490956	25850
chr7	93685527	93885527	harbor1	chr7	93760478	93760726	LTR/ERVL	657	-	124	93760602	75075
chr7	93685527	93885527	harbor1	chr7	93761031	93761311	LTR/ERVL	657	-	140	93761171	75644
chr7	93685527	93885527	harbor1	chr7	93761560	93761866	LTR/ERVL	501	-	153	93761713	76186
chr7	93685527	93885527	harbor1	chr7	93762788	93762982	LTR/ERVL	924	-	97	93762885	77358
chr7	93685527	93885527	harbor1	chr7	93763203	93763816	LTR/ERVL	924	-	306	93763509	77982
chr7	93685527	93885527	harbor1	chr7	93773921	93774370	LTR/ERVL	535	-	224	93774145	88618
chr7	152754707	152954707	harbor1	chr7	152766085	152766591	LTR/ERVL	2270	-	253	152766338	11631
chr7	152754707	152954707	harbor1	chr7	152832498	152832546	LTR/ERVL	1169	-	24	152832522	77815
chr7	152754707	152954707	harbor1	chr7	152832662	152832989	LTR/ERVL	1450	-	164	152832826	78119
chr8	38169250	38369250	harbor1	chr8	38183977	38184184	LTR/ERVL	598	-	104	38184081	14831
chr8	38169250	38369250	harbor1	chr8	38184505	38184578	LTR/ERVL	598	-	36	38184541	15291
chr8	38169250	38369250	harbor1	chr8	38184609	38184807	LTR/ERVL	504	-	99	38184708	15458
chr8	38169250	38369250	harbor1	chr8	38224258	38224457	LTR/ERVL	2802	-	100	38224358	55108
chr8	38169250	38369250	harbor1	chr8	38224458	38224775	LTR/ERVL	1942	-	158	38224616	55366
chr8	38169250	38369250	harbor1	chr8	38225713	38227140	LTR/ERVL	8671	-	714	38226427	57177
chr8	38169250	38369250	harbor1	chr8	38227141	38227277	LTR/ERVL	794	-	68	38227209	57959
chr8	38169250	38369250	harbor1	chr8	38223631	38223951	LTR/ERVL	2802	-	160	38223791	54541
chr8	23428927	23628927	harbor1	chr8	23525765	23526229	LTR/ERVL	929	-	232	23525997	97070
chr8	124271348	124471348	harbor1	chr8	124288860	124289089	LTR/ERVL	781	-	114	124288974	17626
chr8	23428510	23628510	harbor1	chr8	23525765	23526229	LTR/ERVL	929	-	232	23525997	97487
chr8	23428925	23628925	harbor1	chr8	23525765	23526229	LTR/ERVL	929	-	232	23525997	97072
chr8	23428297	23628297	harbor1	chr8	23525765	23526229	LTR/ERVL	929	-	232	23525997	97700
chr8	142524992	142724992	harbor1	chr8	142606889	142607038	LTR/ERVL	445	-	74	142606963	81971
chr8	142524992	142724992	harbor1	chr8	142607706	142607930	LTR/ERVL	603	-	112	142607818	82826
chr8	23428962	23628962	harbor1	chr8	23525765	23526229	LTR/ERVL	929	-	232	23525997	97035
chr8	23428983	23628983	harbor1	chr8	23525765	23526229	LTR/ERVL	929	-	232	23525997	97014
chr8	17983945	18183945	harbor1	chr8	18030710	18031200	LTR/ERVL	1100	-	245	18030955	47010
chr8	17983945	18183945	harbor1	chr8	18054291	18054624	LTR/ERVL	849	-	166	18054457	70512
chr8	23428928	23628928	harbor1	chr8	23525765	23526229	LTR/ERVL	929	-	232	23525997	97069
chr8	23428391	23628391	harbor1	chr8	23525765	23526229	LTR/ERVL	929	-	232	23525997	97606
chr8	23428850	23628850	harbor1	chr8	23525765	23526229	LTR/ERVL	929	-	232	23525997	97147
chr8	23428493	23628493	harbor1	chr8	23525765	23526229	LTR/ERVL	929	-	232	23525997	97504
chr8	23428942	23628942	harbor1	chr8	23525765	23526229	LTR/ERVL	929	-	232	23525997	97055
chr8	23428811	23628811	harbor1	chr8	23525765	23526229	LTR/ERVL	929	-	232	23525997	97186
chr8	9314880	9514880	harbor1	chr8	9367814	9368246	LTR/ERVL	2554	-	216	9368030	53150
chr8	38169200	38369200	harbor1	chr8	38183977	38184184	LTR/ERVL	598	-	104	38184081	14881
chr8	38169200	38369200	harbor1	chr8	38184505	38184578	LTR/ERVL	598	-	36	38184541	15341
chr8	38169200	38369200	harbor1	chr8	38184609	38184807	LTR/ERVL	504	-	99	38184708	15508
chr8	38169200	38369200	harbor1	chr8	38224258	38224457	LTR/ERVL	2802	-	100	38224358	55158
chr8	38169200	38369200	harbor1	chr8	38224458	38224775	LTR/ERVL	1942	-	158	38224616	55416
chr8	38169200	38369200	harbor1	chr8	38225713	38227140	LTR/ERVL	8671	-	714	38226427	57227
chr8	38169200	38369200	harbor1	chr8	38227141	38227277	LTR/ERVL	794	-	68	38227209	58009
chr8	38169200	38369200	harbor1	chr8	38223631	38223951	LTR/ERVL	2802	-	160	38223791	54591
chr8	23428813	23628813	harbor1	chr8	23525765	23526229	LTR/ERVL	929	-	232	23525997	97184
chr8	21958007	22158007	harbor1	chr8	21978561	21979022	LTR/ERVL	1304	-	230	21978791	20784
chr8	21958007	22158007	harbor1	chr8	22014734	22015101	LTR/ERVL	1342	-	184	22014918	56911
chr8	23043892	23243892	harbor1	chr8	23094257	23094600	LTR/ERVL	493	-	172	23094429	50537
chr8	23043892	23243892	harbor1	chr8	23095521	23095711	LTR/ERVL	706	-	95	23095616	51724
chr8	23043892	23243892	harbor1	chr8	23097195	23097581	LTR/ERVL	1473	-	193	23097388	53496
chr8	23043892	23243892	harbor1	chr8	23097634	23097810	LTR/ERVL	754	-	88	23097722	53830
chr8	23043892	23243892	harbor1	chr8	23097904	23098334	LTR/ERVL	6241	-	215	23098119	54227
chr8	23043892	23243892	harbor1	chr8	23098749	23098985	LTR/ERVL	6241	-	118	23098867	54975
chr8	23043892	23243892	harbor1	chr8	23099261	23100145	LTR/ERVL	6241	-	442	23099703	55811
chr8	23043892	23243892	harbor1	chr8	23100904	23101598	LTR/ERVL	3045	-	347	23101251	57359
chr8	38168882	38368882	harbor1	chr8	38183977	38184184	LTR/ERVL	598	-	104	38184081	15199
chr8	38168882	38368882	harbor1	chr8	38184505	38184578	LTR/ERVL	598	-	36	38184541	15659
chr8	38168882	38368882	harbor1	chr8	38184609	38184807	LTR/ERVL	504	-	99	38184708	15826
chr8	38168882	38368882	harbor1	chr8	38224258	38224457	LTR/ERVL	2802	-	100	38224358	55476
chr8	38168882	38368882	harbor1	chr8	38224458	38224775	LTR/ERVL	1942	-	158	38224616	55734
chr8	38168882	38368882	harbor1	chr8	38225713	38227140	LTR/ERVL	8671	-	714	38226427	57545
chr8	38168882	38368882	harbor1	chr8	38227141	38227277	LTR/ERVL	794	-	68	38227209	58327
chr8	38168882	38368882	harbor1	chr8	38223631	38223951	LTR/ERVL	2802	-	160	38223791	54909
chr8	109366219	109566219	harbor1	chr8	109465301	109465712	LTR/ERVL	829	-	206	109465507	99288
chr8	23428529	23628529	harbor1	chr8	23525765	23526229	LTR/ERVL	929	-	232	23525997	97468
chr8	23428549	23628549	harbor1	chr8	23525765	23526229	LTR/ERVL	929	-	232	23525997	97448
chr8	23428888	23628888	harbor1	chr8	23525765	23526229	LTR/ERVL	929	-	232	23525997	97109
chr8	23428866	23628866	harbor1	chr8	23525765	23526229	LTR/ERVL	929	-	232	23525997	97131
chr8	23428871	23628871	harbor1	chr8	23525765	23526229	LTR/ERVL	929	-	232	23525997	97126
chr8	23428530	23628530	harbor1	chr8	23525765	23526229	LTR/ERVL	929	-	232	23525997	97467
chr8	38168620	38368620	harbor1	chr8	38183977	38184184	LTR/ERVL	598	-	104	38184081	15461
chr8	38168620	38368620	harbor1	chr8	38184505	38184578	LTR/ERVL	598	-	36	38184541	15921
chr8	38168620	38368620	harbor1	chr8	38184609	38184807	LTR/ERVL	504	-	99	38184708	16088
chr8	38168620	38368620	harbor1	chr8	38224258	38224457	LTR/ERVL	2802	-	100	38224358	55738
chr8	38168620	38368620	harbor1	chr8	38224458	38224775	LTR/ERVL	1942	-	158	38224616	55996
chr8	38168620	38368620	harbor1	chr8	38225713	38227140	LTR/ERVL	8671	-	714	38226427	57807
chr8	38168620	38368620	harbor1	chr8	38227141	38227277	LTR/ERVL	794	-	68	38227209	58589
chr8	38168620	38368620	harbor1	chr8	38223631	38223951	LTR/ERVL	2802	-	160	38223791	55171
chr8	29983333	30183333	harbor1	chr8	30053914	30054441	LTR/ERVL	2276	-	264	30054178	70845
chr8	29983333	30183333	harbor1	chr8	30055359	30055741	LTR/ERVL	901	-	191	30055550	72217
chr8	29983333	30183333	harbor1	chr8	30056355	30056856	LTR/ERVL	1774	-	250	30056605	73272
chr8	29983333	30183333	harbor1	chr8	30057374	30058176	LTR/ERVL	4431	-	401	30057775	74442
chr8	29983333	30183333	harbor1	chr8	30059381	30059945	LTR/ERVL	3505	-	282	30059663	76330
chr8	29983333	30183333	harbor1	chr8	30060256	30060391	LTR/ERVL	3505	-	68	30060324	76991
chr8	29983333	30183333	harbor1	chr8	30060540	30061491	LTR/ERVL	3798	-	476	30061016	77683
chr8	23428833	23628833	harbor1	chr8	23525765	23526229	LTR/ERVL	929	-	232	23525997	97164
chr8	102556520	102756520	harbor1	chr8	102569109	102569600	LTR/ERVL	909	-	246	102569355	12835
chr8	102556520	102756520	harbor1	chr8	102576844	102577258	LTR/ERVL	1058	-	207	102577051	20531
chr8	102556520	102756520	harbor1	chr8	102632156	102632551	LTR/ERVL	554	-	198	102632354	75834
chr8	23428812	23628812	harbor1	chr8	23525765	23526229	LTR/ERVL	929	-	232	23525997	97185
chr8	23335731	23535731	harbor1	chr8	23336642	23336716	LTR/ERVL	472	-	37	23336679	948
chr8	23335731	23535731	harbor1	chr8	23336750	23337699	LTR/ERVL	5038	-	474	23337224	1493
chr8	23335731	23535731	harbor1	chr8	23368645	23369125	LTR/ERVL	894	-	240	23368885	33154
chr8	23428407	23628407	harbor1	chr8	23525765	23526229	LTR/ERVL	929	-	232	23525997	97590
chr8	23428497	23628497	harbor1	chr8	23525765	23526229	LTR/ERVL	929	-	232	23525997	97500
chr8	27225680	27425680	harbor1	chr8	27230827	27231523	LTR/ERVL	3613	-	348	27231175	5495
chr8	27225680	27425680	harbor1	chr8	27319870	27319986	LTR/ERVL	3795	-	58	27319928	94248
chr8	27225680	27425680	harbor1	chr8	27320323	27320980	LTR/ERVL	3795	-	328	27320651	94971
chr8	27225680	27425680	harbor1	chr8	27321296	27321396	LTR/ERVL	3795	-	50	27321346	95666
chr8	23428434	23628434	harbor1	chr8	23525765	23526229	LTR/ERVL	929	-	232	23525997	97563
chr8	23428557	23628557	harbor1	chr8	23525765	23526229	LTR/ERVL	929	-	232	23525997	97440
chr8	23428919	23628919	harbor1	chr8	23525765	23526229	LTR/ERVL	929	-	232	23525997	97078
chr8	90970524	91170524	harbor1	chr8	91003909	91003948	LTR/ERVL	2784	-	20	91003929	33405
chr8	90970524	91170524	harbor1	chr8	91004023	91004505	LTR/ERVL	2784	-	241	91004264	33740
chr8	21958005	22158005	harbor1	chr8	21978561	21979022	LTR/ERVL	1304	-	230	21978791	20786
chr8	21958005	22158005	harbor1	chr8	22014734	22015101	LTR/ERVL	1342	-	184	22014918	56913
chr8	38169251	38369251	harbor1	chr8	38183977	38184184	LTR/ERVL	598	-	104	38184081	14830
chr8	38169251	38369251	harbor1	chr8	38184505	38184578	LTR/ERVL	598	-	36	38184541	15290
chr8	38169251	38369251	harbor1	chr8	38184609	38184807	LTR/ERVL	504	-	99	38184708	15457
chr8	38169251	38369251	harbor1	chr8	38224258	38224457	LTR/ERVL	2802	-	100	38224358	55107
chr8	38169251	38369251	harbor1	chr8	38224458	38224775	LTR/ERVL	1942	-	158	38224616	55365
chr8	38169251	38369251	harbor1	chr8	38225713	38227140	LTR/ERVL	8671	-	714	38226427	57176
chr8	38169251	38369251	harbor1	chr8	38227141	38227277	LTR/ERVL	794	-	68	38227209	57958
chr8	38169251	38369251	harbor1	chr8	38223631	38223951	LTR/ERVL	2802	-	160	38223791	54540
chr8	23358013	23558013	harbor1	chr8	23368645	23369125	LTR/ERVL	894	-	240	23368885	10872
chr8	23428835	23628835	harbor1	chr8	23525765	23526229	LTR/ERVL	929	-	232	23525997	97162
chr8	23428480	23628480	harbor1	chr8	23525765	23526229	LTR/ERVL	929	-	232	23525997	97517
chr8	2481328	2681328	harbor1	chr8	2529642	2529724	LTR/ERVL	496	-	41	2529683	48355
chr8	23428515	23628515	harbor1	chr8	23525765	23526229	LTR/ERVL	929	-	232	23525997	97482
chr8	23428487	23628487	harbor1	chr8	23525765	23526229	LTR/ERVL	929	-	232	23525997	97510
chr8	23428433	23628433	harbor1	chr8	23525765	23526229	LTR/ERVL	929	-	232	23525997	97564
chr8	12095160	12295160	harbor1	chr8	12167655	12167997	LTR/ERVL	812	-	171	12167826	72666
chr8	12095160	12295160	harbor1	chr8	12189327	12189617	LTR/ERVL	451	-	145	12189472	94312
chr8	29983365	30183365	harbor1	chr8	30053914	30054441	LTR/ERVL	2276	-	264	30054178	70813
chr8	29983365	30183365	harbor1	chr8	30055359	30055741	LTR/ERVL	901	-	191	30055550	72185
chr8	29983365	30183365	harbor1	chr8	30056355	30056856	LTR/ERVL	1774	-	250	30056605	73240
chr8	29983365	30183365	harbor1	chr8	30057374	30058176	LTR/ERVL	4431	-	401	30057775	74410
chr8	29983365	30183365	harbor1	chr8	30059381	30059945	LTR/ERVL	3505	-	282	30059663	76298
chr8	29983365	30183365	harbor1	chr8	30060256	30060391	LTR/ERVL	3505	-	68	30060324	76959
chr8	29983365	30183365	harbor1	chr8	30060540	30061491	LTR/ERVL	3798	-	476	30061016	77651
chr8	23428524	23628524	harbor1	chr8	23525765	23526229	LTR/ERVL	929	-	232	23525997	97473
chr8	23428822	23628822	harbor1	chr8	23525765	23526229	LTR/ERVL	929	-	232	23525997	97175
chr8	23428849	23628849	harbor1	chr8	23525765	23526229	LTR/ERVL	929	-	232	23525997	97148
chr8	94973525	95173525	harbor1	chr8	95017347	95017539	LTR/ERVL	548	-	96	95017443	43918
chr8	94973525	95173525	harbor1	chr8	95010787	95011140	LTR/ERVL	967	-	176	95010963	37438
chr8	140984887	141184887	harbor1	chr8	141056440	141056692	LTR/ERVL	583	-	126	141056566	71679
chr8	140984887	141184887	harbor1	chr8	141059621	141059754	LTR/ERVL	456	-	66	141059687	74800
chr8	140984887	141184887	harbor1	chr8	141081615	141082028	LTR/ERVL	3651	-	206	141081821	96934
chr8	140984887	141184887	harbor1	chr8	141082318	141082622	LTR/ERVL	3651	-	152	141082470	97583
chr8	140984887	141184887	harbor1	chr8	141083217	141083413	LTR/ERVL	3651	-	98	141083315	98428
chr8	38167799	38367799	harbor1	chr8	38183977	38184184	LTR/ERVL	598	-	104	38184081	16282
chr8	38167799	38367799	harbor1	chr8	38184505	38184578	LTR/ERVL	598	-	36	38184541	16742
chr8	38167799	38367799	harbor1	chr8	38184609	38184807	LTR/ERVL	504	-	99	38184708	16909
chr8	38167799	38367799	harbor1	chr8	38224258	38224457	LTR/ERVL	2802	-	100	38224358	56559
chr8	38167799	38367799	harbor1	chr8	38224458	38224775	LTR/ERVL	1942	-	158	38224616	56817
chr8	38167799	38367799	harbor1	chr8	38225713	38227140	LTR/ERVL	8671	-	714	38226427	58628
chr8	38167799	38367799	harbor1	chr8	38227141	38227277	LTR/ERVL	794	-	68	38227209	59410
chr8	38167799	38367799	harbor1	chr8	38223631	38223951	LTR/ERVL	2802	-	160	38223791	55992
chr8	143716206	143916206	harbor1	chr8	143744356	143745215	LTR/ERVL	1192	-	430	143744786	28580
chr8	143716206	143916206	harbor1	chr8	143755107	143755358	LTR/ERVL	1421	-	126	143755233	39027
chr8	143716206	143916206	harbor1	chr8	143755664	143755954	LTR/ERVL	1421	-	145	143755809	39603
chr8	143716206	143916206	harbor1	chr8	143756322	143756696	LTR/ERVL	1977	-	187	143756509	40303
chr8	143716206	143916206	harbor1	chr8	143756989	143757333	LTR/ERVL	1977	-	172	143757161	40955
chr8	143716206	143916206	harbor1	chr8	143757637	143757659	LTR/ERVL	1977	-	11	143757648	41442
chr8	143716206	143916206	harbor1	chr8	143757808	143758138	LTR/ERVL	1977	-	165	143757973	41767
chr8	143716206	143916206	harbor1	chr8	143759512	143760187	LTR/ERVL	1657	-	338	143759850	43644
chr8	143716206	143916206	harbor1	chr8	143762628	143762818	LTR/ERVL	612	-	95	143762723	46517
chr8	23428936	23628936	harbor1	chr8	23525765	23526229	LTR/ERVL	929	-	232	23525997	97061
chr8	143147120	143347120	harbor1	chr8	143161840	143162179	LTR/ERVL	851	-	170	143162010	14890
chr8	23428958	23628958	harbor1	chr8	23525765	23526229	LTR/ERVL	929	-	232	23525997	97039
chr8	26477624	26677624	harbor1	chr8	26528313	26528366	LTR/ERVL	2282	-	26	26528339	50715
chr8	26477624	26677624	harbor1	chr8	26528676	26529161	LTR/ERVL	2282	-	242	26528918	51294
chr8	26477624	26677624	harbor1	chr8	26550607	26551247	LTR/ERVL	3166	-	320	26550927	73303
chr8	26477624	26677624	harbor1	chr8	26560243	26560510	LTR/ERVL	440	-	134	26560377	82753
chr8	8286401	8486401	harbor1	chr8	8357837	8358589	LTR/ERVL	3996	-	376	8358213	71812
chr8	8286401	8486401	harbor1	chr8	8363271	8363350	LTR/ERVL	458	-	40	8363311	76910
chr8	38168860	38368860	harbor1	chr8	38183977	38184184	LTR/ERVL	598	-	104	38184081	15221
chr8	38168860	38368860	harbor1	chr8	38184505	38184578	LTR/ERVL	598	-	36	38184541	15681
chr8	38168860	38368860	harbor1	chr8	38184609	38184807	LTR/ERVL	504	-	99	38184708	15848
chr8	38168860	38368860	harbor1	chr8	38224258	38224457	LTR/ERVL	2802	-	100	38224358	55498
chr8	38168860	38368860	harbor1	chr8	38224458	38224775	LTR/ERVL	1942	-	158	38224616	55756
chr8	38168860	38368860	harbor1	chr8	38225713	38227140	LTR/ERVL	8671	-	714	38226427	57567
chr8	38168860	38368860	harbor1	chr8	38227141	38227277	LTR/ERVL	794	-	68	38227209	58349
chr8	38168860	38368860	harbor1	chr8	38223631	38223951	LTR/ERVL	2802	-	160	38223791	54931
chr8	143323804	143523804	harbor1	chr8	143414687	143415067	LTR/ERVL	2253	-	190	143414877	91073
chr8	23428526	23628526	harbor1	chr8	23525765	23526229	LTR/ERVL	929	-	232	23525997	97471
chr8	25084956	25284956	harbor1	chr8	25100503	25100911	LTR/ERVL	1703	-	204	25100707	15751
chr8	25084956	25284956	harbor1	chr8	25101393	25101581	LTR/ERVL	758	-	94	25101487	16531
chr8	25084956	25284956	harbor1	chr8	25131435	25131798	LTR/ERVL	1030	-	182	25131617	46661
chr8	21328820	21528820	harbor1	chr8	21358523	21358808	LTR/ERVL	2509	-	142	21358665	29845
chr8	21328820	21528820	harbor1	chr8	21359122	21359330	LTR/ERVL	2509	-	104	21359226	30406
chr8	21328820	21528820	harbor1	chr8	21394232	21394578	LTR/ERVL	832	-	173	21394405	65585
chr8	21328820	21528820	harbor1	chr8	21399659	21399904	LTR/ERVL	639	-	122	21399781	70961
chr8	20295312	20495312	harbor1	chr8	20325322	20325476	LTR/ERVL	455	-	77	20325399	30087
chr8	38162265	38362265	harbor1	chr8	38183977	38184184	LTR/ERVL	598	-	104	38184081	21816
chr8	38162265	38362265	harbor1	chr8	38184505	38184578	LTR/ERVL	598	-	36	38184541	22276
chr8	38162265	38362265	harbor1	chr8	38184609	38184807	LTR/ERVL	504	-	99	38184708	22443
chr8	38162265	38362265	harbor1	chr8	38224258	38224457	LTR/ERVL	2802	-	100	38224358	62093
chr8	38162265	38362265	harbor1	chr8	38224458	38224775	LTR/ERVL	1942	-	158	38224616	62351
chr8	38162265	38362265	harbor1	chr8	38225713	38227140	LTR/ERVL	8671	-	714	38226427	64162
chr8	38162265	38362265	harbor1	chr8	38227141	38227277	LTR/ERVL	794	-	68	38227209	64944
chr8	38162265	38362265	harbor1	chr8	38223631	38223951	LTR/ERVL	2802	-	160	38223791	61526
chr8	600183	800183	harbor1	chr8	660712	661064	LTR/ERVL	530	-	176	660888	60705
chr8	23428879	23628879	harbor1	chr8	23525765	23526229	LTR/ERVL	929	-	232	23525997	97118
chr8	38169230	38369230	harbor1	chr8	38183977	38184184	LTR/ERVL	598	-	104	38184081	14851
chr8	38169230	38369230	harbor1	chr8	38184505	38184578	LTR/ERVL	598	-	36	38184541	15311
chr8	38169230	38369230	harbor1	chr8	38184609	38184807	LTR/ERVL	504	-	99	38184708	15478
chr8	38169230	38369230	harbor1	chr8	38224258	38224457	LTR/ERVL	2802	-	100	38224358	55128
chr8	38169230	38369230	harbor1	chr8	38224458	38224775	LTR/ERVL	1942	-	158	38224616	55386
chr8	38169230	38369230	harbor1	chr8	38225713	38227140	LTR/ERVL	8671	-	714	38226427	57197
chr8	38169230	38369230	harbor1	chr8	38227141	38227277	LTR/ERVL	794	-	68	38227209	57979
chr8	38169230	38369230	harbor1	chr8	38223631	38223951	LTR/ERVL	2802	-	160	38223791	54561
chr8	143716099	143916099	harbor1	chr8	143744356	143745215	LTR/ERVL	1192	-	430	143744786	28687
chr8	143716099	143916099	harbor1	chr8	143755107	143755358	LTR/ERVL	1421	-	126	143755233	39134
chr8	143716099	143916099	harbor1	chr8	143755664	143755954	LTR/ERVL	1421	-	145	143755809	39710
chr8	143716099	143916099	harbor1	chr8	143756322	143756696	LTR/ERVL	1977	-	187	143756509	40410
chr8	143716099	143916099	harbor1	chr8	143756989	143757333	LTR/ERVL	1977	-	172	143757161	41062
chr8	143716099	143916099	harbor1	chr8	143757637	143757659	LTR/ERVL	1977	-	11	143757648	41549
chr8	143716099	143916099	harbor1	chr8	143757808	143758138	LTR/ERVL	1977	-	165	143757973	41874
chr8	143716099	143916099	harbor1	chr8	143759512	143760187	LTR/ERVL	1657	-	338	143759850	43751
chr8	143716099	143916099	harbor1	chr8	143762628	143762818	LTR/ERVL	612	-	95	143762723	46624
chr8	142677225	142877225	harbor1	chr8	142693657	142693961	LTR/ERVL	1192	-	152	142693809	16584
chr8	142524934	142724934	harbor1	chr8	142606889	142607038	LTR/ERVL	445	-	74	142606963	82029
chr8	142524934	142724934	harbor1	chr8	142607706	142607930	LTR/ERVL	603	-	112	142607818	82884
chr8	142524957	142724957	harbor1	chr8	142606889	142607038	LTR/ERVL	445	-	74	142606963	82006
chr8	142524957	142724957	harbor1	chr8	142607706	142607930	LTR/ERVL	603	-	112	142607818	82861
chr8	26283759	26483759	harbor1	chr8	26323252	26323850	LTR/ERVL	2165	-	299	26323551	39792
chr8	38169172	38369172	harbor1	chr8	38183977	38184184	LTR/ERVL	598	-	104	38184081	14909
chr8	38169172	38369172	harbor1	chr8	38184505	38184578	LTR/ERVL	598	-	36	38184541	15369
chr8	38169172	38369172	harbor1	chr8	38184609	38184807	LTR/ERVL	504	-	99	38184708	15536
chr8	38169172	38369172	harbor1	chr8	38224258	38224457	LTR/ERVL	2802	-	100	38224358	55186
chr8	38169172	38369172	harbor1	chr8	38224458	38224775	LTR/ERVL	1942	-	158	38224616	55444
chr8	38169172	38369172	harbor1	chr8	38225713	38227140	LTR/ERVL	8671	-	714	38226427	57255
chr8	38169172	38369172	harbor1	chr8	38227141	38227277	LTR/ERVL	794	-	68	38227209	58037
chr8	38169172	38369172	harbor1	chr8	38223631	38223951	LTR/ERVL	2802	-	160	38223791	54619
chr8	144174289	144374289	harbor1	chr8	144214770	144215192	LTR/ERVL	3136	-	211	144214981	40692
chr8	144174289	144374289	harbor1	chr8	144219600	144219875	LTR/ERVL	1039	-	138	144219738	45449
chr8	144174289	144374289	harbor1	chr8	144220860	144221397	LTR/ERVL	732	-	268	144221128	46839
chr8	23429068	23629068	harbor1	chr8	23525765	23526229	LTR/ERVL	929	-	232	23525997	96929
chr8	38169199	38369199	harbor1	chr8	38183977	38184184	LTR/ERVL	598	-	104	38184081	14882
chr8	38169199	38369199	harbor1	chr8	38184505	38184578	LTR/ERVL	598	-	36	38184541	15342
chr8	38169199	38369199	harbor1	chr8	38184609	38184807	LTR/ERVL	504	-	99	38184708	15509
chr8	38169199	38369199	harbor1	chr8	38224258	38224457	LTR/ERVL	2802	-	100	38224358	55159
chr8	38169199	38369199	harbor1	chr8	38224458	38224775	LTR/ERVL	1942	-	158	38224616	55417
chr8	38169199	38369199	harbor1	chr8	38225713	38227140	LTR/ERVL	8671	-	714	38226427	57228
chr8	38169199	38369199	harbor1	chr8	38227141	38227277	LTR/ERVL	794	-	68	38227209	58010
chr8	38169199	38369199	harbor1	chr8	38223631	38223951	LTR/ERVL	2802	-	160	38223791	54592
chr8	58558195	58758195	harbor1	chr8	58563595	58564224	LTR/ERVL	1080	-	314	58563909	5714
chr8	58558195	58758195	harbor1	chr8	58573429	58573703	LTR/ERVL	600	-	137	58573566	15371
chr8	58558195	58758195	harbor1	chr8	58573726	58573833	LTR/ERVL	474	-	54	58573780	15585
chr8	58558195	58758195	harbor1	chr8	58574212	58574492	LTR/ERVL	438	-	140	58574352	16157
chr8	142524984	142724984	harbor1	chr8	142606889	142607038	LTR/ERVL	445	-	74	142606963	81979
chr8	142524984	142724984	harbor1	chr8	142607706	142607930	LTR/ERVL	603	-	112	142607818	82834
chr8	142524942	142724942	harbor1	chr8	142606889	142607038	LTR/ERVL	445	-	74	142606963	82021
chr8	142524942	142724942	harbor1	chr8	142607706	142607930	LTR/ERVL	603	-	112	142607818	82876
chr8	143323770	143523770	harbor1	chr8	143414687	143415067	LTR/ERVL	2253	-	190	143414877	91107
chr8	38167906	38367906	harbor1	chr8	38183977	38184184	LTR/ERVL	598	-	104	38184081	16175
chr8	38167906	38367906	harbor1	chr8	38184505	38184578	LTR/ERVL	598	-	36	38184541	16635
chr8	38167906	38367906	harbor1	chr8	38184609	38184807	LTR/ERVL	504	-	99	38184708	16802
chr8	38167906	38367906	harbor1	chr8	38224258	38224457	LTR/ERVL	2802	-	100	38224358	56452
chr8	38167906	38367906	harbor1	chr8	38224458	38224775	LTR/ERVL	1942	-	158	38224616	56710
chr8	38167906	38367906	harbor1	chr8	38225713	38227140	LTR/ERVL	8671	-	714	38226427	58521
chr8	38167906	38367906	harbor1	chr8	38227141	38227277	LTR/ERVL	794	-	68	38227209	59303
chr8	38167906	38367906	harbor1	chr8	38223631	38223951	LTR/ERVL	2802	-	160	38223791	55885
chr8	38167394	38367394	harbor1	chr8	38183977	38184184	LTR/ERVL	598	-	104	38184081	16687
chr8	38167394	38367394	harbor1	chr8	38184505	38184578	LTR/ERVL	598	-	36	38184541	17147
chr8	38167394	38367394	harbor1	chr8	38184609	38184807	LTR/ERVL	504	-	99	38184708	17314
chr8	38167394	38367394	harbor1	chr8	38224258	38224457	LTR/ERVL	2802	-	100	38224358	56964
chr8	38167394	38367394	harbor1	chr8	38224458	38224775	LTR/ERVL	1942	-	158	38224616	57222
chr8	38167394	38367394	harbor1	chr8	38225713	38227140	LTR/ERVL	8671	-	714	38226427	59033
chr8	38167394	38367394	harbor1	chr8	38227141	38227277	LTR/ERVL	794	-	68	38227209	59815
chr8	38167394	38367394	harbor1	chr8	38223631	38223951	LTR/ERVL	2802	-	160	38223791	56397
chr8	138710548	138910548	harbor1	chr8	138783258	138783688	LTR/ERVL	3075	-	215	138783473	72925
chr8	143323854	143523854	harbor1	chr8	143414687	143415067	LTR/ERVL	2253	-	190	143414877	91023
chr8	102556596	102756596	harbor1	chr8	102569109	102569600	LTR/ERVL	909	-	246	102569355	12759
chr8	102556596	102756596	harbor1	chr8	102576844	102577258	LTR/ERVL	1058	-	207	102577051	20455
chr8	102556596	102756596	harbor1	chr8	102632156	102632551	LTR/ERVL	554	-	198	102632354	75758
chr8	23428939	23628939	harbor1	chr8	23525765	23526229	LTR/ERVL	929	-	232	23525997	97058
chr8	29983323	30183323	harbor1	chr8	30053914	30054441	LTR/ERVL	2276	-	264	30054178	70855
chr8	29983323	30183323	harbor1	chr8	30055359	30055741	LTR/ERVL	901	-	191	30055550	72227
chr8	29983323	30183323	harbor1	chr8	30056355	30056856	LTR/ERVL	1774	-	250	30056605	73282
chr8	29983323	30183323	harbor1	chr8	30057374	30058176	LTR/ERVL	4431	-	401	30057775	74452
chr8	29983323	30183323	harbor1	chr8	30059381	30059945	LTR/ERVL	3505	-	282	30059663	76340
chr8	29983323	30183323	harbor1	chr8	30060256	30060391	LTR/ERVL	3505	-	68	30060324	77001
chr8	29983323	30183323	harbor1	chr8	30060540	30061491	LTR/ERVL	3798	-	476	30061016	77693
chr8	29983355	30183355	harbor1	chr8	30053914	30054441	LTR/ERVL	2276	-	264	30054178	70823
chr8	29983355	30183355	harbor1	chr8	30055359	30055741	LTR/ERVL	901	-	191	30055550	72195
chr8	29983355	30183355	harbor1	chr8	30056355	30056856	LTR/ERVL	1774	-	250	30056605	73250
chr8	29983355	30183355	harbor1	chr8	30057374	30058176	LTR/ERVL	4431	-	401	30057775	74420
chr8	29983355	30183355	harbor1	chr8	30059381	30059945	LTR/ERVL	3505	-	282	30059663	76308
chr8	29983355	30183355	harbor1	chr8	30060256	30060391	LTR/ERVL	3505	-	68	30060324	76969
chr8	29983355	30183355	harbor1	chr8	30060540	30061491	LTR/ERVL	3798	-	476	30061016	77661
chr8	89884330	90084330	harbor1	chr8	89919178	89919697	LTR/ERVL	1257	-	260	89919438	35108
chr8	89884330	90084330	harbor1	chr8	89974463	89974897	LTR/ERVL	1571	-	217	89974680	90350
chr8	23583116	23783116	harbor1	chr8	23608033	23608233	LTR/ERVL	679	-	100	23608133	25017
chr8	23583116	23783116	harbor1	chr8	23627611	23627671	LTR/ERVL	2513	-	30	23627641	44525
chr8	23583116	23783116	harbor1	chr8	23628005	23628440	LTR/ERVL	2513	-	218	23628223	45107
chr8	23583116	23783116	harbor1	chr8	23660728	23661041	LTR/ERVL	1591	-	156	23660884	77768
chr8	23583116	23783116	harbor1	chr8	23661403	23661889	LTR/ERVL	1753	-	243	23661646	78530
chr8	138710571	138910571	harbor1	chr8	138783258	138783688	LTR/ERVL	3075	-	215	138783473	72902
chr9	4883718	5083718	harbor1	chr9	4885489	4885609	LTR/ERVL	557	-	60	4885549	1831
chr9	4883718	5083718	harbor1	chr9	4921881	4922374	LTR/ERVL	2778	-	246	4922127	38409
chr9	4884896	5084896	harbor1	chr9	4885489	4885609	LTR/ERVL	557	-	60	4885549	653
chr9	4884896	5084896	harbor1	chr9	4921881	4922374	LTR/ERVL	2778	-	246	4922127	37231
chr9	4883068	5083068	harbor1	chr9	4885489	4885609	LTR/ERVL	557	-	60	4885549	2481
chr9	4883068	5083068	harbor1	chr9	4921881	4922374	LTR/ERVL	2778	-	246	4922127	39059
chr9	4483026	4683026	harbor1	chr9	4509276	4509741	LTR/ERVL	958	-	232	4509508	26482
chr9	4884791	5084791	harbor1	chr9	4885489	4885609	LTR/ERVL	557	-	60	4885549	758
chr9	4884791	5084791	harbor1	chr9	4921881	4922374	LTR/ERVL	2778	-	246	4922127	37336
chr9	4879886	5079886	harbor1	chr9	4885489	4885609	LTR/ERVL	557	-	60	4885549	5663
chr9	4879886	5079886	harbor1	chr9	4921881	4922374	LTR/ERVL	2778	-	246	4922127	42241
chr9	136446521	136646521	harbor1	chr9	136492890	136493324	LTR/ERVL	860	-	217	136493107	46586
chr9	4884806	5084806	harbor1	chr9	4885489	4885609	LTR/ERVL	557	-	60	4885549	743
chr9	4884806	5084806	harbor1	chr9	4921881	4922374	LTR/ERVL	2778	-	246	4922127	37321
chr9	4669274	4869274	harbor1	chr9	4689689	4689936	LTR/ERVL	705	-	124	4689813	20539
chr9	4669274	4869274	harbor1	chr9	4690094	4690618	LTR/ERVL	1087	-	262	4690356	21082
chr9	4669274	4869274	harbor1	chr9	4690772	4691080	LTR/ERVL	707	-	154	4690926	21652
chr9	4867341	5067341	harbor1	chr9	4885489	4885609	LTR/ERVL	557	-	60	4885549	18208
chr9	4867341	5067341	harbor1	chr9	4921881	4922374	LTR/ERVL	2778	-	246	4922127	54786
chr9	4883408	5083408	harbor1	chr9	4885489	4885609	LTR/ERVL	557	-	60	4885549	2141
chr9	4883408	5083408	harbor1	chr9	4921881	4922374	LTR/ERVL	2778	-	246	4922127	38719
chr9	4884822	5084822	harbor1	chr9	4885489	4885609	LTR/ERVL	557	-	60	4885549	727
chr9	4884822	5084822	harbor1	chr9	4921881	4922374	LTR/ERVL	2778	-	246	4922127	37305
chr9	4641119	4841119	harbor1	chr9	4689689	4689936	LTR/ERVL	705	-	124	4689813	48694
chr9	4641119	4841119	harbor1	chr9	4690094	4690618	LTR/ERVL	1087	-	262	4690356	49237
chr9	4641119	4841119	harbor1	chr9	4690772	4691080	LTR/ERVL	707	-	154	4690926	49807
chr9	112387325	112587325	harbor1	chr9	112472566	112472814	LTR/ERVL	880	-	124	112472690	85365
chr9	136446535	136646535	harbor1	chr9	136492890	136493324	LTR/ERVL	860	-	217	136493107	46572
chr9	79473193	79673193	harbor1	chr9	79521168	79521749	LTR/ERVL	2353	-	290	79521458	48265
chr9	79473193	79673193	harbor1	chr9	79567460	79568146	LTR/ERVL	2636	-	343	79567803	94610
chr9	4771292	4971292	harbor1	chr9	4861091	4861489	LTR/ERVL	1203	-	199	4861290	89998
chr9	4883803	5083803	harbor1	chr9	4885489	4885609	LTR/ERVL	557	-	60	4885549	1746
chr9	4883803	5083803	harbor1	chr9	4921881	4922374	LTR/ERVL	2778	-	246	4922127	38324
chr9	112387187	112587187	harbor1	chr9	112472566	112472814	LTR/ERVL	880	-	124	112472690	85503
chr9	4681965	4881965	harbor1	chr9	4689689	4689936	LTR/ERVL	705	-	124	4689813	7848
chr9	4681965	4881965	harbor1	chr9	4690094	4690618	LTR/ERVL	1087	-	262	4690356	8391
chr9	4681965	4881965	harbor1	chr9	4690772	4691080	LTR/ERVL	707	-	154	4690926	8961
chr9	4885009	5085009	harbor1	chr9	4885489	4885609	LTR/ERVL	557	-	60	4885549	540
chr9	4885009	5085009	harbor1	chr9	4921881	4922374	LTR/ERVL	2778	-	246	4922127	37118
chr9	4642306	4842306	harbor1	chr9	4689689	4689936	LTR/ERVL	705	-	124	4689813	47507
chr9	4642306	4842306	harbor1	chr9	4690094	4690618	LTR/ERVL	1087	-	262	4690356	48050
chr9	4642306	4842306	harbor1	chr9	4690772	4691080	LTR/ERVL	707	-	154	4690926	48620
chr9	4663605	4863605	harbor1	chr9	4689689	4689936	LTR/ERVL	705	-	124	4689813	26208
chr9	4663605	4863605	harbor1	chr9	4690094	4690618	LTR/ERVL	1087	-	262	4690356	26751
chr9	4663605	4863605	harbor1	chr9	4690772	4691080	LTR/ERVL	707	-	154	4690926	27321
chr9	4650540	4850540	harbor1	chr9	4689689	4689936	LTR/ERVL	705	-	124	4689813	39273
chr9	4650540	4850540	harbor1	chr9	4690094	4690618	LTR/ERVL	1087	-	262	4690356	39816
chr9	4650540	4850540	harbor1	chr9	4690772	4691080	LTR/ERVL	707	-	154	4690926	40386
chr9	4883789	5083789	harbor1	chr9	4885489	4885609	LTR/ERVL	557	-	60	4885549	1760
chr9	4883789	5083789	harbor1	chr9	4921881	4922374	LTR/ERVL	2778	-	246	4922127	38338
chr9	136446503	136646503	harbor1	chr9	136492890	136493324	LTR/ERVL	860	-	217	136493107	46604
chr9	4830192	5030192	harbor1	chr9	4861091	4861489	LTR/ERVL	1203	-	199	4861290	31098
chr9	4830192	5030192	harbor1	chr9	4885489	4885609	LTR/ERVL	557	-	60	4885549	55357
chr9	4830192	5030192	harbor1	chr9	4921881	4922374	LTR/ERVL	2778	-	246	4922127	91935
chr9	4866218	5066218	harbor1	chr9	4885489	4885609	LTR/ERVL	557	-	60	4885549	19331
chr9	4866218	5066218	harbor1	chr9	4921881	4922374	LTR/ERVL	2778	-	246	4922127	55909
chr9	92958938	93158938	harbor1	chr9	92977590	92977790	LTR/ERVL	823	-	100	92977690	18752
chr9	92958938	93158938	harbor1	chr9	93042956	93043175	LTR/ERVL	749	-	110	93043066	84128
chr9	92958938	93158938	harbor1	chr9	93048576	93049104	LTR/ERVL	2606	-	264	93048840	89902
chr9	4883747	5083747	harbor1	chr9	4885489	4885609	LTR/ERVL	557	-	60	4885549	1802
chr9	4883747	5083747	harbor1	chr9	4921881	4922374	LTR/ERVL	2778	-	246	4922127	38380
chr9	4883810	5083810	harbor1	chr9	4885489	4885609	LTR/ERVL	557	-	60	4885549	1739
chr9	4883810	5083810	harbor1	chr9	4921881	4922374	LTR/ERVL	2778	-	246	4922127	38317
chr9	4883816	5083816	harbor1	chr9	4885489	4885609	LTR/ERVL	557	-	60	4885549	1733
chr9	4883816	5083816	harbor1	chr9	4921881	4922374	LTR/ERVL	2778	-	246	4922127	38311
chr9	4884825	5084825	harbor1	chr9	4885489	4885609	LTR/ERVL	557	-	60	4885549	724
chr9	4884825	5084825	harbor1	chr9	4921881	4922374	LTR/ERVL	2778	-	246	4922127	37302
chr9	4884808	5084808	harbor1	chr9	4885489	4885609	LTR/ERVL	557	-	60	4885549	741
chr9	4884808	5084808	harbor1	chr9	4921881	4922374	LTR/ERVL	2778	-	246	4922127	37319
chr9	4663129	4863129	harbor1	chr9	4689689	4689936	LTR/ERVL	705	-	124	4689813	26684
chr9	4663129	4863129	harbor1	chr9	4690094	4690618	LTR/ERVL	1087	-	262	4690356	27227
chr9	4663129	4863129	harbor1	chr9	4690772	4691080	LTR/ERVL	707	-	154	4690926	27797
chr9	4883160	5083160	harbor1	chr9	4885489	4885609	LTR/ERVL	557	-	60	4885549	2389
chr9	4883160	5083160	harbor1	chr9	4921881	4922374	LTR/ERVL	2778	-	246	4922127	38967
chr9	112387209	112587209	harbor1	chr9	112472566	112472814	LTR/ERVL	880	-	124	112472690	85481
chr9	4776709	4976709	harbor1	chr9	4861091	4861489	LTR/ERVL	1203	-	199	4861290	84581
chr9	4884936	5084936	harbor1	chr9	4885489	4885609	LTR/ERVL	557	-	60	4885549	613
chr9	4884936	5084936	harbor1	chr9	4921881	4922374	LTR/ERVL	2778	-	246	4922127	37191
chr9	4824136	5024136	harbor1	chr9	4861091	4861489	LTR/ERVL	1203	-	199	4861290	37154
chr9	4824136	5024136	harbor1	chr9	4885489	4885609	LTR/ERVL	557	-	60	4885549	61413
chr9	4824136	5024136	harbor1	chr9	4921881	4922374	LTR/ERVL	2778	-	246	4922127	97991
chr9	112387193	112587193	harbor1	chr9	112472566	112472814	LTR/ERVL	880	-	124	112472690	85497
chr9	4879772	5079772	harbor1	chr9	4885489	4885609	LTR/ERVL	557	-	60	4885549	5777
chr9	4879772	5079772	harbor1	chr9	4921881	4922374	LTR/ERVL	2778	-	246	4922127	42355
chr9	4883377	5083377	harbor1	chr9	4885489	4885609	LTR/ERVL	557	-	60	4885549	2172
chr9	4883377	5083377	harbor1	chr9	4921881	4922374	LTR/ERVL	2778	-	246	4922127	38750
chr9	3122465	3322465	harbor1	chr9	3175983	3176101	LTR/ERVL	587	-	59	3176042	53577
chr9	3122465	3322465	harbor1	chr9	3186049	3186387	LTR/ERVL	2447	-	169	3186218	63753
chr9	3122465	3322465	harbor1	chr9	3199414	3199533	LTR/ERVL	612	-	60	3199474	77009
chr9	3122465	3322465	harbor1	chr9	3208162	3208679	LTR/ERVL	1346	-	258	3208420	85955
chr9	4884878	5084878	harbor1	chr9	4885489	4885609	LTR/ERVL	557	-	60	4885549	671
chr9	4884878	5084878	harbor1	chr9	4921881	4922374	LTR/ERVL	2778	-	246	4922127	37249
chr9	4883431	5083431	harbor1	chr9	4885489	4885609	LTR/ERVL	557	-	60	4885549	2118
chr9	4883431	5083431	harbor1	chr9	4921881	4922374	LTR/ERVL	2778	-	246	4922127	38696
chr9	92958964	93158964	harbor1	chr9	92977590	92977790	LTR/ERVL	823	-	100	92977690	18726
chr9	92958964	93158964	harbor1	chr9	93042956	93043175	LTR/ERVL	749	-	110	93043066	84102
chr9	92958964	93158964	harbor1	chr9	93048576	93049104	LTR/ERVL	2606	-	264	93048840	89876
chr9	4884856	5084856	harbor1	chr9	4885489	4885609	LTR/ERVL	557	-	60	4885549	693
chr9	4884856	5084856	harbor1	chr9	4921881	4922374	LTR/ERVL	2778	-	246	4922127	37271
chr9	4885107	5085107	harbor1	chr9	4885489	4885609	LTR/ERVL	557	-	60	4885549	442
chr9	4885107	5085107	harbor1	chr9	4921881	4922374	LTR/ERVL	2778	-	246	4922127	37020
chr9	136446534	136646534	harbor1	chr9	136492890	136493324	LTR/ERVL	860	-	217	136493107	46573
chr9	112387231	112587231	harbor1	chr9	112472566	112472814	LTR/ERVL	880	-	124	112472690	85459
chr9	4669616	4869616	harbor1	chr9	4689689	4689936	LTR/ERVL	705	-	124	4689813	20197
chr9	4669616	4869616	harbor1	chr9	4690094	4690618	LTR/ERVL	1087	-	262	4690356	20740
chr9	4669616	4869616	harbor1	chr9	4690772	4691080	LTR/ERVL	707	-	154	4690926	21310
chr9	4776719	4976719	harbor1	chr9	4861091	4861489	LTR/ERVL	1203	-	199	4861290	84571
chr9	35692027	35892027	harbor1	chr9	35775185	35775554	LTR/ERVL	1088	-	184	35775369	83342
chr9	135508512	135708512	harbor1	chr9	135527150	135527546	LTR/ERVL	1136	-	198	135527348	18836
chr9	135508512	135708512	harbor1	chr9	135536023	135536557	LTR/ERVL	623	-	267	135536290	27778
chr9	135508512	135708512	harbor1	chr9	135540293	135540914	LTR/ERVL	566	-	310	135540603	32091
chr9	4867260	5067260	harbor1	chr9	4885489	4885609	LTR/ERVL	557	-	60	4885549	18289
chr9	4867260	5067260	harbor1	chr9	4921881	4922374	LTR/ERVL	2778	-	246	4922127	54867
chr9	112387246	112587246	harbor1	chr9	112472566	112472814	LTR/ERVL	880	-	124	112472690	85444
chr9	92958998	93158998	harbor1	chr9	92977590	92977790	LTR/ERVL	823	-	100	92977690	18692
chr9	92958998	93158998	harbor1	chr9	93042956	93043175	LTR/ERVL	749	-	110	93043066	84068
chr9	92958998	93158998	harbor1	chr9	93048576	93049104	LTR/ERVL	2606	-	264	93048840	89842
chr9	112387188	112587188	harbor1	chr9	112472566	112472814	LTR/ERVL	880	-	124	112472690	85502
chr9	4883740	5083740	harbor1	chr9	4885489	4885609	LTR/ERVL	557	-	60	4885549	1809
chr9	4883740	5083740	harbor1	chr9	4921881	4922374	LTR/ERVL	2778	-	246	4922127	38387
chr9	4879743	5079743	harbor1	chr9	4885489	4885609	LTR/ERVL	557	-	60	4885549	5806
chr9	4879743	5079743	harbor1	chr9	4921881	4922374	LTR/ERVL	2778	-	246	4922127	42384
chr9	4884898	5084898	harbor1	chr9	4885489	4885609	LTR/ERVL	557	-	60	4885549	651
chr9	4884898	5084898	harbor1	chr9	4921881	4922374	LTR/ERVL	2778	-	246	4922127	37229
chr9	112387261	112587261	harbor1	chr9	112472566	112472814	LTR/ERVL	880	-	124	112472690	85429
chr9	4884872	5084872	harbor1	chr9	4885489	4885609	LTR/ERVL	557	-	60	4885549	677
chr9	4884872	5084872	harbor1	chr9	4921881	4922374	LTR/ERVL	2778	-	246	4922127	37255
chr9	79473185	79673185	harbor1	chr9	79521168	79521749	LTR/ERVL	2353	-	290	79521458	48273
chr9	79473185	79673185	harbor1	chr9	79567460	79568146	LTR/ERVL	2636	-	343	79567803	94618
chr9	4669276	4869276	harbor1	chr9	4689689	4689936	LTR/ERVL	705	-	124	4689813	20537
chr9	4669276	4869276	harbor1	chr9	4690094	4690618	LTR/ERVL	1087	-	262	4690356	21080
chr9	4669276	4869276	harbor1	chr9	4690772	4691080	LTR/ERVL	707	-	154	4690926	21650
chr9	4663207	4863207	harbor1	chr9	4689689	4689936	LTR/ERVL	705	-	124	4689813	26606
chr9	4663207	4863207	harbor1	chr9	4690094	4690618	LTR/ERVL	1087	-	262	4690356	27149
chr9	4663207	4863207	harbor1	chr9	4690772	4691080	LTR/ERVL	707	-	154	4690926	27719
chr9	4824246	5024246	harbor1	chr9	4861091	4861489	LTR/ERVL	1203	-	199	4861290	37044
chr9	4824246	5024246	harbor1	chr9	4885489	4885609	LTR/ERVL	557	-	60	4885549	61303
chr9	4824246	5024246	harbor1	chr9	4921881	4922374	LTR/ERVL	2778	-	246	4922127	97881
chr9	4883387	5083387	harbor1	chr9	4885489	4885609	LTR/ERVL	557	-	60	4885549	2162
chr9	4883387	5083387	harbor1	chr9	4921881	4922374	LTR/ERVL	2778	-	246	4922127	38740
chr9	4883374	5083374	harbor1	chr9	4885489	4885609	LTR/ERVL	557	-	60	4885549	2175
chr9	4883374	5083374	harbor1	chr9	4921881	4922374	LTR/ERVL	2778	-	246	4922127	38753
chr9	4883171	5083171	harbor1	chr9	4885489	4885609	LTR/ERVL	557	-	60	4885549	2378
chr9	4883171	5083171	harbor1	chr9	4921881	4922374	LTR/ERVL	2778	-	246	4922127	38956
chr9	135599331	135799331	harbor1	chr9	135652489	135652754	LTR/ERVL	3102	-	132	135652621	53290
chr9	135599331	135799331	harbor1	chr9	135653054	135653245	LTR/ERVL	3102	-	96	135653150	53819
chr9	112387224	112587224	harbor1	chr9	112472566	112472814	LTR/ERVL	880	-	124	112472690	85466
chr9	92959012	93159012	harbor1	chr9	92977590	92977790	LTR/ERVL	823	-	100	92977690	18678
chr9	92959012	93159012	harbor1	chr9	93042956	93043175	LTR/ERVL	749	-	110	93043066	84054
chr9	92959012	93159012	harbor1	chr9	93048576	93049104	LTR/ERVL	2606	-	264	93048840	89828
chr9	2024097	2224097	harbor1	chr9	2030148	2030754	LTR/ERVL	2321	-	303	2030451	6354
chr9	92958991	93158991	harbor1	chr9	92977590	92977790	LTR/ERVL	823	-	100	92977690	18699
chr9	92958991	93158991	harbor1	chr9	93042956	93043175	LTR/ERVL	749	-	110	93043066	84075
chr9	92958991	93158991	harbor1	chr9	93048576	93049104	LTR/ERVL	2606	-	264	93048840	89849
chr9	4673229	4873229	harbor1	chr9	4689689	4689936	LTR/ERVL	705	-	124	4689813	16584
chr9	4673229	4873229	harbor1	chr9	4690094	4690618	LTR/ERVL	1087	-	262	4690356	17127
chr9	4673229	4873229	harbor1	chr9	4690772	4691080	LTR/ERVL	707	-	154	4690926	17697
chr9	3146618	3346618	harbor1	chr9	3175983	3176101	LTR/ERVL	587	-	59	3176042	29424
chr9	3146618	3346618	harbor1	chr9	3186049	3186387	LTR/ERVL	2447	-	169	3186218	39600
chr9	3146618	3346618	harbor1	chr9	3199414	3199533	LTR/ERVL	612	-	60	3199474	52856
chr9	3146618	3346618	harbor1	chr9	3208162	3208679	LTR/ERVL	1346	-	258	3208420	61802
chr9	1998082	2198082	harbor1	chr9	1998220	1998622	LTR/ERVL	673	-	201	1998421	339
chr9	1998082	2198082	harbor1	chr9	2030148	2030754	LTR/ERVL	2321	-	303	2030451	32369
chr9	4824477	5024477	harbor1	chr9	4861091	4861489	LTR/ERVL	1203	-	199	4861290	36813
chr9	4824477	5024477	harbor1	chr9	4885489	4885609	LTR/ERVL	557	-	60	4885549	61072
chr9	4824477	5024477	harbor1	chr9	4921881	4922374	LTR/ERVL	2778	-	246	4922127	97650
chr9	97401848	97601848	harbor1	chr9	97449146	97449915	LTR/ERVL	3692	-	384	97449530	47682
chr9	137316476	137516476	harbor1	chr9	137341344	137341531	LTR/ERVL	647	-	94	137341438	24962
chr9	137316476	137516476	harbor1	chr9	137342394	137342749	LTR/ERVL	1256	-	178	137342572	26096
chr9	137316476	137516476	harbor1	chr9	137343230	137343575	LTR/ERVL	1663	-	172	137343402	26926
chr9	137316476	137516476	harbor1	chr9	137344191	137344331	LTR/ERVL	1663	-	70	137344261	27785
chr9	137316476	137516476	harbor1	chr9	137357664	137357699	LTR/ERVL	2877	-	18	137357682	41206
chr9	137316476	137516476	harbor1	chr9	137357757	137358147	LTR/ERVL	2877	-	195	137357952	41476
chr9	4884823	5084823	harbor1	chr9	4885489	4885609	LTR/ERVL	557	-	60	4885549	726
chr9	4884823	5084823	harbor1	chr9	4921881	4922374	LTR/ERVL	2778	-	246	4922127	37304
chr9	4883080	5083080	harbor1	chr9	4885489	4885609	LTR/ERVL	557	-	60	4885549	2469
chr9	4883080	5083080	harbor1	chr9	4921881	4922374	LTR/ERVL	2778	-	246	4922127	39047
chr9	91323378	91523378	harbor1	chr9	91346588	91347035	LTR/ERVL	2668	-	224	91346812	23434
chr9	91323378	91523378	harbor1	chr9	91347356	91347680	LTR/ERVL	2668	-	162	91347518	24140
chr9	91323378	91523378	harbor1	chr9	91363619	91364074	LTR/ERVL	2508	-	228	91363847	40469
chr9	91323378	91523378	harbor1	chr9	91391655	91392108	LTR/ERVL	1842	-	226	91391881	68503
chr9	91323378	91523378	harbor1	chr9	91393350	91393814	LTR/ERVL	2672	-	232	91393582	70204
chr9	4884842	5084842	harbor1	chr9	4885489	4885609	LTR/ERVL	557	-	60	4885549	707
chr9	4884842	5084842	harbor1	chr9	4921881	4922374	LTR/ERVL	2778	-	246	4922127	37285
chr9	4659562	4859562	harbor1	chr9	4689689	4689936	LTR/ERVL	705	-	124	4689813	30251
chr9	4659562	4859562	harbor1	chr9	4690094	4690618	LTR/ERVL	1087	-	262	4690356	30794
chr9	4659562	4859562	harbor1	chr9	4690772	4691080	LTR/ERVL	707	-	154	4690926	31364
chr9	4884794	5084794	harbor1	chr9	4885489	4885609	LTR/ERVL	557	-	60	4885549	755
chr9	4884794	5084794	harbor1	chr9	4921881	4922374	LTR/ERVL	2778	-	246	4922127	37333
chr9	4883172	5083172	harbor1	chr9	4885489	4885609	LTR/ERVL	557	-	60	4885549	2377
chr9	4883172	5083172	harbor1	chr9	4921881	4922374	LTR/ERVL	2778	-	246	4922127	38955
chr9	89937233	90137233	harbor1	chr9	90008219	90008661	LTR/ERVL	1926	-	221	90008440	71207
chr9	89937233	90137233	harbor1	chr9	90015802	90016143	LTR/ERVL	1168	-	170	90015972	78739
chr9	89937233	90137233	harbor1	chr9	89996899	89997460	LTR/ERVL	1692	-	280	89997179	59946
chr9	64278589	64478589	harbor1	chr9	64334219	64334573	LTR/ERVL	1336	-	177	64334396	55807
chr9	64278589	64478589	harbor1	chr9	64335448	64335563	LTR/ERVL	1336	-	58	64335506	56917
chr9	64278589	64478589	harbor1	chr9	64362569	64362855	LTR/ERVL	2991	-	143	64362712	84123
chr9	64278589	64478589	harbor1	chr9	64363147	64363224	LTR/ERVL	2991	-	38	64363185	84596
chr9	64278589	64478589	harbor1	chr9	64363555	64364071	LTR/ERVL	2991	-	258	64363813	85224
chr9	4884884	5084884	harbor1	chr9	4885489	4885609	LTR/ERVL	557	-	60	4885549	665
chr9	4884884	5084884	harbor1	chr9	4921881	4922374	LTR/ERVL	2778	-	246	4922127	37243
chr9	4883057	5083057	harbor1	chr9	4885489	4885609	LTR/ERVL	557	-	60	4885549	2492
chr9	4883057	5083057	harbor1	chr9	4921881	4922374	LTR/ERVL	2778	-	246	4922127	39070
chr9	4883813	5083813	harbor1	chr9	4885489	4885609	LTR/ERVL	557	-	60	4885549	1736
chr9	4883813	5083813	harbor1	chr9	4921881	4922374	LTR/ERVL	2778	-	246	4922127	38314
chr9	4884786	5084786	harbor1	chr9	4885489	4885609	LTR/ERVL	557	-	60	4885549	763
chr9	4884786	5084786	harbor1	chr9	4921881	4922374	LTR/ERVL	2778	-	246	4922127	37341
chr9	4884810	5084810	harbor1	chr9	4885489	4885609	LTR/ERVL	557	-	60	4885549	739
chr9	4884810	5084810	harbor1	chr9	4921881	4922374	LTR/ERVL	2778	-	246	4922127	37317
chr9	4669937	4869937	harbor1	chr9	4689689	4689936	LTR/ERVL	705	-	124	4689813	19876
chr9	4669937	4869937	harbor1	chr9	4690094	4690618	LTR/ERVL	1087	-	262	4690356	20419
chr9	4669937	4869937	harbor1	chr9	4690772	4691080	LTR/ERVL	707	-	154	4690926	20989
chr9	135465766	135665766	harbor1	chr9	135527150	135527546	LTR/ERVL	1136	-	198	135527348	61582
chr9	135465766	135665766	harbor1	chr9	135536023	135536557	LTR/ERVL	623	-	267	135536290	70524
chr9	135465766	135665766	harbor1	chr9	135540293	135540914	LTR/ERVL	566	-	310	135540603	74837
chr9	4884784	5084784	harbor1	chr9	4885489	4885609	LTR/ERVL	557	-	60	4885549	765
chr9	4884784	5084784	harbor1	chr9	4921881	4922374	LTR/ERVL	2778	-	246	4922127	37343
chr9	196617	396617	harbor1	chr9	280757	280901	LTR/ERVL	717	-	72	280829	84212
chr9	68605549	68805549	harbor1	chr9	68689076	68689482	LTR/ERVL	1336	-	203	68689279	83730
chr9	4866377	5066377	harbor1	chr9	4885489	4885609	LTR/ERVL	557	-	60	4885549	19172
chr9	4866377	5066377	harbor1	chr9	4921881	4922374	LTR/ERVL	2778	-	246	4922127	55750
chr9	4884847	5084847	harbor1	chr9	4885489	4885609	LTR/ERVL	557	-	60	4885549	702
chr9	4884847	5084847	harbor1	chr9	4921881	4922374	LTR/ERVL	2778	-	246	4922127	37280
chr9	4884951	5084951	harbor1	chr9	4885489	4885609	LTR/ERVL	557	-	60	4885549	598
chr9	4884951	5084951	harbor1	chr9	4921881	4922374	LTR/ERVL	2778	-	246	4922127	37176
chr9	108346093	108546093	harbor1	chr9	108407052	108407210	LTR/ERVL	587	-	79	108407131	61038
chr9	108346093	108546093	harbor1	chr9	108412413	108413067	LTR/ERVL	1772	-	327	108412740	66647
chr9	89509793	89709793	harbor1	chr9	89519835	89519873	LTR/ERVL	2377	-	19	89519854	10061
chr9	89509793	89709793	harbor1	chr9	89519930	89520255	LTR/ERVL	2377	-	162	89520092	10299
chr9	89509793	89709793	harbor1	chr9	89520617	89520762	LTR/ERVL	2377	-	72	89520689	10896
chr9	89509793	89709793	harbor1	chr9	89540765	89541201	LTR/ERVL	2044	-	218	89540983	31190
chr9	4884827	5084827	harbor1	chr9	4885489	4885609	LTR/ERVL	557	-	60	4885549	722
chr9	4884827	5084827	harbor1	chr9	4921881	4922374	LTR/ERVL	2778	-	246	4922127	37300
chr9	136445284	136645284	harbor1	chr9	136492890	136493324	LTR/ERVL	860	-	217	136493107	47823
chr9	4648821	4848821	harbor1	chr9	4689689	4689936	LTR/ERVL	705	-	124	4689813	40992
chr9	4648821	4848821	harbor1	chr9	4690094	4690618	LTR/ERVL	1087	-	262	4690356	41535
chr9	4648821	4848821	harbor1	chr9	4690772	4691080	LTR/ERVL	707	-	154	4690926	42105
chr9	87626432	87826432	harbor1	chr9	87633834	87634046	LTR/ERVL	784	-	106	87633940	7508
chr9	87626432	87826432	harbor1	chr9	87634263	87634293	LTR/ERVL	784	-	15	87634278	7846
chr9	4669262	4869262	harbor1	chr9	4689689	4689936	LTR/ERVL	705	-	124	4689813	20551
chr9	4669262	4869262	harbor1	chr9	4690094	4690618	LTR/ERVL	1087	-	262	4690356	21094
chr9	4669262	4869262	harbor1	chr9	4690772	4691080	LTR/ERVL	707	-	154	4690926	21664
chr9	4812824	5012824	harbor1	chr9	4861091	4861489	LTR/ERVL	1203	-	199	4861290	48466
chr9	4812824	5012824	harbor1	chr9	4885489	4885609	LTR/ERVL	557	-	60	4885549	72725
chr9	68605579	68805579	harbor1	chr9	68689076	68689482	LTR/ERVL	1336	-	203	68689279	83700
chr9	4879662	5079662	harbor1	chr9	4885489	4885609	LTR/ERVL	557	-	60	4885549	5887
chr9	4879662	5079662	harbor1	chr9	4921881	4922374	LTR/ERVL	2778	-	246	4922127	42465
chr9	85705422	85905422	harbor1	chr9	85775592	85775987	LTR/ERVL	2726	-	198	85775790	70368
chr9	85705422	85905422	harbor1	chr9	85775988	85778785	LTR/ERVL	20821	-	1398	85777386	71964
chr9	85705422	85905422	harbor1	chr9	85778776	85779132	LTR/ERVL	2742	-	178	85778954	73532
chr9	85705422	85905422	harbor1	chr9	85779133	85779176	LTR/ERVL	2705	-	22	85779155	73733
chr9	85705422	85905422	harbor1	chr9	85779266	85779684	LTR/ERVL	2705	-	209	85779475	74053
chr9	4883218	5083218	harbor1	chr9	4885489	4885609	LTR/ERVL	557	-	60	4885549	2331
chr9	4883218	5083218	harbor1	chr9	4921881	4922374	LTR/ERVL	2778	-	246	4922127	38909
chr9	4883477	5083477	harbor1	chr9	4885489	4885609	LTR/ERVL	557	-	60	4885549	2072
chr9	4883477	5083477	harbor1	chr9	4921881	4922374	LTR/ERVL	2778	-	246	4922127	38650
chr9	4663738	4863738	harbor1	chr9	4689689	4689936	LTR/ERVL	705	-	124	4689813	26075
chr9	4663738	4863738	harbor1	chr9	4690094	4690618	LTR/ERVL	1087	-	262	4690356	26618
chr9	4663738	4863738	harbor1	chr9	4690772	4691080	LTR/ERVL	707	-	154	4690926	27188
chr9	4885072	5085072	harbor1	chr9	4885489	4885609	LTR/ERVL	557	-	60	4885549	477
chr9	4885072	5085072	harbor1	chr9	4921881	4922374	LTR/ERVL	2778	-	246	4922127	37055
chr9	4824143	5024143	harbor1	chr9	4861091	4861489	LTR/ERVL	1203	-	199	4861290	37147
chr9	4824143	5024143	harbor1	chr9	4885489	4885609	LTR/ERVL	557	-	60	4885549	61406
chr9	4824143	5024143	harbor1	chr9	4921881	4922374	LTR/ERVL	2778	-	246	4922127	97984
chr9	4663518	4863518	harbor1	chr9	4689689	4689936	LTR/ERVL	705	-	124	4689813	26295
chr9	4663518	4863518	harbor1	chr9	4690094	4690618	LTR/ERVL	1087	-	262	4690356	26838
chr9	4663518	4863518	harbor1	chr9	4690772	4691080	LTR/ERVL	707	-	154	4690926	27408
chr9	135599704	135799704	harbor1	chr9	135652489	135652754	LTR/ERVL	3102	-	132	135652621	52917
chr9	135599704	135799704	harbor1	chr9	135653054	135653245	LTR/ERVL	3102	-	96	135653150	53446
chr9	4884871	5084871	harbor1	chr9	4885489	4885609	LTR/ERVL	557	-	60	4885549	678
chr9	4884871	5084871	harbor1	chr9	4921881	4922374	LTR/ERVL	2778	-	246	4922127	37256
chr9	4883433	5083433	harbor1	chr9	4885489	4885609	LTR/ERVL	557	-	60	4885549	2116
chr9	4883433	5083433	harbor1	chr9	4921881	4922374	LTR/ERVL	2778	-	246	4922127	38694
chr9	87626458	87826458	harbor1	chr9	87633834	87634046	LTR/ERVL	784	-	106	87633940	7482
chr9	87626458	87826458	harbor1	chr9	87634263	87634293	LTR/ERVL	784	-	15	87634278	7820
chr9	105145295	105345295	harbor1	chr9	105148653	105149003	LTR/ERVL	1050	-	175	105148828	3533
chr9	105145295	105345295	harbor1	chr9	105167492	105167537	LTR/ERVL	2123	-	22	105167514	22219
chr9	105145295	105345295	harbor1	chr9	105167903	105168335	LTR/ERVL	2123	-	216	105168119	22824
chr9	105145295	105345295	harbor1	chr9	105168607	105168721	LTR/ERVL	2123	-	57	105168664	23369
chr9	105145295	105345295	harbor1	chr9	105207086	105207590	LTR/ERVL	759	-	252	105207338	62043
chr9	112387255	112587255	harbor1	chr9	112472566	112472814	LTR/ERVL	880	-	124	112472690	85435
chr9	35625694	35825694	harbor1	chr9	35629515	35629757	LTR/ERVL	1048	-	121	35629636	3942
chr9	4884855	5084855	harbor1	chr9	4885489	4885609	LTR/ERVL	557	-	60	4885549	694
chr9	4884855	5084855	harbor1	chr9	4921881	4922374	LTR/ERVL	2778	-	246	4922127	37272
chr9	133678135	133878135	harbor1	chr9	133755374	133755662	LTR/ERVL	758	-	144	133755518	77383
chr9	133678135	133878135	harbor1	chr9	133755781	133756104	LTR/ERVL	1834	-	162	133755943	77808
chr9	133678135	133878135	harbor1	chr9	133756416	133756518	LTR/ERVL	1834	-	51	133756467	78332
chr9	37551225	37751225	harbor1	chr9	37557025	37557180	LTR/ERVL	497	-	78	37557103	5878
chr9	37551225	37751225	harbor1	chr9	37557243	37557531	LTR/ERVL	740	-	144	37557387	6162
chr9	4884829	5084829	harbor1	chr9	4885489	4885609	LTR/ERVL	557	-	60	4885549	720
chr9	4884829	5084829	harbor1	chr9	4921881	4922374	LTR/ERVL	2778	-	246	4922127	37298
chr9	135829624	136029624	harbor1	chr9	135858564	135859083	LTR/ERVL	2039	-	260	135858824	29200
chr9	4885054	5085054	harbor1	chr9	4885489	4885609	LTR/ERVL	557	-	60	4885549	495
chr9	4885054	5085054	harbor1	chr9	4921881	4922374	LTR/ERVL	2778	-	246	4922127	37073
chr9	13706365	13906365	harbor1	chr9	13761576	13762410	LTR/ERVL	1616	-	417	13761993	55628
chr9	13706365	13906365	harbor1	chr9	13762608	13762849	LTR/ERVL	663	-	120	13762728	56363
chr9	13706365	13906365	harbor1	chr9	13763186	13765022	LTR/ERVL	2217	-	918	13764104	57739
chr9	13706365	13906365	harbor1	chr9	13765074	13765801	LTR/ERVL	1086	-	364	13765438	59073
chr9	13706365	13906365	harbor1	chr9	13766134	13766210	LTR/ERVL	1086	-	38	13766172	59807
chr9	13706365	13906365	harbor1	chr9	13766219	13766637	LTR/ERVL	1308	-	209	13766428	60063
chr9	4663234	4863234	harbor1	chr9	4689689	4689936	LTR/ERVL	705	-	124	4689813	26579
chr9	4663234	4863234	harbor1	chr9	4690094	4690618	LTR/ERVL	1087	-	262	4690356	27122
chr9	4663234	4863234	harbor1	chr9	4690772	4691080	LTR/ERVL	707	-	154	4690926	27692
chr9	135515777	135715777	harbor1	chr9	135527150	135527546	LTR/ERVL	1136	-	198	135527348	11571
chr9	135515777	135715777	harbor1	chr9	135536023	135536557	LTR/ERVL	623	-	267	135536290	20513
chr9	135515777	135715777	harbor1	chr9	135540293	135540914	LTR/ERVL	566	-	310	135540603	24826
chr9	126299347	126499347	harbor1	chr9	126348902	126349426	LTR/ERVL	1702	-	262	126349164	49817
chr9	111561637	111761637	harbor1	chr9	111615152	111615677	LTR/ERVL	2519	-	262	111615414	53777
chr9	111561637	111761637	harbor1	chr9	111627699	111627867	LTR/ERVL	560	-	84	111627783	66146
chr9	4883815	5083815	harbor1	chr9	4885489	4885609	LTR/ERVL	557	-	60	4885549	1734
chr9	4883815	5083815	harbor1	chr9	4921881	4922374	LTR/ERVL	2778	-	246	4922127	38312
chr9	404061	604061	harbor1	chr9	444145	444335	LTR/ERVL	1132	-	95	444240	40179
chr9	404061	604061	harbor1	chr9	444366	444824	LTR/ERVL	1132	-	229	444595	40534
chr9	4885087	5085087	harbor1	chr9	4885489	4885609	LTR/ERVL	557	-	60	4885549	462
chr9	4885087	5085087	harbor1	chr9	4921881	4922374	LTR/ERVL	2778	-	246	4922127	37040
chr9	4884787	5084787	harbor1	chr9	4885489	4885609	LTR/ERVL	557	-	60	4885549	762
chr9	4884787	5084787	harbor1	chr9	4921881	4922374	LTR/ERVL	2778	-	246	4922127	37340
chr9	4884870	5084870	harbor1	chr9	4885489	4885609	LTR/ERVL	557	-	60	4885549	679
chr9	4884870	5084870	harbor1	chr9	4921881	4922374	LTR/ERVL	2778	-	246	4922127	37257
chr9	4884906	5084906	harbor1	chr9	4885489	4885609	LTR/ERVL	557	-	60	4885549	643
chr9	4884906	5084906	harbor1	chr9	4921881	4922374	LTR/ERVL	2778	-	246	4922127	37221
chr9	135593627	135793627	harbor1	chr9	135652489	135652754	LTR/ERVL	3102	-	132	135652621	58994
chr9	135593627	135793627	harbor1	chr9	135653054	135653245	LTR/ERVL	3102	-	96	135653150	59523
chr9	108349474	108549474	harbor1	chr9	108407052	108407210	LTR/ERVL	587	-	79	108407131	57657
chr9	108349474	108549474	harbor1	chr9	108412413	108413067	LTR/ERVL	1772	-	327	108412740	63266
chr9	92958957	93158957	harbor1	chr9	92977590	92977790	LTR/ERVL	823	-	100	92977690	18733
chr9	92958957	93158957	harbor1	chr9	93042956	93043175	LTR/ERVL	749	-	110	93043066	84109
chr9	92958957	93158957	harbor1	chr9	93048576	93049104	LTR/ERVL	2606	-	264	93048840	89883
chr10	132232384	132432384	harbor1	chr10	132238276	132238757	LTR/ERVL	1274	-	240	132238516	6132
chr10	132232398	132432398	harbor1	chr10	132238276	132238757	LTR/ERVL	1274	-	240	132238516	6118
chr10	48449566	48649566	harbor1	chr10	48503967	48504247	LTR/ERVL	640	-	140	48504107	54541
chr10	14778680	14978680	harbor1	chr10	14786823	14787291	LTR/ERVL	1400	-	234	14787057	8377
chr10	14778680	14978680	harbor1	chr10	14791491	14791831	LTR/ERVL	1151	-	170	14791661	12981
chr10	14778680	14978680	harbor1	chr10	14792126	14792253	LTR/ERVL	1151	-	64	14792190	13510
chr10	122404718	122604718	harbor1	chr10	122405569	122405788	LTR/ERVL	651	-	110	122405679	961
chr10	14778677	14978677	harbor1	chr10	14786823	14787291	LTR/ERVL	1400	-	234	14787057	8380
chr10	14778677	14978677	harbor1	chr10	14791491	14791831	LTR/ERVL	1151	-	170	14791661	12984
chr10	14778677	14978677	harbor1	chr10	14792126	14792253	LTR/ERVL	1151	-	64	14792190	13513
chr10	75309886	75509886	harbor1	chr10	75310989	75311440	LTR/ERVL	3566	-	226	75311215	1329
chr10	75309886	75509886	harbor1	chr10	75342315	75342497	LTR/ERVL	569	-	91	75342406	32520
chr10	14778676	14978676	harbor1	chr10	14786823	14787291	LTR/ERVL	1400	-	234	14787057	8381
chr10	14778676	14978676	harbor1	chr10	14791491	14791831	LTR/ERVL	1151	-	170	14791661	12985
chr10	14778676	14978676	harbor1	chr10	14792126	14792253	LTR/ERVL	1151	-	64	14792190	13514
chr10	14771563	14971563	harbor1	chr10	14786823	14787291	LTR/ERVL	1400	-	234	14787057	15494
chr10	14771563	14971563	harbor1	chr10	14791491	14791831	LTR/ERVL	1151	-	170	14791661	20098
chr10	14771563	14971563	harbor1	chr10	14792126	14792253	LTR/ERVL	1151	-	64	14792190	20627
chr10	95979828	96179828	harbor1	chr10	95998507	95998833	LTR/ERVL	2239	-	163	95998670	18842
chr10	95979828	96179828	harbor1	chr10	95999111	95999196	LTR/ERVL	2239	-	42	95999153	19325
chr10	95979828	96179828	harbor1	chr10	96039801	96040215	LTR/ERVL	2077	-	207	96040008	60180
chr10	95979828	96179828	harbor1	chr10	96074527	96074843	LTR/ERVL	538	-	158	96074685	94857
chr10	14755514	14955514	harbor1	chr10	14786823	14787291	LTR/ERVL	1400	-	234	14787057	31543
chr10	14755514	14955514	harbor1	chr10	14791491	14791831	LTR/ERVL	1151	-	170	14791661	36147
chr10	14755514	14955514	harbor1	chr10	14792126	14792253	LTR/ERVL	1151	-	64	14792190	36676
chr10	132202571	132402571	harbor1	chr10	132238276	132238757	LTR/ERVL	1274	-	240	132238516	35945
chr10	132642062	132842062	harbor1	chr10	132672827	132675060	LTR/ERVL	16522	-	1116	132673943	31881
chr10	97672098	97872098	harbor1	chr10	97695438	97695601	LTR/ERVL	657	-	82	97695520	23422
chr10	97672098	97872098	harbor1	chr10	97703483	97703950	LTR/ERVL	2190	-	234	97703717	31619
chr10	97672098	97872098	harbor1	chr10	97708493	97708744	LTR/ERVL	664	-	126	97708619	36521
chr10	97672098	97872098	harbor1	chr10	97709045	97709234	LTR/ERVL	713	-	94	97709139	37041
chr10	100885458	101085458	harbor1	chr10	100887552	100887980	LTR/ERVL	2763	-	214	100887766	2308
chr10	100885458	101085458	harbor1	chr10	100942047	100942492	LTR/ERVL	1718	-	222	100942269	56811
chr10	100885458	101085458	harbor1	chr10	100942956	100943284	LTR/ERVL	899	-	164	100943120	57662
chr10	100885458	101085458	harbor1	chr10	100951374	100951722	LTR/ERVL	1502	-	174	100951548	66090
chr10	100885458	101085458	harbor1	chr10	100977744	100978185	LTR/ERVL	2715	-	220	100977964	92506
chr10	122401188	122601188	harbor1	chr10	122405569	122405788	LTR/ERVL	651	-	110	122405679	4491
chr10	133105439	133305439	harbor1	chr10	133142759	133143128	LTR/ERVL	1159	-	184	133142943	37504
chr10	97672148	97872148	harbor1	chr10	97695438	97695601	LTR/ERVL	657	-	82	97695520	23372
chr10	97672148	97872148	harbor1	chr10	97703483	97703950	LTR/ERVL	2190	-	234	97703717	31569
chr10	97672148	97872148	harbor1	chr10	97708493	97708744	LTR/ERVL	664	-	126	97708619	36471
chr10	97672148	97872148	harbor1	chr10	97709045	97709234	LTR/ERVL	713	-	94	97709139	36991
chr10	23339297	23539297	harbor1	chr10	23362668	23362742	LTR/ERVL	628	-	37	23362705	23408
chr10	23339297	23539297	harbor1	chr10	23362879	23363249	LTR/ERVL	628	-	185	23363064	23767
chr10	23339297	23539297	harbor1	chr10	23387021	23387371	LTR/ERVL	2431	-	175	23387196	47899
chr10	23339297	23539297	harbor1	chr10	23387944	23388118	LTR/ERVL	2431	-	87	23388031	48734
chr10	23339297	23539297	harbor1	chr10	23388402	23388689	LTR/ERVL	1088	-	144	23388546	49249
chr10	23339297	23539297	harbor1	chr10	23397840	23398496	LTR/ERVL	1836	-	328	23398168	58871
chr10	23339297	23539297	harbor1	chr10	23398812	23398993	LTR/ERVL	1836	-	90	23398902	59605
chr10	23339297	23539297	harbor1	chr10	23430657	23431104	LTR/ERVL	2161	-	224	23430881	91584
chr10	23339297	23539297	harbor1	chr10	23431127	23431280	LTR/ERVL	554	-	76	23431203	91906
chr10	122404812	122604812	harbor1	chr10	122405569	122405788	LTR/ERVL	651	-	110	122405679	867
chr10	130648147	130848147	harbor1	chr10	130659628	130659991	LTR/ERVL	1149	-	182	130659810	11663
chr10	130648147	130848147	harbor1	chr10	130700863	130701238	LTR/ERVL	472	-	188	130701051	52904
chr10	130648147	130848147	harbor1	chr10	130738172	130738645	LTR/ERVL	993	-	236	130738408	90261
chr10	101115534	101315534	harbor1	chr10	101148059	101148262	LTR/ERVL	1006	-	102	101148161	32627
chr10	101115534	101315534	harbor1	chr10	101148561	101149117	LTR/ERVL	1155	-	278	101148839	33305
chr10	101115534	101315534	harbor1	chr10	101149855	101150055	LTR/ERVL	578	-	100	101149955	34421
chr10	101115534	101315534	harbor1	chr10	101150336	101150440	LTR/ERVL	578	-	52	101150388	34854
chr10	75111011	75311011	harbor1	chr10	75137910	75138266	LTR/ERVL	926	-	178	75138088	27077
chr10	75111011	75311011	harbor1	chr10	75197109	75197375	LTR/ERVL	932	-	133	75197242	86231
chr10	4608518	4808518	harbor1	chr10	4615807	4616646	LTR/ERVL	3249	-	420	4616227	7709
chr10	4608518	4808518	harbor1	chr10	4616722	4617008	LTR/ERVL	1223	-	143	4616865	8347
chr10	4608518	4808518	harbor1	chr10	4639598	4640148	LTR/ERVL	1058	-	275	4639873	31355
chr10	4608518	4808518	harbor1	chr10	4692733	4693093	LTR/ERVL	1807	-	180	4692913	84395
chr10	4608518	4808518	harbor1	chr10	4693377	4693728	LTR/ERVL	1807	-	176	4693553	85035
chr10	4608518	4808518	harbor1	chr10	4694308	4694551	LTR/ERVL	932	-	122	4694430	85912
chr10	14701889	14901889	harbor1	chr10	14717266	14717836	LTR/ERVL	1817	-	285	14717551	15662
chr10	14701889	14901889	harbor1	chr10	14786823	14787291	LTR/ERVL	1400	-	234	14787057	85168
chr10	14701889	14901889	harbor1	chr10	14791491	14791831	LTR/ERVL	1151	-	170	14791661	89772
chr10	14701889	14901889	harbor1	chr10	14792126	14792253	LTR/ERVL	1151	-	64	14792190	90301
chr10	132232394	132432394	harbor1	chr10	132238276	132238757	LTR/ERVL	1274	-	240	132238516	6122
chr10	112347249	112547249	harbor1	chr10	112423501	112423844	LTR/ERVL	597	-	172	112423673	76424
chr10	112347249	112547249	harbor1	chr10	112423978	112424285	LTR/ERVL	597	-	154	112424132	76883
chr10	130532945	130732945	harbor1	chr10	130551674	130552171	LTR/ERVL	1252	-	248	130551922	18977
chr10	130532945	130732945	harbor1	chr10	130625342	130625579	LTR/ERVL	644	-	118	130625460	92515
chr10	122856480	123056480	harbor1	chr10	122859076	122859610	LTR/ERVL	2379	-	267	122859343	2863
chr10	122856480	123056480	harbor1	chr10	122859642	122859991	LTR/ERVL	920	-	174	122859816	3336
chr10	122856480	123056480	harbor1	chr10	122928532	122928623	LTR/ERVL	627	-	46	122928578	72098
chr10	122856480	123056480	harbor1	chr10	122941340	122941784	LTR/ERVL	1332	-	222	122941562	85082
chr10	69472321	69672321	harbor1	chr10	69500140	69500347	LTR/ERVL	715	-	104	69500244	27923
chr10	69472321	69672321	harbor1	chr10	69500421	69500847	LTR/ERVL	1588	-	213	69500634	28313
chr10	122063803	122263803	harbor1	chr10	122143933	122144374	LTR/ERVL	1940	-	220	122144153	80350
chr10	100678605	100878605	harbor1	chr10	100717773	100718199	LTR/ERVL	2551	-	213	100717986	39381
chr10	132206329	132406329	harbor1	chr10	132238276	132238757	LTR/ERVL	1274	-	240	132238516	32187
chr10	14778721	14978721	harbor1	chr10	14786823	14787291	LTR/ERVL	1400	-	234	14787057	8336
chr10	14778721	14978721	harbor1	chr10	14791491	14791831	LTR/ERVL	1151	-	170	14791661	12940
chr10	14778721	14978721	harbor1	chr10	14792126	14792253	LTR/ERVL	1151	-	64	14792190	13469
chr10	75111017	75311017	harbor1	chr10	75137910	75138266	LTR/ERVL	926	-	178	75138088	27071
chr10	75111017	75311017	harbor1	chr10	75197109	75197375	LTR/ERVL	932	-	133	75197242	86225
chr10	132232388	132432388	harbor1	chr10	132238276	132238757	LTR/ERVL	1274	-	240	132238516	6128
chr10	43005639	43205639	harbor1	chr10	43023596	43024033	LTR/ERVL	3451	-	218	43023814	18175
chr10	43005639	43205639	harbor1	chr10	43101711	43101909	LTR/ERVL	780	-	99	43101810	96171
chr10	4382921	4582921	harbor1	chr10	4400690	4401152	LTR/ERVL	2463	-	231	4400921	18000
chr10	23339295	23539295	harbor1	chr10	23362668	23362742	LTR/ERVL	628	-	37	23362705	23410
chr10	23339295	23539295	harbor1	chr10	23362879	23363249	LTR/ERVL	628	-	185	23363064	23769
chr10	23339295	23539295	harbor1	chr10	23387021	23387371	LTR/ERVL	2431	-	175	23387196	47901
chr10	23339295	23539295	harbor1	chr10	23387944	23388118	LTR/ERVL	2431	-	87	23388031	48736
chr10	23339295	23539295	harbor1	chr10	23388402	23388689	LTR/ERVL	1088	-	144	23388546	49251
chr10	23339295	23539295	harbor1	chr10	23397840	23398496	LTR/ERVL	1836	-	328	23398168	58873
chr10	23339295	23539295	harbor1	chr10	23398812	23398993	LTR/ERVL	1836	-	90	23398902	59607
chr10	23339295	23539295	harbor1	chr10	23430657	23431104	LTR/ERVL	2161	-	224	23430881	91586
chr10	23339295	23539295	harbor1	chr10	23431127	23431280	LTR/ERVL	554	-	76	23431203	91908
chr10	100906939	101106939	harbor1	chr10	100942047	100942492	LTR/ERVL	1718	-	222	100942269	35330
chr10	100906939	101106939	harbor1	chr10	100942956	100943284	LTR/ERVL	899	-	164	100943120	36181
chr10	100906939	101106939	harbor1	chr10	100951374	100951722	LTR/ERVL	1502	-	174	100951548	44609
chr10	100906939	101106939	harbor1	chr10	100977744	100978185	LTR/ERVL	2715	-	220	100977964	71025
chr10	14778699	14978699	harbor1	chr10	14786823	14787291	LTR/ERVL	1400	-	234	14787057	8358
chr10	14778699	14978699	harbor1	chr10	14791491	14791831	LTR/ERVL	1151	-	170	14791661	12962
chr10	14778699	14978699	harbor1	chr10	14792126	14792253	LTR/ERVL	1151	-	64	14792190	13491
chr10	43004161	43204161	harbor1	chr10	43023596	43024033	LTR/ERVL	3451	-	218	43023814	19653
chr10	43004161	43204161	harbor1	chr10	43101711	43101909	LTR/ERVL	780	-	99	43101810	97649
chr10	114073688	114273688	harbor1	chr10	114109822	114109921	LTR/ERVL	962	-	50	114109872	36184
chr10	114073688	114273688	harbor1	chr10	114110211	114110405	LTR/ERVL	962	-	97	114110308	36620
chr10	114073688	114273688	harbor1	chr10	114110715	114110888	LTR/ERVL	756	-	86	114110801	37113
chr10	101115425	101315425	harbor1	chr10	101148059	101148262	LTR/ERVL	1006	-	102	101148161	32736
chr10	101115425	101315425	harbor1	chr10	101148561	101149117	LTR/ERVL	1155	-	278	101148839	33414
chr10	101115425	101315425	harbor1	chr10	101149855	101150055	LTR/ERVL	578	-	100	101149955	34530
chr10	101115425	101315425	harbor1	chr10	101150336	101150440	LTR/ERVL	578	-	52	101150388	34963
chr10	73811076	74011076	harbor1	chr10	73890775	73890863	LTR/ERVL	1038	-	44	73890819	79743
chr10	73811076	74011076	harbor1	chr10	73891445	73891735	LTR/ERVL	1038	-	145	73891590	80514
chr10	69458778	69658778	harbor1	chr10	69500140	69500347	LTR/ERVL	715	-	104	69500244	41466
chr10	69458778	69658778	harbor1	chr10	69500421	69500847	LTR/ERVL	1588	-	213	69500634	41856
chr10	46006324	46206324	harbor1	chr10	46079257	46079461	LTR/ERVL	562	-	102	46079359	73035
chr10	46006324	46206324	harbor1	chr10	46079752	46079929	LTR/ERVL	562	-	88	46079840	73516
chr10	46006324	46206324	harbor1	chr10	46084177	46084644	LTR/ERVL	937	-	234	46084411	78087
chr10	133556781	133756781	harbor1	chr10	133573960	133574082	LTR/ERVL	566	-	61	133574021	17240
chr10	68160980	68360980	harbor1	chr10	68223658	68224089	LTR/ERVL	1473	-	216	68223874	62894
chr10	100085650	100285650	harbor1	chr10	100127797	100128162	LTR/ERVL	882	-	182	100127979	42329
chr10	100085650	100285650	harbor1	chr10	100146368	100146622	LTR/ERVL	664	-	127	100146495	60845
chr10	100085650	100285650	harbor1	chr10	100146754	100146943	LTR/ERVL	715	-	94	100146848	61198
chr10	47239786	47439786	harbor1	chr10	47246801	47247181	LTR/ERVL	831	-	190	47246991	7205
chr10	47239786	47439786	harbor1	chr10	47288922	47289352	LTR/ERVL	1071	-	215	47289137	49351
chr10	47239786	47439786	harbor1	chr10	47289407	47289635	LTR/ERVL	588	-	114	47289521	49735
chr10	47239786	47439786	harbor1	chr10	47289772	47291524	LTR/ERVL	3736	-	876	47290648	50862
chr10	47239786	47439786	harbor1	chr10	47292217	47294169	LTR/ERVL	3214	-	976	47293193	53407
chr10	47239786	47439786	harbor1	chr10	47294660	47294754	LTR/ERVL	2500	-	47	47294707	54921
chr10	47239786	47439786	harbor1	chr10	47294793	47295124	LTR/ERVL	577	-	166	47294959	55173
chr10	7113930	7313930	harbor1	chr10	7156021	7156189	LTR/ERVL	552	-	84	7156105	42175
chr10	48299632	48499632	harbor1	chr10	48318035	48318405	LTR/ERVL	1937	-	185	48318220	18588
chr10	48299632	48499632	harbor1	chr10	48371560	48372198	LTR/ERVL	3177	-	319	48371879	72247
chr10	48299632	48499632	harbor1	chr10	48389911	48390384	LTR/ERVL	2598	-	236	48390147	90515
chr10	48299632	48499632	harbor1	chr10	48391527	48392419	LTR/ERVL	4240	-	446	48391973	92341
chr10	48449569	48649569	harbor1	chr10	48503967	48504247	LTR/ERVL	640	-	140	48504107	54538
chr10	132143415	132343415	harbor1	chr10	132179795	132180232	LTR/ERVL	1192	-	218	132180013	36598
chr10	132143415	132343415	harbor1	chr10	132238276	132238757	LTR/ERVL	1274	-	240	132238516	95101
chr10	14778012	14978012	harbor1	chr10	14786823	14787291	LTR/ERVL	1400	-	234	14787057	9045
chr10	14778012	14978012	harbor1	chr10	14791491	14791831	LTR/ERVL	1151	-	170	14791661	13649
chr10	14778012	14978012	harbor1	chr10	14792126	14792253	LTR/ERVL	1151	-	64	14792190	14178
chr10	132207804	132407804	harbor1	chr10	132238276	132238757	LTR/ERVL	1274	-	240	132238516	30712
chr10	4452758	4652758	harbor1	chr10	4484603	4484880	LTR/ERVL	687	-	138	4484741	31983
chr10	4452758	4652758	harbor1	chr10	4484935	4485779	LTR/ERVL	818	-	422	4485357	32599
chr10	4452758	4652758	harbor1	chr10	4500891	4501348	LTR/ERVL	1633	-	228	4501119	48361
chr10	4452758	4652758	harbor1	chr10	4503123	4503530	LTR/ERVL	1997	-	204	4503327	50569
chr10	4452758	4652758	harbor1	chr10	4510267	4510516	LTR/ERVL	1103	-	124	4510391	57633
chr10	4452758	4652758	harbor1	chr10	4515396	4515807	LTR/ERVL	1343	-	206	4515602	62844
chr10	4452758	4652758	harbor1	chr10	4535722	4536256	LTR/ERVL	1714	-	267	4535989	83231
chr10	4452758	4652758	harbor1	chr10	4536772	4537387	LTR/ERVL	2112	-	308	4537080	84322
chr10	4452758	4652758	harbor1	chr10	4537583	4537852	LTR/ERVL	756	-	134	4537717	84959
chr10	75111058	75311058	harbor1	chr10	75137910	75138266	LTR/ERVL	926	-	178	75138088	27030
chr10	75111058	75311058	harbor1	chr10	75197109	75197375	LTR/ERVL	932	-	133	75197242	86184
chr10	47239777	47439777	harbor1	chr10	47246801	47247181	LTR/ERVL	831	-	190	47246991	7214
chr10	47239777	47439777	harbor1	chr10	47288922	47289352	LTR/ERVL	1071	-	215	47289137	49360
chr10	47239777	47439777	harbor1	chr10	47289407	47289635	LTR/ERVL	588	-	114	47289521	49744
chr10	47239777	47439777	harbor1	chr10	47289772	47291524	LTR/ERVL	3736	-	876	47290648	50871
chr10	47239777	47439777	harbor1	chr10	47292217	47294169	LTR/ERVL	3214	-	976	47293193	53416
chr10	47239777	47439777	harbor1	chr10	47294660	47294754	LTR/ERVL	2500	-	47	47294707	54930
chr10	47239777	47439777	harbor1	chr10	47294793	47295124	LTR/ERVL	577	-	166	47294959	55182
chr10	89132447	89332447	harbor1	chr10	89170489	89170632	LTR/ERVL	667	-	72	89170561	38114
chr10	47239796	47439796	harbor1	chr10	47246801	47247181	LTR/ERVL	831	-	190	47246991	7195
chr10	47239796	47439796	harbor1	chr10	47288922	47289352	LTR/ERVL	1071	-	215	47289137	49341
chr10	47239796	47439796	harbor1	chr10	47289407	47289635	LTR/ERVL	588	-	114	47289521	49725
chr10	47239796	47439796	harbor1	chr10	47289772	47291524	LTR/ERVL	3736	-	876	47290648	50852
chr10	47239796	47439796	harbor1	chr10	47292217	47294169	LTR/ERVL	3214	-	976	47293193	53397
chr10	47239796	47439796	harbor1	chr10	47294660	47294754	LTR/ERVL	2500	-	47	47294707	54911
chr10	47239796	47439796	harbor1	chr10	47294793	47295124	LTR/ERVL	577	-	166	47294959	55163
chr10	22289372	22489372	harbor1	chr10	22301175	22301778	LTR/ERVL	571	-	302	22301477	12105
chr10	132232409	132432409	harbor1	chr10	132238276	132238757	LTR/ERVL	1274	-	240	132238516	6107
chr10	68462143	68662143	harbor1	chr10	68533497	68534239	LTR/ERVL	14550	-	371	68533868	71725
chr10	68462143	68662143	harbor1	chr10	68534548	68534641	LTR/ERVL	14550	-	46	68534594	72451
chr10	68462143	68662143	harbor1	chr10	68534935	68535033	LTR/ERVL	14550	-	49	68534984	72841
chr10	68462143	68662143	harbor1	chr10	68535665	68536503	LTR/ERVL	14550	-	419	68536084	73941
chr10	68462143	68662143	harbor1	chr10	68537123	68537434	LTR/ERVL	14550	-	156	68537279	75136
chr10	68462143	68662143	harbor1	chr10	68537732	68537882	LTR/ERVL	14550	-	75	68537807	75664
chr10	68462143	68662143	harbor1	chr10	68538070	68538867	LTR/ERVL	14550	-	398	68538468	76325
chr10	68462143	68662143	harbor1	chr10	68539169	68539179	LTR/ERVL	14550	-	5	68539174	77031
chr10	68462143	68662143	harbor1	chr10	68539480	68539538	LTR/ERVL	14550	-	29	68539509	77366
chr10	68462143	68662143	harbor1	chr10	68539851	68539863	LTR/ERVL	14550	-	6	68539857	77714
chr10	68462143	68662143	harbor1	chr10	68540163	68540398	LTR/ERVL	14550	-	118	68540281	78138
chr10	68462143	68662143	harbor1	chr10	68540938	68541083	LTR/ERVL	14550	-	72	68541010	78867
chr10	68462143	68662143	harbor1	chr10	68541384	68541747	LTR/ERVL	14550	-	182	68541566	79423
chr10	68462143	68662143	harbor1	chr10	68542045	68542720	LTR/ERVL	14550	-	338	68542383	80240
chr10	68462143	68662143	harbor1	chr10	68543024	68543378	LTR/ERVL	14550	-	177	68543201	81058
chr10	68462143	68662143	harbor1	chr10	68543379	68543792	LTR/ERVL	2395	-	206	68543585	81442
chr10	14752857	14952857	harbor1	chr10	14786823	14787291	LTR/ERVL	1400	-	234	14787057	34200
chr10	14752857	14952857	harbor1	chr10	14791491	14791831	LTR/ERVL	1151	-	170	14791661	38804
chr10	14752857	14952857	harbor1	chr10	14792126	14792253	LTR/ERVL	1151	-	64	14792190	39333
chr10	133137750	133337750	harbor1	chr10	133142759	133143128	LTR/ERVL	1159	-	184	133142943	5193
chr10	31828950	32028950	harbor1	chr10	31886986	31887445	LTR/ERVL	1804	-	230	31887216	58266
chr10	14778778	14978778	harbor1	chr10	14786823	14787291	LTR/ERVL	1400	-	234	14787057	8279
chr10	14778778	14978778	harbor1	chr10	14791491	14791831	LTR/ERVL	1151	-	170	14791661	12883
chr10	14778778	14978778	harbor1	chr10	14792126	14792253	LTR/ERVL	1151	-	64	14792190	13412
chr10	7149143	7349143	harbor1	chr10	7156021	7156189	LTR/ERVL	552	-	84	7156105	6962
chr10	46005969	46205969	harbor1	chr10	46079257	46079461	LTR/ERVL	562	-	102	46079359	73390
chr10	46005969	46205969	harbor1	chr10	46079752	46079929	LTR/ERVL	562	-	88	46079840	73871
chr10	46005969	46205969	harbor1	chr10	46084177	46084644	LTR/ERVL	937	-	234	46084411	78442
chr10	122063779	122263779	harbor1	chr10	122143933	122144374	LTR/ERVL	1940	-	220	122144153	80374
chr10	132614280	132814280	harbor1	chr10	132672827	132675060	LTR/ERVL	16522	-	1116	132673943	59663
chr10	100906982	101106982	harbor1	chr10	100942047	100942492	LTR/ERVL	1718	-	222	100942269	35287
chr10	100906982	101106982	harbor1	chr10	100942956	100943284	LTR/ERVL	899	-	164	100943120	36138
chr10	100906982	101106982	harbor1	chr10	100951374	100951722	LTR/ERVL	1502	-	174	100951548	44566
chr10	100906982	101106982	harbor1	chr10	100977744	100978185	LTR/ERVL	2715	-	220	100977964	70982
chr10	14763732	14963732	harbor1	chr10	14786823	14787291	LTR/ERVL	1400	-	234	14787057	23325
chr10	14763732	14963732	harbor1	chr10	14791491	14791831	LTR/ERVL	1151	-	170	14791661	27929
chr10	14763732	14963732	harbor1	chr10	14792126	14792253	LTR/ERVL	1151	-	64	14792190	28458
chr10	14778075	14978075	harbor1	chr10	14786823	14787291	LTR/ERVL	1400	-	234	14787057	8982
chr10	14778075	14978075	harbor1	chr10	14791491	14791831	LTR/ERVL	1151	-	170	14791661	13586
chr10	14778075	14978075	harbor1	chr10	14792126	14792253	LTR/ERVL	1151	-	64	14792190	14115
chr10	132207865	132407865	harbor1	chr10	132238276	132238757	LTR/ERVL	1274	-	240	132238516	30651
chr10	43456421	43656421	harbor1	chr10	43509421	43509879	LTR/ERVL	3089	-	229	43509650	53229
chr10	43456421	43656421	harbor1	chr10	43509880	43510544	LTR/ERVL	44675	-	332	43510212	53791
chr10	43456421	43656421	harbor1	chr10	43510846	43514128	LTR/ERVL	44675	-	1641	43512487	56066
chr10	43456421	43656421	harbor1	chr10	43514435	43515779	LTR/ERVL	44675	-	672	43515107	58686
chr10	43456421	43656421	harbor1	chr10	43516080	43516426	LTR/ERVL	44675	-	173	43516253	59832
chr10	43456421	43656421	harbor1	chr10	43516427	43516879	LTR/ERVL	3027	-	226	43516653	60232
chr10	14778068	14978068	harbor1	chr10	14786823	14787291	LTR/ERVL	1400	-	234	14787057	8989
chr10	14778068	14978068	harbor1	chr10	14791491	14791831	LTR/ERVL	1151	-	170	14791661	13593
chr10	14778068	14978068	harbor1	chr10	14792126	14792253	LTR/ERVL	1151	-	64	14792190	14122
chr11	3928050	4128050	harbor1	chr11	4026486	4027182	LTR/ERVL	1573	-	348	4026834	98784
chr11	76580979	76780979	harbor1	chr11	76600126	76600524	LTR/ERVL	844	-	199	76600325	19346
chr11	76580979	76780979	harbor1	chr11	76601701	76602079	LTR/ERVL	1343	-	189	76601890	20911
chr11	76580979	76780979	harbor1	chr11	76639479	76639917	LTR/ERVL	1140	-	219	76639698	58719
chr11	123412399	123612399	harbor1	chr11	123442003	123442365	LTR/ERVL	1864	-	181	123442184	29785
chr11	123412399	123612399	harbor1	chr11	123443190	123443287	LTR/ERVL	1864	-	48	123443238	30839
chr11	123412399	123612399	harbor1	chr11	123444677	123445107	LTR/ERVL	957	-	215	123444892	32493
chr11	123412399	123612399	harbor1	chr11	123458110	123458569	LTR/ERVL	1792	-	230	123458340	45941
chr11	63803267	64003267	harbor1	chr11	63811247	63811284	LTR/ERVL	1919	-	18	63811265	7998
chr11	63803267	64003267	harbor1	chr11	63811588	63812080	LTR/ERVL	1919	-	246	63811834	8567
chr11	63803267	64003267	harbor1	chr11	63830564	63830866	LTR/ERVL	2693	-	151	63830715	27448
chr11	63803267	64003267	harbor1	chr11	63831162	63831672	LTR/ERVL	2693	-	255	63831417	28150
chr11	64110890	64310890	harbor1	chr11	64177257	64177542	LTR/ERVL	1451	-	142	64177399	66509
chr11	64110890	64310890	harbor1	chr11	64177719	64177877	LTR/ERVL	1258	-	79	64177798	66908
chr11	64110890	64310890	harbor1	chr11	64178181	64178508	LTR/ERVL	1258	-	164	64178345	67455
chr11	73038077	73238077	harbor1	chr11	73101858	73102045	LTR/ERVL	830	-	94	73101952	63875
chr11	73038077	73238077	harbor1	chr11	73115554	73115982	LTR/ERVL	2151	-	214	73115768	77691
chr11	57399820	57599820	harbor1	chr11	57434795	57435351	LTR/ERVL	1606	-	278	57435073	35253
chr11	76329060	76529060	harbor1	chr11	76403267	76403467	LTR/ERVL	2749	-	100	76403367	74307
chr11	76329060	76529060	harbor1	chr11	76403775	76404107	LTR/ERVL	2749	-	166	76403941	74881
chr11	76329060	76529060	harbor1	chr11	76416272	76416531	LTR/ERVL	461	-	130	76416402	87342
chr11	108021573	108221573	harbor1	chr11	108032921	108033600	LTR/ERVL	2707	-	340	108033261	11688
chr11	108021573	108221573	harbor1	chr11	108034036	108034536	LTR/ERVL	2692	-	250	108034286	12713
chr11	108021573	108221573	harbor1	chr11	108034539	108035454	LTR/ERVL	10848	-	458	108034997	13424
chr11	108021573	108221573	harbor1	chr11	108036779	108037366	LTR/ERVL	10848	-	294	108037073	15500
chr11	108021573	108221573	harbor1	chr11	108037391	108037923	LTR/ERVL	2639	-	266	108037657	16084
chr11	108021573	108221573	harbor1	chr11	108035768	108036479	LTR/ERVL	10848	-	356	108036124	14551
chr11	108021539	108221539	harbor1	chr11	108032921	108033600	LTR/ERVL	2707	-	340	108033261	11722
chr11	108021539	108221539	harbor1	chr11	108034036	108034536	LTR/ERVL	2692	-	250	108034286	12747
chr11	108021539	108221539	harbor1	chr11	108034539	108035454	LTR/ERVL	10848	-	458	108034997	13458
chr11	108021539	108221539	harbor1	chr11	108036779	108037366	LTR/ERVL	10848	-	294	108037073	15534
chr11	108021539	108221539	harbor1	chr11	108037391	108037923	LTR/ERVL	2639	-	266	108037657	16118
chr11	108021539	108221539	harbor1	chr11	108035768	108036479	LTR/ERVL	10848	-	356	108036124	14585
chr11	1661043	1861043	harbor1	chr11	1668964	1669312	LTR/ERVL	973	-	174	1669138	8095
chr11	1661043	1861043	harbor1	chr11	1714575	1714922	LTR/ERVL	825	-	174	1714749	53706
chr11	1661043	1861043	harbor1	chr11	1714947	1715439	LTR/ERVL	819	-	246	1715193	54150
chr11	1661043	1861043	harbor1	chr11	1715454	1715748	LTR/ERVL	667	-	147	1715601	54558
chr11	1661043	1861043	harbor1	chr11	1671112	1671312	LTR/ERVL	601	-	100	1671212	10169
chr11	1461906	1661906	harbor1	chr11	1539569	1540013	LTR/ERVL	681	-	222	1539791	77885
chr11	2054524	2254524	harbor1	chr11	2072427	2072711	LTR/ERVL	439	-	142	2072569	18045
chr11	2054524	2254524	harbor1	chr11	2072924	2073468	LTR/ERVL	1304	-	272	2073196	18672
chr11	2054524	2254524	harbor1	chr11	2073854	2074191	LTR/ERVL	518	-	168	2074022	19498
chr11	2054524	2254524	harbor1	chr11	2075623	2075953	LTR/ERVL	970	-	165	2075788	21264
chr11	2054524	2254524	harbor1	chr11	2075983	2076294	LTR/ERVL	966	-	156	2076139	21615
chr11	2054524	2254524	harbor1	chr11	2076635	2076913	LTR/ERVL	966	-	139	2076774	22250
chr11	76580390	76780390	harbor1	chr11	76600126	76600524	LTR/ERVL	844	-	199	76600325	19935
chr11	76580390	76780390	harbor1	chr11	76601701	76602079	LTR/ERVL	1343	-	189	76601890	21500
chr11	76580390	76780390	harbor1	chr11	76639479	76639917	LTR/ERVL	1140	-	219	76639698	59308
chr11	76580446	76780446	harbor1	chr11	76600126	76600524	LTR/ERVL	844	-	199	76600325	19879
chr11	76580446	76780446	harbor1	chr11	76601701	76602079	LTR/ERVL	1343	-	189	76601890	21444
chr11	76580446	76780446	harbor1	chr11	76639479	76639917	LTR/ERVL	1140	-	219	76639698	59252
chr11	27274218	27474218	harbor1	chr11	27291246	27291586	LTR/ERVL	2514	-	170	27291416	17198
chr11	4538274	4738274	harbor1	chr11	4543257	4543660	LTR/ERVL	832	-	202	4543459	5185
chr11	4538274	4738274	harbor1	chr11	4576987	4577401	LTR/ERVL	1149	-	207	4577194	38920
chr11	4538274	4738274	harbor1	chr11	4577458	4578037	LTR/ERVL	3559	-	290	4577748	39474
chr11	107049890	107249890	harbor1	chr11	107054024	107054133	LTR/ERVL	580	-	54	107054078	4188
chr11	107049890	107249890	harbor1	chr11	107073894	107074345	LTR/ERVL	1058	-	226	107074120	24230
chr11	107049890	107249890	harbor1	chr11	107126682	107127009	LTR/ERVL	827	-	164	107126846	76956
chr11	107049890	107249890	harbor1	chr11	107143935	107144398	LTR/ERVL	1358	-	232	107144167	94277
chr11	124700607	124900607	harbor1	chr11	124785342	124785739	LTR/ERVL	1228	-	198	124785540	84933
chr11	69539284	69739284	harbor1	chr11	69546464	69546568	LTR/ERVL	430	-	52	69546516	7232
chr11	69539284	69739284	harbor1	chr11	69572539	69572872	LTR/ERVL	425	-	166	69572705	33421
chr11	69539284	69739284	harbor1	chr11	69581448	69581834	LTR/ERVL	1742	-	193	69581641	42357
chr11	69539284	69739284	harbor1	chr11	69606279	69606769	LTR/ERVL	727	-	245	69606524	67240
chr11	69539284	69739284	harbor1	chr11	69609135	69609874	LTR/ERVL	1630	-	370	69609505	70221
chr11	69539284	69739284	harbor1	chr11	69610208	69610466	LTR/ERVL	463	-	129	69610337	71053
chr11	76580636	76780636	harbor1	chr11	76600126	76600524	LTR/ERVL	844	-	199	76600325	19689
chr11	76580636	76780636	harbor1	chr11	76601701	76602079	LTR/ERVL	1343	-	189	76601890	21254
chr11	76580636	76780636	harbor1	chr11	76639479	76639917	LTR/ERVL	1140	-	219	76639698	59062
chr11	68444618	68644618	harbor1	chr11	68444516	68444692	LTR/ERVL	787	-	88	68444604	14
chr11	73276655	73476655	harbor1	chr11	73277445	73277947	LTR/ERVL	2122	-	251	73277696	1041
chr11	73276655	73476655	harbor1	chr11	73287628	73287720	LTR/ERVL	438	-	46	73287674	11019
chr11	6512331	6712331	harbor1	chr11	6592816	6592971	LTR/ERVL	625	-	78	6592894	80563
chr11	63713415	63913415	harbor1	chr11	63727970	63728541	LTR/ERVL	2154	-	286	63728256	14841
chr11	63713415	63913415	harbor1	chr11	63797334	63797595	LTR/ERVL	802	-	130	63797464	84049
chr11	63713415	63913415	harbor1	chr11	63811247	63811284	LTR/ERVL	1919	-	18	63811265	97850
chr11	63713415	63913415	harbor1	chr11	63811588	63812080	LTR/ERVL	1919	-	246	63811834	98419
chr11	1470223	1670223	harbor1	chr11	1539569	1540013	LTR/ERVL	681	-	222	1539791	69568
chr11	86275379	86475379	harbor1	chr11	86280453	86280579	LTR/ERVL	460	-	63	86280516	5137
chr11	86275379	86475379	harbor1	chr11	86370708	86370950	LTR/ERVL	1988	-	121	86370829	95450
chr11	86275379	86475379	harbor1	chr11	86371695	86372103	LTR/ERVL	1988	-	204	86371899	96520
chr11	64537978	64737978	harbor1	chr11	64548170	64548471	LTR/ERVL	759	-	150	64548320	10342
chr11	64537978	64737978	harbor1	chr11	64571661	64572162	LTR/ERVL	1613	-	250	64571911	33933
chr11	64537978	64737978	harbor1	chr11	64599167	64599573	LTR/ERVL	826	-	203	64599370	61392
chr11	4897645	5097645	harbor1	chr11	4898889	4899211	LTR/ERVL	823	-	161	4899050	1405
chr11	4897645	5097645	harbor1	chr11	4899280	4901110	LTR/ERVL	2603	-	915	4900195	2550
chr11	4897645	5097645	harbor1	chr11	4901527	4901879	LTR/ERVL	666	-	176	4901703	4058
chr11	4897645	5097645	harbor1	chr11	4977183	4977612	LTR/ERVL	984	-	214	4977397	79752
chr11	4897645	5097645	harbor1	chr11	4977661	4977889	LTR/ERVL	471	-	114	4977775	80130
chr11	4897645	5097645	harbor1	chr11	4980173	4980291	LTR/ERVL	411	-	59	4980232	82587
chr11	76580403	76780403	harbor1	chr11	76600126	76600524	LTR/ERVL	844	-	199	76600325	19922
chr11	76580403	76780403	harbor1	chr11	76601701	76602079	LTR/ERVL	1343	-	189	76601890	21487
chr11	76580403	76780403	harbor1	chr11	76639479	76639917	LTR/ERVL	1140	-	219	76639698	59295
chr11	2054434	2254434	harbor1	chr11	2072427	2072711	LTR/ERVL	439	-	142	2072569	18135
chr11	2054434	2254434	harbor1	chr11	2072924	2073468	LTR/ERVL	1304	-	272	2073196	18762
chr11	2054434	2254434	harbor1	chr11	2073854	2074191	LTR/ERVL	518	-	168	2074022	19588
chr11	2054434	2254434	harbor1	chr11	2075623	2075953	LTR/ERVL	970	-	165	2075788	21354
chr11	2054434	2254434	harbor1	chr11	2075983	2076294	LTR/ERVL	966	-	156	2076139	21705
chr11	2054434	2254434	harbor1	chr11	2076635	2076913	LTR/ERVL	966	-	139	2076774	22340
chr11	129769693	129969693	harbor1	chr11	129769703	129769845	LTR/ERVL	731	-	71	129769774	81
chr11	129769693	129969693	harbor1	chr11	129769852	129769942	LTR/ERVL	500	-	45	129769897	204
chr11	129769693	129969693	harbor1	chr11	129769943	129770138	LTR/ERVL	16515	-	98	129770041	348
chr11	129769693	129969693	harbor1	chr11	129770430	129773102	LTR/ERVL	16515	-	1336	129771766	2073
chr11	129769693	129969693	harbor1	chr11	129787262	129787789	LTR/ERVL	1046	-	264	129787526	17833
chr11	76580432	76780432	harbor1	chr11	76600126	76600524	LTR/ERVL	844	-	199	76600325	19893
chr11	76580432	76780432	harbor1	chr11	76601701	76602079	LTR/ERVL	1343	-	189	76601890	21458
chr11	76580432	76780432	harbor1	chr11	76639479	76639917	LTR/ERVL	1140	-	219	76639698	59266
chr11	64538016	64738016	harbor1	chr11	64548170	64548471	LTR/ERVL	759	-	150	64548320	10304
chr11	64538016	64738016	harbor1	chr11	64571661	64572162	LTR/ERVL	1613	-	250	64571911	33895
chr11	64538016	64738016	harbor1	chr11	64599167	64599573	LTR/ERVL	826	-	203	64599370	61354
chr11	119001792	119201792	harbor1	chr11	119007814	119008101	LTR/ERVL	1249	-	144	119007958	6166
chr11	119001792	119201792	harbor1	chr11	119009426	119009710	LTR/ERVL	1299	-	142	119009568	7776
chr11	76580985	76780985	harbor1	chr11	76600126	76600524	LTR/ERVL	844	-	199	76600325	19340
chr11	76580985	76780985	harbor1	chr11	76601701	76602079	LTR/ERVL	1343	-	189	76601890	20905
chr11	76580985	76780985	harbor1	chr11	76639479	76639917	LTR/ERVL	1140	-	219	76639698	58713
chr11	64348932	64548932	harbor1	chr11	64400005	64400421	LTR/ERVL	1383	-	208	64400213	51281
chr11	64348932	64548932	harbor1	chr11	64442028	64442290	LTR/ERVL	613	-	131	64442159	93227
chr11	107909152	108109152	harbor1	chr11	107953496	107954068	LTR/ERVL	1361	-	286	107953782	44630
chr11	107909152	108109152	harbor1	chr11	107954834	107954987	LTR/ERVL	1298	-	76	107954910	45758
chr11	107909152	108109152	harbor1	chr11	107955297	107955569	LTR/ERVL	1298	-	136	107955433	46281
chr11	107909152	108109152	harbor1	chr11	107955873	107956036	LTR/ERVL	1298	-	82	107955955	46803
chr11	107909152	108109152	harbor1	chr11	107960547	107961029	LTR/ERVL	1628	-	241	107960788	51636
chr11	107909152	108109152	harbor1	chr11	107973286	107973784	LTR/ERVL	2211	-	249	107973535	64383
chr11	107909152	108109152	harbor1	chr11	107973785	107974337	LTR/ERVL	3146	-	276	107974061	64909
chr11	107909152	108109152	harbor1	chr11	107974338	107974465	LTR/ERVL	2211	-	64	107974402	65250
chr11	107909152	108109152	harbor1	chr11	107974532	107974787	LTR/ERVL	1037	-	128	107974660	65508
chr11	107909152	108109152	harbor1	chr11	107976351	107977203	LTR/ERVL	3514	-	426	107976777	67625
chr11	107909152	108109152	harbor1	chr11	107977266	107977623	LTR/ERVL	3514	-	178	107977444	68292
chr11	107909152	108109152	harbor1	chr11	107987803	107988514	LTR/ERVL	3408	-	356	107988159	79007
chr11	107909152	108109152	harbor1	chr11	107990605	107990942	LTR/ERVL	3717	-	168	107990773	81621
chr11	107909152	108109152	harbor1	chr11	107991243	107991440	LTR/ERVL	3717	-	98	107991341	82189
chr11	107909152	108109152	harbor1	chr11	107991740	107991771	LTR/ERVL	3717	-	16	107991756	82604
chr11	107909152	108109152	harbor1	chr11	107991772	107992231	LTR/ERVL	1865	-	230	107992002	82850
chr11	107909152	108109152	harbor1	chr11	107992232	107992662	LTR/ERVL	3717	-	215	107992447	83295
chr11	107909152	108109152	harbor1	chr11	107993003	107993039	LTR/ERVL	3717	-	18	107993021	83869
chr11	107909152	108109152	harbor1	chr11	107993345	107993673	LTR/ERVL	3717	-	164	107993509	84357
chr11	107909152	108109152	harbor1	chr11	107996217	107996371	LTR/ERVL	659	-	77	107996294	87142
chr11	107909152	108109152	harbor1	chr11	108002218	108002720	LTR/ERVL	1696	-	251	108002469	93317
chr11	107909152	108109152	harbor1	chr11	107986921	107987490	LTR/ERVL	3408	-	284	107987205	78053
chr11	74201768	74401768	harbor1	chr11	74226738	74227338	LTR/ERVL	2558	-	300	74227038	25270
chr11	43448357	43648357	harbor1	chr11	43479635	43480162	LTR/ERVL	592	-	264	43479899	31542
chr11	43448357	43648357	harbor1	chr11	43503589	43503834	LTR/ERVL	2251	-	122	43503711	55354
chr11	43448357	43648357	harbor1	chr11	43504145	43504436	LTR/ERVL	2251	-	146	43504291	55934
chr11	43448357	43648357	harbor1	chr11	43533269	43533697	LTR/ERVL	1538	-	214	43533483	85126
chr11	61485519	61685519	harbor1	chr11	61487351	61487770	LTR/ERVL	805	-	210	61487561	2042
chr11	133199713	133399713	harbor1	chr11	133243818	133244099	LTR/ERVL	512	-	140	133243958	44245
chr11	69539187	69739187	harbor1	chr11	69546464	69546568	LTR/ERVL	430	-	52	69546516	7329
chr11	69539187	69739187	harbor1	chr11	69572539	69572872	LTR/ERVL	425	-	166	69572705	33518
chr11	69539187	69739187	harbor1	chr11	69581448	69581834	LTR/ERVL	1742	-	193	69581641	42454
chr11	69539187	69739187	harbor1	chr11	69606279	69606769	LTR/ERVL	727	-	245	69606524	67337
chr11	69539187	69739187	harbor1	chr11	69609135	69609874	LTR/ERVL	1630	-	370	69609505	70318
chr11	69539187	69739187	harbor1	chr11	69610208	69610466	LTR/ERVL	463	-	129	69610337	71150
chr11	106965389	107165389	harbor1	chr11	107031125	107031165	LTR/ERVL	597	-	20	107031145	65756
chr11	106965389	107165389	harbor1	chr11	107031201	107031712	LTR/ERVL	2586	-	256	107031457	66068
chr11	106965389	107165389	harbor1	chr11	107054024	107054133	LTR/ERVL	580	-	54	107054078	88689
chr11	106965389	107165389	harbor1	chr11	107003781	107004197	LTR/ERVL	1819	-	208	107003989	38600
chr11	61385568	61585568	harbor1	chr11	61385682	61385879	LTR/ERVL	860	-	98	61385780	212
chr11	61385568	61585568	harbor1	chr11	61388606	61388933	LTR/ERVL	2723	-	164	61388770	3202
chr11	61385568	61585568	harbor1	chr11	61389176	61389432	LTR/ERVL	2723	-	128	61389304	3736
chr11	10653639	10853639	harbor1	chr11	10729275	10729483	LTR/ERVL	841	-	104	10729379	75740
chr11	103833171	104033171	harbor1	chr11	103864719	103865047	LTR/ERVL	687	-	164	103864883	31712
chr11	103833171	104033171	harbor1	chr11	103865276	103868488	LTR/ERVL	8954	-	1606	103866882	33711
chr11	103833171	104033171	harbor1	chr11	103868512	103868679	LTR/ERVL	519	-	84	103868596	35425
chr11	103833171	104033171	harbor1	chr11	103868692	103868990	LTR/ERVL	708	-	149	103868841	35670
chr11	103833171	104033171	harbor1	chr11	103868978	103869812	LTR/ERVL	1312	-	417	103869395	36224
chr11	103833171	104033171	harbor1	chr11	103870005	103870251	LTR/ERVL	872	-	123	103870128	36957
chr11	103833171	104033171	harbor1	chr11	103875292	103875419	LTR/ERVL	1628	-	64	103875356	42185
chr11	103833171	104033171	harbor1	chr11	103875663	103875856	LTR/ERVL	1628	-	96	103875759	42588
chr11	69539232	69739232	harbor1	chr11	69546464	69546568	LTR/ERVL	430	-	52	69546516	7284
chr11	69539232	69739232	harbor1	chr11	69572539	69572872	LTR/ERVL	425	-	166	69572705	33473
chr11	69539232	69739232	harbor1	chr11	69581448	69581834	LTR/ERVL	1742	-	193	69581641	42409
chr11	69539232	69739232	harbor1	chr11	69606279	69606769	LTR/ERVL	727	-	245	69606524	67292
chr11	69539232	69739232	harbor1	chr11	69609135	69609874	LTR/ERVL	1630	-	370	69609505	70273
chr11	69539232	69739232	harbor1	chr11	69610208	69610466	LTR/ERVL	463	-	129	69610337	71105
chr11	2054516	2254516	harbor1	chr11	2072427	2072711	LTR/ERVL	439	-	142	2072569	18053
chr11	2054516	2254516	harbor1	chr11	2072924	2073468	LTR/ERVL	1304	-	272	2073196	18680
chr11	2054516	2254516	harbor1	chr11	2073854	2074191	LTR/ERVL	518	-	168	2074022	19506
chr11	2054516	2254516	harbor1	chr11	2075623	2075953	LTR/ERVL	970	-	165	2075788	21272
chr11	2054516	2254516	harbor1	chr11	2075983	2076294	LTR/ERVL	966	-	156	2076139	21623
chr11	2054516	2254516	harbor1	chr11	2076635	2076913	LTR/ERVL	966	-	139	2076774	22258
chr11	69539231	69739231	harbor1	chr11	69546464	69546568	LTR/ERVL	430	-	52	69546516	7285
chr11	69539231	69739231	harbor1	chr11	69572539	69572872	LTR/ERVL	425	-	166	69572705	33474
chr11	69539231	69739231	harbor1	chr11	69581448	69581834	LTR/ERVL	1742	-	193	69581641	42410
chr11	69539231	69739231	harbor1	chr11	69606279	69606769	LTR/ERVL	727	-	245	69606524	67293
chr11	69539231	69739231	harbor1	chr11	69609135	69609874	LTR/ERVL	1630	-	370	69609505	70274
chr11	69539231	69739231	harbor1	chr11	69610208	69610466	LTR/ERVL	463	-	129	69610337	71106
chr11	682162	882162	harbor1	chr11	737620	738343	LTR/ERVL	2649	-	362	737982	55820
chr11	682162	882162	harbor1	chr11	738722	738843	LTR/ERVL	437	-	60	738782	56620
chr11	76580343	76780343	harbor1	chr11	76600126	76600524	LTR/ERVL	844	-	199	76600325	19982
chr11	76580343	76780343	harbor1	chr11	76601701	76602079	LTR/ERVL	1343	-	189	76601890	21547
chr11	76580343	76780343	harbor1	chr11	76639479	76639917	LTR/ERVL	1140	-	219	76639698	59355
chr11	108021604	108221604	harbor1	chr11	108032921	108033600	LTR/ERVL	2707	-	340	108033261	11657
chr11	108021604	108221604	harbor1	chr11	108034036	108034536	LTR/ERVL	2692	-	250	108034286	12682
chr11	108021604	108221604	harbor1	chr11	108034539	108035454	LTR/ERVL	10848	-	458	108034997	13393
chr11	108021604	108221604	harbor1	chr11	108036779	108037366	LTR/ERVL	10848	-	294	108037073	15469
chr11	108021604	108221604	harbor1	chr11	108037391	108037923	LTR/ERVL	2639	-	266	108037657	16053
chr11	108021604	108221604	harbor1	chr11	108035768	108036479	LTR/ERVL	10848	-	356	108036124	14520
chr11	63739535	63939535	harbor1	chr11	63797334	63797595	LTR/ERVL	802	-	130	63797464	57929
chr11	63739535	63939535	harbor1	chr11	63811247	63811284	LTR/ERVL	1919	-	18	63811265	71730
chr11	63739535	63939535	harbor1	chr11	63811588	63812080	LTR/ERVL	1919	-	246	63811834	72299
chr11	63739535	63939535	harbor1	chr11	63830564	63830866	LTR/ERVL	2693	-	151	63830715	91180
chr11	63739535	63939535	harbor1	chr11	63831162	63831672	LTR/ERVL	2693	-	255	63831417	91882
chr11	64537961	64737961	harbor1	chr11	64548170	64548471	LTR/ERVL	759	-	150	64548320	10359
chr11	64537961	64737961	harbor1	chr11	64571661	64572162	LTR/ERVL	1613	-	250	64571911	33950
chr11	64537961	64737961	harbor1	chr11	64599167	64599573	LTR/ERVL	826	-	203	64599370	61409
chr11	65948237	66148237	harbor1	chr11	65956501	65956552	LTR/ERVL	477	-	26	65956527	8290
chr11	65948237	66148237	harbor1	chr11	65956829	65956980	LTR/ERVL	477	-	76	65956905	8668
chr11	65948237	66148237	harbor1	chr11	65957073	65957159	LTR/ERVL	402	-	43	65957116	8879
chr11	65948237	66148237	harbor1	chr11	65957405	65957638	LTR/ERVL	402	-	116	65957521	9284
chr11	65948237	66148237	harbor1	chr11	66031354	66031707	LTR/ERVL	843	-	176	66031530	83293
chr11	2054542	2254542	harbor1	chr11	2072427	2072711	LTR/ERVL	439	-	142	2072569	18027
chr11	2054542	2254542	harbor1	chr11	2072924	2073468	LTR/ERVL	1304	-	272	2073196	18654
chr11	2054542	2254542	harbor1	chr11	2073854	2074191	LTR/ERVL	518	-	168	2074022	19480
chr11	2054542	2254542	harbor1	chr11	2075623	2075953	LTR/ERVL	970	-	165	2075788	21246
chr11	2054542	2254542	harbor1	chr11	2075983	2076294	LTR/ERVL	966	-	156	2076139	21597
chr11	2054542	2254542	harbor1	chr11	2076635	2076913	LTR/ERVL	966	-	139	2076774	22232
chr11	65476370	65676370	harbor1	chr11	65561183	65561450	LTR/ERVL	488	-	134	65561317	84947
chr11	65476370	65676370	harbor1	chr11	65566857	65567213	LTR/ERVL	1547	-	178	65567035	90665
chr11	57399763	57599763	harbor1	chr11	57434795	57435351	LTR/ERVL	1606	-	278	57435073	35310
chr11	76580230	76780230	harbor1	chr11	76600126	76600524	LTR/ERVL	844	-	199	76600325	20095
chr11	76580230	76780230	harbor1	chr11	76601701	76602079	LTR/ERVL	1343	-	189	76601890	21660
chr11	76580230	76780230	harbor1	chr11	76639479	76639917	LTR/ERVL	1140	-	219	76639698	59468
chr11	108021628	108221628	harbor1	chr11	108032921	108033600	LTR/ERVL	2707	-	340	108033261	11633
chr11	108021628	108221628	harbor1	chr11	108034036	108034536	LTR/ERVL	2692	-	250	108034286	12658
chr11	108021628	108221628	harbor1	chr11	108034539	108035454	LTR/ERVL	10848	-	458	108034997	13369
chr11	108021628	108221628	harbor1	chr11	108036779	108037366	LTR/ERVL	10848	-	294	108037073	15445
chr11	108021628	108221628	harbor1	chr11	108037391	108037923	LTR/ERVL	2639	-	266	108037657	16029
chr11	108021628	108221628	harbor1	chr11	108035768	108036479	LTR/ERVL	10848	-	356	108036124	14496
chr11	11317231	11517231	harbor1	chr11	11391684	11391915	LTR/ERVL	561	-	116	11391800	74569
chr11	11317231	11517231	harbor1	chr11	11411666	11412111	LTR/ERVL	1013	-	222	11411888	94657
chr11	108021537	108221537	harbor1	chr11	108032921	108033600	LTR/ERVL	2707	-	340	108033261	11724
chr11	108021537	108221537	harbor1	chr11	108034036	108034536	LTR/ERVL	2692	-	250	108034286	12749
chr11	108021537	108221537	harbor1	chr11	108034539	108035454	LTR/ERVL	10848	-	458	108034997	13460
chr11	108021537	108221537	harbor1	chr11	108036779	108037366	LTR/ERVL	10848	-	294	108037073	15536
chr11	108021537	108221537	harbor1	chr11	108037391	108037923	LTR/ERVL	2639	-	266	108037657	16120
chr11	108021537	108221537	harbor1	chr11	108035768	108036479	LTR/ERVL	10848	-	356	108036124	14587
chr11	3991985	4191985	harbor1	chr11	4026486	4027182	LTR/ERVL	1573	-	348	4026834	34849
chr11	3928045	4128045	harbor1	chr11	4026486	4027182	LTR/ERVL	1573	-	348	4026834	98789
chr11	2055751	2255751	harbor1	chr11	2072427	2072711	LTR/ERVL	439	-	142	2072569	16818
chr11	2055751	2255751	harbor1	chr11	2072924	2073468	LTR/ERVL	1304	-	272	2073196	17445
chr11	2055751	2255751	harbor1	chr11	2073854	2074191	LTR/ERVL	518	-	168	2074022	18271
chr11	2055751	2255751	harbor1	chr11	2075623	2075953	LTR/ERVL	970	-	165	2075788	20037
chr11	2055751	2255751	harbor1	chr11	2075983	2076294	LTR/ERVL	966	-	156	2076139	20388
chr11	2055751	2255751	harbor1	chr11	2076635	2076913	LTR/ERVL	966	-	139	2076774	21023
chr11	2205456	2405456	harbor1	chr11	2243884	2243924	LTR/ERVL	679	-	20	2243904	38448
chr11	2205456	2405456	harbor1	chr11	2243964	2244154	LTR/ERVL	679	-	95	2244059	38603
chr11	2205456	2405456	harbor1	chr11	2244716	2244879	LTR/ERVL	657	-	82	2244798	39342
chr11	2205456	2405456	harbor1	chr11	2266067	2266360	LTR/ERVL	691	-	146	2266213	60757
chr11	2205456	2405456	harbor1	chr11	2292785	2292956	LTR/ERVL	420	-	86	2292871	87415
chr11	2205456	2405456	harbor1	chr11	2294562	2294998	LTR/ERVL	1544	-	218	2294780	89324
chr11	2205456	2405456	harbor1	chr11	2294983	2295474	LTR/ERVL	1848	-	246	2295229	89773
chr11	2205456	2405456	harbor1	chr11	2295919	2296646	LTR/ERVL	2676	-	364	2296283	90827
chr11	2205456	2405456	harbor1	chr11	2293349	2294350	LTR/ERVL	2477	-	500	2293849	88393
chr11	64537990	64737990	harbor1	chr11	64548170	64548471	LTR/ERVL	759	-	150	64548320	10330
chr11	64537990	64737990	harbor1	chr11	64571661	64572162	LTR/ERVL	1613	-	250	64571911	33921
chr11	64537990	64737990	harbor1	chr11	64599167	64599573	LTR/ERVL	826	-	203	64599370	61380
chr11	61396733	61596733	harbor1	chr11	61487351	61487770	LTR/ERVL	805	-	210	61487561	90828
chr11	2054500	2254500	harbor1	chr11	2072427	2072711	LTR/ERVL	439	-	142	2072569	18069
chr11	2054500	2254500	harbor1	chr11	2072924	2073468	LTR/ERVL	1304	-	272	2073196	18696
chr11	2054500	2254500	harbor1	chr11	2073854	2074191	LTR/ERVL	518	-	168	2074022	19522
chr11	2054500	2254500	harbor1	chr11	2075623	2075953	LTR/ERVL	970	-	165	2075788	21288
chr11	2054500	2254500	harbor1	chr11	2075983	2076294	LTR/ERVL	966	-	156	2076139	21639
chr11	2054500	2254500	harbor1	chr11	2076635	2076913	LTR/ERVL	966	-	139	2076774	22274
chr11	123512082	123712082	harbor1	chr11	123550986	123551364	LTR/ERVL	1524	-	189	123551175	39093
chr11	123512082	123712082	harbor1	chr11	123554331	123554406	LTR/ERVL	864	-	38	123554369	42287
chr11	123512082	123712082	harbor1	chr11	123554730	123555035	LTR/ERVL	864	-	152	123554882	42800
chr11	123512082	123712082	harbor1	chr11	123555035	123555213	LTR/ERVL	883	-	89	123555124	43042
chr11	123512082	123712082	harbor1	chr11	123600757	123601252	LTR/ERVL	1355	-	248	123601005	88923
chr11	6201425	6401425	harbor1	chr11	6257499	6257940	LTR/ERVL	2044	-	220	6257719	56294
chr11	106091678	106291678	harbor1	chr11	106135839	106136246	LTR/ERVL	999	-	204	106136043	44365
chr11	106091678	106291678	harbor1	chr11	106166703	106167054	LTR/ERVL	1263	-	176	106166879	75201
chr11	117886589	118086589	harbor1	chr11	117957480	117958025	LTR/ERVL	2002	-	272	117957752	71163
chr11	67891296	68091296	harbor1	chr11	67933923	67934381	LTR/ERVL	1614	-	229	67934152	42856
chr11	76517780	76717780	harbor1	chr11	76600126	76600524	LTR/ERVL	844	-	199	76600325	82545
chr11	76517780	76717780	harbor1	chr11	76601701	76602079	LTR/ERVL	1343	-	189	76601890	84110
chr11	76581027	76781027	harbor1	chr11	76600126	76600524	LTR/ERVL	844	-	199	76600325	19298
chr11	76581027	76781027	harbor1	chr11	76601701	76602079	LTR/ERVL	1343	-	189	76601890	20863
chr11	76581027	76781027	harbor1	chr11	76639479	76639917	LTR/ERVL	1140	-	219	76639698	58671
chr11	120126957	120326957	harbor1	chr11	120163221	120163286	LTR/ERVL	2050	-	32	120163253	36296
chr11	120126957	120326957	harbor1	chr11	120163331	120163689	LTR/ERVL	2050	-	179	120163510	36553
chr11	120126957	120326957	harbor1	chr11	120194020	120194275	LTR/ERVL	704	-	128	120194148	67191
chr11	7991379	8191379	harbor1	chr11	8008168	8008373	LTR/ERVL	441	-	102	8008270	16891
chr11	7991379	8191379	harbor1	chr11	8008792	8009505	LTR/ERVL	2337	-	356	8009148	17769
chr11	7991379	8191379	harbor1	chr11	8009806	8011137	LTR/ERVL	2337	-	666	8010472	19093
chr11	7991379	8191379	harbor1	chr11	8011238	8011309	LTR/ERVL	1060	-	36	8011274	19895
chr11	7991379	8191379	harbor1	chr11	8029149	8029338	LTR/ERVL	693	-	94	8029243	37864
chr11	7991379	8191379	harbor1	chr11	8011529	8011854	LTR/ERVL	1060	-	162	8011691	20312
chr11	7991379	8191379	harbor1	chr11	8044522	8045349	LTR/ERVL	3806	-	414	8044936	53557
chr11	64141102	64341102	harbor1	chr11	64177257	64177542	LTR/ERVL	1451	-	142	64177399	36297
chr11	64141102	64341102	harbor1	chr11	64177719	64177877	LTR/ERVL	1258	-	79	64177798	36696
chr11	64141102	64341102	harbor1	chr11	64178181	64178508	LTR/ERVL	1258	-	164	64178345	37243
chr11	2054484	2254484	harbor1	chr11	2072427	2072711	LTR/ERVL	439	-	142	2072569	18085
chr11	2054484	2254484	harbor1	chr11	2072924	2073468	LTR/ERVL	1304	-	272	2073196	18712
chr11	2054484	2254484	harbor1	chr11	2073854	2074191	LTR/ERVL	518	-	168	2074022	19538
chr11	2054484	2254484	harbor1	chr11	2075623	2075953	LTR/ERVL	970	-	165	2075788	21304
chr11	2054484	2254484	harbor1	chr11	2075983	2076294	LTR/ERVL	966	-	156	2076139	21655
chr11	2054484	2254484	harbor1	chr11	2076635	2076913	LTR/ERVL	966	-	139	2076774	22290
chr11	63953306	64153306	harbor1	chr11	63969366	63969803	LTR/ERVL	3403	-	218	63969584	16278
chr11	57374327	57574327	harbor1	chr11	57386735	57387106	LTR/ERVL	504	-	186	57386921	12594
chr11	57374327	57574327	harbor1	chr11	57434795	57435351	LTR/ERVL	1606	-	278	57435073	60746
chr11	65476352	65676352	harbor1	chr11	65561183	65561450	LTR/ERVL	488	-	134	65561317	84965
chr11	65476352	65676352	harbor1	chr11	65566857	65567213	LTR/ERVL	1547	-	178	65567035	90683
chr11	134025232	134225232	harbor1	chr11	134054968	134055316	LTR/ERVL	731	-	174	134055142	29910
chr11	134025232	134225232	harbor1	chr11	134119457	134119782	LTR/ERVL	1407	-	162	134119619	94387
chr11	76566217	76766217	harbor1	chr11	76600126	76600524	LTR/ERVL	844	-	199	76600325	34108
chr11	76566217	76766217	harbor1	chr11	76601701	76602079	LTR/ERVL	1343	-	189	76601890	35673
chr11	76566217	76766217	harbor1	chr11	76639479	76639917	LTR/ERVL	1140	-	219	76639698	73481
chr11	61396083	61596083	harbor1	chr11	61487351	61487770	LTR/ERVL	805	-	210	61487561	91478
chr11	133733693	133933693	harbor1	chr11	133771961	133772104	LTR/ERVL	2733	-	72	133772033	38340
chr11	133733693	133933693	harbor1	chr11	133772405	133772782	LTR/ERVL	2733	-	188	133772593	38900
chr11	61396791	61596791	harbor1	chr11	61487351	61487770	LTR/ERVL	805	-	210	61487561	90770
chr11	69539285	69739285	harbor1	chr11	69546464	69546568	LTR/ERVL	430	-	52	69546516	7231
chr11	69539285	69739285	harbor1	chr11	69572539	69572872	LTR/ERVL	425	-	166	69572705	33420
chr11	69539285	69739285	harbor1	chr11	69581448	69581834	LTR/ERVL	1742	-	193	69581641	42356
chr11	69539285	69739285	harbor1	chr11	69606279	69606769	LTR/ERVL	727	-	245	69606524	67239
chr11	69539285	69739285	harbor1	chr11	69609135	69609874	LTR/ERVL	1630	-	370	69609505	70220
chr11	69539285	69739285	harbor1	chr11	69610208	69610466	LTR/ERVL	463	-	129	69610337	71052
chr11	6201391	6401391	harbor1	chr11	6257499	6257940	LTR/ERVL	2044	-	220	6257719	56328
chr11	76581063	76781063	harbor1	chr11	76600126	76600524	LTR/ERVL	844	-	199	76600325	19262
chr11	76581063	76781063	harbor1	chr11	76601701	76602079	LTR/ERVL	1343	-	189	76601890	20827
chr11	76581063	76781063	harbor1	chr11	76639479	76639917	LTR/ERVL	1140	-	219	76639698	58635
chr11	124700054	124900054	harbor1	chr11	124785342	124785739	LTR/ERVL	1228	-	198	124785540	85486
chr11	76517810	76717810	harbor1	chr11	76600126	76600524	LTR/ERVL	844	-	199	76600325	82515
chr11	76517810	76717810	harbor1	chr11	76601701	76602079	LTR/ERVL	1343	-	189	76601890	84080
chr11	57399809	57599809	harbor1	chr11	57434795	57435351	LTR/ERVL	1606	-	278	57435073	35264
chr12	121697492	121897492	harbor1	chr12	121723403	121723673	LTR/ERVL	711	-	135	121723538	26046
chr12	121697492	121897492	harbor1	chr12	121755595	121756006	LTR/ERVL	1046	-	206	121755801	58309
chr12	62962733	63162733	harbor1	chr12	63010638	63011220	LTR/ERVL	2005	-	291	63010929	48196
chr12	62962733	63162733	harbor1	chr12	63041122	63041723	LTR/ERVL	2369	-	300	63041422	78689
chr12	49267287	49467287	harbor1	chr12	49314789	49315343	LTR/ERVL	2307	-	277	49315066	47779
chr12	49223475	49423475	harbor1	chr12	49238266	49238648	LTR/ERVL	1569	-	191	49238457	14982
chr12	49223475	49423475	harbor1	chr12	49238769	49239334	LTR/ERVL	1717	-	282	49239051	15576
chr12	49223475	49423475	harbor1	chr12	49254513	49254940	LTR/ERVL	1256	-	214	49254727	31252
chr12	49223475	49423475	harbor1	chr12	49314789	49315343	LTR/ERVL	2307	-	277	49315066	91591
chr12	49267209	49467209	harbor1	chr12	49314789	49315343	LTR/ERVL	2307	-	277	49315066	47857
chr12	6862749	7062749	harbor1	chr12	6907721	6908244	LTR/ERVL	2490	-	262	6907983	45234
chr12	6862749	7062749	harbor1	chr12	6908845	6909022	LTR/ERVL	808	-	88	6908933	46184
chr12	6863249	7063249	harbor1	chr12	6907721	6908244	LTR/ERVL	2490	-	262	6907983	44734
chr12	6863249	7063249	harbor1	chr12	6908845	6909022	LTR/ERVL	808	-	88	6908933	45684
chr12	132661881	132861881	harbor1	chr12	132760288	132761044	LTR/ERVL	3171	-	378	132760666	98785
chr12	53896506	54096506	harbor1	chr12	53914224	53914569	LTR/ERVL	1147	-	172	53914396	17890
chr12	6863215	7063215	harbor1	chr12	6907721	6908244	LTR/ERVL	2490	-	262	6907983	44768
chr12	6863215	7063215	harbor1	chr12	6908845	6909022	LTR/ERVL	808	-	88	6908933	45718
chr12	6862682	7062682	harbor1	chr12	6907721	6908244	LTR/ERVL	2490	-	262	6907983	45301
chr12	6862682	7062682	harbor1	chr12	6908845	6909022	LTR/ERVL	808	-	88	6908933	46251
chr12	53854212	54054212	harbor1	chr12	53914224	53914569	LTR/ERVL	1147	-	172	53914396	60184
chr12	49267208	49467208	harbor1	chr12	49314789	49315343	LTR/ERVL	2307	-	277	49315066	47858
chr12	49267266	49467266	harbor1	chr12	49314789	49315343	LTR/ERVL	2307	-	277	49315066	47800
chr12	6842193	7042193	harbor1	chr12	6907721	6908244	LTR/ERVL	2490	-	262	6907983	65790
chr12	6842193	7042193	harbor1	chr12	6908845	6909022	LTR/ERVL	808	-	88	6908933	66740
chr12	49267207	49467207	harbor1	chr12	49314789	49315343	LTR/ERVL	2307	-	277	49315066	47859
chr12	49267255	49467255	harbor1	chr12	49314789	49315343	LTR/ERVL	2307	-	277	49315066	47811
chr12	49267241	49467241	harbor1	chr12	49314789	49315343	LTR/ERVL	2307	-	277	49315066	47825
chr12	49267331	49467331	harbor1	chr12	49314789	49315343	LTR/ERVL	2307	-	277	49315066	47735
chr12	49267175	49467175	harbor1	chr12	49314789	49315343	LTR/ERVL	2307	-	277	49315066	47891
chr12	131246237	131446237	harbor1	chr12	131248283	131248712	LTR/ERVL	745	-	214	131248497	2260
chr12	49235659	49435659	harbor1	chr12	49238266	49238648	LTR/ERVL	1569	-	191	49238457	2798
chr12	49235659	49435659	harbor1	chr12	49238769	49239334	LTR/ERVL	1717	-	282	49239051	3392
chr12	49235659	49435659	harbor1	chr12	49254513	49254940	LTR/ERVL	1256	-	214	49254727	19068
chr12	49235659	49435659	harbor1	chr12	49314789	49315343	LTR/ERVL	2307	-	277	49315066	79407
chr12	49267228	49467228	harbor1	chr12	49314789	49315343	LTR/ERVL	2307	-	277	49315066	47838
chr12	53132031	53332031	harbor1	chr12	53139054	53139189	LTR/ERVL	1666	-	68	53139122	7091
chr12	53132031	53332031	harbor1	chr12	53139486	53139906	LTR/ERVL	1666	-	210	53139696	7665
chr12	53132031	53332031	harbor1	chr12	53140055	53140161	LTR/ERVL	1666	-	53	53140108	8077
chr12	53132031	53332031	harbor1	chr12	53145401	53145952	LTR/ERVL	2378	-	276	53145677	13646
chr12	52632306	52832306	harbor1	chr12	52673121	52673636	LTR/ERVL	2214	-	258	52673379	41073
chr12	6862269	7062269	harbor1	chr12	6907721	6908244	LTR/ERVL	2490	-	262	6907983	45714
chr12	6862269	7062269	harbor1	chr12	6908845	6909022	LTR/ERVL	808	-	88	6908933	46664
chr12	49267231	49467231	harbor1	chr12	49314789	49315343	LTR/ERVL	2307	-	277	49315066	47835
chr12	49267216	49467216	harbor1	chr12	49314789	49315343	LTR/ERVL	2307	-	277	49315066	47850
chr12	64356142	64556142	harbor1	chr12	64401704	64401837	LTR/ERVL	1346	-	66	64401770	45628
chr12	64356142	64556142	harbor1	chr12	64402212	64402382	LTR/ERVL	1346	-	85	64402297	46155
chr12	64356142	64556142	harbor1	chr12	64412627	64412812	LTR/ERVL	737	-	92	64412719	56577
chr12	64356142	64556142	harbor1	chr12	64412813	64413178	LTR/ERVL	650	-	182	64412995	56853
chr12	116778966	116978966	harbor1	chr12	116805307	116805464	LTR/ERVL	1937	-	78	116805385	26419
chr12	116778966	116978966	harbor1	chr12	116805774	116806022	LTR/ERVL	1937	-	124	116805898	26932
chr12	116778966	116978966	harbor1	chr12	116853727	116854130	LTR/ERVL	859	-	202	116853929	74963
chr12	110180537	110380537	harbor1	chr12	110181780	110182194	LTR/ERVL	1746	-	207	110181987	1450
chr12	110180537	110380537	harbor1	chr12	110183779	110184068	LTR/ERVL	1368	-	144	110183923	3386
chr12	110180537	110380537	harbor1	chr12	110184370	110184510	LTR/ERVL	1368	-	70	110184440	3903
chr12	110180537	110380537	harbor1	chr12	110184511	110184980	LTR/ERVL	2273	-	234	110184745	4208
chr12	110180537	110380537	harbor1	chr12	110184981	110185127	LTR/ERVL	1368	-	73	110185054	4517
chr12	110180537	110380537	harbor1	chr12	110258778	110259067	LTR/ERVL	1649	-	144	110258922	78385
chr12	110180537	110380537	harbor1	chr12	110259367	110259495	LTR/ERVL	1649	-	64	110259431	78894
chr12	110180537	110380537	harbor1	chr12	110182195	110183783	LTR/ERVL	3370	-	794	110182989	2452
chr12	49248183	49448183	harbor1	chr12	49254513	49254940	LTR/ERVL	1256	-	214	49254727	6544
chr12	49248183	49448183	harbor1	chr12	49314789	49315343	LTR/ERVL	2307	-	277	49315066	66883
chr12	30880777	31080777	harbor1	chr12	30924892	30925152	LTR/ERVL	1027	-	130	30925022	44245
chr12	30880777	31080777	harbor1	chr12	30965863	30965909	LTR/ERVL	1481	-	23	30965886	85109
chr12	30880777	31080777	harbor1	chr12	30966100	30966435	LTR/ERVL	1481	-	168	30966268	85491
chr12	92828003	93028003	harbor1	chr12	92904396	92905249	LTR/ERVL	2778	-	426	92904822	76819
chr12	64356143	64556143	harbor1	chr12	64401704	64401837	LTR/ERVL	1346	-	66	64401770	45627
chr12	64356143	64556143	harbor1	chr12	64402212	64402382	LTR/ERVL	1346	-	85	64402297	46154
chr12	64356143	64556143	harbor1	chr12	64412627	64412812	LTR/ERVL	737	-	92	64412719	56576
chr12	64356143	64556143	harbor1	chr12	64412813	64413178	LTR/ERVL	650	-	182	64412995	56852
chr12	49267229	49467229	harbor1	chr12	49314789	49315343	LTR/ERVL	2307	-	277	49315066	47837
chr12	102336329	102536329	harbor1	chr12	102391165	102391231	LTR/ERVL	1365	-	33	102391198	54869
chr12	102336329	102536329	harbor1	chr12	102391558	102391998	LTR/ERVL	1365	-	220	102391778	55449
chr12	102336329	102536329	harbor1	chr12	102350798	102351351	LTR/ERVL	1973	-	276	102351074	14745
chr12	49267285	49467285	harbor1	chr12	49314789	49315343	LTR/ERVL	2307	-	277	49315066	47781
chr12	52267472	52467472	harbor1	chr12	52310245	52310400	LTR/ERVL	679	-	78	52310323	42851
chr12	49267269	49467269	harbor1	chr12	49314789	49315343	LTR/ERVL	2307	-	277	49315066	47797
chr12	130250985	130450985	harbor1	chr12	130292425	130293038	LTR/ERVL	823	-	306	130292731	41746
chr12	130250985	130450985	harbor1	chr12	130310594	130310904	LTR/ERVL	1303	-	155	130310749	59764
chr12	49267302	49467302	harbor1	chr12	49314789	49315343	LTR/ERVL	2307	-	277	49315066	47764
chr12	6359134	6559134	harbor1	chr12	6381052	6381446	LTR/ERVL	824	-	197	6381249	22115
chr12	6359134	6559134	harbor1	chr12	6406683	6406794	LTR/ERVL	1042	-	56	6406739	47605
chr12	6359134	6559134	harbor1	chr12	6407089	6407509	LTR/ERVL	1042	-	210	6407299	48165
chr12	6359134	6559134	harbor1	chr12	6417322	6417855	LTR/ERVL	3090	-	266	6417588	58454
chr12	6359134	6559134	harbor1	chr12	6417862	6418104	LTR/ERVL	1478	-	121	6417983	58849
chr12	6863304	7063304	harbor1	chr12	6907721	6908244	LTR/ERVL	2490	-	262	6907983	44679
chr12	6863304	7063304	harbor1	chr12	6908845	6909022	LTR/ERVL	808	-	88	6908933	45629
chr12	49266654	49466654	harbor1	chr12	49314789	49315343	LTR/ERVL	2307	-	277	49315066	48412
chr12	49266812	49466812	harbor1	chr12	49314789	49315343	LTR/ERVL	2307	-	277	49315066	48254
chr12	31860001	32060001	harbor1	chr12	31869319	31870163	LTR/ERVL	4814	-	422	31869741	9740
chr12	31860001	32060001	harbor1	chr12	31884708	31885058	LTR/ERVL	1154	-	175	31884883	24882
chr12	31860001	32060001	harbor1	chr12	31912596	31913062	LTR/ERVL	2681	-	233	31912829	52828
chr12	31860001	32060001	harbor1	chr12	31913181	31913288	LTR/ERVL	2681	-	54	31913235	53234
chr12	31860001	32060001	harbor1	chr12	31931955	31932312	LTR/ERVL	791	-	178	31932133	72132
chr12	31860001	32060001	harbor1	chr12	31933177	31933205	LTR/ERVL	2968	-	14	31933191	73190
chr12	31860001	32060001	harbor1	chr12	31933211	31933416	LTR/ERVL	910	-	102	31933313	73312
chr12	31860001	32060001	harbor1	chr12	31933418	31933654	LTR/ERVL	684	-	118	31933536	73535
chr12	31860001	32060001	harbor1	chr12	31932354	31932864	LTR/ERVL	2968	-	255	31932609	72608
chr12	121697440	121897440	harbor1	chr12	121723403	121723673	LTR/ERVL	711	-	135	121723538	26098
chr12	121697440	121897440	harbor1	chr12	121755595	121756006	LTR/ERVL	1046	-	206	121755801	58361
chr12	6862158	7062158	harbor1	chr12	6907721	6908244	LTR/ERVL	2490	-	262	6907983	45825
chr12	6862158	7062158	harbor1	chr12	6908845	6909022	LTR/ERVL	808	-	88	6908933	46775
chr12	6863268	7063268	harbor1	chr12	6907721	6908244	LTR/ERVL	2490	-	262	6907983	44715
chr12	6863268	7063268	harbor1	chr12	6908845	6909022	LTR/ERVL	808	-	88	6908933	45665
chr12	49267225	49467225	harbor1	chr12	49314789	49315343	LTR/ERVL	2307	-	277	49315066	47841
chr12	6862769	7062769	harbor1	chr12	6907721	6908244	LTR/ERVL	2490	-	262	6907983	45214
chr12	6862769	7062769	harbor1	chr12	6908845	6909022	LTR/ERVL	808	-	88	6908933	46164
chr13	113725873	113925873	harbor1	chr13	113810465	113810812	LTR/ERVL	443	-	174	113810639	84766
chr13	20315161	20515161	harbor1	chr13	20333721	20334109	LTR/ERVL	1972	-	194	20333915	18754
chr13	20315161	20515161	harbor1	chr13	20372018	20372446	LTR/ERVL	1660	-	214	20372232	57071
chr13	27925914	28125914	harbor1	chr13	27941818	27942088	LTR/ERVL	544	-	135	27941953	16039
chr13	27925914	28125914	harbor1	chr13	27942255	27942347	LTR/ERVL	544	-	46	27942301	16387
chr13	27925914	28125914	harbor1	chr13	28003477	28003540	LTR/ERVL	448	-	32	28003509	77595
chr13	20315121	20515121	harbor1	chr13	20333721	20334109	LTR/ERVL	1972	-	194	20333915	18794
chr13	20315121	20515121	harbor1	chr13	20372018	20372446	LTR/ERVL	1660	-	214	20372232	57111
chr13	20315155	20515155	harbor1	chr13	20333721	20334109	LTR/ERVL	1972	-	194	20333915	18760
chr13	20315155	20515155	harbor1	chr13	20372018	20372446	LTR/ERVL	1660	-	214	20372232	57077
chr13	75381986	75581986	harbor1	chr13	75450579	75450999	LTR/ERVL	952	-	210	75450789	68803
chr13	20315106	20515106	harbor1	chr13	20333721	20334109	LTR/ERVL	1972	-	194	20333915	18809
chr13	20315106	20515106	harbor1	chr13	20372018	20372446	LTR/ERVL	1660	-	214	20372232	57126
chr13	113725885	113925885	harbor1	chr13	113810465	113810812	LTR/ERVL	443	-	174	113810639	84754
chr13	113726197	113926197	harbor1	chr13	113810465	113810812	LTR/ERVL	443	-	174	113810639	84442
chr13	51326437	51526437	harbor1	chr13	51370465	51370999	LTR/ERVL	2298	-	267	51370732	44295
chr13	113718997	113918997	harbor1	chr13	113810465	113810812	LTR/ERVL	443	-	174	113810639	91642
chr13	113725726	113925726	harbor1	chr13	113810465	113810812	LTR/ERVL	443	-	174	113810639	84913
chr13	20315169	20515169	harbor1	chr13	20333721	20334109	LTR/ERVL	1972	-	194	20333915	18746
chr13	20315169	20515169	harbor1	chr13	20372018	20372446	LTR/ERVL	1660	-	214	20372232	57063
chr13	113725782	113925782	harbor1	chr13	113810465	113810812	LTR/ERVL	443	-	174	113810639	84857
chr13	100413825	100613825	harbor1	chr13	100450897	100451312	LTR/ERVL	2034	-	208	100451105	37280
chr13	100413825	100613825	harbor1	chr13	100457345	100457786	LTR/ERVL	1867	-	220	100457565	43740
chr13	100413825	100613825	harbor1	chr13	100472415	100472752	LTR/ERVL	1073	-	168	100472583	58758
chr13	38912775	39112775	harbor1	chr13	38940456	38940859	LTR/ERVL	4440	-	202	38940658	27883
chr13	38912775	39112775	harbor1	chr13	38941099	38941539	LTR/ERVL	4440	-	220	38941319	28544
chr13	38912775	39112775	harbor1	chr13	38954644	38955143	LTR/ERVL	1247	-	250	38954894	42119
chr13	38912775	39112775	harbor1	chr13	38957184	38957566	LTR/ERVL	1847	-	191	38957375	44600
chr13	20315123	20515123	harbor1	chr13	20333721	20334109	LTR/ERVL	1972	-	194	20333915	18792
chr13	20315123	20515123	harbor1	chr13	20372018	20372446	LTR/ERVL	1660	-	214	20372232	57109
chr13	19764706	19964706	harbor1	chr13	19845451	19846135	LTR/ERVL	1297	-	342	19845793	81087
chr13	20315143	20515143	harbor1	chr13	20333721	20334109	LTR/ERVL	1972	-	194	20333915	18772
chr13	20315143	20515143	harbor1	chr13	20372018	20372446	LTR/ERVL	1660	-	214	20372232	57089
chr13	113726165	113926165	harbor1	chr13	113810465	113810812	LTR/ERVL	443	-	174	113810639	84474
chr13	113713157	113913157	harbor1	chr13	113810465	113810812	LTR/ERVL	443	-	174	113810639	97482
chr13	20262753	20462753	harbor1	chr13	20305972	20306462	LTR/ERVL	2821	-	245	20306217	43464
chr13	20262753	20462753	harbor1	chr13	20333721	20334109	LTR/ERVL	1972	-	194	20333915	71162
chr13	113726286	113926286	harbor1	chr13	113810465	113810812	LTR/ERVL	443	-	174	113810639	84353
chr13	113726133	113926133	harbor1	chr13	113810465	113810812	LTR/ERVL	443	-	174	113810639	84506
chr13	109947746	110147746	harbor1	chr13	109953469	109953860	LTR/ERVL	1491	-	196	109953665	5919
chr13	109947746	110147746	harbor1	chr13	110000980	110001412	LTR/ERVL	979	-	216	110001196	53450
chr13	20315206	20515206	harbor1	chr13	20333721	20334109	LTR/ERVL	1972	-	194	20333915	18709
chr13	20315206	20515206	harbor1	chr13	20372018	20372446	LTR/ERVL	1660	-	214	20372232	57026
chr14	67141304	67341304	harbor1	chr14	67186347	67186630	LTR/ERVL	767	-	142	67186489	45185
chr14	67141304	67341304	harbor1	chr14	67186671	67186880	LTR/ERVL	489	-	104	67186775	45471
chr14	95434849	95634849	harbor1	chr14	95481615	95481737	LTR/ERVL	430	-	61	95481676	46827
chr14	67141322	67341322	harbor1	chr14	67186347	67186630	LTR/ERVL	767	-	142	67186489	45167
chr14	67141322	67341322	harbor1	chr14	67186671	67186880	LTR/ERVL	489	-	104	67186775	45453
chr14	104603549	104803549	harbor1	chr14	104607135	104607410	LTR/ERVL	1824	-	138	104607273	3724
chr14	104603549	104803549	harbor1	chr14	104607817	104607969	LTR/ERVL	1824	-	76	104607893	4344
chr14	104603549	104803549	harbor1	chr14	104608641	104608995	LTR/ERVL	481	-	177	104608818	5269
chr14	104603549	104803549	harbor1	chr14	104624876	104625280	LTR/ERVL	1030	-	202	104625078	21529
chr14	104603549	104803549	harbor1	chr14	104627462	104627638	LTR/ERVL	2705	-	88	104627550	24001
chr14	104603549	104803549	harbor1	chr14	104644052	104644359	LTR/ERVL	687	-	154	104644206	40657
chr14	104603549	104803549	harbor1	chr14	104628062	104628435	LTR/ERVL	2705	-	186	104628248	24699
chr14	104785274	104985274	harbor1	chr14	104818239	104818580	LTR/ERVL	1323	-	170	104818409	33135
chr14	104785274	104985274	harbor1	chr14	104845996	104846233	LTR/ERVL	508	-	118	104846114	60840
chr14	104785274	104985274	harbor1	chr14	104846379	104846903	LTR/ERVL	1980	-	262	104846641	61367
chr14	100185498	100385498	harbor1	chr14	100203451	100203747	LTR/ERVL	1249	-	148	100203599	18101
chr14	100185498	100385498	harbor1	chr14	100222311	100222772	LTR/ERVL	851	-	230	100222541	37043
chr14	67140883	67340883	harbor1	chr14	67186347	67186630	LTR/ERVL	767	-	142	67186489	45606
chr14	67140883	67340883	harbor1	chr14	67186671	67186880	LTR/ERVL	489	-	104	67186775	45892
chr14	69667796	69867796	harbor1	chr14	69720903	69721377	LTR/ERVL	714	-	237	69721140	53344
chr14	75327880	75527880	harbor1	chr14	75379796	75380235	LTR/ERVL	2189	-	220	75380016	52136
chr14	100185509	100385509	harbor1	chr14	100203451	100203747	LTR/ERVL	1249	-	148	100203599	18090
chr14	100185509	100385509	harbor1	chr14	100222311	100222772	LTR/ERVL	851	-	230	100222541	37032
chr14	67141305	67341305	harbor1	chr14	67186347	67186630	LTR/ERVL	767	-	142	67186489	45184
chr14	67141305	67341305	harbor1	chr14	67186671	67186880	LTR/ERVL	489	-	104	67186775	45470
chr14	20990648	21190648	harbor1	chr14	21011108	21011481	LTR/ERVL	1035	-	186	21011294	20646
chr14	75328395	75528395	harbor1	chr14	75379796	75380235	LTR/ERVL	2189	-	220	75380016	51621
chr14	75328436	75528436	harbor1	chr14	75379796	75380235	LTR/ERVL	2189	-	220	75380016	51580
chr14	95435211	95635211	harbor1	chr14	95481615	95481737	LTR/ERVL	430	-	61	95481676	46465
chr14	75328363	75528363	harbor1	chr14	75379796	75380235	LTR/ERVL	2189	-	220	75380016	51653
chr14	67140875	67340875	harbor1	chr14	67186347	67186630	LTR/ERVL	767	-	142	67186489	45614
chr14	67140875	67340875	harbor1	chr14	67186671	67186880	LTR/ERVL	489	-	104	67186775	45900
chr14	66148048	66348048	harbor1	chr14	66164320	66164777	LTR/ERVL	2312	-	228	66164548	16500
chr14	66148048	66348048	harbor1	chr14	66209279	66209367	LTR/ERVL	2383	-	44	66209323	61275
chr14	66148048	66348048	harbor1	chr14	66209414	66209735	LTR/ERVL	2383	-	160	66209574	61526
chr14	66148048	66348048	harbor1	chr14	66219113	66219851	LTR/ERVL	3760	-	369	66219482	71434
chr14	66148048	66348048	harbor1	chr14	66243306	66243764	LTR/ERVL	1417	-	229	66243535	95487
chr14	81174155	81374155	harbor1	chr14	81227719	81227812	LTR/ERVL	447	-	46	81227765	53610
chr14	95435221	95635221	harbor1	chr14	95481615	95481737	LTR/ERVL	430	-	61	95481676	46455
chr14	88923334	89123334	harbor1	chr14	88999272	88999530	LTR/ERVL	791	-	129	88999401	76067
chr14	95435535	95635535	harbor1	chr14	95481615	95481737	LTR/ERVL	430	-	61	95481676	46141
chr14	23252014	23452014	harbor1	chr14	23251839	23252334	LTR/ERVL	2951	-	248	23252087	73
chr14	69667837	69867837	harbor1	chr14	69720903	69721377	LTR/ERVL	714	-	237	69721140	53303
chr14	100185484	100385484	harbor1	chr14	100203451	100203747	LTR/ERVL	1249	-	148	100203599	18115
chr14	100185484	100385484	harbor1	chr14	100222311	100222772	LTR/ERVL	851	-	230	100222541	37057
chr14	104590358	104790358	harbor1	chr14	104607135	104607410	LTR/ERVL	1824	-	138	104607273	16915
chr14	104590358	104790358	harbor1	chr14	104607817	104607969	LTR/ERVL	1824	-	76	104607893	17535
chr14	104590358	104790358	harbor1	chr14	104608641	104608995	LTR/ERVL	481	-	177	104608818	18460
chr14	104590358	104790358	harbor1	chr14	104624876	104625280	LTR/ERVL	1030	-	202	104625078	34720
chr14	104590358	104790358	harbor1	chr14	104627462	104627638	LTR/ERVL	2705	-	88	104627550	37192
chr14	104590358	104790358	harbor1	chr14	104644052	104644359	LTR/ERVL	687	-	154	104644206	53848
chr14	104590358	104790358	harbor1	chr14	104628062	104628435	LTR/ERVL	2705	-	186	104628248	37890
chr14	100182129	100382129	harbor1	chr14	100203451	100203747	LTR/ERVL	1249	-	148	100203599	21470
chr14	100182129	100382129	harbor1	chr14	100222311	100222772	LTR/ERVL	851	-	230	100222541	40412
chr14	23452131	23652131	harbor1	chr14	23454329	23454877	LTR/ERVL	2541	-	274	23454603	2472
chr14	105059476	105259476	harbor1	chr14	105070944	105071144	LTR/ERVL	525	-	100	105071044	11568
chr14	105059476	105259476	harbor1	chr14	105071488	105071670	LTR/ERVL	697	-	91	105071579	12103
chr14	105059476	105259476	harbor1	chr14	105071665	105071905	LTR/ERVL	937	-	120	105071785	12309
chr14	105059476	105259476	harbor1	chr14	105116052	105116370	LTR/ERVL	1008	-	159	105116211	56735
chr14	105059476	105259476	harbor1	chr14	105116677	105117080	LTR/ERVL	1008	-	202	105116879	57403
chr14	105059476	105259476	harbor1	chr14	105117101	105117546	LTR/ERVL	574	-	222	105117323	57847
chr14	105059476	105259476	harbor1	chr14	105121140	105121738	LTR/ERVL	1968	-	299	105121439	61963
chr14	24047207	24247207	harbor1	chr14	24090221	24090636	LTR/ERVL	1257	-	208	24090429	43222
chr14	104780663	104980663	harbor1	chr14	104818239	104818580	LTR/ERVL	1323	-	170	104818409	37746
chr14	104780663	104980663	harbor1	chr14	104845996	104846233	LTR/ERVL	508	-	118	104846114	65451
chr14	104780663	104980663	harbor1	chr14	104846379	104846903	LTR/ERVL	1980	-	262	104846641	65978
chr14	76928821	77128821	harbor1	chr14	76997152	76997278	LTR/ERVL	434	-	63	76997215	68394
chr14	76928821	77128821	harbor1	chr14	76997333	76997556	LTR/ERVL	629	-	112	76997445	68624
chr14	76928821	77128821	harbor1	chr14	77010958	77011411	LTR/ERVL	2699	-	226	77011184	82363
chr14	69667763	69867763	harbor1	chr14	69720903	69721377	LTR/ERVL	714	-	237	69721140	53377
chr14	94074221	94274221	harbor1	chr14	94123231	94123571	LTR/ERVL	1015	-	170	94123401	49180
chr14	94074221	94274221	harbor1	chr14	94144585	94144806	LTR/ERVL	527	-	110	94144695	70474
chr14	94074221	94274221	harbor1	chr14	94144818	94145024	LTR/ERVL	453	-	103	94144921	70700
chr14	74300576	74500576	harbor1	chr14	74315715	74316139	LTR/ERVL	1305	-	212	74315927	15351
chr14	24047697	24247697	harbor1	chr14	24090221	24090636	LTR/ERVL	1257	-	208	24090429	42732
chr14	75327097	75527097	harbor1	chr14	75379796	75380235	LTR/ERVL	2189	-	220	75380016	52919
chr14	76928851	77128851	harbor1	chr14	76997152	76997278	LTR/ERVL	434	-	63	76997215	68364
chr14	76928851	77128851	harbor1	chr14	76997333	76997556	LTR/ERVL	629	-	112	76997445	68594
chr14	76928851	77128851	harbor1	chr14	77010958	77011411	LTR/ERVL	2699	-	226	77011184	82333
chr14	76928811	77128811	harbor1	chr14	76997152	76997278	LTR/ERVL	434	-	63	76997215	68404
chr14	76928811	77128811	harbor1	chr14	76997333	76997556	LTR/ERVL	629	-	112	76997445	68634
chr14	76928811	77128811	harbor1	chr14	77010958	77011411	LTR/ERVL	2699	-	226	77011184	82373
chr14	76928796	77128796	harbor1	chr14	76997152	76997278	LTR/ERVL	434	-	63	76997215	68419
chr14	76928796	77128796	harbor1	chr14	76997333	76997556	LTR/ERVL	629	-	112	76997445	68649
chr14	76928796	77128796	harbor1	chr14	77010958	77011411	LTR/ERVL	2699	-	226	77011184	82388
chr14	51140268	51340268	harbor1	chr14	51178956	51179157	LTR/ERVL	603	-	100	51179056	38788
chr14	51140268	51340268	harbor1	chr14	51179500	51179689	LTR/ERVL	603	-	94	51179594	39326
chr14	51140268	51340268	harbor1	chr14	51192094	51192438	LTR/ERVL	847	-	172	51192266	51998
chr14	51140268	51340268	harbor1	chr14	51205973	51206824	LTR/ERVL	4150	-	426	51206399	66131
chr14	51140268	51340268	harbor1	chr14	51221171	51221740	LTR/ERVL	2218	-	284	51221455	81187
chr14	104623497	104823497	harbor1	chr14	104624876	104625280	LTR/ERVL	1030	-	202	104625078	1581
chr14	104623497	104823497	harbor1	chr14	104627462	104627638	LTR/ERVL	2705	-	88	104627550	4053
chr14	104623497	104823497	harbor1	chr14	104644052	104644359	LTR/ERVL	687	-	154	104644206	20709
chr14	104623497	104823497	harbor1	chr14	104628062	104628435	LTR/ERVL	2705	-	186	104628248	4751
chr14	76928421	77128421	harbor1	chr14	76997152	76997278	LTR/ERVL	434	-	63	76997215	68794
chr14	76928421	77128421	harbor1	chr14	76997333	76997556	LTR/ERVL	629	-	112	76997445	69024
chr14	76928421	77128421	harbor1	chr14	77010958	77011411	LTR/ERVL	2699	-	226	77011184	82763
chr14	23249324	23449324	harbor1	chr14	23251185	23251248	LTR/ERVL	2951	-	32	23251217	1893
chr14	23249324	23449324	harbor1	chr14	23251275	23251533	LTR/ERVL	2951	-	129	23251404	2080
chr14	23249324	23449324	harbor1	chr14	23251839	23252334	LTR/ERVL	2951	-	248	23252087	2763
chr14	100185531	100385531	harbor1	chr14	100203451	100203747	LTR/ERVL	1249	-	148	100203599	18068
chr14	100185531	100385531	harbor1	chr14	100222311	100222772	LTR/ERVL	851	-	230	100222541	37010
chr14	100032741	100232741	harbor1	chr14	100043317	100043605	LTR/ERVL	1388	-	144	100043461	10720
chr14	100032741	100232741	harbor1	chr14	100043882	100043910	LTR/ERVL	1388	-	14	100043896	11155
chr14	100032741	100232741	harbor1	chr14	100043994	100044149	LTR/ERVL	932	-	78	100044072	11331
chr14	100032741	100232741	harbor1	chr14	100082720	100083006	LTR/ERVL	843	-	143	100082863	50122
chr14	104588146	104788146	harbor1	chr14	104607135	104607410	LTR/ERVL	1824	-	138	104607273	19127
chr14	104588146	104788146	harbor1	chr14	104607817	104607969	LTR/ERVL	1824	-	76	104607893	19747
chr14	104588146	104788146	harbor1	chr14	104608641	104608995	LTR/ERVL	481	-	177	104608818	20672
chr14	104588146	104788146	harbor1	chr14	104624876	104625280	LTR/ERVL	1030	-	202	104625078	36932
chr14	104588146	104788146	harbor1	chr14	104627462	104627638	LTR/ERVL	2705	-	88	104627550	39404
chr14	104588146	104788146	harbor1	chr14	104644052	104644359	LTR/ERVL	687	-	154	104644206	56060
chr14	104588146	104788146	harbor1	chr14	104628062	104628435	LTR/ERVL	2705	-	186	104628248	40102
chr14	76928813	77128813	harbor1	chr14	76997152	76997278	LTR/ERVL	434	-	63	76997215	68402
chr14	76928813	77128813	harbor1	chr14	76997333	76997556	LTR/ERVL	629	-	112	76997445	68632
chr14	76928813	77128813	harbor1	chr14	77010958	77011411	LTR/ERVL	2699	-	226	77011184	82371
chr14	99435566	99635566	harbor1	chr14	99460282	99460714	LTR/ERVL	863	-	216	99460498	24932
chr14	76928830	77128830	harbor1	chr14	76997152	76997278	LTR/ERVL	434	-	63	76997215	68385
chr14	76928830	77128830	harbor1	chr14	76997333	76997556	LTR/ERVL	629	-	112	76997445	68615
chr14	76928830	77128830	harbor1	chr14	77010958	77011411	LTR/ERVL	2699	-	226	77011184	82354
chr14	20990975	21190975	harbor1	chr14	21011108	21011481	LTR/ERVL	1035	-	186	21011294	20319
chr14	69667329	69867329	harbor1	chr14	69720903	69721377	LTR/ERVL	714	-	237	69721140	53811
chr14	104416746	104616746	harbor1	chr14	104463215	104463616	LTR/ERVL	1317	-	200	104463415	46669
chr14	104416746	104616746	harbor1	chr14	104464694	104464798	LTR/ERVL	4402	-	52	104464746	48000
chr14	104416746	104616746	harbor1	chr14	104464793	104465980	LTR/ERVL	5886	-	594	104465387	48641
chr14	104416746	104616746	harbor1	chr14	104465976	104466530	LTR/ERVL	15365	-	277	104466253	49507
chr14	104416746	104616746	harbor1	chr14	104466838	104467405	LTR/ERVL	15365	-	284	104467122	50376
chr14	104416746	104616746	harbor1	chr14	104467562	104469237	LTR/ERVL	15365	-	838	104468400	51654
chr14	104416746	104616746	harbor1	chr14	104469238	104469719	LTR/ERVL	2363	-	240	104469478	52732
chr14	104416746	104616746	harbor1	chr14	104463622	104464388	LTR/ERVL	4402	-	383	104464005	47259
chr14	67141315	67341315	harbor1	chr14	67186347	67186630	LTR/ERVL	767	-	142	67186489	45174
chr14	67141315	67341315	harbor1	chr14	67186671	67186880	LTR/ERVL	489	-	104	67186775	45460
chr14	24047761	24247761	harbor1	chr14	24090221	24090636	LTR/ERVL	1257	-	208	24090429	42668
chr14	104785187	104985187	harbor1	chr14	104818239	104818580	LTR/ERVL	1323	-	170	104818409	33222
chr14	104785187	104985187	harbor1	chr14	104845996	104846233	LTR/ERVL	508	-	118	104846114	60927
chr14	104785187	104985187	harbor1	chr14	104846379	104846903	LTR/ERVL	1980	-	262	104846641	61454
chr14	22776770	22976770	harbor1	chr14	22865355	22865729	LTR/ERVL	727	-	187	22865542	88772
chr14	105386427	105586427	harbor1	chr14	105433012	105433573	LTR/ERVL	1829	-	280	105433292	46865
chr14	105386427	105586427	harbor1	chr14	105430969	105431165	LTR/ERVL	463	-	98	105431067	44640
chr14	104785177	104985177	harbor1	chr14	104818239	104818580	LTR/ERVL	1323	-	170	104818409	33232
chr14	104785177	104985177	harbor1	chr14	104845996	104846233	LTR/ERVL	508	-	118	104846114	60937
chr14	104785177	104985177	harbor1	chr14	104846379	104846903	LTR/ERVL	1980	-	262	104846641	61464
chr14	24047716	24247716	harbor1	chr14	24090221	24090636	LTR/ERVL	1257	-	208	24090429	42713
chr14	104000741	104200741	harbor1	chr14	104011788	104012388	LTR/ERVL	3126	-	300	104012088	11347
chr14	104000741	104200741	harbor1	chr14	104070150	104070664	LTR/ERVL	2635	-	257	104070407	69666
chr14	91474368	91674368	harbor1	chr14	91513723	91513933	LTR/ERVL	1346	-	105	91513828	39460
chr14	91474368	91674368	harbor1	chr14	91514233	91514407	LTR/ERVL	1346	-	87	91514320	39952
chr14	91474368	91674368	harbor1	chr14	91530482	91530702	LTR/ERVL	1386	-	110	91530592	56224
chr14	91474368	91674368	harbor1	chr14	91530989	91531223	LTR/ERVL	1386	-	117	91531106	56738
chr14	75328380	75528380	harbor1	chr14	75379796	75380235	LTR/ERVL	2189	-	220	75380016	51636
chr14	102631841	102831841	harbor1	chr14	102673997	102674362	LTR/ERVL	1471	-	182	102674179	42338
chr14	100182018	100382018	harbor1	chr14	100203451	100203747	LTR/ERVL	1249	-	148	100203599	21581
chr14	100182018	100382018	harbor1	chr14	100222311	100222772	LTR/ERVL	851	-	230	100222541	40523
chr14	104015415	104215415	harbor1	chr14	104070150	104070664	LTR/ERVL	2635	-	257	104070407	54992
chr14	76925476	77125476	harbor1	chr14	76997152	76997278	LTR/ERVL	434	-	63	76997215	71739
chr14	76925476	77125476	harbor1	chr14	76997333	76997556	LTR/ERVL	629	-	112	76997445	71969
chr14	76925476	77125476	harbor1	chr14	77010958	77011411	LTR/ERVL	2699	-	226	77011184	85708
chr14	105054599	105254599	harbor1	chr14	105070944	105071144	LTR/ERVL	525	-	100	105071044	16445
chr14	105054599	105254599	harbor1	chr14	105071488	105071670	LTR/ERVL	697	-	91	105071579	16980
chr14	105054599	105254599	harbor1	chr14	105071665	105071905	LTR/ERVL	937	-	120	105071785	17186
chr14	105054599	105254599	harbor1	chr14	105116052	105116370	LTR/ERVL	1008	-	159	105116211	61612
chr14	105054599	105254599	harbor1	chr14	105116677	105117080	LTR/ERVL	1008	-	202	105116879	62280
chr14	105054599	105254599	harbor1	chr14	105117101	105117546	LTR/ERVL	574	-	222	105117323	62724
chr14	105054599	105254599	harbor1	chr14	105121140	105121738	LTR/ERVL	1968	-	299	105121439	66840
chr14	101439534	101639534	harbor1	chr14	101532934	101533492	LTR/ERVL	2153	-	279	101533213	93679
chr15	74837985	75037985	harbor1	chr15	74878411	74878599	LTR/ERVL	773	-	94	74878505	40520
chr15	74837985	75037985	harbor1	chr15	74881306	74881453	LTR/ERVL	769	-	74	74881380	43395
chr15	35445552	35645552	harbor1	chr15	35448110	35448328	LTR/ERVL	611	-	109	35448219	2667
chr15	35445552	35645552	harbor1	chr15	35472152	35472608	LTR/ERVL	1168	-	228	35472380	26828
chr15	35445552	35645552	harbor1	chr15	35491924	35492336	LTR/ERVL	1932	-	206	35492130	46578
chr15	35446223	35646223	harbor1	chr15	35448110	35448328	LTR/ERVL	611	-	109	35448219	1996
chr15	35446223	35646223	harbor1	chr15	35472152	35472608	LTR/ERVL	1168	-	228	35472380	26157
chr15	35446223	35646223	harbor1	chr15	35491924	35492336	LTR/ERVL	1932	-	206	35492130	45907
chr15	35446236	35646236	harbor1	chr15	35448110	35448328	LTR/ERVL	611	-	109	35448219	1983
chr15	35446236	35646236	harbor1	chr15	35472152	35472608	LTR/ERVL	1168	-	228	35472380	26144
chr15	35446236	35646236	harbor1	chr15	35491924	35492336	LTR/ERVL	1932	-	206	35492130	45894
chr15	101843670	102043670	harbor1	chr15	101890385	101890505	LTR/ERVL	462	-	60	101890445	46775
chr15	35446435	35646435	harbor1	chr15	35448110	35448328	LTR/ERVL	611	-	109	35448219	1784
chr15	35446435	35646435	harbor1	chr15	35472152	35472608	LTR/ERVL	1168	-	228	35472380	25945
chr15	35446435	35646435	harbor1	chr15	35491924	35492336	LTR/ERVL	1932	-	206	35492130	45695
chr15	45029576	45229576	harbor1	chr15	45042822	45043065	LTR/ERVL	1430	-	122	45042944	13368
chr15	35446210	35646210	harbor1	chr15	35448110	35448328	LTR/ERVL	611	-	109	35448219	2009
chr15	35446210	35646210	harbor1	chr15	35472152	35472608	LTR/ERVL	1168	-	228	35472380	26170
chr15	35446210	35646210	harbor1	chr15	35491924	35492336	LTR/ERVL	1932	-	206	35492130	45920
chr15	35446226	35646226	harbor1	chr15	35448110	35448328	LTR/ERVL	611	-	109	35448219	1993
chr15	35446226	35646226	harbor1	chr15	35472152	35472608	LTR/ERVL	1168	-	228	35472380	26154
chr15	35446226	35646226	harbor1	chr15	35491924	35492336	LTR/ERVL	1932	-	206	35492130	45904
chr15	35446238	35646238	harbor1	chr15	35448110	35448328	LTR/ERVL	611	-	109	35448219	1981
chr15	35446238	35646238	harbor1	chr15	35472152	35472608	LTR/ERVL	1168	-	228	35472380	26142
chr15	35446238	35646238	harbor1	chr15	35491924	35492336	LTR/ERVL	1932	-	206	35492130	45892
chr15	101728928	101928928	harbor1	chr15	101808003	101808592	LTR/ERVL	1304	-	294	101808297	79369
chr15	31770716	31970716	harbor1	chr15	31796103	31796165	LTR/ERVL	1950	-	31	31796134	25418
chr15	31770716	31970716	harbor1	chr15	31796261	31796609	LTR/ERVL	1950	-	174	31796435	25719
chr15	31770716	31970716	harbor1	chr15	31798713	31798989	LTR/ERVL	440	-	138	31798851	28135
chr15	31770716	31970716	harbor1	chr15	31802043	31802089	LTR/ERVL	3629	-	23	31802066	31350
chr15	31770716	31970716	harbor1	chr15	31802143	31802548	LTR/ERVL	3629	-	202	31802345	31629
chr15	35446211	35646211	harbor1	chr15	35448110	35448328	LTR/ERVL	611	-	109	35448219	2008
chr15	35446211	35646211	harbor1	chr15	35472152	35472608	LTR/ERVL	1168	-	228	35472380	26169
chr15	35446211	35646211	harbor1	chr15	35491924	35492336	LTR/ERVL	1932	-	206	35492130	45919
chr15	24856071	25056071	harbor1	chr15	24938581	24939103	LTR/ERVL	1931	-	261	24938842	82771
chr15	24856071	25056071	harbor1	chr15	24940805	24940972	LTR/ERVL	867	-	84	24940889	84818
chr15	24856071	25056071	harbor1	chr15	24941278	24941758	LTR/ERVL	12946	-	240	24941518	85447
chr15	24856071	25056071	harbor1	chr15	24942078	24943810	LTR/ERVL	12946	-	866	24942944	86873
chr15	24856071	25056071	harbor1	chr15	24944121	24944246	LTR/ERVL	6549	-	62	24944183	88112
chr15	24856071	25056071	harbor1	chr15	24944235	24944424	LTR/ERVL	858	-	94	24944329	88258
chr15	24856071	25056071	harbor1	chr15	24944559	24944700	LTR/ERVL	545	-	70	24944629	88558
chr15	24856071	25056071	harbor1	chr15	24944708	24945110	LTR/ERVL	1740	-	201	24944909	88838
chr15	32599301	32799301	harbor1	chr15	32609921	32610326	LTR/ERVL	1222	-	202	32610123	10822
chr15	32599301	32799301	harbor1	chr15	32653500	32653886	LTR/ERVL	1571	-	193	32653693	54392
chr15	66786957	66986957	harbor1	chr15	66864700	66864834	LTR/ERVL	469	-	67	66864767	77810
chr15	66786957	66986957	harbor1	chr15	66881970	66882377	LTR/ERVL	1123	-	204	66882174	95217
chr15	66786957	66986957	harbor1	chr15	66884865	66885239	LTR/ERVL	1118	-	187	66885052	98095
chr15	35446209	35646209	harbor1	chr15	35448110	35448328	LTR/ERVL	611	-	109	35448219	2010
chr15	35446209	35646209	harbor1	chr15	35472152	35472608	LTR/ERVL	1168	-	228	35472380	26171
chr15	35446209	35646209	harbor1	chr15	35491924	35492336	LTR/ERVL	1932	-	206	35492130	45921
chr15	35446262	35646262	harbor1	chr15	35448110	35448328	LTR/ERVL	611	-	109	35448219	1957
chr15	35446262	35646262	harbor1	chr15	35472152	35472608	LTR/ERVL	1168	-	228	35472380	26118
chr15	35446262	35646262	harbor1	chr15	35491924	35492336	LTR/ERVL	1932	-	206	35492130	45868
chr15	35446272	35646272	harbor1	chr15	35448110	35448328	LTR/ERVL	611	-	109	35448219	1947
chr15	35446272	35646272	harbor1	chr15	35472152	35472608	LTR/ERVL	1168	-	228	35472380	26108
chr15	35446272	35646272	harbor1	chr15	35491924	35492336	LTR/ERVL	1932	-	206	35492130	45858
chr15	101861558	102061558	harbor1	chr15	101890385	101890505	LTR/ERVL	462	-	60	101890445	28887
chr15	35446227	35646227	harbor1	chr15	35448110	35448328	LTR/ERVL	611	-	109	35448219	1992
chr15	35446227	35646227	harbor1	chr15	35472152	35472608	LTR/ERVL	1168	-	228	35472380	26153
chr15	35446227	35646227	harbor1	chr15	35491924	35492336	LTR/ERVL	1932	-	206	35492130	45903
chr15	29944821	30144821	harbor1	chr15	29978955	29979282	LTR/ERVL	1588	-	164	29979119	34298
chr15	101552272	101752272	harbor1	chr15	101559600	101559981	LTR/ERVL	593	-	190	101559790	7518
chr15	101552272	101752272	harbor1	chr15	101567523	101567914	LTR/ERVL	967	-	196	101567719	15447
chr15	101552272	101752272	harbor1	chr15	101568213	101568268	LTR/ERVL	967	-	28	101568241	15969
chr15	101552272	101752272	harbor1	chr15	101569182	101569475	LTR/ERVL	521	-	146	101569328	17056
chr15	101552272	101752272	harbor1	chr15	101623994	101624373	LTR/ERVL	797	-	190	101624184	71912
chr15	101552272	101752272	harbor1	chr15	101635455	101635544	LTR/ERVL	411	-	44	101635499	83227
chr15	22455716	22655716	harbor1	chr15	22521491	22521915	LTR/ERVL	1333	-	212	22521703	65987
chr15	22455716	22655716	harbor1	chr15	22526190	22526716	LTR/ERVL	1484	-	263	22526453	70737
chr15	22455716	22655716	harbor1	chr15	22544475	22545058	LTR/ERVL	2038	-	292	22544767	89051
chr15	22455716	22655716	harbor1	chr15	22551987	22552111	LTR/ERVL	522	-	62	22552049	96333
chr15	22455716	22655716	harbor1	chr15	22552516	22553489	LTR/ERVL	3074	-	486	22553002	97286
chr15	22455716	22655716	harbor1	chr15	22553491	22553995	LTR/ERVL	2211	-	252	22553743	98027
chr15	101861545	102061545	harbor1	chr15	101890385	101890505	LTR/ERVL	462	-	60	101890445	28900
chr15	101861594	102061594	harbor1	chr15	101890385	101890505	LTR/ERVL	462	-	60	101890445	28851
chr15	74734286	74934286	harbor1	chr15	74739677	74740062	LTR/ERVL	819	-	192	74739869	5583
chr15	35446206	35646206	harbor1	chr15	35448110	35448328	LTR/ERVL	611	-	109	35448219	2013
chr15	35446206	35646206	harbor1	chr15	35472152	35472608	LTR/ERVL	1168	-	228	35472380	26174
chr15	35446206	35646206	harbor1	chr15	35491924	35492336	LTR/ERVL	1932	-	206	35492130	45924
chr15	35446358	35646358	harbor1	chr15	35448110	35448328	LTR/ERVL	611	-	109	35448219	1861
chr15	35446358	35646358	harbor1	chr15	35472152	35472608	LTR/ERVL	1168	-	228	35472380	26022
chr15	35446358	35646358	harbor1	chr15	35491924	35492336	LTR/ERVL	1932	-	206	35492130	45772
chr15	24516009	24716009	harbor1	chr15	24518365	24519064	LTR/ERVL	3231	-	350	24518715	2706
chr15	24516009	24716009	harbor1	chr15	24520356	24523051	LTR/ERVL	10411	-	1348	24521704	5695
chr15	24516009	24716009	harbor1	chr15	24523071	24523479	LTR/ERVL	1523	-	204	24523275	7266
chr15	24516009	24716009	harbor1	chr15	24524563	24524697	LTR/ERVL	459	-	67	24524630	8621
chr15	24516009	24716009	harbor1	chr15	24524698	24525059	LTR/ERVL	1331	-	180	24524878	8869
chr15	24516009	24716009	harbor1	chr15	24550280	24550726	LTR/ERVL	1003	-	223	24550503	34494
chr15	24516009	24716009	harbor1	chr15	24568330	24568515	LTR/ERVL	1515	-	92	24568422	52413
chr15	24516009	24716009	harbor1	chr15	24568938	24569140	LTR/ERVL	1515	-	101	24569039	53030
chr15	24516009	24716009	harbor1	chr15	24595849	24598105	LTR/ERVL	9413	-	1128	24596977	80968
chr15	24516009	24716009	harbor1	chr15	24598127	24598467	LTR/ERVL	1626	-	170	24598297	82288
chr15	24516009	24716009	harbor1	chr15	24599235	24599371	LTR/ERVL	1626	-	68	24599303	83294
chr15	24516009	24716009	harbor1	chr15	24599372	24599733	LTR/ERVL	1443	-	180	24599552	83543
chr15	96226959	96426959	harbor1	chr15	96243889	96244135	LTR/ERVL	682	-	123	96244012	17053
chr15	35446299	35646299	harbor1	chr15	35448110	35448328	LTR/ERVL	611	-	109	35448219	1920
chr15	35446299	35646299	harbor1	chr15	35472152	35472608	LTR/ERVL	1168	-	228	35472380	26081
chr15	35446299	35646299	harbor1	chr15	35491924	35492336	LTR/ERVL	1932	-	206	35492130	45831
chr15	78668333	78868333	harbor1	chr15	78704998	78705384	LTR/ERVL	2377	-	193	78705191	36858
chr15	78668333	78868333	harbor1	chr15	78705695	78705837	LTR/ERVL	2377	-	71	78705766	37433
chr15	38153030	38353030	harbor1	chr15	38202585	38203008	LTR/ERVL	1338	-	212	38202797	49767
chr15	38153030	38353030	harbor1	chr15	38203268	38203298	LTR/ERVL	1338	-	15	38203283	50253
chr15	38153030	38353030	harbor1	chr15	38211947	38212240	LTR/ERVL	1306	-	146	38212093	59063
chr15	38153030	38353030	harbor1	chr15	38212472	38212551	LTR/ERVL	471	-	40	38212512	59482
chr15	38153030	38353030	harbor1	chr15	38215981	38216383	LTR/ERVL	1353	-	201	38216182	63152
chr15	35443658	35643658	harbor1	chr15	35443886	35444082	LTR/ERVL	743	-	98	35443984	326
chr15	35443658	35643658	harbor1	chr15	35448110	35448328	LTR/ERVL	611	-	109	35448219	4561
chr15	35443658	35643658	harbor1	chr15	35472152	35472608	LTR/ERVL	1168	-	228	35472380	28722
chr15	35443658	35643658	harbor1	chr15	35491924	35492336	LTR/ERVL	1932	-	206	35492130	48472
chr15	35446230	35646230	harbor1	chr15	35448110	35448328	LTR/ERVL	611	-	109	35448219	1989
chr15	35446230	35646230	harbor1	chr15	35472152	35472608	LTR/ERVL	1168	-	228	35472380	26150
chr15	35446230	35646230	harbor1	chr15	35491924	35492336	LTR/ERVL	1932	-	206	35492130	45900
chr15	101854275	102054275	harbor1	chr15	101890385	101890505	LTR/ERVL	462	-	60	101890445	36170
chr15	69999084	70199084	harbor1	chr15	70028114	70028646	LTR/ERVL	2816	-	266	70028380	29296
chr15	67009819	67209819	harbor1	chr15	67034975	67035070	LTR/ERVL	488	-	48	67035023	25204
chr15	67009819	67209819	harbor1	chr15	67039758	67040191	LTR/ERVL	1189	-	216	67039974	30155
chr15	67009819	67209819	harbor1	chr15	67091799	67092006	LTR/ERVL	888	-	104	67091903	82084
chr15	67009819	67209819	harbor1	chr15	67092029	67092263	LTR/ERVL	729	-	117	67092146	82327
chr15	45029523	45229523	harbor1	chr15	45042822	45043065	LTR/ERVL	1430	-	122	45042944	13421
chr15	101861669	102061669	harbor1	chr15	101890385	101890505	LTR/ERVL	462	-	60	101890445	28776
chr15	31770811	31970811	harbor1	chr15	31796103	31796165	LTR/ERVL	1950	-	31	31796134	25323
chr15	31770811	31970811	harbor1	chr15	31796261	31796609	LTR/ERVL	1950	-	174	31796435	25624
chr15	31770811	31970811	harbor1	chr15	31798713	31798989	LTR/ERVL	440	-	138	31798851	28040
chr15	31770811	31970811	harbor1	chr15	31802043	31802089	LTR/ERVL	3629	-	23	31802066	31255
chr15	31770811	31970811	harbor1	chr15	31802143	31802548	LTR/ERVL	3629	-	202	31802345	31534
chr15	19973464	20173464	harbor1	chr15	20028902	20029100	LTR/ERVL	506	-	99	20029001	55537
chr15	29026774	29226774	harbor1	chr15	29029542	29030177	LTR/ERVL	771	-	318	29029860	3086
chr15	29026774	29226774	harbor1	chr15	29030483	29030596	LTR/ERVL	771	-	56	29030539	3765
chr15	29026774	29226774	harbor1	chr15	29033424	29033678	LTR/ERVL	1319	-	127	29033551	6777
chr15	29026774	29226774	harbor1	chr15	29033993	29034465	LTR/ERVL	1319	-	236	29034229	7455
chr15	29026774	29226774	harbor1	chr15	29099244	29099732	LTR/ERVL	1701	-	244	29099488	72714
chr15	35446252	35646252	harbor1	chr15	35448110	35448328	LTR/ERVL	611	-	109	35448219	1967
chr15	35446252	35646252	harbor1	chr15	35472152	35472608	LTR/ERVL	1168	-	228	35472380	26128
chr15	35446252	35646252	harbor1	chr15	35491924	35492336	LTR/ERVL	1932	-	206	35492130	45878
chr15	63405330	63605330	harbor1	chr15	63408922	63409421	LTR/ERVL	3231	-	250	63409172	3842
chr15	63405330	63605330	harbor1	chr15	63427551	63427677	LTR/ERVL	1608	-	63	63427614	22284
chr15	63405330	63605330	harbor1	chr15	63428092	63428430	LTR/ERVL	1608	-	169	63428261	22931
chr15	63405330	63605330	harbor1	chr15	63450392	63450483	LTR/ERVL	2751	-	46	63450438	45108
chr15	63405330	63605330	harbor1	chr15	63450790	63451142	LTR/ERVL	2751	-	176	63450966	45636
chr15	63405330	63605330	harbor1	chr15	63479744	63480059	LTR/ERVL	1001	-	158	63479902	74572
chr15	35446212	35646212	harbor1	chr15	35448110	35448328	LTR/ERVL	611	-	109	35448219	2007
chr15	35446212	35646212	harbor1	chr15	35472152	35472608	LTR/ERVL	1168	-	228	35472380	26168
chr15	35446212	35646212	harbor1	chr15	35491924	35492336	LTR/ERVL	1932	-	206	35492130	45918
chr15	68960308	69160308	harbor1	chr15	68972216	68972369	LTR/ERVL	1048	-	76	68972292	11984
chr15	68960308	69160308	harbor1	chr15	68972844	68972972	LTR/ERVL	1048	-	64	68972908	12600
chr15	68960308	69160308	harbor1	chr15	68973114	68973403	LTR/ERVL	730	-	144	68973258	12950
chr15	68960308	69160308	harbor1	chr15	68978657	68979014	LTR/ERVL	719	-	178	68978835	18527
chr15	68960308	69160308	harbor1	chr15	68979031	68979428	LTR/ERVL	1142	-	198	68979229	18921
chr15	68960308	69160308	harbor1	chr15	68979431	68980165	LTR/ERVL	1560	-	367	68979798	19490
chr15	68960308	69160308	harbor1	chr15	68980637	68981701	LTR/ERVL	1642	-	532	68981169	20861
chr15	68960308	69160308	harbor1	chr15	68981778	68982024	LTR/ERVL	705	-	123	68981901	21593
chr15	68960308	69160308	harbor1	chr15	68982051	68982482	LTR/ERVL	1154	-	216	68982267	21959
chr15	68960308	69160308	harbor1	chr15	68983584	68984081	LTR/ERVL	941	-	248	68983832	23524
chr15	69999137	70199137	harbor1	chr15	70028114	70028646	LTR/ERVL	2816	-	266	70028380	29243
chr15	35446249	35646249	harbor1	chr15	35448110	35448328	LTR/ERVL	611	-	109	35448219	1970
chr15	35446249	35646249	harbor1	chr15	35472152	35472608	LTR/ERVL	1168	-	228	35472380	26131
chr15	35446249	35646249	harbor1	chr15	35491924	35492336	LTR/ERVL	1932	-	206	35492130	45881
chr15	35446296	35646296	harbor1	chr15	35448110	35448328	LTR/ERVL	611	-	109	35448219	1923
chr15	35446296	35646296	harbor1	chr15	35472152	35472608	LTR/ERVL	1168	-	228	35472380	26084
chr15	35446296	35646296	harbor1	chr15	35491924	35492336	LTR/ERVL	1932	-	206	35492130	45834
chr15	79822730	80022730	harbor1	chr15	79832889	79833321	LTR/ERVL	1701	-	216	79833105	10375
chr15	79822730	80022730	harbor1	chr15	79833727	79834190	LTR/ERVL	922	-	232	79833959	11229
chr15	74702668	74902668	harbor1	chr15	74733171	74733472	LTR/ERVL	1005	-	150	74733321	30653
chr15	74702668	74902668	harbor1	chr15	74739677	74740062	LTR/ERVL	819	-	192	74739869	37201
chr15	32618868	32818868	harbor1	chr15	32653500	32653886	LTR/ERVL	1571	-	193	32653693	34825
chr15	32618868	32818868	harbor1	chr15	32703169	32703289	LTR/ERVL	427	-	60	32703229	84361
chr15	73799625	73999625	harbor1	chr15	73801626	73801924	LTR/ERVL	848	-	149	73801775	2150
chr15	73799625	73999625	harbor1	chr15	73836660	73837115	LTR/ERVL	668	-	228	73836888	37263
chr15	73799625	73999625	harbor1	chr15	73855200	73855787	LTR/ERVL	2780	-	294	73855494	55869
chr15	73799625	73999625	harbor1	chr15	73870817	73871359	LTR/ERVL	2343	-	271	73871088	71463
chr15	35446199	35646199	harbor1	chr15	35448110	35448328	LTR/ERVL	611	-	109	35448219	2020
chr15	35446199	35646199	harbor1	chr15	35472152	35472608	LTR/ERVL	1168	-	228	35472380	26181
chr15	35446199	35646199	harbor1	chr15	35491924	35492336	LTR/ERVL	1932	-	206	35492130	45931
chr15	101623861	101823861	harbor1	chr15	101623994	101624373	LTR/ERVL	797	-	190	101624184	323
chr15	101623861	101823861	harbor1	chr15	101635455	101635544	LTR/ERVL	411	-	44	101635499	11638
chr15	101623861	101823861	harbor1	chr15	101660376	101661379	LTR/ERVL	2044	-	502	101660878	37017
chr15	101623861	101823861	harbor1	chr15	101699641	101699810	LTR/ERVL	517	-	84	101699725	75864
chr15	35446288	35646288	harbor1	chr15	35448110	35448328	LTR/ERVL	611	-	109	35448219	1931
chr15	35446288	35646288	harbor1	chr15	35472152	35472608	LTR/ERVL	1168	-	228	35472380	26092
chr15	35446288	35646288	harbor1	chr15	35491924	35492336	LTR/ERVL	1932	-	206	35492130	45842
chr15	73768197	73968197	harbor1	chr15	73801626	73801924	LTR/ERVL	848	-	149	73801775	33578
chr15	73768197	73968197	harbor1	chr15	73836660	73837115	LTR/ERVL	668	-	228	73836888	68691
chr15	73768197	73968197	harbor1	chr15	73855200	73855787	LTR/ERVL	2780	-	294	73855494	87297
chr15	73895408	74095408	harbor1	chr15	73967292	73967455	LTR/ERVL	2909	-	82	73967374	71966
chr15	73895408	74095408	harbor1	chr15	73968063	73968740	LTR/ERVL	2909	-	338	73968401	72993
chr16	2329317	2529317	harbor1	chr16	2379782	2380375	LTR/ERVL	4036	-	296	2380078	50761
chr16	2329317	2529317	harbor1	chr16	2380670	2380970	LTR/ERVL	4036	-	150	2380820	51503
chr16	2329317	2529317	harbor1	chr16	2385110	2385807	LTR/ERVL	1145	-	348	2385458	56141
chr16	2329317	2529317	harbor1	chr16	2388267	2388479	LTR/ERVL	1226	-	106	2388373	59056
chr16	2329317	2529317	harbor1	chr16	2397960	2398214	LTR/ERVL	1454	-	127	2398087	68770
chr16	2329317	2529317	harbor1	chr16	2398363	2398999	LTR/ERVL	2152	-	318	2398681	69364
chr16	2374864	2574864	harbor1	chr16	2379782	2380375	LTR/ERVL	4036	-	296	2380078	5214
chr16	2374864	2574864	harbor1	chr16	2380670	2380970	LTR/ERVL	4036	-	150	2380820	5956
chr16	2374864	2574864	harbor1	chr16	2385110	2385807	LTR/ERVL	1145	-	348	2385458	10594
chr16	2374864	2574864	harbor1	chr16	2388267	2388479	LTR/ERVL	1226	-	106	2388373	13509
chr16	2374864	2574864	harbor1	chr16	2397960	2398214	LTR/ERVL	1454	-	127	2398087	23223
chr16	2374864	2574864	harbor1	chr16	2398363	2398999	LTR/ERVL	2152	-	318	2398681	23817
chr16	2369786	2569786	harbor1	chr16	2379782	2380375	LTR/ERVL	4036	-	296	2380078	10292
chr16	2369786	2569786	harbor1	chr16	2380670	2380970	LTR/ERVL	4036	-	150	2380820	11034
chr16	2369786	2569786	harbor1	chr16	2385110	2385807	LTR/ERVL	1145	-	348	2385458	15672
chr16	2369786	2569786	harbor1	chr16	2388267	2388479	LTR/ERVL	1226	-	106	2388373	18587
chr16	2369786	2569786	harbor1	chr16	2397960	2398214	LTR/ERVL	1454	-	127	2398087	28301
chr16	2369786	2569786	harbor1	chr16	2398363	2398999	LTR/ERVL	2152	-	318	2398681	28895
chr16	4016559	4216559	harbor1	chr16	4034251	4034410	LTR/ERVL	719	-	80	4034331	17772
chr16	4016559	4216559	harbor1	chr16	4034786	4035336	LTR/ERVL	2652	-	275	4035061	18502
chr16	28503971	28703971	harbor1	chr16	28555559	28555663	LTR/ERVL	619	-	52	28555611	51640
chr16	28503971	28703971	harbor1	chr16	28564824	28565348	LTR/ERVL	2049	-	262	28565086	61115
chr16	28503971	28703971	harbor1	chr16	28582984	28583644	LTR/ERVL	2340	-	330	28583314	79343
chr16	2373588	2573588	harbor1	chr16	2379782	2380375	LTR/ERVL	4036	-	296	2380078	6490
chr16	2373588	2573588	harbor1	chr16	2380670	2380970	LTR/ERVL	4036	-	150	2380820	7232
chr16	2373588	2573588	harbor1	chr16	2385110	2385807	LTR/ERVL	1145	-	348	2385458	11870
chr16	2373588	2573588	harbor1	chr16	2388267	2388479	LTR/ERVL	1226	-	106	2388373	14785
chr16	2373588	2573588	harbor1	chr16	2397960	2398214	LTR/ERVL	1454	-	127	2398087	24499
chr16	2373588	2573588	harbor1	chr16	2398363	2398999	LTR/ERVL	2152	-	318	2398681	25093
chr16	2375149	2575149	harbor1	chr16	2379782	2380375	LTR/ERVL	4036	-	296	2380078	4929
chr16	2375149	2575149	harbor1	chr16	2380670	2380970	LTR/ERVL	4036	-	150	2380820	5671
chr16	2375149	2575149	harbor1	chr16	2385110	2385807	LTR/ERVL	1145	-	348	2385458	10309
chr16	2375149	2575149	harbor1	chr16	2388267	2388479	LTR/ERVL	1226	-	106	2388373	13224
chr16	2375149	2575149	harbor1	chr16	2397960	2398214	LTR/ERVL	1454	-	127	2398087	22938
chr16	2375149	2575149	harbor1	chr16	2398363	2398999	LTR/ERVL	2152	-	318	2398681	23532
chr16	53030875	53230875	harbor1	chr16	53037864	53038341	LTR/ERVL	3102	-	238	53038102	7227
chr16	53030875	53230875	harbor1	chr16	53038651	53038675	LTR/ERVL	3102	-	12	53038663	7788
chr16	53030875	53230875	harbor1	chr16	53048739	53048965	LTR/ERVL	593	-	113	53048852	17977
chr16	53030875	53230875	harbor1	chr16	53061426	53061710	LTR/ERVL	827	-	142	53061568	30693
chr16	2836774	3036774	harbor1	chr16	2893052	2893452	LTR/ERVL	2114	-	200	2893252	56478
chr16	4016535	4216535	harbor1	chr16	4034251	4034410	LTR/ERVL	719	-	80	4034331	17796
chr16	4016535	4216535	harbor1	chr16	4034786	4035336	LTR/ERVL	2652	-	275	4035061	18526
chr16	56533856	56733856	harbor1	chr16	56534450	56534607	LTR/ERVL	1615	-	78	56534528	672
chr16	56533856	56733856	harbor1	chr16	56534913	56535034	LTR/ERVL	1615	-	60	56534973	1117
chr16	56533856	56733856	harbor1	chr16	56612708	56613017	LTR/ERVL	1949	-	154	56612862	79006
chr16	56533856	56733856	harbor1	chr16	56613362	56613488	LTR/ERVL	1949	-	63	56613425	79569
chr16	56533856	56733856	harbor1	chr16	56613489	56613790	LTR/ERVL	4157	-	150	56613639	79783
chr16	56533856	56733856	harbor1	chr16	56613822	56614220	LTR/ERVL	4157	-	199	56614021	80165
chr16	56533856	56733856	harbor1	chr16	56614553	56614725	LTR/ERVL	4157	-	86	56614639	80783
chr16	56533856	56733856	harbor1	chr16	56614721	56614827	LTR/ERVL	1818	-	53	56614774	80918
chr16	56533856	56733856	harbor1	chr16	56615127	56615439	LTR/ERVL	1818	-	156	56615283	81427
chr16	56533856	56733856	harbor1	chr16	56615442	56615580	LTR/ERVL	816	-	69	56615511	81655
chr16	1892531	2092531	harbor1	chr16	1933637	1934085	LTR/ERVL	2412	-	224	1933861	41330
chr16	1892531	2092531	harbor1	chr16	1934390	1934400	LTR/ERVL	2412	-	5	1934395	41864
chr16	1892531	2092531	harbor1	chr16	1935021	1935106	LTR/ERVL	2857	-	42	1935063	42532
chr16	1892531	2092531	harbor1	chr16	1935411	1936026	LTR/ERVL	2857	-	308	1935719	43188
chr16	88283250	88483250	harbor1	chr16	88321231	88321356	LTR/ERVL	653	-	62	88321293	38043
chr16	71269665	71469665	harbor1	chr16	71344432	71344622	LTR/ERVL	690	-	95	71344527	74862
chr16	71269665	71469665	harbor1	chr16	71348167	71348543	LTR/ERVL	934	-	188	71348355	78690
chr16	2369772	2569772	harbor1	chr16	2379782	2380375	LTR/ERVL	4036	-	296	2380078	10306
chr16	2369772	2569772	harbor1	chr16	2380670	2380970	LTR/ERVL	4036	-	150	2380820	11048
chr16	2369772	2569772	harbor1	chr16	2385110	2385807	LTR/ERVL	1145	-	348	2385458	15686
chr16	2369772	2569772	harbor1	chr16	2388267	2388479	LTR/ERVL	1226	-	106	2388373	18601
chr16	2369772	2569772	harbor1	chr16	2397960	2398214	LTR/ERVL	1454	-	127	2398087	28315
chr16	2369772	2569772	harbor1	chr16	2398363	2398999	LTR/ERVL	2152	-	318	2398681	28909
chr16	1892189	2092189	harbor1	chr16	1933637	1934085	LTR/ERVL	2412	-	224	1933861	41672
chr16	1892189	2092189	harbor1	chr16	1934390	1934400	LTR/ERVL	2412	-	5	1934395	42206
chr16	1892189	2092189	harbor1	chr16	1935021	1935106	LTR/ERVL	2857	-	42	1935063	42874
chr16	1892189	2092189	harbor1	chr16	1935411	1936026	LTR/ERVL	2857	-	308	1935719	43530
chr16	2373217	2573217	harbor1	chr16	2379782	2380375	LTR/ERVL	4036	-	296	2380078	6861
chr16	2373217	2573217	harbor1	chr16	2380670	2380970	LTR/ERVL	4036	-	150	2380820	7603
chr16	2373217	2573217	harbor1	chr16	2385110	2385807	LTR/ERVL	1145	-	348	2385458	12241
chr16	2373217	2573217	harbor1	chr16	2388267	2388479	LTR/ERVL	1226	-	106	2388373	15156
chr16	2373217	2573217	harbor1	chr16	2397960	2398214	LTR/ERVL	1454	-	127	2398087	24870
chr16	2373217	2573217	harbor1	chr16	2398363	2398999	LTR/ERVL	2152	-	318	2398681	25464
chr16	31115390	31315390	harbor1	chr16	31151114	31151210	LTR/ERVL	1265	-	48	31151162	35772
chr16	31115390	31315390	harbor1	chr16	31151508	31151761	LTR/ERVL	1265	-	126	31151634	36244
chr16	31115390	31315390	harbor1	chr16	31152022	31152139	LTR/ERVL	1265	-	58	31152080	36690
chr16	57636722	57836722	harbor1	chr16	57692970	57693298	LTR/ERVL	1351	-	164	57693134	56412
chr16	71269741	71469741	harbor1	chr16	71344432	71344622	LTR/ERVL	690	-	95	71344527	74786
chr16	71269741	71469741	harbor1	chr16	71348167	71348543	LTR/ERVL	934	-	188	71348355	78614
chr16	66905482	67105482	harbor1	chr16	66961892	66962365	LTR/ERVL	1600	-	236	66962128	56646
chr16	30087207	30287207	harbor1	chr16	30150254	30150329	LTR/ERVL	1045	-	38	30150292	63085
chr16	30087207	30287207	harbor1	chr16	30150642	30150887	LTR/ERVL	1045	-	122	30150764	63557
chr16	30087207	30287207	harbor1	chr16	30151652	30151929	LTR/ERVL	1171	-	138	30151790	64583
chr16	30087207	30287207	harbor1	chr16	30151959	30152049	LTR/ERVL	598	-	45	30152004	64797
chr16	30087207	30287207	harbor1	chr16	30152338	30152465	LTR/ERVL	598	-	64	30152402	65195
chr16	47349128	47549128	harbor1	chr16	47366834	47367587	LTR/ERVL	3225	-	376	47367210	18082
chr16	54836870	55036870	harbor1	chr16	54844034	54844094	LTR/ERVL	1082	-	30	54844064	7194
chr16	54836870	55036870	harbor1	chr16	54844392	54844611	LTR/ERVL	1082	-	110	54844502	7632
chr16	54836870	55036870	harbor1	chr16	54845140	54845264	LTR/ERVL	1082	-	62	54845202	8332
chr16	1908240	2108240	harbor1	chr16	1933637	1934085	LTR/ERVL	2412	-	224	1933861	25621
chr16	1908240	2108240	harbor1	chr16	1934390	1934400	LTR/ERVL	2412	-	5	1934395	26155
chr16	1908240	2108240	harbor1	chr16	1935021	1935106	LTR/ERVL	2857	-	42	1935063	26823
chr16	1908240	2108240	harbor1	chr16	1935411	1936026	LTR/ERVL	2857	-	308	1935719	27479
chr16	4016523	4216523	harbor1	chr16	4034251	4034410	LTR/ERVL	719	-	80	4034331	17808
chr16	4016523	4216523	harbor1	chr16	4034786	4035336	LTR/ERVL	2652	-	275	4035061	18538
chr16	2869886	3069886	harbor1	chr16	2893052	2893452	LTR/ERVL	2114	-	200	2893252	23366
chr16	2330012	2530012	harbor1	chr16	2379782	2380375	LTR/ERVL	4036	-	296	2380078	50066
chr16	2330012	2530012	harbor1	chr16	2380670	2380970	LTR/ERVL	4036	-	150	2380820	50808
chr16	2330012	2530012	harbor1	chr16	2385110	2385807	LTR/ERVL	1145	-	348	2385458	55446
chr16	2330012	2530012	harbor1	chr16	2388267	2388479	LTR/ERVL	1226	-	106	2388373	58361
chr16	2330012	2530012	harbor1	chr16	2397960	2398214	LTR/ERVL	1454	-	127	2398087	68075
chr16	2330012	2530012	harbor1	chr16	2398363	2398999	LTR/ERVL	2152	-	318	2398681	68669
chr16	1678395	1878395	harbor1	chr16	1727809	1728313	LTR/ERVL	695	-	252	1728061	49666
chr16	56464967	56664967	harbor1	chr16	56488103	56488940	LTR/ERVL	4435	-	418	56488521	23554
chr16	56464967	56664967	harbor1	chr16	56534450	56534607	LTR/ERVL	1615	-	78	56534528	69561
chr16	56464967	56664967	harbor1	chr16	56534913	56535034	LTR/ERVL	1615	-	60	56534973	70006
chr16	2863130	3063130	harbor1	chr16	2893052	2893452	LTR/ERVL	2114	-	200	2893252	30122
chr16	1629276	1829276	harbor1	chr16	1727809	1728313	LTR/ERVL	695	-	252	1728061	98785
chr16	56535691	56735691	harbor1	chr16	56612708	56613017	LTR/ERVL	1949	-	154	56612862	77171
chr16	56535691	56735691	harbor1	chr16	56613362	56613488	LTR/ERVL	1949	-	63	56613425	77734
chr16	56535691	56735691	harbor1	chr16	56613489	56613790	LTR/ERVL	4157	-	150	56613639	77948
chr16	56535691	56735691	harbor1	chr16	56613822	56614220	LTR/ERVL	4157	-	199	56614021	78330
chr16	56535691	56735691	harbor1	chr16	56614553	56614725	LTR/ERVL	4157	-	86	56614639	78948
chr16	56535691	56735691	harbor1	chr16	56614721	56614827	LTR/ERVL	1818	-	53	56614774	79083
chr16	56535691	56735691	harbor1	chr16	56615127	56615439	LTR/ERVL	1818	-	156	56615283	79592
chr16	56535691	56735691	harbor1	chr16	56615442	56615580	LTR/ERVL	816	-	69	56615511	79820
chr16	30850099	31050099	harbor1	chr16	30876221	30876374	LTR/ERVL	731	-	76	30876297	26198
chr16	1892565	2092565	harbor1	chr16	1933637	1934085	LTR/ERVL	2412	-	224	1933861	41296
chr16	1892565	2092565	harbor1	chr16	1934390	1934400	LTR/ERVL	2412	-	5	1934395	41830
chr16	1892565	2092565	harbor1	chr16	1935021	1935106	LTR/ERVL	2857	-	42	1935063	42498
chr16	1892565	2092565	harbor1	chr16	1935411	1936026	LTR/ERVL	2857	-	308	1935719	43154
chr16	71269697	71469697	harbor1	chr16	71344432	71344622	LTR/ERVL	690	-	95	71344527	74830
chr16	71269697	71469697	harbor1	chr16	71348167	71348543	LTR/ERVL	934	-	188	71348355	78658
chr16	2375151	2575151	harbor1	chr16	2379782	2380375	LTR/ERVL	4036	-	296	2380078	4927
chr16	2375151	2575151	harbor1	chr16	2380670	2380970	LTR/ERVL	4036	-	150	2380820	5669
chr16	2375151	2575151	harbor1	chr16	2385110	2385807	LTR/ERVL	1145	-	348	2385458	10307
chr16	2375151	2575151	harbor1	chr16	2388267	2388479	LTR/ERVL	1226	-	106	2388373	13222
chr16	2375151	2575151	harbor1	chr16	2397960	2398214	LTR/ERVL	1454	-	127	2398087	22936
chr16	2375151	2575151	harbor1	chr16	2398363	2398999	LTR/ERVL	2152	-	318	2398681	23530
chr16	56508557	56708557	harbor1	chr16	56534450	56534607	LTR/ERVL	1615	-	78	56534528	25971
chr16	56508557	56708557	harbor1	chr16	56534913	56535034	LTR/ERVL	1615	-	60	56534973	26416
chr16	1908827	2108827	harbor1	chr16	1933637	1934085	LTR/ERVL	2412	-	224	1933861	25034
chr16	1908827	2108827	harbor1	chr16	1934390	1934400	LTR/ERVL	2412	-	5	1934395	25568
chr16	1908827	2108827	harbor1	chr16	1935021	1935106	LTR/ERVL	2857	-	42	1935063	26236
chr16	1908827	2108827	harbor1	chr16	1935411	1936026	LTR/ERVL	2857	-	308	1935719	26892
chr16	30087206	30287206	harbor1	chr16	30150254	30150329	LTR/ERVL	1045	-	38	30150292	63086
chr16	30087206	30287206	harbor1	chr16	30150642	30150887	LTR/ERVL	1045	-	122	30150764	63558
chr16	30087206	30287206	harbor1	chr16	30151652	30151929	LTR/ERVL	1171	-	138	30151790	64584
chr16	30087206	30287206	harbor1	chr16	30151959	30152049	LTR/ERVL	598	-	45	30152004	64798
chr16	30087206	30287206	harbor1	chr16	30152338	30152465	LTR/ERVL	598	-	64	30152402	65196
chr16	49757292	49957292	harbor1	chr16	49771899	49772472	LTR/ERVL	2480	-	286	49772185	14893
chr16	2862978	3062978	harbor1	chr16	2893052	2893452	LTR/ERVL	2114	-	200	2893252	30274
chr16	47360500	47560500	harbor1	chr16	47366834	47367587	LTR/ERVL	3225	-	376	47367210	6710
chr16	2865150	3065150	harbor1	chr16	2893052	2893452	LTR/ERVL	2114	-	200	2893252	28102
chr16	86768401	86968401	harbor1	chr16	86773943	86774505	LTR/ERVL	2309	-	281	86774224	5823
chr16	86768401	86968401	harbor1	chr16	86774507	86774865	LTR/ERVL	1677	-	179	86774686	6285
chr16	86768401	86968401	harbor1	chr16	86840707	86841241	LTR/ERVL	1917	-	267	86840974	72573
chr16	86768401	86968401	harbor1	chr16	86846345	86846788	LTR/ERVL	1094	-	222	86846567	78166
chr16	86768401	86968401	harbor1	chr16	86857240	86857610	LTR/ERVL	766	-	185	86857425	89024
chr16	2865127	3065127	harbor1	chr16	2893052	2893452	LTR/ERVL	2114	-	200	2893252	28125
chr16	67397829	67597829	harbor1	chr16	67494892	67494968	LTR/ERVL	758	-	38	67494930	97101
chr16	67397829	67597829	harbor1	chr16	67495874	67496180	LTR/ERVL	758	-	153	67496027	98198
chr17	7461852	7661852	harbor1	chr17	7515999	7516473	LTR/ERVL	2139	-	237	7516236	54384
chr17	81860212	82060212	harbor1	chr17	81900926	81901457	LTR/ERVL	1913	-	266	81901192	40980
chr17	7461889	7661889	harbor1	chr17	7515999	7516473	LTR/ERVL	2139	-	237	7516236	54347
chr17	7461834	7661834	harbor1	chr17	7515999	7516473	LTR/ERVL	2139	-	237	7516236	54402
chr17	7461828	7661828	harbor1	chr17	7515999	7516473	LTR/ERVL	2139	-	237	7516236	54408
chr17	57532094	57732094	harbor1	chr17	57533608	57533967	LTR/ERVL	1005	-	180	57533788	1694
chr17	75009940	75209940	harbor1	chr17	75018746	75018977	LTR/ERVL	916	-	116	75018862	8922
chr17	75009940	75209940	harbor1	chr17	75019144	75019422	LTR/ERVL	964	-	139	75019283	9343
chr17	7461908	7661908	harbor1	chr17	7515999	7516473	LTR/ERVL	2139	-	237	7516236	54328
chr17	7461804	7661804	harbor1	chr17	7515999	7516473	LTR/ERVL	2139	-	237	7516236	54432
chr17	63523257	63723257	harbor1	chr17	63581279	63581731	LTR/ERVL	970	-	226	63581505	58248
chr17	7461808	7661808	harbor1	chr17	7515999	7516473	LTR/ERVL	2139	-	237	7516236	54428
chr17	7461890	7661890	harbor1	chr17	7515999	7516473	LTR/ERVL	2139	-	237	7516236	54346
chr17	78891091	79091091	harbor1	chr17	78959888	78960464	LTR/ERVL	1390	-	288	78960176	69085
chr17	76637237	76837237	harbor1	chr17	76648856	76649286	LTR/ERVL	2476	-	215	76649071	11834
chr17	79041540	79241540	harbor1	chr17	79063952	79064344	LTR/ERVL	1377	-	196	79064148	22608
chr17	987890	1187890	harbor1	chr17	987594	988864	LTR/ERVL	6712	-	635	988229	339
chr17	7461823	7661823	harbor1	chr17	7515999	7516473	LTR/ERVL	2139	-	237	7516236	54413
chr17	76637265	76837265	harbor1	chr17	76648856	76649286	LTR/ERVL	2476	-	215	76649071	11806
chr17	7461829	7661829	harbor1	chr17	7515999	7516473	LTR/ERVL	2139	-	237	7516236	54407
chr17	76768591	76968591	harbor1	chr17	76770496	76770935	LTR/ERVL	1669	-	220	76770716	2125
chr17	76768591	76968591	harbor1	chr17	76771056	76771359	LTR/ERVL	1669	-	152	76771208	2617
chr17	76768591	76968591	harbor1	chr17	76786443	76786808	LTR/ERVL	1617	-	182	76786625	18034
chr17	76768591	76968591	harbor1	chr17	76796466	76796620	LTR/ERVL	1978	-	77	76796543	27952
chr17	76768591	76968591	harbor1	chr17	76797747	76797890	LTR/ERVL	1978	-	72	76797819	29228
chr17	76768591	76968591	harbor1	chr17	76798188	76798651	LTR/ERVL	1978	-	232	76798420	29829
chr17	76768591	76968591	harbor1	chr17	76832042	76832588	LTR/ERVL	1985	-	273	76832315	63724
chr17	76768591	76968591	harbor1	chr17	76845167	76845355	LTR/ERVL	1254	-	94	76845261	76670
chr17	76768591	76968591	harbor1	chr17	76845667	76845833	LTR/ERVL	1254	-	83	76845750	77159
chr17	76768591	76968591	harbor1	chr17	76865615	76866063	LTR/ERVL	1045	-	224	76865839	97248
chr17	76637258	76837258	harbor1	chr17	76648856	76649286	LTR/ERVL	2476	-	215	76649071	11813
chr17	44252837	44452837	harbor1	chr17	44292067	44292428	LTR/ERVL	991	-	180	44292247	39410
chr17	44252837	44452837	harbor1	chr17	44293369	44294120	LTR/ERVL	2413	-	376	44293745	40908
chr17	44252837	44452837	harbor1	chr17	44294405	44295021	LTR/ERVL	3253	-	308	44294713	41876
chr17	44252837	44452837	harbor1	chr17	44295313	44295655	LTR/ERVL	3253	-	171	44295484	42647
chr17	44252837	44452837	harbor1	chr17	44295944	44296347	LTR/ERVL	3253	-	202	44296146	43309
chr17	44252837	44452837	harbor1	chr17	44296650	44297322	LTR/ERVL	3253	-	336	44296986	44149
chr17	44252837	44452837	harbor1	chr17	44297668	44297725	LTR/ERVL	3253	-	28	44297696	44859
chr17	44252837	44452837	harbor1	chr17	44298027	44298586	LTR/ERVL	3253	-	280	44298307	45470
chr17	44252837	44452837	harbor1	chr17	44298854	44298961	LTR/ERVL	3156	-	54	44298908	46071
chr17	44252837	44452837	harbor1	chr17	44299260	44299505	LTR/ERVL	3156	-	122	44299382	46545
chr17	44252837	44452837	harbor1	chr17	44299508	44299701	LTR/ERVL	1498	-	96	44299604	46767
chr17	44252837	44452837	harbor1	chr17	44300032	44300328	LTR/ERVL	1498	-	148	44300180	47343
chr17	82773798	82973798	harbor1	chr17	82802468	82802876	LTR/ERVL	959	-	204	82802672	28874
chr17	7461836	7661836	harbor1	chr17	7515999	7516473	LTR/ERVL	2139	-	237	7516236	54400
chr17	7461872	7661872	harbor1	chr17	7515999	7516473	LTR/ERVL	2139	-	237	7516236	54364
chr17	7461869	7661869	harbor1	chr17	7515999	7516473	LTR/ERVL	2139	-	237	7516236	54367
chr17	77288251	77488251	harbor1	chr17	77295282	77295669	LTR/ERVL	993	-	194	77295476	7225
chr17	77288251	77488251	harbor1	chr17	77297052	77297531	LTR/ERVL	2078	-	240	77297292	9041
chr17	77288251	77488251	harbor1	chr17	77345564	77345905	LTR/ERVL	647	-	170	77345734	57483
chr17	76637275	76837275	harbor1	chr17	76648856	76649286	LTR/ERVL	2476	-	215	76649071	11796
chr17	76636920	76836920	harbor1	chr17	76648856	76649286	LTR/ERVL	2476	-	215	76649071	12151
chr17	74965179	75165179	harbor1	chr17	75002639	75002852	LTR/ERVL	626	-	106	75002745	37566
chr17	74965179	75165179	harbor1	chr17	75018746	75018977	LTR/ERVL	916	-	116	75018862	53683
chr17	74965179	75165179	harbor1	chr17	75019144	75019422	LTR/ERVL	964	-	139	75019283	54104
chr17	76637277	76837277	harbor1	chr17	76648856	76649286	LTR/ERVL	2476	-	215	76649071	11794
chr17	78923444	79123444	harbor1	chr17	78959888	78960464	LTR/ERVL	1390	-	288	78960176	36732
chr17	28306337	28506337	harbor1	chr17	28395277	28395756	LTR/ERVL	2008	-	240	28395517	89180
chr17	7461891	7661891	harbor1	chr17	7515999	7516473	LTR/ERVL	2139	-	237	7516236	54345
chr17	68035028	68235028	harbor1	chr17	68080307	68080472	LTR/ERVL	697	-	82	68080389	45361
chr17	68035028	68235028	harbor1	chr17	68082167	68082241	LTR/ERVL	697	-	37	68082204	47176
chr17	68035028	68235028	harbor1	chr17	68082543	68082724	LTR/ERVL	697	-	90	68082633	47605
chr17	987887	1187887	harbor1	chr17	987594	988864	LTR/ERVL	6712	-	635	988229	342
chr17	58057205	58257205	harbor1	chr17	58095792	58096222	LTR/ERVL	1539	-	215	58096007	38802
chr17	58057205	58257205	harbor1	chr17	58096223	58097754	LTR/ERVL	7551	-	766	58096989	39784
chr17	74979148	75179148	harbor1	chr17	75002639	75002852	LTR/ERVL	626	-	106	75002745	23597
chr17	74979148	75179148	harbor1	chr17	75018746	75018977	LTR/ERVL	916	-	116	75018862	39714
chr17	74979148	75179148	harbor1	chr17	75019144	75019422	LTR/ERVL	964	-	139	75019283	40135
chr17	76140643	76340643	harbor1	chr17	76189532	76190044	LTR/ERVL	981	-	256	76189788	49145
chr17	76637325	76837325	harbor1	chr17	76648856	76649286	LTR/ERVL	2476	-	215	76649071	11746
chr17	7461873	7661873	harbor1	chr17	7515999	7516473	LTR/ERVL	2139	-	237	7516236	54363
chr17	81917695	82117695	harbor1	chr17	81990742	81991062	LTR/ERVL	760	-	160	81990902	73207
chr17	7461927	7661927	harbor1	chr17	7515999	7516473	LTR/ERVL	2139	-	237	7516236	54309
chr17	76637321	76837321	harbor1	chr17	76648856	76649286	LTR/ERVL	2476	-	215	76649071	11750
chr17	7459238	7659238	harbor1	chr17	7515999	7516473	LTR/ERVL	2139	-	237	7516236	56998
chr17	31388321	31588321	harbor1	chr17	31434473	31434903	LTR/ERVL	1251	-	215	31434688	46367
chr17	31388321	31588321	harbor1	chr17	31435195	31435325	LTR/ERVL	1251	-	65	31435260	46939
chr17	31388321	31588321	harbor1	chr17	31466713	31467087	LTR/ERVL	1068	-	187	31466900	78579
chr17	82980527	83180527	harbor1	chr17	82980316	82980982	LTR/ERVL	2652	-	333	82980649	122
chr17	82980527	83180527	harbor1	chr17	83065460	83066219	LTR/ERVL	2297	-	380	83065840	85313
chr17	7461831	7661831	harbor1	chr17	7515999	7516473	LTR/ERVL	2139	-	237	7516236	54405
chr17	76637272	76837272	harbor1	chr17	76648856	76649286	LTR/ERVL	2476	-	215	76649071	11799
chr17	60048761	60248761	harbor1	chr17	60080425	60080941	LTR/ERVL	1533	-	258	60080683	31922
chr17	75814935	76014935	harbor1	chr17	75861225	75861539	LTR/ERVL	781	-	157	75861382	46447
chr17	75814935	76014935	harbor1	chr17	75861857	75861909	LTR/ERVL	781	-	26	75861883	46948
chr17	75814935	76014935	harbor1	chr17	75862687	75862715	LTR/ERVL	781	-	14	75862701	47766
chr17	76637283	76837283	harbor1	chr17	76648856	76649286	LTR/ERVL	2476	-	215	76649071	11788
chr17	7461858	7661858	harbor1	chr17	7515999	7516473	LTR/ERVL	2139	-	237	7516236	54378
chr17	76140876	76340876	harbor1	chr17	76189532	76190044	LTR/ERVL	981	-	256	76189788	48912
chr17	78900634	79100634	harbor1	chr17	78959888	78960464	LTR/ERVL	1390	-	288	78960176	59542
chr17	61280861	61480861	harbor1	chr17	61361611	61362091	LTR/ERVL	2242	-	240	61361851	80990
chr17	7461859	7661859	harbor1	chr17	7515999	7516473	LTR/ERVL	2139	-	237	7516236	54377
chr17	76637257	76837257	harbor1	chr17	76648856	76649286	LTR/ERVL	2476	-	215	76649071	11814
chr17	48647753	48847753	harbor1	chr17	48654724	48654763	LTR/ERVL	2010	-	20	48654744	6991
chr17	48647753	48847753	harbor1	chr17	48654799	48655200	LTR/ERVL	2010	-	200	48654999	7246
chr17	48647753	48847753	harbor1	chr17	48656028	48656409	LTR/ERVL	1321	-	190	48656218	8465
chr17	48647753	48847753	harbor1	chr17	48656410	48657523	LTR/ERVL	6678	-	556	48656966	9213
chr17	48647753	48847753	harbor1	chr17	48657530	48657698	LTR/ERVL	1808	-	84	48657614	9861
chr17	48647753	48847753	harbor1	chr17	48658003	48658296	LTR/ERVL	1808	-	146	48658149	10396
chr17	48647753	48847753	harbor1	chr17	48658777	48659048	LTR/ERVL	1415	-	136	48658913	11160
chr17	48647753	48847753	harbor1	chr17	48659481	48660151	LTR/ERVL	2811	-	335	48659816	12063
chr17	48647753	48847753	harbor1	chr17	48660153	48660306	LTR/ERVL	1436	-	76	48660229	12476
chr17	48647753	48847753	harbor1	chr17	48660598	48660845	LTR/ERVL	1436	-	124	48660722	12969
chr17	48647753	48847753	harbor1	chr17	48661284	48661425	LTR/ERVL	973	-	70	48661354	13601
chr17	48647753	48847753	harbor1	chr17	48661455	48661577	LTR/ERVL	973	-	61	48661516	13763
chr17	48647753	48847753	harbor1	chr17	48663084	48663269	LTR/ERVL	618	-	92	48663176	15423
chr17	48647753	48847753	harbor1	chr17	48663294	48663786	LTR/ERVL	2134	-	246	48663540	15787
chr17	48647753	48847753	harbor1	chr17	48663791	48664136	LTR/ERVL	1131	-	172	48663963	16210
chr17	48647753	48847753	harbor1	chr17	48664431	48664543	LTR/ERVL	1131	-	56	48664487	16734
chr17	76637285	76837285	harbor1	chr17	76648856	76649286	LTR/ERVL	2476	-	215	76649071	11786
chr17	7458773	7658773	harbor1	chr17	7515999	7516473	LTR/ERVL	2139	-	237	7516236	57463
chr17	7461864	7661864	harbor1	chr17	7515999	7516473	LTR/ERVL	2139	-	237	7516236	54372
chr17	76767812	76967812	harbor1	chr17	76770496	76770935	LTR/ERVL	1669	-	220	76770716	2904
chr17	76767812	76967812	harbor1	chr17	76771056	76771359	LTR/ERVL	1669	-	152	76771208	3396
chr17	76767812	76967812	harbor1	chr17	76786443	76786808	LTR/ERVL	1617	-	182	76786625	18813
chr17	76767812	76967812	harbor1	chr17	76796466	76796620	LTR/ERVL	1978	-	77	76796543	28731
chr17	76767812	76967812	harbor1	chr17	76797747	76797890	LTR/ERVL	1978	-	72	76797819	30007
chr17	76767812	76967812	harbor1	chr17	76798188	76798651	LTR/ERVL	1978	-	232	76798420	30608
chr17	76767812	76967812	harbor1	chr17	76832042	76832588	LTR/ERVL	1985	-	273	76832315	64503
chr17	76767812	76967812	harbor1	chr17	76845167	76845355	LTR/ERVL	1254	-	94	76845261	77449
chr17	76767812	76967812	harbor1	chr17	76845667	76845833	LTR/ERVL	1254	-	83	76845750	77938
chr17	76767812	76967812	harbor1	chr17	76865615	76866063	LTR/ERVL	1045	-	224	76865839	98027
chr17	61236540	61436540	harbor1	chr17	61263079	61263582	LTR/ERVL	1844	-	252	61263331	26791
chr17	61236540	61436540	harbor1	chr17	61275598	61275963	LTR/ERVL	1018	-	182	61275780	39240
chr17	987852	1187852	harbor1	chr17	987594	988864	LTR/ERVL	6712	-	635	988229	377
chr17	76637313	76837313	harbor1	chr17	76648856	76649286	LTR/ERVL	2476	-	215	76649071	11758
chr17	78988152	79188152	harbor1	chr17	79063952	79064344	LTR/ERVL	1377	-	196	79064148	75996
chr17	78031732	78231732	harbor1	chr17	78110984	78111251	LTR/ERVL	848	-	134	78111118	79386
chr17	76637274	76837274	harbor1	chr17	76648856	76649286	LTR/ERVL	2476	-	215	76649071	11797
chr17	76768641	76968641	harbor1	chr17	76770496	76770935	LTR/ERVL	1669	-	220	76770716	2075
chr17	76768641	76968641	harbor1	chr17	76771056	76771359	LTR/ERVL	1669	-	152	76771208	2567
chr17	76768641	76968641	harbor1	chr17	76786443	76786808	LTR/ERVL	1617	-	182	76786625	17984
chr17	76768641	76968641	harbor1	chr17	76796466	76796620	LTR/ERVL	1978	-	77	76796543	27902
chr17	76768641	76968641	harbor1	chr17	76797747	76797890	LTR/ERVL	1978	-	72	76797819	29178
chr17	76768641	76968641	harbor1	chr17	76798188	76798651	LTR/ERVL	1978	-	232	76798420	29779
chr17	76768641	76968641	harbor1	chr17	76832042	76832588	LTR/ERVL	1985	-	273	76832315	63674
chr17	76768641	76968641	harbor1	chr17	76845167	76845355	LTR/ERVL	1254	-	94	76845261	76620
chr17	76768641	76968641	harbor1	chr17	76845667	76845833	LTR/ERVL	1254	-	83	76845750	77109
chr17	76768641	76968641	harbor1	chr17	76865615	76866063	LTR/ERVL	1045	-	224	76865839	97198
chr17	76637097	76837097	harbor1	chr17	76648856	76649286	LTR/ERVL	2476	-	215	76649071	11974
chr17	7461848	7661848	harbor1	chr17	7515999	7516473	LTR/ERVL	2139	-	237	7516236	54388
chr17	48647749	48847749	harbor1	chr17	48654724	48654763	LTR/ERVL	2010	-	20	48654744	6995
chr17	48647749	48847749	harbor1	chr17	48654799	48655200	LTR/ERVL	2010	-	200	48654999	7250
chr17	48647749	48847749	harbor1	chr17	48656028	48656409	LTR/ERVL	1321	-	190	48656218	8469
chr17	48647749	48847749	harbor1	chr17	48656410	48657523	LTR/ERVL	6678	-	556	48656966	9217
chr17	48647749	48847749	harbor1	chr17	48657530	48657698	LTR/ERVL	1808	-	84	48657614	9865
chr17	48647749	48847749	harbor1	chr17	48658003	48658296	LTR/ERVL	1808	-	146	48658149	10400
chr17	48647749	48847749	harbor1	chr17	48658777	48659048	LTR/ERVL	1415	-	136	48658913	11164
chr17	48647749	48847749	harbor1	chr17	48659481	48660151	LTR/ERVL	2811	-	335	48659816	12067
chr17	48647749	48847749	harbor1	chr17	48660153	48660306	LTR/ERVL	1436	-	76	48660229	12480
chr17	48647749	48847749	harbor1	chr17	48660598	48660845	LTR/ERVL	1436	-	124	48660722	12973
chr17	48647749	48847749	harbor1	chr17	48661284	48661425	LTR/ERVL	973	-	70	48661354	13605
chr17	48647749	48847749	harbor1	chr17	48661455	48661577	LTR/ERVL	973	-	61	48661516	13767
chr17	48647749	48847749	harbor1	chr17	48663084	48663269	LTR/ERVL	618	-	92	48663176	15427
chr17	48647749	48847749	harbor1	chr17	48663294	48663786	LTR/ERVL	2134	-	246	48663540	15791
chr17	48647749	48847749	harbor1	chr17	48663791	48664136	LTR/ERVL	1131	-	172	48663963	16214
chr17	48647749	48847749	harbor1	chr17	48664431	48664543	LTR/ERVL	1131	-	56	48664487	16738
chr17	35648041	35848041	harbor1	chr17	35695242	35695532	LTR/ERVL	711	-	145	35695387	47346
chr17	8283703	8483703	harbor1	chr17	8334126	8334340	LTR/ERVL	913	-	107	8334233	50530
chr17	76767813	76967813	harbor1	chr17	76770496	76770935	LTR/ERVL	1669	-	220	76770716	2903
chr17	76767813	76967813	harbor1	chr17	76771056	76771359	LTR/ERVL	1669	-	152	76771208	3395
chr17	76767813	76967813	harbor1	chr17	76786443	76786808	LTR/ERVL	1617	-	182	76786625	18812
chr17	76767813	76967813	harbor1	chr17	76796466	76796620	LTR/ERVL	1978	-	77	76796543	28730
chr17	76767813	76967813	harbor1	chr17	76797747	76797890	LTR/ERVL	1978	-	72	76797819	30006
chr17	76767813	76967813	harbor1	chr17	76798188	76798651	LTR/ERVL	1978	-	232	76798420	30607
chr17	76767813	76967813	harbor1	chr17	76832042	76832588	LTR/ERVL	1985	-	273	76832315	64502
chr17	76767813	76967813	harbor1	chr17	76845167	76845355	LTR/ERVL	1254	-	94	76845261	77448
chr17	76767813	76967813	harbor1	chr17	76845667	76845833	LTR/ERVL	1254	-	83	76845750	77937
chr17	76767813	76967813	harbor1	chr17	76865615	76866063	LTR/ERVL	1045	-	224	76865839	98026
chr17	8922459	9122459	harbor1	chr17	8994295	8994797	LTR/ERVL	2565	-	251	8994546	72087
chr17	47154294	47354294	harbor1	chr17	47167619	47168433	LTR/ERVL	3766	-	407	47168026	13732
chr17	78031779	78231779	harbor1	chr17	78110984	78111251	LTR/ERVL	848	-	134	78111118	79339
chr17	76635280	76835280	harbor1	chr17	76648856	76649286	LTR/ERVL	2476	-	215	76649071	13791
chr17	17065632	17265632	harbor1	chr17	17151171	17151804	LTR/ERVL	1074	-	316	17151487	85855
chr17	8283709	8483709	harbor1	chr17	8334126	8334340	LTR/ERVL	913	-	107	8334233	50524
chr17	27194779	27394779	harbor1	chr17	27224486	27224943	LTR/ERVL	1593	-	228	27224714	29935
chr18	26126451	26326451	harbor1	chr18	26160808	26161589	LTR/ERVL	2311	-	390	26161198	34747
chr18	26126451	26326451	harbor1	chr18	26171768	26172135	LTR/ERVL	1665	-	184	26171952	45501
chr18	26126451	26326451	harbor1	chr18	26172737	26173034	LTR/ERVL	960	-	148	26172885	46434
chr18	26126451	26326451	harbor1	chr18	26175304	26175678	LTR/ERVL	1283	-	187	26175491	49040
chr18	26126451	26326451	harbor1	chr18	26198813	26199233	LTR/ERVL	3931	-	210	26199023	72572
chr18	26126451	26326451	harbor1	chr18	26199817	26200209	LTR/ERVL	3931	-	196	26200013	73562
chr18	78969159	79169159	harbor1	chr18	79021618	79022089	LTR/ERVL	1789	-	236	79021854	52695
chr18	78969159	79169159	harbor1	chr18	79054598	79055309	LTR/ERVL	1393	-	356	79054954	85795
chr18	78969159	79169159	harbor1	chr18	79056261	79056325	LTR/ERVL	1355	-	32	79056293	87134
chr18	78969159	79169159	harbor1	chr18	79056629	79056976	LTR/ERVL	1314	-	174	79056803	87644
chr18	78969159	79169159	harbor1	chr18	79059244	79059754	LTR/ERVL	1575	-	255	79059499	90340
chr18	78969159	79169159	harbor1	chr18	79062718	79063220	LTR/ERVL	1679	-	251	79062969	93810
chr18	26126452	26326452	harbor1	chr18	26160808	26161589	LTR/ERVL	2311	-	390	26161198	34746
chr18	26126452	26326452	harbor1	chr18	26171768	26172135	LTR/ERVL	1665	-	184	26171952	45500
chr18	26126452	26326452	harbor1	chr18	26172737	26173034	LTR/ERVL	960	-	148	26172885	46433
chr18	26126452	26326452	harbor1	chr18	26175304	26175678	LTR/ERVL	1283	-	187	26175491	49039
chr18	26126452	26326452	harbor1	chr18	26198813	26199233	LTR/ERVL	3931	-	210	26199023	72571
chr18	26126452	26326452	harbor1	chr18	26199817	26200209	LTR/ERVL	3931	-	196	26200013	73561
chr18	26126169	26326169	harbor1	chr18	26160808	26161589	LTR/ERVL	2311	-	390	26161198	35029
chr18	26126169	26326169	harbor1	chr18	26171768	26172135	LTR/ERVL	1665	-	184	26171952	45783
chr18	26126169	26326169	harbor1	chr18	26172737	26173034	LTR/ERVL	960	-	148	26172885	46716
chr18	26126169	26326169	harbor1	chr18	26175304	26175678	LTR/ERVL	1283	-	187	26175491	49322
chr18	26126169	26326169	harbor1	chr18	26198813	26199233	LTR/ERVL	3931	-	210	26199023	72854
chr18	26126169	26326169	harbor1	chr18	26199817	26200209	LTR/ERVL	3931	-	196	26200013	73844
chr18	26126503	26326503	harbor1	chr18	26160808	26161589	LTR/ERVL	2311	-	390	26161198	34695
chr18	26126503	26326503	harbor1	chr18	26171768	26172135	LTR/ERVL	1665	-	184	26171952	45449
chr18	26126503	26326503	harbor1	chr18	26172737	26173034	LTR/ERVL	960	-	148	26172885	46382
chr18	26126503	26326503	harbor1	chr18	26175304	26175678	LTR/ERVL	1283	-	187	26175491	48988
chr18	26126503	26326503	harbor1	chr18	26198813	26199233	LTR/ERVL	3931	-	210	26199023	72520
chr18	26126503	26326503	harbor1	chr18	26199817	26200209	LTR/ERVL	3931	-	196	26200013	73510
chr18	26126493	26326493	harbor1	chr18	26160808	26161589	LTR/ERVL	2311	-	390	26161198	34705
chr18	26126493	26326493	harbor1	chr18	26171768	26172135	LTR/ERVL	1665	-	184	26171952	45459
chr18	26126493	26326493	harbor1	chr18	26172737	26173034	LTR/ERVL	960	-	148	26172885	46392
chr18	26126493	26326493	harbor1	chr18	26175304	26175678	LTR/ERVL	1283	-	187	26175491	48998
chr18	26126493	26326493	harbor1	chr18	26198813	26199233	LTR/ERVL	3931	-	210	26199023	72530
chr18	26126493	26326493	harbor1	chr18	26199817	26200209	LTR/ERVL	3931	-	196	26200013	73520
chr18	26126535	26326535	harbor1	chr18	26160808	26161589	LTR/ERVL	2311	-	390	26161198	34663
chr18	26126535	26326535	harbor1	chr18	26171768	26172135	LTR/ERVL	1665	-	184	26171952	45417
chr18	26126535	26326535	harbor1	chr18	26172737	26173034	LTR/ERVL	960	-	148	26172885	46350
chr18	26126535	26326535	harbor1	chr18	26175304	26175678	LTR/ERVL	1283	-	187	26175491	48956
chr18	26126535	26326535	harbor1	chr18	26198813	26199233	LTR/ERVL	3931	-	210	26199023	72488
chr18	26126535	26326535	harbor1	chr18	26199817	26200209	LTR/ERVL	3931	-	196	26200013	73478
chr18	12847445	13047445	harbor1	chr18	12893008	12893318	LTR/ERVL	889	-	155	12893163	45718
chr18	12847445	13047445	harbor1	chr18	12894906	12895299	LTR/ERVL	1025	-	196	12895102	47657
chr18	12847445	13047445	harbor1	chr18	12931074	12931221	LTR/ERVL	636	-	74	12931148	83703
chr18	12847445	13047445	harbor1	chr18	12934879	12935276	LTR/ERVL	1840	-	198	12935077	87632
chr18	12847445	13047445	harbor1	chr18	12935595	12936555	LTR/ERVL	10511	-	480	12936075	88630
chr18	12847445	13047445	harbor1	chr18	12936865	12938045	LTR/ERVL	10511	-	590	12937455	90010
chr18	12847445	13047445	harbor1	chr18	12938042	12938486	LTR/ERVL	14545	-	222	12938264	90819
chr18	12847445	13047445	harbor1	chr18	12939187	12940618	LTR/ERVL	14545	-	716	12939903	92458
chr18	12847445	13047445	harbor1	chr18	12940660	12941302	LTR/ERVL	14545	-	321	12940981	93536
chr18	12847445	13047445	harbor1	chr18	12941337	12941716	LTR/ERVL	14545	-	190	12941527	94082
chr18	12847445	13047445	harbor1	chr18	12942064	12942421	LTR/ERVL	2128	-	178	12942242	94797
chr18	12847445	13047445	harbor1	chr18	12943222	12943344	LTR/ERVL	2128	-	61	12943283	95838
chr18	8509901	8709901	harbor1	chr18	8515895	8516060	LTR/ERVL	570	-	82	8515977	6076
chr18	8509901	8709901	harbor1	chr18	8580649	8580775	LTR/ERVL	1367	-	63	8580712	70811
chr18	8509901	8709901	harbor1	chr18	8581087	8581499	LTR/ERVL	1367	-	206	8581293	71392
chr18	8509901	8709901	harbor1	chr18	8581528	8581660	LTR/ERVL	965	-	66	8581594	71693
chr18	8509901	8709901	harbor1	chr18	8581991	8582457	LTR/ERVL	965	-	233	8582224	72323
chr18	8509901	8709901	harbor1	chr18	8582447	8582595	LTR/ERVL	1754	-	74	8582521	72620
chr18	8509901	8709901	harbor1	chr18	8582895	8583649	LTR/ERVL	1754	-	377	8583272	73371
chr18	8509901	8709901	harbor1	chr18	8583677	8583935	LTR/ERVL	725	-	129	8583806	73905
chr18	8509901	8709901	harbor1	chr18	8601940	8602324	LTR/ERVL	1684	-	192	8602132	92231
chr18	8509901	8709901	harbor1	chr18	8602616	8602637	LTR/ERVL	1684	-	10	8602626	92725
chr18	65651276	65851276	harbor1	chr18	65698231	65698495	LTR/ERVL	571	-	132	65698363	47087
chr18	65651276	65851276	harbor1	chr18	65700073	65700560	LTR/ERVL	707	-	244	65700317	49041
chr18	26126455	26326455	harbor1	chr18	26160808	26161589	LTR/ERVL	2311	-	390	26161198	34743
chr18	26126455	26326455	harbor1	chr18	26171768	26172135	LTR/ERVL	1665	-	184	26171952	45497
chr18	26126455	26326455	harbor1	chr18	26172737	26173034	LTR/ERVL	960	-	148	26172885	46430
chr18	26126455	26326455	harbor1	chr18	26175304	26175678	LTR/ERVL	1283	-	187	26175491	49036
chr18	26126455	26326455	harbor1	chr18	26198813	26199233	LTR/ERVL	3931	-	210	26199023	72568
chr18	26126455	26326455	harbor1	chr18	26199817	26200209	LTR/ERVL	3931	-	196	26200013	73558
chr18	26126495	26326495	harbor1	chr18	26160808	26161589	LTR/ERVL	2311	-	390	26161198	34703
chr18	26126495	26326495	harbor1	chr18	26171768	26172135	LTR/ERVL	1665	-	184	26171952	45457
chr18	26126495	26326495	harbor1	chr18	26172737	26173034	LTR/ERVL	960	-	148	26172885	46390
chr18	26126495	26326495	harbor1	chr18	26175304	26175678	LTR/ERVL	1283	-	187	26175491	48996
chr18	26126495	26326495	harbor1	chr18	26198813	26199233	LTR/ERVL	3931	-	210	26199023	72528
chr18	26126495	26326495	harbor1	chr18	26199817	26200209	LTR/ERVL	3931	-	196	26200013	73518
chr18	65651379	65851379	harbor1	chr18	65698231	65698495	LTR/ERVL	571	-	132	65698363	46984
chr18	65651379	65851379	harbor1	chr18	65700073	65700560	LTR/ERVL	707	-	244	65700317	48938
chr18	26126454	26326454	harbor1	chr18	26160808	26161589	LTR/ERVL	2311	-	390	26161198	34744
chr18	26126454	26326454	harbor1	chr18	26171768	26172135	LTR/ERVL	1665	-	184	26171952	45498
chr18	26126454	26326454	harbor1	chr18	26172737	26173034	LTR/ERVL	960	-	148	26172885	46431
chr18	26126454	26326454	harbor1	chr18	26175304	26175678	LTR/ERVL	1283	-	187	26175491	49037
chr18	26126454	26326454	harbor1	chr18	26198813	26199233	LTR/ERVL	3931	-	210	26199023	72569
chr18	26126454	26326454	harbor1	chr18	26199817	26200209	LTR/ERVL	3931	-	196	26200013	73559
chr18	26126376	26326376	harbor1	chr18	26160808	26161589	LTR/ERVL	2311	-	390	26161198	34822
chr18	26126376	26326376	harbor1	chr18	26171768	26172135	LTR/ERVL	1665	-	184	26171952	45576
chr18	26126376	26326376	harbor1	chr18	26172737	26173034	LTR/ERVL	960	-	148	26172885	46509
chr18	26126376	26326376	harbor1	chr18	26175304	26175678	LTR/ERVL	1283	-	187	26175491	49115
chr18	26126376	26326376	harbor1	chr18	26198813	26199233	LTR/ERVL	3931	-	210	26199023	72647
chr18	26126376	26326376	harbor1	chr18	26199817	26200209	LTR/ERVL	3931	-	196	26200013	73637
chr18	59165767	59365767	harbor1	chr18	59187777	59188502	LTR/ERVL	1659	-	362	59188139	22372
chr18	59165767	59365767	harbor1	chr18	59188867	59188962	LTR/ERVL	1395	-	48	59188915	23148
chr18	59165767	59365767	harbor1	chr18	59189488	59192081	LTR/ERVL	8325	-	1296	59190784	25017
chr18	62536129	62736129	harbor1	chr18	62590820	62591476	LTR/ERVL	1243	-	328	62591148	55019
chr19	43523586	43723586	harbor1	chr19	43615101	43615263	LTR/ERVL	912	-	81	43615182	91596
chr19	43523586	43723586	harbor1	chr19	43615709	43616190	LTR/ERVL	1304	-	240	43615949	92363
chr19	17678545	17878545	harbor1	chr19	17729110	17729505	LTR/ERVL	1427	-	198	17729308	50763
chr19	9986281	10186281	harbor1	chr19	10045181	10045670	LTR/ERVL	1104	-	244	10045425	59144
chr19	19675467	19875467	harbor1	chr19	19696483	19696721	LTR/ERVL	908	-	119	19696602	21135
chr19	19675467	19875467	harbor1	chr19	19697737	19697921	LTR/ERVL	664	-	92	19697829	22362
chr19	19675467	19875467	harbor1	chr19	19700625	19701232	LTR/ERVL	4939	-	304	19700929	25462
chr19	19675467	19875467	harbor1	chr19	19703682	19704042	LTR/ERVL	985	-	180	19703862	28395
chr19	19675467	19875467	harbor1	chr19	19704166	19704211	LTR/ERVL	776	-	22	19704188	28721
chr19	19675467	19875467	harbor1	chr19	19704526	19704585	LTR/ERVL	776	-	30	19704556	29089
chr19	19675467	19875467	harbor1	chr19	19704882	19705126	LTR/ERVL	776	-	122	19705004	29537
chr19	19675467	19875467	harbor1	chr19	19716104	19716276	LTR/ERVL	669	-	86	19716190	40723
chr19	19675467	19875467	harbor1	chr19	19716588	19716643	LTR/ERVL	669	-	28	19716616	41149
chr19	19675467	19875467	harbor1	chr19	19716981	19717734	LTR/ERVL	2082	-	376	19717357	41890
chr19	19675467	19875467	harbor1	chr19	19677131	19677522	LTR/ERVL	1358	-	196	19677327	1860
chr19	34913533	35113533	harbor1	chr19	34916646	34917259	LTR/ERVL	3013	-	306	34916952	3419
chr19	34913533	35113533	harbor1	chr19	34917851	34918016	LTR/ERVL	1539	-	82	34917933	4400
chr19	34913533	35113533	harbor1	chr19	34919838	34920111	LTR/ERVL	1101	-	136	34919974	6441
chr19	34913533	35113533	harbor1	chr19	34945839	34946826	LTR/ERVL	5345	-	494	34946333	32800
chr19	48525108	48725108	harbor1	chr19	48584317	48584591	LTR/ERVL	991	-	137	48584454	59346
chr19	58287222	58487222	harbor1	chr19	58321969	58322436	LTR/ERVL	1781	-	234	58322203	34981
chr19	46920081	47120081	harbor1	chr19	46947523	46948054	LTR/ERVL	3123	-	266	46947789	27708
chr19	46920081	47120081	harbor1	chr19	46948060	46948308	LTR/ERVL	1401	-	124	46948184	28103
chr19	46920081	47120081	harbor1	chr19	46974169	46974878	LTR/ERVL	2834	-	354	46974523	54442
chr19	46920081	47120081	harbor1	chr19	46975170	46975281	LTR/ERVL	2834	-	56	46975226	55145
chr19	3907495	4107495	harbor1	chr19	3921483	3921619	LTR/ERVL	2264	-	68	3921551	14056
chr19	3907495	4107495	harbor1	chr19	3921924	3922230	LTR/ERVL	2264	-	153	3922077	14582
chr19	3907495	4107495	harbor1	chr19	3922585	3922705	LTR/ERVL	2264	-	60	3922645	15150
chr19	5482378	5682378	harbor1	chr19	5514506	5514588	LTR/ERVL	1170	-	41	5514547	32169
chr19	5482378	5682378	harbor1	chr19	5514885	5515206	LTR/ERVL	1170	-	160	5515045	32667
chr19	51494378	51694378	harbor1	chr19	51549190	51549853	LTR/ERVL	2771	-	332	51549522	55144
chr19	51494378	51694378	harbor1	chr19	51559140	51559644	LTR/ERVL	1596	-	252	51559392	65014
chr19	19676588	19876588	harbor1	chr19	19696483	19696721	LTR/ERVL	908	-	119	19696602	20014
chr19	19676588	19876588	harbor1	chr19	19697737	19697921	LTR/ERVL	664	-	92	19697829	21241
chr19	19676588	19876588	harbor1	chr19	19700625	19701232	LTR/ERVL	4939	-	304	19700929	24341
chr19	19676588	19876588	harbor1	chr19	19703682	19704042	LTR/ERVL	985	-	180	19703862	27274
chr19	19676588	19876588	harbor1	chr19	19704166	19704211	LTR/ERVL	776	-	22	19704188	27600
chr19	19676588	19876588	harbor1	chr19	19704526	19704585	LTR/ERVL	776	-	30	19704556	27968
chr19	19676588	19876588	harbor1	chr19	19704882	19705126	LTR/ERVL	776	-	122	19705004	28416
chr19	19676588	19876588	harbor1	chr19	19716104	19716276	LTR/ERVL	669	-	86	19716190	39602
chr19	19676588	19876588	harbor1	chr19	19716588	19716643	LTR/ERVL	669	-	28	19716616	40028
chr19	19676588	19876588	harbor1	chr19	19716981	19717734	LTR/ERVL	2082	-	376	19717357	40769
chr19	19676588	19876588	harbor1	chr19	19677131	19677522	LTR/ERVL	1358	-	196	19677327	739
chr19	48773840	48973840	harbor1	chr19	48783490	48783644	LTR/ERVL	918	-	77	48783567	9727
chr19	19675775	19875775	harbor1	chr19	19696483	19696721	LTR/ERVL	908	-	119	19696602	20827
chr19	19675775	19875775	harbor1	chr19	19697737	19697921	LTR/ERVL	664	-	92	19697829	22054
chr19	19675775	19875775	harbor1	chr19	19700625	19701232	LTR/ERVL	4939	-	304	19700929	25154
chr19	19675775	19875775	harbor1	chr19	19703682	19704042	LTR/ERVL	985	-	180	19703862	28087
chr19	19675775	19875775	harbor1	chr19	19704166	19704211	LTR/ERVL	776	-	22	19704188	28413
chr19	19675775	19875775	harbor1	chr19	19704526	19704585	LTR/ERVL	776	-	30	19704556	28781
chr19	19675775	19875775	harbor1	chr19	19704882	19705126	LTR/ERVL	776	-	122	19705004	29229
chr19	19675775	19875775	harbor1	chr19	19716104	19716276	LTR/ERVL	669	-	86	19716190	40415
chr19	19675775	19875775	harbor1	chr19	19716588	19716643	LTR/ERVL	669	-	28	19716616	40841
chr19	19675775	19875775	harbor1	chr19	19716981	19717734	LTR/ERVL	2082	-	376	19717357	41582
chr19	19675775	19875775	harbor1	chr19	19677131	19677522	LTR/ERVL	1358	-	196	19677327	1552
chr19	18646400	18846400	harbor1	chr19	18739851	18739970	LTR/ERVL	1530	-	60	18739911	93511
chr19	18646400	18846400	harbor1	chr19	18740267	18740668	LTR/ERVL	1530	-	200	18740467	94067
chr19	19674533	19874533	harbor1	chr19	19696483	19696721	LTR/ERVL	908	-	119	19696602	22069
chr19	19674533	19874533	harbor1	chr19	19697737	19697921	LTR/ERVL	664	-	92	19697829	23296
chr19	19674533	19874533	harbor1	chr19	19700625	19701232	LTR/ERVL	4939	-	304	19700929	26396
chr19	19674533	19874533	harbor1	chr19	19703682	19704042	LTR/ERVL	985	-	180	19703862	29329
chr19	19674533	19874533	harbor1	chr19	19704166	19704211	LTR/ERVL	776	-	22	19704188	29655
chr19	19674533	19874533	harbor1	chr19	19704526	19704585	LTR/ERVL	776	-	30	19704556	30023
chr19	19674533	19874533	harbor1	chr19	19704882	19705126	LTR/ERVL	776	-	122	19705004	30471
chr19	19674533	19874533	harbor1	chr19	19716104	19716276	LTR/ERVL	669	-	86	19716190	41657
chr19	19674533	19874533	harbor1	chr19	19716588	19716643	LTR/ERVL	669	-	28	19716616	42083
chr19	19674533	19874533	harbor1	chr19	19716981	19717734	LTR/ERVL	2082	-	376	19717357	42824
chr19	19674533	19874533	harbor1	chr19	19677131	19677522	LTR/ERVL	1358	-	196	19677327	2794
chr19	32305870	32505870	harbor1	chr19	32313275	32314126	LTR/ERVL	1729	-	426	32313701	7831
chr19	48525076	48725076	harbor1	chr19	48584317	48584591	LTR/ERVL	991	-	137	48584454	59378
chr19	18959517	19159517	harbor1	chr19	19052979	19053205	LTR/ERVL	761	-	113	19053092	93575
chr19	18959517	19159517	harbor1	chr19	19053494	19053583	LTR/ERVL	761	-	44	19053538	94021
chr19	19675501	19875501	harbor1	chr19	19696483	19696721	LTR/ERVL	908	-	119	19696602	21101
chr19	19675501	19875501	harbor1	chr19	19697737	19697921	LTR/ERVL	664	-	92	19697829	22328
chr19	19675501	19875501	harbor1	chr19	19700625	19701232	LTR/ERVL	4939	-	304	19700929	25428
chr19	19675501	19875501	harbor1	chr19	19703682	19704042	LTR/ERVL	985	-	180	19703862	28361
chr19	19675501	19875501	harbor1	chr19	19704166	19704211	LTR/ERVL	776	-	22	19704188	28687
chr19	19675501	19875501	harbor1	chr19	19704526	19704585	LTR/ERVL	776	-	30	19704556	29055
chr19	19675501	19875501	harbor1	chr19	19704882	19705126	LTR/ERVL	776	-	122	19705004	29503
chr19	19675501	19875501	harbor1	chr19	19716104	19716276	LTR/ERVL	669	-	86	19716190	40689
chr19	19675501	19875501	harbor1	chr19	19716588	19716643	LTR/ERVL	669	-	28	19716616	41115
chr19	19675501	19875501	harbor1	chr19	19716981	19717734	LTR/ERVL	2082	-	376	19717357	41856
chr19	19675501	19875501	harbor1	chr19	19677131	19677522	LTR/ERVL	1358	-	196	19677327	1826
chr19	3858539	4058539	harbor1	chr19	3921483	3921619	LTR/ERVL	2264	-	68	3921551	63012
chr19	3858539	4058539	harbor1	chr19	3921924	3922230	LTR/ERVL	2264	-	153	3922077	63538
chr19	3858539	4058539	harbor1	chr19	3922585	3922705	LTR/ERVL	2264	-	60	3922645	64106
chr19	55244734	55444734	harbor1	chr19	55260360	55260571	LTR/ERVL	1211	-	106	55260466	15732
chr19	19675859	19875859	harbor1	chr19	19696483	19696721	LTR/ERVL	908	-	119	19696602	20743
chr19	19675859	19875859	harbor1	chr19	19697737	19697921	LTR/ERVL	664	-	92	19697829	21970
chr19	19675859	19875859	harbor1	chr19	19700625	19701232	LTR/ERVL	4939	-	304	19700929	25070
chr19	19675859	19875859	harbor1	chr19	19703682	19704042	LTR/ERVL	985	-	180	19703862	28003
chr19	19675859	19875859	harbor1	chr19	19704166	19704211	LTR/ERVL	776	-	22	19704188	28329
chr19	19675859	19875859	harbor1	chr19	19704526	19704585	LTR/ERVL	776	-	30	19704556	28697
chr19	19675859	19875859	harbor1	chr19	19704882	19705126	LTR/ERVL	776	-	122	19705004	29145
chr19	19675859	19875859	harbor1	chr19	19716104	19716276	LTR/ERVL	669	-	86	19716190	40331
chr19	19675859	19875859	harbor1	chr19	19716588	19716643	LTR/ERVL	669	-	28	19716616	40757
chr19	19675859	19875859	harbor1	chr19	19716981	19717734	LTR/ERVL	2082	-	376	19717357	41498
chr19	19675859	19875859	harbor1	chr19	19677131	19677522	LTR/ERVL	1358	-	196	19677327	1468
chr19	57140991	57340991	harbor1	chr19	57194409	57194829	LTR/ERVL	3161	-	210	57194619	53628
chr19	57140991	57340991	harbor1	chr19	57203110	57203446	LTR/ERVL	1335	-	168	57203278	62287
chr19	57140991	57340991	harbor1	chr19	57210277	57210779	LTR/ERVL	885	-	251	57210528	69537
chr19	57140991	57340991	harbor1	chr19	57221409	57221940	LTR/ERVL	1720	-	266	57221675	80684
chr19	57140991	57340991	harbor1	chr19	57223198	57223445	LTR/ERVL	685	-	124	57223322	82331
chr19	57140991	57340991	harbor1	chr19	57227087	57227268	LTR/ERVL	1803	-	90	57227177	86186
chr19	57140991	57340991	harbor1	chr19	57227591	57227981	LTR/ERVL	1803	-	195	57227786	86795
chr19	57140991	57340991	harbor1	chr19	57195090	57199946	LTR/ERVL	38964	-	2428	57197518	56527
chr19	12569674	12769674	harbor1	chr19	12569586	12569850	LTR/ERVL	1122	-	132	12569718	44
chr19	12569674	12769674	harbor1	chr19	12570398	12570453	LTR/ERVL	2033	-	28	12570426	752
chr19	12569674	12769674	harbor1	chr19	12570578	12571009	LTR/ERVL	2033	-	216	12570794	1120
chr19	12569674	12769674	harbor1	chr19	12574456	12574625	LTR/ERVL	650	-	84	12574540	4866
chr19	12569674	12769674	harbor1	chr19	12575330	12575617	LTR/ERVL	963	-	144	12575474	5800
chr19	12569674	12769674	harbor1	chr19	12584978	12585259	LTR/ERVL	799	-	140	12585118	15444
chr19	12569674	12769674	harbor1	chr19	12592915	12593246	LTR/ERVL	3295	-	166	12593081	23407
chr19	12569674	12769674	harbor1	chr19	12593550	12594183	LTR/ERVL	3295	-	316	12593866	24192
chr19	12569674	12769674	harbor1	chr19	12594496	12594690	LTR/ERVL	3295	-	97	12594593	24919
chr19	316480	516480	harbor1	chr19	352270	352640	LTR/ERVL	769	-	185	352455	35975
chr19	8046178	8246178	harbor1	chr19	8059498	8059730	LTR/ERVL	1149	-	116	8059614	13436
chr19	8046178	8246178	harbor1	chr19	8060360	8060523	LTR/ERVL	1519	-	82	8060442	14264
chr19	8046178	8246178	harbor1	chr19	8061445	8061711	LTR/ERVL	1519	-	133	8061578	15400
chr19	8046178	8246178	harbor1	chr19	8062069	8062177	LTR/ERVL	1519	-	54	8062123	15945
chr19	8046178	8246178	harbor1	chr19	8127362	8127701	LTR/ERVL	1606	-	170	8127532	81354
chr19	8046178	8246178	harbor1	chr19	8128026	8128174	LTR/ERVL	1606	-	74	8128100	81922
chr19	19674783	19874783	harbor1	chr19	19696483	19696721	LTR/ERVL	908	-	119	19696602	21819
chr19	19674783	19874783	harbor1	chr19	19697737	19697921	LTR/ERVL	664	-	92	19697829	23046
chr19	19674783	19874783	harbor1	chr19	19700625	19701232	LTR/ERVL	4939	-	304	19700929	26146
chr19	19674783	19874783	harbor1	chr19	19703682	19704042	LTR/ERVL	985	-	180	19703862	29079
chr19	19674783	19874783	harbor1	chr19	19704166	19704211	LTR/ERVL	776	-	22	19704188	29405
chr19	19674783	19874783	harbor1	chr19	19704526	19704585	LTR/ERVL	776	-	30	19704556	29773
chr19	19674783	19874783	harbor1	chr19	19704882	19705126	LTR/ERVL	776	-	122	19705004	30221
chr19	19674783	19874783	harbor1	chr19	19716104	19716276	LTR/ERVL	669	-	86	19716190	41407
chr19	19674783	19874783	harbor1	chr19	19716588	19716643	LTR/ERVL	669	-	28	19716616	41833
chr19	19674783	19874783	harbor1	chr19	19716981	19717734	LTR/ERVL	2082	-	376	19717357	42574
chr19	19674783	19874783	harbor1	chr19	19677131	19677522	LTR/ERVL	1358	-	196	19677327	2544
chr19	19675795	19875795	harbor1	chr19	19696483	19696721	LTR/ERVL	908	-	119	19696602	20807
chr19	19675795	19875795	harbor1	chr19	19697737	19697921	LTR/ERVL	664	-	92	19697829	22034
chr19	19675795	19875795	harbor1	chr19	19700625	19701232	LTR/ERVL	4939	-	304	19700929	25134
chr19	19675795	19875795	harbor1	chr19	19703682	19704042	LTR/ERVL	985	-	180	19703862	28067
chr19	19675795	19875795	harbor1	chr19	19704166	19704211	LTR/ERVL	776	-	22	19704188	28393
chr19	19675795	19875795	harbor1	chr19	19704526	19704585	LTR/ERVL	776	-	30	19704556	28761
chr19	19675795	19875795	harbor1	chr19	19704882	19705126	LTR/ERVL	776	-	122	19705004	29209
chr19	19675795	19875795	harbor1	chr19	19716104	19716276	LTR/ERVL	669	-	86	19716190	40395
chr19	19675795	19875795	harbor1	chr19	19716588	19716643	LTR/ERVL	669	-	28	19716616	40821
chr19	19675795	19875795	harbor1	chr19	19716981	19717734	LTR/ERVL	2082	-	376	19717357	41562
chr19	19675795	19875795	harbor1	chr19	19677131	19677522	LTR/ERVL	1358	-	196	19677327	1532
chr19	57140995	57340995	harbor1	chr19	57194409	57194829	LTR/ERVL	3161	-	210	57194619	53624
chr19	57140995	57340995	harbor1	chr19	57203110	57203446	LTR/ERVL	1335	-	168	57203278	62283
chr19	57140995	57340995	harbor1	chr19	57210277	57210779	LTR/ERVL	885	-	251	57210528	69533
chr19	57140995	57340995	harbor1	chr19	57221409	57221940	LTR/ERVL	1720	-	266	57221675	80680
chr19	57140995	57340995	harbor1	chr19	57223198	57223445	LTR/ERVL	685	-	124	57223322	82327
chr19	57140995	57340995	harbor1	chr19	57227087	57227268	LTR/ERVL	1803	-	90	57227177	86182
chr19	57140995	57340995	harbor1	chr19	57227591	57227981	LTR/ERVL	1803	-	195	57227786	86791
chr19	57140995	57340995	harbor1	chr19	57195090	57199946	LTR/ERVL	38964	-	2428	57197518	56523
chr19	7769829	7969829	harbor1	chr19	7777964	7778403	LTR/ERVL	1883	-	220	7778184	8355
chr19	57091928	57291928	harbor1	chr19	57131942	57132171	LTR/ERVL	2522	-	114	57132056	40128
chr19	57091928	57291928	harbor1	chr19	57132748	57133025	LTR/ERVL	2522	-	138	57132886	40958
chr19	2356877	2556877	harbor1	chr19	2382810	2383069	LTR/ERVL	1291	-	130	2382940	26063
chr19	19675992	19875992	harbor1	chr19	19696483	19696721	LTR/ERVL	908	-	119	19696602	20610
chr19	19675992	19875992	harbor1	chr19	19697737	19697921	LTR/ERVL	664	-	92	19697829	21837
chr19	19675992	19875992	harbor1	chr19	19700625	19701232	LTR/ERVL	4939	-	304	19700929	24937
chr19	19675992	19875992	harbor1	chr19	19703682	19704042	LTR/ERVL	985	-	180	19703862	27870
chr19	19675992	19875992	harbor1	chr19	19704166	19704211	LTR/ERVL	776	-	22	19704188	28196
chr19	19675992	19875992	harbor1	chr19	19704526	19704585	LTR/ERVL	776	-	30	19704556	28564
chr19	19675992	19875992	harbor1	chr19	19704882	19705126	LTR/ERVL	776	-	122	19705004	29012
chr19	19675992	19875992	harbor1	chr19	19716104	19716276	LTR/ERVL	669	-	86	19716190	40198
chr19	19675992	19875992	harbor1	chr19	19716588	19716643	LTR/ERVL	669	-	28	19716616	40624
chr19	19675992	19875992	harbor1	chr19	19716981	19717734	LTR/ERVL	2082	-	376	19717357	41365
chr19	19675992	19875992	harbor1	chr19	19677131	19677522	LTR/ERVL	1358	-	196	19677327	1335
chr19	19674614	19874614	harbor1	chr19	19696483	19696721	LTR/ERVL	908	-	119	19696602	21988
chr19	19674614	19874614	harbor1	chr19	19697737	19697921	LTR/ERVL	664	-	92	19697829	23215
chr19	19674614	19874614	harbor1	chr19	19700625	19701232	LTR/ERVL	4939	-	304	19700929	26315
chr19	19674614	19874614	harbor1	chr19	19703682	19704042	LTR/ERVL	985	-	180	19703862	29248
chr19	19674614	19874614	harbor1	chr19	19704166	19704211	LTR/ERVL	776	-	22	19704188	29574
chr19	19674614	19874614	harbor1	chr19	19704526	19704585	LTR/ERVL	776	-	30	19704556	29942
chr19	19674614	19874614	harbor1	chr19	19704882	19705126	LTR/ERVL	776	-	122	19705004	30390
chr19	19674614	19874614	harbor1	chr19	19716104	19716276	LTR/ERVL	669	-	86	19716190	41576
chr19	19674614	19874614	harbor1	chr19	19716588	19716643	LTR/ERVL	669	-	28	19716616	42002
chr19	19674614	19874614	harbor1	chr19	19716981	19717734	LTR/ERVL	2082	-	376	19717357	42743
chr19	19674614	19874614	harbor1	chr19	19677131	19677522	LTR/ERVL	1358	-	196	19677327	2713
chr19	5486689	5686689	harbor1	chr19	5514506	5514588	LTR/ERVL	1170	-	41	5514547	27858
chr19	5486689	5686689	harbor1	chr19	5514885	5515206	LTR/ERVL	1170	-	160	5515045	28356
chr19	48094850	48294850	harbor1	chr19	48192696	48192838	LTR/ERVL	863	-	71	48192767	97917
chr19	48094850	48294850	harbor1	chr19	48192880	48193065	LTR/ERVL	975	-	92	48192972	98122
chr19	3885261	4085261	harbor1	chr19	3921483	3921619	LTR/ERVL	2264	-	68	3921551	36290
chr19	3885261	4085261	harbor1	chr19	3921924	3922230	LTR/ERVL	2264	-	153	3922077	36816
chr19	3885261	4085261	harbor1	chr19	3922585	3922705	LTR/ERVL	2264	-	60	3922645	37384
chr19	19675861	19875861	harbor1	chr19	19696483	19696721	LTR/ERVL	908	-	119	19696602	20741
chr19	19675861	19875861	harbor1	chr19	19697737	19697921	LTR/ERVL	664	-	92	19697829	21968
chr19	19675861	19875861	harbor1	chr19	19700625	19701232	LTR/ERVL	4939	-	304	19700929	25068
chr19	19675861	19875861	harbor1	chr19	19703682	19704042	LTR/ERVL	985	-	180	19703862	28001
chr19	19675861	19875861	harbor1	chr19	19704166	19704211	LTR/ERVL	776	-	22	19704188	28327
chr19	19675861	19875861	harbor1	chr19	19704526	19704585	LTR/ERVL	776	-	30	19704556	28695
chr19	19675861	19875861	harbor1	chr19	19704882	19705126	LTR/ERVL	776	-	122	19705004	29143
chr19	19675861	19875861	harbor1	chr19	19716104	19716276	LTR/ERVL	669	-	86	19716190	40329
chr19	19675861	19875861	harbor1	chr19	19716588	19716643	LTR/ERVL	669	-	28	19716616	40755
chr19	19675861	19875861	harbor1	chr19	19716981	19717734	LTR/ERVL	2082	-	376	19717357	41496
chr19	19675861	19875861	harbor1	chr19	19677131	19677522	LTR/ERVL	1358	-	196	19677327	1466
chr19	41650420	41850420	harbor1	chr19	41726501	41726771	LTR/ERVL	977	-	135	41726636	76216
chr19	2356934	2556934	harbor1	chr19	2382810	2383069	LTR/ERVL	1291	-	130	2382940	26006
chr19	9986298	10186298	harbor1	chr19	10045181	10045670	LTR/ERVL	1104	-	244	10045425	59127
chr19	3885621	4085621	harbor1	chr19	3921483	3921619	LTR/ERVL	2264	-	68	3921551	35930
chr19	3885621	4085621	harbor1	chr19	3921924	3922230	LTR/ERVL	2264	-	153	3922077	36456
chr19	3885621	4085621	harbor1	chr19	3922585	3922705	LTR/ERVL	2264	-	60	3922645	37024
chr19	2170342	2370342	harbor1	chr19	2170417	2170959	LTR/ERVL	1115	-	271	2170688	346
chr19	44518410	44718410	harbor1	chr19	44552990	44553132	LTR/ERVL	4821	-	71	44553061	34651
chr19	44518410	44718410	harbor1	chr19	44553442	44554115	LTR/ERVL	4821	-	336	44553778	35368
chr19	44518410	44718410	harbor1	chr19	44554409	44554462	LTR/ERVL	4821	-	26	44554435	36025
chr19	19648289	19848289	harbor1	chr19	19696483	19696721	LTR/ERVL	908	-	119	19696602	48313
chr19	19648289	19848289	harbor1	chr19	19697737	19697921	LTR/ERVL	664	-	92	19697829	49540
chr19	19648289	19848289	harbor1	chr19	19700625	19701232	LTR/ERVL	4939	-	304	19700929	52640
chr19	19648289	19848289	harbor1	chr19	19703682	19704042	LTR/ERVL	985	-	180	19703862	55573
chr19	19648289	19848289	harbor1	chr19	19704166	19704211	LTR/ERVL	776	-	22	19704188	55899
chr19	19648289	19848289	harbor1	chr19	19704526	19704585	LTR/ERVL	776	-	30	19704556	56267
chr19	19648289	19848289	harbor1	chr19	19704882	19705126	LTR/ERVL	776	-	122	19705004	56715
chr19	19648289	19848289	harbor1	chr19	19716104	19716276	LTR/ERVL	669	-	86	19716190	67901
chr19	19648289	19848289	harbor1	chr19	19716588	19716643	LTR/ERVL	669	-	28	19716616	68327
chr19	19648289	19848289	harbor1	chr19	19716981	19717734	LTR/ERVL	2082	-	376	19717357	69068
chr19	19648289	19848289	harbor1	chr19	19677131	19677522	LTR/ERVL	1358	-	196	19677327	29038
chr19	10043853	10243853	harbor1	chr19	10045181	10045670	LTR/ERVL	1104	-	244	10045425	1572
chr19	11878930	12078930	harbor1	chr19	11895206	11895760	LTR/ERVL	2494	-	277	11895483	16553
chr19	11878930	12078930	harbor1	chr19	11920789	11921145	LTR/ERVL	824	-	178	11920967	42037
chr19	11878930	12078930	harbor1	chr19	11930332	11930541	LTR/ERVL	1074	-	104	11930436	51506
chr19	11878930	12078930	harbor1	chr19	11970276	11970482	LTR/ERVL	923	-	103	11970379	91449
chr19	19675825	19875825	harbor1	chr19	19696483	19696721	LTR/ERVL	908	-	119	19696602	20777
chr19	19675825	19875825	harbor1	chr19	19697737	19697921	LTR/ERVL	664	-	92	19697829	22004
chr19	19675825	19875825	harbor1	chr19	19700625	19701232	LTR/ERVL	4939	-	304	19700929	25104
chr19	19675825	19875825	harbor1	chr19	19703682	19704042	LTR/ERVL	985	-	180	19703862	28037
chr19	19675825	19875825	harbor1	chr19	19704166	19704211	LTR/ERVL	776	-	22	19704188	28363
chr19	19675825	19875825	harbor1	chr19	19704526	19704585	LTR/ERVL	776	-	30	19704556	28731
chr19	19675825	19875825	harbor1	chr19	19704882	19705126	LTR/ERVL	776	-	122	19705004	29179
chr19	19675825	19875825	harbor1	chr19	19716104	19716276	LTR/ERVL	669	-	86	19716190	40365
chr19	19675825	19875825	harbor1	chr19	19716588	19716643	LTR/ERVL	669	-	28	19716616	40791
chr19	19675825	19875825	harbor1	chr19	19716981	19717734	LTR/ERVL	2082	-	376	19717357	41532
chr19	19675825	19875825	harbor1	chr19	19677131	19677522	LTR/ERVL	1358	-	196	19677327	1502
chr19	9575315	9775315	harbor1	chr19	9609816	9610217	LTR/ERVL	1346	-	200	9610016	34701
chr19	9575315	9775315	harbor1	chr19	9652381	9652770	LTR/ERVL	1256	-	194	9652575	77260
chr19	35529181	35729181	harbor1	chr19	35601593	35601634	LTR/ERVL	1472	-	20	35601613	72432
chr19	35529181	35729181	harbor1	chr19	35601933	35602229	LTR/ERVL	1472	-	148	35602081	72900
chr19	57140996	57340996	harbor1	chr19	57194409	57194829	LTR/ERVL	3161	-	210	57194619	53623
chr19	57140996	57340996	harbor1	chr19	57203110	57203446	LTR/ERVL	1335	-	168	57203278	62282
chr19	57140996	57340996	harbor1	chr19	57210277	57210779	LTR/ERVL	885	-	251	57210528	69532
chr19	57140996	57340996	harbor1	chr19	57221409	57221940	LTR/ERVL	1720	-	266	57221675	80679
chr19	57140996	57340996	harbor1	chr19	57223198	57223445	LTR/ERVL	685	-	124	57223322	82326
chr19	57140996	57340996	harbor1	chr19	57227087	57227268	LTR/ERVL	1803	-	90	57227177	86181
chr19	57140996	57340996	harbor1	chr19	57227591	57227981	LTR/ERVL	1803	-	195	57227786	86790
chr19	57140996	57340996	harbor1	chr19	57195090	57199946	LTR/ERVL	38964	-	2428	57197518	56522
chr19	19676735	19876735	harbor1	chr19	19696483	19696721	LTR/ERVL	908	-	119	19696602	19867
chr19	19676735	19876735	harbor1	chr19	19697737	19697921	LTR/ERVL	664	-	92	19697829	21094
chr19	19676735	19876735	harbor1	chr19	19700625	19701232	LTR/ERVL	4939	-	304	19700929	24194
chr19	19676735	19876735	harbor1	chr19	19703682	19704042	LTR/ERVL	985	-	180	19703862	27127
chr19	19676735	19876735	harbor1	chr19	19704166	19704211	LTR/ERVL	776	-	22	19704188	27453
chr19	19676735	19876735	harbor1	chr19	19704526	19704585	LTR/ERVL	776	-	30	19704556	27821
chr19	19676735	19876735	harbor1	chr19	19704882	19705126	LTR/ERVL	776	-	122	19705004	28269
chr19	19676735	19876735	harbor1	chr19	19716104	19716276	LTR/ERVL	669	-	86	19716190	39455
chr19	19676735	19876735	harbor1	chr19	19716588	19716643	LTR/ERVL	669	-	28	19716616	39881
chr19	19676735	19876735	harbor1	chr19	19716981	19717734	LTR/ERVL	2082	-	376	19717357	40622
chr19	19676735	19876735	harbor1	chr19	19677131	19677522	LTR/ERVL	1358	-	196	19677327	592
chr19	15091758	15291758	harbor1	chr19	15096672	15096866	LTR/ERVL	967	-	97	15096769	5011
chr19	15091758	15291758	harbor1	chr19	15099889	15100131	LTR/ERVL	1172	-	121	15100010	8252
chr19	15091758	15291758	harbor1	chr19	15101485	15101748	LTR/ERVL	1068	-	132	15101617	9859
chr19	15091758	15291758	harbor1	chr19	15138876	15139299	LTR/ERVL	998	-	212	15139088	47330
chr19	15091758	15291758	harbor1	chr19	15142605	15143000	LTR/ERVL	942	-	198	15142803	51045
chr19	15091758	15291758	harbor1	chr19	15153992	15154444	LTR/ERVL	1836	-	226	15154218	62460
chr19	15091758	15291758	harbor1	chr19	15156717	15156882	LTR/ERVL	678	-	82	15156799	65041
chr19	19675790	19875790	harbor1	chr19	19696483	19696721	LTR/ERVL	908	-	119	19696602	20812
chr19	19675790	19875790	harbor1	chr19	19697737	19697921	LTR/ERVL	664	-	92	19697829	22039
chr19	19675790	19875790	harbor1	chr19	19700625	19701232	LTR/ERVL	4939	-	304	19700929	25139
chr19	19675790	19875790	harbor1	chr19	19703682	19704042	LTR/ERVL	985	-	180	19703862	28072
chr19	19675790	19875790	harbor1	chr19	19704166	19704211	LTR/ERVL	776	-	22	19704188	28398
chr19	19675790	19875790	harbor1	chr19	19704526	19704585	LTR/ERVL	776	-	30	19704556	28766
chr19	19675790	19875790	harbor1	chr19	19704882	19705126	LTR/ERVL	776	-	122	19705004	29214
chr19	19675790	19875790	harbor1	chr19	19716104	19716276	LTR/ERVL	669	-	86	19716190	40400
chr19	19675790	19875790	harbor1	chr19	19716588	19716643	LTR/ERVL	669	-	28	19716616	40826
chr19	19675790	19875790	harbor1	chr19	19716981	19717734	LTR/ERVL	2082	-	376	19717357	41567
chr19	19675790	19875790	harbor1	chr19	19677131	19677522	LTR/ERVL	1358	-	196	19677327	1537
chr19	7434223	7634223	harbor1	chr19	7435275	7435730	LTR/ERVL	1503	-	228	7435503	1280
chr19	9986300	10186300	harbor1	chr19	10045181	10045670	LTR/ERVL	1104	-	244	10045425	59125
chr19	2104874	2304874	harbor1	chr19	2170417	2170959	LTR/ERVL	1115	-	271	2170688	65814
chr19	3287910	3487910	harbor1	chr19	3328974	3329067	LTR/ERVL	1809	-	46	3329020	41110
chr19	3287910	3487910	harbor1	chr19	3329393	3329490	LTR/ERVL	1809	-	48	3329441	41531
chr19	3287910	3487910	harbor1	chr19	3329765	3329849	LTR/ERVL	1809	-	42	3329807	41897
chr19	3287910	3487910	harbor1	chr19	3330150	3330414	LTR/ERVL	1809	-	132	3330282	42372
chr19	57140775	57340775	harbor1	chr19	57194409	57194829	LTR/ERVL	3161	-	210	57194619	53844
chr19	57140775	57340775	harbor1	chr19	57203110	57203446	LTR/ERVL	1335	-	168	57203278	62503
chr19	57140775	57340775	harbor1	chr19	57210277	57210779	LTR/ERVL	885	-	251	57210528	69753
chr19	57140775	57340775	harbor1	chr19	57221409	57221940	LTR/ERVL	1720	-	266	57221675	80900
chr19	57140775	57340775	harbor1	chr19	57223198	57223445	LTR/ERVL	685	-	124	57223322	82547
chr19	57140775	57340775	harbor1	chr19	57227087	57227268	LTR/ERVL	1803	-	90	57227177	86402
chr19	57140775	57340775	harbor1	chr19	57227591	57227981	LTR/ERVL	1803	-	195	57227786	87011
chr19	57140775	57340775	harbor1	chr19	57195090	57199946	LTR/ERVL	38964	-	2428	57197518	56743
chr19	19675998	19875998	harbor1	chr19	19696483	19696721	LTR/ERVL	908	-	119	19696602	20604
chr19	19675998	19875998	harbor1	chr19	19697737	19697921	LTR/ERVL	664	-	92	19697829	21831
chr19	19675998	19875998	harbor1	chr19	19700625	19701232	LTR/ERVL	4939	-	304	19700929	24931
chr19	19675998	19875998	harbor1	chr19	19703682	19704042	LTR/ERVL	985	-	180	19703862	27864
chr19	19675998	19875998	harbor1	chr19	19704166	19704211	LTR/ERVL	776	-	22	19704188	28190
chr19	19675998	19875998	harbor1	chr19	19704526	19704585	LTR/ERVL	776	-	30	19704556	28558
chr19	19675998	19875998	harbor1	chr19	19704882	19705126	LTR/ERVL	776	-	122	19705004	29006
chr19	19675998	19875998	harbor1	chr19	19716104	19716276	LTR/ERVL	669	-	86	19716190	40192
chr19	19675998	19875998	harbor1	chr19	19716588	19716643	LTR/ERVL	669	-	28	19716616	40618
chr19	19675998	19875998	harbor1	chr19	19716981	19717734	LTR/ERVL	2082	-	376	19717357	41359
chr19	19675998	19875998	harbor1	chr19	19677131	19677522	LTR/ERVL	1358	-	196	19677327	1329
chr19	48119191	48319191	harbor1	chr19	48192696	48192838	LTR/ERVL	863	-	71	48192767	73576
chr19	48119191	48319191	harbor1	chr19	48192880	48193065	LTR/ERVL	975	-	92	48192972	73781
chr19	19676646	19876646	harbor1	chr19	19696483	19696721	LTR/ERVL	908	-	119	19696602	19956
chr19	19676646	19876646	harbor1	chr19	19697737	19697921	LTR/ERVL	664	-	92	19697829	21183
chr19	19676646	19876646	harbor1	chr19	19700625	19701232	LTR/ERVL	4939	-	304	19700929	24283
chr19	19676646	19876646	harbor1	chr19	19703682	19704042	LTR/ERVL	985	-	180	19703862	27216
chr19	19676646	19876646	harbor1	chr19	19704166	19704211	LTR/ERVL	776	-	22	19704188	27542
chr19	19676646	19876646	harbor1	chr19	19704526	19704585	LTR/ERVL	776	-	30	19704556	27910
chr19	19676646	19876646	harbor1	chr19	19704882	19705126	LTR/ERVL	776	-	122	19705004	28358
chr19	19676646	19876646	harbor1	chr19	19716104	19716276	LTR/ERVL	669	-	86	19716190	39544
chr19	19676646	19876646	harbor1	chr19	19716588	19716643	LTR/ERVL	669	-	28	19716616	39970
chr19	19676646	19876646	harbor1	chr19	19716981	19717734	LTR/ERVL	2082	-	376	19717357	40711
chr19	19676646	19876646	harbor1	chr19	19677131	19677522	LTR/ERVL	1358	-	196	19677327	681
chr19	19676600	19876600	harbor1	chr19	19696483	19696721	LTR/ERVL	908	-	119	19696602	20002
chr19	19676600	19876600	harbor1	chr19	19697737	19697921	LTR/ERVL	664	-	92	19697829	21229
chr19	19676600	19876600	harbor1	chr19	19700625	19701232	LTR/ERVL	4939	-	304	19700929	24329
chr19	19676600	19876600	harbor1	chr19	19703682	19704042	LTR/ERVL	985	-	180	19703862	27262
chr19	19676600	19876600	harbor1	chr19	19704166	19704211	LTR/ERVL	776	-	22	19704188	27588
chr19	19676600	19876600	harbor1	chr19	19704526	19704585	LTR/ERVL	776	-	30	19704556	27956
chr19	19676600	19876600	harbor1	chr19	19704882	19705126	LTR/ERVL	776	-	122	19705004	28404
chr19	19676600	19876600	harbor1	chr19	19716104	19716276	LTR/ERVL	669	-	86	19716190	39590
chr19	19676600	19876600	harbor1	chr19	19716588	19716643	LTR/ERVL	669	-	28	19716616	40016
chr19	19676600	19876600	harbor1	chr19	19716981	19717734	LTR/ERVL	2082	-	376	19717357	40757
chr19	19676600	19876600	harbor1	chr19	19677131	19677522	LTR/ERVL	1358	-	196	19677327	727
chr19	48525185	48725185	harbor1	chr19	48584317	48584591	LTR/ERVL	991	-	137	48584454	59269
chr19	19676648	19876648	harbor1	chr19	19696483	19696721	LTR/ERVL	908	-	119	19696602	19954
chr19	19676648	19876648	harbor1	chr19	19697737	19697921	LTR/ERVL	664	-	92	19697829	21181
chr19	19676648	19876648	harbor1	chr19	19700625	19701232	LTR/ERVL	4939	-	304	19700929	24281
chr19	19676648	19876648	harbor1	chr19	19703682	19704042	LTR/ERVL	985	-	180	19703862	27214
chr19	19676648	19876648	harbor1	chr19	19704166	19704211	LTR/ERVL	776	-	22	19704188	27540
chr19	19676648	19876648	harbor1	chr19	19704526	19704585	LTR/ERVL	776	-	30	19704556	27908
chr19	19676648	19876648	harbor1	chr19	19704882	19705126	LTR/ERVL	776	-	122	19705004	28356
chr19	19676648	19876648	harbor1	chr19	19716104	19716276	LTR/ERVL	669	-	86	19716190	39542
chr19	19676648	19876648	harbor1	chr19	19716588	19716643	LTR/ERVL	669	-	28	19716616	39968
chr19	19676648	19876648	harbor1	chr19	19716981	19717734	LTR/ERVL	2082	-	376	19717357	40709
chr19	19676648	19876648	harbor1	chr19	19677131	19677522	LTR/ERVL	1358	-	196	19677327	679
chr19	5489582	5689582	harbor1	chr19	5514506	5514588	LTR/ERVL	1170	-	41	5514547	24965
chr19	5489582	5689582	harbor1	chr19	5514885	5515206	LTR/ERVL	1170	-	160	5515045	25463
chr19	39685943	39885943	harbor1	chr19	39768592	39769241	LTR/ERVL	2908	-	324	39768916	82973
chr19	32964890	33164890	harbor1	chr19	33029693	33030135	LTR/ERVL	2334	-	221	33029914	65024
chr19	32964890	33164890	harbor1	chr19	33030768	33031194	LTR/ERVL	1984	-	213	33030981	66091
chr19	32964890	33164890	harbor1	chr19	33031683	33031717	LTR/ERVL	1984	-	17	33031700	66810
chr19	32964890	33164890	harbor1	chr19	33032317	33032609	LTR/ERVL	1984	-	146	33032463	67573
chr19	35165609	35365609	harbor1	chr19	35167122	35167501	LTR/ERVL	950	-	190	35167312	1703
chr19	35165609	35365609	harbor1	chr19	35172696	35173254	LTR/ERVL	2157	-	279	35172975	7366
chr19	35165609	35365609	harbor1	chr19	35193559	35193905	LTR/ERVL	1541	-	173	35193732	28123
chr19	35165609	35365609	harbor1	chr19	35194548	35194997	LTR/ERVL	2002	-	224	35194772	29163
chr19	48525114	48725114	harbor1	chr19	48584317	48584591	LTR/ERVL	991	-	137	48584454	59340
chr19	19676660	19876660	harbor1	chr19	19696483	19696721	LTR/ERVL	908	-	119	19696602	19942
chr19	19676660	19876660	harbor1	chr19	19697737	19697921	LTR/ERVL	664	-	92	19697829	21169
chr19	19676660	19876660	harbor1	chr19	19700625	19701232	LTR/ERVL	4939	-	304	19700929	24269
chr19	19676660	19876660	harbor1	chr19	19703682	19704042	LTR/ERVL	985	-	180	19703862	27202
chr19	19676660	19876660	harbor1	chr19	19704166	19704211	LTR/ERVL	776	-	22	19704188	27528
chr19	19676660	19876660	harbor1	chr19	19704526	19704585	LTR/ERVL	776	-	30	19704556	27896
chr19	19676660	19876660	harbor1	chr19	19704882	19705126	LTR/ERVL	776	-	122	19705004	28344
chr19	19676660	19876660	harbor1	chr19	19716104	19716276	LTR/ERVL	669	-	86	19716190	39530
chr19	19676660	19876660	harbor1	chr19	19716588	19716643	LTR/ERVL	669	-	28	19716616	39956
chr19	19676660	19876660	harbor1	chr19	19716981	19717734	LTR/ERVL	2082	-	376	19717357	40697
chr19	19676660	19876660	harbor1	chr19	19677131	19677522	LTR/ERVL	1358	-	196	19677327	667
chr19	6729031	6929031	harbor1	chr19	6793359	6793790	LTR/ERVL	2127	-	216	6793575	64544
chr19	39302722	39502722	harbor1	chr19	39399020	39399251	LTR/ERVL	814	-	116	39399136	96414
chr19	39302722	39502722	harbor1	chr19	39399556	39399703	LTR/ERVL	691	-	74	39399630	96908
chr19	19676559	19876559	harbor1	chr19	19696483	19696721	LTR/ERVL	908	-	119	19696602	20043
chr19	19676559	19876559	harbor1	chr19	19697737	19697921	LTR/ERVL	664	-	92	19697829	21270
chr19	19676559	19876559	harbor1	chr19	19700625	19701232	LTR/ERVL	4939	-	304	19700929	24370
chr19	19676559	19876559	harbor1	chr19	19703682	19704042	LTR/ERVL	985	-	180	19703862	27303
chr19	19676559	19876559	harbor1	chr19	19704166	19704211	LTR/ERVL	776	-	22	19704188	27629
chr19	19676559	19876559	harbor1	chr19	19704526	19704585	LTR/ERVL	776	-	30	19704556	27997
chr19	19676559	19876559	harbor1	chr19	19704882	19705126	LTR/ERVL	776	-	122	19705004	28445
chr19	19676559	19876559	harbor1	chr19	19716104	19716276	LTR/ERVL	669	-	86	19716190	39631
chr19	19676559	19876559	harbor1	chr19	19716588	19716643	LTR/ERVL	669	-	28	19716616	40057
chr19	19676559	19876559	harbor1	chr19	19716981	19717734	LTR/ERVL	2082	-	376	19717357	40798
chr19	19676559	19876559	harbor1	chr19	19677131	19677522	LTR/ERVL	1358	-	196	19677327	768
chr19	3914974	4114974	harbor1	chr19	3921483	3921619	LTR/ERVL	2264	-	68	3921551	6577
chr19	3914974	4114974	harbor1	chr19	3921924	3922230	LTR/ERVL	2264	-	153	3922077	7103
chr19	3914974	4114974	harbor1	chr19	3922585	3922705	LTR/ERVL	2264	-	60	3922645	7671
chr19	23928631	24128631	harbor1	chr19	23991049	23991273	LTR/ERVL	1827	-	112	23991161	62530
chr19	23928631	24128631	harbor1	chr19	23991259	23991497	LTR/ERVL	1718	-	119	23991378	62747
chr19	491384	691384	harbor1	chr19	520958	521478	LTR/ERVL	2140	-	260	521218	29834
chr19	491384	691384	harbor1	chr19	521785	521807	LTR/ERVL	2140	-	11	521796	30412
chr19	491384	691384	harbor1	chr19	521813	522035	LTR/ERVL	724	-	111	521924	30540
chr19	12567170	12767170	harbor1	chr19	12569586	12569850	LTR/ERVL	1122	-	132	12569718	2548
chr19	12567170	12767170	harbor1	chr19	12570398	12570453	LTR/ERVL	2033	-	28	12570426	3256
chr19	12567170	12767170	harbor1	chr19	12570578	12571009	LTR/ERVL	2033	-	216	12570794	3624
chr19	12567170	12767170	harbor1	chr19	12574456	12574625	LTR/ERVL	650	-	84	12574540	7370
chr19	12567170	12767170	harbor1	chr19	12575330	12575617	LTR/ERVL	963	-	144	12575474	8304
chr19	12567170	12767170	harbor1	chr19	12584978	12585259	LTR/ERVL	799	-	140	12585118	17948
chr19	12567170	12767170	harbor1	chr19	12592915	12593246	LTR/ERVL	3295	-	166	12593081	25911
chr19	12567170	12767170	harbor1	chr19	12593550	12594183	LTR/ERVL	3295	-	316	12593866	26696
chr19	12567170	12767170	harbor1	chr19	12594496	12594690	LTR/ERVL	3295	-	97	12594593	27423
chr19	39302740	39502740	harbor1	chr19	39399020	39399251	LTR/ERVL	814	-	116	39399136	96396
chr19	39302740	39502740	harbor1	chr19	39399556	39399703	LTR/ERVL	691	-	74	39399630	96890
chr19	19675701	19875701	harbor1	chr19	19696483	19696721	LTR/ERVL	908	-	119	19696602	20901
chr19	19675701	19875701	harbor1	chr19	19697737	19697921	LTR/ERVL	664	-	92	19697829	22128
chr19	19675701	19875701	harbor1	chr19	19700625	19701232	LTR/ERVL	4939	-	304	19700929	25228
chr19	19675701	19875701	harbor1	chr19	19703682	19704042	LTR/ERVL	985	-	180	19703862	28161
chr19	19675701	19875701	harbor1	chr19	19704166	19704211	LTR/ERVL	776	-	22	19704188	28487
chr19	19675701	19875701	harbor1	chr19	19704526	19704585	LTR/ERVL	776	-	30	19704556	28855
chr19	19675701	19875701	harbor1	chr19	19704882	19705126	LTR/ERVL	776	-	122	19705004	29303
chr19	19675701	19875701	harbor1	chr19	19716104	19716276	LTR/ERVL	669	-	86	19716190	40489
chr19	19675701	19875701	harbor1	chr19	19716588	19716643	LTR/ERVL	669	-	28	19716616	40915
chr19	19675701	19875701	harbor1	chr19	19716981	19717734	LTR/ERVL	2082	-	376	19717357	41656
chr19	19675701	19875701	harbor1	chr19	19677131	19677522	LTR/ERVL	1358	-	196	19677327	1626
chr19	3283777	3483777	harbor1	chr19	3328974	3329067	LTR/ERVL	1809	-	46	3329020	45243
chr19	3283777	3483777	harbor1	chr19	3329393	3329490	LTR/ERVL	1809	-	48	3329441	45664
chr19	3283777	3483777	harbor1	chr19	3329765	3329849	LTR/ERVL	1809	-	42	3329807	46030
chr19	3283777	3483777	harbor1	chr19	3330150	3330414	LTR/ERVL	1809	-	132	3330282	46505
chr19	208557	408557	harbor1	chr19	251978	252327	LTR/ERVL	2212	-	174	252152	43595
chr19	208557	408557	harbor1	chr19	252693	252919	LTR/ERVL	2212	-	113	252806	44249
chr19	7367615	7567615	harbor1	chr19	7435275	7435730	LTR/ERVL	1503	-	228	7435503	67888
chr19	12569729	12769729	harbor1	chr19	12569586	12569850	LTR/ERVL	1122	-	132	12569718	11
chr19	12569729	12769729	harbor1	chr19	12570398	12570453	LTR/ERVL	2033	-	28	12570426	697
chr19	12569729	12769729	harbor1	chr19	12570578	12571009	LTR/ERVL	2033	-	216	12570794	1065
chr19	12569729	12769729	harbor1	chr19	12574456	12574625	LTR/ERVL	650	-	84	12574540	4811
chr19	12569729	12769729	harbor1	chr19	12575330	12575617	LTR/ERVL	963	-	144	12575474	5745
chr19	12569729	12769729	harbor1	chr19	12584978	12585259	LTR/ERVL	799	-	140	12585118	15389
chr19	12569729	12769729	harbor1	chr19	12592915	12593246	LTR/ERVL	3295	-	166	12593081	23352
chr19	12569729	12769729	harbor1	chr19	12593550	12594183	LTR/ERVL	3295	-	316	12593866	24137
chr19	12569729	12769729	harbor1	chr19	12594496	12594690	LTR/ERVL	3295	-	97	12594593	24864
chr19	2355470	2555470	harbor1	chr19	2382810	2383069	LTR/ERVL	1291	-	130	2382940	27470
chr19	45134770	45334770	harbor1	chr19	45197852	45198281	LTR/ERVL	1106	-	214	45198066	63296
chr19	9986313	10186313	harbor1	chr19	10045181	10045670	LTR/ERVL	1104	-	244	10045425	59112
chr19	50332480	50532480	harbor1	chr19	50354880	50355202	LTR/ERVL	2820	-	161	50355041	22561
chr19	50332480	50532480	harbor1	chr19	50355416	50355511	LTR/ERVL	2820	-	48	50355464	22984
chr19	50332480	50532480	harbor1	chr19	50390248	50390572	LTR/ERVL	1903	-	162	50390410	57930
chr19	50332480	50532480	harbor1	chr19	50410487	50410956	LTR/ERVL	2049	-	234	50410721	78241
chr19	50332480	50532480	harbor1	chr19	50425829	50425926	LTR/ERVL	1552	-	48	50425877	93397
chr19	50332480	50532480	harbor1	chr19	50426229	50426482	LTR/ERVL	1552	-	126	50426355	93875
chr19	50332480	50532480	harbor1	chr19	50426795	50426847	LTR/ERVL	1552	-	26	50426821	94341
chr19	48525150	48725150	harbor1	chr19	48584317	48584591	LTR/ERVL	991	-	137	48584454	59304
chr19	5486235	5686235	harbor1	chr19	5514506	5514588	LTR/ERVL	1170	-	41	5514547	28312
chr19	5486235	5686235	harbor1	chr19	5514885	5515206	LTR/ERVL	1170	-	160	5515045	28810
chr19	19676574	19876574	harbor1	chr19	19696483	19696721	LTR/ERVL	908	-	119	19696602	20028
chr19	19676574	19876574	harbor1	chr19	19697737	19697921	LTR/ERVL	664	-	92	19697829	21255
chr19	19676574	19876574	harbor1	chr19	19700625	19701232	LTR/ERVL	4939	-	304	19700929	24355
chr19	19676574	19876574	harbor1	chr19	19703682	19704042	LTR/ERVL	985	-	180	19703862	27288
chr19	19676574	19876574	harbor1	chr19	19704166	19704211	LTR/ERVL	776	-	22	19704188	27614
chr19	19676574	19876574	harbor1	chr19	19704526	19704585	LTR/ERVL	776	-	30	19704556	27982
chr19	19676574	19876574	harbor1	chr19	19704882	19705126	LTR/ERVL	776	-	122	19705004	28430
chr19	19676574	19876574	harbor1	chr19	19716104	19716276	LTR/ERVL	669	-	86	19716190	39616
chr19	19676574	19876574	harbor1	chr19	19716588	19716643	LTR/ERVL	669	-	28	19716616	40042
chr19	19676574	19876574	harbor1	chr19	19716981	19717734	LTR/ERVL	2082	-	376	19717357	40783
chr19	19676574	19876574	harbor1	chr19	19677131	19677522	LTR/ERVL	1358	-	196	19677327	753
chr19	30129086	30329086	harbor1	chr19	30196918	30197359	LTR/ERVL	3457	-	220	30197138	68052
chr19	57091913	57291913	harbor1	chr19	57131942	57132171	LTR/ERVL	2522	-	114	57132056	40143
chr19	57091913	57291913	harbor1	chr19	57132748	57133025	LTR/ERVL	2522	-	138	57132886	40973
chr19	1	171218	harbor1	chr19	83005	83884	LTR/ERVL	1014	-	440	83445	83444
chr19	11429104	11629104	harbor1	chr19	11489949	11490354	LTR/ERVL	1620	-	202	11490151	61047
chr19	2116463	2316463	harbor1	chr19	2170417	2170959	LTR/ERVL	1115	-	271	2170688	54225
chr19	7429502	7629502	harbor1	chr19	7435275	7435730	LTR/ERVL	1503	-	228	7435503	6001
chr19	516432	716432	harbor1	chr19	520958	521478	LTR/ERVL	2140	-	260	521218	4786
chr19	516432	716432	harbor1	chr19	521785	521807	LTR/ERVL	2140	-	11	521796	5364
chr19	516432	716432	harbor1	chr19	521813	522035	LTR/ERVL	724	-	111	521924	5492
chr19	19676811	19876811	harbor1	chr19	19696483	19696721	LTR/ERVL	908	-	119	19696602	19791
chr19	19676811	19876811	harbor1	chr19	19697737	19697921	LTR/ERVL	664	-	92	19697829	21018
chr19	19676811	19876811	harbor1	chr19	19700625	19701232	LTR/ERVL	4939	-	304	19700929	24118
chr19	19676811	19876811	harbor1	chr19	19703682	19704042	LTR/ERVL	985	-	180	19703862	27051
chr19	19676811	19876811	harbor1	chr19	19704166	19704211	LTR/ERVL	776	-	22	19704188	27377
chr19	19676811	19876811	harbor1	chr19	19704526	19704585	LTR/ERVL	776	-	30	19704556	27745
chr19	19676811	19876811	harbor1	chr19	19704882	19705126	LTR/ERVL	776	-	122	19705004	28193
chr19	19676811	19876811	harbor1	chr19	19716104	19716276	LTR/ERVL	669	-	86	19716190	39379
chr19	19676811	19876811	harbor1	chr19	19716588	19716643	LTR/ERVL	669	-	28	19716616	39805
chr19	19676811	19876811	harbor1	chr19	19716981	19717734	LTR/ERVL	2082	-	376	19717357	40546
chr19	19676811	19876811	harbor1	chr19	19677131	19677522	LTR/ERVL	1358	-	196	19677327	516
chr19	2130409	2330409	harbor1	chr19	2170417	2170959	LTR/ERVL	1115	-	271	2170688	40279
chr19	48865312	49065312	harbor1	chr19	48926526	48926660	LTR/ERVL	1975	-	67	48926593	61281
chr19	48865312	49065312	harbor1	chr19	48926959	48927222	LTR/ERVL	1975	-	132	48927091	61779
chr19	48865312	49065312	harbor1	chr19	48928463	48928721	LTR/ERVL	1447	-	129	48928592	63280
chr19	48865312	49065312	harbor1	chr19	48929382	48929542	LTR/ERVL	953	-	80	48929462	64150
chr19	30129101	30329101	harbor1	chr19	30196918	30197359	LTR/ERVL	3457	-	220	30197138	68037
chr19	7756106	7956106	harbor1	chr19	7767856	7768293	LTR/ERVL	1600	-	218	7768074	11968
chr19	7756106	7956106	harbor1	chr19	7777964	7778403	LTR/ERVL	1883	-	220	7778184	22078
chr19	208595	408595	harbor1	chr19	251978	252327	LTR/ERVL	2212	-	174	252152	43557
chr19	208595	408595	harbor1	chr19	252693	252919	LTR/ERVL	2212	-	113	252806	44211
chr19	19675592	19875592	harbor1	chr19	19696483	19696721	LTR/ERVL	908	-	119	19696602	21010
chr19	19675592	19875592	harbor1	chr19	19697737	19697921	LTR/ERVL	664	-	92	19697829	22237
chr19	19675592	19875592	harbor1	chr19	19700625	19701232	LTR/ERVL	4939	-	304	19700929	25337
chr19	19675592	19875592	harbor1	chr19	19703682	19704042	LTR/ERVL	985	-	180	19703862	28270
chr19	19675592	19875592	harbor1	chr19	19704166	19704211	LTR/ERVL	776	-	22	19704188	28596
chr19	19675592	19875592	harbor1	chr19	19704526	19704585	LTR/ERVL	776	-	30	19704556	28964
chr19	19675592	19875592	harbor1	chr19	19704882	19705126	LTR/ERVL	776	-	122	19705004	29412
chr19	19675592	19875592	harbor1	chr19	19716104	19716276	LTR/ERVL	669	-	86	19716190	40598
chr19	19675592	19875592	harbor1	chr19	19716588	19716643	LTR/ERVL	669	-	28	19716616	41024
chr19	19675592	19875592	harbor1	chr19	19716981	19717734	LTR/ERVL	2082	-	376	19717357	41765
chr19	19675592	19875592	harbor1	chr19	19677131	19677522	LTR/ERVL	1358	-	196	19677327	1735
chr19	3885637	4085637	harbor1	chr19	3921483	3921619	LTR/ERVL	2264	-	68	3921551	35914
chr19	3885637	4085637	harbor1	chr19	3921924	3922230	LTR/ERVL	2264	-	153	3922077	36440
chr19	3885637	4085637	harbor1	chr19	3922585	3922705	LTR/ERVL	2264	-	60	3922645	37008
chr19	40409980	40609980	harbor1	chr19	40450988	40451254	LTR/ERVL	1527	-	133	40451121	41141
chr19	19675857	19875857	harbor1	chr19	19696483	19696721	LTR/ERVL	908	-	119	19696602	20745
chr19	19675857	19875857	harbor1	chr19	19697737	19697921	LTR/ERVL	664	-	92	19697829	21972
chr19	19675857	19875857	harbor1	chr19	19700625	19701232	LTR/ERVL	4939	-	304	19700929	25072
chr19	19675857	19875857	harbor1	chr19	19703682	19704042	LTR/ERVL	985	-	180	19703862	28005
chr19	19675857	19875857	harbor1	chr19	19704166	19704211	LTR/ERVL	776	-	22	19704188	28331
chr19	19675857	19875857	harbor1	chr19	19704526	19704585	LTR/ERVL	776	-	30	19704556	28699
chr19	19675857	19875857	harbor1	chr19	19704882	19705126	LTR/ERVL	776	-	122	19705004	29147
chr19	19675857	19875857	harbor1	chr19	19716104	19716276	LTR/ERVL	669	-	86	19716190	40333
chr19	19675857	19875857	harbor1	chr19	19716588	19716643	LTR/ERVL	669	-	28	19716616	40759
chr19	19675857	19875857	harbor1	chr19	19716981	19717734	LTR/ERVL	2082	-	376	19717357	41500
chr19	19675857	19875857	harbor1	chr19	19677131	19677522	LTR/ERVL	1358	-	196	19677327	1470
chr19	11667295	11867295	harbor1	chr19	11678472	11678850	LTR/ERVL	1293	-	189	11678661	11366
chr19	11667295	11867295	harbor1	chr19	11679304	11679864	LTR/ERVL	1875	-	280	11679584	12289
chr19	11667295	11867295	harbor1	chr19	11702034	11702095	LTR/ERVL	1303	-	30	11702064	34769
chr19	11667295	11867295	harbor1	chr19	11702410	11702663	LTR/ERVL	1303	-	126	11702536	35241
chr19	11667295	11867295	harbor1	chr19	11731482	11731727	LTR/ERVL	958	-	122	11731604	64309
chr19	11667295	11867295	harbor1	chr19	11732030	11732153	LTR/ERVL	958	-	62	11732092	64797
chr19	19675613	19875613	harbor1	chr19	19696483	19696721	LTR/ERVL	908	-	119	19696602	20989
chr19	19675613	19875613	harbor1	chr19	19697737	19697921	LTR/ERVL	664	-	92	19697829	22216
chr19	19675613	19875613	harbor1	chr19	19700625	19701232	LTR/ERVL	4939	-	304	19700929	25316
chr19	19675613	19875613	harbor1	chr19	19703682	19704042	LTR/ERVL	985	-	180	19703862	28249
chr19	19675613	19875613	harbor1	chr19	19704166	19704211	LTR/ERVL	776	-	22	19704188	28575
chr19	19675613	19875613	harbor1	chr19	19704526	19704585	LTR/ERVL	776	-	30	19704556	28943
chr19	19675613	19875613	harbor1	chr19	19704882	19705126	LTR/ERVL	776	-	122	19705004	29391
chr19	19675613	19875613	harbor1	chr19	19716104	19716276	LTR/ERVL	669	-	86	19716190	40577
chr19	19675613	19875613	harbor1	chr19	19716588	19716643	LTR/ERVL	669	-	28	19716616	41003
chr19	19675613	19875613	harbor1	chr19	19716981	19717734	LTR/ERVL	2082	-	376	19717357	41744
chr19	19675613	19875613	harbor1	chr19	19677131	19677522	LTR/ERVL	1358	-	196	19677327	1714
chr19	19675500	19875500	harbor1	chr19	19696483	19696721	LTR/ERVL	908	-	119	19696602	21102
chr19	19675500	19875500	harbor1	chr19	19697737	19697921	LTR/ERVL	664	-	92	19697829	22329
chr19	19675500	19875500	harbor1	chr19	19700625	19701232	LTR/ERVL	4939	-	304	19700929	25429
chr19	19675500	19875500	harbor1	chr19	19703682	19704042	LTR/ERVL	985	-	180	19703862	28362
chr19	19675500	19875500	harbor1	chr19	19704166	19704211	LTR/ERVL	776	-	22	19704188	28688
chr19	19675500	19875500	harbor1	chr19	19704526	19704585	LTR/ERVL	776	-	30	19704556	29056
chr19	19675500	19875500	harbor1	chr19	19704882	19705126	LTR/ERVL	776	-	122	19705004	29504
chr19	19675500	19875500	harbor1	chr19	19716104	19716276	LTR/ERVL	669	-	86	19716190	40690
chr19	19675500	19875500	harbor1	chr19	19716588	19716643	LTR/ERVL	669	-	28	19716616	41116
chr19	19675500	19875500	harbor1	chr19	19716981	19717734	LTR/ERVL	2082	-	376	19717357	41857
chr19	19675500	19875500	harbor1	chr19	19677131	19677522	LTR/ERVL	1358	-	196	19677327	1827
chr19	49493098	49693098	harbor1	chr19	49559070	49559291	LTR/ERVL	1178	-	110	49559180	66082
chr19	48525214	48725214	harbor1	chr19	48584317	48584591	LTR/ERVL	991	-	137	48584454	59240
chr19	19674780	19874780	harbor1	chr19	19696483	19696721	LTR/ERVL	908	-	119	19696602	21822
chr19	19674780	19874780	harbor1	chr19	19697737	19697921	LTR/ERVL	664	-	92	19697829	23049
chr19	19674780	19874780	harbor1	chr19	19700625	19701232	LTR/ERVL	4939	-	304	19700929	26149
chr19	19674780	19874780	harbor1	chr19	19703682	19704042	LTR/ERVL	985	-	180	19703862	29082
chr19	19674780	19874780	harbor1	chr19	19704166	19704211	LTR/ERVL	776	-	22	19704188	29408
chr19	19674780	19874780	harbor1	chr19	19704526	19704585	LTR/ERVL	776	-	30	19704556	29776
chr19	19674780	19874780	harbor1	chr19	19704882	19705126	LTR/ERVL	776	-	122	19705004	30224
chr19	19674780	19874780	harbor1	chr19	19716104	19716276	LTR/ERVL	669	-	86	19716190	41410
chr19	19674780	19874780	harbor1	chr19	19716588	19716643	LTR/ERVL	669	-	28	19716616	41836
chr19	19674780	19874780	harbor1	chr19	19716981	19717734	LTR/ERVL	2082	-	376	19717357	42577
chr19	19674780	19874780	harbor1	chr19	19677131	19677522	LTR/ERVL	1358	-	196	19677327	2547
chr19	48865303	49065303	harbor1	chr19	48926526	48926660	LTR/ERVL	1975	-	67	48926593	61290
chr19	48865303	49065303	harbor1	chr19	48926959	48927222	LTR/ERVL	1975	-	132	48927091	61788
chr19	48865303	49065303	harbor1	chr19	48928463	48928721	LTR/ERVL	1447	-	129	48928592	63289
chr19	48865303	49065303	harbor1	chr19	48929382	48929542	LTR/ERVL	953	-	80	48929462	64159
chr19	19676606	19876606	harbor1	chr19	19696483	19696721	LTR/ERVL	908	-	119	19696602	19996
chr19	19676606	19876606	harbor1	chr19	19697737	19697921	LTR/ERVL	664	-	92	19697829	21223
chr19	19676606	19876606	harbor1	chr19	19700625	19701232	LTR/ERVL	4939	-	304	19700929	24323
chr19	19676606	19876606	harbor1	chr19	19703682	19704042	LTR/ERVL	985	-	180	19703862	27256
chr19	19676606	19876606	harbor1	chr19	19704166	19704211	LTR/ERVL	776	-	22	19704188	27582
chr19	19676606	19876606	harbor1	chr19	19704526	19704585	LTR/ERVL	776	-	30	19704556	27950
chr19	19676606	19876606	harbor1	chr19	19704882	19705126	LTR/ERVL	776	-	122	19705004	28398
chr19	19676606	19876606	harbor1	chr19	19716104	19716276	LTR/ERVL	669	-	86	19716190	39584
chr19	19676606	19876606	harbor1	chr19	19716588	19716643	LTR/ERVL	669	-	28	19716616	40010
chr19	19676606	19876606	harbor1	chr19	19716981	19717734	LTR/ERVL	2082	-	376	19717357	40751
chr19	19676606	19876606	harbor1	chr19	19677131	19677522	LTR/ERVL	1358	-	196	19677327	721
chr19	19674849	19874849	harbor1	chr19	19696483	19696721	LTR/ERVL	908	-	119	19696602	21753
chr19	19674849	19874849	harbor1	chr19	19697737	19697921	LTR/ERVL	664	-	92	19697829	22980
chr19	19674849	19874849	harbor1	chr19	19700625	19701232	LTR/ERVL	4939	-	304	19700929	26080
chr19	19674849	19874849	harbor1	chr19	19703682	19704042	LTR/ERVL	985	-	180	19703862	29013
chr19	19674849	19874849	harbor1	chr19	19704166	19704211	LTR/ERVL	776	-	22	19704188	29339
chr19	19674849	19874849	harbor1	chr19	19704526	19704585	LTR/ERVL	776	-	30	19704556	29707
chr19	19674849	19874849	harbor1	chr19	19704882	19705126	LTR/ERVL	776	-	122	19705004	30155
chr19	19674849	19874849	harbor1	chr19	19716104	19716276	LTR/ERVL	669	-	86	19716190	41341
chr19	19674849	19874849	harbor1	chr19	19716588	19716643	LTR/ERVL	669	-	28	19716616	41767
chr19	19674849	19874849	harbor1	chr19	19716981	19717734	LTR/ERVL	2082	-	376	19717357	42508
chr19	19674849	19874849	harbor1	chr19	19677131	19677522	LTR/ERVL	1358	-	196	19677327	2478
chr19	3875961	4075961	harbor1	chr19	3921483	3921619	LTR/ERVL	2264	-	68	3921551	45590
chr19	3875961	4075961	harbor1	chr19	3921924	3922230	LTR/ERVL	2264	-	153	3922077	46116
chr19	3875961	4075961	harbor1	chr19	3922585	3922705	LTR/ERVL	2264	-	60	3922645	46684
chr19	19674760	19874760	harbor1	chr19	19696483	19696721	LTR/ERVL	908	-	119	19696602	21842
chr19	19674760	19874760	harbor1	chr19	19697737	19697921	LTR/ERVL	664	-	92	19697829	23069
chr19	19674760	19874760	harbor1	chr19	19700625	19701232	LTR/ERVL	4939	-	304	19700929	26169
chr19	19674760	19874760	harbor1	chr19	19703682	19704042	LTR/ERVL	985	-	180	19703862	29102
chr19	19674760	19874760	harbor1	chr19	19704166	19704211	LTR/ERVL	776	-	22	19704188	29428
chr19	19674760	19874760	harbor1	chr19	19704526	19704585	LTR/ERVL	776	-	30	19704556	29796
chr19	19674760	19874760	harbor1	chr19	19704882	19705126	LTR/ERVL	776	-	122	19705004	30244
chr19	19674760	19874760	harbor1	chr19	19716104	19716276	LTR/ERVL	669	-	86	19716190	41430
chr19	19674760	19874760	harbor1	chr19	19716588	19716643	LTR/ERVL	669	-	28	19716616	41856
chr19	19674760	19874760	harbor1	chr19	19716981	19717734	LTR/ERVL	2082	-	376	19717357	42597
chr19	19674760	19874760	harbor1	chr19	19677131	19677522	LTR/ERVL	1358	-	196	19677327	2567
chr19	5493948	5693948	harbor1	chr19	5514506	5514588	LTR/ERVL	1170	-	41	5514547	20599
chr19	5493948	5693948	harbor1	chr19	5514885	5515206	LTR/ERVL	1170	-	160	5515045	21097
chr19	13407605	13607605	harbor1	chr19	13447470	13448029	LTR/ERVL	2146	-	280	13447750	40145
chr19	13407605	13607605	harbor1	chr19	13454124	13454300	LTR/ERVL	1167	-	88	13454212	46607
chr19	48524511	48724511	harbor1	chr19	48584317	48584591	LTR/ERVL	991	-	137	48584454	59943
chr20	2740631	2940631	harbor1	chr20	2740641	2740965	LTR/ERVL	756	-	162	2740803	172
chr20	2740631	2940631	harbor1	chr20	2762478	2762953	LTR/ERVL	1489	-	238	2762716	22085
chr20	2740631	2940631	harbor1	chr20	2769293	2769701	LTR/ERVL	1010	-	204	2769497	28866
chr20	2740631	2940631	harbor1	chr20	2775018	2775517	LTR/ERVL	1883	-	250	2775268	34637
chr20	20267099	20467099	harbor1	chr20	20310503	20310715	LTR/ERVL	594	-	106	20310609	43510
chr20	4586466	4786466	harbor1	chr20	4593599	4594029	LTR/ERVL	1615	-	215	4593814	7348
chr20	4586466	4786466	harbor1	chr20	4618336	4618523	LTR/ERVL	1028	-	94	4618430	31964
chr20	4586466	4786466	harbor1	chr20	4625864	4626619	LTR/ERVL	2884	-	378	4626242	39776
chr20	4586466	4786466	harbor1	chr20	4673541	4674014	LTR/ERVL	1628	-	236	4673777	87311
chr20	4586466	4786466	harbor1	chr20	4679156	4679504	LTR/ERVL	456	-	174	4679330	92864
chr20	2738370	2938370	harbor1	chr20	2740641	2740965	LTR/ERVL	756	-	162	2740803	2433
chr20	2738370	2938370	harbor1	chr20	2762478	2762953	LTR/ERVL	1489	-	238	2762716	24346
chr20	2738370	2938370	harbor1	chr20	2769293	2769701	LTR/ERVL	1010	-	204	2769497	31127
chr20	2738370	2938370	harbor1	chr20	2775018	2775517	LTR/ERVL	1883	-	250	2775268	36898
chr20	62118483	62318483	harbor1	chr20	62192000	62192831	LTR/ERVL	2034	-	416	62192416	73933
chr20	31622218	31822218	harbor1	chr20	31645992	31646205	LTR/ERVL	1425	-	106	31646098	23880
chr20	31622218	31822218	harbor1	chr20	31646206	31646317	LTR/ERVL	2331	-	56	31646262	24044
chr20	31622218	31822218	harbor1	chr20	31646918	31647522	LTR/ERVL	2331	-	302	31647220	25002
chr20	31622218	31822218	harbor1	chr20	31647523	31647620	LTR/ERVL	1425	-	48	31647571	25353
chr20	31622218	31822218	harbor1	chr20	31647621	31647984	LTR/ERVL	1851	-	182	31647803	25585
chr20	31622218	31822218	harbor1	chr20	31648288	31648468	LTR/ERVL	1851	-	90	31648378	26160
chr20	31622218	31822218	harbor1	chr20	31648773	31648796	LTR/ERVL	1851	-	12	31648785	26567
chr20	31622218	31822218	harbor1	chr20	31648798	31648969	LTR/ERVL	806	-	86	31648884	26666
chr20	10574027	10774027	harbor1	chr20	10657940	10658321	LTR/ERVL	1381	-	190	10658130	84103
chr20	59094495	59294495	harbor1	chr20	59170568	59171393	LTR/ERVL	1201	-	412	59170980	76485
chr20	59094495	59294495	harbor1	chr20	59171884	59173741	LTR/ERVL	3952	-	928	59172812	78317
chr20	59094495	59294495	harbor1	chr20	59173772	59174058	LTR/ERVL	1078	-	143	59173915	79420
chr20	50091428	50291428	harbor1	chr20	50128555	50128960	LTR/ERVL	1187	-	202	50128757	37329
chr20	50091428	50291428	harbor1	chr20	50172109	50172377	LTR/ERVL	627	-	134	50172243	80815
chr20	1018874	1218874	harbor1	chr20	1043269	1043615	LTR/ERVL	1046	-	173	1043442	24568
chr20	1018874	1218874	harbor1	chr20	1059254	1059444	LTR/ERVL	787	-	95	1059349	40475
chr20	1018874	1218874	harbor1	chr20	1059559	1059787	LTR/ERVL	787	-	114	1059673	40799
chr20	24506534	24706534	harbor1	chr20	24578809	24579521	LTR/ERVL	4337	-	356	24579165	72631
chr20	4586441	4786441	harbor1	chr20	4593599	4594029	LTR/ERVL	1615	-	215	4593814	7373
chr20	4586441	4786441	harbor1	chr20	4618336	4618523	LTR/ERVL	1028	-	94	4618430	31989
chr20	4586441	4786441	harbor1	chr20	4625864	4626619	LTR/ERVL	2884	-	378	4626242	39801
chr20	4586441	4786441	harbor1	chr20	4673541	4674014	LTR/ERVL	1628	-	236	4673777	87336
chr20	4586441	4786441	harbor1	chr20	4679156	4679504	LTR/ERVL	456	-	174	4679330	92889
chr20	1018826	1218826	harbor1	chr20	1043269	1043615	LTR/ERVL	1046	-	173	1043442	24616
chr20	1018826	1218826	harbor1	chr20	1059254	1059444	LTR/ERVL	787	-	95	1059349	40523
chr20	1018826	1218826	harbor1	chr20	1059559	1059787	LTR/ERVL	787	-	114	1059673	40847
chr20	63437341	63637341	harbor1	chr20	63452321	63452573	LTR/ERVL	918	-	126	63452447	15106
chr20	9473828	9673828	harbor1	chr20	9492888	9493369	LTR/ERVL	1034	-	240	9493128	19300
chr20	9473828	9673828	harbor1	chr20	9496752	9497159	LTR/ERVL	2233	-	204	9496956	23128
chr20	9473828	9673828	harbor1	chr20	9498669	9499051	LTR/ERVL	1106	-	191	9498860	25032
chr20	9473828	9673828	harbor1	chr20	9551886	9552025	LTR/ERVL	462	-	70	9551956	78128
chr20	50269776	50469776	harbor1	chr20	50317621	50318058	LTR/ERVL	1121	-	218	50317839	48063
chr20	50269776	50469776	harbor1	chr20	50326475	50326763	LTR/ERVL	1571	-	144	50326619	56843
chr20	50269776	50469776	harbor1	chr20	50327393	50327488	LTR/ERVL	1571	-	48	50327441	57665
chr20	50269776	50469776	harbor1	chr20	50332261	50332594	LTR/ERVL	1170	-	166	50332427	62651
chr20	3104416	3304416	harbor1	chr20	3178072	3178534	LTR/ERVL	2337	-	231	3178303	73887
chr20	63953462	64153462	harbor1	chr20	64006954	64007224	LTR/ERVL	489	-	135	64007089	53627
chr20	40589446	40789446	harbor1	chr20	40653548	40653986	LTR/ERVL	1369	-	219	40653767	64321
chr20	63437464	63637464	harbor1	chr20	63452321	63452573	LTR/ERVL	918	-	126	63452447	14983
chr20	1018844	1218844	harbor1	chr20	1043269	1043615	LTR/ERVL	1046	-	173	1043442	24598
chr20	1018844	1218844	harbor1	chr20	1059254	1059444	LTR/ERVL	787	-	95	1059349	40505
chr20	1018844	1218844	harbor1	chr20	1059559	1059787	LTR/ERVL	787	-	114	1059673	40829
chr20	9473814	9673814	harbor1	chr20	9492888	9493369	LTR/ERVL	1034	-	240	9493128	19314
chr20	9473814	9673814	harbor1	chr20	9496752	9497159	LTR/ERVL	2233	-	204	9496956	23142
chr20	9473814	9673814	harbor1	chr20	9498669	9499051	LTR/ERVL	1106	-	191	9498860	25046
chr20	9473814	9673814	harbor1	chr20	9551886	9552025	LTR/ERVL	462	-	70	9551956	78142
chr20	2740701	2940701	harbor1	chr20	2740641	2740965	LTR/ERVL	756	-	162	2740803	102
chr20	2740701	2940701	harbor1	chr20	2762478	2762953	LTR/ERVL	1489	-	238	2762716	22015
chr20	2740701	2940701	harbor1	chr20	2769293	2769701	LTR/ERVL	1010	-	204	2769497	28796
chr20	2740701	2940701	harbor1	chr20	2775018	2775517	LTR/ERVL	1883	-	250	2775268	34567
chr20	21818076	22018076	harbor1	chr20	21834630	21835074	LTR/ERVL	1178	-	222	21834852	16776
chr20	21818076	22018076	harbor1	chr20	21871752	21872271	LTR/ERVL	1905	-	260	21872012	53936
chr20	21818076	22018076	harbor1	chr20	21885458	21885786	LTR/ERVL	763	-	164	21885622	67546
chr20	63935698	64135698	harbor1	chr20	64006954	64007224	LTR/ERVL	489	-	135	64007089	71391
chr20	2740649	2940649	harbor1	chr20	2740641	2740965	LTR/ERVL	756	-	162	2740803	154
chr20	2740649	2940649	harbor1	chr20	2762478	2762953	LTR/ERVL	1489	-	238	2762716	22067
chr20	2740649	2940649	harbor1	chr20	2769293	2769701	LTR/ERVL	1010	-	204	2769497	28848
chr20	2740649	2940649	harbor1	chr20	2775018	2775517	LTR/ERVL	1883	-	250	2775268	34619
chr20	2740637	2940637	harbor1	chr20	2740641	2740965	LTR/ERVL	756	-	162	2740803	166
chr20	2740637	2940637	harbor1	chr20	2762478	2762953	LTR/ERVL	1489	-	238	2762716	22079
chr20	2740637	2940637	harbor1	chr20	2769293	2769701	LTR/ERVL	1010	-	204	2769497	28860
chr20	2740637	2940637	harbor1	chr20	2775018	2775517	LTR/ERVL	1883	-	250	2775268	34631
chr20	11791069	11991069	harbor1	chr20	11791392	11791646	LTR/ERVL	555	-	127	11791519	450
chr20	11791069	11991069	harbor1	chr20	11809990	11810193	LTR/ERVL	676	-	102	11810092	19023
chr20	11791069	11991069	harbor1	chr20	11817055	11817463	LTR/ERVL	846	-	204	11817259	26190
chr20	11791069	11991069	harbor1	chr20	11828382	11828536	LTR/ERVL	529	-	77	11828459	37390
chr20	11791069	11991069	harbor1	chr20	11863233	11864067	LTR/ERVL	2857	-	417	11863650	72581
chr20	11791069	11991069	harbor1	chr20	11865520	11866014	LTR/ERVL	1764	-	247	11865767	74698
chr20	11791069	11991069	harbor1	chr20	11889180	11889522	LTR/ERVL	1621	-	171	11889351	98282
chr20	21614820	21814820	harbor1	chr20	21622876	21623497	LTR/ERVL	897	-	310	21623186	8366
chr20	21614820	21814820	harbor1	chr20	21668783	21669183	LTR/ERVL	852	-	200	21668983	54163
chr20	21614820	21814820	harbor1	chr20	21694506	21694838	LTR/ERVL	674	-	166	21694672	79852
chr20	4586511	4786511	harbor1	chr20	4593599	4594029	LTR/ERVL	1615	-	215	4593814	7303
chr20	4586511	4786511	harbor1	chr20	4618336	4618523	LTR/ERVL	1028	-	94	4618430	31919
chr20	4586511	4786511	harbor1	chr20	4625864	4626619	LTR/ERVL	2884	-	378	4626242	39731
chr20	4586511	4786511	harbor1	chr20	4673541	4674014	LTR/ERVL	1628	-	236	4673777	87266
chr20	4586511	4786511	harbor1	chr20	4679156	4679504	LTR/ERVL	456	-	174	4679330	92819
chr20	50269786	50469786	harbor1	chr20	50317621	50318058	LTR/ERVL	1121	-	218	50317839	48053
chr20	50269786	50469786	harbor1	chr20	50326475	50326763	LTR/ERVL	1571	-	144	50326619	56833
chr20	50269786	50469786	harbor1	chr20	50327393	50327488	LTR/ERVL	1571	-	48	50327441	57655
chr20	50269786	50469786	harbor1	chr20	50332261	50332594	LTR/ERVL	1170	-	166	50332427	62641
chr21	14337898	14537898	harbor1	chr21	14348256	14348662	LTR/ERVL	1302	-	203	14348459	10561
chr21	14337898	14537898	harbor1	chr21	14397816	14398188	LTR/ERVL	955	-	186	14398002	60104
chr21	29198992	29398992	harbor1	chr21	29286428	29286870	LTR/ERVL	1017	-	221	29286649	87657
chr21	29198992	29398992	harbor1	chr21	29291442	29291696	LTR/ERVL	444	-	127	29291569	92577
chr21	44718448	44918448	harbor1	chr21	44732633	44733377	LTR/ERVL	1876	-	372	44733005	14557
chr21	44718448	44918448	harbor1	chr21	44733517	44733723	LTR/ERVL	640	-	103	44733620	15172
chr21	46282980	46482980	harbor1	chr21	46339380	46339818	LTR/ERVL	3053	-	219	46339599	56619
chr21	43620271	43820271	harbor1	chr21	43710740	43710821	LTR/ERVL	473	-	40	43710780	90509
chr21	43620271	43820271	harbor1	chr21	43710827	43710969	LTR/ERVL	794	-	71	43710898	90627
chr21	41040224	41240224	harbor1	chr21	41108847	41109045	LTR/ERVL	507	-	99	41108946	68722
chr21	41040224	41240224	harbor1	chr21	41132470	41132739	LTR/ERVL	572	-	134	41132604	92380
chr21	29198971	29398971	harbor1	chr21	29286428	29286870	LTR/ERVL	1017	-	221	29286649	87678
chr21	29198971	29398971	harbor1	chr21	29291442	29291696	LTR/ERVL	444	-	127	29291569	92598
chr21	29198960	29398960	harbor1	chr21	29286428	29286870	LTR/ERVL	1017	-	221	29286649	87689
chr21	29198960	29398960	harbor1	chr21	29291442	29291696	LTR/ERVL	444	-	127	29291569	92609
chr21	14337849	14537849	harbor1	chr21	14348256	14348662	LTR/ERVL	1302	-	203	14348459	10610
chr21	14337849	14537849	harbor1	chr21	14397816	14398188	LTR/ERVL	955	-	186	14398002	60153
chr21	44410644	44610644	harbor1	chr21	44478872	44479096	LTR/ERVL	824	-	112	44478984	68340
chr21	44410644	44610644	harbor1	chr21	44480119	44480227	LTR/ERVL	824	-	54	44480173	69529
chr21	42595318	42795318	harbor1	chr21	42596367	42597211	LTR/ERVL	3757	-	422	42596789	1471
chr21	42595318	42795318	harbor1	chr21	42598941	42599156	LTR/ERVL	514	-	108	42599049	3731
chr21	42595318	42795318	harbor1	chr21	42599726	42600906	LTR/ERVL	2443	-	590	42600316	4998
chr21	42595318	42795318	harbor1	chr21	42603867	42603999	LTR/ERVL	493	-	66	42603933	8615
chr21	42595318	42795318	harbor1	chr21	42607450	42607803	LTR/ERVL	1709	-	176	42607626	12308
chr21	42595318	42795318	harbor1	chr21	42631173	42631534	LTR/ERVL	842	-	180	42631353	36035
chr21	42595318	42795318	harbor1	chr21	42633667	42634107	LTR/ERVL	840	-	220	42633887	38569
chr21	29198958	29398958	harbor1	chr21	29286428	29286870	LTR/ERVL	1017	-	221	29286649	87691
chr21	29198958	29398958	harbor1	chr21	29291442	29291696	LTR/ERVL	444	-	127	29291569	92611
chr21	46358914	46558914	harbor1	chr21	46447214	46447803	LTR/ERVL	1414	-	294	46447508	88594
chr21	46358914	46558914	harbor1	chr21	46448219	46448532	LTR/ERVL	936	-	156	46448375	89461
chr21	46358914	46558914	harbor1	chr21	46449803	46450051	LTR/ERVL	941	-	124	46449927	91013
chr21	46358914	46558914	harbor1	chr21	46451755	46453743	LTR/ERVL	6906	-	994	46452749	93835
chr21	46358914	46558914	harbor1	chr21	46454036	46454775	LTR/ERVL	6906	-	370	46454406	95492
chr21	46358914	46558914	harbor1	chr21	46454941	46455512	LTR/ERVL	6906	-	286	46455227	96313
chr21	46358914	46558914	harbor1	chr21	46456087	46456265	LTR/ERVL	567	-	89	46456176	97262
chr21	46358914	46558914	harbor1	chr21	46456724	46456792	LTR/ERVL	567	-	34	46456758	97844
chr21	46358914	46558914	harbor1	chr21	46457931	46458103	LTR/ERVL	574	-	86	46458017	99103
chr21	46081078	46281078	harbor1	chr21	46094126	46094981	LTR/ERVL	2928	-	428	46094554	13476
chr21	46081078	46281078	harbor1	chr21	46095034	46095517	LTR/ERVL	1494	-	242	46095276	14198
chr21	46081078	46281078	harbor1	chr21	46095504	46096233	LTR/ERVL	998	-	364	46095868	14790
chr21	46081078	46281078	harbor1	chr21	46096533	46096937	LTR/ERVL	639	-	202	46096735	15657
chr21	46089884	46289884	harbor1	chr21	46094126	46094981	LTR/ERVL	2928	-	428	46094554	4670
chr21	46089884	46289884	harbor1	chr21	46095034	46095517	LTR/ERVL	1494	-	242	46095276	5392
chr21	46089884	46289884	harbor1	chr21	46095504	46096233	LTR/ERVL	998	-	364	46095868	5984
chr21	46089884	46289884	harbor1	chr21	46096533	46096937	LTR/ERVL	639	-	202	46096735	6851
chr21	44410702	44610702	harbor1	chr21	44478872	44479096	LTR/ERVL	824	-	112	44478984	68282
chr21	44410702	44610702	harbor1	chr21	44480119	44480227	LTR/ERVL	824	-	54	44480173	69471
chr21	45121058	45321058	harbor1	chr21	45145194	45145482	LTR/ERVL	879	-	144	45145338	24280
chr21	45121058	45321058	harbor1	chr21	45145536	45145682	LTR/ERVL	511	-	73	45145609	24551
chr21	45121058	45321058	harbor1	chr21	45150605	45151275	LTR/ERVL	3106	-	335	45150940	29882
chr21	44409441	44609441	harbor1	chr21	44478872	44479096	LTR/ERVL	824	-	112	44478984	69543
chr21	44409441	44609441	harbor1	chr21	44480119	44480227	LTR/ERVL	824	-	54	44480173	70732
chr21	41209974	41409974	harbor1	chr21	41212490	41212738	LTR/ERVL	510	-	124	41212614	2640
chr21	41209974	41409974	harbor1	chr21	41219762	41220574	LTR/ERVL	4404	-	406	41220168	10194
chr21	42275771	42475771	harbor1	chr21	42358132	42358319	LTR/ERVL	533	-	94	42358226	82455
chr21	42275771	42475771	harbor1	chr21	42358356	42358807	LTR/ERVL	683	-	226	42358582	82811
chr21	42330687	42530687	harbor1	chr21	42358132	42358319	LTR/ERVL	533	-	94	42358226	27539
chr21	42330687	42530687	harbor1	chr21	42358356	42358807	LTR/ERVL	683	-	226	42358582	27895
chr21	42330687	42530687	harbor1	chr21	42420946	42421084	LTR/ERVL	609	-	69	42421015	90328
chr21	42330687	42530687	harbor1	chr21	42425969	42426213	LTR/ERVL	1210	-	122	42426091	95404
chr21	42330687	42530687	harbor1	chr21	42426337	42426487	LTR/ERVL	781	-	75	42426412	95725
chr21	42330687	42530687	harbor1	chr21	42428588	42428691	LTR/ERVL	533	-	52	42428640	97953
chr21	39008427	39208427	harbor1	chr21	39011426	39011956	LTR/ERVL	2489	-	265	39011691	3264
chr21	39008427	39208427	harbor1	chr21	39052693	39053068	LTR/ERVL	1741	-	188	39052881	44454
chr21	39008529	39208529	harbor1	chr21	39011426	39011956	LTR/ERVL	2489	-	265	39011691	3162
chr21	39008529	39208529	harbor1	chr21	39052693	39053068	LTR/ERVL	1741	-	188	39052881	44352
chr21	41615341	41815341	harbor1	chr21	41638799	41638904	LTR/ERVL	763	-	52	41638851	23510
chr21	41615341	41815341	harbor1	chr21	41639071	41639418	LTR/ERVL	1290	-	174	41639245	23904
chr21	41615341	41815341	harbor1	chr21	41653581	41654524	LTR/ERVL	1798	-	472	41654053	38712
chr21	41615341	41815341	harbor1	chr21	41655997	41656462	LTR/ERVL	758	-	232	41656229	40888
chr21	41615341	41815341	harbor1	chr21	41656623	41657008	LTR/ERVL	953	-	192	41656815	41474
chr21	41615341	41815341	harbor1	chr21	41657014	41657285	LTR/ERVL	589	-	136	41657150	41809
chr21	41615341	41815341	harbor1	chr21	41700067	41700350	LTR/ERVL	1816	-	142	41700209	84868
chr21	41615341	41815341	harbor1	chr21	41700705	41700919	LTR/ERVL	1816	-	107	41700812	85471
chr21	44624134	44824134	harbor1	chr21	44689676	44689712	LTR/ERVL	2843	-	18	44689694	65560
chr21	44624134	44824134	harbor1	chr21	44689741	44690125	LTR/ERVL	2843	-	192	44689933	65799
chr21	29198951	29398951	harbor1	chr21	29286428	29286870	LTR/ERVL	1017	-	221	29286649	87698
chr21	29198951	29398951	harbor1	chr21	29291442	29291696	LTR/ERVL	444	-	127	29291569	92618
chr21	39008418	39208418	harbor1	chr21	39011426	39011956	LTR/ERVL	2489	-	265	39011691	3273
chr21	39008418	39208418	harbor1	chr21	39052693	39053068	LTR/ERVL	1741	-	188	39052881	44463
chr21	8119783	8319783	harbor1	chr21	8135769	8135931	LTR/ERVL	511	-	81	8135850	16067
chr21	8119783	8319783	harbor1	chr21	8136973	8137287	LTR/ERVL	512	-	157	8137130	17347
chr21	8119783	8319783	harbor1	chr21	8191768	8192514	LTR/ERVL	3120	-	373	8192141	72358
chr22	44201157	44401157	harbor1	chr22	44270414	44270650	LTR/ERVL	573	-	118	44270532	69375
chr22	24069970	24269970	harbor1	chr22	24138435	24139079	LTR/ERVL	1647	-	322	24138757	68787
chr22	24070005	24270005	harbor1	chr22	24138435	24139079	LTR/ERVL	1647	-	322	24138757	68752
chr22	24068261	24268261	harbor1	chr22	24138435	24139079	LTR/ERVL	1647	-	322	24138757	70496
chr22	23976652	24176652	harbor1	chr22	23984254	23984457	LTR/ERVL	507	-	102	23984356	7704
chr22	23976652	24176652	harbor1	chr22	24037628	24038272	LTR/ERVL	2977	-	322	24037950	61298
chr22	23976652	24176652	harbor1	chr22	24046620	24047167	LTR/ERVL	3256	-	274	24046894	70242
chr22	23794301	23994301	harbor1	chr22	23866926	23867109	LTR/ERVL	477	-	92	23867018	72717
chr22	23794301	23994301	harbor1	chr22	23871875	23872038	LTR/ERVL	483	-	82	23871957	77656
chr22	23794301	23994301	harbor1	chr22	23872592	23873025	LTR/ERVL	1096	-	216	23872808	78507
chr22	36407036	36607036	harbor1	chr22	36433672	36433877	LTR/ERVL	466	-	102	36433774	26738
chr22	36186433	36386433	harbor1	chr22	36189042	36189428	LTR/ERVL	2205	-	193	36189235	2802
chr22	36186433	36386433	harbor1	chr22	36226128	36226521	LTR/ERVL	2345	-	196	36226324	39891
chr22	36186433	36386433	harbor1	chr22	36246275	36246559	LTR/ERVL	1242	-	142	36246417	59984
chr22	36186433	36386433	harbor1	chr22	36247022	36247335	LTR/ERVL	595	-	156	36247178	60745
chr22	36186433	36386433	harbor1	chr22	36263396	36263682	LTR/ERVL	1162	-	143	36263539	77106
chr22	36186433	36386433	harbor1	chr22	36264148	36264453	LTR/ERVL	578	-	152	36264300	77867
chr22	36186433	36386433	harbor1	chr22	36268850	36269076	LTR/ERVL	453	-	113	36268963	82530
chr22	24068219	24268219	harbor1	chr22	24138435	24139079	LTR/ERVL	1647	-	322	24138757	70538
chr22	36194376	36394376	harbor1	chr22	36226128	36226521	LTR/ERVL	2345	-	196	36226324	31948
chr22	36194376	36394376	harbor1	chr22	36246275	36246559	LTR/ERVL	1242	-	142	36246417	52041
chr22	36194376	36394376	harbor1	chr22	36247022	36247335	LTR/ERVL	595	-	156	36247178	52802
chr22	36194376	36394376	harbor1	chr22	36263396	36263682	LTR/ERVL	1162	-	143	36263539	69163
chr22	36194376	36394376	harbor1	chr22	36264148	36264453	LTR/ERVL	578	-	152	36264300	69924
chr22	36194376	36394376	harbor1	chr22	36268850	36269076	LTR/ERVL	453	-	113	36268963	74587
chr22	36918544	37118544	harbor1	chr22	36967018	36967250	LTR/ERVL	669	-	116	36967134	48590
chr22	36918544	37118544	harbor1	chr22	36971692	36972484	LTR/ERVL	1364	-	396	36972088	53544
chr22	36918544	37118544	harbor1	chr22	36972721	36973150	LTR/ERVL	1364	-	214	36972935	54391
chr22	36918544	37118544	harbor1	chr22	36973317	36973512	LTR/ERVL	397	-	98	36973415	54871
chr22	50098549	50298549	harbor1	chr22	50121173	50121743	LTR/ERVL	1984	-	285	50121458	22909
chr22	50098549	50298549	harbor1	chr22	50181164	50181181	LTR/ERVL	1115	-	8	50181172	82623
chr22	50098549	50298549	harbor1	chr22	50181336	50181766	LTR/ERVL	1115	-	215	50181551	83002
chr22	24069881	24269881	harbor1	chr22	24138435	24139079	LTR/ERVL	1647	-	322	24138757	68876
chr22	45868002	46068002	harbor1	chr22	45897922	45898190	LTR/ERVL	730	-	134	45898056	30054
chr22	36186444	36386444	harbor1	chr22	36189042	36189428	LTR/ERVL	2205	-	193	36189235	2791
chr22	36186444	36386444	harbor1	chr22	36226128	36226521	LTR/ERVL	2345	-	196	36226324	39880
chr22	36186444	36386444	harbor1	chr22	36246275	36246559	LTR/ERVL	1242	-	142	36246417	59973
chr22	36186444	36386444	harbor1	chr22	36247022	36247335	LTR/ERVL	595	-	156	36247178	60734
chr22	36186444	36386444	harbor1	chr22	36263396	36263682	LTR/ERVL	1162	-	143	36263539	77095
chr22	36186444	36386444	harbor1	chr22	36264148	36264453	LTR/ERVL	578	-	152	36264300	77856
chr22	36186444	36386444	harbor1	chr22	36268850	36269076	LTR/ERVL	453	-	113	36268963	82519
chr22	36406317	36606317	harbor1	chr22	36433672	36433877	LTR/ERVL	466	-	102	36433774	27457
chr22	23889707	24089707	harbor1	chr22	23984254	23984457	LTR/ERVL	507	-	102	23984356	94649
chr22	50061640	50261640	harbor1	chr22	50121173	50121743	LTR/ERVL	1984	-	285	50121458	59818
chr22	46291620	46491620	harbor1	chr22	46341935	46342472	LTR/ERVL	2605	-	268	46342203	50583
chr22	24069546	24269546	harbor1	chr22	24138435	24139079	LTR/ERVL	1647	-	322	24138757	69211
chr22	24070056	24270056	harbor1	chr22	24138435	24139079	LTR/ERVL	1647	-	322	24138757	68701
chr22	24070003	24270003	harbor1	chr22	24138435	24139079	LTR/ERVL	1647	-	322	24138757	68754
chr22	22547227	22747227	harbor1	chr22	22591862	22592066	LTR/ERVL	417	-	102	22591964	44737
chr22	22547227	22747227	harbor1	chr22	22607172	22607203	LTR/ERVL	1198	-	16	22607188	59961
chr22	22547227	22747227	harbor1	chr22	22607248	22607635	LTR/ERVL	1198	-	194	22607442	60215
chr22	22547227	22747227	harbor1	chr22	22613320	22613769	LTR/ERVL	1194	-	224	22613544	66317
chr22	22547227	22747227	harbor1	chr22	22620108	22620375	LTR/ERVL	743	-	134	22620242	73015
chr22	49851551	50051551	harbor1	chr22	49930842	49931023	LTR/ERVL	549	-	90	49930932	79381
chr22	49851551	50051551	harbor1	chr22	49931029	49931425	LTR/ERVL	1329	-	198	49931227	79676
chr22	49851551	50051551	harbor1	chr22	49931720	49932288	LTR/ERVL	1329	-	284	49932004	80453
chr22	49851551	50051551	harbor1	chr22	49933205	49933439	LTR/ERVL	1329	-	117	49933322	81771
chr22	24007472	24207472	harbor1	chr22	24037628	24038272	LTR/ERVL	2977	-	322	24037950	30478
chr22	24007472	24207472	harbor1	chr22	24046620	24047167	LTR/ERVL	3256	-	274	24046894	39422
chr22	37218535	37418535	harbor1	chr22	37233613	37233913	LTR/ERVL	730	-	150	37233763	15228
chr22	37218535	37418535	harbor1	chr22	37263909	37264479	LTR/ERVL	1585	-	285	37264194	45659
chr22	37218535	37418535	harbor1	chr22	37279776	37280054	LTR/ERVL	1237	-	139	37279915	61380
chr22	37218535	37418535	harbor1	chr22	37280058	37280213	LTR/ERVL	885	-	78	37280136	61601
chr22	37218535	37418535	harbor1	chr22	37287909	37287996	LTR/ERVL	1427	-	44	37287953	69418
chr22	37218535	37418535	harbor1	chr22	37288602	37289173	LTR/ERVL	1427	-	286	37288888	70353
chr22	37218535	37418535	harbor1	chr22	37289173	37289846	LTR/ERVL	1458	-	336	37289509	70974
chr22	37218535	37418535	harbor1	chr22	37290821	37290999	LTR/ERVL	538	-	89	37290910	72375
chr22	37218535	37418535	harbor1	chr22	37289873	37290494	LTR/ERVL	1178	-	310	37290183	71648
chr22	24070059	24270059	harbor1	chr22	24138435	24139079	LTR/ERVL	1647	-	322	24138757	68698
chr22	23971820	24171820	harbor1	chr22	23984254	23984457	LTR/ERVL	507	-	102	23984356	12536
chr22	23971820	24171820	harbor1	chr22	24037628	24038272	LTR/ERVL	2977	-	322	24037950	66130
chr22	23971820	24171820	harbor1	chr22	24046620	24047167	LTR/ERVL	3256	-	274	24046894	75074
chr22	23214520	23414520	harbor1	chr22	23252764	23253543	LTR/ERVL	3000	-	390	23253154	38634
chr22	23214520	23414520	harbor1	chr22	23285379	23285995	LTR/ERVL	2100	-	308	23285687	71167
chr22	44788190	44988190	harbor1	chr22	44815025	44815607	LTR/ERVL	2713	-	291	44815316	27126
chr22	44788190	44988190	harbor1	chr22	44876871	44877219	LTR/ERVL	1306	-	174	44877045	88855
chr22	24069901	24269901	harbor1	chr22	24138435	24139079	LTR/ERVL	1647	-	322	24138757	68856
chr22	23841607	24041607	harbor1	chr22	23866926	23867109	LTR/ERVL	477	-	92	23867018	25411
chr22	23841607	24041607	harbor1	chr22	23871875	23872038	LTR/ERVL	483	-	82	23871957	30350
chr22	23841607	24041607	harbor1	chr22	23872592	23873025	LTR/ERVL	1096	-	216	23872808	31201
chr22	18822251	19022251	harbor1	chr22	18902124	18902605	LTR/ERVL	1414	-	240	18902364	80113
chr22	24852758	25052758	harbor1	chr22	24865630	24866078	LTR/ERVL	1838	-	224	24865854	13096
chr22	24069471	24269471	harbor1	chr22	24138435	24139079	LTR/ERVL	1647	-	322	24138757	69286
chr22	42519774	42719774	harbor1	chr22	42520724	42521006	LTR/ERVL	454	-	141	42520865	1091
chr22	42519774	42719774	harbor1	chr22	42528075	42528271	LTR/ERVL	1032	-	98	42528173	8399
chr22	42519774	42719774	harbor1	chr22	42543013	42543049	LTR/ERVL	1229	-	18	42543031	23257
chr22	42519774	42719774	harbor1	chr22	42543091	42543289	LTR/ERVL	1229	-	99	42543190	23416
chr22	42519774	42719774	harbor1	chr22	42543601	42543714	LTR/ERVL	1229	-	56	42543657	23883
chr22	42519774	42719774	harbor1	chr22	42550754	42551343	LTR/ERVL	1583	-	294	42551048	31274
chr22	42519774	42719774	harbor1	chr22	42551467	42551534	LTR/ERVL	739	-	34	42551501	31727
chr22	42519774	42719774	harbor1	chr22	42552522	42552604	LTR/ERVL	739	-	41	42552563	32789
chr22	24070004	24270004	harbor1	chr22	24138435	24139079	LTR/ERVL	1647	-	322	24138757	68753
chr22	24069955	24269955	harbor1	chr22	24138435	24139079	LTR/ERVL	1647	-	322	24138757	68802
chr22	46266866	46466866	harbor1	chr22	46276099	46276402	LTR/ERVL	1339	-	152	46276251	9385
chr22	46266866	46466866	harbor1	chr22	46276851	46276950	LTR/ERVL	532	-	50	46276901	10035
chr22	46266866	46466866	harbor1	chr22	46341935	46342472	LTR/ERVL	2605	-	268	46342203	75337
chr22	41809802	42009802	harbor1	chr22	41811222	41811427	LTR/ERVL	2147	-	102	41811324	1522
chr22	41809802	42009802	harbor1	chr22	41814715	41815145	LTR/ERVL	1385	-	215	41814930	5128
chr22	41809802	42009802	harbor1	chr22	41815511	41815652	LTR/ERVL	1925	-	70	41815581	5779
chr22	41809802	42009802	harbor1	chr22	41815950	41816205	LTR/ERVL	1925	-	128	41816078	6276
chr22	41809802	42009802	harbor1	chr22	41816235	41816674	LTR/ERVL	3075	-	220	41816455	6653
chr22	41809802	42009802	harbor1	chr22	41816938	41817204	LTR/ERVL	3075	-	133	41817071	7269
chr22	41809802	42009802	harbor1	chr22	41817186	41817452	LTR/ERVL	2080	-	133	41817319	7517
chr22	41809802	42009802	harbor1	chr22	41817771	41817993	LTR/ERVL	2080	-	111	41817882	8080
chr22	41809802	42009802	harbor1	chr22	41817994	41818543	LTR/ERVL	3202	-	274	41818268	8466
chr22	41809802	42009802	harbor1	chr22	41818544	41818716	LTR/ERVL	2080	-	86	41818630	8828
chr22	41809802	42009802	harbor1	chr22	41818717	41818857	LTR/ERVL	531	-	70	41818787	8985
chr22	41809802	42009802	harbor1	chr22	41822239	41822314	LTR/ERVL	412	-	38	41822277	12475
chr22	41809802	42009802	harbor1	chr22	41811731	41811973	LTR/ERVL	2147	-	121	41811852	2050
chr22	39945026	40145026	harbor1	chr22	40015032	40015451	LTR/ERVL	1788	-	210	40015242	70216
chr22	50151379	50351379	harbor1	chr22	50181164	50181181	LTR/ERVL	1115	-	8	50181172	29793
chr22	50151379	50351379	harbor1	chr22	50181336	50181766	LTR/ERVL	1115	-	215	50181551	30172
chr22	18756011	18956011	harbor1	chr22	18765696	18766147	LTR/ERVL	2875	-	226	18765922	9911
chr22	38674448	38874448	harbor1	chr22	38704007	38704269	LTR/ERVL	957	-	131	38704138	29690
chr22	38674424	38874424	harbor1	chr22	38704007	38704269	LTR/ERVL	957	-	131	38704138	29714
chr22	50170730	50370730	harbor1	chr22	50181164	50181181	LTR/ERVL	1115	-	8	50181172	10442
chr22	50170730	50370730	harbor1	chr22	50181336	50181766	LTR/ERVL	1115	-	215	50181551	10821
chr22	24852840	25052840	harbor1	chr22	24865630	24866078	LTR/ERVL	1838	-	224	24865854	13014
chr22	20395167	20595167	harbor1	chr22	20490438	20490578	LTR/ERVL	883	-	70	20490508	95341
chr22	20395167	20595167	harbor1	chr22	20490915	20491553	LTR/ERVL	3618	-	319	20491234	96067
chrX	135350040	135550040	harbor1	chrX	135386527	135386623	LTR/ERVL	554	-	48	135386575	36535
chrX	135350040	135550040	harbor1	chrX	135388809	135389113	LTR/ERVL	1665	-	152	135388961	38921
chrX	135350040	135550040	harbor1	chrX	135401773	135402553	LTR/ERVL	1261	-	390	135402163	52123
chrX	135350040	135550040	harbor1	chrX	135429299	135429903	LTR/ERVL	1852	-	302	135429601	79561
chrX	135350040	135550040	harbor1	chrX	135444619	135445071	LTR/ERVL	684	-	226	135444845	94805
chrX	24365240	24565240	harbor1	chrX	24391097	24391228	LTR/ERVL	635	-	66	24391163	25923
chrX	24365240	24565240	harbor1	chrX	24392240	24392389	LTR/ERVL	868	-	74	24392314	27074
chrX	24365240	24565240	harbor1	chrX	24392702	24392829	LTR/ERVL	868	-	64	24392766	27526
chrX	153409879	153609879	harbor1	chrX	153414857	153415309	LTR/ERVL	1640	-	226	153415083	5204
chrX	72043785	72243785	harbor1	chrX	72084360	72084723	LTR/ERVL	1370	-	182	72084542	40757
chrX	72043785	72243785	harbor1	chrX	72104896	72105288	LTR/ERVL	844	-	196	72105092	61307
chrX	72043785	72243785	harbor1	chrX	72113384	72113623	LTR/ERVL	1443	-	120	72113504	69719
chrX	72043785	72243785	harbor1	chrX	72114442	72114661	LTR/ERVL	864	-	110	72114552	70767
chrX	72206994	72406994	harbor1	chrX	72256236	72256657	LTR/ERVL	1326	-	210	72256446	49452
chrX	152928214	153128214	harbor1	chrX	152937155	152937792	LTR/ERVL	3665	-	318	152937473	9259
chrX	72206945	72406945	harbor1	chrX	72256236	72256657	LTR/ERVL	1326	-	210	72256446	49501
chrX	17671917	17871917	harbor1	chrX	17709498	17710206	LTR/ERVL	1439	-	354	17709852	37935
chrX	39992279	40192279	harbor1	chrX	40041812	40042019	LTR/ERVL	856	-	104	40041916	49637
chrX	153409904	153609904	harbor1	chrX	153414857	153415309	LTR/ERVL	1640	-	226	153415083	5179
