H_chr	H_start	H_end	Harbor	TE_chr	TE_start	TE_end	TE	score	TE_strand	TE_half	TE_middle_pos	TE_dis
chr1	16544779	16744779	harbor2	chr1	16549687	16549813	LTR/ERVL-MaLR	601	+	63	16549750	4971
chr1	16544779	16744779	harbor2	chr1	16601299	16601923	LTR/ERVL-MaLR	1935	+	312	16601611	56832
chr1	16544779	16744779	harbor2	chr1	16605694	16605874	LTR/ERVL-MaLR	544	+	90	16605784	61005
chr1	16544783	16744783	harbor2	chr1	16549687	16549813	LTR/ERVL-MaLR	601	+	63	16549750	4967
chr1	16544783	16744783	harbor2	chr1	16601299	16601923	LTR/ERVL-MaLR	1935	+	312	16601611	56828
chr1	16544783	16744783	harbor2	chr1	16605694	16605874	LTR/ERVL-MaLR	544	+	90	16605784	61001
chr1	16544748	16744748	harbor2	chr1	16549687	16549813	LTR/ERVL-MaLR	601	+	63	16549750	5002
chr1	16544748	16744748	harbor2	chr1	16601299	16601923	LTR/ERVL-MaLR	1935	+	312	16601611	56863
chr1	16544748	16744748	harbor2	chr1	16605694	16605874	LTR/ERVL-MaLR	544	+	90	16605784	61036
chr1	227643530	227843530	harbor2	chr1	227657019	227657424	LTR/ERVL-MaLR	1487	+	202	227657221	13691
chr1	227643530	227843530	harbor2	chr1	227662877	227663251	LTR/ERVL-MaLR	1577	+	187	227663064	19534
chr1	227643530	227843530	harbor2	chr1	227675052	227675424	LTR/ERVL-MaLR	1576	+	186	227675238	31708
chr1	178442681	178642681	harbor2	chr1	178509344	178509524	LTR/ERVL-MaLR	631	+	90	178509434	66753
chr1	178442681	178642681	harbor2	chr1	178524231	178524771	LTR/ERVL-MaLR	2618	+	270	178524501	81820
chr1	178442681	178642681	harbor2	chr1	178528918	178529385	LTR/ERVL-MaLR	585	+	234	178529152	86471
chr1	16591604	16791604	harbor2	chr1	16601299	16601923	LTR/ERVL-MaLR	1935	+	312	16601611	10007
chr1	16591604	16791604	harbor2	chr1	16605694	16605874	LTR/ERVL-MaLR	544	+	90	16605784	14180
chr1	211034356	211234356	harbor2	chr1	211037763	211037958	LTR/ERVL-MaLR	2260	+	98	211037861	3505
chr1	211034356	211234356	harbor2	chr1	211038261	211038409	LTR/ERVL-MaLR	2260	+	74	211038335	3979
chr1	211034356	211234356	harbor2	chr1	211038410	211039907	LTR/ERVL-MaLR	11957	+	748	211039158	4802
chr1	211034356	211234356	harbor2	chr1	211040208	211040285	LTR/ERVL-MaLR	11957	+	38	211040246	5890
chr1	211034356	211234356	harbor2	chr1	211040286	211040631	LTR/ERVL-MaLR	2413	+	172	211040458	6102
chr1	211034356	211234356	harbor2	chr1	211117273	211117597	LTR/ERVL-MaLR	476	+	162	211117435	83079
chr1	6348816	6548816	harbor2	chr1	6355989	6356211	LTR/ERVL-MaLR	638	+	111	6356100	7284
chr1	6348816	6548816	harbor2	chr1	6369959	6370366	LTR/ERVL-MaLR	2322	+	204	6370163	21347
chr1	33322912	33522912	harbor2	chr1	33325217	33325564	LTR/ERVL-MaLR	852	+	174	33325391	2479
chr1	33322912	33522912	harbor2	chr1	33325660	33325783	LTR/ERVL-MaLR	493	+	62	33325722	2810
chr1	33322912	33522912	harbor2	chr1	33325784	33326671	LTR/ERVL-MaLR	5090	+	444	33326228	3316
chr1	33322912	33522912	harbor2	chr1	33326968	33327462	LTR/ERVL-MaLR	5090	+	247	33327215	4303
chr1	33322912	33522912	harbor2	chr1	33327475	33327957	LTR/ERVL-MaLR	1697	+	241	33327716	4804
chr1	33322912	33522912	harbor2	chr1	33383731	33384034	LTR/ERVL-MaLR	1224	+	152	33383883	60971
chr1	727505	927505	harbor2	chr1	769363	769790	LTR/ERVL-MaLR	1424	+	214	769577	42072
chr1	727505	927505	harbor2	chr1	813876	814012	LTR/ERVL-MaLR	612	+	68	813944	86439
chr1	727505	927505	harbor2	chr1	819066	819303	LTR/ERVL-MaLR	527	+	118	819184	91679
chr1	87366701	87566701	harbor2	chr1	87405591	87405937	LTR/ERVL-MaLR	2211	+	173	87405764	39063
chr1	87366701	87566701	harbor2	chr1	87443578	87443665	LTR/ERVL-MaLR	486	+	44	87443622	76921
chr1	87366701	87566701	harbor2	chr1	87445893	87446187	LTR/ERVL-MaLR	1429	+	147	87446040	79339
chr1	87366701	87566701	harbor2	chr1	87457663	87457772	LTR/ERVL-MaLR	1105	+	54	87457717	91016
chr1	87366701	87566701	harbor2	chr1	87458080	87458322	LTR/ERVL-MaLR	1105	+	121	87458201	91500
chr1	87366701	87566701	harbor2	chr1	87458604	87458719	LTR/ERVL-MaLR	1105	+	58	87458662	91961
chr1	87366701	87566701	harbor2	chr1	87458720	87460062	LTR/ERVL-MaLR	2664	+	671	87459391	92690
chr1	87366701	87566701	harbor2	chr1	87460094	87460368	LTR/ERVL-MaLR	1220	+	137	87460231	93530
chr1	87366701	87566701	harbor2	chr1	87460800	87461002	LTR/ERVL-MaLR	1220	+	101	87460901	94200
chr1	230193142	230393142	harbor2	chr1	230209231	230209559	LTR/ERVL-MaLR	1206	+	164	230209395	16253
chr1	230193142	230393142	harbor2	chr1	230209839	230209892	LTR/ERVL-MaLR	1206	+	26	230209865	16723
chr1	230193142	230393142	harbor2	chr1	230288479	230288821	LTR/ERVL-MaLR	1227	+	171	230288650	95508
chr1	16544774	16744774	harbor2	chr1	16549687	16549813	LTR/ERVL-MaLR	601	+	63	16549750	4976
chr1	16544774	16744774	harbor2	chr1	16601299	16601923	LTR/ERVL-MaLR	1935	+	312	16601611	56837
chr1	16544774	16744774	harbor2	chr1	16605694	16605874	LTR/ERVL-MaLR	544	+	90	16605784	61010
chr1	230542426	230742426	harbor2	chr1	230564247	230564592	LTR/ERVL-MaLR	2071	+	172	230564419	21993
chr1	230542426	230742426	harbor2	chr1	230585089	230585583	LTR/ERVL-MaLR	2723	+	247	230585336	42910
chr1	230542426	230742426	harbor2	chr1	230615216	230615584	LTR/ERVL-MaLR	1947	+	184	230615400	72974
chr1	230542426	230742426	harbor2	chr1	230616411	230616541	LTR/ERVL-MaLR	449	+	65	230616476	74050
chr1	230542426	230742426	harbor2	chr1	230618901	230619376	LTR/ERVL-MaLR	1358	+	238	230619139	76713
chr1	230542426	230742426	harbor2	chr1	230621279	230621743	LTR/ERVL-MaLR	1594	+	232	230621511	79085
chr1	230542426	230742426	harbor2	chr1	230623506	230623712	LTR/ERVL-MaLR	851	+	103	230623609	81183
chr1	230542426	230742426	harbor2	chr1	230633029	230633479	LTR/ERVL-MaLR	904	+	225	230633254	90828
chr1	223987701	224187701	harbor2	chr1	224038750	224038886	LTR/ERVL-MaLR	541	+	68	224038818	51117
chr1	223987701	224187701	harbor2	chr1	224053946	224054324	LTR/ERVL-MaLR	1996	+	189	224054135	66434
chr1	223987701	224187701	harbor2	chr1	224059304	224059419	LTR/ERVL-MaLR	669	+	58	224059362	71661
chr1	223987701	224187701	harbor2	chr1	224059877	224060285	LTR/ERVL-MaLR	1746	+	204	224060081	72380
chr1	223987701	224187701	harbor2	chr1	224073649	224074044	LTR/ERVL-MaLR	2403	+	198	224073847	86146
chr1	223987701	224187701	harbor2	chr1	224081604	224081767	LTR/ERVL-MaLR	801	+	82	224081686	93985
chr1	223987701	224187701	harbor2	chr1	224082608	224082723	LTR/ERVL-MaLR	1006	+	58	224082666	94965
chr1	223987701	224187701	harbor2	chr1	224084206	224084362	LTR/ERVL-MaLR	1006	+	78	224084284	96583
chr1	16544791	16744791	harbor2	chr1	16549687	16549813	LTR/ERVL-MaLR	601	+	63	16549750	4959
chr1	16544791	16744791	harbor2	chr1	16601299	16601923	LTR/ERVL-MaLR	1935	+	312	16601611	56820
chr1	16544791	16744791	harbor2	chr1	16605694	16605874	LTR/ERVL-MaLR	544	+	90	16605784	60993
chr1	36811933	37011933	harbor2	chr1	36830340	36830527	LTR/ERVL-MaLR	1791	+	94	36830434	18501
chr1	36811933	37011933	harbor2	chr1	36830841	36831085	LTR/ERVL-MaLR	1791	+	122	36830963	19030
chr1	36811933	37011933	harbor2	chr1	36873654	36873766	LTR/ERVL-MaLR	469	+	56	36873710	61777
chr1	36811933	37011933	harbor2	chr1	36875387	36875834	LTR/ERVL-MaLR	1106	+	224	36875611	63678
chr1	36811933	37011933	harbor2	chr1	36876500	36876636	LTR/ERVL-MaLR	526	+	68	36876568	64635
chr1	16544740	16744740	harbor2	chr1	16549687	16549813	LTR/ERVL-MaLR	601	+	63	16549750	5010
chr1	16544740	16744740	harbor2	chr1	16601299	16601923	LTR/ERVL-MaLR	1935	+	312	16601611	56871
chr1	16544740	16744740	harbor2	chr1	16605694	16605874	LTR/ERVL-MaLR	544	+	90	16605784	61044
chr1	16546455	16746455	harbor2	chr1	16549687	16549813	LTR/ERVL-MaLR	601	+	63	16549750	3295
chr1	16546455	16746455	harbor2	chr1	16601299	16601923	LTR/ERVL-MaLR	1935	+	312	16601611	55156
chr1	16546455	16746455	harbor2	chr1	16605694	16605874	LTR/ERVL-MaLR	544	+	90	16605784	59329
chr1	211034242	211234242	harbor2	chr1	211037763	211037958	LTR/ERVL-MaLR	2260	+	98	211037861	3619
chr1	211034242	211234242	harbor2	chr1	211038261	211038409	LTR/ERVL-MaLR	2260	+	74	211038335	4093
chr1	211034242	211234242	harbor2	chr1	211038410	211039907	LTR/ERVL-MaLR	11957	+	748	211039158	4916
chr1	211034242	211234242	harbor2	chr1	211040208	211040285	LTR/ERVL-MaLR	11957	+	38	211040246	6004
chr1	211034242	211234242	harbor2	chr1	211040286	211040631	LTR/ERVL-MaLR	2413	+	172	211040458	6216
chr1	211034242	211234242	harbor2	chr1	211117273	211117597	LTR/ERVL-MaLR	476	+	162	211117435	83193
chr1	16545171	16745171	harbor2	chr1	16549687	16549813	LTR/ERVL-MaLR	601	+	63	16549750	4579
chr1	16545171	16745171	harbor2	chr1	16601299	16601923	LTR/ERVL-MaLR	1935	+	312	16601611	56440
chr1	16545171	16745171	harbor2	chr1	16605694	16605874	LTR/ERVL-MaLR	544	+	90	16605784	60613
chr1	6685415	6885415	harbor2	chr1	6723372	6723800	LTR/ERVL-MaLR	1341	+	214	6723586	38171
chr1	6685415	6885415	harbor2	chr1	6727933	6728054	LTR/ERVL-MaLR	601	+	60	6727993	42578
chr1	6685415	6885415	harbor2	chr1	6728232	6728264	LTR/ERVL-MaLR	727	+	16	6728248	42833
chr1	6685415	6885415	harbor2	chr1	6728559	6728812	LTR/ERVL-MaLR	727	+	126	6728685	43270
chr1	6685415	6885415	harbor2	chr1	6731368	6731529	LTR/ERVL-MaLR	959	+	80	6731448	46033
chr1	6685415	6885415	harbor2	chr1	6737821	6738131	LTR/ERVL-MaLR	507	+	155	6737976	52561
chr1	6685415	6885415	harbor2	chr1	6748480	6748628	LTR/ERVL-MaLR	570	+	74	6748554	63139
chr1	6685415	6885415	harbor2	chr1	6748792	6749028	LTR/ERVL-MaLR	1494	+	118	6748910	63495
chr1	6685415	6885415	harbor2	chr1	6765629	6766007	LTR/ERVL-MaLR	2323	+	189	6765818	80403
chr1	6685415	6885415	harbor2	chr1	6769039	6769163	LTR/ERVL-MaLR	735	+	62	6769101	83686
chr1	6685415	6885415	harbor2	chr1	6776004	6776116	LTR/ERVL-MaLR	1672	+	56	6776060	90645
chr1	6685415	6885415	harbor2	chr1	6776392	6776760	LTR/ERVL-MaLR	1672	+	184	6776576	91161
chr1	119201847	119401847	harbor2	chr1	119240182	119240771	LTR/ERVL-MaLR	1847	+	294	119240476	38629
chr1	119201847	119401847	harbor2	chr1	119258046	119258100	LTR/ERVL-MaLR	1874	+	27	119258073	56226
chr1	119201847	119401847	harbor2	chr1	119258402	119258710	LTR/ERVL-MaLR	1874	+	154	119258556	56709
chr1	119201847	119401847	harbor2	chr1	119259014	119259040	LTR/ERVL-MaLR	1874	+	13	119259027	57180
chr1	119201847	119401847	harbor2	chr1	119259141	119259201	LTR/ERVL-MaLR	1680	+	30	119259171	57324
chr1	119201847	119401847	harbor2	chr1	119289119	119289488	LTR/ERVL-MaLR	2683	+	184	119289303	87456
chr1	119201847	119401847	harbor2	chr1	119299009	119299452	LTR/ERVL-MaLR	992	+	222	119299231	97384
chr1	19346312	19546312	harbor2	chr1	19426346	19426596	LTR/ERVL-MaLR	682	+	125	19426471	80159
chr1	19346312	19546312	harbor2	chr1	19426667	19426868	LTR/ERVL-MaLR	646	+	100	19426767	80455
chr1	16544784	16744784	harbor2	chr1	16549687	16549813	LTR/ERVL-MaLR	601	+	63	16549750	4966
chr1	16544784	16744784	harbor2	chr1	16601299	16601923	LTR/ERVL-MaLR	1935	+	312	16601611	56827
chr1	16544784	16744784	harbor2	chr1	16605694	16605874	LTR/ERVL-MaLR	544	+	90	16605784	61000
chr1	17289259	17489259	harbor2	chr1	17302088	17302381	LTR/ERVL-MaLR	1725	+	146	17302234	12975
chr1	17289259	17489259	harbor2	chr1	17343546	17343892	LTR/ERVL-MaLR	2395	+	173	17343719	54460
chr1	17289259	17489259	harbor2	chr1	17343893	17345468	LTR/ERVL-MaLR	12634	+	788	17344681	55422
chr1	17289259	17489259	harbor2	chr1	17345469	17345815	LTR/ERVL-MaLR	2448	+	173	17345642	56383
chr1	17289259	17489259	harbor2	chr1	17353598	17353733	LTR/ERVL-MaLR	661	+	68	17353666	64407
chr1	17289259	17489259	harbor2	chr1	17353748	17353957	LTR/ERVL-MaLR	910	+	104	17353852	64593
chr1	4635887	4835887	harbor2	chr1	4642429	4642808	LTR/ERVL-MaLR	1459	+	190	4642619	6732
chr1	4635887	4835887	harbor2	chr1	4648403	4648741	LTR/ERVL-MaLR	1055	+	169	4648572	12685
chr1	4635887	4835887	harbor2	chr1	4672729	4673283	LTR/ERVL-MaLR	992	+	277	4673006	37119
chr1	4635887	4835887	harbor2	chr1	4727774	4728150	LTR/ERVL-MaLR	449	+	188	4727962	92075
chr1	16544808	16744808	harbor2	chr1	16549687	16549813	LTR/ERVL-MaLR	601	+	63	16549750	4942
chr1	16544808	16744808	harbor2	chr1	16601299	16601923	LTR/ERVL-MaLR	1935	+	312	16601611	56803
chr1	16544808	16744808	harbor2	chr1	16605694	16605874	LTR/ERVL-MaLR	544	+	90	16605784	60976
chr1	16544785	16744785	harbor2	chr1	16549687	16549813	LTR/ERVL-MaLR	601	+	63	16549750	4965
chr1	16544785	16744785	harbor2	chr1	16601299	16601923	LTR/ERVL-MaLR	1935	+	312	16601611	56826
chr1	16544785	16744785	harbor2	chr1	16605694	16605874	LTR/ERVL-MaLR	544	+	90	16605784	60999
chr1	16759801	16959801	harbor2	chr1	16773890	16774355	LTR/ERVL-MaLR	2037	+	232	16774122	14321
chr1	16759801	16959801	harbor2	chr1	16780608	16780955	LTR/ERVL-MaLR	790	+	174	16780782	20981
chr1	21743220	21943220	harbor2	chr1	21819427	21819486	LTR/ERVL-MaLR	450	+	30	21819457	76237
chr1	16555139	16755139	harbor2	chr1	16601299	16601923	LTR/ERVL-MaLR	1935	+	312	16601611	46472
chr1	16555139	16755139	harbor2	chr1	16605694	16605874	LTR/ERVL-MaLR	544	+	90	16605784	50645
chr1	16544786	16744786	harbor2	chr1	16549687	16549813	LTR/ERVL-MaLR	601	+	63	16549750	4964
chr1	16544786	16744786	harbor2	chr1	16601299	16601923	LTR/ERVL-MaLR	1935	+	312	16601611	56825
chr1	16544786	16744786	harbor2	chr1	16605694	16605874	LTR/ERVL-MaLR	544	+	90	16605784	60998
chr1	205330776	205530776	harbor2	chr1	205331922	205332355	LTR/ERVL-MaLR	1827	+	216	205332138	1362
chr1	16545169	16745169	harbor2	chr1	16549687	16549813	LTR/ERVL-MaLR	601	+	63	16549750	4581
chr1	16545169	16745169	harbor2	chr1	16601299	16601923	LTR/ERVL-MaLR	1935	+	312	16601611	56442
chr1	16545169	16745169	harbor2	chr1	16605694	16605874	LTR/ERVL-MaLR	544	+	90	16605784	60615
chr1	5033151	5233151	harbor2	chr1	5037486	5037647	LTR/ERVL-MaLR	1423	+	80	5037566	4415
chr1	5033151	5233151	harbor2	chr1	5037684	5037886	LTR/ERVL-MaLR	1423	+	101	5037785	4634
chr1	5033151	5233151	harbor2	chr1	5040160	5040529	LTR/ERVL-MaLR	2467	+	184	5040344	7193
chr1	5033151	5233151	harbor2	chr1	5040625	5040822	LTR/ERVL-MaLR	461	+	98	5040723	7572
chr1	5033151	5233151	harbor2	chr1	5066409	5066763	LTR/ERVL-MaLR	2657	+	177	5066586	33435
chr1	5033151	5233151	harbor2	chr1	5077950	5078383	LTR/ERVL-MaLR	1224	+	216	5078166	45015
chr1	5033151	5233151	harbor2	chr1	5085843	5086152	LTR/ERVL-MaLR	1174	+	154	5085997	52846
chr1	5033151	5233151	harbor2	chr1	5086236	5086286	LTR/ERVL-MaLR	1174	+	25	5086261	53110
chr1	5033151	5233151	harbor2	chr1	5101666	5102018	LTR/ERVL-MaLR	2307	+	176	5101842	68691
chr1	5033151	5233151	harbor2	chr1	5103023	5103416	LTR/ERVL-MaLR	2312	+	196	5103219	70068
chr1	5033151	5233151	harbor2	chr1	5128563	5128841	LTR/ERVL-MaLR	692	+	139	5128702	95551
chr1	5033151	5233151	harbor2	chr1	5131265	5131422	LTR/ERVL-MaLR	1753	+	78	5131343	98192
chr1	5033151	5233151	harbor2	chr1	5131684	5131714	LTR/ERVL-MaLR	1753	+	15	5131699	98548
chr1	5033151	5233151	harbor2	chr1	5131745	5131962	LTR/ERVL-MaLR	1753	+	108	5131853	98702
chr1	16544749	16744749	harbor2	chr1	16549687	16549813	LTR/ERVL-MaLR	601	+	63	16549750	5001
chr1	16544749	16744749	harbor2	chr1	16601299	16601923	LTR/ERVL-MaLR	1935	+	312	16601611	56862
chr1	16544749	16744749	harbor2	chr1	16605694	16605874	LTR/ERVL-MaLR	544	+	90	16605784	61035
chr1	99985	299985	harbor2	chr1	103468	103616	LTR/ERVL-MaLR	2110	+	74	103542	3557
chr1	99985	299985	harbor2	chr1	103910	104160	LTR/ERVL-MaLR	2110	+	125	104035	4050
chr1	99985	299985	harbor2	chr1	104197	104215	LTR/ERVL-MaLR	2110	+	9	104206	4221
chr1	99985	299985	harbor2	chr1	107481	107773	LTR/ERVL-MaLR	1064	+	146	107627	7642
chr1	99985	299985	harbor2	chr1	113692	114101	LTR/ERVL-MaLR	1094	+	204	113896	13911
chr1	99985	299985	harbor2	chr1	117611	118100	LTR/ERVL-MaLR	1910	+	244	117855	17870
chr1	99985	299985	harbor2	chr1	168915	169342	LTR/ERVL-MaLR	1539	+	214	169129	69144
chr1	39855815	40055815	harbor2	chr1	39929629	39929823	LTR/ERVL-MaLR	561	+	97	39929726	73911
chr1	39855815	40055815	harbor2	chr1	39930802	39931005	LTR/ERVL-MaLR	756	+	102	39930904	75089
chr1	2138415	2338415	harbor2	chr1	2199627	2199797	LTR/ERVL-MaLR	761	+	85	2199712	61297
chr1	2138415	2338415	harbor2	chr1	2200424	2200663	LTR/ERVL-MaLR	761	+	120	2200544	62129
chr1	16544788	16744788	harbor2	chr1	16549687	16549813	LTR/ERVL-MaLR	601	+	63	16549750	4962
chr1	16544788	16744788	harbor2	chr1	16601299	16601923	LTR/ERVL-MaLR	1935	+	312	16601611	56823
chr1	16544788	16744788	harbor2	chr1	16605694	16605874	LTR/ERVL-MaLR	544	+	90	16605784	60996
chr1	2998349	3198349	harbor2	chr1	3006305	3006735	LTR/ERVL-MaLR	2681	+	215	3006520	8171
chr1	2998349	3198349	harbor2	chr1	3006736	3008389	LTR/ERVL-MaLR	9365	+	826	3007562	9213
chr1	2998349	3198349	harbor2	chr1	3008393	3008814	LTR/ERVL-MaLR	2647	+	210	3008603	10254
chr1	2998349	3198349	harbor2	chr1	3013458	3013762	LTR/ERVL-MaLR	585	+	152	3013610	15261
chr1	2998349	3198349	harbor2	chr1	3013982	3014365	LTR/ERVL-MaLR	814	+	192	3014174	15825
chr1	232882890	233082890	harbor2	chr1	232892432	232892942	LTR/ERVL-MaLR	1929	+	255	232892687	9797
chr1	232882890	233082890	harbor2	chr1	232903645	232903952	LTR/ERVL-MaLR	844	+	154	232903799	20909
chr1	232882890	233082890	harbor2	chr1	232905642	232906027	LTR/ERVL-MaLR	593	+	192	232905834	22944
chr1	232882890	233082890	harbor2	chr1	232919241	232919662	LTR/ERVL-MaLR	2118	+	210	232919451	36561
chr1	232882890	233082890	harbor2	chr1	232920457	232920841	LTR/ERVL-MaLR	2323	+	192	232920649	37759
chr1	232882890	233082890	harbor2	chr1	232959087	232959446	LTR/ERVL-MaLR	2322	+	180	232959267	76377
chr1	236847274	237047274	harbor2	chr1	236909555	236909787	LTR/ERVL-MaLR	1200	+	116	236909671	62397
chr1	236847274	237047274	harbor2	chr1	236915205	236915536	LTR/ERVL-MaLR	2119	+	166	236915371	68097
chr1	236847274	237047274	harbor2	chr1	236921884	236922256	LTR/ERVL-MaLR	2251	+	186	236922070	74796
chr1	236847274	237047274	harbor2	chr1	236926449	236926799	LTR/ERVL-MaLR	1938	+	175	236926624	79350
chr1	119547913	119747913	harbor2	chr1	119641584	119641954	LTR/ERVL-MaLR	2770	+	185	119641769	93856
chr1	16545161	16745161	harbor2	chr1	16549687	16549813	LTR/ERVL-MaLR	601	+	63	16549750	4589
chr1	16545161	16745161	harbor2	chr1	16601299	16601923	LTR/ERVL-MaLR	1935	+	312	16601611	56450
chr1	16545161	16745161	harbor2	chr1	16605694	16605874	LTR/ERVL-MaLR	544	+	90	16605784	60623
chr1	28814482	29014482	harbor2	chr1	28904475	28904615	LTR/ERVL-MaLR	1482	+	70	28904545	90063
chr1	28814482	29014482	harbor2	chr1	28905518	28905700	LTR/ERVL-MaLR	1482	+	91	28905609	91127
chr1	87228628	87428628	harbor2	chr1	87228620	87228777	LTR/ERVL-MaLR	607	+	78	87228698	70
chr1	87228628	87428628	harbor2	chr1	87228848	87228928	LTR/ERVL-MaLR	515	+	40	87228888	260
chr1	87228628	87428628	harbor2	chr1	87245613	87246026	LTR/ERVL-MaLR	1243	+	206	87245819	17191
chr1	87228628	87428628	harbor2	chr1	87247028	87247621	LTR/ERVL-MaLR	1399	+	296	87247324	18696
chr1	87228628	87428628	harbor2	chr1	87252771	87253288	LTR/ERVL-MaLR	582	+	258	87253029	24401
chr1	87228628	87428628	harbor2	chr1	87254759	87256195	LTR/ERVL-MaLR	3422	+	718	87255477	26849
chr1	87228628	87428628	harbor2	chr1	87256253	87256649	LTR/ERVL-MaLR	1093	+	198	87256451	27823
chr1	87228628	87428628	harbor2	chr1	87256731	87256805	LTR/ERVL-MaLR	1093	+	37	87256768	28140
chr1	87228628	87428628	harbor2	chr1	87268745	87269099	LTR/ERVL-MaLR	2087	+	177	87268922	40294
chr1	87228628	87428628	harbor2	chr1	87270170	87270505	LTR/ERVL-MaLR	911	+	168	87270338	41710
chr1	87228628	87428628	harbor2	chr1	87287082	87287467	LTR/ERVL-MaLR	993	+	192	87287274	58646
chr1	87228628	87428628	harbor2	chr1	87288314	87288354	LTR/ERVL-MaLR	1070	+	20	87288334	59706
chr1	87228628	87428628	harbor2	chr1	87288648	87288799	LTR/ERVL-MaLR	1070	+	76	87288724	60096
chr1	87228628	87428628	harbor2	chr1	87289924	87290338	LTR/ERVL-MaLR	1257	+	207	87290131	61503
chr1	87228628	87428628	harbor2	chr1	87298461	87298800	LTR/ERVL-MaLR	2025	+	170	87298631	70003
chr1	216278473	216478473	harbor2	chr1	216284206	216284572	LTR/ERVL-MaLR	2242	+	183	216284389	5916
chr1	216278473	216478473	harbor2	chr1	216286140	216286446	LTR/ERVL-MaLR	1925	+	153	216286293	7820
chr1	216278473	216478473	harbor2	chr1	216286752	216286822	LTR/ERVL-MaLR	1925	+	35	216286787	8314
chr1	216278473	216478473	harbor2	chr1	216320070	216320431	LTR/ERVL-MaLR	1809	+	180	216320250	41777
chr1	216278473	216478473	harbor2	chr1	216324841	216325280	LTR/ERVL-MaLR	1205	+	220	216325061	46588
chr1	216278473	216478473	harbor2	chr1	216364408	216364861	LTR/ERVL-MaLR	1321	+	226	216364634	86161
chr1	216278473	216478473	harbor2	chr1	216284574	216286138	LTR/ERVL-MaLR	9432	+	782	216285356	6883
chr1	16545197	16745197	harbor2	chr1	16549687	16549813	LTR/ERVL-MaLR	601	+	63	16549750	4553
chr1	16545197	16745197	harbor2	chr1	16601299	16601923	LTR/ERVL-MaLR	1935	+	312	16601611	56414
chr1	16545197	16745197	harbor2	chr1	16605694	16605874	LTR/ERVL-MaLR	544	+	90	16605784	60587
chr1	11498857	11698857	harbor2	chr1	11504485	11504886	LTR/ERVL-MaLR	2295	+	200	11504685	5828
chr1	11498857	11698857	harbor2	chr1	11544541	11544661	LTR/ERVL-MaLR	1293	+	60	11544601	45744
chr1	11498857	11698857	harbor2	chr1	11544662	11545071	LTR/ERVL-MaLR	1859	+	204	11544866	46009
chr1	11498857	11698857	harbor2	chr1	11545072	11545387	LTR/ERVL-MaLR	1293	+	158	11545230	46373
chr1	11498857	11698857	harbor2	chr1	11555749	11555817	LTR/ERVL-MaLR	670	+	34	11555783	56926
chr1	11498857	11698857	harbor2	chr1	11556335	11556498	LTR/ERVL-MaLR	670	+	82	11556417	57560
chr1	11498857	11698857	harbor2	chr1	11556515	11556674	LTR/ERVL-MaLR	759	+	80	11556595	57738
chr1	11498857	11698857	harbor2	chr1	11565686	11566136	LTR/ERVL-MaLR	1496	+	225	11565911	67054
chr1	11498857	11698857	harbor2	chr1	11574265	11574445	LTR/ERVL-MaLR	1702	+	90	11574355	75498
chr1	11498857	11698857	harbor2	chr1	11574736	11574883	LTR/ERVL-MaLR	1702	+	74	11574810	75953
chr1	11498857	11698857	harbor2	chr1	11575210	11575322	LTR/ERVL-MaLR	1702	+	56	11575266	76409
chr1	11498857	11698857	harbor2	chr1	11587243	11587661	LTR/ERVL-MaLR	1063	+	209	11587452	88595
chr1	11498857	11698857	harbor2	chr1	11587662	11588085	LTR/ERVL-MaLR	2871	+	212	11587874	89017
chr1	11498857	11698857	harbor2	chr1	11588086	11588199	LTR/ERVL-MaLR	1063	+	56	11588142	89285
chr1	11498857	11698857	harbor2	chr1	11590548	11590885	LTR/ERVL-MaLR	695	+	168	11590716	91859
chr1	11498857	11698857	harbor2	chr1	11590915	11590953	LTR/ERVL-MaLR	1687	+	19	11590934	92077
chr1	11498857	11698857	harbor2	chr1	11591265	11591408	LTR/ERVL-MaLR	1687	+	72	11591337	92480
chr1	11498857	11698857	harbor2	chr1	11591861	11592180	LTR/ERVL-MaLR	1687	+	160	11592021	93164
chr1	11498857	11698857	harbor2	chr1	11583285	11583606	LTR/ERVL-MaLR	1618	+	160	11583445	84588
chr1	16544745	16744745	harbor2	chr1	16549687	16549813	LTR/ERVL-MaLR	601	+	63	16549750	5005
chr1	16544745	16744745	harbor2	chr1	16601299	16601923	LTR/ERVL-MaLR	1935	+	312	16601611	56866
chr1	16544745	16744745	harbor2	chr1	16605694	16605874	LTR/ERVL-MaLR	544	+	90	16605784	61039
chr1	92860991	93060991	harbor2	chr1	92911122	92911487	LTR/ERVL-MaLR	1976	+	182	92911304	50313
chr1	92860991	93060991	harbor2	chr1	92920161	92920516	LTR/ERVL-MaLR	2285	+	178	92920339	59348
chr1	92860991	93060991	harbor2	chr1	92950978	92951633	LTR/ERVL-MaLR	2265	+	328	92951306	90315
chr1	196346882	196546882	harbor2	chr1	196360485	196360869	LTR/ERVL-MaLR	1837	+	192	196360677	13795
chr1	196346882	196546882	harbor2	chr1	196363461	196363818	LTR/ERVL-MaLR	1696	+	178	196363639	16757
chr1	196346882	196546882	harbor2	chr1	196377515	196377675	LTR/ERVL-MaLR	447	+	80	196377595	30713
chr1	196346882	196546882	harbor2	chr1	196377741	196378050	LTR/ERVL-MaLR	689	+	154	196377895	31013
chr1	196346882	196546882	harbor2	chr1	196378070	196378476	LTR/ERVL-MaLR	914	+	203	196378273	31391
chr1	196346882	196546882	harbor2	chr1	196385843	196386387	LTR/ERVL-MaLR	2185	+	272	196386115	39233
chr1	196346882	196546882	harbor2	chr1	196389611	196389796	LTR/ERVL-MaLR	519	+	92	196389703	42821
chr1	196346882	196546882	harbor2	chr1	196399670	196400021	LTR/ERVL-MaLR	1682	+	176	196399846	52964
chr1	196346882	196546882	harbor2	chr1	196426722	196427065	LTR/ERVL-MaLR	1469	+	172	196426894	80012
chr1	196346882	196546882	harbor2	chr1	196430213	196430378	LTR/ERVL-MaLR	1156	+	82	196430295	83413
chr1	196346882	196546882	harbor2	chr1	196430449	196430635	LTR/ERVL-MaLR	1156	+	93	196430542	83660
chr1	196346882	196546882	harbor2	chr1	196430886	196431250	LTR/ERVL-MaLR	1751	+	182	196431068	84186
chr1	196346882	196546882	harbor2	chr1	196431251	196432911	LTR/ERVL-MaLR	7026	+	830	196432081	85199
chr1	196346882	196546882	harbor2	chr1	196432913	196433271	LTR/ERVL-MaLR	1471	+	179	196433092	86210
chr1	196346882	196546882	harbor2	chr1	196434646	196435119	LTR/ERVL-MaLR	1062	+	236	196434882	88000
chr1	176328745	176528745	harbor2	chr1	176341876	176342369	LTR/ERVL-MaLR	619	+	246	176342122	13377
chr1	176328745	176528745	harbor2	chr1	176348103	176348368	LTR/ERVL-MaLR	758	+	132	176348235	19490
chr1	176328745	176528745	harbor2	chr1	176364767	176365077	LTR/ERVL-MaLR	679	+	155	176364922	36177
chr1	176328745	176528745	harbor2	chr1	176409849	176410142	LTR/ERVL-MaLR	1042	+	146	176409995	81250
chr1	16545147	16745147	harbor2	chr1	16549687	16549813	LTR/ERVL-MaLR	601	+	63	16549750	4603
chr1	16545147	16745147	harbor2	chr1	16601299	16601923	LTR/ERVL-MaLR	1935	+	312	16601611	56464
chr1	16545147	16745147	harbor2	chr1	16605694	16605874	LTR/ERVL-MaLR	544	+	90	16605784	60637
chr1	244608951	244808951	harbor2	chr1	244613763	244614189	LTR/ERVL-MaLR	2489	+	213	244613976	5025
chr1	244608951	244808951	harbor2	chr1	244647360	244647825	LTR/ERVL-MaLR	1599	+	232	244647592	38641
chr1	244608951	244808951	harbor2	chr1	244649357	244649835	LTR/ERVL-MaLR	2036	+	239	244649596	40645
chr1	244608951	244808951	harbor2	chr1	244672179	244672539	LTR/ERVL-MaLR	2308	+	180	244672359	63408
chr1	244608951	244808951	harbor2	chr1	244700970	244701719	LTR/ERVL-MaLR	2607	+	374	244701344	92393
chr1	6686164	6886164	harbor2	chr1	6723372	6723800	LTR/ERVL-MaLR	1341	+	214	6723586	37422
chr1	6686164	6886164	harbor2	chr1	6727933	6728054	LTR/ERVL-MaLR	601	+	60	6727993	41829
chr1	6686164	6886164	harbor2	chr1	6728232	6728264	LTR/ERVL-MaLR	727	+	16	6728248	42084
chr1	6686164	6886164	harbor2	chr1	6728559	6728812	LTR/ERVL-MaLR	727	+	126	6728685	42521
chr1	6686164	6886164	harbor2	chr1	6731368	6731529	LTR/ERVL-MaLR	959	+	80	6731448	45284
chr1	6686164	6886164	harbor2	chr1	6737821	6738131	LTR/ERVL-MaLR	507	+	155	6737976	51812
chr1	6686164	6886164	harbor2	chr1	6748480	6748628	LTR/ERVL-MaLR	570	+	74	6748554	62390
chr1	6686164	6886164	harbor2	chr1	6748792	6749028	LTR/ERVL-MaLR	1494	+	118	6748910	62746
chr1	6686164	6886164	harbor2	chr1	6765629	6766007	LTR/ERVL-MaLR	2323	+	189	6765818	79654
chr1	6686164	6886164	harbor2	chr1	6769039	6769163	LTR/ERVL-MaLR	735	+	62	6769101	82937
chr1	6686164	6886164	harbor2	chr1	6776004	6776116	LTR/ERVL-MaLR	1672	+	56	6776060	89896
chr1	6686164	6886164	harbor2	chr1	6776392	6776760	LTR/ERVL-MaLR	1672	+	184	6776576	90412
chr1	16544769	16744769	harbor2	chr1	16549687	16549813	LTR/ERVL-MaLR	601	+	63	16549750	4981
chr1	16544769	16744769	harbor2	chr1	16601299	16601923	LTR/ERVL-MaLR	1935	+	312	16601611	56842
chr1	16544769	16744769	harbor2	chr1	16605694	16605874	LTR/ERVL-MaLR	544	+	90	16605784	61015
chr1	16650676	16850676	harbor2	chr1	16735606	16735957	LTR/ERVL-MaLR	2552	+	176	16735782	85106
chr1	3432754	3632754	harbor2	chr1	3512452	3512820	LTR/ERVL-MaLR	2554	+	184	3512636	79882
chr1	3432754	3632754	harbor2	chr1	3524906	3525098	LTR/ERVL-MaLR	462	+	96	3525002	92248
chr1	3432754	3632754	harbor2	chr1	3528445	3528945	LTR/ERVL-MaLR	2127	+	250	3528695	95941
chr1	16544800	16744800	harbor2	chr1	16549687	16549813	LTR/ERVL-MaLR	601	+	63	16549750	4950
chr1	16544800	16744800	harbor2	chr1	16601299	16601923	LTR/ERVL-MaLR	1935	+	312	16601611	56811
chr1	16544800	16744800	harbor2	chr1	16605694	16605874	LTR/ERVL-MaLR	544	+	90	16605784	60984
chr1	39855881	40055881	harbor2	chr1	39929629	39929823	LTR/ERVL-MaLR	561	+	97	39929726	73845
chr1	39855881	40055881	harbor2	chr1	39930802	39931005	LTR/ERVL-MaLR	756	+	102	39930904	75023
chr1	226974774	227174774	harbor2	chr1	227002490	227003044	LTR/ERVL-MaLR	1701	+	277	227002767	27993
chr1	226974774	227174774	harbor2	chr1	227032543	227032978	LTR/ERVL-MaLR	1238	+	218	227032761	57987
chr1	226974774	227174774	harbor2	chr1	227038029	227038389	LTR/ERVL-MaLR	2767	+	180	227038209	63435
chr1	18175437	18375437	harbor2	chr1	18236105	18236459	LTR/ERVL-MaLR	2222	+	177	18236282	60845
chr1	67493952	67693952	harbor2	chr1	67497854	67498355	LTR/ERVL-MaLR	2289	+	250	67498104	4152
chr1	67493952	67693952	harbor2	chr1	67505701	67505808	LTR/ERVL-MaLR	813	+	54	67505755	11803
chr1	67493952	67693952	harbor2	chr1	67509191	67509545	LTR/ERVL-MaLR	2864	+	177	67509368	15416
chr1	67493952	67693952	harbor2	chr1	67531927	67532376	LTR/ERVL-MaLR	1469	+	224	67532151	38199
chr1	67493952	67693952	harbor2	chr1	67540238	67540760	LTR/ERVL-MaLR	1479	+	261	67540499	46547
chr1	67493952	67693952	harbor2	chr1	67554165	67554517	LTR/ERVL-MaLR	2807	+	176	67554341	60389
chr1	16544895	16744895	harbor2	chr1	16549687	16549813	LTR/ERVL-MaLR	601	+	63	16549750	4855
chr1	16544895	16744895	harbor2	chr1	16601299	16601923	LTR/ERVL-MaLR	1935	+	312	16601611	56716
chr1	16544895	16744895	harbor2	chr1	16605694	16605874	LTR/ERVL-MaLR	544	+	90	16605784	60889
chr1	205330799	205530799	harbor2	chr1	205331922	205332355	LTR/ERVL-MaLR	1827	+	216	205332138	1339
chr1	16544813	16744813	harbor2	chr1	16549687	16549813	LTR/ERVL-MaLR	601	+	63	16549750	4937
chr1	16544813	16744813	harbor2	chr1	16601299	16601923	LTR/ERVL-MaLR	1935	+	312	16601611	56798
chr1	16544813	16744813	harbor2	chr1	16605694	16605874	LTR/ERVL-MaLR	544	+	90	16605784	60971
chr1	74605285	74805285	harbor2	chr1	74616613	74616863	LTR/ERVL-MaLR	1006	+	125	74616738	11453
chr1	74605285	74805285	harbor2	chr1	74638586	74638894	LTR/ERVL-MaLR	773	+	154	74638740	33455
chr1	74605285	74805285	harbor2	chr1	74659964	74660327	LTR/ERVL-MaLR	2193	+	182	74660146	54861
chr1	74605285	74805285	harbor2	chr1	74664972	74665376	LTR/ERVL-MaLR	1550	+	202	74665174	59889
chr1	74605285	74805285	harbor2	chr1	74667803	74668166	LTR/ERVL-MaLR	1951	+	182	74667985	62700
chr1	74605285	74805285	harbor2	chr1	74677663	74678047	LTR/ERVL-MaLR	1767	+	192	74677855	72570
chr1	74605285	74805285	harbor2	chr1	74681772	74682132	LTR/ERVL-MaLR	1106	+	180	74681952	76667
chr1	74605285	74805285	harbor2	chr1	74696989	74697310	LTR/ERVL-MaLR	1598	+	160	74697149	91864
chr1	11740909	11940909	harbor2	chr1	11799310	11799623	LTR/ERVL-MaLR	443	+	156	11799466	58557
chr1	11740909	11940909	harbor2	chr1	11780075	11780245	LTR/ERVL-MaLR	841	+	85	11780160	39251
chr1	7229851	7429851	harbor2	chr1	7271027	7271430	LTR/ERVL-MaLR	1280	+	202	7271229	41378
chr1	7229851	7429851	harbor2	chr1	7289546	7290095	LTR/ERVL-MaLR	1196	+	274	7289820	59969
chr1	7229851	7429851	harbor2	chr1	7319231	7319618	LTR/ERVL-MaLR	2502	+	194	7319425	89574
chr1	7229851	7429851	harbor2	chr1	7326379	7326822	LTR/ERVL-MaLR	2114	+	222	7326601	96750
chr1	16545132	16745132	harbor2	chr1	16549687	16549813	LTR/ERVL-MaLR	601	+	63	16549750	4618
chr1	16545132	16745132	harbor2	chr1	16601299	16601923	LTR/ERVL-MaLR	1935	+	312	16601611	56479
chr1	16545132	16745132	harbor2	chr1	16605694	16605874	LTR/ERVL-MaLR	544	+	90	16605784	60652
chr1	43467195	43667195	harbor2	chr1	43511443	43511888	LTR/ERVL-MaLR	854	+	222	43511665	44470
chr1	31479906	31679906	harbor2	chr1	31486198	31486549	LTR/ERVL-MaLR	2133	+	176	31486374	6468
chr1	31479906	31679906	harbor2	chr1	31489574	31489828	LTR/ERVL-MaLR	1998	+	127	31489701	9795
chr1	31479906	31679906	harbor2	chr1	31491845	31492016	LTR/ERVL-MaLR	667	+	86	31491931	12025
chr1	31479906	31679906	harbor2	chr1	31519888	31520117	LTR/ERVL-MaLR	683	+	114	31520002	40096
chr1	31479906	31679906	harbor2	chr1	31566396	31567017	LTR/ERVL-MaLR	1570	+	310	31566706	86800
chr1	727526	927526	harbor2	chr1	769363	769790	LTR/ERVL-MaLR	1424	+	214	769577	42051
chr1	727526	927526	harbor2	chr1	813876	814012	LTR/ERVL-MaLR	612	+	68	813944	86418
chr1	727526	927526	harbor2	chr1	819066	819303	LTR/ERVL-MaLR	527	+	118	819184	91658
chr1	226638246	226838246	harbor2	chr1	226708412	226708845	LTR/ERVL-MaLR	897	+	216	226708628	70382
chr1	226638246	226838246	harbor2	chr1	226714090	226714434	LTR/ERVL-MaLR	1215	+	172	226714262	76016
chr1	110864043	111064043	harbor2	chr1	110887848	110888270	LTR/ERVL-MaLR	1519	+	211	110888059	24016
chr1	110864043	111064043	harbor2	chr1	110921740	110921819	LTR/ERVL-MaLR	1735	+	40	110921780	57737
chr1	110864043	111064043	harbor2	chr1	110922202	110922502	LTR/ERVL-MaLR	1735	+	150	110922352	58309
chr1	191972112	192172112	harbor2	chr1	192068610	192068912	LTR/ERVL-MaLR	524	+	151	192068761	96649
chr1	191972112	192172112	harbor2	chr1	192068934	192070313	LTR/ERVL-MaLR	2861	+	690	192069624	97512
chr1	61555229	61755229	harbor2	chr1	61561711	61562045	LTR/ERVL-MaLR	1319	+	167	61561878	6649
chr1	61555229	61755229	harbor2	chr1	61612194	61612605	LTR/ERVL-MaLR	2158	+	206	61612400	57171
chr1	61555229	61755229	harbor2	chr1	61616996	61617470	LTR/ERVL-MaLR	694	+	237	61617233	62004
chr1	170517376	170717376	harbor2	chr1	170522676	170523075	LTR/ERVL-MaLR	1715	+	200	170522876	5500
chr1	170517376	170717376	harbor2	chr1	170537249	170537552	LTR/ERVL-MaLR	558	+	152	170537401	20025
chr1	170517376	170717376	harbor2	chr1	170559913	170560287	LTR/ERVL-MaLR	2185	+	187	170560100	42724
chr1	170517376	170717376	harbor2	chr1	170560593	170560604	LTR/ERVL-MaLR	2185	+	6	170560599	43223
chr1	170517376	170717376	harbor2	chr1	170560676	170561043	LTR/ERVL-MaLR	1726	+	184	170560860	43484
chr1	170517376	170717376	harbor2	chr1	170615989	170616355	LTR/ERVL-MaLR	2338	+	183	170616172	98796
chr1	16838763	17038763	harbor2	chr1	16870011	16870362	LTR/ERVL-MaLR	2618	+	176	16870187	31424
chr1	16838763	17038763	harbor2	chr1	16870540	16870785	LTR/ERVL-MaLR	1149	+	122	16870662	31899
chr1	38904921	39104921	harbor2	chr1	38926228	38926552	LTR/ERVL-MaLR	576	+	162	38926390	21469
chr1	38904921	39104921	harbor2	chr1	38931873	38932454	LTR/ERVL-MaLR	1130	+	290	38932163	27242
chr1	38904921	39104921	harbor2	chr1	38932755	38932809	LTR/ERVL-MaLR	1130	+	27	38932782	27861
chr1	38904921	39104921	harbor2	chr1	38947124	38947268	LTR/ERVL-MaLR	547	+	72	38947196	42275
chr1	38904921	39104921	harbor2	chr1	38957616	38957668	LTR/ERVL-MaLR	712	+	26	38957642	52721
chr1	38904921	39104921	harbor2	chr1	38957981	38958085	LTR/ERVL-MaLR	712	+	52	38958033	53112
chr1	38904921	39104921	harbor2	chr1	38959128	38959301	LTR/ERVL-MaLR	1034	+	86	38959214	54293
chr1	38904921	39104921	harbor2	chr1	38962047	38962221	LTR/ERVL-MaLR	545	+	87	38962134	57213
chr1	211730531	211930531	harbor2	chr1	211731103	211731548	LTR/ERVL-MaLR	1722	+	222	211731325	794
chr1	211730531	211930531	harbor2	chr1	211796280	211796642	LTR/ERVL-MaLR	1405	+	181	211796461	65930
chr1	211730531	211930531	harbor2	chr1	211809494	211809861	LTR/ERVL-MaLR	2833	+	184	211809678	79147
chr1	211730531	211930531	harbor2	chr1	211812575	211812976	LTR/ERVL-MaLR	625	+	200	211812775	82244
chr1	211730531	211930531	harbor2	chr1	211763157	211763566	LTR/ERVL-MaLR	1660	+	204	211763361	32830
chr1	244605752	244805752	harbor2	chr1	244613763	244614189	LTR/ERVL-MaLR	2489	+	213	244613976	8224
chr1	244605752	244805752	harbor2	chr1	244647360	244647825	LTR/ERVL-MaLR	1599	+	232	244647592	41840
chr1	244605752	244805752	harbor2	chr1	244649357	244649835	LTR/ERVL-MaLR	2036	+	239	244649596	43844
chr1	244605752	244805752	harbor2	chr1	244672179	244672539	LTR/ERVL-MaLR	2308	+	180	244672359	66607
chr1	244605752	244805752	harbor2	chr1	244700970	244701719	LTR/ERVL-MaLR	2607	+	374	244701344	95592
chr1	16598500	16798500	harbor2	chr1	16601299	16601923	LTR/ERVL-MaLR	1935	+	312	16601611	3111
chr1	16598500	16798500	harbor2	chr1	16605694	16605874	LTR/ERVL-MaLR	544	+	90	16605784	7284
chr1	76547403	76747403	harbor2	chr1	76584808	76585084	LTR/ERVL-MaLR	637	+	138	76584946	37543
chr1	76547403	76747403	harbor2	chr1	76599992	76600365	LTR/ERVL-MaLR	1574	+	186	76600178	52775
chr1	76547403	76747403	harbor2	chr1	76613521	76613903	LTR/ERVL-MaLR	2106	+	191	76613712	66309
chr1	76547403	76747403	harbor2	chr1	76642481	76642886	LTR/ERVL-MaLR	2007	+	202	76642683	95280
chr1	227441438	227641438	harbor2	chr1	227444014	227444110	LTR/ERVL-MaLR	693	+	48	227444062	2624
chr1	227441438	227641438	harbor2	chr1	227450807	227450925	LTR/ERVL-MaLR	525	+	59	227450866	9428
chr1	227441438	227641438	harbor2	chr1	227469821	227470200	LTR/ERVL-MaLR	1981	+	190	227470011	28573
chr1	227441438	227641438	harbor2	chr1	227470189	227471795	LTR/ERVL-MaLR	10921	+	803	227470992	29554
chr1	227441438	227641438	harbor2	chr1	227471801	227472189	LTR/ERVL-MaLR	2116	+	194	227471995	30557
chr1	227441438	227641438	harbor2	chr1	227485599	227485957	LTR/ERVL-MaLR	1836	+	179	227485778	44340
chr1	227441438	227641438	harbor2	chr1	227496875	227497027	LTR/ERVL-MaLR	2416	+	76	227496951	55513
chr1	227441438	227641438	harbor2	chr1	227497318	227497527	LTR/ERVL-MaLR	2416	+	104	227497422	55984
chr1	227441438	227641438	harbor2	chr1	227514578	227514630	LTR/ERVL-MaLR	1560	+	26	227514604	73166
chr1	227441438	227641438	harbor2	chr1	227515926	227516405	LTR/ERVL-MaLR	1560	+	240	227516166	74728
chr1	227441438	227641438	harbor2	chr1	227519533	227519868	LTR/ERVL-MaLR	1191	+	168	227519701	78263
chr1	16655181	16855181	harbor2	chr1	16735606	16735957	LTR/ERVL-MaLR	2552	+	176	16735782	80601
chr1	16544742	16744742	harbor2	chr1	16549687	16549813	LTR/ERVL-MaLR	601	+	63	16549750	5008
chr1	16544742	16744742	harbor2	chr1	16601299	16601923	LTR/ERVL-MaLR	1935	+	312	16601611	56869
chr1	16544742	16744742	harbor2	chr1	16605694	16605874	LTR/ERVL-MaLR	544	+	90	16605784	61042
chr1	16544837	16744837	harbor2	chr1	16549687	16549813	LTR/ERVL-MaLR	601	+	63	16549750	4913
chr1	16544837	16744837	harbor2	chr1	16601299	16601923	LTR/ERVL-MaLR	1935	+	312	16601611	56774
chr1	16544837	16744837	harbor2	chr1	16605694	16605874	LTR/ERVL-MaLR	544	+	90	16605784	60947
chr1	2138423	2338423	harbor2	chr1	2199627	2199797	LTR/ERVL-MaLR	761	+	85	2199712	61289
chr1	2138423	2338423	harbor2	chr1	2200424	2200663	LTR/ERVL-MaLR	761	+	120	2200544	62121
chr1	226639019	226839019	harbor2	chr1	226708412	226708845	LTR/ERVL-MaLR	897	+	216	226708628	69609
chr1	226639019	226839019	harbor2	chr1	226714090	226714434	LTR/ERVL-MaLR	1215	+	172	226714262	75243
chr1	155092951	155292951	harbor2	chr1	155141770	155142118	LTR/ERVL-MaLR	2555	+	174	155141944	48993
chr1	53847584	54047584	harbor2	chr1	53848656	53848893	LTR/ERVL-MaLR	538	+	118	53848774	1190
chr1	53847584	54047584	harbor2	chr1	53849510	53849730	LTR/ERVL-MaLR	538	+	110	53849620	2036
chr1	53847584	54047584	harbor2	chr1	53850681	53851026	LTR/ERVL-MaLR	2341	+	172	53850853	3269
chr1	53847584	54047584	harbor2	chr1	53856817	53857350	LTR/ERVL-MaLR	1597	+	266	53857083	9499
chr1	53847584	54047584	harbor2	chr1	53913645	53914005	LTR/ERVL-MaLR	1347	+	180	53913825	66241
chr1	53847584	54047584	harbor2	chr1	53919306	53919656	LTR/ERVL-MaLR	757	+	175	53919481	71897
chr1	53856437	54056437	harbor2	chr1	53856817	53857350	LTR/ERVL-MaLR	1597	+	266	53857083	646
chr1	53856437	54056437	harbor2	chr1	53913645	53914005	LTR/ERVL-MaLR	1347	+	180	53913825	57388
chr1	53856437	54056437	harbor2	chr1	53919306	53919656	LTR/ERVL-MaLR	757	+	175	53919481	63044
chr1	16544790	16744790	harbor2	chr1	16549687	16549813	LTR/ERVL-MaLR	601	+	63	16549750	4960
chr1	16544790	16744790	harbor2	chr1	16601299	16601923	LTR/ERVL-MaLR	1935	+	312	16601611	56821
chr1	16544790	16744790	harbor2	chr1	16605694	16605874	LTR/ERVL-MaLR	544	+	90	16605784	60994
chr1	154870386	155070386	harbor2	chr1	154889589	154890033	LTR/ERVL-MaLR	697	+	222	154889811	19425
chr1	154870386	155070386	harbor2	chr1	154890345	154890428	LTR/ERVL-MaLR	635	+	42	154890387	20001
chr1	154870386	155070386	harbor2	chr1	154895345	154895660	LTR/ERVL-MaLR	461	+	158	154895503	25117
chr1	154870386	155070386	harbor2	chr1	154913762	154914165	LTR/ERVL-MaLR	2596	+	202	154913964	43578
chr1	204830869	205030869	harbor2	chr1	204850454	204850836	LTR/ERVL-MaLR	1974	+	191	204850645	19776
chr1	204830869	205030869	harbor2	chr1	204914215	204914589	LTR/ERVL-MaLR	2396	+	187	204914402	83533
chr1	182932329	183132329	harbor2	chr1	182948244	182948718	LTR/ERVL-MaLR	2114	+	237	182948481	16152
chr1	182932329	183132329	harbor2	chr1	182970047	182970200	LTR/ERVL-MaLR	466	+	76	182970123	37794
chr1	182932329	183132329	harbor2	chr1	183004376	183004710	LTR/ERVL-MaLR	661	+	167	183004543	72214
chr1	16546417	16746417	harbor2	chr1	16549687	16549813	LTR/ERVL-MaLR	601	+	63	16549750	3333
chr1	16546417	16746417	harbor2	chr1	16601299	16601923	LTR/ERVL-MaLR	1935	+	312	16601611	55194
chr1	16546417	16746417	harbor2	chr1	16605694	16605874	LTR/ERVL-MaLR	544	+	90	16605784	59367
chr1	21392241	21592241	harbor2	chr1	21409928	21410257	LTR/ERVL-MaLR	1882	+	164	21410092	17851
chr1	21392241	21592241	harbor2	chr1	21461818	21462247	LTR/ERVL-MaLR	2514	+	214	21462032	69791
chr1	211034229	211234229	harbor2	chr1	211037763	211037958	LTR/ERVL-MaLR	2260	+	98	211037861	3632
chr1	211034229	211234229	harbor2	chr1	211038261	211038409	LTR/ERVL-MaLR	2260	+	74	211038335	4106
chr1	211034229	211234229	harbor2	chr1	211038410	211039907	LTR/ERVL-MaLR	11957	+	748	211039158	4929
chr1	211034229	211234229	harbor2	chr1	211040208	211040285	LTR/ERVL-MaLR	11957	+	38	211040246	6017
chr1	211034229	211234229	harbor2	chr1	211040286	211040631	LTR/ERVL-MaLR	2413	+	172	211040458	6229
chr1	211034229	211234229	harbor2	chr1	211117273	211117597	LTR/ERVL-MaLR	476	+	162	211117435	83206
chr1	59715217	59915217	harbor2	chr1	59736287	59737861	LTR/ERVL-MaLR	12556	+	787	59737074	21857
chr1	59715217	59915217	harbor2	chr1	59737862	59737958	LTR/ERVL-MaLR	641	+	48	59737910	22693
chr1	59715217	59915217	harbor2	chr1	59741193	59741571	LTR/ERVL-MaLR	2324	+	189	59741382	26165
chr1	59715217	59915217	harbor2	chr1	59769802	59770162	LTR/ERVL-MaLR	977	+	180	59769982	54765
chr1	59715217	59915217	harbor2	chr1	59790100	59790459	LTR/ERVL-MaLR	2422	+	180	59790280	75063
chr1	59715217	59915217	harbor2	chr1	59798018	59798429	LTR/ERVL-MaLR	2073	+	206	59798224	83007
chr1	59715217	59915217	harbor2	chr1	59735926	59736286	LTR/ERVL-MaLR	2384	+	180	59736106	20889
chr1	244735652	244935652	harbor2	chr1	244748944	244749126	LTR/ERVL-MaLR	2114	+	91	244749035	13383
chr1	244735652	244935652	harbor2	chr1	244749388	244749590	LTR/ERVL-MaLR	2114	+	101	244749489	13837
chr1	16544707	16744707	harbor2	chr1	16549687	16549813	LTR/ERVL-MaLR	601	+	63	16549750	5043
chr1	16544707	16744707	harbor2	chr1	16601299	16601923	LTR/ERVL-MaLR	1935	+	312	16601611	56904
chr1	16544707	16744707	harbor2	chr1	16605694	16605874	LTR/ERVL-MaLR	544	+	90	16605784	61077
chr1	227442483	227642483	harbor2	chr1	227444014	227444110	LTR/ERVL-MaLR	693	+	48	227444062	1579
chr1	227442483	227642483	harbor2	chr1	227450807	227450925	LTR/ERVL-MaLR	525	+	59	227450866	8383
chr1	227442483	227642483	harbor2	chr1	227469821	227470200	LTR/ERVL-MaLR	1981	+	190	227470011	27528
chr1	227442483	227642483	harbor2	chr1	227470189	227471795	LTR/ERVL-MaLR	10921	+	803	227470992	28509
chr1	227442483	227642483	harbor2	chr1	227471801	227472189	LTR/ERVL-MaLR	2116	+	194	227471995	29512
chr1	227442483	227642483	harbor2	chr1	227485599	227485957	LTR/ERVL-MaLR	1836	+	179	227485778	43295
chr1	227442483	227642483	harbor2	chr1	227496875	227497027	LTR/ERVL-MaLR	2416	+	76	227496951	54468
chr1	227442483	227642483	harbor2	chr1	227497318	227497527	LTR/ERVL-MaLR	2416	+	104	227497422	54939
chr1	227442483	227642483	harbor2	chr1	227514578	227514630	LTR/ERVL-MaLR	1560	+	26	227514604	72121
chr1	227442483	227642483	harbor2	chr1	227515926	227516405	LTR/ERVL-MaLR	1560	+	240	227516166	73683
chr1	227442483	227642483	harbor2	chr1	227519533	227519868	LTR/ERVL-MaLR	1191	+	168	227519701	77218
chr1	25574287	25774287	harbor2	chr1	25598750	25599217	LTR/ERVL-MaLR	996	+	234	25598984	24697
chr1	116272865	116472865	harbor2	chr1	116341809	116342157	LTR/ERVL-MaLR	1792	+	174	116341983	69118
chr1	116272865	116472865	harbor2	chr1	116342172	116342589	LTR/ERVL-MaLR	2616	+	208	116342380	69515
chr1	116272865	116472865	harbor2	chr1	116342884	116343087	LTR/ERVL-MaLR	2616	+	102	116342986	70121
chr1	116272865	116472865	harbor2	chr1	116343279	116343292	LTR/ERVL-MaLR	690	+	6	116343285	70420
chr1	116272865	116472865	harbor2	chr1	116343541	116343919	LTR/ERVL-MaLR	690	+	189	116343730	70865
chr1	244631205	244831205	harbor2	chr1	244647360	244647825	LTR/ERVL-MaLR	1599	+	232	244647592	16387
chr1	244631205	244831205	harbor2	chr1	244649357	244649835	LTR/ERVL-MaLR	2036	+	239	244649596	18391
chr1	244631205	244831205	harbor2	chr1	244672179	244672539	LTR/ERVL-MaLR	2308	+	180	244672359	41154
chr1	244631205	244831205	harbor2	chr1	244700970	244701719	LTR/ERVL-MaLR	2607	+	374	244701344	70139
chr1	2172191	2372191	harbor2	chr1	2199627	2199797	LTR/ERVL-MaLR	761	+	85	2199712	27521
chr1	2172191	2372191	harbor2	chr1	2200424	2200663	LTR/ERVL-MaLR	761	+	120	2200544	28353
chr1	244605764	244805764	harbor2	chr1	244613763	244614189	LTR/ERVL-MaLR	2489	+	213	244613976	8212
chr1	244605764	244805764	harbor2	chr1	244647360	244647825	LTR/ERVL-MaLR	1599	+	232	244647592	41828
chr1	244605764	244805764	harbor2	chr1	244649357	244649835	LTR/ERVL-MaLR	2036	+	239	244649596	43832
chr1	244605764	244805764	harbor2	chr1	244672179	244672539	LTR/ERVL-MaLR	2308	+	180	244672359	66595
chr1	244605764	244805764	harbor2	chr1	244700970	244701719	LTR/ERVL-MaLR	2607	+	374	244701344	95580
chr1	6685436	6885436	harbor2	chr1	6723372	6723800	LTR/ERVL-MaLR	1341	+	214	6723586	38150
chr1	6685436	6885436	harbor2	chr1	6727933	6728054	LTR/ERVL-MaLR	601	+	60	6727993	42557
chr1	6685436	6885436	harbor2	chr1	6728232	6728264	LTR/ERVL-MaLR	727	+	16	6728248	42812
chr1	6685436	6885436	harbor2	chr1	6728559	6728812	LTR/ERVL-MaLR	727	+	126	6728685	43249
chr1	6685436	6885436	harbor2	chr1	6731368	6731529	LTR/ERVL-MaLR	959	+	80	6731448	46012
chr1	6685436	6885436	harbor2	chr1	6737821	6738131	LTR/ERVL-MaLR	507	+	155	6737976	52540
chr1	6685436	6885436	harbor2	chr1	6748480	6748628	LTR/ERVL-MaLR	570	+	74	6748554	63118
chr1	6685436	6885436	harbor2	chr1	6748792	6749028	LTR/ERVL-MaLR	1494	+	118	6748910	63474
chr1	6685436	6885436	harbor2	chr1	6765629	6766007	LTR/ERVL-MaLR	2323	+	189	6765818	80382
chr1	6685436	6885436	harbor2	chr1	6769039	6769163	LTR/ERVL-MaLR	735	+	62	6769101	83665
chr1	6685436	6885436	harbor2	chr1	6776004	6776116	LTR/ERVL-MaLR	1672	+	56	6776060	90624
chr1	6685436	6885436	harbor2	chr1	6776392	6776760	LTR/ERVL-MaLR	1672	+	184	6776576	91140
chr1	17020269	17220269	harbor2	chr1	17021127	17021296	LTR/ERVL-MaLR	960	+	84	17021211	942
chr1	17020269	17220269	harbor2	chr1	17021776	17021937	LTR/ERVL-MaLR	720	+	80	17021856	1587
chr1	17020269	17220269	harbor2	chr1	17043670	17044061	LTR/ERVL-MaLR	1402	+	196	17043866	23597
chr1	17020269	17220269	harbor2	chr1	17080199	17080564	LTR/ERVL-MaLR	845	+	182	17080381	60112
chr1	17020269	17220269	harbor2	chr1	17106308	17106433	LTR/ERVL-MaLR	652	+	62	17106370	86101
chr1	17020269	17220269	harbor2	chr1	17106733	17107017	LTR/ERVL-MaLR	865	+	142	17106875	86606
chr1	148210264	148410264	harbor2	chr1	148223590	148223749	LTR/ERVL-MaLR	2280	+	80	148223670	13406
chr1	148210264	148410264	harbor2	chr1	148223750	148223874	LTR/ERVL-MaLR	2310	+	62	148223812	13548
chr1	148210264	148410264	harbor2	chr1	148224183	148224442	LTR/ERVL-MaLR	2310	+	130	148224313	14049
chr1	148210264	148410264	harbor2	chr1	148224443	148224674	LTR/ERVL-MaLR	2280	+	116	148224559	14295
chr1	148210264	148410264	harbor2	chr1	148286713	148287075	LTR/ERVL-MaLR	1457	+	181	148286894	76630
chr1	16603124	16803124	harbor2	chr1	16605694	16605874	LTR/ERVL-MaLR	544	+	90	16605784	2660
chr1	31479894	31679894	harbor2	chr1	31486198	31486549	LTR/ERVL-MaLR	2133	+	176	31486374	6480
chr1	31479894	31679894	harbor2	chr1	31489574	31489828	LTR/ERVL-MaLR	1998	+	127	31489701	9807
chr1	31479894	31679894	harbor2	chr1	31491845	31492016	LTR/ERVL-MaLR	667	+	86	31491931	12037
chr1	31479894	31679894	harbor2	chr1	31519888	31520117	LTR/ERVL-MaLR	683	+	114	31520002	40108
chr1	31479894	31679894	harbor2	chr1	31566396	31567017	LTR/ERVL-MaLR	1570	+	310	31566706	86812
chr1	2138420	2338420	harbor2	chr1	2199627	2199797	LTR/ERVL-MaLR	761	+	85	2199712	61292
chr1	2138420	2338420	harbor2	chr1	2200424	2200663	LTR/ERVL-MaLR	761	+	120	2200544	62124
chr1	167621518	167821518	harbor2	chr1	167624787	167624993	LTR/ERVL-MaLR	1784	+	103	167624890	3372
chr1	167621518	167821518	harbor2	chr1	167625027	167625059	LTR/ERVL-MaLR	1784	+	16	167625043	3525
chr1	167621518	167821518	harbor2	chr1	167625193	167625356	LTR/ERVL-MaLR	1784	+	82	167625275	3757
chr1	86768547	86968547	harbor2	chr1	86786723	86786913	LTR/ERVL-MaLR	1407	+	95	86786818	18271
chr1	86768547	86968547	harbor2	chr1	86787061	86787289	LTR/ERVL-MaLR	1314	+	114	86787175	18628
chr1	86768547	86968547	harbor2	chr1	86800231	86800573	LTR/ERVL-MaLR	651	+	171	86800402	31855
chr1	86768547	86968547	harbor2	chr1	86827157	86827529	LTR/ERVL-MaLR	2198	+	186	86827343	58796
chr1	86768547	86968547	harbor2	chr1	86829413	86829775	LTR/ERVL-MaLR	1619	+	181	86829594	61047
chr1	86768547	86968547	harbor2	chr1	86832460	86832932	LTR/ERVL-MaLR	2422	+	236	86832696	64149
chr1	86768547	86968547	harbor2	chr1	86839771	86840175	LTR/ERVL-MaLR	840	+	202	86839973	71426
chr1	86768547	86968547	harbor2	chr1	86847872	86847964	LTR/ERVL-MaLR	2164	+	46	86847918	79371
chr1	86768547	86968547	harbor2	chr1	86848266	86848587	LTR/ERVL-MaLR	2164	+	160	86848426	79879
chr1	86768547	86968547	harbor2	chr1	86854244	86854663	LTR/ERVL-MaLR	1030	+	210	86854454	85907
chr1	86768547	86968547	harbor2	chr1	86854941	86854962	LTR/ERVL-MaLR	1030	+	10	86854951	86404
chr1	86768547	86968547	harbor2	chr1	86855800	86855863	LTR/ERVL-MaLR	1030	+	32	86855832	87285
chr1	16545142	16745142	harbor2	chr1	16549687	16549813	LTR/ERVL-MaLR	601	+	63	16549750	4608
chr1	16545142	16745142	harbor2	chr1	16601299	16601923	LTR/ERVL-MaLR	1935	+	312	16601611	56469
chr1	16545142	16745142	harbor2	chr1	16605694	16605874	LTR/ERVL-MaLR	544	+	90	16605784	60642
chr1	28827120	29027120	harbor2	chr1	28904475	28904615	LTR/ERVL-MaLR	1482	+	70	28904545	77425
chr1	28827120	29027120	harbor2	chr1	28905518	28905700	LTR/ERVL-MaLR	1482	+	91	28905609	78489
chr1	28827120	29027120	harbor2	chr1	28923855	28924247	LTR/ERVL-MaLR	1887	+	196	28924051	96931
chr1	28827120	29027120	harbor2	chr1	28924547	28924684	LTR/ERVL-MaLR	1887	+	68	28924615	97495
chr1	2219320	2419320	harbor2	chr1	2277285	2277630	LTR/ERVL-MaLR	2395	+	172	2277457	58137
chr1	110113147	110313147	harbor2	chr1	110124537	110124947	LTR/ERVL-MaLR	2339	+	205	110124742	11595
chr1	110113147	110313147	harbor2	chr1	110126226	110126403	LTR/ERVL-MaLR	960	+	88	110126314	13167
chr1	110113147	110313147	harbor2	chr1	110205031	110205573	LTR/ERVL-MaLR	1598	+	271	110205302	92155
chr1	16546458	16746458	harbor2	chr1	16549687	16549813	LTR/ERVL-MaLR	601	+	63	16549750	3292
chr1	16546458	16746458	harbor2	chr1	16601299	16601923	LTR/ERVL-MaLR	1935	+	312	16601611	55153
chr1	16546458	16746458	harbor2	chr1	16605694	16605874	LTR/ERVL-MaLR	544	+	90	16605784	59326
chr1	180065529	180265529	harbor2	chr1	180131005	180131579	LTR/ERVL-MaLR	2216	+	287	180131292	65763
chr1	180065529	180265529	harbor2	chr1	180140935	180140984	LTR/ERVL-MaLR	1400	+	24	180140959	75430
chr1	180065529	180265529	harbor2	chr1	180141285	180141699	LTR/ERVL-MaLR	1400	+	207	180141492	75963
chr1	23271185	23471185	harbor2	chr1	23272661	23272761	LTR/ERVL-MaLR	662	+	50	23272711	1526
chr1	23271185	23471185	harbor2	chr1	23277754	23277873	LTR/ERVL-MaLR	636	+	60	23277814	6629
chr1	23271185	23471185	harbor2	chr1	23277886	23278044	LTR/ERVL-MaLR	861	+	79	23277965	6780
chr1	23271185	23471185	harbor2	chr1	23278336	23278472	LTR/ERVL-MaLR	861	+	68	23278404	7219
chr1	727539	927539	harbor2	chr1	769363	769790	LTR/ERVL-MaLR	1424	+	214	769577	42038
chr1	727539	927539	harbor2	chr1	813876	814012	LTR/ERVL-MaLR	612	+	68	813944	86405
chr1	727539	927539	harbor2	chr1	819066	819303	LTR/ERVL-MaLR	527	+	118	819184	91645
chr1	2139714	2339714	harbor2	chr1	2199627	2199797	LTR/ERVL-MaLR	761	+	85	2199712	59998
chr1	2139714	2339714	harbor2	chr1	2200424	2200663	LTR/ERVL-MaLR	761	+	120	2200544	60830
chr1	214181152	214381152	harbor2	chr1	214206631	214207033	LTR/ERVL-MaLR	838	+	201	214206832	25680
chr1	214181152	214381152	harbor2	chr1	214233161	214233536	LTR/ERVL-MaLR	1469	+	188	214233349	52197
chr1	214181152	214381152	harbor2	chr1	214242154	214242547	LTR/ERVL-MaLR	2457	+	196	214242350	61198
chr1	51230916	51430916	harbor2	chr1	51300705	51301112	LTR/ERVL-MaLR	562	+	204	51300909	69993
chr1	244609671	244809671	harbor2	chr1	244613763	244614189	LTR/ERVL-MaLR	2489	+	213	244613976	4305
chr1	244609671	244809671	harbor2	chr1	244647360	244647825	LTR/ERVL-MaLR	1599	+	232	244647592	37921
chr1	244609671	244809671	harbor2	chr1	244649357	244649835	LTR/ERVL-MaLR	2036	+	239	244649596	39925
chr1	244609671	244809671	harbor2	chr1	244672179	244672539	LTR/ERVL-MaLR	2308	+	180	244672359	62688
chr1	244609671	244809671	harbor2	chr1	244700970	244701719	LTR/ERVL-MaLR	2607	+	374	244701344	91673
chr1	20052576	20252576	harbor2	chr1	20061868	20062245	LTR/ERVL-MaLR	2255	+	188	20062056	9480
chr1	20052576	20252576	harbor2	chr1	20128739	20129115	LTR/ERVL-MaLR	2459	+	188	20128927	76351
chr1	20052576	20252576	harbor2	chr1	20136233	20136637	LTR/ERVL-MaLR	2065	+	202	20136435	83859
chr1	16660926	16860926	harbor2	chr1	16735606	16735957	LTR/ERVL-MaLR	2552	+	176	16735782	74856
chr1	223604865	223804865	harbor2	chr1	223666631	223667081	LTR/ERVL-MaLR	1327	+	225	223666856	61991
chr1	223604865	223804865	harbor2	chr1	223687153	223687569	LTR/ERVL-MaLR	2249	+	208	223687361	82496
chr1	3449903	3649903	harbor2	chr1	3512452	3512820	LTR/ERVL-MaLR	2554	+	184	3512636	62733
chr1	3449903	3649903	harbor2	chr1	3524906	3525098	LTR/ERVL-MaLR	462	+	96	3525002	75099
chr1	3449903	3649903	harbor2	chr1	3528445	3528945	LTR/ERVL-MaLR	2127	+	250	3528695	78792
chr1	3845544	4045544	harbor2	chr1	3852674	3853095	LTR/ERVL-MaLR	1042	+	210	3852884	7340
chr1	3845544	4045544	harbor2	chr1	3879376	3879715	LTR/ERVL-MaLR	1090	+	170	3879546	34002
chr1	3845544	4045544	harbor2	chr1	3918344	3918698	LTR/ERVL-MaLR	2474	+	177	3918521	72977
chr1	3845544	4045544	harbor2	chr1	3922795	3923256	LTR/ERVL-MaLR	1471	+	230	3923025	77481
chr1	3845544	4045544	harbor2	chr1	3928970	3929146	LTR/ERVL-MaLR	664	+	88	3929058	83514
chr1	3845544	4045544	harbor2	chr1	3930771	3931038	LTR/ERVL-MaLR	836	+	134	3930905	85361
chr1	3845544	4045544	harbor2	chr1	3942395	3942748	LTR/ERVL-MaLR	1712	+	176	3942571	97027
chr1	2139645	2339645	harbor2	chr1	2199627	2199797	LTR/ERVL-MaLR	761	+	85	2199712	60067
chr1	2139645	2339645	harbor2	chr1	2200424	2200663	LTR/ERVL-MaLR	761	+	120	2200544	60899
chr1	16586020	16786020	harbor2	chr1	16601299	16601923	LTR/ERVL-MaLR	1935	+	312	16601611	15591
chr1	16586020	16786020	harbor2	chr1	16605694	16605874	LTR/ERVL-MaLR	544	+	90	16605784	19764
chr1	228074079	228274079	harbor2	chr1	228129532	228129948	LTR/ERVL-MaLR	2613	+	208	228129740	55661
chr1	1247817	1447817	harbor2	chr1	1269890	1270250	LTR/ERVL-MaLR	2027	+	180	1270070	22253
chr1	244605740	244805740	harbor2	chr1	244613763	244614189	LTR/ERVL-MaLR	2489	+	213	244613976	8236
chr1	244605740	244805740	harbor2	chr1	244647360	244647825	LTR/ERVL-MaLR	1599	+	232	244647592	41852
chr1	244605740	244805740	harbor2	chr1	244649357	244649835	LTR/ERVL-MaLR	2036	+	239	244649596	43856
chr1	244605740	244805740	harbor2	chr1	244672179	244672539	LTR/ERVL-MaLR	2308	+	180	244672359	66619
chr1	244605740	244805740	harbor2	chr1	244700970	244701719	LTR/ERVL-MaLR	2607	+	374	244701344	95604
chr1	230028630	230228630	harbor2	chr1	230051972	230052302	LTR/ERVL-MaLR	1950	+	165	230052137	23507
chr1	19544301	19744301	harbor2	chr1	19553906	19554313	LTR/ERVL-MaLR	882	+	204	19554110	9809
chr1	19544301	19744301	harbor2	chr1	19570696	19570769	LTR/ERVL-MaLR	2037	+	36	19570732	26431
chr1	19544301	19744301	harbor2	chr1	19571073	19571403	LTR/ERVL-MaLR	2037	+	165	19571238	26937
chr1	19544301	19744301	harbor2	chr1	19571676	19572014	LTR/ERVL-MaLR	1489	+	169	19571845	27544
chr1	19544301	19744301	harbor2	chr1	19572550	19572895	LTR/ERVL-MaLR	2192	+	172	19572722	28421
chr1	28815540	29015540	harbor2	chr1	28904475	28904615	LTR/ERVL-MaLR	1482	+	70	28904545	89005
chr1	28815540	29015540	harbor2	chr1	28905518	28905700	LTR/ERVL-MaLR	1482	+	91	28905609	90069
chr1	47318309	47518309	harbor2	chr1	47323492	47323846	LTR/ERVL-MaLR	2069	+	177	47323669	5360
chr1	47318309	47518309	harbor2	chr1	47329042	47329295	LTR/ERVL-MaLR	648	+	126	47329168	10859
chr1	47318309	47518309	harbor2	chr1	47329437	47329587	LTR/ERVL-MaLR	911	+	75	47329512	11203
chr1	47318309	47518309	harbor2	chr1	47330186	47330248	LTR/ERVL-MaLR	911	+	31	47330217	11908
chr1	47318309	47518309	harbor2	chr1	47391189	47391486	LTR/ERVL-MaLR	1629	+	148	47391337	73028
chr1	47318309	47518309	harbor2	chr1	47391786	47391944	LTR/ERVL-MaLR	1629	+	79	47391865	73556
chr1	47318309	47518309	harbor2	chr1	47398337	47398905	LTR/ERVL-MaLR	1325	+	284	47398621	80312
chr1	165727908	165927908	harbor2	chr1	165735933	165736272	LTR/ERVL-MaLR	1668	+	170	165736103	8195
chr1	165727908	165927908	harbor2	chr1	165740661	165740981	LTR/ERVL-MaLR	1260	+	160	165740821	12913
chr1	165727908	165927908	harbor2	chr1	165741688	165742049	LTR/ERVL-MaLR	2294	+	180	165741868	13960
chr1	165727908	165927908	harbor2	chr1	165755837	165755985	LTR/ERVL-MaLR	552	+	74	165755911	28003
chr1	241289600	241489600	harbor2	chr1	241303117	241303501	LTR/ERVL-MaLR	2204	+	192	241303309	13709
chr1	241289600	241489600	harbor2	chr1	241366542	241366905	LTR/ERVL-MaLR	2025	+	182	241366724	77124
chr1	241289600	241489600	harbor2	chr1	241373370	241373791	LTR/ERVL-MaLR	2534	+	210	241373580	83980
chr1	11741330	11941330	harbor2	chr1	11799310	11799623	LTR/ERVL-MaLR	443	+	156	11799466	58136
chr1	11741330	11941330	harbor2	chr1	11780075	11780245	LTR/ERVL-MaLR	841	+	85	11780160	38830
chr1	203029240	203229240	harbor2	chr1	203103846	203104253	LTR/ERVL-MaLR	1458	+	204	203104050	74810
chr1	212332813	212532813	harbor2	chr1	212382493	212383118	LTR/ERVL-MaLR	987	+	312	212382805	49992
chr1	212332813	212532813	harbor2	chr1	212388417	212388793	LTR/ERVL-MaLR	1741	+	188	212388605	55792
chr1	212332813	212532813	harbor2	chr1	212406990	212407504	LTR/ERVL-MaLR	2466	+	257	212407247	74434
chr1	212332813	212532813	harbor2	chr1	212418061	212418223	LTR/ERVL-MaLR	1002	+	81	212418142	85329
chr1	32108058	32308058	harbor2	chr1	32111968	32112151	LTR/ERVL-MaLR	749	+	92	32112060	4002
chr1	16544730	16744730	harbor2	chr1	16549687	16549813	LTR/ERVL-MaLR	601	+	63	16549750	5020
chr1	16544730	16744730	harbor2	chr1	16601299	16601923	LTR/ERVL-MaLR	1935	+	312	16601611	56881
chr1	16544730	16744730	harbor2	chr1	16605694	16605874	LTR/ERVL-MaLR	544	+	90	16605784	61054
chr1	53584910	53784910	harbor2	chr1	53598097	53598260	LTR/ERVL-MaLR	1673	+	82	53598179	13269
chr1	53584910	53784910	harbor2	chr1	53598547	53598761	LTR/ERVL-MaLR	1673	+	107	53598654	13744
chr1	53584910	53784910	harbor2	chr1	53599171	53599578	LTR/ERVL-MaLR	2451	+	204	53599375	14465
chr1	53584910	53784910	harbor2	chr1	53622483	53622892	LTR/ERVL-MaLR	918	+	204	53622687	37777
chr1	53584910	53784910	harbor2	chr1	53657376	53657871	LTR/ERVL-MaLR	1131	+	248	53657624	72714
chr1	230743397	230943397	harbor2	chr1	230783327	230783712	LTR/ERVL-MaLR	1834	+	192	230783519	40122
chr1	230743397	230943397	harbor2	chr1	230785362	230785762	LTR/ERVL-MaLR	2369	+	200	230785562	42165
chr1	230743397	230943397	harbor2	chr1	230833548	230833979	LTR/ERVL-MaLR	2636	+	216	230833764	90367
chr1	230743397	230943397	harbor2	chr1	230835676	230836040	LTR/ERVL-MaLR	1767	+	182	230835858	92461
chr1	230743397	230943397	harbor2	chr1	230783713	230785361	LTR/ERVL-MaLR	10279	+	824	230784537	41140
chr1	89721814	89921814	harbor2	chr1	89755604	89755725	LTR/ERVL-MaLR	512	+	60	89755664	33850
chr1	89721814	89921814	harbor2	chr1	89760474	89760824	LTR/ERVL-MaLR	1799	+	175	89760649	38835
chr1	89721814	89921814	harbor2	chr1	89775007	89775518	LTR/ERVL-MaLR	2301	+	256	89775263	53449
chr1	89721814	89921814	harbor2	chr1	89791417	89791890	LTR/ERVL-MaLR	622	+	236	89791653	69839
chr1	89721814	89921814	harbor2	chr1	89792055	89792431	LTR/ERVL-MaLR	1917	+	188	89792243	70429
chr1	89721814	89921814	harbor2	chr1	89793899	89794039	LTR/ERVL-MaLR	1917	+	70	89793969	72155
chr1	89721814	89921814	harbor2	chr1	89797029	89797169	LTR/ERVL-MaLR	701	+	70	89797099	75285
chr1	89721814	89921814	harbor2	chr1	89807137	89807310	LTR/ERVL-MaLR	1335	+	86	89807223	85409
chr1	89721814	89921814	harbor2	chr1	89807601	89807872	LTR/ERVL-MaLR	1335	+	136	89807737	85923
chr1	89721814	89921814	harbor2	chr1	89817770	89818072	LTR/ERVL-MaLR	1700	+	151	89817921	96107
chr1	89721814	89921814	harbor2	chr1	89818374	89818443	LTR/ERVL-MaLR	1700	+	34	89818408	96594
chr1	116393750	116593750	harbor2	chr1	116411055	116411233	LTR/ERVL-MaLR	612	+	89	116411144	17394
chr1	116393750	116593750	harbor2	chr1	116411969	116412112	LTR/ERVL-MaLR	463	+	72	116412041	18291
chr1	116393750	116593750	harbor2	chr1	116414992	116415408	LTR/ERVL-MaLR	915	+	208	116415200	21450
chr1	116393750	116593750	harbor2	chr1	116421526	116421968	LTR/ERVL-MaLR	1687	+	221	116421747	27997
chr1	116393750	116593750	harbor2	chr1	116470701	116471102	LTR/ERVL-MaLR	2327	+	200	116470901	77151
chr1	220688388	220888388	harbor2	chr1	220731467	220731828	LTR/ERVL-MaLR	2260	+	180	220731647	43259
chr1	220688388	220888388	harbor2	chr1	220744876	220745282	LTR/ERVL-MaLR	2295	+	203	220745079	56691
chr1	235647632	235847632	harbor2	chr1	235710579	235711185	LTR/ERVL-MaLR	838	+	303	235710882	63250
chr1	79970074	80170074	harbor2	chr1	80015635	80016011	LTR/ERVL-MaLR	625	+	188	80015823	45749
chr1	79970074	80170074	harbor2	chr1	80016310	80016366	LTR/ERVL-MaLR	625	+	28	80016338	46264
chr1	79970074	80170074	harbor2	chr1	80017590	80017968	LTR/ERVL-MaLR	1629	+	189	80017779	47705
chr1	79970074	80170074	harbor2	chr1	80019885	80020261	LTR/ERVL-MaLR	1932	+	188	80020073	49999
chr1	79970074	80170074	harbor2	chr1	80028281	80028830	LTR/ERVL-MaLR	1460	+	274	80028555	58481
chr1	79970074	80170074	harbor2	chr1	80028845	80029023	LTR/ERVL-MaLR	605	+	89	80028934	58860
chr1	100904301	101104301	harbor2	chr1	100951788	100952202	LTR/ERVL-MaLR	2111	+	207	100951995	47694
chr1	100904301	101104301	harbor2	chr1	100952930	100953293	LTR/ERVL-MaLR	1707	+	182	100953112	48811
chr1	6601951	6801951	harbor2	chr1	6657149	6657588	LTR/ERVL-MaLR	510	+	220	6657369	55418
chr1	23880282	24080282	harbor2	chr1	23928367	23928493	LTR/ERVL-MaLR	591	+	63	23928430	48148
chr1	23880282	24080282	harbor2	chr1	23932309	23932450	LTR/ERVL-MaLR	624	+	70	23932379	52097
chr1	23880282	24080282	harbor2	chr1	23938932	23939384	LTR/ERVL-MaLR	1571	+	226	23939158	58876
chr1	237493862	237693862	harbor2	chr1	237574368	237574991	LTR/ERVL-MaLR	2148	+	312	237574680	80818
chr1	237493862	237693862	harbor2	chr1	237577291	237577489	LTR/ERVL-MaLR	941	+	99	237577390	83528
chr1	237493862	237693862	harbor2	chr1	237577550	237577573	LTR/ERVL-MaLR	941	+	12	237577562	83700
chr1	237493862	237693862	harbor2	chr1	237580656	237581016	LTR/ERVL-MaLR	1610	+	180	237580836	86974
chr1	5894141	6094141	harbor2	chr1	5917264	5917611	LTR/ERVL-MaLR	923	+	174	5917438	23297
chr1	5894141	6094141	harbor2	chr1	5917743	5918090	LTR/ERVL-MaLR	760	+	174	5917917	23776
chr1	5894141	6094141	harbor2	chr1	5921903	5922363	LTR/ERVL-MaLR	1902	+	230	5922133	27992
chr1	5894141	6094141	harbor2	chr1	5936769	5937132	LTR/ERVL-MaLR	569	+	182	5936951	42810
chr1	5894141	6094141	harbor2	chr1	5940094	5940458	LTR/ERVL-MaLR	1717	+	182	5940276	46135
chr1	5894141	6094141	harbor2	chr1	5950512	5950744	LTR/ERVL-MaLR	535	+	116	5950628	56487
chr1	5894141	6094141	harbor2	chr1	5989217	5989332	LTR/ERVL-MaLR	462	+	58	5989275	95134
chr1	207932133	208132133	harbor2	chr1	207933226	207933438	LTR/ERVL-MaLR	997	+	106	207933332	1199
chr1	207932133	208132133	harbor2	chr1	207933990	207934200	LTR/ERVL-MaLR	997	+	105	207934095	1962
chr1	207932133	208132133	harbor2	chr1	207956074	207956380	LTR/ERVL-MaLR	519	+	153	207956227	24094
chr1	207932133	208132133	harbor2	chr1	207967104	207967210	LTR/ERVL-MaLR	448	+	53	207967157	35024
chr1	207932133	208132133	harbor2	chr1	207967596	207967859	LTR/ERVL-MaLR	733	+	132	207967728	35595
chr1	207932133	208132133	harbor2	chr1	208000877	208001207	LTR/ERVL-MaLR	1610	+	165	208001042	68909
chr1	207932133	208132133	harbor2	chr1	208006274	208006813	LTR/ERVL-MaLR	1698	+	270	208006544	74411
chr1	7653025	7853025	harbor2	chr1	7656019	7656192	LTR/ERVL-MaLR	932	+	86	7656105	3080
chr1	101801228	102001228	harbor2	chr1	101827828	101828009	LTR/ERVL-MaLR	1879	+	90	101827918	26690
chr1	101801228	102001228	harbor2	chr1	101828081	101828245	LTR/ERVL-MaLR	1879	+	82	101828163	26935
chr1	101801228	102001228	harbor2	chr1	101858517	101858898	LTR/ERVL-MaLR	2319	+	190	101858707	57479
chr1	101801228	102001228	harbor2	chr1	101867784	101868153	LTR/ERVL-MaLR	2316	+	184	101867968	66740
chr1	101801228	102001228	harbor2	chr1	101868156	101869634	LTR/ERVL-MaLR	9093	+	739	101868895	67667
chr1	101801228	102001228	harbor2	chr1	101869636	101869994	LTR/ERVL-MaLR	2253	+	179	101869815	68587
chr1	1247824	1447824	harbor2	chr1	1269890	1270250	LTR/ERVL-MaLR	2027	+	180	1270070	22246
chr1	19567950	19767950	harbor2	chr1	19570696	19570769	LTR/ERVL-MaLR	2037	+	36	19570732	2782
chr1	19567950	19767950	harbor2	chr1	19571073	19571403	LTR/ERVL-MaLR	2037	+	165	19571238	3288
chr1	19567950	19767950	harbor2	chr1	19571676	19572014	LTR/ERVL-MaLR	1489	+	169	19571845	3895
chr1	19567950	19767950	harbor2	chr1	19572550	19572895	LTR/ERVL-MaLR	2192	+	172	19572722	4772
chr1	211005470	211205470	harbor2	chr1	211008347	211008469	LTR/ERVL-MaLR	505	+	61	211008408	2938
chr1	211005470	211205470	harbor2	chr1	211017827	211018218	LTR/ERVL-MaLR	2094	+	196	211018023	12553
chr1	211005470	211205470	harbor2	chr1	211037763	211037958	LTR/ERVL-MaLR	2260	+	98	211037861	32391
chr1	211005470	211205470	harbor2	chr1	211038261	211038409	LTR/ERVL-MaLR	2260	+	74	211038335	32865
chr1	211005470	211205470	harbor2	chr1	211038410	211039907	LTR/ERVL-MaLR	11957	+	748	211039158	33688
chr1	211005470	211205470	harbor2	chr1	211040208	211040285	LTR/ERVL-MaLR	11957	+	38	211040246	34776
chr1	211005470	211205470	harbor2	chr1	211040286	211040631	LTR/ERVL-MaLR	2413	+	172	211040458	34988
chr1	2211104	2411104	harbor2	chr1	2277285	2277630	LTR/ERVL-MaLR	2395	+	172	2277457	66353
chr1	54663786	54863786	harbor2	chr1	54689041	54689444	LTR/ERVL-MaLR	1168	+	202	54689243	25457
chr1	54663786	54863786	harbor2	chr1	54712721	54713059	LTR/ERVL-MaLR	1761	+	169	54712890	49104
chr1	70202324	70402324	harbor2	chr1	70281241	70281393	LTR/ERVL-MaLR	868	+	76	70281317	78993
chr1	70202324	70402324	harbor2	chr1	70281703	70281791	LTR/ERVL-MaLR	868	+	44	70281747	79423
chr1	70202324	70402324	harbor2	chr1	70282017	70282054	LTR/ERVL-MaLR	521	+	18	70282035	79711
chr1	70202324	70402324	harbor2	chr1	70282354	70282570	LTR/ERVL-MaLR	521	+	108	70282462	80138
chr1	26595855	26795855	harbor2	chr1	26647904	26648278	LTR/ERVL-MaLR	447	+	187	26648091	52236
chr1	16545145	16745145	harbor2	chr1	16549687	16549813	LTR/ERVL-MaLR	601	+	63	16549750	4605
chr1	16545145	16745145	harbor2	chr1	16601299	16601923	LTR/ERVL-MaLR	1935	+	312	16601611	56466
chr1	16545145	16745145	harbor2	chr1	16605694	16605874	LTR/ERVL-MaLR	544	+	90	16605784	60639
chr1	246213932	246413932	harbor2	chr1	246257772	246257853	LTR/ERVL-MaLR	550	+	40	246257812	43880
chr1	246213932	246413932	harbor2	chr1	246257858	246258038	LTR/ERVL-MaLR	949	+	90	246257948	44016
chr1	246213932	246413932	harbor2	chr1	246258335	246258375	LTR/ERVL-MaLR	949	+	20	246258355	44423
chr1	246213932	246413932	harbor2	chr1	246278262	246278833	LTR/ERVL-MaLR	1072	+	286	246278548	64616
chr1	246213932	246413932	harbor2	chr1	246301932	246302423	LTR/ERVL-MaLR	927	+	246	246302178	88246
chr1	6685468	6885468	harbor2	chr1	6723372	6723800	LTR/ERVL-MaLR	1341	+	214	6723586	38118
chr1	6685468	6885468	harbor2	chr1	6727933	6728054	LTR/ERVL-MaLR	601	+	60	6727993	42525
chr1	6685468	6885468	harbor2	chr1	6728232	6728264	LTR/ERVL-MaLR	727	+	16	6728248	42780
chr1	6685468	6885468	harbor2	chr1	6728559	6728812	LTR/ERVL-MaLR	727	+	126	6728685	43217
chr1	6685468	6885468	harbor2	chr1	6731368	6731529	LTR/ERVL-MaLR	959	+	80	6731448	45980
chr1	6685468	6885468	harbor2	chr1	6737821	6738131	LTR/ERVL-MaLR	507	+	155	6737976	52508
chr1	6685468	6885468	harbor2	chr1	6748480	6748628	LTR/ERVL-MaLR	570	+	74	6748554	63086
chr1	6685468	6885468	harbor2	chr1	6748792	6749028	LTR/ERVL-MaLR	1494	+	118	6748910	63442
chr1	6685468	6885468	harbor2	chr1	6765629	6766007	LTR/ERVL-MaLR	2323	+	189	6765818	80350
chr1	6685468	6885468	harbor2	chr1	6769039	6769163	LTR/ERVL-MaLR	735	+	62	6769101	83633
chr1	6685468	6885468	harbor2	chr1	6776004	6776116	LTR/ERVL-MaLR	1672	+	56	6776060	90592
chr1	6685468	6885468	harbor2	chr1	6776392	6776760	LTR/ERVL-MaLR	1672	+	184	6776576	91108
chr1	16544776	16744776	harbor2	chr1	16549687	16549813	LTR/ERVL-MaLR	601	+	63	16549750	4974
chr1	16544776	16744776	harbor2	chr1	16601299	16601923	LTR/ERVL-MaLR	1935	+	312	16601611	56835
chr1	16544776	16744776	harbor2	chr1	16605694	16605874	LTR/ERVL-MaLR	544	+	90	16605784	61008
chr1	165495090	165695090	harbor2	chr1	165502565	165503051	LTR/ERVL-MaLR	2060	+	243	165502808	7718
chr1	165495090	165695090	harbor2	chr1	165511406	165511752	LTR/ERVL-MaLR	1598	+	173	165511579	16489
chr1	165495090	165695090	harbor2	chr1	165523026	165523102	LTR/ERVL-MaLR	442	+	38	165523064	27974
chr1	165495090	165695090	harbor2	chr1	165523936	165524245	LTR/ERVL-MaLR	462	+	154	165524090	29000
chr1	165495090	165695090	harbor2	chr1	165528776	165528894	LTR/ERVL-MaLR	828	+	59	165528835	33745
chr1	165495090	165695090	harbor2	chr1	165584618	165584941	LTR/ERVL-MaLR	1694	+	162	165584780	89690
chr1	169022360	169222360	harbor2	chr1	169057913	169058334	LTR/ERVL-MaLR	2500	+	210	169058123	35763
chr1	169022360	169222360	harbor2	chr1	169059672	169060069	LTR/ERVL-MaLR	2075	+	198	169059870	37510
chr1	169022360	169222360	harbor2	chr1	169061973	169062486	LTR/ERVL-MaLR	1752	+	256	169062229	39869
chr1	169022360	169222360	harbor2	chr1	169091551	169092031	LTR/ERVL-MaLR	935	+	240	169091791	69431
chr1	169022360	169222360	harbor2	chr1	169095852	169096272	LTR/ERVL-MaLR	1223	+	210	169096062	73702
chr1	16544734	16744734	harbor2	chr1	16549687	16549813	LTR/ERVL-MaLR	601	+	63	16549750	5016
chr1	16544734	16744734	harbor2	chr1	16601299	16601923	LTR/ERVL-MaLR	1935	+	312	16601611	56877
chr1	16544734	16744734	harbor2	chr1	16605694	16605874	LTR/ERVL-MaLR	544	+	90	16605784	61050
chr1	2138388	2338388	harbor2	chr1	2199627	2199797	LTR/ERVL-MaLR	761	+	85	2199712	61324
chr1	2138388	2338388	harbor2	chr1	2200424	2200663	LTR/ERVL-MaLR	761	+	120	2200544	62156
chr1	17063875	17263875	harbor2	chr1	17080199	17080564	LTR/ERVL-MaLR	845	+	182	17080381	16506
chr1	17063875	17263875	harbor2	chr1	17106308	17106433	LTR/ERVL-MaLR	652	+	62	17106370	42495
chr1	17063875	17263875	harbor2	chr1	17106733	17107017	LTR/ERVL-MaLR	865	+	142	17106875	43000
chr1	17063875	17263875	harbor2	chr1	17130977	17131363	LTR/ERVL-MaLR	3509	+	193	17131170	67295
chr1	17063875	17263875	harbor2	chr1	17131641	17131907	LTR/ERVL-MaLR	3509	+	133	17131774	67899
chr1	17063875	17263875	harbor2	chr1	17131908	17132179	LTR/ERVL-MaLR	930	+	136	17132044	68169
chr1	17063875	17263875	harbor2	chr1	17150861	17151311	LTR/ERVL-MaLR	2706	+	225	17151086	87211
chr1	17063875	17263875	harbor2	chr1	17151748	17153215	LTR/ERVL-MaLR	7972	+	734	17152482	88607
chr1	17063875	17263875	harbor2	chr1	17153221	17153614	LTR/ERVL-MaLR	2300	+	196	17153417	89542
chr1	17063875	17263875	harbor2	chr1	17158509	17158917	LTR/ERVL-MaLR	2576	+	204	17158713	94838
chr1	31973331	32173331	harbor2	chr1	31976440	31976759	LTR/ERVL-MaLR	828	+	160	31976600	3269
chr1	31973331	32173331	harbor2	chr1	31977359	31977494	LTR/ERVL-MaLR	828	+	68	31977427	4096
chr1	22374602	22574602	harbor2	chr1	22376631	22377045	LTR/ERVL-MaLR	2420	+	207	22376838	2236
chr1	22374602	22574602	harbor2	chr1	22377046	22377559	LTR/ERVL-MaLR	1884	+	256	22377302	2700
chr1	22374602	22574602	harbor2	chr1	22384155	22384524	LTR/ERVL-MaLR	1165	+	184	22384339	9737
chr1	22374602	22574602	harbor2	chr1	22394391	22394864	LTR/ERVL-MaLR	1769	+	236	22394627	20025
chr1	22374602	22574602	harbor2	chr1	22428700	22428944	LTR/ERVL-MaLR	840	+	122	22428822	54220
chr1	16545003	16745003	harbor2	chr1	16549687	16549813	LTR/ERVL-MaLR	601	+	63	16549750	4747
chr1	16545003	16745003	harbor2	chr1	16601299	16601923	LTR/ERVL-MaLR	1935	+	312	16601611	56608
chr1	16545003	16745003	harbor2	chr1	16605694	16605874	LTR/ERVL-MaLR	544	+	90	16605784	60781
chr1	2167580	2367580	harbor2	chr1	2199627	2199797	LTR/ERVL-MaLR	761	+	85	2199712	32132
chr1	2167580	2367580	harbor2	chr1	2200424	2200663	LTR/ERVL-MaLR	761	+	120	2200544	32964
chr1	199637514	199837514	harbor2	chr1	199641426	199641727	LTR/ERVL-MaLR	879	+	150	199641576	4062
chr1	199637514	199837514	harbor2	chr1	199678099	199678473	LTR/ERVL-MaLR	2297	+	187	199678286	40772
chr1	199637514	199837514	harbor2	chr1	199692574	199692922	LTR/ERVL-MaLR	507	+	174	199692748	55234
chr1	114616806	114816806	harbor2	chr1	114641357	114641775	LTR/ERVL-MaLR	2420	+	209	114641566	24760
chr1	114616806	114816806	harbor2	chr1	114645178	114645567	LTR/ERVL-MaLR	2284	+	194	114645372	28566
chr1	248598635	248798635	harbor2	chr1	248630746	248631181	LTR/ERVL-MaLR	1291	+	218	248630964	32329
chr1	248598635	248798635	harbor2	chr1	248671086	248671334	LTR/ERVL-MaLR	1104	+	124	248671210	72575
chr1	248598635	248798635	harbor2	chr1	248672107	248672220	LTR/ERVL-MaLR	535	+	56	248672163	73528
chr1	2189302	2389302	harbor2	chr1	2199627	2199797	LTR/ERVL-MaLR	761	+	85	2199712	10410
chr1	2189302	2389302	harbor2	chr1	2200424	2200663	LTR/ERVL-MaLR	761	+	120	2200544	11242
chr1	2189302	2389302	harbor2	chr1	2277285	2277630	LTR/ERVL-MaLR	2395	+	172	2277457	88155
chr1	6686533	6886533	harbor2	chr1	6723372	6723800	LTR/ERVL-MaLR	1341	+	214	6723586	37053
chr1	6686533	6886533	harbor2	chr1	6727933	6728054	LTR/ERVL-MaLR	601	+	60	6727993	41460
chr1	6686533	6886533	harbor2	chr1	6728232	6728264	LTR/ERVL-MaLR	727	+	16	6728248	41715
chr1	6686533	6886533	harbor2	chr1	6728559	6728812	LTR/ERVL-MaLR	727	+	126	6728685	42152
chr1	6686533	6886533	harbor2	chr1	6731368	6731529	LTR/ERVL-MaLR	959	+	80	6731448	44915
chr1	6686533	6886533	harbor2	chr1	6737821	6738131	LTR/ERVL-MaLR	507	+	155	6737976	51443
chr1	6686533	6886533	harbor2	chr1	6748480	6748628	LTR/ERVL-MaLR	570	+	74	6748554	62021
chr1	6686533	6886533	harbor2	chr1	6748792	6749028	LTR/ERVL-MaLR	1494	+	118	6748910	62377
chr1	6686533	6886533	harbor2	chr1	6765629	6766007	LTR/ERVL-MaLR	2323	+	189	6765818	79285
chr1	6686533	6886533	harbor2	chr1	6769039	6769163	LTR/ERVL-MaLR	735	+	62	6769101	82568
chr1	6686533	6886533	harbor2	chr1	6776004	6776116	LTR/ERVL-MaLR	1672	+	56	6776060	89527
chr1	6686533	6886533	harbor2	chr1	6776392	6776760	LTR/ERVL-MaLR	1672	+	184	6776576	90043
chr1	244608247	244808247	harbor2	chr1	244613763	244614189	LTR/ERVL-MaLR	2489	+	213	244613976	5729
chr1	244608247	244808247	harbor2	chr1	244647360	244647825	LTR/ERVL-MaLR	1599	+	232	244647592	39345
chr1	244608247	244808247	harbor2	chr1	244649357	244649835	LTR/ERVL-MaLR	2036	+	239	244649596	41349
chr1	244608247	244808247	harbor2	chr1	244672179	244672539	LTR/ERVL-MaLR	2308	+	180	244672359	64112
chr1	244608247	244808247	harbor2	chr1	244700970	244701719	LTR/ERVL-MaLR	2607	+	374	244701344	93097
chr1	211034263	211234263	harbor2	chr1	211037763	211037958	LTR/ERVL-MaLR	2260	+	98	211037861	3598
chr1	211034263	211234263	harbor2	chr1	211038261	211038409	LTR/ERVL-MaLR	2260	+	74	211038335	4072
chr1	211034263	211234263	harbor2	chr1	211038410	211039907	LTR/ERVL-MaLR	11957	+	748	211039158	4895
chr1	211034263	211234263	harbor2	chr1	211040208	211040285	LTR/ERVL-MaLR	11957	+	38	211040246	5983
chr1	211034263	211234263	harbor2	chr1	211040286	211040631	LTR/ERVL-MaLR	2413	+	172	211040458	6195
chr1	211034263	211234263	harbor2	chr1	211117273	211117597	LTR/ERVL-MaLR	476	+	162	211117435	83172
chr1	234510831	234710831	harbor2	chr1	234529068	234529636	LTR/ERVL-MaLR	2171	+	284	234529352	18521
chr1	234510831	234710831	harbor2	chr1	234556497	234556843	LTR/ERVL-MaLR	1642	+	173	234556670	45839
chr1	234510831	234710831	harbor2	chr1	234567021	234567404	LTR/ERVL-MaLR	1787	+	192	234567213	56382
chr1	234510831	234710831	harbor2	chr1	234595534	234595967	LTR/ERVL-MaLR	1864	+	216	234595750	84919
chr1	211034198	211234198	harbor2	chr1	211037763	211037958	LTR/ERVL-MaLR	2260	+	98	211037861	3663
chr1	211034198	211234198	harbor2	chr1	211038261	211038409	LTR/ERVL-MaLR	2260	+	74	211038335	4137
chr1	211034198	211234198	harbor2	chr1	211038410	211039907	LTR/ERVL-MaLR	11957	+	748	211039158	4960
chr1	211034198	211234198	harbor2	chr1	211040208	211040285	LTR/ERVL-MaLR	11957	+	38	211040246	6048
chr1	211034198	211234198	harbor2	chr1	211040286	211040631	LTR/ERVL-MaLR	2413	+	172	211040458	6260
chr1	211034198	211234198	harbor2	chr1	211117273	211117597	LTR/ERVL-MaLR	476	+	162	211117435	83237
chr1	2139088	2339088	harbor2	chr1	2199627	2199797	LTR/ERVL-MaLR	761	+	85	2199712	60624
chr1	2139088	2339088	harbor2	chr1	2200424	2200663	LTR/ERVL-MaLR	761	+	120	2200544	61456
chr1	37143776	37343776	harbor2	chr1	37159844	37160222	LTR/ERVL-MaLR	2466	+	189	37160033	16257
chr1	37143776	37343776	harbor2	chr1	37195172	37195365	LTR/ERVL-MaLR	2261	+	96	37195268	51492
chr1	37143776	37343776	harbor2	chr1	37195623	37195874	LTR/ERVL-MaLR	2261	+	126	37195749	51973
chr1	37143776	37343776	harbor2	chr1	37227652	37227867	LTR/ERVL-MaLR	619	+	108	37227760	83984
chr1	37143776	37343776	harbor2	chr1	37227947	37228252	LTR/ERVL-MaLR	1060	+	152	37228099	84323
chr1	16946370	17146370	harbor2	chr1	17021127	17021296	LTR/ERVL-MaLR	960	+	84	17021211	74841
chr1	16946370	17146370	harbor2	chr1	17021776	17021937	LTR/ERVL-MaLR	720	+	80	17021856	75486
chr1	16946370	17146370	harbor2	chr1	17043670	17044061	LTR/ERVL-MaLR	1402	+	196	17043866	97496
chr1	42319822	42519822	harbor2	chr1	42340982	42341327	LTR/ERVL-MaLR	1275	+	172	42341154	21332
chr1	42319822	42519822	harbor2	chr1	42360658	42361003	LTR/ERVL-MaLR	885	+	172	42360830	41008
chr1	42319822	42519822	harbor2	chr1	42362453	42362616	LTR/ERVL-MaLR	2415	+	82	42362535	42713
chr1	42319822	42519822	harbor2	chr1	42362617	42362996	LTR/ERVL-MaLR	2381	+	190	42362807	42985
chr1	42319822	42519822	harbor2	chr1	42362997	42363328	LTR/ERVL-MaLR	2415	+	166	42363163	43341
chr1	42319822	42519822	harbor2	chr1	42366335	42366693	LTR/ERVL-MaLR	2107	+	179	42366514	46692
chr1	42319822	42519822	harbor2	chr1	42368247	42368659	LTR/ERVL-MaLR	496	+	206	42368453	48631
chr1	42319822	42519822	harbor2	chr1	42370254	42370763	LTR/ERVL-MaLR	976	+	254	42370508	50686
chr1	42319822	42519822	harbor2	chr1	42376279	42376494	LTR/ERVL-MaLR	934	+	108	42376387	56565
chr1	42319822	42519822	harbor2	chr1	42376792	42376960	LTR/ERVL-MaLR	934	+	84	42376876	57054
chr1	42319822	42519822	harbor2	chr1	42376987	42377019	LTR/ERVL-MaLR	918	+	16	42377003	57181
chr1	42319822	42519822	harbor2	chr1	42377328	42377727	LTR/ERVL-MaLR	918	+	200	42377528	57706
chr1	42319822	42519822	harbor2	chr1	42402183	42402591	LTR/ERVL-MaLR	1842	+	204	42402387	82565
chr1	42319822	42519822	harbor2	chr1	42402892	42403023	LTR/ERVL-MaLR	1842	+	66	42402958	83136
chr1	17216061	17416061	harbor2	chr1	17302088	17302381	LTR/ERVL-MaLR	1725	+	146	17302234	86173
chr1	155844472	156044472	harbor2	chr1	155885929	155886123	LTR/ERVL-MaLR	490	+	97	155886026	41554
chr1	155844472	156044472	harbor2	chr1	155886432	155886467	LTR/ERVL-MaLR	490	+	18	155886450	41978
chr1	155844472	156044472	harbor2	chr1	155923324	155923547	LTR/ERVL-MaLR	878	+	112	155923436	78964
chr1	6367837	6567837	harbor2	chr1	6369959	6370366	LTR/ERVL-MaLR	2322	+	204	6370163	2326
chr1	223143141	223343141	harbor2	chr1	223147806	223148395	LTR/ERVL-MaLR	2524	+	294	223148100	4959
chr1	223143141	223343141	harbor2	chr1	223148858	223149201	LTR/ERVL-MaLR	977	+	172	223149030	5889
chr1	223143141	223343141	harbor2	chr1	223151957	223152344	LTR/ERVL-MaLR	1944	+	194	223152151	9010
chr1	223143141	223343141	harbor2	chr1	223152345	223152722	LTR/ERVL-MaLR	1700	+	188	223152533	9392
chr1	223143141	223343141	harbor2	chr1	223161939	223162288	LTR/ERVL-MaLR	1583	+	174	223162113	18972
chr1	223143141	223343141	harbor2	chr1	223176732	223177097	LTR/ERVL-MaLR	1988	+	182	223176914	33773
chr1	223143141	223343141	harbor2	chr1	223186354	223186808	LTR/ERVL-MaLR	1753	+	227	223186581	43440
chr1	223143141	223343141	harbor2	chr1	223187139	223187205	LTR/ERVL-MaLR	1753	+	33	223187172	44031
chr1	223143141	223343141	harbor2	chr1	223193627	223193773	LTR/ERVL-MaLR	1208	+	73	223193700	50559
chr1	223143141	223343141	harbor2	chr1	223194474	223194800	LTR/ERVL-MaLR	1208	+	163	223194637	51496
chr1	223143141	223343141	harbor2	chr1	223217485	223217660	LTR/ERVL-MaLR	2619	+	88	223217573	74432
chr1	223143141	223343141	harbor2	chr1	223217962	223218216	LTR/ERVL-MaLR	2619	+	127	223218089	74948
chr1	223143141	223343141	harbor2	chr1	223218217	223218568	LTR/ERVL-MaLR	7353	+	176	223218393	75252
chr1	223143141	223343141	harbor2	chr1	223218870	223220070	LTR/ERVL-MaLR	7353	+	600	223219470	76329
chr1	223143141	223343141	harbor2	chr1	223220071	223220491	LTR/ERVL-MaLR	2589	+	210	223220281	77140
chr1	3268502	3468502	harbor2	chr1	3333649	3334048	LTR/ERVL-MaLR	2148	+	200	3333849	65347
chr1	226308052	226508052	harbor2	chr1	226335283	226335596	LTR/ERVL-MaLR	1615	+	156	226335439	27387
chr1	226308052	226508052	harbor2	chr1	226337015	226337225	LTR/ERVL-MaLR	1051	+	105	226337120	29068
chr1	226308052	226508052	harbor2	chr1	226340128	226340482	LTR/ERVL-MaLR	2323	+	177	226340305	32253
chr1	226308052	226508052	harbor2	chr1	226340483	226341757	LTR/ERVL-MaLR	11896	+	637	226341120	33068
chr1	226308052	226508052	harbor2	chr1	226342053	226342298	LTR/ERVL-MaLR	11896	+	122	226342175	34123
chr1	226308052	226508052	harbor2	chr1	226342593	226342671	LTR/ERVL-MaLR	11896	+	39	226342632	34580
chr1	226308052	226508052	harbor2	chr1	226342672	226343023	LTR/ERVL-MaLR	1972	+	176	226342848	34796
chr1	226308052	226508052	harbor2	chr1	226397477	226397728	LTR/ERVL-MaLR	1371	+	126	226397603	89551
chr1	226308052	226508052	harbor2	chr1	226344934	226345287	LTR/ERVL-MaLR	2393	+	176	226345110	37058
chr1	54787204	54987204	harbor2	chr1	54858938	54859430	LTR/ERVL-MaLR	2365	+	246	54859184	71980
chr1	54787204	54987204	harbor2	chr1	54884807	54885080	LTR/ERVL-MaLR	1024	+	136	54884943	97739
chr1	2138394	2338394	harbor2	chr1	2199627	2199797	LTR/ERVL-MaLR	761	+	85	2199712	61318
chr1	2138394	2338394	harbor2	chr1	2200424	2200663	LTR/ERVL-MaLR	761	+	120	2200544	62150
chr1	54388402	54588402	harbor2	chr1	54428949	54429249	LTR/ERVL-MaLR	737	+	150	54429099	40697
chr1	54388402	54588402	harbor2	chr1	54466918	54467267	LTR/ERVL-MaLR	2568	+	174	54467092	78690
chr1	54388402	54588402	harbor2	chr1	54467268	54467629	LTR/ERVL-MaLR	12124	+	180	54467448	79046
chr1	54388402	54588402	harbor2	chr1	54467935	54467980	LTR/ERVL-MaLR	12124	+	22	54467957	79555
chr1	54388402	54588402	harbor2	chr1	54468270	54469452	LTR/ERVL-MaLR	12124	+	591	54468861	80459
chr1	54388402	54588402	harbor2	chr1	54469455	54469807	LTR/ERVL-MaLR	2555	+	176	54469631	81229
chr1	235227639	235427639	harbor2	chr1	235304940	235305343	LTR/ERVL-MaLR	1143	+	202	235305142	77503
chr2	219078283	219278283	harbor2	chr2	219138884	219139079	LTR/ERVL-MaLR	1936	+	98	219138982	60699
chr2	219078283	219278283	harbor2	chr2	219139388	219139669	LTR/ERVL-MaLR	1936	+	140	219139528	61245
chr2	219078283	219278283	harbor2	chr2	219139979	219140039	LTR/ERVL-MaLR	1936	+	30	219140009	61726
chr2	26950611	27150611	harbor2	chr2	26985687	26986056	LTR/ERVL-MaLR	826	+	184	26985871	35260
chr2	26950611	27150611	harbor2	chr2	27028397	27028496	LTR/ERVL-MaLR	1992	+	50	27028447	77836
chr2	26950611	27150611	harbor2	chr2	27028803	27028934	LTR/ERVL-MaLR	1992	+	66	27028869	78258
chr2	26950611	27150611	harbor2	chr2	27029230	27029518	LTR/ERVL-MaLR	1992	+	144	27029374	78763
chr2	26950611	27150611	harbor2	chr2	26968037	26968182	LTR/ERVL-MaLR	476	+	72	26968109	17498
chr2	197400198	197600198	harbor2	chr2	197416329	197416684	LTR/ERVL-MaLR	1767	+	178	197416507	16309
chr2	26950767	27150767	harbor2	chr2	26985687	26986056	LTR/ERVL-MaLR	826	+	184	26985871	35104
chr2	26950767	27150767	harbor2	chr2	27028397	27028496	LTR/ERVL-MaLR	1992	+	50	27028447	77680
chr2	26950767	27150767	harbor2	chr2	27028803	27028934	LTR/ERVL-MaLR	1992	+	66	27028869	78102
chr2	26950767	27150767	harbor2	chr2	27029230	27029518	LTR/ERVL-MaLR	1992	+	144	27029374	78607
chr2	26950767	27150767	harbor2	chr2	26968037	26968182	LTR/ERVL-MaLR	476	+	72	26968109	17342
chr2	219078260	219278260	harbor2	chr2	219138884	219139079	LTR/ERVL-MaLR	1936	+	98	219138982	60722
chr2	219078260	219278260	harbor2	chr2	219139388	219139669	LTR/ERVL-MaLR	1936	+	140	219139528	61268
chr2	219078260	219278260	harbor2	chr2	219139979	219140039	LTR/ERVL-MaLR	1936	+	30	219140009	61749
chr2	219078276	219278276	harbor2	chr2	219138884	219139079	LTR/ERVL-MaLR	1936	+	98	219138982	60706
chr2	219078276	219278276	harbor2	chr2	219139388	219139669	LTR/ERVL-MaLR	1936	+	140	219139528	61252
chr2	219078276	219278276	harbor2	chr2	219139979	219140039	LTR/ERVL-MaLR	1936	+	30	219140009	61733
chr2	86976766	87176766	harbor2	chr2	87002816	87003263	LTR/ERVL-MaLR	1316	+	224	87003040	26274
chr2	86976766	87176766	harbor2	chr2	87009392	87009739	LTR/ERVL-MaLR	1762	+	174	87009566	32800
chr2	54998188	55198188	harbor2	chr2	55028949	55029338	LTR/ERVL-MaLR	1536	+	194	55029143	30955
chr2	54998188	55198188	harbor2	chr2	55062913	55063164	LTR/ERVL-MaLR	1106	+	126	55063039	64851
chr2	54998188	55198188	harbor2	chr2	55076348	55076377	LTR/ERVL-MaLR	2616	+	14	55076362	78174
chr2	54998188	55198188	harbor2	chr2	55076694	55077009	LTR/ERVL-MaLR	2616	+	158	55076852	78664
chr2	54998188	55198188	harbor2	chr2	55077313	55077353	LTR/ERVL-MaLR	2616	+	20	55077333	79145
chr2	54998188	55198188	harbor2	chr2	55094047	55094396	LTR/ERVL-MaLR	1708	+	174	55094221	96033
chr2	63488841	63688841	harbor2	chr2	63516516	63516766	LTR/ERVL-MaLR	916	+	125	63516641	27800
chr2	63488841	63688841	harbor2	chr2	63551265	63551658	LTR/ERVL-MaLR	2236	+	196	63551461	62620
chr2	63488841	63688841	harbor2	chr2	63563660	63563914	LTR/ERVL-MaLR	718	+	127	63563787	74946
chr2	63488841	63688841	harbor2	chr2	63579802	63580165	LTR/ERVL-MaLR	1526	+	182	63579984	91143
chr2	26950232	27150232	harbor2	chr2	26985687	26986056	LTR/ERVL-MaLR	826	+	184	26985871	35639
chr2	26950232	27150232	harbor2	chr2	27028397	27028496	LTR/ERVL-MaLR	1992	+	50	27028447	78215
chr2	26950232	27150232	harbor2	chr2	27028803	27028934	LTR/ERVL-MaLR	1992	+	66	27028869	78637
chr2	26950232	27150232	harbor2	chr2	27029230	27029518	LTR/ERVL-MaLR	1992	+	144	27029374	79142
chr2	26950232	27150232	harbor2	chr2	26968037	26968182	LTR/ERVL-MaLR	476	+	72	26968109	17877
chr2	190775521	190975521	harbor2	chr2	190784692	190785012	LTR/ERVL-MaLR	1560	+	160	190784852	9331
chr2	190775521	190975521	harbor2	chr2	190785323	190785520	LTR/ERVL-MaLR	1560	+	98	190785421	9900
chr2	190775521	190975521	harbor2	chr2	190794402	190794999	LTR/ERVL-MaLR	1663	+	298	190794700	19179
chr2	190775521	190975521	harbor2	chr2	190819040	190819431	LTR/ERVL-MaLR	1284	+	196	190819236	43715
chr2	190775521	190975521	harbor2	chr2	190862228	190862607	LTR/ERVL-MaLR	2821	+	190	190862418	86897
chr2	86976313	87176313	harbor2	chr2	87002816	87003263	LTR/ERVL-MaLR	1316	+	224	87003040	26727
chr2	86976313	87176313	harbor2	chr2	87009392	87009739	LTR/ERVL-MaLR	1762	+	174	87009566	33253
chr2	219078277	219278277	harbor2	chr2	219138884	219139079	LTR/ERVL-MaLR	1936	+	98	219138982	60705
chr2	219078277	219278277	harbor2	chr2	219139388	219139669	LTR/ERVL-MaLR	1936	+	140	219139528	61251
chr2	219078277	219278277	harbor2	chr2	219139979	219140039	LTR/ERVL-MaLR	1936	+	30	219140009	61732
chr2	233445857	233645857	harbor2	chr2	233541196	233541608	LTR/ERVL-MaLR	2187	+	206	233541402	95545
chr2	233445857	233645857	harbor2	chr2	233543460	233543826	LTR/ERVL-MaLR	1888	+	183	233543643	97786
chr2	219078278	219278278	harbor2	chr2	219138884	219139079	LTR/ERVL-MaLR	1936	+	98	219138982	60704
chr2	219078278	219278278	harbor2	chr2	219139388	219139669	LTR/ERVL-MaLR	1936	+	140	219139528	61250
chr2	219078278	219278278	harbor2	chr2	219139979	219140039	LTR/ERVL-MaLR	1936	+	30	219140009	61731
chr2	175980096	176180096	harbor2	chr2	175981070	175981421	LTR/ERVL-MaLR	969	+	176	175981246	1150
chr2	175980096	176180096	harbor2	chr2	175981752	175981945	LTR/ERVL-MaLR	941	+	96	175981848	1752
chr2	175980096	176180096	harbor2	chr2	175990120	175990539	LTR/ERVL-MaLR	2808	+	210	175990330	10234
chr2	175980096	176180096	harbor2	chr2	176008814	176009097	LTR/ERVL-MaLR	1903	+	142	176008956	28860
chr2	175980096	176180096	harbor2	chr2	176009421	176009782	LTR/ERVL-MaLR	1903	+	180	176009601	29505
chr2	175980096	176180096	harbor2	chr2	176042966	176043321	LTR/ERVL-MaLR	2236	+	178	176043144	63048
chr2	175980096	176180096	harbor2	chr2	176048831	176048982	LTR/ERVL-MaLR	1790	+	76	176048907	68811
chr2	175980096	176180096	harbor2	chr2	176049286	176049506	LTR/ERVL-MaLR	1790	+	110	176049396	69300
chr2	175980096	176180096	harbor2	chr2	176050013	176050222	LTR/ERVL-MaLR	592	+	104	176050117	70021
chr2	42096770	42296770	harbor2	chr2	42099756	42100148	LTR/ERVL-MaLR	2082	+	196	42099952	3182
chr2	42096770	42296770	harbor2	chr2	42129731	42130167	LTR/ERVL-MaLR	2076	+	218	42129949	33179
chr2	42096770	42296770	harbor2	chr2	42137794	42137899	LTR/ERVL-MaLR	1165	+	52	42137846	41076
chr2	42096770	42296770	harbor2	chr2	42138204	42138664	LTR/ERVL-MaLR	1165	+	230	42138434	41664
chr2	42096770	42296770	harbor2	chr2	42150130	42150320	LTR/ERVL-MaLR	723	+	95	42150225	53455
chr2	42096770	42296770	harbor2	chr2	42151675	42152080	LTR/ERVL-MaLR	1282	+	202	42151877	55107
chr2	42096770	42296770	harbor2	chr2	42167626	42167782	LTR/ERVL-MaLR	746	+	78	42167704	70934
chr2	42069367	42269367	harbor2	chr2	42076372	42076838	LTR/ERVL-MaLR	806	+	233	42076605	7238
chr2	42069367	42269367	harbor2	chr2	42091417	42091789	LTR/ERVL-MaLR	1684	+	186	42091603	22236
chr2	42069367	42269367	harbor2	chr2	42099756	42100148	LTR/ERVL-MaLR	2082	+	196	42099952	30585
chr2	42069367	42269367	harbor2	chr2	42129731	42130167	LTR/ERVL-MaLR	2076	+	218	42129949	60582
chr2	42069367	42269367	harbor2	chr2	42137794	42137899	LTR/ERVL-MaLR	1165	+	52	42137846	68479
chr2	42069367	42269367	harbor2	chr2	42138204	42138664	LTR/ERVL-MaLR	1165	+	230	42138434	69067
chr2	42069367	42269367	harbor2	chr2	42150130	42150320	LTR/ERVL-MaLR	723	+	95	42150225	80858
chr2	42069367	42269367	harbor2	chr2	42151675	42152080	LTR/ERVL-MaLR	1282	+	202	42151877	82510
chr2	42069367	42269367	harbor2	chr2	42167626	42167782	LTR/ERVL-MaLR	746	+	78	42167704	98337
chr2	26982800	27182800	harbor2	chr2	26985687	26986056	LTR/ERVL-MaLR	826	+	184	26985871	3071
chr2	26982800	27182800	harbor2	chr2	27028397	27028496	LTR/ERVL-MaLR	1992	+	50	27028447	45647
chr2	26982800	27182800	harbor2	chr2	27028803	27028934	LTR/ERVL-MaLR	1992	+	66	27028869	46069
chr2	26982800	27182800	harbor2	chr2	27029230	27029518	LTR/ERVL-MaLR	1992	+	144	27029374	46574
chr2	45090794	45290794	harbor2	chr2	45105521	45105713	LTR/ERVL-MaLR	696	+	96	45105617	14823
chr2	45090794	45290794	harbor2	chr2	45151363	45151777	LTR/ERVL-MaLR	2663	+	207	45151570	60776
chr2	45090794	45290794	harbor2	chr2	45159047	45159153	LTR/ERVL-MaLR	683	+	53	45159100	68306
chr2	45090794	45290794	harbor2	chr2	45159494	45159854	LTR/ERVL-MaLR	683	+	180	45159674	68880
chr2	45090794	45290794	harbor2	chr2	45189788	45190199	LTR/ERVL-MaLR	2623	+	206	45189994	99200
chr2	84762238	84962238	harbor2	chr2	84827590	84828055	LTR/ERVL-MaLR	2389	+	232	84827822	65584
chr2	84762238	84962238	harbor2	chr2	84831018	84831390	LTR/ERVL-MaLR	1760	+	186	84831204	68966
chr2	84762238	84962238	harbor2	chr2	84844165	84844518	LTR/ERVL-MaLR	2692	+	176	84844341	82103
chr2	84762238	84962238	harbor2	chr2	84852981	84853230	LTR/ERVL-MaLR	1227	+	124	84853105	90867
chr2	84762238	84962238	harbor2	chr2	84853603	84853746	LTR/ERVL-MaLR	1227	+	72	84853675	91437
chr2	84762238	84962238	harbor2	chr2	84856823	84857190	LTR/ERVL-MaLR	1408	+	184	84857007	94769
chr2	84762238	84962238	harbor2	chr2	84860217	84860590	LTR/ERVL-MaLR	1869	+	186	84860403	98165
chr2	113500004	113700004	harbor2	chr2	113556719	113556984	LTR/ERVL-MaLR	804	+	132	113556851	56847
chr2	113500004	113700004	harbor2	chr2	113578542	113578898	LTR/ERVL-MaLR	842	+	178	113578720	78716
chr2	31963580	32163580	harbor2	chr2	32017803	32018137	LTR/ERVL-MaLR	1590	+	167	32017970	54390
chr2	31963580	32163580	harbor2	chr2	32057935	32058468	LTR/ERVL-MaLR	1485	+	266	32058201	94621
chr2	207668684	207868684	harbor2	chr2	207704402	207704589	LTR/ERVL-MaLR	471	+	94	207704496	35812
chr2	207668684	207868684	harbor2	chr2	207708444	207708625	LTR/ERVL-MaLR	717	+	90	207708534	39850
chr2	207668684	207868684	harbor2	chr2	207709245	207709344	LTR/ERVL-MaLR	717	+	50	207709295	40611
chr2	237868943	238068943	harbor2	chr2	237915902	237916156	LTR/ERVL-MaLR	556	+	127	237916029	47086
chr2	237868943	238068943	harbor2	chr2	237949210	237949563	LTR/ERVL-MaLR	2080	+	176	237949386	80443
chr2	237868943	238068943	harbor2	chr2	237950477	237950551	LTR/ERVL-MaLR	482	+	37	237950514	81571
chr2	237868943	238068943	harbor2	chr2	237956845	237957216	LTR/ERVL-MaLR	1153	+	186	237957031	88088
chr2	237868943	238068943	harbor2	chr2	237961574	237961950	LTR/ERVL-MaLR	1096	+	188	237961762	92819
chr2	53764282	53964282	harbor2	chr2	53828396	53828763	LTR/ERVL-MaLR	1214	+	184	53828580	64298
chr2	53764282	53964282	harbor2	chr2	53832491	53832802	LTR/ERVL-MaLR	592	+	156	53832647	68365
chr2	53764282	53964282	harbor2	chr2	53835893	53836306	LTR/ERVL-MaLR	2593	+	206	53836099	71817
chr2	53764282	53964282	harbor2	chr2	53839379	53839758	LTR/ERVL-MaLR	1841	+	190	53839569	75287
chr2	169112469	169312469	harbor2	chr2	169163035	169163484	LTR/ERVL-MaLR	1682	+	224	169163259	50790
chr2	169112469	169312469	harbor2	chr2	169163548	169163983	LTR/ERVL-MaLR	1197	+	218	169163766	51297
chr2	169112469	169312469	harbor2	chr2	169164108	169164443	LTR/ERVL-MaLR	1173	+	168	169164276	51807
chr2	169112469	169312469	harbor2	chr2	169164465	169164558	LTR/ERVL-MaLR	501	+	46	169164511	52042
chr2	113484798	113684798	harbor2	chr2	113556719	113556984	LTR/ERVL-MaLR	804	+	132	113556851	72053
chr2	113484798	113684798	harbor2	chr2	113578542	113578898	LTR/ERVL-MaLR	842	+	178	113578720	93922
chr2	227428022	227628022	harbor2	chr2	227438898	227439251	LTR/ERVL-MaLR	1836	+	176	227439074	11052
chr2	47736123	47936123	harbor2	chr2	47746432	47746831	LTR/ERVL-MaLR	1976	+	200	47746632	10509
chr2	47736123	47936123	harbor2	chr2	47746832	47747312	LTR/ERVL-MaLR	9847	+	240	47747072	10949
chr2	47736123	47936123	harbor2	chr2	47747599	47747665	LTR/ERVL-MaLR	9847	+	33	47747632	11509
chr2	47736123	47936123	harbor2	chr2	47747975	47749000	LTR/ERVL-MaLR	9847	+	512	47748487	12364
chr2	47736123	47936123	harbor2	chr2	47770095	47770180	LTR/ERVL-MaLR	1550	+	42	47770137	34014
chr2	47736123	47936123	harbor2	chr2	47770477	47770752	LTR/ERVL-MaLR	1550	+	138	47770615	34492
chr2	46198785	46398785	harbor2	chr2	46206483	46206657	LTR/ERVL-MaLR	910	+	87	46206570	7785
chr2	46198785	46398785	harbor2	chr2	46206807	46207031	LTR/ERVL-MaLR	1070	+	112	46206919	8134
chr2	46198785	46398785	harbor2	chr2	46238753	46239112	LTR/ERVL-MaLR	1907	+	180	46238933	40148
chr2	46198785	46398785	harbor2	chr2	46258830	46259221	LTR/ERVL-MaLR	2496	+	196	46259026	60241
chr2	46198785	46398785	harbor2	chr2	46274651	46274913	LTR/ERVL-MaLR	855	+	131	46274782	75997
chr2	113484611	113684611	harbor2	chr2	113556719	113556984	LTR/ERVL-MaLR	804	+	132	113556851	72240
chr2	113484611	113684611	harbor2	chr2	113578542	113578898	LTR/ERVL-MaLR	842	+	178	113578720	94109
chr2	70453804	70653804	harbor2	chr2	70477490	70477890	LTR/ERVL-MaLR	1259	+	200	70477690	23886
chr2	70453804	70653804	harbor2	chr2	70481546	70482042	LTR/ERVL-MaLR	2348	+	248	70481794	27990
chr2	111956551	112156551	harbor2	chr2	112037085	112037429	LTR/ERVL-MaLR	1212	+	172	112037257	80706
chr2	207669155	207869155	harbor2	chr2	207704402	207704589	LTR/ERVL-MaLR	471	+	94	207704496	35341
chr2	207669155	207869155	harbor2	chr2	207708444	207708625	LTR/ERVL-MaLR	717	+	90	207708534	39379
chr2	207669155	207869155	harbor2	chr2	207709245	207709344	LTR/ERVL-MaLR	717	+	50	207709295	40140
chr2	46207640	46407640	harbor2	chr2	46238753	46239112	LTR/ERVL-MaLR	1907	+	180	46238933	31293
chr2	46207640	46407640	harbor2	chr2	46258830	46259221	LTR/ERVL-MaLR	2496	+	196	46259026	51386
chr2	46207640	46407640	harbor2	chr2	46274651	46274913	LTR/ERVL-MaLR	855	+	131	46274782	67142
chr2	46200025	46400025	harbor2	chr2	46206483	46206657	LTR/ERVL-MaLR	910	+	87	46206570	6545
chr2	46200025	46400025	harbor2	chr2	46206807	46207031	LTR/ERVL-MaLR	1070	+	112	46206919	6894
chr2	46200025	46400025	harbor2	chr2	46238753	46239112	LTR/ERVL-MaLR	1907	+	180	46238933	38908
chr2	46200025	46400025	harbor2	chr2	46258830	46259221	LTR/ERVL-MaLR	2496	+	196	46259026	59001
chr2	46200025	46400025	harbor2	chr2	46274651	46274913	LTR/ERVL-MaLR	855	+	131	46274782	74757
chr2	26406153	26606153	harbor2	chr2	26469377	26469620	LTR/ERVL-MaLR	641	+	122	26469499	63346
chr2	113484472	113684472	harbor2	chr2	113556719	113556984	LTR/ERVL-MaLR	804	+	132	113556851	72379
chr2	113484472	113684472	harbor2	chr2	113578542	113578898	LTR/ERVL-MaLR	842	+	178	113578720	94248
chr2	86976783	87176783	harbor2	chr2	87002816	87003263	LTR/ERVL-MaLR	1316	+	224	87003040	26257
chr2	86976783	87176783	harbor2	chr2	87009392	87009739	LTR/ERVL-MaLR	1762	+	174	87009566	32783
chr2	26613172	26813172	harbor2	chr2	26661609	26661708	LTR/ERVL-MaLR	1934	+	50	26661659	48487
chr2	26613172	26813172	harbor2	chr2	26662020	26662315	LTR/ERVL-MaLR	1934	+	148	26662168	48996
chr2	26613172	26813172	harbor2	chr2	26676432	26676799	LTR/ERVL-MaLR	2801	+	184	26676616	63444
chr2	26613172	26813172	harbor2	chr2	26677109	26677176	LTR/ERVL-MaLR	2801	+	34	26677143	63971
chr2	26613172	26813172	harbor2	chr2	26677579	26678119	LTR/ERVL-MaLR	1645	+	270	26677849	64677
chr2	142651021	142851021	harbor2	chr2	142679801	142680236	LTR/ERVL-MaLR	1513	+	218	142680019	28998
chr2	142651021	142851021	harbor2	chr2	142681356	142681711	LTR/ERVL-MaLR	1098	+	178	142681534	30513
chr2	142651021	142851021	harbor2	chr2	142685947	142686320	LTR/ERVL-MaLR	1956	+	186	142686133	35112
chr2	142651021	142851021	harbor2	chr2	142686629	142686673	LTR/ERVL-MaLR	1956	+	22	142686651	35630
chr2	142651021	142851021	harbor2	chr2	142742647	142743057	LTR/ERVL-MaLR	1386	+	205	142742852	91831
chr2	47707524	47907524	harbor2	chr2	47709160	47709322	LTR/ERVL-MaLR	892	+	81	47709241	1717
chr2	47707524	47907524	harbor2	chr2	47709602	47709880	LTR/ERVL-MaLR	892	+	139	47709741	2217
chr2	47707524	47907524	harbor2	chr2	47746432	47746831	LTR/ERVL-MaLR	1976	+	200	47746632	39108
chr2	47707524	47907524	harbor2	chr2	47746832	47747312	LTR/ERVL-MaLR	9847	+	240	47747072	39548
chr2	47707524	47907524	harbor2	chr2	47747599	47747665	LTR/ERVL-MaLR	9847	+	33	47747632	40108
chr2	47707524	47907524	harbor2	chr2	47747975	47749000	LTR/ERVL-MaLR	9847	+	512	47748487	40963
chr2	47707524	47907524	harbor2	chr2	47770095	47770180	LTR/ERVL-MaLR	1550	+	42	47770137	62613
chr2	47707524	47907524	harbor2	chr2	47770477	47770752	LTR/ERVL-MaLR	1550	+	138	47770615	63091
chr2	144117662	144317662	harbor2	chr2	144167425	144167803	LTR/ERVL-MaLR	2359	+	189	144167614	49952
chr2	144117662	144317662	harbor2	chr2	144173218	144173598	LTR/ERVL-MaLR	744	+	190	144173408	55746
chr2	144117662	144317662	harbor2	chr2	144173680	144174092	LTR/ERVL-MaLR	1824	+	206	144173886	56224
chr2	144117662	144317662	harbor2	chr2	144174544	144174910	LTR/ERVL-MaLR	2426	+	183	144174727	57065
chr2	144117662	144317662	harbor2	chr2	144187756	144188169	LTR/ERVL-MaLR	1245	+	206	144187962	70300
chr2	144117662	144317662	harbor2	chr2	144198274	144198714	LTR/ERVL-MaLR	870	+	220	144198494	80832
chr2	10822431	11022431	harbor2	chr2	10840806	10841201	LTR/ERVL-MaLR	1226	+	198	10841004	18573
chr2	10822431	11022431	harbor2	chr2	10861420	10861705	LTR/ERVL-MaLR	636	+	142	10861562	39131
chr2	10822431	11022431	harbor2	chr2	10869748	10870199	LTR/ERVL-MaLR	1525	+	226	10869974	47543
chr2	10822431	11022431	harbor2	chr2	10896834	10897186	LTR/ERVL-MaLR	2338	+	176	10897010	74579
chr2	10822431	11022431	harbor2	chr2	10900346	10900903	LTR/ERVL-MaLR	2198	+	278	10900624	78193
chr2	70771713	70971713	harbor2	chr2	70771189	70771731	LTR/ERVL-MaLR	1777	+	271	70771460	253
chr2	70771713	70971713	harbor2	chr2	70772358	70772730	LTR/ERVL-MaLR	1769	+	186	70772544	831
chr2	70771713	70971713	harbor2	chr2	70773543	70773911	LTR/ERVL-MaLR	2404	+	184	70773727	2014
chr2	70771713	70971713	harbor2	chr2	70774347	70774943	LTR/ERVL-MaLR	3990	+	298	70774645	2932
chr2	70771713	70971713	harbor2	chr2	70775243	70776075	LTR/ERVL-MaLR	3990	+	416	70775659	3946
chr2	70771713	70971713	harbor2	chr2	70776087	70776438	LTR/ERVL-MaLR	1597	+	176	70776263	4550
chr2	70771713	70971713	harbor2	chr2	70832579	70832844	LTR/ERVL-MaLR	623	+	132	70832711	60998
chr2	70771713	70971713	harbor2	chr2	70849746	70849968	LTR/ERVL-MaLR	1164	+	111	70849857	78144
chr2	70771713	70971713	harbor2	chr2	70858868	70859280	LTR/ERVL-MaLR	2045	+	206	70859074	87361
chr2	70771713	70971713	harbor2	chr2	70860243	70860449	LTR/ERVL-MaLR	1103	+	103	70860346	88633
chr2	70771713	70971713	harbor2	chr2	70868990	70869317	LTR/ERVL-MaLR	1422	+	164	70869154	97441
chr2	70771713	70971713	harbor2	chr2	70869643	70869691	LTR/ERVL-MaLR	1422	+	24	70869667	97954
chr2	159611903	159811903	harbor2	chr2	159693990	159694365	LTR/ERVL-MaLR	1784	+	188	159694178	82275
chr2	10277847	10477847	harbor2	chr2	10300410	10300832	LTR/ERVL-MaLR	1820	+	211	10300621	22774
chr2	10277847	10477847	harbor2	chr2	10301387	10301552	LTR/ERVL-MaLR	536	+	82	10301469	23622
chr2	10277847	10477847	harbor2	chr2	10320253	10320617	LTR/ERVL-MaLR	2182	+	182	10320435	42588
chr2	10277847	10477847	harbor2	chr2	10322640	10322910	LTR/ERVL-MaLR	629	+	135	10322775	44928
chr2	10277847	10477847	harbor2	chr2	10329203	10329665	LTR/ERVL-MaLR	1342	+	231	10329434	51587
chr2	10277847	10477847	harbor2	chr2	10335085	10335599	LTR/ERVL-MaLR	2085	+	257	10335342	57495
chr2	10277847	10477847	harbor2	chr2	10375894	10376272	LTR/ERVL-MaLR	2162	+	189	10376083	98236
chr2	10277847	10477847	harbor2	chr2	10288952	10289347	LTR/ERVL-MaLR	886	+	198	10289150	11303
chr2	30047316	30247316	harbor2	chr2	30101651	30102082	LTR/ERVL-MaLR	2145	+	216	30101867	54551
chr2	30047316	30247316	harbor2	chr2	30140988	30141344	LTR/ERVL-MaLR	1654	+	178	30141166	93850
chr2	30047316	30247316	harbor2	chr2	30097405	30097792	LTR/ERVL-MaLR	1237	+	194	30097599	50283
chr2	72971434	73171434	harbor2	chr2	72976966	72977344	LTR/ERVL-MaLR	678	+	189	72977155	5721
chr2	72971434	73171434	harbor2	chr2	73005928	73006277	LTR/ERVL-MaLR	447	+	174	73006102	34668
chr2	72971434	73171434	harbor2	chr2	73010117	73010620	LTR/ERVL-MaLR	1121	+	252	73010369	38935
chr2	72971434	73171434	harbor2	chr2	73029009	73029332	LTR/ERVL-MaLR	581	+	162	73029171	57737
chr2	72971434	73171434	harbor2	chr2	73031174	73031541	LTR/ERVL-MaLR	942	+	184	73031358	59924
chr2	72971434	73171434	harbor2	chr2	73047450	73047803	LTR/ERVL-MaLR	2335	+	176	73047626	76192
chr2	72971434	73171434	harbor2	chr2	73057646	73058002	LTR/ERVL-MaLR	2040	+	178	73057824	86390
chr2	72046331	72246331	harbor2	chr2	72050686	72050943	LTR/ERVL-MaLR	760	+	128	72050814	4483
chr2	72046331	72246331	harbor2	chr2	72053519	72053871	LTR/ERVL-MaLR	895	+	176	72053695	7364
chr2	72046331	72246331	harbor2	chr2	72070457	72070935	LTR/ERVL-MaLR	1847	+	239	72070696	24365
chr2	72046331	72246331	harbor2	chr2	72075494	72075844	LTR/ERVL-MaLR	468	+	175	72075669	29338
chr2	72046331	72246331	harbor2	chr2	72109198	72109763	LTR/ERVL-MaLR	1920	+	282	72109480	63149
chr2	67112244	67312244	harbor2	chr2	67115280	67115632	LTR/ERVL-MaLR	2713	+	176	67115456	3212
chr2	67112244	67312244	harbor2	chr2	67160505	67160969	LTR/ERVL-MaLR	1819	+	232	67160737	48493
chr2	67112244	67312244	harbor2	chr2	67164325	67164662	LTR/ERVL-MaLR	1326	+	168	67164493	52249
chr2	219078261	219278261	harbor2	chr2	219138884	219139079	LTR/ERVL-MaLR	1936	+	98	219138982	60721
chr2	219078261	219278261	harbor2	chr2	219139388	219139669	LTR/ERVL-MaLR	1936	+	140	219139528	61267
chr2	219078261	219278261	harbor2	chr2	219139979	219140039	LTR/ERVL-MaLR	1936	+	30	219140009	61748
chr2	229671325	229871325	harbor2	chr2	229691780	229692197	LTR/ERVL-MaLR	1341	+	208	229691988	20663
chr2	229671325	229871325	harbor2	chr2	229693016	229693390	LTR/ERVL-MaLR	2835	+	187	229693203	21878
chr2	229671325	229871325	harbor2	chr2	229693393	229694921	LTR/ERVL-MaLR	10480	+	764	229694157	22832
chr2	229671325	229871325	harbor2	chr2	229694922	229695265	LTR/ERVL-MaLR	2339	+	172	229695094	23769
chr2	229671325	229871325	harbor2	chr2	229717256	229717545	LTR/ERVL-MaLR	816	+	144	229717400	46075
chr2	229671325	229871325	harbor2	chr2	229720600	229720804	LTR/ERVL-MaLR	620	+	102	229720702	49377
chr2	229671325	229871325	harbor2	chr2	229749838	229750202	LTR/ERVL-MaLR	1912	+	182	229750020	78695
chr2	229671325	229871325	harbor2	chr2	229750527	229750567	LTR/ERVL-MaLR	1912	+	20	229750547	79222
chr2	229671325	229871325	harbor2	chr2	229757005	229757165	LTR/ERVL-MaLR	1195	+	80	229757085	85760
chr2	229671325	229871325	harbor2	chr2	229757204	229757523	LTR/ERVL-MaLR	1195	+	160	229757364	86039
chr2	229671325	229871325	harbor2	chr2	229760451	229760808	LTR/ERVL-MaLR	1489	+	178	229760629	89304
chr2	229671325	229871325	harbor2	chr2	229770645	229771002	LTR/ERVL-MaLR	2429	+	178	229770823	99498
chr2	219078251	219278251	harbor2	chr2	219138884	219139079	LTR/ERVL-MaLR	1936	+	98	219138982	60731
chr2	219078251	219278251	harbor2	chr2	219139388	219139669	LTR/ERVL-MaLR	1936	+	140	219139528	61277
chr2	219078251	219278251	harbor2	chr2	219139979	219140039	LTR/ERVL-MaLR	1936	+	30	219140009	61758
chr2	113183327	113383327	harbor2	chr2	113262609	113262967	LTR/ERVL-MaLR	1772	+	179	113262788	79461
chr2	50571799	50771799	harbor2	chr2	50590528	50590884	LTR/ERVL-MaLR	1738	+	178	50590706	18907
chr2	50571799	50771799	harbor2	chr2	50594014	50594205	LTR/ERVL-MaLR	1279	+	96	50594110	22311
chr2	26405176	26605176	harbor2	chr2	26469377	26469620	LTR/ERVL-MaLR	641	+	122	26469499	64323
chr2	151310679	151510679	harbor2	chr2	151385167	151385613	LTR/ERVL-MaLR	2263	+	223	151385390	74711
chr2	151310679	151510679	harbor2	chr2	151385917	151385981	LTR/ERVL-MaLR	2263	+	32	151385949	75270
chr2	237592294	237792294	harbor2	chr2	237606285	237606633	LTR/ERVL-MaLR	1498	+	174	237606459	14165
chr2	237592294	237792294	harbor2	chr2	237624955	237625289	LTR/ERVL-MaLR	1363	+	167	237625122	32828
chr2	237592294	237792294	harbor2	chr2	237646526	237646892	LTR/ERVL-MaLR	1373	+	183	237646709	54415
chr2	237592294	237792294	harbor2	chr2	237652846	237653219	LTR/ERVL-MaLR	2186	+	186	237653032	60738
chr2	237592294	237792294	harbor2	chr2	237663272	237663629	LTR/ERVL-MaLR	1772	+	178	237663450	71156
chr2	219078282	219278282	harbor2	chr2	219138884	219139079	LTR/ERVL-MaLR	1936	+	98	219138982	60700
chr2	219078282	219278282	harbor2	chr2	219139388	219139669	LTR/ERVL-MaLR	1936	+	140	219139528	61246
chr2	219078282	219278282	harbor2	chr2	219139979	219140039	LTR/ERVL-MaLR	1936	+	30	219140009	61727
chr2	231834767	232034767	harbor2	chr2	231861111	231861355	LTR/ERVL-MaLR	642	+	122	231861233	26466
chr2	231834767	232034767	harbor2	chr2	231893417	231893817	LTR/ERVL-MaLR	493	+	200	231893617	58850
chr2	231834767	232034767	harbor2	chr2	231895007	231895403	LTR/ERVL-MaLR	2622	+	198	231895205	60438
chr2	231834767	232034767	harbor2	chr2	231915605	231915697	LTR/ERVL-MaLR	480	+	46	231915651	80884
chr2	152043289	152243289	harbor2	chr2	152051406	152051776	LTR/ERVL-MaLR	1330	+	185	152051591	8302
chr2	152043289	152243289	harbor2	chr2	152056942	152057408	LTR/ERVL-MaLR	1031	+	233	152057175	13886
chr2	152043289	152243289	harbor2	chr2	152057876	152058255	LTR/ERVL-MaLR	2370	+	190	152058066	14777
chr2	152043289	152243289	harbor2	chr2	152058256	152059781	LTR/ERVL-MaLR	9977	+	762	152059018	15729
chr2	152043289	152243289	harbor2	chr2	152078433	152078871	LTR/ERVL-MaLR	980	+	219	152078652	35363
chr2	152043289	152243289	harbor2	chr2	152078905	152079090	LTR/ERVL-MaLR	549	+	92	152078997	35708
chr2	152043289	152243289	harbor2	chr2	152079388	152079463	LTR/ERVL-MaLR	549	+	38	152079426	36137
chr2	152043289	152243289	harbor2	chr2	152080684	152081107	LTR/ERVL-MaLR	2381	+	212	152080896	37607
chr2	152043289	152243289	harbor2	chr2	152093438	152093889	LTR/ERVL-MaLR	1030	+	226	152093664	50375
chr2	152043289	152243289	harbor2	chr2	152059782	152060152	LTR/ERVL-MaLR	2358	+	185	152059967	16678
chr2	56095019	56295019	harbor2	chr2	56126117	56126543	LTR/ERVL-MaLR	1323	+	213	56126330	31311
chr2	56095019	56295019	harbor2	chr2	56133558	56134023	LTR/ERVL-MaLR	2363	+	232	56133790	38771
chr2	56095019	56295019	harbor2	chr2	56180996	56181102	LTR/ERVL-MaLR	637	+	53	56181049	86030
chr2	56095019	56295019	harbor2	chr2	56181401	56181686	LTR/ERVL-MaLR	637	+	142	56181543	86524
chr2	46199989	46399989	harbor2	chr2	46206483	46206657	LTR/ERVL-MaLR	910	+	87	46206570	6581
chr2	46199989	46399989	harbor2	chr2	46206807	46207031	LTR/ERVL-MaLR	1070	+	112	46206919	6930
chr2	46199989	46399989	harbor2	chr2	46238753	46239112	LTR/ERVL-MaLR	1907	+	180	46238933	38944
chr2	46199989	46399989	harbor2	chr2	46258830	46259221	LTR/ERVL-MaLR	2496	+	196	46259026	59037
chr2	46199989	46399989	harbor2	chr2	46274651	46274913	LTR/ERVL-MaLR	855	+	131	46274782	74793
chr2	46199056	46399056	harbor2	chr2	46206483	46206657	LTR/ERVL-MaLR	910	+	87	46206570	7514
chr2	46199056	46399056	harbor2	chr2	46206807	46207031	LTR/ERVL-MaLR	1070	+	112	46206919	7863
chr2	46199056	46399056	harbor2	chr2	46238753	46239112	LTR/ERVL-MaLR	1907	+	180	46238933	39877
chr2	46199056	46399056	harbor2	chr2	46258830	46259221	LTR/ERVL-MaLR	2496	+	196	46259026	59970
chr2	46199056	46399056	harbor2	chr2	46274651	46274913	LTR/ERVL-MaLR	855	+	131	46274782	75726
chr2	113484021	113684021	harbor2	chr2	113556719	113556984	LTR/ERVL-MaLR	804	+	132	113556851	72830
chr2	113484021	113684021	harbor2	chr2	113578542	113578898	LTR/ERVL-MaLR	842	+	178	113578720	94699
chr2	46199733	46399733	harbor2	chr2	46206483	46206657	LTR/ERVL-MaLR	910	+	87	46206570	6837
chr2	46199733	46399733	harbor2	chr2	46206807	46207031	LTR/ERVL-MaLR	1070	+	112	46206919	7186
chr2	46199733	46399733	harbor2	chr2	46238753	46239112	LTR/ERVL-MaLR	1907	+	180	46238933	39200
chr2	46199733	46399733	harbor2	chr2	46258830	46259221	LTR/ERVL-MaLR	2496	+	196	46259026	59293
chr2	46199733	46399733	harbor2	chr2	46274651	46274913	LTR/ERVL-MaLR	855	+	131	46274782	75049
chr2	72972031	73172031	harbor2	chr2	72976966	72977344	LTR/ERVL-MaLR	678	+	189	72977155	5124
chr2	72972031	73172031	harbor2	chr2	73005928	73006277	LTR/ERVL-MaLR	447	+	174	73006102	34071
chr2	72972031	73172031	harbor2	chr2	73010117	73010620	LTR/ERVL-MaLR	1121	+	252	73010369	38338
chr2	72972031	73172031	harbor2	chr2	73029009	73029332	LTR/ERVL-MaLR	581	+	162	73029171	57140
chr2	72972031	73172031	harbor2	chr2	73031174	73031541	LTR/ERVL-MaLR	942	+	184	73031358	59327
chr2	72972031	73172031	harbor2	chr2	73047450	73047803	LTR/ERVL-MaLR	2335	+	176	73047626	75595
chr2	72972031	73172031	harbor2	chr2	73057646	73058002	LTR/ERVL-MaLR	2040	+	178	73057824	85793
chr2	161468960	161668960	harbor2	chr2	161530178	161530537	LTR/ERVL-MaLR	2213	+	180	161530358	61398
chr2	161468960	161668960	harbor2	chr2	161560443	161560809	LTR/ERVL-MaLR	2255	+	183	161560626	91666
chr2	161468960	161668960	harbor2	chr2	161560810	161562381	LTR/ERVL-MaLR	11485	+	786	161561596	92636
chr2	161468960	161668960	harbor2	chr2	161562385	161562752	LTR/ERVL-MaLR	2194	+	184	161562569	93609
chr2	26950501	27150501	harbor2	chr2	26985687	26986056	LTR/ERVL-MaLR	826	+	184	26985871	35370
chr2	26950501	27150501	harbor2	chr2	27028397	27028496	LTR/ERVL-MaLR	1992	+	50	27028447	77946
chr2	26950501	27150501	harbor2	chr2	27028803	27028934	LTR/ERVL-MaLR	1992	+	66	27028869	78368
chr2	26950501	27150501	harbor2	chr2	27029230	27029518	LTR/ERVL-MaLR	1992	+	144	27029374	78873
chr2	26950501	27150501	harbor2	chr2	26968037	26968182	LTR/ERVL-MaLR	476	+	72	26968109	17608
chr2	43055466	43255466	harbor2	chr2	43090689	43091038	LTR/ERVL-MaLR	2316	+	174	43090863	35397
chr2	43055466	43255466	harbor2	chr2	43105264	43105653	LTR/ERVL-MaLR	1774	+	194	43105458	49992
chr2	43055466	43255466	harbor2	chr2	43138639	43138743	LTR/ERVL-MaLR	565	+	52	43138691	83225
chr2	43055466	43255466	harbor2	chr2	43139955	43140080	LTR/ERVL-MaLR	525	+	62	43140017	84551
chr2	143543446	143743446	harbor2	chr2	143619589	143619955	LTR/ERVL-MaLR	1869	+	183	143619772	76326
chr2	143543446	143743446	harbor2	chr2	143626847	143627211	LTR/ERVL-MaLR	1604	+	182	143627029	83583
chr2	240157589	240357589	harbor2	chr2	240161996	240162166	LTR/ERVL-MaLR	703	+	85	240162081	4492
chr2	240157589	240357589	harbor2	chr2	240165884	240166267	LTR/ERVL-MaLR	2226	+	192	240166076	8487
chr2	240157589	240357589	harbor2	chr2	240180146	240180625	LTR/ERVL-MaLR	2079	+	240	240180386	22797
chr2	240157589	240357589	harbor2	chr2	240180918	240180974	LTR/ERVL-MaLR	2079	+	28	240180946	23357
chr2	240157589	240357589	harbor2	chr2	240184486	240184990	LTR/ERVL-MaLR	1691	+	252	240184738	27149
chr2	240157589	240357589	harbor2	chr2	240187972	240188328	LTR/ERVL-MaLR	2581	+	178	240188150	30561
chr2	240157589	240357589	harbor2	chr2	240192026	240192428	LTR/ERVL-MaLR	2259	+	201	240192227	34638
chr2	240157589	240357589	harbor2	chr2	240194403	240194491	LTR/ERVL-MaLR	494	+	44	240194447	36858
chr2	240157589	240357589	harbor2	chr2	240194586	240194990	LTR/ERVL-MaLR	1631	+	202	240194788	37199
chr2	240157589	240357589	harbor2	chr2	240196539	240196872	LTR/ERVL-MaLR	1177	+	166	240196705	39116
chr2	240157589	240357589	harbor2	chr2	240200218	240200534	LTR/ERVL-MaLR	509	+	158	240200376	42787
chr2	240157589	240357589	harbor2	chr2	240229198	240229561	LTR/ERVL-MaLR	2113	+	182	240229380	71791
chr2	240157589	240357589	harbor2	chr2	240244672	240244993	LTR/ERVL-MaLR	1033	+	160	240244832	87243
chr2	240157589	240357589	harbor2	chr2	240246883	240247276	LTR/ERVL-MaLR	2418	+	196	240247079	89490
chr2	240157589	240357589	harbor2	chr2	240256362	240256705	LTR/ERVL-MaLR	516	+	172	240256534	98945
chr2	156337938	156537938	harbor2	chr2	156347096	156347318	LTR/ERVL-MaLR	579	+	111	156347207	9269
chr2	156337938	156537938	harbor2	chr2	156376959	156377317	LTR/ERVL-MaLR	2052	+	179	156377138	39200
chr2	156337938	156537938	harbor2	chr2	156408814	156409247	LTR/ERVL-MaLR	1877	+	216	156409030	71092
chr2	170412424	170612424	harbor2	chr2	170415906	170416154	LTR/ERVL-MaLR	1387	+	124	170416030	3606
chr2	170412424	170612424	harbor2	chr2	170481973	170482150	LTR/ERVL-MaLR	2438	+	88	170482061	69637
chr2	170412424	170612424	harbor2	chr2	170482455	170482635	LTR/ERVL-MaLR	2438	+	90	170482545	70121
chr2	170412424	170612424	harbor2	chr2	170493549	170494120	LTR/ERVL-MaLR	2959	+	286	170493835	81411
chr2	170412424	170612424	harbor2	chr2	170510511	170510661	LTR/ERVL-MaLR	730	+	75	170510586	98162
chr2	1511396	1711396	harbor2	chr2	1518814	1519232	LTR/ERVL-MaLR	1438	+	209	1519023	7627
chr2	1511396	1711396	harbor2	chr2	1588855	1589075	LTR/ERVL-MaLR	645	+	110	1588965	77569
chr2	1511396	1711396	harbor2	chr2	1593372	1593651	LTR/ERVL-MaLR	817	+	140	1593512	82116
chr2	111378907	111578907	harbor2	chr2	111378505	111378945	LTR/ERVL-MaLR	2183	+	220	111378725	182
chr2	111378907	111578907	harbor2	chr2	111381933	111382300	LTR/ERVL-MaLR	1539	+	184	111382117	3210
chr2	111378907	111578907	harbor2	chr2	111388192	111388578	LTR/ERVL-MaLR	2039	+	193	111388385	9478
chr2	111378907	111578907	harbor2	chr2	111400341	111400688	LTR/ERVL-MaLR	1851	+	174	111400515	21608
chr2	111378907	111578907	harbor2	chr2	111406691	111407049	LTR/ERVL-MaLR	2571	+	179	111406870	27963
chr2	111378907	111578907	harbor2	chr2	111409475	111409921	LTR/ERVL-MaLR	2023	+	223	111409698	30791
chr2	111378907	111578907	harbor2	chr2	111457858	111458084	LTR/ERVL-MaLR	499	+	113	111457971	79064
chr2	111378907	111578907	harbor2	chr2	111471795	111472172	LTR/ERVL-MaLR	1929	+	188	111471983	93076
chr2	111378907	111578907	harbor2	chr2	111394744	111395099	LTR/ERVL-MaLR	2832	+	178	111394922	16015
chr2	66333348	66533348	harbor2	chr2	66354895	66355094	LTR/ERVL-MaLR	549	+	100	66354995	21647
chr2	66333348	66533348	harbor2	chr2	66359822	66360163	LTR/ERVL-MaLR	1801	+	170	66359992	26644
chr2	66333348	66533348	harbor2	chr2	66360994	66361104	LTR/ERVL-MaLR	591	+	55	66361049	27701
chr2	66333348	66533348	harbor2	chr2	66373054	66373448	LTR/ERVL-MaLR	2170	+	197	66373251	39903
chr2	66333348	66533348	harbor2	chr2	66400050	66400389	LTR/ERVL-MaLR	1094	+	170	66400220	66872
chr2	113484022	113684022	harbor2	chr2	113556719	113556984	LTR/ERVL-MaLR	804	+	132	113556851	72829
chr2	113484022	113684022	harbor2	chr2	113578542	113578898	LTR/ERVL-MaLR	842	+	178	113578720	94698
chr2	72866749	73066749	harbor2	chr2	72873445	72873574	LTR/ERVL-MaLR	659	+	64	72873509	6760
chr2	72866749	73066749	harbor2	chr2	72903055	72903459	LTR/ERVL-MaLR	2459	+	202	72903257	36508
chr2	113484017	113684017	harbor2	chr2	113556719	113556984	LTR/ERVL-MaLR	804	+	132	113556851	72834
chr2	113484017	113684017	harbor2	chr2	113578542	113578898	LTR/ERVL-MaLR	842	+	178	113578720	94703
chr2	112819372	113019372	harbor2	chr2	112826963	112827346	LTR/ERVL-MaLR	2207	+	192	112827155	7783
chr2	113527151	113727151	harbor2	chr2	113556719	113556984	LTR/ERVL-MaLR	804	+	132	113556851	29700
chr2	113527151	113727151	harbor2	chr2	113578542	113578898	LTR/ERVL-MaLR	842	+	178	113578720	51569
chr2	113527151	113727151	harbor2	chr2	113615945	113616388	LTR/ERVL-MaLR	1843	+	222	113616167	89016
chr2	113527151	113727151	harbor2	chr2	113620165	113620268	LTR/ERVL-MaLR	649	+	52	113620217	93066
chr2	113527151	113727151	harbor2	chr2	113620306	113620585	LTR/ERVL-MaLR	649	+	140	113620446	93295
chr2	113484623	113684623	harbor2	chr2	113556719	113556984	LTR/ERVL-MaLR	804	+	132	113556851	72228
chr2	113484623	113684623	harbor2	chr2	113578542	113578898	LTR/ERVL-MaLR	842	+	178	113578720	94097
chr2	70838422	71038422	harbor2	chr2	70849746	70849968	LTR/ERVL-MaLR	1164	+	111	70849857	11435
chr2	70838422	71038422	harbor2	chr2	70858868	70859280	LTR/ERVL-MaLR	2045	+	206	70859074	20652
chr2	70838422	71038422	harbor2	chr2	70860243	70860449	LTR/ERVL-MaLR	1103	+	103	70860346	21924
chr2	70838422	71038422	harbor2	chr2	70868990	70869317	LTR/ERVL-MaLR	1422	+	164	70869154	30732
chr2	70838422	71038422	harbor2	chr2	70869643	70869691	LTR/ERVL-MaLR	1422	+	24	70869667	31245
chr2	64300586	64500586	harbor2	chr2	64300220	64300594	LTR/ERVL-MaLR	543	+	187	64300407	179
chr2	64300586	64500586	harbor2	chr2	64320801	64321171	LTR/ERVL-MaLR	1755	+	185	64320986	20400
chr2	64300586	64500586	harbor2	chr2	64332100	64332298	LTR/ERVL-MaLR	1044	+	99	64332199	31613
chr2	64300586	64500586	harbor2	chr2	64341994	64342413	LTR/ERVL-MaLR	2160	+	210	64342204	41618
chr2	64300586	64500586	harbor2	chr2	64344734	64344944	LTR/ERVL-MaLR	467	+	105	64344839	44253
chr2	64300586	64500586	harbor2	chr2	64380751	64381093	LTR/ERVL-MaLR	693	+	171	64380922	80336
chr2	64300586	64500586	harbor2	chr2	64398974	64399158	LTR/ERVL-MaLR	539	+	92	64399066	98480
chr2	130084190	130284190	harbor2	chr2	130091229	130091604	LTR/ERVL-MaLR	665	+	188	130091417	7227
chr2	130084190	130284190	harbor2	chr2	130177861	130178000	LTR/ERVL-MaLR	639	+	70	130177931	93741
chr2	130084190	130284190	harbor2	chr2	130177997	130178243	LTR/ERVL-MaLR	1148	+	123	130178120	93930
chr2	181467134	181667134	harbor2	chr2	181540366	181540621	LTR/ERVL-MaLR	752	+	128	181540494	73360
chr2	181467134	181667134	harbor2	chr2	181541055	181541430	LTR/ERVL-MaLR	1573	+	188	181541243	74109
chr2	181467134	181667134	harbor2	chr2	181546870	181547220	LTR/ERVL-MaLR	2467	+	175	181547045	79911
chr2	181467134	181667134	harbor2	chr2	181552245	181552624	LTR/ERVL-MaLR	2416	+	190	181552435	85301
chr2	67402885	67602885	harbor2	chr2	67436280	67436507	LTR/ERVL-MaLR	905	+	114	67436394	33509
chr2	67402885	67602885	harbor2	chr2	67449254	67449349	LTR/ERVL-MaLR	1342	+	48	67449302	46417
chr2	67402885	67602885	harbor2	chr2	67449918	67450045	LTR/ERVL-MaLR	1342	+	64	67449982	47097
chr2	67402885	67602885	harbor2	chr2	67450354	67450704	LTR/ERVL-MaLR	1342	+	175	67450529	47644
chr2	67402885	67602885	harbor2	chr2	67451546	67451817	LTR/ERVL-MaLR	808	+	136	67451682	48797
chr2	67402885	67602885	harbor2	chr2	67486782	67487147	LTR/ERVL-MaLR	2158	+	182	67486964	84079
chr2	67402885	67602885	harbor2	chr2	67487879	67488375	LTR/ERVL-MaLR	1346	+	248	67488127	85242
chr2	67402885	67602885	harbor2	chr2	67501515	67501877	LTR/ERVL-MaLR	1936	+	181	67501696	98811
chr2	219078268	219278268	harbor2	chr2	219138884	219139079	LTR/ERVL-MaLR	1936	+	98	219138982	60714
chr2	219078268	219278268	harbor2	chr2	219139388	219139669	LTR/ERVL-MaLR	1936	+	140	219139528	61260
chr2	219078268	219278268	harbor2	chr2	219139979	219140039	LTR/ERVL-MaLR	1936	+	30	219140009	61741
chr2	43055499	43255499	harbor2	chr2	43090689	43091038	LTR/ERVL-MaLR	2316	+	174	43090863	35364
chr2	43055499	43255499	harbor2	chr2	43105264	43105653	LTR/ERVL-MaLR	1774	+	194	43105458	49959
chr2	43055499	43255499	harbor2	chr2	43138639	43138743	LTR/ERVL-MaLR	565	+	52	43138691	83192
chr2	43055499	43255499	harbor2	chr2	43139955	43140080	LTR/ERVL-MaLR	525	+	62	43140017	84518
chr2	204961872	205161872	harbor2	chr2	205006972	205007342	LTR/ERVL-MaLR	2255	+	185	205007157	45285
chr2	96386357	96586357	harbor2	chr2	96386525	96386948	LTR/ERVL-MaLR	2370	+	212	96386737	380
chr2	96386357	96586357	harbor2	chr2	96387438	96387524	LTR/ERVL-MaLR	1879	+	43	96387481	1124
chr2	96386357	96586357	harbor2	chr2	96387842	96388145	LTR/ERVL-MaLR	1879	+	152	96387994	1637
chr2	96386357	96586357	harbor2	chr2	96399977	96400471	LTR/ERVL-MaLR	473	+	247	96400224	13867
chr2	96386357	96586357	harbor2	chr2	96402800	96402970	LTR/ERVL-MaLR	741	+	85	96402885	16528
chr2	96386357	96586357	harbor2	chr2	96406103	96406281	LTR/ERVL-MaLR	547	+	89	96406192	19835
chr2	96386357	96586357	harbor2	chr2	96407135	96407288	LTR/ERVL-MaLR	524	+	76	96407211	20854
chr2	96386357	96586357	harbor2	chr2	96412353	96412500	LTR/ERVL-MaLR	524	+	74	96412427	26070
chr2	96386357	96586357	harbor2	chr2	96437567	96437915	LTR/ERVL-MaLR	2096	+	174	96437741	51384
chr2	96386357	96586357	harbor2	chr2	96437918	96439698	LTR/ERVL-MaLR	10715	+	890	96438808	52451
chr2	96386357	96586357	harbor2	chr2	96439699	96440088	LTR/ERVL-MaLR	2189	+	194	96439893	53536
chr2	96386357	96586357	harbor2	chr2	96452626	96453000	LTR/ERVL-MaLR	2039	+	187	96452813	66456
chr2	96386357	96586357	harbor2	chr2	96484655	96485027	LTR/ERVL-MaLR	1371	+	186	96484841	98484
chr2	175980104	176180104	harbor2	chr2	175981070	175981421	LTR/ERVL-MaLR	969	+	176	175981246	1142
chr2	175980104	176180104	harbor2	chr2	175981752	175981945	LTR/ERVL-MaLR	941	+	96	175981848	1744
chr2	175980104	176180104	harbor2	chr2	175990120	175990539	LTR/ERVL-MaLR	2808	+	210	175990330	10226
chr2	175980104	176180104	harbor2	chr2	176008814	176009097	LTR/ERVL-MaLR	1903	+	142	176008956	28852
chr2	175980104	176180104	harbor2	chr2	176009421	176009782	LTR/ERVL-MaLR	1903	+	180	176009601	29497
chr2	175980104	176180104	harbor2	chr2	176042966	176043321	LTR/ERVL-MaLR	2236	+	178	176043144	63040
chr2	175980104	176180104	harbor2	chr2	176048831	176048982	LTR/ERVL-MaLR	1790	+	76	176048907	68803
chr2	175980104	176180104	harbor2	chr2	176049286	176049506	LTR/ERVL-MaLR	1790	+	110	176049396	69292
chr2	175980104	176180104	harbor2	chr2	176050013	176050222	LTR/ERVL-MaLR	592	+	104	176050117	70013
chr2	91620961	91820961	harbor2	chr2	91626012	91626376	LTR/ERVL-MaLR	1654	+	182	91626194	5233
chr2	91620961	91820961	harbor2	chr2	91629358	91629672	LTR/ERVL-MaLR	689	+	157	91629515	8554
chr2	91620961	91820961	harbor2	chr2	91630911	91631359	LTR/ERVL-MaLR	897	+	224	91631135	10174
chr2	91620961	91820961	harbor2	chr2	91634856	91635438	LTR/ERVL-MaLR	773	+	291	91635147	14186
chr2	91620961	91820961	harbor2	chr2	91640858	91641257	LTR/ERVL-MaLR	2043	+	200	91641058	20097
chr2	91620961	91820961	harbor2	chr2	91680577	91680681	LTR/ERVL-MaLR	521	+	52	91680629	59668
chr2	91620961	91820961	harbor2	chr2	91668111	91668483	LTR/ERVL-MaLR	1689	+	186	91668297	47336
chr2	26982482	27182482	harbor2	chr2	26985687	26986056	LTR/ERVL-MaLR	826	+	184	26985871	3389
chr2	26982482	27182482	harbor2	chr2	27028397	27028496	LTR/ERVL-MaLR	1992	+	50	27028447	45965
chr2	26982482	27182482	harbor2	chr2	27028803	27028934	LTR/ERVL-MaLR	1992	+	66	27028869	46387
chr2	26982482	27182482	harbor2	chr2	27029230	27029518	LTR/ERVL-MaLR	1992	+	144	27029374	46892
chr2	11245320	11445320	harbor2	chr2	11256181	11256559	LTR/ERVL-MaLR	2077	+	189	11256370	11050
chr2	11245320	11445320	harbor2	chr2	11262429	11262785	LTR/ERVL-MaLR	2282	+	178	11262607	17287
chr2	11245320	11445320	harbor2	chr2	11292763	11293104	LTR/ERVL-MaLR	1830	+	170	11292933	47613
chr2	11245320	11445320	harbor2	chr2	11321834	11322192	LTR/ERVL-MaLR	1999	+	179	11322013	76693
chr2	239595748	239795748	harbor2	chr2	239595968	239596183	LTR/ERVL-MaLR	1623	+	108	239596076	328
chr2	239595748	239795748	harbor2	chr2	239596646	239596905	LTR/ERVL-MaLR	1623	+	130	239596776	1028
chr2	239595748	239795748	harbor2	chr2	239597491	239597894	LTR/ERVL-MaLR	2257	+	202	239597693	1945
chr2	239595748	239795748	harbor2	chr2	239603606	239603917	LTR/ERVL-MaLR	1071	+	156	239603762	8014
chr2	239595748	239795748	harbor2	chr2	239604103	239604381	LTR/ERVL-MaLR	1083	+	139	239604242	8494
chr2	239595748	239795748	harbor2	chr2	239615235	239615420	LTR/ERVL-MaLR	597	+	92	239615327	19579
chr2	239595748	239795748	harbor2	chr2	239615514	239615643	LTR/ERVL-MaLR	459	+	64	239615578	19830
chr2	239595748	239795748	harbor2	chr2	239625094	239625399	LTR/ERVL-MaLR	1575	+	152	239625246	29498
chr2	239595748	239795748	harbor2	chr2	239635748	239636016	LTR/ERVL-MaLR	1198	+	134	239635882	40134
chr2	239595748	239795748	harbor2	chr2	239636492	239636675	LTR/ERVL-MaLR	733	+	92	239636584	40836
chr2	219078222	219278222	harbor2	chr2	219138884	219139079	LTR/ERVL-MaLR	1936	+	98	219138982	60760
chr2	219078222	219278222	harbor2	chr2	219139388	219139669	LTR/ERVL-MaLR	1936	+	140	219139528	61306
chr2	219078222	219278222	harbor2	chr2	219139979	219140039	LTR/ERVL-MaLR	1936	+	30	219140009	61787
chr2	119126672	119326672	harbor2	chr2	119164025	119164215	LTR/ERVL-MaLR	629	+	95	119164120	37448
chr2	119126672	119326672	harbor2	chr2	119172942	119173326	LTR/ERVL-MaLR	1562	+	192	119173134	46462
chr2	119126672	119326672	harbor2	chr2	119179858	119180193	LTR/ERVL-MaLR	1216	+	168	119180026	53354
chr2	119126672	119326672	harbor2	chr2	119189451	119189834	LTR/ERVL-MaLR	1861	+	192	119189643	62971
chr2	237960583	238160583	harbor2	chr2	237961574	237961950	LTR/ERVL-MaLR	1096	+	188	237961762	1179
chr2	237960583	238160583	harbor2	chr2	238004593	238005124	LTR/ERVL-MaLR	1855	+	266	238004859	44276
chr2	237960583	238160583	harbor2	chr2	238051354	238051705	LTR/ERVL-MaLR	2318	+	176	238051530	90947
chr2	208143888	208343888	harbor2	chr2	208181875	208182031	LTR/ERVL-MaLR	514	+	78	208181953	38065
chr2	208143888	208343888	harbor2	chr2	208210522	208210711	LTR/ERVL-MaLR	648	+	94	208210616	66728
chr2	208143888	208343888	harbor2	chr2	208211172	208211502	LTR/ERVL-MaLR	615	+	165	208211337	67449
chr2	232216088	232416088	harbor2	chr2	232296439	232296797	LTR/ERVL-MaLR	2682	+	179	232296618	80530
chr2	219078279	219278279	harbor2	chr2	219138884	219139079	LTR/ERVL-MaLR	1936	+	98	219138982	60703
chr2	219078279	219278279	harbor2	chr2	219139388	219139669	LTR/ERVL-MaLR	1936	+	140	219139528	61249
chr2	219078279	219278279	harbor2	chr2	219139979	219140039	LTR/ERVL-MaLR	1936	+	30	219140009	61730
chr2	86006203	86206203	harbor2	chr2	86005981	86006338	LTR/ERVL-MaLR	1752	+	178	86006159	44
chr2	86006203	86206203	harbor2	chr2	86013437	86013881	LTR/ERVL-MaLR	996	+	222	86013659	7456
chr2	42070444	42270444	harbor2	chr2	42076372	42076838	LTR/ERVL-MaLR	806	+	233	42076605	6161
chr2	42070444	42270444	harbor2	chr2	42091417	42091789	LTR/ERVL-MaLR	1684	+	186	42091603	21159
chr2	42070444	42270444	harbor2	chr2	42099756	42100148	LTR/ERVL-MaLR	2082	+	196	42099952	29508
chr2	42070444	42270444	harbor2	chr2	42129731	42130167	LTR/ERVL-MaLR	2076	+	218	42129949	59505
chr2	42070444	42270444	harbor2	chr2	42137794	42137899	LTR/ERVL-MaLR	1165	+	52	42137846	67402
chr2	42070444	42270444	harbor2	chr2	42138204	42138664	LTR/ERVL-MaLR	1165	+	230	42138434	67990
chr2	42070444	42270444	harbor2	chr2	42150130	42150320	LTR/ERVL-MaLR	723	+	95	42150225	79781
chr2	42070444	42270444	harbor2	chr2	42151675	42152080	LTR/ERVL-MaLR	1282	+	202	42151877	81433
chr2	42070444	42270444	harbor2	chr2	42167626	42167782	LTR/ERVL-MaLR	746	+	78	42167704	97260
chr2	164732161	164932161	harbor2	chr2	164754256	164754573	LTR/ERVL-MaLR	1115	+	158	164754414	22253
chr2	164732161	164932161	harbor2	chr2	164766290	164766689	LTR/ERVL-MaLR	2554	+	200	164766490	34329
chr2	164732161	164932161	harbor2	chr2	164784861	164785175	LTR/ERVL-MaLR	1031	+	157	164785018	52857
chr2	43292443	43492443	harbor2	chr2	43321392	43321662	LTR/ERVL-MaLR	1044	+	135	43321527	29084
chr2	43292443	43492443	harbor2	chr2	43354751	43355117	LTR/ERVL-MaLR	2564	+	183	43354934	62491
chr2	202771723	202971723	harbor2	chr2	202814145	202814565	LTR/ERVL-MaLR	2457	+	210	202814355	42632
chr2	202771723	202971723	harbor2	chr2	202818514	202818857	LTR/ERVL-MaLR	2187	+	172	202818686	46963
chr2	202771723	202971723	harbor2	chr2	202866120	202866489	LTR/ERVL-MaLR	2226	+	184	202866304	94581
chr2	72971529	73171529	harbor2	chr2	72976966	72977344	LTR/ERVL-MaLR	678	+	189	72977155	5626
chr2	72971529	73171529	harbor2	chr2	73005928	73006277	LTR/ERVL-MaLR	447	+	174	73006102	34573
chr2	72971529	73171529	harbor2	chr2	73010117	73010620	LTR/ERVL-MaLR	1121	+	252	73010369	38840
chr2	72971529	73171529	harbor2	chr2	73029009	73029332	LTR/ERVL-MaLR	581	+	162	73029171	57642
chr2	72971529	73171529	harbor2	chr2	73031174	73031541	LTR/ERVL-MaLR	942	+	184	73031358	59829
chr2	72971529	73171529	harbor2	chr2	73047450	73047803	LTR/ERVL-MaLR	2335	+	176	73047626	76097
chr2	72971529	73171529	harbor2	chr2	73057646	73058002	LTR/ERVL-MaLR	2040	+	178	73057824	86295
chr2	43058164	43258164	harbor2	chr2	43090689	43091038	LTR/ERVL-MaLR	2316	+	174	43090863	32699
chr2	43058164	43258164	harbor2	chr2	43105264	43105653	LTR/ERVL-MaLR	1774	+	194	43105458	47294
chr2	43058164	43258164	harbor2	chr2	43138639	43138743	LTR/ERVL-MaLR	565	+	52	43138691	80527
chr2	43058164	43258164	harbor2	chr2	43139955	43140080	LTR/ERVL-MaLR	525	+	62	43140017	81853
chr2	192560007	192760007	harbor2	chr2	192560255	192560378	LTR/ERVL-MaLR	550	+	62	192560317	310
chr2	192560007	192760007	harbor2	chr2	192565285	192565574	LTR/ERVL-MaLR	968	+	144	192565429	5422
chr2	192560007	192760007	harbor2	chr2	192570709	192571291	LTR/ERVL-MaLR	1784	+	291	192571000	10993
chr2	192560007	192760007	harbor2	chr2	192571604	192572075	LTR/ERVL-MaLR	1126	+	236	192571840	11833
chr2	192560007	192760007	harbor2	chr2	192573687	192573844	LTR/ERVL-MaLR	557	+	78	192573765	13758
chr2	192560007	192760007	harbor2	chr2	192575496	192575978	LTR/ERVL-MaLR	2138	+	241	192575737	15730
chr2	192560007	192760007	harbor2	chr2	192578628	192578998	LTR/ERVL-MaLR	759	+	185	192578813	18806
chr2	192560007	192760007	harbor2	chr2	192591045	192591389	LTR/ERVL-MaLR	1941	+	172	192591217	31210
chr2	192560007	192760007	harbor2	chr2	192625124	192625598	LTR/ERVL-MaLR	1103	+	237	192625361	65354
chr2	192560007	192760007	harbor2	chr2	192630121	192630205	LTR/ERVL-MaLR	556	+	42	192630163	70156
chr2	44068663	44268663	harbor2	chr2	44085494	44085847	LTR/ERVL-MaLR	1011	+	176	44085670	17007
chr2	44068663	44268663	harbor2	chr2	44093245	44093675	LTR/ERVL-MaLR	1539	+	215	44093460	24797
chr2	44068663	44268663	harbor2	chr2	44108835	44109259	LTR/ERVL-MaLR	2537	+	212	44109047	40384
chr2	44068663	44268663	harbor2	chr2	44110436	44110999	LTR/ERVL-MaLR	2056	+	282	44110718	42055
chr2	44068663	44268663	harbor2	chr2	44116849	44117077	LTR/ERVL-MaLR	1272	+	114	44116963	48300
chr2	44068663	44268663	harbor2	chr2	44117386	44117633	LTR/ERVL-MaLR	1272	+	124	44117510	48847
chr2	44068663	44268663	harbor2	chr2	44136537	44136910	LTR/ERVL-MaLR	1400	+	186	44136723	68060
chr2	44068663	44268663	harbor2	chr2	44145217	44145382	LTR/ERVL-MaLR	1200	+	82	44145299	76636
chr2	44068663	44268663	harbor2	chr2	44147277	44147596	LTR/ERVL-MaLR	1655	+	160	44147437	78774
chr2	44068663	44268663	harbor2	chr2	44149360	44149609	LTR/ERVL-MaLR	1223	+	124	44149484	80821
chr2	44068663	44268663	harbor2	chr2	44149613	44150123	LTR/ERVL-MaLR	6681	+	255	44149868	81205
chr2	44068663	44268663	harbor2	chr2	44150414	44151436	LTR/ERVL-MaLR	6681	+	511	44150925	82262
chr2	44068663	44268663	harbor2	chr2	44151746	44151883	LTR/ERVL-MaLR	6681	+	68	44151814	83151
chr2	44068663	44268663	harbor2	chr2	44151955	44152268	LTR/ERVL-MaLR	1206	+	156	44152111	83448
chr2	44068663	44268663	harbor2	chr2	44156722	44157150	LTR/ERVL-MaLR	444	+	214	44156936	88273
chr2	219602864	219802864	harbor2	chr2	219616463	219616804	LTR/ERVL-MaLR	570	+	170	219616633	13769
chr2	219602864	219802864	harbor2	chr2	219616912	219617287	LTR/ERVL-MaLR	617	+	188	219617100	14236
chr2	219602864	219802864	harbor2	chr2	219647054	219647427	LTR/ERVL-MaLR	2552	+	186	219647240	44376
chr2	219602864	219802864	harbor2	chr2	219647740	219647786	LTR/ERVL-MaLR	2552	+	23	219647763	44899
chr2	219602864	219802864	harbor2	chr2	219671962	219672328	LTR/ERVL-MaLR	2266	+	183	219672145	69281
chr2	219602864	219802864	harbor2	chr2	219675820	219676275	LTR/ERVL-MaLR	1201	+	228	219676048	73184
chr2	219602864	219802864	harbor2	chr2	219683470	219683846	LTR/ERVL-MaLR	2196	+	188	219683658	80794
chr2	219602864	219802864	harbor2	chr2	219688289	219688663	LTR/ERVL-MaLR	2219	+	187	219688476	85612
chr2	43124424	43324424	harbor2	chr2	43138639	43138743	LTR/ERVL-MaLR	565	+	52	43138691	14267
chr2	43124424	43324424	harbor2	chr2	43139955	43140080	LTR/ERVL-MaLR	525	+	62	43140017	15593
chr2	64956793	65156793	harbor2	chr2	64967373	64967939	LTR/ERVL-MaLR	1072	+	283	64967656	10863
chr2	64956793	65156793	harbor2	chr2	64972695	64973206	LTR/ERVL-MaLR	825	+	256	64972951	16158
chr2	64956793	65156793	harbor2	chr2	64984826	64985201	LTR/ERVL-MaLR	1331	+	188	64985014	28221
chr2	64956793	65156793	harbor2	chr2	64985282	64985508	LTR/ERVL-MaLR	705	+	113	64985395	28602
chr2	64956793	65156793	harbor2	chr2	64986768	64987008	LTR/ERVL-MaLR	861	+	120	64986888	30095
chr2	64956793	65156793	harbor2	chr2	65048502	65048844	LTR/ERVL-MaLR	2374	+	171	65048673	91880
chr2	113484016	113684016	harbor2	chr2	113556719	113556984	LTR/ERVL-MaLR	804	+	132	113556851	72835
chr2	113484016	113684016	harbor2	chr2	113578542	113578898	LTR/ERVL-MaLR	842	+	178	113578720	94704
chr2	236587967	236787967	harbor2	chr2	236634872	236635130	LTR/ERVL-MaLR	700	+	129	236635001	47034
chr2	236587967	236787967	harbor2	chr2	236644017	236644178	LTR/ERVL-MaLR	963	+	80	236644097	56130
chr2	236587967	236787967	harbor2	chr2	236644179	236644459	LTR/ERVL-MaLR	643	+	140	236644319	56352
chr2	236587967	236787967	harbor2	chr2	236671355	236671737	LTR/ERVL-MaLR	1126	+	191	236671546	83579
chr2	236587967	236787967	harbor2	chr2	236666407	236666914	LTR/ERVL-MaLR	2001	+	254	236666661	78694
chr2	36674986	36874986	harbor2	chr2	36691425	36691670	LTR/ERVL-MaLR	567	+	122	36691547	16561
chr2	36674986	36874986	harbor2	chr2	36765011	36765249	LTR/ERVL-MaLR	1951	+	119	36765130	90144
chr2	36674986	36874986	harbor2	chr2	36765633	36765924	LTR/ERVL-MaLR	1951	+	146	36765779	90793
chr2	234412508	234612508	harbor2	chr2	234418105	234418469	LTR/ERVL-MaLR	2868	+	182	234418287	5779
chr2	234412508	234612508	harbor2	chr2	234423171	234423360	LTR/ERVL-MaLR	1014	+	94	234423265	10757
chr2	234412508	234612508	harbor2	chr2	234423642	234423882	LTR/ERVL-MaLR	1014	+	120	234423762	11254
chr2	234412508	234612508	harbor2	chr2	234443628	234444112	LTR/ERVL-MaLR	1851	+	242	234443870	31362
chr2	234412508	234612508	harbor2	chr2	234447195	234447594	LTR/ERVL-MaLR	1468	+	200	234447395	34887
chr2	234412508	234612508	harbor2	chr2	234456221	234456494	LTR/ERVL-MaLR	802	+	136	234456357	43849
chr2	234412508	234612508	harbor2	chr2	234457121	234457273	LTR/ERVL-MaLR	598	+	76	234457197	44689
chr2	234412508	234612508	harbor2	chr2	234458299	234458883	LTR/ERVL-MaLR	1871	+	292	234458591	46083
chr2	234412508	234612508	harbor2	chr2	234459565	234460030	LTR/ERVL-MaLR	1987	+	232	234459797	47289
chr2	234412508	234612508	harbor2	chr2	234467145	234467513	LTR/ERVL-MaLR	1578	+	184	234467329	54821
chr2	234412508	234612508	harbor2	chr2	234473648	234473687	LTR/ERVL-MaLR	1473	+	20	234473668	61160
chr2	234412508	234612508	harbor2	chr2	234474098	234474506	LTR/ERVL-MaLR	1473	+	204	234474302	61794
chr2	234412508	234612508	harbor2	chr2	234477475	234477909	LTR/ERVL-MaLR	961	+	217	234477692	65184
chr2	234412508	234612508	harbor2	chr2	234483777	234484211	LTR/ERVL-MaLR	1996	+	217	234483994	71486
chr2	234412508	234612508	harbor2	chr2	234484790	234485309	LTR/ERVL-MaLR	1856	+	260	234485050	72542
chr2	163608738	163808738	harbor2	chr2	163649222	163649756	LTR/ERVL-MaLR	646	+	267	163649489	40751
chr2	163608738	163808738	harbor2	chr2	163661599	163661953	LTR/ERVL-MaLR	2808	+	177	163661776	53038
chr2	163608738	163808738	harbor2	chr2	163661954	163662688	LTR/ERVL-MaLR	5005	+	367	163662321	53583
chr2	163608738	163808738	harbor2	chr2	163662695	163663052	LTR/ERVL-MaLR	2541	+	178	163662873	54135
chr2	96403077	96603077	harbor2	chr2	96406103	96406281	LTR/ERVL-MaLR	547	+	89	96406192	3115
chr2	96403077	96603077	harbor2	chr2	96407135	96407288	LTR/ERVL-MaLR	524	+	76	96407211	4134
chr2	96403077	96603077	harbor2	chr2	96412353	96412500	LTR/ERVL-MaLR	524	+	74	96412427	9350
chr2	96403077	96603077	harbor2	chr2	96437567	96437915	LTR/ERVL-MaLR	2096	+	174	96437741	34664
chr2	96403077	96603077	harbor2	chr2	96437918	96439698	LTR/ERVL-MaLR	10715	+	890	96438808	35731
chr2	96403077	96603077	harbor2	chr2	96439699	96440088	LTR/ERVL-MaLR	2189	+	194	96439893	36816
chr2	96403077	96603077	harbor2	chr2	96452626	96453000	LTR/ERVL-MaLR	2039	+	187	96452813	49736
chr2	96403077	96603077	harbor2	chr2	96484655	96485027	LTR/ERVL-MaLR	1371	+	186	96484841	81764
chr2	130102755	130302755	harbor2	chr2	130177861	130178000	LTR/ERVL-MaLR	639	+	70	130177931	75176
chr2	130102755	130302755	harbor2	chr2	130177997	130178243	LTR/ERVL-MaLR	1148	+	123	130178120	75365
chr2	112055853	112255853	harbor2	chr2	112063089	112063313	LTR/ERVL-MaLR	1026	+	112	112063201	7348
chr2	112055853	112255853	harbor2	chr2	112126243	112126686	LTR/ERVL-MaLR	1706	+	222	112126465	70612
chr2	112055853	112255853	harbor2	chr2	112137193	112137530	LTR/ERVL-MaLR	1921	+	168	112137361	81508
chr2	217378357	217578357	harbor2	chr2	217386789	217387169	LTR/ERVL-MaLR	1248	+	190	217386979	8622
chr2	217378357	217578357	harbor2	chr2	217397315	217397716	LTR/ERVL-MaLR	1760	+	200	217397515	19158
chr2	217378357	217578357	harbor2	chr2	217438333	217438695	LTR/ERVL-MaLR	2499	+	181	217438514	60157
chr2	217378357	217578357	harbor2	chr2	217457453	217457830	LTR/ERVL-MaLR	2780	+	188	217457641	79284
chr2	217378357	217578357	harbor2	chr2	217465988	217466419	LTR/ERVL-MaLR	864	+	216	217466204	87847
chr2	112780949	112980949	harbor2	chr2	112789499	112789905	LTR/ERVL-MaLR	2543	+	203	112789702	8753
chr2	112780949	112980949	harbor2	chr2	112790227	112790632	LTR/ERVL-MaLR	7341	+	202	112790429	9480
chr2	112780949	112980949	harbor2	chr2	112790942	112791922	LTR/ERVL-MaLR	7341	+	490	112791432	10483
chr2	112780949	112980949	harbor2	chr2	112792158	112792522	LTR/ERVL-MaLR	2261	+	182	112792340	11391
chr2	112780949	112980949	harbor2	chr2	112792984	112793245	LTR/ERVL-MaLR	1643	+	130	112793114	12165
chr2	112780949	112980949	harbor2	chr2	112793246	112793651	LTR/ERVL-MaLR	2299	+	202	112793448	12499
chr2	112780949	112980949	harbor2	chr2	112809519	112809872	LTR/ERVL-MaLR	1671	+	176	112809695	28746
chr2	112780949	112980949	harbor2	chr2	112826963	112827346	LTR/ERVL-MaLR	2207	+	192	112827155	46206
chr2	219078274	219278274	harbor2	chr2	219138884	219139079	LTR/ERVL-MaLR	1936	+	98	219138982	60708
chr2	219078274	219278274	harbor2	chr2	219139388	219139669	LTR/ERVL-MaLR	1936	+	140	219139528	61254
chr2	219078274	219278274	harbor2	chr2	219139979	219140039	LTR/ERVL-MaLR	1936	+	30	219140009	61735
chr2	113790804	113990804	harbor2	chr2	113797819	113797982	LTR/ERVL-MaLR	534	+	82	113797901	7097
chr2	113790804	113990804	harbor2	chr2	113811369	113811778	LTR/ERVL-MaLR	2435	+	204	113811573	20769
chr2	113790804	113990804	harbor2	chr2	113813452	113813809	LTR/ERVL-MaLR	2512	+	178	113813630	22826
chr2	113790804	113990804	harbor2	chr2	113845792	113846142	LTR/ERVL-MaLR	2145	+	175	113845967	55163
chr2	113790804	113990804	harbor2	chr2	113853814	113853900	LTR/ERVL-MaLR	1589	+	43	113853857	63053
chr2	113790804	113990804	harbor2	chr2	113854211	113854392	LTR/ERVL-MaLR	1589	+	90	113854301	63497
chr2	113790804	113990804	harbor2	chr2	113854737	113854975	LTR/ERVL-MaLR	1589	+	119	113854856	64052
chr2	113790804	113990804	harbor2	chr2	113856526	113856731	LTR/ERVL-MaLR	946	+	102	113856628	65824
chr2	113790804	113990804	harbor2	chr2	113856748	113857014	LTR/ERVL-MaLR	1297	+	133	113856881	66077
chr2	113790804	113990804	harbor2	chr2	113857015	113857308	LTR/ERVL-MaLR	1642	+	146	113857161	66357
chr2	113790804	113990804	harbor2	chr2	113872163	113872624	LTR/ERVL-MaLR	2314	+	230	113872393	81589
chr2	113790804	113990804	harbor2	chr2	113878756	113879313	LTR/ERVL-MaLR	1063	+	278	113879034	88230
chr2	26950765	27150765	harbor2	chr2	26985687	26986056	LTR/ERVL-MaLR	826	+	184	26985871	35106
chr2	26950765	27150765	harbor2	chr2	27028397	27028496	LTR/ERVL-MaLR	1992	+	50	27028447	77682
chr2	26950765	27150765	harbor2	chr2	27028803	27028934	LTR/ERVL-MaLR	1992	+	66	27028869	78104
chr2	26950765	27150765	harbor2	chr2	27029230	27029518	LTR/ERVL-MaLR	1992	+	144	27029374	78609
chr2	26950765	27150765	harbor2	chr2	26968037	26968182	LTR/ERVL-MaLR	476	+	72	26968109	17344
chr2	26980097	27180097	harbor2	chr2	26985687	26986056	LTR/ERVL-MaLR	826	+	184	26985871	5774
chr2	26980097	27180097	harbor2	chr2	27028397	27028496	LTR/ERVL-MaLR	1992	+	50	27028447	48350
chr2	26980097	27180097	harbor2	chr2	27028803	27028934	LTR/ERVL-MaLR	1992	+	66	27028869	48772
chr2	26980097	27180097	harbor2	chr2	27029230	27029518	LTR/ERVL-MaLR	1992	+	144	27029374	49277
chr2	219124492	219324492	harbor2	chr2	219138884	219139079	LTR/ERVL-MaLR	1936	+	98	219138982	14490
chr2	219124492	219324492	harbor2	chr2	219139388	219139669	LTR/ERVL-MaLR	1936	+	140	219139528	15036
chr2	219124492	219324492	harbor2	chr2	219139979	219140039	LTR/ERVL-MaLR	1936	+	30	219140009	15517
chr2	219124492	219324492	harbor2	chr2	219186433	219186528	LTR/ERVL-MaLR	2544	+	48	219186481	61989
chr2	219124492	219324492	harbor2	chr2	219186828	219187138	LTR/ERVL-MaLR	2544	+	155	219186983	62491
chr2	219124492	219324492	harbor2	chr2	219190861	219191097	LTR/ERVL-MaLR	1235	+	118	219190979	66487
chr2	219124492	219324492	harbor2	chr2	219204036	219204088	LTR/ERVL-MaLR	2658	+	26	219204062	79570
chr2	219124492	219324492	harbor2	chr2	219204399	219204748	LTR/ERVL-MaLR	2658	+	174	219204573	80081
chr2	219124492	219324492	harbor2	chr2	219205049	219205088	LTR/ERVL-MaLR	2658	+	20	219205069	80577
chr3	127490209	127690209	harbor2	chr3	127490064	127490254	LTR/ERVL-MaLR	873	+	95	127490159	50
chr3	127490209	127690209	harbor2	chr3	127510415	127510490	LTR/ERVL-MaLR	531	+	38	127510453	20244
chr3	127490209	127690209	harbor2	chr3	127511016	127511163	LTR/ERVL-MaLR	801	+	74	127511090	20881
chr3	127490209	127690209	harbor2	chr3	127511230	127511457	LTR/ERVL-MaLR	1698	+	114	127511344	21135
chr3	127490209	127690209	harbor2	chr3	127525957	127526130	LTR/ERVL-MaLR	792	+	86	127526043	35834
chr3	127490209	127690209	harbor2	chr3	127527789	127528062	LTR/ERVL-MaLR	1149	+	136	127527925	37716
chr3	127490209	127690209	harbor2	chr3	127569942	127570343	LTR/ERVL-MaLR	1888	+	200	127570142	79933
chr3	127490209	127690209	harbor2	chr3	127577719	127577920	LTR/ERVL-MaLR	471	+	100	127577819	87610
chr3	127490209	127690209	harbor2	chr3	127579393	127579729	LTR/ERVL-MaLR	856	+	168	127579561	89352
chr3	127490209	127690209	harbor2	chr3	127584551	127584714	LTR/ERVL-MaLR	525	+	82	127584633	94424
chr3	127490209	127690209	harbor2	chr3	127584890	127585096	LTR/ERVL-MaLR	528	+	103	127584993	94784
chr3	127490209	127690209	harbor2	chr3	127586917	127587479	LTR/ERVL-MaLR	923	+	281	127587198	96989
chr3	127490209	127690209	harbor2	chr3	127532779	127533195	LTR/ERVL-MaLR	691	+	208	127532987	42778
chr3	51939400	52139400	harbor2	chr3	52010503	52010999	LTR/ERVL-MaLR	2421	+	248	52010751	71351
chr3	138516159	138716159	harbor2	chr3	138601718	138602070	LTR/ERVL-MaLR	2645	+	176	138601894	85735
chr3	138516159	138716159	harbor2	chr3	138602071	138603324	LTR/ERVL-MaLR	10521	+	626	138602697	86538
chr3	138516159	138716159	harbor2	chr3	138603626	138603768	LTR/ERVL-MaLR	10521	+	71	138603697	87538
chr3	138516159	138716159	harbor2	chr3	138604066	138604242	LTR/ERVL-MaLR	10521	+	88	138604154	87995
chr3	138516159	138716159	harbor2	chr3	138604243	138604593	LTR/ERVL-MaLR	2549	+	175	138604418	88259
chr3	138516159	138716159	harbor2	chr3	138611545	138611975	LTR/ERVL-MaLR	2316	+	215	138611760	95601
chr3	108082734	108282734	harbor2	chr3	108099224	108099402	LTR/ERVL-MaLR	616	+	89	108099313	16579
chr3	108082734	108282734	harbor2	chr3	108105319	108105569	LTR/ERVL-MaLR	966	+	125	108105444	22710
chr3	108082734	108282734	harbor2	chr3	108124859	108125222	LTR/ERVL-MaLR	2502	+	182	108125041	42307
chr3	108082734	108282734	harbor2	chr3	108145610	108146045	LTR/ERVL-MaLR	1490	+	218	108145828	63094
chr3	108082734	108282734	harbor2	chr3	108146228	108146450	LTR/ERVL-MaLR	577	+	111	108146339	63605
chr3	108082734	108282734	harbor2	chr3	108149124	108149526	LTR/ERVL-MaLR	2170	+	201	108149325	66591
chr3	108082734	108282734	harbor2	chr3	108174616	108174951	LTR/ERVL-MaLR	537	+	168	108174784	92050
chr3	107992164	108192164	harbor2	chr3	108023714	108024132	LTR/ERVL-MaLR	1893	+	209	108023923	31759
chr3	107992164	108192164	harbor2	chr3	108042364	108042884	LTR/ERVL-MaLR	769	+	260	108042624	50460
chr3	107992164	108192164	harbor2	chr3	108060167	108060678	LTR/ERVL-MaLR	1047	+	256	108060423	68259
chr3	107992164	108192164	harbor2	chr3	108075592	108076239	LTR/ERVL-MaLR	2398	+	324	108075916	83752
chr3	107996460	108196460	harbor2	chr3	108023714	108024132	LTR/ERVL-MaLR	1893	+	209	108023923	27463
chr3	107996460	108196460	harbor2	chr3	108042364	108042884	LTR/ERVL-MaLR	769	+	260	108042624	46164
chr3	107996460	108196460	harbor2	chr3	108060167	108060678	LTR/ERVL-MaLR	1047	+	256	108060423	63963
chr3	107996460	108196460	harbor2	chr3	108075592	108076239	LTR/ERVL-MaLR	2398	+	324	108075916	79456
chr3	107996608	108196608	harbor2	chr3	108023714	108024132	LTR/ERVL-MaLR	1893	+	209	108023923	27315
chr3	107996608	108196608	harbor2	chr3	108042364	108042884	LTR/ERVL-MaLR	769	+	260	108042624	46016
chr3	107996608	108196608	harbor2	chr3	108060167	108060678	LTR/ERVL-MaLR	1047	+	256	108060423	63815
chr3	107996608	108196608	harbor2	chr3	108075592	108076239	LTR/ERVL-MaLR	2398	+	324	108075916	79308
chr3	9817985	10017985	harbor2	chr3	9838380	9838719	LTR/ERVL-MaLR	803	+	170	9838550	20565
chr3	9817985	10017985	harbor2	chr3	9847161	9847502	LTR/ERVL-MaLR	1820	+	170	9847331	29346
chr3	9817985	10017985	harbor2	chr3	9858989	9859341	LTR/ERVL-MaLR	2513	+	176	9859165	41180
chr3	108422389	108622389	harbor2	chr3	108425721	108427254	LTR/ERVL-MaLR	6124	+	766	108426487	4098
chr3	108422389	108622389	harbor2	chr3	108427255	108427598	LTR/ERVL-MaLR	1511	+	172	108427427	5038
chr3	108422389	108622389	harbor2	chr3	108431280	108431637	LTR/ERVL-MaLR	1965	+	178	108431458	9069
chr3	108422389	108622389	harbor2	chr3	108431639	108432057	LTR/ERVL-MaLR	11501	+	209	108431848	9459
chr3	108422389	108622389	harbor2	chr3	108432358	108433511	LTR/ERVL-MaLR	11501	+	576	108432934	10545
chr3	108422389	108622389	harbor2	chr3	108433514	108433867	LTR/ERVL-MaLR	2248	+	176	108433690	11301
chr3	108422389	108622389	harbor2	chr3	108438513	108438843	LTR/ERVL-MaLR	1928	+	165	108438678	16289
chr3	108422389	108622389	harbor2	chr3	108500685	108501110	LTR/ERVL-MaLR	1462	+	212	108500897	78508
chr3	108422389	108622389	harbor2	chr3	108515027	108515585	LTR/ERVL-MaLR	760	+	279	108515306	92917
chr3	114887895	115087895	harbor2	chr3	114894434	114894836	LTR/ERVL-MaLR	1387	+	201	114894635	6740
chr3	114887895	115087895	harbor2	chr3	114932806	114933278	LTR/ERVL-MaLR	979	+	236	114933042	45147
chr3	114887895	115087895	harbor2	chr3	114952131	114952489	LTR/ERVL-MaLR	1212	+	179	114952310	64415
chr3	107992161	108192161	harbor2	chr3	108023714	108024132	LTR/ERVL-MaLR	1893	+	209	108023923	31762
chr3	107992161	108192161	harbor2	chr3	108042364	108042884	LTR/ERVL-MaLR	769	+	260	108042624	50463
chr3	107992161	108192161	harbor2	chr3	108060167	108060678	LTR/ERVL-MaLR	1047	+	256	108060423	68262
chr3	107992161	108192161	harbor2	chr3	108075592	108076239	LTR/ERVL-MaLR	2398	+	324	108075916	83755
chr3	51939849	52139849	harbor2	chr3	52010503	52010999	LTR/ERVL-MaLR	2421	+	248	52010751	70902
chr3	107992095	108192095	harbor2	chr3	108023714	108024132	LTR/ERVL-MaLR	1893	+	209	108023923	31828
chr3	107992095	108192095	harbor2	chr3	108042364	108042884	LTR/ERVL-MaLR	769	+	260	108042624	50529
chr3	107992095	108192095	harbor2	chr3	108060167	108060678	LTR/ERVL-MaLR	1047	+	256	108060423	68328
chr3	107992095	108192095	harbor2	chr3	108075592	108076239	LTR/ERVL-MaLR	2398	+	324	108075916	83821
chr3	157169493	157369493	harbor2	chr3	157171158	157171432	LTR/ERVL-MaLR	710	+	137	157171295	1802
chr3	157169493	157369493	harbor2	chr3	157184394	157184760	LTR/ERVL-MaLR	2009	+	183	157184577	15084
chr3	157169493	157369493	harbor2	chr3	157185070	157185136	LTR/ERVL-MaLR	2009	+	33	157185103	15610
chr3	113036307	113236307	harbor2	chr3	113044076	113044204	LTR/ERVL-MaLR	501	+	64	113044140	7833
chr3	113036307	113236307	harbor2	chr3	113044987	113045382	LTR/ERVL-MaLR	1923	+	198	113045185	8878
chr3	107993194	108193194	harbor2	chr3	108023714	108024132	LTR/ERVL-MaLR	1893	+	209	108023923	30729
chr3	107993194	108193194	harbor2	chr3	108042364	108042884	LTR/ERVL-MaLR	769	+	260	108042624	49430
chr3	107993194	108193194	harbor2	chr3	108060167	108060678	LTR/ERVL-MaLR	1047	+	256	108060423	67229
chr3	107993194	108193194	harbor2	chr3	108075592	108076239	LTR/ERVL-MaLR	2398	+	324	108075916	82722
chr3	107992828	108192828	harbor2	chr3	108023714	108024132	LTR/ERVL-MaLR	1893	+	209	108023923	31095
chr3	107992828	108192828	harbor2	chr3	108042364	108042884	LTR/ERVL-MaLR	769	+	260	108042624	49796
chr3	107992828	108192828	harbor2	chr3	108060167	108060678	LTR/ERVL-MaLR	1047	+	256	108060423	67595
chr3	107992828	108192828	harbor2	chr3	108075592	108076239	LTR/ERVL-MaLR	2398	+	324	108075916	83088
chr3	157395984	157595984	harbor2	chr3	157410931	157411354	LTR/ERVL-MaLR	918	+	212	157411143	15159
chr3	157395984	157595984	harbor2	chr3	157411880	157412269	LTR/ERVL-MaLR	2365	+	194	157412074	16090
chr3	157395984	157595984	harbor2	chr3	157424017	157424371	LTR/ERVL-MaLR	2379	+	177	157424194	28210
chr3	157395984	157595984	harbor2	chr3	157424372	157425818	LTR/ERVL-MaLR	7332	+	723	157425095	29111
chr3	157395984	157595984	harbor2	chr3	157425825	157426182	LTR/ERVL-MaLR	2373	+	178	157426003	30019
chr3	157395984	157595984	harbor2	chr3	157430988	157431350	LTR/ERVL-MaLR	2005	+	181	157431169	35185
chr3	157395984	157595984	harbor2	chr3	157444902	157445057	LTR/ERVL-MaLR	574	+	78	157444980	48996
chr3	157395984	157595984	harbor2	chr3	157445076	157445272	LTR/ERVL-MaLR	824	+	98	157445174	49190
chr3	157395984	157595984	harbor2	chr3	157448796	157449156	LTR/ERVL-MaLR	2221	+	180	157448976	52992
chr3	157395984	157595984	harbor2	chr3	157452824	157453282	LTR/ERVL-MaLR	782	+	229	157453053	57069
chr3	108029993	108229993	harbor2	chr3	108042364	108042884	LTR/ERVL-MaLR	769	+	260	108042624	12631
chr3	108029993	108229993	harbor2	chr3	108060167	108060678	LTR/ERVL-MaLR	1047	+	256	108060423	30430
chr3	108029993	108229993	harbor2	chr3	108075592	108076239	LTR/ERVL-MaLR	2398	+	324	108075916	45923
chr3	108029993	108229993	harbor2	chr3	108099224	108099402	LTR/ERVL-MaLR	616	+	89	108099313	69320
chr3	108029993	108229993	harbor2	chr3	108105319	108105569	LTR/ERVL-MaLR	966	+	125	108105444	75451
chr3	108029993	108229993	harbor2	chr3	108124859	108125222	LTR/ERVL-MaLR	2502	+	182	108125041	95048
chr3	115844385	116044385	harbor2	chr3	115847493	115847869	LTR/ERVL-MaLR	2719	+	188	115847681	3296
chr3	115844385	116044385	harbor2	chr3	115856178	115856335	LTR/ERVL-MaLR	2164	+	78	115856256	11871
chr3	115844385	116044385	harbor2	chr3	115856649	115856864	LTR/ERVL-MaLR	2164	+	108	115856757	12372
chr3	115844385	116044385	harbor2	chr3	115891175	115891467	LTR/ERVL-MaLR	526	+	146	115891321	46936
chr3	115844385	116044385	harbor2	chr3	115907227	115907580	LTR/ERVL-MaLR	1859	+	176	115907403	63018
chr3	160405676	160605676	harbor2	chr3	160439476	160439827	LTR/ERVL-MaLR	2117	+	176	160439652	33976
chr3	160405676	160605676	harbor2	chr3	160444473	160444760	LTR/ERVL-MaLR	561	+	144	160444617	38941
chr3	160405676	160605676	harbor2	chr3	160446153	160446276	LTR/ERVL-MaLR	463	+	62	160446215	40539
chr3	160405676	160605676	harbor2	chr3	160469365	160469732	LTR/ERVL-MaLR	2490	+	184	160469549	63873
chr3	160405676	160605676	harbor2	chr3	160469735	160471211	LTR/ERVL-MaLR	10137	+	738	160470473	64797
chr3	160405676	160605676	harbor2	chr3	160471331	160471458	LTR/ERVL-MaLR	924	+	64	160471395	65719
chr3	160405676	160605676	harbor2	chr3	160471484	160471565	LTR/ERVL-MaLR	550	+	40	160471524	65848
chr3	160405676	160605676	harbor2	chr3	160471566	160471961	LTR/ERVL-MaLR	2561	+	198	160471764	66088
chr3	160405676	160605676	harbor2	chr3	160479118	160479598	LTR/ERVL-MaLR	1402	+	240	160479358	73682
chr3	160405676	160605676	harbor2	chr3	160482869	160483270	LTR/ERVL-MaLR	2144	+	200	160483069	77393
chr3	160405676	160605676	harbor2	chr3	160498356	160498666	LTR/ERVL-MaLR	1515	+	155	160498511	92835
chr3	160405676	160605676	harbor2	chr3	160498677	160498875	LTR/ERVL-MaLR	927	+	99	160498776	93100
chr3	50447939	50647939	harbor2	chr3	50493232	50493489	LTR/ERVL-MaLR	861	+	128	50493360	45421
chr3	125447590	125647590	harbor2	chr3	125513058	125513410	LTR/ERVL-MaLR	2196	+	176	125513234	65644
chr3	125447590	125647590	harbor2	chr3	125527825	125528165	LTR/ERVL-MaLR	2278	+	170	125527995	80405
chr3	51948411	52148411	harbor2	chr3	52010503	52010999	LTR/ERVL-MaLR	2421	+	248	52010751	62340
chr3	49829882	50029882	harbor2	chr3	49883638	49884012	LTR/ERVL-MaLR	1967	+	187	49883825	53943
chr3	49829882	50029882	harbor2	chr3	49924268	49924396	LTR/ERVL-MaLR	3031	+	64	49924332	94450
chr3	49829882	50029882	harbor2	chr3	49924701	49925088	LTR/ERVL-MaLR	3031	+	194	49924895	95013
chr3	108221011	108421011	harbor2	chr3	108231067	108231413	LTR/ERVL-MaLR	1314	+	173	108231240	10229
chr3	108221011	108421011	harbor2	chr3	108243872	108244234	LTR/ERVL-MaLR	2674	+	181	108244053	23042
chr3	108221011	108421011	harbor2	chr3	108244235	108245809	LTR/ERVL-MaLR	10458	+	787	108245022	24011
chr3	108221011	108421011	harbor2	chr3	108245810	108246183	LTR/ERVL-MaLR	2773	+	186	108245996	24985
chr3	108221011	108421011	harbor2	chr3	108264490	108264694	LTR/ERVL-MaLR	623	+	102	108264592	43581
chr3	108221011	108421011	harbor2	chr3	108268228	108268578	LTR/ERVL-MaLR	2236	+	175	108268403	47392
chr3	108221011	108421011	harbor2	chr3	108286451	108286825	LTR/ERVL-MaLR	2092	+	187	108286638	65627
chr3	107992147	108192147	harbor2	chr3	108023714	108024132	LTR/ERVL-MaLR	1893	+	209	108023923	31776
chr3	107992147	108192147	harbor2	chr3	108042364	108042884	LTR/ERVL-MaLR	769	+	260	108042624	50477
chr3	107992147	108192147	harbor2	chr3	108060167	108060678	LTR/ERVL-MaLR	1047	+	256	108060423	68276
chr3	107992147	108192147	harbor2	chr3	108075592	108076239	LTR/ERVL-MaLR	2398	+	324	108075916	83769
chr3	51941567	52141567	harbor2	chr3	52010503	52010999	LTR/ERVL-MaLR	2421	+	248	52010751	69184
chr3	188076829	188276829	harbor2	chr3	188102141	188102381	LTR/ERVL-MaLR	549	+	120	188102261	25432
chr3	188076829	188276829	harbor2	chr3	188102680	188102834	LTR/ERVL-MaLR	549	+	77	188102757	25928
chr3	188076829	188276829	harbor2	chr3	188103172	188103549	LTR/ERVL-MaLR	1779	+	188	188103360	26531
chr3	188076829	188276829	harbor2	chr3	188103858	188103924	LTR/ERVL-MaLR	1779	+	33	188103891	27062
chr3	188076829	188276829	harbor2	chr3	188111997	188112392	LTR/ERVL-MaLR	514	+	198	188112195	35366
chr3	188076829	188276829	harbor2	chr3	188139440	188139684	LTR/ERVL-MaLR	438	+	122	188139562	62733
chr3	146094434	146294434	harbor2	chr3	146104927	146105222	LTR/ERVL-MaLR	511	+	148	146105075	10641
chr3	146094434	146294434	harbor2	chr3	146119005	146119410	LTR/ERVL-MaLR	2233	+	202	146119207	24773
chr3	51953569	52153569	harbor2	chr3	52010503	52010999	LTR/ERVL-MaLR	2421	+	248	52010751	57182
chr3	114250815	114450815	harbor2	chr3	114271502	114271858	LTR/ERVL-MaLR	2246	+	178	114271680	20865
chr3	151244079	151444079	harbor2	chr3	151284996	151285039	LTR/ERVL-MaLR	1659	+	22	151285018	40939
chr3	151244079	151444079	harbor2	chr3	151285693	151286011	LTR/ERVL-MaLR	1659	+	159	151285852	41773
chr3	161134786	161334786	harbor2	chr3	161154208	161154550	LTR/ERVL-MaLR	1660	+	171	161154379	19593
chr3	161134786	161334786	harbor2	chr3	161158492	161158631	LTR/ERVL-MaLR	502	+	70	161158562	23776
chr3	161134786	161334786	harbor2	chr3	161174709	161174774	LTR/ERVL-MaLR	456	+	32	161174741	39955
chr3	161134786	161334786	harbor2	chr3	161175074	161175392	LTR/ERVL-MaLR	456	+	159	161175233	40447
chr3	161134786	161334786	harbor2	chr3	161189788	161190152	LTR/ERVL-MaLR	1772	+	182	161189970	55184
chr3	161134786	161334786	harbor2	chr3	161208996	161209367	LTR/ERVL-MaLR	645	+	186	161209182	74396
chr3	161134786	161334786	harbor2	chr3	161219865	161220289	LTR/ERVL-MaLR	1776	+	212	161220077	85291
chr3	107996454	108196454	harbor2	chr3	108023714	108024132	LTR/ERVL-MaLR	1893	+	209	108023923	27469
chr3	107996454	108196454	harbor2	chr3	108042364	108042884	LTR/ERVL-MaLR	769	+	260	108042624	46170
chr3	107996454	108196454	harbor2	chr3	108060167	108060678	LTR/ERVL-MaLR	1047	+	256	108060423	63969
chr3	107996454	108196454	harbor2	chr3	108075592	108076239	LTR/ERVL-MaLR	2398	+	324	108075916	79462
chr3	138397969	138597969	harbor2	chr3	138421825	138422254	LTR/ERVL-MaLR	1902	+	214	138422039	24070
chr3	196509496	196709496	harbor2	chr3	196529211	196529432	LTR/ERVL-MaLR	878	+	110	196529321	19825
chr3	196509496	196709496	harbor2	chr3	196547457	196547612	LTR/ERVL-MaLR	1135	+	78	196547535	38039
chr3	196509496	196709496	harbor2	chr3	196548095	196548296	LTR/ERVL-MaLR	1247	+	100	196548195	38699
chr3	196509496	196709496	harbor2	chr3	196548297	196548717	LTR/ERVL-MaLR	11962	+	210	196548507	39011
chr3	196509496	196709496	harbor2	chr3	196549020	196550171	LTR/ERVL-MaLR	11962	+	576	196549596	40100
chr3	196509496	196709496	harbor2	chr3	196550172	196550530	LTR/ERVL-MaLR	2369	+	179	196550351	40855
chr3	196509496	196709496	harbor2	chr3	196552769	196552874	LTR/ERVL-MaLR	557	+	52	196552821	43325
chr3	196509496	196709496	harbor2	chr3	196594504	196594894	LTR/ERVL-MaLR	2395	+	195	196594699	85203
chr3	196509496	196709496	harbor2	chr3	196595196	196595265	LTR/ERVL-MaLR	2395	+	34	196595230	85734
chr3	107992858	108192858	harbor2	chr3	108023714	108024132	LTR/ERVL-MaLR	1893	+	209	108023923	31065
chr3	107992858	108192858	harbor2	chr3	108042364	108042884	LTR/ERVL-MaLR	769	+	260	108042624	49766
chr3	107992858	108192858	harbor2	chr3	108060167	108060678	LTR/ERVL-MaLR	1047	+	256	108060423	67565
chr3	107992858	108192858	harbor2	chr3	108075592	108076239	LTR/ERVL-MaLR	2398	+	324	108075916	83058
chr3	43899808	44099808	harbor2	chr3	43900602	43900908	LTR/ERVL-MaLR	1851	+	153	43900755	947
chr3	43899808	44099808	harbor2	chr3	43901330	43901484	LTR/ERVL-MaLR	604	+	77	43901407	1599
chr3	43899808	44099808	harbor2	chr3	43901489	43901662	LTR/ERVL-MaLR	590	+	86	43901575	1767
chr3	43899808	44099808	harbor2	chr3	43903069	43903500	LTR/ERVL-MaLR	1996	+	216	43903285	3477
chr3	43899808	44099808	harbor2	chr3	43913879	43914263	LTR/ERVL-MaLR	2001	+	192	43914071	14263
chr3	43899808	44099808	harbor2	chr3	43916804	43917160	LTR/ERVL-MaLR	1780	+	178	43916982	17174
chr3	43899808	44099808	harbor2	chr3	43985162	43985624	LTR/ERVL-MaLR	2314	+	231	43985393	85585
chr3	47682285	47882285	harbor2	chr3	47695062	47695184	LTR/ERVL-MaLR	538	+	61	47695123	12838
chr3	107999835	108199835	harbor2	chr3	108023714	108024132	LTR/ERVL-MaLR	1893	+	209	108023923	24088
chr3	107999835	108199835	harbor2	chr3	108042364	108042884	LTR/ERVL-MaLR	769	+	260	108042624	42789
chr3	107999835	108199835	harbor2	chr3	108060167	108060678	LTR/ERVL-MaLR	1047	+	256	108060423	60588
chr3	107999835	108199835	harbor2	chr3	108075592	108076239	LTR/ERVL-MaLR	2398	+	324	108075916	76081
chr3	107999835	108199835	harbor2	chr3	108099224	108099402	LTR/ERVL-MaLR	616	+	89	108099313	99478
chr3	126604196	126804196	harbor2	chr3	126616278	126616493	LTR/ERVL-MaLR	410	+	108	126616386	12190
chr3	126604196	126804196	harbor2	chr3	126622738	126623171	LTR/ERVL-MaLR	2174	+	216	126622954	18758
chr3	126604196	126804196	harbor2	chr3	126674958	126675390	LTR/ERVL-MaLR	718	+	216	126675174	70978
chr3	126604196	126804196	harbor2	chr3	126684871	126685659	LTR/ERVL-MaLR	4552	+	394	126685265	81069
chr3	126604196	126804196	harbor2	chr3	126685660	126685942	LTR/ERVL-MaLR	2397	+	141	126685801	81605
chr3	126604196	126804196	harbor2	chr3	126686285	126686435	LTR/ERVL-MaLR	2397	+	75	126686360	82164
chr3	125918450	126118450	harbor2	chr3	125964145	125964784	LTR/ERVL-MaLR	3040	+	320	125964465	46015
chr3	125918450	126118450	harbor2	chr3	125979325	125979655	LTR/ERVL-MaLR	1875	+	165	125979490	61040
chr3	51947743	52147743	harbor2	chr3	52010503	52010999	LTR/ERVL-MaLR	2421	+	248	52010751	63008
chr3	196187651	196387651	harbor2	chr3	196224782	196224898	LTR/ERVL-MaLR	695	+	58	196224840	37189
chr3	196187651	196387651	harbor2	chr3	196268408	196268501	LTR/ERVL-MaLR	1900	+	46	196268454	80803
chr3	196187651	196387651	harbor2	chr3	196268828	196269208	LTR/ERVL-MaLR	1900	+	190	196269018	81367
chr3	108004843	108204843	harbor2	chr3	108023714	108024132	LTR/ERVL-MaLR	1893	+	209	108023923	19080
chr3	108004843	108204843	harbor2	chr3	108042364	108042884	LTR/ERVL-MaLR	769	+	260	108042624	37781
chr3	108004843	108204843	harbor2	chr3	108060167	108060678	LTR/ERVL-MaLR	1047	+	256	108060423	55580
chr3	108004843	108204843	harbor2	chr3	108075592	108076239	LTR/ERVL-MaLR	2398	+	324	108075916	71073
chr3	108004843	108204843	harbor2	chr3	108099224	108099402	LTR/ERVL-MaLR	616	+	89	108099313	94470
chr3	187836138	188036138	harbor2	chr3	187872826	187873369	LTR/ERVL-MaLR	1500	+	272	187873098	36960
chr3	187836138	188036138	harbor2	chr3	187898289	187898560	LTR/ERVL-MaLR	965	+	136	187898425	62287
chr3	108001583	108201583	harbor2	chr3	108023714	108024132	LTR/ERVL-MaLR	1893	+	209	108023923	22340
chr3	108001583	108201583	harbor2	chr3	108042364	108042884	LTR/ERVL-MaLR	769	+	260	108042624	41041
chr3	108001583	108201583	harbor2	chr3	108060167	108060678	LTR/ERVL-MaLR	1047	+	256	108060423	58840
chr3	108001583	108201583	harbor2	chr3	108075592	108076239	LTR/ERVL-MaLR	2398	+	324	108075916	74333
chr3	108001583	108201583	harbor2	chr3	108099224	108099402	LTR/ERVL-MaLR	616	+	89	108099313	97730
chr3	49829895	50029895	harbor2	chr3	49883638	49884012	LTR/ERVL-MaLR	1967	+	187	49883825	53930
chr3	49829895	50029895	harbor2	chr3	49924268	49924396	LTR/ERVL-MaLR	3031	+	64	49924332	94437
chr3	49829895	50029895	harbor2	chr3	49924701	49925088	LTR/ERVL-MaLR	3031	+	194	49924895	95000
chr3	43899990	44099990	harbor2	chr3	43900602	43900908	LTR/ERVL-MaLR	1851	+	153	43900755	765
chr3	43899990	44099990	harbor2	chr3	43901330	43901484	LTR/ERVL-MaLR	604	+	77	43901407	1417
chr3	43899990	44099990	harbor2	chr3	43901489	43901662	LTR/ERVL-MaLR	590	+	86	43901575	1585
chr3	43899990	44099990	harbor2	chr3	43903069	43903500	LTR/ERVL-MaLR	1996	+	216	43903285	3295
chr3	43899990	44099990	harbor2	chr3	43913879	43914263	LTR/ERVL-MaLR	2001	+	192	43914071	14081
chr3	43899990	44099990	harbor2	chr3	43916804	43917160	LTR/ERVL-MaLR	1780	+	178	43916982	16992
chr3	43899990	44099990	harbor2	chr3	43985162	43985624	LTR/ERVL-MaLR	2314	+	231	43985393	85403
chr3	184086379	184286379	harbor2	chr3	184096325	184096650	LTR/ERVL-MaLR	2156	+	162	184096487	10108
chr3	184086379	184286379	harbor2	chr3	184096948	184097127	LTR/ERVL-MaLR	2156	+	90	184097038	10659
chr3	123360102	123560102	harbor2	chr3	123369013	123369382	LTR/ERVL-MaLR	1135	+	184	123369197	9095
chr3	123360102	123560102	harbor2	chr3	123370307	123370740	LTR/ERVL-MaLR	597	+	216	123370523	10421
chr3	123360102	123560102	harbor2	chr3	123416801	123417108	LTR/ERVL-MaLR	1015	+	154	123416955	56853
chr3	197553469	197753469	harbor2	chr3	197569451	197569839	LTR/ERVL-MaLR	2093	+	194	197569645	16176
chr3	197553469	197753469	harbor2	chr3	197569840	197571397	LTR/ERVL-MaLR	11520	+	778	197570618	17149
chr3	197553469	197753469	harbor2	chr3	197571398	197571761	LTR/ERVL-MaLR	2080	+	182	197571580	18111
chr3	186683597	186883597	harbor2	chr3	186765517	186765590	LTR/ERVL-MaLR	1415	+	36	186765553	81956
chr3	186683597	186883597	harbor2	chr3	186765857	186766132	LTR/ERVL-MaLR	1415	+	138	186765995	82398
chr3	186683597	186883597	harbor2	chr3	186766427	186766501	LTR/ERVL-MaLR	1415	+	37	186766464	82867
chr3	52096181	52296181	harbor2	chr3	52115524	52115878	LTR/ERVL-MaLR	2156	+	177	52115701	19520
chr3	52096181	52296181	harbor2	chr3	52132707	52132763	LTR/ERVL-MaLR	1954	+	28	52132735	36554
chr3	52096181	52296181	harbor2	chr3	52133070	52133411	LTR/ERVL-MaLR	1954	+	170	52133240	37059
chr3	184086435	184286435	harbor2	chr3	184096325	184096650	LTR/ERVL-MaLR	2156	+	162	184096487	10052
chr3	184086435	184286435	harbor2	chr3	184096948	184097127	LTR/ERVL-MaLR	2156	+	90	184097038	10603
chr3	196967075	197167075	harbor2	chr3	196989580	196989954	LTR/ERVL-MaLR	1641	+	187	196989767	22692
chr3	196967075	197167075	harbor2	chr3	197000406	197000528	LTR/ERVL-MaLR	484	+	61	197000467	33392
chr3	23714640	23914640	harbor2	chr3	23762068	23762305	LTR/ERVL-MaLR	481	+	118	23762186	47546
chr3	23714640	23914640	harbor2	chr3	23765821	23766053	LTR/ERVL-MaLR	843	+	116	23765937	51297
chr3	23714640	23914640	harbor2	chr3	23778377	23778758	LTR/ERVL-MaLR	1694	+	190	23778567	63927
chr3	39007400	39207400	harbor2	chr3	39015030	39015388	LTR/ERVL-MaLR	1235	+	179	39015209	7809
chr3	39007400	39207400	harbor2	chr3	39017008	39017364	LTR/ERVL-MaLR	1544	+	178	39017186	9786
chr3	39007400	39207400	harbor2	chr3	39048617	39049133	LTR/ERVL-MaLR	1144	+	258	39048875	41475
chr3	128635373	128835373	harbor2	chr3	128703845	128704177	LTR/ERVL-MaLR	2038	+	166	128704011	68638
chr3	128635373	128835373	harbor2	chr3	128704488	128704554	LTR/ERVL-MaLR	2038	+	33	128704521	69148
chr3	128635373	128835373	harbor2	chr3	128707671	128708060	LTR/ERVL-MaLR	1229	+	194	128707865	72492
chr3	128635373	128835373	harbor2	chr3	128709021	128709542	LTR/ERVL-MaLR	1494	+	260	128709281	73908
chr3	128635373	128835373	harbor2	chr3	128714708	128715035	LTR/ERVL-MaLR	1367	+	164	128714872	79499
chr3	128635373	128835373	harbor2	chr3	128722009	128722069	LTR/ERVL-MaLR	1056	+	30	128722039	86666
chr3	128635373	128835373	harbor2	chr3	128722372	128722384	LTR/ERVL-MaLR	1125	+	6	128722378	87005
chr3	128635373	128835373	harbor2	chr3	128722691	128722900	LTR/ERVL-MaLR	1125	+	104	128722795	87422
chr3	51940162	52140162	harbor2	chr3	52010503	52010999	LTR/ERVL-MaLR	2421	+	248	52010751	70589
chr3	51940754	52140754	harbor2	chr3	52010503	52010999	LTR/ERVL-MaLR	2421	+	248	52010751	69997
chr3	185965616	186165616	harbor2	chr3	185987794	185988230	LTR/ERVL-MaLR	825	+	218	185988012	22396
chr3	185965616	186165616	harbor2	chr3	186002567	186002949	LTR/ERVL-MaLR	2613	+	191	186002758	37142
chr3	185965616	186165616	harbor2	chr3	186011027	186011255	LTR/ERVL-MaLR	1421	+	114	186011141	45525
chr3	185965616	186165616	harbor2	chr3	186011556	186011681	LTR/ERVL-MaLR	1421	+	62	186011618	46002
chr3	185965616	186165616	harbor2	chr3	186011703	186011862	LTR/ERVL-MaLR	1595	+	80	186011783	46167
chr3	185965616	186165616	harbor2	chr3	186012173	186012459	LTR/ERVL-MaLR	1595	+	143	186012316	46700
chr3	185965616	186165616	harbor2	chr3	186026032	186026395	LTR/ERVL-MaLR	2828	+	182	186026214	60598
chr3	185965616	186165616	harbor2	chr3	186027987	186028337	LTR/ERVL-MaLR	1695	+	175	186028162	62546
chr3	185965616	186165616	harbor2	chr3	186032409	186032872	LTR/ERVL-MaLR	1278	+	232	186032641	67025
chr3	185965616	186165616	harbor2	chr3	186035918	186036405	LTR/ERVL-MaLR	1745	+	244	186036162	70546
chr3	126430170	126630170	harbor2	chr3	126504844	126505249	LTR/ERVL-MaLR	2230	+	202	126505046	74876
chr3	126430170	126630170	harbor2	chr3	126512882	126513009	LTR/ERVL-MaLR	695	+	64	126512946	82776
chr3	126430170	126630170	harbor2	chr3	126521799	126521979	LTR/ERVL-MaLR	465	+	90	126521889	91719
chr3	23847281	24047281	harbor2	chr3	23851825	23852240	LTR/ERVL-MaLR	2696	+	208	23852033	4752
chr3	23847281	24047281	harbor2	chr3	23854402	23854615	LTR/ERVL-MaLR	506	+	106	23854508	7227
chr3	23847281	24047281	harbor2	chr3	23915024	23915498	LTR/ERVL-MaLR	1747	+	237	23915261	67980
chr3	23847281	24047281	harbor2	chr3	23932890	23933088	LTR/ERVL-MaLR	691	+	99	23932989	85708
chr3	23847281	24047281	harbor2	chr3	23933090	23933212	LTR/ERVL-MaLR	526	+	61	23933151	85870
chr3	23847281	24047281	harbor2	chr3	23938592	23939136	LTR/ERVL-MaLR	1133	+	272	23938864	91583
chr3	128380700	128580700	harbor2	chr3	128416670	128416931	LTR/ERVL-MaLR	484	+	130	128416800	36100
chr3	128380700	128580700	harbor2	chr3	128446394	128446813	LTR/ERVL-MaLR	2810	+	210	128446604	65904
chr3	128380700	128580700	harbor2	chr3	128454710	128455183	LTR/ERVL-MaLR	2551	+	236	128454946	74246
chr3	128380700	128580700	harbor2	chr3	128464155	128464519	LTR/ERVL-MaLR	1038	+	182	128464337	83637
chr3	128380700	128580700	harbor2	chr3	128472615	128472869	LTR/ERVL-MaLR	798	+	127	128472742	92042
chr3	123351261	123551261	harbor2	chr3	123369013	123369382	LTR/ERVL-MaLR	1135	+	184	123369197	17936
chr3	123351261	123551261	harbor2	chr3	123370307	123370740	LTR/ERVL-MaLR	597	+	216	123370523	19262
chr3	123351261	123551261	harbor2	chr3	123416801	123417108	LTR/ERVL-MaLR	1015	+	154	123416955	65694
chr3	47064857	47264857	harbor2	chr3	47119453	47119760	LTR/ERVL-MaLR	2216	+	154	47119607	54750
chr3	51939851	52139851	harbor2	chr3	52010503	52010999	LTR/ERVL-MaLR	2421	+	248	52010751	70900
chr3	138336888	138536888	harbor2	chr3	138421825	138422254	LTR/ERVL-MaLR	1902	+	214	138422039	85151
chr3	127581228	127781228	harbor2	chr3	127584551	127584714	LTR/ERVL-MaLR	525	+	82	127584633	3405
chr3	127581228	127781228	harbor2	chr3	127584890	127585096	LTR/ERVL-MaLR	528	+	103	127584993	3765
chr3	127581228	127781228	harbor2	chr3	127586917	127587479	LTR/ERVL-MaLR	923	+	281	127587198	5970
chr3	127581228	127781228	harbor2	chr3	127595618	127596083	LTR/ERVL-MaLR	1603	+	232	127595850	14622
chr3	127581228	127781228	harbor2	chr3	127596379	127596413	LTR/ERVL-MaLR	1603	+	17	127596396	15168
chr3	124776752	124976752	harbor2	chr3	124795512	124795995	LTR/ERVL-MaLR	2144	+	242	124795754	19002
chr3	124776752	124976752	harbor2	chr3	124846308	124846518	LTR/ERVL-MaLR	475	+	105	124846413	69661
chr3	124776752	124976752	harbor2	chr3	124867575	124867745	LTR/ERVL-MaLR	552	+	85	124867660	90908
chr3	124776752	124976752	harbor2	chr3	124867868	124868255	LTR/ERVL-MaLR	2386	+	194	124868062	91310
chr3	113686514	113886514	harbor2	chr3	113717920	113718425	LTR/ERVL-MaLR	1306	+	252	113718172	31658
chr3	113686514	113886514	harbor2	chr3	113724693	113725044	LTR/ERVL-MaLR	2345	+	176	113724869	38355
chr3	113686514	113886514	harbor2	chr3	113732037	113732397	LTR/ERVL-MaLR	1315	+	180	113732217	45703
chr3	113686514	113886514	harbor2	chr3	113732788	113732848	LTR/ERVL-MaLR	415	+	30	113732818	46304
chr3	179843714	180043714	harbor2	chr3	179855594	179855956	LTR/ERVL-MaLR	1913	+	181	179855775	12061
chr3	179843714	180043714	harbor2	chr3	179863836	179864189	LTR/ERVL-MaLR	2435	+	176	179864012	20298
chr3	179843714	180043714	harbor2	chr3	179884152	179884603	LTR/ERVL-MaLR	1973	+	226	179884378	40664
chr3	179843714	180043714	harbor2	chr3	179885217	179885364	LTR/ERVL-MaLR	1304	+	74	179885291	41577
chr3	179843714	180043714	harbor2	chr3	179885662	179885947	LTR/ERVL-MaLR	1304	+	142	179885804	42090
chr3	179843714	180043714	harbor2	chr3	179909597	179909995	LTR/ERVL-MaLR	2227	+	199	179909796	66082
chr3	179843714	180043714	harbor2	chr3	179935667	179936100	LTR/ERVL-MaLR	1435	+	216	179935883	92169
chr3	192260032	192460032	harbor2	chr3	192268416	192268831	LTR/ERVL-MaLR	2495	+	208	192268624	8592
chr3	192260032	192460032	harbor2	chr3	192293921	192294273	LTR/ERVL-MaLR	1970	+	176	192294097	34065
chr3	192260032	192460032	harbor2	chr3	192313863	192314232	LTR/ERVL-MaLR	1243	+	184	192314047	54015
chr3	107992957	108192957	harbor2	chr3	108023714	108024132	LTR/ERVL-MaLR	1893	+	209	108023923	30966
chr3	107992957	108192957	harbor2	chr3	108042364	108042884	LTR/ERVL-MaLR	769	+	260	108042624	49667
chr3	107992957	108192957	harbor2	chr3	108060167	108060678	LTR/ERVL-MaLR	1047	+	256	108060423	67466
chr3	107992957	108192957	harbor2	chr3	108075592	108076239	LTR/ERVL-MaLR	2398	+	324	108075916	82959
chr3	52945858	53145858	harbor2	chr3	52991292	52991339	LTR/ERVL-MaLR	1077	+	24	52991316	45458
chr3	52945858	53145858	harbor2	chr3	52991644	52991952	LTR/ERVL-MaLR	1077	+	154	52991798	45940
chr3	52945858	53145858	harbor2	chr3	52952841	52953100	LTR/ERVL-MaLR	909	+	130	52952971	7113
chr3	127620114	127820114	harbor2	chr3	127697505	127697678	LTR/ERVL-MaLR	637	+	86	127697591	77477
chr3	127620114	127820114	harbor2	chr3	127709919	127710336	LTR/ERVL-MaLR	976	+	208	127710127	90013
chr3	128329278	128529278	harbor2	chr3	128416670	128416931	LTR/ERVL-MaLR	484	+	130	128416800	87522
chr3	128329452	128529452	harbor2	chr3	128416670	128416931	LTR/ERVL-MaLR	484	+	130	128416800	87348
chr3	123781375	123981375	harbor2	chr3	123821856	123822243	LTR/ERVL-MaLR	2161	+	194	123822050	40675
chr3	123781375	123981375	harbor2	chr3	123832512	123832884	LTR/ERVL-MaLR	1904	+	186	123832698	51323
chr3	123781375	123981375	harbor2	chr3	123848447	123848932	LTR/ERVL-MaLR	720	+	242	123848689	67314
chr3	123781375	123981375	harbor2	chr3	123849399	123849498	LTR/ERVL-MaLR	446	+	50	123849449	68074
chr3	123781375	123981375	harbor2	chr3	123849515	123849717	LTR/ERVL-MaLR	608	+	101	123849616	68241
chr3	123781375	123981375	harbor2	chr3	123852699	123853811	LTR/ERVL-MaLR	4314	+	556	123853255	71880
chr3	123781375	123981375	harbor2	chr3	123853813	123854268	LTR/ERVL-MaLR	847	+	228	123854041	72666
chr3	123781375	123981375	harbor2	chr3	123865731	123866236	LTR/ERVL-MaLR	2452	+	252	123865983	84608
chr3	123781375	123981375	harbor2	chr3	123867260	123867774	LTR/ERVL-MaLR	1796	+	257	123867517	86142
chr3	51939470	52139470	harbor2	chr3	52010503	52010999	LTR/ERVL-MaLR	2421	+	248	52010751	71281
chr3	112250274	112450274	harbor2	chr3	112275919	112276201	LTR/ERVL-MaLR	513	+	141	112276060	25786
chr3	128745391	128945391	harbor2	chr3	128749539	128749889	LTR/ERVL-MaLR	2152	+	175	128749714	4323
chr3	128745391	128945391	harbor2	chr3	128749892	128750261	LTR/ERVL-MaLR	11640	+	184	128750076	4685
chr3	128745391	128945391	harbor2	chr3	128750562	128751769	LTR/ERVL-MaLR	11640	+	604	128751166	5775
chr3	128745391	128945391	harbor2	chr3	128751770	128752125	LTR/ERVL-MaLR	2212	+	178	128751948	6557
chr3	150314573	150514573	harbor2	chr3	150332004	150332414	LTR/ERVL-MaLR	647	+	205	150332209	17636
chr3	150314573	150514573	harbor2	chr3	150332619	150333038	LTR/ERVL-MaLR	834	+	210	150332829	18256
chr3	150314573	150514573	harbor2	chr3	150378829	150379194	LTR/ERVL-MaLR	2301	+	182	150379011	64438
chr3	150314573	150514573	harbor2	chr3	150379492	150379541	LTR/ERVL-MaLR	2301	+	24	150379516	64943
chr3	122418615	122618615	harbor2	chr3	122438036	122438379	LTR/ERVL-MaLR	1999	+	172	122438208	19593
chr3	122418615	122618615	harbor2	chr3	122438686	122438724	LTR/ERVL-MaLR	1999	+	19	122438705	20090
chr3	122418615	122618615	harbor2	chr3	122498163	122498529	LTR/ERVL-MaLR	1980	+	183	122498346	79731
chr3	122418615	122618615	harbor2	chr3	122502254	122502611	LTR/ERVL-MaLR	1366	+	178	122502432	83817
chr3	122418615	122618615	harbor2	chr3	122516845	122517397	LTR/ERVL-MaLR	1783	+	276	122517121	98506
chr3	138088132	138288132	harbor2	chr3	138099528	138099942	LTR/ERVL-MaLR	2220	+	207	138099735	11603
chr3	138088132	138288132	harbor2	chr3	138104592	138104714	LTR/ERVL-MaLR	404	+	61	138104653	16521
chr3	138088132	138288132	harbor2	chr3	138107140	138107555	LTR/ERVL-MaLR	2014	+	208	138107348	19216
chr3	138088132	138288132	harbor2	chr3	138123897	138124080	LTR/ERVL-MaLR	522	+	92	138123989	35857
chr3	138088132	138288132	harbor2	chr3	138129173	138129636	LTR/ERVL-MaLR	1683	+	232	138129405	41273
chr3	138088132	138288132	harbor2	chr3	138136468	138136574	LTR/ERVL-MaLR	589	+	53	138136521	48389
chr3	138088132	138288132	harbor2	chr3	138136671	138136736	LTR/ERVL-MaLR	429	+	32	138136703	48571
chr3	51841955	52041955	harbor2	chr3	51869006	51869372	LTR/ERVL-MaLR	2284	+	183	51869189	27234
chr3	51841955	52041955	harbor2	chr3	51888611	51889009	LTR/ERVL-MaLR	670	+	199	51888810	46855
chr3	51841955	52041955	harbor2	chr3	51904644	51904828	LTR/ERVL-MaLR	2370	+	92	51904736	62781
chr3	51841955	52041955	harbor2	chr3	51905125	51905316	LTR/ERVL-MaLR	2370	+	96	51905221	63266
chr3	51841955	52041955	harbor2	chr3	51905317	51906883	LTR/ERVL-MaLR	12306	+	783	51906100	64145
chr3	51841955	52041955	harbor2	chr3	51906884	51907069	LTR/ERVL-MaLR	2396	+	92	51906976	65021
chr3	51841955	52041955	harbor2	chr3	51907365	51907557	LTR/ERVL-MaLR	2396	+	96	51907461	65506
chr3	51841955	52041955	harbor2	chr3	51931102	51931440	LTR/ERVL-MaLR	1059	+	169	51931271	89316
chr3	51841955	52041955	harbor2	chr3	51931756	51931842	LTR/ERVL-MaLR	1059	+	43	51931799	89844
chr3	196218335	196418335	harbor2	chr3	196224782	196224898	LTR/ERVL-MaLR	695	+	58	196224840	6505
chr3	196218335	196418335	harbor2	chr3	196268408	196268501	LTR/ERVL-MaLR	1900	+	46	196268454	50119
chr3	196218335	196418335	harbor2	chr3	196268828	196269208	LTR/ERVL-MaLR	1900	+	190	196269018	50683
chr3	196218335	196418335	harbor2	chr3	196299971	196300290	LTR/ERVL-MaLR	1629	+	160	196300131	81796
chr3	119612088	119812088	harbor2	chr3	119636222	119636675	LTR/ERVL-MaLR	982	+	226	119636448	24360
chr3	119612088	119812088	harbor2	chr3	119641511	119641748	LTR/ERVL-MaLR	510	+	118	119641629	29541
chr3	119612088	119812088	harbor2	chr3	119655917	119656025	LTR/ERVL-MaLR	443	+	54	119655971	43883
chr3	119612088	119812088	harbor2	chr3	119657169	119657316	LTR/ERVL-MaLR	557	+	74	119657243	45155
chr3	119612088	119812088	harbor2	chr3	119664982	119665369	LTR/ERVL-MaLR	694	+	194	119665176	53088
chr3	119612088	119812088	harbor2	chr3	119682893	119683273	LTR/ERVL-MaLR	1789	+	190	119683083	70995
chr3	197860204	198060204	harbor2	chr3	197945020	197945545	LTR/ERVL-MaLR	2653	+	262	197945282	85078
chr3	53014978	53214978	harbor2	chr3	53101579	53101754	LTR/ERVL-MaLR	1433	+	88	53101667	86689
chr3	53014978	53214978	harbor2	chr3	53102054	53102380	LTR/ERVL-MaLR	1433	+	163	53102217	87239
chr3	47725663	47925663	harbor2	chr3	47798487	47798709	LTR/ERVL-MaLR	745	+	111	47798598	72935
chr3	197860166	198060166	harbor2	chr3	197945020	197945545	LTR/ERVL-MaLR	2653	+	262	197945282	85116
chr3	51939404	52139404	harbor2	chr3	52010503	52010999	LTR/ERVL-MaLR	2421	+	248	52010751	71347
chr3	156989190	157189190	harbor2	chr3	156998874	156999253	LTR/ERVL-MaLR	2677	+	190	156999064	9874
chr3	156989190	157189190	harbor2	chr3	157000778	157001162	LTR/ERVL-MaLR	2174	+	192	157000970	11780
chr3	156989190	157189190	harbor2	chr3	157042889	157043304	LTR/ERVL-MaLR	2688	+	208	157043097	53907
chr3	156989190	157189190	harbor2	chr3	157060715	157061091	LTR/ERVL-MaLR	2117	+	188	157060903	71713
chr3	50517057	50717057	harbor2	chr3	50584334	50584805	LTR/ERVL-MaLR	2118	+	236	50584570	67513
chr3	50517057	50717057	harbor2	chr3	50584806	50584921	LTR/ERVL-MaLR	418	+	58	50584864	67807
chr3	30593678	30793678	harbor2	chr3	30630633	30630992	LTR/ERVL-MaLR	1538	+	180	30630813	37135
chr3	63339864	63539864	harbor2	chr3	63361990	63362292	LTR/ERVL-MaLR	664	+	151	63362141	22277
chr3	63339864	63539864	harbor2	chr3	63368979	63369355	LTR/ERVL-MaLR	1671	+	188	63369167	29303
chr3	63339864	63539864	harbor2	chr3	63399752	63400105	LTR/ERVL-MaLR	420	+	176	63399928	60064
chr3	63339864	63539864	harbor2	chr3	63409803	63410118	LTR/ERVL-MaLR	872	+	158	63409961	70097
chr3	63339864	63539864	harbor2	chr3	63410584	63411116	LTR/ERVL-MaLR	785	+	266	63410850	70986
chr3	182582472	182782472	harbor2	chr3	182625207	182625423	LTR/ERVL-MaLR	727	+	108	182625315	42843
chr3	182582472	182782472	harbor2	chr3	182680370	182680754	LTR/ERVL-MaLR	1763	+	192	182680562	98090
chr3	108032373	108232373	harbor2	chr3	108042364	108042884	LTR/ERVL-MaLR	769	+	260	108042624	10251
chr3	108032373	108232373	harbor2	chr3	108060167	108060678	LTR/ERVL-MaLR	1047	+	256	108060423	28050
chr3	108032373	108232373	harbor2	chr3	108075592	108076239	LTR/ERVL-MaLR	2398	+	324	108075916	43543
chr3	108032373	108232373	harbor2	chr3	108099224	108099402	LTR/ERVL-MaLR	616	+	89	108099313	66940
chr3	108032373	108232373	harbor2	chr3	108105319	108105569	LTR/ERVL-MaLR	966	+	125	108105444	73071
chr3	108032373	108232373	harbor2	chr3	108124859	108125222	LTR/ERVL-MaLR	2502	+	182	108125041	92668
chr3	186106731	186306731	harbor2	chr3	186159733	186160110	LTR/ERVL-MaLR	1807	+	188	186159921	53190
chr3	186106731	186306731	harbor2	chr3	186177872	186178229	LTR/ERVL-MaLR	1562	+	178	186178050	71319
chr3	197860186	198060186	harbor2	chr3	197945020	197945545	LTR/ERVL-MaLR	2653	+	262	197945282	85096
chr3	102709889	102909889	harbor2	chr3	102721244	102721697	LTR/ERVL-MaLR	1610	+	226	102721470	11581
chr3	102709889	102909889	harbor2	chr3	102723503	102723852	LTR/ERVL-MaLR	2646	+	174	102723677	13788
chr3	102709889	102909889	harbor2	chr3	102723855	102725406	LTR/ERVL-MaLR	11154	+	776	102724631	14742
chr3	102709889	102909889	harbor2	chr3	102725407	102725761	LTR/ERVL-MaLR	2727	+	177	102725584	15695
chr3	102709889	102909889	harbor2	chr3	102729012	102729379	LTR/ERVL-MaLR	1501	+	184	102729196	19307
chr3	102709889	102909889	harbor2	chr3	102759087	102759262	LTR/ERVL-MaLR	865	+	88	102759175	49286
chr3	102709889	102909889	harbor2	chr3	102759261	102760124	LTR/ERVL-MaLR	3174	+	432	102759693	49804
chr3	102709889	102909889	harbor2	chr3	102793721	102794283	LTR/ERVL-MaLR	1449	+	281	102794002	84113
chr3	102709889	102909889	harbor2	chr3	102760125	102760516	LTR/ERVL-MaLR	1827	+	196	102760321	50432
chr3	51953084	52153084	harbor2	chr3	52010503	52010999	LTR/ERVL-MaLR	2421	+	248	52010751	57667
chr3	50442364	50642364	harbor2	chr3	50493232	50493489	LTR/ERVL-MaLR	861	+	128	50493360	50996
chr3	51939402	52139402	harbor2	chr3	52010503	52010999	LTR/ERVL-MaLR	2421	+	248	52010751	71349
chr3	157035633	157235633	harbor2	chr3	157042889	157043304	LTR/ERVL-MaLR	2688	+	208	157043097	7464
chr3	157035633	157235633	harbor2	chr3	157060715	157061091	LTR/ERVL-MaLR	2117	+	188	157060903	25270
chr3	157035633	157235633	harbor2	chr3	157100790	157101180	LTR/ERVL-MaLR	2346	+	195	157100985	65352
chr3	157035633	157235633	harbor2	chr3	157102024	157102472	LTR/ERVL-MaLR	2542	+	224	157102248	66615
chr3	123544853	123744853	harbor2	chr3	123548086	123548573	LTR/ERVL-MaLR	1866	+	244	123548330	3477
chr3	123544853	123744853	harbor2	chr3	123565298	123565653	LTR/ERVL-MaLR	2134	+	178	123565476	20623
chr3	123544853	123744853	harbor2	chr3	123571235	123571840	LTR/ERVL-MaLR	2306	+	302	123571537	26684
chr3	123544853	123744853	harbor2	chr3	123581492	123581725	LTR/ERVL-MaLR	470	+	116	123581608	36755
chr3	123544853	123744853	harbor2	chr3	123591996	123592347	LTR/ERVL-MaLR	2436	+	176	123592172	47319
chr3	123544853	123744853	harbor2	chr3	123616563	123616929	LTR/ERVL-MaLR	2052	+	183	123616746	71893
chr3	46800653	47000653	harbor2	chr3	46804547	46804958	LTR/ERVL-MaLR	953	+	206	46804753	4100
chr3	46800653	47000653	harbor2	chr3	46805890	46805960	LTR/ERVL-MaLR	953	+	35	46805925	5272
chr3	46800653	47000653	harbor2	chr3	46819893	46820255	LTR/ERVL-MaLR	2354	+	181	46820074	19421
chr3	46800653	47000653	harbor2	chr3	46826867	46827051	LTR/ERVL-MaLR	1585	+	92	46826959	26306
chr3	46800653	47000653	harbor2	chr3	46827086	46827251	LTR/ERVL-MaLR	1585	+	82	46827168	26515
chr3	46800653	47000653	harbor2	chr3	46843365	46843674	LTR/ERVL-MaLR	1128	+	154	46843519	42866
chr3	157569498	157769498	harbor2	chr3	157594779	157595199	LTR/ERVL-MaLR	1845	+	210	157594989	25491
chr3	157569498	157769498	harbor2	chr3	157610876	157611251	LTR/ERVL-MaLR	2701	+	188	157611064	41566
chr3	157569498	157769498	harbor2	chr3	157621399	157621568	LTR/ERVL-MaLR	1236	+	84	157621483	51985
chr3	157569498	157769498	harbor2	chr3	157624876	157625334	LTR/ERVL-MaLR	2601	+	229	157625105	55607
chr3	157569498	157769498	harbor2	chr3	157633188	157633544	LTR/ERVL-MaLR	1529	+	178	157633366	63868
chr3	157569498	157769498	harbor2	chr3	157658935	157659388	LTR/ERVL-MaLR	1983	+	226	157659161	89663
chr3	157569498	157769498	harbor2	chr3	157662000	157662151	LTR/ERVL-MaLR	477	+	76	157662076	92578
chr3	172010482	172210482	harbor2	chr3	172029065	172029251	LTR/ERVL-MaLR	2108	+	93	172029158	18676
chr3	172010482	172210482	harbor2	chr3	172029557	172029583	LTR/ERVL-MaLR	2108	+	13	172029570	19088
chr3	172010482	172210482	harbor2	chr3	172029878	172030114	LTR/ERVL-MaLR	2108	+	118	172029996	19514
chr3	172010482	172210482	harbor2	chr3	172032073	172032469	LTR/ERVL-MaLR	1433	+	198	172032271	21789
chr3	172010482	172210482	harbor2	chr3	172063827	172063987	LTR/ERVL-MaLR	811	+	80	172063907	53425
chr3	172010482	172210482	harbor2	chr3	172064170	172064381	LTR/ERVL-MaLR	1123	+	106	172064276	53794
chr3	122886039	123086039	harbor2	chr3	122953812	122954047	LTR/ERVL-MaLR	412	+	118	122953930	67891
chr3	122886039	123086039	harbor2	chr3	122965331	122965714	LTR/ERVL-MaLR	445	+	192	122965523	79484
chr3	182693462	182893462	harbor2	chr3	182731794	182732182	LTR/ERVL-MaLR	2212	+	194	182731988	38526
chr3	182693462	182893462	harbor2	chr3	182751959	182752481	LTR/ERVL-MaLR	2192	+	261	182752220	58758
chr3	74983907	75183907	harbor2	chr3	74993961	74994428	LTR/ERVL-MaLR	897	+	234	74994195	10288
chr3	74983907	75183907	harbor2	chr3	75010339	75010710	LTR/ERVL-MaLR	544	+	186	75010525	26618
chr3	74983907	75183907	harbor2	chr3	75011946	75012338	LTR/ERVL-MaLR	1942	+	196	75012142	28235
chr3	74983907	75183907	harbor2	chr3	75025605	75026003	LTR/ERVL-MaLR	532	+	199	75025804	41897
chr3	74983907	75183907	harbor2	chr3	75026336	75026684	LTR/ERVL-MaLR	1892	+	174	75026510	42603
chr3	74983907	75183907	harbor2	chr3	75030817	75031193	LTR/ERVL-MaLR	1447	+	188	75031005	47098
chr3	74983907	75183907	harbor2	chr3	75043513	75043874	LTR/ERVL-MaLR	2232	+	180	75043693	59786
chr3	74983907	75183907	harbor2	chr3	75052929	75053375	LTR/ERVL-MaLR	1409	+	223	75053152	69245
chr3	74983907	75183907	harbor2	chr3	75053508	75053644	LTR/ERVL-MaLR	472	+	68	75053576	69669
chr3	74983907	75183907	harbor2	chr3	75062689	75062832	LTR/ERVL-MaLR	776	+	72	75062761	78854
chr3	74983907	75183907	harbor2	chr3	75070345	75070588	LTR/ERVL-MaLR	889	+	122	75070467	86560
chr3	51939397	52139397	harbor2	chr3	52010503	52010999	LTR/ERVL-MaLR	2421	+	248	52010751	71354
chr3	12828058	13028058	harbor2	chr3	12844592	12844946	LTR/ERVL-MaLR	2224	+	177	12844769	16711
chr3	12828058	13028058	harbor2	chr3	12844947	12845029	LTR/ERVL-MaLR	576	+	41	12844988	16930
chr3	12828058	13028058	harbor2	chr3	12845600	12845665	LTR/ERVL-MaLR	456	+	32	12845632	17574
chr3	12828058	13028058	harbor2	chr3	12845666	12847152	LTR/ERVL-MaLR	9249	+	743	12846409	18351
chr3	12828058	13028058	harbor2	chr3	12847153	12847508	LTR/ERVL-MaLR	2396	+	178	12847331	19273
chr3	12828058	13028058	harbor2	chr3	12881555	12881732	LTR/ERVL-MaLR	1020	+	88	12881643	53585
chr3	12828058	13028058	harbor2	chr3	12882030	12882271	LTR/ERVL-MaLR	1020	+	120	12882150	54092
chr3	12828058	13028058	harbor2	chr3	12912775	12913279	LTR/ERVL-MaLR	733	+	252	12913027	84969
chr3	196096820	196296820	harbor2	chr3	196144920	196145024	LTR/ERVL-MaLR	560	+	52	196144972	48152
chr3	196096820	196296820	harbor2	chr3	196148298	196148663	LTR/ERVL-MaLR	2313	+	182	196148480	51660
chr3	196096820	196296820	harbor2	chr3	196177507	196177915	LTR/ERVL-MaLR	1282	+	204	196177711	80891
chr3	107993078	108193078	harbor2	chr3	108023714	108024132	LTR/ERVL-MaLR	1893	+	209	108023923	30845
chr3	107993078	108193078	harbor2	chr3	108042364	108042884	LTR/ERVL-MaLR	769	+	260	108042624	49546
chr3	107993078	108193078	harbor2	chr3	108060167	108060678	LTR/ERVL-MaLR	1047	+	256	108060423	67345
chr3	107993078	108193078	harbor2	chr3	108075592	108076239	LTR/ERVL-MaLR	2398	+	324	108075916	82838
chr3	128333916	128533916	harbor2	chr3	128416670	128416931	LTR/ERVL-MaLR	484	+	130	128416800	82884
chr3	126257004	126457004	harbor2	chr3	126261972	126262422	LTR/ERVL-MaLR	1546	+	225	126262197	5193
chr3	126257004	126457004	harbor2	chr3	126299396	126299468	LTR/ERVL-MaLR	1394	+	36	126299432	42428
chr3	126257004	126457004	harbor2	chr3	126299774	126299990	LTR/ERVL-MaLR	1394	+	108	126299882	42878
chr3	126257004	126457004	harbor2	chr3	126304926	126305296	LTR/ERVL-MaLR	936	+	185	126305111	48107
chr3	126257004	126457004	harbor2	chr3	126312979	126313386	LTR/ERVL-MaLR	1644	+	204	126313183	56179
chr3	126257004	126457004	harbor2	chr3	126330005	126330359	LTR/ERVL-MaLR	536	+	177	126330182	73178
chr3	126257004	126457004	harbor2	chr3	126340150	126340338	LTR/ERVL-MaLR	513	+	94	126340244	83240
chr3	126257004	126457004	harbor2	chr3	126340407	126340583	LTR/ERVL-MaLR	446	+	88	126340495	83491
chr3	128329153	128529153	harbor2	chr3	128416670	128416931	LTR/ERVL-MaLR	484	+	130	128416800	87647
chr3	51599424	51799424	harbor2	chr3	51618598	51618785	LTR/ERVL-MaLR	717	+	94	51618692	19268
chr3	51599424	51799424	harbor2	chr3	51618787	51618914	LTR/ERVL-MaLR	570	+	64	51618851	19427
chr3	138337091	138537091	harbor2	chr3	138421825	138422254	LTR/ERVL-MaLR	1902	+	214	138422039	84948
chr3	51940440	52140440	harbor2	chr3	52010503	52010999	LTR/ERVL-MaLR	2421	+	248	52010751	70311
chr3	127675921	127875921	harbor2	chr3	127697505	127697678	LTR/ERVL-MaLR	637	+	86	127697591	21670
chr3	127675921	127875921	harbor2	chr3	127709919	127710336	LTR/ERVL-MaLR	976	+	208	127710127	34206
chr3	127675921	127875921	harbor2	chr3	127723806	127724181	LTR/ERVL-MaLR	2123	+	188	127723994	48073
chr3	127675921	127875921	harbor2	chr3	127748464	127748802	LTR/ERVL-MaLR	1592	+	169	127748633	72712
chr3	127675921	127875921	harbor2	chr3	127751202	127751709	LTR/ERVL-MaLR	1457	+	254	127751456	75535
chr3	127675921	127875921	harbor2	chr3	127755847	127756223	LTR/ERVL-MaLR	1047	+	188	127756035	80114
chr3	127675921	127875921	harbor2	chr3	127756668	127756782	LTR/ERVL-MaLR	1047	+	57	127756725	80804
chr3	127675921	127875921	harbor2	chr3	127757196	127757326	LTR/ERVL-MaLR	446	+	65	127757261	81340
chr3	127675921	127875921	harbor2	chr3	127772688	127773051	LTR/ERVL-MaLR	1961	+	182	127772870	96949
chr3	189960849	190160849	harbor2	chr3	189977104	189977596	LTR/ERVL-MaLR	1169	+	246	189977350	16501
chr3	189960849	190160849	harbor2	chr3	190010328	190010745	LTR/ERVL-MaLR	1647	+	208	190010536	49687
chr3	189960849	190160849	harbor2	chr3	190055909	190056306	LTR/ERVL-MaLR	1291	+	198	190056107	95258
chr4	872677	1072677	harbor2	chr4	922039	922232	LTR/ERVL-MaLR	1141	+	96	922135	49458
chr4	872677	1072677	harbor2	chr4	922535	922692	LTR/ERVL-MaLR	1141	+	78	922613	49936
chr4	872677	1072677	harbor2	chr4	924597	924732	LTR/ERVL-MaLR	607	+	68	924665	51988
chr4	872677	1072677	harbor2	chr4	925562	925889	LTR/ERVL-MaLR	1338	+	164	925726	53049
chr4	6810897	7010897	harbor2	chr4	6890313	6890710	LTR/ERVL-MaLR	2463	+	198	6890511	79614
chr4	6810897	7010897	harbor2	chr4	6896091	6896469	LTR/ERVL-MaLR	1996	+	189	6896280	85383
chr4	145103423	145303423	harbor2	chr4	145148999	145149450	LTR/ERVL-MaLR	2007	+	226	145149225	45802
chr4	145103423	145303423	harbor2	chr4	145157243	145157406	LTR/ERVL-MaLR	1074	+	82	145157325	53902
chr4	145103423	145303423	harbor2	chr4	145182975	145183502	LTR/ERVL-MaLR	1677	+	264	145183239	79816
chr4	145103423	145303423	harbor2	chr4	145183829	145184062	LTR/ERVL-MaLR	515	+	116	145183945	80522
chr4	2363035	2563035	harbor2	chr4	2369494	2369833	LTR/ERVL-MaLR	1037	+	170	2369664	6629
chr4	2363035	2563035	harbor2	chr4	2370148	2370201	LTR/ERVL-MaLR	1037	+	26	2370174	7139
chr4	2363035	2563035	harbor2	chr4	2380576	2380925	LTR/ERVL-MaLR	2531	+	174	2380750	17715
chr4	2363035	2563035	harbor2	chr4	2380926	2381401	LTR/ERVL-MaLR	10807	+	238	2381164	18129
chr4	2363035	2563035	harbor2	chr4	2381706	2382747	LTR/ERVL-MaLR	10807	+	520	2382226	19191
chr4	2363035	2563035	harbor2	chr4	2383102	2383171	LTR/ERVL-MaLR	469	+	34	2383136	20101
chr4	2363035	2563035	harbor2	chr4	2383174	2383530	LTR/ERVL-MaLR	2404	+	178	2383352	20317
chr4	2363035	2563035	harbor2	chr4	2386128	2386202	LTR/ERVL-MaLR	1515	+	37	2386165	23130
chr4	2363035	2563035	harbor2	chr4	2386497	2386812	LTR/ERVL-MaLR	1515	+	158	2386655	23620
chr4	2363035	2563035	harbor2	chr4	2389973	2390403	LTR/ERVL-MaLR	1183	+	215	2390188	27153
chr4	911390	1111390	harbor2	chr4	922039	922232	LTR/ERVL-MaLR	1141	+	96	922135	10745
chr4	911390	1111390	harbor2	chr4	922535	922692	LTR/ERVL-MaLR	1141	+	78	922613	11223
chr4	911390	1111390	harbor2	chr4	924597	924732	LTR/ERVL-MaLR	607	+	68	924665	13275
chr4	911390	1111390	harbor2	chr4	925562	925889	LTR/ERVL-MaLR	1338	+	164	925726	14336
chr4	911390	1111390	harbor2	chr4	976872	977217	LTR/ERVL-MaLR	1096	+	172	977044	65654
chr4	41541096	41741096	harbor2	chr4	41564709	41565068	LTR/ERVL-MaLR	2014	+	180	41564889	23793
chr4	25762832	25962832	harbor2	chr4	25790260	25790423	LTR/ERVL-MaLR	493	+	82	25790342	27510
chr4	25762832	25962832	harbor2	chr4	25827182	25827614	LTR/ERVL-MaLR	1880	+	216	25827398	64566
chr4	911356	1111356	harbor2	chr4	922039	922232	LTR/ERVL-MaLR	1141	+	96	922135	10779
chr4	911356	1111356	harbor2	chr4	922535	922692	LTR/ERVL-MaLR	1141	+	78	922613	11257
chr4	911356	1111356	harbor2	chr4	924597	924732	LTR/ERVL-MaLR	607	+	68	924665	13309
chr4	911356	1111356	harbor2	chr4	925562	925889	LTR/ERVL-MaLR	1338	+	164	925726	14370
chr4	911356	1111356	harbor2	chr4	976872	977217	LTR/ERVL-MaLR	1096	+	172	977044	65688
chr4	872756	1072756	harbor2	chr4	922039	922232	LTR/ERVL-MaLR	1141	+	96	922135	49379
chr4	872756	1072756	harbor2	chr4	922535	922692	LTR/ERVL-MaLR	1141	+	78	922613	49857
chr4	872756	1072756	harbor2	chr4	924597	924732	LTR/ERVL-MaLR	607	+	68	924665	51909
chr4	872756	1072756	harbor2	chr4	925562	925889	LTR/ERVL-MaLR	1338	+	164	925726	52970
chr4	911393	1111393	harbor2	chr4	922039	922232	LTR/ERVL-MaLR	1141	+	96	922135	10742
chr4	911393	1111393	harbor2	chr4	922535	922692	LTR/ERVL-MaLR	1141	+	78	922613	11220
chr4	911393	1111393	harbor2	chr4	924597	924732	LTR/ERVL-MaLR	607	+	68	924665	13272
chr4	911393	1111393	harbor2	chr4	925562	925889	LTR/ERVL-MaLR	1338	+	164	925726	14333
chr4	911393	1111393	harbor2	chr4	976872	977217	LTR/ERVL-MaLR	1096	+	172	977044	65651
chr4	150915773	151115773	harbor2	chr4	150938413	150938893	LTR/ERVL-MaLR	757	+	240	150938653	22880
chr4	150915773	151115773	harbor2	chr4	150939162	150939608	LTR/ERVL-MaLR	2338	+	223	150939385	23612
chr4	150915773	151115773	harbor2	chr4	150943829	150944250	LTR/ERVL-MaLR	1776	+	210	150944039	28266
chr4	150915773	151115773	harbor2	chr4	150944758	150945108	LTR/ERVL-MaLR	2356	+	175	150944933	29160
chr4	145081541	145281541	harbor2	chr4	145148999	145149450	LTR/ERVL-MaLR	2007	+	226	145149225	67684
chr4	145081541	145281541	harbor2	chr4	145157243	145157406	LTR/ERVL-MaLR	1074	+	82	145157325	75784
chr4	730253	930253	harbor2	chr4	762406	762722	LTR/ERVL-MaLR	506	+	158	762564	32311
chr4	89737944	89937944	harbor2	chr4	89803581	89803961	LTR/ERVL-MaLR	2324	+	190	89803771	65827
chr4	89737944	89937944	harbor2	chr4	89810306	89810677	LTR/ERVL-MaLR	1915	+	186	89810492	72548
chr4	159002941	159202941	harbor2	chr4	159079168	159079535	LTR/ERVL-MaLR	2133	+	184	159079352	76411
chr4	159026392	159226392	harbor2	chr4	159079168	159079535	LTR/ERVL-MaLR	2133	+	184	159079352	52960
chr4	139551799	139751799	harbor2	chr4	139588598	139588906	LTR/ERVL-MaLR	827	+	154	139588752	36953
chr4	139551799	139751799	harbor2	chr4	139589753	139589993	LTR/ERVL-MaLR	807	+	120	139589873	38074
chr4	139551799	139751799	harbor2	chr4	139598337	139598556	LTR/ERVL-MaLR	1087	+	110	139598447	46648
chr4	139551799	139751799	harbor2	chr4	139598922	139599055	LTR/ERVL-MaLR	1087	+	66	139598988	47189
chr4	139551799	139751799	harbor2	chr4	139604520	139604896	LTR/ERVL-MaLR	1415	+	188	139604708	52909
chr4	139551799	139751799	harbor2	chr4	139610394	139610816	LTR/ERVL-MaLR	1783	+	211	139610605	58806
chr4	139551799	139751799	harbor2	chr4	139618760	139619189	LTR/ERVL-MaLR	737	+	214	139618974	67175
chr4	139551799	139751799	harbor2	chr4	139645963	139646066	LTR/ERVL-MaLR	553	+	52	139646015	94216
chr4	139551799	139751799	harbor2	chr4	139646066	139646224	LTR/ERVL-MaLR	902	+	79	139646145	94346
chr4	139551799	139751799	harbor2	chr4	139650416	139650531	LTR/ERVL-MaLR	1661	+	58	139650474	98675
chr4	139551799	139751799	harbor2	chr4	139650831	139651082	LTR/ERVL-MaLR	1661	+	126	139650957	99158
chr4	1771258	1971258	harbor2	chr4	1790564	1790986	LTR/ERVL-MaLR	1038	+	211	1790775	19517
chr4	1771258	1971258	harbor2	chr4	1860973	1861071	LTR/ERVL-MaLR	512	+	49	1861022	89764
chr4	3264984	3464984	harbor2	chr4	3278857	3279234	LTR/ERVL-MaLR	2195	+	188	3279045	14061
chr4	3264984	3464984	harbor2	chr4	3325322	3325517	LTR/ERVL-MaLR	969	+	98	3325420	60436
chr4	3264984	3464984	harbor2	chr4	3328447	3328633	LTR/ERVL-MaLR	910	+	93	3328540	63556
chr4	128444275	128644275	harbor2	chr4	128477781	128477972	LTR/ERVL-MaLR	789	+	96	128477877	33602
chr4	128444275	128644275	harbor2	chr4	128478687	128478738	LTR/ERVL-MaLR	789	+	26	128478713	34438
chr4	128444275	128644275	harbor2	chr4	128481075	128481537	LTR/ERVL-MaLR	586	+	231	128481306	37031
chr4	128444275	128644275	harbor2	chr4	128495145	128495546	LTR/ERVL-MaLR	2866	+	200	128495345	51070
chr4	128444275	128644275	harbor2	chr4	128511329	128511853	LTR/ERVL-MaLR	1980	+	262	128511591	67316
chr4	128444275	128644275	harbor2	chr4	128514139	128514495	LTR/ERVL-MaLR	1690	+	178	128514317	70042
chr4	1468178	1668178	harbor2	chr4	1544386	1544761	LTR/ERVL-MaLR	1032	+	188	1544574	76396
chr4	145198204	145398204	harbor2	chr4	145213264	145213675	LTR/ERVL-MaLR	2350	+	206	145213470	15266
chr4	145198204	145398204	harbor2	chr4	145228757	145229031	LTR/ERVL-MaLR	925	+	137	145228894	30690
chr4	145198204	145398204	harbor2	chr4	145229492	145229744	LTR/ERVL-MaLR	467	+	126	145229618	31414
chr4	145198204	145398204	harbor2	chr4	145229820	145230134	LTR/ERVL-MaLR	1268	+	157	145229977	31773
chr4	145198204	145398204	harbor2	chr4	145262671	145262988	LTR/ERVL-MaLR	1898	+	158	145262829	64625
chr4	145198204	145398204	harbor2	chr4	145273303	145273702	LTR/ERVL-MaLR	1867	+	200	145273503	75299
chr4	145198204	145398204	harbor2	chr4	145290329	145290763	LTR/ERVL-MaLR	1424	+	217	145290546	92342
chr4	145198204	145398204	harbor2	chr4	145291440	145291807	LTR/ERVL-MaLR	1981	+	184	145291624	93420
chr4	145198204	145398204	harbor2	chr4	145295590	145295991	LTR/ERVL-MaLR	2386	+	200	145295790	97586
chr4	145198204	145398204	harbor2	chr4	145297572	145297768	LTR/ERVL-MaLR	469	+	98	145297670	99466
chr4	159002962	159202962	harbor2	chr4	159079168	159079535	LTR/ERVL-MaLR	2133	+	184	159079352	76390
chr4	16642723	16842723	harbor2	chr4	16664068	16664420	LTR/ERVL-MaLR	2044	+	176	16664244	21521
chr4	16642723	16842723	harbor2	chr4	16665708	16666146	LTR/ERVL-MaLR	1300	+	219	16665927	23204
chr4	16642723	16842723	harbor2	chr4	16679969	16680309	LTR/ERVL-MaLR	1165	+	170	16680139	37416
chr4	16642723	16842723	harbor2	chr4	16680965	16681563	LTR/ERVL-MaLR	1701	+	299	16681264	38541
chr4	16642723	16842723	harbor2	chr4	16687175	16687531	LTR/ERVL-MaLR	1426	+	178	16687353	44630
chr4	16642723	16842723	harbor2	chr4	16705230	16705453	LTR/ERVL-MaLR	501	+	112	16705342	62619
chr4	16642723	16842723	harbor2	chr4	16706182	16706556	LTR/ERVL-MaLR	1842	+	187	16706369	63646
chr4	16642723	16842723	harbor2	chr4	16731321	16731723	LTR/ERVL-MaLR	1041	+	201	16731522	88799
chr4	16642723	16842723	harbor2	chr4	16662526	16662895	LTR/ERVL-MaLR	2227	+	184	16662710	19987
chr4	120195584	120395584	harbor2	chr4	120218351	120218775	LTR/ERVL-MaLR	1998	+	212	120218563	22979
chr4	120195584	120395584	harbor2	chr4	120236628	120237098	LTR/ERVL-MaLR	1802	+	235	120236863	41279
chr4	120195584	120395584	harbor2	chr4	120248744	120249126	LTR/ERVL-MaLR	1891	+	191	120248935	53351
chr4	120195584	120395584	harbor2	chr4	120288252	120288621	LTR/ERVL-MaLR	583	+	184	120288436	92852
chr4	120195584	120395584	harbor2	chr4	120293026	120293366	LTR/ERVL-MaLR	1109	+	170	120293196	97612
chr4	5701053	5901053	harbor2	chr4	5757957	5758353	LTR/ERVL-MaLR	1251	+	198	5758155	57102
chr4	5701053	5901053	harbor2	chr4	5784159	5784595	LTR/ERVL-MaLR	1785	+	218	5784377	83324
chr4	5701053	5901053	harbor2	chr4	5787221	5787693	LTR/ERVL-MaLR	1996	+	236	5787457	86404
chr4	150915774	151115774	harbor2	chr4	150938413	150938893	LTR/ERVL-MaLR	757	+	240	150938653	22879
chr4	150915774	151115774	harbor2	chr4	150939162	150939608	LTR/ERVL-MaLR	2338	+	223	150939385	23611
chr4	150915774	151115774	harbor2	chr4	150943829	150944250	LTR/ERVL-MaLR	1776	+	210	150944039	28265
chr4	150915774	151115774	harbor2	chr4	150944758	150945108	LTR/ERVL-MaLR	2356	+	175	150944933	29159
chr4	911391	1111391	harbor2	chr4	922039	922232	LTR/ERVL-MaLR	1141	+	96	922135	10744
chr4	911391	1111391	harbor2	chr4	922535	922692	LTR/ERVL-MaLR	1141	+	78	922613	11222
chr4	911391	1111391	harbor2	chr4	924597	924732	LTR/ERVL-MaLR	607	+	68	924665	13274
chr4	911391	1111391	harbor2	chr4	925562	925889	LTR/ERVL-MaLR	1338	+	164	925726	14335
chr4	911391	1111391	harbor2	chr4	976872	977217	LTR/ERVL-MaLR	1096	+	172	977044	65653
chr4	128712057	128912057	harbor2	chr4	128752178	128752521	LTR/ERVL-MaLR	1792	+	172	128752350	40293
chr4	128712057	128912057	harbor2	chr4	128789753	128790250	LTR/ERVL-MaLR	479	+	248	128790001	77944
chr4	76114019	76314019	harbor2	chr4	76136479	76136957	LTR/ERVL-MaLR	2312	+	239	76136718	22699
chr4	76114019	76314019	harbor2	chr4	76167266	76167654	LTR/ERVL-MaLR	2551	+	194	76167460	53441
chr4	76114019	76314019	harbor2	chr4	76191337	76191697	LTR/ERVL-MaLR	2113	+	180	76191517	77498
chr4	76114019	76314019	harbor2	chr4	76192111	76192643	LTR/ERVL-MaLR	3347	+	266	76192377	78358
chr4	76114019	76314019	harbor2	chr4	76192870	76193903	LTR/ERVL-MaLR	6148	+	516	76193386	79367
chr4	76114019	76314019	harbor2	chr4	76193904	76194298	LTR/ERVL-MaLR	2252	+	197	76194101	80082
chr4	76114019	76314019	harbor2	chr4	76196825	76197213	LTR/ERVL-MaLR	2113	+	194	76197019	83000
chr4	76114019	76314019	harbor2	chr4	76205957	76206307	LTR/ERVL-MaLR	2050	+	175	76206132	92113
chr4	3054676	3254676	harbor2	chr4	3071614	3071985	LTR/ERVL-MaLR	2116	+	186	3071800	17124
chr4	3054676	3254676	harbor2	chr4	3091604	3091725	LTR/ERVL-MaLR	586	+	60	3091664	36988
chr4	3054676	3254676	harbor2	chr4	3093481	3093868	LTR/ERVL-MaLR	1200	+	194	3093675	38999
chr4	3054676	3254676	harbor2	chr4	3095544	3095678	LTR/ERVL-MaLR	566	+	67	3095611	40935
chr4	120823308	121023308	harbor2	chr4	120823775	120824178	LTR/ERVL-MaLR	2113	+	202	120823977	669
chr4	120823308	121023308	harbor2	chr4	120830259	120830536	LTR/ERVL-MaLR	629	+	138	120830397	7089
chr4	120823308	121023308	harbor2	chr4	120834218	120834582	LTR/ERVL-MaLR	2040	+	182	120834400	11092
chr4	120823308	121023308	harbor2	chr4	120835432	120835760	LTR/ERVL-MaLR	1829	+	164	120835596	12288
chr4	120823308	121023308	harbor2	chr4	120847153	120847701	LTR/ERVL-MaLR	1370	+	274	120847427	24119
chr4	120823308	121023308	harbor2	chr4	120866750	120867266	LTR/ERVL-MaLR	1497	+	258	120867008	43700
chr4	120823308	121023308	harbor2	chr4	120903609	120903907	LTR/ERVL-MaLR	2133	+	149	120903758	80450
chr4	120823308	121023308	harbor2	chr4	120904214	120904282	LTR/ERVL-MaLR	2133	+	34	120904248	80940
chr4	3418040	3618040	harbor2	chr4	3451815	3451968	LTR/ERVL-MaLR	1521	+	76	3451891	33851
chr4	3418040	3618040	harbor2	chr4	3452554	3452789	LTR/ERVL-MaLR	1521	+	118	3452672	34632
chr4	2364000	2564000	harbor2	chr4	2369494	2369833	LTR/ERVL-MaLR	1037	+	170	2369664	5664
chr4	2364000	2564000	harbor2	chr4	2370148	2370201	LTR/ERVL-MaLR	1037	+	26	2370174	6174
chr4	2364000	2564000	harbor2	chr4	2380576	2380925	LTR/ERVL-MaLR	2531	+	174	2380750	16750
chr4	2364000	2564000	harbor2	chr4	2380926	2381401	LTR/ERVL-MaLR	10807	+	238	2381164	17164
chr4	2364000	2564000	harbor2	chr4	2381706	2382747	LTR/ERVL-MaLR	10807	+	520	2382226	18226
chr4	2364000	2564000	harbor2	chr4	2383102	2383171	LTR/ERVL-MaLR	469	+	34	2383136	19136
chr4	2364000	2564000	harbor2	chr4	2383174	2383530	LTR/ERVL-MaLR	2404	+	178	2383352	19352
chr4	2364000	2564000	harbor2	chr4	2386128	2386202	LTR/ERVL-MaLR	1515	+	37	2386165	22165
chr4	2364000	2564000	harbor2	chr4	2386497	2386812	LTR/ERVL-MaLR	1515	+	158	2386655	22655
chr4	2364000	2564000	harbor2	chr4	2389973	2390403	LTR/ERVL-MaLR	1183	+	215	2390188	26188
chr4	8768364	8968364	harbor2	chr4	8785510	8785952	LTR/ERVL-MaLR	1159	+	221	8785731	17367
chr4	8768364	8968364	harbor2	chr4	8849184	8849619	LTR/ERVL-MaLR	898	+	218	8849402	81038
chr4	8768364	8968364	harbor2	chr4	8852803	8853057	LTR/ERVL-MaLR	507	+	127	8852930	84566
chr4	152837648	153037648	harbor2	chr4	152875758	152876111	LTR/ERVL-MaLR	2760	+	176	152875934	38286
chr4	152837648	153037648	harbor2	chr4	152876112	152877648	LTR/ERVL-MaLR	11229	+	768	152876880	39232
chr4	152837648	153037648	harbor2	chr4	152877649	152878001	LTR/ERVL-MaLR	2696	+	176	152877825	40177
chr4	120832418	121032418	harbor2	chr4	120834218	120834582	LTR/ERVL-MaLR	2040	+	182	120834400	1982
chr4	120832418	121032418	harbor2	chr4	120835432	120835760	LTR/ERVL-MaLR	1829	+	164	120835596	3178
chr4	120832418	121032418	harbor2	chr4	120847153	120847701	LTR/ERVL-MaLR	1370	+	274	120847427	15009
chr4	120832418	121032418	harbor2	chr4	120866750	120867266	LTR/ERVL-MaLR	1497	+	258	120867008	34590
chr4	120832418	121032418	harbor2	chr4	120903609	120903907	LTR/ERVL-MaLR	2133	+	149	120903758	71340
chr4	120832418	121032418	harbor2	chr4	120904214	120904282	LTR/ERVL-MaLR	2133	+	34	120904248	71830
chr4	120832418	121032418	harbor2	chr4	120926041	120926359	LTR/ERVL-MaLR	1724	+	159	120926200	93782
chr4	120832418	121032418	harbor2	chr4	120926718	120926789	LTR/ERVL-MaLR	1724	+	36	120926754	94336
chr4	120832418	121032418	harbor2	chr4	120926792	120928379	LTR/ERVL-MaLR	5657	+	794	120927586	95168
chr4	120832418	121032418	harbor2	chr4	120928380	120928738	LTR/ERVL-MaLR	1479	+	179	120928559	96141
chr4	148340678	148540678	harbor2	chr4	148378415	148378829	LTR/ERVL-MaLR	2689	+	207	148378622	37944
chr4	148340678	148540678	harbor2	chr4	148393843	148394341	LTR/ERVL-MaLR	1141	+	249	148394092	53414
chr4	148340678	148540678	harbor2	chr4	148394342	148394399	LTR/ERVL-MaLR	905	+	28	148394370	53692
chr4	148340678	148540678	harbor2	chr4	148394700	148395036	LTR/ERVL-MaLR	905	+	168	148394868	54190
chr4	148340678	148540678	harbor2	chr4	148420627	148421039	LTR/ERVL-MaLR	2570	+	206	148420833	80155
chr4	163375906	163575906	harbor2	chr4	163392255	163392682	LTR/ERVL-MaLR	1565	+	214	163392469	16563
chr4	163375906	163575906	harbor2	chr4	163412462	163412816	LTR/ERVL-MaLR	2146	+	177	163412639	36733
chr4	163375906	163575906	harbor2	chr4	163412817	163413008	LTR/ERVL-MaLR	1422	+	96	163412913	37007
chr4	163375906	163575906	harbor2	chr4	163414023	163415442	LTR/ERVL-MaLR	10278	+	710	163414733	38827
chr4	163375906	163575906	harbor2	chr4	163415443	163415797	LTR/ERVL-MaLR	2259	+	177	163415620	39714
chr4	163375906	163575906	harbor2	chr4	163419150	163419569	LTR/ERVL-MaLR	713	+	210	163419360	43454
chr4	163375906	163575906	harbor2	chr4	163438619	163439092	LTR/ERVL-MaLR	2274	+	236	163438855	62949
chr4	163375906	163575906	harbor2	chr4	163444902	163445253	LTR/ERVL-MaLR	610	+	176	163445078	69172
chr4	163375906	163575906	harbor2	chr4	163445619	163445815	LTR/ERVL-MaLR	610	+	98	163445717	69811
chr4	70803213	71003213	harbor2	chr4	70875868	70876260	LTR/ERVL-MaLR	2262	+	196	70876064	72851
chr4	70803213	71003213	harbor2	chr4	70876570	70876613	LTR/ERVL-MaLR	2262	+	22	70876592	73379
chr4	70803213	71003213	harbor2	chr4	70883192	70883433	LTR/ERVL-MaLR	1393	+	120	70883312	80099
chr4	70803213	71003213	harbor2	chr4	70887308	70887603	LTR/ERVL-MaLR	1369	+	148	70887456	84243
chr4	70803213	71003213	harbor2	chr4	70889187	70889648	LTR/ERVL-MaLR	2059	+	230	70889417	86204
chr4	70893530	71093530	harbor2	chr4	70913942	70914298	LTR/ERVL-MaLR	1614	+	178	70914120	20590
chr4	138772104	138972104	harbor2	chr4	138777286	138777760	LTR/ERVL-MaLR	1168	+	237	138777523	5419
chr4	138772104	138972104	harbor2	chr4	138787804	138788222	LTR/ERVL-MaLR	2778	+	209	138788013	15909
chr4	138772104	138972104	harbor2	chr4	138793046	138793424	LTR/ERVL-MaLR	2233	+	189	138793235	21131
chr4	138772104	138972104	harbor2	chr4	138812365	138812725	LTR/ERVL-MaLR	1583	+	180	138812545	40441
chr4	138772104	138972104	harbor2	chr4	138816961	138817459	LTR/ERVL-MaLR	2381	+	249	138817210	45106
chr4	138772104	138972104	harbor2	chr4	138830477	138830647	LTR/ERVL-MaLR	1032	+	85	138830562	58458
chr4	138772104	138972104	harbor2	chr4	138830948	138831244	LTR/ERVL-MaLR	1032	+	148	138831096	58992
chr4	138772104	138972104	harbor2	chr4	138837425	138837777	LTR/ERVL-MaLR	1960	+	176	138837601	65497
chr4	138772104	138972104	harbor2	chr4	138847408	138847916	LTR/ERVL-MaLR	827	+	254	138847662	75558
chr4	153366241	153566241	harbor2	chr4	153455038	153455394	LTR/ERVL-MaLR	2056	+	178	153455216	88975
chr4	86953456	87153456	harbor2	chr4	86982424	86982575	LTR/ERVL-MaLR	2023	+	76	86982500	29044
chr4	86953456	87153456	harbor2	chr4	86982876	86983084	LTR/ERVL-MaLR	2023	+	104	86982980	29524
chr4	86953456	87153456	harbor2	chr4	86996747	86996917	LTR/ERVL-MaLR	1990	+	85	86996832	43376
chr4	86953456	87153456	harbor2	chr4	86997212	86997447	LTR/ERVL-MaLR	1990	+	118	86997330	43874
chr4	139195860	139395860	harbor2	chr4	139197200	139197556	LTR/ERVL-MaLR	2324	+	178	139197378	1518
chr4	139195860	139395860	harbor2	chr4	139217435	139217753	LTR/ERVL-MaLR	1047	+	159	139217594	21734
chr4	139195860	139395860	harbor2	chr4	139220171	139220378	LTR/ERVL-MaLR	841	+	104	139220275	24415
chr4	139195860	139395860	harbor2	chr4	139284516	139284867	LTR/ERVL-MaLR	1946	+	176	139284692	88832
chr4	139195860	139395860	harbor2	chr4	139285162	139285203	LTR/ERVL-MaLR	1946	+	20	139285182	89322
chr4	120823157	121023157	harbor2	chr4	120823775	120824178	LTR/ERVL-MaLR	2113	+	202	120823977	820
chr4	120823157	121023157	harbor2	chr4	120830259	120830536	LTR/ERVL-MaLR	629	+	138	120830397	7240
chr4	120823157	121023157	harbor2	chr4	120834218	120834582	LTR/ERVL-MaLR	2040	+	182	120834400	11243
chr4	120823157	121023157	harbor2	chr4	120835432	120835760	LTR/ERVL-MaLR	1829	+	164	120835596	12439
chr4	120823157	121023157	harbor2	chr4	120847153	120847701	LTR/ERVL-MaLR	1370	+	274	120847427	24270
chr4	120823157	121023157	harbor2	chr4	120866750	120867266	LTR/ERVL-MaLR	1497	+	258	120867008	43851
chr4	120823157	121023157	harbor2	chr4	120903609	120903907	LTR/ERVL-MaLR	2133	+	149	120903758	80601
chr4	120823157	121023157	harbor2	chr4	120904214	120904282	LTR/ERVL-MaLR	2133	+	34	120904248	81091
chr4	1511255	1711255	harbor2	chr4	1544386	1544761	LTR/ERVL-MaLR	1032	+	188	1544574	33319
chr4	1511255	1711255	harbor2	chr4	1588291	1588833	LTR/ERVL-MaLR	2382	+	271	1588562	77307
chr4	1511255	1711255	harbor2	chr4	1609377	1609680	LTR/ERVL-MaLR	1950	+	152	1609529	98274
chr4	1511255	1711255	harbor2	chr4	1609976	1610031	LTR/ERVL-MaLR	1950	+	28	1610004	98749
chr4	55753709	55953709	harbor2	chr4	55784801	55785156	LTR/ERVL-MaLR	2281	+	178	55784979	31270
chr4	55753709	55953709	harbor2	chr4	55792015	55792434	LTR/ERVL-MaLR	2494	+	210	55792225	38516
chr4	55753709	55953709	harbor2	chr4	55815404	55815791	LTR/ERVL-MaLR	1931	+	194	55815598	61889
chr4	55753709	55953709	harbor2	chr4	55816919	55817299	LTR/ERVL-MaLR	2196	+	190	55817109	63400
chr4	1068019	1268019	harbor2	chr4	1087653	1088006	LTR/ERVL-MaLR	2160	+	176	1087829	19810
chr4	1068019	1268019	harbor2	chr4	1088009	1089614	LTR/ERVL-MaLR	10747	+	802	1088811	20792
chr4	1068019	1268019	harbor2	chr4	1089615	1089973	LTR/ERVL-MaLR	1982	+	179	1089794	21775
chr4	1068019	1268019	harbor2	chr4	1129865	1130207	LTR/ERVL-MaLR	1234	+	171	1130036	62017
chr4	1068019	1268019	harbor2	chr4	1142987	1143123	LTR/ERVL-MaLR	657	+	68	1143055	75036
chr4	1358624	1558624	harbor2	chr4	1399539	1399937	LTR/ERVL-MaLR	902	+	199	1399738	41114
chr5	73899952	74099952	harbor2	chr5	73942880	73943249	LTR/ERVL-MaLR	1925	+	184	73943064	43112
chr5	73899952	74099952	harbor2	chr5	73944508	73944867	LTR/ERVL-MaLR	976	+	180	73944688	44736
chr5	73899952	74099952	harbor2	chr5	73953672	73954057	LTR/ERVL-MaLR	1625	+	192	73953864	53912
chr5	73899952	74099952	harbor2	chr5	73967428	73967814	LTR/ERVL-MaLR	2508	+	193	73967621	67669
chr5	73899952	74099952	harbor2	chr5	73973263	73973690	LTR/ERVL-MaLR	1972	+	214	73973477	73525
chr5	73899952	74099952	harbor2	chr5	73977735	73978150	LTR/ERVL-MaLR	2593	+	208	73977943	77991
chr5	26453659	26653659	harbor2	chr5	26463407	26463788	LTR/ERVL-MaLR	1747	+	190	26463597	9938
chr5	26453659	26653659	harbor2	chr5	26464548	26464917	LTR/ERVL-MaLR	1605	+	184	26464732	11073
chr5	26453659	26653659	harbor2	chr5	26468682	26469259	LTR/ERVL-MaLR	1949	+	288	26468970	15311
chr5	26453659	26653659	harbor2	chr5	26469578	26469997	LTR/ERVL-MaLR	1753	+	210	26469788	16129
chr5	26453659	26653659	harbor2	chr5	26469998	26470375	LTR/ERVL-MaLR	1080	+	188	26470186	16527
chr5	26453659	26653659	harbor2	chr5	26473735	26474078	LTR/ERVL-MaLR	1033	+	172	26473907	20248
chr5	26453659	26653659	harbor2	chr5	26498656	26499035	LTR/ERVL-MaLR	1326	+	190	26498846	45187
chr5	26453659	26653659	harbor2	chr5	26541961	26542103	LTR/ERVL-MaLR	920	+	71	26542032	88373
chr5	9115075	9315075	harbor2	chr5	9114488	9115736	LTR/ERVL-MaLR	4018	+	624	9115112	37
chr5	9115075	9315075	harbor2	chr5	9115746	9116306	LTR/ERVL-MaLR	1006	+	280	9116026	951
chr5	9115075	9315075	harbor2	chr5	9128239	9128504	LTR/ERVL-MaLR	619	+	132	9128371	13296
chr5	9115075	9315075	harbor2	chr5	9132286	9132620	LTR/ERVL-MaLR	1052	+	167	9132453	17378
chr5	9115075	9315075	harbor2	chr5	9133840	9134200	LTR/ERVL-MaLR	2016	+	180	9134020	18945
chr5	9115075	9315075	harbor2	chr5	9163594	9163965	LTR/ERVL-MaLR	2050	+	186	9163780	48705
chr5	9115075	9315075	harbor2	chr5	9170461	9170824	LTR/ERVL-MaLR	1598	+	182	9170643	55568
chr5	9115075	9315075	harbor2	chr5	9175930	9176586	LTR/ERVL-MaLR	2236	+	328	9176258	61183
chr5	9115075	9315075	harbor2	chr5	9188005	9188360	LTR/ERVL-MaLR	1620	+	178	9188183	73108
chr5	9115075	9315075	harbor2	chr5	9196183	9196546	LTR/ERVL-MaLR	1023	+	182	9196365	81290
chr5	10532476	10732476	harbor2	chr5	10532754	10533188	LTR/ERVL-MaLR	1644	+	217	10532971	495
chr5	10532476	10732476	harbor2	chr5	10542005	10542135	LTR/ERVL-MaLR	444	+	65	10542070	9594
chr5	10532476	10732476	harbor2	chr5	10588544	10588869	LTR/ERVL-MaLR	1060	+	162	10588706	56230
chr5	10532476	10732476	harbor2	chr5	10621782	10622099	LTR/ERVL-MaLR	1198	+	158	10621940	89464
chr5	150964836	151164836	harbor2	chr5	150979884	150980284	LTR/ERVL-MaLR	1874	+	200	150980084	15248
chr5	150964836	151164836	harbor2	chr5	150981239	150981379	LTR/ERVL-MaLR	807	+	70	150981309	16473
chr5	150964836	151164836	harbor2	chr5	150981692	150982063	LTR/ERVL-MaLR	807	+	186	150981878	17042
chr5	150964836	151164836	harbor2	chr5	151014088	151014132	LTR/ERVL-MaLR	1558	+	22	151014110	49274
chr5	150964836	151164836	harbor2	chr5	151014421	151014736	LTR/ERVL-MaLR	1558	+	158	151014579	49743
chr5	52700037	52900037	harbor2	chr5	52729943	52730320	LTR/ERVL-MaLR	2360	+	188	52730131	30094
chr5	52700037	52900037	harbor2	chr5	52730321	52731878	LTR/ERVL-MaLR	10715	+	778	52731099	31062
chr5	52700037	52900037	harbor2	chr5	52731879	52732259	LTR/ERVL-MaLR	2154	+	190	52732069	32032
chr5	52700037	52900037	harbor2	chr5	52761018	52761380	LTR/ERVL-MaLR	2582	+	181	52761199	61162
chr5	52700037	52900037	harbor2	chr5	52761953	52762334	LTR/ERVL-MaLR	1456	+	190	52762143	62106
chr5	52700037	52900037	harbor2	chr5	52763403	52763763	LTR/ERVL-MaLR	2140	+	180	52763583	63546
chr5	55892081	56092081	harbor2	chr5	55973220	55973778	LTR/ERVL-MaLR	1188	+	279	55973499	81418
chr5	55892081	56092081	harbor2	chr5	55975129	55975531	LTR/ERVL-MaLR	2389	+	201	55975330	83249
chr5	55892081	56092081	harbor2	chr5	55984305	55984654	LTR/ERVL-MaLR	1098	+	174	55984479	92398
chr5	34828752	35028752	harbor2	chr5	34835023	34835507	LTR/ERVL-MaLR	1616	+	242	34835265	6513
chr5	34828752	35028752	harbor2	chr5	34859442	34859763	LTR/ERVL-MaLR	898	+	160	34859602	30850
chr5	34828752	35028752	harbor2	chr5	34887970	34888204	LTR/ERVL-MaLR	1376	+	117	34888087	59335
chr5	135011164	135211164	harbor2	chr5	135089504	135089870	LTR/ERVL-MaLR	2932	+	183	135089687	78523
chr5	175342628	175542628	harbor2	chr5	175342905	175343260	LTR/ERVL-MaLR	678	+	178	175343083	455
chr5	175342628	175542628	harbor2	chr5	175374337	175374446	LTR/ERVL-MaLR	2240	+	54	175374391	31763
chr5	175342628	175542628	harbor2	chr5	175374892	175375182	LTR/ERVL-MaLR	2240	+	145	175375037	32409
chr5	175342628	175542628	harbor2	chr5	175387493	175387613	LTR/ERVL-MaLR	508	+	60	175387553	44925
chr5	175342628	175542628	harbor2	chr5	175404046	175404478	LTR/ERVL-MaLR	2583	+	216	175404262	61634
chr5	175342628	175542628	harbor2	chr5	175416842	175417305	LTR/ERVL-MaLR	557	+	232	175417074	74446
chr5	175342628	175542628	harbor2	chr5	175421169	175421523	LTR/ERVL-MaLR	2094	+	177	175421346	78718
chr5	123600410	123800410	harbor2	chr5	123639785	123640208	LTR/ERVL-MaLR	1538	+	212	123639997	39587
chr5	132310885	132510885	harbor2	chr5	132354509	132356008	LTR/ERVL-MaLR	9306	+	750	132355259	44374
chr5	132310885	132510885	harbor2	chr5	132356009	132356410	LTR/ERVL-MaLR	2329	+	200	132356209	45324
chr5	73397400	73597400	harbor2	chr5	73463346	73463403	LTR/ERVL-MaLR	1624	+	28	73463374	65974
chr5	73397400	73597400	harbor2	chr5	73463688	73464007	LTR/ERVL-MaLR	1624	+	160	73463848	66448
chr5	73397400	73597400	harbor2	chr5	73476135	73476532	LTR/ERVL-MaLR	832	+	198	73476333	78933
chr5	135008283	135208283	harbor2	chr5	135089504	135089870	LTR/ERVL-MaLR	2932	+	183	135089687	81404
chr5	37742412	37942412	harbor2	chr5	37750545	37750878	LTR/ERVL-MaLR	2185	+	166	37750711	8299
chr5	37742412	37942412	harbor2	chr5	37757285	37757745	LTR/ERVL-MaLR	1595	+	230	37757515	15103
chr5	37742412	37942412	harbor2	chr5	37766238	37766671	LTR/ERVL-MaLR	1655	+	216	37766454	24042
chr5	37742412	37942412	harbor2	chr5	37770149	37770550	LTR/ERVL-MaLR	2047	+	200	37770349	27937
chr5	37742412	37942412	harbor2	chr5	37791863	37792160	LTR/ERVL-MaLR	1567	+	148	37792011	49599
chr5	37742412	37942412	harbor2	chr5	37792430	37792467	LTR/ERVL-MaLR	1567	+	18	37792448	50036
chr5	37742412	37942412	harbor2	chr5	37803293	37803645	LTR/ERVL-MaLR	2282	+	176	37803469	61057
chr5	37742412	37942412	harbor2	chr5	37804632	37805189	LTR/ERVL-MaLR	1686	+	278	37804910	62498
chr5	37742412	37942412	harbor2	chr5	37818206	37818573	LTR/ERVL-MaLR	2545	+	184	37818390	75978
chr5	33908472	34108472	harbor2	chr5	33911435	33911971	LTR/ERVL-MaLR	1329	+	268	33911703	3231
chr5	33908472	34108472	harbor2	chr5	33912348	33912595	LTR/ERVL-MaLR	1225	+	124	33912472	4000
chr5	33908472	34108472	harbor2	chr5	33913014	33913164	LTR/ERVL-MaLR	1225	+	75	33913089	4617
chr5	33908472	34108472	harbor2	chr5	33915795	33916155	LTR/ERVL-MaLR	2496	+	180	33915975	7503
chr5	33908472	34108472	harbor2	chr5	33916156	33916467	LTR/ERVL-MaLR	2036	+	156	33916312	7840
chr5	33908472	34108472	harbor2	chr5	33916441	33916719	LTR/ERVL-MaLR	2211	+	139	33916580	8108
chr5	33908472	34108472	harbor2	chr5	33916722	33917081	LTR/ERVL-MaLR	2585	+	180	33916902	8430
chr5	33908472	34108472	harbor2	chr5	33954908	33955499	LTR/ERVL-MaLR	2336	+	296	33955204	46732
chr5	33908472	34108472	harbor2	chr5	33976930	33977309	LTR/ERVL-MaLR	1533	+	190	33977120	68648
chr5	73351463	73551463	harbor2	chr5	73385130	73385611	LTR/ERVL-MaLR	1527	+	240	73385370	33907
chr5	73351463	73551463	harbor2	chr5	73386037	73386532	LTR/ERVL-MaLR	2454	+	248	73386285	34822
chr5	79274075	79474075	harbor2	chr5	79329925	79330308	LTR/ERVL-MaLR	1478	+	192	79330117	56042
chr5	135435248	135635248	harbor2	chr5	135517497	135517914	LTR/ERVL-MaLR	1236	+	208	135517705	82457
chr5	135435248	135635248	harbor2	chr5	135527510	135527943	LTR/ERVL-MaLR	2641	+	216	135527726	92478
chr5	135435248	135635248	harbor2	chr5	135529627	135529965	LTR/ERVL-MaLR	1835	+	169	135529796	94548
chr5	135021092	135221092	harbor2	chr5	135089504	135089870	LTR/ERVL-MaLR	2932	+	183	135089687	68595
chr5	135833577	136033577	harbor2	chr5	135837507	135837871	LTR/ERVL-MaLR	2419	+	182	135837689	4112
chr5	135833577	136033577	harbor2	chr5	135837872	135839664	LTR/ERVL-MaLR	10056	+	896	135838768	5191
chr5	135833577	136033577	harbor2	chr5	135847428	135847926	LTR/ERVL-MaLR	2090	+	249	135847677	14100
chr5	135833577	136033577	harbor2	chr5	135925353	135925732	LTR/ERVL-MaLR	1102	+	190	135925543	91966
chr5	135833577	136033577	harbor2	chr5	135839665	135840038	LTR/ERVL-MaLR	2361	+	186	135839851	6274
chr5	10454733	10654733	harbor2	chr5	10472360	10472553	LTR/ERVL-MaLR	421	+	96	10472456	17723
chr5	10454733	10654733	harbor2	chr5	10473165	10473624	LTR/ERVL-MaLR	1399	+	230	10473395	18662
chr5	10454733	10654733	harbor2	chr5	10474399	10474770	LTR/ERVL-MaLR	1168	+	186	10474585	19852
chr5	10454733	10654733	harbor2	chr5	10486320	10486447	LTR/ERVL-MaLR	591	+	64	10486384	31651
chr5	10454733	10654733	harbor2	chr5	10486540	10486696	LTR/ERVL-MaLR	426	+	78	10486618	31885
chr5	10454733	10654733	harbor2	chr5	10488132	10488587	LTR/ERVL-MaLR	1675	+	228	10488360	33627
chr5	10454733	10654733	harbor2	chr5	10496861	10497105	LTR/ERVL-MaLR	1154	+	122	10496983	42250
chr5	10454733	10654733	harbor2	chr5	10521834	10522379	LTR/ERVL-MaLR	479	+	272	10522106	67373
chr5	10454733	10654733	harbor2	chr5	10528679	10528849	LTR/ERVL-MaLR	1043	+	85	10528764	74031
chr5	10454733	10654733	harbor2	chr5	10530239	10530496	LTR/ERVL-MaLR	1189	+	128	10530367	75634
chr5	10454733	10654733	harbor2	chr5	10532754	10533188	LTR/ERVL-MaLR	1644	+	217	10532971	78238
chr5	10454733	10654733	harbor2	chr5	10542005	10542135	LTR/ERVL-MaLR	444	+	65	10542070	87337
chr5	73351456	73551456	harbor2	chr5	73385130	73385611	LTR/ERVL-MaLR	1527	+	240	73385370	33914
chr5	73351456	73551456	harbor2	chr5	73386037	73386532	LTR/ERVL-MaLR	2454	+	248	73386285	34829
chr5	52848700	53048700	harbor2	chr5	52900957	52901445	LTR/ERVL-MaLR	1735	+	244	52901201	52501
chr5	52848700	53048700	harbor2	chr5	52927807	52928160	LTR/ERVL-MaLR	1761	+	176	52927983	79283
chr5	150418050	150618050	harbor2	chr5	150467135	150467430	LTR/ERVL-MaLR	1699	+	148	150467283	49233
chr5	73351468	73551468	harbor2	chr5	73385130	73385611	LTR/ERVL-MaLR	1527	+	240	73385370	33902
chr5	73351468	73551468	harbor2	chr5	73386037	73386532	LTR/ERVL-MaLR	2454	+	248	73386285	34817
chr5	373064	573064	harbor2	chr5	386284	386753	LTR/ERVL-MaLR	1590	+	234	386518	13454
chr5	16450508	16650508	harbor2	chr5	16464144	16464504	LTR/ERVL-MaLR	1463	+	180	16464324	13816
chr5	16450508	16650508	harbor2	chr5	16469509	16469903	LTR/ERVL-MaLR	2197	+	197	16469706	19198
chr5	16450508	16650508	harbor2	chr5	16494342	16494758	LTR/ERVL-MaLR	2654	+	208	16494550	44042
chr5	16450508	16650508	harbor2	chr5	16494761	16495622	LTR/ERVL-MaLR	4711	+	430	16495191	44683
chr5	16450508	16650508	harbor2	chr5	16541101	16541346	LTR/ERVL-MaLR	820	+	122	16541223	90715
chr5	16450508	16650508	harbor2	chr5	16548834	16548925	LTR/ERVL-MaLR	574	+	46	16548880	98372
chr5	177922457	178122457	harbor2	chr5	177922730	177923194	LTR/ERVL-MaLR	1414	+	232	177922962	505
chr5	177922457	178122457	harbor2	chr5	177925605	177925951	LTR/ERVL-MaLR	1851	+	173	177925778	3321
chr5	177922457	178122457	harbor2	chr5	177935029	177935365	LTR/ERVL-MaLR	2112	+	168	177935197	12740
chr5	177922457	178122457	harbor2	chr5	178004104	178004228	LTR/ERVL-MaLR	533	+	62	178004166	81709
chr5	177922457	178122457	harbor2	chr5	178004535	178004622	LTR/ERVL-MaLR	533	+	44	178004579	82122
chr5	73351472	73551472	harbor2	chr5	73385130	73385611	LTR/ERVL-MaLR	1527	+	240	73385370	33898
chr5	73351472	73551472	harbor2	chr5	73386037	73386532	LTR/ERVL-MaLR	2454	+	248	73386285	34813
chr5	90417637	90617637	harbor2	chr5	90445034	90445311	LTR/ERVL-MaLR	1490	+	138	90445172	27535
chr5	75136971	75336971	harbor2	chr5	75140497	75140986	LTR/ERVL-MaLR	1372	+	244	75140741	3770
chr5	75136971	75336971	harbor2	chr5	75151309	75151672	LTR/ERVL-MaLR	2511	+	182	75151491	14520
chr5	75136971	75336971	harbor2	chr5	75152917	75153390	LTR/ERVL-MaLR	1954	+	236	75153153	16182
chr5	75136971	75336971	harbor2	chr5	75156468	75156962	LTR/ERVL-MaLR	1469	+	247	75156715	19744
chr5	75136971	75336971	harbor2	chr5	75156963	75157840	LTR/ERVL-MaLR	3225	+	438	75157401	20430
chr5	75136971	75336971	harbor2	chr5	75160671	75161036	LTR/ERVL-MaLR	1865	+	182	75160853	23882
chr5	75136971	75336971	harbor2	chr5	75161037	75162622	LTR/ERVL-MaLR	12263	+	792	75161829	24858
chr5	75136971	75336971	harbor2	chr5	75162625	75162756	LTR/ERVL-MaLR	875	+	66	75162691	25720
chr5	75136971	75336971	harbor2	chr5	75163891	75164410	LTR/ERVL-MaLR	2489	+	260	75164151	27180
chr5	75136971	75336971	harbor2	chr5	75223677	75224081	LTR/ERVL-MaLR	1666	+	202	75223879	86908
chr5	181061884	181261884	harbor2	chr5	181103101	181103475	LTR/ERVL-MaLR	2136	+	187	181103288	41404
chr5	181061884	181261884	harbor2	chr5	181104433	181104638	LTR/ERVL-MaLR	643	+	102	181104535	42651
chr5	181061884	181261884	harbor2	chr5	181136307	181136473	LTR/ERVL-MaLR	836	+	83	181136390	74506
chr5	181061884	181261884	harbor2	chr5	181136466	181136541	LTR/ERVL-MaLR	443	+	38	181136504	74620
chr5	181061884	181261884	harbor2	chr5	181152815	181152983	LTR/ERVL-MaLR	635	+	84	181152899	91015
chr5	141136632	141336632	harbor2	chr5	141139112	141139525	LTR/ERVL-MaLR	2084	+	206	141139318	2686
chr5	141136632	141336632	harbor2	chr5	141167302	141167661	LTR/ERVL-MaLR	887	+	180	141167482	30850
chr5	141136632	141336632	harbor2	chr5	141168653	141168973	LTR/ERVL-MaLR	842	+	160	141168813	32181
chr5	38973892	39173892	harbor2	chr5	38976875	38977388	LTR/ERVL-MaLR	1133	+	256	38977131	3239
chr5	38973892	39173892	harbor2	chr5	38986056	38986399	LTR/ERVL-MaLR	1631	+	172	38986228	12336
chr5	38973892	39173892	harbor2	chr5	39010409	39012014	LTR/ERVL-MaLR	11217	+	802	39011211	37319
chr5	38973892	39173892	harbor2	chr5	39012017	39012464	LTR/ERVL-MaLR	1816	+	224	39012241	38349
chr5	38973892	39173892	harbor2	chr5	39021390	39021815	LTR/ERVL-MaLR	1572	+	212	39021602	47710
chr5	38973892	39173892	harbor2	chr5	39043654	39044026	LTR/ERVL-MaLR	1949	+	186	39043840	69948
chr5	38973892	39173892	harbor2	chr5	39009988	39010406	LTR/ERVL-MaLR	2036	+	209	39010197	36305
chr5	52700057	52900057	harbor2	chr5	52729943	52730320	LTR/ERVL-MaLR	2360	+	188	52730131	30074
chr5	52700057	52900057	harbor2	chr5	52730321	52731878	LTR/ERVL-MaLR	10715	+	778	52731099	31042
chr5	52700057	52900057	harbor2	chr5	52731879	52732259	LTR/ERVL-MaLR	2154	+	190	52732069	32012
chr5	52700057	52900057	harbor2	chr5	52761018	52761380	LTR/ERVL-MaLR	2582	+	181	52761199	61142
chr5	52700057	52900057	harbor2	chr5	52761953	52762334	LTR/ERVL-MaLR	1456	+	190	52762143	62086
chr5	52700057	52900057	harbor2	chr5	52763403	52763763	LTR/ERVL-MaLR	2140	+	180	52763583	63526
chr5	10661141	10861141	harbor2	chr5	10678000	10678459	LTR/ERVL-MaLR	1703	+	230	10678230	17089
chr5	10661141	10861141	harbor2	chr5	10711988	10712339	LTR/ERVL-MaLR	2147	+	176	10712164	51023
chr5	10661141	10861141	harbor2	chr5	10714621	10715043	LTR/ERVL-MaLR	2378	+	211	10714832	53691
chr5	10661141	10861141	harbor2	chr5	10731677	10731849	LTR/ERVL-MaLR	545	+	86	10731763	70622
chr5	10661141	10861141	harbor2	chr5	10735865	10736298	LTR/ERVL-MaLR	1949	+	216	10736081	74940
chr5	10661141	10861141	harbor2	chr5	10737747	10738211	LTR/ERVL-MaLR	2173	+	232	10737979	76838
chr5	10661141	10861141	harbor2	chr5	10751569	10751951	LTR/ERVL-MaLR	1721	+	191	10751760	90619
chr5	10661141	10861141	harbor2	chr5	10755039	10755452	LTR/ERVL-MaLR	1954	+	206	10755245	94104
chr5	135111374	135311374	harbor2	chr5	135132942	135133103	LTR/ERVL-MaLR	465	+	80	135133022	21648
chr5	135111374	135311374	harbor2	chr5	135147713	135148282	LTR/ERVL-MaLR	1021	+	284	135147997	36623
chr5	139862032	140062032	harbor2	chr5	139878126	139878695	LTR/ERVL-MaLR	658	+	284	139878410	16378
chr5	73397918	73597918	harbor2	chr5	73463346	73463403	LTR/ERVL-MaLR	1624	+	28	73463374	65456
chr5	73397918	73597918	harbor2	chr5	73463688	73464007	LTR/ERVL-MaLR	1624	+	160	73463848	65930
chr5	73397918	73597918	harbor2	chr5	73476135	73476532	LTR/ERVL-MaLR	832	+	198	73476333	78415
chr5	37452845	37652845	harbor2	chr5	37492500	37492652	LTR/ERVL-MaLR	698	+	76	37492576	39731
chr5	37452845	37652845	harbor2	chr5	37492650	37493104	LTR/ERVL-MaLR	890	+	227	37492877	40032
chr5	37452845	37652845	harbor2	chr5	37493414	37493720	LTR/ERVL-MaLR	1375	+	153	37493567	40722
chr5	37452845	37652845	harbor2	chr5	37508127	37508464	LTR/ERVL-MaLR	1450	+	168	37508295	55450
chr5	37452845	37652845	harbor2	chr5	37539297	37539610	LTR/ERVL-MaLR	1626	+	156	37539453	86608
chr5	37452845	37652845	harbor2	chr5	37542826	37543328	LTR/ERVL-MaLR	1437	+	251	37543077	90232
chr5	9114713	9314713	harbor2	chr5	9114488	9115736	LTR/ERVL-MaLR	4018	+	624	9115112	399
chr5	9114713	9314713	harbor2	chr5	9115746	9116306	LTR/ERVL-MaLR	1006	+	280	9116026	1313
chr5	9114713	9314713	harbor2	chr5	9128239	9128504	LTR/ERVL-MaLR	619	+	132	9128371	13658
chr5	9114713	9314713	harbor2	chr5	9132286	9132620	LTR/ERVL-MaLR	1052	+	167	9132453	17740
chr5	9114713	9314713	harbor2	chr5	9133840	9134200	LTR/ERVL-MaLR	2016	+	180	9134020	19307
chr5	9114713	9314713	harbor2	chr5	9163594	9163965	LTR/ERVL-MaLR	2050	+	186	9163780	49067
chr5	9114713	9314713	harbor2	chr5	9170461	9170824	LTR/ERVL-MaLR	1598	+	182	9170643	55930
chr5	9114713	9314713	harbor2	chr5	9175930	9176586	LTR/ERVL-MaLR	2236	+	328	9176258	61545
chr5	9114713	9314713	harbor2	chr5	9188005	9188360	LTR/ERVL-MaLR	1620	+	178	9188183	73470
chr5	9114713	9314713	harbor2	chr5	9196183	9196546	LTR/ERVL-MaLR	1023	+	182	9196365	81652
chr5	132104549	132304549	harbor2	chr5	132186087	132186409	LTR/ERVL-MaLR	919	+	161	132186248	81699
chr5	150968283	151168283	harbor2	chr5	150979884	150980284	LTR/ERVL-MaLR	1874	+	200	150980084	11801
chr5	150968283	151168283	harbor2	chr5	150981239	150981379	LTR/ERVL-MaLR	807	+	70	150981309	13026
chr5	150968283	151168283	harbor2	chr5	150981692	150982063	LTR/ERVL-MaLR	807	+	186	150981878	13595
chr5	150968283	151168283	harbor2	chr5	151014088	151014132	LTR/ERVL-MaLR	1558	+	22	151014110	45827
chr5	150968283	151168283	harbor2	chr5	151014421	151014736	LTR/ERVL-MaLR	1558	+	158	151014579	46296
chr5	12213087	12413087	harbor2	chr5	12235543	12235920	LTR/ERVL-MaLR	2185	+	188	12235731	22644
chr5	12213087	12413087	harbor2	chr5	12241584	12241974	LTR/ERVL-MaLR	1035	+	195	12241779	28692
chr5	12213087	12413087	harbor2	chr5	12256274	12256633	LTR/ERVL-MaLR	2096	+	180	12256454	43367
chr5	12213087	12413087	harbor2	chr5	12275261	12275607	LTR/ERVL-MaLR	1440	+	173	12275434	62347
chr5	12213087	12413087	harbor2	chr5	12301472	12301834	LTR/ERVL-MaLR	1749	+	181	12301653	88566
chr5	135980732	136180732	harbor2	chr5	135981456	135981806	LTR/ERVL-MaLR	1566	+	175	135981631	899
chr5	135980732	136180732	harbor2	chr5	135995298	135995698	LTR/ERVL-MaLR	2213	+	200	135995498	14766
chr5	135980732	136180732	harbor2	chr5	135999535	135999707	LTR/ERVL-MaLR	1382	+	86	135999621	18889
chr5	135980732	136180732	harbor2	chr5	135999750	135999966	LTR/ERVL-MaLR	1382	+	108	135999858	19126
chr5	135980732	136180732	harbor2	chr5	136038247	136038434	LTR/ERVL-MaLR	2052	+	94	136038341	57609
chr5	135980732	136180732	harbor2	chr5	136038734	136039014	LTR/ERVL-MaLR	2052	+	140	136038874	58142
chr5	135980732	136180732	harbor2	chr5	136073185	136073624	LTR/ERVL-MaLR	1753	+	220	136073405	92673
chr5	135980732	136180732	harbor2	chr5	136074370	136074723	LTR/ERVL-MaLR	1660	+	176	136074546	93814
chr5	73353308	73553308	harbor2	chr5	73385130	73385611	LTR/ERVL-MaLR	1527	+	240	73385370	32062
chr5	73353308	73553308	harbor2	chr5	73386037	73386532	LTR/ERVL-MaLR	2454	+	248	73386285	32977
chr5	32300332	32500332	harbor2	chr5	32321157	32321237	LTR/ERVL-MaLR	1614	+	40	32321197	20865
chr5	32300332	32500332	harbor2	chr5	32321524	32321662	LTR/ERVL-MaLR	1614	+	69	32321593	21261
chr5	32300332	32500332	harbor2	chr5	32322496	32322578	LTR/ERVL-MaLR	1614	+	41	32322537	22205
chr5	32300332	32500332	harbor2	chr5	32322882	32322961	LTR/ERVL-MaLR	1614	+	40	32322922	22590
chr5	9115133	9315133	harbor2	chr5	9114488	9115736	LTR/ERVL-MaLR	4018	+	624	9115112	21
chr5	9115133	9315133	harbor2	chr5	9115746	9116306	LTR/ERVL-MaLR	1006	+	280	9116026	893
chr5	9115133	9315133	harbor2	chr5	9128239	9128504	LTR/ERVL-MaLR	619	+	132	9128371	13238
chr5	9115133	9315133	harbor2	chr5	9132286	9132620	LTR/ERVL-MaLR	1052	+	167	9132453	17320
chr5	9115133	9315133	harbor2	chr5	9133840	9134200	LTR/ERVL-MaLR	2016	+	180	9134020	18887
chr5	9115133	9315133	harbor2	chr5	9163594	9163965	LTR/ERVL-MaLR	2050	+	186	9163780	48647
chr5	9115133	9315133	harbor2	chr5	9170461	9170824	LTR/ERVL-MaLR	1598	+	182	9170643	55510
chr5	9115133	9315133	harbor2	chr5	9175930	9176586	LTR/ERVL-MaLR	2236	+	328	9176258	61125
chr5	9115133	9315133	harbor2	chr5	9188005	9188360	LTR/ERVL-MaLR	1620	+	178	9188183	73050
chr5	9115133	9315133	harbor2	chr5	9196183	9196546	LTR/ERVL-MaLR	1023	+	182	9196365	81232
chr5	52700041	52900041	harbor2	chr5	52729943	52730320	LTR/ERVL-MaLR	2360	+	188	52730131	30090
chr5	52700041	52900041	harbor2	chr5	52730321	52731878	LTR/ERVL-MaLR	10715	+	778	52731099	31058
chr5	52700041	52900041	harbor2	chr5	52731879	52732259	LTR/ERVL-MaLR	2154	+	190	52732069	32028
chr5	52700041	52900041	harbor2	chr5	52761018	52761380	LTR/ERVL-MaLR	2582	+	181	52761199	61158
chr5	52700041	52900041	harbor2	chr5	52761953	52762334	LTR/ERVL-MaLR	1456	+	190	52762143	62102
chr5	52700041	52900041	harbor2	chr5	52763403	52763763	LTR/ERVL-MaLR	2140	+	180	52763583	63542
chr5	10184413	10384413	harbor2	chr5	10193236	10193320	LTR/ERVL-MaLR	1837	+	42	10193278	8865
chr5	10184413	10384413	harbor2	chr5	10193622	10194034	LTR/ERVL-MaLR	1837	+	206	10193828	9415
chr5	10184413	10384413	harbor2	chr5	10211648	10212016	LTR/ERVL-MaLR	2336	+	184	10211832	27419
chr5	10184413	10384413	harbor2	chr5	10218154	10218262	LTR/ERVL-MaLR	720	+	54	10218208	33795
chr5	10184413	10384413	harbor2	chr5	10237389	10237750	LTR/ERVL-MaLR	2257	+	180	10237569	53156
chr5	10184413	10384413	harbor2	chr5	10269674	10269904	LTR/ERVL-MaLR	1805	+	115	10269789	85376
chr5	10184413	10384413	harbor2	chr5	10270203	10270558	LTR/ERVL-MaLR	1805	+	178	10270381	85968
chr5	9114912	9314912	harbor2	chr5	9114488	9115736	LTR/ERVL-MaLR	4018	+	624	9115112	200
chr5	9114912	9314912	harbor2	chr5	9115746	9116306	LTR/ERVL-MaLR	1006	+	280	9116026	1114
chr5	9114912	9314912	harbor2	chr5	9128239	9128504	LTR/ERVL-MaLR	619	+	132	9128371	13459
chr5	9114912	9314912	harbor2	chr5	9132286	9132620	LTR/ERVL-MaLR	1052	+	167	9132453	17541
chr5	9114912	9314912	harbor2	chr5	9133840	9134200	LTR/ERVL-MaLR	2016	+	180	9134020	19108
chr5	9114912	9314912	harbor2	chr5	9163594	9163965	LTR/ERVL-MaLR	2050	+	186	9163780	48868
chr5	9114912	9314912	harbor2	chr5	9170461	9170824	LTR/ERVL-MaLR	1598	+	182	9170643	55731
chr5	9114912	9314912	harbor2	chr5	9175930	9176586	LTR/ERVL-MaLR	2236	+	328	9176258	61346
chr5	9114912	9314912	harbor2	chr5	9188005	9188360	LTR/ERVL-MaLR	1620	+	178	9188183	73271
chr5	9114912	9314912	harbor2	chr5	9196183	9196546	LTR/ERVL-MaLR	1023	+	182	9196365	81453
chr5	93480280	93680280	harbor2	chr5	93536768	93537133	LTR/ERVL-MaLR	2368	+	182	93536950	56670
chr5	93480280	93680280	harbor2	chr5	93556466	93556903	LTR/ERVL-MaLR	2263	+	218	93556684	76404
chr5	73354658	73554658	harbor2	chr5	73385130	73385611	LTR/ERVL-MaLR	1527	+	240	73385370	30712
chr5	73354658	73554658	harbor2	chr5	73386037	73386532	LTR/ERVL-MaLR	2454	+	248	73386285	31627
chr5	149752251	149952251	harbor2	chr5	149815165	149815540	LTR/ERVL-MaLR	1732	+	188	149815353	63102
chr5	9114251	9314251	harbor2	chr5	9114488	9115736	LTR/ERVL-MaLR	4018	+	624	9115112	861
chr5	9114251	9314251	harbor2	chr5	9115746	9116306	LTR/ERVL-MaLR	1006	+	280	9116026	1775
chr5	9114251	9314251	harbor2	chr5	9128239	9128504	LTR/ERVL-MaLR	619	+	132	9128371	14120
chr5	9114251	9314251	harbor2	chr5	9132286	9132620	LTR/ERVL-MaLR	1052	+	167	9132453	18202
chr5	9114251	9314251	harbor2	chr5	9133840	9134200	LTR/ERVL-MaLR	2016	+	180	9134020	19769
chr5	9114251	9314251	harbor2	chr5	9163594	9163965	LTR/ERVL-MaLR	2050	+	186	9163780	49529
chr5	9114251	9314251	harbor2	chr5	9170461	9170824	LTR/ERVL-MaLR	1598	+	182	9170643	56392
chr5	9114251	9314251	harbor2	chr5	9175930	9176586	LTR/ERVL-MaLR	2236	+	328	9176258	62007
chr5	9114251	9314251	harbor2	chr5	9188005	9188360	LTR/ERVL-MaLR	1620	+	178	9188183	73932
chr5	9114251	9314251	harbor2	chr5	9196183	9196546	LTR/ERVL-MaLR	1023	+	182	9196365	82114
chr5	130296604	130496604	harbor2	chr5	130325751	130326085	LTR/ERVL-MaLR	539	+	167	130325918	29314
chr5	130296604	130496604	harbor2	chr5	130329031	130329420	LTR/ERVL-MaLR	2101	+	194	130329225	32621
chr5	130296604	130496604	harbor2	chr5	130329421	130330954	LTR/ERVL-MaLR	10541	+	766	130330187	33583
chr5	130296604	130496604	harbor2	chr5	130331253	130331329	LTR/ERVL-MaLR	10541	+	38	130331291	34687
chr5	130296604	130496604	harbor2	chr5	130331335	130331719	LTR/ERVL-MaLR	2081	+	192	130331527	34923
chr5	130296604	130496604	harbor2	chr5	130373845	130374022	LTR/ERVL-MaLR	1687	+	88	130373933	77329
chr5	130296604	130496604	harbor2	chr5	130374462	130374626	LTR/ERVL-MaLR	1687	+	82	130374544	77940
chr5	9114268	9314268	harbor2	chr5	9114488	9115736	LTR/ERVL-MaLR	4018	+	624	9115112	844
chr5	9114268	9314268	harbor2	chr5	9115746	9116306	LTR/ERVL-MaLR	1006	+	280	9116026	1758
chr5	9114268	9314268	harbor2	chr5	9128239	9128504	LTR/ERVL-MaLR	619	+	132	9128371	14103
chr5	9114268	9314268	harbor2	chr5	9132286	9132620	LTR/ERVL-MaLR	1052	+	167	9132453	18185
chr5	9114268	9314268	harbor2	chr5	9133840	9134200	LTR/ERVL-MaLR	2016	+	180	9134020	19752
chr5	9114268	9314268	harbor2	chr5	9163594	9163965	LTR/ERVL-MaLR	2050	+	186	9163780	49512
chr5	9114268	9314268	harbor2	chr5	9170461	9170824	LTR/ERVL-MaLR	1598	+	182	9170643	56375
chr5	9114268	9314268	harbor2	chr5	9175930	9176586	LTR/ERVL-MaLR	2236	+	328	9176258	61990
chr5	9114268	9314268	harbor2	chr5	9188005	9188360	LTR/ERVL-MaLR	1620	+	178	9188183	73915
chr5	9114268	9314268	harbor2	chr5	9196183	9196546	LTR/ERVL-MaLR	1023	+	182	9196365	82097
chr5	153994567	154194567	harbor2	chr5	153998323	153998716	LTR/ERVL-MaLR	1534	+	196	153998519	3952
chr5	153994567	154194567	harbor2	chr5	153998718	153998818	LTR/ERVL-MaLR	655	+	50	153998768	4201
chr5	153994567	154194567	harbor2	chr5	154005179	154005749	LTR/ERVL-MaLR	1404	+	285	154005464	10897
chr5	153994567	154194567	harbor2	chr5	154082768	154082896	LTR/ERVL-MaLR	517	+	64	154082832	88265
chr5	153994567	154194567	harbor2	chr5	154083385	154083432	LTR/ERVL-MaLR	517	+	24	154083409	88842
chr5	153994567	154194567	harbor2	chr5	154091904	154092229	LTR/ERVL-MaLR	1495	+	162	154092066	97499
chr5	153994567	154194567	harbor2	chr5	154092629	154092791	LTR/ERVL-MaLR	1057	+	81	154092710	98143
chr5	78345454	78545454	harbor2	chr5	78350303	78350584	LTR/ERVL-MaLR	1284	+	140	78350443	4989
chr5	78345454	78545454	harbor2	chr5	78351151	78351505	LTR/ERVL-MaLR	1787	+	177	78351328	5874
chr5	78345454	78545454	harbor2	chr5	78357043	78357446	LTR/ERVL-MaLR	1511	+	202	78357245	11791
chr5	75136972	75336972	harbor2	chr5	75140497	75140986	LTR/ERVL-MaLR	1372	+	244	75140741	3769
chr5	75136972	75336972	harbor2	chr5	75151309	75151672	LTR/ERVL-MaLR	2511	+	182	75151491	14519
chr5	75136972	75336972	harbor2	chr5	75152917	75153390	LTR/ERVL-MaLR	1954	+	236	75153153	16181
chr5	75136972	75336972	harbor2	chr5	75156468	75156962	LTR/ERVL-MaLR	1469	+	247	75156715	19743
chr5	75136972	75336972	harbor2	chr5	75156963	75157840	LTR/ERVL-MaLR	3225	+	438	75157401	20429
chr5	75136972	75336972	harbor2	chr5	75160671	75161036	LTR/ERVL-MaLR	1865	+	182	75160853	23881
chr5	75136972	75336972	harbor2	chr5	75161037	75162622	LTR/ERVL-MaLR	12263	+	792	75161829	24857
chr5	75136972	75336972	harbor2	chr5	75162625	75162756	LTR/ERVL-MaLR	875	+	66	75162691	25719
chr5	75136972	75336972	harbor2	chr5	75163891	75164410	LTR/ERVL-MaLR	2489	+	260	75164151	27179
chr5	75136972	75336972	harbor2	chr5	75223677	75224081	LTR/ERVL-MaLR	1666	+	202	75223879	86907
chr5	73351454	73551454	harbor2	chr5	73385130	73385611	LTR/ERVL-MaLR	1527	+	240	73385370	33916
chr5	73351454	73551454	harbor2	chr5	73386037	73386532	LTR/ERVL-MaLR	2454	+	248	73386285	34831
chr5	181070052	181270052	harbor2	chr5	181103101	181103475	LTR/ERVL-MaLR	2136	+	187	181103288	33236
chr5	181070052	181270052	harbor2	chr5	181104433	181104638	LTR/ERVL-MaLR	643	+	102	181104535	34483
chr5	181070052	181270052	harbor2	chr5	181136307	181136473	LTR/ERVL-MaLR	836	+	83	181136390	66338
chr5	181070052	181270052	harbor2	chr5	181136466	181136541	LTR/ERVL-MaLR	443	+	38	181136504	66452
chr5	181070052	181270052	harbor2	chr5	181152815	181152983	LTR/ERVL-MaLR	635	+	84	181152899	82847
chr5	181070052	181270052	harbor2	chr5	181162638	181162860	LTR/ERVL-MaLR	885	+	111	181162749	92697
chr5	11986337	12186337	harbor2	chr5	11985911	11986403	LTR/ERVL-MaLR	824	+	246	11986157	180
chr5	11986337	12186337	harbor2	chr5	12010440	12010667	LTR/ERVL-MaLR	444	+	114	12010554	24217
chr5	11986337	12186337	harbor2	chr5	12012411	12012775	LTR/ERVL-MaLR	1718	+	182	12012593	26256
chr5	11986337	12186337	harbor2	chr5	12030100	12030502	LTR/ERVL-MaLR	2137	+	201	12030301	43964
chr5	11986337	12186337	harbor2	chr5	12030503	12031880	LTR/ERVL-MaLR	8086	+	688	12031191	44854
chr5	11986337	12186337	harbor2	chr5	12032184	12032419	LTR/ERVL-MaLR	8086	+	118	12032302	45965
chr5	11986337	12186337	harbor2	chr5	12032425	12032788	LTR/ERVL-MaLR	2213	+	182	12032607	46270
chr5	11986337	12186337	harbor2	chr5	12043660	12044011	LTR/ERVL-MaLR	1779	+	176	12043836	57499
chr5	11986337	12186337	harbor2	chr5	12048573	12048868	LTR/ERVL-MaLR	1933	+	148	12048721	62384
chr5	11986337	12186337	harbor2	chr5	12049176	12049250	LTR/ERVL-MaLR	1933	+	37	12049213	62876
chr5	11986337	12186337	harbor2	chr5	12052529	12052942	LTR/ERVL-MaLR	1128	+	206	12052735	66398
chr5	11986337	12186337	harbor2	chr5	12053124	12053188	LTR/ERVL-MaLR	1128	+	32	12053156	66819
chr5	93480288	93680288	harbor2	chr5	93536768	93537133	LTR/ERVL-MaLR	2368	+	182	93536950	56662
chr5	93480288	93680288	harbor2	chr5	93556466	93556903	LTR/ERVL-MaLR	2263	+	218	93556684	76396
chr5	164861844	165061844	harbor2	chr5	164878764	164879043	LTR/ERVL-MaLR	814	+	140	164878904	17060
chr5	164861844	165061844	harbor2	chr5	164879042	164879076	LTR/ERVL-MaLR	520	+	17	164879059	17215
chr5	164861844	165061844	harbor2	chr5	164879565	164879643	LTR/ERVL-MaLR	520	+	39	164879604	17760
chr5	164861844	165061844	harbor2	chr5	164884383	164884849	LTR/ERVL-MaLR	1989	+	233	164884616	22772
chr5	6526022	6726022	harbor2	chr5	6543768	6543949	LTR/ERVL-MaLR	890	+	90	6543858	17836
chr5	6526022	6726022	harbor2	chr5	6544507	6544938	LTR/ERVL-MaLR	1141	+	216	6544723	18701
chr5	6526022	6726022	harbor2	chr5	6548155	6548512	LTR/ERVL-MaLR	2277	+	178	6548333	22311
chr5	6526022	6726022	harbor2	chr5	6558222	6558612	LTR/ERVL-MaLR	858	+	195	6558417	32395
chr5	6526022	6726022	harbor2	chr5	6562308	6562705	LTR/ERVL-MaLR	2479	+	198	6562506	36484
chr5	6526022	6726022	harbor2	chr5	6585012	6585415	LTR/ERVL-MaLR	1318	+	202	6585214	59192
chr5	6526022	6726022	harbor2	chr5	6594916	6595250	LTR/ERVL-MaLR	2383	+	167	6595083	69061
chr5	150967168	151167168	harbor2	chr5	150979884	150980284	LTR/ERVL-MaLR	1874	+	200	150980084	12916
chr5	150967168	151167168	harbor2	chr5	150981239	150981379	LTR/ERVL-MaLR	807	+	70	150981309	14141
chr5	150967168	151167168	harbor2	chr5	150981692	150982063	LTR/ERVL-MaLR	807	+	186	150981878	14710
chr5	150967168	151167168	harbor2	chr5	151014088	151014132	LTR/ERVL-MaLR	1558	+	22	151014110	46942
chr5	150967168	151167168	harbor2	chr5	151014421	151014736	LTR/ERVL-MaLR	1558	+	158	151014579	47411
chr5	10661088	10861088	harbor2	chr5	10678000	10678459	LTR/ERVL-MaLR	1703	+	230	10678230	17142
chr5	10661088	10861088	harbor2	chr5	10711988	10712339	LTR/ERVL-MaLR	2147	+	176	10712164	51076
chr5	10661088	10861088	harbor2	chr5	10714621	10715043	LTR/ERVL-MaLR	2378	+	211	10714832	53744
chr5	10661088	10861088	harbor2	chr5	10731677	10731849	LTR/ERVL-MaLR	545	+	86	10731763	70675
chr5	10661088	10861088	harbor2	chr5	10735865	10736298	LTR/ERVL-MaLR	1949	+	216	10736081	74993
chr5	10661088	10861088	harbor2	chr5	10737747	10738211	LTR/ERVL-MaLR	2173	+	232	10737979	76891
chr5	10661088	10861088	harbor2	chr5	10751569	10751951	LTR/ERVL-MaLR	1721	+	191	10751760	90672
chr5	10661088	10861088	harbor2	chr5	10755039	10755452	LTR/ERVL-MaLR	1954	+	206	10755245	94157
chr5	170686109	170886109	harbor2	chr5	170734855	170735078	LTR/ERVL-MaLR	1036	+	112	170734967	48858
chr5	170686109	170886109	harbor2	chr5	170739616	170740037	LTR/ERVL-MaLR	2046	+	210	170739826	53717
chr5	2004592	2204592	harbor2	chr5	2014021	2014230	LTR/ERVL-MaLR	774	+	104	2014125	9533
chr5	2004592	2204592	harbor2	chr5	2016963	2017127	LTR/ERVL-MaLR	2131	+	82	2017045	12453
chr5	2004592	2204592	harbor2	chr5	2017435	2017619	LTR/ERVL-MaLR	2131	+	92	2017527	12935
chr5	2004592	2204592	harbor2	chr5	2020180	2020540	LTR/ERVL-MaLR	2764	+	180	2020360	15768
chr5	2004592	2204592	harbor2	chr5	2028121	2028527	LTR/ERVL-MaLR	2473	+	203	2028324	23732
chr5	2004592	2204592	harbor2	chr5	2044386	2044705	LTR/ERVL-MaLR	997	+	160	2044546	39954
chr5	2004592	2204592	harbor2	chr5	2064993	2065353	LTR/ERVL-MaLR	1971	+	180	2065173	60581
chr5	2004592	2204592	harbor2	chr5	2068138	2068541	LTR/ERVL-MaLR	673	+	202	2068340	63748
chr5	2004592	2204592	harbor2	chr5	2069467	2069815	LTR/ERVL-MaLR	2743	+	174	2069641	65049
chr5	2004592	2204592	harbor2	chr5	2069816	2071376	LTR/ERVL-MaLR	11701	+	780	2070596	66004
chr5	2004592	2204592	harbor2	chr5	2071377	2071728	LTR/ERVL-MaLR	2758	+	176	2071553	66961
chr5	2004592	2204592	harbor2	chr5	2071782	2072213	LTR/ERVL-MaLR	2098	+	216	2071998	67406
chr5	2004592	2204592	harbor2	chr5	2072214	2073820	LTR/ERVL-MaLR	8776	+	803	2073017	68425
chr5	2004592	2204592	harbor2	chr5	2073827	2074200	LTR/ERVL-MaLR	2013	+	186	2074013	69421
chr5	2004592	2204592	harbor2	chr5	2077807	2077973	LTR/ERVL-MaLR	420	+	83	2077890	73298
chr5	2004592	2204592	harbor2	chr5	2078015	2078210	LTR/ERVL-MaLR	443	+	98	2078113	73521
chr5	2004592	2204592	harbor2	chr5	2078978	2079198	LTR/ERVL-MaLR	1960	+	110	2079088	74496
chr5	2004592	2204592	harbor2	chr5	2079509	2079652	LTR/ERVL-MaLR	1960	+	72	2079581	74989
chr5	99806980	100006980	harbor2	chr5	99835375	99835789	LTR/ERVL-MaLR	2189	+	207	99835582	28602
chr5	99806980	100006980	harbor2	chr5	99835788	99836560	LTR/ERVL-MaLR	4740	+	386	99836174	29194
chr5	99806980	100006980	harbor2	chr5	99836561	99836976	LTR/ERVL-MaLR	2146	+	208	99836769	29789
chr5	99806980	100006980	harbor2	chr5	99866659	99867192	LTR/ERVL-MaLR	524	+	266	99866925	59945
chr5	99806980	100006980	harbor2	chr5	99888315	99888658	LTR/ERVL-MaLR	2068	+	172	99888487	81507
chr5	99806980	100006980	harbor2	chr5	99901720	99902307	LTR/ERVL-MaLR	1413	+	294	99902014	95034
chr5	99806980	100006980	harbor2	chr5	99903420	99903787	LTR/ERVL-MaLR	1700	+	184	99903604	96624
chr5	99806980	100006980	harbor2	chr5	99904374	99904799	LTR/ERVL-MaLR	532	+	212	99904586	97606
chr5	132110718	132310718	harbor2	chr5	132186087	132186409	LTR/ERVL-MaLR	919	+	161	132186248	75530
chr5	151640401	151840401	harbor2	chr5	151717997	151718249	LTR/ERVL-MaLR	574	+	126	151718123	77722
chr5	151640401	151840401	harbor2	chr5	151721915	151722372	LTR/ERVL-MaLR	1262	+	228	151722143	81742
chr5	151640401	151840401	harbor2	chr5	151715741	151716197	LTR/ERVL-MaLR	1256	+	228	151715969	75568
chr5	73351410	73551410	harbor2	chr5	73385130	73385611	LTR/ERVL-MaLR	1527	+	240	73385370	33960
chr5	73351410	73551410	harbor2	chr5	73386037	73386532	LTR/ERVL-MaLR	2454	+	248	73386285	34875
chr5	143870685	144070685	harbor2	chr5	143930263	143930421	LTR/ERVL-MaLR	860	+	79	143930342	59657
chr5	143870685	144070685	harbor2	chr5	143930792	143931012	LTR/ERVL-MaLR	1015	+	110	143930902	60217
chr5	143870685	144070685	harbor2	chr5	143940467	143940948	LTR/ERVL-MaLR	1972	+	240	143940707	70022
chr5	143870685	144070685	harbor2	chr5	143962683	143962917	LTR/ERVL-MaLR	946	+	117	143962800	92115
chr5	135980728	136180728	harbor2	chr5	135981456	135981806	LTR/ERVL-MaLR	1566	+	175	135981631	903
chr5	135980728	136180728	harbor2	chr5	135995298	135995698	LTR/ERVL-MaLR	2213	+	200	135995498	14770
chr5	135980728	136180728	harbor2	chr5	135999535	135999707	LTR/ERVL-MaLR	1382	+	86	135999621	18893
chr5	135980728	136180728	harbor2	chr5	135999750	135999966	LTR/ERVL-MaLR	1382	+	108	135999858	19130
chr5	135980728	136180728	harbor2	chr5	136038247	136038434	LTR/ERVL-MaLR	2052	+	94	136038341	57613
chr5	135980728	136180728	harbor2	chr5	136038734	136039014	LTR/ERVL-MaLR	2052	+	140	136038874	58146
chr5	135980728	136180728	harbor2	chr5	136073185	136073624	LTR/ERVL-MaLR	1753	+	220	136073405	92677
chr5	135980728	136180728	harbor2	chr5	136074370	136074723	LTR/ERVL-MaLR	1660	+	176	136074546	93818
chr5	135359105	135559105	harbor2	chr5	135365888	135366249	LTR/ERVL-MaLR	2143	+	180	135366068	6963
chr5	93492549	93692549	harbor2	chr5	93536768	93537133	LTR/ERVL-MaLR	2368	+	182	93536950	44401
chr5	93492549	93692549	harbor2	chr5	93556466	93556903	LTR/ERVL-MaLR	2263	+	218	93556684	64135
chr5	9114687	9314687	harbor2	chr5	9114488	9115736	LTR/ERVL-MaLR	4018	+	624	9115112	425
chr5	9114687	9314687	harbor2	chr5	9115746	9116306	LTR/ERVL-MaLR	1006	+	280	9116026	1339
chr5	9114687	9314687	harbor2	chr5	9128239	9128504	LTR/ERVL-MaLR	619	+	132	9128371	13684
chr5	9114687	9314687	harbor2	chr5	9132286	9132620	LTR/ERVL-MaLR	1052	+	167	9132453	17766
chr5	9114687	9314687	harbor2	chr5	9133840	9134200	LTR/ERVL-MaLR	2016	+	180	9134020	19333
chr5	9114687	9314687	harbor2	chr5	9163594	9163965	LTR/ERVL-MaLR	2050	+	186	9163780	49093
chr5	9114687	9314687	harbor2	chr5	9170461	9170824	LTR/ERVL-MaLR	1598	+	182	9170643	55956
chr5	9114687	9314687	harbor2	chr5	9175930	9176586	LTR/ERVL-MaLR	2236	+	328	9176258	61571
chr5	9114687	9314687	harbor2	chr5	9188005	9188360	LTR/ERVL-MaLR	1620	+	178	9188183	73496
chr5	9114687	9314687	harbor2	chr5	9196183	9196546	LTR/ERVL-MaLR	1023	+	182	9196365	81678
chr5	179720825	179920825	harbor2	chr5	179787793	179787908	LTR/ERVL-MaLR	716	+	58	179787851	67026
chr5	179720825	179920825	harbor2	chr5	179789401	179789588	LTR/ERVL-MaLR	906	+	94	179789495	68670
chr5	79955999	80155999	harbor2	chr5	79958681	79959034	LTR/ERVL-MaLR	2081	+	176	79958857	2858
chr5	79955999	80155999	harbor2	chr5	79998132	79998507	LTR/ERVL-MaLR	2179	+	188	79998320	42321
chr5	79955999	80155999	harbor2	chr5	80006208	80006554	LTR/ERVL-MaLR	1976	+	173	80006381	50382
chr5	79955999	80155999	harbor2	chr5	80010974	80011327	LTR/ERVL-MaLR	2469	+	176	80011150	55151
chr5	79955999	80155999	harbor2	chr5	80027198	80027390	LTR/ERVL-MaLR	609	+	96	80027294	71295
chr5	78451235	78651235	harbor2	chr5	78513552	78513909	LTR/ERVL-MaLR	2287	+	178	78513730	62495
chr5	78451235	78651235	harbor2	chr5	78531676	78531769	LTR/ERVL-MaLR	497	+	46	78531722	80487
chr5	78451235	78651235	harbor2	chr5	78532355	78532613	LTR/ERVL-MaLR	497	+	129	78532484	81249
chr5	78451235	78651235	harbor2	chr5	78539007	78539371	LTR/ERVL-MaLR	1688	+	182	78539189	87954
chr5	32176705	32376705	harbor2	chr5	32181343	32181556	LTR/ERVL-MaLR	1502	+	106	32181449	4744
chr5	32176705	32376705	harbor2	chr5	32181866	32182032	LTR/ERVL-MaLR	2060	+	83	32181949	5244
chr5	32176705	32376705	harbor2	chr5	32182320	32182369	LTR/ERVL-MaLR	2060	+	24	32182344	5639
chr5	32176705	32376705	harbor2	chr5	32182370	32182424	LTR/ERVL-MaLR	1782	+	27	32182397	5692
chr5	32176705	32376705	harbor2	chr5	32182743	32183092	LTR/ERVL-MaLR	1782	+	174	32182917	6212
chr5	32176705	32376705	harbor2	chr5	32183093	32183498	LTR/ERVL-MaLR	2060	+	202	32183295	6590
chr5	32176705	32376705	harbor2	chr5	32185330	32185529	LTR/ERVL-MaLR	2363	+	100	32185430	8725
chr5	32176705	32376705	harbor2	chr5	32185845	32186051	LTR/ERVL-MaLR	2363	+	103	32185948	9243
chr5	19259135	19459135	harbor2	chr5	19259949	19260328	LTR/ERVL-MaLR	2444	+	190	19260139	1004
chr5	19259135	19459135	harbor2	chr5	19260329	19261858	LTR/ERVL-MaLR	9917	+	764	19261093	1958
chr5	19259135	19459135	harbor2	chr5	19261859	19262233	LTR/ERVL-MaLR	2401	+	187	19262046	2911
chr5	19259135	19459135	harbor2	chr5	19271459	19272044	LTR/ERVL-MaLR	1129	+	292	19271751	12616
chr5	19259135	19459135	harbor2	chr5	19274802	19275122	LTR/ERVL-MaLR	1213	+	160	19274962	15827
chr5	19259135	19459135	harbor2	chr5	19275282	19275661	LTR/ERVL-MaLR	1771	+	190	19275472	16337
chr5	19259135	19459135	harbor2	chr5	19275664	19276258	LTR/ERVL-MaLR	7889	+	297	19275961	16826
chr5	19259135	19459135	harbor2	chr5	19276557	19277694	LTR/ERVL-MaLR	7889	+	568	19277125	17990
chr5	19259135	19459135	harbor2	chr5	19277695	19278092	LTR/ERVL-MaLR	2004	+	198	19277893	18758
chr5	19259135	19459135	harbor2	chr5	19328082	19328135	LTR/ERVL-MaLR	427	+	26	19328108	68973
chr5	19259135	19459135	harbor2	chr5	19334980	19335327	LTR/ERVL-MaLR	1198	+	174	19335154	76019
chr5	19259135	19459135	harbor2	chr5	19341493	19341989	LTR/ERVL-MaLR	781	+	248	19341741	82606
chr5	19259135	19459135	harbor2	chr5	19348896	19349311	LTR/ERVL-MaLR	862	+	208	19349104	89969
chr5	19259135	19459135	harbor2	chr5	19357568	19357961	LTR/ERVL-MaLR	2269	+	196	19357764	98629
chr5	138855190	139055190	harbor2	chr5	138897982	138898380	LTR/ERVL-MaLR	2116	+	199	138898181	42991
chr5	138855190	139055190	harbor2	chr5	138911306	138911782	LTR/ERVL-MaLR	2213	+	238	138911544	56354
chr5	138855190	139055190	harbor2	chr5	138941929	138942427	LTR/ERVL-MaLR	1637	+	249	138942178	86988
chr5	138855190	139055190	harbor2	chr5	138948720	138949061	LTR/ERVL-MaLR	710	+	170	138948890	93700
chr5	107321099	107521099	harbor2	chr5	107392160	107392666	LTR/ERVL-MaLR	1733	+	253	107392413	71314
chr5	138834064	139034064	harbor2	chr5	138897982	138898380	LTR/ERVL-MaLR	2116	+	199	138898181	64117
chr5	138834064	139034064	harbor2	chr5	138911306	138911782	LTR/ERVL-MaLR	2213	+	238	138911544	77480
chr6	139488408	139688408	harbor2	chr6	139526606	139526986	LTR/ERVL-MaLR	1906	+	190	139526796	38388
chr6	139488408	139688408	harbor2	chr6	139536225	139536713	LTR/ERVL-MaLR	655	+	244	139536469	48061
chr6	139488408	139688408	harbor2	chr6	139553797	139554242	LTR/ERVL-MaLR	1484	+	222	139554019	65611
chr6	139488408	139688408	harbor2	chr6	139571022	139571088	LTR/ERVL-MaLR	2581	+	33	139571055	82647
chr6	139488408	139688408	harbor2	chr6	139571948	139572347	LTR/ERVL-MaLR	2581	+	200	139572148	83740
chr6	139488408	139688408	harbor2	chr6	139575072	139575438	LTR/ERVL-MaLR	1896	+	183	139575255	86847
chr6	105490329	105690329	harbor2	chr6	105516288	105516572	LTR/ERVL-MaLR	954	+	142	105516430	26101
chr6	105490329	105690329	harbor2	chr6	105562518	105562992	LTR/ERVL-MaLR	1500	+	237	105562755	72426
chr6	105490329	105690329	harbor2	chr6	105583761	105584106	LTR/ERVL-MaLR	1430	+	172	105583933	93604
chr6	105490329	105690329	harbor2	chr6	105584421	105584966	LTR/ERVL-MaLR	2199	+	272	105584693	94364
chr6	139785813	139985813	harbor2	chr6	139796983	139797162	LTR/ERVL-MaLR	2192	+	90	139797073	11260
chr6	139785813	139985813	harbor2	chr6	139797456	139797714	LTR/ERVL-MaLR	2192	+	129	139797585	11772
chr6	139785813	139985813	harbor2	chr6	139838739	139839091	LTR/ERVL-MaLR	2233	+	176	139838915	53102
chr6	139785813	139985813	harbor2	chr6	139860047	139860523	LTR/ERVL-MaLR	1168	+	238	139860285	74472
chr6	139785813	139985813	harbor2	chr6	139864582	139864956	LTR/ERVL-MaLR	2218	+	187	139864769	78956
chr6	139785813	139985813	harbor2	chr6	139865251	139865291	LTR/ERVL-MaLR	2218	+	20	139865271	79458
chr6	139785813	139985813	harbor2	chr6	139875793	139876188	LTR/ERVL-MaLR	2452	+	198	139875991	90178
chr6	139275435	139475435	harbor2	chr6	139292930	139293097	LTR/ERVL-MaLR	1843	+	84	139293014	17579
chr6	139275435	139475435	harbor2	chr6	139293390	139293676	LTR/ERVL-MaLR	1843	+	143	139293533	18098
chr6	139275435	139475435	harbor2	chr6	139294408	139294707	LTR/ERVL-MaLR	1885	+	150	139294558	19123
chr6	139275435	139475435	harbor2	chr6	139295002	139295058	LTR/ERVL-MaLR	1885	+	28	139295030	19595
chr6	139275435	139475435	harbor2	chr6	139298726	139299131	LTR/ERVL-MaLR	1974	+	202	139298928	23493
chr6	139275435	139475435	harbor2	chr6	139321167	139321532	LTR/ERVL-MaLR	2142	+	182	139321349	45914
chr6	139275435	139475435	harbor2	chr6	139333162	139333302	LTR/ERVL-MaLR	1348	+	70	139333232	57797
chr6	139275435	139475435	harbor2	chr6	139333595	139333823	LTR/ERVL-MaLR	1348	+	114	139333709	58274
chr6	139275435	139475435	harbor2	chr6	139358600	139358929	LTR/ERVL-MaLR	1756	+	164	139358764	83329
chr6	139275435	139475435	harbor2	chr6	139360830	139361023	LTR/ERVL-MaLR	634	+	96	139360926	85491
chr6	127168513	127368513	harbor2	chr6	127223966	127224335	LTR/ERVL-MaLR	2492	+	184	127224150	55637
chr6	111987608	112187608	harbor2	chr6	112001605	112001956	LTR/ERVL-MaLR	2278	+	176	112001781	14173
chr6	111987608	112187608	harbor2	chr6	112009723	112010100	LTR/ERVL-MaLR	2034	+	188	112009911	22303
chr6	111987608	112187608	harbor2	chr6	112023677	112024155	LTR/ERVL-MaLR	1853	+	239	112023916	36308
chr6	166899020	167099020	harbor2	chr6	166951883	166952324	LTR/ERVL-MaLR	1421	+	220	166952103	53083
chr6	166899020	167099020	harbor2	chr6	166970690	166971156	LTR/ERVL-MaLR	765	+	233	166970923	71903
chr6	166899020	167099020	harbor2	chr6	166973902	166974247	LTR/ERVL-MaLR	2120	+	172	166974074	75054
chr6	166899020	167099020	harbor2	chr6	166974476	166974557	LTR/ERVL-MaLR	2120	+	40	166974516	75496
chr6	139275444	139475444	harbor2	chr6	139292930	139293097	LTR/ERVL-MaLR	1843	+	84	139293014	17570
chr6	139275444	139475444	harbor2	chr6	139293390	139293676	LTR/ERVL-MaLR	1843	+	143	139293533	18089
chr6	139275444	139475444	harbor2	chr6	139294408	139294707	LTR/ERVL-MaLR	1885	+	150	139294558	19114
chr6	139275444	139475444	harbor2	chr6	139295002	139295058	LTR/ERVL-MaLR	1885	+	28	139295030	19586
chr6	139275444	139475444	harbor2	chr6	139298726	139299131	LTR/ERVL-MaLR	1974	+	202	139298928	23484
chr6	139275444	139475444	harbor2	chr6	139321167	139321532	LTR/ERVL-MaLR	2142	+	182	139321349	45905
chr6	139275444	139475444	harbor2	chr6	139333162	139333302	LTR/ERVL-MaLR	1348	+	70	139333232	57788
chr6	139275444	139475444	harbor2	chr6	139333595	139333823	LTR/ERVL-MaLR	1348	+	114	139333709	58265
chr6	139275444	139475444	harbor2	chr6	139358600	139358929	LTR/ERVL-MaLR	1756	+	164	139358764	83320
chr6	139275444	139475444	harbor2	chr6	139360830	139361023	LTR/ERVL-MaLR	634	+	96	139360926	85482
chr6	124863601	125063601	harbor2	chr6	124865521	124865913	LTR/ERVL-MaLR	1643	+	196	124865717	2116
chr6	124863601	125063601	harbor2	chr6	124874004	124874256	LTR/ERVL-MaLR	1299	+	126	124874130	10529
chr6	124863601	125063601	harbor2	chr6	124885690	124886046	LTR/ERVL-MaLR	1502	+	178	124885868	22267
chr6	124863601	125063601	harbor2	chr6	124904073	124904287	LTR/ERVL-MaLR	1437	+	107	124904180	40579
chr6	124863601	125063601	harbor2	chr6	124913773	124914124	LTR/ERVL-MaLR	1294	+	176	124913949	50348
chr6	124863601	125063601	harbor2	chr6	124917132	124917549	LTR/ERVL-MaLR	2159	+	208	124917340	53739
chr6	124863601	125063601	harbor2	chr6	124923462	124923829	LTR/ERVL-MaLR	1450	+	184	124923646	60045
chr6	124863601	125063601	harbor2	chr6	124930528	124930946	LTR/ERVL-MaLR	2520	+	209	124930737	67136
chr6	124863601	125063601	harbor2	chr6	124949751	124950175	LTR/ERVL-MaLR	1763	+	212	124949963	86362
chr6	124863601	125063601	harbor2	chr6	124950465	124950827	LTR/ERVL-MaLR	2375	+	181	124950646	87045
chr6	11912036	12112036	harbor2	chr6	11917201	11917441	LTR/ERVL-MaLR	558	+	120	11917321	5285
chr6	11912036	12112036	harbor2	chr6	11917757	11917946	LTR/ERVL-MaLR	558	+	94	11917851	5815
chr6	11912036	12112036	harbor2	chr6	11939836	11940161	LTR/ERVL-MaLR	485	+	162	11939998	27962
chr6	11912036	12112036	harbor2	chr6	11949633	11949996	LTR/ERVL-MaLR	1909	+	182	11949815	37779
chr6	11912036	12112036	harbor2	chr6	11964679	11964814	LTR/ERVL-MaLR	766	+	68	11964747	52711
chr6	11912036	12112036	harbor2	chr6	11966340	11966883	LTR/ERVL-MaLR	1555	+	272	11966612	54576
chr6	11912036	12112036	harbor2	chr6	12005891	12006224	LTR/ERVL-MaLR	1335	+	166	12006057	94021
chr6	7639383	7839383	harbor2	chr6	7644716	7644877	LTR/ERVL-MaLR	502	+	80	7644796	5413
chr6	7639383	7839383	harbor2	chr6	7645245	7645639	LTR/ERVL-MaLR	514	+	197	7645442	6059
chr6	7639383	7839383	harbor2	chr6	7645844	7646205	LTR/ERVL-MaLR	614	+	180	7646024	6641
chr6	7639383	7839383	harbor2	chr6	7667772	7667904	LTR/ERVL-MaLR	459	+	66	7667838	28455
chr6	7639383	7839383	harbor2	chr6	7668682	7668918	LTR/ERVL-MaLR	1409	+	118	7668800	29417
chr6	7639383	7839383	harbor2	chr6	7704487	7704811	LTR/ERVL-MaLR	1610	+	162	7704649	65266
chr6	7639383	7839383	harbor2	chr6	7705132	7705174	LTR/ERVL-MaLR	1610	+	21	7705153	65770
chr6	105895039	106095039	harbor2	chr6	105898804	105899244	LTR/ERVL-MaLR	1272	+	220	105899024	3985
chr6	105895039	106095039	harbor2	chr6	105916120	105916402	LTR/ERVL-MaLR	770	+	141	105916261	21222
chr6	105895039	106095039	harbor2	chr6	105955877	105956055	LTR/ERVL-MaLR	620	+	89	105955966	60927
chr6	105895039	106095039	harbor2	chr6	105956341	105956396	LTR/ERVL-MaLR	620	+	28	105956369	61330
chr6	105895039	106095039	harbor2	chr6	105983075	105983226	LTR/ERVL-MaLR	942	+	76	105983151	88112
chr6	37002854	37202854	harbor2	chr6	37039524	37039664	LTR/ERVL-MaLR	916	+	70	37039594	36740
chr6	37002854	37202854	harbor2	chr6	37039963	37040251	LTR/ERVL-MaLR	916	+	144	37040107	37253
chr6	37002854	37202854	harbor2	chr6	37041152	37041314	LTR/ERVL-MaLR	1841	+	81	37041233	38379
chr6	37002854	37202854	harbor2	chr6	37041628	37041822	LTR/ERVL-MaLR	1841	+	97	37041725	38871
chr6	37002854	37202854	harbor2	chr6	37042120	37042485	LTR/ERVL-MaLR	1357	+	182	37042302	39448
chr6	37002854	37202854	harbor2	chr6	37042764	37042980	LTR/ERVL-MaLR	872	+	108	37042872	40018
chr6	37002854	37202854	harbor2	chr6	37046605	37046945	LTR/ERVL-MaLR	1774	+	170	37046775	43921
chr6	107974811	108174811	harbor2	chr6	108026376	108026570	LTR/ERVL-MaLR	651	+	97	108026473	51662
chr6	107974811	108174811	harbor2	chr6	108059686	108059812	LTR/ERVL-MaLR	757	+	63	108059749	84938
chr6	139275454	139475454	harbor2	chr6	139292930	139293097	LTR/ERVL-MaLR	1843	+	84	139293014	17560
chr6	139275454	139475454	harbor2	chr6	139293390	139293676	LTR/ERVL-MaLR	1843	+	143	139293533	18079
chr6	139275454	139475454	harbor2	chr6	139294408	139294707	LTR/ERVL-MaLR	1885	+	150	139294558	19104
chr6	139275454	139475454	harbor2	chr6	139295002	139295058	LTR/ERVL-MaLR	1885	+	28	139295030	19576
chr6	139275454	139475454	harbor2	chr6	139298726	139299131	LTR/ERVL-MaLR	1974	+	202	139298928	23474
chr6	139275454	139475454	harbor2	chr6	139321167	139321532	LTR/ERVL-MaLR	2142	+	182	139321349	45895
chr6	139275454	139475454	harbor2	chr6	139333162	139333302	LTR/ERVL-MaLR	1348	+	70	139333232	57778
chr6	139275454	139475454	harbor2	chr6	139333595	139333823	LTR/ERVL-MaLR	1348	+	114	139333709	58255
chr6	139275454	139475454	harbor2	chr6	139358600	139358929	LTR/ERVL-MaLR	1756	+	164	139358764	83310
chr6	139275454	139475454	harbor2	chr6	139360830	139361023	LTR/ERVL-MaLR	634	+	96	139360926	85472
chr6	110291208	110491208	harbor2	chr6	110336235	110336420	LTR/ERVL-MaLR	543	+	92	110336327	45119
chr6	110291208	110491208	harbor2	chr6	110349151	110349533	LTR/ERVL-MaLR	828	+	191	110349342	58134
chr6	110291208	110491208	harbor2	chr6	110377033	110377393	LTR/ERVL-MaLR	2382	+	180	110377213	86005
chr6	110291208	110491208	harbor2	chr6	110387322	110387694	LTR/ERVL-MaLR	695	+	186	110387508	96300
chr6	41821135	42021135	harbor2	chr6	41834453	41834856	LTR/ERVL-MaLR	2929	+	202	41834655	13520
chr6	107974809	108174809	harbor2	chr6	108026376	108026570	LTR/ERVL-MaLR	651	+	97	108026473	51664
chr6	107974809	108174809	harbor2	chr6	108059686	108059812	LTR/ERVL-MaLR	757	+	63	108059749	84940
chr6	139275412	139475412	harbor2	chr6	139292930	139293097	LTR/ERVL-MaLR	1843	+	84	139293014	17602
chr6	139275412	139475412	harbor2	chr6	139293390	139293676	LTR/ERVL-MaLR	1843	+	143	139293533	18121
chr6	139275412	139475412	harbor2	chr6	139294408	139294707	LTR/ERVL-MaLR	1885	+	150	139294558	19146
chr6	139275412	139475412	harbor2	chr6	139295002	139295058	LTR/ERVL-MaLR	1885	+	28	139295030	19618
chr6	139275412	139475412	harbor2	chr6	139298726	139299131	LTR/ERVL-MaLR	1974	+	202	139298928	23516
chr6	139275412	139475412	harbor2	chr6	139321167	139321532	LTR/ERVL-MaLR	2142	+	182	139321349	45937
chr6	139275412	139475412	harbor2	chr6	139333162	139333302	LTR/ERVL-MaLR	1348	+	70	139333232	57820
chr6	139275412	139475412	harbor2	chr6	139333595	139333823	LTR/ERVL-MaLR	1348	+	114	139333709	58297
chr6	139275412	139475412	harbor2	chr6	139358600	139358929	LTR/ERVL-MaLR	1756	+	164	139358764	83352
chr6	139275412	139475412	harbor2	chr6	139360830	139361023	LTR/ERVL-MaLR	634	+	96	139360926	85514
chr6	77363827	77563827	harbor2	chr6	77365983	77366415	LTR/ERVL-MaLR	2233	+	216	77366199	2372
chr6	77363827	77563827	harbor2	chr6	77420059	77420315	LTR/ERVL-MaLR	1400	+	128	77420187	56360
chr6	77363827	77563827	harbor2	chr6	77420316	77420667	LTR/ERVL-MaLR	1507	+	176	77420492	56665
chr6	37002837	37202837	harbor2	chr6	37039524	37039664	LTR/ERVL-MaLR	916	+	70	37039594	36757
chr6	37002837	37202837	harbor2	chr6	37039963	37040251	LTR/ERVL-MaLR	916	+	144	37040107	37270
chr6	37002837	37202837	harbor2	chr6	37041152	37041314	LTR/ERVL-MaLR	1841	+	81	37041233	38396
chr6	37002837	37202837	harbor2	chr6	37041628	37041822	LTR/ERVL-MaLR	1841	+	97	37041725	38888
chr6	37002837	37202837	harbor2	chr6	37042120	37042485	LTR/ERVL-MaLR	1357	+	182	37042302	39465
chr6	37002837	37202837	harbor2	chr6	37042764	37042980	LTR/ERVL-MaLR	872	+	108	37042872	40035
chr6	37002837	37202837	harbor2	chr6	37046605	37046945	LTR/ERVL-MaLR	1774	+	170	37046775	43938
chr6	139275376	139475376	harbor2	chr6	139292930	139293097	LTR/ERVL-MaLR	1843	+	84	139293014	17638
chr6	139275376	139475376	harbor2	chr6	139293390	139293676	LTR/ERVL-MaLR	1843	+	143	139293533	18157
chr6	139275376	139475376	harbor2	chr6	139294408	139294707	LTR/ERVL-MaLR	1885	+	150	139294558	19182
chr6	139275376	139475376	harbor2	chr6	139295002	139295058	LTR/ERVL-MaLR	1885	+	28	139295030	19654
chr6	139275376	139475376	harbor2	chr6	139298726	139299131	LTR/ERVL-MaLR	1974	+	202	139298928	23552
chr6	139275376	139475376	harbor2	chr6	139321167	139321532	LTR/ERVL-MaLR	2142	+	182	139321349	45973
chr6	139275376	139475376	harbor2	chr6	139333162	139333302	LTR/ERVL-MaLR	1348	+	70	139333232	57856
chr6	139275376	139475376	harbor2	chr6	139333595	139333823	LTR/ERVL-MaLR	1348	+	114	139333709	58333
chr6	139275376	139475376	harbor2	chr6	139358600	139358929	LTR/ERVL-MaLR	1756	+	164	139358764	83388
chr6	139275376	139475376	harbor2	chr6	139360830	139361023	LTR/ERVL-MaLR	634	+	96	139360926	85550
chr6	170008688	170208688	harbor2	chr6	170041841	170042221	LTR/ERVL-MaLR	1677	+	190	170042031	33343
chr6	170008688	170208688	harbor2	chr6	170047839	170048142	LTR/ERVL-MaLR	905	+	152	170047991	39303
chr6	170008688	170208688	harbor2	chr6	170068395	170068766	LTR/ERVL-MaLR	583	+	186	170068581	59893
chr6	170008688	170208688	harbor2	chr6	170100715	170101075	LTR/ERVL-MaLR	2331	+	180	170100895	92207
chr6	170008688	170208688	harbor2	chr6	170082131	170082438	LTR/ERVL-MaLR	545	+	154	170082285	73597
chr6	30786661	30986661	harbor2	chr6	30814592	30814843	LTR/ERVL-MaLR	567	+	126	30814718	28057
chr6	30786661	30986661	harbor2	chr6	30833749	30833965	LTR/ERVL-MaLR	997	+	108	30833857	47196
chr6	30786661	30986661	harbor2	chr6	30834272	30834283	LTR/ERVL-MaLR	997	+	6	30834278	47617
chr6	30786661	30986661	harbor2	chr6	30835524	30835832	LTR/ERVL-MaLR	1733	+	154	30835678	49017
chr6	30786661	30986661	harbor2	chr6	30836440	30836502	LTR/ERVL-MaLR	1733	+	31	30836471	49810
chr6	30786661	30986661	harbor2	chr6	30850219	30850580	LTR/ERVL-MaLR	2397	+	180	30850399	63738
chr6	30786661	30986661	harbor2	chr6	30852487	30852785	LTR/ERVL-MaLR	2439	+	149	30852636	65975
chr6	30786661	30986661	harbor2	chr6	30853132	30853195	LTR/ERVL-MaLR	2439	+	32	30853164	66503
chr6	30786661	30986661	harbor2	chr6	30855350	30855739	LTR/ERVL-MaLR	1087	+	194	30855544	68883
chr6	30786661	30986661	harbor2	chr6	30858365	30858543	LTR/ERVL-MaLR	710	+	89	30858454	71793
chr6	30786661	30986661	harbor2	chr6	30863145	30863307	LTR/ERVL-MaLR	1649	+	81	30863226	76565
chr6	30786661	30986661	harbor2	chr6	30863614	30863859	LTR/ERVL-MaLR	1649	+	122	30863736	77075
chr6	30786661	30986661	harbor2	chr6	30834553	30834862	LTR/ERVL-MaLR	997	+	154	30834707	48046
chr6	30786661	30986661	harbor2	chr6	30850907	30852486	LTR/ERVL-MaLR	10239	+	790	30851697	65036
chr6	100364956	100564956	harbor2	chr6	100366225	100366596	LTR/ERVL-MaLR	2258	+	186	100366411	1455
chr6	100364956	100564956	harbor2	chr6	100367321	100367870	LTR/ERVL-MaLR	1856	+	274	100367595	2639
chr6	100364956	100564956	harbor2	chr6	100368140	100368232	LTR/ERVL-MaLR	1856	+	46	100368186	3230
chr6	100364956	100564956	harbor2	chr6	100424960	100425313	LTR/ERVL-MaLR	2762	+	176	100425136	60180
chr6	100364956	100564956	harbor2	chr6	100368363	100368710	LTR/ERVL-MaLR	1761	+	174	100368537	3581
chr6	10422491	10622491	harbor2	chr6	10467973	10468312	LTR/ERVL-MaLR	2220	+	170	10468143	45652
chr6	10422491	10622491	harbor2	chr6	10468339	10468414	LTR/ERVL-MaLR	2220	+	38	10468377	45886
chr6	10422491	10622491	harbor2	chr6	10474001	10474337	LTR/ERVL-MaLR	2276	+	168	10474169	51678
chr6	10422491	10622491	harbor2	chr6	10475805	10476218	LTR/ERVL-MaLR	1325	+	206	10476011	53520
chr6	139346565	139546565	harbor2	chr6	139358600	139358929	LTR/ERVL-MaLR	1756	+	164	139358764	12199
chr6	139346565	139546565	harbor2	chr6	139360830	139361023	LTR/ERVL-MaLR	634	+	96	139360926	14361
chr6	139346565	139546565	harbor2	chr6	139431511	139431884	LTR/ERVL-MaLR	1943	+	186	139431697	85132
chr6	139346565	139546565	harbor2	chr6	139434187	139434466	LTR/ERVL-MaLR	669	+	140	139434327	87762
chr6	44147550	44347550	harbor2	chr6	44158233	44158441	LTR/ERVL-MaLR	1090	+	104	44158337	10787
chr6	130929311	131129311	harbor2	chr6	130951712	130952051	LTR/ERVL-MaLR	966	+	170	130951882	22571
chr6	130929311	131129311	harbor2	chr6	130953354	130953434	LTR/ERVL-MaLR	1342	+	40	130953394	24083
chr6	130929311	131129311	harbor2	chr6	130953680	130953994	LTR/ERVL-MaLR	1342	+	157	130953837	24526
chr6	130929311	131129311	harbor2	chr6	130974057	130974384	LTR/ERVL-MaLR	1098	+	164	130974221	44910
chr6	130929311	131129311	harbor2	chr6	131007121	131007451	LTR/ERVL-MaLR	1581	+	165	131007286	77975
chr6	130929311	131129311	harbor2	chr6	131007454	131009065	LTR/ERVL-MaLR	11363	+	806	131008260	78949
chr6	130929311	131129311	harbor2	chr6	131009074	131009423	LTR/ERVL-MaLR	1963	+	174	131009248	79937
chr6	139275442	139475442	harbor2	chr6	139292930	139293097	LTR/ERVL-MaLR	1843	+	84	139293014	17572
chr6	139275442	139475442	harbor2	chr6	139293390	139293676	LTR/ERVL-MaLR	1843	+	143	139293533	18091
chr6	139275442	139475442	harbor2	chr6	139294408	139294707	LTR/ERVL-MaLR	1885	+	150	139294558	19116
chr6	139275442	139475442	harbor2	chr6	139295002	139295058	LTR/ERVL-MaLR	1885	+	28	139295030	19588
chr6	139275442	139475442	harbor2	chr6	139298726	139299131	LTR/ERVL-MaLR	1974	+	202	139298928	23486
chr6	139275442	139475442	harbor2	chr6	139321167	139321532	LTR/ERVL-MaLR	2142	+	182	139321349	45907
chr6	139275442	139475442	harbor2	chr6	139333162	139333302	LTR/ERVL-MaLR	1348	+	70	139333232	57790
chr6	139275442	139475442	harbor2	chr6	139333595	139333823	LTR/ERVL-MaLR	1348	+	114	139333709	58267
chr6	139275442	139475442	harbor2	chr6	139358600	139358929	LTR/ERVL-MaLR	1756	+	164	139358764	83322
chr6	139275442	139475442	harbor2	chr6	139360830	139361023	LTR/ERVL-MaLR	634	+	96	139360926	85484
chr6	81653509	81853509	harbor2	chr6	81703117	81703473	LTR/ERVL-MaLR	2396	+	178	81703295	49786
chr6	81653509	81853509	harbor2	chr6	81725052	81725554	LTR/ERVL-MaLR	752	+	251	81725303	71794
chr6	81653509	81853509	harbor2	chr6	81729450	81729696	LTR/ERVL-MaLR	642	+	123	81729573	76064
chr6	81653509	81853509	harbor2	chr6	81731771	81732283	LTR/ERVL-MaLR	655	+	256	81732027	78518
chr6	147108187	147308187	harbor2	chr6	147110389	147110746	LTR/ERVL-MaLR	1325	+	178	147110567	2380
chr6	147108187	147308187	harbor2	chr6	147118786	147119198	LTR/ERVL-MaLR	1328	+	206	147118992	10805
chr6	147108187	147308187	harbor2	chr6	147126605	147127139	LTR/ERVL-MaLR	1546	+	267	147126872	18685
chr6	147108187	147308187	harbor2	chr6	147137791	147138276	LTR/ERVL-MaLR	2242	+	242	147138033	29846
chr6	147108187	147308187	harbor2	chr6	147151743	147151965	LTR/ERVL-MaLR	739	+	111	147151854	43667
chr6	36343651	36543651	harbor2	chr6	36346769	36347226	LTR/ERVL-MaLR	1109	+	228	36346997	3346
chr6	36343651	36543651	harbor2	chr6	36353627	36354005	LTR/ERVL-MaLR	2375	+	189	36353816	10165
chr6	36343651	36543651	harbor2	chr6	36357534	36357594	LTR/ERVL-MaLR	660	+	30	36357564	13913
chr6	36343651	36543651	harbor2	chr6	36357907	36358151	LTR/ERVL-MaLR	660	+	122	36358029	14378
chr6	36343651	36543651	harbor2	chr6	36406174	36406334	LTR/ERVL-MaLR	465	+	80	36406254	62603
chr6	36343651	36543651	harbor2	chr6	36430291	36430744	LTR/ERVL-MaLR	2344	+	226	36430517	86866
chr6	109952856	110152856	harbor2	chr6	109960727	109961184	LTR/ERVL-MaLR	1951	+	228	109960955	8099
chr6	109952856	110152856	harbor2	chr6	110002254	110002370	LTR/ERVL-MaLR	488	+	58	110002312	49456
chr6	109952856	110152856	harbor2	chr6	110003328	110003525	LTR/ERVL-MaLR	2221	+	98	110003426	50570
chr6	109952856	110152856	harbor2	chr6	110003815	110004043	LTR/ERVL-MaLR	2221	+	114	110003929	51073
chr6	109952856	110152856	harbor2	chr6	110004139	110004499	LTR/ERVL-MaLR	1383	+	180	110004319	51463
chr6	109952856	110152856	harbor2	chr6	110011610	110011965	LTR/ERVL-MaLR	2528	+	178	110011788	58932
chr6	109952856	110152856	harbor2	chr6	110050860	110051315	LTR/ERVL-MaLR	1086	+	228	110051088	98232
chr6	88863719	89063719	harbor2	chr6	88871407	88871662	LTR/ERVL-MaLR	865	+	128	88871535	7816
chr6	88863719	89063719	harbor2	chr6	88872251	88872416	LTR/ERVL-MaLR	646	+	82	88872333	8614
chr6	88863719	89063719	harbor2	chr6	88882609	88882979	LTR/ERVL-MaLR	1980	+	185	88882794	19075
chr6	88863719	89063719	harbor2	chr6	88896226	88896564	LTR/ERVL-MaLR	668	+	169	88896395	32676
chr6	88863719	89063719	harbor2	chr6	88907192	88907614	LTR/ERVL-MaLR	1605	+	211	88907403	43684
chr6	88863719	89063719	harbor2	chr6	88945644	88945853	LTR/ERVL-MaLR	645	+	104	88945748	82029
chr6	52185236	52385236	harbor2	chr6	52194942	52195309	LTR/ERVL-MaLR	2234	+	184	52195126	9890
chr6	52185236	52385236	harbor2	chr6	52218488	52218829	LTR/ERVL-MaLR	1050	+	170	52218658	33422
chr6	52185236	52385236	harbor2	chr6	52218831	52220495	LTR/ERVL-MaLR	5439	+	832	52219663	34427
chr6	52185236	52385236	harbor2	chr6	52220645	52220857	LTR/ERVL-MaLR	961	+	106	52220751	35515
chr6	52185236	52385236	harbor2	chr6	52250318	52250620	LTR/ERVL-MaLR	1204	+	151	52250469	65233
chr6	100675847	100875847	harbor2	chr6	100699150	100699520	LTR/ERVL-MaLR	2204	+	185	100699335	23488
chr6	100675847	100875847	harbor2	chr6	100699521	100701013	LTR/ERVL-MaLR	10588	+	746	100700267	24420
chr6	100675847	100875847	harbor2	chr6	100701014	100701110	LTR/ERVL-MaLR	718	+	48	100701062	25215
chr6	100675847	100875847	harbor2	chr6	100701266	100701535	LTR/ERVL-MaLR	1634	+	134	100701400	25553
chr6	100675847	100875847	harbor2	chr6	100733296	100733661	LTR/ERVL-MaLR	1509	+	182	100733478	57631
chr6	100675847	100875847	harbor2	chr6	100754707	100755069	LTR/ERVL-MaLR	2456	+	181	100754888	79041
chr6	100675847	100875847	harbor2	chr6	100764870	100765219	LTR/ERVL-MaLR	1514	+	174	100765044	89197
chr6	170609333	170809333	harbor2	chr6	170615313	170615693	LTR/ERVL-MaLR	2109	+	190	170615503	6170
chr6	170609333	170809333	harbor2	chr6	170625521	170625880	LTR/ERVL-MaLR	1993	+	180	170625701	16368
chr6	170609333	170809333	harbor2	chr6	170625881	170627442	LTR/ERVL-MaLR	10964	+	780	170626661	17328
chr6	170609333	170809333	harbor2	chr6	170627443	170627800	LTR/ERVL-MaLR	1784	+	178	170627621	18288
chr6	170609333	170809333	harbor2	chr6	170688930	170688975	LTR/ERVL-MaLR	586	+	22	170688952	79619
chr6	170609333	170809333	harbor2	chr6	170689297	170689586	LTR/ERVL-MaLR	586	+	144	170689441	80108
chr6	169863936	170063936	harbor2	chr6	169903832	169904031	LTR/ERVL-MaLR	642	+	100	169903932	39996
chr6	169863936	170063936	harbor2	chr6	169904028	169904309	LTR/ERVL-MaLR	599	+	140	169904168	40232
chr6	169863936	170063936	harbor2	chr6	169933845	169934173	LTR/ERVL-MaLR	751	+	164	169934009	70073
chr6	169863936	170063936	harbor2	chr6	169951162	169951692	LTR/ERVL-MaLR	1371	+	265	169951427	87491
chr6	29088020	29288020	harbor2	chr6	29119599	29120040	LTR/ERVL-MaLR	1551	+	220	29119819	31799
chr6	147106075	147306075	harbor2	chr6	147110389	147110746	LTR/ERVL-MaLR	1325	+	178	147110567	4492
chr6	147106075	147306075	harbor2	chr6	147118786	147119198	LTR/ERVL-MaLR	1328	+	206	147118992	12917
chr6	147106075	147306075	harbor2	chr6	147126605	147127139	LTR/ERVL-MaLR	1546	+	267	147126872	20797
chr6	147106075	147306075	harbor2	chr6	147137791	147138276	LTR/ERVL-MaLR	2242	+	242	147138033	31958
chr6	147106075	147306075	harbor2	chr6	147151743	147151965	LTR/ERVL-MaLR	739	+	111	147151854	45779
chr6	149350899	149550899	harbor2	chr6	149445653	149445774	LTR/ERVL-MaLR	513	+	60	149445713	94814
chr6	106179953	106379953	harbor2	chr6	106197432	106197853	LTR/ERVL-MaLR	2255	+	210	106197642	17689
chr6	106179953	106379953	harbor2	chr6	106204488	106204866	LTR/ERVL-MaLR	2119	+	189	106204677	24724
chr6	106179953	106379953	harbor2	chr6	106206071	106206409	LTR/ERVL-MaLR	1678	+	169	106206240	26287
chr6	106179953	106379953	harbor2	chr6	106206666	106206719	LTR/ERVL-MaLR	1678	+	26	106206692	26739
chr6	106179953	106379953	harbor2	chr6	106271259	106271538	LTR/ERVL-MaLR	1250	+	140	106271399	91446
chr6	8009439	8209439	harbor2	chr6	8043773	8044001	LTR/ERVL-MaLR	2645	+	114	8043887	34448
chr6	8009439	8209439	harbor2	chr6	8044308	8044439	LTR/ERVL-MaLR	2645	+	66	8044374	34935
chr6	8009439	8209439	harbor2	chr6	8046020	8046372	LTR/ERVL-MaLR	2656	+	176	8046196	36757
chr6	8009439	8209439	harbor2	chr6	8055857	8056234	LTR/ERVL-MaLR	1780	+	188	8056045	46606
chr6	8009439	8209439	harbor2	chr6	8088344	8088717	LTR/ERVL-MaLR	2504	+	186	8088530	79091
chr6	8009439	8209439	harbor2	chr6	8044440	8046017	LTR/ERVL-MaLR	11853	+	788	8045228	35789
chr6	105468439	105668439	harbor2	chr6	105472938	105473399	LTR/ERVL-MaLR	2461	+	230	105473168	4729
chr6	105468439	105668439	harbor2	chr6	105478560	105478990	LTR/ERVL-MaLR	1294	+	215	105478775	10336
chr6	105468439	105668439	harbor2	chr6	105516288	105516572	LTR/ERVL-MaLR	954	+	142	105516430	47991
chr6	105468439	105668439	harbor2	chr6	105562518	105562992	LTR/ERVL-MaLR	1500	+	237	105562755	94316
chr6	52477046	52677046	harbor2	chr6	52485472	52485900	LTR/ERVL-MaLR	2015	+	214	52485686	8640
chr6	52477046	52677046	harbor2	chr6	52525814	52526139	LTR/ERVL-MaLR	1445	+	162	52525976	48930
chr6	52477046	52677046	harbor2	chr6	52530400	52530844	LTR/ERVL-MaLR	1950	+	222	52530622	53576
chr6	52477046	52677046	harbor2	chr6	52569027	52569112	LTR/ERVL-MaLR	457	+	42	52569069	92023
chr6	52477046	52677046	harbor2	chr6	52569416	52569474	LTR/ERVL-MaLR	457	+	29	52569445	92399
chr6	139275446	139475446	harbor2	chr6	139292930	139293097	LTR/ERVL-MaLR	1843	+	84	139293014	17568
chr6	139275446	139475446	harbor2	chr6	139293390	139293676	LTR/ERVL-MaLR	1843	+	143	139293533	18087
chr6	139275446	139475446	harbor2	chr6	139294408	139294707	LTR/ERVL-MaLR	1885	+	150	139294558	19112
chr6	139275446	139475446	harbor2	chr6	139295002	139295058	LTR/ERVL-MaLR	1885	+	28	139295030	19584
chr6	139275446	139475446	harbor2	chr6	139298726	139299131	LTR/ERVL-MaLR	1974	+	202	139298928	23482
chr6	139275446	139475446	harbor2	chr6	139321167	139321532	LTR/ERVL-MaLR	2142	+	182	139321349	45903
chr6	139275446	139475446	harbor2	chr6	139333162	139333302	LTR/ERVL-MaLR	1348	+	70	139333232	57786
chr6	139275446	139475446	harbor2	chr6	139333595	139333823	LTR/ERVL-MaLR	1348	+	114	139333709	58263
chr6	139275446	139475446	harbor2	chr6	139358600	139358929	LTR/ERVL-MaLR	1756	+	164	139358764	83318
chr6	139275446	139475446	harbor2	chr6	139360830	139361023	LTR/ERVL-MaLR	634	+	96	139360926	85480
chr6	30369767	30569767	harbor2	chr6	30402588	30402719	LTR/ERVL-MaLR	854	+	66	30402654	32887
chr6	30369767	30569767	harbor2	chr6	30405049	30405386	LTR/ERVL-MaLR	754	+	168	30405217	35450
chr6	30369767	30569767	harbor2	chr6	30407106	30408342	LTR/ERVL-MaLR	9376	+	618	30407724	37957
chr6	30369767	30569767	harbor2	chr6	30408343	30408695	LTR/ERVL-MaLR	2120	+	176	30408519	38752
chr6	127174273	127374273	harbor2	chr6	127223966	127224335	LTR/ERVL-MaLR	2492	+	184	127224150	49877
chr6	52352994	52552994	harbor2	chr6	52368788	52368993	LTR/ERVL-MaLR	1251	+	102	52368890	15896
chr6	52352994	52552994	harbor2	chr6	52373852	52374257	LTR/ERVL-MaLR	2487	+	202	52374054	21060
chr6	52352994	52552994	harbor2	chr6	52385040	52385423	LTR/ERVL-MaLR	2251	+	192	52385232	32238
chr6	52352994	52552994	harbor2	chr6	52387603	52387703	LTR/ERVL-MaLR	1863	+	50	52387653	34659
chr6	52352994	52552994	harbor2	chr6	52388515	52388779	LTR/ERVL-MaLR	1706	+	132	52388647	35653
chr6	52352994	52552994	harbor2	chr6	52412877	52413352	LTR/ERVL-MaLR	1481	+	238	52413115	60121
chr6	139275443	139475443	harbor2	chr6	139292930	139293097	LTR/ERVL-MaLR	1843	+	84	139293014	17571
chr6	139275443	139475443	harbor2	chr6	139293390	139293676	LTR/ERVL-MaLR	1843	+	143	139293533	18090
chr6	139275443	139475443	harbor2	chr6	139294408	139294707	LTR/ERVL-MaLR	1885	+	150	139294558	19115
chr6	139275443	139475443	harbor2	chr6	139295002	139295058	LTR/ERVL-MaLR	1885	+	28	139295030	19587
chr6	139275443	139475443	harbor2	chr6	139298726	139299131	LTR/ERVL-MaLR	1974	+	202	139298928	23485
chr6	139275443	139475443	harbor2	chr6	139321167	139321532	LTR/ERVL-MaLR	2142	+	182	139321349	45906
chr6	139275443	139475443	harbor2	chr6	139333162	139333302	LTR/ERVL-MaLR	1348	+	70	139333232	57789
chr6	139275443	139475443	harbor2	chr6	139333595	139333823	LTR/ERVL-MaLR	1348	+	114	139333709	58266
chr6	139275443	139475443	harbor2	chr6	139358600	139358929	LTR/ERVL-MaLR	1756	+	164	139358764	83321
chr6	139275443	139475443	harbor2	chr6	139360830	139361023	LTR/ERVL-MaLR	634	+	96	139360926	85483
chr6	127169913	127369913	harbor2	chr6	127223966	127224335	LTR/ERVL-MaLR	2492	+	184	127224150	54237
chr6	33522645	33722645	harbor2	chr6	33528605	33528805	LTR/ERVL-MaLR	693	+	100	33528705	6060
chr6	33522645	33722645	harbor2	chr6	33558892	33558983	LTR/ERVL-MaLR	1386	+	46	33558938	36293
chr6	33522645	33722645	harbor2	chr6	33559286	33559313	LTR/ERVL-MaLR	1386	+	14	33559300	36655
chr6	33522645	33722645	harbor2	chr6	33559582	33559694	LTR/ERVL-MaLR	1386	+	56	33559638	36993
chr6	33522645	33722645	harbor2	chr6	33559983	33560405	LTR/ERVL-MaLR	1386	+	211	33560194	37549
chr6	33522645	33722645	harbor2	chr6	33560719	33560858	LTR/ERVL-MaLR	672	+	70	33560789	38144
chr6	33522645	33722645	harbor2	chr6	33561164	33561185	LTR/ERVL-MaLR	672	+	10	33561174	38529
chr6	33522645	33722645	harbor2	chr6	33561185	33561263	LTR/ERVL-MaLR	950	+	39	33561224	38579
chr6	33522645	33722645	harbor2	chr6	33561563	33561688	LTR/ERVL-MaLR	950	+	62	33561625	38980
chr6	33522645	33722645	harbor2	chr6	33561993	33562146	LTR/ERVL-MaLR	950	+	76	33562069	39424
chr6	147254587	147454587	harbor2	chr6	147303161	147303522	LTR/ERVL-MaLR	2475	+	180	147303341	48754
chr6	147254587	147454587	harbor2	chr6	147303523	147304925	LTR/ERVL-MaLR	6903	+	701	147304224	49637
chr6	139275379	139475379	harbor2	chr6	139292930	139293097	LTR/ERVL-MaLR	1843	+	84	139293014	17635
chr6	139275379	139475379	harbor2	chr6	139293390	139293676	LTR/ERVL-MaLR	1843	+	143	139293533	18154
chr6	139275379	139475379	harbor2	chr6	139294408	139294707	LTR/ERVL-MaLR	1885	+	150	139294558	19179
chr6	139275379	139475379	harbor2	chr6	139295002	139295058	LTR/ERVL-MaLR	1885	+	28	139295030	19651
chr6	139275379	139475379	harbor2	chr6	139298726	139299131	LTR/ERVL-MaLR	1974	+	202	139298928	23549
chr6	139275379	139475379	harbor2	chr6	139321167	139321532	LTR/ERVL-MaLR	2142	+	182	139321349	45970
chr6	139275379	139475379	harbor2	chr6	139333162	139333302	LTR/ERVL-MaLR	1348	+	70	139333232	57853
chr6	139275379	139475379	harbor2	chr6	139333595	139333823	LTR/ERVL-MaLR	1348	+	114	139333709	58330
chr6	139275379	139475379	harbor2	chr6	139358600	139358929	LTR/ERVL-MaLR	1756	+	164	139358764	83385
chr6	139275379	139475379	harbor2	chr6	139360830	139361023	LTR/ERVL-MaLR	634	+	96	139360926	85547
chr6	155200738	155400738	harbor2	chr6	155289731	155290102	LTR/ERVL-MaLR	1851	+	186	155289917	89179
chr6	139275438	139475438	harbor2	chr6	139292930	139293097	LTR/ERVL-MaLR	1843	+	84	139293014	17576
chr6	139275438	139475438	harbor2	chr6	139293390	139293676	LTR/ERVL-MaLR	1843	+	143	139293533	18095
chr6	139275438	139475438	harbor2	chr6	139294408	139294707	LTR/ERVL-MaLR	1885	+	150	139294558	19120
chr6	139275438	139475438	harbor2	chr6	139295002	139295058	LTR/ERVL-MaLR	1885	+	28	139295030	19592
chr6	139275438	139475438	harbor2	chr6	139298726	139299131	LTR/ERVL-MaLR	1974	+	202	139298928	23490
chr6	139275438	139475438	harbor2	chr6	139321167	139321532	LTR/ERVL-MaLR	2142	+	182	139321349	45911
chr6	139275438	139475438	harbor2	chr6	139333162	139333302	LTR/ERVL-MaLR	1348	+	70	139333232	57794
chr6	139275438	139475438	harbor2	chr6	139333595	139333823	LTR/ERVL-MaLR	1348	+	114	139333709	58271
chr6	139275438	139475438	harbor2	chr6	139358600	139358929	LTR/ERVL-MaLR	1756	+	164	139358764	83326
chr6	139275438	139475438	harbor2	chr6	139360830	139361023	LTR/ERVL-MaLR	634	+	96	139360926	85488
chr6	149352008	149552008	harbor2	chr6	149445653	149445774	LTR/ERVL-MaLR	513	+	60	149445713	93705
chr6	79848077	80048077	harbor2	chr6	79887404	79887733	LTR/ERVL-MaLR	1469	+	164	79887568	39491
chr6	79848077	80048077	harbor2	chr6	79904980	79905408	LTR/ERVL-MaLR	519	+	214	79905194	57117
chr6	165561195	165761195	harbor2	chr6	165561234	165561444	LTR/ERVL-MaLR	1651	+	105	165561339	144
chr6	165561195	165761195	harbor2	chr6	165570006	165570165	LTR/ERVL-MaLR	958	+	80	165570086	8891
chr6	165561195	165761195	harbor2	chr6	165581249	165581627	LTR/ERVL-MaLR	1288	+	189	165581438	20243
chr6	165561195	165761195	harbor2	chr6	165583373	165583508	LTR/ERVL-MaLR	540	+	68	165583441	22246
chr6	165561195	165761195	harbor2	chr6	165585385	165585777	LTR/ERVL-MaLR	981	+	196	165585581	24386
chr6	165561195	165761195	harbor2	chr6	165600980	165601328	LTR/ERVL-MaLR	2629	+	174	165601154	39959
chr6	165561195	165761195	harbor2	chr6	165622809	165623144	LTR/ERVL-MaLR	2305	+	168	165622977	61782
chr6	165561195	165761195	harbor2	chr6	165623418	165623458	LTR/ERVL-MaLR	2305	+	20	165623438	62243
chr6	165561195	165761195	harbor2	chr6	165625520	165625871	LTR/ERVL-MaLR	2507	+	176	165625696	64501
chr6	41174459	41374459	harbor2	chr6	41176680	41177075	LTR/ERVL-MaLR	1359	+	198	41176878	2419
chr6	41174459	41374459	harbor2	chr6	41182694	41183023	LTR/ERVL-MaLR	596	+	164	41182858	8399
chr6	41174459	41374459	harbor2	chr6	41258901	41259263	LTR/ERVL-MaLR	2360	+	181	41259082	84623
chr6	139493790	139693790	harbor2	chr6	139526606	139526986	LTR/ERVL-MaLR	1906	+	190	139526796	33006
chr6	139493790	139693790	harbor2	chr6	139536225	139536713	LTR/ERVL-MaLR	655	+	244	139536469	42679
chr6	139493790	139693790	harbor2	chr6	139553797	139554242	LTR/ERVL-MaLR	1484	+	222	139554019	60229
chr6	139493790	139693790	harbor2	chr6	139571022	139571088	LTR/ERVL-MaLR	2581	+	33	139571055	77265
chr6	139493790	139693790	harbor2	chr6	139571948	139572347	LTR/ERVL-MaLR	2581	+	200	139572148	78358
chr6	139493790	139693790	harbor2	chr6	139575072	139575438	LTR/ERVL-MaLR	1896	+	183	139575255	81465
chr6	139434279	139634279	harbor2	chr6	139434187	139434466	LTR/ERVL-MaLR	669	+	140	139434327	48
chr6	139434279	139634279	harbor2	chr6	139470401	139470521	LTR/ERVL-MaLR	734	+	60	139470461	36182
chr6	139434279	139634279	harbor2	chr6	139526606	139526986	LTR/ERVL-MaLR	1906	+	190	139526796	92517
chr6	46592267	46792267	harbor2	chr6	46634059	46634408	LTR/ERVL-MaLR	2080	+	174	46634233	41966
chr6	46592267	46792267	harbor2	chr6	46636911	46637346	LTR/ERVL-MaLR	1113	+	218	46637129	44862
chr6	43393418	43593418	harbor2	chr6	43401803	43402189	LTR/ERVL-MaLR	584	+	193	43401996	8578
chr6	43393418	43593418	harbor2	chr6	43405946	43406477	LTR/ERVL-MaLR	2385	+	266	43406212	12794
chr6	43393418	43593418	harbor2	chr6	43408278	43408599	LTR/ERVL-MaLR	1229	+	160	43408438	15020
chr6	43393418	43593418	harbor2	chr6	43459832	43460357	LTR/ERVL-MaLR	1934	+	262	43460094	66676
chr6	43393418	43593418	harbor2	chr6	43465936	43466468	LTR/ERVL-MaLR	1043	+	266	43466202	72784
chr6	43393418	43593418	harbor2	chr6	43467331	43467700	LTR/ERVL-MaLR	2537	+	184	43467515	74097
chr6	146816562	147016562	harbor2	chr6	146852649	146853016	LTR/ERVL-MaLR	2052	+	184	146852833	36271
chr6	146816562	147016562	harbor2	chr6	146859366	146859713	LTR/ERVL-MaLR	1765	+	174	146859540	42978
chr6	166512532	166712532	harbor2	chr6	166520569	166520821	LTR/ERVL-MaLR	1176	+	126	166520695	8163
chr6	166512532	166712532	harbor2	chr6	166520801	166521247	LTR/ERVL-MaLR	597	+	223	166521024	8492
chr6	166512532	166712532	harbor2	chr6	166521382	166521814	LTR/ERVL-MaLR	1556	+	216	166521598	9066
chr6	166512532	166712532	harbor2	chr6	166521816	166522166	LTR/ERVL-MaLR	1788	+	175	166521991	9459
chr6	166512532	166712532	harbor2	chr6	166576259	166577819	LTR/ERVL-MaLR	11892	+	780	166577039	64507
chr6	166512532	166712532	harbor2	chr6	166577820	166578174	LTR/ERVL-MaLR	2354	+	177	166577997	65465
chr6	166512532	166712532	harbor2	chr6	166591423	166591791	LTR/ERVL-MaLR	799	+	184	166591607	79075
chr6	166512532	166712532	harbor2	chr6	166575904	166576258	LTR/ERVL-MaLR	2514	+	177	166576081	63549
chr6	44034328	44234328	harbor2	chr6	44035403	44035813	LTR/ERVL-MaLR	1308	+	205	44035608	1280
chr6	44034328	44234328	harbor2	chr6	44059737	44060103	LTR/ERVL-MaLR	1002	+	183	44059920	25592
chr6	7907023	8107023	harbor2	chr6	7916010	7916365	LTR/ERVL-MaLR	2307	+	178	7916188	9165
chr6	7907023	8107023	harbor2	chr6	7938104	7938409	LTR/ERVL-MaLR	1362	+	152	7938256	31233
chr6	7907023	8107023	harbor2	chr6	7942882	7943195	LTR/ERVL-MaLR	2029	+	156	7943038	36015
chr6	7907023	8107023	harbor2	chr6	7949305	7949374	LTR/ERVL-MaLR	480	+	34	7949339	42316
chr6	7907023	8107023	harbor2	chr6	7966047	7966380	LTR/ERVL-MaLR	1841	+	166	7966213	59190
chr6	7907023	8107023	harbor2	chr6	7970556	7970773	LTR/ERVL-MaLR	1256	+	108	7970664	63641
chr6	7907023	8107023	harbor2	chr6	7978162	7978572	LTR/ERVL-MaLR	2879	+	205	7978367	71344
chr6	7907023	8107023	harbor2	chr6	7980444	7981002	LTR/ERVL-MaLR	2398	+	279	7980723	73700
chr6	7907023	8107023	harbor2	chr6	7913432	7913913	LTR/ERVL-MaLR	1984	+	240	7913672	6649
chr6	127216519	127416519	harbor2	chr6	127223966	127224335	LTR/ERVL-MaLR	2492	+	184	127224150	7631
chr6	127216519	127416519	harbor2	chr6	127300313	127300912	LTR/ERVL-MaLR	2708	+	300	127300613	84094
chr6	127216519	127416519	harbor2	chr6	127306382	127306752	LTR/ERVL-MaLR	2161	+	185	127306567	90048
chr6	52300000	52500000	harbor2	chr6	52312120	52312516	LTR/ERVL-MaLR	1509	+	198	52312318	12318
chr6	52300000	52500000	harbor2	chr6	52338291	52338816	LTR/ERVL-MaLR	1312	+	262	52338553	38553
chr6	52300000	52500000	harbor2	chr6	52338954	52339038	LTR/ERVL-MaLR	1312	+	42	52338996	38996
chr6	52300000	52500000	harbor2	chr6	52343449	52343818	LTR/ERVL-MaLR	2415	+	184	52343633	43633
chr6	52300000	52500000	harbor2	chr6	52344121	52344158	LTR/ERVL-MaLR	2415	+	18	52344139	44139
chr6	52300000	52500000	harbor2	chr6	52368788	52368993	LTR/ERVL-MaLR	1251	+	102	52368890	68890
chr6	52300000	52500000	harbor2	chr6	52373852	52374257	LTR/ERVL-MaLR	2487	+	202	52374054	74054
chr6	52300000	52500000	harbor2	chr6	52385040	52385423	LTR/ERVL-MaLR	2251	+	192	52385232	85232
chr6	52300000	52500000	harbor2	chr6	52387603	52387703	LTR/ERVL-MaLR	1863	+	50	52387653	87653
chr6	52300000	52500000	harbor2	chr6	52388515	52388779	LTR/ERVL-MaLR	1706	+	132	52388647	88647
chr6	7875319	8075319	harbor2	chr6	7892517	7892869	LTR/ERVL-MaLR	2370	+	176	7892693	17374
chr6	7875319	8075319	harbor2	chr6	7901847	7902297	LTR/ERVL-MaLR	1864	+	225	7902072	26753
chr6	7875319	8075319	harbor2	chr6	7916010	7916365	LTR/ERVL-MaLR	2307	+	178	7916188	40869
chr6	7875319	8075319	harbor2	chr6	7938104	7938409	LTR/ERVL-MaLR	1362	+	152	7938256	62937
chr6	7875319	8075319	harbor2	chr6	7942882	7943195	LTR/ERVL-MaLR	2029	+	156	7943038	67719
chr6	7875319	8075319	harbor2	chr6	7949305	7949374	LTR/ERVL-MaLR	480	+	34	7949339	74020
chr6	7875319	8075319	harbor2	chr6	7966047	7966380	LTR/ERVL-MaLR	1841	+	166	7966213	90894
chr6	7875319	8075319	harbor2	chr6	7970556	7970773	LTR/ERVL-MaLR	1256	+	108	7970664	95345
chr6	7875319	8075319	harbor2	chr6	7913432	7913913	LTR/ERVL-MaLR	1984	+	240	7913672	38353
chr6	169863958	170063958	harbor2	chr6	169903832	169904031	LTR/ERVL-MaLR	642	+	100	169903932	39974
chr6	169863958	170063958	harbor2	chr6	169904028	169904309	LTR/ERVL-MaLR	599	+	140	169904168	40210
chr6	169863958	170063958	harbor2	chr6	169933845	169934173	LTR/ERVL-MaLR	751	+	164	169934009	70051
chr6	169863958	170063958	harbor2	chr6	169951162	169951692	LTR/ERVL-MaLR	1371	+	265	169951427	87469
chr6	166856299	167056299	harbor2	chr6	166856149	166856499	LTR/ERVL-MaLR	1955	+	175	166856324	25
chr6	166856299	167056299	harbor2	chr6	166866717	166867148	LTR/ERVL-MaLR	1253	+	216	166866933	10634
chr6	166856299	167056299	harbor2	chr6	166898604	166898744	LTR/ERVL-MaLR	496	+	70	166898674	42375
chr6	166856299	167056299	harbor2	chr6	166951883	166952324	LTR/ERVL-MaLR	1421	+	220	166952103	95804
chr6	149548477	149748477	harbor2	chr6	149599472	149599561	LTR/ERVL-MaLR	584	+	44	149599516	51039
chr6	149548477	149748477	harbor2	chr6	149599818	149600023	LTR/ERVL-MaLR	584	+	102	149599920	51443
chr6	149548477	149748477	harbor2	chr6	149613759	149614121	LTR/ERVL-MaLR	1570	+	181	149613940	65463
chr6	149548477	149748477	harbor2	chr6	149629225	149629534	LTR/ERVL-MaLR	1204	+	154	149629379	80902
chr6	149548477	149748477	harbor2	chr6	149642907	149643437	LTR/ERVL-MaLR	1969	+	265	149643172	94695
chr6	325158	525158	harbor2	chr6	414464	414882	LTR/ERVL-MaLR	2621	+	209	414673	89515
chr6	325158	525158	harbor2	chr6	414883	415401	LTR/ERVL-MaLR	3130	+	259	415142	89984
chr6	56921793	57121793	harbor2	chr6	56931220	56932049	LTR/ERVL-MaLR	6097	+	414	56931634	9841
chr6	56921793	57121793	harbor2	chr6	56932050	56932420	LTR/ERVL-MaLR	2288	+	185	56932235	10442
chr6	56921793	57121793	harbor2	chr6	56938602	56939032	LTR/ERVL-MaLR	655	+	215	56938817	17024
chr6	56921793	57121793	harbor2	chr6	56961933	56962287	LTR/ERVL-MaLR	1428	+	177	56962110	40317
chr6	32315601	32515601	harbor2	chr6	32350642	32351129	LTR/ERVL-MaLR	1650	+	244	32350886	35285
chr6	32315601	32515601	harbor2	chr6	32351138	32351477	LTR/ERVL-MaLR	630	+	170	32351308	35707
chr6	32315601	32515601	harbor2	chr6	32361820	32362008	LTR/ERVL-MaLR	2366	+	94	32361914	46313
chr6	32315601	32515601	harbor2	chr6	32362309	32362541	LTR/ERVL-MaLR	2366	+	116	32362425	46824
chr6	32315601	32515601	harbor2	chr6	32382776	32383263	LTR/ERVL-MaLR	1693	+	244	32383020	67419
chr6	151352799	151552799	harbor2	chr6	151408522	151408938	LTR/ERVL-MaLR	1276	+	208	151408730	55931
chr6	151352799	151552799	harbor2	chr6	151411914	151412020	LTR/ERVL-MaLR	1722	+	53	151411967	59168
chr6	151352799	151552799	harbor2	chr6	151412302	151412317	LTR/ERVL-MaLR	1722	+	8	151412310	59511
chr6	151352799	151552799	harbor2	chr6	151412457	151412570	LTR/ERVL-MaLR	1722	+	56	151412513	59714
chr6	151352799	151552799	harbor2	chr6	151412993	151413248	LTR/ERVL-MaLR	1722	+	128	151413121	60322
chr6	151352799	151552799	harbor2	chr6	151413540	151413599	LTR/ERVL-MaLR	1722	+	30	151413570	60771
chr6	149351576	149551576	harbor2	chr6	149445653	149445774	LTR/ERVL-MaLR	513	+	60	149445713	94137
chr6	105895040	106095040	harbor2	chr6	105898804	105899244	LTR/ERVL-MaLR	1272	+	220	105899024	3984
chr6	105895040	106095040	harbor2	chr6	105916120	105916402	LTR/ERVL-MaLR	770	+	141	105916261	21221
chr6	105895040	106095040	harbor2	chr6	105955877	105956055	LTR/ERVL-MaLR	620	+	89	105955966	60926
chr6	105895040	106095040	harbor2	chr6	105956341	105956396	LTR/ERVL-MaLR	620	+	28	105956369	61329
chr6	105895040	106095040	harbor2	chr6	105983075	105983226	LTR/ERVL-MaLR	942	+	76	105983151	88111
chr6	127167589	127367589	harbor2	chr6	127223966	127224335	LTR/ERVL-MaLR	2492	+	184	127224150	56561
chr6	99249452	99449452	harbor2	chr6	99281510	99281908	LTR/ERVL-MaLR	1104	+	199	99281709	32257
chr6	99249452	99449452	harbor2	chr6	99328194	99328557	LTR/ERVL-MaLR	2128	+	182	99328376	78924
chr6	75250277	75450277	harbor2	chr6	75270337	75270682	LTR/ERVL-MaLR	1631	+	172	75270509	20232
chr6	75250277	75450277	harbor2	chr6	75323735	75324091	LTR/ERVL-MaLR	1974	+	178	75323913	73636
chr6	75250277	75450277	harbor2	chr6	75331806	75332156	LTR/ERVL-MaLR	1614	+	175	75331981	81704
chr6	75250277	75450277	harbor2	chr6	75342966	75343338	LTR/ERVL-MaLR	1536	+	186	75343152	92875
chr6	44238730	44438730	harbor2	chr6	44280609	44280881	LTR/ERVL-MaLR	584	+	136	44280745	42015
chr6	44238730	44438730	harbor2	chr6	44308985	44309468	LTR/ERVL-MaLR	1493	+	242	44309227	70497
chr6	44238730	44438730	harbor2	chr6	44330640	44330925	LTR/ERVL-MaLR	1788	+	142	44330782	92052
chr6	44238730	44438730	harbor2	chr6	44331225	44331267	LTR/ERVL-MaLR	1788	+	21	44331246	92516
chr6	44238730	44438730	harbor2	chr6	44333676	44334125	LTR/ERVL-MaLR	514	+	224	44333900	95170
chr6	27416505	27616505	harbor2	chr6	27430367	27430783	LTR/ERVL-MaLR	1440	+	208	27430575	14070
chr6	27416505	27616505	harbor2	chr6	27432662	27433234	LTR/ERVL-MaLR	1708	+	286	27432948	16443
chr6	27416505	27616505	harbor2	chr6	27437089	27437672	LTR/ERVL-MaLR	2139	+	292	27437381	20876
chr6	27416505	27616505	harbor2	chr6	27445363	27445742	LTR/ERVL-MaLR	1656	+	190	27445553	29048
chr6	27416505	27616505	harbor2	chr6	27445750	27446862	LTR/ERVL-MaLR	4462	+	556	27446306	29801
chr6	27416505	27616505	harbor2	chr6	27447057	27447334	LTR/ERVL-MaLR	4462	+	138	27447195	30690
chr6	27416505	27616505	harbor2	chr6	27447337	27447430	LTR/ERVL-MaLR	873	+	46	27447383	30878
chr6	27416505	27616505	harbor2	chr6	27447742	27447915	LTR/ERVL-MaLR	873	+	86	27447828	31323
chr6	27416505	27616505	harbor2	chr6	27450286	27450639	LTR/ERVL-MaLR	1536	+	176	27450462	33957
chr6	27416505	27616505	harbor2	chr6	27465043	27465164	LTR/ERVL-MaLR	580	+	60	27465103	48598
chr6	27416505	27616505	harbor2	chr6	27465902	27466136	LTR/ERVL-MaLR	1946	+	117	27466019	49514
chr6	27416505	27616505	harbor2	chr6	27466172	27466408	LTR/ERVL-MaLR	1946	+	118	27466290	49785
chr6	27416505	27616505	harbor2	chr6	27506996	27507425	LTR/ERVL-MaLR	1481	+	214	27507210	90705
chr6	27416505	27616505	harbor2	chr6	27475772	27476091	LTR/ERVL-MaLR	1513	+	160	27475932	59427
chr6	34144727	34344727	harbor2	chr6	34167478	34167640	LTR/ERVL-MaLR	2734	+	81	34167559	22832
chr6	34144727	34344727	harbor2	chr6	34167936	34168213	LTR/ERVL-MaLR	2734	+	138	34168074	23347
chr6	34144727	34344727	harbor2	chr6	34205531	34205778	LTR/ERVL-MaLR	634	+	124	34205655	60928
chr6	34144727	34344727	harbor2	chr6	34208005	34208492	LTR/ERVL-MaLR	2121	+	244	34208249	63522
chr6	34144727	34344727	harbor2	chr6	34217088	34217125	LTR/ERVL-MaLR	1847	+	18	34217106	72379
chr6	34144727	34344727	harbor2	chr6	34218392	34218795	LTR/ERVL-MaLR	1847	+	202	34218594	73867
chr6	107857740	108057740	harbor2	chr6	107905981	107906376	LTR/ERVL-MaLR	2272	+	198	107906179	48439
chr6	107857740	108057740	harbor2	chr6	107932904	107933386	LTR/ERVL-MaLR	2442	+	241	107933145	75405
chr6	35356242	35556242	harbor2	chr6	35357983	35358483	LTR/ERVL-MaLR	2281	+	250	35358233	1991
chr6	71233331	71433331	harbor2	chr6	71281026	71281383	LTR/ERVL-MaLR	2161	+	178	71281204	47873
chr6	13613032	13813032	harbor2	chr6	13662444	13662789	LTR/ERVL-MaLR	1670	+	172	13662616	49584
chr6	163314629	163514629	harbor2	chr6	163327111	163327508	LTR/ERVL-MaLR	2186	+	198	163327309	12680
chr6	163314629	163514629	harbor2	chr6	163334930	163335381	LTR/ERVL-MaLR	1810	+	226	163335156	20527
chr6	163314629	163514629	harbor2	chr6	163378307	163378691	LTR/ERVL-MaLR	1043	+	192	163378499	63870
chr6	163314629	163514629	harbor2	chr6	163378999	163379061	LTR/ERVL-MaLR	1043	+	31	163379030	64401
chr6	163314629	163514629	harbor2	chr6	163383419	163383782	LTR/ERVL-MaLR	2213	+	182	163383601	68972
chr6	163314629	163514629	harbor2	chr6	163348105	163348568	LTR/ERVL-MaLR	2198	+	232	163348337	33708
chr6	52571777	52771777	harbor2	chr6	52579192	52579722	LTR/ERVL-MaLR	2717	+	265	52579457	7680
chr6	52571777	52771777	harbor2	chr6	52592783	52593148	LTR/ERVL-MaLR	765	+	182	52592965	21188
chr6	52571777	52771777	harbor2	chr6	52611069	52611189	LTR/ERVL-MaLR	713	+	60	52611129	39352
chr6	52571777	52771777	harbor2	chr6	52644387	52644953	LTR/ERVL-MaLR	896	+	283	52644670	72893
chr6	52571777	52771777	harbor2	chr6	52645207	52645516	LTR/ERVL-MaLR	2034	+	154	52645361	73584
chr6	52571777	52771777	harbor2	chr6	52654616	52654973	LTR/ERVL-MaLR	1997	+	178	52654794	83017
chr6	128006768	128206768	harbor2	chr6	128029019	128029384	LTR/ERVL-MaLR	1961	+	182	128029201	22433
chr6	128006768	128206768	harbor2	chr6	128029690	128029736	LTR/ERVL-MaLR	1961	+	23	128029713	22945
chr6	128006768	128206768	harbor2	chr6	128070294	128070408	LTR/ERVL-MaLR	584	+	57	128070351	63583
chr6	128006768	128206768	harbor2	chr6	128070408	128070535	LTR/ERVL-MaLR	736	+	64	128070472	63704
chr6	128006768	128206768	harbor2	chr6	128098223	128098564	LTR/ERVL-MaLR	780	+	170	128098393	91625
chr6	139275401	139475401	harbor2	chr6	139292930	139293097	LTR/ERVL-MaLR	1843	+	84	139293014	17613
chr6	139275401	139475401	harbor2	chr6	139293390	139293676	LTR/ERVL-MaLR	1843	+	143	139293533	18132
chr6	139275401	139475401	harbor2	chr6	139294408	139294707	LTR/ERVL-MaLR	1885	+	150	139294558	19157
chr6	139275401	139475401	harbor2	chr6	139295002	139295058	LTR/ERVL-MaLR	1885	+	28	139295030	19629
chr6	139275401	139475401	harbor2	chr6	139298726	139299131	LTR/ERVL-MaLR	1974	+	202	139298928	23527
chr6	139275401	139475401	harbor2	chr6	139321167	139321532	LTR/ERVL-MaLR	2142	+	182	139321349	45948
chr6	139275401	139475401	harbor2	chr6	139333162	139333302	LTR/ERVL-MaLR	1348	+	70	139333232	57831
chr6	139275401	139475401	harbor2	chr6	139333595	139333823	LTR/ERVL-MaLR	1348	+	114	139333709	58308
chr6	139275401	139475401	harbor2	chr6	139358600	139358929	LTR/ERVL-MaLR	1756	+	164	139358764	83363
chr6	139275401	139475401	harbor2	chr6	139360830	139361023	LTR/ERVL-MaLR	634	+	96	139360926	85525
chr6	111733310	111933310	harbor2	chr6	111750141	111750552	LTR/ERVL-MaLR	2629	+	206	111750347	17037
chr6	111733310	111933310	harbor2	chr6	111765205	111765541	LTR/ERVL-MaLR	1294	+	168	111765373	32063
chr6	111733310	111933310	harbor2	chr6	111791374	111791825	LTR/ERVL-MaLR	1894	+	226	111791600	58290
chr6	111733310	111933310	harbor2	chr6	111795111	111795500	LTR/ERVL-MaLR	2553	+	194	111795305	61995
chr6	111733310	111933310	harbor2	chr6	111802050	111802436	LTR/ERVL-MaLR	2308	+	193	111802243	68933
chr6	111733310	111933310	harbor2	chr6	111802729	111802762	LTR/ERVL-MaLR	2308	+	16	111802745	69435
chr6	139275439	139475439	harbor2	chr6	139292930	139293097	LTR/ERVL-MaLR	1843	+	84	139293014	17575
chr6	139275439	139475439	harbor2	chr6	139293390	139293676	LTR/ERVL-MaLR	1843	+	143	139293533	18094
chr6	139275439	139475439	harbor2	chr6	139294408	139294707	LTR/ERVL-MaLR	1885	+	150	139294558	19119
chr6	139275439	139475439	harbor2	chr6	139295002	139295058	LTR/ERVL-MaLR	1885	+	28	139295030	19591
chr6	139275439	139475439	harbor2	chr6	139298726	139299131	LTR/ERVL-MaLR	1974	+	202	139298928	23489
chr6	139275439	139475439	harbor2	chr6	139321167	139321532	LTR/ERVL-MaLR	2142	+	182	139321349	45910
chr6	139275439	139475439	harbor2	chr6	139333162	139333302	LTR/ERVL-MaLR	1348	+	70	139333232	57793
chr6	139275439	139475439	harbor2	chr6	139333595	139333823	LTR/ERVL-MaLR	1348	+	114	139333709	58270
chr6	139275439	139475439	harbor2	chr6	139358600	139358929	LTR/ERVL-MaLR	1756	+	164	139358764	83325
chr6	139275439	139475439	harbor2	chr6	139360830	139361023	LTR/ERVL-MaLR	634	+	96	139360926	85487
chr6	41092580	41292580	harbor2	chr6	41176680	41177075	LTR/ERVL-MaLR	1359	+	198	41176878	84298
chr6	41092580	41292580	harbor2	chr6	41182694	41183023	LTR/ERVL-MaLR	596	+	164	41182858	90278
chr6	32875092	33075092	harbor2	chr6	32883201	32883575	LTR/ERVL-MaLR	2056	+	187	32883388	8296
chr6	32875092	33075092	harbor2	chr6	32888606	32888995	LTR/ERVL-MaLR	1398	+	194	32888800	13708
chr6	32875092	33075092	harbor2	chr6	32903192	32903511	LTR/ERVL-MaLR	1154	+	160	32903352	28260
chr6	32875092	33075092	harbor2	chr6	32922472	32922842	LTR/ERVL-MaLR	980	+	185	32922657	47565
chr6	32875092	33075092	harbor2	chr6	32964390	32964561	LTR/ERVL-MaLR	1522	+	86	32964476	89384
chr6	32875092	33075092	harbor2	chr6	32964863	32965066	LTR/ERVL-MaLR	1522	+	102	32964965	89873
chr6	169623654	169823654	harbor2	chr6	169628014	169628366	LTR/ERVL-MaLR	1710	+	176	169628190	4536
chr6	169623654	169823654	harbor2	chr6	169674715	169674739	LTR/ERVL-MaLR	2122	+	12	169674727	51073
chr6	169623654	169823654	harbor2	chr6	169675136	169675413	LTR/ERVL-MaLR	2122	+	138	169675274	51620
chr6	169623654	169823654	harbor2	chr6	169676160	169676237	LTR/ERVL-MaLR	2122	+	38	169676198	52544
chr6	169623654	169823654	harbor2	chr6	169677032	169678590	LTR/ERVL-MaLR	9755	+	779	169677811	54157
chr6	169623654	169823654	harbor2	chr6	169679349	169679430	LTR/ERVL-MaLR	9755	+	40	169679389	55735
chr6	169623654	169823654	harbor2	chr6	169679431	169679829	LTR/ERVL-MaLR	2284	+	199	169679630	55976
chr6	169623654	169823654	harbor2	chr6	169695657	169696139	LTR/ERVL-MaLR	1442	+	241	169695898	72244
chr6	169623654	169823654	harbor2	chr6	169699292	169699700	LTR/ERVL-MaLR	1487	+	204	169699496	75842
chr6	169623654	169823654	harbor2	chr6	169699997	169700384	LTR/ERVL-MaLR	1487	+	194	169700191	76537
chr6	159071496	159271496	harbor2	chr6	159075829	159076040	LTR/ERVL-MaLR	780	+	106	159075935	4439
chr6	159071496	159271496	harbor2	chr6	159089902	159090387	LTR/ERVL-MaLR	1179	+	242	159090144	18648
chr6	159071496	159271496	harbor2	chr6	159131257	159131634	LTR/ERVL-MaLR	1691	+	188	159131445	59949
chr6	159071496	159271496	harbor2	chr6	159160717	159161200	LTR/ERVL-MaLR	1963	+	242	159160959	89463
chr6	34138879	34338879	harbor2	chr6	34167478	34167640	LTR/ERVL-MaLR	2734	+	81	34167559	28680
chr6	34138879	34338879	harbor2	chr6	34167936	34168213	LTR/ERVL-MaLR	2734	+	138	34168074	29195
chr6	34138879	34338879	harbor2	chr6	34205531	34205778	LTR/ERVL-MaLR	634	+	124	34205655	66776
chr6	34138879	34338879	harbor2	chr6	34208005	34208492	LTR/ERVL-MaLR	2121	+	244	34208249	69370
chr6	34138879	34338879	harbor2	chr6	34217088	34217125	LTR/ERVL-MaLR	1847	+	18	34217106	78227
chr6	34138879	34338879	harbor2	chr6	34218392	34218795	LTR/ERVL-MaLR	1847	+	202	34218594	79715
chr6	73362326	73562326	harbor2	chr6	73422194	73422702	LTR/ERVL-MaLR	1508	+	254	73422448	60122
chr6	158436899	158636899	harbor2	chr6	158484483	158484781	LTR/ERVL-MaLR	720	+	149	158484632	47733
chr6	158436899	158636899	harbor2	chr6	158484910	158486118	LTR/ERVL-MaLR	3589	+	604	158485514	48615
chr6	158436899	158636899	harbor2	chr6	158486122	158486295	LTR/ERVL-MaLR	1165	+	86	158486208	49309
chr6	158436899	158636899	harbor2	chr6	158486561	158486757	LTR/ERVL-MaLR	1165	+	98	158486659	49760
chr6	63473882	63673882	harbor2	chr6	63516692	63517056	LTR/ERVL-MaLR	836	+	182	63516874	42992
chr6	167933183	168133183	harbor2	chr6	167981879	167982224	LTR/ERVL-MaLR	1996	+	172	167982051	48868
chr6	167933183	168133183	harbor2	chr6	167988096	167988474	LTR/ERVL-MaLR	789	+	189	167988285	55102
chr6	146813024	147013024	harbor2	chr6	146852649	146853016	LTR/ERVL-MaLR	2052	+	184	146852833	39809
chr6	146813024	147013024	harbor2	chr6	146859366	146859713	LTR/ERVL-MaLR	1765	+	174	146859540	46516
chr6	145745469	145945469	harbor2	chr6	145764677	145765029	LTR/ERVL-MaLR	2579	+	176	145764853	19384
chr6	145745469	145945469	harbor2	chr6	145765037	145766625	LTR/ERVL-MaLR	9945	+	794	145765831	20362
chr6	145745469	145945469	harbor2	chr6	145766626	145766881	LTR/ERVL-MaLR	1908	+	128	145766754	21285
chr6	145745469	145945469	harbor2	chr6	145768502	145768800	LTR/ERVL-MaLR	1562	+	149	145768651	23182
chr6	145745469	145945469	harbor2	chr6	145789355	145789850	LTR/ERVL-MaLR	1114	+	248	145789603	44134
chr6	145745469	145945469	harbor2	chr6	145820365	145820893	LTR/ERVL-MaLR	1356	+	264	145820629	75160
chr6	145745469	145945469	harbor2	chr6	145825947	145826312	LTR/ERVL-MaLR	1820	+	182	145826129	80660
chr6	145745469	145945469	harbor2	chr6	145828162	145828539	LTR/ERVL-MaLR	2841	+	188	145828350	82881
chr6	27416592	27616592	harbor2	chr6	27430367	27430783	LTR/ERVL-MaLR	1440	+	208	27430575	13983
chr6	27416592	27616592	harbor2	chr6	27432662	27433234	LTR/ERVL-MaLR	1708	+	286	27432948	16356
chr6	27416592	27616592	harbor2	chr6	27437089	27437672	LTR/ERVL-MaLR	2139	+	292	27437381	20789
chr6	27416592	27616592	harbor2	chr6	27445363	27445742	LTR/ERVL-MaLR	1656	+	190	27445553	28961
chr6	27416592	27616592	harbor2	chr6	27445750	27446862	LTR/ERVL-MaLR	4462	+	556	27446306	29714
chr6	27416592	27616592	harbor2	chr6	27447057	27447334	LTR/ERVL-MaLR	4462	+	138	27447195	30603
chr6	27416592	27616592	harbor2	chr6	27447337	27447430	LTR/ERVL-MaLR	873	+	46	27447383	30791
chr6	27416592	27616592	harbor2	chr6	27447742	27447915	LTR/ERVL-MaLR	873	+	86	27447828	31236
chr6	27416592	27616592	harbor2	chr6	27450286	27450639	LTR/ERVL-MaLR	1536	+	176	27450462	33870
chr6	27416592	27616592	harbor2	chr6	27465043	27465164	LTR/ERVL-MaLR	580	+	60	27465103	48511
chr6	27416592	27616592	harbor2	chr6	27465902	27466136	LTR/ERVL-MaLR	1946	+	117	27466019	49427
chr6	27416592	27616592	harbor2	chr6	27466172	27466408	LTR/ERVL-MaLR	1946	+	118	27466290	49698
chr6	27416592	27616592	harbor2	chr6	27506996	27507425	LTR/ERVL-MaLR	1481	+	214	27507210	90618
chr6	27416592	27616592	harbor2	chr6	27475772	27476091	LTR/ERVL-MaLR	1513	+	160	27475932	59340
chr6	32753450	32953450	harbor2	chr6	32758168	32758558	LTR/ERVL-MaLR	1784	+	195	32758363	4913
chr6	32753450	32953450	harbor2	chr6	32758559	32758638	LTR/ERVL-MaLR	554	+	40	32758599	5149
chr6	32753450	32953450	harbor2	chr6	32781247	32781366	LTR/ERVL-MaLR	882	+	60	32781307	27857
chr6	32753450	32953450	harbor2	chr6	32798903	32799287	LTR/ERVL-MaLR	2193	+	192	32799095	45645
chr6	32753450	32953450	harbor2	chr6	32799686	32799794	LTR/ERVL-MaLR	2193	+	54	32799740	46290
chr6	32753450	32953450	harbor2	chr6	32808625	32808971	LTR/ERVL-MaLR	1694	+	173	32808798	55348
chr6	32753450	32953450	harbor2	chr6	32818345	32818494	LTR/ERVL-MaLR	776	+	74	32818419	64969
chr6	32753450	32953450	harbor2	chr6	32819152	32819280	LTR/ERVL-MaLR	764	+	64	32819216	65766
chr6	32753450	32953450	harbor2	chr6	32833735	32834079	LTR/ERVL-MaLR	2174	+	172	32833907	80457
chr6	63536599	63736599	harbor2	chr6	63592793	63593200	LTR/ERVL-MaLR	1377	+	204	63592997	56398
chr6	63536599	63736599	harbor2	chr6	63593471	63593568	LTR/ERVL-MaLR	1377	+	48	63593519	56920
chr6	159410489	159610489	harbor2	chr6	159426872	159427244	LTR/ERVL-MaLR	2441	+	186	159427058	16569
chr6	159410489	159610489	harbor2	chr6	159445196	159445739	LTR/ERVL-MaLR	2157	+	272	159445468	34979
chr6	159410489	159610489	harbor2	chr6	159476726	159477080	LTR/ERVL-MaLR	1581	+	177	159476903	66414
chr6	169864558	170064558	harbor2	chr6	169903832	169904031	LTR/ERVL-MaLR	642	+	100	169903932	39374
chr6	169864558	170064558	harbor2	chr6	169904028	169904309	LTR/ERVL-MaLR	599	+	140	169904168	39610
chr6	169864558	170064558	harbor2	chr6	169933845	169934173	LTR/ERVL-MaLR	751	+	164	169934009	69451
chr6	169864558	170064558	harbor2	chr6	169951162	169951692	LTR/ERVL-MaLR	1371	+	265	169951427	86869
chr6	52185444	52385444	harbor2	chr6	52194942	52195309	LTR/ERVL-MaLR	2234	+	184	52195126	9682
chr6	52185444	52385444	harbor2	chr6	52218488	52218829	LTR/ERVL-MaLR	1050	+	170	52218658	33214
chr6	52185444	52385444	harbor2	chr6	52218831	52220495	LTR/ERVL-MaLR	5439	+	832	52219663	34219
chr6	52185444	52385444	harbor2	chr6	52220645	52220857	LTR/ERVL-MaLR	961	+	106	52220751	35307
chr6	52185444	52385444	harbor2	chr6	52250318	52250620	LTR/ERVL-MaLR	1204	+	151	52250469	65025
chr7	154767306	154967306	harbor2	chr7	154769983	154770124	LTR/ERVL-MaLR	1852	+	70	154770053	2747
chr7	154767306	154967306	harbor2	chr7	154770465	154770691	LTR/ERVL-MaLR	1852	+	113	154770578	3272
chr7	154767306	154967306	harbor2	chr7	154786349	154786713	LTR/ERVL-MaLR	2709	+	182	154786531	19225
chr7	154767306	154967306	harbor2	chr7	154792267	154792335	LTR/ERVL-MaLR	441	+	34	154792301	24995
chr7	154767306	154967306	harbor2	chr7	154835094	154835462	LTR/ERVL-MaLR	832	+	184	154835278	67972
chr7	50206270	50406270	harbor2	chr7	50270321	50270974	LTR/ERVL-MaLR	1870	+	326	50270647	64377
chr7	50206270	50406270	harbor2	chr7	50290315	50290697	LTR/ERVL-MaLR	2452	+	191	50290506	84236
chr7	1802355	2002355	harbor2	chr7	1804877	1805243	LTR/ERVL-MaLR	891	+	183	1805060	2705
chr7	1802355	2002355	harbor2	chr7	1864626	1865004	LTR/ERVL-MaLR	1120	+	189	1864815	62460
chr7	1802355	2002355	harbor2	chr7	1875769	1876102	LTR/ERVL-MaLR	830	+	166	1875935	73580
chr7	1802355	2002355	harbor2	chr7	1890217	1890614	LTR/ERVL-MaLR	1398	+	198	1890415	88060
chr7	130568331	130768331	harbor2	chr7	130600823	130601060	LTR/ERVL-MaLR	627	+	118	130600941	32610
chr7	130568331	130768331	harbor2	chr7	130601909	130602192	LTR/ERVL-MaLR	608	+	142	130602051	33720
chr7	130568331	130768331	harbor2	chr7	130605295	130605898	LTR/ERVL-MaLR	1771	+	302	130605597	37266
chr7	130568331	130768331	harbor2	chr7	130605907	130606059	LTR/ERVL-MaLR	637	+	76	130605983	37652
chr7	130568331	130768331	harbor2	chr7	130606423	130606669	LTR/ERVL-MaLR	858	+	123	130606546	38215
chr7	130568331	130768331	harbor2	chr7	130609213	130609566	LTR/ERVL-MaLR	2185	+	176	130609389	41058
chr7	130568331	130768331	harbor2	chr7	130620437	130620871	LTR/ERVL-MaLR	1162	+	217	130620654	52323
chr7	130568331	130768331	harbor2	chr7	130620880	130621375	LTR/ERVL-MaLR	1942	+	248	130621128	52797
chr7	130568331	130768331	harbor2	chr7	130646594	130646929	LTR/ERVL-MaLR	1862	+	168	130646762	78431
chr7	130568331	130768331	harbor2	chr7	130647337	130647378	LTR/ERVL-MaLR	1862	+	20	130647357	79026
chr7	151453621	151653621	harbor2	chr7	151473027	151473526	LTR/ERVL-MaLR	1653	+	250	151473277	19656
chr7	151453621	151653621	harbor2	chr7	151523769	151524189	LTR/ERVL-MaLR	1772	+	210	151523979	70358
chr7	151453621	151653621	harbor2	chr7	151536035	151536073	LTR/ERVL-MaLR	1987	+	19	151536054	82433
chr7	151453621	151653621	harbor2	chr7	151536616	151536959	LTR/ERVL-MaLR	1786	+	172	151536788	83167
chr7	151453621	151653621	harbor2	chr7	151539102	151539206	LTR/ERVL-MaLR	449	+	52	151539154	85533
chr7	151453621	151653621	harbor2	chr7	151549316	151549465	LTR/ERVL-MaLR	1424	+	74	151549390	95769
chr7	151453621	151653621	harbor2	chr7	151549775	151549969	LTR/ERVL-MaLR	1424	+	97	151549872	96251
chr7	151453621	151653621	harbor2	chr7	151535373	151535701	LTR/ERVL-MaLR	1987	+	164	151535537	81916
chr7	28540595	28740595	harbor2	chr7	28584266	28584728	LTR/ERVL-MaLR	1965	+	231	28584497	43902
chr7	28540595	28740595	harbor2	chr7	28598048	28598393	LTR/ERVL-MaLR	2752	+	172	28598220	57625
chr7	1312998	1512998	harbor2	chr7	1317949	1318075	LTR/ERVL-MaLR	454	+	63	1318012	5014
chr7	1312998	1512998	harbor2	chr7	1325104	1325407	LTR/ERVL-MaLR	418	+	152	1325256	12258
chr7	1312998	1512998	harbor2	chr7	1339721	1339891	LTR/ERVL-MaLR	420	+	85	1339806	26808
chr7	1312998	1512998	harbor2	chr7	1342917	1343226	LTR/ERVL-MaLR	1926	+	154	1343071	30073
chr7	1312998	1512998	harbor2	chr7	1343533	1343603	LTR/ERVL-MaLR	1926	+	35	1343568	30570
chr7	1312998	1512998	harbor2	chr7	1371441	1371600	LTR/ERVL-MaLR	616	+	80	1371521	58523
chr7	1312998	1512998	harbor2	chr7	1371928	1372142	LTR/ERVL-MaLR	616	+	107	1372035	59037
chr7	1312998	1512998	harbor2	chr7	1392193	1392613	LTR/ERVL-MaLR	2457	+	210	1392403	79405
chr7	1312998	1512998	harbor2	chr7	1402066	1402538	LTR/ERVL-MaLR	1051	+	236	1402302	89304
chr7	1252797	1452797	harbor2	chr7	1317949	1318075	LTR/ERVL-MaLR	454	+	63	1318012	65215
chr7	1252797	1452797	harbor2	chr7	1325104	1325407	LTR/ERVL-MaLR	418	+	152	1325256	72459
chr7	1252797	1452797	harbor2	chr7	1339721	1339891	LTR/ERVL-MaLR	420	+	85	1339806	87009
chr7	1252797	1452797	harbor2	chr7	1342917	1343226	LTR/ERVL-MaLR	1926	+	154	1343071	90274
chr7	1252797	1452797	harbor2	chr7	1343533	1343603	LTR/ERVL-MaLR	1926	+	35	1343568	90771
chr7	39733301	39933301	harbor2	chr7	39755964	39756135	LTR/ERVL-MaLR	434	+	86	39756050	22749
chr7	39733301	39933301	harbor2	chr7	39763351	39763694	LTR/ERVL-MaLR	1473	+	172	39763523	30222
chr7	39733301	39933301	harbor2	chr7	39773506	39773869	LTR/ERVL-MaLR	1567	+	182	39773688	40387
chr7	39733301	39933301	harbor2	chr7	39785521	39785883	LTR/ERVL-MaLR	1569	+	181	39785702	52401
chr7	54986554	55186554	harbor2	chr7	55001144	55001509	LTR/ERVL-MaLR	1891	+	182	55001326	14772
chr7	54986554	55186554	harbor2	chr7	55013031	55013390	LTR/ERVL-MaLR	1817	+	180	55013211	26657
chr7	54986554	55186554	harbor2	chr7	55051261	55051655	LTR/ERVL-MaLR	2431	+	197	55051458	64904
chr7	1801790	2001790	harbor2	chr7	1804877	1805243	LTR/ERVL-MaLR	891	+	183	1805060	3270
chr7	1801790	2001790	harbor2	chr7	1864626	1865004	LTR/ERVL-MaLR	1120	+	189	1864815	63025
chr7	1801790	2001790	harbor2	chr7	1875769	1876102	LTR/ERVL-MaLR	830	+	166	1875935	74145
chr7	1801790	2001790	harbor2	chr7	1890217	1890614	LTR/ERVL-MaLR	1398	+	198	1890415	88625
chr7	80538527	80738527	harbor2	chr7	80539222	80539429	LTR/ERVL-MaLR	1560	+	104	80539326	799
chr7	80538527	80738527	harbor2	chr7	80539737	80539894	LTR/ERVL-MaLR	1560	+	78	80539815	1288
chr7	80538527	80738527	harbor2	chr7	80544506	80544872	LTR/ERVL-MaLR	2098	+	183	80544689	6162
chr7	80538527	80738527	harbor2	chr7	80544873	80546350	LTR/ERVL-MaLR	10384	+	738	80545611	7084
chr7	80538527	80738527	harbor2	chr7	80546351	80546716	LTR/ERVL-MaLR	2185	+	182	80546533	8006
chr7	80538527	80738527	harbor2	chr7	80553739	80554092	LTR/ERVL-MaLR	1994	+	176	80553915	15388
chr7	80538527	80738527	harbor2	chr7	80592888	80593196	LTR/ERVL-MaLR	1599	+	154	80593042	54515
chr7	128310411	128510411	harbor2	chr7	128313625	128313958	LTR/ERVL-MaLR	2496	+	166	128313791	3380
chr7	128310411	128510411	harbor2	chr7	128314262	128314332	LTR/ERVL-MaLR	2496	+	35	128314297	3886
chr7	128310411	128510411	harbor2	chr7	128334714	128335113	LTR/ERVL-MaLR	1462	+	200	128334914	24503
chr7	128310411	128510411	harbor2	chr7	128340166	128340591	LTR/ERVL-MaLR	2730	+	212	128340378	29967
chr7	128310411	128510411	harbor2	chr7	128383340	128383786	LTR/ERVL-MaLR	1870	+	223	128383563	73152
chr7	28082332	28282332	harbor2	chr7	28084793	28085128	LTR/ERVL-MaLR	1651	+	168	28084961	2629
chr7	28082332	28282332	harbor2	chr7	28089154	28089432	LTR/ERVL-MaLR	1020	+	139	28089293	6961
chr7	28082332	28282332	harbor2	chr7	28089450	28089933	LTR/ERVL-MaLR	2061	+	242	28089692	7360
chr7	28082332	28282332	harbor2	chr7	28093145	28093505	LTR/ERVL-MaLR	2049	+	180	28093325	10993
chr7	28082332	28282332	harbor2	chr7	28098040	28098403	LTR/ERVL-MaLR	1557	+	182	28098222	15890
chr7	28082332	28282332	harbor2	chr7	28124022	28124409	LTR/ERVL-MaLR	1797	+	194	28124216	41884
chr7	28082332	28282332	harbor2	chr7	28139300	28139519	LTR/ERVL-MaLR	1061	+	110	28139410	57078
chr7	28082332	28282332	harbor2	chr7	28139532	28139718	LTR/ERVL-MaLR	725	+	93	28139625	57293
chr7	28082332	28282332	harbor2	chr7	28162140	28162374	LTR/ERVL-MaLR	405	+	117	28162257	79925
chr7	1312731	1512731	harbor2	chr7	1317949	1318075	LTR/ERVL-MaLR	454	+	63	1318012	5281
chr7	1312731	1512731	harbor2	chr7	1325104	1325407	LTR/ERVL-MaLR	418	+	152	1325256	12525
chr7	1312731	1512731	harbor2	chr7	1339721	1339891	LTR/ERVL-MaLR	420	+	85	1339806	27075
chr7	1312731	1512731	harbor2	chr7	1342917	1343226	LTR/ERVL-MaLR	1926	+	154	1343071	30340
chr7	1312731	1512731	harbor2	chr7	1343533	1343603	LTR/ERVL-MaLR	1926	+	35	1343568	30837
chr7	1312731	1512731	harbor2	chr7	1371441	1371600	LTR/ERVL-MaLR	616	+	80	1371521	58790
chr7	1312731	1512731	harbor2	chr7	1371928	1372142	LTR/ERVL-MaLR	616	+	107	1372035	59304
chr7	1312731	1512731	harbor2	chr7	1392193	1392613	LTR/ERVL-MaLR	2457	+	210	1392403	79672
chr7	1312731	1512731	harbor2	chr7	1402066	1402538	LTR/ERVL-MaLR	1051	+	236	1402302	89571
chr7	55951704	56151704	harbor2	chr7	56041511	56041624	LTR/ERVL-MaLR	646	+	56	56041567	89863
chr7	932200	1132200	harbor2	chr7	963691	963899	LTR/ERVL-MaLR	456	+	104	963795	31595
chr7	149614656	149814656	harbor2	chr7	149630753	149631201	LTR/ERVL-MaLR	871	+	224	149630977	16321
chr7	149614656	149814656	harbor2	chr7	149655969	149656353	LTR/ERVL-MaLR	2141	+	192	149656161	41505
chr7	149614656	149814656	harbor2	chr7	149663706	149664010	LTR/ERVL-MaLR	900	+	152	149663858	49202
chr7	149614656	149814656	harbor2	chr7	149687600	149687711	LTR/ERVL-MaLR	550	+	56	149687656	73000
chr7	110297759	110497759	harbor2	chr7	110311877	110312287	LTR/ERVL-MaLR	2431	+	205	110312082	14323
chr7	110297759	110497759	harbor2	chr7	110316197	110316562	LTR/ERVL-MaLR	2178	+	182	110316379	18620
chr7	140915057	141115057	harbor2	chr7	140927936	140928285	LTR/ERVL-MaLR	1975	+	174	140928110	13053
chr7	50206568	50406568	harbor2	chr7	50270321	50270974	LTR/ERVL-MaLR	1870	+	326	50270647	64079
chr7	50206568	50406568	harbor2	chr7	50290315	50290697	LTR/ERVL-MaLR	2452	+	191	50290506	83938
chr7	44969996	45169996	harbor2	chr7	45006246	45006333	LTR/ERVL-MaLR	1721	+	44	45006290	36294
chr7	44969996	45169996	harbor2	chr7	45006644	45006942	LTR/ERVL-MaLR	1721	+	149	45006793	36797
chr7	28082337	28282337	harbor2	chr7	28084793	28085128	LTR/ERVL-MaLR	1651	+	168	28084961	2624
chr7	28082337	28282337	harbor2	chr7	28089154	28089432	LTR/ERVL-MaLR	1020	+	139	28089293	6956
chr7	28082337	28282337	harbor2	chr7	28089450	28089933	LTR/ERVL-MaLR	2061	+	242	28089692	7355
chr7	28082337	28282337	harbor2	chr7	28093145	28093505	LTR/ERVL-MaLR	2049	+	180	28093325	10988
chr7	28082337	28282337	harbor2	chr7	28098040	28098403	LTR/ERVL-MaLR	1557	+	182	28098222	15885
chr7	28082337	28282337	harbor2	chr7	28124022	28124409	LTR/ERVL-MaLR	1797	+	194	28124216	41879
chr7	28082337	28282337	harbor2	chr7	28139300	28139519	LTR/ERVL-MaLR	1061	+	110	28139410	57073
chr7	28082337	28282337	harbor2	chr7	28139532	28139718	LTR/ERVL-MaLR	725	+	93	28139625	57288
chr7	28082337	28282337	harbor2	chr7	28162140	28162374	LTR/ERVL-MaLR	405	+	117	28162257	79920
chr7	62197525	62397525	harbor2	chr7	62252157	62252427	LTR/ERVL-MaLR	1033	+	135	62252292	54767
chr7	62197525	62397525	harbor2	chr7	62252724	62252967	LTR/ERVL-MaLR	1033	+	122	62252846	55321
chr7	62197525	62397525	harbor2	chr7	62255837	62256173	LTR/ERVL-MaLR	2116	+	168	62256005	58480
chr7	62197525	62397525	harbor2	chr7	62263245	62263377	LTR/ERVL-MaLR	716	+	66	62263311	65786
chr7	47569714	47769714	harbor2	chr7	47602332	47602745	LTR/ERVL-MaLR	2018	+	206	47602538	32824
chr7	47569714	47769714	harbor2	chr7	47606888	47606993	LTR/ERVL-MaLR	1714	+	52	47606940	37226
chr7	47569714	47769714	harbor2	chr7	47607300	47607544	LTR/ERVL-MaLR	1714	+	122	47607422	37708
chr7	47569714	47769714	harbor2	chr7	47607850	47607882	LTR/ERVL-MaLR	1714	+	16	47607866	38152
chr7	47569714	47769714	harbor2	chr7	47618123	47618232	LTR/ERVL-MaLR	1671	+	54	47618177	48463
chr7	47569714	47769714	harbor2	chr7	47618544	47618807	LTR/ERVL-MaLR	1671	+	132	47618676	48962
chr7	47569714	47769714	harbor2	chr7	47619711	47620069	LTR/ERVL-MaLR	2133	+	179	47619890	50176
chr7	47569714	47769714	harbor2	chr7	47627228	47627519	LTR/ERVL-MaLR	1587	+	146	47627374	57660
chr7	47569714	47769714	harbor2	chr7	47627956	47628172	LTR/ERVL-MaLR	1587	+	108	47628064	58350
chr7	47569714	47769714	harbor2	chr7	47652976	47653348	LTR/ERVL-MaLR	1916	+	186	47653162	83448
chr7	47569714	47769714	harbor2	chr7	47656532	47656755	LTR/ERVL-MaLR	1096	+	112	47656644	86930
chr7	156586157	156786157	harbor2	chr7	156591957	156591978	LTR/ERVL-MaLR	715	+	10	156591967	5810
chr7	156586157	156786157	harbor2	chr7	156592569	156592730	LTR/ERVL-MaLR	741	+	80	156592649	6492
chr7	156586157	156786157	harbor2	chr7	156592833	156593015	LTR/ERVL-MaLR	904	+	91	156592924	6767
chr7	156586157	156786157	harbor2	chr7	156594621	156594989	LTR/ERVL-MaLR	2077	+	184	156594805	8648
chr7	156586157	156786157	harbor2	chr7	156612439	156612768	LTR/ERVL-MaLR	1090	+	164	156612603	26446
chr7	156586157	156786157	harbor2	chr7	156628368	156628750	LTR/ERVL-MaLR	2207	+	191	156628559	42402
chr7	156586157	156786157	harbor2	chr7	156628751	156629407	LTR/ERVL-MaLR	9799	+	328	156629079	42922
chr7	156586157	156786157	harbor2	chr7	156629765	156630729	LTR/ERVL-MaLR	9799	+	482	156630247	44090
chr7	156586157	156786157	harbor2	chr7	156630732	156630929	LTR/ERVL-MaLR	965	+	98	156630830	44673
chr7	156586157	156786157	harbor2	chr7	156646804	156646849	LTR/ERVL-MaLR	408	+	22	156646826	60669
chr7	135108478	135308478	harbor2	chr7	135132541	135132894	LTR/ERVL-MaLR	2328	+	176	135132717	24239
chr7	135108478	135308478	harbor2	chr7	135156770	135157123	LTR/ERVL-MaLR	2620	+	176	135156946	48468
chr7	64938036	65138036	harbor2	chr7	65025005	65025368	LTR/ERVL-MaLR	2544	+	182	65025187	87151
chr7	64938036	65138036	harbor2	chr7	65025382	65025510	LTR/ERVL-MaLR	525	+	64	65025446	87410
chr7	64938036	65138036	harbor2	chr7	65025814	65025882	LTR/ERVL-MaLR	525	+	34	65025848	87812
chr7	64938036	65138036	harbor2	chr7	65026663	65026914	LTR/ERVL-MaLR	1251	+	126	65026789	88753
chr7	64938036	65138036	harbor2	chr7	65026915	65027278	LTR/ERVL-MaLR	1857	+	182	65027097	89061
chr7	64938036	65138036	harbor2	chr7	65036168	65036243	LTR/ERVL-MaLR	1757	+	38	65036206	98170
chr7	64938036	65138036	harbor2	chr7	65036554	65037006	LTR/ERVL-MaLR	1757	+	226	65036780	98744
chr7	64938036	65138036	harbor2	chr7	65011501	65011948	LTR/ERVL-MaLR	880	+	224	65011725	73689
chr7	47250554	47450554	harbor2	chr7	47252669	47253031	LTR/ERVL-MaLR	2167	+	181	47252850	2296
chr7	47250554	47450554	harbor2	chr7	47285285	47285649	LTR/ERVL-MaLR	2792	+	182	47285467	34913
chr7	50265125	50465125	harbor2	chr7	50270321	50270974	LTR/ERVL-MaLR	1870	+	326	50270647	5522
chr7	50265125	50465125	harbor2	chr7	50290315	50290697	LTR/ERVL-MaLR	2452	+	191	50290506	25381
chr7	88072268	88272268	harbor2	chr7	88073112	88073472	LTR/ERVL-MaLR	562	+	180	88073292	1024
chr7	88072268	88272268	harbor2	chr7	88098417	88098610	LTR/ERVL-MaLR	642	+	96	88098513	26245
chr7	28180867	28380867	harbor2	chr7	28192926	28193060	LTR/ERVL-MaLR	457	+	67	28192993	12126
chr7	28180867	28380867	harbor2	chr7	28197905	28198263	LTR/ERVL-MaLR	2175	+	179	28198084	17217
chr7	28180867	28380867	harbor2	chr7	28209115	28209144	LTR/ERVL-MaLR	1961	+	14	28209129	28262
chr7	28180867	28380867	harbor2	chr7	28209445	28209765	LTR/ERVL-MaLR	1961	+	160	28209605	28738
chr7	28180867	28380867	harbor2	chr7	28224805	28225130	LTR/ERVL-MaLR	956	+	162	28224967	44100
chr7	28180867	28380867	harbor2	chr7	28243554	28243958	LTR/ERVL-MaLR	1971	+	202	28243756	62889
chr7	47228593	47428593	harbor2	chr7	47232663	47233087	LTR/ERVL-MaLR	1646	+	212	47232875	4282
chr7	47228593	47428593	harbor2	chr7	47240726	47241089	LTR/ERVL-MaLR	1619	+	182	47240908	12315
chr7	47228593	47428593	harbor2	chr7	47252669	47253031	LTR/ERVL-MaLR	2167	+	181	47252850	24257
chr7	47228593	47428593	harbor2	chr7	47285285	47285649	LTR/ERVL-MaLR	2792	+	182	47285467	56874
chr7	123650345	123850345	harbor2	chr7	123709272	123709428	LTR/ERVL-MaLR	728	+	78	123709350	59005
chr7	28372783	28572783	harbor2	chr7	28444927	28445280	LTR/ERVL-MaLR	2635	+	176	28445103	72320
chr7	155252074	155452074	harbor2	chr7	155256169	155256523	LTR/ERVL-MaLR	1249	+	177	155256346	4272
chr7	155252074	155452074	harbor2	chr7	155260796	155261003	LTR/ERVL-MaLR	713	+	104	155260900	8826
chr7	155252074	155452074	harbor2	chr7	155261003	155261213	LTR/ERVL-MaLR	725	+	105	155261108	9034
chr7	155252074	155452074	harbor2	chr7	155261558	155262139	LTR/ERVL-MaLR	428	+	290	155261848	9774
chr7	155252074	155452074	harbor2	chr7	155268623	155268964	LTR/ERVL-MaLR	2202	+	170	155268793	16719
chr7	155252074	155452074	harbor2	chr7	155289535	155289668	LTR/ERVL-MaLR	569	+	66	155289601	37527
chr7	155252074	155452074	harbor2	chr7	155290020	155290086	LTR/ERVL-MaLR	569	+	33	155290053	37979
chr7	155252074	155452074	harbor2	chr7	155290099	155290305	LTR/ERVL-MaLR	761	+	103	155290202	38128
chr7	155252074	155452074	harbor2	chr7	155315856	155316288	LTR/ERVL-MaLR	1183	+	216	155316072	63998
chr7	155252074	155452074	harbor2	chr7	155323260	155323614	LTR/ERVL-MaLR	1718	+	177	155323437	71363
chr7	155252074	155452074	harbor2	chr7	155329988	155330470	LTR/ERVL-MaLR	1422	+	241	155330229	78155
chr7	155252074	155452074	harbor2	chr7	155331993	155332329	LTR/ERVL-MaLR	1409	+	168	155332161	80087
chr7	155252074	155452074	harbor2	chr7	155337786	155338093	LTR/ERVL-MaLR	621	+	154	155337940	85866
chr7	155252074	155452074	harbor2	chr7	155342462	155342843	LTR/ERVL-MaLR	758	+	190	155342652	90578
chr7	155252074	155452074	harbor2	chr7	155351052	155351301	LTR/ERVL-MaLR	863	+	124	155351176	99102
chr7	151127410	151327410	harbor2	chr7	151176745	151177203	LTR/ERVL-MaLR	2109	+	229	151176974	49564
chr7	28082467	28282467	harbor2	chr7	28084793	28085128	LTR/ERVL-MaLR	1651	+	168	28084961	2494
chr7	28082467	28282467	harbor2	chr7	28089154	28089432	LTR/ERVL-MaLR	1020	+	139	28089293	6826
chr7	28082467	28282467	harbor2	chr7	28089450	28089933	LTR/ERVL-MaLR	2061	+	242	28089692	7225
chr7	28082467	28282467	harbor2	chr7	28093145	28093505	LTR/ERVL-MaLR	2049	+	180	28093325	10858
chr7	28082467	28282467	harbor2	chr7	28098040	28098403	LTR/ERVL-MaLR	1557	+	182	28098222	15755
chr7	28082467	28282467	harbor2	chr7	28124022	28124409	LTR/ERVL-MaLR	1797	+	194	28124216	41749
chr7	28082467	28282467	harbor2	chr7	28139300	28139519	LTR/ERVL-MaLR	1061	+	110	28139410	56943
chr7	28082467	28282467	harbor2	chr7	28139532	28139718	LTR/ERVL-MaLR	725	+	93	28139625	57158
chr7	28082467	28282467	harbor2	chr7	28162140	28162374	LTR/ERVL-MaLR	405	+	117	28162257	79790
chr7	1801802	2001802	harbor2	chr7	1804877	1805243	LTR/ERVL-MaLR	891	+	183	1805060	3258
chr7	1801802	2001802	harbor2	chr7	1864626	1865004	LTR/ERVL-MaLR	1120	+	189	1864815	63013
chr7	1801802	2001802	harbor2	chr7	1875769	1876102	LTR/ERVL-MaLR	830	+	166	1875935	74133
chr7	1801802	2001802	harbor2	chr7	1890217	1890614	LTR/ERVL-MaLR	1398	+	198	1890415	88613
chr7	1377250	1577250	harbor2	chr7	1392193	1392613	LTR/ERVL-MaLR	2457	+	210	1392403	15153
chr7	1377250	1577250	harbor2	chr7	1402066	1402538	LTR/ERVL-MaLR	1051	+	236	1402302	25052
chr7	1377250	1577250	harbor2	chr7	1443467	1443867	LTR/ERVL-MaLR	822	+	200	1443667	66417
chr7	1377250	1577250	harbor2	chr7	1453147	1453553	LTR/ERVL-MaLR	783	+	203	1453350	76100
chr7	151127409	151327409	harbor2	chr7	151176745	151177203	LTR/ERVL-MaLR	2109	+	229	151176974	49565
chr7	156338633	156538633	harbor2	chr7	156369902	156370258	LTR/ERVL-MaLR	2466	+	178	156370080	31447
chr7	156338633	156538633	harbor2	chr7	156408237	156408597	LTR/ERVL-MaLR	2364	+	180	156408417	69784
chr7	156338633	156538633	harbor2	chr7	156421282	156421722	LTR/ERVL-MaLR	2146	+	220	156421502	82869
chr7	156338633	156538633	harbor2	chr7	156431630	156432035	LTR/ERVL-MaLR	2634	+	202	156431832	93199
chr7	28082211	28282211	harbor2	chr7	28084793	28085128	LTR/ERVL-MaLR	1651	+	168	28084961	2750
chr7	28082211	28282211	harbor2	chr7	28089154	28089432	LTR/ERVL-MaLR	1020	+	139	28089293	7082
chr7	28082211	28282211	harbor2	chr7	28089450	28089933	LTR/ERVL-MaLR	2061	+	242	28089692	7481
chr7	28082211	28282211	harbor2	chr7	28093145	28093505	LTR/ERVL-MaLR	2049	+	180	28093325	11114
chr7	28082211	28282211	harbor2	chr7	28098040	28098403	LTR/ERVL-MaLR	1557	+	182	28098222	16011
chr7	28082211	28282211	harbor2	chr7	28124022	28124409	LTR/ERVL-MaLR	1797	+	194	28124216	42005
chr7	28082211	28282211	harbor2	chr7	28139300	28139519	LTR/ERVL-MaLR	1061	+	110	28139410	57199
chr7	28082211	28282211	harbor2	chr7	28139532	28139718	LTR/ERVL-MaLR	725	+	93	28139625	57414
chr7	28082211	28282211	harbor2	chr7	28162140	28162374	LTR/ERVL-MaLR	405	+	117	28162257	80046
chr7	28082118	28282118	harbor2	chr7	28084793	28085128	LTR/ERVL-MaLR	1651	+	168	28084961	2843
chr7	28082118	28282118	harbor2	chr7	28089154	28089432	LTR/ERVL-MaLR	1020	+	139	28089293	7175
chr7	28082118	28282118	harbor2	chr7	28089450	28089933	LTR/ERVL-MaLR	2061	+	242	28089692	7574
chr7	28082118	28282118	harbor2	chr7	28093145	28093505	LTR/ERVL-MaLR	2049	+	180	28093325	11207
chr7	28082118	28282118	harbor2	chr7	28098040	28098403	LTR/ERVL-MaLR	1557	+	182	28098222	16104
chr7	28082118	28282118	harbor2	chr7	28124022	28124409	LTR/ERVL-MaLR	1797	+	194	28124216	42098
chr7	28082118	28282118	harbor2	chr7	28139300	28139519	LTR/ERVL-MaLR	1061	+	110	28139410	57292
chr7	28082118	28282118	harbor2	chr7	28139532	28139718	LTR/ERVL-MaLR	725	+	93	28139625	57507
chr7	28082118	28282118	harbor2	chr7	28162140	28162374	LTR/ERVL-MaLR	405	+	117	28162257	80139
chr7	113020567	113220567	harbor2	chr7	113038831	113039200	LTR/ERVL-MaLR	2280	+	184	113039015	18448
chr7	113020567	113220567	harbor2	chr7	113055436	113055612	LTR/ERVL-MaLR	2151	+	88	113055524	34957
chr7	113020567	113220567	harbor2	chr7	113055667	113055910	LTR/ERVL-MaLR	2151	+	122	113055789	35222
chr7	113020567	113220567	harbor2	chr7	113110363	113110739	LTR/ERVL-MaLR	1932	+	188	113110551	89984
chr7	157885917	158085917	harbor2	chr7	157921447	157921840	LTR/ERVL-MaLR	1208	+	196	157921643	35726
chr7	123649503	123849503	harbor2	chr7	123709272	123709428	LTR/ERVL-MaLR	728	+	78	123709350	59847
chr7	44696599	44896599	harbor2	chr7	44775870	44776113	LTR/ERVL-MaLR	429	+	122	44775992	79393
chr7	123649133	123849133	harbor2	chr7	123709272	123709428	LTR/ERVL-MaLR	728	+	78	123709350	60217
chr7	1834468	2034468	harbor2	chr7	1864626	1865004	LTR/ERVL-MaLR	1120	+	189	1864815	30347
chr7	1834468	2034468	harbor2	chr7	1875769	1876102	LTR/ERVL-MaLR	830	+	166	1875935	41467
chr7	1834468	2034468	harbor2	chr7	1890217	1890614	LTR/ERVL-MaLR	1398	+	198	1890415	55947
chr7	1834468	2034468	harbor2	chr7	1914278	1914613	LTR/ERVL-MaLR	737	+	168	1914446	79978
chr7	1834468	2034468	harbor2	chr7	1914912	1914972	LTR/ERVL-MaLR	737	+	30	1914942	80474
chr7	154596511	154796511	harbor2	chr7	154611942	154612247	LTR/ERVL-MaLR	824	+	152	154612094	15583
chr7	154596511	154796511	harbor2	chr7	154618851	154619213	LTR/ERVL-MaLR	2694	+	181	154619032	22521
chr7	154596511	154796511	harbor2	chr7	154671991	154672332	LTR/ERVL-MaLR	1879	+	170	154672161	75650
chr7	155249504	155449504	harbor2	chr7	155250695	155251117	LTR/ERVL-MaLR	1285	+	211	155250906	1402
chr7	155249504	155449504	harbor2	chr7	155256169	155256523	LTR/ERVL-MaLR	1249	+	177	155256346	6842
chr7	155249504	155449504	harbor2	chr7	155260796	155261003	LTR/ERVL-MaLR	713	+	104	155260900	11396
chr7	155249504	155449504	harbor2	chr7	155261003	155261213	LTR/ERVL-MaLR	725	+	105	155261108	11604
chr7	155249504	155449504	harbor2	chr7	155261558	155262139	LTR/ERVL-MaLR	428	+	290	155261848	12344
chr7	155249504	155449504	harbor2	chr7	155268623	155268964	LTR/ERVL-MaLR	2202	+	170	155268793	19289
chr7	155249504	155449504	harbor2	chr7	155289535	155289668	LTR/ERVL-MaLR	569	+	66	155289601	40097
chr7	155249504	155449504	harbor2	chr7	155290020	155290086	LTR/ERVL-MaLR	569	+	33	155290053	40549
chr7	155249504	155449504	harbor2	chr7	155290099	155290305	LTR/ERVL-MaLR	761	+	103	155290202	40698
chr7	155249504	155449504	harbor2	chr7	155315856	155316288	LTR/ERVL-MaLR	1183	+	216	155316072	66568
chr7	155249504	155449504	harbor2	chr7	155323260	155323614	LTR/ERVL-MaLR	1718	+	177	155323437	73933
chr7	155249504	155449504	harbor2	chr7	155329988	155330470	LTR/ERVL-MaLR	1422	+	241	155330229	80725
chr7	155249504	155449504	harbor2	chr7	155331993	155332329	LTR/ERVL-MaLR	1409	+	168	155332161	82657
chr7	155249504	155449504	harbor2	chr7	155337786	155338093	LTR/ERVL-MaLR	621	+	154	155337940	88436
chr7	155249504	155449504	harbor2	chr7	155342462	155342843	LTR/ERVL-MaLR	758	+	190	155342652	93148
chr7	1801812	2001812	harbor2	chr7	1804877	1805243	LTR/ERVL-MaLR	891	+	183	1805060	3248
chr7	1801812	2001812	harbor2	chr7	1864626	1865004	LTR/ERVL-MaLR	1120	+	189	1864815	63003
chr7	1801812	2001812	harbor2	chr7	1875769	1876102	LTR/ERVL-MaLR	830	+	166	1875935	74123
chr7	1801812	2001812	harbor2	chr7	1890217	1890614	LTR/ERVL-MaLR	1398	+	198	1890415	88603
chr7	50212359	50412359	harbor2	chr7	50270321	50270974	LTR/ERVL-MaLR	1870	+	326	50270647	58288
chr7	50212359	50412359	harbor2	chr7	50290315	50290697	LTR/ERVL-MaLR	2452	+	191	50290506	78147
chr7	28082247	28282247	harbor2	chr7	28084793	28085128	LTR/ERVL-MaLR	1651	+	168	28084961	2714
chr7	28082247	28282247	harbor2	chr7	28089154	28089432	LTR/ERVL-MaLR	1020	+	139	28089293	7046
chr7	28082247	28282247	harbor2	chr7	28089450	28089933	LTR/ERVL-MaLR	2061	+	242	28089692	7445
chr7	28082247	28282247	harbor2	chr7	28093145	28093505	LTR/ERVL-MaLR	2049	+	180	28093325	11078
chr7	28082247	28282247	harbor2	chr7	28098040	28098403	LTR/ERVL-MaLR	1557	+	182	28098222	15975
chr7	28082247	28282247	harbor2	chr7	28124022	28124409	LTR/ERVL-MaLR	1797	+	194	28124216	41969
chr7	28082247	28282247	harbor2	chr7	28139300	28139519	LTR/ERVL-MaLR	1061	+	110	28139410	57163
chr7	28082247	28282247	harbor2	chr7	28139532	28139718	LTR/ERVL-MaLR	725	+	93	28139625	57378
chr7	28082247	28282247	harbor2	chr7	28162140	28162374	LTR/ERVL-MaLR	405	+	117	28162257	80010
chr7	103039312	103239312	harbor2	chr7	103064601	103065097	LTR/ERVL-MaLR	1195	+	248	103064849	25537
chr7	103039312	103239312	harbor2	chr7	103067351	103067823	LTR/ERVL-MaLR	1304	+	236	103067587	28275
chr7	103039312	103239312	harbor2	chr7	103077962	103077998	LTR/ERVL-MaLR	2527	+	18	103077980	38668
chr7	103039312	103239312	harbor2	chr7	103078273	103078613	LTR/ERVL-MaLR	2527	+	170	103078443	39131
chr7	47228840	47428840	harbor2	chr7	47232663	47233087	LTR/ERVL-MaLR	1646	+	212	47232875	4035
chr7	47228840	47428840	harbor2	chr7	47240726	47241089	LTR/ERVL-MaLR	1619	+	182	47240908	12068
chr7	47228840	47428840	harbor2	chr7	47252669	47253031	LTR/ERVL-MaLR	2167	+	181	47252850	24010
chr7	47228840	47428840	harbor2	chr7	47285285	47285649	LTR/ERVL-MaLR	2792	+	182	47285467	56627
chr7	133433043	133633043	harbor2	chr7	133448645	133448822	LTR/ERVL-MaLR	1832	+	88	133448733	15690
chr7	133433043	133633043	harbor2	chr7	133449132	133449422	LTR/ERVL-MaLR	1832	+	145	133449277	16234
chr7	133433043	133633043	harbor2	chr7	133489820	133490310	LTR/ERVL-MaLR	1063	+	245	133490065	57022
chr7	133433043	133633043	harbor2	chr7	133499597	133499966	LTR/ERVL-MaLR	1841	+	184	133499781	66738
chr7	133433043	133633043	harbor2	chr7	133509092	133509146	LTR/ERVL-MaLR	604	+	27	133509119	76076
chr7	133433043	133633043	harbor2	chr7	133509444	133509756	LTR/ERVL-MaLR	604	+	156	133509600	76557
chr7	133433043	133633043	harbor2	chr7	133496715	133497296	LTR/ERVL-MaLR	2173	+	290	133497005	63962
chr7	80035782	80235782	harbor2	chr7	80041238	80041621	LTR/ERVL-MaLR	720	+	192	80041430	5648
chr7	80035782	80235782	harbor2	chr7	80105239	80105393	LTR/ERVL-MaLR	655	+	77	80105316	69534
chr7	80035782	80235782	harbor2	chr7	80105725	80106019	LTR/ERVL-MaLR	1099	+	147	80105872	70090
chr7	80035782	80235782	harbor2	chr7	80111547	80111962	LTR/ERVL-MaLR	2333	+	208	80111755	75973
chr7	80035782	80235782	harbor2	chr7	80126310	80126664	LTR/ERVL-MaLR	1633	+	177	80126487	90705
chr7	80035782	80235782	harbor2	chr7	80132623	80132949	LTR/ERVL-MaLR	1317	+	163	80132786	97004
chr7	117804099	118004099	harbor2	chr7	117807482	117807737	LTR/ERVL-MaLR	437	+	128	117807610	3511
chr7	117804099	118004099	harbor2	chr7	117837046	117837230	LTR/ERVL-MaLR	508	+	92	117837138	33039
chr7	117804099	118004099	harbor2	chr7	117843819	117844345	LTR/ERVL-MaLR	2399	+	263	117844082	39983
chr7	117804099	118004099	harbor2	chr7	117889564	117889900	LTR/ERVL-MaLR	407	+	168	117889732	85633
chr7	47237791	47437791	harbor2	chr7	47240726	47241089	LTR/ERVL-MaLR	1619	+	182	47240908	3117
chr7	47237791	47437791	harbor2	chr7	47252669	47253031	LTR/ERVL-MaLR	2167	+	181	47252850	15059
chr7	47237791	47437791	harbor2	chr7	47285285	47285649	LTR/ERVL-MaLR	2792	+	182	47285467	47676
chr7	127247874	127447874	harbor2	chr7	127257773	127258103	LTR/ERVL-MaLR	466	+	165	127257938	10064
chr7	127247874	127447874	harbor2	chr7	127258844	127259216	LTR/ERVL-MaLR	2747	+	186	127259030	11156
chr7	35945695	36145695	harbor2	chr7	35998615	35998865	LTR/ERVL-MaLR	2366	+	125	35998740	53045
chr7	35945695	36145695	harbor2	chr7	35999170	35999286	LTR/ERVL-MaLR	2366	+	58	35999228	53533
chr7	35945695	36145695	harbor2	chr7	36001020	36001146	LTR/ERVL-MaLR	913	+	63	36001083	55388
chr7	35945695	36145695	harbor2	chr7	36001181	36001523	LTR/ERVL-MaLR	2077	+	171	36001352	55657
chr7	35945695	36145695	harbor2	chr7	36001524	36001886	LTR/ERVL-MaLR	1928	+	181	36001705	56010
chr7	35945695	36145695	harbor2	chr7	36004133	36004521	LTR/ERVL-MaLR	1754	+	194	36004327	58632
chr7	35945695	36145695	harbor2	chr7	36014102	36014458	LTR/ERVL-MaLR	1973	+	178	36014280	68585
chr7	35945695	36145695	harbor2	chr7	36016407	36016911	LTR/ERVL-MaLR	1665	+	252	36016659	70964
chr7	127545530	127745530	harbor2	chr7	127556624	127556986	LTR/ERVL-MaLR	2870	+	181	127556805	11275
chr7	127545530	127745530	harbor2	chr7	127558138	127558292	LTR/ERVL-MaLR	2256	+	77	127558215	12685
chr7	127545530	127745530	harbor2	chr7	127558293	127558658	LTR/ERVL-MaLR	2672	+	182	127558475	12945
chr7	127545530	127745530	harbor2	chr7	127558659	127558990	LTR/ERVL-MaLR	2256	+	166	127558825	13295
chr7	128101706	128301706	harbor2	chr7	128111284	128111399	LTR/ERVL-MaLR	761	+	58	128111342	9636
chr7	128101706	128301706	harbor2	chr7	128112088	128112329	LTR/ERVL-MaLR	698	+	120	128112208	10502
chr7	128101706	128301706	harbor2	chr7	128119586	128119742	LTR/ERVL-MaLR	1396	+	78	128119664	17958
chr7	128101706	128301706	harbor2	chr7	128120037	128120224	LTR/ERVL-MaLR	1396	+	94	128120131	18425
chr7	128101706	128301706	harbor2	chr7	128129224	128129592	LTR/ERVL-MaLR	2231	+	184	128129408	27702
chr7	128101706	128301706	harbor2	chr7	128139741	128140156	LTR/ERVL-MaLR	1968	+	208	128139949	38243
chr7	128101706	128301706	harbor2	chr7	128140574	128140686	LTR/ERVL-MaLR	487	+	56	128140630	38924
chr7	128101706	128301706	harbor2	chr7	128140939	128141174	LTR/ERVL-MaLR	670	+	118	128141057	39351
chr7	128101706	128301706	harbor2	chr7	128160916	128161419	LTR/ERVL-MaLR	1037	+	252	128161168	59462
chr7	128101706	128301706	harbor2	chr7	128191538	128191900	LTR/ERVL-MaLR	2005	+	181	128191719	90013
chr7	47228278	47428278	harbor2	chr7	47232663	47233087	LTR/ERVL-MaLR	1646	+	212	47232875	4597
chr7	47228278	47428278	harbor2	chr7	47240726	47241089	LTR/ERVL-MaLR	1619	+	182	47240908	12630
chr7	47228278	47428278	harbor2	chr7	47252669	47253031	LTR/ERVL-MaLR	2167	+	181	47252850	24572
chr7	47228278	47428278	harbor2	chr7	47285285	47285649	LTR/ERVL-MaLR	2792	+	182	47285467	57189
chr7	123652099	123852099	harbor2	chr7	123709272	123709428	LTR/ERVL-MaLR	728	+	78	123709350	57251
chr7	47268443	47468443	harbor2	chr7	47285285	47285649	LTR/ERVL-MaLR	2792	+	182	47285467	17024
chr7	1818117	2018117	harbor2	chr7	1864626	1865004	LTR/ERVL-MaLR	1120	+	189	1864815	46698
chr7	1818117	2018117	harbor2	chr7	1875769	1876102	LTR/ERVL-MaLR	830	+	166	1875935	57818
chr7	1818117	2018117	harbor2	chr7	1890217	1890614	LTR/ERVL-MaLR	1398	+	198	1890415	72298
chr7	1818117	2018117	harbor2	chr7	1914278	1914613	LTR/ERVL-MaLR	737	+	168	1914446	96329
chr7	1818117	2018117	harbor2	chr7	1914912	1914972	LTR/ERVL-MaLR	737	+	30	1914942	96825
chr7	151659928	151859928	harbor2	chr7	151666167	151666519	LTR/ERVL-MaLR	1767	+	176	151666343	6415
chr7	151659928	151859928	harbor2	chr7	151667475	151667972	LTR/ERVL-MaLR	1450	+	248	151667723	7795
chr7	151659928	151859928	harbor2	chr7	151667982	151668401	LTR/ERVL-MaLR	2014	+	210	151668192	8264
chr7	151659928	151859928	harbor2	chr7	151671591	151671699	LTR/ERVL-MaLR	415	+	54	151671645	11717
chr7	151659928	151859928	harbor2	chr7	151673690	151673835	LTR/ERVL-MaLR	763	+	72	151673762	13834
chr7	151659928	151859928	harbor2	chr7	151674143	151674391	LTR/ERVL-MaLR	763	+	124	151674267	14339
chr7	151659928	151859928	harbor2	chr7	151676725	151677125	LTR/ERVL-MaLR	1546	+	200	151676925	16997
chr7	151659928	151859928	harbor2	chr7	151693611	151693868	LTR/ERVL-MaLR	1528	+	128	151693739	33811
chr7	151659928	151859928	harbor2	chr7	151694174	151694240	LTR/ERVL-MaLR	1528	+	33	151694207	34279
chr7	151659928	151859928	harbor2	chr7	151698372	151698769	LTR/ERVL-MaLR	2142	+	198	151698570	38642
chr7	151659928	151859928	harbor2	chr7	151701314	151701561	LTR/ERVL-MaLR	1654	+	124	151701438	41510
chr7	151659928	151859928	harbor2	chr7	151701865	151702051	LTR/ERVL-MaLR	1654	+	93	151701958	42030
chr7	123649299	123849299	harbor2	chr7	123709272	123709428	LTR/ERVL-MaLR	728	+	78	123709350	60051
chr7	102333445	102533445	harbor2	chr7	102341964	102342347	LTR/ERVL-MaLR	2192	+	192	102342156	8711
chr7	144955897	145155897	harbor2	chr7	144955742	144956098	LTR/ERVL-MaLR	1969	+	178	144955920	23
chr7	144955897	145155897	harbor2	chr7	144980565	144980999	LTR/ERVL-MaLR	2315	+	217	144980782	24885
chr7	144955897	145155897	harbor2	chr7	145003621	145003974	LTR/ERVL-MaLR	2431	+	176	145003797	47900
chr7	144955897	145155897	harbor2	chr7	145004054	145004411	LTR/ERVL-MaLR	2120	+	178	145004232	48335
chr7	144955897	145155897	harbor2	chr7	145012022	145012380	LTR/ERVL-MaLR	1405	+	179	145012201	56304
chr7	28180872	28380872	harbor2	chr7	28192926	28193060	LTR/ERVL-MaLR	457	+	67	28192993	12121
chr7	28180872	28380872	harbor2	chr7	28197905	28198263	LTR/ERVL-MaLR	2175	+	179	28198084	17212
chr7	28180872	28380872	harbor2	chr7	28209115	28209144	LTR/ERVL-MaLR	1961	+	14	28209129	28257
chr7	28180872	28380872	harbor2	chr7	28209445	28209765	LTR/ERVL-MaLR	1961	+	160	28209605	28733
chr7	28180872	28380872	harbor2	chr7	28224805	28225130	LTR/ERVL-MaLR	956	+	162	28224967	44095
chr7	28180872	28380872	harbor2	chr7	28243554	28243958	LTR/ERVL-MaLR	1971	+	202	28243756	62884
chr7	103344727	103544727	harbor2	chr7	103394751	103395209	LTR/ERVL-MaLR	912	+	229	103394980	50253
chr7	103344727	103544727	harbor2	chr7	103411766	103412053	LTR/ERVL-MaLR	1007	+	144	103411910	67183
chr7	103344727	103544727	harbor2	chr7	103412096	103412217	LTR/ERVL-MaLR	427	+	60	103412156	67429
chr7	103344727	103544727	harbor2	chr7	103418889	103419249	LTR/ERVL-MaLR	2690	+	180	103419069	74342
chr7	103344727	103544727	harbor2	chr7	103423436	103423826	LTR/ERVL-MaLR	2106	+	195	103423631	78904
chr7	105208374	105408374	harbor2	chr7	105210631	105211172	LTR/ERVL-MaLR	1274	+	270	105210901	2527
chr7	105208374	105408374	harbor2	chr7	105285502	105285915	LTR/ERVL-MaLR	2507	+	206	105285708	77334
chr7	66457694	66657694	harbor2	chr7	66460360	66460492	LTR/ERVL-MaLR	616	+	66	66460426	2732
chr7	66457694	66657694	harbor2	chr7	66461985	66462298	LTR/ERVL-MaLR	1289	+	156	66462141	4447
chr7	66457694	66657694	harbor2	chr7	66465577	66465969	LTR/ERVL-MaLR	2176	+	196	66465773	8079
chr7	66457694	66657694	harbor2	chr7	66490887	66491325	LTR/ERVL-MaLR	1351	+	219	66491106	33412
chr7	155581114	155781114	harbor2	chr7	155582805	155583974	LTR/ERVL-MaLR	5497	+	584	155583389	2275
chr7	155581114	155781114	harbor2	chr7	155595092	155595200	LTR/ERVL-MaLR	581	+	54	155595146	14032
chr7	155581114	155781114	harbor2	chr7	155604203	155604593	LTR/ERVL-MaLR	950	+	195	155604398	23284
chr7	155581114	155781114	harbor2	chr7	155582425	155582802	LTR/ERVL-MaLR	1491	+	188	155582613	1499
chr7	25329225	25529225	harbor2	chr7	25334734	25335099	LTR/ERVL-MaLR	780	+	182	25334916	5691
chr7	25329225	25529225	harbor2	chr7	25354666	25355014	LTR/ERVL-MaLR	1480	+	174	25354840	25615
chr7	25329225	25529225	harbor2	chr7	25365908	25366486	LTR/ERVL-MaLR	1565	+	289	25366197	36972
chr7	25329225	25529225	harbor2	chr7	25366526	25366775	LTR/ERVL-MaLR	1565	+	124	25366650	37425
chr7	25329225	25529225	harbor2	chr7	25380580	25380914	LTR/ERVL-MaLR	1600	+	167	25380747	51522
chr7	25329225	25529225	harbor2	chr7	25425610	25425858	LTR/ERVL-MaLR	616	+	124	25425734	96509
chr7	33803527	34003527	harbor2	chr7	33804911	33805286	LTR/ERVL-MaLR	669	+	188	33805099	1572
chr7	33803527	34003527	harbor2	chr7	33812336	33812708	LTR/ERVL-MaLR	2322	+	186	33812522	8995
chr7	33803527	34003527	harbor2	chr7	33828636	33829019	LTR/ERVL-MaLR	2479	+	192	33828828	25301
chr7	33803527	34003527	harbor2	chr7	33840992	33841521	LTR/ERVL-MaLR	1672	+	264	33841256	37729
chr7	33803527	34003527	harbor2	chr7	33845558	33845665	LTR/ERVL-MaLR	641	+	54	33845612	42085
chr7	33803527	34003527	harbor2	chr7	33855620	33855984	LTR/ERVL-MaLR	1310	+	182	33855802	52275
chr7	33803527	34003527	harbor2	chr7	33858210	33858660	LTR/ERVL-MaLR	1354	+	225	33858435	54908
chr7	33803527	34003527	harbor2	chr7	33860438	33860780	LTR/ERVL-MaLR	2242	+	171	33860609	57082
chr7	33803527	34003527	harbor2	chr7	33866131	33866442	LTR/ERVL-MaLR	1817	+	156	33866287	62760
chr7	33803527	34003527	harbor2	chr7	33878378	33878549	LTR/ERVL-MaLR	749	+	86	33878464	74937
chr7	33803527	34003527	harbor2	chr7	33878552	33878760	LTR/ERVL-MaLR	1063	+	104	33878656	75129
chr7	33803527	34003527	harbor2	chr7	33879993	33880265	LTR/ERVL-MaLR	825	+	136	33880129	76602
chr7	33803527	34003527	harbor2	chr7	33880862	33880968	LTR/ERVL-MaLR	439	+	53	33880915	77388
chr7	33803527	34003527	harbor2	chr7	33881352	33881382	LTR/ERVL-MaLR	439	+	15	33881367	77840
chr7	33803527	34003527	harbor2	chr7	33887473	33888029	LTR/ERVL-MaLR	1795	+	278	33887751	84224
chr7	6062335	6262335	harbor2	chr7	6063122	6063273	LTR/ERVL-MaLR	1869	+	76	6063198	863
chr7	6062335	6262335	harbor2	chr7	6063865	6064090	LTR/ERVL-MaLR	1869	+	112	6063977	1642
chr7	6062335	6262335	harbor2	chr7	6064391	6064430	LTR/ERVL-MaLR	1869	+	20	6064411	2076
chr7	6062335	6262335	harbor2	chr7	6077286	6077578	LTR/ERVL-MaLR	433	+	146	6077432	15097
chr7	122786808	122986808	harbor2	chr7	122792200	122792572	LTR/ERVL-MaLR	1899	+	186	122792386	5578
chr7	122786808	122986808	harbor2	chr7	122864952	122865361	LTR/ERVL-MaLR	1981	+	204	122865156	78348
chr7	52055428	52255428	harbor2	chr7	52065537	52065732	LTR/ERVL-MaLR	624	+	98	52065635	10207
chr7	52055428	52255428	harbor2	chr7	52065736	52065932	LTR/ERVL-MaLR	655	+	98	52065834	10406
chr7	52055428	52255428	harbor2	chr7	52101178	52101356	LTR/ERVL-MaLR	889	+	89	52101267	45839
chr7	52055428	52255428	harbor2	chr7	52107024	52107206	LTR/ERVL-MaLR	897	+	91	52107115	51687
chr7	1848490	2048490	harbor2	chr7	1864626	1865004	LTR/ERVL-MaLR	1120	+	189	1864815	16325
chr7	1848490	2048490	harbor2	chr7	1875769	1876102	LTR/ERVL-MaLR	830	+	166	1875935	27445
chr7	1848490	2048490	harbor2	chr7	1890217	1890614	LTR/ERVL-MaLR	1398	+	198	1890415	41925
chr7	1848490	2048490	harbor2	chr7	1914278	1914613	LTR/ERVL-MaLR	737	+	168	1914446	65956
chr7	1848490	2048490	harbor2	chr7	1914912	1914972	LTR/ERVL-MaLR	737	+	30	1914942	66452
chr7	47228307	47428307	harbor2	chr7	47232663	47233087	LTR/ERVL-MaLR	1646	+	212	47232875	4568
chr7	47228307	47428307	harbor2	chr7	47240726	47241089	LTR/ERVL-MaLR	1619	+	182	47240908	12601
chr7	47228307	47428307	harbor2	chr7	47252669	47253031	LTR/ERVL-MaLR	2167	+	181	47252850	24543
chr7	47228307	47428307	harbor2	chr7	47285285	47285649	LTR/ERVL-MaLR	2792	+	182	47285467	57160
chr7	1313057	1513057	harbor2	chr7	1317949	1318075	LTR/ERVL-MaLR	454	+	63	1318012	4955
chr7	1313057	1513057	harbor2	chr7	1325104	1325407	LTR/ERVL-MaLR	418	+	152	1325256	12199
chr7	1313057	1513057	harbor2	chr7	1339721	1339891	LTR/ERVL-MaLR	420	+	85	1339806	26749
chr7	1313057	1513057	harbor2	chr7	1342917	1343226	LTR/ERVL-MaLR	1926	+	154	1343071	30014
chr7	1313057	1513057	harbor2	chr7	1343533	1343603	LTR/ERVL-MaLR	1926	+	35	1343568	30511
chr7	1313057	1513057	harbor2	chr7	1371441	1371600	LTR/ERVL-MaLR	616	+	80	1371521	58464
chr7	1313057	1513057	harbor2	chr7	1371928	1372142	LTR/ERVL-MaLR	616	+	107	1372035	58978
chr7	1313057	1513057	harbor2	chr7	1392193	1392613	LTR/ERVL-MaLR	2457	+	210	1392403	79346
chr7	1313057	1513057	harbor2	chr7	1402066	1402538	LTR/ERVL-MaLR	1051	+	236	1402302	89245
chr7	1199588	1399588	harbor2	chr7	1251201	1251580	LTR/ERVL-MaLR	1850	+	190	1251391	51803
chr7	50204468	50404468	harbor2	chr7	50270321	50270974	LTR/ERVL-MaLR	1870	+	326	50270647	66179
chr7	50204468	50404468	harbor2	chr7	50290315	50290697	LTR/ERVL-MaLR	2452	+	191	50290506	86038
chr7	75462	275462	harbor2	chr7	79188	79615	LTR/ERVL-MaLR	1304	+	214	79402	3940
chr7	108470639	108670639	harbor2	chr7	108492772	108493011	LTR/ERVL-MaLR	623	+	120	108492892	22253
chr7	108470639	108670639	harbor2	chr7	108493043	108493157	LTR/ERVL-MaLR	513	+	57	108493100	22461
chr7	108470639	108670639	harbor2	chr7	108512945	108513170	LTR/ERVL-MaLR	1098	+	112	108513057	42418
chr7	108470639	108670639	harbor2	chr7	108529259	108529828	LTR/ERVL-MaLR	2672	+	284	108529543	58904
chr7	108470639	108670639	harbor2	chr7	108551211	108551574	LTR/ERVL-MaLR	1388	+	182	108551393	80754
chr7	108470639	108670639	harbor2	chr7	108553938	108554259	LTR/ERVL-MaLR	1008	+	160	108554098	83459
chr7	108470639	108670639	harbor2	chr7	108560303	108560578	LTR/ERVL-MaLR	445	+	138	108560441	89802
chr7	120410021	120610021	harbor2	chr7	120480567	120480827	LTR/ERVL-MaLR	1192	+	130	120480697	70676
chr7	120410021	120610021	harbor2	chr7	120480834	120482473	LTR/ERVL-MaLR	5428	+	820	120481654	71633
chr7	120410021	120610021	harbor2	chr7	120482475	120482824	LTR/ERVL-MaLR	1413	+	174	120482649	72628
chr7	120410021	120610021	harbor2	chr7	120507330	120507812	LTR/ERVL-MaLR	1342	+	241	120507571	97550
chr7	82696059	82896059	harbor2	chr7	82722892	82723472	LTR/ERVL-MaLR	1389	+	290	82723182	27123
chr7	124001724	124201724	harbor2	chr7	124009309	124009733	LTR/ERVL-MaLR	2550	+	212	124009521	7797
chr7	124001724	124201724	harbor2	chr7	124013974	124014338	LTR/ERVL-MaLR	2206	+	182	124014156	12432
chr7	124001724	124201724	harbor2	chr7	124015565	124015691	LTR/ERVL-MaLR	782	+	63	124015628	13904
chr7	124001724	124201724	harbor2	chr7	124015933	124016200	LTR/ERVL-MaLR	942	+	134	124016067	14343
chr7	124001724	124201724	harbor2	chr7	124017883	124018257	LTR/ERVL-MaLR	1444	+	187	124018070	16346
chr7	124001724	124201724	harbor2	chr7	124019142	124019504	LTR/ERVL-MaLR	2160	+	181	124019323	17599
chr7	124001724	124201724	harbor2	chr7	124062291	124062625	LTR/ERVL-MaLR	1829	+	167	124062458	60734
chr7	124001724	124201724	harbor2	chr7	124077760	124078122	LTR/ERVL-MaLR	1822	+	181	124077941	76217
chr7	124001724	124201724	harbor2	chr7	124085976	124086341	LTR/ERVL-MaLR	2499	+	182	124086158	84434
chr7	124001724	124201724	harbor2	chr7	124090219	124090607	LTR/ERVL-MaLR	1789	+	194	124090413	88689
chr7	123649513	123849513	harbor2	chr7	123709272	123709428	LTR/ERVL-MaLR	728	+	78	123709350	59837
chr7	90145186	90345186	harbor2	chr7	90156282	90156435	LTR/ERVL-MaLR	771	+	76	90156358	11172
chr7	90145186	90345186	harbor2	chr7	90156777	90156969	LTR/ERVL-MaLR	1024	+	96	90156873	11687
chr7	90145186	90345186	harbor2	chr7	90173636	90173816	LTR/ERVL-MaLR	1457	+	90	90173726	28540
chr7	90145186	90345186	harbor2	chr7	90174121	90174209	LTR/ERVL-MaLR	1457	+	44	90174165	28979
chr7	90145186	90345186	harbor2	chr7	90174484	90174674	LTR/ERVL-MaLR	1457	+	95	90174579	29393
chr7	90145186	90345186	harbor2	chr7	90181544	90181650	LTR/ERVL-MaLR	700	+	53	90181597	36411
chr7	90145186	90345186	harbor2	chr7	90181628	90181780	LTR/ERVL-MaLR	831	+	76	90181704	36518
chr7	90145186	90345186	harbor2	chr7	90205740	90206105	LTR/ERVL-MaLR	1948	+	182	90205922	60736
chr7	90145186	90345186	harbor2	chr7	90239078	90239447	LTR/ERVL-MaLR	2190	+	184	90239262	94076
chr7	47569738	47769738	harbor2	chr7	47602332	47602745	LTR/ERVL-MaLR	2018	+	206	47602538	32800
chr7	47569738	47769738	harbor2	chr7	47606888	47606993	LTR/ERVL-MaLR	1714	+	52	47606940	37202
chr7	47569738	47769738	harbor2	chr7	47607300	47607544	LTR/ERVL-MaLR	1714	+	122	47607422	37684
chr7	47569738	47769738	harbor2	chr7	47607850	47607882	LTR/ERVL-MaLR	1714	+	16	47607866	38128
chr7	47569738	47769738	harbor2	chr7	47618123	47618232	LTR/ERVL-MaLR	1671	+	54	47618177	48439
chr7	47569738	47769738	harbor2	chr7	47618544	47618807	LTR/ERVL-MaLR	1671	+	132	47618676	48938
chr7	47569738	47769738	harbor2	chr7	47619711	47620069	LTR/ERVL-MaLR	2133	+	179	47619890	50152
chr7	47569738	47769738	harbor2	chr7	47627228	47627519	LTR/ERVL-MaLR	1587	+	146	47627374	57636
chr7	47569738	47769738	harbor2	chr7	47627956	47628172	LTR/ERVL-MaLR	1587	+	108	47628064	58326
chr7	47569738	47769738	harbor2	chr7	47652976	47653348	LTR/ERVL-MaLR	1916	+	186	47653162	83424
chr7	47569738	47769738	harbor2	chr7	47656532	47656755	LTR/ERVL-MaLR	1096	+	112	47656644	86906
chr7	28081622	28281622	harbor2	chr7	28084793	28085128	LTR/ERVL-MaLR	1651	+	168	28084961	3339
chr7	28081622	28281622	harbor2	chr7	28089154	28089432	LTR/ERVL-MaLR	1020	+	139	28089293	7671
chr7	28081622	28281622	harbor2	chr7	28089450	28089933	LTR/ERVL-MaLR	2061	+	242	28089692	8070
chr7	28081622	28281622	harbor2	chr7	28093145	28093505	LTR/ERVL-MaLR	2049	+	180	28093325	11703
chr7	28081622	28281622	harbor2	chr7	28098040	28098403	LTR/ERVL-MaLR	1557	+	182	28098222	16600
chr7	28081622	28281622	harbor2	chr7	28124022	28124409	LTR/ERVL-MaLR	1797	+	194	28124216	42594
chr7	28081622	28281622	harbor2	chr7	28139300	28139519	LTR/ERVL-MaLR	1061	+	110	28139410	57788
chr7	28081622	28281622	harbor2	chr7	28139532	28139718	LTR/ERVL-MaLR	725	+	93	28139625	58003
chr7	28081622	28281622	harbor2	chr7	28162140	28162374	LTR/ERVL-MaLR	405	+	117	28162257	80635
chr7	47228323	47428323	harbor2	chr7	47232663	47233087	LTR/ERVL-MaLR	1646	+	212	47232875	4552
chr7	47228323	47428323	harbor2	chr7	47240726	47241089	LTR/ERVL-MaLR	1619	+	182	47240908	12585
chr7	47228323	47428323	harbor2	chr7	47252669	47253031	LTR/ERVL-MaLR	2167	+	181	47252850	24527
chr7	47228323	47428323	harbor2	chr7	47285285	47285649	LTR/ERVL-MaLR	2792	+	182	47285467	57144
chr7	1801801	2001801	harbor2	chr7	1804877	1805243	LTR/ERVL-MaLR	891	+	183	1805060	3259
chr7	1801801	2001801	harbor2	chr7	1864626	1865004	LTR/ERVL-MaLR	1120	+	189	1864815	63014
chr7	1801801	2001801	harbor2	chr7	1875769	1876102	LTR/ERVL-MaLR	830	+	166	1875935	74134
chr7	1801801	2001801	harbor2	chr7	1890217	1890614	LTR/ERVL-MaLR	1398	+	198	1890415	88614
chr7	123649217	123849217	harbor2	chr7	123709272	123709428	LTR/ERVL-MaLR	728	+	78	123709350	60133
chr7	155197380	155397380	harbor2	chr7	155232157	155232626	LTR/ERVL-MaLR	1372	+	234	155232391	35011
chr7	155197380	155397380	harbor2	chr7	155235422	155235899	LTR/ERVL-MaLR	1009	+	238	155235660	38280
chr7	155197380	155397380	harbor2	chr7	155250695	155251117	LTR/ERVL-MaLR	1285	+	211	155250906	53526
chr7	155197380	155397380	harbor2	chr7	155256169	155256523	LTR/ERVL-MaLR	1249	+	177	155256346	58966
chr7	155197380	155397380	harbor2	chr7	155260796	155261003	LTR/ERVL-MaLR	713	+	104	155260900	63520
chr7	155197380	155397380	harbor2	chr7	155261003	155261213	LTR/ERVL-MaLR	725	+	105	155261108	63728
chr7	155197380	155397380	harbor2	chr7	155261558	155262139	LTR/ERVL-MaLR	428	+	290	155261848	64468
chr7	155197380	155397380	harbor2	chr7	155268623	155268964	LTR/ERVL-MaLR	2202	+	170	155268793	71413
chr7	155197380	155397380	harbor2	chr7	155289535	155289668	LTR/ERVL-MaLR	569	+	66	155289601	92221
chr7	155197380	155397380	harbor2	chr7	155290020	155290086	LTR/ERVL-MaLR	569	+	33	155290053	92673
chr7	155197380	155397380	harbor2	chr7	155290099	155290305	LTR/ERVL-MaLR	761	+	103	155290202	92822
chr7	17290481	17490481	harbor2	chr7	17355254	17355686	LTR/ERVL-MaLR	961	+	216	17355470	64989
chr7	17290481	17490481	harbor2	chr7	17361868	17362226	LTR/ERVL-MaLR	1356	+	179	17362047	71566
chr7	17290481	17490481	harbor2	chr7	17373822	17374336	LTR/ERVL-MaLR	1568	+	257	17374079	83598
chr7	32629540	32829540	harbor2	chr7	32637732	32638018	LTR/ERVL-MaLR	499	+	143	32637875	8335
chr7	32629540	32829540	harbor2	chr7	32676211	32676764	LTR/ERVL-MaLR	1692	+	276	32676487	46947
chr7	32629540	32829540	harbor2	chr7	32680118	32680554	LTR/ERVL-MaLR	1367	+	218	32680336	50796
chr7	32629540	32829540	harbor2	chr7	32682010	32682387	LTR/ERVL-MaLR	2068	+	188	32682198	52658
chr7	32629540	32829540	harbor2	chr7	32682388	32682678	LTR/ERVL-MaLR	1944	+	145	32682533	52993
chr7	32629540	32829540	harbor2	chr7	32688764	32689116	LTR/ERVL-MaLR	1859	+	176	32688940	59400
chr7	32629540	32829540	harbor2	chr7	32689412	32689452	LTR/ERVL-MaLR	1859	+	20	32689432	59892
chr7	32629540	32829540	harbor2	chr7	32689908	32690019	LTR/ERVL-MaLR	569	+	56	32689964	60424
chr7	32629540	32829540	harbor2	chr7	32692772	32693146	LTR/ERVL-MaLR	2455	+	187	32692959	63419
chr7	28134889	28334889	harbor2	chr7	28139300	28139519	LTR/ERVL-MaLR	1061	+	110	28139410	4521
chr7	28134889	28334889	harbor2	chr7	28139532	28139718	LTR/ERVL-MaLR	725	+	93	28139625	4736
chr7	28134889	28334889	harbor2	chr7	28162140	28162374	LTR/ERVL-MaLR	405	+	117	28162257	27368
chr7	28134889	28334889	harbor2	chr7	28192926	28193060	LTR/ERVL-MaLR	457	+	67	28192993	58104
chr7	28134889	28334889	harbor2	chr7	28197905	28198263	LTR/ERVL-MaLR	2175	+	179	28198084	63195
chr7	28134889	28334889	harbor2	chr7	28209115	28209144	LTR/ERVL-MaLR	1961	+	14	28209129	74240
chr7	28134889	28334889	harbor2	chr7	28209445	28209765	LTR/ERVL-MaLR	1961	+	160	28209605	74716
chr7	28134889	28334889	harbor2	chr7	28224805	28225130	LTR/ERVL-MaLR	956	+	162	28224967	90078
chr7	6060392	6260392	harbor2	chr7	6063122	6063273	LTR/ERVL-MaLR	1869	+	76	6063198	2806
chr7	6060392	6260392	harbor2	chr7	6063865	6064090	LTR/ERVL-MaLR	1869	+	112	6063977	3585
chr7	6060392	6260392	harbor2	chr7	6064391	6064430	LTR/ERVL-MaLR	1869	+	20	6064411	4019
chr7	6060392	6260392	harbor2	chr7	6077286	6077578	LTR/ERVL-MaLR	433	+	146	6077432	17040
chr7	141412330	141612330	harbor2	chr7	141490215	141490636	LTR/ERVL-MaLR	2331	+	210	141490425	78095
chr7	30979520	31179520	harbor2	chr7	31000807	31001176	LTR/ERVL-MaLR	1914	+	184	31000991	21471
chr7	30979520	31179520	harbor2	chr7	31002426	31002590	LTR/ERVL-MaLR	506	+	82	31002508	22988
chr7	30979520	31179520	harbor2	chr7	31003183	31003315	LTR/ERVL-MaLR	632	+	66	31003249	23729
chr7	30979520	31179520	harbor2	chr7	31032227	31032645	LTR/ERVL-MaLR	2745	+	209	31032436	52916
chr7	30979520	31179520	harbor2	chr7	31045353	31045600	LTR/ERVL-MaLR	2360	+	124	31045477	65957
chr7	30979520	31179520	harbor2	chr7	31046247	31046573	LTR/ERVL-MaLR	2360	+	163	31046410	66890
chr7	30979520	31179520	harbor2	chr7	31072681	31073169	LTR/ERVL-MaLR	2385	+	244	31072925	93405
chr7	30582772	30782772	harbor2	chr7	30677501	30677787	LTR/ERVL-MaLR	729	+	143	30677644	94872
chr7	30582772	30782772	harbor2	chr7	30678033	30678226	LTR/ERVL-MaLR	729	+	96	30678129	95357
chr7	252668	452668	harbor2	chr7	261717	261893	LTR/ERVL-MaLR	457	+	88	261805	9137
chr7	252668	452668	harbor2	chr7	325977	326225	LTR/ERVL-MaLR	543	+	124	326101	73433
chr7	157237066	157437066	harbor2	chr7	157298027	157298179	LTR/ERVL-MaLR	946	+	76	157298103	61037
chr7	157237066	157437066	harbor2	chr7	157298490	157298759	LTR/ERVL-MaLR	946	+	134	157298624	61558
chr7	44014529	44214529	harbor2	chr7	44042332	44042529	LTR/ERVL-MaLR	1115	+	98	44042430	27901
chr7	44014529	44214529	harbor2	chr7	44091868	44092341	LTR/ERVL-MaLR	1293	+	236	44092104	77575
chr7	44014529	44214529	harbor2	chr7	44093167	44093560	LTR/ERVL-MaLR	2124	+	196	44093363	78834
chr7	44014529	44214529	harbor2	chr7	44098210	44098367	LTR/ERVL-MaLR	509	+	78	44098288	83759
chr7	28110637	28310637	harbor2	chr7	28124022	28124409	LTR/ERVL-MaLR	1797	+	194	28124216	13579
chr7	28110637	28310637	harbor2	chr7	28139300	28139519	LTR/ERVL-MaLR	1061	+	110	28139410	28773
chr7	28110637	28310637	harbor2	chr7	28139532	28139718	LTR/ERVL-MaLR	725	+	93	28139625	28988
chr7	28110637	28310637	harbor2	chr7	28162140	28162374	LTR/ERVL-MaLR	405	+	117	28162257	51620
chr7	28110637	28310637	harbor2	chr7	28192926	28193060	LTR/ERVL-MaLR	457	+	67	28192993	82356
chr7	28110637	28310637	harbor2	chr7	28197905	28198263	LTR/ERVL-MaLR	2175	+	179	28198084	87447
chr7	28110637	28310637	harbor2	chr7	28209115	28209144	LTR/ERVL-MaLR	1961	+	14	28209129	98492
chr7	28110637	28310637	harbor2	chr7	28209445	28209765	LTR/ERVL-MaLR	1961	+	160	28209605	98968
chr7	630308	830308	harbor2	chr7	643878	644071	LTR/ERVL-MaLR	665	+	96	643974	13666
chr7	630308	830308	harbor2	chr7	679709	679876	LTR/ERVL-MaLR	751	+	84	679793	49485
chr7	630308	830308	harbor2	chr7	680943	681311	LTR/ERVL-MaLR	1959	+	184	681127	50819
chr7	630308	830308	harbor2	chr7	707588	707879	LTR/ERVL-MaLR	1068	+	146	707734	77426
chr7	630308	830308	harbor2	chr7	708240	708350	LTR/ERVL-MaLR	546	+	55	708295	77987
chr7	630308	830308	harbor2	chr7	717794	718215	LTR/ERVL-MaLR	1155	+	210	718004	87696
chr7	630308	830308	harbor2	chr7	724236	724610	LTR/ERVL-MaLR	2648	+	187	724423	94115
chr7	1375015	1575015	harbor2	chr7	1392193	1392613	LTR/ERVL-MaLR	2457	+	210	1392403	17388
chr7	1375015	1575015	harbor2	chr7	1402066	1402538	LTR/ERVL-MaLR	1051	+	236	1402302	27287
chr7	1375015	1575015	harbor2	chr7	1443467	1443867	LTR/ERVL-MaLR	822	+	200	1443667	68652
chr7	1375015	1575015	harbor2	chr7	1453147	1453553	LTR/ERVL-MaLR	783	+	203	1453350	78335
chr7	140418858	140618858	harbor2	chr7	140469372	140469630	LTR/ERVL-MaLR	1974	+	129	140469501	50643
chr7	140418858	140618858	harbor2	chr7	140470233	140470302	LTR/ERVL-MaLR	1974	+	34	140470267	51409
chr7	140418858	140618858	harbor2	chr7	140470606	140470633	LTR/ERVL-MaLR	1974	+	14	140470620	51762
chr7	140418858	140618858	harbor2	chr7	140470934	140471099	LTR/ERVL-MaLR	1974	+	82	140471016	52158
chr7	140418858	140618858	harbor2	chr7	140501383	140501662	LTR/ERVL-MaLR	1386	+	140	140501523	82665
chr7	44696579	44896579	harbor2	chr7	44775870	44776113	LTR/ERVL-MaLR	429	+	122	44775992	79413
chr7	122791479	122991479	harbor2	chr7	122792200	122792572	LTR/ERVL-MaLR	1899	+	186	122792386	907
chr7	122791479	122991479	harbor2	chr7	122864952	122865361	LTR/ERVL-MaLR	1981	+	204	122865156	73677
chr7	122791479	122991479	harbor2	chr7	122888892	122889262	LTR/ERVL-MaLR	1901	+	185	122889077	97598
chr7	90112558	90312558	harbor2	chr7	90156282	90156435	LTR/ERVL-MaLR	771	+	76	90156358	43800
chr7	90112558	90312558	harbor2	chr7	90156777	90156969	LTR/ERVL-MaLR	1024	+	96	90156873	44315
chr7	90112558	90312558	harbor2	chr7	90173636	90173816	LTR/ERVL-MaLR	1457	+	90	90173726	61168
chr7	90112558	90312558	harbor2	chr7	90174121	90174209	LTR/ERVL-MaLR	1457	+	44	90174165	61607
chr7	90112558	90312558	harbor2	chr7	90174484	90174674	LTR/ERVL-MaLR	1457	+	95	90174579	62021
chr7	90112558	90312558	harbor2	chr7	90181544	90181650	LTR/ERVL-MaLR	700	+	53	90181597	69039
chr7	90112558	90312558	harbor2	chr7	90181628	90181780	LTR/ERVL-MaLR	831	+	76	90181704	69146
chr7	90112558	90312558	harbor2	chr7	90205740	90206105	LTR/ERVL-MaLR	1948	+	182	90205922	93364
chr7	1802460	2002460	harbor2	chr7	1804877	1805243	LTR/ERVL-MaLR	891	+	183	1805060	2600
chr7	1802460	2002460	harbor2	chr7	1864626	1865004	LTR/ERVL-MaLR	1120	+	189	1864815	62355
chr7	1802460	2002460	harbor2	chr7	1875769	1876102	LTR/ERVL-MaLR	830	+	166	1875935	73475
chr7	1802460	2002460	harbor2	chr7	1890217	1890614	LTR/ERVL-MaLR	1398	+	198	1890415	87955
chr7	123649203	123849203	harbor2	chr7	123709272	123709428	LTR/ERVL-MaLR	728	+	78	123709350	60147
chr7	1801793	2001793	harbor2	chr7	1804877	1805243	LTR/ERVL-MaLR	891	+	183	1805060	3267
chr7	1801793	2001793	harbor2	chr7	1864626	1865004	LTR/ERVL-MaLR	1120	+	189	1864815	63022
chr7	1801793	2001793	harbor2	chr7	1875769	1876102	LTR/ERVL-MaLR	830	+	166	1875935	74142
chr7	1801793	2001793	harbor2	chr7	1890217	1890614	LTR/ERVL-MaLR	1398	+	198	1890415	88622
chr7	1374783	1574783	harbor2	chr7	1392193	1392613	LTR/ERVL-MaLR	2457	+	210	1392403	17620
chr7	1374783	1574783	harbor2	chr7	1402066	1402538	LTR/ERVL-MaLR	1051	+	236	1402302	27519
chr7	1374783	1574783	harbor2	chr7	1443467	1443867	LTR/ERVL-MaLR	822	+	200	1443667	68884
chr7	1374783	1574783	harbor2	chr7	1453147	1453553	LTR/ERVL-MaLR	783	+	203	1453350	78567
chr7	130248133	130448133	harbor2	chr7	130312463	130312648	LTR/ERVL-MaLR	1317	+	92	130312555	64422
chr7	1400012	1600012	harbor2	chr7	1402066	1402538	LTR/ERVL-MaLR	1051	+	236	1402302	2290
chr7	1400012	1600012	harbor2	chr7	1443467	1443867	LTR/ERVL-MaLR	822	+	200	1443667	43655
chr7	1400012	1600012	harbor2	chr7	1453147	1453553	LTR/ERVL-MaLR	783	+	203	1453350	53338
chr7	1801817	2001817	harbor2	chr7	1804877	1805243	LTR/ERVL-MaLR	891	+	183	1805060	3243
chr7	1801817	2001817	harbor2	chr7	1864626	1865004	LTR/ERVL-MaLR	1120	+	189	1864815	62998
chr7	1801817	2001817	harbor2	chr7	1875769	1876102	LTR/ERVL-MaLR	830	+	166	1875935	74118
chr7	1801817	2001817	harbor2	chr7	1890217	1890614	LTR/ERVL-MaLR	1398	+	198	1890415	88598
chr7	47246812	47446812	harbor2	chr7	47252669	47253031	LTR/ERVL-MaLR	2167	+	181	47252850	6038
chr7	47246812	47446812	harbor2	chr7	47285285	47285649	LTR/ERVL-MaLR	2792	+	182	47285467	38655
chr7	123649200	123849200	harbor2	chr7	123709272	123709428	LTR/ERVL-MaLR	728	+	78	123709350	60150
chr7	2685113	2885113	harbor2	chr7	2740229	2740587	LTR/ERVL-MaLR	1359	+	179	2740408	55295
chr7	2685113	2885113	harbor2	chr7	2756683	2756835	LTR/ERVL-MaLR	423	+	76	2756759	71646
chr7	2685113	2885113	harbor2	chr7	2757077	2757129	LTR/ERVL-MaLR	423	+	26	2757103	71990
chr7	2685113	2885113	harbor2	chr7	2757355	2757705	LTR/ERVL-MaLR	979	+	175	2757530	72417
chr7	2685113	2885113	harbor2	chr7	2777438	2777794	LTR/ERVL-MaLR	1445	+	178	2777616	92503
chr7	126687671	126887671	harbor2	chr7	126724179	126724591	LTR/ERVL-MaLR	1179	+	206	126724385	36714
chr7	126687671	126887671	harbor2	chr7	126785398	126785923	LTR/ERVL-MaLR	963	+	262	126785660	97989
chr7	1802784	2002784	harbor2	chr7	1804877	1805243	LTR/ERVL-MaLR	891	+	183	1805060	2276
chr7	1802784	2002784	harbor2	chr7	1864626	1865004	LTR/ERVL-MaLR	1120	+	189	1864815	62031
chr7	1802784	2002784	harbor2	chr7	1875769	1876102	LTR/ERVL-MaLR	830	+	166	1875935	73151
chr7	1802784	2002784	harbor2	chr7	1890217	1890614	LTR/ERVL-MaLR	1398	+	198	1890415	87631
chr7	50204831	50404831	harbor2	chr7	50270321	50270974	LTR/ERVL-MaLR	1870	+	326	50270647	65816
chr7	50204831	50404831	harbor2	chr7	50290315	50290697	LTR/ERVL-MaLR	2452	+	191	50290506	85675
chr7	47361225	47561225	harbor2	chr7	47394184	47394536	LTR/ERVL-MaLR	1401	+	176	47394360	33135
chr7	47361225	47561225	harbor2	chr7	47407588	47407912	LTR/ERVL-MaLR	1742	+	162	47407750	46525
chr7	47361225	47561225	harbor2	chr7	47432106	47432534	LTR/ERVL-MaLR	2688	+	214	47432320	71095
chr7	47361225	47561225	harbor2	chr7	47459841	47460009	LTR/ERVL-MaLR	887	+	84	47459925	98700
chr7	47361225	47561225	harbor2	chr7	47460241	47460461	LTR/ERVL-MaLR	1047	+	110	47460351	99126
chr7	1813377	2013377	harbor2	chr7	1864626	1865004	LTR/ERVL-MaLR	1120	+	189	1864815	51438
chr7	1813377	2013377	harbor2	chr7	1875769	1876102	LTR/ERVL-MaLR	830	+	166	1875935	62558
chr7	1813377	2013377	harbor2	chr7	1890217	1890614	LTR/ERVL-MaLR	1398	+	198	1890415	77038
chr8	142532499	142732499	harbor2	chr8	142567776	142567888	LTR/ERVL-MaLR	1180	+	56	142567832	35333
chr8	142532499	142732499	harbor2	chr8	142568187	142568441	LTR/ERVL-MaLR	1180	+	127	142568314	35815
chr8	142532499	142732499	harbor2	chr8	142588525	142588934	LTR/ERVL-MaLR	2166	+	204	142588729	56230
chr8	38171447	38371447	harbor2	chr8	38225020	38225390	LTR/ERVL-MaLR	2642	+	185	38225205	53758
chr8	23428835	23628835	harbor2	chr8	23448361	23448695	LTR/ERVL-MaLR	1614	+	167	23448528	19693
chr8	23428835	23628835	harbor2	chr8	23461908	23462142	LTR/ERVL-MaLR	611	+	117	23462025	33190
chr8	23428835	23628835	harbor2	chr8	23462477	23462877	LTR/ERVL-MaLR	1336	+	200	23462677	33842
chr8	23428835	23628835	harbor2	chr8	23475128	23475389	LTR/ERVL-MaLR	724	+	130	23475258	46423
chr8	23428835	23628835	harbor2	chr8	23490403	23490868	LTR/ERVL-MaLR	1585	+	232	23490635	61800
chr8	23428835	23628835	harbor2	chr8	23522310	23522666	LTR/ERVL-MaLR	1273	+	178	23522488	93653
chr8	23428835	23628835	harbor2	chr8	23510714	23511079	LTR/ERVL-MaLR	2218	+	182	23510896	82061
chr8	38170645	38370645	harbor2	chr8	38171294	38171432	LTR/ERVL-MaLR	454	+	69	38171363	718
chr8	38170645	38370645	harbor2	chr8	38225020	38225390	LTR/ERVL-MaLR	2642	+	185	38225205	54560
chr8	23428830	23628830	harbor2	chr8	23448361	23448695	LTR/ERVL-MaLR	1614	+	167	23448528	19698
chr8	23428830	23628830	harbor2	chr8	23461908	23462142	LTR/ERVL-MaLR	611	+	117	23462025	33195
chr8	23428830	23628830	harbor2	chr8	23462477	23462877	LTR/ERVL-MaLR	1336	+	200	23462677	33847
chr8	23428830	23628830	harbor2	chr8	23475128	23475389	LTR/ERVL-MaLR	724	+	130	23475258	46428
chr8	23428830	23628830	harbor2	chr8	23490403	23490868	LTR/ERVL-MaLR	1585	+	232	23490635	61805
chr8	23428830	23628830	harbor2	chr8	23522310	23522666	LTR/ERVL-MaLR	1273	+	178	23522488	93658
chr8	23428830	23628830	harbor2	chr8	23510714	23511079	LTR/ERVL-MaLR	2218	+	182	23510896	82066
chr8	23428848	23628848	harbor2	chr8	23448361	23448695	LTR/ERVL-MaLR	1614	+	167	23448528	19680
chr8	23428848	23628848	harbor2	chr8	23461908	23462142	LTR/ERVL-MaLR	611	+	117	23462025	33177
chr8	23428848	23628848	harbor2	chr8	23462477	23462877	LTR/ERVL-MaLR	1336	+	200	23462677	33829
chr8	23428848	23628848	harbor2	chr8	23475128	23475389	LTR/ERVL-MaLR	724	+	130	23475258	46410
chr8	23428848	23628848	harbor2	chr8	23490403	23490868	LTR/ERVL-MaLR	1585	+	232	23490635	61787
chr8	23428848	23628848	harbor2	chr8	23522310	23522666	LTR/ERVL-MaLR	1273	+	178	23522488	93640
chr8	23428848	23628848	harbor2	chr8	23510714	23511079	LTR/ERVL-MaLR	2218	+	182	23510896	82048
chr8	23428832	23628832	harbor2	chr8	23448361	23448695	LTR/ERVL-MaLR	1614	+	167	23448528	19696
chr8	23428832	23628832	harbor2	chr8	23461908	23462142	LTR/ERVL-MaLR	611	+	117	23462025	33193
chr8	23428832	23628832	harbor2	chr8	23462477	23462877	LTR/ERVL-MaLR	1336	+	200	23462677	33845
chr8	23428832	23628832	harbor2	chr8	23475128	23475389	LTR/ERVL-MaLR	724	+	130	23475258	46426
chr8	23428832	23628832	harbor2	chr8	23490403	23490868	LTR/ERVL-MaLR	1585	+	232	23490635	61803
chr8	23428832	23628832	harbor2	chr8	23522310	23522666	LTR/ERVL-MaLR	1273	+	178	23522488	93656
chr8	23428832	23628832	harbor2	chr8	23510714	23511079	LTR/ERVL-MaLR	2218	+	182	23510896	82064
chr8	29983316	30183316	harbor2	chr8	30009942	30010299	LTR/ERVL-MaLR	2216	+	178	30010120	26804
chr8	29983316	30183316	harbor2	chr8	30017885	30018201	LTR/ERVL-MaLR	843	+	158	30018043	34727
chr8	29983316	30183316	harbor2	chr8	30050486	30050850	LTR/ERVL-MaLR	1273	+	182	30050668	67352
chr8	29983316	30183316	harbor2	chr8	30058467	30058665	LTR/ERVL-MaLR	2472	+	99	30058566	75250
chr8	29983316	30183316	harbor2	chr8	30058956	30059191	LTR/ERVL-MaLR	2472	+	118	30059074	75758
chr8	29983316	30183316	harbor2	chr8	30076571	30076940	LTR/ERVL-MaLR	2185	+	184	30076755	93439
chr8	23430921	23630921	harbor2	chr8	23448361	23448695	LTR/ERVL-MaLR	1614	+	167	23448528	17607
chr8	23430921	23630921	harbor2	chr8	23461908	23462142	LTR/ERVL-MaLR	611	+	117	23462025	31104
chr8	23430921	23630921	harbor2	chr8	23462477	23462877	LTR/ERVL-MaLR	1336	+	200	23462677	31756
chr8	23430921	23630921	harbor2	chr8	23475128	23475389	LTR/ERVL-MaLR	724	+	130	23475258	44337
chr8	23430921	23630921	harbor2	chr8	23490403	23490868	LTR/ERVL-MaLR	1585	+	232	23490635	59714
chr8	23430921	23630921	harbor2	chr8	23522310	23522666	LTR/ERVL-MaLR	1273	+	178	23522488	91567
chr8	23430921	23630921	harbor2	chr8	23510714	23511079	LTR/ERVL-MaLR	2218	+	182	23510896	79975
chr8	85146187	85346187	harbor2	chr8	85161007	85161391	LTR/ERVL-MaLR	1666	+	192	85161199	15012
chr8	85146187	85346187	harbor2	chr8	85175097	85175445	LTR/ERVL-MaLR	992	+	174	85175271	29084
chr8	85146187	85346187	harbor2	chr8	85183777	85184056	LTR/ERVL-MaLR	1190	+	140	85183917	37730
chr8	85146187	85346187	harbor2	chr8	85190363	85190491	LTR/ERVL-MaLR	1584	+	64	85190427	44240
chr8	85146187	85346187	harbor2	chr8	85190804	85191110	LTR/ERVL-MaLR	1584	+	153	85190957	44770
chr8	85146187	85346187	harbor2	chr8	85191564	85191636	LTR/ERVL-MaLR	1584	+	36	85191600	45413
chr8	85146187	85346187	harbor2	chr8	85222733	85223071	LTR/ERVL-MaLR	726	+	169	85222902	76715
chr8	23430734	23630734	harbor2	chr8	23448361	23448695	LTR/ERVL-MaLR	1614	+	167	23448528	17794
chr8	23430734	23630734	harbor2	chr8	23461908	23462142	LTR/ERVL-MaLR	611	+	117	23462025	31291
chr8	23430734	23630734	harbor2	chr8	23462477	23462877	LTR/ERVL-MaLR	1336	+	200	23462677	31943
chr8	23430734	23630734	harbor2	chr8	23475128	23475389	LTR/ERVL-MaLR	724	+	130	23475258	44524
chr8	23430734	23630734	harbor2	chr8	23490403	23490868	LTR/ERVL-MaLR	1585	+	232	23490635	59901
chr8	23430734	23630734	harbor2	chr8	23522310	23522666	LTR/ERVL-MaLR	1273	+	178	23522488	91754
chr8	23430734	23630734	harbor2	chr8	23510714	23511079	LTR/ERVL-MaLR	2218	+	182	23510896	80162
chr8	600247	800247	harbor2	chr8	648168	648316	LTR/ERVL-MaLR	478	+	74	648242	47995
chr8	600247	800247	harbor2	chr8	660258	660659	LTR/ERVL-MaLR	516	+	200	660458	60211
chr8	600247	800247	harbor2	chr8	622252	622613	LTR/ERVL-MaLR	1767	+	180	622432	22185
chr8	100622149	100822149	harbor2	chr8	100653352	100653736	LTR/ERVL-MaLR	1311	+	192	100653544	31395
chr8	100622149	100822149	harbor2	chr8	100655339	100655685	LTR/ERVL-MaLR	2235	+	173	100655512	33363
chr8	100622149	100822149	harbor2	chr8	100683912	100683978	LTR/ERVL-MaLR	749	+	33	100683945	61796
chr8	100622149	100822149	harbor2	chr8	100684298	100684510	LTR/ERVL-MaLR	749	+	106	100684404	62255
chr8	104366653	104566653	harbor2	chr8	104385594	104385963	LTR/ERVL-MaLR	1652	+	184	104385778	19125
chr8	104366653	104566653	harbor2	chr8	104398057	104398555	LTR/ERVL-MaLR	1367	+	249	104398306	31653
chr8	104366653	104566653	harbor2	chr8	104432861	104433280	LTR/ERVL-MaLR	1977	+	210	104433071	66418
chr8	104366653	104566653	harbor2	chr8	104441348	104441731	LTR/ERVL-MaLR	1406	+	192	104441540	74887
chr8	104366653	104566653	harbor2	chr8	104449515	104449962	LTR/ERVL-MaLR	2404	+	224	104449739	83086
chr8	104366653	104566653	harbor2	chr8	104460200	104460568	LTR/ERVL-MaLR	2080	+	184	104460384	93731
chr8	23429310	23629310	harbor2	chr8	23448361	23448695	LTR/ERVL-MaLR	1614	+	167	23448528	19218
chr8	23429310	23629310	harbor2	chr8	23461908	23462142	LTR/ERVL-MaLR	611	+	117	23462025	32715
chr8	23429310	23629310	harbor2	chr8	23462477	23462877	LTR/ERVL-MaLR	1336	+	200	23462677	33367
chr8	23429310	23629310	harbor2	chr8	23475128	23475389	LTR/ERVL-MaLR	724	+	130	23475258	45948
chr8	23429310	23629310	harbor2	chr8	23490403	23490868	LTR/ERVL-MaLR	1585	+	232	23490635	61325
chr8	23429310	23629310	harbor2	chr8	23522310	23522666	LTR/ERVL-MaLR	1273	+	178	23522488	93178
chr8	23429310	23629310	harbor2	chr8	23510714	23511079	LTR/ERVL-MaLR	2218	+	182	23510896	81586
chr8	38169609	38369609	harbor2	chr8	38171294	38171432	LTR/ERVL-MaLR	454	+	69	38171363	1754
chr8	38169609	38369609	harbor2	chr8	38225020	38225390	LTR/ERVL-MaLR	2642	+	185	38225205	55596
chr8	23428822	23628822	harbor2	chr8	23448361	23448695	LTR/ERVL-MaLR	1614	+	167	23448528	19706
chr8	23428822	23628822	harbor2	chr8	23461908	23462142	LTR/ERVL-MaLR	611	+	117	23462025	33203
chr8	23428822	23628822	harbor2	chr8	23462477	23462877	LTR/ERVL-MaLR	1336	+	200	23462677	33855
chr8	23428822	23628822	harbor2	chr8	23475128	23475389	LTR/ERVL-MaLR	724	+	130	23475258	46436
chr8	23428822	23628822	harbor2	chr8	23490403	23490868	LTR/ERVL-MaLR	1585	+	232	23490635	61813
chr8	23428822	23628822	harbor2	chr8	23522310	23522666	LTR/ERVL-MaLR	1273	+	178	23522488	93666
chr8	23428822	23628822	harbor2	chr8	23510714	23511079	LTR/ERVL-MaLR	2218	+	182	23510896	82074
chr8	90970532	91170532	harbor2	chr8	90970465	90970893	LTR/ERVL-MaLR	1225	+	214	90970679	147
chr8	90970532	91170532	harbor2	chr8	90974135	90974629	LTR/ERVL-MaLR	912	+	247	90974382	3850
chr8	90970532	91170532	harbor2	chr8	91030910	91031082	LTR/ERVL-MaLR	739	+	86	91030996	60464
chr8	90970532	91170532	harbor2	chr8	91050732	91051100	LTR/ERVL-MaLR	983	+	184	91050916	80384
chr8	90970532	91170532	harbor2	chr8	91052532	91052919	LTR/ERVL-MaLR	1076	+	194	91052726	82194
chr8	90970532	91170532	harbor2	chr8	91054435	91054816	LTR/ERVL-MaLR	1849	+	190	91054625	84093
chr8	90970532	91170532	harbor2	chr8	91059125	91059236	LTR/ERVL-MaLR	542	+	56	91059181	88649
chr8	90970532	91170532	harbor2	chr8	91066296	91066642	LTR/ERVL-MaLR	1880	+	173	91066469	95937
chr8	90970532	91170532	harbor2	chr8	91045506	91046077	LTR/ERVL-MaLR	2091	+	286	91045792	75260
chr8	38169193	38369193	harbor2	chr8	38171294	38171432	LTR/ERVL-MaLR	454	+	69	38171363	2170
chr8	38169193	38369193	harbor2	chr8	38225020	38225390	LTR/ERVL-MaLR	2642	+	185	38225205	56012
chr8	143729578	143929578	harbor2	chr8	143763418	143763824	LTR/ERVL-MaLR	2274	+	203	143763621	34043
chr8	143729578	143929578	harbor2	chr8	143784161	143784539	LTR/ERVL-MaLR	2376	+	189	143784350	54772
chr8	23428834	23628834	harbor2	chr8	23448361	23448695	LTR/ERVL-MaLR	1614	+	167	23448528	19694
chr8	23428834	23628834	harbor2	chr8	23461908	23462142	LTR/ERVL-MaLR	611	+	117	23462025	33191
chr8	23428834	23628834	harbor2	chr8	23462477	23462877	LTR/ERVL-MaLR	1336	+	200	23462677	33843
chr8	23428834	23628834	harbor2	chr8	23475128	23475389	LTR/ERVL-MaLR	724	+	130	23475258	46424
chr8	23428834	23628834	harbor2	chr8	23490403	23490868	LTR/ERVL-MaLR	1585	+	232	23490635	61801
chr8	23428834	23628834	harbor2	chr8	23522310	23522666	LTR/ERVL-MaLR	1273	+	178	23522488	93654
chr8	23428834	23628834	harbor2	chr8	23510714	23511079	LTR/ERVL-MaLR	2218	+	182	23510896	82062
chr8	42041484	42241484	harbor2	chr8	42089216	42089571	LTR/ERVL-MaLR	1790	+	178	42089394	47910
chr8	42041484	42241484	harbor2	chr8	42094099	42094543	LTR/ERVL-MaLR	1088	+	222	42094321	52837
chr8	42041484	42241484	harbor2	chr8	42094844	42094922	LTR/ERVL-MaLR	1088	+	39	42094883	53399
chr8	42041484	42241484	harbor2	chr8	42118645	42119136	LTR/ERVL-MaLR	699	+	246	42118891	77407
chr8	38171509	38371509	harbor2	chr8	38225020	38225390	LTR/ERVL-MaLR	2642	+	185	38225205	53696
chr8	23430616	23630616	harbor2	chr8	23448361	23448695	LTR/ERVL-MaLR	1614	+	167	23448528	17912
chr8	23430616	23630616	harbor2	chr8	23461908	23462142	LTR/ERVL-MaLR	611	+	117	23462025	31409
chr8	23430616	23630616	harbor2	chr8	23462477	23462877	LTR/ERVL-MaLR	1336	+	200	23462677	32061
chr8	23430616	23630616	harbor2	chr8	23475128	23475389	LTR/ERVL-MaLR	724	+	130	23475258	44642
chr8	23430616	23630616	harbor2	chr8	23490403	23490868	LTR/ERVL-MaLR	1585	+	232	23490635	60019
chr8	23430616	23630616	harbor2	chr8	23522310	23522666	LTR/ERVL-MaLR	1273	+	178	23522488	91872
chr8	23430616	23630616	harbor2	chr8	23510714	23511079	LTR/ERVL-MaLR	2218	+	182	23510896	80280
chr8	141208447	141408447	harbor2	chr8	141296871	141297066	LTR/ERVL-MaLR	756	+	98	141296969	88522
chr8	23428887	23628887	harbor2	chr8	23448361	23448695	LTR/ERVL-MaLR	1614	+	167	23448528	19641
chr8	23428887	23628887	harbor2	chr8	23461908	23462142	LTR/ERVL-MaLR	611	+	117	23462025	33138
chr8	23428887	23628887	harbor2	chr8	23462477	23462877	LTR/ERVL-MaLR	1336	+	200	23462677	33790
chr8	23428887	23628887	harbor2	chr8	23475128	23475389	LTR/ERVL-MaLR	724	+	130	23475258	46371
chr8	23428887	23628887	harbor2	chr8	23490403	23490868	LTR/ERVL-MaLR	1585	+	232	23490635	61748
chr8	23428887	23628887	harbor2	chr8	23522310	23522666	LTR/ERVL-MaLR	1273	+	178	23522488	93601
chr8	23428887	23628887	harbor2	chr8	23510714	23511079	LTR/ERVL-MaLR	2218	+	182	23510896	82009
chr8	23428847	23628847	harbor2	chr8	23448361	23448695	LTR/ERVL-MaLR	1614	+	167	23448528	19681
chr8	23428847	23628847	harbor2	chr8	23461908	23462142	LTR/ERVL-MaLR	611	+	117	23462025	33178
chr8	23428847	23628847	harbor2	chr8	23462477	23462877	LTR/ERVL-MaLR	1336	+	200	23462677	33830
chr8	23428847	23628847	harbor2	chr8	23475128	23475389	LTR/ERVL-MaLR	724	+	130	23475258	46411
chr8	23428847	23628847	harbor2	chr8	23490403	23490868	LTR/ERVL-MaLR	1585	+	232	23490635	61788
chr8	23428847	23628847	harbor2	chr8	23522310	23522666	LTR/ERVL-MaLR	1273	+	178	23522488	93641
chr8	23428847	23628847	harbor2	chr8	23510714	23511079	LTR/ERVL-MaLR	2218	+	182	23510896	82049
chr8	129916351	130116351	harbor2	chr8	129962819	129963113	LTR/ERVL-MaLR	703	+	147	129962966	46615
chr8	129916351	130116351	harbor2	chr8	129963163	129963347	LTR/ERVL-MaLR	496	+	92	129963255	46904
chr8	129916351	130116351	harbor2	chr8	129986391	129986818	LTR/ERVL-MaLR	2921	+	214	129986605	70254
chr8	129916351	130116351	harbor2	chr8	129986900	129987320	LTR/ERVL-MaLR	749	+	210	129987110	70759
chr8	129916351	130116351	harbor2	chr8	129991289	129991667	LTR/ERVL-MaLR	2464	+	189	129991478	75127
chr8	129916351	130116351	harbor2	chr8	129994007	129994436	LTR/ERVL-MaLR	1644	+	214	129994221	77870
chr8	23429171	23629171	harbor2	chr8	23448361	23448695	LTR/ERVL-MaLR	1614	+	167	23448528	19357
chr8	23429171	23629171	harbor2	chr8	23461908	23462142	LTR/ERVL-MaLR	611	+	117	23462025	32854
chr8	23429171	23629171	harbor2	chr8	23462477	23462877	LTR/ERVL-MaLR	1336	+	200	23462677	33506
chr8	23429171	23629171	harbor2	chr8	23475128	23475389	LTR/ERVL-MaLR	724	+	130	23475258	46087
chr8	23429171	23629171	harbor2	chr8	23490403	23490868	LTR/ERVL-MaLR	1585	+	232	23490635	61464
chr8	23429171	23629171	harbor2	chr8	23522310	23522666	LTR/ERVL-MaLR	1273	+	178	23522488	93317
chr8	23429171	23629171	harbor2	chr8	23510714	23511079	LTR/ERVL-MaLR	2218	+	182	23510896	81725
chr8	23428810	23628810	harbor2	chr8	23448361	23448695	LTR/ERVL-MaLR	1614	+	167	23448528	19718
chr8	23428810	23628810	harbor2	chr8	23461908	23462142	LTR/ERVL-MaLR	611	+	117	23462025	33215
chr8	23428810	23628810	harbor2	chr8	23462477	23462877	LTR/ERVL-MaLR	1336	+	200	23462677	33867
chr8	23428810	23628810	harbor2	chr8	23475128	23475389	LTR/ERVL-MaLR	724	+	130	23475258	46448
chr8	23428810	23628810	harbor2	chr8	23490403	23490868	LTR/ERVL-MaLR	1585	+	232	23490635	61825
chr8	23428810	23628810	harbor2	chr8	23522310	23522666	LTR/ERVL-MaLR	1273	+	178	23522488	93678
chr8	23428810	23628810	harbor2	chr8	23510714	23511079	LTR/ERVL-MaLR	2218	+	182	23510896	82086
chr8	23428878	23628878	harbor2	chr8	23448361	23448695	LTR/ERVL-MaLR	1614	+	167	23448528	19650
chr8	23428878	23628878	harbor2	chr8	23461908	23462142	LTR/ERVL-MaLR	611	+	117	23462025	33147
chr8	23428878	23628878	harbor2	chr8	23462477	23462877	LTR/ERVL-MaLR	1336	+	200	23462677	33799
chr8	23428878	23628878	harbor2	chr8	23475128	23475389	LTR/ERVL-MaLR	724	+	130	23475258	46380
chr8	23428878	23628878	harbor2	chr8	23490403	23490868	LTR/ERVL-MaLR	1585	+	232	23490635	61757
chr8	23428878	23628878	harbor2	chr8	23522310	23522666	LTR/ERVL-MaLR	1273	+	178	23522488	93610
chr8	23428878	23628878	harbor2	chr8	23510714	23511079	LTR/ERVL-MaLR	2218	+	182	23510896	82018
chr8	144678130	144878130	harbor2	chr8	144698014	144698426	LTR/ERVL-MaLR	2446	+	206	144698220	20090
chr8	144678130	144878130	harbor2	chr8	144744471	144744769	LTR/ERVL-MaLR	1227	+	149	144744620	66490
chr8	144678130	144878130	harbor2	chr8	144761453	144761820	LTR/ERVL-MaLR	1927	+	184	144761637	83507
chr8	144678130	144878130	harbor2	chr8	144770594	144770933	LTR/ERVL-MaLR	1329	+	170	144770764	92634
chr8	96337693	96537693	harbor2	chr8	96366898	96367396	LTR/ERVL-MaLR	1390	+	249	96367147	29454
chr8	96337693	96537693	harbor2	chr8	96375839	96376047	LTR/ERVL-MaLR	879	+	104	96375943	38250
chr8	96337693	96537693	harbor2	chr8	96385388	96385555	LTR/ERVL-MaLR	1429	+	84	96385472	47779
chr8	96337693	96537693	harbor2	chr8	96385866	96385878	LTR/ERVL-MaLR	1429	+	6	96385872	48179
chr8	96337693	96537693	harbor2	chr8	96385905	96386125	LTR/ERVL-MaLR	1429	+	110	96386015	48322
chr8	96337693	96537693	harbor2	chr8	96388471	96388823	LTR/ERVL-MaLR	2401	+	176	96388647	50954
chr8	96337693	96537693	harbor2	chr8	96389104	96389586	LTR/ERVL-MaLR	631	+	241	96389345	51652
chr8	96337693	96537693	harbor2	chr8	96395996	96396360	LTR/ERVL-MaLR	2265	+	182	96396178	58485
chr8	96337693	96537693	harbor2	chr8	96422674	96422815	LTR/ERVL-MaLR	641	+	70	96422744	85051
chr8	96337693	96537693	harbor2	chr8	96431496	96431880	LTR/ERVL-MaLR	2256	+	192	96431688	93995
chr8	96337693	96537693	harbor2	chr8	96431884	96433383	LTR/ERVL-MaLR	10782	+	750	96432634	94941
chr8	96337693	96537693	harbor2	chr8	96433384	96433768	LTR/ERVL-MaLR	2451	+	192	96433576	95883
chr8	38191547	38391547	harbor2	chr8	38225020	38225390	LTR/ERVL-MaLR	2642	+	185	38225205	33658
chr8	38191547	38391547	harbor2	chr8	38285993	38286607	LTR/ERVL-MaLR	1187	+	307	38286300	94753
chr8	57813008	58013008	harbor2	chr8	57831080	57831295	LTR/ERVL-MaLR	869	+	108	57831188	18180
chr8	57813008	58013008	harbor2	chr8	57831295	57831782	LTR/ERVL-MaLR	1299	+	244	57831539	18531
chr8	57813008	58013008	harbor2	chr8	57831855	57832047	LTR/ERVL-MaLR	735	+	96	57831951	18943
chr8	57813008	58013008	harbor2	chr8	57832364	57832437	LTR/ERVL-MaLR	735	+	36	57832400	19392
chr8	57813008	58013008	harbor2	chr8	57856633	57856968	LTR/ERVL-MaLR	1572	+	168	57856801	43793
chr8	57813008	58013008	harbor2	chr8	57862009	57862370	LTR/ERVL-MaLR	2262	+	180	57862189	49181
chr8	57813008	58013008	harbor2	chr8	57862377	57863906	LTR/ERVL-MaLR	9608	+	764	57863141	50133
chr8	57813008	58013008	harbor2	chr8	57863907	57864283	LTR/ERVL-MaLR	2601	+	188	57864095	51087
chr8	57813008	58013008	harbor2	chr8	57883315	57883689	LTR/ERVL-MaLR	2221	+	187	57883502	70494
chr8	57813008	58013008	harbor2	chr8	57887849	57887992	LTR/ERVL-MaLR	658	+	72	57887921	74913
chr8	57813008	58013008	harbor2	chr8	57888006	57888220	LTR/ERVL-MaLR	943	+	107	57888113	75105
chr8	142525412	142725412	harbor2	chr8	142567776	142567888	LTR/ERVL-MaLR	1180	+	56	142567832	42420
chr8	142525412	142725412	harbor2	chr8	142568187	142568441	LTR/ERVL-MaLR	1180	+	127	142568314	42902
chr8	142525412	142725412	harbor2	chr8	142588525	142588934	LTR/ERVL-MaLR	2166	+	204	142588729	63317
chr8	23430801	23630801	harbor2	chr8	23448361	23448695	LTR/ERVL-MaLR	1614	+	167	23448528	17727
chr8	23430801	23630801	harbor2	chr8	23461908	23462142	LTR/ERVL-MaLR	611	+	117	23462025	31224
chr8	23430801	23630801	harbor2	chr8	23462477	23462877	LTR/ERVL-MaLR	1336	+	200	23462677	31876
chr8	23430801	23630801	harbor2	chr8	23475128	23475389	LTR/ERVL-MaLR	724	+	130	23475258	44457
chr8	23430801	23630801	harbor2	chr8	23490403	23490868	LTR/ERVL-MaLR	1585	+	232	23490635	59834
chr8	23430801	23630801	harbor2	chr8	23522310	23522666	LTR/ERVL-MaLR	1273	+	178	23522488	91687
chr8	23430801	23630801	harbor2	chr8	23510714	23511079	LTR/ERVL-MaLR	2218	+	182	23510896	80095
chr8	23428837	23628837	harbor2	chr8	23448361	23448695	LTR/ERVL-MaLR	1614	+	167	23448528	19691
chr8	23428837	23628837	harbor2	chr8	23461908	23462142	LTR/ERVL-MaLR	611	+	117	23462025	33188
chr8	23428837	23628837	harbor2	chr8	23462477	23462877	LTR/ERVL-MaLR	1336	+	200	23462677	33840
chr8	23428837	23628837	harbor2	chr8	23475128	23475389	LTR/ERVL-MaLR	724	+	130	23475258	46421
chr8	23428837	23628837	harbor2	chr8	23490403	23490868	LTR/ERVL-MaLR	1585	+	232	23490635	61798
chr8	23428837	23628837	harbor2	chr8	23522310	23522666	LTR/ERVL-MaLR	1273	+	178	23522488	93651
chr8	23428837	23628837	harbor2	chr8	23510714	23511079	LTR/ERVL-MaLR	2218	+	182	23510896	82059
chr8	23428831	23628831	harbor2	chr8	23448361	23448695	LTR/ERVL-MaLR	1614	+	167	23448528	19697
chr8	23428831	23628831	harbor2	chr8	23461908	23462142	LTR/ERVL-MaLR	611	+	117	23462025	33194
chr8	23428831	23628831	harbor2	chr8	23462477	23462877	LTR/ERVL-MaLR	1336	+	200	23462677	33846
chr8	23428831	23628831	harbor2	chr8	23475128	23475389	LTR/ERVL-MaLR	724	+	130	23475258	46427
chr8	23428831	23628831	harbor2	chr8	23490403	23490868	LTR/ERVL-MaLR	1585	+	232	23490635	61804
chr8	23428831	23628831	harbor2	chr8	23522310	23522666	LTR/ERVL-MaLR	1273	+	178	23522488	93657
chr8	23428831	23628831	harbor2	chr8	23510714	23511079	LTR/ERVL-MaLR	2218	+	182	23510896	82065
chr8	38169189	38369189	harbor2	chr8	38171294	38171432	LTR/ERVL-MaLR	454	+	69	38171363	2174
chr8	38169189	38369189	harbor2	chr8	38225020	38225390	LTR/ERVL-MaLR	2642	+	185	38225205	56016
chr8	38178632	38378632	harbor2	chr8	38225020	38225390	LTR/ERVL-MaLR	2642	+	185	38225205	46573
chr8	23430721	23630721	harbor2	chr8	23448361	23448695	LTR/ERVL-MaLR	1614	+	167	23448528	17807
chr8	23430721	23630721	harbor2	chr8	23461908	23462142	LTR/ERVL-MaLR	611	+	117	23462025	31304
chr8	23430721	23630721	harbor2	chr8	23462477	23462877	LTR/ERVL-MaLR	1336	+	200	23462677	31956
chr8	23430721	23630721	harbor2	chr8	23475128	23475389	LTR/ERVL-MaLR	724	+	130	23475258	44537
chr8	23430721	23630721	harbor2	chr8	23490403	23490868	LTR/ERVL-MaLR	1585	+	232	23490635	59914
chr8	23430721	23630721	harbor2	chr8	23522310	23522666	LTR/ERVL-MaLR	1273	+	178	23522488	91767
chr8	23430721	23630721	harbor2	chr8	23510714	23511079	LTR/ERVL-MaLR	2218	+	182	23510896	80175
chr8	23123866	23323866	harbor2	chr8	23140648	23140924	LTR/ERVL-MaLR	1758	+	138	23140786	16920
chr8	23123866	23323866	harbor2	chr8	23169136	23169550	LTR/ERVL-MaLR	2288	+	207	23169343	45477
chr8	23123866	23323866	harbor2	chr8	23178391	23178457	LTR/ERVL-MaLR	1533	+	33	23178424	54558
chr8	23123866	23323866	harbor2	chr8	23178746	23179122	LTR/ERVL-MaLR	1533	+	188	23178934	55068
chr8	23123866	23323866	harbor2	chr8	23186805	23187208	LTR/ERVL-MaLR	1984	+	202	23187007	63141
chr8	23123866	23323866	harbor2	chr8	23188056	23188238	LTR/ERVL-MaLR	1647	+	91	23188147	64281
chr8	23123866	23323866	harbor2	chr8	23188239	23188644	LTR/ERVL-MaLR	2436	+	202	23188441	64575
chr8	23123866	23323866	harbor2	chr8	23188645	23188735	LTR/ERVL-MaLR	1647	+	45	23188690	64824
chr8	23123866	23323866	harbor2	chr8	23189158	23189316	LTR/ERVL-MaLR	1647	+	79	23189237	65371
chr8	23123866	23323866	harbor2	chr8	23207563	23207904	LTR/ERVL-MaLR	2107	+	170	23207733	83867
chr8	23123866	23323866	harbor2	chr8	23207928	23208444	LTR/ERVL-MaLR	10272	+	258	23208186	84320
chr8	23123866	23323866	harbor2	chr8	23208756	23209911	LTR/ERVL-MaLR	10272	+	578	23209334	85468
chr8	23123866	23323866	harbor2	chr8	23209912	23210261	LTR/ERVL-MaLR	1922	+	174	23210086	86220
chr8	23123866	23323866	harbor2	chr8	23222667	23223056	LTR/ERVL-MaLR	1158	+	194	23222861	98995
chr8	23123866	23323866	harbor2	chr8	23223365	23223403	LTR/ERVL-MaLR	1158	+	19	23223384	99518
chr8	23428811	23628811	harbor2	chr8	23448361	23448695	LTR/ERVL-MaLR	1614	+	167	23448528	19717
chr8	23428811	23628811	harbor2	chr8	23461908	23462142	LTR/ERVL-MaLR	611	+	117	23462025	33214
chr8	23428811	23628811	harbor2	chr8	23462477	23462877	LTR/ERVL-MaLR	1336	+	200	23462677	33866
chr8	23428811	23628811	harbor2	chr8	23475128	23475389	LTR/ERVL-MaLR	724	+	130	23475258	46447
chr8	23428811	23628811	harbor2	chr8	23490403	23490868	LTR/ERVL-MaLR	1585	+	232	23490635	61824
chr8	23428811	23628811	harbor2	chr8	23522310	23522666	LTR/ERVL-MaLR	1273	+	178	23522488	93677
chr8	23428811	23628811	harbor2	chr8	23510714	23511079	LTR/ERVL-MaLR	2218	+	182	23510896	82085
chr8	108431293	108631293	harbor2	chr8	108448360	108448728	LTR/ERVL-MaLR	2128	+	184	108448544	17251
chr8	142524861	142724861	harbor2	chr8	142567776	142567888	LTR/ERVL-MaLR	1180	+	56	142567832	42971
chr8	142524861	142724861	harbor2	chr8	142568187	142568441	LTR/ERVL-MaLR	1180	+	127	142568314	43453
chr8	142524861	142724861	harbor2	chr8	142588525	142588934	LTR/ERVL-MaLR	2166	+	204	142588729	63868
chr8	38171668	38371668	harbor2	chr8	38225020	38225390	LTR/ERVL-MaLR	2642	+	185	38225205	53537
chr8	42040637	42240637	harbor2	chr8	42089216	42089571	LTR/ERVL-MaLR	1790	+	178	42089394	48757
chr8	42040637	42240637	harbor2	chr8	42094099	42094543	LTR/ERVL-MaLR	1088	+	222	42094321	53684
chr8	42040637	42240637	harbor2	chr8	42094844	42094922	LTR/ERVL-MaLR	1088	+	39	42094883	54246
chr8	42040637	42240637	harbor2	chr8	42118645	42119136	LTR/ERVL-MaLR	699	+	246	42118891	78254
chr8	23428838	23628838	harbor2	chr8	23448361	23448695	LTR/ERVL-MaLR	1614	+	167	23448528	19690
chr8	23428838	23628838	harbor2	chr8	23461908	23462142	LTR/ERVL-MaLR	611	+	117	23462025	33187
chr8	23428838	23628838	harbor2	chr8	23462477	23462877	LTR/ERVL-MaLR	1336	+	200	23462677	33839
chr8	23428838	23628838	harbor2	chr8	23475128	23475389	LTR/ERVL-MaLR	724	+	130	23475258	46420
chr8	23428838	23628838	harbor2	chr8	23490403	23490868	LTR/ERVL-MaLR	1585	+	232	23490635	61797
chr8	23428838	23628838	harbor2	chr8	23522310	23522666	LTR/ERVL-MaLR	1273	+	178	23522488	93650
chr8	23428838	23628838	harbor2	chr8	23510714	23511079	LTR/ERVL-MaLR	2218	+	182	23510896	82058
chr8	23429250	23629250	harbor2	chr8	23448361	23448695	LTR/ERVL-MaLR	1614	+	167	23448528	19278
chr8	23429250	23629250	harbor2	chr8	23461908	23462142	LTR/ERVL-MaLR	611	+	117	23462025	32775
chr8	23429250	23629250	harbor2	chr8	23462477	23462877	LTR/ERVL-MaLR	1336	+	200	23462677	33427
chr8	23429250	23629250	harbor2	chr8	23475128	23475389	LTR/ERVL-MaLR	724	+	130	23475258	46008
chr8	23429250	23629250	harbor2	chr8	23490403	23490868	LTR/ERVL-MaLR	1585	+	232	23490635	61385
chr8	23429250	23629250	harbor2	chr8	23522310	23522666	LTR/ERVL-MaLR	1273	+	178	23522488	93238
chr8	23429250	23629250	harbor2	chr8	23510714	23511079	LTR/ERVL-MaLR	2218	+	182	23510896	81646
chr8	141208443	141408443	harbor2	chr8	141296871	141297066	LTR/ERVL-MaLR	756	+	98	141296969	88526
chr8	23428888	23628888	harbor2	chr8	23448361	23448695	LTR/ERVL-MaLR	1614	+	167	23448528	19640
chr8	23428888	23628888	harbor2	chr8	23461908	23462142	LTR/ERVL-MaLR	611	+	117	23462025	33137
chr8	23428888	23628888	harbor2	chr8	23462477	23462877	LTR/ERVL-MaLR	1336	+	200	23462677	33789
chr8	23428888	23628888	harbor2	chr8	23475128	23475389	LTR/ERVL-MaLR	724	+	130	23475258	46370
chr8	23428888	23628888	harbor2	chr8	23490403	23490868	LTR/ERVL-MaLR	1585	+	232	23490635	61747
chr8	23428888	23628888	harbor2	chr8	23522310	23522666	LTR/ERVL-MaLR	1273	+	178	23522488	93600
chr8	23428888	23628888	harbor2	chr8	23510714	23511079	LTR/ERVL-MaLR	2218	+	182	23510896	82008
chr8	600334	800334	harbor2	chr8	648168	648316	LTR/ERVL-MaLR	478	+	74	648242	47908
chr8	600334	800334	harbor2	chr8	660258	660659	LTR/ERVL-MaLR	516	+	200	660458	60124
chr8	600334	800334	harbor2	chr8	622252	622613	LTR/ERVL-MaLR	1767	+	180	622432	22098
chr8	60554292	60754292	harbor2	chr8	60603944	60604361	LTR/ERVL-MaLR	2739	+	208	60604152	49860
chr8	60554292	60754292	harbor2	chr8	60628980	60629385	LTR/ERVL-MaLR	1581	+	202	60629182	74890
chr8	60554292	60754292	harbor2	chr8	60644241	60644443	LTR/ERVL-MaLR	601	+	101	60644342	90050
chr8	60554292	60754292	harbor2	chr8	60604362	60605827	LTR/ERVL-MaLR	8949	+	732	60605094	50802
chr8	38169171	38369171	harbor2	chr8	38171294	38171432	LTR/ERVL-MaLR	454	+	69	38171363	2192
chr8	38169171	38369171	harbor2	chr8	38225020	38225390	LTR/ERVL-MaLR	2642	+	185	38225205	56034
chr8	142524868	142724868	harbor2	chr8	142567776	142567888	LTR/ERVL-MaLR	1180	+	56	142567832	42964
chr8	142524868	142724868	harbor2	chr8	142568187	142568441	LTR/ERVL-MaLR	1180	+	127	142568314	43446
chr8	142524868	142724868	harbor2	chr8	142588525	142588934	LTR/ERVL-MaLR	2166	+	204	142588729	63861
chr8	23428787	23628787	harbor2	chr8	23448361	23448695	LTR/ERVL-MaLR	1614	+	167	23448528	19741
chr8	23428787	23628787	harbor2	chr8	23461908	23462142	LTR/ERVL-MaLR	611	+	117	23462025	33238
chr8	23428787	23628787	harbor2	chr8	23462477	23462877	LTR/ERVL-MaLR	1336	+	200	23462677	33890
chr8	23428787	23628787	harbor2	chr8	23475128	23475389	LTR/ERVL-MaLR	724	+	130	23475258	46471
chr8	23428787	23628787	harbor2	chr8	23490403	23490868	LTR/ERVL-MaLR	1585	+	232	23490635	61848
chr8	23428787	23628787	harbor2	chr8	23522310	23522666	LTR/ERVL-MaLR	1273	+	178	23522488	93701
chr8	23428787	23628787	harbor2	chr8	23510714	23511079	LTR/ERVL-MaLR	2218	+	182	23510896	82109
chr8	23428812	23628812	harbor2	chr8	23448361	23448695	LTR/ERVL-MaLR	1614	+	167	23448528	19716
chr8	23428812	23628812	harbor2	chr8	23461908	23462142	LTR/ERVL-MaLR	611	+	117	23462025	33213
chr8	23428812	23628812	harbor2	chr8	23462477	23462877	LTR/ERVL-MaLR	1336	+	200	23462677	33865
chr8	23428812	23628812	harbor2	chr8	23475128	23475389	LTR/ERVL-MaLR	724	+	130	23475258	46446
chr8	23428812	23628812	harbor2	chr8	23490403	23490868	LTR/ERVL-MaLR	1585	+	232	23490635	61823
chr8	23428812	23628812	harbor2	chr8	23522310	23522666	LTR/ERVL-MaLR	1273	+	178	23522488	93676
chr8	23428812	23628812	harbor2	chr8	23510714	23511079	LTR/ERVL-MaLR	2218	+	182	23510896	82084
chr8	10626848	10826848	harbor2	chr8	10642381	10642595	LTR/ERVL-MaLR	464	+	107	10642488	15640
chr8	10626848	10826848	harbor2	chr8	10649955	10650193	LTR/ERVL-MaLR	436	+	119	10650074	23226
chr8	10626848	10826848	harbor2	chr8	10650209	10650348	LTR/ERVL-MaLR	445	+	70	10650279	23431
chr8	23428873	23628873	harbor2	chr8	23448361	23448695	LTR/ERVL-MaLR	1614	+	167	23448528	19655
chr8	23428873	23628873	harbor2	chr8	23461908	23462142	LTR/ERVL-MaLR	611	+	117	23462025	33152
chr8	23428873	23628873	harbor2	chr8	23462477	23462877	LTR/ERVL-MaLR	1336	+	200	23462677	33804
chr8	23428873	23628873	harbor2	chr8	23475128	23475389	LTR/ERVL-MaLR	724	+	130	23475258	46385
chr8	23428873	23628873	harbor2	chr8	23490403	23490868	LTR/ERVL-MaLR	1585	+	232	23490635	61762
chr8	23428873	23628873	harbor2	chr8	23522310	23522666	LTR/ERVL-MaLR	1273	+	178	23522488	93615
chr8	23428873	23628873	harbor2	chr8	23510714	23511079	LTR/ERVL-MaLR	2218	+	182	23510896	82023
chr8	29996669	30196669	harbor2	chr8	30009942	30010299	LTR/ERVL-MaLR	2216	+	178	30010120	13451
chr8	29996669	30196669	harbor2	chr8	30017885	30018201	LTR/ERVL-MaLR	843	+	158	30018043	21374
chr8	29996669	30196669	harbor2	chr8	30050486	30050850	LTR/ERVL-MaLR	1273	+	182	30050668	53999
chr8	29996669	30196669	harbor2	chr8	30058467	30058665	LTR/ERVL-MaLR	2472	+	99	30058566	61897
chr8	29996669	30196669	harbor2	chr8	30058956	30059191	LTR/ERVL-MaLR	2472	+	118	30059074	62405
chr8	29996669	30196669	harbor2	chr8	30076571	30076940	LTR/ERVL-MaLR	2185	+	184	30076755	80086
chr8	29996669	30196669	harbor2	chr8	30085008	30085367	LTR/ERVL-MaLR	1920	+	180	30085188	88519
chr8	97521189	97721189	harbor2	chr8	97540880	97541089	LTR/ERVL-MaLR	619	+	104	97540984	19795
chr8	97521189	97721189	harbor2	chr8	97570704	97571058	LTR/ERVL-MaLR	2511	+	177	97570881	49692
chr8	97521189	97721189	harbor2	chr8	97574750	97575102	LTR/ERVL-MaLR	1650	+	176	97574926	53737
chr8	97521189	97721189	harbor2	chr8	97575504	97575960	LTR/ERVL-MaLR	2217	+	228	97575732	54543
chr8	97521189	97721189	harbor2	chr8	97616697	97617031	LTR/ERVL-MaLR	1291	+	167	97616864	95675
chr8	143420985	143620985	harbor2	chr8	143501879	143502258	LTR/ERVL-MaLR	1184	+	190	143502069	81084
chr8	23430877	23630877	harbor2	chr8	23448361	23448695	LTR/ERVL-MaLR	1614	+	167	23448528	17651
chr8	23430877	23630877	harbor2	chr8	23461908	23462142	LTR/ERVL-MaLR	611	+	117	23462025	31148
chr8	23430877	23630877	harbor2	chr8	23462477	23462877	LTR/ERVL-MaLR	1336	+	200	23462677	31800
chr8	23430877	23630877	harbor2	chr8	23475128	23475389	LTR/ERVL-MaLR	724	+	130	23475258	44381
chr8	23430877	23630877	harbor2	chr8	23490403	23490868	LTR/ERVL-MaLR	1585	+	232	23490635	59758
chr8	23430877	23630877	harbor2	chr8	23522310	23522666	LTR/ERVL-MaLR	1273	+	178	23522488	91611
chr8	23430877	23630877	harbor2	chr8	23510714	23511079	LTR/ERVL-MaLR	2218	+	182	23510896	80019
chr8	124796970	124996970	harbor2	chr8	124800099	124800232	LTR/ERVL-MaLR	1665	+	66	124800165	3195
chr8	124796970	124996970	harbor2	chr8	124800530	124800848	LTR/ERVL-MaLR	1665	+	159	124800689	3719
chr8	124796970	124996970	harbor2	chr8	124807580	124807857	LTR/ERVL-MaLR	1669	+	138	124807718	10748
chr8	124796970	124996970	harbor2	chr8	124832821	124833090	LTR/ERVL-MaLR	597	+	134	124832955	35985
chr8	124796970	124996970	harbor2	chr8	124833543	124833965	LTR/ERVL-MaLR	2500	+	211	124833754	36784
chr8	124796970	124996970	harbor2	chr8	124844380	124844772	LTR/ERVL-MaLR	1631	+	196	124844576	47606
chr8	124796970	124996970	harbor2	chr8	124861015	124861441	LTR/ERVL-MaLR	1047	+	213	124861228	64258
chr8	124796970	124996970	harbor2	chr8	124861649	124861862	LTR/ERVL-MaLR	439	+	106	124861755	64785
chr8	124796970	124996970	harbor2	chr8	124870980	124871369	LTR/ERVL-MaLR	914	+	194	124871174	74204
chr8	124796970	124996970	harbor2	chr8	124880001	124880590	LTR/ERVL-MaLR	1050	+	294	124880295	83325
chr8	23440530	23640530	harbor2	chr8	23448361	23448695	LTR/ERVL-MaLR	1614	+	167	23448528	7998
chr8	23440530	23640530	harbor2	chr8	23461908	23462142	LTR/ERVL-MaLR	611	+	117	23462025	21495
chr8	23440530	23640530	harbor2	chr8	23462477	23462877	LTR/ERVL-MaLR	1336	+	200	23462677	22147
chr8	23440530	23640530	harbor2	chr8	23475128	23475389	LTR/ERVL-MaLR	724	+	130	23475258	34728
chr8	23440530	23640530	harbor2	chr8	23490403	23490868	LTR/ERVL-MaLR	1585	+	232	23490635	50105
chr8	23440530	23640530	harbor2	chr8	23522310	23522666	LTR/ERVL-MaLR	1273	+	178	23522488	81958
chr8	23440530	23640530	harbor2	chr8	23510714	23511079	LTR/ERVL-MaLR	2218	+	182	23510896	70366
chr8	42040654	42240654	harbor2	chr8	42089216	42089571	LTR/ERVL-MaLR	1790	+	178	42089394	48740
chr8	42040654	42240654	harbor2	chr8	42094099	42094543	LTR/ERVL-MaLR	1088	+	222	42094321	53667
chr8	42040654	42240654	harbor2	chr8	42094844	42094922	LTR/ERVL-MaLR	1088	+	39	42094883	54229
chr8	42040654	42240654	harbor2	chr8	42118645	42119136	LTR/ERVL-MaLR	699	+	246	42118891	78237
chr8	23429402	23629402	harbor2	chr8	23448361	23448695	LTR/ERVL-MaLR	1614	+	167	23448528	19126
chr8	23429402	23629402	harbor2	chr8	23461908	23462142	LTR/ERVL-MaLR	611	+	117	23462025	32623
chr8	23429402	23629402	harbor2	chr8	23462477	23462877	LTR/ERVL-MaLR	1336	+	200	23462677	33275
chr8	23429402	23629402	harbor2	chr8	23475128	23475389	LTR/ERVL-MaLR	724	+	130	23475258	45856
chr8	23429402	23629402	harbor2	chr8	23490403	23490868	LTR/ERVL-MaLR	1585	+	232	23490635	61233
chr8	23429402	23629402	harbor2	chr8	23522310	23522666	LTR/ERVL-MaLR	1273	+	178	23522488	93086
chr8	23429402	23629402	harbor2	chr8	23510714	23511079	LTR/ERVL-MaLR	2218	+	182	23510896	81494
chr8	129914983	130114983	harbor2	chr8	129962819	129963113	LTR/ERVL-MaLR	703	+	147	129962966	47983
chr8	129914983	130114983	harbor2	chr8	129963163	129963347	LTR/ERVL-MaLR	496	+	92	129963255	48272
chr8	129914983	130114983	harbor2	chr8	129986391	129986818	LTR/ERVL-MaLR	2921	+	214	129986605	71622
chr8	129914983	130114983	harbor2	chr8	129986900	129987320	LTR/ERVL-MaLR	749	+	210	129987110	72127
chr8	129914983	130114983	harbor2	chr8	129991289	129991667	LTR/ERVL-MaLR	2464	+	189	129991478	76495
chr8	129914983	130114983	harbor2	chr8	129994007	129994436	LTR/ERVL-MaLR	1644	+	214	129994221	79238
chr8	141284097	141484097	harbor2	chr8	141296871	141297066	LTR/ERVL-MaLR	756	+	98	141296969	12872
chr8	141284097	141484097	harbor2	chr8	141326817	141327177	LTR/ERVL-MaLR	1213	+	180	141326997	42900
chr8	141284097	141484097	harbor2	chr8	141349118	141349528	LTR/ERVL-MaLR	1083	+	205	141349323	65226
chr8	142531182	142731182	harbor2	chr8	142567776	142567888	LTR/ERVL-MaLR	1180	+	56	142567832	36650
chr8	142531182	142731182	harbor2	chr8	142568187	142568441	LTR/ERVL-MaLR	1180	+	127	142568314	37132
chr8	142531182	142731182	harbor2	chr8	142588525	142588934	LTR/ERVL-MaLR	2166	+	204	142588729	57547
chr8	142674582	142874582	harbor2	chr8	142713331	142713703	LTR/ERVL-MaLR	1612	+	186	142713517	38935
chr8	142525400	142725400	harbor2	chr8	142567776	142567888	LTR/ERVL-MaLR	1180	+	56	142567832	42432
chr8	142525400	142725400	harbor2	chr8	142568187	142568441	LTR/ERVL-MaLR	1180	+	127	142568314	42914
chr8	142525400	142725400	harbor2	chr8	142588525	142588934	LTR/ERVL-MaLR	2166	+	204	142588729	63329
chr8	81621343	81821343	harbor2	chr8	81667345	81667459	LTR/ERVL-MaLR	765	+	57	81667402	46059
chr8	81621343	81821343	harbor2	chr8	81667482	81667822	LTR/ERVL-MaLR	5083	+	170	81667652	46309
chr8	81621343	81821343	harbor2	chr8	81668123	81668302	LTR/ERVL-MaLR	5083	+	90	81668213	46870
chr8	81621343	81821343	harbor2	chr8	81668617	81669762	LTR/ERVL-MaLR	5083	+	572	81669189	47846
chr8	81621343	81821343	harbor2	chr8	81669763	81670159	LTR/ERVL-MaLR	2354	+	198	81669961	48618
chr8	81621343	81821343	harbor2	chr8	81679834	81679854	LTR/ERVL-MaLR	1491	+	10	81679844	58501
chr8	81621343	81821343	harbor2	chr8	81680151	81680630	LTR/ERVL-MaLR	1491	+	240	81680391	59048
chr8	81621343	81821343	harbor2	chr8	81697082	81697432	LTR/ERVL-MaLR	1745	+	175	81697257	75914
chr8	81621343	81821343	harbor2	chr8	81697728	81697768	LTR/ERVL-MaLR	1745	+	20	81697748	76405
chr8	81621343	81821343	harbor2	chr8	81703307	81703419	LTR/ERVL-MaLR	454	+	56	81703363	82020
chr8	81621343	81821343	harbor2	chr8	81703723	81704031	LTR/ERVL-MaLR	454	+	154	81703877	82534
chr8	81621343	81821343	harbor2	chr8	81625087	81625194	LTR/ERVL-MaLR	499	+	54	81625141	3798
chr8	143958765	144158765	harbor2	chr8	143962062	143962472	LTR/ERVL-MaLR	896	+	205	143962267	3502
chr8	143958765	144158765	harbor2	chr8	143962484	143963674	LTR/ERVL-MaLR	3556	+	595	143963079	4314
chr8	143958765	144158765	harbor2	chr8	143964110	143964230	LTR/ERVL-MaLR	463	+	60	143964170	5405
chr8	143958765	144158765	harbor2	chr8	143964231	143964679	LTR/ERVL-MaLR	1467	+	224	143964455	5690
chr8	143958765	144158765	harbor2	chr8	144000122	144000544	LTR/ERVL-MaLR	2007	+	211	144000333	41568
chr8	143958765	144158765	harbor2	chr8	144006601	144006903	LTR/ERVL-MaLR	1160	+	151	144006752	47987
chr8	142524867	142724867	harbor2	chr8	142567776	142567888	LTR/ERVL-MaLR	1180	+	56	142567832	42965
chr8	142524867	142724867	harbor2	chr8	142568187	142568441	LTR/ERVL-MaLR	1180	+	127	142568314	43447
chr8	142524867	142724867	harbor2	chr8	142588525	142588934	LTR/ERVL-MaLR	2166	+	204	142588729	63862
chr8	23428886	23628886	harbor2	chr8	23448361	23448695	LTR/ERVL-MaLR	1614	+	167	23448528	19642
chr8	23428886	23628886	harbor2	chr8	23461908	23462142	LTR/ERVL-MaLR	611	+	117	23462025	33139
chr8	23428886	23628886	harbor2	chr8	23462477	23462877	LTR/ERVL-MaLR	1336	+	200	23462677	33791
chr8	23428886	23628886	harbor2	chr8	23475128	23475389	LTR/ERVL-MaLR	724	+	130	23475258	46372
chr8	23428886	23628886	harbor2	chr8	23490403	23490868	LTR/ERVL-MaLR	1585	+	232	23490635	61749
chr8	23428886	23628886	harbor2	chr8	23522310	23522666	LTR/ERVL-MaLR	1273	+	178	23522488	93602
chr8	23428886	23628886	harbor2	chr8	23510714	23511079	LTR/ERVL-MaLR	2218	+	182	23510896	82010
chr8	61402299	61602299	harbor2	chr8	61432299	61432687	LTR/ERVL-MaLR	2326	+	194	61432493	30194
chr8	61402299	61602299	harbor2	chr8	61445294	61445661	LTR/ERVL-MaLR	1769	+	184	61445478	43179
chr8	61402299	61602299	harbor2	chr8	61450813	61451224	LTR/ERVL-MaLR	544	+	206	61451019	48720
chr8	53884537	54084537	harbor2	chr8	53913412	53913861	LTR/ERVL-MaLR	1659	+	224	53913636	29099
chr8	124982576	125182576	harbor2	chr8	125040489	125040858	LTR/ERVL-MaLR	2733	+	184	125040673	58097
chr8	124982576	125182576	harbor2	chr8	125069012	125069377	LTR/ERVL-MaLR	1628	+	182	125069194	86618
chr8	90971180	91171180	harbor2	chr8	90974135	90974629	LTR/ERVL-MaLR	912	+	247	90974382	3202
chr8	90971180	91171180	harbor2	chr8	91030910	91031082	LTR/ERVL-MaLR	739	+	86	91030996	59816
chr8	90971180	91171180	harbor2	chr8	91050732	91051100	LTR/ERVL-MaLR	983	+	184	91050916	79736
chr8	90971180	91171180	harbor2	chr8	91052532	91052919	LTR/ERVL-MaLR	1076	+	194	91052726	81546
chr8	90971180	91171180	harbor2	chr8	91054435	91054816	LTR/ERVL-MaLR	1849	+	190	91054625	83445
chr8	90971180	91171180	harbor2	chr8	91059125	91059236	LTR/ERVL-MaLR	542	+	56	91059181	88001
chr8	90971180	91171180	harbor2	chr8	91066296	91066642	LTR/ERVL-MaLR	1880	+	173	91066469	95289
chr8	90971180	91171180	harbor2	chr8	91045506	91046077	LTR/ERVL-MaLR	2091	+	286	91045792	74612
chr8	85146249	85346249	harbor2	chr8	85161007	85161391	LTR/ERVL-MaLR	1666	+	192	85161199	14950
chr8	85146249	85346249	harbor2	chr8	85175097	85175445	LTR/ERVL-MaLR	992	+	174	85175271	29022
chr8	85146249	85346249	harbor2	chr8	85183777	85184056	LTR/ERVL-MaLR	1190	+	140	85183917	37668
chr8	85146249	85346249	harbor2	chr8	85190363	85190491	LTR/ERVL-MaLR	1584	+	64	85190427	44178
chr8	85146249	85346249	harbor2	chr8	85190804	85191110	LTR/ERVL-MaLR	1584	+	153	85190957	44708
chr8	85146249	85346249	harbor2	chr8	85191564	85191636	LTR/ERVL-MaLR	1584	+	36	85191600	45351
chr8	85146249	85346249	harbor2	chr8	85222733	85223071	LTR/ERVL-MaLR	726	+	169	85222902	76653
chr8	85145757	85345757	harbor2	chr8	85161007	85161391	LTR/ERVL-MaLR	1666	+	192	85161199	15442
chr8	85145757	85345757	harbor2	chr8	85175097	85175445	LTR/ERVL-MaLR	992	+	174	85175271	29514
chr8	85145757	85345757	harbor2	chr8	85183777	85184056	LTR/ERVL-MaLR	1190	+	140	85183917	38160
chr8	85145757	85345757	harbor2	chr8	85190363	85190491	LTR/ERVL-MaLR	1584	+	64	85190427	44670
chr8	85145757	85345757	harbor2	chr8	85190804	85191110	LTR/ERVL-MaLR	1584	+	153	85190957	45200
chr8	85145757	85345757	harbor2	chr8	85191564	85191636	LTR/ERVL-MaLR	1584	+	36	85191600	45843
chr8	85145757	85345757	harbor2	chr8	85222733	85223071	LTR/ERVL-MaLR	726	+	169	85222902	77145
chr8	600587	800587	harbor2	chr8	648168	648316	LTR/ERVL-MaLR	478	+	74	648242	47655
chr8	600587	800587	harbor2	chr8	660258	660659	LTR/ERVL-MaLR	516	+	200	660458	59871
chr8	600587	800587	harbor2	chr8	622252	622613	LTR/ERVL-MaLR	1767	+	180	622432	21845
chr8	142524847	142724847	harbor2	chr8	142567776	142567888	LTR/ERVL-MaLR	1180	+	56	142567832	42985
chr8	142524847	142724847	harbor2	chr8	142568187	142568441	LTR/ERVL-MaLR	1180	+	127	142568314	43467
chr8	142524847	142724847	harbor2	chr8	142588525	142588934	LTR/ERVL-MaLR	2166	+	204	142588729	63882
chr8	54199923	54399923	harbor2	chr8	54212355	54212914	LTR/ERVL-MaLR	1434	+	280	54212635	12712
chr8	54199923	54399923	harbor2	chr8	54216612	54216987	LTR/ERVL-MaLR	1519	+	188	54216800	16877
chr8	54199923	54399923	harbor2	chr8	54238184	54238336	LTR/ERVL-MaLR	1316	+	76	54238260	38337
chr8	54199923	54399923	harbor2	chr8	54238367	54238602	LTR/ERVL-MaLR	1316	+	118	54238485	38562
chr8	54199923	54399923	harbor2	chr8	54289475	54289992	LTR/ERVL-MaLR	545	+	258	54289733	89810
chr8	54199923	54399923	harbor2	chr8	54294887	54295106	LTR/ERVL-MaLR	955	+	110	54294997	95074
chr8	54199923	54399923	harbor2	chr8	54295409	54295513	LTR/ERVL-MaLR	955	+	52	54295461	95538
chr8	141299552	141499552	harbor2	chr8	141326817	141327177	LTR/ERVL-MaLR	1213	+	180	141326997	27445
chr8	141299552	141499552	harbor2	chr8	141349118	141349528	LTR/ERVL-MaLR	1083	+	205	141349323	49771
chr8	141299552	141499552	harbor2	chr8	141387747	141388125	LTR/ERVL-MaLR	605	+	189	141387936	88384
chr8	78098264	78298264	harbor2	chr8	78111244	78111661	LTR/ERVL-MaLR	2300	+	208	78111452	13188
chr8	78098264	78298264	harbor2	chr8	78134746	78135042	LTR/ERVL-MaLR	1485	+	148	78134894	36630
chr8	78098264	78298264	harbor2	chr8	78155392	78155629	LTR/ERVL-MaLR	559	+	118	78155510	57246
chr8	38169198	38369198	harbor2	chr8	38171294	38171432	LTR/ERVL-MaLR	454	+	69	38171363	2165
chr8	38169198	38369198	harbor2	chr8	38225020	38225390	LTR/ERVL-MaLR	2642	+	185	38225205	56007
chr8	23429413	23629413	harbor2	chr8	23448361	23448695	LTR/ERVL-MaLR	1614	+	167	23448528	19115
chr8	23429413	23629413	harbor2	chr8	23461908	23462142	LTR/ERVL-MaLR	611	+	117	23462025	32612
chr8	23429413	23629413	harbor2	chr8	23462477	23462877	LTR/ERVL-MaLR	1336	+	200	23462677	33264
chr8	23429413	23629413	harbor2	chr8	23475128	23475389	LTR/ERVL-MaLR	724	+	130	23475258	45845
chr8	23429413	23629413	harbor2	chr8	23490403	23490868	LTR/ERVL-MaLR	1585	+	232	23490635	61222
chr8	23429413	23629413	harbor2	chr8	23522310	23522666	LTR/ERVL-MaLR	1273	+	178	23522488	93075
chr8	23429413	23629413	harbor2	chr8	23510714	23511079	LTR/ERVL-MaLR	2218	+	182	23510896	81483
chr8	23428927	23628927	harbor2	chr8	23448361	23448695	LTR/ERVL-MaLR	1614	+	167	23448528	19601
chr8	23428927	23628927	harbor2	chr8	23461908	23462142	LTR/ERVL-MaLR	611	+	117	23462025	33098
chr8	23428927	23628927	harbor2	chr8	23462477	23462877	LTR/ERVL-MaLR	1336	+	200	23462677	33750
chr8	23428927	23628927	harbor2	chr8	23475128	23475389	LTR/ERVL-MaLR	724	+	130	23475258	46331
chr8	23428927	23628927	harbor2	chr8	23490403	23490868	LTR/ERVL-MaLR	1585	+	232	23490635	61708
chr8	23428927	23628927	harbor2	chr8	23522310	23522666	LTR/ERVL-MaLR	1273	+	178	23522488	93561
chr8	23428927	23628927	harbor2	chr8	23510714	23511079	LTR/ERVL-MaLR	2218	+	182	23510896	81969
chr8	18018662	18218662	harbor2	chr8	18090235	18090488	LTR/ERVL-MaLR	551	+	126	18090361	71699
chr8	18018662	18218662	harbor2	chr8	18094433	18094573	LTR/ERVL-MaLR	852	+	70	18094503	75841
chr8	18018662	18218662	harbor2	chr8	18094892	18094902	LTR/ERVL-MaLR	852	+	5	18094897	76235
chr8	18018662	18218662	harbor2	chr8	18095198	18095458	LTR/ERVL-MaLR	864	+	130	18095328	76666
chr8	18018662	18218662	harbor2	chr8	18102498	18102894	LTR/ERVL-MaLR	2192	+	198	18102696	84034
chr8	18018662	18218662	harbor2	chr8	18104542	18104943	LTR/ERVL-MaLR	2377	+	200	18104742	86080
chr8	18018662	18218662	harbor2	chr8	18109298	18109792	LTR/ERVL-MaLR	4023	+	247	18109545	90883
chr8	18018662	18218662	harbor2	chr8	18102896	18104540	LTR/ERVL-MaLR	9885	+	822	18103718	85056
chr8	129916407	130116407	harbor2	chr8	129962819	129963113	LTR/ERVL-MaLR	703	+	147	129962966	46559
chr8	129916407	130116407	harbor2	chr8	129963163	129963347	LTR/ERVL-MaLR	496	+	92	129963255	46848
chr8	129916407	130116407	harbor2	chr8	129986391	129986818	LTR/ERVL-MaLR	2921	+	214	129986605	70198
chr8	129916407	130116407	harbor2	chr8	129986900	129987320	LTR/ERVL-MaLR	749	+	210	129987110	70703
chr8	129916407	130116407	harbor2	chr8	129991289	129991667	LTR/ERVL-MaLR	2464	+	189	129991478	75071
chr8	129916407	130116407	harbor2	chr8	129994007	129994436	LTR/ERVL-MaLR	1644	+	214	129994221	77814
chr8	38172311	38372311	harbor2	chr8	38225020	38225390	LTR/ERVL-MaLR	2642	+	185	38225205	52894
chr8	38169192	38369192	harbor2	chr8	38171294	38171432	LTR/ERVL-MaLR	454	+	69	38171363	2171
chr8	38169192	38369192	harbor2	chr8	38225020	38225390	LTR/ERVL-MaLR	2642	+	185	38225205	56013
chr8	100622158	100822158	harbor2	chr8	100653352	100653736	LTR/ERVL-MaLR	1311	+	192	100653544	31386
chr8	100622158	100822158	harbor2	chr8	100655339	100655685	LTR/ERVL-MaLR	2235	+	173	100655512	33354
chr8	100622158	100822158	harbor2	chr8	100683912	100683978	LTR/ERVL-MaLR	749	+	33	100683945	61787
chr8	100622158	100822158	harbor2	chr8	100684298	100684510	LTR/ERVL-MaLR	749	+	106	100684404	62246
chr8	134491303	134691303	harbor2	chr8	134505371	134505899	LTR/ERVL-MaLR	1880	+	264	134505635	14332
chr8	134491303	134691303	harbor2	chr8	134526912	134527385	LTR/ERVL-MaLR	2324	+	236	134527148	35845
chr8	134491303	134691303	harbor2	chr8	134541134	134541561	LTR/ERVL-MaLR	2255	+	214	134541348	50045
chr8	134491303	134691303	harbor2	chr8	134561890	134562401	LTR/ERVL-MaLR	1994	+	256	134562146	70843
chr8	134491303	134691303	harbor2	chr8	134575153	134575612	LTR/ERVL-MaLR	1866	+	230	134575383	84080
chr8	29983254	30183254	harbor2	chr8	30009942	30010299	LTR/ERVL-MaLR	2216	+	178	30010120	26866
chr8	29983254	30183254	harbor2	chr8	30017885	30018201	LTR/ERVL-MaLR	843	+	158	30018043	34789
chr8	29983254	30183254	harbor2	chr8	30050486	30050850	LTR/ERVL-MaLR	1273	+	182	30050668	67414
chr8	29983254	30183254	harbor2	chr8	30058467	30058665	LTR/ERVL-MaLR	2472	+	99	30058566	75312
chr8	29983254	30183254	harbor2	chr8	30058956	30059191	LTR/ERVL-MaLR	2472	+	118	30059074	75820
chr8	29983254	30183254	harbor2	chr8	30076571	30076940	LTR/ERVL-MaLR	2185	+	184	30076755	93501
chr8	30449501	30649501	harbor2	chr8	30507970	30508353	LTR/ERVL-MaLR	1834	+	192	30508162	58661
chr8	23428893	23628893	harbor2	chr8	23448361	23448695	LTR/ERVL-MaLR	1614	+	167	23448528	19635
chr8	23428893	23628893	harbor2	chr8	23461908	23462142	LTR/ERVL-MaLR	611	+	117	23462025	33132
chr8	23428893	23628893	harbor2	chr8	23462477	23462877	LTR/ERVL-MaLR	1336	+	200	23462677	33784
chr8	23428893	23628893	harbor2	chr8	23475128	23475389	LTR/ERVL-MaLR	724	+	130	23475258	46365
chr8	23428893	23628893	harbor2	chr8	23490403	23490868	LTR/ERVL-MaLR	1585	+	232	23490635	61742
chr8	23428893	23628893	harbor2	chr8	23522310	23522666	LTR/ERVL-MaLR	1273	+	178	23522488	93595
chr8	23428893	23628893	harbor2	chr8	23510714	23511079	LTR/ERVL-MaLR	2218	+	182	23510896	82003
chr8	81789753	81989753	harbor2	chr8	81795979	81796365	LTR/ERVL-MaLR	1126	+	193	81796172	6419
chr8	81789753	81989753	harbor2	chr8	81828596	81829128	LTR/ERVL-MaLR	2276	+	266	81828862	39109
chr8	81789753	81989753	harbor2	chr8	81878107	81878491	LTR/ERVL-MaLR	2547	+	192	81878299	88546
chr8	117836203	118036203	harbor2	chr8	117872961	117873265	LTR/ERVL-MaLR	1261	+	152	117873113	36910
chr8	117836203	118036203	harbor2	chr8	117889040	117889346	LTR/ERVL-MaLR	1119	+	153	117889193	52990
chr8	117836203	118036203	harbor2	chr8	117918418	117918859	LTR/ERVL-MaLR	823	+	220	117918638	82435
chr8	142635847	142835847	harbor2	chr8	142635880	142636128	LTR/ERVL-MaLR	594	+	124	142636004	157
chr8	142635847	142835847	harbor2	chr8	142647365	142647729	LTR/ERVL-MaLR	2350	+	182	142647547	11700
chr8	142635847	142835847	harbor2	chr8	142647730	142649291	LTR/ERVL-MaLR	12304	+	780	142648510	12663
chr8	142635847	142835847	harbor2	chr8	142649292	142649601	LTR/ERVL-MaLR	1581	+	154	142649446	13599
chr8	142635847	142835847	harbor2	chr8	142649600	142650405	LTR/ERVL-MaLR	5808	+	402	142650002	14155
chr8	142635847	142835847	harbor2	chr8	142650406	142650772	LTR/ERVL-MaLR	2235	+	183	142650589	14742
chr8	142635847	142835847	harbor2	chr8	142670684	142670840	LTR/ERVL-MaLR	822	+	78	142670762	34915
chr8	142635847	142835847	harbor2	chr8	142671243	142671536	LTR/ERVL-MaLR	1435	+	146	142671389	35542
chr8	142635847	142835847	harbor2	chr8	142713331	142713703	LTR/ERVL-MaLR	1612	+	186	142713517	77670
chr8	23428926	23628926	harbor2	chr8	23448361	23448695	LTR/ERVL-MaLR	1614	+	167	23448528	19602
chr8	23428926	23628926	harbor2	chr8	23461908	23462142	LTR/ERVL-MaLR	611	+	117	23462025	33099
chr8	23428926	23628926	harbor2	chr8	23462477	23462877	LTR/ERVL-MaLR	1336	+	200	23462677	33751
chr8	23428926	23628926	harbor2	chr8	23475128	23475389	LTR/ERVL-MaLR	724	+	130	23475258	46332
chr8	23428926	23628926	harbor2	chr8	23490403	23490868	LTR/ERVL-MaLR	1585	+	232	23490635	61709
chr8	23428926	23628926	harbor2	chr8	23522310	23522666	LTR/ERVL-MaLR	1273	+	178	23522488	93562
chr8	23428926	23628926	harbor2	chr8	23510714	23511079	LTR/ERVL-MaLR	2218	+	182	23510896	81970
chr8	144399569	144599569	harbor2	chr8	144406868	144406926	LTR/ERVL-MaLR	530	+	29	144406897	7328
chr8	144399569	144599569	harbor2	chr8	144407846	144408038	LTR/ERVL-MaLR	530	+	96	144407942	8373
chr8	144399569	144599569	harbor2	chr8	144411767	144412019	LTR/ERVL-MaLR	899	+	126	144411893	12324
chr8	144409872	144609872	harbor2	chr8	144411767	144412019	LTR/ERVL-MaLR	899	+	126	144411893	2021
chr8	35278627	35478627	harbor2	chr8	35321269	35321643	LTR/ERVL-MaLR	2260	+	187	35321456	42829
chr8	35278627	35478627	harbor2	chr8	35355634	35355959	LTR/ERVL-MaLR	1290	+	162	35355796	77169
chr8	35278627	35478627	harbor2	chr8	35356091	35356148	LTR/ERVL-MaLR	447	+	28	35356119	77492
chr8	35278627	35478627	harbor2	chr8	35368639	35369022	LTR/ERVL-MaLR	1230	+	192	35368831	90204
chr8	142525343	142725343	harbor2	chr8	142567776	142567888	LTR/ERVL-MaLR	1180	+	56	142567832	42489
chr8	142525343	142725343	harbor2	chr8	142568187	142568441	LTR/ERVL-MaLR	1180	+	127	142568314	42971
chr8	142525343	142725343	harbor2	chr8	142588525	142588934	LTR/ERVL-MaLR	2166	+	204	142588729	63386
chr8	38169188	38369188	harbor2	chr8	38171294	38171432	LTR/ERVL-MaLR	454	+	69	38171363	2175
chr8	38169188	38369188	harbor2	chr8	38225020	38225390	LTR/ERVL-MaLR	2642	+	185	38225205	56017
chr8	29983321	30183321	harbor2	chr8	30009942	30010299	LTR/ERVL-MaLR	2216	+	178	30010120	26799
chr8	29983321	30183321	harbor2	chr8	30017885	30018201	LTR/ERVL-MaLR	843	+	158	30018043	34722
chr8	29983321	30183321	harbor2	chr8	30050486	30050850	LTR/ERVL-MaLR	1273	+	182	30050668	67347
chr8	29983321	30183321	harbor2	chr8	30058467	30058665	LTR/ERVL-MaLR	2472	+	99	30058566	75245
chr8	29983321	30183321	harbor2	chr8	30058956	30059191	LTR/ERVL-MaLR	2472	+	118	30059074	75753
chr8	29983321	30183321	harbor2	chr8	30076571	30076940	LTR/ERVL-MaLR	2185	+	184	30076755	93434
chr8	102557133	102757133	harbor2	chr8	102574102	102574575	LTR/ERVL-MaLR	1836	+	236	102574338	17205
chr8	102557133	102757133	harbor2	chr8	102579259	102579359	LTR/ERVL-MaLR	2344	+	50	102579309	22176
chr8	102557133	102757133	harbor2	chr8	102579665	102580034	LTR/ERVL-MaLR	2344	+	184	102579849	22716
chr8	102557133	102757133	harbor2	chr8	102581015	102581058	LTR/ERVL-MaLR	2344	+	22	102581037	23904
chr8	102557133	102757133	harbor2	chr8	102581190	102581258	LTR/ERVL-MaLR	2344	+	34	102581224	24091
chr8	102557133	102757133	harbor2	chr8	102608167	102608330	LTR/ERVL-MaLR	651	+	82	102608249	51116
chr8	102557133	102757133	harbor2	chr8	102608639	102608921	LTR/ERVL-MaLR	870	+	141	102608780	51647
chr8	102557133	102757133	harbor2	chr8	102609535	102609598	LTR/ERVL-MaLR	870	+	32	102609567	52434
chr8	102557133	102757133	harbor2	chr8	102616078	102616485	LTR/ERVL-MaLR	634	+	204	102616282	59149
chr8	102557133	102757133	harbor2	chr8	102630904	102631442	LTR/ERVL-MaLR	817	+	269	102631173	74040
chr8	102557133	102757133	harbor2	chr8	102632837	102633001	LTR/ERVL-MaLR	628	+	82	102632919	75786
chr8	102557133	102757133	harbor2	chr8	102633008	102633348	LTR/ERVL-MaLR	951	+	170	102633178	76045
chr8	102557133	102757133	harbor2	chr8	102633641	102633717	LTR/ERVL-MaLR	951	+	38	102633679	76546
chr8	102557133	102757133	harbor2	chr8	102640813	102641173	LTR/ERVL-MaLR	2311	+	180	102640993	83860
chr8	143978595	144178595	harbor2	chr8	144000122	144000544	LTR/ERVL-MaLR	2007	+	211	144000333	21738
chr8	143978595	144178595	harbor2	chr8	144006601	144006903	LTR/ERVL-MaLR	1160	+	151	144006752	28157
chr8	143978595	144178595	harbor2	chr8	144067171	144067468	LTR/ERVL-MaLR	611	+	148	144067319	88724
chr8	143978595	144178595	harbor2	chr8	144077542	144078060	LTR/ERVL-MaLR	1645	+	259	144077801	99206
chr8	142528666	142728666	harbor2	chr8	142567776	142567888	LTR/ERVL-MaLR	1180	+	56	142567832	39166
chr8	142528666	142728666	harbor2	chr8	142568187	142568441	LTR/ERVL-MaLR	1180	+	127	142568314	39648
chr8	142528666	142728666	harbor2	chr8	142588525	142588934	LTR/ERVL-MaLR	2166	+	204	142588729	60063
chr8	143150227	143350227	harbor2	chr8	143170441	143170934	LTR/ERVL-MaLR	759	+	246	143170687	20460
chr8	143150227	143350227	harbor2	chr8	143171995	143172338	LTR/ERVL-MaLR	674	+	172	143172167	21940
chr8	143150227	143350227	harbor2	chr8	143172639	143172695	LTR/ERVL-MaLR	674	+	28	143172667	22440
chr8	143150227	143350227	harbor2	chr8	143189114	143189430	LTR/ERVL-MaLR	788	+	158	143189272	39045
chr8	143150227	143350227	harbor2	chr8	143203926	143204283	LTR/ERVL-MaLR	2568	+	178	143204104	53877
chr8	143150227	143350227	harbor2	chr8	143216946	143217196	LTR/ERVL-MaLR	627	+	125	143217071	66844
chr8	143150227	143350227	harbor2	chr8	143245688	143245933	LTR/ERVL-MaLR	592	+	122	143245810	95583
chr8	144048018	144248018	harbor2	chr8	144067171	144067468	LTR/ERVL-MaLR	611	+	148	144067319	19301
chr8	144048018	144248018	harbor2	chr8	144077542	144078060	LTR/ERVL-MaLR	1645	+	259	144077801	29783
chr8	91971379	92171379	harbor2	chr8	92022398	92022767	LTR/ERVL-MaLR	1619	+	184	92022582	51203
chr8	91971379	92171379	harbor2	chr8	92022894	92023183	LTR/ERVL-MaLR	504	+	144	92023038	51659
chr8	42041611	42241611	harbor2	chr8	42089216	42089571	LTR/ERVL-MaLR	1790	+	178	42089394	47783
chr8	42041611	42241611	harbor2	chr8	42094099	42094543	LTR/ERVL-MaLR	1088	+	222	42094321	52710
chr8	42041611	42241611	harbor2	chr8	42094844	42094922	LTR/ERVL-MaLR	1088	+	39	42094883	53272
chr8	42041611	42241611	harbor2	chr8	42118645	42119136	LTR/ERVL-MaLR	699	+	246	42118891	77280
chr8	96961343	97161343	harbor2	chr8	96984290	96984676	LTR/ERVL-MaLR	1639	+	193	96984483	23140
chr8	96961343	97161343	harbor2	chr8	97055722	97055817	LTR/ERVL-MaLR	870	+	48	97055770	94427
chr8	96961343	97161343	harbor2	chr8	97056133	97056197	LTR/ERVL-MaLR	870	+	32	97056165	94822
chr8	38215555	38415555	harbor2	chr8	38225020	38225390	LTR/ERVL-MaLR	2642	+	185	38225205	9650
chr8	38215555	38415555	harbor2	chr8	38285993	38286607	LTR/ERVL-MaLR	1187	+	307	38286300	70745
chr8	38215555	38415555	harbor2	chr8	38312481	38312890	LTR/ERVL-MaLR	2449	+	204	38312685	97130
chr8	23431204	23631204	harbor2	chr8	23448361	23448695	LTR/ERVL-MaLR	1614	+	167	23448528	17324
chr8	23431204	23631204	harbor2	chr8	23461908	23462142	LTR/ERVL-MaLR	611	+	117	23462025	30821
chr8	23431204	23631204	harbor2	chr8	23462477	23462877	LTR/ERVL-MaLR	1336	+	200	23462677	31473
chr8	23431204	23631204	harbor2	chr8	23475128	23475389	LTR/ERVL-MaLR	724	+	130	23475258	44054
chr8	23431204	23631204	harbor2	chr8	23490403	23490868	LTR/ERVL-MaLR	1585	+	232	23490635	59431
chr8	23431204	23631204	harbor2	chr8	23522310	23522666	LTR/ERVL-MaLR	1273	+	178	23522488	91284
chr8	23431204	23631204	harbor2	chr8	23510714	23511079	LTR/ERVL-MaLR	2218	+	182	23510896	79692
chr8	41512963	41712963	harbor2	chr8	41603634	41603892	LTR/ERVL-MaLR	528	+	129	41603763	90800
chr8	23428900	23628900	harbor2	chr8	23448361	23448695	LTR/ERVL-MaLR	1614	+	167	23448528	19628
chr8	23428900	23628900	harbor2	chr8	23461908	23462142	LTR/ERVL-MaLR	611	+	117	23462025	33125
chr8	23428900	23628900	harbor2	chr8	23462477	23462877	LTR/ERVL-MaLR	1336	+	200	23462677	33777
chr8	23428900	23628900	harbor2	chr8	23475128	23475389	LTR/ERVL-MaLR	724	+	130	23475258	46358
chr8	23428900	23628900	harbor2	chr8	23490403	23490868	LTR/ERVL-MaLR	1585	+	232	23490635	61735
chr8	23428900	23628900	harbor2	chr8	23522310	23522666	LTR/ERVL-MaLR	1273	+	178	23522488	93588
chr8	23428900	23628900	harbor2	chr8	23510714	23511079	LTR/ERVL-MaLR	2218	+	182	23510896	81996
chr8	100622167	100822167	harbor2	chr8	100653352	100653736	LTR/ERVL-MaLR	1311	+	192	100653544	31377
chr8	100622167	100822167	harbor2	chr8	100655339	100655685	LTR/ERVL-MaLR	2235	+	173	100655512	33345
chr8	100622167	100822167	harbor2	chr8	100683912	100683978	LTR/ERVL-MaLR	749	+	33	100683945	61778
chr8	100622167	100822167	harbor2	chr8	100684298	100684510	LTR/ERVL-MaLR	749	+	106	100684404	62237
chr8	41241751	41441751	harbor2	chr8	41243442	41243883	LTR/ERVL-MaLR	1949	+	220	41243662	1911
chr8	41241751	41441751	harbor2	chr8	41292258	41292611	LTR/ERVL-MaLR	1873	+	176	41292434	50683
chr8	41241751	41441751	harbor2	chr8	41318345	41318697	LTR/ERVL-MaLR	600	+	176	41318521	76770
chr8	32682741	32882741	harbor2	chr8	32776370	32776742	LTR/ERVL-MaLR	1840	+	186	32776556	93815
chr8	32682741	32882741	harbor2	chr8	32776746	32776932	LTR/ERVL-MaLR	1104	+	93	32776839	94098
chr8	32682741	32882741	harbor2	chr8	32778381	32778738	LTR/ERVL-MaLR	1715	+	178	32778559	95818
chr8	30321094	30521094	harbor2	chr8	30345131	30345558	LTR/ERVL-MaLR	1123	+	214	30345345	24251
chr8	30321094	30521094	harbor2	chr8	30368104	30368325	LTR/ERVL-MaLR	543	+	110	30368214	47120
chr8	94973524	95173524	harbor2	chr8	94973865	94974004	LTR/ERVL-MaLR	883	+	70	94973935	411
chr8	94973524	95173524	harbor2	chr8	94981042	94981436	LTR/ERVL-MaLR	1507	+	197	94981239	7715
chr8	94973524	95173524	harbor2	chr8	94985003	94985415	LTR/ERVL-MaLR	970	+	206	94985209	11685
chr8	94973524	95173524	harbor2	chr8	94992914	94992966	LTR/ERVL-MaLR	1146	+	26	94992940	19416
chr8	94973524	95173524	harbor2	chr8	94993351	94993803	LTR/ERVL-MaLR	1146	+	226	94993577	20053
chr8	94973524	95173524	harbor2	chr8	94996634	94997017	LTR/ERVL-MaLR	2063	+	192	94996826	23302
chr8	94973524	95173524	harbor2	chr8	95013775	95014216	LTR/ERVL-MaLR	2360	+	220	95013995	40471
chr8	143513655	143713655	harbor2	chr8	143544712	143544851	LTR/ERVL-MaLR	725	+	70	143544782	31127
chr8	143513655	143713655	harbor2	chr8	143573345	143573697	LTR/ERVL-MaLR	1521	+	176	143573521	59866
chr8	143513655	143713655	harbor2	chr8	143582989	143583334	LTR/ERVL-MaLR	1617	+	172	143583161	69506
chr8	143513655	143713655	harbor2	chr8	143583707	143584150	LTR/ERVL-MaLR	1496	+	222	143583929	70274
chr8	143513655	143713655	harbor2	chr8	143584151	143584270	LTR/ERVL-MaLR	518	+	60	143584211	70556
chr8	143513655	143713655	harbor2	chr8	143584795	143585094	LTR/ERVL-MaLR	982	+	150	143584945	71290
chr8	143513655	143713655	harbor2	chr8	143585112	143585439	LTR/ERVL-MaLR	624	+	164	143585276	71621
chr8	23429267	23629267	harbor2	chr8	23448361	23448695	LTR/ERVL-MaLR	1614	+	167	23448528	19261
chr8	23429267	23629267	harbor2	chr8	23461908	23462142	LTR/ERVL-MaLR	611	+	117	23462025	32758
chr8	23429267	23629267	harbor2	chr8	23462477	23462877	LTR/ERVL-MaLR	1336	+	200	23462677	33410
chr8	23429267	23629267	harbor2	chr8	23475128	23475389	LTR/ERVL-MaLR	724	+	130	23475258	45991
chr8	23429267	23629267	harbor2	chr8	23490403	23490868	LTR/ERVL-MaLR	1585	+	232	23490635	61368
chr8	23429267	23629267	harbor2	chr8	23522310	23522666	LTR/ERVL-MaLR	1273	+	178	23522488	93221
chr8	23429267	23629267	harbor2	chr8	23510714	23511079	LTR/ERVL-MaLR	2218	+	182	23510896	81629
chr8	66406890	66606890	harbor2	chr8	66476559	66476637	LTR/ERVL-MaLR	480	+	39	66476598	69708
chr8	66406890	66606890	harbor2	chr8	66477475	66477834	LTR/ERVL-MaLR	1571	+	180	66477655	70765
chr8	23428736	23628736	harbor2	chr8	23448361	23448695	LTR/ERVL-MaLR	1614	+	167	23448528	19792
chr8	23428736	23628736	harbor2	chr8	23461908	23462142	LTR/ERVL-MaLR	611	+	117	23462025	33289
chr8	23428736	23628736	harbor2	chr8	23462477	23462877	LTR/ERVL-MaLR	1336	+	200	23462677	33941
chr8	23428736	23628736	harbor2	chr8	23475128	23475389	LTR/ERVL-MaLR	724	+	130	23475258	46522
chr8	23428736	23628736	harbor2	chr8	23490403	23490868	LTR/ERVL-MaLR	1585	+	232	23490635	61899
chr8	23428736	23628736	harbor2	chr8	23522310	23522666	LTR/ERVL-MaLR	1273	+	178	23522488	93752
chr8	23428736	23628736	harbor2	chr8	23510714	23511079	LTR/ERVL-MaLR	2218	+	182	23510896	82160
chr8	143825669	144025669	harbor2	chr8	143834027	143834590	LTR/ERVL-MaLR	2100	+	282	143834309	8640
chr8	143825669	144025669	harbor2	chr8	143843585	143843851	LTR/ERVL-MaLR	531	+	133	143843718	18049
chr8	143825669	144025669	harbor2	chr8	143844828	143844977	LTR/ERVL-MaLR	493	+	74	143844902	19233
chr8	143825669	144025669	harbor2	chr8	143874294	143874679	LTR/ERVL-MaLR	1168	+	192	143874486	48817
chr8	143825669	144025669	harbor2	chr8	143881331	143881734	LTR/ERVL-MaLR	1050	+	202	143881533	55864
chr8	143825669	144025669	harbor2	chr8	143888332	143888762	LTR/ERVL-MaLR	1089	+	215	143888547	62878
chr8	144691904	144891904	harbor2	chr8	144698014	144698426	LTR/ERVL-MaLR	2446	+	206	144698220	6316
chr8	144691904	144891904	harbor2	chr8	144744471	144744769	LTR/ERVL-MaLR	1227	+	149	144744620	52716
chr8	144691904	144891904	harbor2	chr8	144761453	144761820	LTR/ERVL-MaLR	1927	+	184	144761637	69733
chr8	144691904	144891904	harbor2	chr8	144770594	144770933	LTR/ERVL-MaLR	1329	+	170	144770764	78860
chr9	4692868	4892868	harbor2	chr9	4715795	4716197	LTR/ERVL-MaLR	740	+	201	4715996	23128
chr9	4692868	4892868	harbor2	chr9	4734005	4734371	LTR/ERVL-MaLR	1500	+	183	4734188	41320
chr9	4692868	4892868	harbor2	chr9	4744317	4744746	LTR/ERVL-MaLR	1937	+	214	4744531	51663
chr9	4692868	4892868	harbor2	chr9	4745926	4746431	LTR/ERVL-MaLR	1353	+	252	4746178	53310
chr9	4692868	4892868	harbor2	chr9	4786060	4786364	LTR/ERVL-MaLR	2618	+	152	4786212	93344
chr9	4692868	4892868	harbor2	chr9	4786667	4786739	LTR/ERVL-MaLR	2618	+	36	4786703	93835
chr9	136670195	136870195	harbor2	chr9	136753102	136753464	LTR/ERVL-MaLR	1251	+	181	136753283	83088
chr9	136670195	136870195	harbor2	chr9	136760821	136761260	LTR/ERVL-MaLR	1326	+	220	136761041	90846
chr9	136670195	136870195	harbor2	chr9	136761561	136761624	LTR/ERVL-MaLR	1326	+	32	136761593	91398
chr9	4770890	4970890	harbor2	chr9	4786060	4786364	LTR/ERVL-MaLR	2618	+	152	4786212	15322
chr9	4770890	4970890	harbor2	chr9	4786667	4786739	LTR/ERVL-MaLR	2618	+	36	4786703	15813
chr9	4692825	4892825	harbor2	chr9	4715795	4716197	LTR/ERVL-MaLR	740	+	201	4715996	23171
chr9	4692825	4892825	harbor2	chr9	4734005	4734371	LTR/ERVL-MaLR	1500	+	183	4734188	41363
chr9	4692825	4892825	harbor2	chr9	4744317	4744746	LTR/ERVL-MaLR	1937	+	214	4744531	51706
chr9	4692825	4892825	harbor2	chr9	4745926	4746431	LTR/ERVL-MaLR	1353	+	252	4746178	53353
chr9	4692825	4892825	harbor2	chr9	4786060	4786364	LTR/ERVL-MaLR	2618	+	152	4786212	93387
chr9	4692825	4892825	harbor2	chr9	4786667	4786739	LTR/ERVL-MaLR	2618	+	36	4786703	93878
chr9	4884805	5084805	harbor2	chr9	4906260	4906423	LTR/ERVL-MaLR	1398	+	82	4906342	21537
chr9	4884805	5084805	harbor2	chr9	4906725	4906961	LTR/ERVL-MaLR	1398	+	118	4906843	22038
chr9	4692782	4892782	harbor2	chr9	4715795	4716197	LTR/ERVL-MaLR	740	+	201	4715996	23214
chr9	4692782	4892782	harbor2	chr9	4734005	4734371	LTR/ERVL-MaLR	1500	+	183	4734188	41406
chr9	4692782	4892782	harbor2	chr9	4744317	4744746	LTR/ERVL-MaLR	1937	+	214	4744531	51749
chr9	4692782	4892782	harbor2	chr9	4745926	4746431	LTR/ERVL-MaLR	1353	+	252	4746178	53396
chr9	4692782	4892782	harbor2	chr9	4786060	4786364	LTR/ERVL-MaLR	2618	+	152	4786212	93430
chr9	4692782	4892782	harbor2	chr9	4786667	4786739	LTR/ERVL-MaLR	2618	+	36	4786703	93921
chr9	4884804	5084804	harbor2	chr9	4906260	4906423	LTR/ERVL-MaLR	1398	+	82	4906342	21538
chr9	4884804	5084804	harbor2	chr9	4906725	4906961	LTR/ERVL-MaLR	1398	+	118	4906843	22039
chr9	4698243	4898243	harbor2	chr9	4715795	4716197	LTR/ERVL-MaLR	740	+	201	4715996	17753
chr9	4698243	4898243	harbor2	chr9	4734005	4734371	LTR/ERVL-MaLR	1500	+	183	4734188	35945
chr9	4698243	4898243	harbor2	chr9	4744317	4744746	LTR/ERVL-MaLR	1937	+	214	4744531	46288
chr9	4698243	4898243	harbor2	chr9	4745926	4746431	LTR/ERVL-MaLR	1353	+	252	4746178	47935
chr9	4698243	4898243	harbor2	chr9	4786060	4786364	LTR/ERVL-MaLR	2618	+	152	4786212	87969
chr9	4698243	4898243	harbor2	chr9	4786667	4786739	LTR/ERVL-MaLR	2618	+	36	4786703	88460
chr9	16305865	16505865	harbor2	chr9	16319272	16319609	LTR/ERVL-MaLR	1936	+	168	16319440	13575
chr9	16305865	16505865	harbor2	chr9	16332100	16332411	LTR/ERVL-MaLR	1411	+	156	16332256	26391
chr9	16305865	16505865	harbor2	chr9	16348424	16348985	LTR/ERVL-MaLR	607	+	280	16348704	42839
chr9	16305865	16505865	harbor2	chr9	16359125	16359304	LTR/ERVL-MaLR	1875	+	90	16359215	53350
chr9	16305865	16505865	harbor2	chr9	16359352	16359502	LTR/ERVL-MaLR	1875	+	75	16359427	53562
chr9	4692809	4892809	harbor2	chr9	4715795	4716197	LTR/ERVL-MaLR	740	+	201	4715996	23187
chr9	4692809	4892809	harbor2	chr9	4734005	4734371	LTR/ERVL-MaLR	1500	+	183	4734188	41379
chr9	4692809	4892809	harbor2	chr9	4744317	4744746	LTR/ERVL-MaLR	1937	+	214	4744531	51722
chr9	4692809	4892809	harbor2	chr9	4745926	4746431	LTR/ERVL-MaLR	1353	+	252	4746178	53369
chr9	4692809	4892809	harbor2	chr9	4786060	4786364	LTR/ERVL-MaLR	2618	+	152	4786212	93403
chr9	4692809	4892809	harbor2	chr9	4786667	4786739	LTR/ERVL-MaLR	2618	+	36	4786703	93894
chr9	4692811	4892811	harbor2	chr9	4715795	4716197	LTR/ERVL-MaLR	740	+	201	4715996	23185
chr9	4692811	4892811	harbor2	chr9	4734005	4734371	LTR/ERVL-MaLR	1500	+	183	4734188	41377
chr9	4692811	4892811	harbor2	chr9	4744317	4744746	LTR/ERVL-MaLR	1937	+	214	4744531	51720
chr9	4692811	4892811	harbor2	chr9	4745926	4746431	LTR/ERVL-MaLR	1353	+	252	4746178	53367
chr9	4692811	4892811	harbor2	chr9	4786060	4786364	LTR/ERVL-MaLR	2618	+	152	4786212	93401
chr9	4692811	4892811	harbor2	chr9	4786667	4786739	LTR/ERVL-MaLR	2618	+	36	4786703	93892
chr9	4884747	5084747	harbor2	chr9	4906260	4906423	LTR/ERVL-MaLR	1398	+	82	4906342	21595
chr9	4884747	5084747	harbor2	chr9	4906725	4906961	LTR/ERVL-MaLR	1398	+	118	4906843	22096
chr9	4884773	5084773	harbor2	chr9	4906260	4906423	LTR/ERVL-MaLR	1398	+	82	4906342	21569
chr9	4884773	5084773	harbor2	chr9	4906725	4906961	LTR/ERVL-MaLR	1398	+	118	4906843	22070
chr9	4884793	5084793	harbor2	chr9	4906260	4906423	LTR/ERVL-MaLR	1398	+	82	4906342	21549
chr9	4884793	5084793	harbor2	chr9	4906725	4906961	LTR/ERVL-MaLR	1398	+	118	4906843	22050
chr9	132805998	133005998	harbor2	chr9	132811163	132811638	LTR/ERVL-MaLR	2131	+	238	132811401	5403
chr9	132805998	133005998	harbor2	chr9	132843109	132843514	LTR/ERVL-MaLR	2614	+	202	132843311	37313
chr9	132805998	133005998	harbor2	chr9	132856451	132856816	LTR/ERVL-MaLR	703	+	182	132856633	50635
chr9	132805998	133005998	harbor2	chr9	132898838	132898919	LTR/ERVL-MaLR	800	+	40	132898878	92880
chr9	132805998	133005998	harbor2	chr9	132899226	132899525	LTR/ERVL-MaLR	800	+	150	132899376	93378
chr9	100253009	100453009	harbor2	chr9	100287506	100287837	LTR/ERVL-MaLR	1539	+	166	100287672	34663
chr9	4884841	5084841	harbor2	chr9	4906260	4906423	LTR/ERVL-MaLR	1398	+	82	4906342	21501
chr9	4884841	5084841	harbor2	chr9	4906725	4906961	LTR/ERVL-MaLR	1398	+	118	4906843	22002
chr9	4884813	5084813	harbor2	chr9	4906260	4906423	LTR/ERVL-MaLR	1398	+	82	4906342	21529
chr9	4884813	5084813	harbor2	chr9	4906725	4906961	LTR/ERVL-MaLR	1398	+	118	4906843	22030
chr9	4884788	5084788	harbor2	chr9	4906260	4906423	LTR/ERVL-MaLR	1398	+	82	4906342	21554
chr9	4884788	5084788	harbor2	chr9	4906725	4906961	LTR/ERVL-MaLR	1398	+	118	4906843	22055
chr9	4884790	5084790	harbor2	chr9	4906260	4906423	LTR/ERVL-MaLR	1398	+	82	4906342	21552
chr9	4884790	5084790	harbor2	chr9	4906725	4906961	LTR/ERVL-MaLR	1398	+	118	4906843	22053
chr9	34146713	34346713	harbor2	chr9	34147786	34148119	LTR/ERVL-MaLR	653	+	166	34147952	1239
chr9	34146713	34346713	harbor2	chr9	34158617	34159001	LTR/ERVL-MaLR	1763	+	192	34158809	12096
chr9	4692881	4892881	harbor2	chr9	4715795	4716197	LTR/ERVL-MaLR	740	+	201	4715996	23115
chr9	4692881	4892881	harbor2	chr9	4734005	4734371	LTR/ERVL-MaLR	1500	+	183	4734188	41307
chr9	4692881	4892881	harbor2	chr9	4744317	4744746	LTR/ERVL-MaLR	1937	+	214	4744531	51650
chr9	4692881	4892881	harbor2	chr9	4745926	4746431	LTR/ERVL-MaLR	1353	+	252	4746178	53297
chr9	4692881	4892881	harbor2	chr9	4786060	4786364	LTR/ERVL-MaLR	2618	+	152	4786212	93331
chr9	4692881	4892881	harbor2	chr9	4786667	4786739	LTR/ERVL-MaLR	2618	+	36	4786703	93822
chr9	4884785	5084785	harbor2	chr9	4906260	4906423	LTR/ERVL-MaLR	1398	+	82	4906342	21557
chr9	4884785	5084785	harbor2	chr9	4906725	4906961	LTR/ERVL-MaLR	1398	+	118	4906843	22058
chr9	134036108	134236108	harbor2	chr9	134080893	134081136	LTR/ERVL-MaLR	1501	+	122	134081015	44907
chr9	134036108	134236108	harbor2	chr9	134081433	134081620	LTR/ERVL-MaLR	1347	+	94	134081527	45419
chr9	134036108	134236108	harbor2	chr9	134085385	134085520	LTR/ERVL-MaLR	581	+	68	134085453	49345
chr9	134036108	134236108	harbor2	chr9	134085613	134085982	LTR/ERVL-MaLR	1762	+	184	134085797	49689
chr9	134036108	134236108	harbor2	chr9	134095774	134095856	LTR/ERVL-MaLR	1876	+	41	134095815	59707
chr9	134036108	134236108	harbor2	chr9	134096150	134096428	LTR/ERVL-MaLR	1876	+	139	134096289	60181
chr9	4885814	5085814	harbor2	chr9	4906260	4906423	LTR/ERVL-MaLR	1398	+	82	4906342	20528
chr9	4885814	5085814	harbor2	chr9	4906725	4906961	LTR/ERVL-MaLR	1398	+	118	4906843	21029
chr9	134036094	134236094	harbor2	chr9	134080893	134081136	LTR/ERVL-MaLR	1501	+	122	134081015	44921
chr9	134036094	134236094	harbor2	chr9	134081433	134081620	LTR/ERVL-MaLR	1347	+	94	134081527	45433
chr9	134036094	134236094	harbor2	chr9	134085385	134085520	LTR/ERVL-MaLR	581	+	68	134085453	49359
chr9	134036094	134236094	harbor2	chr9	134085613	134085982	LTR/ERVL-MaLR	1762	+	184	134085797	49703
chr9	134036094	134236094	harbor2	chr9	134095774	134095856	LTR/ERVL-MaLR	1876	+	41	134095815	59721
chr9	134036094	134236094	harbor2	chr9	134096150	134096428	LTR/ERVL-MaLR	1876	+	139	134096289	60195
chr9	68662242	68862242	harbor2	chr9	68674212	68674715	LTR/ERVL-MaLR	1995	+	252	68674464	12222
chr9	68662242	68862242	harbor2	chr9	68701707	68702050	LTR/ERVL-MaLR	897	+	172	68701879	39637
chr9	68662242	68862242	harbor2	chr9	68702349	68702523	LTR/ERVL-MaLR	897	+	87	68702436	40194
chr9	68662242	68862242	harbor2	chr9	68712001	68712415	LTR/ERVL-MaLR	2403	+	207	68712208	49966
chr9	68662242	68862242	harbor2	chr9	68749089	68749557	LTR/ERVL-MaLR	1475	+	234	68749323	87081
chr9	68662242	68862242	harbor2	chr9	68698096	68698307	LTR/ERVL-MaLR	640	+	106	68698202	35960
chr9	4692776	4892776	harbor2	chr9	4715795	4716197	LTR/ERVL-MaLR	740	+	201	4715996	23220
chr9	4692776	4892776	harbor2	chr9	4734005	4734371	LTR/ERVL-MaLR	1500	+	183	4734188	41412
chr9	4692776	4892776	harbor2	chr9	4744317	4744746	LTR/ERVL-MaLR	1937	+	214	4744531	51755
chr9	4692776	4892776	harbor2	chr9	4745926	4746431	LTR/ERVL-MaLR	1353	+	252	4746178	53402
chr9	4692776	4892776	harbor2	chr9	4786060	4786364	LTR/ERVL-MaLR	2618	+	152	4786212	93436
chr9	4692776	4892776	harbor2	chr9	4786667	4786739	LTR/ERVL-MaLR	2618	+	36	4786703	93927
chr9	4886412	5086412	harbor2	chr9	4906260	4906423	LTR/ERVL-MaLR	1398	+	82	4906342	19930
chr9	4886412	5086412	harbor2	chr9	4906725	4906961	LTR/ERVL-MaLR	1398	+	118	4906843	20431
chr9	4884783	5084783	harbor2	chr9	4906260	4906423	LTR/ERVL-MaLR	1398	+	82	4906342	21559
chr9	4884783	5084783	harbor2	chr9	4906725	4906961	LTR/ERVL-MaLR	1398	+	118	4906843	22060
chr9	32688006	32888006	harbor2	chr9	32701606	32702125	LTR/ERVL-MaLR	2159	+	260	32701866	13860
chr9	32688006	32888006	harbor2	chr9	32763362	32763745	LTR/ERVL-MaLR	2410	+	192	32763554	75548
chr9	32688006	32888006	harbor2	chr9	32778535	32778950	LTR/ERVL-MaLR	579	+	208	32778743	90737
chr9	32688006	32888006	harbor2	chr9	32779717	32779939	LTR/ERVL-MaLR	547	+	111	32779828	91822
chr9	4884822	5084822	harbor2	chr9	4906260	4906423	LTR/ERVL-MaLR	1398	+	82	4906342	21520
chr9	4884822	5084822	harbor2	chr9	4906725	4906961	LTR/ERVL-MaLR	1398	+	118	4906843	22021
chr9	5892798	6092798	harbor2	chr9	5972409	5972826	LTR/ERVL-MaLR	2243	+	208	5972617	79819
chr9	5892798	6092798	harbor2	chr9	5982364	5982747	LTR/ERVL-MaLR	2269	+	192	5982556	89758
chr9	4692771	4892771	harbor2	chr9	4715795	4716197	LTR/ERVL-MaLR	740	+	201	4715996	23225
chr9	4692771	4892771	harbor2	chr9	4734005	4734371	LTR/ERVL-MaLR	1500	+	183	4734188	41417
chr9	4692771	4892771	harbor2	chr9	4744317	4744746	LTR/ERVL-MaLR	1937	+	214	4744531	51760
chr9	4692771	4892771	harbor2	chr9	4745926	4746431	LTR/ERVL-MaLR	1353	+	252	4746178	53407
chr9	4692771	4892771	harbor2	chr9	4786060	4786364	LTR/ERVL-MaLR	2618	+	152	4786212	93441
chr9	4692771	4892771	harbor2	chr9	4786667	4786739	LTR/ERVL-MaLR	2618	+	36	4786703	93932
chr9	4886118	5086118	harbor2	chr9	4906260	4906423	LTR/ERVL-MaLR	1398	+	82	4906342	20224
chr9	4886118	5086118	harbor2	chr9	4906725	4906961	LTR/ERVL-MaLR	1398	+	118	4906843	20725
chr9	4693367	4893367	harbor2	chr9	4715795	4716197	LTR/ERVL-MaLR	740	+	201	4715996	22629
chr9	4693367	4893367	harbor2	chr9	4734005	4734371	LTR/ERVL-MaLR	1500	+	183	4734188	40821
chr9	4693367	4893367	harbor2	chr9	4744317	4744746	LTR/ERVL-MaLR	1937	+	214	4744531	51164
chr9	4693367	4893367	harbor2	chr9	4745926	4746431	LTR/ERVL-MaLR	1353	+	252	4746178	52811
chr9	4693367	4893367	harbor2	chr9	4786060	4786364	LTR/ERVL-MaLR	2618	+	152	4786212	92845
chr9	4693367	4893367	harbor2	chr9	4786667	4786739	LTR/ERVL-MaLR	2618	+	36	4786703	93336
chr9	91845860	92045860	harbor2	chr9	91846204	91846548	LTR/ERVL-MaLR	973	+	172	91846376	516
chr9	91845860	92045860	harbor2	chr9	91850280	91850718	LTR/ERVL-MaLR	1427	+	219	91850499	4639
chr9	91845860	92045860	harbor2	chr9	91856386	91856750	LTR/ERVL-MaLR	1890	+	182	91856568	10708
chr9	91845860	92045860	harbor2	chr9	91861879	91862041	LTR/ERVL-MaLR	1471	+	81	91861960	16100
chr9	91845860	92045860	harbor2	chr9	91862341	91862376	LTR/ERVL-MaLR	1471	+	18	91862359	16499
chr9	91845860	92045860	harbor2	chr9	91862692	91862861	LTR/ERVL-MaLR	1471	+	84	91862776	16916
chr9	91845860	92045860	harbor2	chr9	91871508	91872094	LTR/ERVL-MaLR	1043	+	293	91871801	25941
chr9	91845860	92045860	harbor2	chr9	91880002	91880381	LTR/ERVL-MaLR	2227	+	190	91880192	34332
chr9	91845860	92045860	harbor2	chr9	91882592	91882966	LTR/ERVL-MaLR	2071	+	187	91882779	36919
chr9	91845860	92045860	harbor2	chr9	91942610	91942985	LTR/ERVL-MaLR	963	+	188	91942798	96938
chr9	68605578	68805578	harbor2	chr9	68631273	68631704	LTR/ERVL-MaLR	1203	+	216	68631489	25911
chr9	68605578	68805578	harbor2	chr9	68646588	68647054	LTR/ERVL-MaLR	531	+	233	68646821	41243
chr9	68605578	68805578	harbor2	chr9	68674212	68674715	LTR/ERVL-MaLR	1995	+	252	68674464	68886
chr9	68605578	68805578	harbor2	chr9	68701707	68702050	LTR/ERVL-MaLR	897	+	172	68701879	96301
chr9	68605578	68805578	harbor2	chr9	68702349	68702523	LTR/ERVL-MaLR	897	+	87	68702436	96858
chr9	68605578	68805578	harbor2	chr9	68698096	68698307	LTR/ERVL-MaLR	640	+	106	68698202	92624
chr9	4884810	5084810	harbor2	chr9	4906260	4906423	LTR/ERVL-MaLR	1398	+	82	4906342	21532
chr9	4884810	5084810	harbor2	chr9	4906725	4906961	LTR/ERVL-MaLR	1398	+	118	4906843	22033
chr9	4884787	5084787	harbor2	chr9	4906260	4906423	LTR/ERVL-MaLR	1398	+	82	4906342	21555
chr9	4884787	5084787	harbor2	chr9	4906725	4906961	LTR/ERVL-MaLR	1398	+	118	4906843	22056
chr9	95415629	95615629	harbor2	chr9	95428876	95429263	LTR/ERVL-MaLR	1867	+	194	95429070	13441
chr9	95415629	95615629	harbor2	chr9	95429914	95430249	LTR/ERVL-MaLR	1929	+	168	95430082	14453
chr9	95415629	95615629	harbor2	chr9	95431012	95431197	LTR/ERVL-MaLR	708	+	92	95431104	15475
chr9	35836326	36036326	harbor2	chr9	35858606	35859023	LTR/ERVL-MaLR	1405	+	208	35858814	22488
chr9	35836326	36036326	harbor2	chr9	35917973	35918329	LTR/ERVL-MaLR	1641	+	178	35918151	81825
chr9	35836326	36036326	harbor2	chr9	35918599	35918724	LTR/ERVL-MaLR	1641	+	62	35918661	82335
chr9	35836326	36036326	harbor2	chr9	35923558	35923873	LTR/ERVL-MaLR	1146	+	158	35923716	87390
chr9	4884811	5084811	harbor2	chr9	4906260	4906423	LTR/ERVL-MaLR	1398	+	82	4906342	21531
chr9	4884811	5084811	harbor2	chr9	4906725	4906961	LTR/ERVL-MaLR	1398	+	118	4906843	22032
chr9	4884812	5084812	harbor2	chr9	4906260	4906423	LTR/ERVL-MaLR	1398	+	82	4906342	21530
chr9	4884812	5084812	harbor2	chr9	4906725	4906961	LTR/ERVL-MaLR	1398	+	118	4906843	22031
chr9	133063996	133263996	harbor2	chr9	133088944	133089255	LTR/ERVL-MaLR	1667	+	156	133089100	25104
chr9	133063996	133263996	harbor2	chr9	133090108	133090204	LTR/ERVL-MaLR	602	+	48	133090156	26160
chr9	133063996	133263996	harbor2	chr9	133144780	133145210	LTR/ERVL-MaLR	1595	+	215	133144995	80999
chr9	133063996	133263996	harbor2	chr9	133146542	133147078	LTR/ERVL-MaLR	1424	+	268	133146810	82814
chr9	4884741	5084741	harbor2	chr9	4906260	4906423	LTR/ERVL-MaLR	1398	+	82	4906342	21601
chr9	4884741	5084741	harbor2	chr9	4906725	4906961	LTR/ERVL-MaLR	1398	+	118	4906843	22102
chr9	133063986	133263986	harbor2	chr9	133088944	133089255	LTR/ERVL-MaLR	1667	+	156	133089100	25114
chr9	133063986	133263986	harbor2	chr9	133090108	133090204	LTR/ERVL-MaLR	602	+	48	133090156	26170
chr9	133063986	133263986	harbor2	chr9	133144780	133145210	LTR/ERVL-MaLR	1595	+	215	133144995	81009
chr9	133063986	133263986	harbor2	chr9	133146542	133147078	LTR/ERVL-MaLR	1424	+	268	133146810	82824
chr9	136403289	136603289	harbor2	chr9	136437239	136437683	LTR/ERVL-MaLR	1280	+	222	136437461	34172
chr9	115857318	116057318	harbor2	chr9	115898501	115898872	LTR/ERVL-MaLR	2081	+	186	115898687	41369
chr9	115857318	116057318	harbor2	chr9	115927247	115927620	LTR/ERVL-MaLR	2423	+	186	115927433	70115
chr9	115857318	116057318	harbor2	chr9	115935239	115935647	LTR/ERVL-MaLR	2307	+	204	115935443	78125
chr9	126307232	126507232	harbor2	chr9	126309848	126310209	LTR/ERVL-MaLR	1693	+	180	126310028	2796
chr9	126307232	126507232	harbor2	chr9	126356609	126357027	LTR/ERVL-MaLR	2240	+	209	126356818	49586
chr9	4884717	5084717	harbor2	chr9	4906260	4906423	LTR/ERVL-MaLR	1398	+	82	4906342	21625
chr9	4884717	5084717	harbor2	chr9	4906725	4906961	LTR/ERVL-MaLR	1398	+	118	4906843	22126
chr9	4886228	5086228	harbor2	chr9	4906260	4906423	LTR/ERVL-MaLR	1398	+	82	4906342	20114
chr9	4886228	5086228	harbor2	chr9	4906725	4906961	LTR/ERVL-MaLR	1398	+	118	4906843	20615
chr9	4884728	5084728	harbor2	chr9	4906260	4906423	LTR/ERVL-MaLR	1398	+	82	4906342	21614
chr9	4884728	5084728	harbor2	chr9	4906725	4906961	LTR/ERVL-MaLR	1398	+	118	4906843	22115
chr9	37233585	37433585	harbor2	chr9	37257757	37257947	LTR/ERVL-MaLR	1070	+	95	37257852	24267
chr9	37233585	37433585	harbor2	chr9	37313546	37313925	LTR/ERVL-MaLR	1854	+	190	37313736	80151
chr9	4692837	4892837	harbor2	chr9	4715795	4716197	LTR/ERVL-MaLR	740	+	201	4715996	23159
chr9	4692837	4892837	harbor2	chr9	4734005	4734371	LTR/ERVL-MaLR	1500	+	183	4734188	41351
chr9	4692837	4892837	harbor2	chr9	4744317	4744746	LTR/ERVL-MaLR	1937	+	214	4744531	51694
chr9	4692837	4892837	harbor2	chr9	4745926	4746431	LTR/ERVL-MaLR	1353	+	252	4746178	53341
chr9	4692837	4892837	harbor2	chr9	4786060	4786364	LTR/ERVL-MaLR	2618	+	152	4786212	93375
chr9	4692837	4892837	harbor2	chr9	4786667	4786739	LTR/ERVL-MaLR	2618	+	36	4786703	93866
chr9	83717793	83917793	harbor2	chr9	83764170	83764506	LTR/ERVL-MaLR	1738	+	168	83764338	46545
chr9	83717793	83917793	harbor2	chr9	83764507	83766001	LTR/ERVL-MaLR	9832	+	747	83765254	47461
chr9	83717793	83917793	harbor2	chr9	83766002	83766356	LTR/ERVL-MaLR	1988	+	177	83766179	48386
chr9	83717793	83917793	harbor2	chr9	83783944	83783984	LTR/ERVL-MaLR	802	+	20	83783964	66171
chr9	83717793	83917793	harbor2	chr9	83784291	83784574	LTR/ERVL-MaLR	1051	+	142	83784433	66640
chr9	83717793	83917793	harbor2	chr9	83800987	83801433	LTR/ERVL-MaLR	1700	+	223	83801210	83417
chr9	83717793	83917793	harbor2	chr9	83808728	83809070	LTR/ERVL-MaLR	583	+	171	83808899	91106
chr9	4885225	5085225	harbor2	chr9	4906260	4906423	LTR/ERVL-MaLR	1398	+	82	4906342	21117
chr9	4885225	5085225	harbor2	chr9	4906725	4906961	LTR/ERVL-MaLR	1398	+	118	4906843	21618
chr9	4698150	4898150	harbor2	chr9	4715795	4716197	LTR/ERVL-MaLR	740	+	201	4715996	17846
chr9	4698150	4898150	harbor2	chr9	4734005	4734371	LTR/ERVL-MaLR	1500	+	183	4734188	36038
chr9	4698150	4898150	harbor2	chr9	4744317	4744746	LTR/ERVL-MaLR	1937	+	214	4744531	46381
chr9	4698150	4898150	harbor2	chr9	4745926	4746431	LTR/ERVL-MaLR	1353	+	252	4746178	48028
chr9	4698150	4898150	harbor2	chr9	4786060	4786364	LTR/ERVL-MaLR	2618	+	152	4786212	88062
chr9	4698150	4898150	harbor2	chr9	4786667	4786739	LTR/ERVL-MaLR	2618	+	36	4786703	88553
chr9	4692907	4892907	harbor2	chr9	4715795	4716197	LTR/ERVL-MaLR	740	+	201	4715996	23089
chr9	4692907	4892907	harbor2	chr9	4734005	4734371	LTR/ERVL-MaLR	1500	+	183	4734188	41281
chr9	4692907	4892907	harbor2	chr9	4744317	4744746	LTR/ERVL-MaLR	1937	+	214	4744531	51624
chr9	4692907	4892907	harbor2	chr9	4745926	4746431	LTR/ERVL-MaLR	1353	+	252	4746178	53271
chr9	4692907	4892907	harbor2	chr9	4786060	4786364	LTR/ERVL-MaLR	2618	+	152	4786212	93305
chr9	4692907	4892907	harbor2	chr9	4786667	4786739	LTR/ERVL-MaLR	2618	+	36	4786703	93796
chr9	4692711	4892711	harbor2	chr9	4715795	4716197	LTR/ERVL-MaLR	740	+	201	4715996	23285
chr9	4692711	4892711	harbor2	chr9	4734005	4734371	LTR/ERVL-MaLR	1500	+	183	4734188	41477
chr9	4692711	4892711	harbor2	chr9	4744317	4744746	LTR/ERVL-MaLR	1937	+	214	4744531	51820
chr9	4692711	4892711	harbor2	chr9	4745926	4746431	LTR/ERVL-MaLR	1353	+	252	4746178	53467
chr9	4692711	4892711	harbor2	chr9	4786060	4786364	LTR/ERVL-MaLR	2618	+	152	4786212	93501
chr9	4692711	4892711	harbor2	chr9	4786667	4786739	LTR/ERVL-MaLR	2618	+	36	4786703	93992
chr9	4884786	5084786	harbor2	chr9	4906260	4906423	LTR/ERVL-MaLR	1398	+	82	4906342	21556
chr9	4884786	5084786	harbor2	chr9	4906725	4906961	LTR/ERVL-MaLR	1398	+	118	4906843	22057
chr9	4884857	5084857	harbor2	chr9	4906260	4906423	LTR/ERVL-MaLR	1398	+	82	4906342	21485
chr9	4884857	5084857	harbor2	chr9	4906725	4906961	LTR/ERVL-MaLR	1398	+	118	4906843	21986
chr9	1	129256	harbor2	chr9	30472	30640	LTR/ERVL-MaLR	1434	+	84	30556	30555
chr9	1	129256	harbor2	chr9	30742	30913	LTR/ERVL-MaLR	1434	+	86	30828	30827
chr9	1	129256	harbor2	chr9	38038	39246	LTR/ERVL-MaLR	4016	+	604	38642	38641
chr9	1	129256	harbor2	chr9	39247	39405	LTR/ERVL-MaLR	814	+	79	39326	39325
chr9	1	129256	harbor2	chr9	39707	40076	LTR/ERVL-MaLR	867	+	184	39891	39890
chr9	1	129256	harbor2	chr9	55493	55939	LTR/ERVL-MaLR	1781	+	223	55716	55715
chr9	1	129256	harbor2	chr9	57795	58204	LTR/ERVL-MaLR	2626	+	204	57999	57998
chr9	1	129256	harbor2	chr9	58449	58712	LTR/ERVL-MaLR	982	+	132	58581	58580
chr9	1	129256	harbor2	chr9	68749	69107	LTR/ERVL-MaLR	1999	+	179	68928	68927
chr9	1	129256	harbor2	chr9	98615	98827	LTR/ERVL-MaLR	629	+	106	98721	98720
chr9	4692877	4892877	harbor2	chr9	4715795	4716197	LTR/ERVL-MaLR	740	+	201	4715996	23119
chr9	4692877	4892877	harbor2	chr9	4734005	4734371	LTR/ERVL-MaLR	1500	+	183	4734188	41311
chr9	4692877	4892877	harbor2	chr9	4744317	4744746	LTR/ERVL-MaLR	1937	+	214	4744531	51654
chr9	4692877	4892877	harbor2	chr9	4745926	4746431	LTR/ERVL-MaLR	1353	+	252	4746178	53301
chr9	4692877	4892877	harbor2	chr9	4786060	4786364	LTR/ERVL-MaLR	2618	+	152	4786212	93335
chr9	4692877	4892877	harbor2	chr9	4786667	4786739	LTR/ERVL-MaLR	2618	+	36	4786703	93826
chr9	113087955	113287955	harbor2	chr9	113106608	113106984	LTR/ERVL-MaLR	1247	+	188	113106796	18841
chr9	113087955	113287955	harbor2	chr9	113147664	113147840	LTR/ERVL-MaLR	922	+	88	113147752	59797
chr9	35657140	35857140	harbor2	chr9	35668813	35669254	LTR/ERVL-MaLR	1652	+	220	35669033	11893
chr9	4884757	5084757	harbor2	chr9	4906260	4906423	LTR/ERVL-MaLR	1398	+	82	4906342	21585
chr9	4884757	5084757	harbor2	chr9	4906725	4906961	LTR/ERVL-MaLR	1398	+	118	4906843	22086
chr9	133064003	133264003	harbor2	chr9	133088944	133089255	LTR/ERVL-MaLR	1667	+	156	133089100	25097
chr9	133064003	133264003	harbor2	chr9	133090108	133090204	LTR/ERVL-MaLR	602	+	48	133090156	26153
chr9	133064003	133264003	harbor2	chr9	133144780	133145210	LTR/ERVL-MaLR	1595	+	215	133144995	80992
chr9	133064003	133264003	harbor2	chr9	133146542	133147078	LTR/ERVL-MaLR	1424	+	268	133146810	82807
chr9	137327951	137527951	harbor2	chr9	137333462	137333825	LTR/ERVL-MaLR	1541	+	182	137333644	5693
chr9	137327951	137527951	harbor2	chr9	137409010	137409432	LTR/ERVL-MaLR	1282	+	211	137409221	81270
chr9	4693388	4893388	harbor2	chr9	4715795	4716197	LTR/ERVL-MaLR	740	+	201	4715996	22608
chr9	4693388	4893388	harbor2	chr9	4734005	4734371	LTR/ERVL-MaLR	1500	+	183	4734188	40800
chr9	4693388	4893388	harbor2	chr9	4744317	4744746	LTR/ERVL-MaLR	1937	+	214	4744531	51143
chr9	4693388	4893388	harbor2	chr9	4745926	4746431	LTR/ERVL-MaLR	1353	+	252	4746178	52790
chr9	4693388	4893388	harbor2	chr9	4786060	4786364	LTR/ERVL-MaLR	2618	+	152	4786212	92824
chr9	4693388	4893388	harbor2	chr9	4786667	4786739	LTR/ERVL-MaLR	2618	+	36	4786703	93315
chr9	4692814	4892814	harbor2	chr9	4715795	4716197	LTR/ERVL-MaLR	740	+	201	4715996	23182
chr9	4692814	4892814	harbor2	chr9	4734005	4734371	LTR/ERVL-MaLR	1500	+	183	4734188	41374
chr9	4692814	4892814	harbor2	chr9	4744317	4744746	LTR/ERVL-MaLR	1937	+	214	4744531	51717
chr9	4692814	4892814	harbor2	chr9	4745926	4746431	LTR/ERVL-MaLR	1353	+	252	4746178	53364
chr9	4692814	4892814	harbor2	chr9	4786060	4786364	LTR/ERVL-MaLR	2618	+	152	4786212	93398
chr9	4692814	4892814	harbor2	chr9	4786667	4786739	LTR/ERVL-MaLR	2618	+	36	4786703	93889
chr9	4886219	5086219	harbor2	chr9	4906260	4906423	LTR/ERVL-MaLR	1398	+	82	4906342	20123
chr9	4886219	5086219	harbor2	chr9	4906725	4906961	LTR/ERVL-MaLR	1398	+	118	4906843	20624
chr9	4692878	4892878	harbor2	chr9	4715795	4716197	LTR/ERVL-MaLR	740	+	201	4715996	23118
chr9	4692878	4892878	harbor2	chr9	4734005	4734371	LTR/ERVL-MaLR	1500	+	183	4734188	41310
chr9	4692878	4892878	harbor2	chr9	4744317	4744746	LTR/ERVL-MaLR	1937	+	214	4744531	51653
chr9	4692878	4892878	harbor2	chr9	4745926	4746431	LTR/ERVL-MaLR	1353	+	252	4746178	53300
chr9	4692878	4892878	harbor2	chr9	4786060	4786364	LTR/ERVL-MaLR	2618	+	152	4786212	93334
chr9	4692878	4892878	harbor2	chr9	4786667	4786739	LTR/ERVL-MaLR	2618	+	36	4786703	93825
chr9	4884862	5084862	harbor2	chr9	4906260	4906423	LTR/ERVL-MaLR	1398	+	82	4906342	21480
chr9	4884862	5084862	harbor2	chr9	4906725	4906961	LTR/ERVL-MaLR	1398	+	118	4906843	21981
chr9	4768126	4968126	harbor2	chr9	4786060	4786364	LTR/ERVL-MaLR	2618	+	152	4786212	18086
chr9	4768126	4968126	harbor2	chr9	4786667	4786739	LTR/ERVL-MaLR	2618	+	36	4786703	18577
chr9	134238720	134438720	harbor2	chr9	134249696	134249863	LTR/ERVL-MaLR	1420	+	84	134249780	11060
chr9	134238720	134438720	harbor2	chr9	134250160	134250384	LTR/ERVL-MaLR	1420	+	112	134250272	11552
chr9	134238720	134438720	harbor2	chr9	134271388	134271585	LTR/ERVL-MaLR	610	+	98	134271486	32766
chr9	134238720	134438720	harbor2	chr9	134271626	134271868	LTR/ERVL-MaLR	654	+	121	134271747	33027
chr9	134238720	134438720	harbor2	chr9	134306502	134306997	LTR/ERVL-MaLR	1695	+	248	134306750	68030
chr9	4692777	4892777	harbor2	chr9	4715795	4716197	LTR/ERVL-MaLR	740	+	201	4715996	23219
chr9	4692777	4892777	harbor2	chr9	4734005	4734371	LTR/ERVL-MaLR	1500	+	183	4734188	41411
chr9	4692777	4892777	harbor2	chr9	4744317	4744746	LTR/ERVL-MaLR	1937	+	214	4744531	51754
chr9	4692777	4892777	harbor2	chr9	4745926	4746431	LTR/ERVL-MaLR	1353	+	252	4746178	53401
chr9	4692777	4892777	harbor2	chr9	4786060	4786364	LTR/ERVL-MaLR	2618	+	152	4786212	93435
chr9	4692777	4892777	harbor2	chr9	4786667	4786739	LTR/ERVL-MaLR	2618	+	36	4786703	93926
chr9	4885989	5085989	harbor2	chr9	4906260	4906423	LTR/ERVL-MaLR	1398	+	82	4906342	20353
chr9	4885989	5085989	harbor2	chr9	4906725	4906961	LTR/ERVL-MaLR	1398	+	118	4906843	20854
chr9	4692867	4892867	harbor2	chr9	4715795	4716197	LTR/ERVL-MaLR	740	+	201	4715996	23129
chr9	4692867	4892867	harbor2	chr9	4734005	4734371	LTR/ERVL-MaLR	1500	+	183	4734188	41321
chr9	4692867	4892867	harbor2	chr9	4744317	4744746	LTR/ERVL-MaLR	1937	+	214	4744531	51664
chr9	4692867	4892867	harbor2	chr9	4745926	4746431	LTR/ERVL-MaLR	1353	+	252	4746178	53311
chr9	4692867	4892867	harbor2	chr9	4786060	4786364	LTR/ERVL-MaLR	2618	+	152	4786212	93345
chr9	4692867	4892867	harbor2	chr9	4786667	4786739	LTR/ERVL-MaLR	2618	+	36	4786703	93836
chr9	113066015	113266015	harbor2	chr9	113106608	113106984	LTR/ERVL-MaLR	1247	+	188	113106796	40781
chr9	113066015	113266015	harbor2	chr9	113147664	113147840	LTR/ERVL-MaLR	922	+	88	113147752	81737
chr9	4692785	4892785	harbor2	chr9	4715795	4716197	LTR/ERVL-MaLR	740	+	201	4715996	23211
chr9	4692785	4892785	harbor2	chr9	4734005	4734371	LTR/ERVL-MaLR	1500	+	183	4734188	41403
chr9	4692785	4892785	harbor2	chr9	4744317	4744746	LTR/ERVL-MaLR	1937	+	214	4744531	51746
chr9	4692785	4892785	harbor2	chr9	4745926	4746431	LTR/ERVL-MaLR	1353	+	252	4746178	53393
chr9	4692785	4892785	harbor2	chr9	4786060	4786364	LTR/ERVL-MaLR	2618	+	152	4786212	93427
chr9	4692785	4892785	harbor2	chr9	4786667	4786739	LTR/ERVL-MaLR	2618	+	36	4786703	93918
chr9	132707943	132907943	harbor2	chr9	132772278	132772635	LTR/ERVL-MaLR	1656	+	178	132772456	64513
chr9	132707943	132907943	harbor2	chr9	132782973	132783448	LTR/ERVL-MaLR	1836	+	238	132783211	75268
chr9	132707943	132907943	harbor2	chr9	132802267	132802653	LTR/ERVL-MaLR	511	+	193	132802460	94517
chr9	132707943	132907943	harbor2	chr9	132802674	132802929	LTR/ERVL-MaLR	606	+	128	132802802	94859
chr9	137215057	137415057	harbor2	chr9	137294334	137294568	LTR/ERVL-MaLR	918	+	117	137294451	79394
chr9	137214578	137414578	harbor2	chr9	137294334	137294568	LTR/ERVL-MaLR	918	+	117	137294451	79873
chr9	35657135	35857135	harbor2	chr9	35668813	35669254	LTR/ERVL-MaLR	1652	+	220	35669033	11898
chr9	35657145	35857145	harbor2	chr9	35668813	35669254	LTR/ERVL-MaLR	1652	+	220	35669033	11888
chr9	4884744	5084744	harbor2	chr9	4906260	4906423	LTR/ERVL-MaLR	1398	+	82	4906342	21598
chr9	4884744	5084744	harbor2	chr9	4906725	4906961	LTR/ERVL-MaLR	1398	+	118	4906843	22099
chr9	89263404	89463404	harbor2	chr9	89281820	89282191	LTR/ERVL-MaLR	1627	+	186	89282006	18602
chr9	89263404	89463404	harbor2	chr9	89286131	89286223	LTR/ERVL-MaLR	1236	+	46	89286177	22773
chr9	89263404	89463404	harbor2	chr9	89286537	89286839	LTR/ERVL-MaLR	1236	+	151	89286688	23284
chr9	89263404	89463404	harbor2	chr9	89306333	89306698	LTR/ERVL-MaLR	1445	+	182	89306515	43111
chr9	5032863	5232863	harbor2	chr9	5116983	5117267	LTR/ERVL-MaLR	1636	+	142	5117125	84262
chr9	93152471	93352471	harbor2	chr9	93169368	93169757	LTR/ERVL-MaLR	773	+	194	93169562	17091
chr9	93152471	93352471	harbor2	chr9	93203551	93203730	LTR/ERVL-MaLR	666	+	90	93203641	51170
chr9	136878539	137078539	harbor2	chr9	136932997	136934550	LTR/ERVL-MaLR	6072	+	776	136933773	55234
chr9	136878539	137078539	harbor2	chr9	136934551	136934870	LTR/ERVL-MaLR	1184	+	160	136934711	56172
chr9	136878539	137078539	harbor2	chr9	136934877	136935014	LTR/ERVL-MaLR	578	+	68	136934945	56406
chr9	136878539	137078539	harbor2	chr9	136962067	136962125	LTR/ERVL-MaLR	774	+	29	136962096	83557
chr9	136878539	137078539	harbor2	chr9	136962419	136962683	LTR/ERVL-MaLR	774	+	132	136962551	84012
chr9	137214986	137414986	harbor2	chr9	137294334	137294568	LTR/ERVL-MaLR	918	+	117	137294451	79465
chr9	134036117	134236117	harbor2	chr9	134080893	134081136	LTR/ERVL-MaLR	1501	+	122	134081015	44898
chr9	134036117	134236117	harbor2	chr9	134081433	134081620	LTR/ERVL-MaLR	1347	+	94	134081527	45410
chr9	134036117	134236117	harbor2	chr9	134085385	134085520	LTR/ERVL-MaLR	581	+	68	134085453	49336
chr9	134036117	134236117	harbor2	chr9	134085613	134085982	LTR/ERVL-MaLR	1762	+	184	134085797	49680
chr9	134036117	134236117	harbor2	chr9	134095774	134095856	LTR/ERVL-MaLR	1876	+	41	134095815	59698
chr9	134036117	134236117	harbor2	chr9	134096150	134096428	LTR/ERVL-MaLR	1876	+	139	134096289	60172
chr9	134581107	134781107	harbor2	chr9	134594753	134595092	LTR/ERVL-MaLR	537	+	170	134594923	13816
chr9	134581107	134781107	harbor2	chr9	134611399	134611816	LTR/ERVL-MaLR	2385	+	208	134611607	30500
chr9	134581107	134781107	harbor2	chr9	134633087	134633443	LTR/ERVL-MaLR	2097	+	178	134633265	52158
chr9	134581107	134781107	harbor2	chr9	134637120	134637492	LTR/ERVL-MaLR	1666	+	186	134637306	56199
chr9	97885753	98085753	harbor2	chr9	97911096	97911676	LTR/ERVL-MaLR	1347	+	290	97911386	25633
chr9	133637396	133837396	harbor2	chr9	133695008	133695167	LTR/ERVL-MaLR	1365	+	80	133695088	57692
chr9	133637396	133837396	harbor2	chr9	133695469	133695706	LTR/ERVL-MaLR	1365	+	118	133695587	58191
chr9	133637396	133837396	harbor2	chr9	133705729	133706073	LTR/ERVL-MaLR	1019	+	172	133705901	68505
chr9	4698109	4898109	harbor2	chr9	4715795	4716197	LTR/ERVL-MaLR	740	+	201	4715996	17887
chr9	4698109	4898109	harbor2	chr9	4734005	4734371	LTR/ERVL-MaLR	1500	+	183	4734188	36079
chr9	4698109	4898109	harbor2	chr9	4744317	4744746	LTR/ERVL-MaLR	1937	+	214	4744531	46422
chr9	4698109	4898109	harbor2	chr9	4745926	4746431	LTR/ERVL-MaLR	1353	+	252	4746178	48069
chr9	4698109	4898109	harbor2	chr9	4786060	4786364	LTR/ERVL-MaLR	2618	+	152	4786212	88103
chr9	4698109	4898109	harbor2	chr9	4786667	4786739	LTR/ERVL-MaLR	2618	+	36	4786703	88594
chr9	83717736	83917736	harbor2	chr9	83764170	83764506	LTR/ERVL-MaLR	1738	+	168	83764338	46602
chr9	83717736	83917736	harbor2	chr9	83764507	83766001	LTR/ERVL-MaLR	9832	+	747	83765254	47518
chr9	83717736	83917736	harbor2	chr9	83766002	83766356	LTR/ERVL-MaLR	1988	+	177	83766179	48443
chr9	83717736	83917736	harbor2	chr9	83783944	83783984	LTR/ERVL-MaLR	802	+	20	83783964	66228
chr9	83717736	83917736	harbor2	chr9	83784291	83784574	LTR/ERVL-MaLR	1051	+	142	83784433	66697
chr9	83717736	83917736	harbor2	chr9	83800987	83801433	LTR/ERVL-MaLR	1700	+	223	83801210	83474
chr9	83717736	83917736	harbor2	chr9	83808728	83809070	LTR/ERVL-MaLR	583	+	171	83808899	91163
chr9	4885834	5085834	harbor2	chr9	4906260	4906423	LTR/ERVL-MaLR	1398	+	82	4906342	20508
chr9	4885834	5085834	harbor2	chr9	4906725	4906961	LTR/ERVL-MaLR	1398	+	118	4906843	21009
chr9	4698056	4898056	harbor2	chr9	4715795	4716197	LTR/ERVL-MaLR	740	+	201	4715996	17940
chr9	4698056	4898056	harbor2	chr9	4734005	4734371	LTR/ERVL-MaLR	1500	+	183	4734188	36132
chr9	4698056	4898056	harbor2	chr9	4744317	4744746	LTR/ERVL-MaLR	1937	+	214	4744531	46475
chr9	4698056	4898056	harbor2	chr9	4745926	4746431	LTR/ERVL-MaLR	1353	+	252	4746178	48122
chr9	4698056	4898056	harbor2	chr9	4786060	4786364	LTR/ERVL-MaLR	2618	+	152	4786212	88156
chr9	4698056	4898056	harbor2	chr9	4786667	4786739	LTR/ERVL-MaLR	2618	+	36	4786703	88647
chr9	137735453	137935453	harbor2	chr9	137735606	137735979	LTR/ERVL-MaLR	1318	+	186	137735792	339
chr9	136008663	136208663	harbor2	chr9	136086939	136087334	LTR/ERVL-MaLR	935	+	198	136087137	78474
chr9	94066300	94266300	harbor2	chr9	94112656	94113022	LTR/ERVL-MaLR	1824	+	183	94112839	46539
chr9	94066300	94266300	harbor2	chr9	94113026	94113501	LTR/ERVL-MaLR	2450	+	238	94113264	46964
chr9	94066300	94266300	harbor2	chr9	94119567	94119706	LTR/ERVL-MaLR	636	+	70	94119637	53337
chr9	94066300	94266300	harbor2	chr9	94119703	94119754	LTR/ERVL-MaLR	4848	+	26	94119729	53429
chr9	94066300	94266300	harbor2	chr9	94120367	94121144	LTR/ERVL-MaLR	4848	+	388	94120755	54455
chr9	94066300	94266300	harbor2	chr9	94121455	94121796	LTR/ERVL-MaLR	4848	+	170	94121625	55325
chr9	94066300	94266300	harbor2	chr9	94121797	94122163	LTR/ERVL-MaLR	1636	+	183	94121980	55680
chr9	94066300	94266300	harbor2	chr9	94122440	94122617	LTR/ERVL-MaLR	2150	+	88	94122528	56228
chr9	94066300	94266300	harbor2	chr9	94122926	94123134	LTR/ERVL-MaLR	2150	+	104	94123030	56730
chr9	94066300	94266300	harbor2	chr9	94127383	94127795	LTR/ERVL-MaLR	2355	+	206	94127589	61289
chr9	94066300	94266300	harbor2	chr9	94127796	94128164	LTR/ERVL-MaLR	10198	+	184	94127980	61680
chr9	94066300	94266300	harbor2	chr9	94128448	94129710	LTR/ERVL-MaLR	10198	+	631	94129079	62779
chr9	94066300	94266300	harbor2	chr9	94129711	94130100	LTR/ERVL-MaLR	2139	+	194	94129905	63605
chr9	94066300	94266300	harbor2	chr9	94130542	94130923	LTR/ERVL-MaLR	2201	+	190	94130732	64432
chr9	94066300	94266300	harbor2	chr9	94131855	94132221	LTR/ERVL-MaLR	1434	+	183	94132038	65738
chr9	68655476	68855476	harbor2	chr9	68674212	68674715	LTR/ERVL-MaLR	1995	+	252	68674464	18988
chr9	68655476	68855476	harbor2	chr9	68701707	68702050	LTR/ERVL-MaLR	897	+	172	68701879	46403
chr9	68655476	68855476	harbor2	chr9	68702349	68702523	LTR/ERVL-MaLR	897	+	87	68702436	46960
chr9	68655476	68855476	harbor2	chr9	68712001	68712415	LTR/ERVL-MaLR	2403	+	207	68712208	56732
chr9	68655476	68855476	harbor2	chr9	68749089	68749557	LTR/ERVL-MaLR	1475	+	234	68749323	93847
chr9	68655476	68855476	harbor2	chr9	68698096	68698307	LTR/ERVL-MaLR	640	+	106	68698202	42726
chr9	4884821	5084821	harbor2	chr9	4906260	4906423	LTR/ERVL-MaLR	1398	+	82	4906342	21521
chr9	4884821	5084821	harbor2	chr9	4906725	4906961	LTR/ERVL-MaLR	1398	+	118	4906843	22022
chr9	4693327	4893327	harbor2	chr9	4715795	4716197	LTR/ERVL-MaLR	740	+	201	4715996	22669
chr9	4693327	4893327	harbor2	chr9	4734005	4734371	LTR/ERVL-MaLR	1500	+	183	4734188	40861
chr9	4693327	4893327	harbor2	chr9	4744317	4744746	LTR/ERVL-MaLR	1937	+	214	4744531	51204
chr9	4693327	4893327	harbor2	chr9	4745926	4746431	LTR/ERVL-MaLR	1353	+	252	4746178	52851
chr9	4693327	4893327	harbor2	chr9	4786060	4786364	LTR/ERVL-MaLR	2618	+	152	4786212	92885
chr9	4693327	4893327	harbor2	chr9	4786667	4786739	LTR/ERVL-MaLR	2618	+	36	4786703	93376
chr9	137221156	137421156	harbor2	chr9	137294334	137294568	LTR/ERVL-MaLR	918	+	117	137294451	73295
chr9	137215890	137415890	harbor2	chr9	137294334	137294568	LTR/ERVL-MaLR	918	+	117	137294451	78561
chr9	133016592	133216592	harbor2	chr9	133088944	133089255	LTR/ERVL-MaLR	1667	+	156	133089100	72508
chr9	133016592	133216592	harbor2	chr9	133090108	133090204	LTR/ERVL-MaLR	602	+	48	133090156	73564
chr9	112387609	112587609	harbor2	chr9	112431491	112431866	LTR/ERVL-MaLR	2647	+	188	112431679	44070
chr9	112387609	112587609	harbor2	chr9	112432182	112432221	LTR/ERVL-MaLR	2647	+	20	112432202	44593
chr9	112387609	112587609	harbor2	chr9	112471253	112471587	LTR/ERVL-MaLR	1438	+	167	112471420	83811
chr9	112387609	112587609	harbor2	chr9	112479312	112479682	LTR/ERVL-MaLR	1865	+	185	112479497	91888
chr9	4884854	5084854	harbor2	chr9	4906260	4906423	LTR/ERVL-MaLR	1398	+	82	4906342	21488
chr9	4884854	5084854	harbor2	chr9	4906725	4906961	LTR/ERVL-MaLR	1398	+	118	4906843	21989
chr9	4884876	5084876	harbor2	chr9	4906260	4906423	LTR/ERVL-MaLR	1398	+	82	4906342	21466
chr9	4884876	5084876	harbor2	chr9	4906725	4906961	LTR/ERVL-MaLR	1398	+	118	4906843	21967
chr9	4884809	5084809	harbor2	chr9	4906260	4906423	LTR/ERVL-MaLR	1398	+	82	4906342	21533
chr9	4884809	5084809	harbor2	chr9	4906725	4906961	LTR/ERVL-MaLR	1398	+	118	4906843	22034
chr9	125647137	125847137	harbor2	chr9	125681134	125681389	LTR/ERVL-MaLR	845	+	128	125681262	34125
chr9	125647137	125847137	harbor2	chr9	125683407	125683803	LTR/ERVL-MaLR	1633	+	198	125683605	36468
chr9	4886126	5086126	harbor2	chr9	4906260	4906423	LTR/ERVL-MaLR	1398	+	82	4906342	20216
chr9	4886126	5086126	harbor2	chr9	4906725	4906961	LTR/ERVL-MaLR	1398	+	118	4906843	20717
chr9	133063985	133263985	harbor2	chr9	133088944	133089255	LTR/ERVL-MaLR	1667	+	156	133089100	25115
chr9	133063985	133263985	harbor2	chr9	133090108	133090204	LTR/ERVL-MaLR	602	+	48	133090156	26171
chr9	133063985	133263985	harbor2	chr9	133144780	133145210	LTR/ERVL-MaLR	1595	+	215	133144995	81010
chr9	133063985	133263985	harbor2	chr9	133146542	133147078	LTR/ERVL-MaLR	1424	+	268	133146810	82825
chr9	88952836	89152836	harbor2	chr9	88960111	88960601	LTR/ERVL-MaLR	1936	+	245	88960356	7520
chr9	88952836	89152836	harbor2	chr9	88963328	88963692	LTR/ERVL-MaLR	2088	+	182	88963510	10674
chr9	6658753	6858753	harbor2	chr9	6693342	6693364	LTR/ERVL-MaLR	1185	+	11	6693353	34600
chr9	6658753	6858753	harbor2	chr9	6694507	6694763	LTR/ERVL-MaLR	1185	+	128	6694635	35882
chr9	6658753	6858753	harbor2	chr9	6735396	6735758	LTR/ERVL-MaLR	2170	+	181	6735577	76824
chr9	6658753	6858753	harbor2	chr9	6735760	6736623	LTR/ERVL-MaLR	6538	+	432	6736192	77439
chr9	137205986	137405986	harbor2	chr9	137294334	137294568	LTR/ERVL-MaLR	918	+	117	137294451	88465
chr9	89263414	89463414	harbor2	chr9	89281820	89282191	LTR/ERVL-MaLR	1627	+	186	89282006	18592
chr9	89263414	89463414	harbor2	chr9	89286131	89286223	LTR/ERVL-MaLR	1236	+	46	89286177	22763
chr9	89263414	89463414	harbor2	chr9	89286537	89286839	LTR/ERVL-MaLR	1236	+	151	89286688	23274
chr9	89263414	89463414	harbor2	chr9	89306333	89306698	LTR/ERVL-MaLR	1445	+	182	89306515	43101
chr9	35657122	35857122	harbor2	chr9	35668813	35669254	LTR/ERVL-MaLR	1652	+	220	35669033	11911
chr9	4692732	4892732	harbor2	chr9	4715795	4716197	LTR/ERVL-MaLR	740	+	201	4715996	23264
chr9	4692732	4892732	harbor2	chr9	4734005	4734371	LTR/ERVL-MaLR	1500	+	183	4734188	41456
chr9	4692732	4892732	harbor2	chr9	4744317	4744746	LTR/ERVL-MaLR	1937	+	214	4744531	51799
chr9	4692732	4892732	harbor2	chr9	4745926	4746431	LTR/ERVL-MaLR	1353	+	252	4746178	53446
chr9	4692732	4892732	harbor2	chr9	4786060	4786364	LTR/ERVL-MaLR	2618	+	152	4786212	93480
chr9	4692732	4892732	harbor2	chr9	4786667	4786739	LTR/ERVL-MaLR	2618	+	36	4786703	93971
chr9	4885722	5085722	harbor2	chr9	4906260	4906423	LTR/ERVL-MaLR	1398	+	82	4906342	20620
chr9	4885722	5085722	harbor2	chr9	4906725	4906961	LTR/ERVL-MaLR	1398	+	118	4906843	21121
chr9	4729056	4929056	harbor2	chr9	4734005	4734371	LTR/ERVL-MaLR	1500	+	183	4734188	5132
chr9	4729056	4929056	harbor2	chr9	4744317	4744746	LTR/ERVL-MaLR	1937	+	214	4744531	15475
chr9	4729056	4929056	harbor2	chr9	4745926	4746431	LTR/ERVL-MaLR	1353	+	252	4746178	17122
chr9	4729056	4929056	harbor2	chr9	4786060	4786364	LTR/ERVL-MaLR	2618	+	152	4786212	57156
chr9	4729056	4929056	harbor2	chr9	4786667	4786739	LTR/ERVL-MaLR	2618	+	36	4786703	57647
chr9	4692766	4892766	harbor2	chr9	4715795	4716197	LTR/ERVL-MaLR	740	+	201	4715996	23230
chr9	4692766	4892766	harbor2	chr9	4734005	4734371	LTR/ERVL-MaLR	1500	+	183	4734188	41422
chr9	4692766	4892766	harbor2	chr9	4744317	4744746	LTR/ERVL-MaLR	1937	+	214	4744531	51765
chr9	4692766	4892766	harbor2	chr9	4745926	4746431	LTR/ERVL-MaLR	1353	+	252	4746178	53412
chr9	4692766	4892766	harbor2	chr9	4786060	4786364	LTR/ERVL-MaLR	2618	+	152	4786212	93446
chr9	4692766	4892766	harbor2	chr9	4786667	4786739	LTR/ERVL-MaLR	2618	+	36	4786703	93937
chr9	4885228	5085228	harbor2	chr9	4906260	4906423	LTR/ERVL-MaLR	1398	+	82	4906342	21114
chr9	4885228	5085228	harbor2	chr9	4906725	4906961	LTR/ERVL-MaLR	1398	+	118	4906843	21615
chr9	4889537	5089537	harbor2	chr9	4906260	4906423	LTR/ERVL-MaLR	1398	+	82	4906342	16805
chr9	4889537	5089537	harbor2	chr9	4906725	4906961	LTR/ERVL-MaLR	1398	+	118	4906843	17306
chr9	134036890	134236890	harbor2	chr9	134080893	134081136	LTR/ERVL-MaLR	1501	+	122	134081015	44125
chr9	134036890	134236890	harbor2	chr9	134081433	134081620	LTR/ERVL-MaLR	1347	+	94	134081527	44637
chr9	134036890	134236890	harbor2	chr9	134085385	134085520	LTR/ERVL-MaLR	581	+	68	134085453	48563
chr9	134036890	134236890	harbor2	chr9	134085613	134085982	LTR/ERVL-MaLR	1762	+	184	134085797	48907
chr9	134036890	134236890	harbor2	chr9	134095774	134095856	LTR/ERVL-MaLR	1876	+	41	134095815	58925
chr9	134036890	134236890	harbor2	chr9	134096150	134096428	LTR/ERVL-MaLR	1876	+	139	134096289	59399
chr9	4885594	5085594	harbor2	chr9	4906260	4906423	LTR/ERVL-MaLR	1398	+	82	4906342	20748
chr9	4885594	5085594	harbor2	chr9	4906725	4906961	LTR/ERVL-MaLR	1398	+	118	4906843	21249
chr9	4692826	4892826	harbor2	chr9	4715795	4716197	LTR/ERVL-MaLR	740	+	201	4715996	23170
chr9	4692826	4892826	harbor2	chr9	4734005	4734371	LTR/ERVL-MaLR	1500	+	183	4734188	41362
chr9	4692826	4892826	harbor2	chr9	4744317	4744746	LTR/ERVL-MaLR	1937	+	214	4744531	51705
chr9	4692826	4892826	harbor2	chr9	4745926	4746431	LTR/ERVL-MaLR	1353	+	252	4746178	53352
chr9	4692826	4892826	harbor2	chr9	4786060	4786364	LTR/ERVL-MaLR	2618	+	152	4786212	93386
chr9	4692826	4892826	harbor2	chr9	4786667	4786739	LTR/ERVL-MaLR	2618	+	36	4786703	93877
chr9	6313278	6513278	harbor2	chr9	6321805	6322197	LTR/ERVL-MaLR	1865	+	196	6322001	8723
chr9	6313278	6513278	harbor2	chr9	6332257	6332565	LTR/ERVL-MaLR	1215	+	154	6332411	19133
chr9	6313278	6513278	harbor2	chr9	6370708	6371401	LTR/ERVL-MaLR	4738	+	346	6371054	57776
chr9	6313278	6513278	harbor2	chr9	6396563	6396915	LTR/ERVL-MaLR	1643	+	176	6396739	83461
chr9	6313278	6513278	harbor2	chr9	6402649	6402898	LTR/ERVL-MaLR	1212	+	124	6402773	89495
chr9	6313278	6513278	harbor2	chr9	6405624	6405803	LTR/ERVL-MaLR	1108	+	90	6405714	92436
chr9	6313278	6513278	harbor2	chr9	6406126	6406319	LTR/ERVL-MaLR	1108	+	96	6406222	92944
chr9	137220723	137420723	harbor2	chr9	137294334	137294568	LTR/ERVL-MaLR	918	+	117	137294451	73728
chr9	137214559	137414559	harbor2	chr9	137294334	137294568	LTR/ERVL-MaLR	918	+	117	137294451	79892
chr9	128003758	128203758	harbor2	chr9	128008889	128008958	LTR/ERVL-MaLR	1741	+	34	128008923	5165
chr9	128003758	128203758	harbor2	chr9	128015964	128016100	LTR/ERVL-MaLR	539	+	68	128016032	12274
chr9	128003758	128203758	harbor2	chr9	128019588	128019977	LTR/ERVL-MaLR	1551	+	194	128019782	16024
chr9	128003758	128203758	harbor2	chr9	128022995	128023292	LTR/ERVL-MaLR	1080	+	148	128023143	19385
chr9	128003758	128203758	harbor2	chr9	128031896	128032017	LTR/ERVL-MaLR	841	+	60	128031956	28198
chr9	128003758	128203758	harbor2	chr9	128055821	128056015	LTR/ERVL-MaLR	711	+	97	128055918	52160
chr9	128003758	128203758	harbor2	chr9	128008124	128008579	LTR/ERVL-MaLR	1741	+	228	128008352	4594
chr9	136558034	136758034	harbor2	chr9	136558500	136558804	LTR/ERVL-MaLR	880	+	152	136558652	618
chr9	136558034	136758034	harbor2	chr9	136558806	136560122	LTR/ERVL-MaLR	11824	+	658	136559464	1430
chr9	136558034	136758034	harbor2	chr9	136560677	136560954	LTR/ERVL-MaLR	994	+	138	136560815	2781
chr9	136558034	136758034	harbor2	chr9	136561247	136561287	LTR/ERVL-MaLR	994	+	20	136561267	3233
chr9	136558034	136758034	harbor2	chr9	136592349	136592729	LTR/ERVL-MaLR	1070	+	190	136592539	34505
chr9	136558034	136758034	harbor2	chr9	136560367	136560676	LTR/ERVL-MaLR	11824	+	154	136560521	2487
chr9	19131608	19331608	harbor2	chr9	19166197	19166356	LTR/ERVL-MaLR	2361	+	80	19166277	34669
chr9	19131608	19331608	harbor2	chr9	19166672	19166911	LTR/ERVL-MaLR	2361	+	120	19166792	35184
chr9	137217873	137417873	harbor2	chr9	137294334	137294568	LTR/ERVL-MaLR	918	+	117	137294451	76578
chr9	115443159	115643159	harbor2	chr9	115453818	115454169	LTR/ERVL-MaLR	2264	+	176	115453994	10835
chr9	115443159	115643159	harbor2	chr9	115460431	115460929	LTR/ERVL-MaLR	1943	+	249	115460680	17521
chr9	115443159	115643159	harbor2	chr9	115521802	115522173	LTR/ERVL-MaLR	2383	+	186	115521988	78829
chr9	35657132	35857132	harbor2	chr9	35668813	35669254	LTR/ERVL-MaLR	1652	+	220	35669033	11901
chr9	4884814	5084814	harbor2	chr9	4906260	4906423	LTR/ERVL-MaLR	1398	+	82	4906342	21528
chr9	4884814	5084814	harbor2	chr9	4906725	4906961	LTR/ERVL-MaLR	1398	+	118	4906843	22029
chr9	79474112	79674112	harbor2	chr9	79491973	79492413	LTR/ERVL-MaLR	1842	+	220	79492193	18081
chr9	79474112	79674112	harbor2	chr9	79526647	79527028	LTR/ERVL-MaLR	1778	+	190	79526837	52725
chr9	79474112	79674112	harbor2	chr9	79534930	79535269	LTR/ERVL-MaLR	843	+	170	79535100	60988
chr9	79474112	79674112	harbor2	chr9	79536121	79536504	LTR/ERVL-MaLR	1862	+	192	79536313	62201
chr9	79474112	79674112	harbor2	chr9	79537744	79538107	LTR/ERVL-MaLR	2562	+	182	79537926	63814
chr9	79474112	79674112	harbor2	chr9	79542174	79542771	LTR/ERVL-MaLR	846	+	298	79542472	68360
chr9	79474112	79674112	harbor2	chr9	79550629	79551083	LTR/ERVL-MaLR	1527	+	227	79550856	76744
chr9	79474112	79674112	harbor2	chr9	79554700	79555129	LTR/ERVL-MaLR	2293	+	214	79554914	80802
chr9	137214917	137414917	harbor2	chr9	137294334	137294568	LTR/ERVL-MaLR	918	+	117	137294451	79534
chr9	4692728	4892728	harbor2	chr9	4715795	4716197	LTR/ERVL-MaLR	740	+	201	4715996	23268
chr9	4692728	4892728	harbor2	chr9	4734005	4734371	LTR/ERVL-MaLR	1500	+	183	4734188	41460
chr9	4692728	4892728	harbor2	chr9	4744317	4744746	LTR/ERVL-MaLR	1937	+	214	4744531	51803
chr9	4692728	4892728	harbor2	chr9	4745926	4746431	LTR/ERVL-MaLR	1353	+	252	4746178	53450
chr9	4692728	4892728	harbor2	chr9	4786060	4786364	LTR/ERVL-MaLR	2618	+	152	4786212	93484
chr9	4692728	4892728	harbor2	chr9	4786667	4786739	LTR/ERVL-MaLR	2618	+	36	4786703	93975
chr9	137215027	137415027	harbor2	chr9	137294334	137294568	LTR/ERVL-MaLR	918	+	117	137294451	79424
chr9	134036110	134236110	harbor2	chr9	134080893	134081136	LTR/ERVL-MaLR	1501	+	122	134081015	44905
chr9	134036110	134236110	harbor2	chr9	134081433	134081620	LTR/ERVL-MaLR	1347	+	94	134081527	45417
chr9	134036110	134236110	harbor2	chr9	134085385	134085520	LTR/ERVL-MaLR	581	+	68	134085453	49343
chr9	134036110	134236110	harbor2	chr9	134085613	134085982	LTR/ERVL-MaLR	1762	+	184	134085797	49687
chr9	134036110	134236110	harbor2	chr9	134095774	134095856	LTR/ERVL-MaLR	1876	+	41	134095815	59705
chr9	134036110	134236110	harbor2	chr9	134096150	134096428	LTR/ERVL-MaLR	1876	+	139	134096289	60179
chr9	137675239	137875239	harbor2	chr9	137687521	137687858	LTR/ERVL-MaLR	1197	+	168	137687689	12450
chr9	137675239	137875239	harbor2	chr9	137735606	137735979	LTR/ERVL-MaLR	1318	+	186	137735792	60553
chr9	130377039	130577039	harbor2	chr9	130416741	130416905	LTR/ERVL-MaLR	863	+	82	130416823	39784
chr9	130377039	130577039	harbor2	chr9	130417212	130417239	LTR/ERVL-MaLR	863	+	14	130417226	40187
chr9	130377039	130577039	harbor2	chr9	130417548	130417773	LTR/ERVL-MaLR	863	+	112	130417660	40621
chr9	84422130	84622130	harbor2	chr9	84438238	84438468	LTR/ERVL-MaLR	607	+	115	84438353	16223
chr9	84422130	84622130	harbor2	chr9	84448118	84448600	LTR/ERVL-MaLR	2293	+	241	84448359	26229
chr9	84422130	84622130	harbor2	chr9	84464745	84465113	LTR/ERVL-MaLR	864	+	184	84464929	42799
chr9	84422130	84622130	harbor2	chr9	84467760	84467869	LTR/ERVL-MaLR	1363	+	54	84467814	45684
chr9	84422130	84622130	harbor2	chr9	84467870	84468227	LTR/ERVL-MaLR	1893	+	178	84468048	45918
chr9	84422130	84622130	harbor2	chr9	84468228	84468525	LTR/ERVL-MaLR	1363	+	148	84468376	46246
chr9	84422130	84622130	harbor2	chr9	84468788	84469150	LTR/ERVL-MaLR	856	+	181	84468969	46839
chr9	84422130	84622130	harbor2	chr9	84503069	84503568	LTR/ERVL-MaLR	2349	+	250	84503319	81189
chr9	84422130	84622130	harbor2	chr9	84506517	84506922	LTR/ERVL-MaLR	1475	+	202	84506719	84589
chr9	4692827	4892827	harbor2	chr9	4715795	4716197	LTR/ERVL-MaLR	740	+	201	4715996	23169
chr9	4692827	4892827	harbor2	chr9	4734005	4734371	LTR/ERVL-MaLR	1500	+	183	4734188	41361
chr9	4692827	4892827	harbor2	chr9	4744317	4744746	LTR/ERVL-MaLR	1937	+	214	4744531	51704
chr9	4692827	4892827	harbor2	chr9	4745926	4746431	LTR/ERVL-MaLR	1353	+	252	4746178	53351
chr9	4692827	4892827	harbor2	chr9	4786060	4786364	LTR/ERVL-MaLR	2618	+	152	4786212	93385
chr9	4692827	4892827	harbor2	chr9	4786667	4786739	LTR/ERVL-MaLR	2618	+	36	4786703	93876
chr9	137177840	137377840	harbor2	chr9	137177670	137178066	LTR/ERVL-MaLR	1177	+	198	137177868	28
chr9	97885525	98085525	harbor2	chr9	97911096	97911676	LTR/ERVL-MaLR	1347	+	290	97911386	25861
chr9	111562999	111762999	harbor2	chr9	111564724	111564841	LTR/ERVL-MaLR	2190	+	58	111564782	1783
chr9	111562999	111762999	harbor2	chr9	111565135	111565414	LTR/ERVL-MaLR	2190	+	140	111565275	2276
chr9	111562999	111762999	harbor2	chr9	111570391	111570493	LTR/ERVL-MaLR	1588	+	51	111570442	7443
chr9	111562999	111762999	harbor2	chr9	111570803	111571130	LTR/ERVL-MaLR	1588	+	164	111570967	7968
chr9	111562999	111762999	harbor2	chr9	111596153	111596333	LTR/ERVL-MaLR	1092	+	90	111596243	33244
chr9	111562999	111762999	harbor2	chr9	111596955	111597278	LTR/ERVL-MaLR	1092	+	162	111597117	34118
chr9	111562999	111762999	harbor2	chr9	111660180	111660587	LTR/ERVL-MaLR	742	+	204	111660384	97385
chr9	4692863	4892863	harbor2	chr9	4715795	4716197	LTR/ERVL-MaLR	740	+	201	4715996	23133
chr9	4692863	4892863	harbor2	chr9	4734005	4734371	LTR/ERVL-MaLR	1500	+	183	4734188	41325
chr9	4692863	4892863	harbor2	chr9	4744317	4744746	LTR/ERVL-MaLR	1937	+	214	4744531	51668
chr9	4692863	4892863	harbor2	chr9	4745926	4746431	LTR/ERVL-MaLR	1353	+	252	4746178	53315
chr9	4692863	4892863	harbor2	chr9	4786060	4786364	LTR/ERVL-MaLR	2618	+	152	4786212	93349
chr9	4692863	4892863	harbor2	chr9	4786667	4786739	LTR/ERVL-MaLR	2618	+	36	4786703	93840
chr9	93086535	93286535	harbor2	chr9	93138439	93138862	LTR/ERVL-MaLR	1263	+	212	93138651	52116
chr9	93086535	93286535	harbor2	chr9	93146673	93147033	LTR/ERVL-MaLR	2273	+	180	93146853	60318
chr9	93086535	93286535	harbor2	chr9	93148674	93149198	LTR/ERVL-MaLR	1992	+	262	93148936	62401
chr9	93086535	93286535	harbor2	chr9	93169368	93169757	LTR/ERVL-MaLR	773	+	194	93169562	83027
chr9	4890034	5090034	harbor2	chr9	4906260	4906423	LTR/ERVL-MaLR	1398	+	82	4906342	16308
chr9	4890034	5090034	harbor2	chr9	4906725	4906961	LTR/ERVL-MaLR	1398	+	118	4906843	16809
chr9	93576375	93776375	harbor2	chr9	93622315	93622707	LTR/ERVL-MaLR	1139	+	196	93622511	46136
chr9	137215896	137415896	harbor2	chr9	137294334	137294568	LTR/ERVL-MaLR	918	+	117	137294451	78555
chr9	4693547	4893547	harbor2	chr9	4715795	4716197	LTR/ERVL-MaLR	740	+	201	4715996	22449
chr9	4693547	4893547	harbor2	chr9	4734005	4734371	LTR/ERVL-MaLR	1500	+	183	4734188	40641
chr9	4693547	4893547	harbor2	chr9	4744317	4744746	LTR/ERVL-MaLR	1937	+	214	4744531	50984
chr9	4693547	4893547	harbor2	chr9	4745926	4746431	LTR/ERVL-MaLR	1353	+	252	4746178	52631
chr9	4693547	4893547	harbor2	chr9	4786060	4786364	LTR/ERVL-MaLR	2618	+	152	4786212	92665
chr9	4693547	4893547	harbor2	chr9	4786667	4786739	LTR/ERVL-MaLR	2618	+	36	4786703	93156
chr9	109520305	109720305	harbor2	chr9	109542712	109543128	LTR/ERVL-MaLR	2593	+	208	109542920	22615
chr9	109520305	109720305	harbor2	chr9	109583007	109583402	LTR/ERVL-MaLR	2269	+	198	109583205	62900
chr9	109520305	109720305	harbor2	chr9	109584759	109584962	LTR/ERVL-MaLR	627	+	102	109584861	64556
chr9	109520305	109720305	harbor2	chr9	109588036	109588490	LTR/ERVL-MaLR	2543	+	227	109588263	67958
chr9	109520305	109720305	harbor2	chr9	109594486	109594839	LTR/ERVL-MaLR	2692	+	176	109594662	74357
chr9	109520305	109720305	harbor2	chr9	109612346	109612715	LTR/ERVL-MaLR	2215	+	184	109612530	92225
chr9	112387187	112587187	harbor2	chr9	112431491	112431866	LTR/ERVL-MaLR	2647	+	188	112431679	44492
chr9	112387187	112587187	harbor2	chr9	112432182	112432221	LTR/ERVL-MaLR	2647	+	20	112432202	45015
chr9	112387187	112587187	harbor2	chr9	112471253	112471587	LTR/ERVL-MaLR	1438	+	167	112471420	84233
chr9	112387187	112587187	harbor2	chr9	112479312	112479682	LTR/ERVL-MaLR	1865	+	185	112479497	92310
chr9	4693361	4893361	harbor2	chr9	4715795	4716197	LTR/ERVL-MaLR	740	+	201	4715996	22635
chr9	4693361	4893361	harbor2	chr9	4734005	4734371	LTR/ERVL-MaLR	1500	+	183	4734188	40827
chr9	4693361	4893361	harbor2	chr9	4744317	4744746	LTR/ERVL-MaLR	1937	+	214	4744531	51170
chr9	4693361	4893361	harbor2	chr9	4745926	4746431	LTR/ERVL-MaLR	1353	+	252	4746178	52817
chr9	4693361	4893361	harbor2	chr9	4786060	4786364	LTR/ERVL-MaLR	2618	+	152	4786212	92851
chr9	4693361	4893361	harbor2	chr9	4786667	4786739	LTR/ERVL-MaLR	2618	+	36	4786703	93342
chr9	112420689	112620689	harbor2	chr9	112431491	112431866	LTR/ERVL-MaLR	2647	+	188	112431679	10990
chr9	112420689	112620689	harbor2	chr9	112432182	112432221	LTR/ERVL-MaLR	2647	+	20	112432202	11513
chr9	112420689	112620689	harbor2	chr9	112471253	112471587	LTR/ERVL-MaLR	1438	+	167	112471420	50731
chr9	112420689	112620689	harbor2	chr9	112479312	112479682	LTR/ERVL-MaLR	1865	+	185	112479497	58808
chr9	112420689	112620689	harbor2	chr9	112495774	112496177	LTR/ERVL-MaLR	966	+	202	112495976	75287
chr9	112420689	112620689	harbor2	chr9	112497186	112497589	LTR/ERVL-MaLR	2117	+	202	112497388	76699
chr9	135646439	135846439	harbor2	chr9	135669007	135669365	LTR/ERVL-MaLR	2396	+	179	135669186	22747
chr9	135646439	135846439	harbor2	chr9	135689928	135690296	LTR/ERVL-MaLR	2380	+	184	135690112	43673
chr9	135646439	135846439	harbor2	chr9	135691814	135692206	LTR/ERVL-MaLR	2070	+	196	135692010	45571
chr9	135646439	135846439	harbor2	chr9	135728921	135729117	LTR/ERVL-MaLR	804	+	98	135729019	82580
chr9	135646439	135846439	harbor2	chr9	135729168	135729611	LTR/ERVL-MaLR	1056	+	222	135729390	82951
chr9	135646439	135846439	harbor2	chr9	135730284	135730703	LTR/ERVL-MaLR	1489	+	210	135730494	84055
chr9	135646439	135846439	harbor2	chr9	135731014	135731072	LTR/ERVL-MaLR	1489	+	29	135731043	84604
chr9	4692842	4892842	harbor2	chr9	4715795	4716197	LTR/ERVL-MaLR	740	+	201	4715996	23154
chr9	4692842	4892842	harbor2	chr9	4734005	4734371	LTR/ERVL-MaLR	1500	+	183	4734188	41346
chr9	4692842	4892842	harbor2	chr9	4744317	4744746	LTR/ERVL-MaLR	1937	+	214	4744531	51689
chr9	4692842	4892842	harbor2	chr9	4745926	4746431	LTR/ERVL-MaLR	1353	+	252	4746178	53336
chr9	4692842	4892842	harbor2	chr9	4786060	4786364	LTR/ERVL-MaLR	2618	+	152	4786212	93370
chr9	4692842	4892842	harbor2	chr9	4786667	4786739	LTR/ERVL-MaLR	2618	+	36	4786703	93861
chr9	112389364	112589364	harbor2	chr9	112431491	112431866	LTR/ERVL-MaLR	2647	+	188	112431679	42315
chr9	112389364	112589364	harbor2	chr9	112432182	112432221	LTR/ERVL-MaLR	2647	+	20	112432202	42838
chr9	112389364	112589364	harbor2	chr9	112471253	112471587	LTR/ERVL-MaLR	1438	+	167	112471420	82056
chr9	112389364	112589364	harbor2	chr9	112479312	112479682	LTR/ERVL-MaLR	1865	+	185	112479497	90133
chr9	4884868	5084868	harbor2	chr9	4906260	4906423	LTR/ERVL-MaLR	1398	+	82	4906342	21474
chr9	4884868	5084868	harbor2	chr9	4906725	4906961	LTR/ERVL-MaLR	1398	+	118	4906843	21975
chr9	34156759	34356759	harbor2	chr9	34158617	34159001	LTR/ERVL-MaLR	1763	+	192	34158809	2050
chr9	6658524	6858524	harbor2	chr9	6693342	6693364	LTR/ERVL-MaLR	1185	+	11	6693353	34829
chr9	6658524	6858524	harbor2	chr9	6694507	6694763	LTR/ERVL-MaLR	1185	+	128	6694635	36111
chr9	6658524	6858524	harbor2	chr9	6735396	6735758	LTR/ERVL-MaLR	2170	+	181	6735577	77053
chr9	6658524	6858524	harbor2	chr9	6735760	6736623	LTR/ERVL-MaLR	6538	+	432	6736192	77668
chr9	22257300	22457300	harbor2	chr9	22259254	22259417	LTR/ERVL-MaLR	890	+	82	22259336	2036
chr9	22257300	22457300	harbor2	chr9	22259419	22261038	LTR/ERVL-MaLR	8775	+	810	22260229	2929
chr9	22257300	22457300	harbor2	chr9	22261039	22261441	LTR/ERVL-MaLR	1998	+	201	22261240	3940
chr9	22257300	22457300	harbor2	chr9	22269442	22269802	LTR/ERVL-MaLR	1673	+	180	22269622	12322
chr9	22257300	22457300	harbor2	chr9	22271783	22272163	LTR/ERVL-MaLR	1998	+	190	22271973	14673
chr9	22257300	22457300	harbor2	chr9	22315776	22316122	LTR/ERVL-MaLR	1263	+	173	22315949	58649
chr9	22257300	22457300	harbor2	chr9	22316123	22317749	LTR/ERVL-MaLR	10906	+	813	22316936	59636
chr9	22257300	22457300	harbor2	chr9	22317750	22318102	LTR/ERVL-MaLR	1749	+	176	22317926	60626
chr9	22257300	22457300	harbor2	chr9	22320498	22320676	LTR/ERVL-MaLR	1187	+	89	22320587	63287
chr9	22257300	22457300	harbor2	chr9	22320728	22320740	LTR/ERVL-MaLR	1187	+	6	22320734	63434
chr9	22257300	22457300	harbor2	chr9	22321002	22321257	LTR/ERVL-MaLR	1187	+	128	22321130	63830
chr9	22257300	22457300	harbor2	chr9	22334180	22334375	LTR/ERVL-MaLR	504	+	98	22334278	76978
chr9	4692856	4892856	harbor2	chr9	4715795	4716197	LTR/ERVL-MaLR	740	+	201	4715996	23140
chr9	4692856	4892856	harbor2	chr9	4734005	4734371	LTR/ERVL-MaLR	1500	+	183	4734188	41332
chr9	4692856	4892856	harbor2	chr9	4744317	4744746	LTR/ERVL-MaLR	1937	+	214	4744531	51675
chr9	4692856	4892856	harbor2	chr9	4745926	4746431	LTR/ERVL-MaLR	1353	+	252	4746178	53322
chr9	4692856	4892856	harbor2	chr9	4786060	4786364	LTR/ERVL-MaLR	2618	+	152	4786212	93356
chr9	4692856	4892856	harbor2	chr9	4786667	4786739	LTR/ERVL-MaLR	2618	+	36	4786703	93847
chr9	136762485	136962485	harbor2	chr9	136773829	136774210	LTR/ERVL-MaLR	866	+	190	136774019	11534
chr9	136762485	136962485	harbor2	chr9	136794995	136795284	LTR/ERVL-MaLR	1201	+	144	136795139	32654
chr9	136762485	136962485	harbor2	chr9	136795597	136795631	LTR/ERVL-MaLR	1201	+	17	136795614	33129
chr9	4692823	4892823	harbor2	chr9	4715795	4716197	LTR/ERVL-MaLR	740	+	201	4715996	23173
chr9	4692823	4892823	harbor2	chr9	4734005	4734371	LTR/ERVL-MaLR	1500	+	183	4734188	41365
chr9	4692823	4892823	harbor2	chr9	4744317	4744746	LTR/ERVL-MaLR	1937	+	214	4744531	51708
chr9	4692823	4892823	harbor2	chr9	4745926	4746431	LTR/ERVL-MaLR	1353	+	252	4746178	53355
chr9	4692823	4892823	harbor2	chr9	4786060	4786364	LTR/ERVL-MaLR	2618	+	152	4786212	93389
chr9	4692823	4892823	harbor2	chr9	4786667	4786739	LTR/ERVL-MaLR	2618	+	36	4786703	93880
chr9	4884895	5084895	harbor2	chr9	4906260	4906423	LTR/ERVL-MaLR	1398	+	82	4906342	21447
chr9	4884895	5084895	harbor2	chr9	4906725	4906961	LTR/ERVL-MaLR	1398	+	118	4906843	21948
chr9	35657149	35857149	harbor2	chr9	35668813	35669254	LTR/ERVL-MaLR	1652	+	220	35669033	11884
chr9	137338276	137538276	harbor2	chr9	137409010	137409432	LTR/ERVL-MaLR	1282	+	211	137409221	70945
chr9	128003757	128203757	harbor2	chr9	128008889	128008958	LTR/ERVL-MaLR	1741	+	34	128008923	5166
chr9	128003757	128203757	harbor2	chr9	128015964	128016100	LTR/ERVL-MaLR	539	+	68	128016032	12275
chr9	128003757	128203757	harbor2	chr9	128019588	128019977	LTR/ERVL-MaLR	1551	+	194	128019782	16025
chr9	128003757	128203757	harbor2	chr9	128022995	128023292	LTR/ERVL-MaLR	1080	+	148	128023143	19386
chr9	128003757	128203757	harbor2	chr9	128031896	128032017	LTR/ERVL-MaLR	841	+	60	128031956	28199
chr9	128003757	128203757	harbor2	chr9	128055821	128056015	LTR/ERVL-MaLR	711	+	97	128055918	52161
chr9	128003757	128203757	harbor2	chr9	128008124	128008579	LTR/ERVL-MaLR	1741	+	228	128008352	4595
chr9	65482190	65682190	harbor2	chr9	65544358	65544743	LTR/ERVL-MaLR	1709	+	192	65544550	62360
chr9	68898713	69098713	harbor2	chr9	68941179	68941421	LTR/ERVL-MaLR	1310	+	121	68941300	42587
chr9	137215352	137415352	harbor2	chr9	137294334	137294568	LTR/ERVL-MaLR	918	+	117	137294451	79099
chr9	4885406	5085406	harbor2	chr9	4906260	4906423	LTR/ERVL-MaLR	1398	+	82	4906342	20936
chr9	4885406	5085406	harbor2	chr9	4906725	4906961	LTR/ERVL-MaLR	1398	+	118	4906843	21437
chr9	113809675	114009675	harbor2	chr9	113820651	113820940	LTR/ERVL-MaLR	1245	+	144	113820795	11120
chr9	113809675	114009675	harbor2	chr9	113822942	113824311	LTR/ERVL-MaLR	3827	+	684	113823626	13951
chr9	113809675	114009675	harbor2	chr9	113824313	113824636	LTR/ERVL-MaLR	1551	+	162	113824475	14800
chr9	113809675	114009675	harbor2	chr9	113825002	113825047	LTR/ERVL-MaLR	1551	+	22	113825024	15349
chr9	113809675	114009675	harbor2	chr9	113831009	113831046	LTR/ERVL-MaLR	1696	+	18	113831027	21352
chr9	113809675	114009675	harbor2	chr9	113831349	113831701	LTR/ERVL-MaLR	1696	+	176	113831525	21850
chr9	113809675	114009675	harbor2	chr9	113858408	113858851	LTR/ERVL-MaLR	590	+	222	113858630	48955
chr9	133063982	133263982	harbor2	chr9	133088944	133089255	LTR/ERVL-MaLR	1667	+	156	133089100	25118
chr9	133063982	133263982	harbor2	chr9	133090108	133090204	LTR/ERVL-MaLR	602	+	48	133090156	26174
chr9	133063982	133263982	harbor2	chr9	133144780	133145210	LTR/ERVL-MaLR	1595	+	215	133144995	81013
chr9	133063982	133263982	harbor2	chr9	133146542	133147078	LTR/ERVL-MaLR	1424	+	268	133146810	82828
chr9	97885737	98085737	harbor2	chr9	97911096	97911676	LTR/ERVL-MaLR	1347	+	290	97911386	25649
chr9	133936073	134136073	harbor2	chr9	133952201	133952321	LTR/ERVL-MaLR	554	+	60	133952261	16188
chr9	133936073	134136073	harbor2	chr9	133952621	133952846	LTR/ERVL-MaLR	554	+	112	133952733	16660
chr9	133936073	134136073	harbor2	chr9	133959619	133960002	LTR/ERVL-MaLR	769	+	192	133959811	23738
chr9	133936073	134136073	harbor2	chr9	134007139	134007573	LTR/ERVL-MaLR	1007	+	217	134007356	71283
chr9	4693426	4893426	harbor2	chr9	4715795	4716197	LTR/ERVL-MaLR	740	+	201	4715996	22570
chr9	4693426	4893426	harbor2	chr9	4734005	4734371	LTR/ERVL-MaLR	1500	+	183	4734188	40762
chr9	4693426	4893426	harbor2	chr9	4744317	4744746	LTR/ERVL-MaLR	1937	+	214	4744531	51105
chr9	4693426	4893426	harbor2	chr9	4745926	4746431	LTR/ERVL-MaLR	1353	+	252	4746178	52752
chr9	4693426	4893426	harbor2	chr9	4786060	4786364	LTR/ERVL-MaLR	2618	+	152	4786212	92786
chr9	4693426	4893426	harbor2	chr9	4786667	4786739	LTR/ERVL-MaLR	2618	+	36	4786703	93277
chr9	4692886	4892886	harbor2	chr9	4715795	4716197	LTR/ERVL-MaLR	740	+	201	4715996	23110
chr9	4692886	4892886	harbor2	chr9	4734005	4734371	LTR/ERVL-MaLR	1500	+	183	4734188	41302
chr9	4692886	4892886	harbor2	chr9	4744317	4744746	LTR/ERVL-MaLR	1937	+	214	4744531	51645
chr9	4692886	4892886	harbor2	chr9	4745926	4746431	LTR/ERVL-MaLR	1353	+	252	4746178	53292
chr9	4692886	4892886	harbor2	chr9	4786060	4786364	LTR/ERVL-MaLR	2618	+	152	4786212	93326
chr9	4692886	4892886	harbor2	chr9	4786667	4786739	LTR/ERVL-MaLR	2618	+	36	4786703	93817
chr9	83804284	84004284	harbor2	chr9	83808728	83809070	LTR/ERVL-MaLR	583	+	171	83808899	4615
chr9	83804284	84004284	harbor2	chr9	83820108	83820523	LTR/ERVL-MaLR	653	+	208	83820316	16032
chr9	4885226	5085226	harbor2	chr9	4906260	4906423	LTR/ERVL-MaLR	1398	+	82	4906342	21116
chr9	4885226	5085226	harbor2	chr9	4906725	4906961	LTR/ERVL-MaLR	1398	+	118	4906843	21617
chr9	4693750	4893750	harbor2	chr9	4715795	4716197	LTR/ERVL-MaLR	740	+	201	4715996	22246
chr9	4693750	4893750	harbor2	chr9	4734005	4734371	LTR/ERVL-MaLR	1500	+	183	4734188	40438
chr9	4693750	4893750	harbor2	chr9	4744317	4744746	LTR/ERVL-MaLR	1937	+	214	4744531	50781
chr9	4693750	4893750	harbor2	chr9	4745926	4746431	LTR/ERVL-MaLR	1353	+	252	4746178	52428
chr9	4693750	4893750	harbor2	chr9	4786060	4786364	LTR/ERVL-MaLR	2618	+	152	4786212	92462
chr9	4693750	4893750	harbor2	chr9	4786667	4786739	LTR/ERVL-MaLR	2618	+	36	4786703	92953
chr9	4694585	4894585	harbor2	chr9	4715795	4716197	LTR/ERVL-MaLR	740	+	201	4715996	21411
chr9	4694585	4894585	harbor2	chr9	4734005	4734371	LTR/ERVL-MaLR	1500	+	183	4734188	39603
chr9	4694585	4894585	harbor2	chr9	4744317	4744746	LTR/ERVL-MaLR	1937	+	214	4744531	49946
chr9	4694585	4894585	harbor2	chr9	4745926	4746431	LTR/ERVL-MaLR	1353	+	252	4746178	51593
chr9	4694585	4894585	harbor2	chr9	4786060	4786364	LTR/ERVL-MaLR	2618	+	152	4786212	91627
chr9	4694585	4894585	harbor2	chr9	4786667	4786739	LTR/ERVL-MaLR	2618	+	36	4786703	92118
chr10	131311970	131511970	harbor2	chr10	131335862	131336152	LTR/ERVL-MaLR	869	+	145	131336007	24037
chr10	131311970	131511970	harbor2	chr10	131341095	131341379	LTR/ERVL-MaLR	951	+	142	131341237	29267
chr10	131311970	131511970	harbor2	chr10	131370674	131371019	LTR/ERVL-MaLR	1387	+	172	131370846	58876
chr10	131311970	131511970	harbor2	chr10	131409526	131409908	LTR/ERVL-MaLR	1221	+	191	131409717	97747
chr10	78867019	79067019	harbor2	chr10	78886475	78886961	LTR/ERVL-MaLR	1083	+	243	78886718	19699
chr10	78867019	79067019	harbor2	chr10	78897825	78898207	LTR/ERVL-MaLR	2852	+	191	78898016	30997
chr10	132611286	132811286	harbor2	chr10	132614660	132615000	LTR/ERVL-MaLR	619	+	170	132614830	3544
chr10	132611286	132811286	harbor2	chr10	132626932	132627258	LTR/ERVL-MaLR	899	+	163	132627095	15809
chr10	132611286	132811286	harbor2	chr10	132672337	132672692	LTR/ERVL-MaLR	2261	+	178	132672515	61229
chr10	132611286	132811286	harbor2	chr10	132695887	132696220	LTR/ERVL-MaLR	1330	+	166	132696053	84767
chr10	581042	781042	harbor2	chr10	602389	602647	LTR/ERVL-MaLR	769	+	129	602518	21476
chr10	581042	781042	harbor2	chr10	610644	610750	LTR/ERVL-MaLR	668	+	53	610697	29655
chr10	581042	781042	harbor2	chr10	611052	611376	LTR/ERVL-MaLR	1596	+	162	611214	30172
chr10	127453941	127653941	harbor2	chr10	127473591	127473784	LTR/ERVL-MaLR	480	+	96	127473687	19746
chr10	127453941	127653941	harbor2	chr10	127473947	127475167	LTR/ERVL-MaLR	4844	+	610	127474557	20616
chr10	127453941	127653941	harbor2	chr10	127475168	127475731	LTR/ERVL-MaLR	2740	+	282	127475450	21509
chr10	127453941	127653941	harbor2	chr10	127490030	127490421	LTR/ERVL-MaLR	1550	+	196	127490226	36285
chr10	127453941	127653941	harbor2	chr10	127493244	127493661	LTR/ERVL-MaLR	2971	+	208	127493452	39511
chr10	127453941	127653941	harbor2	chr10	127502634	127503107	LTR/ERVL-MaLR	1903	+	236	127502870	48929
chr10	127453941	127653941	harbor2	chr10	127511767	127512118	LTR/ERVL-MaLR	2151	+	176	127511943	58002
chr10	127453941	127653941	harbor2	chr10	127523296	127523772	LTR/ERVL-MaLR	2828	+	238	127523534	69593
chr10	75435110	75635110	harbor2	chr10	75446601	75446720	LTR/ERVL-MaLR	446	+	60	75446661	11551
chr10	75435110	75635110	harbor2	chr10	75482036	75482361	LTR/ERVL-MaLR	433	+	162	75482198	47088
chr10	75435110	75635110	harbor2	chr10	75484542	75484938	LTR/ERVL-MaLR	1884	+	198	75484740	49630
chr10	75435110	75635110	harbor2	chr10	75514468	75514882	LTR/ERVL-MaLR	2518	+	207	75514675	79565
chr10	14854190	15054190	harbor2	chr10	14863815	14864058	LTR/ERVL-MaLR	470	+	122	14863937	9747
chr10	14854190	15054190	harbor2	chr10	14925829	14926173	LTR/ERVL-MaLR	2236	+	172	14926001	71811
chr10	14854190	15054190	harbor2	chr10	14938933	14939154	LTR/ERVL-MaLR	1556	+	110	14939043	84853
chr10	14854190	15054190	harbor2	chr10	14939459	14939606	LTR/ERVL-MaLR	1556	+	74	14939533	85343
chr10	14854190	15054190	harbor2	chr10	14946364	14946667	LTR/ERVL-MaLR	1091	+	152	14946516	92326
chr10	14854190	15054190	harbor2	chr10	14946918	14946946	LTR/ERVL-MaLR	1091	+	14	14946932	92742
chr10	14854190	15054190	harbor2	chr10	14947249	14947502	LTR/ERVL-MaLR	1091	+	126	14947375	93185
chr10	37994305	38194305	harbor2	chr10	38025320	38025694	LTR/ERVL-MaLR	1297	+	187	38025507	31202
chr10	37994305	38194305	harbor2	chr10	38061983	38062354	LTR/ERVL-MaLR	1585	+	186	38062169	67864
chr10	14778679	14978679	harbor2	chr10	14780370	14780606	LTR/ERVL-MaLR	472	+	118	14780488	1809
chr10	14778679	14978679	harbor2	chr10	14792310	14792484	LTR/ERVL-MaLR	795	+	87	14792397	13718
chr10	14778679	14978679	harbor2	chr10	14795758	14795917	LTR/ERVL-MaLR	708	+	80	14795838	17159
chr10	14778679	14978679	harbor2	chr10	14815387	14815585	LTR/ERVL-MaLR	597	+	99	14815486	36807
chr10	14778679	14978679	harbor2	chr10	14820774	14821121	LTR/ERVL-MaLR	2158	+	174	14820948	42269
chr10	14778679	14978679	harbor2	chr10	14821424	14821461	LTR/ERVL-MaLR	2158	+	18	14821442	42763
chr10	14778679	14978679	harbor2	chr10	14863815	14864058	LTR/ERVL-MaLR	470	+	122	14863937	85258
chr10	69780869	69980869	harbor2	chr10	69783561	69783718	LTR/ERVL-MaLR	872	+	78	69783639	2770
chr10	69780869	69980869	harbor2	chr10	69783730	69784223	LTR/ERVL-MaLR	2036	+	246	69783976	3107
chr10	69780869	69980869	harbor2	chr10	69842047	69842405	LTR/ERVL-MaLR	1978	+	179	69842226	61357
chr10	69780869	69980869	harbor2	chr10	69795361	69795903	LTR/ERVL-MaLR	1115	+	271	69795632	14763
chr10	122468309	122668309	harbor2	chr10	122481667	122482021	LTR/ERVL-MaLR	2327	+	177	122481844	13535
chr10	122468309	122668309	harbor2	chr10	122530983	122531469	LTR/ERVL-MaLR	2513	+	243	122531226	62917
chr10	92191166	92391166	harbor2	chr10	92214084	92214480	LTR/ERVL-MaLR	2028	+	198	92214282	23116
chr10	92191166	92391166	harbor2	chr10	92221567	92221717	LTR/ERVL-MaLR	761	+	75	92221642	30476
chr10	92191166	92391166	harbor2	chr10	92221864	92222022	LTR/ERVL-MaLR	832	+	79	92221943	30777
chr10	92191166	92391166	harbor2	chr10	92255529	92255763	LTR/ERVL-MaLR	1014	+	117	92255646	64480
chr10	92191166	92391166	harbor2	chr10	92265819	92266243	LTR/ERVL-MaLR	2649	+	212	92266031	74865
chr10	123058794	123258794	harbor2	chr10	123083332	123083711	LTR/ERVL-MaLR	2329	+	190	123083522	24728
chr10	123058794	123258794	harbor2	chr10	123084274	123084744	LTR/ERVL-MaLR	1463	+	235	123084509	25715
chr10	123058794	123258794	harbor2	chr10	123097968	123098409	LTR/ERVL-MaLR	1957	+	220	123098188	39394
chr10	123058794	123258794	harbor2	chr10	123105506	123105660	LTR/ERVL-MaLR	1911	+	77	123105583	46789
chr10	123058794	123258794	harbor2	chr10	123105969	123106290	LTR/ERVL-MaLR	1911	+	160	123106129	47335
chr10	123058794	123258794	harbor2	chr10	123107865	123108211	LTR/ERVL-MaLR	2049	+	173	123108038	49244
chr10	123058794	123258794	harbor2	chr10	123110907	123111238	LTR/ERVL-MaLR	1922	+	166	123111073	52279
chr10	123058794	123258794	harbor2	chr10	123119802	123120142	LTR/ERVL-MaLR	1461	+	170	123119972	61178
chr10	123058794	123258794	harbor2	chr10	123126102	123126471	LTR/ERVL-MaLR	1615	+	184	123126286	67492
chr10	123058794	123258794	harbor2	chr10	123128872	123129062	LTR/ERVL-MaLR	736	+	95	123128967	70173
chr10	23091420	23291420	harbor2	chr10	23113559	23113966	LTR/ERVL-MaLR	1527	+	204	23113763	22343
chr10	23091420	23291420	harbor2	chr10	23139792	23140167	LTR/ERVL-MaLR	2161	+	188	23139980	48560
chr10	23091420	23291420	harbor2	chr10	23155775	23156300	LTR/ERVL-MaLR	2009	+	262	23156037	64617
chr10	23091420	23291420	harbor2	chr10	23164792	23165212	LTR/ERVL-MaLR	1265	+	210	23165002	73582
chr10	23091420	23291420	harbor2	chr10	23181186	23181369	LTR/ERVL-MaLR	741	+	92	23181278	89858
chr10	23091420	23291420	harbor2	chr10	23181395	23181553	LTR/ERVL-MaLR	741	+	79	23181474	90054
chr10	116171415	116371415	harbor2	chr10	116176318	116176698	LTR/ERVL-MaLR	1937	+	190	116176508	5093
chr10	116171415	116371415	harbor2	chr10	116197107	116197455	LTR/ERVL-MaLR	1962	+	174	116197281	25866
chr10	116171415	116371415	harbor2	chr10	116198790	116199220	LTR/ERVL-MaLR	1715	+	215	116199005	27590
chr10	116171415	116371415	harbor2	chr10	116223967	116224158	LTR/ERVL-MaLR	1142	+	96	116224063	52648
chr10	116171415	116371415	harbor2	chr10	116228407	116228700	LTR/ERVL-MaLR	2213	+	146	116228553	57138
chr10	116171415	116371415	harbor2	chr10	116229011	116229222	LTR/ERVL-MaLR	2213	+	106	116229117	57702
chr10	116171415	116371415	harbor2	chr10	116234756	116235128	LTR/ERVL-MaLR	2804	+	186	116234942	63527
chr10	116171415	116371415	harbor2	chr10	116235635	116236010	LTR/ERVL-MaLR	1329	+	188	116235823	64408
chr10	75114221	75314221	harbor2	chr10	75140502	75140676	LTR/ERVL-MaLR	693	+	87	75140589	26368
chr10	75114221	75314221	harbor2	chr10	75202958	75203281	LTR/ERVL-MaLR	1253	+	162	75203120	88899
chr10	75114221	75314221	harbor2	chr10	75203635	75204152	LTR/ERVL-MaLR	2484	+	258	75203893	89672
chr10	132235041	132435041	harbor2	chr10	132259308	132259770	LTR/ERVL-MaLR	1925	+	231	132259539	24498
chr10	132235041	132435041	harbor2	chr10	132270159	132270510	LTR/ERVL-MaLR	839	+	176	132270335	35294
chr10	132235041	132435041	harbor2	chr10	132272068	132272391	LTR/ERVL-MaLR	1115	+	162	132272230	37189
chr10	132235041	132435041	harbor2	chr10	132298216	132298348	LTR/ERVL-MaLR	441	+	66	132298282	63241
chr10	132235041	132435041	harbor2	chr10	132298694	132299003	LTR/ERVL-MaLR	889	+	154	132298848	63807
chr10	132235041	132435041	harbor2	chr10	132299625	132299768	LTR/ERVL-MaLR	469	+	72	132299697	64656
chr10	132235041	132435041	harbor2	chr10	132325101	132325270	LTR/ERVL-MaLR	2074	+	84	132325185	90144
chr10	132235041	132435041	harbor2	chr10	132325565	132325722	LTR/ERVL-MaLR	2074	+	78	132325643	90602
chr10	132235041	132435041	harbor2	chr10	132326015	132326056	LTR/ERVL-MaLR	2074	+	20	132326035	90994
chr10	132235041	132435041	harbor2	chr10	132327070	132327419	LTR/ERVL-MaLR	2287	+	174	132327244	92203
chr10	133033789	133233789	harbor2	chr10	133034834	133035077	LTR/ERVL-MaLR	1293	+	122	133034956	1167
chr10	14778642	14978642	harbor2	chr10	14780370	14780606	LTR/ERVL-MaLR	472	+	118	14780488	1846
chr10	14778642	14978642	harbor2	chr10	14792310	14792484	LTR/ERVL-MaLR	795	+	87	14792397	13755
chr10	14778642	14978642	harbor2	chr10	14795758	14795917	LTR/ERVL-MaLR	708	+	80	14795838	17196
chr10	14778642	14978642	harbor2	chr10	14815387	14815585	LTR/ERVL-MaLR	597	+	99	14815486	36844
chr10	14778642	14978642	harbor2	chr10	14820774	14821121	LTR/ERVL-MaLR	2158	+	174	14820948	42306
chr10	14778642	14978642	harbor2	chr10	14821424	14821461	LTR/ERVL-MaLR	2158	+	18	14821442	42800
chr10	14778642	14978642	harbor2	chr10	14863815	14864058	LTR/ERVL-MaLR	470	+	122	14863937	85295
chr10	14778676	14978676	harbor2	chr10	14780370	14780606	LTR/ERVL-MaLR	472	+	118	14780488	1812
chr10	14778676	14978676	harbor2	chr10	14792310	14792484	LTR/ERVL-MaLR	795	+	87	14792397	13721
chr10	14778676	14978676	harbor2	chr10	14795758	14795917	LTR/ERVL-MaLR	708	+	80	14795838	17162
chr10	14778676	14978676	harbor2	chr10	14815387	14815585	LTR/ERVL-MaLR	597	+	99	14815486	36810
chr10	14778676	14978676	harbor2	chr10	14820774	14821121	LTR/ERVL-MaLR	2158	+	174	14820948	42272
chr10	14778676	14978676	harbor2	chr10	14821424	14821461	LTR/ERVL-MaLR	2158	+	18	14821442	42766
chr10	14778676	14978676	harbor2	chr10	14863815	14864058	LTR/ERVL-MaLR	470	+	122	14863937	85261
chr10	17824143	18024143	harbor2	chr10	17916913	17917050	LTR/ERVL-MaLR	582	+	68	17916981	92838
chr10	17824143	18024143	harbor2	chr10	17918822	17919153	LTR/ERVL-MaLR	2173	+	166	17918988	94845
chr10	17824143	18024143	harbor2	chr10	17920353	17920743	LTR/ERVL-MaLR	1210	+	195	17920548	96405
chr10	3073048	3273048	harbor2	chr10	3168479	3168852	LTR/ERVL-MaLR	2277	+	186	3168665	95617
chr10	10133183	10333183	harbor2	chr10	10219504	10219860	LTR/ERVL-MaLR	1378	+	178	10219682	86499
chr10	117192768	117392768	harbor2	chr10	117194374	117194746	LTR/ERVL-MaLR	2443	+	186	117194560	1792
chr10	117192768	117392768	harbor2	chr10	117220629	117220964	LTR/ERVL-MaLR	1922	+	168	117220797	28029
chr10	117192768	117392768	harbor2	chr10	117225906	117226262	LTR/ERVL-MaLR	1329	+	178	117226084	33316
chr10	117192768	117392768	harbor2	chr10	117230092	117230458	LTR/ERVL-MaLR	2411	+	183	117230275	37507
chr10	62705914	62905914	harbor2	chr10	62752559	62752937	LTR/ERVL-MaLR	712	+	189	62752748	46834
chr10	62705914	62905914	harbor2	chr10	62753855	62754181	LTR/ERVL-MaLR	1700	+	163	62754018	48104
chr10	62705914	62905914	harbor2	chr10	62774424	62774757	LTR/ERVL-MaLR	1800	+	166	62774590	68676
chr10	62705914	62905914	harbor2	chr10	62775064	62775313	LTR/ERVL-MaLR	1800	+	124	62775188	69274
chr10	133029357	133229357	harbor2	chr10	133032897	133033276	LTR/ERVL-MaLR	1636	+	190	133033087	3730
chr10	133029357	133229357	harbor2	chr10	133034834	133035077	LTR/ERVL-MaLR	1293	+	122	133034956	5599
chr10	132252799	132452799	harbor2	chr10	132259308	132259770	LTR/ERVL-MaLR	1925	+	231	132259539	6740
chr10	132252799	132452799	harbor2	chr10	132270159	132270510	LTR/ERVL-MaLR	839	+	176	132270335	17536
chr10	132252799	132452799	harbor2	chr10	132272068	132272391	LTR/ERVL-MaLR	1115	+	162	132272230	19431
chr10	132252799	132452799	harbor2	chr10	132298216	132298348	LTR/ERVL-MaLR	441	+	66	132298282	45483
chr10	132252799	132452799	harbor2	chr10	132298694	132299003	LTR/ERVL-MaLR	889	+	154	132298848	46049
chr10	132252799	132452799	harbor2	chr10	132299625	132299768	LTR/ERVL-MaLR	469	+	72	132299697	46898
chr10	132252799	132452799	harbor2	chr10	132325101	132325270	LTR/ERVL-MaLR	2074	+	84	132325185	72386
chr10	132252799	132452799	harbor2	chr10	132325565	132325722	LTR/ERVL-MaLR	2074	+	78	132325643	72844
chr10	132252799	132452799	harbor2	chr10	132326015	132326056	LTR/ERVL-MaLR	2074	+	20	132326035	73236
chr10	132252799	132452799	harbor2	chr10	132327070	132327419	LTR/ERVL-MaLR	2287	+	174	132327244	74445
chr10	130910490	131110490	harbor2	chr10	130917057	130917245	LTR/ERVL-MaLR	454	+	94	130917151	6661
chr10	130910490	131110490	harbor2	chr10	130948633	130948995	LTR/ERVL-MaLR	1961	+	181	130948814	38324
chr10	130910490	131110490	harbor2	chr10	130967887	130968079	LTR/ERVL-MaLR	1823	+	96	130967983	57493
chr10	130910490	131110490	harbor2	chr10	130968114	130968291	LTR/ERVL-MaLR	1823	+	88	130968202	57712
chr10	130910490	131110490	harbor2	chr10	131005605	131005695	LTR/ERVL-MaLR	937	+	45	131005650	95160
chr10	130910490	131110490	harbor2	chr10	131005696	131006064	LTR/ERVL-MaLR	2315	+	184	131005880	95390
chr10	130910490	131110490	harbor2	chr10	131006375	131006415	LTR/ERVL-MaLR	2315	+	20	131006395	95905
chr10	130910490	131110490	harbor2	chr10	131006416	131006691	LTR/ERVL-MaLR	937	+	138	131006554	96064
chr10	2968256	3168256	harbor2	chr10	3011830	3012198	LTR/ERVL-MaLR	2024	+	184	3012014	43758
chr10	2968256	3168256	harbor2	chr10	3012988	3013367	LTR/ERVL-MaLR	1078	+	190	3013178	44922
chr10	2968256	3168256	harbor2	chr10	3027739	3028162	LTR/ERVL-MaLR	2430	+	212	3027951	59695
chr10	2968256	3168256	harbor2	chr10	3039085	3039446	LTR/ERVL-MaLR	1935	+	180	3039265	71009
chr10	2968256	3168256	harbor2	chr10	3064226	3064761	LTR/ERVL-MaLR	1023	+	268	3064494	96238
chr10	132247691	132447691	harbor2	chr10	132259308	132259770	LTR/ERVL-MaLR	1925	+	231	132259539	11848
chr10	132247691	132447691	harbor2	chr10	132270159	132270510	LTR/ERVL-MaLR	839	+	176	132270335	22644
chr10	132247691	132447691	harbor2	chr10	132272068	132272391	LTR/ERVL-MaLR	1115	+	162	132272230	24539
chr10	132247691	132447691	harbor2	chr10	132298216	132298348	LTR/ERVL-MaLR	441	+	66	132298282	50591
chr10	132247691	132447691	harbor2	chr10	132298694	132299003	LTR/ERVL-MaLR	889	+	154	132298848	51157
chr10	132247691	132447691	harbor2	chr10	132299625	132299768	LTR/ERVL-MaLR	469	+	72	132299697	52006
chr10	132247691	132447691	harbor2	chr10	132325101	132325270	LTR/ERVL-MaLR	2074	+	84	132325185	77494
chr10	132247691	132447691	harbor2	chr10	132325565	132325722	LTR/ERVL-MaLR	2074	+	78	132325643	77952
chr10	132247691	132447691	harbor2	chr10	132326015	132326056	LTR/ERVL-MaLR	2074	+	20	132326035	78344
chr10	132247691	132447691	harbor2	chr10	132327070	132327419	LTR/ERVL-MaLR	2287	+	174	132327244	79553
chr10	96988807	97188807	harbor2	chr10	97005438	97005554	LTR/ERVL-MaLR	462	+	58	97005496	16689
chr10	96988807	97188807	harbor2	chr10	97044845	97045185	LTR/ERVL-MaLR	1634	+	170	97045015	56208
chr10	96988807	97188807	harbor2	chr10	97053846	97053962	LTR/ERVL-MaLR	707	+	58	97053904	65097
chr10	96988807	97188807	harbor2	chr10	97054152	97054479	LTR/ERVL-MaLR	1922	+	164	97054316	65509
chr10	96988807	97188807	harbor2	chr10	97066409	97066801	LTR/ERVL-MaLR	1969	+	196	97066605	77798
chr10	96988807	97188807	harbor2	chr10	97069765	97070286	LTR/ERVL-MaLR	2429	+	260	97070025	81218
chr10	96988807	97188807	harbor2	chr10	97070489	97070819	LTR/ERVL-MaLR	1941	+	165	97070654	81847
chr10	89246928	89446928	harbor2	chr10	89291576	89291746	LTR/ERVL-MaLR	610	+	85	89291661	44733
chr10	89246928	89446928	harbor2	chr10	89291979	89292160	LTR/ERVL-MaLR	608	+	90	89292069	45141
chr10	89246928	89446928	harbor2	chr10	89292996	89293355	LTR/ERVL-MaLR	2257	+	180	89293176	46248
chr10	131310675	131510675	harbor2	chr10	131335862	131336152	LTR/ERVL-MaLR	869	+	145	131336007	25332
chr10	131310675	131510675	harbor2	chr10	131341095	131341379	LTR/ERVL-MaLR	951	+	142	131341237	30562
chr10	131310675	131510675	harbor2	chr10	131370674	131371019	LTR/ERVL-MaLR	1387	+	172	131370846	60171
chr10	131310675	131510675	harbor2	chr10	131409526	131409908	LTR/ERVL-MaLR	1221	+	191	131409717	99042
chr10	106074072	106274072	harbor2	chr10	106136317	106136710	LTR/ERVL-MaLR	1115	+	196	106136513	62441
chr10	106074072	106274072	harbor2	chr10	106140941	106141110	LTR/ERVL-MaLR	1038	+	84	106141025	66953
chr10	106074072	106274072	harbor2	chr10	106149835	106150295	LTR/ERVL-MaLR	1485	+	230	106150065	75993
chr10	95990339	96190339	harbor2	chr10	95996782	95997164	LTR/ERVL-MaLR	1559	+	191	95996973	6634
chr10	95990339	96190339	harbor2	chr10	96075995	96076179	LTR/ERVL-MaLR	791	+	92	96076087	85748
chr10	95990339	96190339	harbor2	chr10	96076467	96076841	LTR/ERVL-MaLR	791	+	187	96076654	86315
chr10	96976278	97176278	harbor2	chr10	97005438	97005554	LTR/ERVL-MaLR	462	+	58	97005496	29218
chr10	96976278	97176278	harbor2	chr10	97044845	97045185	LTR/ERVL-MaLR	1634	+	170	97045015	68737
chr10	96976278	97176278	harbor2	chr10	97053846	97053962	LTR/ERVL-MaLR	707	+	58	97053904	77626
chr10	96976278	97176278	harbor2	chr10	97054152	97054479	LTR/ERVL-MaLR	1922	+	164	97054316	78038
chr10	96976278	97176278	harbor2	chr10	97066409	97066801	LTR/ERVL-MaLR	1969	+	196	97066605	90327
chr10	96976278	97176278	harbor2	chr10	97069765	97070286	LTR/ERVL-MaLR	2429	+	260	97070025	93747
chr10	96976278	97176278	harbor2	chr10	97070489	97070819	LTR/ERVL-MaLR	1941	+	165	97070654	94376
chr10	113237565	113437565	harbor2	chr10	113242421	113242591	LTR/ERVL-MaLR	463	+	85	113242506	4941
chr10	113237565	113437565	harbor2	chr10	113263054	113263481	LTR/ERVL-MaLR	2140	+	214	113263268	25703
chr10	113237565	113437565	harbor2	chr10	113268906	113269321	LTR/ERVL-MaLR	974	+	208	113269114	31549
chr10	113237565	113437565	harbor2	chr10	113275845	113276000	LTR/ERVL-MaLR	550	+	78	113275923	38358
chr10	113237565	113437565	harbor2	chr10	113276542	113276721	LTR/ERVL-MaLR	550	+	90	113276632	39067
chr10	113237565	113437565	harbor2	chr10	113276765	113277128	LTR/ERVL-MaLR	2711	+	182	113276947	39382
chr10	113237565	113437565	harbor2	chr10	113305797	113306234	LTR/ERVL-MaLR	1044	+	218	113306015	68450
chr10	113237565	113437565	harbor2	chr10	113313885	113314423	LTR/ERVL-MaLR	1798	+	269	113314154	76589
chr10	113237565	113437565	harbor2	chr10	113323295	113323947	LTR/ERVL-MaLR	1326	+	326	113323621	86056
chr10	113237565	113437565	harbor2	chr10	113324356	113324646	LTR/ERVL-MaLR	1326	+	145	113324501	86936
chr10	113237565	113437565	harbor2	chr10	113333204	113333692	LTR/ERVL-MaLR	1647	+	244	113333448	95883
chr10	22742049	22942049	harbor2	chr10	22743103	22743503	LTR/ERVL-MaLR	2358	+	200	22743303	1254
chr10	22742049	22942049	harbor2	chr10	22744225	22744419	LTR/ERVL-MaLR	697	+	97	22744322	2273
chr10	22742049	22942049	harbor2	chr10	22795211	22795665	LTR/ERVL-MaLR	2318	+	227	22795438	53389
chr10	22742049	22942049	harbor2	chr10	22799757	22800127	LTR/ERVL-MaLR	2078	+	185	22799942	57893
chr10	22742049	22942049	harbor2	chr10	22816413	22816608	LTR/ERVL-MaLR	521	+	98	22816511	74462
chr10	132233360	132433360	harbor2	chr10	132259308	132259770	LTR/ERVL-MaLR	1925	+	231	132259539	26179
chr10	132233360	132433360	harbor2	chr10	132270159	132270510	LTR/ERVL-MaLR	839	+	176	132270335	36975
chr10	132233360	132433360	harbor2	chr10	132272068	132272391	LTR/ERVL-MaLR	1115	+	162	132272230	38870
chr10	132233360	132433360	harbor2	chr10	132298216	132298348	LTR/ERVL-MaLR	441	+	66	132298282	64922
chr10	132233360	132433360	harbor2	chr10	132298694	132299003	LTR/ERVL-MaLR	889	+	154	132298848	65488
chr10	132233360	132433360	harbor2	chr10	132299625	132299768	LTR/ERVL-MaLR	469	+	72	132299697	66337
chr10	132233360	132433360	harbor2	chr10	132325101	132325270	LTR/ERVL-MaLR	2074	+	84	132325185	91825
chr10	132233360	132433360	harbor2	chr10	132325565	132325722	LTR/ERVL-MaLR	2074	+	78	132325643	92283
chr10	132233360	132433360	harbor2	chr10	132326015	132326056	LTR/ERVL-MaLR	2074	+	20	132326035	92675
chr10	132233360	132433360	harbor2	chr10	132327070	132327419	LTR/ERVL-MaLR	2287	+	174	132327244	93884
chr10	13341913	13541913	harbor2	chr10	13350817	13351000	LTR/ERVL-MaLR	1182	+	92	13350909	8996
chr10	13341913	13541913	harbor2	chr10	13351308	13351579	LTR/ERVL-MaLR	1182	+	136	13351444	9531
chr10	13341913	13541913	harbor2	chr10	13353151	13353270	LTR/ERVL-MaLR	1277	+	60	13353211	11298
chr10	13341913	13541913	harbor2	chr10	13353433	13353765	LTR/ERVL-MaLR	1277	+	166	13353599	11686
chr10	13341913	13541913	harbor2	chr10	13354674	13354716	LTR/ERVL-MaLR	1277	+	21	13354695	12782
chr10	13341913	13541913	harbor2	chr10	13358024	13358206	LTR/ERVL-MaLR	881	+	91	13358115	16202
chr10	13341913	13541913	harbor2	chr10	13358212	13358293	LTR/ERVL-MaLR	451	+	40	13358252	16339
chr10	13341913	13541913	harbor2	chr10	13358944	13359070	LTR/ERVL-MaLR	451	+	63	13359007	17094
chr10	13341913	13541913	harbor2	chr10	13391161	13391503	LTR/ERVL-MaLR	1877	+	171	13391332	49419
chr10	13341913	13541913	harbor2	chr10	13391814	13391858	LTR/ERVL-MaLR	1877	+	22	13391836	49923
chr10	13341913	13541913	harbor2	chr10	13393869	13393994	LTR/ERVL-MaLR	1110	+	62	13393931	52018
chr10	13341913	13541913	harbor2	chr10	13394289	13394399	LTR/ERVL-MaLR	1110	+	55	13394344	52431
chr10	13341913	13541913	harbor2	chr10	13417144	13417488	LTR/ERVL-MaLR	1748	+	172	13417316	75403
chr10	13341913	13541913	harbor2	chr10	13424489	13424645	LTR/ERVL-MaLR	1683	+	78	13424567	82654
chr10	13341913	13541913	harbor2	chr10	13424953	13425165	LTR/ERVL-MaLR	1683	+	106	13425059	83146
chr10	13341913	13541913	harbor2	chr10	13436344	13436705	LTR/ERVL-MaLR	2250	+	180	13436524	94611
chr10	92352968	92552968	harbor2	chr10	92390580	92390737	LTR/ERVL-MaLR	1914	+	78	92390658	37690
chr10	92352968	92552968	harbor2	chr10	92391033	92391213	LTR/ERVL-MaLR	1914	+	90	92391123	38155
chr10	92352968	92552968	harbor2	chr10	92401503	92401622	LTR/ERVL-MaLR	1501	+	60	92401563	48595
chr10	92352968	92552968	harbor2	chr10	92402638	92402720	LTR/ERVL-MaLR	1501	+	41	92402679	49711
chr10	92352968	92552968	harbor2	chr10	92403680	92403767	LTR/ERVL-MaLR	1501	+	44	92403724	50756
chr10	92352968	92552968	harbor2	chr10	92404026	92404108	LTR/ERVL-MaLR	1501	+	41	92404067	51099
chr10	92352968	92552968	harbor2	chr10	92423282	92423599	LTR/ERVL-MaLR	1328	+	158	92423440	70472
chr10	46182886	46382886	harbor2	chr10	46220643	46220997	LTR/ERVL-MaLR	1487	+	177	46220820	37934
chr10	46182886	46382886	harbor2	chr10	46235167	46235440	LTR/ERVL-MaLR	573	+	136	46235303	52417
chr10	46182886	46382886	harbor2	chr10	46260855	46261214	LTR/ERVL-MaLR	2034	+	180	46261035	78149
chr10	46182886	46382886	harbor2	chr10	46278165	46278546	LTR/ERVL-MaLR	1561	+	190	46278355	95469
chr10	43505466	43705466	harbor2	chr10	43533869	43534237	LTR/ERVL-MaLR	1831	+	184	43534053	28587
chr10	43505466	43705466	harbor2	chr10	43540640	43541064	LTR/ERVL-MaLR	2378	+	212	43540852	35386
chr10	43505466	43705466	harbor2	chr10	43577448	43577832	LTR/ERVL-MaLR	2128	+	192	43577640	72174
chr10	132020269	132220269	harbor2	chr10	132027729	132027990	LTR/ERVL-MaLR	580	+	130	132027859	7590
chr10	132020269	132220269	harbor2	chr10	132034189	132034552	LTR/ERVL-MaLR	2167	+	182	132034371	14102
chr10	132020269	132220269	harbor2	chr10	132035150	132035470	LTR/ERVL-MaLR	1330	+	160	132035310	15041
chr10	132020269	132220269	harbor2	chr10	132040051	132040387	LTR/ERVL-MaLR	1114	+	168	132040219	19950
chr10	75308135	75508135	harbor2	chr10	75311744	75311816	LTR/ERVL-MaLR	599	+	36	75311780	3645
chr10	75308135	75508135	harbor2	chr10	75312801	75313149	LTR/ERVL-MaLR	2297	+	174	75312975	4840
chr10	75308135	75508135	harbor2	chr10	75320941	75321345	LTR/ERVL-MaLR	2440	+	202	75321143	13008
chr10	75308135	75508135	harbor2	chr10	75321347	75321930	LTR/ERVL-MaLR	3358	+	292	75321639	13504
chr10	75308135	75508135	harbor2	chr10	75359525	75359890	LTR/ERVL-MaLR	893	+	182	75359707	51572
chr10	75308135	75508135	harbor2	chr10	75369278	75369650	LTR/ERVL-MaLR	2392	+	186	75369464	61329
chr10	75308135	75508135	harbor2	chr10	75381029	75381209	LTR/ERVL-MaLR	1138	+	90	75381119	72984
chr10	75308135	75508135	harbor2	chr10	75381523	75381717	LTR/ERVL-MaLR	1138	+	97	75381620	73485
chr10	75308135	75508135	harbor2	chr10	75390727	75390777	LTR/ERVL-MaLR	1063	+	25	75390752	82617
chr10	75308135	75508135	harbor2	chr10	75391154	75391579	LTR/ERVL-MaLR	1063	+	212	75391366	83231
chr10	86842653	87042653	harbor2	chr10	86900872	86901363	LTR/ERVL-MaLR	1974	+	246	86901118	58465
chr10	22337523	22537523	harbor2	chr10	22376661	22376802	LTR/ERVL-MaLR	1509	+	70	22376731	39208
chr10	22337523	22537523	harbor2	chr10	22377081	22377447	LTR/ERVL-MaLR	1509	+	183	22377264	39741
chr10	22337523	22537523	harbor2	chr10	22379288	22379763	LTR/ERVL-MaLR	1202	+	238	22379526	42003
chr10	22337523	22537523	harbor2	chr10	22396165	22396518	LTR/ERVL-MaLR	2204	+	176	22396341	58818
chr10	46916741	47116741	harbor2	chr10	46921634	46922059	LTR/ERVL-MaLR	1641	+	212	46921846	5105
chr10	46916741	47116741	harbor2	chr10	46922061	46922736	LTR/ERVL-MaLR	3303	+	338	46922399	5658
chr10	46916741	47116741	harbor2	chr10	46922731	46923122	LTR/ERVL-MaLR	1702	+	196	46922927	6186
chr10	46916741	47116741	harbor2	chr10	46923164	46923351	LTR/ERVL-MaLR	694	+	94	46923258	6517
chr10	46916741	47116741	harbor2	chr10	46934491	46934887	LTR/ERVL-MaLR	2261	+	198	46934689	17948
chr10	46916741	47116741	harbor2	chr10	47014339	47014565	LTR/ERVL-MaLR	445	+	113	47014452	97711
chr10	46916741	47116741	harbor2	chr10	46972738	46973045	LTR/ERVL-MaLR	1473	+	154	46972892	56151
chr10	132233977	132433977	harbor2	chr10	132259308	132259770	LTR/ERVL-MaLR	1925	+	231	132259539	25562
chr10	132233977	132433977	harbor2	chr10	132270159	132270510	LTR/ERVL-MaLR	839	+	176	132270335	36358
chr10	132233977	132433977	harbor2	chr10	132272068	132272391	LTR/ERVL-MaLR	1115	+	162	132272230	38253
chr10	132233977	132433977	harbor2	chr10	132298216	132298348	LTR/ERVL-MaLR	441	+	66	132298282	64305
chr10	132233977	132433977	harbor2	chr10	132298694	132299003	LTR/ERVL-MaLR	889	+	154	132298848	64871
chr10	132233977	132433977	harbor2	chr10	132299625	132299768	LTR/ERVL-MaLR	469	+	72	132299697	65720
chr10	132233977	132433977	harbor2	chr10	132325101	132325270	LTR/ERVL-MaLR	2074	+	84	132325185	91208
chr10	132233977	132433977	harbor2	chr10	132325565	132325722	LTR/ERVL-MaLR	2074	+	78	132325643	91666
chr10	132233977	132433977	harbor2	chr10	132326015	132326056	LTR/ERVL-MaLR	2074	+	20	132326035	92058
chr10	132233977	132433977	harbor2	chr10	132327070	132327419	LTR/ERVL-MaLR	2287	+	174	132327244	93267
chr10	71242673	71442673	harbor2	chr10	71312699	71313231	LTR/ERVL-MaLR	1418	+	266	71312965	70292
chr10	5312490	5512490	harbor2	chr10	5325855	5326231	LTR/ERVL-MaLR	2202	+	188	5326043	13553
chr10	5312490	5512490	harbor2	chr10	5328598	5329003	LTR/ERVL-MaLR	1419	+	202	5328800	16310
chr10	5312490	5512490	harbor2	chr10	5399243	5399593	LTR/ERVL-MaLR	1424	+	175	5399418	86928
chr10	5312490	5512490	harbor2	chr10	5399741	5399967	LTR/ERVL-MaLR	717	+	113	5399854	87364
chr10	47240671	47440671	harbor2	chr10	47262217	47262585	LTR/ERVL-MaLR	1540	+	184	47262401	21730
chr10	47240671	47440671	harbor2	chr10	47286321	47286550	LTR/ERVL-MaLR	579	+	114	47286435	45764
chr10	47240671	47440671	harbor2	chr10	47291781	47292191	LTR/ERVL-MaLR	2484	+	205	47291986	51315
chr10	47240671	47440671	harbor2	chr10	47318862	47319266	LTR/ERVL-MaLR	530	+	202	47319064	78393
chr10	75111455	75311455	harbor2	chr10	75140502	75140676	LTR/ERVL-MaLR	693	+	87	75140589	29134
chr10	75111455	75311455	harbor2	chr10	75202958	75203281	LTR/ERVL-MaLR	1253	+	162	75203120	91665
chr10	75111455	75311455	harbor2	chr10	75203635	75204152	LTR/ERVL-MaLR	2484	+	258	75203893	92438
chr10	131310707	131510707	harbor2	chr10	131335862	131336152	LTR/ERVL-MaLR	869	+	145	131336007	25300
chr10	131310707	131510707	harbor2	chr10	131341095	131341379	LTR/ERVL-MaLR	951	+	142	131341237	30530
chr10	131310707	131510707	harbor2	chr10	131370674	131371019	LTR/ERVL-MaLR	1387	+	172	131370846	60139
chr10	131310707	131510707	harbor2	chr10	131409526	131409908	LTR/ERVL-MaLR	1221	+	191	131409717	99010
chr10	78867018	79067018	harbor2	chr10	78886475	78886961	LTR/ERVL-MaLR	1083	+	243	78886718	19700
chr10	78867018	79067018	harbor2	chr10	78897825	78898207	LTR/ERVL-MaLR	2852	+	191	78898016	30998
chr10	77307204	77507204	harbor2	chr10	77319563	77319968	LTR/ERVL-MaLR	928	+	202	77319765	12561
chr10	77307204	77507204	harbor2	chr10	77329266	77329620	LTR/ERVL-MaLR	1684	+	177	77329443	22239
chr10	77307204	77507204	harbor2	chr10	77337685	77338067	LTR/ERVL-MaLR	814	+	191	77337876	30672
chr10	77307204	77507204	harbor2	chr10	77349075	77349439	LTR/ERVL-MaLR	2217	+	182	77349257	42053
chr10	77307204	77507204	harbor2	chr10	77354949	77355304	LTR/ERVL-MaLR	2418	+	178	77355127	47923
chr10	77307204	77507204	harbor2	chr10	77355402	77355810	LTR/ERVL-MaLR	936	+	204	77355606	48402
chr10	77307204	77507204	harbor2	chr10	77356683	77357282	LTR/ERVL-MaLR	1209	+	300	77356983	49779
chr10	77307204	77507204	harbor2	chr10	77383118	77383357	LTR/ERVL-MaLR	512	+	120	77383238	76034
chr10	77307204	77507204	harbor2	chr10	77404907	77405048	LTR/ERVL-MaLR	601	+	70	77404977	97773
chr10	132358619	132558619	harbor2	chr10	132371581	132371871	LTR/ERVL-MaLR	463	+	145	132371726	13107
chr10	75111531	75311531	harbor2	chr10	75140502	75140676	LTR/ERVL-MaLR	693	+	87	75140589	29058
chr10	75111531	75311531	harbor2	chr10	75202958	75203281	LTR/ERVL-MaLR	1253	+	162	75203120	91589
chr10	75111531	75311531	harbor2	chr10	75203635	75204152	LTR/ERVL-MaLR	2484	+	258	75203893	92362
chr10	62713157	62913157	harbor2	chr10	62752559	62752937	LTR/ERVL-MaLR	712	+	189	62752748	39591
chr10	62713157	62913157	harbor2	chr10	62753855	62754181	LTR/ERVL-MaLR	1700	+	163	62754018	40861
chr10	62713157	62913157	harbor2	chr10	62774424	62774757	LTR/ERVL-MaLR	1800	+	166	62774590	61433
chr10	62713157	62913157	harbor2	chr10	62775064	62775313	LTR/ERVL-MaLR	1800	+	124	62775188	62031
chr10	132988004	133188004	harbor2	chr10	132999707	132999982	LTR/ERVL-MaLR	925	+	138	132999845	11841
chr10	132988004	133188004	harbor2	chr10	133032897	133033276	LTR/ERVL-MaLR	1636	+	190	133033087	45083
chr10	132988004	133188004	harbor2	chr10	133034834	133035077	LTR/ERVL-MaLR	1293	+	122	133034956	46952
chr10	29348352	29548352	harbor2	chr10	29352408	29352594	LTR/ERVL-MaLR	1856	+	93	29352501	4149
chr10	29348352	29548352	harbor2	chr10	29352632	29352860	LTR/ERVL-MaLR	1856	+	114	29352746	4394
chr10	29348352	29548352	harbor2	chr10	29354221	29354568	LTR/ERVL-MaLR	1555	+	174	29354395	6043
chr10	97675345	97875345	harbor2	chr10	97731349	97731799	LTR/ERVL-MaLR	1737	+	225	97731574	56229
chr10	14782829	14982829	harbor2	chr10	14792310	14792484	LTR/ERVL-MaLR	795	+	87	14792397	9568
chr10	14782829	14982829	harbor2	chr10	14795758	14795917	LTR/ERVL-MaLR	708	+	80	14795838	13009
chr10	14782829	14982829	harbor2	chr10	14815387	14815585	LTR/ERVL-MaLR	597	+	99	14815486	32657
chr10	14782829	14982829	harbor2	chr10	14820774	14821121	LTR/ERVL-MaLR	2158	+	174	14820948	38119
chr10	14782829	14982829	harbor2	chr10	14821424	14821461	LTR/ERVL-MaLR	2158	+	18	14821442	38613
chr10	14782829	14982829	harbor2	chr10	14863815	14864058	LTR/ERVL-MaLR	470	+	122	14863937	81108
chr10	128942080	129142080	harbor2	chr10	128952469	128952938	LTR/ERVL-MaLR	1320	+	234	128952703	10623
chr10	128942080	129142080	harbor2	chr10	128984526	128984929	LTR/ERVL-MaLR	2562	+	202	128984728	42648
chr10	128942080	129142080	harbor2	chr10	128999663	129000000	LTR/ERVL-MaLR	1683	+	168	128999831	57751
chr10	35932	235932	harbor2	chr10	50969	51131	LTR/ERVL-MaLR	2535	+	81	51050	15118
chr10	35932	235932	harbor2	chr10	51386	51594	LTR/ERVL-MaLR	2535	+	104	51490	15558
chr10	35932	235932	harbor2	chr10	78631	78708	LTR/ERVL-MaLR	905	+	38	78669	42737
chr10	35932	235932	harbor2	chr10	79315	79432	LTR/ERVL-MaLR	905	+	58	79373	43441
chr10	35932	235932	harbor2	chr10	101384	101738	LTR/ERVL-MaLR	1337	+	177	101561	65629
chr10	35932	235932	harbor2	chr10	125409	125783	LTR/ERVL-MaLR	1811	+	187	125596	89664
chr10	132251469	132451469	harbor2	chr10	132259308	132259770	LTR/ERVL-MaLR	1925	+	231	132259539	8070
chr10	132251469	132451469	harbor2	chr10	132270159	132270510	LTR/ERVL-MaLR	839	+	176	132270335	18866
chr10	132251469	132451469	harbor2	chr10	132272068	132272391	LTR/ERVL-MaLR	1115	+	162	132272230	20761
chr10	132251469	132451469	harbor2	chr10	132298216	132298348	LTR/ERVL-MaLR	441	+	66	132298282	46813
chr10	132251469	132451469	harbor2	chr10	132298694	132299003	LTR/ERVL-MaLR	889	+	154	132298848	47379
chr10	132251469	132451469	harbor2	chr10	132299625	132299768	LTR/ERVL-MaLR	469	+	72	132299697	48228
chr10	132251469	132451469	harbor2	chr10	132325101	132325270	LTR/ERVL-MaLR	2074	+	84	132325185	73716
chr10	132251469	132451469	harbor2	chr10	132325565	132325722	LTR/ERVL-MaLR	2074	+	78	132325643	74174
chr10	132251469	132451469	harbor2	chr10	132326015	132326056	LTR/ERVL-MaLR	2074	+	20	132326035	74566
chr10	132251469	132451469	harbor2	chr10	132327070	132327419	LTR/ERVL-MaLR	2287	+	174	132327244	75775
chr10	79279921	79479921	harbor2	chr10	79318995	79319371	LTR/ERVL-MaLR	1750	+	188	79319183	39262
chr10	79279921	79479921	harbor2	chr10	79332713	79333027	LTR/ERVL-MaLR	978	+	157	79332870	52949
chr10	79279921	79479921	harbor2	chr10	79354983	79355373	LTR/ERVL-MaLR	2262	+	195	79355178	75257
chr10	110775618	110975618	harbor2	chr10	110849845	110850133	LTR/ERVL-MaLR	649	+	144	110849989	74371
chr10	51860313	52060313	harbor2	chr10	51863506	51863823	LTR/ERVL-MaLR	1130	+	158	51863664	3351
chr10	51860313	52060313	harbor2	chr10	51899749	51900160	LTR/ERVL-MaLR	2146	+	206	51899955	39642
chr10	51860313	52060313	harbor2	chr10	51927109	51927476	LTR/ERVL-MaLR	2066	+	184	51927293	66980
chr10	89205746	89405746	harbor2	chr10	89225697	89226062	LTR/ERVL-MaLR	2174	+	182	89225879	20133
chr10	89205746	89405746	harbor2	chr10	89291576	89291746	LTR/ERVL-MaLR	610	+	85	89291661	85915
chr10	89205746	89405746	harbor2	chr10	89291979	89292160	LTR/ERVL-MaLR	608	+	90	89292069	86323
chr10	89205746	89405746	harbor2	chr10	89292996	89293355	LTR/ERVL-MaLR	2257	+	180	89293176	87430
chr10	46182816	46382816	harbor2	chr10	46220643	46220997	LTR/ERVL-MaLR	1487	+	177	46220820	38004
chr10	46182816	46382816	harbor2	chr10	46235167	46235440	LTR/ERVL-MaLR	573	+	136	46235303	52487
chr10	46182816	46382816	harbor2	chr10	46260855	46261214	LTR/ERVL-MaLR	2034	+	180	46261035	78219
chr10	46182816	46382816	harbor2	chr10	46278165	46278546	LTR/ERVL-MaLR	1561	+	190	46278355	95539
chr10	14778690	14978690	harbor2	chr10	14780370	14780606	LTR/ERVL-MaLR	472	+	118	14780488	1798
chr10	14778690	14978690	harbor2	chr10	14792310	14792484	LTR/ERVL-MaLR	795	+	87	14792397	13707
chr10	14778690	14978690	harbor2	chr10	14795758	14795917	LTR/ERVL-MaLR	708	+	80	14795838	17148
chr10	14778690	14978690	harbor2	chr10	14815387	14815585	LTR/ERVL-MaLR	597	+	99	14815486	36796
chr10	14778690	14978690	harbor2	chr10	14820774	14821121	LTR/ERVL-MaLR	2158	+	174	14820948	42258
chr10	14778690	14978690	harbor2	chr10	14821424	14821461	LTR/ERVL-MaLR	2158	+	18	14821442	42752
chr10	14778690	14978690	harbor2	chr10	14863815	14864058	LTR/ERVL-MaLR	470	+	122	14863937	85247
chr10	48094820	48294820	harbor2	chr10	48097459	48097739	LTR/ERVL-MaLR	1608	+	140	48097599	2779
chr10	48094820	48294820	harbor2	chr10	48186356	48186710	LTR/ERVL-MaLR	3001	+	177	48186533	91713
chr10	48094820	48294820	harbor2	chr10	48190969	48191500	LTR/ERVL-MaLR	1203	+	266	48191235	96415
chr10	67774631	67974631	harbor2	chr10	67813040	67813211	LTR/ERVL-MaLR	946	+	86	67813126	38495
chr10	67774631	67974631	harbor2	chr10	67840970	67841211	LTR/ERVL-MaLR	1416	+	120	67841090	66459
chr10	67774631	67974631	harbor2	chr10	67841213	67842277	LTR/ERVL-MaLR	6582	+	532	67841745	67114
chr10	67774631	67974631	harbor2	chr10	67842278	67842667	LTR/ERVL-MaLR	2461	+	194	67842472	67841
chr10	67774631	67974631	harbor2	chr10	67843284	67843322	LTR/ERVL-MaLR	2461	+	19	67843303	68672
chr10	67774631	67974631	harbor2	chr10	67843323	67843642	LTR/ERVL-MaLR	3298	+	160	67843483	68852
chr10	67774631	67974631	harbor2	chr10	67843951	67844218	LTR/ERVL-MaLR	3298	+	134	67844085	69454
chr10	67774631	67974631	harbor2	chr10	67844224	67844592	LTR/ERVL-MaLR	2414	+	184	67844408	69777
chr10	67774631	67974631	harbor2	chr10	67844890	67844961	LTR/ERVL-MaLR	2414	+	36	67844926	70295
chr10	47240692	47440692	harbor2	chr10	47262217	47262585	LTR/ERVL-MaLR	1540	+	184	47262401	21709
chr10	47240692	47440692	harbor2	chr10	47286321	47286550	LTR/ERVL-MaLR	579	+	114	47286435	45743
chr10	47240692	47440692	harbor2	chr10	47291781	47292191	LTR/ERVL-MaLR	2484	+	205	47291986	51294
chr10	47240692	47440692	harbor2	chr10	47318862	47319266	LTR/ERVL-MaLR	530	+	202	47319064	78372
chr10	69473042	69673042	harbor2	chr10	69541248	69541356	LTR/ERVL-MaLR	642	+	54	69541302	68260
chr10	69473042	69673042	harbor2	chr10	69563577	69563981	LTR/ERVL-MaLR	1663	+	202	69563779	90737
chr10	69473042	69673042	harbor2	chr10	69565614	69565898	LTR/ERVL-MaLR	508	+	142	69565756	92714
chr11	133733675	133933675	harbor2	chr11	133735692	133735824	LTR/ERVL-MaLR	415	+	66	133735758	2083
chr11	133733675	133933675	harbor2	chr11	133735861	133736020	LTR/ERVL-MaLR	444	+	80	133735941	2266
chr11	133733675	133933675	harbor2	chr11	133736023	133736184	LTR/ERVL-MaLR	437	+	80	133736103	2428
chr11	133733675	133933675	harbor2	chr11	133737079	133737213	LTR/ERVL-MaLR	413	+	67	133737146	3471
chr11	133733675	133933675	harbor2	chr11	133738067	133738601	LTR/ERVL-MaLR	949	+	267	133738334	4659
chr11	133733675	133933675	harbor2	chr11	133739616	133739775	LTR/ERVL-MaLR	768	+	80	133739696	6021
chr11	133733675	133933675	harbor2	chr11	133740584	133740790	LTR/ERVL-MaLR	636	+	103	133740687	7012
chr11	133733675	133933675	harbor2	chr11	133743103	133743448	LTR/ERVL-MaLR	1623	+	172	133743275	9600
chr11	133733675	133933675	harbor2	chr11	133743456	133743851	LTR/ERVL-MaLR	3751	+	198	133743654	9979
chr11	133733675	133933675	harbor2	chr11	133744123	133744693	LTR/ERVL-MaLR	3751	+	285	133744408	10733
chr11	133733675	133933675	harbor2	chr11	133771422	133771801	LTR/ERVL-MaLR	2394	+	190	133771612	37937
chr11	133733675	133933675	harbor2	chr11	133784010	133784444	LTR/ERVL-MaLR	1025	+	217	133784227	50552
chr11	133733675	133933675	harbor2	chr11	133796334	133796834	LTR/ERVL-MaLR	1392	+	250	133796584	62909
chr11	133733675	133933675	harbor2	chr11	133815536	133816081	LTR/ERVL-MaLR	1049	+	272	133815808	82133
chr11	133733675	133933675	harbor2	chr11	133816991	133817447	LTR/ERVL-MaLR	1418	+	228	133817219	83544
chr11	133733675	133933675	harbor2	chr11	133820712	133820824	LTR/ERVL-MaLR	1186	+	56	133820768	87093
chr11	133733675	133933675	harbor2	chr11	133820825	133821287	LTR/ERVL-MaLR	2256	+	231	133821056	87381
chr11	133733675	133933675	harbor2	chr11	133821288	133821509	LTR/ERVL-MaLR	1186	+	110	133821398	87723
chr11	133733675	133933675	harbor2	chr11	133821537	133821765	LTR/ERVL-MaLR	587	+	114	133821651	87976
chr11	133733675	133933675	harbor2	chr11	133821971	133822350	LTR/ERVL-MaLR	438	+	190	133822161	88486
chr11	122404333	122604333	harbor2	chr11	122422279	122422441	LTR/ERVL-MaLR	493	+	81	122422360	18027
chr11	122404333	122604333	harbor2	chr11	122422440	122422537	LTR/ERVL-MaLR	558	+	48	122422488	18155
chr11	122404333	122604333	harbor2	chr11	122426631	122427166	LTR/ERVL-MaLR	1342	+	268	122426899	22566
chr11	122404333	122604333	harbor2	chr11	122429029	122429398	LTR/ERVL-MaLR	1572	+	184	122429213	24880
chr11	122404333	122604333	harbor2	chr11	122429408	122430058	LTR/ERVL-MaLR	6170	+	325	122429733	25400
chr11	122404333	122604333	harbor2	chr11	122430358	122431515	LTR/ERVL-MaLR	6170	+	578	122430936	26603
chr11	122404333	122604333	harbor2	chr11	122431516	122431878	LTR/ERVL-MaLR	1530	+	181	122431697	27364
chr11	122404333	122604333	harbor2	chr11	122433259	122433545	LTR/ERVL-MaLR	840	+	143	122433402	29069
chr11	122404333	122604333	harbor2	chr11	122449994	122450449	LTR/ERVL-MaLR	2259	+	228	122450222	45889
chr11	122404333	122604333	harbor2	chr11	122500239	122500517	LTR/ERVL-MaLR	431	+	139	122500378	96045
chr11	5191705	5391705	harbor2	chr11	5191559	5191966	LTR/ERVL-MaLR	2382	+	204	5191763	58
chr11	5134523	5334523	harbor2	chr11	5189162	5189564	LTR/ERVL-MaLR	2124	+	201	5189363	54840
chr11	5134523	5334523	harbor2	chr11	5189565	5190876	LTR/ERVL-MaLR	10022	+	656	5190221	55698
chr11	5134523	5334523	harbor2	chr11	5191240	5191557	LTR/ERVL-MaLR	10022	+	158	5191398	56875
chr11	5134523	5334523	harbor2	chr11	5191559	5191966	LTR/ERVL-MaLR	2382	+	204	5191763	57240
chr11	5127958	5327958	harbor2	chr11	5189162	5189564	LTR/ERVL-MaLR	2124	+	201	5189363	61405
chr11	5127958	5327958	harbor2	chr11	5189565	5190876	LTR/ERVL-MaLR	10022	+	656	5190221	62263
chr11	5127958	5327958	harbor2	chr11	5191240	5191557	LTR/ERVL-MaLR	10022	+	158	5191398	63440
chr11	5127958	5327958	harbor2	chr11	5191559	5191966	LTR/ERVL-MaLR	2382	+	204	5191763	63805
chr11	5169679	5369679	harbor2	chr11	5189162	5189564	LTR/ERVL-MaLR	2124	+	201	5189363	19684
chr11	5169679	5369679	harbor2	chr11	5189565	5190876	LTR/ERVL-MaLR	10022	+	656	5190221	20542
chr11	5169679	5369679	harbor2	chr11	5191240	5191557	LTR/ERVL-MaLR	10022	+	158	5191398	21719
chr11	5169679	5369679	harbor2	chr11	5191559	5191966	LTR/ERVL-MaLR	2382	+	204	5191763	22084
chr11	5127422	5327422	harbor2	chr11	5189162	5189564	LTR/ERVL-MaLR	2124	+	201	5189363	61941
chr11	5127422	5327422	harbor2	chr11	5189565	5190876	LTR/ERVL-MaLR	10022	+	656	5190221	62799
chr11	5127422	5327422	harbor2	chr11	5191240	5191557	LTR/ERVL-MaLR	10022	+	158	5191398	63976
chr11	5127422	5327422	harbor2	chr11	5191559	5191966	LTR/ERVL-MaLR	2382	+	204	5191763	64341
chr11	5134276	5334276	harbor2	chr11	5189162	5189564	LTR/ERVL-MaLR	2124	+	201	5189363	55087
chr11	5134276	5334276	harbor2	chr11	5189565	5190876	LTR/ERVL-MaLR	10022	+	656	5190221	55945
chr11	5134276	5334276	harbor2	chr11	5191240	5191557	LTR/ERVL-MaLR	10022	+	158	5191398	57122
chr11	5134276	5334276	harbor2	chr11	5191559	5191966	LTR/ERVL-MaLR	2382	+	204	5191763	57487
chr11	5188729	5388729	harbor2	chr11	5189162	5189564	LTR/ERVL-MaLR	2124	+	201	5189363	634
chr11	5188729	5388729	harbor2	chr11	5189565	5190876	LTR/ERVL-MaLR	10022	+	656	5190221	1492
chr11	5188729	5388729	harbor2	chr11	5191240	5191557	LTR/ERVL-MaLR	10022	+	158	5191398	2669
chr11	5188729	5388729	harbor2	chr11	5191559	5191966	LTR/ERVL-MaLR	2382	+	204	5191763	3034
chr11	68651701	68851701	harbor2	chr11	68655898	68656104	LTR/ERVL-MaLR	642	+	103	68656001	4300
chr11	68651701	68851701	harbor2	chr11	68656123	68656526	LTR/ERVL-MaLR	990	+	202	68656325	4624
chr11	68651701	68851701	harbor2	chr11	68659905	68659933	LTR/ERVL-MaLR	964	+	14	68659919	8218
chr11	68651701	68851701	harbor2	chr11	68660234	68660590	LTR/ERVL-MaLR	964	+	178	68660412	8711
chr11	68651701	68851701	harbor2	chr11	68673203	68673269	LTR/ERVL-MaLR	822	+	33	68673236	21535
chr11	68651701	68851701	harbor2	chr11	68673623	68673998	LTR/ERVL-MaLR	822	+	188	68673811	22110
chr11	68651701	68851701	harbor2	chr11	68676783	68676929	LTR/ERVL-MaLR	878	+	73	68676856	25155
chr11	68651701	68851701	harbor2	chr11	68724406	68724792	LTR/ERVL-MaLR	626	+	193	68724599	72898
chr11	64539025	64739025	harbor2	chr11	64585088	64585330	LTR/ERVL-MaLR	483	+	121	64585209	46184
chr11	64539025	64739025	harbor2	chr11	64613559	64613760	LTR/ERVL-MaLR	449	+	100	64613659	74634
chr11	64539025	64739025	harbor2	chr11	64613830	64614368	LTR/ERVL-MaLR	1438	+	269	64614099	75074
chr11	64539025	64739025	harbor2	chr11	64614384	64614992	LTR/ERVL-MaLR	1556	+	304	64614688	75663
chr11	64539025	64739025	harbor2	chr11	64615000	64615402	LTR/ERVL-MaLR	823	+	201	64615201	76176
chr11	5181733	5381733	harbor2	chr11	5189162	5189564	LTR/ERVL-MaLR	2124	+	201	5189363	7630
chr11	5181733	5381733	harbor2	chr11	5189565	5190876	LTR/ERVL-MaLR	10022	+	656	5190221	8488
chr11	5181733	5381733	harbor2	chr11	5191240	5191557	LTR/ERVL-MaLR	10022	+	158	5191398	9665
chr11	5181733	5381733	harbor2	chr11	5191559	5191966	LTR/ERVL-MaLR	2382	+	204	5191763	10030
chr11	72123248	72323248	harbor2	chr11	72168208	72168569	LTR/ERVL-MaLR	2299	+	180	72168388	45140
chr11	72123248	72323248	harbor2	chr11	72168570	72168941	LTR/ERVL-MaLR	11927	+	186	72168756	45508
chr11	72123248	72323248	harbor2	chr11	72169258	72170470	LTR/ERVL-MaLR	11927	+	606	72169864	46616
chr11	72123248	72323248	harbor2	chr11	72170471	72170829	LTR/ERVL-MaLR	2205	+	179	72170650	47402
chr11	72123248	72323248	harbor2	chr11	72209124	72209502	LTR/ERVL-MaLR	2249	+	189	72209313	86065
chr11	108021538	108221538	harbor2	chr11	108114901	108115232	LTR/ERVL-MaLR	1129	+	166	108115067	93529
chr11	108021538	108221538	harbor2	chr11	108116572	108116980	LTR/ERVL-MaLR	1933	+	204	108116776	95238
chr11	108021538	108221538	harbor2	chr11	108116981	108117136	LTR/ERVL-MaLR	678	+	78	108117059	95521
chr11	2054925	2254925	harbor2	chr11	2087160	2087567	LTR/ERVL-MaLR	2660	+	204	2087364	32439
chr11	2054925	2254925	harbor2	chr11	2089287	2089620	LTR/ERVL-MaLR	439	+	166	2089453	34528
chr11	5127208	5327208	harbor2	chr11	5189162	5189564	LTR/ERVL-MaLR	2124	+	201	5189363	62155
chr11	5127208	5327208	harbor2	chr11	5189565	5190876	LTR/ERVL-MaLR	10022	+	656	5190221	63013
chr11	5127208	5327208	harbor2	chr11	5191240	5191557	LTR/ERVL-MaLR	10022	+	158	5191398	64190
chr11	5127208	5327208	harbor2	chr11	5191559	5191966	LTR/ERVL-MaLR	2382	+	204	5191763	64555
chr11	5744773	5944773	harbor2	chr11	5825345	5825703	LTR/ERVL-MaLR	2270	+	179	5825524	80751
chr11	5744773	5944773	harbor2	chr11	5825704	5827271	LTR/ERVL-MaLR	11634	+	784	5826488	81715
chr11	5744773	5944773	harbor2	chr11	5827272	5827625	LTR/ERVL-MaLR	2323	+	176	5827448	82675
chr11	5744773	5944773	harbor2	chr11	5834067	5834202	LTR/ERVL-MaLR	419	+	68	5834135	89362
chr11	5744773	5944773	harbor2	chr11	5834987	5835401	LTR/ERVL-MaLR	861	+	207	5835194	90421
chr11	5128910	5328910	harbor2	chr11	5189162	5189564	LTR/ERVL-MaLR	2124	+	201	5189363	60453
chr11	5128910	5328910	harbor2	chr11	5189565	5190876	LTR/ERVL-MaLR	10022	+	656	5190221	61311
chr11	5128910	5328910	harbor2	chr11	5191240	5191557	LTR/ERVL-MaLR	10022	+	158	5191398	62488
chr11	5128910	5328910	harbor2	chr11	5191559	5191966	LTR/ERVL-MaLR	2382	+	204	5191763	62853
chr11	57401529	57601529	harbor2	chr11	57410705	57411062	LTR/ERVL-MaLR	2835	+	178	57410883	9354
chr11	57401529	57601529	harbor2	chr11	57417136	57417642	LTR/ERVL-MaLR	1555	+	253	57417389	15860
chr11	57401529	57601529	harbor2	chr11	57446230	57446646	LTR/ERVL-MaLR	744	+	208	57446438	44909
chr11	57401529	57601529	harbor2	chr11	57446953	57446999	LTR/ERVL-MaLR	744	+	23	57446976	45447
chr11	57401529	57601529	harbor2	chr11	57490336	57490804	LTR/ERVL-MaLR	1620	+	234	57490570	89041
chr11	120028317	120228317	harbor2	chr11	120037023	120037514	LTR/ERVL-MaLR	1271	+	246	120037269	8952
chr11	120028317	120228317	harbor2	chr11	120037517	120037643	LTR/ERVL-MaLR	648	+	63	120037580	9263
chr11	120028317	120228317	harbor2	chr11	120037644	120038048	LTR/ERVL-MaLR	2195	+	202	120037846	9529
chr11	120028317	120228317	harbor2	chr11	120038117	120038291	LTR/ERVL-MaLR	869	+	87	120038204	9887
chr11	120028317	120228317	harbor2	chr11	120040705	120041098	LTR/ERVL-MaLR	2089	+	196	120040901	12584
chr11	120028317	120228317	harbor2	chr11	120064215	120064368	LTR/ERVL-MaLR	823	+	76	120064291	35974
chr11	120028317	120228317	harbor2	chr11	120069038	120069509	LTR/ERVL-MaLR	1235	+	236	120069274	40957
chr11	108021539	108221539	harbor2	chr11	108114901	108115232	LTR/ERVL-MaLR	1129	+	166	108115067	93528
chr11	108021539	108221539	harbor2	chr11	108116572	108116980	LTR/ERVL-MaLR	1933	+	204	108116776	95237
chr11	108021539	108221539	harbor2	chr11	108116981	108117136	LTR/ERVL-MaLR	678	+	78	108117059	95520
chr11	119392012	119592012	harbor2	chr11	119427356	119427549	LTR/ERVL-MaLR	960	+	96	119427452	35440
chr11	119392012	119592012	harbor2	chr11	119427766	119427827	LTR/ERVL-MaLR	1005	+	30	119427796	35784
chr11	119392012	119592012	harbor2	chr11	119428128	119428327	LTR/ERVL-MaLR	1005	+	100	119428228	36216
chr11	119392012	119592012	harbor2	chr11	119428347	119428786	LTR/ERVL-MaLR	3791	+	220	119428567	36555
chr11	119392012	119592012	harbor2	chr11	119429075	119429749	LTR/ERVL-MaLR	3791	+	337	119429412	37400
chr11	119392012	119592012	harbor2	chr11	119429818	119429910	LTR/ERVL-MaLR	428	+	46	119429864	37852
chr11	119392012	119592012	harbor2	chr11	119449601	119449978	LTR/ERVL-MaLR	2027	+	188	119449789	57777
chr11	119392012	119592012	harbor2	chr11	119462583	119462946	LTR/ERVL-MaLR	2325	+	182	119462765	70753
chr11	119392012	119592012	harbor2	chr11	119471911	119471986	LTR/ERVL-MaLR	417	+	38	119471949	79937
chr11	119392012	119592012	harbor2	chr11	119472401	119472686	LTR/ERVL-MaLR	1292	+	142	119472543	80531
chr11	5133667	5333667	harbor2	chr11	5189162	5189564	LTR/ERVL-MaLR	2124	+	201	5189363	55696
chr11	5133667	5333667	harbor2	chr11	5189565	5190876	LTR/ERVL-MaLR	10022	+	656	5190221	56554
chr11	5133667	5333667	harbor2	chr11	5191240	5191557	LTR/ERVL-MaLR	10022	+	158	5191398	57731
chr11	5133667	5333667	harbor2	chr11	5191559	5191966	LTR/ERVL-MaLR	2382	+	204	5191763	58096
chr11	6381515	6581515	harbor2	chr11	6421192	6421372	LTR/ERVL-MaLR	2178	+	90	6421282	39767
chr11	6381515	6581515	harbor2	chr11	6421683	6421857	LTR/ERVL-MaLR	2178	+	87	6421770	40255
chr11	6381515	6581515	harbor2	chr11	6422168	6422238	LTR/ERVL-MaLR	2178	+	35	6422203	40688
chr11	6381515	6581515	harbor2	chr11	6425652	6426160	LTR/ERVL-MaLR	1238	+	254	6425906	44391
chr11	6381515	6581515	harbor2	chr11	6426453	6426488	LTR/ERVL-MaLR	1238	+	18	6426471	44956
chr11	6381515	6581515	harbor2	chr11	6429032	6429394	LTR/ERVL-MaLR	1714	+	181	6429213	47698
chr11	6381515	6581515	harbor2	chr11	6434685	6434934	LTR/ERVL-MaLR	733	+	124	6434809	53294
chr11	6381515	6581515	harbor2	chr11	6444292	6444687	LTR/ERVL-MaLR	2111	+	198	6444490	62975
chr11	2059643	2259643	harbor2	chr11	2087160	2087567	LTR/ERVL-MaLR	2660	+	204	2087364	27721
chr11	2059643	2259643	harbor2	chr11	2089287	2089620	LTR/ERVL-MaLR	439	+	166	2089453	29810
chr11	5127183	5327183	harbor2	chr11	5189162	5189564	LTR/ERVL-MaLR	2124	+	201	5189363	62180
chr11	5127183	5327183	harbor2	chr11	5189565	5190876	LTR/ERVL-MaLR	10022	+	656	5190221	63038
chr11	5127183	5327183	harbor2	chr11	5191240	5191557	LTR/ERVL-MaLR	10022	+	158	5191398	64215
chr11	5127183	5327183	harbor2	chr11	5191559	5191966	LTR/ERVL-MaLR	2382	+	204	5191763	64580
chr11	5135332	5335332	harbor2	chr11	5189162	5189564	LTR/ERVL-MaLR	2124	+	201	5189363	54031
chr11	5135332	5335332	harbor2	chr11	5189565	5190876	LTR/ERVL-MaLR	10022	+	656	5190221	54889
chr11	5135332	5335332	harbor2	chr11	5191240	5191557	LTR/ERVL-MaLR	10022	+	158	5191398	56066
chr11	5135332	5335332	harbor2	chr11	5191559	5191966	LTR/ERVL-MaLR	2382	+	204	5191763	56431
chr11	5134532	5334532	harbor2	chr11	5189162	5189564	LTR/ERVL-MaLR	2124	+	201	5189363	54831
chr11	5134532	5334532	harbor2	chr11	5189565	5190876	LTR/ERVL-MaLR	10022	+	656	5190221	55689
chr11	5134532	5334532	harbor2	chr11	5191240	5191557	LTR/ERVL-MaLR	10022	+	158	5191398	56866
chr11	5134532	5334532	harbor2	chr11	5191559	5191966	LTR/ERVL-MaLR	2382	+	204	5191763	57231
chr11	46138377	46338377	harbor2	chr11	46171723	46172107	LTR/ERVL-MaLR	2888	+	192	46171915	33538
chr11	46138377	46338377	harbor2	chr11	46175228	46175580	LTR/ERVL-MaLR	1380	+	176	46175404	37027
chr11	46138377	46338377	harbor2	chr11	46180897	46181298	LTR/ERVL-MaLR	968	+	200	46181097	42720
chr11	46138377	46338377	harbor2	chr11	46186923	46187312	LTR/ERVL-MaLR	2165	+	194	46187117	48740
chr11	46138377	46338377	harbor2	chr11	46216836	46216959	LTR/ERVL-MaLR	757	+	62	46216898	78521
chr11	46138377	46338377	harbor2	chr11	46217434	46217825	LTR/ERVL-MaLR	528	+	196	46217630	79253
chr11	46138377	46338377	harbor2	chr11	46232714	46232919	LTR/ERVL-MaLR	2267	+	102	46232816	94439
chr11	46138377	46338377	harbor2	chr11	46233214	46233530	LTR/ERVL-MaLR	2267	+	158	46233372	94995
chr11	119842499	120042499	harbor2	chr11	119882510	119882927	LTR/ERVL-MaLR	458	+	208	119882718	40219
chr11	119842499	120042499	harbor2	chr11	119913352	119913806	LTR/ERVL-MaLR	1089	+	227	119913579	71080
chr11	119842499	120042499	harbor2	chr11	119916283	119916498	LTR/ERVL-MaLR	814	+	108	119916391	73892
chr11	119842499	120042499	harbor2	chr11	119939530	119940007	LTR/ERVL-MaLR	795	+	238	119939768	97269
chr11	5127072	5327072	harbor2	chr11	5189162	5189564	LTR/ERVL-MaLR	2124	+	201	5189363	62291
chr11	5127072	5327072	harbor2	chr11	5189565	5190876	LTR/ERVL-MaLR	10022	+	656	5190221	63149
chr11	5127072	5327072	harbor2	chr11	5191240	5191557	LTR/ERVL-MaLR	10022	+	158	5191398	64326
chr11	5127072	5327072	harbor2	chr11	5191559	5191966	LTR/ERVL-MaLR	2382	+	204	5191763	64691
chr11	108021885	108221885	harbor2	chr11	108114901	108115232	LTR/ERVL-MaLR	1129	+	166	108115067	93182
chr11	108021885	108221885	harbor2	chr11	108116572	108116980	LTR/ERVL-MaLR	1933	+	204	108116776	94891
chr11	108021885	108221885	harbor2	chr11	108116981	108117136	LTR/ERVL-MaLR	678	+	78	108117059	95174
chr11	5127114	5327114	harbor2	chr11	5189162	5189564	LTR/ERVL-MaLR	2124	+	201	5189363	62249
chr11	5127114	5327114	harbor2	chr11	5189565	5190876	LTR/ERVL-MaLR	10022	+	656	5190221	63107
chr11	5127114	5327114	harbor2	chr11	5191240	5191557	LTR/ERVL-MaLR	10022	+	158	5191398	64284
chr11	5127114	5327114	harbor2	chr11	5191559	5191966	LTR/ERVL-MaLR	2382	+	204	5191763	64649
chr11	57401008	57601008	harbor2	chr11	57410705	57411062	LTR/ERVL-MaLR	2835	+	178	57410883	9875
chr11	57401008	57601008	harbor2	chr11	57417136	57417642	LTR/ERVL-MaLR	1555	+	253	57417389	16381
chr11	57401008	57601008	harbor2	chr11	57446230	57446646	LTR/ERVL-MaLR	744	+	208	57446438	45430
chr11	57401008	57601008	harbor2	chr11	57446953	57446999	LTR/ERVL-MaLR	744	+	23	57446976	45968
chr11	57401008	57601008	harbor2	chr11	57490336	57490804	LTR/ERVL-MaLR	1620	+	234	57490570	89562
chr11	5129662	5329662	harbor2	chr11	5189162	5189564	LTR/ERVL-MaLR	2124	+	201	5189363	59701
chr11	5129662	5329662	harbor2	chr11	5189565	5190876	LTR/ERVL-MaLR	10022	+	656	5190221	60559
chr11	5129662	5329662	harbor2	chr11	5191240	5191557	LTR/ERVL-MaLR	10022	+	158	5191398	61736
chr11	5129662	5329662	harbor2	chr11	5191559	5191966	LTR/ERVL-MaLR	2382	+	204	5191763	62101
chr11	5191376	5391376	harbor2	chr11	5191240	5191557	LTR/ERVL-MaLR	10022	+	158	5191398	22
chr11	5191376	5391376	harbor2	chr11	5191559	5191966	LTR/ERVL-MaLR	2382	+	204	5191763	387
chr11	5134537	5334537	harbor2	chr11	5189162	5189564	LTR/ERVL-MaLR	2124	+	201	5189363	54826
chr11	5134537	5334537	harbor2	chr11	5189565	5190876	LTR/ERVL-MaLR	10022	+	656	5190221	55684
chr11	5134537	5334537	harbor2	chr11	5191240	5191557	LTR/ERVL-MaLR	10022	+	158	5191398	56861
chr11	5134537	5334537	harbor2	chr11	5191559	5191966	LTR/ERVL-MaLR	2382	+	204	5191763	57226
chr11	5127991	5327991	harbor2	chr11	5189162	5189564	LTR/ERVL-MaLR	2124	+	201	5189363	61372
chr11	5127991	5327991	harbor2	chr11	5189565	5190876	LTR/ERVL-MaLR	10022	+	656	5190221	62230
chr11	5127991	5327991	harbor2	chr11	5191240	5191557	LTR/ERVL-MaLR	10022	+	158	5191398	63407
chr11	5127991	5327991	harbor2	chr11	5191559	5191966	LTR/ERVL-MaLR	2382	+	204	5191763	63772
chr11	6290207	6490207	harbor2	chr11	6293441	6293796	LTR/ERVL-MaLR	1635	+	178	6293619	3412
chr11	6290207	6490207	harbor2	chr11	6305615	6305976	LTR/ERVL-MaLR	1886	+	180	6305795	15588
chr11	6290207	6490207	harbor2	chr11	6324973	6325354	LTR/ERVL-MaLR	1659	+	190	6325163	34956
chr11	6290207	6490207	harbor2	chr11	6325647	6325714	LTR/ERVL-MaLR	1659	+	34	6325681	35474
chr11	6290207	6490207	harbor2	chr11	6327808	6328229	LTR/ERVL-MaLR	1351	+	210	6328018	37811
chr11	6290207	6490207	harbor2	chr11	6350046	6350487	LTR/ERVL-MaLR	1104	+	220	6350266	60059
chr11	6290207	6490207	harbor2	chr11	6364886	6365309	LTR/ERVL-MaLR	1183	+	212	6365098	74891
chr11	6290207	6490207	harbor2	chr11	6376234	6376690	LTR/ERVL-MaLR	1417	+	228	6376462	86255
chr11	5140669	5340669	harbor2	chr11	5189162	5189564	LTR/ERVL-MaLR	2124	+	201	5189363	48694
chr11	5140669	5340669	harbor2	chr11	5189565	5190876	LTR/ERVL-MaLR	10022	+	656	5190221	49552
chr11	5140669	5340669	harbor2	chr11	5191240	5191557	LTR/ERVL-MaLR	10022	+	158	5191398	50729
chr11	5140669	5340669	harbor2	chr11	5191559	5191966	LTR/ERVL-MaLR	2382	+	204	5191763	51094
chr11	5127134	5327134	harbor2	chr11	5189162	5189564	LTR/ERVL-MaLR	2124	+	201	5189363	62229
chr11	5127134	5327134	harbor2	chr11	5189565	5190876	LTR/ERVL-MaLR	10022	+	656	5190221	63087
chr11	5127134	5327134	harbor2	chr11	5191240	5191557	LTR/ERVL-MaLR	10022	+	158	5191398	64264
chr11	5127134	5327134	harbor2	chr11	5191559	5191966	LTR/ERVL-MaLR	2382	+	204	5191763	64629
chr11	5140326	5340326	harbor2	chr11	5189162	5189564	LTR/ERVL-MaLR	2124	+	201	5189363	49037
chr11	5140326	5340326	harbor2	chr11	5189565	5190876	LTR/ERVL-MaLR	10022	+	656	5190221	49895
chr11	5140326	5340326	harbor2	chr11	5191240	5191557	LTR/ERVL-MaLR	10022	+	158	5191398	51072
chr11	5140326	5340326	harbor2	chr11	5191559	5191966	LTR/ERVL-MaLR	2382	+	204	5191763	51437
chr11	57414568	57614568	harbor2	chr11	57417136	57417642	LTR/ERVL-MaLR	1555	+	253	57417389	2821
chr11	57414568	57614568	harbor2	chr11	57446230	57446646	LTR/ERVL-MaLR	744	+	208	57446438	31870
chr11	57414568	57614568	harbor2	chr11	57446953	57446999	LTR/ERVL-MaLR	744	+	23	57446976	32408
chr11	57414568	57614568	harbor2	chr11	57490336	57490804	LTR/ERVL-MaLR	1620	+	234	57490570	76002
chr11	108021571	108221571	harbor2	chr11	108114901	108115232	LTR/ERVL-MaLR	1129	+	166	108115067	93496
chr11	108021571	108221571	harbor2	chr11	108116572	108116980	LTR/ERVL-MaLR	1933	+	204	108116776	95205
chr11	108021571	108221571	harbor2	chr11	108116981	108117136	LTR/ERVL-MaLR	678	+	78	108117059	95488
chr11	5127140	5327140	harbor2	chr11	5189162	5189564	LTR/ERVL-MaLR	2124	+	201	5189363	62223
chr11	5127140	5327140	harbor2	chr11	5189565	5190876	LTR/ERVL-MaLR	10022	+	656	5190221	63081
chr11	5127140	5327140	harbor2	chr11	5191240	5191557	LTR/ERVL-MaLR	10022	+	158	5191398	64258
chr11	5127140	5327140	harbor2	chr11	5191559	5191966	LTR/ERVL-MaLR	2382	+	204	5191763	64623
chr11	65969856	66169856	harbor2	chr11	66037265	66037632	LTR/ERVL-MaLR	2382	+	184	66037449	67593
chr11	65969856	66169856	harbor2	chr11	66037928	66037999	LTR/ERVL-MaLR	2382	+	36	66037964	68108
chr11	65969856	66169856	harbor2	chr11	66039894	66040284	LTR/ERVL-MaLR	1992	+	195	66040089	70233
chr11	65969856	66169856	harbor2	chr11	66043812	66044365	LTR/ERVL-MaLR	1778	+	276	66044088	74232
chr11	108021540	108221540	harbor2	chr11	108114901	108115232	LTR/ERVL-MaLR	1129	+	166	108115067	93527
chr11	108021540	108221540	harbor2	chr11	108116572	108116980	LTR/ERVL-MaLR	1933	+	204	108116776	95236
chr11	108021540	108221540	harbor2	chr11	108116981	108117136	LTR/ERVL-MaLR	678	+	78	108117059	95519
chr11	5140241	5340241	harbor2	chr11	5189162	5189564	LTR/ERVL-MaLR	2124	+	201	5189363	49122
chr11	5140241	5340241	harbor2	chr11	5189565	5190876	LTR/ERVL-MaLR	10022	+	656	5190221	49980
chr11	5140241	5340241	harbor2	chr11	5191240	5191557	LTR/ERVL-MaLR	10022	+	158	5191398	51157
chr11	5140241	5340241	harbor2	chr11	5191559	5191966	LTR/ERVL-MaLR	2382	+	204	5191763	51522
chr11	5127590	5327590	harbor2	chr11	5189162	5189564	LTR/ERVL-MaLR	2124	+	201	5189363	61773
chr11	5127590	5327590	harbor2	chr11	5189565	5190876	LTR/ERVL-MaLR	10022	+	656	5190221	62631
chr11	5127590	5327590	harbor2	chr11	5191240	5191557	LTR/ERVL-MaLR	10022	+	158	5191398	63808
chr11	5127590	5327590	harbor2	chr11	5191559	5191966	LTR/ERVL-MaLR	2382	+	204	5191763	64173
chr11	5127122	5327122	harbor2	chr11	5189162	5189564	LTR/ERVL-MaLR	2124	+	201	5189363	62241
chr11	5127122	5327122	harbor2	chr11	5189565	5190876	LTR/ERVL-MaLR	10022	+	656	5190221	63099
chr11	5127122	5327122	harbor2	chr11	5191240	5191557	LTR/ERVL-MaLR	10022	+	158	5191398	64276
chr11	5127122	5327122	harbor2	chr11	5191559	5191966	LTR/ERVL-MaLR	2382	+	204	5191763	64641
chr11	5128021	5328021	harbor2	chr11	5189162	5189564	LTR/ERVL-MaLR	2124	+	201	5189363	61342
chr11	5128021	5328021	harbor2	chr11	5189565	5190876	LTR/ERVL-MaLR	10022	+	656	5190221	62200
chr11	5128021	5328021	harbor2	chr11	5191240	5191557	LTR/ERVL-MaLR	10022	+	158	5191398	63377
chr11	5128021	5328021	harbor2	chr11	5191559	5191966	LTR/ERVL-MaLR	2382	+	204	5191763	63742
chr11	5780143	5980143	harbor2	chr11	5825345	5825703	LTR/ERVL-MaLR	2270	+	179	5825524	45381
chr11	5780143	5980143	harbor2	chr11	5825704	5827271	LTR/ERVL-MaLR	11634	+	784	5826488	46345
chr11	5780143	5980143	harbor2	chr11	5827272	5827625	LTR/ERVL-MaLR	2323	+	176	5827448	47305
chr11	5780143	5980143	harbor2	chr11	5834067	5834202	LTR/ERVL-MaLR	419	+	68	5834135	53992
chr11	5780143	5980143	harbor2	chr11	5834987	5835401	LTR/ERVL-MaLR	861	+	207	5835194	55051
chr11	86572054	86772054	harbor2	chr11	86591279	86591579	LTR/ERVL-MaLR	2135	+	150	86591429	19375
chr11	86572054	86772054	harbor2	chr11	86591929	86592025	LTR/ERVL-MaLR	2135	+	48	86591977	19923
chr11	86572054	86772054	harbor2	chr11	86618558	86618719	LTR/ERVL-MaLR	2409	+	80	86618638	46584
chr11	86572054	86772054	harbor2	chr11	86619009	86619262	LTR/ERVL-MaLR	2409	+	126	86619135	47081
chr11	86572054	86772054	harbor2	chr11	86619426	86619787	LTR/ERVL-MaLR	2289	+	180	86619606	47552
chr11	86572054	86772054	harbor2	chr11	86623868	86624133	LTR/ERVL-MaLR	538	+	132	86624000	51946
chr11	86572054	86772054	harbor2	chr11	86635232	86635458	LTR/ERVL-MaLR	741	+	113	86635345	63291
chr11	86572054	86772054	harbor2	chr11	86635459	86635804	LTR/ERVL-MaLR	1423	+	172	86635631	63577
chr11	86572054	86772054	harbor2	chr11	86666088	86666261	LTR/ERVL-MaLR	706	+	86	86666174	94120
chr11	5127137	5327137	harbor2	chr11	5189162	5189564	LTR/ERVL-MaLR	2124	+	201	5189363	62226
chr11	5127137	5327137	harbor2	chr11	5189565	5190876	LTR/ERVL-MaLR	10022	+	656	5190221	63084
chr11	5127137	5327137	harbor2	chr11	5191240	5191557	LTR/ERVL-MaLR	10022	+	158	5191398	64261
chr11	5127137	5327137	harbor2	chr11	5191559	5191966	LTR/ERVL-MaLR	2382	+	204	5191763	64626
chr11	43476525	43676525	harbor2	chr11	43525586	43525977	LTR/ERVL-MaLR	2149	+	196	43525782	49257
chr11	43476525	43676525	harbor2	chr11	43531564	43532033	LTR/ERVL-MaLR	1638	+	234	43531798	55273
chr11	43476525	43676525	harbor2	chr11	43543159	43543515	LTR/ERVL-MaLR	459	+	178	43543337	66812
chr11	43476525	43676525	harbor2	chr11	43543559	43544100	LTR/ERVL-MaLR	954	+	270	43543829	67304
chr11	43476525	43676525	harbor2	chr11	43544601	43544971	LTR/ERVL-MaLR	2480	+	185	43544786	68261
chr11	43476525	43676525	harbor2	chr11	43545733	43546057	LTR/ERVL-MaLR	757	+	162	43545895	69370
chr11	108021566	108221566	harbor2	chr11	108114901	108115232	LTR/ERVL-MaLR	1129	+	166	108115067	93501
chr11	108021566	108221566	harbor2	chr11	108116572	108116980	LTR/ERVL-MaLR	1933	+	204	108116776	95210
chr11	108021566	108221566	harbor2	chr11	108116981	108117136	LTR/ERVL-MaLR	678	+	78	108117059	95493
chr11	5127198	5327198	harbor2	chr11	5189162	5189564	LTR/ERVL-MaLR	2124	+	201	5189363	62165
chr11	5127198	5327198	harbor2	chr11	5189565	5190876	LTR/ERVL-MaLR	10022	+	656	5190221	63023
chr11	5127198	5327198	harbor2	chr11	5191240	5191557	LTR/ERVL-MaLR	10022	+	158	5191398	64200
chr11	5127198	5327198	harbor2	chr11	5191559	5191966	LTR/ERVL-MaLR	2382	+	204	5191763	64565
chr11	5191220	5391220	harbor2	chr11	5191240	5191557	LTR/ERVL-MaLR	10022	+	158	5191398	178
chr11	5191220	5391220	harbor2	chr11	5191559	5191966	LTR/ERVL-MaLR	2382	+	204	5191763	543
chr11	5127169	5327169	harbor2	chr11	5189162	5189564	LTR/ERVL-MaLR	2124	+	201	5189363	62194
chr11	5127169	5327169	harbor2	chr11	5189565	5190876	LTR/ERVL-MaLR	10022	+	656	5190221	63052
chr11	5127169	5327169	harbor2	chr11	5191240	5191557	LTR/ERVL-MaLR	10022	+	158	5191398	64229
chr11	5127169	5327169	harbor2	chr11	5191559	5191966	LTR/ERVL-MaLR	2382	+	204	5191763	64594
chr11	108021911	108221911	harbor2	chr11	108114901	108115232	LTR/ERVL-MaLR	1129	+	166	108115067	93156
chr11	108021911	108221911	harbor2	chr11	108116572	108116980	LTR/ERVL-MaLR	1933	+	204	108116776	94865
chr11	108021911	108221911	harbor2	chr11	108116981	108117136	LTR/ERVL-MaLR	678	+	78	108117059	95148
chr11	76597013	76797013	harbor2	chr11	76601030	76601131	LTR/ERVL-MaLR	1424	+	50	76601080	4067
chr11	76597013	76797013	harbor2	chr11	76601436	76601695	LTR/ERVL-MaLR	1424	+	130	76601566	4553
chr11	76597013	76797013	harbor2	chr11	76641037	76641400	LTR/ERVL-MaLR	1804	+	182	76641219	44206
chr11	76597013	76797013	harbor2	chr11	76641690	76641752	LTR/ERVL-MaLR	1804	+	31	76641721	44708
chr11	76597013	76797013	harbor2	chr11	76683237	76683418	LTR/ERVL-MaLR	2071	+	90	76683327	86314
chr11	76597013	76797013	harbor2	chr11	76683447	76683610	LTR/ERVL-MaLR	2071	+	82	76683529	86516
chr11	5130296	5330296	harbor2	chr11	5189162	5189564	LTR/ERVL-MaLR	2124	+	201	5189363	59067
chr11	5130296	5330296	harbor2	chr11	5189565	5190876	LTR/ERVL-MaLR	10022	+	656	5190221	59925
chr11	5130296	5330296	harbor2	chr11	5191240	5191557	LTR/ERVL-MaLR	10022	+	158	5191398	61102
chr11	5130296	5330296	harbor2	chr11	5191559	5191966	LTR/ERVL-MaLR	2382	+	204	5191763	61467
chr11	65758415	65958415	harbor2	chr11	65766005	65766416	LTR/ERVL-MaLR	2397	+	206	65766211	7796
chr11	65758415	65958415	harbor2	chr11	65777364	65777699	LTR/ERVL-MaLR	1130	+	168	65777532	19117
chr11	5127119	5327119	harbor2	chr11	5189162	5189564	LTR/ERVL-MaLR	2124	+	201	5189363	62244
chr11	5127119	5327119	harbor2	chr11	5189565	5190876	LTR/ERVL-MaLR	10022	+	656	5190221	63102
chr11	5127119	5327119	harbor2	chr11	5191240	5191557	LTR/ERVL-MaLR	10022	+	158	5191398	64279
chr11	5127119	5327119	harbor2	chr11	5191559	5191966	LTR/ERVL-MaLR	2382	+	204	5191763	64644
chr11	5374833	5574833	harbor2	chr11	5379829	5380044	LTR/ERVL-MaLR	569	+	108	5379937	5104
chr11	5374833	5574833	harbor2	chr11	5398572	5398943	LTR/ERVL-MaLR	2187	+	186	5398758	23925
chr11	5374833	5574833	harbor2	chr11	5411566	5412090	LTR/ERVL-MaLR	1414	+	262	5411828	36995
chr11	5374833	5574833	harbor2	chr11	5456731	5457053	LTR/ERVL-MaLR	1868	+	161	5456892	82059
chr11	70734520	70934520	harbor2	chr11	70736290	70736710	LTR/ERVL-MaLR	1033	+	210	70736500	1980
chr11	70734520	70934520	harbor2	chr11	70739654	70739879	LTR/ERVL-MaLR	1050	+	112	70739766	5246
chr11	70734520	70934520	harbor2	chr11	70743234	70743541	LTR/ERVL-MaLR	714	+	154	70743388	8868
chr11	70734520	70934520	harbor2	chr11	70761111	70761452	LTR/ERVL-MaLR	1214	+	170	70761281	26761
chr11	70734520	70934520	harbor2	chr11	70765184	70765625	LTR/ERVL-MaLR	956	+	220	70765404	30884
chr11	70734520	70934520	harbor2	chr11	70766111	70766387	LTR/ERVL-MaLR	920	+	138	70766249	31729
chr11	70734520	70934520	harbor2	chr11	70778413	70778789	LTR/ERVL-MaLR	1591	+	188	70778601	44081
chr11	70734520	70934520	harbor2	chr11	70779853	70780204	LTR/ERVL-MaLR	762	+	176	70780029	45509
chr11	70734520	70934520	harbor2	chr11	70782905	70783239	LTR/ERVL-MaLR	860	+	167	70783072	48552
chr11	70734520	70934520	harbor2	chr11	70790888	70791138	LTR/ERVL-MaLR	447	+	125	70791013	56493
chr11	70734520	70934520	harbor2	chr11	70795706	70795926	LTR/ERVL-MaLR	878	+	110	70795816	61296
chr11	70734520	70934520	harbor2	chr11	70821097	70821415	LTR/ERVL-MaLR	1542	+	159	70821256	86736
chr11	70734520	70934520	harbor2	chr11	70821723	70821782	LTR/ERVL-MaLR	1542	+	30	70821753	87233
chr11	70734520	70934520	harbor2	chr11	70795203	70795393	LTR/ERVL-MaLR	878	+	95	70795298	60778
chr11	5127221	5327221	harbor2	chr11	5189162	5189564	LTR/ERVL-MaLR	2124	+	201	5189363	62142
chr11	5127221	5327221	harbor2	chr11	5189565	5190876	LTR/ERVL-MaLR	10022	+	656	5190221	63000
chr11	5127221	5327221	harbor2	chr11	5191240	5191557	LTR/ERVL-MaLR	10022	+	158	5191398	64177
chr11	5127221	5327221	harbor2	chr11	5191559	5191966	LTR/ERVL-MaLR	2382	+	204	5191763	64542
chr11	5191472	5391472	harbor2	chr11	5191240	5191557	LTR/ERVL-MaLR	10022	+	158	5191398	74
chr11	5191472	5391472	harbor2	chr11	5191559	5191966	LTR/ERVL-MaLR	2382	+	204	5191763	291
chr11	2055346	2255346	harbor2	chr11	2087160	2087567	LTR/ERVL-MaLR	2660	+	204	2087364	32018
chr11	2055346	2255346	harbor2	chr11	2089287	2089620	LTR/ERVL-MaLR	439	+	166	2089453	34107
chr11	57399755	57599755	harbor2	chr11	57410705	57411062	LTR/ERVL-MaLR	2835	+	178	57410883	11128
chr11	57399755	57599755	harbor2	chr11	57417136	57417642	LTR/ERVL-MaLR	1555	+	253	57417389	17634
chr11	57399755	57599755	harbor2	chr11	57446230	57446646	LTR/ERVL-MaLR	744	+	208	57446438	46683
chr11	57399755	57599755	harbor2	chr11	57446953	57446999	LTR/ERVL-MaLR	744	+	23	57446976	47221
chr11	57399755	57599755	harbor2	chr11	57490336	57490804	LTR/ERVL-MaLR	1620	+	234	57490570	90815
chr11	5243759	5443759	harbor2	chr11	5331905	5332297	LTR/ERVL-MaLR	1589	+	196	5332101	88342
chr11	5243759	5443759	harbor2	chr11	5332615	5332849	LTR/ERVL-MaLR	1589	+	117	5332732	88973
chr11	5128073	5328073	harbor2	chr11	5189162	5189564	LTR/ERVL-MaLR	2124	+	201	5189363	61290
chr11	5128073	5328073	harbor2	chr11	5189565	5190876	LTR/ERVL-MaLR	10022	+	656	5190221	62148
chr11	5128073	5328073	harbor2	chr11	5191240	5191557	LTR/ERVL-MaLR	10022	+	158	5191398	63325
chr11	5128073	5328073	harbor2	chr11	5191559	5191966	LTR/ERVL-MaLR	2382	+	204	5191763	63690
chr11	70337550	70537550	harbor2	chr11	70389964	70390167	LTR/ERVL-MaLR	910	+	102	70390066	52516
chr11	70337550	70537550	harbor2	chr11	70390432	70390599	LTR/ERVL-MaLR	910	+	84	70390516	52966
chr11	70337550	70537550	harbor2	chr11	70393834	70394267	LTR/ERVL-MaLR	1569	+	216	70394050	56500
chr11	70337550	70537550	harbor2	chr11	70395837	70395980	LTR/ERVL-MaLR	425	+	72	70395909	58359
chr11	10402307	10602307	harbor2	chr11	10402569	10402951	LTR/ERVL-MaLR	965	+	191	10402760	453
chr11	10402307	10602307	harbor2	chr11	10431407	10431634	LTR/ERVL-MaLR	550	+	114	10431521	29214
chr11	10402307	10602307	harbor2	chr11	10435607	10435788	LTR/ERVL-MaLR	1009	+	90	10435697	33390
chr11	10402307	10602307	harbor2	chr11	10437030	10437227	LTR/ERVL-MaLR	1190	+	98	10437128	34821
chr11	10402307	10602307	harbor2	chr11	10475635	10476111	LTR/ERVL-MaLR	2013	+	238	10475873	73566
chr11	10402307	10602307	harbor2	chr11	10436088	10436665	LTR/ERVL-MaLR	1190	+	288	10436376	34069
chr11	5127064	5327064	harbor2	chr11	5189162	5189564	LTR/ERVL-MaLR	2124	+	201	5189363	62299
chr11	5127064	5327064	harbor2	chr11	5189565	5190876	LTR/ERVL-MaLR	10022	+	656	5190221	63157
chr11	5127064	5327064	harbor2	chr11	5191240	5191557	LTR/ERVL-MaLR	10022	+	158	5191398	64334
chr11	5127064	5327064	harbor2	chr11	5191559	5191966	LTR/ERVL-MaLR	2382	+	204	5191763	64699
chr11	34816682	35016682	harbor2	chr11	34827070	34827567	LTR/ERVL-MaLR	955	+	248	34827318	10636
chr11	34816682	35016682	harbor2	chr11	34845098	34845514	LTR/ERVL-MaLR	2421	+	208	34845306	28624
chr11	34816682	35016682	harbor2	chr11	34875210	34875557	LTR/ERVL-MaLR	2268	+	174	34875384	58702
chr11	34816682	35016682	harbor2	chr11	34848672	34849040	LTR/ERVL-MaLR	2332	+	184	34848856	32174
chr11	5127952	5327952	harbor2	chr11	5189162	5189564	LTR/ERVL-MaLR	2124	+	201	5189363	61411
chr11	5127952	5327952	harbor2	chr11	5189565	5190876	LTR/ERVL-MaLR	10022	+	656	5190221	62269
chr11	5127952	5327952	harbor2	chr11	5191240	5191557	LTR/ERVL-MaLR	10022	+	158	5191398	63446
chr11	5127952	5327952	harbor2	chr11	5191559	5191966	LTR/ERVL-MaLR	2382	+	204	5191763	63811
chr11	5134168	5334168	harbor2	chr11	5189162	5189564	LTR/ERVL-MaLR	2124	+	201	5189363	55195
chr11	5134168	5334168	harbor2	chr11	5189565	5190876	LTR/ERVL-MaLR	10022	+	656	5190221	56053
chr11	5134168	5334168	harbor2	chr11	5191240	5191557	LTR/ERVL-MaLR	10022	+	158	5191398	57230
chr11	5134168	5334168	harbor2	chr11	5191559	5191966	LTR/ERVL-MaLR	2382	+	204	5191763	57595
chr11	2054426	2254426	harbor2	chr11	2087160	2087567	LTR/ERVL-MaLR	2660	+	204	2087364	32938
chr11	2054426	2254426	harbor2	chr11	2089287	2089620	LTR/ERVL-MaLR	439	+	166	2089453	35027
chr11	5127561	5327561	harbor2	chr11	5189162	5189564	LTR/ERVL-MaLR	2124	+	201	5189363	61802
chr11	5127561	5327561	harbor2	chr11	5189565	5190876	LTR/ERVL-MaLR	10022	+	656	5190221	62660
chr11	5127561	5327561	harbor2	chr11	5191240	5191557	LTR/ERVL-MaLR	10022	+	158	5191398	63837
chr11	5127561	5327561	harbor2	chr11	5191559	5191966	LTR/ERVL-MaLR	2382	+	204	5191763	64202
chr11	5132031	5332031	harbor2	chr11	5189162	5189564	LTR/ERVL-MaLR	2124	+	201	5189363	57332
chr11	5132031	5332031	harbor2	chr11	5189565	5190876	LTR/ERVL-MaLR	10022	+	656	5190221	58190
chr11	5132031	5332031	harbor2	chr11	5191240	5191557	LTR/ERVL-MaLR	10022	+	158	5191398	59367
chr11	5132031	5332031	harbor2	chr11	5191559	5191966	LTR/ERVL-MaLR	2382	+	204	5191763	59732
chr11	5270087	5470087	harbor2	chr11	5331905	5332297	LTR/ERVL-MaLR	1589	+	196	5332101	62014
chr11	5270087	5470087	harbor2	chr11	5332615	5332849	LTR/ERVL-MaLR	1589	+	117	5332732	62645
chr11	5126997	5326997	harbor2	chr11	5189162	5189564	LTR/ERVL-MaLR	2124	+	201	5189363	62366
chr11	5126997	5326997	harbor2	chr11	5189565	5190876	LTR/ERVL-MaLR	10022	+	656	5190221	63224
chr11	5126997	5326997	harbor2	chr11	5191240	5191557	LTR/ERVL-MaLR	10022	+	158	5191398	64401
chr11	5126997	5326997	harbor2	chr11	5191559	5191966	LTR/ERVL-MaLR	2382	+	204	5191763	64766
chr11	118509641	118709641	harbor2	chr11	118545955	118546218	LTR/ERVL-MaLR	2076	+	132	118546087	36446
chr11	118509641	118709641	harbor2	chr11	118546496	118546649	LTR/ERVL-MaLR	2076	+	76	118546572	36931
chr11	88444581	88644581	harbor2	chr11	88447163	88448297	LTR/ERVL-MaLR	2706	+	567	88447730	3149
chr11	88444581	88644581	harbor2	chr11	88448794	88448957	LTR/ERVL-MaLR	2706	+	82	88448876	4295
chr11	88444581	88644581	harbor2	chr11	88450443	88450680	LTR/ERVL-MaLR	2706	+	118	88450561	5980
chr11	88444581	88644581	harbor2	chr11	88450681	88451162	LTR/ERVL-MaLR	2201	+	240	88450921	6340
chr11	88444581	88644581	harbor2	chr11	88454795	88455244	LTR/ERVL-MaLR	948	+	224	88455019	10438
chr11	88444581	88644581	harbor2	chr11	88455457	88456241	LTR/ERVL-MaLR	3194	+	392	88455849	11268
chr11	88444581	88644581	harbor2	chr11	88456307	88456862	LTR/ERVL-MaLR	3194	+	278	88456585	12004
chr11	88444581	88644581	harbor2	chr11	88478847	88479097	LTR/ERVL-MaLR	1157	+	125	88478972	34391
chr11	88444581	88644581	harbor2	chr11	88494388	88494772	LTR/ERVL-MaLR	2383	+	192	88494580	49999
chr11	88444581	88644581	harbor2	chr11	88533714	88534745	LTR/ERVL-MaLR	7370	+	516	88534230	89649
chr11	88444581	88644581	harbor2	chr11	88534746	88535121	LTR/ERVL-MaLR	2026	+	188	88534934	90353
chr11	88444581	88644581	harbor2	chr11	88535280	88535656	LTR/ERVL-MaLR	681	+	188	88535468	90887
chr11	88444581	88644581	harbor2	chr11	88541778	88542158	LTR/ERVL-MaLR	1841	+	190	88541968	97387
chr11	88444581	88644581	harbor2	chr11	88543857	88544076	LTR/ERVL-MaLR	1756	+	110	88543967	99386
chr11	88444581	88644581	harbor2	chr11	88544107	88544259	LTR/ERVL-MaLR	1756	+	76	88544183	99602
chr11	88444581	88644581	harbor2	chr11	88456892	88457448	LTR/ERVL-MaLR	1487	+	278	88457170	12589
chr11	5140184	5340184	harbor2	chr11	5189162	5189564	LTR/ERVL-MaLR	2124	+	201	5189363	49179
chr11	5140184	5340184	harbor2	chr11	5189565	5190876	LTR/ERVL-MaLR	10022	+	656	5190221	50037
chr11	5140184	5340184	harbor2	chr11	5191240	5191557	LTR/ERVL-MaLR	10022	+	158	5191398	51214
chr11	5140184	5340184	harbor2	chr11	5191559	5191966	LTR/ERVL-MaLR	2382	+	204	5191763	51579
chr11	76580946	76780946	harbor2	chr11	76596508	76596942	LTR/ERVL-MaLR	1760	+	217	76596725	15779
chr11	76580946	76780946	harbor2	chr11	76601030	76601131	LTR/ERVL-MaLR	1424	+	50	76601080	20134
chr11	76580946	76780946	harbor2	chr11	76601436	76601695	LTR/ERVL-MaLR	1424	+	130	76601566	20620
chr11	76580946	76780946	harbor2	chr11	76641037	76641400	LTR/ERVL-MaLR	1804	+	182	76641219	60273
chr11	76580946	76780946	harbor2	chr11	76641690	76641752	LTR/ERVL-MaLR	1804	+	31	76641721	60775
chr11	108021537	108221537	harbor2	chr11	108114901	108115232	LTR/ERVL-MaLR	1129	+	166	108115067	93530
chr11	108021537	108221537	harbor2	chr11	108116572	108116980	LTR/ERVL-MaLR	1933	+	204	108116776	95239
chr11	108021537	108221537	harbor2	chr11	108116981	108117136	LTR/ERVL-MaLR	678	+	78	108117059	95522
chr11	133742979	133942979	harbor2	chr11	133743103	133743448	LTR/ERVL-MaLR	1623	+	172	133743275	296
chr11	133742979	133942979	harbor2	chr11	133743456	133743851	LTR/ERVL-MaLR	3751	+	198	133743654	675
chr11	133742979	133942979	harbor2	chr11	133744123	133744693	LTR/ERVL-MaLR	3751	+	285	133744408	1429
chr11	133742979	133942979	harbor2	chr11	133771422	133771801	LTR/ERVL-MaLR	2394	+	190	133771612	28633
chr11	133742979	133942979	harbor2	chr11	133784010	133784444	LTR/ERVL-MaLR	1025	+	217	133784227	41248
chr11	133742979	133942979	harbor2	chr11	133796334	133796834	LTR/ERVL-MaLR	1392	+	250	133796584	53605
chr11	133742979	133942979	harbor2	chr11	133815536	133816081	LTR/ERVL-MaLR	1049	+	272	133815808	72829
chr11	133742979	133942979	harbor2	chr11	133816991	133817447	LTR/ERVL-MaLR	1418	+	228	133817219	74240
chr11	133742979	133942979	harbor2	chr11	133820712	133820824	LTR/ERVL-MaLR	1186	+	56	133820768	77789
chr11	133742979	133942979	harbor2	chr11	133820825	133821287	LTR/ERVL-MaLR	2256	+	231	133821056	78077
chr11	133742979	133942979	harbor2	chr11	133821288	133821509	LTR/ERVL-MaLR	1186	+	110	133821398	78419
chr11	133742979	133942979	harbor2	chr11	133821537	133821765	LTR/ERVL-MaLR	587	+	114	133821651	78672
chr11	133742979	133942979	harbor2	chr11	133821971	133822350	LTR/ERVL-MaLR	438	+	190	133822161	79182
chr11	5127155	5327155	harbor2	chr11	5189162	5189564	LTR/ERVL-MaLR	2124	+	201	5189363	62208
chr11	5127155	5327155	harbor2	chr11	5189565	5190876	LTR/ERVL-MaLR	10022	+	656	5190221	63066
chr11	5127155	5327155	harbor2	chr11	5191240	5191557	LTR/ERVL-MaLR	10022	+	158	5191398	64243
chr11	5127155	5327155	harbor2	chr11	5191559	5191966	LTR/ERVL-MaLR	2382	+	204	5191763	64608
chr11	5127211	5327211	harbor2	chr11	5189162	5189564	LTR/ERVL-MaLR	2124	+	201	5189363	62152
chr11	5127211	5327211	harbor2	chr11	5189565	5190876	LTR/ERVL-MaLR	10022	+	656	5190221	63010
chr11	5127211	5327211	harbor2	chr11	5191240	5191557	LTR/ERVL-MaLR	10022	+	158	5191398	64187
chr11	5127211	5327211	harbor2	chr11	5191559	5191966	LTR/ERVL-MaLR	2382	+	204	5191763	64552
chr11	5134551	5334551	harbor2	chr11	5189162	5189564	LTR/ERVL-MaLR	2124	+	201	5189363	54812
chr11	5134551	5334551	harbor2	chr11	5189565	5190876	LTR/ERVL-MaLR	10022	+	656	5190221	55670
chr11	5134551	5334551	harbor2	chr11	5191240	5191557	LTR/ERVL-MaLR	10022	+	158	5191398	56847
chr11	5134551	5334551	harbor2	chr11	5191559	5191966	LTR/ERVL-MaLR	2382	+	204	5191763	57212
chr11	5127112	5327112	harbor2	chr11	5189162	5189564	LTR/ERVL-MaLR	2124	+	201	5189363	62251
chr11	5127112	5327112	harbor2	chr11	5189565	5190876	LTR/ERVL-MaLR	10022	+	656	5190221	63109
chr11	5127112	5327112	harbor2	chr11	5191240	5191557	LTR/ERVL-MaLR	10022	+	158	5191398	64286
chr11	5127112	5327112	harbor2	chr11	5191559	5191966	LTR/ERVL-MaLR	2382	+	204	5191763	64651
chr11	5132933	5332933	harbor2	chr11	5189162	5189564	LTR/ERVL-MaLR	2124	+	201	5189363	56430
chr11	5132933	5332933	harbor2	chr11	5189565	5190876	LTR/ERVL-MaLR	10022	+	656	5190221	57288
chr11	5132933	5332933	harbor2	chr11	5191240	5191557	LTR/ERVL-MaLR	10022	+	158	5191398	58465
chr11	5132933	5332933	harbor2	chr11	5191559	5191966	LTR/ERVL-MaLR	2382	+	204	5191763	58830
chr11	5137985	5337985	harbor2	chr11	5189162	5189564	LTR/ERVL-MaLR	2124	+	201	5189363	51378
chr11	5137985	5337985	harbor2	chr11	5189565	5190876	LTR/ERVL-MaLR	10022	+	656	5190221	52236
chr11	5137985	5337985	harbor2	chr11	5191240	5191557	LTR/ERVL-MaLR	10022	+	158	5191398	53413
chr11	5137985	5337985	harbor2	chr11	5191559	5191966	LTR/ERVL-MaLR	2382	+	204	5191763	53778
chr11	5134538	5334538	harbor2	chr11	5189162	5189564	LTR/ERVL-MaLR	2124	+	201	5189363	54825
chr11	5134538	5334538	harbor2	chr11	5189565	5190876	LTR/ERVL-MaLR	10022	+	656	5190221	55683
chr11	5134538	5334538	harbor2	chr11	5191240	5191557	LTR/ERVL-MaLR	10022	+	158	5191398	56860
chr11	5134538	5334538	harbor2	chr11	5191559	5191966	LTR/ERVL-MaLR	2382	+	204	5191763	57225
chr11	5179921	5379921	harbor2	chr11	5189162	5189564	LTR/ERVL-MaLR	2124	+	201	5189363	9442
chr11	5179921	5379921	harbor2	chr11	5189565	5190876	LTR/ERVL-MaLR	10022	+	656	5190221	10300
chr11	5179921	5379921	harbor2	chr11	5191240	5191557	LTR/ERVL-MaLR	10022	+	158	5191398	11477
chr11	5179921	5379921	harbor2	chr11	5191559	5191966	LTR/ERVL-MaLR	2382	+	204	5191763	11842
chr11	5133805	5333805	harbor2	chr11	5189162	5189564	LTR/ERVL-MaLR	2124	+	201	5189363	55558
chr11	5133805	5333805	harbor2	chr11	5189565	5190876	LTR/ERVL-MaLR	10022	+	656	5190221	56416
chr11	5133805	5333805	harbor2	chr11	5191240	5191557	LTR/ERVL-MaLR	10022	+	158	5191398	57593
chr11	5133805	5333805	harbor2	chr11	5191559	5191966	LTR/ERVL-MaLR	2382	+	204	5191763	57958
chr11	108022093	108222093	harbor2	chr11	108114901	108115232	LTR/ERVL-MaLR	1129	+	166	108115067	92974
chr11	108022093	108222093	harbor2	chr11	108116572	108116980	LTR/ERVL-MaLR	1933	+	204	108116776	94683
chr11	108022093	108222093	harbor2	chr11	108116981	108117136	LTR/ERVL-MaLR	678	+	78	108117059	94966
chr11	5127124	5327124	harbor2	chr11	5189162	5189564	LTR/ERVL-MaLR	2124	+	201	5189363	62239
chr11	5127124	5327124	harbor2	chr11	5189565	5190876	LTR/ERVL-MaLR	10022	+	656	5190221	63097
chr11	5127124	5327124	harbor2	chr11	5191240	5191557	LTR/ERVL-MaLR	10022	+	158	5191398	64274
chr11	5127124	5327124	harbor2	chr11	5191559	5191966	LTR/ERVL-MaLR	2382	+	204	5191763	64639
chr11	86705704	86905704	harbor2	chr11	86725386	86725801	LTR/ERVL-MaLR	2003	+	208	86725594	19890
chr11	86705704	86905704	harbor2	chr11	86768188	86768466	LTR/ERVL-MaLR	1753	+	139	86768327	62623
chr11	86705704	86905704	harbor2	chr11	86771969	86772418	LTR/ERVL-MaLR	795	+	224	86772193	66489
chr11	86705704	86905704	harbor2	chr11	86774825	86775389	LTR/ERVL-MaLR	2274	+	282	86775107	69403
chr11	86705704	86905704	harbor2	chr11	86788330	86788452	LTR/ERVL-MaLR	412	+	61	86788391	82687
chr11	86705704	86905704	harbor2	chr11	86785945	86786261	LTR/ERVL-MaLR	447	+	158	86786103	80399
chr11	5130452	5330452	harbor2	chr11	5189162	5189564	LTR/ERVL-MaLR	2124	+	201	5189363	58911
chr11	5130452	5330452	harbor2	chr11	5189565	5190876	LTR/ERVL-MaLR	10022	+	656	5190221	59769
chr11	5130452	5330452	harbor2	chr11	5191240	5191557	LTR/ERVL-MaLR	10022	+	158	5191398	60946
chr11	5130452	5330452	harbor2	chr11	5191559	5191966	LTR/ERVL-MaLR	2382	+	204	5191763	61311
chr11	5254966	5454966	harbor2	chr11	5331905	5332297	LTR/ERVL-MaLR	1589	+	196	5332101	77135
chr11	5254966	5454966	harbor2	chr11	5332615	5332849	LTR/ERVL-MaLR	1589	+	117	5332732	77766
chr11	117887292	118087292	harbor2	chr11	117956123	117956537	LTR/ERVL-MaLR	2229	+	207	117956330	69038
chr11	117887292	118087292	harbor2	chr11	117971418	117971841	LTR/ERVL-MaLR	864	+	212	117971630	84338
chr11	5127171	5327171	harbor2	chr11	5189162	5189564	LTR/ERVL-MaLR	2124	+	201	5189363	62192
chr11	5127171	5327171	harbor2	chr11	5189565	5190876	LTR/ERVL-MaLR	10022	+	656	5190221	63050
chr11	5127171	5327171	harbor2	chr11	5191240	5191557	LTR/ERVL-MaLR	10022	+	158	5191398	64227
chr11	5127171	5327171	harbor2	chr11	5191559	5191966	LTR/ERVL-MaLR	2382	+	204	5191763	64592
chr11	69540237	69740237	harbor2	chr11	69543422	69543834	LTR/ERVL-MaLR	1729	+	206	69543628	3391
chr11	69540237	69740237	harbor2	chr11	69545601	69546024	LTR/ERVL-MaLR	1293	+	212	69545813	5576
chr11	69540237	69740237	harbor2	chr11	69564264	69564703	LTR/ERVL-MaLR	1214	+	220	69564484	24247
chr11	69540237	69740237	harbor2	chr11	69579097	69579507	LTR/ERVL-MaLR	1084	+	205	69579302	39065
chr11	69540237	69740237	harbor2	chr11	69581054	69581449	LTR/ERVL-MaLR	1112	+	198	69581252	41015
chr11	69540237	69740237	harbor2	chr11	69591077	69591148	LTR/ERVL-MaLR	412	+	36	69591113	50876
chr11	69540237	69740237	harbor2	chr11	69591418	69591791	LTR/ERVL-MaLR	1530	+	186	69591604	51367
chr11	69540237	69740237	harbor2	chr11	69592087	69592373	LTR/ERVL-MaLR	1263	+	143	69592230	51993
chr11	69540237	69740237	harbor2	chr11	69593970	69594387	LTR/ERVL-MaLR	722	+	208	69594178	53941
chr11	69540237	69740237	harbor2	chr11	69595200	69595543	LTR/ERVL-MaLR	2007	+	172	69595372	55135
chr11	69540237	69740237	harbor2	chr11	69598488	69598761	LTR/ERVL-MaLR	900	+	136	69598624	58387
chr11	69540237	69740237	harbor2	chr11	69602192	69602573	LTR/ERVL-MaLR	1784	+	190	69602382	62145
chr11	5133958	5333958	harbor2	chr11	5189162	5189564	LTR/ERVL-MaLR	2124	+	201	5189363	55405
chr11	5133958	5333958	harbor2	chr11	5189565	5190876	LTR/ERVL-MaLR	10022	+	656	5190221	56263
chr11	5133958	5333958	harbor2	chr11	5191240	5191557	LTR/ERVL-MaLR	10022	+	158	5191398	57440
chr11	5133958	5333958	harbor2	chr11	5191559	5191966	LTR/ERVL-MaLR	2382	+	204	5191763	57805
chr11	5134924	5334924	harbor2	chr11	5189162	5189564	LTR/ERVL-MaLR	2124	+	201	5189363	54439
chr11	5134924	5334924	harbor2	chr11	5189565	5190876	LTR/ERVL-MaLR	10022	+	656	5190221	55297
chr11	5134924	5334924	harbor2	chr11	5191240	5191557	LTR/ERVL-MaLR	10022	+	158	5191398	56474
chr11	5134924	5334924	harbor2	chr11	5191559	5191966	LTR/ERVL-MaLR	2382	+	204	5191763	56839
chr11	124775046	124975046	harbor2	chr11	124804393	124804929	LTR/ERVL-MaLR	1071	+	268	124804661	29615
chr11	124775046	124975046	harbor2	chr11	124818902	124819215	LTR/ERVL-MaLR	1481	+	156	124819058	44012
chr11	124775046	124975046	harbor2	chr11	124829978	124830144	LTR/ERVL-MaLR	771	+	83	124830061	55015
chr11	124775046	124975046	harbor2	chr11	124830222	124830644	LTR/ERVL-MaLR	1845	+	211	124830433	55387
chr11	124775046	124975046	harbor2	chr11	124830925	124831075	LTR/ERVL-MaLR	1845	+	75	124831000	55954
chr11	124775046	124975046	harbor2	chr11	124860569	124860995	LTR/ERVL-MaLR	1680	+	213	124860782	85736
chr11	6512688	6712688	harbor2	chr11	6565209	6565380	LTR/ERVL-MaLR	476	+	86	6565295	52607
chr11	6206570	6406570	harbor2	chr11	6220022	6220497	LTR/ERVL-MaLR	927	+	238	6220260	13690
chr11	6206570	6406570	harbor2	chr11	6283373	6283625	LTR/ERVL-MaLR	518	+	126	6283499	76929
chr11	6206570	6406570	harbor2	chr11	6293441	6293796	LTR/ERVL-MaLR	1635	+	178	6293619	87049
chr11	6206570	6406570	harbor2	chr11	6305615	6305976	LTR/ERVL-MaLR	1886	+	180	6305795	99225
chr11	71032716	71232716	harbor2	chr11	71076638	71077188	LTR/ERVL-MaLR	576	+	275	71076913	44197
chr11	71032716	71232716	harbor2	chr11	71080954	71081323	LTR/ERVL-MaLR	1825	+	184	71081138	48422
chr11	71032716	71232716	harbor2	chr11	71093377	71093784	LTR/ERVL-MaLR	2266	+	204	71093581	60865
chr11	71032716	71232716	harbor2	chr11	71094070	71094239	LTR/ERVL-MaLR	889	+	84	71094154	61438
chr11	71032716	71232716	harbor2	chr11	71103622	71103855	LTR/ERVL-MaLR	1318	+	116	71103738	71022
chr11	71032716	71232716	harbor2	chr11	71103920	71104137	LTR/ERVL-MaLR	1252	+	108	71104028	71312
chr11	71032716	71232716	harbor2	chr11	71110809	71111163	LTR/ERVL-MaLR	1866	+	177	71110986	78270
chr11	71032716	71232716	harbor2	chr11	71116653	71117016	LTR/ERVL-MaLR	1979	+	182	71116835	84119
chr11	71032716	71232716	harbor2	chr11	71117320	71117353	LTR/ERVL-MaLR	1979	+	16	71117336	84620
chr11	71032716	71232716	harbor2	chr11	71121279	71121461	LTR/ERVL-MaLR	862	+	91	71121370	88654
chr11	71032716	71232716	harbor2	chr11	71122648	71122949	LTR/ERVL-MaLR	1197	+	150	71122798	90082
chr11	46138378	46338378	harbor2	chr11	46171723	46172107	LTR/ERVL-MaLR	2888	+	192	46171915	33537
chr11	46138378	46338378	harbor2	chr11	46175228	46175580	LTR/ERVL-MaLR	1380	+	176	46175404	37026
chr11	46138378	46338378	harbor2	chr11	46180897	46181298	LTR/ERVL-MaLR	968	+	200	46181097	42719
chr11	46138378	46338378	harbor2	chr11	46186923	46187312	LTR/ERVL-MaLR	2165	+	194	46187117	48739
chr11	46138378	46338378	harbor2	chr11	46216836	46216959	LTR/ERVL-MaLR	757	+	62	46216898	78520
chr11	46138378	46338378	harbor2	chr11	46217434	46217825	LTR/ERVL-MaLR	528	+	196	46217630	79252
chr11	46138378	46338378	harbor2	chr11	46232714	46232919	LTR/ERVL-MaLR	2267	+	102	46232816	94438
chr11	46138378	46338378	harbor2	chr11	46233214	46233530	LTR/ERVL-MaLR	2267	+	158	46233372	94994
chr11	57399767	57599767	harbor2	chr11	57410705	57411062	LTR/ERVL-MaLR	2835	+	178	57410883	11116
chr11	57399767	57599767	harbor2	chr11	57417136	57417642	LTR/ERVL-MaLR	1555	+	253	57417389	17622
chr11	57399767	57599767	harbor2	chr11	57446230	57446646	LTR/ERVL-MaLR	744	+	208	57446438	46671
chr11	57399767	57599767	harbor2	chr11	57446953	57446999	LTR/ERVL-MaLR	744	+	23	57446976	47209
chr11	57399767	57599767	harbor2	chr11	57490336	57490804	LTR/ERVL-MaLR	1620	+	234	57490570	90803
chr11	57384547	57584547	harbor2	chr11	57393637	57394061	LTR/ERVL-MaLR	799	+	212	57393849	9302
chr11	57384547	57584547	harbor2	chr11	57395147	57395713	LTR/ERVL-MaLR	2271	+	283	57395430	10883
chr11	57384547	57584547	harbor2	chr11	57410705	57411062	LTR/ERVL-MaLR	2835	+	178	57410883	26336
chr11	57384547	57584547	harbor2	chr11	57417136	57417642	LTR/ERVL-MaLR	1555	+	253	57417389	32842
chr11	57384547	57584547	harbor2	chr11	57446230	57446646	LTR/ERVL-MaLR	744	+	208	57446438	61891
chr11	57384547	57584547	harbor2	chr11	57446953	57446999	LTR/ERVL-MaLR	744	+	23	57446976	62429
chr11	6519523	6719523	harbor2	chr11	6565209	6565380	LTR/ERVL-MaLR	476	+	86	6565295	45772
chr11	5134209	5334209	harbor2	chr11	5189162	5189564	LTR/ERVL-MaLR	2124	+	201	5189363	55154
chr11	5134209	5334209	harbor2	chr11	5189565	5190876	LTR/ERVL-MaLR	10022	+	656	5190221	56012
chr11	5134209	5334209	harbor2	chr11	5191240	5191557	LTR/ERVL-MaLR	10022	+	158	5191398	57189
chr11	5134209	5334209	harbor2	chr11	5191559	5191966	LTR/ERVL-MaLR	2382	+	204	5191763	57554
chr11	108022644	108222644	harbor2	chr11	108114901	108115232	LTR/ERVL-MaLR	1129	+	166	108115067	92423
chr11	108022644	108222644	harbor2	chr11	108116572	108116980	LTR/ERVL-MaLR	1933	+	204	108116776	94132
chr11	108022644	108222644	harbor2	chr11	108116981	108117136	LTR/ERVL-MaLR	678	+	78	108117059	94415
chr11	68349400	68549400	harbor2	chr11	68380898	68381338	LTR/ERVL-MaLR	996	+	220	68381118	31718
chr11	879475	1079475	harbor2	chr11	879374	879690	LTR/ERVL-MaLR	973	+	158	879532	57
chr11	879475	1079475	harbor2	chr11	886468	886699	LTR/ERVL-MaLR	855	+	116	886584	7109
chr11	879475	1079475	harbor2	chr11	918201	918379	LTR/ERVL-MaLR	1424	+	89	918290	38815
chr11	879475	1079475	harbor2	chr11	918684	918794	LTR/ERVL-MaLR	1424	+	55	918739	39264
chr11	879475	1079475	harbor2	chr11	919097	919201	LTR/ERVL-MaLR	1424	+	52	919149	39674
chr11	879475	1079475	harbor2	chr11	958001	958379	LTR/ERVL-MaLR	1181	+	189	958190	78715
chr11	64538595	64738595	harbor2	chr11	64585088	64585330	LTR/ERVL-MaLR	483	+	121	64585209	46614
chr11	64538595	64738595	harbor2	chr11	64613559	64613760	LTR/ERVL-MaLR	449	+	100	64613659	75064
chr11	64538595	64738595	harbor2	chr11	64613830	64614368	LTR/ERVL-MaLR	1438	+	269	64614099	75504
chr11	64538595	64738595	harbor2	chr11	64614384	64614992	LTR/ERVL-MaLR	1556	+	304	64614688	76093
chr11	64538595	64738595	harbor2	chr11	64615000	64615402	LTR/ERVL-MaLR	823	+	201	64615201	76606
chr11	76580961	76780961	harbor2	chr11	76596508	76596942	LTR/ERVL-MaLR	1760	+	217	76596725	15764
chr11	76580961	76780961	harbor2	chr11	76601030	76601131	LTR/ERVL-MaLR	1424	+	50	76601080	20119
chr11	76580961	76780961	harbor2	chr11	76601436	76601695	LTR/ERVL-MaLR	1424	+	130	76601566	20605
chr11	76580961	76780961	harbor2	chr11	76641037	76641400	LTR/ERVL-MaLR	1804	+	182	76641219	60258
chr11	76580961	76780961	harbor2	chr11	76641690	76641752	LTR/ERVL-MaLR	1804	+	31	76641721	60760
chr11	76580925	76780925	harbor2	chr11	76596508	76596942	LTR/ERVL-MaLR	1760	+	217	76596725	15800
chr11	76580925	76780925	harbor2	chr11	76601030	76601131	LTR/ERVL-MaLR	1424	+	50	76601080	20155
chr11	76580925	76780925	harbor2	chr11	76601436	76601695	LTR/ERVL-MaLR	1424	+	130	76601566	20641
chr11	76580925	76780925	harbor2	chr11	76641037	76641400	LTR/ERVL-MaLR	1804	+	182	76641219	60294
chr11	76580925	76780925	harbor2	chr11	76641690	76641752	LTR/ERVL-MaLR	1804	+	31	76641721	60796
chr11	108122770	108322770	harbor2	chr11	108181066	108181172	LTR/ERVL-MaLR	497	+	53	108181119	58349
chr11	108122770	108322770	harbor2	chr11	108210246	108210639	LTR/ERVL-MaLR	2216	+	196	108210442	87672
chr11	76580957	76780957	harbor2	chr11	76596508	76596942	LTR/ERVL-MaLR	1760	+	217	76596725	15768
chr11	76580957	76780957	harbor2	chr11	76601030	76601131	LTR/ERVL-MaLR	1424	+	50	76601080	20123
chr11	76580957	76780957	harbor2	chr11	76601436	76601695	LTR/ERVL-MaLR	1424	+	130	76601566	20609
chr11	76580957	76780957	harbor2	chr11	76641037	76641400	LTR/ERVL-MaLR	1804	+	182	76641219	60262
chr11	76580957	76780957	harbor2	chr11	76641690	76641752	LTR/ERVL-MaLR	1804	+	31	76641721	60764
chr11	5128067	5328067	harbor2	chr11	5189162	5189564	LTR/ERVL-MaLR	2124	+	201	5189363	61296
chr11	5128067	5328067	harbor2	chr11	5189565	5190876	LTR/ERVL-MaLR	10022	+	656	5190221	62154
chr11	5128067	5328067	harbor2	chr11	5191240	5191557	LTR/ERVL-MaLR	10022	+	158	5191398	63331
chr11	5128067	5328067	harbor2	chr11	5191559	5191966	LTR/ERVL-MaLR	2382	+	204	5191763	63696
chr11	113925194	114125194	harbor2	chr11	113966739	113966866	LTR/ERVL-MaLR	691	+	64	113966803	41609
chr11	113925194	114125194	harbor2	chr11	113967556	113967732	LTR/ERVL-MaLR	2313	+	88	113967644	42450
chr11	113925194	114125194	harbor2	chr11	113968034	113968284	LTR/ERVL-MaLR	2313	+	125	113968159	42965
chr11	113925194	114125194	harbor2	chr11	114002886	114003047	LTR/ERVL-MaLR	1172	+	80	114002966	77772
chr11	113925194	114125194	harbor2	chr11	114003541	114003840	LTR/ERVL-MaLR	1172	+	150	114003691	78497
chr11	113925194	114125194	harbor2	chr11	114003841	114004279	LTR/ERVL-MaLR	1527	+	219	114004060	78866
chr11	113925194	114125194	harbor2	chr11	114004280	114004372	LTR/ERVL-MaLR	1172	+	46	114004326	79132
chr11	5280970	5480970	harbor2	chr11	5331905	5332297	LTR/ERVL-MaLR	1589	+	196	5332101	51131
chr11	5280970	5480970	harbor2	chr11	5332615	5332849	LTR/ERVL-MaLR	1589	+	117	5332732	51762
chr11	5280970	5480970	harbor2	chr11	5379829	5380044	LTR/ERVL-MaLR	569	+	108	5379937	98967
chr11	75668641	75868641	harbor2	chr11	75671498	75671930	LTR/ERVL-MaLR	974	+	216	75671714	3073
chr11	75668641	75868641	harbor2	chr11	75671935	75672059	LTR/ERVL-MaLR	409	+	62	75671997	3356
chr11	75668641	75868641	harbor2	chr11	75675743	75675822	LTR/ERVL-MaLR	415	+	40	75675783	7142
chr11	75668641	75868641	harbor2	chr11	75681061	75681437	LTR/ERVL-MaLR	1665	+	188	75681249	12608
chr11	6202662	6402662	harbor2	chr11	6220022	6220497	LTR/ERVL-MaLR	927	+	238	6220260	17598
chr11	6202662	6402662	harbor2	chr11	6283373	6283625	LTR/ERVL-MaLR	518	+	126	6283499	80837
chr11	6202662	6402662	harbor2	chr11	6293441	6293796	LTR/ERVL-MaLR	1635	+	178	6293619	90957
chr11	108022180	108222180	harbor2	chr11	108114901	108115232	LTR/ERVL-MaLR	1129	+	166	108115067	92887
chr11	108022180	108222180	harbor2	chr11	108116572	108116980	LTR/ERVL-MaLR	1933	+	204	108116776	94596
chr11	108022180	108222180	harbor2	chr11	108116981	108117136	LTR/ERVL-MaLR	678	+	78	108117059	94879
chr11	120017923	120217923	harbor2	chr11	120037023	120037514	LTR/ERVL-MaLR	1271	+	246	120037269	19346
chr11	120017923	120217923	harbor2	chr11	120037517	120037643	LTR/ERVL-MaLR	648	+	63	120037580	19657
chr11	120017923	120217923	harbor2	chr11	120037644	120038048	LTR/ERVL-MaLR	2195	+	202	120037846	19923
chr11	120017923	120217923	harbor2	chr11	120038117	120038291	LTR/ERVL-MaLR	869	+	87	120038204	20281
chr11	120017923	120217923	harbor2	chr11	120040705	120041098	LTR/ERVL-MaLR	2089	+	196	120040901	22978
chr11	120017923	120217923	harbor2	chr11	120064215	120064368	LTR/ERVL-MaLR	823	+	76	120064291	46368
chr11	120017923	120217923	harbor2	chr11	120069038	120069509	LTR/ERVL-MaLR	1235	+	236	120069274	51351
chr11	5128829	5328829	harbor2	chr11	5189162	5189564	LTR/ERVL-MaLR	2124	+	201	5189363	60534
chr11	5128829	5328829	harbor2	chr11	5189565	5190876	LTR/ERVL-MaLR	10022	+	656	5190221	61392
chr11	5128829	5328829	harbor2	chr11	5191240	5191557	LTR/ERVL-MaLR	10022	+	158	5191398	62569
chr11	5128829	5328829	harbor2	chr11	5191559	5191966	LTR/ERVL-MaLR	2382	+	204	5191763	62934
chr11	111440799	111640799	harbor2	chr11	111532281	111532722	LTR/ERVL-MaLR	1992	+	220	111532501	91702
chr11	5135349	5335349	harbor2	chr11	5189162	5189564	LTR/ERVL-MaLR	2124	+	201	5189363	54014
chr11	5135349	5335349	harbor2	chr11	5189565	5190876	LTR/ERVL-MaLR	10022	+	656	5190221	54872
chr11	5135349	5335349	harbor2	chr11	5191240	5191557	LTR/ERVL-MaLR	10022	+	158	5191398	56049
chr11	5135349	5335349	harbor2	chr11	5191559	5191966	LTR/ERVL-MaLR	2382	+	204	5191763	56414
chr11	93068304	93268304	harbor2	chr11	93075208	93075552	LTR/ERVL-MaLR	1732	+	172	93075380	7076
chr11	93068304	93268304	harbor2	chr11	93085691	93085907	LTR/ERVL-MaLR	499	+	108	93085799	17495
chr11	93068304	93268304	harbor2	chr11	93086224	93086444	LTR/ERVL-MaLR	499	+	110	93086334	18030
chr11	93068304	93268304	harbor2	chr11	93091225	93091584	LTR/ERVL-MaLR	1431	+	180	93091405	23101
chr11	93068304	93268304	harbor2	chr11	93098060	93098423	LTR/ERVL-MaLR	1606	+	182	93098242	29938
chr11	93068304	93268304	harbor2	chr11	93130934	93131310	LTR/ERVL-MaLR	868	+	188	93131122	62818
chr11	6215101	6415101	harbor2	chr11	6220022	6220497	LTR/ERVL-MaLR	927	+	238	6220260	5159
chr11	6215101	6415101	harbor2	chr11	6283373	6283625	LTR/ERVL-MaLR	518	+	126	6283499	68398
chr11	6215101	6415101	harbor2	chr11	6293441	6293796	LTR/ERVL-MaLR	1635	+	178	6293619	78518
chr11	6215101	6415101	harbor2	chr11	6305615	6305976	LTR/ERVL-MaLR	1886	+	180	6305795	90694
chr11	5140732	5340732	harbor2	chr11	5189162	5189564	LTR/ERVL-MaLR	2124	+	201	5189363	48631
chr11	5140732	5340732	harbor2	chr11	5189565	5190876	LTR/ERVL-MaLR	10022	+	656	5190221	49489
chr11	5140732	5340732	harbor2	chr11	5191240	5191557	LTR/ERVL-MaLR	10022	+	158	5191398	50666
chr11	5140732	5340732	harbor2	chr11	5191559	5191966	LTR/ERVL-MaLR	2382	+	204	5191763	51031
chr11	5127158	5327158	harbor2	chr11	5189162	5189564	LTR/ERVL-MaLR	2124	+	201	5189363	62205
chr11	5127158	5327158	harbor2	chr11	5189565	5190876	LTR/ERVL-MaLR	10022	+	656	5190221	63063
chr11	5127158	5327158	harbor2	chr11	5191240	5191557	LTR/ERVL-MaLR	10022	+	158	5191398	64240
chr11	5127158	5327158	harbor2	chr11	5191559	5191966	LTR/ERVL-MaLR	2382	+	204	5191763	64605
chr11	71257652	71457652	harbor2	chr11	71260904	71261277	LTR/ERVL-MaLR	1996	+	186	71261090	3438
chr11	71257652	71457652	harbor2	chr11	71298784	71299263	LTR/ERVL-MaLR	1496	+	240	71299024	41372
chr11	71257652	71457652	harbor2	chr11	71299646	71300001	LTR/ERVL-MaLR	1062	+	178	71299824	42172
chr11	71257652	71457652	harbor2	chr11	71300291	71300387	LTR/ERVL-MaLR	1062	+	48	71300339	42687
chr11	71257652	71457652	harbor2	chr11	71304944	71305400	LTR/ERVL-MaLR	1480	+	228	71305172	47520
chr11	71257652	71457652	harbor2	chr11	71310750	71311117	LTR/ERVL-MaLR	1823	+	184	71310934	53282
chr11	71257652	71457652	harbor2	chr11	71313711	71314096	LTR/ERVL-MaLR	1418	+	192	71313903	56251
chr11	71257652	71457652	harbor2	chr11	71321190	71321598	LTR/ERVL-MaLR	2505	+	204	71321394	63742
chr11	71257652	71457652	harbor2	chr11	71325299	71325715	LTR/ERVL-MaLR	728	+	208	71325507	67855
chr11	71257652	71457652	harbor2	chr11	71325837	71326091	LTR/ERVL-MaLR	1114	+	127	71325964	68312
chr11	71257652	71457652	harbor2	chr11	71337451	71337588	LTR/ERVL-MaLR	2205	+	68	71337519	79867
chr11	71257652	71457652	harbor2	chr11	71338496	71338765	LTR/ERVL-MaLR	2205	+	134	71338630	80978
chr11	71257652	71457652	harbor2	chr11	71342406	71342491	LTR/ERVL-MaLR	1395	+	42	71342448	84796
chr11	71257652	71457652	harbor2	chr11	71342938	71343168	LTR/ERVL-MaLR	1395	+	115	71343053	85401
chr11	71257652	71457652	harbor2	chr11	71345831	71346238	LTR/ERVL-MaLR	582	+	204	71346035	88383
chr11	71257652	71457652	harbor2	chr11	71354199	71354600	LTR/ERVL-MaLR	739	+	200	71354399	96747
chr11	71257652	71457652	harbor2	chr11	71354603	71354794	LTR/ERVL-MaLR	491	+	96	71354699	97047
chr11	84730966	84930966	harbor2	chr11	84745177	84745588	LTR/ERVL-MaLR	2543	+	206	84745383	14417
chr11	84730966	84930966	harbor2	chr11	84769965	84770312	LTR/ERVL-MaLR	1690	+	174	84770139	39173
chr11	84730966	84930966	harbor2	chr11	84771510	84771626	LTR/ERVL-MaLR	490	+	58	84771568	40602
chr11	84730966	84930966	harbor2	chr11	84805415	84805864	LTR/ERVL-MaLR	2204	+	224	84805639	74673
chr11	84730966	84930966	harbor2	chr11	84829134	84829392	LTR/ERVL-MaLR	623	+	129	84829263	98297
chr11	86038927	86238927	harbor2	chr11	86052047	86052394	LTR/ERVL-MaLR	2096	+	174	86052221	13294
chr11	86038927	86238927	harbor2	chr11	86074331	86074624	LTR/ERVL-MaLR	1118	+	146	86074477	35550
chr11	86038927	86238927	harbor2	chr11	86078099	86078500	LTR/ERVL-MaLR	873	+	200	86078299	39372
chr11	86038927	86238927	harbor2	chr11	86091344	86091430	LTR/ERVL-MaLR	419	+	43	86091387	52460
chr11	86038927	86238927	harbor2	chr11	86091478	86091946	LTR/ERVL-MaLR	2400	+	234	86091712	52785
chr11	86038927	86238927	harbor2	chr11	86098248	86098706	LTR/ERVL-MaLR	1090	+	229	86098477	59550
chr11	86038927	86238927	harbor2	chr11	86129217	86129580	LTR/ERVL-MaLR	2613	+	182	86129399	90472
chr11	86038927	86238927	harbor2	chr11	86081466	86081818	LTR/ERVL-MaLR	1699	+	176	86081642	42715
chr11	71765031	71965031	harbor2	chr11	71827794	71828085	LTR/ERVL-MaLR	1820	+	146	71827940	62909
chr11	71765031	71965031	harbor2	chr11	71830240	71830486	LTR/ERVL-MaLR	530	+	123	71830363	65332
chr11	71765031	71965031	harbor2	chr11	71852121	71852360	LTR/ERVL-MaLR	782	+	120	71852241	87210
chr11	71765031	71965031	harbor2	chr11	71827118	71827459	LTR/ERVL-MaLR	1658	+	170	71827288	62257
chr11	70734899	70934899	harbor2	chr11	70736290	70736710	LTR/ERVL-MaLR	1033	+	210	70736500	1601
chr11	70734899	70934899	harbor2	chr11	70739654	70739879	LTR/ERVL-MaLR	1050	+	112	70739766	4867
chr11	70734899	70934899	harbor2	chr11	70743234	70743541	LTR/ERVL-MaLR	714	+	154	70743388	8489
chr11	70734899	70934899	harbor2	chr11	70761111	70761452	LTR/ERVL-MaLR	1214	+	170	70761281	26382
chr11	70734899	70934899	harbor2	chr11	70765184	70765625	LTR/ERVL-MaLR	956	+	220	70765404	30505
chr11	70734899	70934899	harbor2	chr11	70766111	70766387	LTR/ERVL-MaLR	920	+	138	70766249	31350
chr11	70734899	70934899	harbor2	chr11	70778413	70778789	LTR/ERVL-MaLR	1591	+	188	70778601	43702
chr11	70734899	70934899	harbor2	chr11	70779853	70780204	LTR/ERVL-MaLR	762	+	176	70780029	45130
chr11	70734899	70934899	harbor2	chr11	70782905	70783239	LTR/ERVL-MaLR	860	+	167	70783072	48173
chr11	70734899	70934899	harbor2	chr11	70790888	70791138	LTR/ERVL-MaLR	447	+	125	70791013	56114
chr11	70734899	70934899	harbor2	chr11	70795706	70795926	LTR/ERVL-MaLR	878	+	110	70795816	60917
chr11	70734899	70934899	harbor2	chr11	70821097	70821415	LTR/ERVL-MaLR	1542	+	159	70821256	86357
chr11	70734899	70934899	harbor2	chr11	70821723	70821782	LTR/ERVL-MaLR	1542	+	30	70821753	86854
chr11	70734899	70934899	harbor2	chr11	70795203	70795393	LTR/ERVL-MaLR	878	+	95	70795298	60399
chr11	5134455	5334455	harbor2	chr11	5189162	5189564	LTR/ERVL-MaLR	2124	+	201	5189363	54908
chr11	5134455	5334455	harbor2	chr11	5189565	5190876	LTR/ERVL-MaLR	10022	+	656	5190221	55766
chr11	5134455	5334455	harbor2	chr11	5191240	5191557	LTR/ERVL-MaLR	10022	+	158	5191398	56943
chr11	5134455	5334455	harbor2	chr11	5191559	5191966	LTR/ERVL-MaLR	2382	+	204	5191763	57308
chr11	75668758	75868758	harbor2	chr11	75671498	75671930	LTR/ERVL-MaLR	974	+	216	75671714	2956
chr11	75668758	75868758	harbor2	chr11	75671935	75672059	LTR/ERVL-MaLR	409	+	62	75671997	3239
chr11	75668758	75868758	harbor2	chr11	75675743	75675822	LTR/ERVL-MaLR	415	+	40	75675783	7025
chr11	75668758	75868758	harbor2	chr11	75681061	75681437	LTR/ERVL-MaLR	1665	+	188	75681249	12491
chr11	5127199	5327199	harbor2	chr11	5189162	5189564	LTR/ERVL-MaLR	2124	+	201	5189363	62164
chr11	5127199	5327199	harbor2	chr11	5189565	5190876	LTR/ERVL-MaLR	10022	+	656	5190221	63022
chr11	5127199	5327199	harbor2	chr11	5191240	5191557	LTR/ERVL-MaLR	10022	+	158	5191398	64199
chr11	5127199	5327199	harbor2	chr11	5191559	5191966	LTR/ERVL-MaLR	2382	+	204	5191763	64564
chr11	73052995	73252995	harbor2	chr11	73102537	73102881	LTR/ERVL-MaLR	1622	+	172	73102709	49714
chr11	5127156	5327156	harbor2	chr11	5189162	5189564	LTR/ERVL-MaLR	2124	+	201	5189363	62207
chr11	5127156	5327156	harbor2	chr11	5189565	5190876	LTR/ERVL-MaLR	10022	+	656	5190221	63065
chr11	5127156	5327156	harbor2	chr11	5191240	5191557	LTR/ERVL-MaLR	10022	+	158	5191398	64242
chr11	5127156	5327156	harbor2	chr11	5191559	5191966	LTR/ERVL-MaLR	2382	+	204	5191763	64607
chr11	69541435	69741435	harbor2	chr11	69543422	69543834	LTR/ERVL-MaLR	1729	+	206	69543628	2193
chr11	69541435	69741435	harbor2	chr11	69545601	69546024	LTR/ERVL-MaLR	1293	+	212	69545813	4378
chr11	69541435	69741435	harbor2	chr11	69564264	69564703	LTR/ERVL-MaLR	1214	+	220	69564484	23049
chr11	69541435	69741435	harbor2	chr11	69579097	69579507	LTR/ERVL-MaLR	1084	+	205	69579302	37867
chr11	69541435	69741435	harbor2	chr11	69581054	69581449	LTR/ERVL-MaLR	1112	+	198	69581252	39817
chr11	69541435	69741435	harbor2	chr11	69591077	69591148	LTR/ERVL-MaLR	412	+	36	69591113	49678
chr11	69541435	69741435	harbor2	chr11	69591418	69591791	LTR/ERVL-MaLR	1530	+	186	69591604	50169
chr11	69541435	69741435	harbor2	chr11	69592087	69592373	LTR/ERVL-MaLR	1263	+	143	69592230	50795
chr11	69541435	69741435	harbor2	chr11	69593970	69594387	LTR/ERVL-MaLR	722	+	208	69594178	52743
chr11	69541435	69741435	harbor2	chr11	69595200	69595543	LTR/ERVL-MaLR	2007	+	172	69595372	53937
chr11	69541435	69741435	harbor2	chr11	69598488	69598761	LTR/ERVL-MaLR	900	+	136	69598624	57189
chr11	69541435	69741435	harbor2	chr11	69602192	69602573	LTR/ERVL-MaLR	1784	+	190	69602382	60947
chr11	66809010	67009010	harbor2	chr11	66824100	66824235	LTR/ERVL-MaLR	846	+	68	66824168	15158
chr11	66809010	67009010	harbor2	chr11	66825164	66825192	LTR/ERVL-MaLR	1229	+	14	66825178	16168
chr11	66809010	67009010	harbor2	chr11	66825507	66825721	LTR/ERVL-MaLR	1229	+	107	66825614	16604
chr11	66809010	67009010	harbor2	chr11	66884644	66884781	LTR/ERVL-MaLR	610	+	68	66884712	75702
chr11	66809010	67009010	harbor2	chr11	66885120	66885206	LTR/ERVL-MaLR	1728	+	43	66885163	76153
chr11	66809010	67009010	harbor2	chr11	66885508	66885883	LTR/ERVL-MaLR	1728	+	188	66885696	76686
chr11	66809010	67009010	harbor2	chr11	66890036	66890372	LTR/ERVL-MaLR	1549	+	168	66890204	81194
chr11	76603574	76803574	harbor2	chr11	76641037	76641400	LTR/ERVL-MaLR	1804	+	182	76641219	37645
chr11	76603574	76803574	harbor2	chr11	76641690	76641752	LTR/ERVL-MaLR	1804	+	31	76641721	38147
chr11	76603574	76803574	harbor2	chr11	76683237	76683418	LTR/ERVL-MaLR	2071	+	90	76683327	79753
chr11	76603574	76803574	harbor2	chr11	76683447	76683610	LTR/ERVL-MaLR	2071	+	82	76683529	79955
chr11	76603574	76803574	harbor2	chr11	76702746	76703245	LTR/ERVL-MaLR	1924	+	250	76702996	99422
chr11	5127093	5327093	harbor2	chr11	5189162	5189564	LTR/ERVL-MaLR	2124	+	201	5189363	62270
chr11	5127093	5327093	harbor2	chr11	5189565	5190876	LTR/ERVL-MaLR	10022	+	656	5190221	63128
chr11	5127093	5327093	harbor2	chr11	5191240	5191557	LTR/ERVL-MaLR	10022	+	158	5191398	64305
chr11	5127093	5327093	harbor2	chr11	5191559	5191966	LTR/ERVL-MaLR	2382	+	204	5191763	64670
chr11	33157293	33357293	harbor2	chr11	33178522	33178888	LTR/ERVL-MaLR	2824	+	183	33178705	21412
chr11	5134058	5334058	harbor2	chr11	5189162	5189564	LTR/ERVL-MaLR	2124	+	201	5189363	55305
chr11	5134058	5334058	harbor2	chr11	5189565	5190876	LTR/ERVL-MaLR	10022	+	656	5190221	56163
chr11	5134058	5334058	harbor2	chr11	5191240	5191557	LTR/ERVL-MaLR	10022	+	158	5191398	57340
chr11	5134058	5334058	harbor2	chr11	5191559	5191966	LTR/ERVL-MaLR	2382	+	204	5191763	57705
chr11	69540515	69740515	harbor2	chr11	69543422	69543834	LTR/ERVL-MaLR	1729	+	206	69543628	3113
chr11	69540515	69740515	harbor2	chr11	69545601	69546024	LTR/ERVL-MaLR	1293	+	212	69545813	5298
chr11	69540515	69740515	harbor2	chr11	69564264	69564703	LTR/ERVL-MaLR	1214	+	220	69564484	23969
chr11	69540515	69740515	harbor2	chr11	69579097	69579507	LTR/ERVL-MaLR	1084	+	205	69579302	38787
chr11	69540515	69740515	harbor2	chr11	69581054	69581449	LTR/ERVL-MaLR	1112	+	198	69581252	40737
chr11	69540515	69740515	harbor2	chr11	69591077	69591148	LTR/ERVL-MaLR	412	+	36	69591113	50598
chr11	69540515	69740515	harbor2	chr11	69591418	69591791	LTR/ERVL-MaLR	1530	+	186	69591604	51089
chr11	69540515	69740515	harbor2	chr11	69592087	69592373	LTR/ERVL-MaLR	1263	+	143	69592230	51715
chr11	69540515	69740515	harbor2	chr11	69593970	69594387	LTR/ERVL-MaLR	722	+	208	69594178	53663
chr11	69540515	69740515	harbor2	chr11	69595200	69595543	LTR/ERVL-MaLR	2007	+	172	69595372	54857
chr11	69540515	69740515	harbor2	chr11	69598488	69598761	LTR/ERVL-MaLR	900	+	136	69598624	58109
chr11	69540515	69740515	harbor2	chr11	69602192	69602573	LTR/ERVL-MaLR	1784	+	190	69602382	61867
chr11	5127178	5327178	harbor2	chr11	5189162	5189564	LTR/ERVL-MaLR	2124	+	201	5189363	62185
chr11	5127178	5327178	harbor2	chr11	5189565	5190876	LTR/ERVL-MaLR	10022	+	656	5190221	63043
chr11	5127178	5327178	harbor2	chr11	5191240	5191557	LTR/ERVL-MaLR	10022	+	158	5191398	64220
chr11	5127178	5327178	harbor2	chr11	5191559	5191966	LTR/ERVL-MaLR	2382	+	204	5191763	64585
chr11	68332467	68532467	harbor2	chr11	68380898	68381338	LTR/ERVL-MaLR	996	+	220	68381118	48651
chr11	688408	888408	harbor2	chr11	732570	732715	LTR/ERVL-MaLR	1005	+	72	732642	44234
chr11	688408	888408	harbor2	chr11	732980	733262	LTR/ERVL-MaLR	1005	+	141	733121	44713
chr11	688408	888408	harbor2	chr11	767613	767848	LTR/ERVL-MaLR	482	+	118	767731	79323
chr11	688408	888408	harbor2	chr11	768151	768193	LTR/ERVL-MaLR	482	+	21	768172	79764
chr11	1449439	1649439	harbor2	chr11	1477441	1477801	LTR/ERVL-MaLR	583	+	180	1477621	28182
chr11	1449439	1649439	harbor2	chr11	1497293	1497454	LTR/ERVL-MaLR	496	+	80	1497373	47934
chr11	1449439	1649439	harbor2	chr11	1512672	1512790	LTR/ERVL-MaLR	465	+	59	1512731	63292
chr11	1449439	1649439	harbor2	chr11	1512969	1513245	LTR/ERVL-MaLR	619	+	138	1513107	63668
chr11	1449439	1649439	harbor2	chr11	1538165	1538523	LTR/ERVL-MaLR	504	+	179	1538344	88905
chr11	1449439	1649439	harbor2	chr11	1540607	1540693	LTR/ERVL-MaLR	765	+	43	1540650	91211
chr11	1449439	1649439	harbor2	chr11	1540986	1541205	LTR/ERVL-MaLR	765	+	110	1541096	91657
chr11	1449439	1649439	harbor2	chr11	1545362	1545501	LTR/ERVL-MaLR	744	+	70	1545432	95993
chr11	47367046	47567046	harbor2	chr11	47436879	47436965	LTR/ERVL-MaLR	1546	+	43	47436922	69876
chr11	47367046	47567046	harbor2	chr11	47437269	47437473	LTR/ERVL-MaLR	1546	+	102	47437371	70325
chr11	47367046	47567046	harbor2	chr11	47450209	47450361	LTR/ERVL-MaLR	717	+	76	47450285	83239
chr11	47367046	47567046	harbor2	chr11	47451282	47451460	LTR/ERVL-MaLR	1157	+	89	47451371	84325
chr11	3127659	3327659	harbor2	chr11	3150949	3151340	LTR/ERVL-MaLR	904	+	196	3151145	23486
chr11	3127659	3327659	harbor2	chr11	3154699	3154801	LTR/ERVL-MaLR	1501	+	51	3154750	27091
chr11	3127659	3327659	harbor2	chr11	3154927	3155168	LTR/ERVL-MaLR	1501	+	120	3155047	27388
chr11	3127659	3327659	harbor2	chr11	3191913	3192313	LTR/ERVL-MaLR	2477	+	200	3192113	64454
chr11	3127659	3327659	harbor2	chr11	3195937	3196090	LTR/ERVL-MaLR	496	+	76	3196013	68354
chr11	3127659	3327659	harbor2	chr11	3222755	3223177	LTR/ERVL-MaLR	714	+	211	3222966	95307
chr11	47086400	47286400	harbor2	chr11	47091617	47092030	LTR/ERVL-MaLR	1510	+	206	47091823	5423
chr11	5134999	5334999	harbor2	chr11	5189162	5189564	LTR/ERVL-MaLR	2124	+	201	5189363	54364
chr11	5134999	5334999	harbor2	chr11	5189565	5190876	LTR/ERVL-MaLR	10022	+	656	5190221	55222
chr11	5134999	5334999	harbor2	chr11	5191240	5191557	LTR/ERVL-MaLR	10022	+	158	5191398	56399
chr11	5134999	5334999	harbor2	chr11	5191559	5191966	LTR/ERVL-MaLR	2382	+	204	5191763	56764
chr11	69543489	69743489	harbor2	chr11	69543422	69543834	LTR/ERVL-MaLR	1729	+	206	69543628	139
chr11	69543489	69743489	harbor2	chr11	69545601	69546024	LTR/ERVL-MaLR	1293	+	212	69545813	2324
chr11	69543489	69743489	harbor2	chr11	69564264	69564703	LTR/ERVL-MaLR	1214	+	220	69564484	20995
chr11	69543489	69743489	harbor2	chr11	69579097	69579507	LTR/ERVL-MaLR	1084	+	205	69579302	35813
chr11	69543489	69743489	harbor2	chr11	69581054	69581449	LTR/ERVL-MaLR	1112	+	198	69581252	37763
chr11	69543489	69743489	harbor2	chr11	69591077	69591148	LTR/ERVL-MaLR	412	+	36	69591113	47624
chr11	69543489	69743489	harbor2	chr11	69591418	69591791	LTR/ERVL-MaLR	1530	+	186	69591604	48115
chr11	69543489	69743489	harbor2	chr11	69592087	69592373	LTR/ERVL-MaLR	1263	+	143	69592230	48741
chr11	69543489	69743489	harbor2	chr11	69593970	69594387	LTR/ERVL-MaLR	722	+	208	69594178	50689
chr11	69543489	69743489	harbor2	chr11	69595200	69595543	LTR/ERVL-MaLR	2007	+	172	69595372	51883
chr11	69543489	69743489	harbor2	chr11	69598488	69598761	LTR/ERVL-MaLR	900	+	136	69598624	55135
chr11	69543489	69743489	harbor2	chr11	69602192	69602573	LTR/ERVL-MaLR	1784	+	190	69602382	58893
chr11	5127964	5327964	harbor2	chr11	5189162	5189564	LTR/ERVL-MaLR	2124	+	201	5189363	61399
chr11	5127964	5327964	harbor2	chr11	5189565	5190876	LTR/ERVL-MaLR	10022	+	656	5190221	62257
chr11	5127964	5327964	harbor2	chr11	5191240	5191557	LTR/ERVL-MaLR	10022	+	158	5191398	63434
chr11	5127964	5327964	harbor2	chr11	5191559	5191966	LTR/ERVL-MaLR	2382	+	204	5191763	63799
chr11	65972907	66172907	harbor2	chr11	66037265	66037632	LTR/ERVL-MaLR	2382	+	184	66037449	64542
chr11	65972907	66172907	harbor2	chr11	66037928	66037999	LTR/ERVL-MaLR	2382	+	36	66037964	65057
chr11	65972907	66172907	harbor2	chr11	66039894	66040284	LTR/ERVL-MaLR	1992	+	195	66040089	67182
chr11	65972907	66172907	harbor2	chr11	66043812	66044365	LTR/ERVL-MaLR	1778	+	276	66044088	71181
chr11	69575463	69775463	harbor2	chr11	69579097	69579507	LTR/ERVL-MaLR	1084	+	205	69579302	3839
chr11	69575463	69775463	harbor2	chr11	69581054	69581449	LTR/ERVL-MaLR	1112	+	198	69581252	5789
chr11	69575463	69775463	harbor2	chr11	69591077	69591148	LTR/ERVL-MaLR	412	+	36	69591113	15650
chr11	69575463	69775463	harbor2	chr11	69591418	69591791	LTR/ERVL-MaLR	1530	+	186	69591604	16141
chr11	69575463	69775463	harbor2	chr11	69592087	69592373	LTR/ERVL-MaLR	1263	+	143	69592230	16767
chr11	69575463	69775463	harbor2	chr11	69593970	69594387	LTR/ERVL-MaLR	722	+	208	69594178	18715
chr11	69575463	69775463	harbor2	chr11	69595200	69595543	LTR/ERVL-MaLR	2007	+	172	69595372	19909
chr11	69575463	69775463	harbor2	chr11	69598488	69598761	LTR/ERVL-MaLR	900	+	136	69598624	23161
chr11	69575463	69775463	harbor2	chr11	69602192	69602573	LTR/ERVL-MaLR	1784	+	190	69602382	26919
chr11	69575463	69775463	harbor2	chr11	69663973	69664320	LTR/ERVL-MaLR	1464	+	174	69664147	88684
chr11	69575463	69775463	harbor2	chr11	69671993	69672444	LTR/ERVL-MaLR	1427	+	226	69672219	96756
chr11	31724775	31924775	harbor2	chr11	31777527	31777684	LTR/ERVL-MaLR	587	+	78	31777605	52830
chr11	76581002	76781002	harbor2	chr11	76596508	76596942	LTR/ERVL-MaLR	1760	+	217	76596725	15723
chr11	76581002	76781002	harbor2	chr11	76601030	76601131	LTR/ERVL-MaLR	1424	+	50	76601080	20078
chr11	76581002	76781002	harbor2	chr11	76601436	76601695	LTR/ERVL-MaLR	1424	+	130	76601566	20564
chr11	76581002	76781002	harbor2	chr11	76641037	76641400	LTR/ERVL-MaLR	1804	+	182	76641219	60217
chr11	76581002	76781002	harbor2	chr11	76641690	76641752	LTR/ERVL-MaLR	1804	+	31	76641721	60719
chr11	6512668	6712668	harbor2	chr11	6565209	6565380	LTR/ERVL-MaLR	476	+	86	6565295	52627
chr11	64538784	64738784	harbor2	chr11	64585088	64585330	LTR/ERVL-MaLR	483	+	121	64585209	46425
chr11	64538784	64738784	harbor2	chr11	64613559	64613760	LTR/ERVL-MaLR	449	+	100	64613659	74875
chr11	64538784	64738784	harbor2	chr11	64613830	64614368	LTR/ERVL-MaLR	1438	+	269	64614099	75315
chr11	64538784	64738784	harbor2	chr11	64614384	64614992	LTR/ERVL-MaLR	1556	+	304	64614688	75904
chr11	64538784	64738784	harbor2	chr11	64615000	64615402	LTR/ERVL-MaLR	823	+	201	64615201	76417
chr11	5134513	5334513	harbor2	chr11	5189162	5189564	LTR/ERVL-MaLR	2124	+	201	5189363	54850
chr11	5134513	5334513	harbor2	chr11	5189565	5190876	LTR/ERVL-MaLR	10022	+	656	5190221	55708
chr11	5134513	5334513	harbor2	chr11	5191240	5191557	LTR/ERVL-MaLR	10022	+	158	5191398	56885
chr11	5134513	5334513	harbor2	chr11	5191559	5191966	LTR/ERVL-MaLR	2382	+	204	5191763	57250
chr11	1374129	1574129	harbor2	chr11	1374396	1374784	LTR/ERVL-MaLR	1901	+	194	1374590	461
chr11	1374129	1574129	harbor2	chr11	1377063	1377445	LTR/ERVL-MaLR	2206	+	191	1377254	3125
chr11	6204994	6404994	harbor2	chr11	6220022	6220497	LTR/ERVL-MaLR	927	+	238	6220260	15266
chr11	6204994	6404994	harbor2	chr11	6283373	6283625	LTR/ERVL-MaLR	518	+	126	6283499	78505
chr11	6204994	6404994	harbor2	chr11	6293441	6293796	LTR/ERVL-MaLR	1635	+	178	6293619	88625
chr11	104477395	104677395	harbor2	chr11	104479736	104480094	LTR/ERVL-MaLR	1770	+	179	104479915	2520
chr11	104477395	104677395	harbor2	chr11	104525318	104525744	LTR/ERVL-MaLR	1760	+	213	104525531	48136
chr11	104477395	104677395	harbor2	chr11	104537758	104538083	LTR/ERVL-MaLR	1020	+	162	104537920	60525
chr11	104477395	104677395	harbor2	chr11	104575740	104576053	LTR/ERVL-MaLR	1817	+	156	104575896	98501
chr11	6201292	6401292	harbor2	chr11	6220022	6220497	LTR/ERVL-MaLR	927	+	238	6220260	18968
chr11	6201292	6401292	harbor2	chr11	6283373	6283625	LTR/ERVL-MaLR	518	+	126	6283499	82207
chr11	6201292	6401292	harbor2	chr11	6293441	6293796	LTR/ERVL-MaLR	1635	+	178	6293619	92327
chr11	5134524	5334524	harbor2	chr11	5189162	5189564	LTR/ERVL-MaLR	2124	+	201	5189363	54839
chr11	5134524	5334524	harbor2	chr11	5189565	5190876	LTR/ERVL-MaLR	10022	+	656	5190221	55697
chr11	5134524	5334524	harbor2	chr11	5191240	5191557	LTR/ERVL-MaLR	10022	+	158	5191398	56874
chr11	5134524	5334524	harbor2	chr11	5191559	5191966	LTR/ERVL-MaLR	2382	+	204	5191763	57239
chr11	5127128	5327128	harbor2	chr11	5189162	5189564	LTR/ERVL-MaLR	2124	+	201	5189363	62235
chr11	5127128	5327128	harbor2	chr11	5189565	5190876	LTR/ERVL-MaLR	10022	+	656	5190221	63093
chr11	5127128	5327128	harbor2	chr11	5191240	5191557	LTR/ERVL-MaLR	10022	+	158	5191398	64270
chr11	5127128	5327128	harbor2	chr11	5191559	5191966	LTR/ERVL-MaLR	2382	+	204	5191763	64635
chr11	9361014	9561014	harbor2	chr11	9372068	9372414	LTR/ERVL-MaLR	2027	+	173	9372241	11227
chr11	3994559	4194559	harbor2	chr11	4006022	4006401	LTR/ERVL-MaLR	2590	+	190	4006212	11653
chr11	3994559	4194559	harbor2	chr11	4006714	4006751	LTR/ERVL-MaLR	2590	+	18	4006732	12173
chr11	5140128	5340128	harbor2	chr11	5189162	5189564	LTR/ERVL-MaLR	2124	+	201	5189363	49235
chr11	5140128	5340128	harbor2	chr11	5189565	5190876	LTR/ERVL-MaLR	10022	+	656	5190221	50093
chr11	5140128	5340128	harbor2	chr11	5191240	5191557	LTR/ERVL-MaLR	10022	+	158	5191398	51270
chr11	5140128	5340128	harbor2	chr11	5191559	5191966	LTR/ERVL-MaLR	2382	+	204	5191763	51635
chr11	76580962	76780962	harbor2	chr11	76596508	76596942	LTR/ERVL-MaLR	1760	+	217	76596725	15763
chr11	76580962	76780962	harbor2	chr11	76601030	76601131	LTR/ERVL-MaLR	1424	+	50	76601080	20118
chr11	76580962	76780962	harbor2	chr11	76601436	76601695	LTR/ERVL-MaLR	1424	+	130	76601566	20604
chr11	76580962	76780962	harbor2	chr11	76641037	76641400	LTR/ERVL-MaLR	1804	+	182	76641219	60257
chr11	76580962	76780962	harbor2	chr11	76641690	76641752	LTR/ERVL-MaLR	1804	+	31	76641721	60759
chr11	104242642	104442642	harbor2	chr11	104278997	104279154	LTR/ERVL-MaLR	1113	+	78	104279075	36433
chr11	104242642	104442642	harbor2	chr11	104279155	104279514	LTR/ERVL-MaLR	2064	+	180	104279335	36693
chr11	104242642	104442642	harbor2	chr11	104307900	104308319	LTR/ERVL-MaLR	1046	+	210	104308110	65468
chr11	104242642	104442642	harbor2	chr11	104324517	104324673	LTR/ERVL-MaLR	736	+	78	104324595	81953
chr11	104242642	104442642	harbor2	chr11	104325951	104326286	LTR/ERVL-MaLR	1411	+	168	104326119	83477
chr11	5185577	5385577	harbor2	chr11	5189162	5189564	LTR/ERVL-MaLR	2124	+	201	5189363	3786
chr11	5185577	5385577	harbor2	chr11	5189565	5190876	LTR/ERVL-MaLR	10022	+	656	5190221	4644
chr11	5185577	5385577	harbor2	chr11	5191240	5191557	LTR/ERVL-MaLR	10022	+	158	5191398	5821
chr11	5185577	5385577	harbor2	chr11	5191559	5191966	LTR/ERVL-MaLR	2382	+	204	5191763	6186
chr11	69540279	69740279	harbor2	chr11	69543422	69543834	LTR/ERVL-MaLR	1729	+	206	69543628	3349
chr11	69540279	69740279	harbor2	chr11	69545601	69546024	LTR/ERVL-MaLR	1293	+	212	69545813	5534
chr11	69540279	69740279	harbor2	chr11	69564264	69564703	LTR/ERVL-MaLR	1214	+	220	69564484	24205
chr11	69540279	69740279	harbor2	chr11	69579097	69579507	LTR/ERVL-MaLR	1084	+	205	69579302	39023
chr11	69540279	69740279	harbor2	chr11	69581054	69581449	LTR/ERVL-MaLR	1112	+	198	69581252	40973
chr11	69540279	69740279	harbor2	chr11	69591077	69591148	LTR/ERVL-MaLR	412	+	36	69591113	50834
chr11	69540279	69740279	harbor2	chr11	69591418	69591791	LTR/ERVL-MaLR	1530	+	186	69591604	51325
chr11	69540279	69740279	harbor2	chr11	69592087	69592373	LTR/ERVL-MaLR	1263	+	143	69592230	51951
chr11	69540279	69740279	harbor2	chr11	69593970	69594387	LTR/ERVL-MaLR	722	+	208	69594178	53899
chr11	69540279	69740279	harbor2	chr11	69595200	69595543	LTR/ERVL-MaLR	2007	+	172	69595372	55093
chr11	69540279	69740279	harbor2	chr11	69598488	69598761	LTR/ERVL-MaLR	900	+	136	69598624	58345
chr11	69540279	69740279	harbor2	chr11	69602192	69602573	LTR/ERVL-MaLR	1784	+	190	69602382	62103
chr11	68339574	68539574	harbor2	chr11	68380898	68381338	LTR/ERVL-MaLR	996	+	220	68381118	41544
chr11	3131136	3331136	harbor2	chr11	3150949	3151340	LTR/ERVL-MaLR	904	+	196	3151145	20009
chr11	3131136	3331136	harbor2	chr11	3154699	3154801	LTR/ERVL-MaLR	1501	+	51	3154750	23614
chr11	3131136	3331136	harbor2	chr11	3154927	3155168	LTR/ERVL-MaLR	1501	+	120	3155047	23911
chr11	3131136	3331136	harbor2	chr11	3191913	3192313	LTR/ERVL-MaLR	2477	+	200	3192113	60977
chr11	3131136	3331136	harbor2	chr11	3195937	3196090	LTR/ERVL-MaLR	496	+	76	3196013	64877
chr11	3131136	3331136	harbor2	chr11	3222755	3223177	LTR/ERVL-MaLR	714	+	211	3222966	91830
chr11	134971985	135171985	harbor2	chr11	134992422	134992643	LTR/ERVL-MaLR	454	+	110	134992532	20547
chr11	134971985	135171985	harbor2	chr11	134993230	134993427	LTR/ERVL-MaLR	580	+	98	134993328	21343
chr11	134971985	135171985	harbor2	chr11	134996636	134996999	LTR/ERVL-MaLR	2057	+	182	134996818	24833
chr11	134971985	135171985	harbor2	chr11	135050511	135050866	LTR/ERVL-MaLR	1621	+	178	135050689	78704
chr11	76580938	76780938	harbor2	chr11	76596508	76596942	LTR/ERVL-MaLR	1760	+	217	76596725	15787
chr11	76580938	76780938	harbor2	chr11	76601030	76601131	LTR/ERVL-MaLR	1424	+	50	76601080	20142
chr11	76580938	76780938	harbor2	chr11	76601436	76601695	LTR/ERVL-MaLR	1424	+	130	76601566	20628
chr11	76580938	76780938	harbor2	chr11	76641037	76641400	LTR/ERVL-MaLR	1804	+	182	76641219	60281
chr11	76580938	76780938	harbor2	chr11	76641690	76641752	LTR/ERVL-MaLR	1804	+	31	76641721	60783
chr11	5130257	5330257	harbor2	chr11	5189162	5189564	LTR/ERVL-MaLR	2124	+	201	5189363	59106
chr11	5130257	5330257	harbor2	chr11	5189565	5190876	LTR/ERVL-MaLR	10022	+	656	5190221	59964
chr11	5130257	5330257	harbor2	chr11	5191240	5191557	LTR/ERVL-MaLR	10022	+	158	5191398	61141
chr11	5130257	5330257	harbor2	chr11	5191559	5191966	LTR/ERVL-MaLR	2382	+	204	5191763	61506
chr11	9514229	9714229	harbor2	chr11	9538774	9538837	LTR/ERVL-MaLR	408	+	32	9538806	24577
chr11	9514229	9714229	harbor2	chr11	9597065	9597238	LTR/ERVL-MaLR	442	+	86	9597151	82922
chr11	33594688	33794688	harbor2	chr11	33664495	33664848	LTR/ERVL-MaLR	2028	+	176	33664671	69983
chr11	33594688	33794688	harbor2	chr11	33674558	33674845	LTR/ERVL-MaLR	575	+	144	33674702	80014
chr11	33594688	33794688	harbor2	chr11	33675644	33675968	LTR/ERVL-MaLR	1596	+	162	33675806	81118
chr11	33594688	33794688	harbor2	chr11	33687371	33687741	LTR/ERVL-MaLR	1796	+	185	33687556	92868
chr11	5128029	5328029	harbor2	chr11	5189162	5189564	LTR/ERVL-MaLR	2124	+	201	5189363	61334
chr11	5128029	5328029	harbor2	chr11	5189565	5190876	LTR/ERVL-MaLR	10022	+	656	5190221	62192
chr11	5128029	5328029	harbor2	chr11	5191240	5191557	LTR/ERVL-MaLR	10022	+	158	5191398	63369
chr11	5128029	5328029	harbor2	chr11	5191559	5191966	LTR/ERVL-MaLR	2382	+	204	5191763	63734
chr11	5134085	5334085	harbor2	chr11	5189162	5189564	LTR/ERVL-MaLR	2124	+	201	5189363	55278
chr11	5134085	5334085	harbor2	chr11	5189565	5190876	LTR/ERVL-MaLR	10022	+	656	5190221	56136
chr11	5134085	5334085	harbor2	chr11	5191240	5191557	LTR/ERVL-MaLR	10022	+	158	5191398	57313
chr11	5134085	5334085	harbor2	chr11	5191559	5191966	LTR/ERVL-MaLR	2382	+	204	5191763	57678
chr11	76597028	76797028	harbor2	chr11	76601030	76601131	LTR/ERVL-MaLR	1424	+	50	76601080	4052
chr11	76597028	76797028	harbor2	chr11	76601436	76601695	LTR/ERVL-MaLR	1424	+	130	76601566	4538
chr11	76597028	76797028	harbor2	chr11	76641037	76641400	LTR/ERVL-MaLR	1804	+	182	76641219	44191
chr11	76597028	76797028	harbor2	chr11	76641690	76641752	LTR/ERVL-MaLR	1804	+	31	76641721	44693
chr11	76597028	76797028	harbor2	chr11	76683237	76683418	LTR/ERVL-MaLR	2071	+	90	76683327	86299
chr11	76597028	76797028	harbor2	chr11	76683447	76683610	LTR/ERVL-MaLR	2071	+	82	76683529	86501
chr11	9514244	9714244	harbor2	chr11	9538774	9538837	LTR/ERVL-MaLR	408	+	32	9538806	24562
chr11	9514244	9714244	harbor2	chr11	9597065	9597238	LTR/ERVL-MaLR	442	+	86	9597151	82907
chr11	31726461	31926461	harbor2	chr11	31777527	31777684	LTR/ERVL-MaLR	587	+	78	31777605	51144
chr11	45901774	46101774	harbor2	chr11	45955744	45955986	LTR/ERVL-MaLR	951	+	121	45955865	54091
chr11	5133710	5333710	harbor2	chr11	5189162	5189564	LTR/ERVL-MaLR	2124	+	201	5189363	55653
chr11	5133710	5333710	harbor2	chr11	5189565	5190876	LTR/ERVL-MaLR	10022	+	656	5190221	56511
chr11	5133710	5333710	harbor2	chr11	5191240	5191557	LTR/ERVL-MaLR	10022	+	158	5191398	57688
chr11	5133710	5333710	harbor2	chr11	5191559	5191966	LTR/ERVL-MaLR	2382	+	204	5191763	58053
chr11	3206827	3406827	harbor2	chr11	3222755	3223177	LTR/ERVL-MaLR	714	+	211	3222966	16139
chr11	3206827	3406827	harbor2	chr11	3285601	3286051	LTR/ERVL-MaLR	1388	+	225	3285826	78999
chr11	3206827	3406827	harbor2	chr11	3286350	3286384	LTR/ERVL-MaLR	1388	+	17	3286367	79540
chr11	2056654	2256654	harbor2	chr11	2087160	2087567	LTR/ERVL-MaLR	2660	+	204	2087364	30710
chr11	2056654	2256654	harbor2	chr11	2089287	2089620	LTR/ERVL-MaLR	439	+	166	2089453	32799
chr11	64546462	64746462	harbor2	chr11	64585088	64585330	LTR/ERVL-MaLR	483	+	121	64585209	38747
chr11	64546462	64746462	harbor2	chr11	64613559	64613760	LTR/ERVL-MaLR	449	+	100	64613659	67197
chr11	64546462	64746462	harbor2	chr11	64613830	64614368	LTR/ERVL-MaLR	1438	+	269	64614099	67637
chr11	64546462	64746462	harbor2	chr11	64614384	64614992	LTR/ERVL-MaLR	1556	+	304	64614688	68226
chr11	64546462	64746462	harbor2	chr11	64615000	64615402	LTR/ERVL-MaLR	823	+	201	64615201	68739
chr11	66159128	66359128	harbor2	chr11	66161990	66162112	LTR/ERVL-MaLR	952	+	61	66162051	2923
chr11	66159128	66359128	harbor2	chr11	66162422	66162722	LTR/ERVL-MaLR	952	+	150	66162572	3444
chr11	66159128	66359128	harbor2	chr11	66172243	66172701	LTR/ERVL-MaLR	1929	+	229	66172472	13344
chr11	67172979	67372979	harbor2	chr11	67185327	67185350	LTR/ERVL-MaLR	1352	+	12	67185339	12360
chr11	67172979	67372979	harbor2	chr11	67185653	67185987	LTR/ERVL-MaLR	1352	+	167	67185820	12841
chr11	67173668	67373668	harbor2	chr11	67185327	67185350	LTR/ERVL-MaLR	1352	+	12	67185339	11671
chr11	67173668	67373668	harbor2	chr11	67185653	67185987	LTR/ERVL-MaLR	1352	+	167	67185820	12152
chr11	64348940	64548940	harbor2	chr11	64387976	64388356	LTR/ERVL-MaLR	1337	+	190	64388166	39226
chr11	64348940	64548940	harbor2	chr11	64398526	64398894	LTR/ERVL-MaLR	1649	+	184	64398710	49770
chr11	64348940	64548940	harbor2	chr11	64402763	64403165	LTR/ERVL-MaLR	1638	+	201	64402964	54024
chr11	64348940	64548940	harbor2	chr11	64432105	64432688	LTR/ERVL-MaLR	572	+	292	64432397	83457
chr11	64348940	64548940	harbor2	chr11	64444925	64445284	LTR/ERVL-MaLR	528	+	180	64445105	96165
chr11	64348940	64548940	harbor2	chr11	64445596	64445759	LTR/ERVL-MaLR	422	+	82	64445678	96738
chr11	64348940	64548940	harbor2	chr11	64445795	64445966	LTR/ERVL-MaLR	634	+	86	64445881	96941
chr11	86702251	86902251	harbor2	chr11	86725386	86725801	LTR/ERVL-MaLR	2003	+	208	86725594	23343
chr11	86702251	86902251	harbor2	chr11	86768188	86768466	LTR/ERVL-MaLR	1753	+	139	86768327	66076
chr11	86702251	86902251	harbor2	chr11	86771969	86772418	LTR/ERVL-MaLR	795	+	224	86772193	69942
chr11	86702251	86902251	harbor2	chr11	86774825	86775389	LTR/ERVL-MaLR	2274	+	282	86775107	72856
chr11	86702251	86902251	harbor2	chr11	86788330	86788452	LTR/ERVL-MaLR	412	+	61	86788391	86140
chr11	86702251	86902251	harbor2	chr11	86785945	86786261	LTR/ERVL-MaLR	447	+	158	86786103	83852
chr11	69539137	69739137	harbor2	chr11	69543422	69543834	LTR/ERVL-MaLR	1729	+	206	69543628	4491
chr11	69539137	69739137	harbor2	chr11	69545601	69546024	LTR/ERVL-MaLR	1293	+	212	69545813	6676
chr11	69539137	69739137	harbor2	chr11	69564264	69564703	LTR/ERVL-MaLR	1214	+	220	69564484	25347
chr11	69539137	69739137	harbor2	chr11	69579097	69579507	LTR/ERVL-MaLR	1084	+	205	69579302	40165
chr11	69539137	69739137	harbor2	chr11	69581054	69581449	LTR/ERVL-MaLR	1112	+	198	69581252	42115
chr11	69539137	69739137	harbor2	chr11	69591077	69591148	LTR/ERVL-MaLR	412	+	36	69591113	51976
chr11	69539137	69739137	harbor2	chr11	69591418	69591791	LTR/ERVL-MaLR	1530	+	186	69591604	52467
chr11	69539137	69739137	harbor2	chr11	69592087	69592373	LTR/ERVL-MaLR	1263	+	143	69592230	53093
chr11	69539137	69739137	harbor2	chr11	69593970	69594387	LTR/ERVL-MaLR	722	+	208	69594178	55041
chr11	69539137	69739137	harbor2	chr11	69595200	69595543	LTR/ERVL-MaLR	2007	+	172	69595372	56235
chr11	69539137	69739137	harbor2	chr11	69598488	69598761	LTR/ERVL-MaLR	900	+	136	69598624	59487
chr11	69539137	69739137	harbor2	chr11	69602192	69602573	LTR/ERVL-MaLR	1784	+	190	69602382	63245
chr11	69540570	69740570	harbor2	chr11	69543422	69543834	LTR/ERVL-MaLR	1729	+	206	69543628	3058
chr11	69540570	69740570	harbor2	chr11	69545601	69546024	LTR/ERVL-MaLR	1293	+	212	69545813	5243
chr11	69540570	69740570	harbor2	chr11	69564264	69564703	LTR/ERVL-MaLR	1214	+	220	69564484	23914
chr11	69540570	69740570	harbor2	chr11	69579097	69579507	LTR/ERVL-MaLR	1084	+	205	69579302	38732
chr11	69540570	69740570	harbor2	chr11	69581054	69581449	LTR/ERVL-MaLR	1112	+	198	69581252	40682
chr11	69540570	69740570	harbor2	chr11	69591077	69591148	LTR/ERVL-MaLR	412	+	36	69591113	50543
chr11	69540570	69740570	harbor2	chr11	69591418	69591791	LTR/ERVL-MaLR	1530	+	186	69591604	51034
chr11	69540570	69740570	harbor2	chr11	69592087	69592373	LTR/ERVL-MaLR	1263	+	143	69592230	51660
chr11	69540570	69740570	harbor2	chr11	69593970	69594387	LTR/ERVL-MaLR	722	+	208	69594178	53608
chr11	69540570	69740570	harbor2	chr11	69595200	69595543	LTR/ERVL-MaLR	2007	+	172	69595372	54802
chr11	69540570	69740570	harbor2	chr11	69598488	69598761	LTR/ERVL-MaLR	900	+	136	69598624	58054
chr11	69540570	69740570	harbor2	chr11	69602192	69602573	LTR/ERVL-MaLR	1784	+	190	69602382	61812
chr11	47465560	47665560	harbor2	chr11	47494571	47494797	LTR/ERVL-MaLR	405	+	113	47494684	29124
chr11	5129604	5329604	harbor2	chr11	5189162	5189564	LTR/ERVL-MaLR	2124	+	201	5189363	59759
chr11	5129604	5329604	harbor2	chr11	5189565	5190876	LTR/ERVL-MaLR	10022	+	656	5190221	60617
chr11	5129604	5329604	harbor2	chr11	5191240	5191557	LTR/ERVL-MaLR	10022	+	158	5191398	61794
chr11	5129604	5329604	harbor2	chr11	5191559	5191966	LTR/ERVL-MaLR	2382	+	204	5191763	62159
chr11	46820071	47020071	harbor2	chr11	46829915	46830159	LTR/ERVL-MaLR	1751	+	122	46830037	9966
chr11	46820071	47020071	harbor2	chr11	46830465	46830715	LTR/ERVL-MaLR	1751	+	125	46830590	10519
chr11	46820071	47020071	harbor2	chr11	46862824	46863368	LTR/ERVL-MaLR	2893	+	272	46863096	43025
chr11	9514143	9714143	harbor2	chr11	9538774	9538837	LTR/ERVL-MaLR	408	+	32	9538806	24663
chr11	9514143	9714143	harbor2	chr11	9597065	9597238	LTR/ERVL-MaLR	442	+	86	9597151	83008
chr11	19614222	19814222	harbor2	chr11	19650057	19650534	LTR/ERVL-MaLR	1749	+	238	19650295	36073
chr11	682049	882049	harbor2	chr11	732570	732715	LTR/ERVL-MaLR	1005	+	72	732642	50593
chr11	682049	882049	harbor2	chr11	732980	733262	LTR/ERVL-MaLR	1005	+	141	733121	51072
chr11	682049	882049	harbor2	chr11	767613	767848	LTR/ERVL-MaLR	482	+	118	767731	85682
chr11	682049	882049	harbor2	chr11	768151	768193	LTR/ERVL-MaLR	482	+	21	768172	86123
chr11	5138019	5338019	harbor2	chr11	5189162	5189564	LTR/ERVL-MaLR	2124	+	201	5189363	51344
chr11	5138019	5338019	harbor2	chr11	5189565	5190876	LTR/ERVL-MaLR	10022	+	656	5190221	52202
chr11	5138019	5338019	harbor2	chr11	5191240	5191557	LTR/ERVL-MaLR	10022	+	158	5191398	53379
chr11	5138019	5338019	harbor2	chr11	5191559	5191966	LTR/ERVL-MaLR	2382	+	204	5191763	53744
chr11	2300595	2500595	harbor2	chr11	2324441	2324816	LTR/ERVL-MaLR	2941	+	188	2324629	24034
chr11	2300595	2500595	harbor2	chr11	2329669	2329811	LTR/ERVL-MaLR	486	+	71	2329740	29145
chr11	2300595	2500595	harbor2	chr11	2343696	2343889	LTR/ERVL-MaLR	1107	+	96	2343792	43197
chr11	2300595	2500595	harbor2	chr11	2344068	2344445	LTR/ERVL-MaLR	2283	+	188	2344256	43661
chr11	2300595	2500595	harbor2	chr11	2348059	2348434	LTR/ERVL-MaLR	1314	+	188	2348247	47652
chr11	2300595	2500595	harbor2	chr11	2348829	2350477	LTR/ERVL-MaLR	9999	+	824	2349653	49058
chr11	2300595	2500595	harbor2	chr11	2350478	2350862	LTR/ERVL-MaLR	2179	+	192	2350670	50075
chr11	5128903	5328903	harbor2	chr11	5189162	5189564	LTR/ERVL-MaLR	2124	+	201	5189363	60460
chr11	5128903	5328903	harbor2	chr11	5189565	5190876	LTR/ERVL-MaLR	10022	+	656	5190221	61318
chr11	5128903	5328903	harbor2	chr11	5191240	5191557	LTR/ERVL-MaLR	10022	+	158	5191398	62495
chr11	5128903	5328903	harbor2	chr11	5191559	5191966	LTR/ERVL-MaLR	2382	+	204	5191763	62860
chr11	64538410	64738410	harbor2	chr11	64585088	64585330	LTR/ERVL-MaLR	483	+	121	64585209	46799
chr11	64538410	64738410	harbor2	chr11	64613559	64613760	LTR/ERVL-MaLR	449	+	100	64613659	75249
chr11	64538410	64738410	harbor2	chr11	64613830	64614368	LTR/ERVL-MaLR	1438	+	269	64614099	75689
chr11	64538410	64738410	harbor2	chr11	64614384	64614992	LTR/ERVL-MaLR	1556	+	304	64614688	76278
chr11	64538410	64738410	harbor2	chr11	64615000	64615402	LTR/ERVL-MaLR	823	+	201	64615201	76791
chr11	5280964	5480964	harbor2	chr11	5331905	5332297	LTR/ERVL-MaLR	1589	+	196	5332101	51137
chr11	5280964	5480964	harbor2	chr11	5332615	5332849	LTR/ERVL-MaLR	1589	+	117	5332732	51768
chr11	5280964	5480964	harbor2	chr11	5379829	5380044	LTR/ERVL-MaLR	569	+	108	5379937	98973
chr11	86937893	87137893	harbor2	chr11	86961319	86961830	LTR/ERVL-MaLR	1719	+	256	86961575	23682
chr11	86937893	87137893	harbor2	chr11	86974165	86974414	LTR/ERVL-MaLR	871	+	124	86974289	36396
chr11	86937893	87137893	harbor2	chr11	86974945	86975126	LTR/ERVL-MaLR	871	+	90	86975035	37142
chr11	86937893	87137893	harbor2	chr11	86981868	86981971	LTR/ERVL-MaLR	649	+	52	86981920	44027
chr11	86937893	87137893	harbor2	chr11	87003623	87004015	LTR/ERVL-MaLR	702	+	196	87003819	65926
chr11	86937893	87137893	harbor2	chr11	87030684	87030862	LTR/ERVL-MaLR	830	+	89	87030773	92880
chr11	86937893	87137893	harbor2	chr11	87032711	87033367	LTR/ERVL-MaLR	2197	+	328	87033039	95146
chr11	86937893	87137893	harbor2	chr11	87035882	87036008	LTR/ERVL-MaLR	548	+	63	87035945	98052
chr11	86937893	87137893	harbor2	chr11	87036011	87036264	LTR/ERVL-MaLR	1184	+	126	87036137	98244
chr11	86937893	87137893	harbor2	chr11	87036563	87036783	LTR/ERVL-MaLR	1184	+	110	87036673	98780
chr11	86937893	87137893	harbor2	chr11	86982303	86982663	LTR/ERVL-MaLR	649	+	180	86982483	44590
chr11	47086439	47286439	harbor2	chr11	47091617	47092030	LTR/ERVL-MaLR	1510	+	206	47091823	5384
chr12	49267179	49467179	harbor2	chr12	49279706	49280048	LTR/ERVL-MaLR	1563	+	171	49279877	12698
chr12	49267179	49467179	harbor2	chr12	49280083	49280335	LTR/ERVL-MaLR	1563	+	126	49280209	13030
chr12	49267179	49467179	harbor2	chr12	49286171	49286609	LTR/ERVL-MaLR	1464	+	219	49286390	19211
chr12	132661852	132861852	harbor2	chr12	132683107	132683532	LTR/ERVL-MaLR	1344	+	212	132683319	21467
chr12	113085721	113285721	harbor2	chr12	113120733	113121247	LTR/ERVL-MaLR	1817	+	257	113120990	35269
chr12	49268868	49468868	harbor2	chr12	49279706	49280048	LTR/ERVL-MaLR	1563	+	171	49279877	11009
chr12	49268868	49468868	harbor2	chr12	49280083	49280335	LTR/ERVL-MaLR	1563	+	126	49280209	11341
chr12	49268868	49468868	harbor2	chr12	49286171	49286609	LTR/ERVL-MaLR	1464	+	219	49286390	17522
chr12	6864625	7064625	harbor2	chr12	6894316	6894681	LTR/ERVL-MaLR	2131	+	182	6894498	29873
chr12	6864625	7064625	harbor2	chr12	6896753	6897241	LTR/ERVL-MaLR	2606	+	244	6896997	32372
chr12	49267798	49467798	harbor2	chr12	49279706	49280048	LTR/ERVL-MaLR	1563	+	171	49279877	12079
chr12	49267798	49467798	harbor2	chr12	49280083	49280335	LTR/ERVL-MaLR	1563	+	126	49280209	12411
chr12	49267798	49467798	harbor2	chr12	49286171	49286609	LTR/ERVL-MaLR	1464	+	219	49286390	18592
chr12	1	134253	harbor2	chr12	33014	33185	LTR/ERVL-MaLR	1448	+	86	33100	33099
chr12	1	134253	harbor2	chr12	40306	41220	LTR/ERVL-MaLR	3341	+	457	40763	40762
chr12	1	134253	harbor2	chr12	43335	43642	LTR/ERVL-MaLR	624	+	154	43489	43488
chr12	1	134253	harbor2	chr12	43643	43802	LTR/ERVL-MaLR	893	+	80	43723	43722
chr12	1	134253	harbor2	chr12	44100	44469	LTR/ERVL-MaLR	893	+	184	44284	44283
chr12	1	134253	harbor2	chr12	93675	94089	LTR/ERVL-MaLR	2526	+	207	93882	93881
chr12	1	134253	harbor2	chr12	32746	32914	LTR/ERVL-MaLR	1448	+	84	32830	32829
chr12	6864291	7064291	harbor2	chr12	6894316	6894681	LTR/ERVL-MaLR	2131	+	182	6894498	30207
chr12	6864291	7064291	harbor2	chr12	6896753	6897241	LTR/ERVL-MaLR	2606	+	244	6896997	32706
chr12	1	131535	harbor2	chr12	33014	33185	LTR/ERVL-MaLR	1448	+	86	33100	33099
chr12	1	131535	harbor2	chr12	40306	41220	LTR/ERVL-MaLR	3341	+	457	40763	40762
chr12	1	131535	harbor2	chr12	43335	43642	LTR/ERVL-MaLR	624	+	154	43489	43488
chr12	1	131535	harbor2	chr12	43643	43802	LTR/ERVL-MaLR	893	+	80	43723	43722
chr12	1	131535	harbor2	chr12	44100	44469	LTR/ERVL-MaLR	893	+	184	44284	44283
chr12	1	131535	harbor2	chr12	93675	94089	LTR/ERVL-MaLR	2526	+	207	93882	93881
chr12	1	131535	harbor2	chr12	32746	32914	LTR/ERVL-MaLR	1448	+	84	32830	32829
chr12	123153661	123353661	harbor2	chr12	123165505	123165876	LTR/ERVL-MaLR	1410	+	186	123165691	12030
chr12	123153661	123353661	harbor2	chr12	123189043	123189343	LTR/ERVL-MaLR	609	+	150	123189193	35532
chr12	6863578	7063578	harbor2	chr12	6894316	6894681	LTR/ERVL-MaLR	2131	+	182	6894498	30920
chr12	6863578	7063578	harbor2	chr12	6896753	6897241	LTR/ERVL-MaLR	2606	+	244	6896997	33419
chr12	10113589	10313589	harbor2	chr12	10175079	10175566	LTR/ERVL-MaLR	937	+	244	10175323	61734
chr12	10113589	10313589	harbor2	chr12	10206094	10206457	LTR/ERVL-MaLR	2050	+	182	10206276	92687
chr12	10113589	10313589	harbor2	chr12	10207864	10208369	LTR/ERVL-MaLR	764	+	252	10208116	94527
chr12	49267227	49467227	harbor2	chr12	49279706	49280048	LTR/ERVL-MaLR	1563	+	171	49279877	12650
chr12	49267227	49467227	harbor2	chr12	49280083	49280335	LTR/ERVL-MaLR	1563	+	126	49280209	12982
chr12	49267227	49467227	harbor2	chr12	49286171	49286609	LTR/ERVL-MaLR	1464	+	219	49286390	19163
chr12	49267168	49467168	harbor2	chr12	49279706	49280048	LTR/ERVL-MaLR	1563	+	171	49279877	12709
chr12	49267168	49467168	harbor2	chr12	49280083	49280335	LTR/ERVL-MaLR	1563	+	126	49280209	13041
chr12	49267168	49467168	harbor2	chr12	49286171	49286609	LTR/ERVL-MaLR	1464	+	219	49286390	19222
chr12	50183574	50383574	harbor2	chr12	50247163	50247599	LTR/ERVL-MaLR	1136	+	218	50247381	63807
chr12	68511241	68711241	harbor2	chr12	68512630	68513003	LTR/ERVL-MaLR	2190	+	186	68512816	1575
chr12	68511241	68711241	harbor2	chr12	68524795	68525150	LTR/ERVL-MaLR	1739	+	178	68524973	13732
chr12	68511241	68711241	harbor2	chr12	68533453	68533659	LTR/ERVL-MaLR	878	+	103	68533556	22315
chr12	68511241	68711241	harbor2	chr12	68533829	68534088	LTR/ERVL-MaLR	1333	+	130	68533959	22718
chr12	68511241	68711241	harbor2	chr12	68572572	68573113	LTR/ERVL-MaLR	1228	+	270	68572842	61601
chr12	68511241	68711241	harbor2	chr12	68587634	68588016	LTR/ERVL-MaLR	2419	+	191	68587825	76584
chr12	68511241	68711241	harbor2	chr12	68588924	68588968	LTR/ERVL-MaLR	2419	+	22	68588946	77705
chr12	68511241	68711241	harbor2	chr12	68588969	68589571	LTR/ERVL-MaLR	8352	+	301	68589270	78029
chr12	68511241	68711241	harbor2	chr12	68589845	68591014	LTR/ERVL-MaLR	8352	+	584	68590429	79188
chr12	68511241	68711241	harbor2	chr12	68591015	68591439	LTR/ERVL-MaLR	2472	+	212	68591227	79986
chr12	6864653	7064653	harbor2	chr12	6894316	6894681	LTR/ERVL-MaLR	2131	+	182	6894498	29845
chr12	6864653	7064653	harbor2	chr12	6896753	6897241	LTR/ERVL-MaLR	2606	+	244	6896997	32344
chr12	130739294	130939294	harbor2	chr12	130739270	130739366	LTR/ERVL-MaLR	978	+	48	130739318	24
chr12	130739294	130939294	harbor2	chr12	130741148	130741481	LTR/ERVL-MaLR	2228	+	166	130741314	2020
chr12	130739294	130939294	harbor2	chr12	130746822	130747121	LTR/ERVL-MaLR	691	+	150	130746972	7678
chr12	130739294	130939294	harbor2	chr12	130757584	130757736	LTR/ERVL-MaLR	989	+	76	130757660	18366
chr12	130739294	130939294	harbor2	chr12	130770461	130770800	LTR/ERVL-MaLR	1501	+	170	130770631	31337
chr12	130739294	130939294	harbor2	chr12	130822608	130822759	LTR/ERVL-MaLR	699	+	76	130822684	83390
chr12	130739294	130939294	harbor2	chr12	130822888	130822914	LTR/ERVL-MaLR	699	+	13	130822901	83607
chr12	130739294	130939294	harbor2	chr12	130823365	130823592	LTR/ERVL-MaLR	1072	+	114	130823479	84185
chr12	130064326	130264326	harbor2	chr12	130067031	130067438	LTR/ERVL-MaLR	2421	+	204	130067235	2909
chr12	130064326	130264326	harbor2	chr12	130080356	130080613	LTR/ERVL-MaLR	656	+	128	130080484	16158
chr12	130064326	130264326	harbor2	chr12	130100177	130100524	LTR/ERVL-MaLR	1269	+	174	130100351	36025
chr12	130064326	130264326	harbor2	chr12	130108689	130109227	LTR/ERVL-MaLR	1649	+	269	130108958	44632
chr12	130064326	130264326	harbor2	chr12	130117606	130117964	LTR/ERVL-MaLR	1563	+	179	130117785	53459
chr12	130064326	130264326	harbor2	chr12	130118284	130118343	LTR/ERVL-MaLR	1563	+	30	130118314	53988
chr12	130064326	130264326	harbor2	chr12	130126763	130127251	LTR/ERVL-MaLR	1729	+	244	130127007	62681
chr12	130064326	130264326	harbor2	chr12	130132808	130133255	LTR/ERVL-MaLR	1753	+	224	130133032	68706
chr12	130064326	130264326	harbor2	chr12	130133800	130134228	LTR/ERVL-MaLR	817	+	214	130134014	69688
chr12	130064326	130264326	harbor2	chr12	130136513	130136943	LTR/ERVL-MaLR	1607	+	215	130136728	72402
chr12	130064326	130264326	harbor2	chr12	130148682	130149099	LTR/ERVL-MaLR	1049	+	208	130148890	84564
chr12	69787806	69987806	harbor2	chr12	69849931	69850286	LTR/ERVL-MaLR	2192	+	178	69850109	62303
chr12	54117976	54317976	harbor2	chr12	54177894	54178252	LTR/ERVL-MaLR	1476	+	179	54178073	60097
chr12	89254755	89454755	harbor2	chr12	89257031	89257496	LTR/ERVL-MaLR	1263	+	232	89257263	2508
chr12	89254755	89454755	harbor2	chr12	89258061	89258161	LTR/ERVL-MaLR	1110	+	50	89258111	3356
chr12	89254755	89454755	harbor2	chr12	89258162	89258544	LTR/ERVL-MaLR	2447	+	191	89258353	3598
chr12	89254755	89454755	harbor2	chr12	89258545	89259268	LTR/ERVL-MaLR	1110	+	362	89258907	4152
chr12	89254755	89454755	harbor2	chr12	89259288	89259747	LTR/ERVL-MaLR	1123	+	230	89259518	4763
chr12	89254755	89454755	harbor2	chr12	89271234	89271414	LTR/ERVL-MaLR	1074	+	90	89271324	16569
chr12	89254755	89454755	harbor2	chr12	89271694	89271951	LTR/ERVL-MaLR	1074	+	128	89271822	17067
chr12	89254755	89454755	harbor2	chr12	89277538	89277934	LTR/ERVL-MaLR	2091	+	198	89277736	22981
chr12	89254755	89454755	harbor2	chr12	89309460	89309721	LTR/ERVL-MaLR	839	+	130	89309590	54835
chr12	89254755	89454755	harbor2	chr12	89321358	89321476	LTR/ERVL-MaLR	677	+	59	89321417	66662
chr12	89254755	89454755	harbor2	chr12	89343031	89343558	LTR/ERVL-MaLR	1396	+	264	89343295	88540
chr12	6981048	7181048	harbor2	chr12	7046766	7047015	LTR/ERVL-MaLR	769	+	124	7046890	65842
chr12	6864139	7064139	harbor2	chr12	6894316	6894681	LTR/ERVL-MaLR	2131	+	182	6894498	30359
chr12	6864139	7064139	harbor2	chr12	6896753	6897241	LTR/ERVL-MaLR	2606	+	244	6896997	32858
chr12	114565308	114765308	harbor2	chr12	114565595	114565739	LTR/ERVL-MaLR	1023	+	72	114565667	359
chr12	114565308	114765308	harbor2	chr12	114571224	114571686	LTR/ERVL-MaLR	2211	+	231	114571455	6147
chr12	114565308	114765308	harbor2	chr12	114599288	114599661	LTR/ERVL-MaLR	2057	+	186	114599474	34166
chr12	114565308	114765308	harbor2	chr12	114599642	114599976	LTR/ERVL-MaLR	2357	+	167	114599809	34501
chr12	114565308	114765308	harbor2	chr12	114600510	114601661	LTR/ERVL-MaLR	8067	+	576	114601086	35778
chr12	114565308	114765308	harbor2	chr12	114601662	114602051	LTR/ERVL-MaLR	2167	+	194	114601856	36548
chr12	114565308	114765308	harbor2	chr12	114621330	114621889	LTR/ERVL-MaLR	2039	+	280	114621610	56302
chr12	114565308	114765308	harbor2	chr12	114623111	114623503	LTR/ERVL-MaLR	2303	+	196	114623307	57999
chr12	54817529	55017529	harbor2	chr12	54822161	54822525	LTR/ERVL-MaLR	1506	+	182	54822343	4814
chr12	54817529	55017529	harbor2	chr12	54843414	54843915	LTR/ERVL-MaLR	1777	+	250	54843664	26135
chr12	54817529	55017529	harbor2	chr12	54866039	54866271	LTR/ERVL-MaLR	1399	+	116	54866155	48626
chr12	11087032	11287032	harbor2	chr12	11160972	11161234	LTR/ERVL-MaLR	860	+	131	11161103	74071
chr12	11087032	11287032	harbor2	chr12	11161387	11162583	LTR/ERVL-MaLR	2541	+	598	11161985	74953
chr12	11087032	11287032	harbor2	chr12	11162613	11162755	LTR/ERVL-MaLR	596	+	71	11162684	75652
chr12	11087032	11287032	harbor2	chr12	11175705	11176056	LTR/ERVL-MaLR	2105	+	176	11175881	88849
chr12	121712062	121912062	harbor2	chr12	121756111	121756215	LTR/ERVL-MaLR	578	+	52	121756163	44101
chr12	104562875	104762875	harbor2	chr12	104567711	104568036	LTR/ERVL-MaLR	1681	+	162	104567873	4998
chr12	104562875	104762875	harbor2	chr12	104613390	104613770	LTR/ERVL-MaLR	2449	+	190	104613580	50705
chr12	104562875	104762875	harbor2	chr12	104621406	104621822	LTR/ERVL-MaLR	1574	+	208	104621614	58739
chr12	96299869	96499869	harbor2	chr12	96395615	96395992	LTR/ERVL-MaLR	1015	+	188	96395803	95934
chr12	123358547	123558547	harbor2	chr12	123369282	123369748	LTR/ERVL-MaLR	737	+	233	123369515	10968
chr12	123358547	123558547	harbor2	chr12	123374619	123375039	LTR/ERVL-MaLR	1714	+	210	123374829	16282
chr12	122765092	122965092	harbor2	chr12	122838632	122839044	LTR/ERVL-MaLR	1141	+	206	122838838	73746
chr12	66144148	66344148	harbor2	chr12	66148352	66148765	LTR/ERVL-MaLR	593	+	206	66148558	4410
chr12	66144148	66344148	harbor2	chr12	66156869	66156982	LTR/ERVL-MaLR	1639	+	56	66156925	12777
chr12	66144148	66344148	harbor2	chr12	66157211	66157522	LTR/ERVL-MaLR	1639	+	156	66157367	13219
chr12	66144148	66344148	harbor2	chr12	66157535	66157938	LTR/ERVL-MaLR	1444	+	202	66157737	13589
chr12	66144148	66344148	harbor2	chr12	66158285	66158358	LTR/ERVL-MaLR	786	+	36	66158321	14173
chr12	66144148	66344148	harbor2	chr12	66158661	66158833	LTR/ERVL-MaLR	786	+	86	66158747	14599
chr12	66144148	66344148	harbor2	chr12	66158843	66159080	LTR/ERVL-MaLR	802	+	118	66158961	14813
chr12	66144148	66344148	harbor2	chr12	66159081	66159631	LTR/ERVL-MaLR	2583	+	275	66159356	15208
chr12	66144148	66344148	harbor2	chr12	66179624	66180059	LTR/ERVL-MaLR	1223	+	218	66179842	35694
chr12	66144148	66344148	harbor2	chr12	66219216	66219573	LTR/ERVL-MaLR	2215	+	178	66219394	75246
chr12	6870712	7070712	harbor2	chr12	6894316	6894681	LTR/ERVL-MaLR	2131	+	182	6894498	23786
chr12	6870712	7070712	harbor2	chr12	6896753	6897241	LTR/ERVL-MaLR	2606	+	244	6896997	26285
chr12	132661884	132861884	harbor2	chr12	132683107	132683532	LTR/ERVL-MaLR	1344	+	212	132683319	21435
chr12	65456928	65656928	harbor2	chr12	65486480	65486616	LTR/ERVL-MaLR	891	+	68	65486548	29620
chr12	65456928	65656928	harbor2	chr12	65487496	65487668	LTR/ERVL-MaLR	1459	+	86	65487582	30654
chr12	65456928	65656928	harbor2	chr12	65487943	65488141	LTR/ERVL-MaLR	1459	+	99	65488042	31114
chr12	65456928	65656928	harbor2	chr12	65513195	65513575	LTR/ERVL-MaLR	1733	+	190	65513385	56457
chr12	65456928	65656928	harbor2	chr12	65515948	65516140	LTR/ERVL-MaLR	543	+	96	65516044	59116
chr12	65456928	65656928	harbor2	chr12	65516815	65517169	LTR/ERVL-MaLR	1372	+	177	65516992	60064
chr12	65456928	65656928	harbor2	chr12	65518314	65518863	LTR/ERVL-MaLR	928	+	274	65518588	61660
chr12	65456928	65656928	harbor2	chr12	65525648	65526106	LTR/ERVL-MaLR	1353	+	229	65525877	68949
chr12	65456928	65656928	harbor2	chr12	65528025	65528392	LTR/ERVL-MaLR	1376	+	184	65528209	71281
chr13	94616682	94816682	harbor2	chr13	94657893	94658024	LTR/ERVL-MaLR	426	+	66	94657959	41277
chr13	94616682	94816682	harbor2	chr13	94658071	94658358	LTR/ERVL-MaLR	744	+	144	94658215	41533
chr13	94616682	94816682	harbor2	chr13	94668393	94668407	LTR/ERVL-MaLR	1977	+	7	94668400	51718
chr13	94616682	94816682	harbor2	chr13	94668408	94668746	LTR/ERVL-MaLR	1949	+	169	94668577	51895
chr13	94616682	94816682	harbor2	chr13	94668747	94669204	LTR/ERVL-MaLR	1977	+	228	94668975	52293
chr13	94616682	94816682	harbor2	chr13	94692537	94693031	LTR/ERVL-MaLR	1038	+	247	94692784	76102
chr13	94616682	94816682	harbor2	chr13	94693735	94693887	LTR/ERVL-MaLR	660	+	76	94693811	77129
chr13	94616682	94816682	harbor2	chr13	94694260	94694772	LTR/ERVL-MaLR	1959	+	256	94694516	77834
chr13	94616682	94816682	harbor2	chr13	94695245	94695605	LTR/ERVL-MaLR	2109	+	180	94695425	78743
chr13	94616682	94816682	harbor2	chr13	94696150	94696300	LTR/ERVL-MaLR	514	+	75	94696225	79543
chr13	94616682	94816682	harbor2	chr13	94696349	94696529	LTR/ERVL-MaLR	505	+	90	94696439	79757
chr13	94616682	94816682	harbor2	chr13	94697768	94697970	LTR/ERVL-MaLR	894	+	101	94697869	81187
chr13	37193965	37393965	harbor2	chr13	37199580	37199668	LTR/ERVL-MaLR	645	+	44	37199624	5659
chr13	37193965	37393965	harbor2	chr13	37227123	37227352	LTR/ERVL-MaLR	454	+	114	37227237	33272
chr13	37193965	37393965	harbor2	chr13	37227354	37227665	LTR/ERVL-MaLR	518	+	156	37227510	33545
chr13	37193965	37393965	harbor2	chr13	37233264	37233684	LTR/ERVL-MaLR	2293	+	210	37233474	39509
chr13	37193965	37393965	harbor2	chr13	37265134	37265215	LTR/ERVL-MaLR	1376	+	40	37265174	71209
chr13	37193965	37393965	harbor2	chr13	37265216	37265588	LTR/ERVL-MaLR	2041	+	186	37265402	71437
chr13	37193965	37393965	harbor2	chr13	37265589	37265611	LTR/ERVL-MaLR	1376	+	11	37265600	71635
chr13	37193965	37393965	harbor2	chr13	37265612	37266007	LTR/ERVL-MaLR	2061	+	198	37265810	71845
chr13	37193965	37393965	harbor2	chr13	37266008	37266387	LTR/ERVL-MaLR	1376	+	190	37266198	72233
chr13	36899401	37099401	harbor2	chr13	36933263	36933606	LTR/ERVL-MaLR	1678	+	172	36933435	34034
chr13	36899401	37099401	harbor2	chr13	36943279	36943704	LTR/ERVL-MaLR	1823	+	212	36943491	44090
chr13	36899401	37099401	harbor2	chr13	36987321	36987718	LTR/ERVL-MaLR	2065	+	198	36987519	88118
chr13	36899401	37099401	harbor2	chr13	36988710	36988883	LTR/ERVL-MaLR	611	+	86	36988796	89395
chr13	109467216	109667216	harbor2	chr13	109469425	109469759	LTR/ERVL-MaLR	1494	+	167	109469592	2376
chr13	109467216	109667216	harbor2	chr13	109486013	109486395	LTR/ERVL-MaLR	2051	+	191	109486204	18988
chr13	109467216	109667216	harbor2	chr13	109512916	109513121	LTR/ERVL-MaLR	630	+	102	109513018	45802
chr13	109467216	109667216	harbor2	chr13	109566516	109566893	LTR/ERVL-MaLR	2544	+	188	109566704	99488
chr13	20320596	20520596	harbor2	chr13	20347090	20347450	LTR/ERVL-MaLR	1767	+	180	20347270	26674
chr13	20320596	20520596	harbor2	chr13	20380328	20380784	LTR/ERVL-MaLR	1197	+	228	20380556	59960
chr13	20320596	20520596	harbor2	chr13	20386607	20386970	LTR/ERVL-MaLR	2463	+	182	20386789	66193
chr13	27730189	27930189	harbor2	chr13	27733848	27733925	LTR/ERVL-MaLR	1941	+	38	27733886	3697
chr13	27730189	27930189	harbor2	chr13	27734234	27734440	LTR/ERVL-MaLR	1941	+	103	27734337	4148
chr13	27730189	27930189	harbor2	chr13	27734734	27734862	LTR/ERVL-MaLR	1941	+	64	27734798	4609
chr13	27730189	27930189	harbor2	chr13	27734868	27735050	LTR/ERVL-MaLR	2150	+	91	27734959	4770
chr13	27730189	27930189	harbor2	chr13	27735673	27735899	LTR/ERVL-MaLR	2150	+	113	27735786	5597
chr13	27730189	27930189	harbor2	chr13	27743903	27744331	LTR/ERVL-MaLR	2503	+	214	27744117	13928
chr13	27730189	27930189	harbor2	chr13	27800210	27800588	LTR/ERVL-MaLR	2284	+	189	27800399	70210
chr13	27730189	27930189	harbor2	chr13	27801277	27801419	LTR/ERVL-MaLR	448	+	71	27801348	71159
chr13	27730189	27930189	harbor2	chr13	27801958	27802122	LTR/ERVL-MaLR	846	+	82	27802040	71851
chr13	27730189	27930189	harbor2	chr13	27802378	27802462	LTR/ERVL-MaLR	421	+	42	27802420	72231
chr13	27730189	27930189	harbor2	chr13	27808408	27808794	LTR/ERVL-MaLR	2098	+	193	27808601	78412
chr13	113726141	113926141	harbor2	chr13	113754500	113754653	LTR/ERVL-MaLR	540	+	76	113754576	28435
chr13	113726141	113926141	harbor2	chr13	113815415	113815766	LTR/ERVL-MaLR	2640	+	176	113815591	89450
chr13	20315103	20515103	harbor2	chr13	20347090	20347450	LTR/ERVL-MaLR	1767	+	180	20347270	32167
chr13	20315103	20515103	harbor2	chr13	20380328	20380784	LTR/ERVL-MaLR	1197	+	228	20380556	65453
chr13	20315103	20515103	harbor2	chr13	20386607	20386970	LTR/ERVL-MaLR	2463	+	182	20386789	71686
chr13	113726140	113926140	harbor2	chr13	113754500	113754653	LTR/ERVL-MaLR	540	+	76	113754576	28436
chr13	113726140	113926140	harbor2	chr13	113815415	113815766	LTR/ERVL-MaLR	2640	+	176	113815591	89451
chr13	113726144	113926144	harbor2	chr13	113754500	113754653	LTR/ERVL-MaLR	540	+	76	113754576	28432
chr13	113726144	113926144	harbor2	chr13	113815415	113815766	LTR/ERVL-MaLR	2640	+	176	113815591	89447
chr13	50025816	50225816	harbor2	chr13	50086743	50087240	LTR/ERVL-MaLR	1695	+	248	50086991	61175
chr13	50025816	50225816	harbor2	chr13	50107309	50107461	LTR/ERVL-MaLR	526	+	76	50107385	81569
chr13	50025816	50225816	harbor2	chr13	50121185	50121330	LTR/ERVL-MaLR	1195	+	72	50121257	95441
chr13	50025816	50225816	harbor2	chr13	50121606	50121842	LTR/ERVL-MaLR	1195	+	118	50121724	95908
chr13	20329118	20529118	harbor2	chr13	20347090	20347450	LTR/ERVL-MaLR	1767	+	180	20347270	18152
chr13	20329118	20529118	harbor2	chr13	20380328	20380784	LTR/ERVL-MaLR	1197	+	228	20380556	51438
chr13	20329118	20529118	harbor2	chr13	20386607	20386970	LTR/ERVL-MaLR	2463	+	182	20386789	57671
chr13	60297202	60497202	harbor2	chr13	60324423	60324936	LTR/ERVL-MaLR	2215	+	256	60324679	27477
chr13	60297202	60497202	harbor2	chr13	60344735	60345172	LTR/ERVL-MaLR	2196	+	218	60344953	47751
chr13	60297202	60497202	harbor2	chr13	60345713	60346166	LTR/ERVL-MaLR	603	+	226	60345939	48737
chr13	60297202	60497202	harbor2	chr13	60352310	60352454	LTR/ERVL-MaLR	532	+	72	60352382	55180
chr13	60297202	60497202	harbor2	chr13	60353821	60354044	LTR/ERVL-MaLR	508	+	112	60353933	56731
chr13	60297202	60497202	harbor2	chr13	60360900	60361510	LTR/ERVL-MaLR	2405	+	305	60361205	64003
chr13	60297202	60497202	harbor2	chr13	60367602	60367987	LTR/ERVL-MaLR	2049	+	192	60367794	70592
chr13	60297202	60497202	harbor2	chr13	60341923	60342316	LTR/ERVL-MaLR	1888	+	196	60342119	44917
chr13	110254735	110454735	harbor2	chr13	110335259	110335618	LTR/ERVL-MaLR	2113	+	180	110335439	80704
chr13	100785242	100985242	harbor2	chr13	100787725	100787760	LTR/ERVL-MaLR	2157	+	18	100787743	2501
chr13	100785242	100985242	harbor2	chr13	100787761	100788226	LTR/ERVL-MaLR	1267	+	232	100787993	2751
chr13	100785242	100985242	harbor2	chr13	100788227	100788585	LTR/ERVL-MaLR	2157	+	179	100788406	3164
chr13	100785242	100985242	harbor2	chr13	100792313	100792672	LTR/ERVL-MaLR	2436	+	180	100792493	7251
chr13	100785242	100985242	harbor2	chr13	100796004	100796347	LTR/ERVL-MaLR	2260	+	172	100796176	10934
chr13	100785242	100985242	harbor2	chr13	100833254	100833576	LTR/ERVL-MaLR	1856	+	161	100833415	48173
chr13	100785242	100985242	harbor2	chr13	100840003	100840111	LTR/ERVL-MaLR	1268	+	54	100840057	54815
chr13	100785242	100985242	harbor2	chr13	100840407	100840775	LTR/ERVL-MaLR	1268	+	184	100840591	55349
chr13	100785242	100985242	harbor2	chr13	100850782	100851104	LTR/ERVL-MaLR	1735	+	161	100850943	65701
chr13	100785242	100985242	harbor2	chr13	100858782	100859235	LTR/ERVL-MaLR	1828	+	226	100859008	73766
chr13	100848871	101048871	harbor2	chr13	100850782	100851104	LTR/ERVL-MaLR	1735	+	161	100850943	2072
chr13	100848871	101048871	harbor2	chr13	100858782	100859235	LTR/ERVL-MaLR	1828	+	226	100859008	10137
chr13	100848871	101048871	harbor2	chr13	100913531	100913895	LTR/ERVL-MaLR	1356	+	182	100913713	64842
chr13	100848871	101048871	harbor2	chr13	100927130	100927494	LTR/ERVL-MaLR	1957	+	182	100927312	78441
chr13	113736144	113936144	harbor2	chr13	113754500	113754653	LTR/ERVL-MaLR	540	+	76	113754576	18432
chr13	113736144	113936144	harbor2	chr13	113815415	113815766	LTR/ERVL-MaLR	2640	+	176	113815591	79447
chr13	113727215	113927215	harbor2	chr13	113754500	113754653	LTR/ERVL-MaLR	540	+	76	113754576	27361
chr13	113727215	113927215	harbor2	chr13	113815415	113815766	LTR/ERVL-MaLR	2640	+	176	113815591	88376
chr13	95000339	95200339	harbor2	chr13	95030448	95030834	LTR/ERVL-MaLR	2202	+	193	95030641	30302
chr13	95000339	95200339	harbor2	chr13	95070903	95071256	LTR/ERVL-MaLR	2452	+	176	95071079	70740
chr13	110779820	110979820	harbor2	chr13	110786872	110787276	LTR/ERVL-MaLR	2520	+	202	110787074	7254
chr13	110779820	110979820	harbor2	chr13	110827412	110827766	LTR/ERVL-MaLR	1951	+	177	110827589	47769
chr13	110779820	110979820	harbor2	chr13	110828084	110828124	LTR/ERVL-MaLR	1951	+	20	110828104	48284
chr13	110779820	110979820	harbor2	chr13	110829956	110830030	LTR/ERVL-MaLR	1055	+	37	110829993	50173
chr13	110779820	110979820	harbor2	chr13	110830333	110830669	LTR/ERVL-MaLR	1055	+	168	110830501	50681
chr13	110779820	110979820	harbor2	chr13	110832608	110833037	LTR/ERVL-MaLR	1027	+	214	110832822	53002
chr13	110779820	110979820	harbor2	chr13	110843712	110844090	LTR/ERVL-MaLR	2584	+	189	110843901	64081
chr13	110779820	110979820	harbor2	chr13	110857197	110857542	LTR/ERVL-MaLR	2198	+	172	110857369	77549
chr13	110779820	110979820	harbor2	chr13	110860169	110860591	LTR/ERVL-MaLR	2376	+	211	110860380	80560
chr13	110779820	110979820	harbor2	chr13	110872228	110872456	LTR/ERVL-MaLR	437	+	114	110872342	92522
chr13	58429168	58629168	harbor2	chr13	58434149	58434510	LTR/ERVL-MaLR	1733	+	180	58434329	5161
chr13	58429168	58629168	harbor2	chr13	58449993	58450337	LTR/ERVL-MaLR	1590	+	172	58450165	20997
chr13	58429168	58629168	harbor2	chr13	58461719	58461793	LTR/ERVL-MaLR	1485	+	37	58461756	32588
chr13	58429168	58629168	harbor2	chr13	58462178	58462257	LTR/ERVL-MaLR	1485	+	40	58462218	33050
chr13	58429168	58629168	harbor2	chr13	58462539	58462750	LTR/ERVL-MaLR	1485	+	106	58462645	33477
chr13	58429168	58629168	harbor2	chr13	58474497	58474623	LTR/ERVL-MaLR	466	+	63	58474560	45392
chr13	58429168	58629168	harbor2	chr13	58478255	58478628	LTR/ERVL-MaLR	2271	+	186	58478441	49273
chr13	27730181	27930181	harbor2	chr13	27733848	27733925	LTR/ERVL-MaLR	1941	+	38	27733886	3705
chr13	27730181	27930181	harbor2	chr13	27734234	27734440	LTR/ERVL-MaLR	1941	+	103	27734337	4156
chr13	27730181	27930181	harbor2	chr13	27734734	27734862	LTR/ERVL-MaLR	1941	+	64	27734798	4617
chr13	27730181	27930181	harbor2	chr13	27734868	27735050	LTR/ERVL-MaLR	2150	+	91	27734959	4778
chr13	27730181	27930181	harbor2	chr13	27735673	27735899	LTR/ERVL-MaLR	2150	+	113	27735786	5605
chr13	27730181	27930181	harbor2	chr13	27743903	27744331	LTR/ERVL-MaLR	2503	+	214	27744117	13936
chr13	27730181	27930181	harbor2	chr13	27800210	27800588	LTR/ERVL-MaLR	2284	+	189	27800399	70218
chr13	27730181	27930181	harbor2	chr13	27801277	27801419	LTR/ERVL-MaLR	448	+	71	27801348	71167
chr13	27730181	27930181	harbor2	chr13	27801958	27802122	LTR/ERVL-MaLR	846	+	82	27802040	71859
chr13	27730181	27930181	harbor2	chr13	27802378	27802462	LTR/ERVL-MaLR	421	+	42	27802420	72239
chr13	27730181	27930181	harbor2	chr13	27808408	27808794	LTR/ERVL-MaLR	2098	+	193	27808601	78420
chr13	28720903	28920903	harbor2	chr13	28734037	28734207	LTR/ERVL-MaLR	688	+	85	28734122	13219
chr13	28720903	28920903	harbor2	chr13	28734501	28734696	LTR/ERVL-MaLR	688	+	98	28734599	13696
chr13	28720903	28920903	harbor2	chr13	28749327	28749491	LTR/ERVL-MaLR	646	+	82	28749409	28506
chr13	28720903	28920903	harbor2	chr13	28749645	28749870	LTR/ERVL-MaLR	1042	+	112	28749757	28854
chr13	28720903	28920903	harbor2	chr13	28767126	28767569	LTR/ERVL-MaLR	1461	+	222	28767348	46445
chr13	28720903	28920903	harbor2	chr13	28807994	28808395	LTR/ERVL-MaLR	2508	+	200	28808194	87291
chr13	28720903	28920903	harbor2	chr13	28808396	28810054	LTR/ERVL-MaLR	9405	+	829	28809225	88322
chr13	28720903	28920903	harbor2	chr13	28810059	28810466	LTR/ERVL-MaLR	2737	+	204	28810263	89360
chr13	28720903	28920903	harbor2	chr13	28810478	28810826	LTR/ERVL-MaLR	1364	+	174	28810652	89749
chr13	113727457	113927457	harbor2	chr13	113754500	113754653	LTR/ERVL-MaLR	540	+	76	113754576	27119
chr13	113727457	113927457	harbor2	chr13	113815415	113815766	LTR/ERVL-MaLR	2640	+	176	113815591	88134
chr13	113726159	113926159	harbor2	chr13	113754500	113754653	LTR/ERVL-MaLR	540	+	76	113754576	28417
chr13	113726159	113926159	harbor2	chr13	113815415	113815766	LTR/ERVL-MaLR	2640	+	176	113815591	89432
chr13	110254770	110454770	harbor2	chr13	110335259	110335618	LTR/ERVL-MaLR	2113	+	180	110335439	80669
chr13	113726150	113926150	harbor2	chr13	113754500	113754653	LTR/ERVL-MaLR	540	+	76	113754576	28426
chr13	113726150	113926150	harbor2	chr13	113815415	113815766	LTR/ERVL-MaLR	2640	+	176	113815591	89441
chr13	99535043	99735043	harbor2	chr13	99578301	99578711	LTR/ERVL-MaLR	1561	+	205	99578506	43463
chr13	99535043	99735043	harbor2	chr13	99596306	99596660	LTR/ERVL-MaLR	2109	+	177	99596483	61440
chr13	99535043	99735043	harbor2	chr13	99602786	99603149	LTR/ERVL-MaLR	2009	+	182	99602968	67925
chr13	99535043	99735043	harbor2	chr13	99619099	99619471	LTR/ERVL-MaLR	1809	+	186	99619285	84242
chr13	23074893	23274893	harbor2	chr13	23091861	23092233	LTR/ERVL-MaLR	2544	+	186	23092047	17154
chr13	23074893	23274893	harbor2	chr13	23095100	23095489	LTR/ERVL-MaLR	1788	+	194	23095294	20401
chr13	23074893	23274893	harbor2	chr13	23132791	23133077	LTR/ERVL-MaLR	919	+	143	23132934	58041
chr13	22389127	22589127	harbor2	chr13	22458404	22458519	LTR/ERVL-MaLR	646	+	58	22458462	69335
chr13	22389127	22589127	harbor2	chr13	22468815	22469173	LTR/ERVL-MaLR	1562	+	179	22468994	79867
chr13	22389127	22589127	harbor2	chr13	22481693	22482139	LTR/ERVL-MaLR	2749	+	223	22481916	92789
chr13	113737492	113937492	harbor2	chr13	113754500	113754653	LTR/ERVL-MaLR	540	+	76	113754576	17084
chr13	113737492	113937492	harbor2	chr13	113815415	113815766	LTR/ERVL-MaLR	2640	+	176	113815591	78099
chr13	51842701	52042701	harbor2	chr13	51871063	51871192	LTR/ERVL-MaLR	1982	+	64	51871127	28426
chr13	51842701	52042701	harbor2	chr13	51873879	51874037	LTR/ERVL-MaLR	743	+	79	51873958	31257
chr13	51842701	52042701	harbor2	chr13	51874073	51874364	LTR/ERVL-MaLR	508	+	146	51874219	31518
chr13	51842701	52042701	harbor2	chr13	51881545	51881904	LTR/ERVL-MaLR	2039	+	180	51881725	39024
chr13	51842701	52042701	harbor2	chr13	51885038	51885208	LTR/ERVL-MaLR	473	+	85	51885123	42422
chr13	51842701	52042701	harbor2	chr13	51889268	51889613	LTR/ERVL-MaLR	1843	+	172	51889440	46739
chr13	51842701	52042701	harbor2	chr13	51890192	51890625	LTR/ERVL-MaLR	3085	+	216	51890408	47707
chr13	51842701	52042701	harbor2	chr13	51902558	51902854	LTR/ERVL-MaLR	1195	+	148	51902706	60005
chr13	51842701	52042701	harbor2	chr13	51910925	51911089	LTR/ERVL-MaLR	561	+	82	51911007	68306
chr13	51842701	52042701	harbor2	chr13	51871407	51871777	LTR/ERVL-MaLR	1982	+	185	51871592	28891
chr13	22891244	23091244	harbor2	chr13	22961611	22961959	LTR/ERVL-MaLR	1093	+	174	22961785	70541
chr13	22891244	23091244	harbor2	chr13	22978505	22978654	LTR/ERVL-MaLR	1434	+	74	22978579	87335
chr13	22891244	23091244	harbor2	chr13	22978680	22978838	LTR/ERVL-MaLR	1434	+	79	22978759	87515
chr13	22891244	23091244	harbor2	chr13	22989804	22990211	LTR/ERVL-MaLR	2461	+	204	22990008	98764
chr13	100665338	100865338	harbor2	chr13	100686272	100686657	LTR/ERVL-MaLR	2484	+	192	100686464	21126
chr13	100665338	100865338	harbor2	chr13	100689351	100689907	LTR/ERVL-MaLR	10625	+	278	100689629	24291
chr13	100665338	100865338	harbor2	chr13	100690039	100691112	LTR/ERVL-MaLR	10625	+	536	100690575	25237
chr13	100665338	100865338	harbor2	chr13	100691114	100691443	LTR/ERVL-MaLR	1214	+	164	100691278	25940
chr13	100665338	100865338	harbor2	chr13	100691838	100691994	LTR/ERVL-MaLR	2546	+	78	100691916	26578
chr13	100665338	100865338	harbor2	chr13	100692281	100692490	LTR/ERVL-MaLR	2546	+	104	100692385	27047
chr13	100665338	100865338	harbor2	chr13	100708186	100708563	LTR/ERVL-MaLR	2182	+	188	100708374	43036
chr13	100665338	100865338	harbor2	chr13	100714678	100715035	LTR/ERVL-MaLR	1203	+	178	100714856	49518
chr13	100665338	100865338	harbor2	chr13	100719596	100719771	LTR/ERVL-MaLR	1981	+	88	100719684	54346
chr13	100665338	100865338	harbor2	chr13	100719814	100719985	LTR/ERVL-MaLR	1981	+	86	100719900	54562
chr13	100665338	100865338	harbor2	chr13	100723026	100723618	LTR/ERVL-MaLR	2287	+	296	100723322	57984
chr13	100665338	100865338	harbor2	chr13	100723898	100724301	LTR/ERVL-MaLR	2330	+	202	100724100	58762
chr13	100665338	100865338	harbor2	chr13	100726846	100727202	LTR/ERVL-MaLR	2131	+	178	100727024	61686
chr13	100665338	100865338	harbor2	chr13	100729139	100729632	LTR/ERVL-MaLR	1767	+	246	100729385	64047
chr13	100665338	100865338	harbor2	chr13	100731814	100732151	LTR/ERVL-MaLR	2335	+	168	100731982	66644
chr13	100665338	100865338	harbor2	chr13	100745920	100746277	LTR/ERVL-MaLR	2686	+	178	100746098	80760
chr13	100665338	100865338	harbor2	chr13	100752316	100752382	LTR/ERVL-MaLR	1611	+	33	100752349	87011
chr13	100665338	100865338	harbor2	chr13	100752679	100752986	LTR/ERVL-MaLR	1611	+	154	100752833	87495
chr13	100665338	100865338	harbor2	chr13	100745163	100745546	LTR/ERVL-MaLR	2126	+	192	100745355	80017
chr13	113739633	113939633	harbor2	chr13	113754500	113754653	LTR/ERVL-MaLR	540	+	76	113754576	14943
chr13	113739633	113939633	harbor2	chr13	113815415	113815766	LTR/ERVL-MaLR	2640	+	176	113815591	75958
chr13	110290586	110490586	harbor2	chr13	110335259	110335618	LTR/ERVL-MaLR	2113	+	180	110335439	44853
chr13	113734431	113934431	harbor2	chr13	113754500	113754653	LTR/ERVL-MaLR	540	+	76	113754576	20145
chr13	113734431	113934431	harbor2	chr13	113815415	113815766	LTR/ERVL-MaLR	2640	+	176	113815591	81160
chr13	112675199	112875199	harbor2	chr13	112686907	112687368	LTR/ERVL-MaLR	623	+	230	112687137	11938
chr13	113750098	113950098	harbor2	chr13	113754500	113754653	LTR/ERVL-MaLR	540	+	76	113754576	4478
chr13	113750098	113950098	harbor2	chr13	113815415	113815766	LTR/ERVL-MaLR	2640	+	176	113815591	65493
chr13	36899416	37099416	harbor2	chr13	36933263	36933606	LTR/ERVL-MaLR	1678	+	172	36933435	34019
chr13	36899416	37099416	harbor2	chr13	36943279	36943704	LTR/ERVL-MaLR	1823	+	212	36943491	44075
chr13	36899416	37099416	harbor2	chr13	36987321	36987718	LTR/ERVL-MaLR	2065	+	198	36987519	88103
chr13	36899416	37099416	harbor2	chr13	36988710	36988883	LTR/ERVL-MaLR	611	+	86	36988796	89380
chr13	50026936	50226936	harbor2	chr13	50086743	50087240	LTR/ERVL-MaLR	1695	+	248	50086991	60055
chr13	50026936	50226936	harbor2	chr13	50107309	50107461	LTR/ERVL-MaLR	526	+	76	50107385	80449
chr13	50026936	50226936	harbor2	chr13	50121185	50121330	LTR/ERVL-MaLR	1195	+	72	50121257	94321
chr13	50026936	50226936	harbor2	chr13	50121606	50121842	LTR/ERVL-MaLR	1195	+	118	50121724	94788
chr13	75441536	75641536	harbor2	chr13	75491549	75492357	LTR/ERVL-MaLR	1808	+	404	75491953	50417
chr13	75441536	75641536	harbor2	chr13	75492640	75492709	LTR/ERVL-MaLR	1808	+	34	75492674	51138
chr13	75441536	75641536	harbor2	chr13	75495550	75495912	LTR/ERVL-MaLR	1412	+	181	75495731	54195
chr13	75441536	75641536	harbor2	chr13	75505386	75505679	LTR/ERVL-MaLR	739	+	146	75505532	63996
chr13	75441536	75641536	harbor2	chr13	75515791	75515913	LTR/ERVL-MaLR	411	+	61	75515852	74316
chr13	75441536	75641536	harbor2	chr13	75516142	75516335	LTR/ERVL-MaLR	491	+	96	75516238	74702
chr13	75441536	75641536	harbor2	chr13	75516634	75516981	LTR/ERVL-MaLR	1507	+	174	75516808	75272
chr13	75441536	75641536	harbor2	chr13	75519949	75520340	LTR/ERVL-MaLR	2206	+	196	75520145	78609
chr13	75441536	75641536	harbor2	chr13	75520342	75521935	LTR/ERVL-MaLR	9266	+	796	75521138	79602
chr13	75441536	75641536	harbor2	chr13	75521948	75522345	LTR/ERVL-MaLR	2514	+	198	75522146	80610
chr13	75441536	75641536	harbor2	chr13	75536365	75536776	LTR/ERVL-MaLR	1510	+	206	75536571	95035
chr13	51351715	51551715	harbor2	chr13	51405842	51405925	LTR/ERVL-MaLR	468	+	42	51405884	54169
chr13	51351715	51551715	harbor2	chr13	51415349	51415719	LTR/ERVL-MaLR	2341	+	185	51415534	63819
chr13	20329143	20529143	harbor2	chr13	20347090	20347450	LTR/ERVL-MaLR	1767	+	180	20347270	18127
chr13	20329143	20529143	harbor2	chr13	20380328	20380784	LTR/ERVL-MaLR	1197	+	228	20380556	51413
chr13	20329143	20529143	harbor2	chr13	20386607	20386970	LTR/ERVL-MaLR	2463	+	182	20386789	57646
chr14	103242844	103442844	harbor2	chr14	103277905	103278279	LTR/ERVL-MaLR	2488	+	187	103278092	35248
chr14	103242844	103442844	harbor2	chr14	103287548	103288010	LTR/ERVL-MaLR	1368	+	231	103287779	44935
chr14	103242844	103442844	harbor2	chr14	103325260	103325434	LTR/ERVL-MaLR	923	+	87	103325347	82503
chr14	103242844	103442844	harbor2	chr14	103325737	103325947	LTR/ERVL-MaLR	923	+	105	103325842	82998
chr14	103242844	103442844	harbor2	chr14	103326236	103326310	LTR/ERVL-MaLR	923	+	37	103326273	83429
chr14	99493147	99693147	harbor2	chr14	99530846	99531018	LTR/ERVL-MaLR	1049	+	86	99530932	37785
chr14	99493147	99693147	harbor2	chr14	99550105	99550546	LTR/ERVL-MaLR	1629	+	220	99550325	57178
chr14	99493147	99693147	harbor2	chr14	99558265	99558399	LTR/ERVL-MaLR	1145	+	67	99558332	65185
chr14	99493147	99693147	harbor2	chr14	99558647	99558796	LTR/ERVL-MaLR	1145	+	74	99558721	65574
chr14	99493147	99693147	harbor2	chr14	99558797	99559210	LTR/ERVL-MaLR	2378	+	206	99559003	65856
chr14	99493147	99693147	harbor2	chr14	99559211	99559362	LTR/ERVL-MaLR	1145	+	76	99559287	66140
chr14	67141303	67341303	harbor2	chr14	67232035	67232514	LTR/ERVL-MaLR	1441	+	240	67232275	90972
chr14	105613577	105813577	harbor2	chr14	105619592	105619772	LTR/ERVL-MaLR	754	+	90	105619682	6105
chr14	105613577	105813577	harbor2	chr14	105619773	105620109	LTR/ERVL-MaLR	1433	+	168	105619941	6364
chr14	105613577	105813577	harbor2	chr14	105638826	105639162	LTR/ERVL-MaLR	1421	+	168	105638994	25417
chr14	105613577	105813577	harbor2	chr14	105654618	105655062	LTR/ERVL-MaLR	2181	+	222	105654840	41263
chr14	105613577	105813577	harbor2	chr14	105655063	105655536	LTR/ERVL-MaLR	2647	+	236	105655299	41722
chr14	105613577	105813577	harbor2	chr14	105656382	105657552	LTR/ERVL-MaLR	6652	+	585	105656967	43390
chr14	105613577	105813577	harbor2	chr14	105657554	105657964	LTR/ERVL-MaLR	2479	+	205	105657759	44182
chr14	105613577	105813577	harbor2	chr14	105662488	105662821	LTR/ERVL-MaLR	1341	+	166	105662654	49077
chr14	90283171	90483171	harbor2	chr14	90298558	90298706	LTR/ERVL-MaLR	539	+	74	90298632	15461
chr14	90283171	90483171	harbor2	chr14	90311321	90311677	LTR/ERVL-MaLR	2322	+	178	90311499	28328
chr14	90283171	90483171	harbor2	chr14	90380092	90380507	LTR/ERVL-MaLR	2015	+	208	90380300	97129
chr14	67141327	67341327	harbor2	chr14	67232035	67232514	LTR/ERVL-MaLR	1441	+	240	67232275	90948
chr14	67141322	67341322	harbor2	chr14	67232035	67232514	LTR/ERVL-MaLR	1441	+	240	67232275	90953
chr14	100185464	100385464	harbor2	chr14	100186975	100187025	LTR/ERVL-MaLR	1063	+	25	100187000	1536
chr14	100185464	100385464	harbor2	chr14	100187329	100187786	LTR/ERVL-MaLR	1063	+	228	100187557	2093
chr14	100185464	100385464	harbor2	chr14	100188270	100188971	LTR/ERVL-MaLR	2598	+	350	100188620	3156
chr14	100185464	100385464	harbor2	chr14	100188972	100189013	LTR/ERVL-MaLR	758	+	20	100188992	3528
chr14	100185464	100385464	harbor2	chr14	100189311	100189585	LTR/ERVL-MaLR	1074	+	137	100189448	3984
chr14	100185464	100385464	harbor2	chr14	100251069	100251524	LTR/ERVL-MaLR	1515	+	228	100251297	65833
chr14	100185464	100385464	harbor2	chr14	100257440	100257794	LTR/ERVL-MaLR	1691	+	177	100257617	72153
chr14	75328321	75528321	harbor2	chr14	75347031	75347428	LTR/ERVL-MaLR	2476	+	198	75347229	18908
chr14	75328321	75528321	harbor2	chr14	75349560	75349975	LTR/ERVL-MaLR	1844	+	208	75349768	21447
chr14	75328321	75528321	harbor2	chr14	75376258	75376605	LTR/ERVL-MaLR	2083	+	174	75376432	48111
chr14	75328321	75528321	harbor2	chr14	75377825	75378157	LTR/ERVL-MaLR	1463	+	166	75377991	49670
chr14	75328321	75528321	harbor2	chr14	75378160	75378888	LTR/ERVL-MaLR	3568	+	364	75378524	50203
chr14	75328321	75528321	harbor2	chr14	75379154	75379602	LTR/ERVL-MaLR	989	+	224	75379378	51057
chr14	75328321	75528321	harbor2	chr14	75379604	75379795	LTR/ERVL-MaLR	1265	+	96	75379700	51379
chr14	75328321	75528321	harbor2	chr14	75380236	75380364	LTR/ERVL-MaLR	1265	+	64	75380300	51979
chr14	75328321	75528321	harbor2	chr14	75399397	75399827	LTR/ERVL-MaLR	682	+	215	75399612	71291
chr14	75328321	75528321	harbor2	chr14	75402942	75403245	LTR/ERVL-MaLR	1349	+	152	75403094	74773
chr14	75328321	75528321	harbor2	chr14	75403838	75404080	LTR/ERVL-MaLR	851	+	121	75403959	75638
chr14	75328321	75528321	harbor2	chr14	75412251	75412406	LTR/ERVL-MaLR	2086	+	78	75412329	84008
chr14	75328321	75528321	harbor2	chr14	75412596	75412818	LTR/ERVL-MaLR	2086	+	111	75412707	84386
chr14	75328321	75528321	harbor2	chr14	75424360	75424760	LTR/ERVL-MaLR	906	+	200	75424560	96239
chr14	100198905	100398905	harbor2	chr14	100251069	100251524	LTR/ERVL-MaLR	1515	+	228	100251297	52392
chr14	100198905	100398905	harbor2	chr14	100257440	100257794	LTR/ERVL-MaLR	1691	+	177	100257617	58712
chr14	100198905	100398905	harbor2	chr14	100288831	100289265	LTR/ERVL-MaLR	1620	+	217	100289048	90143
chr14	92647880	92847880	harbor2	chr14	92698776	92698890	LTR/ERVL-MaLR	627	+	57	92698833	50953
chr14	92647880	92847880	harbor2	chr14	92720691	92720881	LTR/ERVL-MaLR	1982	+	95	92720786	72906
chr14	92647880	92847880	harbor2	chr14	92721190	92721540	LTR/ERVL-MaLR	1982	+	175	92721365	73485
chr14	92647880	92847880	harbor2	chr14	92726863	92727148	LTR/ERVL-MaLR	795	+	142	92727005	79125
chr14	92647880	92847880	harbor2	chr14	92727453	92727510	LTR/ERVL-MaLR	795	+	28	92727481	79601
chr14	90283153	90483153	harbor2	chr14	90298558	90298706	LTR/ERVL-MaLR	539	+	74	90298632	15479
chr14	90283153	90483153	harbor2	chr14	90311321	90311677	LTR/ERVL-MaLR	2322	+	178	90311499	28346
chr14	90283153	90483153	harbor2	chr14	90380092	90380507	LTR/ERVL-MaLR	2015	+	208	90380300	97147
chr14	90283474	90483474	harbor2	chr14	90298558	90298706	LTR/ERVL-MaLR	539	+	74	90298632	15158
chr14	90283474	90483474	harbor2	chr14	90311321	90311677	LTR/ERVL-MaLR	2322	+	178	90311499	28025
chr14	90283474	90483474	harbor2	chr14	90380092	90380507	LTR/ERVL-MaLR	2015	+	208	90380300	96826
chr14	101610279	101810279	harbor2	chr14	101661652	101662064	LTR/ERVL-MaLR	2211	+	206	101661858	51579
chr14	101610279	101810279	harbor2	chr14	101702214	101702594	LTR/ERVL-MaLR	3038	+	190	101702404	92125
chr14	101610279	101810279	harbor2	chr14	101702602	101702964	LTR/ERVL-MaLR	2247	+	181	101702783	92504
chr14	67500241	67700241	harbor2	chr14	67595532	67595677	LTR/ERVL-MaLR	589	+	72	67595604	95363
chr14	54389016	54589016	harbor2	chr14	54438729	54439141	LTR/ERVL-MaLR	1938	+	206	54438935	49919
chr14	54389016	54589016	harbor2	chr14	54458105	54458473	LTR/ERVL-MaLR	2179	+	184	54458289	69273
chr14	54389016	54589016	harbor2	chr14	54458476	54459957	LTR/ERVL-MaLR	10572	+	740	54459216	70200
chr14	54389016	54589016	harbor2	chr14	54459958	54460249	LTR/ERVL-MaLR	1635	+	146	54460104	71088
chr14	54389016	54589016	harbor2	chr14	54467156	54467442	LTR/ERVL-MaLR	1403	+	143	54467299	78283
chr14	54389016	54589016	harbor2	chr14	54467444	54469011	LTR/ERVL-MaLR	7501	+	784	54468228	79212
chr14	54389016	54589016	harbor2	chr14	54469012	54469346	LTR/ERVL-MaLR	1209	+	167	54469179	80163
chr14	54389016	54589016	harbor2	chr14	54469629	54469701	LTR/ERVL-MaLR	1010	+	36	54469665	80649
chr14	54389016	54589016	harbor2	chr14	54472036	54472338	LTR/ERVL-MaLR	1010	+	151	54472187	83171
chr14	75330460	75530460	harbor2	chr14	75347031	75347428	LTR/ERVL-MaLR	2476	+	198	75347229	16769
chr14	75330460	75530460	harbor2	chr14	75349560	75349975	LTR/ERVL-MaLR	1844	+	208	75349768	19308
chr14	75330460	75530460	harbor2	chr14	75376258	75376605	LTR/ERVL-MaLR	2083	+	174	75376432	45972
chr14	75330460	75530460	harbor2	chr14	75377825	75378157	LTR/ERVL-MaLR	1463	+	166	75377991	47531
chr14	75330460	75530460	harbor2	chr14	75378160	75378888	LTR/ERVL-MaLR	3568	+	364	75378524	48064
chr14	75330460	75530460	harbor2	chr14	75379154	75379602	LTR/ERVL-MaLR	989	+	224	75379378	48918
chr14	75330460	75530460	harbor2	chr14	75379604	75379795	LTR/ERVL-MaLR	1265	+	96	75379700	49240
chr14	75330460	75530460	harbor2	chr14	75380236	75380364	LTR/ERVL-MaLR	1265	+	64	75380300	49840
chr14	75330460	75530460	harbor2	chr14	75399397	75399827	LTR/ERVL-MaLR	682	+	215	75399612	69152
chr14	75330460	75530460	harbor2	chr14	75402942	75403245	LTR/ERVL-MaLR	1349	+	152	75403094	72634
chr14	75330460	75530460	harbor2	chr14	75403838	75404080	LTR/ERVL-MaLR	851	+	121	75403959	73499
chr14	75330460	75530460	harbor2	chr14	75412251	75412406	LTR/ERVL-MaLR	2086	+	78	75412329	81869
chr14	75330460	75530460	harbor2	chr14	75412596	75412818	LTR/ERVL-MaLR	2086	+	111	75412707	82247
chr14	75330460	75530460	harbor2	chr14	75424360	75424760	LTR/ERVL-MaLR	906	+	200	75424560	94100
chr14	51889569	52089569	harbor2	chr14	51895700	51896063	LTR/ERVL-MaLR	2306	+	182	51895882	6313
chr14	51889569	52089569	harbor2	chr14	51905657	51906021	LTR/ERVL-MaLR	2590	+	182	51905839	16270
chr14	51889569	52089569	harbor2	chr14	51932752	51933237	LTR/ERVL-MaLR	1447	+	242	51932994	43425
chr14	51889569	52089569	harbor2	chr14	51947208	51947733	LTR/ERVL-MaLR	2072	+	262	51947470	57901
chr14	51889569	52089569	harbor2	chr14	51963940	51964386	LTR/ERVL-MaLR	1580	+	223	51964163	74594
chr14	51889569	52089569	harbor2	chr14	51983686	51984108	LTR/ERVL-MaLR	2621	+	211	51983897	94328
chr14	104203027	104403027	harbor2	chr14	104213212	104213667	LTR/ERVL-MaLR	527	+	228	104213440	10413
chr14	104203027	104403027	harbor2	chr14	104233255	104233548	LTR/ERVL-MaLR	1552	+	146	104233401	30374
chr14	104203027	104403027	harbor2	chr14	104235061	104235368	LTR/ERVL-MaLR	1832	+	154	104235215	32188
chr14	104203027	104403027	harbor2	chr14	104272924	104273258	LTR/ERVL-MaLR	2110	+	167	104273091	70064
chr14	104203027	104403027	harbor2	chr14	104275861	104276045	LTR/ERVL-MaLR	582	+	92	104275953	72926
chr14	104203027	104403027	harbor2	chr14	104276341	104276505	LTR/ERVL-MaLR	582	+	82	104276423	73396
chr14	104203027	104403027	harbor2	chr14	104233550	104235060	LTR/ERVL-MaLR	10715	+	755	104234305	31278
chr14	99507679	99707679	harbor2	chr14	99530846	99531018	LTR/ERVL-MaLR	1049	+	86	99530932	23253
chr14	99507679	99707679	harbor2	chr14	99550105	99550546	LTR/ERVL-MaLR	1629	+	220	99550325	42646
chr14	99507679	99707679	harbor2	chr14	99558265	99558399	LTR/ERVL-MaLR	1145	+	67	99558332	50653
chr14	99507679	99707679	harbor2	chr14	99558647	99558796	LTR/ERVL-MaLR	1145	+	74	99558721	51042
chr14	99507679	99707679	harbor2	chr14	99558797	99559210	LTR/ERVL-MaLR	2378	+	206	99559003	51324
chr14	99507679	99707679	harbor2	chr14	99559211	99559362	LTR/ERVL-MaLR	1145	+	76	99559287	51608
chr14	90960739	91160739	harbor2	chr14	90974440	90974903	LTR/ERVL-MaLR	836	+	232	90974672	13933
chr14	90960739	91160739	harbor2	chr14	90975329	90975688	LTR/ERVL-MaLR	1596	+	180	90975509	14770
chr14	90960739	91160739	harbor2	chr14	91006343	91006706	LTR/ERVL-MaLR	1729	+	182	91006525	45786
chr14	90960739	91160739	harbor2	chr14	91009113	91009420	LTR/ERVL-MaLR	1651	+	154	91009267	48528
chr14	90960739	91160739	harbor2	chr14	91009543	91009587	LTR/ERVL-MaLR	1651	+	22	91009565	48826
chr14	90960739	91160739	harbor2	chr14	91044442	91044591	LTR/ERVL-MaLR	842	+	74	91044516	83777
chr14	90960739	91160739	harbor2	chr14	91044892	91045175	LTR/ERVL-MaLR	842	+	142	91045034	84295
chr14	90960739	91160739	harbor2	chr14	91055799	91056172	LTR/ERVL-MaLR	1186	+	186	91055985	95246
chr14	23420834	23620834	harbor2	chr14	23449887	23450291	LTR/ERVL-MaLR	2515	+	202	23450089	29255
chr14	23420834	23620834	harbor2	chr14	23456958	23457301	LTR/ERVL-MaLR	1821	+	172	23457130	36296
chr14	23420834	23620834	harbor2	chr14	23457607	23457678	LTR/ERVL-MaLR	1821	+	36	23457643	36809
chr14	23420834	23620834	harbor2	chr14	23460785	23461253	LTR/ERVL-MaLR	1836	+	234	23461019	40185
chr14	100229888	100429888	harbor2	chr14	100251069	100251524	LTR/ERVL-MaLR	1515	+	228	100251297	21409
chr14	100229888	100429888	harbor2	chr14	100257440	100257794	LTR/ERVL-MaLR	1691	+	177	100257617	27729
chr14	100229888	100429888	harbor2	chr14	100288831	100289265	LTR/ERVL-MaLR	1620	+	217	100289048	59160
chr14	100229888	100429888	harbor2	chr14	100310911	100310960	LTR/ERVL-MaLR	553	+	24	100310935	81047
chr14	100229888	100429888	harbor2	chr14	100311137	100311225	LTR/ERVL-MaLR	553	+	44	100311181	81293
chr14	100229888	100429888	harbor2	chr14	100315134	100315602	LTR/ERVL-MaLR	1690	+	234	100315368	85480
chr14	100229888	100429888	harbor2	chr14	100315909	100315968	LTR/ERVL-MaLR	1690	+	30	100315939	86051
chr14	104882850	105082850	harbor2	chr14	104911287	104911577	LTR/ERVL-MaLR	873	+	145	104911432	28582
chr14	104882850	105082850	harbor2	chr14	104924293	104924672	LTR/ERVL-MaLR	625	+	190	104924483	41633
chr14	104882850	105082850	harbor2	chr14	104935488	104936062	LTR/ERVL-MaLR	1812	+	287	104935775	52925
chr14	75329481	75529481	harbor2	chr14	75347031	75347428	LTR/ERVL-MaLR	2476	+	198	75347229	17748
chr14	75329481	75529481	harbor2	chr14	75349560	75349975	LTR/ERVL-MaLR	1844	+	208	75349768	20287
chr14	75329481	75529481	harbor2	chr14	75376258	75376605	LTR/ERVL-MaLR	2083	+	174	75376432	46951
chr14	75329481	75529481	harbor2	chr14	75377825	75378157	LTR/ERVL-MaLR	1463	+	166	75377991	48510
chr14	75329481	75529481	harbor2	chr14	75378160	75378888	LTR/ERVL-MaLR	3568	+	364	75378524	49043
chr14	75329481	75529481	harbor2	chr14	75379154	75379602	LTR/ERVL-MaLR	989	+	224	75379378	49897
chr14	75329481	75529481	harbor2	chr14	75379604	75379795	LTR/ERVL-MaLR	1265	+	96	75379700	50219
chr14	75329481	75529481	harbor2	chr14	75380236	75380364	LTR/ERVL-MaLR	1265	+	64	75380300	50819
chr14	75329481	75529481	harbor2	chr14	75399397	75399827	LTR/ERVL-MaLR	682	+	215	75399612	70131
chr14	75329481	75529481	harbor2	chr14	75402942	75403245	LTR/ERVL-MaLR	1349	+	152	75403094	73613
chr14	75329481	75529481	harbor2	chr14	75403838	75404080	LTR/ERVL-MaLR	851	+	121	75403959	74478
chr14	75329481	75529481	harbor2	chr14	75412251	75412406	LTR/ERVL-MaLR	2086	+	78	75412329	82848
chr14	75329481	75529481	harbor2	chr14	75412596	75412818	LTR/ERVL-MaLR	2086	+	111	75412707	83226
chr14	75329481	75529481	harbor2	chr14	75424360	75424760	LTR/ERVL-MaLR	906	+	200	75424560	95079
chr14	105106012	105306012	harbor2	chr14	105118100	105118297	LTR/ERVL-MaLR	671	+	98	105118198	12186
chr14	105106012	105306012	harbor2	chr14	105120567	105120916	LTR/ERVL-MaLR	1790	+	174	105120741	14729
chr14	105106012	105306012	harbor2	chr14	105173373	105173899	LTR/ERVL-MaLR	702	+	263	105173636	67624
chr14	75329814	75529814	harbor2	chr14	75347031	75347428	LTR/ERVL-MaLR	2476	+	198	75347229	17415
chr14	75329814	75529814	harbor2	chr14	75349560	75349975	LTR/ERVL-MaLR	1844	+	208	75349768	19954
chr14	75329814	75529814	harbor2	chr14	75376258	75376605	LTR/ERVL-MaLR	2083	+	174	75376432	46618
chr14	75329814	75529814	harbor2	chr14	75377825	75378157	LTR/ERVL-MaLR	1463	+	166	75377991	48177
chr14	75329814	75529814	harbor2	chr14	75378160	75378888	LTR/ERVL-MaLR	3568	+	364	75378524	48710
chr14	75329814	75529814	harbor2	chr14	75379154	75379602	LTR/ERVL-MaLR	989	+	224	75379378	49564
chr14	75329814	75529814	harbor2	chr14	75379604	75379795	LTR/ERVL-MaLR	1265	+	96	75379700	49886
chr14	75329814	75529814	harbor2	chr14	75380236	75380364	LTR/ERVL-MaLR	1265	+	64	75380300	50486
chr14	75329814	75529814	harbor2	chr14	75399397	75399827	LTR/ERVL-MaLR	682	+	215	75399612	69798
chr14	75329814	75529814	harbor2	chr14	75402942	75403245	LTR/ERVL-MaLR	1349	+	152	75403094	73280
chr14	75329814	75529814	harbor2	chr14	75403838	75404080	LTR/ERVL-MaLR	851	+	121	75403959	74145
chr14	75329814	75529814	harbor2	chr14	75412251	75412406	LTR/ERVL-MaLR	2086	+	78	75412329	82515
chr14	75329814	75529814	harbor2	chr14	75412596	75412818	LTR/ERVL-MaLR	2086	+	111	75412707	82893
chr14	75329814	75529814	harbor2	chr14	75424360	75424760	LTR/ERVL-MaLR	906	+	200	75424560	94746
chr14	104404069	104604069	harbor2	chr14	104404942	104405244	LTR/ERVL-MaLR	904	+	151	104405093	1024
chr14	104404069	104604069	harbor2	chr14	104407445	104407799	LTR/ERVL-MaLR	2541	+	177	104407622	3553
chr14	104404069	104604069	harbor2	chr14	104417577	104417937	LTR/ERVL-MaLR	1948	+	180	104417757	13688
chr14	104404069	104604069	harbor2	chr14	104438480	104438872	LTR/ERVL-MaLR	1892	+	196	104438676	34607
chr14	104404069	104604069	harbor2	chr14	104440990	104441022	LTR/ERVL-MaLR	1892	+	16	104441006	36937
chr14	104404069	104604069	harbor2	chr14	104501440	104501801	LTR/ERVL-MaLR	2472	+	180	104501620	97551
chr14	104404069	104604069	harbor2	chr14	104503026	104503450	LTR/ERVL-MaLR	2434	+	212	104503238	99169
chr14	49792946	49992946	harbor2	chr14	49857490	49857990	LTR/ERVL-MaLR	1353	+	250	49857740	64794
chr14	49792946	49992946	harbor2	chr14	49865323	49865480	LTR/ERVL-MaLR	474	+	78	49865401	72455
chr14	104017421	104217421	harbor2	chr14	104045609	104045956	LTR/ERVL-MaLR	1294	+	174	104045783	28362
chr14	104017421	104217421	harbor2	chr14	104055119	104055501	LTR/ERVL-MaLR	495	+	191	104055310	37889
chr14	104017421	104217421	harbor2	chr14	104073924	104074299	LTR/ERVL-MaLR	983	+	188	104074112	56691
chr14	104017421	104217421	harbor2	chr14	104083565	104083934	LTR/ERVL-MaLR	1145	+	184	104083749	66328
chr14	73685543	73885543	harbor2	chr14	73777323	73777445	LTR/ERVL-MaLR	472	+	61	73777384	91841
chr14	100248586	100448586	harbor2	chr14	100251069	100251524	LTR/ERVL-MaLR	1515	+	228	100251297	2711
chr14	100248586	100448586	harbor2	chr14	100257440	100257794	LTR/ERVL-MaLR	1691	+	177	100257617	9031
chr14	100248586	100448586	harbor2	chr14	100288831	100289265	LTR/ERVL-MaLR	1620	+	217	100289048	40462
chr14	100248586	100448586	harbor2	chr14	100310911	100310960	LTR/ERVL-MaLR	553	+	24	100310935	62349
chr14	100248586	100448586	harbor2	chr14	100311137	100311225	LTR/ERVL-MaLR	553	+	44	100311181	62595
chr14	100248586	100448586	harbor2	chr14	100315134	100315602	LTR/ERVL-MaLR	1690	+	234	100315368	66782
chr14	100248586	100448586	harbor2	chr14	100315909	100315968	LTR/ERVL-MaLR	1690	+	30	100315939	67353
chr14	100241667	100441667	harbor2	chr14	100251069	100251524	LTR/ERVL-MaLR	1515	+	228	100251297	9630
chr14	100241667	100441667	harbor2	chr14	100257440	100257794	LTR/ERVL-MaLR	1691	+	177	100257617	15950
chr14	100241667	100441667	harbor2	chr14	100288831	100289265	LTR/ERVL-MaLR	1620	+	217	100289048	47381
chr14	100241667	100441667	harbor2	chr14	100310911	100310960	LTR/ERVL-MaLR	553	+	24	100310935	69268
chr14	100241667	100441667	harbor2	chr14	100311137	100311225	LTR/ERVL-MaLR	553	+	44	100311181	69514
chr14	100241667	100441667	harbor2	chr14	100315134	100315602	LTR/ERVL-MaLR	1690	+	234	100315368	73701
chr14	100241667	100441667	harbor2	chr14	100315909	100315968	LTR/ERVL-MaLR	1690	+	30	100315939	74272
chr14	100229896	100429896	harbor2	chr14	100251069	100251524	LTR/ERVL-MaLR	1515	+	228	100251297	21401
chr14	100229896	100429896	harbor2	chr14	100257440	100257794	LTR/ERVL-MaLR	1691	+	177	100257617	27721
chr14	100229896	100429896	harbor2	chr14	100288831	100289265	LTR/ERVL-MaLR	1620	+	217	100289048	59152
chr14	100229896	100429896	harbor2	chr14	100310911	100310960	LTR/ERVL-MaLR	553	+	24	100310935	81039
chr14	100229896	100429896	harbor2	chr14	100311137	100311225	LTR/ERVL-MaLR	553	+	44	100311181	81285
chr14	100229896	100429896	harbor2	chr14	100315134	100315602	LTR/ERVL-MaLR	1690	+	234	100315368	85472
chr14	100229896	100429896	harbor2	chr14	100315909	100315968	LTR/ERVL-MaLR	1690	+	30	100315939	86043
chr14	103422944	103622944	harbor2	chr14	103422847	103423158	LTR/ERVL-MaLR	925	+	156	103423003	59
chr14	67500259	67700259	harbor2	chr14	67595532	67595677	LTR/ERVL-MaLR	589	+	72	67595604	95345
chr14	73545011	73745011	harbor2	chr14	73598036	73598092	LTR/ERVL-MaLR	794	+	28	73598064	53053
chr14	73545011	73745011	harbor2	chr14	73598406	73598584	LTR/ERVL-MaLR	794	+	89	73598495	53484
chr14	73545011	73745011	harbor2	chr14	73599021	73599325	LTR/ERVL-MaLR	738	+	152	73599173	54162
chr14	73545011	73745011	harbor2	chr14	73623349	73623405	LTR/ERVL-MaLR	2080	+	28	73623377	78366
chr14	73545011	73745011	harbor2	chr14	73623693	73624004	LTR/ERVL-MaLR	2080	+	156	73623849	78838
chr14	73545011	73745011	harbor2	chr14	73624598	73624673	LTR/ERVL-MaLR	2080	+	38	73624636	79625
chr14	104623763	104823763	harbor2	chr14	104626344	104626744	LTR/ERVL-MaLR	2209	+	200	104626544	2781
chr14	104623763	104823763	harbor2	chr14	104627639	104628061	LTR/ERVL-MaLR	2844	+	211	104627850	4087
chr14	104623763	104823763	harbor2	chr14	104656776	104657115	LTR/ERVL-MaLR	1247	+	170	104656946	33183
chr14	104623763	104823763	harbor2	chr14	104657376	104657519	LTR/ERVL-MaLR	487	+	72	104657448	33685
chr14	104623763	104823763	harbor2	chr14	104658369	104658553	LTR/ERVL-MaLR	628	+	92	104658461	34698
chr14	104623763	104823763	harbor2	chr14	104662724	104662859	LTR/ERVL-MaLR	1020	+	68	104662792	39029
chr14	104623763	104823763	harbor2	chr14	104663156	104663224	LTR/ERVL-MaLR	1020	+	34	104663190	39427
chr14	104623763	104823763	harbor2	chr14	104673894	104674255	LTR/ERVL-MaLR	2438	+	180	104674074	50311
chr14	105200518	105400518	harbor2	chr14	105275718	105275919	LTR/ERVL-MaLR	783	+	100	105275818	75300
chr14	90283167	90483167	harbor2	chr14	90298558	90298706	LTR/ERVL-MaLR	539	+	74	90298632	15465
chr14	90283167	90483167	harbor2	chr14	90311321	90311677	LTR/ERVL-MaLR	2322	+	178	90311499	28332
chr14	90283167	90483167	harbor2	chr14	90380092	90380507	LTR/ERVL-MaLR	2015	+	208	90380300	97133
chr14	67141987	67341987	harbor2	chr14	67232035	67232514	LTR/ERVL-MaLR	1441	+	240	67232275	90288
chr14	67141325	67341325	harbor2	chr14	67232035	67232514	LTR/ERVL-MaLR	1441	+	240	67232275	90950
chr14	99493150	99693150	harbor2	chr14	99530846	99531018	LTR/ERVL-MaLR	1049	+	86	99530932	37782
chr14	99493150	99693150	harbor2	chr14	99550105	99550546	LTR/ERVL-MaLR	1629	+	220	99550325	57175
chr14	99493150	99693150	harbor2	chr14	99558265	99558399	LTR/ERVL-MaLR	1145	+	67	99558332	65182
chr14	99493150	99693150	harbor2	chr14	99558647	99558796	LTR/ERVL-MaLR	1145	+	74	99558721	65571
chr14	99493150	99693150	harbor2	chr14	99558797	99559210	LTR/ERVL-MaLR	2378	+	206	99559003	65853
chr14	99493150	99693150	harbor2	chr14	99559211	99559362	LTR/ERVL-MaLR	1145	+	76	99559287	66137
chr14	100185450	100385450	harbor2	chr14	100186975	100187025	LTR/ERVL-MaLR	1063	+	25	100187000	1550
chr14	100185450	100385450	harbor2	chr14	100187329	100187786	LTR/ERVL-MaLR	1063	+	228	100187557	2107
chr14	100185450	100385450	harbor2	chr14	100188270	100188971	LTR/ERVL-MaLR	2598	+	350	100188620	3170
chr14	100185450	100385450	harbor2	chr14	100188972	100189013	LTR/ERVL-MaLR	758	+	20	100188992	3542
chr14	100185450	100385450	harbor2	chr14	100189311	100189585	LTR/ERVL-MaLR	1074	+	137	100189448	3998
chr14	100185450	100385450	harbor2	chr14	100251069	100251524	LTR/ERVL-MaLR	1515	+	228	100251297	65847
chr14	100185450	100385450	harbor2	chr14	100257440	100257794	LTR/ERVL-MaLR	1691	+	177	100257617	72167
chr14	21356262	21556262	harbor2	chr14	21372468	21372721	LTR/ERVL-MaLR	713	+	126	21372594	16332
chr14	21356262	21556262	harbor2	chr14	21406272	21406640	LTR/ERVL-MaLR	527	+	184	21406456	50194
chr14	21356262	21556262	harbor2	chr14	21421703	21422058	LTR/ERVL-MaLR	1879	+	178	21421881	65619
chr14	21356262	21556262	harbor2	chr14	21422360	21422421	LTR/ERVL-MaLR	1879	+	30	21422390	66128
chr14	21356262	21556262	harbor2	chr14	21441275	21441400	LTR/ERVL-MaLR	480	+	62	21441337	85075
chr14	100276552	100476552	harbor2	chr14	100288831	100289265	LTR/ERVL-MaLR	1620	+	217	100289048	12496
chr14	100276552	100476552	harbor2	chr14	100310911	100310960	LTR/ERVL-MaLR	553	+	24	100310935	34383
chr14	100276552	100476552	harbor2	chr14	100311137	100311225	LTR/ERVL-MaLR	553	+	44	100311181	34629
chr14	100276552	100476552	harbor2	chr14	100315134	100315602	LTR/ERVL-MaLR	1690	+	234	100315368	38816
chr14	100276552	100476552	harbor2	chr14	100315909	100315968	LTR/ERVL-MaLR	1690	+	30	100315939	39387
chr14	105872245	106072245	harbor2	chr14	105951537	105951921	LTR/ERVL-MaLR	1543	+	192	105951729	79484
chr14	105872245	106072245	harbor2	chr14	105962303	105962691	LTR/ERVL-MaLR	1595	+	194	105962497	90252
chr14	105872245	106072245	harbor2	chr14	105962694	105962919	LTR/ERVL-MaLR	1472	+	112	105962806	90561
chr14	105872245	106072245	harbor2	chr14	105963894	105965154	LTR/ERVL-MaLR	7774	+	630	105964524	92279
chr14	105872245	106072245	harbor2	chr14	105922358	105922722	LTR/ERVL-MaLR	1320	+	182	105922540	50295
chr14	90283475	90483475	harbor2	chr14	90298558	90298706	LTR/ERVL-MaLR	539	+	74	90298632	15157
chr14	90283475	90483475	harbor2	chr14	90311321	90311677	LTR/ERVL-MaLR	2322	+	178	90311499	28024
chr14	90283475	90483475	harbor2	chr14	90380092	90380507	LTR/ERVL-MaLR	2015	+	208	90380300	96825
chr14	55029365	55229365	harbor2	chr14	55125136	55125513	LTR/ERVL-MaLR	1937	+	188	55125324	95959
chr14	92958098	93158098	harbor2	chr14	92961718	92962081	LTR/ERVL-MaLR	1407	+	182	92961900	3802
chr14	92958098	93158098	harbor2	chr14	92972213	92972567	LTR/ERVL-MaLR	1813	+	177	92972390	14292
chr14	92958098	93158098	harbor2	chr14	92975806	92976162	LTR/ERVL-MaLR	2337	+	178	92975984	17886
chr14	92958098	93158098	harbor2	chr14	92977488	92977867	LTR/ERVL-MaLR	2061	+	190	92977678	19580
chr14	92958098	93158098	harbor2	chr14	92979461	92979804	LTR/ERVL-MaLR	1870	+	172	92979633	21535
chr14	92958098	93158098	harbor2	chr14	92980081	92980120	LTR/ERVL-MaLR	1870	+	20	92980101	22003
chr14	92958098	93158098	harbor2	chr14	92982363	92982737	LTR/ERVL-MaLR	1159	+	187	92982550	24452
chr14	92958098	93158098	harbor2	chr14	92990039	92990527	LTR/ERVL-MaLR	914	+	244	92990283	32185
chr14	92958098	93158098	harbor2	chr14	92994797	92995222	LTR/ERVL-MaLR	788	+	212	92995009	36911
chr14	92958098	93158098	harbor2	chr14	93023192	93023528	LTR/ERVL-MaLR	873	+	168	93023360	65262
chr14	92958098	93158098	harbor2	chr14	93030699	93031147	LTR/ERVL-MaLR	2147	+	224	93030923	72825
chr14	92958098	93158098	harbor2	chr14	93047186	93047318	LTR/ERVL-MaLR	502	+	66	93047252	89154
chr14	92958098	93158098	harbor2	chr14	93047319	93047762	LTR/ERVL-MaLR	1758	+	222	93047541	89443
chr14	92958098	93158098	harbor2	chr14	93047763	93048040	LTR/ERVL-MaLR	502	+	138	93047901	89803
chr14	92958098	93158098	harbor2	chr14	92977868	92979460	LTR/ERVL-MaLR	11476	+	796	92978664	20566
chr14	100277909	100477909	harbor2	chr14	100288831	100289265	LTR/ERVL-MaLR	1620	+	217	100289048	11139
chr14	100277909	100477909	harbor2	chr14	100310911	100310960	LTR/ERVL-MaLR	553	+	24	100310935	33026
chr14	100277909	100477909	harbor2	chr14	100311137	100311225	LTR/ERVL-MaLR	553	+	44	100311181	33272
chr14	100277909	100477909	harbor2	chr14	100315134	100315602	LTR/ERVL-MaLR	1690	+	234	100315368	37459
chr14	100277909	100477909	harbor2	chr14	100315909	100315968	LTR/ERVL-MaLR	1690	+	30	100315939	38030
chr14	75330552	75530552	harbor2	chr14	75347031	75347428	LTR/ERVL-MaLR	2476	+	198	75347229	16677
chr14	75330552	75530552	harbor2	chr14	75349560	75349975	LTR/ERVL-MaLR	1844	+	208	75349768	19216
chr14	75330552	75530552	harbor2	chr14	75376258	75376605	LTR/ERVL-MaLR	2083	+	174	75376432	45880
chr14	75330552	75530552	harbor2	chr14	75377825	75378157	LTR/ERVL-MaLR	1463	+	166	75377991	47439
chr14	75330552	75530552	harbor2	chr14	75378160	75378888	LTR/ERVL-MaLR	3568	+	364	75378524	47972
chr14	75330552	75530552	harbor2	chr14	75379154	75379602	LTR/ERVL-MaLR	989	+	224	75379378	48826
chr14	75330552	75530552	harbor2	chr14	75379604	75379795	LTR/ERVL-MaLR	1265	+	96	75379700	49148
chr14	75330552	75530552	harbor2	chr14	75380236	75380364	LTR/ERVL-MaLR	1265	+	64	75380300	49748
chr14	75330552	75530552	harbor2	chr14	75399397	75399827	LTR/ERVL-MaLR	682	+	215	75399612	69060
chr14	75330552	75530552	harbor2	chr14	75402942	75403245	LTR/ERVL-MaLR	1349	+	152	75403094	72542
chr14	75330552	75530552	harbor2	chr14	75403838	75404080	LTR/ERVL-MaLR	851	+	121	75403959	73407
chr14	75330552	75530552	harbor2	chr14	75412251	75412406	LTR/ERVL-MaLR	2086	+	78	75412329	81777
chr14	75330552	75530552	harbor2	chr14	75412596	75412818	LTR/ERVL-MaLR	2086	+	111	75412707	82155
chr14	75330552	75530552	harbor2	chr14	75424360	75424760	LTR/ERVL-MaLR	906	+	200	75424560	94008
chr14	100230408	100430408	harbor2	chr14	100251069	100251524	LTR/ERVL-MaLR	1515	+	228	100251297	20889
chr14	100230408	100430408	harbor2	chr14	100257440	100257794	LTR/ERVL-MaLR	1691	+	177	100257617	27209
chr14	100230408	100430408	harbor2	chr14	100288831	100289265	LTR/ERVL-MaLR	1620	+	217	100289048	58640
chr14	100230408	100430408	harbor2	chr14	100310911	100310960	LTR/ERVL-MaLR	553	+	24	100310935	80527
chr14	100230408	100430408	harbor2	chr14	100311137	100311225	LTR/ERVL-MaLR	553	+	44	100311181	80773
chr14	100230408	100430408	harbor2	chr14	100315134	100315602	LTR/ERVL-MaLR	1690	+	234	100315368	84960
chr14	100230408	100430408	harbor2	chr14	100315909	100315968	LTR/ERVL-MaLR	1690	+	30	100315939	85531
chr14	64998457	65198457	harbor2	chr14	65085894	65086254	LTR/ERVL-MaLR	2358	+	180	65086074	87617
chr14	64998457	65198457	harbor2	chr14	65086260	65087826	LTR/ERVL-MaLR	11858	+	783	65087043	88586
chr14	64998457	65198457	harbor2	chr14	65087827	65088189	LTR/ERVL-MaLR	2421	+	181	65088008	89551
chr14	75328337	75528337	harbor2	chr14	75347031	75347428	LTR/ERVL-MaLR	2476	+	198	75347229	18892
chr14	75328337	75528337	harbor2	chr14	75349560	75349975	LTR/ERVL-MaLR	1844	+	208	75349768	21431
chr14	75328337	75528337	harbor2	chr14	75376258	75376605	LTR/ERVL-MaLR	2083	+	174	75376432	48095
chr14	75328337	75528337	harbor2	chr14	75377825	75378157	LTR/ERVL-MaLR	1463	+	166	75377991	49654
chr14	75328337	75528337	harbor2	chr14	75378160	75378888	LTR/ERVL-MaLR	3568	+	364	75378524	50187
chr14	75328337	75528337	harbor2	chr14	75379154	75379602	LTR/ERVL-MaLR	989	+	224	75379378	51041
chr14	75328337	75528337	harbor2	chr14	75379604	75379795	LTR/ERVL-MaLR	1265	+	96	75379700	51363
chr14	75328337	75528337	harbor2	chr14	75380236	75380364	LTR/ERVL-MaLR	1265	+	64	75380300	51963
chr14	75328337	75528337	harbor2	chr14	75399397	75399827	LTR/ERVL-MaLR	682	+	215	75399612	71275
chr14	75328337	75528337	harbor2	chr14	75402942	75403245	LTR/ERVL-MaLR	1349	+	152	75403094	74757
chr14	75328337	75528337	harbor2	chr14	75403838	75404080	LTR/ERVL-MaLR	851	+	121	75403959	75622
chr14	75328337	75528337	harbor2	chr14	75412251	75412406	LTR/ERVL-MaLR	2086	+	78	75412329	83992
chr14	75328337	75528337	harbor2	chr14	75412596	75412818	LTR/ERVL-MaLR	2086	+	111	75412707	84370
chr14	75328337	75528337	harbor2	chr14	75424360	75424760	LTR/ERVL-MaLR	906	+	200	75424560	96223
chr14	73358260	73558260	harbor2	chr14	73370057	73370214	LTR/ERVL-MaLR	623	+	78	73370135	11875
chr14	73358260	73558260	harbor2	chr14	73371611	73371937	LTR/ERVL-MaLR	1379	+	163	73371774	13514
chr14	73358260	73558260	harbor2	chr14	73387201	73387327	LTR/ERVL-MaLR	662	+	63	73387264	29004
chr14	73358260	73558260	harbor2	chr14	73387462	73387617	LTR/ERVL-MaLR	1087	+	78	73387540	29280
chr14	73358260	73558260	harbor2	chr14	73388239	73388306	LTR/ERVL-MaLR	511	+	34	73388273	30013
chr14	73358260	73558260	harbor2	chr14	73392104	73392361	LTR/ERVL-MaLR	477	+	128	73392232	33972
chr14	73358260	73558260	harbor2	chr14	73409090	73409671	LTR/ERVL-MaLR	2466	+	290	73409380	51120
chr14	104654376	104854376	harbor2	chr14	104656776	104657115	LTR/ERVL-MaLR	1247	+	170	104656946	2570
chr14	104654376	104854376	harbor2	chr14	104657376	104657519	LTR/ERVL-MaLR	487	+	72	104657448	3072
chr14	104654376	104854376	harbor2	chr14	104658369	104658553	LTR/ERVL-MaLR	628	+	92	104658461	4085
chr14	104654376	104854376	harbor2	chr14	104662724	104662859	LTR/ERVL-MaLR	1020	+	68	104662792	8416
chr14	104654376	104854376	harbor2	chr14	104663156	104663224	LTR/ERVL-MaLR	1020	+	34	104663190	8814
chr14	104654376	104854376	harbor2	chr14	104673894	104674255	LTR/ERVL-MaLR	2438	+	180	104674074	19698
chr14	104019012	104219012	harbor2	chr14	104045609	104045956	LTR/ERVL-MaLR	1294	+	174	104045783	26771
chr14	104019012	104219012	harbor2	chr14	104055119	104055501	LTR/ERVL-MaLR	495	+	191	104055310	36298
chr14	104019012	104219012	harbor2	chr14	104073924	104074299	LTR/ERVL-MaLR	983	+	188	104074112	55100
chr14	104019012	104219012	harbor2	chr14	104083565	104083934	LTR/ERVL-MaLR	1145	+	184	104083749	64737
chr14	100582274	100782274	harbor2	chr14	100603029	100603311	LTR/ERVL-MaLR	716	+	141	100603170	20896
chr14	100582274	100782274	harbor2	chr14	100625646	100626047	LTR/ERVL-MaLR	2304	+	200	100625846	43572
chr14	100582274	100782274	harbor2	chr14	100642522	100642619	LTR/ERVL-MaLR	1152	+	48	100642570	60296
chr14	100582274	100782274	harbor2	chr14	100642937	100643239	LTR/ERVL-MaLR	1152	+	151	100643088	60814
chr14	100582274	100782274	harbor2	chr14	100646921	100647258	LTR/ERVL-MaLR	1563	+	168	100647089	64815
chr14	100582274	100782274	harbor2	chr14	100647261	100647911	LTR/ERVL-MaLR	6174	+	325	100647586	65312
chr14	100582274	100782274	harbor2	chr14	100648225	100649479	LTR/ERVL-MaLR	6174	+	627	100648852	66578
chr14	100582274	100782274	harbor2	chr14	100649480	100649573	LTR/ERVL-MaLR	1893	+	46	100649526	67252
chr14	100582274	100782274	harbor2	chr14	100649574	100649966	LTR/ERVL-MaLR	2527	+	196	100649770	67496
chr14	100582274	100782274	harbor2	chr14	100649967	100650234	LTR/ERVL-MaLR	1893	+	134	100650101	67827
chr14	100582274	100782274	harbor2	chr14	100651772	100652298	LTR/ERVL-MaLR	1400	+	263	100652035	69761
chr14	20369338	20569338	harbor2	chr14	20388644	20388813	LTR/ERVL-MaLR	622	+	84	20388728	19390
chr14	20369338	20569338	harbor2	chr14	20416543	20416897	LTR/ERVL-MaLR	1550	+	177	20416720	47382
chr14	20369338	20569338	harbor2	chr14	20419365	20419926	LTR/ERVL-MaLR	2095	+	280	20419645	50307
chr14	20369338	20569338	harbor2	chr14	20414363	20414720	LTR/ERVL-MaLR	1379	+	178	20414541	45203
chr14	75329541	75529541	harbor2	chr14	75347031	75347428	LTR/ERVL-MaLR	2476	+	198	75347229	17688
chr14	75329541	75529541	harbor2	chr14	75349560	75349975	LTR/ERVL-MaLR	1844	+	208	75349768	20227
chr14	75329541	75529541	harbor2	chr14	75376258	75376605	LTR/ERVL-MaLR	2083	+	174	75376432	46891
chr14	75329541	75529541	harbor2	chr14	75377825	75378157	LTR/ERVL-MaLR	1463	+	166	75377991	48450
chr14	75329541	75529541	harbor2	chr14	75378160	75378888	LTR/ERVL-MaLR	3568	+	364	75378524	48983
chr14	75329541	75529541	harbor2	chr14	75379154	75379602	LTR/ERVL-MaLR	989	+	224	75379378	49837
chr14	75329541	75529541	harbor2	chr14	75379604	75379795	LTR/ERVL-MaLR	1265	+	96	75379700	50159
chr14	75329541	75529541	harbor2	chr14	75380236	75380364	LTR/ERVL-MaLR	1265	+	64	75380300	50759
chr14	75329541	75529541	harbor2	chr14	75399397	75399827	LTR/ERVL-MaLR	682	+	215	75399612	70071
chr14	75329541	75529541	harbor2	chr14	75402942	75403245	LTR/ERVL-MaLR	1349	+	152	75403094	73553
chr14	75329541	75529541	harbor2	chr14	75403838	75404080	LTR/ERVL-MaLR	851	+	121	75403959	74418
chr14	75329541	75529541	harbor2	chr14	75412251	75412406	LTR/ERVL-MaLR	2086	+	78	75412329	82788
chr14	75329541	75529541	harbor2	chr14	75412596	75412818	LTR/ERVL-MaLR	2086	+	111	75412707	83166
chr14	75329541	75529541	harbor2	chr14	75424360	75424760	LTR/ERVL-MaLR	906	+	200	75424560	95019
chr14	95542807	95742807	harbor2	chr14	95549447	95549845	LTR/ERVL-MaLR	1813	+	199	95549646	6839
chr14	95542807	95742807	harbor2	chr14	95571608	95571790	LTR/ERVL-MaLR	646	+	91	95571699	28892
chr14	95542807	95742807	harbor2	chr14	95571908	95572279	LTR/ERVL-MaLR	1040	+	186	95572094	29287
chr14	95542807	95742807	harbor2	chr14	95572283	95572829	LTR/ERVL-MaLR	768	+	273	95572556	29749
chr14	95542807	95742807	harbor2	chr14	95586242	95586728	LTR/ERVL-MaLR	2212	+	243	95586485	43678
chr14	95542807	95742807	harbor2	chr14	95586885	95586964	LTR/ERVL-MaLR	683	+	40	95586925	44118
chr14	95542807	95742807	harbor2	chr14	95594765	95595123	LTR/ERVL-MaLR	2313	+	179	95594944	52137
chr14	95542807	95742807	harbor2	chr14	95603852	95604416	LTR/ERVL-MaLR	2418	+	282	95604134	61327
chr14	95542807	95742807	harbor2	chr14	95626265	95626524	LTR/ERVL-MaLR	458	+	130	95626395	83588
chr14	95542807	95742807	harbor2	chr14	95628493	95628845	LTR/ERVL-MaLR	2022	+	176	95628669	85862
chr14	95542807	95742807	harbor2	chr14	95629326	95629538	LTR/ERVL-MaLR	2022	+	106	95629432	86625
chr14	95542807	95742807	harbor2	chr14	95631238	95631764	LTR/ERVL-MaLR	1693	+	263	95631501	88694
chr14	95542807	95742807	harbor2	chr14	95634350	95634669	LTR/ERVL-MaLR	1672	+	160	95634510	91703
chr14	21337979	21537979	harbor2	chr14	21372468	21372721	LTR/ERVL-MaLR	713	+	126	21372594	34615
chr14	21337979	21537979	harbor2	chr14	21406272	21406640	LTR/ERVL-MaLR	527	+	184	21406456	68477
chr14	21337979	21537979	harbor2	chr14	21421703	21422058	LTR/ERVL-MaLR	1879	+	178	21421881	83902
chr14	21337979	21537979	harbor2	chr14	21422360	21422421	LTR/ERVL-MaLR	1879	+	30	21422390	84411
chr14	104878876	105078876	harbor2	chr14	104911287	104911577	LTR/ERVL-MaLR	873	+	145	104911432	32556
chr14	104878876	105078876	harbor2	chr14	104924293	104924672	LTR/ERVL-MaLR	625	+	190	104924483	45607
chr14	104878876	105078876	harbor2	chr14	104935488	104936062	LTR/ERVL-MaLR	1812	+	287	104935775	56899
chr14	99417235	99617235	harbor2	chr14	99428734	99428995	LTR/ERVL-MaLR	1038	+	130	99428864	11629
chr14	99417235	99617235	harbor2	chr14	99459811	99459946	LTR/ERVL-MaLR	567	+	68	99459879	42644
chr14	96745593	96945593	harbor2	chr14	96754248	96754553	LTR/ERVL-MaLR	1071	+	152	96754400	8807
chr14	96745593	96945593	harbor2	chr14	96757407	96757877	LTR/ERVL-MaLR	517	+	235	96757642	12049
chr14	96745593	96945593	harbor2	chr14	96764221	96764489	LTR/ERVL-MaLR	969	+	134	96764355	18762
chr14	96745593	96945593	harbor2	chr14	96770289	96770742	LTR/ERVL-MaLR	1305	+	226	96770515	24922
chr14	96745593	96945593	harbor2	chr14	96782276	96782703	LTR/ERVL-MaLR	967	+	214	96782490	36897
chr14	96745593	96945593	harbor2	chr14	96763565	96763935	LTR/ERVL-MaLR	549	+	185	96763750	18157
chr14	100276551	100476551	harbor2	chr14	100288831	100289265	LTR/ERVL-MaLR	1620	+	217	100289048	12497
chr14	100276551	100476551	harbor2	chr14	100310911	100310960	LTR/ERVL-MaLR	553	+	24	100310935	34384
chr14	100276551	100476551	harbor2	chr14	100311137	100311225	LTR/ERVL-MaLR	553	+	44	100311181	34630
chr14	100276551	100476551	harbor2	chr14	100315134	100315602	LTR/ERVL-MaLR	1690	+	234	100315368	38817
chr14	100276551	100476551	harbor2	chr14	100315909	100315968	LTR/ERVL-MaLR	1690	+	30	100315939	39388
chr14	78725637	78925637	harbor2	chr14	78754873	78755064	LTR/ERVL-MaLR	696	+	96	78754969	29332
chr14	104256665	104456665	harbor2	chr14	104272924	104273258	LTR/ERVL-MaLR	2110	+	167	104273091	16426
chr14	104256665	104456665	harbor2	chr14	104275861	104276045	LTR/ERVL-MaLR	582	+	92	104275953	19288
chr14	104256665	104456665	harbor2	chr14	104276341	104276505	LTR/ERVL-MaLR	582	+	82	104276423	19758
chr14	104256665	104456665	harbor2	chr14	104311240	104311671	LTR/ERVL-MaLR	1750	+	216	104311456	54791
chr14	104256665	104456665	harbor2	chr14	104328932	104329236	LTR/ERVL-MaLR	3717	+	152	104329084	72419
chr14	104256665	104456665	harbor2	chr14	104329579	104330330	LTR/ERVL-MaLR	3717	+	376	104329955	73290
chr14	58232111	58432111	harbor2	chr14	58236098	58236267	LTR/ERVL-MaLR	748	+	84	58236182	4071
chr14	104833199	105033199	harbor2	chr14	104845632	104845955	LTR/ERVL-MaLR	1579	+	162	104845794	12595
chr14	104833199	105033199	harbor2	chr14	104869556	104869908	LTR/ERVL-MaLR	1407	+	176	104869732	36533
chr14	104833199	105033199	harbor2	chr14	104911287	104911577	LTR/ERVL-MaLR	873	+	145	104911432	78233
chr14	104833199	105033199	harbor2	chr14	104924293	104924672	LTR/ERVL-MaLR	625	+	190	104924483	91284
chr14	21337315	21537315	harbor2	chr14	21372468	21372721	LTR/ERVL-MaLR	713	+	126	21372594	35279
chr14	21337315	21537315	harbor2	chr14	21406272	21406640	LTR/ERVL-MaLR	527	+	184	21406456	69141
chr14	21337315	21537315	harbor2	chr14	21421703	21422058	LTR/ERVL-MaLR	1879	+	178	21421881	84566
chr14	21337315	21537315	harbor2	chr14	21422360	21422421	LTR/ERVL-MaLR	1879	+	30	21422390	85075
chr14	91232557	91432557	harbor2	chr14	91250864	91251371	LTR/ERVL-MaLR	1349	+	254	91251118	18561
chr14	91232557	91432557	harbor2	chr14	91251672	91251724	LTR/ERVL-MaLR	1349	+	26	91251698	19141
chr14	91232557	91432557	harbor2	chr14	91260449	91260491	LTR/ERVL-MaLR	1939	+	21	91260470	27913
chr14	91232557	91432557	harbor2	chr14	91260793	91261239	LTR/ERVL-MaLR	1939	+	223	91261016	28459
chr14	91232557	91432557	harbor2	chr14	91295748	91296128	LTR/ERVL-MaLR	1244	+	190	91295938	63381
chr14	105819891	106019891	harbor2	chr14	105846922	105847386	LTR/ERVL-MaLR	2445	+	232	105847154	27263
chr14	105819891	106019891	harbor2	chr14	105847869	105849166	LTR/ERVL-MaLR	6363	+	648	105848517	28626
chr14	105819891	106019891	harbor2	chr14	105849167	105849607	LTR/ERVL-MaLR	2008	+	220	105849387	29496
chr14	105819891	106019891	harbor2	chr14	105850838	105851091	LTR/ERVL-MaLR	1041	+	126	105850964	31073
chr14	69474570	69674570	harbor2	chr14	69538383	69538851	LTR/ERVL-MaLR	1420	+	234	69538617	64047
chr14	69474570	69674570	harbor2	chr14	69553264	69553455	LTR/ERVL-MaLR	692	+	96	69553360	78790
chr15	31401692	31601692	harbor2	chr15	31403379	31403822	LTR/ERVL-MaLR	713	+	222	31403601	1909
chr15	31401692	31601692	harbor2	chr15	31405023	31405163	LTR/ERVL-MaLR	697	+	70	31405093	3401
chr15	31401692	31601692	harbor2	chr15	31405342	31405557	LTR/ERVL-MaLR	1062	+	108	31405450	3758
chr15	31401692	31601692	harbor2	chr15	31411997	31412359	LTR/ERVL-MaLR	1687	+	181	31412178	10486
chr15	31401692	31601692	harbor2	chr15	31414868	31415309	LTR/ERVL-MaLR	2450	+	220	31415088	13396
chr15	31401692	31601692	harbor2	chr15	31416862	31417211	LTR/ERVL-MaLR	1650	+	174	31417036	15344
chr15	31401692	31601692	harbor2	chr15	31417517	31417540	LTR/ERVL-MaLR	1650	+	12	31417529	15837
chr15	31401692	31601692	harbor2	chr15	31417845	31417886	LTR/ERVL-MaLR	1650	+	20	31417865	16173
chr15	31401692	31601692	harbor2	chr15	31430969	31431347	LTR/ERVL-MaLR	1417	+	189	31431158	29466
chr15	31401692	31601692	harbor2	chr15	31474453	31474812	LTR/ERVL-MaLR	2185	+	180	31474633	72941
chr15	31401692	31601692	harbor2	chr15	31494151	31494517	LTR/ERVL-MaLR	1812	+	183	31494334	92642
chr15	29170226	29370226	harbor2	chr15	29170666	29170848	LTR/ERVL-MaLR	825	+	91	29170757	531
chr15	29170226	29370226	harbor2	chr15	29171232	29171252	LTR/ERVL-MaLR	825	+	10	29171242	1016
chr15	29170226	29370226	harbor2	chr15	29240028	29240080	LTR/ERVL-MaLR	1575	+	26	29240054	69828
chr15	29170226	29370226	harbor2	chr15	29240393	29240700	LTR/ERVL-MaLR	1575	+	154	29240547	70321
chr15	50324378	50524378	harbor2	chr15	50331081	50331359	LTR/ERVL-MaLR	419	+	139	50331220	6842
chr15	50324378	50524378	harbor2	chr15	50339965	50340320	LTR/ERVL-MaLR	1778	+	178	50340143	15765
chr15	50324378	50524378	harbor2	chr15	50361718	50362024	LTR/ERVL-MaLR	1321	+	153	50361871	37493
chr15	50324378	50524378	harbor2	chr15	50368924	50369231	LTR/ERVL-MaLR	1313	+	154	50369078	44700
chr15	50324378	50524378	harbor2	chr15	50382384	50382691	LTR/ERVL-MaLR	1460	+	154	50382538	58160
chr15	50324378	50524378	harbor2	chr15	50400133	50400509	LTR/ERVL-MaLR	2253	+	188	50400321	75943
chr15	33938898	34138898	harbor2	chr15	33939717	33939877	LTR/ERVL-MaLR	1541	+	80	33939797	899
chr15	33938898	34138898	harbor2	chr15	33939971	33940179	LTR/ERVL-MaLR	1541	+	104	33940075	1177
chr15	67422555	67622555	harbor2	chr15	67428388	67428568	LTR/ERVL-MaLR	2240	+	90	67428478	5923
chr15	67422555	67622555	harbor2	chr15	67428864	67429175	LTR/ERVL-MaLR	2240	+	156	67429020	6465
chr15	67422555	67622555	harbor2	chr15	67480183	67480573	LTR/ERVL-MaLR	984	+	195	67480378	57823
chr15	67422555	67622555	harbor2	chr15	67480587	67481078	LTR/ERVL-MaLR	1293	+	246	67480833	58278
chr15	67422555	67622555	harbor2	chr15	67481657	67481953	LTR/ERVL-MaLR	832	+	148	67481805	59250
chr15	67422555	67622555	harbor2	chr15	67482072	67482477	LTR/ERVL-MaLR	1108	+	202	67482274	59719
chr15	67422555	67622555	harbor2	chr15	67515780	67515989	LTR/ERVL-MaLR	1018	+	104	67515884	93329
chr15	67308458	67508458	harbor2	chr15	67379527	67379853	LTR/ERVL-MaLR	1979	+	163	67379690	71232
chr15	67308458	67508458	harbor2	chr15	67380152	67380190	LTR/ERVL-MaLR	1979	+	19	67380171	71713
chr15	35454869	35654869	harbor2	chr15	35489040	35489325	LTR/ERVL-MaLR	625	+	142	35489182	34313
chr15	35454869	35654869	harbor2	chr15	35495097	35495489	LTR/ERVL-MaLR	1958	+	196	35495293	40424
chr15	75354520	75554520	harbor2	chr15	75375224	75375520	LTR/ERVL-MaLR	1257	+	148	75375372	20852
chr15	75354520	75554520	harbor2	chr15	75397267	75397669	LTR/ERVL-MaLR	805	+	201	75397468	42948
chr15	75354520	75554520	harbor2	chr15	75417745	75418021	LTR/ERVL-MaLR	1386	+	138	75417883	63363
chr15	75354520	75554520	harbor2	chr15	75418620	75418742	LTR/ERVL-MaLR	1386	+	61	75418681	64161
chr15	74497169	74697169	harbor2	chr15	74499333	74499793	LTR/ERVL-MaLR	1146	+	230	74499563	2394
chr15	74497169	74697169	harbor2	chr15	74512194	74512548	LTR/ERVL-MaLR	591	+	177	74512371	15202
chr15	74497169	74697169	harbor2	chr15	74524166	74524558	LTR/ERVL-MaLR	1539	+	196	74524362	27193
chr15	74497169	74697169	harbor2	chr15	74525254	74525906	LTR/ERVL-MaLR	2067	+	326	74525580	28411
chr15	74497169	74697169	harbor2	chr15	74525932	74526088	LTR/ERVL-MaLR	460	+	78	74526010	28841
chr15	67454788	67654788	harbor2	chr15	67480183	67480573	LTR/ERVL-MaLR	984	+	195	67480378	25590
chr15	67454788	67654788	harbor2	chr15	67480587	67481078	LTR/ERVL-MaLR	1293	+	246	67480833	26045
chr15	67454788	67654788	harbor2	chr15	67481657	67481953	LTR/ERVL-MaLR	832	+	148	67481805	27017
chr15	67454788	67654788	harbor2	chr15	67482072	67482477	LTR/ERVL-MaLR	1108	+	202	67482274	27486
chr15	67454788	67654788	harbor2	chr15	67515780	67515989	LTR/ERVL-MaLR	1018	+	104	67515884	61096
chr15	67423672	67623672	harbor2	chr15	67428388	67428568	LTR/ERVL-MaLR	2240	+	90	67428478	4806
chr15	67423672	67623672	harbor2	chr15	67428864	67429175	LTR/ERVL-MaLR	2240	+	156	67429020	5348
chr15	67423672	67623672	harbor2	chr15	67480183	67480573	LTR/ERVL-MaLR	984	+	195	67480378	56706
chr15	67423672	67623672	harbor2	chr15	67480587	67481078	LTR/ERVL-MaLR	1293	+	246	67480833	57161
chr15	67423672	67623672	harbor2	chr15	67481657	67481953	LTR/ERVL-MaLR	832	+	148	67481805	58133
chr15	67423672	67623672	harbor2	chr15	67482072	67482477	LTR/ERVL-MaLR	1108	+	202	67482274	58602
chr15	67423672	67623672	harbor2	chr15	67515780	67515989	LTR/ERVL-MaLR	1018	+	104	67515884	92212
chr15	35466021	35666021	harbor2	chr15	35489040	35489325	LTR/ERVL-MaLR	625	+	142	35489182	23161
chr15	35466021	35666021	harbor2	chr15	35495097	35495489	LTR/ERVL-MaLR	1958	+	196	35495293	29272
chr15	35466021	35666021	harbor2	chr15	35561757	35562269	LTR/ERVL-MaLR	2345	+	256	35562013	95992
chr15	67422132	67622132	harbor2	chr15	67428388	67428568	LTR/ERVL-MaLR	2240	+	90	67428478	6346
chr15	67422132	67622132	harbor2	chr15	67428864	67429175	LTR/ERVL-MaLR	2240	+	156	67429020	6888
chr15	67422132	67622132	harbor2	chr15	67480183	67480573	LTR/ERVL-MaLR	984	+	195	67480378	58246
chr15	67422132	67622132	harbor2	chr15	67480587	67481078	LTR/ERVL-MaLR	1293	+	246	67480833	58701
chr15	67422132	67622132	harbor2	chr15	67481657	67481953	LTR/ERVL-MaLR	832	+	148	67481805	59673
chr15	67422132	67622132	harbor2	chr15	67482072	67482477	LTR/ERVL-MaLR	1108	+	202	67482274	60142
chr15	67422132	67622132	harbor2	chr15	67515780	67515989	LTR/ERVL-MaLR	1018	+	104	67515884	93752
chr15	35449558	35649558	harbor2	chr15	35489040	35489325	LTR/ERVL-MaLR	625	+	142	35489182	39624
chr15	35449558	35649558	harbor2	chr15	35495097	35495489	LTR/ERVL-MaLR	1958	+	196	35495293	45735
chr15	35992850	36192850	harbor2	chr15	36006791	36007175	LTR/ERVL-MaLR	1701	+	192	36006983	14133
chr15	101862140	102062140	harbor2	chr15	101861872	101862231	LTR/ERVL-MaLR	1974	+	180	101862052	88
chr15	101862140	102062140	harbor2	chr15	101862232	101863803	LTR/ERVL-MaLR	10842	+	786	101863018	878
chr15	101862140	102062140	harbor2	chr15	101863804	101864161	LTR/ERVL-MaLR	1805	+	178	101863982	1842
chr15	101862140	102062140	harbor2	chr15	101956045	101956401	LTR/ERVL-MaLR	826	+	178	101956223	94083
chr15	74513026	74713026	harbor2	chr15	74524166	74524558	LTR/ERVL-MaLR	1539	+	196	74524362	11336
chr15	74513026	74713026	harbor2	chr15	74525254	74525906	LTR/ERVL-MaLR	2067	+	326	74525580	12554
chr15	74513026	74713026	harbor2	chr15	74525932	74526088	LTR/ERVL-MaLR	460	+	78	74526010	12984
chr15	74513026	74713026	harbor2	chr15	74605327	74605725	LTR/ERVL-MaLR	987	+	199	74605526	92500
chr15	35459705	35659705	harbor2	chr15	35489040	35489325	LTR/ERVL-MaLR	625	+	142	35489182	29477
chr15	35459705	35659705	harbor2	chr15	35495097	35495489	LTR/ERVL-MaLR	1958	+	196	35495293	35588
chr15	101861388	102061388	harbor2	chr15	101861872	101862231	LTR/ERVL-MaLR	1974	+	180	101862052	664
chr15	101861388	102061388	harbor2	chr15	101862232	101863803	LTR/ERVL-MaLR	10842	+	786	101863018	1630
chr15	101861388	102061388	harbor2	chr15	101863804	101864161	LTR/ERVL-MaLR	1805	+	178	101863982	2594
chr15	101861388	102061388	harbor2	chr15	101956045	101956401	LTR/ERVL-MaLR	826	+	178	101956223	94835
chr15	39901338	40101338	harbor2	chr15	39925518	39925937	LTR/ERVL-MaLR	551	+	210	39925728	24390
chr15	35449106	35649106	harbor2	chr15	35489040	35489325	LTR/ERVL-MaLR	625	+	142	35489182	40076
chr15	35449106	35649106	harbor2	chr15	35495097	35495489	LTR/ERVL-MaLR	1958	+	196	35495293	46187
chr15	67464714	67664714	harbor2	chr15	67480183	67480573	LTR/ERVL-MaLR	984	+	195	67480378	15664
chr15	67464714	67664714	harbor2	chr15	67480587	67481078	LTR/ERVL-MaLR	1293	+	246	67480833	16119
chr15	67464714	67664714	harbor2	chr15	67481657	67481953	LTR/ERVL-MaLR	832	+	148	67481805	17091
chr15	67464714	67664714	harbor2	chr15	67482072	67482477	LTR/ERVL-MaLR	1108	+	202	67482274	17560
chr15	67464714	67664714	harbor2	chr15	67515780	67515989	LTR/ERVL-MaLR	1018	+	104	67515884	51170
chr15	35651734	35851734	harbor2	chr15	35682772	35683291	LTR/ERVL-MaLR	1013	+	260	35683032	31298
chr15	35651734	35851734	harbor2	chr15	35713425	35713762	LTR/ERVL-MaLR	1346	+	168	35713593	61859
chr15	35651734	35851734	harbor2	chr15	35724810	35725047	LTR/ERVL-MaLR	1529	+	118	35724928	73194
chr15	35651734	35851734	harbor2	chr15	35725354	35725493	LTR/ERVL-MaLR	1529	+	70	35725424	73690
chr15	35651734	35851734	harbor2	chr15	35726185	35726572	LTR/ERVL-MaLR	2403	+	194	35726379	74645
chr15	35651734	35851734	harbor2	chr15	35735732	35736087	LTR/ERVL-MaLR	1718	+	178	35735910	84176
chr15	75699695	75899695	harbor2	chr15	75717682	75718039	LTR/ERVL-MaLR	2481	+	178	75717860	18165
chr15	75699695	75899695	harbor2	chr15	75718345	75718513	LTR/ERVL-MaLR	2481	+	84	75718429	18734
chr15	75699695	75899695	harbor2	chr15	75741514	75741851	LTR/ERVL-MaLR	2523	+	168	75741682	41987
chr15	75699695	75899695	harbor2	chr15	75743416	75743769	LTR/ERVL-MaLR	2777	+	176	75743592	43897
chr15	75699695	75899695	harbor2	chr15	75768888	75769036	LTR/ERVL-MaLR	927	+	74	75768962	69267
chr15	75699695	75899695	harbor2	chr15	75769174	75769395	LTR/ERVL-MaLR	1165	+	110	75769284	69589
chr15	75699695	75899695	harbor2	chr15	75741853	75743415	LTR/ERVL-MaLR	11892	+	781	75742634	42939
chr15	79797266	79997266	harbor2	chr15	79818730	79819256	LTR/ERVL-MaLR	676	+	263	79818993	21727
chr15	79797266	79997266	harbor2	chr15	79863500	79863937	LTR/ERVL-MaLR	676	+	218	79863718	66452
chr15	79797266	79997266	harbor2	chr15	79885441	79885981	LTR/ERVL-MaLR	775	+	270	79885711	88445
chr15	75248486	75448486	harbor2	chr15	75312370	75312766	LTR/ERVL-MaLR	1623	+	198	75312568	64082
chr15	75248486	75448486	harbor2	chr15	75341068	75341267	LTR/ERVL-MaLR	870	+	100	75341168	92682
chr15	36577146	36777146	harbor2	chr15	36612025	36612478	LTR/ERVL-MaLR	421	+	226	36612251	35105
chr15	36577146	36777146	harbor2	chr15	36628525	36628723	LTR/ERVL-MaLR	514	+	99	36628624	51478
chr15	36577146	36777146	harbor2	chr15	36628726	36629229	LTR/ERVL-MaLR	1852	+	252	36628978	51832
chr15	36577146	36777146	harbor2	chr15	36663385	36663639	LTR/ERVL-MaLR	1648	+	127	36663512	86366
chr15	25339082	25539082	harbor2	chr15	25379946	25380299	LTR/ERVL-MaLR	2191	+	176	25380122	41040
chr15	25339082	25539082	harbor2	chr15	25418701	25418855	LTR/ERVL-MaLR	570	+	77	25418778	79696
chr15	25339082	25539082	harbor2	chr15	25419062	25419186	LTR/ERVL-MaLR	634	+	62	25419124	80042
chr15	25339082	25539082	harbor2	chr15	25421026	25421426	LTR/ERVL-MaLR	2102	+	200	25421226	82144
chr15	25339082	25539082	harbor2	chr15	25435426	25435774	LTR/ERVL-MaLR	1643	+	174	25435600	96518
chr15	35446794	35646794	harbor2	chr15	35489040	35489325	LTR/ERVL-MaLR	625	+	142	35489182	42388
chr15	35446794	35646794	harbor2	chr15	35495097	35495489	LTR/ERVL-MaLR	1958	+	196	35495293	48499
chr15	45242182	45442182	harbor2	chr15	45279921	45280276	LTR/ERVL-MaLR	1579	+	178	45280099	37917
chr15	45242182	45442182	harbor2	chr15	45296629	45296982	LTR/ERVL-MaLR	2527	+	176	45296805	54623
chr15	45242182	45442182	harbor2	chr15	45296983	45297478	LTR/ERVL-MaLR	11917	+	248	45297231	55049
chr15	45242182	45442182	harbor2	chr15	45297784	45298589	LTR/ERVL-MaLR	11917	+	402	45298186	56004
chr15	45242182	45442182	harbor2	chr15	45298894	45299218	LTR/ERVL-MaLR	11917	+	162	45299056	56874
chr15	45242182	45442182	harbor2	chr15	45299219	45299572	LTR/ERVL-MaLR	2245	+	176	45299395	57213
chr15	45242182	45442182	harbor2	chr15	45311872	45312016	LTR/ERVL-MaLR	966	+	72	45311944	69762
chr15	45242182	45442182	harbor2	chr15	45313079	45313254	LTR/ERVL-MaLR	987	+	88	45313167	70985
chr15	45242182	45442182	harbor2	chr15	45313461	45313546	LTR/ERVL-MaLR	2065	+	42	45313503	71321
chr15	45242182	45442182	harbor2	chr15	45313741	45313909	LTR/ERVL-MaLR	2065	+	84	45313825	71643
chr15	45242182	45442182	harbor2	chr15	45315185	45315531	LTR/ERVL-MaLR	2065	+	173	45315358	73176
chr15	35446632	35646632	harbor2	chr15	35489040	35489325	LTR/ERVL-MaLR	625	+	142	35489182	42550
chr15	35446632	35646632	harbor2	chr15	35495097	35495489	LTR/ERVL-MaLR	1958	+	196	35495293	48661
chr15	69999345	70199345	harbor2	chr15	70003255	70003587	LTR/ERVL-MaLR	1859	+	166	70003421	4076
chr15	69999345	70199345	harbor2	chr15	70021166	70021633	LTR/ERVL-MaLR	1026	+	234	70021400	22055
chr15	61873675	62073675	harbor2	chr15	61944915	61945264	LTR/ERVL-MaLR	1923	+	174	61945089	71414
chr15	61873675	62073675	harbor2	chr15	61969894	61970422	LTR/ERVL-MaLR	854	+	264	61970158	96483
chr15	68054059	68254059	harbor2	chr15	68092546	68092916	LTR/ERVL-MaLR	2080	+	185	68092731	38672
chr15	36396102	36596102	harbor2	chr15	36398449	36398812	LTR/ERVL-MaLR	2537	+	182	36398631	2529
chr15	36396102	36596102	harbor2	chr15	36412205	36412508	LTR/ERVL-MaLR	1200	+	152	36412357	16255
chr15	67422609	67622609	harbor2	chr15	67428388	67428568	LTR/ERVL-MaLR	2240	+	90	67428478	5869
chr15	67422609	67622609	harbor2	chr15	67428864	67429175	LTR/ERVL-MaLR	2240	+	156	67429020	6411
chr15	67422609	67622609	harbor2	chr15	67480183	67480573	LTR/ERVL-MaLR	984	+	195	67480378	57769
chr15	67422609	67622609	harbor2	chr15	67480587	67481078	LTR/ERVL-MaLR	1293	+	246	67480833	58224
chr15	67422609	67622609	harbor2	chr15	67481657	67481953	LTR/ERVL-MaLR	832	+	148	67481805	59196
chr15	67422609	67622609	harbor2	chr15	67482072	67482477	LTR/ERVL-MaLR	1108	+	202	67482274	59665
chr15	67422609	67622609	harbor2	chr15	67515780	67515989	LTR/ERVL-MaLR	1018	+	104	67515884	93275
chr15	72132178	72332178	harbor2	chr15	72179234	72179373	LTR/ERVL-MaLR	423	+	70	72179304	47126
chr15	101861522	102061522	harbor2	chr15	101861872	101862231	LTR/ERVL-MaLR	1974	+	180	101862052	530
chr15	101861522	102061522	harbor2	chr15	101862232	101863803	LTR/ERVL-MaLR	10842	+	786	101863018	1496
chr15	101861522	102061522	harbor2	chr15	101863804	101864161	LTR/ERVL-MaLR	1805	+	178	101863982	2460
chr15	101861522	102061522	harbor2	chr15	101956045	101956401	LTR/ERVL-MaLR	826	+	178	101956223	94701
chr15	31770757	31970757	harbor2	chr15	31781025	31781480	LTR/ERVL-MaLR	1277	+	228	31781253	10496
chr15	31770757	31970757	harbor2	chr15	31785882	31786274	LTR/ERVL-MaLR	2516	+	196	31786078	15321
chr15	31770757	31970757	harbor2	chr15	31799367	31799758	LTR/ERVL-MaLR	1621	+	196	31799563	28806
chr15	31770757	31970757	harbor2	chr15	31810294	31810688	LTR/ERVL-MaLR	1644	+	197	31810491	39734
chr15	31770757	31970757	harbor2	chr15	31817830	31818241	LTR/ERVL-MaLR	1385	+	206	31818036	47279
chr15	31770757	31970757	harbor2	chr15	31818434	31818791	LTR/ERVL-MaLR	715	+	178	31818612	47855
chr15	31770757	31970757	harbor2	chr15	31818983	31819163	LTR/ERVL-MaLR	610	+	90	31819073	48316
chr15	40121372	40321372	harbor2	chr15	40137959	40138158	LTR/ERVL-MaLR	1199	+	100	40138059	16687
chr15	40121372	40321372	harbor2	chr15	40141386	40141722	LTR/ERVL-MaLR	1326	+	168	40141554	20182
chr15	40121372	40321372	harbor2	chr15	40148172	40148562	LTR/ERVL-MaLR	1488	+	195	40148367	26995
chr15	40121372	40321372	harbor2	chr15	40148900	40149056	LTR/ERVL-MaLR	499	+	78	40148978	27606
chr15	40121372	40321372	harbor2	chr15	40159789	40159966	LTR/ERVL-MaLR	457	+	88	40159877	38505
chr15	35446761	35646761	harbor2	chr15	35489040	35489325	LTR/ERVL-MaLR	625	+	142	35489182	42421
chr15	35446761	35646761	harbor2	chr15	35495097	35495489	LTR/ERVL-MaLR	1958	+	196	35495293	48532
chr15	45116131	45316131	harbor2	chr15	45210157	45210611	LTR/ERVL-MaLR	2045	+	227	45210384	94253
chr15	45116131	45316131	harbor2	chr15	45210913	45210930	LTR/ERVL-MaLR	2045	+	8	45210921	94790
chr15	45116131	45316131	harbor2	chr15	45211234	45211312	LTR/ERVL-MaLR	2045	+	39	45211273	95142
chr15	45116131	45316131	harbor2	chr15	45211313	45211804	LTR/ERVL-MaLR	5129	+	246	45211559	95428
chr15	45116131	45316131	harbor2	chr15	45211971	45212874	LTR/ERVL-MaLR	5129	+	452	45212423	96292
chr15	45116131	45316131	harbor2	chr15	45212904	45213183	LTR/ERVL-MaLR	1195	+	140	45213044	96913
chr15	35573001	35773001	harbor2	chr15	35647588	35647781	LTR/ERVL-MaLR	461	+	96	35647684	74683
chr15	35446582	35646582	harbor2	chr15	35489040	35489325	LTR/ERVL-MaLR	625	+	142	35489182	42600
chr15	35446582	35646582	harbor2	chr15	35495097	35495489	LTR/ERVL-MaLR	1958	+	196	35495293	48711
chr15	35455009	35655009	harbor2	chr15	35489040	35489325	LTR/ERVL-MaLR	625	+	142	35489182	34173
chr15	35455009	35655009	harbor2	chr15	35495097	35495489	LTR/ERVL-MaLR	1958	+	196	35495293	40284
chr15	35619577	35819577	harbor2	chr15	35647588	35647781	LTR/ERVL-MaLR	461	+	96	35647684	28107
chr15	35619577	35819577	harbor2	chr15	35682772	35683291	LTR/ERVL-MaLR	1013	+	260	35683032	63455
chr15	35619577	35819577	harbor2	chr15	35713425	35713762	LTR/ERVL-MaLR	1346	+	168	35713593	94016
chr15	69999529	70199529	harbor2	chr15	70003255	70003587	LTR/ERVL-MaLR	1859	+	166	70003421	3892
chr15	69999529	70199529	harbor2	chr15	70021166	70021633	LTR/ERVL-MaLR	1026	+	234	70021400	21871
chr15	35562035	35762035	harbor2	chr15	35561757	35562269	LTR/ERVL-MaLR	2345	+	256	35562013	22
chr15	35562035	35762035	harbor2	chr15	35571081	35571598	LTR/ERVL-MaLR	1809	+	258	35571339	9304
chr15	35562035	35762035	harbor2	chr15	35647588	35647781	LTR/ERVL-MaLR	461	+	96	35647684	85649
chr15	98551300	98751300	harbor2	chr15	98578531	98578902	LTR/ERVL-MaLR	2127	+	186	98578717	27417
chr15	98551300	98751300	harbor2	chr15	98616303	98616748	LTR/ERVL-MaLR	1096	+	222	98616525	65225
chr15	35569668	35769668	harbor2	chr15	35571081	35571598	LTR/ERVL-MaLR	1809	+	258	35571339	1671
chr15	35569668	35769668	harbor2	chr15	35647588	35647781	LTR/ERVL-MaLR	461	+	96	35647684	78016
chr15	63409518	63609518	harbor2	chr15	63415201	63415604	LTR/ERVL-MaLR	2548	+	202	63415403	5885
chr15	63409518	63609518	harbor2	chr15	63420186	63420638	LTR/ERVL-MaLR	1984	+	226	63420412	10894
chr15	63409518	63609518	harbor2	chr15	63468056	63468108	LTR/ERVL-MaLR	671	+	26	63468082	58564
chr15	63409518	63609518	harbor2	chr15	63468396	63468828	LTR/ERVL-MaLR	671	+	216	63468612	59094
chr15	63409518	63609518	harbor2	chr15	63490059	63490465	LTR/ERVL-MaLR	2619	+	203	63490262	80744
chr15	100502491	100702491	harbor2	chr15	100568326	100568681	LTR/ERVL-MaLR	1001	+	178	100568504	66013
chr15	100502491	100702491	harbor2	chr15	100570450	100570592	LTR/ERVL-MaLR	688	+	71	100570521	68030
chr15	100502491	100702491	harbor2	chr15	100570639	100570846	LTR/ERVL-MaLR	478	+	104	100570743	68252
chr15	45303426	45503426	harbor2	chr15	45311872	45312016	LTR/ERVL-MaLR	966	+	72	45311944	8518
chr15	45303426	45503426	harbor2	chr15	45313079	45313254	LTR/ERVL-MaLR	987	+	88	45313167	9741
chr15	45303426	45503426	harbor2	chr15	45313461	45313546	LTR/ERVL-MaLR	2065	+	42	45313503	10077
chr15	45303426	45503426	harbor2	chr15	45313741	45313909	LTR/ERVL-MaLR	2065	+	84	45313825	10399
chr15	45303426	45503426	harbor2	chr15	45315185	45315531	LTR/ERVL-MaLR	2065	+	173	45315358	11932
chr15	45303426	45503426	harbor2	chr15	45399320	45399675	LTR/ERVL-MaLR	2039	+	178	45399498	96072
chr15	35446763	35646763	harbor2	chr15	35489040	35489325	LTR/ERVL-MaLR	625	+	142	35489182	42419
chr15	35446763	35646763	harbor2	chr15	35495097	35495489	LTR/ERVL-MaLR	1958	+	196	35495293	48530
chr15	98322213	98522213	harbor2	chr15	98324960	98325312	LTR/ERVL-MaLR	1537	+	176	98325136	2923
chr15	98322213	98522213	harbor2	chr15	98331690	98332046	LTR/ERVL-MaLR	529	+	178	98331868	9655
chr15	98322213	98522213	harbor2	chr15	98347554	98347715	LTR/ERVL-MaLR	658	+	80	98347634	25421
chr15	98322213	98522213	harbor2	chr15	98357984	98358337	LTR/ERVL-MaLR	1567	+	176	98358160	35947
chr15	98322213	98522213	harbor2	chr15	98365559	98365717	LTR/ERVL-MaLR	1702	+	79	98365638	43425
chr15	98322213	98522213	harbor2	chr15	98366023	98366180	LTR/ERVL-MaLR	1702	+	78	98366101	43888
chr15	98322213	98522213	harbor2	chr15	98366214	98366364	LTR/ERVL-MaLR	1702	+	75	98366289	44076
chr15	98322213	98522213	harbor2	chr15	98395316	98395728	LTR/ERVL-MaLR	2833	+	206	98395522	73309
chr15	98322213	98522213	harbor2	chr15	98399482	98399846	LTR/ERVL-MaLR	1544	+	182	98399664	77451
chr15	98322213	98522213	harbor2	chr15	98401467	98402011	LTR/ERVL-MaLR	2361	+	272	98401739	79526
chr15	98322213	98522213	harbor2	chr15	98413108	98413653	LTR/ERVL-MaLR	2711	+	272	98413380	91167
chr15	98322213	98522213	harbor2	chr15	98420016	98420420	LTR/ERVL-MaLR	1751	+	202	98420218	98005
chr15	69719502	69919502	harbor2	chr15	69733375	69733740	LTR/ERVL-MaLR	1141	+	182	69733557	14055
chr15	69719502	69919502	harbor2	chr15	69737124	69737542	LTR/ERVL-MaLR	2331	+	209	69737333	17831
chr15	69719502	69919502	harbor2	chr15	69737841	69737907	LTR/ERVL-MaLR	2331	+	33	69737874	18372
chr15	69719502	69919502	harbor2	chr15	69799861	69800199	LTR/ERVL-MaLR	1304	+	169	69800030	80528
chr15	69719502	69919502	harbor2	chr15	69804297	69804463	LTR/ERVL-MaLR	456	+	83	69804380	84878
chr15	69719502	69919502	harbor2	chr15	69804538	69804728	LTR/ERVL-MaLR	483	+	95	69804633	85131
chr15	35449388	35649388	harbor2	chr15	35489040	35489325	LTR/ERVL-MaLR	625	+	142	35489182	39794
chr15	35449388	35649388	harbor2	chr15	35495097	35495489	LTR/ERVL-MaLR	1958	+	196	35495293	45905
chr15	67422133	67622133	harbor2	chr15	67428388	67428568	LTR/ERVL-MaLR	2240	+	90	67428478	6345
chr15	67422133	67622133	harbor2	chr15	67428864	67429175	LTR/ERVL-MaLR	2240	+	156	67429020	6887
chr15	67422133	67622133	harbor2	chr15	67480183	67480573	LTR/ERVL-MaLR	984	+	195	67480378	58245
chr15	67422133	67622133	harbor2	chr15	67480587	67481078	LTR/ERVL-MaLR	1293	+	246	67480833	58700
chr15	67422133	67622133	harbor2	chr15	67481657	67481953	LTR/ERVL-MaLR	832	+	148	67481805	59672
chr15	67422133	67622133	harbor2	chr15	67482072	67482477	LTR/ERVL-MaLR	1108	+	202	67482274	60141
chr15	67422133	67622133	harbor2	chr15	67515780	67515989	LTR/ERVL-MaLR	1018	+	104	67515884	93751
chr15	64256308	64456308	harbor2	chr15	64265275	64265635	LTR/ERVL-MaLR	2681	+	180	64265455	9147
chr15	101861640	102061640	harbor2	chr15	101861872	101862231	LTR/ERVL-MaLR	1974	+	180	101862052	412
chr15	101861640	102061640	harbor2	chr15	101862232	101863803	LTR/ERVL-MaLR	10842	+	786	101863018	1378
chr15	101861640	102061640	harbor2	chr15	101863804	101864161	LTR/ERVL-MaLR	1805	+	178	101863982	2342
chr15	101861640	102061640	harbor2	chr15	101956045	101956401	LTR/ERVL-MaLR	826	+	178	101956223	94583
chr15	76060050	76260050	harbor2	chr15	76068459	76068835	LTR/ERVL-MaLR	1566	+	188	76068647	8597
chr15	76060050	76260050	harbor2	chr15	76077433	76077894	LTR/ERVL-MaLR	1591	+	230	76077663	17613
chr15	76060050	76260050	harbor2	chr15	76123606	76123713	LTR/ERVL-MaLR	567	+	54	76123660	63610
chr15	76060050	76260050	harbor2	chr15	76124013	76124348	LTR/ERVL-MaLR	567	+	168	76124181	64131
chr15	35598875	35798875	harbor2	chr15	35647588	35647781	LTR/ERVL-MaLR	461	+	96	35647684	48809
chr15	35598875	35798875	harbor2	chr15	35682772	35683291	LTR/ERVL-MaLR	1013	+	260	35683032	84157
chr15	96226917	96426917	harbor2	chr15	96281595	96281948	LTR/ERVL-MaLR	2487	+	176	96281771	54854
chr15	96226917	96426917	harbor2	chr15	96284012	96284152	LTR/ERVL-MaLR	1158	+	70	96284082	57165
chr15	96226917	96426917	harbor2	chr15	96284463	96284845	LTR/ERVL-MaLR	1158	+	191	96284654	57737
chr15	26348871	26548871	harbor2	chr15	26414134	26414336	LTR/ERVL-MaLR	1930	+	101	26414235	65364
chr15	26348871	26548871	harbor2	chr15	26415677	26415902	LTR/ERVL-MaLR	1930	+	112	26415789	66918
chr15	51149547	51349547	harbor2	chr15	51156918	51157238	LTR/ERVL-MaLR	1561	+	160	51157078	7531
chr15	51149547	51349547	harbor2	chr15	51166737	51167026	LTR/ERVL-MaLR	976	+	144	51166881	17334
chr15	51149547	51349547	harbor2	chr15	51187378	51187721	LTR/ERVL-MaLR	1350	+	172	51187550	38003
chr15	51149547	51349547	harbor2	chr15	51202384	51202866	LTR/ERVL-MaLR	1497	+	241	51202625	53078
chr15	51149547	51349547	harbor2	chr15	51225652	51225820	LTR/ERVL-MaLR	1999	+	84	51225736	76189
chr15	51149547	51349547	harbor2	chr15	51226117	51226464	LTR/ERVL-MaLR	1999	+	174	51226291	76744
chr15	95821070	96021070	harbor2	chr15	95893113	95893461	LTR/ERVL-MaLR	425	+	174	95893287	72217
chr15	95821070	96021070	harbor2	chr15	95905868	95905892	LTR/ERVL-MaLR	808	+	12	95905880	84810
chr15	95821070	96021070	harbor2	chr15	95905950	95906092	LTR/ERVL-MaLR	808	+	71	95906021	84951
chr15	98032466	98232466	harbor2	chr15	98032619	98032996	LTR/ERVL-MaLR	777	+	188	98032807	341
chr15	98032466	98232466	harbor2	chr15	98044768	98045138	LTR/ERVL-MaLR	1327	+	185	98044953	12487
chr15	98032466	98232466	harbor2	chr15	98050368	98050710	LTR/ERVL-MaLR	1818	+	171	98050539	18073
chr15	98032466	98232466	harbor2	chr15	98052751	98053087	LTR/ERVL-MaLR	2138	+	168	98052919	20453
chr15	98032466	98232466	harbor2	chr15	98108061	98108307	LTR/ERVL-MaLR	1727	+	123	98108184	75718
chr15	98032466	98232466	harbor2	chr15	98108308	98108689	LTR/ERVL-MaLR	2294	+	190	98108498	76032
chr15	98032466	98232466	harbor2	chr15	98111826	98112192	LTR/ERVL-MaLR	780	+	183	98112009	79543
chr15	98032466	98232466	harbor2	chr15	98120278	98120637	LTR/ERVL-MaLR	2429	+	180	98120458	87992
chr15	98032466	98232466	harbor2	chr15	98128055	98128550	LTR/ERVL-MaLR	1031	+	248	98128303	95837
chr15	74497233	74697233	harbor2	chr15	74499333	74499793	LTR/ERVL-MaLR	1146	+	230	74499563	2330
chr15	74497233	74697233	harbor2	chr15	74512194	74512548	LTR/ERVL-MaLR	591	+	177	74512371	15138
chr15	74497233	74697233	harbor2	chr15	74524166	74524558	LTR/ERVL-MaLR	1539	+	196	74524362	27129
chr15	74497233	74697233	harbor2	chr15	74525254	74525906	LTR/ERVL-MaLR	2067	+	326	74525580	28347
chr15	74497233	74697233	harbor2	chr15	74525932	74526088	LTR/ERVL-MaLR	460	+	78	74526010	28777
chr15	35572649	35772649	harbor2	chr15	35647588	35647781	LTR/ERVL-MaLR	461	+	96	35647684	75035
chr15	67422444	67622444	harbor2	chr15	67428388	67428568	LTR/ERVL-MaLR	2240	+	90	67428478	6034
chr15	67422444	67622444	harbor2	chr15	67428864	67429175	LTR/ERVL-MaLR	2240	+	156	67429020	6576
chr15	67422444	67622444	harbor2	chr15	67480183	67480573	LTR/ERVL-MaLR	984	+	195	67480378	57934
chr15	67422444	67622444	harbor2	chr15	67480587	67481078	LTR/ERVL-MaLR	1293	+	246	67480833	58389
chr15	67422444	67622444	harbor2	chr15	67481657	67481953	LTR/ERVL-MaLR	832	+	148	67481805	59361
chr15	67422444	67622444	harbor2	chr15	67482072	67482477	LTR/ERVL-MaLR	1108	+	202	67482274	59830
chr15	67422444	67622444	harbor2	chr15	67515780	67515989	LTR/ERVL-MaLR	1018	+	104	67515884	93440
chr15	35448871	35648871	harbor2	chr15	35489040	35489325	LTR/ERVL-MaLR	625	+	142	35489182	40311
chr15	35448871	35648871	harbor2	chr15	35495097	35495489	LTR/ERVL-MaLR	1958	+	196	35495293	46422
chr15	101861538	102061538	harbor2	chr15	101861872	101862231	LTR/ERVL-MaLR	1974	+	180	101862052	514
chr15	101861538	102061538	harbor2	chr15	101862232	101863803	LTR/ERVL-MaLR	10842	+	786	101863018	1480
chr15	101861538	102061538	harbor2	chr15	101863804	101864161	LTR/ERVL-MaLR	1805	+	178	101863982	2444
chr15	101861538	102061538	harbor2	chr15	101956045	101956401	LTR/ERVL-MaLR	826	+	178	101956223	94685
chr15	74947191	75147191	harbor2	chr15	74978797	74979103	LTR/ERVL-MaLR	736	+	153	74978950	31759
chr15	74962964	75162964	harbor2	chr15	74978797	74979103	LTR/ERVL-MaLR	736	+	153	74978950	15986
chr15	35446634	35646634	harbor2	chr15	35489040	35489325	LTR/ERVL-MaLR	625	+	142	35489182	42548
chr15	35446634	35646634	harbor2	chr15	35495097	35495489	LTR/ERVL-MaLR	1958	+	196	35495293	48659
chr15	35446200	35646200	harbor2	chr15	35489040	35489325	LTR/ERVL-MaLR	625	+	142	35489182	42982
chr15	35446200	35646200	harbor2	chr15	35495097	35495489	LTR/ERVL-MaLR	1958	+	196	35495293	49093
chr15	21339484	21539484	harbor2	chr15	21425472	21425865	LTR/ERVL-MaLR	567	+	196	21425668	86184
chr15	80115684	80315684	harbor2	chr15	80212511	80213319	LTR/ERVL-MaLR	2427	+	404	80212915	97231
chr15	80115684	80315684	harbor2	chr15	80213324	80213629	LTR/ERVL-MaLR	1137	+	152	80213476	97792
chr15	52686651	52886651	harbor2	chr15	52687760	52688029	LTR/ERVL-MaLR	633	+	134	52687894	1243
chr15	52686651	52886651	harbor2	chr15	52724457	52724819	LTR/ERVL-MaLR	2797	+	181	52724638	37987
chr15	52686651	52886651	harbor2	chr15	52727548	52727933	LTR/ERVL-MaLR	1740	+	192	52727740	41089
chr15	52686651	52886651	harbor2	chr15	52736360	52736726	LTR/ERVL-MaLR	2309	+	183	52736543	49892
chr15	52686651	52886651	harbor2	chr15	52745900	52746275	LTR/ERVL-MaLR	2268	+	188	52746088	59437
chr15	101861562	102061562	harbor2	chr15	101861872	101862231	LTR/ERVL-MaLR	1974	+	180	101862052	490
chr15	101861562	102061562	harbor2	chr15	101862232	101863803	LTR/ERVL-MaLR	10842	+	786	101863018	1456
chr15	101861562	102061562	harbor2	chr15	101863804	101864161	LTR/ERVL-MaLR	1805	+	178	101863982	2420
chr15	101861562	102061562	harbor2	chr15	101956045	101956401	LTR/ERVL-MaLR	826	+	178	101956223	94661
chr15	67427405	67627405	harbor2	chr15	67428388	67428568	LTR/ERVL-MaLR	2240	+	90	67428478	1073
chr15	67427405	67627405	harbor2	chr15	67428864	67429175	LTR/ERVL-MaLR	2240	+	156	67429020	1615
chr15	67427405	67627405	harbor2	chr15	67480183	67480573	LTR/ERVL-MaLR	984	+	195	67480378	52973
chr15	67427405	67627405	harbor2	chr15	67480587	67481078	LTR/ERVL-MaLR	1293	+	246	67480833	53428
chr15	67427405	67627405	harbor2	chr15	67481657	67481953	LTR/ERVL-MaLR	832	+	148	67481805	54400
chr15	67427405	67627405	harbor2	chr15	67482072	67482477	LTR/ERVL-MaLR	1108	+	202	67482274	54869
chr15	67427405	67627405	harbor2	chr15	67515780	67515989	LTR/ERVL-MaLR	1018	+	104	67515884	88479
chr15	101862064	102062064	harbor2	chr15	101861872	101862231	LTR/ERVL-MaLR	1974	+	180	101862052	12
chr15	101862064	102062064	harbor2	chr15	101862232	101863803	LTR/ERVL-MaLR	10842	+	786	101863018	954
chr15	101862064	102062064	harbor2	chr15	101863804	101864161	LTR/ERVL-MaLR	1805	+	178	101863982	1918
chr15	101862064	102062064	harbor2	chr15	101956045	101956401	LTR/ERVL-MaLR	826	+	178	101956223	94159
chr15	57726549	57926549	harbor2	chr15	57730127	57730540	LTR/ERVL-MaLR	1551	+	206	57730333	3784
chr15	57726549	57926549	harbor2	chr15	57730902	57730962	LTR/ERVL-MaLR	1551	+	30	57730932	4383
chr15	57726549	57926549	harbor2	chr15	57754063	57754335	LTR/ERVL-MaLR	775	+	136	57754199	27650
chr15	57726549	57926549	harbor2	chr15	57779069	57779241	LTR/ERVL-MaLR	867	+	86	57779155	52606
chr15	29169897	29369897	harbor2	chr15	29170666	29170848	LTR/ERVL-MaLR	825	+	91	29170757	860
chr15	29169897	29369897	harbor2	chr15	29171232	29171252	LTR/ERVL-MaLR	825	+	10	29171242	1345
chr15	29169897	29369897	harbor2	chr15	29240028	29240080	LTR/ERVL-MaLR	1575	+	26	29240054	70157
chr15	29169897	29369897	harbor2	chr15	29240393	29240700	LTR/ERVL-MaLR	1575	+	154	29240547	70650
chr15	35446625	35646625	harbor2	chr15	35489040	35489325	LTR/ERVL-MaLR	625	+	142	35489182	42557
chr15	35446625	35646625	harbor2	chr15	35495097	35495489	LTR/ERVL-MaLR	1958	+	196	35495293	48668
chr15	34426686	34626686	harbor2	chr15	34467483	34467922	LTR/ERVL-MaLR	1562	+	220	34467703	41017
chr15	66727859	66927859	harbor2	chr15	66793062	66793460	LTR/ERVL-MaLR	2052	+	199	66793261	65402
chr15	66727859	66927859	harbor2	chr15	66818513	66818789	LTR/ERVL-MaLR	743	+	138	66818651	90792
chr15	66727859	66927859	harbor2	chr15	66824437	66824772	LTR/ERVL-MaLR	490	+	168	66824605	96746
chr15	35622148	35822148	harbor2	chr15	35647588	35647781	LTR/ERVL-MaLR	461	+	96	35647684	25536
chr15	35622148	35822148	harbor2	chr15	35682772	35683291	LTR/ERVL-MaLR	1013	+	260	35683032	60884
chr15	35622148	35822148	harbor2	chr15	35713425	35713762	LTR/ERVL-MaLR	1346	+	168	35713593	91445
chr16	1	169360	harbor2	chr16	27259	27445	LTR/ERVL-MaLR	757	+	93	27352	27351
chr16	1	169360	harbor2	chr16	27750	27848	LTR/ERVL-MaLR	757	+	49	27799	27798
chr16	1	169360	harbor2	chr16	28408	28525	LTR/ERVL-MaLR	608	+	58	28466	28465
chr16	700508	900508	harbor2	chr16	746988	747264	LTR/ERVL-MaLR	1795	+	138	747126	46618
chr16	700508	900508	harbor2	chr16	747576	747646	LTR/ERVL-MaLR	1795	+	35	747611	47103
chr16	700508	900508	harbor2	chr16	771100	771226	LTR/ERVL-MaLR	1146	+	63	771163	70655
chr16	700508	900508	harbor2	chr16	771675	771910	LTR/ERVL-MaLR	1146	+	118	771793	71285
chr16	700537	900537	harbor2	chr16	746988	747264	LTR/ERVL-MaLR	1795	+	138	747126	46589
chr16	700537	900537	harbor2	chr16	747576	747646	LTR/ERVL-MaLR	1795	+	35	747611	47074
chr16	700537	900537	harbor2	chr16	771100	771226	LTR/ERVL-MaLR	1146	+	63	771163	70626
chr16	700537	900537	harbor2	chr16	771675	771910	LTR/ERVL-MaLR	1146	+	118	771793	71256
chr16	1279091	1479091	harbor2	chr16	1291912	1292065	LTR/ERVL-MaLR	533	+	76	1291988	12897
chr16	66222808	66422808	harbor2	chr16	66234549	66234701	LTR/ERVL-MaLR	2225	+	76	66234625	11817
chr16	66222808	66422808	harbor2	chr16	66235018	66235221	LTR/ERVL-MaLR	2225	+	102	66235120	12312
chr16	66222808	66422808	harbor2	chr16	66257491	66257672	LTR/ERVL-MaLR	1874	+	90	66257581	34773
chr16	66222808	66422808	harbor2	chr16	66257963	66258175	LTR/ERVL-MaLR	1874	+	106	66258069	35261
chr16	66222808	66422808	harbor2	chr16	66258184	66258237	LTR/ERVL-MaLR	1508	+	26	66258210	35402
chr16	66222808	66422808	harbor2	chr16	66258542	66258902	LTR/ERVL-MaLR	1508	+	180	66258722	35914
chr16	66222808	66422808	harbor2	chr16	66275009	66275401	LTR/ERVL-MaLR	2403	+	196	66275205	52397
chr16	66222808	66422808	harbor2	chr16	66284427	66284509	LTR/ERVL-MaLR	1209	+	41	66284468	61660
chr16	66222808	66422808	harbor2	chr16	66284879	66285003	LTR/ERVL-MaLR	1209	+	62	66284941	62133
chr16	66222808	66422808	harbor2	chr16	66285044	66285246	LTR/ERVL-MaLR	1209	+	101	66285145	62337
chr16	66222808	66422808	harbor2	chr16	66294582	66294971	LTR/ERVL-MaLR	1181	+	194	66294776	71968
chr16	66222808	66422808	harbor2	chr16	66294999	66295164	LTR/ERVL-MaLR	1181	+	82	66295081	72273
chr16	66222808	66422808	harbor2	chr16	66302842	66303198	LTR/ERVL-MaLR	1670	+	178	66303020	80212
chr16	66222808	66422808	harbor2	chr16	66303497	66303604	LTR/ERVL-MaLR	1670	+	54	66303551	80743
chr16	66222808	66422808	harbor2	chr16	66305422	66305477	LTR/ERVL-MaLR	2104	+	28	66305450	82642
chr16	66222808	66422808	harbor2	chr16	66308537	66308935	LTR/ERVL-MaLR	1569	+	199	66308736	85928
chr16	66222808	66422808	harbor2	chr16	66305771	66306120	LTR/ERVL-MaLR	2104	+	174	66305945	83137
chr16	700507	900507	harbor2	chr16	746988	747264	LTR/ERVL-MaLR	1795	+	138	747126	46619
chr16	700507	900507	harbor2	chr16	747576	747646	LTR/ERVL-MaLR	1795	+	35	747611	47104
chr16	700507	900507	harbor2	chr16	771100	771226	LTR/ERVL-MaLR	1146	+	63	771163	70656
chr16	700507	900507	harbor2	chr16	771675	771910	LTR/ERVL-MaLR	1146	+	118	771793	71286
chr16	846589	1046589	harbor2	chr16	939864	940277	LTR/ERVL-MaLR	610	+	206	940070	93481
chr16	77183	277183	harbor2	chr16	146001	146181	LTR/ERVL-MaLR	1579	+	90	146091	68908
chr16	77183	277183	harbor2	chr16	146489	146677	LTR/ERVL-MaLR	1579	+	94	146583	69400
chr16	87292218	87492218	harbor2	chr16	87316714	87317005	LTR/ERVL-MaLR	783	+	146	87316860	24642
chr16	87292218	87492218	harbor2	chr16	87338802	87339158	LTR/ERVL-MaLR	2500	+	178	87338980	46762
chr16	2438113	2638113	harbor2	chr16	2535558	2535998	LTR/ERVL-MaLR	1512	+	220	2535778	97665
chr16	79433396	79633396	harbor2	chr16	79441793	79442209	LTR/ERVL-MaLR	1297	+	208	79442001	8605
chr16	79433396	79633396	harbor2	chr16	79452608	79452987	LTR/ERVL-MaLR	728	+	190	79452798	19402
chr16	79433396	79633396	harbor2	chr16	79475827	79476407	LTR/ERVL-MaLR	1856	+	290	79476117	42721
chr16	79433396	79633396	harbor2	chr16	79495987	79496189	LTR/ERVL-MaLR	1002	+	101	79496088	62692
chr16	79433396	79633396	harbor2	chr16	79499431	79499455	LTR/ERVL-MaLR	528	+	12	79499443	66047
chr16	79433396	79633396	harbor2	chr16	79499456	79499812	LTR/ERVL-MaLR	2056	+	178	79499634	66238
chr16	79433396	79633396	harbor2	chr16	79499813	79499977	LTR/ERVL-MaLR	528	+	82	79499895	66499
chr16	79433396	79633396	harbor2	chr16	79500008	79500231	LTR/ERVL-MaLR	758	+	112	79500120	66724
chr16	79433396	79633396	harbor2	chr16	79515267	79515288	LTR/ERVL-MaLR	532	+	10	79515277	81881
chr16	79433396	79633396	harbor2	chr16	79515652	79515966	LTR/ERVL-MaLR	532	+	157	79515809	82413
chr16	67064037	67264037	harbor2	chr16	67071247	67071621	LTR/ERVL-MaLR	1365	+	187	67071434	7397
chr16	67064037	67264037	harbor2	chr16	67157172	67157686	LTR/ERVL-MaLR	1464	+	257	67157429	93392
chr16	870904	1070904	harbor2	chr16	939864	940277	LTR/ERVL-MaLR	610	+	206	940070	69166
chr16	914001	1114001	harbor2	chr16	939864	940277	LTR/ERVL-MaLR	610	+	206	940070	26069
chr16	89759708	89959708	harbor2	chr16	89798028	89798343	LTR/ERVL-MaLR	662	+	158	89798186	38478
chr16	77583873	77783873	harbor2	chr16	77605774	77606228	LTR/ERVL-MaLR	1220	+	227	77606001	22128
chr16	77583873	77783873	harbor2	chr16	77614063	77614481	LTR/ERVL-MaLR	2772	+	209	77614272	30399
chr16	77583873	77783873	harbor2	chr16	77626964	77627307	LTR/ERVL-MaLR	1916	+	172	77627136	43263
chr16	77583873	77783873	harbor2	chr16	77628249	77628632	LTR/ERVL-MaLR	1093	+	192	77628441	44568
chr16	77583873	77783873	harbor2	chr16	77631825	77632196	LTR/ERVL-MaLR	2633	+	186	77632011	48138
chr16	77583873	77783873	harbor2	chr16	77636438	77636631	LTR/ERVL-MaLR	680	+	96	77636534	52661
chr16	77583873	77783873	harbor2	chr16	77636938	77637240	LTR/ERVL-MaLR	680	+	151	77637089	53216
chr16	77583873	77783873	harbor2	chr16	77638806	77639155	LTR/ERVL-MaLR	1817	+	174	77638980	55107
chr16	77583873	77783873	harbor2	chr16	77639603	77640103	LTR/ERVL-MaLR	2149	+	250	77639853	55980
chr16	77583873	77783873	harbor2	chr16	77648478	77648727	LTR/ERVL-MaLR	1437	+	124	77648602	64729
chr16	77583873	77783873	harbor2	chr16	77656915	77657359	LTR/ERVL-MaLR	1251	+	222	77657137	73264
chr16	77583873	77783873	harbor2	chr16	77657730	77657790	LTR/ERVL-MaLR	1251	+	30	77657760	73887
chr16	77583873	77783873	harbor2	chr16	77659019	77659144	LTR/ERVL-MaLR	719	+	62	77659081	75208
chr16	77583873	77783873	harbor2	chr16	77667103	77667520	LTR/ERVL-MaLR	2527	+	208	77667311	83438
chr16	77583873	77783873	harbor2	chr16	77670222	77670335	LTR/ERVL-MaLR	1119	+	56	77670278	86405
chr16	77583873	77783873	harbor2	chr16	77670634	77670929	LTR/ERVL-MaLR	1119	+	148	77670782	86909
chr16	2375100	2575100	harbor2	chr16	2401402	2401624	LTR/ERVL-MaLR	1224	+	111	2401513	26413
chr16	2375100	2575100	harbor2	chr16	2416385	2416694	LTR/ERVL-MaLR	840	+	154	2416539	41439
chr16	4084047	4284047	harbor2	chr16	4099979	4100327	LTR/ERVL-MaLR	1907	+	174	4100153	16106
chr16	4084047	4284047	harbor2	chr16	4100630	4100671	LTR/ERVL-MaLR	1907	+	20	4100650	16603
chr16	4084047	4284047	harbor2	chr16	4121712	4121870	LTR/ERVL-MaLR	573	+	79	4121791	37744
chr16	4084047	4284047	harbor2	chr16	4127602	4127760	LTR/ERVL-MaLR	1430	+	79	4127681	43634
chr16	4084047	4284047	harbor2	chr16	4127787	4127809	LTR/ERVL-MaLR	1430	+	11	4127798	43751
chr16	4084047	4284047	harbor2	chr16	4127966	4128042	LTR/ERVL-MaLR	1430	+	38	4128004	43957
chr16	4084047	4284047	harbor2	chr16	4128350	4128566	LTR/ERVL-MaLR	1430	+	108	4128458	44411
chr16	4084047	4284047	harbor2	chr16	4138625	4138903	LTR/ERVL-MaLR	1364	+	139	4138764	54717
chr16	4084047	4284047	harbor2	chr16	4140113	4140294	LTR/ERVL-MaLR	530	+	90	4140203	56156
chr16	4084047	4284047	harbor2	chr16	4140295	4140713	LTR/ERVL-MaLR	2251	+	209	4140504	56457
chr16	4084047	4284047	harbor2	chr16	4140714	4140838	LTR/ERVL-MaLR	530	+	62	4140776	56729
chr16	4084047	4284047	harbor2	chr16	4155228	4155634	LTR/ERVL-MaLR	1799	+	203	4155431	71384
chr16	4084047	4284047	harbor2	chr16	4155945	4156008	LTR/ERVL-MaLR	1799	+	32	4155977	71930
chr16	4084047	4284047	harbor2	chr16	4168943	4169343	LTR/ERVL-MaLR	1647	+	200	4169143	85096
chr16	67009818	67209818	harbor2	chr16	67071247	67071621	LTR/ERVL-MaLR	1365	+	187	67071434	61616
chr16	2375127	2575127	harbor2	chr16	2401402	2401624	LTR/ERVL-MaLR	1224	+	111	2401513	26386
chr16	2375127	2575127	harbor2	chr16	2416385	2416694	LTR/ERVL-MaLR	840	+	154	2416539	41412
chr16	949778	1149778	harbor2	chr16	1026803	1027200	LTR/ERVL-MaLR	603	+	198	1027001	77223
chr16	949778	1149778	harbor2	chr16	1037753	1038044	LTR/ERVL-MaLR	596	+	146	1037899	88121
chr16	700530	900530	harbor2	chr16	746988	747264	LTR/ERVL-MaLR	1795	+	138	747126	46596
chr16	700530	900530	harbor2	chr16	747576	747646	LTR/ERVL-MaLR	1795	+	35	747611	47081
chr16	700530	900530	harbor2	chr16	771100	771226	LTR/ERVL-MaLR	1146	+	63	771163	70633
chr16	700530	900530	harbor2	chr16	771675	771910	LTR/ERVL-MaLR	1146	+	118	771793	71263
chr16	700526	900526	harbor2	chr16	746988	747264	LTR/ERVL-MaLR	1795	+	138	747126	46600
chr16	700526	900526	harbor2	chr16	747576	747646	LTR/ERVL-MaLR	1795	+	35	747611	47085
chr16	700526	900526	harbor2	chr16	771100	771226	LTR/ERVL-MaLR	1146	+	63	771163	70637
chr16	700526	900526	harbor2	chr16	771675	771910	LTR/ERVL-MaLR	1146	+	118	771793	71267
chr16	70330916	70530916	harbor2	chr16	70410846	70411103	LTR/ERVL-MaLR	886	+	128	70410974	80058
chr16	70330916	70530916	harbor2	chr16	70411398	70411690	LTR/ERVL-MaLR	886	+	146	70411544	80628
chr16	5174	205174	harbor2	chr16	27259	27445	LTR/ERVL-MaLR	757	+	93	27352	22178
chr16	5174	205174	harbor2	chr16	27750	27848	LTR/ERVL-MaLR	757	+	49	27799	22625
chr16	5174	205174	harbor2	chr16	28408	28525	LTR/ERVL-MaLR	608	+	58	28466	23292
chr16	870844	1070844	harbor2	chr16	939864	940277	LTR/ERVL-MaLR	610	+	206	940070	69226
chr16	31042548	31242548	harbor2	chr16	31044355	31044490	LTR/ERVL-MaLR	709	+	68	31044423	1875
chr16	31042548	31242548	harbor2	chr16	31044788	31045032	LTR/ERVL-MaLR	709	+	122	31044910	2362
chr16	31042548	31242548	harbor2	chr16	31045881	31046271	LTR/ERVL-MaLR	1304	+	195	31046076	3528
chr16	31042548	31242548	harbor2	chr16	31046486	31046654	LTR/ERVL-MaLR	1304	+	84	31046570	4022
chr16	31042548	31242548	harbor2	chr16	31046951	31047195	LTR/ERVL-MaLR	1304	+	122	31047073	4525
chr16	31042548	31242548	harbor2	chr16	31048163	31048174	LTR/ERVL-MaLR	1304	+	6	31048169	5621
chr16	31042548	31242548	harbor2	chr16	31048476	31048746	LTR/ERVL-MaLR	1304	+	135	31048611	6063
chr16	31042548	31242548	harbor2	chr16	31049374	31049700	LTR/ERVL-MaLR	1304	+	163	31049537	6989
chr16	31042548	31242548	harbor2	chr16	31050075	31050435	LTR/ERVL-MaLR	1004	+	180	31050255	7707
chr16	31042548	31242548	harbor2	chr16	31055687	31055826	LTR/ERVL-MaLR	630	+	70	31055757	13209
chr16	31042548	31242548	harbor2	chr16	31071893	31072052	LTR/ERVL-MaLR	566	+	80	31071973	29425
chr16	31042548	31242548	harbor2	chr16	31098364	31098698	LTR/ERVL-MaLR	1164	+	167	31098531	55983
chr16	31042548	31242548	harbor2	chr16	31100087	31100361	LTR/ERVL-MaLR	2044	+	137	31100224	57676
chr16	31042548	31242548	harbor2	chr16	31101265	31101454	LTR/ERVL-MaLR	2044	+	94	31101359	58811
chr16	31042548	31242548	harbor2	chr16	31101767	31101789	LTR/ERVL-MaLR	2044	+	11	31101778	59230
chr16	31042548	31242548	harbor2	chr16	31101924	31101958	LTR/ERVL-MaLR	2044	+	17	31101941	59393
chr16	31042548	31242548	harbor2	chr16	31102208	31102256	LTR/ERVL-MaLR	2044	+	24	31102232	59684
chr16	1	162881	harbor2	chr16	27259	27445	LTR/ERVL-MaLR	757	+	93	27352	27351
chr16	1	162881	harbor2	chr16	27750	27848	LTR/ERVL-MaLR	757	+	49	27799	27798
chr16	1	162881	harbor2	chr16	28408	28525	LTR/ERVL-MaLR	608	+	58	28466	28465
chr16	135637	335637	harbor2	chr16	146001	146181	LTR/ERVL-MaLR	1579	+	90	146091	10454
chr16	135637	335637	harbor2	chr16	146489	146677	LTR/ERVL-MaLR	1579	+	94	146583	10946
chr16	31042549	31242549	harbor2	chr16	31044355	31044490	LTR/ERVL-MaLR	709	+	68	31044423	1874
chr16	31042549	31242549	harbor2	chr16	31044788	31045032	LTR/ERVL-MaLR	709	+	122	31044910	2361
chr16	31042549	31242549	harbor2	chr16	31045881	31046271	LTR/ERVL-MaLR	1304	+	195	31046076	3527
chr16	31042549	31242549	harbor2	chr16	31046486	31046654	LTR/ERVL-MaLR	1304	+	84	31046570	4021
chr16	31042549	31242549	harbor2	chr16	31046951	31047195	LTR/ERVL-MaLR	1304	+	122	31047073	4524
chr16	31042549	31242549	harbor2	chr16	31048163	31048174	LTR/ERVL-MaLR	1304	+	6	31048169	5620
chr16	31042549	31242549	harbor2	chr16	31048476	31048746	LTR/ERVL-MaLR	1304	+	135	31048611	6062
chr16	31042549	31242549	harbor2	chr16	31049374	31049700	LTR/ERVL-MaLR	1304	+	163	31049537	6988
chr16	31042549	31242549	harbor2	chr16	31050075	31050435	LTR/ERVL-MaLR	1004	+	180	31050255	7706
chr16	31042549	31242549	harbor2	chr16	31055687	31055826	LTR/ERVL-MaLR	630	+	70	31055757	13208
chr16	31042549	31242549	harbor2	chr16	31071893	31072052	LTR/ERVL-MaLR	566	+	80	31071973	29424
chr16	31042549	31242549	harbor2	chr16	31098364	31098698	LTR/ERVL-MaLR	1164	+	167	31098531	55982
chr16	31042549	31242549	harbor2	chr16	31100087	31100361	LTR/ERVL-MaLR	2044	+	137	31100224	57675
chr16	31042549	31242549	harbor2	chr16	31101265	31101454	LTR/ERVL-MaLR	2044	+	94	31101359	58810
chr16	31042549	31242549	harbor2	chr16	31101767	31101789	LTR/ERVL-MaLR	2044	+	11	31101778	59229
chr16	31042549	31242549	harbor2	chr16	31101924	31101958	LTR/ERVL-MaLR	2044	+	17	31101941	59392
chr16	31042549	31242549	harbor2	chr16	31102208	31102256	LTR/ERVL-MaLR	2044	+	24	31102232	59683
chr16	67079606	67279606	harbor2	chr16	67157172	67157686	LTR/ERVL-MaLR	1464	+	257	67157429	77823
chr16	56536473	56736473	harbor2	chr16	56572567	56572720	LTR/ERVL-MaLR	1935	+	76	56572643	36170
chr16	56536473	56736473	harbor2	chr16	56573026	56573247	LTR/ERVL-MaLR	1935	+	110	56573136	36663
chr16	56536473	56736473	harbor2	chr16	56593477	56593817	LTR/ERVL-MaLR	2070	+	170	56593647	57174
chr16	56536473	56736473	harbor2	chr16	56594039	56594433	LTR/ERVL-MaLR	1124	+	197	56594236	57763
chr16	56536473	56736473	harbor2	chr16	56602226	56602402	LTR/ERVL-MaLR	885	+	88	56602314	65841
chr16	56536473	56736473	harbor2	chr16	56603598	56603969	LTR/ERVL-MaLR	1365	+	186	56603784	67311
chr16	56536473	56736473	harbor2	chr16	56604893	56605415	LTR/ERVL-MaLR	2342	+	261	56605154	68681
chr16	56536473	56736473	harbor2	chr16	56623150	56623508	LTR/ERVL-MaLR	2259	+	179	56623329	86856
chr16	56536473	56736473	harbor2	chr16	56628567	56628902	LTR/ERVL-MaLR	1591	+	168	56628735	92262
chr16	56536473	56736473	harbor2	chr16	56634342	56634523	LTR/ERVL-MaLR	805	+	90	56634432	97959
chr16	56536473	56736473	harbor2	chr16	56621654	56623148	LTR/ERVL-MaLR	10906	+	747	56622401	85928
chr16	704549	904549	harbor2	chr16	746988	747264	LTR/ERVL-MaLR	1795	+	138	747126	42577
chr16	704549	904549	harbor2	chr16	747576	747646	LTR/ERVL-MaLR	1795	+	35	747611	43062
chr16	704549	904549	harbor2	chr16	771100	771226	LTR/ERVL-MaLR	1146	+	63	771163	66614
chr16	704549	904549	harbor2	chr16	771675	771910	LTR/ERVL-MaLR	1146	+	118	771793	67244
chr16	67131818	67331818	harbor2	chr16	67157172	67157686	LTR/ERVL-MaLR	1464	+	257	67157429	25611
chr16	1279028	1479028	harbor2	chr16	1291912	1292065	LTR/ERVL-MaLR	533	+	76	1291988	12960
chr16	87292217	87492217	harbor2	chr16	87316714	87317005	LTR/ERVL-MaLR	783	+	146	87316860	24643
chr16	87292217	87492217	harbor2	chr16	87338802	87339158	LTR/ERVL-MaLR	2500	+	178	87338980	46763
chr16	2375144	2575144	harbor2	chr16	2401402	2401624	LTR/ERVL-MaLR	1224	+	111	2401513	26369
chr16	2375144	2575144	harbor2	chr16	2416385	2416694	LTR/ERVL-MaLR	840	+	154	2416539	41395
chr16	46873069	47073069	harbor2	chr16	46948634	46948826	LTR/ERVL-MaLR	546	+	96	46948730	75661
chr16	27963957	28163957	harbor2	chr16	27985179	27985561	LTR/ERVL-MaLR	2253	+	191	27985370	21413
chr16	27963957	28163957	harbor2	chr16	27985842	27985887	LTR/ERVL-MaLR	2253	+	22	27985864	21907
chr16	27963957	28163957	harbor2	chr16	28005834	28006295	LTR/ERVL-MaLR	2185	+	230	28006064	42107
chr16	27963957	28163957	harbor2	chr16	28006609	28006744	LTR/ERVL-MaLR	2185	+	68	28006677	42720
chr16	27963957	28163957	harbor2	chr16	28007072	28007476	LTR/ERVL-MaLR	1765	+	202	28007274	43317
chr16	27963957	28163957	harbor2	chr16	28007816	28007857	LTR/ERVL-MaLR	1765	+	20	28007836	43879
chr16	27963957	28163957	harbor2	chr16	28020560	28021060	LTR/ERVL-MaLR	2050	+	250	28020810	56853
chr16	27963957	28163957	harbor2	chr16	28027196	28027441	LTR/ERVL-MaLR	689	+	122	28027318	63361
chr16	27963957	28163957	harbor2	chr16	28030124	28030661	LTR/ERVL-MaLR	1173	+	268	28030392	66435
chr16	67009814	67209814	harbor2	chr16	67071247	67071621	LTR/ERVL-MaLR	1365	+	187	67071434	61620
chr16	89474741	89674741	harbor2	chr16	89482490	89482643	LTR/ERVL-MaLR	1205	+	76	89482566	7825
chr16	89474741	89674741	harbor2	chr16	89482796	89483058	LTR/ERVL-MaLR	1205	+	131	89482927	8186
chr16	67090046	67290046	harbor2	chr16	67157172	67157686	LTR/ERVL-MaLR	1464	+	257	67157429	67383
chr16	55108159	55308159	harbor2	chr16	55129647	55130083	LTR/ERVL-MaLR	1492	+	218	55129865	21706
chr16	55108159	55308159	harbor2	chr16	55134157	55134751	LTR/ERVL-MaLR	1476	+	297	55134454	26295
chr16	55108159	55308159	harbor2	chr16	55143562	55143973	LTR/ERVL-MaLR	2214	+	206	55143768	35609
chr16	55108159	55308159	harbor2	chr16	55155956	55156284	LTR/ERVL-MaLR	1137	+	164	55156120	47961
chr16	55108159	55308159	harbor2	chr16	55156560	55156633	LTR/ERVL-MaLR	1137	+	36	55156596	48437
chr16	55108159	55308159	harbor2	chr16	55159393	55159821	LTR/ERVL-MaLR	1217	+	214	55159607	51448
chr16	55108159	55308159	harbor2	chr16	55161437	55161821	LTR/ERVL-MaLR	2177	+	192	55161629	53470
chr16	55108159	55308159	harbor2	chr16	55167601	55168044	LTR/ERVL-MaLR	1293	+	222	55167823	59664
chr16	55108159	55308159	harbor2	chr16	55182486	55182879	LTR/ERVL-MaLR	1773	+	196	55182682	74523
chr16	55108159	55308159	harbor2	chr16	55190989	55191443	LTR/ERVL-MaLR	881	+	227	55191216	83057
chr16	55108159	55308159	harbor2	chr16	55191876	55192435	LTR/ERVL-MaLR	1912	+	280	55192156	83997
chr16	55108159	55308159	harbor2	chr16	55192866	55193180	LTR/ERVL-MaLR	1424	+	157	55193023	84864
chr16	55108159	55308159	harbor2	chr16	55196829	55197234	LTR/ERVL-MaLR	1337	+	202	55197031	88872
chr16	55108159	55308159	harbor2	chr16	55197888	55198350	LTR/ERVL-MaLR	1923	+	231	55198119	89960
chr16	55108159	55308159	harbor2	chr16	55198351	55199919	LTR/ERVL-MaLR	5037	+	784	55199135	90976
chr16	55108159	55308159	harbor2	chr16	55199931	55200378	LTR/ERVL-MaLR	2039	+	224	55200155	91996
chr16	55108159	55308159	harbor2	chr16	55203859	55204039	LTR/ERVL-MaLR	1764	+	90	55203949	95790
chr16	55108159	55308159	harbor2	chr16	55204537	55204695	LTR/ERVL-MaLR	1764	+	79	55204616	96457
chr16	47361963	47561963	harbor2	chr16	47416476	47416849	LTR/ERVL-MaLR	1749	+	186	47416662	54699
chr16	47361963	47561963	harbor2	chr16	47420487	47420883	LTR/ERVL-MaLR	1625	+	198	47420685	58722
chr16	47361963	47561963	harbor2	chr16	47445533	47445830	LTR/ERVL-MaLR	777	+	148	47445681	83718
chr16	870935	1070935	harbor2	chr16	939864	940277	LTR/ERVL-MaLR	610	+	206	940070	69135
chr16	87293377	87493377	harbor2	chr16	87316714	87317005	LTR/ERVL-MaLR	783	+	146	87316860	23483
chr16	87293377	87493377	harbor2	chr16	87338802	87339158	LTR/ERVL-MaLR	2500	+	178	87338980	45603
chr16	1	168380	harbor2	chr16	27259	27445	LTR/ERVL-MaLR	757	+	93	27352	27351
chr16	1	168380	harbor2	chr16	27750	27848	LTR/ERVL-MaLR	757	+	49	27799	27798
chr16	1	168380	harbor2	chr16	28408	28525	LTR/ERVL-MaLR	608	+	58	28466	28465
chr16	701128	901128	harbor2	chr16	746988	747264	LTR/ERVL-MaLR	1795	+	138	747126	45998
chr16	701128	901128	harbor2	chr16	747576	747646	LTR/ERVL-MaLR	1795	+	35	747611	46483
chr16	701128	901128	harbor2	chr16	771100	771226	LTR/ERVL-MaLR	1146	+	63	771163	70035
chr16	701128	901128	harbor2	chr16	771675	771910	LTR/ERVL-MaLR	1146	+	118	771793	70665
chr16	870909	1070909	harbor2	chr16	939864	940277	LTR/ERVL-MaLR	610	+	206	940070	69161
chr16	88757148	88957148	harbor2	chr16	88843478	88843802	LTR/ERVL-MaLR	617	+	162	88843640	86492
chr16	88757148	88957148	harbor2	chr16	88846148	88846313	LTR/ERVL-MaLR	547	+	82	88846230	89082
chr16	67009856	67209856	harbor2	chr16	67071247	67071621	LTR/ERVL-MaLR	1365	+	187	67071434	61578
chr16	70642511	70842511	harbor2	chr16	70668588	70668933	LTR/ERVL-MaLR	1774	+	172	70668760	26249
chr16	70642511	70842511	harbor2	chr16	70733442	70733818	LTR/ERVL-MaLR	2390	+	188	70733630	91119
chr16	70642511	70842511	harbor2	chr16	70734122	70734157	LTR/ERVL-MaLR	2390	+	18	70734140	91629
chr16	6406487	6606487	harbor2	chr16	6407872	6408227	LTR/ERVL-MaLR	1829	+	178	6408050	1563
chr16	6406487	6606487	harbor2	chr16	6429551	6429827	LTR/ERVL-MaLR	1910	+	138	6429689	23202
chr16	6406487	6606487	harbor2	chr16	6430139	6430216	LTR/ERVL-MaLR	1910	+	38	6430177	23690
chr16	6406487	6606487	harbor2	chr16	6444330	6444692	LTR/ERVL-MaLR	2403	+	181	6444511	38024
chr16	700524	900524	harbor2	chr16	746988	747264	LTR/ERVL-MaLR	1795	+	138	747126	46602
chr16	700524	900524	harbor2	chr16	747576	747646	LTR/ERVL-MaLR	1795	+	35	747611	47087
chr16	700524	900524	harbor2	chr16	771100	771226	LTR/ERVL-MaLR	1146	+	63	771163	70639
chr16	700524	900524	harbor2	chr16	771675	771910	LTR/ERVL-MaLR	1146	+	118	771793	71269
chr16	67358369	67558369	harbor2	chr16	67419704	67420186	LTR/ERVL-MaLR	2371	+	241	67419945	61576
chr16	3625684	3825684	harbor2	chr16	3653007	3653393	LTR/ERVL-MaLR	674	+	193	3653200	27516
chr16	3625684	3825684	harbor2	chr16	3680645	3680988	LTR/ERVL-MaLR	1548	+	172	3680817	55133
chr16	3625684	3825684	harbor2	chr16	3687061	3687432	LTR/ERVL-MaLR	2114	+	186	3687247	61563
chr16	67009865	67209865	harbor2	chr16	67071247	67071621	LTR/ERVL-MaLR	1365	+	187	67071434	61569
chr16	704878	904878	harbor2	chr16	746988	747264	LTR/ERVL-MaLR	1795	+	138	747126	42248
chr16	704878	904878	harbor2	chr16	747576	747646	LTR/ERVL-MaLR	1795	+	35	747611	42733
chr16	704878	904878	harbor2	chr16	771100	771226	LTR/ERVL-MaLR	1146	+	63	771163	66285
chr16	704878	904878	harbor2	chr16	771675	771910	LTR/ERVL-MaLR	1146	+	118	771793	66915
chr16	67009874	67209874	harbor2	chr16	67071247	67071621	LTR/ERVL-MaLR	1365	+	187	67071434	61560
chr16	74290	274290	harbor2	chr16	146001	146181	LTR/ERVL-MaLR	1579	+	90	146091	71801
chr16	74290	274290	harbor2	chr16	146489	146677	LTR/ERVL-MaLR	1579	+	94	146583	72293
chr16	4188787	4388787	harbor2	chr16	4230325	4230381	LTR/ERVL-MaLR	1428	+	28	4230353	41566
chr16	4188787	4388787	harbor2	chr16	4230686	4231035	LTR/ERVL-MaLR	1428	+	174	4230860	42073
chr16	4188787	4388787	harbor2	chr16	4231327	4231382	LTR/ERVL-MaLR	1428	+	28	4231355	42568
chr16	2371372	2571372	harbor2	chr16	2401402	2401624	LTR/ERVL-MaLR	1224	+	111	2401513	30141
chr16	2371372	2571372	harbor2	chr16	2416385	2416694	LTR/ERVL-MaLR	840	+	154	2416539	45167
chr16	66222798	66422798	harbor2	chr16	66234549	66234701	LTR/ERVL-MaLR	2225	+	76	66234625	11827
chr16	66222798	66422798	harbor2	chr16	66235018	66235221	LTR/ERVL-MaLR	2225	+	102	66235120	12322
chr16	66222798	66422798	harbor2	chr16	66257491	66257672	LTR/ERVL-MaLR	1874	+	90	66257581	34783
chr16	66222798	66422798	harbor2	chr16	66257963	66258175	LTR/ERVL-MaLR	1874	+	106	66258069	35271
chr16	66222798	66422798	harbor2	chr16	66258184	66258237	LTR/ERVL-MaLR	1508	+	26	66258210	35412
chr16	66222798	66422798	harbor2	chr16	66258542	66258902	LTR/ERVL-MaLR	1508	+	180	66258722	35924
chr16	66222798	66422798	harbor2	chr16	66275009	66275401	LTR/ERVL-MaLR	2403	+	196	66275205	52407
chr16	66222798	66422798	harbor2	chr16	66284427	66284509	LTR/ERVL-MaLR	1209	+	41	66284468	61670
chr16	66222798	66422798	harbor2	chr16	66284879	66285003	LTR/ERVL-MaLR	1209	+	62	66284941	62143
chr16	66222798	66422798	harbor2	chr16	66285044	66285246	LTR/ERVL-MaLR	1209	+	101	66285145	62347
chr16	66222798	66422798	harbor2	chr16	66294582	66294971	LTR/ERVL-MaLR	1181	+	194	66294776	71978
chr16	66222798	66422798	harbor2	chr16	66294999	66295164	LTR/ERVL-MaLR	1181	+	82	66295081	72283
chr16	66222798	66422798	harbor2	chr16	66302842	66303198	LTR/ERVL-MaLR	1670	+	178	66303020	80222
chr16	66222798	66422798	harbor2	chr16	66303497	66303604	LTR/ERVL-MaLR	1670	+	54	66303551	80753
chr16	66222798	66422798	harbor2	chr16	66305422	66305477	LTR/ERVL-MaLR	2104	+	28	66305450	82652
chr16	66222798	66422798	harbor2	chr16	66308537	66308935	LTR/ERVL-MaLR	1569	+	199	66308736	85938
chr16	66222798	66422798	harbor2	chr16	66305771	66306120	LTR/ERVL-MaLR	2104	+	174	66305945	83147
chr16	57884887	58084887	harbor2	chr16	57887315	57887737	LTR/ERVL-MaLR	1442	+	211	57887526	2639
chr16	57884887	58084887	harbor2	chr16	57889303	57889632	LTR/ERVL-MaLR	1051	+	164	57889467	4580
chr16	57884887	58084887	harbor2	chr16	57898830	57899081	LTR/ERVL-MaLR	1103	+	126	57898956	14069
chr16	57884887	58084887	harbor2	chr16	57905562	57905954	LTR/ERVL-MaLR	1522	+	196	57905758	20871
chr16	57884887	58084887	harbor2	chr16	57924639	57924990	LTR/ERVL-MaLR	2183	+	176	57924815	39928
chr16	57884887	58084887	harbor2	chr16	57925303	57925372	LTR/ERVL-MaLR	2183	+	34	57925337	40450
chr16	57884887	58084887	harbor2	chr16	57955517	57955978	LTR/ERVL-MaLR	1541	+	230	57955747	70860
chr16	989175	1189175	harbor2	chr16	1026803	1027200	LTR/ERVL-MaLR	603	+	198	1027001	37826
chr16	989175	1189175	harbor2	chr16	1037753	1038044	LTR/ERVL-MaLR	596	+	146	1037899	48724
chr16	989175	1189175	harbor2	chr16	1066737	1067098	LTR/ERVL-MaLR	1488	+	180	1066917	77742
chr16	989175	1189175	harbor2	chr16	1067435	1067467	LTR/ERVL-MaLR	1488	+	16	1067451	78276
chr16	428663	628663	harbor2	chr16	472741	473136	LTR/ERVL-MaLR	973	+	198	472939	44276
chr16	324283	524283	harbor2	chr16	421186	421269	LTR/ERVL-MaLR	588	+	42	421228	96945
chr16	324283	524283	harbor2	chr16	421576	421642	LTR/ERVL-MaLR	588	+	33	421609	97326
chr16	79064526	79264526	harbor2	chr16	79073578	79073751	LTR/ERVL-MaLR	617	+	86	79073664	9138
chr16	79064526	79264526	harbor2	chr16	79083138	79083517	LTR/ERVL-MaLR	798	+	190	79083328	18802
chr16	79064526	79264526	harbor2	chr16	79114171	79114720	LTR/ERVL-MaLR	1393	+	274	79114445	49919
chr16	79064526	79264526	harbor2	chr16	79126312	79126680	LTR/ERVL-MaLR	2453	+	184	79126496	61970
chr16	58762872	58962872	harbor2	chr16	58801146	58801521	LTR/ERVL-MaLR	1687	+	188	58801334	38462
chr16	58762872	58962872	harbor2	chr16	58830081	58830262	LTR/ERVL-MaLR	1941	+	90	58830171	67299
chr16	58762872	58962872	harbor2	chr16	58830321	58830493	LTR/ERVL-MaLR	1941	+	86	58830407	67535
chr16	58762872	58962872	harbor2	chr16	58848501	58848874	LTR/ERVL-MaLR	1438	+	186	58848687	85815
chr16	58762872	58962872	harbor2	chr16	58853829	58854381	LTR/ERVL-MaLR	607	+	276	58854105	91233
chr16	47561803	47761803	harbor2	chr16	47595988	47596332	LTR/ERVL-MaLR	2265	+	172	47596160	34357
chr16	47497102	47697102	harbor2	chr16	47527613	47528030	LTR/ERVL-MaLR	1464	+	208	47527821	30719
chr16	47497102	47697102	harbor2	chr16	47595988	47596332	LTR/ERVL-MaLR	2265	+	172	47596160	99058
chr16	955293	1155293	harbor2	chr16	1026803	1027200	LTR/ERVL-MaLR	603	+	198	1027001	71708
chr16	955293	1155293	harbor2	chr16	1037753	1038044	LTR/ERVL-MaLR	596	+	146	1037899	82606
chr16	2168770	2368770	harbor2	chr16	2242489	2242754	LTR/ERVL-MaLR	675	+	132	2242621	73851
chr16	1002283	1202283	harbor2	chr16	1026803	1027200	LTR/ERVL-MaLR	603	+	198	1027001	24718
chr16	1002283	1202283	harbor2	chr16	1037753	1038044	LTR/ERVL-MaLR	596	+	146	1037899	35616
chr16	1002283	1202283	harbor2	chr16	1066737	1067098	LTR/ERVL-MaLR	1488	+	180	1066917	64634
chr16	1002283	1202283	harbor2	chr16	1067435	1067467	LTR/ERVL-MaLR	1488	+	16	1067451	65168
chr16	77425	277425	harbor2	chr16	146001	146181	LTR/ERVL-MaLR	1579	+	90	146091	68666
chr16	77425	277425	harbor2	chr16	146489	146677	LTR/ERVL-MaLR	1579	+	94	146583	69158
chr16	457470	657470	harbor2	chr16	472741	473136	LTR/ERVL-MaLR	973	+	198	472939	15469
chr16	70885369	71085369	harbor2	chr16	70887160	70887644	LTR/ERVL-MaLR	2289	+	242	70887402	2033
chr16	70885369	71085369	harbor2	chr16	70895245	70895706	LTR/ERVL-MaLR	2043	+	230	70895475	10106
chr16	70885369	71085369	harbor2	chr16	70899167	70899629	LTR/ERVL-MaLR	1211	+	231	70899398	14029
chr16	70885369	71085369	harbor2	chr16	70938943	70939275	LTR/ERVL-MaLR	1302	+	166	70939109	53740
chr16	70885369	71085369	harbor2	chr16	70939732	70940063	LTR/ERVL-MaLR	1740	+	166	70939898	54529
chr16	70885369	71085369	harbor2	chr16	70956407	70956869	LTR/ERVL-MaLR	1841	+	231	70956638	71269
chr16	70885369	71085369	harbor2	chr16	70963281	70963655	LTR/ERVL-MaLR	2255	+	187	70963468	78099
chr16	70885369	71085369	harbor2	chr16	70966460	70966604	LTR/ERVL-MaLR	716	+	72	70966532	81163
chr16	47360975	47560975	harbor2	chr16	47416476	47416849	LTR/ERVL-MaLR	1749	+	186	47416662	55687
chr16	47360975	47560975	harbor2	chr16	47420487	47420883	LTR/ERVL-MaLR	1625	+	198	47420685	59710
chr16	47360975	47560975	harbor2	chr16	47445533	47445830	LTR/ERVL-MaLR	777	+	148	47445681	84706
chr16	2837328	3037328	harbor2	chr16	2863834	2864231	LTR/ERVL-MaLR	2080	+	198	2864032	26704
chr16	703103	903103	harbor2	chr16	746988	747264	LTR/ERVL-MaLR	1795	+	138	747126	44023
chr16	703103	903103	harbor2	chr16	747576	747646	LTR/ERVL-MaLR	1795	+	35	747611	44508
chr16	703103	903103	harbor2	chr16	771100	771226	LTR/ERVL-MaLR	1146	+	63	771163	68060
chr16	703103	903103	harbor2	chr16	771675	771910	LTR/ERVL-MaLR	1146	+	118	771793	68690
chr16	979992	1179992	harbor2	chr16	1026803	1027200	LTR/ERVL-MaLR	603	+	198	1027001	47009
chr16	979992	1179992	harbor2	chr16	1037753	1038044	LTR/ERVL-MaLR	596	+	146	1037899	57907
chr16	979992	1179992	harbor2	chr16	1066737	1067098	LTR/ERVL-MaLR	1488	+	180	1066917	86925
chr16	979992	1179992	harbor2	chr16	1067435	1067467	LTR/ERVL-MaLR	1488	+	16	1067451	87459
chr16	72951269	73151269	harbor2	chr16	73000955	73001496	LTR/ERVL-MaLR	2150	+	270	73001225	49956
chr16	72951269	73151269	harbor2	chr16	73013870	73014299	LTR/ERVL-MaLR	1579	+	214	73014084	62815
chr16	72951269	73151269	harbor2	chr16	73021410	73021549	LTR/ERVL-MaLR	693	+	70	73021480	70211
chr16	72951269	73151269	harbor2	chr16	73021854	73021968	LTR/ERVL-MaLR	693	+	57	73021911	70642
chr16	77400	277400	harbor2	chr16	146001	146181	LTR/ERVL-MaLR	1579	+	90	146091	68691
chr16	77400	277400	harbor2	chr16	146489	146677	LTR/ERVL-MaLR	1579	+	94	146583	69183
chr16	49563665	49763665	harbor2	chr16	49567910	49568380	LTR/ERVL-MaLR	838	+	235	49568145	4480
chr16	49563665	49763665	harbor2	chr16	49618332	49618707	LTR/ERVL-MaLR	2088	+	188	49618520	54855
chr16	49563665	49763665	harbor2	chr16	49645664	49646042	LTR/ERVL-MaLR	2692	+	189	49645853	82188
chr16	49563665	49763665	harbor2	chr16	49647366	49647863	LTR/ERVL-MaLR	2137	+	248	49647614	83949
chr16	49563665	49763665	harbor2	chr16	49647864	49648360	LTR/ERVL-MaLR	2455	+	248	49648112	84447
chr16	49563665	49763665	harbor2	chr16	49648680	49649228	LTR/ERVL-MaLR	2455	+	274	49648954	85289
chr16	31042592	31242592	harbor2	chr16	31044355	31044490	LTR/ERVL-MaLR	709	+	68	31044423	1831
chr16	31042592	31242592	harbor2	chr16	31044788	31045032	LTR/ERVL-MaLR	709	+	122	31044910	2318
chr16	31042592	31242592	harbor2	chr16	31045881	31046271	LTR/ERVL-MaLR	1304	+	195	31046076	3484
chr16	31042592	31242592	harbor2	chr16	31046486	31046654	LTR/ERVL-MaLR	1304	+	84	31046570	3978
chr16	31042592	31242592	harbor2	chr16	31046951	31047195	LTR/ERVL-MaLR	1304	+	122	31047073	4481
chr16	31042592	31242592	harbor2	chr16	31048163	31048174	LTR/ERVL-MaLR	1304	+	6	31048169	5577
chr16	31042592	31242592	harbor2	chr16	31048476	31048746	LTR/ERVL-MaLR	1304	+	135	31048611	6019
chr16	31042592	31242592	harbor2	chr16	31049374	31049700	LTR/ERVL-MaLR	1304	+	163	31049537	6945
chr16	31042592	31242592	harbor2	chr16	31050075	31050435	LTR/ERVL-MaLR	1004	+	180	31050255	7663
chr16	31042592	31242592	harbor2	chr16	31055687	31055826	LTR/ERVL-MaLR	630	+	70	31055757	13165
chr16	31042592	31242592	harbor2	chr16	31071893	31072052	LTR/ERVL-MaLR	566	+	80	31071973	29381
chr16	31042592	31242592	harbor2	chr16	31098364	31098698	LTR/ERVL-MaLR	1164	+	167	31098531	55939
chr16	31042592	31242592	harbor2	chr16	31100087	31100361	LTR/ERVL-MaLR	2044	+	137	31100224	57632
chr16	31042592	31242592	harbor2	chr16	31101265	31101454	LTR/ERVL-MaLR	2044	+	94	31101359	58767
chr16	31042592	31242592	harbor2	chr16	31101767	31101789	LTR/ERVL-MaLR	2044	+	11	31101778	59186
chr16	31042592	31242592	harbor2	chr16	31101924	31101958	LTR/ERVL-MaLR	2044	+	17	31101941	59349
chr16	31042592	31242592	harbor2	chr16	31102208	31102256	LTR/ERVL-MaLR	2044	+	24	31102232	59640
chr16	67012863	67212863	harbor2	chr16	67071247	67071621	LTR/ERVL-MaLR	1365	+	187	67071434	58571
chr16	1	163428	harbor2	chr16	27259	27445	LTR/ERVL-MaLR	757	+	93	27352	27351
chr16	1	163428	harbor2	chr16	27750	27848	LTR/ERVL-MaLR	757	+	49	27799	27798
chr16	1	163428	harbor2	chr16	28408	28525	LTR/ERVL-MaLR	608	+	58	28466	28465
chr16	79501524	79701524	harbor2	chr16	79515267	79515288	LTR/ERVL-MaLR	532	+	10	79515277	13753
chr16	79501524	79701524	harbor2	chr16	79515652	79515966	LTR/ERVL-MaLR	532	+	157	79515809	14285
chr16	79501524	79701524	harbor2	chr16	79564650	79565150	LTR/ERVL-MaLR	601	+	250	79564900	63376
chr16	79501524	79701524	harbor2	chr16	79565436	79565789	LTR/ERVL-MaLR	2283	+	176	79565612	64088
chr16	31202309	31402309	harbor2	chr16	31249615	31249834	LTR/ERVL-MaLR	918	+	110	31249725	47416
chr16	31202309	31402309	harbor2	chr16	31250733	31250985	LTR/ERVL-MaLR	918	+	126	31250859	48550
chr16	31202309	31402309	harbor2	chr16	31256445	31256930	LTR/ERVL-MaLR	1204	+	242	31256687	54378
chr16	4747400	4947400	harbor2	chr16	4751621	4751762	LTR/ERVL-MaLR	566	+	70	4751691	4291
chr16	4747400	4947400	harbor2	chr16	4751918	4752161	LTR/ERVL-MaLR	566	+	122	4752040	4640
chr16	4747400	4947400	harbor2	chr16	4754774	4755182	LTR/ERVL-MaLR	2732	+	204	4754978	7578
chr16	4747400	4947400	harbor2	chr16	4771670	4771831	LTR/ERVL-MaLR	734	+	80	4771750	24350
chr16	4747400	4947400	harbor2	chr16	4793131	4793398	LTR/ERVL-MaLR	1039	+	134	4793265	45865
chr16	47361826	47561826	harbor2	chr16	47416476	47416849	LTR/ERVL-MaLR	1749	+	186	47416662	54836
chr16	47361826	47561826	harbor2	chr16	47420487	47420883	LTR/ERVL-MaLR	1625	+	198	47420685	58859
chr16	47361826	47561826	harbor2	chr16	47445533	47445830	LTR/ERVL-MaLR	777	+	148	47445681	83855
chr16	2198306	2398306	harbor2	chr16	2242489	2242754	LTR/ERVL-MaLR	675	+	132	2242621	44315
chr16	871674	1071674	harbor2	chr16	939864	940277	LTR/ERVL-MaLR	610	+	206	940070	68396
chr16	71270097	71470097	harbor2	chr16	71274698	71275087	LTR/ERVL-MaLR	1600	+	194	71274892	4795
chr16	71270097	71470097	harbor2	chr16	71303364	71303684	LTR/ERVL-MaLR	890	+	160	71303524	33427
chr16	71270097	71470097	harbor2	chr16	71324755	71325235	LTR/ERVL-MaLR	2363	+	240	71324995	54898
chr16	71270097	71470097	harbor2	chr16	71328341	71328787	LTR/ERVL-MaLR	775	+	223	71328564	58467
chr16	871554	1071554	harbor2	chr16	939864	940277	LTR/ERVL-MaLR	610	+	206	940070	68516
chr16	57893704	58093704	harbor2	chr16	57898830	57899081	LTR/ERVL-MaLR	1103	+	126	57898956	5252
chr16	57893704	58093704	harbor2	chr16	57905562	57905954	LTR/ERVL-MaLR	1522	+	196	57905758	12054
chr16	57893704	58093704	harbor2	chr16	57924639	57924990	LTR/ERVL-MaLR	2183	+	176	57924815	31111
chr16	57893704	58093704	harbor2	chr16	57925303	57925372	LTR/ERVL-MaLR	2183	+	34	57925337	31633
chr16	57893704	58093704	harbor2	chr16	57955517	57955978	LTR/ERVL-MaLR	1541	+	230	57955747	62043
chr16	81549	281549	harbor2	chr16	146001	146181	LTR/ERVL-MaLR	1579	+	90	146091	64542
chr16	81549	281549	harbor2	chr16	146489	146677	LTR/ERVL-MaLR	1579	+	94	146583	65034
chr16	67009860	67209860	harbor2	chr16	67071247	67071621	LTR/ERVL-MaLR	1365	+	187	67071434	61574
chr16	77408	277408	harbor2	chr16	146001	146181	LTR/ERVL-MaLR	1579	+	90	146091	68683
chr16	77408	277408	harbor2	chr16	146489	146677	LTR/ERVL-MaLR	1579	+	94	146583	69175
chr16	89596335	89796335	harbor2	chr16	89626182	89626358	LTR/ERVL-MaLR	1235	+	88	89626270	29935
chr16	89596335	89796335	harbor2	chr16	89626654	89626834	LTR/ERVL-MaLR	1235	+	90	89626744	30409
chr16	89596335	89796335	harbor2	chr16	89661208	89661557	LTR/ERVL-MaLR	2262	+	174	89661382	65047
chr16	89596335	89796335	harbor2	chr16	89664344	89664960	LTR/ERVL-MaLR	782	+	308	89664652	68317
chr16	700511	900511	harbor2	chr16	746988	747264	LTR/ERVL-MaLR	1795	+	138	747126	46615
chr16	700511	900511	harbor2	chr16	747576	747646	LTR/ERVL-MaLR	1795	+	35	747611	47100
chr16	700511	900511	harbor2	chr16	771100	771226	LTR/ERVL-MaLR	1146	+	63	771163	70652
chr16	700511	900511	harbor2	chr16	771675	771910	LTR/ERVL-MaLR	1146	+	118	771793	71282
chr16	1606121	1806121	harbor2	chr16	1605786	1606195	LTR/ERVL-MaLR	1311	+	204	1605990	131
chr16	4524689	4724689	harbor2	chr16	4549808	4550020	LTR/ERVL-MaLR	1192	+	106	4549914	25225
chr16	4524689	4724689	harbor2	chr16	4589145	4589295	LTR/ERVL-MaLR	610	+	75	4589220	64531
chr16	4998398	5198398	harbor2	chr16	5029131	5029576	LTR/ERVL-MaLR	857	+	222	5029353	30955
chr16	4998398	5198398	harbor2	chr16	5035926	5036250	LTR/ERVL-MaLR	1415	+	162	5036088	37690
chr16	4998398	5198398	harbor2	chr16	5054632	5054992	LTR/ERVL-MaLR	2199	+	180	5054812	56414
chr16	4998398	5198398	harbor2	chr16	5070806	5071161	LTR/ERVL-MaLR	2357	+	178	5070984	72586
chr16	28503963	28703963	harbor2	chr16	28534559	28534981	LTR/ERVL-MaLR	976	+	211	28534770	30807
chr16	28503963	28703963	harbor2	chr16	28567326	28567484	LTR/ERVL-MaLR	906	+	79	28567405	63442
chr16	28503963	28703963	harbor2	chr16	28567484	28567844	LTR/ERVL-MaLR	2202	+	180	28567664	63701
chr16	28503963	28703963	harbor2	chr16	28569148	28569377	LTR/ERVL-MaLR	2105	+	114	28569262	65299
chr16	28503963	28703963	harbor2	chr16	28569674	28570544	LTR/ERVL-MaLR	3455	+	435	28570109	66146
chr16	28503963	28703963	harbor2	chr16	28570877	28571020	LTR/ERVL-MaLR	3455	+	72	28570949	66986
chr16	28503963	28703963	harbor2	chr16	28571026	28571311	LTR/ERVL-MaLR	1453	+	142	28571168	67205
chr16	4085358	4285358	harbor2	chr16	4099979	4100327	LTR/ERVL-MaLR	1907	+	174	4100153	14795
chr16	4085358	4285358	harbor2	chr16	4100630	4100671	LTR/ERVL-MaLR	1907	+	20	4100650	15292
chr16	4085358	4285358	harbor2	chr16	4121712	4121870	LTR/ERVL-MaLR	573	+	79	4121791	36433
chr16	4085358	4285358	harbor2	chr16	4127602	4127760	LTR/ERVL-MaLR	1430	+	79	4127681	42323
chr16	4085358	4285358	harbor2	chr16	4127787	4127809	LTR/ERVL-MaLR	1430	+	11	4127798	42440
chr16	4085358	4285358	harbor2	chr16	4127966	4128042	LTR/ERVL-MaLR	1430	+	38	4128004	42646
chr16	4085358	4285358	harbor2	chr16	4128350	4128566	LTR/ERVL-MaLR	1430	+	108	4128458	43100
chr16	4085358	4285358	harbor2	chr16	4138625	4138903	LTR/ERVL-MaLR	1364	+	139	4138764	53406
chr16	4085358	4285358	harbor2	chr16	4140113	4140294	LTR/ERVL-MaLR	530	+	90	4140203	54845
chr16	4085358	4285358	harbor2	chr16	4140295	4140713	LTR/ERVL-MaLR	2251	+	209	4140504	55146
chr16	4085358	4285358	harbor2	chr16	4140714	4140838	LTR/ERVL-MaLR	530	+	62	4140776	55418
chr16	4085358	4285358	harbor2	chr16	4155228	4155634	LTR/ERVL-MaLR	1799	+	203	4155431	70073
chr16	4085358	4285358	harbor2	chr16	4155945	4156008	LTR/ERVL-MaLR	1799	+	32	4155977	70619
chr16	4085358	4285358	harbor2	chr16	4168943	4169343	LTR/ERVL-MaLR	1647	+	200	4169143	83785
chr16	88757121	88957121	harbor2	chr16	88843478	88843802	LTR/ERVL-MaLR	617	+	162	88843640	86519
chr16	88757121	88957121	harbor2	chr16	88846148	88846313	LTR/ERVL-MaLR	547	+	82	88846230	89109
chr16	31042572	31242572	harbor2	chr16	31044355	31044490	LTR/ERVL-MaLR	709	+	68	31044423	1851
chr16	31042572	31242572	harbor2	chr16	31044788	31045032	LTR/ERVL-MaLR	709	+	122	31044910	2338
chr16	31042572	31242572	harbor2	chr16	31045881	31046271	LTR/ERVL-MaLR	1304	+	195	31046076	3504
chr16	31042572	31242572	harbor2	chr16	31046486	31046654	LTR/ERVL-MaLR	1304	+	84	31046570	3998
chr16	31042572	31242572	harbor2	chr16	31046951	31047195	LTR/ERVL-MaLR	1304	+	122	31047073	4501
chr16	31042572	31242572	harbor2	chr16	31048163	31048174	LTR/ERVL-MaLR	1304	+	6	31048169	5597
chr16	31042572	31242572	harbor2	chr16	31048476	31048746	LTR/ERVL-MaLR	1304	+	135	31048611	6039
chr16	31042572	31242572	harbor2	chr16	31049374	31049700	LTR/ERVL-MaLR	1304	+	163	31049537	6965
chr16	31042572	31242572	harbor2	chr16	31050075	31050435	LTR/ERVL-MaLR	1004	+	180	31050255	7683
chr16	31042572	31242572	harbor2	chr16	31055687	31055826	LTR/ERVL-MaLR	630	+	70	31055757	13185
chr16	31042572	31242572	harbor2	chr16	31071893	31072052	LTR/ERVL-MaLR	566	+	80	31071973	29401
chr16	31042572	31242572	harbor2	chr16	31098364	31098698	LTR/ERVL-MaLR	1164	+	167	31098531	55959
chr16	31042572	31242572	harbor2	chr16	31100087	31100361	LTR/ERVL-MaLR	2044	+	137	31100224	57652
chr16	31042572	31242572	harbor2	chr16	31101265	31101454	LTR/ERVL-MaLR	2044	+	94	31101359	58787
chr16	31042572	31242572	harbor2	chr16	31101767	31101789	LTR/ERVL-MaLR	2044	+	11	31101778	59206
chr16	31042572	31242572	harbor2	chr16	31101924	31101958	LTR/ERVL-MaLR	2044	+	17	31101941	59369
chr16	31042572	31242572	harbor2	chr16	31102208	31102256	LTR/ERVL-MaLR	2044	+	24	31102232	59660
chr16	2375142	2575142	harbor2	chr16	2401402	2401624	LTR/ERVL-MaLR	1224	+	111	2401513	26371
chr16	2375142	2575142	harbor2	chr16	2416385	2416694	LTR/ERVL-MaLR	840	+	154	2416539	41397
chr16	1	168283	harbor2	chr16	27259	27445	LTR/ERVL-MaLR	757	+	93	27352	27351
chr16	1	168283	harbor2	chr16	27750	27848	LTR/ERVL-MaLR	757	+	49	27799	27798
chr16	1	168283	harbor2	chr16	28408	28525	LTR/ERVL-MaLR	608	+	58	28466	28465
chr16	30088915	30288915	harbor2	chr16	30153988	30154415	LTR/ERVL-MaLR	2449	+	214	30154202	65287
chr16	982324	1182324	harbor2	chr16	1026803	1027200	LTR/ERVL-MaLR	603	+	198	1027001	44677
chr16	982324	1182324	harbor2	chr16	1037753	1038044	LTR/ERVL-MaLR	596	+	146	1037899	55575
chr16	982324	1182324	harbor2	chr16	1066737	1067098	LTR/ERVL-MaLR	1488	+	180	1066917	84593
chr16	982324	1182324	harbor2	chr16	1067435	1067467	LTR/ERVL-MaLR	1488	+	16	1067451	85127
chr16	793299	993299	harbor2	chr16	822231	822458	LTR/ERVL-MaLR	560	+	114	822345	29046
chr16	57927471	58127471	harbor2	chr16	57955517	57955978	LTR/ERVL-MaLR	1541	+	230	57955747	28276
chr16	29721341	29921341	harbor2	chr16	29760475	29761018	LTR/ERVL-MaLR	923	+	272	29760747	39406
chr16	75397510	75597510	harbor2	chr16	75398313	75398555	LTR/ERVL-MaLR	778	+	121	75398434	924
chr16	75397510	75597510	harbor2	chr16	75457452	75457619	LTR/ERVL-MaLR	864	+	84	75457536	60026
chr16	75397510	75597510	harbor2	chr16	75458289	75458739	LTR/ERVL-MaLR	1708	+	225	75458514	61004
chr16	75397510	75597510	harbor2	chr16	75476151	75476269	LTR/ERVL-MaLR	1261	+	59	75476210	78700
chr16	75397510	75597510	harbor2	chr16	75476586	75476748	LTR/ERVL-MaLR	1261	+	81	75476667	79157
chr16	75397510	75597510	harbor2	chr16	75477044	75477098	LTR/ERVL-MaLR	1261	+	27	75477071	79561
chr16	85589096	85789096	harbor2	chr16	85628877	85629265	LTR/ERVL-MaLR	1863	+	194	85629071	39975
chr16	49244544	49444544	harbor2	chr16	49244755	49245176	LTR/ERVL-MaLR	2115	+	210	49244965	421
chr16	49244544	49444544	harbor2	chr16	49250372	49250751	LTR/ERVL-MaLR	1811	+	190	49250562	6018
chr16	49244544	49444544	harbor2	chr16	49268866	49269278	LTR/ERVL-MaLR	954	+	206	49269072	24528
chr16	49244544	49444544	harbor2	chr16	49337211	49337676	LTR/ERVL-MaLR	749	+	232	49337443	92899
chr16	49244544	49444544	harbor2	chr16	49343259	49343777	LTR/ERVL-MaLR	2497	+	259	49343518	98974
chr16	457042	657042	harbor2	chr16	472741	473136	LTR/ERVL-MaLR	973	+	198	472939	15897
chr16	57891552	58091552	harbor2	chr16	57898830	57899081	LTR/ERVL-MaLR	1103	+	126	57898956	7404
chr16	57891552	58091552	harbor2	chr16	57905562	57905954	LTR/ERVL-MaLR	1522	+	196	57905758	14206
chr16	57891552	58091552	harbor2	chr16	57924639	57924990	LTR/ERVL-MaLR	2183	+	176	57924815	33263
chr16	57891552	58091552	harbor2	chr16	57925303	57925372	LTR/ERVL-MaLR	2183	+	34	57925337	33785
chr16	57891552	58091552	harbor2	chr16	57955517	57955978	LTR/ERVL-MaLR	1541	+	230	57955747	64195
chr16	1606161	1806161	harbor2	chr16	1605786	1606195	LTR/ERVL-MaLR	1311	+	204	1605990	171
chr16	67063990	67263990	harbor2	chr16	67071247	67071621	LTR/ERVL-MaLR	1365	+	187	67071434	7444
chr16	67063990	67263990	harbor2	chr16	67157172	67157686	LTR/ERVL-MaLR	1464	+	257	67157429	93439
chr16	4163779	4363779	harbor2	chr16	4168943	4169343	LTR/ERVL-MaLR	1647	+	200	4169143	5364
chr16	4163779	4363779	harbor2	chr16	4230325	4230381	LTR/ERVL-MaLR	1428	+	28	4230353	66574
chr16	4163779	4363779	harbor2	chr16	4230686	4231035	LTR/ERVL-MaLR	1428	+	174	4230860	67081
chr16	4163779	4363779	harbor2	chr16	4231327	4231382	LTR/ERVL-MaLR	1428	+	28	4231355	67576
chr16	1	168252	harbor2	chr16	27259	27445	LTR/ERVL-MaLR	757	+	93	27352	27351
chr16	1	168252	harbor2	chr16	27750	27848	LTR/ERVL-MaLR	757	+	49	27799	27798
chr16	1	168252	harbor2	chr16	28408	28525	LTR/ERVL-MaLR	608	+	58	28466	28465
chr16	89595449	89795449	harbor2	chr16	89626182	89626358	LTR/ERVL-MaLR	1235	+	88	89626270	30821
chr16	89595449	89795449	harbor2	chr16	89626654	89626834	LTR/ERVL-MaLR	1235	+	90	89626744	31295
chr16	89595449	89795449	harbor2	chr16	89661208	89661557	LTR/ERVL-MaLR	2262	+	174	89661382	65933
chr16	89595449	89795449	harbor2	chr16	89664344	89664960	LTR/ERVL-MaLR	782	+	308	89664652	69203
chr16	54835021	55035021	harbor2	chr16	54871484	54871627	LTR/ERVL-MaLR	1708	+	72	54871556	36535
chr16	54835021	55035021	harbor2	chr16	54871693	54871989	LTR/ERVL-MaLR	1708	+	148	54871841	36820
chr16	54835021	55035021	harbor2	chr16	54902437	54902827	LTR/ERVL-MaLR	1541	+	195	54902632	67611
chr16	82568055	82768055	harbor2	chr16	82588606	82589048	LTR/ERVL-MaLR	1187	+	221	82588827	20772
chr16	82568055	82768055	harbor2	chr16	82597426	82597853	LTR/ERVL-MaLR	1808	+	214	82597640	29585
chr16	82568055	82768055	harbor2	chr16	82600404	82600759	LTR/ERVL-MaLR	1410	+	178	82600582	32527
chr16	82568055	82768055	harbor2	chr16	82601158	82601537	LTR/ERVL-MaLR	773	+	190	82601348	33293
chr16	82568055	82768055	harbor2	chr16	82603669	82604112	LTR/ERVL-MaLR	1283	+	222	82603891	35836
chr16	82568055	82768055	harbor2	chr16	82635717	82636091	LTR/ERVL-MaLR	1918	+	187	82635904	67849
chr16	82568055	82768055	harbor2	chr16	82647830	82648193	LTR/ERVL-MaLR	2465	+	182	82648012	79957
chr16	82568055	82768055	harbor2	chr16	82608103	82608614	LTR/ERVL-MaLR	1618	+	256	82608359	40304
chr16	87750387	87950387	harbor2	chr16	87799156	87799465	LTR/ERVL-MaLR	1118	+	154	87799310	48923
chr16	87750387	87950387	harbor2	chr16	87800780	87800928	LTR/ERVL-MaLR	1118	+	74	87800854	50467
chr16	87750387	87950387	harbor2	chr16	87803246	87803675	LTR/ERVL-MaLR	608	+	214	87803460	53073
chr16	87750387	87950387	harbor2	chr16	87815402	87815755	LTR/ERVL-MaLR	661	+	176	87815578	65191
chr16	87292154	87492154	harbor2	chr16	87316714	87317005	LTR/ERVL-MaLR	783	+	146	87316860	24706
chr16	87292154	87492154	harbor2	chr16	87338802	87339158	LTR/ERVL-MaLR	2500	+	178	87338980	46826
chr16	57890831	58090831	harbor2	chr16	57898830	57899081	LTR/ERVL-MaLR	1103	+	126	57898956	8125
chr16	57890831	58090831	harbor2	chr16	57905562	57905954	LTR/ERVL-MaLR	1522	+	196	57905758	14927
chr16	57890831	58090831	harbor2	chr16	57924639	57924990	LTR/ERVL-MaLR	2183	+	176	57924815	33984
chr16	57890831	58090831	harbor2	chr16	57925303	57925372	LTR/ERVL-MaLR	2183	+	34	57925337	34506
chr16	57890831	58090831	harbor2	chr16	57955517	57955978	LTR/ERVL-MaLR	1541	+	230	57955747	64916
chr16	70636004	70836004	harbor2	chr16	70668588	70668933	LTR/ERVL-MaLR	1774	+	172	70668760	32756
chr16	70636004	70836004	harbor2	chr16	70733442	70733818	LTR/ERVL-MaLR	2390	+	188	70733630	97626
chr16	70636004	70836004	harbor2	chr16	70734122	70734157	LTR/ERVL-MaLR	2390	+	18	70734140	98136
chr17	79711320	79911320	harbor2	chr17	79713328	79713734	LTR/ERVL-MaLR	1331	+	203	79713531	2211
chr17	79711320	79911320	harbor2	chr17	79719594	79719859	LTR/ERVL-MaLR	645	+	132	79719726	8406
chr17	79711320	79911320	harbor2	chr17	79763879	79764148	LTR/ERVL-MaLR	1429	+	134	79764013	52693
chr17	79711320	79911320	harbor2	chr17	79764470	79764533	LTR/ERVL-MaLR	1429	+	32	79764502	53182
chr17	79711320	79911320	harbor2	chr17	79768343	79768520	LTR/ERVL-MaLR	1726	+	88	79768431	57111
chr17	79711320	79911320	harbor2	chr17	79769115	79769318	LTR/ERVL-MaLR	1726	+	102	79769217	57897
chr17	80934879	81134879	harbor2	chr17	80978550	80978914	LTR/ERVL-MaLR	1525	+	182	80978732	43853
chr17	80934879	81134879	harbor2	chr17	80983137	80983310	LTR/ERVL-MaLR	1141	+	86	80983223	48344
chr17	80934879	81134879	harbor2	chr17	80983606	80983788	LTR/ERVL-MaLR	1141	+	91	80983697	48818
chr17	80934879	81134879	harbor2	chr17	81010175	81010517	LTR/ERVL-MaLR	2105	+	171	81010346	75467
chr17	80934879	81134879	harbor2	chr17	81010819	81010860	LTR/ERVL-MaLR	2105	+	20	81010839	75960
chr17	80934879	81134879	harbor2	chr17	81010861	81011385	LTR/ERVL-MaLR	2500	+	262	81011123	76244
chr17	80934879	81134879	harbor2	chr17	81012513	81013656	LTR/ERVL-MaLR	5382	+	572	81013085	78206
chr17	80934879	81134879	harbor2	chr17	81013672	81014065	LTR/ERVL-MaLR	2310	+	196	81013868	78989
chr17	80934879	81134879	harbor2	chr17	80969542	80969863	LTR/ERVL-MaLR	772	+	160	80969702	34823
chr17	79819279	80019279	harbor2	chr17	79860947	79861060	LTR/ERVL-MaLR	1310	+	56	79861003	41724
chr17	79819279	80019279	harbor2	chr17	79861359	79861662	LTR/ERVL-MaLR	1310	+	152	79861511	42232
chr17	79819279	80019279	harbor2	chr17	79883834	79884209	LTR/ERVL-MaLR	2100	+	188	79884022	64743
chr17	79819279	80019279	harbor2	chr17	79895707	79896092	LTR/ERVL-MaLR	1727	+	192	79895899	76620
chr17	79819279	80019279	harbor2	chr17	79905664	79905991	LTR/ERVL-MaLR	1395	+	164	79905828	86549
chr17	76675676	76875676	harbor2	chr17	76697038	76697439	LTR/ERVL-MaLR	1908	+	200	76697238	21562
chr17	76675676	76875676	harbor2	chr17	76705510	76705878	LTR/ERVL-MaLR	1710	+	184	76705694	30018
chr17	78893046	79093046	harbor2	chr17	78922371	78922535	LTR/ERVL-MaLR	1588	+	82	78922453	29407
chr17	78893046	79093046	harbor2	chr17	78922795	78923077	LTR/ERVL-MaLR	1588	+	141	78922936	29890
chr17	78893046	79093046	harbor2	chr17	78950664	78951185	LTR/ERVL-MaLR	2151	+	260	78950924	57878
chr17	78893046	79093046	harbor2	chr17	78958356	78958528	LTR/ERVL-MaLR	745	+	86	78958442	65396
chr17	79703307	79903307	harbor2	chr17	79713328	79713734	LTR/ERVL-MaLR	1331	+	203	79713531	10224
chr17	79703307	79903307	harbor2	chr17	79719594	79719859	LTR/ERVL-MaLR	645	+	132	79719726	16419
chr17	79703307	79903307	harbor2	chr17	79763879	79764148	LTR/ERVL-MaLR	1429	+	134	79764013	60706
chr17	79703307	79903307	harbor2	chr17	79764470	79764533	LTR/ERVL-MaLR	1429	+	32	79764502	61195
chr17	79703307	79903307	harbor2	chr17	79768343	79768520	LTR/ERVL-MaLR	1726	+	88	79768431	65124
chr17	79703307	79903307	harbor2	chr17	79769115	79769318	LTR/ERVL-MaLR	1726	+	102	79769217	65910
chr17	55168160	55368160	harbor2	chr17	55171721	55171925	LTR/ERVL-MaLR	816	+	102	55171823	3663
chr17	55168160	55368160	harbor2	chr17	55220323	55220584	LTR/ERVL-MaLR	788	+	130	55220453	52293
chr17	55168160	55368160	harbor2	chr17	55232479	55232790	LTR/ERVL-MaLR	702	+	156	55232635	64475
chr17	55168160	55368160	harbor2	chr17	55232902	55233277	LTR/ERVL-MaLR	2348	+	188	55233090	64930
chr17	55168160	55368160	harbor2	chr17	55246066	55246512	LTR/ERVL-MaLR	917	+	223	55246289	78129
chr17	55168160	55368160	harbor2	chr17	55247753	55248153	LTR/ERVL-MaLR	1056	+	200	55247953	79793
chr17	55168160	55368160	harbor2	chr17	55250270	55250703	LTR/ERVL-MaLR	2428	+	216	55250486	82326
chr17	55168160	55368160	harbor2	chr17	55253403	55253846	LTR/ERVL-MaLR	1559	+	222	55253625	85465
chr17	64956158	65156158	harbor2	chr17	64983711	64984067	LTR/ERVL-MaLR	1903	+	178	64983889	27731
chr17	64956158	65156158	harbor2	chr17	64991015	64991213	LTR/ERVL-MaLR	726	+	99	64991114	34956
chr17	64956158	65156158	harbor2	chr17	64995938	64996080	LTR/ERVL-MaLR	640	+	71	64996009	39851
chr17	64956158	65156158	harbor2	chr17	64996226	64996520	LTR/ERVL-MaLR	881	+	147	64996373	40215
chr17	80944204	81144204	harbor2	chr17	80978550	80978914	LTR/ERVL-MaLR	1525	+	182	80978732	34528
chr17	80944204	81144204	harbor2	chr17	80983137	80983310	LTR/ERVL-MaLR	1141	+	86	80983223	39019
chr17	80944204	81144204	harbor2	chr17	80983606	80983788	LTR/ERVL-MaLR	1141	+	91	80983697	39493
chr17	80944204	81144204	harbor2	chr17	81010175	81010517	LTR/ERVL-MaLR	2105	+	171	81010346	66142
chr17	80944204	81144204	harbor2	chr17	81010819	81010860	LTR/ERVL-MaLR	2105	+	20	81010839	66635
chr17	80944204	81144204	harbor2	chr17	81010861	81011385	LTR/ERVL-MaLR	2500	+	262	81011123	66919
chr17	80944204	81144204	harbor2	chr17	81012513	81013656	LTR/ERVL-MaLR	5382	+	572	81013085	68881
chr17	80944204	81144204	harbor2	chr17	81013672	81014065	LTR/ERVL-MaLR	2310	+	196	81013868	69664
chr17	80944204	81144204	harbor2	chr17	80969542	80969863	LTR/ERVL-MaLR	772	+	160	80969702	25498
chr17	80934893	81134893	harbor2	chr17	80978550	80978914	LTR/ERVL-MaLR	1525	+	182	80978732	43839
chr17	80934893	81134893	harbor2	chr17	80983137	80983310	LTR/ERVL-MaLR	1141	+	86	80983223	48330
chr17	80934893	81134893	harbor2	chr17	80983606	80983788	LTR/ERVL-MaLR	1141	+	91	80983697	48804
chr17	80934893	81134893	harbor2	chr17	81010175	81010517	LTR/ERVL-MaLR	2105	+	171	81010346	75453
chr17	80934893	81134893	harbor2	chr17	81010819	81010860	LTR/ERVL-MaLR	2105	+	20	81010839	75946
chr17	80934893	81134893	harbor2	chr17	81010861	81011385	LTR/ERVL-MaLR	2500	+	262	81011123	76230
chr17	80934893	81134893	harbor2	chr17	81012513	81013656	LTR/ERVL-MaLR	5382	+	572	81013085	78192
chr17	80934893	81134893	harbor2	chr17	81013672	81014065	LTR/ERVL-MaLR	2310	+	196	81013868	78975
chr17	80934893	81134893	harbor2	chr17	80969542	80969863	LTR/ERVL-MaLR	772	+	160	80969702	34809
chr17	38927260	39127260	harbor2	chr17	38991462	38991756	LTR/ERVL-MaLR	1498	+	147	38991609	64349
chr17	38927260	39127260	harbor2	chr17	38992064	38992092	LTR/ERVL-MaLR	1498	+	14	38992078	64818
chr17	38927260	39127260	harbor2	chr17	39008565	39008956	LTR/ERVL-MaLR	1998	+	196	39008761	81501
chr17	58391290	58591290	harbor2	chr17	58430936	58431275	LTR/ERVL-MaLR	2018	+	170	58431106	39816
chr17	58391290	58591290	harbor2	chr17	58438446	58438728	LTR/ERVL-MaLR	843	+	141	58438587	47297
chr17	58391290	58591290	harbor2	chr17	58441584	58442115	LTR/ERVL-MaLR	1473	+	266	58441850	50560
chr17	37653578	37853578	harbor2	chr17	37664254	37664505	LTR/ERVL-MaLR	849	+	126	37664380	10802
chr17	37653578	37853578	harbor2	chr17	37678498	37678958	LTR/ERVL-MaLR	1582	+	230	37678728	25150
chr17	37653578	37853578	harbor2	chr17	37679346	37679533	LTR/ERVL-MaLR	1165	+	94	37679440	25862
chr17	37653578	37853578	harbor2	chr17	37680983	37681203	LTR/ERVL-MaLR	1277	+	110	37681093	27515
chr17	37653578	37853578	harbor2	chr17	37693691	37694097	LTR/ERVL-MaLR	2544	+	203	37693894	40316
chr17	37653578	37853578	harbor2	chr17	37694463	37696003	LTR/ERVL-MaLR	8884	+	770	37695233	41655
chr17	37653578	37853578	harbor2	chr17	37696004	37696162	LTR/ERVL-MaLR	1781	+	79	37696083	42505
chr17	37653578	37853578	harbor2	chr17	37696463	37696683	LTR/ERVL-MaLR	1781	+	110	37696573	42995
chr17	48647453	48847453	harbor2	chr17	48659118	48659480	LTR/ERVL-MaLR	2339	+	181	48659299	11846
chr17	48647453	48847453	harbor2	chr17	48669308	48669657	LTR/ERVL-MaLR	1775	+	174	48669482	22029
chr17	81242715	81442715	harbor2	chr17	81297272	81297359	LTR/ERVL-MaLR	755	+	44	81297316	54601
chr17	81242715	81442715	harbor2	chr17	81297951	81298299	LTR/ERVL-MaLR	755	+	174	81298125	55410
chr17	81242715	81442715	harbor2	chr17	81304055	81304310	LTR/ERVL-MaLR	891	+	128	81304183	61468
chr17	80934865	81134865	harbor2	chr17	80978550	80978914	LTR/ERVL-MaLR	1525	+	182	80978732	43867
chr17	80934865	81134865	harbor2	chr17	80983137	80983310	LTR/ERVL-MaLR	1141	+	86	80983223	48358
chr17	80934865	81134865	harbor2	chr17	80983606	80983788	LTR/ERVL-MaLR	1141	+	91	80983697	48832
chr17	80934865	81134865	harbor2	chr17	81010175	81010517	LTR/ERVL-MaLR	2105	+	171	81010346	75481
chr17	80934865	81134865	harbor2	chr17	81010819	81010860	LTR/ERVL-MaLR	2105	+	20	81010839	75974
chr17	80934865	81134865	harbor2	chr17	81010861	81011385	LTR/ERVL-MaLR	2500	+	262	81011123	76258
chr17	80934865	81134865	harbor2	chr17	81012513	81013656	LTR/ERVL-MaLR	5382	+	572	81013085	78220
chr17	80934865	81134865	harbor2	chr17	81013672	81014065	LTR/ERVL-MaLR	2310	+	196	81013868	79003
chr17	80934865	81134865	harbor2	chr17	80969542	80969863	LTR/ERVL-MaLR	772	+	160	80969702	34837
chr17	76638002	76838002	harbor2	chr17	76674610	76675127	LTR/ERVL-MaLR	1160	+	258	76674868	36866
chr17	76638002	76838002	harbor2	chr17	76697038	76697439	LTR/ERVL-MaLR	1908	+	200	76697238	59236
chr17	76638002	76838002	harbor2	chr17	76705510	76705878	LTR/ERVL-MaLR	1710	+	184	76705694	67692
chr17	76637950	76837950	harbor2	chr17	76674610	76675127	LTR/ERVL-MaLR	1160	+	258	76674868	36918
chr17	76637950	76837950	harbor2	chr17	76697038	76697439	LTR/ERVL-MaLR	1908	+	200	76697238	59288
chr17	76637950	76837950	harbor2	chr17	76705510	76705878	LTR/ERVL-MaLR	1710	+	184	76705694	67744
chr17	76638185	76838185	harbor2	chr17	76674610	76675127	LTR/ERVL-MaLR	1160	+	258	76674868	36683
chr17	76638185	76838185	harbor2	chr17	76697038	76697439	LTR/ERVL-MaLR	1908	+	200	76697238	59053
chr17	76638185	76838185	harbor2	chr17	76705510	76705878	LTR/ERVL-MaLR	1710	+	184	76705694	67509
chr17	79703253	79903253	harbor2	chr17	79713328	79713734	LTR/ERVL-MaLR	1331	+	203	79713531	10278
chr17	79703253	79903253	harbor2	chr17	79719594	79719859	LTR/ERVL-MaLR	645	+	132	79719726	16473
chr17	79703253	79903253	harbor2	chr17	79763879	79764148	LTR/ERVL-MaLR	1429	+	134	79764013	60760
chr17	79703253	79903253	harbor2	chr17	79764470	79764533	LTR/ERVL-MaLR	1429	+	32	79764502	61249
chr17	79703253	79903253	harbor2	chr17	79768343	79768520	LTR/ERVL-MaLR	1726	+	88	79768431	65178
chr17	79703253	79903253	harbor2	chr17	79769115	79769318	LTR/ERVL-MaLR	1726	+	102	79769217	65964
chr17	65970416	66170416	harbor2	chr17	65983396	65983800	LTR/ERVL-MaLR	2287	+	202	65983598	13182
chr17	65970416	66170416	harbor2	chr17	65995715	65996063	LTR/ERVL-MaLR	2177	+	174	65995889	25473
chr17	65970416	66170416	harbor2	chr17	66046591	66047058	LTR/ERVL-MaLR	1306	+	234	66046825	76409
chr17	65970416	66170416	harbor2	chr17	66061844	66062217	LTR/ERVL-MaLR	2559	+	186	66062030	91614
chr17	79737447	79937447	harbor2	chr17	79763879	79764148	LTR/ERVL-MaLR	1429	+	134	79764013	26566
chr17	79737447	79937447	harbor2	chr17	79764470	79764533	LTR/ERVL-MaLR	1429	+	32	79764502	27055
chr17	79737447	79937447	harbor2	chr17	79768343	79768520	LTR/ERVL-MaLR	1726	+	88	79768431	30984
chr17	79737447	79937447	harbor2	chr17	79769115	79769318	LTR/ERVL-MaLR	1726	+	102	79769217	31770
chr17	39764391	39964391	harbor2	chr17	39806681	39807200	LTR/ERVL-MaLR	1697	+	260	39806941	42550
chr17	39764391	39964391	harbor2	chr17	39814458	39814902	LTR/ERVL-MaLR	1503	+	222	39814680	50289
chr17	39764391	39964391	harbor2	chr17	39822246	39822574	LTR/ERVL-MaLR	2206	+	164	39822410	58019
chr17	39764391	39964391	harbor2	chr17	39822881	39822920	LTR/ERVL-MaLR	2206	+	20	39822901	58510
chr17	39764391	39964391	harbor2	chr17	39822921	39824517	LTR/ERVL-MaLR	10665	+	798	39823719	59328
chr17	39764391	39964391	harbor2	chr17	39824518	39824693	LTR/ERVL-MaLR	2041	+	88	39824606	60215
chr17	39764391	39964391	harbor2	chr17	39824995	39825203	LTR/ERVL-MaLR	2041	+	104	39825099	60708
chr17	76638046	76838046	harbor2	chr17	76674610	76675127	LTR/ERVL-MaLR	1160	+	258	76674868	36822
chr17	76638046	76838046	harbor2	chr17	76697038	76697439	LTR/ERVL-MaLR	1908	+	200	76697238	59192
chr17	76638046	76838046	harbor2	chr17	76705510	76705878	LTR/ERVL-MaLR	1710	+	184	76705694	67648
chr17	76956448	77156448	harbor2	chr17	76957456	76957902	LTR/ERVL-MaLR	1396	+	223	76957679	1231
chr17	76956448	77156448	harbor2	chr17	76978059	76978423	LTR/ERVL-MaLR	2563	+	182	76978241	21793
chr17	76956448	77156448	harbor2	chr17	76990739	76990937	LTR/ERVL-MaLR	2681	+	99	76990838	34390
chr17	76956448	77156448	harbor2	chr17	76991248	76991442	LTR/ERVL-MaLR	2681	+	97	76991345	34897
chr17	76956448	77156448	harbor2	chr17	76991758	76991795	LTR/ERVL-MaLR	2681	+	18	76991776	35328
chr17	76956448	77156448	harbor2	chr17	77018354	77018702	LTR/ERVL-MaLR	1930	+	174	77018528	62080
chr17	76956448	77156448	harbor2	chr17	77021473	77022090	LTR/ERVL-MaLR	9035	+	308	77021781	65333
chr17	76956448	77156448	harbor2	chr17	77022390	77023226	LTR/ERVL-MaLR	9035	+	418	77022808	66360
chr17	76956448	77156448	harbor2	chr17	77023540	77023726	LTR/ERVL-MaLR	9035	+	93	77023633	67185
chr17	76956448	77156448	harbor2	chr17	77023737	77024144	LTR/ERVL-MaLR	2304	+	204	77023941	67493
chr17	76956448	77156448	harbor2	chr17	77027284	77027821	LTR/ERVL-MaLR	2573	+	268	77027552	71104
chr17	76956448	77156448	harbor2	chr17	77030639	77030764	LTR/ERVL-MaLR	1852	+	62	77030701	74253
chr17	76956448	77156448	harbor2	chr17	77030765	77031030	LTR/ERVL-MaLR	1992	+	132	77030897	74449
chr17	76956448	77156448	harbor2	chr17	77031429	77031571	LTR/ERVL-MaLR	1992	+	71	77031500	75052
chr17	76956448	77156448	harbor2	chr17	77031572	77031948	LTR/ERVL-MaLR	1852	+	188	77031760	75312
chr17	76956448	77156448	harbor2	chr17	77031976	77032376	LTR/ERVL-MaLR	1451	+	200	77032176	75728
chr17	76956448	77156448	harbor2	chr17	77021033	77021468	LTR/ERVL-MaLR	2516	+	218	77021251	64803
chr17	79819290	80019290	harbor2	chr17	79860947	79861060	LTR/ERVL-MaLR	1310	+	56	79861003	41713
chr17	79819290	80019290	harbor2	chr17	79861359	79861662	LTR/ERVL-MaLR	1310	+	152	79861511	42221
chr17	79819290	80019290	harbor2	chr17	79883834	79884209	LTR/ERVL-MaLR	2100	+	188	79884022	64732
chr17	79819290	80019290	harbor2	chr17	79895707	79896092	LTR/ERVL-MaLR	1727	+	192	79895899	76609
chr17	79819290	80019290	harbor2	chr17	79905664	79905991	LTR/ERVL-MaLR	1395	+	164	79905828	86538
chr17	45808505	46008505	harbor2	chr17	45843247	45843463	LTR/ERVL-MaLR	997	+	108	45843355	34850
chr17	45808505	46008505	harbor2	chr17	45854294	45854511	LTR/ERVL-MaLR	619	+	108	45854402	45897
chr17	45808505	46008505	harbor2	chr17	45855154	45855419	LTR/ERVL-MaLR	945	+	132	45855286	46781
chr17	45808505	46008505	harbor2	chr17	45871164	45871345	LTR/ERVL-MaLR	2166	+	90	45871254	62749
chr17	45808505	46008505	harbor2	chr17	45871641	45871838	LTR/ERVL-MaLR	2166	+	98	45871739	63234
chr17	45808505	46008505	harbor2	chr17	45877430	45877819	LTR/ERVL-MaLR	1403	+	194	45877624	69119
chr17	81092155	81292155	harbor2	chr17	81140420	81140644	LTR/ERVL-MaLR	645	+	112	81140532	48377
chr17	73833382	74033382	harbor2	chr17	73836827	73837200	LTR/ERVL-MaLR	2206	+	186	73837013	3631
chr17	73833382	74033382	harbor2	chr17	73846783	73846953	LTR/ERVL-MaLR	719	+	85	73846868	13486
chr17	73833382	74033382	harbor2	chr17	73846954	73847288	LTR/ERVL-MaLR	2144	+	167	73847121	13739
chr17	73833382	74033382	harbor2	chr17	73847591	73847631	LTR/ERVL-MaLR	2144	+	20	73847611	14229
chr17	73833382	74033382	harbor2	chr17	73847632	73847740	LTR/ERVL-MaLR	719	+	54	73847686	14304
chr17	73833382	74033382	harbor2	chr17	73853861	73854217	LTR/ERVL-MaLR	2207	+	178	73854039	20657
chr17	73833382	74033382	harbor2	chr17	73855367	73855824	LTR/ERVL-MaLR	1652	+	228	73855595	22213
chr17	73833382	74033382	harbor2	chr17	73873652	73874014	LTR/ERVL-MaLR	2498	+	181	73873833	40451
chr17	73833382	74033382	harbor2	chr17	73888681	73889236	LTR/ERVL-MaLR	1528	+	278	73888959	55577
chr17	73833382	74033382	harbor2	chr17	73892517	73892920	LTR/ERVL-MaLR	2329	+	202	73892719	59337
chr17	73833382	74033382	harbor2	chr17	73893136	73893355	LTR/ERVL-MaLR	1058	+	110	73893246	59864
chr17	73833382	74033382	harbor2	chr17	73919059	73919390	LTR/ERVL-MaLR	2005	+	166	73919225	85843
chr17	73833382	74033382	harbor2	chr17	73919661	73919874	LTR/ERVL-MaLR	1140	+	106	73919767	86385
chr17	73833382	74033382	harbor2	chr17	73920173	73920474	LTR/ERVL-MaLR	1140	+	150	73920323	86941
chr17	73833382	74033382	harbor2	chr17	73924703	73924997	LTR/ERVL-MaLR	1655	+	147	73924850	91468
chr17	73833382	74033382	harbor2	chr17	73931175	73931546	LTR/ERVL-MaLR	2777	+	186	73931361	97979
chr17	78927928	79127928	harbor2	chr17	78950664	78951185	LTR/ERVL-MaLR	2151	+	260	78950924	22996
chr17	78927928	79127928	harbor2	chr17	78958356	78958528	LTR/ERVL-MaLR	745	+	86	78958442	30514
chr17	80971717	81171717	harbor2	chr17	80978550	80978914	LTR/ERVL-MaLR	1525	+	182	80978732	7015
chr17	80971717	81171717	harbor2	chr17	80983137	80983310	LTR/ERVL-MaLR	1141	+	86	80983223	11506
chr17	80971717	81171717	harbor2	chr17	80983606	80983788	LTR/ERVL-MaLR	1141	+	91	80983697	11980
chr17	80971717	81171717	harbor2	chr17	81010175	81010517	LTR/ERVL-MaLR	2105	+	171	81010346	38629
chr17	80971717	81171717	harbor2	chr17	81010819	81010860	LTR/ERVL-MaLR	2105	+	20	81010839	39122
chr17	80971717	81171717	harbor2	chr17	81010861	81011385	LTR/ERVL-MaLR	2500	+	262	81011123	39406
chr17	80971717	81171717	harbor2	chr17	81012513	81013656	LTR/ERVL-MaLR	5382	+	572	81013085	41368
chr17	80971717	81171717	harbor2	chr17	81013672	81014065	LTR/ERVL-MaLR	2310	+	196	81013868	42151
chr17	79738856	79938856	harbor2	chr17	79763879	79764148	LTR/ERVL-MaLR	1429	+	134	79764013	25157
chr17	79738856	79938856	harbor2	chr17	79764470	79764533	LTR/ERVL-MaLR	1429	+	32	79764502	25646
chr17	79738856	79938856	harbor2	chr17	79768343	79768520	LTR/ERVL-MaLR	1726	+	88	79768431	29575
chr17	79738856	79938856	harbor2	chr17	79769115	79769318	LTR/ERVL-MaLR	1726	+	102	79769217	30361
chr17	80996020	81196020	harbor2	chr17	81010175	81010517	LTR/ERVL-MaLR	2105	+	171	81010346	14326
chr17	80996020	81196020	harbor2	chr17	81010819	81010860	LTR/ERVL-MaLR	2105	+	20	81010839	14819
chr17	80996020	81196020	harbor2	chr17	81010861	81011385	LTR/ERVL-MaLR	2500	+	262	81011123	15103
chr17	80996020	81196020	harbor2	chr17	81012513	81013656	LTR/ERVL-MaLR	5382	+	572	81013085	17065
chr17	80996020	81196020	harbor2	chr17	81013672	81014065	LTR/ERVL-MaLR	2310	+	196	81013868	17848
chr17	67625399	67825399	harbor2	chr17	67652835	67653000	LTR/ERVL-MaLR	1687	+	82	67652917	27518
chr17	67625399	67825399	harbor2	chr17	67653283	67653544	LTR/ERVL-MaLR	1687	+	130	67653413	28014
chr17	80992629	81192629	harbor2	chr17	81010175	81010517	LTR/ERVL-MaLR	2105	+	171	81010346	17717
chr17	80992629	81192629	harbor2	chr17	81010819	81010860	LTR/ERVL-MaLR	2105	+	20	81010839	18210
chr17	80992629	81192629	harbor2	chr17	81010861	81011385	LTR/ERVL-MaLR	2500	+	262	81011123	18494
chr17	80992629	81192629	harbor2	chr17	81012513	81013656	LTR/ERVL-MaLR	5382	+	572	81013085	20456
chr17	80992629	81192629	harbor2	chr17	81013672	81014065	LTR/ERVL-MaLR	2310	+	196	81013868	21239
chr17	79697239	79897239	harbor2	chr17	79700652	79701025	LTR/ERVL-MaLR	1434	+	186	79700838	3599
chr17	79697239	79897239	harbor2	chr17	79713328	79713734	LTR/ERVL-MaLR	1331	+	203	79713531	16292
chr17	79697239	79897239	harbor2	chr17	79719594	79719859	LTR/ERVL-MaLR	645	+	132	79719726	22487
chr17	79697239	79897239	harbor2	chr17	79763879	79764148	LTR/ERVL-MaLR	1429	+	134	79764013	66774
chr17	79697239	79897239	harbor2	chr17	79764470	79764533	LTR/ERVL-MaLR	1429	+	32	79764502	67263
chr17	79697239	79897239	harbor2	chr17	79768343	79768520	LTR/ERVL-MaLR	1726	+	88	79768431	71192
chr17	79697239	79897239	harbor2	chr17	79769115	79769318	LTR/ERVL-MaLR	1726	+	102	79769217	71978
chr17	80994820	81194820	harbor2	chr17	81010175	81010517	LTR/ERVL-MaLR	2105	+	171	81010346	15526
chr17	80994820	81194820	harbor2	chr17	81010819	81010860	LTR/ERVL-MaLR	2105	+	20	81010839	16019
chr17	80994820	81194820	harbor2	chr17	81010861	81011385	LTR/ERVL-MaLR	2500	+	262	81011123	16303
chr17	80994820	81194820	harbor2	chr17	81012513	81013656	LTR/ERVL-MaLR	5382	+	572	81013085	18265
chr17	80994820	81194820	harbor2	chr17	81013672	81014065	LTR/ERVL-MaLR	2310	+	196	81013868	19048
chr17	82598301	82798301	harbor2	chr17	82651867	82652278	LTR/ERVL-MaLR	1357	+	206	82652073	53772
chr17	82598301	82798301	harbor2	chr17	82652279	82652350	LTR/ERVL-MaLR	1114	+	36	82652315	54014
chr17	82598301	82798301	harbor2	chr17	82652659	82653040	LTR/ERVL-MaLR	1114	+	190	82652849	54548
chr17	82598301	82798301	harbor2	chr17	82658821	82659186	LTR/ERVL-MaLR	1249	+	182	82659003	60702
chr17	82598301	82798301	harbor2	chr17	82672476	82672813	LTR/ERVL-MaLR	954	+	168	82672644	74343
chr17	82598301	82798301	harbor2	chr17	82685720	82685792	LTR/ERVL-MaLR	1259	+	36	82685756	87455
chr17	82598301	82798301	harbor2	chr17	82686412	82686733	LTR/ERVL-MaLR	1259	+	160	82686572	88271
chr17	79826880	80026880	harbor2	chr17	79860947	79861060	LTR/ERVL-MaLR	1310	+	56	79861003	34123
chr17	79826880	80026880	harbor2	chr17	79861359	79861662	LTR/ERVL-MaLR	1310	+	152	79861511	34631
chr17	79826880	80026880	harbor2	chr17	79883834	79884209	LTR/ERVL-MaLR	2100	+	188	79884022	57142
chr17	79826880	80026880	harbor2	chr17	79895707	79896092	LTR/ERVL-MaLR	1727	+	192	79895899	69019
chr17	79826880	80026880	harbor2	chr17	79905664	79905991	LTR/ERVL-MaLR	1395	+	164	79905828	78948
chr17	73131478	73331478	harbor2	chr17	73134290	73134725	LTR/ERVL-MaLR	700	+	218	73134508	3030
chr17	73131478	73331478	harbor2	chr17	73142839	73143204	LTR/ERVL-MaLR	1561	+	182	73143021	11543
chr17	73131478	73331478	harbor2	chr17	73152241	73152567	LTR/ERVL-MaLR	1843	+	163	73152404	20926
chr17	73131478	73331478	harbor2	chr17	73176309	73176682	LTR/ERVL-MaLR	2984	+	186	73176495	45017
chr17	76298198	76498198	harbor2	chr17	76302393	76302821	LTR/ERVL-MaLR	1391	+	214	76302607	4409
chr17	76298198	76498198	harbor2	chr17	76357629	76357984	LTR/ERVL-MaLR	1677	+	178	76357807	59609
chr17	76298198	76498198	harbor2	chr17	76369681	76370120	LTR/ERVL-MaLR	793	+	220	76369901	71703
chr17	76298198	76498198	harbor2	chr17	76377507	76377840	LTR/ERVL-MaLR	1517	+	166	76377673	79475
chr17	76298198	76498198	harbor2	chr17	76379384	76379591	LTR/ERVL-MaLR	902	+	104	76379488	81290
chr17	50409150	50609150	harbor2	chr17	50420555	50420687	LTR/ERVL-MaLR	737	+	66	50420621	11471
chr17	58418133	58618133	harbor2	chr17	58430936	58431275	LTR/ERVL-MaLR	2018	+	170	58431106	12973
chr17	58418133	58618133	harbor2	chr17	58438446	58438728	LTR/ERVL-MaLR	843	+	141	58438587	20454
chr17	58418133	58618133	harbor2	chr17	58441584	58442115	LTR/ERVL-MaLR	1473	+	266	58441850	23717
chr17	39092889	39292889	harbor2	chr17	39099825	39100119	LTR/ERVL-MaLR	1748	+	147	39099972	7083
chr17	39092889	39292889	harbor2	chr17	39100151	39100236	LTR/ERVL-MaLR	1748	+	42	39100193	7304
chr17	39092889	39292889	harbor2	chr17	39100555	39100718	LTR/ERVL-MaLR	1748	+	82	39100637	7748
chr17	39092889	39292889	harbor2	chr17	39112914	39113382	LTR/ERVL-MaLR	1853	+	234	39113148	20259
chr17	39092889	39292889	harbor2	chr17	39113935	39114162	LTR/ERVL-MaLR	650	+	114	39114049	21160
chr17	39092889	39292889	harbor2	chr17	39121632	39121850	LTR/ERVL-MaLR	1061	+	109	39121741	28852
chr17	39092889	39292889	harbor2	chr17	39122407	39122538	LTR/ERVL-MaLR	1061	+	66	39122473	29584
chr17	76637928	76837928	harbor2	chr17	76674610	76675127	LTR/ERVL-MaLR	1160	+	258	76674868	36940
chr17	76637928	76837928	harbor2	chr17	76697038	76697439	LTR/ERVL-MaLR	1908	+	200	76697238	59310
chr17	76637928	76837928	harbor2	chr17	76705510	76705878	LTR/ERVL-MaLR	1710	+	184	76705694	67766
chr17	17395750	17595750	harbor2	chr17	17396421	17396881	LTR/ERVL-MaLR	1225	+	230	17396651	901
chr17	17395750	17595750	harbor2	chr17	17404938	17405356	LTR/ERVL-MaLR	2003	+	209	17405147	9397
chr17	17395750	17595750	harbor2	chr17	17417825	17417876	LTR/ERVL-MaLR	874	+	26	17417851	22101
chr17	17395750	17595750	harbor2	chr17	17418550	17418780	LTR/ERVL-MaLR	874	+	115	17418665	22915
chr17	17395750	17595750	harbor2	chr17	17433042	17433396	LTR/ERVL-MaLR	2212	+	177	17433219	37469
chr17	17395750	17595750	harbor2	chr17	17443985	17444496	LTR/ERVL-MaLR	2661	+	256	17444241	48491
chr17	17395750	17595750	harbor2	chr17	17447693	17448087	LTR/ERVL-MaLR	1271	+	197	17447890	52140
chr17	30611433	30811433	harbor2	chr17	30653506	30653579	LTR/ERVL-MaLR	863	+	36	30653542	42109
chr17	30611433	30811433	harbor2	chr17	30654182	30654206	LTR/ERVL-MaLR	863	+	12	30654194	42761
chr17	30611433	30811433	harbor2	chr17	30655747	30656098	LTR/ERVL-MaLR	863	+	176	30655923	44490
chr17	30611433	30811433	harbor2	chr17	30659994	30660368	LTR/ERVL-MaLR	2236	+	187	30660181	48748
chr17	30611433	30811433	harbor2	chr17	30684063	30684108	LTR/ERVL-MaLR	695	+	22	30684085	72652
chr17	30611433	30811433	harbor2	chr17	30684421	30684553	LTR/ERVL-MaLR	695	+	66	30684487	73054
chr17	81066128	81266128	harbor2	chr17	81140420	81140644	LTR/ERVL-MaLR	645	+	112	81140532	74404
chr17	79735068	79935068	harbor2	chr17	79763879	79764148	LTR/ERVL-MaLR	1429	+	134	79764013	28945
chr17	79735068	79935068	harbor2	chr17	79764470	79764533	LTR/ERVL-MaLR	1429	+	32	79764502	29434
chr17	79735068	79935068	harbor2	chr17	79768343	79768520	LTR/ERVL-MaLR	1726	+	88	79768431	33363
chr17	79735068	79935068	harbor2	chr17	79769115	79769318	LTR/ERVL-MaLR	1726	+	102	79769217	34149
chr17	7947124	8147124	harbor2	chr17	7988322	7988684	LTR/ERVL-MaLR	765	+	181	7988503	41379
chr17	7947124	8147124	harbor2	chr17	8028820	8029164	LTR/ERVL-MaLR	616	+	172	8028992	81868
chr17	7947124	8147124	harbor2	chr17	8031216	8031668	LTR/ERVL-MaLR	961	+	226	8031442	84318
chr17	79692259	79892259	harbor2	chr17	79694038	79694423	LTR/ERVL-MaLR	663	+	192	79694230	1971
chr17	79692259	79892259	harbor2	chr17	79700652	79701025	LTR/ERVL-MaLR	1434	+	186	79700838	8579
chr17	79692259	79892259	harbor2	chr17	79713328	79713734	LTR/ERVL-MaLR	1331	+	203	79713531	21272
chr17	79692259	79892259	harbor2	chr17	79719594	79719859	LTR/ERVL-MaLR	645	+	132	79719726	27467
chr17	79692259	79892259	harbor2	chr17	79763879	79764148	LTR/ERVL-MaLR	1429	+	134	79764013	71754
chr17	79692259	79892259	harbor2	chr17	79764470	79764533	LTR/ERVL-MaLR	1429	+	32	79764502	72243
chr17	79692259	79892259	harbor2	chr17	79768343	79768520	LTR/ERVL-MaLR	1726	+	88	79768431	76172
chr17	79692259	79892259	harbor2	chr17	79769115	79769318	LTR/ERVL-MaLR	1726	+	102	79769217	76958
chr17	80934867	81134867	harbor2	chr17	80978550	80978914	LTR/ERVL-MaLR	1525	+	182	80978732	43865
chr17	80934867	81134867	harbor2	chr17	80983137	80983310	LTR/ERVL-MaLR	1141	+	86	80983223	48356
chr17	80934867	81134867	harbor2	chr17	80983606	80983788	LTR/ERVL-MaLR	1141	+	91	80983697	48830
chr17	80934867	81134867	harbor2	chr17	81010175	81010517	LTR/ERVL-MaLR	2105	+	171	81010346	75479
chr17	80934867	81134867	harbor2	chr17	81010819	81010860	LTR/ERVL-MaLR	2105	+	20	81010839	75972
chr17	80934867	81134867	harbor2	chr17	81010861	81011385	LTR/ERVL-MaLR	2500	+	262	81011123	76256
chr17	80934867	81134867	harbor2	chr17	81012513	81013656	LTR/ERVL-MaLR	5382	+	572	81013085	78218
chr17	80934867	81134867	harbor2	chr17	81013672	81014065	LTR/ERVL-MaLR	2310	+	196	81013868	79001
chr17	80934867	81134867	harbor2	chr17	80969542	80969863	LTR/ERVL-MaLR	772	+	160	80969702	34835
chr17	76953100	77153100	harbor2	chr17	76957456	76957902	LTR/ERVL-MaLR	1396	+	223	76957679	4579
chr17	76953100	77153100	harbor2	chr17	76978059	76978423	LTR/ERVL-MaLR	2563	+	182	76978241	25141
chr17	76953100	77153100	harbor2	chr17	76990739	76990937	LTR/ERVL-MaLR	2681	+	99	76990838	37738
chr17	76953100	77153100	harbor2	chr17	76991248	76991442	LTR/ERVL-MaLR	2681	+	97	76991345	38245
chr17	76953100	77153100	harbor2	chr17	76991758	76991795	LTR/ERVL-MaLR	2681	+	18	76991776	38676
chr17	76953100	77153100	harbor2	chr17	77018354	77018702	LTR/ERVL-MaLR	1930	+	174	77018528	65428
chr17	76953100	77153100	harbor2	chr17	77021473	77022090	LTR/ERVL-MaLR	9035	+	308	77021781	68681
chr17	76953100	77153100	harbor2	chr17	77022390	77023226	LTR/ERVL-MaLR	9035	+	418	77022808	69708
chr17	76953100	77153100	harbor2	chr17	77023540	77023726	LTR/ERVL-MaLR	9035	+	93	77023633	70533
chr17	76953100	77153100	harbor2	chr17	77023737	77024144	LTR/ERVL-MaLR	2304	+	204	77023941	70841
chr17	76953100	77153100	harbor2	chr17	77027284	77027821	LTR/ERVL-MaLR	2573	+	268	77027552	74452
chr17	76953100	77153100	harbor2	chr17	77030639	77030764	LTR/ERVL-MaLR	1852	+	62	77030701	77601
chr17	76953100	77153100	harbor2	chr17	77030765	77031030	LTR/ERVL-MaLR	1992	+	132	77030897	77797
chr17	76953100	77153100	harbor2	chr17	77031429	77031571	LTR/ERVL-MaLR	1992	+	71	77031500	78400
chr17	76953100	77153100	harbor2	chr17	77031572	77031948	LTR/ERVL-MaLR	1852	+	188	77031760	78660
chr17	76953100	77153100	harbor2	chr17	77031976	77032376	LTR/ERVL-MaLR	1451	+	200	77032176	79076
chr17	76953100	77153100	harbor2	chr17	77021033	77021468	LTR/ERVL-MaLR	2516	+	218	77021251	68151
chr17	30610131	30810131	harbor2	chr17	30653506	30653579	LTR/ERVL-MaLR	863	+	36	30653542	43411
chr17	30610131	30810131	harbor2	chr17	30654182	30654206	LTR/ERVL-MaLR	863	+	12	30654194	44063
chr17	30610131	30810131	harbor2	chr17	30655747	30656098	LTR/ERVL-MaLR	863	+	176	30655923	45792
chr17	30610131	30810131	harbor2	chr17	30659994	30660368	LTR/ERVL-MaLR	2236	+	187	30660181	50050
chr17	30610131	30810131	harbor2	chr17	30684063	30684108	LTR/ERVL-MaLR	695	+	22	30684085	73954
chr17	30610131	30810131	harbor2	chr17	30684421	30684553	LTR/ERVL-MaLR	695	+	66	30684487	74356
chr17	80935166	81135166	harbor2	chr17	80978550	80978914	LTR/ERVL-MaLR	1525	+	182	80978732	43566
chr17	80935166	81135166	harbor2	chr17	80983137	80983310	LTR/ERVL-MaLR	1141	+	86	80983223	48057
chr17	80935166	81135166	harbor2	chr17	80983606	80983788	LTR/ERVL-MaLR	1141	+	91	80983697	48531
chr17	80935166	81135166	harbor2	chr17	81010175	81010517	LTR/ERVL-MaLR	2105	+	171	81010346	75180
chr17	80935166	81135166	harbor2	chr17	81010819	81010860	LTR/ERVL-MaLR	2105	+	20	81010839	75673
chr17	80935166	81135166	harbor2	chr17	81010861	81011385	LTR/ERVL-MaLR	2500	+	262	81011123	75957
chr17	80935166	81135166	harbor2	chr17	81012513	81013656	LTR/ERVL-MaLR	5382	+	572	81013085	77919
chr17	80935166	81135166	harbor2	chr17	81013672	81014065	LTR/ERVL-MaLR	2310	+	196	81013868	78702
chr17	80935166	81135166	harbor2	chr17	80969542	80969863	LTR/ERVL-MaLR	772	+	160	80969702	34536
chr17	82200980	82400980	harbor2	chr17	82202997	82203407	LTR/ERVL-MaLR	1904	+	205	82203202	2222
chr17	82200980	82400980	harbor2	chr17	82215061	82215340	LTR/ERVL-MaLR	1022	+	140	82215201	14221
chr17	82200980	82400980	harbor2	chr17	82275750	82276104	LTR/ERVL-MaLR	2400	+	177	82275927	74947
chr17	82200980	82400980	harbor2	chr17	82276414	82276480	LTR/ERVL-MaLR	2400	+	33	82276447	75467
chr17	82200980	82400980	harbor2	chr17	82277532	82277907	LTR/ERVL-MaLR	1645	+	188	82277720	76740
chr17	82200980	82400980	harbor2	chr17	82288265	82288442	LTR/ERVL-MaLR	764	+	88	82288353	87373
chr17	76284349	76484349	harbor2	chr17	76302393	76302821	LTR/ERVL-MaLR	1391	+	214	76302607	18258
chr17	76284349	76484349	harbor2	chr17	76357629	76357984	LTR/ERVL-MaLR	1677	+	178	76357807	73458
chr17	76284349	76484349	harbor2	chr17	76369681	76370120	LTR/ERVL-MaLR	793	+	220	76369901	85552
chr17	76284349	76484349	harbor2	chr17	76377507	76377840	LTR/ERVL-MaLR	1517	+	166	76377673	93324
chr17	76284349	76484349	harbor2	chr17	76379384	76379591	LTR/ERVL-MaLR	902	+	104	76379488	95139
chr17	34602208	34802208	harbor2	chr17	34686379	34686736	LTR/ERVL-MaLR	1388	+	178	34686557	84349
chr17	80992727	81192727	harbor2	chr17	81010175	81010517	LTR/ERVL-MaLR	2105	+	171	81010346	17619
chr17	80992727	81192727	harbor2	chr17	81010819	81010860	LTR/ERVL-MaLR	2105	+	20	81010839	18112
chr17	80992727	81192727	harbor2	chr17	81010861	81011385	LTR/ERVL-MaLR	2500	+	262	81011123	18396
chr17	80992727	81192727	harbor2	chr17	81012513	81013656	LTR/ERVL-MaLR	5382	+	572	81013085	20358
chr17	80992727	81192727	harbor2	chr17	81013672	81014065	LTR/ERVL-MaLR	2310	+	196	81013868	21141
chr17	78477331	78677331	harbor2	chr17	78488662	78489048	LTR/ERVL-MaLR	1486	+	193	78488855	11524
chr17	78477331	78677331	harbor2	chr17	78510737	78511117	LTR/ERVL-MaLR	1193	+	190	78510927	33596
chr17	78477331	78677331	harbor2	chr17	78511404	78511475	LTR/ERVL-MaLR	1193	+	36	78511440	34109
chr17	78477331	78677331	harbor2	chr17	78524014	78524132	LTR/ERVL-MaLR	1648	+	59	78524073	46742
chr17	78477331	78677331	harbor2	chr17	78524438	78524676	LTR/ERVL-MaLR	1648	+	119	78524557	47226
chr17	78477331	78677331	harbor2	chr17	78549088	78549364	LTR/ERVL-MaLR	868	+	138	78549226	71895
chr17	78477331	78677331	harbor2	chr17	78550370	78550750	LTR/ERVL-MaLR	2130	+	190	78550560	73229
chr17	78477331	78677331	harbor2	chr17	78552895	78553275	LTR/ERVL-MaLR	2514	+	190	78553085	75754
chr17	78477331	78677331	harbor2	chr17	78553567	78553612	LTR/ERVL-MaLR	2514	+	22	78553589	76258
chr17	78477331	78677331	harbor2	chr17	78556297	78556520	LTR/ERVL-MaLR	1106	+	112	78556409	79078
chr17	78477331	78677331	harbor2	chr17	78566014	78566219	LTR/ERVL-MaLR	1023	+	102	78566116	88785
chr17	78477331	78677331	harbor2	chr17	78573210	78573315	LTR/ERVL-MaLR	1688	+	52	78573262	95931
chr17	78477331	78677331	harbor2	chr17	78573615	78573839	LTR/ERVL-MaLR	1688	+	112	78573727	96396
chr17	13555165	13755165	harbor2	chr17	13573698	13574052	LTR/ERVL-MaLR	1220	+	177	13573875	18710
chr17	13555165	13755165	harbor2	chr17	13609820	13610236	LTR/ERVL-MaLR	725	+	208	13610028	54863
chr17	13555165	13755165	harbor2	chr17	13617843	13618130	LTR/ERVL-MaLR	1119	+	144	13617987	62822
chr17	13555165	13755165	harbor2	chr17	13621773	13622277	LTR/ERVL-MaLR	854	+	252	13622025	66860
chr17	58298595	58498595	harbor2	chr17	58314274	58314722	LTR/ERVL-MaLR	1614	+	224	58314498	15903
chr17	36094893	36294893	harbor2	chr17	36107364	36107838	LTR/ERVL-MaLR	1884	+	237	36107601	12708
chr17	36837453	37037453	harbor2	chr17	36840629	36841015	LTR/ERVL-MaLR	760	+	193	36840822	3369
chr17	36837453	37037453	harbor2	chr17	36867643	36868153	LTR/ERVL-MaLR	2362	+	255	36867898	30445
chr17	36837453	37037453	harbor2	chr17	36872589	36872945	LTR/ERVL-MaLR	1646	+	178	36872767	35314
chr17	38632240	38832240	harbor2	chr17	38670296	38670686	LTR/ERVL-MaLR	1018	+	195	38670491	38251
chr17	38632240	38832240	harbor2	chr17	38670984	38671049	LTR/ERVL-MaLR	1018	+	32	38671016	38776
chr17	80980318	81180318	harbor2	chr17	80983137	80983310	LTR/ERVL-MaLR	1141	+	86	80983223	2905
chr17	80980318	81180318	harbor2	chr17	80983606	80983788	LTR/ERVL-MaLR	1141	+	91	80983697	3379
chr17	80980318	81180318	harbor2	chr17	81010175	81010517	LTR/ERVL-MaLR	2105	+	171	81010346	30028
chr17	80980318	81180318	harbor2	chr17	81010819	81010860	LTR/ERVL-MaLR	2105	+	20	81010839	30521
chr17	80980318	81180318	harbor2	chr17	81010861	81011385	LTR/ERVL-MaLR	2500	+	262	81011123	30805
chr17	80980318	81180318	harbor2	chr17	81012513	81013656	LTR/ERVL-MaLR	5382	+	572	81013085	32767
chr17	80980318	81180318	harbor2	chr17	81013672	81014065	LTR/ERVL-MaLR	2310	+	196	81013868	33550
chr17	80934876	81134876	harbor2	chr17	80978550	80978914	LTR/ERVL-MaLR	1525	+	182	80978732	43856
chr17	80934876	81134876	harbor2	chr17	80983137	80983310	LTR/ERVL-MaLR	1141	+	86	80983223	48347
chr17	80934876	81134876	harbor2	chr17	80983606	80983788	LTR/ERVL-MaLR	1141	+	91	80983697	48821
chr17	80934876	81134876	harbor2	chr17	81010175	81010517	LTR/ERVL-MaLR	2105	+	171	81010346	75470
chr17	80934876	81134876	harbor2	chr17	81010819	81010860	LTR/ERVL-MaLR	2105	+	20	81010839	75963
chr17	80934876	81134876	harbor2	chr17	81010861	81011385	LTR/ERVL-MaLR	2500	+	262	81011123	76247
chr17	80934876	81134876	harbor2	chr17	81012513	81013656	LTR/ERVL-MaLR	5382	+	572	81013085	78209
chr17	80934876	81134876	harbor2	chr17	81013672	81014065	LTR/ERVL-MaLR	2310	+	196	81013868	78992
chr17	80934876	81134876	harbor2	chr17	80969542	80969863	LTR/ERVL-MaLR	772	+	160	80969702	34826
chr17	74678332	74878332	harbor2	chr17	74699348	74699739	LTR/ERVL-MaLR	1283	+	196	74699544	21212
chr17	74678332	74878332	harbor2	chr17	74700787	74701171	LTR/ERVL-MaLR	2087	+	192	74700979	22647
chr17	74678332	74878332	harbor2	chr17	74717374	74717526	LTR/ERVL-MaLR	1680	+	76	74717450	39118
chr17	74678332	74878332	harbor2	chr17	74717840	74718014	LTR/ERVL-MaLR	1680	+	87	74717927	39595
chr17	74678332	74878332	harbor2	chr17	74718365	74718408	LTR/ERVL-MaLR	1680	+	22	74718387	40055
chr17	76485844	76685844	harbor2	chr17	76513973	76514036	LTR/ERVL-MaLR	1167	+	32	76514005	28161
chr17	76485844	76685844	harbor2	chr17	76518115	76518479	LTR/ERVL-MaLR	1737	+	182	76518297	32453
chr17	76485844	76685844	harbor2	chr17	76564575	76564681	LTR/ERVL-MaLR	653	+	53	76564628	78784
chr17	76485844	76685844	harbor2	chr17	76570810	76571286	LTR/ERVL-MaLR	1845	+	238	76571048	85204
chr17	76485844	76685844	harbor2	chr17	76575322	76575691	LTR/ERVL-MaLR	666	+	184	76575506	89662
chr17	76485844	76685844	harbor2	chr17	76579549	76579940	LTR/ERVL-MaLR	2126	+	196	76579745	93901
chr17	76485844	76685844	harbor2	chr17	76513265	76513661	LTR/ERVL-MaLR	1167	+	198	76513463	27619
chr17	1369551	1569551	harbor2	chr17	1413278	1413630	LTR/ERVL-MaLR	1169	+	176	1413454	43903
chr17	1369551	1569551	harbor2	chr17	1463282	1463812	LTR/ERVL-MaLR	1252	+	265	1463547	93996
chr17	79831273	80031273	harbor2	chr17	79860947	79861060	LTR/ERVL-MaLR	1310	+	56	79861003	29730
chr17	79831273	80031273	harbor2	chr17	79861359	79861662	LTR/ERVL-MaLR	1310	+	152	79861511	30238
chr17	79831273	80031273	harbor2	chr17	79883834	79884209	LTR/ERVL-MaLR	2100	+	188	79884022	52749
chr17	79831273	80031273	harbor2	chr17	79895707	79896092	LTR/ERVL-MaLR	1727	+	192	79895899	64626
chr17	79831273	80031273	harbor2	chr17	79905664	79905991	LTR/ERVL-MaLR	1395	+	164	79905828	74555
chr17	78942571	79142571	harbor2	chr17	78950664	78951185	LTR/ERVL-MaLR	2151	+	260	78950924	8353
chr17	78942571	79142571	harbor2	chr17	78958356	78958528	LTR/ERVL-MaLR	745	+	86	78958442	15871
chr17	7832561	8032561	harbor2	chr17	7918637	7919052	LTR/ERVL-MaLR	1049	+	208	7918845	86284
chr17	7832561	8032561	harbor2	chr17	7919967	7920026	LTR/ERVL-MaLR	1049	+	30	7919997	87436
chr17	77051407	77251407	harbor2	chr17	77082588	77082701	LTR/ERVL-MaLR	932	+	56	77082644	31237
chr17	77051407	77251407	harbor2	chr17	77083000	77083125	LTR/ERVL-MaLR	932	+	62	77083062	31655
chr17	77051407	77251407	harbor2	chr17	77083421	77083491	LTR/ERVL-MaLR	932	+	35	77083456	32049
chr17	77051407	77251407	harbor2	chr17	77111458	77111941	LTR/ERVL-MaLR	3246	+	242	77111700	60293
chr17	77051407	77251407	harbor2	chr17	77111942	77112320	LTR/ERVL-MaLR	2388	+	189	77112131	60724
chr17	77051407	77251407	harbor2	chr17	77127679	77128097	LTR/ERVL-MaLR	907	+	209	77127888	76481
chr17	77051407	77251407	harbor2	chr17	77136456	77136749	LTR/ERVL-MaLR	687	+	146	77136602	85195
chr17	78740813	78940813	harbor2	chr17	78762511	78763004	LTR/ERVL-MaLR	2212	+	246	78762757	21944
chr17	78740813	78940813	harbor2	chr17	78779465	78779921	LTR/ERVL-MaLR	2114	+	228	78779693	38880
chr17	78740813	78940813	harbor2	chr17	78787715	78788115	LTR/ERVL-MaLR	1763	+	200	78787915	47102
chr17	76769217	76969217	harbor2	chr17	76792590	76792777	LTR/ERVL-MaLR	1982	+	94	76792684	23467
chr17	76769217	76969217	harbor2	chr17	76793846	76794170	LTR/ERVL-MaLR	1982	+	162	76794008	24791
chr17	76769217	76969217	harbor2	chr17	76812972	76813169	LTR/ERVL-MaLR	891	+	98	76813070	43853
chr17	76769217	76969217	harbor2	chr17	76818747	76818992	LTR/ERVL-MaLR	1654	+	122	76818869	49652
chr17	76769217	76969217	harbor2	chr17	76819298	76819522	LTR/ERVL-MaLR	1654	+	112	76819410	50193
chr17	76769217	76969217	harbor2	chr17	76833798	76834168	LTR/ERVL-MaLR	1627	+	185	76833983	64766
chr17	76769217	76969217	harbor2	chr17	76837586	76837729	LTR/ERVL-MaLR	707	+	72	76837658	68441
chr17	76769217	76969217	harbor2	chr17	76838037	76838088	LTR/ERVL-MaLR	707	+	26	76838063	68846
chr17	76769217	76969217	harbor2	chr17	76842350	76842455	LTR/ERVL-MaLR	1004	+	52	76842402	73185
chr17	76769217	76969217	harbor2	chr17	76843042	76843215	LTR/ERVL-MaLR	1004	+	86	76843128	73911
chr17	76769217	76969217	harbor2	chr17	76843821	76843871	LTR/ERVL-MaLR	1004	+	25	76843846	74629
chr17	76769217	76969217	harbor2	chr17	76849990	76850347	LTR/ERVL-MaLR	993	+	178	76850168	80951
chr17	76769217	76969217	harbor2	chr17	76863367	76863714	LTR/ERVL-MaLR	1106	+	174	76863541	94324
chr17	15687778	15887778	harbor2	chr17	15762292	15762948	LTR/ERVL-MaLR	4446	+	328	15762620	74842
chr17	15687778	15887778	harbor2	chr17	15762949	15763312	LTR/ERVL-MaLR	2318	+	182	15763131	75353
chr17	15687778	15887778	harbor2	chr17	15775569	15775978	LTR/ERVL-MaLR	2364	+	204	15775773	87995
chr17	80980566	81180566	harbor2	chr17	80983137	80983310	LTR/ERVL-MaLR	1141	+	86	80983223	2657
chr17	80980566	81180566	harbor2	chr17	80983606	80983788	LTR/ERVL-MaLR	1141	+	91	80983697	3131
chr17	80980566	81180566	harbor2	chr17	81010175	81010517	LTR/ERVL-MaLR	2105	+	171	81010346	29780
chr17	80980566	81180566	harbor2	chr17	81010819	81010860	LTR/ERVL-MaLR	2105	+	20	81010839	30273
chr17	80980566	81180566	harbor2	chr17	81010861	81011385	LTR/ERVL-MaLR	2500	+	262	81011123	30557
chr17	80980566	81180566	harbor2	chr17	81012513	81013656	LTR/ERVL-MaLR	5382	+	572	81013085	32519
chr17	80980566	81180566	harbor2	chr17	81013672	81014065	LTR/ERVL-MaLR	2310	+	196	81013868	33302
chr17	80935148	81135148	harbor2	chr17	80978550	80978914	LTR/ERVL-MaLR	1525	+	182	80978732	43584
chr17	80935148	81135148	harbor2	chr17	80983137	80983310	LTR/ERVL-MaLR	1141	+	86	80983223	48075
chr17	80935148	81135148	harbor2	chr17	80983606	80983788	LTR/ERVL-MaLR	1141	+	91	80983697	48549
chr17	80935148	81135148	harbor2	chr17	81010175	81010517	LTR/ERVL-MaLR	2105	+	171	81010346	75198
chr17	80935148	81135148	harbor2	chr17	81010819	81010860	LTR/ERVL-MaLR	2105	+	20	81010839	75691
chr17	80935148	81135148	harbor2	chr17	81010861	81011385	LTR/ERVL-MaLR	2500	+	262	81011123	75975
chr17	80935148	81135148	harbor2	chr17	81012513	81013656	LTR/ERVL-MaLR	5382	+	572	81013085	77937
chr17	80935148	81135148	harbor2	chr17	81013672	81014065	LTR/ERVL-MaLR	2310	+	196	81013868	78720
chr17	80935148	81135148	harbor2	chr17	80969542	80969863	LTR/ERVL-MaLR	772	+	160	80969702	34554
chr17	42915500	43115500	harbor2	chr17	42947420	42947574	LTR/ERVL-MaLR	1499	+	77	42947497	31997
chr17	42915500	43115500	harbor2	chr17	42947885	42948073	LTR/ERVL-MaLR	1499	+	94	42947979	32479
chr17	76485839	76685839	harbor2	chr17	76513973	76514036	LTR/ERVL-MaLR	1167	+	32	76514005	28166
chr17	76485839	76685839	harbor2	chr17	76518115	76518479	LTR/ERVL-MaLR	1737	+	182	76518297	32458
chr17	76485839	76685839	harbor2	chr17	76564575	76564681	LTR/ERVL-MaLR	653	+	53	76564628	78789
chr17	76485839	76685839	harbor2	chr17	76570810	76571286	LTR/ERVL-MaLR	1845	+	238	76571048	85209
chr17	76485839	76685839	harbor2	chr17	76575322	76575691	LTR/ERVL-MaLR	666	+	184	76575506	89667
chr17	76485839	76685839	harbor2	chr17	76579549	76579940	LTR/ERVL-MaLR	2126	+	196	76579745	93906
chr17	76485839	76685839	harbor2	chr17	76513265	76513661	LTR/ERVL-MaLR	1167	+	198	76513463	27624
chr17	45709559	45909559	harbor2	chr17	45726657	45727042	LTR/ERVL-MaLR	1979	+	192	45726849	17290
chr17	45709559	45909559	harbor2	chr17	45729620	45729782	LTR/ERVL-MaLR	660	+	81	45729701	20142
chr17	45709559	45909559	harbor2	chr17	45734962	45735339	LTR/ERVL-MaLR	2346	+	188	45735150	25591
chr17	45709559	45909559	harbor2	chr17	45737879	45738288	LTR/ERVL-MaLR	2181	+	204	45738083	28524
chr17	45709559	45909559	harbor2	chr17	45752533	45753012	LTR/ERVL-MaLR	858	+	240	45752773	43214
chr17	45709559	45909559	harbor2	chr17	45759845	45759984	LTR/ERVL-MaLR	654	+	70	45759915	50356
chr17	45709559	45909559	harbor2	chr17	45727418	45727852	LTR/ERVL-MaLR	737	+	217	45727635	18076
chr17	74936805	75136805	harbor2	chr17	74984416	74984895	LTR/ERVL-MaLR	2180	+	240	74984656	47851
chr17	57769118	57969118	harbor2	chr17	57779846	57780170	LTR/ERVL-MaLR	1983	+	162	57780008	10890
chr17	57769118	57969118	harbor2	chr17	57800402	57800828	LTR/ERVL-MaLR	2496	+	213	57800615	31497
chr17	57769118	57969118	harbor2	chr17	57800829	57801523	LTR/ERVL-MaLR	4041	+	347	57801176	32058
chr17	57769118	57969118	harbor2	chr17	57801519	57801793	LTR/ERVL-MaLR	1891	+	137	57801656	32538
chr17	57769118	57969118	harbor2	chr17	57807305	57807577	LTR/ERVL-MaLR	1901	+	136	57807441	38323
chr17	57769118	57969118	harbor2	chr17	57807879	57808066	LTR/ERVL-MaLR	1901	+	94	57807973	38855
chr17	57769118	57969118	harbor2	chr17	57808409	57808464	LTR/ERVL-MaLR	1901	+	28	57808437	39319
chr17	57769118	57969118	harbor2	chr17	57843480	57843797	LTR/ERVL-MaLR	1345	+	158	57843638	74520
chr17	79689590	79889590	harbor2	chr17	79694038	79694423	LTR/ERVL-MaLR	663	+	192	79694230	4640
chr17	79689590	79889590	harbor2	chr17	79700652	79701025	LTR/ERVL-MaLR	1434	+	186	79700838	11248
chr17	79689590	79889590	harbor2	chr17	79713328	79713734	LTR/ERVL-MaLR	1331	+	203	79713531	23941
chr17	79689590	79889590	harbor2	chr17	79719594	79719859	LTR/ERVL-MaLR	645	+	132	79719726	30136
chr17	79689590	79889590	harbor2	chr17	79763879	79764148	LTR/ERVL-MaLR	1429	+	134	79764013	74423
chr17	79689590	79889590	harbor2	chr17	79764470	79764533	LTR/ERVL-MaLR	1429	+	32	79764502	74912
chr17	79689590	79889590	harbor2	chr17	79768343	79768520	LTR/ERVL-MaLR	1726	+	88	79768431	78841
chr17	79689590	79889590	harbor2	chr17	79769115	79769318	LTR/ERVL-MaLR	1726	+	102	79769217	79627
chr17	76637275	76837275	harbor2	chr17	76674610	76675127	LTR/ERVL-MaLR	1160	+	258	76674868	37593
chr17	76637275	76837275	harbor2	chr17	76697038	76697439	LTR/ERVL-MaLR	1908	+	200	76697238	59963
chr17	76637275	76837275	harbor2	chr17	76705510	76705878	LTR/ERVL-MaLR	1710	+	184	76705694	68419
chr17	6919402	7119402	harbor2	chr17	6934526	6934872	LTR/ERVL-MaLR	2584	+	173	6934699	15297
chr17	6919402	7119402	harbor2	chr17	6950630	6950808	LTR/ERVL-MaLR	628	+	89	6950719	31317
chr17	6919402	7119402	harbor2	chr17	6951475	6951697	LTR/ERVL-MaLR	628	+	111	6951586	32184
chr17	6919402	7119402	harbor2	chr17	6952007	6952047	LTR/ERVL-MaLR	628	+	20	6952027	32625
chr17	6919402	7119402	harbor2	chr17	6955665	6956082	LTR/ERVL-MaLR	2608	+	208	6955873	36471
chr17	6919402	7119402	harbor2	chr17	6956357	6956708	LTR/ERVL-MaLR	1158	+	176	6956533	37131
chr17	6919402	7119402	harbor2	chr17	6975038	6975445	LTR/ERVL-MaLR	2319	+	204	6975242	55840
chr17	6919402	7119402	harbor2	chr17	6988167	6988235	LTR/ERVL-MaLR	1753	+	34	6988201	68799
chr17	6919402	7119402	harbor2	chr17	6988538	6988812	LTR/ERVL-MaLR	1753	+	137	6988675	69273
chr17	76638049	76838049	harbor2	chr17	76674610	76675127	LTR/ERVL-MaLR	1160	+	258	76674868	36819
chr17	76638049	76838049	harbor2	chr17	76697038	76697439	LTR/ERVL-MaLR	1908	+	200	76697238	59189
chr17	76638049	76838049	harbor2	chr17	76705510	76705878	LTR/ERVL-MaLR	1710	+	184	76705694	67645
chr17	44216030	44416030	harbor2	chr17	44242675	44242820	LTR/ERVL-MaLR	826	+	72	44242747	26717
chr17	81388861	81588861	harbor2	chr17	81476634	81477071	LTR/ERVL-MaLR	1397	+	218	81476852	87991
chr17	79706000	79906000	harbor2	chr17	79713328	79713734	LTR/ERVL-MaLR	1331	+	203	79713531	7531
chr17	79706000	79906000	harbor2	chr17	79719594	79719859	LTR/ERVL-MaLR	645	+	132	79719726	13726
chr17	79706000	79906000	harbor2	chr17	79763879	79764148	LTR/ERVL-MaLR	1429	+	134	79764013	58013
chr17	79706000	79906000	harbor2	chr17	79764470	79764533	LTR/ERVL-MaLR	1429	+	32	79764502	58502
chr17	79706000	79906000	harbor2	chr17	79768343	79768520	LTR/ERVL-MaLR	1726	+	88	79768431	62431
chr17	79706000	79906000	harbor2	chr17	79769115	79769318	LTR/ERVL-MaLR	1726	+	102	79769217	63217
chr17	76284381	76484381	harbor2	chr17	76302393	76302821	LTR/ERVL-MaLR	1391	+	214	76302607	18226
chr17	76284381	76484381	harbor2	chr17	76357629	76357984	LTR/ERVL-MaLR	1677	+	178	76357807	73426
chr17	76284381	76484381	harbor2	chr17	76369681	76370120	LTR/ERVL-MaLR	793	+	220	76369901	85520
chr17	76284381	76484381	harbor2	chr17	76377507	76377840	LTR/ERVL-MaLR	1517	+	166	76377673	93292
chr17	76284381	76484381	harbor2	chr17	76379384	76379591	LTR/ERVL-MaLR	902	+	104	76379488	95107
chr17	17077758	17277758	harbor2	chr17	17109947	17110376	LTR/ERVL-MaLR	2295	+	214	17110161	32403
chr17	55321022	55521022	harbor2	chr17	55345567	55346018	LTR/ERVL-MaLR	1865	+	226	55345793	24771
chr17	55321022	55521022	harbor2	chr17	55371537	55371767	LTR/ERVL-MaLR	2274	+	115	55371652	50630
chr17	55321022	55521022	harbor2	chr17	55371768	55371945	LTR/ERVL-MaLR	2403	+	88	55371856	50834
chr17	55321022	55521022	harbor2	chr17	55372242	55372435	LTR/ERVL-MaLR	2403	+	96	55372338	51316
chr17	55321022	55521022	harbor2	chr17	55372436	55374008	LTR/ERVL-MaLR	11872	+	786	55373222	52200
chr17	55321022	55521022	harbor2	chr17	55374009	55374368	LTR/ERVL-MaLR	2448	+	180	55374189	53167
chr17	55321022	55521022	harbor2	chr17	55374369	55374503	LTR/ERVL-MaLR	2274	+	67	55374436	53414
chr17	55321022	55521022	harbor2	chr17	55386125	55386537	LTR/ERVL-MaLR	2834	+	206	55386331	65309
chr17	77860765	78060765	harbor2	chr17	77889927	77890203	LTR/ERVL-MaLR	1474	+	138	77890065	29300
chr17	77860765	78060765	harbor2	chr17	77901078	77901423	LTR/ERVL-MaLR	1610	+	172	77901250	40485
chr17	77860765	78060765	harbor2	chr17	77902117	77902503	LTR/ERVL-MaLR	2333	+	193	77902310	41545
chr17	77860765	78060765	harbor2	chr17	77921485	77921953	LTR/ERVL-MaLR	1995	+	234	77921719	60954
chr17	77860765	78060765	harbor2	chr17	77922194	77922272	LTR/ERVL-MaLR	1995	+	39	77922233	61468
chr17	77860765	78060765	harbor2	chr17	77949675	77950150	LTR/ERVL-MaLR	1300	+	238	77949913	89148
chr17	77860765	78060765	harbor2	chr17	77889471	77889622	LTR/ERVL-MaLR	1474	+	76	77889547	28782
chr17	80939664	81139664	harbor2	chr17	80978550	80978914	LTR/ERVL-MaLR	1525	+	182	80978732	39068
chr17	80939664	81139664	harbor2	chr17	80983137	80983310	LTR/ERVL-MaLR	1141	+	86	80983223	43559
chr17	80939664	81139664	harbor2	chr17	80983606	80983788	LTR/ERVL-MaLR	1141	+	91	80983697	44033
chr17	80939664	81139664	harbor2	chr17	81010175	81010517	LTR/ERVL-MaLR	2105	+	171	81010346	70682
chr17	80939664	81139664	harbor2	chr17	81010819	81010860	LTR/ERVL-MaLR	2105	+	20	81010839	71175
chr17	80939664	81139664	harbor2	chr17	81010861	81011385	LTR/ERVL-MaLR	2500	+	262	81011123	71459
chr17	80939664	81139664	harbor2	chr17	81012513	81013656	LTR/ERVL-MaLR	5382	+	572	81013085	73421
chr17	80939664	81139664	harbor2	chr17	81013672	81014065	LTR/ERVL-MaLR	2310	+	196	81013868	74204
chr17	80939664	81139664	harbor2	chr17	80969542	80969863	LTR/ERVL-MaLR	772	+	160	80969702	30038
chr17	76638956	76838956	harbor2	chr17	76674610	76675127	LTR/ERVL-MaLR	1160	+	258	76674868	35912
chr17	76638956	76838956	harbor2	chr17	76697038	76697439	LTR/ERVL-MaLR	1908	+	200	76697238	58282
chr17	76638956	76838956	harbor2	chr17	76705510	76705878	LTR/ERVL-MaLR	1710	+	184	76705694	66738
chr17	79690038	79890038	harbor2	chr17	79694038	79694423	LTR/ERVL-MaLR	663	+	192	79694230	4192
chr17	79690038	79890038	harbor2	chr17	79700652	79701025	LTR/ERVL-MaLR	1434	+	186	79700838	10800
chr17	79690038	79890038	harbor2	chr17	79713328	79713734	LTR/ERVL-MaLR	1331	+	203	79713531	23493
chr17	79690038	79890038	harbor2	chr17	79719594	79719859	LTR/ERVL-MaLR	645	+	132	79719726	29688
chr17	79690038	79890038	harbor2	chr17	79763879	79764148	LTR/ERVL-MaLR	1429	+	134	79764013	73975
chr17	79690038	79890038	harbor2	chr17	79764470	79764533	LTR/ERVL-MaLR	1429	+	32	79764502	74464
chr17	79690038	79890038	harbor2	chr17	79768343	79768520	LTR/ERVL-MaLR	1726	+	88	79768431	78393
chr17	79690038	79890038	harbor2	chr17	79769115	79769318	LTR/ERVL-MaLR	1726	+	102	79769217	79179
chr17	79831926	80031926	harbor2	chr17	79860947	79861060	LTR/ERVL-MaLR	1310	+	56	79861003	29077
chr17	79831926	80031926	harbor2	chr17	79861359	79861662	LTR/ERVL-MaLR	1310	+	152	79861511	29585
chr17	79831926	80031926	harbor2	chr17	79883834	79884209	LTR/ERVL-MaLR	2100	+	188	79884022	52096
chr17	79831926	80031926	harbor2	chr17	79895707	79896092	LTR/ERVL-MaLR	1727	+	192	79895899	63973
chr17	79831926	80031926	harbor2	chr17	79905664	79905991	LTR/ERVL-MaLR	1395	+	164	79905828	73902
chr17	80992722	81192722	harbor2	chr17	81010175	81010517	LTR/ERVL-MaLR	2105	+	171	81010346	17624
chr17	80992722	81192722	harbor2	chr17	81010819	81010860	LTR/ERVL-MaLR	2105	+	20	81010839	18117
chr17	80992722	81192722	harbor2	chr17	81010861	81011385	LTR/ERVL-MaLR	2500	+	262	81011123	18401
chr17	80992722	81192722	harbor2	chr17	81012513	81013656	LTR/ERVL-MaLR	5382	+	572	81013085	20363
chr17	80992722	81192722	harbor2	chr17	81013672	81014065	LTR/ERVL-MaLR	2310	+	196	81013868	21146
chr17	48809655	49009655	harbor2	chr17	48882234	48882517	LTR/ERVL-MaLR	921	+	142	48882376	72721
chr17	48795295	48995295	harbor2	chr17	48882234	48882517	LTR/ERVL-MaLR	921	+	142	48882376	87081
chr17	30996295	31196295	harbor2	chr17	31051413	31051639	LTR/ERVL-MaLR	1307	+	113	31051526	55231
chr17	30996295	31196295	harbor2	chr17	31068796	31069254	LTR/ERVL-MaLR	2215	+	229	31069025	72730
chr17	7152164	7352164	harbor2	chr17	7167777	7168077	LTR/ERVL-MaLR	771	+	150	7167927	15763
chr17	80950191	81150191	harbor2	chr17	80978550	80978914	LTR/ERVL-MaLR	1525	+	182	80978732	28541
chr17	80950191	81150191	harbor2	chr17	80983137	80983310	LTR/ERVL-MaLR	1141	+	86	80983223	33032
chr17	80950191	81150191	harbor2	chr17	80983606	80983788	LTR/ERVL-MaLR	1141	+	91	80983697	33506
chr17	80950191	81150191	harbor2	chr17	81010175	81010517	LTR/ERVL-MaLR	2105	+	171	81010346	60155
chr17	80950191	81150191	harbor2	chr17	81010819	81010860	LTR/ERVL-MaLR	2105	+	20	81010839	60648
chr17	80950191	81150191	harbor2	chr17	81010861	81011385	LTR/ERVL-MaLR	2500	+	262	81011123	60932
chr17	80950191	81150191	harbor2	chr17	81012513	81013656	LTR/ERVL-MaLR	5382	+	572	81013085	62894
chr17	80950191	81150191	harbor2	chr17	81013672	81014065	LTR/ERVL-MaLR	2310	+	196	81013868	63677
chr17	80950191	81150191	harbor2	chr17	80969542	80969863	LTR/ERVL-MaLR	772	+	160	80969702	19511
chr17	1008518	1208518	harbor2	chr17	1102337	1102448	LTR/ERVL-MaLR	920	+	56	1102393	93875
chr17	1008518	1208518	harbor2	chr17	1102648	1102705	LTR/ERVL-MaLR	920	+	28	1102676	94158
chr17	1008518	1208518	harbor2	chr17	1103010	1103109	LTR/ERVL-MaLR	920	+	50	1103060	94542
chr17	76638206	76838206	harbor2	chr17	76674610	76675127	LTR/ERVL-MaLR	1160	+	258	76674868	36662
chr17	76638206	76838206	harbor2	chr17	76697038	76697439	LTR/ERVL-MaLR	1908	+	200	76697238	59032
chr17	76638206	76838206	harbor2	chr17	76705510	76705878	LTR/ERVL-MaLR	1710	+	184	76705694	67488
chr17	15162566	15362566	harbor2	chr17	15186256	15186615	LTR/ERVL-MaLR	732	+	180	15186436	23870
chr17	15162566	15362566	harbor2	chr17	15186703	15187095	LTR/ERVL-MaLR	1815	+	196	15186899	24333
chr17	15162566	15362566	harbor2	chr17	15255355	15255658	LTR/ERVL-MaLR	852	+	152	15255507	92941
chr17	2267478	2467478	harbor2	chr17	2331338	2331746	LTR/ERVL-MaLR	2486	+	204	2331542	64064
chr17	9859791	10059791	harbor2	chr17	9895051	9895604	LTR/ERVL-MaLR	1643	+	276	9895327	35536
chr17	9859791	10059791	harbor2	chr17	9938058	9938224	LTR/ERVL-MaLR	1665	+	83	9938141	78350
chr17	9859791	10059791	harbor2	chr17	9938494	9938731	LTR/ERVL-MaLR	1665	+	118	9938612	78821
chr18	37466538	37666538	harbor2	chr18	37479732	37480159	LTR/ERVL-MaLR	2134	+	214	37479946	13408
chr18	26128429	26328429	harbor2	chr18	26128682	26128778	LTR/ERVL-MaLR	2274	+	48	26128730	301
chr18	26128429	26328429	harbor2	chr18	26138214	26138426	LTR/ERVL-MaLR	435	+	106	26138320	9891
chr18	26128429	26328429	harbor2	chr18	26138992	26139500	LTR/ERVL-MaLR	2203	+	254	26139246	10817
chr18	26128429	26328429	harbor2	chr18	26152650	26153027	LTR/ERVL-MaLR	1370	+	188	26152838	24409
chr18	26128429	26328429	harbor2	chr18	26167484	26167852	LTR/ERVL-MaLR	1331	+	184	26167668	39239
chr18	50173629	50373629	harbor2	chr18	50183673	50184110	LTR/ERVL-MaLR	2725	+	218	50183891	10262
chr18	50173629	50373629	harbor2	chr18	50201095	50201305	LTR/ERVL-MaLR	1869	+	105	50201200	27571
chr18	50173629	50373629	harbor2	chr18	50236398	50236904	LTR/ERVL-MaLR	967	+	253	50236651	63022
chr18	50173629	50373629	harbor2	chr18	50244182	50244529	LTR/ERVL-MaLR	1754	+	174	50244356	70727
chr18	50173629	50373629	harbor2	chr18	50200319	50200663	LTR/ERVL-MaLR	1869	+	172	50200491	26862
chr18	26127503	26327503	harbor2	chr18	26127858	26128163	LTR/ERVL-MaLR	2274	+	152	26128010	507
chr18	26127503	26327503	harbor2	chr18	26128682	26128778	LTR/ERVL-MaLR	2274	+	48	26128730	1227
chr18	26127503	26327503	harbor2	chr18	26138214	26138426	LTR/ERVL-MaLR	435	+	106	26138320	10817
chr18	26127503	26327503	harbor2	chr18	26138992	26139500	LTR/ERVL-MaLR	2203	+	254	26139246	11743
chr18	26127503	26327503	harbor2	chr18	26152650	26153027	LTR/ERVL-MaLR	1370	+	188	26152838	25335
chr18	26127503	26327503	harbor2	chr18	26167484	26167852	LTR/ERVL-MaLR	1331	+	184	26167668	40165
chr18	31999202	32199202	harbor2	chr18	32014525	32014907	LTR/ERVL-MaLR	714	+	191	32014716	15514
chr18	48646833	48846833	harbor2	chr18	48700034	48700385	LTR/ERVL-MaLR	2392	+	176	48700210	53377
chr18	26128488	26328488	harbor2	chr18	26128682	26128778	LTR/ERVL-MaLR	2274	+	48	26128730	242
chr18	26128488	26328488	harbor2	chr18	26138214	26138426	LTR/ERVL-MaLR	435	+	106	26138320	9832
chr18	26128488	26328488	harbor2	chr18	26138992	26139500	LTR/ERVL-MaLR	2203	+	254	26139246	10758
chr18	26128488	26328488	harbor2	chr18	26152650	26153027	LTR/ERVL-MaLR	1370	+	188	26152838	24350
chr18	26128488	26328488	harbor2	chr18	26167484	26167852	LTR/ERVL-MaLR	1331	+	184	26167668	39180
chr18	42427605	42627605	harbor2	chr18	42485603	42485941	LTR/ERVL-MaLR	605	+	169	42485772	58167
chr18	42427605	42627605	harbor2	chr18	42522408	42522845	LTR/ERVL-MaLR	1127	+	218	42522626	95021
chr18	76054282	76254282	harbor2	chr18	76058827	76059269	LTR/ERVL-MaLR	1238	+	221	76059048	4766
chr18	76054282	76254282	harbor2	chr18	76059514	76059849	LTR/ERVL-MaLR	1411	+	168	76059682	5400
chr18	76054282	76254282	harbor2	chr18	76072307	76072767	LTR/ERVL-MaLR	470	+	230	76072537	18255
chr18	76054282	76254282	harbor2	chr18	76072842	76073225	LTR/ERVL-MaLR	1312	+	192	76073034	18752
chr18	76054282	76254282	harbor2	chr18	76075005	76075295	LTR/ERVL-MaLR	1058	+	145	76075150	20868
chr18	76054282	76254282	harbor2	chr18	76099948	76100296	LTR/ERVL-MaLR	1669	+	174	76100122	45840
chr18	76054282	76254282	harbor2	chr18	76120607	76120983	LTR/ERVL-MaLR	2271	+	188	76120795	66513
chr18	76054282	76254282	harbor2	chr18	76130576	76130926	LTR/ERVL-MaLR	852	+	175	76130751	76469
chr18	76054282	76254282	harbor2	chr18	76140344	76140706	LTR/ERVL-MaLR	2045	+	181	76140525	86243
chr18	74357679	74557679	harbor2	chr18	74367465	74367582	LTR/ERVL-MaLR	456	+	58	74367523	9844
chr18	74357679	74557679	harbor2	chr18	74399993	74400491	LTR/ERVL-MaLR	1673	+	249	74400242	42563
chr18	74357679	74557679	harbor2	chr18	74406676	74406981	LTR/ERVL-MaLR	481	+	152	74406828	49149
chr18	74357679	74557679	harbor2	chr18	74417268	74417687	LTR/ERVL-MaLR	1399	+	210	74417478	59799
chr18	74357679	74557679	harbor2	chr18	74421301	74421656	LTR/ERVL-MaLR	1540	+	178	74421479	63800
chr18	26126452	26326452	harbor2	chr18	26127858	26128163	LTR/ERVL-MaLR	2274	+	152	26128010	1558
chr18	26126452	26326452	harbor2	chr18	26128682	26128778	LTR/ERVL-MaLR	2274	+	48	26128730	2278
chr18	26126452	26326452	harbor2	chr18	26138214	26138426	LTR/ERVL-MaLR	435	+	106	26138320	11868
chr18	26126452	26326452	harbor2	chr18	26138992	26139500	LTR/ERVL-MaLR	2203	+	254	26139246	12794
chr18	26126452	26326452	harbor2	chr18	26152650	26153027	LTR/ERVL-MaLR	1370	+	188	26152838	26386
chr18	26126452	26326452	harbor2	chr18	26167484	26167852	LTR/ERVL-MaLR	1331	+	184	26167668	41216
chr18	75398513	75598513	harbor2	chr18	75447216	75447328	LTR/ERVL-MaLR	611	+	56	75447272	48759
chr18	75398513	75598513	harbor2	chr18	75447784	75447938	LTR/ERVL-MaLR	649	+	77	75447861	49348
chr18	75398513	75598513	harbor2	chr18	75447976	75448019	LTR/ERVL-MaLR	495	+	22	75447998	49485
chr18	75398513	75598513	harbor2	chr18	75458936	75459283	LTR/ERVL-MaLR	1347	+	174	75459110	60597
chr18	75398513	75598513	harbor2	chr18	75459642	75459783	LTR/ERVL-MaLR	1347	+	70	75459712	61199
chr18	75398513	75598513	harbor2	chr18	75459963	75460439	LTR/ERVL-MaLR	1386	+	238	75460201	61688
chr18	75398513	75598513	harbor2	chr18	75489391	75490037	LTR/ERVL-MaLR	1956	+	323	75489714	91201
chr18	26126438	26326438	harbor2	chr18	26127858	26128163	LTR/ERVL-MaLR	2274	+	152	26128010	1572
chr18	26126438	26326438	harbor2	chr18	26128682	26128778	LTR/ERVL-MaLR	2274	+	48	26128730	2292
chr18	26126438	26326438	harbor2	chr18	26138214	26138426	LTR/ERVL-MaLR	435	+	106	26138320	11882
chr18	26126438	26326438	harbor2	chr18	26138992	26139500	LTR/ERVL-MaLR	2203	+	254	26139246	12808
chr18	26126438	26326438	harbor2	chr18	26152650	26153027	LTR/ERVL-MaLR	1370	+	188	26152838	26400
chr18	26126438	26326438	harbor2	chr18	26167484	26167852	LTR/ERVL-MaLR	1331	+	184	26167668	41230
chr18	54891836	55091836	harbor2	chr18	54916752	54917109	LTR/ERVL-MaLR	1804	+	178	54916930	25094
chr18	54891836	55091836	harbor2	chr18	54948085	54948539	LTR/ERVL-MaLR	2370	+	227	54948312	56476
chr18	54891836	55091836	harbor2	chr18	54961538	54961696	LTR/ERVL-MaLR	1398	+	79	54961617	69781
chr18	54891836	55091836	harbor2	chr18	54961986	54962201	LTR/ERVL-MaLR	1398	+	108	54962094	70258
chr18	37468263	37668263	harbor2	chr18	37479732	37480159	LTR/ERVL-MaLR	2134	+	214	37479946	11683
chr18	62458039	62658039	harbor2	chr18	62461335	62461436	LTR/ERVL-MaLR	453	+	50	62461385	3346
chr18	62458039	62658039	harbor2	chr18	62468251	62468571	LTR/ERVL-MaLR	2155	+	160	62468411	10372
chr18	62458039	62658039	harbor2	chr18	62477469	62477843	LTR/ERVL-MaLR	2162	+	187	62477656	19617
chr18	75108369	75308369	harbor2	chr18	75115133	75115494	LTR/ERVL-MaLR	1964	+	180	75115313	6944
chr18	75108369	75308369	harbor2	chr18	75140977	75141418	LTR/ERVL-MaLR	1743	+	220	75141197	32828
chr18	75108369	75308369	harbor2	chr18	75154566	75155006	LTR/ERVL-MaLR	1379	+	220	75154786	46417
chr18	75108369	75308369	harbor2	chr18	75157394	75157784	LTR/ERVL-MaLR	1400	+	195	75157589	49220
chr18	75108369	75308369	harbor2	chr18	75170051	75170427	LTR/ERVL-MaLR	879	+	188	75170239	61870
chr18	75108369	75308369	harbor2	chr18	75177110	75177487	LTR/ERVL-MaLR	1339	+	188	75177298	68929
chr18	75108369	75308369	harbor2	chr18	75187687	75188056	LTR/ERVL-MaLR	2477	+	184	75187871	79502
chr18	26127296	26327296	harbor2	chr18	26127858	26128163	LTR/ERVL-MaLR	2274	+	152	26128010	714
chr18	26127296	26327296	harbor2	chr18	26128682	26128778	LTR/ERVL-MaLR	2274	+	48	26128730	1434
chr18	26127296	26327296	harbor2	chr18	26138214	26138426	LTR/ERVL-MaLR	435	+	106	26138320	11024
chr18	26127296	26327296	harbor2	chr18	26138992	26139500	LTR/ERVL-MaLR	2203	+	254	26139246	11950
chr18	26127296	26327296	harbor2	chr18	26152650	26153027	LTR/ERVL-MaLR	1370	+	188	26152838	25542
chr18	26127296	26327296	harbor2	chr18	26167484	26167852	LTR/ERVL-MaLR	1331	+	184	26167668	40372
chr18	57499758	57699758	harbor2	chr18	57510913	57511176	LTR/ERVL-MaLR	887	+	132	57511045	11287
chr18	57499758	57699758	harbor2	chr18	57522437	57522843	LTR/ERVL-MaLR	1591	+	203	57522640	22882
chr18	57499758	57699758	harbor2	chr18	57529885	57530170	LTR/ERVL-MaLR	709	+	142	57530027	30269
chr18	57499758	57699758	harbor2	chr18	57536695	57536855	LTR/ERVL-MaLR	467	+	80	57536775	37017
chr18	57499758	57699758	harbor2	chr18	57537023	57537217	LTR/ERVL-MaLR	652	+	97	57537120	37362
chr18	57499758	57699758	harbor2	chr18	57537604	57537782	LTR/ERVL-MaLR	987	+	89	57537693	37935
chr18	57499758	57699758	harbor2	chr18	57537907	57538105	LTR/ERVL-MaLR	1316	+	99	57538006	38248
chr18	57499758	57699758	harbor2	chr18	57546595	57546678	LTR/ERVL-MaLR	2701	+	42	57546637	46879
chr18	57499758	57699758	harbor2	chr18	57546978	57547308	LTR/ERVL-MaLR	2701	+	165	57547143	47385
chr18	57499758	57699758	harbor2	chr18	57547309	57547623	LTR/ERVL-MaLR	1781	+	157	57547466	47708
chr18	57499758	57699758	harbor2	chr18	57598248	57598647	LTR/ERVL-MaLR	2212	+	200	57598448	98690
chr18	57499758	57699758	harbor2	chr18	57540435	57540795	LTR/ERVL-MaLR	1535	+	180	57540615	40857
chr18	57521968	57721968	harbor2	chr18	57522437	57522843	LTR/ERVL-MaLR	1591	+	203	57522640	672
chr18	57521968	57721968	harbor2	chr18	57529885	57530170	LTR/ERVL-MaLR	709	+	142	57530027	8059
chr18	57521968	57721968	harbor2	chr18	57536695	57536855	LTR/ERVL-MaLR	467	+	80	57536775	14807
chr18	57521968	57721968	harbor2	chr18	57537023	57537217	LTR/ERVL-MaLR	652	+	97	57537120	15152
chr18	57521968	57721968	harbor2	chr18	57537604	57537782	LTR/ERVL-MaLR	987	+	89	57537693	15725
chr18	57521968	57721968	harbor2	chr18	57537907	57538105	LTR/ERVL-MaLR	1316	+	99	57538006	16038
chr18	57521968	57721968	harbor2	chr18	57546595	57546678	LTR/ERVL-MaLR	2701	+	42	57546637	24669
chr18	57521968	57721968	harbor2	chr18	57546978	57547308	LTR/ERVL-MaLR	2701	+	165	57547143	25175
chr18	57521968	57721968	harbor2	chr18	57547309	57547623	LTR/ERVL-MaLR	1781	+	157	57547466	25498
chr18	57521968	57721968	harbor2	chr18	57598248	57598647	LTR/ERVL-MaLR	2212	+	200	57598448	76480
chr18	57521968	57721968	harbor2	chr18	57540435	57540795	LTR/ERVL-MaLR	1535	+	180	57540615	18647
chr18	59170166	59370166	harbor2	chr18	59192103	59192238	LTR/ERVL-MaLR	685	+	68	59192171	22005
chr18	59170166	59370166	harbor2	chr18	59192289	59192658	LTR/ERVL-MaLR	1669	+	184	59192473	22307
chr18	59170166	59370166	harbor2	chr18	59216692	59216958	LTR/ERVL-MaLR	466	+	133	59216825	46659
chr18	59170166	59370166	harbor2	chr18	59217203	59217385	LTR/ERVL-MaLR	466	+	91	59217294	47128
chr18	11589562	11789562	harbor2	chr18	11604125	11604518	LTR/ERVL-MaLR	2186	+	196	11604321	14759
chr18	11589562	11789562	harbor2	chr18	11637292	11637612	LTR/ERVL-MaLR	800	+	160	11637452	47890
chr18	11589562	11789562	harbor2	chr18	11649908	11650420	LTR/ERVL-MaLR	1988	+	256	11650164	60602
chr18	11589562	11789562	harbor2	chr18	11650421	11651666	LTR/ERVL-MaLR	2906	+	622	11651043	61481
chr18	11589562	11789562	harbor2	chr18	11651666	11652059	LTR/ERVL-MaLR	1465	+	196	11651862	62300
chr18	11589562	11789562	harbor2	chr18	11652196	11652332	LTR/ERVL-MaLR	487	+	68	11652264	62702
chr18	11589562	11789562	harbor2	chr18	11683714	11684140	LTR/ERVL-MaLR	1249	+	213	11683927	94365
chr18	26127357	26327357	harbor2	chr18	26127858	26128163	LTR/ERVL-MaLR	2274	+	152	26128010	653
chr18	26127357	26327357	harbor2	chr18	26128682	26128778	LTR/ERVL-MaLR	2274	+	48	26128730	1373
chr18	26127357	26327357	harbor2	chr18	26138214	26138426	LTR/ERVL-MaLR	435	+	106	26138320	10963
chr18	26127357	26327357	harbor2	chr18	26138992	26139500	LTR/ERVL-MaLR	2203	+	254	26139246	11889
chr18	26127357	26327357	harbor2	chr18	26152650	26153027	LTR/ERVL-MaLR	1370	+	188	26152838	25481
chr18	26127357	26327357	harbor2	chr18	26167484	26167852	LTR/ERVL-MaLR	1331	+	184	26167668	40311
chr18	46638380	46838380	harbor2	chr18	46653977	46654287	LTR/ERVL-MaLR	1387	+	155	46654132	15752
chr18	46638380	46838380	harbor2	chr18	46682580	46683063	LTR/ERVL-MaLR	1995	+	242	46682822	44442
chr18	46638380	46838380	harbor2	chr18	46688137	46688284	LTR/ERVL-MaLR	586	+	74	46688211	49831
chr18	46638380	46838380	harbor2	chr18	46701039	46701130	LTR/ERVL-MaLR	1528	+	46	46701085	62705
chr18	46638380	46838380	harbor2	chr18	46701433	46701711	LTR/ERVL-MaLR	1528	+	139	46701572	63192
chr18	46638380	46838380	harbor2	chr18	46707643	46707983	LTR/ERVL-MaLR	1764	+	170	46707813	69433
chr18	46638380	46838380	harbor2	chr18	46709104	46709473	LTR/ERVL-MaLR	1793	+	184	46709288	70908
chr18	12557366	12757366	harbor2	chr18	12599792	12600383	LTR/ERVL-MaLR	1440	+	296	12600088	42722
chr18	12557366	12757366	harbor2	chr18	12611201	12611659	LTR/ERVL-MaLR	2065	+	229	12611430	54064
chr18	12557366	12757366	harbor2	chr18	12611973	12612006	LTR/ERVL-MaLR	2065	+	16	12611989	54623
chr18	12557366	12757366	harbor2	chr18	12638611	12639012	LTR/ERVL-MaLR	2457	+	200	12638811	81445
chr18	26126393	26326393	harbor2	chr18	26127858	26128163	LTR/ERVL-MaLR	2274	+	152	26128010	1617
chr18	26126393	26326393	harbor2	chr18	26128682	26128778	LTR/ERVL-MaLR	2274	+	48	26128730	2337
chr18	26126393	26326393	harbor2	chr18	26138214	26138426	LTR/ERVL-MaLR	435	+	106	26138320	11927
chr18	26126393	26326393	harbor2	chr18	26138992	26139500	LTR/ERVL-MaLR	2203	+	254	26139246	12853
chr18	26126393	26326393	harbor2	chr18	26152650	26153027	LTR/ERVL-MaLR	1370	+	188	26152838	26445
chr18	26126393	26326393	harbor2	chr18	26167484	26167852	LTR/ERVL-MaLR	1331	+	184	26167668	41275
chr18	65652922	65852922	harbor2	chr18	65676110	65676429	LTR/ERVL-MaLR	715	+	160	65676270	23348
chr18	65652922	65852922	harbor2	chr18	65720745	65721106	LTR/ERVL-MaLR	1371	+	180	65720925	68003
chr18	75236592	75436592	harbor2	chr18	75282447	75282808	LTR/ERVL-MaLR	960	+	180	75282627	46035
chr18	75236592	75436592	harbor2	chr18	75314145	75314529	LTR/ERVL-MaLR	1592	+	192	75314337	77745
chr18	75236592	75436592	harbor2	chr18	75319508	75319627	LTR/ERVL-MaLR	774	+	60	75319568	82976
chr18	75236592	75436592	harbor2	chr18	75320073	75320270	LTR/ERVL-MaLR	774	+	98	75320171	83579
chr18	75103932	75303932	harbor2	chr18	75115133	75115494	LTR/ERVL-MaLR	1964	+	180	75115313	11381
chr18	75103932	75303932	harbor2	chr18	75140977	75141418	LTR/ERVL-MaLR	1743	+	220	75141197	37265
chr18	75103932	75303932	harbor2	chr18	75154566	75155006	LTR/ERVL-MaLR	1379	+	220	75154786	50854
chr18	75103932	75303932	harbor2	chr18	75157394	75157784	LTR/ERVL-MaLR	1400	+	195	75157589	53657
chr18	75103932	75303932	harbor2	chr18	75170051	75170427	LTR/ERVL-MaLR	879	+	188	75170239	66307
chr18	75103932	75303932	harbor2	chr18	75177110	75177487	LTR/ERVL-MaLR	1339	+	188	75177298	73366
chr18	75103932	75303932	harbor2	chr18	75187687	75188056	LTR/ERVL-MaLR	2477	+	184	75187871	83939
chr18	50093420	50293420	harbor2	chr18	50156282	50156655	LTR/ERVL-MaLR	2759	+	186	50156468	63048
chr18	50093420	50293420	harbor2	chr18	50183673	50184110	LTR/ERVL-MaLR	2725	+	218	50183891	90471
chr18	59166135	59366135	harbor2	chr18	59192103	59192238	LTR/ERVL-MaLR	685	+	68	59192171	26036
chr18	59166135	59366135	harbor2	chr18	59192289	59192658	LTR/ERVL-MaLR	1669	+	184	59192473	26338
chr18	59166135	59366135	harbor2	chr18	59216692	59216958	LTR/ERVL-MaLR	466	+	133	59216825	50690
chr18	59166135	59366135	harbor2	chr18	59217203	59217385	LTR/ERVL-MaLR	466	+	91	59217294	51159
chr18	77230159	77430159	harbor2	chr18	77236930	77237294	LTR/ERVL-MaLR	2315	+	182	77237112	6953
chr18	77230159	77430159	harbor2	chr18	77277237	77277599	LTR/ERVL-MaLR	1832	+	181	77277418	47259
chr18	77230159	77430159	harbor2	chr18	77282199	77282636	LTR/ERVL-MaLR	1870	+	218	77282417	52258
chr18	77230159	77430159	harbor2	chr18	77293805	77294000	LTR/ERVL-MaLR	845	+	98	77293903	63744
chr18	77230159	77430159	harbor2	chr18	77294001	77294193	LTR/ERVL-MaLR	2198	+	96	77294097	63938
chr18	77230159	77430159	harbor2	chr18	77294194	77294379	LTR/ERVL-MaLR	1814	+	92	77294286	64127
chr18	77230159	77430159	harbor2	chr18	77294421	77294608	LTR/ERVL-MaLR	1814	+	94	77294515	64356
chr18	77230159	77430159	harbor2	chr18	77294609	77294812	LTR/ERVL-MaLR	2198	+	102	77294711	64552
chr18	77230159	77430159	harbor2	chr18	77303031	77303382	LTR/ERVL-MaLR	2220	+	176	77303207	73048
chr18	65651681	65851681	harbor2	chr18	65676110	65676429	LTR/ERVL-MaLR	715	+	160	65676270	24589
chr18	65651681	65851681	harbor2	chr18	65720745	65721106	LTR/ERVL-MaLR	1371	+	180	65720925	69244
chr18	12155751	12355751	harbor2	chr18	12155896	12156043	LTR/ERVL-MaLR	1650	+	74	12155970	219
chr18	12155751	12355751	harbor2	chr18	12156076	12156316	LTR/ERVL-MaLR	1650	+	120	12156196	445
chr19	5522847	5722847	harbor2	chr19	5585185	5585442	LTR/ERVL-MaLR	789	+	128	5585313	62466
chr19	49751346	49951346	harbor2	chr19	49752406	49752605	LTR/ERVL-MaLR	867	+	100	49752506	1160
chr19	49751346	49951346	harbor2	chr19	49756657	49756777	LTR/ERVL-MaLR	1088	+	60	49756717	5371
chr19	49751346	49951346	harbor2	chr19	49757079	49757413	LTR/ERVL-MaLR	1088	+	167	49757246	5900
chr19	49756502	49956502	harbor2	chr19	49756657	49756777	LTR/ERVL-MaLR	1088	+	60	49756717	215
chr19	49756502	49956502	harbor2	chr19	49757079	49757413	LTR/ERVL-MaLR	1088	+	167	49757246	744
chr19	56041213	56241213	harbor2	chr19	56078307	56078480	LTR/ERVL-MaLR	770	+	86	56078393	37180
chr19	5522872	5722872	harbor2	chr19	5585185	5585442	LTR/ERVL-MaLR	789	+	128	5585313	62441
chr19	5029245	5229245	harbor2	chr19	5098581	5098936	LTR/ERVL-MaLR	1855	+	178	5098759	69514
chr19	5029245	5229245	harbor2	chr19	5099693	5099891	LTR/ERVL-MaLR	1147	+	99	5099792	70547
chr19	5036318	5236318	harbor2	chr19	5098581	5098936	LTR/ERVL-MaLR	1855	+	178	5098759	62441
chr19	5036318	5236318	harbor2	chr19	5099693	5099891	LTR/ERVL-MaLR	1147	+	99	5099792	63474
chr19	5522866	5722866	harbor2	chr19	5585185	5585442	LTR/ERVL-MaLR	789	+	128	5585313	62447
chr19	7809659	8009659	harbor2	chr19	7811550	7811801	LTR/ERVL-MaLR	1284	+	126	7811676	2017
chr19	7809659	8009659	harbor2	chr19	7819202	7819827	LTR/ERVL-MaLR	2302	+	312	7819514	9855
chr19	3287977	3487977	harbor2	chr19	3357189	3357476	LTR/ERVL-MaLR	1210	+	144	3357333	69356
chr19	49752345	49952345	harbor2	chr19	49752406	49752605	LTR/ERVL-MaLR	867	+	100	49752506	161
chr19	49752345	49952345	harbor2	chr19	49756657	49756777	LTR/ERVL-MaLR	1088	+	60	49756717	4372
chr19	49752345	49952345	harbor2	chr19	49757079	49757413	LTR/ERVL-MaLR	1088	+	167	49757246	4901
chr19	35168136	35368136	harbor2	chr19	35175817	35176235	LTR/ERVL-MaLR	2418	+	209	35176026	7890
chr19	35168136	35368136	harbor2	chr19	35199378	35199960	LTR/ERVL-MaLR	1497	+	291	35199669	31533
chr19	35168136	35368136	harbor2	chr19	35201945	35202289	LTR/ERVL-MaLR	2752	+	172	35202117	33981
chr19	35168136	35368136	harbor2	chr19	35202588	35202630	LTR/ERVL-MaLR	2752	+	21	35202609	34473
chr19	35168136	35368136	harbor2	chr19	35206135	35206550	LTR/ERVL-MaLR	1326	+	208	35206343	38207
chr19	35168136	35368136	harbor2	chr19	35215659	35215954	LTR/ERVL-MaLR	935	+	148	35215807	47671
chr19	35168136	35368136	harbor2	chr19	35216422	35216891	LTR/ERVL-MaLR	1621	+	234	35216656	48520
chr19	35168136	35368136	harbor2	chr19	35216987	35217370	LTR/ERVL-MaLR	1120	+	192	35217179	49043
chr19	35168136	35368136	harbor2	chr19	35220312	35220608	LTR/ERVL-MaLR	709	+	148	35220460	52324
chr19	35168136	35368136	harbor2	chr19	35226812	35227209	LTR/ERVL-MaLR	1358	+	198	35227010	58874
chr19	35168136	35368136	harbor2	chr19	35237236	35237415	LTR/ERVL-MaLR	2428	+	90	35237326	69190
chr19	35168136	35368136	harbor2	chr19	35237729	35237941	LTR/ERVL-MaLR	2428	+	106	35237835	69699
chr19	35168136	35368136	harbor2	chr19	35238038	35238420	LTR/ERVL-MaLR	2320	+	191	35238229	70093
chr19	5522865	5722865	harbor2	chr19	5585185	5585442	LTR/ERVL-MaLR	789	+	128	5585313	62448
chr19	5522867	5722867	harbor2	chr19	5585185	5585442	LTR/ERVL-MaLR	789	+	128	5585313	62446
chr19	8046126	8246126	harbor2	chr19	8075899	8076234	LTR/ERVL-MaLR	1651	+	168	8076067	29941
chr19	8046126	8246126	harbor2	chr19	8101904	8102204	LTR/ERVL-MaLR	2518	+	150	8102054	55928
chr19	8046126	8246126	harbor2	chr19	8102518	8102587	LTR/ERVL-MaLR	2518	+	34	8102552	56426
chr19	8046126	8246126	harbor2	chr19	8112970	8113144	LTR/ERVL-MaLR	714	+	87	8113057	66931
chr19	8046126	8246126	harbor2	chr19	8113530	8113552	LTR/ERVL-MaLR	714	+	11	8113541	67415
chr19	8046126	8246126	harbor2	chr19	8114018	8114242	LTR/ERVL-MaLR	714	+	112	8114130	68004
chr19	8046126	8246126	harbor2	chr19	8130869	8131159	LTR/ERVL-MaLR	1436	+	145	8131014	84888
chr19	2710739	2910739	harbor2	chr19	2712103	2712455	LTR/ERVL-MaLR	1621	+	176	2712279	1540
chr19	2710739	2910739	harbor2	chr19	2715362	2715715	LTR/ERVL-MaLR	1174	+	176	2715538	4799
chr19	2710739	2910739	harbor2	chr19	2736180	2736725	LTR/ERVL-MaLR	1371	+	272	2736452	25713
chr19	2710739	2910739	harbor2	chr19	2741026	2741374	LTR/ERVL-MaLR	979	+	174	2741200	30461
chr19	2710739	2910739	harbor2	chr19	2741687	2741792	LTR/ERVL-MaLR	979	+	52	2741739	31000
chr19	2710739	2910739	harbor2	chr19	2742069	2742121	LTR/ERVL-MaLR	979	+	26	2742095	31356
chr19	2710739	2910739	harbor2	chr19	2772534	2772791	LTR/ERVL-MaLR	1086	+	128	2772662	61923
chr19	40642251	40842251	harbor2	chr19	40678014	40678160	LTR/ERVL-MaLR	1405	+	73	40678087	35836
chr19	40642251	40842251	harbor2	chr19	40678463	40678697	LTR/ERVL-MaLR	1405	+	117	40678580	36329
chr19	1551773	1751773	harbor2	chr19	1597356	1597872	LTR/ERVL-MaLR	1480	+	258	1597614	45841
chr19	1551773	1751773	harbor2	chr19	1600132	1600206	LTR/ERVL-MaLR	1123	+	37	1600169	48396
chr19	1551773	1751773	harbor2	chr19	1600513	1600592	LTR/ERVL-MaLR	1123	+	40	1600553	48780
chr19	1551773	1751773	harbor2	chr19	1601185	1601320	LTR/ERVL-MaLR	1123	+	68	1601253	49480
chr19	1551773	1751773	harbor2	chr19	1601629	1601832	LTR/ERVL-MaLR	1123	+	102	1601731	49958
chr19	49752364	49952364	harbor2	chr19	49752406	49752605	LTR/ERVL-MaLR	867	+	100	49752506	142
chr19	49752364	49952364	harbor2	chr19	49756657	49756777	LTR/ERVL-MaLR	1088	+	60	49756717	4353
chr19	49752364	49952364	harbor2	chr19	49757079	49757413	LTR/ERVL-MaLR	1088	+	167	49757246	4882
chr19	55239703	55439703	harbor2	chr19	55274656	55275042	LTR/ERVL-MaLR	2222	+	193	55274849	35146
chr19	55239703	55439703	harbor2	chr19	55334658	55334817	LTR/ERVL-MaLR	877	+	80	55334738	95035
chr19	2356840	2556840	harbor2	chr19	2380636	2380819	LTR/ERVL-MaLR	922	+	92	2380728	23888
chr19	2356840	2556840	harbor2	chr19	2388446	2388624	LTR/ERVL-MaLR	649	+	89	2388535	31695
chr19	2356840	2556840	harbor2	chr19	2388924	2388985	LTR/ERVL-MaLR	649	+	30	2388954	32114
chr19	50528711	50728711	harbor2	chr19	50572417	50572550	LTR/ERVL-MaLR	1720	+	66	50572483	43772
chr19	50528711	50728711	harbor2	chr19	50572853	50572880	LTR/ERVL-MaLR	1720	+	14	50572867	44156
chr19	50528711	50728711	harbor2	chr19	50573186	50573363	LTR/ERVL-MaLR	1720	+	88	50573274	44563
chr19	50528711	50728711	harbor2	chr19	50573673	50573721	LTR/ERVL-MaLR	1720	+	24	50573697	44986
chr19	50528711	50728711	harbor2	chr19	50574509	50574794	LTR/ERVL-MaLR	1501	+	142	50574651	45940
chr19	50528711	50728711	harbor2	chr19	50588683	50588820	LTR/ERVL-MaLR	1647	+	68	50588751	60040
chr19	50528711	50728711	harbor2	chr19	50589122	50589448	LTR/ERVL-MaLR	1647	+	163	50589285	60574
chr19	50528711	50728711	harbor2	chr19	50589746	50589779	LTR/ERVL-MaLR	1647	+	16	50589762	61051
chr19	50528711	50728711	harbor2	chr19	50590239	50590592	LTR/ERVL-MaLR	823	+	176	50590415	61704
chr19	50528711	50728711	harbor2	chr19	50590890	50590956	LTR/ERVL-MaLR	823	+	33	50590923	62212
chr19	50528711	50728711	harbor2	chr19	50612978	50613319	LTR/ERVL-MaLR	1852	+	170	50613148	84437
chr19	50528711	50728711	harbor2	chr19	50613572	50613623	LTR/ERVL-MaLR	1852	+	26	50613598	84887
chr19	50528711	50728711	harbor2	chr19	50613624	50613947	LTR/ERVL-MaLR	1033	+	162	50613786	85075
chr19	45306438	45506438	harbor2	chr19	45326209	45326387	LTR/ERVL-MaLR	615	+	89	45326298	19860
chr19	45306438	45506438	harbor2	chr19	45354977	45355074	LTR/ERVL-MaLR	616	+	48	45355025	48587
chr19	45306438	45506438	harbor2	chr19	45355364	45355618	LTR/ERVL-MaLR	616	+	127	45355491	49053
chr19	45306438	45506438	harbor2	chr19	45391471	45391813	LTR/ERVL-MaLR	813	+	171	45391642	85204
chr19	1467940	1667940	harbor2	chr19	1516457	1516681	LTR/ERVL-MaLR	621	+	112	1516569	48629
chr19	43994297	44194297	harbor2	chr19	44001024	44001303	LTR/ERVL-MaLR	1003	+	140	44001164	6867
chr19	43994297	44194297	harbor2	chr19	44016582	44016945	LTR/ERVL-MaLR	2174	+	182	44016764	22467
chr19	43994297	44194297	harbor2	chr19	44017254	44017290	LTR/ERVL-MaLR	2174	+	18	44017272	22975
chr19	43994297	44194297	harbor2	chr19	44048238	44048553	LTR/ERVL-MaLR	1312	+	158	44048396	54099
chr19	43994297	44194297	harbor2	chr19	44048564	44049337	LTR/ERVL-MaLR	3469	+	386	44048950	54653
chr19	43994297	44194297	harbor2	chr19	44070665	44070802	LTR/ERVL-MaLR	1112	+	68	44070733	76436
chr19	5522862	5722862	harbor2	chr19	5585185	5585442	LTR/ERVL-MaLR	789	+	128	5585313	62451
chr19	32307102	32507102	harbor2	chr19	32338666	32339047	LTR/ERVL-MaLR	2073	+	190	32338856	31754
chr19	56021023	56221023	harbor2	chr19	56078307	56078480	LTR/ERVL-MaLR	770	+	86	56078393	57370
chr19	1652744	1852744	harbor2	chr19	1695491	1695788	LTR/ERVL-MaLR	2405	+	148	1695639	42895
chr19	1652744	1852744	harbor2	chr19	1696098	1696167	LTR/ERVL-MaLR	2405	+	34	1696132	43388
chr19	41923608	42123608	harbor2	chr19	42000636	42000895	LTR/ERVL-MaLR	944	+	130	42000766	77158
chr19	41923608	42123608	harbor2	chr19	42001613	42001838	LTR/ERVL-MaLR	820	+	112	42001725	78117
chr19	41923608	42123608	harbor2	chr19	42019481	42019961	LTR/ERVL-MaLR	2540	+	240	42019721	96113
chr19	49824648	50024648	harbor2	chr19	49915163	49915598	LTR/ERVL-MaLR	1707	+	218	49915381	90733
chr19	1737761	1937761	harbor2	chr19	1831937	1832221	LTR/ERVL-MaLR	636	+	142	1832079	94318
chr19	49751333	49951333	harbor2	chr19	49752406	49752605	LTR/ERVL-MaLR	867	+	100	49752506	1173
chr19	49751333	49951333	harbor2	chr19	49756657	49756777	LTR/ERVL-MaLR	1088	+	60	49756717	5384
chr19	49751333	49951333	harbor2	chr19	49757079	49757413	LTR/ERVL-MaLR	1088	+	167	49757246	5913
chr19	55638507	55838507	harbor2	chr19	55704252	55704615	LTR/ERVL-MaLR	1301	+	182	55704434	65927
chr19	55638507	55838507	harbor2	chr19	55710432	55710803	LTR/ERVL-MaLR	2076	+	186	55710618	72111
chr19	55638507	55838507	harbor2	chr19	55721648	55722001	LTR/ERVL-MaLR	2366	+	176	55721824	83317
chr19	51864995	52064995	harbor2	chr19	51866398	51866672	LTR/ERVL-MaLR	1313	+	137	51866535	1540
chr19	51864995	52064995	harbor2	chr19	51901347	51901498	LTR/ERVL-MaLR	1146	+	76	51901423	36428
chr19	51864995	52064995	harbor2	chr19	51901972	51902262	LTR/ERVL-MaLR	1514	+	145	51902117	37122
chr19	51864995	52064995	harbor2	chr19	51920945	51921150	LTR/ERVL-MaLR	989	+	102	51921047	56052
chr19	51864995	52064995	harbor2	chr19	51922213	51922501	LTR/ERVL-MaLR	989	+	144	51922357	57362
chr19	51864995	52064995	harbor2	chr19	51871635	51871997	LTR/ERVL-MaLR	1404	+	181	51871816	6821
chr19	8046497	8246497	harbor2	chr19	8075899	8076234	LTR/ERVL-MaLR	1651	+	168	8076067	29570
chr19	8046497	8246497	harbor2	chr19	8101904	8102204	LTR/ERVL-MaLR	2518	+	150	8102054	55557
chr19	8046497	8246497	harbor2	chr19	8102518	8102587	LTR/ERVL-MaLR	2518	+	34	8102552	56055
chr19	8046497	8246497	harbor2	chr19	8112970	8113144	LTR/ERVL-MaLR	714	+	87	8113057	66560
chr19	8046497	8246497	harbor2	chr19	8113530	8113552	LTR/ERVL-MaLR	714	+	11	8113541	67044
chr19	8046497	8246497	harbor2	chr19	8114018	8114242	LTR/ERVL-MaLR	714	+	112	8114130	67633
chr19	8046497	8246497	harbor2	chr19	8130869	8131159	LTR/ERVL-MaLR	1436	+	145	8131014	84517
chr19	1961578	2161578	harbor2	chr19	2060604	2060997	LTR/ERVL-MaLR	975	+	196	2060800	99222
chr19	39766858	39966858	harbor2	chr19	39781424	39781836	LTR/ERVL-MaLR	2506	+	206	39781630	14772
chr19	39766858	39966858	harbor2	chr19	39782227	39782570	LTR/ERVL-MaLR	2257	+	172	39782399	15541
chr19	39766858	39966858	harbor2	chr19	39809207	39809656	LTR/ERVL-MaLR	927	+	224	39809431	42573
chr19	39766858	39966858	harbor2	chr19	39834919	39835238	LTR/ERVL-MaLR	1675	+	160	39835079	68221
chr19	39766858	39966858	harbor2	chr19	39835547	39835600	LTR/ERVL-MaLR	1675	+	26	39835573	68715
chr19	39766858	39966858	harbor2	chr19	39849752	39849893	LTR/ERVL-MaLR	1129	+	70	39849822	82964
chr19	39766858	39966858	harbor2	chr19	39850200	39850387	LTR/ERVL-MaLR	1129	+	94	39850294	83436
chr19	39766858	39966858	harbor2	chr19	39866091	39866501	LTR/ERVL-MaLR	1414	+	205	39866296	99438
chr19	49752229	49952229	harbor2	chr19	49752406	49752605	LTR/ERVL-MaLR	867	+	100	49752506	277
chr19	49752229	49952229	harbor2	chr19	49756657	49756777	LTR/ERVL-MaLR	1088	+	60	49756717	4488
chr19	49752229	49952229	harbor2	chr19	49757079	49757413	LTR/ERVL-MaLR	1088	+	167	49757246	5017
chr19	54349613	54549613	harbor2	chr19	54355487	54355931	LTR/ERVL-MaLR	1111	+	222	54355709	6096
chr19	54349613	54549613	harbor2	chr19	54366239	54366489	LTR/ERVL-MaLR	2488	+	125	54366364	16751
chr19	54349613	54549613	harbor2	chr19	54366788	54367046	LTR/ERVL-MaLR	2488	+	129	54366917	17304
chr19	54349613	54549613	harbor2	chr19	54380204	54380318	LTR/ERVL-MaLR	777	+	57	54380261	30648
chr19	54349613	54549613	harbor2	chr19	54380511	54380887	LTR/ERVL-MaLR	2299	+	188	54380699	31086
chr19	54349613	54549613	harbor2	chr19	54392618	54392686	LTR/ERVL-MaLR	2373	+	34	54392652	43039
chr19	54349613	54549613	harbor2	chr19	54392982	54393287	LTR/ERVL-MaLR	2373	+	152	54393134	43521
chr19	562891	762891	harbor2	chr19	644132	644407	LTR/ERVL-MaLR	687	+	138	644270	81379
chr19	58357531	58557531	harbor2	chr19	58365165	58365396	LTR/ERVL-MaLR	689	+	116	58365281	7750
chr19	58357531	58557531	harbor2	chr19	58378659	58379068	LTR/ERVL-MaLR	1296	+	204	58378863	21332
chr19	58357531	58557531	harbor2	chr19	58429888	58430426	LTR/ERVL-MaLR	2297	+	269	58430157	72626
chr19	58357531	58557531	harbor2	chr19	58447732	58448091	LTR/ERVL-MaLR	2225	+	180	58447912	90381
chr19	58357531	58557531	harbor2	chr19	58448092	58448444	LTR/ERVL-MaLR	11447	+	176	58448268	90737
chr19	58357531	58557531	harbor2	chr19	58448751	58449956	LTR/ERVL-MaLR	11447	+	602	58449353	91822
chr19	58357531	58557531	harbor2	chr19	58449957	58450319	LTR/ERVL-MaLR	2232	+	181	58450138	92607
chr19	49751249	49951249	harbor2	chr19	49752406	49752605	LTR/ERVL-MaLR	867	+	100	49752506	1257
chr19	49751249	49951249	harbor2	chr19	49756657	49756777	LTR/ERVL-MaLR	1088	+	60	49756717	5468
chr19	49751249	49951249	harbor2	chr19	49757079	49757413	LTR/ERVL-MaLR	1088	+	167	49757246	5997
chr19	1648698	1848698	harbor2	chr19	1695491	1695788	LTR/ERVL-MaLR	2405	+	148	1695639	46941
chr19	1648698	1848698	harbor2	chr19	1696098	1696167	LTR/ERVL-MaLR	2405	+	34	1696132	47434
chr19	190996	390996	harbor2	chr19	234292	234719	LTR/ERVL-MaLR	1356	+	214	234506	43510
chr19	190996	390996	harbor2	chr19	254130	254605	LTR/ERVL-MaLR	1635	+	238	254368	63372
chr19	190996	390996	harbor2	chr19	258475	258578	LTR/ERVL-MaLR	735	+	52	258527	67531
chr19	190996	390996	harbor2	chr19	258612	258893	LTR/ERVL-MaLR	735	+	140	258752	67756
chr19	190996	390996	harbor2	chr19	263298	263482	LTR/ERVL-MaLR	692	+	92	263390	72394
chr19	54992203	55192203	harbor2	chr19	55023326	55023733	LTR/ERVL-MaLR	1913	+	204	55023530	31327
chr19	54992203	55192203	harbor2	chr19	55048843	55049224	LTR/ERVL-MaLR	751	+	190	55049033	56830
chr19	5522876	5722876	harbor2	chr19	5585185	5585442	LTR/ERVL-MaLR	789	+	128	5585313	62437
chr19	31990162	32190162	harbor2	chr19	32016168	32016515	LTR/ERVL-MaLR	2295	+	174	32016342	26180
chr19	31990162	32190162	harbor2	chr19	32054045	32054585	LTR/ERVL-MaLR	1743	+	270	32054315	64153
chr19	31990162	32190162	harbor2	chr19	32061636	32062016	LTR/ERVL-MaLR	2801	+	190	32061826	71664
chr19	49752869	49952869	harbor2	chr19	49756657	49756777	LTR/ERVL-MaLR	1088	+	60	49756717	3848
chr19	49752869	49952869	harbor2	chr19	49757079	49757413	LTR/ERVL-MaLR	1088	+	167	49757246	4377
chr19	5522857	5722857	harbor2	chr19	5585185	5585442	LTR/ERVL-MaLR	789	+	128	5585313	62456
chr19	45370037	45570037	harbor2	chr19	45391471	45391813	LTR/ERVL-MaLR	813	+	171	45391642	21605
chr19	58377939	58577939	harbor2	chr19	58378659	58379068	LTR/ERVL-MaLR	1296	+	204	58378863	924
chr19	58377939	58577939	harbor2	chr19	58429888	58430426	LTR/ERVL-MaLR	2297	+	269	58430157	52218
chr19	58377939	58577939	harbor2	chr19	58447732	58448091	LTR/ERVL-MaLR	2225	+	180	58447912	69973
chr19	58377939	58577939	harbor2	chr19	58448092	58448444	LTR/ERVL-MaLR	11447	+	176	58448268	70329
chr19	58377939	58577939	harbor2	chr19	58448751	58449956	LTR/ERVL-MaLR	11447	+	602	58449353	71414
chr19	58377939	58577939	harbor2	chr19	58449957	58450319	LTR/ERVL-MaLR	2232	+	181	58450138	72199
chr19	58377939	58577939	harbor2	chr19	58459523	58459919	LTR/ERVL-MaLR	2407	+	198	58459721	81782
chr19	39880486	40080486	harbor2	chr19	39886745	39887184	LTR/ERVL-MaLR	1163	+	220	39886965	6479
chr19	39880486	40080486	harbor2	chr19	39902997	39903436	LTR/ERVL-MaLR	1185	+	220	39903217	22731
chr19	39880486	40080486	harbor2	chr19	39910783	39911150	LTR/ERVL-MaLR	876	+	184	39910967	30481
chr19	39880486	40080486	harbor2	chr19	39911475	39911543	LTR/ERVL-MaLR	876	+	34	39911509	31023
chr19	39880486	40080486	harbor2	chr19	39919847	39920166	LTR/ERVL-MaLR	1334	+	160	39920007	39521
chr19	39880486	40080486	harbor2	chr19	39947859	39948216	LTR/ERVL-MaLR	1968	+	178	39948037	67551
chr19	29842433	30042433	harbor2	chr19	29865907	29866390	LTR/ERVL-MaLR	1269	+	242	29866149	23716
chr19	29842433	30042433	harbor2	chr19	29867245	29867336	LTR/ERVL-MaLR	1067	+	46	29867291	24858
chr19	29842433	30042433	harbor2	chr19	29879080	29879459	LTR/ERVL-MaLR	716	+	190	29879270	36837
chr19	29842433	30042433	harbor2	chr19	29891628	29892108	LTR/ERVL-MaLR	673	+	240	29891868	49435
chr19	29842433	30042433	harbor2	chr19	29927186	29927261	LTR/ERVL-MaLR	917	+	38	29927224	84791
chr19	29842433	30042433	harbor2	chr19	29927875	29928155	LTR/ERVL-MaLR	917	+	140	29928015	85582
chr19	29842433	30042433	harbor2	chr19	29867900	29868312	LTR/ERVL-MaLR	1067	+	206	29868106	25673
chr19	55205663	55405663	harbor2	chr19	55226180	55226615	LTR/ERVL-MaLR	1034	+	218	55226398	20735
chr19	55205663	55405663	harbor2	chr19	55274656	55275042	LTR/ERVL-MaLR	2222	+	193	55274849	69186
chr19	32286588	32486588	harbor2	chr19	32300254	32300586	LTR/ERVL-MaLR	1381	+	166	32300420	13832
chr19	32286588	32486588	harbor2	chr19	32338666	32339047	LTR/ERVL-MaLR	2073	+	190	32338856	52268
chr19	18675307	18875307	harbor2	chr19	18690557	18690743	LTR/ERVL-MaLR	631	+	93	18690650	15343
chr19	18675307	18875307	harbor2	chr19	18691212	18691233	LTR/ERVL-MaLR	631	+	10	18691222	15915
chr19	18675307	18875307	harbor2	chr19	18691552	18691712	LTR/ERVL-MaLR	631	+	80	18691632	16325
chr19	18675307	18875307	harbor2	chr19	18722324	18722608	LTR/ERVL-MaLR	782	+	142	18722466	47159
chr19	18675307	18875307	harbor2	chr19	18726484	18726645	LTR/ERVL-MaLR	925	+	80	18726564	51257
chr19	18675307	18875307	harbor2	chr19	18727267	18727299	LTR/ERVL-MaLR	925	+	16	18727283	51976
chr19	18675307	18875307	harbor2	chr19	18727608	18727717	LTR/ERVL-MaLR	925	+	54	18727662	52355
chr19	18675307	18875307	harbor2	chr19	18728026	18728128	LTR/ERVL-MaLR	925	+	51	18728077	52770
chr19	18675307	18875307	harbor2	chr19	18732156	18732549	LTR/ERVL-MaLR	1049	+	196	18732352	57045
chr19	5522874	5722874	harbor2	chr19	5585185	5585442	LTR/ERVL-MaLR	789	+	128	5585313	62439
chr19	41689213	41889213	harbor2	chr19	41706122	41706519	LTR/ERVL-MaLR	2368	+	198	41706320	17107
chr19	48640267	48840267	harbor2	chr19	48651210	48651531	LTR/ERVL-MaLR	1009	+	160	48651370	11103
chr19	48640267	48840267	harbor2	chr19	48656879	48657256	LTR/ERVL-MaLR	1252	+	188	48657067	16800
chr19	48640267	48840267	harbor2	chr19	48711032	48711551	LTR/ERVL-MaLR	843	+	260	48711292	71025
chr19	49751329	49951329	harbor2	chr19	49752406	49752605	LTR/ERVL-MaLR	867	+	100	49752506	1177
chr19	49751329	49951329	harbor2	chr19	49756657	49756777	LTR/ERVL-MaLR	1088	+	60	49756717	5388
chr19	49751329	49951329	harbor2	chr19	49757079	49757413	LTR/ERVL-MaLR	1088	+	167	49757246	5917
chr19	32578169	32778169	harbor2	chr19	32660130	32660263	LTR/ERVL-MaLR	1323	+	66	32660196	82027
chr19	32578169	32778169	harbor2	chr19	32660536	32660731	LTR/ERVL-MaLR	1323	+	98	32660634	82465
chr19	32578169	32778169	harbor2	chr19	32663176	32663401	LTR/ERVL-MaLR	685	+	112	32663288	85119
chr19	2171682	2371682	harbor2	chr19	2234326	2234429	LTR/ERVL-MaLR	894	+	52	2234378	62696
chr19	2171682	2371682	harbor2	chr19	2235026	2235319	LTR/ERVL-MaLR	894	+	146	2235172	63490
chr19	49830317	50030317	harbor2	chr19	49915163	49915598	LTR/ERVL-MaLR	1707	+	218	49915381	85064
chr19	11095869	11295869	harbor2	chr19	11191543	11191781	LTR/ERVL-MaLR	745	+	119	11191662	95793
chr19	11095869	11295869	harbor2	chr19	11192084	11192190	LTR/ERVL-MaLR	745	+	53	11192137	96268
chr19	33324387	33524387	harbor2	chr19	33325956	33326425	LTR/ERVL-MaLR	1251	+	234	33326190	1803
chr19	33324387	33524387	harbor2	chr19	33366698	33367099	LTR/ERVL-MaLR	1382	+	200	33366898	42511
chr19	19952302	20152302	harbor2	chr19	19975539	19975825	LTR/ERVL-MaLR	1456	+	143	19975682	23380
chr19	19952302	20152302	harbor2	chr19	19976165	19976302	LTR/ERVL-MaLR	1456	+	68	19976233	23931
chr19	19952302	20152302	harbor2	chr19	19998934	19999250	LTR/ERVL-MaLR	1095	+	158	19999092	46790
chr19	317994	517994	harbor2	chr19	330598	330858	LTR/ERVL-MaLR	791	+	130	330728	12734
chr19	317994	517994	harbor2	chr19	358825	359184	LTR/ERVL-MaLR	1274	+	180	359005	41011
chr19	317994	517994	harbor2	chr19	359491	359541	LTR/ERVL-MaLR	1274	+	25	359516	41522
chr19	317994	517994	harbor2	chr19	391593	392017	LTR/ERVL-MaLR	1186	+	212	391805	73811
chr19	1569007	1769007	harbor2	chr19	1597356	1597872	LTR/ERVL-MaLR	1480	+	258	1597614	28607
chr19	1569007	1769007	harbor2	chr19	1600132	1600206	LTR/ERVL-MaLR	1123	+	37	1600169	31162
chr19	1569007	1769007	harbor2	chr19	1600513	1600592	LTR/ERVL-MaLR	1123	+	40	1600553	31546
chr19	1569007	1769007	harbor2	chr19	1601185	1601320	LTR/ERVL-MaLR	1123	+	68	1601253	32246
chr19	1569007	1769007	harbor2	chr19	1601629	1601832	LTR/ERVL-MaLR	1123	+	102	1601731	32724
chr19	35168150	35368150	harbor2	chr19	35175817	35176235	LTR/ERVL-MaLR	2418	+	209	35176026	7876
chr19	35168150	35368150	harbor2	chr19	35199378	35199960	LTR/ERVL-MaLR	1497	+	291	35199669	31519
chr19	35168150	35368150	harbor2	chr19	35201945	35202289	LTR/ERVL-MaLR	2752	+	172	35202117	33967
chr19	35168150	35368150	harbor2	chr19	35202588	35202630	LTR/ERVL-MaLR	2752	+	21	35202609	34459
chr19	35168150	35368150	harbor2	chr19	35206135	35206550	LTR/ERVL-MaLR	1326	+	208	35206343	38193
chr19	35168150	35368150	harbor2	chr19	35215659	35215954	LTR/ERVL-MaLR	935	+	148	35215807	47657
chr19	35168150	35368150	harbor2	chr19	35216422	35216891	LTR/ERVL-MaLR	1621	+	234	35216656	48506
chr19	35168150	35368150	harbor2	chr19	35216987	35217370	LTR/ERVL-MaLR	1120	+	192	35217179	49029
chr19	35168150	35368150	harbor2	chr19	35220312	35220608	LTR/ERVL-MaLR	709	+	148	35220460	52310
chr19	35168150	35368150	harbor2	chr19	35226812	35227209	LTR/ERVL-MaLR	1358	+	198	35227010	58860
chr19	35168150	35368150	harbor2	chr19	35237236	35237415	LTR/ERVL-MaLR	2428	+	90	35237326	69176
chr19	35168150	35368150	harbor2	chr19	35237729	35237941	LTR/ERVL-MaLR	2428	+	106	35237835	69685
chr19	35168150	35368150	harbor2	chr19	35238038	35238420	LTR/ERVL-MaLR	2320	+	191	35238229	70079
chr19	1	173810	harbor2	chr19	72301	72469	LTR/ERVL-MaLR	1447	+	84	72385	72384
chr19	1	173810	harbor2	chr19	72569	72740	LTR/ERVL-MaLR	1447	+	86	72655	72654
chr19	1	173810	harbor2	chr19	79865	81073	LTR/ERVL-MaLR	4147	+	604	80469	80468
chr19	1	173810	harbor2	chr19	81074	81232	LTR/ERVL-MaLR	834	+	79	81153	81152
chr19	1	173810	harbor2	chr19	81534	81903	LTR/ERVL-MaLR	834	+	184	81718	81717
chr19	9870651	10070651	harbor2	chr19	9877599	9877862	LTR/ERVL-MaLR	885	+	132	9877731	7080
chr19	9870651	10070651	harbor2	chr19	9878150	9878208	LTR/ERVL-MaLR	885	+	29	9878179	7528
chr19	9870651	10070651	harbor2	chr19	9878983	9879137	LTR/ERVL-MaLR	2180	+	77	9879060	8409
chr19	9870651	10070651	harbor2	chr19	9880623	9880836	LTR/ERVL-MaLR	1039	+	106	9880729	10078
chr19	9870651	10070651	harbor2	chr19	9890513	9890670	LTR/ERVL-MaLR	820	+	78	9890591	19940
chr19	9870651	10070651	harbor2	chr19	9890975	9891031	LTR/ERVL-MaLR	820	+	28	9891003	20352
chr19	9870651	10070651	harbor2	chr19	9891332	9891342	LTR/ERVL-MaLR	820	+	5	9891337	20686
chr19	9870651	10070651	harbor2	chr19	9891633	9891804	LTR/ERVL-MaLR	820	+	86	9891719	21068
chr19	9870651	10070651	harbor2	chr19	9879432	9879671	LTR/ERVL-MaLR	2180	+	120	9879552	8901
chr19	1813737	2013737	harbor2	chr19	1831937	1832221	LTR/ERVL-MaLR	636	+	142	1832079	18342
chr19	32340709	32540709	harbor2	chr19	32417158	32417314	LTR/ERVL-MaLR	2566	+	78	32417236	76527
chr19	32340709	32540709	harbor2	chr19	32417619	32417829	LTR/ERVL-MaLR	2566	+	105	32417724	77015
chr19	1467897	1667897	harbor2	chr19	1516457	1516681	LTR/ERVL-MaLR	621	+	112	1516569	48672
chr19	1	171076	harbor2	chr19	72301	72469	LTR/ERVL-MaLR	1447	+	84	72385	72384
chr19	1	171076	harbor2	chr19	72569	72740	LTR/ERVL-MaLR	1447	+	86	72655	72654
chr19	1	171076	harbor2	chr19	79865	81073	LTR/ERVL-MaLR	4147	+	604	80469	80468
chr19	1	171076	harbor2	chr19	81074	81232	LTR/ERVL-MaLR	834	+	79	81153	81152
chr19	1	171076	harbor2	chr19	81534	81903	LTR/ERVL-MaLR	834	+	184	81718	81717
chr19	208948	408948	harbor2	chr19	234292	234719	LTR/ERVL-MaLR	1356	+	214	234506	25558
chr19	208948	408948	harbor2	chr19	254130	254605	LTR/ERVL-MaLR	1635	+	238	254368	45420
chr19	208948	408948	harbor2	chr19	258475	258578	LTR/ERVL-MaLR	735	+	52	258527	49579
chr19	208948	408948	harbor2	chr19	258612	258893	LTR/ERVL-MaLR	735	+	140	258752	49804
chr19	208948	408948	harbor2	chr19	263298	263482	LTR/ERVL-MaLR	692	+	92	263390	54442
chr19	23929675	24129675	harbor2	chr19	23975859	23976210	LTR/ERVL-MaLR	2022	+	176	23976035	46360
chr19	1552371	1752371	harbor2	chr19	1597356	1597872	LTR/ERVL-MaLR	1480	+	258	1597614	45243
chr19	1552371	1752371	harbor2	chr19	1600132	1600206	LTR/ERVL-MaLR	1123	+	37	1600169	47798
chr19	1552371	1752371	harbor2	chr19	1600513	1600592	LTR/ERVL-MaLR	1123	+	40	1600553	48182
chr19	1552371	1752371	harbor2	chr19	1601185	1601320	LTR/ERVL-MaLR	1123	+	68	1601253	48882
chr19	1552371	1752371	harbor2	chr19	1601629	1601832	LTR/ERVL-MaLR	1123	+	102	1601731	49360
chr19	5579579	5779579	harbor2	chr19	5585185	5585442	LTR/ERVL-MaLR	789	+	128	5585313	5734
chr19	49751324	49951324	harbor2	chr19	49752406	49752605	LTR/ERVL-MaLR	867	+	100	49752506	1182
chr19	49751324	49951324	harbor2	chr19	49756657	49756777	LTR/ERVL-MaLR	1088	+	60	49756717	5393
chr19	49751324	49951324	harbor2	chr19	49757079	49757413	LTR/ERVL-MaLR	1088	+	167	49757246	5922
chr19	1764842	1964842	harbor2	chr19	1831937	1832221	LTR/ERVL-MaLR	636	+	142	1832079	67237
chr19	1467949	1667949	harbor2	chr19	1516457	1516681	LTR/ERVL-MaLR	621	+	112	1516569	48620
chr19	441432	641432	harbor2	chr19	445164	445450	LTR/ERVL-MaLR	1334	+	143	445307	3875
chr19	55385170	55585170	harbor2	chr19	55400576	55400802	LTR/ERVL-MaLR	656	+	113	55400689	15519
chr19	55385170	55585170	harbor2	chr19	55427361	55427533	LTR/ERVL-MaLR	984	+	86	55427447	42277
chr19	55385170	55585170	harbor2	chr19	55427831	55428006	LTR/ERVL-MaLR	984	+	88	55427919	42749
chr19	55385170	55585170	harbor2	chr19	55428317	55428375	LTR/ERVL-MaLR	984	+	29	55428346	43176
chr19	55385170	55585170	harbor2	chr19	55437030	55437246	LTR/ERVL-MaLR	655	+	108	55437138	51968
chr19	55385170	55585170	harbor2	chr19	55470039	55470321	LTR/ERVL-MaLR	1389	+	141	55470180	85010
chr19	15882495	16082495	harbor2	chr19	15891486	15892015	LTR/ERVL-MaLR	973	+	264	15891750	9255
chr19	15882495	16082495	harbor2	chr19	15894429	15894668	LTR/ERVL-MaLR	783	+	120	15894549	12054
chr19	15882495	16082495	harbor2	chr19	15901302	15901673	LTR/ERVL-MaLR	2153	+	186	15901488	18993
chr19	15882495	16082495	harbor2	chr19	15926459	15926937	LTR/ERVL-MaLR	918	+	239	15926698	44203
chr19	15882495	16082495	harbor2	chr19	15974872	15975246	LTR/ERVL-MaLR	2525	+	187	15975059	92564
chr19	49713961	49913961	harbor2	chr19	49716246	49716624	LTR/ERVL-MaLR	1951	+	189	49716435	2474
chr19	49713961	49913961	harbor2	chr19	49722335	49722638	LTR/ERVL-MaLR	1718	+	152	49722487	8526
chr19	49713961	49913961	harbor2	chr19	49749461	49749615	LTR/ERVL-MaLR	724	+	77	49749538	35577
chr19	49713961	49913961	harbor2	chr19	49752406	49752605	LTR/ERVL-MaLR	867	+	100	49752506	38545
chr19	49713961	49913961	harbor2	chr19	49756657	49756777	LTR/ERVL-MaLR	1088	+	60	49756717	42756
chr19	49713961	49913961	harbor2	chr19	49757079	49757413	LTR/ERVL-MaLR	1088	+	167	49757246	43285
chr19	1758977	1958977	harbor2	chr19	1831937	1832221	LTR/ERVL-MaLR	636	+	142	1832079	73102
chr19	5522852	5722852	harbor2	chr19	5585185	5585442	LTR/ERVL-MaLR	789	+	128	5585313	62461
chr19	5522870	5722870	harbor2	chr19	5585185	5585442	LTR/ERVL-MaLR	789	+	128	5585313	62443
chr19	1553141	1753141	harbor2	chr19	1597356	1597872	LTR/ERVL-MaLR	1480	+	258	1597614	44473
chr19	1553141	1753141	harbor2	chr19	1600132	1600206	LTR/ERVL-MaLR	1123	+	37	1600169	47028
chr19	1553141	1753141	harbor2	chr19	1600513	1600592	LTR/ERVL-MaLR	1123	+	40	1600553	47412
chr19	1553141	1753141	harbor2	chr19	1601185	1601320	LTR/ERVL-MaLR	1123	+	68	1601253	48112
chr19	1553141	1753141	harbor2	chr19	1601629	1601832	LTR/ERVL-MaLR	1123	+	102	1601731	48590
chr19	49359074	49559074	harbor2	chr19	49359252	49359308	LTR/ERVL-MaLR	2345	+	28	49359280	206
chr19	55988018	56188018	harbor2	chr19	56078307	56078480	LTR/ERVL-MaLR	770	+	86	56078393	90375
chr19	51744047	51944047	harbor2	chr19	51755480	51755540	LTR/ERVL-MaLR	2255	+	30	51755510	11463
chr19	51744047	51944047	harbor2	chr19	51755541	51755911	LTR/ERVL-MaLR	2336	+	185	51755726	11679
chr19	51744047	51944047	harbor2	chr19	51755912	51756245	LTR/ERVL-MaLR	2255	+	166	51756078	12031
chr19	51744047	51944047	harbor2	chr19	51756312	51756838	LTR/ERVL-MaLR	1651	+	263	51756575	12528
chr19	51744047	51944047	harbor2	chr19	51771778	51772109	LTR/ERVL-MaLR	639	+	166	51771944	27897
chr19	51744047	51944047	harbor2	chr19	51773032	51773402	LTR/ERVL-MaLR	2273	+	185	51773217	29170
chr19	51744047	51944047	harbor2	chr19	51803614	51803955	LTR/ERVL-MaLR	710	+	170	51803784	59737
chr19	51744047	51944047	harbor2	chr19	51837927	51838165	LTR/ERVL-MaLR	885	+	119	51838046	93999
chr19	51744047	51944047	harbor2	chr19	51842255	51842643	LTR/ERVL-MaLR	1584	+	194	51842449	98402
chr19	16342055	16542055	harbor2	chr19	16365250	16365538	LTR/ERVL-MaLR	1089	+	144	16365394	23339
chr19	16342055	16542055	harbor2	chr19	16406841	16407157	LTR/ERVL-MaLR	1784	+	158	16406999	64944
chr19	16342055	16542055	harbor2	chr19	16413984	16414404	LTR/ERVL-MaLR	1311	+	210	16414194	72139
chr19	16342055	16542055	harbor2	chr19	16415129	16415359	LTR/ERVL-MaLR	1044	+	115	16415244	73189
chr19	16342055	16542055	harbor2	chr19	16418618	16418974	LTR/ERVL-MaLR	1752	+	178	16418796	76741
chr19	10194517	10394517	harbor2	chr19	10207088	10207548	LTR/ERVL-MaLR	1487	+	230	10207318	12801
chr19	5522807	5722807	harbor2	chr19	5585185	5585442	LTR/ERVL-MaLR	789	+	128	5585313	62506
chr19	3335362	3535362	harbor2	chr19	3357189	3357476	LTR/ERVL-MaLR	1210	+	144	3357333	21971
chr19	51389492	51589492	harbor2	chr19	51428605	51429033	LTR/ERVL-MaLR	1745	+	214	51428819	39327
chr19	51389492	51589492	harbor2	chr19	51430996	51431206	LTR/ERVL-MaLR	1203	+	105	51431101	41609
chr19	51389492	51589492	harbor2	chr19	51463059	51463231	LTR/ERVL-MaLR	1502	+	86	51463145	73653
chr19	51389492	51589492	harbor2	chr19	51463536	51463742	LTR/ERVL-MaLR	1502	+	103	51463639	74147
chr19	1519661	1719661	harbor2	chr19	1597356	1597872	LTR/ERVL-MaLR	1480	+	258	1597614	77953
chr19	1519661	1719661	harbor2	chr19	1600132	1600206	LTR/ERVL-MaLR	1123	+	37	1600169	80508
chr19	1519661	1719661	harbor2	chr19	1600513	1600592	LTR/ERVL-MaLR	1123	+	40	1600553	80892
chr19	1519661	1719661	harbor2	chr19	1601185	1601320	LTR/ERVL-MaLR	1123	+	68	1601253	81592
chr19	1519661	1719661	harbor2	chr19	1601629	1601832	LTR/ERVL-MaLR	1123	+	102	1601731	82070
chr19	1763763	1963763	harbor2	chr19	1831937	1832221	LTR/ERVL-MaLR	636	+	142	1832079	68316
chr19	1764898	1964898	harbor2	chr19	1831937	1832221	LTR/ERVL-MaLR	636	+	142	1832079	67181
chr19	36115251	36315251	harbor2	chr19	36207669	36208011	LTR/ERVL-MaLR	767	+	171	36207840	92589
chr19	1961573	2161573	harbor2	chr19	2060604	2060997	LTR/ERVL-MaLR	975	+	196	2060800	99227
chr19	19952301	20152301	harbor2	chr19	19975539	19975825	LTR/ERVL-MaLR	1456	+	143	19975682	23381
chr19	19952301	20152301	harbor2	chr19	19976165	19976302	LTR/ERVL-MaLR	1456	+	68	19976233	23932
chr19	19952301	20152301	harbor2	chr19	19998934	19999250	LTR/ERVL-MaLR	1095	+	158	19999092	46791
chr19	43994355	44194355	harbor2	chr19	44001024	44001303	LTR/ERVL-MaLR	1003	+	140	44001164	6809
chr19	43994355	44194355	harbor2	chr19	44016582	44016945	LTR/ERVL-MaLR	2174	+	182	44016764	22409
chr19	43994355	44194355	harbor2	chr19	44017254	44017290	LTR/ERVL-MaLR	2174	+	18	44017272	22917
chr19	43994355	44194355	harbor2	chr19	44048238	44048553	LTR/ERVL-MaLR	1312	+	158	44048396	54041
chr19	43994355	44194355	harbor2	chr19	44048564	44049337	LTR/ERVL-MaLR	3469	+	386	44048950	54595
chr19	43994355	44194355	harbor2	chr19	44070665	44070802	LTR/ERVL-MaLR	1112	+	68	44070733	76378
chr19	45369892	45569892	harbor2	chr19	45391471	45391813	LTR/ERVL-MaLR	813	+	171	45391642	21750
chr19	16797005	16997005	harbor2	chr19	16800800	16800852	LTR/ERVL-MaLR	1785	+	26	16800826	3821
chr19	16797005	16997005	harbor2	chr19	16801743	16801902	LTR/ERVL-MaLR	1785	+	80	16801823	4818
chr19	16797005	16997005	harbor2	chr19	16802486	16802676	LTR/ERVL-MaLR	1785	+	95	16802581	5576
chr19	16797005	16997005	harbor2	chr19	16826830	16826881	LTR/ERVL-MaLR	730	+	26	16826856	29851
chr19	16797005	16997005	harbor2	chr19	16840122	16840522	LTR/ERVL-MaLR	1528	+	200	16840322	43317
chr19	16797005	16997005	harbor2	chr19	16881300	16881603	LTR/ERVL-MaLR	790	+	152	16881452	84447
chr19	16797005	16997005	harbor2	chr19	16826248	16826527	LTR/ERVL-MaLR	730	+	140	16826388	29383
chr19	16797005	16997005	harbor2	chr19	16891777	16892068	LTR/ERVL-MaLR	1159	+	146	16891923	94918
chr19	48344616	48544616	harbor2	chr19	48353610	48353945	LTR/ERVL-MaLR	1083	+	168	48353778	9162
chr19	16442554	16642554	harbor2	chr19	16523553	16523896	LTR/ERVL-MaLR	1244	+	172	16523725	81171
chr19	51196549	51396549	harbor2	chr19	51205362	51205770	LTR/ERVL-MaLR	2574	+	204	51205566	9017
chr19	51196549	51396549	harbor2	chr19	51221143	51221281	LTR/ERVL-MaLR	792	+	69	51221212	24663
chr19	51196549	51396549	harbor2	chr19	51290614	51290983	LTR/ERVL-MaLR	2026	+	184	51290798	94249
chr19	1961617	2161617	harbor2	chr19	2060604	2060997	LTR/ERVL-MaLR	975	+	196	2060800	99183
chr19	1600339	1800339	harbor2	chr19	1600513	1600592	LTR/ERVL-MaLR	1123	+	40	1600553	214
chr19	1600339	1800339	harbor2	chr19	1601185	1601320	LTR/ERVL-MaLR	1123	+	68	1601253	914
chr19	1600339	1800339	harbor2	chr19	1601629	1601832	LTR/ERVL-MaLR	1123	+	102	1601731	1392
chr19	1600339	1800339	harbor2	chr19	1695491	1695788	LTR/ERVL-MaLR	2405	+	148	1695639	95300
chr19	1600339	1800339	harbor2	chr19	1696098	1696167	LTR/ERVL-MaLR	2405	+	34	1696132	95793
chr19	40678108	40878108	harbor2	chr19	40678014	40678160	LTR/ERVL-MaLR	1405	+	73	40678087	21
chr19	40678108	40878108	harbor2	chr19	40678463	40678697	LTR/ERVL-MaLR	1405	+	117	40678580	472
chr19	40678108	40878108	harbor2	chr19	40771711	40771911	LTR/ERVL-MaLR	713	+	100	40771811	93703
chr19	54059667	54259667	harbor2	chr19	54061317	54061552	LTR/ERVL-MaLR	1572	+	118	54061435	1768
chr19	54059667	54259667	harbor2	chr19	54061833	54061874	LTR/ERVL-MaLR	1572	+	20	54061853	2186
chr19	54059667	54259667	harbor2	chr19	54062170	54062343	LTR/ERVL-MaLR	1572	+	86	54062256	2589
chr19	54059667	54259667	harbor2	chr19	54084067	54084464	LTR/ERVL-MaLR	1059	+	198	54084265	24598
chr19	54059667	54259667	harbor2	chr19	54086787	54086891	LTR/ERVL-MaLR	2195	+	52	54086839	27172
chr19	54059667	54259667	harbor2	chr19	54086935	54087197	LTR/ERVL-MaLR	2195	+	131	54087066	27399
chr19	54059667	54259667	harbor2	chr19	54113122	54113527	LTR/ERVL-MaLR	1618	+	202	54113324	53657
chr19	12652175	12852175	harbor2	chr19	12660078	12660230	LTR/ERVL-MaLR	1615	+	76	12660154	7979
chr19	12652175	12852175	harbor2	chr19	12660519	12660752	LTR/ERVL-MaLR	1615	+	116	12660635	8460
chr19	12652175	12852175	harbor2	chr19	12661057	12661175	LTR/ERVL-MaLR	1615	+	59	12661116	8941
chr19	10186989	10386989	harbor2	chr19	10188545	10189074	LTR/ERVL-MaLR	1788	+	264	10188809	1820
chr19	10186989	10386989	harbor2	chr19	10207088	10207548	LTR/ERVL-MaLR	1487	+	230	10207318	20329
chr19	2146353	2346353	harbor2	chr19	2234326	2234429	LTR/ERVL-MaLR	894	+	52	2234378	88025
chr19	2146353	2346353	harbor2	chr19	2235026	2235319	LTR/ERVL-MaLR	894	+	146	2235172	88819
chr19	46994624	47194624	harbor2	chr19	47059057	47059180	LTR/ERVL-MaLR	704	+	62	47059119	64495
chr19	46994624	47194624	harbor2	chr19	47060393	47060446	LTR/ERVL-MaLR	704	+	26	47060419	65795
chr19	46994624	47194624	harbor2	chr19	47060760	47060826	LTR/ERVL-MaLR	704	+	33	47060793	66169
chr19	46994624	47194624	harbor2	chr19	47061353	47061465	LTR/ERVL-MaLR	849	+	56	47061409	66785
chr19	46994624	47194624	harbor2	chr19	47061737	47061817	LTR/ERVL-MaLR	849	+	40	47061777	67153
chr19	46994624	47194624	harbor2	chr19	47062125	47062396	LTR/ERVL-MaLR	849	+	136	47062261	67637
chr19	47008504	47208504	harbor2	chr19	47059057	47059180	LTR/ERVL-MaLR	704	+	62	47059119	50615
chr19	47008504	47208504	harbor2	chr19	47060393	47060446	LTR/ERVL-MaLR	704	+	26	47060419	51915
chr19	47008504	47208504	harbor2	chr19	47060760	47060826	LTR/ERVL-MaLR	704	+	33	47060793	52289
chr19	47008504	47208504	harbor2	chr19	47061353	47061465	LTR/ERVL-MaLR	849	+	56	47061409	52905
chr19	47008504	47208504	harbor2	chr19	47061737	47061817	LTR/ERVL-MaLR	849	+	40	47061777	53273
chr19	47008504	47208504	harbor2	chr19	47062125	47062396	LTR/ERVL-MaLR	849	+	136	47062261	53757
chr19	12638021	12838021	harbor2	chr19	12651190	12651553	LTR/ERVL-MaLR	952	+	182	12651372	13351
chr19	12638021	12838021	harbor2	chr19	12660078	12660230	LTR/ERVL-MaLR	1615	+	76	12660154	22133
chr19	12638021	12838021	harbor2	chr19	12660519	12660752	LTR/ERVL-MaLR	1615	+	116	12660635	22614
chr19	12638021	12838021	harbor2	chr19	12661057	12661175	LTR/ERVL-MaLR	1615	+	59	12661116	23095
chr19	406782	606782	harbor2	chr19	419289	419714	LTR/ERVL-MaLR	832	+	212	419501	12719
chr19	406782	606782	harbor2	chr19	445164	445450	LTR/ERVL-MaLR	1334	+	143	445307	38525
chr19	54476346	54676346	harbor2	chr19	54556055	54556252	LTR/ERVL-MaLR	632	+	98	54556153	79807
chr19	35168139	35368139	harbor2	chr19	35175817	35176235	LTR/ERVL-MaLR	2418	+	209	35176026	7887
chr19	35168139	35368139	harbor2	chr19	35199378	35199960	LTR/ERVL-MaLR	1497	+	291	35199669	31530
chr19	35168139	35368139	harbor2	chr19	35201945	35202289	LTR/ERVL-MaLR	2752	+	172	35202117	33978
chr19	35168139	35368139	harbor2	chr19	35202588	35202630	LTR/ERVL-MaLR	2752	+	21	35202609	34470
chr19	35168139	35368139	harbor2	chr19	35206135	35206550	LTR/ERVL-MaLR	1326	+	208	35206343	38204
chr19	35168139	35368139	harbor2	chr19	35215659	35215954	LTR/ERVL-MaLR	935	+	148	35215807	47668
chr19	35168139	35368139	harbor2	chr19	35216422	35216891	LTR/ERVL-MaLR	1621	+	234	35216656	48517
chr19	35168139	35368139	harbor2	chr19	35216987	35217370	LTR/ERVL-MaLR	1120	+	192	35217179	49040
chr19	35168139	35368139	harbor2	chr19	35220312	35220608	LTR/ERVL-MaLR	709	+	148	35220460	52321
chr19	35168139	35368139	harbor2	chr19	35226812	35227209	LTR/ERVL-MaLR	1358	+	198	35227010	58871
chr19	35168139	35368139	harbor2	chr19	35237236	35237415	LTR/ERVL-MaLR	2428	+	90	35237326	69187
chr19	35168139	35368139	harbor2	chr19	35237729	35237941	LTR/ERVL-MaLR	2428	+	106	35237835	69696
chr19	35168139	35368139	harbor2	chr19	35238038	35238420	LTR/ERVL-MaLR	2320	+	191	35238229	70090
chr19	45369164	45569164	harbor2	chr19	45391471	45391813	LTR/ERVL-MaLR	813	+	171	45391642	22478
chr19	7808583	8008583	harbor2	chr19	7811550	7811801	LTR/ERVL-MaLR	1284	+	126	7811676	3093
chr19	7808583	8008583	harbor2	chr19	7819202	7819827	LTR/ERVL-MaLR	2302	+	312	7819514	10931
chr19	46368192	46568192	harbor2	chr19	46420198	46420469	LTR/ERVL-MaLR	867	+	136	46420334	52142
chr19	46368192	46568192	harbor2	chr19	46448252	46448395	LTR/ERVL-MaLR	1257	+	72	46448324	80132
chr19	46368192	46568192	harbor2	chr19	46448713	46448985	LTR/ERVL-MaLR	1257	+	136	46448849	80657
chr19	58378003	58578003	harbor2	chr19	58378659	58379068	LTR/ERVL-MaLR	1296	+	204	58378863	860
chr19	58378003	58578003	harbor2	chr19	58429888	58430426	LTR/ERVL-MaLR	2297	+	269	58430157	52154
chr19	58378003	58578003	harbor2	chr19	58447732	58448091	LTR/ERVL-MaLR	2225	+	180	58447912	69909
chr19	58378003	58578003	harbor2	chr19	58448092	58448444	LTR/ERVL-MaLR	11447	+	176	58448268	70265
chr19	58378003	58578003	harbor2	chr19	58448751	58449956	LTR/ERVL-MaLR	11447	+	602	58449353	71350
chr19	58378003	58578003	harbor2	chr19	58449957	58450319	LTR/ERVL-MaLR	2232	+	181	58450138	72135
chr19	58378003	58578003	harbor2	chr19	58459523	58459919	LTR/ERVL-MaLR	2407	+	198	58459721	81718
chr19	58377946	58577946	harbor2	chr19	58378659	58379068	LTR/ERVL-MaLR	1296	+	204	58378863	917
chr19	58377946	58577946	harbor2	chr19	58429888	58430426	LTR/ERVL-MaLR	2297	+	269	58430157	52211
chr19	58377946	58577946	harbor2	chr19	58447732	58448091	LTR/ERVL-MaLR	2225	+	180	58447912	69966
chr19	58377946	58577946	harbor2	chr19	58448092	58448444	LTR/ERVL-MaLR	11447	+	176	58448268	70322
chr19	58377946	58577946	harbor2	chr19	58448751	58449956	LTR/ERVL-MaLR	11447	+	602	58449353	71407
chr19	58377946	58577946	harbor2	chr19	58449957	58450319	LTR/ERVL-MaLR	2232	+	181	58450138	72192
chr19	58377946	58577946	harbor2	chr19	58459523	58459919	LTR/ERVL-MaLR	2407	+	198	58459721	81775
chr19	19952380	20152380	harbor2	chr19	19975539	19975825	LTR/ERVL-MaLR	1456	+	143	19975682	23302
chr19	19952380	20152380	harbor2	chr19	19976165	19976302	LTR/ERVL-MaLR	1456	+	68	19976233	23853
chr19	19952380	20152380	harbor2	chr19	19998934	19999250	LTR/ERVL-MaLR	1095	+	158	19999092	46712
chr19	2173105	2373105	harbor2	chr19	2234326	2234429	LTR/ERVL-MaLR	894	+	52	2234378	61273
chr19	2173105	2373105	harbor2	chr19	2235026	2235319	LTR/ERVL-MaLR	894	+	146	2235172	62067
chr19	18533614	18733614	harbor2	chr19	18535368	18535490	LTR/ERVL-MaLR	663	+	61	18535429	1815
chr19	18533614	18733614	harbor2	chr19	18535740	18535997	LTR/ERVL-MaLR	663	+	128	18535868	2254
chr19	1591631	1791631	harbor2	chr19	1597356	1597872	LTR/ERVL-MaLR	1480	+	258	1597614	5983
chr19	1591631	1791631	harbor2	chr19	1600132	1600206	LTR/ERVL-MaLR	1123	+	37	1600169	8538
chr19	1591631	1791631	harbor2	chr19	1600513	1600592	LTR/ERVL-MaLR	1123	+	40	1600553	8922
chr19	1591631	1791631	harbor2	chr19	1601185	1601320	LTR/ERVL-MaLR	1123	+	68	1601253	9622
chr19	1591631	1791631	harbor2	chr19	1601629	1601832	LTR/ERVL-MaLR	1123	+	102	1601731	10100
chr19	18780209	18980209	harbor2	chr19	18875741	18876041	LTR/ERVL-MaLR	620	+	150	18875891	95682
chr19	2486357	2686357	harbor2	chr19	2504180	2504463	LTR/ERVL-MaLR	710	+	142	2504322	17965
chr19	2486357	2686357	harbor2	chr19	2542455	2542713	LTR/ERVL-MaLR	778	+	129	2542584	56227
chr19	2486357	2686357	harbor2	chr19	2564120	2564308	LTR/ERVL-MaLR	1050	+	94	2564214	77857
chr19	2486357	2686357	harbor2	chr19	2564590	2564878	LTR/ERVL-MaLR	1050	+	144	2564734	78377
chr19	2486357	2686357	harbor2	chr19	2566196	2566497	LTR/ERVL-MaLR	952	+	150	2566346	79989
chr19	2486357	2686357	harbor2	chr19	2569954	2570389	LTR/ERVL-MaLR	2043	+	218	2570172	83815
chr19	56041194	56241194	harbor2	chr19	56078307	56078480	LTR/ERVL-MaLR	770	+	86	56078393	37199
chr19	49751275	49951275	harbor2	chr19	49752406	49752605	LTR/ERVL-MaLR	867	+	100	49752506	1231
chr19	49751275	49951275	harbor2	chr19	49756657	49756777	LTR/ERVL-MaLR	1088	+	60	49756717	5442
chr19	49751275	49951275	harbor2	chr19	49757079	49757413	LTR/ERVL-MaLR	1088	+	167	49757246	5971
chr19	1	173700	harbor2	chr19	72301	72469	LTR/ERVL-MaLR	1447	+	84	72385	72384
chr19	1	173700	harbor2	chr19	72569	72740	LTR/ERVL-MaLR	1447	+	86	72655	72654
chr19	1	173700	harbor2	chr19	79865	81073	LTR/ERVL-MaLR	4147	+	604	80469	80468
chr19	1	173700	harbor2	chr19	81074	81232	LTR/ERVL-MaLR	834	+	79	81153	81152
chr19	1	173700	harbor2	chr19	81534	81903	LTR/ERVL-MaLR	834	+	184	81718	81717
chr19	5522825	5722825	harbor2	chr19	5585185	5585442	LTR/ERVL-MaLR	789	+	128	5585313	62488
chr19	14334318	14534318	harbor2	chr19	14422531	14422902	LTR/ERVL-MaLR	1516	+	186	14422717	88399
chr19	3463922	3663922	harbor2	chr19	3487384	3487529	LTR/ERVL-MaLR	704	+	72	3487456	23534
chr19	3463922	3663922	harbor2	chr19	3497209	3497626	LTR/ERVL-MaLR	1278	+	208	3497417	33495
chr19	3463922	3663922	harbor2	chr19	3497931	3497971	LTR/ERVL-MaLR	1278	+	20	3497951	34029
chr20	63357465	63557465	harbor2	chr20	63448953	63449300	LTR/ERVL-MaLR	704	+	174	63449127	91662
chr20	35354845	35554845	harbor2	chr20	35425831	35426010	LTR/ERVL-MaLR	1778	+	90	35425921	71076
chr20	35354845	35554845	harbor2	chr20	35426322	35426558	LTR/ERVL-MaLR	1778	+	118	35426440	71595
chr20	35355061	35555061	harbor2	chr20	35425831	35426010	LTR/ERVL-MaLR	1778	+	90	35425921	70860
chr20	35355061	35555061	harbor2	chr20	35426322	35426558	LTR/ERVL-MaLR	1778	+	118	35426440	71379
chr20	34858106	35058106	harbor2	chr20	34858030	34858388	LTR/ERVL-MaLR	1050	+	179	34858209	103
chr20	34858106	35058106	harbor2	chr20	34868513	34869025	LTR/ERVL-MaLR	1338	+	256	34868769	10663
chr20	34842991	35042991	harbor2	chr20	34858030	34858388	LTR/ERVL-MaLR	1050	+	179	34858209	15218
chr20	34842991	35042991	harbor2	chr20	34868513	34869025	LTR/ERVL-MaLR	1338	+	256	34868769	25778
chr20	35354894	35554894	harbor2	chr20	35425831	35426010	LTR/ERVL-MaLR	1778	+	90	35425921	71027
chr20	35354894	35554894	harbor2	chr20	35426322	35426558	LTR/ERVL-MaLR	1778	+	118	35426440	71546
chr20	44866890	45066890	harbor2	chr20	44869494	44869736	LTR/ERVL-MaLR	873	+	121	44869615	2725
chr20	44866890	45066890	harbor2	chr20	44870043	44870134	LTR/ERVL-MaLR	873	+	46	44870089	3199
chr20	44866890	45066890	harbor2	chr20	44871832	44872071	LTR/ERVL-MaLR	985	+	120	44871952	5062
chr20	44866890	45066890	harbor2	chr20	44945304	44945829	LTR/ERVL-MaLR	1724	+	262	44945566	78676
chr20	44866890	45066890	harbor2	chr20	44951212	44951532	LTR/ERVL-MaLR	669	+	160	44951372	84482
chr20	44866890	45066890	harbor2	chr20	44962080	44962217	LTR/ERVL-MaLR	971	+	68	44962148	95258
chr20	44866890	45066890	harbor2	chr20	44962521	44962768	LTR/ERVL-MaLR	971	+	124	44962645	95755
chr20	44866890	45066890	harbor2	chr20	44963162	44963496	LTR/ERVL-MaLR	1023	+	167	44963329	96439
chr20	44866890	45066890	harbor2	chr20	44963515	44963662	LTR/ERVL-MaLR	548	+	74	44963589	96699
chr20	62349814	62549814	harbor2	chr20	62403203	62403621	LTR/ERVL-MaLR	619	+	209	62403412	53598
chr20	62349814	62549814	harbor2	chr20	62429040	62429318	LTR/ERVL-MaLR	1064	+	139	62429179	79365
chr20	34610261	34810261	harbor2	chr20	34617090	34617760	LTR/ERVL-MaLR	5310	+	335	34617425	7164
chr20	34610261	34810261	harbor2	chr20	34617761	34618087	LTR/ERVL-MaLR	2327	+	163	34617924	7663
chr20	34610261	34810261	harbor2	chr20	34628890	34629018	LTR/ERVL-MaLR	505	+	64	34628954	18693
chr20	34610261	34810261	harbor2	chr20	34629322	34629700	LTR/ERVL-MaLR	505	+	189	34629511	19250
chr20	34610261	34810261	harbor2	chr20	34672326	34672568	LTR/ERVL-MaLR	555	+	121	34672447	62186
chr20	34796179	34996179	harbor2	chr20	34806939	34807482	LTR/ERVL-MaLR	1719	+	272	34807211	11032
chr20	34796179	34996179	harbor2	chr20	34816237	34816505	LTR/ERVL-MaLR	1341	+	134	34816371	20192
chr20	34796179	34996179	harbor2	chr20	34858030	34858388	LTR/ERVL-MaLR	1050	+	179	34858209	62030
chr20	34796179	34996179	harbor2	chr20	34868513	34869025	LTR/ERVL-MaLR	1338	+	256	34868769	72590
chr20	63471957	63671957	harbor2	chr20	63479401	63479727	LTR/ERVL-MaLR	1198	+	163	63479564	7607
chr20	63471957	63671957	harbor2	chr20	63486270	63486622	LTR/ERVL-MaLR	698	+	176	63486446	14489
chr20	63471957	63671957	harbor2	chr20	63501202	63501465	LTR/ERVL-MaLR	812	+	132	63501334	29377
chr20	63471957	63671957	harbor2	chr20	63505445	63505770	LTR/ERVL-MaLR	979	+	162	63505607	33650
chr20	63647950	63847950	harbor2	chr20	63654656	63655052	LTR/ERVL-MaLR	720	+	198	63654854	6904
chr20	1021218	1221218	harbor2	chr20	1030336	1030621	LTR/ERVL-MaLR	625	+	142	1030478	9260
chr20	1021218	1221218	harbor2	chr20	1033820	1034247	LTR/ERVL-MaLR	659	+	214	1034034	12816
chr20	1021218	1221218	harbor2	chr20	1034317	1034800	LTR/ERVL-MaLR	1674	+	242	1034559	13341
chr20	1021218	1221218	harbor2	chr20	1047265	1047546	LTR/ERVL-MaLR	861	+	140	1047405	26187
chr20	1021218	1221218	harbor2	chr20	1048664	1049202	LTR/ERVL-MaLR	1455	+	269	1048933	27715
chr20	1021218	1221218	harbor2	chr20	1056887	1056923	LTR/ERVL-MaLR	590	+	18	1056905	35687
chr20	1021218	1221218	harbor2	chr20	1056924	1057293	LTR/ERVL-MaLR	1648	+	184	1057108	35890
chr20	1021218	1221218	harbor2	chr20	1057294	1057319	LTR/ERVL-MaLR	590	+	12	1057306	36088
chr20	1021218	1221218	harbor2	chr20	1057563	1057805	LTR/ERVL-MaLR	590	+	121	1057684	36466
chr20	1021218	1221218	harbor2	chr20	1058088	1058235	LTR/ERVL-MaLR	590	+	74	1058162	36944
chr20	1021218	1221218	harbor2	chr20	1070013	1070413	LTR/ERVL-MaLR	1642	+	200	1070213	48995
chr20	1021218	1221218	harbor2	chr20	1083812	1084163	LTR/ERVL-MaLR	989	+	176	1083988	62770
chr20	1021218	1221218	harbor2	chr20	1088690	1089186	LTR/ERVL-MaLR	2260	+	248	1088938	67720
chr20	1021218	1221218	harbor2	chr20	1110366	1110765	LTR/ERVL-MaLR	2269	+	200	1110566	89348
chr20	1021218	1221218	harbor2	chr20	1081222	1081562	LTR/ERVL-MaLR	1941	+	170	1081392	60174
chr20	63962955	64162955	harbor2	chr20	63973530	63973907	LTR/ERVL-MaLR	580	+	188	63973718	10763
chr20	3718565	3918565	harbor2	chr20	3775839	3776214	LTR/ERVL-MaLR	1033	+	188	3776027	57462
chr20	2740623	2940623	harbor2	chr20	2761339	2761711	LTR/ERVL-MaLR	1610	+	186	2761525	20902
chr20	2740623	2940623	harbor2	chr20	2813205	2813582	LTR/ERVL-MaLR	1941	+	188	2813393	72770
chr20	63474251	63674251	harbor2	chr20	63479401	63479727	LTR/ERVL-MaLR	1198	+	163	63479564	5313
chr20	63474251	63674251	harbor2	chr20	63486270	63486622	LTR/ERVL-MaLR	698	+	176	63486446	12195
chr20	63474251	63674251	harbor2	chr20	63501202	63501465	LTR/ERVL-MaLR	812	+	132	63501334	27083
chr20	63474251	63674251	harbor2	chr20	63505445	63505770	LTR/ERVL-MaLR	979	+	162	63505607	31356
chr20	4627380	4827380	harbor2	chr20	4631666	4632896	LTR/ERVL-MaLR	8252	+	615	4632281	4901
chr20	4627380	4827380	harbor2	chr20	4632897	4633231	LTR/ERVL-MaLR	2177	+	167	4633064	5684
chr20	4627380	4827380	harbor2	chr20	4655690	4655874	LTR/ERVL-MaLR	1269	+	92	4655782	28402
chr20	4627380	4827380	harbor2	chr20	4656220	4656488	LTR/ERVL-MaLR	1269	+	134	4656354	28974
chr20	4627380	4827380	harbor2	chr20	4683631	4683728	LTR/ERVL-MaLR	2007	+	48	4683679	56299
chr20	4627380	4827380	harbor2	chr20	4684028	4684510	LTR/ERVL-MaLR	2007	+	241	4684269	56889
chr20	63472813	63672813	harbor2	chr20	63479401	63479727	LTR/ERVL-MaLR	1198	+	163	63479564	6751
chr20	63472813	63672813	harbor2	chr20	63486270	63486622	LTR/ERVL-MaLR	698	+	176	63486446	13633
chr20	63472813	63672813	harbor2	chr20	63501202	63501465	LTR/ERVL-MaLR	812	+	132	63501334	28521
chr20	63472813	63672813	harbor2	chr20	63505445	63505770	LTR/ERVL-MaLR	979	+	162	63505607	32794
chr20	33390084	33590084	harbor2	chr20	33407297	33407830	LTR/ERVL-MaLR	2820	+	266	33407563	17479
chr20	33390084	33590084	harbor2	chr20	33414698	33414963	LTR/ERVL-MaLR	550	+	132	33414830	24746
chr20	33390084	33590084	harbor2	chr20	33419652	33419919	LTR/ERVL-MaLR	726	+	134	33419786	29702
chr20	33390084	33590084	harbor2	chr20	33420224	33420443	LTR/ERVL-MaLR	781	+	110	33420334	30250
chr20	63365828	63565828	harbor2	chr20	63448953	63449300	LTR/ERVL-MaLR	704	+	174	63449127	83299
chr20	2740583	2940583	harbor2	chr20	2761339	2761711	LTR/ERVL-MaLR	1610	+	186	2761525	20942
chr20	2740583	2940583	harbor2	chr20	2813205	2813582	LTR/ERVL-MaLR	1941	+	188	2813393	72810
chr20	63442771	63642771	harbor2	chr20	63448953	63449300	LTR/ERVL-MaLR	704	+	174	63449127	6356
chr20	63442771	63642771	harbor2	chr20	63479401	63479727	LTR/ERVL-MaLR	1198	+	163	63479564	36793
chr20	63442771	63642771	harbor2	chr20	63486270	63486622	LTR/ERVL-MaLR	698	+	176	63486446	43675
chr20	63442771	63642771	harbor2	chr20	63501202	63501465	LTR/ERVL-MaLR	812	+	132	63501334	58563
chr20	63442771	63642771	harbor2	chr20	63505445	63505770	LTR/ERVL-MaLR	979	+	162	63505607	62836
chr20	50269774	50469774	harbor2	chr20	50286725	50286935	LTR/ERVL-MaLR	480	+	105	50286830	17056
chr20	50269774	50469774	harbor2	chr20	50310963	50311280	LTR/ERVL-MaLR	1532	+	158	50311121	41347
chr20	50269774	50469774	harbor2	chr20	50313277	50313754	LTR/ERVL-MaLR	750	+	238	50313515	43741
chr20	50269774	50469774	harbor2	chr20	50346822	50347313	LTR/ERVL-MaLR	1090	+	246	50347068	77294
chr20	50269774	50469774	harbor2	chr20	50348262	50348531	LTR/ERVL-MaLR	682	+	134	50348396	78622
chr20	2740909	2940909	harbor2	chr20	2761339	2761711	LTR/ERVL-MaLR	1610	+	186	2761525	20616
chr20	2740909	2940909	harbor2	chr20	2813205	2813582	LTR/ERVL-MaLR	1941	+	188	2813393	72484
chr20	59419626	59619626	harbor2	chr20	59458696	59458994	LTR/ERVL-MaLR	795	+	149	59458845	39219
chr20	59419626	59619626	harbor2	chr20	59459029	59459534	LTR/ERVL-MaLR	2183	+	252	59459281	39655
chr20	59419626	59619626	harbor2	chr20	59459541	59459722	LTR/ERVL-MaLR	556	+	90	59459631	40005
chr20	59419626	59619626	harbor2	chr20	59463833	59464209	LTR/ERVL-MaLR	2423	+	188	59464021	44395
chr20	59419626	59619626	harbor2	chr20	59464740	59465146	LTR/ERVL-MaLR	1967	+	203	59464943	45317
chr20	59419626	59619626	harbor2	chr20	59504298	59504853	LTR/ERVL-MaLR	1418	+	278	59504576	84950
chr20	2741064	2941064	harbor2	chr20	2761339	2761711	LTR/ERVL-MaLR	1610	+	186	2761525	20461
chr20	2741064	2941064	harbor2	chr20	2813205	2813582	LTR/ERVL-MaLR	1941	+	188	2813393	72329
chr20	38575361	38775361	harbor2	chr20	38654776	38655164	LTR/ERVL-MaLR	1335	+	194	38654970	79609
chr20	38575361	38775361	harbor2	chr20	38666997	38667056	LTR/ERVL-MaLR	985	+	30	38667027	91666
chr20	38575361	38775361	harbor2	chr20	38667368	38667762	LTR/ERVL-MaLR	985	+	197	38667565	92204
chr20	63567788	63767788	harbor2	chr20	63587200	63587335	LTR/ERVL-MaLR	562	+	68	63587268	19480
chr20	63567788	63767788	harbor2	chr20	63616842	63616978	LTR/ERVL-MaLR	946	+	68	63616910	49122
chr20	63567788	63767788	harbor2	chr20	63617276	63617500	LTR/ERVL-MaLR	946	+	112	63617388	49600
chr20	63567788	63767788	harbor2	chr20	63636877	63637350	LTR/ERVL-MaLR	739	+	236	63637113	69325
chr20	63567788	63767788	harbor2	chr20	63644625	63644966	LTR/ERVL-MaLR	1505	+	170	63644795	77007
chr20	63567788	63767788	harbor2	chr20	63654656	63655052	LTR/ERVL-MaLR	720	+	198	63654854	87066
chr20	43635884	43835884	harbor2	chr20	43651106	43651581	LTR/ERVL-MaLR	2061	+	238	43651344	15460
chr20	43635884	43835884	harbor2	chr20	43732523	43732568	LTR/ERVL-MaLR	1590	+	22	43732545	96661
chr20	43635884	43835884	harbor2	chr20	43733042	43733373	LTR/ERVL-MaLR	1590	+	166	43733208	97324
chr20	32421929	32621929	harbor2	chr20	32471621	32472029	LTR/ERVL-MaLR	2707	+	204	32471825	49896
chr20	32421929	32621929	harbor2	chr20	32488262	32488423	LTR/ERVL-MaLR	609	+	80	32488342	66413
chr20	34750149	34950149	harbor2	chr20	34806939	34807482	LTR/ERVL-MaLR	1719	+	272	34807211	57062
chr20	34750149	34950149	harbor2	chr20	34816237	34816505	LTR/ERVL-MaLR	1341	+	134	34816371	66222
chr20	4811509	5011509	harbor2	chr20	4829673	4830193	LTR/ERVL-MaLR	1923	+	260	4829933	18424
chr20	48277508	48477508	harbor2	chr20	48284940	48285268	LTR/ERVL-MaLR	592	+	164	48285104	7596
chr20	48277508	48477508	harbor2	chr20	48289501	48289995	LTR/ERVL-MaLR	1740	+	247	48289748	12240
chr20	48277508	48477508	harbor2	chr20	48294377	48294747	LTR/ERVL-MaLR	749	+	185	48294562	17054
chr20	48277508	48477508	harbor2	chr20	48299541	48299928	LTR/ERVL-MaLR	559	+	194	48299735	22227
chr20	48277508	48477508	harbor2	chr20	48313322	48313715	LTR/ERVL-MaLR	986	+	196	48313518	36010
chr20	48277508	48477508	harbor2	chr20	48315193	48315440	LTR/ERVL-MaLR	505	+	124	48315317	37809
chr20	48277508	48477508	harbor2	chr20	48315916	48316093	LTR/ERVL-MaLR	501	+	88	48316004	38496
chr20	48277508	48477508	harbor2	chr20	48326802	48327247	LTR/ERVL-MaLR	1087	+	222	48327024	49516
chr20	48277508	48477508	harbor2	chr20	48334389	48334760	LTR/ERVL-MaLR	2625	+	186	48334575	57067
chr20	48277508	48477508	harbor2	chr20	48356214	48356240	LTR/ERVL-MaLR	592	+	13	48356227	78719
chr20	48277508	48477508	harbor2	chr20	48356551	48356799	LTR/ERVL-MaLR	592	+	124	48356675	79167
chr20	5908030	6108030	harbor2	chr20	5931338	5931761	LTR/ERVL-MaLR	1488	+	212	5931550	23520
chr20	5908030	6108030	harbor2	chr20	5999653	5999958	LTR/ERVL-MaLR	989	+	152	5999805	91775
chr20	3074449	3274449	harbor2	chr20	3077700	3078199	LTR/ERVL-MaLR	1195	+	250	3077950	3501
chr20	3074449	3274449	harbor2	chr20	3119097	3119541	LTR/ERVL-MaLR	1507	+	222	3119319	44870
chr20	50413348	50613348	harbor2	chr20	50419267	50419737	LTR/ERVL-MaLR	1914	+	235	50419502	6154
chr20	50413348	50613348	harbor2	chr20	50425260	50425420	LTR/ERVL-MaLR	488	+	80	50425340	11992
chr20	50413348	50613348	harbor2	chr20	50428501	50428686	LTR/ERVL-MaLR	782	+	92	50428593	15245
chr20	50413348	50613348	harbor2	chr20	50439616	50440149	LTR/ERVL-MaLR	1515	+	266	50439882	26534
chr20	50413348	50613348	harbor2	chr20	50451104	50451426	LTR/ERVL-MaLR	1023	+	161	50451265	37917
chr20	50413348	50613348	harbor2	chr20	50468077	50468242	LTR/ERVL-MaLR	645	+	82	50468159	54811
chr20	50413348	50613348	harbor2	chr20	50477437	50477676	LTR/ERVL-MaLR	465	+	120	50477557	64209
chr20	50413348	50613348	harbor2	chr20	50489544	50489890	LTR/ERVL-MaLR	1768	+	173	50489717	76369
chr20	50413348	50613348	harbor2	chr20	50491847	50491915	LTR/ERVL-MaLR	774	+	34	50491881	78533
chr20	50413348	50613348	harbor2	chr20	50492225	50492578	LTR/ERVL-MaLR	774	+	176	50492401	79053
chr20	50413348	50613348	harbor2	chr20	50502849	50503225	LTR/ERVL-MaLR	1227	+	188	50503037	89689
chr20	50413348	50613348	harbor2	chr20	50505462	50505932	LTR/ERVL-MaLR	1310	+	235	50505697	92349
chr20	21820205	22020205	harbor2	chr20	21893949	21894263	LTR/ERVL-MaLR	1306	+	157	21894106	73901
chr20	21820205	22020205	harbor2	chr20	21896847	21897405	LTR/ERVL-MaLR	1996	+	279	21897126	76921
chr20	21820205	22020205	harbor2	chr20	21908708	21909111	LTR/ERVL-MaLR	787	+	202	21908910	88705
chr20	34725476	34925476	harbor2	chr20	34806939	34807482	LTR/ERVL-MaLR	1719	+	272	34807211	81735
chr20	34725476	34925476	harbor2	chr20	34816237	34816505	LTR/ERVL-MaLR	1341	+	134	34816371	90895
chr20	62159612	62359612	harbor2	chr20	62233749	62234005	LTR/ERVL-MaLR	549	+	128	62233877	74265
chr20	61604459	61804459	harbor2	chr20	61617793	61618152	LTR/ERVL-MaLR	2384	+	180	61617973	13514
chr20	61604459	61804459	harbor2	chr20	61672896	61673180	LTR/ERVL-MaLR	718	+	142	61673038	68579
chr20	61604459	61804459	harbor2	chr20	61696725	61697093	LTR/ERVL-MaLR	806	+	184	61696909	92450
chr20	63591101	63791101	harbor2	chr20	63616842	63616978	LTR/ERVL-MaLR	946	+	68	63616910	25809
chr20	63591101	63791101	harbor2	chr20	63617276	63617500	LTR/ERVL-MaLR	946	+	112	63617388	26287
chr20	63591101	63791101	harbor2	chr20	63636877	63637350	LTR/ERVL-MaLR	739	+	236	63637113	46012
chr20	63591101	63791101	harbor2	chr20	63644625	63644966	LTR/ERVL-MaLR	1505	+	170	63644795	53694
chr20	63591101	63791101	harbor2	chr20	63654656	63655052	LTR/ERVL-MaLR	720	+	198	63654854	63753
chr20	34776571	34976571	harbor2	chr20	34806939	34807482	LTR/ERVL-MaLR	1719	+	272	34807211	30640
chr20	34776571	34976571	harbor2	chr20	34816237	34816505	LTR/ERVL-MaLR	1341	+	134	34816371	39800
chr20	34776571	34976571	harbor2	chr20	34858030	34858388	LTR/ERVL-MaLR	1050	+	179	34858209	81638
chr20	34776571	34976571	harbor2	chr20	34868513	34869025	LTR/ERVL-MaLR	1338	+	256	34868769	92198
chr20	2772894	2972894	harbor2	chr20	2813205	2813582	LTR/ERVL-MaLR	1941	+	188	2813393	40499
chr20	50272882	50472882	harbor2	chr20	50286725	50286935	LTR/ERVL-MaLR	480	+	105	50286830	13948
chr20	50272882	50472882	harbor2	chr20	50310963	50311280	LTR/ERVL-MaLR	1532	+	158	50311121	38239
chr20	50272882	50472882	harbor2	chr20	50313277	50313754	LTR/ERVL-MaLR	750	+	238	50313515	40633
chr20	50272882	50472882	harbor2	chr20	50346822	50347313	LTR/ERVL-MaLR	1090	+	246	50347068	74186
chr20	50272882	50472882	harbor2	chr20	50348262	50348531	LTR/ERVL-MaLR	682	+	134	50348396	75514
chr20	63964022	64164022	harbor2	chr20	63973530	63973907	LTR/ERVL-MaLR	580	+	188	63973718	9696
chr20	63472919	63672919	harbor2	chr20	63479401	63479727	LTR/ERVL-MaLR	1198	+	163	63479564	6645
chr20	63472919	63672919	harbor2	chr20	63486270	63486622	LTR/ERVL-MaLR	698	+	176	63486446	13527
chr20	63472919	63672919	harbor2	chr20	63501202	63501465	LTR/ERVL-MaLR	812	+	132	63501334	28415
chr20	63472919	63672919	harbor2	chr20	63505445	63505770	LTR/ERVL-MaLR	979	+	162	63505607	32688
chr20	4071981	4271981	harbor2	chr20	4112754	4112897	LTR/ERVL-MaLR	498	+	72	4112826	40845
chr20	4071981	4271981	harbor2	chr20	4122448	4122545	LTR/ERVL-MaLR	1597	+	48	4122496	50515
chr20	4071981	4271981	harbor2	chr20	4122840	4123481	LTR/ERVL-MaLR	1597	+	320	4123160	51179
chr20	4071981	4271981	harbor2	chr20	4123806	4123861	LTR/ERVL-MaLR	1597	+	28	4123834	51853
chr20	4071981	4271981	harbor2	chr20	4142077	4142219	LTR/ERVL-MaLR	651	+	71	4142148	70167
chr20	4071981	4271981	harbor2	chr20	4145248	4145341	LTR/ERVL-MaLR	1255	+	46	4145294	73313
chr20	4071981	4271981	harbor2	chr20	4145964	4146227	LTR/ERVL-MaLR	1255	+	132	4146096	74115
chr20	4071981	4271981	harbor2	chr20	4146231	4146578	LTR/ERVL-MaLR	960	+	174	4146405	74424
chr20	4071981	4271981	harbor2	chr20	4146843	4146902	LTR/ERVL-MaLR	960	+	30	4146873	74892
chr20	59840429	60040429	harbor2	chr20	59854197	59854609	LTR/ERVL-MaLR	2400	+	206	59854403	13974
chr20	59840429	60040429	harbor2	chr20	59854641	59854733	LTR/ERVL-MaLR	465	+	46	59854687	14258
chr20	59840429	60040429	harbor2	chr20	59857064	59858258	LTR/ERVL-MaLR	4505	+	597	59857661	17232
chr20	59840429	60040429	harbor2	chr20	59858259	59858670	LTR/ERVL-MaLR	2079	+	206	59858465	18036
chr20	59840429	60040429	harbor2	chr20	59912676	59913051	LTR/ERVL-MaLR	1882	+	188	59912864	72435
chr20	59110854	59310854	harbor2	chr20	59115699	59116105	LTR/ERVL-MaLR	1186	+	203	59115902	5048
chr20	59110854	59310854	harbor2	chr20	59121383	59121923	LTR/ERVL-MaLR	1646	+	270	59121653	10799
chr20	59110854	59310854	harbor2	chr20	59124811	59125354	LTR/ERVL-MaLR	851	+	272	59125083	14229
chr20	59110854	59310854	harbor2	chr20	59136738	59137188	LTR/ERVL-MaLR	1377	+	225	59136963	26109
chr20	59110854	59310854	harbor2	chr20	59187196	59187555	LTR/ERVL-MaLR	1731	+	180	59187376	76522
chr20	63765508	63965508	harbor2	chr20	63782167	63782554	LTR/ERVL-MaLR	566	+	194	63782361	16853
chr20	63765508	63965508	harbor2	chr20	63802011	63802140	LTR/ERVL-MaLR	793	+	64	63802075	36567
chr20	63765508	63965508	harbor2	chr20	63802433	63802512	LTR/ERVL-MaLR	793	+	40	63802473	36965
chr20	63765508	63965508	harbor2	chr20	63816670	63816822	LTR/ERVL-MaLR	1011	+	76	63816746	51238
chr20	63765508	63965508	harbor2	chr20	63817746	63818014	LTR/ERVL-MaLR	1011	+	134	63817880	52372
chr20	63471523	63671523	harbor2	chr20	63479401	63479727	LTR/ERVL-MaLR	1198	+	163	63479564	8041
chr20	63471523	63671523	harbor2	chr20	63486270	63486622	LTR/ERVL-MaLR	698	+	176	63486446	14923
chr20	63471523	63671523	harbor2	chr20	63501202	63501465	LTR/ERVL-MaLR	812	+	132	63501334	29811
chr20	63471523	63671523	harbor2	chr20	63505445	63505770	LTR/ERVL-MaLR	979	+	162	63505607	34084
chr20	59679835	59879835	harbor2	chr20	59695194	59695567	LTR/ERVL-MaLR	2140	+	186	59695380	15545
chr20	59679835	59879835	harbor2	chr20	59707288	59707457	LTR/ERVL-MaLR	1590	+	84	59707372	27537
chr20	59679835	59879835	harbor2	chr20	59707765	59707968	LTR/ERVL-MaLR	1590	+	102	59707867	28032
chr20	59679835	59879835	harbor2	chr20	59760352	59760710	LTR/ERVL-MaLR	2394	+	179	59760531	80696
chr20	59679835	59879835	harbor2	chr20	59763006	59763389	LTR/ERVL-MaLR	2416	+	192	59763198	83363
chr20	59679835	59879835	harbor2	chr20	59769229	59769572	LTR/ERVL-MaLR	679	+	172	59769401	89566
chr20	62138481	62338481	harbor2	chr20	62233749	62234005	LTR/ERVL-MaLR	549	+	128	62233877	95396
chr20	3915348	4115348	harbor2	chr20	3950203	3950608	LTR/ERVL-MaLR	1530	+	202	3950405	35057
chr20	3915348	4115348	harbor2	chr20	3975558	3975884	LTR/ERVL-MaLR	1431	+	163	3975721	60373
chr20	3915348	4115348	harbor2	chr20	3976087	3976196	LTR/ERVL-MaLR	1431	+	54	3976141	60793
chr20	3915348	4115348	harbor2	chr20	3982217	3982295	LTR/ERVL-MaLR	1300	+	39	3982256	66908
chr20	3915348	4115348	harbor2	chr20	3982903	3983208	LTR/ERVL-MaLR	1300	+	152	3983055	67707
chr20	3915348	4115348	harbor2	chr20	3989575	3989960	LTR/ERVL-MaLR	1191	+	192	3989767	74419
chr20	3915348	4115348	harbor2	chr20	3996561	3996938	LTR/ERVL-MaLR	558	+	188	3996749	81401
chr20	3915348	4115348	harbor2	chr20	3997256	3997313	LTR/ERVL-MaLR	558	+	28	3997284	81936
chr20	3915348	4115348	harbor2	chr20	4004413	4004841	LTR/ERVL-MaLR	1085	+	214	4004627	89279
chr20	63366366	63566366	harbor2	chr20	63448953	63449300	LTR/ERVL-MaLR	704	+	174	63449127	82761
chr20	62030147	62230147	harbor2	chr20	62036789	62037101	LTR/ERVL-MaLR	1178	+	156	62036945	6798
chr20	62030147	62230147	harbor2	chr20	62082492	62082837	LTR/ERVL-MaLR	2319	+	172	62082664	52517
chr20	62030147	62230147	harbor2	chr20	62083143	62083193	LTR/ERVL-MaLR	2319	+	25	62083168	53021
chr20	62030147	62230147	harbor2	chr20	62084907	62085306	LTR/ERVL-MaLR	1460	+	200	62085107	54960
chr20	62030147	62230147	harbor2	chr20	62086838	62086970	LTR/ERVL-MaLR	546	+	66	62086904	56757
chr20	62030147	62230147	harbor2	chr20	62091835	62092389	LTR/ERVL-MaLR	3354	+	277	62092112	61965
chr20	62030147	62230147	harbor2	chr20	62092697	62093326	LTR/ERVL-MaLR	3354	+	314	62093011	62864
chr20	62030147	62230147	harbor2	chr20	62093631	62093853	LTR/ERVL-MaLR	3354	+	111	62093742	63595
chr20	62030147	62230147	harbor2	chr20	62093879	62094212	LTR/ERVL-MaLR	1327	+	166	62094045	63898
chr20	62030147	62230147	harbor2	chr20	62102581	62102960	LTR/ERVL-MaLR	1943	+	190	62102771	72624
chr20	62030147	62230147	harbor2	chr20	62107664	62107868	LTR/ERVL-MaLR	947	+	102	62107766	77619
chr20	62030147	62230147	harbor2	chr20	62110060	62110404	LTR/ERVL-MaLR	1755	+	172	62110232	80085
chr20	62030147	62230147	harbor2	chr20	62110692	62110719	LTR/ERVL-MaLR	1755	+	14	62110706	80559
chr20	62030147	62230147	harbor2	chr20	62111031	62111075	LTR/ERVL-MaLR	1755	+	22	62111053	80906
chr20	62030147	62230147	harbor2	chr20	62111076	62111482	LTR/ERVL-MaLR	2433	+	203	62111279	81132
chr20	38707041	38907041	harbor2	chr20	38735185	38735604	LTR/ERVL-MaLR	2836	+	210	38735395	28354
chr20	38707041	38907041	harbor2	chr20	38742847	38742976	LTR/ERVL-MaLR	620	+	64	38742911	35870
chr20	38707041	38907041	harbor2	chr20	38743258	38743343	LTR/ERVL-MaLR	620	+	42	38743300	36259
chr20	38707041	38907041	harbor2	chr20	38744587	38744768	LTR/ERVL-MaLR	755	+	90	38744677	37636
chr20	38707041	38907041	harbor2	chr20	38789156	38789220	LTR/ERVL-MaLR	1304	+	32	38789188	82147
chr20	38707041	38907041	harbor2	chr20	38789221	38789318	LTR/ERVL-MaLR	1943	+	48	38789269	82228
chr20	38707041	38907041	harbor2	chr20	38789631	38789920	LTR/ERVL-MaLR	1943	+	144	38789775	82734
chr20	38707041	38907041	harbor2	chr20	38789921	38790518	LTR/ERVL-MaLR	1304	+	298	38790219	83178
chr20	38707041	38907041	harbor2	chr20	38798129	38798571	LTR/ERVL-MaLR	2608	+	221	38798350	91309
chr20	1021009	1221009	harbor2	chr20	1030336	1030621	LTR/ERVL-MaLR	625	+	142	1030478	9469
chr20	1021009	1221009	harbor2	chr20	1033820	1034247	LTR/ERVL-MaLR	659	+	214	1034034	13025
chr20	1021009	1221009	harbor2	chr20	1034317	1034800	LTR/ERVL-MaLR	1674	+	242	1034559	13550
chr20	1021009	1221009	harbor2	chr20	1047265	1047546	LTR/ERVL-MaLR	861	+	140	1047405	26396
chr20	1021009	1221009	harbor2	chr20	1048664	1049202	LTR/ERVL-MaLR	1455	+	269	1048933	27924
chr20	1021009	1221009	harbor2	chr20	1056887	1056923	LTR/ERVL-MaLR	590	+	18	1056905	35896
chr20	1021009	1221009	harbor2	chr20	1056924	1057293	LTR/ERVL-MaLR	1648	+	184	1057108	36099
chr20	1021009	1221009	harbor2	chr20	1057294	1057319	LTR/ERVL-MaLR	590	+	12	1057306	36297
chr20	1021009	1221009	harbor2	chr20	1057563	1057805	LTR/ERVL-MaLR	590	+	121	1057684	36675
chr20	1021009	1221009	harbor2	chr20	1058088	1058235	LTR/ERVL-MaLR	590	+	74	1058162	37153
chr20	1021009	1221009	harbor2	chr20	1070013	1070413	LTR/ERVL-MaLR	1642	+	200	1070213	49204
chr20	1021009	1221009	harbor2	chr20	1083812	1084163	LTR/ERVL-MaLR	989	+	176	1083988	62979
chr20	1021009	1221009	harbor2	chr20	1088690	1089186	LTR/ERVL-MaLR	2260	+	248	1088938	67929
chr20	1021009	1221009	harbor2	chr20	1110366	1110765	LTR/ERVL-MaLR	2269	+	200	1110566	89557
chr20	1021009	1221009	harbor2	chr20	1081222	1081562	LTR/ERVL-MaLR	1941	+	170	1081392	60383
chr20	35854536	36054536	harbor2	chr20	35905333	35905687	LTR/ERVL-MaLR	1483	+	177	35905510	50974
chr20	37933811	38133811	harbor2	chr20	37957362	37957729	LTR/ERVL-MaLR	758	+	184	37957546	23735
chr20	37933811	38133811	harbor2	chr20	38002833	38002902	LTR/ERVL-MaLR	557	+	34	38002867	69056
chr20	37933811	38133811	harbor2	chr20	38029692	38030045	LTR/ERVL-MaLR	2142	+	176	38029868	96057
chr20	34993730	35193730	harbor2	chr20	35040895	35041206	LTR/ERVL-MaLR	1338	+	156	35041051	47321
chr20	34993730	35193730	harbor2	chr20	35062976	35063344	LTR/ERVL-MaLR	2411	+	184	35063160	69430
chr20	34993730	35193730	harbor2	chr20	35069520	35069671	LTR/ERVL-MaLR	895	+	76	35069596	75866
chr20	34993730	35193730	harbor2	chr20	35069957	35070268	LTR/ERVL-MaLR	895	+	156	35070113	76383
chr20	59840491	60040491	harbor2	chr20	59854197	59854609	LTR/ERVL-MaLR	2400	+	206	59854403	13912
chr20	59840491	60040491	harbor2	chr20	59854641	59854733	LTR/ERVL-MaLR	465	+	46	59854687	14196
chr20	59840491	60040491	harbor2	chr20	59857064	59858258	LTR/ERVL-MaLR	4505	+	597	59857661	17170
chr20	59840491	60040491	harbor2	chr20	59858259	59858670	LTR/ERVL-MaLR	2079	+	206	59858465	17974
chr20	59840491	60040491	harbor2	chr20	59912676	59913051	LTR/ERVL-MaLR	1882	+	188	59912864	72373
chr20	62027610	62227610	harbor2	chr20	62036789	62037101	LTR/ERVL-MaLR	1178	+	156	62036945	9335
chr20	62027610	62227610	harbor2	chr20	62082492	62082837	LTR/ERVL-MaLR	2319	+	172	62082664	55054
chr20	62027610	62227610	harbor2	chr20	62083143	62083193	LTR/ERVL-MaLR	2319	+	25	62083168	55558
chr20	62027610	62227610	harbor2	chr20	62084907	62085306	LTR/ERVL-MaLR	1460	+	200	62085107	57497
chr20	62027610	62227610	harbor2	chr20	62086838	62086970	LTR/ERVL-MaLR	546	+	66	62086904	59294
chr20	62027610	62227610	harbor2	chr20	62091835	62092389	LTR/ERVL-MaLR	3354	+	277	62092112	64502
chr20	62027610	62227610	harbor2	chr20	62092697	62093326	LTR/ERVL-MaLR	3354	+	314	62093011	65401
chr20	62027610	62227610	harbor2	chr20	62093631	62093853	LTR/ERVL-MaLR	3354	+	111	62093742	66132
chr20	62027610	62227610	harbor2	chr20	62093879	62094212	LTR/ERVL-MaLR	1327	+	166	62094045	66435
chr20	62027610	62227610	harbor2	chr20	62102581	62102960	LTR/ERVL-MaLR	1943	+	190	62102771	75161
chr20	62027610	62227610	harbor2	chr20	62107664	62107868	LTR/ERVL-MaLR	947	+	102	62107766	80156
chr20	62027610	62227610	harbor2	chr20	62110060	62110404	LTR/ERVL-MaLR	1755	+	172	62110232	82622
chr20	62027610	62227610	harbor2	chr20	62110692	62110719	LTR/ERVL-MaLR	1755	+	14	62110706	83096
chr20	62027610	62227610	harbor2	chr20	62111031	62111075	LTR/ERVL-MaLR	1755	+	22	62111053	83443
chr20	62027610	62227610	harbor2	chr20	62111076	62111482	LTR/ERVL-MaLR	2433	+	203	62111279	83669
chr20	50272735	50472735	harbor2	chr20	50286725	50286935	LTR/ERVL-MaLR	480	+	105	50286830	14095
chr20	50272735	50472735	harbor2	chr20	50310963	50311280	LTR/ERVL-MaLR	1532	+	158	50311121	38386
chr20	50272735	50472735	harbor2	chr20	50313277	50313754	LTR/ERVL-MaLR	750	+	238	50313515	40780
chr20	50272735	50472735	harbor2	chr20	50346822	50347313	LTR/ERVL-MaLR	1090	+	246	50347068	74333
chr20	50272735	50472735	harbor2	chr20	50348262	50348531	LTR/ERVL-MaLR	682	+	134	50348396	75661
chr20	63969669	64169669	harbor2	chr20	63973530	63973907	LTR/ERVL-MaLR	580	+	188	63973718	4049
chr21	29233865	29433865	harbor2	chr21	29240668	29241042	LTR/ERVL-MaLR	2146	+	187	29240855	6990
chr21	29233865	29433865	harbor2	chr21	29250460	29251048	LTR/ERVL-MaLR	2627	+	294	29250754	16889
chr21	29233865	29433865	harbor2	chr21	29257435	29257571	LTR/ERVL-MaLR	519	+	68	29257503	23638
chr21	29233865	29433865	harbor2	chr21	29265739	29266097	LTR/ERVL-MaLR	2253	+	179	29265918	32053
chr21	29233865	29433865	harbor2	chr21	29270171	29270538	LTR/ERVL-MaLR	2162	+	184	29270355	36490
chr21	29233865	29433865	harbor2	chr21	29274538	29275063	LTR/ERVL-MaLR	2282	+	262	29274800	40935
chr21	44624082	44824082	harbor2	chr21	44649906	44649950	LTR/ERVL-MaLR	533	+	22	44649928	25846
chr21	44624082	44824082	harbor2	chr21	44650236	44650706	LTR/ERVL-MaLR	930	+	235	44650471	26389
chr21	44624082	44824082	harbor2	chr21	44672672	44673051	LTR/ERVL-MaLR	1990	+	190	44672862	48780
chr21	44624082	44824082	harbor2	chr21	44678194	44678592	LTR/ERVL-MaLR	2251	+	199	44678393	54311
chr21	44624082	44824082	harbor2	chr21	44714398	44714774	LTR/ERVL-MaLR	1859	+	188	44714586	90504
chr21	44624082	44824082	harbor2	chr21	44715921	44716299	LTR/ERVL-MaLR	1999	+	189	44716110	92028
chr21	14338484	14538484	harbor2	chr21	14386893	14387357	LTR/ERVL-MaLR	1900	+	232	14387125	48641
chr21	14338484	14538484	harbor2	chr21	14405937	14406333	LTR/ERVL-MaLR	2114	+	198	14406135	67651
chr21	14338484	14538484	harbor2	chr21	14407496	14407613	LTR/ERVL-MaLR	522	+	58	14407554	69070
chr21	14338484	14538484	harbor2	chr21	14408444	14408515	LTR/ERVL-MaLR	483	+	36	14408480	69996
chr21	14338484	14538484	harbor2	chr21	14414342	14414682	LTR/ERVL-MaLR	1301	+	170	14414512	76028
chr21	14338484	14538484	harbor2	chr21	14432707	14433062	LTR/ERVL-MaLR	1588	+	178	14432885	94401
chr21	42751330	42951330	harbor2	chr21	42754600	42754938	LTR/ERVL-MaLR	2133	+	169	42754769	3439
chr21	42751330	42951330	harbor2	chr21	42763222	42763654	LTR/ERVL-MaLR	1022	+	216	42763438	12108
chr21	42751330	42951330	harbor2	chr21	42779559	42779745	LTR/ERVL-MaLR	692	+	93	42779652	28322
chr21	42751330	42951330	harbor2	chr21	42783659	42783865	LTR/ERVL-MaLR	632	+	103	42783762	32432
chr21	42751330	42951330	harbor2	chr21	42818562	42818833	LTR/ERVL-MaLR	822	+	136	42818698	67368
chr21	42751330	42951330	harbor2	chr21	42850419	42850809	LTR/ERVL-MaLR	570	+	195	42850614	99284
chr21	33073262	33273262	harbor2	chr21	33142031	33142390	LTR/ERVL-MaLR	2087	+	180	33142211	68949
chr21	33073262	33273262	harbor2	chr21	33158554	33159000	LTR/ERVL-MaLR	1326	+	223	33158777	85515
chr21	33073262	33273262	harbor2	chr21	33161390	33161617	LTR/ERVL-MaLR	2483	+	114	33161504	88242
chr21	33073262	33273262	harbor2	chr21	33161968	33162167	LTR/ERVL-MaLR	2483	+	100	33162068	88806
chr21	33073262	33273262	harbor2	chr21	33163893	33164426	LTR/ERVL-MaLR	957	+	266	33164159	90897
chr21	33073262	33273262	harbor2	chr21	33166680	33166977	LTR/ERVL-MaLR	1047	+	148	33166828	93566
chr21	33073262	33273262	harbor2	chr21	33167099	33167271	LTR/ERVL-MaLR	794	+	86	33167185	93923
chr21	14484895	14684895	harbor2	chr21	14503057	14503588	LTR/ERVL-MaLR	1631	+	266	14503323	18428
chr21	14484895	14684895	harbor2	chr21	14535513	14535933	LTR/ERVL-MaLR	1608	+	210	14535723	50828
chr21	14484895	14684895	harbor2	chr21	14552329	14552695	LTR/ERVL-MaLR	1953	+	183	14552512	67617
chr21	14484895	14684895	harbor2	chr21	14561592	14562080	LTR/ERVL-MaLR	1807	+	244	14561836	76941
chr21	41779091	41979091	harbor2	chr21	41820317	41820675	LTR/ERVL-MaLR	1592	+	179	41820496	41405
chr21	41779091	41979091	harbor2	chr21	41822619	41822756	LTR/ERVL-MaLR	1272	+	68	41822687	43596
chr21	41779091	41979091	harbor2	chr21	41823052	41823260	LTR/ERVL-MaLR	1272	+	104	41823156	44065
chr21	41779091	41979091	harbor2	chr21	41852789	41853178	LTR/ERVL-MaLR	1083	+	194	41852983	73892
chr21	29199648	29399648	harbor2	chr21	29205030	29205376	LTR/ERVL-MaLR	2103	+	173	29205203	5555
chr21	29199648	29399648	harbor2	chr21	29223879	29224257	LTR/ERVL-MaLR	2136	+	189	29224068	24420
chr21	29199648	29399648	harbor2	chr21	29240668	29241042	LTR/ERVL-MaLR	2146	+	187	29240855	41207
chr21	29199648	29399648	harbor2	chr21	29250460	29251048	LTR/ERVL-MaLR	2627	+	294	29250754	51106
chr21	29199648	29399648	harbor2	chr21	29257435	29257571	LTR/ERVL-MaLR	519	+	68	29257503	57855
chr21	29199648	29399648	harbor2	chr21	29265739	29266097	LTR/ERVL-MaLR	2253	+	179	29265918	66270
chr21	29199648	29399648	harbor2	chr21	29270171	29270538	LTR/ERVL-MaLR	2162	+	184	29270355	70707
chr21	29199648	29399648	harbor2	chr21	29274538	29275063	LTR/ERVL-MaLR	2282	+	262	29274800	75152
chr21	29199648	29399648	harbor2	chr21	29212667	29212983	LTR/ERVL-MaLR	1229	+	158	29212825	13177
chr21	29486560	29686560	harbor2	chr21	29491333	29491491	LTR/ERVL-MaLR	1035	+	79	29491412	4852
chr21	29486560	29686560	harbor2	chr21	29512563	29512812	LTR/ERVL-MaLR	436	+	124	29512687	26127
chr21	29486560	29686560	harbor2	chr21	29513514	29513744	LTR/ERVL-MaLR	473	+	115	29513629	27069
chr21	29486560	29686560	harbor2	chr21	29513784	29514045	LTR/ERVL-MaLR	622	+	130	29513914	27354
chr21	29486560	29686560	harbor2	chr21	29514164	29515181	LTR/ERVL-MaLR	2276	+	508	29514672	28112
chr21	29486560	29686560	harbor2	chr21	29521906	29522267	LTR/ERVL-MaLR	1569	+	180	29522086	35526
chr21	29486560	29686560	harbor2	chr21	29522297	29522353	LTR/ERVL-MaLR	1569	+	28	29522325	35765
chr21	29486560	29686560	harbor2	chr21	29536197	29536556	LTR/ERVL-MaLR	2177	+	180	29536377	49817
chr21	29486560	29686560	harbor2	chr21	29556660	29556895	LTR/ERVL-MaLR	511	+	118	29556778	70218
chr21	39044046	39244046	harbor2	chr21	39058684	39058826	LTR/ERVL-MaLR	1234	+	71	39058755	14709
chr21	39044046	39244046	harbor2	chr21	39059118	39059372	LTR/ERVL-MaLR	1234	+	127	39059245	15199
chr21	39044046	39244046	harbor2	chr21	39064379	39064713	LTR/ERVL-MaLR	718	+	167	39064546	20500
chr21	39044046	39244046	harbor2	chr21	39072377	39072804	LTR/ERVL-MaLR	1479	+	214	39072591	28545
chr21	39044046	39244046	harbor2	chr21	39088276	39088373	LTR/ERVL-MaLR	1181	+	48	39088324	44278
chr21	39044046	39244046	harbor2	chr21	39088870	39089165	LTR/ERVL-MaLR	1181	+	148	39089018	44972
chr21	39044046	39244046	harbor2	chr21	39089609	39089664	LTR/ERVL-MaLR	1181	+	28	39089637	45591
chr21	39044046	39244046	harbor2	chr21	39089673	39089934	LTR/ERVL-MaLR	1682	+	130	39089803	45757
chr21	39044046	39244046	harbor2	chr21	39108788	39109034	LTR/ERVL-MaLR	461	+	123	39108911	64865
chr21	39044046	39244046	harbor2	chr21	39140657	39140910	LTR/ERVL-MaLR	803	+	126	39140783	96737
chr21	39044046	39244046	harbor2	chr21	39142296	39142667	LTR/ERVL-MaLR	2064	+	186	39142482	98436
chr21	39044046	39244046	harbor2	chr21	39142670	39142861	LTR/ERVL-MaLR	1480	+	96	39142766	98720
chr21	39044046	39244046	harbor2	chr21	39142862	39143241	LTR/ERVL-MaLR	2015	+	190	39143052	99006
chr21	5028556	5228556	harbor2	chr21	5083419	5083768	LTR/ERVL-MaLR	581	+	174	5083593	55037
chr21	5028556	5228556	harbor2	chr21	5103815	5104078	LTR/ERVL-MaLR	685	+	132	5103947	75391
chr21	5028556	5228556	harbor2	chr21	5105066	5105411	LTR/ERVL-MaLR	557	+	172	5105238	76682
chr21	14344309	14544309	harbor2	chr21	14386893	14387357	LTR/ERVL-MaLR	1900	+	232	14387125	42816
chr21	14344309	14544309	harbor2	chr21	14405937	14406333	LTR/ERVL-MaLR	2114	+	198	14406135	61826
chr21	14344309	14544309	harbor2	chr21	14407496	14407613	LTR/ERVL-MaLR	522	+	58	14407554	63245
chr21	14344309	14544309	harbor2	chr21	14408444	14408515	LTR/ERVL-MaLR	483	+	36	14408480	64171
chr21	14344309	14544309	harbor2	chr21	14414342	14414682	LTR/ERVL-MaLR	1301	+	170	14414512	70203
chr21	14344309	14544309	harbor2	chr21	14432707	14433062	LTR/ERVL-MaLR	1588	+	178	14432885	88576
chr21	46031950	46231950	harbor2	chr21	46032664	46032853	LTR/ERVL-MaLR	567	+	94	46032758	808
chr21	46031950	46231950	harbor2	chr21	46040799	46041154	LTR/ERVL-MaLR	2241	+	178	46040977	9027
chr21	46031950	46231950	harbor2	chr21	46052314	46052452	LTR/ERVL-MaLR	472	+	69	46052383	20433
chr21	46031950	46231950	harbor2	chr21	46078120	46078329	LTR/ERVL-MaLR	884	+	104	46078224	46274
chr21	46031950	46231950	harbor2	chr21	46089222	46089590	LTR/ERVL-MaLR	1126	+	184	46089406	57456
chr21	46031950	46231950	harbor2	chr21	46090136	46090631	LTR/ERVL-MaLR	1500	+	248	46090384	58434
chr21	15191535	15391535	harbor2	chr21	15205590	15205942	LTR/ERVL-MaLR	1639	+	176	15205766	14231
chr21	15191535	15391535	harbor2	chr21	15206904	15207347	LTR/ERVL-MaLR	1372	+	222	15207126	15591
chr21	15191535	15391535	harbor2	chr21	15233358	15233798	LTR/ERVL-MaLR	518	+	220	15233578	42043
chr21	15191535	15391535	harbor2	chr21	15235049	15235240	LTR/ERVL-MaLR	988	+	96	15235145	43610
chr21	15191535	15391535	harbor2	chr21	15235662	15236028	LTR/ERVL-MaLR	1728	+	183	15235845	44310
chr21	15191535	15391535	harbor2	chr21	15239165	15239585	LTR/ERVL-MaLR	2376	+	210	15239375	47840
chr21	15191535	15391535	harbor2	chr21	15253512	15253937	LTR/ERVL-MaLR	891	+	212	15253724	62189
chr21	15191535	15391535	harbor2	chr21	15268688	15268854	LTR/ERVL-MaLR	1135	+	83	15268771	77236
chr21	15191535	15391535	harbor2	chr21	15269160	15269391	LTR/ERVL-MaLR	1135	+	116	15269276	77741
chr21	15191535	15391535	harbor2	chr21	15271132	15271488	LTR/ERVL-MaLR	2498	+	178	15271310	79775
chr21	14338970	14538970	harbor2	chr21	14386893	14387357	LTR/ERVL-MaLR	1900	+	232	14387125	48155
chr21	14338970	14538970	harbor2	chr21	14405937	14406333	LTR/ERVL-MaLR	2114	+	198	14406135	67165
chr21	14338970	14538970	harbor2	chr21	14407496	14407613	LTR/ERVL-MaLR	522	+	58	14407554	68584
chr21	14338970	14538970	harbor2	chr21	14408444	14408515	LTR/ERVL-MaLR	483	+	36	14408480	69510
chr21	14338970	14538970	harbor2	chr21	14414342	14414682	LTR/ERVL-MaLR	1301	+	170	14414512	75542
chr21	14338970	14538970	harbor2	chr21	14432707	14433062	LTR/ERVL-MaLR	1588	+	178	14432885	93915
chr21	29219635	29419635	harbor2	chr21	29223879	29224257	LTR/ERVL-MaLR	2136	+	189	29224068	4433
chr21	29219635	29419635	harbor2	chr21	29240668	29241042	LTR/ERVL-MaLR	2146	+	187	29240855	21220
chr21	29219635	29419635	harbor2	chr21	29250460	29251048	LTR/ERVL-MaLR	2627	+	294	29250754	31119
chr21	29219635	29419635	harbor2	chr21	29257435	29257571	LTR/ERVL-MaLR	519	+	68	29257503	37868
chr21	29219635	29419635	harbor2	chr21	29265739	29266097	LTR/ERVL-MaLR	2253	+	179	29265918	46283
chr21	29219635	29419635	harbor2	chr21	29270171	29270538	LTR/ERVL-MaLR	2162	+	184	29270355	50720
chr21	29219635	29419635	harbor2	chr21	29274538	29275063	LTR/ERVL-MaLR	2282	+	262	29274800	55165
chr21	46358911	46558911	harbor2	chr21	46450076	46450446	LTR/ERVL-MaLR	2342	+	185	46450261	91350
chr21	46358911	46558911	harbor2	chr21	46450735	46450771	LTR/ERVL-MaLR	2342	+	18	46450753	91842
chr21	46358911	46558911	harbor2	chr21	46455558	46456078	LTR/ERVL-MaLR	1305	+	260	46455818	96907
chr21	46358911	46558911	harbor2	chr21	46456266	46456723	LTR/ERVL-MaLR	1961	+	228	46456494	97583
chr21	14337764	14537764	harbor2	chr21	14386893	14387357	LTR/ERVL-MaLR	1900	+	232	14387125	49361
chr21	14337764	14537764	harbor2	chr21	14405937	14406333	LTR/ERVL-MaLR	2114	+	198	14406135	68371
chr21	14337764	14537764	harbor2	chr21	14407496	14407613	LTR/ERVL-MaLR	522	+	58	14407554	69790
chr21	14337764	14537764	harbor2	chr21	14408444	14408515	LTR/ERVL-MaLR	483	+	36	14408480	70716
chr21	14337764	14537764	harbor2	chr21	14414342	14414682	LTR/ERVL-MaLR	1301	+	170	14414512	76748
chr21	14337764	14537764	harbor2	chr21	14432707	14433062	LTR/ERVL-MaLR	1588	+	178	14432885	95121
chr21	15634172	15834172	harbor2	chr21	15647851	15648219	LTR/ERVL-MaLR	1984	+	184	15648035	13863
chr21	15634172	15834172	harbor2	chr21	15665110	15665460	LTR/ERVL-MaLR	1978	+	175	15665285	31113
chr21	15634172	15834172	harbor2	chr21	15675745	15676062	LTR/ERVL-MaLR	1391	+	158	15675903	41731
chr21	15634172	15834172	harbor2	chr21	15676696	15677165	LTR/ERVL-MaLR	883	+	234	15676930	42758
chr21	15634172	15834172	harbor2	chr21	15687193	15687553	LTR/ERVL-MaLR	1895	+	180	15687373	53201
chr21	15634172	15834172	harbor2	chr21	15702632	15703055	LTR/ERVL-MaLR	2651	+	212	15702844	68672
chr21	15634172	15834172	harbor2	chr21	15705122	15705463	LTR/ERVL-MaLR	2122	+	170	15705292	71120
chr21	15634172	15834172	harbor2	chr21	15720053	15720229	LTR/ERVL-MaLR	2193	+	88	15720141	85969
chr21	15634172	15834172	harbor2	chr21	15720552	15720809	LTR/ERVL-MaLR	2193	+	128	15720680	86508
chr21	15634172	15834172	harbor2	chr21	15725987	15726376	LTR/ERVL-MaLR	1672	+	194	15726181	92009
chr21	39010819	39210819	harbor2	chr21	39036248	39036676	LTR/ERVL-MaLR	1422	+	214	39036462	25643
chr21	39010819	39210819	harbor2	chr21	39058684	39058826	LTR/ERVL-MaLR	1234	+	71	39058755	47936
chr21	39010819	39210819	harbor2	chr21	39059118	39059372	LTR/ERVL-MaLR	1234	+	127	39059245	48426
chr21	39010819	39210819	harbor2	chr21	39064379	39064713	LTR/ERVL-MaLR	718	+	167	39064546	53727
chr21	39010819	39210819	harbor2	chr21	39072377	39072804	LTR/ERVL-MaLR	1479	+	214	39072591	61772
chr21	39010819	39210819	harbor2	chr21	39088276	39088373	LTR/ERVL-MaLR	1181	+	48	39088324	77505
chr21	39010819	39210819	harbor2	chr21	39088870	39089165	LTR/ERVL-MaLR	1181	+	148	39089018	78199
chr21	39010819	39210819	harbor2	chr21	39089609	39089664	LTR/ERVL-MaLR	1181	+	28	39089637	78818
chr21	39010819	39210819	harbor2	chr21	39089673	39089934	LTR/ERVL-MaLR	1682	+	130	39089803	78984
chr21	39010819	39210819	harbor2	chr21	39108788	39109034	LTR/ERVL-MaLR	461	+	123	39108911	98092
chr21	44717549	44917549	harbor2	chr21	44739677	44740010	LTR/ERVL-MaLR	906	+	166	44739843	22294
chr21	44717549	44917549	harbor2	chr21	44758017	44758178	LTR/ERVL-MaLR	463	+	80	44758097	40548
chr21	44717549	44917549	harbor2	chr21	44776550	44776911	LTR/ERVL-MaLR	2826	+	180	44776730	59181
chr21	44717549	44917549	harbor2	chr21	44789739	44790058	LTR/ERVL-MaLR	1604	+	160	44789899	72350
chr21	44717549	44917549	harbor2	chr21	44790434	44790793	LTR/ERVL-MaLR	2227	+	180	44790614	73065
chr21	44717549	44917549	harbor2	chr21	44790796	44792312	LTR/ERVL-MaLR	9762	+	758	44791554	74005
chr21	44717549	44917549	harbor2	chr21	44792314	44792672	LTR/ERVL-MaLR	1988	+	179	44792493	74944
chr21	44717549	44917549	harbor2	chr21	44794035	44794269	LTR/ERVL-MaLR	738	+	117	44794152	76603
chr21	44717549	44917549	harbor2	chr21	44795863	44796107	LTR/ERVL-MaLR	784	+	122	44795985	78436
chr21	44717549	44917549	harbor2	chr21	44804613	44804768	LTR/ERVL-MaLR	1014	+	78	44804691	87142
chr21	14339047	14539047	harbor2	chr21	14386893	14387357	LTR/ERVL-MaLR	1900	+	232	14387125	48078
chr21	14339047	14539047	harbor2	chr21	14405937	14406333	LTR/ERVL-MaLR	2114	+	198	14406135	67088
chr21	14339047	14539047	harbor2	chr21	14407496	14407613	LTR/ERVL-MaLR	522	+	58	14407554	68507
chr21	14339047	14539047	harbor2	chr21	14408444	14408515	LTR/ERVL-MaLR	483	+	36	14408480	69433
chr21	14339047	14539047	harbor2	chr21	14414342	14414682	LTR/ERVL-MaLR	1301	+	170	14414512	75465
chr21	14339047	14539047	harbor2	chr21	14432707	14433062	LTR/ERVL-MaLR	1588	+	178	14432885	93838
chr21	42276934	42476934	harbor2	chr21	42278356	42278723	LTR/ERVL-MaLR	1594	+	184	42278540	1606
chr21	42276934	42476934	harbor2	chr21	42320496	42320608	LTR/ERVL-MaLR	1167	+	56	42320552	43618
chr21	42276934	42476934	harbor2	chr21	42320832	42321239	LTR/ERVL-MaLR	1167	+	204	42321036	44102
chr21	42276934	42476934	harbor2	chr21	42355474	42355891	LTR/ERVL-MaLR	2405	+	208	42355682	78748
chr21	42276934	42476934	harbor2	chr21	42358887	42358964	LTR/ERVL-MaLR	967	+	38	42358925	81991
chr21	42276934	42476934	harbor2	chr21	42359764	42359925	LTR/ERVL-MaLR	967	+	80	42359844	82910
chr21	42154556	42354556	harbor2	chr21	42186007	42186344	LTR/ERVL-MaLR	2269	+	168	42186175	31619
chr21	42154556	42354556	harbor2	chr21	42211511	42211597	LTR/ERVL-MaLR	1314	+	43	42211554	56998
chr21	42154556	42354556	harbor2	chr21	42211934	42212209	LTR/ERVL-MaLR	1314	+	138	42212072	57516
chr21	42154556	42354556	harbor2	chr21	42212210	42212705	LTR/ERVL-MaLR	6511	+	248	42212458	57902
chr21	42154556	42354556	harbor2	chr21	42212993	42214084	LTR/ERVL-MaLR	6511	+	546	42213539	58983
chr21	42154556	42354556	harbor2	chr21	42214085	42214447	LTR/ERVL-MaLR	1452	+	181	42214266	59710
chr21	42154556	42354556	harbor2	chr21	42215914	42216271	LTR/ERVL-MaLR	2594	+	178	42216092	61536
chr21	42154556	42354556	harbor2	chr21	42247581	42248043	LTR/ERVL-MaLR	768	+	231	42247812	93256
chr21	46358915	46558915	harbor2	chr21	46450076	46450446	LTR/ERVL-MaLR	2342	+	185	46450261	91346
chr21	46358915	46558915	harbor2	chr21	46450735	46450771	LTR/ERVL-MaLR	2342	+	18	46450753	91838
chr21	46358915	46558915	harbor2	chr21	46455558	46456078	LTR/ERVL-MaLR	1305	+	260	46455818	96903
chr21	46358915	46558915	harbor2	chr21	46456266	46456723	LTR/ERVL-MaLR	1961	+	228	46456494	97579
chr21	29200088	29400088	harbor2	chr21	29205030	29205376	LTR/ERVL-MaLR	2103	+	173	29205203	5115
chr21	29200088	29400088	harbor2	chr21	29223879	29224257	LTR/ERVL-MaLR	2136	+	189	29224068	23980
chr21	29200088	29400088	harbor2	chr21	29240668	29241042	LTR/ERVL-MaLR	2146	+	187	29240855	40767
chr21	29200088	29400088	harbor2	chr21	29250460	29251048	LTR/ERVL-MaLR	2627	+	294	29250754	50666
chr21	29200088	29400088	harbor2	chr21	29257435	29257571	LTR/ERVL-MaLR	519	+	68	29257503	57415
chr21	29200088	29400088	harbor2	chr21	29265739	29266097	LTR/ERVL-MaLR	2253	+	179	29265918	65830
chr21	29200088	29400088	harbor2	chr21	29270171	29270538	LTR/ERVL-MaLR	2162	+	184	29270355	70267
chr21	29200088	29400088	harbor2	chr21	29274538	29275063	LTR/ERVL-MaLR	2282	+	262	29274800	74712
chr21	29200088	29400088	harbor2	chr21	29212667	29212983	LTR/ERVL-MaLR	1229	+	158	29212825	12737
chr21	39009540	39209540	harbor2	chr21	39036248	39036676	LTR/ERVL-MaLR	1422	+	214	39036462	26922
chr21	39009540	39209540	harbor2	chr21	39058684	39058826	LTR/ERVL-MaLR	1234	+	71	39058755	49215
chr21	39009540	39209540	harbor2	chr21	39059118	39059372	LTR/ERVL-MaLR	1234	+	127	39059245	49705
chr21	39009540	39209540	harbor2	chr21	39064379	39064713	LTR/ERVL-MaLR	718	+	167	39064546	55006
chr21	39009540	39209540	harbor2	chr21	39072377	39072804	LTR/ERVL-MaLR	1479	+	214	39072591	63051
chr21	39009540	39209540	harbor2	chr21	39088276	39088373	LTR/ERVL-MaLR	1181	+	48	39088324	78784
chr21	39009540	39209540	harbor2	chr21	39088870	39089165	LTR/ERVL-MaLR	1181	+	148	39089018	79478
chr21	39009540	39209540	harbor2	chr21	39089609	39089664	LTR/ERVL-MaLR	1181	+	28	39089637	80097
chr21	39009540	39209540	harbor2	chr21	39089673	39089934	LTR/ERVL-MaLR	1682	+	130	39089803	80263
chr21	39009540	39209540	harbor2	chr21	39108788	39109034	LTR/ERVL-MaLR	461	+	123	39108911	99371
chr21	36057503	36257503	harbor2	chr21	36078428	36078828	LTR/ERVL-MaLR	860	+	200	36078628	21125
chr21	36057503	36257503	harbor2	chr21	36079108	36079144	LTR/ERVL-MaLR	860	+	18	36079126	21623
chr21	36057503	36257503	harbor2	chr21	36079795	36080191	LTR/ERVL-MaLR	2304	+	198	36079993	22490
chr21	36057503	36257503	harbor2	chr21	36088085	36088332	LTR/ERVL-MaLR	1023	+	124	36088209	30706
chr21	36057503	36257503	harbor2	chr21	36088563	36088605	LTR/ERVL-MaLR	2046	+	21	36088584	31081
chr21	36057503	36257503	harbor2	chr21	36088870	36089214	LTR/ERVL-MaLR	2046	+	172	36089042	31539
chr21	36057503	36257503	harbor2	chr21	36114742	36115187	LTR/ERVL-MaLR	1259	+	222	36114964	57461
chr21	36057503	36257503	harbor2	chr21	36120435	36120883	LTR/ERVL-MaLR	1615	+	224	36120659	63156
chr21	36057503	36257503	harbor2	chr21	36123841	36124230	LTR/ERVL-MaLR	2151	+	194	36124035	66532
chr21	36057503	36257503	harbor2	chr21	36124961	36125090	LTR/ERVL-MaLR	1302	+	64	36125025	67522
chr21	36057503	36257503	harbor2	chr21	36125394	36125681	LTR/ERVL-MaLR	1302	+	144	36125538	68035
chr21	46537399	46737399	harbor2	chr21	46572456	46572795	LTR/ERVL-MaLR	2035	+	170	46572626	35227
chr21	46537399	46737399	harbor2	chr21	46583538	46583920	LTR/ERVL-MaLR	1580	+	191	46583729	46330
chr21	46537399	46737399	harbor2	chr21	46591237	46591619	LTR/ERVL-MaLR	1806	+	191	46591428	54029
chr21	46537399	46737399	harbor2	chr21	46591620	46593186	LTR/ERVL-MaLR	11702	+	783	46592403	55004
chr21	46537399	46737399	harbor2	chr21	46593187	46593546	LTR/ERVL-MaLR	2082	+	180	46593367	55968
chr21	46537399	46737399	harbor2	chr21	46625850	46625958	LTR/ERVL-MaLR	504	+	54	46625904	88505
chr21	46537399	46737399	harbor2	chr21	46627580	46627667	LTR/ERVL-MaLR	1659	+	44	46627624	90225
chr21	46537399	46737399	harbor2	chr21	46628091	46628397	LTR/ERVL-MaLR	1659	+	153	46628244	90845
chr21	14337790	14537790	harbor2	chr21	14386893	14387357	LTR/ERVL-MaLR	1900	+	232	14387125	49335
chr21	14337790	14537790	harbor2	chr21	14405937	14406333	LTR/ERVL-MaLR	2114	+	198	14406135	68345
chr21	14337790	14537790	harbor2	chr21	14407496	14407613	LTR/ERVL-MaLR	522	+	58	14407554	69764
chr21	14337790	14537790	harbor2	chr21	14408444	14408515	LTR/ERVL-MaLR	483	+	36	14408480	70690
chr21	14337790	14537790	harbor2	chr21	14414342	14414682	LTR/ERVL-MaLR	1301	+	170	14414512	76722
chr21	14337790	14537790	harbor2	chr21	14432707	14433062	LTR/ERVL-MaLR	1588	+	178	14432885	95095
chr21	42468253	42668253	harbor2	chr21	42481018	42481446	LTR/ERVL-MaLR	2546	+	214	42481232	12979
chr21	46083095	46283095	harbor2	chr21	46089222	46089590	LTR/ERVL-MaLR	1126	+	184	46089406	6311
chr21	46083095	46283095	harbor2	chr21	46090136	46090631	LTR/ERVL-MaLR	1500	+	248	46090384	7289
chr21	46083095	46283095	harbor2	chr21	46156727	46157035	LTR/ERVL-MaLR	1780	+	154	46156881	73786
chr21	46083095	46283095	harbor2	chr21	46157889	46158097	LTR/ERVL-MaLR	776	+	104	46157993	74898
chr21	14338290	14538290	harbor2	chr21	14386893	14387357	LTR/ERVL-MaLR	1900	+	232	14387125	48835
chr21	14338290	14538290	harbor2	chr21	14405937	14406333	LTR/ERVL-MaLR	2114	+	198	14406135	67845
chr21	14338290	14538290	harbor2	chr21	14407496	14407613	LTR/ERVL-MaLR	522	+	58	14407554	69264
chr21	14338290	14538290	harbor2	chr21	14408444	14408515	LTR/ERVL-MaLR	483	+	36	14408480	70190
chr21	14338290	14538290	harbor2	chr21	14414342	14414682	LTR/ERVL-MaLR	1301	+	170	14414512	76222
chr21	14338290	14538290	harbor2	chr21	14432707	14433062	LTR/ERVL-MaLR	1588	+	178	14432885	94595
chr21	15630231	15830231	harbor2	chr21	15647851	15648219	LTR/ERVL-MaLR	1984	+	184	15648035	17804
chr21	15630231	15830231	harbor2	chr21	15665110	15665460	LTR/ERVL-MaLR	1978	+	175	15665285	35054
chr21	15630231	15830231	harbor2	chr21	15675745	15676062	LTR/ERVL-MaLR	1391	+	158	15675903	45672
chr21	15630231	15830231	harbor2	chr21	15676696	15677165	LTR/ERVL-MaLR	883	+	234	15676930	46699
chr21	15630231	15830231	harbor2	chr21	15687193	15687553	LTR/ERVL-MaLR	1895	+	180	15687373	57142
chr21	15630231	15830231	harbor2	chr21	15702632	15703055	LTR/ERVL-MaLR	2651	+	212	15702844	72613
chr21	15630231	15830231	harbor2	chr21	15705122	15705463	LTR/ERVL-MaLR	2122	+	170	15705292	75061
chr21	15630231	15830231	harbor2	chr21	15720053	15720229	LTR/ERVL-MaLR	2193	+	88	15720141	89910
chr21	15630231	15830231	harbor2	chr21	15720552	15720809	LTR/ERVL-MaLR	2193	+	128	15720680	90449
chr21	15630231	15830231	harbor2	chr21	15725987	15726376	LTR/ERVL-MaLR	1672	+	194	15726181	95950
chr21	46225203	46425203	harbor2	chr21	46232319	46232471	LTR/ERVL-MaLR	521	+	76	46232395	7192
chr21	46225203	46425203	harbor2	chr21	46250343	46250865	LTR/ERVL-MaLR	1984	+	261	46250604	25401
chr21	46225203	46425203	harbor2	chr21	46253401	46253655	LTR/ERVL-MaLR	1013	+	127	46253528	28325
chr21	46225203	46425203	harbor2	chr21	46253918	46254182	LTR/ERVL-MaLR	1367	+	132	46254050	28847
chr21	46225203	46425203	harbor2	chr21	46308683	46309032	LTR/ERVL-MaLR	2035	+	174	46308857	83654
chr21	14395178	14595178	harbor2	chr21	14405937	14406333	LTR/ERVL-MaLR	2114	+	198	14406135	10957
chr21	14395178	14595178	harbor2	chr21	14407496	14407613	LTR/ERVL-MaLR	522	+	58	14407554	12376
chr21	14395178	14595178	harbor2	chr21	14408444	14408515	LTR/ERVL-MaLR	483	+	36	14408480	13302
chr21	14395178	14595178	harbor2	chr21	14414342	14414682	LTR/ERVL-MaLR	1301	+	170	14414512	19334
chr21	14395178	14595178	harbor2	chr21	14432707	14433062	LTR/ERVL-MaLR	1588	+	178	14432885	37707
chr21	33379900	33579900	harbor2	chr21	33392853	33393145	LTR/ERVL-MaLR	1551	+	146	33392999	13099
chr21	33379900	33579900	harbor2	chr21	33393455	33393552	LTR/ERVL-MaLR	1551	+	48	33393503	13603
chr21	33379900	33579900	harbor2	chr21	33394089	33394195	LTR/ERVL-MaLR	573	+	53	33394142	14242
chr21	33379900	33579900	harbor2	chr21	33399122	33399325	LTR/ERVL-MaLR	2430	+	102	33399224	19324
chr21	33379900	33579900	harbor2	chr21	33399629	33399848	LTR/ERVL-MaLR	2430	+	110	33399739	19839
chr21	33379900	33579900	harbor2	chr21	33411468	33411907	LTR/ERVL-MaLR	1557	+	220	33411688	31788
chr21	33379900	33579900	harbor2	chr21	33469492	33469987	LTR/ERVL-MaLR	1728	+	248	33469740	89840
chr21	43244199	43444199	harbor2	chr21	43285407	43285679	LTR/ERVL-MaLR	1375	+	136	43285543	41344
chr21	43244199	43444199	harbor2	chr21	43285680	43285784	LTR/ERVL-MaLR	537	+	52	43285732	41533
chr21	43244199	43444199	harbor2	chr21	43285785	43285889	LTR/ERVL-MaLR	545	+	52	43285837	41638
chr21	43244199	43444199	harbor2	chr21	43285890	43285994	LTR/ERVL-MaLR	540	+	52	43285942	41743
chr21	43244199	43444199	harbor2	chr21	43285995	43286099	LTR/ERVL-MaLR	504	+	52	43286047	41848
chr21	43244199	43444199	harbor2	chr21	43286100	43286204	LTR/ERVL-MaLR	533	+	52	43286152	41953
chr21	43244199	43444199	harbor2	chr21	43286205	43286423	LTR/ERVL-MaLR	1053	+	109	43286314	42115
chr21	43244199	43444199	harbor2	chr21	43289424	43289736	LTR/ERVL-MaLR	469	+	156	43289580	45381
chr21	43244199	43444199	harbor2	chr21	43304151	43304512	LTR/ERVL-MaLR	1491	+	180	43304331	60132
chr21	43244199	43444199	harbor2	chr21	43316871	43317290	LTR/ERVL-MaLR	802	+	210	43317081	72882
chr21	43244199	43444199	harbor2	chr21	43317608	43317664	LTR/ERVL-MaLR	802	+	28	43317636	73437
chr21	43244199	43444199	harbor2	chr21	43320356	43320769	LTR/ERVL-MaLR	1332	+	206	43320562	76363
chr21	43244199	43444199	harbor2	chr21	43328589	43329017	LTR/ERVL-MaLR	1230	+	214	43328803	84604
chr21	43244199	43444199	harbor2	chr21	43339845	43340070	LTR/ERVL-MaLR	634	+	112	43339957	95758
chr21	44410603	44610603	harbor2	chr21	44415222	44415652	LTR/ERVL-MaLR	1399	+	215	44415437	4834
chr21	44410603	44610603	harbor2	chr21	44464713	44464875	LTR/ERVL-MaLR	601	+	81	44464794	54191
chr21	44410603	44610603	harbor2	chr21	44464946	44465124	LTR/ERVL-MaLR	837	+	89	44465035	54432
chr21	44410603	44610603	harbor2	chr21	44476117	44476460	LTR/ERVL-MaLR	1879	+	172	44476289	65686
chr22	19075418	19275418	harbor2	chr22	19153185	19153729	LTR/ERVL-MaLR	660	+	272	19153457	78039
chr22	19075418	19275418	harbor2	chr22	19153736	19154082	LTR/ERVL-MaLR	773	+	173	19153909	78491
chr22	42989451	43189451	harbor2	chr22	43005818	43005954	LTR/ERVL-MaLR	700	+	68	43005886	16435
chr22	42989451	43189451	harbor2	chr22	43006098	43006316	LTR/ERVL-MaLR	801	+	109	43006207	16756
chr22	42989451	43189451	harbor2	chr22	43085385	43085710	LTR/ERVL-MaLR	1973	+	162	43085547	96096
chr22	47146075	47346075	harbor2	chr22	47178770	47179139	LTR/ERVL-MaLR	2205	+	184	47178954	32879
chr22	47146075	47346075	harbor2	chr22	47207313	47207798	LTR/ERVL-MaLR	1728	+	242	47207555	61480
chr22	47146075	47346075	harbor2	chr22	47214028	47214500	LTR/ERVL-MaLR	651	+	236	47214264	68189
chr22	47146075	47346075	harbor2	chr22	47221638	47222086	LTR/ERVL-MaLR	1695	+	224	47221862	75787
chr22	50581425	50781425	harbor2	chr22	50595417	50595641	LTR/ERVL-MaLR	1034	+	112	50595529	14104
chr22	50581425	50781425	harbor2	chr22	50595956	50596250	LTR/ERVL-MaLR	1034	+	147	50596103	14678
chr22	22590069	22790069	harbor2	chr22	22592850	22593010	LTR/ERVL-MaLR	543	+	80	22592930	2861
chr22	22590069	22790069	harbor2	chr22	22593014	22593408	LTR/ERVL-MaLR	1520	+	197	22593211	3142
chr22	22590069	22790069	harbor2	chr22	22671828	22671984	LTR/ERVL-MaLR	541	+	78	22671906	81837
chr22	22590069	22790069	harbor2	chr22	22672000	22672396	LTR/ERVL-MaLR	1556	+	198	22672198	82129
chr22	42989456	43189456	harbor2	chr22	43005818	43005954	LTR/ERVL-MaLR	700	+	68	43005886	16430
chr22	42989456	43189456	harbor2	chr22	43006098	43006316	LTR/ERVL-MaLR	801	+	109	43006207	16751
chr22	42989456	43189456	harbor2	chr22	43085385	43085710	LTR/ERVL-MaLR	1973	+	162	43085547	96091
chr22	43933826	44133826	harbor2	chr22	43937848	43938211	LTR/ERVL-MaLR	1962	+	182	43938030	4204
chr22	43933826	44133826	harbor2	chr22	44021825	44021990	LTR/ERVL-MaLR	671	+	82	44021907	88081
chr22	42989457	43189457	harbor2	chr22	43005818	43005954	LTR/ERVL-MaLR	700	+	68	43005886	16429
chr22	42989457	43189457	harbor2	chr22	43006098	43006316	LTR/ERVL-MaLR	801	+	109	43006207	16750
chr22	42989457	43189457	harbor2	chr22	43085385	43085710	LTR/ERVL-MaLR	1973	+	162	43085547	96090
chr22	43477459	43677459	harbor2	chr22	43513447	43513610	LTR/ERVL-MaLR	630	+	82	43513529	36070
chr22	43477459	43677459	harbor2	chr22	43529413	43529895	LTR/ERVL-MaLR	1501	+	241	43529654	52195
chr22	43477459	43677459	harbor2	chr22	43534083	43534451	LTR/ERVL-MaLR	2313	+	184	43534267	56808
chr22	43477459	43677459	harbor2	chr22	43544668	43544790	LTR/ERVL-MaLR	437	+	61	43544729	67270
chr22	43477459	43677459	harbor2	chr22	43564984	43565300	LTR/ERVL-MaLR	413	+	158	43565142	87683
chr22	50061646	50261646	harbor2	chr22	50086974	50087368	LTR/ERVL-MaLR	2724	+	197	50087171	25525
chr22	50061646	50261646	harbor2	chr22	50099105	50099353	LTR/ERVL-MaLR	1145	+	124	50099229	37583
chr22	42989737	43189737	harbor2	chr22	43005818	43005954	LTR/ERVL-MaLR	700	+	68	43005886	16149
chr22	42989737	43189737	harbor2	chr22	43006098	43006316	LTR/ERVL-MaLR	801	+	109	43006207	16470
chr22	42989737	43189737	harbor2	chr22	43085385	43085710	LTR/ERVL-MaLR	1973	+	162	43085547	95810
chr22	44398337	44598337	harbor2	chr22	44416265	44416624	LTR/ERVL-MaLR	2343	+	180	44416445	18108
chr22	44398337	44598337	harbor2	chr22	44428889	44429231	LTR/ERVL-MaLR	680	+	171	44429060	30723
chr22	44398337	44598337	harbor2	chr22	44433753	44434149	LTR/ERVL-MaLR	1318	+	198	44433951	35614
chr22	44398337	44598337	harbor2	chr22	44451240	44451372	LTR/ERVL-MaLR	511	+	66	44451306	52969
chr22	44398337	44598337	harbor2	chr22	44451992	44452396	LTR/ERVL-MaLR	2151	+	202	44452194	53857
chr22	44398337	44598337	harbor2	chr22	44455091	44455564	LTR/ERVL-MaLR	423	+	236	44455327	56990
chr22	44398337	44598337	harbor2	chr22	44472195	44472571	LTR/ERVL-MaLR	1955	+	188	44472383	74046
chr22	44398337	44598337	harbor2	chr22	44472572	44474014	LTR/ERVL-MaLR	4812	+	721	44473293	74956
chr22	44398337	44598337	harbor2	chr22	44474151	44474510	LTR/ERVL-MaLR	1905	+	180	44474331	75994
chr22	44398337	44598337	harbor2	chr22	44474517	44474875	LTR/ERVL-MaLR	1991	+	179	44474696	76359
chr22	49692745	49892745	harbor2	chr22	49700474	49700838	LTR/ERVL-MaLR	2408	+	182	49700656	7911
chr22	49692745	49892745	harbor2	chr22	49723986	49724419	LTR/ERVL-MaLR	931	+	216	49724202	31457
chr22	49692745	49892745	harbor2	chr22	49733895	49734275	LTR/ERVL-MaLR	674	+	190	49734085	41340
chr22	49692745	49892745	harbor2	chr22	49739399	49739749	LTR/ERVL-MaLR	2318	+	175	49739574	46829
chr22	49692745	49892745	harbor2	chr22	49739750	49740631	LTR/ERVL-MaLR	6431	+	440	49740190	47445
chr22	49692745	49892745	harbor2	chr22	49752395	49752910	LTR/ERVL-MaLR	961	+	258	49752653	59908
chr22	49692745	49892745	harbor2	chr22	49759132	49759277	LTR/ERVL-MaLR	755	+	72	49759204	66459
chr22	49692745	49892745	harbor2	chr22	49759284	49759420	LTR/ERVL-MaLR	841	+	68	49759352	66607
chr22	49664584	49864584	harbor2	chr22	49691124	49691470	LTR/ERVL-MaLR	1025	+	173	49691297	26713
chr22	49664584	49864584	harbor2	chr22	49700474	49700838	LTR/ERVL-MaLR	2408	+	182	49700656	36072
chr22	49664584	49864584	harbor2	chr22	49723986	49724419	LTR/ERVL-MaLR	931	+	216	49724202	59618
chr22	49664584	49864584	harbor2	chr22	49733895	49734275	LTR/ERVL-MaLR	674	+	190	49734085	69501
chr22	49664584	49864584	harbor2	chr22	49739399	49739749	LTR/ERVL-MaLR	2318	+	175	49739574	74990
chr22	49664584	49864584	harbor2	chr22	49739750	49740631	LTR/ERVL-MaLR	6431	+	440	49740190	75606
chr22	49664584	49864584	harbor2	chr22	49752395	49752910	LTR/ERVL-MaLR	961	+	258	49752653	88069
chr22	49664584	49864584	harbor2	chr22	49759132	49759277	LTR/ERVL-MaLR	755	+	72	49759204	94620
chr22	49664584	49864584	harbor2	chr22	49759284	49759420	LTR/ERVL-MaLR	841	+	68	49759352	94768
chr22	42989453	43189453	harbor2	chr22	43005818	43005954	LTR/ERVL-MaLR	700	+	68	43005886	16433
chr22	42989453	43189453	harbor2	chr22	43006098	43006316	LTR/ERVL-MaLR	801	+	109	43006207	16754
chr22	42989453	43189453	harbor2	chr22	43085385	43085710	LTR/ERVL-MaLR	1973	+	162	43085547	96094
chr22	19833717	20033717	harbor2	chr22	19846572	19846918	LTR/ERVL-MaLR	1879	+	173	19846745	13028
chr22	19833717	20033717	harbor2	chr22	19881944	19882154	LTR/ERVL-MaLR	703	+	105	19882049	48332
chr22	19833717	20033717	harbor2	chr22	19928613	19928724	LTR/ERVL-MaLR	1386	+	56	19928669	94952
chr22	19833717	20033717	harbor2	chr22	19929020	19929045	LTR/ERVL-MaLR	1386	+	12	19929032	95315
chr22	19833717	20033717	harbor2	chr22	19929346	19929357	LTR/ERVL-MaLR	1386	+	6	19929352	95635
chr22	19833717	20033717	harbor2	chr22	19929517	19929753	LTR/ERVL-MaLR	1386	+	118	19929635	95918
chr22	43079252	43279252	harbor2	chr22	43085385	43085710	LTR/ERVL-MaLR	1973	+	162	43085547	6295
chr22	43079252	43279252	harbor2	chr22	43177061	43177086	LTR/ERVL-MaLR	1930	+	12	43177073	97821
chr22	43079252	43279252	harbor2	chr22	43177400	43177894	LTR/ERVL-MaLR	1930	+	247	43177647	98395
chr22	23371069	23571069	harbor2	chr22	23376342	23376750	LTR/ERVL-MaLR	1171	+	204	23376546	5477
chr22	30847666	31047666	harbor2	chr22	30866091	30866457	LTR/ERVL-MaLR	1499	+	183	30866274	18608
chr22	30847666	31047666	harbor2	chr22	30866759	30866817	LTR/ERVL-MaLR	1499	+	29	30866788	19122
chr22	26171128	26371128	harbor2	chr22	26178944	26179107	LTR/ERVL-MaLR	1549	+	82	26179026	7898
chr22	26171128	26371128	harbor2	chr22	26179405	26179621	LTR/ERVL-MaLR	1549	+	108	26179513	8385
chr22	26171128	26371128	harbor2	chr22	26195997	26196413	LTR/ERVL-MaLR	2693	+	208	26196205	25077
chr22	26171128	26371128	harbor2	chr22	26198797	26198970	LTR/ERVL-MaLR	530	+	86	26198883	27755
chr22	26171128	26371128	harbor2	chr22	26226626	26227001	LTR/ERVL-MaLR	529	+	188	26226814	55686
chr22	26171128	26371128	harbor2	chr22	26247311	26247763	LTR/ERVL-MaLR	1765	+	226	26247537	76409
chr22	36186701	36386701	harbor2	chr22	36195569	36195776	LTR/ERVL-MaLR	1202	+	104	36195673	8972
chr22	36186701	36386701	harbor2	chr22	36195818	36196011	LTR/ERVL-MaLR	1202	+	96	36195914	9213
chr22	36186701	36386701	harbor2	chr22	36231609	36231764	LTR/ERVL-MaLR	627	+	78	36231687	44986
chr22	36186701	36386701	harbor2	chr22	36273041	36273347	LTR/ERVL-MaLR	1156	+	153	36273194	86493
chr22	42989431	43189431	harbor2	chr22	43005818	43005954	LTR/ERVL-MaLR	700	+	68	43005886	16455
chr22	42989431	43189431	harbor2	chr22	43006098	43006316	LTR/ERVL-MaLR	801	+	109	43006207	16776
chr22	42989431	43189431	harbor2	chr22	43085385	43085710	LTR/ERVL-MaLR	1973	+	162	43085547	96116
chr22	46293224	46493224	harbor2	chr22	46303675	46304008	LTR/ERVL-MaLR	1224	+	166	46303841	10617
chr22	46293224	46493224	harbor2	chr22	46304290	46304345	LTR/ERVL-MaLR	1224	+	28	46304318	11094
chr22	46293224	46493224	harbor2	chr22	46382978	46383175	LTR/ERVL-MaLR	927	+	98	46383076	89852
chr22	30998853	31198853	harbor2	chr22	31007594	31007766	LTR/ERVL-MaLR	1209	+	86	31007680	8827
chr22	30998853	31198853	harbor2	chr22	31008064	31008078	LTR/ERVL-MaLR	1209	+	7	31008071	9218
chr22	30998853	31198853	harbor2	chr22	31008663	31008884	LTR/ERVL-MaLR	1209	+	110	31008773	9920
chr22	30998853	31198853	harbor2	chr22	31009198	31009258	LTR/ERVL-MaLR	1209	+	30	31009228	10375
chr22	30998853	31198853	harbor2	chr22	31009868	31010027	LTR/ERVL-MaLR	2407	+	80	31009948	11095
chr22	30998853	31198853	harbor2	chr22	31010342	31010564	LTR/ERVL-MaLR	2407	+	111	31010453	11600
chr22	30998853	31198853	harbor2	chr22	31016236	31016407	LTR/ERVL-MaLR	772	+	86	31016322	17469
chr22	30998853	31198853	harbor2	chr22	31041038	31041411	LTR/ERVL-MaLR	780	+	186	31041224	42371
chr22	30998853	31198853	harbor2	chr22	31047710	31048061	LTR/ERVL-MaLR	2999	+	176	31047886	49033
chr22	30998853	31198853	harbor2	chr22	31073334	31073705	LTR/ERVL-MaLR	422	+	186	31073520	74667
chr22	42989458	43189458	harbor2	chr22	43005818	43005954	LTR/ERVL-MaLR	700	+	68	43005886	16428
chr22	42989458	43189458	harbor2	chr22	43006098	43006316	LTR/ERVL-MaLR	801	+	109	43006207	16749
chr22	42989458	43189458	harbor2	chr22	43085385	43085710	LTR/ERVL-MaLR	1973	+	162	43085547	96089
chr22	23668508	23868508	harbor2	chr22	23721582	23721634	LTR/ERVL-MaLR	936	+	26	23721608	53100
chr22	23668508	23868508	harbor2	chr22	23722235	23722416	LTR/ERVL-MaLR	936	+	90	23722325	53817
chr22	23668508	23868508	harbor2	chr22	23727030	23727147	LTR/ERVL-MaLR	706	+	58	23727088	58580
chr22	23668508	23868508	harbor2	chr22	23727451	23727494	LTR/ERVL-MaLR	706	+	22	23727473	58965
chr22	23668508	23868508	harbor2	chr22	23727779	23728032	LTR/ERVL-MaLR	706	+	126	23727905	59397
chr22	49199648	49399648	harbor2	chr22	49205885	49206220	LTR/ERVL-MaLR	1805	+	168	49206053	6405
chr22	49199648	49399648	harbor2	chr22	49257679	49257989	LTR/ERVL-MaLR	951	+	155	49257834	58186
chr22	46151173	46351173	harbor2	chr22	46187770	46188266	LTR/ERVL-MaLR	1586	+	248	46188018	36845
chr22	46151173	46351173	harbor2	chr22	46245709	46245947	LTR/ERVL-MaLR	529	+	119	46245828	94655
chr22	43480672	43680672	harbor2	chr22	43513447	43513610	LTR/ERVL-MaLR	630	+	82	43513529	32857
chr22	43480672	43680672	harbor2	chr22	43529413	43529895	LTR/ERVL-MaLR	1501	+	241	43529654	48982
chr22	43480672	43680672	harbor2	chr22	43534083	43534451	LTR/ERVL-MaLR	2313	+	184	43534267	53595
chr22	43480672	43680672	harbor2	chr22	43544668	43544790	LTR/ERVL-MaLR	437	+	61	43544729	64057
chr22	43480672	43680672	harbor2	chr22	43564984	43565300	LTR/ERVL-MaLR	413	+	158	43565142	84470
chr22	36919222	37119222	harbor2	chr22	36920297	36920586	LTR/ERVL-MaLR	1051	+	144	36920441	1219
chr22	36919222	37119222	harbor2	chr22	36956467	36956905	LTR/ERVL-MaLR	2725	+	219	36956686	37464
chr22	36919222	37119222	harbor2	chr22	36964193	36964699	LTR/ERVL-MaLR	1393	+	253	36964446	45224
chr22	36919222	37119222	harbor2	chr22	36989698	36990164	LTR/ERVL-MaLR	1049	+	233	36989931	70709
chr22	36919222	37119222	harbor2	chr22	36995649	36995888	LTR/ERVL-MaLR	1397	+	120	36995769	76547
chr22	36919222	37119222	harbor2	chr22	37004988	37005417	LTR/ERVL-MaLR	1195	+	214	37005202	85980
chr22	36919222	37119222	harbor2	chr22	37005419	37006723	LTR/ERVL-MaLR	1825	+	652	37006071	86849
chr22	36919222	37119222	harbor2	chr22	37006726	37007239	LTR/ERVL-MaLR	2185	+	256	37006982	87760
chr22	36919213	37119213	harbor2	chr22	36920297	36920586	LTR/ERVL-MaLR	1051	+	144	36920441	1228
chr22	36919213	37119213	harbor2	chr22	36956467	36956905	LTR/ERVL-MaLR	2725	+	219	36956686	37473
chr22	36919213	37119213	harbor2	chr22	36964193	36964699	LTR/ERVL-MaLR	1393	+	253	36964446	45233
chr22	36919213	37119213	harbor2	chr22	36989698	36990164	LTR/ERVL-MaLR	1049	+	233	36989931	70718
chr22	36919213	37119213	harbor2	chr22	36995649	36995888	LTR/ERVL-MaLR	1397	+	120	36995769	76556
chr22	36919213	37119213	harbor2	chr22	37004988	37005417	LTR/ERVL-MaLR	1195	+	214	37005202	85989
chr22	36919213	37119213	harbor2	chr22	37005419	37006723	LTR/ERVL-MaLR	1825	+	652	37006071	86858
chr22	36919213	37119213	harbor2	chr22	37006726	37007239	LTR/ERVL-MaLR	2185	+	256	37006982	87769
chr22	42989450	43189450	harbor2	chr22	43005818	43005954	LTR/ERVL-MaLR	700	+	68	43005886	16436
chr22	42989450	43189450	harbor2	chr22	43006098	43006316	LTR/ERVL-MaLR	801	+	109	43006207	16757
chr22	42989450	43189450	harbor2	chr22	43085385	43085710	LTR/ERVL-MaLR	1973	+	162	43085547	96097
chr22	22015058	22215058	harbor2	chr22	22047919	22048228	LTR/ERVL-MaLR	544	+	154	22048073	33015
chr22	22015058	22215058	harbor2	chr22	22065597	22065811	LTR/ERVL-MaLR	587	+	107	22065704	50646
chr22	22015058	22215058	harbor2	chr22	22066124	22066182	LTR/ERVL-MaLR	587	+	29	22066153	51095
chr22	22015058	22215058	harbor2	chr22	22066571	22066834	LTR/ERVL-MaLR	901	+	132	22066703	51645
chr22	22015058	22215058	harbor2	chr22	22067895	22068379	LTR/ERVL-MaLR	1461	+	242	22068137	53079
chr22	22015058	22215058	harbor2	chr22	22091390	22091644	LTR/ERVL-MaLR	588	+	127	22091517	76459
chr22	22015058	22215058	harbor2	chr22	22111752	22112005	LTR/ERVL-MaLR	752	+	126	22111878	96820
chr22	36186697	36386697	harbor2	chr22	36195569	36195776	LTR/ERVL-MaLR	1202	+	104	36195673	8976
chr22	36186697	36386697	harbor2	chr22	36195818	36196011	LTR/ERVL-MaLR	1202	+	96	36195914	9217
chr22	36186697	36386697	harbor2	chr22	36231609	36231764	LTR/ERVL-MaLR	627	+	78	36231687	44990
chr22	36186697	36386697	harbor2	chr22	36273041	36273347	LTR/ERVL-MaLR	1156	+	153	36273194	86497
chr22	24018494	24218494	harbor2	chr22	24027506	24027899	LTR/ERVL-MaLR	1962	+	196	24027702	9208
chr22	46387837	46587837	harbor2	chr22	46411943	46412336	LTR/ERVL-MaLR	1059	+	196	46412139	24302
chr22	46387837	46587837	harbor2	chr22	46426623	46426973	LTR/ERVL-MaLR	1373	+	175	46426798	38961
chr22	46387837	46587837	harbor2	chr22	46451711	46452164	LTR/ERVL-MaLR	846	+	226	46451937	64100
chr22	46387837	46587837	harbor2	chr22	46453917	46454353	LTR/ERVL-MaLR	1349	+	218	46454135	66298
chr22	46387837	46587837	harbor2	chr22	46454854	46455222	LTR/ERVL-MaLR	1306	+	184	46455038	67201
chr22	46387837	46587837	harbor2	chr22	46466759	46467110	LTR/ERVL-MaLR	1274	+	176	46466935	79098
chr22	36186696	36386696	harbor2	chr22	36195569	36195776	LTR/ERVL-MaLR	1202	+	104	36195673	8977
chr22	36186696	36386696	harbor2	chr22	36195818	36196011	LTR/ERVL-MaLR	1202	+	96	36195914	9218
chr22	36186696	36386696	harbor2	chr22	36231609	36231764	LTR/ERVL-MaLR	627	+	78	36231687	44991
chr22	36186696	36386696	harbor2	chr22	36273041	36273347	LTR/ERVL-MaLR	1156	+	153	36273194	86498
chr22	36186702	36386702	harbor2	chr22	36195569	36195776	LTR/ERVL-MaLR	1202	+	104	36195673	8971
chr22	36186702	36386702	harbor2	chr22	36195818	36196011	LTR/ERVL-MaLR	1202	+	96	36195914	9212
chr22	36186702	36386702	harbor2	chr22	36231609	36231764	LTR/ERVL-MaLR	627	+	78	36231687	44985
chr22	36186702	36386702	harbor2	chr22	36273041	36273347	LTR/ERVL-MaLR	1156	+	153	36273194	86492
chr22	36186690	36386690	harbor2	chr22	36195569	36195776	LTR/ERVL-MaLR	1202	+	104	36195673	8983
chr22	36186690	36386690	harbor2	chr22	36195818	36196011	LTR/ERVL-MaLR	1202	+	96	36195914	9224
chr22	36186690	36386690	harbor2	chr22	36231609	36231764	LTR/ERVL-MaLR	627	+	78	36231687	44997
chr22	36186690	36386690	harbor2	chr22	36273041	36273347	LTR/ERVL-MaLR	1156	+	153	36273194	86504
chrX	18254718	18454718	harbor2	chrX	18269179	18269553	LTR/ERVL-MaLR	2399	+	187	18269366	14648
chrX	18254718	18454718	harbor2	chrX	18313197	18313547	LTR/ERVL-MaLR	2737	+	175	18313372	58654
chrX	18254718	18454718	harbor2	chrX	18318845	18319108	LTR/ERVL-MaLR	1604	+	132	18318977	64259
chrX	18254718	18454718	harbor2	chrX	18319695	18319960	LTR/ERVL-MaLR	1075	+	132	18319827	65109
chrX	18254718	18454718	harbor2	chrX	18320103	18320212	LTR/ERVL-MaLR	834	+	54	18320157	65439
chrX	18254718	18454718	harbor2	chrX	18344462	18344810	LTR/ERVL-MaLR	2107	+	174	18344636	89918
chrX	130073359	130273359	harbor2	chrX	130153522	130153921	LTR/ERVL-MaLR	1416	+	200	130153722	80363
chrX	48409015	48609015	harbor2	chrX	48454403	48454719	LTR/ERVL-MaLR	1389	+	158	48454561	45546
chrX	48409015	48609015	harbor2	chrX	48490113	48490498	LTR/ERVL-MaLR	1659	+	192	48490305	81290
chrX	129834975	130034975	harbor2	chrX	129862198	129862603	LTR/ERVL-MaLR	1799	+	202	129862400	27425
chrX	129834975	130034975	harbor2	chrX	129888363	129888750	LTR/ERVL-MaLR	2300	+	194	129888557	53582
chrX	49762718	49962718	harbor2	chrX	49782655	49783002	LTR/ERVL-MaLR	2019	+	174	49782829	20111
chrX	49762718	49962718	harbor2	chrX	49856818	49857236	LTR/ERVL-MaLR	2008	+	209	49857027	94309
chrX	40053637	40253637	harbor2	chrX	40125577	40125797	LTR/ERVL-MaLR	801	+	110	40125687	72050
chrX	40053637	40253637	harbor2	chrX	40126861	40127082	LTR/ERVL-MaLR	1322	+	110	40126971	73334
chrX	40053637	40253637	harbor2	chrX	40127083	40127531	LTR/ERVL-MaLR	1084	+	224	40127307	73670
chrX	40053637	40253637	harbor2	chrX	40131869	40132329	LTR/ERVL-MaLR	1175	+	230	40132099	78462
chrX	40053637	40253637	harbor2	chrX	40132579	40132631	LTR/ERVL-MaLR	1175	+	26	40132605	78968
chrX	40053637	40253637	harbor2	chrX	40135956	40136223	LTR/ERVL-MaLR	644	+	134	40136090	82453
chrX	109965478	110165478	harbor2	chrX	110045529	110046006	LTR/ERVL-MaLR	753	+	238	110045767	80289
chrX	37580064	37780064	harbor2	chrX	37669347	37669758	LTR/ERVL-MaLR	2644	+	206	37669553	89489
chrX	49066465	49266465	harbor2	chrX	49108827	49108959	LTR/ERVL-MaLR	649	+	66	49108893	42428
chrX	49066465	49266465	harbor2	chrX	49108962	49109241	LTR/ERVL-MaLR	1270	+	140	49109102	42637
chrX	49066465	49266465	harbor2	chrX	49161346	49161398	LTR/ERVL-MaLR	1210	+	26	49161372	94907
chrX	49066465	49266465	harbor2	chrX	49161711	49162093	LTR/ERVL-MaLR	1210	+	191	49161902	95437
chrX	41234593	41434593	harbor2	chrX	41263063	41263427	LTR/ERVL-MaLR	1919	+	182	41263245	28652
chrX	41234593	41434593	harbor2	chrX	41268575	41268913	LTR/ERVL-MaLR	2035	+	169	41268744	34151
chrX	41234593	41434593	harbor2	chrX	41311668	41312032	LTR/ERVL-MaLR	653	+	182	41311850	77257
chrX	41234593	41434593	harbor2	chrX	41312342	41312411	LTR/ERVL-MaLR	653	+	34	41312376	77783
chrX	48805353	49005353	harbor2	chrX	48850751	48851152	LTR/ERVL-MaLR	2618	+	200	48850951	45598
chrX	48805353	49005353	harbor2	chrX	48851444	48851659	LTR/ERVL-MaLR	2618	+	108	48851552	46199
chrX	48805353	49005353	harbor2	chrX	48851661	48851829	LTR/ERVL-MaLR	865	+	84	48851745	46392
chrX	48805353	49005353	harbor2	chrX	48861961	48862117	LTR/ERVL-MaLR	1032	+	78	48862039	56686
chrX	48805353	49005353	harbor2	chrX	48862416	48862465	LTR/ERVL-MaLR	1032	+	24	48862440	57087
chrX	20396267	20596267	harbor2	chrX	20404115	20404320	LTR/ERVL-MaLR	836	+	102	20404217	7950
chrX	20396267	20596267	harbor2	chrX	20404617	20404878	LTR/ERVL-MaLR	836	+	130	20404747	8480
chrX	20396267	20596267	harbor2	chrX	20407123	20407558	LTR/ERVL-MaLR	1029	+	218	20407341	11074
chrX	20396267	20596267	harbor2	chrX	20423212	20423562	LTR/ERVL-MaLR	2141	+	175	20423387	27120
chrX	20396267	20596267	harbor2	chrX	20456483	20456851	LTR/ERVL-MaLR	2166	+	184	20456667	60400
chrX	20396267	20596267	harbor2	chrX	20465084	20465577	LTR/ERVL-MaLR	572	+	246	20465330	69063
chrX	20396267	20596267	harbor2	chrX	20474037	20474307	LTR/ERVL-MaLR	713	+	135	20474172	77905
chrX	20396267	20596267	harbor2	chrX	20474572	20474945	LTR/ERVL-MaLR	2097	+	186	20474758	78491
chrX	20396267	20596267	harbor2	chrX	20487974	20488431	LTR/ERVL-MaLR	1579	+	228	20488202	91935
chrX	20396267	20596267	harbor2	chrX	20488451	20488791	LTR/ERVL-MaLR	2133	+	170	20488621	92354
chrX	16520297	16720297	harbor2	chrX	16547740	16547901	LTR/ERVL-MaLR	753	+	80	16547820	27523
