H_chr	H_start	H_end	Harbor	TE_chr	TE_start	TE_end	TE	score	TE_strand	TE_half	TE_middle_pos	TE_dis
chr1	6394942	6594942	harbor1	chr1	6395075	6396293	LTR/ERV1	6964	-	609	6395684	742
chr1	26400749	26600749	harbor1	chr1	26483294	26483414	LTR/ERV1	4122	-	60	26483354	82605
chr1	26400749	26600749	harbor1	chr1	26483724	26484149	LTR/ERV1	4122	-	212	26483936	83187
chr1	16423038	16623038	harbor1	chr1	16468893	16469525	LTR/ERV1	2838	-	316	16469209	46171
chr1	16423038	16623038	harbor1	chr1	16502573	16502674	LTR/ERV1	1586	-	50	16502623	79585
chr1	16423038	16623038	harbor1	chr1	16502972	16503125	LTR/ERV1	1586	-	76	16503048	80010
chr1	16423038	16623038	harbor1	chr1	16506477	16507011	LTR/ERV1	1606	-	267	16506744	83706
chr1	16423038	16623038	harbor1	chr1	16508346	16508502	LTR/ERV1	468	-	78	16508424	85386
chr1	16423038	16623038	harbor1	chr1	16509067	16509587	LTR/ERV1	2264	-	260	16509327	86289
chr1	16423038	16623038	harbor1	chr1	16516156	16516737	LTR/ERV1	3174	-	290	16516446	93408
chr1	16423038	16623038	harbor1	chr1	16517078	16517227	LTR/ERV1	3174	-	74	16517152	94114
chr1	16423038	16623038	harbor1	chr1	16517243	16517559	LTR/ERV1	614	-	158	16517401	94363
chr1	16423038	16623038	harbor1	chr1	16517578	16517732	LTR/ERV1	1031	-	77	16517655	94617
chr1	16423038	16623038	harbor1	chr1	16518054	16518103	LTR/ERV1	1031	-	24	16518078	95040
chr1	6046640	6246640	harbor1	chr1	6054248	6054348	LTR/ERV1	3733	-	50	6054298	7658
chr1	6046640	6246640	harbor1	chr1	6054584	6055032	LTR/ERV1	3733	-	224	6054808	8168
chr1	16507813	16707813	harbor1	chr1	16508346	16508502	LTR/ERV1	468	-	78	16508424	611
chr1	16507813	16707813	harbor1	chr1	16509067	16509587	LTR/ERV1	2264	-	260	16509327	1514
chr1	16507813	16707813	harbor1	chr1	16516156	16516737	LTR/ERV1	3174	-	290	16516446	8633
chr1	16507813	16707813	harbor1	chr1	16517078	16517227	LTR/ERV1	3174	-	74	16517152	9339
chr1	16507813	16707813	harbor1	chr1	16517243	16517559	LTR/ERV1	614	-	158	16517401	9588
chr1	16507813	16707813	harbor1	chr1	16517578	16517732	LTR/ERV1	1031	-	77	16517655	9842
chr1	16507813	16707813	harbor1	chr1	16518054	16518103	LTR/ERV1	1031	-	24	16518078	10265
chr1	16507813	16707813	harbor1	chr1	16529151	16530064	LTR/ERV1	2695	-	456	16529607	21794
chr1	16507813	16707813	harbor1	chr1	16530372	16531095	LTR/ERV1	2695	-	362	16530734	22921
chr1	227441506	227641506	harbor1	chr1	227449360	227449533	LTR/ERV1	4486	-	86	227449446	7940
chr1	227441506	227641506	harbor1	chr1	227449828	227450396	LTR/ERV1	4486	-	284	227450112	8606
chr1	227441506	227641506	harbor1	chr1	227495272	227496668	LTR/ERV1	7841	-	698	227495970	54464
chr1	227441506	227641506	harbor1	chr1	227496775	227496874	LTR/ERV1	7841	-	50	227496825	55319
chr1	227441506	227641506	harbor1	chr1	227497528	227499185	LTR/ERV1	7841	-	828	227498356	56850
chr1	108941871	109141871	harbor1	chr1	108967270	108968015	LTR/ERV1	5870	-	372	108967642	25771
chr1	211033794	211233794	harbor1	chr1	211035968	211036465	LTR/ERV1	3294	-	248	211036216	2422
chr1	6294371	6494371	harbor1	chr1	6367283	6368326	LTR/ERV1	4909	-	522	6367805	73434
chr1	6294371	6494371	harbor1	chr1	6368489	6368927	LTR/ERV1	1731	-	219	6368708	74337
chr1	33156095	33356095	harbor1	chr1	33235511	33235861	LTR/ERV1	1853	-	175	33235686	79591
chr1	717645	917645	harbor1	chr1	788635	788750	LTR/ERV1	633	-	58	788693	71048
chr1	47316941	47516941	harbor1	chr1	47360821	47361112	LTR/ERV1	3755	-	146	47360967	44026
chr1	47316941	47516941	harbor1	chr1	47361398	47361770	LTR/ERV1	3755	-	186	47361584	44643
chr1	47316941	47516941	harbor1	chr1	47378969	47379540	LTR/ERV1	3112	-	286	47379255	62314
chr1	47316941	47516941	harbor1	chr1	47393146	47393394	LTR/ERV1	1189	-	124	47393270	76329
chr1	47316941	47516941	harbor1	chr1	47393428	47393603	LTR/ERV1	1143	-	88	47393516	76575
chr1	47316941	47516941	harbor1	chr1	47393602	47393690	LTR/ERV1	464	-	44	47393646	76705
chr1	47316941	47516941	harbor1	chr1	47393691	47393844	LTR/ERV1	1095	-	76	47393767	76826
chr1	16504018	16704018	harbor1	chr1	16506477	16507011	LTR/ERV1	1606	-	267	16506744	2726
chr1	16504018	16704018	harbor1	chr1	16508346	16508502	LTR/ERV1	468	-	78	16508424	4406
chr1	16504018	16704018	harbor1	chr1	16509067	16509587	LTR/ERV1	2264	-	260	16509327	5309
chr1	16504018	16704018	harbor1	chr1	16516156	16516737	LTR/ERV1	3174	-	290	16516446	12428
chr1	16504018	16704018	harbor1	chr1	16517078	16517227	LTR/ERV1	3174	-	74	16517152	13134
chr1	16504018	16704018	harbor1	chr1	16517243	16517559	LTR/ERV1	614	-	158	16517401	13383
chr1	16504018	16704018	harbor1	chr1	16517578	16517732	LTR/ERV1	1031	-	77	16517655	13637
chr1	16504018	16704018	harbor1	chr1	16518054	16518103	LTR/ERV1	1031	-	24	16518078	14060
chr1	16504018	16704018	harbor1	chr1	16529151	16530064	LTR/ERV1	2695	-	456	16529607	25589
chr1	16504018	16704018	harbor1	chr1	16530372	16531095	LTR/ERV1	2695	-	362	16530734	26716
chr1	226479130	226679130	harbor1	chr1	226479326	226479467	LTR/ERV1	2793	-	70	226479396	266
chr1	226479130	226679130	harbor1	chr1	226491405	226491979	LTR/ERV1	3520	-	287	226491692	12562
chr1	226479130	226679130	harbor1	chr1	226491980	226492181	LTR/ERV1	1296	-	100	226492080	12950
chr1	226479130	226679130	harbor1	chr1	226493542	226494343	LTR/ERV1	3464	-	400	226493942	14812
chr1	226479130	226679130	harbor1	chr1	226494347	226494493	LTR/ERV1	830	-	73	226494420	15290
chr1	226479130	226679130	harbor1	chr1	226494596	226494787	LTR/ERV1	1139	-	96	226494692	15562
chr1	226479130	226679130	harbor1	chr1	226492180	226492451	LTR/ERV1	2094	-	136	226492316	13186
chr1	211033705	211233705	harbor1	chr1	211035968	211036465	LTR/ERV1	3294	-	248	211036216	2511
chr1	16513040	16713040	harbor1	chr1	16516156	16516737	LTR/ERV1	3174	-	290	16516446	3406
chr1	16513040	16713040	harbor1	chr1	16517078	16517227	LTR/ERV1	3174	-	74	16517152	4112
chr1	16513040	16713040	harbor1	chr1	16517243	16517559	LTR/ERV1	614	-	158	16517401	4361
chr1	16513040	16713040	harbor1	chr1	16517578	16517732	LTR/ERV1	1031	-	77	16517655	4615
chr1	16513040	16713040	harbor1	chr1	16518054	16518103	LTR/ERV1	1031	-	24	16518078	5038
chr1	16513040	16713040	harbor1	chr1	16529151	16530064	LTR/ERV1	2695	-	456	16529607	16567
chr1	16513040	16713040	harbor1	chr1	16530372	16531095	LTR/ERV1	2695	-	362	16530734	17694
chr1	47316928	47516928	harbor1	chr1	47360821	47361112	LTR/ERV1	3755	-	146	47360967	44039
chr1	47316928	47516928	harbor1	chr1	47361398	47361770	LTR/ERV1	3755	-	186	47361584	44656
chr1	47316928	47516928	harbor1	chr1	47378969	47379540	LTR/ERV1	3112	-	286	47379255	62327
chr1	47316928	47516928	harbor1	chr1	47393146	47393394	LTR/ERV1	1189	-	124	47393270	76342
chr1	47316928	47516928	harbor1	chr1	47393428	47393603	LTR/ERV1	1143	-	88	47393516	76588
chr1	47316928	47516928	harbor1	chr1	47393602	47393690	LTR/ERV1	464	-	44	47393646	76718
chr1	47316928	47516928	harbor1	chr1	47393691	47393844	LTR/ERV1	1095	-	76	47393767	76839
chr1	3431314	3631314	harbor1	chr1	3442544	3442893	LTR/ERV1	1086	-	174	3442718	11404
chr1	211033814	211233814	harbor1	chr1	211035968	211036465	LTR/ERV1	3294	-	248	211036216	2402
chr1	6684326	6884326	harbor1	chr1	6710137	6710292	LTR/ERV1	2239	-	78	6710215	25889
chr1	6684326	6884326	harbor1	chr1	6710603	6710889	LTR/ERV1	2239	-	143	6710746	26420
chr1	16625283	16825283	harbor1	chr1	16659139	16659674	LTR/ERV1	1540	-	268	16659407	34124
chr1	16625283	16825283	harbor1	chr1	16661013	16661173	LTR/ERV1	471	-	80	16661093	35810
chr1	16625283	16825283	harbor1	chr1	16661754	16662271	LTR/ERV1	2239	-	258	16662012	36729
chr1	16625283	16825283	harbor1	chr1	16668820	16669389	LTR/ERV1	2554	-	284	16669104	43821
chr1	16625283	16825283	harbor1	chr1	16670469	16671381	LTR/ERV1	1726	-	456	16670925	45642
chr1	16625207	16825207	harbor1	chr1	16659139	16659674	LTR/ERV1	1540	-	268	16659407	34200
chr1	16625207	16825207	harbor1	chr1	16661013	16661173	LTR/ERV1	471	-	80	16661093	35886
chr1	16625207	16825207	harbor1	chr1	16661754	16662271	LTR/ERV1	2239	-	258	16662012	36805
chr1	16625207	16825207	harbor1	chr1	16668820	16669389	LTR/ERV1	2554	-	284	16669104	43897
chr1	16625207	16825207	harbor1	chr1	16670469	16671381	LTR/ERV1	1726	-	456	16670925	45718
chr1	17288486	17488486	harbor1	chr1	17312023	17312177	LTR/ERV1	2297	-	77	17312100	23614
chr1	17288486	17488486	harbor1	chr1	17312479	17312909	LTR/ERV1	2297	-	215	17312694	24208
chr1	17288486	17488486	harbor1	chr1	17313563	17313654	LTR/ERV1	2297	-	46	17313609	25123
chr1	17288486	17488486	harbor1	chr1	17319576	17319978	LTR/ERV1	2331	-	201	17319777	31291
chr1	17288486	17488486	harbor1	chr1	17320280	17320908	LTR/ERV1	4776	-	314	17320594	32108
chr1	17288486	17488486	harbor1	chr1	17321737	17322206	LTR/ERV1	1816	-	234	17321971	33485
chr1	17288486	17488486	harbor1	chr1	17322508	17322741	LTR/ERV1	1816	-	116	17322624	34138
chr1	17288486	17488486	harbor1	chr1	17368056	17368236	LTR/ERV1	1699	-	90	17368146	79660
chr1	17288486	17488486	harbor1	chr1	17368549	17368759	LTR/ERV1	1699	-	105	17368654	80168
chr1	17288486	17488486	harbor1	chr1	17368900	17369110	LTR/ERV1	1323	-	105	17369005	80519
chr1	16517405	16717405	harbor1	chr1	16517243	16517559	LTR/ERV1	614	-	158	16517401	4
chr1	16517405	16717405	harbor1	chr1	16517578	16517732	LTR/ERV1	1031	-	77	16517655	250
chr1	16517405	16717405	harbor1	chr1	16518054	16518103	LTR/ERV1	1031	-	24	16518078	673
chr1	16517405	16717405	harbor1	chr1	16529151	16530064	LTR/ERV1	2695	-	456	16529607	12202
chr1	16517405	16717405	harbor1	chr1	16530372	16531095	LTR/ERV1	2695	-	362	16530734	13329
chr1	16508264	16708264	harbor1	chr1	16508346	16508502	LTR/ERV1	468	-	78	16508424	160
chr1	16508264	16708264	harbor1	chr1	16509067	16509587	LTR/ERV1	2264	-	260	16509327	1063
chr1	16508264	16708264	harbor1	chr1	16516156	16516737	LTR/ERV1	3174	-	290	16516446	8182
chr1	16508264	16708264	harbor1	chr1	16517078	16517227	LTR/ERV1	3174	-	74	16517152	8888
chr1	16508264	16708264	harbor1	chr1	16517243	16517559	LTR/ERV1	614	-	158	16517401	9137
chr1	16508264	16708264	harbor1	chr1	16517578	16517732	LTR/ERV1	1031	-	77	16517655	9391
chr1	16508264	16708264	harbor1	chr1	16518054	16518103	LTR/ERV1	1031	-	24	16518078	9814
chr1	16508264	16708264	harbor1	chr1	16529151	16530064	LTR/ERV1	2695	-	456	16529607	21343
chr1	16508264	16708264	harbor1	chr1	16530372	16531095	LTR/ERV1	2695	-	362	16530734	22470
chr1	16493369	16693369	harbor1	chr1	16502573	16502674	LTR/ERV1	1586	-	50	16502623	9254
chr1	16493369	16693369	harbor1	chr1	16502972	16503125	LTR/ERV1	1586	-	76	16503048	9679
chr1	16493369	16693369	harbor1	chr1	16506477	16507011	LTR/ERV1	1606	-	267	16506744	13375
chr1	16493369	16693369	harbor1	chr1	16508346	16508502	LTR/ERV1	468	-	78	16508424	15055
chr1	16493369	16693369	harbor1	chr1	16509067	16509587	LTR/ERV1	2264	-	260	16509327	15958
chr1	16493369	16693369	harbor1	chr1	16516156	16516737	LTR/ERV1	3174	-	290	16516446	23077
chr1	16493369	16693369	harbor1	chr1	16517078	16517227	LTR/ERV1	3174	-	74	16517152	23783
chr1	16493369	16693369	harbor1	chr1	16517243	16517559	LTR/ERV1	614	-	158	16517401	24032
chr1	16493369	16693369	harbor1	chr1	16517578	16517732	LTR/ERV1	1031	-	77	16517655	24286
chr1	16493369	16693369	harbor1	chr1	16518054	16518103	LTR/ERV1	1031	-	24	16518078	24709
chr1	16493369	16693369	harbor1	chr1	16529151	16530064	LTR/ERV1	2695	-	456	16529607	36238
chr1	16493369	16693369	harbor1	chr1	16530372	16531095	LTR/ERV1	2695	-	362	16530734	37365
chr1	21742070	21942070	harbor1	chr1	21785464	21785750	LTR/ERV1	2463	-	143	21785607	43537
chr1	21742070	21942070	harbor1	chr1	21786035	21786132	LTR/ERV1	2463	-	48	21786083	44013
chr1	21742070	21942070	harbor1	chr1	21787213	21787258	LTR/ERV1	4430	-	22	21787235	45165
chr1	21742070	21942070	harbor1	chr1	21787562	21787800	LTR/ERV1	4430	-	119	21787681	45611
chr1	21742070	21942070	harbor1	chr1	21788106	21788334	LTR/ERV1	4430	-	114	21788220	46150
chr1	21742070	21942070	harbor1	chr1	21788615	21788693	LTR/ERV1	4430	-	39	21788654	46584
chr1	21742070	21942070	harbor1	chr1	21791392	21791926	LTR/ERV1	3255	-	267	21791659	49589
chr1	21742070	21942070	harbor1	chr1	21792183	21792255	LTR/ERV1	3255	-	36	21792219	50149
chr1	21742070	21942070	harbor1	chr1	21794989	21795452	LTR/ERV1	3996	-	232	21795221	53151
chr1	21742070	21942070	harbor1	chr1	21795755	21796004	LTR/ERV1	3996	-	124	21795879	53809
chr1	2420324	2620324	harbor1	chr1	2423400	2423980	LTR/ERV1	3253	-	290	2423690	3366
chr1	205330408	205530408	harbor1	chr1	205372186	205372718	LTR/ERV1	3941	-	266	205372452	42044
chr1	2375351	2575351	harbor1	chr1	2423400	2423980	LTR/ERV1	3253	-	290	2423690	48339
chr1	2375340	2575340	harbor1	chr1	2423400	2423980	LTR/ERV1	3253	-	290	2423690	48350
chr1	1	128757	harbor1	chr1	46416	46493	LTR/ERV1	631	-	38	46454	46453
chr1	1	128757	harbor1	chr1	92114	92392	LTR/ERV1	1123	-	139	92253	92252
chr1	39855348	40055348	harbor1	chr1	39919495	39919565	LTR/ERV1	495	-	35	39919530	64182
chr1	39855348	40055348	harbor1	chr1	39922811	39922878	LTR/ERV1	507	-	34	39922845	67497
chr1	39855348	40055348	harbor1	chr1	39941718	39942244	LTR/ERV1	2714	-	263	39941981	86633
chr1	15323291	15523291	harbor1	chr1	15356166	15356588	LTR/ERV1	2149	-	211	15356377	33086
chr1	755937	955937	harbor1	chr1	788635	788750	LTR/ERV1	633	-	58	788693	32756
chr1	755937	955937	harbor1	chr1	828812	828970	LTR/ERV1	794	-	79	828891	72954
chr1	755937	955937	harbor1	chr1	831109	831353	LTR/ERV1	586	-	122	831231	75294
chr1	119470501	119670501	harbor1	chr1	119472360	119472820	LTR/ERV1	2052	-	230	119472590	2089
chr1	119470501	119670501	harbor1	chr1	119483723	119484188	LTR/ERV1	2895	-	232	119483955	13454
chr1	119470501	119670501	harbor1	chr1	119484189	119485740	LTR/ERV1	6473	-	776	119484965	14464
chr1	119470501	119670501	harbor1	chr1	119489124	119489581	LTR/ERV1	2706	-	228	119489352	18851
chr1	119470501	119670501	harbor1	chr1	119568489	119569365	LTR/ERV1	4694	-	438	119568927	98426
chr1	119470501	119670501	harbor1	chr1	119471699	119472359	LTR/ERV1	3496	-	330	119472029	1528
chr1	119470501	119670501	harbor1	chr1	119485737	119489123	LTR/ERV1	16074	-	1693	119487430	16929
chr1	87225746	87425746	harbor1	chr1	87241984	87242141	LTR/ERV1	1109	-	78	87242062	16316
chr1	87225746	87425746	harbor1	chr1	87242441	87242578	LTR/ERV1	1109	-	68	87242509	16763
chr1	211033766	211233766	harbor1	chr1	211035968	211036465	LTR/ERV1	3294	-	248	211036216	2450
chr1	11498163	11698163	harbor1	chr1	11553390	11553865	LTR/ERV1	2973	-	238	11553628	55465
chr1	154985127	155185127	harbor1	chr1	155036397	155036680	LTR/ERV1	491	-	142	155036539	51412
chr1	2420521	2620521	harbor1	chr1	2423400	2423980	LTR/ERV1	3253	-	290	2423690	3169
chr1	26400777	26600777	harbor1	chr1	26483294	26483414	LTR/ERV1	4122	-	60	26483354	82577
chr1	26400777	26600777	harbor1	chr1	26483724	26484149	LTR/ERV1	4122	-	212	26483936	83159
chr1	2420836	2620836	harbor1	chr1	2423400	2423980	LTR/ERV1	3253	-	290	2423690	2854
chr1	244605801	244805801	harbor1	chr1	244681859	244682404	LTR/ERV1	3959	-	272	244682131	76330
chr1	244605801	244805801	harbor1	chr1	244682858	244683294	LTR/ERV1	2574	-	218	244683076	77275
chr1	6685401	6885401	harbor1	chr1	6710137	6710292	LTR/ERV1	2239	-	78	6710215	24814
chr1	6685401	6885401	harbor1	chr1	6710603	6710889	LTR/ERV1	2239	-	143	6710746	25345
chr1	3431205	3631205	harbor1	chr1	3442544	3442893	LTR/ERV1	1086	-	174	3442718	11513
chr1	39855400	40055400	harbor1	chr1	39919495	39919565	LTR/ERV1	495	-	35	39919530	64130
chr1	39855400	40055400	harbor1	chr1	39922811	39922878	LTR/ERV1	507	-	34	39922845	67445
chr1	39855400	40055400	harbor1	chr1	39941718	39942244	LTR/ERV1	2714	-	263	39941981	86581
chr1	2420325	2620325	harbor1	chr1	2423400	2423980	LTR/ERV1	3253	-	290	2423690	3365
chr1	16624842	16824842	harbor1	chr1	16659139	16659674	LTR/ERV1	1540	-	268	16659407	34565
chr1	16624842	16824842	harbor1	chr1	16661013	16661173	LTR/ERV1	471	-	80	16661093	36251
chr1	16624842	16824842	harbor1	chr1	16661754	16662271	LTR/ERV1	2239	-	258	16662012	37170
chr1	16624842	16824842	harbor1	chr1	16668820	16669389	LTR/ERV1	2554	-	284	16669104	44262
chr1	16624842	16824842	harbor1	chr1	16670469	16671381	LTR/ERV1	1726	-	456	16670925	46083
chr1	16625292	16825292	harbor1	chr1	16659139	16659674	LTR/ERV1	1540	-	268	16659407	34115
chr1	16625292	16825292	harbor1	chr1	16661013	16661173	LTR/ERV1	471	-	80	16661093	35801
chr1	16625292	16825292	harbor1	chr1	16661754	16662271	LTR/ERV1	2239	-	258	16662012	36720
chr1	16625292	16825292	harbor1	chr1	16668820	16669389	LTR/ERV1	2554	-	284	16669104	43812
chr1	16625292	16825292	harbor1	chr1	16670469	16671381	LTR/ERV1	1726	-	456	16670925	45633
chr1	54939721	55139721	harbor1	chr1	54939720	54940307	LTR/ERV1	2736	-	294	54940014	293
chr1	54939721	55139721	harbor1	chr1	54951142	54951873	LTR/ERV1	3452	-	366	54951508	11787
chr1	54939721	55139721	harbor1	chr1	55011491	55011759	LTR/ERV1	1307	-	134	55011625	71904
chr1	15213281	15413281	harbor1	chr1	15252137	15252591	LTR/ERV1	2161	-	227	15252364	39083
chr1	15213281	15413281	harbor1	chr1	15282855	15283342	LTR/ERV1	2940	-	244	15283099	69818
chr1	15213189	15413189	harbor1	chr1	15252137	15252591	LTR/ERV1	2161	-	227	15252364	39175
chr1	15213189	15413189	harbor1	chr1	15282855	15283342	LTR/ERV1	2940	-	244	15283099	69910
chr1	205329486	205529486	harbor1	chr1	205372186	205372718	LTR/ERV1	3941	-	266	205372452	42966
chr1	16625346	16825346	harbor1	chr1	16659139	16659674	LTR/ERV1	1540	-	268	16659407	34061
chr1	16625346	16825346	harbor1	chr1	16661013	16661173	LTR/ERV1	471	-	80	16661093	35747
chr1	16625346	16825346	harbor1	chr1	16661754	16662271	LTR/ERV1	2239	-	258	16662012	36666
chr1	16625346	16825346	harbor1	chr1	16668820	16669389	LTR/ERV1	2554	-	284	16669104	43758
chr1	16625346	16825346	harbor1	chr1	16670469	16671381	LTR/ERV1	1726	-	456	16670925	45579
chr1	11740558	11940558	harbor1	chr1	11744658	11744860	LTR/ERV1	4470	-	101	11744759	4201
chr1	11740558	11940558	harbor1	chr1	11745153	11745541	LTR/ERV1	4470	-	194	11745347	4789
chr1	4224540	4424540	harbor1	chr1	4249813	4250261	LTR/ERV1	2993	-	224	4250037	25497
chr1	4224540	4424540	harbor1	chr1	4261441	4261936	LTR/ERV1	3273	-	248	4261689	37149
chr1	4224540	4424540	harbor1	chr1	4262415	4262587	LTR/ERV1	830	-	86	4262501	37961
chr1	4224540	4424540	harbor1	chr1	4305575	4306079	LTR/ERV1	2079	-	252	4305827	81287
chr1	4224540	4424540	harbor1	chr1	4316360	4316743	LTR/ERV1	1718	-	192	4316552	92012
chr1	2420670	2620670	harbor1	chr1	2423400	2423980	LTR/ERV1	3253	-	290	2423690	3020
chr1	2375276	2575276	harbor1	chr1	2423400	2423980	LTR/ERV1	3253	-	290	2423690	48414
chr1	43447541	43647541	harbor1	chr1	43467898	43469532	LTR/ERV1	7683	-	817	43468715	21174
chr1	1292629	1492629	harbor1	chr1	1384033	1384156	LTR/ERV1	457	-	62	1384095	91466
chr1	726325	926325	harbor1	chr1	788635	788750	LTR/ERV1	633	-	58	788693	62368
chr1	2375349	2575349	harbor1	chr1	2423400	2423980	LTR/ERV1	3253	-	290	2423690	48341
chr1	86604779	86804779	harbor1	chr1	86692599	86693087	LTR/ERV1	3429	-	244	86692843	88064
chr1	86604779	86804779	harbor1	chr1	86693091	86694874	LTR/ERV1	12698	-	892	86693983	89204
chr1	25518162	25718162	harbor1	chr1	25578205	25578506	LTR/ERV1	2887	-	150	25578355	60193
chr1	25518162	25718162	harbor1	chr1	25578816	25578991	LTR/ERV1	2887	-	88	25578904	60742
chr1	25518162	25718162	harbor1	chr1	25584096	25584889	LTR/ERV1	1419	-	396	25584492	66330
chr1	53370479	53570479	harbor1	chr1	53432798	53432888	LTR/ERV1	613	-	45	53432843	62364
chr1	53370479	53570479	harbor1	chr1	53435303	53435477	LTR/ERV1	3118	-	87	53435390	64911
chr1	53370479	53570479	harbor1	chr1	53435835	53436185	LTR/ERV1	3118	-	175	53436010	65531
chr1	53370479	53570479	harbor1	chr1	53441449	53442003	LTR/ERV1	1521	-	277	53441726	71247
chr1	156525456	156725456	harbor1	chr1	156589098	156589331	LTR/ERV1	1907	-	116	156589214	63758
chr1	156525456	156725456	harbor1	chr1	156589636	156589836	LTR/ERV1	1907	-	100	156589736	64280
chr1	156525456	156725456	harbor1	chr1	156612946	156613068	LTR/ERV1	558	-	61	156613007	87551
chr1	156525456	156725456	harbor1	chr1	156613367	156613465	LTR/ERV1	558	-	49	156613416	87960
chr1	2375585	2575585	harbor1	chr1	2423400	2423980	LTR/ERV1	3253	-	290	2423690	48105
chr1	16625216	16825216	harbor1	chr1	16659139	16659674	LTR/ERV1	1540	-	268	16659407	34191
chr1	16625216	16825216	harbor1	chr1	16661013	16661173	LTR/ERV1	471	-	80	16661093	35877
chr1	16625216	16825216	harbor1	chr1	16661754	16662271	LTR/ERV1	2239	-	258	16662012	36796
chr1	16625216	16825216	harbor1	chr1	16668820	16669389	LTR/ERV1	2554	-	284	16669104	43888
chr1	16625216	16825216	harbor1	chr1	16670469	16671381	LTR/ERV1	1726	-	456	16670925	45709
chr1	16625249	16825249	harbor1	chr1	16659139	16659674	LTR/ERV1	1540	-	268	16659407	34158
chr1	16625249	16825249	harbor1	chr1	16661013	16661173	LTR/ERV1	471	-	80	16661093	35844
chr1	16625249	16825249	harbor1	chr1	16661754	16662271	LTR/ERV1	2239	-	258	16662012	36763
chr1	16625249	16825249	harbor1	chr1	16668820	16669389	LTR/ERV1	2554	-	284	16669104	43855
chr1	16625249	16825249	harbor1	chr1	16670469	16671381	LTR/ERV1	1726	-	456	16670925	45676
chr1	244589301	244789301	harbor1	chr1	244681859	244682404	LTR/ERV1	3959	-	272	244682131	92830
chr1	244589301	244789301	harbor1	chr1	244682858	244683294	LTR/ERV1	2574	-	218	244683076	93775
chr1	2420759	2620759	harbor1	chr1	2423400	2423980	LTR/ERV1	3253	-	290	2423690	2931
chr1	16596778	16796778	harbor1	chr1	16659139	16659674	LTR/ERV1	1540	-	268	16659407	62629
chr1	16596778	16796778	harbor1	chr1	16661013	16661173	LTR/ERV1	471	-	80	16661093	64315
chr1	16596778	16796778	harbor1	chr1	16661754	16662271	LTR/ERV1	2239	-	258	16662012	65234
chr1	16596778	16796778	harbor1	chr1	16668820	16669389	LTR/ERV1	2554	-	284	16669104	72326
chr1	16596778	16796778	harbor1	chr1	16670469	16671381	LTR/ERV1	1726	-	456	16670925	74147
chr1	16619578	16819578	harbor1	chr1	16659139	16659674	LTR/ERV1	1540	-	268	16659407	39829
chr1	16619578	16819578	harbor1	chr1	16661013	16661173	LTR/ERV1	471	-	80	16661093	41515
chr1	16619578	16819578	harbor1	chr1	16661754	16662271	LTR/ERV1	2239	-	258	16662012	42434
chr1	16619578	16819578	harbor1	chr1	16668820	16669389	LTR/ERV1	2554	-	284	16669104	49526
chr1	16619578	16819578	harbor1	chr1	16670469	16671381	LTR/ERV1	1726	-	456	16670925	51347
chr1	227440888	227640888	harbor1	chr1	227449360	227449533	LTR/ERV1	4486	-	86	227449446	8558
chr1	227440888	227640888	harbor1	chr1	227449828	227450396	LTR/ERV1	4486	-	284	227450112	9224
chr1	227440888	227640888	harbor1	chr1	227495272	227496668	LTR/ERV1	7841	-	698	227495970	55082
chr1	227440888	227640888	harbor1	chr1	227496775	227496874	LTR/ERV1	7841	-	50	227496825	55937
chr1	227440888	227640888	harbor1	chr1	227497528	227499185	LTR/ERV1	7841	-	828	227498356	57468
chr1	16530545	16730545	harbor1	chr1	16530372	16531095	LTR/ERV1	2695	-	362	16530734	189
chr1	154985666	155185666	harbor1	chr1	155036397	155036680	LTR/ERV1	491	-	142	155036539	50873
chr1	154400577	154600577	harbor1	chr1	154424791	154425253	LTR/ERV1	3884	-	231	154425022	24445
chr1	154400577	154600577	harbor1	chr1	154460700	154460796	LTR/ERV1	3021	-	48	154460748	60171
chr1	154400577	154600577	harbor1	chr1	154461759	154462181	LTR/ERV1	3021	-	211	154461970	61393
chr1	2420774	2620774	harbor1	chr1	2423400	2423980	LTR/ERV1	3253	-	290	2423690	2916
chr1	16625276	16825276	harbor1	chr1	16659139	16659674	LTR/ERV1	1540	-	268	16659407	34131
chr1	16625276	16825276	harbor1	chr1	16661013	16661173	LTR/ERV1	471	-	80	16661093	35817
chr1	16625276	16825276	harbor1	chr1	16661754	16662271	LTR/ERV1	2239	-	258	16662012	36736
chr1	16625276	16825276	harbor1	chr1	16668820	16669389	LTR/ERV1	2554	-	284	16669104	43828
chr1	16625276	16825276	harbor1	chr1	16670469	16671381	LTR/ERV1	1726	-	456	16670925	45649
chr1	211033792	211233792	harbor1	chr1	211035968	211036465	LTR/ERV1	3294	-	248	211036216	2424
chr1	59714670	59914670	harbor1	chr1	59753745	59754412	LTR/ERV1	1523	-	334	59754079	39409
chr1	59714670	59914670	harbor1	chr1	59754718	59755102	LTR/ERV1	1523	-	192	59754910	40240
chr1	59714670	59914670	harbor1	chr1	59755114	59755270	LTR/ERV1	498	-	78	59755192	40522
chr1	244735088	244935088	harbor1	chr1	244736074	244736665	LTR/ERV1	3991	-	296	244736370	1282
chr1	244735088	244935088	harbor1	chr1	244736972	244737108	LTR/ERV1	3991	-	68	244737040	1952
chr1	244735088	244935088	harbor1	chr1	244748357	244748681	LTR/ERV1	940	-	162	244748519	13431
chr1	244735088	244935088	harbor1	chr1	244814275	244814732	LTR/ERV1	2820	-	228	244814503	79415
chr1	2420768	2620768	harbor1	chr1	2423400	2423980	LTR/ERV1	3253	-	290	2423690	2922
chr1	25516681	25716681	harbor1	chr1	25578205	25578506	LTR/ERV1	2887	-	150	25578355	61674
chr1	25516681	25716681	harbor1	chr1	25578816	25578991	LTR/ERV1	2887	-	88	25578904	62223
chr1	25516681	25716681	harbor1	chr1	25584096	25584889	LTR/ERV1	1419	-	396	25584492	67811
chr1	116272513	116472513	harbor1	chr1	116277532	116277990	LTR/ERV1	2916	-	229	116277761	5248
chr1	116272513	116472513	harbor1	chr1	116297201	116298543	LTR/ERV1	7558	-	671	116297872	25359
chr1	244605835	244805835	harbor1	chr1	244681859	244682404	LTR/ERV1	3959	-	272	244682131	76296
chr1	244605835	244805835	harbor1	chr1	244682858	244683294	LTR/ERV1	2574	-	218	244683076	77241
chr1	244605400	244805400	harbor1	chr1	244681859	244682404	LTR/ERV1	3959	-	272	244682131	76731
chr1	244605400	244805400	harbor1	chr1	244682858	244683294	LTR/ERV1	2574	-	218	244683076	77676
chr1	16625337	16825337	harbor1	chr1	16659139	16659674	LTR/ERV1	1540	-	268	16659407	34070
chr1	16625337	16825337	harbor1	chr1	16661013	16661173	LTR/ERV1	471	-	80	16661093	35756
chr1	16625337	16825337	harbor1	chr1	16661754	16662271	LTR/ERV1	2239	-	258	16662012	36675
chr1	16625337	16825337	harbor1	chr1	16668820	16669389	LTR/ERV1	2554	-	284	16669104	43767
chr1	16625337	16825337	harbor1	chr1	16670469	16671381	LTR/ERV1	1726	-	456	16670925	45588
chr1	16625340	16825340	harbor1	chr1	16659139	16659674	LTR/ERV1	1540	-	268	16659407	34067
chr1	16625340	16825340	harbor1	chr1	16661013	16661173	LTR/ERV1	471	-	80	16661093	35753
chr1	16625340	16825340	harbor1	chr1	16661754	16662271	LTR/ERV1	2239	-	258	16662012	36672
chr1	16625340	16825340	harbor1	chr1	16668820	16669389	LTR/ERV1	2554	-	284	16669104	43764
chr1	16625340	16825340	harbor1	chr1	16670469	16671381	LTR/ERV1	1726	-	456	16670925	45585
chr1	156560255	156760255	harbor1	chr1	156589098	156589331	LTR/ERV1	1907	-	116	156589214	28959
chr1	156560255	156760255	harbor1	chr1	156589636	156589836	LTR/ERV1	1907	-	100	156589736	29481
chr1	156560255	156760255	harbor1	chr1	156612946	156613068	LTR/ERV1	558	-	61	156613007	52752
chr1	156560255	156760255	harbor1	chr1	156613367	156613465	LTR/ERV1	558	-	49	156613416	53161
chr1	2419947	2619947	harbor1	chr1	2423400	2423980	LTR/ERV1	3253	-	290	2423690	3743
chr1	30662344	30862344	harbor1	chr1	30669499	30669582	LTR/ERV1	1906	-	42	30669541	7197
chr1	30662344	30862344	harbor1	chr1	30669881	30670311	LTR/ERV1	1906	-	215	30670096	7752
chr1	156559410	156759410	harbor1	chr1	156589098	156589331	LTR/ERV1	1907	-	116	156589214	29804
chr1	156559410	156759410	harbor1	chr1	156589636	156589836	LTR/ERV1	1907	-	100	156589736	30326
chr1	156559410	156759410	harbor1	chr1	156612946	156613068	LTR/ERV1	558	-	61	156613007	53597
chr1	156559410	156759410	harbor1	chr1	156613367	156613465	LTR/ERV1	558	-	49	156613416	54006
chr1	51419171	51619171	harbor1	chr1	51449632	51449901	LTR/ERV1	1446	-	134	51449766	30595
chr1	110112132	110312132	harbor1	chr1	110187138	110187575	LTR/ERV1	2661	-	218	110187356	75224
chr1	2420749	2620749	harbor1	chr1	2423400	2423980	LTR/ERV1	3253	-	290	2423690	2941
chr1	179714840	179914840	harbor1	chr1	179762877	179763403	LTR/ERV1	3368	-	263	179763140	48300
chr1	179714840	179914840	harbor1	chr1	179774904	179775544	LTR/ERV1	3943	-	320	179775224	60384
chr1	179714840	179914840	harbor1	chr1	179805017	179805228	LTR/ERV1	593	-	106	179805123	90283
chr1	23269371	23469371	harbor1	chr1	23269802	23269844	LTR/ERV1	2253	-	21	23269823	452
chr1	23269371	23469371	harbor1	chr1	23272762	23272904	LTR/ERV1	870	-	71	23272833	3462
chr1	23269371	23469371	harbor1	chr1	23273500	23273921	LTR/ERV1	1313	-	210	23273710	4339
chr1	31080007	31280007	harbor1	chr1	31138245	31138346	LTR/ERV1	3760	-	50	31138295	58288
chr1	31080007	31280007	harbor1	chr1	31138679	31139151	LTR/ERV1	3760	-	236	31138915	58908
chr1	31080007	31280007	harbor1	chr1	31141193	31141488	LTR/ERV1	3092	-	148	31141341	61334
chr1	31080007	31280007	harbor1	chr1	31141793	31141855	LTR/ERV1	3092	-	31	31141824	61817
chr1	31080007	31280007	harbor1	chr1	31142486	31142688	LTR/ERV1	3092	-	101	31142587	62580
chr1	31080007	31280007	harbor1	chr1	31144511	31144664	LTR/ERV1	2651	-	76	31144587	64580
chr1	31080007	31280007	harbor1	chr1	31145588	31145862	LTR/ERV1	2651	-	137	31145725	65718
chr1	726411	926411	harbor1	chr1	788635	788750	LTR/ERV1	633	-	58	788693	62282
chr1	32106047	32306047	harbor1	chr1	32141732	32141852	LTR/ERV1	488	-	60	32141792	35745
chr1	244605782	244805782	harbor1	chr1	244681859	244682404	LTR/ERV1	3959	-	272	244682131	76349
chr1	244605782	244805782	harbor1	chr1	244682858	244683294	LTR/ERV1	2574	-	218	244683076	77294
chr1	20048547	20248547	harbor1	chr1	20048514	20048754	LTR/ERV1	1242	-	120	20048634	87
chr1	20048547	20248547	harbor1	chr1	20081716	20081786	LTR/ERV1	3698	-	35	20081751	33204
chr1	20048547	20248547	harbor1	chr1	20082054	20082676	LTR/ERV1	3698	-	311	20082365	33818
chr1	20048547	20248547	harbor1	chr1	20104017	20104207	LTR/ERV1	742	-	95	20104112	55565
chr1	20048547	20248547	harbor1	chr1	20105044	20105243	LTR/ERV1	3202	-	100	20105144	56597
chr1	20048547	20248547	harbor1	chr1	20105798	20106166	LTR/ERV1	3202	-	184	20105982	57435
chr1	16625259	16825259	harbor1	chr1	16659139	16659674	LTR/ERV1	1540	-	268	16659407	34148
chr1	16625259	16825259	harbor1	chr1	16661013	16661173	LTR/ERV1	471	-	80	16661093	35834
chr1	16625259	16825259	harbor1	chr1	16661754	16662271	LTR/ERV1	2239	-	258	16662012	36753
chr1	16625259	16825259	harbor1	chr1	16668820	16669389	LTR/ERV1	2554	-	284	16669104	43845
chr1	16625259	16825259	harbor1	chr1	16670469	16671381	LTR/ERV1	1726	-	456	16670925	45666
chr1	16625336	16825336	harbor1	chr1	16659139	16659674	LTR/ERV1	1540	-	268	16659407	34071
chr1	16625336	16825336	harbor1	chr1	16661013	16661173	LTR/ERV1	471	-	80	16661093	35757
chr1	16625336	16825336	harbor1	chr1	16661754	16662271	LTR/ERV1	2239	-	258	16662012	36676
chr1	16625336	16825336	harbor1	chr1	16668820	16669389	LTR/ERV1	2554	-	284	16669104	43768
chr1	16625336	16825336	harbor1	chr1	16670469	16671381	LTR/ERV1	1726	-	456	16670925	45589
chr1	3431277	3631277	harbor1	chr1	3442544	3442893	LTR/ERV1	1086	-	174	3442718	11441
chr1	2420675	2620675	harbor1	chr1	2423400	2423980	LTR/ERV1	3253	-	290	2423690	3015
chr1	3845228	4045228	harbor1	chr1	3922057	3922698	LTR/ERV1	4149	-	320	3922377	77149
chr1	1204941	1404941	harbor1	chr1	1275713	1276255	LTR/ERV1	2513	-	271	1275984	71043
chr1	1204941	1404941	harbor1	chr1	1276256	1276481	LTR/ERV1	1263	-	112	1276368	71427
chr1	1204941	1404941	harbor1	chr1	1276779	1277126	LTR/ERV1	1351	-	174	1276953	72012
chr1	1204941	1404941	harbor1	chr1	1277476	1277548	LTR/ERV1	1407	-	36	1277512	72571
chr1	1204941	1404941	harbor1	chr1	1278422	1278488	LTR/ERV1	2504	-	33	1278455	73514
chr1	1204941	1404941	harbor1	chr1	1278793	1279090	LTR/ERV1	2504	-	148	1278941	74000
chr1	1204941	1404941	harbor1	chr1	1279194	1279400	LTR/ERV1	2551	-	103	1279297	74356
chr1	1204941	1404941	harbor1	chr1	1279701	1279992	LTR/ERV1	2551	-	146	1279847	74906
chr1	1204941	1404941	harbor1	chr1	1280483	1280788	LTR/ERV1	1517	-	152	1280635	75694
chr1	1204941	1404941	harbor1	chr1	1277844	1278126	LTR/ERV1	2504	-	141	1277985	73044
chr1	2420704	2620704	harbor1	chr1	2423400	2423980	LTR/ERV1	3253	-	290	2423690	2986
chr1	194372730	194572730	harbor1	chr1	194419666	194421002	LTR/ERV1	4903	-	668	194420334	47604
chr1	194372730	194572730	harbor1	chr1	194430389	194431531	LTR/ERV1	5988	-	571	194430960	58230
chr1	230025255	230225255	harbor1	chr1	230029211	230029549	LTR/ERV1	2351	-	169	230029380	4125
chr1	230025255	230225255	harbor1	chr1	230030253	230030723	LTR/ERV1	2337	-	235	230030488	5233
chr1	2420476	2620476	harbor1	chr1	2423400	2423980	LTR/ERV1	3253	-	290	2423690	3214
chr1	2420584	2620584	harbor1	chr1	2423400	2423980	LTR/ERV1	3253	-	290	2423690	3106
chr1	47316981	47516981	harbor1	chr1	47360821	47361112	LTR/ERV1	3755	-	146	47360967	43986
chr1	47316981	47516981	harbor1	chr1	47361398	47361770	LTR/ERV1	3755	-	186	47361584	44603
chr1	47316981	47516981	harbor1	chr1	47378969	47379540	LTR/ERV1	3112	-	286	47379255	62274
chr1	47316981	47516981	harbor1	chr1	47393146	47393394	LTR/ERV1	1189	-	124	47393270	76289
chr1	47316981	47516981	harbor1	chr1	47393428	47393603	LTR/ERV1	1143	-	88	47393516	76535
chr1	47316981	47516981	harbor1	chr1	47393602	47393690	LTR/ERV1	464	-	44	47393646	76665
chr1	47316981	47516981	harbor1	chr1	47393691	47393844	LTR/ERV1	1095	-	76	47393767	76786
chr1	165531488	165731488	harbor1	chr1	165628343	165629009	LTR/ERV1	4450	-	333	165628676	97188
chr1	16625314	16825314	harbor1	chr1	16659139	16659674	LTR/ERV1	1540	-	268	16659407	34093
chr1	16625314	16825314	harbor1	chr1	16661013	16661173	LTR/ERV1	471	-	80	16661093	35779
chr1	16625314	16825314	harbor1	chr1	16661754	16662271	LTR/ERV1	2239	-	258	16662012	36698
chr1	16625314	16825314	harbor1	chr1	16668820	16669389	LTR/ERV1	2554	-	284	16669104	43790
chr1	16625314	16825314	harbor1	chr1	16670469	16671381	LTR/ERV1	1726	-	456	16670925	45611
chr1	11740582	11940582	harbor1	chr1	11744658	11744860	LTR/ERV1	4470	-	101	11744759	4177
chr1	11740582	11940582	harbor1	chr1	11745153	11745541	LTR/ERV1	4470	-	194	11745347	4765
chr1	153435311	153635311	harbor1	chr1	153465037	153465515	LTR/ERV1	2725	-	239	153465276	29965
chr1	153435311	153635311	harbor1	chr1	153484949	153485107	LTR/ERV1	681	-	79	153485028	49717
chr1	153435311	153635311	harbor1	chr1	153488519	153488615	LTR/ERV1	651	-	48	153488567	53256
chr1	153435311	153635311	harbor1	chr1	153520310	153520732	LTR/ERV1	2813	-	211	153520521	85210
chr1	153435311	153635311	harbor1	chr1	153525959	153526418	LTR/ERV1	2287	-	230	153526189	90878
chr1	153435311	153635311	harbor1	chr1	153518068	153518257	LTR/ERV1	825	-	94	153518162	82851
chr1	16523548	16723548	harbor1	chr1	16529151	16530064	LTR/ERV1	2695	-	456	16529607	6059
chr1	16523548	16723548	harbor1	chr1	16530372	16531095	LTR/ERV1	2695	-	362	16530734	7186
chr1	207819139	208019139	harbor1	chr1	207826211	207826439	LTR/ERV1	1324	-	114	207826325	7186
chr1	2375370	2575370	harbor1	chr1	2423400	2423980	LTR/ERV1	3253	-	290	2423690	48320
chr1	89721428	89921428	harbor1	chr1	89783014	89783591	LTR/ERV1	3616	-	288	89783302	61874
chr1	9589512	9789512	harbor1	chr1	9617493	9617582	LTR/ERV1	588	-	44	9617537	28025
chr1	9589512	9789512	harbor1	chr1	9621070	9621293	LTR/ERV1	1602	-	112	9621182	31670
chr1	9589512	9789512	harbor1	chr1	9646268	9646622	LTR/ERV1	1153	-	177	9646445	56933
chr1	9589512	9789512	harbor1	chr1	9647788	9648118	LTR/ERV1	743	-	165	9647953	58441
chr1	9589512	9789512	harbor1	chr1	9648119	9648241	LTR/ERV1	565	-	61	9648180	58668
chr1	9589512	9789512	harbor1	chr1	9649918	9650141	LTR/ERV1	893	-	112	9650030	60518
chr1	9589512	9789512	harbor1	chr1	9650665	9650838	LTR/ERV1	1742	-	86	9650751	61239
chr1	9589512	9789512	harbor1	chr1	9651145	9651321	LTR/ERV1	1742	-	88	9651233	61721
chr1	9589512	9789512	harbor1	chr1	9669370	9669548	LTR/ERV1	1051	-	89	9669459	79947
chr1	9589512	9789512	harbor1	chr1	9666534	9666617	LTR/ERV1	480	-	42	9666576	77064
chr1	220687422	220887422	harbor1	chr1	220701931	220702520	LTR/ERV1	2148	-	294	220702225	14803
chr1	220687422	220887422	harbor1	chr1	220715898	220716029	LTR/ERV1	608	-	66	220715964	28542
chr1	220687422	220887422	harbor1	chr1	220717661	220718006	LTR/ERV1	2302	-	172	220717833	30411
chr1	220687422	220887422	harbor1	chr1	220722863	220723114	LTR/ERV1	1751	-	126	220722989	35567
chr1	220687422	220887422	harbor1	chr1	220723118	220723175	LTR/ERV1	2998	-	28	220723146	35724
chr1	220687422	220887422	harbor1	chr1	220723477	220723885	LTR/ERV1	2998	-	204	220723681	36259
chr1	220687422	220887422	harbor1	chr1	220747377	220748023	LTR/ERV1	3006	-	323	220747700	60278
chr1	204879064	205079064	harbor1	chr1	204888284	204888614	LTR/ERV1	1580	-	165	204888449	9385
chr1	204879064	205079064	harbor1	chr1	204935263	204935598	LTR/ERV1	1602	-	168	204935431	56367
chr1	16625248	16825248	harbor1	chr1	16659139	16659674	LTR/ERV1	1540	-	268	16659407	34159
chr1	16625248	16825248	harbor1	chr1	16661013	16661173	LTR/ERV1	471	-	80	16661093	35845
chr1	16625248	16825248	harbor1	chr1	16661754	16662271	LTR/ERV1	2239	-	258	16662012	36764
chr1	16625248	16825248	harbor1	chr1	16668820	16669389	LTR/ERV1	2554	-	284	16669104	43856
chr1	16625248	16825248	harbor1	chr1	16670469	16671381	LTR/ERV1	1726	-	456	16670925	45677
chr1	6525772	6725772	harbor1	chr1	6560297	6560439	LTR/ERV1	559	-	71	6560368	34596
chr1	6525772	6725772	harbor1	chr1	6560626	6560700	LTR/ERV1	2632	-	37	6560663	34891
chr1	6525772	6725772	harbor1	chr1	6561008	6561429	LTR/ERV1	6639	-	210	6561218	35446
chr1	6525772	6725772	harbor1	chr1	6561730	6561831	LTR/ERV1	6639	-	50	6561780	36008
chr1	6525772	6725772	harbor1	chr1	6562582	6563794	LTR/ERV1	6639	-	606	6563188	37416
chr1	6525772	6725772	harbor1	chr1	6564127	6565087	LTR/ERV1	5085	-	480	6564607	38835
chr1	6525772	6725772	harbor1	chr1	6565082	6565604	LTR/ERV1	2130	-	261	6565343	39571
chr1	6525772	6725772	harbor1	chr1	6565721	6566609	LTR/ERV1	11810	-	444	6566165	40393
chr1	6525772	6725772	harbor1	chr1	6566894	6567279	LTR/ERV1	11810	-	192	6567086	41314
chr1	6525772	6725772	harbor1	chr1	6567580	6568168	LTR/ERV1	11810	-	294	6567874	42102
chr1	6525772	6725772	harbor1	chr1	6570052	6570109	LTR/ERV1	2295	-	28	6570080	44308
chr1	6525772	6725772	harbor1	chr1	6570110	6570283	LTR/ERV1	636	-	86	6570196	44424
chr1	6525772	6725772	harbor1	chr1	6568483	6570024	LTR/ERV1	11810	-	770	6569253	43481
chr1	23877841	24077841	harbor1	chr1	23934712	23934916	LTR/ERV1	1424	-	102	23934814	56973
chr1	23877841	24077841	harbor1	chr1	23950158	23950340	LTR/ERV1	520	-	91	23950249	72408
chr1	2420671	2620671	harbor1	chr1	2423400	2423980	LTR/ERV1	3253	-	290	2423690	3019
chr1	2375291	2575291	harbor1	chr1	2423400	2423980	LTR/ERV1	3253	-	290	2423690	48399
chr1	207924797	208124797	harbor1	chr1	207937780	207937827	LTR/ERV1	1555	-	24	207937804	13007
chr1	207924797	208124797	harbor1	chr1	207938137	207938469	LTR/ERV1	1555	-	166	207938303	13506
chr1	7604696	7804696	harbor1	chr1	7611877	7612631	LTR/ERV1	5366	-	377	7612254	7558
chr1	53370409	53570409	harbor1	chr1	53432798	53432888	LTR/ERV1	613	-	45	53432843	62434
chr1	53370409	53570409	harbor1	chr1	53435303	53435477	LTR/ERV1	3118	-	87	53435390	64981
chr1	53370409	53570409	harbor1	chr1	53435835	53436185	LTR/ERV1	3118	-	175	53436010	65601
chr1	53370409	53570409	harbor1	chr1	53441449	53442003	LTR/ERV1	1521	-	277	53441726	71317
chr1	1247301	1447301	harbor1	chr1	1275713	1276255	LTR/ERV1	2513	-	271	1275984	28683
chr1	1247301	1447301	harbor1	chr1	1276256	1276481	LTR/ERV1	1263	-	112	1276368	29067
chr1	1247301	1447301	harbor1	chr1	1276779	1277126	LTR/ERV1	1351	-	174	1276953	29652
chr1	1247301	1447301	harbor1	chr1	1277476	1277548	LTR/ERV1	1407	-	36	1277512	30211
chr1	1247301	1447301	harbor1	chr1	1278422	1278488	LTR/ERV1	2504	-	33	1278455	31154
chr1	1247301	1447301	harbor1	chr1	1278793	1279090	LTR/ERV1	2504	-	148	1278941	31640
chr1	1247301	1447301	harbor1	chr1	1279194	1279400	LTR/ERV1	2551	-	103	1279297	31996
chr1	1247301	1447301	harbor1	chr1	1279701	1279992	LTR/ERV1	2551	-	146	1279847	32546
chr1	1247301	1447301	harbor1	chr1	1280483	1280788	LTR/ERV1	1517	-	152	1280635	33334
chr1	1247301	1447301	harbor1	chr1	1277844	1278126	LTR/ERV1	2504	-	141	1277985	30684
chr1	43447553	43647553	harbor1	chr1	43467898	43469532	LTR/ERV1	7683	-	817	43468715	21162
chr1	2375268	2575268	harbor1	chr1	2423400	2423980	LTR/ERV1	3253	-	290	2423690	48422
chr1	26400758	26600758	harbor1	chr1	26483294	26483414	LTR/ERV1	4122	-	60	26483354	82596
chr1	26400758	26600758	harbor1	chr1	26483724	26484149	LTR/ERV1	4122	-	212	26483936	83178
chr1	230759103	230959103	harbor1	chr1	230786278	230786709	LTR/ERV1	2693	-	216	230786494	27391
chr1	230759103	230959103	harbor1	chr1	230808092	230808619	LTR/ERV1	3221	-	264	230808356	49253
chr1	16625224	16825224	harbor1	chr1	16659139	16659674	LTR/ERV1	1540	-	268	16659407	34183
chr1	16625224	16825224	harbor1	chr1	16661013	16661173	LTR/ERV1	471	-	80	16661093	35869
chr1	16625224	16825224	harbor1	chr1	16661754	16662271	LTR/ERV1	2239	-	258	16662012	36788
chr1	16625224	16825224	harbor1	chr1	16668820	16669389	LTR/ERV1	2554	-	284	16669104	43880
chr1	16625224	16825224	harbor1	chr1	16670469	16671381	LTR/ERV1	1726	-	456	16670925	45701
chr1	16625200	16825200	harbor1	chr1	16659139	16659674	LTR/ERV1	1540	-	268	16659407	34207
chr1	16625200	16825200	harbor1	chr1	16661013	16661173	LTR/ERV1	471	-	80	16661093	35893
chr1	16625200	16825200	harbor1	chr1	16661754	16662271	LTR/ERV1	2239	-	258	16662012	36812
chr1	16625200	16825200	harbor1	chr1	16668820	16669389	LTR/ERV1	2554	-	284	16669104	43904
chr1	16625200	16825200	harbor1	chr1	16670469	16671381	LTR/ERV1	1726	-	456	16670925	45725
chr1	205329484	205529484	harbor1	chr1	205372186	205372718	LTR/ERV1	3941	-	266	205372452	42968
chr1	2375306	2575306	harbor1	chr1	2423400	2423980	LTR/ERV1	3253	-	290	2423690	48384
chr1	248592141	248792141	harbor1	chr1	248621243	248621622	LTR/ERV1	1973	-	190	248621433	29292
chr1	248592141	248792141	harbor1	chr1	248646863	248647568	LTR/ERV1	2191	-	352	248647215	55074
chr1	248592141	248792141	harbor1	chr1	248663956	248664523	LTR/ERV1	1530	-	284	248664240	72099
chr1	248592141	248792141	harbor1	chr1	248665051	248665180	LTR/ERV1	444	-	64	248665115	72974
chr1	248592141	248792141	harbor1	chr1	248665156	248665426	LTR/ERV1	724	-	135	248665291	73150
chr1	248592141	248792141	harbor1	chr1	248665481	248666309	LTR/ERV1	3912	-	414	248665895	73754
chr1	248592141	248792141	harbor1	chr1	248668175	248668299	LTR/ERV1	537	-	62	248668237	76096
chr1	248592141	248792141	harbor1	chr1	248687592	248687802	LTR/ERV1	1130	-	105	248687697	95556
chr1	248592141	248792141	harbor1	chr1	248687803	248688174	LTR/ERV1	785	-	186	248687989	95848
chr1	248592141	248792141	harbor1	chr1	248688177	248688459	LTR/ERV1	717	-	141	248688318	96177
chr1	248592141	248792141	harbor1	chr1	248689390	248689642	LTR/ERV1	670	-	126	248689516	97375
chr1	6685469	6885469	harbor1	chr1	6710137	6710292	LTR/ERV1	2239	-	78	6710215	24746
chr1	6685469	6885469	harbor1	chr1	6710603	6710889	LTR/ERV1	2239	-	143	6710746	25277
chr1	244605833	244805833	harbor1	chr1	244681859	244682404	LTR/ERV1	3959	-	272	244682131	76298
chr1	244605833	244805833	harbor1	chr1	244682858	244683294	LTR/ERV1	2574	-	218	244683076	77243
chr1	211033696	211233696	harbor1	chr1	211035968	211036465	LTR/ERV1	3294	-	248	211036216	2520
chr1	16625343	16825343	harbor1	chr1	16659139	16659674	LTR/ERV1	1540	-	268	16659407	34064
chr1	16625343	16825343	harbor1	chr1	16661013	16661173	LTR/ERV1	471	-	80	16661093	35750
chr1	16625343	16825343	harbor1	chr1	16661754	16662271	LTR/ERV1	2239	-	258	16662012	36669
chr1	16625343	16825343	harbor1	chr1	16668820	16669389	LTR/ERV1	2554	-	284	16669104	43761
chr1	16625343	16825343	harbor1	chr1	16670469	16671381	LTR/ERV1	1726	-	456	16670925	45582
chr1	16512786	16712786	harbor1	chr1	16516156	16516737	LTR/ERV1	3174	-	290	16516446	3660
chr1	16512786	16712786	harbor1	chr1	16517078	16517227	LTR/ERV1	3174	-	74	16517152	4366
chr1	16512786	16712786	harbor1	chr1	16517243	16517559	LTR/ERV1	614	-	158	16517401	4615
chr1	16512786	16712786	harbor1	chr1	16517578	16517732	LTR/ERV1	1031	-	77	16517655	4869
chr1	16512786	16712786	harbor1	chr1	16518054	16518103	LTR/ERV1	1031	-	24	16518078	5292
chr1	16512786	16712786	harbor1	chr1	16529151	16530064	LTR/ERV1	2695	-	456	16529607	16821
chr1	16512786	16712786	harbor1	chr1	16530372	16531095	LTR/ERV1	2695	-	362	16530734	17948
chr1	6351794	6551794	harbor1	chr1	6367283	6368326	LTR/ERV1	4909	-	522	6367805	16011
chr1	6351794	6551794	harbor1	chr1	6368489	6368927	LTR/ERV1	1731	-	219	6368708	16914
chr1	6351794	6551794	harbor1	chr1	6395075	6396293	LTR/ERV1	6964	-	609	6395684	43890
chr1	226307818	226507818	harbor1	chr1	226323790	226323934	LTR/ERV1	1244	-	72	226323862	16044
chr1	226307818	226507818	harbor1	chr1	226324231	226324569	LTR/ERV1	1244	-	169	226324400	16582
chr1	226307818	226507818	harbor1	chr1	226327042	226327209	LTR/ERV1	4950	-	84	226327126	19308
chr1	226307818	226507818	harbor1	chr1	226327532	226328133	LTR/ERV1	4950	-	300	226327832	20014
chr1	226307818	226507818	harbor1	chr1	226401192	226401643	LTR/ERV1	2505	-	226	226401418	93600
chr1	226307818	226507818	harbor1	chr1	226401651	226401713	LTR/ERV1	467	-	31	226401682	93864
chr1	54786918	54986918	harbor1	chr1	54876763	54877210	LTR/ERV1	2898	-	224	54876987	90069
chr2	196073592	196273592	harbor1	chr2	196088123	196088252	LTR/ERV1	685	-	64	196088187	14595
chr2	196073592	196273592	harbor1	chr2	196088439	196088595	LTR/ERV1	690	-	78	196088517	14925
chr2	196073592	196273592	harbor1	chr2	196123350	196123515	LTR/ERV1	1234	-	82	196123432	49840
chr2	196073592	196273592	harbor1	chr2	196123574	196124019	LTR/ERV1	2799	-	222	196123796	50204
chr2	196073592	196273592	harbor1	chr2	196124161	196124497	LTR/ERV1	29670	-	168	196124329	50737
chr2	196073592	196273592	harbor1	chr2	196124828	196125272	LTR/ERV1	29670	-	222	196125050	51458
chr2	196073592	196273592	harbor1	chr2	196125575	196129512	LTR/ERV1	29670	-	1968	196127543	53951
chr2	196073592	196273592	harbor1	chr2	196129768	196131057	LTR/ERV1	6358	-	644	196130412	56820
chr2	196073592	196273592	harbor1	chr2	196131088	196131343	LTR/ERV1	1443	-	128	196131216	57624
chr2	196073592	196273592	harbor1	chr2	196131341	196132431	LTR/ERV1	2833	-	545	196131886	58294
chr2	196073592	196273592	harbor1	chr2	196132432	196133021	LTR/ERV1	3724	-	294	196132726	59134
chr2	26950219	27150219	harbor1	chr2	27005718	27005900	LTR/ERV1	582	-	91	27005809	55590
chr2	26950219	27150219	harbor1	chr2	27006212	27006326	LTR/ERV1	582	-	57	27006269	56050
chr2	26950219	27150219	harbor1	chr2	27006327	27006423	LTR/ERV1	1323	-	48	27006375	56156
chr2	26950219	27150219	harbor1	chr2	27006734	27007144	LTR/ERV1	1323	-	205	27006939	56720
chr2	26950219	27150219	harbor1	chr2	27007145	27008111	LTR/ERV1	1665	-	483	27007628	57409
chr2	26950237	27150237	harbor1	chr2	27005718	27005900	LTR/ERV1	582	-	91	27005809	55572
chr2	26950237	27150237	harbor1	chr2	27006212	27006326	LTR/ERV1	582	-	57	27006269	56032
chr2	26950237	27150237	harbor1	chr2	27006327	27006423	LTR/ERV1	1323	-	48	27006375	56138
chr2	26950237	27150237	harbor1	chr2	27006734	27007144	LTR/ERV1	1323	-	205	27006939	56702
chr2	26950237	27150237	harbor1	chr2	27007145	27008111	LTR/ERV1	1665	-	483	27007628	57391
chr2	218221236	218421236	harbor1	chr2	218301061	218301132	LTR/ERV1	509	-	36	218301097	79861
chr2	218221236	218421236	harbor1	chr2	218302677	218302806	LTR/ERV1	880	-	64	218302741	81505
chr2	218221236	218421236	harbor1	chr2	218302843	218302920	LTR/ERV1	449	-	38	218302881	81645
chr2	218221236	218421236	harbor1	chr2	218303247	218303348	LTR/ERV1	583	-	50	218303297	82061
chr2	63488508	63688508	harbor1	chr2	63568447	63569035	LTR/ERV1	4891	-	294	63568741	80233
chr2	983577	1183577	harbor1	chr2	1016194	1016234	LTR/ERV1	3106	-	20	1016214	32637
chr2	983577	1183577	harbor1	chr2	1016541	1017219	LTR/ERV1	3106	-	339	1016880	33303
chr2	15464442	15664442	harbor1	chr2	15561880	15562107	LTR/ERV1	1366	-	114	15561994	97552
chr2	15464442	15664442	harbor1	chr2	15562147	15562291	LTR/ERV1	1366	-	72	15562219	97777
chr2	15464442	15664442	harbor1	chr2	15562291	15562403	LTR/ERV1	589	-	56	15562347	97905
chr2	158868018	159068018	harbor1	chr2	158891070	158891452	LTR/ERV1	1402	-	191	158891261	23243
chr2	158868018	159068018	harbor1	chr2	158921651	158922800	LTR/ERV1	4560	-	574	158922225	54207
chr2	42069399	42269399	harbor1	chr2	42087821	42088186	LTR/ERV1	1802	-	182	42088003	18604
chr2	42069399	42269399	harbor1	chr2	42088537	42088571	LTR/ERV1	1449	-	17	42088554	19155
chr2	42069399	42269399	harbor1	chr2	42103707	42104399	LTR/ERV1	3881	-	346	42104053	34654
chr2	42033084	42233084	harbor1	chr2	42033334	42033404	LTR/ERV1	4345	-	35	42033369	285
chr2	42033084	42233084	harbor1	chr2	42033707	42033764	LTR/ERV1	4345	-	28	42033735	651
chr2	42033084	42233084	harbor1	chr2	42034065	42034585	LTR/ERV1	4345	-	260	42034325	1241
chr2	42033084	42233084	harbor1	chr2	42087821	42088186	LTR/ERV1	1802	-	182	42088003	54919
chr2	42033084	42233084	harbor1	chr2	42088537	42088571	LTR/ERV1	1449	-	17	42088554	55470
chr2	42033084	42233084	harbor1	chr2	42103707	42104399	LTR/ERV1	3881	-	346	42104053	70969
chr2	26950242	27150242	harbor1	chr2	27005718	27005900	LTR/ERV1	582	-	91	27005809	55567
chr2	26950242	27150242	harbor1	chr2	27006212	27006326	LTR/ERV1	582	-	57	27006269	56027
chr2	26950242	27150242	harbor1	chr2	27006327	27006423	LTR/ERV1	1323	-	48	27006375	56133
chr2	26950242	27150242	harbor1	chr2	27006734	27007144	LTR/ERV1	1323	-	205	27006939	56697
chr2	26950242	27150242	harbor1	chr2	27007145	27008111	LTR/ERV1	1665	-	483	27007628	57386
chr2	44988947	45188947	harbor1	chr2	45034461	45034888	LTR/ERV1	3430	-	214	45034675	45728
chr2	44988947	45188947	harbor1	chr2	45034889	45035478	LTR/ERV1	2309	-	294	45035183	46236
chr2	44988947	45188947	harbor1	chr2	45035471	45036128	LTR/ERV1	4037	-	328	45035799	46852
chr2	44988947	45188947	harbor1	chr2	45036131	45036632	LTR/ERV1	3236	-	250	45036381	47434
chr2	44988947	45188947	harbor1	chr2	45036607	45036770	LTR/ERV1	842	-	82	45036689	47742
chr2	44988947	45188947	harbor1	chr2	45039759	45040152	LTR/ERV1	2906	-	196	45039955	51008
chr2	44988947	45188947	harbor1	chr2	45036765	45039756	LTR/ERV1	19686	-	1496	45038261	49314
chr2	113484040	113684040	harbor1	chr2	113484026	113484462	LTR/ERV1	997	-	218	113484244	204
chr2	85461791	85661791	harbor1	chr2	85476326	85476565	LTR/ERV1	794	-	120	85476446	14655
chr2	237867399	238067399	harbor1	chr2	237927922	237928382	LTR/ERV1	2612	-	230	237928152	60753
chr2	237867399	238067399	harbor1	chr2	237928675	237928712	LTR/ERV1	2612	-	18	237928693	61294
chr2	237867399	238067399	harbor1	chr2	237938892	237939198	LTR/ERV1	1982	-	153	237939045	71646
chr2	237867399	238067399	harbor1	chr2	237939676	237940080	LTR/ERV1	3857	-	202	237939878	72479
chr2	237867399	238067399	harbor1	chr2	237940340	237940488	LTR/ERV1	3857	-	74	237940414	73015
chr2	237867399	238067399	harbor1	chr2	237941807	237942335	LTR/ERV1	2271	-	264	237942071	74672
chr2	237867399	238067399	harbor1	chr2	237943199	237943286	LTR/ERV1	518	-	44	237943243	75844
chr2	237867399	238067399	harbor1	chr2	237952417	237952507	LTR/ERV1	2602	-	45	237952462	85063
chr2	237867399	238067399	harbor1	chr2	237952866	237953232	LTR/ERV1	2602	-	183	237953049	85650
chr2	237867399	238067399	harbor1	chr2	237962564	237962964	LTR/ERV1	1204	-	200	237962764	95365
chr2	237867399	238067399	harbor1	chr2	237964102	237964701	LTR/ERV1	3939	-	300	237964402	97003
chr2	113484101	113684101	harbor1	chr2	113484026	113484462	LTR/ERV1	997	-	218	113484244	143
chr2	113484028	113684028	harbor1	chr2	113484026	113484462	LTR/ERV1	997	-	218	113484244	216
chr2	47682917	47882917	harbor1	chr2	47682794	47683033	LTR/ERV1	1881	-	120	47682914	3
chr2	47682917	47882917	harbor1	chr2	47683345	47683388	LTR/ERV1	1881	-	22	47683367	450
chr2	47682917	47882917	harbor1	chr2	47683628	47683901	LTR/ERV1	580	-	136	47683764	847
chr2	47682917	47882917	harbor1	chr2	47685868	47686068	LTR/ERV1	916	-	100	47685968	3051
chr2	47682917	47882917	harbor1	chr2	47687271	47687364	LTR/ERV1	456	-	46	47687317	4400
chr2	47682917	47882917	harbor1	chr2	47689825	47690179	LTR/ERV1	930	-	177	47690002	7085
chr2	47682917	47882917	harbor1	chr2	47690471	47690661	LTR/ERV1	930	-	95	47690566	7649
chr2	47682917	47882917	harbor1	chr2	47691660	47692427	LTR/ERV1	3713	-	384	47692044	9127
chr2	47682917	47882917	harbor1	chr2	47694116	47694154	LTR/ERV1	1185	-	19	47694135	11218
chr2	47682917	47882917	harbor1	chr2	47694449	47694547	LTR/ERV1	2321	-	49	47694498	11581
chr2	47682917	47882917	harbor1	chr2	47694857	47695264	LTR/ERV1	2321	-	204	47695061	12144
chr2	47682917	47882917	harbor1	chr2	47695265	47695601	LTR/ERV1	2721	-	168	47695433	12516
chr2	47682917	47882917	harbor1	chr2	47695915	47696011	LTR/ERV1	2721	-	48	47695963	13046
chr2	47682917	47882917	harbor1	chr2	47696012	47696082	LTR/ERV1	477	-	35	47696047	13130
chr2	47682917	47882917	harbor1	chr2	47696085	47696404	LTR/ERV1	1170	-	160	47696245	13328
chr2	47682917	47882917	harbor1	chr2	47697435	47697461	LTR/ERV1	990	-	13	47697448	14531
chr2	47682917	47882917	harbor1	chr2	47697467	47698038	LTR/ERV1	4700	-	286	47697753	14836
chr2	47682917	47882917	harbor1	chr2	47698281	47698679	LTR/ERV1	2698	-	199	47698480	15563
chr2	47682917	47882917	harbor1	chr2	47699170	47699393	LTR/ERV1	1499	-	112	47699282	16365
chr2	47682917	47882917	harbor1	chr2	47699395	47699818	LTR/ERV1	2959	-	212	47699607	16690
chr2	47682917	47882917	harbor1	chr2	47699959	47700167	LTR/ERV1	1179	-	104	47700063	17146
chr2	47682917	47882917	harbor1	chr2	47700461	47700758	LTR/ERV1	1179	-	148	47700609	17692
chr2	47682917	47882917	harbor1	chr2	47727682	47728230	LTR/ERV1	4155	-	274	47727956	45039
chr2	47682917	47882917	harbor1	chr2	47728232	47728725	LTR/ERV1	3496	-	246	47728478	45561
chr2	47682917	47882917	harbor1	chr2	47729442	47729705	LTR/ERV1	2086	-	132	47729574	46657
chr2	47682917	47882917	harbor1	chr2	47730014	47730348	LTR/ERV1	2086	-	167	47730181	47264
chr2	47682917	47882917	harbor1	chr2	47737171	47737361	LTR/ERV1	1137	-	95	47737266	54349
chr2	47682917	47882917	harbor1	chr2	47737529	47737903	LTR/ERV1	2253	-	187	47737716	54799
chr2	47682917	47882917	harbor1	chr2	47751728	47752060	LTR/ERV1	1674	-	166	47751894	68977
chr2	47682917	47882917	harbor1	chr2	47752039	47752229	LTR/ERV1	1385	-	95	47752134	69217
chr2	47682917	47882917	harbor1	chr2	47759958	47760319	LTR/ERV1	1990	-	180	47760138	77221
chr2	47682917	47882917	harbor1	chr2	47761272	47761342	LTR/ERV1	4061	-	35	47761307	78390
chr2	47682917	47882917	harbor1	chr2	47761657	47761772	LTR/ERV1	4061	-	58	47761715	78798
chr2	47682917	47882917	harbor1	chr2	47762054	47762519	LTR/ERV1	4061	-	232	47762286	79369
chr2	47682917	47882917	harbor1	chr2	47764288	47764457	LTR/ERV1	741	-	84	47764372	81455
chr2	47682917	47882917	harbor1	chr2	47765013	47765176	LTR/ERV1	761	-	82	47765095	82178
chr2	47682917	47882917	harbor1	chr2	47765609	47765955	LTR/ERV1	1493	-	173	47765782	82865
chr2	47682917	47882917	harbor1	chr2	47765976	47766143	LTR/ERV1	1880	-	84	47766060	83143
chr2	47682917	47882917	harbor1	chr2	47766454	47766724	LTR/ERV1	1880	-	135	47766589	83672
chr2	47682917	47882917	harbor1	chr2	47768998	47769387	LTR/ERV1	799	-	194	47769192	86275
chr2	47682917	47882917	harbor1	chr2	47773703	47773954	LTR/ERV1	1215	-	126	47773829	90912
chr2	47682917	47882917	harbor1	chr2	47693591	47693835	LTR/ERV1	1185	-	122	47693713	10796
chr2	47682917	47882917	harbor1	chr2	47759253	47759473	LTR/ERV1	1675	-	110	47759363	76446
chr2	46198512	46398512	harbor1	chr2	46246148	46246735	LTR/ERV1	4872	-	294	46246442	47930
chr2	113484029	113684029	harbor1	chr2	113484026	113484462	LTR/ERV1	997	-	218	113484244	215
chr2	111955709	112155709	harbor1	chr2	111999704	112000000	LTR/ERV1	1550	-	148	111999852	44143
chr2	111955709	112155709	harbor1	chr2	112000002	112000247	LTR/ERV1	1494	-	122	112000124	44415
chr2	111955709	112155709	harbor1	chr2	112039346	112039670	LTR/ERV1	2654	-	162	112039508	83799
chr2	111955709	112155709	harbor1	chr2	112039671	112039964	LTR/ERV1	2339	-	146	112039817	84108
chr2	111955709	112155709	harbor1	chr2	112039987	112040228	LTR/ERV1	5225	-	120	112040107	84398
chr2	111955709	112155709	harbor1	chr2	112040675	112042366	LTR/ERV1	10969	-	846	112041521	85812
chr2	111955709	112155709	harbor1	chr2	112042350	112043619	LTR/ERV1	9654	-	634	112042984	87275
chr2	111955709	112155709	harbor1	chr2	112043778	112044476	LTR/ERV1	5606	-	349	112044127	88418
chr2	111955709	112155709	harbor1	chr2	112044492	112044989	LTR/ERV1	3621	-	248	112044740	89031
chr2	111955709	112155709	harbor1	chr2	112052852	112052963	LTR/ERV1	905	-	56	112052908	97199
chr2	111955709	112155709	harbor1	chr2	112016885	112017419	LTR/ERV1	3852	-	267	112017152	61443
chr2	46198543	46398543	harbor1	chr2	46246148	46246735	LTR/ERV1	4872	-	294	46246442	47899
chr2	27018955	27218955	harbor1	chr2	27110685	27112017	LTR/ERV1	9665	-	666	27111351	92396
chr2	46198523	46398523	harbor1	chr2	46246148	46246735	LTR/ERV1	4872	-	294	46246442	47919
chr2	113484023	113684023	harbor1	chr2	113484026	113484462	LTR/ERV1	997	-	218	113484244	221
chr2	129830912	130030912	harbor1	chr2	129864309	129865074	LTR/ERV1	4479	-	382	129864691	33779
chr2	129830912	130030912	harbor1	chr2	129866732	129867139	LTR/ERV1	2779	-	204	129866936	36024
chr2	129830912	130030912	harbor1	chr2	129886283	129886711	LTR/ERV1	2666	-	214	129886497	55585
chr2	129830912	130030912	harbor1	chr2	129887018	129887232	LTR/ERV1	1484	-	107	129887125	56213
chr2	26950298	27150298	harbor1	chr2	27005718	27005900	LTR/ERV1	582	-	91	27005809	55511
chr2	26950298	27150298	harbor1	chr2	27006212	27006326	LTR/ERV1	582	-	57	27006269	55971
chr2	26950298	27150298	harbor1	chr2	27006327	27006423	LTR/ERV1	1323	-	48	27006375	56077
chr2	26950298	27150298	harbor1	chr2	27006734	27007144	LTR/ERV1	1323	-	205	27006939	56641
chr2	26950298	27150298	harbor1	chr2	27007145	27008111	LTR/ERV1	1665	-	483	27007628	57330
chr2	130256054	130456054	harbor1	chr2	130296018	130296404	LTR/ERV1	2399	-	193	130296211	40157
chr2	130256054	130456054	harbor1	chr2	130327156	130327193	LTR/ERV1	992	-	18	130327174	71120
chr2	130256054	130456054	harbor1	chr2	130327486	130327707	LTR/ERV1	992	-	110	130327596	71542
chr2	130256054	130456054	harbor1	chr2	130328611	130329060	LTR/ERV1	992	-	224	130328835	72781
chr2	9301841	9501841	harbor1	chr2	9382822	9383281	LTR/ERV1	3787	-	230	9383052	81211
chr2	9301841	9501841	harbor1	chr2	9383548	9383700	LTR/ERV1	3787	-	76	9383624	81783
chr2	9301841	9501841	harbor1	chr2	9384174	9384383	LTR/ERV1	3787	-	104	9384278	82437
chr2	60880293	61080293	harbor1	chr2	60905614	60905788	LTR/ERV1	1043	-	87	60905701	25408
chr2	9945874	10145874	harbor1	chr2	10005565	10006737	LTR/ERV1	6843	-	586	10006151	60277
chr2	9945874	10145874	harbor1	chr2	10026330	10026507	LTR/ERV1	914	-	88	10026418	80544
chr2	30046187	30246187	harbor1	chr2	30086346	30087004	LTR/ERV1	5123	-	329	30086675	40488
chr2	30046187	30246187	harbor1	chr2	30106353	30106825	LTR/ERV1	2239	-	236	30106589	60402
chr2	30046187	30246187	harbor1	chr2	30107143	30107161	LTR/ERV1	2239	-	9	30107152	60965
chr2	30046187	30246187	harbor1	chr2	30111765	30111847	LTR/ERV1	1406	-	41	30111806	65619
chr2	30046187	30246187	harbor1	chr2	30112147	30112200	LTR/ERV1	1406	-	26	30112173	65986
chr2	30046187	30246187	harbor1	chr2	30112504	30112624	LTR/ERV1	1406	-	60	30112564	66377
chr2	30046187	30246187	harbor1	chr2	30113167	30113200	LTR/ERV1	1406	-	16	30113183	66996
chr2	30046187	30246187	harbor1	chr2	30113182	30113420	LTR/ERV1	1418	-	119	30113301	67114
chr2	30046187	30246187	harbor1	chr2	30133586	30134207	LTR/ERV1	3100	-	310	30133896	87709
chr2	72971135	73171135	harbor1	chr2	73063292	73063861	LTR/ERV1	2198	-	284	73063576	92441
chr2	72046074	72246074	harbor1	chr2	72104247	72104320	LTR/ERV1	537	-	36	72104283	58209
chr2	72046074	72246074	harbor1	chr2	72104632	72104978	LTR/ERV1	537	-	173	72104805	58731
chr2	152250414	152450414	harbor1	chr2	152332652	152332845	LTR/ERV1	1071	-	96	152332748	82334
chr2	113177630	113377630	harbor1	chr2	113179418	113179580	LTR/ERV1	1074	-	81	113179499	1869
chr2	113177630	113377630	harbor1	chr2	113179590	113179729	LTR/ERV1	1095	-	70	113179660	2030
chr2	22969090	23169090	harbor1	chr2	22970193	22970590	LTR/ERV1	2668	-	198	22970391	1301
chr2	151310331	151510331	harbor1	chr2	151380467	151380905	LTR/ERV1	2653	-	219	151380686	70355
chr2	151310331	151510331	harbor1	chr2	151395602	151396073	LTR/ERV1	2943	-	236	151395838	85507
chr2	218773740	218973740	harbor1	chr2	218777171	218777644	LTR/ERV1	2832	-	236	218777407	3667
chr2	218773740	218973740	harbor1	chr2	218778034	218778348	LTR/ERV1	3630	-	157	218778191	4451
chr2	218773740	218973740	harbor1	chr2	218778396	218778422	LTR/ERV1	3630	-	13	218778409	4669
chr2	218773740	218973740	harbor1	chr2	218778651	218778939	LTR/ERV1	3630	-	144	218778795	5055
chr2	218773740	218973740	harbor1	chr2	218778950	218779375	LTR/ERV1	1180	-	212	218779162	5422
chr2	218773740	218973740	harbor1	chr2	218779674	218779783	LTR/ERV1	1180	-	54	218779728	5988
chr2	218773740	218973740	harbor1	chr2	218779946	218780466	LTR/ERV1	680	-	260	218780206	6466
chr2	218773740	218973740	harbor1	chr2	218789312	218789712	LTR/ERV1	2920	-	200	218789512	15772
chr2	218773740	218973740	harbor1	chr2	218789713	218790689	LTR/ERV1	5953	-	488	218790201	16461
chr2	218773740	218973740	harbor1	chr2	218793376	218793690	LTR/ERV1	13606	-	157	218793533	19793
chr2	218773740	218973740	harbor1	chr2	218793927	218794239	LTR/ERV1	1535	-	156	218794083	20343
chr2	218773740	218973740	harbor1	chr2	218794240	218796311	LTR/ERV1	22837	-	1036	218795276	21536
chr2	218773740	218973740	harbor1	chr2	218796619	218797103	LTR/ERV1	22837	-	242	218796861	23121
chr2	218773740	218973740	harbor1	chr2	218797400	218798011	LTR/ERV1	22837	-	306	218797706	23966
chr2	218773740	218973740	harbor1	chr2	218798305	218798599	LTR/ERV1	22837	-	147	218798452	24712
chr2	218773740	218973740	harbor1	chr2	218791135	218793066	LTR/ERV1	13606	-	966	218792101	18361
chr2	56085032	56285032	harbor1	chr2	56124050	56124491	LTR/ERV1	3248	-	220	56124270	39238
chr2	56085032	56285032	harbor1	chr2	56182330	56182796	LTR/ERV1	2042	-	233	56182563	97531
chr2	56085032	56285032	harbor1	chr2	56115121	56115606	LTR/ERV1	2496	-	242	56115363	30331
chr2	46198453	46398453	harbor1	chr2	46246148	46246735	LTR/ERV1	4872	-	294	46246442	47989
chr2	46198517	46398517	harbor1	chr2	46246148	46246735	LTR/ERV1	4872	-	294	46246442	47925
chr2	113481247	113681247	harbor1	chr2	113484026	113484462	LTR/ERV1	997	-	218	113484244	2997
chr2	45443610	45643610	harbor1	chr2	45540916	45542569	LTR/ERV1	7016	-	826	45541742	98132
chr2	46198560	46398560	harbor1	chr2	46246148	46246735	LTR/ERV1	4872	-	294	46246442	47882
chr2	72971209	73171209	harbor1	chr2	73063292	73063861	LTR/ERV1	2198	-	284	73063576	92367
chr2	26950213	27150213	harbor1	chr2	27005718	27005900	LTR/ERV1	582	-	91	27005809	55596
chr2	26950213	27150213	harbor1	chr2	27006212	27006326	LTR/ERV1	582	-	57	27006269	56056
chr2	26950213	27150213	harbor1	chr2	27006327	27006423	LTR/ERV1	1323	-	48	27006375	56162
chr2	26950213	27150213	harbor1	chr2	27006734	27007144	LTR/ERV1	1323	-	205	27006939	56726
chr2	26950213	27150213	harbor1	chr2	27007145	27008111	LTR/ERV1	1665	-	483	27007628	57415
chr2	72043426	72243426	harbor1	chr2	72104247	72104320	LTR/ERV1	537	-	36	72104283	60857
chr2	72043426	72243426	harbor1	chr2	72104632	72104978	LTR/ERV1	537	-	173	72104805	61379
chr2	231861900	232061900	harbor1	chr2	231886594	231887072	LTR/ERV1	885	-	239	231886833	24933
chr2	231861900	232061900	harbor1	chr2	231897482	231898003	LTR/ERV1	2659	-	260	231897742	35842
chr2	156336151	156536151	harbor1	chr2	156418565	156419036	LTR/ERV1	1739	-	236	156418801	82650
chr2	156336151	156536151	harbor1	chr2	156419359	156419385	LTR/ERV1	1739	-	13	156419372	83221
chr2	156336151	156536151	harbor1	chr2	156434414	156434695	LTR/ERV1	1623	-	140	156434554	98403
chr2	72787358	72987358	harbor1	chr2	72831190	72831336	LTR/ERV1	658	-	73	72831263	43905
chr2	72787358	72987358	harbor1	chr2	72831982	72832264	LTR/ERV1	1686	-	141	72832123	44765
chr2	72787358	72987358	harbor1	chr2	72851415	72851671	LTR/ERV1	522	-	128	72851543	64185
chr2	72787358	72987358	harbor1	chr2	72873284	72873406	LTR/ERV1	855	-	61	72873345	85987
chr2	1486893	1686893	harbor1	chr2	1552133	1552593	LTR/ERV1	1976	-	230	1552363	65470
chr2	1486893	1686893	harbor1	chr2	1552597	1553258	LTR/ERV1	3133	-	330	1552927	66034
chr2	1486893	1686893	harbor1	chr2	1553252	1553836	LTR/ERV1	3046	-	292	1553544	66651
chr2	1486893	1686893	harbor1	chr2	1553837	1554315	LTR/ERV1	1966	-	239	1554076	67183
chr2	111023146	111223146	harbor1	chr2	111026703	111026895	LTR/ERV1	3440	-	96	111026799	3653
chr2	111023146	111223146	harbor1	chr2	111027194	111027322	LTR/ERV1	3440	-	64	111027258	4112
chr2	111023146	111223146	harbor1	chr2	111027620	111027882	LTR/ERV1	3440	-	131	111027751	4605
chr2	108438378	108638378	harbor1	chr2	108437451	108441245	LTR/ERV1	28958	-	1897	108439348	970
chr2	108438378	108638378	harbor1	chr2	108441553	108442611	LTR/ERV1	28958	-	529	108442082	3704
chr2	108438378	108638378	harbor1	chr2	108442898	108443493	LTR/ERV1	28958	-	298	108443196	4818
chr2	108438378	108638378	harbor1	chr2	108443791	108443860	LTR/ERV1	1633	-	34	108443825	5447
chr2	108438378	108638378	harbor1	chr2	108443871	108444234	LTR/ERV1	1950	-	182	108444053	5675
chr2	108438378	108638378	harbor1	chr2	108444235	108444678	LTR/ERV1	2494	-	222	108444457	6079
chr2	72787359	72987359	harbor1	chr2	72831190	72831336	LTR/ERV1	658	-	73	72831263	43904
chr2	72787359	72987359	harbor1	chr2	72831982	72832264	LTR/ERV1	1686	-	141	72832123	44764
chr2	72787359	72987359	harbor1	chr2	72851415	72851671	LTR/ERV1	522	-	128	72851543	64184
chr2	72787359	72987359	harbor1	chr2	72873284	72873406	LTR/ERV1	855	-	61	72873345	85986
chr2	113454958	113654958	harbor1	chr2	113484026	113484462	LTR/ERV1	997	-	218	113484244	29286
chr2	112640558	112840558	harbor1	chr2	112682622	112682762	LTR/ERV1	779	-	70	112682692	42134
chr2	112640558	112840558	harbor1	chr2	112701110	112701357	LTR/ERV1	2143	-	124	112701234	60676
chr2	112640558	112840558	harbor1	chr2	112701634	112701825	LTR/ERV1	2143	-	96	112701730	61172
chr2	113484018	113684018	harbor1	chr2	113484026	113484462	LTR/ERV1	997	-	218	113484244	226
chr2	69729666	69929666	harbor1	chr2	69748006	69748093	LTR/ERV1	508	-	44	69748050	18384
chr2	69729666	69929666	harbor1	chr2	69748646	69748707	LTR/ERV1	1499	-	30	69748676	19010
chr2	69729666	69929666	harbor1	chr2	69749013	69749423	LTR/ERV1	1499	-	205	69749218	19552
chr2	69729666	69929666	harbor1	chr2	69775548	69775772	LTR/ERV1	462	-	112	69775660	45994
chr2	69729666	69929666	harbor1	chr2	69789458	69790233	LTR/ERV1	5256	-	388	69789846	60180
chr2	69729666	69929666	harbor1	chr2	69790238	69792971	LTR/ERV1	23769	-	1366	69791604	61938
chr2	69729666	69929666	harbor1	chr2	69793263	69794493	LTR/ERV1	23769	-	615	69793878	64212
chr2	69729666	69929666	harbor1	chr2	69796455	69798802	LTR/ERV1	7974	-	1174	69797629	67963
chr2	69729666	69929666	harbor1	chr2	69798832	69799610	LTR/ERV1	5220	-	389	69799221	69555
chr2	69729666	69929666	harbor1	chr2	69800776	69801396	LTR/ERV1	3297	-	310	69801086	71420
chr2	69729666	69929666	harbor1	chr2	69801704	69801749	LTR/ERV1	3297	-	22	69801726	72060
chr2	69729666	69929666	harbor1	chr2	69827477	69828341	LTR/ERV1	2368	-	432	69827909	98243
chr2	69729666	69929666	harbor1	chr2	69794782	69796464	LTR/ERV1	10836	-	841	69795623	65957
chr2	64294495	64494495	harbor1	chr2	64333209	64333928	LTR/ERV1	4646	-	360	64333569	39074
chr2	64294495	64494495	harbor1	chr2	64334232	64334328	LTR/ERV1	4646	-	48	64334280	39785
chr2	2132316	2332316	harbor1	chr2	2220093	2220874	LTR/ERV1	6167	-	390	2220483	88167
chr2	95924862	96124862	harbor1	chr2	95996592	95997234	LTR/ERV1	2507	-	321	95996913	72051
chr2	95924862	96124862	harbor1	chr2	96007956	96008557	LTR/ERV1	2201	-	300	96008256	83394
chr2	89546776	89746776	harbor1	chr2	89643658	89643943	LTR/ERV1	924	-	142	89643800	97024
chr2	239594717	239794717	harbor1	chr2	239596184	239596645	LTR/ERV1	2280	-	230	239596414	1697
chr2	119120408	119320408	harbor1	chr2	119190713	119191093	LTR/ERV1	2413	-	190	119190903	70495
chr2	119120408	119320408	harbor1	chr2	119211145	119211885	LTR/ERV1	2989	-	370	119211515	91107
chr2	237867415	238067415	harbor1	chr2	237927922	237928382	LTR/ERV1	2612	-	230	237928152	60737
chr2	237867415	238067415	harbor1	chr2	237928675	237928712	LTR/ERV1	2612	-	18	237928693	61278
chr2	237867415	238067415	harbor1	chr2	237938892	237939198	LTR/ERV1	1982	-	153	237939045	71630
chr2	237867415	238067415	harbor1	chr2	237939676	237940080	LTR/ERV1	3857	-	202	237939878	72463
chr2	237867415	238067415	harbor1	chr2	237940340	237940488	LTR/ERV1	3857	-	74	237940414	72999
chr2	237867415	238067415	harbor1	chr2	237941807	237942335	LTR/ERV1	2271	-	264	237942071	74656
chr2	237867415	238067415	harbor1	chr2	237943199	237943286	LTR/ERV1	518	-	44	237943243	75828
chr2	237867415	238067415	harbor1	chr2	237952417	237952507	LTR/ERV1	2602	-	45	237952462	85047
chr2	237867415	238067415	harbor1	chr2	237952866	237953232	LTR/ERV1	2602	-	183	237953049	85634
chr2	237867415	238067415	harbor1	chr2	237962564	237962964	LTR/ERV1	1204	-	200	237962764	95349
chr2	237867415	238067415	harbor1	chr2	237964102	237964701	LTR/ERV1	3939	-	300	237964402	96987
chr2	61805680	62005680	harbor1	chr2	61900055	61900399	LTR/ERV1	1402	-	172	61900227	94547
chr2	61805680	62005680	harbor1	chr2	61900470	61900732	LTR/ERV1	1604	-	131	61900601	94921
chr2	42069583	42269583	harbor1	chr2	42087821	42088186	LTR/ERV1	1802	-	182	42088003	18420
chr2	42069583	42269583	harbor1	chr2	42088537	42088571	LTR/ERV1	1449	-	17	42088554	18971
chr2	42069583	42269583	harbor1	chr2	42103707	42104399	LTR/ERV1	3881	-	346	42104053	34470
chr2	158868003	159068003	harbor1	chr2	158891070	158891452	LTR/ERV1	1402	-	191	158891261	23258
chr2	158868003	159068003	harbor1	chr2	158921651	158922800	LTR/ERV1	4560	-	574	158922225	54222
chr2	97589114	97789114	harbor1	chr2	97594599	97595241	LTR/ERV1	2488	-	321	97594920	5806
chr2	97589114	97789114	harbor1	chr2	97665369	97665692	LTR/ERV1	3226	-	162	97665531	76417
chr2	97589114	97789114	harbor1	chr2	97665739	97665773	LTR/ERV1	3226	-	17	97665756	76642
chr2	97589114	97789114	harbor1	chr2	97666076	97666255	LTR/ERV1	3226	-	90	97666166	77052
chr2	97589114	97789114	harbor1	chr2	97666551	97666564	LTR/ERV1	3226	-	6	97666557	77443
chr2	97589114	97789114	harbor1	chr2	97666865	97666921	LTR/ERV1	3226	-	28	97666893	77779
chr2	72971106	73171106	harbor1	chr2	73063292	73063861	LTR/ERV1	2198	-	284	73063576	92470
chr2	26957504	27157504	harbor1	chr2	27005718	27005900	LTR/ERV1	582	-	91	27005809	48305
chr2	26957504	27157504	harbor1	chr2	27006212	27006326	LTR/ERV1	582	-	57	27006269	48765
chr2	26957504	27157504	harbor1	chr2	27006327	27006423	LTR/ERV1	1323	-	48	27006375	48871
chr2	26957504	27157504	harbor1	chr2	27006734	27007144	LTR/ERV1	1323	-	205	27006939	49435
chr2	26957504	27157504	harbor1	chr2	27007145	27008111	LTR/ERV1	1665	-	483	27007628	50124
chr2	46198514	46398514	harbor1	chr2	46246148	46246735	LTR/ERV1	4872	-	294	46246442	47928
chr2	983530	1183530	harbor1	chr2	1016194	1016234	LTR/ERV1	3106	-	20	1016214	32684
chr2	983530	1183530	harbor1	chr2	1016541	1017219	LTR/ERV1	3106	-	339	1016880	33350
chr2	42069420	42269420	harbor1	chr2	42087821	42088186	LTR/ERV1	1802	-	182	42088003	18583
chr2	42069420	42269420	harbor1	chr2	42088537	42088571	LTR/ERV1	1449	-	17	42088554	19134
chr2	42069420	42269420	harbor1	chr2	42103707	42104399	LTR/ERV1	3881	-	346	42104053	34633
chr2	72856127	73056127	harbor1	chr2	72873284	72873406	LTR/ERV1	855	-	61	72873345	17218
chr2	236586213	236786213	harbor1	chr2	236658516	236658863	LTR/ERV1	1194	-	174	236658690	72477
chr2	236586213	236786213	harbor1	chr2	236683848	236684254	LTR/ERV1	2751	-	203	236684051	97838
chr2	24693648	24893648	harbor1	chr2	24771051	24771514	LTR/ERV1	2720	-	232	24771283	77635
chr2	24693648	24893648	harbor1	chr2	24776957	24777441	LTR/ERV1	4104	-	242	24777199	83551
chr2	24693648	24893648	harbor1	chr2	24777752	24777965	LTR/ERV1	4182	-	106	24777858	84210
chr2	24693648	24893648	harbor1	chr2	24778293	24778623	LTR/ERV1	1717	-	165	24778458	84810
chr2	24693648	24893648	harbor1	chr2	24778937	24779090	LTR/ERV1	1717	-	76	24779013	85365
chr2	94934942	95134942	harbor1	chr2	94955676	94956409	LTR/ERV1	3329	-	366	94956042	21100
chr2	94934942	95134942	harbor1	chr2	94995854	94996240	LTR/ERV1	1809	-	193	94996047	61105
chr2	97564374	97764374	harbor1	chr2	97594599	97595241	LTR/ERV1	2488	-	321	97594920	30546
chr2	111955759	112155759	harbor1	chr2	111999704	112000000	LTR/ERV1	1550	-	148	111999852	44093
chr2	111955759	112155759	harbor1	chr2	112000002	112000247	LTR/ERV1	1494	-	122	112000124	44365
chr2	111955759	112155759	harbor1	chr2	112039346	112039670	LTR/ERV1	2654	-	162	112039508	83749
chr2	111955759	112155759	harbor1	chr2	112039671	112039964	LTR/ERV1	2339	-	146	112039817	84058
chr2	111955759	112155759	harbor1	chr2	112039987	112040228	LTR/ERV1	5225	-	120	112040107	84348
chr2	111955759	112155759	harbor1	chr2	112040675	112042366	LTR/ERV1	10969	-	846	112041521	85762
chr2	111955759	112155759	harbor1	chr2	112042350	112043619	LTR/ERV1	9654	-	634	112042984	87225
chr2	111955759	112155759	harbor1	chr2	112043778	112044476	LTR/ERV1	5606	-	349	112044127	88368
chr2	111955759	112155759	harbor1	chr2	112044492	112044989	LTR/ERV1	3621	-	248	112044740	88981
chr2	111955759	112155759	harbor1	chr2	112052852	112052963	LTR/ERV1	905	-	56	112052908	97149
chr2	111955759	112155759	harbor1	chr2	112016885	112017419	LTR/ERV1	3852	-	267	112017152	61393
chr2	217374869	217574869	harbor1	chr2	217408639	217409186	LTR/ERV1	4625	-	274	217408913	34044
chr2	217374869	217574869	harbor1	chr2	217422183	217422363	LTR/ERV1	532	-	90	217422273	47404
chr2	217374869	217574869	harbor1	chr2	217439868	217439964	LTR/ERV1	509	-	48	217439916	65047
chr2	217374869	217574869	harbor1	chr2	217448738	217449281	LTR/ERV1	3900	-	272	217449010	74141
chr2	112779792	112979792	harbor1	chr2	112820295	112820753	LTR/ERV1	2451	-	229	112820524	40732
chr2	112779792	112979792	harbor1	chr2	112851926	112852468	LTR/ERV1	3527	-	271	112852197	72405
chr2	112779792	112979792	harbor1	chr2	112856832	112857064	LTR/ERV1	1428	-	116	112856948	77156
chr2	26950239	27150239	harbor1	chr2	27005718	27005900	LTR/ERV1	582	-	91	27005809	55570
chr2	26950239	27150239	harbor1	chr2	27006212	27006326	LTR/ERV1	582	-	57	27006269	56030
chr2	26950239	27150239	harbor1	chr2	27006327	27006423	LTR/ERV1	1323	-	48	27006375	56136
chr2	26950239	27150239	harbor1	chr2	27006734	27007144	LTR/ERV1	1323	-	205	27006939	56700
chr2	26950239	27150239	harbor1	chr2	27007145	27008111	LTR/ERV1	1665	-	483	27007628	57389
chr2	217726903	217926903	harbor1	chr2	217764505	217764784	LTR/ERV1	1855	-	140	217764645	37742
chr2	217726903	217926903	harbor1	chr2	217786296	217787812	LTR/ERV1	9905	-	758	217787054	60151
chr3	127489937	127689937	harbor1	chr3	127510524	127511013	LTR/ERV1	1346	-	244	127510768	20831
chr3	138334620	138534620	harbor1	chr3	138336366	138336974	LTR/ERV1	3588	-	304	138336670	2050
chr3	138334620	138534620	harbor1	chr3	138409885	138410421	LTR/ERV1	3999	-	268	138410153	75533
chr3	138334620	138534620	harbor1	chr3	138415984	138416127	LTR/ERV1	1948	-	72	138416056	81436
chr3	138334620	138534620	harbor1	chr3	138416411	138416660	LTR/ERV1	1948	-	124	138416535	81915
chr3	138334620	138534620	harbor1	chr3	138419504	138419679	LTR/ERV1	2504	-	88	138419592	84972
chr3	138334620	138534620	harbor1	chr3	138420400	138420527	LTR/ERV1	2504	-	64	138420464	85844
chr3	138334620	138534620	harbor1	chr3	138420528	138421087	LTR/ERV1	5993	-	280	138420808	86188
chr3	138334620	138534620	harbor1	chr3	138421374	138421707	LTR/ERV1	5993	-	166	138421540	86920
chr3	138334620	138534620	harbor1	chr3	138421708	138421824	LTR/ERV1	2504	-	58	138421766	87146
chr3	138334620	138534620	harbor1	chr3	138422287	138422940	LTR/ERV1	3081	-	326	138422613	87993
chr3	138334620	138534620	harbor1	chr3	138425206	138425753	LTR/ERV1	4175	-	274	138425480	90860
chr3	49586786	49786786	harbor1	chr3	49587435	49587887	LTR/ERV1	2852	-	226	49587661	875
chr3	49586786	49786786	harbor1	chr3	49588222	49588306	LTR/ERV1	2852	-	42	49588264	1478
chr3	107991341	108191341	harbor1	chr3	107999206	107999772	LTR/ERV1	3025	-	283	107999489	8148
chr3	107991341	108191341	harbor1	chr3	108000077	108000308	LTR/ERV1	1208	-	116	108000193	8852
chr3	107991341	108191341	harbor1	chr3	108022092	108022755	LTR/ERV1	3532	-	332	108022424	31083
chr3	107991308	108191308	harbor1	chr3	107999206	107999772	LTR/ERV1	3025	-	283	107999489	8181
chr3	107991308	108191308	harbor1	chr3	108000077	108000308	LTR/ERV1	1208	-	116	108000193	8885
chr3	107991308	108191308	harbor1	chr3	108022092	108022755	LTR/ERV1	3532	-	332	108022424	31116
chr3	107991371	108191371	harbor1	chr3	107999206	107999772	LTR/ERV1	3025	-	283	107999489	8118
chr3	107991371	108191371	harbor1	chr3	108000077	108000308	LTR/ERV1	1208	-	116	108000193	8822
chr3	107991371	108191371	harbor1	chr3	108022092	108022755	LTR/ERV1	3532	-	332	108022424	31053
chr3	107991316	108191316	harbor1	chr3	107999206	107999772	LTR/ERV1	3025	-	283	107999489	8173
chr3	107991316	108191316	harbor1	chr3	108000077	108000308	LTR/ERV1	1208	-	116	108000193	8877
chr3	107991316	108191316	harbor1	chr3	108022092	108022755	LTR/ERV1	3532	-	332	108022424	31108
chr3	107991276	108191276	harbor1	chr3	107999206	107999772	LTR/ERV1	3025	-	283	107999489	8213
chr3	107991276	108191276	harbor1	chr3	108000077	108000308	LTR/ERV1	1208	-	116	108000193	8917
chr3	107991276	108191276	harbor1	chr3	108022092	108022755	LTR/ERV1	3532	-	332	108022424	31148
chr3	107991357	108191357	harbor1	chr3	107999206	107999772	LTR/ERV1	3025	-	283	107999489	8132
chr3	107991357	108191357	harbor1	chr3	108000077	108000308	LTR/ERV1	1208	-	116	108000193	8836
chr3	107991357	108191357	harbor1	chr3	108022092	108022755	LTR/ERV1	3532	-	332	108022424	31067
chr3	107991312	108191312	harbor1	chr3	107999206	107999772	LTR/ERV1	3025	-	283	107999489	8177
chr3	107991312	108191312	harbor1	chr3	108000077	108000308	LTR/ERV1	1208	-	116	108000193	8881
chr3	107991312	108191312	harbor1	chr3	108022092	108022755	LTR/ERV1	3532	-	332	108022424	31112
chr3	107991310	108191310	harbor1	chr3	107999206	107999772	LTR/ERV1	3025	-	283	107999489	8179
chr3	107991310	108191310	harbor1	chr3	108000077	108000308	LTR/ERV1	1208	-	116	108000193	8883
chr3	107991310	108191310	harbor1	chr3	108022092	108022755	LTR/ERV1	3532	-	332	108022424	31114
chr3	107991337	108191337	harbor1	chr3	107999206	107999772	LTR/ERV1	3025	-	283	107999489	8152
chr3	107991337	108191337	harbor1	chr3	108000077	108000308	LTR/ERV1	1208	-	116	108000193	8856
chr3	107991337	108191337	harbor1	chr3	108022092	108022755	LTR/ERV1	3532	-	332	108022424	31087
chr3	107991338	108191338	harbor1	chr3	107999206	107999772	LTR/ERV1	3025	-	283	107999489	8151
chr3	107991338	108191338	harbor1	chr3	108000077	108000308	LTR/ERV1	1208	-	116	108000193	8855
chr3	107991338	108191338	harbor1	chr3	108022092	108022755	LTR/ERV1	3532	-	332	108022424	31086
chr3	107991370	108191370	harbor1	chr3	107999206	107999772	LTR/ERV1	3025	-	283	107999489	8119
chr3	107991370	108191370	harbor1	chr3	108000077	108000308	LTR/ERV1	1208	-	116	108000193	8823
chr3	107991370	108191370	harbor1	chr3	108022092	108022755	LTR/ERV1	3532	-	332	108022424	31054
chr3	107991302	108191302	harbor1	chr3	107999206	107999772	LTR/ERV1	3025	-	283	107999489	8187
chr3	107991302	108191302	harbor1	chr3	108000077	108000308	LTR/ERV1	1208	-	116	108000193	8891
chr3	107991302	108191302	harbor1	chr3	108022092	108022755	LTR/ERV1	3532	-	332	108022424	31122
chr3	42586603	42786603	harbor1	chr3	42670469	42670920	LTR/ERV1	2658	-	226	42670695	84092
chr3	107991361	108191361	harbor1	chr3	107999206	107999772	LTR/ERV1	3025	-	283	107999489	8128
chr3	107991361	108191361	harbor1	chr3	108000077	108000308	LTR/ERV1	1208	-	116	108000193	8832
chr3	107991361	108191361	harbor1	chr3	108022092	108022755	LTR/ERV1	3532	-	332	108022424	31063
chr3	107991380	108191380	harbor1	chr3	107999206	107999772	LTR/ERV1	3025	-	283	107999489	8109
chr3	107991380	108191380	harbor1	chr3	108000077	108000308	LTR/ERV1	1208	-	116	108000193	8813
chr3	107991380	108191380	harbor1	chr3	108022092	108022755	LTR/ERV1	3532	-	332	108022424	31044
chr3	107991451	108191451	harbor1	chr3	107999206	107999772	LTR/ERV1	3025	-	283	107999489	8038
chr3	107991451	108191451	harbor1	chr3	108000077	108000308	LTR/ERV1	1208	-	116	108000193	8742
chr3	107991451	108191451	harbor1	chr3	108022092	108022755	LTR/ERV1	3532	-	332	108022424	30973
chr3	129021155	129221155	harbor1	chr3	129023081	129023191	LTR/ERV1	639	-	55	129023136	1981
chr3	129021155	129221155	harbor1	chr3	129023190	129023307	LTR/ERV1	601	-	58	129023248	2093
chr3	129021155	129221155	harbor1	chr3	129023632	129023655	LTR/ERV1	601	-	12	129023644	2489
chr3	129021155	129221155	harbor1	chr3	129053777	129053973	LTR/ERV1	4636	-	98	129053875	32720
chr3	129021155	129221155	harbor1	chr3	129054560	129055271	LTR/ERV1	4636	-	356	129054916	33761
chr3	129021155	129221155	harbor1	chr3	129067540	129068844	LTR/ERV1	8517	-	652	129068192	47037
chr3	129021155	129221155	harbor1	chr3	129070445	129070910	LTR/ERV1	3260	-	232	129070677	49522
chr3	129021155	129221155	harbor1	chr3	129079995	129080291	LTR/ERV1	2177	-	148	129080143	58988
chr3	129021155	129221155	harbor1	chr3	129080601	129080756	LTR/ERV1	2177	-	78	129080679	59524
chr3	107991298	108191298	harbor1	chr3	107999206	107999772	LTR/ERV1	3025	-	283	107999489	8191
chr3	107991298	108191298	harbor1	chr3	108000077	108000308	LTR/ERV1	1208	-	116	108000193	8895
chr3	107991298	108191298	harbor1	chr3	108022092	108022755	LTR/ERV1	3532	-	332	108022424	31126
chr3	52222004	52422004	harbor1	chr3	52241899	52242532	LTR/ERV1	2606	-	316	52242215	20211
chr3	52222004	52422004	harbor1	chr3	52282240	52282648	LTR/ERV1	2342	-	204	52282444	60440
chr3	52222004	52422004	harbor1	chr3	52286053	52286207	LTR/ERV1	467	-	77	52286130	64126
chr3	107991375	108191375	harbor1	chr3	107999206	107999772	LTR/ERV1	3025	-	283	107999489	8114
chr3	107991375	108191375	harbor1	chr3	108000077	108000308	LTR/ERV1	1208	-	116	108000193	8818
chr3	107991375	108191375	harbor1	chr3	108022092	108022755	LTR/ERV1	3532	-	332	108022424	31049
chr3	107991366	108191366	harbor1	chr3	107999206	107999772	LTR/ERV1	3025	-	283	107999489	8123
chr3	107991366	108191366	harbor1	chr3	108000077	108000308	LTR/ERV1	1208	-	116	108000193	8827
chr3	107991366	108191366	harbor1	chr3	108022092	108022755	LTR/ERV1	3532	-	332	108022424	31058
chr3	107991309	108191309	harbor1	chr3	107999206	107999772	LTR/ERV1	3025	-	283	107999489	8180
chr3	107991309	108191309	harbor1	chr3	108000077	108000308	LTR/ERV1	1208	-	116	108000193	8884
chr3	107991309	108191309	harbor1	chr3	108022092	108022755	LTR/ERV1	3532	-	332	108022424	31115
chr3	107991277	108191277	harbor1	chr3	107999206	107999772	LTR/ERV1	3025	-	283	107999489	8212
chr3	107991277	108191277	harbor1	chr3	108000077	108000308	LTR/ERV1	1208	-	116	108000193	8916
chr3	107991277	108191277	harbor1	chr3	108022092	108022755	LTR/ERV1	3532	-	332	108022424	31147
chr3	124721335	124921335	harbor1	chr3	124752578	124753001	LTR/ERV1	2638	-	212	124752790	31455
chr3	124721335	124921335	harbor1	chr3	124753002	124753374	LTR/ERV1	2619	-	186	124753188	31853
chr3	124721335	124921335	harbor1	chr3	124753373	124753590	LTR/ERV1	1496	-	108	124753481	32146
chr3	124721335	124921335	harbor1	chr3	124753592	124754250	LTR/ERV1	4298	-	329	124753921	32586
chr3	124721335	124921335	harbor1	chr3	124754253	124754745	LTR/ERV1	3468	-	246	124754499	33164
chr3	124721335	124921335	harbor1	chr3	124754745	124754892	LTR/ERV1	911	-	74	124754819	33484
chr3	124721335	124921335	harbor1	chr3	124754887	124757754	LTR/ERV1	16799	-	1434	124756321	34986
chr3	124721335	124921335	harbor1	chr3	124757755	124758183	LTR/ERV1	2583	-	214	124757969	36634
chr3	107991343	108191343	harbor1	chr3	107999206	107999772	LTR/ERV1	3025	-	283	107999489	8146
chr3	107991343	108191343	harbor1	chr3	108000077	108000308	LTR/ERV1	1208	-	116	108000193	8850
chr3	107991343	108191343	harbor1	chr3	108022092	108022755	LTR/ERV1	3532	-	332	108022424	31081
chr3	17061072	17261072	harbor1	chr3	17068981	17069607	LTR/ERV1	3333	-	313	17069294	8222
chr3	107991355	108191355	harbor1	chr3	107999206	107999772	LTR/ERV1	3025	-	283	107999489	8134
chr3	107991355	108191355	harbor1	chr3	108000077	108000308	LTR/ERV1	1208	-	116	108000193	8838
chr3	107991355	108191355	harbor1	chr3	108022092	108022755	LTR/ERV1	3532	-	332	108022424	31069
chr3	49542479	49742479	harbor1	chr3	49587435	49587887	LTR/ERV1	2852	-	226	49587661	45182
chr3	49542479	49742479	harbor1	chr3	49588222	49588306	LTR/ERV1	2852	-	42	49588264	45785
chr3	184085534	184285534	harbor1	chr3	184086602	184086732	LTR/ERV1	486	-	65	184086667	1133
chr3	184085534	184285534	harbor1	chr3	184087522	184088283	LTR/ERV1	7127	-	380	184087902	2368
chr3	184085534	184285534	harbor1	chr3	184088595	184089115	LTR/ERV1	7127	-	260	184088855	3321
chr3	184085534	184285534	harbor1	chr3	184089416	184089575	LTR/ERV1	7127	-	80	184089496	3962
chr3	184085534	184285534	harbor1	chr3	184089629	184089871	LTR/ERV1	1012	-	121	184089750	4216
chr3	49410828	49610828	harbor1	chr3	49441241	49441334	LTR/ERV1	612	-	46	49441287	30459
chr3	49410828	49610828	harbor1	chr3	49443587	49443686	LTR/ERV1	1286	-	50	49443637	32809
chr3	49410828	49610828	harbor1	chr3	49443814	49443887	LTR/ERV1	1286	-	36	49443850	33022
chr3	49410828	49610828	harbor1	chr3	49444174	49444303	LTR/ERV1	1286	-	64	49444238	33410
chr3	49410828	49610828	harbor1	chr3	49445651	49445725	LTR/ERV1	1057	-	37	49445688	34860
chr3	49410828	49610828	harbor1	chr3	49446031	49446240	LTR/ERV1	1223	-	104	49446135	35307
chr3	49410828	49610828	harbor1	chr3	49446553	49446708	LTR/ERV1	1223	-	78	49446631	35803
chr3	49542474	49742474	harbor1	chr3	49587435	49587887	LTR/ERV1	2852	-	226	49587661	45187
chr3	49542474	49742474	harbor1	chr3	49588222	49588306	LTR/ERV1	2852	-	42	49588264	45790
chr3	185838095	186038095	harbor1	chr3	185874150	185874730	LTR/ERV1	3736	-	290	185874440	36345
chr3	23710846	23910846	harbor1	chr3	23731531	23731803	LTR/ERV1	874	-	136	23731667	20821
chr3	107991335	108191335	harbor1	chr3	107999206	107999772	LTR/ERV1	3025	-	283	107999489	8154
chr3	107991335	108191335	harbor1	chr3	108000077	108000308	LTR/ERV1	1208	-	116	108000193	8858
chr3	107991335	108191335	harbor1	chr3	108022092	108022755	LTR/ERV1	3532	-	332	108022424	31089
chr3	39004795	39204795	harbor1	chr3	39004859	39005339	LTR/ERV1	4011	-	240	39005099	304
chr3	39004795	39204795	harbor1	chr3	39011008	39011789	LTR/ERV1	4883	-	390	39011398	6603
chr3	39004795	39204795	harbor1	chr3	39020898	39021045	LTR/ERV1	1061	-	74	39020972	16177
chr3	39004795	39204795	harbor1	chr3	39021046	39021415	LTR/ERV1	1681	-	184	39021230	16435
chr3	39004795	39204795	harbor1	chr3	39021416	39021642	LTR/ERV1	1061	-	113	39021529	16734
chr3	39004795	39204795	harbor1	chr3	39021640	39021781	LTR/ERV1	580	-	70	39021710	16915
chr3	39004795	39204795	harbor1	chr3	39024033	39024443	LTR/ERV1	3494	-	205	39024238	19443
chr3	39004795	39204795	harbor1	chr3	39025046	39025288	LTR/ERV1	3494	-	121	39025167	20372
chr3	39004795	39204795	harbor1	chr3	39025287	39025893	LTR/ERV1	4099	-	303	39025590	20795
chr3	39004795	39204795	harbor1	chr3	39027751	39028371	LTR/ERV1	525	-	310	39028061	23266
chr3	39004795	39204795	harbor1	chr3	39026525	39026964	LTR/ERV1	1238	-	220	39026745	21950
chr3	127581151	127781151	harbor1	chr3	127592292	127592367	LTR/ERV1	2931	-	38	127592330	11179
chr3	127581151	127781151	harbor1	chr3	127592685	127593007	LTR/ERV1	2931	-	161	127592846	11695
chr3	123544681	123744681	harbor1	chr3	123586843	123587243	LTR/ERV1	2149	-	200	123587043	42362
chr3	123544681	123744681	harbor1	chr3	123587283	123587993	LTR/ERV1	2502	-	355	123587638	42957
chr3	123544681	123744681	harbor1	chr3	123588911	123588992	LTR/ERV1	589	-	40	123588951	44270
chr3	23710841	23910841	harbor1	chr3	23731531	23731803	LTR/ERV1	874	-	136	23731667	20826
chr3	52121829	52321829	harbor1	chr3	52161424	52161549	LTR/ERV1	6663	-	62	52161486	39657
chr3	52121829	52321829	harbor1	chr3	52161856	52162861	LTR/ERV1	6663	-	502	52162358	40529
chr3	138334619	138534619	harbor1	chr3	138336366	138336974	LTR/ERV1	3588	-	304	138336670	2051
chr3	138334619	138534619	harbor1	chr3	138409885	138410421	LTR/ERV1	3999	-	268	138410153	75534
chr3	138334619	138534619	harbor1	chr3	138415984	138416127	LTR/ERV1	1948	-	72	138416056	81437
chr3	138334619	138534619	harbor1	chr3	138416411	138416660	LTR/ERV1	1948	-	124	138416535	81916
chr3	138334619	138534619	harbor1	chr3	138419504	138419679	LTR/ERV1	2504	-	88	138419592	84973
chr3	138334619	138534619	harbor1	chr3	138420400	138420527	LTR/ERV1	2504	-	64	138420464	85845
chr3	138334619	138534619	harbor1	chr3	138420528	138421087	LTR/ERV1	5993	-	280	138420808	86189
chr3	138334619	138534619	harbor1	chr3	138421374	138421707	LTR/ERV1	5993	-	166	138421540	86921
chr3	138334619	138534619	harbor1	chr3	138421708	138421824	LTR/ERV1	2504	-	58	138421766	87147
chr3	138334619	138534619	harbor1	chr3	138422287	138422940	LTR/ERV1	3081	-	326	138422613	87994
chr3	138334619	138534619	harbor1	chr3	138425206	138425753	LTR/ERV1	4175	-	274	138425480	90861
chr3	127490156	127690156	harbor1	chr3	127510524	127511013	LTR/ERV1	1346	-	244	127510768	20612
chr3	190413906	190613906	harbor1	chr3	190414387	190415182	LTR/ERV1	2709	-	398	190414785	879
chr3	127490312	127690312	harbor1	chr3	127510524	127511013	LTR/ERV1	1346	-	244	127510768	20456
chr3	123544677	123744677	harbor1	chr3	123586843	123587243	LTR/ERV1	2149	-	200	123587043	42366
chr3	123544677	123744677	harbor1	chr3	123587283	123587993	LTR/ERV1	2502	-	355	123587638	42961
chr3	123544677	123744677	harbor1	chr3	123588911	123588992	LTR/ERV1	589	-	40	123588951	44274
chr3	128581053	128781053	harbor1	chr3	128652477	128652581	LTR/ERV1	3803	-	52	128652529	71476
chr3	128581053	128781053	harbor1	chr3	128652891	128653226	LTR/ERV1	3803	-	168	128653059	72006
chr3	128581053	128781053	harbor1	chr3	128654657	128654765	LTR/ERV1	3803	-	54	128654711	73658
chr3	128581053	128781053	harbor1	chr3	128659978	128660151	LTR/ERV1	1780	-	86	128660064	79011
chr3	128581053	128781053	harbor1	chr3	128660442	128660747	LTR/ERV1	1988	-	152	128660594	79541
chr3	128581053	128781053	harbor1	chr3	128661059	128661327	LTR/ERV1	1988	-	134	128661193	80140
chr3	128581053	128781053	harbor1	chr3	128670124	128670211	LTR/ERV1	463	-	44	128670168	89115
chr3	128581053	128781053	harbor1	chr3	128670526	128670571	LTR/ERV1	463	-	22	128670548	89495
chr3	128581053	128781053	harbor1	chr3	128581508	128581935	LTR/ERV1	2623	-	214	128581722	669
chr3	54747497	54947497	harbor1	chr3	54787444	54787986	LTR/ERV1	2805	-	271	54787715	40218
chr3	107991305	108191305	harbor1	chr3	107999206	107999772	LTR/ERV1	3025	-	283	107999489	8184
chr3	107991305	108191305	harbor1	chr3	108000077	108000308	LTR/ERV1	1208	-	116	108000193	8888
chr3	107991305	108191305	harbor1	chr3	108022092	108022755	LTR/ERV1	3532	-	332	108022424	31119
chr3	51571820	51771820	harbor1	chr3	51578540	51579444	LTR/ERV1	4210	-	452	51578992	7172
chr3	58016450	58216450	harbor1	chr3	58036204	58036911	LTR/ERV1	3478	-	354	58036558	20108
chr3	30507293	30707293	harbor1	chr3	30550923	30551614	LTR/ERV1	4449	-	346	30551269	43976
chr3	30507293	30707293	harbor1	chr3	30602080	30602174	LTR/ERV1	563	-	47	30602127	94834
chr3	23710887	23910887	harbor1	chr3	23731531	23731803	LTR/ERV1	874	-	136	23731667	20780
chr3	107991294	108191294	harbor1	chr3	107999206	107999772	LTR/ERV1	3025	-	283	107999489	8195
chr3	107991294	108191294	harbor1	chr3	108000077	108000308	LTR/ERV1	1208	-	116	108000193	8899
chr3	107991294	108191294	harbor1	chr3	108022092	108022755	LTR/ERV1	3532	-	332	108022424	31130
chr3	49573788	49773788	harbor1	chr3	49587435	49587887	LTR/ERV1	2852	-	226	49587661	13873
chr3	49573788	49773788	harbor1	chr3	49588222	49588306	LTR/ERV1	2852	-	42	49588264	14476
chr3	159480531	159680531	harbor1	chr3	159480792	159481162	LTR/ERV1	2036	-	185	159480977	446
chr3	48538345	48738345	harbor1	chr3	48610753	48611082	LTR/ERV1	1594	-	164	48610917	72572
chr3	48538345	48738345	harbor1	chr3	48611422	48611548	LTR/ERV1	3081	-	63	48611485	73140
chr3	48538345	48738345	harbor1	chr3	48611855	48611993	LTR/ERV1	3219	-	69	48611924	73579
chr3	48538345	48738345	harbor1	chr3	48612301	48612684	LTR/ERV1	3219	-	192	48612493	74148
chr3	48538345	48738345	harbor1	chr3	48617670	48618037	LTR/ERV1	4533	-	184	48617854	79509
chr3	48538345	48738345	harbor1	chr3	48618346	48618637	LTR/ERV1	4533	-	146	48618492	80147
chr3	123544615	123744615	harbor1	chr3	123586843	123587243	LTR/ERV1	2149	-	200	123587043	42428
chr3	123544615	123744615	harbor1	chr3	123587283	123587993	LTR/ERV1	2502	-	355	123587638	43023
chr3	123544615	123744615	harbor1	chr3	123588911	123588992	LTR/ERV1	589	-	40	123588951	44336
chr3	51281519	51481519	harbor1	chr3	51281878	51282231	LTR/ERV1	2158	-	176	51282054	535
chr3	107991304	108191304	harbor1	chr3	107999206	107999772	LTR/ERV1	3025	-	283	107999489	8185
chr3	107991304	108191304	harbor1	chr3	108000077	108000308	LTR/ERV1	1208	-	116	108000193	8889
chr3	107991304	108191304	harbor1	chr3	108022092	108022755	LTR/ERV1	3532	-	332	108022424	31120
chr3	38066121	38266121	harbor1	chr3	38070496	38070934	LTR/ERV1	3359	-	219	38070715	4594
chr3	38066121	38266121	harbor1	chr3	38070935	38071359	LTR/ERV1	2867	-	212	38071147	5026
chr3	38066121	38266121	harbor1	chr3	38071345	38076287	LTR/ERV1	15848	-	2471	38073816	7695
chr3	38066121	38266121	harbor1	chr3	38076740	38077118	LTR/ERV1	2279	-	189	38076929	10808
chr3	38066121	38266121	harbor1	chr3	38077117	38077333	LTR/ERV1	1365	-	108	38077225	11104
chr3	38066121	38266121	harbor1	chr3	38077335	38077967	LTR/ERV1	3811	-	316	38077651	11530
chr3	38066121	38266121	harbor1	chr3	38077970	38078472	LTR/ERV1	3275	-	251	38078221	12100
chr3	38066121	38266121	harbor1	chr3	38078463	38078610	LTR/ERV1	834	-	74	38078537	12416
chr3	38066121	38266121	harbor1	chr3	38078605	38080804	LTR/ERV1	15205	-	1100	38079705	13584
chr3	38066121	38266121	harbor1	chr3	38082485	38083174	LTR/ERV1	3994	-	344	38082829	16708
chr3	38066121	38266121	harbor1	chr3	38083177	38083728	LTR/ERV1	2948	-	276	38083453	17332
chr3	38066121	38266121	harbor1	chr3	38163540	38164149	LTR/ERV1	3590	-	304	38163844	97723
chr3	38066121	38266121	harbor1	chr3	38076290	38076739	LTR/ERV1	3566	-	224	38076514	10393
chr3	129021082	129221082	harbor1	chr3	129023081	129023191	LTR/ERV1	639	-	55	129023136	2054
chr3	129021082	129221082	harbor1	chr3	129023190	129023307	LTR/ERV1	601	-	58	129023248	2166
chr3	129021082	129221082	harbor1	chr3	129023632	129023655	LTR/ERV1	601	-	12	129023644	2562
chr3	129021082	129221082	harbor1	chr3	129053777	129053973	LTR/ERV1	4636	-	98	129053875	32793
chr3	129021082	129221082	harbor1	chr3	129054560	129055271	LTR/ERV1	4636	-	356	129054916	33834
chr3	129021082	129221082	harbor1	chr3	129067540	129068844	LTR/ERV1	8517	-	652	129068192	47110
chr3	129021082	129221082	harbor1	chr3	129070445	129070910	LTR/ERV1	3260	-	232	129070677	49595
chr3	129021082	129221082	harbor1	chr3	129079995	129080291	LTR/ERV1	2177	-	148	129080143	59061
chr3	129021082	129221082	harbor1	chr3	129080601	129080756	LTR/ERV1	2177	-	78	129080679	59597
chr3	12827739	13027739	harbor1	chr3	12878674	12879153	LTR/ERV1	3297	-	240	12878914	51175
chr3	12827739	13027739	harbor1	chr3	12845030	12845599	LTR/ERV1	1729	-	284	12845314	17575
chr3	107991392	108191392	harbor1	chr3	107999206	107999772	LTR/ERV1	3025	-	283	107999489	8097
chr3	107991392	108191392	harbor1	chr3	108000077	108000308	LTR/ERV1	1208	-	116	108000193	8801
chr3	107991392	108191392	harbor1	chr3	108022092	108022755	LTR/ERV1	3532	-	332	108022424	31032
chr3	126256502	126456502	harbor1	chr3	126286061	126286217	LTR/ERV1	2849	-	78	126286139	29637
chr3	126256502	126456502	harbor1	chr3	126286538	126286910	LTR/ERV1	2849	-	186	126286724	30222
chr3	126256502	126456502	harbor1	chr3	126289770	126290197	LTR/ERV1	2732	-	214	126289984	33482
chr3	51571305	51771305	harbor1	chr3	51578540	51579444	LTR/ERV1	4210	-	452	51578992	7687
chr3	138334857	138534857	harbor1	chr3	138336366	138336974	LTR/ERV1	3588	-	304	138336670	1813
chr3	138334857	138534857	harbor1	chr3	138409885	138410421	LTR/ERV1	3999	-	268	138410153	75296
chr3	138334857	138534857	harbor1	chr3	138415984	138416127	LTR/ERV1	1948	-	72	138416056	81199
chr3	138334857	138534857	harbor1	chr3	138416411	138416660	LTR/ERV1	1948	-	124	138416535	81678
chr3	138334857	138534857	harbor1	chr3	138419504	138419679	LTR/ERV1	2504	-	88	138419592	84735
chr3	138334857	138534857	harbor1	chr3	138420400	138420527	LTR/ERV1	2504	-	64	138420464	85607
chr3	138334857	138534857	harbor1	chr3	138420528	138421087	LTR/ERV1	5993	-	280	138420808	85951
chr3	138334857	138534857	harbor1	chr3	138421374	138421707	LTR/ERV1	5993	-	166	138421540	86683
chr3	138334857	138534857	harbor1	chr3	138421708	138421824	LTR/ERV1	2504	-	58	138421766	86909
chr3	138334857	138534857	harbor1	chr3	138422287	138422940	LTR/ERV1	3081	-	326	138422613	87756
chr3	138334857	138534857	harbor1	chr3	138425206	138425753	LTR/ERV1	4175	-	274	138425480	90623
chr3	48616128	48816128	harbor1	chr3	48617670	48618037	LTR/ERV1	4533	-	184	48617854	1726
chr3	48616128	48816128	harbor1	chr3	48618346	48618637	LTR/ERV1	4533	-	146	48618492	2364
chr3	127581163	127781163	harbor1	chr3	127592292	127592367	LTR/ERV1	2931	-	38	127592330	11167
chr3	127581163	127781163	harbor1	chr3	127592685	127593007	LTR/ERV1	2931	-	161	127592846	11683
chr4	2656082	2856082	harbor1	chr4	2669770	2669891	LTR/ERV1	544	-	60	2669830	13748
chr4	2656082	2856082	harbor1	chr4	2723588	2723761	LTR/ERV1	814	-	86	2723674	67592
chr4	2656082	2856082	harbor1	chr4	2723967	2724555	LTR/ERV1	1367	-	294	2724261	68179
chr4	6810048	7010048	harbor1	chr4	6887234	6887547	LTR/ERV1	2691	-	156	6887390	77342
chr4	6810048	7010048	harbor1	chr4	6887823	6887957	LTR/ERV1	2691	-	67	6887890	77842
chr4	551216	751216	harbor1	chr4	559639	559741	LTR/ERV1	762	-	51	559690	8474
chr4	1420272	1620272	harbor1	chr4	1457752	1458069	LTR/ERV1	1019	-	158	1457910	37638
chr4	1420272	1620272	harbor1	chr4	1497698	1498454	LTR/ERV1	4848	-	378	1498076	77804
chr4	1420272	1620272	harbor1	chr4	1504524	1504969	LTR/ERV1	2204	-	222	1504746	84474
chr4	1661985	1861985	harbor1	chr4	1710428	1710767	LTR/ERV1	2273	-	170	1710598	48613
chr4	1661985	1861985	harbor1	chr4	1711076	1711172	LTR/ERV1	2273	-	48	1711124	49139
chr4	1661985	1861985	harbor1	chr4	1738560	1739026	LTR/ERV1	2592	-	233	1738793	76808
chr4	1661985	1861985	harbor1	chr4	1739326	1739385	LTR/ERV1	2592	-	30	1739356	77371
chr4	3263597	3463597	harbor1	chr4	3339513	3339939	LTR/ERV1	2080	-	213	3339726	76129
chr4	3263597	3463597	harbor1	chr4	3344967	3345394	LTR/ERV1	2353	-	214	3345181	81584
chr4	3263597	3463597	harbor1	chr4	3345395	3345903	LTR/ERV1	3337	-	254	3345649	82052
chr4	3263597	3463597	harbor1	chr4	3346046	3347162	LTR/ERV1	3707	-	558	3346604	83007
chr4	3263597	3463597	harbor1	chr4	3347464	3348817	LTR/ERV1	4721	-	676	3348140	84543
chr4	3263597	3463597	harbor1	chr4	3348945	3350400	LTR/ERV1	6158	-	728	3349673	86076
chr4	3263597	3463597	harbor1	chr4	3350712	3352370	LTR/ERV1	6158	-	829	3351541	87944
chr4	3263597	3463597	harbor1	chr4	3352453	3352891	LTR/ERV1	2580	-	219	3352672	89075
chr4	2826505	3026505	harbor1	chr4	2847563	2847931	LTR/ERV1	2553	-	184	2847747	21242
chr4	6922283	7122283	harbor1	chr4	6985403	6985819	LTR/ERV1	951	-	208	6985611	63328
chr4	1365432	1565432	harbor1	chr4	1457752	1458069	LTR/ERV1	1019	-	158	1457910	92478
chr4	9441130	9641130	harbor1	chr4	9523582	9524979	LTR/ERV1	10193	-	698	9524280	83150
chr4	1107423	1307423	harbor1	chr4	1150053	1152070	LTR/ERV1	7229	-	1008	1151061	43638
chr4	1402290	1602290	harbor1	chr4	1457752	1458069	LTR/ERV1	1019	-	158	1457910	55620
chr4	1402290	1602290	harbor1	chr4	1497698	1498454	LTR/ERV1	4848	-	378	1498076	95786
chr4	551200	751200	harbor1	chr4	559639	559741	LTR/ERV1	762	-	51	559690	8490
chr4	52497288	52697288	harbor1	chr4	52588946	52589497	LTR/ERV1	1692	-	276	52589222	91934
chr4	128711743	128911743	harbor1	chr4	128720102	128720668	LTR/ERV1	1205	-	283	128720385	8642
chr4	128711743	128911743	harbor1	chr4	128731678	128731766	LTR/ERV1	2817	-	44	128731722	19979
chr4	128711743	128911743	harbor1	chr4	128732106	128732737	LTR/ERV1	2817	-	316	128732422	20679
chr4	128711743	128911743	harbor1	chr4	128733373	128733967	LTR/ERV1	4149	-	297	128733670	21927
chr4	128711743	128911743	harbor1	chr4	128746126	128746389	LTR/ERV1	5088	-	132	128746258	34515
chr4	128711743	128911743	harbor1	chr4	128746702	128746729	LTR/ERV1	5088	-	14	128746716	34973
chr4	128711743	128911743	harbor1	chr4	128747035	128747066	LTR/ERV1	5088	-	16	128747051	35308
chr4	128711743	128911743	harbor1	chr4	128747350	128748596	LTR/ERV1	5088	-	623	128747973	36230
chr4	128711743	128911743	harbor1	chr4	128748882	128749183	LTR/ERV1	1369	-	150	128749032	37289
chr4	128711743	128911743	harbor1	chr4	128749972	128750114	LTR/ERV1	562	-	71	128750043	38300
chr4	128711743	128911743	harbor1	chr4	128750171	128750378	LTR/ERV1	1798	-	104	128750275	38532
chr4	128711743	128911743	harbor1	chr4	128750703	128750897	LTR/ERV1	1798	-	97	128750800	39057
chr4	128711743	128911743	harbor1	chr4	128751213	128751259	LTR/ERV1	1798	-	23	128751236	39493
chr4	128711743	128911743	harbor1	chr4	128798690	128799167	LTR/ERV1	3185	-	238	128798928	87185
chr4	128711743	128911743	harbor1	chr4	128745387	128745776	LTR/ERV1	808	-	194	128745581	33838
chr4	2826521	3026521	harbor1	chr4	2847563	2847931	LTR/ERV1	2553	-	184	2847747	21226
chr4	120822653	121022653	harbor1	chr4	120838707	120840144	LTR/ERV1	6724	-	718	120839425	16772
chr4	120822653	121022653	harbor1	chr4	120918875	120919047	LTR/ERV1	729	-	86	120918961	96308
chr4	1420361	1620361	harbor1	chr4	1457752	1458069	LTR/ERV1	1019	-	158	1457910	37549
chr4	1420361	1620361	harbor1	chr4	1497698	1498454	LTR/ERV1	4848	-	378	1498076	77715
chr4	1420361	1620361	harbor1	chr4	1504524	1504969	LTR/ERV1	2204	-	222	1504746	84385
chr4	2832662	3032662	harbor1	chr4	2847563	2847931	LTR/ERV1	2553	-	184	2847747	15085
chr4	143414065	143614065	harbor1	chr4	143426951	143427185	LTR/ERV1	1401	-	117	143427068	13003
chr4	143414065	143614065	harbor1	chr4	143427198	143428772	LTR/ERV1	21017	-	787	143427985	13920
chr4	143414065	143614065	harbor1	chr4	143429010	143429097	LTR/ERV1	21017	-	44	143429054	14989
chr4	143414065	143614065	harbor1	chr4	143429404	143432009	LTR/ERV1	21017	-	1302	143430706	16641
chr4	143414065	143614065	harbor1	chr4	143432157	143432355	LTR/ERV1	924	-	99	143432256	18191
chr4	143414065	143614065	harbor1	chr4	143432356	143432579	LTR/ERV1	968	-	112	143432468	18403
chr4	143414065	143614065	harbor1	chr4	143454333	143454781	LTR/ERV1	2199	-	224	143454557	40492
chr4	143414065	143614065	harbor1	chr4	143495370	143495639	LTR/ERV1	1042	-	134	143495504	81439
chr4	120822725	121022725	harbor1	chr4	120838707	120840144	LTR/ERV1	6724	-	718	120839425	16700
chr4	120822725	121022725	harbor1	chr4	120918875	120919047	LTR/ERV1	729	-	86	120918961	96236
chr4	55295888	55495888	harbor1	chr4	55336659	55337053	LTR/ERV1	2243	-	197	55336856	40968
chr4	55295888	55495888	harbor1	chr4	55375041	55375371	LTR/ERV1	1451	-	165	55375206	79318
chr4	551205	751205	harbor1	chr4	559639	559741	LTR/ERV1	762	-	51	559690	8485
chr4	153364398	153564398	harbor1	chr4	153388643	153389290	LTR/ERV1	3248	-	324	153388967	24569
chr4	139076181	139276181	harbor1	chr4	139157976	139158372	LTR/ERV1	2017	-	198	139158174	81993
chr4	139076181	139276181	harbor1	chr4	139158373	139158837	LTR/ERV1	2247	-	232	139158605	82424
chr4	139076181	139276181	harbor1	chr4	139158842	139159609	LTR/ERV1	4849	-	384	139159226	83045
chr4	139076181	139276181	harbor1	chr4	139159679	139160055	LTR/ERV1	1792	-	188	139159867	83686
chr4	120822783	121022783	harbor1	chr4	120838707	120840144	LTR/ERV1	6724	-	718	120839425	16642
chr4	120822783	121022783	harbor1	chr4	120918875	120919047	LTR/ERV1	729	-	86	120918961	96178
chr4	55295797	55495797	harbor1	chr4	55336659	55337053	LTR/ERV1	2243	-	197	55336856	41059
chr4	55295797	55495797	harbor1	chr4	55375041	55375371	LTR/ERV1	1451	-	165	55375206	79409
chr5	9549845	9749845	harbor1	chr5	9594322	9594792	LTR/ERV1	2611	-	235	9594557	44712
chr5	10661237	10861237	harbor1	chr5	10698749	10699174	LTR/ERV1	2481	-	212	10698961	37724
chr5	9114326	9314326	harbor1	chr5	9126483	9127231	LTR/ERV1	925	-	374	9126857	12531
chr5	10341920	10541920	harbor1	chr5	10423997	10424551	LTR/ERV1	2673	-	277	10424274	82354
chr5	10150551	10350551	harbor1	chr5	10187243	10187402	LTR/ERV1	1612	-	80	10187323	36772
chr5	10150551	10350551	harbor1	chr5	10187939	10188381	LTR/ERV1	1612	-	221	10188160	37609
chr5	10150551	10350551	harbor1	chr5	10173515	10174513	LTR/ERV1	1820	-	499	10174014	23463
chr5	37007782	37207782	harbor1	chr5	37082588	37082669	LTR/ERV1	535	-	40	37082628	74846
chr5	6633235	6833235	harbor1	chr5	6638013	6638056	LTR/ERV1	1018	-	22	6638035	4800
chr5	6633235	6833235	harbor1	chr5	6638322	6638641	LTR/ERV1	1018	-	160	6638482	5247
chr5	10102676	10302676	harbor1	chr5	10187243	10187402	LTR/ERV1	1612	-	80	10187323	84647
chr5	10102676	10302676	harbor1	chr5	10187939	10188381	LTR/ERV1	1612	-	221	10188160	85484
chr5	10102676	10302676	harbor1	chr5	10173515	10174513	LTR/ERV1	1820	-	499	10174014	71338
chr5	10296849	10496849	harbor1	chr5	10316110	10316439	LTR/ERV1	1813	-	164	10316274	19425
chr5	10296849	10496849	harbor1	chr5	10319091	10319849	LTR/ERV1	3946	-	379	10319470	22621
chr5	10296849	10496849	harbor1	chr5	10339773	10340213	LTR/ERV1	1663	-	220	10339993	43144
chr5	10661256	10861256	harbor1	chr5	10698749	10699174	LTR/ERV1	2481	-	212	10698961	37705
chr5	139560781	139760781	harbor1	chr5	139570897	139570966	LTR/ERV1	510	-	34	139570931	10150
chr5	139560781	139760781	harbor1	chr5	139586978	139587402	LTR/ERV1	5622	-	212	139587190	26409
chr5	139560781	139760781	harbor1	chr5	139587695	139588029	LTR/ERV1	5622	-	167	139587862	27081
chr5	139559543	139759543	harbor1	chr5	139570897	139570966	LTR/ERV1	510	-	34	139570931	11388
chr5	139559543	139759543	harbor1	chr5	139586978	139587402	LTR/ERV1	5622	-	212	139587190	27647
chr5	139559543	139759543	harbor1	chr5	139587695	139588029	LTR/ERV1	5622	-	167	139587862	28319
chr5	10661135	10861135	harbor1	chr5	10698749	10699174	LTR/ERV1	2481	-	212	10698961	37826
chr5	10184404	10384404	harbor1	chr5	10187243	10187402	LTR/ERV1	1612	-	80	10187323	2919
chr5	10184404	10384404	harbor1	chr5	10187939	10188381	LTR/ERV1	1612	-	221	10188160	3756
chr5	10184404	10384404	harbor1	chr5	10268327	10268467	LTR/ERV1	3847	-	70	10268397	83993
chr5	10184404	10384404	harbor1	chr5	10268776	10269328	LTR/ERV1	3847	-	276	10269052	84648
chr5	10184404	10384404	harbor1	chr5	10272820	10273077	LTR/ERV1	1414	-	128	10272948	88544
chr5	10184404	10384404	harbor1	chr5	10273523	10273782	LTR/ERV1	1738	-	130	10273653	89249
chr5	10184404	10384404	harbor1	chr5	10275566	10276211	LTR/ERV1	3129	-	322	10275888	91484
chr5	138846281	139046281	harbor1	chr5	138863653	138863968	LTR/ERV1	2349	-	158	138863811	17530
chr5	138846281	139046281	harbor1	chr5	138864252	138864732	LTR/ERV1	2349	-	240	138864492	18211
chr5	138846281	139046281	harbor1	chr5	138883950	138884815	LTR/ERV1	4847	-	432	138884382	38101
chr5	109788598	109988598	harbor1	chr5	109856159	109856692	LTR/ERV1	569	-	266	109856425	67827
chr5	109788598	109988598	harbor1	chr5	109886947	109887257	LTR/ERV1	564	-	155	109887102	98504
chr5	132128916	132328916	harbor1	chr5	132179049	132179587	LTR/ERV1	1679	-	269	132179318	50402
chr5	132128916	132328916	harbor1	chr5	132181543	132181981	LTR/ERV1	2184	-	219	132181762	52846
chr5	132128916	132328916	harbor1	chr5	132184582	132185004	LTR/ERV1	2548	-	211	132184793	55877
chr5	134969039	135169039	harbor1	chr5	134990119	134990562	LTR/ERV1	3105	-	222	134990341	21302
chr5	37740423	37940423	harbor1	chr5	37758288	37758662	LTR/ERV1	2394	-	187	37758475	18052
chr5	37740423	37940423	harbor1	chr5	37758664	37759157	LTR/ERV1	18656	-	246	37758910	18487
chr5	37740423	37940423	harbor1	chr5	37759739	37762886	LTR/ERV1	18656	-	1574	37761313	20890
chr5	37740423	37940423	harbor1	chr5	37763179	37764152	LTR/ERV1	16805	-	486	37763665	23242
chr5	37740423	37940423	harbor1	chr5	37764356	37764462	LTR/ERV1	7066	-	53	37764409	23986
chr5	37740423	37940423	harbor1	chr5	37765838	37766234	LTR/ERV1	2806	-	198	37766036	25613
chr5	37740423	37940423	harbor1	chr5	37778063	37778518	LTR/ERV1	3633	-	228	37778291	37868
chr5	37740423	37940423	harbor1	chr5	37784043	37784323	LTR/ERV1	45873	-	140	37784183	43760
chr5	37740423	37940423	harbor1	chr5	37784473	37785699	LTR/ERV1	8378	-	613	37785086	44663
chr5	37740423	37940423	harbor1	chr5	37785700	37786157	LTR/ERV1	3693	-	228	37785928	45505
chr5	37740423	37940423	harbor1	chr5	37764767	37765837	LTR/ERV1	7066	-	535	37765302	24879
chr5	37740423	37940423	harbor1	chr5	37778519	37784013	LTR/ERV1	45873	-	2747	37781266	40843
chr5	9749157	9949157	harbor1	chr5	9755123	9755176	LTR/ERV1	3436	-	26	9755149	5992
chr5	9749157	9949157	harbor1	chr5	9755177	9755305	LTR/ERV1	3895	-	64	9755241	6084
chr5	9749157	9949157	harbor1	chr5	9755612	9756094	LTR/ERV1	3895	-	241	9755853	6696
chr5	9749157	9949157	harbor1	chr5	9756095	9756615	LTR/ERV1	5878	-	260	9756355	7198
chr5	9749157	9949157	harbor1	chr5	9756666	9758821	LTR/ERV1	5878	-	1078	9757744	8587
chr5	9749157	9949157	harbor1	chr5	9758850	9758948	LTR/ERV1	419	-	49	9758899	9742
chr5	9749157	9949157	harbor1	chr5	9832788	9833393	LTR/ERV1	4485	-	302	9833090	83933
chr5	10341913	10541913	harbor1	chr5	10423997	10424551	LTR/ERV1	2673	-	277	10424274	82361
chr5	9879703	10079703	harbor1	chr5	9911461	9911841	LTR/ERV1	2065	-	190	9911651	31948
chr5	9879703	10079703	harbor1	chr5	9920127	9920305	LTR/ERV1	1065	-	89	9920216	40513
chr5	9879703	10079703	harbor1	chr5	9920589	9920772	LTR/ERV1	1065	-	92	9920681	40978
chr5	9879703	10079703	harbor1	chr5	9948794	9949205	LTR/ERV1	1985	-	206	9949000	69297
chr5	9879703	10079703	harbor1	chr5	9949565	9949595	LTR/ERV1	1985	-	15	9949580	69877
chr5	9879703	10079703	harbor1	chr5	9949950	9950028	LTR/ERV1	1985	-	39	9949989	70286
chr5	9879703	10079703	harbor1	chr5	9958526	9959230	LTR/ERV1	4667	-	352	9958878	79175
chr5	10661236	10861236	harbor1	chr5	10698749	10699174	LTR/ERV1	2481	-	212	10698961	37725
chr5	176525237	176725237	harbor1	chr5	176562696	176563065	LTR/ERV1	4287	-	184	176562880	37643
chr5	176525237	176725237	harbor1	chr5	176563368	176563823	LTR/ERV1	4287	-	228	176563596	38359
chr5	79136023	79336023	harbor1	chr5	79201258	79201817	LTR/ERV1	2334	-	280	79201538	65515
chr5	79136023	79336023	harbor1	chr5	79202121	79202188	LTR/ERV1	2334	-	34	79202155	66132
chr5	79136023	79336023	harbor1	chr5	79202192	79202335	LTR/ERV1	719	-	72	79202264	66241
chr5	79136023	79336023	harbor1	chr5	79224086	79224846	LTR/ERV1	3787	-	380	79224466	88443
chr5	135830655	136030655	harbor1	chr5	135841411	135841987	LTR/ERV1	3337	-	288	135841699	11044
chr5	135830655	136030655	harbor1	chr5	135859502	135860226	LTR/ERV1	3279	-	362	135859864	29209
chr5	135830655	136030655	harbor1	chr5	135926250	135926872	LTR/ERV1	2701	-	311	135926561	95906
chr5	10341778	10541778	harbor1	chr5	10423997	10424551	LTR/ERV1	2673	-	277	10424274	82496
chr5	52700042	52900042	harbor1	chr5	52769944	52770341	LTR/ERV1	880	-	198	52770142	70100
chr5	52700042	52900042	harbor1	chr5	52798438	52799007	LTR/ERV1	3097	-	284	52798722	98680
chr5	10661301	10861301	harbor1	chr5	10698749	10699174	LTR/ERV1	2481	-	212	10698961	37660
chr5	175976844	176176844	harbor1	chr5	175983910	175984398	LTR/ERV1	2194	-	244	175984154	7310
chr5	175976844	176176844	harbor1	chr5	175985674	175986258	LTR/ERV1	3620	-	292	175985966	9122
chr5	9111212	9311212	harbor1	chr5	9126483	9127231	LTR/ERV1	925	-	374	9126857	15645
chr5	79136006	79336006	harbor1	chr5	79201258	79201817	LTR/ERV1	2334	-	280	79201538	65532
chr5	79136006	79336006	harbor1	chr5	79202121	79202188	LTR/ERV1	2334	-	34	79202155	66149
chr5	79136006	79336006	harbor1	chr5	79202192	79202335	LTR/ERV1	719	-	72	79202264	66258
chr5	79136006	79336006	harbor1	chr5	79224086	79224846	LTR/ERV1	3787	-	380	79224466	88460
chr5	181061441	181261441	harbor1	chr5	181066072	181066665	LTR/ERV1	3145	-	296	181066368	4927
chr5	181061441	181261441	harbor1	chr5	181069831	181070864	LTR/ERV1	4377	-	516	181070347	8906
chr5	181061441	181261441	harbor1	chr5	181107578	181108115	LTR/ERV1	1727	-	268	181107846	46405
chr5	181061441	181261441	harbor1	chr5	181112794	181112870	LTR/ERV1	538	-	38	181112832	51391
chr5	181061441	181261441	harbor1	chr5	181123236	181123685	LTR/ERV1	3047	-	224	181123460	62019
chr5	141125589	141325589	harbor1	chr5	141140226	141140722	LTR/ERV1	1487	-	248	141140474	14885
chr5	10341929	10541929	harbor1	chr5	10423997	10424551	LTR/ERV1	2673	-	277	10424274	82345
chr5	10660380	10860380	harbor1	chr5	10698749	10699174	LTR/ERV1	2481	-	212	10698961	38581
chr5	9114356	9314356	harbor1	chr5	9126483	9127231	LTR/ERV1	925	-	374	9126857	12501
chr5	9114296	9314296	harbor1	chr5	9126483	9127231	LTR/ERV1	925	-	374	9126857	12561
chr5	132103968	132303968	harbor1	chr5	132179049	132179587	LTR/ERV1	1679	-	269	132179318	75350
chr5	132103968	132303968	harbor1	chr5	132181543	132181981	LTR/ERV1	2184	-	219	132181762	77794
chr5	132103968	132303968	harbor1	chr5	132184582	132185004	LTR/ERV1	2548	-	211	132184793	80825
chr5	150964914	151164914	harbor1	chr5	150985404	150985898	LTR/ERV1	2563	-	247	150985651	20737
chr5	150964914	151164914	harbor1	chr5	150986467	150986892	LTR/ERV1	2552	-	212	150986679	21765
chr5	150964914	151164914	harbor1	chr5	150986893	150990479	LTR/ERV1	24858	-	1793	150988686	23772
chr5	150964914	151164914	harbor1	chr5	150991474	150991831	LTR/ERV1	24858	-	178	150991652	26738
chr5	150964914	151164914	harbor1	chr5	150991830	150992196	LTR/ERV1	2358	-	183	150992013	27099
chr5	150964914	151164914	harbor1	chr5	150992196	150992655	LTR/ERV1	2582	-	230	150992426	27512
chr5	150964914	151164914	harbor1	chr5	150992754	150993310	LTR/ERV1	3475	-	278	150993032	28118
chr5	150964914	151164914	harbor1	chr5	150993362	150993656	LTR/ERV1	1622	-	147	150993509	28595
chr5	150964914	151164914	harbor1	chr5	150993687	150994175	LTR/ERV1	2325	-	244	150993931	29017
chr5	150964914	151164914	harbor1	chr5	150996546	150996557	LTR/ERV1	15045	-	6	150996552	31638
chr5	150964914	151164914	harbor1	chr5	150996877	150997963	LTR/ERV1	15045	-	543	150997420	32506
chr5	150964914	151164914	harbor1	chr5	150997964	150998319	LTR/ERV1	3181	-	178	150998142	33228
chr5	150964914	151164914	harbor1	chr5	150998631	150998799	LTR/ERV1	3181	-	84	150998715	33801
chr5	150964914	151164914	harbor1	chr5	150994178	150996231	LTR/ERV1	15045	-	1026	150995204	30290
chr5	10661235	10861235	harbor1	chr5	10698749	10699174	LTR/ERV1	2481	-	212	10698961	37726
chr5	9114331	9314331	harbor1	chr5	9126483	9127231	LTR/ERV1	925	-	374	9126857	12526
chr5	52699384	52899384	harbor1	chr5	52769944	52770341	LTR/ERV1	880	-	198	52770142	70758
chr5	52699384	52899384	harbor1	chr5	52798438	52799007	LTR/ERV1	3097	-	284	52798722	99338
chr5	9114252	9314252	harbor1	chr5	9126483	9127231	LTR/ERV1	925	-	374	9126857	12605
chr5	9114320	9314320	harbor1	chr5	9126483	9127231	LTR/ERV1	925	-	374	9126857	12537
chr5	171287664	171487664	harbor1	chr5	171382788	171382852	LTR/ERV1	458	-	32	171382820	95156
chr5	9057233	9257233	harbor1	chr5	9126483	9127231	LTR/ERV1	925	-	374	9126857	69624
chr5	9114329	9314329	harbor1	chr5	9126483	9127231	LTR/ERV1	925	-	374	9126857	12528
chr5	10311688	10511688	harbor1	chr5	10316110	10316439	LTR/ERV1	1813	-	164	10316274	4586
chr5	10311688	10511688	harbor1	chr5	10319091	10319849	LTR/ERV1	3946	-	379	10319470	7782
chr5	10311688	10511688	harbor1	chr5	10339773	10340213	LTR/ERV1	1663	-	220	10339993	28305
chr5	74950541	75150541	harbor1	chr5	74967706	74968086	LTR/ERV1	459	-	190	74967896	17355
chr5	74950541	75150541	harbor1	chr5	74968393	74968589	LTR/ERV1	459	-	98	74968491	17950
chr5	74950541	75150541	harbor1	chr5	74973241	74973685	LTR/ERV1	1597	-	222	74973463	22922
chr5	74950541	75150541	harbor1	chr5	74984328	74984815	LTR/ERV1	3191	-	244	74984572	34031
chr5	74950541	75150541	harbor1	chr5	74984845	74985282	LTR/ERV1	1220	-	218	74985063	34522
chr5	74950541	75150541	harbor1	chr5	74989706	74990126	LTR/ERV1	1182	-	210	74989916	39375
chr5	74950541	75150541	harbor1	chr5	74990652	74990854	LTR/ERV1	1148	-	101	74990753	40212
chr5	74950541	75150541	harbor1	chr5	75012169	75012765	LTR/ERV1	1971	-	298	75012467	61926
chr5	74950541	75150541	harbor1	chr5	75047367	75047561	LTR/ERV1	430	-	97	75047464	96923
chr5	143206591	143406591	harbor1	chr5	143253411	143253574	LTR/ERV1	986	-	82	143253493	46902
chr5	143206591	143406591	harbor1	chr5	143253575	143254020	LTR/ERV1	2837	-	222	143253797	47206
chr5	143206591	143406591	harbor1	chr5	143254360	143254430	LTR/ERV1	449	-	35	143254395	47804
chr5	143206591	143406591	harbor1	chr5	143254446	143254624	LTR/ERV1	1202	-	89	143254535	47944
chr5	143206591	143406591	harbor1	chr5	143263725	143264164	LTR/ERV1	3168	-	220	143263945	57354
chr5	73114177	73314177	harbor1	chr5	73129042	73129577	LTR/ERV1	3373	-	268	73129310	15133
chr5	73114177	73314177	harbor1	chr5	73136951	73137589	LTR/ERV1	2967	-	319	73137270	23093
chr5	73114177	73314177	harbor1	chr5	73152986	73153594	LTR/ERV1	3714	-	304	73153290	39113
chr5	171288209	171488209	harbor1	chr5	171382788	171382852	LTR/ERV1	458	-	32	171382820	94611
chr5	181061409	181261409	harbor1	chr5	181066072	181066665	LTR/ERV1	3145	-	296	181066368	4959
chr5	181061409	181261409	harbor1	chr5	181069831	181070864	LTR/ERV1	4377	-	516	181070347	8938
chr5	181061409	181261409	harbor1	chr5	181107578	181108115	LTR/ERV1	1727	-	268	181107846	46437
chr5	181061409	181261409	harbor1	chr5	181112794	181112870	LTR/ERV1	538	-	38	181112832	51423
chr5	181061409	181261409	harbor1	chr5	181123236	181123685	LTR/ERV1	3047	-	224	181123460	62051
chr5	10661175	10861175	harbor1	chr5	10698749	10699174	LTR/ERV1	2481	-	212	10698961	37786
chr5	52700079	52900079	harbor1	chr5	52769944	52770341	LTR/ERV1	880	-	198	52770142	70063
chr5	52700079	52900079	harbor1	chr5	52798438	52799007	LTR/ERV1	3097	-	284	52798722	98643
chr5	4842506	5042506	harbor1	chr5	4918969	4919451	LTR/ERV1	3330	-	241	4919210	76704
chr5	4842506	5042506	harbor1	chr5	4930743	4931189	LTR/ERV1	2069	-	223	4930966	88460
chr5	150964913	151164913	harbor1	chr5	150985404	150985898	LTR/ERV1	2563	-	247	150985651	20738
chr5	150964913	151164913	harbor1	chr5	150986467	150986892	LTR/ERV1	2552	-	212	150986679	21766
chr5	150964913	151164913	harbor1	chr5	150986893	150990479	LTR/ERV1	24858	-	1793	150988686	23773
chr5	150964913	151164913	harbor1	chr5	150991474	150991831	LTR/ERV1	24858	-	178	150991652	26739
chr5	150964913	151164913	harbor1	chr5	150991830	150992196	LTR/ERV1	2358	-	183	150992013	27100
chr5	150964913	151164913	harbor1	chr5	150992196	150992655	LTR/ERV1	2582	-	230	150992426	27513
chr5	150964913	151164913	harbor1	chr5	150992754	150993310	LTR/ERV1	3475	-	278	150993032	28119
chr5	150964913	151164913	harbor1	chr5	150993362	150993656	LTR/ERV1	1622	-	147	150993509	28596
chr5	150964913	151164913	harbor1	chr5	150993687	150994175	LTR/ERV1	2325	-	244	150993931	29018
chr5	150964913	151164913	harbor1	chr5	150996546	150996557	LTR/ERV1	15045	-	6	150996552	31639
chr5	150964913	151164913	harbor1	chr5	150996877	150997963	LTR/ERV1	15045	-	543	150997420	32507
chr5	150964913	151164913	harbor1	chr5	150997964	150998319	LTR/ERV1	3181	-	178	150998142	33229
chr5	150964913	151164913	harbor1	chr5	150998631	150998799	LTR/ERV1	3181	-	84	150998715	33802
chr5	150964913	151164913	harbor1	chr5	150994178	150996231	LTR/ERV1	15045	-	1026	150995204	30291
chr5	52699708	52899708	harbor1	chr5	52769944	52770341	LTR/ERV1	880	-	198	52770142	70434
chr5	52699708	52899708	harbor1	chr5	52798438	52799007	LTR/ERV1	3097	-	284	52798722	99014
chr5	10660536	10860536	harbor1	chr5	10698749	10699174	LTR/ERV1	2481	-	212	10698961	38425
chr5	2003356	2203356	harbor1	chr5	2087363	2087956	LTR/ERV1	4094	-	296	2087659	84303
chr5	132103911	132303911	harbor1	chr5	132179049	132179587	LTR/ERV1	1679	-	269	132179318	75407
chr5	132103911	132303911	harbor1	chr5	132181543	132181981	LTR/ERV1	2184	-	219	132181762	77851
chr5	132103911	132303911	harbor1	chr5	132184582	132185004	LTR/ERV1	2548	-	211	132184793	80882
chr5	79136012	79336012	harbor1	chr5	79201258	79201817	LTR/ERV1	2334	-	280	79201538	65526
chr5	79136012	79336012	harbor1	chr5	79202121	79202188	LTR/ERV1	2334	-	34	79202155	66143
chr5	79136012	79336012	harbor1	chr5	79202192	79202335	LTR/ERV1	719	-	72	79202264	66252
chr5	79136012	79336012	harbor1	chr5	79224086	79224846	LTR/ERV1	3787	-	380	79224466	88454
chr5	10661147	10861147	harbor1	chr5	10698749	10699174	LTR/ERV1	2481	-	212	10698961	37814
chr5	135919218	136119218	harbor1	chr5	135926250	135926872	LTR/ERV1	2701	-	311	135926561	7343
chr5	6533033	6733033	harbor1	chr5	6545651	6546146	LTR/ERV1	2752	-	248	6545899	12866
chr5	6533033	6733033	harbor1	chr5	6581064	6581344	LTR/ERV1	1719	-	140	6581204	48171
chr5	6533033	6733033	harbor1	chr5	6581510	6581694	LTR/ERV1	1719	-	92	6581602	48569
chr5	126677744	126877744	harbor1	chr5	126702901	126703329	LTR/ERV1	1829	-	214	126703115	25371
chr5	126677744	126877744	harbor1	chr5	126723643	126724034	LTR/ERV1	997	-	196	126723839	46095
chr5	126677744	126877744	harbor1	chr5	126741351	126741418	LTR/ERV1	415	-	34	126741385	63641
chr5	126677744	126877744	harbor1	chr5	126741419	126741614	LTR/ERV1	1288	-	98	126741517	63773
chr5	126677744	126877744	harbor1	chr5	126741713	126741893	LTR/ERV1	1236	-	90	126741803	64059
chr5	126677744	126877744	harbor1	chr5	126746662	126746751	LTR/ERV1	450	-	44	126746706	68962
chr5	126677744	126877744	harbor1	chr5	126747740	126748168	LTR/ERV1	2098	-	214	126747954	70210
chr5	126677744	126877744	harbor1	chr5	126750159	126750918	LTR/ERV1	3330	-	380	126750539	72795
chr5	126677744	126877744	harbor1	chr5	126766493	126766571	LTR/ERV1	554	-	39	126766532	88788
chr5	126677744	126877744	harbor1	chr5	126766813	126766931	LTR/ERV1	554	-	59	126766872	89128
chr5	126677744	126877744	harbor1	chr5	126767240	126767341	LTR/ERV1	570	-	50	126767290	89546
chr5	10341894	10541894	harbor1	chr5	10423997	10424551	LTR/ERV1	2673	-	277	10424274	82380
chr5	10231669	10431669	harbor1	chr5	10268327	10268467	LTR/ERV1	3847	-	70	10268397	36728
chr5	10231669	10431669	harbor1	chr5	10268776	10269328	LTR/ERV1	3847	-	276	10269052	37383
chr5	10231669	10431669	harbor1	chr5	10272820	10273077	LTR/ERV1	1414	-	128	10272948	41279
chr5	10231669	10431669	harbor1	chr5	10273523	10273782	LTR/ERV1	1738	-	130	10273653	41984
chr5	10231669	10431669	harbor1	chr5	10275566	10276211	LTR/ERV1	3129	-	322	10275888	44219
chr5	10231669	10431669	harbor1	chr5	10316110	10316439	LTR/ERV1	1813	-	164	10316274	84605
chr5	10231669	10431669	harbor1	chr5	10319091	10319849	LTR/ERV1	3946	-	379	10319470	87801
chr5	10150998	10350998	harbor1	chr5	10187243	10187402	LTR/ERV1	1612	-	80	10187323	36325
chr5	10150998	10350998	harbor1	chr5	10187939	10188381	LTR/ERV1	1612	-	221	10188160	37162
chr5	10150998	10350998	harbor1	chr5	10173515	10174513	LTR/ERV1	1820	-	499	10174014	23016
chr5	78709775	78909775	harbor1	chr5	78762470	78762657	LTR/ERV1	589	-	94	78762564	52789
chr5	78709775	78909775	harbor1	chr5	78762990	78763095	LTR/ERV1	589	-	52	78763042	53267
chr5	78709775	78909775	harbor1	chr5	78764598	78764737	LTR/ERV1	542	-	70	78764668	54893
chr5	78709775	78909775	harbor1	chr5	78770829	78770996	LTR/ERV1	2905	-	84	78770913	61138
chr5	78709775	78909775	harbor1	chr5	78771288	78771583	LTR/ERV1	2905	-	148	78771436	61661
chr5	139559517	139759517	harbor1	chr5	139570897	139570966	LTR/ERV1	510	-	34	139570931	11414
chr5	139559517	139759517	harbor1	chr5	139586978	139587402	LTR/ERV1	5622	-	212	139587190	27673
chr5	139559517	139759517	harbor1	chr5	139587695	139588029	LTR/ERV1	5622	-	167	139587862	28345
chr5	78410099	78610099	harbor1	chr5	78435129	78435206	LTR/ERV1	435	-	38	78435167	25068
chr5	10661144	10861144	harbor1	chr5	10698749	10699174	LTR/ERV1	2481	-	212	10698961	37817
chr5	10661231	10861231	harbor1	chr5	10698749	10699174	LTR/ERV1	2481	-	212	10698961	37730
chr5	10339015	10539015	harbor1	chr5	10339773	10340213	LTR/ERV1	1663	-	220	10339993	978
chr5	10339015	10539015	harbor1	chr5	10423997	10424551	LTR/ERV1	2673	-	277	10424274	85259
chr5	137653913	137853913	harbor1	chr5	137716396	137717018	LTR/ERV1	3521	-	311	137716707	62794
chr5	137653913	137853913	harbor1	chr5	137717023	137717361	LTR/ERV1	1497	-	169	137717192	63279
chr5	78410150	78610150	harbor1	chr5	78435129	78435206	LTR/ERV1	435	-	38	78435167	25017
chr6	127167311	127367311	harbor1	chr6	127213767	127215154	LTR/ERV1	9586	-	694	127214461	47150
chr6	124862435	125062435	harbor1	chr6	124924330	124924680	LTR/ERV1	2043	-	175	124924505	62070
chr6	11481954	11681954	harbor1	chr6	11519305	11519448	LTR/ERV1	537	-	72	11519377	37423
chr6	11481954	11681954	harbor1	chr6	11530763	11531259	LTR/ERV1	2271	-	248	11531011	49057
chr6	11481954	11681954	harbor1	chr6	11552461	11553096	LTR/ERV1	3305	-	318	11552779	70825
chr6	11481954	11681954	harbor1	chr6	11566470	11567152	LTR/ERV1	3106	-	341	11566811	84857
chr6	7626957	7826957	harbor1	chr6	7629509	7629654	LTR/ERV1	529	-	72	7629581	2624
chr6	7626957	7826957	harbor1	chr6	7629666	7630163	LTR/ERV1	984	-	248	7629914	2957
chr6	7626957	7826957	harbor1	chr6	7680313	7680926	LTR/ERV1	3911	-	306	7680619	53662
chr6	105894234	106094234	harbor1	chr6	105951784	105951845	LTR/ERV1	483	-	30	105951814	57580
chr6	138673799	138873799	harbor1	chr6	138696361	138696584	LTR/ERV1	794	-	112	138696473	22674
chr6	138673799	138873799	harbor1	chr6	138697105	138697434	LTR/ERV1	619	-	164	138697269	23470
chr6	35352746	35552746	harbor1	chr6	35429549	35430118	LTR/ERV1	4098	-	284	35429833	77087
chr6	99421500	99621500	harbor1	chr6	99486896	99487457	LTR/ERV1	1673	-	280	99487176	65676
chr6	36493941	36693941	harbor1	chr6	36508575	36509362	LTR/ERV1	7240	-	394	36508969	15028
chr6	36493941	36693941	harbor1	chr6	36509842	36510627	LTR/ERV1	7240	-	392	36510234	16293
chr6	77363005	77563005	harbor1	chr6	77368679	77368928	LTR/ERV1	1819	-	124	77368803	5798
chr6	77363005	77563005	harbor1	chr6	77368942	77369265	LTR/ERV1	1830	-	162	77369104	6099
chr6	77363005	77563005	harbor1	chr6	77371527	77372143	LTR/ERV1	3951	-	308	77371835	8830
chr6	77363005	77563005	harbor1	chr6	77383025	77383471	LTR/ERV1	2734	-	223	77383248	20243
chr6	77363005	77563005	harbor1	chr6	77412767	77413055	LTR/ERV1	832	-	144	77412911	49906
chr6	77363005	77563005	harbor1	chr6	77413095	77413189	LTR/ERV1	600	-	47	77413142	50137
chr6	169864005	170064005	harbor1	chr6	169938846	169939574	LTR/ERV1	3427	-	364	169939210	75205
chr6	30784323	30984323	harbor1	chr6	30806058	30806190	LTR/ERV1	3055	-	66	30806124	21801
chr6	30784323	30984323	harbor1	chr6	30806503	30806717	LTR/ERV1	3055	-	107	30806610	22287
chr6	30784323	30984323	harbor1	chr6	30806718	30808005	LTR/ERV1	8426	-	644	30807362	23039
chr6	30784323	30984323	harbor1	chr6	30808006	30808321	LTR/ERV1	3055	-	158	30808164	23841
chr6	30784323	30984323	harbor1	chr6	30813812	30814108	LTR/ERV1	1607	-	148	30813960	29637
chr6	30784323	30984323	harbor1	chr6	30815215	30816860	LTR/ERV1	10056	-	822	30816037	31714
chr6	30784323	30984323	harbor1	chr6	30829662	30829894	LTR/ERV1	1217	-	116	30829778	45455
chr6	30784323	30984323	harbor1	chr6	30840580	30840927	LTR/ERV1	1573	-	174	30840754	56431
chr6	30784323	30984323	harbor1	chr6	30845021	30845634	LTR/ERV1	4205	-	306	30845327	61004
chr6	30784323	30984323	harbor1	chr6	30854005	30854193	LTR/ERV1	4115	-	94	30854099	69776
chr6	30784323	30984323	harbor1	chr6	30854490	30854931	LTR/ERV1	4115	-	220	30854710	70387
chr6	30784323	30984323	harbor1	chr6	30855028	30855268	LTR/ERV1	799	-	120	30855148	70825
chr6	30784323	30984323	harbor1	chr6	30855852	30856516	LTR/ERV1	951	-	332	30856184	71861
chr6	10421300	10621300	harbor1	chr6	10481699	10483280	LTR/ERV1	5609	-	790	10482489	61189
chr6	10421300	10621300	harbor1	chr6	10486848	10488297	LTR/ERV1	8509	-	724	10487572	66272
chr6	7626988	7826988	harbor1	chr6	7629509	7629654	LTR/ERV1	529	-	72	7629581	2593
chr6	7626988	7826988	harbor1	chr6	7629666	7630163	LTR/ERV1	984	-	248	7629914	2926
chr6	7626988	7826988	harbor1	chr6	7680313	7680926	LTR/ERV1	3911	-	306	7680619	53631
chr6	27415355	27615355	harbor1	chr6	27423973	27425392	LTR/ERV1	10574	-	710	27424683	9328
chr6	27415355	27615355	harbor1	chr6	27429766	27430296	LTR/ERV1	3432	-	265	27430031	14676
chr6	27415355	27615355	harbor1	chr6	27477073	27477745	LTR/ERV1	1312	-	336	27477409	62054
chr6	30366671	30566671	harbor1	chr6	30372934	30373453	LTR/ERV1	2860	-	260	30373194	6523
chr6	30366671	30566671	harbor1	chr6	30391073	30391232	LTR/ERV1	805	-	80	30391153	24482
chr6	30366671	30566671	harbor1	chr6	30391817	30392169	LTR/ERV1	765	-	176	30391993	25322
chr6	30366671	30566671	harbor1	chr6	30403265	30404039	LTR/ERV1	4686	-	387	30403652	36981
chr6	30366671	30566671	harbor1	chr6	30409308	30409807	LTR/ERV1	2929	-	250	30409558	42887
chr6	81650363	81850363	harbor1	chr6	81708091	81708708	LTR/ERV1	3860	-	308	81708399	58036
chr6	36343280	36543280	harbor1	chr6	36353014	36353561	LTR/ERV1	3726	-	274	36353288	10008
chr6	36343280	36543280	harbor1	chr6	36363135	36364795	LTR/ERV1	11231	-	830	36363965	20685
chr6	101699773	101899773	harbor1	chr6	101731588	101731939	LTR/ERV1	746	-	176	101731764	31991
chr6	101699773	101899773	harbor1	chr6	101741360	101741507	LTR/ERV1	486	-	74	101741434	41661
chr6	101699773	101899773	harbor1	chr6	101742191	101742386	LTR/ERV1	902	-	98	101742289	42516
chr6	101699773	101899773	harbor1	chr6	101742390	101742986	LTR/ERV1	2893	-	298	101742688	42915
chr6	101699773	101899773	harbor1	chr6	101742997	101743322	LTR/ERV1	1248	-	162	101743159	43386
chr6	101699773	101899773	harbor1	chr6	101769710	101770152	LTR/ERV1	2279	-	221	101769931	70158
chr6	34135066	34335066	harbor1	chr6	34178327	34179719	LTR/ERV1	3387	-	696	34179023	43957
chr6	34135066	34335066	harbor1	chr6	34202021	34203292	LTR/ERV1	7633	-	636	34202657	67591
chr6	52184786	52384786	harbor1	chr6	52245723	52246014	LTR/ERV1	1438	-	146	52245869	61083
chr6	52184744	52384744	harbor1	chr6	52245723	52246014	LTR/ERV1	1438	-	146	52245869	61125
chr6	169864011	170064011	harbor1	chr6	169938846	169939574	LTR/ERV1	3427	-	364	169939210	75199
chr6	10422562	10622562	harbor1	chr6	10481699	10483280	LTR/ERV1	5609	-	790	10482489	59927
chr6	10422562	10622562	harbor1	chr6	10486848	10488297	LTR/ERV1	8509	-	724	10487572	65010
chr6	42878982	43078982	harbor1	chr6	42951237	42951334	LTR/ERV1	2043	-	48	42951285	72303
chr6	42878982	43078982	harbor1	chr6	42951639	42951883	LTR/ERV1	2043	-	122	42951761	72779
chr6	42878982	43078982	harbor1	chr6	42951884	42952207	LTR/ERV1	2452	-	162	42952046	73064
chr6	42878982	43078982	harbor1	chr6	42952540	42952671	LTR/ERV1	607	-	66	42952606	73624
chr6	42878982	43078982	harbor1	chr6	42952672	42953050	LTR/ERV1	3924	-	189	42952861	73879
chr6	42878982	43078982	harbor1	chr6	42953347	42953568	LTR/ERV1	3924	-	110	42953457	74475
chr6	42878982	43078982	harbor1	chr6	42953880	42954138	LTR/ERV1	1529	-	129	42954009	75027
chr6	42878982	43078982	harbor1	chr6	42957518	42957679	LTR/ERV1	870	-	80	42957598	78616
chr6	42878982	43078982	harbor1	chr6	42957719	42957897	LTR/ERV1	2592	-	89	42957808	78826
chr6	42878982	43078982	harbor1	chr6	42958198	42958419	LTR/ERV1	2592	-	110	42958308	79326
chr6	42878982	43078982	harbor1	chr6	42958732	42958755	LTR/ERV1	2592	-	12	42958744	79762
chr6	42878982	43078982	harbor1	chr6	42959016	42959130	LTR/ERV1	2592	-	57	42959073	80091
chr6	42878982	43078982	harbor1	chr6	42959437	42959498	LTR/ERV1	1121	-	30	42959467	80485
chr6	42878982	43078982	harbor1	chr6	42959541	42959639	LTR/ERV1	1121	-	49	42959590	80608
chr6	42878982	43078982	harbor1	chr6	42959640	42959984	LTR/ERV1	2210	-	172	42959812	80830
chr6	110248805	110448805	harbor1	chr6	110312761	110313132	LTR/ERV1	2761	-	186	110312947	64142
chr6	110248805	110448805	harbor1	chr6	110325626	110325964	LTR/ERV1	1883	-	169	110325795	76990
chr6	7626967	7826967	harbor1	chr6	7629509	7629654	LTR/ERV1	529	-	72	7629581	2614
chr6	7626967	7826967	harbor1	chr6	7629666	7630163	LTR/ERV1	984	-	248	7629914	2947
chr6	7626967	7826967	harbor1	chr6	7680313	7680926	LTR/ERV1	3911	-	306	7680619	53652
chr6	52476539	52676539	harbor1	chr6	52483328	52483774	LTR/ERV1	2312	-	223	52483551	7012
chr6	30366631	30566631	harbor1	chr6	30372934	30373453	LTR/ERV1	2860	-	260	30373194	6563
chr6	30366631	30566631	harbor1	chr6	30391073	30391232	LTR/ERV1	805	-	80	30391153	24522
chr6	30366631	30566631	harbor1	chr6	30391817	30392169	LTR/ERV1	765	-	176	30391993	25362
chr6	30366631	30566631	harbor1	chr6	30403265	30404039	LTR/ERV1	4686	-	387	30403652	37021
chr6	30366631	30566631	harbor1	chr6	30409308	30409807	LTR/ERV1	2929	-	250	30409558	42927
chr6	127167329	127367329	harbor1	chr6	127213767	127215154	LTR/ERV1	9586	-	694	127214461	47132
chr6	52184830	52384830	harbor1	chr6	52245723	52246014	LTR/ERV1	1438	-	146	52245869	61039
chr6	127167314	127367314	harbor1	chr6	127213767	127215154	LTR/ERV1	9586	-	694	127214461	47147
chr6	33522121	33722121	harbor1	chr6	33522513	33522867	LTR/ERV1	1803	-	177	33522690	569
chr6	33522121	33722121	harbor1	chr6	33523181	33523238	LTR/ERV1	1803	-	28	33523209	1088
chr6	33522121	33722121	harbor1	chr6	33557579	33558053	LTR/ERV1	1574	-	237	33557816	35695
chr6	33522121	33722121	harbor1	chr6	33565195	33565326	LTR/ERV1	806	-	66	33565261	43140
chr6	33522121	33722121	harbor1	chr6	33565628	33565705	LTR/ERV1	806	-	38	33565666	43545
chr6	33522121	33722121	harbor1	chr6	33566020	33566030	LTR/ERV1	806	-	5	33566025	43904
chr6	33522121	33722121	harbor1	chr6	33566150	33566435	LTR/ERV1	564	-	142	33566292	44171
chr6	79847089	80047089	harbor1	chr6	79856869	79857439	LTR/ERV1	3143	-	285	79857154	10065
chr6	150799534	150999534	harbor1	chr6	150856970	150857593	LTR/ERV1	2298	-	312	150857282	57748
chr6	150799534	150999534	harbor1	chr6	150878673	150878917	LTR/ERV1	1279	-	122	150878795	79261
chr6	150799534	150999534	harbor1	chr6	150890305	150890528	LTR/ERV1	1462	-	112	150890417	90883
chr6	150799534	150999534	harbor1	chr6	150890564	150890816	LTR/ERV1	1316	-	126	150890690	91156
chr6	41091863	41291863	harbor1	chr6	41171712	41172337	LTR/ERV1	2292	-	312	41172024	80161
chr6	41091863	41291863	harbor1	chr6	41174589	41174980	LTR/ERV1	2260	-	196	41174785	82922
chr6	41091863	41291863	harbor1	chr6	41187029	41187715	LTR/ERV1	4402	-	343	41187372	95509
chr6	41091863	41291863	harbor1	chr6	41189645	41190217	LTR/ERV1	4017	-	286	41189931	98068
chr6	41091863	41291863	harbor1	chr6	41188958	41189588	LTR/ERV1	4649	-	315	41189273	97410
chr6	43355517	43555517	harbor1	chr6	43371588	43372069	LTR/ERV1	592	-	240	43371828	16311
chr6	43355517	43555517	harbor1	chr6	43372398	43372676	LTR/ERV1	592	-	139	43372537	17020
chr6	146813054	147013054	harbor1	chr6	146819196	146819937	LTR/ERV1	2656	-	370	146819566	6512
chr6	146813054	147013054	harbor1	chr6	146820365	146820962	LTR/ERV1	2852	-	298	146820663	7609
chr6	146813054	147013054	harbor1	chr6	146823001	146823140	LTR/ERV1	532	-	70	146823071	10017
chr6	146813054	147013054	harbor1	chr6	146824435	146825215	LTR/ERV1	3059	-	390	146824825	11771
chr6	146813054	147013054	harbor1	chr6	146832091	146832987	LTR/ERV1	5094	-	448	146832539	19485
chr6	146813054	147013054	harbor1	chr6	146847177	146847525	LTR/ERV1	1218	-	174	146847351	34297
chr6	146813054	147013054	harbor1	chr6	146887061	146887694	LTR/ERV1	4557	-	316	146887377	74323
chr6	34138380	34338380	harbor1	chr6	34178327	34179719	LTR/ERV1	3387	-	696	34179023	40643
chr6	34138380	34338380	harbor1	chr6	34202021	34203292	LTR/ERV1	7633	-	636	34202657	64277
chr6	21629834	21829834	harbor1	chr6	21653722	21654350	LTR/ERV1	4414	-	314	21654036	24202
chr6	21629834	21829834	harbor1	chr6	21689579	21689692	LTR/ERV1	778	-	56	21689635	59801
chr6	21629834	21829834	harbor1	chr6	21694770	21694891	LTR/ERV1	899	-	60	21694830	64996
chr6	21629834	21829834	harbor1	chr6	21695643	21695803	LTR/ERV1	1115	-	80	21695723	65889
chr6	21629834	21829834	harbor1	chr6	21717909	21718442	LTR/ERV1	3803	-	266	21718175	88341
chr6	21629834	21829834	harbor1	chr6	21718518	21718753	LTR/ERV1	3803	-	118	21718636	88802
chr6	21629834	21829834	harbor1	chr6	21722473	21722739	LTR/ERV1	1476	-	133	21722606	92772
chr6	7626958	7826958	harbor1	chr6	7629509	7629654	LTR/ERV1	529	-	72	7629581	2623
chr6	7626958	7826958	harbor1	chr6	7629666	7630163	LTR/ERV1	984	-	248	7629914	2956
chr6	7626958	7826958	harbor1	chr6	7680313	7680926	LTR/ERV1	3911	-	306	7680619	53661
chr6	144187246	144387246	harbor1	chr6	144249997	144250432	LTR/ERV1	2797	-	218	144250215	62969
chr6	127167324	127367324	harbor1	chr6	127213767	127215154	LTR/ERV1	9586	-	694	127214461	47137
chr6	52184746	52384746	harbor1	chr6	52245723	52246014	LTR/ERV1	1438	-	146	52245869	61123
chr6	169863372	170063372	harbor1	chr6	169938846	169939574	LTR/ERV1	3427	-	364	169939210	75838
chr6	166855964	167055964	harbor1	chr6	166877456	166878072	LTR/ERV1	2605	-	308	166877764	21800
chr6	166855964	167055964	harbor1	chr6	166878120	166878250	LTR/ERV1	706	-	65	166878185	22221
chr6	127167395	127367395	harbor1	chr6	127213767	127215154	LTR/ERV1	9586	-	694	127214461	47066
chr6	324347	524347	harbor1	chr6	412464	414463	LTR/ERV1	7864	-	1000	413464	89117
chr6	324347	524347	harbor1	chr6	415936	416173	LTR/ERV1	513	-	118	416054	91707
chr6	324347	524347	harbor1	chr6	416192	416664	LTR/ERV1	581	-	236	416428	92081
chr6	56854700	57054700	harbor1	chr6	56912024	56912228	LTR/ERV1	669	-	102	56912126	57426
chr6	24811164	25011164	harbor1	chr6	24877631	24878200	LTR/ERV1	3136	-	284	24877915	66751
chr6	105894232	106094232	harbor1	chr6	105951784	105951845	LTR/ERV1	483	-	30	105951814	57582
chr6	158436948	158636948	harbor1	chr6	158455840	158456254	LTR/ERV1	1447	-	207	158456047	19099
chr6	158436948	158636948	harbor1	chr6	158456250	158456297	LTR/ERV1	461	-	24	158456274	19326
chr6	158436948	158636948	harbor1	chr6	158456513	158456551	LTR/ERV1	461	-	19	158456532	19584
chr6	158436948	158636948	harbor1	chr6	158456851	158456903	LTR/ERV1	461	-	26	158456877	19929
chr6	158436948	158636948	harbor1	chr6	158462021	158462369	LTR/ERV1	1891	-	174	158462195	25247
chr6	158436948	158636948	harbor1	chr6	158462673	158462736	LTR/ERV1	1891	-	32	158462705	25757
chr6	158436948	158636948	harbor1	chr6	158463054	158463193	LTR/ERV1	1891	-	70	158463124	26176
chr6	158436948	158636948	harbor1	chr6	158464081	158464475	LTR/ERV1	2243	-	197	158464278	27330
chr6	158436948	158636948	harbor1	chr6	158464699	158465251	LTR/ERV1	2938	-	276	158464975	28027
chr6	158436948	158636948	harbor1	chr6	158465592	158465950	LTR/ERV1	1415	-	179	158465771	28823
chr6	158436948	158636948	harbor1	chr6	158469862	158470639	LTR/ERV1	6313	-	388	158470250	33302
chr6	158436948	158636948	harbor1	chr6	158466011	158466296	LTR/ERV1	1614	-	142	158466153	29205
chr6	127167313	127367313	harbor1	chr6	127213767	127215154	LTR/ERV1	9586	-	694	127214461	47148
chr6	2665182	2865182	harbor1	chr6	2762644	2763832	LTR/ERV1	4834	-	594	2763238	98056
chr6	27415346	27615346	harbor1	chr6	27423973	27425392	LTR/ERV1	10574	-	710	27424683	9337
chr6	27415346	27615346	harbor1	chr6	27429766	27430296	LTR/ERV1	3432	-	265	27430031	14685
chr6	27415346	27615346	harbor1	chr6	27477073	27477745	LTR/ERV1	1312	-	336	27477409	62063
chr6	27415357	27615357	harbor1	chr6	27423973	27425392	LTR/ERV1	10574	-	710	27424683	9326
chr6	27415357	27615357	harbor1	chr6	27429766	27430296	LTR/ERV1	3432	-	265	27430031	14674
chr6	27415357	27615357	harbor1	chr6	27477073	27477745	LTR/ERV1	1312	-	336	27477409	62052
chr6	34138364	34338364	harbor1	chr6	34178327	34179719	LTR/ERV1	3387	-	696	34179023	40659
chr6	34138364	34338364	harbor1	chr6	34202021	34203292	LTR/ERV1	7633	-	636	34202657	64293
chr6	35352842	35552842	harbor1	chr6	35429549	35430118	LTR/ERV1	4098	-	284	35429833	76991
chr6	31172336	31372336	harbor1	chr6	31181866	31182438	LTR/ERV1	3696	-	286	31182152	9816
chr6	31172336	31372336	harbor1	chr6	31182433	31184449	LTR/ERV1	14726	-	1008	31183441	11105
chr6	31172336	31372336	harbor1	chr6	31184449	31185421	LTR/ERV1	6797	-	486	31184935	12599
chr6	31172336	31372336	harbor1	chr6	31185415	31186290	LTR/ERV1	6197	-	438	31185853	13517
chr6	31172336	31372336	harbor1	chr6	31186291	31186769	LTR/ERV1	4025	-	239	31186530	14194
chr6	31172336	31372336	harbor1	chr6	31217445	31217920	LTR/ERV1	1889	-	238	31217683	45347
chr6	31172336	31372336	harbor1	chr6	31218006	31218217	LTR/ERV1	565	-	106	31218112	45776
chr6	31172336	31372336	harbor1	chr6	31218281	31218416	LTR/ERV1	694	-	68	31218349	46013
chr6	31172336	31372336	harbor1	chr6	31218458	31218845	LTR/ERV1	5345	-	194	31218652	46316
chr6	31172336	31372336	harbor1	chr6	31219140	31219595	LTR/ERV1	5345	-	228	31219368	47032
chr6	31172336	31372336	harbor1	chr6	31219899	31220089	LTR/ERV1	5345	-	95	31219994	47658
chr6	31172336	31372336	harbor1	chr6	31220415	31220632	LTR/ERV1	772	-	108	31220523	48187
chr6	31172336	31372336	harbor1	chr6	31220887	31221146	LTR/ERV1	638	-	130	31221017	48681
chr6	31172336	31372336	harbor1	chr6	31221156	31221446	LTR/ERV1	1709	-	145	31221301	48965
chr6	31172336	31372336	harbor1	chr6	31221752	31222044	LTR/ERV1	1709	-	146	31221898	49562
chr6	31172336	31372336	harbor1	chr6	31222415	31222563	LTR/ERV1	629	-	74	31222489	50153
chr6	31172336	31372336	harbor1	chr6	31225751	31226598	LTR/ERV1	8662	-	424	31226175	53839
chr6	31172336	31372336	harbor1	chr6	31226904	31227883	LTR/ERV1	8662	-	490	31227394	55058
chr6	31172336	31372336	harbor1	chr6	31228295	31228462	LTR/ERV1	850	-	84	31228379	56043
chr6	31172336	31372336	harbor1	chr6	31252465	31253232	LTR/ERV1	4668	-	384	31252849	80513
chr6	31172336	31372336	harbor1	chr6	31264816	31265445	LTR/ERV1	3219	-	314	31265130	92794
chr6	31172336	31372336	harbor1	chr6	31265570	31265660	LTR/ERV1	526	-	45	31265615	93279
chr6	31172336	31372336	harbor1	chr6	31265662	31265961	LTR/ERV1	1743	-	150	31265812	93476
chr6	31172336	31372336	harbor1	chr6	31227885	31228005	LTR/ERV1	850	-	60	31227945	55609
chr6	52184768	52384768	harbor1	chr6	52245723	52246014	LTR/ERV1	1438	-	146	52245869	61101
chr6	124862446	125062446	harbor1	chr6	124924330	124924680	LTR/ERV1	2043	-	175	124924505	62059
chr6	111111942	111311942	harbor1	chr6	111160512	111160941	LTR/ERV1	2632	-	214	111160726	48784
chr6	111111942	111311942	harbor1	chr6	111161251	111161460	LTR/ERV1	2632	-	104	111161355	49413
chr6	111111942	111311942	harbor1	chr6	111161463	111163146	LTR/ERV1	16739	-	842	111162305	50363
chr6	111111942	111311942	harbor1	chr6	111163451	111164477	LTR/ERV1	16739	-	513	111163964	52022
chr6	111111942	111311942	harbor1	chr6	111167153	111167354	LTR/ERV1	957	-	100	111167253	55311
chr6	111111942	111311942	harbor1	chr6	111164777	111166352	LTR/ERV1	16739	-	788	111165565	53623
chr6	41091918	41291918	harbor1	chr6	41171712	41172337	LTR/ERV1	2292	-	312	41172024	80106
chr6	41091918	41291918	harbor1	chr6	41174589	41174980	LTR/ERV1	2260	-	196	41174785	82867
chr6	41091918	41291918	harbor1	chr6	41187029	41187715	LTR/ERV1	4402	-	343	41187372	95454
chr6	41091918	41291918	harbor1	chr6	41189645	41190217	LTR/ERV1	4017	-	286	41189931	98013
chr6	41091918	41291918	harbor1	chr6	41188958	41189588	LTR/ERV1	4649	-	315	41189273	97355
chr6	169623052	169823052	harbor1	chr6	169654537	169654718	LTR/ERV1	615	-	90	169654627	31575
chr6	169623052	169823052	harbor1	chr6	169654863	169655164	LTR/ERV1	1023	-	150	169655013	31961
chr6	169623052	169823052	harbor1	chr6	169655688	169655716	LTR/ERV1	2545	-	14	169655702	32650
chr6	169623052	169823052	harbor1	chr6	169674740	169675135	LTR/ERV1	2824	-	198	169674938	51886
chr6	169623052	169823052	harbor1	chr6	169675414	169676159	LTR/ERV1	5950	-	372	169675786	52734
chr6	169623052	169823052	harbor1	chr6	169656021	169656452	LTR/ERV1	2545	-	216	169656237	33185
chr6	34138141	34338141	harbor1	chr6	34178327	34179719	LTR/ERV1	3387	-	696	34179023	40882
chr6	34138141	34338141	harbor1	chr6	34202021	34203292	LTR/ERV1	7633	-	636	34202657	64516
chr6	208571	408571	harbor1	chr6	222005	222416	LTR/ERV1	2526	-	206	222211	13640
chr6	146812183	147012183	harbor1	chr6	146812283	146813026	LTR/ERV1	2641	-	372	146812655	472
chr6	146812183	147012183	harbor1	chr6	146819196	146819937	LTR/ERV1	2656	-	370	146819566	7383
chr6	146812183	147012183	harbor1	chr6	146820365	146820962	LTR/ERV1	2852	-	298	146820663	8480
chr6	146812183	147012183	harbor1	chr6	146823001	146823140	LTR/ERV1	532	-	70	146823071	10888
chr6	146812183	147012183	harbor1	chr6	146824435	146825215	LTR/ERV1	3059	-	390	146824825	12642
chr6	146812183	147012183	harbor1	chr6	146832091	146832987	LTR/ERV1	5094	-	448	146832539	20356
chr6	146812183	147012183	harbor1	chr6	146847177	146847525	LTR/ERV1	1218	-	174	146847351	35168
chr6	146812183	147012183	harbor1	chr6	146887061	146887694	LTR/ERV1	4557	-	316	146887377	75194
chr6	145635082	145835082	harbor1	chr6	145662448	145662924	LTR/ERV1	2261	-	238	145662686	27604
chr6	27415340	27615340	harbor1	chr6	27423973	27425392	LTR/ERV1	10574	-	710	27424683	9343
chr6	27415340	27615340	harbor1	chr6	27429766	27430296	LTR/ERV1	3432	-	265	27430031	14691
chr6	27415340	27615340	harbor1	chr6	27477073	27477745	LTR/ERV1	1312	-	336	27477409	62069
chr6	32752654	32952654	harbor1	chr6	32770567	32770855	LTR/ERV1	3297	-	144	32770711	18057
chr6	32752654	32952654	harbor1	chr6	32771171	32771461	LTR/ERV1	3297	-	145	32771316	18662
chr6	32752654	32952654	harbor1	chr6	32799288	32799685	LTR/ERV1	2572	-	198	32799486	46832
chr6	32752654	32952654	harbor1	chr6	32767977	32768288	LTR/ERV1	1679	-	156	32768133	15479
chr6	87813618	88013618	harbor1	chr6	87841991	87842260	LTR/ERV1	821	-	134	87842125	28507
chr6	87813618	88013618	harbor1	chr6	87861862	87862361	LTR/ERV1	3402	-	250	87862112	48494
chr6	87813618	88013618	harbor1	chr6	87866247	87866399	LTR/ERV1	3313	-	76	87866323	52705
chr6	87813618	88013618	harbor1	chr6	87866692	87867307	LTR/ERV1	3313	-	308	87867000	53382
chr6	87813618	88013618	harbor1	chr6	87873755	87874365	LTR/ERV1	2246	-	305	87874060	60442
chr6	87813618	88013618	harbor1	chr6	87882121	87882609	LTR/ERV1	3686	-	244	87882365	68747
chr6	87813618	88013618	harbor1	chr6	87900380	87901119	LTR/ERV1	4736	-	370	87900750	87132
chr6	87813618	88013618	harbor1	chr6	87901501	87902366	LTR/ERV1	3309	-	432	87901933	88315
chr6	63535819	63735819	harbor1	chr6	63589927	63590373	LTR/ERV1	2573	-	223	63590150	54331
chr6	32050380	32250380	harbor1	chr6	32139889	32140039	LTR/ERV1	1105	-	75	32139964	89584
chr6	32050380	32250380	harbor1	chr6	32140340	32140895	LTR/ERV1	1105	-	278	32140618	90238
chr6	169863974	170063974	harbor1	chr6	169938846	169939574	LTR/ERV1	3427	-	364	169939210	75236
chr6	52184773	52384773	harbor1	chr6	52245723	52246014	LTR/ERV1	1438	-	146	52245869	61096
chr7	1801883	2001883	harbor1	chr7	1803140	1803256	LTR/ERV1	2668	-	58	1803198	1315
chr7	1801883	2001883	harbor1	chr7	1803555	1803916	LTR/ERV1	2668	-	180	1803735	1852
chr7	1801883	2001883	harbor1	chr7	1803922	1804580	LTR/ERV1	3270	-	329	1804251	2368
chr7	1801883	2001883	harbor1	chr7	1835608	1836021	LTR/ERV1	4412	-	206	1835814	33931
chr7	1801883	2001883	harbor1	chr7	1836319	1836554	LTR/ERV1	4412	-	118	1836437	34554
chr7	151420770	151620770	harbor1	chr7	151422751	151423310	LTR/ERV1	4620	-	280	151423031	2261
chr7	151420770	151620770	harbor1	chr7	151441317	151441537	LTR/ERV1	1163	-	110	151441427	20657
chr7	151420770	151620770	harbor1	chr7	151441548	151441831	LTR/ERV1	946	-	142	151441690	20920
chr7	1136759	1336759	harbor1	chr7	1161008	1161440	LTR/ERV1	3417	-	216	1161224	24465
chr7	1136759	1336759	harbor1	chr7	1174901	1174983	LTR/ERV1	515	-	41	1174942	38183
chr7	39729557	39929557	harbor1	chr7	39753055	39754493	LTR/ERV1	10206	-	719	39753774	24217
chr7	39729557	39929557	harbor1	chr7	39756679	39756980	LTR/ERV1	2277	-	150	39756829	27272
chr7	39729557	39929557	harbor1	chr7	39807512	39807822	LTR/ERV1	637	-	155	39807667	78110
chr7	39729557	39929557	harbor1	chr7	39825772	39826204	LTR/ERV1	2646	-	216	39825988	96431
chr7	1798159	1998159	harbor1	chr7	1803140	1803256	LTR/ERV1	2668	-	58	1803198	5039
chr7	1798159	1998159	harbor1	chr7	1803555	1803916	LTR/ERV1	2668	-	180	1803735	5576
chr7	1798159	1998159	harbor1	chr7	1803922	1804580	LTR/ERV1	3270	-	329	1804251	6092
chr7	1798159	1998159	harbor1	chr7	1835608	1836021	LTR/ERV1	4412	-	206	1835814	37655
chr7	1798159	1998159	harbor1	chr7	1836319	1836554	LTR/ERV1	4412	-	118	1836437	38278
chr7	884561	1084561	harbor1	chr7	979143	979469	LTR/ERV1	1068	-	163	979306	94745
chr7	884561	1084561	harbor1	chr7	979748	979843	LTR/ERV1	1068	-	48	979796	95235
chr7	149613875	149813875	harbor1	chr7	149628341	149628679	LTR/ERV1	2660	-	169	149628510	14635
chr7	149613875	149813875	harbor1	chr7	149648695	149649023	LTR/ERV1	2137	-	164	149648859	34984
chr7	149613875	149813875	harbor1	chr7	149681756	149682380	LTR/ERV1	4181	-	312	149682068	68193
chr7	149613875	149813875	harbor1	chr7	149682381	149683526	LTR/ERV1	6599	-	572	149682953	69078
chr7	149613875	149813875	harbor1	chr7	149685570	149686923	LTR/ERV1	17846	-	676	149686246	72371
chr7	149613875	149813875	harbor1	chr7	149687214	149687253	LTR/ERV1	17846	-	20	149687234	73359
chr7	149613875	149813875	harbor1	chr7	149687254	149687599	LTR/ERV1	2501	-	172	149687426	73551
chr7	149613875	149813875	harbor1	chr7	149687968	149688082	LTR/ERV1	1052	-	57	149688025	74150
chr7	149613875	149813875	harbor1	chr7	149688372	149688550	LTR/ERV1	1052	-	89	149688461	74586
chr7	149613875	149813875	harbor1	chr7	149700686	149702148	LTR/ERV1	6102	-	731	149701417	87542
chr7	149613875	149813875	harbor1	chr7	149683547	149685272	LTR/ERV1	17846	-	862	149684409	70534
chr7	44506818	44706818	harbor1	chr7	44506516	44506945	LTR/ERV1	2402	-	214	44506730	88
chr7	44506818	44706818	harbor1	chr7	44507301	44507323	LTR/ERV1	2402	-	11	44507312	494
chr7	44506818	44706818	harbor1	chr7	44556133	44556367	LTR/ERV1	1332	-	117	44556250	49432
chr7	47567087	47767087	harbor1	chr7	47613365	47613861	LTR/ERV1	985	-	248	47613613	46526
chr7	47567087	47767087	harbor1	chr7	47616862	47616877	LTR/ERV1	2270	-	8	47616870	49783
chr7	47567087	47767087	harbor1	chr7	47617182	47617404	LTR/ERV1	2270	-	111	47617293	50206
chr7	47567087	47767087	harbor1	chr7	47617696	47617857	LTR/ERV1	2270	-	80	47617776	50689
chr7	47567087	47767087	harbor1	chr7	47621722	47622564	LTR/ERV1	5256	-	421	47622143	55056
chr7	47567087	47767087	harbor1	chr7	47627520	47627955	LTR/ERV1	2316	-	218	47627738	60651
chr7	41324284	41524284	harbor1	chr7	41342684	41342914	LTR/ERV1	1438	-	115	41342799	18515
chr7	41324284	41524284	harbor1	chr7	41343170	41343514	LTR/ERV1	2177	-	172	41343342	19058
chr7	6404408	6604408	harbor1	chr7	6451397	6451554	LTR/ERV1	994	-	78	6451475	47067
chr7	6404408	6604408	harbor1	chr7	6489926	6490090	LTR/ERV1	802	-	82	6490008	85600
chr7	6404408	6604408	harbor1	chr7	6490384	6490431	LTR/ERV1	802	-	24	6490408	86000
chr7	140597158	140797158	harbor1	chr7	140653697	140654062	LTR/ERV1	1172	-	182	140653879	56721
chr7	140597158	140797158	harbor1	chr7	140672105	140672755	LTR/ERV1	4192	-	325	140672430	75272
chr7	1798568	1998568	harbor1	chr7	1803140	1803256	LTR/ERV1	2668	-	58	1803198	4630
chr7	1798568	1998568	harbor1	chr7	1803555	1803916	LTR/ERV1	2668	-	180	1803735	5167
chr7	1798568	1998568	harbor1	chr7	1803922	1804580	LTR/ERV1	3270	-	329	1804251	5683
chr7	1798568	1998568	harbor1	chr7	1835608	1836021	LTR/ERV1	4412	-	206	1835814	37246
chr7	1798568	1998568	harbor1	chr7	1836319	1836554	LTR/ERV1	4412	-	118	1836437	37869
chr7	77912395	78112395	harbor1	chr7	77976031	77976371	LTR/ERV1	2454	-	170	77976201	63806
chr7	65982514	66182514	harbor1	chr7	65983247	65983407	LTR/ERV1	1340	-	80	65983327	813
chr7	65982514	66182514	harbor1	chr7	65984004	65984080	LTR/ERV1	1340	-	38	65984042	1528
chr7	65982514	66182514	harbor1	chr7	65984367	65984441	LTR/ERV1	1340	-	37	65984404	1890
chr7	65982514	66182514	harbor1	chr7	65987661	65987816	LTR/ERV1	1793	-	78	65987739	5225
chr7	65982514	66182514	harbor1	chr7	65988128	65988471	LTR/ERV1	1793	-	172	65988300	5786
chr7	65982514	66182514	harbor1	chr7	65992578	65992840	LTR/ERV1	1422	-	131	65992709	10195
chr7	44661435	44861435	harbor1	chr7	44716597	44716716	LTR/ERV1	753	-	60	44716657	55222
chr7	44661435	44861435	harbor1	chr7	44716687	44716719	LTR/ERV1	3066	-	16	44716703	55268
chr7	44661435	44861435	harbor1	chr7	44717027	44717446	LTR/ERV1	3066	-	210	44717237	55802
chr7	44661435	44861435	harbor1	chr7	44717448	44717666	LTR/ERV1	5621	-	109	44717557	56122
chr7	44661435	44861435	harbor1	chr7	44718264	44718818	LTR/ERV1	7232	-	277	44718541	57106
chr7	44661435	44861435	harbor1	chr7	44719083	44719228	LTR/ERV1	7232	-	72	44719155	57720
chr7	44661435	44861435	harbor1	chr7	44720016	44720082	LTR/ERV1	7232	-	33	44720049	58614
chr7	44661435	44861435	harbor1	chr7	44720366	44721344	LTR/ERV1	7232	-	489	44720855	59420
chr7	44661435	44861435	harbor1	chr7	44721645	44721675	LTR/ERV1	7232	-	15	44721660	60225
chr7	44661435	44861435	harbor1	chr7	44721989	44722427	LTR/ERV1	7232	-	219	44722208	60773
chr7	44661435	44861435	harbor1	chr7	44723376	44723869	LTR/ERV1	3345	-	246	44723622	62187
chr7	44661435	44861435	harbor1	chr7	44723870	44723996	LTR/ERV1	871	-	63	44723933	62498
chr7	44661435	44861435	harbor1	chr7	44723999	44724095	LTR/ERV1	823	-	48	44724047	62612
chr7	44661435	44861435	harbor1	chr7	44724376	44724538	LTR/ERV1	823	-	81	44724457	63022
chr7	44661435	44861435	harbor1	chr7	44726266	44726863	LTR/ERV1	4564	-	298	44726564	65129
chr7	44661435	44861435	harbor1	chr7	44741263	44741658	LTR/ERV1	945	-	198	44741461	80026
chr7	123610933	123810933	harbor1	chr7	123646114	123646340	LTR/ERV1	1929	-	113	123646227	35294
chr7	123610933	123810933	harbor1	chr7	123646666	123646863	LTR/ERV1	1929	-	98	123646764	35831
chr7	123610933	123810933	harbor1	chr7	123646866	123646937	LTR/ERV1	1214	-	36	123646902	35969
chr7	123610933	123810933	harbor1	chr7	123646938	123647615	LTR/ERV1	4895	-	338	123647276	36343
chr7	123610933	123810933	harbor1	chr7	123647616	123647817	LTR/ERV1	1214	-	100	123647716	36783
chr7	1801969	2001969	harbor1	chr7	1803140	1803256	LTR/ERV1	2668	-	58	1803198	1229
chr7	1801969	2001969	harbor1	chr7	1803555	1803916	LTR/ERV1	2668	-	180	1803735	1766
chr7	1801969	2001969	harbor1	chr7	1803922	1804580	LTR/ERV1	3270	-	329	1804251	2282
chr7	1801969	2001969	harbor1	chr7	1835608	1836021	LTR/ERV1	4412	-	206	1835814	33845
chr7	1801969	2001969	harbor1	chr7	1836319	1836554	LTR/ERV1	4412	-	118	1836437	34468
chr7	1564241	1764241	harbor1	chr7	1571205	1571297	LTR/ERV1	453	-	46	1571251	7010
chr7	1564241	1764241	harbor1	chr7	1571944	1572371	LTR/ERV1	2906	-	214	1572158	7917
chr7	1564241	1764241	harbor1	chr7	1576840	1577265	LTR/ERV1	2368	-	212	1577052	12811
chr7	101437983	101637983	harbor1	chr7	101442471	101442691	LTR/ERV1	1168	-	110	101442581	4598
chr7	101437983	101637983	harbor1	chr7	101446482	101446564	LTR/ERV1	3210	-	41	101446523	8540
chr7	101437983	101637983	harbor1	chr7	101446865	101447528	LTR/ERV1	3210	-	332	101447197	9214
chr7	101437983	101637983	harbor1	chr7	101456898	101457662	LTR/ERV1	4717	-	382	101457280	19297
chr7	101437983	101637983	harbor1	chr7	101467159	101467585	LTR/ERV1	3926	-	213	101467372	29389
chr7	101437983	101637983	harbor1	chr7	101467887	101468032	LTR/ERV1	3926	-	72	101467959	29976
chr7	101437983	101637983	harbor1	chr7	101468324	101468420	LTR/ERV1	3926	-	48	101468372	30389
chr7	101437983	101637983	harbor1	chr7	101469925	101470096	LTR/ERV1	987	-	86	101470011	32028
chr7	101437983	101637983	harbor1	chr7	101470394	101470604	LTR/ERV1	1344	-	105	101470499	32516
chr7	101437983	101637983	harbor1	chr7	101471333	101471547	LTR/ERV1	1029	-	107	101471440	33457
chr7	101437983	101637983	harbor1	chr7	101471880	101472013	LTR/ERV1	1029	-	66	101471946	33963
chr7	101437983	101637983	harbor1	chr7	101472306	101472529	LTR/ERV1	1029	-	112	101472418	34435
chr7	101437983	101637983	harbor1	chr7	101474671	101474910	LTR/ERV1	1264	-	120	101474791	36808
chr7	101437983	101637983	harbor1	chr7	101475206	101475415	LTR/ERV1	1264	-	104	101475310	37327
chr7	101437983	101637983	harbor1	chr7	101476337	101476550	LTR/ERV1	829	-	106	101476443	38460
chr7	101437983	101637983	harbor1	chr7	101477144	101477224	LTR/ERV1	829	-	40	101477184	39201
chr7	101437983	101637983	harbor1	chr7	101489429	101489495	LTR/ERV1	445	-	33	101489462	51479
chr7	101437983	101637983	harbor1	chr7	101491387	101491939	LTR/ERV1	4490	-	276	101491663	53680
chr7	101437983	101637983	harbor1	chr7	101496284	101496569	LTR/ERV1	1795	-	142	101496426	58443
chr7	101437983	101637983	harbor1	chr7	101496572	101496613	LTR/ERV1	478	-	20	101496592	58609
chr7	101437983	101637983	harbor1	chr7	101496901	101496955	LTR/ERV1	478	-	27	101496928	58945
chr7	101437983	101637983	harbor1	chr7	101497985	101498326	LTR/ERV1	1063	-	170	101498155	60172
chr7	101437983	101637983	harbor1	chr7	101500010	101500334	LTR/ERV1	448	-	162	101500172	62189
chr7	150941267	151141267	harbor1	chr7	150990675	150991176	LTR/ERV1	2621	-	250	150990925	49658
chr7	80035348	80235348	harbor1	chr7	80048819	80049594	LTR/ERV1	4474	-	388	80049207	13859
chr7	80035348	80235348	harbor1	chr7	80080806	80081230	LTR/ERV1	1390	-	212	80081018	45670
chr7	90221478	90421478	harbor1	chr7	90243521	90244285	LTR/ERV1	5006	-	382	90243903	22425
chr7	90221478	90421478	harbor1	chr7	90244437	90244608	LTR/ERV1	5006	-	86	90244523	23045
chr7	90221478	90421478	harbor1	chr7	90251127	90251486	LTR/ERV1	1824	-	180	90251307	29829
chr7	90221478	90421478	harbor1	chr7	90291045	90291594	LTR/ERV1	3800	-	274	90291319	69841
chr7	90221478	90421478	harbor1	chr7	90291595	90291827	LTR/ERV1	1695	-	116	90291711	70233
chr7	90221478	90421478	harbor1	chr7	90291861	90291964	LTR/ERV1	476	-	52	90291913	70435
chr7	90221478	90421478	harbor1	chr7	90294883	90295606	LTR/ERV1	3774	-	362	90295245	73767
chr7	90221478	90421478	harbor1	chr7	90295607	90296158	LTR/ERV1	3887	-	276	90295883	74405
chr7	90221478	90421478	harbor1	chr7	90296626	90297406	LTR/ERV1	4024	-	390	90297016	75538
chr7	90221478	90421478	harbor1	chr7	90291958	90294907	LTR/ERV1	13785	-	1474	90293432	71954
chr7	47174241	47374241	harbor1	chr7	47210829	47211633	LTR/ERV1	4685	-	402	47211231	36990
chr7	47174241	47374241	harbor1	chr7	47217574	47218079	LTR/ERV1	2995	-	252	47217826	43585
chr7	1801933	2001933	harbor1	chr7	1803140	1803256	LTR/ERV1	2668	-	58	1803198	1265
chr7	1801933	2001933	harbor1	chr7	1803555	1803916	LTR/ERV1	2668	-	180	1803735	1802
chr7	1801933	2001933	harbor1	chr7	1803922	1804580	LTR/ERV1	3270	-	329	1804251	2318
chr7	1801933	2001933	harbor1	chr7	1835608	1836021	LTR/ERV1	4412	-	206	1835814	33881
chr7	1801933	2001933	harbor1	chr7	1836319	1836554	LTR/ERV1	4412	-	118	1836437	34504
chr7	151420775	151620775	harbor1	chr7	151422751	151423310	LTR/ERV1	4620	-	280	151423031	2256
chr7	151420775	151620775	harbor1	chr7	151441317	151441537	LTR/ERV1	1163	-	110	151441427	20652
chr7	151420775	151620775	harbor1	chr7	151441548	151441831	LTR/ERV1	946	-	142	151441690	20915
chr7	123437338	123637338	harbor1	chr7	123492771	123493360	LTR/ERV1	527	-	294	123493065	55727
chr7	102325596	102525596	harbor1	chr7	102340558	102340945	LTR/ERV1	2483	-	194	102340752	15156
chr7	102325596	102525596	harbor1	chr7	102341232	102341262	LTR/ERV1	2483	-	15	102341247	15651
chr7	102325596	102525596	harbor1	chr7	102393255	102393356	LTR/ERV1	629	-	50	102393305	67709
chr7	102325596	102525596	harbor1	chr7	102394289	102394323	LTR/ERV1	629	-	17	102394306	68710
chr7	102325596	102525596	harbor1	chr7	102394665	102394882	LTR/ERV1	1378	-	108	102394773	69177
chr7	102325596	102525596	harbor1	chr7	102395181	102395273	LTR/ERV1	1378	-	46	102395227	69631
chr7	102325596	102525596	harbor1	chr7	102395578	102395842	LTR/ERV1	1378	-	132	102395710	70114
chr7	141411856	141611856	harbor1	chr7	141421975	141422546	LTR/ERV1	426	-	286	141422261	10405
chr7	141411856	141611856	harbor1	chr7	141448155	141448612	LTR/ERV1	999	-	228	141448383	36527
chr7	141411856	141611856	harbor1	chr7	141468645	141469285	LTR/ERV1	3586	-	320	141468965	57109
chr7	26995642	27195642	harbor1	chr7	27053143	27053461	LTR/ERV1	1685	-	159	27053302	57660
chr7	102378973	102578973	harbor1	chr7	102393255	102393356	LTR/ERV1	629	-	50	102393305	14332
chr7	102378973	102578973	harbor1	chr7	102394289	102394323	LTR/ERV1	629	-	17	102394306	15333
chr7	102378973	102578973	harbor1	chr7	102394665	102394882	LTR/ERV1	1378	-	108	102394773	15800
chr7	102378973	102578973	harbor1	chr7	102395181	102395273	LTR/ERV1	1378	-	46	102395227	16254
chr7	102378973	102578973	harbor1	chr7	102395578	102395842	LTR/ERV1	1378	-	132	102395710	16737
chr7	66456842	66656842	harbor1	chr7	66495985	66496228	LTR/ERV1	2991	-	122	66496107	39265
chr7	66456842	66656842	harbor1	chr7	66496493	66496724	LTR/ERV1	2991	-	116	66496609	39767
chr7	66456842	66656842	harbor1	chr7	66497016	66497119	LTR/ERV1	2991	-	52	66497068	40226
chr7	66456842	66656842	harbor1	chr7	66539453	66539621	LTR/ERV1	1124	-	84	66539537	82695
chr7	66456842	66656842	harbor1	chr7	66539921	66540221	LTR/ERV1	1124	-	150	66540071	83229
chr7	105288909	105488909	harbor1	chr7	105305642	105306091	LTR/ERV1	883	-	224	105305866	16957
chr7	25270046	25470046	harbor1	chr7	25279746	25280222	LTR/ERV1	1749	-	238	25279984	9938
chr7	25270046	25470046	harbor1	chr7	25286541	25286873	LTR/ERV1	1158	-	166	25286707	16661
chr7	25270046	25470046	harbor1	chr7	25286930	25287223	LTR/ERV1	1068	-	146	25287076	17030
chr7	6060488	6260488	harbor1	chr7	6096282	6096725	LTR/ERV1	2662	-	222	6096504	36016
chr7	25697532	25897532	harbor1	chr7	25699963	25700837	LTR/ERV1	4219	-	437	25700400	2868
chr7	25697532	25897532	harbor1	chr7	25732580	25733253	LTR/ERV1	3763	-	336	25732916	35384
chr7	24657406	24857406	harbor1	chr7	24712652	24712736	LTR/ERV1	737	-	42	24712694	55288
chr7	24657406	24857406	harbor1	chr7	24713040	24713403	LTR/ERV1	737	-	182	24713222	55816
chr7	24657406	24857406	harbor1	chr7	24725420	24725880	LTR/ERV1	3536	-	230	24725650	68244
chr7	504701	704701	harbor1	chr7	577741	578199	LTR/ERV1	1761	-	229	577970	73269
chr7	16531	216531	harbor1	chr7	18046	18551	LTR/ERV1	895	-	252	18298	1767
chr7	16531	216531	harbor1	chr7	27025	27211	LTR/ERV1	643	-	93	27118	10587
chr7	16531	216531	harbor1	chr7	37880	38470	LTR/ERV1	4671	-	295	38175	21644
chr7	108470160	108670160	harbor1	chr7	108527485	108527896	LTR/ERV1	2017	-	206	108527691	57531
chr7	47568386	47768386	harbor1	chr7	47613365	47613861	LTR/ERV1	985	-	248	47613613	45227
chr7	47568386	47768386	harbor1	chr7	47616862	47616877	LTR/ERV1	2270	-	8	47616870	48484
chr7	47568386	47768386	harbor1	chr7	47617182	47617404	LTR/ERV1	2270	-	111	47617293	48907
chr7	47568386	47768386	harbor1	chr7	47617696	47617857	LTR/ERV1	2270	-	80	47617776	49390
chr7	47568386	47768386	harbor1	chr7	47621722	47622564	LTR/ERV1	5256	-	421	47622143	53757
chr7	47568386	47768386	harbor1	chr7	47627520	47627955	LTR/ERV1	2316	-	218	47627738	59352
chr7	1795705	1995705	harbor1	chr7	1803140	1803256	LTR/ERV1	2668	-	58	1803198	7493
chr7	1795705	1995705	harbor1	chr7	1803555	1803916	LTR/ERV1	2668	-	180	1803735	8030
chr7	1795705	1995705	harbor1	chr7	1803922	1804580	LTR/ERV1	3270	-	329	1804251	8546
chr7	1795705	1995705	harbor1	chr7	1835608	1836021	LTR/ERV1	4412	-	206	1835814	40109
chr7	1795705	1995705	harbor1	chr7	1836319	1836554	LTR/ERV1	4412	-	118	1836437	40732
chr7	123481083	123681083	harbor1	chr7	123492771	123493360	LTR/ERV1	527	-	294	123493065	11982
chr7	155196997	155396997	harbor1	chr7	155200242	155200649	LTR/ERV1	3369	-	204	155200446	3449
chr7	155196997	155396997	harbor1	chr7	155200956	155201146	LTR/ERV1	3369	-	95	155201051	4054
chr7	884593	1084593	harbor1	chr7	979143	979469	LTR/ERV1	1068	-	163	979306	94713
chr7	884593	1084593	harbor1	chr7	979748	979843	LTR/ERV1	1068	-	48	979796	95203
chr7	6059184	6259184	harbor1	chr7	6096282	6096725	LTR/ERV1	2662	-	222	6096504	37320
chr7	141411783	141611783	harbor1	chr7	141421975	141422546	LTR/ERV1	426	-	286	141422261	10478
chr7	141411783	141611783	harbor1	chr7	141448155	141448612	LTR/ERV1	999	-	228	141448383	36600
chr7	141411783	141611783	harbor1	chr7	141468645	141469285	LTR/ERV1	3586	-	320	141468965	57182
chr7	30975839	31175839	harbor1	chr7	30993293	30994556	LTR/ERV1	7356	-	632	30993925	18086
chr7	30975839	31175839	harbor1	chr7	31018971	31019262	LTR/ERV1	558	-	146	31019117	43278
chr7	30579971	30779971	harbor1	chr7	30580502	30581427	LTR/ERV1	4487	-	462	30580964	993
chr7	189947	389947	harbor1	chr7	275742	276900	LTR/ERV1	4295	-	579	276321	86374
chr7	43919232	44119232	harbor1	chr7	43960813	43961317	LTR/ERV1	3284	-	252	43961065	41833
chr7	140378858	140578858	harbor1	chr7	140399372	140399576	LTR/ERV1	1689	-	102	140399474	20616
chr7	140378858	140578858	harbor1	chr7	140399885	140400216	LTR/ERV1	1689	-	166	140400051	21193
chr7	44436448	44636448	harbor1	chr7	44491315	44491662	LTR/ERV1	950	-	174	44491489	55041
chr7	44436448	44636448	harbor1	chr7	44494050	44494164	LTR/ERV1	528	-	57	44494107	57659
chr7	44436448	44636448	harbor1	chr7	44506516	44506945	LTR/ERV1	2402	-	214	44506730	70282
chr7	44436448	44636448	harbor1	chr7	44507301	44507323	LTR/ERV1	2402	-	11	44507312	70864
chr7	122786849	122986849	harbor1	chr7	122857735	122858271	LTR/ERV1	3280	-	268	122858003	71154
chr7	90112306	90312306	harbor1	chr7	90175688	90177131	LTR/ERV1	6615	-	722	90176410	64104
chr7	90112306	90312306	harbor1	chr7	90188200	90188732	LTR/ERV1	1782	-	266	90188466	76160
chr7	90112306	90312306	harbor1	chr7	90190385	90191058	LTR/ERV1	1620	-	336	90190721	78415
chr7	90112306	90312306	harbor1	chr7	90191594	90192484	LTR/ERV1	4342	-	445	90192039	79733
chr7	90112306	90312306	harbor1	chr7	90194319	90194618	LTR/ERV1	1418	-	150	90194469	82163
chr7	90112306	90312306	harbor1	chr7	90194754	90194953	LTR/ERV1	443	-	100	90194854	82548
chr7	90112306	90312306	harbor1	chr7	90195590	90195776	LTR/ERV1	590	-	93	90195683	83377
chr7	90112306	90312306	harbor1	chr7	90192907	90194038	LTR/ERV1	6520	-	566	90193473	81167
chr7	1801912	2001912	harbor1	chr7	1803140	1803256	LTR/ERV1	2668	-	58	1803198	1286
chr7	1801912	2001912	harbor1	chr7	1803555	1803916	LTR/ERV1	2668	-	180	1803735	1823
chr7	1801912	2001912	harbor1	chr7	1803922	1804580	LTR/ERV1	3270	-	329	1804251	2339
chr7	1801912	2001912	harbor1	chr7	1835608	1836021	LTR/ERV1	4412	-	206	1835814	33902
chr7	1801912	2001912	harbor1	chr7	1836319	1836554	LTR/ERV1	4412	-	118	1836437	34525
chr7	1799784	1999784	harbor1	chr7	1803140	1803256	LTR/ERV1	2668	-	58	1803198	3414
chr7	1799784	1999784	harbor1	chr7	1803555	1803916	LTR/ERV1	2668	-	180	1803735	3951
chr7	1799784	1999784	harbor1	chr7	1803922	1804580	LTR/ERV1	3270	-	329	1804251	4467
chr7	1799784	1999784	harbor1	chr7	1835608	1836021	LTR/ERV1	4412	-	206	1835814	36030
chr7	1799784	1999784	harbor1	chr7	1836319	1836554	LTR/ERV1	4412	-	118	1836437	36653
chr7	1801263	2001263	harbor1	chr7	1803140	1803256	LTR/ERV1	2668	-	58	1803198	1935
chr7	1801263	2001263	harbor1	chr7	1803555	1803916	LTR/ERV1	2668	-	180	1803735	2472
chr7	1801263	2001263	harbor1	chr7	1803922	1804580	LTR/ERV1	3270	-	329	1804251	2988
chr7	1801263	2001263	harbor1	chr7	1835608	1836021	LTR/ERV1	4412	-	206	1835814	34551
chr7	1801263	2001263	harbor1	chr7	1836319	1836554	LTR/ERV1	4412	-	118	1836437	35174
chr7	123457458	123657458	harbor1	chr7	123492771	123493360	LTR/ERV1	527	-	294	123493065	35607
chr7	1801911	2001911	harbor1	chr7	1803140	1803256	LTR/ERV1	2668	-	58	1803198	1287
chr7	1801911	2001911	harbor1	chr7	1803555	1803916	LTR/ERV1	2668	-	180	1803735	1824
chr7	1801911	2001911	harbor1	chr7	1803922	1804580	LTR/ERV1	3270	-	329	1804251	2340
chr7	1801911	2001911	harbor1	chr7	1835608	1836021	LTR/ERV1	4412	-	206	1835814	33903
chr7	1801911	2001911	harbor1	chr7	1836319	1836554	LTR/ERV1	4412	-	118	1836437	34526
chr7	1801805	2001805	harbor1	chr7	1803140	1803256	LTR/ERV1	2668	-	58	1803198	1393
chr7	1801805	2001805	harbor1	chr7	1803555	1803916	LTR/ERV1	2668	-	180	1803735	1930
chr7	1801805	2001805	harbor1	chr7	1803922	1804580	LTR/ERV1	3270	-	329	1804251	2446
chr7	1801805	2001805	harbor1	chr7	1835608	1836021	LTR/ERV1	4412	-	206	1835814	34009
chr7	1801805	2001805	harbor1	chr7	1836319	1836554	LTR/ERV1	4412	-	118	1836437	34632
chr8	142524965	142724965	harbor1	chr8	142552343	142553181	LTR/ERV1	4181	-	419	142552762	27797
chr8	142524965	142724965	harbor1	chr8	142554380	142554849	LTR/ERV1	2729	-	234	142554614	29649
chr8	38169171	38369171	harbor1	chr8	38202985	38203281	LTR/ERV1	618	-	148	38203133	33962
chr8	38169171	38369171	harbor1	chr8	38203581	38203620	LTR/ERV1	442	-	20	38203601	34430
chr8	38169171	38369171	harbor1	chr8	38203854	38203970	LTR/ERV1	454	-	58	38203912	34741
chr8	23428482	23628482	harbor1	chr8	23464730	23465180	LTR/ERV1	3146	-	225	23464955	36473
chr8	38169174	38369174	harbor1	chr8	38202985	38203281	LTR/ERV1	618	-	148	38203133	33959
chr8	38169174	38369174	harbor1	chr8	38203581	38203620	LTR/ERV1	442	-	20	38203601	34427
chr8	38169174	38369174	harbor1	chr8	38203854	38203970	LTR/ERV1	454	-	58	38203912	34738
chr8	23381169	23581169	harbor1	chr8	23464730	23465180	LTR/ERV1	3146	-	225	23464955	83786
chr8	23381133	23581133	harbor1	chr8	23464730	23465180	LTR/ERV1	3146	-	225	23464955	83822
chr8	23379942	23579942	harbor1	chr8	23464730	23465180	LTR/ERV1	3146	-	225	23464955	85013
chr8	23382754	23582754	harbor1	chr8	23464730	23465180	LTR/ERV1	3146	-	225	23464955	82201
chr8	1646122	1846122	harbor1	chr8	1657829	1658390	LTR/ERV1	3152	-	280	1658109	11987
chr8	1646122	1846122	harbor1	chr8	1660260	1660355	LTR/ERV1	667	-	48	1660308	14186
chr8	1646122	1846122	harbor1	chr8	1661371	1661865	LTR/ERV1	2983	-	247	1661618	15496
chr8	23428976	23628976	harbor1	chr8	23464730	23465180	LTR/ERV1	3146	-	225	23464955	35979
chr8	85145898	85345898	harbor1	chr8	85221198	85221763	LTR/ERV1	3854	-	282	85221480	75582
chr8	85145898	85345898	harbor1	chr8	85241957	85242350	LTR/ERV1	2577	-	196	85242153	96255
chr8	85145898	85345898	harbor1	chr8	85242412	85242539	LTR/ERV1	2586	-	64	85242476	96578
chr8	85145898	85345898	harbor1	chr8	85242841	85243103	LTR/ERV1	2586	-	131	85242972	97074
chr8	23428919	23628919	harbor1	chr8	23464730	23465180	LTR/ERV1	3146	-	225	23464955	36036
chr8	599970	799970	harbor1	chr8	643997	644339	LTR/ERV1	567	-	171	644168	44198
chr8	599970	799970	harbor1	chr8	657153	657554	LTR/ERV1	2175	-	200	657353	57383
chr8	599970	799970	harbor1	chr8	657562	657945	LTR/ERV1	2590	-	192	657754	57784
chr8	100620899	100820899	harbor1	chr8	100646079	100646652	LTR/ERV1	3118	-	286	100646365	25466
chr8	1061654	1261654	harbor1	chr8	1132559	1133308	LTR/ERV1	2791	-	374	1132933	71279
chr8	1061654	1261654	harbor1	chr8	1151170	1151746	LTR/ERV1	1821	-	288	1151458	89804
chr8	23428922	23628922	harbor1	chr8	23464730	23465180	LTR/ERV1	3146	-	225	23464955	36033
chr8	38169283	38369283	harbor1	chr8	38202985	38203281	LTR/ERV1	618	-	148	38203133	33850
chr8	38169283	38369283	harbor1	chr8	38203581	38203620	LTR/ERV1	442	-	20	38203601	34318
chr8	38169283	38369283	harbor1	chr8	38203854	38203970	LTR/ERV1	454	-	58	38203912	34629
chr8	23374002	23574002	harbor1	chr8	23464730	23465180	LTR/ERV1	3146	-	225	23464955	90953
chr8	23379952	23579952	harbor1	chr8	23464730	23465180	LTR/ERV1	3146	-	225	23464955	85003
chr8	90545266	90745266	harbor1	chr8	90545663	90546190	LTR/ERV1	2039	-	264	90545927	661
chr8	90545266	90745266	harbor1	chr8	90605769	90606660	LTR/ERV1	3090	-	446	90606215	60949
chr8	38168881	38368881	harbor1	chr8	38202985	38203281	LTR/ERV1	618	-	148	38203133	34252
chr8	38168881	38368881	harbor1	chr8	38203581	38203620	LTR/ERV1	442	-	20	38203601	34720
chr8	38168881	38368881	harbor1	chr8	38203854	38203970	LTR/ERV1	454	-	58	38203912	35031
chr8	23428500	23628500	harbor1	chr8	23464730	23465180	LTR/ERV1	3146	-	225	23464955	36455
chr8	23409692	23609692	harbor1	chr8	23464730	23465180	LTR/ERV1	3146	-	225	23464955	55263
chr8	42040638	42240638	harbor1	chr8	42122550	42123100	LTR/ERV1	4451	-	275	42122825	82187
chr8	42040638	42240638	harbor1	chr8	42123136	42123595	LTR/ERV1	3889	-	230	42123366	82728
chr8	38169386	38369386	harbor1	chr8	38202985	38203281	LTR/ERV1	618	-	148	38203133	33747
chr8	38169386	38369386	harbor1	chr8	38203581	38203620	LTR/ERV1	442	-	20	38203601	34215
chr8	38169386	38369386	harbor1	chr8	38203854	38203970	LTR/ERV1	454	-	58	38203912	34526
chr8	23428873	23628873	harbor1	chr8	23464730	23465180	LTR/ERV1	3146	-	225	23464955	36082
chr8	23407606	23607606	harbor1	chr8	23464730	23465180	LTR/ERV1	3146	-	225	23464955	57349
chr8	23428431	23628431	harbor1	chr8	23464730	23465180	LTR/ERV1	3146	-	225	23464955	36524
chr8	129907115	130107115	harbor1	chr8	129925562	129925855	LTR/ERV1	834	-	146	129925708	18593
chr8	129907115	130107115	harbor1	chr8	129987985	129988390	LTR/ERV1	3087	-	202	129988187	81072
chr8	23398445	23598445	harbor1	chr8	23464730	23465180	LTR/ERV1	3146	-	225	23464955	66510
chr8	23428857	23628857	harbor1	chr8	23464730	23465180	LTR/ERV1	3146	-	225	23464955	36098
chr8	8665132	8865132	harbor1	chr8	8700838	8700969	LTR/ERV1	618	-	66	8700904	35772
chr8	8665132	8865132	harbor1	chr8	8701158	8701342	LTR/ERV1	425	-	92	8701250	36118
chr8	8665132	8865132	harbor1	chr8	8747608	8748031	LTR/ERV1	999	-	212	8747820	82688
chr8	23412840	23612840	harbor1	chr8	23464730	23465180	LTR/ERV1	3146	-	225	23464955	52115
chr8	23428958	23628958	harbor1	chr8	23464730	23465180	LTR/ERV1	3146	-	225	23464955	35997
chr8	23409094	23609094	harbor1	chr8	23464730	23465180	LTR/ERV1	3146	-	225	23464955	55861
chr8	23380409	23580409	harbor1	chr8	23464730	23465180	LTR/ERV1	3146	-	225	23464955	84546
chr8	38169249	38369249	harbor1	chr8	38202985	38203281	LTR/ERV1	618	-	148	38203133	33884
chr8	38169249	38369249	harbor1	chr8	38203581	38203620	LTR/ERV1	442	-	20	38203601	34352
chr8	38169249	38369249	harbor1	chr8	38203854	38203970	LTR/ERV1	454	-	58	38203912	34663
chr8	23428835	23628835	harbor1	chr8	23464730	23465180	LTR/ERV1	3146	-	225	23464955	36120
chr8	142524970	142724970	harbor1	chr8	142552343	142553181	LTR/ERV1	4181	-	419	142552762	27792
chr8	142524970	142724970	harbor1	chr8	142554380	142554849	LTR/ERV1	2729	-	234	142554614	29644
chr8	23428925	23628925	harbor1	chr8	23464730	23465180	LTR/ERV1	3146	-	225	23464955	36030
chr8	23372590	23572590	harbor1	chr8	23464730	23465180	LTR/ERV1	3146	-	225	23464955	92365
chr8	23428499	23628499	harbor1	chr8	23464730	23465180	LTR/ERV1	3146	-	225	23464955	36456
chr8	38076189	38276189	harbor1	chr8	38076586	38076798	LTR/ERV1	969	-	106	38076692	503
chr8	38076189	38276189	harbor1	chr8	38079241	38079357	LTR/ERV1	2189	-	58	38079299	3110
chr8	38076189	38276189	harbor1	chr8	38079973	38080290	LTR/ERV1	2189	-	158	38080131	3942
chr8	38076189	38276189	harbor1	chr8	38081818	38082338	LTR/ERV1	4207	-	260	38082078	5889
chr8	38076189	38276189	harbor1	chr8	38082342	38087554	LTR/ERV1	43586	-	2606	38084948	8759
chr8	38076189	38276189	harbor1	chr8	38087765	38090706	LTR/ERV1	24515	-	1470	38089235	13046
chr8	38076189	38276189	harbor1	chr8	38091009	38091567	LTR/ERV1	24515	-	279	38091288	15099
chr8	38076189	38276189	harbor1	chr8	38091568	38092093	LTR/ERV1	4187	-	262	38091830	15641
chr8	38076189	38276189	harbor1	chr8	38137831	38137995	LTR/ERV1	3096	-	82	38137913	61724
chr8	38076189	38276189	harbor1	chr8	38138304	38138600	LTR/ERV1	3096	-	148	38138452	62263
chr8	38076189	38276189	harbor1	chr8	38076246	38076581	LTR/ERV1	1276	-	168	38076414	225
chr8	38076189	38276189	harbor1	chr8	38092415	38093002	LTR/ERV1	3374	-	294	38092709	16520
chr8	38169207	38369207	harbor1	chr8	38202985	38203281	LTR/ERV1	618	-	148	38203133	33926
chr8	38169207	38369207	harbor1	chr8	38203581	38203620	LTR/ERV1	442	-	20	38203601	34394
chr8	38169207	38369207	harbor1	chr8	38203854	38203970	LTR/ERV1	454	-	58	38203912	34705
chr8	23428888	23628888	harbor1	chr8	23464730	23465180	LTR/ERV1	3146	-	225	23464955	36067
chr8	23380336	23580336	harbor1	chr8	23464730	23465180	LTR/ERV1	3146	-	225	23464955	84619
chr8	38169250	38369250	harbor1	chr8	38202985	38203281	LTR/ERV1	618	-	148	38203133	33883
chr8	38169250	38369250	harbor1	chr8	38203581	38203620	LTR/ERV1	442	-	20	38203601	34351
chr8	38169250	38369250	harbor1	chr8	38203854	38203970	LTR/ERV1	454	-	58	38203912	34662
chr8	39955067	40155067	harbor1	chr8	39962515	39962789	LTR/ERV1	1401	-	137	39962652	7585
chr8	39955067	40155067	harbor1	chr8	39962799	39962856	LTR/ERV1	435	-	28	39962827	7760
chr8	39955067	40155067	harbor1	chr8	39962862	39963097	LTR/ERV1	1640	-	118	39962980	7913
chr8	66077981	66277981	harbor1	chr8	66105393	66105660	LTR/ERV1	891	-	134	66105527	27546
chr8	23423555	23623555	harbor1	chr8	23464730	23465180	LTR/ERV1	3146	-	225	23464955	41400
chr8	23428893	23628893	harbor1	chr8	23464730	23465180	LTR/ERV1	3146	-	225	23464955	36062
chr8	23419596	23619596	harbor1	chr8	23464730	23465180	LTR/ERV1	3146	-	225	23464955	45359
chr8	599963	799963	harbor1	chr8	643997	644339	LTR/ERV1	567	-	171	644168	44205
chr8	599963	799963	harbor1	chr8	657153	657554	LTR/ERV1	2175	-	200	657353	57390
chr8	599963	799963	harbor1	chr8	657562	657945	LTR/ERV1	2590	-	192	657754	57791
chr8	60552749	60752749	harbor1	chr8	60585670	60585920	LTR/ERV1	691	-	125	60585795	33046
chr8	38019471	38219471	harbor1	chr8	38019379	38019672	LTR/ERV1	1256	-	146	38019525	54
chr8	38019471	38219471	harbor1	chr8	38019767	38020196	LTR/ERV1	2913	-	214	38019981	510
chr8	38019471	38219471	harbor1	chr8	38020492	38020689	LTR/ERV1	2913	-	98	38020590	1119
chr8	38019471	38219471	harbor1	chr8	38026076	38026314	LTR/ERV1	1939	-	119	38026195	6724
chr8	38019471	38219471	harbor1	chr8	38026623	38026634	LTR/ERV1	1939	-	6	38026629	7158
chr8	38019471	38219471	harbor1	chr8	38026767	38026990	LTR/ERV1	1939	-	112	38026879	7408
chr8	38019471	38219471	harbor1	chr8	38071509	38072072	LTR/ERV1	4318	-	282	38071791	52320
chr8	38019471	38219471	harbor1	chr8	38076586	38076798	LTR/ERV1	969	-	106	38076692	57221
chr8	38019471	38219471	harbor1	chr8	38079241	38079357	LTR/ERV1	2189	-	58	38079299	59828
chr8	38019471	38219471	harbor1	chr8	38079973	38080290	LTR/ERV1	2189	-	158	38080131	60660
chr8	38019471	38219471	harbor1	chr8	38081818	38082338	LTR/ERV1	4207	-	260	38082078	62607
chr8	38019471	38219471	harbor1	chr8	38082342	38087554	LTR/ERV1	43586	-	2606	38084948	65477
chr8	38019471	38219471	harbor1	chr8	38087765	38090706	LTR/ERV1	24515	-	1470	38089235	69764
chr8	38019471	38219471	harbor1	chr8	38091009	38091567	LTR/ERV1	24515	-	279	38091288	71817
chr8	38019471	38219471	harbor1	chr8	38091568	38092093	LTR/ERV1	4187	-	262	38091830	72359
chr8	38019471	38219471	harbor1	chr8	38076246	38076581	LTR/ERV1	1276	-	168	38076414	56943
chr8	38019471	38219471	harbor1	chr8	38092415	38093002	LTR/ERV1	3374	-	294	38092709	73238
chr8	142524135	142724135	harbor1	chr8	142552343	142553181	LTR/ERV1	4181	-	419	142552762	28627
chr8	142524135	142724135	harbor1	chr8	142554380	142554849	LTR/ERV1	2729	-	234	142554614	30479
chr8	23392919	23592919	harbor1	chr8	23464730	23465180	LTR/ERV1	3146	-	225	23464955	72036
chr8	23398382	23598382	harbor1	chr8	23464730	23465180	LTR/ERV1	3146	-	225	23464955	66573
chr8	10625860	10825860	harbor1	chr8	10694333	10694758	LTR/ERV1	3045	-	212	10694545	68685
chr8	23428533	23628533	harbor1	chr8	23464730	23465180	LTR/ERV1	3146	-	225	23464955	36422
chr8	23393307	23593307	harbor1	chr8	23464730	23465180	LTR/ERV1	3146	-	225	23464955	71648
chr8	29995437	30195437	harbor1	chr8	29997424	29997559	LTR/ERV1	2306	-	68	29997492	2055
chr8	29995437	30195437	harbor1	chr8	29997843	29998155	LTR/ERV1	2306	-	156	29997999	2562
chr8	29995437	30195437	harbor1	chr8	29998326	29998388	LTR/ERV1	509	-	31	29998357	2920
chr8	29995437	30195437	harbor1	chr8	30034288	30034889	LTR/ERV1	2900	-	300	30034588	39151
chr8	29995437	30195437	harbor1	chr8	30092154	30092560	LTR/ERV1	1555	-	203	30092357	96920
chr8	29995437	30195437	harbor1	chr8	30093046	30093163	LTR/ERV1	813	-	58	30093104	97667
chr8	29995437	30195437	harbor1	chr8	30093164	30093523	LTR/ERV1	2084	-	180	30093344	97907
chr8	29995437	30195437	harbor1	chr8	30093808	30093855	LTR/ERV1	813	-	24	30093832	98395
chr8	29995437	30195437	harbor1	chr8	30094288	30094807	LTR/ERV1	2721	-	260	30094548	99111
chr8	23428940	23628940	harbor1	chr8	23464730	23465180	LTR/ERV1	3146	-	225	23464955	36015
chr8	124796482	124996482	harbor1	chr8	124859202	124859631	LTR/ERV1	2160	-	214	124859416	62934
chr8	124796482	124996482	harbor1	chr8	124884961	124885305	LTR/ERV1	1228	-	172	124885133	88651
chr8	124796482	124996482	harbor1	chr8	124894712	124894826	LTR/ERV1	766	-	57	124894769	98287
chr8	23428850	23628850	harbor1	chr8	23464730	23465180	LTR/ERV1	3146	-	225	23464955	36105
chr8	42040276	42240276	harbor1	chr8	42122550	42123100	LTR/ERV1	4451	-	275	42122825	82549
chr8	42040276	42240276	harbor1	chr8	42123136	42123595	LTR/ERV1	3889	-	230	42123366	83090
chr8	23428530	23628530	harbor1	chr8	23464730	23465180	LTR/ERV1	3146	-	225	23464955	36425
chr8	23429026	23629026	harbor1	chr8	23464730	23465180	LTR/ERV1	3146	-	225	23464955	35929
chr8	98847692	99047692	harbor1	chr8	98905746	98906132	LTR/ERV1	2685	-	193	98905939	58247
chr8	23428510	23628510	harbor1	chr8	23464730	23465180	LTR/ERV1	3146	-	225	23464955	36445
chr8	129839917	130039917	harbor1	chr8	129899583	129900020	LTR/ERV1	2430	-	218	129899801	59884
chr8	129839917	130039917	harbor1	chr8	129925562	129925855	LTR/ERV1	834	-	146	129925708	85791
chr8	142524987	142724987	harbor1	chr8	142552343	142553181	LTR/ERV1	4181	-	419	142552762	27775
chr8	142524987	142724987	harbor1	chr8	142554380	142554849	LTR/ERV1	2729	-	234	142554614	29627
chr8	142674146	142874146	harbor1	chr8	142674410	142674643	LTR/ERV1	634	-	116	142674526	380
chr8	142674146	142874146	harbor1	chr8	142676694	142676841	LTR/ERV1	858	-	74	142676768	2622
chr8	142674146	142874146	harbor1	chr8	142679419	142680003	LTR/ERV1	3080	-	292	142679711	5565
chr8	142674146	142874146	harbor1	chr8	142685011	142685203	LTR/ERV1	970	-	96	142685107	10961
chr8	142674146	142874146	harbor1	chr8	142685506	142685912	LTR/ERV1	852	-	203	142685709	11563
chr8	142674146	142874146	harbor1	chr8	142686488	142686582	LTR/ERV1	493	-	47	142686535	12389
chr8	142674146	142874146	harbor1	chr8	142686582	142687123	LTR/ERV1	3725	-	270	142686852	12706
chr8	142674146	142874146	harbor1	chr8	142687416	142687531	LTR/ERV1	3725	-	58	142687474	13328
chr8	142674146	142874146	harbor1	chr8	142688574	142690795	LTR/ERV1	5494	-	1110	142689684	15538
chr8	142674146	142874146	harbor1	chr8	142690798	142691228	LTR/ERV1	2751	-	215	142691013	16867
chr8	142674146	142874146	harbor1	chr8	142691269	142691670	LTR/ERV1	555	-	200	142691469	17323
chr8	142674146	142874146	harbor1	chr8	142691677	142692677	LTR/ERV1	2321	-	500	142692177	18031
chr8	142674146	142874146	harbor1	chr8	142692730	142692987	LTR/ERV1	1419	-	128	142692858	18712
chr8	142674146	142874146	harbor1	chr8	142693519	142693659	LTR/ERV1	828	-	70	142693589	19443
chr8	142674146	142874146	harbor1	chr8	142694364	142694873	LTR/ERV1	3149	-	254	142694618	20472
chr8	142674146	142874146	harbor1	chr8	142697183	142697438	LTR/ERV1	885	-	128	142697311	23165
chr8	142674146	142874146	harbor1	chr8	142699824	142700158	LTR/ERV1	692	-	167	142699991	25845
chr8	142674146	142874146	harbor1	chr8	142728645	142728932	LTR/ERV1	1818	-	144	142728789	54643
chr8	142674146	142874146	harbor1	chr8	142729138	142729234	LTR/ERV1	748	-	48	142729186	55040
chr8	142674146	142874146	harbor1	chr8	142729235	142729403	LTR/ERV1	1271	-	84	142729319	55173
chr8	142674146	142874146	harbor1	chr8	142729404	142730444	LTR/ERV1	2010	-	520	142729924	55778
chr8	142674146	142874146	harbor1	chr8	142730633	142730744	LTR/ERV1	3299	-	56	142730689	56543
chr8	142674146	142874146	harbor1	chr8	142731045	142731563	LTR/ERV1	3299	-	259	142731304	57158
chr8	142674146	142874146	harbor1	chr8	142731965	142732161	LTR/ERV1	1548	-	98	142732063	57917
chr8	142674146	142874146	harbor1	chr8	142732208	142732864	LTR/ERV1	1548	-	328	142732536	58390
chr8	142674146	142874146	harbor1	chr8	142732889	142733469	LTR/ERV1	4142	-	290	142733179	59033
chr8	142674146	142874146	harbor1	chr8	142733473	142733586	LTR/ERV1	746	-	56	142733529	59383
chr8	142674146	142874146	harbor1	chr8	142733686	142734225	LTR/ERV1	3011	-	270	142733956	59810
chr8	142674146	142874146	harbor1	chr8	142687531	142688344	LTR/ERV1	3505	-	406	142687937	13791
chr8	142524957	142724957	harbor1	chr8	142552343	142553181	LTR/ERV1	4181	-	419	142552762	27805
chr8	142524957	142724957	harbor1	chr8	142554380	142554849	LTR/ERV1	2729	-	234	142554614	29657
chr8	81559422	81759422	harbor1	chr8	81569811	81571347	LTR/ERV1	6824	-	768	81570579	11157
chr8	81559422	81759422	harbor1	chr8	81571358	81571523	LTR/ERV1	449	-	82	81571440	12018
chr8	81559422	81759422	harbor1	chr8	81599095	81599749	LTR/ERV1	4121	-	327	81599422	40000
chr8	81559422	81759422	harbor1	chr8	81629962	81630202	LTR/ERV1	1300	-	120	81630082	70660
chr8	142482825	142682825	harbor1	chr8	142552343	142553181	LTR/ERV1	4181	-	419	142552762	69937
chr8	142482825	142682825	harbor1	chr8	142554380	142554849	LTR/ERV1	2729	-	234	142554614	71789
chr8	23380964	23580964	harbor1	chr8	23464730	23465180	LTR/ERV1	3146	-	225	23464955	83991
chr8	57161177	57361177	harbor1	chr8	57165462	57165932	LTR/ERV1	3328	-	235	57165697	4520
chr8	57161177	57361177	harbor1	chr8	57202513	57203371	LTR/ERV1	2269	-	429	57202942	41765
chr8	57161177	57361177	harbor1	chr8	57203372	57203980	LTR/ERV1	1508	-	304	57203676	42499
chr8	57161177	57361177	harbor1	chr8	57204546	57205230	LTR/ERV1	1344	-	342	57204888	43711
chr8	57161177	57361177	harbor1	chr8	57205915	57206586	LTR/ERV1	1574	-	336	57206251	45074
chr8	57161177	57361177	harbor1	chr8	57207198	57207942	LTR/ERV1	2095	-	372	57207570	46393
chr8	57161177	57361177	harbor1	chr8	57209256	57210098	LTR/ERV1	2155	-	421	57209677	48500
chr8	57161177	57361177	harbor1	chr8	57210109	57210427	LTR/ERV1	1080	-	159	57210268	49091
chr8	57161177	57361177	harbor1	chr8	57210498	57210965	LTR/ERV1	828	-	234	57210732	49555
chr8	57161177	57361177	harbor1	chr8	57211577	57212321	LTR/ERV1	2092	-	372	57211949	50772
chr8	57161177	57361177	harbor1	chr8	57213635	57214467	LTR/ERV1	2076	-	416	57214051	52874
chr8	57161177	57361177	harbor1	chr8	57214477	57215085	LTR/ERV1	1485	-	304	57214781	53604
chr8	57161177	57361177	harbor1	chr8	57215680	57216365	LTR/ERV1	1552	-	342	57216022	54845
chr8	57161177	57361177	harbor1	chr8	57216996	57217711	LTR/ERV1	2049	-	358	57217354	56177
chr8	57161177	57361177	harbor1	chr8	57219004	57219613	LTR/ERV1	2192	-	304	57219308	58131
chr8	57161177	57361177	harbor1	chr8	57219614	57220044	LTR/ERV1	1073	-	215	57219829	58652
chr8	57161177	57361177	harbor1	chr8	57220866	57221359	LTR/ERV1	1276	-	246	57221112	59935
chr8	57161177	57361177	harbor1	chr8	57221603	57221840	LTR/ERV1	852	-	118	57221721	60544
chr8	57161177	57361177	harbor1	chr8	57221846	57222203	LTR/ERV1	1070	-	178	57222024	60847
chr8	57161177	57361177	harbor1	chr8	57222400	57223076	LTR/ERV1	2944	-	338	57222738	61561
chr8	57161177	57361177	harbor1	chr8	57223075	57223628	LTR/ERV1	2693	-	276	57223351	62174
chr8	57161177	57361177	harbor1	chr8	57223672	57224303	LTR/ERV1	2627	-	316	57223988	62811
chr8	57161177	57361177	harbor1	chr8	57224304	57224779	LTR/ERV1	2134	-	238	57224542	63365
chr8	57161177	57361177	harbor1	chr8	57224813	57225488	LTR/ERV1	2923	-	338	57225151	63974
chr8	53743525	53943525	harbor1	chr8	53774966	53776464	LTR/ERV1	10562	-	749	53775715	32190
chr8	90970523	91170523	harbor1	chr8	91015557	91016146	LTR/ERV1	4831	-	294	91015851	45328
chr8	90970523	91170523	harbor1	chr8	91059878	91060332	LTR/ERV1	2918	-	227	91060105	89582
chr8	85145876	85345876	harbor1	chr8	85221198	85221763	LTR/ERV1	3854	-	282	85221480	75604
chr8	85145876	85345876	harbor1	chr8	85241957	85242350	LTR/ERV1	2577	-	196	85242153	96277
chr8	85145876	85345876	harbor1	chr8	85242412	85242539	LTR/ERV1	2586	-	64	85242476	96600
chr8	85145876	85345876	harbor1	chr8	85242841	85243103	LTR/ERV1	2586	-	131	85242972	97096
chr8	85144970	85344970	harbor1	chr8	85221198	85221763	LTR/ERV1	3854	-	282	85221480	76510
chr8	85144970	85344970	harbor1	chr8	85241957	85242350	LTR/ERV1	2577	-	196	85242153	97183
chr8	85144970	85344970	harbor1	chr8	85242412	85242539	LTR/ERV1	2586	-	64	85242476	97506
chr8	85144970	85344970	harbor1	chr8	85242841	85243103	LTR/ERV1	2586	-	131	85242972	98002
chr8	599952	799952	harbor1	chr8	643997	644339	LTR/ERV1	567	-	171	644168	44216
chr8	599952	799952	harbor1	chr8	657153	657554	LTR/ERV1	2175	-	200	657353	57401
chr8	599952	799952	harbor1	chr8	657562	657945	LTR/ERV1	2590	-	192	657754	57802
chr8	142523652	142723652	harbor1	chr8	142552343	142553181	LTR/ERV1	4181	-	419	142552762	29110
chr8	142523652	142723652	harbor1	chr8	142554380	142554849	LTR/ERV1	2729	-	234	142554614	30962
chr8	42040690	42240690	harbor1	chr8	42122550	42123100	LTR/ERV1	4451	-	275	42122825	82135
chr8	42040690	42240690	harbor1	chr8	42123136	42123595	LTR/ERV1	3889	-	230	42123366	82676
chr8	141296156	141496156	harbor1	chr8	141340244	141340799	LTR/ERV1	2612	-	278	141340522	44366
chr8	23428435	23628435	harbor1	chr8	23464730	23465180	LTR/ERV1	3146	-	225	23464955	36520
chr8	78034557	78234557	harbor1	chr8	78059469	78059739	LTR/ERV1	655	-	135	78059604	25047
chr8	78034557	78234557	harbor1	chr8	78071575	78072199	LTR/ERV1	3617	-	312	78071887	37330
chr8	38168585	38368585	harbor1	chr8	38202985	38203281	LTR/ERV1	618	-	148	38203133	34548
chr8	38168585	38368585	harbor1	chr8	38203581	38203620	LTR/ERV1	442	-	20	38203601	35016
chr8	38168585	38368585	harbor1	chr8	38203854	38203970	LTR/ERV1	454	-	58	38203912	35327
chr8	23429035	23629035	harbor1	chr8	23464730	23465180	LTR/ERV1	3146	-	225	23464955	35920
chr8	23388472	23588472	harbor1	chr8	23464730	23465180	LTR/ERV1	3146	-	225	23464955	76483
chr8	17984183	18184183	harbor1	chr8	18007978	18008109	LTR/ERV1	753	-	66	18008044	23861
chr8	17984183	18184183	harbor1	chr8	18008575	18008960	LTR/ERV1	2062	-	192	18008767	24584
chr8	129839623	130039623	harbor1	chr8	129899583	129900020	LTR/ERV1	2430	-	218	129899801	60178
chr8	129839623	130039623	harbor1	chr8	129925562	129925855	LTR/ERV1	834	-	146	129925708	86085
chr8	38169173	38369173	harbor1	chr8	38202985	38203281	LTR/ERV1	618	-	148	38203133	33960
chr8	38169173	38369173	harbor1	chr8	38203581	38203620	LTR/ERV1	442	-	20	38203601	34428
chr8	38169173	38369173	harbor1	chr8	38203854	38203970	LTR/ERV1	454	-	58	38203912	34739
chr8	38167320	38367320	harbor1	chr8	38202985	38203281	LTR/ERV1	618	-	148	38203133	35813
chr8	38167320	38367320	harbor1	chr8	38203581	38203620	LTR/ERV1	442	-	20	38203601	36281
chr8	38167320	38367320	harbor1	chr8	38203854	38203970	LTR/ERV1	454	-	58	38203912	36592
chr8	100618244	100818244	harbor1	chr8	100646079	100646652	LTR/ERV1	3118	-	286	100646365	28121
chr8	54002046	54202046	harbor1	chr8	54087754	54088344	LTR/ERV1	4827	-	295	54088049	86003
chr8	29891739	30091739	harbor1	chr8	29903024	29903554	LTR/ERV1	3104	-	265	29903289	11550
chr8	29983337	30183337	harbor1	chr8	29997424	29997559	LTR/ERV1	2306	-	68	29997492	14155
chr8	29983337	30183337	harbor1	chr8	29997843	29998155	LTR/ERV1	2306	-	156	29997999	14662
chr8	29983337	30183337	harbor1	chr8	29998326	29998388	LTR/ERV1	509	-	31	29998357	15020
chr8	29983337	30183337	harbor1	chr8	30034288	30034889	LTR/ERV1	2900	-	300	30034588	51251
chr8	23393297	23593297	harbor1	chr8	23464730	23465180	LTR/ERV1	3146	-	225	23464955	71658
chr8	65059279	65259279	harbor1	chr8	65082613	65083156	LTR/ERV1	430	-	272	65082885	23606
chr8	65059279	65259279	harbor1	chr8	65085296	65085409	LTR/ERV1	517	-	56	65085352	26073
chr8	65059279	65259279	harbor1	chr8	65085400	65085636	LTR/ERV1	1127	-	118	65085518	26239
chr8	65059279	65259279	harbor1	chr8	65085635	65085746	LTR/ERV1	632	-	56	65085691	26412
chr8	65059279	65259279	harbor1	chr8	65111976	65112207	LTR/ERV1	831	-	116	65112092	52813
chr8	65059279	65259279	harbor1	chr8	65120205	65120644	LTR/ERV1	2536	-	220	65120425	61146
chr8	65059279	65259279	harbor1	chr8	65126667	65126742	LTR/ERV1	479	-	38	65126705	67426
chr8	65059279	65259279	harbor1	chr8	65126743	65129545	LTR/ERV1	31245	-	1401	65128144	68865
chr8	65059279	65259279	harbor1	chr8	65129845	65131334	LTR/ERV1	31245	-	744	65130589	71310
chr8	65059279	65259279	harbor1	chr8	65131323	65131739	LTR/ERV1	3076	-	208	65131531	72252
chr8	65059279	65259279	harbor1	chr8	65131718	65133016	LTR/ERV1	5626	-	649	65132367	73088
chr8	65059279	65259279	harbor1	chr8	65133017	65133492	LTR/ERV1	3475	-	238	65133255	73976
chr8	38169375	38369375	harbor1	chr8	38202985	38203281	LTR/ERV1	618	-	148	38203133	33758
chr8	38169375	38369375	harbor1	chr8	38203581	38203620	LTR/ERV1	442	-	20	38203601	34226
chr8	38169375	38369375	harbor1	chr8	38203854	38203970	LTR/ERV1	454	-	58	38203912	34537
chr8	142524862	142724862	harbor1	chr8	142552343	142553181	LTR/ERV1	4181	-	419	142552762	27900
chr8	142524862	142724862	harbor1	chr8	142554380	142554849	LTR/ERV1	2729	-	234	142554614	29752
chr8	17057584	17257584	harbor1	chr8	17082931	17083633	LTR/ERV1	4014	-	351	17083282	25698
chr8	144366341	144566341	harbor1	chr8	144368742	144369160	LTR/ERV1	3136	-	209	144368951	2610
chr8	144366341	144566341	harbor1	chr8	144369497	144369696	LTR/ERV1	3136	-	100	144369597	3256
chr8	23382752	23582752	harbor1	chr8	23464730	23465180	LTR/ERV1	3146	-	225	23464955	82203
chr8	23398575	23598575	harbor1	chr8	23464730	23465180	LTR/ERV1	3146	-	225	23464955	66380
chr8	23382836	23582836	harbor1	chr8	23464730	23465180	LTR/ERV1	3146	-	225	23464955	82119
chr8	35278099	35478099	harbor1	chr8	35301368	35301771	LTR/ERV1	1738	-	202	35301570	23471
chr8	35278099	35478099	harbor1	chr8	35319982	35320877	LTR/ERV1	5633	-	448	35320430	42331
chr8	35278099	35478099	harbor1	chr8	35339676	35340147	LTR/ERV1	2832	-	236	35339912	61813
chr8	142524984	142724984	harbor1	chr8	142552343	142553181	LTR/ERV1	4181	-	419	142552762	27778
chr8	142524984	142724984	harbor1	chr8	142554380	142554849	LTR/ERV1	2729	-	234	142554614	29630
chr8	38167968	38367968	harbor1	chr8	38202985	38203281	LTR/ERV1	618	-	148	38203133	35165
chr8	38167968	38367968	harbor1	chr8	38203581	38203620	LTR/ERV1	442	-	20	38203601	35633
chr8	38167968	38367968	harbor1	chr8	38203854	38203970	LTR/ERV1	454	-	58	38203912	35944
chr8	29983014	30183014	harbor1	chr8	29997424	29997559	LTR/ERV1	2306	-	68	29997492	14478
chr8	29983014	30183014	harbor1	chr8	29997843	29998155	LTR/ERV1	2306	-	156	29997999	14985
chr8	29983014	30183014	harbor1	chr8	29998326	29998388	LTR/ERV1	509	-	31	29998357	15343
chr8	29983014	30183014	harbor1	chr8	30034288	30034889	LTR/ERV1	2900	-	300	30034588	51574
chr8	23146666	23346666	harbor1	chr8	23172933	23174352	LTR/ERV1	9936	-	710	23173643	26977
chr8	23146666	23346666	harbor1	chr8	23179177	23179501	LTR/ERV1	981	-	162	23179339	32673
chr8	23146666	23346666	harbor1	chr8	23179806	23179913	LTR/ERV1	981	-	54	23179860	33194
chr8	23146666	23346666	harbor1	chr8	23179924	23180089	LTR/ERV1	1543	-	82	23180006	33340
chr8	23146666	23346666	harbor1	chr8	23180387	23180791	LTR/ERV1	1543	-	202	23180589	33923
chr8	23146666	23346666	harbor1	chr8	23180794	23181266	LTR/ERV1	2156	-	236	23181030	34364
chr8	23146666	23346666	harbor1	chr8	23181267	23181346	LTR/ERV1	538	-	40	23181307	34641
chr8	23146666	23346666	harbor1	chr8	23181349	23181974	LTR/ERV1	13541	-	312	23181661	34995
chr8	23146666	23346666	harbor1	chr8	23182282	23182613	LTR/ERV1	13541	-	166	23182448	35782
chr8	23146666	23346666	harbor1	chr8	23182922	23183214	LTR/ERV1	13541	-	146	23183068	36402
chr8	23146666	23346666	harbor1	chr8	23183517	23184059	LTR/ERV1	13541	-	271	23183788	37122
chr8	23146666	23346666	harbor1	chr8	23184365	23184915	LTR/ERV1	13541	-	275	23184640	37974
chr8	23146666	23346666	harbor1	chr8	23184903	23185095	LTR/ERV1	609	-	96	23184999	38333
chr8	23146666	23346666	harbor1	chr8	23185241	23185537	LTR/ERV1	1864	-	148	23185389	38723
chr8	23146666	23346666	harbor1	chr8	23187660	23188055	LTR/ERV1	705	-	198	23187858	41192
chr8	23146666	23346666	harbor1	chr8	23189830	23189933	LTR/ERV1	460	-	52	23189882	43216
chr8	23146666	23346666	harbor1	chr8	23190227	23190507	LTR/ERV1	460	-	140	23190367	43701
chr8	23146666	23346666	harbor1	chr8	23243202	23243322	LTR/ERV1	517	-	60	23243262	96596
chr8	8665131	8865131	harbor1	chr8	8700838	8700969	LTR/ERV1	618	-	66	8700904	35773
chr8	8665131	8865131	harbor1	chr8	8701158	8701342	LTR/ERV1	425	-	92	8701250	36119
chr8	8665131	8865131	harbor1	chr8	8747608	8748031	LTR/ERV1	999	-	212	8747820	82689
chr8	102556522	102756522	harbor1	chr8	102584195	102584708	LTR/ERV1	3233	-	256	102584451	27929
chr8	142524964	142724964	harbor1	chr8	142552343	142553181	LTR/ERV1	4181	-	419	142552762	27798
chr8	142524964	142724964	harbor1	chr8	142554380	142554849	LTR/ERV1	2729	-	234	142554614	29650
chr8	142524925	142724925	harbor1	chr8	142552343	142553181	LTR/ERV1	4181	-	419	142552762	27837
chr8	142524925	142724925	harbor1	chr8	142554380	142554849	LTR/ERV1	2729	-	234	142554614	29689
chr8	144006082	144206082	harbor1	chr8	144088401	144089001	LTR/ERV1	4192	-	300	144088701	82619
chr8	42040636	42240636	harbor1	chr8	42122550	42123100	LTR/ERV1	4451	-	275	42122825	82189
chr8	42040636	42240636	harbor1	chr8	42123136	42123595	LTR/ERV1	3889	-	230	42123366	82730
chr8	23428962	23628962	harbor1	chr8	23464730	23465180	LTR/ERV1	3146	-	225	23464955	35993
chr8	41443390	41643390	harbor1	chr8	41499109	41499919	LTR/ERV1	5630	-	405	41499514	56124
chr8	100621232	100821232	harbor1	chr8	100646079	100646652	LTR/ERV1	3118	-	286	100646365	25133
chr8	38169193	38369193	harbor1	chr8	38202985	38203281	LTR/ERV1	618	-	148	38203133	33940
chr8	38169193	38369193	harbor1	chr8	38203581	38203620	LTR/ERV1	442	-	20	38203601	34408
chr8	38169193	38369193	harbor1	chr8	38203854	38203970	LTR/ERV1	454	-	58	38203912	34719
chr8	32680112	32880112	harbor1	chr8	32776933	32777351	LTR/ERV1	1972	-	209	32777142	97030
chr8	32680112	32880112	harbor1	chr8	32777424	32778380	LTR/ERV1	6869	-	478	32777902	97790
chr8	29983347	30183347	harbor1	chr8	29997424	29997559	LTR/ERV1	2306	-	68	29997492	14145
chr8	29983347	30183347	harbor1	chr8	29997843	29998155	LTR/ERV1	2306	-	156	29997999	14652
chr8	29983347	30183347	harbor1	chr8	29998326	29998388	LTR/ERV1	509	-	31	29998357	15010
chr8	29983347	30183347	harbor1	chr8	30034288	30034889	LTR/ERV1	2900	-	300	30034588	51241
chr8	72661683	72861683	harbor1	chr8	72747524	72747649	LTR/ERV1	900	-	62	72747586	85903
chr8	23428892	23628892	harbor1	chr8	23464730	23465180	LTR/ERV1	3146	-	225	23464955	36063
chr8	23384163	23584163	harbor1	chr8	23464730	23465180	LTR/ERV1	3146	-	225	23464955	80792
chr8	144689776	144889776	harbor1	chr8	144691402	144692003	LTR/ERV1	4623	-	300	144691702	1926
chr8	144689776	144889776	harbor1	chr8	144695516	144696072	LTR/ERV1	4591	-	278	144695794	6018
chr8	144689776	144889776	harbor1	chr8	144701657	144702303	LTR/ERV1	2361	-	323	144701980	12204
chr8	144689776	144889776	harbor1	chr8	144712077	144712526	LTR/ERV1	2882	-	224	144712301	22525
chr8	144689776	144889776	harbor1	chr8	144761223	144761452	LTR/ERV1	1485	-	114	144761337	71561
chr8	144689776	144889776	harbor1	chr8	144761821	144761843	LTR/ERV1	1485	-	11	144761832	72056
chr8	144689776	144889776	harbor1	chr8	144762132	144762428	LTR/ERV1	1485	-	148	144762280	72504
chr9	4663254	4863254	harbor1	chr9	4752442	4752692	LTR/ERV1	1126	-	125	4752567	89313
chr9	4663254	4863254	harbor1	chr9	4755575	4755863	LTR/ERV1	1640	-	144	4755719	92465
chr9	4663254	4863254	harbor1	chr9	4756168	4756240	LTR/ERV1	1640	-	36	4756204	92950
chr9	4663254	4863254	harbor1	chr9	4756261	4756546	LTR/ERV1	1781	-	142	4756403	93149
chr9	4663254	4863254	harbor1	chr9	4756775	4757260	LTR/ERV1	1930	-	242	4757017	93763
chr9	136629220	136829220	harbor1	chr9	136634811	136635203	LTR/ERV1	1658	-	196	136635007	5787
chr9	136629220	136829220	harbor1	chr9	136635501	136635551	LTR/ERV1	1658	-	25	136635526	6306
chr9	136629220	136829220	harbor1	chr9	136700982	136701141	LTR/ERV1	857	-	80	136701062	71842
chr9	4692931	4892931	harbor1	chr9	4752442	4752692	LTR/ERV1	1126	-	125	4752567	59636
chr9	4692931	4892931	harbor1	chr9	4755575	4755863	LTR/ERV1	1640	-	144	4755719	62788
chr9	4692931	4892931	harbor1	chr9	4756168	4756240	LTR/ERV1	1640	-	36	4756204	63273
chr9	4692931	4892931	harbor1	chr9	4756261	4756546	LTR/ERV1	1781	-	142	4756403	63472
chr9	4692931	4892931	harbor1	chr9	4756775	4757260	LTR/ERV1	1930	-	242	4757017	64086
chr9	4692160	4892160	harbor1	chr9	4752442	4752692	LTR/ERV1	1126	-	125	4752567	60407
chr9	4692160	4892160	harbor1	chr9	4755575	4755863	LTR/ERV1	1640	-	144	4755719	63559
chr9	4692160	4892160	harbor1	chr9	4756168	4756240	LTR/ERV1	1640	-	36	4756204	64044
chr9	4692160	4892160	harbor1	chr9	4756261	4756546	LTR/ERV1	1781	-	142	4756403	64243
chr9	4692160	4892160	harbor1	chr9	4756775	4757260	LTR/ERV1	1930	-	242	4757017	64857
chr9	4692665	4892665	harbor1	chr9	4752442	4752692	LTR/ERV1	1126	-	125	4752567	59902
chr9	4692665	4892665	harbor1	chr9	4755575	4755863	LTR/ERV1	1640	-	144	4755719	63054
chr9	4692665	4892665	harbor1	chr9	4756168	4756240	LTR/ERV1	1640	-	36	4756204	63539
chr9	4692665	4892665	harbor1	chr9	4756261	4756546	LTR/ERV1	1781	-	142	4756403	63738
chr9	4692665	4892665	harbor1	chr9	4756775	4757260	LTR/ERV1	1930	-	242	4757017	64352
chr9	4692207	4892207	harbor1	chr9	4752442	4752692	LTR/ERV1	1126	-	125	4752567	60360
chr9	4692207	4892207	harbor1	chr9	4755575	4755863	LTR/ERV1	1640	-	144	4755719	63512
chr9	4692207	4892207	harbor1	chr9	4756168	4756240	LTR/ERV1	1640	-	36	4756204	63997
chr9	4692207	4892207	harbor1	chr9	4756261	4756546	LTR/ERV1	1781	-	142	4756403	64196
chr9	4692207	4892207	harbor1	chr9	4756775	4757260	LTR/ERV1	1930	-	242	4757017	64810
chr9	4692981	4892981	harbor1	chr9	4752442	4752692	LTR/ERV1	1126	-	125	4752567	59586
chr9	4692981	4892981	harbor1	chr9	4755575	4755863	LTR/ERV1	1640	-	144	4755719	62738
chr9	4692981	4892981	harbor1	chr9	4756168	4756240	LTR/ERV1	1640	-	36	4756204	63223
chr9	4692981	4892981	harbor1	chr9	4756261	4756546	LTR/ERV1	1781	-	142	4756403	63422
chr9	4692981	4892981	harbor1	chr9	4756775	4757260	LTR/ERV1	1930	-	242	4757017	64036
chr9	4692827	4892827	harbor1	chr9	4752442	4752692	LTR/ERV1	1126	-	125	4752567	59740
chr9	4692827	4892827	harbor1	chr9	4755575	4755863	LTR/ERV1	1640	-	144	4755719	62892
chr9	4692827	4892827	harbor1	chr9	4756168	4756240	LTR/ERV1	1640	-	36	4756204	63377
chr9	4692827	4892827	harbor1	chr9	4756261	4756546	LTR/ERV1	1781	-	142	4756403	63576
chr9	4692827	4892827	harbor1	chr9	4756775	4757260	LTR/ERV1	1930	-	242	4757017	64190
chr9	4693009	4893009	harbor1	chr9	4752442	4752692	LTR/ERV1	1126	-	125	4752567	59558
chr9	4693009	4893009	harbor1	chr9	4755575	4755863	LTR/ERV1	1640	-	144	4755719	62710
chr9	4693009	4893009	harbor1	chr9	4756168	4756240	LTR/ERV1	1640	-	36	4756204	63195
chr9	4693009	4893009	harbor1	chr9	4756261	4756546	LTR/ERV1	1781	-	142	4756403	63394
chr9	4693009	4893009	harbor1	chr9	4756775	4757260	LTR/ERV1	1930	-	242	4757017	64008
chr9	4663492	4863492	harbor1	chr9	4752442	4752692	LTR/ERV1	1126	-	125	4752567	89075
chr9	4663492	4863492	harbor1	chr9	4755575	4755863	LTR/ERV1	1640	-	144	4755719	92227
chr9	4663492	4863492	harbor1	chr9	4756168	4756240	LTR/ERV1	1640	-	36	4756204	92712
chr9	4663492	4863492	harbor1	chr9	4756261	4756546	LTR/ERV1	1781	-	142	4756403	92911
chr9	4663492	4863492	harbor1	chr9	4756775	4757260	LTR/ERV1	1930	-	242	4757017	93525
chr9	4692473	4892473	harbor1	chr9	4752442	4752692	LTR/ERV1	1126	-	125	4752567	60094
chr9	4692473	4892473	harbor1	chr9	4755575	4755863	LTR/ERV1	1640	-	144	4755719	63246
chr9	4692473	4892473	harbor1	chr9	4756168	4756240	LTR/ERV1	1640	-	36	4756204	63731
chr9	4692473	4892473	harbor1	chr9	4756261	4756546	LTR/ERV1	1781	-	142	4756403	63930
chr9	4692473	4892473	harbor1	chr9	4756775	4757260	LTR/ERV1	1930	-	242	4757017	64544
chr9	4663979	4863979	harbor1	chr9	4752442	4752692	LTR/ERV1	1126	-	125	4752567	88588
chr9	4663979	4863979	harbor1	chr9	4755575	4755863	LTR/ERV1	1640	-	144	4755719	91740
chr9	4663979	4863979	harbor1	chr9	4756168	4756240	LTR/ERV1	1640	-	36	4756204	92225
chr9	4663979	4863979	harbor1	chr9	4756261	4756546	LTR/ERV1	1781	-	142	4756403	92424
chr9	4663979	4863979	harbor1	chr9	4756775	4757260	LTR/ERV1	1930	-	242	4757017	93038
chr9	132805611	133005611	harbor1	chr9	132860363	132860901	LTR/ERV1	2185	-	269	132860632	55021
chr9	100252658	100452658	harbor1	chr9	100266208	100266754	LTR/ERV1	3970	-	273	100266481	13823
chr9	100252658	100452658	harbor1	chr9	100268012	100268544	LTR/ERV1	3775	-	266	100268278	15620
chr9	4692614	4892614	harbor1	chr9	4752442	4752692	LTR/ERV1	1126	-	125	4752567	59953
chr9	4692614	4892614	harbor1	chr9	4755575	4755863	LTR/ERV1	1640	-	144	4755719	63105
chr9	4692614	4892614	harbor1	chr9	4756168	4756240	LTR/ERV1	1640	-	36	4756204	63590
chr9	4692614	4892614	harbor1	chr9	4756261	4756546	LTR/ERV1	1781	-	142	4756403	63789
chr9	4692614	4892614	harbor1	chr9	4756775	4757260	LTR/ERV1	1930	-	242	4757017	64403
chr9	4692270	4892270	harbor1	chr9	4752442	4752692	LTR/ERV1	1126	-	125	4752567	60297
chr9	4692270	4892270	harbor1	chr9	4755575	4755863	LTR/ERV1	1640	-	144	4755719	63449
chr9	4692270	4892270	harbor1	chr9	4756168	4756240	LTR/ERV1	1640	-	36	4756204	63934
chr9	4692270	4892270	harbor1	chr9	4756261	4756546	LTR/ERV1	1781	-	142	4756403	64133
chr9	4692270	4892270	harbor1	chr9	4756775	4757260	LTR/ERV1	1930	-	242	4757017	64747
chr9	4669979	4869979	harbor1	chr9	4752442	4752692	LTR/ERV1	1126	-	125	4752567	82588
chr9	4669979	4869979	harbor1	chr9	4755575	4755863	LTR/ERV1	1640	-	144	4755719	85740
chr9	4669979	4869979	harbor1	chr9	4756168	4756240	LTR/ERV1	1640	-	36	4756204	86225
chr9	4669979	4869979	harbor1	chr9	4756261	4756546	LTR/ERV1	1781	-	142	4756403	86424
chr9	4669979	4869979	harbor1	chr9	4756775	4757260	LTR/ERV1	1930	-	242	4757017	87038
chr9	34027018	34227018	harbor1	chr9	34059249	34059706	LTR/ERV1	2342	-	228	34059477	32459
chr9	4692437	4892437	harbor1	chr9	4752442	4752692	LTR/ERV1	1126	-	125	4752567	60130
chr9	4692437	4892437	harbor1	chr9	4755575	4755863	LTR/ERV1	1640	-	144	4755719	63282
chr9	4692437	4892437	harbor1	chr9	4756168	4756240	LTR/ERV1	1640	-	36	4756204	63767
chr9	4692437	4892437	harbor1	chr9	4756261	4756546	LTR/ERV1	1781	-	142	4756403	63966
chr9	4692437	4892437	harbor1	chr9	4756775	4757260	LTR/ERV1	1930	-	242	4757017	64580
chr9	4693668	4893668	harbor1	chr9	4752442	4752692	LTR/ERV1	1126	-	125	4752567	58899
chr9	4693668	4893668	harbor1	chr9	4755575	4755863	LTR/ERV1	1640	-	144	4755719	62051
chr9	4693668	4893668	harbor1	chr9	4756168	4756240	LTR/ERV1	1640	-	36	4756204	62536
chr9	4693668	4893668	harbor1	chr9	4756261	4756546	LTR/ERV1	1781	-	142	4756403	62735
chr9	4693668	4893668	harbor1	chr9	4756775	4757260	LTR/ERV1	1930	-	242	4757017	63349
chr9	68605581	68805581	harbor1	chr9	68642344	68643024	LTR/ERV1	5350	-	340	68642684	37103
chr9	4669278	4869278	harbor1	chr9	4752442	4752692	LTR/ERV1	1126	-	125	4752567	83289
chr9	4669278	4869278	harbor1	chr9	4755575	4755863	LTR/ERV1	1640	-	144	4755719	86441
chr9	4669278	4869278	harbor1	chr9	4756168	4756240	LTR/ERV1	1640	-	36	4756204	86926
chr9	4669278	4869278	harbor1	chr9	4756261	4756546	LTR/ERV1	1781	-	142	4756403	87125
chr9	4669278	4869278	harbor1	chr9	4756775	4757260	LTR/ERV1	1930	-	242	4757017	87739
chr9	4755861	4955861	harbor1	chr9	4755575	4755863	LTR/ERV1	1640	-	144	4755719	142
chr9	4755861	4955861	harbor1	chr9	4756168	4756240	LTR/ERV1	1640	-	36	4756204	343
chr9	4755861	4955861	harbor1	chr9	4756261	4756546	LTR/ERV1	1781	-	142	4756403	542
chr9	4755861	4955861	harbor1	chr9	4756775	4757260	LTR/ERV1	1930	-	242	4757017	1156
chr9	4703727	4903727	harbor1	chr9	4752442	4752692	LTR/ERV1	1126	-	125	4752567	48840
chr9	4703727	4903727	harbor1	chr9	4755575	4755863	LTR/ERV1	1640	-	144	4755719	51992
chr9	4703727	4903727	harbor1	chr9	4756168	4756240	LTR/ERV1	1640	-	36	4756204	52477
chr9	4703727	4903727	harbor1	chr9	4756261	4756546	LTR/ERV1	1781	-	142	4756403	52676
chr9	4703727	4903727	harbor1	chr9	4756775	4757260	LTR/ERV1	1930	-	242	4757017	53290
chr9	19130921	19330921	harbor1	chr9	19198929	19199073	LTR/ERV1	818	-	72	19199001	68080
chr9	19130921	19330921	harbor1	chr9	19199118	19199346	LTR/ERV1	1437	-	114	19199232	68311
chr9	4567404	4767404	harbor1	chr9	4654276	4655017	LTR/ERV1	4749	-	370	4654646	87242
chr9	4567404	4767404	harbor1	chr9	4657562	4657949	LTR/ERV1	664	-	194	4657756	90352
chr9	4747782	4947782	harbor1	chr9	4752442	4752692	LTR/ERV1	1126	-	125	4752567	4785
chr9	4747782	4947782	harbor1	chr9	4755575	4755863	LTR/ERV1	1640	-	144	4755719	7937
chr9	4747782	4947782	harbor1	chr9	4756168	4756240	LTR/ERV1	1640	-	36	4756204	8422
chr9	4747782	4947782	harbor1	chr9	4756261	4756546	LTR/ERV1	1781	-	142	4756403	8621
chr9	4747782	4947782	harbor1	chr9	4756775	4757260	LTR/ERV1	1930	-	242	4757017	9235
chr9	4692442	4892442	harbor1	chr9	4752442	4752692	LTR/ERV1	1126	-	125	4752567	60125
chr9	4692442	4892442	harbor1	chr9	4755575	4755863	LTR/ERV1	1640	-	144	4755719	63277
chr9	4692442	4892442	harbor1	chr9	4756168	4756240	LTR/ERV1	1640	-	36	4756204	63762
chr9	4692442	4892442	harbor1	chr9	4756261	4756546	LTR/ERV1	1781	-	142	4756403	63961
chr9	4692442	4892442	harbor1	chr9	4756775	4757260	LTR/ERV1	1930	-	242	4757017	64575
chr9	4692263	4892263	harbor1	chr9	4752442	4752692	LTR/ERV1	1126	-	125	4752567	60304
chr9	4692263	4892263	harbor1	chr9	4755575	4755863	LTR/ERV1	1640	-	144	4755719	63456
chr9	4692263	4892263	harbor1	chr9	4756168	4756240	LTR/ERV1	1640	-	36	4756204	63941
chr9	4692263	4892263	harbor1	chr9	4756261	4756546	LTR/ERV1	1781	-	142	4756403	64140
chr9	4692263	4892263	harbor1	chr9	4756775	4757260	LTR/ERV1	1930	-	242	4757017	64754
chr9	4692767	4892767	harbor1	chr9	4752442	4752692	LTR/ERV1	1126	-	125	4752567	59800
chr9	4692767	4892767	harbor1	chr9	4755575	4755863	LTR/ERV1	1640	-	144	4755719	62952
chr9	4692767	4892767	harbor1	chr9	4756168	4756240	LTR/ERV1	1640	-	36	4756204	63437
chr9	4692767	4892767	harbor1	chr9	4756261	4756546	LTR/ERV1	1781	-	142	4756403	63636
chr9	4692767	4892767	harbor1	chr9	4756775	4757260	LTR/ERV1	1930	-	242	4757017	64250
chr9	68603685	68803685	harbor1	chr9	68642344	68643024	LTR/ERV1	5350	-	340	68642684	38999
chr9	4663011	4863011	harbor1	chr9	4752442	4752692	LTR/ERV1	1126	-	125	4752567	89556
chr9	4663011	4863011	harbor1	chr9	4755575	4755863	LTR/ERV1	1640	-	144	4755719	92708
chr9	4663011	4863011	harbor1	chr9	4756168	4756240	LTR/ERV1	1640	-	36	4756204	93193
chr9	4663011	4863011	harbor1	chr9	4756261	4756546	LTR/ERV1	1781	-	142	4756403	93392
chr9	4663011	4863011	harbor1	chr9	4756775	4757260	LTR/ERV1	1930	-	242	4757017	94006
chr9	4704642	4904642	harbor1	chr9	4752442	4752692	LTR/ERV1	1126	-	125	4752567	47925
chr9	4704642	4904642	harbor1	chr9	4755575	4755863	LTR/ERV1	1640	-	144	4755719	51077
chr9	4704642	4904642	harbor1	chr9	4756168	4756240	LTR/ERV1	1640	-	36	4756204	51562
chr9	4704642	4904642	harbor1	chr9	4756261	4756546	LTR/ERV1	1781	-	142	4756403	51761
chr9	4704642	4904642	harbor1	chr9	4756775	4757260	LTR/ERV1	1930	-	242	4757017	52375
chr9	4698312	4898312	harbor1	chr9	4752442	4752692	LTR/ERV1	1126	-	125	4752567	54255
chr9	4698312	4898312	harbor1	chr9	4755575	4755863	LTR/ERV1	1640	-	144	4755719	57407
chr9	4698312	4898312	harbor1	chr9	4756168	4756240	LTR/ERV1	1640	-	36	4756204	57892
chr9	4698312	4898312	harbor1	chr9	4756261	4756546	LTR/ERV1	1781	-	142	4756403	58091
chr9	4698312	4898312	harbor1	chr9	4756775	4757260	LTR/ERV1	1930	-	242	4757017	58705
chr9	133055213	133255213	harbor1	chr9	133075826	133076298	LTR/ERV1	2892	-	236	133076062	20849
chr9	133055213	133255213	harbor1	chr9	133076309	133079550	LTR/ERV1	16025	-	1620	133077929	22716
chr9	133055213	133255213	harbor1	chr9	133079541	133079664	LTR/ERV1	739	-	62	133079603	24390
chr9	133055213	133255213	harbor1	chr9	133079657	133079871	LTR/ERV1	1867	-	107	133079764	24551
chr9	133055213	133255213	harbor1	chr9	133079900	133080083	LTR/ERV1	1867	-	92	133079992	24779
chr9	133055213	133255213	harbor1	chr9	133080404	133080623	LTR/ERV1	940	-	110	133080514	25301
chr9	133063758	133263758	harbor1	chr9	133075826	133076298	LTR/ERV1	2892	-	236	133076062	12304
chr9	133063758	133263758	harbor1	chr9	133076309	133079550	LTR/ERV1	16025	-	1620	133077929	14171
chr9	133063758	133263758	harbor1	chr9	133079541	133079664	LTR/ERV1	739	-	62	133079603	15845
chr9	133063758	133263758	harbor1	chr9	133079657	133079871	LTR/ERV1	1867	-	107	133079764	16006
chr9	133063758	133263758	harbor1	chr9	133079900	133080083	LTR/ERV1	1867	-	92	133079992	16234
chr9	133063758	133263758	harbor1	chr9	133080404	133080623	LTR/ERV1	940	-	110	133080514	16756
chr9	135599708	135799708	harbor1	chr9	135643640	135644396	LTR/ERV1	5336	-	378	135644018	44310
chr9	135599708	135799708	harbor1	chr9	135648519	135649157	LTR/ERV1	3981	-	319	135648838	49130
chr9	135599708	135799708	harbor1	chr9	135651166	135651239	LTR/ERV1	3186	-	36	135651202	51494
chr9	135599708	135799708	harbor1	chr9	135651240	135651688	LTR/ERV1	2835	-	224	135651464	51756
chr9	135599708	135799708	harbor1	chr9	135651689	135652208	LTR/ERV1	3186	-	260	135651949	52241
chr9	135599708	135799708	harbor1	chr9	135654691	135654776	LTR/ERV1	546	-	42	135654733	55025
chr9	135599708	135799708	harbor1	chr9	135680327	135680809	LTR/ERV1	3447	-	241	135680568	80860
chr9	135599708	135799708	harbor1	chr9	135680925	135681103	LTR/ERV1	1019	-	89	135681014	81306
chr9	111796999	111996999	harbor1	chr9	111815580	111816182	LTR/ERV1	4049	-	301	111815881	18882
chr9	111796999	111996999	harbor1	chr9	111817273	111817977	LTR/ERV1	3416	-	352	111817625	20626
chr9	4663450	4863450	harbor1	chr9	4752442	4752692	LTR/ERV1	1126	-	125	4752567	89117
chr9	4663450	4863450	harbor1	chr9	4755575	4755863	LTR/ERV1	1640	-	144	4755719	92269
chr9	4663450	4863450	harbor1	chr9	4756168	4756240	LTR/ERV1	1640	-	36	4756204	92754
chr9	4663450	4863450	harbor1	chr9	4756261	4756546	LTR/ERV1	1781	-	142	4756403	92953
chr9	4663450	4863450	harbor1	chr9	4756775	4757260	LTR/ERV1	1930	-	242	4757017	93567
chr9	126299438	126499438	harbor1	chr9	126316681	126317407	LTR/ERV1	4586	-	363	126317044	17606
chr9	4739858	4939858	harbor1	chr9	4752442	4752692	LTR/ERV1	1126	-	125	4752567	12709
chr9	4739858	4939858	harbor1	chr9	4755575	4755863	LTR/ERV1	1640	-	144	4755719	15861
chr9	4739858	4939858	harbor1	chr9	4756168	4756240	LTR/ERV1	1640	-	36	4756204	16346
chr9	4739858	4939858	harbor1	chr9	4756261	4756546	LTR/ERV1	1781	-	142	4756403	16545
chr9	4739858	4939858	harbor1	chr9	4756775	4757260	LTR/ERV1	1930	-	242	4757017	17159
chr9	4663900	4863900	harbor1	chr9	4752442	4752692	LTR/ERV1	1126	-	125	4752567	88667
chr9	4663900	4863900	harbor1	chr9	4755575	4755863	LTR/ERV1	1640	-	144	4755719	91819
chr9	4663900	4863900	harbor1	chr9	4756168	4756240	LTR/ERV1	1640	-	36	4756204	92304
chr9	4663900	4863900	harbor1	chr9	4756261	4756546	LTR/ERV1	1781	-	142	4756403	92503
chr9	4663900	4863900	harbor1	chr9	4756775	4757260	LTR/ERV1	1930	-	242	4757017	93117
chr9	4692956	4892956	harbor1	chr9	4752442	4752692	LTR/ERV1	1126	-	125	4752567	59611
chr9	4692956	4892956	harbor1	chr9	4755575	4755863	LTR/ERV1	1640	-	144	4755719	62763
chr9	4692956	4892956	harbor1	chr9	4756168	4756240	LTR/ERV1	1640	-	36	4756204	63248
chr9	4692956	4892956	harbor1	chr9	4756261	4756546	LTR/ERV1	1781	-	142	4756403	63447
chr9	4692956	4892956	harbor1	chr9	4756775	4757260	LTR/ERV1	1930	-	242	4757017	64061
chr9	4694138	4894138	harbor1	chr9	4752442	4752692	LTR/ERV1	1126	-	125	4752567	58429
chr9	4694138	4894138	harbor1	chr9	4755575	4755863	LTR/ERV1	1640	-	144	4755719	61581
chr9	4694138	4894138	harbor1	chr9	4756168	4756240	LTR/ERV1	1640	-	36	4756204	62066
chr9	4694138	4894138	harbor1	chr9	4756261	4756546	LTR/ERV1	1781	-	142	4756403	62265
chr9	4694138	4894138	harbor1	chr9	4756775	4757260	LTR/ERV1	1930	-	242	4757017	62879
chr9	4692434	4892434	harbor1	chr9	4752442	4752692	LTR/ERV1	1126	-	125	4752567	60133
chr9	4692434	4892434	harbor1	chr9	4755575	4755863	LTR/ERV1	1640	-	144	4755719	63285
chr9	4692434	4892434	harbor1	chr9	4756168	4756240	LTR/ERV1	1640	-	36	4756204	63770
chr9	4692434	4892434	harbor1	chr9	4756261	4756546	LTR/ERV1	1781	-	142	4756403	63969
chr9	4692434	4892434	harbor1	chr9	4756775	4757260	LTR/ERV1	1930	-	242	4757017	64583
chr9	4663906	4863906	harbor1	chr9	4752442	4752692	LTR/ERV1	1126	-	125	4752567	88661
chr9	4663906	4863906	harbor1	chr9	4755575	4755863	LTR/ERV1	1640	-	144	4755719	91813
chr9	4663906	4863906	harbor1	chr9	4756168	4756240	LTR/ERV1	1640	-	36	4756204	92298
chr9	4663906	4863906	harbor1	chr9	4756261	4756546	LTR/ERV1	1781	-	142	4756403	92497
chr9	4663906	4863906	harbor1	chr9	4756775	4757260	LTR/ERV1	1930	-	242	4757017	93111
chr9	1	114163	harbor1	chr9	92532	92930	LTR/ERV1	2456	-	199	92731	92730
chr9	4663278	4863278	harbor1	chr9	4752442	4752692	LTR/ERV1	1126	-	125	4752567	89289
chr9	4663278	4863278	harbor1	chr9	4755575	4755863	LTR/ERV1	1640	-	144	4755719	92441
chr9	4663278	4863278	harbor1	chr9	4756168	4756240	LTR/ERV1	1640	-	36	4756204	92926
chr9	4663278	4863278	harbor1	chr9	4756261	4756546	LTR/ERV1	1781	-	142	4756403	93125
chr9	4663278	4863278	harbor1	chr9	4756775	4757260	LTR/ERV1	1930	-	242	4757017	93739
chr9	113066019	113266019	harbor1	chr9	113069966	113070613	LTR/ERV1	1817	-	324	113070290	4271
chr9	113066019	113266019	harbor1	chr9	113075412	113076059	LTR/ERV1	1817	-	324	113075736	9717
chr9	113066019	113266019	harbor1	chr9	113080854	113081501	LTR/ERV1	1817	-	324	113081178	15159
chr9	113066019	113266019	harbor1	chr9	113086300	113086947	LTR/ERV1	1817	-	324	113086624	20605
chr9	35598598	35798598	harbor1	chr9	35640305	35641070	LTR/ERV1	6006	-	382	35640687	42089
chr9	35598598	35798598	harbor1	chr9	35641071	35641362	LTR/ERV1	2339	-	146	35641217	42619
chr9	35598598	35798598	harbor1	chr9	35641385	35642827	LTR/ERV1	11799	-	721	35642106	43508
chr9	4755859	4955859	harbor1	chr9	4755575	4755863	LTR/ERV1	1640	-	144	4755719	140
chr9	4755859	4955859	harbor1	chr9	4756168	4756240	LTR/ERV1	1640	-	36	4756204	345
chr9	4755859	4955859	harbor1	chr9	4756261	4756546	LTR/ERV1	1781	-	142	4756403	544
chr9	4755859	4955859	harbor1	chr9	4756775	4757260	LTR/ERV1	1930	-	242	4757017	1158
chr9	133063183	133263183	harbor1	chr9	133075826	133076298	LTR/ERV1	2892	-	236	133076062	12879
chr9	133063183	133263183	harbor1	chr9	133076309	133079550	LTR/ERV1	16025	-	1620	133077929	14746
chr9	133063183	133263183	harbor1	chr9	133079541	133079664	LTR/ERV1	739	-	62	133079603	16420
chr9	133063183	133263183	harbor1	chr9	133079657	133079871	LTR/ERV1	1867	-	107	133079764	16581
chr9	133063183	133263183	harbor1	chr9	133079900	133080083	LTR/ERV1	1867	-	92	133079992	16809
chr9	133063183	133263183	harbor1	chr9	133080404	133080623	LTR/ERV1	940	-	110	133080514	17331
chr9	137214690	137414690	harbor1	chr9	137289370	137289466	LTR/ERV1	505	-	48	137289418	74728
chr9	137214690	137414690	harbor1	chr9	137289769	137289804	LTR/ERV1	505	-	18	137289787	75097
chr9	137214690	137414690	harbor1	chr9	137290731	137290775	LTR/ERV1	770	-	22	137290753	76063
chr9	137214690	137414690	harbor1	chr9	137291081	137291269	LTR/ERV1	770	-	94	137291175	76485
chr9	4692945	4892945	harbor1	chr9	4752442	4752692	LTR/ERV1	1126	-	125	4752567	59622
chr9	4692945	4892945	harbor1	chr9	4755575	4755863	LTR/ERV1	1640	-	144	4755719	62774
chr9	4692945	4892945	harbor1	chr9	4756168	4756240	LTR/ERV1	1640	-	36	4756204	63259
chr9	4692945	4892945	harbor1	chr9	4756261	4756546	LTR/ERV1	1781	-	142	4756403	63458
chr9	4692945	4892945	harbor1	chr9	4756775	4757260	LTR/ERV1	1930	-	242	4757017	64072
chr9	4663875	4863875	harbor1	chr9	4752442	4752692	LTR/ERV1	1126	-	125	4752567	88692
chr9	4663875	4863875	harbor1	chr9	4755575	4755863	LTR/ERV1	1640	-	144	4755719	91844
chr9	4663875	4863875	harbor1	chr9	4756168	4756240	LTR/ERV1	1640	-	36	4756204	92329
chr9	4663875	4863875	harbor1	chr9	4756261	4756546	LTR/ERV1	1781	-	142	4756403	92528
chr9	4663875	4863875	harbor1	chr9	4756775	4757260	LTR/ERV1	1930	-	242	4757017	93142
chr9	4692940	4892940	harbor1	chr9	4752442	4752692	LTR/ERV1	1126	-	125	4752567	59627
chr9	4692940	4892940	harbor1	chr9	4755575	4755863	LTR/ERV1	1640	-	144	4755719	62779
chr9	4692940	4892940	harbor1	chr9	4756168	4756240	LTR/ERV1	1640	-	36	4756204	63264
chr9	4692940	4892940	harbor1	chr9	4756261	4756546	LTR/ERV1	1781	-	142	4756403	63463
chr9	4692940	4892940	harbor1	chr9	4756775	4757260	LTR/ERV1	1930	-	242	4757017	64077
chr9	134036206	134236206	harbor1	chr9	134100665	134100932	LTR/ERV1	2887	-	134	134100799	64593
chr9	134036206	134236206	harbor1	chr9	134101232	134101525	LTR/ERV1	2887	-	146	134101378	65172
chr9	4669568	4869568	harbor1	chr9	4752442	4752692	LTR/ERV1	1126	-	125	4752567	82999
chr9	4669568	4869568	harbor1	chr9	4755575	4755863	LTR/ERV1	1640	-	144	4755719	86151
chr9	4669568	4869568	harbor1	chr9	4756168	4756240	LTR/ERV1	1640	-	36	4756204	86636
chr9	4669568	4869568	harbor1	chr9	4756261	4756546	LTR/ERV1	1781	-	142	4756403	86835
chr9	4669568	4869568	harbor1	chr9	4756775	4757260	LTR/ERV1	1930	-	242	4757017	87449
chr9	4692448	4892448	harbor1	chr9	4752442	4752692	LTR/ERV1	1126	-	125	4752567	60119
chr9	4692448	4892448	harbor1	chr9	4755575	4755863	LTR/ERV1	1640	-	144	4755719	63271
chr9	4692448	4892448	harbor1	chr9	4756168	4756240	LTR/ERV1	1640	-	36	4756204	63756
chr9	4692448	4892448	harbor1	chr9	4756261	4756546	LTR/ERV1	1781	-	142	4756403	63955
chr9	4692448	4892448	harbor1	chr9	4756775	4757260	LTR/ERV1	1930	-	242	4757017	64569
chr9	21875478	22075478	harbor1	chr9	21903675	21904480	LTR/ERV1	5268	-	402	21904077	28599
chr9	21875478	22075478	harbor1	chr9	21904886	21905292	LTR/ERV1	2504	-	203	21905089	29611
chr9	21875478	22075478	harbor1	chr9	21933962	21934394	LTR/ERV1	3133	-	216	21934178	58700
chr9	21875478	22075478	harbor1	chr9	21935283	21935659	LTR/ERV1	1499	-	188	21935471	59993
chr9	4692452	4892452	harbor1	chr9	4752442	4752692	LTR/ERV1	1126	-	125	4752567	60115
chr9	4692452	4892452	harbor1	chr9	4755575	4755863	LTR/ERV1	1640	-	144	4755719	63267
chr9	4692452	4892452	harbor1	chr9	4756168	4756240	LTR/ERV1	1640	-	36	4756204	63752
chr9	4692452	4892452	harbor1	chr9	4756261	4756546	LTR/ERV1	1781	-	142	4756403	63951
chr9	4692452	4892452	harbor1	chr9	4756775	4757260	LTR/ERV1	1930	-	242	4757017	64565
chr9	134035557	134235557	harbor1	chr9	134100665	134100932	LTR/ERV1	2887	-	134	134100799	65242
chr9	134035557	134235557	harbor1	chr9	134101232	134101525	LTR/ERV1	2887	-	146	134101378	65821
chr9	4692258	4892258	harbor1	chr9	4752442	4752692	LTR/ERV1	1126	-	125	4752567	60309
chr9	4692258	4892258	harbor1	chr9	4755575	4755863	LTR/ERV1	1640	-	144	4755719	63461
chr9	4692258	4892258	harbor1	chr9	4756168	4756240	LTR/ERV1	1640	-	36	4756204	63946
chr9	4692258	4892258	harbor1	chr9	4756261	4756546	LTR/ERV1	1781	-	142	4756403	64145
chr9	4692258	4892258	harbor1	chr9	4756775	4757260	LTR/ERV1	1930	-	242	4757017	64759
chr9	137214689	137414689	harbor1	chr9	137289370	137289466	LTR/ERV1	505	-	48	137289418	74729
chr9	137214689	137414689	harbor1	chr9	137289769	137289804	LTR/ERV1	505	-	18	137289787	75098
chr9	137214689	137414689	harbor1	chr9	137290731	137290775	LTR/ERV1	770	-	22	137290753	76064
chr9	137214689	137414689	harbor1	chr9	137291081	137291269	LTR/ERV1	770	-	94	137291175	76486
chr9	4747506	4947506	harbor1	chr9	4752442	4752692	LTR/ERV1	1126	-	125	4752567	5061
chr9	4747506	4947506	harbor1	chr9	4755575	4755863	LTR/ERV1	1640	-	144	4755719	8213
chr9	4747506	4947506	harbor1	chr9	4756168	4756240	LTR/ERV1	1640	-	36	4756204	8698
chr9	4747506	4947506	harbor1	chr9	4756261	4756546	LTR/ERV1	1781	-	142	4756403	8897
chr9	4747506	4947506	harbor1	chr9	4756775	4757260	LTR/ERV1	1930	-	242	4757017	9511
chr9	137213986	137413986	harbor1	chr9	137289370	137289466	LTR/ERV1	505	-	48	137289418	75432
chr9	137213986	137413986	harbor1	chr9	137289769	137289804	LTR/ERV1	505	-	18	137289787	75801
chr9	137213986	137413986	harbor1	chr9	137290731	137290775	LTR/ERV1	770	-	22	137290753	76767
chr9	137213986	137413986	harbor1	chr9	137291081	137291269	LTR/ERV1	770	-	94	137291175	77189
chr9	35580921	35780921	harbor1	chr9	35586073	35586265	LTR/ERV1	1065	-	96	35586169	5248
chr9	35580921	35780921	harbor1	chr9	35640305	35641070	LTR/ERV1	6006	-	382	35640687	59766
chr9	35580921	35780921	harbor1	chr9	35641071	35641362	LTR/ERV1	2339	-	146	35641217	60296
chr9	35580921	35780921	harbor1	chr9	35641385	35642827	LTR/ERV1	11799	-	721	35642106	61185
chr9	89260220	89460220	harbor1	chr9	89308867	89309412	LTR/ERV1	4342	-	272	89309139	48919
chr9	92958896	93158896	harbor1	chr9	92970303	92970747	LTR/ERV1	841	-	222	92970525	11629
chr9	92958896	93158896	harbor1	chr9	92982654	92982803	LTR/ERV1	2130	-	74	92982728	23832
chr9	92958896	93158896	harbor1	chr9	92983097	92983240	LTR/ERV1	2130	-	72	92983169	24273
chr9	92958896	93158896	harbor1	chr9	92983547	92983638	LTR/ERV1	2130	-	46	92983593	24697
chr9	92958896	93158896	harbor1	chr9	92983638	92985415	LTR/ERV1	5069	-	888	92984526	25630
chr9	92958896	93158896	harbor1	chr9	92985407	92985465	LTR/ERV1	4543	-	29	92985436	26540
chr9	92958896	93158896	harbor1	chr9	92985778	92987150	LTR/ERV1	5596	-	686	92986464	27568
chr9	92958896	93158896	harbor1	chr9	92987462	92987589	LTR/ERV1	5596	-	64	92987526	28630
chr9	92958896	93158896	harbor1	chr9	92987595	92988018	LTR/ERV1	2560	-	212	92987807	28911
chr9	92958896	93158896	harbor1	chr9	92988019	92988459	LTR/ERV1	2781	-	220	92988239	29343
chr9	92958896	93158896	harbor1	chr9	92988460	92988547	LTR/ERV1	2560	-	44	92988504	29608
chr9	92958896	93158896	harbor1	chr9	92989451	92989908	LTR/ERV1	3253	-	228	92989679	30783
chr9	92958896	93158896	harbor1	chr9	93018328	93018759	LTR/ERV1	2471	-	216	93018544	59648
chr9	92958896	93158896	harbor1	chr9	93020570	93020816	LTR/ERV1	1173	-	123	93020693	61797
chr9	92958896	93158896	harbor1	chr9	93047296	93047632	LTR/ERV1	967	-	168	93047464	88568
chr9	92958896	93158896	harbor1	chr9	93047950	93048061	LTR/ERV1	967	-	56	93048006	89110
chr9	137214628	137414628	harbor1	chr9	137289370	137289466	LTR/ERV1	505	-	48	137289418	74790
chr9	137214628	137414628	harbor1	chr9	137289769	137289804	LTR/ERV1	505	-	18	137289787	75159
chr9	137214628	137414628	harbor1	chr9	137290731	137290775	LTR/ERV1	770	-	22	137290753	76125
chr9	137214628	137414628	harbor1	chr9	137291081	137291269	LTR/ERV1	770	-	94	137291175	76547
chr9	4692158	4892158	harbor1	chr9	4752442	4752692	LTR/ERV1	1126	-	125	4752567	60409
chr9	4692158	4892158	harbor1	chr9	4755575	4755863	LTR/ERV1	1640	-	144	4755719	63561
chr9	4692158	4892158	harbor1	chr9	4756168	4756240	LTR/ERV1	1640	-	36	4756204	64046
chr9	4692158	4892158	harbor1	chr9	4756261	4756546	LTR/ERV1	1781	-	142	4756403	64245
chr9	4692158	4892158	harbor1	chr9	4756775	4757260	LTR/ERV1	1930	-	242	4757017	64859
chr9	134035364	134235364	harbor1	chr9	134100665	134100932	LTR/ERV1	2887	-	134	134100799	65435
chr9	134035364	134235364	harbor1	chr9	134101232	134101525	LTR/ERV1	2887	-	146	134101378	66014
chr9	134577518	134777518	harbor1	chr9	134607064	134607518	LTR/ERV1	2287	-	227	134607291	29773
chr9	4669265	4869265	harbor1	chr9	4752442	4752692	LTR/ERV1	1126	-	125	4752567	83302
chr9	4669265	4869265	harbor1	chr9	4755575	4755863	LTR/ERV1	1640	-	144	4755719	86454
chr9	4669265	4869265	harbor1	chr9	4756168	4756240	LTR/ERV1	1640	-	36	4756204	86939
chr9	4669265	4869265	harbor1	chr9	4756261	4756546	LTR/ERV1	1781	-	142	4756403	87138
chr9	4669265	4869265	harbor1	chr9	4756775	4757260	LTR/ERV1	1930	-	242	4757017	87752
chr9	4748106	4948106	harbor1	chr9	4752442	4752692	LTR/ERV1	1126	-	125	4752567	4461
chr9	4748106	4948106	harbor1	chr9	4755575	4755863	LTR/ERV1	1640	-	144	4755719	7613
chr9	4748106	4948106	harbor1	chr9	4756168	4756240	LTR/ERV1	1640	-	36	4756204	8098
chr9	4748106	4948106	harbor1	chr9	4756261	4756546	LTR/ERV1	1781	-	142	4756403	8297
chr9	4748106	4948106	harbor1	chr9	4756775	4757260	LTR/ERV1	1930	-	242	4757017	8911
chr9	83553396	83753396	harbor1	chr9	83650515	83650749	LTR/ERV1	1712	-	117	83650632	97236
chr9	83553396	83753396	harbor1	chr9	83651048	83651331	LTR/ERV1	1712	-	142	83651190	97794
chr9	4692312	4892312	harbor1	chr9	4752442	4752692	LTR/ERV1	1126	-	125	4752567	60255
chr9	4692312	4892312	harbor1	chr9	4755575	4755863	LTR/ERV1	1640	-	144	4755719	63407
chr9	4692312	4892312	harbor1	chr9	4756168	4756240	LTR/ERV1	1640	-	36	4756204	63892
chr9	4692312	4892312	harbor1	chr9	4756261	4756546	LTR/ERV1	1781	-	142	4756403	64091
chr9	4692312	4892312	harbor1	chr9	4756775	4757260	LTR/ERV1	1930	-	242	4757017	64705
chr9	4692909	4892909	harbor1	chr9	4752442	4752692	LTR/ERV1	1126	-	125	4752567	59658
chr9	4692909	4892909	harbor1	chr9	4755575	4755863	LTR/ERV1	1640	-	144	4755719	62810
chr9	4692909	4892909	harbor1	chr9	4756168	4756240	LTR/ERV1	1640	-	36	4756204	63295
chr9	4692909	4892909	harbor1	chr9	4756261	4756546	LTR/ERV1	1781	-	142	4756403	63494
chr9	4692909	4892909	harbor1	chr9	4756775	4757260	LTR/ERV1	1930	-	242	4757017	64108
chr9	4663127	4863127	harbor1	chr9	4752442	4752692	LTR/ERV1	1126	-	125	4752567	89440
chr9	4663127	4863127	harbor1	chr9	4755575	4755863	LTR/ERV1	1640	-	144	4755719	92592
chr9	4663127	4863127	harbor1	chr9	4756168	4756240	LTR/ERV1	1640	-	36	4756204	93077
chr9	4663127	4863127	harbor1	chr9	4756261	4756546	LTR/ERV1	1781	-	142	4756403	93276
chr9	4663127	4863127	harbor1	chr9	4756775	4757260	LTR/ERV1	1930	-	242	4757017	93890
chr9	137734976	137934976	harbor1	chr9	137761026	137761430	LTR/ERV1	1945	-	202	137761228	26252
chr9	94048912	94248912	harbor1	chr9	94138050	94138226	LTR/ERV1	1528	-	88	94138138	89226
chr9	94048912	94248912	harbor1	chr9	94138529	94138898	LTR/ERV1	1528	-	184	94138713	89801
chr9	68605563	68805563	harbor1	chr9	68642344	68643024	LTR/ERV1	5350	-	340	68642684	37121
chr9	4692971	4892971	harbor1	chr9	4752442	4752692	LTR/ERV1	1126	-	125	4752567	59596
chr9	4692971	4892971	harbor1	chr9	4755575	4755863	LTR/ERV1	1640	-	144	4755719	62748
chr9	4692971	4892971	harbor1	chr9	4756168	4756240	LTR/ERV1	1640	-	36	4756204	63233
chr9	4692971	4892971	harbor1	chr9	4756261	4756546	LTR/ERV1	1781	-	142	4756403	63432
chr9	4692971	4892971	harbor1	chr9	4756775	4757260	LTR/ERV1	1930	-	242	4757017	64046
chr9	137214596	137414596	harbor1	chr9	137289370	137289466	LTR/ERV1	505	-	48	137289418	74822
chr9	137214596	137414596	harbor1	chr9	137289769	137289804	LTR/ERV1	505	-	18	137289787	75191
chr9	137214596	137414596	harbor1	chr9	137290731	137290775	LTR/ERV1	770	-	22	137290753	76157
chr9	137214596	137414596	harbor1	chr9	137291081	137291269	LTR/ERV1	770	-	94	137291175	76579
chr9	137214600	137414600	harbor1	chr9	137289370	137289466	LTR/ERV1	505	-	48	137289418	74818
chr9	137214600	137414600	harbor1	chr9	137289769	137289804	LTR/ERV1	505	-	18	137289787	75187
chr9	137214600	137414600	harbor1	chr9	137290731	137290775	LTR/ERV1	770	-	22	137290753	76153
chr9	137214600	137414600	harbor1	chr9	137291081	137291269	LTR/ERV1	770	-	94	137291175	76575
chr9	132966900	133166900	harbor1	chr9	133031186	133031338	LTR/ERV1	759	-	76	133031262	64362
chr9	132966900	133166900	harbor1	chr9	133031580	133032062	LTR/ERV1	2466	-	241	133031821	64921
chr9	132966900	133166900	harbor1	chr9	133032229	133032533	LTR/ERV1	865	-	152	133032381	65481
chr9	132966900	133166900	harbor1	chr9	133032543	133037838	LTR/ERV1	26289	-	2648	133035191	68291
chr9	132966900	133166900	harbor1	chr9	133037889	133038234	LTR/ERV1	864	-	172	133038061	71161
chr9	112387221	112587221	harbor1	chr9	112413710	112414293	LTR/ERV1	4949	-	292	112414002	26781
chr9	112387221	112587221	harbor1	chr9	112472532	112472565	LTR/ERV1	824	-	16	112472548	85327
chr9	112387221	112587221	harbor1	chr9	112472903	112473688	LTR/ERV1	2770	-	392	112473295	86074
chr9	112387221	112587221	harbor1	chr9	112473976	112474015	LTR/ERV1	2770	-	20	112473996	86775
chr9	4692946	4892946	harbor1	chr9	4752442	4752692	LTR/ERV1	1126	-	125	4752567	59621
chr9	4692946	4892946	harbor1	chr9	4755575	4755863	LTR/ERV1	1640	-	144	4755719	62773
chr9	4692946	4892946	harbor1	chr9	4756168	4756240	LTR/ERV1	1640	-	36	4756204	63258
chr9	4692946	4892946	harbor1	chr9	4756261	4756546	LTR/ERV1	1781	-	142	4756403	63457
chr9	4692946	4892946	harbor1	chr9	4756775	4757260	LTR/ERV1	1930	-	242	4757017	64071
chr9	4663649	4863649	harbor1	chr9	4752442	4752692	LTR/ERV1	1126	-	125	4752567	88918
chr9	4663649	4863649	harbor1	chr9	4755575	4755863	LTR/ERV1	1640	-	144	4755719	92070
chr9	4663649	4863649	harbor1	chr9	4756168	4756240	LTR/ERV1	1640	-	36	4756204	92555
chr9	4663649	4863649	harbor1	chr9	4756261	4756546	LTR/ERV1	1781	-	142	4756403	92754
chr9	4663649	4863649	harbor1	chr9	4756775	4757260	LTR/ERV1	1930	-	242	4757017	93368
chr9	4663080	4863080	harbor1	chr9	4752442	4752692	LTR/ERV1	1126	-	125	4752567	89487
chr9	4663080	4863080	harbor1	chr9	4755575	4755863	LTR/ERV1	1640	-	144	4755719	92639
chr9	4663080	4863080	harbor1	chr9	4756168	4756240	LTR/ERV1	1640	-	36	4756204	93124
chr9	4663080	4863080	harbor1	chr9	4756261	4756546	LTR/ERV1	1781	-	142	4756403	93323
chr9	4663080	4863080	harbor1	chr9	4756775	4757260	LTR/ERV1	1930	-	242	4757017	93937
chr9	133063738	133263738	harbor1	chr9	133075826	133076298	LTR/ERV1	2892	-	236	133076062	12324
chr9	133063738	133263738	harbor1	chr9	133076309	133079550	LTR/ERV1	16025	-	1620	133077929	14191
chr9	133063738	133263738	harbor1	chr9	133079541	133079664	LTR/ERV1	739	-	62	133079603	15865
chr9	133063738	133263738	harbor1	chr9	133079657	133079871	LTR/ERV1	1867	-	107	133079764	16026
chr9	133063738	133263738	harbor1	chr9	133079900	133080083	LTR/ERV1	1867	-	92	133079992	16254
chr9	133063738	133263738	harbor1	chr9	133080404	133080623	LTR/ERV1	940	-	110	133080514	16776
chr9	126245605	126445605	harbor1	chr9	126316681	126317407	LTR/ERV1	4586	-	363	126317044	71439
chr9	68605579	68805579	harbor1	chr9	68642344	68643024	LTR/ERV1	5350	-	340	68642684	37105
chr9	6658046	6858046	harbor1	chr9	6665677	6666042	LTR/ERV1	1143	-	182	6665859	7813
chr9	6658046	6858046	harbor1	chr9	6691802	6691822	LTR/ERV1	965	-	10	6691812	33766
chr9	6658046	6858046	harbor1	chr9	6692130	6692367	LTR/ERV1	1479	-	118	6692248	34202
chr9	6658046	6858046	harbor1	chr9	6692665	6692723	LTR/ERV1	1479	-	29	6692694	34648
chr9	6658046	6858046	harbor1	chr9	6692906	6693066	LTR/ERV1	1983	-	80	6692986	34940
chr9	6658046	6858046	harbor1	chr9	6693109	6693338	LTR/ERV1	1983	-	114	6693223	35177
chr9	6658046	6858046	harbor1	chr9	6693365	6693686	LTR/ERV1	3488	-	160	6693525	35479
chr9	6658046	6858046	harbor1	chr9	6693979	6694000	LTR/ERV1	3488	-	10	6693989	35943
chr9	6658046	6858046	harbor1	chr9	6694310	6694506	LTR/ERV1	3488	-	98	6694408	36362
chr9	6658046	6858046	harbor1	chr9	6695437	6695648	LTR/ERV1	1639	-	106	6695543	37497
chr9	6658046	6858046	harbor1	chr9	6695947	6696054	LTR/ERV1	1639	-	54	6696001	37955
chr9	6658046	6858046	harbor1	chr9	6696362	6696494	LTR/ERV1	1639	-	66	6696428	38382
chr9	6658046	6858046	harbor1	chr9	6705920	6706396	LTR/ERV1	2897	-	238	6706158	48112
chr9	6658046	6858046	harbor1	chr9	6716830	6717086	LTR/ERV1	1471	-	128	6716958	58912
chr9	6658046	6858046	harbor1	chr9	6717597	6717626	LTR/ERV1	1196	-	14	6717611	59565
chr9	6658046	6858046	harbor1	chr9	6719012	6719213	LTR/ERV1	1196	-	100	6719112	61066
chr9	6658046	6858046	harbor1	chr9	6730283	6730333	LTR/ERV1	2641	-	25	6730308	72262
chr9	6658046	6858046	harbor1	chr9	6730629	6731029	LTR/ERV1	2641	-	200	6730829	72783
chr9	6658046	6858046	harbor1	chr9	6731034	6731313	LTR/ERV1	5260	-	140	6731174	73128
chr9	6658046	6858046	harbor1	chr9	6731632	6732080	LTR/ERV1	5260	-	224	6731856	73810
chr9	6658046	6858046	harbor1	chr9	6732548	6732730	LTR/ERV1	939	-	91	6732639	74593
chr9	6658046	6858046	harbor1	chr9	6733032	6733151	LTR/ERV1	930	-	60	6733092	75046
chr9	6658046	6858046	harbor1	chr9	6733602	6734150	LTR/ERV1	4334	-	274	6733876	75830
chr9	137065149	137265149	harbor1	chr9	137127600	137128119	LTR/ERV1	3182	-	260	137127860	62711
chr9	137065149	137265149	harbor1	chr9	137128653	137128856	LTR/ERV1	713	-	102	137128755	63606
chr9	89262840	89462840	harbor1	chr9	89308867	89309412	LTR/ERV1	4342	-	272	89309139	46299
chr9	4669986	4869986	harbor1	chr9	4752442	4752692	LTR/ERV1	1126	-	125	4752567	82581
chr9	4669986	4869986	harbor1	chr9	4755575	4755863	LTR/ERV1	1640	-	144	4755719	85733
chr9	4669986	4869986	harbor1	chr9	4756168	4756240	LTR/ERV1	1640	-	36	4756204	86218
chr9	4669986	4869986	harbor1	chr9	4756261	4756546	LTR/ERV1	1781	-	142	4756403	86417
chr9	4669986	4869986	harbor1	chr9	4756775	4757260	LTR/ERV1	1930	-	242	4757017	87031
chr9	4692882	4892882	harbor1	chr9	4752442	4752692	LTR/ERV1	1126	-	125	4752567	59685
chr9	4692882	4892882	harbor1	chr9	4755575	4755863	LTR/ERV1	1640	-	144	4755719	62837
chr9	4692882	4892882	harbor1	chr9	4756168	4756240	LTR/ERV1	1640	-	36	4756204	63322
chr9	4692882	4892882	harbor1	chr9	4756261	4756546	LTR/ERV1	1781	-	142	4756403	63521
chr9	4692882	4892882	harbor1	chr9	4756775	4757260	LTR/ERV1	1930	-	242	4757017	64135
chr9	134036095	134236095	harbor1	chr9	134100665	134100932	LTR/ERV1	2887	-	134	134100799	64704
chr9	134036095	134236095	harbor1	chr9	134101232	134101525	LTR/ERV1	2887	-	146	134101378	65283
chr9	4722331	4922331	harbor1	chr9	4752442	4752692	LTR/ERV1	1126	-	125	4752567	30236
chr9	4722331	4922331	harbor1	chr9	4755575	4755863	LTR/ERV1	1640	-	144	4755719	33388
chr9	4722331	4922331	harbor1	chr9	4756168	4756240	LTR/ERV1	1640	-	36	4756204	33873
chr9	4722331	4922331	harbor1	chr9	4756261	4756546	LTR/ERV1	1781	-	142	4756403	34072
chr9	4722331	4922331	harbor1	chr9	4756775	4757260	LTR/ERV1	1930	-	242	4757017	34686
chr9	137214599	137414599	harbor1	chr9	137289370	137289466	LTR/ERV1	505	-	48	137289418	74819
chr9	137214599	137414599	harbor1	chr9	137289769	137289804	LTR/ERV1	505	-	18	137289787	75188
chr9	137214599	137414599	harbor1	chr9	137290731	137290775	LTR/ERV1	770	-	22	137290753	76154
chr9	137214599	137414599	harbor1	chr9	137291081	137291269	LTR/ERV1	770	-	94	137291175	76576
chr9	127963374	128163374	harbor1	chr9	128047012	128047545	LTR/ERV1	1879	-	266	128047278	83904
chr9	127963374	128163374	harbor1	chr9	128049024	128049156	LTR/ERV1	2363	-	66	128049090	85716
chr9	127963374	128163374	harbor1	chr9	128049467	128049477	LTR/ERV1	2363	-	5	128049472	86098
chr9	127963374	128163374	harbor1	chr9	128049792	128050149	LTR/ERV1	2363	-	178	128049970	86596
chr9	4663076	4863076	harbor1	chr9	4752442	4752692	LTR/ERV1	1126	-	125	4752567	89491
chr9	4663076	4863076	harbor1	chr9	4755575	4755863	LTR/ERV1	1640	-	144	4755719	92643
chr9	4663076	4863076	harbor1	chr9	4756168	4756240	LTR/ERV1	1640	-	36	4756204	93128
chr9	4663076	4863076	harbor1	chr9	4756261	4756546	LTR/ERV1	1781	-	142	4756403	93327
chr9	4663076	4863076	harbor1	chr9	4756775	4757260	LTR/ERV1	1930	-	242	4757017	93941
chr9	4663656	4863656	harbor1	chr9	4752442	4752692	LTR/ERV1	1126	-	125	4752567	88911
chr9	4663656	4863656	harbor1	chr9	4755575	4755863	LTR/ERV1	1640	-	144	4755719	92063
chr9	4663656	4863656	harbor1	chr9	4756168	4756240	LTR/ERV1	1640	-	36	4756204	92548
chr9	4663656	4863656	harbor1	chr9	4756261	4756546	LTR/ERV1	1781	-	142	4756403	92747
chr9	4663656	4863656	harbor1	chr9	4756775	4757260	LTR/ERV1	1930	-	242	4757017	93361
chr9	19130894	19330894	harbor1	chr9	19198929	19199073	LTR/ERV1	818	-	72	19199001	68107
chr9	19130894	19330894	harbor1	chr9	19199118	19199346	LTR/ERV1	1437	-	114	19199232	68338
chr9	137214587	137414587	harbor1	chr9	137289370	137289466	LTR/ERV1	505	-	48	137289418	74831
chr9	137214587	137414587	harbor1	chr9	137289769	137289804	LTR/ERV1	505	-	18	137289787	75200
chr9	137214587	137414587	harbor1	chr9	137290731	137290775	LTR/ERV1	770	-	22	137290753	76166
chr9	137214587	137414587	harbor1	chr9	137291081	137291269	LTR/ERV1	770	-	94	137291175	76588
chr9	418608	618608	harbor1	chr9	499693	499998	LTR/ERV1	1595	-	152	499845	81237
chr9	418608	618608	harbor1	chr9	500001	500169	LTR/ERV1	1114	-	84	500085	81477
chr9	114075621	114275621	harbor1	chr9	114114742	114115341	LTR/ERV1	3352	-	300	114115042	39421
chr9	79473211	79673211	harbor1	chr9	79474500	79474953	LTR/ERV1	3153	-	226	79474726	1515
chr9	137214594	137414594	harbor1	chr9	137289370	137289466	LTR/ERV1	505	-	48	137289418	74824
chr9	137214594	137414594	harbor1	chr9	137289769	137289804	LTR/ERV1	505	-	18	137289787	75193
chr9	137214594	137414594	harbor1	chr9	137290731	137290775	LTR/ERV1	770	-	22	137290753	76159
chr9	137214594	137414594	harbor1	chr9	137291081	137291269	LTR/ERV1	770	-	94	137291175	76581
chr9	4669933	4869933	harbor1	chr9	4752442	4752692	LTR/ERV1	1126	-	125	4752567	82634
chr9	4669933	4869933	harbor1	chr9	4755575	4755863	LTR/ERV1	1640	-	144	4755719	85786
chr9	4669933	4869933	harbor1	chr9	4756168	4756240	LTR/ERV1	1640	-	36	4756204	86271
chr9	4669933	4869933	harbor1	chr9	4756261	4756546	LTR/ERV1	1781	-	142	4756403	86470
chr9	4669933	4869933	harbor1	chr9	4756775	4757260	LTR/ERV1	1930	-	242	4757017	87084
chr9	137214592	137414592	harbor1	chr9	137289370	137289466	LTR/ERV1	505	-	48	137289418	74826
chr9	137214592	137414592	harbor1	chr9	137289769	137289804	LTR/ERV1	505	-	18	137289787	75195
chr9	137214592	137414592	harbor1	chr9	137290731	137290775	LTR/ERV1	770	-	22	137290753	76161
chr9	137214592	137414592	harbor1	chr9	137291081	137291269	LTR/ERV1	770	-	94	137291175	76583
chr9	124761747	124961747	harbor1	chr9	124837752	124839286	LTR/ERV1	10911	-	767	124838519	76772
chr9	4751750	4951750	harbor1	chr9	4752442	4752692	LTR/ERV1	1126	-	125	4752567	817
chr9	4751750	4951750	harbor1	chr9	4755575	4755863	LTR/ERV1	1640	-	144	4755719	3969
chr9	4751750	4951750	harbor1	chr9	4756168	4756240	LTR/ERV1	1640	-	36	4756204	4454
chr9	4751750	4951750	harbor1	chr9	4756261	4756546	LTR/ERV1	1781	-	142	4756403	4653
chr9	4751750	4951750	harbor1	chr9	4756775	4757260	LTR/ERV1	1930	-	242	4757017	5267
chr9	133051398	133251398	harbor1	chr9	133075826	133076298	LTR/ERV1	2892	-	236	133076062	24664
chr9	133051398	133251398	harbor1	chr9	133076309	133079550	LTR/ERV1	16025	-	1620	133077929	26531
chr9	133051398	133251398	harbor1	chr9	133079541	133079664	LTR/ERV1	739	-	62	133079603	28205
chr9	133051398	133251398	harbor1	chr9	133079657	133079871	LTR/ERV1	1867	-	107	133079764	28366
chr9	133051398	133251398	harbor1	chr9	133079900	133080083	LTR/ERV1	1867	-	92	133079992	28594
chr9	133051398	133251398	harbor1	chr9	133080404	133080623	LTR/ERV1	940	-	110	133080514	29116
chr9	137214601	137414601	harbor1	chr9	137289370	137289466	LTR/ERV1	505	-	48	137289418	74817
chr9	137214601	137414601	harbor1	chr9	137289769	137289804	LTR/ERV1	505	-	18	137289787	75186
chr9	137214601	137414601	harbor1	chr9	137290731	137290775	LTR/ERV1	770	-	22	137290753	76152
chr9	137214601	137414601	harbor1	chr9	137291081	137291269	LTR/ERV1	770	-	94	137291175	76574
chr9	76918823	77118823	harbor1	chr9	76934475	76934946	LTR/ERV1	1987	-	236	76934711	15888
chr9	76918823	77118823	harbor1	chr9	76993108	76993724	LTR/ERV1	3539	-	308	76993416	74593
chr9	4663097	4863097	harbor1	chr9	4752442	4752692	LTR/ERV1	1126	-	125	4752567	89470
chr9	4663097	4863097	harbor1	chr9	4755575	4755863	LTR/ERV1	1640	-	144	4755719	92622
chr9	4663097	4863097	harbor1	chr9	4756168	4756240	LTR/ERV1	1640	-	36	4756204	93107
chr9	4663097	4863097	harbor1	chr9	4756261	4756546	LTR/ERV1	1781	-	142	4756403	93306
chr9	4663097	4863097	harbor1	chr9	4756775	4757260	LTR/ERV1	1930	-	242	4757017	93920
chr9	68605569	68805569	harbor1	chr9	68642344	68643024	LTR/ERV1	5350	-	340	68642684	37115
chr9	137069400	137269400	harbor1	chr9	137127600	137128119	LTR/ERV1	3182	-	260	137127860	58460
chr9	137069400	137269400	harbor1	chr9	137128653	137128856	LTR/ERV1	713	-	102	137128755	59355
chr9	111561650	111761650	harbor1	chr9	111602772	111603352	LTR/ERV1	3334	-	290	111603062	41412
chr9	111561650	111761650	harbor1	chr9	111603641	111603671	LTR/ERV1	3334	-	15	111603656	42006
chr9	111561650	111761650	harbor1	chr9	111638123	111638448	LTR/ERV1	762	-	162	111638285	76635
chr9	4668976	4868976	harbor1	chr9	4752442	4752692	LTR/ERV1	1126	-	125	4752567	83591
chr9	4668976	4868976	harbor1	chr9	4755575	4755863	LTR/ERV1	1640	-	144	4755719	86743
chr9	4668976	4868976	harbor1	chr9	4756168	4756240	LTR/ERV1	1640	-	36	4756204	87228
chr9	4668976	4868976	harbor1	chr9	4756261	4756546	LTR/ERV1	1781	-	142	4756403	87427
chr9	4668976	4868976	harbor1	chr9	4756775	4757260	LTR/ERV1	1930	-	242	4757017	88041
chr9	93084336	93284336	harbor1	chr9	93085645	93085812	LTR/ERV1	561	-	84	93085729	1393
chr9	93084336	93284336	harbor1	chr9	93140873	93141152	LTR/ERV1	1520	-	140	93141013	56677
chr9	92958971	93158971	harbor1	chr9	92970303	92970747	LTR/ERV1	841	-	222	92970525	11554
chr9	92958971	93158971	harbor1	chr9	92982654	92982803	LTR/ERV1	2130	-	74	92982728	23757
chr9	92958971	93158971	harbor1	chr9	92983097	92983240	LTR/ERV1	2130	-	72	92983169	24198
chr9	92958971	93158971	harbor1	chr9	92983547	92983638	LTR/ERV1	2130	-	46	92983593	24622
chr9	92958971	93158971	harbor1	chr9	92983638	92985415	LTR/ERV1	5069	-	888	92984526	25555
chr9	92958971	93158971	harbor1	chr9	92985407	92985465	LTR/ERV1	4543	-	29	92985436	26465
chr9	92958971	93158971	harbor1	chr9	92985778	92987150	LTR/ERV1	5596	-	686	92986464	27493
chr9	92958971	93158971	harbor1	chr9	92987462	92987589	LTR/ERV1	5596	-	64	92987526	28555
chr9	92958971	93158971	harbor1	chr9	92987595	92988018	LTR/ERV1	2560	-	212	92987807	28836
chr9	92958971	93158971	harbor1	chr9	92988019	92988459	LTR/ERV1	2781	-	220	92988239	29268
chr9	92958971	93158971	harbor1	chr9	92988460	92988547	LTR/ERV1	2560	-	44	92988504	29533
chr9	92958971	93158971	harbor1	chr9	92989451	92989908	LTR/ERV1	3253	-	228	92989679	30708
chr9	92958971	93158971	harbor1	chr9	93018328	93018759	LTR/ERV1	2471	-	216	93018544	59573
chr9	92958971	93158971	harbor1	chr9	93020570	93020816	LTR/ERV1	1173	-	123	93020693	61722
chr9	92958971	93158971	harbor1	chr9	93047296	93047632	LTR/ERV1	967	-	168	93047464	88493
chr9	92958971	93158971	harbor1	chr9	93047950	93048061	LTR/ERV1	967	-	56	93048006	89035
chr9	4692784	4892784	harbor1	chr9	4752442	4752692	LTR/ERV1	1126	-	125	4752567	59783
chr9	4692784	4892784	harbor1	chr9	4755575	4755863	LTR/ERV1	1640	-	144	4755719	62935
chr9	4692784	4892784	harbor1	chr9	4756168	4756240	LTR/ERV1	1640	-	36	4756204	63420
chr9	4692784	4892784	harbor1	chr9	4756261	4756546	LTR/ERV1	1781	-	142	4756403	63619
chr9	4692784	4892784	harbor1	chr9	4756775	4757260	LTR/ERV1	1930	-	242	4757017	64233
chr9	4662994	4862994	harbor1	chr9	4752442	4752692	LTR/ERV1	1126	-	125	4752567	89573
chr9	4662994	4862994	harbor1	chr9	4755575	4755863	LTR/ERV1	1640	-	144	4755719	92725
chr9	4662994	4862994	harbor1	chr9	4756168	4756240	LTR/ERV1	1640	-	36	4756204	93210
chr9	4662994	4862994	harbor1	chr9	4756261	4756546	LTR/ERV1	1781	-	142	4756403	93409
chr9	4662994	4862994	harbor1	chr9	4756775	4757260	LTR/ERV1	1930	-	242	4757017	94023
chr9	4692921	4892921	harbor1	chr9	4752442	4752692	LTR/ERV1	1126	-	125	4752567	59646
chr9	4692921	4892921	harbor1	chr9	4755575	4755863	LTR/ERV1	1640	-	144	4755719	62798
chr9	4692921	4892921	harbor1	chr9	4756168	4756240	LTR/ERV1	1640	-	36	4756204	63283
chr9	4692921	4892921	harbor1	chr9	4756261	4756546	LTR/ERV1	1781	-	142	4756403	63482
chr9	4692921	4892921	harbor1	chr9	4756775	4757260	LTR/ERV1	1930	-	242	4757017	64096
chr9	133063669	133263669	harbor1	chr9	133075826	133076298	LTR/ERV1	2892	-	236	133076062	12393
chr9	133063669	133263669	harbor1	chr9	133076309	133079550	LTR/ERV1	16025	-	1620	133077929	14260
chr9	133063669	133263669	harbor1	chr9	133079541	133079664	LTR/ERV1	739	-	62	133079603	15934
chr9	133063669	133263669	harbor1	chr9	133079657	133079871	LTR/ERV1	1867	-	107	133079764	16095
chr9	133063669	133263669	harbor1	chr9	133079900	133080083	LTR/ERV1	1867	-	92	133079992	16323
chr9	133063669	133263669	harbor1	chr9	133080404	133080623	LTR/ERV1	940	-	110	133080514	16845
chr9	112387266	112587266	harbor1	chr9	112413710	112414293	LTR/ERV1	4949	-	292	112414002	26736
chr9	112387266	112587266	harbor1	chr9	112472532	112472565	LTR/ERV1	824	-	16	112472548	85282
chr9	112387266	112587266	harbor1	chr9	112472903	112473688	LTR/ERV1	2770	-	392	112473295	86029
chr9	112387266	112587266	harbor1	chr9	112473976	112474015	LTR/ERV1	2770	-	20	112473996	86730
chr9	135645039	135845039	harbor1	chr9	135648519	135649157	LTR/ERV1	3981	-	319	135648838	3799
chr9	135645039	135845039	harbor1	chr9	135651166	135651239	LTR/ERV1	3186	-	36	135651202	6163
chr9	135645039	135845039	harbor1	chr9	135651240	135651688	LTR/ERV1	2835	-	224	135651464	6425
chr9	135645039	135845039	harbor1	chr9	135651689	135652208	LTR/ERV1	3186	-	260	135651949	6910
chr9	135645039	135845039	harbor1	chr9	135654691	135654776	LTR/ERV1	546	-	42	135654733	9694
chr9	135645039	135845039	harbor1	chr9	135680327	135680809	LTR/ERV1	3447	-	241	135680568	35529
chr9	135645039	135845039	harbor1	chr9	135680925	135681103	LTR/ERV1	1019	-	89	135681014	35975
chr9	4692190	4892190	harbor1	chr9	4752442	4752692	LTR/ERV1	1126	-	125	4752567	60377
chr9	4692190	4892190	harbor1	chr9	4755575	4755863	LTR/ERV1	1640	-	144	4755719	63529
chr9	4692190	4892190	harbor1	chr9	4756168	4756240	LTR/ERV1	1640	-	36	4756204	64014
chr9	4692190	4892190	harbor1	chr9	4756261	4756546	LTR/ERV1	1781	-	142	4756403	64213
chr9	4692190	4892190	harbor1	chr9	4756775	4757260	LTR/ERV1	1930	-	242	4757017	64827
chr9	112387344	112587344	harbor1	chr9	112413710	112414293	LTR/ERV1	4949	-	292	112414002	26658
chr9	112387344	112587344	harbor1	chr9	112472532	112472565	LTR/ERV1	824	-	16	112472548	85204
chr9	112387344	112587344	harbor1	chr9	112472903	112473688	LTR/ERV1	2770	-	392	112473295	85951
chr9	112387344	112587344	harbor1	chr9	112473976	112474015	LTR/ERV1	2770	-	20	112473996	86652
chr9	4658000	4858000	harbor1	chr9	4752442	4752692	LTR/ERV1	1126	-	125	4752567	94567
chr9	4658000	4858000	harbor1	chr9	4755575	4755863	LTR/ERV1	1640	-	144	4755719	97719
chr9	4658000	4858000	harbor1	chr9	4756168	4756240	LTR/ERV1	1640	-	36	4756204	98204
chr9	4658000	4858000	harbor1	chr9	4756261	4756546	LTR/ERV1	1781	-	142	4756403	98403
chr9	4658000	4858000	harbor1	chr9	4756775	4757260	LTR/ERV1	1930	-	242	4757017	99017
chr9	34027036	34227036	harbor1	chr9	34059249	34059706	LTR/ERV1	2342	-	228	34059477	32441
chr9	6658192	6858192	harbor1	chr9	6665677	6666042	LTR/ERV1	1143	-	182	6665859	7667
chr9	6658192	6858192	harbor1	chr9	6691802	6691822	LTR/ERV1	965	-	10	6691812	33620
chr9	6658192	6858192	harbor1	chr9	6692130	6692367	LTR/ERV1	1479	-	118	6692248	34056
chr9	6658192	6858192	harbor1	chr9	6692665	6692723	LTR/ERV1	1479	-	29	6692694	34502
chr9	6658192	6858192	harbor1	chr9	6692906	6693066	LTR/ERV1	1983	-	80	6692986	34794
chr9	6658192	6858192	harbor1	chr9	6693109	6693338	LTR/ERV1	1983	-	114	6693223	35031
chr9	6658192	6858192	harbor1	chr9	6693365	6693686	LTR/ERV1	3488	-	160	6693525	35333
chr9	6658192	6858192	harbor1	chr9	6693979	6694000	LTR/ERV1	3488	-	10	6693989	35797
chr9	6658192	6858192	harbor1	chr9	6694310	6694506	LTR/ERV1	3488	-	98	6694408	36216
chr9	6658192	6858192	harbor1	chr9	6695437	6695648	LTR/ERV1	1639	-	106	6695543	37351
chr9	6658192	6858192	harbor1	chr9	6695947	6696054	LTR/ERV1	1639	-	54	6696001	37809
chr9	6658192	6858192	harbor1	chr9	6696362	6696494	LTR/ERV1	1639	-	66	6696428	38236
chr9	6658192	6858192	harbor1	chr9	6705920	6706396	LTR/ERV1	2897	-	238	6706158	47966
chr9	6658192	6858192	harbor1	chr9	6716830	6717086	LTR/ERV1	1471	-	128	6716958	58766
chr9	6658192	6858192	harbor1	chr9	6717597	6717626	LTR/ERV1	1196	-	14	6717611	59419
chr9	6658192	6858192	harbor1	chr9	6719012	6719213	LTR/ERV1	1196	-	100	6719112	60920
chr9	6658192	6858192	harbor1	chr9	6730283	6730333	LTR/ERV1	2641	-	25	6730308	72116
chr9	6658192	6858192	harbor1	chr9	6730629	6731029	LTR/ERV1	2641	-	200	6730829	72637
chr9	6658192	6858192	harbor1	chr9	6731034	6731313	LTR/ERV1	5260	-	140	6731174	72982
chr9	6658192	6858192	harbor1	chr9	6731632	6732080	LTR/ERV1	5260	-	224	6731856	73664
chr9	6658192	6858192	harbor1	chr9	6732548	6732730	LTR/ERV1	939	-	91	6732639	74447
chr9	6658192	6858192	harbor1	chr9	6733032	6733151	LTR/ERV1	930	-	60	6733092	74900
chr9	6658192	6858192	harbor1	chr9	6733602	6734150	LTR/ERV1	4334	-	274	6733876	75684
chr9	1	129273	harbor1	chr9	92532	92930	LTR/ERV1	2456	-	199	92731	92730
chr9	133051983	133251983	harbor1	chr9	133075826	133076298	LTR/ERV1	2892	-	236	133076062	24079
chr9	133051983	133251983	harbor1	chr9	133076309	133079550	LTR/ERV1	16025	-	1620	133077929	25946
chr9	133051983	133251983	harbor1	chr9	133079541	133079664	LTR/ERV1	739	-	62	133079603	27620
chr9	133051983	133251983	harbor1	chr9	133079657	133079871	LTR/ERV1	1867	-	107	133079764	27781
chr9	133051983	133251983	harbor1	chr9	133079900	133080083	LTR/ERV1	1867	-	92	133079992	28009
chr9	133051983	133251983	harbor1	chr9	133080404	133080623	LTR/ERV1	940	-	110	133080514	28531
chr9	135905941	136105941	harbor1	chr9	135913899	135914164	LTR/ERV1	2224	-	132	135914031	8090
chr9	135905941	136105941	harbor1	chr9	135914465	135914618	LTR/ERV1	2224	-	76	135914541	8600
chr9	4692910	4892910	harbor1	chr9	4752442	4752692	LTR/ERV1	1126	-	125	4752567	59657
chr9	4692910	4892910	harbor1	chr9	4755575	4755863	LTR/ERV1	1640	-	144	4755719	62809
chr9	4692910	4892910	harbor1	chr9	4756168	4756240	LTR/ERV1	1640	-	36	4756204	63294
chr9	4692910	4892910	harbor1	chr9	4756261	4756546	LTR/ERV1	1781	-	142	4756403	63493
chr9	4692910	4892910	harbor1	chr9	4756775	4757260	LTR/ERV1	1930	-	242	4757017	64107
chr9	4663850	4863850	harbor1	chr9	4752442	4752692	LTR/ERV1	1126	-	125	4752567	88717
chr9	4663850	4863850	harbor1	chr9	4755575	4755863	LTR/ERV1	1640	-	144	4755719	91869
chr9	4663850	4863850	harbor1	chr9	4756168	4756240	LTR/ERV1	1640	-	36	4756204	92354
chr9	4663850	4863850	harbor1	chr9	4756261	4756546	LTR/ERV1	1781	-	142	4756403	92553
chr9	4663850	4863850	harbor1	chr9	4756775	4757260	LTR/ERV1	1930	-	242	4757017	93167
chr9	136748358	136948358	harbor1	chr9	136772237	136772446	LTR/ERV1	2771	-	104	136772341	23983
chr9	136748358	136948358	harbor1	chr9	136772740	136772751	LTR/ERV1	2771	-	6	136772746	24388
chr9	136748358	136948358	harbor1	chr9	136773049	136773337	LTR/ERV1	2771	-	144	136773193	24835
chr9	136748358	136948358	harbor1	chr9	136811075	136811320	LTR/ERV1	1416	-	122	136811197	62839
chr9	136748358	136948358	harbor1	chr9	136811797	136812013	LTR/ERV1	1203	-	108	136811905	63547
chr9	4669263	4869263	harbor1	chr9	4752442	4752692	LTR/ERV1	1126	-	125	4752567	83304
chr9	4669263	4869263	harbor1	chr9	4755575	4755863	LTR/ERV1	1640	-	144	4755719	86456
chr9	4669263	4869263	harbor1	chr9	4756168	4756240	LTR/ERV1	1640	-	36	4756204	86941
chr9	4669263	4869263	harbor1	chr9	4756261	4756546	LTR/ERV1	1781	-	142	4756403	87140
chr9	4669263	4869263	harbor1	chr9	4756775	4757260	LTR/ERV1	1930	-	242	4757017	87754
chr9	4597199	4797199	harbor1	chr9	4654276	4655017	LTR/ERV1	4749	-	370	4654646	57447
chr9	4597199	4797199	harbor1	chr9	4657562	4657949	LTR/ERV1	664	-	194	4657756	60557
chr9	133968504	134168504	harbor1	chr9	134015016	134015216	LTR/ERV1	762	-	100	134015116	46612
chr9	133968504	134168504	harbor1	chr9	134016708	134017052	LTR/ERV1	4251	-	172	134016880	48376
chr9	133968504	134168504	harbor1	chr9	134017356	134017480	LTR/ERV1	4251	-	62	134017418	48914
chr9	133968504	134168504	harbor1	chr9	134018002	134018167	LTR/ERV1	4251	-	82	134018084	49580
chr9	133968504	134168504	harbor1	chr9	134018464	134018576	LTR/ERV1	4251	-	56	134018520	50016
chr9	133968504	134168504	harbor1	chr9	134018867	134019066	LTR/ERV1	4251	-	100	134018967	50463
chr9	133968504	134168504	harbor1	chr9	134019706	134019986	LTR/ERV1	1652	-	140	134019846	51342
chr9	133968504	134168504	harbor1	chr9	134020336	134020373	LTR/ERV1	4758	-	18	134020354	51850
chr9	133968504	134168504	harbor1	chr9	134020631	134020901	LTR/ERV1	4758	-	135	134020766	52262
chr9	133968504	134168504	harbor1	chr9	134021164	134021333	LTR/ERV1	4758	-	84	134021248	52744
chr9	133968504	134168504	harbor1	chr9	134021665	134021877	LTR/ERV1	4758	-	106	134021771	53267
chr9	133968504	134168504	harbor1	chr9	134022174	134022435	LTR/ERV1	4758	-	130	134022304	53800
chr9	133968504	134168504	harbor1	chr9	134022439	134022673	LTR/ERV1	1328	-	117	134022556	54052
chr9	133968504	134168504	harbor1	chr9	134022980	134023083	LTR/ERV1	1328	-	52	134023032	54528
chr9	133968504	134168504	harbor1	chr9	134023082	134023218	LTR/ERV1	699	-	68	134023150	54646
chr9	127963377	128163377	harbor1	chr9	128047012	128047545	LTR/ERV1	1879	-	266	128047278	83901
chr9	127963377	128163377	harbor1	chr9	128049024	128049156	LTR/ERV1	2363	-	66	128049090	85713
chr9	127963377	128163377	harbor1	chr9	128049467	128049477	LTR/ERV1	2363	-	5	128049472	86095
chr9	127963377	128163377	harbor1	chr9	128049792	128050149	LTR/ERV1	2363	-	178	128049970	86593
chr9	61551186	61751186	harbor1	chr9	61558107	61558324	LTR/ERV1	1523	-	108	61558215	7029
chr9	61551186	61751186	harbor1	chr9	61558602	61559206	LTR/ERV1	2646	-	302	61558904	7718
chr9	61551186	61751186	harbor1	chr9	61573350	61573677	LTR/ERV1	860	-	164	61573514	22328
chr9	4692901	4892901	harbor1	chr9	4752442	4752692	LTR/ERV1	1126	-	125	4752567	59666
chr9	4692901	4892901	harbor1	chr9	4755575	4755863	LTR/ERV1	1640	-	144	4755719	62818
chr9	4692901	4892901	harbor1	chr9	4756168	4756240	LTR/ERV1	1640	-	36	4756204	63303
chr9	4692901	4892901	harbor1	chr9	4756261	4756546	LTR/ERV1	1781	-	142	4756403	63502
chr9	4692901	4892901	harbor1	chr9	4756775	4757260	LTR/ERV1	1930	-	242	4757017	64116
chr9	133063664	133263664	harbor1	chr9	133075826	133076298	LTR/ERV1	2892	-	236	133076062	12398
chr9	133063664	133263664	harbor1	chr9	133076309	133079550	LTR/ERV1	16025	-	1620	133077929	14265
chr9	133063664	133263664	harbor1	chr9	133079541	133079664	LTR/ERV1	739	-	62	133079603	15939
chr9	133063664	133263664	harbor1	chr9	133079657	133079871	LTR/ERV1	1867	-	107	133079764	16100
chr9	133063664	133263664	harbor1	chr9	133079900	133080083	LTR/ERV1	1867	-	92	133079992	16328
chr9	133063664	133263664	harbor1	chr9	133080404	133080623	LTR/ERV1	940	-	110	133080514	16850
chr9	133047949	133247949	harbor1	chr9	133075826	133076298	LTR/ERV1	2892	-	236	133076062	28113
chr9	133047949	133247949	harbor1	chr9	133076309	133079550	LTR/ERV1	16025	-	1620	133077929	29980
chr9	133047949	133247949	harbor1	chr9	133079541	133079664	LTR/ERV1	739	-	62	133079603	31654
chr9	133047949	133247949	harbor1	chr9	133079657	133079871	LTR/ERV1	1867	-	107	133079764	31815
chr9	133047949	133247949	harbor1	chr9	133079900	133080083	LTR/ERV1	1867	-	92	133079992	32043
chr9	133047949	133247949	harbor1	chr9	133080404	133080623	LTR/ERV1	940	-	110	133080514	32565
chr9	133934915	134134915	harbor1	chr9	134015016	134015216	LTR/ERV1	762	-	100	134015116	80201
chr9	133934915	134134915	harbor1	chr9	134016708	134017052	LTR/ERV1	4251	-	172	134016880	81965
chr9	133934915	134134915	harbor1	chr9	134017356	134017480	LTR/ERV1	4251	-	62	134017418	82503
chr9	133934915	134134915	harbor1	chr9	134018002	134018167	LTR/ERV1	4251	-	82	134018084	83169
chr9	133934915	134134915	harbor1	chr9	134018464	134018576	LTR/ERV1	4251	-	56	134018520	83605
chr9	133934915	134134915	harbor1	chr9	134018867	134019066	LTR/ERV1	4251	-	100	134018967	84052
chr9	133934915	134134915	harbor1	chr9	134019706	134019986	LTR/ERV1	1652	-	140	134019846	84931
chr9	133934915	134134915	harbor1	chr9	134020336	134020373	LTR/ERV1	4758	-	18	134020354	85439
chr9	133934915	134134915	harbor1	chr9	134020631	134020901	LTR/ERV1	4758	-	135	134020766	85851
chr9	133934915	134134915	harbor1	chr9	134021164	134021333	LTR/ERV1	4758	-	84	134021248	86333
chr9	133934915	134134915	harbor1	chr9	134021665	134021877	LTR/ERV1	4758	-	106	134021771	86856
chr9	133934915	134134915	harbor1	chr9	134022174	134022435	LTR/ERV1	4758	-	130	134022304	87389
chr9	133934915	134134915	harbor1	chr9	134022439	134022673	LTR/ERV1	1328	-	117	134022556	87641
chr9	133934915	134134915	harbor1	chr9	134022980	134023083	LTR/ERV1	1328	-	52	134023032	88117
chr9	133934915	134134915	harbor1	chr9	134023082	134023218	LTR/ERV1	699	-	68	134023150	88235
chr9	4692868	4892868	harbor1	chr9	4752442	4752692	LTR/ERV1	1126	-	125	4752567	59699
chr9	4692868	4892868	harbor1	chr9	4755575	4755863	LTR/ERV1	1640	-	144	4755719	62851
chr9	4692868	4892868	harbor1	chr9	4756168	4756240	LTR/ERV1	1640	-	36	4756204	63336
chr9	4692868	4892868	harbor1	chr9	4756261	4756546	LTR/ERV1	1781	-	142	4756403	63535
chr9	4692868	4892868	harbor1	chr9	4756775	4757260	LTR/ERV1	1930	-	242	4757017	64149
chr9	4692205	4892205	harbor1	chr9	4752442	4752692	LTR/ERV1	1126	-	125	4752567	60362
chr9	4692205	4892205	harbor1	chr9	4755575	4755863	LTR/ERV1	1640	-	144	4755719	63514
chr9	4692205	4892205	harbor1	chr9	4756168	4756240	LTR/ERV1	1640	-	36	4756204	63999
chr9	4692205	4892205	harbor1	chr9	4756261	4756546	LTR/ERV1	1781	-	142	4756403	64198
chr9	4692205	4892205	harbor1	chr9	4756775	4757260	LTR/ERV1	1930	-	242	4757017	64812
chr9	4692961	4892961	harbor1	chr9	4752442	4752692	LTR/ERV1	1126	-	125	4752567	59606
chr9	4692961	4892961	harbor1	chr9	4755575	4755863	LTR/ERV1	1640	-	144	4755719	62758
chr9	4692961	4892961	harbor1	chr9	4756168	4756240	LTR/ERV1	1640	-	36	4756204	63243
chr9	4692961	4892961	harbor1	chr9	4756261	4756546	LTR/ERV1	1781	-	142	4756403	63442
chr9	4692961	4892961	harbor1	chr9	4756775	4757260	LTR/ERV1	1930	-	242	4757017	64056
chr9	4692661	4892661	harbor1	chr9	4752442	4752692	LTR/ERV1	1126	-	125	4752567	59906
chr9	4692661	4892661	harbor1	chr9	4755575	4755863	LTR/ERV1	1640	-	144	4755719	63058
chr9	4692661	4892661	harbor1	chr9	4756168	4756240	LTR/ERV1	1640	-	36	4756204	63543
chr9	4692661	4892661	harbor1	chr9	4756261	4756546	LTR/ERV1	1781	-	142	4756403	63742
chr9	4692661	4892661	harbor1	chr9	4756775	4757260	LTR/ERV1	1930	-	242	4757017	64356
chr10	102140008	102340008	harbor1	chr10	102180852	102181351	LTR/ERV1	4663	-	250	102181102	41094
chr10	102140008	102340008	harbor1	chr10	102181661	102181932	LTR/ERV1	4663	-	136	102181797	41789
chr10	102140008	102340008	harbor1	chr10	102188019	102189061	LTR/ERV1	3465	-	521	102188540	48532
chr10	102140008	102340008	harbor1	chr10	102193133	102193586	LTR/ERV1	3512	-	226	102193359	53351
chr10	102140008	102340008	harbor1	chr10	102193595	102193771	LTR/ERV1	10077	-	88	102193683	53675
chr10	102140008	102340008	harbor1	chr10	102194054	102194180	LTR/ERV1	10077	-	63	102194117	54109
chr10	102140008	102340008	harbor1	chr10	102194814	102195871	LTR/ERV1	10077	-	528	102195342	55334
chr10	102140008	102340008	harbor1	chr10	102196238	102197447	LTR/ERV1	25283	-	604	102196842	56834
chr10	102140008	102340008	harbor1	chr10	102197748	102198553	LTR/ERV1	25283	-	402	102198150	58142
chr10	102140008	102340008	harbor1	chr10	102198877	102199775	LTR/ERV1	25283	-	449	102199326	59318
chr10	102140008	102340008	harbor1	chr10	102199776	102201425	LTR/ERV1	8233	-	824	102200600	60592
chr10	102140008	102340008	harbor1	chr10	102201426	102201989	LTR/ERV1	25283	-	282	102201708	61700
chr10	102140008	102340008	harbor1	chr10	102204397	102204851	LTR/ERV1	3204	-	227	102204624	64616
chr10	102140008	102340008	harbor1	chr10	102201981	102204396	LTR/ERV1	18242	-	1208	102203189	63181
chr10	131310777	131510777	harbor1	chr10	131397572	131398214	LTR/ERV1	3025	-	321	131397893	87116
chr10	131310777	131510777	harbor1	chr10	131399224	131399811	LTR/ERV1	4692	-	294	131399518	88741
chr10	560140	760140	harbor1	chr10	601701	602154	LTR/ERV1	971	-	226	601927	41787
chr10	49511878	49711878	harbor1	chr10	49541733	49542118	LTR/ERV1	3426	-	192	49541925	30047
chr10	49511878	49711878	harbor1	chr10	49542489	49542827	LTR/ERV1	3426	-	169	49542658	30780
chr10	49511878	49711878	harbor1	chr10	49543227	49543856	LTR/ERV1	4817	-	314	49543541	31663
chr10	49511878	49711878	harbor1	chr10	49545898	49546488	LTR/ERV1	16523	-	295	49546193	34315
chr10	49511878	49711878	harbor1	chr10	49546818	49548928	LTR/ERV1	16523	-	1055	49547873	35995
chr10	49511878	49711878	harbor1	chr10	49548919	49549551	LTR/ERV1	4626	-	316	49549235	37357
chr10	49511878	49711878	harbor1	chr10	49549552	49550170	LTR/ERV1	4665	-	309	49549861	37983
chr10	49511878	49711878	harbor1	chr10	49550171	49550338	LTR/ERV1	3940	-	84	49550255	38377
chr10	49511878	49711878	harbor1	chr10	49550639	49551226	LTR/ERV1	3940	-	294	49550933	39055
chr10	49511878	49711878	harbor1	chr10	49552021	49552446	LTR/ERV1	2557	-	212	49552233	40355
chr10	49511878	49711878	harbor1	chr10	49553061	49553771	LTR/ERV1	3358	-	355	49553416	41538
chr10	49511878	49711878	harbor1	chr10	49559457	49560121	LTR/ERV1	2975	-	332	49559789	47911
chr10	49511878	49711878	harbor1	chr10	49569057	49569735	LTR/ERV1	2339	-	339	49569396	57518
chr10	49511878	49711878	harbor1	chr10	49573035	49573664	LTR/ERV1	3535	-	314	49573349	61471
chr10	49511878	49711878	harbor1	chr10	49596478	49596917	LTR/ERV1	1053	-	220	49596698	84820
chr10	49511878	49711878	harbor1	chr10	49543857	49545582	LTR/ERV1	12183	-	862	49544719	32841
chr10	102141807	102341807	harbor1	chr10	102180852	102181351	LTR/ERV1	4663	-	250	102181102	39295
chr10	102141807	102341807	harbor1	chr10	102181661	102181932	LTR/ERV1	4663	-	136	102181797	39990
chr10	102141807	102341807	harbor1	chr10	102188019	102189061	LTR/ERV1	3465	-	521	102188540	46733
chr10	102141807	102341807	harbor1	chr10	102193133	102193586	LTR/ERV1	3512	-	226	102193359	51552
chr10	102141807	102341807	harbor1	chr10	102193595	102193771	LTR/ERV1	10077	-	88	102193683	51876
chr10	102141807	102341807	harbor1	chr10	102194054	102194180	LTR/ERV1	10077	-	63	102194117	52310
chr10	102141807	102341807	harbor1	chr10	102194814	102195871	LTR/ERV1	10077	-	528	102195342	53535
chr10	102141807	102341807	harbor1	chr10	102196238	102197447	LTR/ERV1	25283	-	604	102196842	55035
chr10	102141807	102341807	harbor1	chr10	102197748	102198553	LTR/ERV1	25283	-	402	102198150	56343
chr10	102141807	102341807	harbor1	chr10	102198877	102199775	LTR/ERV1	25283	-	449	102199326	57519
chr10	102141807	102341807	harbor1	chr10	102199776	102201425	LTR/ERV1	8233	-	824	102200600	58793
chr10	102141807	102341807	harbor1	chr10	102201426	102201989	LTR/ERV1	25283	-	282	102201708	59901
chr10	102141807	102341807	harbor1	chr10	102204397	102204851	LTR/ERV1	3204	-	227	102204624	62817
chr10	102141807	102341807	harbor1	chr10	102201981	102204396	LTR/ERV1	18242	-	1208	102203189	61382
chr10	14778677	14978677	harbor1	chr10	14778574	14779136	LTR/ERV1	2155	-	281	14778855	178
chr10	7566933	7766933	harbor1	chr10	7639096	7639563	LTR/ERV1	2085	-	234	7639330	72397
chr10	7566933	7766933	harbor1	chr10	7658437	7659042	LTR/ERV1	3075	-	302	7658739	91806
chr10	37911041	38111041	harbor1	chr10	37917034	37917640	LTR/ERV1	1660	-	303	37917337	6296
chr10	37911041	38111041	harbor1	chr10	37943995	37944271	LTR/ERV1	1493	-	138	37944133	33092
chr10	37911041	38111041	harbor1	chr10	37978640	37978667	LTR/ERV1	2928	-	14	37978654	67613
chr10	37911041	38111041	harbor1	chr10	38003017	38003423	LTR/ERV1	2981	-	203	38003220	92179
chr10	37911041	38111041	harbor1	chr10	38003426	38003944	LTR/ERV1	4045	-	259	38003685	92644
chr10	37911041	38111041	harbor1	chr10	37977683	37978341	LTR/ERV1	2928	-	329	37978012	66971
chr10	6442674	6642674	harbor1	chr10	6511459	6511904	LTR/ERV1	2365	-	222	6511681	69007
chr10	69458832	69658832	harbor1	chr10	69527955	69529381	LTR/ERV1	4517	-	713	69528668	69836
chr10	133103372	133303372	harbor1	chr10	133196630	133196868	LTR/ERV1	566	-	119	133196749	93377
chr10	133103372	133303372	harbor1	chr10	133196868	133196987	LTR/ERV1	554	-	60	133196928	93556
chr10	100086018	100286018	harbor1	chr10	100106619	100107275	LTR/ERV1	3726	-	328	100106947	20929
chr10	100086018	100286018	harbor1	chr10	100125203	100125345	LTR/ERV1	2563	-	71	100125274	39256
chr10	100086018	100286018	harbor1	chr10	100125714	100126143	LTR/ERV1	2563	-	214	100125928	39910
chr10	14778710	14978710	harbor1	chr10	14778574	14779136	LTR/ERV1	2155	-	281	14778855	145
chr10	113669309	113869309	harbor1	chr10	113712643	113713322	LTR/ERV1	4397	-	340	113712983	43674
chr10	113669309	113869309	harbor1	chr10	113734516	113735103	LTR/ERV1	3199	-	294	113734810	65501
chr10	75111057	75311057	harbor1	chr10	75183584	75183832	LTR/ERV1	1007	-	124	75183708	72651
chr10	75111057	75311057	harbor1	chr10	75196898	75197096	LTR/ERV1	1553	-	99	75196997	85940
chr10	75111057	75311057	harbor1	chr10	75206390	75206411	LTR/ERV1	3171	-	10	75206400	95343
chr10	75111057	75311057	harbor1	chr10	75206450	75206463	LTR/ERV1	3171	-	6	75206456	95399
chr10	75111057	75311057	harbor1	chr10	75207106	75207533	LTR/ERV1	3171	-	214	75207320	96263
chr10	75111057	75311057	harbor1	chr10	75209151	75209408	LTR/ERV1	1953	-	128	75209279	98222
chr10	75111057	75311057	harbor1	chr10	75209713	75209895	LTR/ERV1	1953	-	91	75209804	98747
chr10	132232440	132432440	harbor1	chr10	132320257	132320762	LTR/ERV1	1624	-	252	132320509	88069
chr10	132232440	132432440	harbor1	chr10	132324653	132325089	LTR/ERV1	2123	-	218	132324871	92431
chr10	132232440	132432440	harbor1	chr10	132326059	132326340	LTR/ERV1	1453	-	140	132326199	93759
chr10	132232440	132432440	harbor1	chr10	132326623	132326901	LTR/ERV1	1453	-	139	132326762	94322
chr10	132232440	132432440	harbor1	chr10	132328025	132328756	LTR/ERV1	3453	-	366	132328391	95951
chr10	14778691	14978691	harbor1	chr10	14778574	14779136	LTR/ERV1	2155	-	281	14778855	164
chr10	102140695	102340695	harbor1	chr10	102180852	102181351	LTR/ERV1	4663	-	250	102181102	40407
chr10	102140695	102340695	harbor1	chr10	102181661	102181932	LTR/ERV1	4663	-	136	102181797	41102
chr10	102140695	102340695	harbor1	chr10	102188019	102189061	LTR/ERV1	3465	-	521	102188540	47845
chr10	102140695	102340695	harbor1	chr10	102193133	102193586	LTR/ERV1	3512	-	226	102193359	52664
chr10	102140695	102340695	harbor1	chr10	102193595	102193771	LTR/ERV1	10077	-	88	102193683	52988
chr10	102140695	102340695	harbor1	chr10	102194054	102194180	LTR/ERV1	10077	-	63	102194117	53422
chr10	102140695	102340695	harbor1	chr10	102194814	102195871	LTR/ERV1	10077	-	528	102195342	54647
chr10	102140695	102340695	harbor1	chr10	102196238	102197447	LTR/ERV1	25283	-	604	102196842	56147
chr10	102140695	102340695	harbor1	chr10	102197748	102198553	LTR/ERV1	25283	-	402	102198150	57455
chr10	102140695	102340695	harbor1	chr10	102198877	102199775	LTR/ERV1	25283	-	449	102199326	58631
chr10	102140695	102340695	harbor1	chr10	102199776	102201425	LTR/ERV1	8233	-	824	102200600	59905
chr10	102140695	102340695	harbor1	chr10	102201426	102201989	LTR/ERV1	25283	-	282	102201708	61013
chr10	102140695	102340695	harbor1	chr10	102204397	102204851	LTR/ERV1	3204	-	227	102204624	63929
chr10	102140695	102340695	harbor1	chr10	102201981	102204396	LTR/ERV1	18242	-	1208	102203189	62494
chr10	102141695	102341695	harbor1	chr10	102180852	102181351	LTR/ERV1	4663	-	250	102181102	39407
chr10	102141695	102341695	harbor1	chr10	102181661	102181932	LTR/ERV1	4663	-	136	102181797	40102
chr10	102141695	102341695	harbor1	chr10	102188019	102189061	LTR/ERV1	3465	-	521	102188540	46845
chr10	102141695	102341695	harbor1	chr10	102193133	102193586	LTR/ERV1	3512	-	226	102193359	51664
chr10	102141695	102341695	harbor1	chr10	102193595	102193771	LTR/ERV1	10077	-	88	102193683	51988
chr10	102141695	102341695	harbor1	chr10	102194054	102194180	LTR/ERV1	10077	-	63	102194117	52422
chr10	102141695	102341695	harbor1	chr10	102194814	102195871	LTR/ERV1	10077	-	528	102195342	53647
chr10	102141695	102341695	harbor1	chr10	102196238	102197447	LTR/ERV1	25283	-	604	102196842	55147
chr10	102141695	102341695	harbor1	chr10	102197748	102198553	LTR/ERV1	25283	-	402	102198150	56455
chr10	102141695	102341695	harbor1	chr10	102198877	102199775	LTR/ERV1	25283	-	449	102199326	57631
chr10	102141695	102341695	harbor1	chr10	102199776	102201425	LTR/ERV1	8233	-	824	102200600	58905
chr10	102141695	102341695	harbor1	chr10	102201426	102201989	LTR/ERV1	25283	-	282	102201708	60013
chr10	102141695	102341695	harbor1	chr10	102204397	102204851	LTR/ERV1	3204	-	227	102204624	62929
chr10	102141695	102341695	harbor1	chr10	102201981	102204396	LTR/ERV1	18242	-	1208	102203189	61494
chr10	6020235	6220235	harbor1	chr10	6044176	6044667	LTR/ERV1	2396	-	246	6044422	24187
chr10	102141682	102341682	harbor1	chr10	102180852	102181351	LTR/ERV1	4663	-	250	102181102	39420
chr10	102141682	102341682	harbor1	chr10	102181661	102181932	LTR/ERV1	4663	-	136	102181797	40115
chr10	102141682	102341682	harbor1	chr10	102188019	102189061	LTR/ERV1	3465	-	521	102188540	46858
chr10	102141682	102341682	harbor1	chr10	102193133	102193586	LTR/ERV1	3512	-	226	102193359	51677
chr10	102141682	102341682	harbor1	chr10	102193595	102193771	LTR/ERV1	10077	-	88	102193683	52001
chr10	102141682	102341682	harbor1	chr10	102194054	102194180	LTR/ERV1	10077	-	63	102194117	52435
chr10	102141682	102341682	harbor1	chr10	102194814	102195871	LTR/ERV1	10077	-	528	102195342	53660
chr10	102141682	102341682	harbor1	chr10	102196238	102197447	LTR/ERV1	25283	-	604	102196842	55160
chr10	102141682	102341682	harbor1	chr10	102197748	102198553	LTR/ERV1	25283	-	402	102198150	56468
chr10	102141682	102341682	harbor1	chr10	102198877	102199775	LTR/ERV1	25283	-	449	102199326	57644
chr10	102141682	102341682	harbor1	chr10	102199776	102201425	LTR/ERV1	8233	-	824	102200600	58918
chr10	102141682	102341682	harbor1	chr10	102201426	102201989	LTR/ERV1	25283	-	282	102201708	60026
chr10	102141682	102341682	harbor1	chr10	102204397	102204851	LTR/ERV1	3204	-	227	102204624	62942
chr10	102141682	102341682	harbor1	chr10	102201981	102204396	LTR/ERV1	18242	-	1208	102203189	61507
chr10	114721980	114921980	harbor1	chr10	114780295	114780730	LTR/ERV1	2155	-	218	114780513	58533
chr10	62704867	62904867	harbor1	chr10	62795670	62796394	LTR/ERV1	4320	-	362	62796032	91165
chr10	132984294	133184294	harbor1	chr10	133000057	133000236	LTR/ERV1	787	-	90	133000147	15853
chr10	132984294	133184294	harbor1	chr10	133002621	133003477	LTR/ERV1	5832	-	428	133003049	18755
chr10	132207804	132407804	harbor1	chr10	132220900	132221033	LTR/ERV1	689	-	66	132220966	13162
chr10	2967276	3167276	harbor1	chr10	2979543	2979998	LTR/ERV1	2593	-	228	2979771	12495
chr10	2967276	3167276	harbor1	chr10	2995554	2997553	LTR/ERV1	12307	-	1000	2996554	29278
chr10	2967276	3167276	harbor1	chr10	2997608	2998073	LTR/ERV1	2734	-	232	2997840	30564
chr10	2967276	3167276	harbor1	chr10	2998081	2998180	LTR/ERV1	874	-	50	2998131	30855
chr10	2967276	3167276	harbor1	chr10	3000426	3000871	LTR/ERV1	2787	-	222	3000648	33372
chr10	2967276	3167276	harbor1	chr10	3000997	3001605	LTR/ERV1	2873	-	304	3001301	34025
chr10	2967276	3167276	harbor1	chr10	3002487	3002828	LTR/ERV1	1140	-	170	3002657	35381
chr10	2967276	3167276	harbor1	chr10	3051754	3052150	LTR/ERV1	2432	-	198	3051952	84676
chr10	132232445	132432445	harbor1	chr10	132320257	132320762	LTR/ERV1	1624	-	252	132320509	88064
chr10	132232445	132432445	harbor1	chr10	132324653	132325089	LTR/ERV1	2123	-	218	132324871	92426
chr10	132232445	132432445	harbor1	chr10	132326059	132326340	LTR/ERV1	1453	-	140	132326199	93754
chr10	132232445	132432445	harbor1	chr10	132326623	132326901	LTR/ERV1	1453	-	139	132326762	94317
chr10	132232445	132432445	harbor1	chr10	132328025	132328756	LTR/ERV1	3453	-	366	132328391	95946
chr10	14778054	14978054	harbor1	chr10	14778574	14779136	LTR/ERV1	2155	-	281	14778855	801
chr10	89151734	89351734	harbor1	chr10	89181817	89182289	LTR/ERV1	2688	-	236	89182053	30319
chr10	131255629	131455629	harbor1	chr10	131266465	131267530	LTR/ERV1	4299	-	532	131266997	11368
chr10	131255629	131455629	harbor1	chr10	131267675	131267856	LTR/ERV1	603	-	90	131267765	12136
chr10	131255629	131455629	harbor1	chr10	131267958	131268255	LTR/ERV1	629	-	148	131268106	12477
chr10	131255629	131455629	harbor1	chr10	131279985	131280355	LTR/ERV1	1489	-	185	131280170	24541
chr10	131255629	131455629	harbor1	chr10	131280354	131280658	LTR/ERV1	2055	-	152	131280506	24877
chr10	43100314	43300314	harbor1	chr10	43107613	43107954	LTR/ERV1	1566	-	170	43107783	7469
chr10	43100314	43300314	harbor1	chr10	43108351	43108638	LTR/ERV1	1587	-	144	43108495	8181
chr10	43100314	43300314	harbor1	chr10	43133295	43133758	LTR/ERV1	1893	-	232	43133527	33213
chr10	43100314	43300314	harbor1	chr10	43133759	43134398	LTR/ERV1	2502	-	320	43134079	33765
chr10	43100314	43300314	harbor1	chr10	43134473	43134840	LTR/ERV1	1591	-	184	43134657	34343
chr10	43100314	43300314	harbor1	chr10	43134885	43135227	LTR/ERV1	3036	-	171	43135056	34742
chr10	43100314	43300314	harbor1	chr10	43135506	43136037	LTR/ERV1	3036	-	266	43135772	35458
chr10	43100314	43300314	harbor1	chr10	43136229	43136701	LTR/ERV1	898	-	236	43136465	36151
chr10	43100314	43300314	harbor1	chr10	43136730	43136844	LTR/ERV1	592	-	57	43136787	36473
chr10	43100314	43300314	harbor1	chr10	43145130	43145406	LTR/ERV1	1866	-	138	43145268	44954
chr10	43100314	43300314	harbor1	chr10	43145707	43145875	LTR/ERV1	1866	-	84	43145791	45477
chr10	43100314	43300314	harbor1	chr10	43185701	43186166	LTR/ERV1	1136	-	232	43185933	85619
chr10	48299633	48499633	harbor1	chr10	48330535	48330954	LTR/ERV1	3331	-	210	48330745	31112
chr10	48299633	48499633	harbor1	chr10	48334177	48334721	LTR/ERV1	4145	-	272	48334449	34816
chr10	48299633	48499633	harbor1	chr10	48334722	48335179	LTR/ERV1	3420	-	228	48334950	35317
chr10	48299633	48499633	harbor1	chr10	48366281	48366610	LTR/ERV1	1128	-	164	48366445	66812
chr10	48299633	48499633	harbor1	chr10	48377787	48378085	LTR/ERV1	838	-	149	48377936	78303
chr10	48299633	48499633	harbor1	chr10	48378172	48378774	LTR/ERV1	3390	-	301	48378473	78840
chr10	48299633	48499633	harbor1	chr10	48378924	48379961	LTR/ERV1	5371	-	518	48379442	79809
chr10	48299633	48499633	harbor1	chr10	48380250	48380449	LTR/ERV1	4527	-	100	48380350	80717
chr10	48299633	48499633	harbor1	chr10	48382967	48383434	LTR/ERV1	1560	-	234	48383201	83568
chr10	48299633	48499633	harbor1	chr10	48383920	48383974	LTR/ERV1	582	-	27	48383947	84314
chr10	48299633	48499633	harbor1	chr10	48384262	48384425	LTR/ERV1	582	-	82	48384344	84711
chr10	48299633	48499633	harbor1	chr10	48384426	48384605	LTR/ERV1	707	-	90	48384516	84883
chr10	48299633	48499633	harbor1	chr10	48384864	48385279	LTR/ERV1	1023	-	208	48385072	85439
chr10	48299633	48499633	harbor1	chr10	48330955	48333651	LTR/ERV1	21174	-	1348	48332303	32670
chr10	48299633	48499633	harbor1	chr10	48380753	48382651	LTR/ERV1	4527	-	949	48381702	82069
chr10	14778029	14978029	harbor1	chr10	14778574	14779136	LTR/ERV1	2155	-	281	14778855	826
chr10	68131746	68331746	harbor1	chr10	68151843	68152394	LTR/ERV1	2853	-	276	68152119	20373
chr10	68131746	68331746	harbor1	chr10	68162815	68163022	LTR/ERV1	2859	-	104	68162919	31173
chr10	68131746	68331746	harbor1	chr10	68163303	68163345	LTR/ERV1	2859	-	21	68163324	31578
chr10	68131746	68331746	harbor1	chr10	68163658	68163891	LTR/ERV1	2859	-	116	68163774	32028
chr10	68131746	68331746	harbor1	chr10	68168407	68168759	LTR/ERV1	1656	-	176	68168583	36837
chr10	68131746	68331746	harbor1	chr10	68181622	68182178	LTR/ERV1	983	-	278	68181900	50154
chr10	132232398	132432398	harbor1	chr10	132320257	132320762	LTR/ERV1	1624	-	252	132320509	88111
chr10	132232398	132432398	harbor1	chr10	132324653	132325089	LTR/ERV1	2123	-	218	132324871	92473
chr10	132232398	132432398	harbor1	chr10	132326059	132326340	LTR/ERV1	1453	-	140	132326199	93801
chr10	132232398	132432398	harbor1	chr10	132326623	132326901	LTR/ERV1	1453	-	139	132326762	94364
chr10	132232398	132432398	harbor1	chr10	132328025	132328756	LTR/ERV1	3453	-	366	132328391	95993
chr10	72254310	72454310	harbor1	chr10	72330333	72330681	LTR/ERV1	827	-	174	72330507	76197
chr10	72254310	72454310	harbor1	chr10	72330979	72331221	LTR/ERV1	827	-	121	72331100	76790
chr10	89151741	89351741	harbor1	chr10	89181817	89182289	LTR/ERV1	2688	-	236	89182053	30312
chr10	133130641	133330641	harbor1	chr10	133196630	133196868	LTR/ERV1	566	-	119	133196749	66108
chr10	133130641	133330641	harbor1	chr10	133196868	133196987	LTR/ERV1	554	-	60	133196928	66287
chr10	46006427	46206427	harbor1	chr10	46050921	46051343	LTR/ERV1	2229	-	211	46051132	44705
chr10	46006427	46206427	harbor1	chr10	46054555	46055019	LTR/ERV1	3227	-	232	46054787	48360
chr10	46006427	46206427	harbor1	chr10	46055663	46055878	LTR/ERV1	1392	-	108	46055771	49344
chr10	46006427	46206427	harbor1	chr10	46059115	46059768	LTR/ERV1	1856	-	326	46059441	53014
chr10	43474486	43674486	harbor1	chr10	43474921	43475195	LTR/ERV1	1947	-	137	43475058	572
chr10	131310773	131510773	harbor1	chr10	131397572	131398214	LTR/ERV1	3025	-	321	131397893	87120
chr10	131310773	131510773	harbor1	chr10	131399224	131399811	LTR/ERV1	4692	-	294	131399518	88745
chr10	75302350	75502350	harbor1	chr10	75342518	75342657	LTR/ERV1	807	-	70	75342588	40238
chr10	86532110	86732110	harbor1	chr10	86538209	86538756	LTR/ERV1	2590	-	274	86538483	6373
chr10	86532110	86732110	harbor1	chr10	86561238	86561689	LTR/ERV1	2782	-	226	86561464	29354
chr10	86532110	86732110	harbor1	chr10	86561690	86562232	LTR/ERV1	3558	-	271	86561961	29851
chr10	86532110	86732110	harbor1	chr10	86562226	86562486	LTR/ERV1	1700	-	130	86562356	30246
chr10	86532110	86732110	harbor1	chr10	86562477	86563729	LTR/ERV1	4129	-	626	86563103	30993
chr10	86532110	86732110	harbor1	chr10	86563726	86565801	LTR/ERV1	12996	-	1038	86564764	32654
chr10	86532110	86732110	harbor1	chr10	86565857	86566300	LTR/ERV1	2050	-	222	86566079	33969
chr10	86532110	86732110	harbor1	chr10	86566301	86566658	LTR/ERV1	2338	-	178	86566479	34369
chr10	86532110	86732110	harbor1	chr10	86567031	86567287	LTR/ERV1	5280	-	128	86567159	35049
chr10	86532110	86732110	harbor1	chr10	86567564	86567947	LTR/ERV1	5280	-	192	86567756	35646
chr10	86532110	86732110	harbor1	chr10	86568259	86568355	LTR/ERV1	5280	-	48	86568307	36197
chr10	86532110	86732110	harbor1	chr10	86568655	86568698	LTR/ERV1	5280	-	22	86568677	36567
chr10	86532110	86732110	harbor1	chr10	86569116	86569762	LTR/ERV1	3709	-	323	86569439	37329
chr10	86532110	86732110	harbor1	chr10	86598773	86599323	LTR/ERV1	4258	-	275	86599048	66938
chr10	22219191	22419191	harbor1	chr10	22278020	22278132	LTR/ERV1	1950	-	56	22278076	58885
chr10	22219191	22419191	harbor1	chr10	22278436	22278679	LTR/ERV1	1950	-	122	22278558	59367
chr10	132232418	132432418	harbor1	chr10	132320257	132320762	LTR/ERV1	1624	-	252	132320509	88091
chr10	132232418	132432418	harbor1	chr10	132324653	132325089	LTR/ERV1	2123	-	218	132324871	92453
chr10	132232418	132432418	harbor1	chr10	132326059	132326340	LTR/ERV1	1453	-	140	132326199	93781
chr10	132232418	132432418	harbor1	chr10	132326623	132326901	LTR/ERV1	1453	-	139	132326762	94344
chr10	132232418	132432418	harbor1	chr10	132328025	132328756	LTR/ERV1	3453	-	366	132328391	95973
chr10	47239932	47439932	harbor1	chr10	47294170	47294659	LTR/ERV1	3580	-	244	47294414	54482
chr10	4842408	5042408	harbor1	chr10	4844041	4845480	LTR/ERV1	10496	-	720	4844761	2353
chr10	4842408	5042408	harbor1	chr10	4853452	4853671	LTR/ERV1	1388	-	110	4853562	11154
chr10	4842408	5042408	harbor1	chr10	4866463	4866630	LTR/ERV1	1322	-	84	4866547	24139
chr10	4842408	5042408	harbor1	chr10	4866728	4867249	LTR/ERV1	3987	-	260	4866988	24580
chr10	4842408	5042408	harbor1	chr10	4918147	4918567	LTR/ERV1	2554	-	210	4918357	75949
chr10	4842408	5042408	harbor1	chr10	4936600	4937945	LTR/ERV1	9585	-	672	4937272	94864
chr10	4842408	5042408	harbor1	chr10	4940802	4941449	LTR/ERV1	567	-	324	4941126	98718
chr10	47239964	47439964	harbor1	chr10	47294170	47294659	LTR/ERV1	3580	-	244	47294414	54450
chr10	75111030	75311030	harbor1	chr10	75183584	75183832	LTR/ERV1	1007	-	124	75183708	72678
chr10	75111030	75311030	harbor1	chr10	75196898	75197096	LTR/ERV1	1553	-	99	75196997	85967
chr10	75111030	75311030	harbor1	chr10	75206390	75206411	LTR/ERV1	3171	-	10	75206400	95370
chr10	75111030	75311030	harbor1	chr10	75206450	75206463	LTR/ERV1	3171	-	6	75206456	95426
chr10	75111030	75311030	harbor1	chr10	75207106	75207533	LTR/ERV1	3171	-	214	75207320	96290
chr10	75111030	75311030	harbor1	chr10	75209151	75209408	LTR/ERV1	1953	-	128	75209279	98249
chr10	75111030	75311030	harbor1	chr10	75209713	75209895	LTR/ERV1	1953	-	91	75209804	98774
chr10	131309416	131509416	harbor1	chr10	131397572	131398214	LTR/ERV1	3025	-	321	131397893	88477
chr10	131309416	131509416	harbor1	chr10	131399224	131399811	LTR/ERV1	4692	-	294	131399518	90102
chr10	14778674	14978674	harbor1	chr10	14778574	14779136	LTR/ERV1	2155	-	281	14778855	181
chr10	132232385	132432385	harbor1	chr10	132320257	132320762	LTR/ERV1	1624	-	252	132320509	88124
chr10	132232385	132432385	harbor1	chr10	132324653	132325089	LTR/ERV1	2123	-	218	132324871	92486
chr10	132232385	132432385	harbor1	chr10	132326059	132326340	LTR/ERV1	1453	-	140	132326199	93814
chr10	132232385	132432385	harbor1	chr10	132326623	132326901	LTR/ERV1	1453	-	139	132326762	94377
chr10	132232385	132432385	harbor1	chr10	132328025	132328756	LTR/ERV1	3453	-	366	132328391	96006
chr10	75111036	75311036	harbor1	chr10	75183584	75183832	LTR/ERV1	1007	-	124	75183708	72672
chr10	75111036	75311036	harbor1	chr10	75196898	75197096	LTR/ERV1	1553	-	99	75196997	85961
chr10	75111036	75311036	harbor1	chr10	75206390	75206411	LTR/ERV1	3171	-	10	75206400	95364
chr10	75111036	75311036	harbor1	chr10	75206450	75206463	LTR/ERV1	3171	-	6	75206456	95420
chr10	75111036	75311036	harbor1	chr10	75207106	75207533	LTR/ERV1	3171	-	214	75207320	96284
chr10	75111036	75311036	harbor1	chr10	75209151	75209408	LTR/ERV1	1953	-	128	75209279	98243
chr10	75111036	75311036	harbor1	chr10	75209713	75209895	LTR/ERV1	1953	-	91	75209804	98768
chr10	62704945	62904945	harbor1	chr10	62795670	62796394	LTR/ERV1	4320	-	362	62796032	91087
chr10	132977795	133177795	harbor1	chr10	133000057	133000236	LTR/ERV1	787	-	90	133000147	22352
chr10	132977795	133177795	harbor1	chr10	133002621	133003477	LTR/ERV1	5832	-	428	133003049	25254
chr10	14778680	14978680	harbor1	chr10	14778574	14779136	LTR/ERV1	2155	-	281	14778855	175
chr10	35265	235265	harbor1	chr10	49371	50968	LTR/ERV1	5843	-	798	50169	14904
chr10	35265	235265	harbor1	chr10	51595	51877	LTR/ERV1	5843	-	141	51736	16471
chr10	35265	235265	harbor1	chr10	52350	52548	LTR/ERV1	836	-	99	52449	17184
chr10	35265	235265	harbor1	chr10	91288	92618	LTR/ERV1	4168	-	665	91953	56688
chr10	35265	235265	harbor1	chr10	103805	105572	LTR/ERV1	7744	-	884	104689	69424
chr10	35265	235265	harbor1	chr10	105932	106647	LTR/ERV1	3553	-	358	106290	71025
chr10	35265	235265	harbor1	chr10	106648	107281	LTR/ERV1	4256	-	316	106964	71699
chr10	35265	235265	harbor1	chr10	107282	107339	LTR/ERV1	3553	-	28	107310	72045
chr10	102141613	102341613	harbor1	chr10	102180852	102181351	LTR/ERV1	4663	-	250	102181102	39489
chr10	102141613	102341613	harbor1	chr10	102181661	102181932	LTR/ERV1	4663	-	136	102181797	40184
chr10	102141613	102341613	harbor1	chr10	102188019	102189061	LTR/ERV1	3465	-	521	102188540	46927
chr10	102141613	102341613	harbor1	chr10	102193133	102193586	LTR/ERV1	3512	-	226	102193359	51746
chr10	102141613	102341613	harbor1	chr10	102193595	102193771	LTR/ERV1	10077	-	88	102193683	52070
chr10	102141613	102341613	harbor1	chr10	102194054	102194180	LTR/ERV1	10077	-	63	102194117	52504
chr10	102141613	102341613	harbor1	chr10	102194814	102195871	LTR/ERV1	10077	-	528	102195342	53729
chr10	102141613	102341613	harbor1	chr10	102196238	102197447	LTR/ERV1	25283	-	604	102196842	55229
chr10	102141613	102341613	harbor1	chr10	102197748	102198553	LTR/ERV1	25283	-	402	102198150	56537
chr10	102141613	102341613	harbor1	chr10	102198877	102199775	LTR/ERV1	25283	-	449	102199326	57713
chr10	102141613	102341613	harbor1	chr10	102199776	102201425	LTR/ERV1	8233	-	824	102200600	58987
chr10	102141613	102341613	harbor1	chr10	102201426	102201989	LTR/ERV1	25283	-	282	102201708	60095
chr10	102141613	102341613	harbor1	chr10	102204397	102204851	LTR/ERV1	3204	-	227	102204624	63011
chr10	102141613	102341613	harbor1	chr10	102201981	102204396	LTR/ERV1	18242	-	1208	102203189	61576
chr10	132207902	132407902	harbor1	chr10	132220900	132221033	LTR/ERV1	689	-	66	132220966	13064
chr10	79279347	79479347	harbor1	chr10	79372838	79372957	LTR/ERV1	573	-	60	79372898	93551
chr10	110707741	110907741	harbor1	chr10	110738181	110738591	LTR/ERV1	2227	-	205	110738386	30645
chr10	110707741	110907741	harbor1	chr10	110793453	110793826	LTR/ERV1	1795	-	186	110793639	85898
chr10	89202972	89402972	harbor1	chr10	89256907	89257319	LTR/ERV1	1852	-	206	89257113	54141
chr10	89202972	89402972	harbor1	chr10	89263632	89265448	LTR/ERV1	8259	-	908	89264540	61568
chr10	46006339	46206339	harbor1	chr10	46050921	46051343	LTR/ERV1	2229	-	211	46051132	44793
chr10	46006339	46206339	harbor1	chr10	46054555	46055019	LTR/ERV1	3227	-	232	46054787	48448
chr10	46006339	46206339	harbor1	chr10	46055663	46055878	LTR/ERV1	1392	-	108	46055771	49432
chr10	46006339	46206339	harbor1	chr10	46059115	46059768	LTR/ERV1	1856	-	326	46059441	53102
chr10	3621791	3821791	harbor1	chr10	3644968	3645086	LTR/ERV1	4344	-	59	3645027	23236
chr10	3621791	3821791	harbor1	chr10	3645392	3645908	LTR/ERV1	4344	-	258	3645650	23859
chr10	3621791	3821791	harbor1	chr10	3661809	3662190	LTR/ERV1	2633	-	190	3661999	40208
chr10	47239866	47439866	harbor1	chr10	47294170	47294659	LTR/ERV1	3580	-	244	47294414	54548
chr10	62704875	62904875	harbor1	chr10	62795670	62796394	LTR/ERV1	4320	-	362	62796032	91157
chr10	47239913	47439913	harbor1	chr10	47294170	47294659	LTR/ERV1	3580	-	244	47294414	54501
chr10	69472286	69672286	harbor1	chr10	69527955	69529381	LTR/ERV1	4517	-	713	69528668	56382
chr11	112678749	112878749	harbor1	chr11	112712860	112713343	LTR/ERV1	3202	-	242	112713102	34353
chr11	5127157	5327157	harbor1	chr11	5139052	5139447	LTR/ERV1	2399	-	198	5139250	12093
chr11	5127157	5327157	harbor1	chr11	5160297	5160707	LTR/ERV1	2938	-	205	5160502	33345
chr11	5127157	5327157	harbor1	chr11	5161085	5161301	LTR/ERV1	1385	-	108	5161193	34036
chr11	5127157	5327157	harbor1	chr11	5161303	5161965	LTR/ERV1	4367	-	331	5161634	34477
chr11	5127157	5327157	harbor1	chr11	5161968	5162469	LTR/ERV1	3197	-	250	5162218	35061
chr11	5127157	5327157	harbor1	chr11	5162469	5162618	LTR/ERV1	939	-	74	5162543	35386
chr11	5127157	5327157	harbor1	chr11	5162613	5165703	LTR/ERV1	15993	-	1545	5164158	37001
chr11	5127157	5327157	harbor1	chr11	5165706	5166117	LTR/ERV1	2864	-	206	5165912	38755
chr11	5127157	5327157	harbor1	chr11	5160708	5161086	LTR/ERV1	2455	-	189	5160897	33740
chr11	5127157	5327157	harbor1	chr11	5193634	5194416	LTR/ERV1	5443	-	391	5194025	66868
chr11	5127156	5327156	harbor1	chr11	5139052	5139447	LTR/ERV1	2399	-	198	5139250	12094
chr11	5127156	5327156	harbor1	chr11	5160297	5160707	LTR/ERV1	2938	-	205	5160502	33346
chr11	5127156	5327156	harbor1	chr11	5161085	5161301	LTR/ERV1	1385	-	108	5161193	34037
chr11	5127156	5327156	harbor1	chr11	5161303	5161965	LTR/ERV1	4367	-	331	5161634	34478
chr11	5127156	5327156	harbor1	chr11	5161968	5162469	LTR/ERV1	3197	-	250	5162218	35062
chr11	5127156	5327156	harbor1	chr11	5162469	5162618	LTR/ERV1	939	-	74	5162543	35387
chr11	5127156	5327156	harbor1	chr11	5162613	5165703	LTR/ERV1	15993	-	1545	5164158	37002
chr11	5127156	5327156	harbor1	chr11	5165706	5166117	LTR/ERV1	2864	-	206	5165912	38756
chr11	5127156	5327156	harbor1	chr11	5160708	5161086	LTR/ERV1	2455	-	189	5160897	33741
chr11	5127156	5327156	harbor1	chr11	5193634	5194416	LTR/ERV1	5443	-	391	5194025	66869
chr11	5129450	5329450	harbor1	chr11	5139052	5139447	LTR/ERV1	2399	-	198	5139250	9800
chr11	5129450	5329450	harbor1	chr11	5160297	5160707	LTR/ERV1	2938	-	205	5160502	31052
chr11	5129450	5329450	harbor1	chr11	5161085	5161301	LTR/ERV1	1385	-	108	5161193	31743
chr11	5129450	5329450	harbor1	chr11	5161303	5161965	LTR/ERV1	4367	-	331	5161634	32184
chr11	5129450	5329450	harbor1	chr11	5161968	5162469	LTR/ERV1	3197	-	250	5162218	32768
chr11	5129450	5329450	harbor1	chr11	5162469	5162618	LTR/ERV1	939	-	74	5162543	33093
chr11	5129450	5329450	harbor1	chr11	5162613	5165703	LTR/ERV1	15993	-	1545	5164158	34708
chr11	5129450	5329450	harbor1	chr11	5165706	5166117	LTR/ERV1	2864	-	206	5165912	36462
chr11	5129450	5329450	harbor1	chr11	5160708	5161086	LTR/ERV1	2455	-	189	5160897	31447
chr11	5129450	5329450	harbor1	chr11	5193634	5194416	LTR/ERV1	5443	-	391	5194025	64575
chr11	5127277	5327277	harbor1	chr11	5139052	5139447	LTR/ERV1	2399	-	198	5139250	11973
chr11	5127277	5327277	harbor1	chr11	5160297	5160707	LTR/ERV1	2938	-	205	5160502	33225
chr11	5127277	5327277	harbor1	chr11	5161085	5161301	LTR/ERV1	1385	-	108	5161193	33916
chr11	5127277	5327277	harbor1	chr11	5161303	5161965	LTR/ERV1	4367	-	331	5161634	34357
chr11	5127277	5327277	harbor1	chr11	5161968	5162469	LTR/ERV1	3197	-	250	5162218	34941
chr11	5127277	5327277	harbor1	chr11	5162469	5162618	LTR/ERV1	939	-	74	5162543	35266
chr11	5127277	5327277	harbor1	chr11	5162613	5165703	LTR/ERV1	15993	-	1545	5164158	36881
chr11	5127277	5327277	harbor1	chr11	5165706	5166117	LTR/ERV1	2864	-	206	5165912	38635
chr11	5127277	5327277	harbor1	chr11	5160708	5161086	LTR/ERV1	2455	-	189	5160897	33620
chr11	5127277	5327277	harbor1	chr11	5193634	5194416	LTR/ERV1	5443	-	391	5194025	66748
chr11	5127135	5327135	harbor1	chr11	5139052	5139447	LTR/ERV1	2399	-	198	5139250	12115
chr11	5127135	5327135	harbor1	chr11	5160297	5160707	LTR/ERV1	2938	-	205	5160502	33367
chr11	5127135	5327135	harbor1	chr11	5161085	5161301	LTR/ERV1	1385	-	108	5161193	34058
chr11	5127135	5327135	harbor1	chr11	5161303	5161965	LTR/ERV1	4367	-	331	5161634	34499
chr11	5127135	5327135	harbor1	chr11	5161968	5162469	LTR/ERV1	3197	-	250	5162218	35083
chr11	5127135	5327135	harbor1	chr11	5162469	5162618	LTR/ERV1	939	-	74	5162543	35408
chr11	5127135	5327135	harbor1	chr11	5162613	5165703	LTR/ERV1	15993	-	1545	5164158	37023
chr11	5127135	5327135	harbor1	chr11	5165706	5166117	LTR/ERV1	2864	-	206	5165912	38777
chr11	5127135	5327135	harbor1	chr11	5160708	5161086	LTR/ERV1	2455	-	189	5160897	33762
chr11	5127135	5327135	harbor1	chr11	5193634	5194416	LTR/ERV1	5443	-	391	5194025	66890
chr11	5127181	5327181	harbor1	chr11	5139052	5139447	LTR/ERV1	2399	-	198	5139250	12069
chr11	5127181	5327181	harbor1	chr11	5160297	5160707	LTR/ERV1	2938	-	205	5160502	33321
chr11	5127181	5327181	harbor1	chr11	5161085	5161301	LTR/ERV1	1385	-	108	5161193	34012
chr11	5127181	5327181	harbor1	chr11	5161303	5161965	LTR/ERV1	4367	-	331	5161634	34453
chr11	5127181	5327181	harbor1	chr11	5161968	5162469	LTR/ERV1	3197	-	250	5162218	35037
chr11	5127181	5327181	harbor1	chr11	5162469	5162618	LTR/ERV1	939	-	74	5162543	35362
chr11	5127181	5327181	harbor1	chr11	5162613	5165703	LTR/ERV1	15993	-	1545	5164158	36977
chr11	5127181	5327181	harbor1	chr11	5165706	5166117	LTR/ERV1	2864	-	206	5165912	38731
chr11	5127181	5327181	harbor1	chr11	5160708	5161086	LTR/ERV1	2455	-	189	5160897	33716
chr11	5127181	5327181	harbor1	chr11	5193634	5194416	LTR/ERV1	5443	-	391	5194025	66844
chr11	5127341	5327341	harbor1	chr11	5139052	5139447	LTR/ERV1	2399	-	198	5139250	11909
chr11	5127341	5327341	harbor1	chr11	5160297	5160707	LTR/ERV1	2938	-	205	5160502	33161
chr11	5127341	5327341	harbor1	chr11	5161085	5161301	LTR/ERV1	1385	-	108	5161193	33852
chr11	5127341	5327341	harbor1	chr11	5161303	5161965	LTR/ERV1	4367	-	331	5161634	34293
chr11	5127341	5327341	harbor1	chr11	5161968	5162469	LTR/ERV1	3197	-	250	5162218	34877
chr11	5127341	5327341	harbor1	chr11	5162469	5162618	LTR/ERV1	939	-	74	5162543	35202
chr11	5127341	5327341	harbor1	chr11	5162613	5165703	LTR/ERV1	15993	-	1545	5164158	36817
chr11	5127341	5327341	harbor1	chr11	5165706	5166117	LTR/ERV1	2864	-	206	5165912	38571
chr11	5127341	5327341	harbor1	chr11	5160708	5161086	LTR/ERV1	2455	-	189	5160897	33556
chr11	5127341	5327341	harbor1	chr11	5193634	5194416	LTR/ERV1	5443	-	391	5194025	66684
chr11	5127230	5327230	harbor1	chr11	5139052	5139447	LTR/ERV1	2399	-	198	5139250	12020
chr11	5127230	5327230	harbor1	chr11	5160297	5160707	LTR/ERV1	2938	-	205	5160502	33272
chr11	5127230	5327230	harbor1	chr11	5161085	5161301	LTR/ERV1	1385	-	108	5161193	33963
chr11	5127230	5327230	harbor1	chr11	5161303	5161965	LTR/ERV1	4367	-	331	5161634	34404
chr11	5127230	5327230	harbor1	chr11	5161968	5162469	LTR/ERV1	3197	-	250	5162218	34988
chr11	5127230	5327230	harbor1	chr11	5162469	5162618	LTR/ERV1	939	-	74	5162543	35313
chr11	5127230	5327230	harbor1	chr11	5162613	5165703	LTR/ERV1	15993	-	1545	5164158	36928
chr11	5127230	5327230	harbor1	chr11	5165706	5166117	LTR/ERV1	2864	-	206	5165912	38682
chr11	5127230	5327230	harbor1	chr11	5160708	5161086	LTR/ERV1	2455	-	189	5160897	33667
chr11	5127230	5327230	harbor1	chr11	5193634	5194416	LTR/ERV1	5443	-	391	5194025	66795
chr11	68642659	68842659	harbor1	chr11	68662591	68663319	LTR/ERV1	2923	-	364	68662955	20296
chr11	64537901	64737901	harbor1	chr11	64537931	64538187	LTR/ERV1	1264	-	128	64538059	158
chr11	64537901	64737901	harbor1	chr11	64538498	64538619	LTR/ERV1	1264	-	60	64538558	657
chr11	64537901	64737901	harbor1	chr11	64541605	64541723	LTR/ERV1	2975	-	59	64541664	3763
chr11	64537901	64737901	harbor1	chr11	64542035	64542483	LTR/ERV1	2975	-	224	64542259	4358
chr11	64537901	64737901	harbor1	chr11	64556702	64556968	LTR/ERV1	1431	-	133	64556835	18934
chr11	5134663	5334663	harbor1	chr11	5139052	5139447	LTR/ERV1	2399	-	198	5139250	4587
chr11	5134663	5334663	harbor1	chr11	5160297	5160707	LTR/ERV1	2938	-	205	5160502	25839
chr11	5134663	5334663	harbor1	chr11	5161085	5161301	LTR/ERV1	1385	-	108	5161193	26530
chr11	5134663	5334663	harbor1	chr11	5161303	5161965	LTR/ERV1	4367	-	331	5161634	26971
chr11	5134663	5334663	harbor1	chr11	5161968	5162469	LTR/ERV1	3197	-	250	5162218	27555
chr11	5134663	5334663	harbor1	chr11	5162469	5162618	LTR/ERV1	939	-	74	5162543	27880
chr11	5134663	5334663	harbor1	chr11	5162613	5165703	LTR/ERV1	15993	-	1545	5164158	29495
chr11	5134663	5334663	harbor1	chr11	5165706	5166117	LTR/ERV1	2864	-	206	5165912	31249
chr11	5134663	5334663	harbor1	chr11	5160708	5161086	LTR/ERV1	2455	-	189	5160897	26234
chr11	5134663	5334663	harbor1	chr11	5193634	5194416	LTR/ERV1	5443	-	391	5194025	59362
chr11	72121656	72321656	harbor1	chr11	72122537	72123125	LTR/ERV1	2602	-	294	72122831	1175
chr11	72121656	72321656	harbor1	chr11	72124074	72125099	LTR/ERV1	5204	-	512	72124586	2930
chr11	72121656	72321656	harbor1	chr11	72125101	72126828	LTR/ERV1	11623	-	864	72125965	4309
chr11	72121656	72321656	harbor1	chr11	72127114	72128542	LTR/ERV1	11623	-	714	72127828	6172
chr11	72121656	72321656	harbor1	chr11	72128533	72128616	LTR/ERV1	459	-	42	72128575	6919
chr11	72121656	72321656	harbor1	chr11	72148055	72148253	LTR/ERV1	3452	-	99	72148154	26498
chr11	72121656	72321656	harbor1	chr11	72148561	72148875	LTR/ERV1	3452	-	157	72148718	27062
chr11	72121656	72321656	harbor1	chr11	72150418	72150560	LTR/ERV1	6158	-	71	72150489	28833
chr11	72121656	72321656	harbor1	chr11	72150869	72151248	LTR/ERV1	6158	-	190	72151059	29403
chr11	72121656	72321656	harbor1	chr11	72151554	72152227	LTR/ERV1	6158	-	336	72151890	30234
chr11	72121656	72321656	harbor1	chr11	72152224	72152427	LTR/ERV1	4752	-	102	72152326	30670
chr11	72121656	72321656	harbor1	chr11	72152732	72153466	LTR/ERV1	4752	-	367	72153099	31443
chr11	72121656	72321656	harbor1	chr11	72153452	72153926	LTR/ERV1	3743	-	237	72153689	32033
chr11	72121656	72321656	harbor1	chr11	72154686	72154811	LTR/ERV1	3743	-	62	72154748	33092
chr11	72121656	72321656	harbor1	chr11	72155392	72156022	LTR/ERV1	4514	-	315	72155707	34051
chr11	72121656	72321656	harbor1	chr11	72157067	72157423	LTR/ERV1	2126	-	178	72157245	35589
chr11	72121656	72321656	harbor1	chr11	72162843	72163172	LTR/ERV1	1841	-	164	72163007	41351
chr11	72121656	72321656	harbor1	chr11	72163173	72163994	LTR/ERV1	6632	-	410	72163583	41927
chr11	72121656	72321656	harbor1	chr11	72164295	72164373	LTR/ERV1	6632	-	39	72164334	42678
chr11	72121656	72321656	harbor1	chr11	72165342	72165435	LTR/ERV1	6632	-	46	72165388	43732
chr11	72121656	72321656	harbor1	chr11	72165913	72166785	LTR/ERV1	6532	-	436	72166349	44693
chr11	72121656	72321656	harbor1	chr11	72167087	72167448	LTR/ERV1	5817	-	180	72167267	45611
chr11	72121656	72321656	harbor1	chr11	72194115	72194346	LTR/ERV1	1021	-	116	72194231	72575
chr11	72121656	72321656	harbor1	chr11	72204704	72204949	LTR/ERV1	482	-	122	72204826	83170
chr11	72121656	72321656	harbor1	chr11	72154805	72155376	LTR/ERV1	3957	-	286	72155091	33435
chr11	64242408	64442408	harbor1	chr11	64325018	64325215	LTR/ERV1	1086	-	98	64325116	82708
chr11	102246099	102446099	harbor1	chr11	102338327	102338929	LTR/ERV1	3012	-	301	102338628	92529
chr11	5126804	5326804	harbor1	chr11	5139052	5139447	LTR/ERV1	2399	-	198	5139250	12446
chr11	5126804	5326804	harbor1	chr11	5160297	5160707	LTR/ERV1	2938	-	205	5160502	33698
chr11	5126804	5326804	harbor1	chr11	5161085	5161301	LTR/ERV1	1385	-	108	5161193	34389
chr11	5126804	5326804	harbor1	chr11	5161303	5161965	LTR/ERV1	4367	-	331	5161634	34830
chr11	5126804	5326804	harbor1	chr11	5161968	5162469	LTR/ERV1	3197	-	250	5162218	35414
chr11	5126804	5326804	harbor1	chr11	5162469	5162618	LTR/ERV1	939	-	74	5162543	35739
chr11	5126804	5326804	harbor1	chr11	5162613	5165703	LTR/ERV1	15993	-	1545	5164158	37354
chr11	5126804	5326804	harbor1	chr11	5165706	5166117	LTR/ERV1	2864	-	206	5165912	39108
chr11	5126804	5326804	harbor1	chr11	5160708	5161086	LTR/ERV1	2455	-	189	5160897	34093
chr11	5126804	5326804	harbor1	chr11	5193634	5194416	LTR/ERV1	5443	-	391	5194025	67221
chr11	5127222	5327222	harbor1	chr11	5139052	5139447	LTR/ERV1	2399	-	198	5139250	12028
chr11	5127222	5327222	harbor1	chr11	5160297	5160707	LTR/ERV1	2938	-	205	5160502	33280
chr11	5127222	5327222	harbor1	chr11	5161085	5161301	LTR/ERV1	1385	-	108	5161193	33971
chr11	5127222	5327222	harbor1	chr11	5161303	5161965	LTR/ERV1	4367	-	331	5161634	34412
chr11	5127222	5327222	harbor1	chr11	5161968	5162469	LTR/ERV1	3197	-	250	5162218	34996
chr11	5127222	5327222	harbor1	chr11	5162469	5162618	LTR/ERV1	939	-	74	5162543	35321
chr11	5127222	5327222	harbor1	chr11	5162613	5165703	LTR/ERV1	15993	-	1545	5164158	36936
chr11	5127222	5327222	harbor1	chr11	5165706	5166117	LTR/ERV1	2864	-	206	5165912	38690
chr11	5127222	5327222	harbor1	chr11	5160708	5161086	LTR/ERV1	2455	-	189	5160897	33675
chr11	5127222	5327222	harbor1	chr11	5193634	5194416	LTR/ERV1	5443	-	391	5194025	66803
chr11	5127226	5327226	harbor1	chr11	5139052	5139447	LTR/ERV1	2399	-	198	5139250	12024
chr11	5127226	5327226	harbor1	chr11	5160297	5160707	LTR/ERV1	2938	-	205	5160502	33276
chr11	5127226	5327226	harbor1	chr11	5161085	5161301	LTR/ERV1	1385	-	108	5161193	33967
chr11	5127226	5327226	harbor1	chr11	5161303	5161965	LTR/ERV1	4367	-	331	5161634	34408
chr11	5127226	5327226	harbor1	chr11	5161968	5162469	LTR/ERV1	3197	-	250	5162218	34992
chr11	5127226	5327226	harbor1	chr11	5162469	5162618	LTR/ERV1	939	-	74	5162543	35317
chr11	5127226	5327226	harbor1	chr11	5162613	5165703	LTR/ERV1	15993	-	1545	5164158	36932
chr11	5127226	5327226	harbor1	chr11	5165706	5166117	LTR/ERV1	2864	-	206	5165912	38686
chr11	5127226	5327226	harbor1	chr11	5160708	5161086	LTR/ERV1	2455	-	189	5160897	33671
chr11	5127226	5327226	harbor1	chr11	5193634	5194416	LTR/ERV1	5443	-	391	5194025	66799
chr11	89682097	89882097	harbor1	chr11	89689801	89689938	LTR/ERV1	530	-	68	89689869	7772
chr11	89682097	89882097	harbor1	chr11	89703873	89704413	LTR/ERV1	1786	-	270	89704143	22046
chr11	119387210	119587210	harbor1	chr11	119390990	119391409	LTR/ERV1	1883	-	210	119391200	3990
chr11	119387210	119587210	harbor1	chr11	119394045	119394592	LTR/ERV1	807	-	274	119394319	7109
chr11	119387210	119587210	harbor1	chr11	119408637	119408847	LTR/ERV1	466	-	105	119408742	21532
chr11	119387210	119587210	harbor1	chr11	119458827	119459229	LTR/ERV1	2503	-	201	119459028	71818
chr11	5127150	5327150	harbor1	chr11	5139052	5139447	LTR/ERV1	2399	-	198	5139250	12100
chr11	5127150	5327150	harbor1	chr11	5160297	5160707	LTR/ERV1	2938	-	205	5160502	33352
chr11	5127150	5327150	harbor1	chr11	5161085	5161301	LTR/ERV1	1385	-	108	5161193	34043
chr11	5127150	5327150	harbor1	chr11	5161303	5161965	LTR/ERV1	4367	-	331	5161634	34484
chr11	5127150	5327150	harbor1	chr11	5161968	5162469	LTR/ERV1	3197	-	250	5162218	35068
chr11	5127150	5327150	harbor1	chr11	5162469	5162618	LTR/ERV1	939	-	74	5162543	35393
chr11	5127150	5327150	harbor1	chr11	5162613	5165703	LTR/ERV1	15993	-	1545	5164158	37008
chr11	5127150	5327150	harbor1	chr11	5165706	5166117	LTR/ERV1	2864	-	206	5165912	38762
chr11	5127150	5327150	harbor1	chr11	5160708	5161086	LTR/ERV1	2455	-	189	5160897	33747
chr11	5127150	5327150	harbor1	chr11	5193634	5194416	LTR/ERV1	5443	-	391	5194025	66875
chr11	5127250	5327250	harbor1	chr11	5139052	5139447	LTR/ERV1	2399	-	198	5139250	12000
chr11	5127250	5327250	harbor1	chr11	5160297	5160707	LTR/ERV1	2938	-	205	5160502	33252
chr11	5127250	5327250	harbor1	chr11	5161085	5161301	LTR/ERV1	1385	-	108	5161193	33943
chr11	5127250	5327250	harbor1	chr11	5161303	5161965	LTR/ERV1	4367	-	331	5161634	34384
chr11	5127250	5327250	harbor1	chr11	5161968	5162469	LTR/ERV1	3197	-	250	5162218	34968
chr11	5127250	5327250	harbor1	chr11	5162469	5162618	LTR/ERV1	939	-	74	5162543	35293
chr11	5127250	5327250	harbor1	chr11	5162613	5165703	LTR/ERV1	15993	-	1545	5164158	36908
chr11	5127250	5327250	harbor1	chr11	5165706	5166117	LTR/ERV1	2864	-	206	5165912	38662
chr11	5127250	5327250	harbor1	chr11	5160708	5161086	LTR/ERV1	2455	-	189	5160897	33647
chr11	5127250	5327250	harbor1	chr11	5193634	5194416	LTR/ERV1	5443	-	391	5194025	66775
chr11	5126803	5326803	harbor1	chr11	5139052	5139447	LTR/ERV1	2399	-	198	5139250	12447
chr11	5126803	5326803	harbor1	chr11	5160297	5160707	LTR/ERV1	2938	-	205	5160502	33699
chr11	5126803	5326803	harbor1	chr11	5161085	5161301	LTR/ERV1	1385	-	108	5161193	34390
chr11	5126803	5326803	harbor1	chr11	5161303	5161965	LTR/ERV1	4367	-	331	5161634	34831
chr11	5126803	5326803	harbor1	chr11	5161968	5162469	LTR/ERV1	3197	-	250	5162218	35415
chr11	5126803	5326803	harbor1	chr11	5162469	5162618	LTR/ERV1	939	-	74	5162543	35740
chr11	5126803	5326803	harbor1	chr11	5162613	5165703	LTR/ERV1	15993	-	1545	5164158	37355
chr11	5126803	5326803	harbor1	chr11	5165706	5166117	LTR/ERV1	2864	-	206	5165912	39109
chr11	5126803	5326803	harbor1	chr11	5160708	5161086	LTR/ERV1	2455	-	189	5160897	34094
chr11	5126803	5326803	harbor1	chr11	5193634	5194416	LTR/ERV1	5443	-	391	5194025	67222
chr11	5134612	5334612	harbor1	chr11	5139052	5139447	LTR/ERV1	2399	-	198	5139250	4638
chr11	5134612	5334612	harbor1	chr11	5160297	5160707	LTR/ERV1	2938	-	205	5160502	25890
chr11	5134612	5334612	harbor1	chr11	5161085	5161301	LTR/ERV1	1385	-	108	5161193	26581
chr11	5134612	5334612	harbor1	chr11	5161303	5161965	LTR/ERV1	4367	-	331	5161634	27022
chr11	5134612	5334612	harbor1	chr11	5161968	5162469	LTR/ERV1	3197	-	250	5162218	27606
chr11	5134612	5334612	harbor1	chr11	5162469	5162618	LTR/ERV1	939	-	74	5162543	27931
chr11	5134612	5334612	harbor1	chr11	5162613	5165703	LTR/ERV1	15993	-	1545	5164158	29546
chr11	5134612	5334612	harbor1	chr11	5165706	5166117	LTR/ERV1	2864	-	206	5165912	31300
chr11	5134612	5334612	harbor1	chr11	5160708	5161086	LTR/ERV1	2455	-	189	5160897	26285
chr11	5134612	5334612	harbor1	chr11	5193634	5194416	LTR/ERV1	5443	-	391	5194025	59413
chr11	5134133	5334133	harbor1	chr11	5139052	5139447	LTR/ERV1	2399	-	198	5139250	5117
chr11	5134133	5334133	harbor1	chr11	5160297	5160707	LTR/ERV1	2938	-	205	5160502	26369
chr11	5134133	5334133	harbor1	chr11	5161085	5161301	LTR/ERV1	1385	-	108	5161193	27060
chr11	5134133	5334133	harbor1	chr11	5161303	5161965	LTR/ERV1	4367	-	331	5161634	27501
chr11	5134133	5334133	harbor1	chr11	5161968	5162469	LTR/ERV1	3197	-	250	5162218	28085
chr11	5134133	5334133	harbor1	chr11	5162469	5162618	LTR/ERV1	939	-	74	5162543	28410
chr11	5134133	5334133	harbor1	chr11	5162613	5165703	LTR/ERV1	15993	-	1545	5164158	30025
chr11	5134133	5334133	harbor1	chr11	5165706	5166117	LTR/ERV1	2864	-	206	5165912	31779
chr11	5134133	5334133	harbor1	chr11	5160708	5161086	LTR/ERV1	2455	-	189	5160897	26764
chr11	5134133	5334133	harbor1	chr11	5193634	5194416	LTR/ERV1	5443	-	391	5194025	59892
chr11	119643315	119843315	harbor1	chr11	119649893	119650304	LTR/ERV1	2889	-	206	119650099	6784
chr11	5125277	5325277	harbor1	chr11	5139052	5139447	LTR/ERV1	2399	-	198	5139250	13973
chr11	5125277	5325277	harbor1	chr11	5160297	5160707	LTR/ERV1	2938	-	205	5160502	35225
chr11	5125277	5325277	harbor1	chr11	5161085	5161301	LTR/ERV1	1385	-	108	5161193	35916
chr11	5125277	5325277	harbor1	chr11	5161303	5161965	LTR/ERV1	4367	-	331	5161634	36357
chr11	5125277	5325277	harbor1	chr11	5161968	5162469	LTR/ERV1	3197	-	250	5162218	36941
chr11	5125277	5325277	harbor1	chr11	5162469	5162618	LTR/ERV1	939	-	74	5162543	37266
chr11	5125277	5325277	harbor1	chr11	5162613	5165703	LTR/ERV1	15993	-	1545	5164158	38881
chr11	5125277	5325277	harbor1	chr11	5165706	5166117	LTR/ERV1	2864	-	206	5165912	40635
chr11	5125277	5325277	harbor1	chr11	5160708	5161086	LTR/ERV1	2455	-	189	5160897	35620
chr11	5125277	5325277	harbor1	chr11	5193634	5194416	LTR/ERV1	5443	-	391	5194025	68748
chr11	108021540	108221540	harbor1	chr11	108113521	108113965	LTR/ERV1	1501	-	222	108113743	92203
chr11	5125978	5325978	harbor1	chr11	5139052	5139447	LTR/ERV1	2399	-	198	5139250	13272
chr11	5125978	5325978	harbor1	chr11	5160297	5160707	LTR/ERV1	2938	-	205	5160502	34524
chr11	5125978	5325978	harbor1	chr11	5161085	5161301	LTR/ERV1	1385	-	108	5161193	35215
chr11	5125978	5325978	harbor1	chr11	5161303	5161965	LTR/ERV1	4367	-	331	5161634	35656
chr11	5125978	5325978	harbor1	chr11	5161968	5162469	LTR/ERV1	3197	-	250	5162218	36240
chr11	5125978	5325978	harbor1	chr11	5162469	5162618	LTR/ERV1	939	-	74	5162543	36565
chr11	5125978	5325978	harbor1	chr11	5162613	5165703	LTR/ERV1	15993	-	1545	5164158	38180
chr11	5125978	5325978	harbor1	chr11	5165706	5166117	LTR/ERV1	2864	-	206	5165912	39934
chr11	5125978	5325978	harbor1	chr11	5160708	5161086	LTR/ERV1	2455	-	189	5160897	34919
chr11	5125978	5325978	harbor1	chr11	5193634	5194416	LTR/ERV1	5443	-	391	5194025	68047
chr11	5127141	5327141	harbor1	chr11	5139052	5139447	LTR/ERV1	2399	-	198	5139250	12109
chr11	5127141	5327141	harbor1	chr11	5160297	5160707	LTR/ERV1	2938	-	205	5160502	33361
chr11	5127141	5327141	harbor1	chr11	5161085	5161301	LTR/ERV1	1385	-	108	5161193	34052
chr11	5127141	5327141	harbor1	chr11	5161303	5161965	LTR/ERV1	4367	-	331	5161634	34493
chr11	5127141	5327141	harbor1	chr11	5161968	5162469	LTR/ERV1	3197	-	250	5162218	35077
chr11	5127141	5327141	harbor1	chr11	5162469	5162618	LTR/ERV1	939	-	74	5162543	35402
chr11	5127141	5327141	harbor1	chr11	5162613	5165703	LTR/ERV1	15993	-	1545	5164158	37017
chr11	5127141	5327141	harbor1	chr11	5165706	5166117	LTR/ERV1	2864	-	206	5165912	38771
chr11	5127141	5327141	harbor1	chr11	5160708	5161086	LTR/ERV1	2455	-	189	5160897	33756
chr11	5127141	5327141	harbor1	chr11	5193634	5194416	LTR/ERV1	5443	-	391	5194025	66884
chr11	5127172	5327172	harbor1	chr11	5139052	5139447	LTR/ERV1	2399	-	198	5139250	12078
chr11	5127172	5327172	harbor1	chr11	5160297	5160707	LTR/ERV1	2938	-	205	5160502	33330
chr11	5127172	5327172	harbor1	chr11	5161085	5161301	LTR/ERV1	1385	-	108	5161193	34021
chr11	5127172	5327172	harbor1	chr11	5161303	5161965	LTR/ERV1	4367	-	331	5161634	34462
chr11	5127172	5327172	harbor1	chr11	5161968	5162469	LTR/ERV1	3197	-	250	5162218	35046
chr11	5127172	5327172	harbor1	chr11	5162469	5162618	LTR/ERV1	939	-	74	5162543	35371
chr11	5127172	5327172	harbor1	chr11	5162613	5165703	LTR/ERV1	15993	-	1545	5164158	36986
chr11	5127172	5327172	harbor1	chr11	5165706	5166117	LTR/ERV1	2864	-	206	5165912	38740
chr11	5127172	5327172	harbor1	chr11	5160708	5161086	LTR/ERV1	2455	-	189	5160897	33725
chr11	5127172	5327172	harbor1	chr11	5193634	5194416	LTR/ERV1	5443	-	391	5194025	66853
chr11	5134086	5334086	harbor1	chr11	5139052	5139447	LTR/ERV1	2399	-	198	5139250	5164
chr11	5134086	5334086	harbor1	chr11	5160297	5160707	LTR/ERV1	2938	-	205	5160502	26416
chr11	5134086	5334086	harbor1	chr11	5161085	5161301	LTR/ERV1	1385	-	108	5161193	27107
chr11	5134086	5334086	harbor1	chr11	5161303	5161965	LTR/ERV1	4367	-	331	5161634	27548
chr11	5134086	5334086	harbor1	chr11	5161968	5162469	LTR/ERV1	3197	-	250	5162218	28132
chr11	5134086	5334086	harbor1	chr11	5162469	5162618	LTR/ERV1	939	-	74	5162543	28457
chr11	5134086	5334086	harbor1	chr11	5162613	5165703	LTR/ERV1	15993	-	1545	5164158	30072
chr11	5134086	5334086	harbor1	chr11	5165706	5166117	LTR/ERV1	2864	-	206	5165912	31826
chr11	5134086	5334086	harbor1	chr11	5160708	5161086	LTR/ERV1	2455	-	189	5160897	26811
chr11	5134086	5334086	harbor1	chr11	5193634	5194416	LTR/ERV1	5443	-	391	5194025	59939
chr11	5127261	5327261	harbor1	chr11	5139052	5139447	LTR/ERV1	2399	-	198	5139250	11989
chr11	5127261	5327261	harbor1	chr11	5160297	5160707	LTR/ERV1	2938	-	205	5160502	33241
chr11	5127261	5327261	harbor1	chr11	5161085	5161301	LTR/ERV1	1385	-	108	5161193	33932
chr11	5127261	5327261	harbor1	chr11	5161303	5161965	LTR/ERV1	4367	-	331	5161634	34373
chr11	5127261	5327261	harbor1	chr11	5161968	5162469	LTR/ERV1	3197	-	250	5162218	34957
chr11	5127261	5327261	harbor1	chr11	5162469	5162618	LTR/ERV1	939	-	74	5162543	35282
chr11	5127261	5327261	harbor1	chr11	5162613	5165703	LTR/ERV1	15993	-	1545	5164158	36897
chr11	5127261	5327261	harbor1	chr11	5165706	5166117	LTR/ERV1	2864	-	206	5165912	38651
chr11	5127261	5327261	harbor1	chr11	5160708	5161086	LTR/ERV1	2455	-	189	5160897	33636
chr11	5127261	5327261	harbor1	chr11	5193634	5194416	LTR/ERV1	5443	-	391	5194025	66764
chr11	5134533	5334533	harbor1	chr11	5139052	5139447	LTR/ERV1	2399	-	198	5139250	4717
chr11	5134533	5334533	harbor1	chr11	5160297	5160707	LTR/ERV1	2938	-	205	5160502	25969
chr11	5134533	5334533	harbor1	chr11	5161085	5161301	LTR/ERV1	1385	-	108	5161193	26660
chr11	5134533	5334533	harbor1	chr11	5161303	5161965	LTR/ERV1	4367	-	331	5161634	27101
chr11	5134533	5334533	harbor1	chr11	5161968	5162469	LTR/ERV1	3197	-	250	5162218	27685
chr11	5134533	5334533	harbor1	chr11	5162469	5162618	LTR/ERV1	939	-	74	5162543	28010
chr11	5134533	5334533	harbor1	chr11	5162613	5165703	LTR/ERV1	15993	-	1545	5164158	29625
chr11	5134533	5334533	harbor1	chr11	5165706	5166117	LTR/ERV1	2864	-	206	5165912	31379
chr11	5134533	5334533	harbor1	chr11	5160708	5161086	LTR/ERV1	2455	-	189	5160897	26364
chr11	5134533	5334533	harbor1	chr11	5193634	5194416	LTR/ERV1	5443	-	391	5194025	59492
chr11	5126745	5326745	harbor1	chr11	5139052	5139447	LTR/ERV1	2399	-	198	5139250	12505
chr11	5126745	5326745	harbor1	chr11	5160297	5160707	LTR/ERV1	2938	-	205	5160502	33757
chr11	5126745	5326745	harbor1	chr11	5161085	5161301	LTR/ERV1	1385	-	108	5161193	34448
chr11	5126745	5326745	harbor1	chr11	5161303	5161965	LTR/ERV1	4367	-	331	5161634	34889
chr11	5126745	5326745	harbor1	chr11	5161968	5162469	LTR/ERV1	3197	-	250	5162218	35473
chr11	5126745	5326745	harbor1	chr11	5162469	5162618	LTR/ERV1	939	-	74	5162543	35798
chr11	5126745	5326745	harbor1	chr11	5162613	5165703	LTR/ERV1	15993	-	1545	5164158	37413
chr11	5126745	5326745	harbor1	chr11	5165706	5166117	LTR/ERV1	2864	-	206	5165912	39167
chr11	5126745	5326745	harbor1	chr11	5160708	5161086	LTR/ERV1	2455	-	189	5160897	34152
chr11	5126745	5326745	harbor1	chr11	5193634	5194416	LTR/ERV1	5443	-	391	5194025	67280
chr11	5134641	5334641	harbor1	chr11	5139052	5139447	LTR/ERV1	2399	-	198	5139250	4609
chr11	5134641	5334641	harbor1	chr11	5160297	5160707	LTR/ERV1	2938	-	205	5160502	25861
chr11	5134641	5334641	harbor1	chr11	5161085	5161301	LTR/ERV1	1385	-	108	5161193	26552
chr11	5134641	5334641	harbor1	chr11	5161303	5161965	LTR/ERV1	4367	-	331	5161634	26993
chr11	5134641	5334641	harbor1	chr11	5161968	5162469	LTR/ERV1	3197	-	250	5162218	27577
chr11	5134641	5334641	harbor1	chr11	5162469	5162618	LTR/ERV1	939	-	74	5162543	27902
chr11	5134641	5334641	harbor1	chr11	5162613	5165703	LTR/ERV1	15993	-	1545	5164158	29517
chr11	5134641	5334641	harbor1	chr11	5165706	5166117	LTR/ERV1	2864	-	206	5165912	31271
chr11	5134641	5334641	harbor1	chr11	5160708	5161086	LTR/ERV1	2455	-	189	5160897	26256
chr11	5134641	5334641	harbor1	chr11	5193634	5194416	LTR/ERV1	5443	-	391	5194025	59384
chr11	108004348	108204348	harbor1	chr11	108017910	108018058	LTR/ERV1	401	-	74	108017984	13636
chr11	2759442	2959442	harbor1	chr11	2760757	2761599	LTR/ERV1	4645	-	421	2761178	1736
chr11	5127278	5327278	harbor1	chr11	5139052	5139447	LTR/ERV1	2399	-	198	5139250	11972
chr11	5127278	5327278	harbor1	chr11	5160297	5160707	LTR/ERV1	2938	-	205	5160502	33224
chr11	5127278	5327278	harbor1	chr11	5161085	5161301	LTR/ERV1	1385	-	108	5161193	33915
chr11	5127278	5327278	harbor1	chr11	5161303	5161965	LTR/ERV1	4367	-	331	5161634	34356
chr11	5127278	5327278	harbor1	chr11	5161968	5162469	LTR/ERV1	3197	-	250	5162218	34940
chr11	5127278	5327278	harbor1	chr11	5162469	5162618	LTR/ERV1	939	-	74	5162543	35265
chr11	5127278	5327278	harbor1	chr11	5162613	5165703	LTR/ERV1	15993	-	1545	5164158	36880
chr11	5127278	5327278	harbor1	chr11	5165706	5166117	LTR/ERV1	2864	-	206	5165912	38634
chr11	5127278	5327278	harbor1	chr11	5160708	5161086	LTR/ERV1	2455	-	189	5160897	33619
chr11	5127278	5327278	harbor1	chr11	5193634	5194416	LTR/ERV1	5443	-	391	5194025	66747
chr11	5134115	5334115	harbor1	chr11	5139052	5139447	LTR/ERV1	2399	-	198	5139250	5135
chr11	5134115	5334115	harbor1	chr11	5160297	5160707	LTR/ERV1	2938	-	205	5160502	26387
chr11	5134115	5334115	harbor1	chr11	5161085	5161301	LTR/ERV1	1385	-	108	5161193	27078
chr11	5134115	5334115	harbor1	chr11	5161303	5161965	LTR/ERV1	4367	-	331	5161634	27519
chr11	5134115	5334115	harbor1	chr11	5161968	5162469	LTR/ERV1	3197	-	250	5162218	28103
chr11	5134115	5334115	harbor1	chr11	5162469	5162618	LTR/ERV1	939	-	74	5162543	28428
chr11	5134115	5334115	harbor1	chr11	5162613	5165703	LTR/ERV1	15993	-	1545	5164158	30043
chr11	5134115	5334115	harbor1	chr11	5165706	5166117	LTR/ERV1	2864	-	206	5165912	31797
chr11	5134115	5334115	harbor1	chr11	5160708	5161086	LTR/ERV1	2455	-	189	5160897	26782
chr11	5134115	5334115	harbor1	chr11	5193634	5194416	LTR/ERV1	5443	-	391	5194025	59910
chr11	5134546	5334546	harbor1	chr11	5139052	5139447	LTR/ERV1	2399	-	198	5139250	4704
chr11	5134546	5334546	harbor1	chr11	5160297	5160707	LTR/ERV1	2938	-	205	5160502	25956
chr11	5134546	5334546	harbor1	chr11	5161085	5161301	LTR/ERV1	1385	-	108	5161193	26647
chr11	5134546	5334546	harbor1	chr11	5161303	5161965	LTR/ERV1	4367	-	331	5161634	27088
chr11	5134546	5334546	harbor1	chr11	5161968	5162469	LTR/ERV1	3197	-	250	5162218	27672
chr11	5134546	5334546	harbor1	chr11	5162469	5162618	LTR/ERV1	939	-	74	5162543	27997
chr11	5134546	5334546	harbor1	chr11	5162613	5165703	LTR/ERV1	15993	-	1545	5164158	29612
chr11	5134546	5334546	harbor1	chr11	5165706	5166117	LTR/ERV1	2864	-	206	5165912	31366
chr11	5134546	5334546	harbor1	chr11	5160708	5161086	LTR/ERV1	2455	-	189	5160897	26351
chr11	5134546	5334546	harbor1	chr11	5193634	5194416	LTR/ERV1	5443	-	391	5194025	59479
chr11	5124980	5324980	harbor1	chr11	5139052	5139447	LTR/ERV1	2399	-	198	5139250	14270
chr11	5124980	5324980	harbor1	chr11	5160297	5160707	LTR/ERV1	2938	-	205	5160502	35522
chr11	5124980	5324980	harbor1	chr11	5161085	5161301	LTR/ERV1	1385	-	108	5161193	36213
chr11	5124980	5324980	harbor1	chr11	5161303	5161965	LTR/ERV1	4367	-	331	5161634	36654
chr11	5124980	5324980	harbor1	chr11	5161968	5162469	LTR/ERV1	3197	-	250	5162218	37238
chr11	5124980	5324980	harbor1	chr11	5162469	5162618	LTR/ERV1	939	-	74	5162543	37563
chr11	5124980	5324980	harbor1	chr11	5162613	5165703	LTR/ERV1	15993	-	1545	5164158	39178
chr11	5124980	5324980	harbor1	chr11	5165706	5166117	LTR/ERV1	2864	-	206	5165912	40932
chr11	5124980	5324980	harbor1	chr11	5160708	5161086	LTR/ERV1	2455	-	189	5160897	35917
chr11	5124980	5324980	harbor1	chr11	5193634	5194416	LTR/ERV1	5443	-	391	5194025	69045
chr11	5127317	5327317	harbor1	chr11	5139052	5139447	LTR/ERV1	2399	-	198	5139250	11933
chr11	5127317	5327317	harbor1	chr11	5160297	5160707	LTR/ERV1	2938	-	205	5160502	33185
chr11	5127317	5327317	harbor1	chr11	5161085	5161301	LTR/ERV1	1385	-	108	5161193	33876
chr11	5127317	5327317	harbor1	chr11	5161303	5161965	LTR/ERV1	4367	-	331	5161634	34317
chr11	5127317	5327317	harbor1	chr11	5161968	5162469	LTR/ERV1	3197	-	250	5162218	34901
chr11	5127317	5327317	harbor1	chr11	5162469	5162618	LTR/ERV1	939	-	74	5162543	35226
chr11	5127317	5327317	harbor1	chr11	5162613	5165703	LTR/ERV1	15993	-	1545	5164158	36841
chr11	5127317	5327317	harbor1	chr11	5165706	5166117	LTR/ERV1	2864	-	206	5165912	38595
chr11	5127317	5327317	harbor1	chr11	5160708	5161086	LTR/ERV1	2455	-	189	5160897	33580
chr11	5127317	5327317	harbor1	chr11	5193634	5194416	LTR/ERV1	5443	-	391	5194025	66708
chr11	5127257	5327257	harbor1	chr11	5139052	5139447	LTR/ERV1	2399	-	198	5139250	11993
chr11	5127257	5327257	harbor1	chr11	5160297	5160707	LTR/ERV1	2938	-	205	5160502	33245
chr11	5127257	5327257	harbor1	chr11	5161085	5161301	LTR/ERV1	1385	-	108	5161193	33936
chr11	5127257	5327257	harbor1	chr11	5161303	5161965	LTR/ERV1	4367	-	331	5161634	34377
chr11	5127257	5327257	harbor1	chr11	5161968	5162469	LTR/ERV1	3197	-	250	5162218	34961
chr11	5127257	5327257	harbor1	chr11	5162469	5162618	LTR/ERV1	939	-	74	5162543	35286
chr11	5127257	5327257	harbor1	chr11	5162613	5165703	LTR/ERV1	15993	-	1545	5164158	36901
chr11	5127257	5327257	harbor1	chr11	5165706	5166117	LTR/ERV1	2864	-	206	5165912	38655
chr11	5127257	5327257	harbor1	chr11	5160708	5161086	LTR/ERV1	2455	-	189	5160897	33640
chr11	5127257	5327257	harbor1	chr11	5193634	5194416	LTR/ERV1	5443	-	391	5194025	66768
chr11	86559546	86759546	harbor1	chr11	86597658	86597945	LTR/ERV1	1402	-	144	86597802	38256
chr11	86559546	86759546	harbor1	chr11	86604118	86604422	LTR/ERV1	1463	-	152	86604270	44724
chr11	5100509	5300509	harbor1	chr11	5139052	5139447	LTR/ERV1	2399	-	198	5139250	38741
chr11	5100509	5300509	harbor1	chr11	5160297	5160707	LTR/ERV1	2938	-	205	5160502	59993
chr11	5100509	5300509	harbor1	chr11	5161085	5161301	LTR/ERV1	1385	-	108	5161193	60684
chr11	5100509	5300509	harbor1	chr11	5161303	5161965	LTR/ERV1	4367	-	331	5161634	61125
chr11	5100509	5300509	harbor1	chr11	5161968	5162469	LTR/ERV1	3197	-	250	5162218	61709
chr11	5100509	5300509	harbor1	chr11	5162469	5162618	LTR/ERV1	939	-	74	5162543	62034
chr11	5100509	5300509	harbor1	chr11	5162613	5165703	LTR/ERV1	15993	-	1545	5164158	63649
chr11	5100509	5300509	harbor1	chr11	5165706	5166117	LTR/ERV1	2864	-	206	5165912	65403
chr11	5100509	5300509	harbor1	chr11	5160708	5161086	LTR/ERV1	2455	-	189	5160897	60388
chr11	5100509	5300509	harbor1	chr11	5193634	5194416	LTR/ERV1	5443	-	391	5194025	93516
chr11	5127273	5327273	harbor1	chr11	5139052	5139447	LTR/ERV1	2399	-	198	5139250	11977
chr11	5127273	5327273	harbor1	chr11	5160297	5160707	LTR/ERV1	2938	-	205	5160502	33229
chr11	5127273	5327273	harbor1	chr11	5161085	5161301	LTR/ERV1	1385	-	108	5161193	33920
chr11	5127273	5327273	harbor1	chr11	5161303	5161965	LTR/ERV1	4367	-	331	5161634	34361
chr11	5127273	5327273	harbor1	chr11	5161968	5162469	LTR/ERV1	3197	-	250	5162218	34945
chr11	5127273	5327273	harbor1	chr11	5162469	5162618	LTR/ERV1	939	-	74	5162543	35270
chr11	5127273	5327273	harbor1	chr11	5162613	5165703	LTR/ERV1	15993	-	1545	5164158	36885
chr11	5127273	5327273	harbor1	chr11	5165706	5166117	LTR/ERV1	2864	-	206	5165912	38639
chr11	5127273	5327273	harbor1	chr11	5160708	5161086	LTR/ERV1	2455	-	189	5160897	33624
chr11	5127273	5327273	harbor1	chr11	5193634	5194416	LTR/ERV1	5443	-	391	5194025	66752
chr11	91718101	91918101	harbor1	chr11	91730989	91731687	LTR/ERV1	4673	-	349	91731338	13237
chr11	91718101	91918101	harbor1	chr11	91747118	91747430	LTR/ERV1	3974	-	156	91747274	29173
chr11	91718101	91918101	harbor1	chr11	91747488	91748009	LTR/ERV1	3974	-	260	91747748	29647
chr11	91718101	91918101	harbor1	chr11	91794003	91794543	LTR/ERV1	2698	-	270	91794273	76172
chr11	4695187	4895187	harbor1	chr11	4794263	4794867	LTR/ERV1	3079	-	302	4794565	99378
chr11	5134560	5334560	harbor1	chr11	5139052	5139447	LTR/ERV1	2399	-	198	5139250	4690
chr11	5134560	5334560	harbor1	chr11	5160297	5160707	LTR/ERV1	2938	-	205	5160502	25942
chr11	5134560	5334560	harbor1	chr11	5161085	5161301	LTR/ERV1	1385	-	108	5161193	26633
chr11	5134560	5334560	harbor1	chr11	5161303	5161965	LTR/ERV1	4367	-	331	5161634	27074
chr11	5134560	5334560	harbor1	chr11	5161968	5162469	LTR/ERV1	3197	-	250	5162218	27658
chr11	5134560	5334560	harbor1	chr11	5162469	5162618	LTR/ERV1	939	-	74	5162543	27983
chr11	5134560	5334560	harbor1	chr11	5162613	5165703	LTR/ERV1	15993	-	1545	5164158	29598
chr11	5134560	5334560	harbor1	chr11	5165706	5166117	LTR/ERV1	2864	-	206	5165912	31352
chr11	5134560	5334560	harbor1	chr11	5160708	5161086	LTR/ERV1	2455	-	189	5160897	26337
chr11	5134560	5334560	harbor1	chr11	5193634	5194416	LTR/ERV1	5443	-	391	5194025	59465
chr11	5031868	5231868	harbor1	chr11	5087216	5087714	LTR/ERV1	1321	-	249	5087465	55597
chr11	108021573	108221573	harbor1	chr11	108113521	108113965	LTR/ERV1	1501	-	222	108113743	92170
chr11	76580974	76780974	harbor1	chr11	76607926	76609594	LTR/ERV1	11116	-	834	76608760	27786
chr11	5127126	5327126	harbor1	chr11	5139052	5139447	LTR/ERV1	2399	-	198	5139250	12124
chr11	5127126	5327126	harbor1	chr11	5160297	5160707	LTR/ERV1	2938	-	205	5160502	33376
chr11	5127126	5327126	harbor1	chr11	5161085	5161301	LTR/ERV1	1385	-	108	5161193	34067
chr11	5127126	5327126	harbor1	chr11	5161303	5161965	LTR/ERV1	4367	-	331	5161634	34508
chr11	5127126	5327126	harbor1	chr11	5161968	5162469	LTR/ERV1	3197	-	250	5162218	35092
chr11	5127126	5327126	harbor1	chr11	5162469	5162618	LTR/ERV1	939	-	74	5162543	35417
chr11	5127126	5327126	harbor1	chr11	5162613	5165703	LTR/ERV1	15993	-	1545	5164158	37032
chr11	5127126	5327126	harbor1	chr11	5165706	5166117	LTR/ERV1	2864	-	206	5165912	38786
chr11	5127126	5327126	harbor1	chr11	5160708	5161086	LTR/ERV1	2455	-	189	5160897	33771
chr11	5127126	5327126	harbor1	chr11	5193634	5194416	LTR/ERV1	5443	-	391	5194025	66899
chr11	65758060	65958060	harbor1	chr11	65771695	65772091	LTR/ERV1	2723	-	198	65771893	13833
chr11	65758060	65958060	harbor1	chr11	65772709	65772765	LTR/ERV1	4915	-	28	65772737	14677
chr11	65758060	65958060	harbor1	chr11	65773042	65773521	LTR/ERV1	4915	-	240	65773282	15222
chr11	65758060	65958060	harbor1	chr11	65773823	65774235	LTR/ERV1	4915	-	206	65774029	15969
chr11	5125006	5325006	harbor1	chr11	5139052	5139447	LTR/ERV1	2399	-	198	5139250	14244
chr11	5125006	5325006	harbor1	chr11	5160297	5160707	LTR/ERV1	2938	-	205	5160502	35496
chr11	5125006	5325006	harbor1	chr11	5161085	5161301	LTR/ERV1	1385	-	108	5161193	36187
chr11	5125006	5325006	harbor1	chr11	5161303	5161965	LTR/ERV1	4367	-	331	5161634	36628
chr11	5125006	5325006	harbor1	chr11	5161968	5162469	LTR/ERV1	3197	-	250	5162218	37212
chr11	5125006	5325006	harbor1	chr11	5162469	5162618	LTR/ERV1	939	-	74	5162543	37537
chr11	5125006	5325006	harbor1	chr11	5162613	5165703	LTR/ERV1	15993	-	1545	5164158	39152
chr11	5125006	5325006	harbor1	chr11	5165706	5166117	LTR/ERV1	2864	-	206	5165912	40906
chr11	5125006	5325006	harbor1	chr11	5160708	5161086	LTR/ERV1	2455	-	189	5160897	35891
chr11	5125006	5325006	harbor1	chr11	5193634	5194416	LTR/ERV1	5443	-	391	5194025	69019
chr11	5134608	5334608	harbor1	chr11	5139052	5139447	LTR/ERV1	2399	-	198	5139250	4642
chr11	5134608	5334608	harbor1	chr11	5160297	5160707	LTR/ERV1	2938	-	205	5160502	25894
chr11	5134608	5334608	harbor1	chr11	5161085	5161301	LTR/ERV1	1385	-	108	5161193	26585
chr11	5134608	5334608	harbor1	chr11	5161303	5161965	LTR/ERV1	4367	-	331	5161634	27026
chr11	5134608	5334608	harbor1	chr11	5161968	5162469	LTR/ERV1	3197	-	250	5162218	27610
chr11	5134608	5334608	harbor1	chr11	5162469	5162618	LTR/ERV1	939	-	74	5162543	27935
chr11	5134608	5334608	harbor1	chr11	5162613	5165703	LTR/ERV1	15993	-	1545	5164158	29550
chr11	5134608	5334608	harbor1	chr11	5165706	5166117	LTR/ERV1	2864	-	206	5165912	31304
chr11	5134608	5334608	harbor1	chr11	5160708	5161086	LTR/ERV1	2455	-	189	5160897	26289
chr11	5134608	5334608	harbor1	chr11	5193634	5194416	LTR/ERV1	5443	-	391	5194025	59417
chr11	70391186	70591186	harbor1	chr11	70390851	70391237	LTR/ERV1	4217	-	193	70391044	142
chr11	70391186	70591186	harbor1	chr11	70391541	70391732	LTR/ERV1	4217	-	96	70391637	451
chr11	70391186	70591186	harbor1	chr11	70454660	70454861	LTR/ERV1	968	-	100	70454760	63574
chr11	70391186	70591186	harbor1	chr11	70455229	70455606	LTR/ERV1	1982	-	188	70455417	64231
chr11	70391186	70591186	harbor1	chr11	70455607	70456008	LTR/ERV1	2251	-	200	70455807	64621
chr11	70391186	70591186	harbor1	chr11	70456009	70456063	LTR/ERV1	1982	-	27	70456036	64850
chr11	5126778	5326778	harbor1	chr11	5139052	5139447	LTR/ERV1	2399	-	198	5139250	12472
chr11	5126778	5326778	harbor1	chr11	5160297	5160707	LTR/ERV1	2938	-	205	5160502	33724
chr11	5126778	5326778	harbor1	chr11	5161085	5161301	LTR/ERV1	1385	-	108	5161193	34415
chr11	5126778	5326778	harbor1	chr11	5161303	5161965	LTR/ERV1	4367	-	331	5161634	34856
chr11	5126778	5326778	harbor1	chr11	5161968	5162469	LTR/ERV1	3197	-	250	5162218	35440
chr11	5126778	5326778	harbor1	chr11	5162469	5162618	LTR/ERV1	939	-	74	5162543	35765
chr11	5126778	5326778	harbor1	chr11	5162613	5165703	LTR/ERV1	15993	-	1545	5164158	37380
chr11	5126778	5326778	harbor1	chr11	5165706	5166117	LTR/ERV1	2864	-	206	5165912	39134
chr11	5126778	5326778	harbor1	chr11	5160708	5161086	LTR/ERV1	2455	-	189	5160897	34119
chr11	5126778	5326778	harbor1	chr11	5193634	5194416	LTR/ERV1	5443	-	391	5194025	67247
chr11	5134653	5334653	harbor1	chr11	5139052	5139447	LTR/ERV1	2399	-	198	5139250	4597
chr11	5134653	5334653	harbor1	chr11	5160297	5160707	LTR/ERV1	2938	-	205	5160502	25849
chr11	5134653	5334653	harbor1	chr11	5161085	5161301	LTR/ERV1	1385	-	108	5161193	26540
chr11	5134653	5334653	harbor1	chr11	5161303	5161965	LTR/ERV1	4367	-	331	5161634	26981
chr11	5134653	5334653	harbor1	chr11	5161968	5162469	LTR/ERV1	3197	-	250	5162218	27565
chr11	5134653	5334653	harbor1	chr11	5162469	5162618	LTR/ERV1	939	-	74	5162543	27890
chr11	5134653	5334653	harbor1	chr11	5162613	5165703	LTR/ERV1	15993	-	1545	5164158	29505
chr11	5134653	5334653	harbor1	chr11	5165706	5166117	LTR/ERV1	2864	-	206	5165912	31259
chr11	5134653	5334653	harbor1	chr11	5160708	5161086	LTR/ERV1	2455	-	189	5160897	26244
chr11	5134653	5334653	harbor1	chr11	5193634	5194416	LTR/ERV1	5443	-	391	5194025	59372
chr11	5134111	5334111	harbor1	chr11	5139052	5139447	LTR/ERV1	2399	-	198	5139250	5139
chr11	5134111	5334111	harbor1	chr11	5160297	5160707	LTR/ERV1	2938	-	205	5160502	26391
chr11	5134111	5334111	harbor1	chr11	5161085	5161301	LTR/ERV1	1385	-	108	5161193	27082
chr11	5134111	5334111	harbor1	chr11	5161303	5161965	LTR/ERV1	4367	-	331	5161634	27523
chr11	5134111	5334111	harbor1	chr11	5161968	5162469	LTR/ERV1	3197	-	250	5162218	28107
chr11	5134111	5334111	harbor1	chr11	5162469	5162618	LTR/ERV1	939	-	74	5162543	28432
chr11	5134111	5334111	harbor1	chr11	5162613	5165703	LTR/ERV1	15993	-	1545	5164158	30047
chr11	5134111	5334111	harbor1	chr11	5165706	5166117	LTR/ERV1	2864	-	206	5165912	31801
chr11	5134111	5334111	harbor1	chr11	5160708	5161086	LTR/ERV1	2455	-	189	5160897	26786
chr11	5134111	5334111	harbor1	chr11	5193634	5194416	LTR/ERV1	5443	-	391	5194025	59914
chr11	5127183	5327183	harbor1	chr11	5139052	5139447	LTR/ERV1	2399	-	198	5139250	12067
chr11	5127183	5327183	harbor1	chr11	5160297	5160707	LTR/ERV1	2938	-	205	5160502	33319
chr11	5127183	5327183	harbor1	chr11	5161085	5161301	LTR/ERV1	1385	-	108	5161193	34010
chr11	5127183	5327183	harbor1	chr11	5161303	5161965	LTR/ERV1	4367	-	331	5161634	34451
chr11	5127183	5327183	harbor1	chr11	5161968	5162469	LTR/ERV1	3197	-	250	5162218	35035
chr11	5127183	5327183	harbor1	chr11	5162469	5162618	LTR/ERV1	939	-	74	5162543	35360
chr11	5127183	5327183	harbor1	chr11	5162613	5165703	LTR/ERV1	15993	-	1545	5164158	36975
chr11	5127183	5327183	harbor1	chr11	5165706	5166117	LTR/ERV1	2864	-	206	5165912	38729
chr11	5127183	5327183	harbor1	chr11	5160708	5161086	LTR/ERV1	2455	-	189	5160897	33714
chr11	5127183	5327183	harbor1	chr11	5193634	5194416	LTR/ERV1	5443	-	391	5194025	66842
chr11	5127132	5327132	harbor1	chr11	5139052	5139447	LTR/ERV1	2399	-	198	5139250	12118
chr11	5127132	5327132	harbor1	chr11	5160297	5160707	LTR/ERV1	2938	-	205	5160502	33370
chr11	5127132	5327132	harbor1	chr11	5161085	5161301	LTR/ERV1	1385	-	108	5161193	34061
chr11	5127132	5327132	harbor1	chr11	5161303	5161965	LTR/ERV1	4367	-	331	5161634	34502
chr11	5127132	5327132	harbor1	chr11	5161968	5162469	LTR/ERV1	3197	-	250	5162218	35086
chr11	5127132	5327132	harbor1	chr11	5162469	5162618	LTR/ERV1	939	-	74	5162543	35411
chr11	5127132	5327132	harbor1	chr11	5162613	5165703	LTR/ERV1	15993	-	1545	5164158	37026
chr11	5127132	5327132	harbor1	chr11	5165706	5166117	LTR/ERV1	2864	-	206	5165912	38780
chr11	5127132	5327132	harbor1	chr11	5160708	5161086	LTR/ERV1	2455	-	189	5160897	33765
chr11	5127132	5327132	harbor1	chr11	5193634	5194416	LTR/ERV1	5443	-	391	5194025	66893
chr11	70336771	70536771	harbor1	chr11	70390851	70391237	LTR/ERV1	4217	-	193	70391044	54273
chr11	70336771	70536771	harbor1	chr11	70391541	70391732	LTR/ERV1	4217	-	96	70391637	54866
chr11	5126760	5326760	harbor1	chr11	5139052	5139447	LTR/ERV1	2399	-	198	5139250	12490
chr11	5126760	5326760	harbor1	chr11	5160297	5160707	LTR/ERV1	2938	-	205	5160502	33742
chr11	5126760	5326760	harbor1	chr11	5161085	5161301	LTR/ERV1	1385	-	108	5161193	34433
chr11	5126760	5326760	harbor1	chr11	5161303	5161965	LTR/ERV1	4367	-	331	5161634	34874
chr11	5126760	5326760	harbor1	chr11	5161968	5162469	LTR/ERV1	3197	-	250	5162218	35458
chr11	5126760	5326760	harbor1	chr11	5162469	5162618	LTR/ERV1	939	-	74	5162543	35783
chr11	5126760	5326760	harbor1	chr11	5162613	5165703	LTR/ERV1	15993	-	1545	5164158	37398
chr11	5126760	5326760	harbor1	chr11	5165706	5166117	LTR/ERV1	2864	-	206	5165912	39152
chr11	5126760	5326760	harbor1	chr11	5160708	5161086	LTR/ERV1	2455	-	189	5160897	34137
chr11	5126760	5326760	harbor1	chr11	5193634	5194416	LTR/ERV1	5443	-	391	5194025	67265
chr11	34816228	35016228	harbor1	chr11	34908022	34908286	LTR/ERV1	618	-	132	34908154	91926
chr11	34816228	35016228	harbor1	chr11	34913283	34913905	LTR/ERV1	4714	-	311	34913594	97366
chr11	5127108	5327108	harbor1	chr11	5139052	5139447	LTR/ERV1	2399	-	198	5139250	12142
chr11	5127108	5327108	harbor1	chr11	5160297	5160707	LTR/ERV1	2938	-	205	5160502	33394
chr11	5127108	5327108	harbor1	chr11	5161085	5161301	LTR/ERV1	1385	-	108	5161193	34085
chr11	5127108	5327108	harbor1	chr11	5161303	5161965	LTR/ERV1	4367	-	331	5161634	34526
chr11	5127108	5327108	harbor1	chr11	5161968	5162469	LTR/ERV1	3197	-	250	5162218	35110
chr11	5127108	5327108	harbor1	chr11	5162469	5162618	LTR/ERV1	939	-	74	5162543	35435
chr11	5127108	5327108	harbor1	chr11	5162613	5165703	LTR/ERV1	15993	-	1545	5164158	37050
chr11	5127108	5327108	harbor1	chr11	5165706	5166117	LTR/ERV1	2864	-	206	5165912	38804
chr11	5127108	5327108	harbor1	chr11	5160708	5161086	LTR/ERV1	2455	-	189	5160897	33789
chr11	5127108	5327108	harbor1	chr11	5193634	5194416	LTR/ERV1	5443	-	391	5194025	66917
chr11	5127203	5327203	harbor1	chr11	5139052	5139447	LTR/ERV1	2399	-	198	5139250	12047
chr11	5127203	5327203	harbor1	chr11	5160297	5160707	LTR/ERV1	2938	-	205	5160502	33299
chr11	5127203	5327203	harbor1	chr11	5161085	5161301	LTR/ERV1	1385	-	108	5161193	33990
chr11	5127203	5327203	harbor1	chr11	5161303	5161965	LTR/ERV1	4367	-	331	5161634	34431
chr11	5127203	5327203	harbor1	chr11	5161968	5162469	LTR/ERV1	3197	-	250	5162218	35015
chr11	5127203	5327203	harbor1	chr11	5162469	5162618	LTR/ERV1	939	-	74	5162543	35340
chr11	5127203	5327203	harbor1	chr11	5162613	5165703	LTR/ERV1	15993	-	1545	5164158	36955
chr11	5127203	5327203	harbor1	chr11	5165706	5166117	LTR/ERV1	2864	-	206	5165912	38709
chr11	5127203	5327203	harbor1	chr11	5160708	5161086	LTR/ERV1	2455	-	189	5160897	33694
chr11	5127203	5327203	harbor1	chr11	5193634	5194416	LTR/ERV1	5443	-	391	5194025	66822
chr11	5127281	5327281	harbor1	chr11	5139052	5139447	LTR/ERV1	2399	-	198	5139250	11969
chr11	5127281	5327281	harbor1	chr11	5160297	5160707	LTR/ERV1	2938	-	205	5160502	33221
chr11	5127281	5327281	harbor1	chr11	5161085	5161301	LTR/ERV1	1385	-	108	5161193	33912
chr11	5127281	5327281	harbor1	chr11	5161303	5161965	LTR/ERV1	4367	-	331	5161634	34353
chr11	5127281	5327281	harbor1	chr11	5161968	5162469	LTR/ERV1	3197	-	250	5162218	34937
chr11	5127281	5327281	harbor1	chr11	5162469	5162618	LTR/ERV1	939	-	74	5162543	35262
chr11	5127281	5327281	harbor1	chr11	5162613	5165703	LTR/ERV1	15993	-	1545	5164158	36877
chr11	5127281	5327281	harbor1	chr11	5165706	5166117	LTR/ERV1	2864	-	206	5165912	38631
chr11	5127281	5327281	harbor1	chr11	5160708	5161086	LTR/ERV1	2455	-	189	5160897	33616
chr11	5127281	5327281	harbor1	chr11	5193634	5194416	LTR/ERV1	5443	-	391	5194025	66744
chr11	5134553	5334553	harbor1	chr11	5139052	5139447	LTR/ERV1	2399	-	198	5139250	4697
chr11	5134553	5334553	harbor1	chr11	5160297	5160707	LTR/ERV1	2938	-	205	5160502	25949
chr11	5134553	5334553	harbor1	chr11	5161085	5161301	LTR/ERV1	1385	-	108	5161193	26640
chr11	5134553	5334553	harbor1	chr11	5161303	5161965	LTR/ERV1	4367	-	331	5161634	27081
chr11	5134553	5334553	harbor1	chr11	5161968	5162469	LTR/ERV1	3197	-	250	5162218	27665
chr11	5134553	5334553	harbor1	chr11	5162469	5162618	LTR/ERV1	939	-	74	5162543	27990
chr11	5134553	5334553	harbor1	chr11	5162613	5165703	LTR/ERV1	15993	-	1545	5164158	29605
chr11	5134553	5334553	harbor1	chr11	5165706	5166117	LTR/ERV1	2864	-	206	5165912	31359
chr11	5134553	5334553	harbor1	chr11	5160708	5161086	LTR/ERV1	2455	-	189	5160897	26344
chr11	5134553	5334553	harbor1	chr11	5193634	5194416	LTR/ERV1	5443	-	391	5194025	59472
chr11	5030148	5230148	harbor1	chr11	5087216	5087714	LTR/ERV1	1321	-	249	5087465	57317
chr11	86572150	86772150	harbor1	chr11	86597658	86597945	LTR/ERV1	1402	-	144	86597802	25652
chr11	86572150	86772150	harbor1	chr11	86604118	86604422	LTR/ERV1	1463	-	152	86604270	32120
chr11	5134570	5334570	harbor1	chr11	5139052	5139447	LTR/ERV1	2399	-	198	5139250	4680
chr11	5134570	5334570	harbor1	chr11	5160297	5160707	LTR/ERV1	2938	-	205	5160502	25932
chr11	5134570	5334570	harbor1	chr11	5161085	5161301	LTR/ERV1	1385	-	108	5161193	26623
chr11	5134570	5334570	harbor1	chr11	5161303	5161965	LTR/ERV1	4367	-	331	5161634	27064
chr11	5134570	5334570	harbor1	chr11	5161968	5162469	LTR/ERV1	3197	-	250	5162218	27648
chr11	5134570	5334570	harbor1	chr11	5162469	5162618	LTR/ERV1	939	-	74	5162543	27973
chr11	5134570	5334570	harbor1	chr11	5162613	5165703	LTR/ERV1	15993	-	1545	5164158	29588
chr11	5134570	5334570	harbor1	chr11	5165706	5166117	LTR/ERV1	2864	-	206	5165912	31342
chr11	5134570	5334570	harbor1	chr11	5160708	5161086	LTR/ERV1	2455	-	189	5160897	26327
chr11	5134570	5334570	harbor1	chr11	5193634	5194416	LTR/ERV1	5443	-	391	5194025	59455
chr11	123313642	123513642	harbor1	chr11	123320440	123320810	LTR/ERV1	1672	-	185	123320625	6983
chr11	76580440	76780440	harbor1	chr11	76607926	76609594	LTR/ERV1	11116	-	834	76608760	28320
chr11	5126802	5326802	harbor1	chr11	5139052	5139447	LTR/ERV1	2399	-	198	5139250	12448
chr11	5126802	5326802	harbor1	chr11	5160297	5160707	LTR/ERV1	2938	-	205	5160502	33700
chr11	5126802	5326802	harbor1	chr11	5161085	5161301	LTR/ERV1	1385	-	108	5161193	34391
chr11	5126802	5326802	harbor1	chr11	5161303	5161965	LTR/ERV1	4367	-	331	5161634	34832
chr11	5126802	5326802	harbor1	chr11	5161968	5162469	LTR/ERV1	3197	-	250	5162218	35416
chr11	5126802	5326802	harbor1	chr11	5162469	5162618	LTR/ERV1	939	-	74	5162543	35741
chr11	5126802	5326802	harbor1	chr11	5162613	5165703	LTR/ERV1	15993	-	1545	5164158	37356
chr11	5126802	5326802	harbor1	chr11	5165706	5166117	LTR/ERV1	2864	-	206	5165912	39110
chr11	5126802	5326802	harbor1	chr11	5160708	5161086	LTR/ERV1	2455	-	189	5160897	34095
chr11	5126802	5326802	harbor1	chr11	5193634	5194416	LTR/ERV1	5443	-	391	5194025	67223
chr11	5030044	5230044	harbor1	chr11	5087216	5087714	LTR/ERV1	1321	-	249	5087465	57421
chr11	5125241	5325241	harbor1	chr11	5139052	5139447	LTR/ERV1	2399	-	198	5139250	14009
chr11	5125241	5325241	harbor1	chr11	5160297	5160707	LTR/ERV1	2938	-	205	5160502	35261
chr11	5125241	5325241	harbor1	chr11	5161085	5161301	LTR/ERV1	1385	-	108	5161193	35952
chr11	5125241	5325241	harbor1	chr11	5161303	5161965	LTR/ERV1	4367	-	331	5161634	36393
chr11	5125241	5325241	harbor1	chr11	5161968	5162469	LTR/ERV1	3197	-	250	5162218	36977
chr11	5125241	5325241	harbor1	chr11	5162469	5162618	LTR/ERV1	939	-	74	5162543	37302
chr11	5125241	5325241	harbor1	chr11	5162613	5165703	LTR/ERV1	15993	-	1545	5164158	38917
chr11	5125241	5325241	harbor1	chr11	5165706	5166117	LTR/ERV1	2864	-	206	5165912	40671
chr11	5125241	5325241	harbor1	chr11	5160708	5161086	LTR/ERV1	2455	-	189	5160897	35656
chr11	5125241	5325241	harbor1	chr11	5193634	5194416	LTR/ERV1	5443	-	391	5194025	68784
chr11	5134190	5334190	harbor1	chr11	5139052	5139447	LTR/ERV1	2399	-	198	5139250	5060
chr11	5134190	5334190	harbor1	chr11	5160297	5160707	LTR/ERV1	2938	-	205	5160502	26312
chr11	5134190	5334190	harbor1	chr11	5161085	5161301	LTR/ERV1	1385	-	108	5161193	27003
chr11	5134190	5334190	harbor1	chr11	5161303	5161965	LTR/ERV1	4367	-	331	5161634	27444
chr11	5134190	5334190	harbor1	chr11	5161968	5162469	LTR/ERV1	3197	-	250	5162218	28028
chr11	5134190	5334190	harbor1	chr11	5162469	5162618	LTR/ERV1	939	-	74	5162543	28353
chr11	5134190	5334190	harbor1	chr11	5162613	5165703	LTR/ERV1	15993	-	1545	5164158	29968
chr11	5134190	5334190	harbor1	chr11	5165706	5166117	LTR/ERV1	2864	-	206	5165912	31722
chr11	5134190	5334190	harbor1	chr11	5160708	5161086	LTR/ERV1	2455	-	189	5160897	26707
chr11	5134190	5334190	harbor1	chr11	5193634	5194416	LTR/ERV1	5443	-	391	5194025	59835
chr11	5125737	5325737	harbor1	chr11	5139052	5139447	LTR/ERV1	2399	-	198	5139250	13513
chr11	5125737	5325737	harbor1	chr11	5160297	5160707	LTR/ERV1	2938	-	205	5160502	34765
chr11	5125737	5325737	harbor1	chr11	5161085	5161301	LTR/ERV1	1385	-	108	5161193	35456
chr11	5125737	5325737	harbor1	chr11	5161303	5161965	LTR/ERV1	4367	-	331	5161634	35897
chr11	5125737	5325737	harbor1	chr11	5161968	5162469	LTR/ERV1	3197	-	250	5162218	36481
chr11	5125737	5325737	harbor1	chr11	5162469	5162618	LTR/ERV1	939	-	74	5162543	36806
chr11	5125737	5325737	harbor1	chr11	5162613	5165703	LTR/ERV1	15993	-	1545	5164158	38421
chr11	5125737	5325737	harbor1	chr11	5165706	5166117	LTR/ERV1	2864	-	206	5165912	40175
chr11	5125737	5325737	harbor1	chr11	5160708	5161086	LTR/ERV1	2455	-	189	5160897	35160
chr11	5125737	5325737	harbor1	chr11	5193634	5194416	LTR/ERV1	5443	-	391	5194025	68288
chr11	5127241	5327241	harbor1	chr11	5139052	5139447	LTR/ERV1	2399	-	198	5139250	12009
chr11	5127241	5327241	harbor1	chr11	5160297	5160707	LTR/ERV1	2938	-	205	5160502	33261
chr11	5127241	5327241	harbor1	chr11	5161085	5161301	LTR/ERV1	1385	-	108	5161193	33952
chr11	5127241	5327241	harbor1	chr11	5161303	5161965	LTR/ERV1	4367	-	331	5161634	34393
chr11	5127241	5327241	harbor1	chr11	5161968	5162469	LTR/ERV1	3197	-	250	5162218	34977
chr11	5127241	5327241	harbor1	chr11	5162469	5162618	LTR/ERV1	939	-	74	5162543	35302
chr11	5127241	5327241	harbor1	chr11	5162613	5165703	LTR/ERV1	15993	-	1545	5164158	36917
chr11	5127241	5327241	harbor1	chr11	5165706	5166117	LTR/ERV1	2864	-	206	5165912	38671
chr11	5127241	5327241	harbor1	chr11	5160708	5161086	LTR/ERV1	2455	-	189	5160897	33656
chr11	5127241	5327241	harbor1	chr11	5193634	5194416	LTR/ERV1	5443	-	391	5194025	66784
chr11	5126766	5326766	harbor1	chr11	5139052	5139447	LTR/ERV1	2399	-	198	5139250	12484
chr11	5126766	5326766	harbor1	chr11	5160297	5160707	LTR/ERV1	2938	-	205	5160502	33736
chr11	5126766	5326766	harbor1	chr11	5161085	5161301	LTR/ERV1	1385	-	108	5161193	34427
chr11	5126766	5326766	harbor1	chr11	5161303	5161965	LTR/ERV1	4367	-	331	5161634	34868
chr11	5126766	5326766	harbor1	chr11	5161968	5162469	LTR/ERV1	3197	-	250	5162218	35452
chr11	5126766	5326766	harbor1	chr11	5162469	5162618	LTR/ERV1	939	-	74	5162543	35777
chr11	5126766	5326766	harbor1	chr11	5162613	5165703	LTR/ERV1	15993	-	1545	5164158	37392
chr11	5126766	5326766	harbor1	chr11	5165706	5166117	LTR/ERV1	2864	-	206	5165912	39146
chr11	5126766	5326766	harbor1	chr11	5160708	5161086	LTR/ERV1	2455	-	189	5160897	34131
chr11	5126766	5326766	harbor1	chr11	5193634	5194416	LTR/ERV1	5443	-	391	5194025	67259
chr11	5134609	5334609	harbor1	chr11	5139052	5139447	LTR/ERV1	2399	-	198	5139250	4641
chr11	5134609	5334609	harbor1	chr11	5160297	5160707	LTR/ERV1	2938	-	205	5160502	25893
chr11	5134609	5334609	harbor1	chr11	5161085	5161301	LTR/ERV1	1385	-	108	5161193	26584
chr11	5134609	5334609	harbor1	chr11	5161303	5161965	LTR/ERV1	4367	-	331	5161634	27025
chr11	5134609	5334609	harbor1	chr11	5161968	5162469	LTR/ERV1	3197	-	250	5162218	27609
chr11	5134609	5334609	harbor1	chr11	5162469	5162618	LTR/ERV1	939	-	74	5162543	27934
chr11	5134609	5334609	harbor1	chr11	5162613	5165703	LTR/ERV1	15993	-	1545	5164158	29549
chr11	5134609	5334609	harbor1	chr11	5165706	5166117	LTR/ERV1	2864	-	206	5165912	31303
chr11	5134609	5334609	harbor1	chr11	5160708	5161086	LTR/ERV1	2455	-	189	5160897	26288
chr11	5134609	5334609	harbor1	chr11	5193634	5194416	LTR/ERV1	5443	-	391	5194025	59416
chr11	5134091	5334091	harbor1	chr11	5139052	5139447	LTR/ERV1	2399	-	198	5139250	5159
chr11	5134091	5334091	harbor1	chr11	5160297	5160707	LTR/ERV1	2938	-	205	5160502	26411
chr11	5134091	5334091	harbor1	chr11	5161085	5161301	LTR/ERV1	1385	-	108	5161193	27102
chr11	5134091	5334091	harbor1	chr11	5161303	5161965	LTR/ERV1	4367	-	331	5161634	27543
chr11	5134091	5334091	harbor1	chr11	5161968	5162469	LTR/ERV1	3197	-	250	5162218	28127
chr11	5134091	5334091	harbor1	chr11	5162469	5162618	LTR/ERV1	939	-	74	5162543	28452
chr11	5134091	5334091	harbor1	chr11	5162613	5165703	LTR/ERV1	15993	-	1545	5164158	30067
chr11	5134091	5334091	harbor1	chr11	5165706	5166117	LTR/ERV1	2864	-	206	5165912	31821
chr11	5134091	5334091	harbor1	chr11	5160708	5161086	LTR/ERV1	2455	-	189	5160897	26806
chr11	5134091	5334091	harbor1	chr11	5193634	5194416	LTR/ERV1	5443	-	391	5194025	59934
chr11	5127300	5327300	harbor1	chr11	5139052	5139447	LTR/ERV1	2399	-	198	5139250	11950
chr11	5127300	5327300	harbor1	chr11	5160297	5160707	LTR/ERV1	2938	-	205	5160502	33202
chr11	5127300	5327300	harbor1	chr11	5161085	5161301	LTR/ERV1	1385	-	108	5161193	33893
chr11	5127300	5327300	harbor1	chr11	5161303	5161965	LTR/ERV1	4367	-	331	5161634	34334
chr11	5127300	5327300	harbor1	chr11	5161968	5162469	LTR/ERV1	3197	-	250	5162218	34918
chr11	5127300	5327300	harbor1	chr11	5162469	5162618	LTR/ERV1	939	-	74	5162543	35243
chr11	5127300	5327300	harbor1	chr11	5162613	5165703	LTR/ERV1	15993	-	1545	5164158	36858
chr11	5127300	5327300	harbor1	chr11	5165706	5166117	LTR/ERV1	2864	-	206	5165912	38612
chr11	5127300	5327300	harbor1	chr11	5160708	5161086	LTR/ERV1	2455	-	189	5160897	33597
chr11	5127300	5327300	harbor1	chr11	5193634	5194416	LTR/ERV1	5443	-	391	5194025	66725
chr11	5127229	5327229	harbor1	chr11	5139052	5139447	LTR/ERV1	2399	-	198	5139250	12021
chr11	5127229	5327229	harbor1	chr11	5160297	5160707	LTR/ERV1	2938	-	205	5160502	33273
chr11	5127229	5327229	harbor1	chr11	5161085	5161301	LTR/ERV1	1385	-	108	5161193	33964
chr11	5127229	5327229	harbor1	chr11	5161303	5161965	LTR/ERV1	4367	-	331	5161634	34405
chr11	5127229	5327229	harbor1	chr11	5161968	5162469	LTR/ERV1	3197	-	250	5162218	34989
chr11	5127229	5327229	harbor1	chr11	5162469	5162618	LTR/ERV1	939	-	74	5162543	35314
chr11	5127229	5327229	harbor1	chr11	5162613	5165703	LTR/ERV1	15993	-	1545	5164158	36929
chr11	5127229	5327229	harbor1	chr11	5165706	5166117	LTR/ERV1	2864	-	206	5165912	38683
chr11	5127229	5327229	harbor1	chr11	5160708	5161086	LTR/ERV1	2455	-	189	5160897	33668
chr11	5127229	5327229	harbor1	chr11	5193634	5194416	LTR/ERV1	5443	-	391	5194025	66796
chr11	107465643	107665643	harbor1	chr11	107474810	107475137	LTR/ERV1	3487	-	164	107474974	9331
chr11	107465643	107665643	harbor1	chr11	107475890	107476041	LTR/ERV1	3487	-	76	107475966	10323
chr11	107465643	107665643	harbor1	chr11	107479240	107479440	LTR/ERV1	671	-	100	107479340	13697
chr11	108021539	108221539	harbor1	chr11	108113521	108113965	LTR/ERV1	1501	-	222	108113743	92204
chr11	5126785	5326785	harbor1	chr11	5139052	5139447	LTR/ERV1	2399	-	198	5139250	12465
chr11	5126785	5326785	harbor1	chr11	5160297	5160707	LTR/ERV1	2938	-	205	5160502	33717
chr11	5126785	5326785	harbor1	chr11	5161085	5161301	LTR/ERV1	1385	-	108	5161193	34408
chr11	5126785	5326785	harbor1	chr11	5161303	5161965	LTR/ERV1	4367	-	331	5161634	34849
chr11	5126785	5326785	harbor1	chr11	5161968	5162469	LTR/ERV1	3197	-	250	5162218	35433
chr11	5126785	5326785	harbor1	chr11	5162469	5162618	LTR/ERV1	939	-	74	5162543	35758
chr11	5126785	5326785	harbor1	chr11	5162613	5165703	LTR/ERV1	15993	-	1545	5164158	37373
chr11	5126785	5326785	harbor1	chr11	5165706	5166117	LTR/ERV1	2864	-	206	5165912	39127
chr11	5126785	5326785	harbor1	chr11	5160708	5161086	LTR/ERV1	2455	-	189	5160897	34112
chr11	5126785	5326785	harbor1	chr11	5193634	5194416	LTR/ERV1	5443	-	391	5194025	67240
chr11	64538073	64738073	harbor1	chr11	64537931	64538187	LTR/ERV1	1264	-	128	64538059	14
chr11	64538073	64738073	harbor1	chr11	64538498	64538619	LTR/ERV1	1264	-	60	64538558	485
chr11	64538073	64738073	harbor1	chr11	64541605	64541723	LTR/ERV1	2975	-	59	64541664	3591
chr11	64538073	64738073	harbor1	chr11	64542035	64542483	LTR/ERV1	2975	-	224	64542259	4186
chr11	64538073	64738073	harbor1	chr11	64556702	64556968	LTR/ERV1	1431	-	133	64556835	18762
chr11	5127144	5327144	harbor1	chr11	5139052	5139447	LTR/ERV1	2399	-	198	5139250	12106
chr11	5127144	5327144	harbor1	chr11	5160297	5160707	LTR/ERV1	2938	-	205	5160502	33358
chr11	5127144	5327144	harbor1	chr11	5161085	5161301	LTR/ERV1	1385	-	108	5161193	34049
chr11	5127144	5327144	harbor1	chr11	5161303	5161965	LTR/ERV1	4367	-	331	5161634	34490
chr11	5127144	5327144	harbor1	chr11	5161968	5162469	LTR/ERV1	3197	-	250	5162218	35074
chr11	5127144	5327144	harbor1	chr11	5162469	5162618	LTR/ERV1	939	-	74	5162543	35399
chr11	5127144	5327144	harbor1	chr11	5162613	5165703	LTR/ERV1	15993	-	1545	5164158	37014
chr11	5127144	5327144	harbor1	chr11	5165706	5166117	LTR/ERV1	2864	-	206	5165912	38768
chr11	5127144	5327144	harbor1	chr11	5160708	5161086	LTR/ERV1	2455	-	189	5160897	33753
chr11	5127144	5327144	harbor1	chr11	5193634	5194416	LTR/ERV1	5443	-	391	5194025	66881
chr11	5127200	5327200	harbor1	chr11	5139052	5139447	LTR/ERV1	2399	-	198	5139250	12050
chr11	5127200	5327200	harbor1	chr11	5160297	5160707	LTR/ERV1	2938	-	205	5160502	33302
chr11	5127200	5327200	harbor1	chr11	5161085	5161301	LTR/ERV1	1385	-	108	5161193	33993
chr11	5127200	5327200	harbor1	chr11	5161303	5161965	LTR/ERV1	4367	-	331	5161634	34434
chr11	5127200	5327200	harbor1	chr11	5161968	5162469	LTR/ERV1	3197	-	250	5162218	35018
chr11	5127200	5327200	harbor1	chr11	5162469	5162618	LTR/ERV1	939	-	74	5162543	35343
chr11	5127200	5327200	harbor1	chr11	5162613	5165703	LTR/ERV1	15993	-	1545	5164158	36958
chr11	5127200	5327200	harbor1	chr11	5165706	5166117	LTR/ERV1	2864	-	206	5165912	38712
chr11	5127200	5327200	harbor1	chr11	5160708	5161086	LTR/ERV1	2455	-	189	5160897	33697
chr11	5127200	5327200	harbor1	chr11	5193634	5194416	LTR/ERV1	5443	-	391	5194025	66825
chr11	117886632	118086632	harbor1	chr11	117977667	117979054	LTR/ERV1	9632	-	694	117978361	91729
chr11	117886632	118086632	harbor1	chr11	117984781	117985418	LTR/ERV1	2919	-	318	117985099	98467
chr11	5103484	5303484	harbor1	chr11	5139052	5139447	LTR/ERV1	2399	-	198	5139250	35766
chr11	5103484	5303484	harbor1	chr11	5160297	5160707	LTR/ERV1	2938	-	205	5160502	57018
chr11	5103484	5303484	harbor1	chr11	5161085	5161301	LTR/ERV1	1385	-	108	5161193	57709
chr11	5103484	5303484	harbor1	chr11	5161303	5161965	LTR/ERV1	4367	-	331	5161634	58150
chr11	5103484	5303484	harbor1	chr11	5161968	5162469	LTR/ERV1	3197	-	250	5162218	58734
chr11	5103484	5303484	harbor1	chr11	5162469	5162618	LTR/ERV1	939	-	74	5162543	59059
chr11	5103484	5303484	harbor1	chr11	5162613	5165703	LTR/ERV1	15993	-	1545	5164158	60674
chr11	5103484	5303484	harbor1	chr11	5165706	5166117	LTR/ERV1	2864	-	206	5165912	62428
chr11	5103484	5303484	harbor1	chr11	5160708	5161086	LTR/ERV1	2455	-	189	5160897	57413
chr11	5103484	5303484	harbor1	chr11	5193634	5194416	LTR/ERV1	5443	-	391	5194025	90541
chr11	5127304	5327304	harbor1	chr11	5139052	5139447	LTR/ERV1	2399	-	198	5139250	11946
chr11	5127304	5327304	harbor1	chr11	5160297	5160707	LTR/ERV1	2938	-	205	5160502	33198
chr11	5127304	5327304	harbor1	chr11	5161085	5161301	LTR/ERV1	1385	-	108	5161193	33889
chr11	5127304	5327304	harbor1	chr11	5161303	5161965	LTR/ERV1	4367	-	331	5161634	34330
chr11	5127304	5327304	harbor1	chr11	5161968	5162469	LTR/ERV1	3197	-	250	5162218	34914
chr11	5127304	5327304	harbor1	chr11	5162469	5162618	LTR/ERV1	939	-	74	5162543	35239
chr11	5127304	5327304	harbor1	chr11	5162613	5165703	LTR/ERV1	15993	-	1545	5164158	36854
chr11	5127304	5327304	harbor1	chr11	5165706	5166117	LTR/ERV1	2864	-	206	5165912	38608
chr11	5127304	5327304	harbor1	chr11	5160708	5161086	LTR/ERV1	2455	-	189	5160897	33593
chr11	5127304	5327304	harbor1	chr11	5193634	5194416	LTR/ERV1	5443	-	391	5194025	66721
chr11	6512326	6712326	harbor1	chr11	6596880	6597244	LTR/ERV1	713	-	182	6597062	84736
chr11	6201318	6401318	harbor1	chr11	6289898	6289994	LTR/ERV1	666	-	48	6289946	88628
chr11	6201318	6401318	harbor1	chr11	6290997	6291202	LTR/ERV1	677	-	102	6291099	89781
chr11	6201318	6401318	harbor1	chr11	6293803	6294044	LTR/ERV1	538	-	120	6293923	92605
chr11	12139700	12339700	harbor1	chr11	12172569	12172891	LTR/ERV1	1657	-	161	12172730	33030
chr11	12139700	12339700	harbor1	chr11	12178269	12178707	LTR/ERV1	2711	-	219	12178488	38788
chr11	6512331	6712331	harbor1	chr11	6596880	6597244	LTR/ERV1	713	-	182	6597062	84731
chr11	107914515	108114515	harbor1	chr11	107935105	107935363	LTR/ERV1	4031	-	129	107935234	20719
chr11	107914515	108114515	harbor1	chr11	107935675	107935900	LTR/ERV1	4031	-	112	107935787	21272
chr11	107914515	108114515	harbor1	chr11	107936199	107936255	LTR/ERV1	4031	-	28	107936227	21712
chr11	107914515	108114515	harbor1	chr11	107968207	107968282	LTR/ERV1	559	-	38	107968245	53730
chr11	107914515	108114515	harbor1	chr11	107981085	107981410	LTR/ERV1	2815	-	162	107981247	66732
chr11	107914515	108114515	harbor1	chr11	107981411	107981702	LTR/ERV1	2370	-	146	107981557	67042
chr11	107914515	108114515	harbor1	chr11	107981725	107982360	LTR/ERV1	4756	-	318	107982043	67528
chr11	107914515	108114515	harbor1	chr11	107982378	107983117	LTR/ERV1	6170	-	370	107982748	68233
chr11	731095	931095	harbor1	chr11	738111	738346	LTR/ERV1	1321	-	118	738229	7134
chr11	731095	931095	harbor1	chr11	738661	738764	LTR/ERV1	1321	-	52	738713	7618
chr11	731095	931095	harbor1	chr11	741578	741901	LTR/ERV1	3120	-	162	741740	10645
chr11	731095	931095	harbor1	chr11	742205	742432	LTR/ERV1	3120	-	114	742319	11224
chr11	731095	931095	harbor1	chr11	751263	751386	LTR/ERV1	691	-	62	751325	20230
chr11	731095	931095	harbor1	chr11	754967	755135	LTR/ERV1	965	-	84	755051	23956
chr11	731095	931095	harbor1	chr11	755443	755515	LTR/ERV1	965	-	36	755479	24384
chr11	64537994	64737994	harbor1	chr11	64537931	64538187	LTR/ERV1	1264	-	128	64538059	65
chr11	64537994	64737994	harbor1	chr11	64538498	64538619	LTR/ERV1	1264	-	60	64538558	564
chr11	64537994	64737994	harbor1	chr11	64541605	64541723	LTR/ERV1	2975	-	59	64541664	3670
chr11	64537994	64737994	harbor1	chr11	64542035	64542483	LTR/ERV1	2975	-	224	64542259	4265
chr11	64537994	64737994	harbor1	chr11	64556702	64556968	LTR/ERV1	1431	-	133	64556835	18841
chr11	76580499	76780499	harbor1	chr11	76607926	76609594	LTR/ERV1	11116	-	834	76608760	28261
chr11	76580347	76780347	harbor1	chr11	76607926	76609594	LTR/ERV1	11116	-	834	76608760	28413
chr11	34936228	35136228	harbor1	chr11	34980366	34980443	LTR/ERV1	638	-	38	34980404	44176
chr11	5127117	5327117	harbor1	chr11	5139052	5139447	LTR/ERV1	2399	-	198	5139250	12133
chr11	5127117	5327117	harbor1	chr11	5160297	5160707	LTR/ERV1	2938	-	205	5160502	33385
chr11	5127117	5327117	harbor1	chr11	5161085	5161301	LTR/ERV1	1385	-	108	5161193	34076
chr11	5127117	5327117	harbor1	chr11	5161303	5161965	LTR/ERV1	4367	-	331	5161634	34517
chr11	5127117	5327117	harbor1	chr11	5161968	5162469	LTR/ERV1	3197	-	250	5162218	35101
chr11	5127117	5327117	harbor1	chr11	5162469	5162618	LTR/ERV1	939	-	74	5162543	35426
chr11	5127117	5327117	harbor1	chr11	5162613	5165703	LTR/ERV1	15993	-	1545	5164158	37041
chr11	5127117	5327117	harbor1	chr11	5165706	5166117	LTR/ERV1	2864	-	206	5165912	38795
chr11	5127117	5327117	harbor1	chr11	5160708	5161086	LTR/ERV1	2455	-	189	5160897	33780
chr11	5127117	5327117	harbor1	chr11	5193634	5194416	LTR/ERV1	5443	-	391	5194025	66908
chr11	76580972	76780972	harbor1	chr11	76607926	76609594	LTR/ERV1	11116	-	834	76608760	27788
chr11	5134657	5334657	harbor1	chr11	5139052	5139447	LTR/ERV1	2399	-	198	5139250	4593
chr11	5134657	5334657	harbor1	chr11	5160297	5160707	LTR/ERV1	2938	-	205	5160502	25845
chr11	5134657	5334657	harbor1	chr11	5161085	5161301	LTR/ERV1	1385	-	108	5161193	26536
chr11	5134657	5334657	harbor1	chr11	5161303	5161965	LTR/ERV1	4367	-	331	5161634	26977
chr11	5134657	5334657	harbor1	chr11	5161968	5162469	LTR/ERV1	3197	-	250	5162218	27561
chr11	5134657	5334657	harbor1	chr11	5162469	5162618	LTR/ERV1	939	-	74	5162543	27886
chr11	5134657	5334657	harbor1	chr11	5162613	5165703	LTR/ERV1	15993	-	1545	5164158	29501
chr11	5134657	5334657	harbor1	chr11	5165706	5166117	LTR/ERV1	2864	-	206	5165912	31255
chr11	5134657	5334657	harbor1	chr11	5160708	5161086	LTR/ERV1	2455	-	189	5160897	26240
chr11	5134657	5334657	harbor1	chr11	5193634	5194416	LTR/ERV1	5443	-	391	5194025	59368
chr11	3044411	3244411	harbor1	chr11	3113716	3113952	LTR/ERV1	1212	-	118	3113834	69423
chr11	6201420	6401420	harbor1	chr11	6289898	6289994	LTR/ERV1	666	-	48	6289946	88526
chr11	6201420	6401420	harbor1	chr11	6290997	6291202	LTR/ERV1	677	-	102	6291099	89679
chr11	6201420	6401420	harbor1	chr11	6293803	6294044	LTR/ERV1	538	-	120	6293923	92503
chr11	108021633	108221633	harbor1	chr11	108113521	108113965	LTR/ERV1	1501	-	222	108113743	92110
chr11	119643264	119843264	harbor1	chr11	119649893	119650304	LTR/ERV1	2889	-	206	119650099	6835
chr11	5127276	5327276	harbor1	chr11	5139052	5139447	LTR/ERV1	2399	-	198	5139250	11974
chr11	5127276	5327276	harbor1	chr11	5160297	5160707	LTR/ERV1	2938	-	205	5160502	33226
chr11	5127276	5327276	harbor1	chr11	5161085	5161301	LTR/ERV1	1385	-	108	5161193	33917
chr11	5127276	5327276	harbor1	chr11	5161303	5161965	LTR/ERV1	4367	-	331	5161634	34358
chr11	5127276	5327276	harbor1	chr11	5161968	5162469	LTR/ERV1	3197	-	250	5162218	34942
chr11	5127276	5327276	harbor1	chr11	5162469	5162618	LTR/ERV1	939	-	74	5162543	35267
chr11	5127276	5327276	harbor1	chr11	5162613	5165703	LTR/ERV1	15993	-	1545	5164158	36882
chr11	5127276	5327276	harbor1	chr11	5165706	5166117	LTR/ERV1	2864	-	206	5165912	38636
chr11	5127276	5327276	harbor1	chr11	5160708	5161086	LTR/ERV1	2455	-	189	5160897	33621
chr11	5127276	5327276	harbor1	chr11	5193634	5194416	LTR/ERV1	5443	-	391	5194025	66749
chr11	5134554	5334554	harbor1	chr11	5139052	5139447	LTR/ERV1	2399	-	198	5139250	4696
chr11	5134554	5334554	harbor1	chr11	5160297	5160707	LTR/ERV1	2938	-	205	5160502	25948
chr11	5134554	5334554	harbor1	chr11	5161085	5161301	LTR/ERV1	1385	-	108	5161193	26639
chr11	5134554	5334554	harbor1	chr11	5161303	5161965	LTR/ERV1	4367	-	331	5161634	27080
chr11	5134554	5334554	harbor1	chr11	5161968	5162469	LTR/ERV1	3197	-	250	5162218	27664
chr11	5134554	5334554	harbor1	chr11	5162469	5162618	LTR/ERV1	939	-	74	5162543	27989
chr11	5134554	5334554	harbor1	chr11	5162613	5165703	LTR/ERV1	15993	-	1545	5164158	29604
chr11	5134554	5334554	harbor1	chr11	5165706	5166117	LTR/ERV1	2864	-	206	5165912	31358
chr11	5134554	5334554	harbor1	chr11	5160708	5161086	LTR/ERV1	2455	-	189	5160897	26343
chr11	5134554	5334554	harbor1	chr11	5193634	5194416	LTR/ERV1	5443	-	391	5194025	59471
chr11	6201346	6401346	harbor1	chr11	6289898	6289994	LTR/ERV1	666	-	48	6289946	88600
chr11	6201346	6401346	harbor1	chr11	6290997	6291202	LTR/ERV1	677	-	102	6291099	89753
chr11	6201346	6401346	harbor1	chr11	6293803	6294044	LTR/ERV1	538	-	120	6293923	92577
chr11	5134601	5334601	harbor1	chr11	5139052	5139447	LTR/ERV1	2399	-	198	5139250	4649
chr11	5134601	5334601	harbor1	chr11	5160297	5160707	LTR/ERV1	2938	-	205	5160502	25901
chr11	5134601	5334601	harbor1	chr11	5161085	5161301	LTR/ERV1	1385	-	108	5161193	26592
chr11	5134601	5334601	harbor1	chr11	5161303	5161965	LTR/ERV1	4367	-	331	5161634	27033
chr11	5134601	5334601	harbor1	chr11	5161968	5162469	LTR/ERV1	3197	-	250	5162218	27617
chr11	5134601	5334601	harbor1	chr11	5162469	5162618	LTR/ERV1	939	-	74	5162543	27942
chr11	5134601	5334601	harbor1	chr11	5162613	5165703	LTR/ERV1	15993	-	1545	5164158	29557
chr11	5134601	5334601	harbor1	chr11	5165706	5166117	LTR/ERV1	2864	-	206	5165912	31311
chr11	5134601	5334601	harbor1	chr11	5160708	5161086	LTR/ERV1	2455	-	189	5160897	26296
chr11	5134601	5334601	harbor1	chr11	5193634	5194416	LTR/ERV1	5443	-	391	5194025	59424
chr11	5036924	5236924	harbor1	chr11	5087216	5087714	LTR/ERV1	1321	-	249	5087465	50541
chr11	5127104	5327104	harbor1	chr11	5139052	5139447	LTR/ERV1	2399	-	198	5139250	12146
chr11	5127104	5327104	harbor1	chr11	5160297	5160707	LTR/ERV1	2938	-	205	5160502	33398
chr11	5127104	5327104	harbor1	chr11	5161085	5161301	LTR/ERV1	1385	-	108	5161193	34089
chr11	5127104	5327104	harbor1	chr11	5161303	5161965	LTR/ERV1	4367	-	331	5161634	34530
chr11	5127104	5327104	harbor1	chr11	5161968	5162469	LTR/ERV1	3197	-	250	5162218	35114
chr11	5127104	5327104	harbor1	chr11	5162469	5162618	LTR/ERV1	939	-	74	5162543	35439
chr11	5127104	5327104	harbor1	chr11	5162613	5165703	LTR/ERV1	15993	-	1545	5164158	37054
chr11	5127104	5327104	harbor1	chr11	5165706	5166117	LTR/ERV1	2864	-	206	5165912	38808
chr11	5127104	5327104	harbor1	chr11	5160708	5161086	LTR/ERV1	2455	-	189	5160897	33793
chr11	5127104	5327104	harbor1	chr11	5193634	5194416	LTR/ERV1	5443	-	391	5194025	66921
chr11	66158708	66358708	harbor1	chr11	66183592	66184022	LTR/ERV1	2333	-	215	66183807	25099
chr11	5127078	5327078	harbor1	chr11	5139052	5139447	LTR/ERV1	2399	-	198	5139250	12172
chr11	5127078	5327078	harbor1	chr11	5160297	5160707	LTR/ERV1	2938	-	205	5160502	33424
chr11	5127078	5327078	harbor1	chr11	5161085	5161301	LTR/ERV1	1385	-	108	5161193	34115
chr11	5127078	5327078	harbor1	chr11	5161303	5161965	LTR/ERV1	4367	-	331	5161634	34556
chr11	5127078	5327078	harbor1	chr11	5161968	5162469	LTR/ERV1	3197	-	250	5162218	35140
chr11	5127078	5327078	harbor1	chr11	5162469	5162618	LTR/ERV1	939	-	74	5162543	35465
chr11	5127078	5327078	harbor1	chr11	5162613	5165703	LTR/ERV1	15993	-	1545	5164158	37080
chr11	5127078	5327078	harbor1	chr11	5165706	5166117	LTR/ERV1	2864	-	206	5165912	38834
chr11	5127078	5327078	harbor1	chr11	5160708	5161086	LTR/ERV1	2455	-	189	5160897	33819
chr11	5127078	5327078	harbor1	chr11	5193634	5194416	LTR/ERV1	5443	-	391	5194025	66947
chr11	22725288	22925288	harbor1	chr11	22805622	22806183	LTR/ERV1	3522	-	280	22805902	80614
chr11	22725288	22925288	harbor1	chr11	22807588	22808076	LTR/ERV1	3002	-	244	22807832	82544
chr11	22725288	22925288	harbor1	chr11	22809126	22809481	LTR/ERV1	1561	-	178	22809304	84016
chr11	22725288	22925288	harbor1	chr11	22810013	22810504	LTR/ERV1	3315	-	246	22810259	84971
chr11	5132790	5332790	harbor1	chr11	5139052	5139447	LTR/ERV1	2399	-	198	5139250	6460
chr11	5132790	5332790	harbor1	chr11	5160297	5160707	LTR/ERV1	2938	-	205	5160502	27712
chr11	5132790	5332790	harbor1	chr11	5161085	5161301	LTR/ERV1	1385	-	108	5161193	28403
chr11	5132790	5332790	harbor1	chr11	5161303	5161965	LTR/ERV1	4367	-	331	5161634	28844
chr11	5132790	5332790	harbor1	chr11	5161968	5162469	LTR/ERV1	3197	-	250	5162218	29428
chr11	5132790	5332790	harbor1	chr11	5162469	5162618	LTR/ERV1	939	-	74	5162543	29753
chr11	5132790	5332790	harbor1	chr11	5162613	5165703	LTR/ERV1	15993	-	1545	5164158	31368
chr11	5132790	5332790	harbor1	chr11	5165706	5166117	LTR/ERV1	2864	-	206	5165912	33122
chr11	5132790	5332790	harbor1	chr11	5160708	5161086	LTR/ERV1	2455	-	189	5160897	28107
chr11	5132790	5332790	harbor1	chr11	5193634	5194416	LTR/ERV1	5443	-	391	5194025	61235
chr11	75668477	75868477	harbor1	chr11	75678008	75679295	LTR/ERV1	7055	-	644	75678652	10175
chr11	75668477	75868477	harbor1	chr11	75679639	75679869	LTR/ERV1	7055	-	115	75679754	11277
chr11	5134186	5334186	harbor1	chr11	5139052	5139447	LTR/ERV1	2399	-	198	5139250	5064
chr11	5134186	5334186	harbor1	chr11	5160297	5160707	LTR/ERV1	2938	-	205	5160502	26316
chr11	5134186	5334186	harbor1	chr11	5161085	5161301	LTR/ERV1	1385	-	108	5161193	27007
chr11	5134186	5334186	harbor1	chr11	5161303	5161965	LTR/ERV1	4367	-	331	5161634	27448
chr11	5134186	5334186	harbor1	chr11	5161968	5162469	LTR/ERV1	3197	-	250	5162218	28032
chr11	5134186	5334186	harbor1	chr11	5162469	5162618	LTR/ERV1	939	-	74	5162543	28357
chr11	5134186	5334186	harbor1	chr11	5162613	5165703	LTR/ERV1	15993	-	1545	5164158	29972
chr11	5134186	5334186	harbor1	chr11	5165706	5166117	LTR/ERV1	2864	-	206	5165912	31726
chr11	5134186	5334186	harbor1	chr11	5160708	5161086	LTR/ERV1	2455	-	189	5160897	26711
chr11	5134186	5334186	harbor1	chr11	5193634	5194416	LTR/ERV1	5443	-	391	5194025	59839
chr11	4514263	4714263	harbor1	chr11	4568087	4568780	LTR/ERV1	3944	-	346	4568433	54170
chr11	5126808	5326808	harbor1	chr11	5139052	5139447	LTR/ERV1	2399	-	198	5139250	12442
chr11	5126808	5326808	harbor1	chr11	5160297	5160707	LTR/ERV1	2938	-	205	5160502	33694
chr11	5126808	5326808	harbor1	chr11	5161085	5161301	LTR/ERV1	1385	-	108	5161193	34385
chr11	5126808	5326808	harbor1	chr11	5161303	5161965	LTR/ERV1	4367	-	331	5161634	34826
chr11	5126808	5326808	harbor1	chr11	5161968	5162469	LTR/ERV1	3197	-	250	5162218	35410
chr11	5126808	5326808	harbor1	chr11	5162469	5162618	LTR/ERV1	939	-	74	5162543	35735
chr11	5126808	5326808	harbor1	chr11	5162613	5165703	LTR/ERV1	15993	-	1545	5164158	37350
chr11	5126808	5326808	harbor1	chr11	5165706	5166117	LTR/ERV1	2864	-	206	5165912	39104
chr11	5126808	5326808	harbor1	chr11	5160708	5161086	LTR/ERV1	2455	-	189	5160897	34089
chr11	5126808	5326808	harbor1	chr11	5193634	5194416	LTR/ERV1	5443	-	391	5194025	67217
chr11	119007536	119207536	harbor1	chr11	119038991	119039271	LTR/ERV1	1637	-	140	119039131	31595
chr11	119007536	119207536	harbor1	chr11	119040161	119040206	LTR/ERV1	1637	-	22	119040183	32647
chr11	119007536	119207536	harbor1	chr11	119098903	119099142	LTR/ERV1	2180	-	120	119099023	91487
chr11	119007536	119207536	harbor1	chr11	119099451	119099511	LTR/ERV1	2180	-	30	119099481	91945
chr11	119007536	119207536	harbor1	chr11	119099810	119100100	LTR/ERV1	2180	-	145	119099955	92419
chr11	66808278	67008278	harbor1	chr11	66810400	66810838	LTR/ERV1	3005	-	219	66810619	2341
chr11	76581035	76781035	harbor1	chr11	76607926	76609594	LTR/ERV1	11116	-	834	76608760	27725
chr11	305556	505556	harbor1	chr11	306011	306286	LTR/ERV1	1550	-	138	306149	593
chr11	305556	505556	harbor1	chr11	309445	310164	LTR/ERV1	5322	-	360	309805	4249
chr11	305556	505556	harbor1	chr11	311518	312224	LTR/ERV1	3159	-	353	311871	6315
chr11	305556	505556	harbor1	chr11	312778	313204	LTR/ERV1	2059	-	213	312991	7435
chr11	305556	505556	harbor1	chr11	316661	316778	LTR/ERV1	409	-	58	316719	11163
chr11	305556	505556	harbor1	chr11	316784	317577	LTR/ERV1	5461	-	396	317180	11624
chr11	305556	505556	harbor1	chr11	317588	317744	LTR/ERV1	546	-	78	317666	12110
chr11	305556	505556	harbor1	chr11	322581	322928	LTR/ERV1	2366	-	174	322755	17199
chr11	305556	505556	harbor1	chr11	323266	323767	LTR/ERV1	5760	-	250	323516	17960
chr11	305556	505556	harbor1	chr11	324061	324821	LTR/ERV1	5760	-	380	324441	18885
chr11	305556	505556	harbor1	chr11	333767	334167	LTR/ERV1	2115	-	200	333967	28411
chr11	305556	505556	harbor1	chr11	338905	339044	LTR/ERV1	670	-	70	338975	33419
chr11	305556	505556	harbor1	chr11	339634	340031	LTR/ERV1	807	-	198	339832	34276
chr11	305556	505556	harbor1	chr11	340078	340692	LTR/ERV1	1195	-	307	340385	34829
chr11	305556	505556	harbor1	chr11	344430	344579	LTR/ERV1	1197	-	74	344504	38948
chr11	305556	505556	harbor1	chr11	344898	345098	LTR/ERV1	1197	-	100	344998	39442
chr11	305556	505556	harbor1	chr11	349106	349504	LTR/ERV1	1791	-	199	349305	43749
chr11	305556	505556	harbor1	chr11	350175	350263	LTR/ERV1	732	-	44	350219	44663
chr11	305556	505556	harbor1	chr11	350264	350711	LTR/ERV1	3501	-	224	350488	44932
chr11	305556	505556	harbor1	chr11	350712	351583	LTR/ERV1	4274	-	436	351148	45592
chr11	305556	505556	harbor1	chr11	351731	351828	LTR/ERV1	4069	-	48	351779	46223
chr11	305556	505556	harbor1	chr11	352134	352592	LTR/ERV1	4069	-	229	352363	46807
chr11	305556	505556	harbor1	chr11	355601	355685	LTR/ERV1	572	-	42	355643	50087
chr11	32073529	32273529	harbor1	chr11	32079894	32080209	LTR/ERV1	694	-	158	32080052	6523
chr11	32073529	32273529	harbor1	chr11	32080268	32080376	LTR/ERV1	435	-	54	32080322	6793
chr11	32073529	32273529	harbor1	chr11	32080383	32080748	LTR/ERV1	968	-	182	32080565	7036
chr11	32073529	32273529	harbor1	chr11	32109342	32109806	LTR/ERV1	2895	-	232	32109574	36045
chr11	32073529	32273529	harbor1	chr11	32160069	32160963	LTR/ERV1	5463	-	447	32160516	86987
chr11	32073529	32273529	harbor1	chr11	32079752	32079881	LTR/ERV1	587	-	64	32079816	6287
chr11	5127131	5327131	harbor1	chr11	5139052	5139447	LTR/ERV1	2399	-	198	5139250	12119
chr11	5127131	5327131	harbor1	chr11	5160297	5160707	LTR/ERV1	2938	-	205	5160502	33371
chr11	5127131	5327131	harbor1	chr11	5161085	5161301	LTR/ERV1	1385	-	108	5161193	34062
chr11	5127131	5327131	harbor1	chr11	5161303	5161965	LTR/ERV1	4367	-	331	5161634	34503
chr11	5127131	5327131	harbor1	chr11	5161968	5162469	LTR/ERV1	3197	-	250	5162218	35087
chr11	5127131	5327131	harbor1	chr11	5162469	5162618	LTR/ERV1	939	-	74	5162543	35412
chr11	5127131	5327131	harbor1	chr11	5162613	5165703	LTR/ERV1	15993	-	1545	5164158	37027
chr11	5127131	5327131	harbor1	chr11	5165706	5166117	LTR/ERV1	2864	-	206	5165912	38781
chr11	5127131	5327131	harbor1	chr11	5160708	5161086	LTR/ERV1	2455	-	189	5160897	33766
chr11	5127131	5327131	harbor1	chr11	5193634	5194416	LTR/ERV1	5443	-	391	5194025	66894
chr11	63803202	64003202	harbor1	chr11	63809705	63809931	LTR/ERV1	583	-	113	63809818	6616
chr11	1826321	2026321	harbor1	chr11	1896881	1897269	LTR/ERV1	2164	-	194	1897075	70754
chr11	1826321	2026321	harbor1	chr11	1897279	1898237	LTR/ERV1	15505	-	479	1897758	71437
chr11	1826321	2026321	harbor1	chr11	1898534	1898723	LTR/ERV1	15505	-	94	1898628	72307
chr11	1826321	2026321	harbor1	chr11	1900899	1901029	LTR/ERV1	878	-	65	1900964	74643
chr11	1826321	2026321	harbor1	chr11	1901327	1901398	LTR/ERV1	878	-	36	1901363	75042
chr11	1826321	2026321	harbor1	chr11	1901403	1901658	LTR/ERV1	1107	-	128	1901531	75210
chr11	1826321	2026321	harbor1	chr11	1901820	1901950	LTR/ERV1	1399	-	65	1901885	75564
chr11	1826321	2026321	harbor1	chr11	1902248	1902541	LTR/ERV1	1399	-	146	1902394	76073
chr11	1826321	2026321	harbor1	chr11	1902647	1903210	LTR/ERV1	4330	-	282	1902929	76608
chr11	1826321	2026321	harbor1	chr11	1903446	1904228	LTR/ERV1	3744	-	391	1903837	77516
chr11	1826321	2026321	harbor1	chr11	1898994	1900896	LTR/ERV1	15505	-	951	1899945	73624
chr11	5125969	5325969	harbor1	chr11	5139052	5139447	LTR/ERV1	2399	-	198	5139250	13281
chr11	5125969	5325969	harbor1	chr11	5160297	5160707	LTR/ERV1	2938	-	205	5160502	34533
chr11	5125969	5325969	harbor1	chr11	5161085	5161301	LTR/ERV1	1385	-	108	5161193	35224
chr11	5125969	5325969	harbor1	chr11	5161303	5161965	LTR/ERV1	4367	-	331	5161634	35665
chr11	5125969	5325969	harbor1	chr11	5161968	5162469	LTR/ERV1	3197	-	250	5162218	36249
chr11	5125969	5325969	harbor1	chr11	5162469	5162618	LTR/ERV1	939	-	74	5162543	36574
chr11	5125969	5325969	harbor1	chr11	5162613	5165703	LTR/ERV1	15993	-	1545	5164158	38189
chr11	5125969	5325969	harbor1	chr11	5165706	5166117	LTR/ERV1	2864	-	206	5165912	39943
chr11	5125969	5325969	harbor1	chr11	5160708	5161086	LTR/ERV1	2455	-	189	5160897	34928
chr11	5125969	5325969	harbor1	chr11	5193634	5194416	LTR/ERV1	5443	-	391	5194025	68056
chr11	682053	882053	harbor1	chr11	738111	738346	LTR/ERV1	1321	-	118	738229	56176
chr11	682053	882053	harbor1	chr11	738661	738764	LTR/ERV1	1321	-	52	738713	56660
chr11	682053	882053	harbor1	chr11	741578	741901	LTR/ERV1	3120	-	162	741740	59687
chr11	682053	882053	harbor1	chr11	742205	742432	LTR/ERV1	3120	-	114	742319	60266
chr11	682053	882053	harbor1	chr11	751263	751386	LTR/ERV1	691	-	62	751325	69272
chr11	682053	882053	harbor1	chr11	754967	755135	LTR/ERV1	965	-	84	755051	72998
chr11	682053	882053	harbor1	chr11	755443	755515	LTR/ERV1	965	-	36	755479	73426
chr11	5126984	5326984	harbor1	chr11	5139052	5139447	LTR/ERV1	2399	-	198	5139250	12266
chr11	5126984	5326984	harbor1	chr11	5160297	5160707	LTR/ERV1	2938	-	205	5160502	33518
chr11	5126984	5326984	harbor1	chr11	5161085	5161301	LTR/ERV1	1385	-	108	5161193	34209
chr11	5126984	5326984	harbor1	chr11	5161303	5161965	LTR/ERV1	4367	-	331	5161634	34650
chr11	5126984	5326984	harbor1	chr11	5161968	5162469	LTR/ERV1	3197	-	250	5162218	35234
chr11	5126984	5326984	harbor1	chr11	5162469	5162618	LTR/ERV1	939	-	74	5162543	35559
chr11	5126984	5326984	harbor1	chr11	5162613	5165703	LTR/ERV1	15993	-	1545	5164158	37174
chr11	5126984	5326984	harbor1	chr11	5165706	5166117	LTR/ERV1	2864	-	206	5165912	38928
chr11	5126984	5326984	harbor1	chr11	5160708	5161086	LTR/ERV1	2455	-	189	5160897	33913
chr11	5126984	5326984	harbor1	chr11	5193634	5194416	LTR/ERV1	5443	-	391	5194025	67041
chr11	5127187	5327187	harbor1	chr11	5139052	5139447	LTR/ERV1	2399	-	198	5139250	12063
chr11	5127187	5327187	harbor1	chr11	5160297	5160707	LTR/ERV1	2938	-	205	5160502	33315
chr11	5127187	5327187	harbor1	chr11	5161085	5161301	LTR/ERV1	1385	-	108	5161193	34006
chr11	5127187	5327187	harbor1	chr11	5161303	5161965	LTR/ERV1	4367	-	331	5161634	34447
chr11	5127187	5327187	harbor1	chr11	5161968	5162469	LTR/ERV1	3197	-	250	5162218	35031
chr11	5127187	5327187	harbor1	chr11	5162469	5162618	LTR/ERV1	939	-	74	5162543	35356
chr11	5127187	5327187	harbor1	chr11	5162613	5165703	LTR/ERV1	15993	-	1545	5164158	36971
chr11	5127187	5327187	harbor1	chr11	5165706	5166117	LTR/ERV1	2864	-	206	5165912	38725
chr11	5127187	5327187	harbor1	chr11	5160708	5161086	LTR/ERV1	2455	-	189	5160897	33710
chr11	5127187	5327187	harbor1	chr11	5193634	5194416	LTR/ERV1	5443	-	391	5194025	66838
chr11	31723675	31923675	harbor1	chr11	31724696	31725619	LTR/ERV1	1967	-	462	31725158	1483
chr11	33157309	33357309	harbor1	chr11	33179160	33179772	LTR/ERV1	4564	-	306	33179466	22157
chr11	33157309	33357309	harbor1	chr11	33192554	33192899	LTR/ERV1	520	-	172	33192726	35417
chr11	33157309	33357309	harbor1	chr11	33194325	33194734	LTR/ERV1	1588	-	204	33194529	37220
chr11	77964208	78164208	harbor1	chr11	78024447	78024621	LTR/ERV1	557	-	87	78024534	60326
chr11	77964208	78164208	harbor1	chr11	78025551	78025672	LTR/ERV1	797	-	60	78025611	61403
chr11	77964208	78164208	harbor1	chr11	78025989	78026154	LTR/ERV1	1000	-	82	78026071	61863
chr11	77964208	78164208	harbor1	chr11	78027139	78027251	LTR/ERV1	613	-	56	78027195	62987
chr11	77964208	78164208	harbor1	chr11	78027700	78027886	LTR/ERV1	1102	-	93	78027793	63585
chr11	77964208	78164208	harbor1	chr11	78027900	78028114	LTR/ERV1	1435	-	107	78028007	63799
chr11	77964208	78164208	harbor1	chr11	78029205	78029775	LTR/ERV1	3232	-	285	78029490	65282
chr11	77964208	78164208	harbor1	chr11	78042622	78043021	LTR/ERV1	2564	-	200	78042822	78614
chr11	77964208	78164208	harbor1	chr11	78044473	78044610	LTR/ERV1	548	-	68	78044541	80333
chr11	77964208	78164208	harbor1	chr11	78044612	78045114	LTR/ERV1	3114	-	251	78044863	80655
chr11	77964208	78164208	harbor1	chr11	78045370	78045730	LTR/ERV1	2467	-	180	78045550	81342
chr11	77964208	78164208	harbor1	chr11	78049017	78049188	LTR/ERV1	3636	-	86	78049103	84895
chr11	77964208	78164208	harbor1	chr11	78049497	78050024	LTR/ERV1	3636	-	264	78049761	85553
chr11	6512394	6712394	harbor1	chr11	6596880	6597244	LTR/ERV1	713	-	182	6597062	84668
chr11	64537959	64737959	harbor1	chr11	64537931	64538187	LTR/ERV1	1264	-	128	64538059	100
chr11	64537959	64737959	harbor1	chr11	64538498	64538619	LTR/ERV1	1264	-	60	64538558	599
chr11	64537959	64737959	harbor1	chr11	64541605	64541723	LTR/ERV1	2975	-	59	64541664	3705
chr11	64537959	64737959	harbor1	chr11	64542035	64542483	LTR/ERV1	2975	-	224	64542259	4300
chr11	64537959	64737959	harbor1	chr11	64556702	64556968	LTR/ERV1	1431	-	133	64556835	18876
chr11	5132879	5332879	harbor1	chr11	5139052	5139447	LTR/ERV1	2399	-	198	5139250	6371
chr11	5132879	5332879	harbor1	chr11	5160297	5160707	LTR/ERV1	2938	-	205	5160502	27623
chr11	5132879	5332879	harbor1	chr11	5161085	5161301	LTR/ERV1	1385	-	108	5161193	28314
chr11	5132879	5332879	harbor1	chr11	5161303	5161965	LTR/ERV1	4367	-	331	5161634	28755
chr11	5132879	5332879	harbor1	chr11	5161968	5162469	LTR/ERV1	3197	-	250	5162218	29339
chr11	5132879	5332879	harbor1	chr11	5162469	5162618	LTR/ERV1	939	-	74	5162543	29664
chr11	5132879	5332879	harbor1	chr11	5162613	5165703	LTR/ERV1	15993	-	1545	5164158	31279
chr11	5132879	5332879	harbor1	chr11	5165706	5166117	LTR/ERV1	2864	-	206	5165912	33033
chr11	5132879	5332879	harbor1	chr11	5160708	5161086	LTR/ERV1	2455	-	189	5160897	28018
chr11	5132879	5332879	harbor1	chr11	5193634	5194416	LTR/ERV1	5443	-	391	5194025	61146
chr11	1289639	1489639	harbor1	chr11	1326243	1326635	LTR/ERV1	3004	-	196	1326439	36800
chr11	1289639	1489639	harbor1	chr11	1367932	1368319	LTR/ERV1	1292	-	194	1368126	78487
chr11	1898662	2098662	harbor1	chr11	1898534	1898723	LTR/ERV1	15505	-	94	1898628	34
chr11	1898662	2098662	harbor1	chr11	1900899	1901029	LTR/ERV1	878	-	65	1900964	2302
chr11	1898662	2098662	harbor1	chr11	1901327	1901398	LTR/ERV1	878	-	36	1901363	2701
chr11	1898662	2098662	harbor1	chr11	1901403	1901658	LTR/ERV1	1107	-	128	1901531	2869
chr11	1898662	2098662	harbor1	chr11	1901820	1901950	LTR/ERV1	1399	-	65	1901885	3223
chr11	1898662	2098662	harbor1	chr11	1902248	1902541	LTR/ERV1	1399	-	146	1902394	3732
chr11	1898662	2098662	harbor1	chr11	1902647	1903210	LTR/ERV1	4330	-	282	1902929	4267
chr11	1898662	2098662	harbor1	chr11	1903446	1904228	LTR/ERV1	3744	-	391	1903837	5175
chr11	1898662	2098662	harbor1	chr11	1898994	1900896	LTR/ERV1	15505	-	951	1899945	1283
chr11	6201311	6401311	harbor1	chr11	6289898	6289994	LTR/ERV1	666	-	48	6289946	88635
chr11	6201311	6401311	harbor1	chr11	6290997	6291202	LTR/ERV1	677	-	102	6291099	89788
chr11	6201311	6401311	harbor1	chr11	6293803	6294044	LTR/ERV1	538	-	120	6293923	92612
chr11	68880548	69080548	harbor1	chr11	68884447	68884773	LTR/ERV1	1080	-	163	68884610	4062
chr11	68880548	69080548	harbor1	chr11	68885073	68885148	LTR/ERV1	953	-	38	68885111	4563
chr11	68880548	69080548	harbor1	chr11	68885154	68885302	LTR/ERV1	1530	-	74	68885228	4680
chr11	68880548	69080548	harbor1	chr11	68885612	68885985	LTR/ERV1	1530	-	186	68885798	5250
chr11	68880548	69080548	harbor1	chr11	68886028	68886068	LTR/ERV1	1530	-	20	68886048	5500
chr11	68880548	69080548	harbor1	chr11	68886376	68886687	LTR/ERV1	1069	-	156	68886532	5984
chr11	68880548	69080548	harbor1	chr11	68886976	68887343	LTR/ERV1	1157	-	184	68887160	6612
chr11	68880548	69080548	harbor1	chr11	68887668	68887807	LTR/ERV1	941	-	70	68887738	7190
chr11	68880548	69080548	harbor1	chr11	68887985	68888058	LTR/ERV1	1733	-	36	68888021	7473
chr11	68880548	69080548	harbor1	chr11	68888372	68888710	LTR/ERV1	1733	-	169	68888541	7993
chr11	68880548	69080548	harbor1	chr11	68913854	68914241	LTR/ERV1	1265	-	194	68914048	33500
chr11	68880548	69080548	harbor1	chr11	68914362	68914704	LTR/ERV1	2438	-	171	68914533	33985
chr11	68880548	69080548	harbor1	chr11	68930587	68931695	LTR/ERV1	6446	-	554	68931141	50593
chr11	68880548	69080548	harbor1	chr11	68972549	68973288	LTR/ERV1	3391	-	370	68972919	92371
chr11	68880548	69080548	harbor1	chr11	68973871	68974805	LTR/ERV1	4495	-	467	68974338	93790
chr11	5126814	5326814	harbor1	chr11	5139052	5139447	LTR/ERV1	2399	-	198	5139250	12436
chr11	5126814	5326814	harbor1	chr11	5160297	5160707	LTR/ERV1	2938	-	205	5160502	33688
chr11	5126814	5326814	harbor1	chr11	5161085	5161301	LTR/ERV1	1385	-	108	5161193	34379
chr11	5126814	5326814	harbor1	chr11	5161303	5161965	LTR/ERV1	4367	-	331	5161634	34820
chr11	5126814	5326814	harbor1	chr11	5161968	5162469	LTR/ERV1	3197	-	250	5162218	35404
chr11	5126814	5326814	harbor1	chr11	5162469	5162618	LTR/ERV1	939	-	74	5162543	35729
chr11	5126814	5326814	harbor1	chr11	5162613	5165703	LTR/ERV1	15993	-	1545	5164158	37344
chr11	5126814	5326814	harbor1	chr11	5165706	5166117	LTR/ERV1	2864	-	206	5165912	39098
chr11	5126814	5326814	harbor1	chr11	5160708	5161086	LTR/ERV1	2455	-	189	5160897	34083
chr11	5126814	5326814	harbor1	chr11	5193634	5194416	LTR/ERV1	5443	-	391	5194025	67211
chr11	2705362	2905362	harbor1	chr11	2760757	2761599	LTR/ERV1	4645	-	421	2761178	55816
chr11	5132579	5332579	harbor1	chr11	5139052	5139447	LTR/ERV1	2399	-	198	5139250	6671
chr11	5132579	5332579	harbor1	chr11	5160297	5160707	LTR/ERV1	2938	-	205	5160502	27923
chr11	5132579	5332579	harbor1	chr11	5161085	5161301	LTR/ERV1	1385	-	108	5161193	28614
chr11	5132579	5332579	harbor1	chr11	5161303	5161965	LTR/ERV1	4367	-	331	5161634	29055
chr11	5132579	5332579	harbor1	chr11	5161968	5162469	LTR/ERV1	3197	-	250	5162218	29639
chr11	5132579	5332579	harbor1	chr11	5162469	5162618	LTR/ERV1	939	-	74	5162543	29964
chr11	5132579	5332579	harbor1	chr11	5162613	5165703	LTR/ERV1	15993	-	1545	5164158	31579
chr11	5132579	5332579	harbor1	chr11	5165706	5166117	LTR/ERV1	2864	-	206	5165912	33333
chr11	5132579	5332579	harbor1	chr11	5160708	5161086	LTR/ERV1	2455	-	189	5160897	28318
chr11	5132579	5332579	harbor1	chr11	5193634	5194416	LTR/ERV1	5443	-	391	5194025	61446
chr11	5022316	5222316	harbor1	chr11	5087216	5087714	LTR/ERV1	1321	-	249	5087465	65149
chr11	5127120	5327120	harbor1	chr11	5139052	5139447	LTR/ERV1	2399	-	198	5139250	12130
chr11	5127120	5327120	harbor1	chr11	5160297	5160707	LTR/ERV1	2938	-	205	5160502	33382
chr11	5127120	5327120	harbor1	chr11	5161085	5161301	LTR/ERV1	1385	-	108	5161193	34073
chr11	5127120	5327120	harbor1	chr11	5161303	5161965	LTR/ERV1	4367	-	331	5161634	34514
chr11	5127120	5327120	harbor1	chr11	5161968	5162469	LTR/ERV1	3197	-	250	5162218	35098
chr11	5127120	5327120	harbor1	chr11	5162469	5162618	LTR/ERV1	939	-	74	5162543	35423
chr11	5127120	5327120	harbor1	chr11	5162613	5165703	LTR/ERV1	15993	-	1545	5164158	37038
chr11	5127120	5327120	harbor1	chr11	5165706	5166117	LTR/ERV1	2864	-	206	5165912	38792
chr11	5127120	5327120	harbor1	chr11	5160708	5161086	LTR/ERV1	2455	-	189	5160897	33777
chr11	5127120	5327120	harbor1	chr11	5193634	5194416	LTR/ERV1	5443	-	391	5194025	66905
chr11	76580334	76780334	harbor1	chr11	76607926	76609594	LTR/ERV1	11116	-	834	76608760	28426
chr11	64538041	64738041	harbor1	chr11	64537931	64538187	LTR/ERV1	1264	-	128	64538059	18
chr11	64538041	64738041	harbor1	chr11	64538498	64538619	LTR/ERV1	1264	-	60	64538558	517
chr11	64538041	64738041	harbor1	chr11	64541605	64541723	LTR/ERV1	2975	-	59	64541664	3623
chr11	64538041	64738041	harbor1	chr11	64542035	64542483	LTR/ERV1	2975	-	224	64542259	4218
chr11	64538041	64738041	harbor1	chr11	64556702	64556968	LTR/ERV1	1431	-	133	64556835	18794
chr11	7933373	8133373	harbor1	chr11	7937348	7937495	LTR/ERV1	665	-	74	7937422	4049
chr11	7933373	8133373	harbor1	chr11	7968458	7969071	LTR/ERV1	3550	-	306	7968764	35391
chr11	7933373	8133373	harbor1	chr11	7969080	7969981	LTR/ERV1	8223	-	450	7969530	36157
chr11	7933373	8133373	harbor1	chr11	7969982	7970683	LTR/ERV1	3648	-	350	7970332	36959
chr11	7933373	8133373	harbor1	chr11	7970684	7971241	LTR/ERV1	8223	-	278	7970962	37589
chr11	7933373	8133373	harbor1	chr11	7972297	7972867	LTR/ERV1	2648	-	285	7972582	39209
chr11	122556267	122756267	harbor1	chr11	122576406	122576807	LTR/ERV1	2868	-	200	122576606	20339
chr11	122556267	122756267	harbor1	chr11	122577101	122577408	LTR/ERV1	2868	-	154	122577255	20988
chr11	76580627	76780627	harbor1	chr11	76607926	76609594	LTR/ERV1	11116	-	834	76608760	28133
chr11	5127220	5327220	harbor1	chr11	5139052	5139447	LTR/ERV1	2399	-	198	5139250	12030
chr11	5127220	5327220	harbor1	chr11	5160297	5160707	LTR/ERV1	2938	-	205	5160502	33282
chr11	5127220	5327220	harbor1	chr11	5161085	5161301	LTR/ERV1	1385	-	108	5161193	33973
chr11	5127220	5327220	harbor1	chr11	5161303	5161965	LTR/ERV1	4367	-	331	5161634	34414
chr11	5127220	5327220	harbor1	chr11	5161968	5162469	LTR/ERV1	3197	-	250	5162218	34998
chr11	5127220	5327220	harbor1	chr11	5162469	5162618	LTR/ERV1	939	-	74	5162543	35323
chr11	5127220	5327220	harbor1	chr11	5162613	5165703	LTR/ERV1	15993	-	1545	5164158	36938
chr11	5127220	5327220	harbor1	chr11	5165706	5166117	LTR/ERV1	2864	-	206	5165912	38692
chr11	5127220	5327220	harbor1	chr11	5160708	5161086	LTR/ERV1	2455	-	189	5160897	33677
chr11	5127220	5327220	harbor1	chr11	5193634	5194416	LTR/ERV1	5443	-	391	5194025	66805
chr11	5127275	5327275	harbor1	chr11	5139052	5139447	LTR/ERV1	2399	-	198	5139250	11975
chr11	5127275	5327275	harbor1	chr11	5160297	5160707	LTR/ERV1	2938	-	205	5160502	33227
chr11	5127275	5327275	harbor1	chr11	5161085	5161301	LTR/ERV1	1385	-	108	5161193	33918
chr11	5127275	5327275	harbor1	chr11	5161303	5161965	LTR/ERV1	4367	-	331	5161634	34359
chr11	5127275	5327275	harbor1	chr11	5161968	5162469	LTR/ERV1	3197	-	250	5162218	34943
chr11	5127275	5327275	harbor1	chr11	5162469	5162618	LTR/ERV1	939	-	74	5162543	35268
chr11	5127275	5327275	harbor1	chr11	5162613	5165703	LTR/ERV1	15993	-	1545	5164158	36883
chr11	5127275	5327275	harbor1	chr11	5165706	5166117	LTR/ERV1	2864	-	206	5165912	38637
chr11	5127275	5327275	harbor1	chr11	5160708	5161086	LTR/ERV1	2455	-	189	5160897	33622
chr11	5127275	5327275	harbor1	chr11	5193634	5194416	LTR/ERV1	5443	-	391	5194025	66750
chr11	76575076	76775076	harbor1	chr11	76607926	76609594	LTR/ERV1	11116	-	834	76608760	33684
chr11	32939956	33139956	harbor1	chr11	32988405	32988865	LTR/ERV1	3527	-	230	32988635	48679
chr11	5127188	5327188	harbor1	chr11	5139052	5139447	LTR/ERV1	2399	-	198	5139250	12062
chr11	5127188	5327188	harbor1	chr11	5160297	5160707	LTR/ERV1	2938	-	205	5160502	33314
chr11	5127188	5327188	harbor1	chr11	5161085	5161301	LTR/ERV1	1385	-	108	5161193	34005
chr11	5127188	5327188	harbor1	chr11	5161303	5161965	LTR/ERV1	4367	-	331	5161634	34446
chr11	5127188	5327188	harbor1	chr11	5161968	5162469	LTR/ERV1	3197	-	250	5162218	35030
chr11	5127188	5327188	harbor1	chr11	5162469	5162618	LTR/ERV1	939	-	74	5162543	35355
chr11	5127188	5327188	harbor1	chr11	5162613	5165703	LTR/ERV1	15993	-	1545	5164158	36970
chr11	5127188	5327188	harbor1	chr11	5165706	5166117	LTR/ERV1	2864	-	206	5165912	38724
chr11	5127188	5327188	harbor1	chr11	5160708	5161086	LTR/ERV1	2455	-	189	5160897	33709
chr11	5127188	5327188	harbor1	chr11	5193634	5194416	LTR/ERV1	5443	-	391	5194025	66837
chr11	76580968	76780968	harbor1	chr11	76607926	76609594	LTR/ERV1	11116	-	834	76608760	27792
chr11	31723667	31923667	harbor1	chr11	31724696	31725619	LTR/ERV1	1967	-	462	31725158	1491
chr11	16505283	16705283	harbor1	chr11	16553133	16553613	LTR/ERV1	3110	-	240	16553373	48090
chr11	5127127	5327127	harbor1	chr11	5139052	5139447	LTR/ERV1	2399	-	198	5139250	12123
chr11	5127127	5327127	harbor1	chr11	5160297	5160707	LTR/ERV1	2938	-	205	5160502	33375
chr11	5127127	5327127	harbor1	chr11	5161085	5161301	LTR/ERV1	1385	-	108	5161193	34066
chr11	5127127	5327127	harbor1	chr11	5161303	5161965	LTR/ERV1	4367	-	331	5161634	34507
chr11	5127127	5327127	harbor1	chr11	5161968	5162469	LTR/ERV1	3197	-	250	5162218	35091
chr11	5127127	5327127	harbor1	chr11	5162469	5162618	LTR/ERV1	939	-	74	5162543	35416
chr11	5127127	5327127	harbor1	chr11	5162613	5165703	LTR/ERV1	15993	-	1545	5164158	37031
chr11	5127127	5327127	harbor1	chr11	5165706	5166117	LTR/ERV1	2864	-	206	5165912	38785
chr11	5127127	5327127	harbor1	chr11	5160708	5161086	LTR/ERV1	2455	-	189	5160897	33770
chr11	5127127	5327127	harbor1	chr11	5193634	5194416	LTR/ERV1	5443	-	391	5194025	66898
chr11	3160998	3360998	harbor1	chr11	3237153	3237748	LTR/ERV1	2040	-	298	3237451	76453
chr11	3160998	3360998	harbor1	chr11	3237749	3237976	LTR/ERV1	1423	-	114	3237863	76865
chr11	3160998	3360998	harbor1	chr11	3238045	3239144	LTR/ERV1	6147	-	550	3238595	77597
chr11	3160998	3360998	harbor1	chr11	3239455	3239484	LTR/ERV1	912	-	14	3239469	78471
chr11	3160998	3360998	harbor1	chr11	3239483	3240087	LTR/ERV1	3753	-	302	3239785	78787
chr11	3160998	3360998	harbor1	chr11	3240088	3240435	LTR/ERV1	2428	-	174	3240262	79264
chr11	3160998	3360998	harbor1	chr11	3240741	3240850	LTR/ERV1	2428	-	54	3240795	79797
chr11	3160998	3360998	harbor1	chr11	3241184	3242773	LTR/ERV1	15315	-	794	3241978	80980
chr11	3160998	3360998	harbor1	chr11	3244600	3245389	LTR/ERV1	3256	-	394	3244994	83996
chr11	3160998	3360998	harbor1	chr11	3246007	3246311	LTR/ERV1	1612	-	152	3246159	85161
chr11	3160998	3360998	harbor1	chr11	3246316	3246909	LTR/ERV1	2320	-	296	3246612	85614
chr11	3160998	3360998	harbor1	chr11	3249574	3249939	LTR/ERV1	2341	-	182	3249756	88758
chr11	3160998	3360998	harbor1	chr11	3250390	3250844	LTR/ERV1	2206	-	227	3250617	89619
chr11	3160998	3360998	harbor1	chr11	3243253	3244293	LTR/ERV1	15315	-	520	3243773	82775
chr11	65286790	65486790	harbor1	chr11	65366996	65367362	LTR/ERV1	2388	-	183	65367179	80389
chr11	64537966	64737966	harbor1	chr11	64537931	64538187	LTR/ERV1	1264	-	128	64538059	93
chr11	64537966	64737966	harbor1	chr11	64538498	64538619	LTR/ERV1	1264	-	60	64538558	592
chr11	64537966	64737966	harbor1	chr11	64541605	64541723	LTR/ERV1	2975	-	59	64541664	3698
chr11	64537966	64737966	harbor1	chr11	64542035	64542483	LTR/ERV1	2975	-	224	64542259	4293
chr11	64537966	64737966	harbor1	chr11	64556702	64556968	LTR/ERV1	1431	-	133	64556835	18869
chr11	66158664	66358664	harbor1	chr11	66183592	66184022	LTR/ERV1	2333	-	215	66183807	25143
chr11	65476337	65676337	harbor1	chr11	65478398	65478780	LTR/ERV1	2204	-	191	65478589	2252
chr11	65476337	65676337	harbor1	chr11	65483418	65483610	LTR/ERV1	1141	-	96	65483514	7177
chr11	65476337	65676337	harbor1	chr11	65483955	65484159	LTR/ERV1	1141	-	102	65484057	7720
chr11	65476337	65676337	harbor1	chr11	65485054	65485110	LTR/ERV1	646	-	28	65485082	8745
chr11	65476337	65676337	harbor1	chr11	65485413	65485854	LTR/ERV1	1560	-	220	65485633	9296
chr11	69112726	69312726	harbor1	chr11	69144966	69145418	LTR/ERV1	2917	-	226	69145192	32466
chr11	69112726	69312726	harbor1	chr11	69149005	69149758	LTR/ERV1	5907	-	376	69149381	36655
chr11	5127170	5327170	harbor1	chr11	5139052	5139447	LTR/ERV1	2399	-	198	5139250	12080
chr11	5127170	5327170	harbor1	chr11	5160297	5160707	LTR/ERV1	2938	-	205	5160502	33332
chr11	5127170	5327170	harbor1	chr11	5161085	5161301	LTR/ERV1	1385	-	108	5161193	34023
chr11	5127170	5327170	harbor1	chr11	5161303	5161965	LTR/ERV1	4367	-	331	5161634	34464
chr11	5127170	5327170	harbor1	chr11	5161968	5162469	LTR/ERV1	3197	-	250	5162218	35048
chr11	5127170	5327170	harbor1	chr11	5162469	5162618	LTR/ERV1	939	-	74	5162543	35373
chr11	5127170	5327170	harbor1	chr11	5162613	5165703	LTR/ERV1	15993	-	1545	5164158	36988
chr11	5127170	5327170	harbor1	chr11	5165706	5166117	LTR/ERV1	2864	-	206	5165912	38742
chr11	5127170	5327170	harbor1	chr11	5160708	5161086	LTR/ERV1	2455	-	189	5160897	33727
chr11	5127170	5327170	harbor1	chr11	5193634	5194416	LTR/ERV1	5443	-	391	5194025	66855
chr11	5127159	5327159	harbor1	chr11	5139052	5139447	LTR/ERV1	2399	-	198	5139250	12091
chr11	5127159	5327159	harbor1	chr11	5160297	5160707	LTR/ERV1	2938	-	205	5160502	33343
chr11	5127159	5327159	harbor1	chr11	5161085	5161301	LTR/ERV1	1385	-	108	5161193	34034
chr11	5127159	5327159	harbor1	chr11	5161303	5161965	LTR/ERV1	4367	-	331	5161634	34475
chr11	5127159	5327159	harbor1	chr11	5161968	5162469	LTR/ERV1	3197	-	250	5162218	35059
chr11	5127159	5327159	harbor1	chr11	5162469	5162618	LTR/ERV1	939	-	74	5162543	35384
chr11	5127159	5327159	harbor1	chr11	5162613	5165703	LTR/ERV1	15993	-	1545	5164158	36999
chr11	5127159	5327159	harbor1	chr11	5165706	5166117	LTR/ERV1	2864	-	206	5165912	38753
chr11	5127159	5327159	harbor1	chr11	5160708	5161086	LTR/ERV1	2455	-	189	5160897	33738
chr11	5127159	5327159	harbor1	chr11	5193634	5194416	LTR/ERV1	5443	-	391	5194025	66866
chr11	9513814	9713814	harbor1	chr11	9597290	9597414	LTR/ERV1	3520	-	62	9597352	83538
chr11	9513814	9713814	harbor1	chr11	9597711	9597937	LTR/ERV1	3520	-	113	9597824	84010
chr11	9513814	9713814	harbor1	chr11	9598245	9598422	LTR/ERV1	3520	-	88	9598333	84519
chr11	9513814	9713814	harbor1	chr11	9598733	9598781	LTR/ERV1	3520	-	24	9598757	84943
chr11	5125968	5325968	harbor1	chr11	5139052	5139447	LTR/ERV1	2399	-	198	5139250	13282
chr11	5125968	5325968	harbor1	chr11	5160297	5160707	LTR/ERV1	2938	-	205	5160502	34534
chr11	5125968	5325968	harbor1	chr11	5161085	5161301	LTR/ERV1	1385	-	108	5161193	35225
chr11	5125968	5325968	harbor1	chr11	5161303	5161965	LTR/ERV1	4367	-	331	5161634	35666
chr11	5125968	5325968	harbor1	chr11	5161968	5162469	LTR/ERV1	3197	-	250	5162218	36250
chr11	5125968	5325968	harbor1	chr11	5162469	5162618	LTR/ERV1	939	-	74	5162543	36575
chr11	5125968	5325968	harbor1	chr11	5162613	5165703	LTR/ERV1	15993	-	1545	5164158	38190
chr11	5125968	5325968	harbor1	chr11	5165706	5166117	LTR/ERV1	2864	-	206	5165912	39944
chr11	5125968	5325968	harbor1	chr11	5160708	5161086	LTR/ERV1	2455	-	189	5160897	34929
chr11	5125968	5325968	harbor1	chr11	5193634	5194416	LTR/ERV1	5443	-	391	5194025	68057
chr11	680085	880085	harbor1	chr11	738111	738346	LTR/ERV1	1321	-	118	738229	58144
chr11	680085	880085	harbor1	chr11	738661	738764	LTR/ERV1	1321	-	52	738713	58628
chr11	680085	880085	harbor1	chr11	741578	741901	LTR/ERV1	3120	-	162	741740	61655
chr11	680085	880085	harbor1	chr11	742205	742432	LTR/ERV1	3120	-	114	742319	62234
chr11	680085	880085	harbor1	chr11	751263	751386	LTR/ERV1	691	-	62	751325	71240
chr11	680085	880085	harbor1	chr11	754967	755135	LTR/ERV1	965	-	84	755051	74966
chr11	680085	880085	harbor1	chr11	755443	755515	LTR/ERV1	965	-	36	755479	75394
chr11	5127290	5327290	harbor1	chr11	5139052	5139447	LTR/ERV1	2399	-	198	5139250	11960
chr11	5127290	5327290	harbor1	chr11	5160297	5160707	LTR/ERV1	2938	-	205	5160502	33212
chr11	5127290	5327290	harbor1	chr11	5161085	5161301	LTR/ERV1	1385	-	108	5161193	33903
chr11	5127290	5327290	harbor1	chr11	5161303	5161965	LTR/ERV1	4367	-	331	5161634	34344
chr11	5127290	5327290	harbor1	chr11	5161968	5162469	LTR/ERV1	3197	-	250	5162218	34928
chr11	5127290	5327290	harbor1	chr11	5162469	5162618	LTR/ERV1	939	-	74	5162543	35253
chr11	5127290	5327290	harbor1	chr11	5162613	5165703	LTR/ERV1	15993	-	1545	5164158	36868
chr11	5127290	5327290	harbor1	chr11	5165706	5166117	LTR/ERV1	2864	-	206	5165912	38622
chr11	5127290	5327290	harbor1	chr11	5160708	5161086	LTR/ERV1	2455	-	189	5160897	33607
chr11	5127290	5327290	harbor1	chr11	5193634	5194416	LTR/ERV1	5443	-	391	5194025	66735
chr11	1289622	1489622	harbor1	chr11	1326243	1326635	LTR/ERV1	3004	-	196	1326439	36817
chr11	1289622	1489622	harbor1	chr11	1367932	1368319	LTR/ERV1	1292	-	194	1368126	78504
chr11	5126787	5326787	harbor1	chr11	5139052	5139447	LTR/ERV1	2399	-	198	5139250	12463
chr11	5126787	5326787	harbor1	chr11	5160297	5160707	LTR/ERV1	2938	-	205	5160502	33715
chr11	5126787	5326787	harbor1	chr11	5161085	5161301	LTR/ERV1	1385	-	108	5161193	34406
chr11	5126787	5326787	harbor1	chr11	5161303	5161965	LTR/ERV1	4367	-	331	5161634	34847
chr11	5126787	5326787	harbor1	chr11	5161968	5162469	LTR/ERV1	3197	-	250	5162218	35431
chr11	5126787	5326787	harbor1	chr11	5162469	5162618	LTR/ERV1	939	-	74	5162543	35756
chr11	5126787	5326787	harbor1	chr11	5162613	5165703	LTR/ERV1	15993	-	1545	5164158	37371
chr11	5126787	5326787	harbor1	chr11	5165706	5166117	LTR/ERV1	2864	-	206	5165912	39125
chr11	5126787	5326787	harbor1	chr11	5160708	5161086	LTR/ERV1	2455	-	189	5160897	34110
chr11	5126787	5326787	harbor1	chr11	5193634	5194416	LTR/ERV1	5443	-	391	5194025	67238
chr11	64538002	64738002	harbor1	chr11	64537931	64538187	LTR/ERV1	1264	-	128	64538059	57
chr11	64538002	64738002	harbor1	chr11	64538498	64538619	LTR/ERV1	1264	-	60	64538558	556
chr11	64538002	64738002	harbor1	chr11	64541605	64541723	LTR/ERV1	2975	-	59	64541664	3662
chr11	64538002	64738002	harbor1	chr11	64542035	64542483	LTR/ERV1	2975	-	224	64542259	4257
chr11	64538002	64738002	harbor1	chr11	64556702	64556968	LTR/ERV1	1431	-	133	64556835	18833
chr11	5134597	5334597	harbor1	chr11	5139052	5139447	LTR/ERV1	2399	-	198	5139250	4653
chr11	5134597	5334597	harbor1	chr11	5160297	5160707	LTR/ERV1	2938	-	205	5160502	25905
chr11	5134597	5334597	harbor1	chr11	5161085	5161301	LTR/ERV1	1385	-	108	5161193	26596
chr11	5134597	5334597	harbor1	chr11	5161303	5161965	LTR/ERV1	4367	-	331	5161634	27037
chr11	5134597	5334597	harbor1	chr11	5161968	5162469	LTR/ERV1	3197	-	250	5162218	27621
chr11	5134597	5334597	harbor1	chr11	5162469	5162618	LTR/ERV1	939	-	74	5162543	27946
chr11	5134597	5334597	harbor1	chr11	5162613	5165703	LTR/ERV1	15993	-	1545	5164158	29561
chr11	5134597	5334597	harbor1	chr11	5165706	5166117	LTR/ERV1	2864	-	206	5165912	31315
chr11	5134597	5334597	harbor1	chr11	5160708	5161086	LTR/ERV1	2455	-	189	5160897	26300
chr11	5134597	5334597	harbor1	chr11	5193634	5194416	LTR/ERV1	5443	-	391	5194025	59428
chr11	86572183	86772183	harbor1	chr11	86597658	86597945	LTR/ERV1	1402	-	144	86597802	25619
chr11	86572183	86772183	harbor1	chr11	86604118	86604422	LTR/ERV1	1463	-	152	86604270	32087
chr12	113085240	113285240	harbor1	chr12	113156328	113156467	LTR/ERV1	729	-	70	113156398	71158
chr12	6863305	7063305	harbor1	chr12	6900435	6900528	LTR/ERV1	1999	-	46	6900481	37176
chr12	6863305	7063305	harbor1	chr12	6900773	6901142	LTR/ERV1	1999	-	184	6900957	37652
chr12	1	131655	harbor1	chr12	95940	96884	LTR/ERV1	5358	-	472	96412	96411
chr12	6863247	7063247	harbor1	chr12	6900435	6900528	LTR/ERV1	1999	-	46	6900481	37234
chr12	6863247	7063247	harbor1	chr12	6900773	6901142	LTR/ERV1	1999	-	184	6900957	37710
chr12	110180833	110380833	harbor1	chr12	110271335	110271864	LTR/ERV1	4232	-	264	110271599	90766
chr12	55898013	56098013	harbor1	chr12	55910112	55910247	LTR/ERV1	5015	-	68	55910180	12167
chr12	55898013	56098013	harbor1	chr12	55910742	55911101	LTR/ERV1	5015	-	180	55910922	12909
chr12	55898013	56098013	harbor1	chr12	55911412	55911558	LTR/ERV1	5015	-	73	55911485	13472
chr12	55898013	56098013	harbor1	chr12	55911852	55911985	LTR/ERV1	5015	-	66	55911918	13905
chr12	1	127337	harbor1	chr12	95940	96884	LTR/ERV1	5358	-	472	96412	96411
chr12	6863232	7063232	harbor1	chr12	6900435	6900528	LTR/ERV1	1999	-	46	6900481	37249
chr12	6863232	7063232	harbor1	chr12	6900773	6901142	LTR/ERV1	1999	-	184	6900957	37725
chr12	131268647	131468647	harbor1	chr12	131269788	131270105	LTR/ERV1	1096	-	158	131269946	1299
chr12	131268647	131468647	harbor1	chr12	131276123	131276579	LTR/ERV1	3222	-	228	131276351	7704
chr12	131268647	131468647	harbor1	chr12	131301481	131301574	LTR/ERV1	703	-	46	131301527	32880
chr12	131268647	131468647	harbor1	chr12	131301885	131301986	LTR/ERV1	703	-	50	131301935	33288
chr12	131268647	131468647	harbor1	chr12	131318688	131319133	LTR/ERV1	3309	-	222	131318910	50263
chr12	131268647	131468647	harbor1	chr12	131319142	131321789	LTR/ERV1	15057	-	1324	131320466	51819
chr12	131268647	131468647	harbor1	chr12	131321794	131322673	LTR/ERV1	3760	-	440	131322234	53587
chr12	131268647	131468647	harbor1	chr12	131322939	131323619	LTR/ERV1	3760	-	340	131323279	54632
chr12	131268647	131468647	harbor1	chr12	131323602	131324553	LTR/ERV1	5476	-	476	131324078	55431
chr12	131268647	131468647	harbor1	chr12	131324573	131324910	LTR/ERV1	1305	-	168	131324741	56094
chr12	131268647	131468647	harbor1	chr12	131325057	131325484	LTR/ERV1	1773	-	214	131325271	56624
chr12	131268647	131468647	harbor1	chr12	131341947	131342532	LTR/ERV1	4618	-	292	131342239	73592
chr12	131268647	131468647	harbor1	chr12	131342533	131344796	LTR/ERV1	17656	-	1132	131343665	75018
chr12	131268647	131468647	harbor1	chr12	131350871	131350937	LTR/ERV1	3256	-	33	131350904	82257
chr12	131268647	131468647	harbor1	chr12	131362184	131362814	LTR/ERV1	4197	-	315	131362499	93852
chr12	131268647	131468647	harbor1	chr12	131350131	131350547	LTR/ERV1	3256	-	208	131350339	81692
chr12	10112880	10312880	harbor1	chr12	10131396	10131654	LTR/ERV1	1186	-	129	10131525	18645
chr12	10112880	10312880	harbor1	chr12	10131966	10132027	LTR/ERV1	1186	-	30	10131996	19116
chr12	10112880	10312880	harbor1	chr12	10132332	10132525	LTR/ERV1	1186	-	96	10132428	19548
chr12	10112880	10312880	harbor1	chr12	10132978	10133226	LTR/ERV1	806	-	124	10133102	20222
chr12	12257335	12457335	harbor1	chr12	12295022	12295408	LTR/ERV1	4173	-	193	12295215	37880
chr12	12257335	12457335	harbor1	chr12	12295733	12295909	LTR/ERV1	4173	-	88	12295821	38486
chr12	12257335	12457335	harbor1	chr12	12305722	12306300	LTR/ERV1	4130	-	289	12306011	48676
chr12	49467542	49667542	harbor1	chr12	49478763	49479726	LTR/ERV1	3381	-	482	49479245	11703
chr12	68421784	68621784	harbor1	chr12	68462340	68463137	LTR/ERV1	3935	-	398	68462738	40954
chr12	68421784	68621784	harbor1	chr12	68463505	68463620	LTR/ERV1	3935	-	58	68463563	41779
chr12	68421784	68621784	harbor1	chr12	68467669	68468633	LTR/ERV1	1162	-	482	68468151	46367
chr12	6863318	7063318	harbor1	chr12	6900435	6900528	LTR/ERV1	1999	-	46	6900481	37163
chr12	6863318	7063318	harbor1	chr12	6900773	6901142	LTR/ERV1	1999	-	184	6900957	37639
chr12	130738919	130938919	harbor1	chr12	130749311	130749556	LTR/ERV1	3115	-	122	130749433	10514
chr12	130738919	130938919	harbor1	chr12	130750022	130750225	LTR/ERV1	3115	-	102	130750124	11205
chr12	130738919	130938919	harbor1	chr12	130750510	130750655	LTR/ERV1	3115	-	72	130750582	11663
chr12	130738919	130938919	harbor1	chr12	130750761	130751163	LTR/ERV1	2558	-	201	130750962	12043
chr12	6863293	7063293	harbor1	chr12	6900435	6900528	LTR/ERV1	1999	-	46	6900481	37188
chr12	6863293	7063293	harbor1	chr12	6900773	6901142	LTR/ERV1	1999	-	184	6900957	37664
chr12	69779300	69979300	harbor1	chr12	69831846	69832308	LTR/ERV1	2535	-	231	69832077	52777
chr12	69779300	69979300	harbor1	chr12	69835715	69836435	LTR/ERV1	4347	-	360	69836075	56775
chr12	69779300	69979300	harbor1	chr12	69865054	69865677	LTR/ERV1	2073	-	312	69865366	86066
chr12	6863233	7063233	harbor1	chr12	6900435	6900528	LTR/ERV1	1999	-	46	6900481	37248
chr12	6863233	7063233	harbor1	chr12	6900773	6901142	LTR/ERV1	1999	-	184	6900957	37724
chr12	10623688	10823688	harbor1	chr12	10677558	10678105	LTR/ERV1	3150	-	274	10677832	54144
chr12	121711754	121911754	harbor1	chr12	121759239	121759395	LTR/ERV1	4140	-	78	121759317	47563
chr12	121711754	121911754	harbor1	chr12	121759690	121759715	LTR/ERV1	4140	-	12	121759702	47948
chr12	121711754	121911754	harbor1	chr12	121760317	121760836	LTR/ERV1	4140	-	260	121760577	48823
chr12	123336747	123536747	harbor1	chr12	123413248	123414678	LTR/ERV1	11064	-	715	123413963	77216
chr12	6863320	7063320	harbor1	chr12	6900435	6900528	LTR/ERV1	1999	-	46	6900481	37161
chr12	6863320	7063320	harbor1	chr12	6900773	6901142	LTR/ERV1	1999	-	184	6900957	37637
chr12	6863258	7063258	harbor1	chr12	6900435	6900528	LTR/ERV1	1999	-	46	6900481	37223
chr12	6863258	7063258	harbor1	chr12	6900773	6901142	LTR/ERV1	1999	-	184	6900957	37699
chr12	110178230	110378230	harbor1	chr12	110271335	110271864	LTR/ERV1	4232	-	264	110271599	93369
chr12	1	131656	harbor1	chr12	95940	96884	LTR/ERV1	5358	-	472	96412	96411
chr12	64467190	64667190	harbor1	chr12	64513721	64513870	LTR/ERV1	2179	-	74	64513795	46605
chr12	64467190	64667190	harbor1	chr12	64514485	64514891	LTR/ERV1	2179	-	203	64514688	47498
chr13	100574884	100774884	harbor1	chr13	100593949	100594563	LTR/ERV1	2157	-	307	100594256	19372
chr13	20315145	20515145	harbor1	chr13	20321823	20322353	LTR/ERV1	3381	-	265	20322088	6943
chr13	20315145	20515145	harbor1	chr13	20325557	20325657	LTR/ERV1	728	-	50	20325607	10462
chr13	20315145	20515145	harbor1	chr13	20388749	20389160	LTR/ERV1	3133	-	206	20388955	73810
chr13	20315145	20515145	harbor1	chr13	20389454	20389543	LTR/ERV1	3133	-	44	20389498	74353
chr13	27728634	27928634	harbor1	chr13	27747169	27748879	LTR/ERV1	11182	-	855	27748024	19390
chr13	113718182	113918182	harbor1	chr13	113723322	113723745	LTR/ERV1	2695	-	212	113723534	5352
chr13	113718182	113918182	harbor1	chr13	113778888	113779287	LTR/ERV1	1938	-	200	113779088	60906
chr13	113718182	113918182	harbor1	chr13	113779288	113779390	LTR/ERV1	450	-	51	113779339	61157
chr13	113718182	113918182	harbor1	chr13	113779430	113779504	LTR/ERV1	474	-	37	113779467	61285
chr13	113718182	113918182	harbor1	chr13	113779508	113782475	LTR/ERV1	19217	-	1484	113780992	62810
chr13	113718182	113918182	harbor1	chr13	113782549	113784886	LTR/ERV1	13709	-	1168	113783717	65535
chr13	113718182	113918182	harbor1	chr13	113784887	113785249	LTR/ERV1	1118	-	181	113785068	66886
chr13	20314698	20514698	harbor1	chr13	20321823	20322353	LTR/ERV1	3381	-	265	20322088	7390
chr13	20314698	20514698	harbor1	chr13	20325557	20325657	LTR/ERV1	728	-	50	20325607	10909
chr13	20314698	20514698	harbor1	chr13	20388749	20389160	LTR/ERV1	3133	-	206	20388955	74257
chr13	20314698	20514698	harbor1	chr13	20389454	20389543	LTR/ERV1	3133	-	44	20389498	74800
chr13	113630011	113830011	harbor1	chr13	113723322	113723745	LTR/ERV1	2695	-	212	113723534	93523
chr13	113713649	113913649	harbor1	chr13	113723322	113723745	LTR/ERV1	2695	-	212	113723534	9885
chr13	113713649	113913649	harbor1	chr13	113778888	113779287	LTR/ERV1	1938	-	200	113779088	65439
chr13	113713649	113913649	harbor1	chr13	113779288	113779390	LTR/ERV1	450	-	51	113779339	65690
chr13	113713649	113913649	harbor1	chr13	113779430	113779504	LTR/ERV1	474	-	37	113779467	65818
chr13	113713649	113913649	harbor1	chr13	113779508	113782475	LTR/ERV1	19217	-	1484	113780992	67343
chr13	113713649	113913649	harbor1	chr13	113782549	113784886	LTR/ERV1	13709	-	1168	113783717	70068
chr13	113713649	113913649	harbor1	chr13	113784887	113785249	LTR/ERV1	1118	-	181	113785068	71419
chr13	20315192	20515192	harbor1	chr13	20321823	20322353	LTR/ERV1	3381	-	265	20322088	6896
chr13	20315192	20515192	harbor1	chr13	20325557	20325657	LTR/ERV1	728	-	50	20325607	10415
chr13	20315192	20515192	harbor1	chr13	20388749	20389160	LTR/ERV1	3133	-	206	20388955	73763
chr13	20315192	20515192	harbor1	chr13	20389454	20389543	LTR/ERV1	3133	-	44	20389498	74306
chr13	48133654	48333654	harbor1	chr13	48195364	48195515	LTR/ERV1	786	-	76	48195440	61786
chr13	48133654	48333654	harbor1	chr13	48195825	48196121	LTR/ERV1	1391	-	148	48195973	62319
chr13	100574881	100774881	harbor1	chr13	100593949	100594563	LTR/ERV1	2157	-	307	100594256	19375
chr13	100574914	100774914	harbor1	chr13	100593949	100594563	LTR/ERV1	2157	-	307	100594256	19342
chr13	113726184	113926184	harbor1	chr13	113778888	113779287	LTR/ERV1	1938	-	200	113779088	52904
chr13	113726184	113926184	harbor1	chr13	113779288	113779390	LTR/ERV1	450	-	51	113779339	53155
chr13	113726184	113926184	harbor1	chr13	113779430	113779504	LTR/ERV1	474	-	37	113779467	53283
chr13	113726184	113926184	harbor1	chr13	113779508	113782475	LTR/ERV1	19217	-	1484	113780992	54808
chr13	113726184	113926184	harbor1	chr13	113782549	113784886	LTR/ERV1	13709	-	1168	113783717	57533
chr13	113726184	113926184	harbor1	chr13	113784887	113785249	LTR/ERV1	1118	-	181	113785068	58884
chr13	113726144	113926144	harbor1	chr13	113778888	113779287	LTR/ERV1	1938	-	200	113779088	52944
chr13	113726144	113926144	harbor1	chr13	113779288	113779390	LTR/ERV1	450	-	51	113779339	53195
chr13	113726144	113926144	harbor1	chr13	113779430	113779504	LTR/ERV1	474	-	37	113779467	53323
chr13	113726144	113926144	harbor1	chr13	113779508	113782475	LTR/ERV1	19217	-	1484	113780992	54848
chr13	113726144	113926144	harbor1	chr13	113782549	113784886	LTR/ERV1	13709	-	1168	113783717	57573
chr13	113726144	113926144	harbor1	chr13	113784887	113785249	LTR/ERV1	1118	-	181	113785068	58924
chr13	20315123	20515123	harbor1	chr13	20321823	20322353	LTR/ERV1	3381	-	265	20322088	6965
chr13	20315123	20515123	harbor1	chr13	20325557	20325657	LTR/ERV1	728	-	50	20325607	10484
chr13	20315123	20515123	harbor1	chr13	20388749	20389160	LTR/ERV1	3133	-	206	20388955	73832
chr13	20315123	20515123	harbor1	chr13	20389454	20389543	LTR/ERV1	3133	-	44	20389498	74375
chr13	98425553	98625553	harbor1	chr13	98437346	98437797	LTR/ERV1	2739	-	226	98437572	12019
chr13	98425553	98625553	harbor1	chr13	98441276	98441807	LTR/ERV1	2033	-	266	98441542	15989
chr13	98425553	98625553	harbor1	chr13	98485110	98485779	LTR/ERV1	4815	-	334	98485444	59891
chr13	51810106	52010106	harbor1	chr13	51855914	51856643	LTR/ERV1	3994	-	364	51856278	46172
chr13	51810106	52010106	harbor1	chr13	51858614	51858941	LTR/ERV1	1547	-	164	51858778	48672
chr13	51810106	52010106	harbor1	chr13	51869372	51869491	LTR/ERV1	867	-	60	51869432	59326
chr13	51810106	52010106	harbor1	chr13	51869788	51870099	LTR/ERV1	867	-	156	51869944	59838
chr13	51810106	52010106	harbor1	chr13	51882818	51883771	LTR/ERV1	3611	-	476	51883294	73188
chr13	27707987	27907987	harbor1	chr13	27747169	27748879	LTR/ERV1	11182	-	855	27748024	40037
chr13	28720365	28920365	harbor1	chr13	28744541	28744994	LTR/ERV1	937	-	226	28744767	24402
chr13	28720365	28920365	harbor1	chr13	28745911	28746461	LTR/ERV1	4395	-	275	28746186	25821
chr13	28720365	28920365	harbor1	chr13	28748437	28748808	LTR/ERV1	1408	-	186	28748623	28258
chr13	28720365	28920365	harbor1	chr13	28767746	28768277	LTR/ERV1	3818	-	266	28768012	47647
chr13	28720365	28920365	harbor1	chr13	28768278	28769081	LTR/ERV1	12516	-	402	28768680	48315
chr13	28720365	28920365	harbor1	chr13	28789633	28790380	LTR/ERV1	4745	-	374	28790007	69642
chr13	28720365	28920365	harbor1	chr13	28790369	28791117	LTR/ERV1	4798	-	374	28790743	70378
chr13	28720365	28920365	harbor1	chr13	28791104	28791322	LTR/ERV1	1104	-	109	28791213	70848
chr13	28720365	28920365	harbor1	chr13	28791293	28791371	LTR/ERV1	526	-	39	28791332	70967
chr13	28720365	28920365	harbor1	chr13	28791367	28791622	LTR/ERV1	1944	-	128	28791495	71130
chr13	28720365	28920365	harbor1	chr13	28769323	28770415	LTR/ERV1	12516	-	546	28769869	49504
chr13	113726163	113926163	harbor1	chr13	113778888	113779287	LTR/ERV1	1938	-	200	113779088	52925
chr13	113726163	113926163	harbor1	chr13	113779288	113779390	LTR/ERV1	450	-	51	113779339	53176
chr13	113726163	113926163	harbor1	chr13	113779430	113779504	LTR/ERV1	474	-	37	113779467	53304
chr13	113726163	113926163	harbor1	chr13	113779508	113782475	LTR/ERV1	19217	-	1484	113780992	54829
chr13	113726163	113926163	harbor1	chr13	113782549	113784886	LTR/ERV1	13709	-	1168	113783717	57554
chr13	113726163	113926163	harbor1	chr13	113784887	113785249	LTR/ERV1	1118	-	181	113785068	58905
chr13	113725831	113925831	harbor1	chr13	113778888	113779287	LTR/ERV1	1938	-	200	113779088	53257
chr13	113725831	113925831	harbor1	chr13	113779288	113779390	LTR/ERV1	450	-	51	113779339	53508
chr13	113725831	113925831	harbor1	chr13	113779430	113779504	LTR/ERV1	474	-	37	113779467	53636
chr13	113725831	113925831	harbor1	chr13	113779508	113782475	LTR/ERV1	19217	-	1484	113780992	55161
chr13	113725831	113925831	harbor1	chr13	113782549	113784886	LTR/ERV1	13709	-	1168	113783717	57886
chr13	113725831	113925831	harbor1	chr13	113784887	113785249	LTR/ERV1	1118	-	181	113785068	59237
chr13	27925914	28125914	harbor1	chr13	28000993	28002447	LTR/ERV1	5611	-	727	28001720	75806
chr13	99473104	99673104	harbor1	chr13	99478111	99478331	LTR/ERV1	1173	-	110	99478221	5117
chr13	99473104	99673104	harbor1	chr13	99484238	99484801	LTR/ERV1	2671	-	282	99484520	11416
chr13	99473104	99673104	harbor1	chr13	99485873	99485907	LTR/ERV1	2323	-	17	99485890	12786
chr13	99473104	99673104	harbor1	chr13	99486210	99486735	LTR/ERV1	2323	-	262	99486472	13368
chr13	99473104	99673104	harbor1	chr13	99486866	99487576	LTR/ERV1	4103	-	355	99487221	14117
chr13	99473104	99673104	harbor1	chr13	99487577	99491432	LTR/ERV1	29029	-	1928	99489505	16401
chr13	99473104	99673104	harbor1	chr13	99492303	99494263	LTR/ERV1	16023	-	980	99493283	20179
chr13	99473104	99673104	harbor1	chr13	99495348	99496147	LTR/ERV1	16023	-	400	99495748	22644
chr13	99473104	99673104	harbor1	chr13	99496165	99496489	LTR/ERV1	1582	-	162	99496327	23223
chr13	99473104	99673104	harbor1	chr13	99496492	99497078	LTR/ERV1	3482	-	293	99496785	23681
chr13	113726255	113926255	harbor1	chr13	113778888	113779287	LTR/ERV1	1938	-	200	113779088	52833
chr13	113726255	113926255	harbor1	chr13	113779288	113779390	LTR/ERV1	450	-	51	113779339	53084
chr13	113726255	113926255	harbor1	chr13	113779430	113779504	LTR/ERV1	474	-	37	113779467	53212
chr13	113726255	113926255	harbor1	chr13	113779508	113782475	LTR/ERV1	19217	-	1484	113780992	54737
chr13	113726255	113926255	harbor1	chr13	113782549	113784886	LTR/ERV1	13709	-	1168	113783717	57462
chr13	113726255	113926255	harbor1	chr13	113784887	113785249	LTR/ERV1	1118	-	181	113785068	58813
chr13	20315141	20515141	harbor1	chr13	20321823	20322353	LTR/ERV1	3381	-	265	20322088	6947
chr13	20315141	20515141	harbor1	chr13	20325557	20325657	LTR/ERV1	728	-	50	20325607	10466
chr13	20315141	20515141	harbor1	chr13	20388749	20389160	LTR/ERV1	3133	-	206	20388955	73814
chr13	20315141	20515141	harbor1	chr13	20389454	20389543	LTR/ERV1	3133	-	44	20389498	74357
chr13	113630075	113830075	harbor1	chr13	113723322	113723745	LTR/ERV1	2695	-	212	113723534	93459
chr13	20315163	20515163	harbor1	chr13	20321823	20322353	LTR/ERV1	3381	-	265	20322088	6925
chr13	20315163	20515163	harbor1	chr13	20325557	20325657	LTR/ERV1	728	-	50	20325607	10444
chr13	20315163	20515163	harbor1	chr13	20388749	20389160	LTR/ERV1	3133	-	206	20388955	73792
chr13	20315163	20515163	harbor1	chr13	20389454	20389543	LTR/ERV1	3133	-	44	20389498	74335
chr13	100574912	100774912	harbor1	chr13	100593949	100594563	LTR/ERV1	2157	-	307	100594256	19344
chr13	113726358	113926358	harbor1	chr13	113778888	113779287	LTR/ERV1	1938	-	200	113779088	52730
chr13	113726358	113926358	harbor1	chr13	113779288	113779390	LTR/ERV1	450	-	51	113779339	52981
chr13	113726358	113926358	harbor1	chr13	113779430	113779504	LTR/ERV1	474	-	37	113779467	53109
chr13	113726358	113926358	harbor1	chr13	113779508	113782475	LTR/ERV1	19217	-	1484	113780992	54634
chr13	113726358	113926358	harbor1	chr13	113782549	113784886	LTR/ERV1	13709	-	1168	113783717	57359
chr13	113726358	113926358	harbor1	chr13	113784887	113785249	LTR/ERV1	1118	-	181	113785068	58710
chr13	112670833	112870833	harbor1	chr13	112719472	112719898	LTR/ERV1	1373	-	213	112719685	48852
chr13	112670833	112870833	harbor1	chr13	112720064	112720402	LTR/ERV1	1285	-	169	112720233	49400
chr13	112670833	112870833	harbor1	chr13	112720859	112721006	LTR/ERV1	553	-	74	112720933	50100
chr13	112670833	112870833	harbor1	chr13	112720991	112721326	LTR/ERV1	1207	-	168	112721159	50326
chr13	112670833	112870833	harbor1	chr13	112722054	112722691	LTR/ERV1	2159	-	318	112722372	51539
chr13	112670833	112870833	harbor1	chr13	112722695	112723045	LTR/ERV1	766	-	175	112722870	52037
chr13	112670833	112870833	harbor1	chr13	112723205	112723306	LTR/ERV1	694	-	50	112723255	52422
chr13	112670833	112870833	harbor1	chr13	112723572	112723779	LTR/ERV1	1177	-	104	112723676	52843
chr13	113726286	113926286	harbor1	chr13	113778888	113779287	LTR/ERV1	1938	-	200	113779088	52802
chr13	113726286	113926286	harbor1	chr13	113779288	113779390	LTR/ERV1	450	-	51	113779339	53053
chr13	113726286	113926286	harbor1	chr13	113779430	113779504	LTR/ERV1	474	-	37	113779467	53181
chr13	113726286	113926286	harbor1	chr13	113779508	113782475	LTR/ERV1	19217	-	1484	113780992	54706
chr13	113726286	113926286	harbor1	chr13	113782549	113784886	LTR/ERV1	13709	-	1168	113783717	57431
chr13	113726286	113926286	harbor1	chr13	113784887	113785249	LTR/ERV1	1118	-	181	113785068	58782
chr13	19984869	20184869	harbor1	chr13	20071275	20071809	LTR/ERV1	3039	-	267	20071542	86673
chr13	75438285	75638285	harbor1	chr13	75457820	75458599	LTR/ERV1	4622	-	390	75458210	19925
chr13	75438285	75638285	harbor1	chr13	75507066	75508540	LTR/ERV1	4542	-	737	75507803	69518
chr13	20315167	20515167	harbor1	chr13	20321823	20322353	LTR/ERV1	3381	-	265	20322088	6921
chr13	20315167	20515167	harbor1	chr13	20325557	20325657	LTR/ERV1	728	-	50	20325607	10440
chr13	20315167	20515167	harbor1	chr13	20388749	20389160	LTR/ERV1	3133	-	206	20388955	73788
chr13	20315167	20515167	harbor1	chr13	20389454	20389543	LTR/ERV1	3133	-	44	20389498	74331
chr14	99103274	99303274	harbor1	chr14	99141898	99142473	LTR/ERV1	3238	-	288	99142186	38912
chr14	67140824	67340824	harbor1	chr14	67146569	67146728	LTR/ERV1	656	-	80	67146649	5825
chr14	67140824	67340824	harbor1	chr14	67147064	67147504	LTR/ERV1	3382	-	220	67147284	6460
chr14	67140824	67340824	harbor1	chr14	67147530	67147543	LTR/ERV1	3382	-	6	67147536	6712
chr14	67140824	67340824	harbor1	chr14	67147697	67148221	LTR/ERV1	3382	-	262	67147959	7135
chr14	67140824	67340824	harbor1	chr14	67149565	67150160	LTR/ERV1	2256	-	298	67149863	9039
chr14	67140824	67340824	harbor1	chr14	67150471	67150683	LTR/ERV1	2256	-	106	67150577	9753
chr14	67140824	67340824	harbor1	chr14	67150875	67151634	LTR/ERV1	3230	-	380	67151255	10431
chr14	67140824	67340824	harbor1	chr14	67151944	67152036	LTR/ERV1	3230	-	46	67151990	11166
chr14	67140824	67340824	harbor1	chr14	67152408	67152684	LTR/ERV1	875	-	138	67152546	11722
chr14	67140824	67340824	harbor1	chr14	67153609	67153691	LTR/ERV1	875	-	41	67153650	12826
chr14	105492607	105692607	harbor1	chr14	105549962	105550937	LTR/ERV1	4485	-	488	105550450	57843
chr14	24016236	24216236	harbor1	chr14	24091822	24092013	LTR/ERV1	998	-	96	24091918	75682
chr14	88724597	88924597	harbor1	chr14	88808721	88809106	LTR/ERV1	2412	-	192	88808913	84316
chr14	88724597	88924597	harbor1	chr14	88812277	88812751	LTR/ERV1	1480	-	237	88812514	87917
chr14	88724597	88924597	harbor1	chr14	88817118	88817490	LTR/ERV1	2224	-	186	88817304	92707
chr14	88724597	88924597	harbor1	chr14	88817799	88817851	LTR/ERV1	2224	-	26	88817825	93228
chr14	88724597	88924597	harbor1	chr14	88819576	88820055	LTR/ERV1	3156	-	240	88819816	95219
chr14	103423043	103623043	harbor1	chr14	103427182	103427217	LTR/ERV1	3817	-	18	103427200	4157
chr14	103423043	103623043	harbor1	chr14	103427526	103428035	LTR/ERV1	3817	-	254	103427780	4737
chr14	103423043	103623043	harbor1	chr14	103428036	103428202	LTR/ERV1	1061	-	83	103428119	5076
chr14	103423043	103623043	harbor1	chr14	103432444	103432568	LTR/ERV1	911	-	62	103432506	9463
chr14	103423043	103623043	harbor1	chr14	103432864	103432947	LTR/ERV1	911	-	42	103432906	9863
chr14	103423043	103623043	harbor1	chr14	103432921	103433068	LTR/ERV1	596	-	74	103432995	9952
chr14	103423043	103623043	harbor1	chr14	103433387	103433411	LTR/ERV1	596	-	12	103433399	10356
chr14	103423043	103623043	harbor1	chr14	103433704	103433897	LTR/ERV1	1008	-	96	103433800	10757
chr14	103423043	103623043	harbor1	chr14	103433898	103434276	LTR/ERV1	1763	-	189	103434087	11044
chr14	103423043	103623043	harbor1	chr14	103434385	103434782	LTR/ERV1	1752	-	198	103434583	11540
chr14	66383081	66583081	harbor1	chr14	66468243	66468482	LTR/ERV1	1449	-	120	66468363	85282
chr14	67140760	67340760	harbor1	chr14	67146569	67146728	LTR/ERV1	656	-	80	67146649	5889
chr14	67140760	67340760	harbor1	chr14	67147064	67147504	LTR/ERV1	3382	-	220	67147284	6524
chr14	67140760	67340760	harbor1	chr14	67147530	67147543	LTR/ERV1	3382	-	6	67147536	6776
chr14	67140760	67340760	harbor1	chr14	67147697	67148221	LTR/ERV1	3382	-	262	67147959	7199
chr14	67140760	67340760	harbor1	chr14	67149565	67150160	LTR/ERV1	2256	-	298	67149863	9103
chr14	67140760	67340760	harbor1	chr14	67150471	67150683	LTR/ERV1	2256	-	106	67150577	9817
chr14	67140760	67340760	harbor1	chr14	67150875	67151634	LTR/ERV1	3230	-	380	67151255	10495
chr14	67140760	67340760	harbor1	chr14	67151944	67152036	LTR/ERV1	3230	-	46	67151990	11230
chr14	67140760	67340760	harbor1	chr14	67152408	67152684	LTR/ERV1	875	-	138	67152546	11786
chr14	67140760	67340760	harbor1	chr14	67153609	67153691	LTR/ERV1	875	-	41	67153650	12890
chr14	99583656	99783656	harbor1	chr14	99663180	99663692	LTR/ERV1	3988	-	256	99663436	79780
chr14	99583656	99783656	harbor1	chr14	99664747	99664904	LTR/ERV1	1923	-	78	99664825	81169
chr14	99583656	99783656	harbor1	chr14	99665211	99665440	LTR/ERV1	1923	-	114	99665325	81669
chr14	99583656	99783656	harbor1	chr14	99665734	99665775	LTR/ERV1	1923	-	20	99665754	82098
chr14	99583656	99783656	harbor1	chr14	99666079	99666347	LTR/ERV1	1923	-	134	99666213	82557
chr14	99583656	99783656	harbor1	chr14	99678328	99678941	LTR/ERV1	3930	-	306	99678634	94978
chr14	67140882	67340882	harbor1	chr14	67146569	67146728	LTR/ERV1	656	-	80	67146649	5767
chr14	67140882	67340882	harbor1	chr14	67147064	67147504	LTR/ERV1	3382	-	220	67147284	6402
chr14	67140882	67340882	harbor1	chr14	67147530	67147543	LTR/ERV1	3382	-	6	67147536	6654
chr14	67140882	67340882	harbor1	chr14	67147697	67148221	LTR/ERV1	3382	-	262	67147959	7077
chr14	67140882	67340882	harbor1	chr14	67149565	67150160	LTR/ERV1	2256	-	298	67149863	8981
chr14	67140882	67340882	harbor1	chr14	67150471	67150683	LTR/ERV1	2256	-	106	67150577	9695
chr14	67140882	67340882	harbor1	chr14	67150875	67151634	LTR/ERV1	3230	-	380	67151255	10373
chr14	67140882	67340882	harbor1	chr14	67151944	67152036	LTR/ERV1	3230	-	46	67151990	11108
chr14	67140882	67340882	harbor1	chr14	67152408	67152684	LTR/ERV1	875	-	138	67152546	11664
chr14	67140882	67340882	harbor1	chr14	67153609	67153691	LTR/ERV1	875	-	41	67153650	12768
chr14	100183362	100383362	harbor1	chr14	100183261	100183605	LTR/ERV1	2087	-	172	100183433	71
chr14	100183362	100383362	harbor1	chr14	100183922	100183961	LTR/ERV1	2087	-	20	100183942	580
chr14	100183362	100383362	harbor1	chr14	100185189	100185730	LTR/ERV1	3710	-	270	100185459	2097
chr14	100183362	100383362	harbor1	chr14	100186057	100186228	LTR/ERV1	3710	-	86	100186143	2781
chr14	100183362	100383362	harbor1	chr14	100207327	100208697	LTR/ERV1	9132	-	685	100208012	24650
chr14	100185484	100385484	harbor1	chr14	100185189	100185730	LTR/ERV1	3710	-	270	100185459	25
chr14	100185484	100385484	harbor1	chr14	100186057	100186228	LTR/ERV1	3710	-	86	100186143	659
chr14	100185484	100385484	harbor1	chr14	100207327	100208697	LTR/ERV1	9132	-	685	100208012	22528
chr14	23961782	24161782	harbor1	chr14	23972124	23972570	LTR/ERV1	3499	-	223	23972347	10565
chr14	23961782	24161782	harbor1	chr14	23973290	23973540	LTR/ERV1	3499	-	125	23973415	11633
chr14	23961782	24161782	harbor1	chr14	24009249	24009695	LTR/ERV1	3432	-	223	24009472	47690
chr14	23961782	24161782	harbor1	chr14	24015771	24016022	LTR/ERV1	1710	-	126	24015897	54115
chr14	63247906	63447906	harbor1	chr14	63265582	63266478	LTR/ERV1	5610	-	448	63266030	18124
chr14	90282762	90482762	harbor1	chr14	90347389	90347523	LTR/ERV1	2394	-	67	90347456	64694
chr14	90282762	90482762	harbor1	chr14	90347813	90348020	LTR/ERV1	2394	-	104	90347917	65155
chr14	90283216	90483216	harbor1	chr14	90347389	90347523	LTR/ERV1	2394	-	67	90347456	64240
chr14	90283216	90483216	harbor1	chr14	90347813	90348020	LTR/ERV1	2394	-	104	90347917	64701
chr14	57989413	58189413	harbor1	chr14	58058343	58058764	LTR/ERV1	2838	-	210	58058553	69140
chr14	54388477	54588477	harbor1	chr14	54392055	54393277	LTR/ERV1	6639	-	611	54392666	4189
chr14	54388477	54588477	harbor1	chr14	54394639	54394906	LTR/ERV1	6639	-	134	54394773	6296
chr14	73659272	73859272	harbor1	chr14	73663667	73664265	LTR/ERV1	3965	-	299	73663966	4694
chr14	51349924	51549924	harbor1	chr14	51412313	51412569	LTR/ERV1	1744	-	128	51412441	62517
chr14	51349924	51549924	harbor1	chr14	51412877	51412989	LTR/ERV1	783	-	56	51412933	63009
chr14	51349924	51549924	harbor1	chr14	51419446	51419663	LTR/ERV1	1297	-	108	51419554	69630
chr14	65117756	65317756	harbor1	chr14	65193312	65193645	LTR/ERV1	1506	-	166	65193478	75722
chr14	65117756	65317756	harbor1	chr14	65207341	65207509	LTR/ERV1	4793	-	84	65207425	89669
chr14	65117756	65317756	harbor1	chr14	65207819	65207855	LTR/ERV1	4793	-	18	65207837	90081
chr14	65117756	65317756	harbor1	chr14	65212852	65213685	LTR/ERV1	5138	-	416	65213268	95512
chr14	65117756	65317756	harbor1	chr14	65208165	65208672	LTR/ERV1	4793	-	254	65208419	90663
chr14	103423133	103623133	harbor1	chr14	103427182	103427217	LTR/ERV1	3817	-	18	103427200	4067
chr14	103423133	103623133	harbor1	chr14	103427526	103428035	LTR/ERV1	3817	-	254	103427780	4647
chr14	103423133	103623133	harbor1	chr14	103428036	103428202	LTR/ERV1	1061	-	83	103428119	4986
chr14	103423133	103623133	harbor1	chr14	103432444	103432568	LTR/ERV1	911	-	62	103432506	9373
chr14	103423133	103623133	harbor1	chr14	103432864	103432947	LTR/ERV1	911	-	42	103432906	9773
chr14	103423133	103623133	harbor1	chr14	103432921	103433068	LTR/ERV1	596	-	74	103432995	9862
chr14	103423133	103623133	harbor1	chr14	103433387	103433411	LTR/ERV1	596	-	12	103433399	10266
chr14	103423133	103623133	harbor1	chr14	103433704	103433897	LTR/ERV1	1008	-	96	103433800	10667
chr14	103423133	103623133	harbor1	chr14	103433898	103434276	LTR/ERV1	1763	-	189	103434087	10954
chr14	103423133	103623133	harbor1	chr14	103434385	103434782	LTR/ERV1	1752	-	198	103434583	11450
chr14	90283244	90483244	harbor1	chr14	90347389	90347523	LTR/ERV1	2394	-	67	90347456	64212
chr14	90283244	90483244	harbor1	chr14	90347813	90348020	LTR/ERV1	2394	-	104	90347917	64673
chr14	23419129	23619129	harbor1	chr14	23447654	23448087	LTR/ERV1	3027	-	216	23447870	28741
chr14	23419129	23619129	harbor1	chr14	23466697	23467113	LTR/ERV1	2761	-	208	23466905	47776
chr14	71625517	71825517	harbor1	chr14	71680827	71681049	LTR/ERV1	1414	-	111	71680938	55421
chr14	105103095	105303095	harbor1	chr14	105114673	105114818	LTR/ERV1	2599	-	72	105114745	11650
chr14	105103095	105303095	harbor1	chr14	105115126	105115614	LTR/ERV1	2599	-	244	105115370	12275
chr14	105103095	105303095	harbor1	chr14	105115657	105115917	LTR/ERV1	1369	-	130	105115787	12692
chr14	49792466	49992466	harbor1	chr14	49881307	49882035	LTR/ERV1	4781	-	364	49881671	89205
chr14	49792466	49992466	harbor1	chr14	49883693	49883900	LTR/ERV1	1398	-	104	49883797	91331
chr14	90282174	90482174	harbor1	chr14	90347389	90347523	LTR/ERV1	2394	-	67	90347456	65282
chr14	90282174	90482174	harbor1	chr14	90347813	90348020	LTR/ERV1	2394	-	104	90347917	65743
chr14	104017094	104217094	harbor1	chr14	104084541	104084943	LTR/ERV1	2356	-	201	104084742	67648
chr14	104017094	104217094	harbor1	chr14	104089587	104089687	LTR/ERV1	529	-	50	104089637	72543
chr14	73660276	73860276	harbor1	chr14	73663667	73664265	LTR/ERV1	3965	-	299	73663966	3690
chr14	24047678	24247678	harbor1	chr14	24091822	24092013	LTR/ERV1	998	-	96	24091918	44240
chr14	100185630	100385630	harbor1	chr14	100185189	100185730	LTR/ERV1	3710	-	270	100185459	171
chr14	100185630	100385630	harbor1	chr14	100186057	100186228	LTR/ERV1	3710	-	86	100186143	513
chr14	100185630	100385630	harbor1	chr14	100207327	100208697	LTR/ERV1	9132	-	685	100208012	22382
chr14	100118258	100318258	harbor1	chr14	100182548	100182686	LTR/ERV1	2087	-	69	100182617	64359
chr14	100118258	100318258	harbor1	chr14	100182909	100182971	LTR/ERV1	2087	-	31	100182940	64682
chr14	100118258	100318258	harbor1	chr14	100183261	100183605	LTR/ERV1	2087	-	172	100183433	65175
chr14	100118258	100318258	harbor1	chr14	100183922	100183961	LTR/ERV1	2087	-	20	100183942	65684
chr14	100118258	100318258	harbor1	chr14	100185189	100185730	LTR/ERV1	3710	-	270	100185459	67201
chr14	100118258	100318258	harbor1	chr14	100186057	100186228	LTR/ERV1	3710	-	86	100186143	67885
chr14	100118258	100318258	harbor1	chr14	100207327	100208697	LTR/ERV1	9132	-	685	100208012	89754
chr14	73640450	73840450	harbor1	chr14	73652945	73653363	LTR/ERV1	2782	-	209	73653154	12704
chr14	73640450	73840450	harbor1	chr14	73653657	73653742	LTR/ERV1	2782	-	42	73653699	13249
chr14	73640450	73840450	harbor1	chr14	73663667	73664265	LTR/ERV1	3965	-	299	73663966	23516
chr14	103419639	103619639	harbor1	chr14	103427182	103427217	LTR/ERV1	3817	-	18	103427200	7561
chr14	103419639	103619639	harbor1	chr14	103427526	103428035	LTR/ERV1	3817	-	254	103427780	8141
chr14	103419639	103619639	harbor1	chr14	103428036	103428202	LTR/ERV1	1061	-	83	103428119	8480
chr14	103419639	103619639	harbor1	chr14	103432444	103432568	LTR/ERV1	911	-	62	103432506	12867
chr14	103419639	103619639	harbor1	chr14	103432864	103432947	LTR/ERV1	911	-	42	103432906	13267
chr14	103419639	103619639	harbor1	chr14	103432921	103433068	LTR/ERV1	596	-	74	103432995	13356
chr14	103419639	103619639	harbor1	chr14	103433387	103433411	LTR/ERV1	596	-	12	103433399	13760
chr14	103419639	103619639	harbor1	chr14	103433704	103433897	LTR/ERV1	1008	-	96	103433800	14161
chr14	103419639	103619639	harbor1	chr14	103433898	103434276	LTR/ERV1	1763	-	189	103434087	14448
chr14	103419639	103619639	harbor1	chr14	103434385	103434782	LTR/ERV1	1752	-	198	103434583	14944
chr14	72958440	73158440	harbor1	chr14	73027655	73027843	LTR/ERV1	1089	-	94	73027749	69309
chr14	72958440	73158440	harbor1	chr14	73027920	73028291	LTR/ERV1	1528	-	186	73028106	69666
chr14	72958440	73158440	harbor1	chr14	73033740	73033860	LTR/ERV1	2340	-	60	73033800	75360
chr14	72958440	73158440	harbor1	chr14	73034177	73034357	LTR/ERV1	2340	-	90	73034267	75827
chr14	72958440	73158440	harbor1	chr14	73034670	73034719	LTR/ERV1	2340	-	24	73034694	76254
chr14	72958440	73158440	harbor1	chr14	73035023	73035050	LTR/ERV1	2340	-	14	73035037	76597
chr14	72958440	73158440	harbor1	chr14	73035366	73035493	LTR/ERV1	2340	-	64	73035430	76990
chr14	104457988	104657988	harbor1	chr14	104488546	104489369	LTR/ERV1	3038	-	412	104488958	30970
chr14	104457988	104657988	harbor1	chr14	104519415	104519873	LTR/ERV1	2290	-	229	104519644	61656
chr14	104457988	104657988	harbor1	chr14	104544114	104544650	LTR/ERV1	1564	-	268	104544382	86394
chr14	88724593	88924593	harbor1	chr14	88808721	88809106	LTR/ERV1	2412	-	192	88808913	84320
chr14	88724593	88924593	harbor1	chr14	88812277	88812751	LTR/ERV1	1480	-	237	88812514	87921
chr14	88724593	88924593	harbor1	chr14	88817118	88817490	LTR/ERV1	2224	-	186	88817304	92711
chr14	88724593	88924593	harbor1	chr14	88817799	88817851	LTR/ERV1	2224	-	26	88817825	93232
chr14	88724593	88924593	harbor1	chr14	88819576	88820055	LTR/ERV1	3156	-	240	88819816	95223
chr14	73545047	73745047	harbor1	chr14	73548176	73548469	LTR/ERV1	1754	-	146	73548322	3275
chr14	73545047	73745047	harbor1	chr14	73548475	73548759	LTR/ERV1	1785	-	142	73548617	3570
chr14	73545047	73745047	harbor1	chr14	73565468	73566881	LTR/ERV1	10626	-	706	73566174	21127
chr14	73545047	73745047	harbor1	chr14	73589719	73590989	LTR/ERV1	4885	-	635	73590354	45307
chr14	73545047	73745047	harbor1	chr14	73601155	73601287	LTR/ERV1	2445	-	66	73601221	56174
chr14	73545047	73745047	harbor1	chr14	73601573	73601927	LTR/ERV1	2445	-	177	73601750	56703
chr14	73545047	73745047	harbor1	chr14	73602666	73602953	LTR/ERV1	1816	-	144	73602810	57763
chr14	73545047	73745047	harbor1	chr14	73602953	73603343	LTR/ERV1	4758	-	195	73603148	58101
chr14	73545047	73745047	harbor1	chr14	73603614	73603722	LTR/ERV1	4758	-	54	73603668	58621
chr14	73545047	73745047	harbor1	chr14	73604031	73604160	LTR/ERV1	4758	-	64	73604095	59048
chr14	73545047	73745047	harbor1	chr14	73604786	73605278	LTR/ERV1	4758	-	246	73605032	59985
chr14	73545047	73745047	harbor1	chr14	73606608	73607029	LTR/ERV1	3197	-	210	73606818	61771
chr14	73545047	73745047	harbor1	chr14	73630515	73630920	LTR/ERV1	2758	-	202	73630717	85670
chr14	73545047	73745047	harbor1	chr14	73580373	73580958	LTR/ERV1	1652	-	292	73580665	35618
chr14	67141311	67341311	harbor1	chr14	67146569	67146728	LTR/ERV1	656	-	80	67146649	5338
chr14	67141311	67341311	harbor1	chr14	67147064	67147504	LTR/ERV1	3382	-	220	67147284	5973
chr14	67141311	67341311	harbor1	chr14	67147530	67147543	LTR/ERV1	3382	-	6	67147536	6225
chr14	67141311	67341311	harbor1	chr14	67147697	67148221	LTR/ERV1	3382	-	262	67147959	6648
chr14	67141311	67341311	harbor1	chr14	67149565	67150160	LTR/ERV1	2256	-	298	67149863	8552
chr14	67141311	67341311	harbor1	chr14	67150471	67150683	LTR/ERV1	2256	-	106	67150577	9266
chr14	67141311	67341311	harbor1	chr14	67150875	67151634	LTR/ERV1	3230	-	380	67151255	9944
chr14	67141311	67341311	harbor1	chr14	67151944	67152036	LTR/ERV1	3230	-	46	67151990	10679
chr14	67141311	67341311	harbor1	chr14	67152408	67152684	LTR/ERV1	875	-	138	67152546	11235
chr14	67141311	67341311	harbor1	chr14	67153609	67153691	LTR/ERV1	875	-	41	67153650	12339
chr14	24047662	24247662	harbor1	chr14	24091822	24092013	LTR/ERV1	998	-	96	24091918	44256
chr14	67108235	67308235	harbor1	chr14	67117982	67118062	LTR/ERV1	555	-	40	67118022	9787
chr14	67108235	67308235	harbor1	chr14	67118063	67118443	LTR/ERV1	2253	-	190	67118253	10018
chr14	67108235	67308235	harbor1	chr14	67118745	67118919	LTR/ERV1	2253	-	87	67118832	10597
chr14	67108235	67308235	harbor1	chr14	67118920	67119097	LTR/ERV1	555	-	88	67119008	10773
chr14	67108235	67308235	harbor1	chr14	67146569	67146728	LTR/ERV1	656	-	80	67146649	38414
chr14	67108235	67308235	harbor1	chr14	67147064	67147504	LTR/ERV1	3382	-	220	67147284	39049
chr14	67108235	67308235	harbor1	chr14	67147530	67147543	LTR/ERV1	3382	-	6	67147536	39301
chr14	67108235	67308235	harbor1	chr14	67147697	67148221	LTR/ERV1	3382	-	262	67147959	39724
chr14	67108235	67308235	harbor1	chr14	67149565	67150160	LTR/ERV1	2256	-	298	67149863	41628
chr14	67108235	67308235	harbor1	chr14	67150471	67150683	LTR/ERV1	2256	-	106	67150577	42342
chr14	67108235	67308235	harbor1	chr14	67150875	67151634	LTR/ERV1	3230	-	380	67151255	43020
chr14	67108235	67308235	harbor1	chr14	67151944	67152036	LTR/ERV1	3230	-	46	67151990	43755
chr14	67108235	67308235	harbor1	chr14	67152408	67152684	LTR/ERV1	875	-	138	67152546	44311
chr14	67108235	67308235	harbor1	chr14	67153609	67153691	LTR/ERV1	875	-	41	67153650	45415
chr14	94469585	94669585	harbor1	chr14	94536612	94537153	LTR/ERV1	2905	-	270	94536882	67297
chr14	100182074	100382074	harbor1	chr14	100182548	100182686	LTR/ERV1	2087	-	69	100182617	543
chr14	100182074	100382074	harbor1	chr14	100182909	100182971	LTR/ERV1	2087	-	31	100182940	866
chr14	100182074	100382074	harbor1	chr14	100183261	100183605	LTR/ERV1	2087	-	172	100183433	1359
chr14	100182074	100382074	harbor1	chr14	100183922	100183961	LTR/ERV1	2087	-	20	100183942	1868
chr14	100182074	100382074	harbor1	chr14	100185189	100185730	LTR/ERV1	3710	-	270	100185459	3385
chr14	100182074	100382074	harbor1	chr14	100186057	100186228	LTR/ERV1	3710	-	86	100186143	4069
chr14	100182074	100382074	harbor1	chr14	100207327	100208697	LTR/ERV1	9132	-	685	100208012	25938
chr14	105387228	105587228	harbor1	chr14	105402947	105403486	LTR/ERV1	3424	-	270	105403217	15989
chr14	105388150	105588150	harbor1	chr14	105402947	105403486	LTR/ERV1	3424	-	270	105403217	15067
chr14	24047772	24247772	harbor1	chr14	24091822	24092013	LTR/ERV1	998	-	96	24091918	44146
chr14	100146444	100346444	harbor1	chr14	100182548	100182686	LTR/ERV1	2087	-	69	100182617	36173
chr14	100146444	100346444	harbor1	chr14	100182909	100182971	LTR/ERV1	2087	-	31	100182940	36496
chr14	100146444	100346444	harbor1	chr14	100183261	100183605	LTR/ERV1	2087	-	172	100183433	36989
chr14	100146444	100346444	harbor1	chr14	100183922	100183961	LTR/ERV1	2087	-	20	100183942	37498
chr14	100146444	100346444	harbor1	chr14	100185189	100185730	LTR/ERV1	3710	-	270	100185459	39015
chr14	100146444	100346444	harbor1	chr14	100186057	100186228	LTR/ERV1	3710	-	86	100186143	39699
chr14	100146444	100346444	harbor1	chr14	100207327	100208697	LTR/ERV1	9132	-	685	100208012	61568
chr14	90283172	90483172	harbor1	chr14	90347389	90347523	LTR/ERV1	2394	-	67	90347456	64284
chr14	90283172	90483172	harbor1	chr14	90347813	90348020	LTR/ERV1	2394	-	104	90347917	64745
chr14	55014896	55214896	harbor1	chr14	55086757	55087326	LTR/ERV1	3988	-	284	55087041	72145
chr14	92893583	93093583	harbor1	chr14	92895158	92895593	LTR/ERV1	2923	-	218	92895376	1793
chr14	100185510	100385510	harbor1	chr14	100185189	100185730	LTR/ERV1	3710	-	270	100185459	51
chr14	100185510	100385510	harbor1	chr14	100186057	100186228	LTR/ERV1	3710	-	86	100186143	633
chr14	100185510	100385510	harbor1	chr14	100207327	100208697	LTR/ERV1	9132	-	685	100208012	22502
chr14	23251947	23451947	harbor1	chr14	23252463	23252999	LTR/ERV1	3070	-	268	23252731	784
chr14	23251947	23451947	harbor1	chr14	23260892	23261480	LTR/ERV1	4922	-	294	23261186	9239
chr14	23251947	23451947	harbor1	chr14	23279186	23279677	LTR/ERV1	3397	-	246	23279432	27485
chr14	73999218	74199218	harbor1	chr14	74089811	74090018	LTR/ERV1	1347	-	104	74089915	90697
chr14	71816792	72016792	harbor1	chr14	71893506	71894129	LTR/ERV1	3421	-	312	71893818	77026
chr14	71816792	72016792	harbor1	chr14	71896119	71896671	LTR/ERV1	4372	-	276	71896395	79603
chr14	71816792	72016792	harbor1	chr14	71911686	71912383	LTR/ERV1	2308	-	348	71912034	95242
chr14	104542901	104742901	harbor1	chr14	104544114	104544650	LTR/ERV1	1564	-	268	104544382	1481
chr14	104542901	104742901	harbor1	chr14	104574313	104574663	LTR/ERV1	840	-	175	104574488	31587
chr14	104542901	104742901	harbor1	chr14	104574698	104574967	LTR/ERV1	1049	-	134	104574832	31931
chr14	104017097	104217097	harbor1	chr14	104084541	104084943	LTR/ERV1	2356	-	201	104084742	67645
chr14	104017097	104217097	harbor1	chr14	104089587	104089687	LTR/ERV1	529	-	50	104089637	72540
chr14	23252088	23452088	harbor1	chr14	23252463	23252999	LTR/ERV1	3070	-	268	23252731	643
chr14	23252088	23452088	harbor1	chr14	23260892	23261480	LTR/ERV1	4922	-	294	23261186	9098
chr14	23252088	23452088	harbor1	chr14	23279186	23279677	LTR/ERV1	3397	-	246	23279432	27344
chr14	55029359	55229359	harbor1	chr14	55086757	55087326	LTR/ERV1	3988	-	284	55087041	57682
chr14	55029359	55229359	harbor1	chr14	55116488	55116639	LTR/ERV1	497	-	76	55116564	87205
chr14	55029359	55229359	harbor1	chr14	55124151	55124552	LTR/ERV1	2640	-	200	55124351	94992
chr14	104785132	104985132	harbor1	chr14	104828086	104828414	LTR/ERV1	2123	-	164	104828250	43118
chr14	21306992	21506992	harbor1	chr14	21308566	21309205	LTR/ERV1	4354	-	320	21308886	1894
chr14	91224876	91424876	harbor1	chr14	91225665	91225981	LTR/ERV1	2633	-	158	91225823	947
chr14	91224876	91424876	harbor1	chr14	91226296	91226868	LTR/ERV1	4621	-	286	91226582	1706
chr14	91224876	91424876	harbor1	chr14	91225982	91226273	LTR/ERV1	2434	-	146	91226128	1252
chr14	105819141	106019141	harbor1	chr14	105819847	105820323	LTR/ERV1	2416	-	238	105820085	944
chr14	105819141	106019141	harbor1	chr14	105820329	105820791	LTR/ERV1	1855	-	231	105820560	1419
chr14	105819141	106019141	harbor1	chr14	105820856	105821402	LTR/ERV1	2863	-	273	105821129	1988
chr14	105819141	106019141	harbor1	chr14	105821712	105823459	LTR/ERV1	4208	-	874	105822586	3445
chr14	105819141	106019141	harbor1	chr14	105823667	105824028	LTR/ERV1	1643	-	180	105823847	4706
chr14	105819141	106019141	harbor1	chr14	105825112	105825276	LTR/ERV1	708	-	82	105825194	6053
chr14	105819141	106019141	harbor1	chr14	105831763	105832184	LTR/ERV1	6108	-	210	105831973	12832
chr14	105819141	106019141	harbor1	chr14	105832317	105832536	LTR/ERV1	6108	-	110	105832427	13286
chr14	105819141	106019141	harbor1	chr14	105832827	105833971	LTR/ERV1	6797	-	572	105833399	14258
chr14	105819141	106019141	harbor1	chr14	105834279	105835149	LTR/ERV1	6797	-	435	105834714	15573
chr14	105819141	106019141	harbor1	chr14	105835222	105835676	LTR/ERV1	2535	-	227	105835449	16308
chr14	69474346	69674346	harbor1	chr14	69513277	69513669	LTR/ERV1	2626	-	196	69513473	39127
chr14	69474346	69674346	harbor1	chr14	69545672	69546126	LTR/ERV1	1983	-	227	69545899	71553
chr15	31114834	31314834	harbor1	chr15	31139042	31139239	LTR/ERV1	494	-	98	31139140	24306
chr15	31114834	31314834	harbor1	chr15	31158225	31158345	LTR/ERV1	3881	-	60	31158285	43451
chr15	31114834	31314834	harbor1	chr15	31158647	31159061	LTR/ERV1	3881	-	207	31158854	44020
chr15	29169894	29369894	harbor1	chr15	29207256	29207744	LTR/ERV1	3085	-	244	29207500	37606
chr15	29169894	29369894	harbor1	chr15	29216879	29217411	LTR/ERV1	4001	-	266	29217145	47251
chr15	29169894	29369894	harbor1	chr15	29223988	29225311	LTR/ERV1	9357	-	662	29224650	54756
chr15	50319048	50519048	harbor1	chr15	50395518	50395764	LTR/ERV1	1019	-	123	50395641	76593
chr15	67421763	67621763	harbor1	chr15	67487932	67488030	LTR/ERV1	1268	-	49	67487981	66218
chr15	67421763	67621763	harbor1	chr15	67488341	67488593	LTR/ERV1	1268	-	126	67488467	66704
chr15	67421763	67621763	harbor1	chr15	67488960	67489005	LTR/ERV1	1268	-	22	67488982	67219
chr15	67421763	67621763	harbor1	chr15	67505944	67506474	LTR/ERV1	2932	-	265	67506209	84446
chr15	67421763	67621763	harbor1	chr15	67513106	67513621	LTR/ERV1	3116	-	258	67513364	91601
chr15	67421763	67621763	harbor1	chr15	67517914	67518261	LTR/ERV1	2113	-	174	67518088	96325
chr15	67421763	67621763	harbor1	chr15	67518573	67518685	LTR/ERV1	2113	-	56	67518629	96866
chr15	74737065	74937065	harbor1	chr15	74746805	74747009	LTR/ERV1	485	-	102	74746907	9842
chr15	74737065	74937065	harbor1	chr15	74779139	74779520	LTR/ERV1	1784	-	190	74779329	42264
chr15	75330451	75530451	harbor1	chr15	75332770	75332980	LTR/ERV1	815	-	105	75332875	2424
chr15	75330451	75530451	harbor1	chr15	75333575	75333648	LTR/ERV1	825	-	36	75333611	3160
chr15	74496627	74696627	harbor1	chr15	74523024	74523405	LTR/ERV1	679	-	190	74523214	26587
chr15	67421715	67621715	harbor1	chr15	67487932	67488030	LTR/ERV1	1268	-	49	67487981	66266
chr15	67421715	67621715	harbor1	chr15	67488341	67488593	LTR/ERV1	1268	-	126	67488467	66752
chr15	67421715	67621715	harbor1	chr15	67488960	67489005	LTR/ERV1	1268	-	22	67488982	67267
chr15	67421715	67621715	harbor1	chr15	67505944	67506474	LTR/ERV1	2932	-	265	67506209	84494
chr15	67421715	67621715	harbor1	chr15	67513106	67513621	LTR/ERV1	3116	-	258	67513364	91649
chr15	67421715	67621715	harbor1	chr15	67517914	67518261	LTR/ERV1	2113	-	174	67518088	96373
chr15	67421715	67621715	harbor1	chr15	67518573	67518685	LTR/ERV1	2113	-	56	67518629	96914
chr15	67421806	67621806	harbor1	chr15	67487932	67488030	LTR/ERV1	1268	-	49	67487981	66175
chr15	67421806	67621806	harbor1	chr15	67488341	67488593	LTR/ERV1	1268	-	126	67488467	66661
chr15	67421806	67621806	harbor1	chr15	67488960	67489005	LTR/ERV1	1268	-	22	67488982	67176
chr15	67421806	67621806	harbor1	chr15	67505944	67506474	LTR/ERV1	2932	-	265	67506209	84403
chr15	67421806	67621806	harbor1	chr15	67513106	67513621	LTR/ERV1	3116	-	258	67513364	91558
chr15	67421806	67621806	harbor1	chr15	67517914	67518261	LTR/ERV1	2113	-	174	67518088	96282
chr15	67421806	67621806	harbor1	chr15	67518573	67518685	LTR/ERV1	2113	-	56	67518629	96823
chr15	67421703	67621703	harbor1	chr15	67487932	67488030	LTR/ERV1	1268	-	49	67487981	66278
chr15	67421703	67621703	harbor1	chr15	67488341	67488593	LTR/ERV1	1268	-	126	67488467	66764
chr15	67421703	67621703	harbor1	chr15	67488960	67489005	LTR/ERV1	1268	-	22	67488982	67279
chr15	67421703	67621703	harbor1	chr15	67505944	67506474	LTR/ERV1	2932	-	265	67506209	84506
chr15	67421703	67621703	harbor1	chr15	67513106	67513621	LTR/ERV1	3116	-	258	67513364	91661
chr15	67421703	67621703	harbor1	chr15	67517914	67518261	LTR/ERV1	2113	-	174	67518088	96385
chr15	67421703	67621703	harbor1	chr15	67518573	67518685	LTR/ERV1	2113	-	56	67518629	96926
chr15	74510960	74710960	harbor1	chr15	74523024	74523405	LTR/ERV1	679	-	190	74523214	12254
chr15	67421691	67621691	harbor1	chr15	67487932	67488030	LTR/ERV1	1268	-	49	67487981	66290
chr15	67421691	67621691	harbor1	chr15	67488341	67488593	LTR/ERV1	1268	-	126	67488467	66776
chr15	67421691	67621691	harbor1	chr15	67488960	67489005	LTR/ERV1	1268	-	22	67488982	67291
chr15	67421691	67621691	harbor1	chr15	67505944	67506474	LTR/ERV1	2932	-	265	67506209	84518
chr15	67421691	67621691	harbor1	chr15	67513106	67513621	LTR/ERV1	3116	-	258	67513364	91673
chr15	67421691	67621691	harbor1	chr15	67517914	67518261	LTR/ERV1	2113	-	174	67518088	96397
chr15	67421691	67621691	harbor1	chr15	67518573	67518685	LTR/ERV1	2113	-	56	67518629	96938
chr15	79796978	79996978	harbor1	chr15	79872398	79872910	LTR/ERV1	2968	-	256	79872654	75676
chr15	79796978	79996978	harbor1	chr15	79878218	79878898	LTR/ERV1	4223	-	340	79878558	81580
chr15	75247615	75447615	harbor1	chr15	75332770	75332980	LTR/ERV1	815	-	105	75332875	85260
chr15	75247615	75447615	harbor1	chr15	75333575	75333648	LTR/ERV1	825	-	36	75333611	85996
chr15	29332904	29532904	harbor1	chr15	29423942	29424498	LTR/ERV1	2978	-	278	29424220	91316
chr15	69999125	70199125	harbor1	chr15	70022943	70023379	LTR/ERV1	2236	-	218	70023161	24036
chr15	29332913	29532913	harbor1	chr15	29423942	29424498	LTR/ERV1	2978	-	278	29424220	91307
chr15	67421799	67621799	harbor1	chr15	67487932	67488030	LTR/ERV1	1268	-	49	67487981	66182
chr15	67421799	67621799	harbor1	chr15	67488341	67488593	LTR/ERV1	1268	-	126	67488467	66668
chr15	67421799	67621799	harbor1	chr15	67488960	67489005	LTR/ERV1	1268	-	22	67488982	67183
chr15	67421799	67621799	harbor1	chr15	67505944	67506474	LTR/ERV1	2932	-	265	67506209	84410
chr15	67421799	67621799	harbor1	chr15	67513106	67513621	LTR/ERV1	3116	-	258	67513364	91565
chr15	67421799	67621799	harbor1	chr15	67517914	67518261	LTR/ERV1	2113	-	174	67518088	96289
chr15	67421799	67621799	harbor1	chr15	67518573	67518685	LTR/ERV1	2113	-	56	67518629	96830
chr15	67421689	67621689	harbor1	chr15	67487932	67488030	LTR/ERV1	1268	-	49	67487981	66292
chr15	67421689	67621689	harbor1	chr15	67488341	67488593	LTR/ERV1	1268	-	126	67488467	66778
chr15	67421689	67621689	harbor1	chr15	67488960	67489005	LTR/ERV1	1268	-	22	67488982	67293
chr15	67421689	67621689	harbor1	chr15	67505944	67506474	LTR/ERV1	2932	-	265	67506209	84520
chr15	67421689	67621689	harbor1	chr15	67513106	67513621	LTR/ERV1	3116	-	258	67513364	91675
chr15	67421689	67621689	harbor1	chr15	67517914	67518261	LTR/ERV1	2113	-	174	67518088	96399
chr15	67421689	67621689	harbor1	chr15	67518573	67518685	LTR/ERV1	2113	-	56	67518629	96940
chr15	99950832	100150832	harbor1	chr15	99952289	99953086	LTR/ERV1	1948	-	398	99952687	1855
chr15	99950832	100150832	harbor1	chr15	99953469	99953824	LTR/ERV1	1948	-	178	99953647	2815
chr15	45029667	45229667	harbor1	chr15	45029338	45030221	LTR/ERV1	5054	-	442	45029780	113
chr15	45029667	45229667	harbor1	chr15	45033529	45034050	LTR/ERV1	2531	-	260	45033789	4122
chr15	45029667	45229667	harbor1	chr15	45048640	45049244	LTR/ERV1	2831	-	302	45048942	19275
chr15	45029667	45229667	harbor1	chr15	45049247	45050086	LTR/ERV1	12225	-	420	45049667	20000
chr15	45029667	45229667	harbor1	chr15	45050381	45052138	LTR/ERV1	12225	-	878	45051259	21592
chr15	45029667	45229667	harbor1	chr15	45052115	45052246	LTR/ERV1	701	-	66	45052181	22514
chr15	45029667	45229667	harbor1	chr15	45052240	45052678	LTR/ERV1	2365	-	219	45052459	22792
chr15	45029667	45229667	harbor1	chr15	45057842	45058561	LTR/ERV1	4159	-	360	45058202	28535
chr15	45029667	45229667	harbor1	chr15	45058594	45059218	LTR/ERV1	2558	-	312	45058906	29239
chr15	69999141	70199141	harbor1	chr15	70022943	70023379	LTR/ERV1	2236	-	218	70023161	24020
chr15	67421848	67621848	harbor1	chr15	67487932	67488030	LTR/ERV1	1268	-	49	67487981	66133
chr15	67421848	67621848	harbor1	chr15	67488341	67488593	LTR/ERV1	1268	-	126	67488467	66619
chr15	67421848	67621848	harbor1	chr15	67488960	67489005	LTR/ERV1	1268	-	22	67488982	67134
chr15	67421848	67621848	harbor1	chr15	67505944	67506474	LTR/ERV1	2932	-	265	67506209	84361
chr15	67421848	67621848	harbor1	chr15	67513106	67513621	LTR/ERV1	3116	-	258	67513364	91516
chr15	67421848	67621848	harbor1	chr15	67517914	67518261	LTR/ERV1	2113	-	174	67518088	96240
chr15	67421848	67621848	harbor1	chr15	67518573	67518685	LTR/ERV1	2113	-	56	67518629	96781
chr15	63405315	63605315	harbor1	chr15	63478389	63478569	LTR/ERV1	447	-	90	63478479	73164
chr15	45302919	45502919	harbor1	chr15	45321864	45322387	LTR/ERV1	2148	-	262	45322126	19207
chr15	45302919	45502919	harbor1	chr15	45325939	45326103	LTR/ERV1	3294	-	82	45326021	23102
chr15	45302919	45502919	harbor1	chr15	45326396	45326800	LTR/ERV1	3294	-	202	45326598	23679
chr15	45302919	45502919	harbor1	chr15	45332996	45333312	LTR/ERV1	583	-	158	45333154	30235
chr15	45302919	45502919	harbor1	chr15	45358184	45358289	LTR/ERV1	616	-	52	45358236	55317
chr15	98321796	98521796	harbor1	chr15	98394468	98395142	LTR/ERV1	4207	-	337	98394805	73009
chr15	67421758	67621758	harbor1	chr15	67487932	67488030	LTR/ERV1	1268	-	49	67487981	66223
chr15	67421758	67621758	harbor1	chr15	67488341	67488593	LTR/ERV1	1268	-	126	67488467	66709
chr15	67421758	67621758	harbor1	chr15	67488960	67489005	LTR/ERV1	1268	-	22	67488982	67224
chr15	67421758	67621758	harbor1	chr15	67505944	67506474	LTR/ERV1	2932	-	265	67506209	84451
chr15	67421758	67621758	harbor1	chr15	67513106	67513621	LTR/ERV1	3116	-	258	67513364	91606
chr15	67421758	67621758	harbor1	chr15	67517914	67518261	LTR/ERV1	2113	-	174	67518088	96330
chr15	67421758	67621758	harbor1	chr15	67518573	67518685	LTR/ERV1	2113	-	56	67518629	96871
chr15	41794702	41994702	harbor1	chr15	41813881	41814425	LTR/ERV1	1679	-	272	41814153	19451
chr15	74496573	74696573	harbor1	chr15	74523024	74523405	LTR/ERV1	679	-	190	74523214	26641
chr15	67421764	67621764	harbor1	chr15	67487932	67488030	LTR/ERV1	1268	-	49	67487981	66217
chr15	67421764	67621764	harbor1	chr15	67488341	67488593	LTR/ERV1	1268	-	126	67488467	66703
chr15	67421764	67621764	harbor1	chr15	67488960	67489005	LTR/ERV1	1268	-	22	67488982	67218
chr15	67421764	67621764	harbor1	chr15	67505944	67506474	LTR/ERV1	2932	-	265	67506209	84445
chr15	67421764	67621764	harbor1	chr15	67513106	67513621	LTR/ERV1	3116	-	258	67513364	91600
chr15	67421764	67621764	harbor1	chr15	67517914	67518261	LTR/ERV1	2113	-	174	67518088	96324
chr15	67421764	67621764	harbor1	chr15	67518573	67518685	LTR/ERV1	2113	-	56	67518629	96865
chr15	74944603	75144603	harbor1	chr15	75031357	75031444	LTR/ERV1	1566	-	44	75031401	86798
chr15	74944603	75144603	harbor1	chr15	75031729	75032162	LTR/ERV1	1566	-	216	75031945	87342
chr15	74947211	75147211	harbor1	chr15	75031357	75031444	LTR/ERV1	1566	-	44	75031401	84190
chr15	74947211	75147211	harbor1	chr15	75031729	75032162	LTR/ERV1	1566	-	216	75031945	84734
chr15	20765866	20965866	harbor1	chr15	20772445	20772639	LTR/ERV1	1054	-	97	20772542	6676
chr15	20765866	20965866	harbor1	chr15	20781946	20782477	LTR/ERV1	1390	-	266	20782212	16346
chr15	20765866	20965866	harbor1	chr15	20817669	20817920	LTR/ERV1	576	-	126	20817795	51929
chr15	20765866	20965866	harbor1	chr15	20830382	20831317	LTR/ERV1	2280	-	468	20830850	64984
chr15	52686084	52886084	harbor1	chr15	52746465	52747017	LTR/ERV1	3420	-	276	52746741	60657
chr15	67421788	67621788	harbor1	chr15	67487932	67488030	LTR/ERV1	1268	-	49	67487981	66193
chr15	67421788	67621788	harbor1	chr15	67488341	67488593	LTR/ERV1	1268	-	126	67488467	66679
chr15	67421788	67621788	harbor1	chr15	67488960	67489005	LTR/ERV1	1268	-	22	67488982	67194
chr15	67421788	67621788	harbor1	chr15	67505944	67506474	LTR/ERV1	2932	-	265	67506209	84421
chr15	67421788	67621788	harbor1	chr15	67513106	67513621	LTR/ERV1	3116	-	258	67513364	91576
chr15	67421788	67621788	harbor1	chr15	67517914	67518261	LTR/ERV1	2113	-	174	67518088	96300
chr15	67421788	67621788	harbor1	chr15	67518573	67518685	LTR/ERV1	2113	-	56	67518629	96841
chr15	57606922	57806922	harbor1	chr15	57653589	57653739	LTR/ERV1	1520	-	75	57653664	46742
chr15	57606922	57806922	harbor1	chr15	57654033	57654202	LTR/ERV1	1520	-	84	57654117	47195
chr15	57606922	57806922	harbor1	chr15	57692426	57692536	LTR/ERV1	529	-	55	57692481	85559
chr15	27433813	27633813	harbor1	chr15	27460335	27460871	LTR/ERV1	2564	-	268	27460603	26790
chr15	27433813	27633813	harbor1	chr15	27460875	27460998	LTR/ERV1	568	-	62	27460937	27124
chr15	27433813	27633813	harbor1	chr15	27461379	27461808	LTR/ERV1	2546	-	214	27461593	27780
chr15	27433813	27633813	harbor1	chr15	27468075	27468646	LTR/ERV1	3659	-	286	27468361	34548
chr15	27433813	27633813	harbor1	chr15	27470955	27471669	LTR/ERV1	3029	-	357	27471312	37499
chr15	27433813	27633813	harbor1	chr15	27493770	27493991	LTR/ERV1	767	-	110	27493880	60067
chr15	27433813	27633813	harbor1	chr15	27496702	27497074	LTR/ERV1	1709	-	186	27496888	63075
chr15	31049451	31249451	harbor1	chr15	31113698	31114139	LTR/ERV1	2658	-	220	31113918	64467
chr15	31049451	31249451	harbor1	chr15	31139042	31139239	LTR/ERV1	494	-	98	31139140	89689
chr16	1	167634	harbor1	chr16	26638	27108	LTR/ERV1	3534	-	235	26873	26872
chr16	621385	821385	harbor1	chr16	639143	639372	LTR/ERV1	1597	-	114	639257	17872
chr16	621385	821385	harbor1	chr16	639579	639890	LTR/ERV1	1645	-	156	639735	18350
chr16	560765	760765	harbor1	chr16	639143	639372	LTR/ERV1	1597	-	114	639257	78492
chr16	560765	760765	harbor1	chr16	639579	639890	LTR/ERV1	1645	-	156	639735	78970
chr16	66189905	66389905	harbor1	chr16	66205397	66205907	LTR/ERV1	1565	-	255	66205652	15747
chr16	66189905	66389905	harbor1	chr16	66206379	66206519	LTR/ERV1	776	-	70	66206449	16544
chr16	73380	273380	harbor1	chr16	156641	157079	LTR/ERV1	2156	-	219	156860	83480
chr16	79309359	79509359	harbor1	chr16	79364861	79365185	LTR/ERV1	1475	-	162	79365023	55664
chr16	67063106	67263106	harbor1	chr16	67141398	67142927	LTR/ERV1	7233	-	764	67142162	79056
chr16	1863921	2063921	harbor1	chr16	1957337	1958737	LTR/ERV1	10224	-	700	1958037	94116
chr16	1	167698	harbor1	chr16	26638	27108	LTR/ERV1	3534	-	235	26873	26872
chr16	46873236	47073236	harbor1	chr16	46936031	46936241	LTR/ERV1	1196	-	105	46936136	62900
chr16	46873236	47073236	harbor1	chr16	46941413	46941829	LTR/ERV1	2361	-	208	46941621	68385
chr16	46873236	47073236	harbor1	chr16	46941961	46942024	LTR/ERV1	2361	-	32	46941993	68757
chr16	46873236	47073236	harbor1	chr16	46942652	46942829	LTR/ERV1	3949	-	88	46942740	69504
chr16	46873236	47073236	harbor1	chr16	46943138	46943588	LTR/ERV1	3949	-	225	46943363	70127
chr16	1892189	2092189	harbor1	chr16	1957337	1958737	LTR/ERV1	10224	-	700	1958037	65848
chr16	1892191	2092191	harbor1	chr16	1957337	1958737	LTR/ERV1	10224	-	700	1958037	65846
chr16	4077581	4277581	harbor1	chr16	4110156	4110376	LTR/ERV1	2062	-	110	4110266	32685
chr16	4077581	4277581	harbor1	chr16	4110690	4110962	LTR/ERV1	2062	-	136	4110826	33245
chr16	2823031	3023031	harbor1	chr16	2915919	2916064	LTR/ERV1	862	-	72	2915991	92960
chr16	2823031	3023031	harbor1	chr16	2916667	2916846	LTR/ERV1	862	-	90	2916757	93726
chr16	1	162150	harbor1	chr16	26638	27108	LTR/ERV1	3534	-	235	26873	26872
chr16	635056	835056	harbor1	chr16	639143	639372	LTR/ERV1	1597	-	114	639257	4201
chr16	635056	835056	harbor1	chr16	639579	639890	LTR/ERV1	1645	-	156	639735	4679
chr16	31026123	31226123	harbor1	chr16	31055827	31056169	LTR/ERV1	1466	-	171	31055998	29875
chr16	31026123	31226123	harbor1	chr16	31056779	31056854	LTR/ERV1	1333	-	38	31056817	30694
chr16	1	162048	harbor1	chr16	26638	27108	LTR/ERV1	3534	-	235	26873	26872
chr16	1889985	2089985	harbor1	chr16	1957337	1958737	LTR/ERV1	10224	-	700	1958037	68052
chr16	56526501	56726501	harbor1	chr16	56533956	56534089	LTR/ERV1	870	-	66	56534022	7521
chr16	56526501	56726501	harbor1	chr16	56534098	56534445	LTR/ERV1	966	-	174	56534272	7771
chr16	56526501	56726501	harbor1	chr16	56583459	56583855	LTR/ERV1	1746	-	198	56583657	57156
chr16	67084475	67284475	harbor1	chr16	67141398	67142927	LTR/ERV1	7233	-	764	67142162	57687
chr16	620684	820684	harbor1	chr16	639143	639372	LTR/ERV1	1597	-	114	639257	18573
chr16	620684	820684	harbor1	chr16	639579	639890	LTR/ERV1	1645	-	156	639735	19051
chr16	46871997	47071997	harbor1	chr16	46936031	46936241	LTR/ERV1	1196	-	105	46936136	64139
chr16	46871997	47071997	harbor1	chr16	46941413	46941829	LTR/ERV1	2361	-	208	46941621	69624
chr16	46871997	47071997	harbor1	chr16	46941961	46942024	LTR/ERV1	2361	-	32	46941993	69996
chr16	46871997	47071997	harbor1	chr16	46942652	46942829	LTR/ERV1	3949	-	88	46942740	70743
chr16	46871997	47071997	harbor1	chr16	46943138	46943588	LTR/ERV1	3949	-	225	46943363	71366
chr16	66877936	67077936	harbor1	chr16	66897301	66897733	LTR/ERV1	3333	-	216	66897517	19581
chr16	607527	807527	harbor1	chr16	639143	639372	LTR/ERV1	1597	-	114	639257	31730
chr16	607527	807527	harbor1	chr16	639579	639890	LTR/ERV1	1645	-	156	639735	32208
chr16	771657	971657	harbor1	chr16	809587	809923	LTR/ERV1	798	-	168	809755	38098
chr16	771657	971657	harbor1	chr16	849292	849493	LTR/ERV1	589	-	100	849392	77735
chr16	1	167628	harbor1	chr16	26638	27108	LTR/ERV1	3534	-	235	26873	26872
chr16	816011	1016011	harbor1	chr16	849292	849493	LTR/ERV1	589	-	100	849392	33381
chr16	70586095	70786095	harbor1	chr16	70598425	70598456	LTR/ERV1	3105	-	16	70598441	12346
chr16	70586095	70786095	harbor1	chr16	70598757	70599246	LTR/ERV1	3105	-	244	70599001	12906
chr16	70586095	70786095	harbor1	chr16	70616524	70616915	LTR/ERV1	1818	-	196	70616720	30625
chr16	70586095	70786095	harbor1	chr16	70616916	70617291	LTR/ERV1	2381	-	188	70617104	31009
chr16	70586095	70786095	harbor1	chr16	70617290	70617506	LTR/ERV1	1381	-	108	70617398	31303
chr16	70586095	70786095	harbor1	chr16	70617508	70618171	LTR/ERV1	4323	-	332	70617840	31745
chr16	70586095	70786095	harbor1	chr16	70618174	70618678	LTR/ERV1	3269	-	252	70618426	32331
chr16	70586095	70786095	harbor1	chr16	70618669	70618806	LTR/ERV1	724	-	68	70618737	32642
chr16	70586095	70786095	harbor1	chr16	70618786	70621608	LTR/ERV1	15277	-	1411	70620197	34102
chr16	70586095	70786095	harbor1	chr16	70621611	70622062	LTR/ERV1	3335	-	226	70621837	35742
chr16	70586095	70786095	harbor1	chr16	70622063	70622490	LTR/ERV1	2943	-	214	70622277	36182
chr16	70586095	70786095	harbor1	chr16	70622493	70622983	LTR/ERV1	3241	-	245	70622738	36643
chr16	70586095	70786095	harbor1	chr16	70622983	70623128	LTR/ERV1	756	-	72	70623055	36960
chr16	70586095	70786095	harbor1	chr16	70623123	70626012	LTR/ERV1	15720	-	1444	70624567	38472
chr16	70586095	70786095	harbor1	chr16	70626013	70626119	LTR/ERV1	854	-	53	70626066	39971
chr16	70586095	70786095	harbor1	chr16	70649087	70649560	LTR/ERV1	2249	-	236	70649323	63228
chr16	1	167557	harbor1	chr16	26638	27108	LTR/ERV1	3534	-	235	26873	26872
chr16	549212	749212	harbor1	chr16	639143	639372	LTR/ERV1	1597	-	114	639257	90045
chr16	549212	749212	harbor1	chr16	639579	639890	LTR/ERV1	1645	-	156	639735	90523
chr16	1892466	2092466	harbor1	chr16	1957337	1958737	LTR/ERV1	10224	-	700	1958037	65571
chr16	66864287	67064287	harbor1	chr16	66897301	66897733	LTR/ERV1	3333	-	216	66897517	33230
chr16	57566222	57766222	harbor1	chr16	57573096	57573151	LTR/ERV1	2260	-	28	57573124	6902
chr16	57566222	57766222	harbor1	chr16	57573453	57573721	LTR/ERV1	2260	-	134	57573587	7365
chr16	57566222	57766222	harbor1	chr16	57574022	57574087	LTR/ERV1	2260	-	32	57574054	7832
chr16	57566222	57766222	harbor1	chr16	57581304	57581466	LTR/ERV1	1519	-	81	57581385	15163
chr16	57566222	57766222	harbor1	chr16	57581777	57581913	LTR/ERV1	1519	-	68	57581845	15623
chr16	57566222	57766222	harbor1	chr16	57581930	57582082	LTR/ERV1	1091	-	76	57582006	15784
chr16	57566222	57766222	harbor1	chr16	57582139	57582193	LTR/ERV1	1091	-	27	57582166	15944
chr16	70034	270034	harbor1	chr16	156641	157079	LTR/ERV1	2156	-	219	156860	86826
chr16	1	167681	harbor1	chr16	26638	27108	LTR/ERV1	3534	-	235	26873	26872
chr16	4084073	4284073	harbor1	chr16	4110156	4110376	LTR/ERV1	2062	-	110	4110266	26193
chr16	4084073	4284073	harbor1	chr16	4110690	4110962	LTR/ERV1	2062	-	136	4110826	26753
chr16	57884565	58084565	harbor1	chr16	57979753	57979785	LTR/ERV1	5472	-	16	57979769	95204
chr16	57884565	58084565	harbor1	chr16	57980081	57980685	LTR/ERV1	5472	-	302	57980383	95818
chr16	57884565	58084565	harbor1	chr16	57981015	57981098	LTR/ERV1	5472	-	42	57981057	96492
chr16	57884565	58084565	harbor1	chr16	57981434	57981501	LTR/ERV1	5472	-	34	57981468	96903
chr16	57884565	58084565	harbor1	chr16	57981805	57982011	LTR/ERV1	5472	-	103	57981908	97343
chr16	2865141	3065141	harbor1	chr16	2915919	2916064	LTR/ERV1	862	-	72	2915991	50850
chr16	2865141	3065141	harbor1	chr16	2916667	2916846	LTR/ERV1	862	-	90	2916757	51616
chr16	427634	627634	harbor1	chr16	439555	439847	LTR/ERV1	1930	-	146	439701	12067
chr16	92247	292247	harbor1	chr16	156641	157079	LTR/ERV1	2156	-	219	156860	64613
chr16	1001885	1201885	harbor1	chr16	1056155	1056612	LTR/ERV1	1850	-	228	1056383	54498
chr16	1001885	1201885	harbor1	chr16	1056831	1057237	LTR/ERV1	1800	-	203	1057034	55149
chr16	73620	273620	harbor1	chr16	156641	157079	LTR/ERV1	2156	-	219	156860	83240
chr16	70586052	70786052	harbor1	chr16	70598425	70598456	LTR/ERV1	3105	-	16	70598441	12389
chr16	70586052	70786052	harbor1	chr16	70598757	70599246	LTR/ERV1	3105	-	244	70599001	12949
chr16	70586052	70786052	harbor1	chr16	70616524	70616915	LTR/ERV1	1818	-	196	70616720	30668
chr16	70586052	70786052	harbor1	chr16	70616916	70617291	LTR/ERV1	2381	-	188	70617104	31052
chr16	70586052	70786052	harbor1	chr16	70617290	70617506	LTR/ERV1	1381	-	108	70617398	31346
chr16	70586052	70786052	harbor1	chr16	70617508	70618171	LTR/ERV1	4323	-	332	70617840	31788
chr16	70586052	70786052	harbor1	chr16	70618174	70618678	LTR/ERV1	3269	-	252	70618426	32374
chr16	70586052	70786052	harbor1	chr16	70618669	70618806	LTR/ERV1	724	-	68	70618737	32685
chr16	70586052	70786052	harbor1	chr16	70618786	70621608	LTR/ERV1	15277	-	1411	70620197	34145
chr16	70586052	70786052	harbor1	chr16	70621611	70622062	LTR/ERV1	3335	-	226	70621837	35785
chr16	70586052	70786052	harbor1	chr16	70622063	70622490	LTR/ERV1	2943	-	214	70622277	36225
chr16	70586052	70786052	harbor1	chr16	70622493	70622983	LTR/ERV1	3241	-	245	70622738	36686
chr16	70586052	70786052	harbor1	chr16	70622983	70623128	LTR/ERV1	756	-	72	70623055	37003
chr16	70586052	70786052	harbor1	chr16	70623123	70626012	LTR/ERV1	15720	-	1444	70624567	38515
chr16	70586052	70786052	harbor1	chr16	70626013	70626119	LTR/ERV1	854	-	53	70626066	40014
chr16	70586052	70786052	harbor1	chr16	70649087	70649560	LTR/ERV1	2249	-	236	70649323	63271
chr16	2836839	3036839	harbor1	chr16	2915919	2916064	LTR/ERV1	862	-	72	2915991	79152
chr16	2836839	3036839	harbor1	chr16	2916667	2916846	LTR/ERV1	862	-	90	2916757	79918
chr16	73663	273663	harbor1	chr16	156641	157079	LTR/ERV1	2156	-	219	156860	83197
chr16	979342	1179342	harbor1	chr16	1056155	1056612	LTR/ERV1	1850	-	228	1056383	77041
chr16	979342	1179342	harbor1	chr16	1056831	1057237	LTR/ERV1	1800	-	203	1057034	77692
chr16	56535629	56735629	harbor1	chr16	56583459	56583855	LTR/ERV1	1746	-	198	56583657	48028
chr16	73590	273590	harbor1	chr16	156641	157079	LTR/ERV1	2156	-	219	156860	83270
chr16	31032745	31232745	harbor1	chr16	31055827	31056169	LTR/ERV1	1466	-	171	31055998	23253
chr16	31032745	31232745	harbor1	chr16	31056779	31056854	LTR/ERV1	1333	-	38	31056817	24072
chr16	30534673	30734673	harbor1	chr16	30535227	30535680	LTR/ERV1	3161	-	226	30535453	780
chr16	30534673	30734673	harbor1	chr16	30536273	30536407	LTR/ERV1	605	-	67	30536340	1667
chr16	30534673	30734673	harbor1	chr16	30538886	30539076	LTR/ERV1	723	-	95	30538981	4308
chr16	30534673	30734673	harbor1	chr16	30541069	30541510	LTR/ERV1	3214	-	220	30541289	6616
chr16	30534673	30734673	harbor1	chr16	30541765	30542201	LTR/ERV1	3232	-	218	30541983	7310
chr16	30534673	30734673	harbor1	chr16	30542202	30543640	LTR/ERV1	7986	-	719	30542921	8248
chr16	30534673	30734673	harbor1	chr16	30543801	30544102	LTR/ERV1	2178	-	150	30543951	9278
chr16	30534673	30734673	harbor1	chr16	30544321	30544937	LTR/ERV1	4260	-	308	30544629	9956
chr16	30534673	30734673	harbor1	chr16	30544918	30546615	LTR/ERV1	12089	-	848	30545766	11093
chr16	30534673	30734673	harbor1	chr16	30546616	30546871	LTR/ERV1	3776	-	128	30546744	12071
chr16	30534673	30734673	harbor1	chr16	30547167	30547377	LTR/ERV1	3776	-	105	30547272	12599
chr16	30534673	30734673	harbor1	chr16	30547378	30547532	LTR/ERV1	12089	-	77	30547455	12782
chr16	30534673	30734673	harbor1	chr16	30547832	30548317	LTR/ERV1	12089	-	242	30548074	13401
chr16	30534673	30734673	harbor1	chr16	30548318	30548758	LTR/ERV1	3128	-	220	30548538	13865
chr16	30534673	30734673	harbor1	chr16	30559532	30559985	LTR/ERV1	3688	-	226	30559758	25085
chr16	30534673	30734673	harbor1	chr16	30560212	30560357	LTR/ERV1	1683	-	72	30560284	25611
chr16	30534673	30734673	harbor1	chr16	30560942	30561246	LTR/ERV1	1683	-	152	30561094	26421
chr16	1	162045	harbor1	chr16	26638	27108	LTR/ERV1	3534	-	235	26873	26872
chr16	31042643	31242643	harbor1	chr16	31055827	31056169	LTR/ERV1	1466	-	171	31055998	13355
chr16	31042643	31242643	harbor1	chr16	31056779	31056854	LTR/ERV1	1333	-	38	31056817	14174
chr16	4718894	4918894	harbor1	chr16	4757187	4757263	LTR/ERV1	569	-	38	4757225	38331
chr16	775221	975221	harbor1	chr16	809587	809923	LTR/ERV1	798	-	168	809755	34534
chr16	775221	975221	harbor1	chr16	849292	849493	LTR/ERV1	589	-	100	849392	74171
chr16	71269697	71469697	harbor1	chr16	71292452	71292942	LTR/ERV1	2659	-	245	71292697	23000
chr16	71269697	71469697	harbor1	chr16	71297205	71297594	LTR/ERV1	1961	-	194	71297399	27702
chr16	57884912	58084912	harbor1	chr16	57979753	57979785	LTR/ERV1	5472	-	16	57979769	94857
chr16	57884912	58084912	harbor1	chr16	57980081	57980685	LTR/ERV1	5472	-	302	57980383	95471
chr16	57884912	58084912	harbor1	chr16	57981015	57981098	LTR/ERV1	5472	-	42	57981057	96145
chr16	57884912	58084912	harbor1	chr16	57981434	57981501	LTR/ERV1	5472	-	34	57981468	96556
chr16	57884912	58084912	harbor1	chr16	57981805	57982011	LTR/ERV1	5472	-	103	57981908	96996
chr16	1872249	2072249	harbor1	chr16	1957337	1958737	LTR/ERV1	10224	-	700	1958037	85788
chr16	73025	273025	harbor1	chr16	156641	157079	LTR/ERV1	2156	-	219	156860	83835
chr16	18689988	18889988	harbor1	chr16	18730937	18730966	LTR/ERV1	3225	-	14	18730951	40963
chr16	18689988	18889988	harbor1	chr16	18731260	18731745	LTR/ERV1	3225	-	242	18731502	41514
chr16	18689988	18889988	harbor1	chr16	18731777	18731886	LTR/ERV1	3225	-	54	18731831	41843
chr16	18689988	18889988	harbor1	chr16	18731854	18731983	LTR/ERV1	655	-	64	18731918	41930
chr16	18689988	18889988	harbor1	chr16	18732013	18732112	LTR/ERV1	850	-	50	18732063	42075
chr16	18689988	18889988	harbor1	chr16	18732420	18732489	LTR/ERV1	850	-	34	18732454	42466
chr16	73598	273598	harbor1	chr16	156641	157079	LTR/ERV1	2156	-	219	156860	83262
chr16	1578327	1778327	harbor1	chr16	1639211	1639907	LTR/ERV1	2142	-	348	1639559	61232
chr16	4084077	4284077	harbor1	chr16	4110156	4110376	LTR/ERV1	2062	-	110	4110266	26189
chr16	4084077	4284077	harbor1	chr16	4110690	4110962	LTR/ERV1	2062	-	136	4110826	26749
chr16	621048	821048	harbor1	chr16	639143	639372	LTR/ERV1	1597	-	114	639257	18209
chr16	621048	821048	harbor1	chr16	639579	639890	LTR/ERV1	1645	-	156	639735	18687
chr16	427636	627636	harbor1	chr16	439555	439847	LTR/ERV1	1930	-	146	439701	12065
chr16	2721710	2921710	harbor1	chr16	2795579	2796105	LTR/ERV1	2377	-	263	2795842	74132
chr16	2721710	2921710	harbor1	chr16	2796521	2796769	LTR/ERV1	1546	-	124	2796645	74935
chr16	28018013	28218013	harbor1	chr16	28090565	28090742	LTR/ERV1	720	-	88	28090653	72640
chr16	4084076	4284076	harbor1	chr16	4110156	4110376	LTR/ERV1	2062	-	110	4110266	26190
chr16	4084076	4284076	harbor1	chr16	4110690	4110962	LTR/ERV1	2062	-	136	4110826	26750
chr16	30978340	31178340	harbor1	chr16	31015370	31015429	LTR/ERV1	729	-	30	31015400	37060
chr16	30978340	31178340	harbor1	chr16	31015733	31015833	LTR/ERV1	729	-	50	31015783	37443
chr16	30978340	31178340	harbor1	chr16	31016140	31016426	LTR/ERV1	643	-	143	31016283	37943
chr16	30978340	31178340	harbor1	chr16	31021441	31021624	LTR/ERV1	4242	-	92	31021533	43193
chr16	30978340	31178340	harbor1	chr16	31021932	31022302	LTR/ERV1	4242	-	185	31022117	43777
chr16	30978340	31178340	harbor1	chr16	31055827	31056169	LTR/ERV1	1466	-	171	31055998	77658
chr16	30978340	31178340	harbor1	chr16	31056779	31056854	LTR/ERV1	1333	-	38	31056817	78477
chr16	29349577	29549577	harbor1	chr16	29368086	29368257	LTR/ERV1	1284	-	86	29368172	18595
chr16	29349577	29549577	harbor1	chr16	29410988	29411188	LTR/ERV1	1297	-	100	29411088	61511
chr16	980073	1180073	harbor1	chr16	1056155	1056612	LTR/ERV1	1850	-	228	1056383	76310
chr16	980073	1180073	harbor1	chr16	1056831	1057237	LTR/ERV1	1800	-	203	1057034	76961
chr16	75147513	75347513	harbor1	chr16	75154594	75154708	LTR/ERV1	820	-	57	75154651	7138
chr16	75147513	75347513	harbor1	chr16	75187053	75187298	LTR/ERV1	2753	-	122	75187175	39662
chr16	75147513	75347513	harbor1	chr16	75187574	75187957	LTR/ERV1	2753	-	192	75187766	40253
chr16	75147513	75347513	harbor1	chr16	75188269	75188411	LTR/ERV1	2753	-	71	75188340	40827
chr16	75147513	75347513	harbor1	chr16	75212408	75212613	LTR/ERV1	720	-	102	75212510	64997
chr16	57884931	58084931	harbor1	chr16	57979753	57979785	LTR/ERV1	5472	-	16	57979769	94838
chr16	57884931	58084931	harbor1	chr16	57980081	57980685	LTR/ERV1	5472	-	302	57980383	95452
chr16	57884931	58084931	harbor1	chr16	57981015	57981098	LTR/ERV1	5472	-	42	57981057	96126
chr16	57884931	58084931	harbor1	chr16	57981434	57981501	LTR/ERV1	5472	-	34	57981468	96537
chr16	57884931	58084931	harbor1	chr16	57981805	57982011	LTR/ERV1	5472	-	103	57981908	96977
chr16	29715614	29915614	harbor1	chr16	29751616	29751905	LTR/ERV1	1161	-	144	29751760	36146
chr16	29715614	29915614	harbor1	chr16	29752202	29752263	LTR/ERV1	1161	-	30	29752232	36618
chr16	29715614	29915614	harbor1	chr16	29754975	29755306	LTR/ERV1	1578	-	166	29755141	39527
chr16	29715614	29915614	harbor1	chr16	29755953	29755973	LTR/ERV1	1578	-	10	29755963	40349
chr16	29715614	29915614	harbor1	chr16	29756321	29756414	LTR/ERV1	1578	-	46	29756367	40753
chr16	29715614	29915614	harbor1	chr16	29756879	29757200	LTR/ERV1	1804	-	160	29757039	41425
chr16	29715614	29915614	harbor1	chr16	29757511	29757562	LTR/ERV1	1804	-	26	29757537	41923
chr16	29715614	29915614	harbor1	chr16	29757879	29758134	LTR/ERV1	1804	-	128	29758007	42393
chr16	29715614	29915614	harbor1	chr16	29758672	29758791	LTR/ERV1	614	-	60	29758732	43118
chr16	29715614	29915614	harbor1	chr16	29766567	29766845	LTR/ERV1	1496	-	139	29766706	51092
chr16	29715614	29915614	harbor1	chr16	29767158	29767196	LTR/ERV1	1496	-	19	29767177	51563
chr16	29715614	29915614	harbor1	chr16	29768673	29769068	LTR/ERV1	2550	-	198	29768871	53257
chr16	29715614	29915614	harbor1	chr16	29769493	29769795	LTR/ERV1	666	-	151	29769644	54030
chr16	75364612	75564612	harbor1	chr16	75429819	75430160	LTR/ERV1	2493	-	170	75429989	65377
chr16	75364612	75564612	harbor1	chr16	75430756	75431015	LTR/ERV1	2493	-	130	75430886	66274
chr16	1	167574	harbor1	chr16	26638	27108	LTR/ERV1	3534	-	235	26873	26872
chr16	89168748	89368748	harbor1	chr16	89243270	89243538	LTR/ERV1	1456	-	134	89243404	74656
chr16	89168748	89368748	harbor1	chr16	89243774	89244131	LTR/ERV1	2269	-	178	89243952	75204
chr16	89168748	89368748	harbor1	chr16	89254865	89255214	LTR/ERV1	1554	-	174	89255039	86291
chr16	89168748	89368748	harbor1	chr16	89255527	89255598	LTR/ERV1	1554	-	36	89255563	86815
chr16	89168748	89368748	harbor1	chr16	89257256	89257874	LTR/ERV1	2385	-	309	89257565	88817
chr16	89168748	89368748	harbor1	chr16	89262158	89263063	LTR/ERV1	5292	-	452	89262610	93862
chr16	89168748	89368748	harbor1	chr16	89243537	89243773	LTR/ERV1	1379	-	118	89243655	74907
chr16	427637	627637	harbor1	chr16	439555	439847	LTR/ERV1	1930	-	146	439701	12064
chr16	57884956	58084956	harbor1	chr16	57979753	57979785	LTR/ERV1	5472	-	16	57979769	94813
chr16	57884956	58084956	harbor1	chr16	57980081	57980685	LTR/ERV1	5472	-	302	57980383	95427
chr16	57884956	58084956	harbor1	chr16	57981015	57981098	LTR/ERV1	5472	-	42	57981057	96101
chr16	57884956	58084956	harbor1	chr16	57981434	57981501	LTR/ERV1	5472	-	34	57981468	96512
chr16	57884956	58084956	harbor1	chr16	57981805	57982011	LTR/ERV1	5472	-	103	57981908	96952
chr16	2865156	3065156	harbor1	chr16	2915919	2916064	LTR/ERV1	862	-	72	2915991	50835
chr16	2865156	3065156	harbor1	chr16	2916667	2916846	LTR/ERV1	862	-	90	2916757	51601
chr16	67063131	67263131	harbor1	chr16	67141398	67142927	LTR/ERV1	7233	-	764	67142162	79031
chr16	1	167633	harbor1	chr16	26638	27108	LTR/ERV1	3534	-	235	26873	26872
chr16	89586911	89786911	harbor1	chr16	89611432	89611950	LTR/ERV1	2372	-	259	89611691	24780
chr16	89586911	89786911	harbor1	chr16	89624352	89624533	LTR/ERV1	2621	-	90	89624442	37531
chr16	89586911	89786911	harbor1	chr16	89624834	89625222	LTR/ERV1	2621	-	194	89625028	38117
chr16	89586911	89786911	harbor1	chr16	89674001	89674335	LTR/ERV1	726	-	167	89674168	87257
chr16	89586911	89786911	harbor1	chr16	89674943	89675118	LTR/ERV1	681	-	88	89675031	88120
chr16	89586911	89786911	harbor1	chr16	89682447	89683153	LTR/ERV1	2627	-	353	89682800	95889
chr16	57884909	58084909	harbor1	chr16	57979753	57979785	LTR/ERV1	5472	-	16	57979769	94860
chr16	57884909	58084909	harbor1	chr16	57980081	57980685	LTR/ERV1	5472	-	302	57980383	95474
chr16	57884909	58084909	harbor1	chr16	57981015	57981098	LTR/ERV1	5472	-	42	57981057	96148
chr16	57884909	58084909	harbor1	chr16	57981434	57981501	LTR/ERV1	5472	-	34	57981468	96559
chr16	57884909	58084909	harbor1	chr16	57981805	57982011	LTR/ERV1	5472	-	103	57981908	96999
chr16	87748370	87948370	harbor1	chr16	87771305	87771464	LTR/ERV1	703	-	80	87771385	23015
chr16	87748370	87948370	harbor1	chr16	87776054	87776306	LTR/ERV1	1379	-	126	87776180	27810
chr16	87748370	87948370	harbor1	chr16	87782862	87783239	LTR/ERV1	2179	-	188	87783050	34680
chr16	87748370	87948370	harbor1	chr16	87784171	87784398	LTR/ERV1	1866	-	114	87784285	35915
chr16	87748370	87948370	harbor1	chr16	87784692	87784961	LTR/ERV1	1866	-	134	87784826	36456
chr16	87748370	87948370	harbor1	chr16	87821452	87821592	LTR/ERV1	796	-	70	87821522	73152
chr16	70635515	70835515	harbor1	chr16	70649087	70649560	LTR/ERV1	2249	-	236	70649323	13808
chr16	2865150	3065150	harbor1	chr16	2915919	2916064	LTR/ERV1	862	-	72	2915991	50841
chr16	2865150	3065150	harbor1	chr16	2916667	2916846	LTR/ERV1	862	-	90	2916757	51607
chr17	79709440	79909440	harbor1	chr17	79726814	79727251	LTR/ERV1	1536	-	218	79727032	17592
chr17	7461503	7661503	harbor1	chr17	7522858	7523170	LTR/ERV1	1385	-	156	7523014	61511
chr17	7461503	7661503	harbor1	chr17	7523264	7523481	LTR/ERV1	9153	-	108	7523372	61869
chr17	7461503	7661503	harbor1	chr17	7524066	7524227	LTR/ERV1	9153	-	80	7524146	62643
chr17	7461503	7661503	harbor1	chr17	7524539	7524717	LTR/ERV1	9153	-	89	7524628	63125
chr17	7461503	7661503	harbor1	chr17	7525044	7526003	LTR/ERV1	9153	-	480	7525524	64021
chr17	7461503	7661503	harbor1	chr17	7526675	7527303	LTR/ERV1	10393	-	314	7526989	65486
chr17	7461503	7661503	harbor1	chr17	7527599	7527875	LTR/ERV1	10393	-	138	7527737	66234
chr17	7461503	7661503	harbor1	chr17	7528603	7529262	LTR/ERV1	10393	-	330	7528933	67430
chr17	7461503	7661503	harbor1	chr17	7529576	7529589	LTR/ERV1	847	-	6	7529582	68079
chr17	7461503	7661503	harbor1	chr17	7538200	7538472	LTR/ERV1	3158	-	136	7538336	76833
chr17	7461503	7661503	harbor1	chr17	7539077	7539489	LTR/ERV1	3158	-	206	7539283	77780
chr17	80933421	81133421	harbor1	chr17	80943315	80943637	LTR/ERV1	1974	-	161	80943476	10055
chr17	80933421	81133421	harbor1	chr17	80990345	80990535	LTR/ERV1	1213	-	95	80990440	57019
chr17	80933421	81133421	harbor1	chr17	81011505	81011560	LTR/ERV1	3416	-	28	81011533	78112
chr17	80933421	81133421	harbor1	chr17	81011861	81012324	LTR/ERV1	3416	-	232	81012093	78672
chr17	28783357	28983357	harbor1	chr17	28836420	28836889	LTR/ERV1	3880	-	234	28836654	53297
chr17	28783357	28983357	harbor1	chr17	28874371	28874859	LTR/ERV1	3256	-	244	28874615	91258
chr17	76637323	76837323	harbor1	chr17	76663696	76663972	LTR/ERV1	1005	-	138	76663834	26511
chr17	76637323	76837323	harbor1	chr17	76664278	76664365	LTR/ERV1	1005	-	44	76664322	26999
chr17	76637252	76837252	harbor1	chr17	76663696	76663972	LTR/ERV1	1005	-	138	76663834	26582
chr17	76637252	76837252	harbor1	chr17	76664278	76664365	LTR/ERV1	1005	-	44	76664322	27070
chr17	79702953	79902953	harbor1	chr17	79726814	79727251	LTR/ERV1	1536	-	218	79727032	24079
chr17	55165220	55365220	harbor1	chr17	55197878	55198405	LTR/ERV1	1786	-	264	55198142	32922
chr17	75009313	75209313	harbor1	chr17	75108569	75109008	LTR/ERV1	2382	-	220	75108789	99476
chr17	80934871	81134871	harbor1	chr17	80943315	80943637	LTR/ERV1	1974	-	161	80943476	8605
chr17	80934871	81134871	harbor1	chr17	80990345	80990535	LTR/ERV1	1213	-	95	80990440	55569
chr17	80934871	81134871	harbor1	chr17	81011505	81011560	LTR/ERV1	3416	-	28	81011533	76662
chr17	80934871	81134871	harbor1	chr17	81011861	81012324	LTR/ERV1	3416	-	232	81012093	77222
chr17	80931269	81131269	harbor1	chr17	80943315	80943637	LTR/ERV1	1974	-	161	80943476	12207
chr17	80931269	81131269	harbor1	chr17	80990345	80990535	LTR/ERV1	1213	-	95	80990440	59171
chr17	80931269	81131269	harbor1	chr17	81011505	81011560	LTR/ERV1	3416	-	28	81011533	80264
chr17	80931269	81131269	harbor1	chr17	81011861	81012324	LTR/ERV1	3416	-	232	81012093	80824
chr17	2838072	3038072	harbor1	chr17	2872259	2872671	LTR/ERV1	668	-	206	2872465	34393
chr17	2838072	3038072	harbor1	chr17	2874952	2875061	LTR/ERV1	953	-	54	2875006	36934
chr17	2838072	3038072	harbor1	chr17	2875367	2875676	LTR/ERV1	953	-	154	2875521	37449
chr17	2838072	3038072	harbor1	chr17	2876278	2876882	LTR/ERV1	2795	-	302	2876580	38508
chr17	2838075	3038075	harbor1	chr17	2872259	2872671	LTR/ERV1	668	-	206	2872465	34390
chr17	2838075	3038075	harbor1	chr17	2874952	2875061	LTR/ERV1	953	-	54	2875006	36931
chr17	2838075	3038075	harbor1	chr17	2875367	2875676	LTR/ERV1	953	-	154	2875521	37446
chr17	2838075	3038075	harbor1	chr17	2876278	2876882	LTR/ERV1	2795	-	302	2876580	38505
chr17	7461829	7661829	harbor1	chr17	7522858	7523170	LTR/ERV1	1385	-	156	7523014	61185
chr17	7461829	7661829	harbor1	chr17	7523264	7523481	LTR/ERV1	9153	-	108	7523372	61543
chr17	7461829	7661829	harbor1	chr17	7524066	7524227	LTR/ERV1	9153	-	80	7524146	62317
chr17	7461829	7661829	harbor1	chr17	7524539	7524717	LTR/ERV1	9153	-	89	7524628	62799
chr17	7461829	7661829	harbor1	chr17	7525044	7526003	LTR/ERV1	9153	-	480	7525524	63695
chr17	7461829	7661829	harbor1	chr17	7526675	7527303	LTR/ERV1	10393	-	314	7526989	65160
chr17	7461829	7661829	harbor1	chr17	7527599	7527875	LTR/ERV1	10393	-	138	7527737	65908
chr17	7461829	7661829	harbor1	chr17	7528603	7529262	LTR/ERV1	10393	-	330	7528933	67104
chr17	7461829	7661829	harbor1	chr17	7529576	7529589	LTR/ERV1	847	-	6	7529582	67753
chr17	7461829	7661829	harbor1	chr17	7538200	7538472	LTR/ERV1	3158	-	136	7538336	76507
chr17	7461829	7661829	harbor1	chr17	7539077	7539489	LTR/ERV1	3158	-	206	7539283	77454
chr17	7461828	7661828	harbor1	chr17	7522858	7523170	LTR/ERV1	1385	-	156	7523014	61186
chr17	7461828	7661828	harbor1	chr17	7523264	7523481	LTR/ERV1	9153	-	108	7523372	61544
chr17	7461828	7661828	harbor1	chr17	7524066	7524227	LTR/ERV1	9153	-	80	7524146	62318
chr17	7461828	7661828	harbor1	chr17	7524539	7524717	LTR/ERV1	9153	-	89	7524628	62800
chr17	7461828	7661828	harbor1	chr17	7525044	7526003	LTR/ERV1	9153	-	480	7525524	63696
chr17	7461828	7661828	harbor1	chr17	7526675	7527303	LTR/ERV1	10393	-	314	7526989	65161
chr17	7461828	7661828	harbor1	chr17	7527599	7527875	LTR/ERV1	10393	-	138	7527737	65909
chr17	7461828	7661828	harbor1	chr17	7528603	7529262	LTR/ERV1	10393	-	330	7528933	67105
chr17	7461828	7661828	harbor1	chr17	7529576	7529589	LTR/ERV1	847	-	6	7529582	67754
chr17	7461828	7661828	harbor1	chr17	7538200	7538472	LTR/ERV1	3158	-	136	7538336	76508
chr17	7461828	7661828	harbor1	chr17	7539077	7539489	LTR/ERV1	3158	-	206	7539283	77455
chr17	76768659	76968659	harbor1	chr17	76789163	76789725	LTR/ERV1	3459	-	281	76789444	20785
chr17	76768659	76968659	harbor1	chr17	76796621	76796690	LTR/ERV1	3146	-	34	76796655	27996
chr17	76768659	76968659	harbor1	chr17	76797201	76797746	LTR/ERV1	3146	-	272	76797473	28814
chr17	76768659	76968659	harbor1	chr17	76801745	76801983	LTR/ERV1	1385	-	119	76801864	33205
chr17	76768659	76968659	harbor1	chr17	76859283	76859561	LTR/ERV1	655	-	139	76859422	90763
chr17	76768659	76968659	harbor1	chr17	76859570	76859759	LTR/ERV1	793	-	94	76859664	91005
chr17	76768659	76968659	harbor1	chr17	76860327	76860380	LTR/ERV1	793	-	26	76860353	91694
chr17	80785283	80985283	harbor1	chr17	80785302	80785750	LTR/ERV1	2024	-	224	80785526	243
chr17	80785283	80985283	harbor1	chr17	80786453	80786839	LTR/ERV1	1670	-	193	80786646	1363
chr17	76637238	76837238	harbor1	chr17	76663696	76663972	LTR/ERV1	1005	-	138	76663834	26596
chr17	76637238	76837238	harbor1	chr17	76664278	76664365	LTR/ERV1	1005	-	44	76664322	27084
chr17	7461853	7661853	harbor1	chr17	7522858	7523170	LTR/ERV1	1385	-	156	7523014	61161
chr17	7461853	7661853	harbor1	chr17	7523264	7523481	LTR/ERV1	9153	-	108	7523372	61519
chr17	7461853	7661853	harbor1	chr17	7524066	7524227	LTR/ERV1	9153	-	80	7524146	62293
chr17	7461853	7661853	harbor1	chr17	7524539	7524717	LTR/ERV1	9153	-	89	7524628	62775
chr17	7461853	7661853	harbor1	chr17	7525044	7526003	LTR/ERV1	9153	-	480	7525524	63671
chr17	7461853	7661853	harbor1	chr17	7526675	7527303	LTR/ERV1	10393	-	314	7526989	65136
chr17	7461853	7661853	harbor1	chr17	7527599	7527875	LTR/ERV1	10393	-	138	7527737	65884
chr17	7461853	7661853	harbor1	chr17	7528603	7529262	LTR/ERV1	10393	-	330	7528933	67080
chr17	7461853	7661853	harbor1	chr17	7529576	7529589	LTR/ERV1	847	-	6	7529582	67729
chr17	7461853	7661853	harbor1	chr17	7538200	7538472	LTR/ERV1	3158	-	136	7538336	76483
chr17	7461853	7661853	harbor1	chr17	7539077	7539489	LTR/ERV1	3158	-	206	7539283	77430
chr17	76637301	76837301	harbor1	chr17	76663696	76663972	LTR/ERV1	1005	-	138	76663834	26533
chr17	76637301	76837301	harbor1	chr17	76664278	76664365	LTR/ERV1	1005	-	44	76664322	27021
chr17	76637314	76837314	harbor1	chr17	76663696	76663972	LTR/ERV1	1005	-	138	76663834	26520
chr17	76637314	76837314	harbor1	chr17	76664278	76664365	LTR/ERV1	1005	-	44	76664322	27008
chr17	7461830	7661830	harbor1	chr17	7522858	7523170	LTR/ERV1	1385	-	156	7523014	61184
chr17	7461830	7661830	harbor1	chr17	7523264	7523481	LTR/ERV1	9153	-	108	7523372	61542
chr17	7461830	7661830	harbor1	chr17	7524066	7524227	LTR/ERV1	9153	-	80	7524146	62316
chr17	7461830	7661830	harbor1	chr17	7524539	7524717	LTR/ERV1	9153	-	89	7524628	62798
chr17	7461830	7661830	harbor1	chr17	7525044	7526003	LTR/ERV1	9153	-	480	7525524	63694
chr17	7461830	7661830	harbor1	chr17	7526675	7527303	LTR/ERV1	10393	-	314	7526989	65159
chr17	7461830	7661830	harbor1	chr17	7527599	7527875	LTR/ERV1	10393	-	138	7527737	65907
chr17	7461830	7661830	harbor1	chr17	7528603	7529262	LTR/ERV1	10393	-	330	7528933	67103
chr17	7461830	7661830	harbor1	chr17	7529576	7529589	LTR/ERV1	847	-	6	7529582	67752
chr17	7461830	7661830	harbor1	chr17	7538200	7538472	LTR/ERV1	3158	-	136	7538336	76506
chr17	7461830	7661830	harbor1	chr17	7539077	7539489	LTR/ERV1	3158	-	206	7539283	77453
chr17	80624434	80824434	harbor1	chr17	80662274	80663033	LTR/ERV1	4503	-	380	80662654	38220
chr17	80624434	80824434	harbor1	chr17	80696653	80697496	LTR/ERV1	2776	-	422	80697075	72641
chr17	79702897	79902897	harbor1	chr17	79726814	79727251	LTR/ERV1	1536	-	218	79727032	24135
chr17	41209190	41409190	harbor1	chr17	41287526	41288015	LTR/ERV1	2995	-	244	41287770	78580
chr17	43299144	43499144	harbor1	chr17	43352269	43352788	LTR/ERV1	3928	-	260	43352529	53385
chr17	43299144	43499144	harbor1	chr17	43352789	43353333	LTR/ERV1	3905	-	272	43353061	53917
chr17	43299144	43499144	harbor1	chr17	43353330	43353956	LTR/ERV1	7195	-	313	43353643	54499
chr17	43299144	43499144	harbor1	chr17	43354075	43354951	LTR/ERV1	7195	-	438	43354513	55369
chr17	43299144	43499144	harbor1	chr17	43355914	43356130	LTR/ERV1	1520	-	108	43356022	56878
chr17	43299144	43499144	harbor1	chr17	43356126	43356531	LTR/ERV1	10674	-	202	43356328	57184
chr17	43299144	43499144	harbor1	chr17	43357144	43357500	LTR/ERV1	10674	-	178	43357322	58178
chr17	43299144	43499144	harbor1	chr17	43357800	43358726	LTR/ERV1	10674	-	463	43358263	59119
chr17	43299144	43499144	harbor1	chr17	43358719	43358915	LTR/ERV1	5449	-	98	43358817	59673
chr17	43299144	43499144	harbor1	chr17	43359217	43359892	LTR/ERV1	5449	-	338	43359555	60411
chr17	43299144	43499144	harbor1	chr17	43359957	43360454	LTR/ERV1	3359	-	248	43360205	61061
chr17	43299144	43499144	harbor1	chr17	43374049	43374367	LTR/ERV1	1399	-	159	43374208	75064
chr17	43299144	43499144	harbor1	chr17	43375535	43375615	LTR/ERV1	4909	-	40	43375575	76431
chr17	43299144	43499144	harbor1	chr17	43375910	43376280	LTR/ERV1	4909	-	185	43376095	76951
chr17	43299144	43499144	harbor1	chr17	43376580	43376840	LTR/ERV1	4909	-	130	43376710	77566
chr17	43299144	43499144	harbor1	chr17	43384198	43384348	LTR/ERV1	724	-	75	43384273	85129
chr17	18132683	18332683	harbor1	chr17	18222712	18222743	LTR/ERV1	2768	-	16	18222728	90045
chr17	18132683	18332683	harbor1	chr17	18223037	18223422	LTR/ERV1	2768	-	192	18223229	90546
chr17	79702898	79902898	harbor1	chr17	79726814	79727251	LTR/ERV1	1536	-	218	79727032	24134
chr17	7461823	7661823	harbor1	chr17	7522858	7523170	LTR/ERV1	1385	-	156	7523014	61191
chr17	7461823	7661823	harbor1	chr17	7523264	7523481	LTR/ERV1	9153	-	108	7523372	61549
chr17	7461823	7661823	harbor1	chr17	7524066	7524227	LTR/ERV1	9153	-	80	7524146	62323
chr17	7461823	7661823	harbor1	chr17	7524539	7524717	LTR/ERV1	9153	-	89	7524628	62805
chr17	7461823	7661823	harbor1	chr17	7525044	7526003	LTR/ERV1	9153	-	480	7525524	63701
chr17	7461823	7661823	harbor1	chr17	7526675	7527303	LTR/ERV1	10393	-	314	7526989	65166
chr17	7461823	7661823	harbor1	chr17	7527599	7527875	LTR/ERV1	10393	-	138	7527737	65914
chr17	7461823	7661823	harbor1	chr17	7528603	7529262	LTR/ERV1	10393	-	330	7528933	67110
chr17	7461823	7661823	harbor1	chr17	7529576	7529589	LTR/ERV1	847	-	6	7529582	67759
chr17	7461823	7661823	harbor1	chr17	7538200	7538472	LTR/ERV1	3158	-	136	7538336	76513
chr17	7461823	7661823	harbor1	chr17	7539077	7539489	LTR/ERV1	3158	-	206	7539283	77460
chr17	76637283	76837283	harbor1	chr17	76663696	76663972	LTR/ERV1	1005	-	138	76663834	26551
chr17	76637283	76837283	harbor1	chr17	76664278	76664365	LTR/ERV1	1005	-	44	76664322	27039
chr17	76768658	76968658	harbor1	chr17	76789163	76789725	LTR/ERV1	3459	-	281	76789444	20786
chr17	76768658	76968658	harbor1	chr17	76796621	76796690	LTR/ERV1	3146	-	34	76796655	27997
chr17	76768658	76968658	harbor1	chr17	76797201	76797746	LTR/ERV1	3146	-	272	76797473	28815
chr17	76768658	76968658	harbor1	chr17	76801745	76801983	LTR/ERV1	1385	-	119	76801864	33206
chr17	76768658	76968658	harbor1	chr17	76859283	76859561	LTR/ERV1	655	-	139	76859422	90764
chr17	76768658	76968658	harbor1	chr17	76859570	76859759	LTR/ERV1	793	-	94	76859664	91006
chr17	76768658	76968658	harbor1	chr17	76860327	76860380	LTR/ERV1	793	-	26	76860353	91695
chr17	7461898	7661898	harbor1	chr17	7522858	7523170	LTR/ERV1	1385	-	156	7523014	61116
chr17	7461898	7661898	harbor1	chr17	7523264	7523481	LTR/ERV1	9153	-	108	7523372	61474
chr17	7461898	7661898	harbor1	chr17	7524066	7524227	LTR/ERV1	9153	-	80	7524146	62248
chr17	7461898	7661898	harbor1	chr17	7524539	7524717	LTR/ERV1	9153	-	89	7524628	62730
chr17	7461898	7661898	harbor1	chr17	7525044	7526003	LTR/ERV1	9153	-	480	7525524	63626
chr17	7461898	7661898	harbor1	chr17	7526675	7527303	LTR/ERV1	10393	-	314	7526989	65091
chr17	7461898	7661898	harbor1	chr17	7527599	7527875	LTR/ERV1	10393	-	138	7527737	65839
chr17	7461898	7661898	harbor1	chr17	7528603	7529262	LTR/ERV1	10393	-	330	7528933	67035
chr17	7461898	7661898	harbor1	chr17	7529576	7529589	LTR/ERV1	847	-	6	7529582	67684
chr17	7461898	7661898	harbor1	chr17	7538200	7538472	LTR/ERV1	3158	-	136	7538336	76438
chr17	7461898	7661898	harbor1	chr17	7539077	7539489	LTR/ERV1	3158	-	206	7539283	77385
chr17	7461905	7661905	harbor1	chr17	7522858	7523170	LTR/ERV1	1385	-	156	7523014	61109
chr17	7461905	7661905	harbor1	chr17	7523264	7523481	LTR/ERV1	9153	-	108	7523372	61467
chr17	7461905	7661905	harbor1	chr17	7524066	7524227	LTR/ERV1	9153	-	80	7524146	62241
chr17	7461905	7661905	harbor1	chr17	7524539	7524717	LTR/ERV1	9153	-	89	7524628	62723
chr17	7461905	7661905	harbor1	chr17	7525044	7526003	LTR/ERV1	9153	-	480	7525524	63619
chr17	7461905	7661905	harbor1	chr17	7526675	7527303	LTR/ERV1	10393	-	314	7526989	65084
chr17	7461905	7661905	harbor1	chr17	7527599	7527875	LTR/ERV1	10393	-	138	7527737	65832
chr17	7461905	7661905	harbor1	chr17	7528603	7529262	LTR/ERV1	10393	-	330	7528933	67028
chr17	7461905	7661905	harbor1	chr17	7529576	7529589	LTR/ERV1	847	-	6	7529582	67677
chr17	7461905	7661905	harbor1	chr17	7538200	7538472	LTR/ERV1	3158	-	136	7538336	76431
chr17	7461905	7661905	harbor1	chr17	7539077	7539489	LTR/ERV1	3158	-	206	7539283	77378
chr17	56020599	56220599	harbor1	chr17	56069684	56070237	LTR/ERV1	4475	-	276	56069960	49361
chr17	56020599	56220599	harbor1	chr17	56081077	56081326	LTR/ERV1	3960	-	124	56081201	60602
chr17	56020599	56220599	harbor1	chr17	56081653	56082140	LTR/ERV1	3960	-	244	56081897	61298
chr17	7461897	7661897	harbor1	chr17	7522858	7523170	LTR/ERV1	1385	-	156	7523014	61117
chr17	7461897	7661897	harbor1	chr17	7523264	7523481	LTR/ERV1	9153	-	108	7523372	61475
chr17	7461897	7661897	harbor1	chr17	7524066	7524227	LTR/ERV1	9153	-	80	7524146	62249
chr17	7461897	7661897	harbor1	chr17	7524539	7524717	LTR/ERV1	9153	-	89	7524628	62731
chr17	7461897	7661897	harbor1	chr17	7525044	7526003	LTR/ERV1	9153	-	480	7525524	63627
chr17	7461897	7661897	harbor1	chr17	7526675	7527303	LTR/ERV1	10393	-	314	7526989	65092
chr17	7461897	7661897	harbor1	chr17	7527599	7527875	LTR/ERV1	10393	-	138	7527737	65840
chr17	7461897	7661897	harbor1	chr17	7528603	7529262	LTR/ERV1	10393	-	330	7528933	67036
chr17	7461897	7661897	harbor1	chr17	7529576	7529589	LTR/ERV1	847	-	6	7529582	67685
chr17	7461897	7661897	harbor1	chr17	7538200	7538472	LTR/ERV1	3158	-	136	7538336	76439
chr17	7461897	7661897	harbor1	chr17	7539077	7539489	LTR/ERV1	3158	-	206	7539283	77386
chr17	78924128	79124128	harbor1	chr17	78956104	78956515	LTR/ERV1	1456	-	206	78956310	32182
chr17	78924128	79124128	harbor1	chr17	78984232	78984341	LTR/ERV1	657	-	54	78984286	60158
chr17	78924128	79124128	harbor1	chr17	78986603	78987068	LTR/ERV1	2656	-	232	78986835	62707
chr17	80949235	81149235	harbor1	chr17	80990345	80990535	LTR/ERV1	1213	-	95	80990440	41205
chr17	80949235	81149235	harbor1	chr17	81011505	81011560	LTR/ERV1	3416	-	28	81011533	62298
chr17	80949235	81149235	harbor1	chr17	81011861	81012324	LTR/ERV1	3416	-	232	81012093	62858
chr17	7142998	7342998	harbor1	chr17	7143432	7143520	LTR/ERV1	730	-	44	7143476	478
chr17	7142998	7342998	harbor1	chr17	7144118	7144592	LTR/ERV1	2257	-	237	7144355	1357
chr17	8056331	8256331	harbor1	chr17	8068550	8069009	LTR/ERV1	3864	-	230	8068780	12449
chr17	79702899	79902899	harbor1	chr17	79726814	79727251	LTR/ERV1	1536	-	218	79727032	24133
chr17	7461844	7661844	harbor1	chr17	7522858	7523170	LTR/ERV1	1385	-	156	7523014	61170
chr17	7461844	7661844	harbor1	chr17	7523264	7523481	LTR/ERV1	9153	-	108	7523372	61528
chr17	7461844	7661844	harbor1	chr17	7524066	7524227	LTR/ERV1	9153	-	80	7524146	62302
chr17	7461844	7661844	harbor1	chr17	7524539	7524717	LTR/ERV1	9153	-	89	7524628	62784
chr17	7461844	7661844	harbor1	chr17	7525044	7526003	LTR/ERV1	9153	-	480	7525524	63680
chr17	7461844	7661844	harbor1	chr17	7526675	7527303	LTR/ERV1	10393	-	314	7526989	65145
chr17	7461844	7661844	harbor1	chr17	7527599	7527875	LTR/ERV1	10393	-	138	7527737	65893
chr17	7461844	7661844	harbor1	chr17	7528603	7529262	LTR/ERV1	10393	-	330	7528933	67089
chr17	7461844	7661844	harbor1	chr17	7529576	7529589	LTR/ERV1	847	-	6	7529582	67738
chr17	7461844	7661844	harbor1	chr17	7538200	7538472	LTR/ERV1	3158	-	136	7538336	76492
chr17	7461844	7661844	harbor1	chr17	7539077	7539489	LTR/ERV1	3158	-	206	7539283	77439
chr17	80934909	81134909	harbor1	chr17	80943315	80943637	LTR/ERV1	1974	-	161	80943476	8567
chr17	80934909	81134909	harbor1	chr17	80990345	80990535	LTR/ERV1	1213	-	95	80990440	55531
chr17	80934909	81134909	harbor1	chr17	81011505	81011560	LTR/ERV1	3416	-	28	81011533	76624
chr17	80934909	81134909	harbor1	chr17	81011861	81012324	LTR/ERV1	3416	-	232	81012093	77184
chr17	67266541	67466541	harbor1	chr17	67283659	67284302	LTR/ERV1	4519	-	322	67283981	17440
chr17	67266541	67466541	harbor1	chr17	67305089	67305197	LTR/ERV1	3411	-	54	67305143	38602
chr17	67266541	67466541	harbor1	chr17	67305488	67305878	LTR/ERV1	3411	-	195	67305683	39142
chr17	67266541	67466541	harbor1	chr17	67356036	67356227	LTR/ERV1	1078	-	96	67356132	89591
chr17	80934880	81134880	harbor1	chr17	80943315	80943637	LTR/ERV1	1974	-	161	80943476	8596
chr17	80934880	81134880	harbor1	chr17	80990345	80990535	LTR/ERV1	1213	-	95	80990440	55560
chr17	80934880	81134880	harbor1	chr17	81011505	81011560	LTR/ERV1	3416	-	28	81011533	76653
chr17	80934880	81134880	harbor1	chr17	81011861	81012324	LTR/ERV1	3416	-	232	81012093	77213
chr17	7461836	7661836	harbor1	chr17	7522858	7523170	LTR/ERV1	1385	-	156	7523014	61178
chr17	7461836	7661836	harbor1	chr17	7523264	7523481	LTR/ERV1	9153	-	108	7523372	61536
chr17	7461836	7661836	harbor1	chr17	7524066	7524227	LTR/ERV1	9153	-	80	7524146	62310
chr17	7461836	7661836	harbor1	chr17	7524539	7524717	LTR/ERV1	9153	-	89	7524628	62792
chr17	7461836	7661836	harbor1	chr17	7525044	7526003	LTR/ERV1	9153	-	480	7525524	63688
chr17	7461836	7661836	harbor1	chr17	7526675	7527303	LTR/ERV1	10393	-	314	7526989	65153
chr17	7461836	7661836	harbor1	chr17	7527599	7527875	LTR/ERV1	10393	-	138	7527737	65901
chr17	7461836	7661836	harbor1	chr17	7528603	7529262	LTR/ERV1	10393	-	330	7528933	67097
chr17	7461836	7661836	harbor1	chr17	7529576	7529589	LTR/ERV1	847	-	6	7529582	67746
chr17	7461836	7661836	harbor1	chr17	7538200	7538472	LTR/ERV1	3158	-	136	7538336	76500
chr17	7461836	7661836	harbor1	chr17	7539077	7539489	LTR/ERV1	3158	-	206	7539283	77447
chr17	79689709	79889709	harbor1	chr17	79726814	79727251	LTR/ERV1	1536	-	218	79727032	37323
chr17	80992863	81192863	harbor1	chr17	81011505	81011560	LTR/ERV1	3416	-	28	81011533	18670
chr17	80992863	81192863	harbor1	chr17	81011861	81012324	LTR/ERV1	3416	-	232	81012093	19230
chr17	2838074	3038074	harbor1	chr17	2872259	2872671	LTR/ERV1	668	-	206	2872465	34391
chr17	2838074	3038074	harbor1	chr17	2874952	2875061	LTR/ERV1	953	-	54	2875006	36932
chr17	2838074	3038074	harbor1	chr17	2875367	2875676	LTR/ERV1	953	-	154	2875521	37447
chr17	2838074	3038074	harbor1	chr17	2876278	2876882	LTR/ERV1	2795	-	302	2876580	38506
chr17	82589285	82789285	harbor1	chr17	82667951	82668910	LTR/ERV1	2487	-	480	82668431	79146
chr17	76283247	76483247	harbor1	chr17	76360343	76360770	LTR/ERV1	2418	-	214	76360557	77310
chr17	50408598	50608598	harbor1	chr17	50412688	50413150	LTR/ERV1	3999	-	231	50412919	4321
chr17	50408598	50608598	harbor1	chr17	50420006	50420467	LTR/ERV1	4016	-	230	50420236	11638
chr17	50408598	50608598	harbor1	chr17	50430229	50430385	LTR/ERV1	2265	-	78	50430307	21709
chr17	50408598	50608598	harbor1	chr17	50430690	50430946	LTR/ERV1	2265	-	128	50430818	22220
chr17	50408598	50608598	harbor1	chr17	50448504	50448953	LTR/ERV1	2463	-	224	50448728	40130
chr17	50408598	50608598	harbor1	chr17	50496154	50496339	LTR/ERV1	3195	-	92	50496246	87648
chr17	50408598	50608598	harbor1	chr17	50496653	50496900	LTR/ERV1	3195	-	124	50496777	88179
chr17	50408598	50608598	harbor1	chr17	50497208	50497233	LTR/ERV1	3195	-	12	50497220	88622
chr17	50408598	50608598	harbor1	chr17	50497806	50497918	LTR/ERV1	3195	-	56	50497862	89264
chr17	50408598	50608598	harbor1	chr17	50413151	50420005	LTR/ERV1	47800	-	3427	50416578	7980
chr17	44870431	45070431	harbor1	chr17	44894754	44894870	LTR/ERV1	608	-	58	44894812	24381
chr17	76637247	76837247	harbor1	chr17	76663696	76663972	LTR/ERV1	1005	-	138	76663834	26587
chr17	76637247	76837247	harbor1	chr17	76664278	76664365	LTR/ERV1	1005	-	44	76664322	27075
chr17	7461870	7661870	harbor1	chr17	7522858	7523170	LTR/ERV1	1385	-	156	7523014	61144
chr17	7461870	7661870	harbor1	chr17	7523264	7523481	LTR/ERV1	9153	-	108	7523372	61502
chr17	7461870	7661870	harbor1	chr17	7524066	7524227	LTR/ERV1	9153	-	80	7524146	62276
chr17	7461870	7661870	harbor1	chr17	7524539	7524717	LTR/ERV1	9153	-	89	7524628	62758
chr17	7461870	7661870	harbor1	chr17	7525044	7526003	LTR/ERV1	9153	-	480	7525524	63654
chr17	7461870	7661870	harbor1	chr17	7526675	7527303	LTR/ERV1	10393	-	314	7526989	65119
chr17	7461870	7661870	harbor1	chr17	7527599	7527875	LTR/ERV1	10393	-	138	7527737	65867
chr17	7461870	7661870	harbor1	chr17	7528603	7529262	LTR/ERV1	10393	-	330	7528933	67063
chr17	7461870	7661870	harbor1	chr17	7529576	7529589	LTR/ERV1	847	-	6	7529582	67712
chr17	7461870	7661870	harbor1	chr17	7538200	7538472	LTR/ERV1	3158	-	136	7538336	76466
chr17	7461870	7661870	harbor1	chr17	7539077	7539489	LTR/ERV1	3158	-	206	7539283	77413
chr17	30610000	30810000	harbor1	chr17	30654207	30654345	LTR/ERV1	2521	-	69	30654276	44276
chr17	30610000	30810000	harbor1	chr17	30654642	30654940	LTR/ERV1	2521	-	149	30654791	44791
chr17	30610000	30810000	harbor1	chr17	30655251	30655302	LTR/ERV1	2521	-	26	30655277	45277
chr17	30610000	30810000	harbor1	chr17	30655604	30655746	LTR/ERV1	2521	-	71	30655675	45675
chr17	7461914	7661914	harbor1	chr17	7522858	7523170	LTR/ERV1	1385	-	156	7523014	61100
chr17	7461914	7661914	harbor1	chr17	7523264	7523481	LTR/ERV1	9153	-	108	7523372	61458
chr17	7461914	7661914	harbor1	chr17	7524066	7524227	LTR/ERV1	9153	-	80	7524146	62232
chr17	7461914	7661914	harbor1	chr17	7524539	7524717	LTR/ERV1	9153	-	89	7524628	62714
chr17	7461914	7661914	harbor1	chr17	7525044	7526003	LTR/ERV1	9153	-	480	7525524	63610
chr17	7461914	7661914	harbor1	chr17	7526675	7527303	LTR/ERV1	10393	-	314	7526989	65075
chr17	7461914	7661914	harbor1	chr17	7527599	7527875	LTR/ERV1	10393	-	138	7527737	65823
chr17	7461914	7661914	harbor1	chr17	7528603	7529262	LTR/ERV1	10393	-	330	7528933	67019
chr17	7461914	7661914	harbor1	chr17	7529576	7529589	LTR/ERV1	847	-	6	7529582	67668
chr17	7461914	7661914	harbor1	chr17	7538200	7538472	LTR/ERV1	3158	-	136	7538336	76422
chr17	7461914	7661914	harbor1	chr17	7539077	7539489	LTR/ERV1	3158	-	206	7539283	77369
chr17	79696398	79896398	harbor1	chr17	79726814	79727251	LTR/ERV1	1536	-	218	79727032	30634
chr17	76768628	76968628	harbor1	chr17	76789163	76789725	LTR/ERV1	3459	-	281	76789444	20816
chr17	76768628	76968628	harbor1	chr17	76796621	76796690	LTR/ERV1	3146	-	34	76796655	28027
chr17	76768628	76968628	harbor1	chr17	76797201	76797746	LTR/ERV1	3146	-	272	76797473	28845
chr17	76768628	76968628	harbor1	chr17	76801745	76801983	LTR/ERV1	1385	-	119	76801864	33236
chr17	76768628	76968628	harbor1	chr17	76859283	76859561	LTR/ERV1	655	-	139	76859422	90794
chr17	76768628	76968628	harbor1	chr17	76859570	76859759	LTR/ERV1	793	-	94	76859664	91036
chr17	76768628	76968628	harbor1	chr17	76860327	76860380	LTR/ERV1	793	-	26	76860353	91725
chr17	80933241	81133241	harbor1	chr17	80943315	80943637	LTR/ERV1	1974	-	161	80943476	10235
chr17	80933241	81133241	harbor1	chr17	80990345	80990535	LTR/ERV1	1213	-	95	80990440	57199
chr17	80933241	81133241	harbor1	chr17	81011505	81011560	LTR/ERV1	3416	-	28	81011533	78292
chr17	80933241	81133241	harbor1	chr17	81011861	81012324	LTR/ERV1	3416	-	232	81012093	78852
chr17	76768654	76968654	harbor1	chr17	76789163	76789725	LTR/ERV1	3459	-	281	76789444	20790
chr17	76768654	76968654	harbor1	chr17	76796621	76796690	LTR/ERV1	3146	-	34	76796655	28001
chr17	76768654	76968654	harbor1	chr17	76797201	76797746	LTR/ERV1	3146	-	272	76797473	28819
chr17	76768654	76968654	harbor1	chr17	76801745	76801983	LTR/ERV1	1385	-	119	76801864	33210
chr17	76768654	76968654	harbor1	chr17	76859283	76859561	LTR/ERV1	655	-	139	76859422	90768
chr17	76768654	76968654	harbor1	chr17	76859570	76859759	LTR/ERV1	793	-	94	76859664	91010
chr17	76768654	76968654	harbor1	chr17	76860327	76860380	LTR/ERV1	793	-	26	76860353	91699
chr17	7461805	7661805	harbor1	chr17	7522858	7523170	LTR/ERV1	1385	-	156	7523014	61209
chr17	7461805	7661805	harbor1	chr17	7523264	7523481	LTR/ERV1	9153	-	108	7523372	61567
chr17	7461805	7661805	harbor1	chr17	7524066	7524227	LTR/ERV1	9153	-	80	7524146	62341
chr17	7461805	7661805	harbor1	chr17	7524539	7524717	LTR/ERV1	9153	-	89	7524628	62823
chr17	7461805	7661805	harbor1	chr17	7525044	7526003	LTR/ERV1	9153	-	480	7525524	63719
chr17	7461805	7661805	harbor1	chr17	7526675	7527303	LTR/ERV1	10393	-	314	7526989	65184
chr17	7461805	7661805	harbor1	chr17	7527599	7527875	LTR/ERV1	10393	-	138	7527737	65932
chr17	7461805	7661805	harbor1	chr17	7528603	7529262	LTR/ERV1	10393	-	330	7528933	67128
chr17	7461805	7661805	harbor1	chr17	7529576	7529589	LTR/ERV1	847	-	6	7529582	67777
chr17	7461805	7661805	harbor1	chr17	7538200	7538472	LTR/ERV1	3158	-	136	7538336	76531
chr17	7461805	7661805	harbor1	chr17	7539077	7539489	LTR/ERV1	3158	-	206	7539283	77478
chr17	15555287	15755287	harbor1	chr17	15610181	15610725	LTR/ERV1	3614	-	272	15610453	55166
chr17	80934865	81134865	harbor1	chr17	80943315	80943637	LTR/ERV1	1974	-	161	80943476	8611
chr17	80934865	81134865	harbor1	chr17	80990345	80990535	LTR/ERV1	1213	-	95	80990440	55575
chr17	80934865	81134865	harbor1	chr17	81011505	81011560	LTR/ERV1	3416	-	28	81011533	76668
chr17	80934865	81134865	harbor1	chr17	81011861	81012324	LTR/ERV1	3416	-	232	81012093	77228
chr17	80934914	81134914	harbor1	chr17	80943315	80943637	LTR/ERV1	1974	-	161	80943476	8562
chr17	80934914	81134914	harbor1	chr17	80990345	80990535	LTR/ERV1	1213	-	95	80990440	55526
chr17	80934914	81134914	harbor1	chr17	81011505	81011560	LTR/ERV1	3416	-	28	81011533	76619
chr17	80934914	81134914	harbor1	chr17	81011861	81012324	LTR/ERV1	3416	-	232	81012093	77179
chr17	76283501	76483501	harbor1	chr17	76360343	76360770	LTR/ERV1	2418	-	214	76360557	77056
chr17	75009533	75209533	harbor1	chr17	75108569	75109008	LTR/ERV1	2382	-	220	75108789	99256
chr17	75105495	75305495	harbor1	chr17	75108569	75109008	LTR/ERV1	2382	-	220	75108789	3294
chr17	75105495	75305495	harbor1	chr17	75116986	75117064	LTR/ERV1	3689	-	39	75117025	11530
chr17	75105495	75305495	harbor1	chr17	75117377	75117838	LTR/ERV1	3689	-	230	75117607	12112
chr17	75105495	75305495	harbor1	chr17	75118143	75118357	LTR/ERV1	3689	-	107	75118250	12755
chr17	75105495	75305495	harbor1	chr17	75157847	75157963	LTR/ERV1	2064	-	58	75157905	52410
chr17	75105495	75305495	harbor1	chr17	75158231	75158711	LTR/ERV1	2064	-	240	75158471	52976
chr17	43590747	43790747	harbor1	chr17	43590574	43590776	LTR/ERV1	1541	-	101	43590675	72
chr17	43590747	43790747	harbor1	chr17	43591082	43591364	LTR/ERV1	1541	-	141	43591223	476
chr17	43590747	43790747	harbor1	chr17	43594519	43594638	LTR/ERV1	4033	-	60	43594579	3832
chr17	43590747	43790747	harbor1	chr17	43594938	43595015	LTR/ERV1	4033	-	38	43594976	4229
chr17	43590747	43790747	harbor1	chr17	43595315	43595767	LTR/ERV1	4033	-	226	43595541	4794
chr17	43590747	43790747	harbor1	chr17	43606944	43607051	LTR/ERV1	727	-	54	43606998	16251
chr17	43590747	43790747	harbor1	chr17	43608306	43608704	LTR/ERV1	2190	-	199	43608505	17758
chr17	43590747	43790747	harbor1	chr17	43609553	43609989	LTR/ERV1	2240	-	218	43609771	19024
chr17	8023310	8223310	harbor1	chr17	8068550	8069009	LTR/ERV1	3864	-	230	8068780	45470
chr17	36836264	37036264	harbor1	chr17	36896088	36896748	LTR/ERV1	4218	-	330	36896418	60154
chr17	80949194	81149194	harbor1	chr17	80990345	80990535	LTR/ERV1	1213	-	95	80990440	41246
chr17	80949194	81149194	harbor1	chr17	81011505	81011560	LTR/ERV1	3416	-	28	81011533	62339
chr17	80949194	81149194	harbor1	chr17	81011861	81012324	LTR/ERV1	3416	-	232	81012093	62899
chr17	80928173	81128173	harbor1	chr17	80943315	80943637	LTR/ERV1	1974	-	161	80943476	15303
chr17	80928173	81128173	harbor1	chr17	80990345	80990535	LTR/ERV1	1213	-	95	80990440	62267
chr17	80928173	81128173	harbor1	chr17	81011505	81011560	LTR/ERV1	3416	-	28	81011533	83360
chr17	80928173	81128173	harbor1	chr17	81011861	81012324	LTR/ERV1	3416	-	232	81012093	83920
chr17	7461864	7661864	harbor1	chr17	7522858	7523170	LTR/ERV1	1385	-	156	7523014	61150
chr17	7461864	7661864	harbor1	chr17	7523264	7523481	LTR/ERV1	9153	-	108	7523372	61508
chr17	7461864	7661864	harbor1	chr17	7524066	7524227	LTR/ERV1	9153	-	80	7524146	62282
chr17	7461864	7661864	harbor1	chr17	7524539	7524717	LTR/ERV1	9153	-	89	7524628	62764
chr17	7461864	7661864	harbor1	chr17	7525044	7526003	LTR/ERV1	9153	-	480	7525524	63660
chr17	7461864	7661864	harbor1	chr17	7526675	7527303	LTR/ERV1	10393	-	314	7526989	65125
chr17	7461864	7661864	harbor1	chr17	7527599	7527875	LTR/ERV1	10393	-	138	7527737	65873
chr17	7461864	7661864	harbor1	chr17	7528603	7529262	LTR/ERV1	10393	-	330	7528933	67069
chr17	7461864	7661864	harbor1	chr17	7529576	7529589	LTR/ERV1	847	-	6	7529582	67718
chr17	7461864	7661864	harbor1	chr17	7538200	7538472	LTR/ERV1	3158	-	136	7538336	76472
chr17	7461864	7661864	harbor1	chr17	7539077	7539489	LTR/ERV1	3158	-	206	7539283	77419
chr17	79702893	79902893	harbor1	chr17	79726814	79727251	LTR/ERV1	1536	-	218	79727032	24139
chr17	79702970	79902970	harbor1	chr17	79726814	79727251	LTR/ERV1	1536	-	218	79727032	24062
chr17	78924157	79124157	harbor1	chr17	78956104	78956515	LTR/ERV1	1456	-	206	78956310	32153
chr17	78924157	79124157	harbor1	chr17	78984232	78984341	LTR/ERV1	657	-	54	78984286	60129
chr17	78924157	79124157	harbor1	chr17	78986603	78987068	LTR/ERV1	2656	-	232	78986835	62678
chr17	2829895	3029895	harbor1	chr17	2872259	2872671	LTR/ERV1	668	-	206	2872465	42570
chr17	2829895	3029895	harbor1	chr17	2874952	2875061	LTR/ERV1	953	-	54	2875006	45111
chr17	2829895	3029895	harbor1	chr17	2875367	2875676	LTR/ERV1	953	-	154	2875521	45626
chr17	2829895	3029895	harbor1	chr17	2876278	2876882	LTR/ERV1	2795	-	302	2876580	46685
chr17	28254681	28454681	harbor1	chr17	28263602	28264062	LTR/ERV1	2967	-	230	28263832	9151
chr17	28254681	28454681	harbor1	chr17	28264071	28264797	LTR/ERV1	3737	-	363	28264434	9753
chr17	7461894	7661894	harbor1	chr17	7522858	7523170	LTR/ERV1	1385	-	156	7523014	61120
chr17	7461894	7661894	harbor1	chr17	7523264	7523481	LTR/ERV1	9153	-	108	7523372	61478
chr17	7461894	7661894	harbor1	chr17	7524066	7524227	LTR/ERV1	9153	-	80	7524146	62252
chr17	7461894	7661894	harbor1	chr17	7524539	7524717	LTR/ERV1	9153	-	89	7524628	62734
chr17	7461894	7661894	harbor1	chr17	7525044	7526003	LTR/ERV1	9153	-	480	7525524	63630
chr17	7461894	7661894	harbor1	chr17	7526675	7527303	LTR/ERV1	10393	-	314	7526989	65095
chr17	7461894	7661894	harbor1	chr17	7527599	7527875	LTR/ERV1	10393	-	138	7527737	65843
chr17	7461894	7661894	harbor1	chr17	7528603	7529262	LTR/ERV1	10393	-	330	7528933	67039
chr17	7461894	7661894	harbor1	chr17	7529576	7529589	LTR/ERV1	847	-	6	7529582	67688
chr17	7461894	7661894	harbor1	chr17	7538200	7538472	LTR/ERV1	3158	-	136	7538336	76442
chr17	7461894	7661894	harbor1	chr17	7539077	7539489	LTR/ERV1	3158	-	206	7539283	77389
chr17	76711222	76911222	harbor1	chr17	76789163	76789725	LTR/ERV1	3459	-	281	76789444	78222
chr17	76711222	76911222	harbor1	chr17	76796621	76796690	LTR/ERV1	3146	-	34	76796655	85433
chr17	76711222	76911222	harbor1	chr17	76797201	76797746	LTR/ERV1	3146	-	272	76797473	86251
chr17	76711222	76911222	harbor1	chr17	76801745	76801983	LTR/ERV1	1385	-	119	76801864	90642
chr17	78252870	78452870	harbor1	chr17	78272043	78272566	LTR/ERV1	3513	-	262	78272305	19435
chr17	78252870	78452870	harbor1	chr17	78280285	78280864	LTR/ERV1	2620	-	290	78280575	27705
chr17	76768627	76968627	harbor1	chr17	76789163	76789725	LTR/ERV1	3459	-	281	76789444	20817
chr17	76768627	76968627	harbor1	chr17	76796621	76796690	LTR/ERV1	3146	-	34	76796655	28028
chr17	76768627	76968627	harbor1	chr17	76797201	76797746	LTR/ERV1	3146	-	272	76797473	28846
chr17	76768627	76968627	harbor1	chr17	76801745	76801983	LTR/ERV1	1385	-	119	76801864	33237
chr17	76768627	76968627	harbor1	chr17	76859283	76859561	LTR/ERV1	655	-	139	76859422	90795
chr17	76768627	76968627	harbor1	chr17	76859570	76859759	LTR/ERV1	793	-	94	76859664	91037
chr17	76768627	76968627	harbor1	chr17	76860327	76860380	LTR/ERV1	793	-	26	76860353	91726
chr17	15134573	15334573	harbor1	chr17	15191058	15191828	LTR/ERV1	4813	-	385	15191443	56870
chr17	15134573	15334573	harbor1	chr17	15210986	15211501	LTR/ERV1	1306	-	258	15211244	76671
chr17	80934866	81134866	harbor1	chr17	80943315	80943637	LTR/ERV1	1974	-	161	80943476	8610
chr17	80934866	81134866	harbor1	chr17	80990345	80990535	LTR/ERV1	1213	-	95	80990440	55574
chr17	80934866	81134866	harbor1	chr17	81011505	81011560	LTR/ERV1	3416	-	28	81011533	76667
chr17	80934866	81134866	harbor1	chr17	81011861	81012324	LTR/ERV1	3416	-	232	81012093	77227
chr17	42914345	43114345	harbor1	chr17	42933628	42934081	LTR/ERV1	2983	-	226	42933854	19509
chr17	42914345	43114345	harbor1	chr17	42943070	42943381	LTR/ERV1	1947	-	156	42943226	28881
chr17	42914345	43114345	harbor1	chr17	42943613	42943806	LTR/ERV1	1199	-	96	42943709	29364
chr17	76485502	76685502	harbor1	chr17	76554904	76555040	LTR/ERV1	4174	-	68	76554972	69470
chr17	76485502	76685502	harbor1	chr17	76555340	76555753	LTR/ERV1	4174	-	206	76555546	70044
chr17	2837929	3037929	harbor1	chr17	2872259	2872671	LTR/ERV1	668	-	206	2872465	34536
chr17	2837929	3037929	harbor1	chr17	2874952	2875061	LTR/ERV1	953	-	54	2875006	37077
chr17	2837929	3037929	harbor1	chr17	2875367	2875676	LTR/ERV1	953	-	154	2875521	37592
chr17	2837929	3037929	harbor1	chr17	2876278	2876882	LTR/ERV1	2795	-	302	2876580	38651
chr17	7461804	7661804	harbor1	chr17	7522858	7523170	LTR/ERV1	1385	-	156	7523014	61210
chr17	7461804	7661804	harbor1	chr17	7523264	7523481	LTR/ERV1	9153	-	108	7523372	61568
chr17	7461804	7661804	harbor1	chr17	7524066	7524227	LTR/ERV1	9153	-	80	7524146	62342
chr17	7461804	7661804	harbor1	chr17	7524539	7524717	LTR/ERV1	9153	-	89	7524628	62824
chr17	7461804	7661804	harbor1	chr17	7525044	7526003	LTR/ERV1	9153	-	480	7525524	63720
chr17	7461804	7661804	harbor1	chr17	7526675	7527303	LTR/ERV1	10393	-	314	7526989	65185
chr17	7461804	7661804	harbor1	chr17	7527599	7527875	LTR/ERV1	10393	-	138	7527737	65933
chr17	7461804	7661804	harbor1	chr17	7528603	7529262	LTR/ERV1	10393	-	330	7528933	67129
chr17	7461804	7661804	harbor1	chr17	7529576	7529589	LTR/ERV1	847	-	6	7529582	67778
chr17	7461804	7661804	harbor1	chr17	7538200	7538472	LTR/ERV1	3158	-	136	7538336	76532
chr17	7461804	7661804	harbor1	chr17	7539077	7539489	LTR/ERV1	3158	-	206	7539283	77479
chr17	74649363	74849363	harbor1	chr17	74720067	74720302	LTR/ERV1	2688	-	118	74720185	70822
chr17	74649363	74849363	harbor1	chr17	74720614	74721267	LTR/ERV1	2725	-	326	74720940	71577
chr17	74649363	74849363	harbor1	chr17	74724046	74724494	LTR/ERV1	3114	-	224	74724270	74907
chr17	74649363	74849363	harbor1	chr17	74724499	74724930	LTR/ERV1	3342	-	216	74724715	75352
chr17	79689289	79889289	harbor1	chr17	79726814	79727251	LTR/ERV1	1536	-	218	79727032	37743
chr17	76636928	76836928	harbor1	chr17	76663696	76663972	LTR/ERV1	1005	-	138	76663834	26906
chr17	76636928	76836928	harbor1	chr17	76664278	76664365	LTR/ERV1	1005	-	44	76664322	27394
chr17	75009499	75209499	harbor1	chr17	75108569	75109008	LTR/ERV1	2382	-	220	75108789	99290
chr17	6918778	7118778	harbor1	chr17	6936343	6936546	LTR/ERV1	1172	-	102	6936445	17667
chr17	6918778	7118778	harbor1	chr17	6936544	6936738	LTR/ERV1	806	-	97	6936641	17863
chr17	6918778	7118778	harbor1	chr17	6936743	6937634	LTR/ERV1	13714	-	446	6937189	18411
chr17	6918778	7118778	harbor1	chr17	6938205	6939279	LTR/ERV1	13714	-	537	6938742	19964
chr17	6918778	7118778	harbor1	chr17	6939290	6940013	LTR/ERV1	5184	-	362	6939652	20874
chr17	6918778	7118778	harbor1	chr17	6940009	6940272	LTR/ERV1	1870	-	132	6940141	21363
chr17	6918778	7118778	harbor1	chr17	6940274	6940666	LTR/ERV1	966	-	196	6940470	21692
chr17	6918778	7118778	harbor1	chr17	6941936	6942015	LTR/ERV1	595	-	40	6941976	23198
chr17	76637263	76837263	harbor1	chr17	76663696	76663972	LTR/ERV1	1005	-	138	76663834	26571
chr17	76637263	76837263	harbor1	chr17	76664278	76664365	LTR/ERV1	1005	-	44	76664322	27059
chr17	79689683	79889683	harbor1	chr17	79726814	79727251	LTR/ERV1	1536	-	218	79727032	37349
chr17	76283274	76483274	harbor1	chr17	76360343	76360770	LTR/ERV1	2418	-	214	76360557	77283
chr17	77858865	78058865	harbor1	chr17	77926812	77927300	LTR/ERV1	2455	-	244	77927056	68191
chr17	77858865	78058865	harbor1	chr17	77935523	77936295	LTR/ERV1	5342	-	386	77935909	77044
chr17	80934923	81134923	harbor1	chr17	80943315	80943637	LTR/ERV1	1974	-	161	80943476	8553
chr17	80934923	81134923	harbor1	chr17	80990345	80990535	LTR/ERV1	1213	-	95	80990440	55517
chr17	80934923	81134923	harbor1	chr17	81011505	81011560	LTR/ERV1	3416	-	28	81011533	76610
chr17	80934923	81134923	harbor1	chr17	81011861	81012324	LTR/ERV1	3416	-	232	81012093	77170
chr17	79689660	79889660	harbor1	chr17	79726814	79727251	LTR/ERV1	1536	-	218	79727032	37372
chr17	30610045	30810045	harbor1	chr17	30654207	30654345	LTR/ERV1	2521	-	69	30654276	44231
chr17	30610045	30810045	harbor1	chr17	30654642	30654940	LTR/ERV1	2521	-	149	30654791	44746
chr17	30610045	30810045	harbor1	chr17	30655251	30655302	LTR/ERV1	2521	-	26	30655277	45232
chr17	30610045	30810045	harbor1	chr17	30655604	30655746	LTR/ERV1	2521	-	71	30655675	45630
chr17	80991791	81191791	harbor1	chr17	81011505	81011560	LTR/ERV1	3416	-	28	81011533	19742
chr17	80991791	81191791	harbor1	chr17	81011861	81012324	LTR/ERV1	3416	-	232	81012093	20302
chr17	48808683	49008683	harbor1	chr17	48824736	48824915	LTR/ERV1	4579	-	90	48824826	16143
chr17	48808683	49008683	harbor1	chr17	48825536	48825977	LTR/ERV1	4579	-	220	48825756	17073
chr17	48808683	49008683	harbor1	chr17	48827572	48827801	LTR/ERV1	779	-	114	48827686	19003
chr17	48808683	49008683	harbor1	chr17	48827803	48828353	LTR/ERV1	2404	-	275	48828078	19395
chr17	48808683	49008683	harbor1	chr17	48829527	48829806	LTR/ERV1	910	-	140	48829667	20984
chr17	48808683	49008683	harbor1	chr17	48837989	48838450	LTR/ERV1	3633	-	230	48838219	29536
chr17	28784220	28984220	harbor1	chr17	28836420	28836889	LTR/ERV1	3880	-	234	28836654	52434
chr17	28784220	28984220	harbor1	chr17	28874371	28874859	LTR/ERV1	3256	-	244	28874615	90395
chr17	7079598	7279598	harbor1	chr17	7097224	7097339	LTR/ERV1	737	-	58	7097282	17684
chr17	7079598	7279598	harbor1	chr17	7099933	7101093	LTR/ERV1	7113	-	580	7100513	20915
chr17	7079598	7279598	harbor1	chr17	7121286	7121561	LTR/ERV1	1788	-	138	7121424	41826
chr17	7079598	7279598	harbor1	chr17	7121792	7121864	LTR/ERV1	1788	-	36	7121828	42230
chr17	7079598	7279598	harbor1	chr17	7122161	7122252	LTR/ERV1	1788	-	46	7122207	42609
chr17	7079598	7279598	harbor1	chr17	7133570	7134354	LTR/ERV1	5041	-	392	7133962	54364
chr17	7079598	7279598	harbor1	chr17	7139720	7139950	LTR/ERV1	3775	-	115	7139835	60237
chr17	7079598	7279598	harbor1	chr17	7140259	7140688	LTR/ERV1	3775	-	214	7140473	60875
chr17	7079598	7279598	harbor1	chr17	7142211	7142701	LTR/ERV1	3521	-	245	7142456	62858
chr17	7079598	7279598	harbor1	chr17	7143432	7143520	LTR/ERV1	730	-	44	7143476	63878
chr17	7079598	7279598	harbor1	chr17	7144118	7144592	LTR/ERV1	2257	-	237	7144355	64757
chr17	80949213	81149213	harbor1	chr17	80990345	80990535	LTR/ERV1	1213	-	95	80990440	41227
chr17	80949213	81149213	harbor1	chr17	81011505	81011560	LTR/ERV1	3416	-	28	81011533	62320
chr17	80949213	81149213	harbor1	chr17	81011861	81012324	LTR/ERV1	3416	-	232	81012093	62880
chr17	76637321	76837321	harbor1	chr17	76663696	76663972	LTR/ERV1	1005	-	138	76663834	26513
chr17	76637321	76837321	harbor1	chr17	76664278	76664365	LTR/ERV1	1005	-	44	76664322	27001
chr17	15161857	15361857	harbor1	chr17	15191058	15191828	LTR/ERV1	4813	-	385	15191443	29586
chr17	15161857	15361857	harbor1	chr17	15210986	15211501	LTR/ERV1	1306	-	258	15211244	49387
chr17	1990653	2190653	harbor1	chr17	2033183	2033452	LTR/ERV1	1088	-	134	2033317	42664
chr17	9856590	10056590	harbor1	chr17	9876239	9876763	LTR/ERV1	1096	-	262	9876501	19911
chr18	49713903	49913903	harbor1	chr18	49747847	49748265	LTR/ERV1	1196	-	209	49748056	34153
chr18	31997343	32197343	harbor1	chr18	32010273	32010948	LTR/ERV1	5165	-	338	32010611	13268
chr18	31997343	32197343	harbor1	chr18	32022431	32022926	LTR/ERV1	1604	-	248	32022679	25336
chr18	31997343	32197343	harbor1	chr18	32023454	32023774	LTR/ERV1	1547	-	160	32023614	26271
chr18	31997343	32197343	harbor1	chr18	32023893	32024171	LTR/ERV1	1547	-	139	32024032	26689
chr18	31997343	32197343	harbor1	chr18	32025089	32025241	LTR/ERV1	703	-	76	32025165	27822
chr18	31997343	32197343	harbor1	chr18	32025753	32025923	LTR/ERV1	989	-	85	32025838	28495
chr18	31997343	32197343	harbor1	chr18	32026842	32026984	LTR/ERV1	597	-	71	32026913	29570
chr18	31997343	32197343	harbor1	chr18	32027262	32027442	LTR/ERV1	475	-	90	32027352	30009
chr18	31997343	32197343	harbor1	chr18	32027713	32028016	LTR/ERV1	1436	-	152	32027865	30522
chr18	31997343	32197343	harbor1	chr18	32028326	32028576	LTR/ERV1	1436	-	125	32028451	31108
chr18	31997343	32197343	harbor1	chr18	32082402	32082476	LTR/ERV1	531	-	37	32082439	85096
chr18	12158330	12358330	harbor1	chr18	12228822	12229284	LTR/ERV1	4030	-	231	12229053	70723
chr18	12158330	12358330	harbor1	chr18	12235203	12235300	LTR/ERV1	536	-	48	12235251	76921
chr18	12158330	12358330	harbor1	chr18	12235474	12235875	LTR/ERV1	1419	-	200	12235674	77344
chr18	42426133	42626133	harbor1	chr18	42473830	42474255	LTR/ERV1	2399	-	212	42474042	47909
chr18	74356692	74556692	harbor1	chr18	74383015	74383211	LTR/ERV1	5563	-	98	74383113	26421
chr18	74356692	74556692	harbor1	chr18	74383511	74384085	LTR/ERV1	5563	-	287	74383798	27106
chr18	74356692	74556692	harbor1	chr18	74385512	74385670	LTR/ERV1	3578	-	79	74385591	28899
chr18	74356692	74556692	harbor1	chr18	74385725	74386321	LTR/ERV1	3578	-	298	74386023	29331
chr18	74356692	74556692	harbor1	chr18	74389626	74389807	LTR/ERV1	696	-	90	74389716	33024
chr18	74356692	74556692	harbor1	chr18	74390411	74390688	LTR/ERV1	1533	-	138	74390549	33857
chr18	74356714	74556714	harbor1	chr18	74383015	74383211	LTR/ERV1	5563	-	98	74383113	26399
chr18	74356714	74556714	harbor1	chr18	74383511	74384085	LTR/ERV1	5563	-	287	74383798	27084
chr18	74356714	74556714	harbor1	chr18	74385512	74385670	LTR/ERV1	3578	-	79	74385591	28877
chr18	74356714	74556714	harbor1	chr18	74385725	74386321	LTR/ERV1	3578	-	298	74386023	29309
chr18	74356714	74556714	harbor1	chr18	74389626	74389807	LTR/ERV1	696	-	90	74389716	33002
chr18	74356714	74556714	harbor1	chr18	74390411	74390688	LTR/ERV1	1533	-	138	74390549	33835
chr18	23734554	23934554	harbor1	chr18	23781361	23781884	LTR/ERV1	1956	-	262	23781623	47069
chr18	74356712	74556712	harbor1	chr18	74383015	74383211	LTR/ERV1	5563	-	98	74383113	26401
chr18	74356712	74556712	harbor1	chr18	74383511	74384085	LTR/ERV1	5563	-	287	74383798	27086
chr18	74356712	74556712	harbor1	chr18	74385512	74385670	LTR/ERV1	3578	-	79	74385591	28879
chr18	74356712	74556712	harbor1	chr18	74385725	74386321	LTR/ERV1	3578	-	298	74386023	29311
chr18	74356712	74556712	harbor1	chr18	74389626	74389807	LTR/ERV1	696	-	90	74389716	33004
chr18	74356712	74556712	harbor1	chr18	74390411	74390688	LTR/ERV1	1533	-	138	74390549	33837
chr18	25820834	26020834	harbor1	chr18	25914344	25914892	LTR/ERV1	2043	-	274	25914618	93784
chr18	46333461	46533461	harbor1	chr18	46383262	46383542	LTR/ERV1	908	-	140	46383402	49941
chr18	46333461	46533461	harbor1	chr18	46383851	46384052	LTR/ERV1	908	-	100	46383951	50490
chr18	42910981	43110981	harbor1	chr18	42935641	42936227	LTR/ERV1	2822	-	293	42935934	24953
chr18	42910981	43110981	harbor1	chr18	42942928	42943445	LTR/ERV1	3940	-	258	42943186	32205
chr18	42910981	43110981	harbor1	chr18	42949272	42949697	LTR/ERV1	2450	-	212	42949484	38503
chr18	59165754	59365754	harbor1	chr18	59188975	59189263	LTR/ERV1	1693	-	144	59189119	23365
chr18	59165754	59365754	harbor1	chr18	59189248	59189487	LTR/ERV1	1713	-	120	59189368	23614
chr18	11589068	11789068	harbor1	chr18	11589997	11590320	LTR/ERV1	5141	-	162	11590159	1091
chr18	11589068	11789068	harbor1	chr18	11590615	11591209	LTR/ERV1	5141	-	297	11590912	1844
chr18	11589068	11789068	harbor1	chr18	11668758	11668978	LTR/ERV1	815	-	110	11668868	79800
chr18	11589068	11789068	harbor1	chr18	11668966	11669161	LTR/ERV1	1112	-	98	11669064	79996
chr18	11589068	11789068	harbor1	chr18	11671650	11672185	LTR/ERV1	2298	-	268	11671918	82850
chr18	12159159	12359159	harbor1	chr18	12228822	12229284	LTR/ERV1	4030	-	231	12229053	69894
chr18	12159159	12359159	harbor1	chr18	12235203	12235300	LTR/ERV1	536	-	48	12235251	76092
chr18	12159159	12359159	harbor1	chr18	12235474	12235875	LTR/ERV1	1419	-	200	12235674	76515
chr18	25890292	26090292	harbor1	chr18	25914344	25914892	LTR/ERV1	2043	-	274	25914618	24326
chr18	25890292	26090292	harbor1	chr18	25938336	25938963	LTR/ERV1	1406	-	314	25938650	48358
chr18	25890292	26090292	harbor1	chr18	25938964	25939063	LTR/ERV1	534	-	50	25939014	48722
chr18	25890292	26090292	harbor1	chr18	25939148	25940794	LTR/ERV1	3499	-	823	25939971	49679
chr18	25890292	26090292	harbor1	chr18	25940820	25941033	LTR/ERV1	793	-	106	25940926	50634
chr18	25890292	26090292	harbor1	chr18	25941096	25941389	LTR/ERV1	4048	-	146	25941242	50950
chr18	25890292	26090292	harbor1	chr18	25941680	25942558	LTR/ERV1	4048	-	439	25942119	51827
chr18	25890292	26090292	harbor1	chr18	25942564	25942656	LTR/ERV1	423	-	46	25942610	52318
chr18	25890292	26090292	harbor1	chr18	25943620	25944153	LTR/ERV1	1372	-	266	25943886	53594
chr18	25890292	26090292	harbor1	chr18	25954530	25955203	LTR/ERV1	4027	-	336	25954866	64574
chr18	25890292	26090292	harbor1	chr18	25958341	25958961	LTR/ERV1	3637	-	310	25958651	68359
chr18	25890292	26090292	harbor1	chr18	25973585	25974138	LTR/ERV1	4702	-	276	25973861	83569
chr18	25890292	26090292	harbor1	chr18	25968618	25969453	LTR/ERV1	1054	-	418	25969036	78744
chr18	12207967	12407967	harbor1	chr18	12228822	12229284	LTR/ERV1	4030	-	231	12229053	21086
chr18	12207967	12407967	harbor1	chr18	12235203	12235300	LTR/ERV1	536	-	48	12235251	27284
chr18	12207967	12407967	harbor1	chr18	12235474	12235875	LTR/ERV1	1419	-	200	12235674	27707
chr18	65651295	65851295	harbor1	chr18	65663390	65663823	LTR/ERV1	1548	-	216	65663606	12311
chr18	65651295	65851295	harbor1	chr18	65663834	65663915	LTR/ERV1	400	-	40	65663874	12579
chr18	74356740	74556740	harbor1	chr18	74383015	74383211	LTR/ERV1	5563	-	98	74383113	26373
chr18	74356740	74556740	harbor1	chr18	74383511	74384085	LTR/ERV1	5563	-	287	74383798	27058
chr18	74356740	74556740	harbor1	chr18	74385512	74385670	LTR/ERV1	3578	-	79	74385591	28851
chr18	74356740	74556740	harbor1	chr18	74385725	74386321	LTR/ERV1	3578	-	298	74386023	29283
chr18	74356740	74556740	harbor1	chr18	74389626	74389807	LTR/ERV1	696	-	90	74389716	32976
chr18	74356740	74556740	harbor1	chr18	74390411	74390688	LTR/ERV1	1533	-	138	74390549	33809
chr18	59165766	59365766	harbor1	chr18	59188975	59189263	LTR/ERV1	1693	-	144	59189119	23353
chr18	59165766	59365766	harbor1	chr18	59189248	59189487	LTR/ERV1	1713	-	120	59189368	23602
chr18	59165800	59365800	harbor1	chr18	59188975	59189263	LTR/ERV1	1693	-	144	59189119	23319
chr18	59165800	59365800	harbor1	chr18	59189248	59189487	LTR/ERV1	1713	-	120	59189368	23568
chr18	65651274	65851274	harbor1	chr18	65663390	65663823	LTR/ERV1	1548	-	216	65663606	12332
chr18	65651274	65851274	harbor1	chr18	65663834	65663915	LTR/ERV1	400	-	40	65663874	12600
chr18	12154584	12354584	harbor1	chr18	12228822	12229284	LTR/ERV1	4030	-	231	12229053	74469
chr18	12154584	12354584	harbor1	chr18	12235203	12235300	LTR/ERV1	536	-	48	12235251	80667
chr18	12154584	12354584	harbor1	chr18	12235474	12235875	LTR/ERV1	1419	-	200	12235674	81090
chr19	19675843	19875843	harbor1	chr19	19715365	19715846	LTR/ERV1	3241	-	240	19715605	39762
chr19	19675843	19875843	harbor1	chr19	19741515	19741644	LTR/ERV1	909	-	64	19741579	65736
chr19	19675843	19875843	harbor1	chr19	19742111	19742212	LTR/ERV1	660	-	50	19742161	66318
chr19	18336407	18536407	harbor1	chr19	18383356	18383445	LTR/ERV1	814	-	44	18383400	46993
chr19	18336407	18536407	harbor1	chr19	18384028	18384150	LTR/ERV1	814	-	61	18384089	47682
chr19	18336407	18536407	harbor1	chr19	18384634	18384975	LTR/ERV1	1742	-	170	18384804	48397
chr19	18336407	18536407	harbor1	chr19	18385409	18385441	LTR/ERV1	1742	-	16	18385425	49018
chr19	49461215	49661215	harbor1	chr19	49468179	49468288	LTR/ERV1	654	-	54	49468233	7018
chr19	9669009	9869009	harbor1	chr19	9673926	9674425	LTR/ERV1	3136	-	250	9674176	5167
chr19	9669009	9869009	harbor1	chr19	9685764	9686032	LTR/ERV1	3550	-	134	9685898	16889
chr19	9669009	9869009	harbor1	chr19	9686331	9686634	LTR/ERV1	3550	-	152	9686483	17474
chr19	9669009	9869009	harbor1	chr19	9700548	9701126	LTR/ERV1	4505	-	289	9700837	31828
chr19	9669009	9869009	harbor1	chr19	9725353	9730427	LTR/ERV1	42427	-	2537	9727890	58881
chr19	9669009	9869009	harbor1	chr19	9730429	9730899	LTR/ERV1	3322	-	235	9730664	61655
chr19	19675720	19875720	harbor1	chr19	19715365	19715846	LTR/ERV1	3241	-	240	19715605	39885
chr19	19675720	19875720	harbor1	chr19	19741515	19741644	LTR/ERV1	909	-	64	19741579	65859
chr19	19675720	19875720	harbor1	chr19	19742111	19742212	LTR/ERV1	660	-	50	19742161	66441
chr19	49751331	49951331	harbor1	chr19	49820127	49820763	LTR/ERV1	4588	-	318	49820445	69114
chr19	56021024	56221024	harbor1	chr19	56045276	56045413	LTR/ERV1	1693	-	68	56045344	24320
chr19	56021024	56221024	harbor1	chr19	56045684	56045989	LTR/ERV1	1693	-	152	56045836	24812
chr19	56021024	56221024	harbor1	chr19	56060767	56061277	LTR/ERV1	2848	-	255	56061022	39998
chr19	10618449	10818449	harbor1	chr19	10651833	10652327	LTR/ERV1	2391	-	247	10652080	33631
chr19	10618445	10818445	harbor1	chr19	10651833	10652327	LTR/ERV1	2391	-	247	10652080	33635
chr19	10618454	10818454	harbor1	chr19	10651833	10652327	LTR/ERV1	2391	-	247	10652080	33626
chr19	49751333	49951333	harbor1	chr19	49820127	49820763	LTR/ERV1	4588	-	318	49820445	69112
chr19	10073322	10273322	harbor1	chr19	10123452	10123565	LTR/ERV1	1444	-	56	10123508	50186
chr19	10073322	10273322	harbor1	chr19	10124358	10124552	LTR/ERV1	1444	-	97	10124455	51133
chr19	35101286	35301286	harbor1	chr19	35165102	35165711	LTR/ERV1	4497	-	304	35165406	64120
chr19	19676004	19876004	harbor1	chr19	19715365	19715846	LTR/ERV1	3241	-	240	19715605	39601
chr19	19676004	19876004	harbor1	chr19	19741515	19741644	LTR/ERV1	909	-	64	19741579	65575
chr19	19676004	19876004	harbor1	chr19	19742111	19742212	LTR/ERV1	660	-	50	19742161	66157
chr19	2710214	2910214	harbor1	chr19	2800914	2801413	LTR/ERV1	2469	-	250	2801164	90950
chr19	10618489	10818489	harbor1	chr19	10651833	10652327	LTR/ERV1	2391	-	247	10652080	33591
chr19	49751330	49951330	harbor1	chr19	49820127	49820763	LTR/ERV1	4588	-	318	49820445	69115
chr19	54982219	55182219	harbor1	chr19	55005284	55005933	LTR/ERV1	4214	-	324	55005608	23389
chr19	54982219	55182219	harbor1	chr19	55006829	55007237	LTR/ERV1	2779	-	204	55007033	24814
chr19	54982219	55182219	harbor1	chr19	55007238	55007614	LTR/ERV1	2212	-	188	55007426	25207
chr19	54982219	55182219	harbor1	chr19	55007615	55007830	LTR/ERV1	1293	-	108	55007723	25504
chr19	54982219	55182219	harbor1	chr19	55007832	55008500	LTR/ERV1	3096	-	334	55008166	25947
chr19	54982219	55182219	harbor1	chr19	55008491	55008994	LTR/ERV1	3458	-	252	55008743	26524
chr19	54982219	55182219	harbor1	chr19	55008985	55009134	LTR/ERV1	974	-	74	55009059	26840
chr19	54982219	55182219	harbor1	chr19	55009129	55012013	LTR/ERV1	18886	-	1442	55010571	28352
chr19	54982219	55182219	harbor1	chr19	55012016	55012423	LTR/ERV1	2723	-	204	55012220	30001
chr19	10618492	10818492	harbor1	chr19	10651833	10652327	LTR/ERV1	2391	-	247	10652080	33588
chr19	49751332	49951332	harbor1	chr19	49820127	49820763	LTR/ERV1	4588	-	318	49820445	69113
chr19	35166986	35366986	harbor1	chr19	35203078	35203500	LTR/ERV1	2388	-	211	35203289	36303
chr19	35166986	35366986	harbor1	chr19	35203508	35203759	LTR/ERV1	1395	-	126	35203634	36648
chr19	35166986	35366986	harbor1	chr19	35204673	35205219	LTR/ERV1	4376	-	273	35204946	37960
chr19	35166986	35366986	harbor1	chr19	35239214	35239443	LTR/ERV1	913	-	114	35239328	72342
chr19	35166986	35366986	harbor1	chr19	35240289	35240638	LTR/ERV1	1784	-	174	35240463	73477
chr19	2710232	2910232	harbor1	chr19	2800914	2801413	LTR/ERV1	2469	-	250	2801164	90932
chr19	19676749	19876749	harbor1	chr19	19715365	19715846	LTR/ERV1	3241	-	240	19715605	38856
chr19	19676749	19876749	harbor1	chr19	19741515	19741644	LTR/ERV1	909	-	64	19741579	64830
chr19	19676749	19876749	harbor1	chr19	19742111	19742212	LTR/ERV1	660	-	50	19742161	65412
chr19	7530548	7730548	harbor1	chr19	7578112	7578515	LTR/ERV1	2569	-	202	7578314	47766
chr19	7530548	7730548	harbor1	chr19	7578788	7578862	LTR/ERV1	2569	-	37	7578825	48277
chr19	32305852	32505852	harbor1	chr19	32308353	32308898	LTR/ERV1	4207	-	272	32308625	2773
chr19	32305852	32505852	harbor1	chr19	32397147	32397796	LTR/ERV1	4889	-	324	32397471	91619
chr19	56018924	56218924	harbor1	chr19	56045276	56045413	LTR/ERV1	1693	-	68	56045344	26420
chr19	56018924	56218924	harbor1	chr19	56045684	56045989	LTR/ERV1	1693	-	152	56045836	26912
chr19	56018924	56218924	harbor1	chr19	56060767	56061277	LTR/ERV1	2848	-	255	56061022	42098
chr19	19675652	19875652	harbor1	chr19	19715365	19715846	LTR/ERV1	3241	-	240	19715605	39953
chr19	19675652	19875652	harbor1	chr19	19741515	19741644	LTR/ERV1	909	-	64	19741579	65927
chr19	19675652	19875652	harbor1	chr19	19742111	19742212	LTR/ERV1	660	-	50	19742161	66509
chr19	49751427	49951427	harbor1	chr19	49820127	49820763	LTR/ERV1	4588	-	318	49820445	69018
chr19	13726269	13926269	harbor1	chr19	13742981	13743297	LTR/ERV1	4090	-	158	13743139	16870
chr19	13726269	13926269	harbor1	chr19	13744211	13744641	LTR/ERV1	4090	-	215	13744426	18157
chr19	13726269	13926269	harbor1	chr19	13746466	13746624	LTR/ERV1	1338	-	79	13746545	20276
chr19	13726269	13926269	harbor1	chr19	13746935	13747077	LTR/ERV1	1338	-	71	13747006	20737
chr19	10618444	10818444	harbor1	chr19	10651833	10652327	LTR/ERV1	2391	-	247	10652080	33636
chr19	49750827	49950827	harbor1	chr19	49820127	49820763	LTR/ERV1	4588	-	318	49820445	69618
chr19	19675776	19875776	harbor1	chr19	19715365	19715846	LTR/ERV1	3241	-	240	19715605	39829
chr19	19675776	19875776	harbor1	chr19	19741515	19741644	LTR/ERV1	909	-	64	19741579	65803
chr19	19675776	19875776	harbor1	chr19	19742111	19742212	LTR/ERV1	660	-	50	19742161	66385
chr19	9484484	9684484	harbor1	chr19	9540734	9541889	LTR/ERV1	7349	-	578	9541312	56828
chr19	9484484	9684484	harbor1	chr19	9551915	9552035	LTR/ERV1	2095	-	60	9551975	67491
chr19	9484484	9684484	harbor1	chr19	9552339	9552853	LTR/ERV1	2095	-	257	9552596	68112
chr19	9484484	9684484	harbor1	chr19	9554745	9554917	LTR/ERV1	1424	-	86	9554831	70347
chr19	9484484	9684484	harbor1	chr19	9555221	9555502	LTR/ERV1	1424	-	140	9555361	70877
chr19	9484484	9684484	harbor1	chr19	9556222	9556706	LTR/ERV1	1410	-	242	9556464	71980
chr19	9484484	9684484	harbor1	chr19	9557118	9557655	LTR/ERV1	1550	-	268	9557386	72902
chr19	9484484	9684484	harbor1	chr19	9574064	9574156	LTR/ERV1	4330	-	46	9574110	89626
chr19	9484484	9684484	harbor1	chr19	9574454	9574974	LTR/ERV1	4330	-	260	9574714	90230
chr19	9484484	9684484	harbor1	chr19	9581140	9581629	LTR/ERV1	3651	-	244	9581384	96900
chr19	19952525	20152525	harbor1	chr19	19957071	19957380	LTR/ERV1	1162	-	154	19957225	4700
chr19	19952525	20152525	harbor1	chr19	19978240	19978725	LTR/ERV1	2673	-	242	19978482	25957
chr19	19952525	20152525	harbor1	chr19	20031860	20032984	LTR/ERV1	5000	-	562	20032422	79897
chr19	19952525	20152525	harbor1	chr19	20033291	20033344	LTR/ERV1	904	-	26	20033317	80792
chr19	19952525	20152525	harbor1	chr19	19988368	19988813	LTR/ERV1	2405	-	222	19988590	36065
chr19	48525128	48725128	harbor1	chr19	48531899	48532098	LTR/ERV1	1711	-	100	48531999	6871
chr19	48525128	48725128	harbor1	chr19	48532399	48532610	LTR/ERV1	1711	-	106	48532505	7377
chr19	48525128	48725128	harbor1	chr19	48621568	48621973	LTR/ERV1	3003	-	202	48621770	96642
chr19	48525128	48725128	harbor1	chr19	48622287	48622385	LTR/ERV1	3003	-	49	48622336	97208
chr19	317396	517396	harbor1	chr19	369601	369994	LTR/ERV1	2629	-	196	369797	52401
chr19	9986276	10186276	harbor1	chr19	10028654	10029074	LTR/ERV1	1799	-	210	10028864	42588
chr19	9986276	10186276	harbor1	chr19	10029158	10030207	LTR/ERV1	4141	-	524	10029682	43406
chr19	9986276	10186276	harbor1	chr19	10030209	10031775	LTR/ERV1	5329	-	783	10030992	44716
chr19	9986276	10186276	harbor1	chr19	10032085	10033236	LTR/ERV1	5329	-	576	10032661	46385
chr19	9986276	10186276	harbor1	chr19	10033539	10033958	LTR/ERV1	1770	-	210	10033749	47473
chr19	12451258	12651258	harbor1	chr19	12500102	12500266	LTR/ERV1	984	-	82	12500184	48926
chr19	12451258	12651258	harbor1	chr19	12501444	12501637	LTR/ERV1	1570	-	96	12501540	50282
chr19	12451258	12651258	harbor1	chr19	12501938	12502033	LTR/ERV1	1570	-	48	12501986	50728
chr19	10618507	10818507	harbor1	chr19	10651833	10652327	LTR/ERV1	2391	-	247	10652080	33573
chr19	36005131	36205131	harbor1	chr19	36051656	36051765	LTR/ERV1	2310	-	54	36051710	46579
chr19	36005131	36205131	harbor1	chr19	36052486	36052940	LTR/ERV1	2310	-	227	36052713	47582
chr19	36005131	36205131	harbor1	chr19	36053582	36053652	LTR/ERV1	2310	-	35	36053617	48486
chr19	10525987	10725987	harbor1	chr19	10538852	10539169	LTR/ERV1	1974	-	158	10539010	13023
chr19	483635	683635	harbor1	chr19	502613	503061	LTR/ERV1	1908	-	224	502837	19202
chr19	483635	683635	harbor1	chr19	505485	506025	LTR/ERV1	4343	-	270	505755	22120
chr19	483635	683635	harbor1	chr19	506329	506438	LTR/ERV1	4343	-	54	506383	22748
chr19	483635	683635	harbor1	chr19	516168	516372	LTR/ERV1	3733	-	102	516270	32635
chr19	483635	683635	harbor1	chr19	516683	516981	LTR/ERV1	3733	-	149	516832	33197
chr19	483635	683635	harbor1	chr19	560496	560534	LTR/ERV1	2394	-	19	560515	76880
chr19	483635	683635	harbor1	chr19	561144	561360	LTR/ERV1	2394	-	108	561252	77617
chr19	483635	683635	harbor1	chr19	561669	561843	LTR/ERV1	2394	-	87	561756	78121
chr19	483635	683635	harbor1	chr19	562284	562821	LTR/ERV1	4773	-	268	562552	78917
chr19	483635	683635	harbor1	chr19	563123	563561	LTR/ERV1	4773	-	219	563342	79707
chr19	483635	683635	harbor1	chr19	563852	564005	LTR/ERV1	934	-	76	563928	80293
chr19	483635	683635	harbor1	chr19	565565	565776	LTR/ERV1	950	-	106	565671	82036
chr19	483635	683635	harbor1	chr19	566075	566138	LTR/ERV1	747	-	32	566107	82472
chr19	483635	683635	harbor1	chr19	566440	566617	LTR/ERV1	747	-	88	566528	82893
chr19	483635	683635	harbor1	chr19	566855	567281	LTR/ERV1	1845	-	213	567068	83433
chr19	483635	683635	harbor1	chr19	567308	567724	LTR/ERV1	1623	-	208	567516	83881
chr19	483635	683635	harbor1	chr19	568030	568295	LTR/ERV1	1745	-	132	568162	84527
chr19	483635	683635	harbor1	chr19	568601	568668	LTR/ERV1	1745	-	34	568635	85000
chr19	483635	683635	harbor1	chr19	569295	569346	LTR/ERV1	3983	-	26	569321	85686
chr19	483635	683635	harbor1	chr19	569636	570143	LTR/ERV1	3983	-	254	569890	86255
chr19	483635	683635	harbor1	chr19	570459	570617	LTR/ERV1	3983	-	79	570538	86903
chr19	483635	683635	harbor1	chr19	571377	571615	LTR/ERV1	1132	-	119	571496	87861
chr19	483635	683635	harbor1	chr19	571641	571898	LTR/ERV1	896	-	128	571769	88134
chr19	9728412	9928412	harbor1	chr19	9725353	9730427	LTR/ERV1	42427	-	2537	9727890	522
chr19	9728412	9928412	harbor1	chr19	9730429	9730899	LTR/ERV1	3322	-	235	9730664	2252
chr19	9728412	9928412	harbor1	chr19	9796012	9796436	LTR/ERV1	1690	-	212	9796224	67812
chr19	9728412	9928412	harbor1	chr19	9803434	9804104	LTR/ERV1	3246	-	335	9803769	75357
chr19	9728412	9928412	harbor1	chr19	9804305	9804560	LTR/ERV1	1885	-	128	9804433	76021
chr19	9728412	9928412	harbor1	chr19	9824002	9824141	LTR/ERV1	798	-	70	9824072	95660
chr19	9728412	9928412	harbor1	chr19	9824457	9824540	LTR/ERV1	798	-	42	9824499	96087
chr19	19675868	19875868	harbor1	chr19	19715365	19715846	LTR/ERV1	3241	-	240	19715605	39737
chr19	19675868	19875868	harbor1	chr19	19741515	19741644	LTR/ERV1	909	-	64	19741579	65711
chr19	19675868	19875868	harbor1	chr19	19742111	19742212	LTR/ERV1	660	-	50	19742161	66293
chr19	45397358	45597358	harbor1	chr19	45407247	45407440	LTR/ERV1	911	-	96	45407343	9985
chr19	190676	390676	harbor1	chr19	247537	248293	LTR/ERV1	1620	-	378	247915	57239
chr19	10887632	11087632	harbor1	chr19	10937062	10937094	LTR/ERV1	1029	-	16	10937078	49446
chr19	10887632	11087632	harbor1	chr19	10937409	10937579	LTR/ERV1	1037	-	85	10937494	49862
chr19	10887632	11087632	harbor1	chr19	10941148	10941443	LTR/ERV1	721	-	148	10941296	53664
chr19	19675817	19875817	harbor1	chr19	19715365	19715846	LTR/ERV1	3241	-	240	19715605	39788
chr19	19675817	19875817	harbor1	chr19	19741515	19741644	LTR/ERV1	909	-	64	19741579	65762
chr19	19675817	19875817	harbor1	chr19	19742111	19742212	LTR/ERV1	660	-	50	19742161	66344
chr19	31989361	32189361	harbor1	chr19	32086622	32087149	LTR/ERV1	873	-	264	32086886	97525
chr19	49751463	49951463	harbor1	chr19	49820127	49820763	LTR/ERV1	4588	-	318	49820445	68982
chr19	58377455	58577455	harbor1	chr19	58421006	58421232	LTR/ERV1	891	-	113	58421119	43664
chr19	58377455	58577455	harbor1	chr19	58442072	58442158	LTR/ERV1	5820	-	43	58442115	64660
chr19	58377455	58577455	harbor1	chr19	58442474	58443398	LTR/ERV1	5820	-	462	58442936	65481
chr19	16789062	16989062	harbor1	chr19	16795137	16795415	LTR/ERV1	2770	-	139	16795276	6214
chr19	16789062	16989062	harbor1	chr19	16795717	16796162	LTR/ERV1	2770	-	222	16795939	6877
chr19	16789062	16989062	harbor1	chr19	16796427	16796610	LTR/ERV1	2770	-	92	16796519	7457
chr19	2131495	2331495	harbor1	chr19	2158753	2158983	LTR/ERV1	1373	-	115	2158868	27373
chr19	2131495	2331495	harbor1	chr19	2170166	2170403	LTR/ERV1	757	-	118	2170284	38789
chr19	2131495	2331495	harbor1	chr19	2171761	2172177	LTR/ERV1	739	-	208	2171969	40474
chr19	2131495	2331495	harbor1	chr19	2211974	2212206	LTR/ERV1	4182	-	116	2212090	80595
chr19	2131495	2331495	harbor1	chr19	2212460	2212811	LTR/ERV1	4182	-	176	2212636	81141
chr19	10617604	10817604	harbor1	chr19	10651833	10652327	LTR/ERV1	2391	-	247	10652080	34476
chr19	19674767	19874767	harbor1	chr19	19715365	19715846	LTR/ERV1	3241	-	240	19715605	40838
chr19	19674767	19874767	harbor1	chr19	19741515	19741644	LTR/ERV1	909	-	64	19741579	66812
chr19	19674767	19874767	harbor1	chr19	19742111	19742212	LTR/ERV1	660	-	50	19742161	67394
chr19	41650423	41850423	harbor1	chr19	41649806	41650531	LTR/ERV1	2735	-	362	41650168	255
chr19	41650423	41850423	harbor1	chr19	41650534	41650837	LTR/ERV1	775	-	152	41650686	263
chr19	41650423	41850423	harbor1	chr19	41651401	41651626	LTR/ERV1	1378	-	112	41651513	1090
chr19	41650423	41850423	harbor1	chr19	41651613	41651900	LTR/ERV1	1373	-	144	41651757	1334
chr19	41650423	41850423	harbor1	chr19	41651919	41652478	LTR/ERV1	2007	-	280	41652199	1776
chr19	41650423	41850423	harbor1	chr19	41666246	41666630	LTR/ERV1	2957	-	192	41666438	16015
chr19	41650423	41850423	harbor1	chr19	41666887	41667277	LTR/ERV1	2957	-	195	41667082	16659
chr19	41650423	41850423	harbor1	chr19	41673271	41673561	LTR/ERV1	815	-	145	41673416	22993
chr19	41650423	41850423	harbor1	chr19	41673575	41674158	LTR/ERV1	2606	-	292	41673867	23444
chr19	41650423	41850423	harbor1	chr19	41674248	41675954	LTR/ERV1	6096	-	853	41675101	24678
chr19	41650423	41850423	harbor1	chr19	41734939	41735500	LTR/ERV1	943	-	280	41735219	84796
chr19	41650423	41850423	harbor1	chr19	41735886	41736165	LTR/ERV1	977	-	140	41736026	85603
chr19	41650423	41850423	harbor1	chr19	41736163	41736680	LTR/ERV1	3294	-	258	41736421	85998
chr19	41650423	41850423	harbor1	chr19	41736669	41736815	LTR/ERV1	856	-	73	41736742	86319
chr19	41650423	41850423	harbor1	chr19	41737317	41737971	LTR/ERV1	1553	-	327	41737644	87221
chr19	41650423	41850423	harbor1	chr19	41737973	41738140	LTR/ERV1	909	-	84	41738057	87634
chr19	41650423	41850423	harbor1	chr19	41738132	41738145	LTR/ERV1	2073	-	6	41738138	87715
chr19	41650423	41850423	harbor1	chr19	41738444	41738978	LTR/ERV1	2073	-	267	41738711	88288
chr19	41650423	41850423	harbor1	chr19	41738970	41739529	LTR/ERV1	2867	-	280	41739250	88827
chr19	41650423	41850423	harbor1	chr19	41739531	41739898	LTR/ERV1	2215	-	184	41739715	89292
chr19	41650423	41850423	harbor1	chr19	41740525	41740735	LTR/ERV1	900	-	105	41740630	90207
chr19	41650423	41850423	harbor1	chr19	41740715	41741084	LTR/ERV1	671	-	184	41740899	90476
chr19	41650423	41850423	harbor1	chr19	41742003	41742066	LTR/ERV1	1090	-	32	41742035	91612
chr19	41650423	41850423	harbor1	chr19	41742370	41742968	LTR/ERV1	1090	-	299	41742669	92246
chr19	30129079	30329079	harbor1	chr19	30177280	30177787	LTR/ERV1	3611	-	254	30177534	48455
chr19	48639075	48839075	harbor1	chr19	48685404	48685608	LTR/ERV1	1161	-	102	48685506	46431
chr19	48639075	48839075	harbor1	chr19	48687743	48688221	LTR/ERV1	1344	-	239	48687982	48907
chr19	48639075	48839075	harbor1	chr19	48688522	48688717	LTR/ERV1	1344	-	98	48688620	49545
chr19	48639075	48839075	harbor1	chr19	48688849	48688894	LTR/ERV1	1344	-	22	48688871	49796
chr19	49750826	49950826	harbor1	chr19	49820127	49820763	LTR/ERV1	4588	-	318	49820445	69619
chr19	32305891	32505891	harbor1	chr19	32308353	32308898	LTR/ERV1	4207	-	272	32308625	2734
chr19	32305891	32505891	harbor1	chr19	32397147	32397796	LTR/ERV1	4889	-	324	32397471	91580
chr19	2170342	2370342	harbor1	chr19	2170166	2170403	LTR/ERV1	757	-	118	2170284	58
chr19	2170342	2370342	harbor1	chr19	2171761	2172177	LTR/ERV1	739	-	208	2171969	1627
chr19	2170342	2370342	harbor1	chr19	2211974	2212206	LTR/ERV1	4182	-	116	2212090	41748
chr19	2170342	2370342	harbor1	chr19	2212460	2212811	LTR/ERV1	4182	-	176	2212636	42294
chr19	10618468	10818468	harbor1	chr19	10651833	10652327	LTR/ERV1	2391	-	247	10652080	33612
chr19	19633073	19833073	harbor1	chr19	19668165	19668579	LTR/ERV1	1919	-	207	19668372	35299
chr19	19633073	19833073	harbor1	chr19	19715365	19715846	LTR/ERV1	3241	-	240	19715605	82532
chr19	32305909	32505909	harbor1	chr19	32308353	32308898	LTR/ERV1	4207	-	272	32308625	2716
chr19	32305909	32505909	harbor1	chr19	32397147	32397796	LTR/ERV1	4889	-	324	32397471	91562
chr19	19676769	19876769	harbor1	chr19	19715365	19715846	LTR/ERV1	3241	-	240	19715605	38836
chr19	19676769	19876769	harbor1	chr19	19741515	19741644	LTR/ERV1	909	-	64	19741579	64810
chr19	19676769	19876769	harbor1	chr19	19742111	19742212	LTR/ERV1	660	-	50	19742161	65392
chr19	317267	517267	harbor1	chr19	369601	369994	LTR/ERV1	2629	-	196	369797	52530
chr19	35167341	35367341	harbor1	chr19	35203078	35203500	LTR/ERV1	2388	-	211	35203289	35948
chr19	35167341	35367341	harbor1	chr19	35203508	35203759	LTR/ERV1	1395	-	126	35203634	36293
chr19	35167341	35367341	harbor1	chr19	35204673	35205219	LTR/ERV1	4376	-	273	35204946	37605
chr19	35167341	35367341	harbor1	chr19	35239214	35239443	LTR/ERV1	913	-	114	35239328	71987
chr19	35167341	35367341	harbor1	chr19	35240289	35240638	LTR/ERV1	1784	-	174	35240463	73122
chr19	1	171208	harbor1	chr19	88027	88104	LTR/ERV1	659	-	38	88065	88064
chr19	4691699	4891699	harbor1	chr19	4753430	4753528	LTR/ERV1	2354	-	49	4753479	61780
chr19	4691699	4891699	harbor1	chr19	4754115	4754499	LTR/ERV1	2354	-	192	4754307	62608
chr19	6652741	6852741	harbor1	chr19	6656135	6656642	LTR/ERV1	3243	-	254	6656389	3648
chr19	6652741	6852741	harbor1	chr19	6656643	6657126	LTR/ERV1	11891	-	242	6656885	4144
chr19	6652741	6852741	harbor1	chr19	6657425	6657891	LTR/ERV1	11891	-	233	6657658	4917
chr19	6652741	6852741	harbor1	chr19	6658200	6659341	LTR/ERV1	11891	-	570	6658770	6029
chr19	6652741	6852741	harbor1	chr19	6659639	6659801	LTR/ERV1	819	-	81	6659720	6979
chr19	6652741	6852741	harbor1	chr19	6660236	6661193	LTR/ERV1	4492	-	478	6660714	7973
chr19	6652741	6852741	harbor1	chr19	6661215	6661723	LTR/ERV1	3257	-	254	6661469	8728
chr19	1813169	2013169	harbor1	chr19	1900303	1900410	LTR/ERV1	1885	-	54	1900357	87188
chr19	1813169	2013169	harbor1	chr19	1900718	1900946	LTR/ERV1	1885	-	114	1900832	87663
chr19	32305831	32505831	harbor1	chr19	32308353	32308898	LTR/ERV1	4207	-	272	32308625	2794
chr19	32305831	32505831	harbor1	chr19	32397147	32397796	LTR/ERV1	4889	-	324	32397471	91640
chr19	19675630	19875630	harbor1	chr19	19715365	19715846	LTR/ERV1	3241	-	240	19715605	39975
chr19	19675630	19875630	harbor1	chr19	19741515	19741644	LTR/ERV1	909	-	64	19741579	65949
chr19	19675630	19875630	harbor1	chr19	19742111	19742212	LTR/ERV1	660	-	50	19742161	66531
chr19	1	160441	harbor1	chr19	88027	88104	LTR/ERV1	659	-	38	88065	88064
chr19	208646	408646	harbor1	chr19	247537	248293	LTR/ERV1	1620	-	378	247915	39269
chr19	23321895	23521895	harbor1	chr19	23336164	23336757	LTR/ERV1	2668	-	296	23336460	14565
chr19	23321895	23521895	harbor1	chr19	23379202	23379797	LTR/ERV1	3435	-	298	23379500	57605
chr19	23321895	23521895	harbor1	chr19	23395711	23395866	LTR/ERV1	646	-	78	23395789	73894
chr19	23321895	23521895	harbor1	chr19	23396670	23396826	LTR/ERV1	942	-	78	23396748	74853
chr19	23321895	23521895	harbor1	chr19	23397127	23397282	LTR/ERV1	942	-	78	23397205	75310
chr19	23321895	23521895	harbor1	chr19	23399273	23399580	LTR/ERV1	2001	-	154	23399427	77532
chr19	23321895	23521895	harbor1	chr19	23396308	23396380	LTR/ERV1	942	-	36	23396344	74449
chr19	10618496	10818496	harbor1	chr19	10651833	10652327	LTR/ERV1	2391	-	247	10652080	33584
chr19	19632509	19832509	harbor1	chr19	19668165	19668579	LTR/ERV1	1919	-	207	19668372	35863
chr19	19632509	19832509	harbor1	chr19	19715365	19715846	LTR/ERV1	3241	-	240	19715605	83096
chr19	10612630	10812630	harbor1	chr19	10651833	10652327	LTR/ERV1	2391	-	247	10652080	39450
chr19	409019	609019	harbor1	chr19	502613	503061	LTR/ERV1	1908	-	224	502837	93818
chr19	409019	609019	harbor1	chr19	505485	506025	LTR/ERV1	4343	-	270	505755	96736
chr19	409019	609019	harbor1	chr19	506329	506438	LTR/ERV1	4343	-	54	506383	97364
chr19	54981488	55181488	harbor1	chr19	55005284	55005933	LTR/ERV1	4214	-	324	55005608	24120
chr19	54981488	55181488	harbor1	chr19	55006829	55007237	LTR/ERV1	2779	-	204	55007033	25545
chr19	54981488	55181488	harbor1	chr19	55007238	55007614	LTR/ERV1	2212	-	188	55007426	25938
chr19	54981488	55181488	harbor1	chr19	55007615	55007830	LTR/ERV1	1293	-	108	55007723	26235
chr19	54981488	55181488	harbor1	chr19	55007832	55008500	LTR/ERV1	3096	-	334	55008166	26678
chr19	54981488	55181488	harbor1	chr19	55008491	55008994	LTR/ERV1	3458	-	252	55008743	27255
chr19	54981488	55181488	harbor1	chr19	55008985	55009134	LTR/ERV1	974	-	74	55009059	27571
chr19	54981488	55181488	harbor1	chr19	55009129	55012013	LTR/ERV1	18886	-	1442	55010571	29083
chr19	54981488	55181488	harbor1	chr19	55012016	55012423	LTR/ERV1	2723	-	204	55012220	30732
chr19	9719420	9919420	harbor1	chr19	9725353	9730427	LTR/ERV1	42427	-	2537	9727890	8470
chr19	9719420	9919420	harbor1	chr19	9730429	9730899	LTR/ERV1	3322	-	235	9730664	11244
chr19	9719420	9919420	harbor1	chr19	9796012	9796436	LTR/ERV1	1690	-	212	9796224	76804
chr19	9719420	9919420	harbor1	chr19	9803434	9804104	LTR/ERV1	3246	-	335	9803769	84349
chr19	9719420	9919420	harbor1	chr19	9804305	9804560	LTR/ERV1	1885	-	128	9804433	85013
chr19	6129382	6329382	harbor1	chr19	6142350	6142470	LTR/ERV1	1249	-	60	6142410	13028
chr19	6129382	6329382	harbor1	chr19	6142769	6142938	LTR/ERV1	1249	-	84	6142853	13471
chr19	6129382	6329382	harbor1	chr19	6188265	6188358	LTR/ERV1	3250	-	46	6188311	58929
chr19	6129382	6329382	harbor1	chr19	6188658	6189177	LTR/ERV1	3250	-	260	6188918	59536
chr19	7803672	8003672	harbor1	chr19	7809844	7809892	LTR/ERV1	987	-	24	7809868	6196
chr19	7803672	8003672	harbor1	chr19	7810230	7810290	LTR/ERV1	987	-	30	7810260	6588
chr19	7803672	8003672	harbor1	chr19	7810291	7810450	LTR/ERV1	2728	-	80	7810371	6699
chr19	7803672	8003672	harbor1	chr19	7810743	7811071	LTR/ERV1	2728	-	164	7810907	7235
chr19	7803672	8003672	harbor1	chr19	7811072	7811226	LTR/ERV1	987	-	77	7811149	7477
chr19	7803672	8003672	harbor1	chr19	7811478	7811547	LTR/ERV1	987	-	34	7811512	7840
chr19	7803672	8003672	harbor1	chr19	7812144	7812401	LTR/ERV1	1065	-	128	7812272	8600
chr19	7803672	8003672	harbor1	chr19	7815456	7815854	LTR/ERV1	2167	-	199	7815655	11983
chr19	19952303	20152303	harbor1	chr19	19957071	19957380	LTR/ERV1	1162	-	154	19957225	4922
chr19	19952303	20152303	harbor1	chr19	19978240	19978725	LTR/ERV1	2673	-	242	19978482	26179
chr19	19952303	20152303	harbor1	chr19	20031860	20032984	LTR/ERV1	5000	-	562	20032422	80119
chr19	19952303	20152303	harbor1	chr19	20033291	20033344	LTR/ERV1	904	-	26	20033317	81014
chr19	19952303	20152303	harbor1	chr19	19988368	19988813	LTR/ERV1	2405	-	222	19988590	36287
chr19	10730261	10930261	harbor1	chr19	10751811	10752309	LTR/ERV1	3608	-	249	10752060	21799
chr19	10618530	10818530	harbor1	chr19	10651833	10652327	LTR/ERV1	2391	-	247	10652080	33550
chr19	7762917	7962917	harbor1	chr19	7764060	7764450	LTR/ERV1	3437	-	195	7764255	1338
chr19	7762917	7962917	harbor1	chr19	7764791	7764912	LTR/ERV1	3437	-	60	7764851	1934
chr19	7762917	7962917	harbor1	chr19	7772904	7773169	LTR/ERV1	3360	-	132	7773036	10119
chr19	7762917	7962917	harbor1	chr19	7773465	7773641	LTR/ERV1	3360	-	88	7773553	10636
chr19	7762917	7962917	harbor1	chr19	7773941	7774177	LTR/ERV1	3360	-	118	7774059	11142
chr19	7762917	7962917	harbor1	chr19	7809844	7809892	LTR/ERV1	987	-	24	7809868	46951
chr19	7762917	7962917	harbor1	chr19	7810230	7810290	LTR/ERV1	987	-	30	7810260	47343
chr19	7762917	7962917	harbor1	chr19	7810291	7810450	LTR/ERV1	2728	-	80	7810371	47454
chr19	7762917	7962917	harbor1	chr19	7810743	7811071	LTR/ERV1	2728	-	164	7810907	47990
chr19	7762917	7962917	harbor1	chr19	7811072	7811226	LTR/ERV1	987	-	77	7811149	48232
chr19	7762917	7962917	harbor1	chr19	7811478	7811547	LTR/ERV1	987	-	34	7811512	48595
chr19	7762917	7962917	harbor1	chr19	7812144	7812401	LTR/ERV1	1065	-	128	7812272	49355
chr19	7762917	7962917	harbor1	chr19	7815456	7815854	LTR/ERV1	2167	-	199	7815655	52738
chr19	49751494	49951494	harbor1	chr19	49820127	49820763	LTR/ERV1	4588	-	318	49820445	68951
chr19	49751467	49951467	harbor1	chr19	49820127	49820763	LTR/ERV1	4588	-	318	49820445	68978
chr19	15660032	15860032	harbor1	chr19	15726861	15727488	LTR/ERV1	4947	-	314	15727175	67143
chr19	317228	517228	harbor1	chr19	369601	369994	LTR/ERV1	2629	-	196	369797	52569
chr19	15010518	15210518	harbor1	chr19	15047974	15048465	LTR/ERV1	1854	-	246	15048220	37702
chr19	15010518	15210518	harbor1	chr19	15070289	15070754	LTR/ERV1	3740	-	232	15070521	60003
chr19	15010518	15210518	harbor1	chr19	15072816	15072979	LTR/ERV1	3255	-	82	15072898	62380
chr19	15010518	15210518	harbor1	chr19	15073450	15073798	LTR/ERV1	3255	-	174	15073624	63106
chr19	15010518	15210518	harbor1	chr19	15105303	15105504	LTR/ERV1	2809	-	100	15105403	94885
chr19	15010518	15210518	harbor1	chr19	15106687	15106819	LTR/ERV1	2809	-	66	15106753	96235
chr19	15010518	15210518	harbor1	chr19	15106015	15106365	LTR/ERV1	2809	-	175	15106190	95672
chr19	1855242	2055242	harbor1	chr19	1900303	1900410	LTR/ERV1	1885	-	54	1900357	45115
chr19	1855242	2055242	harbor1	chr19	1900718	1900946	LTR/ERV1	1885	-	114	1900832	45590
chr19	49751344	49951344	harbor1	chr19	49820127	49820763	LTR/ERV1	4588	-	318	49820445	69101
chr19	19676555	19876555	harbor1	chr19	19715365	19715846	LTR/ERV1	3241	-	240	19715605	39050
chr19	19676555	19876555	harbor1	chr19	19741515	19741644	LTR/ERV1	909	-	64	19741579	65024
chr19	19676555	19876555	harbor1	chr19	19742111	19742212	LTR/ERV1	660	-	50	19742161	65606
chr19	50329057	50529057	harbor1	chr19	50346977	50347478	LTR/ERV1	2984	-	250	50347227	18170
chr19	50329057	50529057	harbor1	chr19	50372615	50372845	LTR/ERV1	1271	-	115	50372730	43673
chr19	50329057	50529057	harbor1	chr19	50372994	50373358	LTR/ERV1	2450	-	182	50373176	44119
chr19	50329057	50529057	harbor1	chr19	50347480	50350190	LTR/ERV1	17924	-	1355	50348835	19778
chr19	19676645	19876645	harbor1	chr19	19715365	19715846	LTR/ERV1	3241	-	240	19715605	38960
chr19	19676645	19876645	harbor1	chr19	19741515	19741644	LTR/ERV1	909	-	64	19741579	64934
chr19	19676645	19876645	harbor1	chr19	19742111	19742212	LTR/ERV1	660	-	50	19742161	65516
chr19	45369339	45569339	harbor1	chr19	45407247	45407440	LTR/ERV1	911	-	96	45407343	38004
chr19	48342797	48542797	harbor1	chr19	48436047	48436717	LTR/ERV1	2831	-	335	48436382	93585
chr19	16442283	16642283	harbor1	chr19	16475533	16475698	LTR/ERV1	3513	-	82	16475615	33332
chr19	16442283	16642283	harbor1	chr19	16475991	16476077	LTR/ERV1	3513	-	43	16476034	33751
chr19	16442283	16642283	harbor1	chr19	16476378	16476672	LTR/ERV1	3513	-	147	16476525	34242
chr19	16442283	16642283	harbor1	chr19	16494777	16494936	LTR/ERV1	805	-	80	16494857	52574
chr19	51194759	51394759	harbor1	chr19	51194626	51195169	LTR/ERV1	3258	-	272	51194898	139
chr19	51194759	51394759	harbor1	chr19	51196163	51196558	LTR/ERV1	2227	-	198	51196361	1602
chr19	51194759	51394759	harbor1	chr19	51207923	51208198	LTR/ERV1	1604	-	138	51208061	13302
chr19	51194759	51394759	harbor1	chr19	51208852	51209061	LTR/ERV1	1604	-	104	51208956	14197
chr19	51194759	51394759	harbor1	chr19	51224009	51224568	LTR/ERV1	4183	-	280	51224289	29530
chr19	51194759	51394759	harbor1	chr19	51245757	51246079	LTR/ERV1	1137	-	161	51245918	51159
chr19	51194759	51394759	harbor1	chr19	51248609	51248986	LTR/ERV1	1438	-	188	51248797	54038
chr19	51194759	51394759	harbor1	chr19	51249714	51250081	LTR/ERV1	4239	-	184	51249898	55139
chr19	51194759	51394759	harbor1	chr19	51250384	51250574	LTR/ERV1	4239	-	95	51250479	55720
chr19	51194759	51394759	harbor1	chr19	51291800	51292116	LTR/ERV1	2408	-	158	51291958	97199
chr19	54031600	54231600	harbor1	chr19	54034928	54035708	LTR/ERV1	5913	-	390	54035318	3718
chr19	54031600	54231600	harbor1	chr19	54069422	54070026	LTR/ERV1	3780	-	302	54069724	38124
chr19	54031600	54231600	harbor1	chr19	54094553	54094929	LTR/ERV1	2296	-	188	54094741	63141
chr19	54031600	54231600	harbor1	chr19	54117195	54117564	LTR/ERV1	1781	-	184	54117379	85779
chr19	54031600	54231600	harbor1	chr19	54117873	54118041	LTR/ERV1	1781	-	84	54117957	86357
chr19	19675815	19875815	harbor1	chr19	19715365	19715846	LTR/ERV1	3241	-	240	19715605	39790
chr19	19675815	19875815	harbor1	chr19	19741515	19741644	LTR/ERV1	909	-	64	19741579	65764
chr19	19675815	19875815	harbor1	chr19	19742111	19742212	LTR/ERV1	660	-	50	19742161	66346
chr19	48525162	48725162	harbor1	chr19	48531899	48532098	LTR/ERV1	1711	-	100	48531999	6837
chr19	48525162	48725162	harbor1	chr19	48532399	48532610	LTR/ERV1	1711	-	106	48532505	7343
chr19	48525162	48725162	harbor1	chr19	48621568	48621973	LTR/ERV1	3003	-	202	48621770	96608
chr19	48525162	48725162	harbor1	chr19	48622287	48622385	LTR/ERV1	3003	-	49	48622336	97174
chr19	49750828	49950828	harbor1	chr19	49820127	49820763	LTR/ERV1	4588	-	318	49820445	69617
chr19	19675563	19875563	harbor1	chr19	19715365	19715846	LTR/ERV1	3241	-	240	19715605	40042
chr19	19675563	19875563	harbor1	chr19	19741515	19741644	LTR/ERV1	909	-	64	19741579	66016
chr19	19675563	19875563	harbor1	chr19	19742111	19742212	LTR/ERV1	660	-	50	19742161	66598
chr19	208555	408555	harbor1	chr19	247537	248293	LTR/ERV1	1620	-	378	247915	39360
chr19	34913533	35113533	harbor1	chr19	34917260	34917850	LTR/ERV1	5056	-	295	34917555	4022
chr19	34913533	35113533	harbor1	chr19	34925006	34925808	LTR/ERV1	5168	-	401	34925407	11874
chr19	34913533	35113533	harbor1	chr19	34940330	34940386	LTR/ERV1	1515	-	28	34940358	26825
chr19	34913533	35113533	harbor1	chr19	34940693	34941263	LTR/ERV1	1515	-	285	34940978	27445
chr19	34913533	35113533	harbor1	chr19	34941561	34941792	LTR/ERV1	1515	-	116	34941677	28144
chr19	34913533	35113533	harbor1	chr19	34962231	34962742	LTR/ERV1	2254	-	256	34962487	48954
chr19	34913533	35113533	harbor1	chr19	34979867	34980356	LTR/ERV1	2319	-	244	34980111	66578
chr19	44861009	45061009	harbor1	chr19	44883082	44883224	LTR/ERV1	682	-	71	44883153	22144
chr19	44861009	45061009	harbor1	chr19	44949975	44950324	LTR/ERV1	2234	-	174	44950149	89140
chr19	7804608	8004608	harbor1	chr19	7809844	7809892	LTR/ERV1	987	-	24	7809868	5260
chr19	7804608	8004608	harbor1	chr19	7810230	7810290	LTR/ERV1	987	-	30	7810260	5652
chr19	7804608	8004608	harbor1	chr19	7810291	7810450	LTR/ERV1	2728	-	80	7810371	5763
chr19	7804608	8004608	harbor1	chr19	7810743	7811071	LTR/ERV1	2728	-	164	7810907	6299
chr19	7804608	8004608	harbor1	chr19	7811072	7811226	LTR/ERV1	987	-	77	7811149	6541
chr19	7804608	8004608	harbor1	chr19	7811478	7811547	LTR/ERV1	987	-	34	7811512	6904
chr19	7804608	8004608	harbor1	chr19	7812144	7812401	LTR/ERV1	1065	-	128	7812272	7664
chr19	7804608	8004608	harbor1	chr19	7815456	7815854	LTR/ERV1	2167	-	199	7815655	11047
chr19	18336442	18536442	harbor1	chr19	18383356	18383445	LTR/ERV1	814	-	44	18383400	46958
chr19	18336442	18536442	harbor1	chr19	18384028	18384150	LTR/ERV1	814	-	61	18384089	47647
chr19	18336442	18536442	harbor1	chr19	18384634	18384975	LTR/ERV1	1742	-	170	18384804	48362
chr19	18336442	18536442	harbor1	chr19	18385409	18385441	LTR/ERV1	1742	-	16	18385425	48983
chr19	58377396	58577396	harbor1	chr19	58421006	58421232	LTR/ERV1	891	-	113	58421119	43723
chr19	58377396	58577396	harbor1	chr19	58442072	58442158	LTR/ERV1	5820	-	43	58442115	64719
chr19	58377396	58577396	harbor1	chr19	58442474	58443398	LTR/ERV1	5820	-	462	58442936	65540
chr19	19674601	19874601	harbor1	chr19	19715365	19715846	LTR/ERV1	3241	-	240	19715605	41004
chr19	19674601	19874601	harbor1	chr19	19741515	19741644	LTR/ERV1	909	-	64	19741579	66978
chr19	19674601	19874601	harbor1	chr19	19742111	19742212	LTR/ERV1	660	-	50	19742161	67560
chr19	58377122	58577122	harbor1	chr19	58421006	58421232	LTR/ERV1	891	-	113	58421119	43997
chr19	58377122	58577122	harbor1	chr19	58442072	58442158	LTR/ERV1	5820	-	43	58442115	64993
chr19	58377122	58577122	harbor1	chr19	58442474	58443398	LTR/ERV1	5820	-	462	58442936	65814
chr19	19676479	19876479	harbor1	chr19	19715365	19715846	LTR/ERV1	3241	-	240	19715605	39126
chr19	19676479	19876479	harbor1	chr19	19741515	19741644	LTR/ERV1	909	-	64	19741579	65100
chr19	19676479	19876479	harbor1	chr19	19742111	19742212	LTR/ERV1	660	-	50	19742161	65682
chr19	10735605	10935605	harbor1	chr19	10751811	10752309	LTR/ERV1	3608	-	249	10752060	16455
chr19	44791136	44991136	harbor1	chr19	44857094	44857235	LTR/ERV1	1501	-	70	44857164	66028
chr19	44791136	44991136	harbor1	chr19	44857846	44858163	LTR/ERV1	1501	-	158	44858004	66868
chr19	44791136	44991136	harbor1	chr19	44883082	44883224	LTR/ERV1	682	-	71	44883153	92017
chr19	2170341	2370341	harbor1	chr19	2170166	2170403	LTR/ERV1	757	-	118	2170284	57
chr19	2170341	2370341	harbor1	chr19	2171761	2172177	LTR/ERV1	739	-	208	2171969	1628
chr19	2170341	2370341	harbor1	chr19	2211974	2212206	LTR/ERV1	4182	-	116	2212090	41749
chr19	2170341	2370341	harbor1	chr19	2212460	2212811	LTR/ERV1	4182	-	176	2212636	42295
chr19	18319318	18519318	harbor1	chr19	18383356	18383445	LTR/ERV1	814	-	44	18383400	64082
chr19	18319318	18519318	harbor1	chr19	18384028	18384150	LTR/ERV1	814	-	61	18384089	64771
chr19	18319318	18519318	harbor1	chr19	18384634	18384975	LTR/ERV1	1742	-	170	18384804	65486
chr19	18319318	18519318	harbor1	chr19	18385409	18385441	LTR/ERV1	1742	-	16	18385425	66107
chr19	56021112	56221112	harbor1	chr19	56045276	56045413	LTR/ERV1	1693	-	68	56045344	24232
chr19	56021112	56221112	harbor1	chr19	56045684	56045989	LTR/ERV1	1693	-	152	56045836	24724
chr19	56021112	56221112	harbor1	chr19	56060767	56061277	LTR/ERV1	2848	-	255	56061022	39910
chr19	1	171197	harbor1	chr19	88027	88104	LTR/ERV1	659	-	38	88065	88064
chr19	49767567	49967567	harbor1	chr19	49820127	49820763	LTR/ERV1	4588	-	318	49820445	52878
chr19	49751409	49951409	harbor1	chr19	49820127	49820763	LTR/ERV1	4588	-	318	49820445	69036
chr19	17666919	17866919	harbor1	chr19	17743458	17743622	LTR/ERV1	1810	-	82	17743540	76621
chr19	17666919	17866919	harbor1	chr19	17743974	17744223	LTR/ERV1	1810	-	124	17744098	77179
chr19	19579986	19779986	harbor1	chr19	19668165	19668579	LTR/ERV1	1919	-	207	19668372	88386
chr19	19676008	19876008	harbor1	chr19	19715365	19715846	LTR/ERV1	3241	-	240	19715605	39597
chr19	19676008	19876008	harbor1	chr19	19741515	19741644	LTR/ERV1	909	-	64	19741579	65571
chr19	19676008	19876008	harbor1	chr19	19742111	19742212	LTR/ERV1	660	-	50	19742161	66153
chr19	48525086	48725086	harbor1	chr19	48531899	48532098	LTR/ERV1	1711	-	100	48531999	6913
chr19	48525086	48725086	harbor1	chr19	48532399	48532610	LTR/ERV1	1711	-	106	48532505	7419
chr19	48525086	48725086	harbor1	chr19	48621568	48621973	LTR/ERV1	3003	-	202	48621770	96684
chr19	48525086	48725086	harbor1	chr19	48622287	48622385	LTR/ERV1	3003	-	49	48622336	97250
chr20	63353319	63553319	harbor1	chr20	63392508	63392656	LTR/ERV1	725	-	74	63392582	39263
chr20	63353319	63553319	harbor1	chr20	63392751	63393076	LTR/ERV1	1946	-	162	63392913	39594
chr20	34725542	34925542	harbor1	chr20	34787645	34787866	LTR/ERV1	1023	-	110	34787755	62213
chr20	34725542	34925542	harbor1	chr20	34788364	34788628	LTR/ERV1	1613	-	132	34788496	62954
chr20	34725654	34925654	harbor1	chr20	34787645	34787866	LTR/ERV1	1023	-	110	34787755	62101
chr20	34725654	34925654	harbor1	chr20	34788364	34788628	LTR/ERV1	1613	-	132	34788496	62842
chr20	34725628	34925628	harbor1	chr20	34787645	34787866	LTR/ERV1	1023	-	110	34787755	62127
chr20	34725628	34925628	harbor1	chr20	34788364	34788628	LTR/ERV1	1613	-	132	34788496	62868
chr20	34725550	34925550	harbor1	chr20	34787645	34787866	LTR/ERV1	1023	-	110	34787755	62205
chr20	34725550	34925550	harbor1	chr20	34788364	34788628	LTR/ERV1	1613	-	132	34788496	62946
chr20	2740647	2940647	harbor1	chr20	2743431	2743556	LTR/ERV1	569	-	62	2743493	2846
chr20	2740647	2940647	harbor1	chr20	2757641	2757664	LTR/ERV1	995	-	12	2757653	17006
chr20	2740647	2940647	harbor1	chr20	2757981	2758393	LTR/ERV1	995	-	206	2758187	17540
chr20	34725652	34925652	harbor1	chr20	34787645	34787866	LTR/ERV1	1023	-	110	34787755	62103
chr20	34725652	34925652	harbor1	chr20	34788364	34788628	LTR/ERV1	1613	-	132	34788496	62844
chr20	44866470	45066470	harbor1	chr20	44960939	44961401	LTR/ERV1	2659	-	231	44961170	94700
chr20	63855835	64055835	harbor1	chr20	63924796	63925203	LTR/ERV1	2708	-	204	63925000	69165
chr20	63855835	64055835	harbor1	chr20	63925495	63925704	LTR/ERV1	2708	-	104	63925599	69764
chr20	63596384	63796384	harbor1	chr20	63632936	63633250	LTR/ERV1	741	-	157	63633093	36709
chr20	63596384	63796384	harbor1	chr20	63633558	63633581	LTR/ERV1	741	-	12	63633570	37186
chr20	2370770	2570770	harbor1	chr20	2416045	2416211	LTR/ERV1	1024	-	83	2416128	45358
chr20	2370770	2570770	harbor1	chr20	2416489	2416745	LTR/ERV1	1451	-	128	2416617	45847
chr20	2370770	2570770	harbor1	chr20	2444492	2444865	LTR/ERV1	2263	-	186	2444678	73908
chr20	2370770	2570770	harbor1	chr20	2451360	2451818	LTR/ERV1	2253	-	229	2451589	80819
chr20	2370770	2570770	harbor1	chr20	2459063	2459157	LTR/ERV1	545	-	47	2459110	88340
chr20	63472105	63672105	harbor1	chr20	63506795	63506961	LTR/ERV1	901	-	83	63506878	34773
chr20	63472105	63672105	harbor1	chr20	63507096	63507395	LTR/ERV1	1676	-	150	63507246	35141
chr20	63472105	63672105	harbor1	chr20	63507723	63507884	LTR/ERV1	774	-	80	63507803	35698
chr20	63472105	63672105	harbor1	chr20	63523757	63524083	LTR/ERV1	2464	-	163	63523920	51815
chr20	63472105	63672105	harbor1	chr20	63524388	63524564	LTR/ERV1	2464	-	88	63524476	52371
chr20	63472105	63672105	harbor1	chr20	63527642	63528170	LTR/ERV1	1740	-	264	63527906	55801
chr20	63472105	63672105	harbor1	chr20	63528721	63528861	LTR/ERV1	480	-	70	63528791	56686
chr20	4586429	4786429	harbor1	chr20	4615981	4616298	LTR/ERV1	2934	-	158	4616139	29710
chr20	4586429	4786429	harbor1	chr20	4616672	4616885	LTR/ERV1	2934	-	106	4616778	30349
chr20	4586429	4786429	harbor1	chr20	4618524	4619006	LTR/ERV1	2776	-	241	4618765	32336
chr20	4586429	4786429	harbor1	chr20	4625794	4625863	LTR/ERV1	477	-	34	4625828	39399
chr20	4586429	4786429	harbor1	chr20	4633865	4634260	LTR/ERV1	2691	-	198	4634063	47634
chr20	4586429	4786429	harbor1	chr20	4639982	4640154	LTR/ERV1	2040	-	86	4640068	53639
chr20	4586429	4786429	harbor1	chr20	4640472	4640728	LTR/ERV1	2040	-	128	4640600	54171
chr20	4586429	4786429	harbor1	chr20	4641059	4641227	LTR/ERV1	2040	-	84	4641143	54714
chr20	4586429	4786429	harbor1	chr20	4649330	4649816	LTR/ERV1	1825	-	243	4649573	63144
chr20	4586429	4786429	harbor1	chr20	4660937	4661208	LTR/ERV1	5333	-	136	4661073	74644
chr20	4586429	4786429	harbor1	chr20	4661595	4661722	LTR/ERV1	5333	-	64	4661659	75230
chr20	4586429	4786429	harbor1	chr20	4662032	4662446	LTR/ERV1	5333	-	207	4662239	75810
chr20	4586429	4786429	harbor1	chr20	4664378	4664933	LTR/ERV1	3712	-	278	4664656	78227
chr20	4586429	4786429	harbor1	chr20	4664939	4665018	LTR/ERV1	617	-	40	4664979	78550
chr20	63471534	63671534	harbor1	chr20	63506795	63506961	LTR/ERV1	901	-	83	63506878	35344
chr20	63471534	63671534	harbor1	chr20	63507096	63507395	LTR/ERV1	1676	-	150	63507246	35712
chr20	63471534	63671534	harbor1	chr20	63507723	63507884	LTR/ERV1	774	-	80	63507803	36269
chr20	63471534	63671534	harbor1	chr20	63523757	63524083	LTR/ERV1	2464	-	163	63523920	52386
chr20	63471534	63671534	harbor1	chr20	63524388	63524564	LTR/ERV1	2464	-	88	63524476	52942
chr20	63471534	63671534	harbor1	chr20	63527642	63528170	LTR/ERV1	1740	-	264	63527906	56372
chr20	63471534	63671534	harbor1	chr20	63528721	63528861	LTR/ERV1	480	-	70	63528791	57257
chr20	22734563	22934563	harbor1	chr20	22807524	22808047	LTR/ERV1	1588	-	262	22807786	73223
chr20	63362224	63562224	harbor1	chr20	63392508	63392656	LTR/ERV1	725	-	74	63392582	30358
chr20	63362224	63562224	harbor1	chr20	63392751	63393076	LTR/ERV1	1946	-	162	63392913	30689
chr20	2739816	2939816	harbor1	chr20	2743431	2743556	LTR/ERV1	569	-	62	2743493	3677
chr20	2739816	2939816	harbor1	chr20	2757641	2757664	LTR/ERV1	995	-	12	2757653	17837
chr20	2739816	2939816	harbor1	chr20	2757981	2758393	LTR/ERV1	995	-	206	2758187	18371
chr20	63429646	63629646	harbor1	chr20	63506795	63506961	LTR/ERV1	901	-	83	63506878	77232
chr20	63429646	63629646	harbor1	chr20	63507096	63507395	LTR/ERV1	1676	-	150	63507246	77600
chr20	63429646	63629646	harbor1	chr20	63507723	63507884	LTR/ERV1	774	-	80	63507803	78157
chr20	63429646	63629646	harbor1	chr20	63523757	63524083	LTR/ERV1	2464	-	163	63523920	94274
chr20	63429646	63629646	harbor1	chr20	63524388	63524564	LTR/ERV1	2464	-	88	63524476	94830
chr20	63429646	63629646	harbor1	chr20	63527642	63528170	LTR/ERV1	1740	-	264	63527906	98260
chr20	63429646	63629646	harbor1	chr20	63528721	63528861	LTR/ERV1	480	-	70	63528791	99145
chr20	63844470	64044470	harbor1	chr20	63924796	63925203	LTR/ERV1	2708	-	204	63925000	80530
chr20	63844470	64044470	harbor1	chr20	63925495	63925704	LTR/ERV1	2708	-	104	63925599	81129
chr20	49710583	49910583	harbor1	chr20	49732936	49733098	LTR/ERV1	974	-	81	49733017	22434
chr20	49710583	49910583	harbor1	chr20	49733249	49733489	LTR/ERV1	2251	-	120	49733369	22786
chr20	49710583	49910583	harbor1	chr20	49733811	49733999	LTR/ERV1	2251	-	94	49733905	23322
chr20	49710583	49910583	harbor1	chr20	49734042	49734231	LTR/ERV1	1531	-	94	49734136	23553
chr20	49710583	49910583	harbor1	chr20	49762215	49762333	LTR/ERV1	3442	-	59	49762274	51691
chr20	49710583	49910583	harbor1	chr20	49762635	49763143	LTR/ERV1	3442	-	254	49762889	52306
chr20	49710583	49910583	harbor1	chr20	49765642	49766190	LTR/ERV1	4062	-	274	49765916	55333
chr20	63855746	64055746	harbor1	chr20	63924796	63925203	LTR/ERV1	2708	-	204	63925000	69254
chr20	63855746	64055746	harbor1	chr20	63925495	63925704	LTR/ERV1	2708	-	104	63925599	69853
chr20	34725660	34925660	harbor1	chr20	34787645	34787866	LTR/ERV1	1023	-	110	34787755	62095
chr20	34725660	34925660	harbor1	chr20	34788364	34788628	LTR/ERV1	1613	-	132	34788496	62836
chr20	63849670	64049670	harbor1	chr20	63924796	63925203	LTR/ERV1	2708	-	204	63925000	75330
chr20	63849670	64049670	harbor1	chr20	63925495	63925704	LTR/ERV1	2708	-	104	63925599	75929
chr20	2740637	2940637	harbor1	chr20	2743431	2743556	LTR/ERV1	569	-	62	2743493	2856
chr20	2740637	2940637	harbor1	chr20	2757641	2757664	LTR/ERV1	995	-	12	2757653	17016
chr20	2740637	2940637	harbor1	chr20	2757981	2758393	LTR/ERV1	995	-	206	2758187	17550
chr20	57552168	57752168	harbor1	chr20	57632044	57632644	LTR/ERV1	1756	-	300	57632344	80176
chr20	2740649	2940649	harbor1	chr20	2743431	2743556	LTR/ERV1	569	-	62	2743493	2844
chr20	2740649	2940649	harbor1	chr20	2757641	2757664	LTR/ERV1	995	-	12	2757653	17004
chr20	2740649	2940649	harbor1	chr20	2757981	2758393	LTR/ERV1	995	-	206	2758187	17538
chr20	38574510	38774510	harbor1	chr20	38592396	38592804	LTR/ERV1	2850	-	204	38592600	18090
chr20	38574510	38774510	harbor1	chr20	38592805	38593194	LTR/ERV1	2372	-	194	38592999	18489
chr20	38574510	38774510	harbor1	chr20	38593195	38593403	LTR/ERV1	1410	-	104	38593299	18789
chr20	38574510	38774510	harbor1	chr20	38593405	38594026	LTR/ERV1	4208	-	310	38593715	19205
chr20	38574510	38774510	harbor1	chr20	38594029	38598385	LTR/ERV1	16519	-	2178	38596207	21697
chr20	38574510	38774510	harbor1	chr20	38598388	38598799	LTR/ERV1	2873	-	206	38598594	24084
chr20	38574510	38774510	harbor1	chr20	38610403	38610738	LTR/ERV1	1675	-	168	38610571	36061
chr20	38574510	38774510	harbor1	chr20	38610775	38610879	LTR/ERV1	1718	-	52	38610827	36317
chr20	38574510	38774510	harbor1	chr20	38611186	38611387	LTR/ERV1	1718	-	100	38611286	36776
chr20	38574510	38774510	harbor1	chr20	38627873	38628272	LTR/ERV1	1362	-	200	38628073	53563
chr20	63420408	63620408	harbor1	chr20	63506795	63506961	LTR/ERV1	901	-	83	63506878	86470
chr20	63420408	63620408	harbor1	chr20	63507096	63507395	LTR/ERV1	1676	-	150	63507246	86838
chr20	63420408	63620408	harbor1	chr20	63507723	63507884	LTR/ERV1	774	-	80	63507803	87395
chr20	34725622	34925622	harbor1	chr20	34787645	34787866	LTR/ERV1	1023	-	110	34787755	62133
chr20	34725622	34925622	harbor1	chr20	34788364	34788628	LTR/ERV1	1613	-	132	34788496	62874
chr20	48275448	48475448	harbor1	chr20	48276965	48277515	LTR/ERV1	4188	-	275	48277240	1792
chr20	48275448	48475448	harbor1	chr20	48311205	48312061	LTR/ERV1	4788	-	428	48311633	36185
chr20	48275448	48475448	harbor1	chr20	48354487	48354889	LTR/ERV1	2475	-	201	48354688	79240
chr20	32720146	32920146	harbor1	chr20	32787739	32788208	LTR/ERV1	3324	-	234	32787973	67827
chr20	3074005	3274005	harbor1	chr20	3074274	3074841	LTR/ERV1	3190	-	284	3074558	553
chr20	21818150	22018150	harbor1	chr20	21899726	21900129	LTR/ERV1	2156	-	202	21899928	81778
chr20	63452725	63652725	harbor1	chr20	63506795	63506961	LTR/ERV1	901	-	83	63506878	54153
chr20	63452725	63652725	harbor1	chr20	63507096	63507395	LTR/ERV1	1676	-	150	63507246	54521
chr20	63452725	63652725	harbor1	chr20	63507723	63507884	LTR/ERV1	774	-	80	63507803	55078
chr20	63452725	63652725	harbor1	chr20	63523757	63524083	LTR/ERV1	2464	-	163	63523920	71195
chr20	63452725	63652725	harbor1	chr20	63524388	63524564	LTR/ERV1	2464	-	88	63524476	71751
chr20	63452725	63652725	harbor1	chr20	63527642	63528170	LTR/ERV1	1740	-	264	63527906	75181
chr20	63452725	63652725	harbor1	chr20	63528721	63528861	LTR/ERV1	480	-	70	63528791	76066
chr20	34725651	34925651	harbor1	chr20	34787645	34787866	LTR/ERV1	1023	-	110	34787755	62104
chr20	34725651	34925651	harbor1	chr20	34788364	34788628	LTR/ERV1	1613	-	132	34788496	62845
chr20	2740727	2940727	harbor1	chr20	2743431	2743556	LTR/ERV1	569	-	62	2743493	2766
chr20	2740727	2940727	harbor1	chr20	2757641	2757664	LTR/ERV1	995	-	12	2757653	16926
chr20	2740727	2940727	harbor1	chr20	2757981	2758393	LTR/ERV1	995	-	206	2758187	17460
chr20	63881176	64081176	harbor1	chr20	63924796	63925203	LTR/ERV1	2708	-	204	63925000	43824
chr20	63881176	64081176	harbor1	chr20	63925495	63925704	LTR/ERV1	2708	-	104	63925599	44423
chr20	63472027	63672027	harbor1	chr20	63506795	63506961	LTR/ERV1	901	-	83	63506878	34851
chr20	63472027	63672027	harbor1	chr20	63507096	63507395	LTR/ERV1	1676	-	150	63507246	35219
chr20	63472027	63672027	harbor1	chr20	63507723	63507884	LTR/ERV1	774	-	80	63507803	35776
chr20	63472027	63672027	harbor1	chr20	63523757	63524083	LTR/ERV1	2464	-	163	63523920	51893
chr20	63472027	63672027	harbor1	chr20	63524388	63524564	LTR/ERV1	2464	-	88	63524476	52449
chr20	63472027	63672027	harbor1	chr20	63527642	63528170	LTR/ERV1	1740	-	264	63527906	55879
chr20	63472027	63672027	harbor1	chr20	63528721	63528861	LTR/ERV1	480	-	70	63528791	56764
chr20	43408519	43608519	harbor1	chr20	43429846	43430226	LTR/ERV1	1103	-	190	43430036	21517
chr20	43408519	43608519	harbor1	chr20	43453361	43453617	LTR/ERV1	1668	-	128	43453489	44970
chr20	43408519	43608519	harbor1	chr20	43473144	43473415	LTR/ERV1	1888	-	136	43473280	64761
chr20	43408519	43608519	harbor1	chr20	43473600	43473682	LTR/ERV1	895	-	41	43473641	65122
chr20	43408519	43608519	harbor1	chr20	43473993	43474111	LTR/ERV1	895	-	59	43474052	65533
chr20	43408519	43608519	harbor1	chr20	43474393	43474758	LTR/ERV1	1568	-	182	43474575	66056
chr20	43408519	43608519	harbor1	chr20	43477608	43477995	LTR/ERV1	2533	-	194	43477802	69283
chr20	43408519	43608519	harbor1	chr20	43477997	43478118	LTR/ERV1	639	-	60	43478057	69538
chr20	43408519	43608519	harbor1	chr20	43478138	43478360	LTR/ERV1	529	-	111	43478249	69730
chr20	43408519	43608519	harbor1	chr20	43478361	43478830	LTR/ERV1	2543	-	234	43478595	70076
chr20	43408519	43608519	harbor1	chr20	43478934	43479028	LTR/ERV1	1634	-	47	43478981	70462
chr20	43408519	43608519	harbor1	chr20	43479297	43479490	LTR/ERV1	1634	-	96	43479393	70874
chr20	43408519	43608519	harbor1	chr20	43479507	43480040	LTR/ERV1	3583	-	266	43479773	71254
chr20	43408519	43608519	harbor1	chr20	43480042	43480182	LTR/ERV1	1043	-	70	43480112	71593
chr20	43408519	43608519	harbor1	chr20	43480183	43480809	LTR/ERV1	11407	-	313	43480496	71977
chr20	43408519	43608519	harbor1	chr20	43481125	43482267	LTR/ERV1	11407	-	571	43481696	73177
chr20	43408519	43608519	harbor1	chr20	43482556	43482734	LTR/ERV1	11407	-	89	43482645	74126
chr20	43408519	43608519	harbor1	chr20	43482760	43482858	LTR/ERV1	11407	-	49	43482809	74290
chr20	43408519	43608519	harbor1	chr20	43483733	43483744	LTR/ERV1	2221	-	6	43483739	75220
chr20	43408519	43608519	harbor1	chr20	43483928	43484787	LTR/ERV1	3490	-	430	43484358	75839
chr20	43408519	43608519	harbor1	chr20	43485102	43485198	LTR/ERV1	1584	-	48	43485150	76631
chr20	43408519	43608519	harbor1	chr20	43485533	43485776	LTR/ERV1	585	-	122	43485655	77136
chr20	43408519	43608519	harbor1	chr20	43485779	43485888	LTR/ERV1	595	-	54	43485833	77314
chr20	43408519	43608519	harbor1	chr20	43485936	43486058	LTR/ERV1	1005	-	61	43485997	77478
chr20	43408519	43608519	harbor1	chr20	43486195	43486259	LTR/ERV1	1005	-	32	43486227	77708
chr20	43408519	43608519	harbor1	chr20	43488853	43488986	LTR/ERV1	723	-	66	43488919	80400
chr20	43408519	43608519	harbor1	chr20	43489292	43489332	LTR/ERV1	723	-	20	43489312	80793
chr20	43408519	43608519	harbor1	chr20	43489333	43489504	LTR/ERV1	1058	-	86	43489419	80900
chr20	43408519	43608519	harbor1	chr20	43489517	43489810	LTR/ERV1	1267	-	146	43489663	81144
chr20	43408519	43608519	harbor1	chr20	43489849	43489941	LTR/ERV1	1911	-	46	43489895	81376
chr20	43408519	43608519	harbor1	chr20	43490061	43490385	LTR/ERV1	1911	-	162	43490223	81704
chr20	43408519	43608519	harbor1	chr20	43494119	43494260	LTR/ERV1	4147	-	70	43494189	85670
chr20	43408519	43608519	harbor1	chr20	43494571	43494966	LTR/ERV1	4147	-	198	43494769	86250
chr20	43408519	43608519	harbor1	chr20	43482991	43483438	LTR/ERV1	2221	-	224	43483215	74696
chr20	32720119	32920119	harbor1	chr20	32787739	32788208	LTR/ERV1	3324	-	234	32787973	67854
chr20	63471568	63671568	harbor1	chr20	63506795	63506961	LTR/ERV1	901	-	83	63506878	35310
chr20	63471568	63671568	harbor1	chr20	63507096	63507395	LTR/ERV1	1676	-	150	63507246	35678
chr20	63471568	63671568	harbor1	chr20	63507723	63507884	LTR/ERV1	774	-	80	63507803	36235
chr20	63471568	63671568	harbor1	chr20	63523757	63524083	LTR/ERV1	2464	-	163	63523920	52352
chr20	63471568	63671568	harbor1	chr20	63524388	63524564	LTR/ERV1	2464	-	88	63524476	52908
chr20	63471568	63671568	harbor1	chr20	63527642	63528170	LTR/ERV1	1740	-	264	63527906	56338
chr20	63471568	63671568	harbor1	chr20	63528721	63528861	LTR/ERV1	480	-	70	63528791	57223
chr20	63468216	63668216	harbor1	chr20	63506795	63506961	LTR/ERV1	901	-	83	63506878	38662
chr20	63468216	63668216	harbor1	chr20	63507096	63507395	LTR/ERV1	1676	-	150	63507246	39030
chr20	63468216	63668216	harbor1	chr20	63507723	63507884	LTR/ERV1	774	-	80	63507803	39587
chr20	63468216	63668216	harbor1	chr20	63523757	63524083	LTR/ERV1	2464	-	163	63523920	55704
chr20	63468216	63668216	harbor1	chr20	63524388	63524564	LTR/ERV1	2464	-	88	63524476	56260
chr20	63468216	63668216	harbor1	chr20	63527642	63528170	LTR/ERV1	1740	-	264	63527906	59690
chr20	63468216	63668216	harbor1	chr20	63528721	63528861	LTR/ERV1	480	-	70	63528791	60575
chr20	38574499	38774499	harbor1	chr20	38592396	38592804	LTR/ERV1	2850	-	204	38592600	18101
chr20	38574499	38774499	harbor1	chr20	38592805	38593194	LTR/ERV1	2372	-	194	38592999	18500
chr20	38574499	38774499	harbor1	chr20	38593195	38593403	LTR/ERV1	1410	-	104	38593299	18800
chr20	38574499	38774499	harbor1	chr20	38593405	38594026	LTR/ERV1	4208	-	310	38593715	19216
chr20	38574499	38774499	harbor1	chr20	38594029	38598385	LTR/ERV1	16519	-	2178	38596207	21708
chr20	38574499	38774499	harbor1	chr20	38598388	38598799	LTR/ERV1	2873	-	206	38598594	24095
chr20	38574499	38774499	harbor1	chr20	38610403	38610738	LTR/ERV1	1675	-	168	38610571	36072
chr20	38574499	38774499	harbor1	chr20	38610775	38610879	LTR/ERV1	1718	-	52	38610827	36328
chr20	38574499	38774499	harbor1	chr20	38611186	38611387	LTR/ERV1	1718	-	100	38611286	36787
chr20	38574499	38774499	harbor1	chr20	38627873	38628272	LTR/ERV1	1362	-	200	38628073	53574
chr20	61271130	61471130	harbor1	chr20	61306976	61307165	LTR/ERV1	944	-	94	61307070	35940
chr20	54108072	54308072	harbor1	chr20	54151035	54151317	LTR/ERV1	2073	-	141	54151176	43104
chr20	2740635	2940635	harbor1	chr20	2743431	2743556	LTR/ERV1	569	-	62	2743493	2858
chr20	2740635	2940635	harbor1	chr20	2757641	2757664	LTR/ERV1	995	-	12	2757653	17018
chr20	2740635	2940635	harbor1	chr20	2757981	2758393	LTR/ERV1	995	-	206	2758187	17552
chr20	59833005	60033005	harbor1	chr20	59833719	59834074	LTR/ERV1	2412	-	178	59833897	892
chr21	29198953	29398953	harbor1	chr21	29204185	29204510	LTR/ERV1	503	-	162	29204347	5394
chr21	29198953	29398953	harbor1	chr21	29231387	29231551	LTR/ERV1	4508	-	82	29231469	32516
chr21	29198953	29398953	harbor1	chr21	29231845	29232362	LTR/ERV1	4508	-	258	29232103	33150
chr21	29198953	29398953	harbor1	chr21	29234101	29234897	LTR/ERV1	4878	-	398	29234499	35546
chr21	44576686	44776686	harbor1	chr21	44651844	44651944	LTR/ERV1	668	-	50	44651894	75208
chr21	5028567	5228567	harbor1	chr21	5048328	5048595	LTR/ERV1	2392	-	134	5048462	19895
chr21	5028567	5228567	harbor1	chr21	5048908	5049033	LTR/ERV1	2392	-	62	5048970	20403
chr21	5028567	5228567	harbor1	chr21	5049542	5049786	LTR/ERV1	1625	-	122	5049664	21097
chr21	5028567	5228567	harbor1	chr21	5056971	5057112	LTR/ERV1	476	-	70	5057041	28474
chr21	5028567	5228567	harbor1	chr21	5058043	5058145	LTR/ERV1	452	-	51	5058094	29527
chr21	5028567	5228567	harbor1	chr21	5045824	5046499	LTR/ERV1	3667	-	338	5046162	17595
chr21	41771682	41971682	harbor1	chr21	41771745	41772231	LTR/ERV1	1798	-	243	41771988	306
chr21	29199129	29399129	harbor1	chr21	29204185	29204510	LTR/ERV1	503	-	162	29204347	5218
chr21	29199129	29399129	harbor1	chr21	29231387	29231551	LTR/ERV1	4508	-	82	29231469	32340
chr21	29199129	29399129	harbor1	chr21	29231845	29232362	LTR/ERV1	4508	-	258	29232103	32974
chr21	29199129	29399129	harbor1	chr21	29234101	29234897	LTR/ERV1	4878	-	398	29234499	35370
chr21	29198948	29398948	harbor1	chr21	29204185	29204510	LTR/ERV1	503	-	162	29204347	5399
chr21	29198948	29398948	harbor1	chr21	29231387	29231551	LTR/ERV1	4508	-	82	29231469	32521
chr21	29198948	29398948	harbor1	chr21	29231845	29232362	LTR/ERV1	4508	-	258	29232103	33155
chr21	29198948	29398948	harbor1	chr21	29234101	29234897	LTR/ERV1	4878	-	398	29234499	35551
chr21	42275771	42475771	harbor1	chr21	42322755	42323573	LTR/ERV1	1477	-	409	42323164	47393
chr21	42275771	42475771	harbor1	chr21	42323609	42324160	LTR/ERV1	4504	-	276	42323885	48114
chr21	42275771	42475771	harbor1	chr21	42331690	42332224	LTR/ERV1	2385	-	267	42331957	56186
chr21	42275771	42475771	harbor1	chr21	42336014	42336469	LTR/ERV1	1718	-	228	42336242	60471
chr21	5008533	5208533	harbor1	chr21	5010434	5010563	LTR/ERV1	1253	-	64	5010498	1965
chr21	5008533	5208533	harbor1	chr21	5010893	5010955	LTR/ERV1	1253	-	31	5010924	2391
chr21	5008533	5208533	harbor1	chr21	5011214	5011399	LTR/ERV1	1253	-	92	5011306	2773
chr21	5008533	5208533	harbor1	chr21	5011431	5011555	LTR/ERV1	494	-	62	5011493	2960
chr21	5008533	5208533	harbor1	chr21	5048328	5048595	LTR/ERV1	2392	-	134	5048462	39929
chr21	5008533	5208533	harbor1	chr21	5048908	5049033	LTR/ERV1	2392	-	62	5048970	40437
chr21	5008533	5208533	harbor1	chr21	5049542	5049786	LTR/ERV1	1625	-	122	5049664	41131
chr21	5008533	5208533	harbor1	chr21	5056971	5057112	LTR/ERV1	476	-	70	5057041	48508
chr21	5008533	5208533	harbor1	chr21	5058043	5058145	LTR/ERV1	452	-	51	5058094	49561
chr21	5008533	5208533	harbor1	chr21	5013491	5014205	LTR/ERV1	2886	-	357	5013848	5315
chr21	5008533	5208533	harbor1	chr21	5045824	5046499	LTR/ERV1	3667	-	338	5046162	37629
chr21	46031163	46231163	harbor1	chr21	46063285	46063572	LTR/ERV1	1599	-	144	46063429	32266
chr21	46031163	46231163	harbor1	chr21	46063719	46063813	LTR/ERV1	545	-	47	46063766	32603
chr21	46031163	46231163	harbor1	chr21	46108850	46110205	LTR/ERV1	4372	-	678	46109528	78365
chr21	46031163	46231163	harbor1	chr21	46128803	46128935	LTR/ERV1	434	-	66	46128869	97706
chr21	29199041	29399041	harbor1	chr21	29204185	29204510	LTR/ERV1	503	-	162	29204347	5306
chr21	29199041	29399041	harbor1	chr21	29231387	29231551	LTR/ERV1	4508	-	82	29231469	32428
chr21	29199041	29399041	harbor1	chr21	29231845	29232362	LTR/ERV1	4508	-	258	29232103	33062
chr21	29199041	29399041	harbor1	chr21	29234101	29234897	LTR/ERV1	4878	-	398	29234499	35458
chr21	44239294	44439294	harbor1	chr21	44274222	44274262	LTR/ERV1	1431	-	20	44274242	34948
chr21	44239294	44439294	harbor1	chr21	44274569	44274852	LTR/ERV1	1431	-	142	44274711	35417
chr21	44239294	44439294	harbor1	chr21	44275433	44275540	LTR/ERV1	521	-	54	44275487	36193
chr21	44239294	44439294	harbor1	chr21	44308947	44309174	LTR/ERV1	494	-	114	44309061	69767
chr21	44410604	44610604	harbor1	chr21	44414530	44415003	LTR/ERV1	2086	-	236	44414766	4162
chr21	44410604	44610604	harbor1	chr21	44484506	44484797	LTR/ERV1	2201	-	146	44484652	74048
chr21	44410604	44610604	harbor1	chr21	44484984	44485218	LTR/ERV1	2201	-	117	44485101	74497
chr21	44410604	44610604	harbor1	chr21	44497863	44498295	LTR/ERV1	2319	-	216	44498079	87475
chr21	42275718	42475718	harbor1	chr21	42322755	42323573	LTR/ERV1	1477	-	409	42323164	47446
chr21	42275718	42475718	harbor1	chr21	42323609	42324160	LTR/ERV1	4504	-	276	42323885	48167
chr21	42275718	42475718	harbor1	chr21	42331690	42332224	LTR/ERV1	2385	-	267	42331957	56239
chr21	42275718	42475718	harbor1	chr21	42336014	42336469	LTR/ERV1	1718	-	228	42336242	60524
chr21	29199063	29399063	harbor1	chr21	29204185	29204510	LTR/ERV1	503	-	162	29204347	5284
chr21	29199063	29399063	harbor1	chr21	29231387	29231551	LTR/ERV1	4508	-	82	29231469	32406
chr21	29199063	29399063	harbor1	chr21	29231845	29232362	LTR/ERV1	4508	-	258	29232103	33040
chr21	29199063	29399063	harbor1	chr21	29234101	29234897	LTR/ERV1	4878	-	398	29234499	35436
chr21	29198984	29398984	harbor1	chr21	29204185	29204510	LTR/ERV1	503	-	162	29204347	5363
chr21	29198984	29398984	harbor1	chr21	29231387	29231551	LTR/ERV1	4508	-	82	29231469	32485
chr21	29198984	29398984	harbor1	chr21	29231845	29232362	LTR/ERV1	4508	-	258	29232103	33119
chr21	29198984	29398984	harbor1	chr21	29234101	29234897	LTR/ERV1	4878	-	398	29234499	35515
chr21	33666298	33866298	harbor1	chr21	33691406	33691601	LTR/ERV1	1652	-	98	33691504	25206
chr21	33666298	33866298	harbor1	chr21	33691949	33692200	LTR/ERV1	1652	-	126	33692075	25777
chr21	33666298	33866298	harbor1	chr21	33729493	33729942	LTR/ERV1	2420	-	224	33729717	63419
chr21	33666298	33866298	harbor1	chr21	33731813	33732456	LTR/ERV1	3084	-	322	33732135	65837
chr21	46536367	46736367	harbor1	chr21	46608052	46608602	LTR/ERV1	3329	-	275	46608327	71960
chr21	46536367	46736367	harbor1	chr21	46631793	46633152	LTR/ERV1	10975	-	680	46632473	96106
chr21	46536367	46736367	harbor1	chr21	46633448	46634438	LTR/ERV1	10975	-	495	46633943	97576
chr21	46536367	46736367	harbor1	chr21	46634442	46634898	LTR/ERV1	3167	-	228	46634670	98303
chr21	46536367	46736367	harbor1	chr21	46634904	46635087	LTR/ERV1	617	-	92	46634996	98629
chr21	14173498	14373498	harbor1	chr21	14243998	14244066	LTR/ERV1	498	-	34	14244032	70534
chr21	42467105	42667105	harbor1	chr21	42519094	42519304	LTR/ERV1	615	-	105	42519199	52094
chr21	46082706	46282706	harbor1	chr21	46108850	46110205	LTR/ERV1	4372	-	678	46109528	26822
chr21	46082706	46282706	harbor1	chr21	46128803	46128935	LTR/ERV1	434	-	66	46128869	46163
chr21	46082706	46282706	harbor1	chr21	46142202	46143045	LTR/ERV1	3818	-	422	46142624	59918
chr21	15625713	15825713	harbor1	chr21	15692374	15693154	LTR/ERV1	4049	-	390	15692764	67051
chr21	15625713	15825713	harbor1	chr21	15696695	15696948	LTR/ERV1	512	-	126	15696821	71108
chr21	33379496	33579496	harbor1	chr21	33412215	33412428	LTR/ERV1	598	-	106	33412321	32825
chr21	33379496	33579496	harbor1	chr21	33441317	33441625	LTR/ERV1	2419	-	154	33441471	61975
chr21	33379496	33579496	harbor1	chr21	33441931	33442071	LTR/ERV1	2419	-	70	33442001	62505
chr21	44215681	44415681	harbor1	chr21	44215607	44215763	LTR/ERV1	2829	-	78	44215685	4
chr21	44215681	44415681	harbor1	chr21	44216062	44216582	LTR/ERV1	2829	-	260	44216322	641
chr21	44215681	44415681	harbor1	chr21	44216591	44216674	LTR/ERV1	1147	-	42	44216633	952
chr21	44215681	44415681	harbor1	chr21	44216985	44217163	LTR/ERV1	1147	-	89	44217074	1393
chr21	44215681	44415681	harbor1	chr21	44217883	44218310	LTR/ERV1	2033	-	214	44218097	2416
chr21	44215681	44415681	harbor1	chr21	44274222	44274262	LTR/ERV1	1431	-	20	44274242	58561
chr21	44215681	44415681	harbor1	chr21	44274569	44274852	LTR/ERV1	1431	-	142	44274711	59030
chr21	44215681	44415681	harbor1	chr21	44275433	44275540	LTR/ERV1	521	-	54	44275487	59806
chr21	44215681	44415681	harbor1	chr21	44308947	44309174	LTR/ERV1	494	-	114	44309061	93380
chr22	19075025	19275025	harbor1	chr22	19123203	19123611	LTR/ERV1	3871	-	204	19123407	48382
chr22	19075025	19275025	harbor1	chr22	19123924	19124341	LTR/ERV1	3871	-	208	19124132	49107
chr22	19075025	19275025	harbor1	chr22	19130213	19130902	LTR/ERV1	1043	-	344	19130557	55532
chr22	38298285	38498285	harbor1	chr22	38396539	38396797	LTR/ERV1	2105	-	129	38396668	98383
chr22	38298285	38498285	harbor1	chr22	38396811	38396862	LTR/ERV1	427	-	26	38396837	98552
chr22	50579676	50779676	harbor1	chr22	50621868	50622439	LTR/ERV1	4580	-	286	50622154	42478
chr22	50579676	50779676	harbor1	chr22	50630241	50630680	LTR/ERV1	2130	-	220	50630461	50785
chr22	50579676	50779676	harbor1	chr22	50630840	50630938	LTR/ERV1	3053	-	49	50630889	51213
chr22	50579676	50779676	harbor1	chr22	50631529	50631938	LTR/ERV1	3053	-	204	50631733	52057
chr22	50579676	50779676	harbor1	chr22	50640396	50640552	LTR/ERV1	945	-	78	50640474	60798
chr22	50579676	50779676	harbor1	chr22	50641028	50641222	LTR/ERV1	751	-	97	50641125	61449
chr22	50579676	50779676	harbor1	chr22	50643246	50643656	LTR/ERV1	2861	-	205	50643451	63775
chr22	50579676	50779676	harbor1	chr22	50644274	50644610	LTR/ERV1	1906	-	168	50644442	64766
chr22	50579676	50779676	harbor1	chr22	50647882	50648118	LTR/ERV1	1363	-	118	50648000	68324
chr22	50579676	50779676	harbor1	chr22	50653241	50653790	LTR/ERV1	3937	-	274	50653515	73839
chr22	43896078	44096078	harbor1	chr22	43910761	43910945	LTR/ERV1	425	-	92	43910853	14775
chr22	43896078	44096078	harbor1	chr22	43956508	43956964	LTR/ERV1	2448	-	228	43956736	60658
chr22	26575728	26775728	harbor1	chr22	26631973	26632439	LTR/ERV1	4185	-	233	26632206	56478
chr22	50054112	50254112	harbor1	chr22	50111072	50111486	LTR/ERV1	2157	-	207	50111279	57167
chr22	50054112	50254112	harbor1	chr22	50111803	50111826	LTR/ERV1	1935	-	12	50111815	57703
chr22	50054112	50254112	harbor1	chr22	50152124	50152347	LTR/ERV1	822	-	112	50152236	98124
chr22	50054112	50254112	harbor1	chr22	50118435	50118949	LTR/ERV1	2981	-	257	50118692	64580
chr22	39374584	39574584	harbor1	chr22	39380921	39381020	LTR/ERV1	542	-	50	39380971	6387
chr22	39374584	39574584	harbor1	chr22	39452234	39452595	LTR/ERV1	2191	-	180	39452414	77830
chr22	39374584	39574584	harbor1	chr22	39452829	39453170	LTR/ERV1	1428	-	170	39452999	78415
chr22	32075946	32275946	harbor1	chr22	32139806	32140315	LTR/ERV1	3680	-	254	32140060	64114
chr22	32075946	32275946	harbor1	chr22	32167327	32167514	LTR/ERV1	930	-	94	32167421	91475
chr22	32075946	32275946	harbor1	chr22	32167811	32168072	LTR/ERV1	1383	-	130	32167941	91995
chr22	22997061	23197061	harbor1	chr22	23012824	23013082	LTR/ERV1	1145	-	129	23012953	15892
chr22	22997061	23197061	harbor1	chr22	23013394	23013643	LTR/ERV1	1145	-	124	23013518	16457
chr22	22997061	23197061	harbor1	chr22	23013698	23014429	LTR/ERV1	4744	-	366	23014064	17003
chr22	22997061	23197061	harbor1	chr22	23016097	23017584	LTR/ERV1	10658	-	744	23016841	19780
chr22	22997061	23197061	harbor1	chr22	23026413	23027288	LTR/ERV1	5236	-	438	23026851	29790
chr22	22997061	23197061	harbor1	chr22	23027893	23028301	LTR/ERV1	3936	-	204	23028097	31036
chr22	22997061	23197061	harbor1	chr22	23028654	23028772	LTR/ERV1	3936	-	59	23028713	31652
chr22	22997061	23197061	harbor1	chr22	23029085	23029151	LTR/ERV1	3936	-	33	23029118	32057
chr22	22997061	23197061	harbor1	chr22	23039334	23039347	LTR/ERV1	2667	-	6	23039340	42279
chr22	22997061	23197061	harbor1	chr22	23039641	23040027	LTR/ERV1	2667	-	193	23039834	42773
chr22	22997061	23197061	harbor1	chr22	23040028	23040995	LTR/ERV1	18133	-	484	23040512	43451
chr22	22997061	23197061	harbor1	chr22	23041277	23044059	LTR/ERV1	18133	-	1391	23042668	45607
chr22	22997061	23197061	harbor1	chr22	23044344	23044485	LTR/ERV1	13853	-	70	23044414	47353
chr22	22997061	23197061	harbor1	chr22	23044486	23044743	LTR/ERV1	1790	-	128	23044614	47553
chr22	22997061	23197061	harbor1	chr22	23044747	23046150	LTR/ERV1	9877	-	702	23045449	48388
chr22	22997061	23197061	harbor1	chr22	23046303	23046912	LTR/ERV1	3724	-	304	23046607	49546
chr22	22997061	23197061	harbor1	chr22	23052749	23053145	LTR/ERV1	2670	-	198	23052947	55886
chr22	22997061	23197061	harbor1	chr22	23087473	23088161	LTR/ERV1	5378	-	344	23087817	90756
chr22	49664026	49864026	harbor1	chr22	49669088	49670752	LTR/ERV1	8051	-	832	49669920	5894
chr22	49664089	49864089	harbor1	chr22	49669088	49670752	LTR/ERV1	8051	-	832	49669920	5831
chr22	44201115	44401115	harbor1	chr22	44240559	44241011	LTR/ERV1	2345	-	226	44240785	39670
chr22	23366695	23566695	harbor1	chr22	23407422	23407968	LTR/ERV1	5008	-	273	23407695	41000
chr22	23366695	23566695	harbor1	chr22	23408264	23408394	LTR/ERV1	5008	-	65	23408329	41634
chr22	23017696	23217696	harbor1	chr22	23026413	23027288	LTR/ERV1	5236	-	438	23026851	9155
chr22	23017696	23217696	harbor1	chr22	23027893	23028301	LTR/ERV1	3936	-	204	23028097	10401
chr22	23017696	23217696	harbor1	chr22	23028654	23028772	LTR/ERV1	3936	-	59	23028713	11017
chr22	23017696	23217696	harbor1	chr22	23029085	23029151	LTR/ERV1	3936	-	33	23029118	11422
chr22	23017696	23217696	harbor1	chr22	23039334	23039347	LTR/ERV1	2667	-	6	23039340	21644
chr22	23017696	23217696	harbor1	chr22	23039641	23040027	LTR/ERV1	2667	-	193	23039834	22138
chr22	23017696	23217696	harbor1	chr22	23040028	23040995	LTR/ERV1	18133	-	484	23040512	22816
chr22	23017696	23217696	harbor1	chr22	23041277	23044059	LTR/ERV1	18133	-	1391	23042668	24972
chr22	23017696	23217696	harbor1	chr22	23044344	23044485	LTR/ERV1	13853	-	70	23044414	26718
chr22	23017696	23217696	harbor1	chr22	23044486	23044743	LTR/ERV1	1790	-	128	23044614	26918
chr22	23017696	23217696	harbor1	chr22	23044747	23046150	LTR/ERV1	9877	-	702	23045449	27753
chr22	23017696	23217696	harbor1	chr22	23046303	23046912	LTR/ERV1	3724	-	304	23046607	28911
chr22	23017696	23217696	harbor1	chr22	23052749	23053145	LTR/ERV1	2670	-	198	23052947	35251
chr22	23017696	23217696	harbor1	chr22	23087473	23088161	LTR/ERV1	5378	-	344	23087817	70121
chr22	22295458	22495458	harbor1	chr22	22317362	22317810	LTR/ERV1	2884	-	224	22317586	22128
chr22	30847282	31047282	harbor1	chr22	30886033	30886805	LTR/ERV1	5510	-	386	30886419	39137
chr22	30847282	31047282	harbor1	chr22	30886833	30887372	LTR/ERV1	4111	-	270	30887103	39821
chr22	36186442	36386442	harbor1	chr22	36206067	36206752	LTR/ERV1	2655	-	342	36206409	19967
chr22	36186442	36386442	harbor1	chr22	36206844	36207574	LTR/ERV1	3027	-	365	36207209	20767
chr22	36186442	36386442	harbor1	chr22	36208973	36209292	LTR/ERV1	771	-	160	36209133	22691
chr22	36186442	36386442	harbor1	chr22	36213368	36213608	LTR/ERV1	956	-	120	36213488	27046
chr22	36186442	36386442	harbor1	chr22	36213609	36213971	LTR/ERV1	848	-	181	36213790	27348
chr22	36186442	36386442	harbor1	chr22	36214401	36214612	LTR/ERV1	708	-	106	36214507	28065
chr22	36186442	36386442	harbor1	chr22	36214716	36214788	LTR/ERV1	461	-	36	36214752	28310
chr22	36186442	36386442	harbor1	chr22	36214917	36215149	LTR/ERV1	755	-	116	36215033	28591
chr22	36186442	36386442	harbor1	chr22	36246565	36247021	LTR/ERV1	1182	-	228	36246793	60351
chr22	36186442	36386442	harbor1	chr22	36258262	36258487	LTR/ERV1	541	-	112	36258374	71932
chr22	36186442	36386442	harbor1	chr22	36258503	36259070	LTR/ERV1	1554	-	284	36258787	72345
chr22	36186442	36386442	harbor1	chr22	36263688	36264139	LTR/ERV1	1129	-	226	36263914	77472
chr22	46292061	46492061	harbor1	chr22	46334638	46334864	LTR/ERV1	1590	-	113	46334751	42690
chr22	46292061	46492061	harbor1	chr22	46335153	46335459	LTR/ERV1	1590	-	153	46335306	43245
chr22	18930100	19130100	harbor1	chr22	18938120	18938550	LTR/ERV1	3404	-	215	18938335	8235
chr22	18930100	19130100	harbor1	chr22	18952794	18953577	LTR/ERV1	4349	-	392	18953186	23086
chr22	18930100	19130100	harbor1	chr22	19024420	19024983	LTR/ERV1	2022	-	282	19024702	94602
chr22	30996891	31196891	harbor1	chr22	31017701	31017953	LTR/ERV1	1217	-	126	31017827	20936
chr22	30996891	31196891	harbor1	chr22	31018279	31018420	LTR/ERV1	1217	-	70	31018349	21458
chr22	30996891	31196891	harbor1	chr22	31022893	31023079	LTR/ERV1	4619	-	93	31022986	26095
chr22	30996891	31196891	harbor1	chr22	31023378	31023730	LTR/ERV1	4619	-	176	31023554	26663
chr22	30996891	31196891	harbor1	chr22	31024030	31024125	LTR/ERV1	4619	-	48	31024078	27187
chr22	30996891	31196891	harbor1	chr22	31063598	31064008	LTR/ERV1	1556	-	205	31063803	66912
chr22	30996891	31196891	harbor1	chr22	30998147	30998676	LTR/ERV1	2716	-	264	30998411	1520
chr22	42597660	42797660	harbor1	chr22	42656185	42656269	LTR/ERV1	666	-	42	42656227	58567
chr22	42597660	42797660	harbor1	chr22	42656476	42656887	LTR/ERV1	1578	-	206	42656682	59022
chr22	42597660	42797660	harbor1	chr22	42669662	42669749	LTR/ERV1	2894	-	44	42669706	72046
chr22	42597660	42797660	harbor1	chr22	42670020	42670632	LTR/ERV1	2894	-	306	42670326	72666
chr22	42597660	42797660	harbor1	chr22	42671396	42671540	LTR/ERV1	943	-	72	42671468	73808
chr22	19075024	19275024	harbor1	chr22	19123203	19123611	LTR/ERV1	3871	-	204	19123407	48383
chr22	19075024	19275024	harbor1	chr22	19123924	19124341	LTR/ERV1	3871	-	208	19124132	49108
chr22	19075024	19275024	harbor1	chr22	19130213	19130902	LTR/ERV1	1043	-	344	19130557	55533
chr22	23366710	23566710	harbor1	chr22	23407422	23407968	LTR/ERV1	5008	-	273	23407695	40985
chr22	23366710	23566710	harbor1	chr22	23408264	23408394	LTR/ERV1	5008	-	65	23408329	41619
chr22	23023459	23223459	harbor1	chr22	23026413	23027288	LTR/ERV1	5236	-	438	23026851	3392
chr22	23023459	23223459	harbor1	chr22	23027893	23028301	LTR/ERV1	3936	-	204	23028097	4638
chr22	23023459	23223459	harbor1	chr22	23028654	23028772	LTR/ERV1	3936	-	59	23028713	5254
chr22	23023459	23223459	harbor1	chr22	23029085	23029151	LTR/ERV1	3936	-	33	23029118	5659
chr22	23023459	23223459	harbor1	chr22	23039334	23039347	LTR/ERV1	2667	-	6	23039340	15881
chr22	23023459	23223459	harbor1	chr22	23039641	23040027	LTR/ERV1	2667	-	193	23039834	16375
chr22	23023459	23223459	harbor1	chr22	23040028	23040995	LTR/ERV1	18133	-	484	23040512	17053
chr22	23023459	23223459	harbor1	chr22	23041277	23044059	LTR/ERV1	18133	-	1391	23042668	19209
chr22	23023459	23223459	harbor1	chr22	23044344	23044485	LTR/ERV1	13853	-	70	23044414	20955
chr22	23023459	23223459	harbor1	chr22	23044486	23044743	LTR/ERV1	1790	-	128	23044614	21155
chr22	23023459	23223459	harbor1	chr22	23044747	23046150	LTR/ERV1	9877	-	702	23045449	21990
chr22	23023459	23223459	harbor1	chr22	23046303	23046912	LTR/ERV1	3724	-	304	23046607	23148
chr22	23023459	23223459	harbor1	chr22	23052749	23053145	LTR/ERV1	2670	-	198	23052947	29488
chr22	23023459	23223459	harbor1	chr22	23087473	23088161	LTR/ERV1	5378	-	344	23087817	64358
chr22	45313205	45513205	harbor1	chr22	45356400	45356717	LTR/ERV1	2799	-	158	45356558	43353
chr22	45313205	45513205	harbor1	chr22	45357033	45357168	LTR/ERV1	2799	-	68	45357101	43896
chr22	45313205	45513205	harbor1	chr22	45373527	45373765	LTR/ERV1	1429	-	119	45373646	60441
chr22	36918777	37118777	harbor1	chr22	36940525	36941152	LTR/ERV1	4584	-	314	36940839	22062
chr22	36918777	37118777	harbor1	chr22	36942488	36942837	LTR/ERV1	2207	-	174	36942662	23885
chr22	36918777	37118777	harbor1	chr22	36942936	36943563	LTR/ERV1	2541	-	314	36943250	24473
chr22	36918777	37118777	harbor1	chr22	36943847	36944267	LTR/ERV1	3214	-	210	36944057	25280
chr22	36918777	37118777	harbor1	chr22	36948558	36949117	LTR/ERV1	3165	-	280	36948838	30061
chr22	36918807	37118807	harbor1	chr22	36940525	36941152	LTR/ERV1	4584	-	314	36940839	22032
chr22	36918807	37118807	harbor1	chr22	36942488	36942837	LTR/ERV1	2207	-	174	36942662	23855
chr22	36918807	37118807	harbor1	chr22	36942936	36943563	LTR/ERV1	2541	-	314	36943250	24443
chr22	36918807	37118807	harbor1	chr22	36943847	36944267	LTR/ERV1	3214	-	210	36944057	25250
chr22	36918807	37118807	harbor1	chr22	36948558	36949117	LTR/ERV1	3165	-	280	36948838	30031
chr22	20568033	20768033	harbor1	chr22	20596493	20596587	LTR/ERV1	2857	-	47	20596540	28507
chr22	20568033	20768033	harbor1	chr22	20596882	20597336	LTR/ERV1	2857	-	227	20597109	29076
chr22	20568033	20768033	harbor1	chr22	20643935	20644389	LTR/ERV1	3060	-	227	20644162	76129
chr22	20568033	20768033	harbor1	chr22	20655240	20655828	LTR/ERV1	2314	-	294	20655534	87501
chr22	20568033	20768033	harbor1	chr22	20655804	20655950	LTR/ERV1	611	-	73	20655877	87844
chr22	20568033	20768033	harbor1	chr22	20656260	20656294	LTR/ERV1	611	-	17	20656277	88244
chr22	20568033	20768033	harbor1	chr22	20656294	20656572	LTR/ERV1	1699	-	139	20656433	88400
chr22	36186432	36386432	harbor1	chr22	36206067	36206752	LTR/ERV1	2655	-	342	36206409	19977
chr22	36186432	36386432	harbor1	chr22	36206844	36207574	LTR/ERV1	3027	-	365	36207209	20777
chr22	36186432	36386432	harbor1	chr22	36208973	36209292	LTR/ERV1	771	-	160	36209133	22701
chr22	36186432	36386432	harbor1	chr22	36213368	36213608	LTR/ERV1	956	-	120	36213488	27056
chr22	36186432	36386432	harbor1	chr22	36213609	36213971	LTR/ERV1	848	-	181	36213790	27358
chr22	36186432	36386432	harbor1	chr22	36214401	36214612	LTR/ERV1	708	-	106	36214507	28075
chr22	36186432	36386432	harbor1	chr22	36214716	36214788	LTR/ERV1	461	-	36	36214752	28320
chr22	36186432	36386432	harbor1	chr22	36214917	36215149	LTR/ERV1	755	-	116	36215033	28601
chr22	36186432	36386432	harbor1	chr22	36246565	36247021	LTR/ERV1	1182	-	228	36246793	60361
chr22	36186432	36386432	harbor1	chr22	36258262	36258487	LTR/ERV1	541	-	112	36258374	71942
chr22	36186432	36386432	harbor1	chr22	36258503	36259070	LTR/ERV1	1554	-	284	36258787	72355
chr22	36186432	36386432	harbor1	chr22	36263688	36264139	LTR/ERV1	1129	-	226	36263914	77482
chr22	23018534	23218534	harbor1	chr22	23026413	23027288	LTR/ERV1	5236	-	438	23026851	8317
chr22	23018534	23218534	harbor1	chr22	23027893	23028301	LTR/ERV1	3936	-	204	23028097	9563
chr22	23018534	23218534	harbor1	chr22	23028654	23028772	LTR/ERV1	3936	-	59	23028713	10179
chr22	23018534	23218534	harbor1	chr22	23029085	23029151	LTR/ERV1	3936	-	33	23029118	10584
chr22	23018534	23218534	harbor1	chr22	23039334	23039347	LTR/ERV1	2667	-	6	23039340	20806
chr22	23018534	23218534	harbor1	chr22	23039641	23040027	LTR/ERV1	2667	-	193	23039834	21300
chr22	23018534	23218534	harbor1	chr22	23040028	23040995	LTR/ERV1	18133	-	484	23040512	21978
chr22	23018534	23218534	harbor1	chr22	23041277	23044059	LTR/ERV1	18133	-	1391	23042668	24134
chr22	23018534	23218534	harbor1	chr22	23044344	23044485	LTR/ERV1	13853	-	70	23044414	25880
chr22	23018534	23218534	harbor1	chr22	23044486	23044743	LTR/ERV1	1790	-	128	23044614	26080
chr22	23018534	23218534	harbor1	chr22	23044747	23046150	LTR/ERV1	9877	-	702	23045449	26915
chr22	23018534	23218534	harbor1	chr22	23046303	23046912	LTR/ERV1	3724	-	304	23046607	28073
chr22	23018534	23218534	harbor1	chr22	23052749	23053145	LTR/ERV1	2670	-	198	23052947	34413
chr22	23018534	23218534	harbor1	chr22	23087473	23088161	LTR/ERV1	5378	-	344	23087817	69283
chr22	36186441	36386441	harbor1	chr22	36206067	36206752	LTR/ERV1	2655	-	342	36206409	19968
chr22	36186441	36386441	harbor1	chr22	36206844	36207574	LTR/ERV1	3027	-	365	36207209	20768
chr22	36186441	36386441	harbor1	chr22	36208973	36209292	LTR/ERV1	771	-	160	36209133	22692
chr22	36186441	36386441	harbor1	chr22	36213368	36213608	LTR/ERV1	956	-	120	36213488	27047
chr22	36186441	36386441	harbor1	chr22	36213609	36213971	LTR/ERV1	848	-	181	36213790	27349
chr22	36186441	36386441	harbor1	chr22	36214401	36214612	LTR/ERV1	708	-	106	36214507	28066
chr22	36186441	36386441	harbor1	chr22	36214716	36214788	LTR/ERV1	461	-	36	36214752	28311
chr22	36186441	36386441	harbor1	chr22	36214917	36215149	LTR/ERV1	755	-	116	36215033	28592
chr22	36186441	36386441	harbor1	chr22	36246565	36247021	LTR/ERV1	1182	-	228	36246793	60352
chr22	36186441	36386441	harbor1	chr22	36258262	36258487	LTR/ERV1	541	-	112	36258374	71933
chr22	36186441	36386441	harbor1	chr22	36258503	36259070	LTR/ERV1	1554	-	284	36258787	72346
chr22	36186441	36386441	harbor1	chr22	36263688	36264139	LTR/ERV1	1129	-	226	36263914	77473
chr22	36186368	36386368	harbor1	chr22	36206067	36206752	LTR/ERV1	2655	-	342	36206409	20041
chr22	36186368	36386368	harbor1	chr22	36206844	36207574	LTR/ERV1	3027	-	365	36207209	20841
chr22	36186368	36386368	harbor1	chr22	36208973	36209292	LTR/ERV1	771	-	160	36209133	22765
chr22	36186368	36386368	harbor1	chr22	36213368	36213608	LTR/ERV1	956	-	120	36213488	27120
chr22	36186368	36386368	harbor1	chr22	36213609	36213971	LTR/ERV1	848	-	181	36213790	27422
chr22	36186368	36386368	harbor1	chr22	36214401	36214612	LTR/ERV1	708	-	106	36214507	28139
chr22	36186368	36386368	harbor1	chr22	36214716	36214788	LTR/ERV1	461	-	36	36214752	28384
chr22	36186368	36386368	harbor1	chr22	36214917	36215149	LTR/ERV1	755	-	116	36215033	28665
chr22	36186368	36386368	harbor1	chr22	36246565	36247021	LTR/ERV1	1182	-	228	36246793	60425
chr22	36186368	36386368	harbor1	chr22	36258262	36258487	LTR/ERV1	541	-	112	36258374	72006
chr22	36186368	36386368	harbor1	chr22	36258503	36259070	LTR/ERV1	1554	-	284	36258787	72419
chr22	36186368	36386368	harbor1	chr22	36263688	36264139	LTR/ERV1	1129	-	226	36263914	77546
chr22	36186428	36386428	harbor1	chr22	36206067	36206752	LTR/ERV1	2655	-	342	36206409	19981
chr22	36186428	36386428	harbor1	chr22	36206844	36207574	LTR/ERV1	3027	-	365	36207209	20781
chr22	36186428	36386428	harbor1	chr22	36208973	36209292	LTR/ERV1	771	-	160	36209133	22705
chr22	36186428	36386428	harbor1	chr22	36213368	36213608	LTR/ERV1	956	-	120	36213488	27060
chr22	36186428	36386428	harbor1	chr22	36213609	36213971	LTR/ERV1	848	-	181	36213790	27362
chr22	36186428	36386428	harbor1	chr22	36214401	36214612	LTR/ERV1	708	-	106	36214507	28079
chr22	36186428	36386428	harbor1	chr22	36214716	36214788	LTR/ERV1	461	-	36	36214752	28324
chr22	36186428	36386428	harbor1	chr22	36214917	36215149	LTR/ERV1	755	-	116	36215033	28605
chr22	36186428	36386428	harbor1	chr22	36246565	36247021	LTR/ERV1	1182	-	228	36246793	60365
chr22	36186428	36386428	harbor1	chr22	36258262	36258487	LTR/ERV1	541	-	112	36258374	71946
chr22	36186428	36386428	harbor1	chr22	36258503	36259070	LTR/ERV1	1554	-	284	36258787	72359
chr22	36186428	36386428	harbor1	chr22	36263688	36264139	LTR/ERV1	1129	-	226	36263914	77486
chrX	130071758	130271758	harbor1	chrX	130124633	130125226	LTR/ERV1	2952	-	296	130124929	53171
chrX	129832695	130032695	harbor1	chrX	129880692	129881207	LTR/ERV1	2990	-	258	129880950	48255
chrX	109902871	110102871	harbor1	chrX	110000728	110001332	LTR/ERV1	4126	-	302	110001030	98159
chrX	37578419	37778419	harbor1	chrX	37666089	37666463	LTR/ERV1	1409	-	187	37666276	87857
chrX	37578419	37778419	harbor1	chrX	37672380	37672903	LTR/ERV1	2499	-	262	37672642	94223
chrX	49064231	49264231	harbor1	chrX	49086893	49086909	LTR/ERV1	646	-	8	49086901	22670
chrX	49064231	49264231	harbor1	chrX	49136515	49136605	LTR/ERV1	1585	-	45	49136560	72329
chrX	49064231	49264231	harbor1	chrX	49137529	49137781	LTR/ERV1	1585	-	126	49137655	73424
chrX	49064231	49264231	harbor1	chrX	49139563	49139966	LTR/ERV1	1676	-	202	49139765	75534
chrX	49064231	49264231	harbor1	chrX	49139967	49144004	LTR/ERV1	24720	-	2018	49141985	77754
chrX	49064231	49264231	harbor1	chrX	49144307	49144422	LTR/ERV1	24720	-	58	49144365	80134
chrX	49064231	49264231	harbor1	chrX	49144807	49148192	LTR/ERV1	20402	-	1692	49146499	82268
chrX	49064231	49264231	harbor1	chrX	49148261	49148648	LTR/ERV1	2715	-	194	49148455	84224
chrX	49064231	49264231	harbor1	chrX	49148652	49148812	LTR/ERV1	1062	-	80	49148732	84501
chrX	49064231	49264231	harbor1	chrX	49086453	49086584	LTR/ERV1	646	-	66	49086519	22288
chrX	48792105	48992105	harbor1	chrX	48882660	48882845	LTR/ERV1	706	-	92	48882752	90647
chrX	48792105	48992105	harbor1	chrX	48884228	48884289	LTR/ERV1	1354	-	30	48884258	92153
chrX	48792105	48992105	harbor1	chrX	48884592	48884762	LTR/ERV1	1354	-	85	48884677	92572
chrX	48792105	48992105	harbor1	chrX	48885380	48885402	LTR/ERV1	1354	-	11	48885391	93286
chrX	7048274	7248274	harbor1	chrX	7048889	7049064	LTR/ERV1	768	-	88	7048977	703
chrX	7048274	7248274	harbor1	chrX	7116034	7116296	LTR/ERV1	1207	-	131	7116165	67891
chrX	7048274	7248274	harbor1	chrX	7110567	7111001	LTR/ERV1	2403	-	217	7110784	62510
