H_chr	H_start	H_end	Harbor	TE_chr	TE_start	TE_end	TE	score	TE_strand	TE_half	TE_middle_pos	TE_dis
chr1	33553586	33753586	harbor2	chr1	33577858	33578087	SINE/MIR	465	+	114	33577972	24386
chr1	33553586	33753586	harbor2	chr1	33584201	33584390	SINE/MIR	623	+	94	33584295	30709
chr1	33553586	33753586	harbor2	chr1	33603011	33603202	SINE/MIR	603	+	96	33603107	49521
chr1	33553586	33753586	harbor2	chr1	33605522	33605741	SINE/MIR	461	+	110	33605632	52046
chr1	33553586	33753586	harbor2	chr1	33615488	33615684	SINE/MIR	487	+	98	33615586	62000
chr1	33553586	33753586	harbor2	chr1	33652041	33652183	SINE/MIR	505	+	71	33652112	98526
chr1	33553586	33753586	harbor2	chr1	33653080	33653234	SINE/MIR	449	+	77	33653157	99571
chr1	16544783	16744783	harbor2	chr1	16627937	16628172	SINE/MIR	841	+	118	16628055	83272
chr1	16544783	16744783	harbor2	chr1	16631944	16632142	SINE/MIR	460	+	99	16632043	87260
chr1	39476409	39676409	harbor2	chr1	39490430	39490616	SINE/MIR	473	+	93	39490523	14114
chr1	39476409	39676409	harbor2	chr1	39496432	39496570	SINE/MIR	439	+	69	39496501	20092
chr1	39476409	39676409	harbor2	chr1	39527709	39527890	SINE/MIR	485	+	90	39527799	51390
chr1	39476409	39676409	harbor2	chr1	39547224	39547442	SINE/MIR	864	+	109	39547333	70924
chr1	63223447	63423447	harbor2	chr1	63223894	63224082	SINE/MIR	565	+	94	63223988	541
chr1	63223447	63423447	harbor2	chr1	63277585	63277817	SINE/MIR	813	+	116	63277701	54254
chr1	63223447	63423447	harbor2	chr1	63281116	63281219	SINE/MIR	488	+	52	63281168	57721
chr1	63223447	63423447	harbor2	chr1	63299373	63299565	SINE/MIR	563	+	96	63299469	76022
chr1	63223447	63423447	harbor2	chr1	63306023	63306201	SINE/MIR	459	+	89	63306112	82665
chr1	63223447	63423447	harbor2	chr1	63309512	63309704	SINE/MIR	510	+	96	63309608	86161
chr1	8230832	8430832	harbor2	chr1	8285303	8285433	SINE/MIR	462	+	65	8285368	54536
chr1	150462182	150662182	harbor2	chr1	150510234	150510382	SINE/MIR	544	+	74	150510308	48126
chr1	150462182	150662182	harbor2	chr1	150530134	150530285	SINE/MIR	520	+	76	150530210	68028
chr1	150462182	150662182	harbor2	chr1	150544277	150544496	SINE/MIR	648	+	110	150544387	82205
chr1	21991636	22191636	harbor2	chr1	22007647	22007845	SINE/MIR	439	+	99	22007746	16110
chr1	21991636	22191636	harbor2	chr1	22041819	22042010	SINE/MIR	662	+	96	22041915	50279
chr1	21991636	22191636	harbor2	chr1	22050368	22050612	SINE/MIR	727	+	122	22050490	58854
chr1	21991636	22191636	harbor2	chr1	22057026	22057272	SINE/MIR	900	+	123	22057149	65513
chr1	21991636	22191636	harbor2	chr1	22076455	22076691	SINE/MIR	879	+	118	22076573	84937
chr1	51231071	51431071	harbor2	chr1	51283336	51283572	SINE/MIR	764	+	118	51283454	52383
chr1	51231071	51431071	harbor2	chr1	51293742	51293991	SINE/MIR	823	+	124	51293866	62795
chr1	51231071	51431071	harbor2	chr1	51327452	51327678	SINE/MIR	585	+	113	51327565	96494
chr1	51231071	51431071	harbor2	chr1	51329992	51330134	SINE/MIR	444	+	71	51330063	98992
chr1	51231071	51431071	harbor2	chr1	51314685	51314888	SINE/MIR	437	+	102	51314787	83716
chr1	16544721	16744721	harbor2	chr1	16627937	16628172	SINE/MIR	841	+	118	16628055	83334
chr1	16544721	16744721	harbor2	chr1	16631944	16632142	SINE/MIR	460	+	99	16632043	87322
chr1	196878094	197078094	harbor2	chr1	196878354	196878579	SINE/MIR	594	+	112	196878466	372
chr1	16545193	16745193	harbor2	chr1	16627937	16628172	SINE/MIR	841	+	118	16628055	82862
chr1	16545193	16745193	harbor2	chr1	16631944	16632142	SINE/MIR	460	+	99	16632043	86850
chr1	16544779	16744779	harbor2	chr1	16627937	16628172	SINE/MIR	841	+	118	16628055	83276
chr1	16544779	16744779	harbor2	chr1	16631944	16632142	SINE/MIR	460	+	99	16632043	87264
chr1	44562804	44762804	harbor2	chr1	44563577	44563780	SINE/MIR	558	+	102	44563679	875
chr1	44562804	44762804	harbor2	chr1	44585678	44585868	SINE/MIR	546	+	95	44585773	22969
chr1	44562804	44762804	harbor2	chr1	44589219	44589330	SINE/MIR	487	+	56	44589275	26471
chr1	44562804	44762804	harbor2	chr1	44608452	44608661	SINE/MIR	573	+	104	44608556	45752
chr1	44562804	44762804	harbor2	chr1	44634240	44634457	SINE/MIR	523	+	108	44634348	71544
chr1	44562804	44762804	harbor2	chr1	44648180	44648389	SINE/MIR	749	+	104	44648284	85480
chr1	44562804	44762804	harbor2	chr1	44656123	44656348	SINE/MIR	547	+	112	44656235	93431
chr1	16597141	16797141	harbor2	chr1	16627937	16628172	SINE/MIR	841	+	118	16628055	30914
chr1	16597141	16797141	harbor2	chr1	16631944	16632142	SINE/MIR	460	+	99	16632043	34902
chr1	89907751	90107751	harbor2	chr1	89910616	89910800	SINE/MIR	608	+	92	89910708	2957
chr1	89907751	90107751	harbor2	chr1	89939811	89940025	SINE/MIR	720	+	107	89939918	32167
chr1	89907751	90107751	harbor2	chr1	89944616	89944767	SINE/MIR	568	+	76	89944692	36941
chr1	89907751	90107751	harbor2	chr1	89974616	89974771	SINE/MIR	447	+	78	89974694	66943
chr1	89907751	90107751	harbor2	chr1	89988611	89988836	SINE/MIR	801	+	112	89988723	80972
chr1	193014143	193214143	harbor2	chr1	193046430	193046624	SINE/MIR	626	+	97	193046527	32384
chr1	193014143	193214143	harbor2	chr1	193046924	193047151	SINE/MIR	609	+	114	193047038	32895
chr1	193014143	193214143	harbor2	chr1	193101662	193101788	SINE/MIR	474	+	63	193101725	87582
chr1	16808665	17008665	harbor2	chr1	16855924	16856123	SINE/MIR	469	+	100	16856024	47359
chr1	16808665	17008665	harbor2	chr1	16856361	16856577	SINE/MIR	514	+	108	16856469	47804
chr1	16808665	17008665	harbor2	chr1	16857561	16857709	SINE/MIR	703	+	74	16857635	48970
chr1	16808665	17008665	harbor2	chr1	16858007	16858054	SINE/MIR	703	+	24	16858031	49366
chr1	16544785	16744785	harbor2	chr1	16627937	16628172	SINE/MIR	841	+	118	16628055	83270
chr1	16544785	16744785	harbor2	chr1	16631944	16632142	SINE/MIR	460	+	99	16632043	87258
chr1	230009530	230209530	harbor2	chr1	230032857	230033011	SINE/MIR	474	+	77	230032934	23404
chr1	230009530	230209530	harbor2	chr1	230057512	230057718	SINE/MIR	513	+	103	230057615	48085
chr1	230009530	230209530	harbor2	chr1	230058511	230058672	SINE/MIR	536	+	80	230058591	49061
chr1	230009530	230209530	harbor2	chr1	230080666	230080885	SINE/MIR	682	+	110	230080776	71246
chr1	230009530	230209530	harbor2	chr1	230086833	230087055	SINE/MIR	486	+	111	230086944	77414
chr1	16603811	16803811	harbor2	chr1	16627937	16628172	SINE/MIR	841	+	118	16628055	24244
chr1	16603811	16803811	harbor2	chr1	16631944	16632142	SINE/MIR	460	+	99	16632043	28232
chr1	16545192	16745192	harbor2	chr1	16627937	16628172	SINE/MIR	841	+	118	16628055	82863
chr1	16545192	16745192	harbor2	chr1	16631944	16632142	SINE/MIR	460	+	99	16632043	86851
chr1	16544750	16744750	harbor2	chr1	16627937	16628172	SINE/MIR	841	+	118	16628055	83305
chr1	16544750	16744750	harbor2	chr1	16631944	16632142	SINE/MIR	460	+	99	16632043	87293
chr1	77659514	77859514	harbor2	chr1	77671505	77671725	SINE/MIR	633	+	110	77671615	12101
chr1	16544770	16744770	harbor2	chr1	16627937	16628172	SINE/MIR	841	+	118	16628055	83285
chr1	16544770	16744770	harbor2	chr1	16631944	16632142	SINE/MIR	460	+	99	16632043	87273
chr1	7671936	7871936	harbor2	chr1	7721232	7721460	SINE/MIR	628	+	114	7721346	49410
chr1	7671936	7871936	harbor2	chr1	7729683	7729827	SINE/MIR	578	+	72	7729755	57819
chr1	7671936	7871936	harbor2	chr1	7763019	7763202	SINE/MIR	550	+	92	7763111	91175
chr1	6689234	6889234	harbor2	chr1	6700472	6700707	SINE/MIR	849	+	118	6700590	11356
chr1	16544787	16744787	harbor2	chr1	16627937	16628172	SINE/MIR	841	+	118	16628055	83268
chr1	16544787	16744787	harbor2	chr1	16631944	16632142	SINE/MIR	460	+	99	16632043	87256
chr1	16545135	16745135	harbor2	chr1	16627937	16628172	SINE/MIR	841	+	118	16628055	82920
chr1	16545135	16745135	harbor2	chr1	16631944	16632142	SINE/MIR	460	+	99	16632043	86908
chr1	16545197	16745197	harbor2	chr1	16627937	16628172	SINE/MIR	841	+	118	16628055	82858
chr1	16545197	16745197	harbor2	chr1	16631944	16632142	SINE/MIR	460	+	99	16632043	86846
chr1	3438097	3638097	harbor2	chr1	3451780	3451995	SINE/MIR	538	+	108	3451888	13791
chr1	53847484	54047484	harbor2	chr1	53861417	53861571	SINE/MIR	518	+	77	53861494	14010
chr1	53847484	54047484	harbor2	chr1	53868291	53868545	SINE/MIR	630	+	127	53868418	20934
chr1	53847484	54047484	harbor2	chr1	53876593	53876855	SINE/MIR	1051	+	131	53876724	29240
chr1	53847484	54047484	harbor2	chr1	53883445	53883623	SINE/MIR	487	+	89	53883534	36050
chr1	53847484	54047484	harbor2	chr1	53885010	53885202	SINE/MIR	476	+	96	53885106	37622
chr1	53847484	54047484	harbor2	chr1	53887716	53887931	SINE/MIR	772	+	108	53887824	40340
chr1	53847484	54047484	harbor2	chr1	53889349	53889564	SINE/MIR	536	+	108	53889457	41973
chr1	53847484	54047484	harbor2	chr1	53906328	53906535	SINE/MIR	556	+	104	53906432	58948
chr1	53847484	54047484	harbor2	chr1	53937981	53938223	SINE/MIR	471	+	121	53938102	90618
chr1	26401378	26601378	harbor2	chr1	26401689	26401930	SINE/MIR	788	+	120	26401809	431
chr1	26401378	26601378	harbor2	chr1	26403343	26403530	SINE/MIR	535	+	94	26403437	2059
chr1	26401378	26601378	harbor2	chr1	26406180	26406362	SINE/MIR	538	+	91	26406271	4893
chr1	26401378	26601378	harbor2	chr1	26417540	26417774	SINE/MIR	583	+	117	26417657	16279
chr1	26401378	26601378	harbor2	chr1	26436815	26436888	SINE/MIR	671	+	36	26436851	35473
chr1	26401378	26601378	harbor2	chr1	26437190	26437340	SINE/MIR	671	+	75	26437265	35887
chr1	26401378	26601378	harbor2	chr1	26440333	26440576	SINE/MIR	690	+	122	26440455	39077
chr1	26401378	26601378	harbor2	chr1	26445016	26445258	SINE/MIR	944	+	121	26445137	43759
chr1	26401378	26601378	harbor2	chr1	26446037	26446246	SINE/MIR	534	+	104	26446141	44763
chr1	26401378	26601378	harbor2	chr1	26465468	26465699	SINE/MIR	746	+	116	26465584	64206
chr1	26401378	26601378	harbor2	chr1	26491706	26491870	SINE/MIR	610	+	82	26491788	90410
chr1	16544771	16744771	harbor2	chr1	16627937	16628172	SINE/MIR	841	+	118	16628055	83284
chr1	16544771	16744771	harbor2	chr1	16631944	16632142	SINE/MIR	460	+	99	16632043	87272
chr1	244605778	244805778	harbor2	chr1	244634642	244634841	SINE/MIR	676	+	100	244634742	28964
chr1	6685470	6885470	harbor2	chr1	6700472	6700707	SINE/MIR	849	+	118	6700590	15120
chr1	240671354	240871354	harbor2	chr1	240715797	240715933	SINE/MIR	447	+	68	240715865	44511
chr1	156560138	156760138	harbor2	chr1	156567402	156567533	SINE/MIR	538	+	66	156567468	7330
chr1	156560138	156760138	harbor2	chr1	156582648	156582838	SINE/MIR	589	+	95	156582743	22605
chr1	156560138	156760138	harbor2	chr1	156620239	156620462	SINE/MIR	646	+	112	156620351	60213
chr1	156560138	156760138	harbor2	chr1	156638872	156639006	SINE/MIR	444	+	67	156638939	78801
chr1	6135664	6335664	harbor2	chr1	6145670	6145824	SINE/MIR	465	+	77	6145747	10083
chr1	6135664	6335664	harbor2	chr1	6156911	6157084	SINE/MIR	532	+	86	6156997	21333
chr1	6135664	6335664	harbor2	chr1	6235075	6235301	SINE/MIR	583	+	113	6235188	99524
chr1	16625198	16825198	harbor2	chr1	16627937	16628172	SINE/MIR	841	+	118	16628055	2857
chr1	16625198	16825198	harbor2	chr1	16631944	16632142	SINE/MIR	460	+	99	16632043	6845
chr1	156560141	156760141	harbor2	chr1	156567402	156567533	SINE/MIR	538	+	66	156567468	7327
chr1	156560141	156760141	harbor2	chr1	156582648	156582838	SINE/MIR	589	+	95	156582743	22602
chr1	156560141	156760141	harbor2	chr1	156620239	156620462	SINE/MIR	646	+	112	156620351	60210
chr1	156560141	156760141	harbor2	chr1	156638872	156639006	SINE/MIR	444	+	67	156638939	78798
chr1	6685464	6885464	harbor2	chr1	6700472	6700707	SINE/MIR	849	+	118	6700590	15126
chr1	245603502	245803502	harbor2	chr1	245605067	245605256	SINE/MIR	625	+	94	245605161	1659
chr1	245603502	245803502	harbor2	chr1	245621222	245621450	SINE/MIR	462	+	114	245621336	17834
chr1	245603502	245803502	harbor2	chr1	245700145	245700371	SINE/MIR	695	+	113	245700258	96756
chr1	53374991	53574991	harbor2	chr1	53384447	53384582	SINE/MIR	550	+	68	53384515	9524
chr1	53374991	53574991	harbor2	chr1	53385635	53385788	SINE/MIR	549	+	76	53385711	10720
chr1	53374991	53574991	harbor2	chr1	53397555	53397669	SINE/MIR	601	+	57	53397612	22621
chr1	53374991	53574991	harbor2	chr1	53397964	53398079	SINE/MIR	601	+	58	53398022	23031
chr1	53374991	53574991	harbor2	chr1	53412083	53412252	SINE/MIR	585	+	84	53412167	37176
chr1	53374991	53574991	harbor2	chr1	53417984	53418094	SINE/MIR	515	+	55	53418039	43048
chr1	53374991	53574991	harbor2	chr1	53450105	53450339	SINE/MIR	451	+	117	53450222	75231
chr1	53374991	53574991	harbor2	chr1	53452505	53452692	SINE/MIR	468	+	94	53452599	77608
chr1	53374991	53574991	harbor2	chr1	53454662	53454912	SINE/MIR	956	+	125	53454787	79796
chr1	53374991	53574991	harbor2	chr1	53463342	53463576	SINE/MIR	742	+	117	53463459	88468
chr1	53374991	53574991	harbor2	chr1	53465728	53465901	SINE/MIR	679	+	86	53465814	90823
chr1	16545159	16745159	harbor2	chr1	16627937	16628172	SINE/MIR	841	+	118	16628055	82896
chr1	16545159	16745159	harbor2	chr1	16631944	16632142	SINE/MIR	460	+	99	16632043	86884
chr1	225783160	225983160	harbor2	chr1	225790828	225791002	SINE/MIR	661	+	87	225790915	7755
chr1	225783160	225983160	harbor2	chr1	225802732	225802949	SINE/MIR	557	+	108	225802840	19680
chr1	225783160	225983160	harbor2	chr1	225855211	225855388	SINE/MIR	794	+	88	225855299	72139
chr1	23859371	24059371	harbor2	chr1	23872546	23872774	SINE/MIR	912	+	114	23872660	13289
chr1	23859371	24059371	harbor2	chr1	23889721	23889943	SINE/MIR	681	+	111	23889832	30461
chr1	23859371	24059371	harbor2	chr1	23893331	23893495	SINE/MIR	633	+	82	23893413	34042
chr1	23859371	24059371	harbor2	chr1	23896251	23896490	SINE/MIR	692	+	120	23896371	37000
chr1	23859371	24059371	harbor2	chr1	23906231	23906374	SINE/MIR	546	+	72	23906303	46932
chr1	23859371	24059371	harbor2	chr1	23909883	23909965	SINE/MIR	459	+	41	23909924	50553
chr1	23859371	24059371	harbor2	chr1	23910261	23910361	SINE/MIR	459	+	50	23910311	50940
chr1	23859371	24059371	harbor2	chr1	23912453	23912668	SINE/MIR	562	+	108	23912561	53190
chr1	23859371	24059371	harbor2	chr1	23927598	23927844	SINE/MIR	794	+	123	23927721	68350
chr1	23859371	24059371	harbor2	chr1	23929108	23929242	SINE/MIR	565	+	67	23929175	69804
chr1	23859371	24059371	harbor2	chr1	23931755	23931974	SINE/MIR	669	+	110	23931865	72494
chr1	23859371	24059371	harbor2	chr1	23950813	23951014	SINE/MIR	558	+	100	23950913	91542
chr1	53944027	54144027	harbor2	chr1	53947885	53948124	SINE/MIR	819	+	120	53948005	3978
chr1	53944027	54144027	harbor2	chr1	53963392	53963576	SINE/MIR	491	+	92	53963484	19457
chr1	53944027	54144027	harbor2	chr1	54007808	54007981	SINE/MIR	449	+	86	54007894	63867
chr1	53944027	54144027	harbor2	chr1	54009803	54009970	SINE/MIR	447	+	84	54009887	65860
chr1	53944027	54144027	harbor2	chr1	54012370	54012577	SINE/MIR	511	+	104	54012474	68447
chr1	53944027	54144027	harbor2	chr1	54014883	54015088	SINE/MIR	639	+	102	54014985	70958
chr1	53944027	54144027	harbor2	chr1	54016602	54016817	SINE/MIR	583	+	108	54016710	72683
chr1	53944027	54144027	harbor2	chr1	54024262	54024464	SINE/MIR	558	+	101	54024363	80336
chr1	53944027	54144027	harbor2	chr1	54042688	54042858	SINE/MIR	452	+	85	54042773	98746
chr1	211034336	211234336	harbor2	chr1	211067793	211067977	SINE/MIR	468	+	92	211067885	33549
chr1	201845418	202045418	harbor2	chr1	201847791	201848002	SINE/MIR	471	+	106	201847897	2479
chr1	201845418	202045418	harbor2	chr1	201882712	201882862	SINE/MIR	442	+	75	201882787	37369
chr1	201845418	202045418	harbor2	chr1	201884098	201884339	SINE/MIR	940	+	120	201884218	38800
chr1	201845418	202045418	harbor2	chr1	201887769	201887941	SINE/MIR	522	+	86	201887855	42437
chr1	201845418	202045418	harbor2	chr1	201889925	201890042	SINE/MIR	437	+	58	201889983	44565
chr1	201845418	202045418	harbor2	chr1	201896454	201896618	SINE/MIR	521	+	82	201896536	51118
chr1	201845418	202045418	harbor2	chr1	201907144	201907311	SINE/MIR	480	+	84	201907228	61810
chr1	201845418	202045418	harbor2	chr1	201925258	201925368	SINE/MIR	507	+	55	201925313	79895
chr1	226638243	226838243	harbor2	chr1	226661520	226661740	SINE/MIR	602	+	110	226661630	23387
chr1	226638243	226838243	harbor2	chr1	226675533	226675776	SINE/MIR	758	+	122	226675655	37412
chr1	226638243	226838243	harbor2	chr1	226676471	226676658	SINE/MIR	767	+	94	226676565	38322
chr1	226638243	226838243	harbor2	chr1	226678466	226678665	SINE/MIR	563	+	100	226678566	40323
chr1	226638243	226838243	harbor2	chr1	226682387	226682629	SINE/MIR	580	+	121	226682508	44265
chr1	226638243	226838243	harbor2	chr1	226696128	226696275	SINE/MIR	758	+	74	226696202	57959
chr1	226638243	226838243	harbor2	chr1	226699379	226699644	SINE/MIR	785	+	132	226699511	61268
chr1	226638243	226838243	harbor2	chr1	226720424	226720642	SINE/MIR	458	+	109	226720533	82290
chr1	6685487	6885487	harbor2	chr1	6700472	6700707	SINE/MIR	849	+	118	6700590	15103
chr1	16544788	16744788	harbor2	chr1	16627937	16628172	SINE/MIR	841	+	118	16628055	83267
chr1	16544788	16744788	harbor2	chr1	16631944	16632142	SINE/MIR	460	+	99	16632043	87255
chr1	46124232	46324232	harbor2	chr1	46169176	46169375	SINE/MIR	498	+	100	46169276	45044
chr1	46124232	46324232	harbor2	chr1	46178719	46178933	SINE/MIR	789	+	107	46178826	54594
chr1	155589258	155789258	harbor2	chr1	155593399	155593644	SINE/MIR	622	+	122	155593521	4263
chr1	54391077	54591077	harbor2	chr1	54398082	54398327	SINE/MIR	480	+	122	54398204	7127
chr1	54391077	54591077	harbor2	chr1	54399300	54399516	SINE/MIR	441	+	108	54399408	8331
chr1	54391077	54591077	harbor2	chr1	54438094	54438209	SINE/MIR	474	+	58	54438152	47075
chr1	54391077	54591077	harbor2	chr1	54471966	54472175	SINE/MIR	446	+	104	54472070	80993
chr1	54391077	54591077	harbor2	chr1	54475111	54475248	SINE/MIR	454	+	68	54475179	84102
chr1	54391077	54591077	harbor2	chr1	54481249	54481379	SINE/MIR	474	+	65	54481314	90237
chr1	244870487	245070487	harbor2	chr1	244885705	244885899	SINE/MIR	687	+	97	244885802	15315
chr1	244870487	245070487	harbor2	chr1	244887534	244887795	SINE/MIR	705	+	130	244887664	17177
chr1	244870487	245070487	harbor2	chr1	244911183	244911353	SINE/MIR	509	+	85	244911268	40781
chr1	244870487	245070487	harbor2	chr1	244935973	244936139	SINE/MIR	632	+	83	244936056	65569
chr1	244870487	245070487	harbor2	chr1	244949416	244949597	SINE/MIR	539	+	90	244949506	79019
chr1	244870487	245070487	harbor2	chr1	244962807	244962944	SINE/MIR	466	+	68	244962875	92388
chr1	6685468	6885468	harbor2	chr1	6700472	6700707	SINE/MIR	849	+	118	6700590	15122
chr1	6871137	7071137	harbor2	chr1	6874236	6874481	SINE/MIR	796	+	122	6874358	3221
chr1	6871137	7071137	harbor2	chr1	6951286	6951478	SINE/MIR	655	+	96	6951382	80245
chr1	65260750	65460750	harbor2	chr1	65279969	65280138	SINE/MIR	541	+	84	65280053	19303
chr1	65260750	65460750	harbor2	chr1	65323067	65323210	SINE/MIR	699	+	72	65323139	62389
chr1	65260750	65460750	harbor2	chr1	65323908	65324015	SINE/MIR	699	+	54	65323962	63212
chr1	65260750	65460750	harbor2	chr1	65340488	65340730	SINE/MIR	817	+	121	65340609	79859
chr1	65260750	65460750	harbor2	chr1	65341028	65341164	SINE/MIR	463	+	68	65341096	80346
chr1	65260750	65460750	harbor2	chr1	65342140	65342235	SINE/MIR	626	+	48	65342188	81438
chr1	65260750	65460750	harbor2	chr1	65342609	65342747	SINE/MIR	626	+	69	65342678	81928
chr1	65260750	65460750	harbor2	chr1	65358322	65358563	SINE/MIR	941	+	120	65358442	97692
chr1	160440370	160640370	harbor2	chr1	160463908	160464054	SINE/MIR	602	+	73	160463981	23611
chr1	160440370	160640370	harbor2	chr1	160492354	160492545	SINE/MIR	613	+	96	160492450	52080
chr1	160440370	160640370	harbor2	chr1	160522184	160522361	SINE/MIR	487	+	88	160522272	81902
chr1	168036739	168236739	harbor2	chr1	168041037	168041171	SINE/MIR	488	+	67	168041104	4365
chr1	168036739	168236739	harbor2	chr1	168046111	168046313	SINE/MIR	475	+	101	168046212	9473
chr1	168036739	168236739	harbor2	chr1	168085908	168086143	SINE/MIR	494	+	118	168086026	49287
chr1	168036739	168236739	harbor2	chr1	168098840	168099060	SINE/MIR	565	+	110	168098950	62211
chr1	168036739	168236739	harbor2	chr1	168114267	168114301	SINE/MIR	509	+	17	168114284	77545
chr1	168036739	168236739	harbor2	chr1	168114571	168114762	SINE/MIR	509	+	96	168114667	77928
chr1	168036739	168236739	harbor2	chr1	168117395	168117622	SINE/MIR	1135	+	114	168117509	80770
chr1	16544790	16744790	harbor2	chr1	16627937	16628172	SINE/MIR	841	+	118	16628055	83265
chr1	16544790	16744790	harbor2	chr1	16631944	16632142	SINE/MIR	460	+	99	16632043	87253
chr1	16545176	16745176	harbor2	chr1	16627937	16628172	SINE/MIR	841	+	118	16628055	82879
chr1	16545176	16745176	harbor2	chr1	16631944	16632142	SINE/MIR	460	+	99	16632043	86867
chr1	16545073	16745073	harbor2	chr1	16627937	16628172	SINE/MIR	841	+	118	16628055	82982
chr1	16545073	16745073	harbor2	chr1	16631944	16632142	SINE/MIR	460	+	99	16632043	86970
chr1	53939662	54139662	harbor2	chr1	53947885	53948124	SINE/MIR	819	+	120	53948005	8343
chr1	53939662	54139662	harbor2	chr1	53963392	53963576	SINE/MIR	491	+	92	53963484	23822
chr1	53939662	54139662	harbor2	chr1	54007808	54007981	SINE/MIR	449	+	86	54007894	68232
chr1	53939662	54139662	harbor2	chr1	54009803	54009970	SINE/MIR	447	+	84	54009887	70225
chr1	53939662	54139662	harbor2	chr1	54012370	54012577	SINE/MIR	511	+	104	54012474	72812
chr1	53939662	54139662	harbor2	chr1	54014883	54015088	SINE/MIR	639	+	102	54014985	75323
chr1	53939662	54139662	harbor2	chr1	54016602	54016817	SINE/MIR	583	+	108	54016710	77048
chr1	53939662	54139662	harbor2	chr1	54024262	54024464	SINE/MIR	558	+	101	54024363	84701
chr1	226011849	226211849	harbor2	chr1	226041351	226041587	SINE/MIR	901	+	118	226041469	29620
chr1	226011849	226211849	harbor2	chr1	226051508	226051715	SINE/MIR	549	+	104	226051612	39763
chr1	226011849	226211849	harbor2	chr1	226091475	226091528	SINE/MIR	577	+	26	226091501	79652
chr1	226011849	226211849	harbor2	chr1	226091701	226091808	SINE/MIR	577	+	54	226091755	79906
chr1	226011849	226211849	harbor2	chr1	226093821	226093964	SINE/MIR	446	+	72	226093893	82044
chr1	226011849	226211849	harbor2	chr1	226094576	226094786	SINE/MIR	609	+	105	226094681	82832
chr1	16617135	16817135	harbor2	chr1	16627937	16628172	SINE/MIR	841	+	118	16628055	10920
chr1	16617135	16817135	harbor2	chr1	16631944	16632142	SINE/MIR	460	+	99	16632043	14908
chr1	205330793	205530793	harbor2	chr1	205334725	205334874	SINE/MIR	453	+	74	205334799	4006
chr1	205330793	205530793	harbor2	chr1	205348498	205348702	SINE/MIR	605	+	102	205348600	17807
chr1	205330793	205530793	harbor2	chr1	205357652	205357811	SINE/MIR	554	+	80	205357732	26939
chr1	205330793	205530793	harbor2	chr1	205363137	205363336	SINE/MIR	870	+	100	205363237	32444
chr1	205330793	205530793	harbor2	chr1	205422797	205423034	SINE/MIR	799	+	118	205422915	92122
chr1	205330793	205530793	harbor2	chr1	205427037	205427274	SINE/MIR	507	+	118	205427155	96362
chr1	2460824	2660824	harbor2	chr1	2525516	2525721	SINE/MIR	604	+	102	2525618	64794
chr1	2460824	2660824	harbor2	chr1	2541261	2541402	SINE/MIR	658	+	70	2541331	80507
chr1	16545165	16745165	harbor2	chr1	16627937	16628172	SINE/MIR	841	+	118	16628055	82890
chr1	16545165	16745165	harbor2	chr1	16631944	16632142	SINE/MIR	460	+	99	16632043	86878
chr1	16546378	16746378	harbor2	chr1	16627937	16628172	SINE/MIR	841	+	118	16628055	81677
chr1	16546378	16746378	harbor2	chr1	16631944	16632142	SINE/MIR	460	+	99	16632043	85665
chr1	16544815	16744815	harbor2	chr1	16627937	16628172	SINE/MIR	841	+	118	16628055	83240
chr1	16544815	16744815	harbor2	chr1	16631944	16632142	SINE/MIR	460	+	99	16632043	87228
chr1	33270603	33470603	harbor2	chr1	33274208	33274367	SINE/MIR	690	+	80	33274288	3685
chr1	33270603	33470603	harbor2	chr1	33274755	33274931	SINE/MIR	487	+	88	33274843	4240
chr1	33270603	33470603	harbor2	chr1	33303125	33303303	SINE/MIR	633	+	89	33303214	32611
chr1	33270603	33470603	harbor2	chr1	33313715	33313925	SINE/MIR	650	+	105	33313820	43217
chr1	33270603	33470603	harbor2	chr1	33330319	33330487	SINE/MIR	575	+	84	33330403	59800
chr1	33270603	33470603	harbor2	chr1	33330725	33330956	SINE/MIR	632	+	116	33330841	60238
chr1	33270603	33470603	harbor2	chr1	33337437	33337651	SINE/MIR	450	+	107	33337544	66941
chr1	33270603	33470603	harbor2	chr1	33342910	33343151	SINE/MIR	630	+	120	33343030	72427
chr1	33270603	33470603	harbor2	chr1	33352384	33352514	SINE/MIR	508	+	65	33352449	81846
chr1	33270603	33470603	harbor2	chr1	33355739	33355991	SINE/MIR	459	+	126	33355865	85262
chr1	33270603	33470603	harbor2	chr1	33358922	33359196	SINE/MIR	726	+	137	33359059	88456
chr1	33270603	33470603	harbor2	chr1	33360387	33360650	SINE/MIR	607	+	132	33360519	89916
chr1	33270603	33470603	harbor2	chr1	33365034	33365305	SINE/MIR	505	+	136	33365170	94567
chr1	211033758	211233758	harbor2	chr1	211067793	211067977	SINE/MIR	468	+	92	211067885	34127
chr1	3315101	3515101	harbor2	chr1	3371760	3371925	SINE/MIR	447	+	82	3371842	56741
chr1	16546331	16746331	harbor2	chr1	16627937	16628172	SINE/MIR	841	+	118	16628055	81724
chr1	16546331	16746331	harbor2	chr1	16631944	16632142	SINE/MIR	460	+	99	16632043	85712
chr1	154985521	155185521	harbor2	chr1	155014365	155014584	SINE/MIR	716	+	110	155014475	28954
chr1	154985521	155185521	harbor2	chr1	155049071	155049314	SINE/MIR	587	+	122	155049193	63672
chr1	154985521	155185521	harbor2	chr1	155050162	155050377	SINE/MIR	491	+	108	155050270	64749
chr1	154985521	155185521	harbor2	chr1	155055068	155055205	SINE/MIR	522	+	68	155055136	69615
chr1	154985521	155185521	harbor2	chr1	155058812	155059033	SINE/MIR	743	+	110	155058922	73401
chr1	154985521	155185521	harbor2	chr1	155064436	155064609	SINE/MIR	469	+	86	155064522	79001
chr1	19188141	19388141	harbor2	chr1	19233738	19233959	SINE/MIR	631	+	110	19233848	45707
chr1	19188141	19388141	harbor2	chr1	19237607	19237848	SINE/MIR	496	+	120	19237727	49586
chr1	10693996	10893996	harbor2	chr1	10720059	10720261	SINE/MIR	450	+	101	10720160	26164
chr1	10693996	10893996	harbor2	chr1	10733727	10733965	SINE/MIR	619	+	119	10733846	39850
chr1	10693996	10893996	harbor2	chr1	10766256	10766474	SINE/MIR	982	+	109	10766365	72369
chr1	10693996	10893996	harbor2	chr1	10777053	10777202	SINE/MIR	491	+	74	10777127	83131
chr1	10693996	10893996	harbor2	chr1	10780719	10780945	SINE/MIR	521	+	113	10780832	86836
chr1	153664662	153864662	harbor2	chr1	153685126	153685328	SINE/MIR	493	+	101	153685227	20565
chr1	153664662	153864662	harbor2	chr1	153699502	153699755	SINE/MIR	872	+	126	153699628	34966
chr1	153664662	153864662	harbor2	chr1	153744897	153745084	SINE/MIR	542	+	94	153744991	80329
chr1	16544753	16744753	harbor2	chr1	16627937	16628172	SINE/MIR	841	+	118	16628055	83302
chr1	16544753	16744753	harbor2	chr1	16631944	16632142	SINE/MIR	460	+	99	16632043	87290
chr1	16544725	16744725	harbor2	chr1	16627937	16628172	SINE/MIR	841	+	118	16628055	83330
chr1	16544725	16744725	harbor2	chr1	16631944	16632142	SINE/MIR	460	+	99	16632043	87318
chr1	16821931	17021931	harbor2	chr1	16855924	16856123	SINE/MIR	469	+	100	16856024	34093
chr1	16821931	17021931	harbor2	chr1	16856361	16856577	SINE/MIR	514	+	108	16856469	34538
chr1	16821931	17021931	harbor2	chr1	16857561	16857709	SINE/MIR	703	+	74	16857635	35704
chr1	16821931	17021931	harbor2	chr1	16858007	16858054	SINE/MIR	703	+	24	16858031	36100
chr1	16821931	17021931	harbor2	chr1	16912240	16912399	SINE/MIR	492	+	80	16912320	90389
chr1	145858041	146058041	harbor2	chr1	145880339	145880574	SINE/MIR	656	+	118	145880457	22416
chr1	145858041	146058041	harbor2	chr1	145938403	145938557	SINE/MIR	656	+	77	145938480	80439
chr1	145858041	146058041	harbor2	chr1	145941672	145941884	SINE/MIR	928	+	106	145941778	83737
chr1	202857893	203057893	harbor2	chr1	202915659	202915809	SINE/MIR	454	+	75	202915734	57841
chr1	202857893	203057893	harbor2	chr1	202923595	202923777	SINE/MIR	523	+	91	202923686	65793
chr1	12673928	12873928	harbor2	chr1	12703297	12703454	SINE/MIR	565	+	78	12703375	29447
chr1	12673928	12873928	harbor2	chr1	12745748	12745994	SINE/MIR	600	+	123	12745871	71943
chr1	53371603	53571603	harbor2	chr1	53384447	53384582	SINE/MIR	550	+	68	53384515	12912
chr1	53371603	53571603	harbor2	chr1	53385635	53385788	SINE/MIR	549	+	76	53385711	14108
chr1	53371603	53571603	harbor2	chr1	53397555	53397669	SINE/MIR	601	+	57	53397612	26009
chr1	53371603	53571603	harbor2	chr1	53397964	53398079	SINE/MIR	601	+	58	53398022	26419
chr1	53371603	53571603	harbor2	chr1	53412083	53412252	SINE/MIR	585	+	84	53412167	40564
chr1	53371603	53571603	harbor2	chr1	53417984	53418094	SINE/MIR	515	+	55	53418039	46436
chr1	53371603	53571603	harbor2	chr1	53450105	53450339	SINE/MIR	451	+	117	53450222	78619
chr1	53371603	53571603	harbor2	chr1	53452505	53452692	SINE/MIR	468	+	94	53452599	80996
chr1	53371603	53571603	harbor2	chr1	53454662	53454912	SINE/MIR	956	+	125	53454787	83184
chr1	53371603	53571603	harbor2	chr1	53463342	53463576	SINE/MIR	742	+	117	53463459	91856
chr1	53371603	53571603	harbor2	chr1	53465728	53465901	SINE/MIR	679	+	86	53465814	94211
chr1	204585865	204785865	harbor2	chr1	204591401	204591593	SINE/MIR	497	+	96	204591497	5632
chr1	204585865	204785865	harbor2	chr1	204600361	204600514	SINE/MIR	566	+	76	204600437	14572
chr1	204585865	204785865	harbor2	chr1	204610365	204610563	SINE/MIR	727	+	99	204610464	24599
chr1	204585865	204785865	harbor2	chr1	204612026	204612273	SINE/MIR	872	+	124	204612150	26285
chr1	204585865	204785865	harbor2	chr1	204625159	204625303	SINE/MIR	439	+	72	204625231	39366
chr1	204585865	204785865	harbor2	chr1	204634812	204635006	SINE/MIR	655	+	97	204634909	49044
chr1	204585865	204785865	harbor2	chr1	204643831	204644057	SINE/MIR	893	+	113	204643944	58079
chr1	204585865	204785865	harbor2	chr1	204668601	204668824	SINE/MIR	616	+	112	204668713	82848
chr1	204585865	204785865	harbor2	chr1	204669124	204669161	SINE/MIR	616	+	18	204669142	83277
chr1	204585865	204785865	harbor2	chr1	204676848	204677070	SINE/MIR	717	+	111	204676959	91094
chr1	204585865	204785865	harbor2	chr1	204680048	204680280	SINE/MIR	616	+	116	204680164	94299
chr1	204585865	204785865	harbor2	chr1	204652424	204652622	SINE/MIR	477	+	99	204652523	66658
chr1	16544708	16744708	harbor2	chr1	16627937	16628172	SINE/MIR	841	+	118	16628055	83347
chr1	16544708	16744708	harbor2	chr1	16631944	16632142	SINE/MIR	460	+	99	16632043	87335
chr1	205492013	205692013	harbor2	chr1	205507214	205507349	SINE/MIR	438	+	68	205507282	15269
chr1	205492013	205692013	harbor2	chr1	205507664	205507713	SINE/MIR	438	+	24	205507688	15675
chr1	205492013	205692013	harbor2	chr1	205509452	205509628	SINE/MIR	457	+	88	205509540	17527
chr1	205492013	205692013	harbor2	chr1	205523705	205523893	SINE/MIR	613	+	94	205523799	31786
chr1	205492013	205692013	harbor2	chr1	205525465	205525669	SINE/MIR	884	+	102	205525567	33554
chr1	205492013	205692013	harbor2	chr1	205529733	205529939	SINE/MIR	562	+	103	205529836	37823
chr1	205492013	205692013	harbor2	chr1	205537698	205537866	SINE/MIR	764	+	84	205537782	45769
chr1	205492013	205692013	harbor2	chr1	205539474	205539636	SINE/MIR	598	+	81	205539555	47542
chr1	205492013	205692013	harbor2	chr1	205545942	205546119	SINE/MIR	449	+	88	205546030	54017
chr1	205492013	205692013	harbor2	chr1	205546391	205546604	SINE/MIR	739	+	106	205546497	54484
chr1	205492013	205692013	harbor2	chr1	205556915	205557112	SINE/MIR	959	+	98	205557013	65000
chr1	17636788	17836788	harbor2	chr1	17643548	17643776	SINE/MIR	567	+	114	17643662	6874
chr1	17636788	17836788	harbor2	chr1	17647169	17647418	SINE/MIR	469	+	124	17647293	10505
chr1	17636788	17836788	harbor2	chr1	17653712	17653871	SINE/MIR	574	+	80	17653792	17004
chr1	17636788	17836788	harbor2	chr1	17660278	17660448	SINE/MIR	454	+	85	17660363	23575
chr1	17636788	17836788	harbor2	chr1	17667938	17668170	SINE/MIR	494	+	116	17668054	31266
chr1	17636788	17836788	harbor2	chr1	17708759	17708912	SINE/MIR	534	+	76	17708835	72047
chr1	17636788	17836788	harbor2	chr1	17724968	17725125	SINE/MIR	458	+	78	17725046	88258
chr1	17636788	17836788	harbor2	chr1	17730206	17730435	SINE/MIR	643	+	114	17730320	93532
chr1	17636788	17836788	harbor2	chr1	17733284	17733494	SINE/MIR	496	+	105	17733389	96601
chr1	154985525	155185525	harbor2	chr1	155014365	155014584	SINE/MIR	716	+	110	155014475	28950
chr1	154985525	155185525	harbor2	chr1	155049071	155049314	SINE/MIR	587	+	122	155049193	63668
chr1	154985525	155185525	harbor2	chr1	155050162	155050377	SINE/MIR	491	+	108	155050270	64745
chr1	154985525	155185525	harbor2	chr1	155055068	155055205	SINE/MIR	522	+	68	155055136	69611
chr1	154985525	155185525	harbor2	chr1	155058812	155059033	SINE/MIR	743	+	110	155058922	73397
chr1	154985525	155185525	harbor2	chr1	155064436	155064609	SINE/MIR	469	+	86	155064522	78997
chr1	2460838	2660838	harbor2	chr1	2525516	2525721	SINE/MIR	604	+	102	2525618	64780
chr1	2460838	2660838	harbor2	chr1	2541261	2541402	SINE/MIR	658	+	70	2541331	80493
chr1	216443727	216643727	harbor2	chr1	216456255	216456464	SINE/MIR	703	+	104	216456359	12632
chr1	216443727	216643727	harbor2	chr1	216457604	216457728	SINE/MIR	438	+	62	216457666	13939
chr1	216443727	216643727	harbor2	chr1	216464683	216464895	SINE/MIR	659	+	106	216464789	21062
chr1	216443727	216643727	harbor2	chr1	216474020	216474263	SINE/MIR	599	+	122	216474142	30415
chr1	216443727	216643727	harbor2	chr1	216498436	216498649	SINE/MIR	730	+	106	216498542	54815
chr1	216443727	216643727	harbor2	chr1	216526794	216526984	SINE/MIR	478	+	95	216526889	83162
chr1	216443727	216643727	harbor2	chr1	216535161	216535298	SINE/MIR	492	+	68	216535229	91502
chr1	205649090	205849090	harbor2	chr1	205664027	205664232	SINE/MIR	515	+	102	205664129	15039
chr1	205649090	205849090	harbor2	chr1	205672680	205672832	SINE/MIR	538	+	76	205672756	23666
chr1	205649090	205849090	harbor2	chr1	205691835	205692047	SINE/MIR	702	+	106	205691941	42851
chr1	205649090	205849090	harbor2	chr1	205704773	205704925	SINE/MIR	639	+	76	205704849	55759
chr1	205649090	205849090	harbor2	chr1	205735538	205735670	SINE/MIR	450	+	66	205735604	86514
chr1	16625110	16825110	harbor2	chr1	16627937	16628172	SINE/MIR	841	+	118	16628055	2945
chr1	16625110	16825110	harbor2	chr1	16631944	16632142	SINE/MIR	460	+	99	16632043	6933
chr1	211400835	211600835	harbor2	chr1	211469383	211469588	SINE/MIR	770	+	102	211469485	68650
chr1	211400835	211600835	harbor2	chr1	211488068	211488215	SINE/MIR	439	+	74	211488142	87307
chr1	211400835	211600835	harbor2	chr1	211488956	211489161	SINE/MIR	482	+	102	211489058	88223
chr1	211033756	211233756	harbor2	chr1	211067793	211067977	SINE/MIR	468	+	92	211067885	34129
chr1	16544789	16744789	harbor2	chr1	16627937	16628172	SINE/MIR	841	+	118	16628055	83266
chr1	16544789	16744789	harbor2	chr1	16631944	16632142	SINE/MIR	460	+	99	16632043	87254
chr1	53371621	53571621	harbor2	chr1	53384447	53384582	SINE/MIR	550	+	68	53384515	12894
chr1	53371621	53571621	harbor2	chr1	53385635	53385788	SINE/MIR	549	+	76	53385711	14090
chr1	53371621	53571621	harbor2	chr1	53397555	53397669	SINE/MIR	601	+	57	53397612	25991
chr1	53371621	53571621	harbor2	chr1	53397964	53398079	SINE/MIR	601	+	58	53398022	26401
chr1	53371621	53571621	harbor2	chr1	53412083	53412252	SINE/MIR	585	+	84	53412167	40546
chr1	53371621	53571621	harbor2	chr1	53417984	53418094	SINE/MIR	515	+	55	53418039	46418
chr1	53371621	53571621	harbor2	chr1	53450105	53450339	SINE/MIR	451	+	117	53450222	78601
chr1	53371621	53571621	harbor2	chr1	53452505	53452692	SINE/MIR	468	+	94	53452599	80978
chr1	53371621	53571621	harbor2	chr1	53454662	53454912	SINE/MIR	956	+	125	53454787	83166
chr1	53371621	53571621	harbor2	chr1	53463342	53463576	SINE/MIR	742	+	117	53463459	91838
chr1	53371621	53571621	harbor2	chr1	53465728	53465901	SINE/MIR	679	+	86	53465814	94193
chr1	16544734	16744734	harbor2	chr1	16627937	16628172	SINE/MIR	841	+	118	16628055	83321
chr1	16544734	16744734	harbor2	chr1	16631944	16632142	SINE/MIR	460	+	99	16632043	87309
chr1	3431191	3631191	harbor2	chr1	3451780	3451995	SINE/MIR	538	+	108	3451888	20697
chr1	18514441	18714441	harbor2	chr1	18527603	18527741	SINE/MIR	557	+	69	18527672	13231
chr1	18514441	18714441	harbor2	chr1	18535648	18535872	SINE/MIR	457	+	112	18535760	21319
chr1	18514441	18714441	harbor2	chr1	18538960	18539161	SINE/MIR	617	+	100	18539060	24619
chr1	18514441	18714441	harbor2	chr1	18540747	18540963	SINE/MIR	486	+	108	18540855	26414
chr1	18514441	18714441	harbor2	chr1	18562918	18563068	SINE/MIR	780	+	75	18562993	48552
chr1	18514441	18714441	harbor2	chr1	18564463	18564668	SINE/MIR	445	+	102	18564565	50124
chr1	18514441	18714441	harbor2	chr1	18574298	18574497	SINE/MIR	512	+	100	18574398	59957
chr1	18514441	18714441	harbor2	chr1	18583045	18583172	SINE/MIR	492	+	64	18583109	68668
chr1	18514441	18714441	harbor2	chr1	18586852	18586997	SINE/MIR	561	+	72	18586924	72483
chr1	18514441	18714441	harbor2	chr1	18600209	18600360	SINE/MIR	443	+	76	18600285	85844
chr1	18514441	18714441	harbor2	chr1	18603071	18603215	SINE/MIR	443	+	72	18603143	88702
chr1	53227374	53427374	harbor2	chr1	53248465	53248720	SINE/MIR	1274	+	128	53248593	21219
chr1	53227374	53427374	harbor2	chr1	53255673	53255908	SINE/MIR	742	+	118	53255791	28417
chr1	53227374	53427374	harbor2	chr1	53260080	53260228	SINE/MIR	461	+	74	53260154	32780
chr1	53227374	53427374	harbor2	chr1	53280263	53280442	SINE/MIR	580	+	90	53280353	52979
chr1	53227374	53427374	harbor2	chr1	53281618	53281844	SINE/MIR	791	+	113	53281731	54357
chr1	53227374	53427374	harbor2	chr1	53285404	53285644	SINE/MIR	699	+	120	53285524	58150
chr1	53227374	53427374	harbor2	chr1	53289059	53289199	SINE/MIR	575	+	70	53289129	61755
chr1	53227374	53427374	harbor2	chr1	53290273	53290493	SINE/MIR	468	+	110	53290383	63009
chr1	53227374	53427374	harbor2	chr1	53294391	53294588	SINE/MIR	449	+	98	53294489	67115
chr1	53227374	53427374	harbor2	chr1	53305177	53305361	SINE/MIR	511	+	92	53305269	77895
chr1	53227374	53427374	harbor2	chr1	53306437	53306616	SINE/MIR	544	+	90	53306527	79153
chr1	53227374	53427374	harbor2	chr1	53308814	53308992	SINE/MIR	502	+	89	53308903	81529
chr1	53227374	53427374	harbor2	chr1	53309288	53309311	SINE/MIR	502	+	12	53309300	81926
chr1	53227374	53427374	harbor2	chr1	53320858	53321100	SINE/MIR	640	+	121	53320979	93605
chr1	53227374	53427374	harbor2	chr1	53323705	53323841	SINE/MIR	463	+	68	53323773	96399
chr1	53227374	53427374	harbor2	chr1	53324850	53325049	SINE/MIR	474	+	100	53324950	97576
chr1	53227374	53427374	harbor2	chr1	53247968	53248122	SINE/MIR	787	+	77	53248045	20671
chr1	16545038	16745038	harbor2	chr1	16627937	16628172	SINE/MIR	841	+	118	16628055	83017
chr1	16545038	16745038	harbor2	chr1	16631944	16632142	SINE/MIR	460	+	99	16632043	87005
chr1	36756807	36956807	harbor2	chr1	36757092	36757239	SINE/MIR	460	+	74	36757166	359
chr1	36756807	36956807	harbor2	chr1	36766715	36766964	SINE/MIR	802	+	124	36766839	10032
chr1	36756807	36956807	harbor2	chr1	36774836	36775003	SINE/MIR	602	+	84	36774920	18113
chr1	36756807	36956807	harbor2	chr1	36781762	36781970	SINE/MIR	610	+	104	36781866	25059
chr1	36756807	36956807	harbor2	chr1	36788242	36788447	SINE/MIR	470	+	102	36788344	31537
chr1	36756807	36956807	harbor2	chr1	36789371	36789510	SINE/MIR	575	+	70	36789441	32634
chr1	36756807	36956807	harbor2	chr1	36789947	36790009	SINE/MIR	575	+	31	36789978	33171
chr1	36756807	36956807	harbor2	chr1	36810971	36811175	SINE/MIR	619	+	102	36811073	54266
chr1	36756807	36956807	harbor2	chr1	36813099	36813357	SINE/MIR	1113	+	129	36813228	56421
chr1	36756807	36956807	harbor2	chr1	36816118	36816344	SINE/MIR	644	+	113	36816231	59424
chr1	36756807	36956807	harbor2	chr1	36823842	36823972	SINE/MIR	522	+	65	36823907	67100
chr1	36756807	36956807	harbor2	chr1	36840133	36840245	SINE/MIR	488	+	56	36840189	83382
chr1	36756807	36956807	harbor2	chr1	36844618	36844757	SINE/MIR	589	+	70	36844688	87881
chr1	36756807	36956807	harbor2	chr1	36854217	36854429	SINE/MIR	692	+	106	36854323	97516
chr1	2927639	3127639	harbor2	chr1	2941687	2941866	SINE/MIR	454	+	90	2941777	14138
chr1	2927639	3127639	harbor2	chr1	2983908	2984099	SINE/MIR	580	+	96	2984004	56365
chr1	94138719	94338719	harbor2	chr1	94146862	94147078	SINE/MIR	693	+	108	94146970	8251
chr1	94138719	94338719	harbor2	chr1	94172087	94172326	SINE/MIR	717	+	120	94172207	33488
chr1	94138719	94338719	harbor2	chr1	94176127	94176359	SINE/MIR	466	+	116	94176243	37524
chr1	94138719	94338719	harbor2	chr1	94191841	94191984	SINE/MIR	438	+	72	94191913	53194
chr1	94138719	94338719	harbor2	chr1	94204464	94204706	SINE/MIR	561	+	121	94204585	65866
chr1	94138719	94338719	harbor2	chr1	94206412	94206596	SINE/MIR	458	+	92	94206504	67785
chr1	94138719	94338719	harbor2	chr1	94213663	94213870	SINE/MIR	739	+	104	94213767	75048
chr1	94138719	94338719	harbor2	chr1	94223300	94223535	SINE/MIR	994	+	118	94223418	84699
chr1	94138719	94338719	harbor2	chr1	94225201	94225438	SINE/MIR	560	+	118	94225319	86600
chr1	94138719	94338719	harbor2	chr1	94236910	94237116	SINE/MIR	581	+	103	94237013	98294
chr1	229333991	229533991	harbor2	chr1	229349776	229349977	SINE/MIR	581	+	100	229349876	15885
chr1	229333991	229533991	harbor2	chr1	229363045	229363237	SINE/MIR	458	+	96	229363141	29150
chr1	229333991	229533991	harbor2	chr1	229391612	229391773	SINE/MIR	604	+	80	229391692	57701
chr1	145758969	145958969	harbor2	chr1	145769178	145769350	SINE/MIR	715	+	86	145769264	10295
chr1	145758969	145958969	harbor2	chr1	145851226	145851343	SINE/MIR	466	+	58	145851284	92315
chr1	145758969	145958969	harbor2	chr1	145852447	145852546	SINE/MIR	477	+	50	145852497	93528
chr1	211034401	211234401	harbor2	chr1	211067793	211067977	SINE/MIR	468	+	92	211067885	33484
chr1	185217222	185417222	harbor2	chr1	185218803	185218938	SINE/MIR	492	+	68	185218871	1649
chr1	185217222	185417222	harbor2	chr1	185219197	185219445	SINE/MIR	897	+	124	185219321	2099
chr1	185217222	185417222	harbor2	chr1	185272524	185272743	SINE/MIR	917	+	110	185272634	55412
chr1	9226709	9426709	harbor2	chr1	9237161	9237236	SINE/MIR	659	+	38	9237199	10490
chr1	9226709	9426709	harbor2	chr1	9237533	9237708	SINE/MIR	659	+	88	9237621	10912
chr1	9226709	9426709	harbor2	chr1	9255969	9256183	SINE/MIR	614	+	107	9256076	29367
chr1	9226709	9426709	harbor2	chr1	9284439	9284642	SINE/MIR	898	+	102	9284541	57832
chr1	9226709	9426709	harbor2	chr1	9287428	9287620	SINE/MIR	681	+	96	9287524	60815
chr1	39855819	40055819	harbor2	chr1	39858297	39858533	SINE/MIR	974	+	118	39858415	2596
chr1	39855819	40055819	harbor2	chr1	39882993	39883198	SINE/MIR	582	+	102	39883095	27276
chr1	39855819	40055819	harbor2	chr1	39885492	39885572	SINE/MIR	536	+	40	39885532	29713
chr1	39855819	40055819	harbor2	chr1	39885882	39885993	SINE/MIR	536	+	56	39885938	30119
chr1	39855819	40055819	harbor2	chr1	39893379	39893566	SINE/MIR	477	+	94	39893473	37654
chr1	39855819	40055819	harbor2	chr1	39902544	39902643	SINE/MIR	512	+	50	39902594	46775
chr1	39855819	40055819	harbor2	chr1	39921956	39922186	SINE/MIR	524	+	115	39922071	66252
chr1	39855819	40055819	harbor2	chr1	39927439	39927625	SINE/MIR	514	+	93	39927532	71713
chr1	39855819	40055819	harbor2	chr1	39934005	39934255	SINE/MIR	1061	+	125	39934130	78311
chr1	157038937	157238937	harbor2	chr1	157042404	157042663	SINE/MIR	780	+	130	157042534	3597
chr1	157038937	157238937	harbor2	chr1	157067672	157067934	SINE/MIR	777	+	131	157067803	28866
chr1	157038937	157238937	harbor2	chr1	157084940	157085068	SINE/MIR	867	+	64	157085004	46067
chr1	157038937	157238937	harbor2	chr1	157085199	157085312	SINE/MIR	867	+	56	157085255	46318
chr1	157038937	157238937	harbor2	chr1	157116783	157117003	SINE/MIR	796	+	110	157116893	77956
chr1	157038937	157238937	harbor2	chr1	157119479	157119603	SINE/MIR	468	+	62	157119541	80604
chr1	157038937	157238937	harbor2	chr1	157130596	157130762	SINE/MIR	752	+	83	157130679	91742
chr1	43458974	43658974	harbor2	chr1	43534794	43535006	SINE/MIR	688	+	106	43534900	75926
chr1	43458974	43658974	harbor2	chr1	43551588	43551749	SINE/MIR	450	+	80	43551668	92694
chr1	43458974	43658974	harbor2	chr1	43553153	43553374	SINE/MIR	737	+	110	43553263	94289
chr1	16544754	16744754	harbor2	chr1	16627937	16628172	SINE/MIR	841	+	118	16628055	83301
chr1	16544754	16744754	harbor2	chr1	16631944	16632142	SINE/MIR	460	+	99	16632043	87289
chr1	53371668	53571668	harbor2	chr1	53384447	53384582	SINE/MIR	550	+	68	53384515	12847
chr1	53371668	53571668	harbor2	chr1	53385635	53385788	SINE/MIR	549	+	76	53385711	14043
chr1	53371668	53571668	harbor2	chr1	53397555	53397669	SINE/MIR	601	+	57	53397612	25944
chr1	53371668	53571668	harbor2	chr1	53397964	53398079	SINE/MIR	601	+	58	53398022	26354
chr1	53371668	53571668	harbor2	chr1	53412083	53412252	SINE/MIR	585	+	84	53412167	40499
chr1	53371668	53571668	harbor2	chr1	53417984	53418094	SINE/MIR	515	+	55	53418039	46371
chr1	53371668	53571668	harbor2	chr1	53450105	53450339	SINE/MIR	451	+	117	53450222	78554
chr1	53371668	53571668	harbor2	chr1	53452505	53452692	SINE/MIR	468	+	94	53452599	80931
chr1	53371668	53571668	harbor2	chr1	53454662	53454912	SINE/MIR	956	+	125	53454787	83119
chr1	53371668	53571668	harbor2	chr1	53463342	53463576	SINE/MIR	742	+	117	53463459	91791
chr1	53371668	53571668	harbor2	chr1	53465728	53465901	SINE/MIR	679	+	86	53465814	94146
chr1	2439521	2639521	harbor2	chr1	2525516	2525721	SINE/MIR	604	+	102	2525618	86097
chr1	154985519	155185519	harbor2	chr1	155014365	155014584	SINE/MIR	716	+	110	155014475	28956
chr1	154985519	155185519	harbor2	chr1	155049071	155049314	SINE/MIR	587	+	122	155049193	63674
chr1	154985519	155185519	harbor2	chr1	155050162	155050377	SINE/MIR	491	+	108	155050270	64751
chr1	154985519	155185519	harbor2	chr1	155055068	155055205	SINE/MIR	522	+	68	155055136	69617
chr1	154985519	155185519	harbor2	chr1	155058812	155059033	SINE/MIR	743	+	110	155058922	73403
chr1	154985519	155185519	harbor2	chr1	155064436	155064609	SINE/MIR	469	+	86	155064522	79003
chr1	92386040	92586040	harbor2	chr1	92438219	92438326	SINE/MIR	776	+	54	92438273	52233
chr1	92386040	92586040	harbor2	chr1	92438633	92438695	SINE/MIR	776	+	31	92438664	52624
chr1	92386040	92586040	harbor2	chr1	92463168	92463407	SINE/MIR	788	+	120	92463288	77248
chr1	92386040	92586040	harbor2	chr1	92477899	92478097	SINE/MIR	741	+	99	92477998	91958
chr1	6351783	6551783	harbor2	chr1	6391653	6391866	SINE/MIR	511	+	106	6391759	39976
chr1	6351783	6551783	harbor2	chr1	6405483	6405737	SINE/MIR	730	+	127	6405610	53827
chr1	6351783	6551783	harbor2	chr1	6436172	6436423	SINE/MIR	670	+	126	6436298	84515
chr1	204636318	204836318	harbor2	chr1	204643831	204644057	SINE/MIR	893	+	113	204643944	7626
chr1	204636318	204836318	harbor2	chr1	204668601	204668824	SINE/MIR	616	+	112	204668713	32395
chr1	204636318	204836318	harbor2	chr1	204669124	204669161	SINE/MIR	616	+	18	204669142	32824
chr1	204636318	204836318	harbor2	chr1	204676848	204677070	SINE/MIR	717	+	111	204676959	40641
chr1	204636318	204836318	harbor2	chr1	204680048	204680280	SINE/MIR	616	+	116	204680164	43846
chr1	204636318	204836318	harbor2	chr1	204699265	204699518	SINE/MIR	778	+	126	204699391	63073
chr1	204636318	204836318	harbor2	chr1	204711836	204712031	SINE/MIR	763	+	98	204711934	75616
chr1	204636318	204836318	harbor2	chr1	204712771	204712986	SINE/MIR	812	+	108	204712879	76561
chr1	204636318	204836318	harbor2	chr1	204731322	204731547	SINE/MIR	666	+	112	204731434	95116
chr1	204636318	204836318	harbor2	chr1	204652424	204652622	SINE/MIR	477	+	99	204652523	16205
chr1	47352962	47552962	harbor2	chr1	47404120	47404281	SINE/MIR	495	+	80	47404200	51238
chr1	47352962	47552962	harbor2	chr1	47414655	47414841	SINE/MIR	638	+	93	47414748	61786
chr1	47352962	47552962	harbor2	chr1	47431989	47432107	SINE/MIR	509	+	59	47432048	79086
chr1	15277447	15477447	harbor2	chr1	15283943	15284153	SINE/MIR	499	+	105	15284048	6601
chr1	15277447	15477447	harbor2	chr1	15295108	15295271	SINE/MIR	660	+	82	15295190	17743
chr1	15277447	15477447	harbor2	chr1	15305413	15305544	SINE/MIR	516	+	66	15305479	28032
chr1	15277447	15477447	harbor2	chr1	15308093	15308212	SINE/MIR	516	+	60	15308153	30706
chr1	15277447	15477447	harbor2	chr1	15329845	15330024	SINE/MIR	838	+	90	15329935	52488
chr1	15277447	15477447	harbor2	chr1	15349210	15349373	SINE/MIR	549	+	82	15349292	71845
chr1	15277447	15477447	harbor2	chr1	15353021	15353244	SINE/MIR	557	+	112	15353133	75686
chr1	15277447	15477447	harbor2	chr1	15362968	15363020	SINE/MIR	454	+	26	15362994	85547
chr1	15277447	15477447	harbor2	chr1	15363431	15363529	SINE/MIR	454	+	49	15363480	86033
chr1	15277447	15477447	harbor2	chr1	15368599	15368657	SINE/MIR	514	+	29	15368628	91181
chr1	15277447	15477447	harbor2	chr1	15368954	15369132	SINE/MIR	514	+	89	15369043	91596
chr1	15277447	15477447	harbor2	chr1	15376510	15376738	SINE/MIR	731	+	114	15376624	99177
chr1	116384166	116584166	harbor2	chr1	116413153	116413347	SINE/MIR	558	+	97	116413250	29084
chr1	116384166	116584166	harbor2	chr1	116416943	116417176	SINE/MIR	521	+	116	116417059	32893
chr1	116384166	116584166	harbor2	chr1	116449344	116449593	SINE/MIR	453	+	124	116449468	65302
chr1	116384166	116584166	harbor2	chr1	116450373	116450632	SINE/MIR	648	+	130	116450503	66337
chr1	116384166	116584166	harbor2	chr1	116467457	116467645	SINE/MIR	481	+	94	116467551	83385
chr1	92387184	92587184	harbor2	chr1	92438219	92438326	SINE/MIR	776	+	54	92438273	51089
chr1	92387184	92587184	harbor2	chr1	92438633	92438695	SINE/MIR	776	+	31	92438664	51480
chr1	92387184	92587184	harbor2	chr1	92463168	92463407	SINE/MIR	788	+	120	92463288	76104
chr1	92387184	92587184	harbor2	chr1	92477899	92478097	SINE/MIR	741	+	99	92477998	90814
chr1	160901756	161101756	harbor2	chr1	160994668	160994788	SINE/MIR	475	+	60	160994728	92972
chr1	153261923	153461923	harbor2	chr1	153291419	153291573	SINE/MIR	450	+	77	153291496	29573
chr1	153261923	153461923	harbor2	chr1	153342302	153342539	SINE/MIR	510	+	118	153342420	80497
chr1	211033759	211233759	harbor2	chr1	211067793	211067977	SINE/MIR	468	+	92	211067885	34126
chr1	16625199	16825199	harbor2	chr1	16627937	16628172	SINE/MIR	841	+	118	16628055	2856
chr1	16625199	16825199	harbor2	chr1	16631944	16632142	SINE/MIR	460	+	99	16632043	6844
chr1	211034198	211234198	harbor2	chr1	211067793	211067977	SINE/MIR	468	+	92	211067885	33687
chr1	6086924	6286924	harbor2	chr1	6145670	6145824	SINE/MIR	465	+	77	6145747	58823
chr1	6086924	6286924	harbor2	chr1	6156911	6157084	SINE/MIR	532	+	86	6156997	70073
chr1	6685458	6885458	harbor2	chr1	6700472	6700707	SINE/MIR	849	+	118	6700590	15132
chr1	31972874	32172874	harbor2	chr1	31988677	31988851	SINE/MIR	758	+	87	31988764	15890
chr1	31972874	32172874	harbor2	chr1	31990922	31991110	SINE/MIR	454	+	94	31991016	18142
chr1	31972874	32172874	harbor2	chr1	31996598	31996830	SINE/MIR	544	+	116	31996714	23840
chr1	31972874	32172874	harbor2	chr1	31997617	31997692	SINE/MIR	585	+	38	31997655	24781
chr1	31972874	32172874	harbor2	chr1	31998020	31998132	SINE/MIR	585	+	56	31998076	25202
chr1	31972874	32172874	harbor2	chr1	32023291	32023411	SINE/MIR	451	+	60	32023351	50477
chr1	31972874	32172874	harbor2	chr1	32031291	32031479	SINE/MIR	538	+	94	32031385	58511
chr1	31972874	32172874	harbor2	chr1	32053697	32053800	SINE/MIR	483	+	52	32053749	80875
chr1	31972874	32172874	harbor2	chr1	32054084	32054125	SINE/MIR	483	+	20	32054104	81230
chr1	16545147	16745147	harbor2	chr1	16627937	16628172	SINE/MIR	841	+	118	16628055	82908
chr1	16545147	16745147	harbor2	chr1	16631944	16632142	SINE/MIR	460	+	99	16632043	86896
chr1	20561543	20761543	harbor2	chr1	20562986	20563198	SINE/MIR	510	+	106	20563092	1549
chr1	20561543	20761543	harbor2	chr1	20570879	20570988	SINE/MIR	444	+	54	20570933	9390
chr1	20561543	20761543	harbor2	chr1	20571300	20571311	SINE/MIR	444	+	6	20571306	9763
chr1	20561543	20761543	harbor2	chr1	20571758	20571864	SINE/MIR	444	+	53	20571811	10268
chr1	20561543	20761543	harbor2	chr1	20585810	20585961	SINE/MIR	516	+	76	20585886	24343
chr1	20561543	20761543	harbor2	chr1	20608782	20608979	SINE/MIR	695	+	98	20608880	47337
chr1	20561543	20761543	harbor2	chr1	20612233	20612288	SINE/MIR	443	+	28	20612261	50718
chr1	20561543	20761543	harbor2	chr1	20613002	20613091	SINE/MIR	443	+	44	20613046	51503
chr1	211947399	212147399	harbor2	chr1	211979330	211979533	SINE/MIR	500	+	102	211979432	32033
chr1	211947399	212147399	harbor2	chr1	211991247	211991410	SINE/MIR	451	+	82	211991329	43930
chr1	70743302	70943302	harbor2	chr1	70764388	70764584	SINE/MIR	572	+	98	70764486	21184
chr1	70743302	70943302	harbor2	chr1	70785904	70786099	SINE/MIR	502	+	98	70786002	42700
chr1	70743302	70943302	harbor2	chr1	70808641	70808823	SINE/MIR	460	+	91	70808732	65430
chr1	70743302	70943302	harbor2	chr1	70827903	70828130	SINE/MIR	867	+	114	70828017	84715
chr1	201550981	201750981	harbor2	chr1	201557984	201558095	SINE/MIR	617	+	56	201558040	7059
chr1	201550981	201750981	harbor2	chr1	201559040	201559172	SINE/MIR	617	+	66	201559106	8125
chr1	201550981	201750981	harbor2	chr1	201563533	201563714	SINE/MIR	499	+	90	201563623	12642
chr1	201550981	201750981	harbor2	chr1	201568562	201568778	SINE/MIR	611	+	108	201568670	17689
chr1	201550981	201750981	harbor2	chr1	201569828	201570036	SINE/MIR	601	+	104	201569932	18951
chr1	201550981	201750981	harbor2	chr1	201573629	201573736	SINE/MIR	451	+	54	201573683	22702
chr1	201550981	201750981	harbor2	chr1	201589335	201589482	SINE/MIR	475	+	74	201589409	38428
chr1	201550981	201750981	harbor2	chr1	201589792	201589805	SINE/MIR	475	+	6	201589798	38817
chr1	201550981	201750981	harbor2	chr1	201595963	201596223	SINE/MIR	894	+	130	201596093	45112
chr1	201550981	201750981	harbor2	chr1	201614746	201614956	SINE/MIR	895	+	105	201614851	63870
chr1	201550981	201750981	harbor2	chr1	201618613	201618812	SINE/MIR	531	+	100	201618713	67732
chr1	201550981	201750981	harbor2	chr1	201634049	201634288	SINE/MIR	870	+	120	201634169	83188
chr1	7558962	7758962	harbor2	chr1	7567819	7568059	SINE/MIR	762	+	120	7567939	8977
chr1	7558962	7758962	harbor2	chr1	7575027	7575180	SINE/MIR	464	+	76	7575103	16141
chr1	7558962	7758962	harbor2	chr1	7580874	7581018	SINE/MIR	549	+	72	7580946	21984
chr1	7558962	7758962	harbor2	chr1	7597150	7597361	SINE/MIR	657	+	106	7597256	38294
chr1	7558962	7758962	harbor2	chr1	7610960	7611158	SINE/MIR	451	+	99	7611059	52097
chr1	7558962	7758962	harbor2	chr1	7615373	7615584	SINE/MIR	524	+	106	7615479	56517
chr1	7558962	7758962	harbor2	chr1	7615813	7616041	SINE/MIR	479	+	114	7615927	56965
chr1	7558962	7758962	harbor2	chr1	7637639	7637905	SINE/MIR	517	+	133	7637772	78810
chr1	7558962	7758962	harbor2	chr1	7652817	7652999	SINE/MIR	518	+	91	7652908	93946
chr1	152207691	152407691	harbor2	chr1	152248547	152248743	SINE/MIR	786	+	98	152248645	40954
chr1	152207691	152407691	harbor2	chr1	152250860	152251066	SINE/MIR	566	+	103	152250963	43272
chr1	209557754	209757754	harbor2	chr1	209585423	209585636	SINE/MIR	519	+	106	209585529	27775
chr1	209557754	209757754	harbor2	chr1	209614212	209614403	SINE/MIR	488	+	96	209614308	56554
chr1	209557754	209757754	harbor2	chr1	209620588	209620802	SINE/MIR	797	+	107	209620695	62941
chr1	209557754	209757754	harbor2	chr1	209625351	209625573	SINE/MIR	619	+	111	209625462	67708
chr1	209557754	209757754	harbor2	chr1	209628237	209628415	SINE/MIR	727	+	89	209628326	70572
chr1	209557754	209757754	harbor2	chr1	209628729	209628799	SINE/MIR	727	+	35	209628764	71010
chr1	53846652	54046652	harbor2	chr1	53861417	53861571	SINE/MIR	518	+	77	53861494	14842
chr1	53846652	54046652	harbor2	chr1	53868291	53868545	SINE/MIR	630	+	127	53868418	21766
chr1	53846652	54046652	harbor2	chr1	53876593	53876855	SINE/MIR	1051	+	131	53876724	30072
chr1	53846652	54046652	harbor2	chr1	53883445	53883623	SINE/MIR	487	+	89	53883534	36882
chr1	53846652	54046652	harbor2	chr1	53885010	53885202	SINE/MIR	476	+	96	53885106	38454
chr1	53846652	54046652	harbor2	chr1	53887716	53887931	SINE/MIR	772	+	108	53887824	41172
chr1	53846652	54046652	harbor2	chr1	53889349	53889564	SINE/MIR	536	+	108	53889457	42805
chr1	53846652	54046652	harbor2	chr1	53906328	53906535	SINE/MIR	556	+	104	53906432	59780
chr1	53846652	54046652	harbor2	chr1	53937981	53938223	SINE/MIR	471	+	121	53938102	91450
chr1	153558724	153758724	harbor2	chr1	153595858	153596108	SINE/MIR	945	+	125	153595983	37259
chr1	153558724	153758724	harbor2	chr1	153597256	153597438	SINE/MIR	512	+	91	153597347	38623
chr1	153558724	153758724	harbor2	chr1	153618032	153618171	SINE/MIR	461	+	70	153618102	59378
chr1	153558724	153758724	harbor2	chr1	153631227	153631497	SINE/MIR	760	+	135	153631362	72638
chr1	25763699	25963699	harbor2	chr1	25780009	25780255	SINE/MIR	667	+	123	25780132	16433
chr1	25763699	25963699	harbor2	chr1	25789436	25789687	SINE/MIR	448	+	126	25789562	25863
chr1	25763699	25963699	harbor2	chr1	25804807	25804994	SINE/MIR	577	+	94	25804901	41202
chr1	25763699	25963699	harbor2	chr1	25810473	25810680	SINE/MIR	446	+	104	25810577	46878
chr1	25763699	25963699	harbor2	chr1	25812950	25813169	SINE/MIR	520	+	110	25813060	49361
chr1	25763699	25963699	harbor2	chr1	25831653	25831910	SINE/MIR	863	+	128	25831781	68082
chr1	25763699	25963699	harbor2	chr1	25838102	25838222	SINE/MIR	531	+	60	25838162	74463
chr1	25763699	25963699	harbor2	chr1	25838528	25838605	SINE/MIR	531	+	38	25838566	74867
chr1	44408152	44608152	harbor2	chr1	44420639	44420876	SINE/MIR	618	+	118	44420757	12605
chr1	44408152	44608152	harbor2	chr1	44425601	44425778	SINE/MIR	551	+	88	44425689	17537
chr1	44408152	44608152	harbor2	chr1	44427670	44427856	SINE/MIR	607	+	93	44427763	19611
chr1	44408152	44608152	harbor2	chr1	44435192	44435446	SINE/MIR	578	+	127	44435319	27167
chr1	44408152	44608152	harbor2	chr1	44437813	44437953	SINE/MIR	446	+	70	44437883	29731
chr1	44408152	44608152	harbor2	chr1	44458358	44458567	SINE/MIR	835	+	104	44458462	50310
chr1	44408152	44608152	harbor2	chr1	44486714	44486972	SINE/MIR	920	+	129	44486843	78691
chr1	110575275	110775275	harbor2	chr1	110580941	110581132	SINE/MIR	476	+	96	110581037	5762
chr1	110575275	110775275	harbor2	chr1	110582391	110582564	SINE/MIR	563	+	86	110582477	7202
chr1	110575275	110775275	harbor2	chr1	110583430	110583639	SINE/MIR	693	+	104	110583534	8259
chr1	110575275	110775275	harbor2	chr1	110584631	110584810	SINE/MIR	521	+	90	110584721	9446
chr1	110575275	110775275	harbor2	chr1	110586657	110586843	SINE/MIR	566	+	93	110586750	11475
chr1	110575275	110775275	harbor2	chr1	110586878	110587088	SINE/MIR	458	+	105	110586983	11708
chr1	110575275	110775275	harbor2	chr1	110587109	110587337	SINE/MIR	594	+	114	110587223	11948
chr1	110575275	110775275	harbor2	chr1	110588526	110588707	SINE/MIR	679	+	90	110588616	13341
chr1	110575275	110775275	harbor2	chr1	110589823	110589948	SINE/MIR	558	+	62	110589885	14610
chr1	110575275	110775275	harbor2	chr1	110590353	110590429	SINE/MIR	558	+	38	110590391	15116
chr1	110575275	110775275	harbor2	chr1	110609842	110609993	SINE/MIR	462	+	76	110609918	34643
chr1	110575275	110775275	harbor2	chr1	110612856	110613096	SINE/MIR	632	+	120	110612976	37701
chr1	110575275	110775275	harbor2	chr1	110627111	110627362	SINE/MIR	674	+	126	110627237	51962
chr1	110575275	110775275	harbor2	chr1	110636434	110636633	SINE/MIR	455	+	100	110636534	61259
chr1	110575275	110775275	harbor2	chr1	110639145	110639378	SINE/MIR	966	+	116	110639261	63986
chr1	110575275	110775275	harbor2	chr1	110650413	110650586	SINE/MIR	437	+	86	110650499	75224
chr1	110575275	110775275	harbor2	chr1	110669629	110669781	SINE/MIR	516	+	76	110669705	94430
chr1	110682470	110882470	harbor2	chr1	110684949	110685119	SINE/MIR	482	+	85	110685034	2564
chr1	110682470	110882470	harbor2	chr1	110692005	110692208	SINE/MIR	538	+	102	110692107	9637
chr1	110682470	110882470	harbor2	chr1	110697586	110697772	SINE/MIR	532	+	93	110697679	15209
chr1	110682470	110882470	harbor2	chr1	110712471	110712655	SINE/MIR	579	+	92	110712563	30093
chr1	110682470	110882470	harbor2	chr1	110713282	110713511	SINE/MIR	575	+	114	110713396	30926
chr1	110682470	110882470	harbor2	chr1	110715583	110715758	SINE/MIR	511	+	88	110715671	33201
chr1	110682470	110882470	harbor2	chr1	110724367	110724596	SINE/MIR	607	+	114	110724481	42011
chr1	110682470	110882470	harbor2	chr1	110757346	110757467	SINE/MIR	525	+	60	110757406	74936
chr1	110682470	110882470	harbor2	chr1	110771050	110771309	SINE/MIR	616	+	130	110771180	88710
chr1	110682470	110882470	harbor2	chr1	110777444	110777647	SINE/MIR	606	+	102	110777546	95076
chr1	110682470	110882470	harbor2	chr1	110777896	110778044	SINE/MIR	477	+	74	110777970	95500
chr1	44170897	44370897	harbor2	chr1	44227771	44227959	SINE/MIR	555	+	94	44227865	56968
chr1	44170897	44370897	harbor2	chr1	44240479	44240702	SINE/MIR	471	+	112	44240591	69694
chr1	44170897	44370897	harbor2	chr1	44243882	44244072	SINE/MIR	809	+	95	44243977	73080
chr1	44170897	44370897	harbor2	chr1	44254985	44255113	SINE/MIR	673	+	64	44255049	84152
chr1	44170897	44370897	harbor2	chr1	44269793	44269977	SINE/MIR	438	+	92	44269885	98988
chr1	53858393	54058393	harbor2	chr1	53861417	53861571	SINE/MIR	518	+	77	53861494	3101
chr1	53858393	54058393	harbor2	chr1	53868291	53868545	SINE/MIR	630	+	127	53868418	10025
chr1	53858393	54058393	harbor2	chr1	53876593	53876855	SINE/MIR	1051	+	131	53876724	18331
chr1	53858393	54058393	harbor2	chr1	53883445	53883623	SINE/MIR	487	+	89	53883534	25141
chr1	53858393	54058393	harbor2	chr1	53885010	53885202	SINE/MIR	476	+	96	53885106	26713
chr1	53858393	54058393	harbor2	chr1	53887716	53887931	SINE/MIR	772	+	108	53887824	29431
chr1	53858393	54058393	harbor2	chr1	53889349	53889564	SINE/MIR	536	+	108	53889457	31064
chr1	53858393	54058393	harbor2	chr1	53906328	53906535	SINE/MIR	556	+	104	53906432	48039
chr1	53858393	54058393	harbor2	chr1	53937981	53938223	SINE/MIR	471	+	121	53938102	79709
chr1	53858393	54058393	harbor2	chr1	53947885	53948124	SINE/MIR	819	+	120	53948005	89612
chr1	16544782	16744782	harbor2	chr1	16627937	16628172	SINE/MIR	841	+	118	16628055	83273
chr1	16544782	16744782	harbor2	chr1	16631944	16632142	SINE/MIR	460	+	99	16632043	87261
chr1	155510028	155710028	harbor2	chr1	155593399	155593644	SINE/MIR	622	+	122	155593521	83493
chr1	2460274	2660274	harbor2	chr1	2525516	2525721	SINE/MIR	604	+	102	2525618	65344
chr1	2460274	2660274	harbor2	chr1	2541261	2541402	SINE/MIR	658	+	70	2541331	81057
chr1	16545055	16745055	harbor2	chr1	16627937	16628172	SINE/MIR	841	+	118	16628055	83000
chr1	16545055	16745055	harbor2	chr1	16631944	16632142	SINE/MIR	460	+	99	16632043	86988
chr1	16544767	16744767	harbor2	chr1	16627937	16628172	SINE/MIR	841	+	118	16628055	83288
chr1	16544767	16744767	harbor2	chr1	16631944	16632142	SINE/MIR	460	+	99	16632043	87276
chr1	3525669	3725669	harbor2	chr1	3606386	3606584	SINE/MIR	606	+	99	3606485	80816
chr1	53313469	53513469	harbor2	chr1	53320858	53321100	SINE/MIR	640	+	121	53320979	7510
chr1	53313469	53513469	harbor2	chr1	53323705	53323841	SINE/MIR	463	+	68	53323773	10304
chr1	53313469	53513469	harbor2	chr1	53324850	53325049	SINE/MIR	474	+	100	53324950	11481
chr1	53313469	53513469	harbor2	chr1	53330555	53330772	SINE/MIR	601	+	108	53330663	17194
chr1	53313469	53513469	harbor2	chr1	53340656	53340862	SINE/MIR	653	+	103	53340759	27290
chr1	53313469	53513469	harbor2	chr1	53343435	53343665	SINE/MIR	724	+	115	53343550	30081
chr1	53313469	53513469	harbor2	chr1	53343769	53343967	SINE/MIR	583	+	99	53343868	30399
chr1	53313469	53513469	harbor2	chr1	53347768	53347995	SINE/MIR	540	+	114	53347882	34413
chr1	53313469	53513469	harbor2	chr1	53369066	53369289	SINE/MIR	537	+	112	53369178	55709
chr1	53313469	53513469	harbor2	chr1	53384447	53384582	SINE/MIR	550	+	68	53384515	71046
chr1	53313469	53513469	harbor2	chr1	53385635	53385788	SINE/MIR	549	+	76	53385711	72242
chr1	53313469	53513469	harbor2	chr1	53397555	53397669	SINE/MIR	601	+	57	53397612	84143
chr1	53313469	53513469	harbor2	chr1	53397964	53398079	SINE/MIR	601	+	58	53398022	84553
chr1	53313469	53513469	harbor2	chr1	53412083	53412252	SINE/MIR	585	+	84	53412167	98698
chr1	109523805	109723805	harbor2	chr1	109528615	109528817	SINE/MIR	445	+	101	109528716	4911
chr1	109523805	109723805	harbor2	chr1	109534942	109535121	SINE/MIR	477	+	90	109535032	11227
chr1	109523805	109723805	harbor2	chr1	109538296	109538537	SINE/MIR	736	+	120	109538416	14611
chr1	109523805	109723805	harbor2	chr1	109542082	109542347	SINE/MIR	1228	+	132	109542214	18409
chr1	109523805	109723805	harbor2	chr1	109547079	109547257	SINE/MIR	802	+	89	109547168	23363
chr1	109523805	109723805	harbor2	chr1	109551488	109551724	SINE/MIR	881	+	118	109551606	27801
chr1	109523805	109723805	harbor2	chr1	109552848	109553073	SINE/MIR	557	+	112	109552960	29155
chr1	109523805	109723805	harbor2	chr1	109571373	109571597	SINE/MIR	1089	+	112	109571485	47680
chr1	109523805	109723805	harbor2	chr1	109585627	109585860	SINE/MIR	859	+	116	109585743	61938
chr1	109523805	109723805	harbor2	chr1	109599905	109600071	SINE/MIR	458	+	83	109599988	76183
chr1	109523805	109723805	harbor2	chr1	109607652	109607929	SINE/MIR	602	+	138	109607790	83985
chr1	109523805	109723805	harbor2	chr1	109609679	109609859	SINE/MIR	549	+	90	109609769	85964
chr1	109523805	109723805	harbor2	chr1	109526858	109527085	SINE/MIR	458	+	114	109526972	3167
chr1	31972868	32172868	harbor2	chr1	31988677	31988851	SINE/MIR	758	+	87	31988764	15896
chr1	31972868	32172868	harbor2	chr1	31990922	31991110	SINE/MIR	454	+	94	31991016	18148
chr1	31972868	32172868	harbor2	chr1	31996598	31996830	SINE/MIR	544	+	116	31996714	23846
chr1	31972868	32172868	harbor2	chr1	31997617	31997692	SINE/MIR	585	+	38	31997655	24787
chr1	31972868	32172868	harbor2	chr1	31998020	31998132	SINE/MIR	585	+	56	31998076	25208
chr1	31972868	32172868	harbor2	chr1	32023291	32023411	SINE/MIR	451	+	60	32023351	50483
chr1	31972868	32172868	harbor2	chr1	32031291	32031479	SINE/MIR	538	+	94	32031385	58517
chr1	31972868	32172868	harbor2	chr1	32053697	32053800	SINE/MIR	483	+	52	32053749	80881
chr1	31972868	32172868	harbor2	chr1	32054084	32054125	SINE/MIR	483	+	20	32054104	81236
chr1	33670823	33870823	harbor2	chr1	33719618	33719880	SINE/MIR	513	+	131	33719749	48926
chr1	33670823	33870823	harbor2	chr1	33733369	33733527	SINE/MIR	711	+	79	33733448	62625
chr1	33670823	33870823	harbor2	chr1	33733895	33733952	SINE/MIR	711	+	28	33733923	63100
chr1	33670823	33870823	harbor2	chr1	33735184	33735342	SINE/MIR	443	+	79	33735263	64440
chr1	16544952	16744952	harbor2	chr1	16627937	16628172	SINE/MIR	841	+	118	16628055	83103
chr1	16544952	16744952	harbor2	chr1	16631944	16632142	SINE/MIR	460	+	99	16632043	87091
chr1	16546359	16746359	harbor2	chr1	16627937	16628172	SINE/MIR	841	+	118	16628055	81696
chr1	16546359	16746359	harbor2	chr1	16631944	16632142	SINE/MIR	460	+	99	16632043	85684
chr1	19615803	19815803	harbor2	chr1	19624994	19625215	SINE/MIR	543	+	110	19625104	9301
chr1	19615803	19815803	harbor2	chr1	19634109	19634339	SINE/MIR	805	+	115	19634224	18421
chr1	19615803	19815803	harbor2	chr1	19641049	19641277	SINE/MIR	660	+	114	19641163	25360
chr1	19615803	19815803	harbor2	chr1	19649151	19649293	SINE/MIR	556	+	71	19649222	33419
chr1	19615803	19815803	harbor2	chr1	19660532	19660754	SINE/MIR	710	+	111	19660643	44840
chr1	19615803	19815803	harbor2	chr1	19672522	19672753	SINE/MIR	611	+	116	19672638	56835
chr1	19615803	19815803	harbor2	chr1	19675117	19675339	SINE/MIR	674	+	111	19675228	59425
chr1	19615803	19815803	harbor2	chr1	19680003	19680226	SINE/MIR	636	+	112	19680115	64312
chr1	19615803	19815803	harbor2	chr1	19682024	19682253	SINE/MIR	753	+	114	19682138	66335
chr1	19615803	19815803	harbor2	chr1	19692329	19692431	SINE/MIR	451	+	51	19692380	76577
chr1	19615803	19815803	harbor2	chr1	19696918	19697072	SINE/MIR	489	+	77	19696995	81192
chr1	19615803	19815803	harbor2	chr1	19703183	19703361	SINE/MIR	471	+	89	19703272	87469
chr1	38817717	39017717	harbor2	chr1	38820988	38821131	SINE/MIR	438	+	72	38821060	3343
chr1	38817717	39017717	harbor2	chr1	38832455	38832659	SINE/MIR	589	+	102	38832557	14840
chr1	38817717	39017717	harbor2	chr1	38856183	38856364	SINE/MIR	536	+	90	38856273	38556
chr1	38817717	39017717	harbor2	chr1	38896320	38896479	SINE/MIR	614	+	80	38896400	78683
chr1	38817717	39017717	harbor2	chr1	38914728	38914751	SINE/MIR	498	+	12	38914740	97023
chr1	38817717	39017717	harbor2	chr1	38915051	38915135	SINE/MIR	572	+	42	38915093	97376
chr1	38817717	39017717	harbor2	chr1	38915384	38915519	SINE/MIR	572	+	68	38915452	97735
chr1	22610841	22810841	harbor2	chr1	22612924	22613150	SINE/MIR	467	+	113	22613037	2196
chr1	22610841	22810841	harbor2	chr1	22625005	22625181	SINE/MIR	671	+	88	22625093	14252
chr1	22610841	22810841	harbor2	chr1	22628823	22629004	SINE/MIR	589	+	90	22628913	18072
chr1	22610841	22810841	harbor2	chr1	22638098	22638248	SINE/MIR	471	+	75	22638173	27332
chr1	22610841	22810841	harbor2	chr1	22640054	22640260	SINE/MIR	730	+	103	22640157	29316
chr1	22610841	22810841	harbor2	chr1	22644587	22644791	SINE/MIR	753	+	102	22644689	33848
chr1	22610841	22810841	harbor2	chr1	22654936	22655177	SINE/MIR	480	+	120	22655056	44215
chr1	22610841	22810841	harbor2	chr1	22667128	22667377	SINE/MIR	826	+	124	22667252	56411
chr1	22610841	22810841	harbor2	chr1	22669986	22670190	SINE/MIR	518	+	102	22670088	59247
chr1	22610841	22810841	harbor2	chr1	22674505	22674756	SINE/MIR	1267	+	126	22674631	63790
chr1	22610841	22810841	harbor2	chr1	22677812	22678005	SINE/MIR	548	+	96	22677908	67067
chr1	22610841	22810841	harbor2	chr1	22684915	22685119	SINE/MIR	663	+	102	22685017	74176
chr1	22610841	22810841	harbor2	chr1	22693475	22693642	SINE/MIR	527	+	84	22693559	82718
chr1	22610841	22810841	harbor2	chr1	22696460	22696702	SINE/MIR	453	+	121	22696581	85740
chr1	22610841	22810841	harbor2	chr1	22700446	22700578	SINE/MIR	512	+	66	22700512	89671
chr1	22610841	22810841	harbor2	chr1	22708695	22708896	SINE/MIR	478	+	100	22708795	97954
chr1	6689187	6889187	harbor2	chr1	6700472	6700707	SINE/MIR	849	+	118	6700590	11403
chr1	211034098	211234098	harbor2	chr1	211067793	211067977	SINE/MIR	468	+	92	211067885	33787
chr1	22502707	22702707	harbor2	chr1	22507098	22507336	SINE/MIR	666	+	119	22507217	4510
chr1	22502707	22702707	harbor2	chr1	22518190	22518454	SINE/MIR	568	+	132	22518322	15615
chr1	22502707	22702707	harbor2	chr1	22519360	22519595	SINE/MIR	730	+	118	22519478	16771
chr1	22502707	22702707	harbor2	chr1	22521910	22522060	SINE/MIR	525	+	75	22521985	19278
chr1	22502707	22702707	harbor2	chr1	22522487	22522633	SINE/MIR	564	+	73	22522560	19853
chr1	22502707	22702707	harbor2	chr1	22555927	22556105	SINE/MIR	531	+	89	22556016	53309
chr1	22502707	22702707	harbor2	chr1	22562118	22562343	SINE/MIR	580	+	112	22562230	59523
chr1	22502707	22702707	harbor2	chr1	22568463	22568660	SINE/MIR	603	+	98	22568561	65854
chr1	22502707	22702707	harbor2	chr1	22569915	22570141	SINE/MIR	537	+	113	22570028	67321
chr1	22502707	22702707	harbor2	chr1	22589465	22589605	SINE/MIR	582	+	70	22589535	86828
chr1	22502707	22702707	harbor2	chr1	22598509	22598731	SINE/MIR	547	+	111	22598620	95913
chr1	2438020	2638020	harbor2	chr1	2525516	2525721	SINE/MIR	604	+	102	2525618	87598
chr1	26600726	26800726	harbor2	chr1	26607305	26607432	SINE/MIR	481	+	64	26607369	6643
chr1	26600726	26800726	harbor2	chr1	26617845	26618038	SINE/MIR	448	+	96	26617941	17215
chr1	26600726	26800726	harbor2	chr1	26618566	26618618	SINE/MIR	448	+	26	26618592	17866
chr1	26600726	26800726	harbor2	chr1	26679759	26679892	SINE/MIR	494	+	66	26679825	79099
chr1	207652046	207852046	harbor2	chr1	207671041	207671237	SINE/MIR	495	+	98	207671139	19093
chr1	207903426	208103426	harbor2	chr1	207904413	207904642	SINE/MIR	450	+	114	207904527	1101
chr1	207903426	208103426	harbor2	chr1	207926326	207926534	SINE/MIR	471	+	104	207926430	23004
chr1	211034399	211234399	harbor2	chr1	211067793	211067977	SINE/MIR	468	+	92	211067885	33486
chr1	3322721	3522721	harbor2	chr1	3371760	3371925	SINE/MIR	447	+	82	3371842	49121
chr1	16803066	17003066	harbor2	chr1	16855924	16856123	SINE/MIR	469	+	100	16856024	52958
chr1	16803066	17003066	harbor2	chr1	16856361	16856577	SINE/MIR	514	+	108	16856469	53403
chr1	16803066	17003066	harbor2	chr1	16857561	16857709	SINE/MIR	703	+	74	16857635	54569
chr1	16803066	17003066	harbor2	chr1	16858007	16858054	SINE/MIR	703	+	24	16858031	54965
chr1	41949951	42149951	harbor2	chr1	41953262	41953511	SINE/MIR	873	+	124	41953386	3435
chr1	41949951	42149951	harbor2	chr1	41954691	41954929	SINE/MIR	660	+	119	41954810	4859
chr1	41949951	42149951	harbor2	chr1	42033816	42033996	SINE/MIR	514	+	90	42033906	83955
chr1	214586377	214786377	harbor2	chr1	214626582	214626810	SINE/MIR	768	+	114	214626696	40319
chr1	214586377	214786377	harbor2	chr1	214634372	214634620	SINE/MIR	699	+	124	214634496	48119
chr1	14862929	15062929	harbor2	chr1	14864746	14864936	SINE/MIR	491	+	95	14864841	1912
chr1	14862929	15062929	harbor2	chr1	14870218	14870334	SINE/MIR	636	+	58	14870276	7347
chr1	14862929	15062929	harbor2	chr1	14870639	14870757	SINE/MIR	636	+	59	14870698	7769
chr1	14862929	15062929	harbor2	chr1	14872126	14872268	SINE/MIR	457	+	71	14872197	9268
chr1	14862929	15062929	harbor2	chr1	14872458	14872514	SINE/MIR	457	+	28	14872486	9557
chr1	14862929	15062929	harbor2	chr1	14877568	14877822	SINE/MIR	815	+	127	14877695	14766
chr1	14862929	15062929	harbor2	chr1	14879118	14879369	SINE/MIR	504	+	126	14879244	16315
chr1	14862929	15062929	harbor2	chr1	14894317	14894512	SINE/MIR	449	+	98	14894415	31486
chr1	14862929	15062929	harbor2	chr1	14896837	14896973	SINE/MIR	539	+	68	14896905	33976
chr1	14862929	15062929	harbor2	chr1	14914694	14914908	SINE/MIR	729	+	107	14914801	51872
chr1	14862929	15062929	harbor2	chr1	14915214	14915255	SINE/MIR	581	+	20	14915234	52305
chr1	14862929	15062929	harbor2	chr1	14915889	14916139	SINE/MIR	1171	+	125	14916014	53085
chr1	14862929	15062929	harbor2	chr1	14928935	14929134	SINE/MIR	636	+	100	14929035	66106
chr1	14862929	15062929	harbor2	chr1	14938099	14938235	SINE/MIR	488	+	68	14938167	75238
chr1	14862929	15062929	harbor2	chr1	14947595	14947804	SINE/MIR	659	+	104	14947699	84770
chr1	14862929	15062929	harbor2	chr1	14953382	14953624	SINE/MIR	894	+	121	14953503	90574
chr1	14862929	15062929	harbor2	chr1	14960166	14960377	SINE/MIR	761	+	106	14960272	97343
chr1	14862929	15062929	harbor2	chr1	14876518	14876785	SINE/MIR	732	+	134	14876652	13723
chr1	167355689	167555689	harbor2	chr1	167370581	167370788	SINE/MIR	642	+	104	167370685	14996
chr1	167355689	167555689	harbor2	chr1	167372480	167372673	SINE/MIR	741	+	96	167372576	16887
chr1	167355689	167555689	harbor2	chr1	167380111	167380351	SINE/MIR	708	+	120	167380231	24542
chr1	167355689	167555689	harbor2	chr1	167384418	167384580	SINE/MIR	513	+	81	167384499	28810
chr1	167355689	167555689	harbor2	chr1	167444001	167444179	SINE/MIR	798	+	89	167444090	88401
chr1	167355689	167555689	harbor2	chr1	167444834	167444923	SINE/MIR	475	+	44	167444878	89189
chr1	167355689	167555689	harbor2	chr1	167446335	167446556	SINE/MIR	449	+	110	167446445	90756
chr1	40217340	40417340	harbor2	chr1	40286120	40286331	SINE/MIR	880	+	106	40286226	68886
chr1	32102226	32302226	harbor2	chr1	32118447	32118512	SINE/MIR	525	+	32	32118479	16253
chr1	32102226	32302226	harbor2	chr1	32118817	32118916	SINE/MIR	525	+	50	32118867	16641
chr1	32102226	32302226	harbor2	chr1	32178994	32179202	SINE/MIR	590	+	104	32179098	76872
chr1	202249918	202449918	harbor2	chr1	202253086	202253306	SINE/MIR	486	+	110	202253196	3278
chr1	202249918	202449918	harbor2	chr1	202267561	202267728	SINE/MIR	440	+	84	202267645	17727
chr1	202249918	202449918	harbor2	chr1	202282944	202283146	SINE/MIR	641	+	101	202283045	33127
chr1	202249918	202449918	harbor2	chr1	202283861	202283974	SINE/MIR	455	+	56	202283917	33999
chr1	202249918	202449918	harbor2	chr1	202285381	202285606	SINE/MIR	579	+	112	202285493	35575
chr1	202249918	202449918	harbor2	chr1	202291630	202291871	SINE/MIR	913	+	120	202291750	41832
chr1	202249918	202449918	harbor2	chr1	202292944	202293131	SINE/MIR	731	+	94	202293038	43120
chr1	202249918	202449918	harbor2	chr1	202304732	202304931	SINE/MIR	465	+	100	202304832	54914
chr1	202249918	202449918	harbor2	chr1	202305125	202305301	SINE/MIR	724	+	88	202305213	55295
chr1	202249918	202449918	harbor2	chr1	202313442	202313679	SINE/MIR	713	+	118	202313560	63642
chr1	202249918	202449918	harbor2	chr1	202327590	202327753	SINE/MIR	551	+	82	202327672	77754
chr1	202249918	202449918	harbor2	chr1	202328045	202328087	SINE/MIR	502	+	21	202328066	78148
chr1	161077890	161277890	harbor2	chr1	161104106	161104227	SINE/MIR	597	+	60	161104166	26276
chr1	161077890	161277890	harbor2	chr1	161111234	161111386	SINE/MIR	559	+	76	161111310	33420
chr1	161077890	161277890	harbor2	chr1	161111598	161111653	SINE/MIR	559	+	28	161111626	33736
chr1	161077890	161277890	harbor2	chr1	161112145	161112292	SINE/MIR	445	+	74	161112219	34329
chr1	161077890	161277890	harbor2	chr1	161125107	161125301	SINE/MIR	460	+	97	161125204	47314
chr1	161077890	161277890	harbor2	chr1	161139726	161139910	SINE/MIR	534	+	92	161139818	61928
chr1	161077890	161277890	harbor2	chr1	161146763	161147018	SINE/MIR	850	+	128	161146891	69001
chr1	161077890	161277890	harbor2	chr1	161103845	161103936	SINE/MIR	597	+	46	161103891	26001
chr1	211033781	211233781	harbor2	chr1	211067793	211067977	SINE/MIR	468	+	92	211067885	34104
chr1	16544805	16744805	harbor2	chr1	16627937	16628172	SINE/MIR	841	+	118	16628055	83250
chr1	16544805	16744805	harbor2	chr1	16631944	16632142	SINE/MIR	460	+	99	16632043	87238
chr1	244609722	244809722	harbor2	chr1	244634642	244634841	SINE/MIR	676	+	100	244634742	25020
chr1	225365084	225565084	harbor2	chr1	225368169	225368435	SINE/MIR	503	+	133	225368302	3218
chr1	225365084	225565084	harbor2	chr1	225440544	225440722	SINE/MIR	608	+	89	225440633	75549
chr1	225365084	225565084	harbor2	chr1	225453393	225453429	SINE/MIR	640	+	18	225453411	88327
chr1	225365084	225565084	harbor2	chr1	225453788	225454004	SINE/MIR	640	+	108	225453896	88812
chr1	3219232	3419232	harbor2	chr1	3232230	3232447	SINE/MIR	637	+	108	3232338	13106
chr1	3219232	3419232	harbor2	chr1	3260892	3261122	SINE/MIR	485	+	115	3261007	41775
chr1	205431580	205631580	harbor2	chr1	205442842	205443007	SINE/MIR	517	+	82	205442924	11344
chr1	205431580	205631580	harbor2	chr1	205447115	205447358	SINE/MIR	813	+	122	205447237	15657
chr1	205431580	205631580	harbor2	chr1	205465498	205465707	SINE/MIR	735	+	104	205465602	34022
chr1	205431580	205631580	harbor2	chr1	205485197	205485416	SINE/MIR	671	+	110	205485307	53727
chr1	205431580	205631580	harbor2	chr1	205488834	205489105	SINE/MIR	864	+	136	205488970	57390
chr1	205431580	205631580	harbor2	chr1	205491423	205491614	SINE/MIR	527	+	96	205491519	59939
chr1	205431580	205631580	harbor2	chr1	205507214	205507349	SINE/MIR	438	+	68	205507282	75702
chr1	205431580	205631580	harbor2	chr1	205507664	205507713	SINE/MIR	438	+	24	205507688	76108
chr1	205431580	205631580	harbor2	chr1	205509452	205509628	SINE/MIR	457	+	88	205509540	77960
chr1	205431580	205631580	harbor2	chr1	205523705	205523893	SINE/MIR	613	+	94	205523799	92219
chr1	205431580	205631580	harbor2	chr1	205525465	205525669	SINE/MIR	884	+	102	205525567	93987
chr1	205431580	205631580	harbor2	chr1	205529733	205529939	SINE/MIR	562	+	103	205529836	98256
chr1	16546385	16746385	harbor2	chr1	16627937	16628172	SINE/MIR	841	+	118	16628055	81670
chr1	16546385	16746385	harbor2	chr1	16631944	16632142	SINE/MIR	460	+	99	16632043	85658
chr1	145920756	146120756	harbor2	chr1	145938403	145938557	SINE/MIR	656	+	77	145938480	17724
chr1	145920756	146120756	harbor2	chr1	145941672	145941884	SINE/MIR	928	+	106	145941778	21022
chr1	145920756	146120756	harbor2	chr1	146016723	146016984	SINE/MIR	692	+	130	146016853	96097
chr1	206353548	206553548	harbor2	chr1	206391318	206391544	SINE/MIR	918	+	113	206391431	37883
chr1	206353548	206553548	harbor2	chr1	206399238	206399414	SINE/MIR	537	+	88	206399326	45778
chr1	206353548	206553548	harbor2	chr1	206414963	206415149	SINE/MIR	700	+	93	206415056	61508
chr1	206353548	206553548	harbor2	chr1	206428532	206428657	SINE/MIR	613	+	62	206428594	75046
chr1	206353548	206553548	harbor2	chr1	206428948	206429074	SINE/MIR	613	+	63	206429011	75463
chr1	3432627	3632627	harbor2	chr1	3451780	3451995	SINE/MIR	538	+	108	3451888	19261
chr1	33905807	34105807	harbor2	chr1	33915844	33916110	SINE/MIR	937	+	133	33915977	10170
chr1	33905807	34105807	harbor2	chr1	33928152	33928381	SINE/MIR	737	+	114	33928266	22459
chr1	33905807	34105807	harbor2	chr1	33936945	33937177	SINE/MIR	811	+	116	33937061	31254
chr1	33905807	34105807	harbor2	chr1	33949000	33949250	SINE/MIR	772	+	125	33949125	43318
chr1	33905807	34105807	harbor2	chr1	33953993	33954126	SINE/MIR	559	+	66	33954059	48252
chr1	33905807	34105807	harbor2	chr1	33955501	33955693	SINE/MIR	520	+	96	33955597	49790
chr1	33905807	34105807	harbor2	chr1	33958177	33958323	SINE/MIR	694	+	73	33958250	52443
chr1	33905807	34105807	harbor2	chr1	33964147	33964373	SINE/MIR	854	+	113	33964260	58453
chr1	33905807	34105807	harbor2	chr1	33964750	33964996	SINE/MIR	672	+	123	33964873	59066
chr1	33905807	34105807	harbor2	chr1	33970888	33971053	SINE/MIR	709	+	82	33970970	65163
chr1	33905807	34105807	harbor2	chr1	33976712	33976887	SINE/MIR	459	+	88	33976800	70993
chr1	33905807	34105807	harbor2	chr1	33979762	33979881	SINE/MIR	709	+	60	33979822	74015
chr1	33905807	34105807	harbor2	chr1	33982335	33982613	SINE/MIR	493	+	139	33982474	76667
chr1	33905807	34105807	harbor2	chr1	33985529	33985691	SINE/MIR	474	+	81	33985610	79803
chr1	226786659	226986659	harbor2	chr1	226813132	226813370	SINE/MIR	609	+	119	226813251	26592
chr1	226786659	226986659	harbor2	chr1	226884027	226884235	SINE/MIR	621	+	104	226884131	97472
chr1	226786659	226986659	harbor2	chr1	226884264	226884401	SINE/MIR	483	+	68	226884332	97673
chr1	226638205	226838205	harbor2	chr1	226661520	226661740	SINE/MIR	602	+	110	226661630	23425
chr1	226638205	226838205	harbor2	chr1	226675533	226675776	SINE/MIR	758	+	122	226675655	37450
chr1	226638205	226838205	harbor2	chr1	226676471	226676658	SINE/MIR	767	+	94	226676565	38360
chr1	226638205	226838205	harbor2	chr1	226678466	226678665	SINE/MIR	563	+	100	226678566	40361
chr1	226638205	226838205	harbor2	chr1	226682387	226682629	SINE/MIR	580	+	121	226682508	44303
chr1	226638205	226838205	harbor2	chr1	226696128	226696275	SINE/MIR	758	+	74	226696202	57997
chr1	226638205	226838205	harbor2	chr1	226699379	226699644	SINE/MIR	785	+	132	226699511	61306
chr1	226638205	226838205	harbor2	chr1	226720424	226720642	SINE/MIR	458	+	109	226720533	82328
chr1	161528751	161728751	harbor2	chr1	161544019	161544201	SINE/MIR	492	+	91	161544110	15359
chr1	161528751	161728751	harbor2	chr1	161578572	161578767	SINE/MIR	660	+	98	161578670	49919
chr1	161528751	161728751	harbor2	chr1	161592640	161592870	SINE/MIR	786	+	115	161592755	64004
chr1	161528751	161728751	harbor2	chr1	161609143	161609366	SINE/MIR	482	+	112	161609255	80504
chr1	161528751	161728751	harbor2	chr1	161625462	161625645	SINE/MIR	498	+	92	161625554	96803
chr1	16618103	16818103	harbor2	chr1	16627937	16628172	SINE/MIR	841	+	118	16628055	9952
chr1	16618103	16818103	harbor2	chr1	16631944	16632142	SINE/MIR	460	+	99	16632043	13940
chr1	36055774	36255774	harbor2	chr1	36068941	36069109	SINE/MIR	627	+	84	36069025	13251
chr1	36055774	36255774	harbor2	chr1	36069388	36069432	SINE/MIR	627	+	22	36069410	13636
chr1	36055774	36255774	harbor2	chr1	36072555	36072737	SINE/MIR	510	+	91	36072646	16872
chr1	36055774	36255774	harbor2	chr1	36082098	36082235	SINE/MIR	607	+	68	36082166	26392
chr1	36055774	36255774	harbor2	chr1	36109438	36109540	SINE/MIR	480	+	51	36109489	53715
chr1	36055774	36255774	harbor2	chr1	36127672	36127857	SINE/MIR	677	+	92	36127764	71990
chr1	36055774	36255774	harbor2	chr1	36128722	36128865	SINE/MIR	441	+	72	36128794	73020
chr1	36055774	36255774	harbor2	chr1	36143787	36143953	SINE/MIR	463	+	83	36143870	88096
chr1	36055774	36255774	harbor2	chr1	36144650	36144843	SINE/MIR	507	+	96	36144746	88972
chr1	36055774	36255774	harbor2	chr1	36148855	36149085	SINE/MIR	466	+	115	36148970	93196
chr1	113990947	114190947	harbor2	chr1	113991745	113991940	SINE/MIR	479	+	98	113991843	896
chr1	113990947	114190947	harbor2	chr1	114015796	114015981	SINE/MIR	663	+	92	114015888	24941
chr1	113990947	114190947	harbor2	chr1	114076671	114076885	SINE/MIR	645	+	107	114076778	85831
chr1	113990947	114190947	harbor2	chr1	114084182	114084368	SINE/MIR	537	+	93	114084275	93328
chr1	3432397	3632397	harbor2	chr1	3451780	3451995	SINE/MIR	538	+	108	3451888	19491
chr1	46294779	46494779	harbor2	chr1	46297724	46297973	SINE/MIR	1070	+	124	46297848	3069
chr1	46294779	46494779	harbor2	chr1	46299132	46299272	SINE/MIR	529	+	70	46299202	4423
chr1	46294779	46494779	harbor2	chr1	46299908	46300012	SINE/MIR	529	+	52	46299960	5181
chr1	46294779	46494779	harbor2	chr1	46354992	46355203	SINE/MIR	639	+	106	46355098	60319
chr1	46294779	46494779	harbor2	chr1	46355341	46355569	SINE/MIR	747	+	114	46355455	60676
chr1	211034391	211234391	harbor2	chr1	211067793	211067977	SINE/MIR	468	+	92	211067885	33494
chr1	2446990	2646990	harbor2	chr1	2525516	2525721	SINE/MIR	604	+	102	2525618	78628
chr1	2446990	2646990	harbor2	chr1	2541261	2541402	SINE/MIR	658	+	70	2541331	94341
chr1	2439404	2639404	harbor2	chr1	2525516	2525721	SINE/MIR	604	+	102	2525618	86214
chr1	3146643	3346643	harbor2	chr1	3177400	3177559	SINE/MIR	438	+	80	3177480	30837
chr1	3146643	3346643	harbor2	chr1	3232230	3232447	SINE/MIR	637	+	108	3232338	85695
chr1	230941728	231141728	harbor2	chr1	230969635	230969833	SINE/MIR	510	+	99	230969734	28006
chr1	230941728	231141728	harbor2	chr1	230977030	230977269	SINE/MIR	520	+	120	230977150	35422
chr1	245610561	245810561	harbor2	chr1	245621222	245621450	SINE/MIR	462	+	114	245621336	10775
chr1	245610561	245810561	harbor2	chr1	245700145	245700371	SINE/MIR	695	+	113	245700258	89697
chr1	245610561	245810561	harbor2	chr1	245708650	245708812	SINE/MIR	577	+	81	245708731	98170
chr1	201549927	201749927	harbor2	chr1	201557984	201558095	SINE/MIR	617	+	56	201558040	8113
chr1	201549927	201749927	harbor2	chr1	201559040	201559172	SINE/MIR	617	+	66	201559106	9179
chr1	201549927	201749927	harbor2	chr1	201563533	201563714	SINE/MIR	499	+	90	201563623	13696
chr1	201549927	201749927	harbor2	chr1	201568562	201568778	SINE/MIR	611	+	108	201568670	18743
chr1	201549927	201749927	harbor2	chr1	201569828	201570036	SINE/MIR	601	+	104	201569932	20005
chr1	201549927	201749927	harbor2	chr1	201573629	201573736	SINE/MIR	451	+	54	201573683	23756
chr1	201549927	201749927	harbor2	chr1	201589335	201589482	SINE/MIR	475	+	74	201589409	39482
chr1	201549927	201749927	harbor2	chr1	201589792	201589805	SINE/MIR	475	+	6	201589798	39871
chr1	201549927	201749927	harbor2	chr1	201595963	201596223	SINE/MIR	894	+	130	201596093	46166
chr1	201549927	201749927	harbor2	chr1	201614746	201614956	SINE/MIR	895	+	105	201614851	64924
chr1	201549927	201749927	harbor2	chr1	201618613	201618812	SINE/MIR	531	+	100	201618713	68786
chr1	201549927	201749927	harbor2	chr1	201634049	201634288	SINE/MIR	870	+	120	201634169	84242
chr1	31973222	32173222	harbor2	chr1	31988677	31988851	SINE/MIR	758	+	87	31988764	15542
chr1	31973222	32173222	harbor2	chr1	31990922	31991110	SINE/MIR	454	+	94	31991016	17794
chr1	31973222	32173222	harbor2	chr1	31996598	31996830	SINE/MIR	544	+	116	31996714	23492
chr1	31973222	32173222	harbor2	chr1	31997617	31997692	SINE/MIR	585	+	38	31997655	24433
chr1	31973222	32173222	harbor2	chr1	31998020	31998132	SINE/MIR	585	+	56	31998076	24854
chr1	31973222	32173222	harbor2	chr1	32023291	32023411	SINE/MIR	451	+	60	32023351	50129
chr1	31973222	32173222	harbor2	chr1	32031291	32031479	SINE/MIR	538	+	94	32031385	58163
chr1	31973222	32173222	harbor2	chr1	32053697	32053800	SINE/MIR	483	+	52	32053749	80527
chr1	31973222	32173222	harbor2	chr1	32054084	32054125	SINE/MIR	483	+	20	32054104	80882
chr1	10913141	11113141	harbor2	chr1	10962644	10962832	SINE/MIR	670	+	94	10962738	49597
chr1	10913141	11113141	harbor2	chr1	10998301	10998497	SINE/MIR	516	+	98	10998399	85258
chr1	10913141	11113141	harbor2	chr1	10998558	10998738	SINE/MIR	617	+	90	10998648	85507
chr1	10913141	11113141	harbor2	chr1	11011991	11012127	SINE/MIR	498	+	68	11012059	98918
chr1	156192114	156392114	harbor2	chr1	156196922	156197093	SINE/MIR	469	+	86	156197008	4894
chr1	156192114	156392114	harbor2	chr1	156213638	156213823	SINE/MIR	623	+	92	156213730	21616
chr1	156192114	156392114	harbor2	chr1	156223423	156223634	SINE/MIR	828	+	106	156223529	31415
chr1	156192114	156392114	harbor2	chr1	156256849	156256914	SINE/MIR	518	+	32	156256881	64767
chr1	156192114	156392114	harbor2	chr1	156257227	156257345	SINE/MIR	518	+	59	156257286	65172
chr1	156192114	156392114	harbor2	chr1	156279436	156279663	SINE/MIR	868	+	114	156279550	87436
chr1	156192114	156392114	harbor2	chr1	156279842	156280070	SINE/MIR	1003	+	114	156279956	87842
chr1	156192114	156392114	harbor2	chr1	156289075	156289193	SINE/MIR	494	+	59	156289134	97020
chr1	156192114	156392114	harbor2	chr1	156289962	156290066	SINE/MIR	483	+	52	156290014	97900
chr1	201882904	202082904	harbor2	chr1	201884098	201884339	SINE/MIR	940	+	120	201884218	1314
chr1	201882904	202082904	harbor2	chr1	201887769	201887941	SINE/MIR	522	+	86	201887855	4951
chr1	201882904	202082904	harbor2	chr1	201889925	201890042	SINE/MIR	437	+	58	201889983	7079
chr1	201882904	202082904	harbor2	chr1	201896454	201896618	SINE/MIR	521	+	82	201896536	13632
chr1	201882904	202082904	harbor2	chr1	201907144	201907311	SINE/MIR	480	+	84	201907228	24324
chr1	201882904	202082904	harbor2	chr1	201925258	201925368	SINE/MIR	507	+	55	201925313	42409
chr1	201882904	202082904	harbor2	chr1	201948432	201948691	SINE/MIR	486	+	130	201948562	65658
chr1	201882904	202082904	harbor2	chr1	201950408	201950546	SINE/MIR	555	+	69	201950477	67573
chr1	201882904	202082904	harbor2	chr1	201964247	201964375	SINE/MIR	449	+	64	201964311	81407
chr1	53312834	53512834	harbor2	chr1	53320858	53321100	SINE/MIR	640	+	121	53320979	8145
chr1	53312834	53512834	harbor2	chr1	53323705	53323841	SINE/MIR	463	+	68	53323773	10939
chr1	53312834	53512834	harbor2	chr1	53324850	53325049	SINE/MIR	474	+	100	53324950	12116
chr1	53312834	53512834	harbor2	chr1	53330555	53330772	SINE/MIR	601	+	108	53330663	17829
chr1	53312834	53512834	harbor2	chr1	53340656	53340862	SINE/MIR	653	+	103	53340759	27925
chr1	53312834	53512834	harbor2	chr1	53343435	53343665	SINE/MIR	724	+	115	53343550	30716
chr1	53312834	53512834	harbor2	chr1	53343769	53343967	SINE/MIR	583	+	99	53343868	31034
chr1	53312834	53512834	harbor2	chr1	53347768	53347995	SINE/MIR	540	+	114	53347882	35048
chr1	53312834	53512834	harbor2	chr1	53369066	53369289	SINE/MIR	537	+	112	53369178	56344
chr1	53312834	53512834	harbor2	chr1	53384447	53384582	SINE/MIR	550	+	68	53384515	71681
chr1	53312834	53512834	harbor2	chr1	53385635	53385788	SINE/MIR	549	+	76	53385711	72877
chr1	53312834	53512834	harbor2	chr1	53397555	53397669	SINE/MIR	601	+	57	53397612	84778
chr1	53312834	53512834	harbor2	chr1	53397964	53398079	SINE/MIR	601	+	58	53398022	85188
chr1	53312834	53512834	harbor2	chr1	53412083	53412252	SINE/MIR	585	+	84	53412167	99333
chr1	13290765	13490765	harbor2	chr1	13324106	13324232	SINE/MIR	438	+	63	13324169	33404
chr1	16544742	16744742	harbor2	chr1	16627937	16628172	SINE/MIR	841	+	118	16628055	83313
chr1	16544742	16744742	harbor2	chr1	16631944	16632142	SINE/MIR	460	+	99	16632043	87301
chr1	27281347	27481347	harbor2	chr1	27283706	27283828	SINE/MIR	472	+	61	27283767	2420
chr1	27281347	27481347	harbor2	chr1	27294188	27294393	SINE/MIR	456	+	102	27294290	12943
chr1	27281347	27481347	harbor2	chr1	27294854	27294992	SINE/MIR	496	+	69	27294923	13576
chr1	27281347	27481347	harbor2	chr1	27305415	27305595	SINE/MIR	473	+	90	27305505	24158
chr1	27281347	27481347	harbor2	chr1	27374064	27374219	SINE/MIR	561	+	78	27374142	92795
chr1	206973128	207173128	harbor2	chr1	206991443	206991683	SINE/MIR	717	+	120	206991563	18435
chr1	206973128	207173128	harbor2	chr1	207037792	207037962	SINE/MIR	531	+	85	207037877	64749
chr1	206973128	207173128	harbor2	chr1	207055967	207056184	SINE/MIR	877	+	108	207056075	82947
chr1	230940319	231140319	harbor2	chr1	230969635	230969833	SINE/MIR	510	+	99	230969734	29415
chr1	230940319	231140319	harbor2	chr1	230977030	230977269	SINE/MIR	520	+	120	230977150	36831
chr1	117032433	117232433	harbor2	chr1	117047337	117047534	SINE/MIR	773	+	98	117047435	15002
chr1	19187949	19387949	harbor2	chr1	19233738	19233959	SINE/MIR	631	+	110	19233848	45899
chr1	19187949	19387949	harbor2	chr1	19237607	19237848	SINE/MIR	496	+	120	19237727	49778
chr1	230539629	230739629	harbor2	chr1	230577179	230577400	SINE/MIR	488	+	110	230577289	37660
chr1	230539629	230739629	harbor2	chr1	230621808	230621958	SINE/MIR	511	+	75	230621883	82254
chr2	46198427	46398427	harbor2	chr2	46227808	46228028	SINE/MIR	573	+	110	46227918	29491
chr2	46198427	46398427	harbor2	chr2	46240241	46240374	SINE/MIR	504	+	66	46240307	41880
chr2	46198427	46398427	harbor2	chr2	46254135	46254325	SINE/MIR	446	+	95	46254230	55803
chr2	219078277	219278277	harbor2	chr2	219084542	219084708	SINE/MIR	542	+	83	219084625	6348
chr2	219078277	219278277	harbor2	chr2	219089940	219090152	SINE/MIR	595	+	106	219090046	11769
chr2	219078277	219278277	harbor2	chr2	219090235	219090454	SINE/MIR	831	+	110	219090345	12068
chr2	219078277	219278277	harbor2	chr2	219112250	219112349	SINE/MIR	492	+	50	219112300	34023
chr2	219078277	219278277	harbor2	chr2	219117663	219117914	SINE/MIR	626	+	126	219117789	39512
chr2	219078277	219278277	harbor2	chr2	219134230	219134446	SINE/MIR	478	+	108	219134338	56061
chr2	219078277	219278277	harbor2	chr2	219156593	219156783	SINE/MIR	493	+	95	219156688	78411
chr2	231298236	231498236	harbor2	chr2	231320950	231321176	SINE/MIR	748	+	113	231321063	22827
chr2	1788562	1988562	harbor2	chr2	1830189	1830415	SINE/MIR	659	+	113	1830302	41740
chr2	1788562	1988562	harbor2	chr2	1865364	1865559	SINE/MIR	621	+	98	1865462	76900
chr2	219078262	219278262	harbor2	chr2	219084542	219084708	SINE/MIR	542	+	83	219084625	6363
chr2	219078262	219278262	harbor2	chr2	219089940	219090152	SINE/MIR	595	+	106	219090046	11784
chr2	219078262	219278262	harbor2	chr2	219090235	219090454	SINE/MIR	831	+	110	219090345	12083
chr2	219078262	219278262	harbor2	chr2	219112250	219112349	SINE/MIR	492	+	50	219112300	34038
chr2	219078262	219278262	harbor2	chr2	219117663	219117914	SINE/MIR	626	+	126	219117789	39527
chr2	219078262	219278262	harbor2	chr2	219134230	219134446	SINE/MIR	478	+	108	219134338	56076
chr2	219078262	219278262	harbor2	chr2	219156593	219156783	SINE/MIR	493	+	95	219156688	78426
chr2	219078276	219278276	harbor2	chr2	219084542	219084708	SINE/MIR	542	+	83	219084625	6349
chr2	219078276	219278276	harbor2	chr2	219089940	219090152	SINE/MIR	595	+	106	219090046	11770
chr2	219078276	219278276	harbor2	chr2	219090235	219090454	SINE/MIR	831	+	110	219090345	12069
chr2	219078276	219278276	harbor2	chr2	219112250	219112349	SINE/MIR	492	+	50	219112300	34024
chr2	219078276	219278276	harbor2	chr2	219117663	219117914	SINE/MIR	626	+	126	219117789	39513
chr2	219078276	219278276	harbor2	chr2	219134230	219134446	SINE/MIR	478	+	108	219134338	56062
chr2	219078276	219278276	harbor2	chr2	219156593	219156783	SINE/MIR	493	+	95	219156688	78412
chr2	232456547	232656547	harbor2	chr2	232500410	232500602	SINE/MIR	545	+	96	232500506	43959
chr2	232456547	232656547	harbor2	chr2	232500948	232501146	SINE/MIR	587	+	99	232501047	44500
chr2	232456547	232656547	harbor2	chr2	232513480	232513677	SINE/MIR	583	+	98	232513578	57031
chr2	232456547	232656547	harbor2	chr2	232505243	232505400	SINE/MIR	618	+	78	232505321	48774
chr2	43055480	43255480	harbor2	chr2	43064981	43065175	SINE/MIR	553	+	97	43065078	9598
chr2	43055480	43255480	harbor2	chr2	43073647	43073829	SINE/MIR	442	+	91	43073738	18258
chr2	43055480	43255480	harbor2	chr2	43132375	43132576	SINE/MIR	517	+	100	43132475	76995
chr2	43055480	43255480	harbor2	chr2	43141988	43142159	SINE/MIR	468	+	86	43142074	86594
chr2	43055480	43255480	harbor2	chr2	43150175	43150385	SINE/MIR	507	+	105	43150280	94800
chr2	219078261	219278261	harbor2	chr2	219084542	219084708	SINE/MIR	542	+	83	219084625	6364
chr2	219078261	219278261	harbor2	chr2	219089940	219090152	SINE/MIR	595	+	106	219090046	11785
chr2	219078261	219278261	harbor2	chr2	219090235	219090454	SINE/MIR	831	+	110	219090345	12084
chr2	219078261	219278261	harbor2	chr2	219112250	219112349	SINE/MIR	492	+	50	219112300	34039
chr2	219078261	219278261	harbor2	chr2	219117663	219117914	SINE/MIR	626	+	126	219117789	39528
chr2	219078261	219278261	harbor2	chr2	219134230	219134446	SINE/MIR	478	+	108	219134338	56077
chr2	219078261	219278261	harbor2	chr2	219156593	219156783	SINE/MIR	493	+	95	219156688	78427
chr2	53472337	53672337	harbor2	chr2	53478645	53478891	SINE/MIR	582	+	123	53478768	6431
chr2	53472337	53672337	harbor2	chr2	53480030	53480261	SINE/MIR	935	+	116	53480146	7809
chr2	53472337	53672337	harbor2	chr2	53493791	53493992	SINE/MIR	749	+	100	53493891	21554
chr2	53472337	53672337	harbor2	chr2	53564140	53564408	SINE/MIR	728	+	134	53564274	91937
chr2	53472337	53672337	harbor2	chr2	53564573	53564774	SINE/MIR	717	+	100	53564673	92336
chr2	70453855	70653855	harbor2	chr2	70463055	70463299	SINE/MIR	754	+	122	70463177	9322
chr2	70453855	70653855	harbor2	chr2	70496524	70496697	SINE/MIR	522	+	86	70496610	42755
chr2	70453855	70653855	harbor2	chr2	70504847	70505087	SINE/MIR	1060	+	120	70504967	51112
chr2	70453855	70653855	harbor2	chr2	70519880	70520049	SINE/MIR	493	+	84	70519964	66109
chr2	70453855	70653855	harbor2	chr2	70521393	70521589	SINE/MIR	490	+	98	70521491	67636
chr2	70453855	70653855	harbor2	chr2	70534922	70535148	SINE/MIR	506	+	113	70535035	81180
chr2	70453855	70653855	harbor2	chr2	70552161	70552336	SINE/MIR	480	+	88	70552249	98394
chr2	218223269	218423269	harbor2	chr2	218270868	218271042	SINE/MIR	648	+	87	218270955	47686
chr2	218223269	218423269	harbor2	chr2	218278138	218278323	SINE/MIR	504	+	92	218278230	54961
chr2	218223269	218423269	harbor2	chr2	218284699	218284808	SINE/MIR	456	+	54	218284753	61484
chr2	218223269	218423269	harbor2	chr2	218285110	218285171	SINE/MIR	456	+	30	218285140	61871
chr2	218223269	218423269	harbor2	chr2	218298378	218298586	SINE/MIR	525	+	104	218298482	75213
chr2	218223269	218423269	harbor2	chr2	218311183	218311249	SINE/MIR	451	+	33	218311216	87947
chr2	218223269	218423269	harbor2	chr2	218312231	218312342	SINE/MIR	451	+	56	218312287	89018
chr2	219116402	219316402	harbor2	chr2	219117663	219117914	SINE/MIR	626	+	126	219117789	1387
chr2	219116402	219316402	harbor2	chr2	219134230	219134446	SINE/MIR	478	+	108	219134338	17936
chr2	219116402	219316402	harbor2	chr2	219156593	219156783	SINE/MIR	493	+	95	219156688	40286
chr2	219116402	219316402	harbor2	chr2	219179219	219179448	SINE/MIR	748	+	114	219179333	62931
chr2	219116402	219316402	harbor2	chr2	219208766	219208913	SINE/MIR	475	+	74	219208840	92438
chr2	219078283	219278283	harbor2	chr2	219084542	219084708	SINE/MIR	542	+	83	219084625	6342
chr2	219078283	219278283	harbor2	chr2	219089940	219090152	SINE/MIR	595	+	106	219090046	11763
chr2	219078283	219278283	harbor2	chr2	219090235	219090454	SINE/MIR	831	+	110	219090345	12062
chr2	219078283	219278283	harbor2	chr2	219112250	219112349	SINE/MIR	492	+	50	219112300	34017
chr2	219078283	219278283	harbor2	chr2	219117663	219117914	SINE/MIR	626	+	126	219117789	39506
chr2	219078283	219278283	harbor2	chr2	219134230	219134446	SINE/MIR	478	+	108	219134338	56055
chr2	219078283	219278283	harbor2	chr2	219156593	219156783	SINE/MIR	493	+	95	219156688	78405
chr2	26950509	27150509	harbor2	chr2	26962783	26962937	SINE/MIR	510	+	77	26962860	12351
chr2	26950509	27150509	harbor2	chr2	26974630	26974850	SINE/MIR	804	+	110	26974740	24231
chr2	26950509	27150509	harbor2	chr2	26998454	26998554	SINE/MIR	447	+	50	26998504	47995
chr2	26950509	27150509	harbor2	chr2	27022941	27023167	SINE/MIR	511	+	113	27023054	72545
chr2	219078282	219278282	harbor2	chr2	219084542	219084708	SINE/MIR	542	+	83	219084625	6343
chr2	219078282	219278282	harbor2	chr2	219089940	219090152	SINE/MIR	595	+	106	219090046	11764
chr2	219078282	219278282	harbor2	chr2	219090235	219090454	SINE/MIR	831	+	110	219090345	12063
chr2	219078282	219278282	harbor2	chr2	219112250	219112349	SINE/MIR	492	+	50	219112300	34018
chr2	219078282	219278282	harbor2	chr2	219117663	219117914	SINE/MIR	626	+	126	219117789	39507
chr2	219078282	219278282	harbor2	chr2	219134230	219134446	SINE/MIR	478	+	108	219134338	56056
chr2	219078282	219278282	harbor2	chr2	219156593	219156783	SINE/MIR	493	+	95	219156688	78406
chr2	219145524	219345524	harbor2	chr2	219156593	219156783	SINE/MIR	493	+	95	219156688	11164
chr2	219145524	219345524	harbor2	chr2	219179219	219179448	SINE/MIR	748	+	114	219179333	33809
chr2	219145524	219345524	harbor2	chr2	219208766	219208913	SINE/MIR	475	+	74	219208840	63316
chr2	219145524	219345524	harbor2	chr2	219226958	219227203	SINE/MIR	696	+	122	219227080	81556
chr2	219079117	219279117	harbor2	chr2	219084542	219084708	SINE/MIR	542	+	83	219084625	5508
chr2	219079117	219279117	harbor2	chr2	219089940	219090152	SINE/MIR	595	+	106	219090046	10929
chr2	219079117	219279117	harbor2	chr2	219090235	219090454	SINE/MIR	831	+	110	219090345	11228
chr2	219079117	219279117	harbor2	chr2	219112250	219112349	SINE/MIR	492	+	50	219112300	33183
chr2	219079117	219279117	harbor2	chr2	219117663	219117914	SINE/MIR	626	+	126	219117789	38672
chr2	219079117	219279117	harbor2	chr2	219134230	219134446	SINE/MIR	478	+	108	219134338	55221
chr2	219079117	219279117	harbor2	chr2	219156593	219156783	SINE/MIR	493	+	95	219156688	77571
chr2	26406627	26606627	harbor2	chr2	26459610	26459744	SINE/MIR	497	+	67	26459677	53050
chr2	26406627	26606627	harbor2	chr2	26487415	26487583	SINE/MIR	521	+	84	26487499	80872
chr2	26406627	26606627	harbor2	chr2	26490029	26490203	SINE/MIR	765	+	87	26490116	83489
chr2	26406627	26606627	harbor2	chr2	26494095	26494257	SINE/MIR	488	+	81	26494176	87549
chr2	26406627	26606627	harbor2	chr2	26500132	26500361	SINE/MIR	532	+	114	26500246	93619
chr2	219078255	219278255	harbor2	chr2	219084542	219084708	SINE/MIR	542	+	83	219084625	6370
chr2	219078255	219278255	harbor2	chr2	219089940	219090152	SINE/MIR	595	+	106	219090046	11791
chr2	219078255	219278255	harbor2	chr2	219090235	219090454	SINE/MIR	831	+	110	219090345	12090
chr2	219078255	219278255	harbor2	chr2	219112250	219112349	SINE/MIR	492	+	50	219112300	34045
chr2	219078255	219278255	harbor2	chr2	219117663	219117914	SINE/MIR	626	+	126	219117789	39534
chr2	219078255	219278255	harbor2	chr2	219134230	219134446	SINE/MIR	478	+	108	219134338	56083
chr2	219078255	219278255	harbor2	chr2	219156593	219156783	SINE/MIR	493	+	95	219156688	78433
chr2	219081059	219281059	harbor2	chr2	219084542	219084708	SINE/MIR	542	+	83	219084625	3566
chr2	219081059	219281059	harbor2	chr2	219089940	219090152	SINE/MIR	595	+	106	219090046	8987
chr2	219081059	219281059	harbor2	chr2	219090235	219090454	SINE/MIR	831	+	110	219090345	9286
chr2	219081059	219281059	harbor2	chr2	219112250	219112349	SINE/MIR	492	+	50	219112300	31241
chr2	219081059	219281059	harbor2	chr2	219117663	219117914	SINE/MIR	626	+	126	219117789	36730
chr2	219081059	219281059	harbor2	chr2	219134230	219134446	SINE/MIR	478	+	108	219134338	53279
chr2	219081059	219281059	harbor2	chr2	219156593	219156783	SINE/MIR	493	+	95	219156688	75629
chr2	219081059	219281059	harbor2	chr2	219179219	219179448	SINE/MIR	748	+	114	219179333	98274
chr2	219078275	219278275	harbor2	chr2	219084542	219084708	SINE/MIR	542	+	83	219084625	6350
chr2	219078275	219278275	harbor2	chr2	219089940	219090152	SINE/MIR	595	+	106	219090046	11771
chr2	219078275	219278275	harbor2	chr2	219090235	219090454	SINE/MIR	831	+	110	219090345	12070
chr2	219078275	219278275	harbor2	chr2	219112250	219112349	SINE/MIR	492	+	50	219112300	34025
chr2	219078275	219278275	harbor2	chr2	219117663	219117914	SINE/MIR	626	+	126	219117789	39514
chr2	219078275	219278275	harbor2	chr2	219134230	219134446	SINE/MIR	478	+	108	219134338	56063
chr2	219078275	219278275	harbor2	chr2	219156593	219156783	SINE/MIR	493	+	95	219156688	78413
chr2	171822444	172022444	harbor2	chr2	171880911	171881105	SINE/MIR	925	+	97	171881008	58564
chr2	195072898	195272898	harbor2	chr2	195135107	195135261	SINE/MIR	447	+	77	195135184	62286
chr2	43056095	43256095	harbor2	chr2	43064981	43065175	SINE/MIR	553	+	97	43065078	8983
chr2	43056095	43256095	harbor2	chr2	43073647	43073829	SINE/MIR	442	+	91	43073738	17643
chr2	43056095	43256095	harbor2	chr2	43132375	43132576	SINE/MIR	517	+	100	43132475	76380
chr2	43056095	43256095	harbor2	chr2	43141988	43142159	SINE/MIR	468	+	86	43142074	85979
chr2	43056095	43256095	harbor2	chr2	43150175	43150385	SINE/MIR	507	+	105	43150280	94185
chr2	26956547	27156547	harbor2	chr2	26962783	26962937	SINE/MIR	510	+	77	26962860	6313
chr2	26956547	27156547	harbor2	chr2	26974630	26974850	SINE/MIR	804	+	110	26974740	18193
chr2	26956547	27156547	harbor2	chr2	26998454	26998554	SINE/MIR	447	+	50	26998504	41957
chr2	26956547	27156547	harbor2	chr2	27022941	27023167	SINE/MIR	511	+	113	27023054	66507
chr2	26404185	26604185	harbor2	chr2	26459610	26459744	SINE/MIR	497	+	67	26459677	55492
chr2	26404185	26604185	harbor2	chr2	26487415	26487583	SINE/MIR	521	+	84	26487499	83314
chr2	26404185	26604185	harbor2	chr2	26490029	26490203	SINE/MIR	765	+	87	26490116	85931
chr2	26404185	26604185	harbor2	chr2	26494095	26494257	SINE/MIR	488	+	81	26494176	89991
chr2	26404185	26604185	harbor2	chr2	26500132	26500361	SINE/MIR	532	+	114	26500246	96061
chr2	219078258	219278258	harbor2	chr2	219084542	219084708	SINE/MIR	542	+	83	219084625	6367
chr2	219078258	219278258	harbor2	chr2	219089940	219090152	SINE/MIR	595	+	106	219090046	11788
chr2	219078258	219278258	harbor2	chr2	219090235	219090454	SINE/MIR	831	+	110	219090345	12087
chr2	219078258	219278258	harbor2	chr2	219112250	219112349	SINE/MIR	492	+	50	219112300	34042
chr2	219078258	219278258	harbor2	chr2	219117663	219117914	SINE/MIR	626	+	126	219117789	39531
chr2	219078258	219278258	harbor2	chr2	219134230	219134446	SINE/MIR	478	+	108	219134338	56080
chr2	219078258	219278258	harbor2	chr2	219156593	219156783	SINE/MIR	493	+	95	219156688	78430
chr2	219078269	219278269	harbor2	chr2	219084542	219084708	SINE/MIR	542	+	83	219084625	6356
chr2	219078269	219278269	harbor2	chr2	219089940	219090152	SINE/MIR	595	+	106	219090046	11777
chr2	219078269	219278269	harbor2	chr2	219090235	219090454	SINE/MIR	831	+	110	219090345	12076
chr2	219078269	219278269	harbor2	chr2	219112250	219112349	SINE/MIR	492	+	50	219112300	34031
chr2	219078269	219278269	harbor2	chr2	219117663	219117914	SINE/MIR	626	+	126	219117789	39520
chr2	219078269	219278269	harbor2	chr2	219134230	219134446	SINE/MIR	478	+	108	219134338	56069
chr2	219078269	219278269	harbor2	chr2	219156593	219156783	SINE/MIR	493	+	95	219156688	78419
chr2	219078253	219278253	harbor2	chr2	219084542	219084708	SINE/MIR	542	+	83	219084625	6372
chr2	219078253	219278253	harbor2	chr2	219089940	219090152	SINE/MIR	595	+	106	219090046	11793
chr2	219078253	219278253	harbor2	chr2	219090235	219090454	SINE/MIR	831	+	110	219090345	12092
chr2	219078253	219278253	harbor2	chr2	219112250	219112349	SINE/MIR	492	+	50	219112300	34047
chr2	219078253	219278253	harbor2	chr2	219117663	219117914	SINE/MIR	626	+	126	219117789	39536
chr2	219078253	219278253	harbor2	chr2	219134230	219134446	SINE/MIR	478	+	108	219134338	56085
chr2	219078253	219278253	harbor2	chr2	219156593	219156783	SINE/MIR	493	+	95	219156688	78435
chr2	85502763	85702763	harbor2	chr2	85556853	85556984	SINE/MIR	470	+	66	85556919	54156
chr2	85502763	85702763	harbor2	chr2	85584751	85584967	SINE/MIR	648	+	108	85584859	82096
chr2	85502763	85702763	harbor2	chr2	85586157	85586294	SINE/MIR	661	+	68	85586225	83462
chr2	85502763	85702763	harbor2	chr2	85586604	85586730	SINE/MIR	661	+	63	85586667	83904
chr2	85502763	85702763	harbor2	chr2	85600691	85600908	SINE/MIR	744	+	108	85600799	98036
chr2	85502763	85702763	harbor2	chr2	85557145	85557251	SINE/MIR	470	+	53	85557198	54435
chr2	27279123	27479123	harbor2	chr2	27294444	27294609	SINE/MIR	868	+	82	27294526	15403
chr2	27279123	27479123	harbor2	chr2	27294911	27295008	SINE/MIR	868	+	48	27294959	15836
chr2	27279123	27479123	harbor2	chr2	27302807	27302973	SINE/MIR	551	+	83	27302890	23767
chr2	27279123	27479123	harbor2	chr2	27305197	27305399	SINE/MIR	474	+	101	27305298	26175
chr2	27279123	27479123	harbor2	chr2	27363189	27363311	SINE/MIR	573	+	61	27363250	84127
chr2	27279123	27479123	harbor2	chr2	27363339	27363424	SINE/MIR	482	+	42	27363381	84258
chr2	27279123	27479123	harbor2	chr2	27363707	27363796	SINE/MIR	482	+	44	27363751	84628
chr2	113484990	113684990	harbor2	chr2	113507142	113507347	SINE/MIR	911	+	102	113507244	22254
chr2	113484990	113684990	harbor2	chr2	113551456	113551619	SINE/MIR	505	+	82	113551538	66548
chr2	219078252	219278252	harbor2	chr2	219084542	219084708	SINE/MIR	542	+	83	219084625	6373
chr2	219078252	219278252	harbor2	chr2	219089940	219090152	SINE/MIR	595	+	106	219090046	11794
chr2	219078252	219278252	harbor2	chr2	219090235	219090454	SINE/MIR	831	+	110	219090345	12093
chr2	219078252	219278252	harbor2	chr2	219112250	219112349	SINE/MIR	492	+	50	219112300	34048
chr2	219078252	219278252	harbor2	chr2	219117663	219117914	SINE/MIR	626	+	126	219117789	39537
chr2	219078252	219278252	harbor2	chr2	219134230	219134446	SINE/MIR	478	+	108	219134338	56086
chr2	219078252	219278252	harbor2	chr2	219156593	219156783	SINE/MIR	493	+	95	219156688	78436
chr2	71056951	71256951	harbor2	chr2	71071023	71071264	SINE/MIR	1047	+	120	71071143	14192
chr2	71056951	71256951	harbor2	chr2	71121907	71122132	SINE/MIR	498	+	112	71122019	65068
chr2	219179881	219379881	harbor2	chr2	219208766	219208913	SINE/MIR	475	+	74	219208840	28959
chr2	219179881	219379881	harbor2	chr2	219226958	219227203	SINE/MIR	696	+	122	219227080	47199
chr2	219179881	219379881	harbor2	chr2	219267178	219267409	SINE/MIR	735	+	116	219267294	87413
chr2	242029286	242229286	harbor2	chr2	242090131	242090369	SINE/MIR	602	+	119	242090250	60964
chr2	74426974	74626974	harbor2	chr2	74435262	74435407	SINE/MIR	509	+	72	74435334	8360
chr2	74426974	74626974	harbor2	chr2	74442451	74442646	SINE/MIR	654	+	98	74442549	15575
chr2	74426974	74626974	harbor2	chr2	74452642	74452879	SINE/MIR	863	+	118	74452760	25786
chr2	74426974	74626974	harbor2	chr2	74494369	74494542	SINE/MIR	608	+	86	74494455	67481
chr2	74426974	74626974	harbor2	chr2	74496356	74496561	SINE/MIR	497	+	102	74496458	69484
chr2	238807569	239007569	harbor2	chr2	238814469	238814611	SINE/MIR	473	+	71	238814540	6971
chr2	217854217	218054217	harbor2	chr2	217861579	217861788	SINE/MIR	635	+	104	217861683	7466
chr2	217854217	218054217	harbor2	chr2	217863541	217863727	SINE/MIR	476	+	93	217863634	9417
chr2	217854217	218054217	harbor2	chr2	217866991	217867187	SINE/MIR	534	+	98	217867089	12872
chr2	217854217	218054217	harbor2	chr2	217878400	217878570	SINE/MIR	530	+	85	217878485	24268
chr2	217854217	218054217	harbor2	chr2	217891261	217891471	SINE/MIR	694	+	105	217891366	37149
chr2	217854217	218054217	harbor2	chr2	217897364	217897514	SINE/MIR	490	+	75	217897439	43222
chr2	217854217	218054217	harbor2	chr2	217900073	217900279	SINE/MIR	629	+	103	217900176	45959
chr2	217854217	218054217	harbor2	chr2	217901177	217901415	SINE/MIR	450	+	119	217901296	47079
chr2	217854217	218054217	harbor2	chr2	217909789	217909995	SINE/MIR	443	+	103	217909892	55675
chr2	217854217	218054217	harbor2	chr2	217915955	217916163	SINE/MIR	649	+	104	217916059	61842
chr2	217854217	218054217	harbor2	chr2	217932254	217932475	SINE/MIR	527	+	110	217932364	78147
chr2	3909466	4109466	harbor2	chr2	3948639	3948814	SINE/MIR	494	+	88	3948727	39261
chr2	113484950	113684950	harbor2	chr2	113507142	113507347	SINE/MIR	911	+	102	113507244	22294
chr2	113484950	113684950	harbor2	chr2	113551456	113551619	SINE/MIR	505	+	82	113551538	66588
chr2	152618727	152818727	harbor2	chr2	152668450	152668687	SINE/MIR	547	+	118	152668568	49841
chr2	152618727	152818727	harbor2	chr2	152699632	152699831	SINE/MIR	481	+	100	152699732	81005
chr2	72787348	72987348	harbor2	chr2	72788080	72788286	SINE/MIR	559	+	103	72788183	835
chr2	72787348	72987348	harbor2	chr2	72824858	72825081	SINE/MIR	673	+	112	72824970	37622
chr2	72787348	72987348	harbor2	chr2	72840304	72840499	SINE/MIR	809	+	98	72840402	53054
chr2	229968889	230168889	harbor2	chr2	229983690	229983918	SINE/MIR	775	+	114	229983804	14915
chr2	229968889	230168889	harbor2	chr2	229989986	229990264	SINE/MIR	442	+	139	229990125	21236
chr2	229968889	230168889	harbor2	chr2	230055050	230055279	SINE/MIR	552	+	114	230055164	86275
chr2	43459411	43659411	harbor2	chr2	43480070	43480308	SINE/MIR	650	+	119	43480189	20778
chr2	43459411	43659411	harbor2	chr2	43494525	43494698	SINE/MIR	485	+	86	43494611	35200
chr2	43459411	43659411	harbor2	chr2	43508009	43508133	SINE/MIR	525	+	62	43508071	48660
chr2	43459411	43659411	harbor2	chr2	43512985	43513125	SINE/MIR	538	+	70	43513055	53644
chr2	43459411	43659411	harbor2	chr2	43536801	43536945	SINE/MIR	479	+	72	43536873	77462
chr2	43459411	43659411	harbor2	chr2	43538621	43538818	SINE/MIR	558	+	98	43538719	79308
chr2	6817447	7017447	harbor2	chr2	6821879	6822041	SINE/MIR	515	+	81	6821960	4513
chr2	6817447	7017447	harbor2	chr2	6850498	6850714	SINE/MIR	529	+	108	6850606	33159
chr2	2617889	2817889	harbor2	chr2	2662992	2663171	SINE/MIR	513	+	90	2663082	45193
chr2	43055466	43255466	harbor2	chr2	43064981	43065175	SINE/MIR	553	+	97	43065078	9612
chr2	43055466	43255466	harbor2	chr2	43073647	43073829	SINE/MIR	442	+	91	43073738	18272
chr2	43055466	43255466	harbor2	chr2	43132375	43132576	SINE/MIR	517	+	100	43132475	77009
chr2	43055466	43255466	harbor2	chr2	43141988	43142159	SINE/MIR	468	+	86	43142074	86608
chr2	43055466	43255466	harbor2	chr2	43150175	43150385	SINE/MIR	507	+	105	43150280	94814
chr2	85228038	85428038	harbor2	chr2	85231879	85232024	SINE/MIR	476	+	72	85231951	3913
chr2	85228038	85428038	harbor2	chr2	85249762	85250000	SINE/MIR	471	+	119	85249881	21843
chr2	85228038	85428038	harbor2	chr2	85257939	85258088	SINE/MIR	607	+	74	85258013	29975
chr2	85228038	85428038	harbor2	chr2	85267694	85267838	SINE/MIR	613	+	72	85267766	39728
chr2	85228038	85428038	harbor2	chr2	85287815	85288061	SINE/MIR	744	+	123	85287938	59900
chr2	85228038	85428038	harbor2	chr2	85301201	85301393	SINE/MIR	541	+	96	85301297	73259
chr2	169386758	169586758	harbor2	chr2	169387195	169387350	SINE/MIR	557	+	78	169387273	515
chr2	169386758	169586758	harbor2	chr2	169394373	169394532	SINE/MIR	484	+	80	169394453	7695
chr2	42069370	42269370	harbor2	chr2	42072021	42072257	SINE/MIR	616	+	118	42072139	2769
chr2	42069370	42269370	harbor2	chr2	42082219	42082433	SINE/MIR	581	+	107	42082326	12956
chr2	42069370	42269370	harbor2	chr2	42116271	42116447	SINE/MIR	538	+	88	42116359	46989
chr2	42069370	42269370	harbor2	chr2	42145934	42146135	SINE/MIR	528	+	100	42146034	76664
chr2	42069370	42269370	harbor2	chr2	42146421	42146665	SINE/MIR	800	+	122	42146543	77173
chr2	42069370	42269370	harbor2	chr2	42152543	42152595	SINE/MIR	595	+	26	42152569	83199
chr2	42069370	42269370	harbor2	chr2	42152972	42153176	SINE/MIR	595	+	102	42153074	83704
chr2	242055177	242255177	harbor2	chr2	242090131	242090369	SINE/MIR	602	+	119	242090250	35073
chr2	242055177	242255177	harbor2	chr2	242148815	242149047	SINE/MIR	456	+	116	242148931	93754
chr2	232387413	232587413	harbor2	chr2	232431590	232431801	SINE/MIR	485	+	106	232431696	44283
chr2	219078268	219278268	harbor2	chr2	219084542	219084708	SINE/MIR	542	+	83	219084625	6357
chr2	219078268	219278268	harbor2	chr2	219089940	219090152	SINE/MIR	595	+	106	219090046	11778
chr2	219078268	219278268	harbor2	chr2	219090235	219090454	SINE/MIR	831	+	110	219090345	12077
chr2	219078268	219278268	harbor2	chr2	219112250	219112349	SINE/MIR	492	+	50	219112300	34032
chr2	219078268	219278268	harbor2	chr2	219117663	219117914	SINE/MIR	626	+	126	219117789	39521
chr2	219078268	219278268	harbor2	chr2	219134230	219134446	SINE/MIR	478	+	108	219134338	56070
chr2	219078268	219278268	harbor2	chr2	219156593	219156783	SINE/MIR	493	+	95	219156688	78420
chr2	86515479	86715479	harbor2	chr2	86561219	86561358	SINE/MIR	537	+	70	86561289	45810
chr2	46271422	46471422	harbor2	chr2	46326849	46327020	SINE/MIR	575	+	86	46326935	55513
chr2	46271422	46471422	harbor2	chr2	46327050	46327202	SINE/MIR	483	+	76	46327126	55704
chr2	46271422	46471422	harbor2	chr2	46338126	46338319	SINE/MIR	511	+	96	46338222	66800
chr2	46271422	46471422	harbor2	chr2	46343444	46343628	SINE/MIR	525	+	92	46343536	72114
chr2	46271422	46471422	harbor2	chr2	46343783	46343965	SINE/MIR	733	+	91	46343874	72452
chr2	46271422	46471422	harbor2	chr2	46344040	46344199	SINE/MIR	509	+	80	46344120	72698
chr2	46271422	46471422	harbor2	chr2	46345440	46345709	SINE/MIR	643	+	134	46345574	74152
chr2	46271422	46471422	harbor2	chr2	46347515	46347632	SINE/MIR	453	+	58	46347573	76151
chr2	46271422	46471422	harbor2	chr2	46355395	46355596	SINE/MIR	519	+	100	46355495	84073
chr2	190914208	191114208	harbor2	chr2	190972061	190972295	SINE/MIR	494	+	117	190972178	57970
chr2	190914208	191114208	harbor2	chr2	190973246	190973483	SINE/MIR	626	+	118	190973364	59156
chr2	190914208	191114208	harbor2	chr2	191004556	191004788	SINE/MIR	863	+	116	191004672	90464
chr2	237919027	238119027	harbor2	chr2	237964858	237964945	SINE/MIR	469	+	44	237964902	45875
chr2	237919027	238119027	harbor2	chr2	237995055	237995284	SINE/MIR	803	+	114	237995169	76142
chr2	113779869	113979869	harbor2	chr2	113842763	113842950	SINE/MIR	451	+	94	113842857	62988
chr2	43055483	43255483	harbor2	chr2	43064981	43065175	SINE/MIR	553	+	97	43065078	9595
chr2	43055483	43255483	harbor2	chr2	43073647	43073829	SINE/MIR	442	+	91	43073738	18255
chr2	43055483	43255483	harbor2	chr2	43132375	43132576	SINE/MIR	517	+	100	43132475	76992
chr2	43055483	43255483	harbor2	chr2	43141988	43142159	SINE/MIR	468	+	86	43142074	86591
chr2	43055483	43255483	harbor2	chr2	43150175	43150385	SINE/MIR	507	+	105	43150280	94797
chr2	219078246	219278246	harbor2	chr2	219084542	219084708	SINE/MIR	542	+	83	219084625	6379
chr2	219078246	219278246	harbor2	chr2	219089940	219090152	SINE/MIR	595	+	106	219090046	11800
chr2	219078246	219278246	harbor2	chr2	219090235	219090454	SINE/MIR	831	+	110	219090345	12099
chr2	219078246	219278246	harbor2	chr2	219112250	219112349	SINE/MIR	492	+	50	219112300	34054
chr2	219078246	219278246	harbor2	chr2	219117663	219117914	SINE/MIR	626	+	126	219117789	39543
chr2	219078246	219278246	harbor2	chr2	219134230	219134446	SINE/MIR	478	+	108	219134338	56092
chr2	219078246	219278246	harbor2	chr2	219156593	219156783	SINE/MIR	493	+	95	219156688	78442
chr2	26950619	27150619	harbor2	chr2	26962783	26962937	SINE/MIR	510	+	77	26962860	12241
chr2	26950619	27150619	harbor2	chr2	26974630	26974850	SINE/MIR	804	+	110	26974740	24121
chr2	26950619	27150619	harbor2	chr2	26998454	26998554	SINE/MIR	447	+	50	26998504	47885
chr2	26950619	27150619	harbor2	chr2	27022941	27023167	SINE/MIR	511	+	113	27023054	72435
chr2	168551031	168751031	harbor2	chr2	168569716	168569949	SINE/MIR	444	+	116	168569832	18801
chr2	168551031	168751031	harbor2	chr2	168586661	168586880	SINE/MIR	481	+	110	168586771	35740
chr2	168551031	168751031	harbor2	chr2	168624352	168624584	SINE/MIR	582	+	116	168624468	73437
chr2	168551031	168751031	harbor2	chr2	168626011	168626270	SINE/MIR	757	+	130	168626141	75110
chr2	42261218	42461218	harbor2	chr2	42267002	42267228	SINE/MIR	558	+	113	42267115	5897
chr2	42261218	42461218	harbor2	chr2	42281505	42281694	SINE/MIR	502	+	94	42281599	20381
chr2	42261218	42461218	harbor2	chr2	42285524	42285586	SINE/MIR	747	+	31	42285555	24337
chr2	42261218	42461218	harbor2	chr2	42285899	42286069	SINE/MIR	747	+	85	42285984	24766
chr2	42261218	42461218	harbor2	chr2	42319618	42319756	SINE/MIR	530	+	69	42319687	58469
chr2	42261218	42461218	harbor2	chr2	42320358	42320533	SINE/MIR	444	+	88	42320446	59228
chr2	87467266	87667266	harbor2	chr2	87479954	87480107	SINE/MIR	566	+	76	87480030	12764
chr2	87467266	87667266	harbor2	chr2	87538152	87538352	SINE/MIR	567	+	100	87538252	70986
chr2	87467266	87667266	harbor2	chr2	87550776	87550893	SINE/MIR	460	+	58	87550834	83568
chr2	87467266	87667266	harbor2	chr2	87551187	87551206	SINE/MIR	460	+	10	87551197	83931
chr2	87467266	87667266	harbor2	chr2	87551651	87551749	SINE/MIR	460	+	49	87551700	84434
chr2	70771714	70971714	harbor2	chr2	70776442	70776578	SINE/MIR	453	+	68	70776510	4796
chr2	70771714	70971714	harbor2	chr2	70778216	70778379	SINE/MIR	575	+	82	70778298	6584
chr2	70771714	70971714	harbor2	chr2	70787395	70787625	SINE/MIR	577	+	115	70787510	15796
chr2	70771714	70971714	harbor2	chr2	70788089	70788312	SINE/MIR	453	+	112	70788201	16487
chr2	70771714	70971714	harbor2	chr2	70861213	70861457	SINE/MIR	583	+	122	70861335	89621
chr2	200603208	200803208	harbor2	chr2	200608468	200608676	SINE/MIR	544	+	104	200608572	5364
chr2	200603208	200803208	harbor2	chr2	200612175	200612310	SINE/MIR	453	+	68	200612243	9035
chr2	200603208	200803208	harbor2	chr2	200613252	200613490	SINE/MIR	629	+	119	200613371	10163
chr2	111955657	112155657	harbor2	chr2	111965331	111965548	SINE/MIR	613	+	108	111965439	9782
chr2	111955657	112155657	harbor2	chr2	111967167	111967382	SINE/MIR	508	+	108	111967275	11618
chr2	113497566	113697566	harbor2	chr2	113507142	113507347	SINE/MIR	911	+	102	113507244	9678
chr2	113497566	113697566	harbor2	chr2	113551456	113551619	SINE/MIR	505	+	82	113551538	53972
chr2	113497566	113697566	harbor2	chr2	113590101	113590315	SINE/MIR	811	+	107	113590208	92642
chr2	86976784	87176784	harbor2	chr2	86985194	86985449	SINE/MIR	929	+	128	86985322	8538
chr2	152618540	152818540	harbor2	chr2	152668450	152668687	SINE/MIR	547	+	118	152668568	50028
chr2	152618540	152818540	harbor2	chr2	152699632	152699831	SINE/MIR	481	+	100	152699732	81192
chr2	63489005	63689005	harbor2	chr2	63570807	63570902	SINE/MIR	533	+	48	63570855	81850
chr2	63489005	63689005	harbor2	chr2	63571211	63571260	SINE/MIR	533	+	24	63571235	82230
chr2	26957456	27157456	harbor2	chr2	26962783	26962937	SINE/MIR	510	+	77	26962860	5404
chr2	26957456	27157456	harbor2	chr2	26974630	26974850	SINE/MIR	804	+	110	26974740	17284
chr2	26957456	27157456	harbor2	chr2	26998454	26998554	SINE/MIR	447	+	50	26998504	41048
chr2	26957456	27157456	harbor2	chr2	27022941	27023167	SINE/MIR	511	+	113	27023054	65598
chr2	42069378	42269378	harbor2	chr2	42072021	42072257	SINE/MIR	616	+	118	42072139	2761
chr2	42069378	42269378	harbor2	chr2	42082219	42082433	SINE/MIR	581	+	107	42082326	12948
chr2	42069378	42269378	harbor2	chr2	42116271	42116447	SINE/MIR	538	+	88	42116359	46981
chr2	42069378	42269378	harbor2	chr2	42145934	42146135	SINE/MIR	528	+	100	42146034	76656
chr2	42069378	42269378	harbor2	chr2	42146421	42146665	SINE/MIR	800	+	122	42146543	77165
chr2	42069378	42269378	harbor2	chr2	42152543	42152595	SINE/MIR	595	+	26	42152569	83191
chr2	42069378	42269378	harbor2	chr2	42152972	42153176	SINE/MIR	595	+	102	42153074	83696
chr2	74415881	74615881	harbor2	chr2	74435262	74435407	SINE/MIR	509	+	72	74435334	19453
chr2	74415881	74615881	harbor2	chr2	74442451	74442646	SINE/MIR	654	+	98	74442549	26668
chr2	74415881	74615881	harbor2	chr2	74452642	74452879	SINE/MIR	863	+	118	74452760	36879
chr2	74415881	74615881	harbor2	chr2	74494369	74494542	SINE/MIR	608	+	86	74494455	78574
chr2	74415881	74615881	harbor2	chr2	74496356	74496561	SINE/MIR	497	+	102	74496458	80577
chr2	120748875	120948875	harbor2	chr2	120750457	120750590	SINE/MIR	481	+	66	120750523	1648
chr2	120748875	120948875	harbor2	chr2	120803194	120803369	SINE/MIR	538	+	88	120803282	54407
chr2	120748875	120948875	harbor2	chr2	120804867	120805079	SINE/MIR	492	+	106	120804973	56098
chr2	120748875	120948875	harbor2	chr2	120829392	120829570	SINE/MIR	492	+	89	120829481	80606
chr2	203717178	203917178	harbor2	chr2	203719527	203719745	SINE/MIR	555	+	109	203719636	2458
chr2	203717178	203917178	harbor2	chr2	203813904	203814150	SINE/MIR	781	+	123	203814027	96849
chr2	219343736	219543736	harbor2	chr2	219359742	219359934	SINE/MIR	491	+	96	219359838	16102
chr2	219343736	219543736	harbor2	chr2	219406054	219406298	SINE/MIR	754	+	122	219406176	62440
chr2	219343736	219543736	harbor2	chr2	219406302	219406465	SINE/MIR	458	+	82	219406384	62648
chr2	219343736	219543736	harbor2	chr2	219416760	219416901	SINE/MIR	489	+	70	219416830	73094
chr2	219343736	219543736	harbor2	chr2	219440709	219440876	SINE/MIR	599	+	84	219440793	97057
chr2	74427953	74627953	harbor2	chr2	74435262	74435407	SINE/MIR	509	+	72	74435334	7381
chr2	74427953	74627953	harbor2	chr2	74442451	74442646	SINE/MIR	654	+	98	74442549	14596
chr2	74427953	74627953	harbor2	chr2	74452642	74452879	SINE/MIR	863	+	118	74452760	24807
chr2	74427953	74627953	harbor2	chr2	74494369	74494542	SINE/MIR	608	+	86	74494455	66502
chr2	74427953	74627953	harbor2	chr2	74496356	74496561	SINE/MIR	497	+	102	74496458	68505
chr2	26950608	27150608	harbor2	chr2	26962783	26962937	SINE/MIR	510	+	77	26962860	12252
chr2	26950608	27150608	harbor2	chr2	26974630	26974850	SINE/MIR	804	+	110	26974740	24132
chr2	26950608	27150608	harbor2	chr2	26998454	26998554	SINE/MIR	447	+	50	26998504	47896
chr2	26950608	27150608	harbor2	chr2	27022941	27023167	SINE/MIR	511	+	113	27023054	72446
chr2	232394713	232594713	harbor2	chr2	232431590	232431801	SINE/MIR	485	+	106	232431696	36983
chr2	56085624	56285624	harbor2	chr2	56122422	56122640	SINE/MIR	547	+	109	56122531	36907
chr2	56085624	56285624	harbor2	chr2	56122810	56123059	SINE/MIR	568	+	124	56122934	37310
chr2	56085624	56285624	harbor2	chr2	56130192	56130319	SINE/MIR	488	+	64	56130256	44632
chr2	56085624	56285624	harbor2	chr2	56145653	56145881	SINE/MIR	562	+	114	56145767	60143
chr2	56148544	56348544	harbor2	chr2	56214117	56214365	SINE/MIR	952	+	124	56214241	65697
chr2	56148544	56348544	harbor2	chr2	56228126	56228224	SINE/MIR	729	+	49	56228175	79631
chr2	56148544	56348544	harbor2	chr2	56228335	56228451	SINE/MIR	729	+	58	56228393	79849
chr2	6845395	7045395	harbor2	chr2	6850498	6850714	SINE/MIR	529	+	108	6850606	5211
chr2	70771713	70971713	harbor2	chr2	70776442	70776578	SINE/MIR	453	+	68	70776510	4797
chr2	70771713	70971713	harbor2	chr2	70778216	70778379	SINE/MIR	575	+	82	70778298	6585
chr2	70771713	70971713	harbor2	chr2	70787395	70787625	SINE/MIR	577	+	115	70787510	15797
chr2	70771713	70971713	harbor2	chr2	70788089	70788312	SINE/MIR	453	+	112	70788201	16488
chr2	70771713	70971713	harbor2	chr2	70861213	70861457	SINE/MIR	583	+	122	70861335	89622
chr2	130084190	130284190	harbor2	chr2	130115511	130115759	SINE/MIR	582	+	124	130115635	31445
chr2	162740814	162940814	harbor2	chr2	162775842	162776054	SINE/MIR	523	+	106	162775948	35134
chr2	162740814	162940814	harbor2	chr2	162796128	162796342	SINE/MIR	625	+	107	162796235	55421
chr2	27272823	27472823	harbor2	chr2	27294444	27294609	SINE/MIR	868	+	82	27294526	21703
chr2	27272823	27472823	harbor2	chr2	27294911	27295008	SINE/MIR	868	+	48	27294959	22136
chr2	27272823	27472823	harbor2	chr2	27302807	27302973	SINE/MIR	551	+	83	27302890	30067
chr2	27272823	27472823	harbor2	chr2	27305197	27305399	SINE/MIR	474	+	101	27305298	32475
chr2	27272823	27472823	harbor2	chr2	27363189	27363311	SINE/MIR	573	+	61	27363250	90427
chr2	27272823	27472823	harbor2	chr2	27363339	27363424	SINE/MIR	482	+	42	27363381	90558
chr2	27272823	27472823	harbor2	chr2	27363707	27363796	SINE/MIR	482	+	44	27363751	90928
chr2	26246115	26446115	harbor2	chr2	26253521	26253570	SINE/MIR	721	+	24	26253545	7430
chr2	26246115	26446115	harbor2	chr2	26253905	26254061	SINE/MIR	721	+	78	26253983	7868
chr2	26246115	26446115	harbor2	chr2	26255549	26255756	SINE/MIR	485	+	104	26255653	9538
chr2	26246115	26446115	harbor2	chr2	26289332	26289471	SINE/MIR	626	+	70	26289402	43287
chr2	26403683	26603683	harbor2	chr2	26459610	26459744	SINE/MIR	497	+	67	26459677	55994
chr2	26403683	26603683	harbor2	chr2	26487415	26487583	SINE/MIR	521	+	84	26487499	83816
chr2	26403683	26603683	harbor2	chr2	26490029	26490203	SINE/MIR	765	+	87	26490116	86433
chr2	26403683	26603683	harbor2	chr2	26494095	26494257	SINE/MIR	488	+	81	26494176	90493
chr2	26403683	26603683	harbor2	chr2	26500132	26500361	SINE/MIR	532	+	114	26500246	96563
chr2	74272719	74472719	harbor2	chr2	74292003	74292223	SINE/MIR	732	+	110	74292113	19394
chr2	74272719	74472719	harbor2	chr2	74336431	74336595	SINE/MIR	627	+	82	74336513	63794
chr2	207669644	207869644	harbor2	chr2	207693964	207694195	SINE/MIR	740	+	116	207694080	24436
chr2	74415899	74615899	harbor2	chr2	74435262	74435407	SINE/MIR	509	+	72	74435334	19435
chr2	74415899	74615899	harbor2	chr2	74442451	74442646	SINE/MIR	654	+	98	74442549	26650
chr2	74415899	74615899	harbor2	chr2	74452642	74452879	SINE/MIR	863	+	118	74452760	36861
chr2	74415899	74615899	harbor2	chr2	74494369	74494542	SINE/MIR	608	+	86	74494455	78556
chr2	74415899	74615899	harbor2	chr2	74496356	74496561	SINE/MIR	497	+	102	74496458	80559
chr2	46225653	46425653	harbor2	chr2	46227808	46228028	SINE/MIR	573	+	110	46227918	2265
chr2	46225653	46425653	harbor2	chr2	46240241	46240374	SINE/MIR	504	+	66	46240307	14654
chr2	46225653	46425653	harbor2	chr2	46254135	46254325	SINE/MIR	446	+	95	46254230	28577
chr2	219497764	219697764	harbor2	chr2	219500584	219500781	SINE/MIR	616	+	98	219500682	2918
chr2	219497764	219697764	harbor2	chr2	219518813	219518900	SINE/MIR	561	+	44	219518857	21093
chr2	219497764	219697764	harbor2	chr2	219519175	219519305	SINE/MIR	561	+	65	219519240	21476
chr2	219497764	219697764	harbor2	chr2	219524346	219524564	SINE/MIR	740	+	109	219524455	26691
chr2	219497764	219697764	harbor2	chr2	219527602	219527831	SINE/MIR	678	+	114	219527716	29952
chr2	219497764	219697764	harbor2	chr2	219545050	219545261	SINE/MIR	504	+	106	219545156	47392
chr2	219497764	219697764	harbor2	chr2	219553280	219553504	SINE/MIR	715	+	112	219553392	55628
chr2	219497764	219697764	harbor2	chr2	219554996	219555234	SINE/MIR	617	+	119	219555115	57351
chr2	219497764	219697764	harbor2	chr2	219564364	219564552	SINE/MIR	599	+	94	219564458	66694
chr2	219497764	219697764	harbor2	chr2	219566043	219566172	SINE/MIR	487	+	64	219566107	68343
chr2	219497764	219697764	harbor2	chr2	219572694	219572869	SINE/MIR	628	+	88	219572782	75018
chr2	219497764	219697764	harbor2	chr2	219529095	219529247	SINE/MIR	736	+	76	219529171	31407
chr2	219081092	219281092	harbor2	chr2	219084542	219084708	SINE/MIR	542	+	83	219084625	3533
chr2	219081092	219281092	harbor2	chr2	219089940	219090152	SINE/MIR	595	+	106	219090046	8954
chr2	219081092	219281092	harbor2	chr2	219090235	219090454	SINE/MIR	831	+	110	219090345	9253
chr2	219081092	219281092	harbor2	chr2	219112250	219112349	SINE/MIR	492	+	50	219112300	31208
chr2	219081092	219281092	harbor2	chr2	219117663	219117914	SINE/MIR	626	+	126	219117789	36697
chr2	219081092	219281092	harbor2	chr2	219134230	219134446	SINE/MIR	478	+	108	219134338	53246
chr2	219081092	219281092	harbor2	chr2	219156593	219156783	SINE/MIR	493	+	95	219156688	75596
chr2	219081092	219281092	harbor2	chr2	219179219	219179448	SINE/MIR	748	+	114	219179333	98241
chr2	160417009	160617009	harbor2	chr2	160466778	160466997	SINE/MIR	733	+	110	160466888	49879
chr2	160417009	160617009	harbor2	chr2	160479702	160479788	SINE/MIR	472	+	43	160479745	62736
chr2	160417009	160617009	harbor2	chr2	160507717	160507933	SINE/MIR	604	+	108	160507825	90816
chr2	219116633	219316633	harbor2	chr2	219117663	219117914	SINE/MIR	626	+	126	219117789	1156
chr2	219116633	219316633	harbor2	chr2	219134230	219134446	SINE/MIR	478	+	108	219134338	17705
chr2	219116633	219316633	harbor2	chr2	219156593	219156783	SINE/MIR	493	+	95	219156688	40055
chr2	219116633	219316633	harbor2	chr2	219179219	219179448	SINE/MIR	748	+	114	219179333	62700
chr2	219116633	219316633	harbor2	chr2	219208766	219208913	SINE/MIR	475	+	74	219208840	92207
chr2	28765454	28965454	harbor2	chr2	28812026	28812242	SINE/MIR	896	+	108	28812134	46680
chr2	219078263	219278263	harbor2	chr2	219084542	219084708	SINE/MIR	542	+	83	219084625	6362
chr2	219078263	219278263	harbor2	chr2	219089940	219090152	SINE/MIR	595	+	106	219090046	11783
chr2	219078263	219278263	harbor2	chr2	219090235	219090454	SINE/MIR	831	+	110	219090345	12082
chr2	219078263	219278263	harbor2	chr2	219112250	219112349	SINE/MIR	492	+	50	219112300	34037
chr2	219078263	219278263	harbor2	chr2	219117663	219117914	SINE/MIR	626	+	126	219117789	39526
chr2	219078263	219278263	harbor2	chr2	219134230	219134446	SINE/MIR	478	+	108	219134338	56075
chr2	219078263	219278263	harbor2	chr2	219156593	219156783	SINE/MIR	493	+	95	219156688	78425
chr2	3169197	3369197	harbor2	chr2	3205725	3205929	SINE/MIR	484	+	102	3205827	36630
chr2	53795907	53995907	harbor2	chr2	53813228	53813435	SINE/MIR	479	+	104	53813332	17425
chr2	70826505	71026505	harbor2	chr2	70861213	70861457	SINE/MIR	583	+	122	70861335	34830
chr2	70826505	71026505	harbor2	chr2	70871902	70872068	SINE/MIR	495	+	83	70871985	45480
chr2	219169703	219369703	harbor2	chr2	219179219	219179448	SINE/MIR	748	+	114	219179333	9630
chr2	219169703	219369703	harbor2	chr2	219208766	219208913	SINE/MIR	475	+	74	219208840	39137
chr2	219169703	219369703	harbor2	chr2	219226958	219227203	SINE/MIR	696	+	122	219227080	57377
chr2	219169703	219369703	harbor2	chr2	219267178	219267409	SINE/MIR	735	+	116	219267294	97591
chr2	74372415	74572415	harbor2	chr2	74381647	74381887	SINE/MIR	830	+	120	74381767	9352
chr2	74372415	74572415	harbor2	chr2	74383723	74383911	SINE/MIR	609	+	94	74383817	11402
chr2	74372415	74572415	harbor2	chr2	74386319	74386474	SINE/MIR	710	+	78	74386397	13982
chr2	74372415	74572415	harbor2	chr2	74389672	74389847	SINE/MIR	560	+	88	74389760	17345
chr2	74372415	74572415	harbor2	chr2	74392701	74392872	SINE/MIR	652	+	86	74392787	20372
chr2	74372415	74572415	harbor2	chr2	74435262	74435407	SINE/MIR	509	+	72	74435334	62919
chr2	74372415	74572415	harbor2	chr2	74442451	74442646	SINE/MIR	654	+	98	74442549	70134
chr2	74372415	74572415	harbor2	chr2	74452642	74452879	SINE/MIR	863	+	118	74452760	80345
chr2	61805670	62005670	harbor2	chr2	61831606	61831785	SINE/MIR	456	+	90	61831696	26026
chr2	61805670	62005670	harbor2	chr2	61890986	61891155	SINE/MIR	590	+	84	61891070	85400
chr2	26950206	27150206	harbor2	chr2	26962783	26962937	SINE/MIR	510	+	77	26962860	12654
chr2	26950206	27150206	harbor2	chr2	26974630	26974850	SINE/MIR	804	+	110	26974740	24534
chr2	26950206	27150206	harbor2	chr2	26998454	26998554	SINE/MIR	447	+	50	26998504	48298
chr2	26950206	27150206	harbor2	chr2	27022941	27023167	SINE/MIR	511	+	113	27023054	72848
chr2	111955694	112155694	harbor2	chr2	111965331	111965548	SINE/MIR	613	+	108	111965439	9745
chr2	111955694	112155694	harbor2	chr2	111967167	111967382	SINE/MIR	508	+	108	111967275	11581
chr2	26416022	26616022	harbor2	chr2	26459610	26459744	SINE/MIR	497	+	67	26459677	43655
chr2	26416022	26616022	harbor2	chr2	26487415	26487583	SINE/MIR	521	+	84	26487499	71477
chr2	26416022	26616022	harbor2	chr2	26490029	26490203	SINE/MIR	765	+	87	26490116	74094
chr2	26416022	26616022	harbor2	chr2	26494095	26494257	SINE/MIR	488	+	81	26494176	78154
chr2	26416022	26616022	harbor2	chr2	26500132	26500361	SINE/MIR	532	+	114	26500246	84224
chr2	219078270	219278270	harbor2	chr2	219084542	219084708	SINE/MIR	542	+	83	219084625	6355
chr2	219078270	219278270	harbor2	chr2	219089940	219090152	SINE/MIR	595	+	106	219090046	11776
chr2	219078270	219278270	harbor2	chr2	219090235	219090454	SINE/MIR	831	+	110	219090345	12075
chr2	219078270	219278270	harbor2	chr2	219112250	219112349	SINE/MIR	492	+	50	219112300	34030
chr2	219078270	219278270	harbor2	chr2	219117663	219117914	SINE/MIR	626	+	126	219117789	39519
chr2	219078270	219278270	harbor2	chr2	219134230	219134446	SINE/MIR	478	+	108	219134338	56068
chr2	219078270	219278270	harbor2	chr2	219156593	219156783	SINE/MIR	493	+	95	219156688	78418
chr2	120666618	120866618	harbor2	chr2	120668817	120669035	SINE/MIR	484	+	109	120668926	2308
chr2	120666618	120866618	harbor2	chr2	120680608	120680753	SINE/MIR	532	+	72	120680680	14062
chr2	120666618	120866618	harbor2	chr2	120750457	120750590	SINE/MIR	481	+	66	120750523	83905
chr2	152619118	152819118	harbor2	chr2	152668450	152668687	SINE/MIR	547	+	118	152668568	49450
chr2	152619118	152819118	harbor2	chr2	152699632	152699831	SINE/MIR	481	+	100	152699732	80614
chr2	70771742	70971742	harbor2	chr2	70776442	70776578	SINE/MIR	453	+	68	70776510	4768
chr2	70771742	70971742	harbor2	chr2	70778216	70778379	SINE/MIR	575	+	82	70778298	6556
chr2	70771742	70971742	harbor2	chr2	70787395	70787625	SINE/MIR	577	+	115	70787510	15768
chr2	70771742	70971742	harbor2	chr2	70788089	70788312	SINE/MIR	453	+	112	70788201	16459
chr2	70771742	70971742	harbor2	chr2	70861213	70861457	SINE/MIR	583	+	122	70861335	89593
chr2	217616860	217816860	harbor2	chr2	217659258	217659487	SINE/MIR	680	+	114	217659372	42512
chr2	217616860	217816860	harbor2	chr2	217673802	217673978	SINE/MIR	481	+	88	217673890	57030
chr2	26950220	27150220	harbor2	chr2	26962783	26962937	SINE/MIR	510	+	77	26962860	12640
chr2	26950220	27150220	harbor2	chr2	26974630	26974850	SINE/MIR	804	+	110	26974740	24520
chr2	26950220	27150220	harbor2	chr2	26998454	26998554	SINE/MIR	447	+	50	26998504	48284
chr2	26950220	27150220	harbor2	chr2	27022941	27023167	SINE/MIR	511	+	113	27023054	72834
chr2	44379608	44579608	harbor2	chr2	44455572	44455770	SINE/MIR	604	+	99	44455671	76063
chr2	44379608	44579608	harbor2	chr2	44476766	44476935	SINE/MIR	505	+	84	44476850	97242
chr2	178350868	178550868	harbor2	chr2	178435729	178435902	SINE/MIR	799	+	86	178435815	84947
chr2	26950698	27150698	harbor2	chr2	26962783	26962937	SINE/MIR	510	+	77	26962860	12162
chr2	26950698	27150698	harbor2	chr2	26974630	26974850	SINE/MIR	804	+	110	26974740	24042
chr2	26950698	27150698	harbor2	chr2	26998454	26998554	SINE/MIR	447	+	50	26998504	47806
chr2	26950698	27150698	harbor2	chr2	27022941	27023167	SINE/MIR	511	+	113	27023054	72356
chr2	26969295	27169295	harbor2	chr2	26974630	26974850	SINE/MIR	804	+	110	26974740	5445
chr2	26969295	27169295	harbor2	chr2	26998454	26998554	SINE/MIR	447	+	50	26998504	29209
chr2	26969295	27169295	harbor2	chr2	27022941	27023167	SINE/MIR	511	+	113	27023054	53759
chr2	111956912	112156912	harbor2	chr2	111965331	111965548	SINE/MIR	613	+	108	111965439	8527
chr2	111956912	112156912	harbor2	chr2	111967167	111967382	SINE/MIR	508	+	108	111967275	10363
chr2	43173998	43373998	harbor2	chr2	43179375	43179560	SINE/MIR	677	+	92	43179467	5469
chr2	43173998	43373998	harbor2	chr2	43180417	43180596	SINE/MIR	527	+	90	43180507	6509
chr2	43173998	43373998	harbor2	chr2	43215744	43215973	SINE/MIR	464	+	114	43215858	41860
chr2	48215708	48415708	harbor2	chr2	48224029	48224139	SINE/MIR	500	+	55	48224084	8376
chr2	48215708	48415708	harbor2	chr2	48282693	48282911	SINE/MIR	614	+	109	48282802	67094
chr2	26982677	27182677	harbor2	chr2	26998454	26998554	SINE/MIR	447	+	50	26998504	15827
chr2	26982677	27182677	harbor2	chr2	27022941	27023167	SINE/MIR	511	+	113	27023054	40377
chr2	26982677	27182677	harbor2	chr2	27078090	27078214	SINE/MIR	461	+	62	27078152	95475
chr2	26982677	27182677	harbor2	chr2	27081706	27081888	SINE/MIR	465	+	91	27081797	99120
chr2	148421838	148621838	harbor2	chr2	148505842	148506025	SINE/MIR	487	+	92	148505934	84096
chr2	148421838	148621838	harbor2	chr2	148519569	148519770	SINE/MIR	601	+	100	148519669	97831
chr2	148421838	148621838	harbor2	chr2	148520603	148520817	SINE/MIR	599	+	107	148520710	98872
chr2	65025318	65225318	harbor2	chr2	65057944	65058103	SINE/MIR	663	+	80	65058024	32706
chr2	65025318	65225318	harbor2	chr2	65116360	65116589	SINE/MIR	467	+	114	65116474	91156
chr2	219501939	219701939	harbor2	chr2	219518813	219518900	SINE/MIR	561	+	44	219518857	16918
chr2	219501939	219701939	harbor2	chr2	219519175	219519305	SINE/MIR	561	+	65	219519240	17301
chr2	219501939	219701939	harbor2	chr2	219524346	219524564	SINE/MIR	740	+	109	219524455	22516
chr2	219501939	219701939	harbor2	chr2	219527602	219527831	SINE/MIR	678	+	114	219527716	25777
chr2	219501939	219701939	harbor2	chr2	219545050	219545261	SINE/MIR	504	+	106	219545156	43217
chr2	219501939	219701939	harbor2	chr2	219553280	219553504	SINE/MIR	715	+	112	219553392	51453
chr2	219501939	219701939	harbor2	chr2	219554996	219555234	SINE/MIR	617	+	119	219555115	53176
chr2	219501939	219701939	harbor2	chr2	219564364	219564552	SINE/MIR	599	+	94	219564458	62519
chr2	219501939	219701939	harbor2	chr2	219566043	219566172	SINE/MIR	487	+	64	219566107	64168
chr2	219501939	219701939	harbor2	chr2	219572694	219572869	SINE/MIR	628	+	88	219572782	70843
chr2	219501939	219701939	harbor2	chr2	219529095	219529247	SINE/MIR	736	+	76	219529171	27232
chr2	217119672	217319672	harbor2	chr2	217206506	217206738	SINE/MIR	717	+	116	217206622	86950
chr2	113484926	113684926	harbor2	chr2	113507142	113507347	SINE/MIR	911	+	102	113507244	22318
chr2	113484926	113684926	harbor2	chr2	113551456	113551619	SINE/MIR	505	+	82	113551538	66612
chr2	218180022	218380022	harbor2	chr2	218270868	218271042	SINE/MIR	648	+	87	218270955	90933
chr2	218180022	218380022	harbor2	chr2	218278138	218278323	SINE/MIR	504	+	92	218278230	98208
chr2	219078284	219278284	harbor2	chr2	219084542	219084708	SINE/MIR	542	+	83	219084625	6341
chr2	219078284	219278284	harbor2	chr2	219089940	219090152	SINE/MIR	595	+	106	219090046	11762
chr2	219078284	219278284	harbor2	chr2	219090235	219090454	SINE/MIR	831	+	110	219090345	12061
chr2	219078284	219278284	harbor2	chr2	219112250	219112349	SINE/MIR	492	+	50	219112300	34016
chr2	219078284	219278284	harbor2	chr2	219117663	219117914	SINE/MIR	626	+	126	219117789	39505
chr2	219078284	219278284	harbor2	chr2	219134230	219134446	SINE/MIR	478	+	108	219134338	56054
chr2	219078284	219278284	harbor2	chr2	219156593	219156783	SINE/MIR	493	+	95	219156688	78404
chr2	219387359	219587359	harbor2	chr2	219406054	219406298	SINE/MIR	754	+	122	219406176	18817
chr2	219387359	219587359	harbor2	chr2	219406302	219406465	SINE/MIR	458	+	82	219406384	19025
chr2	219387359	219587359	harbor2	chr2	219416760	219416901	SINE/MIR	489	+	70	219416830	29471
chr2	219387359	219587359	harbor2	chr2	219440709	219440876	SINE/MIR	599	+	84	219440793	53434
chr2	219387359	219587359	harbor2	chr2	219446688	219446932	SINE/MIR	914	+	122	219446810	59451
chr2	219387359	219587359	harbor2	chr2	219467650	219467857	SINE/MIR	673	+	104	219467754	80395
chr2	219387359	219587359	harbor2	chr2	219469599	219469761	SINE/MIR	476	+	81	219469680	82321
chr2	219387359	219587359	harbor2	chr2	219470716	219470933	SINE/MIR	499	+	108	219470824	83465
chr2	219387359	219587359	harbor2	chr2	219473261	219473491	SINE/MIR	522	+	115	219473376	86017
chr2	42069367	42269367	harbor2	chr2	42072021	42072257	SINE/MIR	616	+	118	42072139	2772
chr2	42069367	42269367	harbor2	chr2	42082219	42082433	SINE/MIR	581	+	107	42082326	12959
chr2	42069367	42269367	harbor2	chr2	42116271	42116447	SINE/MIR	538	+	88	42116359	46992
chr2	42069367	42269367	harbor2	chr2	42145934	42146135	SINE/MIR	528	+	100	42146034	76667
chr2	42069367	42269367	harbor2	chr2	42146421	42146665	SINE/MIR	800	+	122	42146543	77176
chr2	42069367	42269367	harbor2	chr2	42152543	42152595	SINE/MIR	595	+	26	42152569	83202
chr2	42069367	42269367	harbor2	chr2	42152972	42153176	SINE/MIR	595	+	102	42153074	83707
chr2	26246633	26446633	harbor2	chr2	26253521	26253570	SINE/MIR	721	+	24	26253545	6912
chr2	26246633	26446633	harbor2	chr2	26253905	26254061	SINE/MIR	721	+	78	26253983	7350
chr2	26246633	26446633	harbor2	chr2	26255549	26255756	SINE/MIR	485	+	104	26255653	9020
chr2	26246633	26446633	harbor2	chr2	26289332	26289471	SINE/MIR	626	+	70	26289402	42769
chr2	42069757	42269757	harbor2	chr2	42072021	42072257	SINE/MIR	616	+	118	42072139	2382
chr2	42069757	42269757	harbor2	chr2	42082219	42082433	SINE/MIR	581	+	107	42082326	12569
chr2	42069757	42269757	harbor2	chr2	42116271	42116447	SINE/MIR	538	+	88	42116359	46602
chr2	42069757	42269757	harbor2	chr2	42145934	42146135	SINE/MIR	528	+	100	42146034	76277
chr2	42069757	42269757	harbor2	chr2	42146421	42146665	SINE/MIR	800	+	122	42146543	76786
chr2	42069757	42269757	harbor2	chr2	42152543	42152595	SINE/MIR	595	+	26	42152569	82812
chr2	42069757	42269757	harbor2	chr2	42152972	42153176	SINE/MIR	595	+	102	42153074	83317
chr2	157738652	157938652	harbor2	chr2	157835217	157835439	SINE/MIR	552	+	111	157835328	96676
chr2	219118932	219318932	harbor2	chr2	219134230	219134446	SINE/MIR	478	+	108	219134338	15406
chr2	219118932	219318932	harbor2	chr2	219156593	219156783	SINE/MIR	493	+	95	219156688	37756
chr2	219118932	219318932	harbor2	chr2	219179219	219179448	SINE/MIR	748	+	114	219179333	60401
chr2	219118932	219318932	harbor2	chr2	219208766	219208913	SINE/MIR	475	+	74	219208840	89908
chr2	144379701	144579701	harbor2	chr2	144447865	144448081	SINE/MIR	523	+	108	144447973	68272
chr2	159046393	159246393	harbor2	chr2	159050587	159050706	SINE/MIR	449	+	60	159050647	4254
chr2	159046393	159246393	harbor2	chr2	159054214	159054372	SINE/MIR	563	+	79	159054293	7900
chr2	159046393	159246393	harbor2	chr2	159078072	159078226	SINE/MIR	517	+	77	159078149	31756
chr2	159046393	159246393	harbor2	chr2	159084848	159085002	SINE/MIR	511	+	77	159084925	38532
chr2	159046393	159246393	harbor2	chr2	159091184	159091390	SINE/MIR	742	+	103	159091287	44894
chr2	105442419	105642419	harbor2	chr2	105519311	105519510	SINE/MIR	572	+	100	105519411	76992
chr2	113484846	113684846	harbor2	chr2	113507142	113507347	SINE/MIR	911	+	102	113507244	22398
chr2	113484846	113684846	harbor2	chr2	113551456	113551619	SINE/MIR	505	+	82	113551538	66692
chr2	72971510	73171510	harbor2	chr2	72989287	72989497	SINE/MIR	572	+	105	72989392	17882
chr2	72971510	73171510	harbor2	chr2	73005377	73005570	SINE/MIR	575	+	96	73005473	33963
chr2	72971510	73171510	harbor2	chr2	73033050	73033186	SINE/MIR	635	+	68	73033118	61608
chr2	72971510	73171510	harbor2	chr2	73034980	73035200	SINE/MIR	658	+	110	73035090	63580
chr2	72971510	73171510	harbor2	chr2	73055283	73055516	SINE/MIR	707	+	116	73055399	83889
chr2	72971510	73171510	harbor2	chr2	73067863	73067996	SINE/MIR	471	+	66	73067929	96419
chr2	26982780	27182780	harbor2	chr2	26998454	26998554	SINE/MIR	447	+	50	26998504	15724
chr2	26982780	27182780	harbor2	chr2	27022941	27023167	SINE/MIR	511	+	113	27023054	40274
chr2	26982780	27182780	harbor2	chr2	27078090	27078214	SINE/MIR	461	+	62	27078152	95372
chr2	26982780	27182780	harbor2	chr2	27081706	27081888	SINE/MIR	465	+	91	27081797	99017
chr2	152618543	152818543	harbor2	chr2	152668450	152668687	SINE/MIR	547	+	118	152668568	50025
chr2	152618543	152818543	harbor2	chr2	152699632	152699831	SINE/MIR	481	+	100	152699732	81189
chr2	26960509	27160509	harbor2	chr2	26962783	26962937	SINE/MIR	510	+	77	26962860	2351
chr2	26960509	27160509	harbor2	chr2	26974630	26974850	SINE/MIR	804	+	110	26974740	14231
chr2	26960509	27160509	harbor2	chr2	26998454	26998554	SINE/MIR	447	+	50	26998504	37995
chr2	26960509	27160509	harbor2	chr2	27022941	27023167	SINE/MIR	511	+	113	27023054	62545
chr2	199357332	199557332	harbor2	chr2	199384621	199384832	SINE/MIR	763	+	106	199384727	27395
chr2	199357332	199557332	harbor2	chr2	199385786	199386017	SINE/MIR	664	+	116	199385902	28570
chr2	199357332	199557332	harbor2	chr2	199392608	199392848	SINE/MIR	526	+	120	199392728	35396
chr2	199357332	199557332	harbor2	chr2	199420060	199420296	SINE/MIR	965	+	118	199420178	62846
chr2	199357332	199557332	harbor2	chr2	199422672	199422830	SINE/MIR	813	+	79	199422751	65419
chr2	199357332	199557332	harbor2	chr2	199428485	199428715	SINE/MIR	945	+	115	199428600	71268
chr2	199357332	199557332	harbor2	chr2	199437556	199437751	SINE/MIR	487	+	98	199437654	80322
chr2	218241926	218441926	harbor2	chr2	218270868	218271042	SINE/MIR	648	+	87	218270955	29029
chr2	218241926	218441926	harbor2	chr2	218278138	218278323	SINE/MIR	504	+	92	218278230	36304
chr2	218241926	218441926	harbor2	chr2	218284699	218284808	SINE/MIR	456	+	54	218284753	42827
chr2	218241926	218441926	harbor2	chr2	218285110	218285171	SINE/MIR	456	+	30	218285140	43214
chr2	218241926	218441926	harbor2	chr2	218298378	218298586	SINE/MIR	525	+	104	218298482	56556
chr2	218241926	218441926	harbor2	chr2	218311183	218311249	SINE/MIR	451	+	33	218311216	69290
chr2	218241926	218441926	harbor2	chr2	218312231	218312342	SINE/MIR	451	+	56	218312287	70361
chr2	218241926	218441926	harbor2	chr2	218326385	218326624	SINE/MIR	697	+	120	218326505	84579
chr2	96108919	96308919	harbor2	chr2	96180664	96180865	SINE/MIR	577	+	100	96180764	71845
chr2	219467910	219667910	harbor2	chr2	219469599	219469761	SINE/MIR	476	+	81	219469680	1770
chr2	219467910	219667910	harbor2	chr2	219470716	219470933	SINE/MIR	499	+	108	219470824	2914
chr2	219467910	219667910	harbor2	chr2	219473261	219473491	SINE/MIR	522	+	115	219473376	5466
chr2	219467910	219667910	harbor2	chr2	219500584	219500781	SINE/MIR	616	+	98	219500682	32772
chr2	219467910	219667910	harbor2	chr2	219518813	219518900	SINE/MIR	561	+	44	219518857	50947
chr2	219467910	219667910	harbor2	chr2	219519175	219519305	SINE/MIR	561	+	65	219519240	51330
chr2	219467910	219667910	harbor2	chr2	219524346	219524564	SINE/MIR	740	+	109	219524455	56545
chr2	219467910	219667910	harbor2	chr2	219527602	219527831	SINE/MIR	678	+	114	219527716	59806
chr2	219467910	219667910	harbor2	chr2	219545050	219545261	SINE/MIR	504	+	106	219545156	77246
chr2	219467910	219667910	harbor2	chr2	219553280	219553504	SINE/MIR	715	+	112	219553392	85482
chr2	219467910	219667910	harbor2	chr2	219554996	219555234	SINE/MIR	617	+	119	219555115	87205
chr2	219467910	219667910	harbor2	chr2	219564364	219564552	SINE/MIR	599	+	94	219564458	96548
chr2	219467910	219667910	harbor2	chr2	219566043	219566172	SINE/MIR	487	+	64	219566107	98197
chr2	219467910	219667910	harbor2	chr2	219529095	219529247	SINE/MIR	736	+	76	219529171	61261
chr2	111957164	112157164	harbor2	chr2	111965331	111965548	SINE/MIR	613	+	108	111965439	8275
chr2	111957164	112157164	harbor2	chr2	111967167	111967382	SINE/MIR	508	+	108	111967275	10111
chr2	120635614	120835614	harbor2	chr2	120654115	120654298	SINE/MIR	556	+	92	120654207	18593
chr2	120635614	120835614	harbor2	chr2	120668817	120669035	SINE/MIR	484	+	109	120668926	33312
chr2	120635614	120835614	harbor2	chr2	120680608	120680753	SINE/MIR	532	+	72	120680680	45066
chr3	107992947	108192947	harbor2	chr3	108005120	108005165	SINE/MIR	486	+	22	108005142	12195
chr3	107992947	108192947	harbor2	chr3	108005497	108005606	SINE/MIR	486	+	54	108005551	12604
chr3	107992947	108192947	harbor2	chr3	108011656	108011801	SINE/MIR	404	+	72	108011728	18781
chr3	107992947	108192947	harbor2	chr3	108016141	108016323	SINE/MIR	483	+	91	108016232	23285
chr3	107992947	108192947	harbor2	chr3	108068556	108068805	SINE/MIR	664	+	124	108068680	75733
chr3	107992947	108192947	harbor2	chr3	108071445	108071693	SINE/MIR	655	+	124	108071569	78622
chr3	107992947	108192947	harbor2	chr3	108076480	108076688	SINE/MIR	435	+	104	108076584	83637
chr3	107992947	108192947	harbor2	chr3	108085264	108085492	SINE/MIR	764	+	114	108085378	92431
chr3	107992058	108192058	harbor2	chr3	108005120	108005165	SINE/MIR	486	+	22	108005142	13084
chr3	107992058	108192058	harbor2	chr3	108005497	108005606	SINE/MIR	486	+	54	108005551	13493
chr3	107992058	108192058	harbor2	chr3	108011656	108011801	SINE/MIR	404	+	72	108011728	19670
chr3	107992058	108192058	harbor2	chr3	108016141	108016323	SINE/MIR	483	+	91	108016232	24174
chr3	107992058	108192058	harbor2	chr3	108068556	108068805	SINE/MIR	664	+	124	108068680	76622
chr3	107992058	108192058	harbor2	chr3	108071445	108071693	SINE/MIR	655	+	124	108071569	79511
chr3	107992058	108192058	harbor2	chr3	108076480	108076688	SINE/MIR	435	+	104	108076584	84526
chr3	107992058	108192058	harbor2	chr3	108085264	108085492	SINE/MIR	764	+	114	108085378	93320
chr3	50288151	50488151	harbor2	chr3	50299972	50300194	SINE/MIR	587	+	111	50300083	11932
chr3	50288151	50488151	harbor2	chr3	50319277	50319493	SINE/MIR	553	+	108	50319385	31234
chr3	107999874	108199874	harbor2	chr3	108005120	108005165	SINE/MIR	486	+	22	108005142	5268
chr3	107999874	108199874	harbor2	chr3	108005497	108005606	SINE/MIR	486	+	54	108005551	5677
chr3	107999874	108199874	harbor2	chr3	108011656	108011801	SINE/MIR	404	+	72	108011728	11854
chr3	107999874	108199874	harbor2	chr3	108016141	108016323	SINE/MIR	483	+	91	108016232	16358
chr3	107999874	108199874	harbor2	chr3	108068556	108068805	SINE/MIR	664	+	124	108068680	68806
chr3	107999874	108199874	harbor2	chr3	108071445	108071693	SINE/MIR	655	+	124	108071569	71695
chr3	107999874	108199874	harbor2	chr3	108076480	108076688	SINE/MIR	435	+	104	108076584	76710
chr3	107999874	108199874	harbor2	chr3	108085264	108085492	SINE/MIR	764	+	114	108085378	85504
chr3	107999874	108199874	harbor2	chr3	108095833	108096090	SINE/MIR	653	+	128	108095961	96087
chr3	54754036	54954036	harbor2	chr3	54769452	54769620	SINE/MIR	454	+	84	54769536	15500
chr3	54754036	54954036	harbor2	chr3	54790085	54790262	SINE/MIR	596	+	88	54790173	36137
chr3	54754036	54954036	harbor2	chr3	54811853	54812008	SINE/MIR	427	+	78	54811931	57895
chr3	54754036	54954036	harbor2	chr3	54812707	54812985	SINE/MIR	421	+	139	54812846	58810
chr3	54754036	54954036	harbor2	chr3	54815685	54815849	SINE/MIR	458	+	82	54815767	61731
chr3	178973707	179173707	harbor2	chr3	178991648	178991900	SINE/MIR	828	+	126	178991774	18067
chr3	32471408	32671408	harbor2	chr3	32529919	32530133	SINE/MIR	647	+	107	32530026	58618
chr3	51941658	52141658	harbor2	chr3	51961400	51961605	SINE/MIR	471	+	102	51961502	19844
chr3	51941658	52141658	harbor2	chr3	51970403	51970650	SINE/MIR	650	+	124	51970527	28869
chr3	51941658	52141658	harbor2	chr3	51977369	51977588	SINE/MIR	406	+	110	51977479	35821
chr3	51941658	52141658	harbor2	chr3	51981316	51981425	SINE/MIR	415	+	54	51981370	39712
chr3	51941658	52141658	harbor2	chr3	51983723	51983926	SINE/MIR	582	+	102	51983825	42167
chr3	51941658	52141658	harbor2	chr3	52012384	52012584	SINE/MIR	416	+	100	52012484	70826
chr3	51941658	52141658	harbor2	chr3	52022281	52022457	SINE/MIR	402	+	88	52022369	80711
chr3	51941658	52141658	harbor2	chr3	52038682	52038797	SINE/MIR	419	+	58	52038740	97082
chr3	51940304	52140304	harbor2	chr3	51961400	51961605	SINE/MIR	471	+	102	51961502	21198
chr3	51940304	52140304	harbor2	chr3	51970403	51970650	SINE/MIR	650	+	124	51970527	30223
chr3	51940304	52140304	harbor2	chr3	51977369	51977588	SINE/MIR	406	+	110	51977479	37175
chr3	51940304	52140304	harbor2	chr3	51981316	51981425	SINE/MIR	415	+	54	51981370	41066
chr3	51940304	52140304	harbor2	chr3	51983723	51983926	SINE/MIR	582	+	102	51983825	43521
chr3	51940304	52140304	harbor2	chr3	52012384	52012584	SINE/MIR	416	+	100	52012484	72180
chr3	51940304	52140304	harbor2	chr3	52022281	52022457	SINE/MIR	402	+	88	52022369	82065
chr3	51940304	52140304	harbor2	chr3	52038682	52038797	SINE/MIR	419	+	58	52038740	98436
chr3	49589436	49789436	harbor2	chr3	49619437	49619671	SINE/MIR	589	+	117	49619554	30118
chr3	49589436	49789436	harbor2	chr3	49678281	49678444	SINE/MIR	413	+	82	49678363	88927
chr3	132356932	132556932	harbor2	chr3	132385783	132385943	SINE/MIR	977	+	80	132385863	28931
chr3	132356932	132556932	harbor2	chr3	132386183	132386210	SINE/MIR	977	+	14	132386197	29265
chr3	132356932	132556932	harbor2	chr3	132407240	132407482	SINE/MIR	762	+	121	132407361	50429
chr3	132356932	132556932	harbor2	chr3	132409130	132409292	SINE/MIR	417	+	81	132409211	52279
chr3	132356932	132556932	harbor2	chr3	132415821	132415999	SINE/MIR	425	+	89	132415910	58978
chr3	132356932	132556932	harbor2	chr3	132429350	132429558	SINE/MIR	506	+	104	132429454	72522
chr3	50288175	50488175	harbor2	chr3	50299972	50300194	SINE/MIR	587	+	111	50300083	11908
chr3	50288175	50488175	harbor2	chr3	50319277	50319493	SINE/MIR	553	+	108	50319385	31210
chr3	156989183	157189183	harbor2	chr3	157018608	157018840	SINE/MIR	399	+	116	157018724	29541
chr3	156989183	157189183	harbor2	chr3	157044989	157045162	SINE/MIR	462	+	86	157045075	55892
chr3	107993020	108193020	harbor2	chr3	108005120	108005165	SINE/MIR	486	+	22	108005142	12122
chr3	107993020	108193020	harbor2	chr3	108005497	108005606	SINE/MIR	486	+	54	108005551	12531
chr3	107993020	108193020	harbor2	chr3	108011656	108011801	SINE/MIR	404	+	72	108011728	18708
chr3	107993020	108193020	harbor2	chr3	108016141	108016323	SINE/MIR	483	+	91	108016232	23212
chr3	107993020	108193020	harbor2	chr3	108068556	108068805	SINE/MIR	664	+	124	108068680	75660
chr3	107993020	108193020	harbor2	chr3	108071445	108071693	SINE/MIR	655	+	124	108071569	78549
chr3	107993020	108193020	harbor2	chr3	108076480	108076688	SINE/MIR	435	+	104	108076584	83564
chr3	107993020	108193020	harbor2	chr3	108085264	108085492	SINE/MIR	764	+	114	108085378	92358
chr3	127490780	127690780	harbor2	chr3	127546435	127546612	SINE/MIR	586	+	88	127546523	55743
chr3	127490780	127690780	harbor2	chr3	127555621	127555779	SINE/MIR	678	+	79	127555700	64920
chr3	127490780	127690780	harbor2	chr3	127568009	127568191	SINE/MIR	668	+	91	127568100	77320
chr3	127490780	127690780	harbor2	chr3	127577344	127577560	SINE/MIR	488	+	108	127577452	86672
chr3	127490780	127690780	harbor2	chr3	127587480	127587631	SINE/MIR	446	+	76	127587556	96776
chr3	51939426	52139426	harbor2	chr3	51961400	51961605	SINE/MIR	471	+	102	51961502	22076
chr3	51939426	52139426	harbor2	chr3	51970403	51970650	SINE/MIR	650	+	124	51970527	31101
chr3	51939426	52139426	harbor2	chr3	51977369	51977588	SINE/MIR	406	+	110	51977479	38053
chr3	51939426	52139426	harbor2	chr3	51981316	51981425	SINE/MIR	415	+	54	51981370	41944
chr3	51939426	52139426	harbor2	chr3	51983723	51983926	SINE/MIR	582	+	102	51983825	44399
chr3	51939426	52139426	harbor2	chr3	52012384	52012584	SINE/MIR	416	+	100	52012484	73058
chr3	51939426	52139426	harbor2	chr3	52022281	52022457	SINE/MIR	402	+	88	52022369	82943
chr3	51939426	52139426	harbor2	chr3	52038682	52038797	SINE/MIR	419	+	58	52038740	99314
chr3	49589430	49789430	harbor2	chr3	49619437	49619671	SINE/MIR	589	+	117	49619554	30124
chr3	49589430	49789430	harbor2	chr3	49678281	49678444	SINE/MIR	413	+	82	49678363	88933
chr3	140273579	140473579	harbor2	chr3	140292627	140292832	SINE/MIR	473	+	102	140292729	19150
chr3	140273579	140473579	harbor2	chr3	140298137	140298277	SINE/MIR	492	+	70	140298207	24628
chr3	140273579	140473579	harbor2	chr3	140318996	140319156	SINE/MIR	458	+	80	140319076	45497
chr3	140273579	140473579	harbor2	chr3	140327571	140327755	SINE/MIR	544	+	92	140327663	54084
chr3	140273579	140473579	harbor2	chr3	140328647	140328875	SINE/MIR	653	+	114	140328761	55182
chr3	140273579	140473579	harbor2	chr3	140333988	140334186	SINE/MIR	439	+	99	140334087	60508
chr3	140273579	140473579	harbor2	chr3	140339879	140340084	SINE/MIR	484	+	102	140339981	66402
chr3	49369842	49569842	harbor2	chr3	49456676	49456851	SINE/MIR	562	+	88	49456764	86922
chr3	50169875	50369875	harbor2	chr3	50174422	50174643	SINE/MIR	746	+	110	50174532	4657
chr3	50169875	50369875	harbor2	chr3	50250062	50250225	SINE/MIR	445	+	82	50250144	80269
chr3	49589470	49789470	harbor2	chr3	49619437	49619671	SINE/MIR	589	+	117	49619554	30084
chr3	49589470	49789470	harbor2	chr3	49678281	49678444	SINE/MIR	413	+	82	49678363	88893
chr3	143035218	143235218	harbor2	chr3	143053230	143053474	SINE/MIR	744	+	122	143053352	18134
chr3	108053599	108253599	harbor2	chr3	108068556	108068805	SINE/MIR	664	+	124	108068680	15081
chr3	108053599	108253599	harbor2	chr3	108071445	108071693	SINE/MIR	655	+	124	108071569	17970
chr3	108053599	108253599	harbor2	chr3	108076480	108076688	SINE/MIR	435	+	104	108076584	22985
chr3	108053599	108253599	harbor2	chr3	108085264	108085492	SINE/MIR	764	+	114	108085378	31779
chr3	108053599	108253599	harbor2	chr3	108095833	108096090	SINE/MIR	653	+	128	108095961	42362
chr3	108053599	108253599	harbor2	chr3	108123242	108123384	SINE/MIR	425	+	71	108123313	69714
chr3	50288522	50488522	harbor2	chr3	50299972	50300194	SINE/MIR	587	+	111	50300083	11561
chr3	50288522	50488522	harbor2	chr3	50319277	50319493	SINE/MIR	553	+	108	50319385	30863
chr3	50288101	50488101	harbor2	chr3	50299972	50300194	SINE/MIR	587	+	111	50300083	11982
chr3	50288101	50488101	harbor2	chr3	50319277	50319493	SINE/MIR	553	+	108	50319385	31284
chr3	107992017	108192017	harbor2	chr3	108005120	108005165	SINE/MIR	486	+	22	108005142	13125
chr3	107992017	108192017	harbor2	chr3	108005497	108005606	SINE/MIR	486	+	54	108005551	13534
chr3	107992017	108192017	harbor2	chr3	108011656	108011801	SINE/MIR	404	+	72	108011728	19711
chr3	107992017	108192017	harbor2	chr3	108016141	108016323	SINE/MIR	483	+	91	108016232	24215
chr3	107992017	108192017	harbor2	chr3	108068556	108068805	SINE/MIR	664	+	124	108068680	76663
chr3	107992017	108192017	harbor2	chr3	108071445	108071693	SINE/MIR	655	+	124	108071569	79552
chr3	107992017	108192017	harbor2	chr3	108076480	108076688	SINE/MIR	435	+	104	108076584	84567
chr3	107992017	108192017	harbor2	chr3	108085264	108085492	SINE/MIR	764	+	114	108085378	93361
chr3	23724816	23924816	harbor2	chr3	23748486	23748655	SINE/MIR	525	+	84	23748570	23754
chr3	23724816	23924816	harbor2	chr3	23764710	23764851	SINE/MIR	417	+	70	23764780	39964
chr3	23724816	23924816	harbor2	chr3	23779558	23779626	SINE/MIR	501	+	34	23779592	54776
chr3	23724816	23924816	harbor2	chr3	23779923	23780104	SINE/MIR	501	+	90	23780013	55197
chr3	23724816	23924816	harbor2	chr3	23789228	23789438	SINE/MIR	551	+	105	23789333	64517
chr3	23724816	23924816	harbor2	chr3	23791771	23791955	SINE/MIR	641	+	92	23791863	67047
chr3	23724816	23924816	harbor2	chr3	23793519	23793751	SINE/MIR	907	+	116	23793635	68819
chr3	43899144	44099144	harbor2	chr3	43964873	43964997	SINE/MIR	457	+	62	43964935	65791
chr3	50416036	50616036	harbor2	chr3	50416635	50416835	SINE/MIR	451	+	100	50416735	699
chr3	50416036	50616036	harbor2	chr3	50428911	50428947	SINE/MIR	538	+	18	50428929	12893
chr3	50416036	50616036	harbor2	chr3	50429243	50429409	SINE/MIR	538	+	83	50429326	13290
chr3	50416036	50616036	harbor2	chr3	50431450	50431638	SINE/MIR	465	+	94	50431544	15508
chr3	50416036	50616036	harbor2	chr3	50492846	50493003	SINE/MIR	426	+	78	50492924	76888
chr3	126375275	126575275	harbor2	chr3	126412777	126412961	SINE/MIR	488	+	92	126412869	37594
chr3	126375275	126575275	harbor2	chr3	126417110	126417304	SINE/MIR	426	+	97	126417207	41932
chr3	126375275	126575275	harbor2	chr3	126442518	126442722	SINE/MIR	419	+	102	126442620	67345
chr3	126375275	126575275	harbor2	chr3	126447951	126448168	SINE/MIR	608	+	108	126448059	72784
chr3	126375275	126575275	harbor2	chr3	126467275	126467440	SINE/MIR	451	+	82	126467357	92082
chr3	49619512	49819512	harbor2	chr3	49619437	49619671	SINE/MIR	589	+	117	49619554	42
chr3	49619512	49819512	harbor2	chr3	49678281	49678444	SINE/MIR	413	+	82	49678363	58851
chr3	184134394	184334394	harbor2	chr3	184161763	184161942	SINE/MIR	651	+	90	184161853	27459
chr3	184134394	184334394	harbor2	chr3	184161957	184162177	SINE/MIR	586	+	110	184162067	27673
chr3	184134394	184334394	harbor2	chr3	184165806	184166038	SINE/MIR	592	+	116	184165922	31528
chr3	184134394	184334394	harbor2	chr3	184173370	184173600	SINE/MIR	1222	+	115	184173485	39091
chr3	184134394	184334394	harbor2	chr3	184201148	184201314	SINE/MIR	642	+	83	184201231	66837
chr3	184134394	184334394	harbor2	chr3	184216211	184216458	SINE/MIR	655	+	124	184216335	81941
chr3	51948441	52148441	harbor2	chr3	51961400	51961605	SINE/MIR	471	+	102	51961502	13061
chr3	51948441	52148441	harbor2	chr3	51970403	51970650	SINE/MIR	650	+	124	51970527	22086
chr3	51948441	52148441	harbor2	chr3	51977369	51977588	SINE/MIR	406	+	110	51977479	29038
chr3	51948441	52148441	harbor2	chr3	51981316	51981425	SINE/MIR	415	+	54	51981370	32929
chr3	51948441	52148441	harbor2	chr3	51983723	51983926	SINE/MIR	582	+	102	51983825	35384
chr3	51948441	52148441	harbor2	chr3	52012384	52012584	SINE/MIR	416	+	100	52012484	64043
chr3	51948441	52148441	harbor2	chr3	52022281	52022457	SINE/MIR	402	+	88	52022369	73928
chr3	51948441	52148441	harbor2	chr3	52038682	52038797	SINE/MIR	419	+	58	52038740	90299
chr3	51948441	52148441	harbor2	chr3	52043777	52044003	SINE/MIR	547	+	113	52043890	95449
chr3	108122047	108322047	harbor2	chr3	108123242	108123384	SINE/MIR	425	+	71	108123313	1266
chr3	108122047	108322047	harbor2	chr3	108154564	108154721	SINE/MIR	526	+	78	108154642	32595
chr3	108122047	108322047	harbor2	chr3	108197750	108197978	SINE/MIR	865	+	114	108197864	75817
chr3	108122047	108322047	harbor2	chr3	108204749	108204982	SINE/MIR	473	+	116	108204865	82818
chr3	184130424	184330424	harbor2	chr3	184161763	184161942	SINE/MIR	651	+	90	184161853	31429
chr3	184130424	184330424	harbor2	chr3	184161957	184162177	SINE/MIR	586	+	110	184162067	31643
chr3	184130424	184330424	harbor2	chr3	184165806	184166038	SINE/MIR	592	+	116	184165922	35498
chr3	184130424	184330424	harbor2	chr3	184173370	184173600	SINE/MIR	1222	+	115	184173485	43061
chr3	184130424	184330424	harbor2	chr3	184201148	184201314	SINE/MIR	642	+	83	184201231	70807
chr3	184130424	184330424	harbor2	chr3	184216211	184216458	SINE/MIR	655	+	124	184216335	85911
chr3	52085449	52285449	harbor2	chr3	52123015	52123172	SINE/MIR	432	+	78	52123093	37644
chr3	52085449	52285449	harbor2	chr3	52148700	52148901	SINE/MIR	599	+	100	52148800	63351
chr3	52085449	52285449	harbor2	chr3	52155077	52155226	SINE/MIR	410	+	74	52155151	69702
chr3	128265711	128465711	harbor2	chr3	128276394	128276608	SINE/MIR	575	+	107	128276501	10790
chr3	128265711	128465711	harbor2	chr3	128293709	128293936	SINE/MIR	630	+	114	128293823	28112
chr3	128265711	128465711	harbor2	chr3	128312912	128313086	SINE/MIR	423	+	87	128312999	47288
chr3	128265711	128465711	harbor2	chr3	128315066	128315309	SINE/MIR	681	+	122	128315188	49477
chr3	128265711	128465711	harbor2	chr3	128320824	128321022	SINE/MIR	587	+	99	128320923	55212
chr3	128265711	128465711	harbor2	chr3	128353714	128353826	SINE/MIR	415	+	56	128353770	88059
chr3	184086443	184286443	harbor2	chr3	184098164	184098405	SINE/MIR	900	+	120	184098284	11841
chr3	184086443	184286443	harbor2	chr3	184100161	184100387	SINE/MIR	859	+	113	184100274	13831
chr3	184086443	184286443	harbor2	chr3	184161763	184161942	SINE/MIR	651	+	90	184161853	75410
chr3	184086443	184286443	harbor2	chr3	184161957	184162177	SINE/MIR	586	+	110	184162067	75624
chr3	184086443	184286443	harbor2	chr3	184165806	184166038	SINE/MIR	592	+	116	184165922	79479
chr3	184086443	184286443	harbor2	chr3	184173370	184173600	SINE/MIR	1222	+	115	184173485	87042
chr3	153062933	153262933	harbor2	chr3	153160085	153160272	SINE/MIR	540	+	94	153160179	97246
chr3	187645815	187845815	harbor2	chr3	187664577	187664712	SINE/MIR	515	+	68	187664645	18830
chr3	187645815	187845815	harbor2	chr3	187673429	187673601	SINE/MIR	503	+	86	187673515	27700
chr3	187645815	187845815	harbor2	chr3	187693779	187694011	SINE/MIR	773	+	116	187693895	48080
chr3	187645815	187845815	harbor2	chr3	187711650	187711887	SINE/MIR	615	+	118	187711768	65953
chr3	187645815	187845815	harbor2	chr3	187725912	187726060	SINE/MIR	435	+	74	187725986	80171
chr3	187645815	187845815	harbor2	chr3	187732618	187732802	SINE/MIR	636	+	92	187732710	86895
chr3	187645815	187845815	harbor2	chr3	187662262	187662492	SINE/MIR	440	+	115	187662377	16562
chr3	108053564	108253564	harbor2	chr3	108068556	108068805	SINE/MIR	664	+	124	108068680	15116
chr3	108053564	108253564	harbor2	chr3	108071445	108071693	SINE/MIR	655	+	124	108071569	18005
chr3	108053564	108253564	harbor2	chr3	108076480	108076688	SINE/MIR	435	+	104	108076584	23020
chr3	108053564	108253564	harbor2	chr3	108085264	108085492	SINE/MIR	764	+	114	108085378	31814
chr3	108053564	108253564	harbor2	chr3	108095833	108096090	SINE/MIR	653	+	128	108095961	42397
chr3	108053564	108253564	harbor2	chr3	108123242	108123384	SINE/MIR	425	+	71	108123313	69749
chr3	127270146	127470146	harbor2	chr3	127327185	127327307	SINE/MIR	411	+	61	127327246	57100
chr3	127270146	127470146	harbor2	chr3	127339632	127339882	SINE/MIR	506	+	125	127339757	69611
chr3	107996441	108196441	harbor2	chr3	108005120	108005165	SINE/MIR	486	+	22	108005142	8701
chr3	107996441	108196441	harbor2	chr3	108005497	108005606	SINE/MIR	486	+	54	108005551	9110
chr3	107996441	108196441	harbor2	chr3	108011656	108011801	SINE/MIR	404	+	72	108011728	15287
chr3	107996441	108196441	harbor2	chr3	108016141	108016323	SINE/MIR	483	+	91	108016232	19791
chr3	107996441	108196441	harbor2	chr3	108068556	108068805	SINE/MIR	664	+	124	108068680	72239
chr3	107996441	108196441	harbor2	chr3	108071445	108071693	SINE/MIR	655	+	124	108071569	75128
chr3	107996441	108196441	harbor2	chr3	108076480	108076688	SINE/MIR	435	+	104	108076584	80143
chr3	107996441	108196441	harbor2	chr3	108085264	108085492	SINE/MIR	764	+	114	108085378	88937
chr3	107996441	108196441	harbor2	chr3	108095833	108096090	SINE/MIR	653	+	128	108095961	99520
chr3	107993193	108193193	harbor2	chr3	108005120	108005165	SINE/MIR	486	+	22	108005142	11949
chr3	107993193	108193193	harbor2	chr3	108005497	108005606	SINE/MIR	486	+	54	108005551	12358
chr3	107993193	108193193	harbor2	chr3	108011656	108011801	SINE/MIR	404	+	72	108011728	18535
chr3	107993193	108193193	harbor2	chr3	108016141	108016323	SINE/MIR	483	+	91	108016232	23039
chr3	107993193	108193193	harbor2	chr3	108068556	108068805	SINE/MIR	664	+	124	108068680	75487
chr3	107993193	108193193	harbor2	chr3	108071445	108071693	SINE/MIR	655	+	124	108071569	78376
chr3	107993193	108193193	harbor2	chr3	108076480	108076688	SINE/MIR	435	+	104	108076584	83391
chr3	107993193	108193193	harbor2	chr3	108085264	108085492	SINE/MIR	764	+	114	108085378	92185
chr3	107996552	108196552	harbor2	chr3	108005120	108005165	SINE/MIR	486	+	22	108005142	8590
chr3	107996552	108196552	harbor2	chr3	108005497	108005606	SINE/MIR	486	+	54	108005551	8999
chr3	107996552	108196552	harbor2	chr3	108011656	108011801	SINE/MIR	404	+	72	108011728	15176
chr3	107996552	108196552	harbor2	chr3	108016141	108016323	SINE/MIR	483	+	91	108016232	19680
chr3	107996552	108196552	harbor2	chr3	108068556	108068805	SINE/MIR	664	+	124	108068680	72128
chr3	107996552	108196552	harbor2	chr3	108071445	108071693	SINE/MIR	655	+	124	108071569	75017
chr3	107996552	108196552	harbor2	chr3	108076480	108076688	SINE/MIR	435	+	104	108076584	80032
chr3	107996552	108196552	harbor2	chr3	108085264	108085492	SINE/MIR	764	+	114	108085378	88826
chr3	107996552	108196552	harbor2	chr3	108095833	108096090	SINE/MIR	653	+	128	108095961	99409
chr3	23715795	23915795	harbor2	chr3	23748486	23748655	SINE/MIR	525	+	84	23748570	32775
chr3	23715795	23915795	harbor2	chr3	23764710	23764851	SINE/MIR	417	+	70	23764780	48985
chr3	23715795	23915795	harbor2	chr3	23779558	23779626	SINE/MIR	501	+	34	23779592	63797
chr3	23715795	23915795	harbor2	chr3	23779923	23780104	SINE/MIR	501	+	90	23780013	64218
chr3	23715795	23915795	harbor2	chr3	23789228	23789438	SINE/MIR	551	+	105	23789333	73538
chr3	23715795	23915795	harbor2	chr3	23791771	23791955	SINE/MIR	641	+	92	23791863	76068
chr3	23715795	23915795	harbor2	chr3	23793519	23793751	SINE/MIR	907	+	116	23793635	77840
chr3	49589464	49789464	harbor2	chr3	49619437	49619671	SINE/MIR	589	+	117	49619554	30090
chr3	49589464	49789464	harbor2	chr3	49678281	49678444	SINE/MIR	413	+	82	49678363	88899
chr3	50291763	50491763	harbor2	chr3	50299972	50300194	SINE/MIR	587	+	111	50300083	8320
chr3	50291763	50491763	harbor2	chr3	50319277	50319493	SINE/MIR	553	+	108	50319385	27622
chr3	4926654	5126654	harbor2	chr3	4992972	4993094	SINE/MIR	458	+	61	4993033	66379
chr3	4926654	5126654	harbor2	chr3	4993742	4993904	SINE/MIR	490	+	81	4993823	67169
chr3	4926654	5126654	harbor2	chr3	5001634	5001770	SINE/MIR	436	+	68	5001702	75048
chr3	4926654	5126654	harbor2	chr3	5002953	5003150	SINE/MIR	644	+	98	5003051	76397
chr3	4926654	5126654	harbor2	chr3	5003219	5003316	SINE/MIR	416	+	48	5003267	76613
chr3	4926654	5126654	harbor2	chr3	5007441	5007582	SINE/MIR	428	+	70	5007511	80857
chr3	4926654	5126654	harbor2	chr3	5015484	5015643	SINE/MIR	534	+	80	5015564	88910
chr3	4926654	5126654	harbor2	chr3	5021576	5021768	SINE/MIR	636	+	96	5021672	95018
chr3	4926654	5126654	harbor2	chr3	5025060	5025248	SINE/MIR	646	+	94	5025154	98500
chr3	108018365	108218365	harbor2	chr3	108068556	108068805	SINE/MIR	664	+	124	108068680	50315
chr3	108018365	108218365	harbor2	chr3	108071445	108071693	SINE/MIR	655	+	124	108071569	53204
chr3	108018365	108218365	harbor2	chr3	108076480	108076688	SINE/MIR	435	+	104	108076584	58219
chr3	108018365	108218365	harbor2	chr3	108085264	108085492	SINE/MIR	764	+	114	108085378	67013
chr3	108018365	108218365	harbor2	chr3	108095833	108096090	SINE/MIR	653	+	128	108095961	77596
chr3	107992129	108192129	harbor2	chr3	108005120	108005165	SINE/MIR	486	+	22	108005142	13013
chr3	107992129	108192129	harbor2	chr3	108005497	108005606	SINE/MIR	486	+	54	108005551	13422
chr3	107992129	108192129	harbor2	chr3	108011656	108011801	SINE/MIR	404	+	72	108011728	19599
chr3	107992129	108192129	harbor2	chr3	108016141	108016323	SINE/MIR	483	+	91	108016232	24103
chr3	107992129	108192129	harbor2	chr3	108068556	108068805	SINE/MIR	664	+	124	108068680	76551
chr3	107992129	108192129	harbor2	chr3	108071445	108071693	SINE/MIR	655	+	124	108071569	79440
chr3	107992129	108192129	harbor2	chr3	108076480	108076688	SINE/MIR	435	+	104	108076584	84455
chr3	107992129	108192129	harbor2	chr3	108085264	108085492	SINE/MIR	764	+	114	108085378	93249
chr3	107993138	108193138	harbor2	chr3	108005120	108005165	SINE/MIR	486	+	22	108005142	12004
chr3	107993138	108193138	harbor2	chr3	108005497	108005606	SINE/MIR	486	+	54	108005551	12413
chr3	107993138	108193138	harbor2	chr3	108011656	108011801	SINE/MIR	404	+	72	108011728	18590
chr3	107993138	108193138	harbor2	chr3	108016141	108016323	SINE/MIR	483	+	91	108016232	23094
chr3	107993138	108193138	harbor2	chr3	108068556	108068805	SINE/MIR	664	+	124	108068680	75542
chr3	107993138	108193138	harbor2	chr3	108071445	108071693	SINE/MIR	655	+	124	108071569	78431
chr3	107993138	108193138	harbor2	chr3	108076480	108076688	SINE/MIR	435	+	104	108076584	83446
chr3	107993138	108193138	harbor2	chr3	108085264	108085492	SINE/MIR	764	+	114	108085378	92240
chr3	4726044	4926044	harbor2	chr3	4729142	4729353	SINE/MIR	619	+	106	4729248	3204
chr3	4726044	4926044	harbor2	chr3	4742174	4742350	SINE/MIR	408	+	88	4742262	16218
chr3	4726044	4926044	harbor2	chr3	4757553	4757772	SINE/MIR	810	+	110	4757663	31619
chr3	4726044	4926044	harbor2	chr3	4758720	4758979	SINE/MIR	514	+	130	4758850	32806
chr3	4726044	4926044	harbor2	chr3	4759495	4759574	SINE/MIR	403	+	40	4759535	33491
chr3	4726044	4926044	harbor2	chr3	4780020	4780238	SINE/MIR	728	+	109	4780129	54085
chr3	4726044	4926044	harbor2	chr3	4807416	4807533	SINE/MIR	423	+	58	4807474	81430
chr3	4726044	4926044	harbor2	chr3	4815417	4815609	SINE/MIR	688	+	96	4815513	89469
chr3	129022332	129222332	harbor2	chr3	129025970	129026142	SINE/MIR	403	+	86	129026056	3724
chr3	129022332	129222332	harbor2	chr3	129033400	129033543	SINE/MIR	512	+	72	129033472	11140
chr3	129022332	129222332	harbor2	chr3	129035752	129035892	SINE/MIR	716	+	70	129035822	13490
chr3	129022332	129222332	harbor2	chr3	129114426	129114547	SINE/MIR	399	+	60	129114486	92154
chr3	185486328	185686328	harbor2	chr3	185497143	185497327	SINE/MIR	440	+	92	185497235	10907
chr3	185486328	185686328	harbor2	chr3	185531141	185531256	SINE/MIR	454	+	58	185531199	44871
chr3	185486328	185686328	harbor2	chr3	185545739	185545873	SINE/MIR	520	+	67	185545806	59478
chr3	185486328	185686328	harbor2	chr3	185554515	185554581	SINE/MIR	501	+	33	185554548	68220
chr3	185486328	185686328	harbor2	chr3	185555196	185555344	SINE/MIR	501	+	74	185555270	68942
chr3	185486328	185686328	harbor2	chr3	185585677	185585857	SINE/MIR	404	+	90	185585767	99439
chr3	49589463	49789463	harbor2	chr3	49619437	49619671	SINE/MIR	589	+	117	49619554	30091
chr3	49589463	49789463	harbor2	chr3	49678281	49678444	SINE/MIR	413	+	82	49678363	88900
chr3	196218304	196418304	harbor2	chr3	196223091	196223264	SINE/MIR	478	+	86	196223177	4873
chr3	196218304	196418304	harbor2	chr3	196262185	196262420	SINE/MIR	598	+	118	196262303	43999
chr3	196218304	196418304	harbor2	chr3	196307136	196307300	SINE/MIR	465	+	82	196307218	88914
chr3	196218304	196418304	harbor2	chr3	196307603	196307669	SINE/MIR	465	+	33	196307636	89332
chr3	53155971	53355971	harbor2	chr3	53159248	53159481	SINE/MIR	611	+	116	53159364	3393
chr3	53155971	53355971	harbor2	chr3	53167486	53167665	SINE/MIR	424	+	90	53167576	11605
chr3	53155971	53355971	harbor2	chr3	53173981	53174116	SINE/MIR	593	+	68	53174049	18078
chr3	53155971	53355971	harbor2	chr3	53179907	53180139	SINE/MIR	484	+	116	53180023	24052
chr3	53155971	53355971	harbor2	chr3	53182167	53182273	SINE/MIR	891	+	53	53182220	26249
chr3	53155971	53355971	harbor2	chr3	53182569	53182701	SINE/MIR	891	+	66	53182635	26664
chr3	53155971	53355971	harbor2	chr3	53189436	53189649	SINE/MIR	529	+	106	53189542	33571
chr3	53155971	53355971	harbor2	chr3	53194371	53194525	SINE/MIR	435	+	77	53194448	38477
chr3	53155971	53355971	harbor2	chr3	53194925	53195170	SINE/MIR	453	+	122	53195047	39076
chr3	53155971	53355971	harbor2	chr3	53200019	53200225	SINE/MIR	504	+	103	53200122	44151
chr3	53155971	53355971	harbor2	chr3	53239963	53240132	SINE/MIR	402	+	84	53240047	84076
chr3	128329156	128529156	harbor2	chr3	128353714	128353826	SINE/MIR	415	+	56	128353770	24614
chr3	128329156	128529156	harbor2	chr3	128377311	128377535	SINE/MIR	468	+	112	128377423	48267
chr3	128329156	128529156	harbor2	chr3	128402478	128402610	SINE/MIR	476	+	66	128402544	73388
chr3	128329156	128529156	harbor2	chr3	128410542	128410676	SINE/MIR	409	+	67	128410609	81453
chr3	128329156	128529156	harbor2	chr3	128426195	128426401	SINE/MIR	415	+	103	128426298	97142
chr3	51939700	52139700	harbor2	chr3	51961400	51961605	SINE/MIR	471	+	102	51961502	21802
chr3	51939700	52139700	harbor2	chr3	51970403	51970650	SINE/MIR	650	+	124	51970527	30827
chr3	51939700	52139700	harbor2	chr3	51977369	51977588	SINE/MIR	406	+	110	51977479	37779
chr3	51939700	52139700	harbor2	chr3	51981316	51981425	SINE/MIR	415	+	54	51981370	41670
chr3	51939700	52139700	harbor2	chr3	51983723	51983926	SINE/MIR	582	+	102	51983825	44125
chr3	51939700	52139700	harbor2	chr3	52012384	52012584	SINE/MIR	416	+	100	52012484	72784
chr3	51939700	52139700	harbor2	chr3	52022281	52022457	SINE/MIR	402	+	88	52022369	82669
chr3	51939700	52139700	harbor2	chr3	52038682	52038797	SINE/MIR	419	+	58	52038740	99040
chr3	123552608	123752608	harbor2	chr3	123563509	123563613	SINE/MIR	442	+	52	123563561	10953
chr3	123552608	123752608	harbor2	chr3	123563787	123563902	SINE/MIR	442	+	58	123563845	11237
chr3	123552608	123752608	harbor2	chr3	123625950	123626151	SINE/MIR	796	+	100	123626050	73442
chr3	123552608	123752608	harbor2	chr3	123639673	123639914	SINE/MIR	512	+	120	123639793	87185
chr3	123552608	123752608	harbor2	chr3	123642167	123642358	SINE/MIR	649	+	96	123642263	89655
chr3	123552608	123752608	harbor2	chr3	123642641	123642845	SINE/MIR	736	+	102	123642743	90135
chr3	50517037	50717037	harbor2	chr3	50523748	50523879	SINE/MIR	459	+	66	50523814	6777
chr3	50517037	50717037	harbor2	chr3	50531128	50531280	SINE/MIR	444	+	76	50531204	14167
chr3	50517037	50717037	harbor2	chr3	50566274	50566523	SINE/MIR	507	+	124	50566398	49361
chr3	50517037	50717037	harbor2	chr3	50582417	50582611	SINE/MIR	527	+	97	50582514	65477
chr3	50517037	50717037	harbor2	chr3	50604824	50605016	SINE/MIR	406	+	96	50604920	87883
chr3	51939851	52139851	harbor2	chr3	51961400	51961605	SINE/MIR	471	+	102	51961502	21651
chr3	51939851	52139851	harbor2	chr3	51970403	51970650	SINE/MIR	650	+	124	51970527	30676
chr3	51939851	52139851	harbor2	chr3	51977369	51977588	SINE/MIR	406	+	110	51977479	37628
chr3	51939851	52139851	harbor2	chr3	51981316	51981425	SINE/MIR	415	+	54	51981370	41519
chr3	51939851	52139851	harbor2	chr3	51983723	51983926	SINE/MIR	582	+	102	51983825	43974
chr3	51939851	52139851	harbor2	chr3	52012384	52012584	SINE/MIR	416	+	100	52012484	72633
chr3	51939851	52139851	harbor2	chr3	52022281	52022457	SINE/MIR	402	+	88	52022369	82518
chr3	51939851	52139851	harbor2	chr3	52038682	52038797	SINE/MIR	419	+	58	52038740	98889
chr3	49072696	49272696	harbor2	chr3	49077608	49077819	SINE/MIR	719	+	106	49077714	5018
chr3	51939435	52139435	harbor2	chr3	51961400	51961605	SINE/MIR	471	+	102	51961502	22067
chr3	51939435	52139435	harbor2	chr3	51970403	51970650	SINE/MIR	650	+	124	51970527	31092
chr3	51939435	52139435	harbor2	chr3	51977369	51977588	SINE/MIR	406	+	110	51977479	38044
chr3	51939435	52139435	harbor2	chr3	51981316	51981425	SINE/MIR	415	+	54	51981370	41935
chr3	51939435	52139435	harbor2	chr3	51983723	51983926	SINE/MIR	582	+	102	51983825	44390
chr3	51939435	52139435	harbor2	chr3	52012384	52012584	SINE/MIR	416	+	100	52012484	73049
chr3	51939435	52139435	harbor2	chr3	52022281	52022457	SINE/MIR	402	+	88	52022369	82934
chr3	51939435	52139435	harbor2	chr3	52038682	52038797	SINE/MIR	419	+	58	52038740	99305
chr3	107992955	108192955	harbor2	chr3	108005120	108005165	SINE/MIR	486	+	22	108005142	12187
chr3	107992955	108192955	harbor2	chr3	108005497	108005606	SINE/MIR	486	+	54	108005551	12596
chr3	107992955	108192955	harbor2	chr3	108011656	108011801	SINE/MIR	404	+	72	108011728	18773
chr3	107992955	108192955	harbor2	chr3	108016141	108016323	SINE/MIR	483	+	91	108016232	23277
chr3	107992955	108192955	harbor2	chr3	108068556	108068805	SINE/MIR	664	+	124	108068680	75725
chr3	107992955	108192955	harbor2	chr3	108071445	108071693	SINE/MIR	655	+	124	108071569	78614
chr3	107992955	108192955	harbor2	chr3	108076480	108076688	SINE/MIR	435	+	104	108076584	83629
chr3	107992955	108192955	harbor2	chr3	108085264	108085492	SINE/MIR	764	+	114	108085378	92423
chr3	108004632	108204632	harbor2	chr3	108005120	108005165	SINE/MIR	486	+	22	108005142	510
chr3	108004632	108204632	harbor2	chr3	108005497	108005606	SINE/MIR	486	+	54	108005551	919
chr3	108004632	108204632	harbor2	chr3	108011656	108011801	SINE/MIR	404	+	72	108011728	7096
chr3	108004632	108204632	harbor2	chr3	108016141	108016323	SINE/MIR	483	+	91	108016232	11600
chr3	108004632	108204632	harbor2	chr3	108068556	108068805	SINE/MIR	664	+	124	108068680	64048
chr3	108004632	108204632	harbor2	chr3	108071445	108071693	SINE/MIR	655	+	124	108071569	66937
chr3	108004632	108204632	harbor2	chr3	108076480	108076688	SINE/MIR	435	+	104	108076584	71952
chr3	108004632	108204632	harbor2	chr3	108085264	108085492	SINE/MIR	764	+	114	108085378	80746
chr3	108004632	108204632	harbor2	chr3	108095833	108096090	SINE/MIR	653	+	128	108095961	91329
chr3	107992065	108192065	harbor2	chr3	108005120	108005165	SINE/MIR	486	+	22	108005142	13077
chr3	107992065	108192065	harbor2	chr3	108005497	108005606	SINE/MIR	486	+	54	108005551	13486
chr3	107992065	108192065	harbor2	chr3	108011656	108011801	SINE/MIR	404	+	72	108011728	19663
chr3	107992065	108192065	harbor2	chr3	108016141	108016323	SINE/MIR	483	+	91	108016232	24167
chr3	107992065	108192065	harbor2	chr3	108068556	108068805	SINE/MIR	664	+	124	108068680	76615
chr3	107992065	108192065	harbor2	chr3	108071445	108071693	SINE/MIR	655	+	124	108071569	79504
chr3	107992065	108192065	harbor2	chr3	108076480	108076688	SINE/MIR	435	+	104	108076584	84519
chr3	107992065	108192065	harbor2	chr3	108085264	108085492	SINE/MIR	764	+	114	108085378	93313
chr3	123560147	123760147	harbor2	chr3	123563509	123563613	SINE/MIR	442	+	52	123563561	3414
chr3	123560147	123760147	harbor2	chr3	123563787	123563902	SINE/MIR	442	+	58	123563845	3698
chr3	123560147	123760147	harbor2	chr3	123625950	123626151	SINE/MIR	796	+	100	123626050	65903
chr3	123560147	123760147	harbor2	chr3	123639673	123639914	SINE/MIR	512	+	120	123639793	79646
chr3	123560147	123760147	harbor2	chr3	123642167	123642358	SINE/MIR	649	+	96	123642263	82116
chr3	123560147	123760147	harbor2	chr3	123642641	123642845	SINE/MIR	736	+	102	123642743	82596
chr3	123560147	123760147	harbor2	chr3	123655659	123655890	SINE/MIR	918	+	116	123655775	95628
chr3	123560147	123760147	harbor2	chr3	123657924	123658091	SINE/MIR	464	+	84	123658008	97861
chr3	189960849	190160849	harbor2	chr3	190014861	190015007	SINE/MIR	491	+	73	190014934	54085
chr3	189960849	190160849	harbor2	chr3	190025377	190025629	SINE/MIR	635	+	126	190025503	64654
chr3	126930017	127130017	harbor2	chr3	126930555	126930735	SINE/MIR	557	+	90	126930645	628
chr3	126930017	127130017	harbor2	chr3	126936152	126936335	SINE/MIR	399	+	92	126936244	6227
chr3	126930017	127130017	harbor2	chr3	126947470	126947652	SINE/MIR	421	+	91	126947561	17544
chr3	107992067	108192067	harbor2	chr3	108005120	108005165	SINE/MIR	486	+	22	108005142	13075
chr3	107992067	108192067	harbor2	chr3	108005497	108005606	SINE/MIR	486	+	54	108005551	13484
chr3	107992067	108192067	harbor2	chr3	108011656	108011801	SINE/MIR	404	+	72	108011728	19661
chr3	107992067	108192067	harbor2	chr3	108016141	108016323	SINE/MIR	483	+	91	108016232	24165
chr3	107992067	108192067	harbor2	chr3	108068556	108068805	SINE/MIR	664	+	124	108068680	76613
chr3	107992067	108192067	harbor2	chr3	108071445	108071693	SINE/MIR	655	+	124	108071569	79502
chr3	107992067	108192067	harbor2	chr3	108076480	108076688	SINE/MIR	435	+	104	108076584	84517
chr3	107992067	108192067	harbor2	chr3	108085264	108085492	SINE/MIR	764	+	114	108085378	93311
chr3	157028447	157228447	harbor2	chr3	157044989	157045162	SINE/MIR	462	+	86	157045075	16628
chr3	157028447	157228447	harbor2	chr3	157096465	157096583	SINE/MIR	461	+	59	157096524	68077
chr3	157028447	157228447	harbor2	chr3	157108957	157109233	SINE/MIR	604	+	138	157109095	80648
chr3	157028447	157228447	harbor2	chr3	157123288	157123409	SINE/MIR	488	+	60	157123348	94901
chr3	157028447	157228447	harbor2	chr3	157089614	157089857	SINE/MIR	654	+	122	157089736	61289
chr3	142864715	143064715	harbor2	chr3	142886678	142886849	SINE/MIR	498	+	86	142886764	22049
chr3	142864715	143064715	harbor2	chr3	142913539	142913732	SINE/MIR	646	+	96	142913635	48920
chr3	142864715	143064715	harbor2	chr3	142927918	142928127	SINE/MIR	663	+	104	142928022	63307
chr3	128484655	128684655	harbor2	chr3	128518415	128518545	SINE/MIR	622	+	65	128518480	33825
chr3	128484655	128684655	harbor2	chr3	128518894	128519013	SINE/MIR	622	+	60	128518954	34299
chr3	128484655	128684655	harbor2	chr3	128519948	128520185	SINE/MIR	604	+	118	128520066	35411
chr3	128484655	128684655	harbor2	chr3	128520253	128520364	SINE/MIR	413	+	56	128520309	35654
chr3	128484655	128684655	harbor2	chr3	128524573	128524680	SINE/MIR	410	+	54	128524627	39972
chr3	128484655	128684655	harbor2	chr3	128567460	128567688	SINE/MIR	501	+	114	128567574	82919
chr3	128484655	128684655	harbor2	chr3	128572390	128572624	SINE/MIR	504	+	117	128572507	87852
chr3	193982932	194182932	harbor2	chr3	193982940	193983150	SINE/MIR	781	+	105	193983045	113
chr3	193982932	194182932	harbor2	chr3	193986824	193986965	SINE/MIR	403	+	70	193986894	3962
chr3	193982932	194182932	harbor2	chr3	194002192	194002407	SINE/MIR	571	+	108	194002300	19368
chr3	193982932	194182932	harbor2	chr3	194037714	194037898	SINE/MIR	607	+	92	194037806	54874
chr3	193982932	194182932	harbor2	chr3	194044045	194044245	SINE/MIR	801	+	100	194044145	61213
chr3	193982932	194182932	harbor2	chr3	194049863	194050078	SINE/MIR	617	+	108	194049971	67039
chr3	193982932	194182932	harbor2	chr3	194057702	194057938	SINE/MIR	916	+	118	194057820	74888
chr3	193982932	194182932	harbor2	chr3	194063949	194064136	SINE/MIR	434	+	94	194064043	81111
chr3	193982932	194182932	harbor2	chr3	194065217	194065389	SINE/MIR	503	+	86	194065303	82371
chr3	193982932	194182932	harbor2	chr3	194019300	194019445	SINE/MIR	516	+	72	194019372	36440
chr3	107993135	108193135	harbor2	chr3	108005120	108005165	SINE/MIR	486	+	22	108005142	12007
chr3	107993135	108193135	harbor2	chr3	108005497	108005606	SINE/MIR	486	+	54	108005551	12416
chr3	107993135	108193135	harbor2	chr3	108011656	108011801	SINE/MIR	404	+	72	108011728	18593
chr3	107993135	108193135	harbor2	chr3	108016141	108016323	SINE/MIR	483	+	91	108016232	23097
chr3	107993135	108193135	harbor2	chr3	108068556	108068805	SINE/MIR	664	+	124	108068680	75545
chr3	107993135	108193135	harbor2	chr3	108071445	108071693	SINE/MIR	655	+	124	108071569	78434
chr3	107993135	108193135	harbor2	chr3	108076480	108076688	SINE/MIR	435	+	104	108076584	83449
chr3	107993135	108193135	harbor2	chr3	108085264	108085492	SINE/MIR	764	+	114	108085378	92243
chr3	53411237	53611237	harbor2	chr3	53483031	53483218	SINE/MIR	509	+	94	53483125	71888
chr3	53411237	53611237	harbor2	chr3	53490768	53490851	SINE/MIR	677	+	42	53490810	79573
chr3	53411237	53611237	harbor2	chr3	53491142	53491258	SINE/MIR	677	+	58	53491200	79963
chr3	116673098	116873098	harbor2	chr3	116730138	116730251	SINE/MIR	493	+	56	116730194	57096
chr3	116673098	116873098	harbor2	chr3	116755061	116755189	SINE/MIR	408	+	64	116755125	82027
chr3	116673098	116873098	harbor2	chr3	116758867	116759007	SINE/MIR	404	+	70	116758937	85839
chr3	51939445	52139445	harbor2	chr3	51961400	51961605	SINE/MIR	471	+	102	51961502	22057
chr3	51939445	52139445	harbor2	chr3	51970403	51970650	SINE/MIR	650	+	124	51970527	31082
chr3	51939445	52139445	harbor2	chr3	51977369	51977588	SINE/MIR	406	+	110	51977479	38034
chr3	51939445	52139445	harbor2	chr3	51981316	51981425	SINE/MIR	415	+	54	51981370	41925
chr3	51939445	52139445	harbor2	chr3	51983723	51983926	SINE/MIR	582	+	102	51983825	44380
chr3	51939445	52139445	harbor2	chr3	52012384	52012584	SINE/MIR	416	+	100	52012484	73039
chr3	51939445	52139445	harbor2	chr3	52022281	52022457	SINE/MIR	402	+	88	52022369	82924
chr3	51939445	52139445	harbor2	chr3	52038682	52038797	SINE/MIR	419	+	58	52038740	99295
chr3	127490762	127690762	harbor2	chr3	127546435	127546612	SINE/MIR	586	+	88	127546523	55761
chr3	127490762	127690762	harbor2	chr3	127555621	127555779	SINE/MIR	678	+	79	127555700	64938
chr3	127490762	127690762	harbor2	chr3	127568009	127568191	SINE/MIR	668	+	91	127568100	77338
chr3	127490762	127690762	harbor2	chr3	127577344	127577560	SINE/MIR	488	+	108	127577452	86690
chr3	127490762	127690762	harbor2	chr3	127587480	127587631	SINE/MIR	446	+	76	127587556	96794
chr3	12963496	13163496	harbor2	chr3	12975967	12976095	SINE/MIR	475	+	64	12976031	12535
chr3	12963496	13163496	harbor2	chr3	12981135	12981317	SINE/MIR	714	+	91	12981226	17730
chr3	12963496	13163496	harbor2	chr3	12996330	12996502	SINE/MIR	474	+	86	12996416	32920
chr3	12963496	13163496	harbor2	chr3	13007467	13007623	SINE/MIR	458	+	78	13007545	44049
chr3	12963496	13163496	harbor2	chr3	13009939	13010146	SINE/MIR	618	+	104	13010043	46547
chr3	12963496	13163496	harbor2	chr3	13036279	13036435	SINE/MIR	595	+	78	13036357	72861
chr3	12963496	13163496	harbor2	chr3	13039863	13040018	SINE/MIR	421	+	78	13039941	76445
chr3	12963496	13163496	harbor2	chr3	13048054	13048219	SINE/MIR	525	+	82	13048136	84640
chr3	12963496	13163496	harbor2	chr3	13050564	13050791	SINE/MIR	808	+	114	13050678	87182
chr3	128381321	128581321	harbor2	chr3	128402478	128402610	SINE/MIR	476	+	66	128402544	21223
chr3	128381321	128581321	harbor2	chr3	128410542	128410676	SINE/MIR	409	+	67	128410609	29288
chr3	128381321	128581321	harbor2	chr3	128426195	128426401	SINE/MIR	415	+	103	128426298	44977
chr3	128381321	128581321	harbor2	chr3	128431547	128431715	SINE/MIR	552	+	84	128431631	50310
chr3	128381321	128581321	harbor2	chr3	128434719	128434898	SINE/MIR	615	+	90	128434809	53488
chr3	128381321	128581321	harbor2	chr3	128460319	128460489	SINE/MIR	482	+	85	128460404	79083
chr3	128381321	128581321	harbor2	chr3	128468837	128469049	SINE/MIR	691	+	106	128468943	87622
chr3	13750265	13950265	harbor2	chr3	13750330	13750528	SINE/MIR	720	+	99	13750429	164
chr3	13750265	13950265	harbor2	chr3	13784335	13784552	SINE/MIR	539	+	108	13784443	34178
chr3	13750265	13950265	harbor2	chr3	13792391	13792612	SINE/MIR	825	+	110	13792501	42236
chr3	13750265	13950265	harbor2	chr3	13795370	13795592	SINE/MIR	569	+	111	13795481	45216
chr3	13750265	13950265	harbor2	chr3	13808065	13808170	SINE/MIR	473	+	52	13808117	57852
chr3	13750265	13950265	harbor2	chr3	13808605	13808712	SINE/MIR	473	+	54	13808659	58394
chr3	13750265	13950265	harbor2	chr3	13810044	13810166	SINE/MIR	413	+	61	13810105	59840
chr3	13750265	13950265	harbor2	chr3	13810653	13810758	SINE/MIR	413	+	52	13810705	60440
chr3	13750265	13950265	harbor2	chr3	13841385	13841595	SINE/MIR	967	+	105	13841490	91225
chr3	13750265	13950265	harbor2	chr3	13846365	13846607	SINE/MIR	799	+	121	13846486	96221
chr3	196218330	196418330	harbor2	chr3	196223091	196223264	SINE/MIR	478	+	86	196223177	4847
chr3	196218330	196418330	harbor2	chr3	196262185	196262420	SINE/MIR	598	+	118	196262303	43973
chr3	196218330	196418330	harbor2	chr3	196307136	196307300	SINE/MIR	465	+	82	196307218	88888
chr3	196218330	196418330	harbor2	chr3	196307603	196307669	SINE/MIR	465	+	33	196307636	89306
chr3	64313402	64513402	harbor2	chr3	64314737	64314888	SINE/MIR	577	+	76	64314813	1411
chr3	64313402	64513402	harbor2	chr3	64319924	64320129	SINE/MIR	415	+	102	64320026	6624
chr3	64313402	64513402	harbor2	chr3	64330227	64330472	SINE/MIR	848	+	122	64330349	16947
chr3	64313402	64513402	harbor2	chr3	64351334	64351534	SINE/MIR	750	+	100	64351434	38032
chr3	64313402	64513402	harbor2	chr3	64357033	64357218	SINE/MIR	448	+	92	64357125	43723
chr3	64313402	64513402	harbor2	chr3	64368328	64368582	SINE/MIR	432	+	127	64368455	55053
chr3	64313402	64513402	harbor2	chr3	64401872	64402029	SINE/MIR	458	+	78	64401950	88548
chr3	64313402	64513402	harbor2	chr3	64402114	64402359	SINE/MIR	565	+	122	64402236	88834
chr3	64313402	64513402	harbor2	chr3	64408491	64408654	SINE/MIR	622	+	82	64408573	95171
chr3	64313402	64513402	harbor2	chr3	64412390	64412604	SINE/MIR	524	+	107	64412497	99095
chr3	161006321	161206321	harbor2	chr3	161026912	161027153	SINE/MIR	761	+	120	161027032	20711
chr3	161006321	161206321	harbor2	chr3	161036316	161036546	SINE/MIR	1032	+	115	161036431	30110
chr3	161006321	161206321	harbor2	chr3	161097154	161097324	SINE/MIR	772	+	85	161097239	90918
chr3	161006321	161206321	harbor2	chr3	161054619	161054826	SINE/MIR	792	+	104	161054723	48402
chr3	123399935	123599935	harbor2	chr3	123417701	123417886	SINE/MIR	587	+	92	123417793	17858
chr3	123399935	123599935	harbor2	chr3	123427657	123427801	SINE/MIR	636	+	72	123427729	27794
chr3	123399935	123599935	harbor2	chr3	123428898	123429128	SINE/MIR	540	+	115	123429013	29078
chr3	123399935	123599935	harbor2	chr3	123437465	123437641	SINE/MIR	577	+	88	123437553	37618
chr3	123399935	123599935	harbor2	chr3	123472732	123472828	SINE/MIR	458	+	48	123472780	72845
chr3	123399935	123599935	harbor2	chr3	123480189	123480423	SINE/MIR	620	+	117	123480306	80371
chr3	107992061	108192061	harbor2	chr3	108005120	108005165	SINE/MIR	486	+	22	108005142	13081
chr3	107992061	108192061	harbor2	chr3	108005497	108005606	SINE/MIR	486	+	54	108005551	13490
chr3	107992061	108192061	harbor2	chr3	108011656	108011801	SINE/MIR	404	+	72	108011728	19667
chr3	107992061	108192061	harbor2	chr3	108016141	108016323	SINE/MIR	483	+	91	108016232	24171
chr3	107992061	108192061	harbor2	chr3	108068556	108068805	SINE/MIR	664	+	124	108068680	76619
chr3	107992061	108192061	harbor2	chr3	108071445	108071693	SINE/MIR	655	+	124	108071569	79508
chr3	107992061	108192061	harbor2	chr3	108076480	108076688	SINE/MIR	435	+	104	108076584	84523
chr3	107992061	108192061	harbor2	chr3	108085264	108085492	SINE/MIR	764	+	114	108085378	93317
chr3	36670495	36870495	harbor2	chr3	36740017	36740267	SINE/MIR	494	+	125	36740142	69647
chr3	36670495	36870495	harbor2	chr3	36763622	36763816	SINE/MIR	552	+	97	36763719	93224
chr3	49071261	49271261	harbor2	chr3	49077608	49077819	SINE/MIR	719	+	106	49077714	6453
chr3	196916551	197116551	harbor2	chr3	196966179	196966355	SINE/MIR	406	+	88	196966267	49716
chr3	196916551	197116551	harbor2	chr3	196977040	196977156	SINE/MIR	404	+	58	196977098	60547
chr3	196916551	197116551	harbor2	chr3	196978495	196978676	SINE/MIR	522	+	90	196978585	62034
chr3	196916551	197116551	harbor2	chr3	196990970	196991061	SINE/MIR	479	+	46	196991016	74465
chr3	196916551	197116551	harbor2	chr3	196991404	196991547	SINE/MIR	479	+	72	196991476	74925
chr3	108026049	108226049	harbor2	chr3	108068556	108068805	SINE/MIR	664	+	124	108068680	42631
chr3	108026049	108226049	harbor2	chr3	108071445	108071693	SINE/MIR	655	+	124	108071569	45520
chr3	108026049	108226049	harbor2	chr3	108076480	108076688	SINE/MIR	435	+	104	108076584	50535
chr3	108026049	108226049	harbor2	chr3	108085264	108085492	SINE/MIR	764	+	114	108085378	59329
chr3	108026049	108226049	harbor2	chr3	108095833	108096090	SINE/MIR	653	+	128	108095961	69912
chr3	108026049	108226049	harbor2	chr3	108123242	108123384	SINE/MIR	425	+	71	108123313	97264
chr3	107992090	108192090	harbor2	chr3	108005120	108005165	SINE/MIR	486	+	22	108005142	13052
chr3	107992090	108192090	harbor2	chr3	108005497	108005606	SINE/MIR	486	+	54	108005551	13461
chr3	107992090	108192090	harbor2	chr3	108011656	108011801	SINE/MIR	404	+	72	108011728	19638
chr3	107992090	108192090	harbor2	chr3	108016141	108016323	SINE/MIR	483	+	91	108016232	24142
chr3	107992090	108192090	harbor2	chr3	108068556	108068805	SINE/MIR	664	+	124	108068680	76590
chr3	107992090	108192090	harbor2	chr3	108071445	108071693	SINE/MIR	655	+	124	108071569	79479
chr3	107992090	108192090	harbor2	chr3	108076480	108076688	SINE/MIR	435	+	104	108076584	84494
chr3	107992090	108192090	harbor2	chr3	108085264	108085492	SINE/MIR	764	+	114	108085378	93288
chr3	45419104	45619104	harbor2	chr3	45492552	45492785	SINE/MIR	519	+	116	45492668	73564
chr3	45419104	45619104	harbor2	chr3	45493453	45493681	SINE/MIR	492	+	114	45493567	74463
chr3	49589456	49789456	harbor2	chr3	49619437	49619671	SINE/MIR	589	+	117	49619554	30098
chr3	49589456	49789456	harbor2	chr3	49678281	49678444	SINE/MIR	413	+	82	49678363	88907
chr3	108053563	108253563	harbor2	chr3	108068556	108068805	SINE/MIR	664	+	124	108068680	15117
chr3	108053563	108253563	harbor2	chr3	108071445	108071693	SINE/MIR	655	+	124	108071569	18006
chr3	108053563	108253563	harbor2	chr3	108076480	108076688	SINE/MIR	435	+	104	108076584	23021
chr3	108053563	108253563	harbor2	chr3	108085264	108085492	SINE/MIR	764	+	114	108085378	31815
chr3	108053563	108253563	harbor2	chr3	108095833	108096090	SINE/MIR	653	+	128	108095961	42398
chr3	108053563	108253563	harbor2	chr3	108123242	108123384	SINE/MIR	425	+	71	108123313	69750
chr3	123544944	123744944	harbor2	chr3	123563509	123563613	SINE/MIR	442	+	52	123563561	18617
chr3	123544944	123744944	harbor2	chr3	123563787	123563902	SINE/MIR	442	+	58	123563845	18901
chr3	123544944	123744944	harbor2	chr3	123625950	123626151	SINE/MIR	796	+	100	123626050	81106
chr3	123544944	123744944	harbor2	chr3	123639673	123639914	SINE/MIR	512	+	120	123639793	94849
chr3	123544944	123744944	harbor2	chr3	123642167	123642358	SINE/MIR	649	+	96	123642263	97319
chr3	123544944	123744944	harbor2	chr3	123642641	123642845	SINE/MIR	736	+	102	123642743	97799
chr3	49072652	49272652	harbor2	chr3	49077608	49077819	SINE/MIR	719	+	106	49077714	5062
chr3	108053682	108253682	harbor2	chr3	108068556	108068805	SINE/MIR	664	+	124	108068680	14998
chr3	108053682	108253682	harbor2	chr3	108071445	108071693	SINE/MIR	655	+	124	108071569	17887
chr3	108053682	108253682	harbor2	chr3	108076480	108076688	SINE/MIR	435	+	104	108076584	22902
chr3	108053682	108253682	harbor2	chr3	108085264	108085492	SINE/MIR	764	+	114	108085378	31696
chr3	108053682	108253682	harbor2	chr3	108095833	108096090	SINE/MIR	653	+	128	108095961	42279
chr3	108053682	108253682	harbor2	chr3	108123242	108123384	SINE/MIR	425	+	71	108123313	69631
chr3	136086110	136286110	harbor2	chr3	136136110	136136326	SINE/MIR	602	+	108	136136218	50108
chr3	107993195	108193195	harbor2	chr3	108005120	108005165	SINE/MIR	486	+	22	108005142	11947
chr3	107993195	108193195	harbor2	chr3	108005497	108005606	SINE/MIR	486	+	54	108005551	12356
chr3	107993195	108193195	harbor2	chr3	108011656	108011801	SINE/MIR	404	+	72	108011728	18533
chr3	107993195	108193195	harbor2	chr3	108016141	108016323	SINE/MIR	483	+	91	108016232	23037
chr3	107993195	108193195	harbor2	chr3	108068556	108068805	SINE/MIR	664	+	124	108068680	75485
chr3	107993195	108193195	harbor2	chr3	108071445	108071693	SINE/MIR	655	+	124	108071569	78374
chr3	107993195	108193195	harbor2	chr3	108076480	108076688	SINE/MIR	435	+	104	108076584	83389
chr3	107993195	108193195	harbor2	chr3	108085264	108085492	SINE/MIR	764	+	114	108085378	92183
chr3	138339763	138539763	harbor2	chr3	138365031	138365222	SINE/MIR	797	+	96	138365127	25364
chr3	138339763	138539763	harbor2	chr3	138387431	138387613	SINE/MIR	531	+	91	138387522	47759
chr3	138339763	138539763	harbor2	chr3	138389670	138389818	SINE/MIR	437	+	74	138389744	49981
chr3	138339763	138539763	harbor2	chr3	138399145	138399274	SINE/MIR	474	+	64	138399209	59446
chr3	138339763	138539763	harbor2	chr3	138413464	138413648	SINE/MIR	473	+	92	138413556	73793
chr3	138339763	138539763	harbor2	chr3	138413986	138414038	SINE/MIR	473	+	26	138414012	74249
chr3	138339763	138539763	harbor2	chr3	138417411	138417552	SINE/MIR	576	+	70	138417481	77718
chr3	51948342	52148342	harbor2	chr3	51961400	51961605	SINE/MIR	471	+	102	51961502	13160
chr3	51948342	52148342	harbor2	chr3	51970403	51970650	SINE/MIR	650	+	124	51970527	22185
chr3	51948342	52148342	harbor2	chr3	51977369	51977588	SINE/MIR	406	+	110	51977479	29137
chr3	51948342	52148342	harbor2	chr3	51981316	51981425	SINE/MIR	415	+	54	51981370	33028
chr3	51948342	52148342	harbor2	chr3	51983723	51983926	SINE/MIR	582	+	102	51983825	35483
chr3	51948342	52148342	harbor2	chr3	52012384	52012584	SINE/MIR	416	+	100	52012484	64142
chr3	51948342	52148342	harbor2	chr3	52022281	52022457	SINE/MIR	402	+	88	52022369	74027
chr3	51948342	52148342	harbor2	chr3	52038682	52038797	SINE/MIR	419	+	58	52038740	90398
chr3	51948342	52148342	harbor2	chr3	52043777	52044003	SINE/MIR	547	+	113	52043890	95548
chr3	49618697	49818697	harbor2	chr3	49619437	49619671	SINE/MIR	589	+	117	49619554	857
chr3	49618697	49818697	harbor2	chr3	49678281	49678444	SINE/MIR	413	+	82	49678363	59666
chr3	48894246	49094246	harbor2	chr3	48935540	48935719	SINE/MIR	508	+	90	48935630	41384
chr3	108000209	108200209	harbor2	chr3	108005120	108005165	SINE/MIR	486	+	22	108005142	4933
chr3	108000209	108200209	harbor2	chr3	108005497	108005606	SINE/MIR	486	+	54	108005551	5342
chr3	108000209	108200209	harbor2	chr3	108011656	108011801	SINE/MIR	404	+	72	108011728	11519
chr3	108000209	108200209	harbor2	chr3	108016141	108016323	SINE/MIR	483	+	91	108016232	16023
chr3	108000209	108200209	harbor2	chr3	108068556	108068805	SINE/MIR	664	+	124	108068680	68471
chr3	108000209	108200209	harbor2	chr3	108071445	108071693	SINE/MIR	655	+	124	108071569	71360
chr3	108000209	108200209	harbor2	chr3	108076480	108076688	SINE/MIR	435	+	104	108076584	76375
chr3	108000209	108200209	harbor2	chr3	108085264	108085492	SINE/MIR	764	+	114	108085378	85169
chr3	108000209	108200209	harbor2	chr3	108095833	108096090	SINE/MIR	653	+	128	108095961	95752
chr3	51940436	52140436	harbor2	chr3	51961400	51961605	SINE/MIR	471	+	102	51961502	21066
chr3	51940436	52140436	harbor2	chr3	51970403	51970650	SINE/MIR	650	+	124	51970527	30091
chr3	51940436	52140436	harbor2	chr3	51977369	51977588	SINE/MIR	406	+	110	51977479	37043
chr3	51940436	52140436	harbor2	chr3	51981316	51981425	SINE/MIR	415	+	54	51981370	40934
chr3	51940436	52140436	harbor2	chr3	51983723	51983926	SINE/MIR	582	+	102	51983825	43389
chr3	51940436	52140436	harbor2	chr3	52012384	52012584	SINE/MIR	416	+	100	52012484	72048
chr3	51940436	52140436	harbor2	chr3	52022281	52022457	SINE/MIR	402	+	88	52022369	81933
chr3	51940436	52140436	harbor2	chr3	52038682	52038797	SINE/MIR	419	+	58	52038740	98304
chr3	182693462	182893462	harbor2	chr3	182711245	182711467	SINE/MIR	778	+	111	182711356	17894
chr3	182693462	182893462	harbor2	chr3	182711500	182711686	SINE/MIR	817	+	93	182711593	18131
chr3	182693462	182893462	harbor2	chr3	182715488	182715673	SINE/MIR	585	+	92	182715580	22118
chr3	182693462	182893462	harbor2	chr3	182715974	182716006	SINE/MIR	585	+	16	182715990	22528
chr3	182693462	182893462	harbor2	chr3	182730834	182730987	SINE/MIR	452	+	76	182730910	37448
chr3	182693462	182893462	harbor2	chr3	182731187	182731243	SINE/MIR	452	+	28	182731215	37753
chr3	182693462	182893462	harbor2	chr3	182749790	182749974	SINE/MIR	592	+	92	182749882	56420
chr3	182693462	182893462	harbor2	chr3	182765715	182765970	SINE/MIR	515	+	128	182765843	72381
chr3	182693462	182893462	harbor2	chr3	182780768	182780912	SINE/MIR	518	+	72	182780840	87378
chr3	142529008	142729008	harbor2	chr3	142544003	142544175	SINE/MIR	651	+	86	142544089	15081
chr3	142529008	142729008	harbor2	chr3	142544481	142544535	SINE/MIR	534	+	27	142544508	15500
chr3	142529008	142729008	harbor2	chr3	142548226	142548386	SINE/MIR	494	+	80	142548306	19298
chr3	142529008	142729008	harbor2	chr3	142548688	142548802	SINE/MIR	494	+	57	142548745	19737
chr3	142529008	142729008	harbor2	chr3	142559999	142560143	SINE/MIR	455	+	72	142560071	31063
chr3	142529008	142729008	harbor2	chr3	142564311	142564511	SINE/MIR	679	+	100	142564411	35403
chr3	142529008	142729008	harbor2	chr3	142580278	142580443	SINE/MIR	500	+	82	142580360	51352
chr3	142529008	142729008	harbor2	chr3	142592821	142592966	SINE/MIR	454	+	72	142592893	63885
chr3	142529008	142729008	harbor2	chr3	142628161	142628313	SINE/MIR	402	+	76	142628237	99229
chr3	49072022	49272022	harbor2	chr3	49077608	49077819	SINE/MIR	719	+	106	49077714	5692
chr3	126911046	127111046	harbor2	chr3	126914089	126914237	SINE/MIR	441	+	74	126914163	3117
chr3	126911046	127111046	harbor2	chr3	126930555	126930735	SINE/MIR	557	+	90	126930645	19599
chr3	126911046	127111046	harbor2	chr3	126936152	126936335	SINE/MIR	399	+	92	126936244	25198
chr3	126911046	127111046	harbor2	chr3	126947470	126947652	SINE/MIR	421	+	91	126947561	36515
chr3	23711708	23911708	harbor2	chr3	23748486	23748655	SINE/MIR	525	+	84	23748570	36862
chr3	23711708	23911708	harbor2	chr3	23764710	23764851	SINE/MIR	417	+	70	23764780	53072
chr3	23711708	23911708	harbor2	chr3	23779558	23779626	SINE/MIR	501	+	34	23779592	67884
chr3	23711708	23911708	harbor2	chr3	23779923	23780104	SINE/MIR	501	+	90	23780013	68305
chr3	23711708	23911708	harbor2	chr3	23789228	23789438	SINE/MIR	551	+	105	23789333	77625
chr3	23711708	23911708	harbor2	chr3	23791771	23791955	SINE/MIR	641	+	92	23791863	80155
chr3	23711708	23911708	harbor2	chr3	23793519	23793751	SINE/MIR	907	+	116	23793635	81927
chr3	125112713	125312713	harbor2	chr3	125126943	125127073	SINE/MIR	555	+	65	125127008	14295
chr3	125112713	125312713	harbor2	chr3	125127424	125127517	SINE/MIR	491	+	46	125127470	14757
chr3	125112713	125312713	harbor2	chr3	125127667	125127735	SINE/MIR	491	+	34	125127701	14988
chr3	125112713	125312713	harbor2	chr3	125154318	125154560	SINE/MIR	673	+	121	125154439	41726
chr3	125112713	125312713	harbor2	chr3	125160271	125160424	SINE/MIR	687	+	76	125160347	47634
chr3	125112713	125312713	harbor2	chr3	125164207	125164429	SINE/MIR	679	+	111	125164318	51605
chr3	125112713	125312713	harbor2	chr3	125180228	125180408	SINE/MIR	582	+	90	125180318	67605
chr3	125112713	125312713	harbor2	chr3	125209302	125209433	SINE/MIR	413	+	66	125209368	96655
chr3	23710838	23910838	harbor2	chr3	23748486	23748655	SINE/MIR	525	+	84	23748570	37732
chr3	23710838	23910838	harbor2	chr3	23764710	23764851	SINE/MIR	417	+	70	23764780	53942
chr3	23710838	23910838	harbor2	chr3	23779558	23779626	SINE/MIR	501	+	34	23779592	68754
chr3	23710838	23910838	harbor2	chr3	23779923	23780104	SINE/MIR	501	+	90	23780013	69175
chr3	23710838	23910838	harbor2	chr3	23789228	23789438	SINE/MIR	551	+	105	23789333	78495
chr3	23710838	23910838	harbor2	chr3	23791771	23791955	SINE/MIR	641	+	92	23791863	81025
chr3	23710838	23910838	harbor2	chr3	23793519	23793751	SINE/MIR	907	+	116	23793635	82797
chr3	108468945	108668945	harbor2	chr3	108473508	108473693	SINE/MIR	647	+	92	108473600	4655
chr3	108468945	108668945	harbor2	chr3	108475233	108475381	SINE/MIR	427	+	74	108475307	6362
chr3	108468945	108668945	harbor2	chr3	108527704	108527841	SINE/MIR	602	+	68	108527772	58827
chr3	108468945	108668945	harbor2	chr3	108528173	108528257	SINE/MIR	602	+	42	108528215	59270
chr3	108468945	108668945	harbor2	chr3	108533288	108533547	SINE/MIR	518	+	130	108533418	64473
chr3	52126019	52326019	harbor2	chr3	52148700	52148901	SINE/MIR	599	+	100	52148800	22781
chr3	52126019	52326019	harbor2	chr3	52155077	52155226	SINE/MIR	410	+	74	52155151	29132
chr3	52126019	52326019	harbor2	chr3	52208711	52208874	SINE/MIR	495	+	82	52208793	82774
chr3	157015013	157215013	harbor2	chr3	157018608	157018840	SINE/MIR	399	+	116	157018724	3711
chr3	157015013	157215013	harbor2	chr3	157044989	157045162	SINE/MIR	462	+	86	157045075	30062
chr3	157015013	157215013	harbor2	chr3	157096465	157096583	SINE/MIR	461	+	59	157096524	81511
chr3	157015013	157215013	harbor2	chr3	157108957	157109233	SINE/MIR	604	+	138	157109095	94082
chr3	157015013	157215013	harbor2	chr3	157089614	157089857	SINE/MIR	654	+	122	157089736	74723
chr3	131281884	131481884	harbor2	chr3	131285859	131286010	SINE/MIR	501	+	76	131285935	4051
chr3	131281884	131481884	harbor2	chr3	131311447	131311607	SINE/MIR	422	+	80	131311527	29643
chr3	131281884	131481884	harbor2	chr3	131312157	131312358	SINE/MIR	690	+	100	131312257	30373
chr3	131281884	131481884	harbor2	chr3	131347198	131347386	SINE/MIR	466	+	94	131347292	65408
chr3	131281884	131481884	harbor2	chr3	131348764	131348911	SINE/MIR	454	+	74	131348838	66954
chr3	184086432	184286432	harbor2	chr3	184098164	184098405	SINE/MIR	900	+	120	184098284	11852
chr3	184086432	184286432	harbor2	chr3	184100161	184100387	SINE/MIR	859	+	113	184100274	13842
chr3	184086432	184286432	harbor2	chr3	184161763	184161942	SINE/MIR	651	+	90	184161853	75421
chr3	184086432	184286432	harbor2	chr3	184161957	184162177	SINE/MIR	586	+	110	184162067	75635
chr3	184086432	184286432	harbor2	chr3	184165806	184166038	SINE/MIR	592	+	116	184165922	79490
chr3	184086432	184286432	harbor2	chr3	184173370	184173600	SINE/MIR	1222	+	115	184173485	87053
chr3	51995390	52195390	harbor2	chr3	52012384	52012584	SINE/MIR	416	+	100	52012484	17094
chr3	51995390	52195390	harbor2	chr3	52022281	52022457	SINE/MIR	402	+	88	52022369	26979
chr3	51995390	52195390	harbor2	chr3	52038682	52038797	SINE/MIR	419	+	58	52038740	43350
chr3	51995390	52195390	harbor2	chr3	52043777	52044003	SINE/MIR	547	+	113	52043890	48500
chr3	49072969	49272969	harbor2	chr3	49077608	49077819	SINE/MIR	719	+	106	49077714	4745
chr3	50289500	50489500	harbor2	chr3	50299972	50300194	SINE/MIR	587	+	111	50300083	10583
chr3	50289500	50489500	harbor2	chr3	50319277	50319493	SINE/MIR	553	+	108	50319385	29885
chr3	108359237	108559237	harbor2	chr3	108409991	108410215	SINE/MIR	503	+	112	108410103	50866
chr3	108359237	108559237	harbor2	chr3	108415959	108416107	SINE/MIR	405	+	74	108416033	56796
chr3	183916164	184116164	harbor2	chr3	183918356	183918561	SINE/MIR	528	+	102	183918458	2294
chr3	183916164	184116164	harbor2	chr3	183924341	183924495	SINE/MIR	520	+	77	183924418	8254
chr3	183916164	184116164	harbor2	chr3	183932535	183932681	SINE/MIR	638	+	73	183932608	16444
chr3	183916164	184116164	harbor2	chr3	183943380	183943538	SINE/MIR	568	+	79	183943459	27295
chr3	183916164	184116164	harbor2	chr3	183950824	183951084	SINE/MIR	645	+	130	183950954	34790
chr3	52045019	52245019	harbor2	chr3	52123015	52123172	SINE/MIR	432	+	78	52123093	78074
chr3	51939791	52139791	harbor2	chr3	51961400	51961605	SINE/MIR	471	+	102	51961502	21711
chr3	51939791	52139791	harbor2	chr3	51970403	51970650	SINE/MIR	650	+	124	51970527	30736
chr3	51939791	52139791	harbor2	chr3	51977369	51977588	SINE/MIR	406	+	110	51977479	37688
chr3	51939791	52139791	harbor2	chr3	51981316	51981425	SINE/MIR	415	+	54	51981370	41579
chr3	51939791	52139791	harbor2	chr3	51983723	51983926	SINE/MIR	582	+	102	51983825	44034
chr3	51939791	52139791	harbor2	chr3	52012384	52012584	SINE/MIR	416	+	100	52012484	72693
chr3	51939791	52139791	harbor2	chr3	52022281	52022457	SINE/MIR	402	+	88	52022369	82578
chr3	51939791	52139791	harbor2	chr3	52038682	52038797	SINE/MIR	419	+	58	52038740	98949
chr3	50308663	50508663	harbor2	chr3	50319277	50319493	SINE/MIR	553	+	108	50319385	10722
chr3	148724778	148924778	harbor2	chr3	148773115	148773357	SINE/MIR	560	+	121	148773236	48458
chr3	148724778	148924778	harbor2	chr3	148797067	148797253	SINE/MIR	605	+	93	148797160	72382
chr3	129875421	130075421	harbor2	chr3	129911916	129912108	SINE/MIR	646	+	96	129912012	36591
chr3	129875421	130075421	harbor2	chr3	129949335	129949488	SINE/MIR	553	+	76	129949411	73990
chr3	129875421	130075421	harbor2	chr3	129949738	129949879	SINE/MIR	463	+	70	129949808	74387
chr3	129875421	130075421	harbor2	chr3	129955671	129955821	SINE/MIR	417	+	75	129955746	80325
chr3	129875421	130075421	harbor2	chr3	129958369	129958477	SINE/MIR	521	+	54	129958423	83002
chr3	129875421	130075421	harbor2	chr3	129962735	129962952	SINE/MIR	578	+	108	129962843	87422
chr3	129875421	130075421	harbor2	chr3	129965167	129965266	SINE/MIR	455	+	50	129965217	89796
chr3	129875421	130075421	harbor2	chr3	129965576	129965659	SINE/MIR	455	+	42	129965618	90197
chr3	182693567	182893567	harbor2	chr3	182711245	182711467	SINE/MIR	778	+	111	182711356	17789
chr3	182693567	182893567	harbor2	chr3	182711500	182711686	SINE/MIR	817	+	93	182711593	18026
chr3	182693567	182893567	harbor2	chr3	182715488	182715673	SINE/MIR	585	+	92	182715580	22013
chr3	182693567	182893567	harbor2	chr3	182715974	182716006	SINE/MIR	585	+	16	182715990	22423
chr3	182693567	182893567	harbor2	chr3	182730834	182730987	SINE/MIR	452	+	76	182730910	37343
chr3	182693567	182893567	harbor2	chr3	182731187	182731243	SINE/MIR	452	+	28	182731215	37648
chr3	182693567	182893567	harbor2	chr3	182749790	182749974	SINE/MIR	592	+	92	182749882	56315
chr3	182693567	182893567	harbor2	chr3	182765715	182765970	SINE/MIR	515	+	128	182765843	72276
chr3	182693567	182893567	harbor2	chr3	182780768	182780912	SINE/MIR	518	+	72	182780840	87273
chr3	50290968	50490968	harbor2	chr3	50299972	50300194	SINE/MIR	587	+	111	50300083	9115
chr3	50290968	50490968	harbor2	chr3	50319277	50319493	SINE/MIR	553	+	108	50319385	28417
chr3	51940440	52140440	harbor2	chr3	51961400	51961605	SINE/MIR	471	+	102	51961502	21062
chr3	51940440	52140440	harbor2	chr3	51970403	51970650	SINE/MIR	650	+	124	51970527	30087
chr3	51940440	52140440	harbor2	chr3	51977369	51977588	SINE/MIR	406	+	110	51977479	37039
chr3	51940440	52140440	harbor2	chr3	51981316	51981425	SINE/MIR	415	+	54	51981370	40930
chr3	51940440	52140440	harbor2	chr3	51983723	51983926	SINE/MIR	582	+	102	51983825	43385
chr3	51940440	52140440	harbor2	chr3	52012384	52012584	SINE/MIR	416	+	100	52012484	72044
chr3	51940440	52140440	harbor2	chr3	52022281	52022457	SINE/MIR	402	+	88	52022369	81929
chr3	51940440	52140440	harbor2	chr3	52038682	52038797	SINE/MIR	419	+	58	52038740	98300
chr3	127490198	127690198	harbor2	chr3	127546435	127546612	SINE/MIR	586	+	88	127546523	56325
chr3	127490198	127690198	harbor2	chr3	127555621	127555779	SINE/MIR	678	+	79	127555700	65502
chr3	127490198	127690198	harbor2	chr3	127568009	127568191	SINE/MIR	668	+	91	127568100	77902
chr3	127490198	127690198	harbor2	chr3	127577344	127577560	SINE/MIR	488	+	108	127577452	87254
chr3	127490198	127690198	harbor2	chr3	127587480	127587631	SINE/MIR	446	+	76	127587556	97358
chr3	123518827	123718827	harbor2	chr3	123524816	123525024	SINE/MIR	407	+	104	123524920	6093
chr3	123518827	123718827	harbor2	chr3	123563509	123563613	SINE/MIR	442	+	52	123563561	44734
chr3	123518827	123718827	harbor2	chr3	123563787	123563902	SINE/MIR	442	+	58	123563845	45018
chr3	49075509	49275509	harbor2	chr3	49077608	49077819	SINE/MIR	719	+	106	49077714	2205
chr3	196218333	196418333	harbor2	chr3	196223091	196223264	SINE/MIR	478	+	86	196223177	4844
chr3	196218333	196418333	harbor2	chr3	196262185	196262420	SINE/MIR	598	+	118	196262303	43970
chr3	196218333	196418333	harbor2	chr3	196307136	196307300	SINE/MIR	465	+	82	196307218	88885
chr3	196218333	196418333	harbor2	chr3	196307603	196307669	SINE/MIR	465	+	33	196307636	89303
chr3	50288119	50488119	harbor2	chr3	50299972	50300194	SINE/MIR	587	+	111	50300083	11964
chr3	50288119	50488119	harbor2	chr3	50319277	50319493	SINE/MIR	553	+	108	50319385	31266
chr3	108053525	108253525	harbor2	chr3	108068556	108068805	SINE/MIR	664	+	124	108068680	15155
chr3	108053525	108253525	harbor2	chr3	108071445	108071693	SINE/MIR	655	+	124	108071569	18044
chr3	108053525	108253525	harbor2	chr3	108076480	108076688	SINE/MIR	435	+	104	108076584	23059
chr3	108053525	108253525	harbor2	chr3	108085264	108085492	SINE/MIR	764	+	114	108085378	31853
chr3	108053525	108253525	harbor2	chr3	108095833	108096090	SINE/MIR	653	+	128	108095961	42436
chr3	108053525	108253525	harbor2	chr3	108123242	108123384	SINE/MIR	425	+	71	108123313	69788
chr3	195800094	196000094	harbor2	chr3	195850783	195850976	SINE/MIR	606	+	96	195850879	50785
chr3	195800094	196000094	harbor2	chr3	195898271	195898421	SINE/MIR	460	+	75	195898346	98252
chr3	127581132	127781132	harbor2	chr3	127587480	127587631	SINE/MIR	446	+	76	127587556	6424
chr3	127581132	127781132	harbor2	chr3	127612802	127612970	SINE/MIR	488	+	84	127612886	31754
chr3	127581132	127781132	harbor2	chr3	127633514	127633604	SINE/MIR	407	+	45	127633559	52427
chr3	127581132	127781132	harbor2	chr3	127642795	127643035	SINE/MIR	842	+	120	127642915	61783
chr3	49072301	49272301	harbor2	chr3	49077608	49077819	SINE/MIR	719	+	106	49077714	5413
chr3	49072727	49272727	harbor2	chr3	49077608	49077819	SINE/MIR	719	+	106	49077714	4987
chr3	182297276	182497276	harbor2	chr3	182297421	182297615	SINE/MIR	553	+	97	182297518	242
chr3	182297276	182497276	harbor2	chr3	182299594	182299819	SINE/MIR	631	+	112	182299706	2430
chr3	182297276	182497276	harbor2	chr3	182305451	182305678	SINE/MIR	551	+	114	182305565	8289
chr3	182297276	182497276	harbor2	chr3	182324231	182324404	SINE/MIR	658	+	86	182324317	27041
chr3	182297276	182497276	harbor2	chr3	182325942	182326141	SINE/MIR	621	+	100	182326042	28766
chr3	182297276	182497276	harbor2	chr3	182331034	182331292	SINE/MIR	939	+	129	182331163	33887
chr3	182297276	182497276	harbor2	chr3	182377636	182377843	SINE/MIR	554	+	104	182377740	80464
chr3	182297276	182497276	harbor2	chr3	182387212	182387431	SINE/MIR	566	+	110	182387322	90046
chr3	182297276	182497276	harbor2	chr3	182388731	182388895	SINE/MIR	472	+	82	182388813	91537
chr4	832453	1032453	harbor2	chr4	926382	926614	SINE/MIR	483	+	116	926498	94045
chr4	98161348	98361348	harbor2	chr4	98186230	98186391	SINE/MIR	523	+	80	98186310	24962
chr4	98161348	98361348	harbor2	chr4	98196631	98196859	SINE/MIR	808	+	114	98196745	35397
chr4	98161348	98361348	harbor2	chr4	98198943	98199079	SINE/MIR	483	+	68	98199011	37663
chr4	98161348	98361348	harbor2	chr4	98253706	98253847	SINE/MIR	487	+	70	98253776	92428
chr4	103098506	103298506	harbor2	chr4	103101025	103101264	SINE/MIR	497	+	120	103101145	2639
chr4	103098506	103298506	harbor2	chr4	103137114	103137292	SINE/MIR	483	+	89	103137203	38697
chr4	38573365	38773365	harbor2	chr4	38590524	38590719	SINE/MIR	696	+	98	38590622	17257
chr4	38573365	38773365	harbor2	chr4	38608649	38608805	SINE/MIR	583	+	78	38608727	35362
chr4	38573365	38773365	harbor2	chr4	38609484	38609712	SINE/MIR	590	+	114	38609598	36233
chr4	38573365	38773365	harbor2	chr4	38637037	38637267	SINE/MIR	577	+	115	38637152	63787
chr4	38573365	38773365	harbor2	chr4	38645792	38645910	SINE/MIR	518	+	59	38645851	72486
chr4	38573365	38773365	harbor2	chr4	38671597	38671759	SINE/MIR	592	+	81	38671678	98313
chr4	159002962	159202962	harbor2	chr4	159089208	159089354	SINE/MIR	516	+	73	159089281	86319
chr4	176095954	176295954	harbor2	chr4	176137870	176138054	SINE/MIR	490	+	92	176137962	42008
chr4	176095954	176295954	harbor2	chr4	176162454	176162652	SINE/MIR	564	+	99	176162553	66599
chr4	55295797	55495797	harbor2	chr4	55304212	55304414	SINE/MIR	535	+	101	55304313	8516
chr4	55295797	55495797	harbor2	chr4	55320935	55321158	SINE/MIR	626	+	112	55321047	25250
chr4	911518	1111518	harbor2	chr4	926382	926614	SINE/MIR	483	+	116	926498	14980
chr4	120823311	121023311	harbor2	chr4	120825039	120825297	SINE/MIR	736	+	129	120825168	1857
chr4	120823311	121023311	harbor2	chr4	120828089	120828309	SINE/MIR	769	+	110	120828199	4888
chr4	120823311	121023311	harbor2	chr4	120858875	120859114	SINE/MIR	475	+	120	120858995	35684
chr4	8058806	8258806	harbor2	chr4	8078646	8078755	SINE/MIR	554	+	54	8078700	19894
chr4	8058806	8258806	harbor2	chr4	8098621	8098829	SINE/MIR	506	+	104	8098725	39919
chr4	8058806	8258806	harbor2	chr4	8100293	8100463	SINE/MIR	855	+	85	8100378	41572
chr4	8058806	8258806	harbor2	chr4	8132689	8132894	SINE/MIR	571	+	102	8132791	73985
chr4	120822652	121022652	harbor2	chr4	120825039	120825297	SINE/MIR	736	+	129	120825168	2516
chr4	120822652	121022652	harbor2	chr4	120828089	120828309	SINE/MIR	769	+	110	120828199	5547
chr4	120822652	121022652	harbor2	chr4	120858875	120859114	SINE/MIR	475	+	120	120858995	36343
chr4	122858241	123058241	harbor2	chr4	122876831	122877063	SINE/MIR	654	+	116	122876947	18706
chr4	122858241	123058241	harbor2	chr4	122920278	122920442	SINE/MIR	536	+	82	122920360	62119
chr4	911393	1111393	harbor2	chr4	926382	926614	SINE/MIR	483	+	116	926498	15105
chr4	103098509	103298509	harbor2	chr4	103101025	103101264	SINE/MIR	497	+	120	103101145	2636
chr4	103098509	103298509	harbor2	chr4	103137114	103137292	SINE/MIR	483	+	89	103137203	38694
chr4	103098505	103298505	harbor2	chr4	103101025	103101264	SINE/MIR	497	+	120	103101145	2640
chr4	103098505	103298505	harbor2	chr4	103137114	103137292	SINE/MIR	483	+	89	103137203	38698
chr4	145413737	145613737	harbor2	chr4	145417903	145418037	SINE/MIR	492	+	67	145417970	4233
chr4	145413737	145613737	harbor2	chr4	145470286	145470471	SINE/MIR	863	+	92	145470378	56641
chr4	145413737	145613737	harbor2	chr4	145501747	145501971	SINE/MIR	543	+	112	145501859	88122
chr4	145413737	145613737	harbor2	chr4	145508323	145508586	SINE/MIR	798	+	132	145508455	94718
chr4	6251701	6451701	harbor2	chr4	6310543	6310740	SINE/MIR	602	+	98	6310641	58940
chr4	6251701	6451701	harbor2	chr4	6318002	6318223	SINE/MIR	631	+	110	6318112	66411
chr4	6251701	6451701	harbor2	chr4	6329759	6329931	SINE/MIR	559	+	86	6329845	78144
chr4	6251701	6451701	harbor2	chr4	6349258	6349476	SINE/MIR	703	+	109	6349367	97666
chr4	103098514	103298514	harbor2	chr4	103101025	103101264	SINE/MIR	497	+	120	103101145	2631
chr4	103098514	103298514	harbor2	chr4	103137114	103137292	SINE/MIR	483	+	89	103137203	38689
chr4	17477327	17677327	harbor2	chr4	17489521	17489742	SINE/MIR	560	+	110	17489631	12304
chr4	17477327	17677327	harbor2	chr4	17506479	17506703	SINE/MIR	647	+	112	17506591	29264
chr4	17477327	17677327	harbor2	chr4	17527280	17527480	SINE/MIR	495	+	100	17527380	50053
chr4	7569422	7769422	harbor2	chr4	7625260	7625493	SINE/MIR	595	+	116	7625376	55954
chr4	7569422	7769422	harbor2	chr4	7659892	7660120	SINE/MIR	451	+	114	7660006	90584
chr4	7569422	7769422	harbor2	chr4	7660929	7661143	SINE/MIR	465	+	107	7661036	91614
chr4	144468740	144668740	harbor2	chr4	144494755	144494955	SINE/MIR	680	+	100	144494855	26115
chr4	144468740	144668740	harbor2	chr4	144517931	144518145	SINE/MIR	540	+	107	144518038	49298
chr4	144468740	144668740	harbor2	chr4	144533862	144534103	SINE/MIR	485	+	120	144533982	65242
chr4	144468740	144668740	harbor2	chr4	144549120	144549287	SINE/MIR	507	+	84	144549204	80464
chr4	144468740	144668740	harbor2	chr4	144559321	144559573	SINE/MIR	751	+	126	144559447	90707
chr4	70739668	70939668	harbor2	chr4	70780187	70780283	SINE/MIR	763	+	48	70780235	40567
chr4	70739668	70939668	harbor2	chr4	70780593	70780778	SINE/MIR	763	+	92	70780685	41017
chr4	7839706	8039706	harbor2	chr4	7906149	7906403	SINE/MIR	521	+	127	7906276	66570
chr4	7839706	8039706	harbor2	chr4	7927282	7927491	SINE/MIR	786	+	104	7927386	87680
chr4	7839706	8039706	harbor2	chr4	7929966	7930145	SINE/MIR	481	+	90	7930056	90350
chr4	871018	1071018	harbor2	chr4	926382	926614	SINE/MIR	483	+	116	926498	55480
chr4	6889753	7089753	harbor2	chr4	6970209	6970442	SINE/MIR	994	+	116	6970325	80572
chr4	911525	1111525	harbor2	chr4	926382	926614	SINE/MIR	483	+	116	926498	14973
chr4	911521	1111521	harbor2	chr4	926382	926614	SINE/MIR	483	+	116	926498	14977
chr4	86792393	86992393	harbor2	chr4	86827246	86827458	SINE/MIR	682	+	106	86827352	34959
chr4	86792393	86992393	harbor2	chr4	86833027	86833206	SINE/MIR	452	+	90	86833117	40724
chr4	86792393	86992393	harbor2	chr4	86847114	86847324	SINE/MIR	495	+	105	86847219	54826
chr4	103098758	103298758	harbor2	chr4	103101025	103101264	SINE/MIR	497	+	120	103101145	2387
chr4	103098758	103298758	harbor2	chr4	103137114	103137292	SINE/MIR	483	+	89	103137203	38445
chr4	86993241	87193241	harbor2	chr4	87062925	87063172	SINE/MIR	551	+	124	87063049	69808
chr4	867539	1067539	harbor2	chr4	926382	926614	SINE/MIR	483	+	116	926498	58959
chr4	911387	1111387	harbor2	chr4	926382	926614	SINE/MIR	483	+	116	926498	15111
chr4	3394897	3594897	harbor2	chr4	3397902	3398139	SINE/MIR	640	+	118	3398020	3123
chr4	103098495	103298495	harbor2	chr4	103101025	103101264	SINE/MIR	497	+	120	103101145	2650
chr4	103098495	103298495	harbor2	chr4	103137114	103137292	SINE/MIR	483	+	89	103137203	38708
chr4	867048	1067048	harbor2	chr4	926382	926614	SINE/MIR	483	+	116	926498	59450
chr4	76849477	77049477	harbor2	chr4	76907822	76907988	SINE/MIR	486	+	83	76907905	58428
chr4	55296360	55496360	harbor2	chr4	55304212	55304414	SINE/MIR	535	+	101	55304313	7953
chr4	55296360	55496360	harbor2	chr4	55320935	55321158	SINE/MIR	626	+	112	55321047	24687
chr5	115444451	115644451	harbor2	chr5	115454998	115455234	SINE/MIR	441	+	118	115455116	10665
chr5	115444451	115644451	harbor2	chr5	115460728	115460944	SINE/MIR	453	+	108	115460836	16385
chr5	115444451	115644451	harbor2	chr5	115461236	115461434	SINE/MIR	671	+	99	115461335	16884
chr5	115444451	115644451	harbor2	chr5	115472031	115472184	SINE/MIR	432	+	76	115472107	27656
chr5	115444451	115644451	harbor2	chr5	115472196	115472377	SINE/MIR	441	+	90	115472286	27835
chr5	115444451	115644451	harbor2	chr5	115487348	115487567	SINE/MIR	789	+	110	115487458	43007
chr5	115444451	115644451	harbor2	chr5	115507402	115507619	SINE/MIR	478	+	108	115507510	63059
chr5	87001616	87201616	harbor2	chr5	87080413	87080606	SINE/MIR	556	+	96	87080509	78893
chr5	171287646	171487646	harbor2	chr5	171288493	171288741	SINE/MIR	733	+	124	171288617	971
chr5	171287646	171487646	harbor2	chr5	171298319	171298422	SINE/MIR	446	+	52	171298371	10725
chr5	171287646	171487646	harbor2	chr5	171319613	171319833	SINE/MIR	575	+	110	171319723	32077
chr5	171287646	171487646	harbor2	chr5	171329967	171330119	SINE/MIR	420	+	76	171330043	42397
chr5	73351442	73551442	harbor2	chr5	73352058	73352290	SINE/MIR	448	+	116	73352174	732
chr5	73351442	73551442	harbor2	chr5	73401323	73401481	SINE/MIR	421	+	79	73401402	49960
chr5	73351442	73551442	harbor2	chr5	73441669	73441794	SINE/MIR	479	+	62	73441731	90289
chr5	135435988	135635988	harbor2	chr5	135456917	135457080	SINE/MIR	507	+	82	135456999	21011
chr5	135435988	135635988	harbor2	chr5	135459676	135459887	SINE/MIR	506	+	106	135459782	23794
chr5	135435988	135635988	harbor2	chr5	135464434	135464618	SINE/MIR	450	+	92	135464526	28538
chr5	135435988	135635988	harbor2	chr5	135499800	135500000	SINE/MIR	483	+	100	135499900	63912
chr5	135435988	135635988	harbor2	chr5	135507410	135507607	SINE/MIR	477	+	98	135507508	71520
chr5	135435988	135635988	harbor2	chr5	135511799	135512008	SINE/MIR	503	+	104	135511903	75915
chr5	135435988	135635988	harbor2	chr5	135512198	135512413	SINE/MIR	686	+	108	135512306	76318
chr5	135435988	135635988	harbor2	chr5	135529234	135529444	SINE/MIR	853	+	105	135529339	93351
chr5	150970772	151170772	harbor2	chr5	150975014	150975250	SINE/MIR	775	+	118	150975132	4360
chr5	150970772	151170772	harbor2	chr5	151007174	151007366	SINE/MIR	459	+	96	151007270	36498
chr5	150970772	151170772	harbor2	chr5	151009520	151009747	SINE/MIR	429	+	114	151009634	38862
chr5	150970772	151170772	harbor2	chr5	151016003	151016042	SINE/MIR	761	+	20	151016023	45251
chr5	150970772	151170772	harbor2	chr5	151016487	151016687	SINE/MIR	761	+	100	151016587	45815
chr5	150970772	151170772	harbor2	chr5	151056270	151056432	SINE/MIR	449	+	81	151056351	85579
chr5	150970772	151170772	harbor2	chr5	151070008	151070200	SINE/MIR	487	+	96	151070104	99332
chr5	73351456	73551456	harbor2	chr5	73352058	73352290	SINE/MIR	448	+	116	73352174	718
chr5	73351456	73551456	harbor2	chr5	73401323	73401481	SINE/MIR	421	+	79	73401402	49946
chr5	73351456	73551456	harbor2	chr5	73441669	73441794	SINE/MIR	479	+	62	73441731	90275
chr5	171288490	171488490	harbor2	chr5	171288493	171288741	SINE/MIR	733	+	124	171288617	127
chr5	171288490	171488490	harbor2	chr5	171298319	171298422	SINE/MIR	446	+	52	171298371	9881
chr5	171288490	171488490	harbor2	chr5	171319613	171319833	SINE/MIR	575	+	110	171319723	31233
chr5	171288490	171488490	harbor2	chr5	171329967	171330119	SINE/MIR	420	+	76	171330043	41553
chr5	41804360	42004360	harbor2	chr5	41827393	41827519	SINE/MIR	426	+	63	41827456	23096
chr5	41804360	42004360	harbor2	chr5	41837760	41837987	SINE/MIR	712	+	114	41837874	33514
chr5	41804360	42004360	harbor2	chr5	41871152	41871305	SINE/MIR	425	+	76	41871228	66868
chr5	112319140	112519140	harbor2	chr5	112331052	112331234	SINE/MIR	424	+	91	112331143	12003
chr5	112319140	112519140	harbor2	chr5	112343302	112343520	SINE/MIR	831	+	109	112343411	24271
chr5	112319140	112519140	harbor2	chr5	112354017	112354226	SINE/MIR	587	+	104	112354121	34981
chr5	134425024	134625024	harbor2	chr5	134435644	134435886	SINE/MIR	570	+	121	134435765	10741
chr5	134425024	134625024	harbor2	chr5	134437397	134437586	SINE/MIR	604	+	94	134437491	12467
chr5	134425024	134625024	harbor2	chr5	134465576	134465805	SINE/MIR	607	+	114	134465690	40666
chr5	134425024	134625024	harbor2	chr5	134522918	134523030	SINE/MIR	429	+	56	134522974	97950
chr5	134425024	134625024	harbor2	chr5	134463428	134463648	SINE/MIR	571	+	110	134463538	38514
chr5	158975488	159175488	harbor2	chr5	158987122	158987261	SINE/MIR	422	+	70	158987192	11704
chr5	158975488	159175488	harbor2	chr5	158991024	158991253	SINE/MIR	626	+	114	158991138	15650
chr5	158975488	159175488	harbor2	chr5	159001410	159001573	SINE/MIR	582	+	82	159001492	26004
chr5	158975488	159175488	harbor2	chr5	159015116	159015267	SINE/MIR	469	+	76	159015192	39704
chr5	158975488	159175488	harbor2	chr5	159035506	159035673	SINE/MIR	496	+	84	159035590	60102
chr5	158975488	159175488	harbor2	chr5	159053111	159053310	SINE/MIR	857	+	100	159053211	77723
chr5	158975488	159175488	harbor2	chr5	159057588	159057757	SINE/MIR	592	+	84	159057672	82184
chr5	158975488	159175488	harbor2	chr5	159075046	159075180	SINE/MIR	435	+	67	159075113	99625
chr5	6533324	6733324	harbor2	chr5	6622388	6622565	SINE/MIR	542	+	88	6622476	89152
chr5	6533324	6733324	harbor2	chr5	6622874	6622929	SINE/MIR	542	+	28	6622902	89578
chr5	135980728	136180728	harbor2	chr5	135995831	135996027	SINE/MIR	499	+	98	135995929	15201
chr5	135980728	136180728	harbor2	chr5	136016960	136017160	SINE/MIR	550	+	100	136017060	36332
chr5	135980728	136180728	harbor2	chr5	136021734	136021970	SINE/MIR	761	+	118	136021852	41124
chr5	135980728	136180728	harbor2	chr5	136034316	136034543	SINE/MIR	623	+	114	136034430	53702
chr5	135980728	136180728	harbor2	chr5	136060076	136060306	SINE/MIR	510	+	115	136060191	79463
chr5	135980728	136180728	harbor2	chr5	136064430	136064571	SINE/MIR	451	+	70	136064500	83772
chr5	171287662	171487662	harbor2	chr5	171288493	171288741	SINE/MIR	733	+	124	171288617	955
chr5	171287662	171487662	harbor2	chr5	171298319	171298422	SINE/MIR	446	+	52	171298371	10709
chr5	171287662	171487662	harbor2	chr5	171319613	171319833	SINE/MIR	575	+	110	171319723	32061
chr5	171287662	171487662	harbor2	chr5	171329967	171330119	SINE/MIR	420	+	76	171330043	42381
chr5	76930492	77130492	harbor2	chr5	76971149	76971289	SINE/MIR	473	+	70	76971219	40727
chr5	76930492	77130492	harbor2	chr5	77010882	77010974	SINE/MIR	511	+	46	77010928	80436
chr5	76930492	77130492	harbor2	chr5	77017010	77017151	SINE/MIR	1008	+	70	77017080	86588
chr5	76930492	77130492	harbor2	chr5	77017186	77017261	SINE/MIR	1008	+	38	77017224	86732
chr5	133511231	133711231	harbor2	chr5	133555343	133555550	SINE/MIR	511	+	104	133555447	44216
chr5	133511231	133711231	harbor2	chr5	133575337	133575496	SINE/MIR	494	+	80	133575417	64186
chr5	133511231	133711231	harbor2	chr5	133589797	133590022	SINE/MIR	510	+	112	133589909	78678
chr5	133511231	133711231	harbor2	chr5	133604077	133604255	SINE/MIR	588	+	89	133604166	92935
chr5	73351450	73551450	harbor2	chr5	73352058	73352290	SINE/MIR	448	+	116	73352174	724
chr5	73351450	73551450	harbor2	chr5	73401323	73401481	SINE/MIR	421	+	79	73401402	49952
chr5	73351450	73551450	harbor2	chr5	73441669	73441794	SINE/MIR	479	+	62	73441731	90281
chr5	154684770	154884770	harbor2	chr5	154684629	154684862	SINE/MIR	450	+	116	154684745	25
chr5	154684770	154884770	harbor2	chr5	154691288	154691384	SINE/MIR	481	+	48	154691336	6566
chr5	154684770	154884770	harbor2	chr5	154692271	154692448	SINE/MIR	499	+	88	154692359	7589
chr5	154684770	154884770	harbor2	chr5	154713159	154713306	SINE/MIR	461	+	74	154713233	28463
chr5	154684770	154884770	harbor2	chr5	154744589	154744616	SINE/MIR	498	+	14	154744603	59833
chr5	154684770	154884770	harbor2	chr5	154745226	154745372	SINE/MIR	498	+	73	154745299	60529
chr5	154684770	154884770	harbor2	chr5	154746513	154746682	SINE/MIR	444	+	84	154746597	61827
chr5	154684770	154884770	harbor2	chr5	154751399	154751509	SINE/MIR	433	+	55	154751454	66684
chr5	154684770	154884770	harbor2	chr5	154752129	154752230	SINE/MIR	446	+	50	154752179	67409
chr5	154684770	154884770	harbor2	chr5	154752543	154752648	SINE/MIR	446	+	52	154752595	67825
chr5	154684770	154884770	harbor2	chr5	154759052	154759249	SINE/MIR	698	+	98	154759150	74380
chr5	154684770	154884770	harbor2	chr5	154783547	154783778	SINE/MIR	740	+	116	154783663	98893
chr5	154684770	154884770	harbor2	chr5	154713962	154714163	SINE/MIR	614	+	100	154714062	29292
chr5	14760188	14960188	harbor2	chr5	14834136	14834281	SINE/MIR	464	+	72	14834208	74020
chr5	14760188	14960188	harbor2	chr5	14834820	14834964	SINE/MIR	477	+	72	14834892	74704
chr5	42530223	42730223	harbor2	chr5	42550169	42550368	SINE/MIR	433	+	100	42550269	20046
chr5	42530223	42730223	harbor2	chr5	42555487	42555693	SINE/MIR	430	+	103	42555590	25367
chr5	42530223	42730223	harbor2	chr5	42585850	42586107	SINE/MIR	903	+	128	42585978	55755
chr5	42530223	42730223	harbor2	chr5	42608006	42608245	SINE/MIR	448	+	120	42608126	77903
chr5	178021742	178221742	harbor2	chr5	178080653	178080862	SINE/MIR	615	+	104	178080757	59015
chr5	178021742	178221742	harbor2	chr5	178115034	178115218	SINE/MIR	599	+	92	178115126	93384
chr5	132222297	132422297	harbor2	chr5	132224182	132224427	SINE/MIR	601	+	122	132224304	2007
chr5	132222297	132422297	harbor2	chr5	132319481	132319583	SINE/MIR	419	+	51	132319532	97235
chr5	132222297	132422297	harbor2	chr5	132319891	132319997	SINE/MIR	419	+	53	132319944	97647
chr5	73354563	73554563	harbor2	chr5	73401323	73401481	SINE/MIR	421	+	79	73401402	46839
chr5	73354563	73554563	harbor2	chr5	73441669	73441794	SINE/MIR	479	+	62	73441731	87168
chr5	78418676	78618676	harbor2	chr5	78443274	78443450	SINE/MIR	570	+	88	78443362	24686
chr5	78418676	78618676	harbor2	chr5	78458942	78459185	SINE/MIR	840	+	122	78459064	40388
chr5	78418676	78618676	harbor2	chr5	78483168	78483395	SINE/MIR	505	+	114	78483282	64606
chr5	78418676	78618676	harbor2	chr5	78511913	78512103	SINE/MIR	443	+	95	78512008	93332
chr5	79137556	79337556	harbor2	chr5	79176511	79176753	SINE/MIR	988	+	121	79176632	39076
chr5	79137556	79337556	harbor2	chr5	79194680	79194827	SINE/MIR	485	+	74	79194754	57198
chr5	73351449	73551449	harbor2	chr5	73352058	73352290	SINE/MIR	448	+	116	73352174	725
chr5	73351449	73551449	harbor2	chr5	73401323	73401481	SINE/MIR	421	+	79	73401402	49953
chr5	73351449	73551449	harbor2	chr5	73441669	73441794	SINE/MIR	479	+	62	73441731	90282
chr5	6617520	6817520	harbor2	chr5	6622388	6622565	SINE/MIR	542	+	88	6622476	4956
chr5	6617520	6817520	harbor2	chr5	6622874	6622929	SINE/MIR	542	+	28	6622902	5382
chr5	6617520	6817520	harbor2	chr5	6650953	6651064	SINE/MIR	426	+	56	6651009	33489
chr5	6630162	6830162	harbor2	chr5	6650953	6651064	SINE/MIR	426	+	56	6651009	20847
chr5	10527792	10727792	harbor2	chr5	10531463	10531604	SINE/MIR	470	+	70	10531533	3741
chr5	73351437	73551437	harbor2	chr5	73352058	73352290	SINE/MIR	448	+	116	73352174	737
chr5	73351437	73551437	harbor2	chr5	73401323	73401481	SINE/MIR	421	+	79	73401402	49965
chr5	73351437	73551437	harbor2	chr5	73441669	73441794	SINE/MIR	479	+	62	73441731	90294
chr5	94829534	95029534	harbor2	chr5	94837066	94837095	SINE/MIR	691	+	14	94837080	7546
chr5	94829534	95029534	harbor2	chr5	94837404	94837620	SINE/MIR	691	+	108	94837512	7978
chr5	94829534	95029534	harbor2	chr5	94839697	94839910	SINE/MIR	537	+	106	94839803	10269
chr5	94829534	95029534	harbor2	chr5	94865778	94865952	SINE/MIR	837	+	87	94865865	36331
chr5	94829534	95029534	harbor2	chr5	94881567	94881797	SINE/MIR	637	+	115	94881682	52148
chr5	94829534	95029534	harbor2	chr5	94900702	94900926	SINE/MIR	482	+	112	94900814	71280
chr5	94829534	95029534	harbor2	chr5	94904235	94904433	SINE/MIR	423	+	99	94904334	74800
chr5	37741093	37941093	harbor2	chr5	37753070	37753317	SINE/MIR	493	+	124	37753194	12101
chr5	37741093	37941093	harbor2	chr5	37767600	37767825	SINE/MIR	521	+	112	37767712	26619
chr5	37741093	37941093	harbor2	chr5	37773222	37773361	SINE/MIR	454	+	70	37773292	32199
chr5	37741093	37941093	harbor2	chr5	37826121	37826283	SINE/MIR	414	+	81	37826202	85109
chr5	37741093	37941093	harbor2	chr5	37828593	37828737	SINE/MIR	469	+	72	37828665	87572
chr5	135008272	135208272	harbor2	chr5	135024844	135025062	SINE/MIR	658	+	109	135024953	16681
chr5	135008272	135208272	harbor2	chr5	135041641	135041870	SINE/MIR	523	+	114	135041755	33483
chr5	135008272	135208272	harbor2	chr5	135066300	135066460	SINE/MIR	573	+	80	135066380	58108
chr5	135008272	135208272	harbor2	chr5	135091816	135091982	SINE/MIR	619	+	83	135091899	83627
chr5	135008272	135208272	harbor2	chr5	135094129	135094334	SINE/MIR	730	+	102	135094231	85959
chr5	135008272	135208272	harbor2	chr5	135096530	135096662	SINE/MIR	513	+	66	135096596	88324
chr5	10661105	10861105	harbor2	chr5	10669745	10669896	SINE/MIR	458	+	76	10669821	8716
chr5	10661105	10861105	harbor2	chr5	10694202	10694361	SINE/MIR	427	+	80	10694282	33177
chr5	10661105	10861105	harbor2	chr5	10744609	10744817	SINE/MIR	536	+	104	10744713	83608
chr5	10661105	10861105	harbor2	chr5	10752713	10752892	SINE/MIR	563	+	90	10752803	91698
chr5	147722928	147922928	harbor2	chr5	147729860	147730113	SINE/MIR	761	+	126	147729986	7058
chr5	147722928	147922928	harbor2	chr5	147748101	147748345	SINE/MIR	617	+	122	147748223	25295
chr5	147722928	147922928	harbor2	chr5	147749911	147750063	SINE/MIR	448	+	76	147749987	27059
chr5	147722928	147922928	harbor2	chr5	147757511	147757740	SINE/MIR	491	+	114	147757625	34697
chr5	147722928	147922928	harbor2	chr5	147764011	147764174	SINE/MIR	544	+	82	147764093	41165
chr5	147722928	147922928	harbor2	chr5	147772747	147772962	SINE/MIR	457	+	108	147772855	49927
chr5	147722928	147922928	harbor2	chr5	147784147	147784368	SINE/MIR	603	+	110	147784257	61329
chr5	147722928	147922928	harbor2	chr5	147786023	147786197	SINE/MIR	640	+	87	147786110	63182
chr5	178133234	178333234	harbor2	chr5	178136075	178136327	SINE/MIR	972	+	126	178136201	2967
chr5	10661095	10861095	harbor2	chr5	10669745	10669896	SINE/MIR	458	+	76	10669821	8726
chr5	10661095	10861095	harbor2	chr5	10694202	10694361	SINE/MIR	427	+	80	10694282	33187
chr5	10661095	10861095	harbor2	chr5	10744609	10744817	SINE/MIR	536	+	104	10744713	83618
chr5	10661095	10861095	harbor2	chr5	10752713	10752892	SINE/MIR	563	+	90	10752803	91708
chr5	9115023	9315023	harbor2	chr5	9130477	9130701	SINE/MIR	439	+	112	9130589	15566
chr5	73354693	73554693	harbor2	chr5	73401323	73401481	SINE/MIR	421	+	79	73401402	46709
chr5	73354693	73554693	harbor2	chr5	73441669	73441794	SINE/MIR	479	+	62	73441731	87038
chr5	79345178	79545178	harbor2	chr5	79366110	79366273	SINE/MIR	451	+	82	79366192	21014
chr5	79345178	79545178	harbor2	chr5	79395020	79395231	SINE/MIR	503	+	106	79395126	49948
chr5	79345178	79545178	harbor2	chr5	79395771	79395915	SINE/MIR	492	+	72	79395843	50665
chr5	79345178	79545178	harbor2	chr5	79415817	79416003	SINE/MIR	613	+	93	79415910	70732
chr5	75136870	75336870	harbor2	chr5	75149563	75149797	SINE/MIR	591	+	117	75149680	12810
chr5	75136870	75336870	harbor2	chr5	75192453	75192624	SINE/MIR	513	+	86	75192539	55669
chr5	10661799	10861799	harbor2	chr5	10669745	10669896	SINE/MIR	458	+	76	10669821	8022
chr5	10661799	10861799	harbor2	chr5	10694202	10694361	SINE/MIR	427	+	80	10694282	32483
chr5	10661799	10861799	harbor2	chr5	10744609	10744817	SINE/MIR	536	+	104	10744713	82914
chr5	10661799	10861799	harbor2	chr5	10752713	10752892	SINE/MIR	563	+	90	10752803	91004
chr5	143113893	143313893	harbor2	chr5	143113900	143114092	SINE/MIR	509	+	96	143113996	103
chr5	143113893	143313893	harbor2	chr5	143129528	143129736	SINE/MIR	537	+	104	143129632	15739
chr5	143113893	143313893	harbor2	chr5	143134779	143134912	SINE/MIR	475	+	66	143134845	20952
chr5	143113893	143313893	harbor2	chr5	143135134	143135359	SINE/MIR	585	+	112	143135246	21353
chr5	143113893	143313893	harbor2	chr5	143140295	143140547	SINE/MIR	774	+	126	143140421	26528
chr5	143113893	143313893	harbor2	chr5	143157874	143158058	SINE/MIR	419	+	92	143157966	44073
chr5	143113893	143313893	harbor2	chr5	143165468	143165559	SINE/MIR	599	+	46	143165514	51621
chr5	143113893	143313893	harbor2	chr5	143165837	143165988	SINE/MIR	599	+	76	143165913	52020
chr5	132010466	132210466	harbor2	chr5	132057727	132057946	SINE/MIR	534	+	110	132057837	47371
chr5	132010466	132210466	harbor2	chr5	132061036	132061208	SINE/MIR	593	+	86	132061122	50656
chr5	73351468	73551468	harbor2	chr5	73352058	73352290	SINE/MIR	448	+	116	73352174	706
chr5	73351468	73551468	harbor2	chr5	73401323	73401481	SINE/MIR	421	+	79	73401402	49934
chr5	73351468	73551468	harbor2	chr5	73441669	73441794	SINE/MIR	479	+	62	73441731	90263
chr5	134446054	134646054	harbor2	chr5	134465576	134465805	SINE/MIR	607	+	114	134465690	19636
chr5	134446054	134646054	harbor2	chr5	134522918	134523030	SINE/MIR	429	+	56	134522974	76920
chr5	134446054	134646054	harbor2	chr5	134529401	134529646	SINE/MIR	461	+	122	134529523	83469
chr5	134446054	134646054	harbor2	chr5	134463428	134463648	SINE/MIR	571	+	110	134463538	17484
chr5	135443984	135643984	harbor2	chr5	135456917	135457080	SINE/MIR	507	+	82	135456999	13015
chr5	135443984	135643984	harbor2	chr5	135459676	135459887	SINE/MIR	506	+	106	135459782	15798
chr5	135443984	135643984	harbor2	chr5	135464434	135464618	SINE/MIR	450	+	92	135464526	20542
chr5	135443984	135643984	harbor2	chr5	135499800	135500000	SINE/MIR	483	+	100	135499900	55916
chr5	135443984	135643984	harbor2	chr5	135507410	135507607	SINE/MIR	477	+	98	135507508	63524
chr5	135443984	135643984	harbor2	chr5	135511799	135512008	SINE/MIR	503	+	104	135511903	67919
chr5	135443984	135643984	harbor2	chr5	135512198	135512413	SINE/MIR	686	+	108	135512306	68322
chr5	135443984	135643984	harbor2	chr5	135529234	135529444	SINE/MIR	853	+	105	135529339	85355
chr5	135443984	135643984	harbor2	chr5	135536367	135536547	SINE/MIR	447	+	90	135536457	92473
chr5	132394503	132594503	harbor2	chr5	132405822	132406054	SINE/MIR	544	+	116	132405938	11435
chr5	132394503	132594503	harbor2	chr5	132408812	132409048	SINE/MIR	483	+	118	132408930	14427
chr5	132394503	132594503	harbor2	chr5	132424450	132424686	SINE/MIR	650	+	118	132424568	30065
chr5	132394503	132594503	harbor2	chr5	132425477	132425731	SINE/MIR	558	+	127	132425604	31101
chr5	132394503	132594503	harbor2	chr5	132445119	132445282	SINE/MIR	576	+	82	132445201	50698
chr5	132394503	132594503	harbor2	chr5	132450849	132451063	SINE/MIR	569	+	107	132450956	56453
chr5	132394503	132594503	harbor2	chr5	132471602	132471794	SINE/MIR	628	+	96	132471698	77195
chr5	132394503	132594503	harbor2	chr5	132488648	132488893	SINE/MIR	714	+	122	132488770	94267
chr5	132394503	132594503	harbor2	chr5	132493626	132493832	SINE/MIR	516	+	103	132493729	99226
chr5	133511227	133711227	harbor2	chr5	133555343	133555550	SINE/MIR	511	+	104	133555447	44220
chr5	133511227	133711227	harbor2	chr5	133575337	133575496	SINE/MIR	494	+	80	133575417	64190
chr5	133511227	133711227	harbor2	chr5	133589797	133590022	SINE/MIR	510	+	112	133589909	78682
chr5	133511227	133711227	harbor2	chr5	133604077	133604255	SINE/MIR	588	+	89	133604166	92939
chr5	9115156	9315156	harbor2	chr5	9130477	9130701	SINE/MIR	439	+	112	9130589	15433
chr5	73354567	73554567	harbor2	chr5	73401323	73401481	SINE/MIR	421	+	79	73401402	46835
chr5	73354567	73554567	harbor2	chr5	73441669	73441794	SINE/MIR	479	+	62	73441731	87164
chr5	171288520	171488520	harbor2	chr5	171288493	171288741	SINE/MIR	733	+	124	171288617	97
chr5	171288520	171488520	harbor2	chr5	171298319	171298422	SINE/MIR	446	+	52	171298371	9851
chr5	171288520	171488520	harbor2	chr5	171319613	171319833	SINE/MIR	575	+	110	171319723	31203
chr5	171288520	171488520	harbor2	chr5	171329967	171330119	SINE/MIR	420	+	76	171330043	41523
chr5	135009155	135209155	harbor2	chr5	135024844	135025062	SINE/MIR	658	+	109	135024953	15798
chr5	135009155	135209155	harbor2	chr5	135041641	135041870	SINE/MIR	523	+	114	135041755	32600
chr5	135009155	135209155	harbor2	chr5	135066300	135066460	SINE/MIR	573	+	80	135066380	57225
chr5	135009155	135209155	harbor2	chr5	135091816	135091982	SINE/MIR	619	+	83	135091899	82744
chr5	135009155	135209155	harbor2	chr5	135094129	135094334	SINE/MIR	730	+	102	135094231	85076
chr5	135009155	135209155	harbor2	chr5	135096530	135096662	SINE/MIR	513	+	66	135096596	87441
chr5	134461279	134661279	harbor2	chr5	134465576	134465805	SINE/MIR	607	+	114	134465690	4411
chr5	134461279	134661279	harbor2	chr5	134522918	134523030	SINE/MIR	429	+	56	134522974	61695
chr5	134461279	134661279	harbor2	chr5	134529401	134529646	SINE/MIR	461	+	122	134529523	68244
chr5	134461279	134661279	harbor2	chr5	134548266	134548488	SINE/MIR	511	+	111	134548377	87098
chr5	134461279	134661279	harbor2	chr5	134552374	134552640	SINE/MIR	646	+	133	134552507	91228
chr5	134461279	134661279	harbor2	chr5	134463428	134463648	SINE/MIR	571	+	110	134463538	2259
chr5	135034308	135234308	harbor2	chr5	135041641	135041870	SINE/MIR	523	+	114	135041755	7447
chr5	135034308	135234308	harbor2	chr5	135066300	135066460	SINE/MIR	573	+	80	135066380	32072
chr5	135034308	135234308	harbor2	chr5	135091816	135091982	SINE/MIR	619	+	83	135091899	57591
chr5	135034308	135234308	harbor2	chr5	135094129	135094334	SINE/MIR	730	+	102	135094231	59923
chr5	135034308	135234308	harbor2	chr5	135096530	135096662	SINE/MIR	513	+	66	135096596	62288
chr5	135034308	135234308	harbor2	chr5	135111826	135112055	SINE/MIR	882	+	114	135111940	77632
chr5	135034308	135234308	harbor2	chr5	135119584	135119819	SINE/MIR	857	+	118	135119702	85394
chr5	135034308	135234308	harbor2	chr5	135125003	135125256	SINE/MIR	829	+	126	135125129	90821
chr5	53009476	53209476	harbor2	chr5	53034952	53035091	SINE/MIR	439	+	70	53035022	25546
chr5	168386830	168586830	harbor2	chr5	168390028	168390282	SINE/MIR	871	+	127	168390155	3325
chr5	168386830	168586830	harbor2	chr5	168421645	168421818	SINE/MIR	449	+	86	168421731	34901
chr5	168386830	168586830	harbor2	chr5	168432078	168432303	SINE/MIR	639	+	112	168432190	45360
chr5	168386830	168586830	harbor2	chr5	168443517	168443723	SINE/MIR	465	+	103	168443620	56790
chr5	168386830	168586830	harbor2	chr5	168454323	168454474	SINE/MIR	628	+	76	168454399	67569
chr5	73405863	73605863	harbor2	chr5	73441669	73441794	SINE/MIR	479	+	62	73441731	35868
chr5	73405863	73605863	harbor2	chr5	73493501	73493746	SINE/MIR	1000	+	122	73493623	87760
chr5	177412942	177612942	harbor2	chr5	177435483	177435724	SINE/MIR	507	+	120	177435603	22661
chr5	177412942	177612942	harbor2	chr5	177453007	177453159	SINE/MIR	485	+	76	177453083	40141
chr5	177412942	177612942	harbor2	chr5	177476467	177476655	SINE/MIR	537	+	94	177476561	63619
chr5	177412942	177612942	harbor2	chr5	177478990	177479117	SINE/MIR	459	+	64	177479054	66112
chr5	78833634	79033634	harbor2	chr5	78886969	78887096	SINE/MIR	481	+	64	78887033	53399
chr5	78833634	79033634	harbor2	chr5	78887519	78887613	SINE/MIR	481	+	47	78887566	53932
chr5	78833634	79033634	harbor2	chr5	78932568	78932796	SINE/MIR	640	+	114	78932682	99048
chr5	137654191	137854191	harbor2	chr5	137654322	137654496	SINE/MIR	425	+	87	137654409	218
chr5	137654191	137854191	harbor2	chr5	137656790	137657004	SINE/MIR	731	+	107	137656897	2706
chr5	137654191	137854191	harbor2	chr5	137658494	137658601	SINE/MIR	448	+	54	137658548	4357
chr5	137654191	137854191	harbor2	chr5	137661149	137661340	SINE/MIR	413	+	96	137661245	7054
chr5	137654191	137854191	harbor2	chr5	137671503	137671671	SINE/MIR	474	+	84	137671587	17396
chr5	137654191	137854191	harbor2	chr5	137676874	137677026	SINE/MIR	472	+	76	137676950	22759
chr5	137654191	137854191	harbor2	chr5	137684077	137684299	SINE/MIR	571	+	111	137684188	29997
chr5	137654191	137854191	harbor2	chr5	137688641	137688850	SINE/MIR	467	+	104	137688745	34554
chr5	137654191	137854191	harbor2	chr5	137696394	137696587	SINE/MIR	746	+	96	137696490	42299
chr5	137654191	137854191	harbor2	chr5	137696660	137696856	SINE/MIR	565	+	98	137696758	42567
chr5	137654191	137854191	harbor2	chr5	137698047	137698236	SINE/MIR	546	+	94	137698141	43950
chr5	137654191	137854191	harbor2	chr5	137741829	137742042	SINE/MIR	555	+	106	137741935	87744
chr5	6613124	6813124	harbor2	chr5	6622388	6622565	SINE/MIR	542	+	88	6622476	9352
chr5	6613124	6813124	harbor2	chr5	6622874	6622929	SINE/MIR	542	+	28	6622902	9778
chr5	6613124	6813124	harbor2	chr5	6650953	6651064	SINE/MIR	426	+	56	6651009	37885
chr5	132774151	132974151	harbor2	chr5	132786666	132786898	SINE/MIR	847	+	116	132786782	12631
chr5	132774151	132974151	harbor2	chr5	132839218	132839441	SINE/MIR	451	+	112	132839330	65179
chr5	10762842	10962842	harbor2	chr5	10766874	10767038	SINE/MIR	420	+	82	10766956	4114
chr5	10762842	10962842	harbor2	chr5	10776308	10776522	SINE/MIR	592	+	107	10776415	13573
chr5	10762842	10962842	harbor2	chr5	10785464	10785601	SINE/MIR	466	+	68	10785532	22690
chr5	10762842	10962842	harbor2	chr5	10788885	10789147	SINE/MIR	479	+	131	10789016	26174
chr5	10762842	10962842	harbor2	chr5	10819088	10819299	SINE/MIR	567	+	106	10819194	56352
chr5	10762842	10962842	harbor2	chr5	10832175	10832418	SINE/MIR	554	+	122	10832297	69455
chr5	133166465	133366465	harbor2	chr5	133191578	133191764	SINE/MIR	487	+	93	133191671	25206
chr5	133511241	133711241	harbor2	chr5	133555343	133555550	SINE/MIR	511	+	104	133555447	44206
chr5	133511241	133711241	harbor2	chr5	133575337	133575496	SINE/MIR	494	+	80	133575417	64176
chr5	133511241	133711241	harbor2	chr5	133589797	133590022	SINE/MIR	510	+	112	133589909	78668
chr5	133511241	133711241	harbor2	chr5	133604077	133604255	SINE/MIR	588	+	89	133604166	92925
chr5	135088316	135288316	harbor2	chr5	135091816	135091982	SINE/MIR	619	+	83	135091899	3583
chr5	135088316	135288316	harbor2	chr5	135094129	135094334	SINE/MIR	730	+	102	135094231	5915
chr5	135088316	135288316	harbor2	chr5	135096530	135096662	SINE/MIR	513	+	66	135096596	8280
chr5	135088316	135288316	harbor2	chr5	135111826	135112055	SINE/MIR	882	+	114	135111940	23624
chr5	135088316	135288316	harbor2	chr5	135119584	135119819	SINE/MIR	857	+	118	135119702	31386
chr5	135088316	135288316	harbor2	chr5	135125003	135125256	SINE/MIR	829	+	126	135125129	36813
chr5	135088316	135288316	harbor2	chr5	135153364	135153582	SINE/MIR	741	+	109	135153473	65157
chr5	135088316	135288316	harbor2	chr5	135159445	135159618	SINE/MIR	505	+	86	135159531	71215
chr5	135088316	135288316	harbor2	chr5	135172615	135172774	SINE/MIR	457	+	80	135172695	84379
chr5	135088316	135288316	harbor2	chr5	135178197	135178364	SINE/MIR	722	+	84	135178281	89965
chr5	135088316	135288316	harbor2	chr5	135183036	135183161	SINE/MIR	769	+	62	135183098	94782
chr5	135088316	135288316	harbor2	chr5	135183472	135183559	SINE/MIR	769	+	44	135183516	95200
chr5	37740773	37940773	harbor2	chr5	37753070	37753317	SINE/MIR	493	+	124	37753194	12421
chr5	37740773	37940773	harbor2	chr5	37767600	37767825	SINE/MIR	521	+	112	37767712	26939
chr5	37740773	37940773	harbor2	chr5	37773222	37773361	SINE/MIR	454	+	70	37773292	32519
chr5	37740773	37940773	harbor2	chr5	37826121	37826283	SINE/MIR	414	+	81	37826202	85429
chr5	37740773	37940773	harbor2	chr5	37828593	37828737	SINE/MIR	469	+	72	37828665	87892
chr5	171288579	171488579	harbor2	chr5	171288493	171288741	SINE/MIR	733	+	124	171288617	38
chr5	171288579	171488579	harbor2	chr5	171298319	171298422	SINE/MIR	446	+	52	171298371	9792
chr5	171288579	171488579	harbor2	chr5	171319613	171319833	SINE/MIR	575	+	110	171319723	31144
chr5	171288579	171488579	harbor2	chr5	171329967	171330119	SINE/MIR	420	+	76	171330043	41464
chr5	73351413	73551413	harbor2	chr5	73352058	73352290	SINE/MIR	448	+	116	73352174	761
chr5	73351413	73551413	harbor2	chr5	73401323	73401481	SINE/MIR	421	+	79	73401402	49989
chr5	73351413	73551413	harbor2	chr5	73441669	73441794	SINE/MIR	479	+	62	73441731	90318
chr5	135018132	135218132	harbor2	chr5	135024844	135025062	SINE/MIR	658	+	109	135024953	6821
chr5	135018132	135218132	harbor2	chr5	135041641	135041870	SINE/MIR	523	+	114	135041755	23623
chr5	135018132	135218132	harbor2	chr5	135066300	135066460	SINE/MIR	573	+	80	135066380	48248
chr5	135018132	135218132	harbor2	chr5	135091816	135091982	SINE/MIR	619	+	83	135091899	73767
chr5	135018132	135218132	harbor2	chr5	135094129	135094334	SINE/MIR	730	+	102	135094231	76099
chr5	135018132	135218132	harbor2	chr5	135096530	135096662	SINE/MIR	513	+	66	135096596	78464
chr5	135018132	135218132	harbor2	chr5	135111826	135112055	SINE/MIR	882	+	114	135111940	93808
chr5	50869990	51069990	harbor2	chr5	50903246	50903470	SINE/MIR	714	+	112	50903358	33368
chr5	50869990	51069990	harbor2	chr5	50911557	50911739	SINE/MIR	816	+	91	50911648	41658
chr5	50869990	51069990	harbor2	chr5	50933826	50934002	SINE/MIR	420	+	88	50933914	63924
chr5	50869990	51069990	harbor2	chr5	50955810	50955942	SINE/MIR	425	+	66	50955876	85886
chr5	6533029	6733029	harbor2	chr5	6622388	6622565	SINE/MIR	542	+	88	6622476	89447
chr5	6533029	6733029	harbor2	chr5	6622874	6622929	SINE/MIR	542	+	28	6622902	89873
chr5	139797098	139997098	harbor2	chr5	139823533	139823739	SINE/MIR	556	+	103	139823636	26538
chr5	139797098	139997098	harbor2	chr5	139833206	139833442	SINE/MIR	795	+	118	139833324	36226
chr5	139797098	139997098	harbor2	chr5	139853248	139853393	SINE/MIR	439	+	72	139853320	56222
chr5	139797098	139997098	harbor2	chr5	139889731	139889960	SINE/MIR	789	+	114	139889845	92747
chr5	53460613	53660613	harbor2	chr5	53489807	53490015	SINE/MIR	534	+	104	53489911	29298
chr5	53460613	53660613	harbor2	chr5	53551237	53551436	SINE/MIR	412	+	100	53551337	90724
chr6	7720332	7920332	harbor2	chr6	7748118	7748317	SINE/MIR	539	+	100	7748218	27886
chr6	147104110	147304110	harbor2	chr6	147115238	147115479	SINE/MIR	787	+	120	147115358	11248
chr6	147104110	147304110	harbor2	chr6	147119683	147119902	SINE/MIR	622	+	110	147119793	15683
chr6	147104110	147304110	harbor2	chr6	147139301	147139554	SINE/MIR	564	+	126	147139427	35317
chr6	147104110	147304110	harbor2	chr6	147173518	147173671	SINE/MIR	738	+	76	147173594	69484
chr6	7626958	7826958	harbor2	chr6	7679407	7679571	SINE/MIR	457	+	82	7679489	52531
chr6	125225390	125425390	harbor2	chr6	125253913	125254105	SINE/MIR	474	+	96	125254009	28619
chr6	125225390	125425390	harbor2	chr6	125295370	125295609	SINE/MIR	829	+	120	125295490	70100
chr6	37071463	37271463	harbor2	chr6	37073775	37073980	SINE/MIR	562	+	102	37073877	2414
chr6	37071463	37271463	harbor2	chr6	37097981	37098119	SINE/MIR	653	+	69	37098050	26587
chr6	37071463	37271463	harbor2	chr6	37098704	37098801	SINE/MIR	653	+	48	37098752	27289
chr6	37071463	37271463	harbor2	chr6	37103905	37104048	SINE/MIR	513	+	72	37103977	32514
chr6	37071463	37271463	harbor2	chr6	37104872	37105103	SINE/MIR	456	+	116	37104988	33525
chr6	37071463	37271463	harbor2	chr6	37109844	37110107	SINE/MIR	910	+	132	37109976	38513
chr6	37071463	37271463	harbor2	chr6	37116371	37116622	SINE/MIR	587	+	126	37116497	45034
chr6	37071463	37271463	harbor2	chr6	37119320	37119542	SINE/MIR	576	+	111	37119431	47968
chr6	37071463	37271463	harbor2	chr6	37129909	37129993	SINE/MIR	481	+	42	37129951	58488
chr6	37071463	37271463	harbor2	chr6	37130127	37130257	SINE/MIR	481	+	65	37130192	58729
chr6	37071463	37271463	harbor2	chr6	37130707	37130847	SINE/MIR	625	+	70	37130777	59314
chr6	37071463	37271463	harbor2	chr6	37131865	37132083	SINE/MIR	756	+	109	37131974	60511
chr6	37071463	37271463	harbor2	chr6	37132144	37132292	SINE/MIR	486	+	74	37132218	60755
chr6	37071463	37271463	harbor2	chr6	37135208	37135363	SINE/MIR	459	+	78	37135286	63823
chr6	37071463	37271463	harbor2	chr6	37162910	37163074	SINE/MIR	595	+	82	37162992	91529
chr6	32870211	33070211	harbor2	chr6	32933971	32934127	SINE/MIR	550	+	78	32934049	63838
chr6	32870211	33070211	harbor2	chr6	32952645	32952778	SINE/MIR	450	+	66	32952711	82500
chr6	32870211	33070211	harbor2	chr6	32964321	32964389	SINE/MIR	720	+	34	32964355	94144
chr6	32870211	33070211	harbor2	chr6	32965067	32965204	SINE/MIR	720	+	68	32965135	94924
chr6	118834580	119034580	harbor2	chr6	118857346	118857590	SINE/MIR	481	+	122	118857468	22888
chr6	118834580	119034580	harbor2	chr6	118898079	118898300	SINE/MIR	444	+	110	118898189	63609
chr6	118834580	119034580	harbor2	chr6	118914798	118915046	SINE/MIR	843	+	124	118914922	80342
chr6	118834580	119034580	harbor2	chr6	118919252	118919503	SINE/MIR	854	+	126	118919378	84798
chr6	118834580	119034580	harbor2	chr6	118928108	118928129	SINE/MIR	783	+	10	118928118	93538
chr6	118834580	119034580	harbor2	chr6	118928425	118928577	SINE/MIR	783	+	76	118928501	93921
chr6	118834580	119034580	harbor2	chr6	118928871	118928935	SINE/MIR	783	+	32	118928903	94323
chr6	29530473	29730473	harbor2	chr6	29571149	29571365	SINE/MIR	701	+	108	29571257	40784
chr6	29530473	29730473	harbor2	chr6	29605290	29605448	SINE/MIR	555	+	79	29605369	74896
chr6	29530473	29730473	harbor2	chr6	29620066	29620256	SINE/MIR	530	+	95	29620161	89688
chr6	37002837	37202837	harbor2	chr6	37004583	37004722	SINE/MIR	636	+	70	37004653	1816
chr6	37002837	37202837	harbor2	chr6	37009548	37009677	SINE/MIR	589	+	64	37009612	6775
chr6	37002837	37202837	harbor2	chr6	37019677	37019829	SINE/MIR	632	+	76	37019753	16916
chr6	37002837	37202837	harbor2	chr6	37051906	37052035	SINE/MIR	450	+	64	37051970	49133
chr6	37002837	37202837	harbor2	chr6	37055266	37055443	SINE/MIR	677	+	88	37055354	52517
chr6	37002837	37202837	harbor2	chr6	37058502	37058667	SINE/MIR	719	+	82	37058584	55747
chr6	37002837	37202837	harbor2	chr6	37058841	37058904	SINE/MIR	719	+	32	37058873	56036
chr6	37002837	37202837	harbor2	chr6	37070676	37070753	SINE/MIR	454	+	38	37070714	67877
chr6	37002837	37202837	harbor2	chr6	37073775	37073980	SINE/MIR	562	+	102	37073877	71040
chr6	37002837	37202837	harbor2	chr6	37097981	37098119	SINE/MIR	653	+	69	37098050	95213
chr6	37002837	37202837	harbor2	chr6	37098704	37098801	SINE/MIR	653	+	48	37098752	95915
chr6	37002837	37202837	harbor2	chr6	37011416	37011624	SINE/MIR	466	+	104	37011520	8683
chr6	10445756	10645756	harbor2	chr6	10497523	10497669	SINE/MIR	445	+	73	10497596	51840
chr6	10445756	10645756	harbor2	chr6	10498017	10498253	SINE/MIR	901	+	118	10498135	52379
chr6	31634268	31834268	harbor2	chr6	31678011	31678189	SINE/MIR	520	+	89	31678100	43832
chr6	31634268	31834268	harbor2	chr6	31691146	31691371	SINE/MIR	617	+	112	31691258	56990
chr6	31634268	31834268	harbor2	chr6	31694897	31695102	SINE/MIR	577	+	102	31694999	60731
chr6	7626956	7826956	harbor2	chr6	7679407	7679571	SINE/MIR	457	+	82	7679489	52533
chr6	139488617	139688617	harbor2	chr6	139578998	139579166	SINE/MIR	499	+	84	139579082	90465
chr6	89850691	90050691	harbor2	chr6	89937296	89937532	SINE/MIR	572	+	118	89937414	86723
chr6	45543677	45743677	harbor2	chr6	45610500	45610732	SINE/MIR	1151	+	116	45610616	66939
chr6	41537706	41737706	harbor2	chr6	41544652	41544828	SINE/MIR	705	+	88	41544740	7034
chr6	41537706	41737706	harbor2	chr6	41550186	41550386	SINE/MIR	513	+	100	41550286	12580
chr6	41537706	41737706	harbor2	chr6	41574282	41574473	SINE/MIR	581	+	96	41574378	36672
chr6	41537706	41737706	harbor2	chr6	41577415	41577661	SINE/MIR	919	+	123	41577538	39832
chr6	41537706	41737706	harbor2	chr6	41582184	41582381	SINE/MIR	676	+	98	41582282	44576
chr6	41537706	41737706	harbor2	chr6	41604547	41604720	SINE/MIR	744	+	86	41604633	66927
chr6	41537706	41737706	harbor2	chr6	41605034	41605074	SINE/MIR	744	+	20	41605054	67348
chr6	41537706	41737706	harbor2	chr6	41622791	41622982	SINE/MIR	638	+	96	41622887	85181
chr6	41537706	41737706	harbor2	chr6	41626098	41626271	SINE/MIR	598	+	86	41626184	88478
chr6	41537706	41737706	harbor2	chr6	41634161	41634384	SINE/MIR	539	+	112	41634273	96567
chr6	139275464	139475464	harbor2	chr6	139366369	139366609	SINE/MIR	711	+	120	139366489	91025
chr6	43073296	43273296	harbor2	chr6	43091084	43091154	SINE/MIR	488	+	35	43091119	17823
chr6	43073296	43273296	harbor2	chr6	43091467	43091537	SINE/MIR	488	+	35	43091502	18206
chr6	43073296	43273296	harbor2	chr6	43107308	43107552	SINE/MIR	639	+	122	43107430	34134
chr6	43073296	43273296	harbor2	chr6	43132921	43133117	SINE/MIR	585	+	98	43133019	59723
chr6	170009885	170209885	harbor2	chr6	170017729	170017934	SINE/MIR	839	+	102	170017831	7946
chr6	170009885	170209885	harbor2	chr6	170048983	170049142	SINE/MIR	464	+	80	170049063	39178
chr6	7772024	7972024	harbor2	chr6	7855442	7855553	SINE/MIR	643	+	56	7855498	83474
chr6	7772024	7972024	harbor2	chr6	7855581	7855592	SINE/MIR	643	+	6	7855587	83563
chr6	7772024	7972024	harbor2	chr6	7855829	7855958	SINE/MIR	643	+	64	7855893	83869
chr6	7772024	7972024	harbor2	chr6	7860046	7860266	SINE/MIR	472	+	110	7860156	88132
chr6	45541160	45741160	harbor2	chr6	45610500	45610732	SINE/MIR	1151	+	116	45610616	69456
chr6	63473867	63673867	harbor2	chr6	63548230	63548424	SINE/MIR	666	+	97	63548327	74460
chr6	63473867	63673867	harbor2	chr6	63561149	63561371	SINE/MIR	460	+	111	63561260	87393
chr6	139275450	139475450	harbor2	chr6	139366369	139366609	SINE/MIR	711	+	120	139366489	91039
chr6	7629037	7829037	harbor2	chr6	7679407	7679571	SINE/MIR	457	+	82	7679489	50452
chr6	41095053	41295053	harbor2	chr6	41096756	41096952	SINE/MIR	514	+	98	41096854	1801
chr6	41095053	41295053	harbor2	chr6	41122132	41122352	SINE/MIR	581	+	110	41122242	27189
chr6	41095053	41295053	harbor2	chr6	41141877	41142011	SINE/MIR	511	+	67	41141944	46891
chr6	41095053	41295053	harbor2	chr6	41163586	41163802	SINE/MIR	484	+	108	41163694	68641
chr6	41095053	41295053	harbor2	chr6	41168213	41168343	SINE/MIR	449	+	65	41168278	73225
chr6	41095053	41295053	harbor2	chr6	41179940	41180142	SINE/MIR	502	+	101	41180041	84988
chr6	139275453	139475453	harbor2	chr6	139366369	139366609	SINE/MIR	711	+	120	139366489	91036
chr6	45542351	45742351	harbor2	chr6	45610500	45610732	SINE/MIR	1151	+	116	45610616	68265
chr6	37071432	37271432	harbor2	chr6	37073775	37073980	SINE/MIR	562	+	102	37073877	2445
chr6	37071432	37271432	harbor2	chr6	37097981	37098119	SINE/MIR	653	+	69	37098050	26618
chr6	37071432	37271432	harbor2	chr6	37098704	37098801	SINE/MIR	653	+	48	37098752	27320
chr6	37071432	37271432	harbor2	chr6	37103905	37104048	SINE/MIR	513	+	72	37103977	32545
chr6	37071432	37271432	harbor2	chr6	37104872	37105103	SINE/MIR	456	+	116	37104988	33556
chr6	37071432	37271432	harbor2	chr6	37109844	37110107	SINE/MIR	910	+	132	37109976	38544
chr6	37071432	37271432	harbor2	chr6	37116371	37116622	SINE/MIR	587	+	126	37116497	45065
chr6	37071432	37271432	harbor2	chr6	37119320	37119542	SINE/MIR	576	+	111	37119431	47999
chr6	37071432	37271432	harbor2	chr6	37129909	37129993	SINE/MIR	481	+	42	37129951	58519
chr6	37071432	37271432	harbor2	chr6	37130127	37130257	SINE/MIR	481	+	65	37130192	58760
chr6	37071432	37271432	harbor2	chr6	37130707	37130847	SINE/MIR	625	+	70	37130777	59345
chr6	37071432	37271432	harbor2	chr6	37131865	37132083	SINE/MIR	756	+	109	37131974	60542
chr6	37071432	37271432	harbor2	chr6	37132144	37132292	SINE/MIR	486	+	74	37132218	60786
chr6	37071432	37271432	harbor2	chr6	37135208	37135363	SINE/MIR	459	+	78	37135286	63854
chr6	37071432	37271432	harbor2	chr6	37162910	37163074	SINE/MIR	595	+	82	37162992	91560
chr6	139275439	139475439	harbor2	chr6	139366369	139366609	SINE/MIR	711	+	120	139366489	91050
chr6	35469329	35669329	harbor2	chr6	35483806	35483950	SINE/MIR	472	+	72	35483878	14549
chr6	35469329	35669329	harbor2	chr6	35499324	35499546	SINE/MIR	964	+	111	35499435	30106
chr6	35469329	35669329	harbor2	chr6	35504381	35504557	SINE/MIR	618	+	88	35504469	35140
chr6	35469329	35669329	harbor2	chr6	35504866	35504922	SINE/MIR	618	+	28	35504894	35565
chr6	35469329	35669329	harbor2	chr6	35506427	35506574	SINE/MIR	493	+	74	35506501	37172
chr6	35469329	35669329	harbor2	chr6	35519281	35519447	SINE/MIR	444	+	83	35519364	50035
chr6	35469329	35669329	harbor2	chr6	35522557	35522767	SINE/MIR	658	+	105	35522662	53333
chr6	35469329	35669329	harbor2	chr6	35553364	35553489	SINE/MIR	456	+	62	35553426	84097
chr6	13879117	14079117	harbor2	chr6	13931682	13931779	SINE/MIR	743	+	48	13931730	52613
chr6	13879117	14079117	harbor2	chr6	13932146	13932227	SINE/MIR	743	+	40	13932186	53069
chr6	90487353	90687353	harbor2	chr6	90529383	90529492	SINE/MIR	466	+	54	90529437	42084
chr6	90487353	90687353	harbor2	chr6	90529496	90529687	SINE/MIR	504	+	96	90529592	42239
chr6	90487353	90687353	harbor2	chr6	90532967	90533201	SINE/MIR	463	+	117	90533084	45731
chr6	90487353	90687353	harbor2	chr6	90552840	90553026	SINE/MIR	819	+	93	90552933	65580
chr6	167863275	168063275	harbor2	chr6	167919304	167919521	SINE/MIR	650	+	108	167919412	56137
chr6	7626983	7826983	harbor2	chr6	7679407	7679571	SINE/MIR	457	+	82	7679489	52506
chr6	37074400	37274400	harbor2	chr6	37097981	37098119	SINE/MIR	653	+	69	37098050	23650
chr6	37074400	37274400	harbor2	chr6	37098704	37098801	SINE/MIR	653	+	48	37098752	24352
chr6	37074400	37274400	harbor2	chr6	37103905	37104048	SINE/MIR	513	+	72	37103977	29577
chr6	37074400	37274400	harbor2	chr6	37104872	37105103	SINE/MIR	456	+	116	37104988	30588
chr6	37074400	37274400	harbor2	chr6	37109844	37110107	SINE/MIR	910	+	132	37109976	35576
chr6	37074400	37274400	harbor2	chr6	37116371	37116622	SINE/MIR	587	+	126	37116497	42097
chr6	37074400	37274400	harbor2	chr6	37119320	37119542	SINE/MIR	576	+	111	37119431	45031
chr6	37074400	37274400	harbor2	chr6	37129909	37129993	SINE/MIR	481	+	42	37129951	55551
chr6	37074400	37274400	harbor2	chr6	37130127	37130257	SINE/MIR	481	+	65	37130192	55792
chr6	37074400	37274400	harbor2	chr6	37130707	37130847	SINE/MIR	625	+	70	37130777	56377
chr6	37074400	37274400	harbor2	chr6	37131865	37132083	SINE/MIR	756	+	109	37131974	57574
chr6	37074400	37274400	harbor2	chr6	37132144	37132292	SINE/MIR	486	+	74	37132218	57818
chr6	37074400	37274400	harbor2	chr6	37135208	37135363	SINE/MIR	459	+	78	37135286	60886
chr6	37074400	37274400	harbor2	chr6	37162910	37163074	SINE/MIR	595	+	82	37162992	88592
chr6	161064077	161264077	harbor2	chr6	161144269	161144434	SINE/MIR	475	+	82	161144351	80274
chr6	161064077	161264077	harbor2	chr6	161157792	161158040	SINE/MIR	570	+	124	161157916	93839
chr6	31635444	31835444	harbor2	chr6	31678011	31678189	SINE/MIR	520	+	89	31678100	42656
chr6	31635444	31835444	harbor2	chr6	31691146	31691371	SINE/MIR	617	+	112	31691258	55814
chr6	31635444	31835444	harbor2	chr6	31694897	31695102	SINE/MIR	577	+	102	31694999	59555
chr6	45540928	45740928	harbor2	chr6	45610500	45610732	SINE/MIR	1151	+	116	45610616	69688
chr6	138473227	138673227	harbor2	chr6	138494319	138494558	SINE/MIR	623	+	120	138494439	21212
chr6	138473227	138673227	harbor2	chr6	138502667	138502881	SINE/MIR	495	+	107	138502774	29547
chr6	156760880	156960880	harbor2	chr6	156789746	156789863	SINE/MIR	463	+	58	156789804	28924
chr6	63703058	63903058	harbor2	chr6	63776359	63776598	SINE/MIR	501	+	120	63776479	73421
chr6	7628030	7828030	harbor2	chr6	7679407	7679571	SINE/MIR	457	+	82	7679489	51459
chr6	139292147	139492147	harbor2	chr6	139366369	139366609	SINE/MIR	711	+	120	139366489	74342
chr6	139275441	139475441	harbor2	chr6	139366369	139366609	SINE/MIR	711	+	120	139366489	91048
chr6	43872696	44072696	harbor2	chr6	43873901	43874123	SINE/MIR	651	+	111	43874012	1316
chr6	43872696	44072696	harbor2	chr6	43880548	43880760	SINE/MIR	784	+	106	43880654	7958
chr6	43872696	44072696	harbor2	chr6	43885739	43885982	SINE/MIR	841	+	122	43885861	13165
chr6	43872696	44072696	harbor2	chr6	43886579	43886799	SINE/MIR	792	+	110	43886689	13993
chr6	43872696	44072696	harbor2	chr6	43906146	43906188	SINE/MIR	464	+	21	43906167	33471
chr6	43872696	44072696	harbor2	chr6	43906497	43906600	SINE/MIR	464	+	52	43906549	33853
chr6	43872696	44072696	harbor2	chr6	43908209	43908439	SINE/MIR	722	+	115	43908324	35628
chr6	43872696	44072696	harbor2	chr6	43924645	43924792	SINE/MIR	450	+	74	43924719	52023
chr6	43872696	44072696	harbor2	chr6	43943465	43943623	SINE/MIR	469	+	79	43943544	70848
chr6	43872696	44072696	harbor2	chr6	43964058	43964225	SINE/MIR	597	+	84	43964142	91446
chr6	43872696	44072696	harbor2	chr6	43965524	43965669	SINE/MIR	570	+	72	43965596	92900
chr6	43872696	44072696	harbor2	chr6	43966977	43967163	SINE/MIR	594	+	93	43967070	94374
chr6	37189816	37389816	harbor2	chr6	37199493	37199670	SINE/MIR	506	+	88	37199581	9765
chr6	37189816	37389816	harbor2	chr6	37200728	37200860	SINE/MIR	484	+	66	37200794	10978
chr6	37189816	37389816	harbor2	chr6	37238185	37238279	SINE/MIR	497	+	47	37238232	48416
chr6	37189816	37389816	harbor2	chr6	37259703	37259923	SINE/MIR	561	+	110	37259813	69997
chr6	37189816	37389816	harbor2	chr6	37261456	37261650	SINE/MIR	793	+	97	37261553	71737
chr6	37189816	37389816	harbor2	chr6	37274520	37274697	SINE/MIR	580	+	88	37274608	84792
chr6	37189816	37389816	harbor2	chr6	37275503	37275721	SINE/MIR	445	+	109	37275612	85796
chr6	139275444	139475444	harbor2	chr6	139366369	139366609	SINE/MIR	711	+	120	139366489	91045
chr6	167863262	168063262	harbor2	chr6	167919304	167919521	SINE/MIR	650	+	108	167919412	56150
chr6	37073934	37273934	harbor2	chr6	37073775	37073980	SINE/MIR	562	+	102	37073877	57
chr6	37073934	37273934	harbor2	chr6	37097981	37098119	SINE/MIR	653	+	69	37098050	24116
chr6	37073934	37273934	harbor2	chr6	37098704	37098801	SINE/MIR	653	+	48	37098752	24818
chr6	37073934	37273934	harbor2	chr6	37103905	37104048	SINE/MIR	513	+	72	37103977	30043
chr6	37073934	37273934	harbor2	chr6	37104872	37105103	SINE/MIR	456	+	116	37104988	31054
chr6	37073934	37273934	harbor2	chr6	37109844	37110107	SINE/MIR	910	+	132	37109976	36042
chr6	37073934	37273934	harbor2	chr6	37116371	37116622	SINE/MIR	587	+	126	37116497	42563
chr6	37073934	37273934	harbor2	chr6	37119320	37119542	SINE/MIR	576	+	111	37119431	45497
chr6	37073934	37273934	harbor2	chr6	37129909	37129993	SINE/MIR	481	+	42	37129951	56017
chr6	37073934	37273934	harbor2	chr6	37130127	37130257	SINE/MIR	481	+	65	37130192	56258
chr6	37073934	37273934	harbor2	chr6	37130707	37130847	SINE/MIR	625	+	70	37130777	56843
chr6	37073934	37273934	harbor2	chr6	37131865	37132083	SINE/MIR	756	+	109	37131974	58040
chr6	37073934	37273934	harbor2	chr6	37132144	37132292	SINE/MIR	486	+	74	37132218	58284
chr6	37073934	37273934	harbor2	chr6	37135208	37135363	SINE/MIR	459	+	78	37135286	61352
chr6	37073934	37273934	harbor2	chr6	37162910	37163074	SINE/MIR	595	+	82	37162992	89058
chr6	37072538	37272538	harbor2	chr6	37073775	37073980	SINE/MIR	562	+	102	37073877	1339
chr6	37072538	37272538	harbor2	chr6	37097981	37098119	SINE/MIR	653	+	69	37098050	25512
chr6	37072538	37272538	harbor2	chr6	37098704	37098801	SINE/MIR	653	+	48	37098752	26214
chr6	37072538	37272538	harbor2	chr6	37103905	37104048	SINE/MIR	513	+	72	37103977	31439
chr6	37072538	37272538	harbor2	chr6	37104872	37105103	SINE/MIR	456	+	116	37104988	32450
chr6	37072538	37272538	harbor2	chr6	37109844	37110107	SINE/MIR	910	+	132	37109976	37438
chr6	37072538	37272538	harbor2	chr6	37116371	37116622	SINE/MIR	587	+	126	37116497	43959
chr6	37072538	37272538	harbor2	chr6	37119320	37119542	SINE/MIR	576	+	111	37119431	46893
chr6	37072538	37272538	harbor2	chr6	37129909	37129993	SINE/MIR	481	+	42	37129951	57413
chr6	37072538	37272538	harbor2	chr6	37130127	37130257	SINE/MIR	481	+	65	37130192	57654
chr6	37072538	37272538	harbor2	chr6	37130707	37130847	SINE/MIR	625	+	70	37130777	58239
chr6	37072538	37272538	harbor2	chr6	37131865	37132083	SINE/MIR	756	+	109	37131974	59436
chr6	37072538	37272538	harbor2	chr6	37132144	37132292	SINE/MIR	486	+	74	37132218	59680
chr6	37072538	37272538	harbor2	chr6	37135208	37135363	SINE/MIR	459	+	78	37135286	62748
chr6	37072538	37272538	harbor2	chr6	37162910	37163074	SINE/MIR	595	+	82	37162992	90454
chr6	165561181	165761181	harbor2	chr6	165588734	165588926	SINE/MIR	484	+	96	165588830	27649
chr6	165561181	165761181	harbor2	chr6	165598531	165598689	SINE/MIR	532	+	79	165598610	37429
chr6	165561181	165761181	harbor2	chr6	165628171	165628343	SINE/MIR	480	+	86	165628257	67076
chr6	33522490	33722490	harbor2	chr6	33584947	33585164	SINE/MIR	859	+	108	33585055	62565
chr6	33522490	33722490	harbor2	chr6	33606724	33606853	SINE/MIR	537	+	64	33606788	84298
chr6	33522490	33722490	harbor2	chr6	33607596	33607733	SINE/MIR	526	+	68	33607664	85174
chr6	33522490	33722490	harbor2	chr6	33587085	33587257	SINE/MIR	546	+	86	33587171	64681
chr6	127169085	127369085	harbor2	chr6	127199066	127199259	SINE/MIR	504	+	96	127199162	30077
chr6	127169085	127369085	harbor2	chr6	127265454	127265664	SINE/MIR	595	+	105	127265559	96474
chr6	152219275	152419275	harbor2	chr6	152263708	152263913	SINE/MIR	688	+	102	152263810	44535
chr6	52583140	52783140	harbor2	chr6	52597037	52597251	SINE/MIR	787	+	107	52597144	14004
chr6	52583140	52783140	harbor2	chr6	52603831	52604074	SINE/MIR	849	+	122	52603953	20813
chr6	52583140	52783140	harbor2	chr6	52662979	52663166	SINE/MIR	757	+	94	52663073	79933
chr6	52583140	52783140	harbor2	chr6	52678579	52678789	SINE/MIR	530	+	105	52678684	95544
chr6	52583140	52783140	harbor2	chr6	52674433	52674613	SINE/MIR	668	+	90	52674523	91383
chr6	139275438	139475438	harbor2	chr6	139366369	139366609	SINE/MIR	711	+	120	139366489	91051
chr6	37253997	37453997	harbor2	chr6	37259703	37259923	SINE/MIR	561	+	110	37259813	5816
chr6	37253997	37453997	harbor2	chr6	37261456	37261650	SINE/MIR	793	+	97	37261553	7556
chr6	37253997	37453997	harbor2	chr6	37274520	37274697	SINE/MIR	580	+	88	37274608	20611
chr6	37253997	37453997	harbor2	chr6	37275503	37275721	SINE/MIR	445	+	109	37275612	21615
chr6	37253997	37453997	harbor2	chr6	37320222	37320448	SINE/MIR	839	+	113	37320335	66338
chr6	37253997	37453997	harbor2	chr6	37324773	37324999	SINE/MIR	724	+	113	37324886	70889
chr6	127168838	127368838	harbor2	chr6	127199066	127199259	SINE/MIR	504	+	96	127199162	30324
chr6	127168838	127368838	harbor2	chr6	127265454	127265664	SINE/MIR	595	+	105	127265559	96721
chr6	45542549	45742549	harbor2	chr6	45610500	45610732	SINE/MIR	1151	+	116	45610616	68067
chr6	47581748	47781748	harbor2	chr6	47666237	47666419	SINE/MIR	529	+	91	47666328	84580
chr6	47581748	47781748	harbor2	chr6	47675316	47675491	SINE/MIR	571	+	88	47675404	93656
chr6	139336768	139536768	harbor2	chr6	139366369	139366609	SINE/MIR	711	+	120	139366489	29721
chr6	139336768	139536768	harbor2	chr6	139435207	139435450	SINE/MIR	612	+	122	139435329	98561
chr6	43739619	43939619	harbor2	chr6	43756391	43756561	SINE/MIR	559	+	85	43756476	16857
chr6	43739619	43939619	harbor2	chr6	43776822	43777022	SINE/MIR	622	+	100	43776922	37303
chr6	43739619	43939619	harbor2	chr6	43778640	43778811	SINE/MIR	564	+	86	43778726	39107
chr6	43739619	43939619	harbor2	chr6	43794543	43794742	SINE/MIR	656	+	100	43794643	55024
chr6	43739619	43939619	harbor2	chr6	43809746	43809985	SINE/MIR	735	+	120	43809866	70247
chr6	43739619	43939619	harbor2	chr6	43827568	43827599	SINE/MIR	707	+	16	43827584	87965
chr6	43739619	43939619	harbor2	chr6	43827113	43827257	SINE/MIR	707	+	72	43827185	87566
chr6	52477059	52677059	harbor2	chr6	52509781	52510020	SINE/MIR	630	+	120	52509901	32842
chr6	52477059	52677059	harbor2	chr6	52516991	52517145	SINE/MIR	524	+	77	52517068	40009
chr6	52477059	52677059	harbor2	chr6	52517155	52517400	SINE/MIR	787	+	122	52517277	40218
chr6	52477059	52677059	harbor2	chr6	52536526	52536677	SINE/MIR	465	+	76	52536602	59543
chr6	52477059	52677059	harbor2	chr6	52541135	52541243	SINE/MIR	478	+	54	52541189	64130
chr6	52477059	52677059	harbor2	chr6	52559388	52559604	SINE/MIR	611	+	108	52559496	82437
chr6	127285001	127485001	harbor2	chr6	127319166	127319421	SINE/MIR	814	+	128	127319294	34293
chr6	45541342	45741342	harbor2	chr6	45610500	45610732	SINE/MIR	1151	+	116	45610616	69274
chr6	43416854	43616854	harbor2	chr6	43433443	43433680	SINE/MIR	935	+	118	43433561	16707
chr6	43416854	43616854	harbor2	chr6	43441508	43441693	SINE/MIR	537	+	92	43441600	24746
chr6	43416854	43616854	harbor2	chr6	43451326	43451529	SINE/MIR	471	+	102	43451428	34574
chr6	43416854	43616854	harbor2	chr6	43466787	43466982	SINE/MIR	607	+	98	43466885	50031
chr6	43416854	43616854	harbor2	chr6	43480010	43480174	SINE/MIR	589	+	82	43480092	63238
chr6	43416854	43616854	harbor2	chr6	43483640	43483776	SINE/MIR	543	+	68	43483708	66854
chr6	43416854	43616854	harbor2	chr6	43484099	43484172	SINE/MIR	543	+	36	43484135	67281
chr6	37002843	37202843	harbor2	chr6	37004583	37004722	SINE/MIR	636	+	70	37004653	1810
chr6	37002843	37202843	harbor2	chr6	37009548	37009677	SINE/MIR	589	+	64	37009612	6769
chr6	37002843	37202843	harbor2	chr6	37019677	37019829	SINE/MIR	632	+	76	37019753	16910
chr6	37002843	37202843	harbor2	chr6	37051906	37052035	SINE/MIR	450	+	64	37051970	49127
chr6	37002843	37202843	harbor2	chr6	37055266	37055443	SINE/MIR	677	+	88	37055354	52511
chr6	37002843	37202843	harbor2	chr6	37058502	37058667	SINE/MIR	719	+	82	37058584	55741
chr6	37002843	37202843	harbor2	chr6	37058841	37058904	SINE/MIR	719	+	32	37058873	56030
chr6	37002843	37202843	harbor2	chr6	37070676	37070753	SINE/MIR	454	+	38	37070714	67871
chr6	37002843	37202843	harbor2	chr6	37073775	37073980	SINE/MIR	562	+	102	37073877	71034
chr6	37002843	37202843	harbor2	chr6	37097981	37098119	SINE/MIR	653	+	69	37098050	95207
chr6	37002843	37202843	harbor2	chr6	37098704	37098801	SINE/MIR	653	+	48	37098752	95909
chr6	37002843	37202843	harbor2	chr6	37011416	37011624	SINE/MIR	466	+	104	37011520	8677
chr6	108995339	109195339	harbor2	chr6	109073039	109073178	SINE/MIR	586	+	70	109073109	77770
chr6	108995339	109195339	harbor2	chr6	109080703	109080770	SINE/MIR	695	+	34	109080737	85398
chr6	108995339	109195339	harbor2	chr6	109081403	109081557	SINE/MIR	695	+	77	109081480	86141
chr6	27419515	27619515	harbor2	chr6	27441158	27441218	SINE/MIR	509	+	30	27441188	21673
chr6	27419515	27619515	harbor2	chr6	27441515	27441713	SINE/MIR	509	+	99	27441614	22099
chr6	27419515	27619515	harbor2	chr6	27457527	27457664	SINE/MIR	476	+	68	27457595	38080
chr6	4985270	5185270	harbor2	chr6	5001180	5001298	SINE/MIR	499	+	59	5001239	15969
chr6	139373354	139573354	harbor2	chr6	139435207	139435450	SINE/MIR	612	+	122	139435329	61975
chr6	30946660	31146660	harbor2	chr6	30946725	30946984	SINE/MIR	660	+	130	30946855	195
chr6	30946660	31146660	harbor2	chr6	30984179	30984348	SINE/MIR	506	+	84	30984263	37603
chr6	30946660	31146660	harbor2	chr6	30985716	30985776	SINE/MIR	575	+	30	30985746	39086
chr6	30946660	31146660	harbor2	chr6	30986065	30986223	SINE/MIR	575	+	79	30986144	39484
chr6	30946660	31146660	harbor2	chr6	31005593	31005805	SINE/MIR	559	+	106	31005699	59039
chr6	30946660	31146660	harbor2	chr6	31008139	31008302	SINE/MIR	743	+	82	31008221	61561
chr6	30946660	31146660	harbor2	chr6	31044653	31044920	SINE/MIR	957	+	134	31044787	98127
chr6	52185079	52385079	harbor2	chr6	52231029	52231221	SINE/MIR	448	+	96	52231125	46046
chr6	52185079	52385079	harbor2	chr6	52275296	52275462	SINE/MIR	550	+	83	52275379	90300
chr6	3749942	3949942	harbor2	chr6	3793455	3793696	SINE/MIR	881	+	120	3793575	43633
chr6	3749942	3949942	harbor2	chr6	3817347	3817445	SINE/MIR	528	+	49	3817396	67454
chr6	3749942	3949942	harbor2	chr6	3817747	3817856	SINE/MIR	528	+	54	3817801	67859
chr6	3749942	3949942	harbor2	chr6	3823369	3823603	SINE/MIR	606	+	117	3823486	73544
chr6	150946201	151146201	harbor2	chr6	150972249	150972422	SINE/MIR	483	+	86	150972335	26134
chr6	150946201	151146201	harbor2	chr6	151002201	151002427	SINE/MIR	488	+	113	151002314	56113
chr6	31940012	32140012	harbor2	chr6	31964417	31964561	SINE/MIR	500	+	72	31964489	24477
chr6	39129464	39329464	harbor2	chr6	39137798	39137950	SINE/MIR	484	+	76	39137874	8410
chr6	39129464	39329464	harbor2	chr6	39145531	39145640	SINE/MIR	485	+	54	39145585	16121
chr6	39129464	39329464	harbor2	chr6	39188464	39188678	SINE/MIR	513	+	107	39188571	59107
chr6	39129464	39329464	harbor2	chr6	39216554	39216705	SINE/MIR	448	+	76	39216630	87166
chr6	39129464	39329464	harbor2	chr6	39221083	39221301	SINE/MIR	460	+	109	39221192	91728
chr6	39129464	39329464	harbor2	chr6	39141251	39141466	SINE/MIR	459	+	108	39141359	11895
chr6	151352799	151552799	harbor2	chr6	151398498	151398688	SINE/MIR	499	+	95	151398593	45794
chr6	139275442	139475442	harbor2	chr6	139366369	139366609	SINE/MIR	711	+	120	139366489	91047
chr6	146813947	147013947	harbor2	chr6	146848395	146848582	SINE/MIR	503	+	94	146848489	34542
chr6	146813947	147013947	harbor2	chr6	146906145	146906376	SINE/MIR	493	+	116	146906261	92314
chr6	146813947	147013947	harbor2	chr6	146913221	146913437	SINE/MIR	532	+	108	146913329	99382
chr6	45541330	45741330	harbor2	chr6	45610500	45610732	SINE/MIR	1151	+	116	45610616	69286
chr6	106533593	106733593	harbor2	chr6	106538908	106539056	SINE/MIR	489	+	74	106538982	5389
chr6	140279813	140479813	harbor2	chr6	140310458	140310656	SINE/MIR	843	+	99	140310557	30744
chr6	133854144	134054144	harbor2	chr6	133858151	133858299	SINE/MIR	454	+	74	133858225	4081
chr6	133854144	134054144	harbor2	chr6	133858617	133858692	SINE/MIR	454	+	38	133858655	4511
chr6	133854144	134054144	harbor2	chr6	133883265	133883426	SINE/MIR	530	+	80	133883345	29201
chr6	133854144	134054144	harbor2	chr6	133925116	133925330	SINE/MIR	444	+	107	133925223	71079
chr6	27415796	27615796	harbor2	chr6	27441158	27441218	SINE/MIR	509	+	30	27441188	25392
chr6	27415796	27615796	harbor2	chr6	27441515	27441713	SINE/MIR	509	+	99	27441614	25818
chr6	27415796	27615796	harbor2	chr6	27457527	27457664	SINE/MIR	476	+	68	27457595	41799
chr6	41092984	41292984	harbor2	chr6	41096756	41096952	SINE/MIR	514	+	98	41096854	3870
chr6	41092984	41292984	harbor2	chr6	41122132	41122352	SINE/MIR	581	+	110	41122242	29258
chr6	41092984	41292984	harbor2	chr6	41141877	41142011	SINE/MIR	511	+	67	41141944	48960
chr6	41092984	41292984	harbor2	chr6	41163586	41163802	SINE/MIR	484	+	108	41163694	70710
chr6	41092984	41292984	harbor2	chr6	41168213	41168343	SINE/MIR	449	+	65	41168278	75294
chr6	41092984	41292984	harbor2	chr6	41179940	41180142	SINE/MIR	502	+	101	41180041	87057
chr6	37072323	37272323	harbor2	chr6	37073775	37073980	SINE/MIR	562	+	102	37073877	1554
chr6	37072323	37272323	harbor2	chr6	37097981	37098119	SINE/MIR	653	+	69	37098050	25727
chr6	37072323	37272323	harbor2	chr6	37098704	37098801	SINE/MIR	653	+	48	37098752	26429
chr6	37072323	37272323	harbor2	chr6	37103905	37104048	SINE/MIR	513	+	72	37103977	31654
chr6	37072323	37272323	harbor2	chr6	37104872	37105103	SINE/MIR	456	+	116	37104988	32665
chr6	37072323	37272323	harbor2	chr6	37109844	37110107	SINE/MIR	910	+	132	37109976	37653
chr6	37072323	37272323	harbor2	chr6	37116371	37116622	SINE/MIR	587	+	126	37116497	44174
chr6	37072323	37272323	harbor2	chr6	37119320	37119542	SINE/MIR	576	+	111	37119431	47108
chr6	37072323	37272323	harbor2	chr6	37129909	37129993	SINE/MIR	481	+	42	37129951	57628
chr6	37072323	37272323	harbor2	chr6	37130127	37130257	SINE/MIR	481	+	65	37130192	57869
chr6	37072323	37272323	harbor2	chr6	37130707	37130847	SINE/MIR	625	+	70	37130777	58454
chr6	37072323	37272323	harbor2	chr6	37131865	37132083	SINE/MIR	756	+	109	37131974	59651
chr6	37072323	37272323	harbor2	chr6	37132144	37132292	SINE/MIR	486	+	74	37132218	59895
chr6	37072323	37272323	harbor2	chr6	37135208	37135363	SINE/MIR	459	+	78	37135286	62963
chr6	37072323	37272323	harbor2	chr6	37162910	37163074	SINE/MIR	595	+	82	37162992	90669
chr6	139276317	139476317	harbor2	chr6	139366369	139366609	SINE/MIR	711	+	120	139366489	90172
chr6	127167575	127367575	harbor2	chr6	127199066	127199259	SINE/MIR	504	+	96	127199162	31587
chr6	127167575	127367575	harbor2	chr6	127265454	127265664	SINE/MIR	595	+	105	127265559	97984
chr6	124977679	125177679	harbor2	chr6	125003290	125003450	SINE/MIR	611	+	80	125003370	25691
chr6	124977679	125177679	harbor2	chr6	125049503	125049710	SINE/MIR	530	+	104	125049607	71928
chr6	124977679	125177679	harbor2	chr6	125056179	125056384	SINE/MIR	711	+	102	125056281	78602
chr6	124977679	125177679	harbor2	chr6	125026240	125026439	SINE/MIR	527	+	100	125026340	48661
chr6	37002888	37202888	harbor2	chr6	37004583	37004722	SINE/MIR	636	+	70	37004653	1765
chr6	37002888	37202888	harbor2	chr6	37009548	37009677	SINE/MIR	589	+	64	37009612	6724
chr6	37002888	37202888	harbor2	chr6	37019677	37019829	SINE/MIR	632	+	76	37019753	16865
chr6	37002888	37202888	harbor2	chr6	37051906	37052035	SINE/MIR	450	+	64	37051970	49082
chr6	37002888	37202888	harbor2	chr6	37055266	37055443	SINE/MIR	677	+	88	37055354	52466
chr6	37002888	37202888	harbor2	chr6	37058502	37058667	SINE/MIR	719	+	82	37058584	55696
chr6	37002888	37202888	harbor2	chr6	37058841	37058904	SINE/MIR	719	+	32	37058873	55985
chr6	37002888	37202888	harbor2	chr6	37070676	37070753	SINE/MIR	454	+	38	37070714	67826
chr6	37002888	37202888	harbor2	chr6	37073775	37073980	SINE/MIR	562	+	102	37073877	70989
chr6	37002888	37202888	harbor2	chr6	37097981	37098119	SINE/MIR	653	+	69	37098050	95162
chr6	37002888	37202888	harbor2	chr6	37098704	37098801	SINE/MIR	653	+	48	37098752	95864
chr6	37002888	37202888	harbor2	chr6	37011416	37011624	SINE/MIR	466	+	104	37011520	8632
chr6	45543573	45743573	harbor2	chr6	45610500	45610732	SINE/MIR	1151	+	116	45610616	67043
chr6	37071349	37271349	harbor2	chr6	37073775	37073980	SINE/MIR	562	+	102	37073877	2528
chr6	37071349	37271349	harbor2	chr6	37097981	37098119	SINE/MIR	653	+	69	37098050	26701
chr6	37071349	37271349	harbor2	chr6	37098704	37098801	SINE/MIR	653	+	48	37098752	27403
chr6	37071349	37271349	harbor2	chr6	37103905	37104048	SINE/MIR	513	+	72	37103977	32628
chr6	37071349	37271349	harbor2	chr6	37104872	37105103	SINE/MIR	456	+	116	37104988	33639
chr6	37071349	37271349	harbor2	chr6	37109844	37110107	SINE/MIR	910	+	132	37109976	38627
chr6	37071349	37271349	harbor2	chr6	37116371	37116622	SINE/MIR	587	+	126	37116497	45148
chr6	37071349	37271349	harbor2	chr6	37119320	37119542	SINE/MIR	576	+	111	37119431	48082
chr6	37071349	37271349	harbor2	chr6	37129909	37129993	SINE/MIR	481	+	42	37129951	58602
chr6	37071349	37271349	harbor2	chr6	37130127	37130257	SINE/MIR	481	+	65	37130192	58843
chr6	37071349	37271349	harbor2	chr6	37130707	37130847	SINE/MIR	625	+	70	37130777	59428
chr6	37071349	37271349	harbor2	chr6	37131865	37132083	SINE/MIR	756	+	109	37131974	60625
chr6	37071349	37271349	harbor2	chr6	37132144	37132292	SINE/MIR	486	+	74	37132218	60869
chr6	37071349	37271349	harbor2	chr6	37135208	37135363	SINE/MIR	459	+	78	37135286	63937
chr6	37071349	37271349	harbor2	chr6	37162910	37163074	SINE/MIR	595	+	82	37162992	91643
chr6	139419971	139619971	harbor2	chr6	139435207	139435450	SINE/MIR	612	+	122	139435329	15358
chr6	37003451	37203451	harbor2	chr6	37004583	37004722	SINE/MIR	636	+	70	37004653	1202
chr6	37003451	37203451	harbor2	chr6	37009548	37009677	SINE/MIR	589	+	64	37009612	6161
chr6	37003451	37203451	harbor2	chr6	37019677	37019829	SINE/MIR	632	+	76	37019753	16302
chr6	37003451	37203451	harbor2	chr6	37051906	37052035	SINE/MIR	450	+	64	37051970	48519
chr6	37003451	37203451	harbor2	chr6	37055266	37055443	SINE/MIR	677	+	88	37055354	51903
chr6	37003451	37203451	harbor2	chr6	37058502	37058667	SINE/MIR	719	+	82	37058584	55133
chr6	37003451	37203451	harbor2	chr6	37058841	37058904	SINE/MIR	719	+	32	37058873	55422
chr6	37003451	37203451	harbor2	chr6	37070676	37070753	SINE/MIR	454	+	38	37070714	67263
chr6	37003451	37203451	harbor2	chr6	37073775	37073980	SINE/MIR	562	+	102	37073877	70426
chr6	37003451	37203451	harbor2	chr6	37097981	37098119	SINE/MIR	653	+	69	37098050	94599
chr6	37003451	37203451	harbor2	chr6	37098704	37098801	SINE/MIR	653	+	48	37098752	95301
chr6	37003451	37203451	harbor2	chr6	37011416	37011624	SINE/MIR	466	+	104	37011520	8069
chr6	139275455	139475455	harbor2	chr6	139366369	139366609	SINE/MIR	711	+	120	139366489	91034
chr6	37072379	37272379	harbor2	chr6	37073775	37073980	SINE/MIR	562	+	102	37073877	1498
chr6	37072379	37272379	harbor2	chr6	37097981	37098119	SINE/MIR	653	+	69	37098050	25671
chr6	37072379	37272379	harbor2	chr6	37098704	37098801	SINE/MIR	653	+	48	37098752	26373
chr6	37072379	37272379	harbor2	chr6	37103905	37104048	SINE/MIR	513	+	72	37103977	31598
chr6	37072379	37272379	harbor2	chr6	37104872	37105103	SINE/MIR	456	+	116	37104988	32609
chr6	37072379	37272379	harbor2	chr6	37109844	37110107	SINE/MIR	910	+	132	37109976	37597
chr6	37072379	37272379	harbor2	chr6	37116371	37116622	SINE/MIR	587	+	126	37116497	44118
chr6	37072379	37272379	harbor2	chr6	37119320	37119542	SINE/MIR	576	+	111	37119431	47052
chr6	37072379	37272379	harbor2	chr6	37129909	37129993	SINE/MIR	481	+	42	37129951	57572
chr6	37072379	37272379	harbor2	chr6	37130127	37130257	SINE/MIR	481	+	65	37130192	57813
chr6	37072379	37272379	harbor2	chr6	37130707	37130847	SINE/MIR	625	+	70	37130777	58398
chr6	37072379	37272379	harbor2	chr6	37131865	37132083	SINE/MIR	756	+	109	37131974	59595
chr6	37072379	37272379	harbor2	chr6	37132144	37132292	SINE/MIR	486	+	74	37132218	59839
chr6	37072379	37272379	harbor2	chr6	37135208	37135363	SINE/MIR	459	+	78	37135286	62907
chr6	37072379	37272379	harbor2	chr6	37162910	37163074	SINE/MIR	595	+	82	37162992	90613
chr6	56126551	56326551	harbor2	chr6	56215558	56215749	SINE/MIR	482	+	96	56215654	89103
chr6	41839250	42039250	harbor2	chr6	41868103	41868302	SINE/MIR	802	+	100	41868203	28953
chr6	41839250	42039250	harbor2	chr6	41891378	41891553	SINE/MIR	689	+	88	41891466	52216
chr6	41839250	42039250	harbor2	chr6	41930373	41930587	SINE/MIR	738	+	107	41930480	91230
chr6	24674917	24874917	harbor2	chr6	24739382	24739601	SINE/MIR	619	+	110	24739492	64575
chr6	32071139	32271139	harbor2	chr6	32156680	32156899	SINE/MIR	749	+	110	32156790	85651
chr6	151205921	151405921	harbor2	chr6	151238395	151238607	SINE/MIR	594	+	106	151238501	32580
chr6	42647524	42847524	harbor2	chr6	42664840	42664969	SINE/MIR	663	+	64	42664904	17380
chr6	42647524	42847524	harbor2	chr6	42666825	42667038	SINE/MIR	944	+	106	42666931	19407
chr6	42647524	42847524	harbor2	chr6	42707848	42708046	SINE/MIR	463	+	99	42707947	60423
chr6	42647524	42847524	harbor2	chr6	42710881	42711028	SINE/MIR	456	+	74	42710955	63431
chr6	42647524	42847524	harbor2	chr6	42714834	42714929	SINE/MIR	473	+	48	42714882	67358
chr6	37071596	37271596	harbor2	chr6	37073775	37073980	SINE/MIR	562	+	102	37073877	2281
chr6	37071596	37271596	harbor2	chr6	37097981	37098119	SINE/MIR	653	+	69	37098050	26454
chr6	37071596	37271596	harbor2	chr6	37098704	37098801	SINE/MIR	653	+	48	37098752	27156
chr6	37071596	37271596	harbor2	chr6	37103905	37104048	SINE/MIR	513	+	72	37103977	32381
chr6	37071596	37271596	harbor2	chr6	37104872	37105103	SINE/MIR	456	+	116	37104988	33392
chr6	37071596	37271596	harbor2	chr6	37109844	37110107	SINE/MIR	910	+	132	37109976	38380
chr6	37071596	37271596	harbor2	chr6	37116371	37116622	SINE/MIR	587	+	126	37116497	44901
chr6	37071596	37271596	harbor2	chr6	37119320	37119542	SINE/MIR	576	+	111	37119431	47835
chr6	37071596	37271596	harbor2	chr6	37129909	37129993	SINE/MIR	481	+	42	37129951	58355
chr6	37071596	37271596	harbor2	chr6	37130127	37130257	SINE/MIR	481	+	65	37130192	58596
chr6	37071596	37271596	harbor2	chr6	37130707	37130847	SINE/MIR	625	+	70	37130777	59181
chr6	37071596	37271596	harbor2	chr6	37131865	37132083	SINE/MIR	756	+	109	37131974	60378
chr6	37071596	37271596	harbor2	chr6	37132144	37132292	SINE/MIR	486	+	74	37132218	60622
chr6	37071596	37271596	harbor2	chr6	37135208	37135363	SINE/MIR	459	+	78	37135286	63690
chr6	37071596	37271596	harbor2	chr6	37162910	37163074	SINE/MIR	595	+	82	37162992	91396
chr6	167863251	168063251	harbor2	chr6	167919304	167919521	SINE/MIR	650	+	108	167919412	56161
chr6	41449219	41649219	harbor2	chr6	41450055	41450301	SINE/MIR	684	+	123	41450178	959
chr6	41449219	41649219	harbor2	chr6	41495518	41495646	SINE/MIR	524	+	64	41495582	46363
chr6	41449219	41649219	harbor2	chr6	41495958	41496070	SINE/MIR	524	+	56	41496014	46795
chr6	41449219	41649219	harbor2	chr6	41498373	41498586	SINE/MIR	945	+	106	41498479	49260
chr6	41449219	41649219	harbor2	chr6	41518777	41518948	SINE/MIR	579	+	86	41518863	69644
chr6	41449219	41649219	harbor2	chr6	41519214	41519358	SINE/MIR	491	+	72	41519286	70067
chr6	41449219	41649219	harbor2	chr6	41521117	41521278	SINE/MIR	539	+	80	41521197	71978
chr6	41449219	41649219	harbor2	chr6	41521587	41521630	SINE/MIR	539	+	22	41521609	72390
chr6	41449219	41649219	harbor2	chr6	41529757	41529908	SINE/MIR	540	+	76	41529833	80614
chr6	41449219	41649219	harbor2	chr6	41534829	41535017	SINE/MIR	503	+	94	41534923	85704
chr6	41449219	41649219	harbor2	chr6	41544652	41544828	SINE/MIR	705	+	88	41544740	95521
chr6	37070833	37270833	harbor2	chr6	37073775	37073980	SINE/MIR	562	+	102	37073877	3044
chr6	37070833	37270833	harbor2	chr6	37097981	37098119	SINE/MIR	653	+	69	37098050	27217
chr6	37070833	37270833	harbor2	chr6	37098704	37098801	SINE/MIR	653	+	48	37098752	27919
chr6	37070833	37270833	harbor2	chr6	37103905	37104048	SINE/MIR	513	+	72	37103977	33144
chr6	37070833	37270833	harbor2	chr6	37104872	37105103	SINE/MIR	456	+	116	37104988	34155
chr6	37070833	37270833	harbor2	chr6	37109844	37110107	SINE/MIR	910	+	132	37109976	39143
chr6	37070833	37270833	harbor2	chr6	37116371	37116622	SINE/MIR	587	+	126	37116497	45664
chr6	37070833	37270833	harbor2	chr6	37119320	37119542	SINE/MIR	576	+	111	37119431	48598
chr6	37070833	37270833	harbor2	chr6	37129909	37129993	SINE/MIR	481	+	42	37129951	59118
chr6	37070833	37270833	harbor2	chr6	37130127	37130257	SINE/MIR	481	+	65	37130192	59359
chr6	37070833	37270833	harbor2	chr6	37130707	37130847	SINE/MIR	625	+	70	37130777	59944
chr6	37070833	37270833	harbor2	chr6	37131865	37132083	SINE/MIR	756	+	109	37131974	61141
chr6	37070833	37270833	harbor2	chr6	37132144	37132292	SINE/MIR	486	+	74	37132218	61385
chr6	37070833	37270833	harbor2	chr6	37135208	37135363	SINE/MIR	459	+	78	37135286	64453
chr6	37070833	37270833	harbor2	chr6	37162910	37163074	SINE/MIR	595	+	82	37162992	92159
chr6	52190864	52390864	harbor2	chr6	52231029	52231221	SINE/MIR	448	+	96	52231125	40261
chr6	52190864	52390864	harbor2	chr6	52275296	52275462	SINE/MIR	550	+	83	52275379	84515
chr6	52190864	52390864	harbor2	chr6	52287467	52287683	SINE/MIR	581	+	108	52287575	96711
chr6	23317064	23517064	harbor2	chr6	23317878	23318131	SINE/MIR	708	+	126	23318004	940
chr6	23317064	23517064	harbor2	chr6	23322914	23323131	SINE/MIR	559	+	108	23323022	5958
chr6	23317064	23517064	harbor2	chr6	23327128	23327342	SINE/MIR	451	+	107	23327235	10171
chr6	139275447	139475447	harbor2	chr6	139366369	139366609	SINE/MIR	711	+	120	139366489	91042
chr6	41462100	41662100	harbor2	chr6	41495518	41495646	SINE/MIR	524	+	64	41495582	33482
chr6	41462100	41662100	harbor2	chr6	41495958	41496070	SINE/MIR	524	+	56	41496014	33914
chr6	41462100	41662100	harbor2	chr6	41498373	41498586	SINE/MIR	945	+	106	41498479	36379
chr6	41462100	41662100	harbor2	chr6	41518777	41518948	SINE/MIR	579	+	86	41518863	56763
chr6	41462100	41662100	harbor2	chr6	41519214	41519358	SINE/MIR	491	+	72	41519286	57186
chr6	41462100	41662100	harbor2	chr6	41521117	41521278	SINE/MIR	539	+	80	41521197	59097
chr6	41462100	41662100	harbor2	chr6	41521587	41521630	SINE/MIR	539	+	22	41521609	59509
chr6	41462100	41662100	harbor2	chr6	41529757	41529908	SINE/MIR	540	+	76	41529833	67733
chr6	41462100	41662100	harbor2	chr6	41534829	41535017	SINE/MIR	503	+	94	41534923	72823
chr6	41462100	41662100	harbor2	chr6	41544652	41544828	SINE/MIR	705	+	88	41544740	82640
chr6	41462100	41662100	harbor2	chr6	41550186	41550386	SINE/MIR	513	+	100	41550286	88186
chr6	37073886	37273886	harbor2	chr6	37073775	37073980	SINE/MIR	562	+	102	37073877	9
chr6	37073886	37273886	harbor2	chr6	37097981	37098119	SINE/MIR	653	+	69	37098050	24164
chr6	37073886	37273886	harbor2	chr6	37098704	37098801	SINE/MIR	653	+	48	37098752	24866
chr6	37073886	37273886	harbor2	chr6	37103905	37104048	SINE/MIR	513	+	72	37103977	30091
chr6	37073886	37273886	harbor2	chr6	37104872	37105103	SINE/MIR	456	+	116	37104988	31102
chr6	37073886	37273886	harbor2	chr6	37109844	37110107	SINE/MIR	910	+	132	37109976	36090
chr6	37073886	37273886	harbor2	chr6	37116371	37116622	SINE/MIR	587	+	126	37116497	42611
chr6	37073886	37273886	harbor2	chr6	37119320	37119542	SINE/MIR	576	+	111	37119431	45545
chr6	37073886	37273886	harbor2	chr6	37129909	37129993	SINE/MIR	481	+	42	37129951	56065
chr6	37073886	37273886	harbor2	chr6	37130127	37130257	SINE/MIR	481	+	65	37130192	56306
chr6	37073886	37273886	harbor2	chr6	37130707	37130847	SINE/MIR	625	+	70	37130777	56891
chr6	37073886	37273886	harbor2	chr6	37131865	37132083	SINE/MIR	756	+	109	37131974	58088
chr6	37073886	37273886	harbor2	chr6	37132144	37132292	SINE/MIR	486	+	74	37132218	58332
chr6	37073886	37273886	harbor2	chr6	37135208	37135363	SINE/MIR	459	+	78	37135286	61400
chr6	37073886	37273886	harbor2	chr6	37162910	37163074	SINE/MIR	595	+	82	37162992	89106
chr6	167863272	168063272	harbor2	chr6	167919304	167919521	SINE/MIR	650	+	108	167919412	56140
chr6	127447015	127647015	harbor2	chr6	127513680	127513936	SINE/MIR	631	+	128	127513808	66793
chr6	170478408	170678408	harbor2	chr6	170549649	170549890	SINE/MIR	633	+	120	170549769	71361
chr6	170478408	170678408	harbor2	chr6	170564207	170564426	SINE/MIR	603	+	110	170564317	85909
chr6	7770431	7970431	harbor2	chr6	7855442	7855553	SINE/MIR	643	+	56	7855498	85067
chr6	7770431	7970431	harbor2	chr6	7855581	7855592	SINE/MIR	643	+	6	7855587	85156
chr6	7770431	7970431	harbor2	chr6	7855829	7855958	SINE/MIR	643	+	64	7855893	85462
chr6	7770431	7970431	harbor2	chr6	7860046	7860266	SINE/MIR	472	+	110	7860156	89725
chr6	147926214	148126214	harbor2	chr6	147973997	147974211	SINE/MIR	566	+	107	147974104	47890
chr6	56333514	56533514	harbor2	chr6	56403557	56403731	SINE/MIR	579	+	87	56403644	70130
chr6	56333514	56533514	harbor2	chr6	56420931	56421121	SINE/MIR	604	+	95	56421026	87512
chr6	7634787	7834787	harbor2	chr6	7679407	7679571	SINE/MIR	457	+	82	7679489	44702
chr6	7628065	7828065	harbor2	chr6	7679407	7679571	SINE/MIR	457	+	82	7679489	51424
chr6	149646190	149846190	harbor2	chr6	149678712	149678904	SINE/MIR	736	+	96	149678808	32618
chr6	149646190	149846190	harbor2	chr6	149696765	149696968	SINE/MIR	574	+	102	149696867	50677
chr6	169994233	170194233	harbor2	chr6	170017729	170017934	SINE/MIR	839	+	102	170017831	23598
chr6	169994233	170194233	harbor2	chr6	170048983	170049142	SINE/MIR	464	+	80	170049063	54830
chr6	31630974	31830974	harbor2	chr6	31678011	31678189	SINE/MIR	520	+	89	31678100	47126
chr6	31630974	31830974	harbor2	chr6	31691146	31691371	SINE/MIR	617	+	112	31691258	60284
chr6	31630974	31830974	harbor2	chr6	31694897	31695102	SINE/MIR	577	+	102	31694999	64025
chr6	146972244	147172244	harbor2	chr6	146974343	146974491	SINE/MIR	497	+	74	146974417	2173
chr6	146972244	147172244	harbor2	chr6	146989323	146989521	SINE/MIR	464	+	99	146989422	17178
chr6	146972244	147172244	harbor2	chr6	147052569	147052718	SINE/MIR	496	+	74	147052643	80399
chr6	146972244	147172244	harbor2	chr6	147068613	147068770	SINE/MIR	559	+	78	147068691	96447
chr6	158127245	158327245	harbor2	chr6	158162188	158162366	SINE/MIR	743	+	89	158162277	35032
chr6	158127245	158327245	harbor2	chr6	158213877	158214130	SINE/MIR	956	+	126	158214003	86758
chr7	44442212	44642212	harbor2	chr7	44537643	44537784	SINE/MIR	512	+	70	44537713	95501
chr7	149524712	149724712	harbor2	chr7	149623928	149624082	SINE/MIR	470	+	77	149624005	99293
chr7	50204488	50404488	harbor2	chr7	50226258	50226508	SINE/MIR	686	+	125	50226383	21895
chr7	50204488	50404488	harbor2	chr7	50275520	50275717	SINE/MIR	485	+	98	50275618	71130
chr7	28134889	28334889	harbor2	chr7	28138767	28138941	SINE/MIR	472	+	87	28138854	3965
chr7	28134889	28334889	harbor2	chr7	28155813	28156009	SINE/MIR	538	+	98	28155911	21022
chr7	28134889	28334889	harbor2	chr7	28160991	28161201	SINE/MIR	514	+	105	28161096	26207
chr7	28134889	28334889	harbor2	chr7	28161827	28162033	SINE/MIR	521	+	103	28161930	27041
chr7	28134889	28334889	harbor2	chr7	28189672	28189885	SINE/MIR	561	+	106	28189778	54889
chr7	28134889	28334889	harbor2	chr7	28195355	28195594	SINE/MIR	503	+	120	28195475	60586
chr7	28134889	28334889	harbor2	chr7	28198930	28199151	SINE/MIR	913	+	110	28199040	64151
chr7	28134889	28334889	harbor2	chr7	28205205	28205445	SINE/MIR	765	+	120	28205325	70436
chr7	28134889	28334889	harbor2	chr7	28216192	28216431	SINE/MIR	586	+	120	28216312	81423
chr7	152335429	152535429	harbor2	chr7	152337551	152337759	SINE/MIR	523	+	104	152337655	2226
chr7	152335429	152535429	harbor2	chr7	152383638	152383850	SINE/MIR	765	+	106	152383744	48315
chr7	26995485	27195485	harbor2	chr7	27028857	27029108	SINE/MIR	885	+	126	27028983	33498
chr7	26995485	27195485	harbor2	chr7	27031612	27031768	SINE/MIR	477	+	78	27031690	36205
chr7	26995485	27195485	harbor2	chr7	27031990	27032209	SINE/MIR	560	+	110	27032100	36615
chr7	26995485	27195485	harbor2	chr7	27034473	27034589	SINE/MIR	460	+	58	27034531	39046
chr7	26995485	27195485	harbor2	chr7	27083740	27083976	SINE/MIR	786	+	118	27083858	88373
chr7	26995485	27195485	harbor2	chr7	27085594	27085798	SINE/MIR	707	+	102	27085696	90211
chr7	88119947	88319947	harbor2	chr7	88164523	88164764	SINE/MIR	924	+	120	88164643	44696
chr7	86417400	86617400	harbor2	chr7	86452602	86452822	SINE/MIR	546	+	110	86452712	35312
chr7	86417400	86617400	harbor2	chr7	86475649	86475810	SINE/MIR	485	+	80	86475729	58329
chr7	86417400	86617400	harbor2	chr7	86482588	86482745	SINE/MIR	527	+	78	86482666	65266
chr7	86417400	86617400	harbor2	chr7	86495400	86495639	SINE/MIR	547	+	120	86495520	78120
chr7	86417400	86617400	harbor2	chr7	86504855	86505111	SINE/MIR	867	+	128	86504983	87583
chr7	25270423	25470423	harbor2	chr7	25294394	25294632	SINE/MIR	690	+	119	25294513	24090
chr7	25270423	25470423	harbor2	chr7	25304376	25304615	SINE/MIR	824	+	120	25304496	34073
chr7	25270423	25470423	harbor2	chr7	25307209	25307402	SINE/MIR	677	+	96	25307305	36882
chr7	25270423	25470423	harbor2	chr7	25323243	25323454	SINE/MIR	491	+	106	25323349	52926
chr7	25270423	25470423	harbor2	chr7	25331248	25331497	SINE/MIR	663	+	124	25331372	60949
chr7	25270423	25470423	harbor2	chr7	25335160	25335363	SINE/MIR	565	+	102	25335262	64839
chr7	28080572	28280572	harbor2	chr7	28090080	28090283	SINE/MIR	520	+	102	28090182	9610
chr7	28080572	28280572	harbor2	chr7	28130515	28130733	SINE/MIR	455	+	109	28130624	50052
chr7	28080572	28280572	harbor2	chr7	28138767	28138941	SINE/MIR	472	+	87	28138854	58282
chr7	28080572	28280572	harbor2	chr7	28155813	28156009	SINE/MIR	538	+	98	28155911	75339
chr7	28080572	28280572	harbor2	chr7	28160991	28161201	SINE/MIR	514	+	105	28161096	80524
chr7	28080572	28280572	harbor2	chr7	28161827	28162033	SINE/MIR	521	+	103	28161930	81358
chr7	123649533	123849533	harbor2	chr7	123654933	123655142	SINE/MIR	514	+	104	123655037	5504
chr7	123649533	123849533	harbor2	chr7	123703209	123703421	SINE/MIR	702	+	106	123703315	53782
chr7	47229043	47429043	harbor2	chr7	47233322	47233528	SINE/MIR	461	+	103	47233425	4382
chr7	47229043	47429043	harbor2	chr7	47280980	47281171	SINE/MIR	458	+	96	47281076	52033
chr7	32628830	32828830	harbor2	chr7	32666722	32666938	SINE/MIR	784	+	108	32666830	38000
chr7	28082123	28282123	harbor2	chr7	28090080	28090283	SINE/MIR	520	+	102	28090182	8059
chr7	28082123	28282123	harbor2	chr7	28130515	28130733	SINE/MIR	455	+	109	28130624	48501
chr7	28082123	28282123	harbor2	chr7	28138767	28138941	SINE/MIR	472	+	87	28138854	56731
chr7	28082123	28282123	harbor2	chr7	28155813	28156009	SINE/MIR	538	+	98	28155911	73788
chr7	28082123	28282123	harbor2	chr7	28160991	28161201	SINE/MIR	514	+	105	28161096	78973
chr7	28082123	28282123	harbor2	chr7	28161827	28162033	SINE/MIR	521	+	103	28161930	79807
chr7	77596422	77796422	harbor2	chr7	77600300	77600533	SINE/MIR	476	+	116	77600416	3994
chr7	77596422	77796422	harbor2	chr7	77608122	77608343	SINE/MIR	517	+	110	77608232	11810
chr7	77596422	77796422	harbor2	chr7	77664981	77665186	SINE/MIR	801	+	102	77665083	68661
chr7	44507353	44707353	harbor2	chr7	44537643	44537784	SINE/MIR	512	+	70	44537713	30360
chr7	27005184	27205184	harbor2	chr7	27028857	27029108	SINE/MIR	885	+	126	27028983	23799
chr7	27005184	27205184	harbor2	chr7	27031612	27031768	SINE/MIR	477	+	78	27031690	26506
chr7	27005184	27205184	harbor2	chr7	27031990	27032209	SINE/MIR	560	+	110	27032100	26916
chr7	27005184	27205184	harbor2	chr7	27034473	27034589	SINE/MIR	460	+	58	27034531	29347
chr7	27005184	27205184	harbor2	chr7	27083740	27083976	SINE/MIR	786	+	118	27083858	78674
chr7	27005184	27205184	harbor2	chr7	27085594	27085798	SINE/MIR	707	+	102	27085696	80512
chr7	50204289	50404289	harbor2	chr7	50226258	50226508	SINE/MIR	686	+	125	50226383	22094
chr7	50204289	50404289	harbor2	chr7	50275520	50275717	SINE/MIR	485	+	98	50275618	71329
chr7	97828524	98028524	harbor2	chr7	97846267	97846505	SINE/MIR	483	+	119	97846386	17862
chr7	858451	1058451	harbor2	chr7	904337	904503	SINE/MIR	471	+	83	904420	45969
chr7	100028636	100228636	harbor2	chr7	100029523	100029661	SINE/MIR	520	+	69	100029592	956
chr7	100028636	100228636	harbor2	chr7	100046636	100046774	SINE/MIR	452	+	69	100046705	18069
chr7	100028636	100228636	harbor2	chr7	100074166	100074270	SINE/MIR	506	+	52	100074218	45582
chr7	100028636	100228636	harbor2	chr7	100074570	100074718	SINE/MIR	506	+	74	100074644	46008
chr7	2609918	2809918	harbor2	chr7	2657516	2657716	SINE/MIR	477	+	100	2657616	47698
chr7	50204573	50404573	harbor2	chr7	50226258	50226508	SINE/MIR	686	+	125	50226383	21810
chr7	50204573	50404573	harbor2	chr7	50275520	50275717	SINE/MIR	485	+	98	50275618	71045
chr7	32328390	32528390	harbor2	chr7	32341803	32341987	SINE/MIR	722	+	92	32341895	13505
chr7	32328390	32528390	harbor2	chr7	32342620	32342809	SINE/MIR	735	+	94	32342714	14324
chr7	32328390	32528390	harbor2	chr7	32383300	32383483	SINE/MIR	464	+	92	32383392	55002
chr7	32328390	32528390	harbor2	chr7	32404039	32404285	SINE/MIR	633	+	123	32404162	75772
chr7	142754209	142954209	harbor2	chr7	142798583	142798760	SINE/MIR	507	+	88	142798671	44462
chr7	142754209	142954209	harbor2	chr7	142807496	142807671	SINE/MIR	470	+	88	142807584	53375
chr7	135684417	135884417	harbor2	chr7	135699617	135699841	SINE/MIR	744	+	112	135699729	15312
chr7	135684417	135884417	harbor2	chr7	135716663	135716879	SINE/MIR	887	+	108	135716771	32354
chr7	135684417	135884417	harbor2	chr7	135734401	135734626	SINE/MIR	722	+	112	135734513	50096
chr7	135684417	135884417	harbor2	chr7	135750848	135751029	SINE/MIR	737	+	90	135750938	66521
chr7	123650448	123850448	harbor2	chr7	123654933	123655142	SINE/MIR	514	+	104	123655037	4589
chr7	123650448	123850448	harbor2	chr7	123703209	123703421	SINE/MIR	702	+	106	123703315	52867
chr7	123649492	123849492	harbor2	chr7	123654933	123655142	SINE/MIR	514	+	104	123655037	5545
chr7	123649492	123849492	harbor2	chr7	123703209	123703421	SINE/MIR	702	+	106	123703315	53823
chr7	44507472	44707472	harbor2	chr7	44537643	44537784	SINE/MIR	512	+	70	44537713	30241
chr7	123650423	123850423	harbor2	chr7	123654933	123655142	SINE/MIR	514	+	104	123655037	4614
chr7	123650423	123850423	harbor2	chr7	123703209	123703421	SINE/MIR	702	+	106	123703315	52892
chr7	44440642	44640642	harbor2	chr7	44440660	44440818	SINE/MIR	504	+	79	44440739	97
chr7	44440642	44640642	harbor2	chr7	44537643	44537784	SINE/MIR	512	+	70	44537713	97071
chr7	26112552	26312552	harbor2	chr7	26156064	26156291	SINE/MIR	875	+	114	26156178	43626
chr7	26112552	26312552	harbor2	chr7	26158756	26158975	SINE/MIR	599	+	110	26158866	46314
chr7	26112552	26312552	harbor2	chr7	26166436	26166684	SINE/MIR	858	+	124	26166560	54008
chr7	28725300	28925300	harbor2	chr7	28787369	28787552	SINE/MIR	535	+	92	28787461	62161
chr7	28725300	28925300	harbor2	chr7	28805689	28805886	SINE/MIR	539	+	98	28805787	80487
chr7	28725300	28925300	harbor2	chr7	28809655	28809874	SINE/MIR	526	+	110	28809765	84465
chr7	128769421	128969421	harbor2	chr7	128795625	128795811	SINE/MIR	491	+	93	128795718	26297
chr7	128769421	128969421	harbor2	chr7	128819310	128819534	SINE/MIR	509	+	112	128819422	50001
chr7	28081559	28281559	harbor2	chr7	28090080	28090283	SINE/MIR	520	+	102	28090182	8623
chr7	28081559	28281559	harbor2	chr7	28130515	28130733	SINE/MIR	455	+	109	28130624	49065
chr7	28081559	28281559	harbor2	chr7	28138767	28138941	SINE/MIR	472	+	87	28138854	57295
chr7	28081559	28281559	harbor2	chr7	28155813	28156009	SINE/MIR	538	+	98	28155911	74352
chr7	28081559	28281559	harbor2	chr7	28160991	28161201	SINE/MIR	514	+	105	28161096	79537
chr7	28081559	28281559	harbor2	chr7	28161827	28162033	SINE/MIR	521	+	103	28161930	80371
chr7	149153981	149353981	harbor2	chr7	149184248	149184474	SINE/MIR	544	+	113	149184361	30380
chr7	27008623	27208623	harbor2	chr7	27028857	27029108	SINE/MIR	885	+	126	27028983	20360
chr7	27008623	27208623	harbor2	chr7	27031612	27031768	SINE/MIR	477	+	78	27031690	23067
chr7	27008623	27208623	harbor2	chr7	27031990	27032209	SINE/MIR	560	+	110	27032100	23477
chr7	27008623	27208623	harbor2	chr7	27034473	27034589	SINE/MIR	460	+	58	27034531	25908
chr7	27008623	27208623	harbor2	chr7	27083740	27083976	SINE/MIR	786	+	118	27083858	75235
chr7	27008623	27208623	harbor2	chr7	27085594	27085798	SINE/MIR	707	+	102	27085696	77073
chr7	70311624	70511624	harbor2	chr7	70315305	70315478	SINE/MIR	499	+	86	70315391	3767
chr7	70311624	70511624	harbor2	chr7	70368069	70368277	SINE/MIR	646	+	104	70368173	56549
chr7	70311624	70511624	harbor2	chr7	70402601	70402820	SINE/MIR	514	+	110	70402711	91087
chr7	90497085	90697085	harbor2	chr7	90507344	90507553	SINE/MIR	457	+	104	90507448	10363
chr7	90497085	90697085	harbor2	chr7	90507586	90507826	SINE/MIR	479	+	120	90507706	10621
chr7	90497085	90697085	harbor2	chr7	90511751	90511893	SINE/MIR	619	+	71	90511822	14737
chr7	90497085	90697085	harbor2	chr7	90581431	90581688	SINE/MIR	802	+	128	90581559	84474
chr7	73523245	73723245	harbor2	chr7	73542513	73542680	SINE/MIR	451	+	84	73542597	19352
chr7	73523245	73723245	harbor2	chr7	73542936	73543164	SINE/MIR	839	+	114	73543050	19805
chr7	73523245	73723245	harbor2	chr7	73614261	73614445	SINE/MIR	581	+	92	73614353	91108
chr7	25269994	25469994	harbor2	chr7	25294394	25294632	SINE/MIR	690	+	119	25294513	24519
chr7	25269994	25469994	harbor2	chr7	25304376	25304615	SINE/MIR	824	+	120	25304496	34502
chr7	25269994	25469994	harbor2	chr7	25307209	25307402	SINE/MIR	677	+	96	25307305	37311
chr7	25269994	25469994	harbor2	chr7	25323243	25323454	SINE/MIR	491	+	106	25323349	53355
chr7	25269994	25469994	harbor2	chr7	25331248	25331497	SINE/MIR	663	+	124	25331372	61378
chr7	25269994	25469994	harbor2	chr7	25335160	25335363	SINE/MIR	565	+	102	25335262	65268
chr7	150420511	150620511	harbor2	chr7	150515983	150516248	SINE/MIR	494	+	132	150516115	95604
chr7	28089121	28289121	harbor2	chr7	28090080	28090283	SINE/MIR	520	+	102	28090182	1061
chr7	28089121	28289121	harbor2	chr7	28130515	28130733	SINE/MIR	455	+	109	28130624	41503
chr7	28089121	28289121	harbor2	chr7	28138767	28138941	SINE/MIR	472	+	87	28138854	49733
chr7	28089121	28289121	harbor2	chr7	28155813	28156009	SINE/MIR	538	+	98	28155911	66790
chr7	28089121	28289121	harbor2	chr7	28160991	28161201	SINE/MIR	514	+	105	28161096	71975
chr7	28089121	28289121	harbor2	chr7	28161827	28162033	SINE/MIR	521	+	103	28161930	72809
chr7	155712041	155912041	harbor2	chr7	155750512	155750699	SINE/MIR	507	+	94	155750606	38565
chr7	44441524	44641524	harbor2	chr7	44537643	44537784	SINE/MIR	512	+	70	44537713	96189
chr7	858794	1058794	harbor2	chr7	904337	904503	SINE/MIR	471	+	83	904420	45626
chr7	47228840	47428840	harbor2	chr7	47233322	47233528	SINE/MIR	461	+	103	47233425	4585
chr7	47228840	47428840	harbor2	chr7	47280980	47281171	SINE/MIR	458	+	96	47281076	52236
chr7	50299224	50499224	harbor2	chr7	50313616	50313757	SINE/MIR	486	+	70	50313686	14462
chr7	50299224	50499224	harbor2	chr7	50374395	50374591	SINE/MIR	826	+	98	50374493	75269
chr7	47229056	47429056	harbor2	chr7	47233322	47233528	SINE/MIR	461	+	103	47233425	4369
chr7	47229056	47429056	harbor2	chr7	47280980	47281171	SINE/MIR	458	+	96	47281076	52020
chr7	25270014	25470014	harbor2	chr7	25294394	25294632	SINE/MIR	690	+	119	25294513	24499
chr7	25270014	25470014	harbor2	chr7	25304376	25304615	SINE/MIR	824	+	120	25304496	34482
chr7	25270014	25470014	harbor2	chr7	25307209	25307402	SINE/MIR	677	+	96	25307305	37291
chr7	25270014	25470014	harbor2	chr7	25323243	25323454	SINE/MIR	491	+	106	25323349	53335
chr7	25270014	25470014	harbor2	chr7	25331248	25331497	SINE/MIR	663	+	124	25331372	61358
chr7	25270014	25470014	harbor2	chr7	25335160	25335363	SINE/MIR	565	+	102	25335262	65248
chr7	50617957	50817957	harbor2	chr7	50630242	50630423	SINE/MIR	606	+	90	50630332	12375
chr7	50617957	50817957	harbor2	chr7	50691293	50691494	SINE/MIR	676	+	100	50691393	73436
chr7	85037092	85237092	harbor2	chr7	85079047	85079289	SINE/MIR	1042	+	121	85079168	42076
chr7	85037092	85237092	harbor2	chr7	85101407	85101660	SINE/MIR	919	+	126	85101533	64441
chr7	85037092	85237092	harbor2	chr7	85130854	85131074	SINE/MIR	604	+	110	85130964	93872
chr7	85037092	85237092	harbor2	chr7	85133631	85133874	SINE/MIR	700	+	122	85133753	96661
chr7	28080611	28280611	harbor2	chr7	28090080	28090283	SINE/MIR	520	+	102	28090182	9571
chr7	28080611	28280611	harbor2	chr7	28130515	28130733	SINE/MIR	455	+	109	28130624	50013
chr7	28080611	28280611	harbor2	chr7	28138767	28138941	SINE/MIR	472	+	87	28138854	58243
chr7	28080611	28280611	harbor2	chr7	28155813	28156009	SINE/MIR	538	+	98	28155911	75300
chr7	28080611	28280611	harbor2	chr7	28160991	28161201	SINE/MIR	514	+	105	28161096	80485
chr7	28080611	28280611	harbor2	chr7	28161827	28162033	SINE/MIR	521	+	103	28161930	81319
chr7	128756973	128956973	harbor2	chr7	128795625	128795811	SINE/MIR	491	+	93	128795718	38745
chr7	128756973	128956973	harbor2	chr7	128819310	128819534	SINE/MIR	509	+	112	128819422	62449
chr7	127993775	128193775	harbor2	chr7	128010240	128010394	SINE/MIR	494	+	77	128010317	16542
chr7	127993775	128193775	harbor2	chr7	128025284	128025476	SINE/MIR	739	+	96	128025380	31605
chr7	127993775	128193775	harbor2	chr7	128038284	128038514	SINE/MIR	496	+	115	128038399	44624
chr7	127993775	128193775	harbor2	chr7	128049597	128049757	SINE/MIR	713	+	80	128049677	55902
chr7	127993775	128193775	harbor2	chr7	128055933	128056172	SINE/MIR	843	+	120	128056053	62278
chr7	127993775	128193775	harbor2	chr7	128079941	128080140	SINE/MIR	764	+	100	128080041	86266
chr7	27027581	27227581	harbor2	chr7	27028857	27029108	SINE/MIR	885	+	126	27028983	1402
chr7	27027581	27227581	harbor2	chr7	27031612	27031768	SINE/MIR	477	+	78	27031690	4109
chr7	27027581	27227581	harbor2	chr7	27031990	27032209	SINE/MIR	560	+	110	27032100	4519
chr7	27027581	27227581	harbor2	chr7	27034473	27034589	SINE/MIR	460	+	58	27034531	6950
chr7	27027581	27227581	harbor2	chr7	27083740	27083976	SINE/MIR	786	+	118	27083858	56277
chr7	27027581	27227581	harbor2	chr7	27085594	27085798	SINE/MIR	707	+	102	27085696	58115
chr7	104911716	105111716	harbor2	chr7	104919856	104920081	SINE/MIR	669	+	112	104919968	8252
chr7	104911716	105111716	harbor2	chr7	104923613	104923768	SINE/MIR	458	+	78	104923691	11975
chr7	104911716	105111716	harbor2	chr7	104925286	104925483	SINE/MIR	532	+	98	104925384	13668
chr7	104911716	105111716	harbor2	chr7	104947202	104947384	SINE/MIR	532	+	91	104947293	35577
chr7	104911716	105111716	harbor2	chr7	104964985	104965118	SINE/MIR	660	+	66	104965051	53335
chr7	104911716	105111716	harbor2	chr7	104965409	104965508	SINE/MIR	660	+	50	104965459	53743
chr7	104911716	105111716	harbor2	chr7	104966164	104966285	SINE/MIR	488	+	60	104966224	54508
chr7	6060741	6260741	harbor2	chr7	6135195	6135366	SINE/MIR	455	+	86	6135281	74540
chr7	123649199	123849199	harbor2	chr7	123654933	123655142	SINE/MIR	514	+	104	123655037	5838
chr7	123649199	123849199	harbor2	chr7	123703209	123703421	SINE/MIR	702	+	106	123703315	54116
chr7	107463451	107663451	harbor2	chr7	107489821	107490006	SINE/MIR	535	+	92	107489913	26462
chr7	50253328	50453328	harbor2	chr7	50275520	50275717	SINE/MIR	485	+	98	50275618	22290
chr7	50253328	50453328	harbor2	chr7	50313616	50313757	SINE/MIR	486	+	70	50313686	60358
chr7	155288885	155488885	harbor2	chr7	155317797	155318011	SINE/MIR	492	+	107	155317904	29019
chr7	155288885	155488885	harbor2	chr7	155370222	155370359	SINE/MIR	505	+	68	155370290	81405
chr7	31973371	32173371	harbor2	chr7	31997158	31997370	SINE/MIR	654	+	106	31997264	23893
chr7	31973371	32173371	harbor2	chr7	32000192	32000347	SINE/MIR	553	+	78	32000270	26899
chr7	31973371	32173371	harbor2	chr7	32002419	32002593	SINE/MIR	699	+	87	32002506	29135
chr7	31973371	32173371	harbor2	chr7	32016904	32017143	SINE/MIR	750	+	120	32017024	43653
chr7	31973371	32173371	harbor2	chr7	32034731	32034944	SINE/MIR	551	+	106	32034837	61466
chr7	31973371	32173371	harbor2	chr7	32042352	32042562	SINE/MIR	475	+	105	32042457	69086
chr7	31973371	32173371	harbor2	chr7	32053065	32053250	SINE/MIR	554	+	92	32053157	79786
chr7	31973371	32173371	harbor2	chr7	32056445	32056678	SINE/MIR	478	+	116	32056561	83190
chr7	47569705	47769705	harbor2	chr7	47580182	47580394	SINE/MIR	569	+	106	47580288	10583
chr7	47569705	47769705	harbor2	chr7	47633956	47634198	SINE/MIR	523	+	121	47634077	64372
chr7	47569705	47769705	harbor2	chr7	47657779	47657902	SINE/MIR	490	+	62	47657841	88136
chr7	47569705	47769705	harbor2	chr7	47658191	47658295	SINE/MIR	490	+	52	47658243	88538
chr7	44441056	44641056	harbor2	chr7	44537643	44537784	SINE/MIR	512	+	70	44537713	96657
chr7	90496247	90696247	harbor2	chr7	90507344	90507553	SINE/MIR	457	+	104	90507448	11201
chr7	90496247	90696247	harbor2	chr7	90507586	90507826	SINE/MIR	479	+	120	90507706	11459
chr7	90496247	90696247	harbor2	chr7	90511751	90511893	SINE/MIR	619	+	71	90511822	15575
chr7	90496247	90696247	harbor2	chr7	90581431	90581688	SINE/MIR	802	+	128	90581559	85312
chr7	90145189	90345189	harbor2	chr7	90222514	90222714	SINE/MIR	625	+	100	90222614	77425
chr7	41382564	41582564	harbor2	chr7	41386438	41386632	SINE/MIR	684	+	97	41386535	3971
chr7	41382564	41582564	harbor2	chr7	41404933	41405136	SINE/MIR	461	+	102	41405035	22471
chr7	41382564	41582564	harbor2	chr7	41420274	41420455	SINE/MIR	516	+	90	41420364	37800
chr7	41382564	41582564	harbor2	chr7	41429209	41429380	SINE/MIR	462	+	86	41429295	46731
chr7	41382564	41582564	harbor2	chr7	41437049	41437260	SINE/MIR	558	+	106	41437155	54591
chr7	41382564	41582564	harbor2	chr7	41456421	41456575	SINE/MIR	497	+	77	41456498	73934
chr7	41382564	41582564	harbor2	chr7	41471814	41472012	SINE/MIR	515	+	99	41471913	89349
chr7	156540425	156740425	harbor2	chr7	156555814	156555976	SINE/MIR	550	+	81	156555895	15470
chr7	37907099	38107099	harbor2	chr7	37923682	37923897	SINE/MIR	720	+	108	37923790	16691
chr7	37907099	38107099	harbor2	chr7	37958298	37958560	SINE/MIR	591	+	131	37958429	51330
chr7	21327951	21527951	harbor2	chr7	21366182	21366331	SINE/MIR	639	+	74	21366256	38305
chr7	21327951	21527951	harbor2	chr7	21412278	21412524	SINE/MIR	754	+	123	21412401	84450
chr7	21327951	21527951	harbor2	chr7	21413269	21413499	SINE/MIR	828	+	115	21413384	85433
chr7	107099067	107299067	harbor2	chr7	107119952	107120138	SINE/MIR	565	+	93	107120045	20978
chr7	107099067	107299067	harbor2	chr7	107125181	107125379	SINE/MIR	569	+	99	107125280	26213
chr7	107099067	107299067	harbor2	chr7	107187961	107188132	SINE/MIR	556	+	86	107188047	88980
chr7	107099067	107299067	harbor2	chr7	107193754	107193933	SINE/MIR	534	+	90	107193844	94777
chr7	28110460	28310460	harbor2	chr7	28130515	28130733	SINE/MIR	455	+	109	28130624	20164
chr7	28110460	28310460	harbor2	chr7	28138767	28138941	SINE/MIR	472	+	87	28138854	28394
chr7	28110460	28310460	harbor2	chr7	28155813	28156009	SINE/MIR	538	+	98	28155911	45451
chr7	28110460	28310460	harbor2	chr7	28160991	28161201	SINE/MIR	514	+	105	28161096	50636
chr7	28110460	28310460	harbor2	chr7	28161827	28162033	SINE/MIR	521	+	103	28161930	51470
chr7	28110460	28310460	harbor2	chr7	28189672	28189885	SINE/MIR	561	+	106	28189778	79318
chr7	28110460	28310460	harbor2	chr7	28195355	28195594	SINE/MIR	503	+	120	28195475	85015
chr7	28110460	28310460	harbor2	chr7	28198930	28199151	SINE/MIR	913	+	110	28199040	88580
chr7	28110460	28310460	harbor2	chr7	28205205	28205445	SINE/MIR	765	+	120	28205325	94865
chr7	50317972	50517972	harbor2	chr7	50374395	50374591	SINE/MIR	826	+	98	50374493	56521
chr7	129414069	129614069	harbor2	chr7	129431104	129431318	SINE/MIR	658	+	107	129431211	17142
chr7	129414069	129614069	harbor2	chr7	129435502	129435760	SINE/MIR	927	+	129	129435631	21562
chr7	129414069	129614069	harbor2	chr7	129468359	129468552	SINE/MIR	569	+	96	129468455	54386
chr7	129414069	129614069	harbor2	chr7	129493730	129493984	SINE/MIR	645	+	127	129493857	79788
chr7	150916077	151116077	harbor2	chr7	150960123	150960290	SINE/MIR	627	+	84	150960207	44130
chr7	150916077	151116077	harbor2	chr7	150960369	150960472	SINE/MIR	627	+	52	150960421	44344
chr7	150916077	151116077	harbor2	chr7	150969122	150969347	SINE/MIR	511	+	112	150969234	53157
chr7	150916077	151116077	harbor2	chr7	150973283	150973496	SINE/MIR	555	+	106	150973389	57312
chr7	150916077	151116077	harbor2	chr7	150994167	150994305	SINE/MIR	475	+	69	150994236	78159
chr7	92428769	92628769	harbor2	chr7	92455925	92456147	SINE/MIR	1004	+	111	92456036	27267
chr7	47229182	47429182	harbor2	chr7	47233322	47233528	SINE/MIR	461	+	103	47233425	4243
chr7	47229182	47429182	harbor2	chr7	47280980	47281171	SINE/MIR	458	+	96	47281076	51894
chr7	100575746	100775746	harbor2	chr7	100622472	100622635	SINE/MIR	554	+	82	100622554	46808
chr7	123649212	123849212	harbor2	chr7	123654933	123655142	SINE/MIR	514	+	104	123655037	5825
chr7	123649212	123849212	harbor2	chr7	123703209	123703421	SINE/MIR	702	+	106	123703315	54103
chr7	26995482	27195482	harbor2	chr7	27028857	27029108	SINE/MIR	885	+	126	27028983	33501
chr7	26995482	27195482	harbor2	chr7	27031612	27031768	SINE/MIR	477	+	78	27031690	36208
chr7	26995482	27195482	harbor2	chr7	27031990	27032209	SINE/MIR	560	+	110	27032100	36618
chr7	26995482	27195482	harbor2	chr7	27034473	27034589	SINE/MIR	460	+	58	27034531	39049
chr7	26995482	27195482	harbor2	chr7	27083740	27083976	SINE/MIR	786	+	118	27083858	88376
chr7	26995482	27195482	harbor2	chr7	27085594	27085798	SINE/MIR	707	+	102	27085696	90214
chr7	147804168	148004168	harbor2	chr7	147833235	147833397	SINE/MIR	460	+	81	147833316	29148
chr7	50204529	50404529	harbor2	chr7	50226258	50226508	SINE/MIR	686	+	125	50226383	21854
chr7	50204529	50404529	harbor2	chr7	50275520	50275717	SINE/MIR	485	+	98	50275618	71089
chr7	28082522	28282522	harbor2	chr7	28090080	28090283	SINE/MIR	520	+	102	28090182	7660
chr7	28082522	28282522	harbor2	chr7	28130515	28130733	SINE/MIR	455	+	109	28130624	48102
chr7	28082522	28282522	harbor2	chr7	28138767	28138941	SINE/MIR	472	+	87	28138854	56332
chr7	28082522	28282522	harbor2	chr7	28155813	28156009	SINE/MIR	538	+	98	28155911	73389
chr7	28082522	28282522	harbor2	chr7	28160991	28161201	SINE/MIR	514	+	105	28161096	78574
chr7	28082522	28282522	harbor2	chr7	28161827	28162033	SINE/MIR	521	+	103	28161930	79408
chr7	50208813	50408813	harbor2	chr7	50226258	50226508	SINE/MIR	686	+	125	50226383	17570
chr7	50208813	50408813	harbor2	chr7	50275520	50275717	SINE/MIR	485	+	98	50275618	66805
chr7	50340926	50540926	harbor2	chr7	50374395	50374591	SINE/MIR	826	+	98	50374493	33567
chr7	50340926	50540926	harbor2	chr7	50423483	50423593	SINE/MIR	469	+	55	50423538	82612
chr7	44466421	44666421	harbor2	chr7	44537643	44537784	SINE/MIR	512	+	70	44537713	71292
chr7	127292472	127492472	harbor2	chr7	127292966	127293188	SINE/MIR	990	+	111	127293077	605
chr7	127292472	127492472	harbor2	chr7	127321659	127321915	SINE/MIR	738	+	128	127321787	29315
chr7	127292472	127492472	harbor2	chr7	127367393	127367585	SINE/MIR	696	+	96	127367489	75017
chr7	127292472	127492472	harbor2	chr7	127387987	127388216	SINE/MIR	823	+	114	127388101	95629
chr7	47228305	47428305	harbor2	chr7	47233322	47233528	SINE/MIR	461	+	103	47233425	5120
chr7	47228305	47428305	harbor2	chr7	47280980	47281171	SINE/MIR	458	+	96	47281076	52771
chr7	128305619	128505619	harbor2	chr7	128325588	128325713	SINE/MIR	485	+	62	128325650	20031
chr7	128305619	128505619	harbor2	chr7	128343189	128343414	SINE/MIR	533	+	112	128343301	37682
chr7	128305619	128505619	harbor2	chr7	128379901	128380079	SINE/MIR	605	+	89	128379990	74371
chr7	128305619	128505619	harbor2	chr7	128384281	128384323	SINE/MIR	511	+	21	128384302	78683
chr7	128305619	128505619	harbor2	chr7	128384636	128384817	SINE/MIR	511	+	90	128384726	79107
chr7	152811886	153011886	harbor2	chr7	152839357	152839560	SINE/MIR	538	+	102	152839459	27573
chr7	152811886	153011886	harbor2	chr7	152904096	152904313	SINE/MIR	818	+	108	152904204	92318
chr7	50249530	50449530	harbor2	chr7	50275520	50275717	SINE/MIR	485	+	98	50275618	26088
chr7	50249530	50449530	harbor2	chr7	50313616	50313757	SINE/MIR	486	+	70	50313686	64156
chr8	23428848	23628848	harbor2	chr8	23467740	23467798	SINE/MIR	495	+	29	23467769	38921
chr8	23428848	23628848	harbor2	chr8	23468102	23468268	SINE/MIR	495	+	83	23468185	39337
chr8	23428848	23628848	harbor2	chr8	23514884	23515104	SINE/MIR	945	+	110	23514994	86146
chr8	23428848	23628848	harbor2	chr8	23520187	23520344	SINE/MIR	440	+	78	23520265	91417
chr8	23429416	23629416	harbor2	chr8	23467740	23467798	SINE/MIR	495	+	29	23467769	38353
chr8	23429416	23629416	harbor2	chr8	23468102	23468268	SINE/MIR	495	+	83	23468185	38769
chr8	23429416	23629416	harbor2	chr8	23514884	23515104	SINE/MIR	945	+	110	23514994	85578
chr8	23429416	23629416	harbor2	chr8	23520187	23520344	SINE/MIR	440	+	78	23520265	90849
chr8	124273072	124473072	harbor2	chr8	124279186	124279318	SINE/MIR	590	+	66	124279252	6180
chr8	124273072	124473072	harbor2	chr8	124281787	124281936	SINE/MIR	421	+	74	124281861	8789
chr8	124273072	124473072	harbor2	chr8	124357748	124357820	SINE/MIR	442	+	36	124357784	84712
chr8	124273072	124473072	harbor2	chr8	124358130	124358314	SINE/MIR	442	+	92	124358222	85150
chr8	23428811	23628811	harbor2	chr8	23467740	23467798	SINE/MIR	495	+	29	23467769	38958
chr8	23428811	23628811	harbor2	chr8	23468102	23468268	SINE/MIR	495	+	83	23468185	39374
chr8	23428811	23628811	harbor2	chr8	23514884	23515104	SINE/MIR	945	+	110	23514994	86183
chr8	23428811	23628811	harbor2	chr8	23520187	23520344	SINE/MIR	440	+	78	23520265	91454
chr8	23439328	23639328	harbor2	chr8	23467740	23467798	SINE/MIR	495	+	29	23467769	28441
chr8	23439328	23639328	harbor2	chr8	23468102	23468268	SINE/MIR	495	+	83	23468185	28857
chr8	23439328	23639328	harbor2	chr8	23514884	23515104	SINE/MIR	945	+	110	23514994	75666
chr8	23439328	23639328	harbor2	chr8	23520187	23520344	SINE/MIR	440	+	78	23520265	80937
chr8	23439328	23639328	harbor2	chr8	23534611	23534808	SINE/MIR	643	+	98	23534709	95381
chr8	23439328	23639328	harbor2	chr8	23535544	23535621	SINE/MIR	717	+	38	23535582	96254
chr8	23439328	23639328	harbor2	chr8	23535984	23536085	SINE/MIR	717	+	50	23536034	96706
chr8	23428778	23628778	harbor2	chr8	23467740	23467798	SINE/MIR	495	+	29	23467769	38991
chr8	23428778	23628778	harbor2	chr8	23468102	23468268	SINE/MIR	495	+	83	23468185	39407
chr8	23428778	23628778	harbor2	chr8	23514884	23515104	SINE/MIR	945	+	110	23514994	86216
chr8	23428778	23628778	harbor2	chr8	23520187	23520344	SINE/MIR	440	+	78	23520265	91487
chr8	138710558	138910558	harbor2	chr8	138711868	138712103	SINE/MIR	582	+	118	138711986	1428
chr8	138710558	138910558	harbor2	chr8	138744520	138744774	SINE/MIR	442	+	127	138744647	34089
chr8	138710558	138910558	harbor2	chr8	138753955	138754116	SINE/MIR	452	+	80	138754035	43477
chr8	138710558	138910558	harbor2	chr8	138766984	138767226	SINE/MIR	730	+	121	138767105	56547
chr8	138710558	138910558	harbor2	chr8	138792899	138793059	SINE/MIR	494	+	80	138792979	82421
chr8	23428784	23628784	harbor2	chr8	23467740	23467798	SINE/MIR	495	+	29	23467769	38985
chr8	23428784	23628784	harbor2	chr8	23468102	23468268	SINE/MIR	495	+	83	23468185	39401
chr8	23428784	23628784	harbor2	chr8	23514884	23515104	SINE/MIR	945	+	110	23514994	86210
chr8	23428784	23628784	harbor2	chr8	23520187	23520344	SINE/MIR	440	+	78	23520265	91481
chr8	23428892	23628892	harbor2	chr8	23467740	23467798	SINE/MIR	495	+	29	23467769	38877
chr8	23428892	23628892	harbor2	chr8	23468102	23468268	SINE/MIR	495	+	83	23468185	39293
chr8	23428892	23628892	harbor2	chr8	23514884	23515104	SINE/MIR	945	+	110	23514994	86102
chr8	23428892	23628892	harbor2	chr8	23520187	23520344	SINE/MIR	440	+	78	23520265	91373
chr8	23429271	23629271	harbor2	chr8	23467740	23467798	SINE/MIR	495	+	29	23467769	38498
chr8	23429271	23629271	harbor2	chr8	23468102	23468268	SINE/MIR	495	+	83	23468185	38914
chr8	23429271	23629271	harbor2	chr8	23514884	23515104	SINE/MIR	945	+	110	23514994	85723
chr8	23429271	23629271	harbor2	chr8	23520187	23520344	SINE/MIR	440	+	78	23520265	90994
chr8	23430686	23630686	harbor2	chr8	23467740	23467798	SINE/MIR	495	+	29	23467769	37083
chr8	23430686	23630686	harbor2	chr8	23468102	23468268	SINE/MIR	495	+	83	23468185	37499
chr8	23430686	23630686	harbor2	chr8	23514884	23515104	SINE/MIR	945	+	110	23514994	84308
chr8	23430686	23630686	harbor2	chr8	23520187	23520344	SINE/MIR	440	+	78	23520265	89579
chr8	17985030	18185030	harbor2	chr8	17991225	17991424	SINE/MIR	447	+	100	17991325	6295
chr8	23429353	23629353	harbor2	chr8	23467740	23467798	SINE/MIR	495	+	29	23467769	38416
chr8	23429353	23629353	harbor2	chr8	23468102	23468268	SINE/MIR	495	+	83	23468185	38832
chr8	23429353	23629353	harbor2	chr8	23514884	23515104	SINE/MIR	945	+	110	23514994	85641
chr8	23429353	23629353	harbor2	chr8	23520187	23520344	SINE/MIR	440	+	78	23520265	90912
chr8	23428870	23628870	harbor2	chr8	23467740	23467798	SINE/MIR	495	+	29	23467769	38899
chr8	23428870	23628870	harbor2	chr8	23468102	23468268	SINE/MIR	495	+	83	23468185	39315
chr8	23428870	23628870	harbor2	chr8	23514884	23515104	SINE/MIR	945	+	110	23514994	86124
chr8	23428870	23628870	harbor2	chr8	23520187	23520344	SINE/MIR	440	+	78	23520265	91395
chr8	23429241	23629241	harbor2	chr8	23467740	23467798	SINE/MIR	495	+	29	23467769	38528
chr8	23429241	23629241	harbor2	chr8	23468102	23468268	SINE/MIR	495	+	83	23468185	38944
chr8	23429241	23629241	harbor2	chr8	23514884	23515104	SINE/MIR	945	+	110	23514994	85753
chr8	23429241	23629241	harbor2	chr8	23520187	23520344	SINE/MIR	440	+	78	23520265	91024
chr8	10823758	11023758	harbor2	chr8	10847231	10847340	SINE/MIR	573	+	54	10847285	23527
chr8	10823758	11023758	harbor2	chr8	10847688	10847768	SINE/MIR	573	+	40	10847728	23970
chr8	10823758	11023758	harbor2	chr8	10860328	10860493	SINE/MIR	459	+	82	10860410	36652
chr8	10823758	11023758	harbor2	chr8	10865767	10865964	SINE/MIR	562	+	98	10865865	42107
chr8	10823758	11023758	harbor2	chr8	10877817	10878011	SINE/MIR	446	+	97	10877914	54156
chr8	10823758	11023758	harbor2	chr8	10917731	10917927	SINE/MIR	567	+	98	10917829	94071
chr8	23428834	23628834	harbor2	chr8	23467740	23467798	SINE/MIR	495	+	29	23467769	38935
chr8	23428834	23628834	harbor2	chr8	23468102	23468268	SINE/MIR	495	+	83	23468185	39351
chr8	23428834	23628834	harbor2	chr8	23514884	23515104	SINE/MIR	945	+	110	23514994	86160
chr8	23428834	23628834	harbor2	chr8	23520187	23520344	SINE/MIR	440	+	78	23520265	91431
chr8	29150120	29350120	harbor2	chr8	29217328	29217550	SINE/MIR	828	+	111	29217439	67319
chr8	29150120	29350120	harbor2	chr8	29229275	29229537	SINE/MIR	529	+	131	29229406	79286
chr8	23428832	23628832	harbor2	chr8	23467740	23467798	SINE/MIR	495	+	29	23467769	38937
chr8	23428832	23628832	harbor2	chr8	23468102	23468268	SINE/MIR	495	+	83	23468185	39353
chr8	23428832	23628832	harbor2	chr8	23514884	23515104	SINE/MIR	945	+	110	23514994	86162
chr8	23428832	23628832	harbor2	chr8	23520187	23520344	SINE/MIR	440	+	78	23520265	91433
chr8	23428810	23628810	harbor2	chr8	23467740	23467798	SINE/MIR	495	+	29	23467769	38959
chr8	23428810	23628810	harbor2	chr8	23468102	23468268	SINE/MIR	495	+	83	23468185	39375
chr8	23428810	23628810	harbor2	chr8	23514884	23515104	SINE/MIR	945	+	110	23514994	86184
chr8	23428810	23628810	harbor2	chr8	23520187	23520344	SINE/MIR	440	+	78	23520265	91455
chr8	23432814	23632814	harbor2	chr8	23467740	23467798	SINE/MIR	495	+	29	23467769	34955
chr8	23432814	23632814	harbor2	chr8	23468102	23468268	SINE/MIR	495	+	83	23468185	35371
chr8	23432814	23632814	harbor2	chr8	23514884	23515104	SINE/MIR	945	+	110	23514994	82180
chr8	23432814	23632814	harbor2	chr8	23520187	23520344	SINE/MIR	440	+	78	23520265	87451
chr8	23430803	23630803	harbor2	chr8	23467740	23467798	SINE/MIR	495	+	29	23467769	36966
chr8	23430803	23630803	harbor2	chr8	23468102	23468268	SINE/MIR	495	+	83	23468185	37382
chr8	23430803	23630803	harbor2	chr8	23514884	23515104	SINE/MIR	945	+	110	23514994	84191
chr8	23430803	23630803	harbor2	chr8	23520187	23520344	SINE/MIR	440	+	78	23520265	89462
chr8	11492953	11692953	harbor2	chr8	11532903	11533051	SINE/MIR	419	+	74	11532977	40024
chr8	11492953	11692953	harbor2	chr8	11567750	11567995	SINE/MIR	757	+	122	11567872	74919
chr8	11492953	11692953	harbor2	chr8	11568532	11568692	SINE/MIR	497	+	80	11568612	75659
chr8	11492953	11692953	harbor2	chr8	11572067	11572310	SINE/MIR	770	+	122	11572189	79236
chr8	11492953	11692953	harbor2	chr8	11578840	11579030	SINE/MIR	496	+	95	11578935	85982
chr8	11492953	11692953	harbor2	chr8	11591364	11591525	SINE/MIR	447	+	80	11591444	98491
chr8	23428809	23628809	harbor2	chr8	23467740	23467798	SINE/MIR	495	+	29	23467769	38960
chr8	23428809	23628809	harbor2	chr8	23468102	23468268	SINE/MIR	495	+	83	23468185	39376
chr8	23428809	23628809	harbor2	chr8	23514884	23515104	SINE/MIR	945	+	110	23514994	86185
chr8	23428809	23628809	harbor2	chr8	23520187	23520344	SINE/MIR	440	+	78	23520265	91456
chr8	23428725	23628725	harbor2	chr8	23467740	23467798	SINE/MIR	495	+	29	23467769	39044
chr8	23428725	23628725	harbor2	chr8	23468102	23468268	SINE/MIR	495	+	83	23468185	39460
chr8	23428725	23628725	harbor2	chr8	23514884	23515104	SINE/MIR	945	+	110	23514994	86269
chr8	23428725	23628725	harbor2	chr8	23520187	23520344	SINE/MIR	440	+	78	23520265	91540
chr8	23429172	23629172	harbor2	chr8	23467740	23467798	SINE/MIR	495	+	29	23467769	38597
chr8	23429172	23629172	harbor2	chr8	23468102	23468268	SINE/MIR	495	+	83	23468185	39013
chr8	23429172	23629172	harbor2	chr8	23514884	23515104	SINE/MIR	945	+	110	23514994	85822
chr8	23429172	23629172	harbor2	chr8	23520187	23520344	SINE/MIR	440	+	78	23520265	91093
chr8	23428835	23628835	harbor2	chr8	23467740	23467798	SINE/MIR	495	+	29	23467769	38934
chr8	23428835	23628835	harbor2	chr8	23468102	23468268	SINE/MIR	495	+	83	23468185	39350
chr8	23428835	23628835	harbor2	chr8	23514884	23515104	SINE/MIR	945	+	110	23514994	86159
chr8	23428835	23628835	harbor2	chr8	23520187	23520344	SINE/MIR	440	+	78	23520265	91430
chr8	23429068	23629068	harbor2	chr8	23467740	23467798	SINE/MIR	495	+	29	23467769	38701
chr8	23429068	23629068	harbor2	chr8	23468102	23468268	SINE/MIR	495	+	83	23468185	39117
chr8	23429068	23629068	harbor2	chr8	23514884	23515104	SINE/MIR	945	+	110	23514994	85926
chr8	23429068	23629068	harbor2	chr8	23520187	23520344	SINE/MIR	440	+	78	23520265	91197
chr8	23428926	23628926	harbor2	chr8	23467740	23467798	SINE/MIR	495	+	29	23467769	38843
chr8	23428926	23628926	harbor2	chr8	23468102	23468268	SINE/MIR	495	+	83	23468185	39259
chr8	23428926	23628926	harbor2	chr8	23514884	23515104	SINE/MIR	945	+	110	23514994	86068
chr8	23428926	23628926	harbor2	chr8	23520187	23520344	SINE/MIR	440	+	78	23520265	91339
chr8	23428913	23628913	harbor2	chr8	23467740	23467798	SINE/MIR	495	+	29	23467769	38856
chr8	23428913	23628913	harbor2	chr8	23468102	23468268	SINE/MIR	495	+	83	23468185	39272
chr8	23428913	23628913	harbor2	chr8	23514884	23515104	SINE/MIR	945	+	110	23514994	86081
chr8	23428913	23628913	harbor2	chr8	23520187	23520344	SINE/MIR	440	+	78	23520265	91352
chr8	90979035	91179035	harbor2	chr8	91074797	91075018	SINE/MIR	534	+	110	91074907	95872
chr8	23429294	23629294	harbor2	chr8	23467740	23467798	SINE/MIR	495	+	29	23467769	38475
chr8	23429294	23629294	harbor2	chr8	23468102	23468268	SINE/MIR	495	+	83	23468185	38891
chr8	23429294	23629294	harbor2	chr8	23514884	23515104	SINE/MIR	945	+	110	23514994	85700
chr8	23429294	23629294	harbor2	chr8	23520187	23520344	SINE/MIR	440	+	78	23520265	90971
chr8	25357718	25557718	harbor2	chr8	25360477	25360683	SINE/MIR	590	+	103	25360580	2862
chr8	25357718	25557718	harbor2	chr8	25386752	25386984	SINE/MIR	421	+	116	25386868	29150
chr8	25357718	25557718	harbor2	chr8	25389604	25389791	SINE/MIR	670	+	94	25389698	31980
chr8	25357718	25557718	harbor2	chr8	25412973	25413188	SINE/MIR	472	+	108	25413081	55363
chr8	25357718	25557718	harbor2	chr8	25446490	25446725	SINE/MIR	526	+	118	25446608	88890
chr8	30073247	30273247	harbor2	chr8	30112605	30112779	SINE/MIR	562	+	87	30112692	39445
chr8	23429109	23629109	harbor2	chr8	23467740	23467798	SINE/MIR	495	+	29	23467769	38660
chr8	23429109	23629109	harbor2	chr8	23468102	23468268	SINE/MIR	495	+	83	23468185	39076
chr8	23429109	23629109	harbor2	chr8	23514884	23515104	SINE/MIR	945	+	110	23514994	85885
chr8	23429109	23629109	harbor2	chr8	23520187	23520344	SINE/MIR	440	+	78	23520265	91156
chr8	102557354	102757354	harbor2	chr8	102584954	102585078	SINE/MIR	486	+	62	102585016	27662
chr8	23428807	23628807	harbor2	chr8	23467740	23467798	SINE/MIR	495	+	29	23467769	38962
chr8	23428807	23628807	harbor2	chr8	23468102	23468268	SINE/MIR	495	+	83	23468185	39378
chr8	23428807	23628807	harbor2	chr8	23514884	23515104	SINE/MIR	945	+	110	23514994	86187
chr8	23428807	23628807	harbor2	chr8	23520187	23520344	SINE/MIR	440	+	78	23520265	91458
chr8	23431300	23631300	harbor2	chr8	23467740	23467798	SINE/MIR	495	+	29	23467769	36469
chr8	23431300	23631300	harbor2	chr8	23468102	23468268	SINE/MIR	495	+	83	23468185	36885
chr8	23431300	23631300	harbor2	chr8	23514884	23515104	SINE/MIR	945	+	110	23514994	83694
chr8	23431300	23631300	harbor2	chr8	23520187	23520344	SINE/MIR	440	+	78	23520265	88965
chr8	89802895	90002895	harbor2	chr8	89831659	89831830	SINE/MIR	494	+	86	89831745	28850
chr8	89802895	90002895	harbor2	chr8	89833906	89834143	SINE/MIR	441	+	118	89834024	31129
chr8	89802895	90002895	harbor2	chr8	89847162	89847352	SINE/MIR	765	+	95	89847257	44362
chr8	89802895	90002895	harbor2	chr8	89852779	89852946	SINE/MIR	601	+	84	89852863	49968
chr8	89802895	90002895	harbor2	chr8	89875964	89876145	SINE/MIR	503	+	90	89876054	73159
chr8	23428847	23628847	harbor2	chr8	23467740	23467798	SINE/MIR	495	+	29	23467769	38922
chr8	23428847	23628847	harbor2	chr8	23468102	23468268	SINE/MIR	495	+	83	23468185	39338
chr8	23428847	23628847	harbor2	chr8	23514884	23515104	SINE/MIR	945	+	110	23514994	86147
chr8	23428847	23628847	harbor2	chr8	23520187	23520344	SINE/MIR	440	+	78	23520265	91418
chr8	23429149	23629149	harbor2	chr8	23467740	23467798	SINE/MIR	495	+	29	23467769	38620
chr8	23429149	23629149	harbor2	chr8	23468102	23468268	SINE/MIR	495	+	83	23468185	39036
chr8	23429149	23629149	harbor2	chr8	23514884	23515104	SINE/MIR	945	+	110	23514994	85845
chr8	23429149	23629149	harbor2	chr8	23520187	23520344	SINE/MIR	440	+	78	23520265	91116
chr8	23430721	23630721	harbor2	chr8	23467740	23467798	SINE/MIR	495	+	29	23467769	37048
chr8	23430721	23630721	harbor2	chr8	23468102	23468268	SINE/MIR	495	+	83	23468185	37464
chr8	23430721	23630721	harbor2	chr8	23514884	23515104	SINE/MIR	945	+	110	23514994	84273
chr8	23430721	23630721	harbor2	chr8	23520187	23520344	SINE/MIR	440	+	78	23520265	89544
chr8	27226138	27426138	harbor2	chr8	27234954	27235208	SINE/MIR	969	+	127	27235081	8943
chr8	27226138	27426138	harbor2	chr8	27238664	27238876	SINE/MIR	826	+	106	27238770	12632
chr8	27226138	27426138	harbor2	chr8	27263422	27263555	SINE/MIR	428	+	66	27263488	37350
chr8	27226138	27426138	harbor2	chr8	27304943	27305169	SINE/MIR	715	+	113	27305056	78918
chr8	27226138	27426138	harbor2	chr8	27315755	27315927	SINE/MIR	439	+	86	27315841	89703
chr8	23428862	23628862	harbor2	chr8	23467740	23467798	SINE/MIR	495	+	29	23467769	38907
chr8	23428862	23628862	harbor2	chr8	23468102	23468268	SINE/MIR	495	+	83	23468185	39323
chr8	23428862	23628862	harbor2	chr8	23514884	23515104	SINE/MIR	945	+	110	23514994	86132
chr8	23428862	23628862	harbor2	chr8	23520187	23520344	SINE/MIR	440	+	78	23520265	91403
chr8	23429308	23629308	harbor2	chr8	23467740	23467798	SINE/MIR	495	+	29	23467769	38461
chr8	23429308	23629308	harbor2	chr8	23468102	23468268	SINE/MIR	495	+	83	23468185	38877
chr8	23429308	23629308	harbor2	chr8	23514884	23515104	SINE/MIR	945	+	110	23514994	85686
chr8	23429308	23629308	harbor2	chr8	23520187	23520344	SINE/MIR	440	+	78	23520265	90957
chr8	23428822	23628822	harbor2	chr8	23467740	23467798	SINE/MIR	495	+	29	23467769	38947
chr8	23428822	23628822	harbor2	chr8	23468102	23468268	SINE/MIR	495	+	83	23468185	39363
chr8	23428822	23628822	harbor2	chr8	23514884	23515104	SINE/MIR	945	+	110	23514994	86172
chr8	23428822	23628822	harbor2	chr8	23520187	23520344	SINE/MIR	440	+	78	23520265	91443
chr8	23432595	23632595	harbor2	chr8	23467740	23467798	SINE/MIR	495	+	29	23467769	35174
chr8	23432595	23632595	harbor2	chr8	23468102	23468268	SINE/MIR	495	+	83	23468185	35590
chr8	23432595	23632595	harbor2	chr8	23514884	23515104	SINE/MIR	945	+	110	23514994	82399
chr8	23432595	23632595	harbor2	chr8	23520187	23520344	SINE/MIR	440	+	78	23520265	87670
chr8	2870768	3070768	harbor2	chr8	2950830	2951031	SINE/MIR	484	+	100	2950930	80162
chr8	2870768	3070768	harbor2	chr8	2965470	2965698	SINE/MIR	421	+	114	2965584	94816
chr8	23428886	23628886	harbor2	chr8	23467740	23467798	SINE/MIR	495	+	29	23467769	38883
chr8	23428886	23628886	harbor2	chr8	23468102	23468268	SINE/MIR	495	+	83	23468185	39299
chr8	23428886	23628886	harbor2	chr8	23514884	23515104	SINE/MIR	945	+	110	23514994	86108
chr8	23428886	23628886	harbor2	chr8	23520187	23520344	SINE/MIR	440	+	78	23520265	91379
chr8	23428849	23628849	harbor2	chr8	23467740	23467798	SINE/MIR	495	+	29	23467769	38920
chr8	23428849	23628849	harbor2	chr8	23468102	23468268	SINE/MIR	495	+	83	23468185	39336
chr8	23428849	23628849	harbor2	chr8	23514884	23515104	SINE/MIR	945	+	110	23514994	86145
chr8	23428849	23628849	harbor2	chr8	23520187	23520344	SINE/MIR	440	+	78	23520265	91416
chr8	23428839	23628839	harbor2	chr8	23467740	23467798	SINE/MIR	495	+	29	23467769	38930
chr8	23428839	23628839	harbor2	chr8	23468102	23468268	SINE/MIR	495	+	83	23468185	39346
chr8	23428839	23628839	harbor2	chr8	23514884	23515104	SINE/MIR	945	+	110	23514994	86155
chr8	23428839	23628839	harbor2	chr8	23520187	23520344	SINE/MIR	440	+	78	23520265	91426
chr8	23447867	23647867	harbor2	chr8	23467740	23467798	SINE/MIR	495	+	29	23467769	19902
chr8	23447867	23647867	harbor2	chr8	23468102	23468268	SINE/MIR	495	+	83	23468185	20318
chr8	23447867	23647867	harbor2	chr8	23514884	23515104	SINE/MIR	945	+	110	23514994	67127
chr8	23447867	23647867	harbor2	chr8	23520187	23520344	SINE/MIR	440	+	78	23520265	72398
chr8	23447867	23647867	harbor2	chr8	23534611	23534808	SINE/MIR	643	+	98	23534709	86842
chr8	23447867	23647867	harbor2	chr8	23535544	23535621	SINE/MIR	717	+	38	23535582	87715
chr8	23447867	23647867	harbor2	chr8	23535984	23536085	SINE/MIR	717	+	50	23536034	88167
chr8	23447867	23647867	harbor2	chr8	23539539	23539765	SINE/MIR	517	+	113	23539652	91785
chr8	23447867	23647867	harbor2	chr8	23539811	23540008	SINE/MIR	650	+	98	23539909	92042
chr8	42040647	42240647	harbor2	chr8	42043744	42044031	SINE/MIR	815	+	144	42043888	3241
chr8	42040647	42240647	harbor2	chr8	42094925	42095181	SINE/MIR	780	+	128	42095053	54406
chr8	42040647	42240647	harbor2	chr8	42106328	42106534	SINE/MIR	469	+	103	42106431	65784
chr8	42040647	42240647	harbor2	chr8	42138222	42138390	SINE/MIR	496	+	84	42138306	97659
chr8	42040647	42240647	harbor2	chr8	42138663	42138734	SINE/MIR	496	+	36	42138699	98052
chr8	30013870	30213870	harbor2	chr8	30044427	30044607	SINE/MIR	646	+	90	30044517	30647
chr8	30013870	30213870	harbor2	chr8	30112605	30112779	SINE/MIR	562	+	87	30112692	98822
chr8	141311590	141511590	harbor2	chr8	141332524	141332713	SINE/MIR	533	+	94	141332618	21028
chr8	141311590	141511590	harbor2	chr8	141379177	141379319	SINE/MIR	440	+	71	141379248	67658
chr8	141311590	141511590	harbor2	chr8	141380592	141380812	SINE/MIR	645	+	110	141380702	69112
chr8	23428736	23628736	harbor2	chr8	23467740	23467798	SINE/MIR	495	+	29	23467769	39033
chr8	23428736	23628736	harbor2	chr8	23468102	23468268	SINE/MIR	495	+	83	23468185	39449
chr8	23428736	23628736	harbor2	chr8	23514884	23515104	SINE/MIR	945	+	110	23514994	86258
chr8	23428736	23628736	harbor2	chr8	23520187	23520344	SINE/MIR	440	+	78	23520265	91529
chr8	23429123	23629123	harbor2	chr8	23467740	23467798	SINE/MIR	495	+	29	23467769	38646
chr8	23429123	23629123	harbor2	chr8	23468102	23468268	SINE/MIR	495	+	83	23468185	39062
chr8	23429123	23629123	harbor2	chr8	23514884	23515104	SINE/MIR	945	+	110	23514994	85871
chr8	23429123	23629123	harbor2	chr8	23520187	23520344	SINE/MIR	440	+	78	23520265	91142
chr8	9052098	9252098	harbor2	chr8	9051988	9052117	SINE/MIR	453	+	64	9052052	46
chr8	9052098	9252098	harbor2	chr8	9088979	9089136	SINE/MIR	437	+	78	9089057	36959
chr8	96040962	96240962	harbor2	chr8	96041081	96041199	SINE/MIR	457	+	59	96041140	178
chr8	96040962	96240962	harbor2	chr8	96064693	96064938	SINE/MIR	800	+	122	96064815	23853
chr8	96040962	96240962	harbor2	chr8	96108586	96108813	SINE/MIR	727	+	114	96108700	67738
chr8	96040962	96240962	harbor2	chr8	96133485	96133641	SINE/MIR	514	+	78	96133563	92601
chr8	96040962	96240962	harbor2	chr8	96124740	96124986	SINE/MIR	697	+	123	96124863	83901
chr8	141003841	141203841	harbor2	chr8	141020639	141020689	SINE/MIR	442	+	25	141020664	16823
chr8	141003841	141203841	harbor2	chr8	141020956	141021093	SINE/MIR	442	+	68	141021024	17183
chr8	141003841	141203841	harbor2	chr8	141030199	141030426	SINE/MIR	513	+	114	141030313	26472
chr8	141003841	141203841	harbor2	chr8	141088438	141088554	SINE/MIR	446	+	58	141088496	84655
chr8	32680396	32880396	harbor2	chr8	32708502	32708694	SINE/MIR	474	+	96	32708598	28202
chr8	32680396	32880396	harbor2	chr8	32757686	32757885	SINE/MIR	492	+	100	32757786	77390
chr8	54001877	54201877	harbor2	chr8	54018895	54019124	SINE/MIR	423	+	114	54019009	17132
chr8	54001877	54201877	harbor2	chr8	54045040	54045213	SINE/MIR	479	+	86	54045126	43249
chr8	42742785	42942785	harbor2	chr8	42764644	42764761	SINE/MIR	492	+	58	42764702	21917
chr8	23428733	23628733	harbor2	chr8	23467740	23467798	SINE/MIR	495	+	29	23467769	39036
chr8	23428733	23628733	harbor2	chr8	23468102	23468268	SINE/MIR	495	+	83	23468185	39452
chr8	23428733	23628733	harbor2	chr8	23514884	23515104	SINE/MIR	945	+	110	23514994	86261
chr8	23428733	23628733	harbor2	chr8	23520187	23520344	SINE/MIR	440	+	78	23520265	91532
chr8	23429202	23629202	harbor2	chr8	23467740	23467798	SINE/MIR	495	+	29	23467769	38567
chr8	23429202	23629202	harbor2	chr8	23468102	23468268	SINE/MIR	495	+	83	23468185	38983
chr8	23429202	23629202	harbor2	chr8	23514884	23515104	SINE/MIR	945	+	110	23514994	85792
chr8	23429202	23629202	harbor2	chr8	23520187	23520344	SINE/MIR	440	+	78	23520265	91063
chr8	125678475	125878475	harbor2	chr8	125684829	125685065	SINE/MIR	798	+	118	125684947	6472
chr8	125678475	125878475	harbor2	chr8	125687571	125687741	SINE/MIR	450	+	85	125687656	9181
chr8	125678475	125878475	harbor2	chr8	125695464	125695685	SINE/MIR	457	+	110	125695574	17099
chr8	125678475	125878475	harbor2	chr8	125695931	125696144	SINE/MIR	538	+	106	125696037	17562
chr8	125678475	125878475	harbor2	chr8	125702313	125702502	SINE/MIR	442	+	94	125702407	23932
chr8	125678475	125878475	harbor2	chr8	125730532	125730727	SINE/MIR	440	+	98	125730630	52155
chr8	125678475	125878475	harbor2	chr8	125733656	125733886	SINE/MIR	857	+	115	125733771	55296
chr8	125678475	125878475	harbor2	chr8	125745743	125745962	SINE/MIR	614	+	110	125745853	67378
chr8	23430734	23630734	harbor2	chr8	23467740	23467798	SINE/MIR	495	+	29	23467769	37035
chr8	23430734	23630734	harbor2	chr8	23468102	23468268	SINE/MIR	495	+	83	23468185	37451
chr8	23430734	23630734	harbor2	chr8	23514884	23515104	SINE/MIR	945	+	110	23514994	84260
chr8	23430734	23630734	harbor2	chr8	23520187	23520344	SINE/MIR	440	+	78	23520265	89531
chr8	8292230	8492230	harbor2	chr8	8293515	8293666	SINE/MIR	563	+	76	8293591	1361
chr8	8292230	8492230	harbor2	chr8	8326741	8326944	SINE/MIR	452	+	102	8326843	34613
chr8	8292230	8492230	harbor2	chr8	8350663	8350895	SINE/MIR	921	+	116	8350779	58549
chr8	8292230	8492230	harbor2	chr8	8374482	8374639	SINE/MIR	480	+	78	8374560	82330
chr8	54001882	54201882	harbor2	chr8	54018895	54019124	SINE/MIR	423	+	114	54019009	17127
chr8	54001882	54201882	harbor2	chr8	54045040	54045213	SINE/MIR	479	+	86	54045126	43244
chr8	143329372	143529372	harbor2	chr8	143339412	143339565	SINE/MIR	536	+	76	143339488	10116
chr8	23428636	23628636	harbor2	chr8	23467740	23467798	SINE/MIR	495	+	29	23467769	39133
chr8	23428636	23628636	harbor2	chr8	23468102	23468268	SINE/MIR	495	+	83	23468185	39549
chr8	23428636	23628636	harbor2	chr8	23514884	23515104	SINE/MIR	945	+	110	23514994	86358
chr8	23428636	23628636	harbor2	chr8	23520187	23520344	SINE/MIR	440	+	78	23520265	91629
chr8	23428840	23628840	harbor2	chr8	23467740	23467798	SINE/MIR	495	+	29	23467769	38929
chr8	23428840	23628840	harbor2	chr8	23468102	23468268	SINE/MIR	495	+	83	23468185	39345
chr8	23428840	23628840	harbor2	chr8	23514884	23515104	SINE/MIR	945	+	110	23514994	86154
chr8	23428840	23628840	harbor2	chr8	23520187	23520344	SINE/MIR	440	+	78	23520265	91425
chr8	8793157	8993157	harbor2	chr8	8818440	8818682	SINE/MIR	529	+	121	8818561	25404
chr8	8793157	8993157	harbor2	chr8	8878302	8878466	SINE/MIR	475	+	82	8878384	85227
chr8	27543509	27743509	harbor2	chr8	27546166	27546381	SINE/MIR	741	+	108	27546274	2765
chr8	27543509	27743509	harbor2	chr8	27559605	27559788	SINE/MIR	563	+	92	27559697	16188
chr8	27543509	27743509	harbor2	chr8	27570593	27570812	SINE/MIR	723	+	110	27570703	27194
chr8	27543509	27743509	harbor2	chr8	27573875	27574058	SINE/MIR	463	+	92	27573967	30458
chr8	27543509	27743509	harbor2	chr8	27579588	27579764	SINE/MIR	580	+	88	27579676	36167
chr8	27543509	27743509	harbor2	chr8	27584093	27584300	SINE/MIR	531	+	104	27584197	40688
chr8	27543509	27743509	harbor2	chr8	27613924	27614061	SINE/MIR	461	+	68	27613992	70483
chr8	27543509	27743509	harbor2	chr8	27615970	27616143	SINE/MIR	491	+	86	27616056	72547
chr8	27543509	27743509	harbor2	chr8	27631214	27631427	SINE/MIR	797	+	106	27631320	87811
chr8	27543509	27743509	harbor2	chr8	27631615	27631770	SINE/MIR	502	+	78	27631693	88184
chr8	25085369	25285369	harbor2	chr8	25114854	25115030	SINE/MIR	438	+	88	25114942	29573
chr8	25085369	25285369	harbor2	chr8	25144966	25145020	SINE/MIR	909	+	27	25144993	59624
chr8	25085369	25285369	harbor2	chr8	25145766	25145961	SINE/MIR	909	+	98	25145864	60495
chr8	25085369	25285369	harbor2	chr8	25145963	25146145	SINE/MIR	769	+	91	25146054	60685
chr8	25085369	25285369	harbor2	chr8	25170035	25170230	SINE/MIR	629	+	98	25170133	84764
chr8	23428828	23628828	harbor2	chr8	23467740	23467798	SINE/MIR	495	+	29	23467769	38941
chr8	23428828	23628828	harbor2	chr8	23468102	23468268	SINE/MIR	495	+	83	23468185	39357
chr8	23428828	23628828	harbor2	chr8	23514884	23515104	SINE/MIR	945	+	110	23514994	86166
chr8	23428828	23628828	harbor2	chr8	23520187	23520344	SINE/MIR	440	+	78	23520265	91437
chr8	23428920	23628920	harbor2	chr8	23467740	23467798	SINE/MIR	495	+	29	23467769	38849
chr8	23428920	23628920	harbor2	chr8	23468102	23468268	SINE/MIR	495	+	83	23468185	39265
chr8	23428920	23628920	harbor2	chr8	23514884	23515104	SINE/MIR	945	+	110	23514994	86074
chr8	23428920	23628920	harbor2	chr8	23520187	23520344	SINE/MIR	440	+	78	23520265	91345
chr8	141309378	141509378	harbor2	chr8	141332524	141332713	SINE/MIR	533	+	94	141332618	23240
chr8	141309378	141509378	harbor2	chr8	141379177	141379319	SINE/MIR	440	+	71	141379248	69870
chr8	141309378	141509378	harbor2	chr8	141380592	141380812	SINE/MIR	645	+	110	141380702	71324
chr8	29983300	30183300	harbor2	chr8	30044427	30044607	SINE/MIR	646	+	90	30044517	61217
chr8	23428899	23628899	harbor2	chr8	23467740	23467798	SINE/MIR	495	+	29	23467769	38870
chr8	23428899	23628899	harbor2	chr8	23468102	23468268	SINE/MIR	495	+	83	23468185	39286
chr8	23428899	23628899	harbor2	chr8	23514884	23515104	SINE/MIR	945	+	110	23514994	86095
chr8	23428899	23628899	harbor2	chr8	23520187	23520344	SINE/MIR	440	+	78	23520265	91366
chr8	23651754	23851754	harbor2	chr8	23664403	23664643	SINE/MIR	886	+	120	23664523	12769
chr8	23651754	23851754	harbor2	chr8	23728897	23729054	SINE/MIR	414	+	78	23728975	77221
chr8	41429283	41629283	harbor2	chr8	41448615	41448842	SINE/MIR	535	+	114	41448729	19446
chr8	41429283	41629283	harbor2	chr8	41473999	41474154	SINE/MIR	494	+	78	41474077	44794
chr8	8795419	8995419	harbor2	chr8	8818440	8818682	SINE/MIR	529	+	121	8818561	23142
chr8	8795419	8995419	harbor2	chr8	8878302	8878466	SINE/MIR	475	+	82	8878384	82965
chr8	48821299	49021299	harbor2	chr8	48890498	48890664	SINE/MIR	554	+	83	48890581	69282
chr8	48821299	49021299	harbor2	chr8	48912537	48912670	SINE/MIR	414	+	66	48912603	91304
chr8	141314854	141514854	harbor2	chr8	141332524	141332713	SINE/MIR	533	+	94	141332618	17764
chr8	141314854	141514854	harbor2	chr8	141379177	141379319	SINE/MIR	440	+	71	141379248	64394
chr8	141314854	141514854	harbor2	chr8	141380592	141380812	SINE/MIR	645	+	110	141380702	65848
chr8	26477941	26677941	harbor2	chr8	26506086	26506320	SINE/MIR	477	+	117	26506203	28262
chr8	26477941	26677941	harbor2	chr8	26562139	26562373	SINE/MIR	627	+	117	26562256	84315
chr8	26477941	26677941	harbor2	chr8	26570778	26570972	SINE/MIR	508	+	97	26570875	92934
chr8	102203037	102403037	harbor2	chr8	102206274	102206428	SINE/MIR	512	+	77	102206351	3314
chr8	102203037	102403037	harbor2	chr8	102232395	102232623	SINE/MIR	613	+	114	102232509	29472
chr8	102203037	102403037	harbor2	chr8	102240413	102240570	SINE/MIR	742	+	78	102240491	37454
chr8	102203037	102403037	harbor2	chr8	102251232	102251411	SINE/MIR	520	+	90	102251322	48285
chr8	102203037	102403037	harbor2	chr8	102291806	102292018	SINE/MIR	579	+	106	102291912	88875
chr8	23456020	23656020	harbor2	chr8	23467740	23467798	SINE/MIR	495	+	29	23467769	11749
chr8	23456020	23656020	harbor2	chr8	23468102	23468268	SINE/MIR	495	+	83	23468185	12165
chr8	23456020	23656020	harbor2	chr8	23514884	23515104	SINE/MIR	945	+	110	23514994	58974
chr8	23456020	23656020	harbor2	chr8	23520187	23520344	SINE/MIR	440	+	78	23520265	64245
chr8	23456020	23656020	harbor2	chr8	23534611	23534808	SINE/MIR	643	+	98	23534709	78689
chr8	23456020	23656020	harbor2	chr8	23535544	23535621	SINE/MIR	717	+	38	23535582	79562
chr8	23456020	23656020	harbor2	chr8	23535984	23536085	SINE/MIR	717	+	50	23536034	80014
chr8	23456020	23656020	harbor2	chr8	23539539	23539765	SINE/MIR	517	+	113	23539652	83632
chr8	23456020	23656020	harbor2	chr8	23539811	23540008	SINE/MIR	650	+	98	23539909	83889
chr8	23456020	23656020	harbor2	chr8	23554054	23554192	SINE/MIR	511	+	69	23554123	98103
chr8	115390199	115590199	harbor2	chr8	115443567	115443774	SINE/MIR	693	+	104	115443671	53472
chr8	115390199	115590199	harbor2	chr8	115462370	115462564	SINE/MIR	575	+	97	115462467	72268
chr8	23428854	23628854	harbor2	chr8	23467740	23467798	SINE/MIR	495	+	29	23467769	38915
chr8	23428854	23628854	harbor2	chr8	23468102	23468268	SINE/MIR	495	+	83	23468185	39331
chr8	23428854	23628854	harbor2	chr8	23514884	23515104	SINE/MIR	945	+	110	23514994	86140
chr8	23428854	23628854	harbor2	chr8	23520187	23520344	SINE/MIR	440	+	78	23520265	91411
chr8	23428795	23628795	harbor2	chr8	23467740	23467798	SINE/MIR	495	+	29	23467769	38974
chr8	23428795	23628795	harbor2	chr8	23468102	23468268	SINE/MIR	495	+	83	23468185	39390
chr8	23428795	23628795	harbor2	chr8	23514884	23515104	SINE/MIR	945	+	110	23514994	86199
chr8	23428795	23628795	harbor2	chr8	23520187	23520344	SINE/MIR	440	+	78	23520265	91470
chr8	42040637	42240637	harbor2	chr8	42043744	42044031	SINE/MIR	815	+	144	42043888	3251
chr8	42040637	42240637	harbor2	chr8	42094925	42095181	SINE/MIR	780	+	128	42095053	54416
chr8	42040637	42240637	harbor2	chr8	42106328	42106534	SINE/MIR	469	+	103	42106431	65794
chr8	42040637	42240637	harbor2	chr8	42138222	42138390	SINE/MIR	496	+	84	42138306	97669
chr8	42040637	42240637	harbor2	chr8	42138663	42138734	SINE/MIR	496	+	36	42138699	98062
chr8	141300777	141500777	harbor2	chr8	141332524	141332713	SINE/MIR	533	+	94	141332618	31841
chr8	141300777	141500777	harbor2	chr8	141379177	141379319	SINE/MIR	440	+	71	141379248	78471
chr8	141300777	141500777	harbor2	chr8	141380592	141380812	SINE/MIR	645	+	110	141380702	79925
chr8	10960481	11160481	harbor2	chr8	10963873	10964026	SINE/MIR	430	+	76	10963949	3468
chr8	10960481	11160481	harbor2	chr8	10982843	10983089	SINE/MIR	553	+	123	10982966	22485
chr8	10960481	11160481	harbor2	chr8	10989555	10989752	SINE/MIR	429	+	98	10989653	29172
chr8	10960481	11160481	harbor2	chr8	11010380	11010558	SINE/MIR	635	+	89	11010469	49988
chr8	10960481	11160481	harbor2	chr8	11012302	11012469	SINE/MIR	620	+	84	11012386	51905
chr8	10960481	11160481	harbor2	chr8	11020791	11020973	SINE/MIR	686	+	91	11020882	60401
chr8	10960481	11160481	harbor2	chr8	11024326	11024517	SINE/MIR	549	+	96	11024422	63941
chr8	10960481	11160481	harbor2	chr8	11035025	11035204	SINE/MIR	624	+	90	11035115	74634
chr8	22818594	23018594	harbor2	chr8	22835106	22835308	SINE/MIR	419	+	101	22835207	16613
chr8	22818594	23018594	harbor2	chr8	22836063	22836267	SINE/MIR	692	+	102	22836165	17571
chr8	22818594	23018594	harbor2	chr8	22876866	22877042	SINE/MIR	500	+	88	22876954	58360
chr8	22818594	23018594	harbor2	chr8	22881749	22881983	SINE/MIR	428	+	117	22881866	63272
chr8	22818594	23018594	harbor2	chr8	22886363	22886518	SINE/MIR	438	+	78	22886441	67847
chr8	22818594	23018594	harbor2	chr8	22890666	22890828	SINE/MIR	423	+	81	22890747	72153
chr8	22818594	23018594	harbor2	chr8	22891128	22891213	SINE/MIR	423	+	42	22891170	72576
chr8	22818594	23018594	harbor2	chr8	22899038	22899192	SINE/MIR	423	+	77	22899115	80521
chr8	22818594	23018594	harbor2	chr8	22903182	22903411	SINE/MIR	962	+	114	22903296	84702
chr8	22818594	23018594	harbor2	chr8	22909659	22909893	SINE/MIR	805	+	117	22909776	91182
chr8	41849522	42049522	harbor2	chr8	41856394	41856590	SINE/MIR	583	+	98	41856492	6970
chr8	41849522	42049522	harbor2	chr8	41860534	41860661	SINE/MIR	511	+	64	41860598	11076
chr8	41849522	42049522	harbor2	chr8	41862203	41862355	SINE/MIR	457	+	76	41862279	12757
chr8	41849522	42049522	harbor2	chr8	41879119	41879370	SINE/MIR	492	+	126	41879245	29723
chr8	41849522	42049522	harbor2	chr8	41881024	41881173	SINE/MIR	424	+	74	41881098	31576
chr8	41849522	42049522	harbor2	chr8	41882037	41882248	SINE/MIR	525	+	106	41882143	32621
chr8	138813637	139013637	harbor2	chr8	138823079	138823196	SINE/MIR	569	+	58	138823137	9500
chr8	138813637	139013637	harbor2	chr8	138825363	138825604	SINE/MIR	825	+	120	138825483	11846
chr8	138813637	139013637	harbor2	chr8	138830130	138830371	SINE/MIR	512	+	120	138830250	16613
chr8	138813637	139013637	harbor2	chr8	138834504	138834741	SINE/MIR	534	+	118	138834622	20985
chr8	138813637	139013637	harbor2	chr8	138842078	138842314	SINE/MIR	435	+	118	138842196	28559
chr8	138813637	139013637	harbor2	chr8	138855018	138855205	SINE/MIR	523	+	94	138855112	41475
chr8	138813637	139013637	harbor2	chr8	138892259	138892453	SINE/MIR	479	+	97	138892356	78719
chr8	138813637	139013637	harbor2	chr8	138893258	138893511	SINE/MIR	730	+	126	138893384	79747
chr8	138813637	139013637	harbor2	chr8	138904874	138905035	SINE/MIR	462	+	80	138904954	91317
chr8	138813637	139013637	harbor2	chr8	138908532	138908720	SINE/MIR	464	+	94	138908626	94989
chr8	138813637	139013637	harbor2	chr8	138821470	138821667	SINE/MIR	482	+	98	138821568	7931
chr8	143327452	143527452	harbor2	chr8	143339412	143339565	SINE/MIR	536	+	76	143339488	12036
chr8	102598762	102798762	harbor2	chr8	102666962	102667115	SINE/MIR	421	+	76	102667038	68276
chr8	102598762	102798762	harbor2	chr8	102667283	102667317	SINE/MIR	421	+	17	102667300	68538
chr8	102598762	102798762	harbor2	chr8	102682908	102683139	SINE/MIR	440	+	116	102683024	84262
chr8	102598762	102798762	harbor2	chr8	102690791	102691040	SINE/MIR	657	+	124	102690915	92153
chr8	102598762	102798762	harbor2	chr8	102691194	102691401	SINE/MIR	518	+	104	102691298	92536
chr8	102598762	102798762	harbor2	chr8	102693101	102693252	SINE/MIR	416	+	76	102693177	94415
chr8	102598762	102798762	harbor2	chr8	102694455	102694639	SINE/MIR	609	+	92	102694547	95785
chr8	102598762	102798762	harbor2	chr8	102697327	102697465	SINE/MIR	459	+	69	102697396	98634
chr8	23429259	23629259	harbor2	chr8	23467740	23467798	SINE/MIR	495	+	29	23467769	38510
chr8	23429259	23629259	harbor2	chr8	23468102	23468268	SINE/MIR	495	+	83	23468185	38926
chr8	23429259	23629259	harbor2	chr8	23514884	23515104	SINE/MIR	945	+	110	23514994	85735
chr8	23429259	23629259	harbor2	chr8	23520187	23520344	SINE/MIR	440	+	78	23520265	91006
chr8	30059382	30259382	harbor2	chr8	30112605	30112779	SINE/MIR	562	+	87	30112692	53310
chr8	30068591	30268591	harbor2	chr8	30112605	30112779	SINE/MIR	562	+	87	30112692	44101
chr8	89884671	90084671	harbor2	chr8	89949177	89949346	SINE/MIR	458	+	84	89949261	64590
chr8	89884671	90084671	harbor2	chr8	89959776	89959959	SINE/MIR	708	+	92	89959868	75197
chr8	89884671	90084671	harbor2	chr8	89968369	89968589	SINE/MIR	532	+	110	89968479	83808
chr8	104533858	104733858	harbor2	chr8	104533885	104534052	SINE/MIR	656	+	84	104533969	111
chr8	104533858	104733858	harbor2	chr8	104562088	104562281	SINE/MIR	762	+	96	104562184	28326
chr8	104533858	104733858	harbor2	chr8	104563047	104563196	SINE/MIR	784	+	74	104563121	29263
chr8	23428874	23628874	harbor2	chr8	23467740	23467798	SINE/MIR	495	+	29	23467769	38895
chr8	23428874	23628874	harbor2	chr8	23468102	23468268	SINE/MIR	495	+	83	23468185	39311
chr8	23428874	23628874	harbor2	chr8	23514884	23515104	SINE/MIR	945	+	110	23514994	86120
chr8	23428874	23628874	harbor2	chr8	23520187	23520344	SINE/MIR	440	+	78	23520265	91391
chr8	73779046	73979046	harbor2	chr8	73821154	73821325	SINE/MIR	484	+	86	73821240	42194
chr8	23744917	23944917	harbor2	chr8	23768474	23768557	SINE/MIR	435	+	42	23768516	23599
chr8	23744917	23944917	harbor2	chr8	23768638	23768787	SINE/MIR	435	+	74	23768712	23795
chr8	23744917	23944917	harbor2	chr8	23792029	23792243	SINE/MIR	574	+	107	23792136	47219
chr8	23744917	23944917	harbor2	chr8	23797577	23797617	SINE/MIR	587	+	20	23797597	52680
chr8	23744917	23944917	harbor2	chr8	23797830	23797994	SINE/MIR	587	+	82	23797912	52995
chr8	23744917	23944917	harbor2	chr8	23828832	23829084	SINE/MIR	614	+	126	23828958	84041
chr8	23744917	23944917	harbor2	chr8	23830989	23831151	SINE/MIR	625	+	81	23831070	86153
chr8	138716197	138916197	harbor2	chr8	138744520	138744774	SINE/MIR	442	+	127	138744647	28450
chr8	138716197	138916197	harbor2	chr8	138753955	138754116	SINE/MIR	452	+	80	138754035	37838
chr8	138716197	138916197	harbor2	chr8	138766984	138767226	SINE/MIR	730	+	121	138767105	50908
chr8	138716197	138916197	harbor2	chr8	138792899	138793059	SINE/MIR	494	+	80	138792979	76782
chr9	4884805	5084805	harbor2	chr9	4977762	4978008	SINE/MIR	555	+	123	4977885	93080
chr9	4886038	5086038	harbor2	chr9	4977762	4978008	SINE/MIR	555	+	123	4977885	91847
chr9	4884737	5084737	harbor2	chr9	4977762	4978008	SINE/MIR	555	+	123	4977885	93148
chr9	4884821	5084821	harbor2	chr9	4977762	4978008	SINE/MIR	555	+	123	4977885	93064
chr9	4886039	5086039	harbor2	chr9	4977762	4978008	SINE/MIR	555	+	123	4977885	91846
chr9	4884782	5084782	harbor2	chr9	4977762	4978008	SINE/MIR	555	+	123	4977885	93103
chr9	21909388	22109388	harbor2	chr9	21978779	21978993	SINE/MIR	725	+	107	21978886	69498
chr9	21909388	22109388	harbor2	chr9	21983835	21984061	SINE/MIR	673	+	113	21983948	74560
chr9	4966574	5166574	harbor2	chr9	4977762	4978008	SINE/MIR	555	+	123	4977885	11311
chr9	4886275	5086275	harbor2	chr9	4977762	4978008	SINE/MIR	555	+	123	4977885	91610
chr9	4884843	5084843	harbor2	chr9	4977762	4978008	SINE/MIR	555	+	123	4977885	93042
chr9	4884788	5084788	harbor2	chr9	4977762	4978008	SINE/MIR	555	+	123	4977885	93097
chr9	4886030	5086030	harbor2	chr9	4977762	4978008	SINE/MIR	555	+	123	4977885	91855
chr9	4884822	5084822	harbor2	chr9	4977762	4978008	SINE/MIR	555	+	123	4977885	93063
chr9	112389442	112589442	harbor2	chr9	112410321	112410512	SINE/MIR	664	+	96	112410417	20975
chr9	112389442	112589442	harbor2	chr9	112435472	112435703	SINE/MIR	853	+	116	112435588	46146
chr9	112389442	112589442	harbor2	chr9	112439764	112440014	SINE/MIR	724	+	125	112439889	50447
chr9	112389442	112589442	harbor2	chr9	112447950	112448129	SINE/MIR	496	+	90	112448040	58598
chr9	112389442	112589442	harbor2	chr9	112485835	112486080	SINE/MIR	921	+	122	112485957	96515
chr9	79476304	79676304	harbor2	chr9	79543475	79543680	SINE/MIR	617	+	102	79543577	67273
chr9	79476304	79676304	harbor2	chr9	79563841	79564075	SINE/MIR	469	+	117	79563958	87654
chr9	79476304	79676304	harbor2	chr9	79565631	79565771	SINE/MIR	533	+	70	79565701	89397
chr9	4884859	5084859	harbor2	chr9	4977762	4978008	SINE/MIR	555	+	123	4977885	93026
chr9	4884785	5084785	harbor2	chr9	4977762	4978008	SINE/MIR	555	+	123	4977885	93100
chr9	112387666	112587666	harbor2	chr9	112410321	112410512	SINE/MIR	664	+	96	112410417	22751
chr9	112387666	112587666	harbor2	chr9	112435472	112435703	SINE/MIR	853	+	116	112435588	47922
chr9	112387666	112587666	harbor2	chr9	112439764	112440014	SINE/MIR	724	+	125	112439889	52223
chr9	112387666	112587666	harbor2	chr9	112447950	112448129	SINE/MIR	496	+	90	112448040	60374
chr9	112387666	112587666	harbor2	chr9	112485835	112486080	SINE/MIR	921	+	122	112485957	98291
chr9	4884771	5084771	harbor2	chr9	4977762	4978008	SINE/MIR	555	+	123	4977885	93114
chr9	4885574	5085574	harbor2	chr9	4977762	4978008	SINE/MIR	555	+	123	4977885	92311
chr9	4909381	5109381	harbor2	chr9	4977762	4978008	SINE/MIR	555	+	123	4977885	68504
chr9	4884790	5084790	harbor2	chr9	4977762	4978008	SINE/MIR	555	+	123	4977885	93095
chr9	4886294	5086294	harbor2	chr9	4977762	4978008	SINE/MIR	555	+	123	4977885	91591
chr9	4885943	5085943	harbor2	chr9	4977762	4978008	SINE/MIR	555	+	123	4977885	91942
chr9	4884804	5084804	harbor2	chr9	4977762	4978008	SINE/MIR	555	+	123	4977885	93081
chr9	4730682	4930682	harbor2	chr9	4797053	4797291	SINE/MIR	798	+	119	4797172	66490
chr9	4884786	5084786	harbor2	chr9	4977762	4978008	SINE/MIR	555	+	123	4977885	93099
chr9	4884800	5084800	harbor2	chr9	4977762	4978008	SINE/MIR	555	+	123	4977885	93085
chr9	4884853	5084853	harbor2	chr9	4977762	4978008	SINE/MIR	555	+	123	4977885	93032
chr9	5907138	6107138	harbor2	chr9	5908027	5908211	SINE/MIR	951	+	92	5908119	981
chr9	5907138	6107138	harbor2	chr9	5956364	5956629	SINE/MIR	775	+	132	5956496	49358
chr9	5907138	6107138	harbor2	chr9	5959301	5959528	SINE/MIR	711	+	114	5959415	52277
chr9	5907138	6107138	harbor2	chr9	5986978	5987173	SINE/MIR	587	+	98	5987076	79938
chr9	4885772	5085772	harbor2	chr9	4977762	4978008	SINE/MIR	555	+	123	4977885	92113
chr9	4880270	5080270	harbor2	chr9	4977762	4978008	SINE/MIR	555	+	123	4977885	97615
chr9	111797010	111997010	harbor2	chr9	111813058	111813233	SINE/MIR	493	+	88	111813146	16136
chr9	111797010	111997010	harbor2	chr9	111832314	111832478	SINE/MIR	552	+	82	111832396	35386
chr9	111797010	111997010	harbor2	chr9	111852150	111852325	SINE/MIR	485	+	88	111852238	55228
chr9	4884777	5084777	harbor2	chr9	4977762	4978008	SINE/MIR	555	+	123	4977885	93108
chr9	133682117	133882117	harbor2	chr9	133689536	133689656	SINE/MIR	559	+	60	133689596	7479
chr9	133682117	133882117	harbor2	chr9	133713686	133713861	SINE/MIR	532	+	88	133713774	31657
chr9	4884851	5084851	harbor2	chr9	4977762	4978008	SINE/MIR	555	+	123	4977885	93034
chr9	22103804	22303804	harbor2	chr9	22105793	22105908	SINE/MIR	588	+	58	22105851	2047
chr9	22103804	22303804	harbor2	chr9	22106517	22106674	SINE/MIR	588	+	78	22106595	2791
chr9	22103804	22303804	harbor2	chr9	22118993	22119221	SINE/MIR	602	+	114	22119107	15303
chr9	22103804	22303804	harbor2	chr9	22161281	22161505	SINE/MIR	630	+	112	22161393	57589
chr9	22103804	22303804	harbor2	chr9	22169616	22169838	SINE/MIR	644	+	111	22169727	65923
chr9	4974186	5174186	harbor2	chr9	4977762	4978008	SINE/MIR	555	+	123	4977885	3699
chr9	4729013	4929013	harbor2	chr9	4797053	4797291	SINE/MIR	798	+	119	4797172	68159
chr9	4884799	5084799	harbor2	chr9	4977762	4978008	SINE/MIR	555	+	123	4977885	93086
chr9	4884830	5084830	harbor2	chr9	4977762	4978008	SINE/MIR	555	+	123	4977885	93055
chr9	112387642	112587642	harbor2	chr9	112410321	112410512	SINE/MIR	664	+	96	112410417	22775
chr9	112387642	112587642	harbor2	chr9	112435472	112435703	SINE/MIR	853	+	116	112435588	47946
chr9	112387642	112587642	harbor2	chr9	112439764	112440014	SINE/MIR	724	+	125	112439889	52247
chr9	112387642	112587642	harbor2	chr9	112447950	112448129	SINE/MIR	496	+	90	112448040	60398
chr9	112387642	112587642	harbor2	chr9	112485835	112486080	SINE/MIR	921	+	122	112485957	98315
chr9	4884809	5084809	harbor2	chr9	4977762	4978008	SINE/MIR	555	+	123	4977885	93076
chr9	134036094	134236094	harbor2	chr9	134049674	134049830	SINE/MIR	660	+	78	134049752	13658
chr9	134036094	134236094	harbor2	chr9	134087516	134087709	SINE/MIR	620	+	96	134087612	51518
chr9	134036094	134236094	harbor2	chr9	134132638	134132826	SINE/MIR	661	+	94	134132732	96638
chr9	5596372	5796372	harbor2	chr9	5615806	5616041	SINE/MIR	797	+	118	5615924	19552
chr9	5596372	5796372	harbor2	chr9	5692189	5692416	SINE/MIR	593	+	114	5692303	95931
chr9	4886033	5086033	harbor2	chr9	4977762	4978008	SINE/MIR	555	+	123	4977885	91852
chr9	35657125	35857125	harbor2	chr9	35686940	35687123	SINE/MIR	636	+	92	35687032	29907
chr9	35657125	35857125	harbor2	chr9	35743202	35743434	SINE/MIR	935	+	116	35743318	86193
chr9	35657125	35857125	harbor2	chr9	35745867	35745998	SINE/MIR	475	+	66	35745933	88808
chr9	35657125	35857125	harbor2	chr9	35755095	35755321	SINE/MIR	933	+	113	35755208	98083
chr9	4884854	5084854	harbor2	chr9	4977762	4978008	SINE/MIR	555	+	123	4977885	93031
chr9	126781343	126981343	harbor2	chr9	126789923	126790148	SINE/MIR	740	+	112	126790035	8692
chr9	126781343	126981343	harbor2	chr9	126811301	126811497	SINE/MIR	563	+	98	126811399	30056
chr9	126781343	126981343	harbor2	chr9	126859224	126859439	SINE/MIR	826	+	108	126859332	77989
chr9	126781343	126981343	harbor2	chr9	126863122	126863327	SINE/MIR	637	+	102	126863224	81881
chr9	126781343	126981343	harbor2	chr9	126864161	126864288	SINE/MIR	608	+	64	126864225	82882
chr9	126781343	126981343	harbor2	chr9	126869317	126869474	SINE/MIR	471	+	78	126869395	88052
chr9	4886098	5086098	harbor2	chr9	4977762	4978008	SINE/MIR	555	+	123	4977885	91787
chr9	4885756	5085756	harbor2	chr9	4977762	4978008	SINE/MIR	555	+	123	4977885	92129
chr9	4969354	5169354	harbor2	chr9	4977762	4978008	SINE/MIR	555	+	123	4977885	8531
chr9	112387652	112587652	harbor2	chr9	112410321	112410512	SINE/MIR	664	+	96	112410417	22765
chr9	112387652	112587652	harbor2	chr9	112435472	112435703	SINE/MIR	853	+	116	112435588	47936
chr9	112387652	112587652	harbor2	chr9	112439764	112440014	SINE/MIR	724	+	125	112439889	52237
chr9	112387652	112587652	harbor2	chr9	112447950	112448129	SINE/MIR	496	+	90	112448040	60388
chr9	112387652	112587652	harbor2	chr9	112485835	112486080	SINE/MIR	921	+	122	112485957	98305
chr9	134036118	134236118	harbor2	chr9	134049674	134049830	SINE/MIR	660	+	78	134049752	13634
chr9	134036118	134236118	harbor2	chr9	134087516	134087709	SINE/MIR	620	+	96	134087612	51494
chr9	134036118	134236118	harbor2	chr9	134132638	134132826	SINE/MIR	661	+	94	134132732	96614
chr9	4884826	5084826	harbor2	chr9	4977762	4978008	SINE/MIR	555	+	123	4977885	93059
chr9	128001718	128201718	harbor2	chr9	128003196	128003341	SINE/MIR	655	+	72	128003268	1550
chr9	128001718	128201718	harbor2	chr9	128003632	128003734	SINE/MIR	655	+	51	128003683	1965
chr9	128001718	128201718	harbor2	chr9	128021077	128021333	SINE/MIR	541	+	128	128021205	19487
chr9	128001718	128201718	harbor2	chr9	128058305	128058464	SINE/MIR	551	+	80	128058385	56667
chr9	128001718	128201718	harbor2	chr9	128078062	128078242	SINE/MIR	657	+	90	128078152	76434
chr9	128001718	128201718	harbor2	chr9	128100031	128100235	SINE/MIR	538	+	102	128100133	98415
chr9	4751660	4951660	harbor2	chr9	4797053	4797291	SINE/MIR	798	+	119	4797172	45512
chr9	4886446	5086446	harbor2	chr9	4977762	4978008	SINE/MIR	555	+	123	4977885	91439
chr9	133064003	133264003	harbor2	chr9	133121611	133121821	SINE/MIR	604	+	105	133121716	57713
chr9	133064003	133264003	harbor2	chr9	133155358	133155565	SINE/MIR	541	+	104	133155462	91459
chr9	133064003	133264003	harbor2	chr9	133157684	133157822	SINE/MIR	540	+	69	133157753	93750
chr9	4728727	4928727	harbor2	chr9	4797053	4797291	SINE/MIR	798	+	119	4797172	68445
chr9	92959665	93159665	harbor2	chr9	93013505	93013622	SINE/MIR	470	+	58	93013563	53898
chr9	131575326	131775326	harbor2	chr9	131619558	131619772	SINE/MIR	835	+	107	131619665	44339
chr9	131575326	131775326	harbor2	chr9	131624140	131624317	SINE/MIR	515	+	88	131624228	48902
chr9	131575326	131775326	harbor2	chr9	131649455	131649663	SINE/MIR	637	+	104	131649559	74233
chr9	131575326	131775326	harbor2	chr9	131667775	131667939	SINE/MIR	482	+	82	131667857	92531
chr9	112647605	112847605	harbor2	chr9	112719876	112720078	SINE/MIR	595	+	101	112719977	72372
chr9	4884787	5084787	harbor2	chr9	4977762	4978008	SINE/MIR	555	+	123	4977885	93098
chr9	4885119	5085119	harbor2	chr9	4977762	4978008	SINE/MIR	555	+	123	4977885	92766
chr9	35657155	35857155	harbor2	chr9	35686940	35687123	SINE/MIR	636	+	92	35687032	29877
chr9	35657155	35857155	harbor2	chr9	35743202	35743434	SINE/MIR	935	+	116	35743318	86163
chr9	35657155	35857155	harbor2	chr9	35745867	35745998	SINE/MIR	475	+	66	35745933	88778
chr9	35657155	35857155	harbor2	chr9	35755095	35755321	SINE/MIR	933	+	113	35755208	98053
chr9	112422739	112622739	harbor2	chr9	112435472	112435703	SINE/MIR	853	+	116	112435588	12849
chr9	112422739	112622739	harbor2	chr9	112439764	112440014	SINE/MIR	724	+	125	112439889	17150
chr9	112422739	112622739	harbor2	chr9	112447950	112448129	SINE/MIR	496	+	90	112448040	25301
chr9	112422739	112622739	harbor2	chr9	112485835	112486080	SINE/MIR	921	+	122	112485957	63218
chr9	112422739	112622739	harbor2	chr9	112505249	112505442	SINE/MIR	711	+	96	112505345	82606
chr9	6451603	6651603	harbor2	chr9	6491179	6491409	SINE/MIR	553	+	115	6491294	39691
chr9	79473605	79673605	harbor2	chr9	79543475	79543680	SINE/MIR	617	+	102	79543577	69972
chr9	79473605	79673605	harbor2	chr9	79563841	79564075	SINE/MIR	469	+	117	79563958	90353
chr9	79473605	79673605	harbor2	chr9	79565631	79565771	SINE/MIR	533	+	70	79565701	92096
chr9	4884754	5084754	harbor2	chr9	4977762	4978008	SINE/MIR	555	+	123	4977885	93131
chr9	4884882	5084882	harbor2	chr9	4977762	4978008	SINE/MIR	555	+	123	4977885	93003
chr9	4884779	5084779	harbor2	chr9	4977762	4978008	SINE/MIR	555	+	123	4977885	93106
chr9	112387662	112587662	harbor2	chr9	112410321	112410512	SINE/MIR	664	+	96	112410417	22755
chr9	112387662	112587662	harbor2	chr9	112435472	112435703	SINE/MIR	853	+	116	112435588	47926
chr9	112387662	112587662	harbor2	chr9	112439764	112440014	SINE/MIR	724	+	125	112439889	52227
chr9	112387662	112587662	harbor2	chr9	112447950	112448129	SINE/MIR	496	+	90	112448040	60378
chr9	112387662	112587662	harbor2	chr9	112485835	112486080	SINE/MIR	921	+	122	112485957	98295
chr9	109158501	109358501	harbor2	chr9	109162452	109162638	SINE/MIR	607	+	93	109162545	4044
chr9	109158501	109358501	harbor2	chr9	109254937	109255070	SINE/MIR	468	+	66	109255003	96502
chr9	4734149	4934149	harbor2	chr9	4797053	4797291	SINE/MIR	798	+	119	4797172	63023
chr9	4884735	5084735	harbor2	chr9	4977762	4978008	SINE/MIR	555	+	123	4977885	93150
chr9	133071539	133271539	harbor2	chr9	133121611	133121821	SINE/MIR	604	+	105	133121716	50177
chr9	133071539	133271539	harbor2	chr9	133155358	133155565	SINE/MIR	541	+	104	133155462	83923
chr9	133071539	133271539	harbor2	chr9	133157684	133157822	SINE/MIR	540	+	69	133157753	86214
chr9	97416346	97616346	harbor2	chr9	97419827	97419998	SINE/MIR	484	+	86	97419913	3567
chr9	97416346	97616346	harbor2	chr9	97447213	97447449	SINE/MIR	490	+	118	97447331	30985
chr9	97416346	97616346	harbor2	chr9	97504107	97504247	SINE/MIR	502	+	70	97504177	87831
chr9	97416346	97616346	harbor2	chr9	97508106	97508184	SINE/MIR	603	+	39	97508145	91799
chr9	97416346	97616346	harbor2	chr9	97508490	97508604	SINE/MIR	603	+	57	97508547	92201
chr9	97416346	97616346	harbor2	chr9	97509228	97509357	SINE/MIR	518	+	64	97509292	92946
chr9	20286384	20486384	harbor2	chr9	20289442	20289643	SINE/MIR	472	+	100	20289542	3158
chr9	20286384	20486384	harbor2	chr9	20349117	20349336	SINE/MIR	555	+	110	20349227	62843
chr9	20286384	20486384	harbor2	chr9	20383390	20383631	SINE/MIR	621	+	120	20383510	97126
chr9	122142319	122342319	harbor2	chr9	122156320	122156547	SINE/MIR	510	+	114	122156434	14115
chr9	122142319	122342319	harbor2	chr9	122158513	122158638	SINE/MIR	492	+	62	122158575	16256
chr9	122142319	122342319	harbor2	chr9	122169867	122170017	SINE/MIR	634	+	75	122169942	27623
chr9	122142319	122342319	harbor2	chr9	122170322	122170440	SINE/MIR	634	+	59	122170381	28062
chr9	122142319	122342319	harbor2	chr9	122173787	122173964	SINE/MIR	636	+	88	122173875	31556
chr9	122142319	122342319	harbor2	chr9	122179431	122179640	SINE/MIR	582	+	104	122179535	37216
chr9	122142319	122342319	harbor2	chr9	122181631	122181889	SINE/MIR	689	+	129	122181760	39441
chr9	122142319	122342319	harbor2	chr9	122186910	122187176	SINE/MIR	697	+	133	122187043	44724
chr9	122142319	122342319	harbor2	chr9	122199163	122199365	SINE/MIR	598	+	101	122199264	56945
chr9	122142319	122342319	harbor2	chr9	122204856	122205035	SINE/MIR	698	+	90	122204946	62627
chr9	122142319	122342319	harbor2	chr9	122231693	122231951	SINE/MIR	586	+	129	122231822	89503
chr9	122142319	122342319	harbor2	chr9	122233542	122233783	SINE/MIR	569	+	120	122233662	91343
chr9	122142319	122342319	harbor2	chr9	122238027	122238201	SINE/MIR	558	+	87	122238114	95795
chr9	122142319	122342319	harbor2	chr9	122142541	122142762	SINE/MIR	587	+	110	122142651	332
chr9	4885199	5085199	harbor2	chr9	4977762	4978008	SINE/MIR	555	+	123	4977885	92686
chr9	130746613	130946613	harbor2	chr9	130749586	130749788	SINE/MIR	489	+	101	130749687	3074
chr9	130746613	130946613	harbor2	chr9	130752194	130752333	SINE/MIR	471	+	70	130752264	5651
chr9	130746613	130946613	harbor2	chr9	130833988	130834233	SINE/MIR	512	+	122	130834110	87497
chr9	130746613	130946613	harbor2	chr9	130839888	130840099	SINE/MIR	504	+	106	130839994	93381
chr9	4900510	5100510	harbor2	chr9	4977762	4978008	SINE/MIR	555	+	123	4977885	77375
chr9	4886398	5086398	harbor2	chr9	4977762	4978008	SINE/MIR	555	+	123	4977885	91487
chr9	131637199	131837199	harbor2	chr9	131649455	131649663	SINE/MIR	637	+	104	131649559	12360
chr9	131637199	131837199	harbor2	chr9	131667775	131667939	SINE/MIR	482	+	82	131667857	30658
chr9	131637199	131837199	harbor2	chr9	131698289	131698471	SINE/MIR	673	+	91	131698380	61181
chr9	124315514	124515514	harbor2	chr9	124338649	124338831	SINE/MIR	479	+	91	124338740	23226
chr9	124315514	124515514	harbor2	chr9	124348513	124348638	SINE/MIR	492	+	62	124348575	33061
chr9	124315514	124515514	harbor2	chr9	124351689	124351931	SINE/MIR	605	+	121	124351810	36296
chr9	124315514	124515514	harbor2	chr9	124360709	124360927	SINE/MIR	726	+	109	124360818	45304
chr9	124315514	124515514	harbor2	chr9	124367585	124367837	SINE/MIR	501	+	126	124367711	52197
chr9	124315514	124515514	harbor2	chr9	124376749	124376942	SINE/MIR	651	+	96	124376845	61331
chr9	124315514	124515514	harbor2	chr9	124397098	124397243	SINE/MIR	484	+	72	124397170	81656
chr9	124315514	124515514	harbor2	chr9	124398784	124398960	SINE/MIR	526	+	88	124398872	83358
chr9	124315514	124515514	harbor2	chr9	124411734	124411894	SINE/MIR	534	+	80	124411814	96300
chr9	91845860	92045860	harbor2	chr9	91892337	91892520	SINE/MIR	597	+	92	91892429	46569
chr9	91845860	92045860	harbor2	chr9	91928519	91928746	SINE/MIR	516	+	114	91928633	82773
chr9	134036111	134236111	harbor2	chr9	134049674	134049830	SINE/MIR	660	+	78	134049752	13641
chr9	134036111	134236111	harbor2	chr9	134087516	134087709	SINE/MIR	620	+	96	134087612	51501
chr9	134036111	134236111	harbor2	chr9	134132638	134132826	SINE/MIR	661	+	94	134132732	96621
chr9	133063982	133263982	harbor2	chr9	133121611	133121821	SINE/MIR	604	+	105	133121716	57734
chr9	133063982	133263982	harbor2	chr9	133155358	133155565	SINE/MIR	541	+	104	133155462	91480
chr9	133063982	133263982	harbor2	chr9	133157684	133157822	SINE/MIR	540	+	69	133157753	93771
chr9	5394375	5594375	harbor2	chr9	5443315	5443516	SINE/MIR	1002	+	100	5443415	49040
chr9	5394375	5594375	harbor2	chr9	5464245	5464405	SINE/MIR	615	+	80	5464325	69950
chr9	5394375	5594375	harbor2	chr9	5485835	5486057	SINE/MIR	706	+	111	5485946	91571
chr9	5394375	5594375	harbor2	chr9	5489520	5489754	SINE/MIR	852	+	117	5489637	95262
chr9	99191390	99391390	harbor2	chr9	99193614	99193817	SINE/MIR	642	+	102	99193716	2326
chr9	99191390	99391390	harbor2	chr9	99202115	99202336	SINE/MIR	518	+	110	99202225	10835
chr9	99191390	99391390	harbor2	chr9	99219386	99219616	SINE/MIR	702	+	115	99219501	28111
chr9	99191390	99391390	harbor2	chr9	99267251	99267437	SINE/MIR	853	+	93	99267344	75954
chr9	99191390	99391390	harbor2	chr9	99289734	99289959	SINE/MIR	676	+	112	99289846	98456
chr9	6451602	6651602	harbor2	chr9	6491179	6491409	SINE/MIR	553	+	115	6491294	39692
chr9	130839891	131039891	harbor2	chr9	130839888	130840099	SINE/MIR	504	+	106	130839994	103
chr9	4885182	5085182	harbor2	chr9	4977762	4978008	SINE/MIR	555	+	123	4977885	92703
chr9	4889318	5089318	harbor2	chr9	4977762	4978008	SINE/MIR	555	+	123	4977885	88567
chr9	4884847	5084847	harbor2	chr9	4977762	4978008	SINE/MIR	555	+	123	4977885	93038
chr9	19342296	19542296	harbor2	chr9	19387086	19387250	SINE/MIR	582	+	82	19387168	44872
chr9	19342296	19542296	harbor2	chr9	19438083	19438291	SINE/MIR	484	+	104	19438187	95891
chr9	4885867	5085867	harbor2	chr9	4977762	4978008	SINE/MIR	555	+	123	4977885	92018
chr9	4886482	5086482	harbor2	chr9	4977762	4978008	SINE/MIR	555	+	123	4977885	91403
chr9	4884812	5084812	harbor2	chr9	4977762	4978008	SINE/MIR	555	+	123	4977885	93073
chr9	68607235	68807235	harbor2	chr9	68614712	68614890	SINE/MIR	569	+	89	68614801	7566
chr9	68607235	68807235	harbor2	chr9	68622010	68622170	SINE/MIR	592	+	80	68622090	14855
chr9	68607235	68807235	harbor2	chr9	68627275	68627453	SINE/MIR	702	+	89	68627364	20129
chr9	68607235	68807235	harbor2	chr9	68638064	68638305	SINE/MIR	609	+	120	68638184	30949
chr9	68607235	68807235	harbor2	chr9	68645000	68645124	SINE/MIR	496	+	62	68645062	37827
chr9	68607235	68807235	harbor2	chr9	68672720	68672961	SINE/MIR	733	+	120	68672840	65605
chr9	68607235	68807235	harbor2	chr9	68681816	68682008	SINE/MIR	680	+	96	68681912	74677
chr9	4884845	5084845	harbor2	chr9	4977762	4978008	SINE/MIR	555	+	123	4977885	93040
chr9	4885145	5085145	harbor2	chr9	4977762	4978008	SINE/MIR	555	+	123	4977885	92740
chr9	4886035	5086035	harbor2	chr9	4977762	4978008	SINE/MIR	555	+	123	4977885	91850
chr9	108349469	108549469	harbor2	chr9	108392605	108392794	SINE/MIR	644	+	94	108392699	43230
chr9	108349469	108549469	harbor2	chr9	108443177	108443308	SINE/MIR	505	+	66	108443243	93774
chr9	4887289	5087289	harbor2	chr9	4977762	4978008	SINE/MIR	555	+	123	4977885	90596
chr9	4886440	5086440	harbor2	chr9	4977762	4978008	SINE/MIR	555	+	123	4977885	91445
chr9	134036117	134236117	harbor2	chr9	134049674	134049830	SINE/MIR	660	+	78	134049752	13635
chr9	134036117	134236117	harbor2	chr9	134087516	134087709	SINE/MIR	620	+	96	134087612	51495
chr9	134036117	134236117	harbor2	chr9	134132638	134132826	SINE/MIR	661	+	94	134132732	96615
chr9	131576456	131776456	harbor2	chr9	131619558	131619772	SINE/MIR	835	+	107	131619665	43209
chr9	131576456	131776456	harbor2	chr9	131624140	131624317	SINE/MIR	515	+	88	131624228	47772
chr9	131576456	131776456	harbor2	chr9	131649455	131649663	SINE/MIR	637	+	104	131649559	73103
chr9	131576456	131776456	harbor2	chr9	131667775	131667939	SINE/MIR	482	+	82	131667857	91401
chr9	4886206	5086206	harbor2	chr9	4977762	4978008	SINE/MIR	555	+	123	4977885	91679
chr9	135951490	136151490	harbor2	chr9	135969926	135970051	SINE/MIR	613	+	62	135969988	18498
chr9	4885197	5085197	harbor2	chr9	4977762	4978008	SINE/MIR	555	+	123	4977885	92688
chr9	87628195	87828195	harbor2	chr9	87671909	87672139	SINE/MIR	656	+	115	87672024	43829
chr9	87628195	87828195	harbor2	chr9	87719318	87719483	SINE/MIR	626	+	82	87719400	91205
chr9	97885753	98085753	harbor2	chr9	97939120	97939346	SINE/MIR	542	+	113	97939233	53480
chr9	97885753	98085753	harbor2	chr9	97952871	97953019	SINE/MIR	470	+	74	97952945	67192
chr9	97885753	98085753	harbor2	chr9	97953306	97953399	SINE/MIR	470	+	46	97953352	67599
chr9	34027426	34227426	harbor2	chr9	34069653	34069820	SINE/MIR	578	+	84	34069737	42311
chr9	34027426	34227426	harbor2	chr9	34069800	34069934	SINE/MIR	479	+	67	34069867	42441
chr9	68619252	68819252	harbor2	chr9	68622010	68622170	SINE/MIR	592	+	80	68622090	2838
chr9	68619252	68819252	harbor2	chr9	68627275	68627453	SINE/MIR	702	+	89	68627364	8112
chr9	68619252	68819252	harbor2	chr9	68638064	68638305	SINE/MIR	609	+	120	68638184	18932
chr9	68619252	68819252	harbor2	chr9	68645000	68645124	SINE/MIR	496	+	62	68645062	25810
chr9	68619252	68819252	harbor2	chr9	68672720	68672961	SINE/MIR	733	+	120	68672840	53588
chr9	68619252	68819252	harbor2	chr9	68681816	68682008	SINE/MIR	680	+	96	68681912	62660
chr9	4884895	5084895	harbor2	chr9	4977762	4978008	SINE/MIR	555	+	123	4977885	92990
chr9	85705754	85905754	harbor2	chr9	85749654	85749790	SINE/MIR	586	+	68	85749722	43968
chr9	130120234	130320234	harbor2	chr9	130175942	130176117	SINE/MIR	474	+	88	130176030	55796
chr9	130120234	130320234	harbor2	chr9	130204589	130204766	SINE/MIR	732	+	88	130204677	84443
chr9	4884866	5084866	harbor2	chr9	4977762	4978008	SINE/MIR	555	+	123	4977885	93019
chr9	112726256	112926256	harbor2	chr9	112759754	112759954	SINE/MIR	628	+	100	112759854	33598
chr9	112726256	112926256	harbor2	chr9	112773133	112773306	SINE/MIR	484	+	86	112773219	46963
chr9	27249897	27449897	harbor2	chr9	27250504	27250749	SINE/MIR	611	+	122	27250626	729
chr9	27249897	27449897	harbor2	chr9	27263059	27263252	SINE/MIR	762	+	96	27263155	13258
chr9	27249897	27449897	harbor2	chr9	27287531	27287668	SINE/MIR	511	+	68	27287599	37702
chr9	27249897	27449897	harbor2	chr9	27301428	27301560	SINE/MIR	485	+	66	27301494	51597
chr9	27249897	27449897	harbor2	chr9	27312282	27312498	SINE/MIR	703	+	108	27312390	62493
chr9	27249897	27449897	harbor2	chr9	27314362	27314574	SINE/MIR	618	+	106	27314468	64571
chr9	27249897	27449897	harbor2	chr9	27346348	27346541	SINE/MIR	584	+	96	27346444	96547
chr9	35657152	35857152	harbor2	chr9	35686940	35687123	SINE/MIR	636	+	92	35687032	29880
chr9	35657152	35857152	harbor2	chr9	35743202	35743434	SINE/MIR	935	+	116	35743318	86166
chr9	35657152	35857152	harbor2	chr9	35745867	35745998	SINE/MIR	475	+	66	35745933	88781
chr9	35657152	35857152	harbor2	chr9	35755095	35755321	SINE/MIR	933	+	113	35755208	98056
chr9	4734367	4934367	harbor2	chr9	4797053	4797291	SINE/MIR	798	+	119	4797172	62805
chr9	4884763	5084763	harbor2	chr9	4977762	4978008	SINE/MIR	555	+	123	4977885	93122
chr9	128981398	129181398	harbor2	chr9	128988390	128988529	SINE/MIR	629	+	70	128988460	7062
chr9	128981398	129181398	harbor2	chr9	129005828	129006009	SINE/MIR	513	+	90	129005918	24520
chr9	128981398	129181398	harbor2	chr9	129022879	129023096	SINE/MIR	643	+	108	129022987	41589
chr9	134617293	134817293	harbor2	chr9	134655455	134655601	SINE/MIR	480	+	73	134655528	38235
chr9	134617293	134817293	harbor2	chr9	134704176	134704389	SINE/MIR	616	+	106	134704282	86989
chr9	87687012	87887012	harbor2	chr9	87719318	87719483	SINE/MIR	626	+	82	87719400	32388
chr9	105154708	105354708	harbor2	chr9	105173980	105174217	SINE/MIR	616	+	118	105174098	19390
chr9	105154708	105354708	harbor2	chr9	105230789	105230942	SINE/MIR	469	+	76	105230865	76157
chr9	105154708	105354708	harbor2	chr9	105231244	105231347	SINE/MIR	469	+	52	105231296	76588
chr9	112749826	112949826	harbor2	chr9	112759754	112759954	SINE/MIR	628	+	100	112759854	10028
chr9	112749826	112949826	harbor2	chr9	112773133	112773306	SINE/MIR	484	+	86	112773219	23393
chr9	4884860	5084860	harbor2	chr9	4977762	4978008	SINE/MIR	555	+	123	4977885	93025
chr9	34027547	34227547	harbor2	chr9	34069653	34069820	SINE/MIR	578	+	84	34069737	42190
chr9	34027547	34227547	harbor2	chr9	34069800	34069934	SINE/MIR	479	+	67	34069867	42320
chr9	4885129	5085129	harbor2	chr9	4977762	4978008	SINE/MIR	555	+	123	4977885	92756
chr9	133822376	134022376	harbor2	chr9	133822870	133823038	SINE/MIR	532	+	84	133822954	578
chr9	133822376	134022376	harbor2	chr9	133831815	133832028	SINE/MIR	616	+	106	133831921	9545
chr9	133822376	134022376	harbor2	chr9	133836984	133837200	SINE/MIR	639	+	108	133837092	14716
chr9	133822376	134022376	harbor2	chr9	133847633	133847811	SINE/MIR	489	+	89	133847722	25346
chr9	4743685	4943685	harbor2	chr9	4797053	4797291	SINE/MIR	798	+	119	4797172	53487
chr9	35629934	35829934	harbor2	chr9	35630627	35630781	SINE/MIR	620	+	77	35630704	770
chr9	35629934	35829934	harbor2	chr9	35686940	35687123	SINE/MIR	636	+	92	35687032	57098
chr9	4885175	5085175	harbor2	chr9	4977762	4978008	SINE/MIR	555	+	123	4977885	92710
chr9	133678753	133878753	harbor2	chr9	133689536	133689656	SINE/MIR	559	+	60	133689596	10843
chr9	133678753	133878753	harbor2	chr9	133713686	133713861	SINE/MIR	532	+	88	133713774	35021
chr9	38155453	38355453	harbor2	chr9	38156061	38156241	SINE/MIR	590	+	90	38156151	698
chr9	38155453	38355453	harbor2	chr9	38196596	38196776	SINE/MIR	584	+	90	38196686	41233
chr9	38155453	38355453	harbor2	chr9	38225321	38225465	SINE/MIR	565	+	72	38225393	69940
chr9	38155453	38355453	harbor2	chr9	38225761	38225925	SINE/MIR	578	+	82	38225843	70390
chr9	38155453	38355453	harbor2	chr9	38233716	38233945	SINE/MIR	508	+	114	38233830	78377
chr9	38155453	38355453	harbor2	chr9	38253817	38253999	SINE/MIR	511	+	91	38253908	98455
chr9	4886443	5086443	harbor2	chr9	4977762	4978008	SINE/MIR	555	+	123	4977885	91442
chr9	4889439	5089439	harbor2	chr9	4977762	4978008	SINE/MIR	555	+	123	4977885	88446
chr9	4889480	5089480	harbor2	chr9	4977762	4978008	SINE/MIR	555	+	123	4977885	88405
chr9	4886329	5086329	harbor2	chr9	4977762	4978008	SINE/MIR	555	+	123	4977885	91556
chr9	4725632	4925632	harbor2	chr9	4797053	4797291	SINE/MIR	798	+	119	4797172	71540
chr9	133962159	134162159	harbor2	chr9	134049674	134049830	SINE/MIR	660	+	78	134049752	87593
chr9	123915711	124115711	harbor2	chr9	123932113	123932365	SINE/MIR	954	+	126	123932239	16528
chr9	123915711	124115711	harbor2	chr9	123938095	123938268	SINE/MIR	630	+	86	123938181	22470
chr9	123915711	124115711	harbor2	chr9	123959138	123959334	SINE/MIR	592	+	98	123959236	43525
chr9	123915711	124115711	harbor2	chr9	123975037	123975206	SINE/MIR	641	+	84	123975121	59410
chr9	6727745	6927745	harbor2	chr9	6756139	6756312	SINE/MIR	591	+	86	6756225	28480
chr9	6727745	6927745	harbor2	chr9	6769407	6769630	SINE/MIR	495	+	112	6769519	41774
chr9	4884829	5084829	harbor2	chr9	4977762	4978008	SINE/MIR	555	+	123	4977885	93056
chr9	114075574	114275574	harbor2	chr9	114079008	114079212	SINE/MIR	823	+	102	114079110	3536
chr9	114075574	114275574	harbor2	chr9	114084171	114084399	SINE/MIR	470	+	114	114084285	8711
chr9	114075574	114275574	harbor2	chr9	114085696	114085942	SINE/MIR	812	+	123	114085819	10245
chr9	114075574	114275574	harbor2	chr9	114119289	114119522	SINE/MIR	516	+	116	114119405	43831
chr9	114075574	114275574	harbor2	chr9	114120052	114120233	SINE/MIR	486	+	90	114120142	44568
chr9	114075574	114275574	harbor2	chr9	114121142	114121376	SINE/MIR	851	+	117	114121259	45685
chr9	114075574	114275574	harbor2	chr9	114122683	114122927	SINE/MIR	494	+	122	114122805	47231
chr9	114075574	114275574	harbor2	chr9	114125954	114126162	SINE/MIR	672	+	104	114126058	50484
chr9	114075574	114275574	harbor2	chr9	114141875	114142103	SINE/MIR	715	+	114	114141989	66415
chr9	114075574	114275574	harbor2	chr9	114157715	114157949	SINE/MIR	652	+	117	114157832	82258
chr9	114075574	114275574	harbor2	chr9	114164053	114164285	SINE/MIR	705	+	116	114164169	88595
chr9	114075574	114275574	harbor2	chr9	114173583	114173697	SINE/MIR	583	+	57	114173640	98066
chr9	36902991	37102991	harbor2	chr9	36903932	36904171	SINE/MIR	970	+	120	36904052	1061
chr9	36902991	37102991	harbor2	chr9	36921452	36921682	SINE/MIR	549	+	115	36921567	18576
chr9	36902991	37102991	harbor2	chr9	36941125	36941323	SINE/MIR	498	+	99	36941224	38233
chr9	36902991	37102991	harbor2	chr9	36959807	36960025	SINE/MIR	540	+	109	36959916	56925
chr9	36902991	37102991	harbor2	chr9	36972268	36972445	SINE/MIR	525	+	88	36972356	69365
chr9	36902991	37102991	harbor2	chr9	36974624	36974772	SINE/MIR	480	+	74	36974698	71707
chr9	36902991	37102991	harbor2	chr9	36975285	36975382	SINE/MIR	772	+	48	36975333	72342
chr9	36902991	37102991	harbor2	chr9	36975685	36975843	SINE/MIR	772	+	79	36975764	72773
chr9	36902991	37102991	harbor2	chr9	36984329	36984435	SINE/MIR	527	+	53	36984382	81391
chr9	36902991	37102991	harbor2	chr9	36984756	36984798	SINE/MIR	527	+	21	36984777	81786
chr9	36902991	37102991	harbor2	chr9	36989314	36989526	SINE/MIR	662	+	106	36989420	86429
chr9	36902991	37102991	harbor2	chr9	36945751	36945938	SINE/MIR	824	+	94	36945845	42854
chr9	133793578	133993578	harbor2	chr9	133822870	133823038	SINE/MIR	532	+	84	133822954	29376
chr9	133793578	133993578	harbor2	chr9	133831815	133832028	SINE/MIR	616	+	106	133831921	38343
chr9	133793578	133993578	harbor2	chr9	133836984	133837200	SINE/MIR	639	+	108	133837092	43514
chr9	133793578	133993578	harbor2	chr9	133847633	133847811	SINE/MIR	489	+	89	133847722	54144
chr9	134036096	134236096	harbor2	chr9	134049674	134049830	SINE/MIR	660	+	78	134049752	13656
chr9	134036096	134236096	harbor2	chr9	134087516	134087709	SINE/MIR	620	+	96	134087612	51516
chr9	134036096	134236096	harbor2	chr9	134132638	134132826	SINE/MIR	661	+	94	134132732	96636
chr9	135957339	136157339	harbor2	chr9	135969926	135970051	SINE/MIR	613	+	62	135969988	12649
chr9	126299693	126499693	harbor2	chr9	126299866	126300011	SINE/MIR	628	+	72	126299938	245
chr9	126299693	126499693	harbor2	chr9	126306357	126306564	SINE/MIR	866	+	104	126306461	6768
chr9	126299693	126499693	harbor2	chr9	126319408	126319651	SINE/MIR	565	+	122	126319530	19837
chr9	126299693	126499693	harbor2	chr9	126328466	126328706	SINE/MIR	775	+	120	126328586	28893
chr9	126299693	126499693	harbor2	chr9	126329110	126329327	SINE/MIR	550	+	108	126329218	29525
chr9	126299693	126499693	harbor2	chr9	126353445	126353587	SINE/MIR	585	+	71	126353516	53823
chr9	133248112	133448112	harbor2	chr9	133345845	133346058	SINE/MIR	763	+	106	133345951	97839
chr9	111563686	111763686	harbor2	chr9	111600416	111600564	SINE/MIR	482	+	74	111600490	36804
chr9	4884856	5084856	harbor2	chr9	4977762	4978008	SINE/MIR	555	+	123	4977885	93029
chr9	4885087	5085087	harbor2	chr9	4977762	4978008	SINE/MIR	555	+	123	4977885	92798
chr9	4886608	5086608	harbor2	chr9	4977762	4978008	SINE/MIR	555	+	123	4977885	91277
chr9	4885766	5085766	harbor2	chr9	4977762	4978008	SINE/MIR	555	+	123	4977885	92119
chr9	134036081	134236081	harbor2	chr9	134049674	134049830	SINE/MIR	660	+	78	134049752	13671
chr9	134036081	134236081	harbor2	chr9	134087516	134087709	SINE/MIR	620	+	96	134087612	51531
chr9	134036081	134236081	harbor2	chr9	134132638	134132826	SINE/MIR	661	+	94	134132732	96651
chr9	4884865	5084865	harbor2	chr9	4977762	4978008	SINE/MIR	555	+	123	4977885	93020
chr9	108356062	108556062	harbor2	chr9	108392605	108392794	SINE/MIR	644	+	94	108392699	36637
chr9	108356062	108556062	harbor2	chr9	108443177	108443308	SINE/MIR	505	+	66	108443243	87181
chr9	99259961	99459961	harbor2	chr9	99267251	99267437	SINE/MIR	853	+	93	99267344	7383
chr9	99259961	99459961	harbor2	chr9	99289734	99289959	SINE/MIR	676	+	112	99289846	29885
chr9	99259961	99459961	harbor2	chr9	99312392	99312594	SINE/MIR	598	+	101	99312493	52532
chr9	99259961	99459961	harbor2	chr9	99317043	99317300	SINE/MIR	726	+	128	99317171	57210
chr10	48742186	48942186	harbor2	chr10	48765284	48765526	SINE/MIR	582	+	121	48765405	23219
chr10	48742186	48942186	harbor2	chr10	48767089	48767294	SINE/MIR	586	+	102	48767191	25005
chr10	48742186	48942186	harbor2	chr10	48771379	48771545	SINE/MIR	525	+	83	48771462	29276
chr10	48742186	48942186	harbor2	chr10	48779588	48779789	SINE/MIR	704	+	100	48779688	37502
chr10	48742186	48942186	harbor2	chr10	48791207	48791435	SINE/MIR	845	+	114	48791321	49135
chr10	48742186	48942186	harbor2	chr10	48796594	48796789	SINE/MIR	533	+	98	48796692	54506
chr10	48742186	48942186	harbor2	chr10	48808790	48808932	SINE/MIR	629	+	71	48808861	66675
chr10	48742186	48942186	harbor2	chr10	48809012	48809116	SINE/MIR	629	+	52	48809064	66878
chr10	102141600	102341600	harbor2	chr10	102153071	102153313	SINE/MIR	500	+	121	102153192	11592
chr10	102141600	102341600	harbor2	chr10	102235390	102235591	SINE/MIR	749	+	100	102235490	93890
chr10	102141612	102341612	harbor2	chr10	102153071	102153313	SINE/MIR	500	+	121	102153192	11580
chr10	102141612	102341612	harbor2	chr10	102235390	102235591	SINE/MIR	749	+	100	102235490	93878
chr10	103893614	104093614	harbor2	chr10	103909014	103909157	SINE/MIR	464	+	72	103909086	15472
chr10	103893614	104093614	harbor2	chr10	103944484	103944660	SINE/MIR	468	+	88	103944572	50958
chr10	103893614	104093614	harbor2	chr10	103946319	103946453	SINE/MIR	521	+	67	103946386	52772
chr10	103893614	104093614	harbor2	chr10	103961236	103961467	SINE/MIR	646	+	116	103961352	67738
chr10	103893614	104093614	harbor2	chr10	103982839	103983049	SINE/MIR	492	+	105	103982944	89330
chr10	103893614	104093614	harbor2	chr10	103988557	103988716	SINE/MIR	651	+	80	103988637	95023
chr10	122407392	122607392	harbor2	chr10	122479276	122479544	SINE/MIR	534	+	134	122479410	72018
chr10	75729207	75929207	harbor2	chr10	75757494	75757727	SINE/MIR	532	+	116	75757610	28403
chr10	75729207	75929207	harbor2	chr10	75762558	75762788	SINE/MIR	1042	+	115	75762673	33466
chr10	75729207	75929207	harbor2	chr10	75777638	75777859	SINE/MIR	618	+	110	75777748	48541
chr10	75729207	75929207	harbor2	chr10	75783551	75783799	SINE/MIR	462	+	124	75783675	54468
chr10	75729207	75929207	harbor2	chr10	75784131	75784361	SINE/MIR	755	+	115	75784246	55039
chr10	75729207	75929207	harbor2	chr10	75789064	75789318	SINE/MIR	665	+	127	75789191	59984
chr10	75729207	75929207	harbor2	chr10	75792634	75792882	SINE/MIR	806	+	124	75792758	63551
chr10	75729207	75929207	harbor2	chr10	75803463	75803714	SINE/MIR	1117	+	126	75803589	74382
chr10	103552962	103752962	harbor2	chr10	103553154	103553301	SINE/MIR	505	+	74	103553228	266
chr10	103552962	103752962	harbor2	chr10	103554490	103554742	SINE/MIR	467	+	126	103554616	1654
chr10	103552962	103752962	harbor2	chr10	103559579	103559779	SINE/MIR	705	+	100	103559679	6717
chr10	103552962	103752962	harbor2	chr10	103560739	103560875	SINE/MIR	647	+	68	103560807	7845
chr10	103552962	103752962	harbor2	chr10	103564572	103564711	SINE/MIR	494	+	70	103564642	11680
chr10	103552962	103752962	harbor2	chr10	103567717	103567905	SINE/MIR	541	+	94	103567811	14849
chr10	103552962	103752962	harbor2	chr10	103609807	103610042	SINE/MIR	571	+	118	103609925	56963
chr10	103552962	103752962	harbor2	chr10	103634767	103634976	SINE/MIR	617	+	104	103634871	81909
chr10	103552962	103752962	harbor2	chr10	103638522	103638727	SINE/MIR	756	+	102	103638624	85662
chr10	14779254	14979254	harbor2	chr10	14844095	14844322	SINE/MIR	684	+	114	14844209	64955
chr10	14779254	14979254	harbor2	chr10	14846560	14846746	SINE/MIR	517	+	93	14846653	67399
chr10	14779254	14979254	harbor2	chr10	14847877	14848099	SINE/MIR	581	+	111	14847988	68734
chr10	97778537	97978537	harbor2	chr10	97778984	97779225	SINE/MIR	818	+	120	97779104	567
chr10	97778537	97978537	harbor2	chr10	97780500	97780720	SINE/MIR	522	+	110	97780610	2073
chr10	97778537	97978537	harbor2	chr10	97790082	97790329	SINE/MIR	780	+	124	97790206	11669
chr10	97778537	97978537	harbor2	chr10	97800745	97800916	SINE/MIR	526	+	86	97800831	22294
chr10	97778537	97978537	harbor2	chr10	97811158	97811173	SINE/MIR	687	+	8	97811166	32629
chr10	97778537	97978537	harbor2	chr10	97811466	97811654	SINE/MIR	701	+	94	97811560	33023
chr10	97778537	97978537	harbor2	chr10	97828636	97828847	SINE/MIR	538	+	106	97828742	50205
chr10	97778537	97978537	harbor2	chr10	97846921	97847180	SINE/MIR	816	+	130	97847051	68514
chr10	97778537	97978537	harbor2	chr10	97875117	97875348	SINE/MIR	539	+	116	97875233	96696
chr10	97778537	97978537	harbor2	chr10	97876177	97876400	SINE/MIR	545	+	112	97876289	97752
chr10	14778679	14978679	harbor2	chr10	14844095	14844322	SINE/MIR	684	+	114	14844209	65530
chr10	14778679	14978679	harbor2	chr10	14846560	14846746	SINE/MIR	517	+	93	14846653	67974
chr10	14778679	14978679	harbor2	chr10	14847877	14848099	SINE/MIR	581	+	111	14847988	69309
chr10	103296527	103496527	harbor2	chr10	103313833	103314065	SINE/MIR	698	+	116	103313949	17422
chr10	103296527	103496527	harbor2	chr10	103328441	103328680	SINE/MIR	734	+	120	103328561	32034
chr10	97398820	97598820	harbor2	chr10	97407803	97408040	SINE/MIR	924	+	118	97407921	9101
chr10	97398820	97598820	harbor2	chr10	97408843	97409015	SINE/MIR	669	+	86	97408929	10109
chr10	97398820	97598820	harbor2	chr10	97423517	97423682	SINE/MIR	497	+	82	97423599	24779
chr10	97398820	97598820	harbor2	chr10	97423976	97424063	SINE/MIR	497	+	44	97424020	25200
chr10	97398820	97598820	harbor2	chr10	97424196	97424392	SINE/MIR	608	+	98	97424294	25474
chr10	22337523	22537523	harbor2	chr10	22369530	22369774	SINE/MIR	673	+	122	22369652	32129
chr10	22337523	22537523	harbor2	chr10	22401991	22402210	SINE/MIR	746	+	110	22402101	64578
chr10	22337523	22537523	harbor2	chr10	22414396	22414573	SINE/MIR	485	+	88	22414484	76961
chr10	22337523	22537523	harbor2	chr10	22429919	22430160	SINE/MIR	614	+	120	22430039	92516
chr10	22337523	22537523	harbor2	chr10	22364123	22364323	SINE/MIR	721	+	100	22364223	26700
chr10	14778676	14978676	harbor2	chr10	14844095	14844322	SINE/MIR	684	+	114	14844209	65533
chr10	14778676	14978676	harbor2	chr10	14846560	14846746	SINE/MIR	517	+	93	14846653	67977
chr10	14778676	14978676	harbor2	chr10	14847877	14848099	SINE/MIR	581	+	111	14847988	69312
chr10	97415128	97615128	harbor2	chr10	97423517	97423682	SINE/MIR	497	+	82	97423599	8471
chr10	97415128	97615128	harbor2	chr10	97423976	97424063	SINE/MIR	497	+	44	97424020	8892
chr10	97415128	97615128	harbor2	chr10	97424196	97424392	SINE/MIR	608	+	98	97424294	9166
chr10	97415128	97615128	harbor2	chr10	97505631	97505813	SINE/MIR	531	+	91	97505722	90594
chr10	97415128	97615128	harbor2	chr10	97510374	97510592	SINE/MIR	836	+	109	97510483	95355
chr10	97673442	97873442	harbor2	chr10	97681080	97681209	SINE/MIR	492	+	64	97681144	7702
chr10	97673442	97873442	harbor2	chr10	97706981	97707109	SINE/MIR	492	+	64	97707045	33603
chr10	97673442	97873442	harbor2	chr10	97707870	97708085	SINE/MIR	619	+	108	97707978	34536
chr10	97673442	97873442	harbor2	chr10	97709907	97710082	SINE/MIR	466	+	88	97709995	36553
chr10	97673442	97873442	harbor2	chr10	97710450	97710600	SINE/MIR	515	+	75	97710525	37083
chr10	97673442	97873442	harbor2	chr10	97724603	97724761	SINE/MIR	547	+	79	97724682	51240
chr10	97673442	97873442	harbor2	chr10	97743293	97743515	SINE/MIR	519	+	111	97743404	69962
chr10	97673442	97873442	harbor2	chr10	97745499	97745715	SINE/MIR	789	+	108	97745607	72165
chr10	97673442	97873442	harbor2	chr10	97753502	97753727	SINE/MIR	680	+	112	97753614	80172
chr10	97673442	97873442	harbor2	chr10	97763487	97763646	SINE/MIR	477	+	80	97763567	90125
chr10	102141599	102341599	harbor2	chr10	102153071	102153313	SINE/MIR	500	+	121	102153192	11593
chr10	102141599	102341599	harbor2	chr10	102235390	102235591	SINE/MIR	749	+	100	102235490	93891
chr10	97678598	97878598	harbor2	chr10	97681080	97681209	SINE/MIR	492	+	64	97681144	2546
chr10	97678598	97878598	harbor2	chr10	97706981	97707109	SINE/MIR	492	+	64	97707045	28447
chr10	97678598	97878598	harbor2	chr10	97707870	97708085	SINE/MIR	619	+	108	97707978	29380
chr10	97678598	97878598	harbor2	chr10	97709907	97710082	SINE/MIR	466	+	88	97709995	31397
chr10	97678598	97878598	harbor2	chr10	97710450	97710600	SINE/MIR	515	+	75	97710525	31927
chr10	97678598	97878598	harbor2	chr10	97724603	97724761	SINE/MIR	547	+	79	97724682	46084
chr10	97678598	97878598	harbor2	chr10	97743293	97743515	SINE/MIR	519	+	111	97743404	64806
chr10	97678598	97878598	harbor2	chr10	97745499	97745715	SINE/MIR	789	+	108	97745607	67009
chr10	97678598	97878598	harbor2	chr10	97753502	97753727	SINE/MIR	680	+	112	97753614	75016
chr10	97678598	97878598	harbor2	chr10	97763487	97763646	SINE/MIR	477	+	80	97763567	84969
chr10	97678598	97878598	harbor2	chr10	97773850	97774071	SINE/MIR	494	+	110	97773960	95362
chr10	97678598	97878598	harbor2	chr10	97777219	97777450	SINE/MIR	594	+	116	97777335	98737
chr10	122404740	122604740	harbor2	chr10	122479276	122479544	SINE/MIR	534	+	134	122479410	74670
chr10	97678599	97878599	harbor2	chr10	97681080	97681209	SINE/MIR	492	+	64	97681144	2545
chr10	97678599	97878599	harbor2	chr10	97706981	97707109	SINE/MIR	492	+	64	97707045	28446
chr10	97678599	97878599	harbor2	chr10	97707870	97708085	SINE/MIR	619	+	108	97707978	29379
chr10	97678599	97878599	harbor2	chr10	97709907	97710082	SINE/MIR	466	+	88	97709995	31396
chr10	97678599	97878599	harbor2	chr10	97710450	97710600	SINE/MIR	515	+	75	97710525	31926
chr10	97678599	97878599	harbor2	chr10	97724603	97724761	SINE/MIR	547	+	79	97724682	46083
chr10	97678599	97878599	harbor2	chr10	97743293	97743515	SINE/MIR	519	+	111	97743404	64805
chr10	97678599	97878599	harbor2	chr10	97745499	97745715	SINE/MIR	789	+	108	97745607	67008
chr10	97678599	97878599	harbor2	chr10	97753502	97753727	SINE/MIR	680	+	112	97753614	75015
chr10	97678599	97878599	harbor2	chr10	97763487	97763646	SINE/MIR	477	+	80	97763567	84968
chr10	97678599	97878599	harbor2	chr10	97773850	97774071	SINE/MIR	494	+	110	97773960	95361
chr10	97678599	97878599	harbor2	chr10	97777219	97777450	SINE/MIR	594	+	116	97777335	98736
chr10	23340660	23540660	harbor2	chr10	23410997	23411201	SINE/MIR	789	+	102	23411099	70439
chr10	122405982	122605982	harbor2	chr10	122479276	122479544	SINE/MIR	534	+	134	122479410	73428
chr10	129121176	129321176	harbor2	chr10	129153863	129154073	SINE/MIR	464	+	105	129153968	32792
chr10	129121176	129321176	harbor2	chr10	129185788	129186028	SINE/MIR	533	+	120	129185908	64732
chr10	130648896	130848896	harbor2	chr10	130732874	130733047	SINE/MIR	507	+	86	130732960	84064
chr10	102141615	102341615	harbor2	chr10	102153071	102153313	SINE/MIR	500	+	121	102153192	11577
chr10	102141615	102341615	harbor2	chr10	102235390	102235591	SINE/MIR	749	+	100	102235490	93875
chr10	101132788	101332788	harbor2	chr10	101156858	101157063	SINE/MIR	517	+	102	101156960	24172
chr10	97398798	97598798	harbor2	chr10	97407803	97408040	SINE/MIR	924	+	118	97407921	9123
chr10	97398798	97598798	harbor2	chr10	97408843	97409015	SINE/MIR	669	+	86	97408929	10131
chr10	97398798	97598798	harbor2	chr10	97423517	97423682	SINE/MIR	497	+	82	97423599	24801
chr10	97398798	97598798	harbor2	chr10	97423976	97424063	SINE/MIR	497	+	44	97424020	25222
chr10	97398798	97598798	harbor2	chr10	97424196	97424392	SINE/MIR	608	+	98	97424294	25496
chr10	75111508	75311508	harbor2	chr10	75127324	75127575	SINE/MIR	615	+	126	75127450	15942
chr10	75111508	75311508	harbor2	chr10	75130752	75130941	SINE/MIR	708	+	94	75130846	19338
chr10	75111508	75311508	harbor2	chr10	75173809	75174031	SINE/MIR	745	+	111	75173920	62412
chr10	75111508	75311508	harbor2	chr10	75190078	75190303	SINE/MIR	832	+	112	75190190	78682
chr10	72361013	72561013	harbor2	chr10	72374737	72374808	SINE/MIR	515	+	36	72374773	13760
chr10	72361013	72561013	harbor2	chr10	72375074	72375223	SINE/MIR	515	+	74	72375148	14135
chr10	72361013	72561013	harbor2	chr10	72378681	72378850	SINE/MIR	469	+	84	72378765	17752
chr10	72361013	72561013	harbor2	chr10	72388829	72389077	SINE/MIR	687	+	124	72388953	27940
chr10	72361013	72561013	harbor2	chr10	72428881	72429137	SINE/MIR	799	+	128	72429009	67996
chr10	72361013	72561013	harbor2	chr10	72445667	72445869	SINE/MIR	792	+	101	72445768	84755
chr10	102013280	102213280	harbor2	chr10	102031177	102031373	SINE/MIR	613	+	98	102031275	17995
chr10	102013280	102213280	harbor2	chr10	102060070	102060241	SINE/MIR	541	+	86	102060156	46876
chr10	102013280	102213280	harbor2	chr10	102064597	102064736	SINE/MIR	623	+	70	102064667	51387
chr10	6420714	6620714	harbor2	chr10	6466873	6467096	SINE/MIR	472	+	112	6466985	46271
chr10	6420714	6620714	harbor2	chr10	6422469	6422659	SINE/MIR	555	+	95	6422564	1850
chr10	14778686	14978686	harbor2	chr10	14844095	14844322	SINE/MIR	684	+	114	14844209	65523
chr10	14778686	14978686	harbor2	chr10	14846560	14846746	SINE/MIR	517	+	93	14846653	67967
chr10	14778686	14978686	harbor2	chr10	14847877	14848099	SINE/MIR	581	+	111	14847988	69302
chr10	131882110	132082110	harbor2	chr10	131892630	131892779	SINE/MIR	482	+	74	131892704	10594
chr10	130028498	130228498	harbor2	chr10	130112164	130112344	SINE/MIR	519	+	90	130112254	83756
chr10	130028498	130228498	harbor2	chr10	130105260	130105414	SINE/MIR	619	+	77	130105337	76839
chr10	22337530	22537530	harbor2	chr10	22369530	22369774	SINE/MIR	673	+	122	22369652	32122
chr10	22337530	22537530	harbor2	chr10	22401991	22402210	SINE/MIR	746	+	110	22402101	64571
chr10	22337530	22537530	harbor2	chr10	22414396	22414573	SINE/MIR	485	+	88	22414484	76954
chr10	22337530	22537530	harbor2	chr10	22429919	22430160	SINE/MIR	614	+	120	22430039	92509
chr10	22337530	22537530	harbor2	chr10	22364123	22364323	SINE/MIR	721	+	100	22364223	26693
chr10	122908712	123108712	harbor2	chr10	122950076	122950250	SINE/MIR	511	+	87	122950163	41451
chr10	128440032	128640032	harbor2	chr10	128510966	128511133	SINE/MIR	576	+	84	128511050	71018
chr10	97436621	97636621	harbor2	chr10	97505631	97505813	SINE/MIR	531	+	91	97505722	69101
chr10	97436621	97636621	harbor2	chr10	97510374	97510592	SINE/MIR	836	+	109	97510483	73862
chr10	97436621	97636621	harbor2	chr10	97520003	97520184	SINE/MIR	489	+	90	97520093	83472
chr10	122065358	122265358	harbor2	chr10	122091856	122092050	SINE/MIR	494	+	97	122091953	26595
chr10	122065358	122265358	harbor2	chr10	122093616	122093827	SINE/MIR	620	+	106	122093722	28364
chr10	122065358	122265358	harbor2	chr10	122098464	122098656	SINE/MIR	502	+	96	122098560	33202
chr10	122065358	122265358	harbor2	chr10	122101108	122101331	SINE/MIR	572	+	112	122101220	35862
chr10	122065358	122265358	harbor2	chr10	122116412	122116657	SINE/MIR	586	+	122	122116534	51176
chr10	122065358	122265358	harbor2	chr10	122130619	122130840	SINE/MIR	929	+	110	122130729	65371
chr10	122065358	122265358	harbor2	chr10	122150904	122151108	SINE/MIR	599	+	102	122151006	85648
chr10	100679685	100879685	harbor2	chr10	100681886	100682019	SINE/MIR	468	+	66	100681952	2267
chr10	100679685	100879685	harbor2	chr10	100686927	100687123	SINE/MIR	594	+	98	100687025	7340
chr10	100679685	100879685	harbor2	chr10	100689641	100689761	SINE/MIR	541	+	60	100689701	10016
chr10	100679685	100879685	harbor2	chr10	100692791	100692952	SINE/MIR	514	+	80	100692871	13186
chr10	100679685	100879685	harbor2	chr10	100700114	100700285	SINE/MIR	459	+	86	100700200	20515
chr10	100679685	100879685	harbor2	chr10	100717341	100717474	SINE/MIR	681	+	66	100717407	37722
chr10	100679685	100879685	harbor2	chr10	100720401	100720631	SINE/MIR	683	+	115	100720516	40831
chr10	100679685	100879685	harbor2	chr10	100720679	100720925	SINE/MIR	464	+	123	100720802	41117
chr10	100679685	100879685	harbor2	chr10	100726664	100726909	SINE/MIR	761	+	122	100726786	47101
chr10	100679685	100879685	harbor2	chr10	100763790	100764046	SINE/MIR	831	+	128	100763918	84233
chr10	100679685	100879685	harbor2	chr10	100769094	100769299	SINE/MIR	969	+	102	100769196	89511
chr10	100679685	100879685	harbor2	chr10	100679555	100679782	SINE/MIR	476	+	114	100679669	16
chr10	97398789	97598789	harbor2	chr10	97407803	97408040	SINE/MIR	924	+	118	97407921	9132
chr10	97398789	97598789	harbor2	chr10	97408843	97409015	SINE/MIR	669	+	86	97408929	10140
chr10	97398789	97598789	harbor2	chr10	97423517	97423682	SINE/MIR	497	+	82	97423599	24810
chr10	97398789	97598789	harbor2	chr10	97423976	97424063	SINE/MIR	497	+	44	97424020	25231
chr10	97398789	97598789	harbor2	chr10	97424196	97424392	SINE/MIR	608	+	98	97424294	25505
chr10	23210069	23410069	harbor2	chr10	23220581	23220786	SINE/MIR	569	+	102	23220683	10614
chr10	23210069	23410069	harbor2	chr10	23308634	23308852	SINE/MIR	642	+	109	23308743	98674
chr10	7953507	8153507	harbor2	chr10	7972996	7973218	SINE/MIR	544	+	111	7973107	19600
chr10	7953507	8153507	harbor2	chr10	8005860	8006047	SINE/MIR	635	+	94	8005954	52447
chr10	7953507	8153507	harbor2	chr10	8006389	8006452	SINE/MIR	635	+	32	8006421	52914
chr10	7953507	8153507	harbor2	chr10	8007640	8007851	SINE/MIR	606	+	106	8007746	54239
chr10	33635957	33835957	harbor2	chr10	33729238	33729468	SINE/MIR	467	+	115	33729353	93396
chr10	75120756	75320756	harbor2	chr10	75127324	75127575	SINE/MIR	615	+	126	75127450	6694
chr10	75120756	75320756	harbor2	chr10	75130752	75130941	SINE/MIR	708	+	94	75130846	10090
chr10	75120756	75320756	harbor2	chr10	75173809	75174031	SINE/MIR	745	+	111	75173920	53164
chr10	75120756	75320756	harbor2	chr10	75190078	75190303	SINE/MIR	832	+	112	75190190	69434
chr10	97398825	97598825	harbor2	chr10	97407803	97408040	SINE/MIR	924	+	118	97407921	9096
chr10	97398825	97598825	harbor2	chr10	97408843	97409015	SINE/MIR	669	+	86	97408929	10104
chr10	97398825	97598825	harbor2	chr10	97423517	97423682	SINE/MIR	497	+	82	97423599	24774
chr10	97398825	97598825	harbor2	chr10	97423976	97424063	SINE/MIR	497	+	44	97424020	25195
chr10	97398825	97598825	harbor2	chr10	97424196	97424392	SINE/MIR	608	+	98	97424294	25469
chr10	100908386	101108386	harbor2	chr10	100928634	100928853	SINE/MIR	806	+	110	100928744	20358
chr10	100908386	101108386	harbor2	chr10	100965919	100966146	SINE/MIR	812	+	114	100966033	57647
chr10	100908386	101108386	harbor2	chr10	101003022	101003160	SINE/MIR	528	+	69	101003091	94705
chr10	100908386	101108386	harbor2	chr10	101004619	101004850	SINE/MIR	733	+	116	101004735	96349
chr10	14854787	15054787	harbor2	chr10	14884757	14884948	SINE/MIR	661	+	96	14884853	30066
chr10	14854787	15054787	harbor2	chr10	14906094	14906332	SINE/MIR	772	+	119	14906213	51426
chr10	14854787	15054787	harbor2	chr10	14918845	14919076	SINE/MIR	601	+	116	14918961	64174
chr10	14854787	15054787	harbor2	chr10	14947505	14947716	SINE/MIR	821	+	106	14947611	92824
chr10	43005484	43205484	harbor2	chr10	43054969	43055222	SINE/MIR	666	+	126	43055095	49611
chr10	114721684	114921684	harbor2	chr10	114742584	114742647	SINE/MIR	635	+	32	114742616	20932
chr10	114721684	114921684	harbor2	chr10	114742944	114743038	SINE/MIR	635	+	47	114742991	21307
chr10	114721684	114921684	harbor2	chr10	114757229	114757388	SINE/MIR	571	+	80	114757309	35625
chr10	114721684	114921684	harbor2	chr10	114766032	114766269	SINE/MIR	711	+	118	114766150	44466
chr10	114721684	114921684	harbor2	chr10	114796053	114796146	SINE/MIR	464	+	46	114796099	74415
chr10	114721684	114921684	harbor2	chr10	114796652	114796708	SINE/MIR	464	+	28	114796680	74996
chr10	101641744	101841744	harbor2	chr10	101645825	101646065	SINE/MIR	618	+	120	101645945	4201
chr10	101641744	101841744	harbor2	chr10	101719804	101720059	SINE/MIR	572	+	128	101719932	78188
chr10	101641744	101841744	harbor2	chr10	101732199	101732448	SINE/MIR	944	+	124	101732323	90579
chr10	101641744	101841744	harbor2	chr10	101739420	101739640	SINE/MIR	566	+	110	101739530	97786
chr10	73817058	74017058	harbor2	chr10	73838334	73838532	SINE/MIR	922	+	99	73838433	21375
chr10	73817058	74017058	harbor2	chr10	73883773	73883991	SINE/MIR	537	+	109	73883882	66824
chr10	73817058	74017058	harbor2	chr10	73888204	73888413	SINE/MIR	752	+	104	73888308	71250
chr10	73817058	74017058	harbor2	chr10	73904170	73904427	SINE/MIR	886	+	128	73904298	87240
chr10	73817058	74017058	harbor2	chr10	73904786	73904983	SINE/MIR	518	+	98	73904884	87826
chr10	73817058	74017058	harbor2	chr10	73908345	73908560	SINE/MIR	489	+	108	73908453	91395
chr10	100897092	101097092	harbor2	chr10	100908188	100908289	SINE/MIR	459	+	50	100908238	11146
chr10	100897092	101097092	harbor2	chr10	100928634	100928853	SINE/MIR	806	+	110	100928744	31652
chr10	100897092	101097092	harbor2	chr10	100965919	100966146	SINE/MIR	812	+	114	100966033	68941
chr10	97402257	97602257	harbor2	chr10	97407803	97408040	SINE/MIR	924	+	118	97407921	5664
chr10	97402257	97602257	harbor2	chr10	97408843	97409015	SINE/MIR	669	+	86	97408929	6672
chr10	97402257	97602257	harbor2	chr10	97423517	97423682	SINE/MIR	497	+	82	97423599	21342
chr10	97402257	97602257	harbor2	chr10	97423976	97424063	SINE/MIR	497	+	44	97424020	21763
chr10	97402257	97602257	harbor2	chr10	97424196	97424392	SINE/MIR	608	+	98	97424294	22037
chr10	69630792	69830792	harbor2	chr10	69655846	69656057	SINE/MIR	524	+	106	69655952	25160
chr10	69630792	69830792	harbor2	chr10	69680483	69680733	SINE/MIR	653	+	125	69680608	49816
chr10	69630792	69830792	harbor2	chr10	69691549	69691756	SINE/MIR	830	+	104	69691653	60861
chr10	69630792	69830792	harbor2	chr10	69722423	69722611	SINE/MIR	614	+	94	69722517	91725
chr10	69630792	69830792	harbor2	chr10	69724871	69725053	SINE/MIR	487	+	91	69724962	94170
chr10	69630792	69830792	harbor2	chr10	69728485	69728664	SINE/MIR	692	+	90	69728575	97783
chr10	14908036	15108036	harbor2	chr10	14918845	14919076	SINE/MIR	601	+	116	14918961	10925
chr10	14908036	15108036	harbor2	chr10	14947505	14947716	SINE/MIR	821	+	106	14947611	39575
chr10	14782782	14982782	harbor2	chr10	14844095	14844322	SINE/MIR	684	+	114	14844209	61427
chr10	14782782	14982782	harbor2	chr10	14846560	14846746	SINE/MIR	517	+	93	14846653	63871
chr10	14782782	14982782	harbor2	chr10	14847877	14848099	SINE/MIR	581	+	111	14847988	65206
chr10	46182801	46382801	harbor2	chr10	46201826	46202006	SINE/MIR	667	+	90	46201916	19115
chr10	71364878	71564878	harbor2	chr10	71368720	71368934	SINE/MIR	543	+	107	71368827	3949
chr10	71364878	71564878	harbor2	chr10	71371591	71371823	SINE/MIR	1002	+	116	71371707	6829
chr10	71364878	71564878	harbor2	chr10	71381961	71382116	SINE/MIR	526	+	78	71382039	17161
chr10	71364878	71564878	harbor2	chr10	71385945	71386056	SINE/MIR	535	+	56	71386001	21123
chr10	71364878	71564878	harbor2	chr10	71389539	71389778	SINE/MIR	656	+	120	71389659	24781
chr10	71364878	71564878	harbor2	chr10	71402382	71402591	SINE/MIR	473	+	104	71402486	37608
chr10	71364878	71564878	harbor2	chr10	71410000	71410236	SINE/MIR	1052	+	118	71410118	45240
chr10	71364878	71564878	harbor2	chr10	71418801	71418997	SINE/MIR	566	+	98	71418899	54021
chr10	71364878	71564878	harbor2	chr10	71422276	71422494	SINE/MIR	593	+	109	71422385	57507
chr10	71364878	71564878	harbor2	chr10	71436493	71436666	SINE/MIR	517	+	86	71436579	71701
chr10	71364878	71564878	harbor2	chr10	71441927	71442106	SINE/MIR	721	+	90	71442017	77139
chr10	71364878	71564878	harbor2	chr10	71445104	71445273	SINE/MIR	459	+	84	71445188	80310
chr10	71364878	71564878	harbor2	chr10	71454161	71454324	SINE/MIR	612	+	82	71454243	89365
chr10	71364878	71564878	harbor2	chr10	71458351	71458564	SINE/MIR	709	+	106	71458457	93579
chr10	71364878	71564878	harbor2	chr10	71462561	71462755	SINE/MIR	461	+	97	71462658	97780
chr10	68161589	68361589	harbor2	chr10	68237360	68237509	SINE/MIR	537	+	74	68237434	75845
chr10	68161589	68361589	harbor2	chr10	68255233	68255379	SINE/MIR	513	+	73	68255306	93717
chr10	100085958	100285958	harbor2	chr10	100085968	100086206	SINE/MIR	840	+	119	100086087	129
chr10	131033279	131233279	harbor2	chr10	131086017	131086225	SINE/MIR	482	+	104	131086121	52842
chr10	50611910	50811910	harbor2	chr10	50635799	50636041	SINE/MIR	750	+	121	50635920	24010
chr10	13710585	13910585	harbor2	chr10	13715399	13715613	SINE/MIR	605	+	107	13715506	4921
chr10	102144633	102344633	harbor2	chr10	102153071	102153313	SINE/MIR	500	+	121	102153192	8559
chr10	102144633	102344633	harbor2	chr10	102235390	102235591	SINE/MIR	749	+	100	102235490	90857
chr10	7134719	7334719	harbor2	chr10	7146863	7147021	SINE/MIR	577	+	79	7146942	12223
chr10	7134719	7334719	harbor2	chr10	7152232	7152451	SINE/MIR	524	+	110	7152342	17623
chr10	97399300	97599300	harbor2	chr10	97407803	97408040	SINE/MIR	924	+	118	97407921	8621
chr10	97399300	97599300	harbor2	chr10	97408843	97409015	SINE/MIR	669	+	86	97408929	9629
chr10	97399300	97599300	harbor2	chr10	97423517	97423682	SINE/MIR	497	+	82	97423599	24299
chr10	97399300	97599300	harbor2	chr10	97423976	97424063	SINE/MIR	497	+	44	97424020	24720
chr10	97399300	97599300	harbor2	chr10	97424196	97424392	SINE/MIR	608	+	98	97424294	24994
chr10	48300059	48500059	harbor2	chr10	48310964	48311151	SINE/MIR	495	+	94	48311058	10999
chr10	97398808	97598808	harbor2	chr10	97407803	97408040	SINE/MIR	924	+	118	97407921	9113
chr10	97398808	97598808	harbor2	chr10	97408843	97409015	SINE/MIR	669	+	86	97408929	10121
chr10	97398808	97598808	harbor2	chr10	97423517	97423682	SINE/MIR	497	+	82	97423599	24791
chr10	97398808	97598808	harbor2	chr10	97423976	97424063	SINE/MIR	497	+	44	97424020	25212
chr10	97398808	97598808	harbor2	chr10	97424196	97424392	SINE/MIR	608	+	98	97424294	25486
chr10	78867019	79067019	harbor2	chr10	78917407	78917573	SINE/MIR	469	+	83	78917490	50471
chr10	78867019	79067019	harbor2	chr10	78960150	78960341	SINE/MIR	512	+	96	78960246	93227
chr10	78867019	79067019	harbor2	chr10	78960345	78960533	SINE/MIR	555	+	94	78960439	93420
chr10	78867019	79067019	harbor2	chr10	78962890	78963053	SINE/MIR	464	+	82	78962972	95953
chr10	48455826	48655826	harbor2	chr10	48524865	48525029	SINE/MIR	547	+	82	48524947	69121
chr10	10822731	11022731	harbor2	chr10	10863430	10863568	SINE/MIR	461	+	69	10863499	40768
chr10	10822731	11022731	harbor2	chr10	10891709	10891922	SINE/MIR	485	+	106	10891815	69084
chr10	10822731	11022731	harbor2	chr10	10912788	10913002	SINE/MIR	674	+	107	10912895	90164
chr10	75111469	75311469	harbor2	chr10	75127324	75127575	SINE/MIR	615	+	126	75127450	15981
chr10	75111469	75311469	harbor2	chr10	75130752	75130941	SINE/MIR	708	+	94	75130846	19377
chr10	75111469	75311469	harbor2	chr10	75173809	75174031	SINE/MIR	745	+	111	75173920	62451
chr10	75111469	75311469	harbor2	chr10	75190078	75190303	SINE/MIR	832	+	112	75190190	78721
chr10	47396264	47596264	harbor2	chr10	47442962	47443192	SINE/MIR	758	+	115	47443077	46813
chr10	47396264	47596264	harbor2	chr10	47475032	47475267	SINE/MIR	547	+	118	47475150	78886
chr10	47396264	47596264	harbor2	chr10	47482262	47482475	SINE/MIR	690	+	106	47482368	86104
chr10	89151733	89351733	harbor2	chr10	89165222	89165488	SINE/MIR	482	+	133	89165355	13622
chr10	89151733	89351733	harbor2	chr10	89187289	89187527	SINE/MIR	499	+	119	89187408	35675
chr10	89151733	89351733	harbor2	chr10	89239260	89239479	SINE/MIR	490	+	110	89239370	87637
chr10	47354780	47554780	harbor2	chr10	47358311	47358467	SINE/MIR	521	+	78	47358389	3609
chr10	47354780	47554780	harbor2	chr10	47442962	47443192	SINE/MIR	758	+	115	47443077	88297
chr10	22337540	22537540	harbor2	chr10	22369530	22369774	SINE/MIR	673	+	122	22369652	32112
chr10	22337540	22537540	harbor2	chr10	22401991	22402210	SINE/MIR	746	+	110	22402101	64561
chr10	22337540	22537540	harbor2	chr10	22414396	22414573	SINE/MIR	485	+	88	22414484	76944
chr10	22337540	22537540	harbor2	chr10	22429919	22430160	SINE/MIR	614	+	120	22430039	92499
chr10	22337540	22537540	harbor2	chr10	22364123	22364323	SINE/MIR	721	+	100	22364223	26683
chr10	102141601	102341601	harbor2	chr10	102153071	102153313	SINE/MIR	500	+	121	102153192	11591
chr10	102141601	102341601	harbor2	chr10	102235390	102235591	SINE/MIR	749	+	100	102235490	93889
chr10	14778685	14978685	harbor2	chr10	14844095	14844322	SINE/MIR	684	+	114	14844209	65524
chr10	14778685	14978685	harbor2	chr10	14846560	14846746	SINE/MIR	517	+	93	14846653	67968
chr10	14778685	14978685	harbor2	chr10	14847877	14848099	SINE/MIR	581	+	111	14847988	69303
chr10	7951415	8151415	harbor2	chr10	7972996	7973218	SINE/MIR	544	+	111	7973107	21692
chr10	7951415	8151415	harbor2	chr10	8005860	8006047	SINE/MIR	635	+	94	8005954	54539
chr10	7951415	8151415	harbor2	chr10	8006389	8006452	SINE/MIR	635	+	32	8006421	55006
chr10	7951415	8151415	harbor2	chr10	8007640	8007851	SINE/MIR	606	+	106	8007746	56331
chr10	31829542	32029542	harbor2	chr10	31861900	31862069	SINE/MIR	632	+	84	31861984	32442
chr10	31829542	32029542	harbor2	chr10	31925001	31925193	SINE/MIR	668	+	96	31925097	95555
chr10	17267852	17467852	harbor2	chr10	17307774	17307992	SINE/MIR	557	+	109	17307883	40031
chr10	14778673	14978673	harbor2	chr10	14844095	14844322	SINE/MIR	684	+	114	14844209	65536
chr10	14778673	14978673	harbor2	chr10	14846560	14846746	SINE/MIR	517	+	93	14846653	67980
chr10	14778673	14978673	harbor2	chr10	14847877	14848099	SINE/MIR	581	+	111	14847988	69315
chr10	46006333	46206333	harbor2	chr10	46020221	46020464	SINE/MIR	484	+	122	46020343	14010
chr10	46006333	46206333	harbor2	chr10	46062303	46062513	SINE/MIR	581	+	105	46062408	56075
chr10	46006333	46206333	harbor2	chr10	46083910	46084107	SINE/MIR	680	+	98	46084008	77675
chr10	72525952	72725952	harbor2	chr10	72527309	72527351	SINE/MIR	487	+	21	72527330	1378
chr10	72525952	72725952	harbor2	chr10	72527649	72527773	SINE/MIR	487	+	62	72527711	1759
chr10	122066259	122266259	harbor2	chr10	122091856	122092050	SINE/MIR	494	+	97	122091953	25694
chr10	122066259	122266259	harbor2	chr10	122093616	122093827	SINE/MIR	620	+	106	122093722	27463
chr10	122066259	122266259	harbor2	chr10	122098464	122098656	SINE/MIR	502	+	96	122098560	32301
chr10	122066259	122266259	harbor2	chr10	122101108	122101331	SINE/MIR	572	+	112	122101220	34961
chr10	122066259	122266259	harbor2	chr10	122116412	122116657	SINE/MIR	586	+	122	122116534	50275
chr10	122066259	122266259	harbor2	chr10	122130619	122130840	SINE/MIR	929	+	110	122130729	64470
chr10	122066259	122266259	harbor2	chr10	122150904	122151108	SINE/MIR	599	+	102	122151006	84747
chr10	72255024	72455024	harbor2	chr10	72278864	72279028	SINE/MIR	575	+	82	72278946	23922
chr10	72255024	72455024	harbor2	chr10	72291265	72291419	SINE/MIR	636	+	77	72291342	36318
chr10	72255024	72455024	harbor2	chr10	72294638	72294857	SINE/MIR	872	+	110	72294748	39724
chr10	72255024	72455024	harbor2	chr10	72310123	72310276	SINE/MIR	515	+	76	72310199	55175
chr10	72255024	72455024	harbor2	chr10	72311748	72311909	SINE/MIR	700	+	80	72311828	56804
chr10	72255024	72455024	harbor2	chr10	72321530	72321726	SINE/MIR	570	+	98	72321628	66604
chr10	72255024	72455024	harbor2	chr10	72353577	72353727	SINE/MIR	462	+	75	72353652	98628
chr10	100907566	101107566	harbor2	chr10	100908188	100908289	SINE/MIR	459	+	50	100908238	672
chr10	100907566	101107566	harbor2	chr10	100928634	100928853	SINE/MIR	806	+	110	100928744	21178
chr10	100907566	101107566	harbor2	chr10	100965919	100966146	SINE/MIR	812	+	114	100966033	58467
chr10	100907566	101107566	harbor2	chr10	101003022	101003160	SINE/MIR	528	+	69	101003091	95525
chr10	100907566	101107566	harbor2	chr10	101004619	101004850	SINE/MIR	733	+	116	101004735	97169
chr10	129341078	129541078	harbor2	chr10	129364598	129364820	SINE/MIR	576	+	111	129364709	23631
chr10	129341078	129541078	harbor2	chr10	129430497	129430706	SINE/MIR	586	+	104	129430601	89523
chr10	97402365	97602365	harbor2	chr10	97407803	97408040	SINE/MIR	924	+	118	97407921	5556
chr10	97402365	97602365	harbor2	chr10	97408843	97409015	SINE/MIR	669	+	86	97408929	6564
chr10	97402365	97602365	harbor2	chr10	97423517	97423682	SINE/MIR	497	+	82	97423599	21234
chr10	97402365	97602365	harbor2	chr10	97423976	97424063	SINE/MIR	497	+	44	97424020	21655
chr10	97402365	97602365	harbor2	chr10	97424196	97424392	SINE/MIR	608	+	98	97424294	21929
chr10	14778687	14978687	harbor2	chr10	14844095	14844322	SINE/MIR	684	+	114	14844209	65522
chr10	14778687	14978687	harbor2	chr10	14846560	14846746	SINE/MIR	517	+	93	14846653	67966
chr10	14778687	14978687	harbor2	chr10	14847877	14848099	SINE/MIR	581	+	111	14847988	69301
chr10	102141624	102341624	harbor2	chr10	102153071	102153313	SINE/MIR	500	+	121	102153192	11568
chr10	102141624	102341624	harbor2	chr10	102235390	102235591	SINE/MIR	749	+	100	102235490	93866
chr10	30719277	30919277	harbor2	chr10	30738366	30738596	SINE/MIR	571	+	115	30738481	19204
chr10	30719277	30919277	harbor2	chr10	30736242	30736464	SINE/MIR	525	+	111	30736353	17076
chr10	72255019	72455019	harbor2	chr10	72278864	72279028	SINE/MIR	575	+	82	72278946	23927
chr10	72255019	72455019	harbor2	chr10	72291265	72291419	SINE/MIR	636	+	77	72291342	36323
chr10	72255019	72455019	harbor2	chr10	72294638	72294857	SINE/MIR	872	+	110	72294748	39729
chr10	72255019	72455019	harbor2	chr10	72310123	72310276	SINE/MIR	515	+	76	72310199	55180
chr10	72255019	72455019	harbor2	chr10	72311748	72311909	SINE/MIR	700	+	80	72311828	56809
chr10	72255019	72455019	harbor2	chr10	72321530	72321726	SINE/MIR	570	+	98	72321628	66609
chr10	72255019	72455019	harbor2	chr10	72353577	72353727	SINE/MIR	462	+	75	72353652	98633
chr10	14778684	14978684	harbor2	chr10	14844095	14844322	SINE/MIR	684	+	114	14844209	65525
chr10	14778684	14978684	harbor2	chr10	14846560	14846746	SINE/MIR	517	+	93	14846653	67969
chr10	14778684	14978684	harbor2	chr10	14847877	14848099	SINE/MIR	581	+	111	14847988	69304
chr11	5127098	5327098	harbor2	chr11	5168132	5168348	SINE/MIR	642	+	108	5168240	41142
chr11	6471157	6671157	harbor2	chr11	6530938	6531118	SINE/MIR	413	+	90	6531028	59871
chr11	6471157	6671157	harbor2	chr11	6531944	6532131	SINE/MIR	759	+	94	6532038	60881
chr11	6471157	6671157	harbor2	chr11	6561031	6561142	SINE/MIR	436	+	56	6561087	89930
chr11	5127138	5327138	harbor2	chr11	5168132	5168348	SINE/MIR	642	+	108	5168240	41102
chr11	5127141	5327141	harbor2	chr11	5168132	5168348	SINE/MIR	642	+	108	5168240	41099
chr11	5127548	5327548	harbor2	chr11	5168132	5168348	SINE/MIR	642	+	108	5168240	40692
chr11	76587360	76787360	harbor2	chr11	76599439	76599664	SINE/MIR	520	+	112	76599551	12191
chr11	76587360	76787360	harbor2	chr11	76605134	76605337	SINE/MIR	711	+	102	76605236	17876
chr11	76587360	76787360	harbor2	chr11	76624209	76624395	SINE/MIR	648	+	93	76624302	36942
chr11	76587360	76787360	harbor2	chr11	76640395	76640577	SINE/MIR	433	+	91	76640486	53126
chr11	76587360	76787360	harbor2	chr11	76665606	76665715	SINE/MIR	471	+	54	76665660	78300
chr11	76587360	76787360	harbor2	chr11	76666953	76667129	SINE/MIR	450	+	88	76667041	79681
chr11	5127182	5327182	harbor2	chr11	5168132	5168348	SINE/MIR	642	+	108	5168240	41058
chr11	123512081	123712081	harbor2	chr11	123514289	123514520	SINE/MIR	593	+	116	123514405	2324
chr11	123512081	123712081	harbor2	chr11	123522945	123523049	SINE/MIR	588	+	52	123522997	10916
chr11	123512081	123712081	harbor2	chr11	123523355	123523498	SINE/MIR	588	+	72	123523427	11346
chr11	123512081	123712081	harbor2	chr11	123536047	123536134	SINE/MIR	586	+	44	123536091	24010
chr11	123512081	123712081	harbor2	chr11	123536450	123536562	SINE/MIR	586	+	56	123536506	24425
chr11	123512081	123712081	harbor2	chr11	123545497	123545708	SINE/MIR	903	+	106	123545603	33522
chr11	123512081	123712081	harbor2	chr11	123556982	123557208	SINE/MIR	579	+	113	123557095	45014
chr11	123512081	123712081	harbor2	chr11	123573524	123573764	SINE/MIR	532	+	120	123573644	61563
chr11	123512081	123712081	harbor2	chr11	123596228	123596437	SINE/MIR	441	+	104	123596332	84251
chr11	5270094	5470094	harbor2	chr11	5283183	5283307	SINE/MIR	400	+	62	5283245	13151
chr11	5270094	5470094	harbor2	chr11	5286747	5286971	SINE/MIR	426	+	112	5286859	16765
chr11	5270094	5470094	harbor2	chr11	5295205	5295448	SINE/MIR	674	+	122	5295327	25233
chr11	5270094	5470094	harbor2	chr11	5368248	5368470	SINE/MIR	655	+	111	5368359	98265
chr11	5127157	5327157	harbor2	chr11	5168132	5168348	SINE/MIR	642	+	108	5168240	41083
chr11	5128062	5328062	harbor2	chr11	5168132	5168348	SINE/MIR	642	+	108	5168240	40178
chr11	63803936	64003936	harbor2	chr11	63849450	63849470	SINE/MIR	715	+	10	63849460	45524
chr11	63803936	64003936	harbor2	chr11	63849766	63849955	SINE/MIR	715	+	94	63849860	45924
chr11	65969869	66169869	harbor2	chr11	66008243	66008394	SINE/MIR	486	+	76	66008319	38450
chr11	65969869	66169869	harbor2	chr11	66021942	66022059	SINE/MIR	462	+	58	66022000	52131
chr11	65969869	66169869	harbor2	chr11	66022353	66022443	SINE/MIR	462	+	45	66022398	52529
chr11	65969869	66169869	harbor2	chr11	66026794	66026985	SINE/MIR	547	+	96	66026890	57021
chr11	65969869	66169869	harbor2	chr11	66041087	66041300	SINE/MIR	561	+	106	66041193	71324
chr11	73042807	73242807	harbor2	chr11	73071773	73071913	SINE/MIR	539	+	70	73071843	29036
chr11	73042807	73242807	harbor2	chr11	73083886	73084130	SINE/MIR	1089	+	122	73084008	41201
chr11	73042807	73242807	harbor2	chr11	73095143	73095305	SINE/MIR	648	+	81	73095224	52417
chr11	5127137	5327137	harbor2	chr11	5168132	5168348	SINE/MIR	642	+	108	5168240	41103
chr11	5135292	5335292	harbor2	chr11	5168132	5168348	SINE/MIR	642	+	108	5168240	32948
chr11	5127495	5327495	harbor2	chr11	5168132	5168348	SINE/MIR	642	+	108	5168240	40745
chr11	5191443	5391443	harbor2	chr11	5283183	5283307	SINE/MIR	400	+	62	5283245	91802
chr11	5191443	5391443	harbor2	chr11	5286747	5286971	SINE/MIR	426	+	112	5286859	95416
chr11	57400290	57600290	harbor2	chr11	57416925	57417083	SINE/MIR	628	+	79	57417004	16714
chr11	57400290	57600290	harbor2	chr11	57420727	57420960	SINE/MIR	727	+	116	57420843	20553
chr11	57400290	57600290	harbor2	chr11	57424404	57424556	SINE/MIR	399	+	76	57424480	24190
chr11	57400290	57600290	harbor2	chr11	57434205	57434451	SINE/MIR	1087	+	123	57434328	34038
chr11	57400290	57600290	harbor2	chr11	57450739	57450989	SINE/MIR	799	+	125	57450864	50574
chr11	57400290	57600290	harbor2	chr11	57451518	57451682	SINE/MIR	527	+	82	57451600	51310
chr11	57400290	57600290	harbor2	chr11	57464530	57464730	SINE/MIR	468	+	100	57464630	64340
chr11	57400290	57600290	harbor2	chr11	57469426	57469613	SINE/MIR	721	+	94	57469520	69230
chr11	57400290	57600290	harbor2	chr11	57470113	57470253	SINE/MIR	549	+	70	57470183	69893
chr11	57400290	57600290	harbor2	chr11	57470547	57470647	SINE/MIR	549	+	50	57470597	70307
chr11	57400290	57600290	harbor2	chr11	57470736	57470953	SINE/MIR	650	+	108	57470844	70554
chr11	57400290	57600290	harbor2	chr11	57471258	57471293	SINE/MIR	650	+	18	57471276	70986
chr11	57400290	57600290	harbor2	chr11	57472552	57472766	SINE/MIR	783	+	107	57472659	72369
chr11	57400290	57600290	harbor2	chr11	57472887	57473092	SINE/MIR	760	+	102	57472989	72699
chr11	57400290	57600290	harbor2	chr11	57481029	57481194	SINE/MIR	418	+	82	57481111	80821
chr11	57400290	57600290	harbor2	chr11	57483734	57483894	SINE/MIR	453	+	80	57483814	83524
chr11	57400290	57600290	harbor2	chr11	57490871	57491031	SINE/MIR	526	+	80	57490951	90661
chr11	5128051	5328051	harbor2	chr11	5168132	5168348	SINE/MIR	642	+	108	5168240	40189
chr11	5134388	5334388	harbor2	chr11	5168132	5168348	SINE/MIR	642	+	108	5168240	33852
chr11	5128327	5328327	harbor2	chr11	5168132	5168348	SINE/MIR	642	+	108	5168240	39913
chr11	76580960	76780960	harbor2	chr11	76599439	76599664	SINE/MIR	520	+	112	76599551	18591
chr11	76580960	76780960	harbor2	chr11	76605134	76605337	SINE/MIR	711	+	102	76605236	24276
chr11	76580960	76780960	harbor2	chr11	76624209	76624395	SINE/MIR	648	+	93	76624302	43342
chr11	76580960	76780960	harbor2	chr11	76640395	76640577	SINE/MIR	433	+	91	76640486	59526
chr11	76580960	76780960	harbor2	chr11	76665606	76665715	SINE/MIR	471	+	54	76665660	84700
chr11	76580960	76780960	harbor2	chr11	76666953	76667129	SINE/MIR	450	+	88	76667041	86081
chr11	5127140	5327140	harbor2	chr11	5168132	5168348	SINE/MIR	642	+	108	5168240	41100
chr11	119281619	119481619	harbor2	chr11	119352259	119352417	SINE/MIR	524	+	79	119352338	70719
chr11	119281619	119481619	harbor2	chr11	119374797	119374975	SINE/MIR	675	+	89	119374886	93267
chr11	119281619	119481619	harbor2	chr11	119379603	119379802	SINE/MIR	507	+	100	119379703	98084
chr11	5134538	5334538	harbor2	chr11	5168132	5168348	SINE/MIR	642	+	108	5168240	33702
chr11	5134084	5334084	harbor2	chr11	5168132	5168348	SINE/MIR	642	+	108	5168240	34156
chr11	5134540	5334540	harbor2	chr11	5168132	5168348	SINE/MIR	642	+	108	5168240	33700
chr11	5127159	5327159	harbor2	chr11	5168132	5168348	SINE/MIR	642	+	108	5168240	41081
chr11	32346594	32546594	harbor2	chr11	32352938	32353017	SINE/MIR	572	+	40	32352978	6384
chr11	32346594	32546594	harbor2	chr11	32353315	32353461	SINE/MIR	572	+	73	32353388	6794
chr11	32346594	32546594	harbor2	chr11	32382799	32383037	SINE/MIR	474	+	119	32382918	36324
chr11	32346594	32546594	harbor2	chr11	32385883	32386084	SINE/MIR	645	+	100	32385983	39389
chr11	32346594	32546594	harbor2	chr11	32390829	32390963	SINE/MIR	580	+	67	32390896	44302
chr11	32346594	32546594	harbor2	chr11	32391282	32391391	SINE/MIR	580	+	54	32391336	44742
chr11	32346594	32546594	harbor2	chr11	32398562	32398751	SINE/MIR	665	+	94	32398656	52062
chr11	32346594	32546594	harbor2	chr11	32413841	32414064	SINE/MIR	501	+	112	32413953	67359
chr11	32346594	32546594	harbor2	chr11	32416727	32416942	SINE/MIR	629	+	108	32416835	70241
chr11	32346594	32546594	harbor2	chr11	32420286	32420453	SINE/MIR	469	+	84	32420370	73776
chr11	32346594	32546594	harbor2	chr11	32423608	32423855	SINE/MIR	767	+	124	32423732	77138
chr11	32346594	32546594	harbor2	chr11	32424215	32424469	SINE/MIR	604	+	127	32424342	77748
chr11	32346594	32546594	harbor2	chr11	32438532	32438717	SINE/MIR	619	+	92	32438624	92030
chr11	32346594	32546594	harbor2	chr11	32441908	32442062	SINE/MIR	435	+	77	32441985	95391
chr11	32346594	32546594	harbor2	chr11	32442937	32443178	SINE/MIR	802	+	120	32443057	96463
chr11	5134020	5334020	harbor2	chr11	5168132	5168348	SINE/MIR	642	+	108	5168240	34220
chr11	108021913	108221913	harbor2	chr11	108024129	108024269	SINE/MIR	481	+	70	108024199	2286
chr11	108021913	108221913	harbor2	chr11	108024429	108024527	SINE/MIR	481	+	49	108024478	2565
chr11	108021913	108221913	harbor2	chr11	108043583	108043756	SINE/MIR	510	+	86	108043669	21756
chr11	108021913	108221913	harbor2	chr11	108051315	108051558	SINE/MIR	710	+	122	108051437	29524
chr11	108021913	108221913	harbor2	chr11	108059447	108059596	SINE/MIR	503	+	74	108059521	37608
chr11	108021913	108221913	harbor2	chr11	108059899	108059973	SINE/MIR	503	+	37	108059936	38023
chr11	108021913	108221913	harbor2	chr11	108067014	108067244	SINE/MIR	638	+	115	108067129	45216
chr11	108021913	108221913	harbor2	chr11	108118982	108119175	SINE/MIR	441	+	96	108119078	97165
chr11	5133982	5333982	harbor2	chr11	5168132	5168348	SINE/MIR	642	+	108	5168240	34258
chr11	5128415	5328415	harbor2	chr11	5168132	5168348	SINE/MIR	642	+	108	5168240	39825
chr11	6373185	6573185	harbor2	chr11	6377109	6377202	SINE/MIR	438	+	46	6377155	3970
chr11	6373185	6573185	harbor2	chr11	6388459	6388615	SINE/MIR	517	+	78	6388537	15352
chr11	6373185	6573185	harbor2	chr11	6389216	6389268	SINE/MIR	560	+	26	6389242	16057
chr11	6373185	6573185	harbor2	chr11	6410150	6410383	SINE/MIR	443	+	116	6410266	37081
chr11	6373185	6573185	harbor2	chr11	6458754	6459001	SINE/MIR	584	+	124	6458878	85693
chr11	6373185	6573185	harbor2	chr11	6465907	6466036	SINE/MIR	568	+	64	6465971	92786
chr11	6373185	6573185	harbor2	chr11	6389736	6389844	SINE/MIR	560	+	54	6389790	16605
chr11	5134352	5334352	harbor2	chr11	5168132	5168348	SINE/MIR	642	+	108	5168240	33888
chr11	5226186	5426186	harbor2	chr11	5283183	5283307	SINE/MIR	400	+	62	5283245	57059
chr11	5226186	5426186	harbor2	chr11	5286747	5286971	SINE/MIR	426	+	112	5286859	60673
chr11	5226186	5426186	harbor2	chr11	5295205	5295448	SINE/MIR	674	+	122	5295327	69141
chr11	5134552	5334552	harbor2	chr11	5168132	5168348	SINE/MIR	642	+	108	5168240	33688
chr11	5201291	5401291	harbor2	chr11	5283183	5283307	SINE/MIR	400	+	62	5283245	81954
chr11	5201291	5401291	harbor2	chr11	5286747	5286971	SINE/MIR	426	+	112	5286859	85568
chr11	5201291	5401291	harbor2	chr11	5295205	5295448	SINE/MIR	674	+	122	5295327	94036
chr11	65472319	65672319	harbor2	chr11	65529766	65530006	SINE/MIR	701	+	120	65529886	57567
chr11	65472319	65672319	harbor2	chr11	65548964	65549162	SINE/MIR	732	+	99	65549063	76744
chr11	65472319	65672319	harbor2	chr11	65554550	65554744	SINE/MIR	644	+	97	65554647	82328
chr11	65472319	65672319	harbor2	chr11	65565794	65566047	SINE/MIR	722	+	126	65565920	93601
chr11	65472319	65672319	harbor2	chr11	65486691	65486909	SINE/MIR	615	+	109	65486800	14481
chr11	5127124	5327124	harbor2	chr11	5168132	5168348	SINE/MIR	642	+	108	5168240	41116
chr11	108021542	108221542	harbor2	chr11	108024129	108024269	SINE/MIR	481	+	70	108024199	2657
chr11	108021542	108221542	harbor2	chr11	108024429	108024527	SINE/MIR	481	+	49	108024478	2936
chr11	108021542	108221542	harbor2	chr11	108043583	108043756	SINE/MIR	510	+	86	108043669	22127
chr11	108021542	108221542	harbor2	chr11	108051315	108051558	SINE/MIR	710	+	122	108051437	29895
chr11	108021542	108221542	harbor2	chr11	108059447	108059596	SINE/MIR	503	+	74	108059521	37979
chr11	108021542	108221542	harbor2	chr11	108059899	108059973	SINE/MIR	503	+	37	108059936	38394
chr11	108021542	108221542	harbor2	chr11	108067014	108067244	SINE/MIR	638	+	115	108067129	45587
chr11	108021542	108221542	harbor2	chr11	108118982	108119175	SINE/MIR	441	+	96	108119078	97536
chr11	5137986	5337986	harbor2	chr11	5168132	5168348	SINE/MIR	642	+	108	5168240	30254
chr11	5141739	5341739	harbor2	chr11	5168132	5168348	SINE/MIR	642	+	108	5168240	26501
chr11	5127119	5327119	harbor2	chr11	5168132	5168348	SINE/MIR	642	+	108	5168240	41121
chr11	5128030	5328030	harbor2	chr11	5168132	5168348	SINE/MIR	642	+	108	5168240	40210
chr11	119644666	119844666	harbor2	chr11	119646760	119646955	SINE/MIR	505	+	98	119646858	2192
chr11	119644666	119844666	harbor2	chr11	119650637	119650882	SINE/MIR	678	+	122	119650759	6093
chr11	119644666	119844666	harbor2	chr11	119679191	119679318	SINE/MIR	399	+	64	119679255	34589
chr11	119644666	119844666	harbor2	chr11	119682510	119682745	SINE/MIR	748	+	118	119682628	37962
chr11	119644666	119844666	harbor2	chr11	119688055	119688286	SINE/MIR	771	+	116	119688171	43505
chr11	119644666	119844666	harbor2	chr11	119698560	119698794	SINE/MIR	563	+	117	119698677	54011
chr11	119644666	119844666	harbor2	chr11	119701089	119701284	SINE/MIR	436	+	98	119701187	56521
chr11	119644666	119844666	harbor2	chr11	119702599	119702810	SINE/MIR	557	+	106	119702705	58039
chr11	119644666	119844666	harbor2	chr11	119719376	119719641	SINE/MIR	1023	+	132	119719508	74842
chr11	119644666	119844666	harbor2	chr11	119732365	119732638	SINE/MIR	979	+	136	119732501	87835
chr11	119644666	119844666	harbor2	chr11	119740470	119740697	SINE/MIR	526	+	114	119740584	95918
chr11	5127097	5327097	harbor2	chr11	5168132	5168348	SINE/MIR	642	+	108	5168240	41143
chr11	5127546	5327546	harbor2	chr11	5168132	5168348	SINE/MIR	642	+	108	5168240	40694
chr11	5127094	5327094	harbor2	chr11	5168132	5168348	SINE/MIR	642	+	108	5168240	41146
chr11	5140721	5340721	harbor2	chr11	5168132	5168348	SINE/MIR	642	+	108	5168240	27519
chr11	76580967	76780967	harbor2	chr11	76599439	76599664	SINE/MIR	520	+	112	76599551	18584
chr11	76580967	76780967	harbor2	chr11	76605134	76605337	SINE/MIR	711	+	102	76605236	24269
chr11	76580967	76780967	harbor2	chr11	76624209	76624395	SINE/MIR	648	+	93	76624302	43335
chr11	76580967	76780967	harbor2	chr11	76640395	76640577	SINE/MIR	433	+	91	76640486	59519
chr11	76580967	76780967	harbor2	chr11	76665606	76665715	SINE/MIR	471	+	54	76665660	84693
chr11	76580967	76780967	harbor2	chr11	76666953	76667129	SINE/MIR	450	+	88	76667041	86074
chr11	57399778	57599778	harbor2	chr11	57416925	57417083	SINE/MIR	628	+	79	57417004	17226
chr11	57399778	57599778	harbor2	chr11	57420727	57420960	SINE/MIR	727	+	116	57420843	21065
chr11	57399778	57599778	harbor2	chr11	57424404	57424556	SINE/MIR	399	+	76	57424480	24702
chr11	57399778	57599778	harbor2	chr11	57434205	57434451	SINE/MIR	1087	+	123	57434328	34550
chr11	57399778	57599778	harbor2	chr11	57450739	57450989	SINE/MIR	799	+	125	57450864	51086
chr11	57399778	57599778	harbor2	chr11	57451518	57451682	SINE/MIR	527	+	82	57451600	51822
chr11	57399778	57599778	harbor2	chr11	57464530	57464730	SINE/MIR	468	+	100	57464630	64852
chr11	57399778	57599778	harbor2	chr11	57469426	57469613	SINE/MIR	721	+	94	57469520	69742
chr11	57399778	57599778	harbor2	chr11	57470113	57470253	SINE/MIR	549	+	70	57470183	70405
chr11	57399778	57599778	harbor2	chr11	57470547	57470647	SINE/MIR	549	+	50	57470597	70819
chr11	57399778	57599778	harbor2	chr11	57470736	57470953	SINE/MIR	650	+	108	57470844	71066
chr11	57399778	57599778	harbor2	chr11	57471258	57471293	SINE/MIR	650	+	18	57471276	71498
chr11	57399778	57599778	harbor2	chr11	57472552	57472766	SINE/MIR	783	+	107	57472659	72881
chr11	57399778	57599778	harbor2	chr11	57472887	57473092	SINE/MIR	760	+	102	57472989	73211
chr11	57399778	57599778	harbor2	chr11	57481029	57481194	SINE/MIR	418	+	82	57481111	81333
chr11	57399778	57599778	harbor2	chr11	57483734	57483894	SINE/MIR	453	+	80	57483814	84036
chr11	57399778	57599778	harbor2	chr11	57490871	57491031	SINE/MIR	526	+	80	57490951	91173
chr11	19833606	20033606	harbor2	chr11	19847505	19847718	SINE/MIR	453	+	106	19847611	14005
chr11	19833606	20033606	harbor2	chr11	19851413	19851622	SINE/MIR	429	+	104	19851517	17911
chr11	19833606	20033606	harbor2	chr11	19855023	19855202	SINE/MIR	447	+	90	19855113	21507
chr11	19833606	20033606	harbor2	chr11	19877068	19877288	SINE/MIR	702	+	110	19877178	43572
chr11	19833606	20033606	harbor2	chr11	19887378	19887542	SINE/MIR	419	+	82	19887460	53854
chr11	19833606	20033606	harbor2	chr11	19906947	19907112	SINE/MIR	443	+	82	19907029	73423
chr11	19833606	20033606	harbor2	chr11	19915906	19916131	SINE/MIR	805	+	112	19916018	82412
chr11	19833606	20033606	harbor2	chr11	19917979	19918103	SINE/MIR	406	+	62	19918041	84435
chr11	19833606	20033606	harbor2	chr11	19921716	19921893	SINE/MIR	609	+	88	19921804	88198
chr11	20632633	20832633	harbor2	chr11	20662565	20662737	SINE/MIR	505	+	86	20662651	30018
chr11	20632633	20832633	harbor2	chr11	20685532	20685682	SINE/MIR	532	+	75	20685607	52974
chr11	20632633	20832633	harbor2	chr11	20716626	20716876	SINE/MIR	799	+	125	20716751	84118
chr11	20632633	20832633	harbor2	chr11	20721903	20722019	SINE/MIR	457	+	58	20721961	89328
chr11	20632633	20832633	harbor2	chr11	20722321	20722387	SINE/MIR	457	+	33	20722354	89721
chr11	20632633	20832633	harbor2	chr11	20722382	20722567	SINE/MIR	461	+	92	20722474	89841
chr11	20632633	20832633	harbor2	chr11	20731624	20731827	SINE/MIR	610	+	102	20731726	99093
chr11	128776611	128976611	harbor2	chr11	128778448	128778671	SINE/MIR	532	+	112	128778560	1949
chr11	128776611	128976611	harbor2	chr11	128787535	128787721	SINE/MIR	469	+	93	128787628	11017
chr11	128776611	128976611	harbor2	chr11	128830928	128831087	SINE/MIR	517	+	80	128831008	54397
chr11	128776611	128976611	harbor2	chr11	128832605	128832771	SINE/MIR	521	+	83	128832688	56077
chr11	128776611	128976611	harbor2	chr11	128835558	128835778	SINE/MIR	649	+	110	128835668	59057
chr11	128776611	128976611	harbor2	chr11	128846121	128846367	SINE/MIR	574	+	123	128846244	69633
chr11	5127985	5327985	harbor2	chr11	5168132	5168348	SINE/MIR	642	+	108	5168240	40255
chr11	115396578	115596578	harbor2	chr11	115415049	115415294	SINE/MIR	472	+	122	115415171	18593
chr11	115396578	115596578	harbor2	chr11	115434466	115434680	SINE/MIR	558	+	107	115434573	37995
chr11	115396578	115596578	harbor2	chr11	115445256	115445470	SINE/MIR	488	+	107	115445363	48785
chr11	115396578	115596578	harbor2	chr11	115447229	115447425	SINE/MIR	578	+	98	115447327	50749
chr11	115396578	115596578	harbor2	chr11	115448103	115448146	SINE/MIR	578	+	22	115448125	51547
chr11	115396578	115596578	harbor2	chr11	115456602	115456815	SINE/MIR	755	+	106	115456708	60130
chr11	115396578	115596578	harbor2	chr11	115458297	115458493	SINE/MIR	621	+	98	115458395	61817
chr11	115396578	115596578	harbor2	chr11	115480342	115480517	SINE/MIR	474	+	88	115480430	83852
chr11	115396578	115596578	harbor2	chr11	115490737	115490944	SINE/MIR	486	+	104	115490841	94263
chr11	5134553	5334553	harbor2	chr11	5168132	5168348	SINE/MIR	642	+	108	5168240	33687
chr11	44479732	44679732	harbor2	chr11	44489898	44490147	SINE/MIR	1011	+	124	44490022	10290
chr11	44479732	44679732	harbor2	chr11	44497011	44497162	SINE/MIR	411	+	76	44497087	17355
chr11	44479732	44679732	harbor2	chr11	44523751	44523928	SINE/MIR	535	+	88	44523839	44107
chr11	44479732	44679732	harbor2	chr11	44527258	44527458	SINE/MIR	447	+	100	44527358	47626
chr11	44479732	44679732	harbor2	chr11	44528452	44528587	SINE/MIR	401	+	68	44528520	48788
chr11	44479732	44679732	harbor2	chr11	44535670	44535895	SINE/MIR	666	+	112	44535782	56050
chr11	44479732	44679732	harbor2	chr11	44543782	44543977	SINE/MIR	433	+	98	44543880	64148
chr11	44479732	44679732	harbor2	chr11	44564858	44565009	SINE/MIR	403	+	76	44564934	85202
chr11	44479732	44679732	harbor2	chr11	44566534	44566742	SINE/MIR	435	+	104	44566638	86906
chr11	44479732	44679732	harbor2	chr11	44569774	44569997	SINE/MIR	608	+	112	44569886	90154
chr11	44479732	44679732	harbor2	chr11	44571316	44571547	SINE/MIR	1072	+	116	44571432	91700
chr11	5127528	5327528	harbor2	chr11	5168132	5168348	SINE/MIR	642	+	108	5168240	40712
chr11	5127122	5327122	harbor2	chr11	5168132	5168348	SINE/MIR	642	+	108	5168240	41118
chr11	5221268	5421268	harbor2	chr11	5283183	5283307	SINE/MIR	400	+	62	5283245	61977
chr11	5221268	5421268	harbor2	chr11	5286747	5286971	SINE/MIR	426	+	112	5286859	65591
chr11	5221268	5421268	harbor2	chr11	5295205	5295448	SINE/MIR	674	+	122	5295327	74059
chr11	108021539	108221539	harbor2	chr11	108024129	108024269	SINE/MIR	481	+	70	108024199	2660
chr11	108021539	108221539	harbor2	chr11	108024429	108024527	SINE/MIR	481	+	49	108024478	2939
chr11	108021539	108221539	harbor2	chr11	108043583	108043756	SINE/MIR	510	+	86	108043669	22130
chr11	108021539	108221539	harbor2	chr11	108051315	108051558	SINE/MIR	710	+	122	108051437	29898
chr11	108021539	108221539	harbor2	chr11	108059447	108059596	SINE/MIR	503	+	74	108059521	37982
chr11	108021539	108221539	harbor2	chr11	108059899	108059973	SINE/MIR	503	+	37	108059936	38397
chr11	108021539	108221539	harbor2	chr11	108067014	108067244	SINE/MIR	638	+	115	108067129	45590
chr11	108021539	108221539	harbor2	chr11	108118982	108119175	SINE/MIR	441	+	96	108119078	97539
chr11	111441454	111641454	harbor2	chr11	111445145	111445265	SINE/MIR	428	+	60	111445205	3751
chr11	111441454	111641454	harbor2	chr11	111445774	111445885	SINE/MIR	403	+	56	111445830	4376
chr11	111441454	111641454	harbor2	chr11	111446193	111446389	SINE/MIR	430	+	98	111446291	4837
chr11	111441454	111641454	harbor2	chr11	111500913	111501079	SINE/MIR	457	+	83	111500996	59542
chr11	111441454	111641454	harbor2	chr11	111519015	111519236	SINE/MIR	611	+	110	111519125	77671
chr11	111441454	111641454	harbor2	chr11	111528869	111529127	SINE/MIR	578	+	129	111528998	87544
chr11	111441454	111641454	harbor2	chr11	111533196	111533434	SINE/MIR	563	+	119	111533315	91861
chr11	73152931	73352931	harbor2	chr11	73159075	73159273	SINE/MIR	528	+	99	73159174	6243
chr11	73152931	73352931	harbor2	chr11	73179050	73179212	SINE/MIR	467	+	81	73179131	26200
chr11	73152931	73352931	harbor2	chr11	73186748	73186921	SINE/MIR	615	+	86	73186834	33903
chr11	73152931	73352931	harbor2	chr11	73206221	73206478	SINE/MIR	613	+	128	73206349	53418
chr11	73152931	73352931	harbor2	chr11	73219346	73219494	SINE/MIR	425	+	74	73219420	66489
chr11	64914593	65114593	harbor2	chr11	64929313	64929443	SINE/MIR	466	+	65	64929378	14785
chr11	64914593	65114593	harbor2	chr11	64931973	64932217	SINE/MIR	679	+	122	64932095	17502
chr11	64914593	65114593	harbor2	chr11	64988839	64988985	SINE/MIR	500	+	73	64988912	74319
chr11	64914593	65114593	harbor2	chr11	64997275	64997452	SINE/MIR	431	+	88	64997363	82770
chr11	64914593	65114593	harbor2	chr11	65003113	65003276	SINE/MIR	572	+	82	65003195	88602
chr11	64914593	65114593	harbor2	chr11	64929742	64929860	SINE/MIR	466	+	59	64929801	15208
chr11	64914593	65114593	harbor2	chr11	64962554	64962786	SINE/MIR	718	+	116	64962670	48077
chr11	5134462	5334462	harbor2	chr11	5168132	5168348	SINE/MIR	642	+	108	5168240	33778
chr11	125389599	125589599	harbor2	chr11	125391189	125391358	SINE/MIR	531	+	84	125391273	1674
chr11	125389599	125589599	harbor2	chr11	125393920	125394140	SINE/MIR	538	+	110	125394030	4431
chr11	125389599	125589599	harbor2	chr11	125411147	125411385	SINE/MIR	716	+	119	125411266	21667
chr11	125389599	125589599	harbor2	chr11	125414648	125414847	SINE/MIR	410	+	100	125414748	25149
chr11	125389599	125589599	harbor2	chr11	125421438	125421636	SINE/MIR	568	+	99	125421537	31938
chr11	125389599	125589599	harbor2	chr11	125428276	125428512	SINE/MIR	466	+	118	125428394	38795
chr11	125389599	125589599	harbor2	chr11	125444747	125444961	SINE/MIR	408	+	107	125444854	55255
chr11	125389599	125589599	harbor2	chr11	125446279	125446439	SINE/MIR	471	+	80	125446359	56760
chr11	124701200	124901200	harbor2	chr11	124727711	124727920	SINE/MIR	481	+	104	124727815	26615
chr11	124701200	124901200	harbor2	chr11	124735749	124735909	SINE/MIR	610	+	80	124735829	34629
chr11	124701200	124901200	harbor2	chr11	124736218	124736311	SINE/MIR	610	+	46	124736264	35064
chr11	124701200	124901200	harbor2	chr11	124742654	124742800	SINE/MIR	438	+	73	124742727	41527
chr11	124701200	124901200	harbor2	chr11	124744503	124744733	SINE/MIR	415	+	115	124744618	43418
chr11	124701200	124901200	harbor2	chr11	124755055	124755236	SINE/MIR	520	+	90	124755145	53945
chr11	124701200	124901200	harbor2	chr11	124786910	124787130	SINE/MIR	542	+	110	124787020	85820
chr11	5135406	5335406	harbor2	chr11	5168132	5168348	SINE/MIR	642	+	108	5168240	32834
chr11	5134536	5334536	harbor2	chr11	5168132	5168348	SINE/MIR	642	+	108	5168240	33704
chr11	69543435	69743435	harbor2	chr11	69547196	69547282	SINE/MIR	451	+	43	69547239	3804
chr11	69543435	69743435	harbor2	chr11	69558147	69558323	SINE/MIR	624	+	88	69558235	14800
chr11	76580928	76780928	harbor2	chr11	76599439	76599664	SINE/MIR	520	+	112	76599551	18623
chr11	76580928	76780928	harbor2	chr11	76605134	76605337	SINE/MIR	711	+	102	76605236	24308
chr11	76580928	76780928	harbor2	chr11	76624209	76624395	SINE/MIR	648	+	93	76624302	43374
chr11	76580928	76780928	harbor2	chr11	76640395	76640577	SINE/MIR	433	+	91	76640486	59558
chr11	76580928	76780928	harbor2	chr11	76665606	76665715	SINE/MIR	471	+	54	76665660	84732
chr11	76580928	76780928	harbor2	chr11	76666953	76667129	SINE/MIR	450	+	88	76667041	86113
chr11	5141120	5341120	harbor2	chr11	5168132	5168348	SINE/MIR	642	+	108	5168240	27120
chr11	5270036	5470036	harbor2	chr11	5283183	5283307	SINE/MIR	400	+	62	5283245	13209
chr11	5270036	5470036	harbor2	chr11	5286747	5286971	SINE/MIR	426	+	112	5286859	16823
chr11	5270036	5470036	harbor2	chr11	5295205	5295448	SINE/MIR	674	+	122	5295327	25291
chr11	5270036	5470036	harbor2	chr11	5368248	5368470	SINE/MIR	655	+	111	5368359	98323
chr11	5127125	5327125	harbor2	chr11	5168132	5168348	SINE/MIR	642	+	108	5168240	41115
chr11	5191352	5391352	harbor2	chr11	5283183	5283307	SINE/MIR	400	+	62	5283245	91893
chr11	5191352	5391352	harbor2	chr11	5286747	5286971	SINE/MIR	426	+	112	5286859	95507
chr11	67383369	67583369	harbor2	chr11	67412755	67412862	SINE/MIR	410	+	54	67412809	29440
chr11	5145521	5345521	harbor2	chr11	5168132	5168348	SINE/MIR	642	+	108	5168240	22719
chr11	5134532	5334532	harbor2	chr11	5168132	5168348	SINE/MIR	642	+	108	5168240	33708
chr11	72131325	72331325	harbor2	chr11	72222027	72222212	SINE/MIR	510	+	92	72222119	90794
chr11	72131325	72331325	harbor2	chr11	72227148	72227389	SINE/MIR	568	+	120	72227268	95943
chr11	5127149	5327149	harbor2	chr11	5168132	5168348	SINE/MIR	642	+	108	5168240	41091
chr11	105168684	105368684	harbor2	chr11	105216535	105216741	SINE/MIR	486	+	103	105216638	47954
chr11	105168684	105368684	harbor2	chr11	105217540	105217785	SINE/MIR	440	+	122	105217662	48978
chr11	105168684	105368684	harbor2	chr11	105246581	105246845	SINE/MIR	418	+	132	105246713	78029
chr11	5128043	5328043	harbor2	chr11	5168132	5168348	SINE/MIR	642	+	108	5168240	40197
chr11	5129645	5329645	harbor2	chr11	5168132	5168348	SINE/MIR	642	+	108	5168240	38595
chr11	73279444	73479444	harbor2	chr11	73280156	73280382	SINE/MIR	633	+	113	73280269	825
chr11	73279444	73479444	harbor2	chr11	73288070	73288192	SINE/MIR	464	+	61	73288131	8687
chr11	73279444	73479444	harbor2	chr11	73321435	73321644	SINE/MIR	583	+	104	73321539	42095
chr11	73279444	73479444	harbor2	chr11	73332734	73332908	SINE/MIR	487	+	87	73332821	53377
chr11	73279444	73479444	harbor2	chr11	73336152	73336361	SINE/MIR	771	+	104	73336256	56812
chr11	73279444	73479444	harbor2	chr11	73338767	73338981	SINE/MIR	501	+	107	73338874	59430
chr11	73279444	73479444	harbor2	chr11	73344858	73345062	SINE/MIR	562	+	102	73344960	65516
chr11	73279444	73479444	harbor2	chr11	73346151	73346281	SINE/MIR	431	+	65	73346216	66772
chr11	73279444	73479444	harbor2	chr11	73349896	73350151	SINE/MIR	645	+	128	73350024	70580
chr11	73279444	73479444	harbor2	chr11	73363941	73364104	SINE/MIR	408	+	82	73364023	84579
chr11	73279444	73479444	harbor2	chr11	73365026	73365172	SINE/MIR	458	+	73	73365099	85655
chr11	73279444	73479444	harbor2	chr11	73370043	73370192	SINE/MIR	636	+	74	73370117	90673
chr11	5134537	5334537	harbor2	chr11	5168132	5168348	SINE/MIR	642	+	108	5168240	33703
chr11	108021866	108221866	harbor2	chr11	108024129	108024269	SINE/MIR	481	+	70	108024199	2333
chr11	108021866	108221866	harbor2	chr11	108024429	108024527	SINE/MIR	481	+	49	108024478	2612
chr11	108021866	108221866	harbor2	chr11	108043583	108043756	SINE/MIR	510	+	86	108043669	21803
chr11	108021866	108221866	harbor2	chr11	108051315	108051558	SINE/MIR	710	+	122	108051437	29571
chr11	108021866	108221866	harbor2	chr11	108059447	108059596	SINE/MIR	503	+	74	108059521	37655
chr11	108021866	108221866	harbor2	chr11	108059899	108059973	SINE/MIR	503	+	37	108059936	38070
chr11	108021866	108221866	harbor2	chr11	108067014	108067244	SINE/MIR	638	+	115	108067129	45263
chr11	108021866	108221866	harbor2	chr11	108118982	108119175	SINE/MIR	441	+	96	108119078	97212
chr11	5145526	5345526	harbor2	chr11	5168132	5168348	SINE/MIR	642	+	108	5168240	22714
chr11	108021556	108221556	harbor2	chr11	108024129	108024269	SINE/MIR	481	+	70	108024199	2643
chr11	108021556	108221556	harbor2	chr11	108024429	108024527	SINE/MIR	481	+	49	108024478	2922
chr11	108021556	108221556	harbor2	chr11	108043583	108043756	SINE/MIR	510	+	86	108043669	22113
chr11	108021556	108221556	harbor2	chr11	108051315	108051558	SINE/MIR	710	+	122	108051437	29881
chr11	108021556	108221556	harbor2	chr11	108059447	108059596	SINE/MIR	503	+	74	108059521	37965
chr11	108021556	108221556	harbor2	chr11	108059899	108059973	SINE/MIR	503	+	37	108059936	38380
chr11	108021556	108221556	harbor2	chr11	108067014	108067244	SINE/MIR	638	+	115	108067129	45573
chr11	108021556	108221556	harbor2	chr11	108118982	108119175	SINE/MIR	441	+	96	108119078	97522
chr11	5134924	5334924	harbor2	chr11	5168132	5168348	SINE/MIR	642	+	108	5168240	33316
chr11	5127139	5327139	harbor2	chr11	5168132	5168348	SINE/MIR	642	+	108	5168240	41101
chr11	20061870	20261870	harbor2	chr11	20062649	20062685	SINE/MIR	461	+	18	20062667	797
chr11	20061870	20261870	harbor2	chr11	20062990	20063082	SINE/MIR	461	+	46	20063036	1166
chr11	20061870	20261870	harbor2	chr11	20065936	20066174	SINE/MIR	1214	+	119	20066055	4185
chr11	20061870	20261870	harbor2	chr11	20068488	20068650	SINE/MIR	527	+	81	20068569	6699
chr11	20061870	20261870	harbor2	chr11	20087720	20087968	SINE/MIR	473	+	124	20087844	25974
chr11	20061870	20261870	harbor2	chr11	20102375	20102579	SINE/MIR	605	+	102	20102477	40607
chr11	20061870	20261870	harbor2	chr11	20105191	20105410	SINE/MIR	805	+	110	20105301	43431
chr11	20061870	20261870	harbor2	chr11	20107913	20108089	SINE/MIR	415	+	88	20108001	46131
chr11	20061870	20261870	harbor2	chr11	20113179	20113299	SINE/MIR	416	+	60	20113239	51369
chr11	20061870	20261870	harbor2	chr11	20129348	20129492	SINE/MIR	442	+	72	20129420	67550
chr11	20061870	20261870	harbor2	chr11	20138073	20138319	SINE/MIR	829	+	123	20138196	76326
chr11	20061870	20261870	harbor2	chr11	20154825	20155005	SINE/MIR	603	+	90	20154915	93045
chr11	5503303	5703303	harbor2	chr11	5503870	5504098	SINE/MIR	706	+	114	5503984	681
chr11	5503303	5703303	harbor2	chr11	5523958	5524113	SINE/MIR	601	+	78	5524036	20733
chr11	5503303	5703303	harbor2	chr11	5524187	5524218	SINE/MIR	601	+	16	5524203	20900
chr11	5503303	5703303	harbor2	chr11	5532094	5532350	SINE/MIR	858	+	128	5532222	28919
chr11	5503303	5703303	harbor2	chr11	5547435	5547653	SINE/MIR	435	+	109	5547544	44241
chr11	5503303	5703303	harbor2	chr11	5547945	5548005	SINE/MIR	435	+	30	5547975	44672
chr11	5503303	5703303	harbor2	chr11	5555699	5555920	SINE/MIR	449	+	110	5555809	52506
chr11	5503303	5703303	harbor2	chr11	5583485	5583566	SINE/MIR	579	+	40	5583525	80222
chr11	5503303	5703303	harbor2	chr11	5583879	5584009	SINE/MIR	579	+	65	5583944	80641
chr11	5503303	5703303	harbor2	chr11	5585664	5585802	SINE/MIR	404	+	69	5585733	82430
chr11	5503303	5703303	harbor2	chr11	5597102	5597312	SINE/MIR	727	+	105	5597207	93904
chr11	64807264	65007264	harbor2	chr11	64809443	64809579	SINE/MIR	451	+	68	64809511	2247
chr11	64807264	65007264	harbor2	chr11	64830457	64830604	SINE/MIR	487	+	74	64830531	23267
chr11	64807264	65007264	harbor2	chr11	64839801	64840050	SINE/MIR	437	+	124	64839925	32661
chr11	64807264	65007264	harbor2	chr11	64868816	64869004	SINE/MIR	426	+	94	64868910	61646
chr11	64807264	65007264	harbor2	chr11	64870338	64870522	SINE/MIR	469	+	92	64870430	63166
chr11	6583608	6783608	harbor2	chr11	6629044	6629186	SINE/MIR	561	+	71	6629115	45507
chr11	6583608	6783608	harbor2	chr11	6648636	6648847	SINE/MIR	811	+	106	6648742	65134
chr11	6583608	6783608	harbor2	chr11	6648866	6649107	SINE/MIR	692	+	120	6648986	65378
chr11	6583608	6783608	harbor2	chr11	6657450	6657677	SINE/MIR	935	+	114	6657564	73956
chr11	46517295	46717295	harbor2	chr11	46539606	46539831	SINE/MIR	526	+	112	46539718	22423
chr11	46517295	46717295	harbor2	chr11	46555349	46555469	SINE/MIR	467	+	60	46555409	38114
chr11	46517295	46717295	harbor2	chr11	46556600	46556804	SINE/MIR	482	+	102	46556702	39407
chr11	46517295	46717295	harbor2	chr11	46582572	46582819	SINE/MIR	1076	+	124	46582696	65401
chr11	125492737	125692737	harbor2	chr11	125492583	125492807	SINE/MIR	672	+	112	125492695	42
chr11	125492737	125692737	harbor2	chr11	125497627	125497705	SINE/MIR	486	+	39	125497666	4929
chr11	125492737	125692737	harbor2	chr11	125498002	125498098	SINE/MIR	486	+	48	125498050	5313
chr11	125492737	125692737	harbor2	chr11	125498688	125498879	SINE/MIR	615	+	96	125498784	6047
chr11	125492737	125692737	harbor2	chr11	125508381	125508544	SINE/MIR	421	+	82	125508463	15726
chr11	5127134	5327134	harbor2	chr11	5168132	5168348	SINE/MIR	642	+	108	5168240	41106
chr11	5134274	5334274	harbor2	chr11	5168132	5168348	SINE/MIR	642	+	108	5168240	33966
chr11	6512776	6712776	harbor2	chr11	6530938	6531118	SINE/MIR	413	+	90	6531028	18252
chr11	6512776	6712776	harbor2	chr11	6531944	6532131	SINE/MIR	759	+	94	6532038	19262
chr11	6512776	6712776	harbor2	chr11	6561031	6561142	SINE/MIR	436	+	56	6561087	48311
chr11	5211379	5411379	harbor2	chr11	5283183	5283307	SINE/MIR	400	+	62	5283245	71866
chr11	5211379	5411379	harbor2	chr11	5286747	5286971	SINE/MIR	426	+	112	5286859	75480
chr11	5211379	5411379	harbor2	chr11	5295205	5295448	SINE/MIR	674	+	122	5295327	83948
chr11	5134545	5334545	harbor2	chr11	5168132	5168348	SINE/MIR	642	+	108	5168240	33695
chr11	5130232	5330232	harbor2	chr11	5168132	5168348	SINE/MIR	642	+	108	5168240	38008
chr11	5127145	5327145	harbor2	chr11	5168132	5168348	SINE/MIR	642	+	108	5168240	41095
chr11	63816020	64016020	harbor2	chr11	63849450	63849470	SINE/MIR	715	+	10	63849460	33440
chr11	63816020	64016020	harbor2	chr11	63849766	63849955	SINE/MIR	715	+	94	63849860	33840
chr11	5134509	5334509	harbor2	chr11	5168132	5168348	SINE/MIR	642	+	108	5168240	33731
chr11	5127131	5327131	harbor2	chr11	5168132	5168348	SINE/MIR	642	+	108	5168240	41109
chr11	108021552	108221552	harbor2	chr11	108024129	108024269	SINE/MIR	481	+	70	108024199	2647
chr11	108021552	108221552	harbor2	chr11	108024429	108024527	SINE/MIR	481	+	49	108024478	2926
chr11	108021552	108221552	harbor2	chr11	108043583	108043756	SINE/MIR	510	+	86	108043669	22117
chr11	108021552	108221552	harbor2	chr11	108051315	108051558	SINE/MIR	710	+	122	108051437	29885
chr11	108021552	108221552	harbor2	chr11	108059447	108059596	SINE/MIR	503	+	74	108059521	37969
chr11	108021552	108221552	harbor2	chr11	108059899	108059973	SINE/MIR	503	+	37	108059936	38384
chr11	108021552	108221552	harbor2	chr11	108067014	108067244	SINE/MIR	638	+	115	108067129	45577
chr11	108021552	108221552	harbor2	chr11	108118982	108119175	SINE/MIR	441	+	96	108119078	97526
chr11	5135402	5335402	harbor2	chr11	5168132	5168348	SINE/MIR	642	+	108	5168240	32838
chr11	64540474	64740474	harbor2	chr11	64610514	64610629	SINE/MIR	427	+	58	64610572	70098
chr11	5127113	5327113	harbor2	chr11	5168132	5168348	SINE/MIR	642	+	108	5168240	41127
chr11	5127198	5327198	harbor2	chr11	5168132	5168348	SINE/MIR	642	+	108	5168240	41042
chr11	76580957	76780957	harbor2	chr11	76599439	76599664	SINE/MIR	520	+	112	76599551	18594
chr11	76580957	76780957	harbor2	chr11	76605134	76605337	SINE/MIR	711	+	102	76605236	24279
chr11	76580957	76780957	harbor2	chr11	76624209	76624395	SINE/MIR	648	+	93	76624302	43345
chr11	76580957	76780957	harbor2	chr11	76640395	76640577	SINE/MIR	433	+	91	76640486	59529
chr11	76580957	76780957	harbor2	chr11	76665606	76665715	SINE/MIR	471	+	54	76665660	84703
chr11	76580957	76780957	harbor2	chr11	76666953	76667129	SINE/MIR	450	+	88	76667041	86084
chr11	5199897	5399897	harbor2	chr11	5283183	5283307	SINE/MIR	400	+	62	5283245	83348
chr11	5199897	5399897	harbor2	chr11	5286747	5286971	SINE/MIR	426	+	112	5286859	86962
chr11	5199897	5399897	harbor2	chr11	5295205	5295448	SINE/MIR	674	+	122	5295327	95430
chr11	5134148	5334148	harbor2	chr11	5168132	5168348	SINE/MIR	642	+	108	5168240	34092
chr11	5269991	5469991	harbor2	chr11	5283183	5283307	SINE/MIR	400	+	62	5283245	13254
chr11	5269991	5469991	harbor2	chr11	5286747	5286971	SINE/MIR	426	+	112	5286859	16868
chr11	5269991	5469991	harbor2	chr11	5295205	5295448	SINE/MIR	674	+	122	5295327	25336
chr11	5269991	5469991	harbor2	chr11	5368248	5368470	SINE/MIR	655	+	111	5368359	98368
chr11	5129657	5329657	harbor2	chr11	5168132	5168348	SINE/MIR	642	+	108	5168240	38583
chr11	16505889	16705889	harbor2	chr11	16530070	16530292	SINE/MIR	545	+	111	16530181	24292
chr11	16505889	16705889	harbor2	chr11	16587181	16587379	SINE/MIR	676	+	99	16587280	81391
chr11	129795685	129995685	harbor2	chr11	129872330	129872481	SINE/MIR	417	+	76	129872406	76721
chr11	64545468	64745468	harbor2	chr11	64610514	64610629	SINE/MIR	427	+	58	64610572	65104
chr11	5127118	5327118	harbor2	chr11	5168132	5168348	SINE/MIR	642	+	108	5168240	41122
chr11	5280964	5480964	harbor2	chr11	5283183	5283307	SINE/MIR	400	+	62	5283245	2281
chr11	5280964	5480964	harbor2	chr11	5286747	5286971	SINE/MIR	426	+	112	5286859	5895
chr11	5280964	5480964	harbor2	chr11	5295205	5295448	SINE/MIR	674	+	122	5295327	14363
chr11	5280964	5480964	harbor2	chr11	5368248	5368470	SINE/MIR	655	+	111	5368359	87395
chr11	5130451	5330451	harbor2	chr11	5168132	5168348	SINE/MIR	642	+	108	5168240	37789
chr11	119007408	119207408	harbor2	chr11	119085818	119086041	SINE/MIR	507	+	112	119085930	78522
chr11	119007408	119207408	harbor2	chr11	119091109	119091284	SINE/MIR	859	+	88	119091197	83789
chr11	119007408	119207408	harbor2	chr11	119098716	119098902	SINE/MIR	447	+	93	119098809	91401
chr11	43955448	44155448	harbor2	chr11	43977779	43977922	SINE/MIR	707	+	72	43977851	22403
chr11	43955448	44155448	harbor2	chr11	43987230	43987391	SINE/MIR	448	+	80	43987310	31862
chr11	43955448	44155448	harbor2	chr11	43989168	43989284	SINE/MIR	524	+	58	43989226	33778
chr11	43955448	44155448	harbor2	chr11	43990054	43990244	SINE/MIR	730	+	95	43990149	34701
chr11	43955448	44155448	harbor2	chr11	43990602	43990642	SINE/MIR	730	+	20	43990622	35174
chr11	43955448	44155448	harbor2	chr11	43997983	43998226	SINE/MIR	701	+	122	43998105	42657
chr11	43955448	44155448	harbor2	chr11	43998980	43999185	SINE/MIR	748	+	102	43999082	43634
chr11	43955448	44155448	harbor2	chr11	44002706	44002854	SINE/MIR	557	+	74	44002780	47332
chr11	43955448	44155448	harbor2	chr11	44007628	44007850	SINE/MIR	583	+	111	44007739	52291
chr11	43955448	44155448	harbor2	chr11	44008550	44008713	SINE/MIR	517	+	82	44008632	53184
chr11	43955448	44155448	harbor2	chr11	44015721	44015923	SINE/MIR	676	+	101	44015822	60374
chr11	43955448	44155448	harbor2	chr11	44017608	44017776	SINE/MIR	443	+	84	44017692	62244
chr11	43955448	44155448	harbor2	chr11	44028609	44028875	SINE/MIR	433	+	133	44028742	73294
chr11	43955448	44155448	harbor2	chr11	44031051	44031212	SINE/MIR	629	+	80	44031131	75683
chr11	43955448	44155448	harbor2	chr11	44040888	44041110	SINE/MIR	585	+	111	44040999	85551
chr11	78110765	78310765	harbor2	chr11	78153223	78153472	SINE/MIR	861	+	124	78153347	42582
chr11	78110765	78310765	harbor2	chr11	78156963	78157197	SINE/MIR	714	+	117	78157080	46315
chr11	78110765	78310765	harbor2	chr11	78160999	78161174	SINE/MIR	487	+	88	78161087	50322
chr11	78110765	78310765	harbor2	chr11	78164223	78164349	SINE/MIR	439	+	63	78164286	53521
chr11	78110765	78310765	harbor2	chr11	78198692	78198908	SINE/MIR	878	+	108	78198800	88035
chr11	84774083	84974083	harbor2	chr11	84783193	84783363	SINE/MIR	465	+	85	84783278	9195
chr11	84774083	84974083	harbor2	chr11	84816890	84817094	SINE/MIR	535	+	102	84816992	42909
chr11	84774083	84974083	harbor2	chr11	84829523	84829761	SINE/MIR	629	+	119	84829642	55559
chr11	84774083	84974083	harbor2	chr11	84835281	84835541	SINE/MIR	583	+	130	84835411	61328
chr11	84774083	84974083	harbor2	chr11	84854290	84854424	SINE/MIR	431	+	67	84854357	80274
chr11	84774083	84974083	harbor2	chr11	84858905	84859160	SINE/MIR	413	+	128	84859033	84950
chr11	64349298	64549298	harbor2	chr11	64384048	64384249	SINE/MIR	621	+	100	64384148	34850
chr11	64349298	64549298	harbor2	chr11	64405941	64406114	SINE/MIR	772	+	86	64406027	56729
chr11	64349298	64549298	harbor2	chr11	64419923	64420037	SINE/MIR	444	+	57	64419980	70682
chr11	64349298	64549298	harbor2	chr11	64405488	64405586	SINE/MIR	772	+	49	64405537	56239
chr11	108021537	108221537	harbor2	chr11	108024129	108024269	SINE/MIR	481	+	70	108024199	2662
chr11	108021537	108221537	harbor2	chr11	108024429	108024527	SINE/MIR	481	+	49	108024478	2941
chr11	108021537	108221537	harbor2	chr11	108043583	108043756	SINE/MIR	510	+	86	108043669	22132
chr11	108021537	108221537	harbor2	chr11	108051315	108051558	SINE/MIR	710	+	122	108051437	29900
chr11	108021537	108221537	harbor2	chr11	108059447	108059596	SINE/MIR	503	+	74	108059521	37984
chr11	108021537	108221537	harbor2	chr11	108059899	108059973	SINE/MIR	503	+	37	108059936	38399
chr11	108021537	108221537	harbor2	chr11	108067014	108067244	SINE/MIR	638	+	115	108067129	45592
chr11	108021537	108221537	harbor2	chr11	108118982	108119175	SINE/MIR	441	+	96	108119078	97541
chr11	5191359	5391359	harbor2	chr11	5283183	5283307	SINE/MIR	400	+	62	5283245	91886
chr11	5191359	5391359	harbor2	chr11	5286747	5286971	SINE/MIR	426	+	112	5286859	95500
chr11	5130062	5330062	harbor2	chr11	5168132	5168348	SINE/MIR	642	+	108	5168240	38178
chr11	5191377	5391377	harbor2	chr11	5283183	5283307	SINE/MIR	400	+	62	5283245	91868
chr11	5191377	5391377	harbor2	chr11	5286747	5286971	SINE/MIR	426	+	112	5286859	95482
chr11	5132412	5332412	harbor2	chr11	5168132	5168348	SINE/MIR	642	+	108	5168240	35828
chr11	5129603	5329603	harbor2	chr11	5168132	5168348	SINE/MIR	642	+	108	5168240	38637
chr11	73152932	73352932	harbor2	chr11	73159075	73159273	SINE/MIR	528	+	99	73159174	6242
chr11	73152932	73352932	harbor2	chr11	73179050	73179212	SINE/MIR	467	+	81	73179131	26199
chr11	73152932	73352932	harbor2	chr11	73186748	73186921	SINE/MIR	615	+	86	73186834	33902
chr11	73152932	73352932	harbor2	chr11	73206221	73206478	SINE/MIR	613	+	128	73206349	53417
chr11	73152932	73352932	harbor2	chr11	73219346	73219494	SINE/MIR	425	+	74	73219420	66488
chr11	5134257	5334257	harbor2	chr11	5168132	5168348	SINE/MIR	642	+	108	5168240	33983
chr11	27326376	27526376	harbor2	chr11	27359676	27359816	SINE/MIR	474	+	70	27359746	33370
chr11	27326376	27526376	harbor2	chr11	27406378	27406529	SINE/MIR	461	+	76	27406454	80078
chr11	27326376	27526376	harbor2	chr11	27407058	27407167	SINE/MIR	401	+	54	27407112	80736
chr11	27326376	27526376	harbor2	chr11	27407343	27407543	SINE/MIR	448	+	100	27407443	81067
chr11	27326376	27526376	harbor2	chr11	27416248	27416426	SINE/MIR	564	+	89	27416337	89961
chr11	74202004	74402004	harbor2	chr11	74220499	74220692	SINE/MIR	775	+	96	74220595	18591
chr11	74202004	74402004	harbor2	chr11	74221498	74221619	SINE/MIR	490	+	60	74221558	19554
chr11	74202004	74402004	harbor2	chr11	74238711	74238876	SINE/MIR	410	+	82	74238793	36789
chr11	74202004	74402004	harbor2	chr11	74247193	74247406	SINE/MIR	481	+	106	74247299	45295
chr11	74202004	74402004	harbor2	chr11	74247873	74248081	SINE/MIR	435	+	104	74247977	45973
chr11	74202004	74402004	harbor2	chr11	74248870	74249038	SINE/MIR	472	+	84	74248954	46950
chr11	74202004	74402004	harbor2	chr11	74255439	74255649	SINE/MIR	607	+	105	74255544	53540
chr11	74202004	74402004	harbor2	chr11	74258662	74258849	SINE/MIR	460	+	94	74258756	56752
chr11	74202004	74402004	harbor2	chr11	74263489	74263687	SINE/MIR	707	+	99	74263588	61584
chr11	74202004	74402004	harbor2	chr11	74264989	74265122	SINE/MIR	495	+	66	74265055	63051
chr11	74202004	74402004	harbor2	chr11	74277455	74277652	SINE/MIR	413	+	98	74277553	75549
chr11	5227113	5427113	harbor2	chr11	5283183	5283307	SINE/MIR	400	+	62	5283245	56132
chr11	5227113	5427113	harbor2	chr11	5286747	5286971	SINE/MIR	426	+	112	5286859	59746
chr11	5227113	5427113	harbor2	chr11	5295205	5295448	SINE/MIR	674	+	122	5295327	68214
chr11	43448895	43648895	harbor2	chr11	43489943	43490152	SINE/MIR	693	+	104	43490047	41152
chr11	43448895	43648895	harbor2	chr11	43491053	43491173	SINE/MIR	415	+	60	43491113	42218
chr11	43448895	43648895	harbor2	chr11	43497566	43497804	SINE/MIR	489	+	119	43497685	48790
chr11	61487515	61687515	harbor2	chr11	61503471	61503725	SINE/MIR	595	+	127	61503598	16083
chr11	61487515	61687515	harbor2	chr11	61507723	61507957	SINE/MIR	613	+	117	61507840	20325
chr11	61487515	61687515	harbor2	chr11	61511954	61512087	SINE/MIR	444	+	66	61512020	24505
chr11	61487515	61687515	harbor2	chr11	61543479	61543694	SINE/MIR	781	+	108	61543587	56072
chr11	61487515	61687515	harbor2	chr11	61556314	61556478	SINE/MIR	507	+	82	61556396	68881
chr11	61487515	61687515	harbor2	chr11	61562264	61562504	SINE/MIR	867	+	120	61562384	74869
chr11	61487515	61687515	harbor2	chr11	61570752	61570894	SINE/MIR	520	+	71	61570823	83308
chr11	61487515	61687515	harbor2	chr11	61572451	61572643	SINE/MIR	675	+	96	61572547	85032
chr11	61487515	61687515	harbor2	chr11	61573920	61574024	SINE/MIR	400	+	52	61573972	86457
chr11	61487515	61687515	harbor2	chr11	61583953	61584105	SINE/MIR	426	+	76	61584029	96514
chr11	61487515	61687515	harbor2	chr11	61585825	61585955	SINE/MIR	475	+	65	61585890	98375
chr11	133733618	133933618	harbor2	chr11	133794212	133794345	SINE/MIR	399	+	66	133794278	60660
chr11	133733618	133933618	harbor2	chr11	133795922	133796155	SINE/MIR	581	+	116	133796038	62420
chr11	27266585	27466585	harbor2	chr11	27280112	27280269	SINE/MIR	505	+	78	27280190	13605
chr11	27266585	27466585	harbor2	chr11	27291136	27291245	SINE/MIR	857	+	54	27291190	24605
chr11	27266585	27466585	harbor2	chr11	27291587	27291723	SINE/MIR	857	+	68	27291655	25070
chr11	27266585	27466585	harbor2	chr11	27310077	27310249	SINE/MIR	469	+	86	27310163	43578
chr11	27266585	27466585	harbor2	chr11	27310463	27310555	SINE/MIR	434	+	46	27310509	43924
chr11	27266585	27466585	harbor2	chr11	27359676	27359816	SINE/MIR	474	+	70	27359746	93161
chr11	46346052	46546052	harbor2	chr11	46356684	46356900	SINE/MIR	678	+	108	46356792	10740
chr11	46346052	46546052	harbor2	chr11	46363884	46364084	SINE/MIR	747	+	100	46363984	17932
chr11	46346052	46546052	harbor2	chr11	46364168	46364384	SINE/MIR	594	+	108	46364276	18224
chr11	68333728	68533728	harbor2	chr11	68385968	68386172	SINE/MIR	490	+	102	68386070	52342
chr11	68333728	68533728	harbor2	chr11	68388284	68388401	SINE/MIR	401	+	58	68388342	54614
chr11	68333728	68533728	harbor2	chr11	68405948	68406159	SINE/MIR	425	+	106	68406054	72326
chr11	68333728	68533728	harbor2	chr11	68424302	68424437	SINE/MIR	495	+	68	68424370	90642
chr11	68333728	68533728	harbor2	chr11	68430790	68430969	SINE/MIR	684	+	90	68430880	97152
chr11	69540352	69740352	harbor2	chr11	69547196	69547282	SINE/MIR	451	+	43	69547239	6887
chr11	69540352	69740352	harbor2	chr11	69558147	69558323	SINE/MIR	624	+	88	69558235	17883
chr11	108021538	108221538	harbor2	chr11	108024129	108024269	SINE/MIR	481	+	70	108024199	2661
chr11	108021538	108221538	harbor2	chr11	108024429	108024527	SINE/MIR	481	+	49	108024478	2940
chr11	108021538	108221538	harbor2	chr11	108043583	108043756	SINE/MIR	510	+	86	108043669	22131
chr11	108021538	108221538	harbor2	chr11	108051315	108051558	SINE/MIR	710	+	122	108051437	29899
chr11	108021538	108221538	harbor2	chr11	108059447	108059596	SINE/MIR	503	+	74	108059521	37983
chr11	108021538	108221538	harbor2	chr11	108059899	108059973	SINE/MIR	503	+	37	108059936	38398
chr11	108021538	108221538	harbor2	chr11	108067014	108067244	SINE/MIR	638	+	115	108067129	45591
chr11	108021538	108221538	harbor2	chr11	108118982	108119175	SINE/MIR	441	+	96	108119078	97540
chr11	9360730	9560730	harbor2	chr11	9385533	9385681	SINE/MIR	400	+	74	9385607	24877
chr11	9360730	9560730	harbor2	chr11	9413886	9414028	SINE/MIR	440	+	71	9413957	53227
chr11	73042796	73242796	harbor2	chr11	73071773	73071913	SINE/MIR	539	+	70	73071843	29047
chr11	73042796	73242796	harbor2	chr11	73083886	73084130	SINE/MIR	1089	+	122	73084008	41212
chr11	73042796	73242796	harbor2	chr11	73095143	73095305	SINE/MIR	648	+	81	73095224	52428
chr11	5140120	5340120	harbor2	chr11	5168132	5168348	SINE/MIR	642	+	108	5168240	28120
chr11	5199336	5399336	harbor2	chr11	5283183	5283307	SINE/MIR	400	+	62	5283245	83909
chr11	5199336	5399336	harbor2	chr11	5286747	5286971	SINE/MIR	426	+	112	5286859	87523
chr11	5199336	5399336	harbor2	chr11	5295205	5295448	SINE/MIR	674	+	122	5295327	95991
chr11	45786822	45986822	harbor2	chr11	45797288	45797536	SINE/MIR	515	+	124	45797412	10590
chr11	45786822	45986822	harbor2	chr11	45797540	45797789	SINE/MIR	884	+	124	45797664	10842
chr11	45786822	45986822	harbor2	chr11	45798085	45798293	SINE/MIR	652	+	104	45798189	11367
chr11	45786822	45986822	harbor2	chr11	45817416	45817612	SINE/MIR	495	+	98	45817514	30692
chr11	45786822	45986822	harbor2	chr11	45828471	45828572	SINE/MIR	426	+	50	45828521	41699
chr11	45786822	45986822	harbor2	chr11	45828560	45828763	SINE/MIR	659	+	102	45828662	41840
chr11	45786822	45986822	harbor2	chr11	45846730	45847011	SINE/MIR	438	+	140	45846870	60048
chr11	45786822	45986822	harbor2	chr11	45853056	45853295	SINE/MIR	1131	+	120	45853176	66354
chr11	45786822	45986822	harbor2	chr11	45854715	45854917	SINE/MIR	655	+	101	45854816	67994
chr11	45786822	45986822	harbor2	chr11	45879560	45879690	SINE/MIR	451	+	65	45879625	92803
chr11	32377105	32577105	harbor2	chr11	32382799	32383037	SINE/MIR	474	+	119	32382918	5813
chr11	32377105	32577105	harbor2	chr11	32385883	32386084	SINE/MIR	645	+	100	32385983	8878
chr11	32377105	32577105	harbor2	chr11	32390829	32390963	SINE/MIR	580	+	67	32390896	13791
chr11	32377105	32577105	harbor2	chr11	32391282	32391391	SINE/MIR	580	+	54	32391336	14231
chr11	32377105	32577105	harbor2	chr11	32398562	32398751	SINE/MIR	665	+	94	32398656	21551
chr11	32377105	32577105	harbor2	chr11	32413841	32414064	SINE/MIR	501	+	112	32413953	36848
chr11	32377105	32577105	harbor2	chr11	32416727	32416942	SINE/MIR	629	+	108	32416835	39730
chr11	32377105	32577105	harbor2	chr11	32420286	32420453	SINE/MIR	469	+	84	32420370	43265
chr11	32377105	32577105	harbor2	chr11	32423608	32423855	SINE/MIR	767	+	124	32423732	46627
chr11	32377105	32577105	harbor2	chr11	32424215	32424469	SINE/MIR	604	+	127	32424342	47237
chr11	32377105	32577105	harbor2	chr11	32438532	32438717	SINE/MIR	619	+	92	32438624	61519
chr11	32377105	32577105	harbor2	chr11	32441908	32442062	SINE/MIR	435	+	77	32441985	64880
chr11	32377105	32577105	harbor2	chr11	32442937	32443178	SINE/MIR	802	+	120	32443057	65952
chr11	32377105	32577105	harbor2	chr11	32456993	32457191	SINE/MIR	622	+	99	32457092	79987
chr11	32377105	32577105	harbor2	chr11	32459628	32459782	SINE/MIR	411	+	77	32459705	82600
chr11	32377105	32577105	harbor2	chr11	32472054	32472263	SINE/MIR	551	+	104	32472158	95053
chr11	5135401	5335401	harbor2	chr11	5168132	5168348	SINE/MIR	642	+	108	5168240	32839
chr11	10799794	10999794	harbor2	chr11	10812712	10812878	SINE/MIR	554	+	83	10812795	13001
chr11	10799794	10999794	harbor2	chr11	10842891	10843009	SINE/MIR	703	+	59	10842950	43156
chr11	10799794	10999794	harbor2	chr11	10843827	10843969	SINE/MIR	703	+	71	10843898	44104
chr11	10799794	10999794	harbor2	chr11	10896507	10896683	SINE/MIR	558	+	88	10896595	96801
chr11	47115696	47315696	harbor2	chr11	47120612	47120827	SINE/MIR	590	+	108	47120720	5024
chr11	47115696	47315696	harbor2	chr11	47127110	47127359	SINE/MIR	552	+	124	47127234	11538
chr11	47115696	47315696	harbor2	chr11	47132818	47132941	SINE/MIR	402	+	62	47132880	17184
chr11	47115696	47315696	harbor2	chr11	47133778	47133960	SINE/MIR	595	+	91	47133869	18173
chr11	47115696	47315696	harbor2	chr11	47143730	47143938	SINE/MIR	769	+	104	47143834	28138
chr11	47115696	47315696	harbor2	chr11	47143965	47144196	SINE/MIR	560	+	116	47144081	28385
chr11	47115696	47315696	harbor2	chr11	47153483	47153721	SINE/MIR	645	+	119	47153602	37906
chr11	47115696	47315696	harbor2	chr11	47181374	47181499	SINE/MIR	456	+	62	47181436	65740
chr11	47115696	47315696	harbor2	chr11	47202501	47202627	SINE/MIR	405	+	63	47202564	86868
chr11	47115696	47315696	harbor2	chr11	47207492	47207657	SINE/MIR	471	+	82	47207574	91878
chr11	47115696	47315696	harbor2	chr11	47120334	47120494	SINE/MIR	403	+	80	47120414	4718
chr11	5130296	5330296	harbor2	chr11	5168132	5168348	SINE/MIR	642	+	108	5168240	37944
chr11	69543489	69743489	harbor2	chr11	69547196	69547282	SINE/MIR	451	+	43	69547239	3750
chr11	69543489	69743489	harbor2	chr11	69558147	69558323	SINE/MIR	624	+	88	69558235	14746
chr11	5127143	5327143	harbor2	chr11	5168132	5168348	SINE/MIR	642	+	108	5168240	41097
chr11	5127183	5327183	harbor2	chr11	5168132	5168348	SINE/MIR	642	+	108	5168240	41057
chr11	5127212	5327212	harbor2	chr11	5168132	5168348	SINE/MIR	642	+	108	5168240	41028
chr11	5134525	5334525	harbor2	chr11	5168132	5168348	SINE/MIR	642	+	108	5168240	33715
chr11	65110704	65310704	harbor2	chr11	65131678	65131906	SINE/MIR	583	+	114	65131792	21088
chr11	5130571	5330571	harbor2	chr11	5168132	5168348	SINE/MIR	642	+	108	5168240	37669
chr11	5130397	5330397	harbor2	chr11	5168132	5168348	SINE/MIR	642	+	108	5168240	37843
chr11	69540160	69740160	harbor2	chr11	69547196	69547282	SINE/MIR	451	+	43	69547239	7079
chr11	69540160	69740160	harbor2	chr11	69558147	69558323	SINE/MIR	624	+	88	69558235	18075
chr11	22729649	22929649	harbor2	chr11	22787169	22787351	SINE/MIR	416	+	91	22787260	57611
chr11	22729649	22929649	harbor2	chr11	22788716	22788976	SINE/MIR	465	+	130	22788846	59197
chr11	22729649	22929649	harbor2	chr11	22798011	22798222	SINE/MIR	577	+	106	22798117	68468
chr11	22729649	22929649	harbor2	chr11	22803541	22803651	SINE/MIR	444	+	55	22803596	73947
chr11	5204580	5404580	harbor2	chr11	5283183	5283307	SINE/MIR	400	+	62	5283245	78665
chr11	5204580	5404580	harbor2	chr11	5286747	5286971	SINE/MIR	426	+	112	5286859	82279
chr11	5204580	5404580	harbor2	chr11	5295205	5295448	SINE/MIR	674	+	122	5295327	90747
chr11	38440721	38640721	harbor2	chr11	38447355	38447587	SINE/MIR	413	+	116	38447471	6750
chr11	38440721	38640721	harbor2	chr11	38506615	38506875	SINE/MIR	460	+	130	38506745	66024
chr11	108021971	108221971	harbor2	chr11	108024129	108024269	SINE/MIR	481	+	70	108024199	2228
chr11	108021971	108221971	harbor2	chr11	108024429	108024527	SINE/MIR	481	+	49	108024478	2507
chr11	108021971	108221971	harbor2	chr11	108043583	108043756	SINE/MIR	510	+	86	108043669	21698
chr11	108021971	108221971	harbor2	chr11	108051315	108051558	SINE/MIR	710	+	122	108051437	29466
chr11	108021971	108221971	harbor2	chr11	108059447	108059596	SINE/MIR	503	+	74	108059521	37550
chr11	108021971	108221971	harbor2	chr11	108059899	108059973	SINE/MIR	503	+	37	108059936	37965
chr11	108021971	108221971	harbor2	chr11	108067014	108067244	SINE/MIR	638	+	115	108067129	45158
chr11	108021971	108221971	harbor2	chr11	108118982	108119175	SINE/MIR	441	+	96	108119078	97107
chr11	126632918	126832918	harbor2	chr11	126635605	126635823	SINE/MIR	472	+	109	126635714	2796
chr11	126632918	126832918	harbor2	chr11	126636049	126636262	SINE/MIR	509	+	106	126636155	3237
chr11	126632918	126832918	harbor2	chr11	126643079	126643295	SINE/MIR	553	+	108	126643187	10269
chr11	126632918	126832918	harbor2	chr11	126653304	126653531	SINE/MIR	444	+	114	126653418	20500
chr11	126632918	126832918	harbor2	chr11	126665765	126666008	SINE/MIR	705	+	122	126665887	32969
chr11	126632918	126832918	harbor2	chr11	126682306	126682417	SINE/MIR	612	+	56	126682362	49444
chr11	126632918	126832918	harbor2	chr11	126683473	126683618	SINE/MIR	411	+	72	126683545	50627
chr11	126632918	126832918	harbor2	chr11	126696807	126697008	SINE/MIR	466	+	100	126696907	63989
chr11	126632918	126832918	harbor2	chr11	126702053	126702272	SINE/MIR	555	+	110	126702163	69245
chr11	126632918	126832918	harbor2	chr11	126721100	126721248	SINE/MIR	477	+	74	126721174	88256
chr11	126632918	126832918	harbor2	chr11	126721547	126721617	SINE/MIR	477	+	35	126721582	88664
chr11	126632918	126832918	harbor2	chr11	126725816	126725900	SINE/MIR	399	+	42	126725858	92940
chr11	63743240	63943240	harbor2	chr11	63761545	63761792	SINE/MIR	533	+	124	63761669	18429
chr11	63743240	63943240	harbor2	chr11	63767375	63767541	SINE/MIR	497	+	83	63767458	24218
chr11	64541790	64741790	harbor2	chr11	64610514	64610629	SINE/MIR	427	+	58	64610572	68782
chr11	5140756	5340756	harbor2	chr11	5168132	5168348	SINE/MIR	642	+	108	5168240	27484
chr11	5128321	5328321	harbor2	chr11	5168132	5168348	SINE/MIR	642	+	108	5168240	39919
chr11	5127556	5327556	harbor2	chr11	5168132	5168348	SINE/MIR	642	+	108	5168240	40684
chr11	65948857	66148857	harbor2	chr11	65966983	65967187	SINE/MIR	634	+	102	65967085	18228
chr11	65948857	66148857	harbor2	chr11	66008243	66008394	SINE/MIR	486	+	76	66008319	59462
chr11	65948857	66148857	harbor2	chr11	66021942	66022059	SINE/MIR	462	+	58	66022000	73143
chr11	65948857	66148857	harbor2	chr11	66022353	66022443	SINE/MIR	462	+	45	66022398	73541
chr11	65948857	66148857	harbor2	chr11	66026794	66026985	SINE/MIR	547	+	96	66026890	78033
chr11	65948857	66148857	harbor2	chr11	66041087	66041300	SINE/MIR	561	+	106	66041193	92336
chr11	3245481	3445481	harbor2	chr11	3253256	3253452	SINE/MIR	528	+	98	3253354	7873
chr11	3245481	3445481	harbor2	chr11	3299059	3299255	SINE/MIR	526	+	98	3299157	53676
chr11	65488849	65688849	harbor2	chr11	65529766	65530006	SINE/MIR	701	+	120	65529886	41037
chr11	65488849	65688849	harbor2	chr11	65548964	65549162	SINE/MIR	732	+	99	65549063	60214
chr11	65488849	65688849	harbor2	chr11	65554550	65554744	SINE/MIR	644	+	97	65554647	65798
chr11	65488849	65688849	harbor2	chr11	65565794	65566047	SINE/MIR	722	+	126	65565920	77071
chr11	65488849	65688849	harbor2	chr11	65575662	65575796	SINE/MIR	419	+	67	65575729	86880
chr11	65488849	65688849	harbor2	chr11	65587826	65587972	SINE/MIR	655	+	73	65587899	99050
chr11	5143135	5343135	harbor2	chr11	5168132	5168348	SINE/MIR	642	+	108	5168240	25105
chr11	5134529	5334529	harbor2	chr11	5168132	5168348	SINE/MIR	642	+	108	5168240	33711
chr11	5141844	5341844	harbor2	chr11	5168132	5168348	SINE/MIR	642	+	108	5168240	26396
chr11	58480005	58680005	harbor2	chr11	58528264	58528410	SINE/MIR	525	+	73	58528337	48332
chr11	58480005	58680005	harbor2	chr11	58545736	58545924	SINE/MIR	461	+	94	58545830	65825
chr11	58480005	58680005	harbor2	chr11	58550723	58550961	SINE/MIR	624	+	119	58550842	70837
chr11	3116281	3316281	harbor2	chr11	3153105	3153315	SINE/MIR	660	+	105	3153210	36929
chr11	3116281	3316281	harbor2	chr11	3195075	3195236	SINE/MIR	454	+	80	3195155	78874
chr11	5134380	5334380	harbor2	chr11	5168132	5168348	SINE/MIR	642	+	108	5168240	33860
chr11	5130263	5330263	harbor2	chr11	5168132	5168348	SINE/MIR	642	+	108	5168240	37977
chr11	76580984	76780984	harbor2	chr11	76599439	76599664	SINE/MIR	520	+	112	76599551	18567
chr11	76580984	76780984	harbor2	chr11	76605134	76605337	SINE/MIR	711	+	102	76605236	24252
chr11	76580984	76780984	harbor2	chr11	76624209	76624395	SINE/MIR	648	+	93	76624302	43318
chr11	76580984	76780984	harbor2	chr11	76640395	76640577	SINE/MIR	433	+	91	76640486	59502
chr11	76580984	76780984	harbor2	chr11	76665606	76665715	SINE/MIR	471	+	54	76665660	84676
chr11	76580984	76780984	harbor2	chr11	76666953	76667129	SINE/MIR	450	+	88	76667041	86057
chr11	76580958	76780958	harbor2	chr11	76599439	76599664	SINE/MIR	520	+	112	76599551	18593
chr11	76580958	76780958	harbor2	chr11	76605134	76605337	SINE/MIR	711	+	102	76605236	24278
chr11	76580958	76780958	harbor2	chr11	76624209	76624395	SINE/MIR	648	+	93	76624302	43344
chr11	76580958	76780958	harbor2	chr11	76640395	76640577	SINE/MIR	433	+	91	76640486	59528
chr11	76580958	76780958	harbor2	chr11	76665606	76665715	SINE/MIR	471	+	54	76665660	84702
chr11	76580958	76780958	harbor2	chr11	76666953	76667129	SINE/MIR	450	+	88	76667041	86083
chr11	119275286	119475286	harbor2	chr11	119352259	119352417	SINE/MIR	524	+	79	119352338	77052
chr11	119275286	119475286	harbor2	chr11	119374797	119374975	SINE/MIR	675	+	89	119374886	99600
chr11	11446354	11646354	harbor2	chr11	11449681	11449923	SINE/MIR	621	+	121	11449802	3448
chr11	11446354	11646354	harbor2	chr11	11459586	11459732	SINE/MIR	542	+	73	11459659	13305
chr11	11446354	11646354	harbor2	chr11	11464695	11464947	SINE/MIR	957	+	126	11464821	18467
chr11	11446354	11646354	harbor2	chr11	11489575	11489693	SINE/MIR	417	+	59	11489634	43280
chr11	11446354	11646354	harbor2	chr11	11489953	11489966	SINE/MIR	417	+	6	11489959	43605
chr11	11446354	11646354	harbor2	chr11	11490431	11490538	SINE/MIR	417	+	54	11490485	44131
chr11	11446354	11646354	harbor2	chr11	11493879	11494157	SINE/MIR	770	+	139	11494018	47664
chr11	11446354	11646354	harbor2	chr11	11500300	11500449	SINE/MIR	549	+	74	11500374	54020
chr11	11446354	11646354	harbor2	chr11	11503184	11503316	SINE/MIR	430	+	66	11503250	56896
chr11	11446354	11646354	harbor2	chr11	11513096	11513343	SINE/MIR	680	+	124	11513220	66866
chr11	11446354	11646354	harbor2	chr11	11515014	11515261	SINE/MIR	595	+	124	11515138	68784
chr11	11446354	11646354	harbor2	chr11	11534924	11535106	SINE/MIR	516	+	91	11535015	88661
chr11	11446354	11646354	harbor2	chr11	11535231	11535441	SINE/MIR	629	+	105	11535336	88982
chr11	11446354	11646354	harbor2	chr11	11452209	11452432	SINE/MIR	874	+	112	11452321	5967
chr11	108021777	108221777	harbor2	chr11	108024129	108024269	SINE/MIR	481	+	70	108024199	2422
chr11	108021777	108221777	harbor2	chr11	108024429	108024527	SINE/MIR	481	+	49	108024478	2701
chr11	108021777	108221777	harbor2	chr11	108043583	108043756	SINE/MIR	510	+	86	108043669	21892
chr11	108021777	108221777	harbor2	chr11	108051315	108051558	SINE/MIR	710	+	122	108051437	29660
chr11	108021777	108221777	harbor2	chr11	108059447	108059596	SINE/MIR	503	+	74	108059521	37744
chr11	108021777	108221777	harbor2	chr11	108059899	108059973	SINE/MIR	503	+	37	108059936	38159
chr11	108021777	108221777	harbor2	chr11	108067014	108067244	SINE/MIR	638	+	115	108067129	45352
chr11	108021777	108221777	harbor2	chr11	108118982	108119175	SINE/MIR	441	+	96	108119078	97301
chr11	5254996	5454996	harbor2	chr11	5283183	5283307	SINE/MIR	400	+	62	5283245	28249
chr11	5254996	5454996	harbor2	chr11	5286747	5286971	SINE/MIR	426	+	112	5286859	31863
chr11	5254996	5454996	harbor2	chr11	5295205	5295448	SINE/MIR	674	+	122	5295327	40331
chr11	3737914	3937914	harbor2	chr11	3801171	3801346	SINE/MIR	820	+	88	3801259	63345
chr11	3737914	3937914	harbor2	chr11	3808915	3809159	SINE/MIR	847	+	122	3809037	71123
chr11	3737914	3937914	harbor2	chr11	3828380	3828622	SINE/MIR	1048	+	121	3828501	90587
chr11	3737914	3937914	harbor2	chr11	3828920	3828935	SINE/MIR	1041	+	8	3828928	91014
chr11	3737914	3937914	harbor2	chr11	3830204	3830372	SINE/MIR	689	+	84	3830288	92374
chr11	3737914	3937914	harbor2	chr11	3830675	3830742	SINE/MIR	689	+	34	3830709	92795
chr11	3737914	3937914	harbor2	chr11	3831522	3831699	SINE/MIR	428	+	88	3831610	93696
chr11	3737914	3937914	harbor2	chr11	3832383	3832564	SINE/MIR	534	+	90	3832473	94559
chr11	3737914	3937914	harbor2	chr11	3833538	3833748	SINE/MIR	693	+	105	3833643	95729
chr11	68333892	68533892	harbor2	chr11	68385968	68386172	SINE/MIR	490	+	102	68386070	52178
chr11	68333892	68533892	harbor2	chr11	68388284	68388401	SINE/MIR	401	+	58	68388342	54450
chr11	68333892	68533892	harbor2	chr11	68405948	68406159	SINE/MIR	425	+	106	68406054	72162
chr11	68333892	68533892	harbor2	chr11	68424302	68424437	SINE/MIR	495	+	68	68424370	90478
chr11	68333892	68533892	harbor2	chr11	68430790	68430969	SINE/MIR	684	+	90	68430880	96988
chr11	3994569	4194569	harbor2	chr11	4049770	4050010	SINE/MIR	947	+	120	4049890	55321
chr11	3994569	4194569	harbor2	chr11	4057480	4057588	SINE/MIR	724	+	54	4057534	62965
chr11	3994569	4194569	harbor2	chr11	4057891	4058007	SINE/MIR	724	+	58	4057949	63380
chr11	5127207	5327207	harbor2	chr11	5168132	5168348	SINE/MIR	642	+	108	5168240	41033
chr11	133621545	133821545	harbor2	chr11	133624044	133624256	SINE/MIR	456	+	106	133624150	2605
chr11	133621545	133821545	harbor2	chr11	133659038	133659263	SINE/MIR	636	+	112	133659150	37605
chr11	133621545	133821545	harbor2	chr11	133681230	133681447	SINE/MIR	701	+	108	133681338	59793
chr11	133621545	133821545	harbor2	chr11	133681453	133681626	SINE/MIR	559	+	86	133681539	59994
chr11	133621545	133821545	harbor2	chr11	133688163	133688365	SINE/MIR	527	+	101	133688264	66719
chr11	133621545	133821545	harbor2	chr11	133708274	133708488	SINE/MIR	641	+	107	133708381	86836
chr11	5130262	5330262	harbor2	chr11	5168132	5168348	SINE/MIR	642	+	108	5168240	37978
chr11	66161658	66361658	harbor2	chr11	66168537	66168652	SINE/MIR	419	+	58	66168595	6937
chr11	66161658	66361658	harbor2	chr11	66188947	66189153	SINE/MIR	429	+	103	66189050	27392
chr11	66161658	66361658	harbor2	chr11	66224268	66224447	SINE/MIR	449	+	90	66224358	62700
chr11	5127995	5327995	harbor2	chr11	5168132	5168348	SINE/MIR	642	+	108	5168240	40245
chr11	72123532	72323532	harbor2	chr11	72222027	72222212	SINE/MIR	510	+	92	72222119	98587
chr11	5189904	5389904	harbor2	chr11	5283183	5283307	SINE/MIR	400	+	62	5283245	93341
chr11	5189904	5389904	harbor2	chr11	5286747	5286971	SINE/MIR	426	+	112	5286859	96955
chr11	68332488	68532488	harbor2	chr11	68385968	68386172	SINE/MIR	490	+	102	68386070	53582
chr11	68332488	68532488	harbor2	chr11	68388284	68388401	SINE/MIR	401	+	58	68388342	55854
chr11	68332488	68532488	harbor2	chr11	68405948	68406159	SINE/MIR	425	+	106	68406054	73566
chr11	68332488	68532488	harbor2	chr11	68424302	68424437	SINE/MIR	495	+	68	68424370	91882
chr11	68332488	68532488	harbor2	chr11	68430790	68430969	SINE/MIR	684	+	90	68430880	98392
chr11	47465563	47665563	harbor2	chr11	47521457	47521687	SINE/MIR	862	+	115	47521572	56009
chr11	64539119	64739119	harbor2	chr11	64610514	64610629	SINE/MIR	427	+	58	64610572	71453
chr11	119644502	119844502	harbor2	chr11	119646760	119646955	SINE/MIR	505	+	98	119646858	2356
chr11	119644502	119844502	harbor2	chr11	119650637	119650882	SINE/MIR	678	+	122	119650759	6257
chr11	119644502	119844502	harbor2	chr11	119679191	119679318	SINE/MIR	399	+	64	119679255	34753
chr11	119644502	119844502	harbor2	chr11	119682510	119682745	SINE/MIR	748	+	118	119682628	38126
chr11	119644502	119844502	harbor2	chr11	119688055	119688286	SINE/MIR	771	+	116	119688171	43669
chr11	119644502	119844502	harbor2	chr11	119698560	119698794	SINE/MIR	563	+	117	119698677	54175
chr11	119644502	119844502	harbor2	chr11	119701089	119701284	SINE/MIR	436	+	98	119701187	56685
chr11	119644502	119844502	harbor2	chr11	119702599	119702810	SINE/MIR	557	+	106	119702705	58203
chr11	119644502	119844502	harbor2	chr11	119719376	119719641	SINE/MIR	1023	+	132	119719508	75006
chr11	119644502	119844502	harbor2	chr11	119732365	119732638	SINE/MIR	979	+	136	119732501	87999
chr11	119644502	119844502	harbor2	chr11	119740470	119740697	SINE/MIR	526	+	114	119740584	96082
chr11	61589431	61789431	harbor2	chr11	61602076	61602179	SINE/MIR	445	+	52	61602128	12697
chr11	61589431	61789431	harbor2	chr11	61602438	61602570	SINE/MIR	445	+	66	61602504	13073
chr11	61589431	61789431	harbor2	chr11	61610539	61610685	SINE/MIR	475	+	73	61610612	21181
chr11	61589431	61789431	harbor2	chr11	61618719	61618914	SINE/MIR	619	+	98	61618817	29386
chr11	61589431	61789431	harbor2	chr11	61619566	61619739	SINE/MIR	615	+	86	61619652	30221
chr11	61589431	61789431	harbor2	chr11	61649760	61649989	SINE/MIR	863	+	114	61649874	60443
chr11	61589431	61789431	harbor2	chr11	61667799	61667995	SINE/MIR	539	+	98	61667897	78466
chr11	61589431	61789431	harbor2	chr11	61687832	61688034	SINE/MIR	447	+	101	61687933	98502
chr11	5142126	5342126	harbor2	chr11	5168132	5168348	SINE/MIR	642	+	108	5168240	26114
chr11	5270453	5470453	harbor2	chr11	5283183	5283307	SINE/MIR	400	+	62	5283245	12792
chr11	5270453	5470453	harbor2	chr11	5286747	5286971	SINE/MIR	426	+	112	5286859	16406
chr11	5270453	5470453	harbor2	chr11	5295205	5295448	SINE/MIR	674	+	122	5295327	24874
chr11	5270453	5470453	harbor2	chr11	5368248	5368470	SINE/MIR	655	+	111	5368359	97906
chr11	5127199	5327199	harbor2	chr11	5168132	5168348	SINE/MIR	642	+	108	5168240	41041
chr11	77083641	77283641	harbor2	chr11	77084654	77084796	SINE/MIR	408	+	71	77084725	1084
chr11	77083641	77283641	harbor2	chr11	77085200	77085419	SINE/MIR	423	+	110	77085310	1669
chr11	77083641	77283641	harbor2	chr11	77085516	77085634	SINE/MIR	409	+	59	77085575	1934
chr11	77083641	77283641	harbor2	chr11	77087530	77087711	SINE/MIR	507	+	90	77087620	3979
chr11	77083641	77283641	harbor2	chr11	77089923	77090114	SINE/MIR	739	+	96	77090019	6378
chr11	77083641	77283641	harbor2	chr11	77093007	77093178	SINE/MIR	416	+	86	77093093	9452
chr11	77083641	77283641	harbor2	chr11	77111280	77111517	SINE/MIR	595	+	118	77111398	27757
chr11	77083641	77283641	harbor2	chr11	77116362	77116520	SINE/MIR	458	+	79	77116441	32800
chr11	77083641	77283641	harbor2	chr11	77121505	77121711	SINE/MIR	525	+	103	77121608	37967
chr11	77083641	77283641	harbor2	chr11	77123933	77124036	SINE/MIR	445	+	52	77123985	40344
chr11	77083641	77283641	harbor2	chr11	77131891	77132058	SINE/MIR	516	+	84	77131975	48334
chr11	77083641	77283641	harbor2	chr11	77140369	77140470	SINE/MIR	552	+	50	77140419	56778
chr11	77083641	77283641	harbor2	chr11	77143132	77143303	SINE/MIR	659	+	86	77143218	59577
chr11	77083641	77283641	harbor2	chr11	77151883	77152109	SINE/MIR	437	+	113	77151996	68355
chr11	77083641	77283641	harbor2	chr11	77165472	77165633	SINE/MIR	471	+	80	77165552	81911
chr11	77083641	77283641	harbor2	chr11	77173046	77173276	SINE/MIR	535	+	115	77173161	89520
chr11	126082252	126282252	harbor2	chr11	126087800	126087997	SINE/MIR	581	+	98	126087898	5646
chr11	126082252	126282252	harbor2	chr11	126095443	126095648	SINE/MIR	537	+	102	126095545	13293
chr11	126082252	126282252	harbor2	chr11	126102033	126102160	SINE/MIR	551	+	64	126102097	19845
chr11	126082252	126282252	harbor2	chr11	126109337	126109565	SINE/MIR	598	+	114	126109451	27199
chr11	126082252	126282252	harbor2	chr11	126117096	126117289	SINE/MIR	447	+	96	126117192	34940
chr11	126082252	126282252	harbor2	chr11	126119465	126119675	SINE/MIR	636	+	105	126119570	37318
chr11	126082252	126282252	harbor2	chr11	126126729	126126947	SINE/MIR	588	+	109	126126838	44586
chr11	126082252	126282252	harbor2	chr11	126128508	126128722	SINE/MIR	610	+	107	126128615	46363
chr11	126082252	126282252	harbor2	chr11	126129911	126130090	SINE/MIR	399	+	90	126130001	47749
chr11	126082252	126282252	harbor2	chr11	126133529	126133712	SINE/MIR	494	+	92	126133621	51369
chr11	126082252	126282252	harbor2	chr11	126136982	126137149	SINE/MIR	408	+	84	126137066	54814
chr11	126082252	126282252	harbor2	chr11	126161602	126161642	SINE/MIR	439	+	20	126161622	79370
chr11	126082252	126282252	harbor2	chr11	126162352	126162465	SINE/MIR	439	+	56	126162408	80156
chr11	67369200	67569200	harbor2	chr11	67412755	67412862	SINE/MIR	410	+	54	67412809	43609
chr11	6206956	6406956	harbor2	chr11	6215145	6215347	SINE/MIR	555	+	101	6215246	8290
chr11	6206956	6406956	harbor2	chr11	6229168	6229348	SINE/MIR	510	+	90	6229258	22302
chr11	6206956	6406956	harbor2	chr11	6242625	6242801	SINE/MIR	706	+	88	6242713	35757
chr11	6206956	6406956	harbor2	chr11	6255685	6255917	SINE/MIR	650	+	116	6255801	48845
chr11	6206956	6406956	harbor2	chr11	6274135	6274305	SINE/MIR	520	+	85	6274220	67264
chr11	6206956	6406956	harbor2	chr11	6290470	6290631	SINE/MIR	527	+	80	6290550	83594
chr11	2487678	2687678	harbor2	chr11	2516165	2516311	SINE/MIR	449	+	73	2516238	28560
chr11	117887566	118087566	harbor2	chr11	117898447	117898689	SINE/MIR	744	+	121	117898568	11002
chr11	117887566	118087566	harbor2	chr11	117908093	117908318	SINE/MIR	812	+	112	117908205	20639
chr11	117887566	118087566	harbor2	chr11	117920087	117920293	SINE/MIR	405	+	103	117920190	32624
chr11	117887566	118087566	harbor2	chr11	117924959	117925077	SINE/MIR	399	+	59	117925018	37452
chr11	117887566	118087566	harbor2	chr11	117935489	117935717	SINE/MIR	622	+	114	117935603	48037
chr11	117887566	118087566	harbor2	chr11	117940777	117940990	SINE/MIR	527	+	106	117940883	53317
chr11	117887566	118087566	harbor2	chr11	117951628	117951845	SINE/MIR	461	+	108	117951736	64170
chr11	117887566	118087566	harbor2	chr11	117952769	117953004	SINE/MIR	1064	+	118	117952887	65321
chr11	117887566	118087566	harbor2	chr11	117954088	117954278	SINE/MIR	685	+	95	117954183	66617
chr11	117887566	118087566	harbor2	chr11	117955072	117955300	SINE/MIR	617	+	114	117955186	67620
chr11	117887566	118087566	harbor2	chr11	117973179	117973387	SINE/MIR	508	+	104	117973283	85717
chr11	117887566	118087566	harbor2	chr11	117980376	117980582	SINE/MIR	864	+	103	117980479	92913
chr11	117887566	118087566	harbor2	chr11	117980970	117981025	SINE/MIR	864	+	28	117980998	93432
chr11	5216243	5416243	harbor2	chr11	5283183	5283307	SINE/MIR	400	+	62	5283245	67002
chr11	5216243	5416243	harbor2	chr11	5286747	5286971	SINE/MIR	426	+	112	5286859	70616
chr11	5216243	5416243	harbor2	chr11	5295205	5295448	SINE/MIR	674	+	122	5295327	79084
chr11	64643001	64843001	harbor2	chr11	64654780	64654926	SINE/MIR	468	+	73	64654853	11852
chr11	64643001	64843001	harbor2	chr11	64659564	64659751	SINE/MIR	452	+	94	64659658	16657
chr11	64643001	64843001	harbor2	chr11	64680492	64680673	SINE/MIR	572	+	90	64680582	37581
chr11	64643001	64843001	harbor2	chr11	64688952	64689169	SINE/MIR	431	+	108	64689060	46059
chr11	64643001	64843001	harbor2	chr11	64698417	64698551	SINE/MIR	510	+	67	64698484	55483
chr11	64643001	64843001	harbor2	chr11	64718892	64719126	SINE/MIR	883	+	117	64719009	76008
chr11	64643001	64843001	harbor2	chr11	64730721	64730927	SINE/MIR	664	+	103	64730824	87823
chr11	64643001	64843001	harbor2	chr11	64739157	64739335	SINE/MIR	458	+	89	64739246	96245
chr11	57400308	57600308	harbor2	chr11	57416925	57417083	SINE/MIR	628	+	79	57417004	16696
chr11	57400308	57600308	harbor2	chr11	57420727	57420960	SINE/MIR	727	+	116	57420843	20535
chr11	57400308	57600308	harbor2	chr11	57424404	57424556	SINE/MIR	399	+	76	57424480	24172
chr11	57400308	57600308	harbor2	chr11	57434205	57434451	SINE/MIR	1087	+	123	57434328	34020
chr11	57400308	57600308	harbor2	chr11	57450739	57450989	SINE/MIR	799	+	125	57450864	50556
chr11	57400308	57600308	harbor2	chr11	57451518	57451682	SINE/MIR	527	+	82	57451600	51292
chr11	57400308	57600308	harbor2	chr11	57464530	57464730	SINE/MIR	468	+	100	57464630	64322
chr11	57400308	57600308	harbor2	chr11	57469426	57469613	SINE/MIR	721	+	94	57469520	69212
chr11	57400308	57600308	harbor2	chr11	57470113	57470253	SINE/MIR	549	+	70	57470183	69875
chr11	57400308	57600308	harbor2	chr11	57470547	57470647	SINE/MIR	549	+	50	57470597	70289
chr11	57400308	57600308	harbor2	chr11	57470736	57470953	SINE/MIR	650	+	108	57470844	70536
chr11	57400308	57600308	harbor2	chr11	57471258	57471293	SINE/MIR	650	+	18	57471276	70968
chr11	57400308	57600308	harbor2	chr11	57472552	57472766	SINE/MIR	783	+	107	57472659	72351
chr11	57400308	57600308	harbor2	chr11	57472887	57473092	SINE/MIR	760	+	102	57472989	72681
chr11	57400308	57600308	harbor2	chr11	57481029	57481194	SINE/MIR	418	+	82	57481111	80803
chr11	57400308	57600308	harbor2	chr11	57483734	57483894	SINE/MIR	453	+	80	57483814	83506
chr11	57400308	57600308	harbor2	chr11	57490871	57491031	SINE/MIR	526	+	80	57490951	90643
chr11	76580941	76780941	harbor2	chr11	76599439	76599664	SINE/MIR	520	+	112	76599551	18610
chr11	76580941	76780941	harbor2	chr11	76605134	76605337	SINE/MIR	711	+	102	76605236	24295
chr11	76580941	76780941	harbor2	chr11	76624209	76624395	SINE/MIR	648	+	93	76624302	43361
chr11	76580941	76780941	harbor2	chr11	76640395	76640577	SINE/MIR	433	+	91	76640486	59545
chr11	76580941	76780941	harbor2	chr11	76665606	76665715	SINE/MIR	471	+	54	76665660	84719
chr11	76580941	76780941	harbor2	chr11	76666953	76667129	SINE/MIR	450	+	88	76667041	86100
chr11	70734473	70934473	harbor2	chr11	70757168	70757328	SINE/MIR	600	+	80	70757248	22775
chr11	70734473	70934473	harbor2	chr11	70763095	70763202	SINE/MIR	477	+	54	70763149	28676
chr11	70734473	70934473	harbor2	chr11	70810589	70810790	SINE/MIR	474	+	100	70810689	76216
chr11	70734473	70934473	harbor2	chr11	70831845	70831991	SINE/MIR	480	+	73	70831918	97445
chr11	70734473	70934473	harbor2	chr11	70832078	70832226	SINE/MIR	533	+	74	70832152	97679
chr11	76587997	76787997	harbor2	chr11	76599439	76599664	SINE/MIR	520	+	112	76599551	11554
chr11	76587997	76787997	harbor2	chr11	76605134	76605337	SINE/MIR	711	+	102	76605236	17239
chr11	76587997	76787997	harbor2	chr11	76624209	76624395	SINE/MIR	648	+	93	76624302	36305
chr11	76587997	76787997	harbor2	chr11	76640395	76640577	SINE/MIR	433	+	91	76640486	52489
chr11	76587997	76787997	harbor2	chr11	76665606	76665715	SINE/MIR	471	+	54	76665660	77663
chr11	76587997	76787997	harbor2	chr11	76666953	76667129	SINE/MIR	450	+	88	76667041	79044
chr11	111441731	111641731	harbor2	chr11	111445145	111445265	SINE/MIR	428	+	60	111445205	3474
chr11	111441731	111641731	harbor2	chr11	111445774	111445885	SINE/MIR	403	+	56	111445830	4099
chr11	111441731	111641731	harbor2	chr11	111446193	111446389	SINE/MIR	430	+	98	111446291	4560
chr11	111441731	111641731	harbor2	chr11	111500913	111501079	SINE/MIR	457	+	83	111500996	59265
chr11	111441731	111641731	harbor2	chr11	111519015	111519236	SINE/MIR	611	+	110	111519125	77394
chr11	111441731	111641731	harbor2	chr11	111528869	111529127	SINE/MIR	578	+	129	111528998	87267
chr11	111441731	111641731	harbor2	chr11	111533196	111533434	SINE/MIR	563	+	119	111533315	91584
chr11	120127774	120327774	harbor2	chr11	120144698	120144911	SINE/MIR	575	+	106	120144804	17030
chr11	120127774	120327774	harbor2	chr11	120170585	120170753	SINE/MIR	790	+	84	120170669	42895
chr11	120127774	120327774	harbor2	chr11	120178274	120178453	SINE/MIR	530	+	90	120178364	50590
chr11	120127774	120327774	harbor2	chr11	120190824	120191060	SINE/MIR	543	+	118	120190942	63168
chr11	120127774	120327774	harbor2	chr11	120194655	120194762	SINE/MIR	411	+	54	120194709	66935
chr11	120127774	120327774	harbor2	chr11	120195076	120195182	SINE/MIR	411	+	53	120195129	67355
chr11	120127774	120327774	harbor2	chr11	120199450	120199626	SINE/MIR	556	+	88	120199538	71764
chr11	120127774	120327774	harbor2	chr11	120208234	120208459	SINE/MIR	828	+	112	120208346	80572
chr11	120127774	120327774	harbor2	chr11	120214162	120214289	SINE/MIR	534	+	64	120214226	86452
chr11	120127774	120327774	harbor2	chr11	120217641	120217725	SINE/MIR	402	+	42	120217683	89909
chr11	6519524	6719524	harbor2	chr11	6530938	6531118	SINE/MIR	413	+	90	6531028	11504
chr11	6519524	6719524	harbor2	chr11	6531944	6532131	SINE/MIR	759	+	94	6532038	12514
chr11	6519524	6719524	harbor2	chr11	6561031	6561142	SINE/MIR	436	+	56	6561087	41563
chr11	5130579	5330579	harbor2	chr11	5168132	5168348	SINE/MIR	642	+	108	5168240	37661
chr11	33600881	33800881	harbor2	chr11	33608086	33608293	SINE/MIR	735	+	104	33608190	7309
chr11	33600881	33800881	harbor2	chr11	33633772	33633943	SINE/MIR	656	+	86	33633858	32977
chr11	33600881	33800881	harbor2	chr11	33641635	33641867	SINE/MIR	729	+	116	33641751	40870
chr11	33600881	33800881	harbor2	chr11	33646408	33646478	SINE/MIR	500	+	35	33646443	45562
chr11	33600881	33800881	harbor2	chr11	33646943	33647101	SINE/MIR	500	+	79	33647022	46141
chr11	33600881	33800881	harbor2	chr11	33666853	33666953	SINE/MIR	399	+	50	33666903	66022
chr11	33600881	33800881	harbor2	chr11	33693748	33693980	SINE/MIR	668	+	116	33693864	92983
chr11	33600881	33800881	harbor2	chr11	33694705	33694878	SINE/MIR	526	+	86	33694791	93910
chr11	64142038	64342038	harbor2	chr11	64143812	64143931	SINE/MIR	465	+	60	64143872	1834
chr11	70740848	70940848	harbor2	chr11	70757168	70757328	SINE/MIR	600	+	80	70757248	16400
chr11	70740848	70940848	harbor2	chr11	70763095	70763202	SINE/MIR	477	+	54	70763149	22301
chr11	70740848	70940848	harbor2	chr11	70810589	70810790	SINE/MIR	474	+	100	70810689	69841
chr11	70740848	70940848	harbor2	chr11	70831845	70831991	SINE/MIR	480	+	73	70831918	91070
chr11	70740848	70940848	harbor2	chr11	70832078	70832226	SINE/MIR	533	+	74	70832152	91304
chr11	67369215	67569215	harbor2	chr11	67412755	67412862	SINE/MIR	410	+	54	67412809	43594
chr11	63953820	64153820	harbor2	chr11	63971067	63971213	SINE/MIR	499	+	73	63971140	17320
chr11	63953820	64153820	harbor2	chr11	63971504	63971594	SINE/MIR	499	+	45	63971549	17729
chr11	63953820	64153820	harbor2	chr11	63981339	63981473	SINE/MIR	492	+	67	63981406	27586
chr11	63953820	64153820	harbor2	chr11	63987570	63987757	SINE/MIR	399	+	94	63987664	33844
chr11	63953820	64153820	harbor2	chr11	63991068	63991247	SINE/MIR	538	+	90	63991158	37338
chr11	63953820	64153820	harbor2	chr11	64001840	64002042	SINE/MIR	787	+	101	64001941	48121
chr11	63953820	64153820	harbor2	chr11	64042995	64043207	SINE/MIR	500	+	106	64043101	89281
chr11	126376674	126576674	harbor2	chr11	126396747	126396918	SINE/MIR	447	+	86	126396833	20159
chr11	126376674	126576674	harbor2	chr11	126412793	126412951	SINE/MIR	525	+	79	126412872	36198
chr11	126376674	126576674	harbor2	chr11	126421657	126421802	SINE/MIR	431	+	72	126421729	45055
chr11	126376674	126576674	harbor2	chr11	126462220	126462382	SINE/MIR	459	+	81	126462301	85627
chr11	126376674	126576674	harbor2	chr11	126462684	126462706	SINE/MIR	459	+	11	126462695	86021
chr11	67408273	67608273	harbor2	chr11	67412755	67412862	SINE/MIR	410	+	54	67412809	4536
chr11	74188388	74388388	harbor2	chr11	74201526	74201727	SINE/MIR	692	+	100	74201626	13238
chr11	74188388	74388388	harbor2	chr11	74220499	74220692	SINE/MIR	775	+	96	74220595	32207
chr11	74188388	74388388	harbor2	chr11	74221498	74221619	SINE/MIR	490	+	60	74221558	33170
chr11	74188388	74388388	harbor2	chr11	74238711	74238876	SINE/MIR	410	+	82	74238793	50405
chr11	74188388	74388388	harbor2	chr11	74247193	74247406	SINE/MIR	481	+	106	74247299	58911
chr11	74188388	74388388	harbor2	chr11	74247873	74248081	SINE/MIR	435	+	104	74247977	59589
chr11	74188388	74388388	harbor2	chr11	74248870	74249038	SINE/MIR	472	+	84	74248954	60566
chr11	74188388	74388388	harbor2	chr11	74255439	74255649	SINE/MIR	607	+	105	74255544	67156
chr11	74188388	74388388	harbor2	chr11	74258662	74258849	SINE/MIR	460	+	94	74258756	70368
chr11	74188388	74388388	harbor2	chr11	74263489	74263687	SINE/MIR	707	+	99	74263588	75200
chr11	74188388	74388388	harbor2	chr11	74264989	74265122	SINE/MIR	495	+	66	74265055	76667
chr11	74188388	74388388	harbor2	chr11	74277455	74277652	SINE/MIR	413	+	98	74277553	89165
chr11	5128063	5328063	harbor2	chr11	5168132	5168348	SINE/MIR	642	+	108	5168240	40177
chr11	5133681	5333681	harbor2	chr11	5168132	5168348	SINE/MIR	642	+	108	5168240	34559
chr11	57399755	57599755	harbor2	chr11	57416925	57417083	SINE/MIR	628	+	79	57417004	17249
chr11	57399755	57599755	harbor2	chr11	57420727	57420960	SINE/MIR	727	+	116	57420843	21088
chr11	57399755	57599755	harbor2	chr11	57424404	57424556	SINE/MIR	399	+	76	57424480	24725
chr11	57399755	57599755	harbor2	chr11	57434205	57434451	SINE/MIR	1087	+	123	57434328	34573
chr11	57399755	57599755	harbor2	chr11	57450739	57450989	SINE/MIR	799	+	125	57450864	51109
chr11	57399755	57599755	harbor2	chr11	57451518	57451682	SINE/MIR	527	+	82	57451600	51845
chr11	57399755	57599755	harbor2	chr11	57464530	57464730	SINE/MIR	468	+	100	57464630	64875
chr11	57399755	57599755	harbor2	chr11	57469426	57469613	SINE/MIR	721	+	94	57469520	69765
chr11	57399755	57599755	harbor2	chr11	57470113	57470253	SINE/MIR	549	+	70	57470183	70428
chr11	57399755	57599755	harbor2	chr11	57470547	57470647	SINE/MIR	549	+	50	57470597	70842
chr11	57399755	57599755	harbor2	chr11	57470736	57470953	SINE/MIR	650	+	108	57470844	71089
chr11	57399755	57599755	harbor2	chr11	57471258	57471293	SINE/MIR	650	+	18	57471276	71521
chr11	57399755	57599755	harbor2	chr11	57472552	57472766	SINE/MIR	783	+	107	57472659	72904
chr11	57399755	57599755	harbor2	chr11	57472887	57473092	SINE/MIR	760	+	102	57472989	73234
chr11	57399755	57599755	harbor2	chr11	57481029	57481194	SINE/MIR	418	+	82	57481111	81356
chr11	57399755	57599755	harbor2	chr11	57483734	57483894	SINE/MIR	453	+	80	57483814	84059
chr11	57399755	57599755	harbor2	chr11	57490871	57491031	SINE/MIR	526	+	80	57490951	91196
chr11	65525168	65725168	harbor2	chr11	65529766	65530006	SINE/MIR	701	+	120	65529886	4718
chr11	65525168	65725168	harbor2	chr11	65548964	65549162	SINE/MIR	732	+	99	65549063	23895
chr11	65525168	65725168	harbor2	chr11	65554550	65554744	SINE/MIR	644	+	97	65554647	29479
chr11	65525168	65725168	harbor2	chr11	65565794	65566047	SINE/MIR	722	+	126	65565920	40752
chr11	65525168	65725168	harbor2	chr11	65575662	65575796	SINE/MIR	419	+	67	65575729	50561
chr11	65525168	65725168	harbor2	chr11	65587826	65587972	SINE/MIR	655	+	73	65587899	62731
chr11	65525168	65725168	harbor2	chr11	65598787	65599001	SINE/MIR	739	+	107	65598894	73726
chr11	65525168	65725168	harbor2	chr11	65604476	65604722	SINE/MIR	435	+	123	65604599	79431
chr11	65525168	65725168	harbor2	chr11	65605041	65605177	SINE/MIR	438	+	68	65605109	79941
chr11	5127169	5327169	harbor2	chr11	5168132	5168348	SINE/MIR	642	+	108	5168240	41071
chr11	6519523	6719523	harbor2	chr11	6530938	6531118	SINE/MIR	413	+	90	6531028	11505
chr11	6519523	6719523	harbor2	chr11	6531944	6532131	SINE/MIR	759	+	94	6532038	12515
chr11	6519523	6719523	harbor2	chr11	6561031	6561142	SINE/MIR	436	+	56	6561087	41564
chr11	134094872	134294872	harbor2	chr11	134154017	134154213	SINE/MIR	557	+	98	134154115	59243
chr11	76580976	76780976	harbor2	chr11	76599439	76599664	SINE/MIR	520	+	112	76599551	18575
chr11	76580976	76780976	harbor2	chr11	76605134	76605337	SINE/MIR	711	+	102	76605236	24260
chr11	76580976	76780976	harbor2	chr11	76624209	76624395	SINE/MIR	648	+	93	76624302	43326
chr11	76580976	76780976	harbor2	chr11	76640395	76640577	SINE/MIR	433	+	91	76640486	59510
chr11	76580976	76780976	harbor2	chr11	76665606	76665715	SINE/MIR	471	+	54	76665660	84684
chr11	76580976	76780976	harbor2	chr11	76666953	76667129	SINE/MIR	450	+	88	76667041	86065
chr11	61396732	61596732	harbor2	chr11	61412710	61412785	SINE/MIR	401	+	38	61412748	16016
chr11	61396732	61596732	harbor2	chr11	61437045	61437192	SINE/MIR	456	+	74	61437119	40387
chr11	61396732	61596732	harbor2	chr11	61437502	61437575	SINE/MIR	456	+	36	61437538	40806
chr11	61396732	61596732	harbor2	chr11	61447655	61447822	SINE/MIR	468	+	84	61447739	51007
chr11	61396732	61596732	harbor2	chr11	61450080	61450309	SINE/MIR	625	+	114	61450194	53462
chr11	61396732	61596732	harbor2	chr11	61476076	61476329	SINE/MIR	961	+	126	61476202	79470
chr11	61396732	61596732	harbor2	chr11	61480707	61480861	SINE/MIR	441	+	77	61480784	84052
chr11	118813698	119013698	harbor2	chr11	118854004	118854247	SINE/MIR	749	+	122	118854126	40428
chr11	118813698	119013698	harbor2	chr11	118862909	118863035	SINE/MIR	830	+	63	118862972	49274
chr11	118813698	119013698	harbor2	chr11	118863335	118863413	SINE/MIR	830	+	39	118863374	49676
chr11	118813698	119013698	harbor2	chr11	118882834	118883033	SINE/MIR	766	+	100	118882934	69236
chr11	64996252	65196252	harbor2	chr11	64997275	64997452	SINE/MIR	431	+	88	64997363	1111
chr11	64996252	65196252	harbor2	chr11	65003113	65003276	SINE/MIR	572	+	82	65003195	6943
chr11	64996252	65196252	harbor2	chr11	65021257	65021479	SINE/MIR	658	+	111	65021368	25116
chr11	64996252	65196252	harbor2	chr11	65035292	65035472	SINE/MIR	470	+	90	65035382	39130
chr11	66182603	66382603	harbor2	chr11	66188947	66189153	SINE/MIR	429	+	103	66189050	6447
chr11	66182603	66382603	harbor2	chr11	66224268	66224447	SINE/MIR	449	+	90	66224358	41755
chr11	66182603	66382603	harbor2	chr11	66269645	66269847	SINE/MIR	651	+	101	66269746	87143
chr11	66182603	66382603	harbor2	chr11	66281223	66281408	SINE/MIR	736	+	92	66281315	98712
chr11	133740735	133940735	harbor2	chr11	133794212	133794345	SINE/MIR	399	+	66	133794278	53543
chr11	133740735	133940735	harbor2	chr11	133795922	133796155	SINE/MIR	581	+	116	133796038	55303
chr11	133740735	133940735	harbor2	chr11	133836497	133836637	SINE/MIR	526	+	70	133836567	95832
chr11	5191433	5391433	harbor2	chr11	5283183	5283307	SINE/MIR	400	+	62	5283245	91812
chr11	5191433	5391433	harbor2	chr11	5286747	5286971	SINE/MIR	426	+	112	5286859	95426
chr11	5134480	5334480	harbor2	chr11	5168132	5168348	SINE/MIR	642	+	108	5168240	33760
chr11	117457689	117657689	harbor2	chr11	117518941	117519162	SINE/MIR	608	+	110	117519051	61362
chr11	117457689	117657689	harbor2	chr11	117527869	117528120	SINE/MIR	500	+	126	117527995	70306
chr11	117457689	117657689	harbor2	chr11	117528608	117528845	SINE/MIR	511	+	118	117528726	71037
chr11	117457689	117657689	harbor2	chr11	117531232	117531407	SINE/MIR	446	+	88	117531320	73631
chr11	117457689	117657689	harbor2	chr11	117532675	117532835	SINE/MIR	563	+	80	117532755	75066
chr11	117457689	117657689	harbor2	chr11	117549432	117549645	SINE/MIR	598	+	106	117549538	91849
chr11	117457689	117657689	harbor2	chr11	117552463	117552693	SINE/MIR	658	+	115	117552578	94889
chr11	117457689	117657689	harbor2	chr11	117556000	117556207	SINE/MIR	669	+	104	117556104	98415
chr11	69540884	69740884	harbor2	chr11	69547196	69547282	SINE/MIR	451	+	43	69547239	6355
chr11	69540884	69740884	harbor2	chr11	69558147	69558323	SINE/MIR	624	+	88	69558235	17351
chr11	119646005	119846005	harbor2	chr11	119646760	119646955	SINE/MIR	505	+	98	119646858	853
chr11	119646005	119846005	harbor2	chr11	119650637	119650882	SINE/MIR	678	+	122	119650759	4754
chr11	119646005	119846005	harbor2	chr11	119679191	119679318	SINE/MIR	399	+	64	119679255	33250
chr11	119646005	119846005	harbor2	chr11	119682510	119682745	SINE/MIR	748	+	118	119682628	36623
chr11	119646005	119846005	harbor2	chr11	119688055	119688286	SINE/MIR	771	+	116	119688171	42166
chr11	119646005	119846005	harbor2	chr11	119698560	119698794	SINE/MIR	563	+	117	119698677	52672
chr11	119646005	119846005	harbor2	chr11	119701089	119701284	SINE/MIR	436	+	98	119701187	55182
chr11	119646005	119846005	harbor2	chr11	119702599	119702810	SINE/MIR	557	+	106	119702705	56700
chr11	119646005	119846005	harbor2	chr11	119719376	119719641	SINE/MIR	1023	+	132	119719508	73503
chr11	119646005	119846005	harbor2	chr11	119732365	119732638	SINE/MIR	979	+	136	119732501	86496
chr11	119646005	119846005	harbor2	chr11	119740470	119740697	SINE/MIR	526	+	114	119740584	94579
chr11	66182673	66382673	harbor2	chr11	66188947	66189153	SINE/MIR	429	+	103	66189050	6377
chr11	66182673	66382673	harbor2	chr11	66224268	66224447	SINE/MIR	449	+	90	66224358	41685
chr11	66182673	66382673	harbor2	chr11	66269645	66269847	SINE/MIR	651	+	101	66269746	87073
chr11	66182673	66382673	harbor2	chr11	66281223	66281408	SINE/MIR	736	+	92	66281315	98642
chr11	62571717	62771717	harbor2	chr11	62576451	62576571	SINE/MIR	508	+	60	62576511	4794
chr11	62571717	62771717	harbor2	chr11	62589795	62590040	SINE/MIR	568	+	122	62589917	18200
chr11	62571717	62771717	harbor2	chr11	62610508	62610767	SINE/MIR	968	+	130	62610638	38921
chr11	62571717	62771717	harbor2	chr11	62613996	62614167	SINE/MIR	683	+	86	62614082	42365
chr11	62571717	62771717	harbor2	chr11	62618211	62618376	SINE/MIR	707	+	82	62618293	46576
chr11	62571717	62771717	harbor2	chr11	62655483	62655717	SINE/MIR	581	+	117	62655600	83883
chr11	62571717	62771717	harbor2	chr11	62657007	62657237	SINE/MIR	540	+	115	62657122	85405
chr11	62571717	62771717	harbor2	chr11	62668104	62668233	SINE/MIR	468	+	64	62668168	96451
chr11	68028552	68228552	harbor2	chr11	68034279	68034417	SINE/MIR	416	+	69	68034348	5796
chr11	68028552	68228552	harbor2	chr11	68045318	68045489	SINE/MIR	476	+	86	68045404	16852
chr11	68028552	68228552	harbor2	chr11	68123964	68124085	SINE/MIR	401	+	60	68124024	95472
chr11	6201662	6401662	harbor2	chr11	6203715	6203916	SINE/MIR	474	+	100	6203815	2153
chr11	6201662	6401662	harbor2	chr11	6215145	6215347	SINE/MIR	555	+	101	6215246	13584
chr11	6201662	6401662	harbor2	chr11	6229168	6229348	SINE/MIR	510	+	90	6229258	27596
chr11	6201662	6401662	harbor2	chr11	6242625	6242801	SINE/MIR	706	+	88	6242713	41051
chr11	6201662	6401662	harbor2	chr11	6255685	6255917	SINE/MIR	650	+	116	6255801	54139
chr11	6201662	6401662	harbor2	chr11	6274135	6274305	SINE/MIR	520	+	85	6274220	72558
chr11	6201662	6401662	harbor2	chr11	6290470	6290631	SINE/MIR	527	+	80	6290550	88888
chr11	76599762	76799762	harbor2	chr11	76605134	76605337	SINE/MIR	711	+	102	76605236	5474
chr11	76599762	76799762	harbor2	chr11	76624209	76624395	SINE/MIR	648	+	93	76624302	24540
chr11	76599762	76799762	harbor2	chr11	76640395	76640577	SINE/MIR	433	+	91	76640486	40724
chr11	76599762	76799762	harbor2	chr11	76665606	76665715	SINE/MIR	471	+	54	76665660	65898
chr11	76599762	76799762	harbor2	chr11	76666953	76667129	SINE/MIR	450	+	88	76667041	67279
chr11	76599762	76799762	harbor2	chr11	76691787	76691924	SINE/MIR	463	+	68	76691855	92093
chr11	76599762	76799762	harbor2	chr11	76693608	76693807	SINE/MIR	425	+	100	76693708	93946
chr11	76599762	76799762	harbor2	chr11	76697298	76697415	SINE/MIR	405	+	58	76697356	97594
chr11	62588670	62788670	harbor2	chr11	62589795	62590040	SINE/MIR	568	+	122	62589917	1247
chr11	62588670	62788670	harbor2	chr11	62610508	62610767	SINE/MIR	968	+	130	62610638	21968
chr11	62588670	62788670	harbor2	chr11	62613996	62614167	SINE/MIR	683	+	86	62614082	25412
chr11	62588670	62788670	harbor2	chr11	62618211	62618376	SINE/MIR	707	+	82	62618293	29623
chr11	62588670	62788670	harbor2	chr11	62655483	62655717	SINE/MIR	581	+	117	62655600	66930
chr11	62588670	62788670	harbor2	chr11	62657007	62657237	SINE/MIR	540	+	115	62657122	68452
chr11	62588670	62788670	harbor2	chr11	62668104	62668233	SINE/MIR	468	+	64	62668168	79498
chr11	124700459	124900459	harbor2	chr11	124727711	124727920	SINE/MIR	481	+	104	124727815	27356
chr11	124700459	124900459	harbor2	chr11	124735749	124735909	SINE/MIR	610	+	80	124735829	35370
chr11	124700459	124900459	harbor2	chr11	124736218	124736311	SINE/MIR	610	+	46	124736264	35805
chr11	124700459	124900459	harbor2	chr11	124742654	124742800	SINE/MIR	438	+	73	124742727	42268
chr11	124700459	124900459	harbor2	chr11	124744503	124744733	SINE/MIR	415	+	115	124744618	44159
chr11	124700459	124900459	harbor2	chr11	124755055	124755236	SINE/MIR	520	+	90	124755145	54686
chr11	124700459	124900459	harbor2	chr11	124786910	124787130	SINE/MIR	542	+	110	124787020	86561
chr11	76580924	76780924	harbor2	chr11	76599439	76599664	SINE/MIR	520	+	112	76599551	18627
chr11	76580924	76780924	harbor2	chr11	76605134	76605337	SINE/MIR	711	+	102	76605236	24312
chr11	76580924	76780924	harbor2	chr11	76624209	76624395	SINE/MIR	648	+	93	76624302	43378
chr11	76580924	76780924	harbor2	chr11	76640395	76640577	SINE/MIR	433	+	91	76640486	59562
chr11	76580924	76780924	harbor2	chr11	76665606	76665715	SINE/MIR	471	+	54	76665660	84736
chr11	76580924	76780924	harbor2	chr11	76666953	76667129	SINE/MIR	450	+	88	76667041	86117
chr11	57579843	57779843	harbor2	chr11	57581173	57581228	SINE/MIR	687	+	28	57581201	1358
chr11	57579843	57779843	harbor2	chr11	57581531	57581704	SINE/MIR	687	+	86	57581617	1774
chr11	57579843	57779843	harbor2	chr11	57595626	57595818	SINE/MIR	680	+	96	57595722	15879
chr11	57579843	57779843	harbor2	chr11	57598483	57598688	SINE/MIR	424	+	102	57598585	18742
chr11	57579843	57779843	harbor2	chr11	57600973	57601102	SINE/MIR	507	+	64	57601037	21194
chr11	57579843	57779843	harbor2	chr11	57651937	57652164	SINE/MIR	539	+	114	57652051	72208
chr11	57579843	57779843	harbor2	chr11	57655692	57655814	SINE/MIR	473	+	61	57655753	75910
chr11	57579843	57779843	harbor2	chr11	57656452	57656647	SINE/MIR	522	+	98	57656550	76707
chr12	121712007	121912007	harbor2	chr12	121780510	121780714	SINE/MIR	705	+	102	121780612	68605
chr12	62967049	63167049	harbor2	chr12	62984501	62984713	SINE/MIR	738	+	106	62984607	17558
chr12	62967049	63167049	harbor2	chr12	63014183	63014380	SINE/MIR	611	+	98	63014281	47232
chr12	62967049	63167049	harbor2	chr12	63024398	63024624	SINE/MIR	574	+	113	63024511	57462
chr12	57104810	57304810	harbor2	chr12	57112615	57112828	SINE/MIR	707	+	106	57112721	7911
chr12	57104810	57304810	harbor2	chr12	57136748	57136960	SINE/MIR	623	+	106	57136854	32044
chr12	57104810	57304810	harbor2	chr12	57169510	57169749	SINE/MIR	800	+	120	57169630	64820
chr12	49267227	49467227	harbor2	chr12	49288703	49288878	SINE/MIR	787	+	88	49288791	21564
chr12	49267227	49467227	harbor2	chr12	49326415	49326647	SINE/MIR	624	+	116	49326531	59304
chr12	49267227	49467227	harbor2	chr12	49333333	49333537	SINE/MIR	648	+	102	49333435	66208
chr12	109780548	109980548	harbor2	chr12	109816276	109816469	SINE/MIR	721	+	96	109816372	35824
chr12	109780548	109980548	harbor2	chr12	109822651	109822891	SINE/MIR	678	+	120	109822771	42223
chr12	109780548	109980548	harbor2	chr12	109839282	109839525	SINE/MIR	586	+	122	109839404	58856
chr12	109780548	109980548	harbor2	chr12	109852894	109853120	SINE/MIR	871	+	113	109853007	72459
chr12	109780548	109980548	harbor2	chr12	109858084	109858269	SINE/MIR	831	+	92	109858176	77628
chr12	49268103	49468103	harbor2	chr12	49288703	49288878	SINE/MIR	787	+	88	49288791	20688
chr12	49268103	49468103	harbor2	chr12	49326415	49326647	SINE/MIR	624	+	116	49326531	58428
chr12	49268103	49468103	harbor2	chr12	49333333	49333537	SINE/MIR	648	+	102	49333435	65332
chr12	6863231	7063231	harbor2	chr12	6874039	6874102	SINE/MIR	612	+	32	6874071	10840
chr12	6863231	7063231	harbor2	chr12	6874664	6874796	SINE/MIR	612	+	66	6874730	11499
chr12	6863231	7063231	harbor2	chr12	6874842	6875059	SINE/MIR	731	+	108	6874950	11719
chr12	6863231	7063231	harbor2	chr12	6932958	6933194	SINE/MIR	682	+	118	6933076	69845
chr12	6863231	7063231	harbor2	chr12	6949428	6949631	SINE/MIR	636	+	102	6949530	86299
chr12	6863231	7063231	harbor2	chr12	6950738	6951004	SINE/MIR	851	+	133	6950871	87640
chr12	6863231	7063231	harbor2	chr12	6954563	6954720	SINE/MIR	619	+	78	6954641	91410
chr12	6863231	7063231	harbor2	chr12	6958786	6958953	SINE/MIR	585	+	84	6958870	95639
chr12	118276406	118476406	harbor2	chr12	118304968	118305191	SINE/MIR	655	+	112	118305080	28674
chr12	53898513	54098513	harbor2	chr12	53908769	53908960	SINE/MIR	794	+	96	53908865	10352
chr12	6864781	7064781	harbor2	chr12	6874039	6874102	SINE/MIR	612	+	32	6874071	9290
chr12	6864781	7064781	harbor2	chr12	6874664	6874796	SINE/MIR	612	+	66	6874730	9949
chr12	6864781	7064781	harbor2	chr12	6874842	6875059	SINE/MIR	731	+	108	6874950	10169
chr12	6864781	7064781	harbor2	chr12	6932958	6933194	SINE/MIR	682	+	118	6933076	68295
chr12	6864781	7064781	harbor2	chr12	6949428	6949631	SINE/MIR	636	+	102	6949530	84749
chr12	6864781	7064781	harbor2	chr12	6950738	6951004	SINE/MIR	851	+	133	6950871	86090
chr12	6864781	7064781	harbor2	chr12	6954563	6954720	SINE/MIR	619	+	78	6954641	89860
chr12	6864781	7064781	harbor2	chr12	6958786	6958953	SINE/MIR	585	+	84	6958870	94089
chr12	131808853	132008853	harbor2	chr12	131827685	131827875	SINE/MIR	610	+	95	131827780	18927
chr12	6863232	7063232	harbor2	chr12	6874039	6874102	SINE/MIR	612	+	32	6874071	10839
chr12	6863232	7063232	harbor2	chr12	6874664	6874796	SINE/MIR	612	+	66	6874730	11498
chr12	6863232	7063232	harbor2	chr12	6874842	6875059	SINE/MIR	731	+	108	6874950	11718
chr12	6863232	7063232	harbor2	chr12	6932958	6933194	SINE/MIR	682	+	118	6933076	69844
chr12	6863232	7063232	harbor2	chr12	6949428	6949631	SINE/MIR	636	+	102	6949530	86298
chr12	6863232	7063232	harbor2	chr12	6950738	6951004	SINE/MIR	851	+	133	6950871	87639
chr12	6863232	7063232	harbor2	chr12	6954563	6954720	SINE/MIR	619	+	78	6954641	91409
chr12	6863232	7063232	harbor2	chr12	6958786	6958953	SINE/MIR	585	+	84	6958870	95638
chr12	53854927	54054927	harbor2	chr12	53897416	53897640	SINE/MIR	777	+	112	53897528	42601
chr12	53854927	54054927	harbor2	chr12	53908769	53908960	SINE/MIR	794	+	96	53908865	53938
chr12	49484425	49684425	harbor2	chr12	49536155	49536321	SINE/MIR	655	+	83	49536238	51813
chr12	49484425	49684425	harbor2	chr12	49542992	49543153	SINE/MIR	635	+	80	49543072	58647
chr12	49484425	49684425	harbor2	chr12	49543642	49543829	SINE/MIR	626	+	94	49543736	59311
chr12	49484425	49684425	harbor2	chr12	49573102	49573320	SINE/MIR	761	+	109	49573211	88786
chr12	49490552	49690552	harbor2	chr12	49536155	49536321	SINE/MIR	655	+	83	49536238	45686
chr12	49490552	49690552	harbor2	chr12	49542992	49543153	SINE/MIR	635	+	80	49543072	52520
chr12	49490552	49690552	harbor2	chr12	49543642	49543829	SINE/MIR	626	+	94	49543736	53184
chr12	49490552	49690552	harbor2	chr12	49573102	49573320	SINE/MIR	761	+	109	49573211	82659
chr12	6862957	7062957	harbor2	chr12	6874039	6874102	SINE/MIR	612	+	32	6874071	11114
chr12	6862957	7062957	harbor2	chr12	6874664	6874796	SINE/MIR	612	+	66	6874730	11773
chr12	6862957	7062957	harbor2	chr12	6874842	6875059	SINE/MIR	731	+	108	6874950	11993
chr12	6862957	7062957	harbor2	chr12	6932958	6933194	SINE/MIR	682	+	118	6933076	70119
chr12	6862957	7062957	harbor2	chr12	6949428	6949631	SINE/MIR	636	+	102	6949530	86573
chr12	6862957	7062957	harbor2	chr12	6950738	6951004	SINE/MIR	851	+	133	6950871	87914
chr12	6862957	7062957	harbor2	chr12	6954563	6954720	SINE/MIR	619	+	78	6954641	91684
chr12	6862957	7062957	harbor2	chr12	6958786	6958953	SINE/MIR	585	+	84	6958870	95913
chr12	67170399	67370399	harbor2	chr12	67210314	67210554	SINE/MIR	785	+	120	67210434	40035
chr12	67170399	67370399	harbor2	chr12	67225331	67225527	SINE/MIR	628	+	98	67225429	55030
chr12	67170399	67370399	harbor2	chr12	67232372	67232598	SINE/MIR	790	+	113	67232485	62086
chr12	49267993	49467993	harbor2	chr12	49288703	49288878	SINE/MIR	787	+	88	49288791	20798
chr12	49267993	49467993	harbor2	chr12	49326415	49326647	SINE/MIR	624	+	116	49326531	58538
chr12	49267993	49467993	harbor2	chr12	49333333	49333537	SINE/MIR	648	+	102	49333435	65442
chr12	49268819	49468819	harbor2	chr12	49288703	49288878	SINE/MIR	787	+	88	49288791	19972
chr12	49268819	49468819	harbor2	chr12	49326415	49326647	SINE/MIR	624	+	116	49326531	57712
chr12	49268819	49468819	harbor2	chr12	49333333	49333537	SINE/MIR	648	+	102	49333435	64616
chr12	51140362	51340362	harbor2	chr12	51183200	51183441	SINE/MIR	837	+	120	51183320	42958
chr12	51140362	51340362	harbor2	chr12	51196367	51196592	SINE/MIR	628	+	112	51196479	56117
chr12	51140362	51340362	harbor2	chr12	51215799	51215954	SINE/MIR	611	+	78	51215877	75515
chr12	49268101	49468101	harbor2	chr12	49288703	49288878	SINE/MIR	787	+	88	49288791	20690
chr12	49268101	49468101	harbor2	chr12	49326415	49326647	SINE/MIR	624	+	116	49326531	58430
chr12	49268101	49468101	harbor2	chr12	49333333	49333537	SINE/MIR	648	+	102	49333435	65334
chr12	131246816	131446816	harbor2	chr12	131271362	131271598	SINE/MIR	624	+	118	131271480	24664
chr12	49267230	49467230	harbor2	chr12	49288703	49288878	SINE/MIR	787	+	88	49288791	21561
chr12	49267230	49467230	harbor2	chr12	49326415	49326647	SINE/MIR	624	+	116	49326531	59301
chr12	49267230	49467230	harbor2	chr12	49333333	49333537	SINE/MIR	648	+	102	49333435	66205
chr12	49460462	49660462	harbor2	chr12	49536155	49536321	SINE/MIR	655	+	83	49536238	75776
chr12	49460462	49660462	harbor2	chr12	49542992	49543153	SINE/MIR	635	+	80	49543072	82610
chr12	49460462	49660462	harbor2	chr12	49543642	49543829	SINE/MIR	626	+	94	49543736	83274
chr12	53324813	53524813	harbor2	chr12	53343396	53343638	SINE/MIR	602	+	121	53343517	18704
chr12	53324813	53524813	harbor2	chr12	53422408	53422538	SINE/MIR	776	+	65	53422473	97660
chr12	53324813	53524813	harbor2	chr12	53422846	53422941	SINE/MIR	776	+	48	53422894	98081
chr12	52767744	52967744	harbor2	chr12	52779061	52779261	SINE/MIR	837	+	100	52779161	11417
chr12	52767744	52967744	harbor2	chr12	52781713	52781951	SINE/MIR	667	+	119	52781832	14088
chr12	52767744	52967744	harbor2	chr12	52819840	52820087	SINE/MIR	1019	+	124	52819964	52220
chr12	52767744	52967744	harbor2	chr12	52829366	52829598	SINE/MIR	582	+	116	52829482	61738
chr12	52767744	52967744	harbor2	chr12	52832752	52832981	SINE/MIR	573	+	114	52832866	65122
chr12	52767744	52967744	harbor2	chr12	52865860	52865999	SINE/MIR	603	+	70	52865930	98186
chr12	52767744	52967744	harbor2	chr12	52866599	52866705	SINE/MIR	603	+	53	52866652	98908
chr12	6863195	7063195	harbor2	chr12	6874039	6874102	SINE/MIR	612	+	32	6874071	10876
chr12	6863195	7063195	harbor2	chr12	6874664	6874796	SINE/MIR	612	+	66	6874730	11535
chr12	6863195	7063195	harbor2	chr12	6874842	6875059	SINE/MIR	731	+	108	6874950	11755
chr12	6863195	7063195	harbor2	chr12	6932958	6933194	SINE/MIR	682	+	118	6933076	69881
chr12	6863195	7063195	harbor2	chr12	6949428	6949631	SINE/MIR	636	+	102	6949530	86335
chr12	6863195	7063195	harbor2	chr12	6950738	6951004	SINE/MIR	851	+	133	6950871	87676
chr12	6863195	7063195	harbor2	chr12	6954563	6954720	SINE/MIR	619	+	78	6954641	91446
chr12	6863195	7063195	harbor2	chr12	6958786	6958953	SINE/MIR	585	+	84	6958870	95675
chr12	49267981	49467981	harbor2	chr12	49288703	49288878	SINE/MIR	787	+	88	49288791	20810
chr12	49267981	49467981	harbor2	chr12	49326415	49326647	SINE/MIR	624	+	116	49326531	58550
chr12	49267981	49467981	harbor2	chr12	49333333	49333537	SINE/MIR	648	+	102	49333435	65454
chr12	49466948	49666948	harbor2	chr12	49536155	49536321	SINE/MIR	655	+	83	49536238	69290
chr12	49466948	49666948	harbor2	chr12	49542992	49543153	SINE/MIR	635	+	80	49543072	76124
chr12	49466948	49666948	harbor2	chr12	49543642	49543829	SINE/MIR	626	+	94	49543736	76788
chr12	49268099	49468099	harbor2	chr12	49288703	49288878	SINE/MIR	787	+	88	49288791	20692
chr12	49268099	49468099	harbor2	chr12	49326415	49326647	SINE/MIR	624	+	116	49326531	58432
chr12	49268099	49468099	harbor2	chr12	49333333	49333537	SINE/MIR	648	+	102	49333435	65336
chr12	69139511	69339511	harbor2	chr12	69151006	69151229	SINE/MIR	624	+	112	69151118	11607
chr12	69139511	69339511	harbor2	chr12	69180213	69180426	SINE/MIR	697	+	106	69180319	40808
chr12	116779945	116979945	harbor2	chr12	116798391	116798561	SINE/MIR	750	+	85	116798476	18531
chr12	116779945	116979945	harbor2	chr12	116810954	116811113	SINE/MIR	698	+	80	116811034	31089
chr12	116779945	116979945	harbor2	chr12	116811253	116811366	SINE/MIR	698	+	56	116811309	31364
chr12	116779945	116979945	harbor2	chr12	116856709	116856980	SINE/MIR	777	+	136	116856845	76900
chr12	116779945	116979945	harbor2	chr12	116801407	116801603	SINE/MIR	584	+	98	116801505	21560
chr12	119889846	120089846	harbor2	chr12	119894768	119894927	SINE/MIR	634	+	80	119894848	5002
chr12	49267239	49467239	harbor2	chr12	49288703	49288878	SINE/MIR	787	+	88	49288791	21552
chr12	49267239	49467239	harbor2	chr12	49326415	49326647	SINE/MIR	624	+	116	49326531	59292
chr12	49267239	49467239	harbor2	chr12	49333333	49333537	SINE/MIR	648	+	102	49333435	66196
chr12	57144828	57344828	harbor2	chr12	57169510	57169749	SINE/MIR	800	+	120	57169630	24802
chr12	30881310	31081310	harbor2	chr12	30898474	30898613	SINE/MIR	625	+	70	30898544	17234
chr12	30881310	31081310	harbor2	chr12	30899599	30899666	SINE/MIR	625	+	34	30899633	18323
chr12	30881310	31081310	harbor2	chr12	30901955	30902149	SINE/MIR	736	+	97	30902052	20742
chr12	30881310	31081310	harbor2	chr12	30951436	30951677	SINE/MIR	754	+	120	30951556	70246
chr12	30881310	31081310	harbor2	chr12	30962329	30962532	SINE/MIR	573	+	102	30962431	81121
chr12	30881310	31081310	harbor2	chr12	30963565	30963778	SINE/MIR	700	+	106	30963671	82361
chr12	92828979	93028979	harbor2	chr12	92847686	92847909	SINE/MIR	597	+	112	92847798	18819
chr12	92828979	93028979	harbor2	chr12	92873665	92873863	SINE/MIR	647	+	99	92873764	44785
chr12	102856603	103056603	harbor2	chr12	102882301	102882537	SINE/MIR	605	+	118	102882419	25816
chr12	102856603	103056603	harbor2	chr12	102883806	102884026	SINE/MIR	675	+	110	102883916	27313
chr12	102856603	103056603	harbor2	chr12	102907328	102907543	SINE/MIR	695	+	108	102907436	50833
chr12	102856603	103056603	harbor2	chr12	102911372	102911582	SINE/MIR	707	+	105	102911477	54874
chr12	49267955	49467955	harbor2	chr12	49288703	49288878	SINE/MIR	787	+	88	49288791	20836
chr12	49267955	49467955	harbor2	chr12	49326415	49326647	SINE/MIR	624	+	116	49326531	58576
chr12	49267955	49467955	harbor2	chr12	49333333	49333537	SINE/MIR	648	+	102	49333435	65480
chr12	56884786	57084786	harbor2	chr12	56919991	56920198	SINE/MIR	700	+	104	56920095	35309
chr12	52270576	52470576	harbor2	chr12	52314948	52315114	SINE/MIR	582	+	83	52315031	44455
chr12	52270576	52470576	harbor2	chr12	52349609	52349818	SINE/MIR	612	+	104	52349713	79137
chr12	52270576	52470576	harbor2	chr12	52351076	52351242	SINE/MIR	662	+	83	52351159	80583
chr12	52270576	52470576	harbor2	chr12	52365318	52365566	SINE/MIR	705	+	124	52365442	94866
chr12	49268838	49468838	harbor2	chr12	49288703	49288878	SINE/MIR	787	+	88	49288791	19953
chr12	49268838	49468838	harbor2	chr12	49326415	49326647	SINE/MIR	624	+	116	49326531	57693
chr12	49268838	49468838	harbor2	chr12	49333333	49333537	SINE/MIR	648	+	102	49333435	64597
chr12	57102487	57302487	harbor2	chr12	57104016	57104273	SINE/MIR	726	+	128	57104144	1657
chr12	57102487	57302487	harbor2	chr12	57112615	57112828	SINE/MIR	707	+	106	57112721	10234
chr12	57102487	57302487	harbor2	chr12	57136748	57136960	SINE/MIR	623	+	106	57136854	34367
chr12	57102487	57302487	harbor2	chr12	57169510	57169749	SINE/MIR	800	+	120	57169630	67143
chr12	121197141	121397141	harbor2	chr12	121216227	121216479	SINE/MIR	1282	+	126	121216353	19212
chr12	121197141	121397141	harbor2	chr12	121294717	121294862	SINE/MIR	627	+	72	121294789	97648
chr12	6363187	6563187	harbor2	chr12	6371575	6371735	SINE/MIR	589	+	80	6371655	8468
chr12	6870704	7070704	harbor2	chr12	6874039	6874102	SINE/MIR	612	+	32	6874071	3367
chr12	6870704	7070704	harbor2	chr12	6874664	6874796	SINE/MIR	612	+	66	6874730	4026
chr12	6870704	7070704	harbor2	chr12	6874842	6875059	SINE/MIR	731	+	108	6874950	4246
chr12	6870704	7070704	harbor2	chr12	6932958	6933194	SINE/MIR	682	+	118	6933076	62372
chr12	6870704	7070704	harbor2	chr12	6949428	6949631	SINE/MIR	636	+	102	6949530	78826
chr12	6870704	7070704	harbor2	chr12	6950738	6951004	SINE/MIR	851	+	133	6950871	80167
chr12	6870704	7070704	harbor2	chr12	6954563	6954720	SINE/MIR	619	+	78	6954641	83937
chr12	6870704	7070704	harbor2	chr12	6958786	6958953	SINE/MIR	585	+	84	6958870	88166
chr12	92366739	92566739	harbor2	chr12	92380031	92380271	SINE/MIR	824	+	120	92380151	13412
chr12	92366739	92566739	harbor2	chr12	92412166	92412381	SINE/MIR	758	+	108	92412274	45535
chr12	92366739	92566739	harbor2	chr12	92424521	92424682	SINE/MIR	589	+	80	92424601	57862
chr12	92366739	92566739	harbor2	chr12	92428049	92428244	SINE/MIR	573	+	98	92428147	61408
chr12	92366739	92566739	harbor2	chr12	92430752	92430991	SINE/MIR	743	+	120	92430872	64133
chr12	49267136	49467136	harbor2	chr12	49288703	49288878	SINE/MIR	787	+	88	49288791	21655
chr12	49267136	49467136	harbor2	chr12	49326415	49326647	SINE/MIR	624	+	116	49326531	59395
chr12	49267136	49467136	harbor2	chr12	49333333	49333537	SINE/MIR	648	+	102	49333435	66299
chr12	49010203	49210203	harbor2	chr12	49023911	49024153	SINE/MIR	1125	+	121	49024032	13829
chr12	49010203	49210203	harbor2	chr12	49025215	49025292	SINE/MIR	597	+	38	49025253	15050
chr12	49010203	49210203	harbor2	chr12	49025632	49025790	SINE/MIR	597	+	79	49025711	15508
chr12	49010203	49210203	harbor2	chr12	49035947	49036145	SINE/MIR	628	+	99	49036046	25843
chr12	107508160	107708160	harbor2	chr12	107512640	107512783	SINE/MIR	656	+	72	107512712	4552
chr12	107508160	107708160	harbor2	chr12	107513044	107513173	SINE/MIR	656	+	64	107513108	4948
chr12	107508160	107708160	harbor2	chr12	107554360	107554592	SINE/MIR	803	+	116	107554476	46316
chr12	107508160	107708160	harbor2	chr12	107570924	107571145	SINE/MIR	719	+	110	107571034	62874
chr12	107508160	107708160	harbor2	chr12	107588940	107589195	SINE/MIR	1133	+	128	107589068	80908
chr12	107508160	107708160	harbor2	chr12	107595632	107595830	SINE/MIR	721	+	99	107595731	87571
chr12	107508160	107708160	harbor2	chr12	107600012	107600402	SINE/MIR	665	+	195	107600207	92047
chr12	107508160	107708160	harbor2	chr12	107601606	107601851	SINE/MIR	1098	+	122	107601728	93568
chr12	121712068	121912068	harbor2	chr12	121780510	121780714	SINE/MIR	705	+	102	121780612	68544
chr12	49268155	49468155	harbor2	chr12	49288703	49288878	SINE/MIR	787	+	88	49288791	20636
chr12	49268155	49468155	harbor2	chr12	49326415	49326647	SINE/MIR	624	+	116	49326531	58376
chr12	49268155	49468155	harbor2	chr12	49333333	49333537	SINE/MIR	648	+	102	49333435	65280
chr12	109618832	109818832	harbor2	chr12	109649833	109650002	SINE/MIR	688	+	84	109649917	31085
chr12	109618832	109818832	harbor2	chr12	109652337	109652576	SINE/MIR	747	+	120	109652457	33625
chr12	109618832	109818832	harbor2	chr12	109673308	109673535	SINE/MIR	863	+	114	109673422	54590
chr12	109618832	109818832	harbor2	chr12	109686145	109686332	SINE/MIR	579	+	94	109686239	67407
chr12	109618832	109818832	harbor2	chr12	109696628	109696827	SINE/MIR	580	+	100	109696728	77896
chr12	109618832	109818832	harbor2	chr12	109717950	109718146	SINE/MIR	620	+	98	109718048	99216
chr12	122735461	122935461	harbor2	chr12	122788456	122788688	SINE/MIR	852	+	116	122788572	53111
chr12	122735461	122935461	harbor2	chr12	122748763	122748975	SINE/MIR	692	+	106	122748869	13408
chr12	6863214	7063214	harbor2	chr12	6874039	6874102	SINE/MIR	612	+	32	6874071	10857
chr12	6863214	7063214	harbor2	chr12	6874664	6874796	SINE/MIR	612	+	66	6874730	11516
chr12	6863214	7063214	harbor2	chr12	6874842	6875059	SINE/MIR	731	+	108	6874950	11736
chr12	6863214	7063214	harbor2	chr12	6932958	6933194	SINE/MIR	682	+	118	6933076	69862
chr12	6863214	7063214	harbor2	chr12	6949428	6949631	SINE/MIR	636	+	102	6949530	86316
chr12	6863214	7063214	harbor2	chr12	6950738	6951004	SINE/MIR	851	+	133	6950871	87657
chr12	6863214	7063214	harbor2	chr12	6954563	6954720	SINE/MIR	619	+	78	6954641	91427
chr12	6863214	7063214	harbor2	chr12	6958786	6958953	SINE/MIR	585	+	84	6958870	95656
chr12	6864775	7064775	harbor2	chr12	6874039	6874102	SINE/MIR	612	+	32	6874071	9296
chr12	6864775	7064775	harbor2	chr12	6874664	6874796	SINE/MIR	612	+	66	6874730	9955
chr12	6864775	7064775	harbor2	chr12	6874842	6875059	SINE/MIR	731	+	108	6874950	10175
chr12	6864775	7064775	harbor2	chr12	6932958	6933194	SINE/MIR	682	+	118	6933076	68301
chr12	6864775	7064775	harbor2	chr12	6949428	6949631	SINE/MIR	636	+	102	6949530	84755
chr12	6864775	7064775	harbor2	chr12	6950738	6951004	SINE/MIR	851	+	133	6950871	86096
chr12	6864775	7064775	harbor2	chr12	6954563	6954720	SINE/MIR	619	+	78	6954641	89866
chr12	6864775	7064775	harbor2	chr12	6958786	6958953	SINE/MIR	585	+	84	6958870	94095
chr12	94973026	95173026	harbor2	chr12	95011836	95011857	SINE/MIR	691	+	10	95011846	38820
chr12	94973026	95173026	harbor2	chr12	95012221	95012384	SINE/MIR	691	+	82	95012303	39277
chr12	120614111	120814111	harbor2	chr12	120644044	120644299	SINE/MIR	624	+	128	120644172	30061
chr12	120614111	120814111	harbor2	chr12	120652038	120652212	SINE/MIR	603	+	87	120652125	38014
chr12	120614111	120814111	harbor2	chr12	120660392	120660610	SINE/MIR	670	+	109	120660501	46390
chr12	120614111	120814111	harbor2	chr12	120673620	120673751	SINE/MIR	669	+	66	120673686	59575
chr12	120614111	120814111	harbor2	chr12	120673787	120673894	SINE/MIR	669	+	54	120673841	59730
chr12	120614111	120814111	harbor2	chr12	120709540	120709775	SINE/MIR	776	+	118	120709658	95547
chr12	49268224	49468224	harbor2	chr12	49288703	49288878	SINE/MIR	787	+	88	49288791	20567
chr12	49268224	49468224	harbor2	chr12	49326415	49326647	SINE/MIR	624	+	116	49326531	58307
chr12	49268224	49468224	harbor2	chr12	49333333	49333537	SINE/MIR	648	+	102	49333435	65211
chr12	6863226	7063226	harbor2	chr12	6874039	6874102	SINE/MIR	612	+	32	6874071	10845
chr12	6863226	7063226	harbor2	chr12	6874664	6874796	SINE/MIR	612	+	66	6874730	11504
chr12	6863226	7063226	harbor2	chr12	6874842	6875059	SINE/MIR	731	+	108	6874950	11724
chr12	6863226	7063226	harbor2	chr12	6932958	6933194	SINE/MIR	682	+	118	6933076	69850
chr12	6863226	7063226	harbor2	chr12	6949428	6949631	SINE/MIR	636	+	102	6949530	86304
chr12	6863226	7063226	harbor2	chr12	6950738	6951004	SINE/MIR	851	+	133	6950871	87645
chr12	6863226	7063226	harbor2	chr12	6954563	6954720	SINE/MIR	619	+	78	6954641	91415
chr12	6863226	7063226	harbor2	chr12	6958786	6958953	SINE/MIR	585	+	84	6958870	95644
chr13	39962056	40162056	harbor2	chr13	39993954	39994089	SINE/MIR	546	+	68	39994022	31966
chr13	39962056	40162056	harbor2	chr13	39994399	39994460	SINE/MIR	546	+	30	39994429	32373
chr13	39962056	40162056	harbor2	chr13	40019547	40019654	SINE/MIR	432	+	54	40019601	57545
chr13	39962056	40162056	harbor2	chr13	40044394	40044556	SINE/MIR	502	+	81	40044475	82419
chr13	39962056	40162056	harbor2	chr13	40056673	40056855	SINE/MIR	519	+	91	40056764	94708
chr13	48136920	48336920	harbor2	chr13	48175690	48175880	SINE/MIR	662	+	95	48175785	38865
chr13	48136920	48336920	harbor2	chr13	48176192	48176252	SINE/MIR	662	+	30	48176222	39302
chr13	48136920	48336920	harbor2	chr13	48209809	48210040	SINE/MIR	992	+	116	48209925	73005
chr13	48136920	48336920	harbor2	chr13	48218320	48218568	SINE/MIR	592	+	124	48218444	81524
chr13	48136920	48336920	harbor2	chr13	48236382	48236519	SINE/MIR	424	+	68	48236450	99530
chr13	72960669	73160669	harbor2	chr13	72981894	72982055	SINE/MIR	560	+	80	72981974	21305
chr13	29490355	29690355	harbor2	chr13	29494002	29494236	SINE/MIR	447	+	117	29494119	3764
chr13	29490355	29690355	harbor2	chr13	29589769	29589985	SINE/MIR	430	+	108	29589877	99522
chr13	75382379	75582379	harbor2	chr13	75417836	75418040	SINE/MIR	435	+	102	75417938	35559
chr13	75382379	75582379	harbor2	chr13	75451107	75451309	SINE/MIR	472	+	101	75451208	68829
chr13	75382379	75582379	harbor2	chr13	75474251	75474277	SINE/MIR	521	+	13	75474264	91885
chr13	75382379	75582379	harbor2	chr13	75474574	75474646	SINE/MIR	521	+	36	75474610	92231
chr13	75382379	75582379	harbor2	chr13	75474937	75475090	SINE/MIR	521	+	76	75475013	92634
chr13	30104569	30304569	harbor2	chr13	30121868	30122014	SINE/MIR	494	+	73	30121941	17372
chr13	30104569	30304569	harbor2	chr13	30137038	30137241	SINE/MIR	424	+	102	30137140	32571
chr13	30104569	30304569	harbor2	chr13	30137281	30137418	SINE/MIR	473	+	68	30137349	32780
chr13	30104569	30304569	harbor2	chr13	30148226	30148459	SINE/MIR	701	+	116	30148342	43773
chr13	30104569	30304569	harbor2	chr13	30151574	30151814	SINE/MIR	814	+	120	30151694	47125
chr13	30104569	30304569	harbor2	chr13	30160950	30161044	SINE/MIR	587	+	47	30160997	56428
chr13	30104569	30304569	harbor2	chr13	30161322	30161362	SINE/MIR	587	+	20	30161342	56773
chr13	30104569	30304569	harbor2	chr13	30165296	30165464	SINE/MIR	488	+	84	30165380	60811
chr13	30104569	30304569	harbor2	chr13	30175240	30175418	SINE/MIR	446	+	89	30175329	70760
chr13	30104569	30304569	harbor2	chr13	30199585	30199788	SINE/MIR	462	+	102	30199687	95118
chr13	72960985	73160985	harbor2	chr13	72981894	72982055	SINE/MIR	560	+	80	72981974	20989
chr13	51353413	51553413	harbor2	chr13	51354201	51354454	SINE/MIR	855	+	126	51354327	914
chr13	51353413	51553413	harbor2	chr13	51379958	51380116	SINE/MIR	703	+	79	51380037	26624
chr13	51353413	51553413	harbor2	chr13	51381293	51381523	SINE/MIR	551	+	115	51381408	27995
chr13	109557876	109757876	harbor2	chr13	109576773	109576962	SINE/MIR	485	+	94	109576867	18991
chr13	100574883	100774883	harbor2	chr13	100669817	100670027	SINE/MIR	542	+	105	100669922	95039
chr13	100574883	100774883	harbor2	chr13	100671928	100672108	SINE/MIR	425	+	90	100672018	97135
chr13	24918114	25118114	harbor2	chr13	24924768	24925001	SINE/MIR	509	+	116	24924884	6770
chr13	24918114	25118114	harbor2	chr13	24964161	24964290	SINE/MIR	478	+	64	24964225	46111
chr13	100574737	100774737	harbor2	chr13	100669817	100670027	SINE/MIR	542	+	105	100669922	95185
chr13	100574737	100774737	harbor2	chr13	100671928	100672108	SINE/MIR	425	+	90	100672018	97281
chr13	49768516	49968516	harbor2	chr13	49788008	49788207	SINE/MIR	590	+	100	49788108	19592
chr13	49768516	49968516	harbor2	chr13	49821253	49821461	SINE/MIR	438	+	104	49821357	52841
chr13	36899380	37099380	harbor2	chr13	36948978	36949168	SINE/MIR	525	+	95	36949073	49693
chr13	36899380	37099380	harbor2	chr13	36967256	36967468	SINE/MIR	741	+	106	36967362	67982
chr13	36899380	37099380	harbor2	chr13	36988506	36988701	SINE/MIR	514	+	98	36988604	89224
chr13	36899380	37099380	harbor2	chr13	36993973	36994197	SINE/MIR	429	+	112	36994085	94705
chr13	111559128	111759128	harbor2	chr13	111653502	111653696	SINE/MIR	502	+	97	111653599	94471
chr13	21574582	21774582	harbor2	chr13	21605236	21605375	SINE/MIR	435	+	70	21605306	30724
chr13	21574582	21774582	harbor2	chr13	21605384	21605526	SINE/MIR	462	+	71	21605455	30873
chr13	21574582	21774582	harbor2	chr13	21667386	21667574	SINE/MIR	714	+	94	21667480	92898
chr13	21574582	21774582	harbor2	chr13	21659511	21659743	SINE/MIR	713	+	116	21659627	85045
chr13	36899390	37099390	harbor2	chr13	36948978	36949168	SINE/MIR	525	+	95	36949073	49683
chr13	36899390	37099390	harbor2	chr13	36967256	36967468	SINE/MIR	741	+	106	36967362	67972
chr13	36899390	37099390	harbor2	chr13	36988506	36988701	SINE/MIR	514	+	98	36988604	89214
chr13	36899390	37099390	harbor2	chr13	36993973	36994197	SINE/MIR	429	+	112	36994085	94695
chr14	52595606	52795606	harbor2	chr14	52611689	52611903	SINE/MIR	456	+	107	52611796	16190
chr14	52595606	52795606	harbor2	chr14	52617714	52617970	SINE/MIR	704	+	128	52617842	22236
chr14	52595606	52795606	harbor2	chr14	52659436	52659638	SINE/MIR	796	+	101	52659537	63931
chr14	52595606	52795606	harbor2	chr14	52665754	52665942	SINE/MIR	819	+	94	52665848	70242
chr14	52595606	52795606	harbor2	chr14	52688310	52688518	SINE/MIR	498	+	104	52688414	92808
chr14	67142039	67342039	harbor2	chr14	67162827	67162991	SINE/MIR	617	+	82	67162909	20870
chr14	67142039	67342039	harbor2	chr14	67165296	67165490	SINE/MIR	586	+	97	67165393	23354
chr14	67142039	67342039	harbor2	chr14	67211017	67211225	SINE/MIR	851	+	104	67211121	69082
chr14	90283137	90483137	harbor2	chr14	90310271	90310463	SINE/MIR	619	+	96	90310367	27230
chr14	90283137	90483137	harbor2	chr14	90324693	90324885	SINE/MIR	658	+	96	90324789	41652
chr14	90283137	90483137	harbor2	chr14	90378174	90378367	SINE/MIR	483	+	96	90378270	95133
chr14	95435240	95635240	harbor2	chr14	95445188	95445431	SINE/MIR	654	+	122	95445310	10070
chr14	95435240	95635240	harbor2	chr14	95458276	95458482	SINE/MIR	437	+	103	95458379	23139
chr14	95435240	95635240	harbor2	chr14	95478945	95479086	SINE/MIR	462	+	70	95479015	43775
chr14	95435240	95635240	harbor2	chr14	95497213	95497408	SINE/MIR	631	+	98	95497311	62071
chr14	95435240	95635240	harbor2	chr14	95498603	95498801	SINE/MIR	485	+	99	95498702	63462
chr14	95435240	95635240	harbor2	chr14	95508087	95508307	SINE/MIR	439	+	110	95508197	72957
chr14	67142840	67342840	harbor2	chr14	67162827	67162991	SINE/MIR	617	+	82	67162909	20069
chr14	67142840	67342840	harbor2	chr14	67165296	67165490	SINE/MIR	586	+	97	67165393	22553
chr14	67142840	67342840	harbor2	chr14	67211017	67211225	SINE/MIR	851	+	104	67211121	68281
chr14	75886299	76086299	harbor2	chr14	75915478	75915643	SINE/MIR	603	+	82	75915560	29261
chr14	75886299	76086299	harbor2	chr14	75985308	75985476	SINE/MIR	447	+	84	75985392	99093
chr14	104606429	104806429	harbor2	chr14	104673267	104673465	SINE/MIR	528	+	99	104673366	66937
chr14	67141953	67341953	harbor2	chr14	67162827	67162991	SINE/MIR	617	+	82	67162909	20956
chr14	67141953	67341953	harbor2	chr14	67165296	67165490	SINE/MIR	586	+	97	67165393	23440
chr14	67141953	67341953	harbor2	chr14	67211017	67211225	SINE/MIR	851	+	104	67211121	69168
chr14	104093435	104293435	harbor2	chr14	104133405	104133548	SINE/MIR	438	+	72	104133477	40042
chr14	104093435	104293435	harbor2	chr14	104158173	104158364	SINE/MIR	523	+	96	104158269	64834
chr14	67141295	67341295	harbor2	chr14	67162827	67162991	SINE/MIR	617	+	82	67162909	21614
chr14	67141295	67341295	harbor2	chr14	67165296	67165490	SINE/MIR	586	+	97	67165393	24098
chr14	67141295	67341295	harbor2	chr14	67211017	67211225	SINE/MIR	851	+	104	67211121	69826
chr14	69668087	69868087	harbor2	chr14	69670534	69670719	SINE/MIR	676	+	92	69670626	2539
chr14	69668087	69868087	harbor2	chr14	69695651	69695860	SINE/MIR	548	+	104	69695755	27668
chr14	69668087	69868087	harbor2	chr14	69696160	69696307	SINE/MIR	525	+	74	69696234	28147
chr14	69668087	69868087	harbor2	chr14	69702590	69702816	SINE/MIR	591	+	113	69702703	34616
chr14	69668087	69868087	harbor2	chr14	69708377	69708609	SINE/MIR	835	+	116	69708493	40406
chr14	75328348	75528348	harbor2	chr14	75371504	75371641	SINE/MIR	494	+	68	75371572	43224
chr14	75328348	75528348	harbor2	chr14	75377423	75377674	SINE/MIR	842	+	126	75377549	49201
chr14	75328348	75528348	harbor2	chr14	75396166	75396372	SINE/MIR	610	+	103	75396269	67921
chr14	75328348	75528348	harbor2	chr14	75413166	75413348	SINE/MIR	691	+	91	75413257	84909
chr14	75328348	75528348	harbor2	chr14	75415531	75415766	SINE/MIR	1106	+	118	75415649	87301
chr14	99493150	99693150	harbor2	chr14	99585346	99585554	SINE/MIR	571	+	104	99585450	92300
chr14	100229945	100429945	harbor2	chr14	100276152	100276317	SINE/MIR	592	+	82	100276234	46289
chr14	67141983	67341983	harbor2	chr14	67162827	67162991	SINE/MIR	617	+	82	67162909	20926
chr14	67141983	67341983	harbor2	chr14	67165296	67165490	SINE/MIR	586	+	97	67165393	23410
chr14	67141983	67341983	harbor2	chr14	67211017	67211225	SINE/MIR	851	+	104	67211121	69138
chr14	20990974	21190974	harbor2	chr14	21035878	21036106	SINE/MIR	538	+	114	21035992	45018
chr14	20990974	21190974	harbor2	chr14	21054620	21054765	SINE/MIR	587	+	72	21054692	63718
chr14	20990974	21190974	harbor2	chr14	21056718	21056898	SINE/MIR	617	+	90	21056808	65834
chr14	20990974	21190974	harbor2	chr14	21081094	21081311	SINE/MIR	573	+	108	21081202	90228
chr14	90283171	90483171	harbor2	chr14	90310271	90310463	SINE/MIR	619	+	96	90310367	27196
chr14	90283171	90483171	harbor2	chr14	90324693	90324885	SINE/MIR	658	+	96	90324789	41618
chr14	90283171	90483171	harbor2	chr14	90378174	90378367	SINE/MIR	483	+	96	90378270	95099
chr14	75331153	75531153	harbor2	chr14	75371504	75371641	SINE/MIR	494	+	68	75371572	40419
chr14	75331153	75531153	harbor2	chr14	75377423	75377674	SINE/MIR	842	+	126	75377549	46396
chr14	75331153	75531153	harbor2	chr14	75396166	75396372	SINE/MIR	610	+	103	75396269	65116
chr14	75331153	75531153	harbor2	chr14	75413166	75413348	SINE/MIR	691	+	91	75413257	82104
chr14	75331153	75531153	harbor2	chr14	75415531	75415766	SINE/MIR	1106	+	118	75415649	84496
chr14	75330515	75530515	harbor2	chr14	75371504	75371641	SINE/MIR	494	+	68	75371572	41057
chr14	75330515	75530515	harbor2	chr14	75377423	75377674	SINE/MIR	842	+	126	75377549	47034
chr14	75330515	75530515	harbor2	chr14	75396166	75396372	SINE/MIR	610	+	103	75396269	65754
chr14	75330515	75530515	harbor2	chr14	75413166	75413348	SINE/MIR	691	+	91	75413257	82742
chr14	75330515	75530515	harbor2	chr14	75415531	75415766	SINE/MIR	1106	+	118	75415649	85134
chr14	95435743	95635743	harbor2	chr14	95445188	95445431	SINE/MIR	654	+	122	95445310	9567
chr14	95435743	95635743	harbor2	chr14	95458276	95458482	SINE/MIR	437	+	103	95458379	22636
chr14	95435743	95635743	harbor2	chr14	95478945	95479086	SINE/MIR	462	+	70	95479015	43272
chr14	95435743	95635743	harbor2	chr14	95497213	95497408	SINE/MIR	631	+	98	95497311	61568
chr14	95435743	95635743	harbor2	chr14	95498603	95498801	SINE/MIR	485	+	99	95498702	62959
chr14	95435743	95635743	harbor2	chr14	95508087	95508307	SINE/MIR	439	+	110	95508197	72454
chr14	99493147	99693147	harbor2	chr14	99585346	99585554	SINE/MIR	571	+	104	99585450	92303
chr14	104224547	104424547	harbor2	chr14	104302500	104302701	SINE/MIR	812	+	100	104302600	78053
chr14	104093615	104293615	harbor2	chr14	104133405	104133548	SINE/MIR	438	+	72	104133477	39862
chr14	104093615	104293615	harbor2	chr14	104158173	104158364	SINE/MIR	523	+	96	104158269	64654
chr14	104093669	104293669	harbor2	chr14	104133405	104133548	SINE/MIR	438	+	72	104133477	39808
chr14	104093669	104293669	harbor2	chr14	104158173	104158364	SINE/MIR	523	+	96	104158269	64600
chr14	90283174	90483174	harbor2	chr14	90310271	90310463	SINE/MIR	619	+	96	90310367	27193
chr14	90283174	90483174	harbor2	chr14	90324693	90324885	SINE/MIR	658	+	96	90324789	41615
chr14	90283174	90483174	harbor2	chr14	90378174	90378367	SINE/MIR	483	+	96	90378270	95096
chr14	75336525	75536525	harbor2	chr14	75371504	75371641	SINE/MIR	494	+	68	75371572	35047
chr14	75336525	75536525	harbor2	chr14	75377423	75377674	SINE/MIR	842	+	126	75377549	41024
chr14	75336525	75536525	harbor2	chr14	75396166	75396372	SINE/MIR	610	+	103	75396269	59744
chr14	75336525	75536525	harbor2	chr14	75413166	75413348	SINE/MIR	691	+	91	75413257	76732
chr14	75336525	75536525	harbor2	chr14	75435554	75435738	SINE/MIR	557	+	92	75435646	99121
chr14	75336525	75536525	harbor2	chr14	75415531	75415766	SINE/MIR	1106	+	118	75415649	79124
chr14	67141303	67341303	harbor2	chr14	67162827	67162991	SINE/MIR	617	+	82	67162909	21606
chr14	67141303	67341303	harbor2	chr14	67165296	67165490	SINE/MIR	586	+	97	67165393	24090
chr14	67141303	67341303	harbor2	chr14	67211017	67211225	SINE/MIR	851	+	104	67211121	69818
chr14	67141247	67341247	harbor2	chr14	67162827	67162991	SINE/MIR	617	+	82	67162909	21662
chr14	67141247	67341247	harbor2	chr14	67165296	67165490	SINE/MIR	586	+	97	67165393	24146
chr14	67141247	67341247	harbor2	chr14	67211017	67211225	SINE/MIR	851	+	104	67211121	69874
chr14	75914984	76114984	harbor2	chr14	75915478	75915643	SINE/MIR	603	+	82	75915560	576
chr14	75914984	76114984	harbor2	chr14	75985308	75985476	SINE/MIR	447	+	84	75985392	70408
chr14	75914984	76114984	harbor2	chr14	75992895	75993109	SINE/MIR	547	+	107	75993002	78018
chr14	75914984	76114984	harbor2	chr14	75994407	75994582	SINE/MIR	461	+	88	75994495	79511
chr14	75914984	76114984	harbor2	chr14	75996265	75996435	SINE/MIR	829	+	85	75996350	81366
chr14	104096116	104296116	harbor2	chr14	104133405	104133548	SINE/MIR	438	+	72	104133477	37361
chr14	104096116	104296116	harbor2	chr14	104158173	104158364	SINE/MIR	523	+	96	104158269	62153
chr14	100231153	100431153	harbor2	chr14	100276152	100276317	SINE/MIR	592	+	82	100276234	45081
chr14	21356189	21556189	harbor2	chr14	21364028	21364178	SINE/MIR	515	+	75	21364103	7914
chr14	102092831	102292831	harbor2	chr14	102093539	102093676	SINE/MIR	480	+	68	102093607	776
chr14	102092831	102292831	harbor2	chr14	102155116	102155285	SINE/MIR	650	+	84	102155200	62369
chr14	88927417	89127417	harbor2	chr14	88970085	88970262	SINE/MIR	539	+	88	88970173	42756
chr14	88927417	89127417	harbor2	chr14	89001696	89001914	SINE/MIR	470	+	109	89001805	74388
chr14	88927417	89127417	harbor2	chr14	89016834	89016999	SINE/MIR	479	+	82	89016916	89499
chr14	88927417	89127417	harbor2	chr14	89017872	89018010	SINE/MIR	453	+	69	89017941	90524
chr14	95456322	95656322	harbor2	chr14	95458276	95458482	SINE/MIR	437	+	103	95458379	2057
chr14	95456322	95656322	harbor2	chr14	95478945	95479086	SINE/MIR	462	+	70	95479015	22693
chr14	95456322	95656322	harbor2	chr14	95497213	95497408	SINE/MIR	631	+	98	95497311	40989
chr14	95456322	95656322	harbor2	chr14	95498603	95498801	SINE/MIR	485	+	99	95498702	42380
chr14	95456322	95656322	harbor2	chr14	95508087	95508307	SINE/MIR	439	+	110	95508197	51875
chr14	95456322	95656322	harbor2	chr14	95539651	95539885	SINE/MIR	839	+	117	95539768	83446
chr14	91227150	91427150	harbor2	chr14	91236293	91236464	SINE/MIR	431	+	86	91236379	9229
chr14	91227150	91427150	harbor2	chr14	91255525	91255758	SINE/MIR	755	+	116	91255641	28491
chr14	91227150	91427150	harbor2	chr14	91258610	91258804	SINE/MIR	475	+	97	91258707	31557
chr14	91227150	91427150	harbor2	chr14	91259169	91259317	SINE/MIR	564	+	74	91259243	32093
chr14	91227150	91427150	harbor2	chr14	91259629	91259730	SINE/MIR	564	+	50	91259679	32529
chr14	91227150	91427150	harbor2	chr14	91260220	91260358	SINE/MIR	505	+	69	91260289	33139
chr14	91227150	91427150	harbor2	chr14	91286781	91287003	SINE/MIR	455	+	111	91286892	59742
chr14	91227150	91427150	harbor2	chr14	91297513	91297669	SINE/MIR	434	+	78	91297591	70441
chr14	100230253	100430253	harbor2	chr14	100276152	100276317	SINE/MIR	592	+	82	100276234	45981
chr14	76886650	77086650	harbor2	chr14	76916974	76917131	SINE/MIR	554	+	78	76917052	30402
chr14	76886650	77086650	harbor2	chr14	76921632	76921859	SINE/MIR	472	+	114	76921746	35096
chr14	76886650	77086650	harbor2	chr14	76923465	76923677	SINE/MIR	620	+	106	76923571	36921
chr14	76886650	77086650	harbor2	chr14	76925132	76925324	SINE/MIR	465	+	96	76925228	38578
chr14	76886650	77086650	harbor2	chr14	76931847	76931989	SINE/MIR	501	+	71	76931918	45268
chr14	76886650	77086650	harbor2	chr14	76937921	76938095	SINE/MIR	514	+	87	76938008	51358
chr14	76886650	77086650	harbor2	chr14	76979687	76979832	SINE/MIR	520	+	72	76979759	93109
chr14	76886650	77086650	harbor2	chr14	76981205	76981364	SINE/MIR	523	+	80	76981285	94635
chr14	102039472	102239472	harbor2	chr14	102090880	102091064	SINE/MIR	638	+	92	102090972	51500
chr14	102039472	102239472	harbor2	chr14	102093539	102093676	SINE/MIR	480	+	68	102093607	54135
chr14	100186150	100386150	harbor2	chr14	100228214	100228332	SINE/MIR	470	+	59	100228273	42123
chr14	100186150	100386150	harbor2	chr14	100276152	100276317	SINE/MIR	592	+	82	100276234	90084
chr14	104623757	104823757	harbor2	chr14	104673267	104673465	SINE/MIR	528	+	99	104673366	49609
chr14	103624423	103824423	harbor2	chr14	103697464	103697600	SINE/MIR	515	+	68	103697532	73109
chr14	100185464	100385464	harbor2	chr14	100228214	100228332	SINE/MIR	470	+	59	100228273	42809
chr14	100185464	100385464	harbor2	chr14	100276152	100276317	SINE/MIR	592	+	82	100276234	90770
chr14	74823265	75023265	harbor2	chr14	74838925	74838977	SINE/MIR	505	+	26	74838951	15686
chr14	74823265	75023265	harbor2	chr14	74839281	74839421	SINE/MIR	505	+	70	74839351	16086
chr14	74823265	75023265	harbor2	chr14	74859858	74859969	SINE/MIR	522	+	56	74859914	36649
chr14	74823265	75023265	harbor2	chr14	74868854	74869097	SINE/MIR	584	+	122	74868976	45711
chr14	74823265	75023265	harbor2	chr14	74884402	74884610	SINE/MIR	431	+	104	74884506	61241
chr14	74823265	75023265	harbor2	chr14	74893084	74893289	SINE/MIR	477	+	102	74893186	69921
chr14	74823265	75023265	harbor2	chr14	74920846	74921132	SINE/MIR	596	+	143	74920989	97724
chr14	23464322	23664322	harbor2	chr14	23493441	23493594	SINE/MIR	581	+	76	23493517	29195
chr14	23464322	23664322	harbor2	chr14	23493892	23493979	SINE/MIR	581	+	44	23493936	29614
chr14	23464322	23664322	harbor2	chr14	23496111	23496259	SINE/MIR	455	+	74	23496185	31863
chr14	23464322	23664322	harbor2	chr14	23507455	23507636	SINE/MIR	445	+	90	23507545	43223
chr14	23464322	23664322	harbor2	chr14	23540592	23540782	SINE/MIR	652	+	95	23540687	76365
chr14	24047673	24247673	harbor2	chr14	24065832	24065998	SINE/MIR	461	+	83	24065915	18242
chr14	24047673	24247673	harbor2	chr14	24066274	24066306	SINE/MIR	461	+	16	24066290	18617
chr14	24047673	24247673	harbor2	chr14	24073752	24073921	SINE/MIR	604	+	84	24073836	26163
chr14	24047673	24247673	harbor2	chr14	24100353	24100558	SINE/MIR	692	+	102	24100455	52782
chr14	24047673	24247673	harbor2	chr14	24106874	24107014	SINE/MIR	520	+	70	24106944	59271
chr14	67519986	67719986	harbor2	chr14	67527168	67527345	SINE/MIR	675	+	88	67527256	7270
chr14	67519986	67719986	harbor2	chr14	67539695	67539915	SINE/MIR	623	+	110	67539805	19819
chr14	67519986	67719986	harbor2	chr14	67542406	67542606	SINE/MIR	534	+	100	67542506	22520
chr14	67519986	67719986	harbor2	chr14	67550770	67550993	SINE/MIR	1115	+	112	67550882	30896
chr14	67519986	67719986	harbor2	chr14	67557607	67557827	SINE/MIR	436	+	110	67557717	37731
chr14	67519986	67719986	harbor2	chr14	67563191	67563384	SINE/MIR	723	+	96	67563287	43301
chr14	67519986	67719986	harbor2	chr14	67582411	67582536	SINE/MIR	556	+	62	67582473	62487
chr14	67519986	67719986	harbor2	chr14	67582868	67582951	SINE/MIR	556	+	42	67582910	62924
chr14	67519986	67719986	harbor2	chr14	67598387	67598506	SINE/MIR	485	+	60	67598447	78461
chr14	76994915	77194915	harbor2	chr14	77002466	77002680	SINE/MIR	790	+	107	77002573	7658
chr14	76994915	77194915	harbor2	chr14	77006776	77006943	SINE/MIR	531	+	84	77006860	11945
chr14	76994915	77194915	harbor2	chr14	77010825	77010957	SINE/MIR	811	+	66	77010891	15976
chr14	76994915	77194915	harbor2	chr14	77011412	77011516	SINE/MIR	811	+	52	77011464	16549
chr14	76994915	77194915	harbor2	chr14	77048286	77048449	SINE/MIR	447	+	82	77048368	53453
chr14	76994915	77194915	harbor2	chr14	77072239	77072425	SINE/MIR	480	+	93	77072332	77417
chr14	76994915	77194915	harbor2	chr14	77093295	77093501	SINE/MIR	758	+	103	77093398	98483
chr14	104093579	104293579	harbor2	chr14	104133405	104133548	SINE/MIR	438	+	72	104133477	39898
chr14	104093579	104293579	harbor2	chr14	104158173	104158364	SINE/MIR	523	+	96	104158269	64690
chr14	74842794	75042794	harbor2	chr14	74859858	74859969	SINE/MIR	522	+	56	74859914	17120
chr14	74842794	75042794	harbor2	chr14	74868854	74869097	SINE/MIR	584	+	122	74868976	26182
chr14	74842794	75042794	harbor2	chr14	74884402	74884610	SINE/MIR	431	+	104	74884506	41712
chr14	74842794	75042794	harbor2	chr14	74893084	74893289	SINE/MIR	477	+	102	74893186	50392
chr14	74842794	75042794	harbor2	chr14	74920846	74921132	SINE/MIR	596	+	143	74920989	78195
chr14	94075512	94275512	harbor2	chr14	94077448	94077685	SINE/MIR	703	+	118	94077566	2054
chr14	94075512	94275512	harbor2	chr14	94079965	94080156	SINE/MIR	450	+	96	94080061	4549
chr14	94075512	94275512	harbor2	chr14	94085261	94085440	SINE/MIR	600	+	90	94085351	9839
chr14	94075512	94275512	harbor2	chr14	94117201	94117356	SINE/MIR	446	+	78	94117279	41767
chr14	94075512	94275512	harbor2	chr14	94171283	94171424	SINE/MIR	497	+	70	94171353	95841
chr14	104095926	104295926	harbor2	chr14	104133405	104133548	SINE/MIR	438	+	72	104133477	37551
chr14	104095926	104295926	harbor2	chr14	104158173	104158364	SINE/MIR	523	+	96	104158269	62343
chr14	103422967	103622967	harbor2	chr14	103429218	103429437	SINE/MIR	728	+	110	103429328	6361
chr14	103422967	103622967	harbor2	chr14	103445105	103445353	SINE/MIR	582	+	124	103445229	22262
chr14	24048856	24248856	harbor2	chr14	24065832	24065998	SINE/MIR	461	+	83	24065915	17059
chr14	24048856	24248856	harbor2	chr14	24066274	24066306	SINE/MIR	461	+	16	24066290	17434
chr14	24048856	24248856	harbor2	chr14	24073752	24073921	SINE/MIR	604	+	84	24073836	24980
chr14	24048856	24248856	harbor2	chr14	24100353	24100558	SINE/MIR	692	+	102	24100455	51599
chr14	24048856	24248856	harbor2	chr14	24106874	24107014	SINE/MIR	520	+	70	24106944	58088
chr14	75328337	75528337	harbor2	chr14	75371504	75371641	SINE/MIR	494	+	68	75371572	43235
chr14	75328337	75528337	harbor2	chr14	75377423	75377674	SINE/MIR	842	+	126	75377549	49212
chr14	75328337	75528337	harbor2	chr14	75396166	75396372	SINE/MIR	610	+	103	75396269	67932
chr14	75328337	75528337	harbor2	chr14	75413166	75413348	SINE/MIR	691	+	91	75413257	84920
chr14	75328337	75528337	harbor2	chr14	75415531	75415766	SINE/MIR	1106	+	118	75415649	87312
chr14	76998329	77198329	harbor2	chr14	77002466	77002680	SINE/MIR	790	+	107	77002573	4244
chr14	76998329	77198329	harbor2	chr14	77006776	77006943	SINE/MIR	531	+	84	77006860	8531
chr14	76998329	77198329	harbor2	chr14	77010825	77010957	SINE/MIR	811	+	66	77010891	12562
chr14	76998329	77198329	harbor2	chr14	77011412	77011516	SINE/MIR	811	+	52	77011464	13135
chr14	76998329	77198329	harbor2	chr14	77048286	77048449	SINE/MIR	447	+	82	77048368	50039
chr14	76998329	77198329	harbor2	chr14	77072239	77072425	SINE/MIR	480	+	93	77072332	74003
chr14	76998329	77198329	harbor2	chr14	77093295	77093501	SINE/MIR	758	+	103	77093398	95069
chr14	21337322	21537322	harbor2	chr14	21337141	21337369	SINE/MIR	496	+	114	21337255	67
chr14	21337322	21537322	harbor2	chr14	21364028	21364178	SINE/MIR	515	+	75	21364103	26781
chr14	76939921	77139921	harbor2	chr14	76979687	76979832	SINE/MIR	520	+	72	76979759	39838
chr14	76939921	77139921	harbor2	chr14	76981205	76981364	SINE/MIR	523	+	80	76981285	41364
chr14	76939921	77139921	harbor2	chr14	77002466	77002680	SINE/MIR	790	+	107	77002573	62652
chr14	76939921	77139921	harbor2	chr14	77006776	77006943	SINE/MIR	531	+	84	77006860	66939
chr14	76939921	77139921	harbor2	chr14	77010825	77010957	SINE/MIR	811	+	66	77010891	70970
chr14	76939921	77139921	harbor2	chr14	77011412	77011516	SINE/MIR	811	+	52	77011464	71543
chr14	100232438	100432438	harbor2	chr14	100276152	100276317	SINE/MIR	592	+	82	100276234	43796
chr14	76942497	77142497	harbor2	chr14	76979687	76979832	SINE/MIR	520	+	72	76979759	37262
chr14	76942497	77142497	harbor2	chr14	76981205	76981364	SINE/MIR	523	+	80	76981285	38788
chr14	76942497	77142497	harbor2	chr14	77002466	77002680	SINE/MIR	790	+	107	77002573	60076
chr14	76942497	77142497	harbor2	chr14	77006776	77006943	SINE/MIR	531	+	84	77006860	64363
chr14	76942497	77142497	harbor2	chr14	77010825	77010957	SINE/MIR	811	+	66	77010891	68394
chr14	76942497	77142497	harbor2	chr14	77011412	77011516	SINE/MIR	811	+	52	77011464	68967
chr14	51140675	51340675	harbor2	chr14	51219615	51219844	SINE/MIR	648	+	114	51219729	79054
chr14	104623750	104823750	harbor2	chr14	104673267	104673465	SINE/MIR	528	+	99	104673366	49616
chr14	76928705	77128705	harbor2	chr14	76931847	76931989	SINE/MIR	501	+	71	76931918	3213
chr14	76928705	77128705	harbor2	chr14	76937921	76938095	SINE/MIR	514	+	87	76938008	9303
chr14	76928705	77128705	harbor2	chr14	76979687	76979832	SINE/MIR	520	+	72	76979759	51054
chr14	76928705	77128705	harbor2	chr14	76981205	76981364	SINE/MIR	523	+	80	76981285	52580
chr14	76928705	77128705	harbor2	chr14	77002466	77002680	SINE/MIR	790	+	107	77002573	73868
chr14	76928705	77128705	harbor2	chr14	77006776	77006943	SINE/MIR	531	+	84	77006860	78155
chr14	76928705	77128705	harbor2	chr14	77010825	77010957	SINE/MIR	811	+	66	77010891	82186
chr14	76928705	77128705	harbor2	chr14	77011412	77011516	SINE/MIR	811	+	52	77011464	82759
chr14	23332799	23532799	harbor2	chr14	23357810	23357926	SINE/MIR	430	+	58	23357868	25069
chr14	23332799	23532799	harbor2	chr14	23358224	23358330	SINE/MIR	430	+	53	23358277	25478
chr14	23332799	23532799	harbor2	chr14	23363213	23363442	SINE/MIR	608	+	114	23363327	30528
chr14	23332799	23532799	harbor2	chr14	23368564	23368713	SINE/MIR	505	+	74	23368638	35839
chr14	23332799	23532799	harbor2	chr14	23371156	23371358	SINE/MIR	821	+	101	23371257	38458
chr14	23332799	23532799	harbor2	chr14	23397639	23397850	SINE/MIR	436	+	106	23397745	64946
chr14	104092849	104292849	harbor2	chr14	104133405	104133548	SINE/MIR	438	+	72	104133477	40628
chr14	104092849	104292849	harbor2	chr14	104158173	104158364	SINE/MIR	523	+	96	104158269	65420
chr14	23087290	23287290	harbor2	chr14	23121973	23122149	SINE/MIR	452	+	88	23122061	34771
chr14	23087290	23287290	harbor2	chr14	23138418	23138572	SINE/MIR	442	+	77	23138495	51205
chr14	23087290	23287290	harbor2	chr14	23164350	23164573	SINE/MIR	511	+	112	23164462	77172
chr14	23087290	23287290	harbor2	chr14	23171977	23172188	SINE/MIR	665	+	106	23172083	84793
chr14	23087290	23287290	harbor2	chr14	23176495	23176659	SINE/MIR	497	+	82	23176577	89287
chr14	23087290	23287290	harbor2	chr14	23176964	23176997	SINE/MIR	497	+	16	23176980	89690
chr14	23087290	23287290	harbor2	chr14	23177963	23178207	SINE/MIR	576	+	122	23178085	90795
chr14	100323696	100523696	harbor2	chr14	100384820	100385049	SINE/MIR	619	+	114	100384934	61238
chr14	100323696	100523696	harbor2	chr14	100387010	100387183	SINE/MIR	551	+	86	100387096	63400
chr14	100323696	100523696	harbor2	chr14	100393945	100394092	SINE/MIR	491	+	74	100394019	70323
chr14	100323696	100523696	harbor2	chr14	100395207	100395417	SINE/MIR	619	+	105	100395312	71616
chr14	75915240	76115240	harbor2	chr14	75915478	75915643	SINE/MIR	603	+	82	75915560	320
chr14	75915240	76115240	harbor2	chr14	75985308	75985476	SINE/MIR	447	+	84	75985392	70152
chr14	75915240	76115240	harbor2	chr14	75992895	75993109	SINE/MIR	547	+	107	75993002	77762
chr14	75915240	76115240	harbor2	chr14	75994407	75994582	SINE/MIR	461	+	88	75994495	79255
chr14	75915240	76115240	harbor2	chr14	75996265	75996435	SINE/MIR	829	+	85	75996350	81110
chr14	103444240	103644240	harbor2	chr14	103445105	103445353	SINE/MIR	582	+	124	103445229	989
chr14	103444240	103644240	harbor2	chr14	103527109	103527250	SINE/MIR	469	+	70	103527179	82939
chr14	100185466	100385466	harbor2	chr14	100228214	100228332	SINE/MIR	470	+	59	100228273	42807
chr14	100185466	100385466	harbor2	chr14	100276152	100276317	SINE/MIR	592	+	82	100276234	90768
chr14	104590261	104790261	harbor2	chr14	104673267	104673465	SINE/MIR	528	+	99	104673366	83105
chr14	99658830	99858830	harbor2	chr14	99659004	99659221	SINE/MIR	538	+	108	99659112	282
chr14	99658830	99858830	harbor2	chr14	99661199	99661369	SINE/MIR	737	+	85	99661284	2454
chr14	99658830	99858830	harbor2	chr14	99667215	99667357	SINE/MIR	498	+	71	99667286	8456
chr14	99658830	99858830	harbor2	chr14	99691302	99691435	SINE/MIR	440	+	66	99691368	32538
chr14	99658830	99858830	harbor2	chr14	99692912	99693133	SINE/MIR	842	+	110	99693022	34192
chr14	99658830	99858830	harbor2	chr14	99725015	99725148	SINE/MIR	631	+	66	99725081	66251
chr14	99658830	99858830	harbor2	chr14	99725835	99726041	SINE/MIR	530	+	103	99725938	67108
chr14	99658830	99858830	harbor2	chr14	99738551	99738759	SINE/MIR	664	+	104	99738655	79825
chr14	99658830	99858830	harbor2	chr14	99739893	99740091	SINE/MIR	575	+	99	99739992	81162
chr14	99658830	99858830	harbor2	chr14	99741050	99741157	SINE/MIR	474	+	54	99741104	82274
chr14	99658830	99858830	harbor2	chr14	99750418	99750606	SINE/MIR	440	+	94	99750512	91682
chr14	99496893	99696893	harbor2	chr14	99585346	99585554	SINE/MIR	571	+	104	99585450	88557
chr14	76932189	77132189	harbor2	chr14	76937921	76938095	SINE/MIR	514	+	87	76938008	5819
chr14	76932189	77132189	harbor2	chr14	76979687	76979832	SINE/MIR	520	+	72	76979759	47570
chr14	76932189	77132189	harbor2	chr14	76981205	76981364	SINE/MIR	523	+	80	76981285	49096
chr14	76932189	77132189	harbor2	chr14	77002466	77002680	SINE/MIR	790	+	107	77002573	70384
chr14	76932189	77132189	harbor2	chr14	77006776	77006943	SINE/MIR	531	+	84	77006860	74671
chr14	76932189	77132189	harbor2	chr14	77010825	77010957	SINE/MIR	811	+	66	77010891	78702
chr14	76932189	77132189	harbor2	chr14	77011412	77011516	SINE/MIR	811	+	52	77011464	79275
chr14	76959696	77159696	harbor2	chr14	76979687	76979832	SINE/MIR	520	+	72	76979759	20063
chr14	76959696	77159696	harbor2	chr14	76981205	76981364	SINE/MIR	523	+	80	76981285	21589
chr14	76959696	77159696	harbor2	chr14	77002466	77002680	SINE/MIR	790	+	107	77002573	42877
chr14	76959696	77159696	harbor2	chr14	77006776	77006943	SINE/MIR	531	+	84	77006860	47164
chr14	76959696	77159696	harbor2	chr14	77010825	77010957	SINE/MIR	811	+	66	77010891	51195
chr14	76959696	77159696	harbor2	chr14	77011412	77011516	SINE/MIR	811	+	52	77011464	51768
chr14	76959696	77159696	harbor2	chr14	77048286	77048449	SINE/MIR	447	+	82	77048368	88672
chr14	75329786	75529786	harbor2	chr14	75371504	75371641	SINE/MIR	494	+	68	75371572	41786
chr14	75329786	75529786	harbor2	chr14	75377423	75377674	SINE/MIR	842	+	126	75377549	47763
chr14	75329786	75529786	harbor2	chr14	75396166	75396372	SINE/MIR	610	+	103	75396269	66483
chr14	75329786	75529786	harbor2	chr14	75413166	75413348	SINE/MIR	691	+	91	75413257	83471
chr14	75329786	75529786	harbor2	chr14	75415531	75415766	SINE/MIR	1106	+	118	75415649	85863
chr14	104093250	104293250	harbor2	chr14	104133405	104133548	SINE/MIR	438	+	72	104133477	40227
chr14	104093250	104293250	harbor2	chr14	104158173	104158364	SINE/MIR	523	+	96	104158269	65019
chr14	21007545	21207545	harbor2	chr14	21035878	21036106	SINE/MIR	538	+	114	21035992	28447
chr14	21007545	21207545	harbor2	chr14	21054620	21054765	SINE/MIR	587	+	72	21054692	47147
chr14	21007545	21207545	harbor2	chr14	21056718	21056898	SINE/MIR	617	+	90	21056808	49263
chr14	21007545	21207545	harbor2	chr14	21081094	21081311	SINE/MIR	573	+	108	21081202	73657
chr14	69667754	69867754	harbor2	chr14	69670534	69670719	SINE/MIR	676	+	92	69670626	2872
chr14	69667754	69867754	harbor2	chr14	69695651	69695860	SINE/MIR	548	+	104	69695755	28001
chr14	69667754	69867754	harbor2	chr14	69696160	69696307	SINE/MIR	525	+	74	69696234	28480
chr14	69667754	69867754	harbor2	chr14	69702590	69702816	SINE/MIR	591	+	113	69702703	34949
chr14	69667754	69867754	harbor2	chr14	69708377	69708609	SINE/MIR	835	+	116	69708493	40739
chr14	102111829	102311829	harbor2	chr14	102155116	102155285	SINE/MIR	650	+	84	102155200	43371
chr14	102111829	102311829	harbor2	chr14	102194066	102194261	SINE/MIR	778	+	98	102194164	82335
chr14	104102900	104302900	harbor2	chr14	104133405	104133548	SINE/MIR	438	+	72	104133477	30577
chr14	104102900	104302900	harbor2	chr14	104158173	104158364	SINE/MIR	523	+	96	104158269	55369
chr14	95436168	95636168	harbor2	chr14	95445188	95445431	SINE/MIR	654	+	122	95445310	9142
chr14	95436168	95636168	harbor2	chr14	95458276	95458482	SINE/MIR	437	+	103	95458379	22211
chr14	95436168	95636168	harbor2	chr14	95478945	95479086	SINE/MIR	462	+	70	95479015	42847
chr14	95436168	95636168	harbor2	chr14	95497213	95497408	SINE/MIR	631	+	98	95497311	61143
chr14	95436168	95636168	harbor2	chr14	95498603	95498801	SINE/MIR	485	+	99	95498702	62534
chr14	95436168	95636168	harbor2	chr14	95508087	95508307	SINE/MIR	439	+	110	95508197	72029
chr14	67259750	67459750	harbor2	chr14	67260975	67261162	SINE/MIR	476	+	94	67261069	1319
chr14	67259750	67459750	harbor2	chr14	67263606	67263790	SINE/MIR	502	+	92	67263698	3948
chr14	67259750	67459750	harbor2	chr14	67272383	67272519	SINE/MIR	484	+	68	67272451	12701
chr14	67259750	67459750	harbor2	chr14	67336950	67337162	SINE/MIR	688	+	106	67337056	77306
chr14	54686838	54886838	harbor2	chr14	54698418	54698615	SINE/MIR	742	+	98	54698516	11678
chr14	54686838	54886838	harbor2	chr14	54704937	54705170	SINE/MIR	539	+	116	54705053	18215
chr14	54686838	54886838	harbor2	chr14	54713836	54713963	SINE/MIR	586	+	64	54713900	27062
chr14	54686838	54886838	harbor2	chr14	54714665	54714708	SINE/MIR	586	+	22	54714687	27849
chr14	54686838	54886838	harbor2	chr14	54719646	54719806	SINE/MIR	536	+	80	54719726	32888
chr14	54686838	54886838	harbor2	chr14	54724248	54724517	SINE/MIR	659	+	134	54724382	37544
chr14	24048951	24248951	harbor2	chr14	24065832	24065998	SINE/MIR	461	+	83	24065915	16964
chr14	24048951	24248951	harbor2	chr14	24066274	24066306	SINE/MIR	461	+	16	24066290	17339
chr14	24048951	24248951	harbor2	chr14	24073752	24073921	SINE/MIR	604	+	84	24073836	24885
chr14	24048951	24248951	harbor2	chr14	24100353	24100558	SINE/MIR	692	+	102	24100455	51504
chr14	24048951	24248951	harbor2	chr14	24106874	24107014	SINE/MIR	520	+	70	24106944	57993
chr14	103423404	103623404	harbor2	chr14	103429218	103429437	SINE/MIR	728	+	110	103429328	5924
chr14	103423404	103623404	harbor2	chr14	103445105	103445353	SINE/MIR	582	+	124	103445229	21825
chr14	72458724	72658724	harbor2	chr14	72461808	72461937	SINE/MIR	568	+	64	72461872	3148
chr14	72458724	72658724	harbor2	chr14	72462722	72462868	SINE/MIR	572	+	73	72462795	4071
chr14	72458724	72658724	harbor2	chr14	72505624	72505833	SINE/MIR	568	+	104	72505728	47004
chr14	72458724	72658724	harbor2	chr14	72509395	72509598	SINE/MIR	839	+	102	72509497	50773
chr14	72458724	72658724	harbor2	chr14	72521715	72521904	SINE/MIR	595	+	94	72521809	63085
chr14	72458724	72658724	harbor2	chr14	72523910	72524092	SINE/MIR	474	+	91	72524001	65277
chr14	72458724	72658724	harbor2	chr14	72527372	72527503	SINE/MIR	590	+	66	72527438	68714
chr14	72458724	72658724	harbor2	chr14	72545378	72545550	SINE/MIR	463	+	86	72545464	86740
chr14	72458724	72658724	harbor2	chr14	72555606	72555847	SINE/MIR	554	+	120	72555726	97002
chr14	24047661	24247661	harbor2	chr14	24065832	24065998	SINE/MIR	461	+	83	24065915	18254
chr14	24047661	24247661	harbor2	chr14	24066274	24066306	SINE/MIR	461	+	16	24066290	18629
chr14	24047661	24247661	harbor2	chr14	24073752	24073921	SINE/MIR	604	+	84	24073836	26175
chr14	24047661	24247661	harbor2	chr14	24100353	24100558	SINE/MIR	692	+	102	24100455	52794
chr14	24047661	24247661	harbor2	chr14	24106874	24107014	SINE/MIR	520	+	70	24106944	59283
chr14	100231162	100431162	harbor2	chr14	100276152	100276317	SINE/MIR	592	+	82	100276234	45072
chr14	23986853	24186853	harbor2	chr14	24065832	24065998	SINE/MIR	461	+	83	24065915	79062
chr14	23986853	24186853	harbor2	chr14	24066274	24066306	SINE/MIR	461	+	16	24066290	79437
chr14	23986853	24186853	harbor2	chr14	24073752	24073921	SINE/MIR	604	+	84	24073836	86983
chr14	21337315	21537315	harbor2	chr14	21337141	21337369	SINE/MIR	496	+	114	21337255	60
chr14	21337315	21537315	harbor2	chr14	21364028	21364178	SINE/MIR	515	+	75	21364103	26788
chr14	103427586	103627586	harbor2	chr14	103429218	103429437	SINE/MIR	728	+	110	103429328	1742
chr14	103427586	103627586	harbor2	chr14	103445105	103445353	SINE/MIR	582	+	124	103445229	17643
chr14	103427586	103627586	harbor2	chr14	103527109	103527250	SINE/MIR	469	+	70	103527179	99593
chr14	73684556	73884556	harbor2	chr14	73721016	73721186	SINE/MIR	468	+	85	73721101	36545
chr14	73684556	73884556	harbor2	chr14	73723973	73724141	SINE/MIR	494	+	84	73724057	39501
chr14	73684556	73884556	harbor2	chr14	73725506	73725621	SINE/MIR	463	+	58	73725564	41008
chr14	73684556	73884556	harbor2	chr14	73730349	73730597	SINE/MIR	564	+	124	73730473	45917
chr14	73684556	73884556	harbor2	chr14	73731945	73732117	SINE/MIR	536	+	86	73732031	47475
chr14	73684556	73884556	harbor2	chr14	73753434	73753568	SINE/MIR	438	+	67	73753501	68945
chr14	24048169	24248169	harbor2	chr14	24065832	24065998	SINE/MIR	461	+	83	24065915	17746
chr14	24048169	24248169	harbor2	chr14	24066274	24066306	SINE/MIR	461	+	16	24066290	18121
chr14	24048169	24248169	harbor2	chr14	24073752	24073921	SINE/MIR	604	+	84	24073836	25667
chr14	24048169	24248169	harbor2	chr14	24100353	24100558	SINE/MIR	692	+	102	24100455	52286
chr14	24048169	24248169	harbor2	chr14	24106874	24107014	SINE/MIR	520	+	70	24106944	58775
chr14	21337330	21537330	harbor2	chr14	21337141	21337369	SINE/MIR	496	+	114	21337255	75
chr14	21337330	21537330	harbor2	chr14	21364028	21364178	SINE/MIR	515	+	75	21364103	26773
chr14	104119074	104319074	harbor2	chr14	104133405	104133548	SINE/MIR	438	+	72	104133477	14403
chr14	104119074	104319074	harbor2	chr14	104158173	104158364	SINE/MIR	523	+	96	104158269	39195
chr14	100581532	100781532	harbor2	chr14	100660771	100660934	SINE/MIR	625	+	82	100660853	79321
chr14	100581532	100781532	harbor2	chr14	100670173	100670292	SINE/MIR	436	+	60	100670233	88701
chr14	75330552	75530552	harbor2	chr14	75371504	75371641	SINE/MIR	494	+	68	75371572	41020
chr14	75330552	75530552	harbor2	chr14	75377423	75377674	SINE/MIR	842	+	126	75377549	46997
chr14	75330552	75530552	harbor2	chr14	75396166	75396372	SINE/MIR	610	+	103	75396269	65717
chr14	75330552	75530552	harbor2	chr14	75413166	75413348	SINE/MIR	691	+	91	75413257	82705
chr14	75330552	75530552	harbor2	chr14	75415531	75415766	SINE/MIR	1106	+	118	75415649	85097
chr14	102649173	102849173	harbor2	chr14	102669528	102669756	SINE/MIR	552	+	114	102669642	20469
chr14	64194993	64394993	harbor2	chr14	64199283	64199453	SINE/MIR	777	+	85	64199368	4375
chr14	64194993	64394993	harbor2	chr14	64199737	64199778	SINE/MIR	777	+	20	64199757	4764
chr14	64194993	64394993	harbor2	chr14	64220976	64221172	SINE/MIR	469	+	98	64221074	26081
chr14	103637279	103837279	harbor2	chr14	103697464	103697600	SINE/MIR	515	+	68	103697532	60253
chr14	103428564	103628564	harbor2	chr14	103429218	103429437	SINE/MIR	728	+	110	103429328	764
chr14	103428564	103628564	harbor2	chr14	103445105	103445353	SINE/MIR	582	+	124	103445229	16665
chr14	103428564	103628564	harbor2	chr14	103527109	103527250	SINE/MIR	469	+	70	103527179	98615
chr14	67500239	67700239	harbor2	chr14	67503572	67503692	SINE/MIR	585	+	60	67503632	3393
chr14	67500239	67700239	harbor2	chr14	67504312	67504439	SINE/MIR	585	+	64	67504376	4137
chr14	67500239	67700239	harbor2	chr14	67509704	67509724	SINE/MIR	473	+	10	67509714	9475
chr14	67500239	67700239	harbor2	chr14	67510042	67510218	SINE/MIR	537	+	88	67510130	9891
chr14	67500239	67700239	harbor2	chr14	67527168	67527345	SINE/MIR	675	+	88	67527256	27017
chr14	67500239	67700239	harbor2	chr14	67539695	67539915	SINE/MIR	623	+	110	67539805	39566
chr14	67500239	67700239	harbor2	chr14	67542406	67542606	SINE/MIR	534	+	100	67542506	42267
chr14	67500239	67700239	harbor2	chr14	67550770	67550993	SINE/MIR	1115	+	112	67550882	50643
chr14	67500239	67700239	harbor2	chr14	67557607	67557827	SINE/MIR	436	+	110	67557717	57478
chr14	67500239	67700239	harbor2	chr14	67563191	67563384	SINE/MIR	723	+	96	67563287	63048
chr14	67500239	67700239	harbor2	chr14	67582411	67582536	SINE/MIR	556	+	62	67582473	82234
chr14	67500239	67700239	harbor2	chr14	67582868	67582951	SINE/MIR	556	+	42	67582910	82671
chr14	67500239	67700239	harbor2	chr14	67598387	67598506	SINE/MIR	485	+	60	67598447	98208
chr14	67500239	67700239	harbor2	chr14	67518213	67518481	SINE/MIR	890	+	134	67518347	18108
chr14	100185458	100385458	harbor2	chr14	100228214	100228332	SINE/MIR	470	+	59	100228273	42815
chr14	100185458	100385458	harbor2	chr14	100276152	100276317	SINE/MIR	592	+	82	100276234	90776
chr14	104017092	104217092	harbor2	chr14	104022765	104022898	SINE/MIR	586	+	66	104022831	5739
chr14	104017092	104217092	harbor2	chr14	104023215	104023267	SINE/MIR	586	+	26	104023241	6149
chr14	76928673	77128673	harbor2	chr14	76931847	76931989	SINE/MIR	501	+	71	76931918	3245
chr14	76928673	77128673	harbor2	chr14	76937921	76938095	SINE/MIR	514	+	87	76938008	9335
chr14	76928673	77128673	harbor2	chr14	76979687	76979832	SINE/MIR	520	+	72	76979759	51086
chr14	76928673	77128673	harbor2	chr14	76981205	76981364	SINE/MIR	523	+	80	76981285	52612
chr14	76928673	77128673	harbor2	chr14	77002466	77002680	SINE/MIR	790	+	107	77002573	73900
chr14	76928673	77128673	harbor2	chr14	77006776	77006943	SINE/MIR	531	+	84	77006860	78187
chr14	76928673	77128673	harbor2	chr14	77010825	77010957	SINE/MIR	811	+	66	77010891	82218
chr14	76928673	77128673	harbor2	chr14	77011412	77011516	SINE/MIR	811	+	52	77011464	82791
chr14	90288480	90488480	harbor2	chr14	90310271	90310463	SINE/MIR	619	+	96	90310367	21887
chr14	90288480	90488480	harbor2	chr14	90324693	90324885	SINE/MIR	658	+	96	90324789	36309
chr14	90288480	90488480	harbor2	chr14	90378174	90378367	SINE/MIR	483	+	96	90378270	89790
chr14	101443002	101643002	harbor2	chr14	101445512	101445658	SINE/MIR	454	+	73	101445585	2583
chr14	101443002	101643002	harbor2	chr14	101474634	101474870	SINE/MIR	437	+	118	101474752	31750
chr14	101443002	101643002	harbor2	chr14	101480207	101480392	SINE/MIR	661	+	92	101480299	37297
chr15	29170198	29370198	harbor2	chr15	29175127	29175365	SINE/MIR	748	+	119	29175246	5048
chr15	67422011	67622011	harbor2	chr15	67447033	67447244	SINE/MIR	584	+	106	67447139	25128
chr15	67422011	67622011	harbor2	chr15	67463428	67463612	SINE/MIR	447	+	92	67463520	41509
chr15	67422011	67622011	harbor2	chr15	67506873	67507008	SINE/MIR	430	+	68	67506941	84930
chr15	67422011	67622011	harbor2	chr15	67511813	67512031	SINE/MIR	483	+	109	67511922	89911
chr15	74947206	75147206	harbor2	chr15	74960120	74960272	SINE/MIR	493	+	76	74960196	12990
chr15	74947206	75147206	harbor2	chr15	74964176	74964337	SINE/MIR	736	+	80	74964256	17050
chr15	35446251	35646251	harbor2	chr15	35451327	35451504	SINE/MIR	455	+	88	35451415	5164
chr15	35446251	35646251	harbor2	chr15	35457615	35457813	SINE/MIR	674	+	99	35457714	11463
chr15	35446251	35646251	harbor2	chr15	35493952	35494206	SINE/MIR	728	+	127	35494079	47828
chr15	35446251	35646251	harbor2	chr15	35524550	35524670	SINE/MIR	476	+	60	35524610	78359
chr15	35446808	35646808	harbor2	chr15	35451327	35451504	SINE/MIR	455	+	88	35451415	4607
chr15	35446808	35646808	harbor2	chr15	35457615	35457813	SINE/MIR	674	+	99	35457714	10906
chr15	35446808	35646808	harbor2	chr15	35493952	35494206	SINE/MIR	728	+	127	35494079	47271
chr15	35446808	35646808	harbor2	chr15	35524550	35524670	SINE/MIR	476	+	60	35524610	77802
chr15	67421689	67621689	harbor2	chr15	67447033	67447244	SINE/MIR	584	+	106	67447139	25450
chr15	67421689	67621689	harbor2	chr15	67463428	67463612	SINE/MIR	447	+	92	67463520	41831
chr15	67421689	67621689	harbor2	chr15	67506873	67507008	SINE/MIR	430	+	68	67506941	85252
chr15	67421689	67621689	harbor2	chr15	67511813	67512031	SINE/MIR	483	+	109	67511922	90233
chr15	35496867	35696867	harbor2	chr15	35524550	35524670	SINE/MIR	476	+	60	35524610	27743
chr15	35496867	35696867	harbor2	chr15	35561480	35561647	SINE/MIR	566	+	84	35561564	64697
chr15	35496867	35696867	harbor2	chr15	35562677	35562812	SINE/MIR	433	+	68	35562745	65878
chr15	101861517	102061517	harbor2	chr15	101874010	101874141	SINE/MIR	437	+	66	101874076	12559
chr15	35457632	35657632	harbor2	chr15	35457615	35457813	SINE/MIR	674	+	99	35457714	82
chr15	35457632	35657632	harbor2	chr15	35493952	35494206	SINE/MIR	728	+	127	35494079	36447
chr15	35457632	35657632	harbor2	chr15	35524550	35524670	SINE/MIR	476	+	60	35524610	66978
chr15	45030353	45230353	harbor2	chr15	45038274	45038447	SINE/MIR	439	+	86	45038360	8007
chr15	45030353	45230353	harbor2	chr15	45062777	45062967	SINE/MIR	857	+	95	45062872	32519
chr15	45030353	45230353	harbor2	chr15	45064234	45064463	SINE/MIR	835	+	114	45064348	33995
chr15	45030353	45230353	harbor2	chr15	45064943	45065188	SINE/MIR	818	+	122	45065065	34712
chr15	45030353	45230353	harbor2	chr15	45087962	45088195	SINE/MIR	718	+	116	45088078	57725
chr15	45030353	45230353	harbor2	chr15	45089356	45089423	SINE/MIR	704	+	34	45089390	59037
chr15	45030353	45230353	harbor2	chr15	45089664	45089861	SINE/MIR	704	+	98	45089762	59409
chr15	45030353	45230353	harbor2	chr15	45108565	45108772	SINE/MIR	479	+	104	45108669	78316
chr15	45030353	45230353	harbor2	chr15	45124172	45124386	SINE/MIR	509	+	107	45124279	93926
chr15	35449060	35649060	harbor2	chr15	35451327	35451504	SINE/MIR	455	+	88	35451415	2355
chr15	35449060	35649060	harbor2	chr15	35457615	35457813	SINE/MIR	674	+	99	35457714	8654
chr15	35449060	35649060	harbor2	chr15	35493952	35494206	SINE/MIR	728	+	127	35494079	45019
chr15	35449060	35649060	harbor2	chr15	35524550	35524670	SINE/MIR	476	+	60	35524610	75550
chr15	36839296	37039296	harbor2	chr15	36844080	36844269	SINE/MIR	568	+	94	36844174	4878
chr15	36839296	37039296	harbor2	chr15	36901941	36902167	SINE/MIR	705	+	113	36902054	62758
chr15	36839296	37039296	harbor2	chr15	36918233	36918452	SINE/MIR	548	+	110	36918343	79047
chr15	36839296	37039296	harbor2	chr15	36922141	36922366	SINE/MIR	590	+	112	36922253	82957
chr15	67441395	67641395	harbor2	chr15	67447033	67447244	SINE/MIR	584	+	106	67447139	5744
chr15	67441395	67641395	harbor2	chr15	67463428	67463612	SINE/MIR	447	+	92	67463520	22125
chr15	67441395	67641395	harbor2	chr15	67506873	67507008	SINE/MIR	430	+	68	67506941	65546
chr15	67441395	67641395	harbor2	chr15	67511813	67512031	SINE/MIR	483	+	109	67511922	70527
chr15	35449368	35649368	harbor2	chr15	35451327	35451504	SINE/MIR	455	+	88	35451415	2047
chr15	35449368	35649368	harbor2	chr15	35457615	35457813	SINE/MIR	674	+	99	35457714	8346
chr15	35449368	35649368	harbor2	chr15	35493952	35494206	SINE/MIR	728	+	127	35494079	44711
chr15	35449368	35649368	harbor2	chr15	35524550	35524670	SINE/MIR	476	+	60	35524610	75242
chr15	25339046	25539046	harbor2	chr15	25378975	25379250	SINE/MIR	794	+	138	25379113	40067
chr15	25339046	25539046	harbor2	chr15	25411104	25411302	SINE/MIR	745	+	99	25411203	72157
chr15	35446684	35646684	harbor2	chr15	35451327	35451504	SINE/MIR	455	+	88	35451415	4731
chr15	35446684	35646684	harbor2	chr15	35457615	35457813	SINE/MIR	674	+	99	35457714	11030
chr15	35446684	35646684	harbor2	chr15	35493952	35494206	SINE/MIR	728	+	127	35494079	47395
chr15	35446684	35646684	harbor2	chr15	35524550	35524670	SINE/MIR	476	+	60	35524610	77926
chr15	101861533	102061533	harbor2	chr15	101874010	101874141	SINE/MIR	437	+	66	101874076	12543
chr15	45378429	45578429	harbor2	chr15	45391938	45392145	SINE/MIR	978	+	104	45392042	13613
chr15	45378429	45578429	harbor2	chr15	45393277	45393505	SINE/MIR	1013	+	114	45393391	14962
chr15	45378429	45578429	harbor2	chr15	45473386	45473626	SINE/MIR	739	+	120	45473506	95077
chr15	45378429	45578429	harbor2	chr15	45449150	45449346	SINE/MIR	494	+	98	45449248	70819
chr15	67422183	67622183	harbor2	chr15	67447033	67447244	SINE/MIR	584	+	106	67447139	24956
chr15	67422183	67622183	harbor2	chr15	67463428	67463612	SINE/MIR	447	+	92	67463520	41337
chr15	67422183	67622183	harbor2	chr15	67506873	67507008	SINE/MIR	430	+	68	67506941	84758
chr15	67422183	67622183	harbor2	chr15	67511813	67512031	SINE/MIR	483	+	109	67511922	89739
chr15	36495947	36695947	harbor2	chr15	36522950	36523145	SINE/MIR	424	+	98	36523048	27101
chr15	36495947	36695947	harbor2	chr15	36548187	36548393	SINE/MIR	578	+	103	36548290	52343
chr15	36495947	36695947	harbor2	chr15	36575585	36575828	SINE/MIR	491	+	122	36575707	79760
chr15	36495947	36695947	harbor2	chr15	36577625	36577855	SINE/MIR	663	+	115	36577740	81793
chr15	25339082	25539082	harbor2	chr15	25378975	25379250	SINE/MIR	794	+	138	25379113	40031
chr15	25339082	25539082	harbor2	chr15	25411104	25411302	SINE/MIR	745	+	99	25411203	72121
chr15	35467871	35667871	harbor2	chr15	35493952	35494206	SINE/MIR	728	+	127	35494079	26208
chr15	35467871	35667871	harbor2	chr15	35524550	35524670	SINE/MIR	476	+	60	35524610	56739
chr15	35467871	35667871	harbor2	chr15	35561480	35561647	SINE/MIR	566	+	84	35561564	93693
chr15	35467871	35667871	harbor2	chr15	35562677	35562812	SINE/MIR	433	+	68	35562745	94874
chr15	32618800	32818800	harbor2	chr15	32647014	32647132	SINE/MIR	416	+	59	32647073	28273
chr15	32618800	32818800	harbor2	chr15	32656929	32657170	SINE/MIR	649	+	120	32657049	38249
chr15	32618800	32818800	harbor2	chr15	32680874	32681095	SINE/MIR	720	+	110	32680984	62184
chr15	32618800	32818800	harbor2	chr15	32702922	32703096	SINE/MIR	455	+	87	32703009	84209
chr15	32618800	32818800	harbor2	chr15	32711255	32711445	SINE/MIR	577	+	95	32711350	92550
chr15	67422192	67622192	harbor2	chr15	67447033	67447244	SINE/MIR	584	+	106	67447139	24947
chr15	67422192	67622192	harbor2	chr15	67463428	67463612	SINE/MIR	447	+	92	67463520	41328
chr15	67422192	67622192	harbor2	chr15	67506873	67507008	SINE/MIR	430	+	68	67506941	84749
chr15	67422192	67622192	harbor2	chr15	67511813	67512031	SINE/MIR	483	+	109	67511922	89730
chr15	35446583	35646583	harbor2	chr15	35451327	35451504	SINE/MIR	455	+	88	35451415	4832
chr15	35446583	35646583	harbor2	chr15	35457615	35457813	SINE/MIR	674	+	99	35457714	11131
chr15	35446583	35646583	harbor2	chr15	35493952	35494206	SINE/MIR	728	+	127	35494079	47496
chr15	35446583	35646583	harbor2	chr15	35524550	35524670	SINE/MIR	476	+	60	35524610	78027
chr15	35446683	35646683	harbor2	chr15	35451327	35451504	SINE/MIR	455	+	88	35451415	4732
chr15	35446683	35646683	harbor2	chr15	35457615	35457813	SINE/MIR	674	+	99	35457714	11031
chr15	35446683	35646683	harbor2	chr15	35493952	35494206	SINE/MIR	728	+	127	35494079	47396
chr15	35446683	35646683	harbor2	chr15	35524550	35524670	SINE/MIR	476	+	60	35524610	77927
chr15	36491544	36691544	harbor2	chr15	36522950	36523145	SINE/MIR	424	+	98	36523048	31504
chr15	36491544	36691544	harbor2	chr15	36548187	36548393	SINE/MIR	578	+	103	36548290	56746
chr15	36491544	36691544	harbor2	chr15	36575585	36575828	SINE/MIR	491	+	122	36575707	84163
chr15	36491544	36691544	harbor2	chr15	36577625	36577855	SINE/MIR	663	+	115	36577740	86196
chr15	79333661	79533661	harbor2	chr15	79351192	79351318	SINE/MIR	436	+	63	79351255	17594
chr15	79333661	79533661	harbor2	chr15	79361196	79361344	SINE/MIR	480	+	74	79361270	27609
chr15	79333661	79533661	harbor2	chr15	79407918	79408108	SINE/MIR	458	+	95	79408013	74352
chr15	79333661	79533661	harbor2	chr15	79423660	79423903	SINE/MIR	730	+	122	79423782	90121
chr15	67422567	67622567	harbor2	chr15	67447033	67447244	SINE/MIR	584	+	106	67447139	24572
chr15	67422567	67622567	harbor2	chr15	67463428	67463612	SINE/MIR	447	+	92	67463520	40953
chr15	67422567	67622567	harbor2	chr15	67506873	67507008	SINE/MIR	430	+	68	67506941	84374
chr15	67422567	67622567	harbor2	chr15	67511813	67512031	SINE/MIR	483	+	109	67511922	89355
chr15	36685156	36885156	harbor2	chr15	36696021	36696200	SINE/MIR	537	+	90	36696111	10955
chr15	36685156	36885156	harbor2	chr15	36748007	36748236	SINE/MIR	462	+	114	36748121	62965
chr15	100818161	101018161	harbor2	chr15	100835789	100835963	SINE/MIR	495	+	87	100835876	17715
chr15	100818161	101018161	harbor2	chr15	100842319	100842520	SINE/MIR	562	+	100	100842419	24258
chr15	100818161	101018161	harbor2	chr15	100888615	100888853	SINE/MIR	770	+	119	100888734	70573
chr15	67441016	67641016	harbor2	chr15	67447033	67447244	SINE/MIR	584	+	106	67447139	6123
chr15	67441016	67641016	harbor2	chr15	67463428	67463612	SINE/MIR	447	+	92	67463520	22504
chr15	67441016	67641016	harbor2	chr15	67506873	67507008	SINE/MIR	430	+	68	67506941	65925
chr15	67441016	67641016	harbor2	chr15	67511813	67512031	SINE/MIR	483	+	109	67511922	70906
chr15	101862196	102062196	harbor2	chr15	101874010	101874141	SINE/MIR	437	+	66	101874076	11880
chr15	34109976	34309976	harbor2	chr15	34123133	34123370	SINE/MIR	777	+	118	34123251	13275
chr15	34109976	34309976	harbor2	chr15	34131802	34132017	SINE/MIR	663	+	108	34131910	21934
chr15	34109976	34309976	harbor2	chr15	34154302	34154555	SINE/MIR	459	+	126	34154428	44452
chr15	34109976	34309976	harbor2	chr15	34197263	34197375	SINE/MIR	433	+	56	34197319	87343
chr15	36787076	36987076	harbor2	chr15	36802096	36802297	SINE/MIR	641	+	100	36802196	15120
chr15	36787076	36987076	harbor2	chr15	36804008	36804227	SINE/MIR	822	+	110	36804118	17042
chr15	36787076	36987076	harbor2	chr15	36822898	36823159	SINE/MIR	612	+	130	36823028	35952
chr15	36787076	36987076	harbor2	chr15	36844080	36844269	SINE/MIR	568	+	94	36844174	57098
chr15	29945312	30145312	harbor2	chr15	29950875	29951008	SINE/MIR	501	+	66	29950941	5629
chr15	65277620	65477620	harbor2	chr15	65342946	65343196	SINE/MIR	435	+	125	65343071	65451
chr15	65277620	65477620	harbor2	chr15	65364210	65364388	SINE/MIR	643	+	89	65364299	86679
chr15	65277620	65477620	harbor2	chr15	65364964	65365159	SINE/MIR	435	+	98	65365062	87442
chr15	65277620	65477620	harbor2	chr15	65373599	65373850	SINE/MIR	676	+	126	65373725	96105
chr15	35537214	35737214	harbor2	chr15	35561480	35561647	SINE/MIR	566	+	84	35561564	24350
chr15	35537214	35737214	harbor2	chr15	35562677	35562812	SINE/MIR	433	+	68	35562745	25531
chr15	35537214	35737214	harbor2	chr15	35620380	35620517	SINE/MIR	468	+	68	35620448	83234
chr15	35537214	35737214	harbor2	chr15	35628701	35628902	SINE/MIR	537	+	100	35628801	91587
chr15	28550210	28750210	harbor2	chr15	28557624	28557840	SINE/MIR	541	+	108	28557732	7522
chr15	101876518	102076518	harbor2	chr15	101967621	101967835	SINE/MIR	790	+	107	101967728	91210
chr15	101875496	102075496	harbor2	chr15	101967621	101967835	SINE/MIR	790	+	107	101967728	92232
chr15	41872068	42072068	harbor2	chr15	41913420	41913646	SINE/MIR	424	+	113	41913533	41465
chr15	41872068	42072068	harbor2	chr15	41916307	41916484	SINE/MIR	497	+	88	41916395	44327
chr15	41872068	42072068	harbor2	chr15	41924286	41924546	SINE/MIR	732	+	130	41924416	52348
chr15	41872068	42072068	harbor2	chr15	41936286	41936466	SINE/MIR	641	+	90	41936376	64308
chr15	41872068	42072068	harbor2	chr15	41945832	41946057	SINE/MIR	641	+	112	41945944	73876
chr15	41872068	42072068	harbor2	chr15	41951091	41951301	SINE/MIR	597	+	105	41951196	79128
chr15	74743181	74943181	harbor2	chr15	74762089	74762260	SINE/MIR	488	+	86	74762175	18994
chr15	74743181	74943181	harbor2	chr15	74793535	74793724	SINE/MIR	563	+	94	74793629	50448
chr15	74743181	74943181	harbor2	chr15	74793899	74794098	SINE/MIR	457	+	100	74793999	50818
chr15	74743181	74943181	harbor2	chr15	74801202	74801382	SINE/MIR	498	+	90	74801292	58111
chr15	74743181	74943181	harbor2	chr15	74827332	74827570	SINE/MIR	999	+	119	74827451	84270
chr15	74743181	74943181	harbor2	chr15	74829336	74829435	SINE/MIR	681	+	50	74829386	86205
chr15	74743181	74943181	harbor2	chr15	74829476	74829646	SINE/MIR	681	+	85	74829561	86380
chr15	67424695	67624695	harbor2	chr15	67447033	67447244	SINE/MIR	584	+	106	67447139	22444
chr15	67424695	67624695	harbor2	chr15	67463428	67463612	SINE/MIR	447	+	92	67463520	38825
chr15	67424695	67624695	harbor2	chr15	67506873	67507008	SINE/MIR	430	+	68	67506941	82246
chr15	67424695	67624695	harbor2	chr15	67511813	67512031	SINE/MIR	483	+	109	67511922	87227
chr15	74947209	75147209	harbor2	chr15	74960120	74960272	SINE/MIR	493	+	76	74960196	12987
chr15	74947209	75147209	harbor2	chr15	74964176	74964337	SINE/MIR	736	+	80	74964256	17047
chr15	25339076	25539076	harbor2	chr15	25378975	25379250	SINE/MIR	794	+	138	25379113	40037
chr15	25339076	25539076	harbor2	chr15	25411104	25411302	SINE/MIR	745	+	99	25411203	72127
chr15	35569538	35769538	harbor2	chr15	35620380	35620517	SINE/MIR	468	+	68	35620448	50910
chr15	35569538	35769538	harbor2	chr15	35628701	35628902	SINE/MIR	537	+	100	35628801	59263
chr15	35446697	35646697	harbor2	chr15	35451327	35451504	SINE/MIR	455	+	88	35451415	4718
chr15	35446697	35646697	harbor2	chr15	35457615	35457813	SINE/MIR	674	+	99	35457714	11017
chr15	35446697	35646697	harbor2	chr15	35493952	35494206	SINE/MIR	728	+	127	35494079	47382
chr15	35446697	35646697	harbor2	chr15	35524550	35524670	SINE/MIR	476	+	60	35524610	77913
chr15	96462468	96662468	harbor2	chr15	96462560	96462774	SINE/MIR	627	+	107	96462667	199
chr15	96462468	96662468	harbor2	chr15	96485126	96485340	SINE/MIR	679	+	107	96485233	22765
chr15	96462468	96662468	harbor2	chr15	96553917	96554111	SINE/MIR	424	+	97	96554014	91546
chr15	35446610	35646610	harbor2	chr15	35451327	35451504	SINE/MIR	455	+	88	35451415	4805
chr15	35446610	35646610	harbor2	chr15	35457615	35457813	SINE/MIR	674	+	99	35457714	11104
chr15	35446610	35646610	harbor2	chr15	35493952	35494206	SINE/MIR	728	+	127	35494079	47469
chr15	35446610	35646610	harbor2	chr15	35524550	35524670	SINE/MIR	476	+	60	35524610	78000
chr15	78669137	78869137	harbor2	chr15	78674446	78674590	SINE/MIR	598	+	72	78674518	5381
chr15	78669137	78869137	harbor2	chr15	78707006	78707226	SINE/MIR	819	+	110	78707116	37979
chr15	78669137	78869137	harbor2	chr15	78710833	78710987	SINE/MIR	489	+	77	78710910	41773
chr15	78669137	78869137	harbor2	chr15	78729113	78729300	SINE/MIR	450	+	94	78729207	60070
chr15	78669137	78869137	harbor2	chr15	78733205	78733423	SINE/MIR	480	+	109	78733314	64177
chr15	78669137	78869137	harbor2	chr15	78768509	78768719	SINE/MIR	541	+	105	78768614	99477
chr15	35446521	35646521	harbor2	chr15	35451327	35451504	SINE/MIR	455	+	88	35451415	4894
chr15	35446521	35646521	harbor2	chr15	35457615	35457813	SINE/MIR	674	+	99	35457714	11193
chr15	35446521	35646521	harbor2	chr15	35493952	35494206	SINE/MIR	728	+	127	35494079	47558
chr15	35446521	35646521	harbor2	chr15	35524550	35524670	SINE/MIR	476	+	60	35524610	78089
chr15	38233430	38433430	harbor2	chr15	38238385	38238631	SINE/MIR	799	+	123	38238508	5078
chr15	38233430	38433430	harbor2	chr15	38279572	38279734	SINE/MIR	441	+	81	38279653	46223
chr15	38233430	38433430	harbor2	chr15	38283684	38283832	SINE/MIR	500	+	74	38283758	50328
chr15	35446201	35646201	harbor2	chr15	35451327	35451504	SINE/MIR	455	+	88	35451415	5214
chr15	35446201	35646201	harbor2	chr15	35457615	35457813	SINE/MIR	674	+	99	35457714	11513
chr15	35446201	35646201	harbor2	chr15	35493952	35494206	SINE/MIR	728	+	127	35494079	47878
chr15	35446201	35646201	harbor2	chr15	35524550	35524670	SINE/MIR	476	+	60	35524610	78409
chr15	50808701	51008701	harbor2	chr15	50879087	50879291	SINE/MIR	580	+	102	50879189	70488
chr15	101861525	102061525	harbor2	chr15	101874010	101874141	SINE/MIR	437	+	66	101874076	12551
chr15	67422133	67622133	harbor2	chr15	67447033	67447244	SINE/MIR	584	+	106	67447139	25006
chr15	67422133	67622133	harbor2	chr15	67463428	67463612	SINE/MIR	447	+	92	67463520	41387
chr15	67422133	67622133	harbor2	chr15	67506873	67507008	SINE/MIR	430	+	68	67506941	84808
chr15	67422133	67622133	harbor2	chr15	67511813	67512031	SINE/MIR	483	+	109	67511922	89789
chr15	69999345	70199345	harbor2	chr15	70008134	70008314	SINE/MIR	493	+	90	70008224	8879
chr15	69999345	70199345	harbor2	chr15	70009958	70010164	SINE/MIR	640	+	103	70010061	10716
chr15	69999345	70199345	harbor2	chr15	70011038	70011257	SINE/MIR	692	+	110	70011148	11803
chr15	69999345	70199345	harbor2	chr15	70012107	70012332	SINE/MIR	775	+	112	70012219	12874
chr15	69999345	70199345	harbor2	chr15	70016704	70016948	SINE/MIR	448	+	122	70016826	17481
chr15	69999345	70199345	harbor2	chr15	70031606	70031706	SINE/MIR	455	+	50	70031656	32311
chr15	69999345	70199345	harbor2	chr15	70042950	70043120	SINE/MIR	464	+	85	70043035	43690
chr15	69999345	70199345	harbor2	chr15	70066807	70066982	SINE/MIR	625	+	88	70066895	67550
chr15	69999345	70199345	harbor2	chr15	70081101	70081232	SINE/MIR	571	+	66	70081167	81822
chr15	69999345	70199345	harbor2	chr15	70091005	70091174	SINE/MIR	429	+	84	70091089	91744
chr15	74743183	74943183	harbor2	chr15	74762089	74762260	SINE/MIR	488	+	86	74762175	18992
chr15	74743183	74943183	harbor2	chr15	74793535	74793724	SINE/MIR	563	+	94	74793629	50446
chr15	74743183	74943183	harbor2	chr15	74793899	74794098	SINE/MIR	457	+	100	74793999	50816
chr15	74743183	74943183	harbor2	chr15	74801202	74801382	SINE/MIR	498	+	90	74801292	58109
chr15	74743183	74943183	harbor2	chr15	74827332	74827570	SINE/MIR	999	+	119	74827451	84268
chr15	74743183	74943183	harbor2	chr15	74829336	74829435	SINE/MIR	681	+	50	74829386	86203
chr15	74743183	74943183	harbor2	chr15	74829476	74829646	SINE/MIR	681	+	85	74829561	86378
chr15	35446653	35646653	harbor2	chr15	35451327	35451504	SINE/MIR	455	+	88	35451415	4762
chr15	35446653	35646653	harbor2	chr15	35457615	35457813	SINE/MIR	674	+	99	35457714	11061
chr15	35446653	35646653	harbor2	chr15	35493952	35494206	SINE/MIR	728	+	127	35494079	47426
chr15	35446653	35646653	harbor2	chr15	35524550	35524670	SINE/MIR	476	+	60	35524610	77957
chr15	68720982	68920982	harbor2	chr15	68728672	68728860	SINE/MIR	588	+	94	68728766	7784
chr15	68720982	68920982	harbor2	chr15	68740113	68740287	SINE/MIR	475	+	87	68740200	19218
chr15	68720982	68920982	harbor2	chr15	68772987	68773207	SINE/MIR	689	+	110	68773097	52115
chr15	68720982	68920982	harbor2	chr15	68776952	68777188	SINE/MIR	461	+	118	68777070	56088
chr15	68720982	68920982	harbor2	chr15	68796677	68796873	SINE/MIR	427	+	98	68796775	75793
chr15	68720982	68920982	harbor2	chr15	68801380	68801529	SINE/MIR	510	+	74	68801454	80472
chr15	68720982	68920982	harbor2	chr15	68804263	68804470	SINE/MIR	514	+	104	68804367	83385
chr15	68720982	68920982	harbor2	chr15	68816282	68816523	SINE/MIR	768	+	120	68816402	95420
chr15	72428517	72628517	harbor2	chr15	72455106	72455258	SINE/MIR	531	+	76	72455182	26665
chr15	72428517	72628517	harbor2	chr15	72466489	72466661	SINE/MIR	534	+	86	72466575	38058
chr15	72428517	72628517	harbor2	chr15	72466969	72467020	SINE/MIR	534	+	26	72466995	38478
chr15	72428517	72628517	harbor2	chr15	72508484	72508637	SINE/MIR	547	+	76	72508560	80043
chr15	101862010	102062010	harbor2	chr15	101874010	101874141	SINE/MIR	437	+	66	101874076	12066
chr15	25339116	25539116	harbor2	chr15	25378975	25379250	SINE/MIR	794	+	138	25379113	39997
chr15	25339116	25539116	harbor2	chr15	25411104	25411302	SINE/MIR	745	+	99	25411203	72087
chr15	41521437	41721437	harbor2	chr15	41521325	41521489	SINE/MIR	442	+	82	41521407	30
chr15	41521437	41721437	harbor2	chr15	41533004	41533187	SINE/MIR	511	+	92	41533096	11659
chr15	41521437	41721437	harbor2	chr15	41535789	41536047	SINE/MIR	652	+	129	41535918	14481
chr15	41521437	41721437	harbor2	chr15	41536694	41536815	SINE/MIR	434	+	60	41536754	15317
chr15	41521437	41721437	harbor2	chr15	41542606	41542812	SINE/MIR	643	+	103	41542709	21272
chr15	41521437	41721437	harbor2	chr15	41543094	41543201	SINE/MIR	455	+	54	41543148	21711
chr15	41521437	41721437	harbor2	chr15	41543513	41543657	SINE/MIR	455	+	72	41543585	22148
chr15	41521437	41721437	harbor2	chr15	41577006	41577170	SINE/MIR	522	+	82	41577088	55651
chr15	41521437	41721437	harbor2	chr15	41606356	41606530	SINE/MIR	610	+	87	41606443	85006
chr15	20980576	21180576	harbor2	chr15	20997486	20997725	SINE/MIR	574	+	120	20997606	17030
chr15	20980576	21180576	harbor2	chr15	20997946	20998171	SINE/MIR	486	+	112	20998058	17482
chr15	39197828	39397828	harbor2	chr15	39208461	39208653	SINE/MIR	421	+	96	39208557	10729
chr15	39197828	39397828	harbor2	chr15	39214133	39214384	SINE/MIR	555	+	126	39214259	16431
chr15	39197828	39397828	harbor2	chr15	39241465	39241664	SINE/MIR	664	+	100	39241565	43737
chr15	39197828	39397828	harbor2	chr15	39296274	39296452	SINE/MIR	582	+	89	39296363	98535
chr15	29169893	29369893	harbor2	chr15	29175127	29175365	SINE/MIR	748	+	119	29175246	5353
chr15	35569564	35769564	harbor2	chr15	35620380	35620517	SINE/MIR	468	+	68	35620448	50884
chr15	35569564	35769564	harbor2	chr15	35628701	35628902	SINE/MIR	537	+	100	35628801	59237
chr15	63405661	63605661	harbor2	chr15	63431125	63431366	SINE/MIR	770	+	120	63431245	25584
chr15	63405661	63605661	harbor2	chr15	63446587	63446795	SINE/MIR	581	+	104	63446691	41030
chr15	63405661	63605661	harbor2	chr15	63453891	63454097	SINE/MIR	516	+	103	63453994	48333
chr15	63405661	63605661	harbor2	chr15	63456409	63456542	SINE/MIR	511	+	66	63456475	50814
chr15	63405661	63605661	harbor2	chr15	63469114	63469293	SINE/MIR	499	+	90	63469204	63543
chr15	63405661	63605661	harbor2	chr15	63488183	63488354	SINE/MIR	480	+	86	63488269	82608
chr15	63405661	63605661	harbor2	chr15	63495287	63495531	SINE/MIR	616	+	122	63495409	89748
chr15	37063889	37263889	harbor2	chr15	37127892	37128027	SINE/MIR	442	+	68	37127960	64071
chr15	48389932	48589932	harbor2	chr15	48392938	48393161	SINE/MIR	581	+	112	48393050	3118
chr15	48389932	48589932	harbor2	chr15	48399612	48399792	SINE/MIR	537	+	90	48399702	9770
chr15	48389932	48589932	harbor2	chr15	48458965	48459109	SINE/MIR	694	+	72	48459037	69105
chr15	64052241	64252241	harbor2	chr15	64082814	64082919	SINE/MIR	442	+	52	64082866	30625
chr15	64052241	64252241	harbor2	chr15	64088347	64088578	SINE/MIR	802	+	116	64088463	36222
chr15	64052241	64252241	harbor2	chr15	64099138	64099350	SINE/MIR	579	+	106	64099244	47003
chr15	67428161	67628161	harbor2	chr15	67447033	67447244	SINE/MIR	584	+	106	67447139	18978
chr15	67428161	67628161	harbor2	chr15	67463428	67463612	SINE/MIR	447	+	92	67463520	35359
chr15	67428161	67628161	harbor2	chr15	67506873	67507008	SINE/MIR	430	+	68	67506941	78780
chr15	67428161	67628161	harbor2	chr15	67511813	67512031	SINE/MIR	483	+	109	67511922	83761
chr15	34238104	34438104	harbor2	chr15	34295262	34295412	SINE/MIR	432	+	75	34295337	57233
chr15	34238104	34438104	harbor2	chr15	34308908	34309141	SINE/MIR	527	+	116	34309024	70920
chr15	34238104	34438104	harbor2	chr15	34326974	34327104	SINE/MIR	492	+	65	34327039	88935
chr15	34238104	34438104	harbor2	chr15	34332895	34333016	SINE/MIR	498	+	60	34332955	94851
chr15	35446791	35646791	harbor2	chr15	35451327	35451504	SINE/MIR	455	+	88	35451415	4624
chr15	35446791	35646791	harbor2	chr15	35457615	35457813	SINE/MIR	674	+	99	35457714	10923
chr15	35446791	35646791	harbor2	chr15	35493952	35494206	SINE/MIR	728	+	127	35494079	47288
chr15	35446791	35646791	harbor2	chr15	35524550	35524670	SINE/MIR	476	+	60	35524610	77819
chr15	69199269	69399269	harbor2	chr15	69219515	69219698	SINE/MIR	418	+	92	69219607	20338
chr15	69199269	69399269	harbor2	chr15	69266776	69266988	SINE/MIR	777	+	106	69266882	67613
chr15	69199269	69399269	harbor2	chr15	69267589	69267771	SINE/MIR	621	+	91	69267680	68411
chr15	69199269	69399269	harbor2	chr15	69288876	69289015	SINE/MIR	454	+	70	69288946	89677
chr15	69199269	69399269	harbor2	chr15	69296918	69297047	SINE/MIR	541	+	64	69296982	97713
chr15	69999529	70199529	harbor2	chr15	70008134	70008314	SINE/MIR	493	+	90	70008224	8695
chr15	69999529	70199529	harbor2	chr15	70009958	70010164	SINE/MIR	640	+	103	70010061	10532
chr15	69999529	70199529	harbor2	chr15	70011038	70011257	SINE/MIR	692	+	110	70011148	11619
chr15	69999529	70199529	harbor2	chr15	70012107	70012332	SINE/MIR	775	+	112	70012219	12690
chr15	69999529	70199529	harbor2	chr15	70016704	70016948	SINE/MIR	448	+	122	70016826	17297
chr15	69999529	70199529	harbor2	chr15	70031606	70031706	SINE/MIR	455	+	50	70031656	32127
chr15	69999529	70199529	harbor2	chr15	70042950	70043120	SINE/MIR	464	+	85	70043035	43506
chr15	69999529	70199529	harbor2	chr15	70066807	70066982	SINE/MIR	625	+	88	70066895	67366
chr15	69999529	70199529	harbor2	chr15	70081101	70081232	SINE/MIR	571	+	66	70081167	81638
chr15	69999529	70199529	harbor2	chr15	70091005	70091174	SINE/MIR	429	+	84	70091089	91560
chr15	35616949	35816949	harbor2	chr15	35620380	35620517	SINE/MIR	468	+	68	35620448	3499
chr15	35616949	35816949	harbor2	chr15	35628701	35628902	SINE/MIR	537	+	100	35628801	11852
chr15	35616949	35816949	harbor2	chr15	35670282	35670494	SINE/MIR	473	+	106	35670388	53439
chr15	35616949	35816949	harbor2	chr15	35671432	35671636	SINE/MIR	557	+	102	35671534	54585
chr15	35616949	35816949	harbor2	chr15	35671651	35671765	SINE/MIR	421	+	57	35671708	54759
chr15	35616949	35816949	harbor2	chr15	35700529	35700716	SINE/MIR	574	+	94	35700623	83674
chr15	35616949	35816949	harbor2	chr15	35705100	35705349	SINE/MIR	502	+	124	35705224	88275
chr15	36837616	37037616	harbor2	chr15	36844080	36844269	SINE/MIR	568	+	94	36844174	6558
chr15	36837616	37037616	harbor2	chr15	36901941	36902167	SINE/MIR	705	+	113	36902054	64438
chr15	36837616	37037616	harbor2	chr15	36918233	36918452	SINE/MIR	548	+	110	36918343	80727
chr15	36837616	37037616	harbor2	chr15	36922141	36922366	SINE/MIR	590	+	112	36922253	84637
chr15	100177694	100377694	harbor2	chr15	100185100	100185297	SINE/MIR	746	+	98	100185198	7504
chr15	100177694	100377694	harbor2	chr15	100216017	100216239	SINE/MIR	487	+	111	100216128	38434
chr15	100177694	100377694	harbor2	chr15	100239122	100239276	SINE/MIR	577	+	77	100239199	61505
chr15	79823750	80023750	harbor2	chr15	79858422	79858579	SINE/MIR	483	+	78	79858500	34750
chr15	79823750	80023750	harbor2	chr15	79873188	79873435	SINE/MIR	715	+	124	79873312	49562
chr15	45302521	45502521	harbor2	chr15	45336385	45336629	SINE/MIR	963	+	122	45336507	33986
chr15	45302521	45502521	harbor2	chr15	45391938	45392145	SINE/MIR	978	+	104	45392042	89521
chr15	45302521	45502521	harbor2	chr15	45393277	45393505	SINE/MIR	1013	+	114	45393391	90870
chr15	56979942	57179942	harbor2	chr15	57007500	57007642	SINE/MIR	566	+	71	57007571	27629
chr15	56979942	57179942	harbor2	chr15	57068066	57068303	SINE/MIR	1018	+	118	57068184	88242
chr15	74806668	75006668	harbor2	chr15	74827332	74827570	SINE/MIR	999	+	119	74827451	20783
chr15	74806668	75006668	harbor2	chr15	74829336	74829435	SINE/MIR	681	+	50	74829386	22718
chr15	74806668	75006668	harbor2	chr15	74829476	74829646	SINE/MIR	681	+	85	74829561	22893
chr15	29169897	29369897	harbor2	chr15	29175127	29175365	SINE/MIR	748	+	119	29175246	5349
chr15	71630657	71830657	harbor2	chr15	71631903	71632127	SINE/MIR	693	+	112	71632015	1358
chr15	71630657	71830657	harbor2	chr15	71642969	71643171	SINE/MIR	522	+	101	71643070	12413
chr15	71630657	71830657	harbor2	chr15	71648056	71648247	SINE/MIR	426	+	96	71648152	17495
chr15	71630657	71830657	harbor2	chr15	71680697	71680908	SINE/MIR	773	+	106	71680803	50146
chr15	71630657	71830657	harbor2	chr15	71695756	71695910	SINE/MIR	699	+	77	71695833	65176
chr15	35526392	35726392	harbor2	chr15	35561480	35561647	SINE/MIR	566	+	84	35561564	35172
chr15	35526392	35726392	harbor2	chr15	35562677	35562812	SINE/MIR	433	+	68	35562745	36353
chr15	35526392	35726392	harbor2	chr15	35620380	35620517	SINE/MIR	468	+	68	35620448	94056
chr15	73800179	74000179	harbor2	chr15	73815335	73815489	SINE/MIR	434	+	77	73815412	15233
chr15	73800179	74000179	harbor2	chr15	73848670	73848818	SINE/MIR	458	+	74	73848744	48565
chr15	73800179	74000179	harbor2	chr15	73865638	73865722	SINE/MIR	467	+	42	73865680	65501
chr15	73800179	74000179	harbor2	chr15	73866368	73866492	SINE/MIR	444	+	62	73866430	66251
chr15	73800179	74000179	harbor2	chr15	73876923	73877169	SINE/MIR	834	+	123	73877046	76867
chr15	73800179	74000179	harbor2	chr15	73882561	73882788	SINE/MIR	547	+	114	73882675	82496
chr15	73800179	74000179	harbor2	chr15	73897230	73897392	SINE/MIR	489	+	81	73897311	97132
chr15	101859001	102059001	harbor2	chr15	101874010	101874141	SINE/MIR	437	+	66	101874076	15075
chr15	45487658	45687658	harbor2	chr15	45531521	45531782	SINE/MIR	974	+	130	45531651	43993
chr15	45487658	45687658	harbor2	chr15	45539468	45539637	SINE/MIR	435	+	84	45539552	51894
chr15	73826340	74026340	harbor2	chr15	73848670	73848818	SINE/MIR	458	+	74	73848744	22404
chr15	73826340	74026340	harbor2	chr15	73865638	73865722	SINE/MIR	467	+	42	73865680	39340
chr15	73826340	74026340	harbor2	chr15	73866368	73866492	SINE/MIR	444	+	62	73866430	40090
chr15	73826340	74026340	harbor2	chr15	73876923	73877169	SINE/MIR	834	+	123	73877046	50706
chr15	73826340	74026340	harbor2	chr15	73882561	73882788	SINE/MIR	547	+	114	73882675	56335
chr15	73826340	74026340	harbor2	chr15	73897230	73897392	SINE/MIR	489	+	81	73897311	70971
chr15	73826340	74026340	harbor2	chr15	73908912	73909089	SINE/MIR	608	+	88	73909000	82660
chr15	73826340	74026340	harbor2	chr15	73909380	73909437	SINE/MIR	608	+	28	73909408	83068
chr15	78668235	78868235	harbor2	chr15	78674446	78674590	SINE/MIR	598	+	72	78674518	6283
chr15	78668235	78868235	harbor2	chr15	78707006	78707226	SINE/MIR	819	+	110	78707116	38881
chr15	78668235	78868235	harbor2	chr15	78710833	78710987	SINE/MIR	489	+	77	78710910	42675
chr15	78668235	78868235	harbor2	chr15	78729113	78729300	SINE/MIR	450	+	94	78729207	60972
chr15	78668235	78868235	harbor2	chr15	78733205	78733423	SINE/MIR	480	+	109	78733314	65079
chr15	77545719	77745719	harbor2	chr15	77547193	77547422	SINE/MIR	850	+	114	77547307	1588
chr15	77545719	77745719	harbor2	chr15	77572927	77573153	SINE/MIR	440	+	113	77573040	27321
chr15	77545719	77745719	harbor2	chr15	77591527	77591734	SINE/MIR	731	+	104	77591631	45912
chr15	77545719	77745719	harbor2	chr15	77598996	77599170	SINE/MIR	458	+	87	77599083	53364
chr15	77545719	77745719	harbor2	chr15	77638654	77638785	SINE/MIR	757	+	66	77638720	93001
chr15	77545719	77745719	harbor2	chr15	77639320	77639404	SINE/MIR	757	+	42	77639362	93643
chr15	77545719	77745719	harbor2	chr15	77641865	77642096	SINE/MIR	567	+	116	77641981	96262
chr15	49055735	49255735	harbor2	chr15	49058254	49058455	SINE/MIR	478	+	100	49058354	2619
chr15	49055735	49255735	harbor2	chr15	49067191	49067403	SINE/MIR	556	+	106	49067297	11562
chr15	49055735	49255735	harbor2	chr15	49101227	49101480	SINE/MIR	671	+	126	49101353	45618
chr15	35455037	35655037	harbor2	chr15	35457615	35457813	SINE/MIR	674	+	99	35457714	2677
chr15	35455037	35655037	harbor2	chr15	35493952	35494206	SINE/MIR	728	+	127	35494079	39042
chr15	35455037	35655037	harbor2	chr15	35524550	35524670	SINE/MIR	476	+	60	35524610	69573
chr16	67059907	67259907	harbor2	chr16	67084795	67085033	SINE/MIR	852	+	119	67084914	25007
chr16	58760120	58960120	harbor2	chr16	58791510	58791712	SINE/MIR	564	+	101	58791611	31491
chr16	2665224	2865224	harbor2	chr16	2714472	2714654	SINE/MIR	565	+	91	2714563	49339
chr16	67010338	67210338	harbor2	chr16	67040377	67040572	SINE/MIR	603	+	98	67040475	30137
chr16	67010338	67210338	harbor2	chr16	67084795	67085033	SINE/MIR	852	+	119	67084914	74576
chr16	67009867	67209867	harbor2	chr16	67040377	67040572	SINE/MIR	603	+	98	67040475	30608
chr16	67009867	67209867	harbor2	chr16	67084795	67085033	SINE/MIR	852	+	119	67084914	75047
chr16	53038047	53238047	harbor2	chr16	53068074	53068221	SINE/MIR	555	+	74	53068148	30101
chr16	53038047	53238047	harbor2	chr16	53091234	53091467	SINE/MIR	675	+	116	53091350	53303
chr16	53038047	53238047	harbor2	chr16	53093225	53093427	SINE/MIR	650	+	101	53093326	55279
chr16	4085358	4285358	harbor2	chr16	4134388	4134648	SINE/MIR	886	+	130	4134518	49160
chr16	4017125	4217125	harbor2	chr16	4033742	4033930	SINE/MIR	712	+	94	4033836	16711
chr16	56535582	56735582	harbor2	chr16	56601599	56601814	SINE/MIR	614	+	108	56601707	66125
chr16	56535582	56735582	harbor2	chr16	56604685	56604875	SINE/MIR	695	+	95	56604780	69198
chr16	56535582	56735582	harbor2	chr16	56607882	56608080	SINE/MIR	590	+	99	56607981	72399
chr16	56535582	56735582	harbor2	chr16	56610683	56610837	SINE/MIR	676	+	77	56610760	75178
chr16	56535582	56735582	harbor2	chr16	56611833	56612037	SINE/MIR	574	+	102	56611935	76353
chr16	56535582	56735582	harbor2	chr16	56630415	56630636	SINE/MIR	564	+	110	56630525	94943
chr16	88403178	88603178	harbor2	chr16	88459289	88459486	SINE/MIR	555	+	98	88459387	56209
chr16	12196224	12396224	harbor2	chr16	12200020	12200236	SINE/MIR	566	+	108	12200128	3904
chr16	12196224	12396224	harbor2	chr16	12223097	12223240	SINE/MIR	634	+	72	12223169	26945
chr16	12196224	12396224	harbor2	chr16	12245156	12245387	SINE/MIR	604	+	116	12245272	49048
chr16	12196224	12396224	harbor2	chr16	12249553	12249782	SINE/MIR	582	+	114	12249667	53443
chr16	12196224	12396224	harbor2	chr16	12251088	12251325	SINE/MIR	686	+	118	12251206	54982
chr16	57703638	57903638	harbor2	chr16	57737376	57737586	SINE/MIR	701	+	105	57737481	33843
chr16	57703638	57903638	harbor2	chr16	57776416	57776688	SINE/MIR	732	+	136	57776552	72914
chr16	57703638	57903638	harbor2	chr16	57790520	57790758	SINE/MIR	621	+	119	57790639	87001
chr16	57703638	57903638	harbor2	chr16	57800912	57801103	SINE/MIR	664	+	96	57801008	97370
chr16	30330225	30530225	harbor2	chr16	30365837	30366034	SINE/MIR	611	+	98	30365935	35710
chr16	30330225	30530225	harbor2	chr16	30409813	30410049	SINE/MIR	930	+	118	30409931	79706
chr16	30330225	30530225	harbor2	chr16	30412829	30413075	SINE/MIR	708	+	123	30412952	82727
chr16	1892491	2092491	harbor2	chr16	1991586	1991797	SINE/MIR	602	+	106	1991692	99201
chr16	31115740	31315740	harbor2	chr16	31124191	31124359	SINE/MIR	633	+	84	31124275	8535
chr16	31115740	31315740	harbor2	chr16	31125210	31125251	SINE/MIR	633	+	20	31125230	9490
chr16	31115740	31315740	harbor2	chr16	31128961	31129213	SINE/MIR	595	+	126	31129087	13347
chr16	31042566	31242566	harbor2	chr16	31067391	31067592	SINE/MIR	759	+	100	31067491	24925
chr16	31042566	31242566	harbor2	chr16	31089891	31090069	SINE/MIR	609	+	89	31089980	47414
chr16	31042566	31242566	harbor2	chr16	31090380	31090423	SINE/MIR	609	+	22	31090402	47836
chr16	31042566	31242566	harbor2	chr16	31124191	31124359	SINE/MIR	633	+	84	31124275	81709
chr16	31042566	31242566	harbor2	chr16	31125210	31125251	SINE/MIR	633	+	20	31125230	82664
chr16	31042566	31242566	harbor2	chr16	31128961	31129213	SINE/MIR	595	+	126	31129087	86521
chr16	57884872	58084872	harbor2	chr16	57906122	57906334	SINE/MIR	563	+	106	57906228	21356
chr16	57884872	58084872	harbor2	chr16	57914900	57915049	SINE/MIR	648	+	74	57914974	30102
chr16	57884872	58084872	harbor2	chr16	57968094	57968215	SINE/MIR	795	+	60	57968154	83282
chr16	57884872	58084872	harbor2	chr16	57968521	57968582	SINE/MIR	795	+	30	57968551	83679
chr16	85109928	85309928	harbor2	chr16	85119502	85119604	SINE/MIR	563	+	51	85119553	9625
chr16	85109928	85309928	harbor2	chr16	85119911	85119991	SINE/MIR	563	+	40	85119951	10023
chr16	85109928	85309928	harbor2	chr16	85159691	85159899	SINE/MIR	770	+	104	85159795	49867
chr16	85109928	85309928	harbor2	chr16	85192222	85192427	SINE/MIR	651	+	102	85192324	82396
chr16	66929017	67129017	harbor2	chr16	66978339	66978513	SINE/MIR	566	+	87	66978426	49409
chr16	57885293	58085293	harbor2	chr16	57906122	57906334	SINE/MIR	563	+	106	57906228	20935
chr16	57885293	58085293	harbor2	chr16	57914900	57915049	SINE/MIR	648	+	74	57914974	29681
chr16	57885293	58085293	harbor2	chr16	57968094	57968215	SINE/MIR	795	+	60	57968154	82861
chr16	57885293	58085293	harbor2	chr16	57968521	57968582	SINE/MIR	795	+	30	57968551	83258
chr16	56836588	57036588	harbor2	chr16	56869000	56869225	SINE/MIR	637	+	112	56869112	32524
chr16	56836588	57036588	harbor2	chr16	56875248	56875433	SINE/MIR	646	+	92	56875340	38752
chr16	56836588	57036588	harbor2	chr16	56880753	56880915	SINE/MIR	594	+	81	56880834	44246
chr16	57884864	58084864	harbor2	chr16	57906122	57906334	SINE/MIR	563	+	106	57906228	21364
chr16	57884864	58084864	harbor2	chr16	57914900	57915049	SINE/MIR	648	+	74	57914974	30110
chr16	57884864	58084864	harbor2	chr16	57968094	57968215	SINE/MIR	795	+	60	57968154	83290
chr16	57884864	58084864	harbor2	chr16	57968521	57968582	SINE/MIR	795	+	30	57968551	83687
chr16	30330344	30530344	harbor2	chr16	30365837	30366034	SINE/MIR	611	+	98	30365935	35591
chr16	30330344	30530344	harbor2	chr16	30409813	30410049	SINE/MIR	930	+	118	30409931	79587
chr16	30330344	30530344	harbor2	chr16	30412829	30413075	SINE/MIR	708	+	123	30412952	82608
chr16	57885269	58085269	harbor2	chr16	57906122	57906334	SINE/MIR	563	+	106	57906228	20959
chr16	57885269	58085269	harbor2	chr16	57914900	57915049	SINE/MIR	648	+	74	57914974	29705
chr16	57885269	58085269	harbor2	chr16	57968094	57968215	SINE/MIR	795	+	60	57968154	82885
chr16	57885269	58085269	harbor2	chr16	57968521	57968582	SINE/MIR	795	+	30	57968551	83282
chr16	47360971	47560971	harbor2	chr16	47405591	47405760	SINE/MIR	652	+	84	47405675	44704
chr16	14268480	14468480	harbor2	chr16	14313426	14313674	SINE/MIR	719	+	124	14313550	45070
chr16	66222805	66422805	harbor2	chr16	66225281	66225448	SINE/MIR	614	+	84	66225365	2560
chr16	66222805	66422805	harbor2	chr16	66239917	66240135	SINE/MIR	602	+	109	66240026	17221
chr16	66222805	66422805	harbor2	chr16	66241410	66241578	SINE/MIR	658	+	84	66241494	18689
chr16	66222805	66422805	harbor2	chr16	66251376	66251614	SINE/MIR	615	+	119	66251495	28690
chr16	66222805	66422805	harbor2	chr16	66261692	66261910	SINE/MIR	708	+	109	66261801	38996
chr16	67980152	68180152	harbor2	chr16	68049789	68050030	SINE/MIR	833	+	120	68049909	69757
chr16	67980152	68180152	harbor2	chr16	68055472	68055713	SINE/MIR	754	+	120	68055592	75440
chr16	67980152	68180152	harbor2	chr16	68068365	68068571	SINE/MIR	776	+	103	68068468	88316
chr16	4084908	4284908	harbor2	chr16	4134388	4134648	SINE/MIR	886	+	130	4134518	49610
chr16	67010349	67210349	harbor2	chr16	67040377	67040572	SINE/MIR	603	+	98	67040475	30126
chr16	67010349	67210349	harbor2	chr16	67084795	67085033	SINE/MIR	852	+	119	67084914	74565
chr16	12056811	12256811	harbor2	chr16	12094027	12094202	SINE/MIR	656	+	88	12094115	37304
chr16	12056811	12256811	harbor2	chr16	12119725	12119951	SINE/MIR	590	+	113	12119838	63027
chr16	12056811	12256811	harbor2	chr16	12149556	12149795	SINE/MIR	726	+	120	12149676	92865
chr16	56508531	56708531	harbor2	chr16	56601599	56601814	SINE/MIR	614	+	108	56601707	93176
chr16	56508531	56708531	harbor2	chr16	56604685	56604875	SINE/MIR	695	+	95	56604780	96249
chr16	56508531	56708531	harbor2	chr16	56607882	56608080	SINE/MIR	590	+	99	56607981	99450
chr16	4084077	4284077	harbor2	chr16	4134388	4134648	SINE/MIR	886	+	130	4134518	50441
chr16	31042549	31242549	harbor2	chr16	31067391	31067592	SINE/MIR	759	+	100	31067491	24942
chr16	31042549	31242549	harbor2	chr16	31089891	31090069	SINE/MIR	609	+	89	31089980	47431
chr16	31042549	31242549	harbor2	chr16	31090380	31090423	SINE/MIR	609	+	22	31090402	47853
chr16	31042549	31242549	harbor2	chr16	31124191	31124359	SINE/MIR	633	+	84	31124275	81726
chr16	31042549	31242549	harbor2	chr16	31125210	31125251	SINE/MIR	633	+	20	31125230	82681
chr16	31042549	31242549	harbor2	chr16	31128961	31129213	SINE/MIR	595	+	126	31129087	86538
chr16	57891927	58091927	harbor2	chr16	57906122	57906334	SINE/MIR	563	+	106	57906228	14301
chr16	57891927	58091927	harbor2	chr16	57914900	57915049	SINE/MIR	648	+	74	57914974	23047
chr16	57891927	58091927	harbor2	chr16	57968094	57968215	SINE/MIR	795	+	60	57968154	76227
chr16	57891927	58091927	harbor2	chr16	57968521	57968582	SINE/MIR	795	+	30	57968551	76624
chr16	4085175	4285175	harbor2	chr16	4134388	4134648	SINE/MIR	886	+	130	4134518	49343
chr16	56536591	56736591	harbor2	chr16	56601599	56601814	SINE/MIR	614	+	108	56601707	65116
chr16	56536591	56736591	harbor2	chr16	56604685	56604875	SINE/MIR	695	+	95	56604780	68189
chr16	56536591	56736591	harbor2	chr16	56607882	56608080	SINE/MIR	590	+	99	56607981	71390
chr16	56536591	56736591	harbor2	chr16	56610683	56610837	SINE/MIR	676	+	77	56610760	74169
chr16	56536591	56736591	harbor2	chr16	56611833	56612037	SINE/MIR	574	+	102	56611935	75344
chr16	56536591	56736591	harbor2	chr16	56630415	56630636	SINE/MIR	564	+	110	56630525	93934
chr16	57884877	58084877	harbor2	chr16	57906122	57906334	SINE/MIR	563	+	106	57906228	21351
chr16	57884877	58084877	harbor2	chr16	57914900	57915049	SINE/MIR	648	+	74	57914974	30097
chr16	57884877	58084877	harbor2	chr16	57968094	57968215	SINE/MIR	795	+	60	57968154	83277
chr16	57884877	58084877	harbor2	chr16	57968521	57968582	SINE/MIR	795	+	30	57968551	83674
chr16	31042564	31242564	harbor2	chr16	31067391	31067592	SINE/MIR	759	+	100	31067491	24927
chr16	31042564	31242564	harbor2	chr16	31089891	31090069	SINE/MIR	609	+	89	31089980	47416
chr16	31042564	31242564	harbor2	chr16	31090380	31090423	SINE/MIR	609	+	22	31090402	47838
chr16	31042564	31242564	harbor2	chr16	31124191	31124359	SINE/MIR	633	+	84	31124275	81711
chr16	31042564	31242564	harbor2	chr16	31125210	31125251	SINE/MIR	633	+	20	31125230	82666
chr16	31042564	31242564	harbor2	chr16	31128961	31129213	SINE/MIR	595	+	126	31129087	86523
chr16	71270097	71470097	harbor2	chr16	71313059	71313314	SINE/MIR	643	+	128	71313187	43090
chr16	71270097	71470097	harbor2	chr16	71315974	71316186	SINE/MIR	598	+	106	71316080	45983
chr16	71270097	71470097	harbor2	chr16	71321392	71321616	SINE/MIR	702	+	112	71321504	51407
chr16	71270097	71470097	harbor2	chr16	71327725	71327946	SINE/MIR	646	+	110	71327835	57738
chr16	4998410	5198410	harbor2	chr16	5017987	5018229	SINE/MIR	962	+	121	5018108	19698
chr16	67010382	67210382	harbor2	chr16	67040377	67040572	SINE/MIR	603	+	98	67040475	30093
chr16	67010382	67210382	harbor2	chr16	67084795	67085033	SINE/MIR	852	+	119	67084914	74532
chr16	56837249	57037249	harbor2	chr16	56869000	56869225	SINE/MIR	637	+	112	56869112	31863
chr16	56837249	57037249	harbor2	chr16	56875248	56875433	SINE/MIR	646	+	92	56875340	38091
chr16	56837249	57037249	harbor2	chr16	56880753	56880915	SINE/MIR	594	+	81	56880834	43585
chr16	56831966	57031966	harbor2	chr16	56869000	56869225	SINE/MIR	637	+	112	56869112	37146
chr16	56831966	57031966	harbor2	chr16	56875248	56875433	SINE/MIR	646	+	92	56875340	43374
chr16	56831966	57031966	harbor2	chr16	56880753	56880915	SINE/MIR	594	+	81	56880834	48868
chr16	1909537	2109537	harbor2	chr16	1991586	1991797	SINE/MIR	602	+	106	1991692	82155
chr16	2502166	2702166	harbor2	chr16	2549999	2550230	SINE/MIR	602	+	116	2550115	47949
chr16	67010350	67210350	harbor2	chr16	67040377	67040572	SINE/MIR	603	+	98	67040475	30125
chr16	67010350	67210350	harbor2	chr16	67084795	67085033	SINE/MIR	852	+	119	67084914	74564
chr16	2687897	2887897	harbor2	chr16	2714472	2714654	SINE/MIR	565	+	91	2714563	26666
chr16	2687897	2887897	harbor2	chr16	2782469	2782651	SINE/MIR	572	+	91	2782560	94663
chr16	30330346	30530346	harbor2	chr16	30365837	30366034	SINE/MIR	611	+	98	30365935	35589
chr16	30330346	30530346	harbor2	chr16	30409813	30410049	SINE/MIR	930	+	118	30409931	79585
chr16	30330346	30530346	harbor2	chr16	30412829	30413075	SINE/MIR	708	+	123	30412952	82606
chr16	49757847	49957847	harbor2	chr16	49786657	49786804	SINE/MIR	689	+	74	49786731	28884
chr16	49757847	49957847	harbor2	chr16	49787016	49787120	SINE/MIR	689	+	52	49787068	29221
chr16	49757847	49957847	harbor2	chr16	49790667	49790909	SINE/MIR	770	+	121	49790788	32941
chr16	49757847	49957847	harbor2	chr16	49838247	49838460	SINE/MIR	793	+	106	49838353	80506
chr16	82831292	83031292	harbor2	chr16	82857127	82857344	SINE/MIR	602	+	108	82857235	25943
chr16	82831292	83031292	harbor2	chr16	82883852	82884089	SINE/MIR	728	+	118	82883970	52678
chr16	82831292	83031292	harbor2	chr16	82885682	82885938	SINE/MIR	721	+	128	82885810	54518
chr16	82831292	83031292	harbor2	chr16	82892065	82892289	SINE/MIR	739	+	112	82892177	60885
chr16	57892529	58092529	harbor2	chr16	57906122	57906334	SINE/MIR	563	+	106	57906228	13699
chr16	57892529	58092529	harbor2	chr16	57914900	57915049	SINE/MIR	648	+	74	57914974	22445
chr16	57892529	58092529	harbor2	chr16	57968094	57968215	SINE/MIR	795	+	60	57968154	75625
chr16	57892529	58092529	harbor2	chr16	57968521	57968582	SINE/MIR	795	+	30	57968551	76022
chr16	47360977	47560977	harbor2	chr16	47405591	47405760	SINE/MIR	652	+	84	47405675	44698
chr16	69105091	69305091	harbor2	chr16	69130507	69130698	SINE/MIR	565	+	96	69130603	25512
chr16	4085109	4285109	harbor2	chr16	4134388	4134648	SINE/MIR	886	+	130	4134518	49409
chr16	86769708	86969708	harbor2	chr16	86825740	86825951	SINE/MIR	657	+	106	86825846	56138
chr16	67033235	67233235	harbor2	chr16	67040377	67040572	SINE/MIR	603	+	98	67040475	7240
chr16	67033235	67233235	harbor2	chr16	67084795	67085033	SINE/MIR	852	+	119	67084914	51679
chr16	75364243	75564243	harbor2	chr16	75388039	75388301	SINE/MIR	841	+	131	75388170	23927
chr16	67399527	67599527	harbor2	chr16	67404630	67404827	SINE/MIR	648	+	98	67404728	5201
chr16	67399527	67599527	harbor2	chr16	67441627	67441821	SINE/MIR	573	+	97	67441724	42197
chr16	49564186	49764186	harbor2	chr16	49569426	49569678	SINE/MIR	616	+	126	49569552	5366
chr16	49564186	49764186	harbor2	chr16	49598167	49598398	SINE/MIR	767	+	116	49598283	34097
chr16	49564186	49764186	harbor2	chr16	49601194	49601444	SINE/MIR	842	+	125	49601319	37133
chr16	49564186	49764186	harbor2	chr16	49661792	49662007	SINE/MIR	560	+	108	49661900	97714
chr17	79703259	79903259	harbor2	chr17	79742596	79742835	SINE/MIR	600	+	120	79742716	39457
chr17	79703259	79903259	harbor2	chr17	79802292	79802529	SINE/MIR	820	+	118	79802410	99151
chr17	57541742	57741742	harbor2	chr17	57561914	57562119	SINE/MIR	643	+	102	57562016	20274
chr17	7475157	7675157	harbor2	chr17	7476902	7477155	SINE/MIR	849	+	126	7477028	1871
chr17	63524434	63724434	harbor2	chr17	63554557	63554762	SINE/MIR	677	+	102	63554659	30225
chr17	63524434	63724434	harbor2	chr17	63588723	63588915	SINE/MIR	624	+	96	63588819	64385
chr17	63524434	63724434	harbor2	chr17	63614697	63614908	SINE/MIR	930	+	106	63614803	90369
chr17	79533790	79733790	harbor2	chr17	79555006	79555254	SINE/MIR	783	+	124	79555130	21340
chr17	68099330	68299330	harbor2	chr17	68131924	68132141	SINE/MIR	678	+	108	68132032	32702
chr17	79696192	79896192	harbor2	chr17	79742596	79742835	SINE/MIR	600	+	120	79742716	46524
chr17	36848807	37048807	harbor2	chr17	36857493	36857697	SINE/MIR	932	+	102	36857595	8788
chr17	36848807	37048807	harbor2	chr17	36857701	36857906	SINE/MIR	901	+	102	36857803	8996
chr17	36848807	37048807	harbor2	chr17	36858728	36858966	SINE/MIR	670	+	119	36858847	10040
chr17	36848807	37048807	harbor2	chr17	36877626	36877840	SINE/MIR	616	+	107	36877733	28926
chr17	36848807	37048807	harbor2	chr17	36881303	36881448	SINE/MIR	685	+	72	36881375	32568
chr17	36848807	37048807	harbor2	chr17	36910630	36910838	SINE/MIR	836	+	104	36910734	61927
chr17	36848807	37048807	harbor2	chr17	36922298	36922534	SINE/MIR	667	+	118	36922416	73609
chr17	7462624	7662624	harbor2	chr17	7471661	7471782	SINE/MIR	652	+	60	7471721	9097
chr17	7462624	7662624	harbor2	chr17	7476902	7477155	SINE/MIR	849	+	126	7477028	14404
chr17	44254078	44454078	harbor2	chr17	44267206	44267447	SINE/MIR	1136	+	120	44267326	13248
chr17	44254078	44454078	harbor2	chr17	44286904	44287160	SINE/MIR	922	+	128	44287032	32954
chr17	33328761	33528761	harbor2	chr17	33344466	33344668	SINE/MIR	599	+	101	33344567	15806
chr17	33328761	33528761	harbor2	chr17	33379186	33379373	SINE/MIR	649	+	94	33379280	50519
chr17	33328761	33528761	harbor2	chr17	33384938	33385177	SINE/MIR	711	+	120	33385058	56297
chr17	33328761	33528761	harbor2	chr17	33393850	33394107	SINE/MIR	608	+	128	33393978	65217
chr17	33328761	33528761	harbor2	chr17	33406465	33406689	SINE/MIR	751	+	112	33406577	77816
chr17	7832177	8032177	harbor2	chr17	7837552	7837772	SINE/MIR	786	+	110	7837662	5485
chr17	7832177	8032177	harbor2	chr17	7840990	7841231	SINE/MIR	817	+	120	7841110	8933
chr17	7832177	8032177	harbor2	chr17	7871218	7871403	SINE/MIR	657	+	92	7871310	39133
chr17	7832177	8032177	harbor2	chr17	7890010	7890148	SINE/MIR	702	+	69	7890079	57902
chr17	7832177	8032177	harbor2	chr17	7890453	7890558	SINE/MIR	702	+	52	7890505	58328
chr17	7832177	8032177	harbor2	chr17	7891915	7892147	SINE/MIR	630	+	116	7892031	59854
chr17	7832177	8032177	harbor2	chr17	7917100	7917334	SINE/MIR	735	+	117	7917217	85040
chr17	18021809	18221809	harbor2	chr17	18099199	18099394	SINE/MIR	667	+	98	18099297	77488
chr17	3792936	3992936	harbor2	chr17	3835884	3836120	SINE/MIR	697	+	118	3836002	43066
chr17	3792936	3992936	harbor2	chr17	3838634	3838885	SINE/MIR	670	+	126	3838760	45824
chr17	3792936	3992936	harbor2	chr17	3847442	3847666	SINE/MIR	622	+	112	3847554	54618
chr17	7473235	7673235	harbor2	chr17	7476902	7477155	SINE/MIR	849	+	126	7477028	3793
chr17	79720491	79920491	harbor2	chr17	79742596	79742835	SINE/MIR	600	+	120	79742716	22225
chr17	79720491	79920491	harbor2	chr17	79802292	79802529	SINE/MIR	820	+	118	79802410	81919
chr17	76637927	76837927	harbor2	chr17	76642262	76642471	SINE/MIR	701	+	104	76642366	4439
chr17	992084	1192084	harbor2	chr17	1068764	1068964	SINE/MIR	637	+	100	1068864	76780
chr17	992084	1192084	harbor2	chr17	1070232	1070425	SINE/MIR	610	+	96	1070328	78244
chr17	7463026	7663026	harbor2	chr17	7471661	7471782	SINE/MIR	652	+	60	7471721	8695
chr17	7463026	7663026	harbor2	chr17	7476902	7477155	SINE/MIR	849	+	126	7477028	14002
chr17	79703204	79903204	harbor2	chr17	79742596	79742835	SINE/MIR	600	+	120	79742716	39512
chr17	79703204	79903204	harbor2	chr17	79802292	79802529	SINE/MIR	820	+	118	79802410	99206
chr17	76638000	76838000	harbor2	chr17	76642262	76642471	SINE/MIR	701	+	104	76642366	4366
chr17	44256569	44456569	harbor2	chr17	44267206	44267447	SINE/MIR	1136	+	120	44267326	10757
chr17	44256569	44456569	harbor2	chr17	44286904	44287160	SINE/MIR	922	+	128	44287032	30463
chr17	7687290	7887290	harbor2	chr17	7704567	7704803	SINE/MIR	638	+	118	7704685	17395
chr17	7687290	7887290	harbor2	chr17	7740119	7740327	SINE/MIR	804	+	104	7740223	52933
chr17	79709040	79909040	harbor2	chr17	79742596	79742835	SINE/MIR	600	+	120	79742716	33676
chr17	79709040	79909040	harbor2	chr17	79802292	79802529	SINE/MIR	820	+	118	79802410	93370
chr17	50068224	50268224	harbor2	chr17	50114884	50115108	SINE/MIR	607	+	112	50114996	46772
chr17	50068224	50268224	harbor2	chr17	50121788	50122024	SINE/MIR	798	+	118	50121906	53682
chr17	50068224	50268224	harbor2	chr17	50124454	50124693	SINE/MIR	689	+	120	50124574	56350
chr17	50068224	50268224	harbor2	chr17	50164723	50164888	SINE/MIR	619	+	82	50164805	96581
chr17	7461749	7661749	harbor2	chr17	7471661	7471782	SINE/MIR	652	+	60	7471721	9972
chr17	7461749	7661749	harbor2	chr17	7476902	7477155	SINE/MIR	849	+	126	7477028	15279
chr17	7461773	7661773	harbor2	chr17	7471661	7471782	SINE/MIR	652	+	60	7471721	9948
chr17	7461773	7661773	harbor2	chr17	7476902	7477155	SINE/MIR	849	+	126	7477028	15255
chr17	79354447	79554447	harbor2	chr17	79375834	79376039	SINE/MIR	788	+	102	79375936	21489
chr17	79703986	79903986	harbor2	chr17	79742596	79742835	SINE/MIR	600	+	120	79742716	38730
chr17	79703986	79903986	harbor2	chr17	79802292	79802529	SINE/MIR	820	+	118	79802410	98424
chr17	33193427	33393427	harbor2	chr17	33225298	33225489	SINE/MIR	950	+	96	33225394	31967
chr17	33193427	33393427	harbor2	chr17	33257809	33258038	SINE/MIR	682	+	114	33257923	64496
chr17	76485855	76685855	harbor2	chr17	76545548	76545784	SINE/MIR	667	+	118	76545666	59811
chr17	76485855	76685855	harbor2	chr17	76554769	76554903	SINE/MIR	906	+	67	76554836	68981
chr17	76485855	76685855	harbor2	chr17	76555754	76555856	SINE/MIR	906	+	51	76555805	69950
chr17	76485855	76685855	harbor2	chr17	76579520	76579548	SINE/MIR	599	+	14	76579534	93679
chr17	76485855	76685855	harbor2	chr17	76579941	76580130	SINE/MIR	599	+	94	76580035	94180
chr17	49774727	49974727	harbor2	chr17	49847444	49847666	SINE/MIR	765	+	111	49847555	72828
chr17	76637998	76837998	harbor2	chr17	76642262	76642471	SINE/MIR	701	+	104	76642366	4368
chr17	61827976	62027976	harbor2	chr17	61836891	61837077	SINE/MIR	769	+	93	61836984	9008
chr17	61827976	62027976	harbor2	chr17	61870828	61871058	SINE/MIR	1041	+	115	61870943	42967
chr17	7463028	7663028	harbor2	chr17	7471661	7471782	SINE/MIR	652	+	60	7471721	8693
chr17	7463028	7663028	harbor2	chr17	7476902	7477155	SINE/MIR	849	+	126	7477028	14000
chr17	76637250	76837250	harbor2	chr17	76642262	76642471	SINE/MIR	701	+	104	76642366	5116
chr17	79705231	79905231	harbor2	chr17	79742596	79742835	SINE/MIR	600	+	120	79742716	37485
chr17	79705231	79905231	harbor2	chr17	79802292	79802529	SINE/MIR	820	+	118	79802410	97179
chr17	33193168	33393168	harbor2	chr17	33225298	33225489	SINE/MIR	950	+	96	33225394	32226
chr17	33193168	33393168	harbor2	chr17	33257809	33258038	SINE/MIR	682	+	114	33257923	64755
chr17	28320288	28520288	harbor2	chr17	28342667	28342825	SINE/MIR	628	+	79	28342746	22458
chr17	28320288	28520288	harbor2	chr17	28377174	28377304	SINE/MIR	597	+	65	28377239	56951
chr17	28320288	28520288	harbor2	chr17	28389127	28389359	SINE/MIR	640	+	116	28389243	68955
chr17	7474761	7674761	harbor2	chr17	7476902	7477155	SINE/MIR	849	+	126	7477028	2267
chr17	68036281	68236281	harbor2	chr17	68057697	68057922	SINE/MIR	724	+	112	68057809	21528
chr17	68036281	68236281	harbor2	chr17	68131924	68132141	SINE/MIR	678	+	108	68132032	95751
chr17	9859773	10059773	harbor2	chr17	9921631	9921677	SINE/MIR	779	+	23	9921654	61881
chr17	9859773	10059773	harbor2	chr17	9921977	9922184	SINE/MIR	779	+	104	9922081	62308
chr17	1663508	1863508	harbor2	chr17	1736955	1737150	SINE/MIR	717	+	98	1737053	73545
chr17	991175	1191175	harbor2	chr17	1068764	1068964	SINE/MIR	637	+	100	1068864	77689
chr17	991175	1191175	harbor2	chr17	1070232	1070425	SINE/MIR	610	+	96	1070328	79153
chr17	39497259	39697259	harbor2	chr17	39557799	39558041	SINE/MIR	930	+	121	39557920	60661
chr17	79738369	79938369	harbor2	chr17	79742596	79742835	SINE/MIR	600	+	120	79742716	4347
chr17	79738369	79938369	harbor2	chr17	79802292	79802529	SINE/MIR	820	+	118	79802410	64041
chr17	79738369	79938369	harbor2	chr17	79828907	79829121	SINE/MIR	649	+	107	79829014	90645
chr17	69432886	69632886	harbor2	chr17	69442745	69442934	SINE/MIR	616	+	94	69442839	9953
chr17	69432886	69632886	harbor2	chr17	69449080	69449252	SINE/MIR	791	+	86	69449166	16280
chr17	39657906	39857906	harbor2	chr17	39676646	39676834	SINE/MIR	795	+	94	39676740	18834
chr17	39657906	39857906	harbor2	chr17	39681247	39681398	SINE/MIR	722	+	76	39681323	23417
chr17	39657906	39857906	harbor2	chr17	39682456	39682539	SINE/MIR	722	+	42	39682498	24592
chr17	39657906	39857906	harbor2	chr17	39687123	39687337	SINE/MIR	655	+	107	39687230	29324
chr17	39657906	39857906	harbor2	chr17	39710642	39710885	SINE/MIR	1068	+	122	39710764	52858
chr17	39657906	39857906	harbor2	chr17	39711625	39711839	SINE/MIR	610	+	107	39711732	53826
chr17	39657906	39857906	harbor2	chr17	39714347	39714604	SINE/MIR	1034	+	128	39714475	56569
chr17	79301313	79501313	harbor2	chr17	79375834	79376039	SINE/MIR	788	+	102	79375936	74623
chr17	79690066	79890066	harbor2	chr17	79742596	79742835	SINE/MIR	600	+	120	79742716	52650
chr17	76637984	76837984	harbor2	chr17	76642262	76642471	SINE/MIR	701	+	104	76642366	4382
chr17	79702898	79902898	harbor2	chr17	79742596	79742835	SINE/MIR	600	+	120	79742716	39818
chr17	79702898	79902898	harbor2	chr17	79802292	79802529	SINE/MIR	820	+	118	79802410	99512
chr17	2838078	3038078	harbor2	chr17	2886865	2887045	SINE/MIR	794	+	90	2886955	48877
chr17	2838078	3038078	harbor2	chr17	2895331	2895540	SINE/MIR	667	+	104	2895435	57357
chr17	2838639	3038639	harbor2	chr17	2886865	2887045	SINE/MIR	794	+	90	2886955	48316
chr17	2838639	3038639	harbor2	chr17	2895331	2895540	SINE/MIR	667	+	104	2895435	56796
chr17	7758049	7958049	harbor2	chr17	7837552	7837772	SINE/MIR	786	+	110	7837662	79613
chr17	7758049	7958049	harbor2	chr17	7840990	7841231	SINE/MIR	817	+	120	7841110	83061
chr17	76638206	76838206	harbor2	chr17	76642262	76642471	SINE/MIR	701	+	104	76642366	4160
chr17	7461827	7661827	harbor2	chr17	7471661	7471782	SINE/MIR	652	+	60	7471721	9894
chr17	7461827	7661827	harbor2	chr17	7476902	7477155	SINE/MIR	849	+	126	7477028	15201
chr17	32776669	32976669	harbor2	chr17	32818612	32818798	SINE/MIR	675	+	93	32818705	42036
chr17	31389658	31589658	harbor2	chr17	31396368	31396502	SINE/MIR	609	+	67	31396435	6777
chr17	31389658	31589658	harbor2	chr17	31404388	31404530	SINE/MIR	678	+	71	31404459	14801
chr17	31389658	31589658	harbor2	chr17	31425049	31425290	SINE/MIR	945	+	120	31425169	35511
chr17	31389658	31589658	harbor2	chr17	31453387	31453580	SINE/MIR	645	+	96	31453483	63825
chr17	31389658	31589658	harbor2	chr17	31466248	31466481	SINE/MIR	667	+	116	31466364	76706
chr17	31389658	31589658	harbor2	chr17	31477755	31477973	SINE/MIR	1134	+	109	31477864	88206
chr17	40257161	40457161	harbor2	chr17	40286563	40286796	SINE/MIR	823	+	116	40286679	29518
chr17	40257161	40457161	harbor2	chr17	40289034	40289248	SINE/MIR	649	+	107	40289141	31980
chr17	28851871	29051871	harbor2	chr17	28901752	28901919	SINE/MIR	734	+	84	28901836	49965
chr17	76638125	76838125	harbor2	chr17	76642262	76642471	SINE/MIR	701	+	104	76642366	4241
chr17	40547830	40747830	harbor2	chr17	40548195	40548416	SINE/MIR	616	+	110	40548305	475
chr17	40547830	40747830	harbor2	chr17	40622082	40622200	SINE/MIR	637	+	59	40622141	74311
chr17	75415680	75615680	harbor2	chr17	75505283	75505519	SINE/MIR	620	+	118	75505401	89721
chr17	2902561	3102561	harbor2	chr17	2965162	2965368	SINE/MIR	718	+	103	2965265	62704
chr17	2902561	3102561	harbor2	chr17	2992800	2992928	SINE/MIR	661	+	64	2992864	90303
chr17	2902561	3102561	harbor2	chr17	2993235	2993291	SINE/MIR	661	+	28	2993263	90702
chr17	2902561	3102561	harbor2	chr17	2993603	2993641	SINE/MIR	661	+	19	2993622	91061
chr17	60049882	60249882	harbor2	chr17	60090537	60090777	SINE/MIR	630	+	120	60090657	40775
chr17	60049882	60249882	harbor2	chr17	60104789	60105009	SINE/MIR	735	+	110	60104899	55017
chr17	79703218	79903218	harbor2	chr17	79742596	79742835	SINE/MIR	600	+	120	79742716	39498
chr17	79703218	79903218	harbor2	chr17	79802292	79802529	SINE/MIR	820	+	118	79802410	99192
chr17	39843014	40043014	harbor2	chr17	39932037	39932341	SINE/MIR	747	+	152	39932189	89175
chr17	1548913	1748913	harbor2	chr17	1566022	1566226	SINE/MIR	676	+	102	1566124	17211
chr17	27992414	28192414	harbor2	chr17	28023723	28023833	SINE/MIR	679	+	55	28023778	31364
chr17	27992414	28192414	harbor2	chr17	28024147	28024253	SINE/MIR	679	+	53	28024200	31786
chr17	27992414	28192414	harbor2	chr17	28047032	28047207	SINE/MIR	770	+	88	28047120	54706
chr17	27992414	28192414	harbor2	chr17	28064711	28064942	SINE/MIR	817	+	116	28064827	72413
chr17	17872744	18072744	harbor2	chr17	17907801	17908040	SINE/MIR	935	+	120	17907921	35177
chr17	17872744	18072744	harbor2	chr17	17922534	17922755	SINE/MIR	614	+	110	17922644	49900
chr17	17872744	18072744	harbor2	chr17	17942295	17942536	SINE/MIR	646	+	120	17942415	69671
chr17	17872744	18072744	harbor2	chr17	17965576	17965802	SINE/MIR	819	+	113	17965689	92945
chr17	7464666	7664666	harbor2	chr17	7471661	7471782	SINE/MIR	652	+	60	7471721	7055
chr17	7464666	7664666	harbor2	chr17	7476902	7477155	SINE/MIR	849	+	126	7477028	12362
chr17	79837474	80037474	harbor2	chr17	79855082	79855297	SINE/MIR	631	+	108	79855190	17716
chr17	79301315	79501315	harbor2	chr17	79375834	79376039	SINE/MIR	788	+	102	79375936	74621
chr17	61281405	61481405	harbor2	chr17	61305372	61305611	SINE/MIR	682	+	120	61305492	24087
chr17	61281405	61481405	harbor2	chr17	61310885	61311139	SINE/MIR	839	+	127	61311012	29607
chr17	61281405	61481405	harbor2	chr17	61355491	61355743	SINE/MIR	644	+	126	61355617	74212
chr17	47912946	48112946	harbor2	chr17	47924592	47924830	SINE/MIR	838	+	119	47924711	11765
chr17	7472460	7672460	harbor2	chr17	7476902	7477155	SINE/MIR	849	+	126	7477028	4568
chr17	76638040	76838040	harbor2	chr17	76642262	76642471	SINE/MIR	701	+	104	76642366	4326
chr17	76637975	76837975	harbor2	chr17	76642262	76642471	SINE/MIR	701	+	104	76642366	4391
chr17	7461796	7661796	harbor2	chr17	7471661	7471782	SINE/MIR	652	+	60	7471721	9925
chr17	7461796	7661796	harbor2	chr17	7476902	7477155	SINE/MIR	849	+	126	7477028	15232
chr17	63512433	63712433	harbor2	chr17	63554557	63554762	SINE/MIR	677	+	102	63554659	42226
chr17	63512433	63712433	harbor2	chr17	63588723	63588915	SINE/MIR	624	+	96	63588819	76386
chr17	79284967	79484967	harbor2	chr17	79375834	79376039	SINE/MIR	788	+	102	79375936	90969
chr17	7472419	7672419	harbor2	chr17	7476902	7477155	SINE/MIR	849	+	126	7477028	4609
chr17	63601376	63801376	harbor2	chr17	63614697	63614908	SINE/MIR	930	+	106	63614803	13427
chr17	63601376	63801376	harbor2	chr17	63643920	63644155	SINE/MIR	815	+	118	63644038	42662
chr17	61309671	61509671	harbor2	chr17	61310885	61311139	SINE/MIR	839	+	127	61311012	1341
chr17	61309671	61509671	harbor2	chr17	61355491	61355743	SINE/MIR	644	+	126	61355617	45946
chr17	1000805	1200805	harbor2	chr17	1068764	1068964	SINE/MIR	637	+	100	1068864	68059
chr17	1000805	1200805	harbor2	chr17	1070232	1070425	SINE/MIR	610	+	96	1070328	69523
chr17	44677505	44877505	harbor2	chr17	44768452	44768667	SINE/MIR	782	+	108	44768560	91055
chr17	7618194	7818194	harbor2	chr17	7704567	7704803	SINE/MIR	638	+	118	7704685	86491
chr17	62850959	63050959	harbor2	chr17	62920730	62920976	SINE/MIR	686	+	123	62920853	69894
chr17	79703385	79903385	harbor2	chr17	79742596	79742835	SINE/MIR	600	+	120	79742716	39331
chr17	79703385	79903385	harbor2	chr17	79802292	79802529	SINE/MIR	820	+	118	79802410	99025
chr17	79703205	79903205	harbor2	chr17	79742596	79742835	SINE/MIR	600	+	120	79742716	39511
chr17	79703205	79903205	harbor2	chr17	79802292	79802529	SINE/MIR	820	+	118	79802410	99205
chr17	76637901	76837901	harbor2	chr17	76642262	76642471	SINE/MIR	701	+	104	76642366	4465
chr17	81179270	81379270	harbor2	chr17	81273309	81273485	SINE/MIR	640	+	88	81273397	94127
chr17	57768134	57968134	harbor2	chr17	57855985	57856119	SINE/MIR	600	+	67	57856052	87918
chr17	1529289	1729289	harbor2	chr17	1566022	1566226	SINE/MIR	676	+	102	1566124	36835
chr17	7472691	7672691	harbor2	chr17	7476902	7477155	SINE/MIR	849	+	126	7477028	4337
chr17	48652372	48852372	harbor2	chr17	48678861	48679010	SINE/MIR	606	+	74	48678935	26563
chr17	76485858	76685858	harbor2	chr17	76545548	76545784	SINE/MIR	667	+	118	76545666	59808
chr17	76485858	76685858	harbor2	chr17	76554769	76554903	SINE/MIR	906	+	67	76554836	68978
chr17	76485858	76685858	harbor2	chr17	76555754	76555856	SINE/MIR	906	+	51	76555805	69947
chr17	76485858	76685858	harbor2	chr17	76579520	76579548	SINE/MIR	599	+	14	76579534	93676
chr17	76485858	76685858	harbor2	chr17	76579941	76580130	SINE/MIR	599	+	94	76580035	94177
chr17	8344316	8544316	harbor2	chr17	8395287	8395495	SINE/MIR	813	+	104	8395391	51075
chr17	8344316	8544316	harbor2	chr17	8400808	8400966	SINE/MIR	678	+	79	8400887	56571
chr17	8344316	8544316	harbor2	chr17	8410986	8411162	SINE/MIR	821	+	88	8411074	66758
chr17	8344316	8544316	harbor2	chr17	8420133	8420274	SINE/MIR	662	+	70	8420203	75887
chr17	8344316	8544316	harbor2	chr17	8431549	8431774	SINE/MIR	595	+	112	8431661	87345
chr17	8926421	9126421	harbor2	chr17	8993241	8993442	SINE/MIR	752	+	100	8993341	66920
chr17	8926421	9126421	harbor2	chr17	8994898	8995171	SINE/MIR	799	+	136	8995034	68613
chr17	8926421	9126421	harbor2	chr17	9014877	9015113	SINE/MIR	792	+	118	9014995	88574
chr17	7465556	7665556	harbor2	chr17	7471661	7471782	SINE/MIR	652	+	60	7471721	6165
chr17	7465556	7665556	harbor2	chr17	7476902	7477155	SINE/MIR	849	+	126	7477028	11472
chr17	47195622	47395622	harbor2	chr17	47239411	47239562	SINE/MIR	600	+	76	47239487	43865
chr17	76637232	76837232	harbor2	chr17	76642262	76642471	SINE/MIR	701	+	104	76642366	5134
chr17	44456186	44656186	harbor2	chr17	44500183	44500383	SINE/MIR	635	+	100	44500283	44097
chr17	8376092	8576092	harbor2	chr17	8395287	8395495	SINE/MIR	813	+	104	8395391	19299
chr17	8376092	8576092	harbor2	chr17	8400808	8400966	SINE/MIR	678	+	79	8400887	24795
chr17	8376092	8576092	harbor2	chr17	8410986	8411162	SINE/MIR	821	+	88	8411074	34982
chr17	8376092	8576092	harbor2	chr17	8420133	8420274	SINE/MIR	662	+	70	8420203	44111
chr17	8376092	8576092	harbor2	chr17	8431549	8431774	SINE/MIR	595	+	112	8431661	55569
chr18	26129359	26329359	harbor2	chr18	26153657	26153872	SINE/MIR	616	+	108	26153765	24406
chr18	26129359	26329359	harbor2	chr18	26177066	26177172	SINE/MIR	710	+	53	26177119	47760
chr18	26129359	26329359	harbor2	chr18	26177386	26177531	SINE/MIR	710	+	72	26177458	48099
chr18	26129359	26329359	harbor2	chr18	26180827	26181051	SINE/MIR	504	+	112	26180939	51580
chr18	26126451	26326451	harbor2	chr18	26153657	26153872	SINE/MIR	616	+	108	26153765	27314
chr18	26126451	26326451	harbor2	chr18	26177066	26177172	SINE/MIR	710	+	53	26177119	50668
chr18	26126451	26326451	harbor2	chr18	26177386	26177531	SINE/MIR	710	+	72	26177458	51007
chr18	26126451	26326451	harbor2	chr18	26180827	26181051	SINE/MIR	504	+	112	26180939	54488
chr18	76341268	76541268	harbor2	chr18	76353927	76354171	SINE/MIR	523	+	122	76354049	12781
chr18	26128509	26328509	harbor2	chr18	26153657	26153872	SINE/MIR	616	+	108	26153765	25256
chr18	26128509	26328509	harbor2	chr18	26177066	26177172	SINE/MIR	710	+	53	26177119	48610
chr18	26128509	26328509	harbor2	chr18	26177386	26177531	SINE/MIR	710	+	72	26177458	48949
chr18	26128509	26328509	harbor2	chr18	26180827	26181051	SINE/MIR	504	+	112	26180939	52430
chr18	26126452	26326452	harbor2	chr18	26153657	26153872	SINE/MIR	616	+	108	26153765	27313
chr18	26126452	26326452	harbor2	chr18	26177066	26177172	SINE/MIR	710	+	53	26177119	50667
chr18	26126452	26326452	harbor2	chr18	26177386	26177531	SINE/MIR	710	+	72	26177458	51006
chr18	26126452	26326452	harbor2	chr18	26180827	26181051	SINE/MIR	504	+	112	26180939	54487
chr18	26128609	26328609	harbor2	chr18	26153657	26153872	SINE/MIR	616	+	108	26153765	25156
chr18	26128609	26328609	harbor2	chr18	26177066	26177172	SINE/MIR	710	+	53	26177119	48510
chr18	26128609	26328609	harbor2	chr18	26177386	26177531	SINE/MIR	710	+	72	26177458	48849
chr18	26128609	26328609	harbor2	chr18	26180827	26181051	SINE/MIR	504	+	112	26180939	52330
chr18	26126723	26326723	harbor2	chr18	26153657	26153872	SINE/MIR	616	+	108	26153765	27042
chr18	26126723	26326723	harbor2	chr18	26177066	26177172	SINE/MIR	710	+	53	26177119	50396
chr18	26126723	26326723	harbor2	chr18	26177386	26177531	SINE/MIR	710	+	72	26177458	50735
chr18	26126723	26326723	harbor2	chr18	26180827	26181051	SINE/MIR	504	+	112	26180939	54216
chr18	37466535	37666535	harbor2	chr18	37481833	37482039	SINE/MIR	686	+	103	37481936	15401
chr18	37466535	37666535	harbor2	chr18	37505630	37505838	SINE/MIR	564	+	104	37505734	39199
chr18	37466535	37666535	harbor2	chr18	37529108	37529243	SINE/MIR	534	+	68	37529176	62641
chr18	37466535	37666535	harbor2	chr18	37542477	37542714	SINE/MIR	563	+	118	37542595	76060
chr18	26127358	26327358	harbor2	chr18	26153657	26153872	SINE/MIR	616	+	108	26153765	26407
chr18	26127358	26327358	harbor2	chr18	26177066	26177172	SINE/MIR	710	+	53	26177119	49761
chr18	26127358	26327358	harbor2	chr18	26177386	26177531	SINE/MIR	710	+	72	26177458	50100
chr18	26127358	26327358	harbor2	chr18	26180827	26181051	SINE/MIR	504	+	112	26180939	53581
chr18	12848395	13048395	harbor2	chr18	12927192	12927395	SINE/MIR	650	+	102	12927294	78899
chr18	57458489	57658489	harbor2	chr18	57464058	57464251	SINE/MIR	562	+	96	57464154	5665
chr18	76338499	76538499	harbor2	chr18	76353927	76354171	SINE/MIR	523	+	122	76354049	15550
chr18	12277008	12477008	harbor2	chr18	12312360	12312570	SINE/MIR	645	+	105	12312465	35457
chr18	63267857	63467857	harbor2	chr18	63280188	63280404	SINE/MIR	892	+	108	63280296	12439
chr18	63267857	63467857	harbor2	chr18	63326228	63326415	SINE/MIR	569	+	94	63326322	58465
chr18	74439385	74639385	harbor2	chr18	74453774	74453971	SINE/MIR	654	+	98	74453872	14487
chr18	65788461	65988461	harbor2	chr18	65794747	65794980	SINE/MIR	538	+	116	65794863	6402
chr18	26155998	26355998	harbor2	chr18	26177066	26177172	SINE/MIR	710	+	53	26177119	21121
chr18	26155998	26355998	harbor2	chr18	26177386	26177531	SINE/MIR	710	+	72	26177458	21460
chr18	26155998	26355998	harbor2	chr18	26180827	26181051	SINE/MIR	504	+	112	26180939	24941
chr18	24500243	24700243	harbor2	chr18	24545822	24546087	SINE/MIR	556	+	132	24545954	45711
chr18	24500243	24700243	harbor2	chr18	24569437	24569679	SINE/MIR	707	+	121	24569558	69315
chr18	24500243	24700243	harbor2	chr18	24580772	24581012	SINE/MIR	929	+	120	24580892	80649
chr18	26127435	26327435	harbor2	chr18	26153657	26153872	SINE/MIR	616	+	108	26153765	26330
chr18	26127435	26327435	harbor2	chr18	26177066	26177172	SINE/MIR	710	+	53	26177119	49684
chr18	26127435	26327435	harbor2	chr18	26177386	26177531	SINE/MIR	710	+	72	26177458	50023
chr18	26127435	26327435	harbor2	chr18	26180827	26181051	SINE/MIR	504	+	112	26180939	53504
chr18	27134071	27334071	harbor2	chr18	27136558	27136687	SINE/MIR	542	+	64	27136622	2551
chr18	27134071	27334071	harbor2	chr18	27140153	27140383	SINE/MIR	624	+	115	27140268	6197
chr18	27134071	27334071	harbor2	chr18	27154690	27154800	SINE/MIR	764	+	55	27154745	20674
chr18	27134071	27334071	harbor2	chr18	27155110	27155241	SINE/MIR	764	+	66	27155176	21105
chr18	27134071	27334071	harbor2	chr18	27180617	27180782	SINE/MIR	577	+	82	27180699	46628
chr18	63860473	64060473	harbor2	chr18	63866713	63866879	SINE/MIR	496	+	83	63866796	6323
chr18	63860473	64060473	harbor2	chr18	63889899	63890087	SINE/MIR	758	+	94	63889993	29520
chr18	63860473	64060473	harbor2	chr18	63893559	63893778	SINE/MIR	666	+	110	63893669	33196
chr18	63860473	64060473	harbor2	chr18	63904494	63904746	SINE/MIR	609	+	126	63904620	44147
chr18	62778589	62978589	harbor2	chr18	62781031	62781227	SINE/MIR	564	+	98	62781129	2540
chr18	62778589	62978589	harbor2	chr18	62854643	62854693	SINE/MIR	539	+	25	62854668	76079
chr18	62778589	62978589	harbor2	chr18	62854997	62855186	SINE/MIR	539	+	94	62855091	76502
chr19	17680051	17880051	harbor2	chr19	17773178	17773385	SINE/MIR	706	+	104	17773282	93231
chr19	10189600	10389600	harbor2	chr19	10216117	10216303	SINE/MIR	812	+	93	10216210	26610
chr19	35168139	35368139	harbor2	chr19	35214589	35214829	SINE/MIR	634	+	120	35214709	46570
chr19	35168139	35368139	harbor2	chr19	35214843	35214945	SINE/MIR	870	+	51	35214894	46755
chr19	35168139	35368139	harbor2	chr19	35215468	35215618	SINE/MIR	870	+	75	35215543	47404
chr19	10235172	10435172	harbor2	chr19	10327596	10327759	SINE/MIR	661	+	82	10327678	92506
chr19	45369318	45569318	harbor2	chr19	45464444	45464654	SINE/MIR	727	+	105	45464549	95231
chr19	49290589	49490589	harbor2	chr19	49359638	49359772	SINE/MIR	653	+	67	49359705	69116
chr19	10618443	10818443	harbor2	chr19	10628762	10628934	SINE/MIR	744	+	86	10628848	10405
chr19	16057311	16257311	harbor2	chr19	16060864	16061116	SINE/MIR	896	+	126	16060990	3679
chr19	16057311	16257311	harbor2	chr19	16085589	16085775	SINE/MIR	831	+	93	16085682	28371
chr19	10236130	10436130	harbor2	chr19	10327596	10327759	SINE/MIR	661	+	82	10327678	91548
chr19	48865235	49065235	harbor2	chr19	48910707	48910954	SINE/MIR	821	+	124	48910831	45596
chr19	50588275	50788275	harbor2	chr19	50636573	50636785	SINE/MIR	660	+	106	50636679	48404
chr19	50588275	50788275	harbor2	chr19	50652859	50653025	SINE/MIR	634	+	83	50652942	64667
chr19	50588275	50788275	harbor2	chr19	50653339	50653399	SINE/MIR	634	+	30	50653369	65094
chr19	42117803	42317803	harbor2	chr19	42158399	42158629	SINE/MIR	784	+	115	42158514	40711
chr19	42117803	42317803	harbor2	chr19	42165609	42165800	SINE/MIR	690	+	96	42165705	47902
chr19	42117803	42317803	harbor2	chr19	42191834	42192052	SINE/MIR	758	+	109	42191943	74140
chr19	51470868	51670868	harbor2	chr19	51490045	51490270	SINE/MIR	656	+	112	51490157	19289
chr19	10618435	10818435	harbor2	chr19	10628762	10628934	SINE/MIR	744	+	86	10628848	10413
chr19	10618491	10818491	harbor2	chr19	10628762	10628934	SINE/MIR	744	+	86	10628848	10357
chr19	45895387	46095387	harbor2	chr19	45901057	45901254	SINE/MIR	707	+	98	45901155	5768
chr19	45895387	46095387	harbor2	chr19	45947901	45948061	SINE/MIR	671	+	80	45947981	52594
chr19	45895387	46095387	harbor2	chr19	45965744	45965945	SINE/MIR	730	+	100	45965844	70457
chr19	45895387	46095387	harbor2	chr19	45970050	45970233	SINE/MIR	800	+	92	45970142	74755
chr19	45895387	46095387	harbor2	chr19	45983826	45983976	SINE/MIR	635	+	75	45983901	88514
chr19	10619540	10819540	harbor2	chr19	10628762	10628934	SINE/MIR	744	+	86	10628848	9308
chr19	10196062	10396062	harbor2	chr19	10216117	10216303	SINE/MIR	812	+	93	10216210	20148
chr19	31411850	31611850	harbor2	chr19	31440814	31441007	SINE/MIR	672	+	96	31440910	29060
chr19	8412222	8612222	harbor2	chr19	8483269	8483487	SINE/MIR	719	+	109	8483378	71156
chr19	10236105	10436105	harbor2	chr19	10327596	10327759	SINE/MIR	661	+	82	10327678	91573
chr19	48095517	48295517	harbor2	chr19	48174183	48174430	SINE/MIR	727	+	124	48174307	78790
chr19	48095517	48295517	harbor2	chr19	48191847	48192085	SINE/MIR	713	+	119	48191966	96449
chr19	41881856	42081856	harbor2	chr19	41891201	41891278	SINE/MIR	712	+	38	41891239	9383
chr19	41881856	42081856	harbor2	chr19	41891584	41891727	SINE/MIR	712	+	72	41891656	9800
chr19	41689213	41889213	harbor2	chr19	41765107	41765323	SINE/MIR	704	+	108	41765215	76002
chr19	10152211	10352211	harbor2	chr19	10216117	10216303	SINE/MIR	812	+	93	10216210	63999
chr19	38799487	38999487	harbor2	chr19	38820409	38820631	SINE/MIR	706	+	111	38820520	21033
chr19	38799487	38999487	harbor2	chr19	38879748	38879810	SINE/MIR	702	+	31	38879779	80292
chr19	38799487	38999487	harbor2	chr19	38880125	38880272	SINE/MIR	702	+	74	38880199	80712
chr19	38799487	38999487	harbor2	chr19	38891015	38891249	SINE/MIR	688	+	117	38891132	91645
chr19	50172311	50372311	harbor2	chr19	50199790	50199985	SINE/MIR	825	+	98	50199888	27577
chr19	50172311	50372311	harbor2	chr19	50202867	50203117	SINE/MIR	683	+	125	50202992	30681
chr19	50172311	50372311	harbor2	chr19	50227739	50227979	SINE/MIR	665	+	120	50227859	55548
chr19	49292104	49492104	harbor2	chr19	49359638	49359772	SINE/MIR	653	+	67	49359705	67601
chr19	10618409	10818409	harbor2	chr19	10628762	10628934	SINE/MIR	744	+	86	10628848	10439
chr19	39408221	39608221	harbor2	chr19	39457068	39457299	SINE/MIR	650	+	116	39457184	48963
chr19	45717307	45917307	harbor2	chr19	45729557	45729806	SINE/MIR	962	+	124	45729681	12374
chr19	57180316	57380316	harbor2	chr19	57247400	57247598	SINE/MIR	674	+	99	57247499	67183
chr19	10619009	10819009	harbor2	chr19	10628762	10628934	SINE/MIR	744	+	86	10628848	9839
chr19	3323755	3523755	harbor2	chr19	3357487	3357644	SINE/MIR	663	+	78	3357565	33810
chr19	57180327	57380327	harbor2	chr19	57247400	57247598	SINE/MIR	674	+	99	57247499	67172
chr19	42234251	42434251	harbor2	chr19	42271228	42271482	SINE/MIR	1043	+	127	42271355	37104
chr19	42234251	42434251	harbor2	chr19	42319155	42319409	SINE/MIR	899	+	127	42319282	85031
chr19	10235180	10435180	harbor2	chr19	10327596	10327759	SINE/MIR	661	+	82	10327678	92498
chr19	10628021	10828021	harbor2	chr19	10628762	10628934	SINE/MIR	744	+	86	10628848	827
chr19	10619476	10819476	harbor2	chr19	10628762	10628934	SINE/MIR	744	+	86	10628848	9372
chr19	33077036	33277036	harbor2	chr19	33098508	33098755	SINE/MIR	815	+	124	33098632	21596
chr19	39746502	39946502	harbor2	chr19	39759765	39759936	SINE/MIR	652	+	86	39759851	13349
chr19	39746502	39946502	harbor2	chr19	39773787	39774025	SINE/MIR	764	+	119	39773906	27404
chr19	39746502	39946502	harbor2	chr19	39795248	39795444	SINE/MIR	677	+	98	39795346	48844
chr19	39746502	39946502	harbor2	chr19	39814995	39815232	SINE/MIR	699	+	118	39815113	68611
chr19	48648417	48848417	harbor2	chr19	48674986	48675150	SINE/MIR	673	+	82	48675068	26651
chr19	35168137	35368137	harbor2	chr19	35214589	35214829	SINE/MIR	634	+	120	35214709	46572
chr19	35168137	35368137	harbor2	chr19	35214843	35214945	SINE/MIR	870	+	51	35214894	46757
chr19	35168137	35368137	harbor2	chr19	35215468	35215618	SINE/MIR	870	+	75	35215543	47406
chr19	10235300	10435300	harbor2	chr19	10327596	10327759	SINE/MIR	661	+	82	10327678	92378
chr19	36015441	36215441	harbor2	chr19	36056694	36056801	SINE/MIR	833	+	54	36056748	41307
chr19	36015441	36215441	harbor2	chr19	36057115	36057279	SINE/MIR	833	+	82	36057197	41756
chr19	10257907	10457907	harbor2	chr19	10327596	10327759	SINE/MIR	661	+	82	10327678	69771
chr19	45378520	45578520	harbor2	chr19	45464444	45464654	SINE/MIR	727	+	105	45464549	86029
chr19	28840757	29040757	harbor2	chr19	28893432	28893664	SINE/MIR	751	+	116	28893548	52791
chr19	28840757	29040757	harbor2	chr19	28901819	28902062	SINE/MIR	729	+	122	28901941	61184
chr19	10236165	10436165	harbor2	chr19	10327596	10327759	SINE/MIR	661	+	82	10327678	91513
chr19	10235181	10435181	harbor2	chr19	10327596	10327759	SINE/MIR	661	+	82	10327678	92497
chr19	44976314	45176314	harbor2	chr19	45003554	45003813	SINE/MIR	633	+	130	45003684	27370
chr19	44976314	45176314	harbor2	chr19	45030884	45031081	SINE/MIR	681	+	98	45030982	54668
chr19	23929751	24129751	harbor2	chr19	23934648	23934855	SINE/MIR	648	+	104	23934752	5001
chr19	39309648	39509648	harbor2	chr19	39309849	39309946	SINE/MIR	819	+	48	39309897	249
chr19	39309648	39509648	harbor2	chr19	39310257	39310363	SINE/MIR	819	+	53	39310310	662
chr19	39309648	39509648	harbor2	chr19	39316018	39316255	SINE/MIR	896	+	118	39316136	6488
chr19	39309648	39509648	harbor2	chr19	39317609	39317807	SINE/MIR	871	+	99	39317708	8060
chr19	39309648	39509648	harbor2	chr19	39346735	39346961	SINE/MIR	764	+	113	39346848	37200
chr19	43363366	43563366	harbor2	chr19	43433770	43433902	SINE/MIR	905	+	66	43433836	70470
chr19	43363366	43563366	harbor2	chr19	43434210	43434287	SINE/MIR	905	+	38	43434248	70882
chr19	43363366	43563366	harbor2	chr19	43458633	43458973	SINE/MIR	878	+	170	43458803	95437
chr19	47128861	47328861	harbor2	chr19	47138346	47138506	SINE/MIR	755	+	80	47138426	9565
chr19	3288000	3488000	harbor2	chr19	3357487	3357644	SINE/MIR	663	+	78	3357565	69565
chr19	7669079	7869079	harbor2	chr19	7704751	7704962	SINE/MIR	686	+	106	7704857	35778
chr19	7669079	7869079	harbor2	chr19	7762578	7762812	SINE/MIR	703	+	117	7762695	93616
chr19	50233658	50433658	harbor2	chr19	50273927	50274148	SINE/MIR	700	+	110	50274037	40379
chr19	10235970	10435970	harbor2	chr19	10327596	10327759	SINE/MIR	661	+	82	10327678	91708
chr19	45208744	45408744	harbor2	chr19	45263415	45263461	SINE/MIR	648	+	23	45263438	54694
chr19	45208744	45408744	harbor2	chr19	45263764	45263927	SINE/MIR	648	+	82	45263846	55102
chr19	45208744	45408744	harbor2	chr19	45275638	45275857	SINE/MIR	666	+	110	45275748	67004
chr19	45208744	45408744	harbor2	chr19	45298358	45298585	SINE/MIR	839	+	114	45298472	89728
chr19	55516374	55716374	harbor2	chr19	55520245	55520481	SINE/MIR	660	+	118	55520363	3989
chr19	55516374	55716374	harbor2	chr19	55520761	55520960	SINE/MIR	757	+	100	55520861	4487
chr19	55516374	55716374	harbor2	chr19	55560568	55560756	SINE/MIR	891	+	94	55560662	44288
chr19	10265059	10465059	harbor2	chr19	10327596	10327759	SINE/MIR	661	+	82	10327678	62619
chr19	51511611	51711611	harbor2	chr19	51592208	51592450	SINE/MIR	659	+	121	51592329	80718
chr19	10235869	10435869	harbor2	chr19	10327596	10327759	SINE/MIR	661	+	82	10327678	91809
chr19	48865977	49065977	harbor2	chr19	48910707	48910954	SINE/MIR	821	+	124	48910831	44854
chr19	10619538	10819538	harbor2	chr19	10628762	10628934	SINE/MIR	744	+	86	10628848	9310
chr19	7800272	8000272	harbor2	chr19	7809651	7809822	SINE/MIR	748	+	86	7809737	9465
chr19	33076627	33276627	harbor2	chr19	33098508	33098755	SINE/MIR	815	+	124	33098632	22005
chr19	45692525	45892525	harbor2	chr19	45702016	45702166	SINE/MIR	631	+	75	45702091	9566
chr19	45692525	45892525	harbor2	chr19	45729557	45729806	SINE/MIR	962	+	124	45729681	37156
chr19	10233269	10433269	harbor2	chr19	10327596	10327759	SINE/MIR	661	+	82	10327678	94409
chr19	40420024	40620024	harbor2	chr19	40422296	40422458	SINE/MIR	656	+	81	40422377	2353
chr19	10235910	10435910	harbor2	chr19	10327596	10327759	SINE/MIR	661	+	82	10327678	91768
chr19	43619638	43819638	harbor2	chr19	43673766	43673965	SINE/MIR	659	+	100	43673866	54228
chr19	43619638	43819638	harbor2	chr19	43674281	43674333	SINE/MIR	659	+	26	43674307	54669
chr19	43619638	43819638	harbor2	chr19	43686798	43687013	SINE/MIR	846	+	108	43686906	67268
chr19	43619638	43819638	harbor2	chr19	43698225	43698362	SINE/MIR	671	+	68	43698293	78655
chr19	43619638	43819638	harbor2	chr19	43703755	43703832	SINE/MIR	631	+	38	43703793	84155
chr19	43619638	43819638	harbor2	chr19	43704151	43704334	SINE/MIR	631	+	92	43704243	84605
chr19	11477538	11677538	harbor2	chr19	11497352	11497578	SINE/MIR	714	+	113	11497465	19927
chr19	45385922	45585922	harbor2	chr19	45464444	45464654	SINE/MIR	727	+	105	45464549	78627
chr19	10618715	10818715	harbor2	chr19	10628762	10628934	SINE/MIR	744	+	86	10628848	10133
chr19	45692441	45892441	harbor2	chr19	45702016	45702166	SINE/MIR	631	+	75	45702091	9650
chr19	45692441	45892441	harbor2	chr19	45729557	45729806	SINE/MIR	962	+	124	45729681	37240
chr19	45399374	45599374	harbor2	chr19	45464444	45464654	SINE/MIR	727	+	105	45464549	65175
chr19	10618444	10818444	harbor2	chr19	10628762	10628934	SINE/MIR	744	+	86	10628848	10404
chr19	10189388	10389388	harbor2	chr19	10216117	10216303	SINE/MIR	812	+	93	10216210	26822
chr19	10618446	10818446	harbor2	chr19	10628762	10628934	SINE/MIR	744	+	86	10628848	10402
chr20	2847793	3047793	harbor2	chr20	2890300	2890515	SINE/MIR	543	+	108	2890408	42615
chr20	2847793	3047793	harbor2	chr20	2902914	2903041	SINE/MIR	982	+	64	2902978	55185
chr20	2847793	3047793	harbor2	chr20	2903278	2903376	SINE/MIR	982	+	49	2903327	55534
chr20	2847793	3047793	harbor2	chr20	2918797	2919050	SINE/MIR	578	+	126	2918923	71130
chr20	21818051	22018051	harbor2	chr20	21822251	21822488	SINE/MIR	623	+	118	21822369	4318
chr20	21818051	22018051	harbor2	chr20	21836879	21837140	SINE/MIR	504	+	130	21837009	18958
chr20	2740607	2940607	harbor2	chr20	2807501	2807681	SINE/MIR	524	+	90	2807591	66984
chr20	62119278	62319278	harbor2	chr20	62186174	62186310	SINE/MIR	509	+	68	62186242	66964
chr20	31622896	31822896	harbor2	chr20	31685561	31685721	SINE/MIR	457	+	80	31685641	62745
chr20	31622896	31822896	harbor2	chr20	31686873	31687035	SINE/MIR	484	+	81	31686954	64058
chr20	31622896	31822896	harbor2	chr20	31687170	31687233	SINE/MIR	484	+	32	31687202	64306
chr20	31622896	31822896	harbor2	chr20	31687877	31688113	SINE/MIR	601	+	118	31687995	65099
chr20	31622896	31822896	harbor2	chr20	31699637	31699888	SINE/MIR	734	+	126	31699763	76867
chr20	31622896	31822896	harbor2	chr20	31705074	31705247	SINE/MIR	621	+	86	31705160	82264
chr20	31622896	31822896	harbor2	chr20	31710971	31711189	SINE/MIR	489	+	109	31711080	88184
chr20	31622896	31822896	harbor2	chr20	31711874	31712035	SINE/MIR	534	+	80	31711954	89058
chr20	31622896	31822896	harbor2	chr20	31712280	31712481	SINE/MIR	1095	+	100	31712380	89484
chr20	31622896	31822896	harbor2	chr20	31713860	31714061	SINE/MIR	672	+	100	31713960	91064
chr20	10574519	10774519	harbor2	chr20	10634061	10634241	SINE/MIR	610	+	90	10634151	59632
chr20	61877898	62077898	harbor2	chr20	61916292	61916496	SINE/MIR	481	+	102	61916394	38496
chr20	34725531	34925531	harbor2	chr20	34731383	34731614	SINE/MIR	700	+	116	34731499	5968
chr20	34725531	34925531	harbor2	chr20	34733434	34733649	SINE/MIR	638	+	108	34733542	8011
chr20	34725531	34925531	harbor2	chr20	34776551	34776783	SINE/MIR	632	+	116	34776667	51136
chr20	34725531	34925531	harbor2	chr20	34817985	34818208	SINE/MIR	470	+	112	34818097	92566
chr20	34904860	35104860	harbor2	chr20	34916222	34916444	SINE/MIR	933	+	111	34916333	11473
chr20	34904860	35104860	harbor2	chr20	34922172	34922321	SINE/MIR	686	+	74	34922246	17386
chr20	34904860	35104860	harbor2	chr20	34922614	34922720	SINE/MIR	686	+	53	34922667	17807
chr20	34904860	35104860	harbor2	chr20	34934952	34935130	SINE/MIR	603	+	89	34935041	30181
chr20	34904860	35104860	harbor2	chr20	34939491	34939626	SINE/MIR	463	+	68	34939559	34699
chr20	34904860	35104860	harbor2	chr20	34940451	34940703	SINE/MIR	739	+	126	34940577	35717
chr20	34904860	35104860	harbor2	chr20	34943139	34943367	SINE/MIR	769	+	114	34943253	38393
chr20	34904860	35104860	harbor2	chr20	34949595	34949807	SINE/MIR	758	+	106	34949701	44841
chr20	35442077	35642077	harbor2	chr20	35445085	35445233	SINE/MIR	535	+	74	35445159	3082
chr20	35442077	35642077	harbor2	chr20	35461594	35461856	SINE/MIR	558	+	131	35461725	19648
chr20	35442077	35642077	harbor2	chr20	35498154	35498402	SINE/MIR	832	+	124	35498278	56201
chr20	35442077	35642077	harbor2	chr20	35541454	35541589	SINE/MIR	479	+	68	35541522	99445
chr20	59095432	59295432	harbor2	chr20	59103014	59103197	SINE/MIR	659	+	92	59103106	7674
chr20	59095432	59295432	harbor2	chr20	59122578	59122811	SINE/MIR	501	+	116	59122694	27262
chr20	59095432	59295432	harbor2	chr20	59134752	59134912	SINE/MIR	691	+	80	59134832	39400
chr20	50095117	50295117	harbor2	chr20	50095864	50096027	SINE/MIR	615	+	82	50095946	829
chr20	50095117	50295117	harbor2	chr20	50115485	50115637	SINE/MIR	475	+	76	50115561	20444
chr20	50095117	50295117	harbor2	chr20	50121335	50121550	SINE/MIR	764	+	108	50121443	26326
chr20	50095117	50295117	harbor2	chr20	50131804	50131919	SINE/MIR	462	+	58	50131862	36745
chr20	50095117	50295117	harbor2	chr20	50160609	50160816	SINE/MIR	841	+	104	50160713	65596
chr20	50095117	50295117	harbor2	chr20	50169704	50169811	SINE/MIR	461	+	54	50169758	74641
chr20	36898001	37098001	harbor2	chr20	36905113	36905298	SINE/MIR	517	+	92	36905205	7204
chr20	36898001	37098001	harbor2	chr20	36916178	36916349	SINE/MIR	592	+	86	36916264	18263
chr20	4624774	4824774	harbor2	chr20	4723153	4723390	SINE/MIR	556	+	118	4723271	98497
chr20	1023102	1223102	harbor2	chr20	1029316	1029542	SINE/MIR	526	+	113	1029429	6327
chr20	1023102	1223102	harbor2	chr20	1050914	1051147	SINE/MIR	673	+	116	1051030	27928
chr20	1023102	1223102	harbor2	chr20	1052341	1052506	SINE/MIR	568	+	82	1052423	29321
chr20	1023102	1223102	harbor2	chr20	1086150	1086331	SINE/MIR	535	+	90	1086240	63138
chr20	1023102	1223102	harbor2	chr20	1117924	1118094	SINE/MIR	485	+	85	1118009	94907
chr20	1023102	1223102	harbor2	chr20	1118101	1118311	SINE/MIR	678	+	105	1118206	95104
chr20	9474281	9674281	harbor2	chr20	9488522	9488763	SINE/MIR	530	+	120	9488642	14361
chr20	9474281	9674281	harbor2	chr20	9565501	9565716	SINE/MIR	482	+	108	9565609	91328
chr20	34725551	34925551	harbor2	chr20	34731383	34731614	SINE/MIR	700	+	116	34731499	5948
chr20	34725551	34925551	harbor2	chr20	34733434	34733649	SINE/MIR	638	+	108	34733542	7991
chr20	34725551	34925551	harbor2	chr20	34776551	34776783	SINE/MIR	632	+	116	34776667	51116
chr20	34725551	34925551	harbor2	chr20	34817985	34818208	SINE/MIR	470	+	112	34818097	92546
chr20	50272702	50472702	harbor2	chr20	50276144	50276281	SINE/MIR	473	+	68	50276212	3510
chr20	50272702	50472702	harbor2	chr20	50279349	50279462	SINE/MIR	685	+	56	50279405	6703
chr20	50272702	50472702	harbor2	chr20	50279779	50279850	SINE/MIR	685	+	36	50279815	7113
chr20	50272702	50472702	harbor2	chr20	50280875	50281094	SINE/MIR	456	+	110	50280985	8283
chr20	50272702	50472702	harbor2	chr20	50284178	50284302	SINE/MIR	481	+	62	50284240	11538
chr20	50272702	50472702	harbor2	chr20	50285204	50285348	SINE/MIR	473	+	72	50285276	12574
chr20	50272702	50472702	harbor2	chr20	50295265	50295480	SINE/MIR	811	+	108	50295373	22671
chr20	50272702	50472702	harbor2	chr20	50301960	50302200	SINE/MIR	749	+	120	50302080	29378
chr20	50272702	50472702	harbor2	chr20	50307386	50307542	SINE/MIR	672	+	78	50307464	34762
chr20	50272702	50472702	harbor2	chr20	50307661	50307804	SINE/MIR	493	+	72	50307733	35031
chr20	50272702	50472702	harbor2	chr20	50308410	50308551	SINE/MIR	457	+	70	50308480	35778
chr20	50272702	50472702	harbor2	chr20	50309172	50309406	SINE/MIR	497	+	117	50309289	36587
chr20	50272702	50472702	harbor2	chr20	50339613	50339772	SINE/MIR	676	+	80	50339693	66991
chr20	50272702	50472702	harbor2	chr20	50344821	50344975	SINE/MIR	622	+	77	50344898	72196
chr20	50272702	50472702	harbor2	chr20	50354515	50354684	SINE/MIR	524	+	84	50354599	81897
chr20	50272702	50472702	harbor2	chr20	50363006	50363167	SINE/MIR	567	+	80	50363086	90384
chr20	50272702	50472702	harbor2	chr20	50367105	50367267	SINE/MIR	559	+	81	50367186	94484
chr20	35849255	36049255	harbor2	chr20	35902669	35902863	SINE/MIR	566	+	97	35902766	53511
chr20	35849255	36049255	harbor2	chr20	35909829	35909997	SINE/MIR	457	+	84	35909913	60658
chr20	35849255	36049255	harbor2	chr20	35939926	35940164	SINE/MIR	463	+	119	35940045	90790
chr20	34904861	35104861	harbor2	chr20	34916222	34916444	SINE/MIR	933	+	111	34916333	11472
chr20	34904861	35104861	harbor2	chr20	34922172	34922321	SINE/MIR	686	+	74	34922246	17385
chr20	34904861	35104861	harbor2	chr20	34922614	34922720	SINE/MIR	686	+	53	34922667	17806
chr20	34904861	35104861	harbor2	chr20	34934952	34935130	SINE/MIR	603	+	89	34935041	30180
chr20	34904861	35104861	harbor2	chr20	34939491	34939626	SINE/MIR	463	+	68	34939559	34698
chr20	34904861	35104861	harbor2	chr20	34940451	34940703	SINE/MIR	739	+	126	34940577	35716
chr20	34904861	35104861	harbor2	chr20	34943139	34943367	SINE/MIR	769	+	114	34943253	38392
chr20	34904861	35104861	harbor2	chr20	34949595	34949807	SINE/MIR	758	+	106	34949701	44840
chr20	40600650	40800650	harbor2	chr20	40629830	40630061	SINE/MIR	622	+	116	40629946	29296
chr20	40600650	40800650	harbor2	chr20	40640381	40640559	SINE/MIR	473	+	89	40640470	39820
chr20	40600650	40800650	harbor2	chr20	40649535	40649782	SINE/MIR	572	+	124	40649659	49009
chr20	40600650	40800650	harbor2	chr20	40654321	40654514	SINE/MIR	565	+	96	40654417	53767
chr20	40600650	40800650	harbor2	chr20	40655141	40655277	SINE/MIR	573	+	68	40655209	54559
chr20	40600650	40800650	harbor2	chr20	40663398	40663623	SINE/MIR	455	+	112	40663510	62860
chr20	40600650	40800650	harbor2	chr20	40674867	40675100	SINE/MIR	978	+	116	40674983	74333
chr20	40600650	40800650	harbor2	chr20	40665044	40665273	SINE/MIR	816	+	114	40665158	64508
chr20	34776144	34976144	harbor2	chr20	34776551	34776783	SINE/MIR	632	+	116	34776667	523
chr20	34776144	34976144	harbor2	chr20	34817985	34818208	SINE/MIR	470	+	112	34818097	41953
chr20	34776144	34976144	harbor2	chr20	34833003	34833149	SINE/MIR	493	+	73	34833076	56932
chr20	34776144	34976144	harbor2	chr20	34842472	34842620	SINE/MIR	522	+	74	34842546	66402
chr20	34776144	34976144	harbor2	chr20	34844354	34844552	SINE/MIR	775	+	99	34844453	68309
chr20	34776144	34976144	harbor2	chr20	34845524	34845744	SINE/MIR	772	+	110	34845634	69490
chr20	34776144	34976144	harbor2	chr20	34850417	34850641	SINE/MIR	666	+	112	34850529	74385
chr20	34776144	34976144	harbor2	chr20	34873703	34873897	SINE/MIR	775	+	97	34873800	97656
chr20	34776144	34976144	harbor2	chr20	34848670	34848822	SINE/MIR	556	+	76	34848746	72602
chr20	38347847	38547847	harbor2	chr20	38372492	38372727	SINE/MIR	649	+	118	38372610	24763
chr20	38347847	38547847	harbor2	chr20	38373653	38373864	SINE/MIR	780	+	106	38373759	25912
chr20	38347847	38547847	harbor2	chr20	38411283	38411404	SINE/MIR	496	+	60	38411343	63496
chr20	38347847	38547847	harbor2	chr20	38412144	38412259	SINE/MIR	496	+	58	38412202	64355
chr20	38347847	38547847	harbor2	chr20	38436793	38437010	SINE/MIR	518	+	108	38436901	89054
chr20	62024350	62224350	harbor2	chr20	62116065	62116293	SINE/MIR	510	+	114	62116179	91829
chr20	35362392	35562392	harbor2	chr20	35367137	35367276	SINE/MIR	577	+	70	35367207	4815
chr20	35362392	35562392	harbor2	chr20	35369532	35369772	SINE/MIR	523	+	120	35369652	7260
chr20	35362392	35562392	harbor2	chr20	35410112	35410251	SINE/MIR	501	+	70	35410182	47790
chr20	35362392	35562392	harbor2	chr20	35428739	35428860	SINE/MIR	499	+	60	35428799	66407
chr20	35362392	35562392	harbor2	chr20	35441103	35441266	SINE/MIR	603	+	82	35441185	78793
chr20	35362392	35562392	harbor2	chr20	35445085	35445233	SINE/MIR	535	+	74	35445159	82767
chr20	35362392	35562392	harbor2	chr20	35461594	35461856	SINE/MIR	558	+	131	35461725	99333
chr20	34905163	35105163	harbor2	chr20	34916222	34916444	SINE/MIR	933	+	111	34916333	11170
chr20	34905163	35105163	harbor2	chr20	34922172	34922321	SINE/MIR	686	+	74	34922246	17083
chr20	34905163	35105163	harbor2	chr20	34922614	34922720	SINE/MIR	686	+	53	34922667	17504
chr20	34905163	35105163	harbor2	chr20	34934952	34935130	SINE/MIR	603	+	89	34935041	29878
chr20	34905163	35105163	harbor2	chr20	34939491	34939626	SINE/MIR	463	+	68	34939559	34396
chr20	34905163	35105163	harbor2	chr20	34940451	34940703	SINE/MIR	739	+	126	34940577	35414
chr20	34905163	35105163	harbor2	chr20	34943139	34943367	SINE/MIR	769	+	114	34943253	38090
chr20	34905163	35105163	harbor2	chr20	34949595	34949807	SINE/MIR	758	+	106	34949701	44538
chr20	1020784	1220784	harbor2	chr20	1021658	1021875	SINE/MIR	688	+	108	1021766	982
chr20	1020784	1220784	harbor2	chr20	1029316	1029542	SINE/MIR	526	+	113	1029429	8645
chr20	1020784	1220784	harbor2	chr20	1050914	1051147	SINE/MIR	673	+	116	1051030	30246
chr20	1020784	1220784	harbor2	chr20	1052341	1052506	SINE/MIR	568	+	82	1052423	31639
chr20	1020784	1220784	harbor2	chr20	1086150	1086331	SINE/MIR	535	+	90	1086240	65456
chr20	1020784	1220784	harbor2	chr20	1117924	1118094	SINE/MIR	485	+	85	1118009	97225
chr20	1020784	1220784	harbor2	chr20	1118101	1118311	SINE/MIR	678	+	105	1118206	97422
chr20	9474416	9674416	harbor2	chr20	9488522	9488763	SINE/MIR	530	+	120	9488642	14226
chr20	9474416	9674416	harbor2	chr20	9565501	9565716	SINE/MIR	482	+	108	9565609	91193
chr20	3370919	3570919	harbor2	chr20	3372659	3372882	SINE/MIR	826	+	112	3372771	1852
chr20	35138054	35338054	harbor2	chr20	35148869	35149071	SINE/MIR	507	+	101	35148970	10916
chr20	35138054	35338054	harbor2	chr20	35150537	35150719	SINE/MIR	479	+	91	35150628	12574
chr20	35138054	35338054	harbor2	chr20	35151044	35151199	SINE/MIR	474	+	78	35151122	13068
chr20	35138054	35338054	harbor2	chr20	35165741	35165920	SINE/MIR	528	+	90	35165831	27777
chr20	35138054	35338054	harbor2	chr20	35167955	35168133	SINE/MIR	646	+	89	35168044	29990
chr20	35138054	35338054	harbor2	chr20	35224957	35225182	SINE/MIR	579	+	112	35225069	87015
chr20	35138054	35338054	harbor2	chr20	35228489	35228645	SINE/MIR	469	+	78	35228567	90513
chr20	62043222	62243222	harbor2	chr20	62116065	62116293	SINE/MIR	510	+	114	62116179	72957
chr20	21866893	22066893	harbor2	chr20	21919140	21919393	SINE/MIR	555	+	126	21919266	52373
chr20	3222273	3422273	harbor2	chr20	3263473	3263673	SINE/MIR	528	+	100	3263573	41300
chr20	3222273	3422273	harbor2	chr20	3290273	3290473	SINE/MIR	475	+	100	3290373	68100
chr20	3015690	3215690	harbor2	chr20	3053345	3053575	SINE/MIR	689	+	115	3053460	37770
chr20	3015690	3215690	harbor2	chr20	3086041	3086260	SINE/MIR	489	+	110	3086151	70461
chr20	11791589	11991589	harbor2	chr20	11796531	11796772	SINE/MIR	557	+	120	11796651	5062
chr20	11791589	11991589	harbor2	chr20	11847535	11847692	SINE/MIR	603	+	78	11847613	56024
chr20	11791589	11991589	harbor2	chr20	11857851	11858081	SINE/MIR	527	+	115	11857966	66377
chr20	34904857	35104857	harbor2	chr20	34916222	34916444	SINE/MIR	933	+	111	34916333	11476
chr20	34904857	35104857	harbor2	chr20	34922172	34922321	SINE/MIR	686	+	74	34922246	17389
chr20	34904857	35104857	harbor2	chr20	34922614	34922720	SINE/MIR	686	+	53	34922667	17810
chr20	34904857	35104857	harbor2	chr20	34934952	34935130	SINE/MIR	603	+	89	34935041	30184
chr20	34904857	35104857	harbor2	chr20	34939491	34939626	SINE/MIR	463	+	68	34939559	34702
chr20	34904857	35104857	harbor2	chr20	34940451	34940703	SINE/MIR	739	+	126	34940577	35720
chr20	34904857	35104857	harbor2	chr20	34943139	34943367	SINE/MIR	769	+	114	34943253	38396
chr20	34904857	35104857	harbor2	chr20	34949595	34949807	SINE/MIR	758	+	106	34949701	44844
chr20	21615735	21815735	harbor2	chr20	21642560	21642797	SINE/MIR	543	+	118	21642678	26943
chr20	21615735	21815735	harbor2	chr20	21685058	21685293	SINE/MIR	648	+	118	21685176	69441
chr20	62707216	62907216	harbor2	chr20	62717410	62717608	SINE/MIR	472	+	99	62717509	10293
chr20	62043200	62243200	harbor2	chr20	62116065	62116293	SINE/MIR	510	+	114	62116179	72979
chr20	4587587	4787587	harbor2	chr20	4611591	4611796	SINE/MIR	912	+	102	4611693	24106
chr20	4587587	4787587	harbor2	chr20	4612437	4612681	SINE/MIR	827	+	122	4612559	24972
chr20	57208729	57408729	harbor2	chr20	57223522	57223728	SINE/MIR	554	+	103	57223625	14896
chr20	57208729	57408729	harbor2	chr20	57228728	57228932	SINE/MIR	509	+	102	57228830	20101
chr20	57208729	57408729	harbor2	chr20	57232113	57232258	SINE/MIR	540	+	72	57232185	23456
chr20	57208729	57408729	harbor2	chr20	57246530	57246706	SINE/MIR	548	+	88	57246618	37889
chr20	57208729	57408729	harbor2	chr20	57247013	57247055	SINE/MIR	548	+	21	57247034	38305
chr20	57208729	57408729	harbor2	chr20	57269866	57270121	SINE/MIR	861	+	128	57269994	61265
chr20	57208729	57408729	harbor2	chr20	57281170	57281356	SINE/MIR	574	+	93	57281263	72534
chr20	57208729	57408729	harbor2	chr20	57286640	57286831	SINE/MIR	591	+	96	57286736	78007
chr20	57208729	57408729	harbor2	chr20	57288460	57288643	SINE/MIR	647	+	92	57288552	79823
chr20	57208729	57408729	harbor2	chr20	57293605	57293785	SINE/MIR	614	+	90	57293695	84966
chr21	15065117	15265117	harbor2	chr21	15104598	15104816	SINE/MIR	663	+	109	15104707	39590
chr21	15065117	15265117	harbor2	chr21	15122800	15123044	SINE/MIR	873	+	122	15122922	57805
chr21	15065117	15265117	harbor2	chr21	15128689	15128803	SINE/MIR	487	+	57	15128746	63629
chr21	29261633	29461633	harbor2	chr21	29284477	29284674	SINE/MIR	776	+	98	29284575	22942
chr21	29261633	29461633	harbor2	chr21	29302441	29302697	SINE/MIR	729	+	128	29302569	40936
chr21	29261633	29461633	harbor2	chr21	29318984	29319182	SINE/MIR	544	+	99	29319083	57450
chr21	29261633	29461633	harbor2	chr21	29331644	29331857	SINE/MIR	673	+	106	29331750	70117
chr21	29261633	29461633	harbor2	chr21	29335126	29335363	SINE/MIR	448	+	118	29335244	73611
chr21	45326953	45526953	harbor2	chr21	45354104	45354274	SINE/MIR	555	+	85	45354189	27236
chr21	34275890	34475890	harbor2	chr21	34295488	34295660	SINE/MIR	458	+	86	34295574	19684
chr21	34275890	34475890	harbor2	chr21	34374430	34374637	SINE/MIR	583	+	104	34374534	98644
chr21	29199645	29399645	harbor2	chr21	29260700	29260930	SINE/MIR	608	+	115	29260815	61170
chr21	29199645	29399645	harbor2	chr21	29284477	29284674	SINE/MIR	776	+	98	29284575	84930
chr21	44406749	44606749	harbor2	chr21	44495308	44495453	SINE/MIR	596	+	72	44495380	88631
chr21	29201564	29401564	harbor2	chr21	29260700	29260930	SINE/MIR	608	+	115	29260815	59251
chr21	29201564	29401564	harbor2	chr21	29284477	29284674	SINE/MIR	776	+	98	29284575	83011
chr21	14673851	14873851	harbor2	chr21	14680620	14680871	SINE/MIR	464	+	126	14680746	6895
chr21	14673851	14873851	harbor2	chr21	14686918	14687159	SINE/MIR	466	+	120	14687038	13187
chr21	14673851	14873851	harbor2	chr21	14747013	14747089	SINE/MIR	733	+	38	14747051	73200
chr21	14673851	14873851	harbor2	chr21	14747468	14747625	SINE/MIR	733	+	78	14747546	73695
chr21	44693527	44893527	harbor2	chr21	44696327	44696550	SINE/MIR	603	+	112	44696439	2912
chr21	42596399	42796399	harbor2	chr21	42661991	42662148	SINE/MIR	472	+	78	42662069	65670
chr21	29248676	29448676	harbor2	chr21	29260700	29260930	SINE/MIR	608	+	115	29260815	12139
chr21	29248676	29448676	harbor2	chr21	29284477	29284674	SINE/MIR	776	+	98	29284575	35899
chr21	29248676	29448676	harbor2	chr21	29302441	29302697	SINE/MIR	729	+	128	29302569	53893
chr21	29248676	29448676	harbor2	chr21	29318984	29319182	SINE/MIR	544	+	99	29319083	70407
chr21	29248676	29448676	harbor2	chr21	29331644	29331857	SINE/MIR	673	+	106	29331750	83074
chr21	29248676	29448676	harbor2	chr21	29335126	29335363	SINE/MIR	448	+	118	29335244	86568
chr21	29201041	29401041	harbor2	chr21	29260700	29260930	SINE/MIR	608	+	115	29260815	59774
chr21	29201041	29401041	harbor2	chr21	29284477	29284674	SINE/MIR	776	+	98	29284575	83534
chr21	46090459	46290459	harbor2	chr21	46106318	46106523	SINE/MIR	554	+	102	46106420	15961
chr21	44660270	44860270	harbor2	chr21	44696327	44696550	SINE/MIR	603	+	112	44696439	36169
chr21	44410571	44610571	harbor2	chr21	44495308	44495453	SINE/MIR	596	+	72	44495380	84809
chr21	41945270	42145270	harbor2	chr21	41952657	41952907	SINE/MIR	609	+	125	41952782	7512
chr21	41945270	42145270	harbor2	chr21	41969089	41969297	SINE/MIR	592	+	104	41969193	23923
chr21	41945270	42145270	harbor2	chr21	41999494	41999586	SINE/MIR	447	+	46	41999540	54270
chr21	41945270	42145270	harbor2	chr21	42003024	42003212	SINE/MIR	487	+	94	42003118	57848
chr21	42278158	42478158	harbor2	chr21	42315014	42315197	SINE/MIR	465	+	92	42315106	36948
chr21	39009375	39209375	harbor2	chr21	39035067	39035272	SINE/MIR	473	+	102	39035169	25794
chr21	39009375	39209375	harbor2	chr21	39079249	39079471	SINE/MIR	494	+	111	39079360	69985
chr21	37266105	37466105	harbor2	chr21	37364005	37364171	SINE/MIR	536	+	83	37364088	97983
chr21	39009691	39209691	harbor2	chr21	39035067	39035272	SINE/MIR	473	+	102	39035169	25478
chr21	39009691	39209691	harbor2	chr21	39079249	39079471	SINE/MIR	494	+	111	39079360	69669
chr21	44624083	44824083	harbor2	chr21	44696327	44696550	SINE/MIR	603	+	112	44696439	72356
chr21	44625363	44825363	harbor2	chr21	44696327	44696550	SINE/MIR	603	+	112	44696439	71076
chr21	29200213	29400213	harbor2	chr21	29260700	29260930	SINE/MIR	608	+	115	29260815	60602
chr21	29200213	29400213	harbor2	chr21	29284477	29284674	SINE/MIR	776	+	98	29284575	84362
chr21	39009608	39209608	harbor2	chr21	39035067	39035272	SINE/MIR	473	+	102	39035169	25561
chr21	39009608	39209608	harbor2	chr21	39079249	39079471	SINE/MIR	494	+	111	39079360	69752
chr22	39579346	39779346	harbor2	chr22	39582147	39582295	SINE/MIR	433	+	74	39582221	2875
chr22	39579346	39779346	harbor2	chr22	39582517	39582569	SINE/MIR	433	+	26	39582543	3197
chr22	39579346	39779346	harbor2	chr22	39590631	39590772	SINE/MIR	403	+	70	39590701	11355
chr22	39579346	39779346	harbor2	chr22	39593715	39593928	SINE/MIR	541	+	106	39593821	14475
chr22	39579346	39779346	harbor2	chr22	39594063	39594247	SINE/MIR	475	+	92	39594155	14809
chr22	39579346	39779346	harbor2	chr22	39600279	39600386	SINE/MIR	455	+	54	39600333	20987
chr22	39579346	39779346	harbor2	chr22	39625373	39625529	SINE/MIR	445	+	78	39625451	46105
chr22	39579346	39779346	harbor2	chr22	39626137	39626312	SINE/MIR	434	+	88	39626225	46879
chr22	39579346	39779346	harbor2	chr22	39634071	39634329	SINE/MIR	743	+	129	39634200	54854
chr22	39579346	39779346	harbor2	chr22	39641812	39641980	SINE/MIR	477	+	84	39641896	62550
chr22	39579346	39779346	harbor2	chr22	39642524	39642720	SINE/MIR	496	+	98	39642622	63276
chr22	39579346	39779346	harbor2	chr22	39655037	39655230	SINE/MIR	596	+	96	39655133	75787
chr22	39579346	39779346	harbor2	chr22	39656690	39656840	SINE/MIR	425	+	75	39656765	77419
chr22	39579346	39779346	harbor2	chr22	39657543	39657757	SINE/MIR	701	+	107	39657650	78304
chr22	39579346	39779346	harbor2	chr22	39661547	39661709	SINE/MIR	691	+	81	39661628	82282
chr22	39579346	39779346	harbor2	chr22	39666061	39666261	SINE/MIR	505	+	100	39666161	86815
chr22	39579346	39779346	harbor2	chr22	39666292	39666443	SINE/MIR	475	+	76	39666368	87022
chr22	39579346	39779346	harbor2	chr22	39676896	39677140	SINE/MIR	713	+	122	39677018	97672
chr22	39579346	39779346	harbor2	chr22	39599986	39600193	SINE/MIR	832	+	104	39600090	20744
chr22	44208842	44408842	harbor2	chr22	44213141	44213376	SINE/MIR	608	+	118	44213259	4417
chr22	44208842	44408842	harbor2	chr22	44214528	44214765	SINE/MIR	530	+	118	44214646	5804
chr22	44208842	44408842	harbor2	chr22	44247544	44247712	SINE/MIR	426	+	84	44247628	38786
chr22	44208842	44408842	harbor2	chr22	44261445	44261565	SINE/MIR	470	+	60	44261505	52663
chr22	44208842	44408842	harbor2	chr22	44275643	44275860	SINE/MIR	417	+	108	44275751	66909
chr22	44208842	44408842	harbor2	chr22	44290613	44290782	SINE/MIR	430	+	84	44290697	81855
chr22	44208842	44408842	harbor2	chr22	44299316	44299497	SINE/MIR	396	+	90	44299406	90564
chr22	44208842	44408842	harbor2	chr22	44300479	44300642	SINE/MIR	404	+	82	44300561	91719
chr22	24070325	24270325	harbor2	chr22	24072863	24073086	SINE/MIR	672	+	112	24072975	2650
chr22	24070325	24270325	harbor2	chr22	24130343	24130510	SINE/MIR	510	+	84	24130427	60102
chr22	24070325	24270325	harbor2	chr22	24136985	24137134	SINE/MIR	397	+	74	24137059	66734
chr22	24070325	24270325	harbor2	chr22	24149222	24149387	SINE/MIR	453	+	82	24149304	78979
chr22	24070396	24270396	harbor2	chr22	24072863	24073086	SINE/MIR	672	+	112	24072975	2579
chr22	24070396	24270396	harbor2	chr22	24130343	24130510	SINE/MIR	510	+	84	24130427	60031
chr22	24070396	24270396	harbor2	chr22	24136985	24137134	SINE/MIR	397	+	74	24137059	66663
chr22	24070396	24270396	harbor2	chr22	24149222	24149387	SINE/MIR	453	+	82	24149304	78908
chr22	45971904	46171904	harbor2	chr22	46038269	46038379	SINE/MIR	458	+	55	46038324	66420
chr22	45971904	46171904	harbor2	chr22	46051774	46051810	SINE/MIR	415	+	18	46051792	79888
chr22	45971904	46171904	harbor2	chr22	46052096	46052255	SINE/MIR	415	+	80	46052176	80272
chr22	42989455	43189455	harbor2	chr22	42990929	42991031	SINE/MIR	505	+	51	42990980	1525
chr22	42989455	43189455	harbor2	chr22	43018048	43018185	SINE/MIR	391	+	68	43018116	28661
chr22	24069899	24269899	harbor2	chr22	24072863	24073086	SINE/MIR	672	+	112	24072975	3076
chr22	24069899	24269899	harbor2	chr22	24130343	24130510	SINE/MIR	510	+	84	24130427	60528
chr22	24069899	24269899	harbor2	chr22	24136985	24137134	SINE/MIR	397	+	74	24137059	67160
chr22	24069899	24269899	harbor2	chr22	24149222	24149387	SINE/MIR	453	+	82	24149304	79405
chr22	44597557	44797557	harbor2	chr22	44608215	44608348	SINE/MIR	404	+	66	44608281	10724
chr22	44597557	44797557	harbor2	chr22	44664609	44664744	SINE/MIR	576	+	68	44664677	67120
chr22	44597557	44797557	harbor2	chr22	44670350	44670524	SINE/MIR	559	+	87	44670437	72880
chr22	44597557	44797557	harbor2	chr22	44671693	44671896	SINE/MIR	583	+	102	44671795	74238
chr22	44597557	44797557	harbor2	chr22	44673180	44673423	SINE/MIR	453	+	122	44673302	75745
chr22	44597557	44797557	harbor2	chr22	44675576	44675749	SINE/MIR	458	+	86	44675662	78105
chr22	44597557	44797557	harbor2	chr22	44677703	44677812	SINE/MIR	431	+	54	44677757	80200
chr22	44597557	44797557	harbor2	chr22	44680167	44680345	SINE/MIR	591	+	89	44680256	82699
chr22	44597557	44797557	harbor2	chr22	44685008	44685157	SINE/MIR	392	+	74	44685082	87525
chr22	44597557	44797557	harbor2	chr22	44688438	44688606	SINE/MIR	465	+	84	44688522	90965
chr22	44597557	44797557	harbor2	chr22	44694599	44694791	SINE/MIR	496	+	96	44694695	97138
chr22	42989451	43189451	harbor2	chr22	42990929	42991031	SINE/MIR	505	+	51	42990980	1529
chr22	42989451	43189451	harbor2	chr22	43018048	43018185	SINE/MIR	391	+	68	43018116	28665
chr22	37418973	37618973	harbor2	chr22	37423431	37423674	SINE/MIR	574	+	122	37423553	4580
chr22	37418973	37618973	harbor2	chr22	37437944	37438023	SINE/MIR	393	+	40	37437984	19011
chr22	37418973	37618973	harbor2	chr22	37450071	37450308	SINE/MIR	591	+	118	37450189	31216
chr22	37418973	37618973	harbor2	chr22	37455267	37455395	SINE/MIR	482	+	64	37455331	36358
chr22	37418973	37618973	harbor2	chr22	37466387	37466607	SINE/MIR	764	+	110	37466497	47524
chr22	37418973	37618973	harbor2	chr22	37472961	37473155	SINE/MIR	668	+	97	37473058	54085
chr22	37418973	37618973	harbor2	chr22	37473443	37473500	SINE/MIR	668	+	28	37473471	54498
chr22	37418973	37618973	harbor2	chr22	37474786	37474947	SINE/MIR	483	+	80	37474866	55893
chr22	37418973	37618973	harbor2	chr22	37501656	37501771	SINE/MIR	465	+	58	37501714	82741
chr22	37418973	37618973	harbor2	chr22	37511860	37512058	SINE/MIR	674	+	99	37511959	92986
chr22	37418973	37618973	harbor2	chr22	37514138	37514309	SINE/MIR	494	+	86	37514224	95251
chr22	37418973	37618973	harbor2	chr22	37514998	37515169	SINE/MIR	552	+	86	37515084	96111
chr22	23814127	24014127	harbor2	chr22	23861870	23862007	SINE/MIR	456	+	68	23861938	47811
chr22	36465130	36665130	harbor2	chr22	36465528	36465684	SINE/MIR	422	+	78	36465606	476
chr22	36465130	36665130	harbor2	chr22	36468282	36468429	SINE/MIR	521	+	74	36468356	3226
chr22	36465130	36665130	harbor2	chr22	36469086	36469272	SINE/MIR	438	+	93	36469179	4049
chr22	36465130	36665130	harbor2	chr22	36543052	36543282	SINE/MIR	631	+	115	36543167	78037
chr22	36465130	36665130	harbor2	chr22	36544772	36544930	SINE/MIR	609	+	79	36544851	79721
chr22	36465130	36665130	harbor2	chr22	36545417	36545614	SINE/MIR	591	+	98	36545515	80385
chr22	36465130	36665130	harbor2	chr22	36549654	36549744	SINE/MIR	402	+	45	36549699	84569
chr22	36465130	36665130	harbor2	chr22	36551821	36552051	SINE/MIR	741	+	115	36551936	86806
chr22	36187355	36387355	harbor2	chr22	36204435	36204598	SINE/MIR	463	+	82	36204517	17162
chr22	36187355	36387355	harbor2	chr22	36239253	36239403	SINE/MIR	439	+	75	36239328	51973
chr22	36187355	36387355	harbor2	chr22	36261946	36262099	SINE/MIR	486	+	76	36262022	74667
chr22	24069912	24269912	harbor2	chr22	24072863	24073086	SINE/MIR	672	+	112	24072975	3063
chr22	24069912	24269912	harbor2	chr22	24130343	24130510	SINE/MIR	510	+	84	24130427	60515
chr22	24069912	24269912	harbor2	chr22	24136985	24137134	SINE/MIR	397	+	74	24137059	67147
chr22	24069912	24269912	harbor2	chr22	24149222	24149387	SINE/MIR	453	+	82	24149304	79392
chr22	36407158	36607158	harbor2	chr22	36410641	36410804	SINE/MIR	573	+	82	36410723	3565
chr22	36407158	36607158	harbor2	chr22	36410816	36411005	SINE/MIR	425	+	94	36410910	3752
chr22	36407158	36607158	harbor2	chr22	36411627	36411663	SINE/MIR	425	+	18	36411645	4487
chr22	36407158	36607158	harbor2	chr22	36431930	36431962	SINE/MIR	545	+	16	36431946	24788
chr22	36407158	36607158	harbor2	chr22	36432091	36432243	SINE/MIR	545	+	76	36432167	25009
chr22	36407158	36607158	harbor2	chr22	36442795	36442905	SINE/MIR	460	+	55	36442850	35692
chr22	36407158	36607158	harbor2	chr22	36448542	36448718	SINE/MIR	490	+	88	36448630	41472
chr22	36407158	36607158	harbor2	chr22	36449543	36449676	SINE/MIR	543	+	66	36449609	42451
chr22	36407158	36607158	harbor2	chr22	36456150	36456293	SINE/MIR	627	+	72	36456222	49064
chr22	36407158	36607158	harbor2	chr22	36459841	36459972	SINE/MIR	494	+	66	36459907	52749
chr22	36407158	36607158	harbor2	chr22	36463425	36463590	SINE/MIR	486	+	82	36463507	56349
chr22	36407158	36607158	harbor2	chr22	36465528	36465684	SINE/MIR	422	+	78	36465606	58448
chr22	36407158	36607158	harbor2	chr22	36468282	36468429	SINE/MIR	521	+	74	36468356	61198
chr22	36407158	36607158	harbor2	chr22	36469086	36469272	SINE/MIR	438	+	93	36469179	62021
chr22	36919396	37119396	harbor2	chr22	36919958	36920189	SINE/MIR	591	+	116	36920074	678
chr22	36919396	37119396	harbor2	chr22	36931953	36932150	SINE/MIR	640	+	98	36932051	12655
chr22	36919396	37119396	harbor2	chr22	36958616	36958788	SINE/MIR	421	+	86	36958702	39306
chr22	36919396	37119396	harbor2	chr22	36960385	36960642	SINE/MIR	805	+	128	36960513	41117
chr22	36919396	37119396	harbor2	chr22	36983604	36983801	SINE/MIR	792	+	98	36983702	64306
chr22	36919396	37119396	harbor2	chr22	36988752	36988944	SINE/MIR	492	+	96	36988848	69452
chr22	36919396	37119396	harbor2	chr22	36996007	36996261	SINE/MIR	774	+	127	36996134	76738
chr22	36919396	37119396	harbor2	chr22	37000478	37000672	SINE/MIR	693	+	97	37000575	81179
chr22	36919396	37119396	harbor2	chr22	37001493	37001740	SINE/MIR	719	+	124	37001617	82221
chr22	36919396	37119396	harbor2	chr22	37011569	37011738	SINE/MIR	600	+	84	37011653	92257
chr22	50099497	50299497	harbor2	chr22	50118220	50118403	SINE/MIR	667	+	92	50118312	18815
chr22	45869624	46069624	harbor2	chr22	45917832	45918011	SINE/MIR	582	+	90	45917922	48298
chr22	45869624	46069624	harbor2	chr22	45923413	45923592	SINE/MIR	403	+	90	45923503	53879
chr22	45869624	46069624	harbor2	chr22	45956150	45956280	SINE/MIR	468	+	65	45956215	86591
chr22	36355398	36555398	harbor2	chr22	36368061	36368212	SINE/MIR	407	+	76	36368137	12739
chr22	36355398	36555398	harbor2	chr22	36391801	36391944	SINE/MIR	437	+	72	36391873	36475
chr22	36355398	36555398	harbor2	chr22	36405499	36405680	SINE/MIR	492	+	90	36405589	50191
chr22	36355398	36555398	harbor2	chr22	36410641	36410804	SINE/MIR	573	+	82	36410723	55325
chr22	36355398	36555398	harbor2	chr22	36410816	36411005	SINE/MIR	425	+	94	36410910	55512
chr22	36355398	36555398	harbor2	chr22	36411627	36411663	SINE/MIR	425	+	18	36411645	56247
chr22	36355398	36555398	harbor2	chr22	36431930	36431962	SINE/MIR	545	+	16	36431946	76548
chr22	36355398	36555398	harbor2	chr22	36432091	36432243	SINE/MIR	545	+	76	36432167	76769
chr22	36355398	36555398	harbor2	chr22	36442795	36442905	SINE/MIR	460	+	55	36442850	87452
chr22	36355398	36555398	harbor2	chr22	36448542	36448718	SINE/MIR	490	+	88	36448630	93232
chr22	36355398	36555398	harbor2	chr22	36449543	36449676	SINE/MIR	543	+	66	36449609	94211
chr22	36407144	36607144	harbor2	chr22	36410641	36410804	SINE/MIR	573	+	82	36410723	3579
chr22	36407144	36607144	harbor2	chr22	36410816	36411005	SINE/MIR	425	+	94	36410910	3766
chr22	36407144	36607144	harbor2	chr22	36411627	36411663	SINE/MIR	425	+	18	36411645	4501
chr22	36407144	36607144	harbor2	chr22	36431930	36431962	SINE/MIR	545	+	16	36431946	24802
chr22	36407144	36607144	harbor2	chr22	36432091	36432243	SINE/MIR	545	+	76	36432167	25023
chr22	36407144	36607144	harbor2	chr22	36442795	36442905	SINE/MIR	460	+	55	36442850	35706
chr22	36407144	36607144	harbor2	chr22	36448542	36448718	SINE/MIR	490	+	88	36448630	41486
chr22	36407144	36607144	harbor2	chr22	36449543	36449676	SINE/MIR	543	+	66	36449609	42465
chr22	36407144	36607144	harbor2	chr22	36456150	36456293	SINE/MIR	627	+	72	36456222	49078
chr22	36407144	36607144	harbor2	chr22	36459841	36459972	SINE/MIR	494	+	66	36459907	52763
chr22	36407144	36607144	harbor2	chr22	36463425	36463590	SINE/MIR	486	+	82	36463507	56363
chr22	36407144	36607144	harbor2	chr22	36465528	36465684	SINE/MIR	422	+	78	36465606	58462
chr22	36407144	36607144	harbor2	chr22	36468282	36468429	SINE/MIR	521	+	74	36468356	61212
chr22	36407144	36607144	harbor2	chr22	36469086	36469272	SINE/MIR	438	+	93	36469179	62035
chr22	24069890	24269890	harbor2	chr22	24072863	24073086	SINE/MIR	672	+	112	24072975	3085
chr22	24069890	24269890	harbor2	chr22	24130343	24130510	SINE/MIR	510	+	84	24130427	60537
chr22	24069890	24269890	harbor2	chr22	24136985	24137134	SINE/MIR	397	+	74	24137059	67169
chr22	24069890	24269890	harbor2	chr22	24149222	24149387	SINE/MIR	453	+	82	24149304	79414
chr22	50069670	50269670	harbor2	chr22	50118220	50118403	SINE/MIR	667	+	92	50118312	48642
chr22	46291932	46491932	harbor2	chr22	46339004	46339144	SINE/MIR	396	+	70	46339074	47142
chr22	46291932	46491932	harbor2	chr22	46355172	46355330	SINE/MIR	402	+	79	46355251	63319
chr22	46291932	46491932	harbor2	chr22	46388842	46389013	SINE/MIR	453	+	86	46388928	96996
chr22	24069873	24269873	harbor2	chr22	24072863	24073086	SINE/MIR	672	+	112	24072975	3102
chr22	24069873	24269873	harbor2	chr22	24130343	24130510	SINE/MIR	510	+	84	24130427	60554
chr22	24069873	24269873	harbor2	chr22	24136985	24137134	SINE/MIR	397	+	74	24137059	67186
chr22	24069873	24269873	harbor2	chr22	24149222	24149387	SINE/MIR	453	+	82	24149304	79431
chr22	42989445	43189445	harbor2	chr22	42990929	42991031	SINE/MIR	505	+	51	42990980	1535
chr22	42989445	43189445	harbor2	chr22	43018048	43018185	SINE/MIR	391	+	68	43018116	28671
chr22	24070472	24270472	harbor2	chr22	24072863	24073086	SINE/MIR	672	+	112	24072975	2503
chr22	24070472	24270472	harbor2	chr22	24130343	24130510	SINE/MIR	510	+	84	24130427	59955
chr22	24070472	24270472	harbor2	chr22	24136985	24137134	SINE/MIR	397	+	74	24137059	66587
chr22	24070472	24270472	harbor2	chr22	24149222	24149387	SINE/MIR	453	+	82	24149304	78832
chr22	39579321	39779321	harbor2	chr22	39582147	39582295	SINE/MIR	433	+	74	39582221	2900
chr22	39579321	39779321	harbor2	chr22	39582517	39582569	SINE/MIR	433	+	26	39582543	3222
chr22	39579321	39779321	harbor2	chr22	39590631	39590772	SINE/MIR	403	+	70	39590701	11380
chr22	39579321	39779321	harbor2	chr22	39593715	39593928	SINE/MIR	541	+	106	39593821	14500
chr22	39579321	39779321	harbor2	chr22	39594063	39594247	SINE/MIR	475	+	92	39594155	14834
chr22	39579321	39779321	harbor2	chr22	39600279	39600386	SINE/MIR	455	+	54	39600333	21012
chr22	39579321	39779321	harbor2	chr22	39625373	39625529	SINE/MIR	445	+	78	39625451	46130
chr22	39579321	39779321	harbor2	chr22	39626137	39626312	SINE/MIR	434	+	88	39626225	46904
chr22	39579321	39779321	harbor2	chr22	39634071	39634329	SINE/MIR	743	+	129	39634200	54879
chr22	39579321	39779321	harbor2	chr22	39641812	39641980	SINE/MIR	477	+	84	39641896	62575
chr22	39579321	39779321	harbor2	chr22	39642524	39642720	SINE/MIR	496	+	98	39642622	63301
chr22	39579321	39779321	harbor2	chr22	39655037	39655230	SINE/MIR	596	+	96	39655133	75812
chr22	39579321	39779321	harbor2	chr22	39656690	39656840	SINE/MIR	425	+	75	39656765	77444
chr22	39579321	39779321	harbor2	chr22	39657543	39657757	SINE/MIR	701	+	107	39657650	78329
chr22	39579321	39779321	harbor2	chr22	39661547	39661709	SINE/MIR	691	+	81	39661628	82307
chr22	39579321	39779321	harbor2	chr22	39666061	39666261	SINE/MIR	505	+	100	39666161	86840
chr22	39579321	39779321	harbor2	chr22	39666292	39666443	SINE/MIR	475	+	76	39666368	87047
chr22	39579321	39779321	harbor2	chr22	39676896	39677140	SINE/MIR	713	+	122	39677018	97697
chr22	39579321	39779321	harbor2	chr22	39599986	39600193	SINE/MIR	832	+	104	39600090	20769
chr22	24072073	24272073	harbor2	chr22	24072863	24073086	SINE/MIR	672	+	112	24072975	902
chr22	24072073	24272073	harbor2	chr22	24130343	24130510	SINE/MIR	510	+	84	24130427	58354
chr22	24072073	24272073	harbor2	chr22	24136985	24137134	SINE/MIR	397	+	74	24137059	64986
chr22	24072073	24272073	harbor2	chr22	24149222	24149387	SINE/MIR	453	+	82	24149304	77231
chr22	24528324	24728324	harbor2	chr22	24554037	24554195	SINE/MIR	425	+	79	24554116	25792
chr22	24528324	24728324	harbor2	chr22	24558443	24558546	SINE/MIR	497	+	52	24558495	30171
chr22	24528324	24728324	harbor2	chr22	24558981	24559090	SINE/MIR	497	+	54	24559035	30711
chr22	24528324	24728324	harbor2	chr22	24582618	24582717	SINE/MIR	451	+	50	24582668	54344
chr22	24528324	24728324	harbor2	chr22	24583017	24583136	SINE/MIR	451	+	60	24583077	54753
chr22	39579203	39779203	harbor2	chr22	39582147	39582295	SINE/MIR	433	+	74	39582221	3018
chr22	39579203	39779203	harbor2	chr22	39582517	39582569	SINE/MIR	433	+	26	39582543	3340
chr22	39579203	39779203	harbor2	chr22	39590631	39590772	SINE/MIR	403	+	70	39590701	11498
chr22	39579203	39779203	harbor2	chr22	39593715	39593928	SINE/MIR	541	+	106	39593821	14618
chr22	39579203	39779203	harbor2	chr22	39594063	39594247	SINE/MIR	475	+	92	39594155	14952
chr22	39579203	39779203	harbor2	chr22	39600279	39600386	SINE/MIR	455	+	54	39600333	21130
chr22	39579203	39779203	harbor2	chr22	39625373	39625529	SINE/MIR	445	+	78	39625451	46248
chr22	39579203	39779203	harbor2	chr22	39626137	39626312	SINE/MIR	434	+	88	39626225	47022
chr22	39579203	39779203	harbor2	chr22	39634071	39634329	SINE/MIR	743	+	129	39634200	54997
chr22	39579203	39779203	harbor2	chr22	39641812	39641980	SINE/MIR	477	+	84	39641896	62693
chr22	39579203	39779203	harbor2	chr22	39642524	39642720	SINE/MIR	496	+	98	39642622	63419
chr22	39579203	39779203	harbor2	chr22	39655037	39655230	SINE/MIR	596	+	96	39655133	75930
chr22	39579203	39779203	harbor2	chr22	39656690	39656840	SINE/MIR	425	+	75	39656765	77562
chr22	39579203	39779203	harbor2	chr22	39657543	39657757	SINE/MIR	701	+	107	39657650	78447
chr22	39579203	39779203	harbor2	chr22	39661547	39661709	SINE/MIR	691	+	81	39661628	82425
chr22	39579203	39779203	harbor2	chr22	39666061	39666261	SINE/MIR	505	+	100	39666161	86958
chr22	39579203	39779203	harbor2	chr22	39666292	39666443	SINE/MIR	475	+	76	39666368	87165
chr22	39579203	39779203	harbor2	chr22	39676896	39677140	SINE/MIR	713	+	122	39677018	97815
chr22	39579203	39779203	harbor2	chr22	39599986	39600193	SINE/MIR	832	+	104	39600090	20887
chr22	28342388	28542388	harbor2	chr22	28349533	28349764	SINE/MIR	621	+	116	28349649	7261
chr22	28342388	28542388	harbor2	chr22	28374492	28374638	SINE/MIR	461	+	73	28374565	32177
chr22	28342388	28542388	harbor2	chr22	28402588	28402822	SINE/MIR	461	+	117	28402705	60317
chr22	28342388	28542388	harbor2	chr22	28439488	28439727	SINE/MIR	701	+	120	28439608	97220
chr22	24395407	24595407	harbor2	chr22	24450473	24450633	SINE/MIR	398	+	80	24450553	55146
chr22	24395407	24595407	harbor2	chr22	24451273	24451486	SINE/MIR	498	+	106	24451379	55972
chr22	24395407	24595407	harbor2	chr22	24451491	24451634	SINE/MIR	506	+	72	24451563	56156
chr22	24395407	24595407	harbor2	chr22	24454251	24454435	SINE/MIR	456	+	92	24454343	58936
chr22	24395407	24595407	harbor2	chr22	24462019	24462235	SINE/MIR	490	+	108	24462127	66720
chr22	24395407	24595407	harbor2	chr22	24467214	24467377	SINE/MIR	701	+	82	24467296	71889
chr22	24395407	24595407	harbor2	chr22	24467399	24467504	SINE/MIR	447	+	52	24467451	72044
chr22	24069893	24269893	harbor2	chr22	24072863	24073086	SINE/MIR	672	+	112	24072975	3082
chr22	24069893	24269893	harbor2	chr22	24130343	24130510	SINE/MIR	510	+	84	24130427	60534
chr22	24069893	24269893	harbor2	chr22	24136985	24137134	SINE/MIR	397	+	74	24137059	67166
chr22	24069893	24269893	harbor2	chr22	24149222	24149387	SINE/MIR	453	+	82	24149304	79411
chr22	32100450	32300450	harbor2	chr22	32148960	32149168	SINE/MIR	507	+	104	32149064	48614
chr22	32100450	32300450	harbor2	chr22	32173975	32174126	SINE/MIR	639	+	76	32174051	73601
chr22	32100450	32300450	harbor2	chr22	32174456	32174523	SINE/MIR	639	+	34	32174490	74040
chr22	37240349	37440349	harbor2	chr22	37242007	37242211	SINE/MIR	738	+	102	37242109	1760
chr22	37240349	37440349	harbor2	chr22	37278650	37278870	SINE/MIR	877	+	110	37278760	38411
chr22	37240349	37440349	harbor2	chr22	37286267	37286470	SINE/MIR	744	+	102	37286369	46020
chr22	37240349	37440349	harbor2	chr22	37287699	37287879	SINE/MIR	434	+	90	37287789	47440
chr22	37240349	37440349	harbor2	chr22	37291872	37291984	SINE/MIR	426	+	56	37291928	51579
chr22	37240349	37440349	harbor2	chr22	37295167	37295296	SINE/MIR	394	+	64	37295231	54882
chr22	37240349	37440349	harbor2	chr22	37300008	37300135	SINE/MIR	608	+	64	37300072	59723
chr22	37240349	37440349	harbor2	chr22	37302333	37302510	SINE/MIR	649	+	88	37302421	62072
chr22	37240349	37440349	harbor2	chr22	37305371	37305497	SINE/MIR	454	+	63	37305434	65085
chr22	37240349	37440349	harbor2	chr22	37305970	37306113	SINE/MIR	395	+	72	37306042	65693
chr22	37240349	37440349	harbor2	chr22	37310420	37310631	SINE/MIR	762	+	106	37310526	70177
chr22	37240349	37440349	harbor2	chr22	37331282	37331492	SINE/MIR	630	+	105	37331387	91038
chr22	24069880	24269880	harbor2	chr22	24072863	24073086	SINE/MIR	672	+	112	24072975	3095
chr22	24069880	24269880	harbor2	chr22	24130343	24130510	SINE/MIR	510	+	84	24130427	60547
chr22	24069880	24269880	harbor2	chr22	24136985	24137134	SINE/MIR	397	+	74	24137059	67179
chr22	24069880	24269880	harbor2	chr22	24149222	24149387	SINE/MIR	453	+	82	24149304	79424
chr22	17640145	17840145	harbor2	chr22	17678551	17678697	SINE/MIR	469	+	73	17678624	38479
chr22	17640145	17840145	harbor2	chr22	17681764	17682006	SINE/MIR	643	+	121	17681885	41740
chr22	17640145	17840145	harbor2	chr22	17697074	17697156	SINE/MIR	610	+	41	17697115	56970
chr22	17640145	17840145	harbor2	chr22	17697504	17697661	SINE/MIR	610	+	78	17697582	57437
chr22	17640145	17840145	harbor2	chr22	17706369	17706574	SINE/MIR	446	+	102	17706471	66326
chr22	17640145	17840145	harbor2	chr22	17708330	17708560	SINE/MIR	724	+	115	17708445	68300
chr22	29461784	29661784	harbor2	chr22	29461952	29462145	SINE/MIR	438	+	96	29462048	264
chr22	29461784	29661784	harbor2	chr22	29469343	29469512	SINE/MIR	413	+	84	29469427	7643
chr22	29461784	29661784	harbor2	chr22	29469575	29469808	SINE/MIR	610	+	116	29469691	7907
chr22	29461784	29661784	harbor2	chr22	29475051	29475183	SINE/MIR	423	+	66	29475117	13333
chr22	29461784	29661784	harbor2	chr22	29475315	29475396	SINE/MIR	423	+	40	29475355	13571
chr22	29461784	29661784	harbor2	chr22	29529709	29529860	SINE/MIR	422	+	76	29529785	68001
chr22	29461784	29661784	harbor2	chr22	29530166	29530214	SINE/MIR	422	+	24	29530190	68406
chr22	29461784	29661784	harbor2	chr22	29550604	29550751	SINE/MIR	456	+	74	29550678	88894
chr22	44788598	44988598	harbor2	chr22	44806434	44806598	SINE/MIR	524	+	82	44806516	17918
chr22	44788598	44988598	harbor2	chr22	44808088	44808162	SINE/MIR	457	+	37	44808125	19527
chr22	44788598	44988598	harbor2	chr22	44824120	44824252	SINE/MIR	391	+	66	44824186	35588
chr22	44788598	44988598	harbor2	chr22	44845465	44845705	SINE/MIR	788	+	120	44845585	56987
chr22	44788598	44988598	harbor2	chr22	44861686	44861793	SINE/MIR	402	+	54	44861740	73142
chr22	23024082	23224082	harbor2	chr22	23065584	23065687	SINE/MIR	441	+	52	23065636	41554
chr22	39579207	39779207	harbor2	chr22	39582147	39582295	SINE/MIR	433	+	74	39582221	3014
chr22	39579207	39779207	harbor2	chr22	39582517	39582569	SINE/MIR	433	+	26	39582543	3336
chr22	39579207	39779207	harbor2	chr22	39590631	39590772	SINE/MIR	403	+	70	39590701	11494
chr22	39579207	39779207	harbor2	chr22	39593715	39593928	SINE/MIR	541	+	106	39593821	14614
chr22	39579207	39779207	harbor2	chr22	39594063	39594247	SINE/MIR	475	+	92	39594155	14948
chr22	39579207	39779207	harbor2	chr22	39600279	39600386	SINE/MIR	455	+	54	39600333	21126
chr22	39579207	39779207	harbor2	chr22	39625373	39625529	SINE/MIR	445	+	78	39625451	46244
chr22	39579207	39779207	harbor2	chr22	39626137	39626312	SINE/MIR	434	+	88	39626225	47018
chr22	39579207	39779207	harbor2	chr22	39634071	39634329	SINE/MIR	743	+	129	39634200	54993
chr22	39579207	39779207	harbor2	chr22	39641812	39641980	SINE/MIR	477	+	84	39641896	62689
chr22	39579207	39779207	harbor2	chr22	39642524	39642720	SINE/MIR	496	+	98	39642622	63415
chr22	39579207	39779207	harbor2	chr22	39655037	39655230	SINE/MIR	596	+	96	39655133	75926
chr22	39579207	39779207	harbor2	chr22	39656690	39656840	SINE/MIR	425	+	75	39656765	77558
chr22	39579207	39779207	harbor2	chr22	39657543	39657757	SINE/MIR	701	+	107	39657650	78443
chr22	39579207	39779207	harbor2	chr22	39661547	39661709	SINE/MIR	691	+	81	39661628	82421
chr22	39579207	39779207	harbor2	chr22	39666061	39666261	SINE/MIR	505	+	100	39666161	86954
chr22	39579207	39779207	harbor2	chr22	39666292	39666443	SINE/MIR	475	+	76	39666368	87161
chr22	39579207	39779207	harbor2	chr22	39676896	39677140	SINE/MIR	713	+	122	39677018	97811
chr22	39579207	39779207	harbor2	chr22	39599986	39600193	SINE/MIR	832	+	104	39600090	20883
chr22	24070321	24270321	harbor2	chr22	24072863	24073086	SINE/MIR	672	+	112	24072975	2654
chr22	24070321	24270321	harbor2	chr22	24130343	24130510	SINE/MIR	510	+	84	24130427	60106
chr22	24070321	24270321	harbor2	chr22	24136985	24137134	SINE/MIR	397	+	74	24137059	66738
chr22	24070321	24270321	harbor2	chr22	24149222	24149387	SINE/MIR	453	+	82	24149304	78983
chr22	39366725	39566725	harbor2	chr22	39369565	39369740	SINE/MIR	437	+	88	39369653	2928
chr22	39366725	39566725	harbor2	chr22	39371785	39371913	SINE/MIR	498	+	64	39371849	5124
chr22	39366725	39566725	harbor2	chr22	39378184	39378372	SINE/MIR	506	+	94	39378278	11553
chr22	39366725	39566725	harbor2	chr22	39418925	39419145	SINE/MIR	720	+	110	39419035	52310
chr22	39366725	39566725	harbor2	chr22	39446644	39446729	SINE/MIR	408	+	42	39446686	79961
chr22	39366725	39566725	harbor2	chr22	39460383	39460509	SINE/MIR	503	+	63	39460446	93721
chr22	24069790	24269790	harbor2	chr22	24072863	24073086	SINE/MIR	672	+	112	24072975	3185
chr22	24069790	24269790	harbor2	chr22	24130343	24130510	SINE/MIR	510	+	84	24130427	60637
chr22	24069790	24269790	harbor2	chr22	24136985	24137134	SINE/MIR	397	+	74	24137059	67269
chr22	24069790	24269790	harbor2	chr22	24149222	24149387	SINE/MIR	453	+	82	24149304	79514
chr22	24928712	25128712	harbor2	chr22	24930487	24930540	SINE/MIR	500	+	26	24930513	1801
chr22	24928712	25128712	harbor2	chr22	24930993	24931046	SINE/MIR	500	+	26	24931019	2307
chr22	24928712	25128712	harbor2	chr22	24932303	24932436	SINE/MIR	694	+	66	24932369	3657
chr22	24928712	25128712	harbor2	chr22	24948989	24949066	SINE/MIR	516	+	38	24949027	20315
chr22	24928712	25128712	harbor2	chr22	24956901	24957121	SINE/MIR	409	+	110	24957011	28299
chr22	24928712	25128712	harbor2	chr22	24962463	24962647	SINE/MIR	900	+	92	24962555	33843
chr22	24928712	25128712	harbor2	chr22	24964892	24965107	SINE/MIR	459	+	108	24965000	36288
chr22	24928712	25128712	harbor2	chr22	24970393	24970594	SINE/MIR	399	+	100	24970493	41781
chr22	24928712	25128712	harbor2	chr22	24976944	24977126	SINE/MIR	511	+	91	24977035	48323
chr22	24928712	25128712	harbor2	chr22	25003175	25003330	SINE/MIR	443	+	78	25003253	74541
chr22	24928712	25128712	harbor2	chr22	25008336	25008508	SINE/MIR	531	+	86	25008422	79710
chr22	24928712	25128712	harbor2	chr22	25019239	25019411	SINE/MIR	720	+	86	25019325	90613
chr22	24928712	25128712	harbor2	chr22	25020107	25020350	SINE/MIR	522	+	122	25020229	91517
chr22	39369739	39569739	harbor2	chr22	39369565	39369740	SINE/MIR	437	+	88	39369653	86
chr22	39369739	39569739	harbor2	chr22	39371785	39371913	SINE/MIR	498	+	64	39371849	2110
chr22	39369739	39569739	harbor2	chr22	39378184	39378372	SINE/MIR	506	+	94	39378278	8539
chr22	39369739	39569739	harbor2	chr22	39418925	39419145	SINE/MIR	720	+	110	39419035	49296
chr22	39369739	39569739	harbor2	chr22	39446644	39446729	SINE/MIR	408	+	42	39446686	76947
chr22	39369739	39569739	harbor2	chr22	39460383	39460509	SINE/MIR	503	+	63	39460446	90707
chr22	24069829	24269829	harbor2	chr22	24072863	24073086	SINE/MIR	672	+	112	24072975	3146
chr22	24069829	24269829	harbor2	chr22	24130343	24130510	SINE/MIR	510	+	84	24130427	60598
chr22	24069829	24269829	harbor2	chr22	24136985	24137134	SINE/MIR	397	+	74	24137059	67230
chr22	24069829	24269829	harbor2	chr22	24149222	24149387	SINE/MIR	453	+	82	24149304	79475
chr22	23421907	23621907	harbor2	chr22	23426789	23427025	SINE/MIR	624	+	118	23426907	5000
chr22	23421907	23621907	harbor2	chr22	23494697	23494906	SINE/MIR	490	+	104	23494801	72894
chr22	23421907	23621907	harbor2	chr22	23507535	23507690	SINE/MIR	423	+	78	23507613	85706
chr22	23421907	23621907	harbor2	chr22	23512685	23512794	SINE/MIR	478	+	54	23512739	90832
chr22	23421907	23621907	harbor2	chr22	23518498	23518708	SINE/MIR	552	+	105	23518603	96696
chr22	23421907	23621907	harbor2	chr22	23519442	23519640	SINE/MIR	648	+	99	23519541	97634
chr22	42521734	42721734	harbor2	chr22	42557043	42557193	SINE/MIR	482	+	75	42557118	35384
chr22	42521734	42721734	harbor2	chr22	42592600	42592771	SINE/MIR	503	+	86	42592686	70952
chr22	42521734	42721734	harbor2	chr22	42597439	42597606	SINE/MIR	485	+	84	42597523	75789
chr22	42521734	42721734	harbor2	chr22	42614128	42614315	SINE/MIR	487	+	94	42614222	92488
chr22	24070287	24270287	harbor2	chr22	24072863	24073086	SINE/MIR	672	+	112	24072975	2688
chr22	24070287	24270287	harbor2	chr22	24130343	24130510	SINE/MIR	510	+	84	24130427	60140
chr22	24070287	24270287	harbor2	chr22	24136985	24137134	SINE/MIR	397	+	74	24137059	66772
chr22	24070287	24270287	harbor2	chr22	24149222	24149387	SINE/MIR	453	+	82	24149304	79017
chr22	46291944	46491944	harbor2	chr22	46339004	46339144	SINE/MIR	396	+	70	46339074	47130
chr22	46291944	46491944	harbor2	chr22	46355172	46355330	SINE/MIR	402	+	79	46355251	63307
chr22	46291944	46491944	harbor2	chr22	46388842	46389013	SINE/MIR	453	+	86	46388928	96984
chr22	41811210	42011210	harbor2	chr22	41812951	41813117	SINE/MIR	473	+	83	41813034	1824
chr22	41811210	42011210	harbor2	chr22	41847574	41847818	SINE/MIR	935	+	122	41847696	36486
chr22	41811210	42011210	harbor2	chr22	41865784	41865916	SINE/MIR	473	+	66	41865850	54640
chr22	39945490	40145490	harbor2	chr22	39949559	39949790	SINE/MIR	598	+	116	39949675	4185
chr22	39945490	40145490	harbor2	chr22	39964948	39965109	SINE/MIR	566	+	80	39965028	19538
chr22	39945490	40145490	harbor2	chr22	39966279	39966481	SINE/MIR	579	+	101	39966380	20890
chr22	39945490	40145490	harbor2	chr22	39966747	39966961	SINE/MIR	704	+	107	39966854	21364
chr22	39945490	40145490	harbor2	chr22	39984174	39984371	SINE/MIR	489	+	98	39984272	38782
chr22	39945490	40145490	harbor2	chr22	39991449	39991597	SINE/MIR	731	+	74	39991523	46033
chr22	39945490	40145490	harbor2	chr22	39991747	39991818	SINE/MIR	731	+	36	39991783	46293
chr22	39945490	40145490	harbor2	chr22	39993829	39993980	SINE/MIR	436	+	76	39993905	48415
chr22	39945490	40145490	harbor2	chr22	40002565	40002811	SINE/MIR	425	+	123	40002688	57198
chr22	39945490	40145490	harbor2	chr22	40014790	40015017	SINE/MIR	498	+	114	40014904	69414
chr22	39945490	40145490	harbor2	chr22	40035616	40035817	SINE/MIR	439	+	100	40035716	90226
chr22	39945490	40145490	harbor2	chr22	40038881	40039025	SINE/MIR	494	+	72	40038953	93463
chr22	39945490	40145490	harbor2	chr22	40040247	40040456	SINE/MIR	593	+	104	40040351	94861
chr22	37418827	37618827	harbor2	chr22	37423431	37423674	SINE/MIR	574	+	122	37423553	4726
chr22	37418827	37618827	harbor2	chr22	37437944	37438023	SINE/MIR	393	+	40	37437984	19157
chr22	37418827	37618827	harbor2	chr22	37450071	37450308	SINE/MIR	591	+	118	37450189	31362
chr22	37418827	37618827	harbor2	chr22	37455267	37455395	SINE/MIR	482	+	64	37455331	36504
chr22	37418827	37618827	harbor2	chr22	37466387	37466607	SINE/MIR	764	+	110	37466497	47670
chr22	37418827	37618827	harbor2	chr22	37472961	37473155	SINE/MIR	668	+	97	37473058	54231
chr22	37418827	37618827	harbor2	chr22	37473443	37473500	SINE/MIR	668	+	28	37473471	54644
chr22	37418827	37618827	harbor2	chr22	37474786	37474947	SINE/MIR	483	+	80	37474866	56039
chr22	37418827	37618827	harbor2	chr22	37501656	37501771	SINE/MIR	465	+	58	37501714	82887
chr22	37418827	37618827	harbor2	chr22	37511860	37512058	SINE/MIR	674	+	99	37511959	93132
chr22	37418827	37618827	harbor2	chr22	37514138	37514309	SINE/MIR	494	+	86	37514224	95397
chr22	37418827	37618827	harbor2	chr22	37514998	37515169	SINE/MIR	552	+	86	37515084	96257
chr22	38679511	38879511	harbor2	chr22	38680366	38680442	SINE/MIR	450	+	38	38680404	893
chr22	38679511	38879511	harbor2	chr22	38697631	38697843	SINE/MIR	447	+	106	38697737	18226
chr22	38679511	38879511	harbor2	chr22	38699427	38699657	SINE/MIR	417	+	115	38699542	20031
chr22	38679511	38879511	harbor2	chr22	38706962	38707166	SINE/MIR	495	+	102	38707064	27553
chr22	38679511	38879511	harbor2	chr22	38724671	38724810	SINE/MIR	429	+	70	38724741	45230
chr22	38679511	38879511	harbor2	chr22	38732334	38732471	SINE/MIR	435	+	68	38732402	52891
chr22	38679511	38879511	harbor2	chr22	38775945	38776112	SINE/MIR	506	+	84	38776029	96518
chr22	38679511	38879511	harbor2	chr22	38682486	38682704	SINE/MIR	437	+	109	38682595	3084
chr22	39414512	39614512	harbor2	chr22	39418925	39419145	SINE/MIR	720	+	110	39419035	4523
chr22	39414512	39614512	harbor2	chr22	39446644	39446729	SINE/MIR	408	+	42	39446686	32174
chr22	39414512	39614512	harbor2	chr22	39460383	39460509	SINE/MIR	503	+	63	39460446	45934
chr22	39414512	39614512	harbor2	chr22	39476698	39476800	SINE/MIR	403	+	51	39476749	62237
chr22	39414512	39614512	harbor2	chr22	39481777	39481928	SINE/MIR	390	+	76	39481853	67341
chr22	39414512	39614512	harbor2	chr22	39482413	39482605	SINE/MIR	500	+	96	39482509	67997
chr22	39414512	39614512	harbor2	chr22	39484054	39484205	SINE/MIR	430	+	76	39484130	69618
chr22	39414512	39614512	harbor2	chr22	39506391	39506578	SINE/MIR	491	+	94	39506485	91973
chr22	24948900	25148900	harbor2	chr22	24948989	24949066	SINE/MIR	516	+	38	24949027	127
chr22	24948900	25148900	harbor2	chr22	24956901	24957121	SINE/MIR	409	+	110	24957011	8111
chr22	24948900	25148900	harbor2	chr22	24962463	24962647	SINE/MIR	900	+	92	24962555	13655
chr22	24948900	25148900	harbor2	chr22	24964892	24965107	SINE/MIR	459	+	108	24965000	16100
chr22	24948900	25148900	harbor2	chr22	24970393	24970594	SINE/MIR	399	+	100	24970493	21593
chr22	24948900	25148900	harbor2	chr22	24976944	24977126	SINE/MIR	511	+	91	24977035	28135
chr22	24948900	25148900	harbor2	chr22	25003175	25003330	SINE/MIR	443	+	78	25003253	54353
chr22	24948900	25148900	harbor2	chr22	25008336	25008508	SINE/MIR	531	+	86	25008422	59522
chr22	24948900	25148900	harbor2	chr22	25019239	25019411	SINE/MIR	720	+	86	25019325	70425
chr22	24948900	25148900	harbor2	chr22	25020107	25020350	SINE/MIR	522	+	122	25020229	71329
chr22	42780609	42980609	harbor2	chr22	42794530	42794751	SINE/MIR	461	+	110	42794640	14031
chr22	23082527	23282527	harbor2	chr22	23146880	23147010	SINE/MIR	396	+	65	23146945	64418
chr22	24070996	24270996	harbor2	chr22	24072863	24073086	SINE/MIR	672	+	112	24072975	1979
chr22	24070996	24270996	harbor2	chr22	24130343	24130510	SINE/MIR	510	+	84	24130427	59431
chr22	24070996	24270996	harbor2	chr22	24136985	24137134	SINE/MIR	397	+	74	24137059	66063
chr22	24070996	24270996	harbor2	chr22	24149222	24149387	SINE/MIR	453	+	82	24149304	78308
chrX	153388897	153588897	harbor2	chrX	153471168	153471361	SINE/MIR	687	+	96	153471264	82367
chrX	24366734	24566734	harbor2	chrX	24390671	24390897	SINE/MIR	931	+	113	24390784	24050
chrX	24366734	24566734	harbor2	chrX	24425673	24425825	SINE/MIR	626	+	76	24425749	59015
chrX	24366734	24566734	harbor2	chrX	24458996	24459217	SINE/MIR	561	+	110	24459106	92372
chrX	48955730	49155730	harbor2	chrX	48959402	48959599	SINE/MIR	746	+	98	48959500	3770
chrX	48955730	49155730	harbor2	chrX	48963562	48963783	SINE/MIR	633	+	110	48963672	7942
chrX	48955730	49155730	harbor2	chrX	48994718	48994949	SINE/MIR	1030	+	116	48994834	39104
chrX	48955730	49155730	harbor2	chrX	49030684	49030807	SINE/MIR	621	+	62	49030746	75016
chrX	48955730	49155730	harbor2	chrX	49031113	49031219	SINE/MIR	621	+	53	49031166	75436
chrX	48955730	49155730	harbor2	chrX	49044236	49044374	SINE/MIR	575	+	69	49044305	88575
chrX	153410219	153610219	harbor2	chrX	153471168	153471361	SINE/MIR	687	+	96	153471264	61045
chrX	72046619	72246619	harbor2	chrX	72060138	72060318	SINE/MIR	588	+	90	72060228	13609
chrX	72046619	72246619	harbor2	chrX	72061298	72061475	SINE/MIR	693	+	88	72061386	14767
chrX	72046619	72246619	harbor2	chrX	72075602	72075755	SINE/MIR	588	+	76	72075678	29059
chrX	72046619	72246619	harbor2	chrX	72089089	72089311	SINE/MIR	628	+	111	72089200	42581
chrX	72046619	72246619	harbor2	chrX	72092776	72093016	SINE/MIR	834	+	120	72092896	46277
chrX	72046619	72246619	harbor2	chrX	72102370	72102587	SINE/MIR	647	+	108	72102478	55859
chrX	72046619	72246619	harbor2	chrX	72115825	72115835	SINE/MIR	644	+	5	72115830	69211
chrX	72046619	72246619	harbor2	chrX	72116030	72116253	SINE/MIR	804	+	112	72116142	69523
chrX	72046619	72246619	harbor2	chrX	72126371	72126553	SINE/MIR	670	+	91	72126462	79843
chrX	72046619	72246619	harbor2	chrX	72137579	72137811	SINE/MIR	954	+	116	72137695	91076
chrX	72046619	72246619	harbor2	chrX	72142049	72142184	SINE/MIR	580	+	68	72142117	95498
chrX	72046619	72246619	harbor2	chrX	72122300	72122484	SINE/MIR	586	+	92	72122392	75773
chrX	72209033	72409033	harbor2	chrX	72257681	72257897	SINE/MIR	575	+	108	72257789	48756
chrX	72209033	72409033	harbor2	chrX	72258632	72258797	SINE/MIR	566	+	82	72258714	49681
chrX	72209033	72409033	harbor2	chrX	72261438	72261654	SINE/MIR	561	+	108	72261546	52513
chrX	48955657	49155657	harbor2	chrX	48959402	48959599	SINE/MIR	746	+	98	48959500	3843
chrX	48955657	49155657	harbor2	chrX	48963562	48963783	SINE/MIR	633	+	110	48963672	8015
chrX	48955657	49155657	harbor2	chrX	48994718	48994949	SINE/MIR	1030	+	116	48994834	39177
chrX	48955657	49155657	harbor2	chrX	49030684	49030807	SINE/MIR	621	+	62	49030746	75089
chrX	48955657	49155657	harbor2	chrX	49031113	49031219	SINE/MIR	621	+	53	49031166	75509
chrX	48955657	49155657	harbor2	chrX	49044236	49044374	SINE/MIR	575	+	69	49044305	88648
chrX	18255217	18455217	harbor2	chrX	18326704	18326895	SINE/MIR	650	+	96	18326800	71583
chrX	153387298	153587298	harbor2	chrX	153471168	153471361	SINE/MIR	687	+	96	153471264	83966
chrX	130073203	130273203	harbor2	chrX	130077071	130077106	SINE/MIR	1008	+	18	130077089	3886
chrX	130073203	130273203	harbor2	chrX	130077625	130077846	SINE/MIR	1008	+	110	130077735	4532
chrX	130073203	130273203	harbor2	chrX	130112443	130112584	SINE/MIR	659	+	70	130112513	39310
chrX	130073203	130273203	harbor2	chrX	130112881	130112907	SINE/MIR	659	+	13	130112894	39691
chrX	130073203	130273203	harbor2	chrX	130113861	130113989	SINE/MIR	659	+	64	130113925	40722
chrX	130073203	130273203	harbor2	chrX	130143934	130144162	SINE/MIR	749	+	114	130144048	70845
chrX	130073203	130273203	harbor2	chrX	130164735	130164912	SINE/MIR	685	+	88	130164823	91620
chrX	72209054	72409054	harbor2	chrX	72257681	72257897	SINE/MIR	575	+	108	72257789	48735
chrX	72209054	72409054	harbor2	chrX	72258632	72258797	SINE/MIR	566	+	82	72258714	49660
chrX	72209054	72409054	harbor2	chrX	72261438	72261654	SINE/MIR	561	+	108	72261546	52492
chrX	18254719	18454719	harbor2	chrX	18326704	18326895	SINE/MIR	650	+	96	18326800	72081
chrX	71011961	71211961	harbor2	chrX	71033076	71033225	SINE/MIR	559	+	74	71033150	21189
chrX	71011961	71211961	harbor2	chrX	71066067	71066292	SINE/MIR	597	+	112	71066179	54218
chrX	71011961	71211961	harbor2	chrX	71089387	71089610	SINE/MIR	833	+	112	71089499	77538
chrX	71011961	71211961	harbor2	chrX	71094415	71094617	SINE/MIR	673	+	101	71094516	82555
