H_chr	H_start	H_end	Harbor	TE_chr	TE_start	TE_end	TE	score	TE_strand	TE_half	TE_middle_pos	TE_dis
chr1	16545136	16745136	harbor1	chr1	16549882	16549929	SINE/MIR	671	-	24	16549906	4770
chr1	16545136	16745136	harbor1	chr1	16550232	16550380	SINE/MIR	671	-	74	16550306	5170
chr1	16545136	16745136	harbor1	chr1	16551364	16551580	SINE/MIR	493	-	108	16551472	6336
chr1	16545136	16745136	harbor1	chr1	16551815	16552014	SINE/MIR	530	-	100	16551915	6779
chr1	16545136	16745136	harbor1	chr1	16584312	16584458	SINE/MIR	440	-	73	16584385	39249
chr1	16545136	16745136	harbor1	chr1	16616012	16616256	SINE/MIR	462	-	122	16616134	70998
chr1	16545136	16745136	harbor1	chr1	16619309	16619456	SINE/MIR	456	-	74	16619383	74247
chr1	16545136	16745136	harbor1	chr1	16621378	16621593	SINE/MIR	530	-	108	16621486	76350
chr1	16545136	16745136	harbor1	chr1	16623030	16623201	SINE/MIR	537	-	86	16623116	77980
chr1	16545136	16745136	harbor1	chr1	16623585	16623784	SINE/MIR	569	-	100	16623685	78549
chr1	16543138	16743138	harbor1	chr1	16549882	16549929	SINE/MIR	671	-	24	16549906	6768
chr1	16543138	16743138	harbor1	chr1	16550232	16550380	SINE/MIR	671	-	74	16550306	7168
chr1	16543138	16743138	harbor1	chr1	16551364	16551580	SINE/MIR	493	-	108	16551472	8334
chr1	16543138	16743138	harbor1	chr1	16551815	16552014	SINE/MIR	530	-	100	16551915	8777
chr1	16543138	16743138	harbor1	chr1	16584312	16584458	SINE/MIR	440	-	73	16584385	41247
chr1	16543138	16743138	harbor1	chr1	16616012	16616256	SINE/MIR	462	-	122	16616134	72996
chr1	16543138	16743138	harbor1	chr1	16619309	16619456	SINE/MIR	456	-	74	16619383	76245
chr1	16543138	16743138	harbor1	chr1	16621378	16621593	SINE/MIR	530	-	108	16621486	78348
chr1	16543138	16743138	harbor1	chr1	16623030	16623201	SINE/MIR	537	-	86	16623116	79978
chr1	16543138	16743138	harbor1	chr1	16623585	16623784	SINE/MIR	569	-	100	16623685	80547
chr1	63219176	63419176	harbor1	chr1	63247111	63247365	SINE/MIR	712	-	127	63247238	28062
chr1	63219176	63419176	harbor1	chr1	63259857	63260091	SINE/MIR	671	-	117	63259974	40798
chr1	63219176	63419176	harbor1	chr1	63266583	63266685	SINE/MIR	464	-	51	63266634	47458
chr1	63219176	63419176	harbor1	chr1	63272643	63272840	SINE/MIR	502	-	98	63272741	53565
chr1	63219176	63419176	harbor1	chr1	63313041	63313219	SINE/MIR	770	-	89	63313130	93954
chr1	150461410	150661410	harbor1	chr1	150465457	150465661	SINE/MIR	634	-	102	150465559	4149
chr1	150461410	150661410	harbor1	chr1	150548577	150548721	SINE/MIR	477	-	72	150548649	87239
chr1	21742123	21942123	harbor1	chr1	21814219	21814405	SINE/MIR	651	-	93	21814312	72189
chr1	21742123	21942123	harbor1	chr1	21816448	21816546	SINE/MIR	479	-	49	21816497	74374
chr1	21742123	21942123	harbor1	chr1	21827217	21827408	SINE/MIR	720	-	96	21827313	85190
chr1	21742123	21942123	harbor1	chr1	21828583	21828723	SINE/MIR	488	-	70	21828653	86530
chr1	21742123	21942123	harbor1	chr1	21833997	21834157	SINE/MIR	497	-	80	21834077	91954
chr1	21742123	21942123	harbor1	chr1	21836249	21836324	SINE/MIR	447	-	38	21836287	94164
chr1	21742123	21942123	harbor1	chr1	21836621	21836700	SINE/MIR	447	-	40	21836661	94538
chr1	21742123	21942123	harbor1	chr1	21837729	21837853	SINE/MIR	729	-	62	21837791	95668
chr1	21742123	21942123	harbor1	chr1	21838166	21838288	SINE/MIR	729	-	61	21838227	96104
chr1	51230788	51430788	harbor1	chr1	51295498	51295725	SINE/MIR	491	-	114	51295612	64824
chr1	51230788	51430788	harbor1	chr1	51325497	51325709	SINE/MIR	470	-	106	51325603	94815
chr1	16542741	16742741	harbor1	chr1	16549882	16549929	SINE/MIR	671	-	24	16549906	7165
chr1	16542741	16742741	harbor1	chr1	16550232	16550380	SINE/MIR	671	-	74	16550306	7565
chr1	16542741	16742741	harbor1	chr1	16551364	16551580	SINE/MIR	493	-	108	16551472	8731
chr1	16542741	16742741	harbor1	chr1	16551815	16552014	SINE/MIR	530	-	100	16551915	9174
chr1	16542741	16742741	harbor1	chr1	16584312	16584458	SINE/MIR	440	-	73	16584385	41644
chr1	16542741	16742741	harbor1	chr1	16616012	16616256	SINE/MIR	462	-	122	16616134	73393
chr1	16542741	16742741	harbor1	chr1	16619309	16619456	SINE/MIR	456	-	74	16619383	76642
chr1	16542741	16742741	harbor1	chr1	16621378	16621593	SINE/MIR	530	-	108	16621486	78745
chr1	16542741	16742741	harbor1	chr1	16623030	16623201	SINE/MIR	537	-	86	16623116	80375
chr1	16542741	16742741	harbor1	chr1	16623585	16623784	SINE/MIR	569	-	100	16623685	80944
chr1	109183460	109383460	harbor1	chr1	109225603	109225818	SINE/MIR	448	-	108	109225711	42251
chr1	16544784	16744784	harbor1	chr1	16549882	16549929	SINE/MIR	671	-	24	16549906	5122
chr1	16544784	16744784	harbor1	chr1	16550232	16550380	SINE/MIR	671	-	74	16550306	5522
chr1	16544784	16744784	harbor1	chr1	16551364	16551580	SINE/MIR	493	-	108	16551472	6688
chr1	16544784	16744784	harbor1	chr1	16551815	16552014	SINE/MIR	530	-	100	16551915	7131
chr1	16544784	16744784	harbor1	chr1	16584312	16584458	SINE/MIR	440	-	73	16584385	39601
chr1	16544784	16744784	harbor1	chr1	16616012	16616256	SINE/MIR	462	-	122	16616134	71350
chr1	16544784	16744784	harbor1	chr1	16619309	16619456	SINE/MIR	456	-	74	16619383	74599
chr1	16544784	16744784	harbor1	chr1	16621378	16621593	SINE/MIR	530	-	108	16621486	76702
chr1	16544784	16744784	harbor1	chr1	16623030	16623201	SINE/MIR	537	-	86	16623116	78332
chr1	16544784	16744784	harbor1	chr1	16623585	16623784	SINE/MIR	569	-	100	16623685	78901
chr1	15942113	16142113	harbor1	chr1	15967696	15967930	SINE/MIR	776	-	117	15967813	25700
chr1	15942113	16142113	harbor1	chr1	15975180	15975399	SINE/MIR	452	-	110	15975290	33177
chr1	15942113	16142113	harbor1	chr1	15976264	15976536	SINE/MIR	841	-	136	15976400	34287
chr1	15942113	16142113	harbor1	chr1	16007740	16007985	SINE/MIR	452	-	122	16007862	65749
chr1	15942113	16142113	harbor1	chr1	16009564	16009747	SINE/MIR	629	-	92	16009656	67543
chr1	15942113	16142113	harbor1	chr1	16024423	16024612	SINE/MIR	669	-	94	16024517	82404
chr1	2375365	2575365	harbor1	chr1	2393539	2393763	SINE/MIR	494	-	112	2393651	18286
chr1	2375365	2575365	harbor1	chr1	2399666	2399853	SINE/MIR	493	-	94	2399760	24395
chr1	16596895	16796895	harbor1	chr1	16616012	16616256	SINE/MIR	462	-	122	16616134	19239
chr1	16596895	16796895	harbor1	chr1	16619309	16619456	SINE/MIR	456	-	74	16619383	22488
chr1	16596895	16796895	harbor1	chr1	16621378	16621593	SINE/MIR	530	-	108	16621486	24591
chr1	16596895	16796895	harbor1	chr1	16623030	16623201	SINE/MIR	537	-	86	16623116	26221
chr1	16596895	16796895	harbor1	chr1	16623585	16623784	SINE/MIR	569	-	100	16623685	26790
chr1	16596895	16796895	harbor1	chr1	16682379	16682595	SINE/MIR	452	-	108	16682487	85592
chr1	16596895	16796895	harbor1	chr1	16682807	16683029	SINE/MIR	497	-	111	16682918	86023
chr1	960023	1160023	harbor1	chr1	1039000	1039158	SINE/MIR	534	-	79	1039079	79056
chr1	89721500	89921500	harbor1	chr1	89755950	89756183	SINE/MIR	529	-	116	89756066	34566
chr1	89721500	89921500	harbor1	chr1	89785401	89785568	SINE/MIR	516	-	84	89785485	63985
chr1	89721500	89921500	harbor1	chr1	89804028	89804251	SINE/MIR	604	-	112	89804140	82640
chr1	89721500	89921500	harbor1	chr1	89805049	89805188	SINE/MIR	467	-	70	89805119	83619
chr1	89721500	89921500	harbor1	chr1	89807033	89807136	SINE/MIR	751	-	52	89807085	85585
chr1	89721500	89921500	harbor1	chr1	89807873	89807957	SINE/MIR	751	-	42	89807915	86415
chr1	89721500	89921500	harbor1	chr1	89816577	89816739	SINE/MIR	461	-	81	89816658	95158
chr1	16544947	16744947	harbor1	chr1	16549882	16549929	SINE/MIR	671	-	24	16549906	4959
chr1	16544947	16744947	harbor1	chr1	16550232	16550380	SINE/MIR	671	-	74	16550306	5359
chr1	16544947	16744947	harbor1	chr1	16551364	16551580	SINE/MIR	493	-	108	16551472	6525
chr1	16544947	16744947	harbor1	chr1	16551815	16552014	SINE/MIR	530	-	100	16551915	6968
chr1	16544947	16744947	harbor1	chr1	16584312	16584458	SINE/MIR	440	-	73	16584385	39438
chr1	16544947	16744947	harbor1	chr1	16616012	16616256	SINE/MIR	462	-	122	16616134	71187
chr1	16544947	16744947	harbor1	chr1	16619309	16619456	SINE/MIR	456	-	74	16619383	74436
chr1	16544947	16744947	harbor1	chr1	16621378	16621593	SINE/MIR	530	-	108	16621486	76539
chr1	16544947	16744947	harbor1	chr1	16623030	16623201	SINE/MIR	537	-	86	16623116	78169
chr1	16544947	16744947	harbor1	chr1	16623585	16623784	SINE/MIR	569	-	100	16623685	78738
chr1	16625292	16825292	harbor1	chr1	16682379	16682595	SINE/MIR	452	-	108	16682487	57195
chr1	16625292	16825292	harbor1	chr1	16682807	16683029	SINE/MIR	497	-	111	16682918	57626
chr1	16625292	16825292	harbor1	chr1	16711679	16711933	SINE/MIR	736	-	127	16711806	86514
chr1	16526616	16726616	harbor1	chr1	16549882	16549929	SINE/MIR	671	-	24	16549906	23290
chr1	16526616	16726616	harbor1	chr1	16550232	16550380	SINE/MIR	671	-	74	16550306	23690
chr1	16526616	16726616	harbor1	chr1	16551364	16551580	SINE/MIR	493	-	108	16551472	24856
chr1	16526616	16726616	harbor1	chr1	16551815	16552014	SINE/MIR	530	-	100	16551915	25299
chr1	16526616	16726616	harbor1	chr1	16584312	16584458	SINE/MIR	440	-	73	16584385	57769
chr1	16526616	16726616	harbor1	chr1	16616012	16616256	SINE/MIR	462	-	122	16616134	89518
chr1	16526616	16726616	harbor1	chr1	16619309	16619456	SINE/MIR	456	-	74	16619383	92767
chr1	16526616	16726616	harbor1	chr1	16621378	16621593	SINE/MIR	530	-	108	16621486	94870
chr1	16526616	16726616	harbor1	chr1	16623030	16623201	SINE/MIR	537	-	86	16623116	96500
chr1	16526616	16726616	harbor1	chr1	16623585	16623784	SINE/MIR	569	-	100	16623685	97069
chr1	16544872	16744872	harbor1	chr1	16549882	16549929	SINE/MIR	671	-	24	16549906	5034
chr1	16544872	16744872	harbor1	chr1	16550232	16550380	SINE/MIR	671	-	74	16550306	5434
chr1	16544872	16744872	harbor1	chr1	16551364	16551580	SINE/MIR	493	-	108	16551472	6600
chr1	16544872	16744872	harbor1	chr1	16551815	16552014	SINE/MIR	530	-	100	16551915	7043
chr1	16544872	16744872	harbor1	chr1	16584312	16584458	SINE/MIR	440	-	73	16584385	39513
chr1	16544872	16744872	harbor1	chr1	16616012	16616256	SINE/MIR	462	-	122	16616134	71262
chr1	16544872	16744872	harbor1	chr1	16619309	16619456	SINE/MIR	456	-	74	16619383	74511
chr1	16544872	16744872	harbor1	chr1	16621378	16621593	SINE/MIR	530	-	108	16621486	76614
chr1	16544872	16744872	harbor1	chr1	16623030	16623201	SINE/MIR	537	-	86	16623116	78244
chr1	16544872	16744872	harbor1	chr1	16623585	16623784	SINE/MIR	569	-	100	16623685	78813
chr1	16544810	16744810	harbor1	chr1	16549882	16549929	SINE/MIR	671	-	24	16549906	5096
chr1	16544810	16744810	harbor1	chr1	16550232	16550380	SINE/MIR	671	-	74	16550306	5496
chr1	16544810	16744810	harbor1	chr1	16551364	16551580	SINE/MIR	493	-	108	16551472	6662
chr1	16544810	16744810	harbor1	chr1	16551815	16552014	SINE/MIR	530	-	100	16551915	7105
chr1	16544810	16744810	harbor1	chr1	16584312	16584458	SINE/MIR	440	-	73	16584385	39575
chr1	16544810	16744810	harbor1	chr1	16616012	16616256	SINE/MIR	462	-	122	16616134	71324
chr1	16544810	16744810	harbor1	chr1	16619309	16619456	SINE/MIR	456	-	74	16619383	74573
chr1	16544810	16744810	harbor1	chr1	16621378	16621593	SINE/MIR	530	-	108	16621486	76676
chr1	16544810	16744810	harbor1	chr1	16623030	16623201	SINE/MIR	537	-	86	16623116	78306
chr1	16544810	16744810	harbor1	chr1	16623585	16623784	SINE/MIR	569	-	100	16623685	78875
chr1	16544790	16744790	harbor1	chr1	16549882	16549929	SINE/MIR	671	-	24	16549906	5116
chr1	16544790	16744790	harbor1	chr1	16550232	16550380	SINE/MIR	671	-	74	16550306	5516
chr1	16544790	16744790	harbor1	chr1	16551364	16551580	SINE/MIR	493	-	108	16551472	6682
chr1	16544790	16744790	harbor1	chr1	16551815	16552014	SINE/MIR	530	-	100	16551915	7125
chr1	16544790	16744790	harbor1	chr1	16584312	16584458	SINE/MIR	440	-	73	16584385	39595
chr1	16544790	16744790	harbor1	chr1	16616012	16616256	SINE/MIR	462	-	122	16616134	71344
chr1	16544790	16744790	harbor1	chr1	16619309	16619456	SINE/MIR	456	-	74	16619383	74593
chr1	16544790	16744790	harbor1	chr1	16621378	16621593	SINE/MIR	530	-	108	16621486	76696
chr1	16544790	16744790	harbor1	chr1	16623030	16623201	SINE/MIR	537	-	86	16623116	78326
chr1	16544790	16744790	harbor1	chr1	16623585	16623784	SINE/MIR	569	-	100	16623685	78895
chr1	16526581	16726581	harbor1	chr1	16549882	16549929	SINE/MIR	671	-	24	16549906	23325
chr1	16526581	16726581	harbor1	chr1	16550232	16550380	SINE/MIR	671	-	74	16550306	23725
chr1	16526581	16726581	harbor1	chr1	16551364	16551580	SINE/MIR	493	-	108	16551472	24891
chr1	16526581	16726581	harbor1	chr1	16551815	16552014	SINE/MIR	530	-	100	16551915	25334
chr1	16526581	16726581	harbor1	chr1	16584312	16584458	SINE/MIR	440	-	73	16584385	57804
chr1	16526581	16726581	harbor1	chr1	16616012	16616256	SINE/MIR	462	-	122	16616134	89553
chr1	16526581	16726581	harbor1	chr1	16619309	16619456	SINE/MIR	456	-	74	16619383	92802
chr1	16526581	16726581	harbor1	chr1	16621378	16621593	SINE/MIR	530	-	108	16621486	94905
chr1	16526581	16726581	harbor1	chr1	16623030	16623201	SINE/MIR	537	-	86	16623116	96535
chr1	16526581	16726581	harbor1	chr1	16623585	16623784	SINE/MIR	569	-	100	16623685	97104
chr1	77131620	77331620	harbor1	chr1	77143902	77144153	SINE/MIR	782	-	126	77144028	12408
chr1	77131620	77331620	harbor1	chr1	77155849	77156012	SINE/MIR	570	-	82	77155931	24311
chr1	77131620	77331620	harbor1	chr1	77189848	77190071	SINE/MIR	567	-	112	77189960	58340
chr1	11666518	11866518	harbor1	chr1	11715712	11715859	SINE/MIR	478	-	74	11715786	49268
chr1	11666518	11866518	harbor1	chr1	11720083	11720244	SINE/MIR	576	-	80	11720163	53645
chr1	11666518	11866518	harbor1	chr1	11737503	11737675	SINE/MIR	508	-	86	11737589	71071
chr1	11666518	11866518	harbor1	chr1	11738553	11738785	SINE/MIR	576	-	116	11738669	72151
chr1	11666518	11866518	harbor1	chr1	11759383	11759515	SINE/MIR	622	-	66	11759449	92931
chr1	11666518	11866518	harbor1	chr1	11759831	11759912	SINE/MIR	622	-	40	11759871	93353
chr1	11666518	11866518	harbor1	chr1	11760212	11760259	SINE/MIR	622	-	24	11760236	93718
chr1	11666518	11866518	harbor1	chr1	11681725	11681960	SINE/MIR	547	-	118	11681843	15325
chr1	7671335	7871335	harbor1	chr1	7697248	7697469	SINE/MIR	453	-	110	7697358	26023
chr1	7671335	7871335	harbor1	chr1	7724843	7725025	SINE/MIR	482	-	91	7724934	53599
chr1	6685469	6885469	harbor1	chr1	6718762	6718784	SINE/MIR	686	-	11	6718773	33304
chr1	6685469	6885469	harbor1	chr1	6719300	6719449	SINE/MIR	686	-	74	6719374	33905
chr1	6685469	6885469	harbor1	chr1	6719754	6719821	SINE/MIR	686	-	34	6719788	34319
chr1	6685469	6885469	harbor1	chr1	6765477	6765628	SINE/MIR	519	-	76	6765553	80084
chr1	6685469	6885469	harbor1	chr1	6766008	6766108	SINE/MIR	519	-	50	6766058	80589
chr1	8715651	8915651	harbor1	chr1	8722372	8722523	SINE/MIR	528	-	76	8722448	6797
chr1	8715651	8915651	harbor1	chr1	8748083	8748303	SINE/MIR	442	-	110	8748193	32542
chr1	8715651	8915651	harbor1	chr1	8751980	8752196	SINE/MIR	529	-	108	8752088	36437
chr1	8715651	8915651	harbor1	chr1	8760860	8761110	SINE/MIR	507	-	125	8760985	45334
chr1	8715651	8915651	harbor1	chr1	8775788	8775994	SINE/MIR	923	-	103	8775891	60240
chr1	8715651	8915651	harbor1	chr1	8808445	8808659	SINE/MIR	864	-	107	8808552	92901
chr1	8715651	8915651	harbor1	chr1	8748972	8749199	SINE/MIR	658	-	114	8749086	33435
chr1	16544755	16744755	harbor1	chr1	16549882	16549929	SINE/MIR	671	-	24	16549906	5151
chr1	16544755	16744755	harbor1	chr1	16550232	16550380	SINE/MIR	671	-	74	16550306	5551
chr1	16544755	16744755	harbor1	chr1	16551364	16551580	SINE/MIR	493	-	108	16551472	6717
chr1	16544755	16744755	harbor1	chr1	16551815	16552014	SINE/MIR	530	-	100	16551915	7160
chr1	16544755	16744755	harbor1	chr1	16584312	16584458	SINE/MIR	440	-	73	16584385	39630
chr1	16544755	16744755	harbor1	chr1	16616012	16616256	SINE/MIR	462	-	122	16616134	71379
chr1	16544755	16744755	harbor1	chr1	16619309	16619456	SINE/MIR	456	-	74	16619383	74628
chr1	16544755	16744755	harbor1	chr1	16621378	16621593	SINE/MIR	530	-	108	16621486	76731
chr1	16544755	16744755	harbor1	chr1	16623030	16623201	SINE/MIR	537	-	86	16623116	78361
chr1	16544755	16744755	harbor1	chr1	16623585	16623784	SINE/MIR	569	-	100	16623685	78930
chr1	3672834	3872834	harbor1	chr1	3673415	3673610	SINE/MIR	527	-	98	3673513	679
chr1	3672834	3872834	harbor1	chr1	3701467	3701502	SINE/MIR	439	-	18	3701485	28651
chr1	3672834	3872834	harbor1	chr1	3701809	3701950	SINE/MIR	439	-	70	3701879	29045
chr1	16544809	16744809	harbor1	chr1	16549882	16549929	SINE/MIR	671	-	24	16549906	5097
chr1	16544809	16744809	harbor1	chr1	16550232	16550380	SINE/MIR	671	-	74	16550306	5497
chr1	16544809	16744809	harbor1	chr1	16551364	16551580	SINE/MIR	493	-	108	16551472	6663
chr1	16544809	16744809	harbor1	chr1	16551815	16552014	SINE/MIR	530	-	100	16551915	7106
chr1	16544809	16744809	harbor1	chr1	16584312	16584458	SINE/MIR	440	-	73	16584385	39576
chr1	16544809	16744809	harbor1	chr1	16616012	16616256	SINE/MIR	462	-	122	16616134	71325
chr1	16544809	16744809	harbor1	chr1	16619309	16619456	SINE/MIR	456	-	74	16619383	74574
chr1	16544809	16744809	harbor1	chr1	16621378	16621593	SINE/MIR	530	-	108	16621486	76677
chr1	16544809	16744809	harbor1	chr1	16623030	16623201	SINE/MIR	537	-	86	16623116	78307
chr1	16544809	16744809	harbor1	chr1	16623585	16623784	SINE/MIR	569	-	100	16623685	78876
chr1	53846279	54046279	harbor1	chr1	53860357	53860570	SINE/MIR	705	-	106	53860463	14184
chr1	53846279	54046279	harbor1	chr1	53862095	53862326	SINE/MIR	491	-	116	53862211	15932
chr1	53846279	54046279	harbor1	chr1	53864826	53865046	SINE/MIR	711	-	110	53864936	18657
chr1	53846279	54046279	harbor1	chr1	53869350	53869606	SINE/MIR	831	-	128	53869478	23199
chr1	53846279	54046279	harbor1	chr1	53898867	53899014	SINE/MIR	501	-	74	53898941	52662
chr1	53846279	54046279	harbor1	chr1	53904048	53904184	SINE/MIR	443	-	68	53904116	57837
chr1	53846279	54046279	harbor1	chr1	53911560	53911768	SINE/MIR	687	-	104	53911664	65385
chr1	53846279	54046279	harbor1	chr1	53928749	53928942	SINE/MIR	444	-	96	53928845	82566
chr1	26400749	26600749	harbor1	chr1	26407188	26407397	SINE/MIR	605	-	104	26407292	6543
chr1	26400749	26600749	harbor1	chr1	26448676	26448857	SINE/MIR	494	-	90	26448766	48017
chr1	26400749	26600749	harbor1	chr1	26452528	26452761	SINE/MIR	901	-	116	26452644	51895
chr1	26400749	26600749	harbor1	chr1	26459430	26459626	SINE/MIR	726	-	98	26459528	58779
chr1	26400749	26600749	harbor1	chr1	26460257	26460460	SINE/MIR	620	-	102	26460359	59610
chr1	26400749	26600749	harbor1	chr1	26466803	26466909	SINE/MIR	432	-	53	26466856	66107
chr1	26400749	26600749	harbor1	chr1	26468444	26468634	SINE/MIR	600	-	95	26468539	67790
chr1	26400749	26600749	harbor1	chr1	26489988	26490129	SINE/MIR	562	-	70	26490058	89309
chr1	26400749	26600749	harbor1	chr1	26490646	26490800	SINE/MIR	452	-	77	26490723	89974
chr1	16538570	16738570	harbor1	chr1	16549882	16549929	SINE/MIR	671	-	24	16549906	11336
chr1	16538570	16738570	harbor1	chr1	16550232	16550380	SINE/MIR	671	-	74	16550306	11736
chr1	16538570	16738570	harbor1	chr1	16551364	16551580	SINE/MIR	493	-	108	16551472	12902
chr1	16538570	16738570	harbor1	chr1	16551815	16552014	SINE/MIR	530	-	100	16551915	13345
chr1	16538570	16738570	harbor1	chr1	16584312	16584458	SINE/MIR	440	-	73	16584385	45815
chr1	16538570	16738570	harbor1	chr1	16616012	16616256	SINE/MIR	462	-	122	16616134	77564
chr1	16538570	16738570	harbor1	chr1	16619309	16619456	SINE/MIR	456	-	74	16619383	80813
chr1	16538570	16738570	harbor1	chr1	16621378	16621593	SINE/MIR	530	-	108	16621486	82916
chr1	16538570	16738570	harbor1	chr1	16623030	16623201	SINE/MIR	537	-	86	16623116	84546
chr1	16538570	16738570	harbor1	chr1	16623585	16623784	SINE/MIR	569	-	100	16623685	85115
chr1	16543109	16743109	harbor1	chr1	16549882	16549929	SINE/MIR	671	-	24	16549906	6797
chr1	16543109	16743109	harbor1	chr1	16550232	16550380	SINE/MIR	671	-	74	16550306	7197
chr1	16543109	16743109	harbor1	chr1	16551364	16551580	SINE/MIR	493	-	108	16551472	8363
chr1	16543109	16743109	harbor1	chr1	16551815	16552014	SINE/MIR	530	-	100	16551915	8806
chr1	16543109	16743109	harbor1	chr1	16584312	16584458	SINE/MIR	440	-	73	16584385	41276
chr1	16543109	16743109	harbor1	chr1	16616012	16616256	SINE/MIR	462	-	122	16616134	73025
chr1	16543109	16743109	harbor1	chr1	16619309	16619456	SINE/MIR	456	-	74	16619383	76274
chr1	16543109	16743109	harbor1	chr1	16621378	16621593	SINE/MIR	530	-	108	16621486	78377
chr1	16543109	16743109	harbor1	chr1	16623030	16623201	SINE/MIR	537	-	86	16623116	80007
chr1	16543109	16743109	harbor1	chr1	16623585	16623784	SINE/MIR	569	-	100	16623685	80576
chr1	244605525	244805525	harbor1	chr1	244605465	244605660	SINE/MIR	460	-	98	244605563	38
chr1	244605525	244805525	harbor1	chr1	244641567	244641776	SINE/MIR	593	-	104	244641671	36146
chr1	244605525	244805525	harbor1	chr1	244667471	244667646	SINE/MIR	567	-	88	244667559	62034
chr1	244605525	244805525	harbor1	chr1	244670500	244670725	SINE/MIR	827	-	112	244670612	65087
chr1	4738326	4938326	harbor1	chr1	4799865	4800027	SINE/MIR	554	-	81	4799946	61620
chr1	16596777	16796777	harbor1	chr1	16616012	16616256	SINE/MIR	462	-	122	16616134	19357
chr1	16596777	16796777	harbor1	chr1	16619309	16619456	SINE/MIR	456	-	74	16619383	22606
chr1	16596777	16796777	harbor1	chr1	16621378	16621593	SINE/MIR	530	-	108	16621486	24709
chr1	16596777	16796777	harbor1	chr1	16623030	16623201	SINE/MIR	537	-	86	16623116	26339
chr1	16596777	16796777	harbor1	chr1	16623585	16623784	SINE/MIR	569	-	100	16623685	26908
chr1	16596777	16796777	harbor1	chr1	16682379	16682595	SINE/MIR	452	-	108	16682487	85710
chr1	16596777	16796777	harbor1	chr1	16682807	16683029	SINE/MIR	497	-	111	16682918	86141
chr1	5561024	5761024	harbor1	chr1	5566228	5566384	SINE/MIR	436	-	78	5566306	5282
chr1	5561024	5761024	harbor1	chr1	5651792	5651993	SINE/MIR	623	-	100	5651892	90868
chr1	5561024	5761024	harbor1	chr1	5657825	5658017	SINE/MIR	562	-	96	5657921	96897
chr1	154963125	155163125	harbor1	chr1	154966582	154966820	SINE/MIR	879	-	119	154966701	3576
chr1	154963125	155163125	harbor1	chr1	155013117	155013349	SINE/MIR	962	-	116	155013233	50108
chr1	154963125	155163125	harbor1	chr1	155013360	155013556	SINE/MIR	585	-	98	155013458	50333
chr1	154963125	155163125	harbor1	chr1	155028228	155028309	SINE/MIR	748	-	40	155028268	65143
chr1	154963125	155163125	harbor1	chr1	155028895	155029007	SINE/MIR	748	-	56	155028951	65826
chr1	154963125	155163125	harbor1	chr1	155053526	155053772	SINE/MIR	962	-	123	155053649	90524
chr1	6134956	6334956	harbor1	chr1	6223653	6223847	SINE/MIR	451	-	97	6223750	88794
chr1	6134956	6334956	harbor1	chr1	6226625	6226744	SINE/MIR	455	-	60	6226685	91729
chr1	6134956	6334956	harbor1	chr1	6226875	6226968	SINE/MIR	455	-	46	6226921	91965
chr1	6134956	6334956	harbor1	chr1	6176647	6176883	SINE/MIR	634	-	118	6176765	41809
chr1	11520750	11720750	harbor1	chr1	11531780	11531910	SINE/MIR	457	-	65	11531845	11095
chr1	11520750	11720750	harbor1	chr1	11534781	11534959	SINE/MIR	440	-	89	11534870	14120
chr1	11520750	11720750	harbor1	chr1	11543465	11543634	SINE/MIR	487	-	84	11543549	22799
chr1	11520750	11720750	harbor1	chr1	11566155	11566290	SINE/MIR	473	-	68	11566223	45473
chr1	11520750	11720750	harbor1	chr1	11567381	11567531	SINE/MIR	496	-	75	11567456	46706
chr1	11520750	11720750	harbor1	chr1	11586203	11586452	SINE/MIR	465	-	124	11586327	65577
chr1	11520750	11720750	harbor1	chr1	11587052	11587220	SINE/MIR	527	-	84	11587136	66386
chr1	11520750	11720750	harbor1	chr1	11592244	11592494	SINE/MIR	807	-	125	11592369	71619
chr1	11520750	11720750	harbor1	chr1	11599234	11599359	SINE/MIR	554	-	62	11599296	78546
chr1	11520750	11720750	harbor1	chr1	11613711	11613850	SINE/MIR	440	-	70	11613781	93031
chr1	11520750	11720750	harbor1	chr1	11616501	11616683	SINE/MIR	556	-	91	11616592	95842
chr1	11520750	11720750	harbor1	chr1	11616766	11616924	SINE/MIR	526	-	79	11616845	96095
chr1	11520750	11720750	harbor1	chr1	11617865	11618053	SINE/MIR	558	-	94	11617959	97209
chr1	156559413	156759413	harbor1	chr1	156587207	156587397	SINE/MIR	689	-	95	156587302	27889
chr1	156559413	156759413	harbor1	chr1	156593049	156593170	SINE/MIR	459	-	60	156593109	33696
chr1	156559413	156759413	harbor1	chr1	156599570	156599781	SINE/MIR	706	-	106	156599676	40263
chr1	156559413	156759413	harbor1	chr1	156600390	156600566	SINE/MIR	514	-	88	156600478	41065
chr1	156559413	156759413	harbor1	chr1	156620844	156621019	SINE/MIR	775	-	88	156620932	61519
chr1	156559413	156759413	harbor1	chr1	156565489	156565684	SINE/MIR	673	-	98	156565587	6174
chr1	6620127	6820127	harbor1	chr1	6639725	6639885	SINE/MIR	519	-	80	6639805	19678
chr1	6620127	6820127	harbor1	chr1	6718762	6718784	SINE/MIR	686	-	11	6718773	98646
chr1	6620127	6820127	harbor1	chr1	6719300	6719449	SINE/MIR	686	-	74	6719374	99247
chr1	6620127	6820127	harbor1	chr1	6719754	6719821	SINE/MIR	686	-	34	6719788	99661
chr1	241509049	241709049	harbor1	chr1	241521394	241521520	SINE/MIR	465	-	63	241521457	12408
chr1	241509049	241709049	harbor1	chr1	241557929	241558155	SINE/MIR	767	-	113	241558042	48993
chr1	53370442	53570442	harbor1	chr1	53378773	53379017	SINE/MIR	647	-	122	53378895	8453
chr1	53370442	53570442	harbor1	chr1	53403747	53403897	SINE/MIR	434	-	75	53403822	33380
chr1	53370442	53570442	harbor1	chr1	53406385	53406617	SINE/MIR	931	-	116	53406501	36059
chr1	53370442	53570442	harbor1	chr1	53416869	53417105	SINE/MIR	507	-	118	53416987	46545
chr1	16544792	16744792	harbor1	chr1	16549882	16549929	SINE/MIR	671	-	24	16549906	5114
chr1	16544792	16744792	harbor1	chr1	16550232	16550380	SINE/MIR	671	-	74	16550306	5514
chr1	16544792	16744792	harbor1	chr1	16551364	16551580	SINE/MIR	493	-	108	16551472	6680
chr1	16544792	16744792	harbor1	chr1	16551815	16552014	SINE/MIR	530	-	100	16551915	7123
chr1	16544792	16744792	harbor1	chr1	16584312	16584458	SINE/MIR	440	-	73	16584385	39593
chr1	16544792	16744792	harbor1	chr1	16616012	16616256	SINE/MIR	462	-	122	16616134	71342
chr1	16544792	16744792	harbor1	chr1	16619309	16619456	SINE/MIR	456	-	74	16619383	74591
chr1	16544792	16744792	harbor1	chr1	16621378	16621593	SINE/MIR	530	-	108	16621486	76694
chr1	16544792	16744792	harbor1	chr1	16623030	16623201	SINE/MIR	537	-	86	16623116	78324
chr1	16544792	16744792	harbor1	chr1	16623585	16623784	SINE/MIR	569	-	100	16623685	78893
chr1	225780616	225980616	harbor1	chr1	225823049	225823161	SINE/MIR	530	-	56	225823105	42489
chr1	225780616	225980616	harbor1	chr1	225829305	225829513	SINE/MIR	455	-	104	225829409	48793
chr1	225780616	225980616	harbor1	chr1	225863957	225864169	SINE/MIR	902	-	106	225864063	83447
chr1	225780616	225980616	harbor1	chr1	225877141	225877310	SINE/MIR	521	-	84	225877225	96609
chr1	16544920	16744920	harbor1	chr1	16549882	16549929	SINE/MIR	671	-	24	16549906	4986
chr1	16544920	16744920	harbor1	chr1	16550232	16550380	SINE/MIR	671	-	74	16550306	5386
chr1	16544920	16744920	harbor1	chr1	16551364	16551580	SINE/MIR	493	-	108	16551472	6552
chr1	16544920	16744920	harbor1	chr1	16551815	16552014	SINE/MIR	530	-	100	16551915	6995
chr1	16544920	16744920	harbor1	chr1	16584312	16584458	SINE/MIR	440	-	73	16584385	39465
chr1	16544920	16744920	harbor1	chr1	16616012	16616256	SINE/MIR	462	-	122	16616134	71214
chr1	16544920	16744920	harbor1	chr1	16619309	16619456	SINE/MIR	456	-	74	16619383	74463
chr1	16544920	16744920	harbor1	chr1	16621378	16621593	SINE/MIR	530	-	108	16621486	76566
chr1	16544920	16744920	harbor1	chr1	16623030	16623201	SINE/MIR	537	-	86	16623116	78196
chr1	16544920	16744920	harbor1	chr1	16623585	16623784	SINE/MIR	569	-	100	16623685	78765
chr1	53846229	54046229	harbor1	chr1	53860357	53860570	SINE/MIR	705	-	106	53860463	14234
chr1	53846229	54046229	harbor1	chr1	53862095	53862326	SINE/MIR	491	-	116	53862211	15982
chr1	53846229	54046229	harbor1	chr1	53864826	53865046	SINE/MIR	711	-	110	53864936	18707
chr1	53846229	54046229	harbor1	chr1	53869350	53869606	SINE/MIR	831	-	128	53869478	23249
chr1	53846229	54046229	harbor1	chr1	53898867	53899014	SINE/MIR	501	-	74	53898941	52712
chr1	53846229	54046229	harbor1	chr1	53904048	53904184	SINE/MIR	443	-	68	53904116	57887
chr1	53846229	54046229	harbor1	chr1	53911560	53911768	SINE/MIR	687	-	104	53911664	65435
chr1	53846229	54046229	harbor1	chr1	53928749	53928942	SINE/MIR	444	-	96	53928845	82616
chr1	211033805	211233805	harbor1	chr1	211046452	211046686	SINE/MIR	846	-	117	211046569	12764
chr1	211033805	211233805	harbor1	chr1	211046691	211046895	SINE/MIR	588	-	102	211046793	12988
chr1	211033805	211233805	harbor1	chr1	211051779	211051960	SINE/MIR	658	-	90	211051869	18064
chr1	2375348	2575348	harbor1	chr1	2393539	2393763	SINE/MIR	494	-	112	2393651	18303
chr1	2375348	2575348	harbor1	chr1	2399666	2399853	SINE/MIR	493	-	94	2399760	24412
chr1	201844506	202044506	harbor1	chr1	201938014	201938126	SINE/MIR	683	-	56	201938070	93564
chr1	201844506	202044506	harbor1	chr1	201938429	201938578	SINE/MIR	683	-	74	201938503	93997
chr1	201844506	202044506	harbor1	chr1	201939244	201939356	SINE/MIR	452	-	56	201939300	94794
chr1	201844506	202044506	harbor1	chr1	201943702	201943945	SINE/MIR	658	-	122	201943824	99318
chr1	154845979	155045979	harbor1	chr1	154856600	154856834	SINE/MIR	494	-	117	154856717	10738
chr1	154845979	155045979	harbor1	chr1	154873691	154873832	SINE/MIR	436	-	70	154873761	27782
chr1	154845979	155045979	harbor1	chr1	154875721	154875968	SINE/MIR	505	-	124	154875845	29866
chr1	154845979	155045979	harbor1	chr1	154896405	154896609	SINE/MIR	471	-	102	154896507	50528
chr1	154845979	155045979	harbor1	chr1	154911402	154911536	SINE/MIR	442	-	67	154911469	65490
chr1	154845979	155045979	harbor1	chr1	154934643	154934777	SINE/MIR	838	-	67	154934710	88731
chr1	154845979	155045979	harbor1	chr1	154935087	154935198	SINE/MIR	838	-	56	154935143	89164
chr1	16503985	16703985	harbor1	chr1	16549882	16549929	SINE/MIR	671	-	24	16549906	45921
chr1	16503985	16703985	harbor1	chr1	16550232	16550380	SINE/MIR	671	-	74	16550306	46321
chr1	16503985	16703985	harbor1	chr1	16551364	16551580	SINE/MIR	493	-	108	16551472	47487
chr1	16503985	16703985	harbor1	chr1	16551815	16552014	SINE/MIR	530	-	100	16551915	47930
chr1	16503985	16703985	harbor1	chr1	16584312	16584458	SINE/MIR	440	-	73	16584385	80400
chr1	46122770	46322770	harbor1	chr1	46136996	46137188	SINE/MIR	750	-	96	46137092	14322
chr1	46122770	46322770	harbor1	chr1	46165235	46165293	SINE/MIR	446	-	29	46165264	42494
chr1	46122770	46322770	harbor1	chr1	46165606	46165715	SINE/MIR	446	-	54	46165660	42890
chr1	46122770	46322770	harbor1	chr1	46176748	46176872	SINE/MIR	642	-	62	46176810	54040
chr1	46122770	46322770	harbor1	chr1	46177854	46177969	SINE/MIR	642	-	58	46177912	55142
chr1	46122770	46322770	harbor1	chr1	46191526	46191633	SINE/MIR	698	-	54	46191580	68810
chr1	46122770	46322770	harbor1	chr1	46191934	46192072	SINE/MIR	698	-	69	46192003	69233
chr1	46122770	46322770	harbor1	chr1	46198868	46198936	SINE/MIR	451	-	34	46198902	76132
chr1	46122770	46322770	harbor1	chr1	46199237	46199364	SINE/MIR	451	-	64	46199301	76531
chr1	46122770	46322770	harbor1	chr1	46219363	46219568	SINE/MIR	649	-	102	46219465	96695
chr1	155463419	155663419	harbor1	chr1	155552886	155553132	SINE/MIR	614	-	123	155553009	89590
chr1	155463419	155663419	harbor1	chr1	155533210	155533349	SINE/MIR	529	-	70	155533280	69861
chr1	54316227	54516227	harbor1	chr1	54323936	54324169	SINE/MIR	671	-	116	54324052	7825
chr1	54316227	54516227	harbor1	chr1	54331994	54332164	SINE/MIR	514	-	85	54332079	15852
chr1	54316227	54516227	harbor1	chr1	54385722	54385913	SINE/MIR	498	-	96	54385818	69591
chr1	54316227	54516227	harbor1	chr1	54393657	54393758	SINE/MIR	447	-	50	54393707	77480
chr1	54316227	54516227	harbor1	chr1	54394060	54394148	SINE/MIR	447	-	44	54394104	77877
chr1	10540158	10740158	harbor1	chr1	10576303	10576454	SINE/MIR	431	-	76	10576379	36221
chr1	19766908	19966908	harbor1	chr1	19778172	19778244	SINE/MIR	1085	-	36	19778208	11300
chr1	19766908	19966908	harbor1	chr1	19778564	19778735	SINE/MIR	1085	-	86	19778650	11742
chr1	19766908	19966908	harbor1	chr1	19783555	19783774	SINE/MIR	603	-	110	19783665	16757
chr1	19766908	19966908	harbor1	chr1	19795538	19795724	SINE/MIR	431	-	93	19795631	28723
chr1	19766908	19966908	harbor1	chr1	19796109	19796294	SINE/MIR	540	-	92	19796201	29293
chr1	19766908	19966908	harbor1	chr1	19804550	19804736	SINE/MIR	684	-	93	19804643	37735
chr1	19766908	19966908	harbor1	chr1	19811103	19811262	SINE/MIR	472	-	80	19811183	44275
chr1	19766908	19966908	harbor1	chr1	19847068	19847294	SINE/MIR	484	-	113	19847181	80273
chr1	19766908	19966908	harbor1	chr1	19865912	19866043	SINE/MIR	540	-	66	19865978	99070
chr1	16538366	16738366	harbor1	chr1	16549882	16549929	SINE/MIR	671	-	24	16549906	11540
chr1	16538366	16738366	harbor1	chr1	16550232	16550380	SINE/MIR	671	-	74	16550306	11940
chr1	16538366	16738366	harbor1	chr1	16551364	16551580	SINE/MIR	493	-	108	16551472	13106
chr1	16538366	16738366	harbor1	chr1	16551815	16552014	SINE/MIR	530	-	100	16551915	13549
chr1	16538366	16738366	harbor1	chr1	16584312	16584458	SINE/MIR	440	-	73	16584385	46019
chr1	16538366	16738366	harbor1	chr1	16616012	16616256	SINE/MIR	462	-	122	16616134	77768
chr1	16538366	16738366	harbor1	chr1	16619309	16619456	SINE/MIR	456	-	74	16619383	81017
chr1	16538366	16738366	harbor1	chr1	16621378	16621593	SINE/MIR	530	-	108	16621486	83120
chr1	16538366	16738366	harbor1	chr1	16623030	16623201	SINE/MIR	537	-	86	16623116	84750
chr1	16538366	16738366	harbor1	chr1	16623585	16623784	SINE/MIR	569	-	100	16623685	85319
chr1	6685490	6885490	harbor1	chr1	6718762	6718784	SINE/MIR	686	-	11	6718773	33283
chr1	6685490	6885490	harbor1	chr1	6719300	6719449	SINE/MIR	686	-	74	6719374	33884
chr1	6685490	6885490	harbor1	chr1	6719754	6719821	SINE/MIR	686	-	34	6719788	34298
chr1	6685490	6885490	harbor1	chr1	6765477	6765628	SINE/MIR	519	-	76	6765553	80063
chr1	6685490	6885490	harbor1	chr1	6766008	6766108	SINE/MIR	519	-	50	6766058	80568
chr1	65154911	65354911	harbor1	chr1	65179932	65180147	SINE/MIR	585	-	108	65180040	25129
chr1	65154911	65354911	harbor1	chr1	65210792	65210973	SINE/MIR	524	-	90	65210882	55971
chr1	65154911	65354911	harbor1	chr1	65228935	65229173	SINE/MIR	581	-	119	65229054	74143
chr1	65154911	65354911	harbor1	chr1	65247521	65247705	SINE/MIR	596	-	92	65247613	92702
chr1	16544780	16744780	harbor1	chr1	16549882	16549929	SINE/MIR	671	-	24	16549906	5126
chr1	16544780	16744780	harbor1	chr1	16550232	16550380	SINE/MIR	671	-	74	16550306	5526
chr1	16544780	16744780	harbor1	chr1	16551364	16551580	SINE/MIR	493	-	108	16551472	6692
chr1	16544780	16744780	harbor1	chr1	16551815	16552014	SINE/MIR	530	-	100	16551915	7135
chr1	16544780	16744780	harbor1	chr1	16584312	16584458	SINE/MIR	440	-	73	16584385	39605
chr1	16544780	16744780	harbor1	chr1	16616012	16616256	SINE/MIR	462	-	122	16616134	71354
chr1	16544780	16744780	harbor1	chr1	16619309	16619456	SINE/MIR	456	-	74	16619383	74603
chr1	16544780	16744780	harbor1	chr1	16621378	16621593	SINE/MIR	530	-	108	16621486	76706
chr1	16544780	16744780	harbor1	chr1	16623030	16623201	SINE/MIR	537	-	86	16623116	78336
chr1	16544780	16744780	harbor1	chr1	16623585	16623784	SINE/MIR	569	-	100	16623685	78905
chr1	167559746	167759746	harbor1	chr1	167603434	167603644	SINE/MIR	461	-	105	167603539	43793
chr1	167559746	167759746	harbor1	chr1	167628713	167628840	SINE/MIR	517	-	64	167628777	69031
chr1	7122266	7322266	harbor1	chr1	7139959	7140217	SINE/MIR	767	-	129	7140088	17822
chr1	2375257	2575257	harbor1	chr1	2393539	2393763	SINE/MIR	494	-	112	2393651	18394
chr1	2375257	2575257	harbor1	chr1	2399666	2399853	SINE/MIR	493	-	94	2399760	24503
chr1	16544851	16744851	harbor1	chr1	16549882	16549929	SINE/MIR	671	-	24	16549906	5055
chr1	16544851	16744851	harbor1	chr1	16550232	16550380	SINE/MIR	671	-	74	16550306	5455
chr1	16544851	16744851	harbor1	chr1	16551364	16551580	SINE/MIR	493	-	108	16551472	6621
chr1	16544851	16744851	harbor1	chr1	16551815	16552014	SINE/MIR	530	-	100	16551915	7064
chr1	16544851	16744851	harbor1	chr1	16584312	16584458	SINE/MIR	440	-	73	16584385	39534
chr1	16544851	16744851	harbor1	chr1	16616012	16616256	SINE/MIR	462	-	122	16616134	71283
chr1	16544851	16744851	harbor1	chr1	16619309	16619456	SINE/MIR	456	-	74	16619383	74532
chr1	16544851	16744851	harbor1	chr1	16621378	16621593	SINE/MIR	530	-	108	16621486	76635
chr1	16544851	16744851	harbor1	chr1	16623030	16623201	SINE/MIR	537	-	86	16623116	78265
chr1	16544851	16744851	harbor1	chr1	16623585	16623784	SINE/MIR	569	-	100	16623685	78834
chr1	16544789	16744789	harbor1	chr1	16549882	16549929	SINE/MIR	671	-	24	16549906	5117
chr1	16544789	16744789	harbor1	chr1	16550232	16550380	SINE/MIR	671	-	74	16550306	5517
chr1	16544789	16744789	harbor1	chr1	16551364	16551580	SINE/MIR	493	-	108	16551472	6683
chr1	16544789	16744789	harbor1	chr1	16551815	16552014	SINE/MIR	530	-	100	16551915	7126
chr1	16544789	16744789	harbor1	chr1	16584312	16584458	SINE/MIR	440	-	73	16584385	39596
chr1	16544789	16744789	harbor1	chr1	16616012	16616256	SINE/MIR	462	-	122	16616134	71345
chr1	16544789	16744789	harbor1	chr1	16619309	16619456	SINE/MIR	456	-	74	16619383	74594
chr1	16544789	16744789	harbor1	chr1	16621378	16621593	SINE/MIR	530	-	108	16621486	76697
chr1	16544789	16744789	harbor1	chr1	16623030	16623201	SINE/MIR	537	-	86	16623116	78327
chr1	16544789	16744789	harbor1	chr1	16623585	16623784	SINE/MIR	569	-	100	16623685	78896
chr1	16544721	16744721	harbor1	chr1	16549882	16549929	SINE/MIR	671	-	24	16549906	5185
chr1	16544721	16744721	harbor1	chr1	16550232	16550380	SINE/MIR	671	-	74	16550306	5585
chr1	16544721	16744721	harbor1	chr1	16551364	16551580	SINE/MIR	493	-	108	16551472	6751
chr1	16544721	16744721	harbor1	chr1	16551815	16552014	SINE/MIR	530	-	100	16551915	7194
chr1	16544721	16744721	harbor1	chr1	16584312	16584458	SINE/MIR	440	-	73	16584385	39664
chr1	16544721	16744721	harbor1	chr1	16616012	16616256	SINE/MIR	462	-	122	16616134	71413
chr1	16544721	16744721	harbor1	chr1	16619309	16619456	SINE/MIR	456	-	74	16619383	74662
chr1	16544721	16744721	harbor1	chr1	16621378	16621593	SINE/MIR	530	-	108	16621486	76765
chr1	16544721	16744721	harbor1	chr1	16623030	16623201	SINE/MIR	537	-	86	16623116	78395
chr1	16544721	16744721	harbor1	chr1	16623585	16623784	SINE/MIR	569	-	100	16623685	78964
chr1	16544890	16744890	harbor1	chr1	16549882	16549929	SINE/MIR	671	-	24	16549906	5016
chr1	16544890	16744890	harbor1	chr1	16550232	16550380	SINE/MIR	671	-	74	16550306	5416
chr1	16544890	16744890	harbor1	chr1	16551364	16551580	SINE/MIR	493	-	108	16551472	6582
chr1	16544890	16744890	harbor1	chr1	16551815	16552014	SINE/MIR	530	-	100	16551915	7025
chr1	16544890	16744890	harbor1	chr1	16584312	16584458	SINE/MIR	440	-	73	16584385	39495
chr1	16544890	16744890	harbor1	chr1	16616012	16616256	SINE/MIR	462	-	122	16616134	71244
chr1	16544890	16744890	harbor1	chr1	16619309	16619456	SINE/MIR	456	-	74	16619383	74493
chr1	16544890	16744890	harbor1	chr1	16621378	16621593	SINE/MIR	530	-	108	16621486	76596
chr1	16544890	16744890	harbor1	chr1	16623030	16623201	SINE/MIR	537	-	86	16623116	78226
chr1	16544890	16744890	harbor1	chr1	16623585	16623784	SINE/MIR	569	-	100	16623685	78795
chr1	15628957	15828957	harbor1	chr1	15708894	15709131	SINE/MIR	934	-	118	15709012	80055
chr1	15628957	15828957	harbor1	chr1	15709531	15709673	SINE/MIR	469	-	71	15709602	80645
chr1	226010111	226210111	harbor1	chr1	226011954	226012070	SINE/MIR	514	-	58	226012012	1901
chr1	226010111	226210111	harbor1	chr1	226029046	226029186	SINE/MIR	444	-	70	226029116	19005
chr1	226010111	226210111	harbor1	chr1	226054081	226054294	SINE/MIR	507	-	106	226054187	44076
chr1	226010111	226210111	harbor1	chr1	226065846	226066047	SINE/MIR	604	-	100	226065946	55835
chr1	16545018	16745018	harbor1	chr1	16549882	16549929	SINE/MIR	671	-	24	16549906	4888
chr1	16545018	16745018	harbor1	chr1	16550232	16550380	SINE/MIR	671	-	74	16550306	5288
chr1	16545018	16745018	harbor1	chr1	16551364	16551580	SINE/MIR	493	-	108	16551472	6454
chr1	16545018	16745018	harbor1	chr1	16551815	16552014	SINE/MIR	530	-	100	16551915	6897
chr1	16545018	16745018	harbor1	chr1	16584312	16584458	SINE/MIR	440	-	73	16584385	39367
chr1	16545018	16745018	harbor1	chr1	16616012	16616256	SINE/MIR	462	-	122	16616134	71116
chr1	16545018	16745018	harbor1	chr1	16619309	16619456	SINE/MIR	456	-	74	16619383	74365
chr1	16545018	16745018	harbor1	chr1	16621378	16621593	SINE/MIR	530	-	108	16621486	76468
chr1	16545018	16745018	harbor1	chr1	16623030	16623201	SINE/MIR	537	-	86	16623116	78098
chr1	16545018	16745018	harbor1	chr1	16623585	16623784	SINE/MIR	569	-	100	16623685	78667
chr1	205210078	205410078	harbor1	chr1	205219672	205219807	SINE/MIR	478	-	68	205219740	9662
chr1	205210078	205410078	harbor1	chr1	205225152	205225372	SINE/MIR	570	-	110	205225262	15184
chr1	205210078	205410078	harbor1	chr1	205247151	205247326	SINE/MIR	492	-	88	205247239	37161
chr1	205210078	205410078	harbor1	chr1	205280220	205280453	SINE/MIR	605	-	116	205280336	70258
chr1	205210078	205410078	harbor1	chr1	205225837	205226053	SINE/MIR	756	-	108	205225945	15867
chr1	16544940	16744940	harbor1	chr1	16549882	16549929	SINE/MIR	671	-	24	16549906	4966
chr1	16544940	16744940	harbor1	chr1	16550232	16550380	SINE/MIR	671	-	74	16550306	5366
chr1	16544940	16744940	harbor1	chr1	16551364	16551580	SINE/MIR	493	-	108	16551472	6532
chr1	16544940	16744940	harbor1	chr1	16551815	16552014	SINE/MIR	530	-	100	16551915	6975
chr1	16544940	16744940	harbor1	chr1	16584312	16584458	SINE/MIR	440	-	73	16584385	39445
chr1	16544940	16744940	harbor1	chr1	16616012	16616256	SINE/MIR	462	-	122	16616134	71194
chr1	16544940	16744940	harbor1	chr1	16619309	16619456	SINE/MIR	456	-	74	16619383	74443
chr1	16544940	16744940	harbor1	chr1	16621378	16621593	SINE/MIR	530	-	108	16621486	76546
chr1	16544940	16744940	harbor1	chr1	16623030	16623201	SINE/MIR	537	-	86	16623116	78176
chr1	16544940	16744940	harbor1	chr1	16623585	16623784	SINE/MIR	569	-	100	16623685	78745
chr1	16520804	16720804	harbor1	chr1	16549882	16549929	SINE/MIR	671	-	24	16549906	29102
chr1	16520804	16720804	harbor1	chr1	16550232	16550380	SINE/MIR	671	-	74	16550306	29502
chr1	16520804	16720804	harbor1	chr1	16551364	16551580	SINE/MIR	493	-	108	16551472	30668
chr1	16520804	16720804	harbor1	chr1	16551815	16552014	SINE/MIR	530	-	100	16551915	31111
chr1	16520804	16720804	harbor1	chr1	16584312	16584458	SINE/MIR	440	-	73	16584385	63581
chr1	16520804	16720804	harbor1	chr1	16616012	16616256	SINE/MIR	462	-	122	16616134	95330
chr1	16520804	16720804	harbor1	chr1	16619309	16619456	SINE/MIR	456	-	74	16619383	98579
chr1	2374246	2574246	harbor1	chr1	2393539	2393763	SINE/MIR	494	-	112	2393651	19405
chr1	2374246	2574246	harbor1	chr1	2399666	2399853	SINE/MIR	493	-	94	2399760	25514
chr1	33270108	33470108	harbor1	chr1	33277233	33277375	SINE/MIR	479	-	71	33277304	7196
chr1	33270108	33470108	harbor1	chr1	33288138	33288262	SINE/MIR	493	-	62	33288200	18092
chr1	33270108	33470108	harbor1	chr1	33294164	33294346	SINE/MIR	828	-	91	33294255	24147
chr1	33270108	33470108	harbor1	chr1	33298425	33298573	SINE/MIR	481	-	74	33298499	28391
chr1	33270108	33470108	harbor1	chr1	33319042	33319172	SINE/MIR	445	-	65	33319107	48999
chr1	33270108	33470108	harbor1	chr1	33361851	33362070	SINE/MIR	694	-	110	33361961	91853
chr1	211032764	211232764	harbor1	chr1	211046452	211046686	SINE/MIR	846	-	117	211046569	13805
chr1	211032764	211232764	harbor1	chr1	211046691	211046895	SINE/MIR	588	-	102	211046793	14029
chr1	211032764	211232764	harbor1	chr1	211051779	211051960	SINE/MIR	658	-	90	211051869	19105
chr1	16544926	16744926	harbor1	chr1	16549882	16549929	SINE/MIR	671	-	24	16549906	4980
chr1	16544926	16744926	harbor1	chr1	16550232	16550380	SINE/MIR	671	-	74	16550306	5380
chr1	16544926	16744926	harbor1	chr1	16551364	16551580	SINE/MIR	493	-	108	16551472	6546
chr1	16544926	16744926	harbor1	chr1	16551815	16552014	SINE/MIR	530	-	100	16551915	6989
chr1	16544926	16744926	harbor1	chr1	16584312	16584458	SINE/MIR	440	-	73	16584385	39459
chr1	16544926	16744926	harbor1	chr1	16616012	16616256	SINE/MIR	462	-	122	16616134	71208
chr1	16544926	16744926	harbor1	chr1	16619309	16619456	SINE/MIR	456	-	74	16619383	74457
chr1	16544926	16744926	harbor1	chr1	16621378	16621593	SINE/MIR	530	-	108	16621486	76560
chr1	16544926	16744926	harbor1	chr1	16623030	16623201	SINE/MIR	537	-	86	16623116	78190
chr1	16544926	16744926	harbor1	chr1	16623585	16623784	SINE/MIR	569	-	100	16623685	78759
chr1	154971671	155171671	harbor1	chr1	155013117	155013349	SINE/MIR	962	-	116	155013233	41562
chr1	154971671	155171671	harbor1	chr1	155013360	155013556	SINE/MIR	585	-	98	155013458	41787
chr1	154971671	155171671	harbor1	chr1	155028228	155028309	SINE/MIR	748	-	40	155028268	56597
chr1	154971671	155171671	harbor1	chr1	155028895	155029007	SINE/MIR	748	-	56	155028951	57280
chr1	154971671	155171671	harbor1	chr1	155053526	155053772	SINE/MIR	962	-	123	155053649	81978
chr1	16117451	16317451	harbor1	chr1	16125605	16125745	SINE/MIR	637	-	70	16125675	8224
chr1	16117451	16317451	harbor1	chr1	16135309	16135448	SINE/MIR	435	-	70	16135379	17928
chr1	16117451	16317451	harbor1	chr1	16137110	16137200	SINE/MIR	484	-	45	16137155	19704
chr1	16117451	16317451	harbor1	chr1	16137721	16137756	SINE/MIR	484	-	18	16137739	20288
chr1	16117451	16317451	harbor1	chr1	16140398	16140606	SINE/MIR	446	-	104	16140502	23051
chr1	16117451	16317451	harbor1	chr1	16147606	16147857	SINE/MIR	1028	-	126	16147732	30281
chr1	16117451	16317451	harbor1	chr1	16156636	16156803	SINE/MIR	591	-	84	16156720	39269
chr1	16117451	16317451	harbor1	chr1	16159900	16160034	SINE/MIR	490	-	67	16159967	42516
chr1	16117451	16317451	harbor1	chr1	16161396	16161615	SINE/MIR	559	-	110	16161506	44055
chr1	16117451	16317451	harbor1	chr1	16164711	16164920	SINE/MIR	699	-	104	16164815	47364
chr1	16117451	16317451	harbor1	chr1	16179422	16179593	SINE/MIR	594	-	86	16179508	62057
chr1	16117451	16317451	harbor1	chr1	16184037	16184263	SINE/MIR	617	-	113	16184150	66699
chr1	16117451	16317451	harbor1	chr1	16188811	16188963	SINE/MIR	577	-	76	16188887	71436
chr1	16117451	16317451	harbor1	chr1	16209227	16209445	SINE/MIR	816	-	109	16209336	91885
chr1	16117451	16317451	harbor1	chr1	16213461	16213576	SINE/MIR	556	-	58	16213519	96068
chr1	16117451	16317451	harbor1	chr1	16214620	16214749	SINE/MIR	459	-	64	16214684	97233
chr1	16117451	16317451	harbor1	chr1	16216659	16216822	SINE/MIR	570	-	82	16216741	99290
chr1	10693451	10893451	harbor1	chr1	10740070	10740257	SINE/MIR	443	-	94	10740164	46713
chr1	10693451	10893451	harbor1	chr1	10764441	10764638	SINE/MIR	480	-	98	10764539	71088
chr1	10693451	10893451	harbor1	chr1	10769817	10770030	SINE/MIR	562	-	106	10769923	76472
chr1	10693451	10893451	harbor1	chr1	10781749	10781923	SINE/MIR	475	-	87	10781836	88385
chr1	10693451	10893451	harbor1	chr1	10786560	10786691	SINE/MIR	478	-	66	10786626	93175
chr1	10693451	10893451	harbor1	chr1	10787040	10787260	SINE/MIR	441	-	110	10787150	93699
chr1	89425139	89625139	harbor1	chr1	89463818	89464069	SINE/MIR	900	-	126	89463944	38805
chr1	89425139	89625139	harbor1	chr1	89498978	89499177	SINE/MIR	605	-	100	89499078	73939
chr1	89425139	89625139	harbor1	chr1	89515339	89515541	SINE/MIR	553	-	101	89515440	90301
chr1	153558888	153758888	harbor1	chr1	153569555	153569730	SINE/MIR	505	-	88	153569643	10755
chr1	153558888	153758888	harbor1	chr1	153577174	153577378	SINE/MIR	498	-	102	153577276	18388
chr1	153558888	153758888	harbor1	chr1	153613708	153613908	SINE/MIR	618	-	100	153613808	54920
chr1	16625240	16825240	harbor1	chr1	16682379	16682595	SINE/MIR	452	-	108	16682487	57247
chr1	16625240	16825240	harbor1	chr1	16682807	16683029	SINE/MIR	497	-	111	16682918	57678
chr1	16625240	16825240	harbor1	chr1	16711679	16711933	SINE/MIR	736	-	127	16711806	86566
chr1	145842666	146042666	harbor1	chr1	145869770	145869901	SINE/MIR	481	-	66	145869836	27170
chr1	145842666	146042666	harbor1	chr1	145870038	145870090	SINE/MIR	538	-	26	145870064	27398
chr1	145842666	146042666	harbor1	chr1	145870392	145870516	SINE/MIR	538	-	62	145870454	27788
chr1	145842666	146042666	harbor1	chr1	145880811	145881003	SINE/MIR	494	-	96	145880907	38241
chr1	145842666	146042666	harbor1	chr1	145881312	145881361	SINE/MIR	494	-	24	145881336	38670
chr1	145842666	146042666	harbor1	chr1	145890690	145890897	SINE/MIR	522	-	104	145890794	48128
chr1	145842666	146042666	harbor1	chr1	145895014	145895227	SINE/MIR	811	-	106	145895120	52454
chr1	145842666	146042666	harbor1	chr1	145898270	145898361	SINE/MIR	720	-	46	145898316	55650
chr1	145842666	146042666	harbor1	chr1	145898667	145898817	SINE/MIR	720	-	75	145898742	56076
chr1	145842666	146042666	harbor1	chr1	145899821	145900027	SINE/MIR	609	-	103	145899924	57258
chr1	16504141	16704141	harbor1	chr1	16549882	16549929	SINE/MIR	671	-	24	16549906	45765
chr1	16504141	16704141	harbor1	chr1	16550232	16550380	SINE/MIR	671	-	74	16550306	46165
chr1	16504141	16704141	harbor1	chr1	16551364	16551580	SINE/MIR	493	-	108	16551472	47331
chr1	16504141	16704141	harbor1	chr1	16551815	16552014	SINE/MIR	530	-	100	16551915	47774
chr1	16504141	16704141	harbor1	chr1	16584312	16584458	SINE/MIR	440	-	73	16584385	80244
chr1	16545003	16745003	harbor1	chr1	16549882	16549929	SINE/MIR	671	-	24	16549906	4903
chr1	16545003	16745003	harbor1	chr1	16550232	16550380	SINE/MIR	671	-	74	16550306	5303
chr1	16545003	16745003	harbor1	chr1	16551364	16551580	SINE/MIR	493	-	108	16551472	6469
chr1	16545003	16745003	harbor1	chr1	16551815	16552014	SINE/MIR	530	-	100	16551915	6912
chr1	16545003	16745003	harbor1	chr1	16584312	16584458	SINE/MIR	440	-	73	16584385	39382
chr1	16545003	16745003	harbor1	chr1	16616012	16616256	SINE/MIR	462	-	122	16616134	71131
chr1	16545003	16745003	harbor1	chr1	16619309	16619456	SINE/MIR	456	-	74	16619383	74380
chr1	16545003	16745003	harbor1	chr1	16621378	16621593	SINE/MIR	530	-	108	16621486	76483
chr1	16545003	16745003	harbor1	chr1	16623030	16623201	SINE/MIR	537	-	86	16623116	78113
chr1	16545003	16745003	harbor1	chr1	16623585	16623784	SINE/MIR	569	-	100	16623685	78682
chr1	16542821	16742821	harbor1	chr1	16549882	16549929	SINE/MIR	671	-	24	16549906	7085
chr1	16542821	16742821	harbor1	chr1	16550232	16550380	SINE/MIR	671	-	74	16550306	7485
chr1	16542821	16742821	harbor1	chr1	16551364	16551580	SINE/MIR	493	-	108	16551472	8651
chr1	16542821	16742821	harbor1	chr1	16551815	16552014	SINE/MIR	530	-	100	16551915	9094
chr1	16542821	16742821	harbor1	chr1	16584312	16584458	SINE/MIR	440	-	73	16584385	41564
chr1	16542821	16742821	harbor1	chr1	16616012	16616256	SINE/MIR	462	-	122	16616134	73313
chr1	16542821	16742821	harbor1	chr1	16619309	16619456	SINE/MIR	456	-	74	16619383	76562
chr1	16542821	16742821	harbor1	chr1	16621378	16621593	SINE/MIR	530	-	108	16621486	78665
chr1	16542821	16742821	harbor1	chr1	16623030	16623201	SINE/MIR	537	-	86	16623116	80295
chr1	16542821	16742821	harbor1	chr1	16623585	16623784	SINE/MIR	569	-	100	16623685	80864
chr1	202827305	203027305	harbor1	chr1	202843642	202843870	SINE/MIR	932	-	114	202843756	16451
chr1	202827305	203027305	harbor1	chr1	202908158	202908340	SINE/MIR	488	-	91	202908249	80944
chr1	202827305	203027305	harbor1	chr1	202908346	202908582	SINE/MIR	641	-	118	202908464	81159
chr1	202827305	203027305	harbor1	chr1	202910084	202910307	SINE/MIR	692	-	112	202910196	82891
chr1	4612171	4812171	harbor1	chr1	4636963	4637204	SINE/MIR	714	-	120	4637083	24912
chr1	4612171	4812171	harbor1	chr1	4661338	4661577	SINE/MIR	795	-	120	4661458	49287
chr1	4612171	4812171	harbor1	chr1	4663997	4664219	SINE/MIR	666	-	111	4664108	51937
chr1	4612171	4812171	harbor1	chr1	4681943	4682084	SINE/MIR	505	-	70	4682013	69842
chr1	53370469	53570469	harbor1	chr1	53378773	53379017	SINE/MIR	647	-	122	53378895	8426
chr1	53370469	53570469	harbor1	chr1	53403747	53403897	SINE/MIR	434	-	75	53403822	33353
chr1	53370469	53570469	harbor1	chr1	53406385	53406617	SINE/MIR	931	-	116	53406501	36032
chr1	53370469	53570469	harbor1	chr1	53416869	53417105	SINE/MIR	507	-	118	53416987	46518
chr1	204585523	204785523	harbor1	chr1	204588138	204588353	SINE/MIR	756	-	108	204588246	2723
chr1	204585523	204785523	harbor1	chr1	204598584	204598788	SINE/MIR	669	-	102	204598686	13163
chr1	204585523	204785523	harbor1	chr1	204621873	204622077	SINE/MIR	599	-	102	204621975	36452
chr1	204585523	204785523	harbor1	chr1	204623871	204624071	SINE/MIR	658	-	100	204623971	38448
chr1	204585523	204785523	harbor1	chr1	204633499	204633738	SINE/MIR	456	-	120	204633619	48096
chr1	204585523	204785523	harbor1	chr1	204638265	204638402	SINE/MIR	450	-	68	204638333	52810
chr1	204585523	204785523	harbor1	chr1	204638710	204638755	SINE/MIR	450	-	22	204638732	53209
chr1	204585523	204785523	harbor1	chr1	204639712	204639877	SINE/MIR	712	-	82	204639794	54271
chr1	204585523	204785523	harbor1	chr1	204641505	204641743	SINE/MIR	685	-	119	204641624	56101
chr1	204585523	204785523	harbor1	chr1	204653434	204653575	SINE/MIR	507	-	70	204653504	67981
chr1	204585523	204785523	harbor1	chr1	204654061	204654150	SINE/MIR	456	-	44	204654105	68582
chr1	204585523	204785523	harbor1	chr1	204662345	204662548	SINE/MIR	515	-	102	204662447	76924
chr1	204585523	204785523	harbor1	chr1	204673335	204673572	SINE/MIR	717	-	118	204673453	87930
chr1	204585523	204785523	harbor1	chr1	204677040	204677202	SINE/MIR	487	-	81	204677121	91598
chr1	204585523	204785523	harbor1	chr1	204681341	204681582	SINE/MIR	1119	-	120	204681461	95938
chr1	7134292	7334292	harbor1	chr1	7139959	7140217	SINE/MIR	767	-	129	7140088	5796
chr1	205330822	205530822	harbor1	chr1	205333743	205333939	SINE/MIR	585	-	98	205333841	3019
chr1	205330822	205530822	harbor1	chr1	205346519	205346745	SINE/MIR	560	-	113	205346632	15810
chr1	205330822	205530822	harbor1	chr1	205353765	205354005	SINE/MIR	450	-	120	205353885	23063
chr1	205330822	205530822	harbor1	chr1	205355556	205355786	SINE/MIR	651	-	115	205355671	24849
chr1	205330822	205530822	harbor1	chr1	205367815	205367978	SINE/MIR	510	-	82	205367897	37075
chr1	205330822	205530822	harbor1	chr1	205380918	205381149	SINE/MIR	560	-	116	205381034	50212
chr1	205330822	205530822	harbor1	chr1	205387867	205388109	SINE/MIR	818	-	121	205387988	57166
chr1	205330822	205530822	harbor1	chr1	205388131	205388194	SINE/MIR	634	-	32	205388163	57341
chr1	205330822	205530822	harbor1	chr1	205388489	205388649	SINE/MIR	642	-	80	205388569	57747
chr1	205330822	205530822	harbor1	chr1	205409392	205409605	SINE/MIR	840	-	106	205409498	78676
chr1	154961974	155161974	harbor1	chr1	154966582	154966820	SINE/MIR	879	-	119	154966701	4727
chr1	154961974	155161974	harbor1	chr1	155013117	155013349	SINE/MIR	962	-	116	155013233	51259
chr1	154961974	155161974	harbor1	chr1	155013360	155013556	SINE/MIR	585	-	98	155013458	51484
chr1	154961974	155161974	harbor1	chr1	155028228	155028309	SINE/MIR	748	-	40	155028268	66294
chr1	154961974	155161974	harbor1	chr1	155028895	155029007	SINE/MIR	748	-	56	155028951	66977
chr1	154961974	155161974	harbor1	chr1	155053526	155053772	SINE/MIR	962	-	123	155053649	91675
chr1	53370441	53570441	harbor1	chr1	53378773	53379017	SINE/MIR	647	-	122	53378895	8454
chr1	53370441	53570441	harbor1	chr1	53403747	53403897	SINE/MIR	434	-	75	53403822	33381
chr1	53370441	53570441	harbor1	chr1	53406385	53406617	SINE/MIR	931	-	116	53406501	36060
chr1	53370441	53570441	harbor1	chr1	53416869	53417105	SINE/MIR	507	-	118	53416987	46546
chr1	16544898	16744898	harbor1	chr1	16549882	16549929	SINE/MIR	671	-	24	16549906	5008
chr1	16544898	16744898	harbor1	chr1	16550232	16550380	SINE/MIR	671	-	74	16550306	5408
chr1	16544898	16744898	harbor1	chr1	16551364	16551580	SINE/MIR	493	-	108	16551472	6574
chr1	16544898	16744898	harbor1	chr1	16551815	16552014	SINE/MIR	530	-	100	16551915	7017
chr1	16544898	16744898	harbor1	chr1	16584312	16584458	SINE/MIR	440	-	73	16584385	39487
chr1	16544898	16744898	harbor1	chr1	16616012	16616256	SINE/MIR	462	-	122	16616134	71236
chr1	16544898	16744898	harbor1	chr1	16619309	16619456	SINE/MIR	456	-	74	16619383	74485
chr1	16544898	16744898	harbor1	chr1	16621378	16621593	SINE/MIR	530	-	108	16621486	76588
chr1	16544898	16744898	harbor1	chr1	16623030	16623201	SINE/MIR	537	-	86	16623116	78218
chr1	16544898	16744898	harbor1	chr1	16623585	16623784	SINE/MIR	569	-	100	16623685	78787
chr1	16619037	16819037	harbor1	chr1	16619309	16619456	SINE/MIR	456	-	74	16619383	346
chr1	16619037	16819037	harbor1	chr1	16621378	16621593	SINE/MIR	530	-	108	16621486	2449
chr1	16619037	16819037	harbor1	chr1	16623030	16623201	SINE/MIR	537	-	86	16623116	4079
chr1	16619037	16819037	harbor1	chr1	16623585	16623784	SINE/MIR	569	-	100	16623685	4648
chr1	16619037	16819037	harbor1	chr1	16682379	16682595	SINE/MIR	452	-	108	16682487	63450
chr1	16619037	16819037	harbor1	chr1	16682807	16683029	SINE/MIR	497	-	111	16682918	63881
chr1	16619037	16819037	harbor1	chr1	16711679	16711933	SINE/MIR	736	-	127	16711806	92769
chr1	117480253	117680253	harbor1	chr1	117493964	117494191	SINE/MIR	688	-	114	117494078	13825
chr1	117480253	117680253	harbor1	chr1	117540560	117540698	SINE/MIR	577	-	69	117540629	60376
chr1	117480253	117680253	harbor1	chr1	117561965	117562169	SINE/MIR	709	-	102	117562067	81814
chr1	117480253	117680253	harbor1	chr1	117572130	117572380	SINE/MIR	552	-	125	117572255	92002
chr1	148850447	149050447	harbor1	chr1	148864772	148864979	SINE/MIR	591	-	104	148864876	14429
chr1	148850447	149050447	harbor1	chr1	148872327	148872428	SINE/MIR	437	-	50	148872377	21930
chr1	148850447	149050447	harbor1	chr1	148873130	148873199	SINE/MIR	437	-	34	148873164	22717
chr1	148850447	149050447	harbor1	chr1	148874355	148874581	SINE/MIR	441	-	113	148874468	24021
chr1	148850447	149050447	harbor1	chr1	148876356	148876589	SINE/MIR	467	-	116	148876472	26025
chr1	148850447	149050447	harbor1	chr1	148900821	148900942	SINE/MIR	515	-	60	148900881	50434
chr1	148850447	149050447	harbor1	chr1	148909229	148909366	SINE/MIR	432	-	68	148909297	58850
chr1	148850447	149050447	harbor1	chr1	148923774	148923985	SINE/MIR	673	-	106	148923880	73433
chr1	148850447	149050447	harbor1	chr1	148925035	148925203	SINE/MIR	597	-	84	148925119	74672
chr1	148850447	149050447	harbor1	chr1	148925698	148925910	SINE/MIR	698	-	106	148925804	75357
chr1	16504004	16704004	harbor1	chr1	16549882	16549929	SINE/MIR	671	-	24	16549906	45902
chr1	16504004	16704004	harbor1	chr1	16550232	16550380	SINE/MIR	671	-	74	16550306	46302
chr1	16504004	16704004	harbor1	chr1	16551364	16551580	SINE/MIR	493	-	108	16551472	47468
chr1	16504004	16704004	harbor1	chr1	16551815	16552014	SINE/MIR	530	-	100	16551915	47911
chr1	16504004	16704004	harbor1	chr1	16584312	16584458	SINE/MIR	440	-	73	16584385	80381
chr1	2394658	2594658	harbor1	chr1	2399666	2399853	SINE/MIR	493	-	94	2399760	5102
chr1	6601080	6801080	harbor1	chr1	6617802	6617963	SINE/MIR	478	-	80	6617882	16802
chr1	6601080	6801080	harbor1	chr1	6639725	6639885	SINE/MIR	519	-	80	6639805	38725
chr1	16545023	16745023	harbor1	chr1	16549882	16549929	SINE/MIR	671	-	24	16549906	4883
chr1	16545023	16745023	harbor1	chr1	16550232	16550380	SINE/MIR	671	-	74	16550306	5283
chr1	16545023	16745023	harbor1	chr1	16551364	16551580	SINE/MIR	493	-	108	16551472	6449
chr1	16545023	16745023	harbor1	chr1	16551815	16552014	SINE/MIR	530	-	100	16551915	6892
chr1	16545023	16745023	harbor1	chr1	16584312	16584458	SINE/MIR	440	-	73	16584385	39362
chr1	16545023	16745023	harbor1	chr1	16616012	16616256	SINE/MIR	462	-	122	16616134	71111
chr1	16545023	16745023	harbor1	chr1	16619309	16619456	SINE/MIR	456	-	74	16619383	74360
chr1	16545023	16745023	harbor1	chr1	16621378	16621593	SINE/MIR	530	-	108	16621486	76463
chr1	16545023	16745023	harbor1	chr1	16623030	16623201	SINE/MIR	537	-	86	16623116	78093
chr1	16545023	16745023	harbor1	chr1	16623585	16623784	SINE/MIR	569	-	100	16623685	78662
chr1	15330459	15530459	harbor1	chr1	15333413	15333552	SINE/MIR	431	-	70	15333483	3024
chr1	15330459	15530459	harbor1	chr1	15333707	15333809	SINE/MIR	730	-	51	15333758	3299
chr1	15330459	15530459	harbor1	chr1	15334126	15334267	SINE/MIR	730	-	70	15334196	3737
chr1	15330459	15530459	harbor1	chr1	15341407	15341604	SINE/MIR	471	-	98	15341505	11046
chr1	15330459	15530459	harbor1	chr1	15344749	15344964	SINE/MIR	568	-	108	15344857	14398
chr1	15330459	15530459	harbor1	chr1	15377880	15378021	SINE/MIR	808	-	70	15377950	47491
chr1	15330459	15530459	harbor1	chr1	15378313	15378405	SINE/MIR	808	-	46	15378359	47900
chr1	15330459	15530459	harbor1	chr1	15383713	15383921	SINE/MIR	531	-	104	15383817	53358
chr1	15330459	15530459	harbor1	chr1	15398343	15398584	SINE/MIR	774	-	120	15398463	68004
chr1	15330459	15530459	harbor1	chr1	15402579	15402782	SINE/MIR	465	-	102	15402681	72222
chr1	15330459	15530459	harbor1	chr1	15412348	15412492	SINE/MIR	497	-	72	15412420	81961
chr1	15330459	15530459	harbor1	chr1	15415442	15415478	SINE/MIR	496	-	18	15415460	85001
chr1	15330459	15530459	harbor1	chr1	15415790	15415905	SINE/MIR	496	-	58	15415848	85389
chr1	15330459	15530459	harbor1	chr1	15416542	15416711	SINE/MIR	583	-	84	15416626	86167
chr1	15330459	15530459	harbor1	chr1	15421003	15421256	SINE/MIR	758	-	126	15421129	90670
chr1	2375321	2575321	harbor1	chr1	2393539	2393763	SINE/MIR	494	-	112	2393651	18330
chr1	2375321	2575321	harbor1	chr1	2399666	2399853	SINE/MIR	493	-	94	2399760	24439
chr1	16267485	16467485	harbor1	chr1	16337346	16337525	SINE/MIR	434	-	90	16337436	69951
chr1	16267485	16467485	harbor1	chr1	16340763	16340946	SINE/MIR	497	-	92	16340855	73370
chr1	16267485	16467485	harbor1	chr1	16352890	16353067	SINE/MIR	504	-	88	16352978	85493
chr1	16267485	16467485	harbor1	chr1	16365681	16365853	SINE/MIR	554	-	86	16365767	98282
chr1	53370472	53570472	harbor1	chr1	53378773	53379017	SINE/MIR	647	-	122	53378895	8423
chr1	53370472	53570472	harbor1	chr1	53403747	53403897	SINE/MIR	434	-	75	53403822	33350
chr1	53370472	53570472	harbor1	chr1	53406385	53406617	SINE/MIR	931	-	116	53406501	36029
chr1	53370472	53570472	harbor1	chr1	53416869	53417105	SINE/MIR	507	-	118	53416987	46515
chr1	16600695	16800695	harbor1	chr1	16616012	16616256	SINE/MIR	462	-	122	16616134	15439
chr1	16600695	16800695	harbor1	chr1	16619309	16619456	SINE/MIR	456	-	74	16619383	18688
chr1	16600695	16800695	harbor1	chr1	16621378	16621593	SINE/MIR	530	-	108	16621486	20791
chr1	16600695	16800695	harbor1	chr1	16623030	16623201	SINE/MIR	537	-	86	16623116	22421
chr1	16600695	16800695	harbor1	chr1	16623585	16623784	SINE/MIR	569	-	100	16623685	22990
chr1	16600695	16800695	harbor1	chr1	16682379	16682595	SINE/MIR	452	-	108	16682487	81792
chr1	16600695	16800695	harbor1	chr1	16682807	16683029	SINE/MIR	497	-	111	16682918	82223
chr1	53189636	53389636	harbor1	chr1	53201844	53202078	SINE/MIR	726	-	117	53201961	12325
chr1	53189636	53389636	harbor1	chr1	53235170	53235368	SINE/MIR	566	-	99	53235269	45633
chr1	53189636	53389636	harbor1	chr1	53247096	53247326	SINE/MIR	637	-	115	53247211	57575
chr1	53189636	53389636	harbor1	chr1	53248803	53249026	SINE/MIR	683	-	112	53248915	59279
chr1	53189636	53389636	harbor1	chr1	53255334	53255492	SINE/MIR	576	-	79	53255413	65777
chr1	53189636	53389636	harbor1	chr1	53259415	53259582	SINE/MIR	496	-	84	53259499	69863
chr1	53189636	53389636	harbor1	chr1	53259743	53259789	SINE/MIR	496	-	23	53259766	70130
chr1	53189636	53389636	harbor1	chr1	53275874	53276043	SINE/MIR	620	-	84	53275958	86322
chr1	53189636	53389636	harbor1	chr1	53278044	53278223	SINE/MIR	501	-	90	53278134	88498
chr1	53189636	53389636	harbor1	chr1	53284338	53284448	SINE/MIR	477	-	55	53284393	94757
chr1	53189636	53389636	harbor1	chr1	53285092	53285239	SINE/MIR	458	-	74	53285166	95530
chr1	53189636	53389636	harbor1	chr1	53286870	53287070	SINE/MIR	554	-	100	53286970	97334
chr1	16544545	16744545	harbor1	chr1	16549882	16549929	SINE/MIR	671	-	24	16549906	5361
chr1	16544545	16744545	harbor1	chr1	16550232	16550380	SINE/MIR	671	-	74	16550306	5761
chr1	16544545	16744545	harbor1	chr1	16551364	16551580	SINE/MIR	493	-	108	16551472	6927
chr1	16544545	16744545	harbor1	chr1	16551815	16552014	SINE/MIR	530	-	100	16551915	7370
chr1	16544545	16744545	harbor1	chr1	16584312	16584458	SINE/MIR	440	-	73	16584385	39840
chr1	16544545	16744545	harbor1	chr1	16616012	16616256	SINE/MIR	462	-	122	16616134	71589
chr1	16544545	16744545	harbor1	chr1	16619309	16619456	SINE/MIR	456	-	74	16619383	74838
chr1	16544545	16744545	harbor1	chr1	16621378	16621593	SINE/MIR	530	-	108	16621486	76941
chr1	16544545	16744545	harbor1	chr1	16623030	16623201	SINE/MIR	537	-	86	16623116	78571
chr1	16544545	16744545	harbor1	chr1	16623585	16623784	SINE/MIR	569	-	100	16623685	79140
chr1	36753751	36953751	harbor1	chr1	36758151	36758382	SINE/MIR	981	-	116	36758267	4516
chr1	36753751	36953751	harbor1	chr1	36771127	36771296	SINE/MIR	489	-	84	36771211	17460
chr1	36753751	36953751	harbor1	chr1	36776124	36776347	SINE/MIR	580	-	112	36776236	22485
chr1	36753751	36953751	harbor1	chr1	36780648	36780883	SINE/MIR	700	-	118	36780766	27015
chr1	36753751	36953751	harbor1	chr1	36784897	36785059	SINE/MIR	691	-	81	36784978	31227
chr1	36753751	36953751	harbor1	chr1	36793347	36793553	SINE/MIR	636	-	103	36793450	39699
chr1	36753751	36953751	harbor1	chr1	36806620	36806865	SINE/MIR	1042	-	122	36806742	52991
chr1	36753751	36953751	harbor1	chr1	36811773	36811979	SINE/MIR	609	-	103	36811876	58125
chr1	36753751	36953751	harbor1	chr1	36830164	36830331	SINE/MIR	432	-	84	36830248	76497
chr1	36753751	36953751	harbor1	chr1	36838105	36838327	SINE/MIR	626	-	111	36838216	84465
chr1	36753751	36953751	harbor1	chr1	36839340	36839511	SINE/MIR	567	-	86	36839426	85675
chr1	36753751	36953751	harbor1	chr1	36839596	36839775	SINE/MIR	748	-	90	36839686	85935
chr1	36753751	36953751	harbor1	chr1	36840932	36841070	SINE/MIR	596	-	69	36841001	87250
chr1	36753751	36953751	harbor1	chr1	36842722	36842916	SINE/MIR	506	-	97	36842819	89068
chr1	36753751	36953751	harbor1	chr1	36843338	36843574	SINE/MIR	595	-	118	36843456	89705
chr1	36753751	36953751	harbor1	chr1	36847637	36847819	SINE/MIR	507	-	91	36847728	93977
chr1	2375299	2575299	harbor1	chr1	2393539	2393763	SINE/MIR	494	-	112	2393651	18352
chr1	2375299	2575299	harbor1	chr1	2399666	2399853	SINE/MIR	493	-	94	2399760	24461
chr1	94137807	94337807	harbor1	chr1	94226306	94226540	SINE/MIR	815	-	117	94226423	88616
chr1	94137807	94337807	harbor1	chr1	94231802	94232004	SINE/MIR	459	-	101	94231903	94096
chr1	16543056	16743056	harbor1	chr1	16549882	16549929	SINE/MIR	671	-	24	16549906	6850
chr1	16543056	16743056	harbor1	chr1	16550232	16550380	SINE/MIR	671	-	74	16550306	7250
chr1	16543056	16743056	harbor1	chr1	16551364	16551580	SINE/MIR	493	-	108	16551472	8416
chr1	16543056	16743056	harbor1	chr1	16551815	16552014	SINE/MIR	530	-	100	16551915	8859
chr1	16543056	16743056	harbor1	chr1	16584312	16584458	SINE/MIR	440	-	73	16584385	41329
chr1	16543056	16743056	harbor1	chr1	16616012	16616256	SINE/MIR	462	-	122	16616134	73078
chr1	16543056	16743056	harbor1	chr1	16619309	16619456	SINE/MIR	456	-	74	16619383	76327
chr1	16543056	16743056	harbor1	chr1	16621378	16621593	SINE/MIR	530	-	108	16621486	78430
chr1	16543056	16743056	harbor1	chr1	16623030	16623201	SINE/MIR	537	-	86	16623116	80060
chr1	16543056	16743056	harbor1	chr1	16623585	16623784	SINE/MIR	569	-	100	16623685	80629
chr1	229331834	229531834	harbor1	chr1	229349491	229349681	SINE/MIR	485	-	95	229349586	17752
chr1	229331834	229531834	harbor1	chr1	229384544	229384745	SINE/MIR	514	-	100	229384644	52810
chr1	229331834	229531834	harbor1	chr1	229399350	229399562	SINE/MIR	654	-	106	229399456	67622
chr1	9589469	9789469	harbor1	chr1	9591221	9591370	SINE/MIR	465	-	74	9591295	1826
chr1	9589469	9789469	harbor1	chr1	9596142	9596340	SINE/MIR	480	-	99	9596241	6772
chr1	9589469	9789469	harbor1	chr1	9641373	9641540	SINE/MIR	488	-	84	9641457	51988
chr1	9589469	9789469	harbor1	chr1	9643607	9643851	SINE/MIR	1024	-	122	9643729	54260
chr1	9589469	9789469	harbor1	chr1	9653332	9653464	SINE/MIR	440	-	66	9653398	63929
chr1	9589469	9789469	harbor1	chr1	9675083	9675103	SINE/MIR	512	-	10	9675093	85624
chr1	9589469	9789469	harbor1	chr1	9675414	9675569	SINE/MIR	580	-	78	9675492	86023
chr1	211033758	211233758	harbor1	chr1	211046452	211046686	SINE/MIR	846	-	117	211046569	12811
chr1	211033758	211233758	harbor1	chr1	211046691	211046895	SINE/MIR	588	-	102	211046793	13035
chr1	211033758	211233758	harbor1	chr1	211051779	211051960	SINE/MIR	658	-	90	211051869	18111
chr1	185216973	185416973	harbor1	chr1	185264514	185264738	SINE/MIR	832	-	112	185264626	47653
chr1	185216973	185416973	harbor1	chr1	185267178	185267375	SINE/MIR	645	-	98	185267276	50303
chr1	185216973	185416973	harbor1	chr1	185270030	185270209	SINE/MIR	610	-	90	185270120	53147
chr1	7267274	7467274	harbor1	chr1	7288036	7288205	SINE/MIR	431	-	84	7288120	20846
chr1	7267274	7467274	harbor1	chr1	7296212	7296376	SINE/MIR	601	-	82	7296294	29020
chr1	39855337	40055337	harbor1	chr1	39881984	39882178	SINE/MIR	541	-	97	39882081	26744
chr1	39855337	40055337	harbor1	chr1	39890950	39891116	SINE/MIR	878	-	83	39891033	35696
chr1	39855337	40055337	harbor1	chr1	39892331	39892537	SINE/MIR	471	-	103	39892434	37097
chr1	39855337	40055337	harbor1	chr1	39926033	39926240	SINE/MIR	534	-	104	39926137	70800
chr1	39855337	40055337	harbor1	chr1	39940134	39940334	SINE/MIR	538	-	100	39940234	84897
chr1	39855337	40055337	harbor1	chr1	39953040	39953118	SINE/MIR	449	-	39	39953079	97742
chr1	39855337	40055337	harbor1	chr1	39953415	39953494	SINE/MIR	449	-	40	39953455	98118
chr1	39855337	40055337	harbor1	chr1	39895001	39895226	SINE/MIR	608	-	112	39895113	39776
chr1	157038008	157238008	harbor1	chr1	157039270	157039453	SINE/MIR	443	-	92	157039362	1354
chr1	157038008	157238008	harbor1	chr1	157050579	157050830	SINE/MIR	746	-	126	157050705	12697
chr1	157038008	157238008	harbor1	chr1	157077289	157077457	SINE/MIR	476	-	84	157077373	39365
chr1	157038008	157238008	harbor1	chr1	157104148	157104380	SINE/MIR	625	-	116	157104264	66256
chr1	2375268	2575268	harbor1	chr1	2393539	2393763	SINE/MIR	494	-	112	2393651	18383
chr1	2375268	2575268	harbor1	chr1	2399666	2399853	SINE/MIR	493	-	94	2399760	24492
chr1	16517974	16717974	harbor1	chr1	16549882	16549929	SINE/MIR	671	-	24	16549906	31932
chr1	16517974	16717974	harbor1	chr1	16550232	16550380	SINE/MIR	671	-	74	16550306	32332
chr1	16517974	16717974	harbor1	chr1	16551364	16551580	SINE/MIR	493	-	108	16551472	33498
chr1	16517974	16717974	harbor1	chr1	16551815	16552014	SINE/MIR	530	-	100	16551915	33941
chr1	16517974	16717974	harbor1	chr1	16584312	16584458	SINE/MIR	440	-	73	16584385	66411
chr1	16517974	16717974	harbor1	chr1	16616012	16616256	SINE/MIR	462	-	122	16616134	98160
chr1	43447553	43647553	harbor1	chr1	43520820	43521061	SINE/MIR	592	-	120	43520940	73387
chr1	16490133	16690133	harbor1	chr1	16501288	16501446	SINE/MIR	466	-	79	16501367	11234
chr1	16490133	16690133	harbor1	chr1	16549882	16549929	SINE/MIR	671	-	24	16549906	59773
chr1	16490133	16690133	harbor1	chr1	16550232	16550380	SINE/MIR	671	-	74	16550306	60173
chr1	16490133	16690133	harbor1	chr1	16551364	16551580	SINE/MIR	493	-	108	16551472	61339
chr1	16490133	16690133	harbor1	chr1	16551815	16552014	SINE/MIR	530	-	100	16551915	61782
chr1	16490133	16690133	harbor1	chr1	16584312	16584458	SINE/MIR	440	-	73	16584385	94252
chr1	53370438	53570438	harbor1	chr1	53378773	53379017	SINE/MIR	647	-	122	53378895	8457
chr1	53370438	53570438	harbor1	chr1	53403747	53403897	SINE/MIR	434	-	75	53403822	33384
chr1	53370438	53570438	harbor1	chr1	53406385	53406617	SINE/MIR	931	-	116	53406501	36063
chr1	53370438	53570438	harbor1	chr1	53416869	53417105	SINE/MIR	507	-	118	53416987	46549
chr1	2375370	2575370	harbor1	chr1	2393539	2393763	SINE/MIR	494	-	112	2393651	18281
chr1	2375370	2575370	harbor1	chr1	2399666	2399853	SINE/MIR	493	-	94	2399760	24390
chr1	154985135	155185135	harbor1	chr1	155013117	155013349	SINE/MIR	962	-	116	155013233	28098
chr1	154985135	155185135	harbor1	chr1	155013360	155013556	SINE/MIR	585	-	98	155013458	28323
chr1	154985135	155185135	harbor1	chr1	155028228	155028309	SINE/MIR	748	-	40	155028268	43133
chr1	154985135	155185135	harbor1	chr1	155028895	155029007	SINE/MIR	748	-	56	155028951	43816
chr1	154985135	155185135	harbor1	chr1	155053526	155053772	SINE/MIR	962	-	123	155053649	68514
chr1	154985135	155185135	harbor1	chr1	155074890	155075134	SINE/MIR	794	-	122	155075012	89877
chr1	92384641	92584641	harbor1	chr1	92410558	92410780	SINE/MIR	584	-	111	92410669	26028
chr1	92384641	92584641	harbor1	chr1	92426540	92426695	SINE/MIR	634	-	78	92426618	41977
chr1	722912	922912	harbor1	chr1	797344	797585	SINE/MIR	496	-	120	797464	74552
chr1	204633771	204833771	harbor1	chr1	204638265	204638402	SINE/MIR	450	-	68	204638333	4562
chr1	204633771	204833771	harbor1	chr1	204638710	204638755	SINE/MIR	450	-	22	204638732	4961
chr1	204633771	204833771	harbor1	chr1	204639712	204639877	SINE/MIR	712	-	82	204639794	6023
chr1	204633771	204833771	harbor1	chr1	204641505	204641743	SINE/MIR	685	-	119	204641624	7853
chr1	204633771	204833771	harbor1	chr1	204653434	204653575	SINE/MIR	507	-	70	204653504	19733
chr1	204633771	204833771	harbor1	chr1	204654061	204654150	SINE/MIR	456	-	44	204654105	20334
chr1	204633771	204833771	harbor1	chr1	204662345	204662548	SINE/MIR	515	-	102	204662447	28676
chr1	204633771	204833771	harbor1	chr1	204673335	204673572	SINE/MIR	717	-	118	204673453	39682
chr1	204633771	204833771	harbor1	chr1	204677040	204677202	SINE/MIR	487	-	81	204677121	43350
chr1	204633771	204833771	harbor1	chr1	204681341	204681582	SINE/MIR	1119	-	120	204681461	47690
chr1	204633771	204833771	harbor1	chr1	204700830	204700886	SINE/MIR	553	-	28	204700858	67087
chr1	204633771	204833771	harbor1	chr1	204701192	204701334	SINE/MIR	553	-	71	204701263	67492
chr1	204633771	204833771	harbor1	chr1	204724166	204724415	SINE/MIR	846	-	124	204724290	90519
chr1	47317003	47517003	harbor1	chr1	47397569	47397791	SINE/MIR	753	-	111	47397680	80677
chr1	15262474	15462474	harbor1	chr1	15274712	15274859	SINE/MIR	653	-	74	15274786	12312
chr1	15262474	15462474	harbor1	chr1	15277856	15278074	SINE/MIR	582	-	109	15277965	15491
chr1	15262474	15462474	harbor1	chr1	15278272	15278295	SINE/MIR	582	-	12	15278284	15810
chr1	15262474	15462474	harbor1	chr1	15296966	15297182	SINE/MIR	827	-	108	15297074	34600
chr1	15262474	15462474	harbor1	chr1	15318018	15318163	SINE/MIR	452	-	72	15318090	55616
chr1	15262474	15462474	harbor1	chr1	15322421	15322526	SINE/MIR	473	-	52	15322473	59999
chr1	15262474	15462474	harbor1	chr1	15324033	15324223	SINE/MIR	665	-	95	15324128	61654
chr1	15262474	15462474	harbor1	chr1	15333413	15333552	SINE/MIR	431	-	70	15333483	71009
chr1	15262474	15462474	harbor1	chr1	15333707	15333809	SINE/MIR	730	-	51	15333758	71284
chr1	15262474	15462474	harbor1	chr1	15334126	15334267	SINE/MIR	730	-	70	15334196	71722
chr1	15262474	15462474	harbor1	chr1	15341407	15341604	SINE/MIR	471	-	98	15341505	79031
chr1	15262474	15462474	harbor1	chr1	15344749	15344964	SINE/MIR	568	-	108	15344857	82383
chr1	116052112	116252112	harbor1	chr1	116064808	116064957	SINE/MIR	485	-	74	116064882	12770
chr1	116052112	116252112	harbor1	chr1	116077007	116077223	SINE/MIR	682	-	108	116077115	25003
chr1	116052112	116252112	harbor1	chr1	116114361	116114563	SINE/MIR	518	-	101	116114462	62350
chr1	116052112	116252112	harbor1	chr1	116125713	116125866	SINE/MIR	527	-	76	116125789	73677
chr1	92386045	92586045	harbor1	chr1	92410558	92410780	SINE/MIR	584	-	111	92410669	24624
chr1	92386045	92586045	harbor1	chr1	92426540	92426695	SINE/MIR	634	-	78	92426618	40573
chr1	153245885	153445885	harbor1	chr1	153311263	153311482	SINE/MIR	569	-	110	153311373	65488
chr1	153245885	153445885	harbor1	chr1	153342098	153342238	SINE/MIR	469	-	70	153342168	96283
chr1	11520749	11720749	harbor1	chr1	11531780	11531910	SINE/MIR	457	-	65	11531845	11096
chr1	11520749	11720749	harbor1	chr1	11534781	11534959	SINE/MIR	440	-	89	11534870	14121
chr1	11520749	11720749	harbor1	chr1	11543465	11543634	SINE/MIR	487	-	84	11543549	22800
chr1	11520749	11720749	harbor1	chr1	11566155	11566290	SINE/MIR	473	-	68	11566223	45474
chr1	11520749	11720749	harbor1	chr1	11567381	11567531	SINE/MIR	496	-	75	11567456	46707
chr1	11520749	11720749	harbor1	chr1	11586203	11586452	SINE/MIR	465	-	124	11586327	65578
chr1	11520749	11720749	harbor1	chr1	11587052	11587220	SINE/MIR	527	-	84	11587136	66387
chr1	11520749	11720749	harbor1	chr1	11592244	11592494	SINE/MIR	807	-	125	11592369	71620
chr1	11520749	11720749	harbor1	chr1	11599234	11599359	SINE/MIR	554	-	62	11599296	78547
chr1	11520749	11720749	harbor1	chr1	11613711	11613850	SINE/MIR	440	-	70	11613781	93032
chr1	11520749	11720749	harbor1	chr1	11616501	11616683	SINE/MIR	556	-	91	11616592	95843
chr1	11520749	11720749	harbor1	chr1	11616766	11616924	SINE/MIR	526	-	79	11616845	96096
chr1	11520749	11720749	harbor1	chr1	11617865	11618053	SINE/MIR	558	-	94	11617959	97210
chr1	211033691	211233691	harbor1	chr1	211046452	211046686	SINE/MIR	846	-	117	211046569	12878
chr1	211033691	211233691	harbor1	chr1	211046691	211046895	SINE/MIR	588	-	102	211046793	13102
chr1	211033691	211233691	harbor1	chr1	211051779	211051960	SINE/MIR	658	-	90	211051869	18178
chr1	2375300	2575300	harbor1	chr1	2393539	2393763	SINE/MIR	494	-	112	2393651	18351
chr1	2375300	2575300	harbor1	chr1	2399666	2399853	SINE/MIR	493	-	94	2399760	24460
chr1	6567487	6767487	harbor1	chr1	6617802	6617963	SINE/MIR	478	-	80	6617882	50395
chr1	6567487	6767487	harbor1	chr1	6639725	6639885	SINE/MIR	519	-	80	6639805	72318
chr1	29351447	29551447	harbor1	chr1	29351981	29352202	SINE/MIR	630	-	110	29352091	644
chr1	29351447	29551447	harbor1	chr1	29356941	29357071	SINE/MIR	447	-	65	29357006	5559
chr1	29351447	29551447	harbor1	chr1	29359096	29359319	SINE/MIR	618	-	112	29359208	7761
chr1	29351447	29551447	harbor1	chr1	29363599	29363811	SINE/MIR	974	-	106	29363705	12258
chr1	29351447	29551447	harbor1	chr1	29369146	29369394	SINE/MIR	691	-	124	29369270	17823
chr1	29351447	29551447	harbor1	chr1	29371547	29371780	SINE/MIR	478	-	116	29371663	20216
chr1	29351447	29551447	harbor1	chr1	29382793	29383000	SINE/MIR	567	-	104	29382897	31450
chr1	29351447	29551447	harbor1	chr1	29387761	29387998	SINE/MIR	721	-	118	29387879	36432
chr1	29351447	29551447	harbor1	chr1	29389625	29389810	SINE/MIR	684	-	92	29389717	38270
chr1	29351447	29551447	harbor1	chr1	29391541	29391760	SINE/MIR	482	-	110	29391651	40204
chr1	29351447	29551447	harbor1	chr1	29397109	29397262	SINE/MIR	536	-	76	29397185	45738
chr1	29351447	29551447	harbor1	chr1	29407262	29407478	SINE/MIR	615	-	108	29407370	55923
chr1	29351447	29551447	harbor1	chr1	29411005	29411194	SINE/MIR	611	-	94	29411099	59652
chr1	29351447	29551447	harbor1	chr1	29412394	29412539	SINE/MIR	580	-	72	29412466	61019
chr1	29351447	29551447	harbor1	chr1	29413358	29413525	SINE/MIR	518	-	84	29413442	61995
chr1	29351447	29551447	harbor1	chr1	29413942	29414095	SINE/MIR	468	-	76	29414018	62571
chr1	29351447	29551447	harbor1	chr1	29417538	29417692	SINE/MIR	490	-	77	29417615	66168
chr1	29351447	29551447	harbor1	chr1	29432788	29433006	SINE/MIR	460	-	109	29432897	81450
chr1	29351447	29551447	harbor1	chr1	29438734	29438900	SINE/MIR	543	-	83	29438817	87370
chr1	29351447	29551447	harbor1	chr1	29442329	29442423	SINE/MIR	458	-	47	29442376	90929
chr1	16544832	16744832	harbor1	chr1	16549882	16549929	SINE/MIR	671	-	24	16549906	5074
chr1	16544832	16744832	harbor1	chr1	16550232	16550380	SINE/MIR	671	-	74	16550306	5474
chr1	16544832	16744832	harbor1	chr1	16551364	16551580	SINE/MIR	493	-	108	16551472	6640
chr1	16544832	16744832	harbor1	chr1	16551815	16552014	SINE/MIR	530	-	100	16551915	7083
chr1	16544832	16744832	harbor1	chr1	16584312	16584458	SINE/MIR	440	-	73	16584385	39553
chr1	16544832	16744832	harbor1	chr1	16616012	16616256	SINE/MIR	462	-	122	16616134	71302
chr1	16544832	16744832	harbor1	chr1	16619309	16619456	SINE/MIR	456	-	74	16619383	74551
chr1	16544832	16744832	harbor1	chr1	16621378	16621593	SINE/MIR	530	-	108	16621486	76654
chr1	16544832	16744832	harbor1	chr1	16623030	16623201	SINE/MIR	537	-	86	16623116	78284
chr1	16544832	16744832	harbor1	chr1	16623585	16623784	SINE/MIR	569	-	100	16623685	78853
chr1	20561106	20761106	harbor1	chr1	20584665	20584769	SINE/MIR	443	-	52	20584717	23611
chr1	20561106	20761106	harbor1	chr1	20587854	20588046	SINE/MIR	795	-	96	20587950	26844
chr1	20561106	20761106	harbor1	chr1	20588064	20588210	SINE/MIR	472	-	73	20588137	27031
chr1	20561106	20761106	harbor1	chr1	20599789	20600010	SINE/MIR	646	-	110	20599899	38793
chr1	20561106	20761106	harbor1	chr1	20606349	20606529	SINE/MIR	468	-	90	20606439	45333
chr1	20561106	20761106	harbor1	chr1	20610754	20610958	SINE/MIR	523	-	102	20610856	49750
chr1	20561106	20761106	harbor1	chr1	20616013	20616210	SINE/MIR	467	-	98	20616111	55005
chr1	20561106	20761106	harbor1	chr1	20618228	20618446	SINE/MIR	456	-	109	20618337	57231
chr1	20561106	20761106	harbor1	chr1	20619436	20619632	SINE/MIR	620	-	98	20619534	58428
chr1	20561106	20761106	harbor1	chr1	20619933	20619962	SINE/MIR	620	-	14	20619947	58841
chr1	211730554	211930554	harbor1	chr1	211786894	211787055	SINE/MIR	543	-	80	211786974	56420
chr1	211730554	211930554	harbor1	chr1	211799288	211799505	SINE/MIR	712	-	108	211799396	68842
chr1	211730554	211930554	harbor1	chr1	211816726	211816894	SINE/MIR	549	-	84	211816810	86256
chr1	16625350	16825350	harbor1	chr1	16682379	16682595	SINE/MIR	452	-	108	16682487	57137
chr1	16625350	16825350	harbor1	chr1	16682807	16683029	SINE/MIR	497	-	111	16682918	57568
chr1	16625350	16825350	harbor1	chr1	16711679	16711933	SINE/MIR	736	-	127	16711806	86456
chr1	201549223	201749223	harbor1	chr1	201550998	201551191	SINE/MIR	709	-	96	201551094	1871
chr1	201549223	201749223	harbor1	chr1	201608075	201608261	SINE/MIR	637	-	93	201608168	58945
chr1	201549223	201749223	harbor1	chr1	201613874	201614022	SINE/MIR	574	-	74	201613948	64725
chr1	201549223	201749223	harbor1	chr1	201615568	201615788	SINE/MIR	749	-	110	201615678	66455
chr1	201549223	201749223	harbor1	chr1	201616036	201616280	SINE/MIR	1030	-	122	201616158	66935
chr1	201549223	201749223	harbor1	chr1	201633047	201633213	SINE/MIR	451	-	83	201633130	83907
chr1	201549223	201749223	harbor1	chr1	201633240	201633474	SINE/MIR	689	-	117	201633357	84134
chr1	201549223	201749223	harbor1	chr1	201634295	201634440	SINE/MIR	594	-	72	201634367	85144
chr1	7552592	7752592	harbor1	chr1	7622141	7622405	SINE/MIR	510	-	132	7622273	69681
chr1	7552592	7752592	harbor1	chr1	7627447	7627683	SINE/MIR	869	-	118	7627565	74973
chr1	152203804	152403804	harbor1	chr1	152227126	152227312	SINE/MIR	731	-	93	152227219	23415
chr1	152203804	152403804	harbor1	chr1	152230350	152230531	SINE/MIR	491	-	90	152230440	26636
chr1	209543647	209743647	harbor1	chr1	209549255	209549494	SINE/MIR	568	-	120	209549375	5728
chr1	209543647	209743647	harbor1	chr1	209568537	209568777	SINE/MIR	1141	-	120	209568657	25010
chr1	209543647	209743647	harbor1	chr1	209582036	209582282	SINE/MIR	847	-	123	209582159	38512
chr1	209543647	209743647	harbor1	chr1	209584886	209585124	SINE/MIR	585	-	119	209585005	41358
chr1	209543647	209743647	harbor1	chr1	209593019	209593221	SINE/MIR	655	-	101	209593120	49473
chr1	209543647	209743647	harbor1	chr1	209597899	209598128	SINE/MIR	687	-	114	209598013	54366
chr1	209543647	209743647	harbor1	chr1	209601755	209601993	SINE/MIR	548	-	119	209601874	58227
chr1	209543647	209743647	harbor1	chr1	209626183	209626343	SINE/MIR	604	-	80	209626263	82616
chr1	209543647	209743647	harbor1	chr1	209628794	209629003	SINE/MIR	717	-	104	209628898	85251
chr1	53846295	54046295	harbor1	chr1	53860357	53860570	SINE/MIR	705	-	106	53860463	14168
chr1	53846295	54046295	harbor1	chr1	53862095	53862326	SINE/MIR	491	-	116	53862211	15916
chr1	53846295	54046295	harbor1	chr1	53864826	53865046	SINE/MIR	711	-	110	53864936	18641
chr1	53846295	54046295	harbor1	chr1	53869350	53869606	SINE/MIR	831	-	128	53869478	23183
chr1	53846295	54046295	harbor1	chr1	53898867	53899014	SINE/MIR	501	-	74	53898941	52646
chr1	53846295	54046295	harbor1	chr1	53904048	53904184	SINE/MIR	443	-	68	53904116	57821
chr1	53846295	54046295	harbor1	chr1	53911560	53911768	SINE/MIR	687	-	104	53911664	65369
chr1	53846295	54046295	harbor1	chr1	53928749	53928942	SINE/MIR	444	-	96	53928845	82550
chr1	12393958	12593958	harbor1	chr1	12422664	12422857	SINE/MIR	444	-	96	12422760	28802
chr1	12393958	12593958	harbor1	chr1	12423132	12423284	SINE/MIR	439	-	76	12423208	29250
chr1	12393958	12593958	harbor1	chr1	12435481	12435729	SINE/MIR	698	-	124	12435605	41647
chr1	12393958	12593958	harbor1	chr1	12451852	12452054	SINE/MIR	639	-	101	12451953	57995
chr1	12393958	12593958	harbor1	chr1	12479469	12479678	SINE/MIR	722	-	104	12479573	85615
chr1	12393958	12593958	harbor1	chr1	12488264	12488484	SINE/MIR	527	-	110	12488374	94416
chr1	12393958	12593958	harbor1	chr1	12489738	12489970	SINE/MIR	1065	-	116	12489854	95896
chr1	2375288	2575288	harbor1	chr1	2393539	2393763	SINE/MIR	494	-	112	2393651	18363
chr1	2375288	2575288	harbor1	chr1	2399666	2399853	SINE/MIR	493	-	94	2399760	24472
chr1	25516603	25716603	harbor1	chr1	25523233	25523474	SINE/MIR	478	-	120	25523353	6750
chr1	25516603	25716603	harbor1	chr1	25524830	25525001	SINE/MIR	584	-	86	25524916	8313
chr1	25516603	25716603	harbor1	chr1	25538158	25538364	SINE/MIR	665	-	103	25538261	21658
chr1	25516603	25716603	harbor1	chr1	25539536	25539584	SINE/MIR	475	-	24	25539560	22957
chr1	25516603	25716603	harbor1	chr1	25539932	25540064	SINE/MIR	475	-	66	25539998	23395
chr1	25516603	25716603	harbor1	chr1	25550170	25550390	SINE/MIR	479	-	110	25550280	33677
chr1	25516603	25716603	harbor1	chr1	25555479	25555625	SINE/MIR	446	-	73	25555552	38949
chr1	25516603	25716603	harbor1	chr1	25564794	25564982	SINE/MIR	453	-	94	25564888	48285
chr1	25516603	25716603	harbor1	chr1	25570926	25571108	SINE/MIR	454	-	91	25571017	54414
chr1	25516603	25716603	harbor1	chr1	25575723	25575933	SINE/MIR	861	-	105	25575828	59225
chr1	25516603	25716603	harbor1	chr1	25610448	25610689	SINE/MIR	810	-	120	25610568	93965
chr1	25516603	25716603	harbor1	chr1	25610769	25610966	SINE/MIR	730	-	98	25610867	94264
chr1	44307706	44507706	harbor1	chr1	44323654	44323831	SINE/MIR	639	-	88	44323742	16036
chr1	44307706	44507706	harbor1	chr1	44327418	44327668	SINE/MIR	1027	-	125	44327543	19837
chr1	44307706	44507706	harbor1	chr1	44349711	44349832	SINE/MIR	483	-	60	44349771	42065
chr1	44307706	44507706	harbor1	chr1	44397800	44398017	SINE/MIR	556	-	108	44397908	90202
chr1	110573752	110773752	harbor1	chr1	110579534	110579723	SINE/MIR	624	-	94	110579628	5876
chr1	110573752	110773752	harbor1	chr1	110582831	110583083	SINE/MIR	579	-	126	110582957	9205
chr1	110573752	110773752	harbor1	chr1	110590400	110590628	SINE/MIR	477	-	114	110590514	16762
chr1	110573752	110773752	harbor1	chr1	110609336	110609560	SINE/MIR	617	-	112	110609448	35696
chr1	110573752	110773752	harbor1	chr1	110610458	110610658	SINE/MIR	597	-	100	110610558	36806
chr1	110573752	110773752	harbor1	chr1	110613742	110613857	SINE/MIR	482	-	58	110613800	40048
chr1	110573752	110773752	harbor1	chr1	110614724	110614918	SINE/MIR	450	-	97	110614821	41069
chr1	110573752	110773752	harbor1	chr1	110626969	110627108	SINE/MIR	451	-	70	110627039	53287
chr1	110573752	110773752	harbor1	chr1	110669977	110670170	SINE/MIR	875	-	96	110670073	96321
chr1	110573752	110773752	harbor1	chr1	110591859	110592017	SINE/MIR	606	-	79	110591938	18186
chr1	110021160	110221160	harbor1	chr1	110039971	110040114	SINE/MIR	457	-	72	110040043	18883
chr1	110021160	110221160	harbor1	chr1	110056230	110056475	SINE/MIR	753	-	122	110056352	35192
chr1	110021160	110221160	harbor1	chr1	110076875	110077006	SINE/MIR	489	-	66	110076941	55781
chr1	110021160	110221160	harbor1	chr1	110077527	110077617	SINE/MIR	489	-	45	110077572	56412
chr1	110021160	110221160	harbor1	chr1	110079107	110079291	SINE/MIR	734	-	92	110079199	58039
chr1	110021160	110221160	harbor1	chr1	110092787	110093031	SINE/MIR	1017	-	122	110092909	71749
chr1	41562092	41762092	harbor1	chr1	41562064	41562274	SINE/MIR	471	-	105	41562169	77
chr1	41562092	41762092	harbor1	chr1	41577229	41577477	SINE/MIR	1155	-	124	41577353	15261
chr1	41562092	41762092	harbor1	chr1	41587663	41587812	SINE/MIR	453	-	74	41587737	25645
chr1	41562092	41762092	harbor1	chr1	41597445	41597673	SINE/MIR	789	-	114	41597559	35467
chr1	41562092	41762092	harbor1	chr1	41611411	41611623	SINE/MIR	503	-	106	41611517	49425
chr1	41562092	41762092	harbor1	chr1	41616840	41617077	SINE/MIR	803	-	118	41616958	54866
chr1	41562092	41762092	harbor1	chr1	41622868	41623054	SINE/MIR	683	-	93	41622961	60869
chr1	41562092	41762092	harbor1	chr1	41656672	41656879	SINE/MIR	464	-	104	41656776	94684
chr1	2375272	2575272	harbor1	chr1	2393539	2393763	SINE/MIR	494	-	112	2393651	18379
chr1	2375272	2575272	harbor1	chr1	2399666	2399853	SINE/MIR	493	-	94	2399760	24488
chr1	53846285	54046285	harbor1	chr1	53860357	53860570	SINE/MIR	705	-	106	53860463	14178
chr1	53846285	54046285	harbor1	chr1	53862095	53862326	SINE/MIR	491	-	116	53862211	15926
chr1	53846285	54046285	harbor1	chr1	53864826	53865046	SINE/MIR	711	-	110	53864936	18651
chr1	53846285	54046285	harbor1	chr1	53869350	53869606	SINE/MIR	831	-	128	53869478	23193
chr1	53846285	54046285	harbor1	chr1	53898867	53899014	SINE/MIR	501	-	74	53898941	52656
chr1	53846285	54046285	harbor1	chr1	53904048	53904184	SINE/MIR	443	-	68	53904116	57831
chr1	53846285	54046285	harbor1	chr1	53911560	53911768	SINE/MIR	687	-	104	53911664	65379
chr1	53846285	54046285	harbor1	chr1	53928749	53928942	SINE/MIR	444	-	96	53928845	82560
chr1	16531613	16731613	harbor1	chr1	16549882	16549929	SINE/MIR	671	-	24	16549906	18293
chr1	16531613	16731613	harbor1	chr1	16550232	16550380	SINE/MIR	671	-	74	16550306	18693
chr1	16531613	16731613	harbor1	chr1	16551364	16551580	SINE/MIR	493	-	108	16551472	19859
chr1	16531613	16731613	harbor1	chr1	16551815	16552014	SINE/MIR	530	-	100	16551915	20302
chr1	16531613	16731613	harbor1	chr1	16584312	16584458	SINE/MIR	440	-	73	16584385	52772
chr1	16531613	16731613	harbor1	chr1	16616012	16616256	SINE/MIR	462	-	122	16616134	84521
chr1	16531613	16731613	harbor1	chr1	16619309	16619456	SINE/MIR	456	-	74	16619383	87770
chr1	16531613	16731613	harbor1	chr1	16621378	16621593	SINE/MIR	530	-	108	16621486	89873
chr1	16531613	16731613	harbor1	chr1	16623030	16623201	SINE/MIR	537	-	86	16623116	91503
chr1	16531613	16731613	harbor1	chr1	16623585	16623784	SINE/MIR	569	-	100	16623685	92072
chr1	155155129	155355129	harbor1	chr1	155162116	155162354	SINE/MIR	737	-	119	155162235	7106
chr1	155155129	155355129	harbor1	chr1	155179268	155179457	SINE/MIR	755	-	94	155179362	24233
chr1	155155129	155355129	harbor1	chr1	155201650	155201853	SINE/MIR	575	-	102	155201752	46623
chr1	2375302	2575302	harbor1	chr1	2393539	2393763	SINE/MIR	494	-	112	2393651	18349
chr1	2375302	2575302	harbor1	chr1	2399666	2399853	SINE/MIR	493	-	94	2399760	24458
chr1	16542818	16742818	harbor1	chr1	16549882	16549929	SINE/MIR	671	-	24	16549906	7088
chr1	16542818	16742818	harbor1	chr1	16550232	16550380	SINE/MIR	671	-	74	16550306	7488
chr1	16542818	16742818	harbor1	chr1	16551364	16551580	SINE/MIR	493	-	108	16551472	8654
chr1	16542818	16742818	harbor1	chr1	16551815	16552014	SINE/MIR	530	-	100	16551915	9097
chr1	16542818	16742818	harbor1	chr1	16584312	16584458	SINE/MIR	440	-	73	16584385	41567
chr1	16542818	16742818	harbor1	chr1	16616012	16616256	SINE/MIR	462	-	122	16616134	73316
chr1	16542818	16742818	harbor1	chr1	16619309	16619456	SINE/MIR	456	-	74	16619383	76565
chr1	16542818	16742818	harbor1	chr1	16621378	16621593	SINE/MIR	530	-	108	16621486	78668
chr1	16542818	16742818	harbor1	chr1	16623030	16623201	SINE/MIR	537	-	86	16623116	80298
chr1	16542818	16742818	harbor1	chr1	16623585	16623784	SINE/MIR	569	-	100	16623685	80867
chr1	16543037	16743037	harbor1	chr1	16549882	16549929	SINE/MIR	671	-	24	16549906	6869
chr1	16543037	16743037	harbor1	chr1	16550232	16550380	SINE/MIR	671	-	74	16550306	7269
chr1	16543037	16743037	harbor1	chr1	16551364	16551580	SINE/MIR	493	-	108	16551472	8435
chr1	16543037	16743037	harbor1	chr1	16551815	16552014	SINE/MIR	530	-	100	16551915	8878
chr1	16543037	16743037	harbor1	chr1	16584312	16584458	SINE/MIR	440	-	73	16584385	41348
chr1	16543037	16743037	harbor1	chr1	16616012	16616256	SINE/MIR	462	-	122	16616134	73097
chr1	16543037	16743037	harbor1	chr1	16619309	16619456	SINE/MIR	456	-	74	16619383	76346
chr1	16543037	16743037	harbor1	chr1	16621378	16621593	SINE/MIR	530	-	108	16621486	78449
chr1	16543037	16743037	harbor1	chr1	16623030	16623201	SINE/MIR	537	-	86	16623116	80079
chr1	16543037	16743037	harbor1	chr1	16623585	16623784	SINE/MIR	569	-	100	16623685	80648
chr1	2375187	2575187	harbor1	chr1	2393539	2393763	SINE/MIR	494	-	112	2393651	18464
chr1	2375187	2575187	harbor1	chr1	2399666	2399853	SINE/MIR	493	-	94	2399760	24573
chr1	53312624	53512624	harbor1	chr1	53315386	53315598	SINE/MIR	568	-	106	53315492	2868
chr1	53312624	53512624	harbor1	chr1	53331301	53331495	SINE/MIR	748	-	97	53331398	18774
chr1	53312624	53512624	harbor1	chr1	53352449	53352604	SINE/MIR	724	-	78	53352527	39903
chr1	53312624	53512624	harbor1	chr1	53367536	53367685	SINE/MIR	546	-	74	53367610	54986
chr1	53312624	53512624	harbor1	chr1	53378773	53379017	SINE/MIR	647	-	122	53378895	66271
chr1	53312624	53512624	harbor1	chr1	53403747	53403897	SINE/MIR	434	-	75	53403822	91198
chr1	53312624	53512624	harbor1	chr1	53406385	53406617	SINE/MIR	931	-	116	53406501	93877
chr1	85965115	86165115	harbor1	chr1	86012973	86013135	SINE/MIR	616	-	81	86013054	47939
chr1	85965115	86165115	harbor1	chr1	86034318	86034559	SINE/MIR	587	-	120	86034438	69323
chr1	85965115	86165115	harbor1	chr1	86055671	86055840	SINE/MIR	444	-	84	86055755	90640
chr1	85965115	86165115	harbor1	chr1	86056133	86056168	SINE/MIR	444	-	18	86056151	91036
chr1	85965115	86165115	harbor1	chr1	86060920	86061164	SINE/MIR	776	-	122	86061042	95927
chr1	31913327	32113327	harbor1	chr1	31945853	31945894	SINE/MIR	770	-	20	31945873	32546
chr1	31913327	32113327	harbor1	chr1	31946201	31946459	SINE/MIR	770	-	129	31946330	33003
chr1	31913327	32113327	harbor1	chr1	31980134	31980288	SINE/MIR	450	-	77	31980211	66884
chr1	31913327	32113327	harbor1	chr1	31981114	31981302	SINE/MIR	843	-	94	31981208	67881
chr1	16344104	16544104	harbor1	chr1	16352890	16353067	SINE/MIR	504	-	88	16352978	8874
chr1	16344104	16544104	harbor1	chr1	16365681	16365853	SINE/MIR	554	-	86	16365767	21663
chr1	16344104	16544104	harbor1	chr1	16369982	16370175	SINE/MIR	609	-	96	16370078	25974
chr1	16344104	16544104	harbor1	chr1	16432889	16433060	SINE/MIR	488	-	86	16432975	88871
chr1	16544840	16744840	harbor1	chr1	16549882	16549929	SINE/MIR	671	-	24	16549906	5066
chr1	16544840	16744840	harbor1	chr1	16550232	16550380	SINE/MIR	671	-	74	16550306	5466
chr1	16544840	16744840	harbor1	chr1	16551364	16551580	SINE/MIR	493	-	108	16551472	6632
chr1	16544840	16744840	harbor1	chr1	16551815	16552014	SINE/MIR	530	-	100	16551915	7075
chr1	16544840	16744840	harbor1	chr1	16584312	16584458	SINE/MIR	440	-	73	16584385	39545
chr1	16544840	16744840	harbor1	chr1	16616012	16616256	SINE/MIR	462	-	122	16616134	71294
chr1	16544840	16744840	harbor1	chr1	16619309	16619456	SINE/MIR	456	-	74	16619383	74543
chr1	16544840	16744840	harbor1	chr1	16621378	16621593	SINE/MIR	530	-	108	16621486	76646
chr1	16544840	16744840	harbor1	chr1	16623030	16623201	SINE/MIR	537	-	86	16623116	78276
chr1	16544840	16744840	harbor1	chr1	16623585	16623784	SINE/MIR	569	-	100	16623685	78845
chr1	19565193	19765193	harbor1	chr1	19565351	19565538	SINE/MIR	487	-	94	19565445	252
chr1	19565193	19765193	harbor1	chr1	19615312	19615534	SINE/MIR	474	-	111	19615423	50230
chr1	19565193	19765193	harbor1	chr1	19639006	19639253	SINE/MIR	473	-	124	19639130	73937
chr1	19565193	19765193	harbor1	chr1	19647027	19647184	SINE/MIR	561	-	78	19647105	81912
chr1	19565193	19765193	harbor1	chr1	19647455	19647492	SINE/MIR	561	-	18	19647473	82280
chr1	19565193	19765193	harbor1	chr1	19654744	19654958	SINE/MIR	539	-	107	19654851	89658
chr1	19565193	19765193	harbor1	chr1	19662954	19663142	SINE/MIR	444	-	94	19663048	97855
chr1	6685532	6885532	harbor1	chr1	6718762	6718784	SINE/MIR	686	-	11	6718773	33241
chr1	6685532	6885532	harbor1	chr1	6719300	6719449	SINE/MIR	686	-	74	6719374	33842
chr1	6685532	6885532	harbor1	chr1	6719754	6719821	SINE/MIR	686	-	34	6719788	34256
chr1	6685532	6885532	harbor1	chr1	6765477	6765628	SINE/MIR	519	-	76	6765553	80021
chr1	6685532	6885532	harbor1	chr1	6766008	6766108	SINE/MIR	519	-	50	6766058	80526
chr1	22610011	22810011	harbor1	chr1	22612364	22612541	SINE/MIR	675	-	88	22612452	2441
chr1	22610011	22810011	harbor1	chr1	22616063	22616200	SINE/MIR	532	-	68	22616131	6120
chr1	22610011	22810011	harbor1	chr1	22617187	22617398	SINE/MIR	458	-	106	22617293	7282
chr1	22610011	22810011	harbor1	chr1	22622450	22622672	SINE/MIR	790	-	111	22622561	12550
chr1	22610011	22810011	harbor1	chr1	22625180	22625391	SINE/MIR	555	-	106	22625286	15275
chr1	22610011	22810011	harbor1	chr1	22652648	22652887	SINE/MIR	490	-	120	22652768	42757
chr1	22610011	22810011	harbor1	chr1	22654542	22654719	SINE/MIR	557	-	88	22654630	44619
chr1	22610011	22810011	harbor1	chr1	22660109	22660333	SINE/MIR	432	-	112	22660221	50210
chr1	22610011	22810011	harbor1	chr1	22662906	22663123	SINE/MIR	535	-	108	22663014	53003
chr1	22610011	22810011	harbor1	chr1	22672043	22672257	SINE/MIR	692	-	107	22672150	62139
chr1	22610011	22810011	harbor1	chr1	22672264	22672508	SINE/MIR	712	-	122	22672386	62375
chr1	22610011	22810011	harbor1	chr1	22672763	22672985	SINE/MIR	605	-	111	22672874	62863
chr1	22610011	22810011	harbor1	chr1	22682330	22682448	SINE/MIR	473	-	59	22682389	72378
chr1	22610011	22810011	harbor1	chr1	22694242	22694440	SINE/MIR	597	-	99	22694341	84330
chr1	22610011	22810011	harbor1	chr1	22698605	22698822	SINE/MIR	848	-	108	22698713	88702
chr1	22610011	22810011	harbor1	chr1	22704229	22704440	SINE/MIR	591	-	106	22704335	94324
chr1	22610011	22810011	harbor1	chr1	22706970	22707114	SINE/MIR	466	-	72	22707042	97031
chr1	6685524	6885524	harbor1	chr1	6718762	6718784	SINE/MIR	686	-	11	6718773	33249
chr1	6685524	6885524	harbor1	chr1	6719300	6719449	SINE/MIR	686	-	74	6719374	33850
chr1	6685524	6885524	harbor1	chr1	6719754	6719821	SINE/MIR	686	-	34	6719788	34264
chr1	6685524	6885524	harbor1	chr1	6765477	6765628	SINE/MIR	519	-	76	6765553	80029
chr1	6685524	6885524	harbor1	chr1	6766008	6766108	SINE/MIR	519	-	50	6766058	80534
chr1	211033713	211233713	harbor1	chr1	211046452	211046686	SINE/MIR	846	-	117	211046569	12856
chr1	211033713	211233713	harbor1	chr1	211046691	211046895	SINE/MIR	588	-	102	211046793	13080
chr1	211033713	211233713	harbor1	chr1	211051779	211051960	SINE/MIR	658	-	90	211051869	18156
chr1	22450678	22650678	harbor1	chr1	22453558	22453725	SINE/MIR	586	-	84	22453642	2964
chr1	22450678	22650678	harbor1	chr1	22460447	22460582	SINE/MIR	462	-	68	22460515	9837
chr1	22450678	22650678	harbor1	chr1	22462984	22463223	SINE/MIR	694	-	120	22463104	12426
chr1	22450678	22650678	harbor1	chr1	22464064	22464303	SINE/MIR	970	-	120	22464184	13506
chr1	22450678	22650678	harbor1	chr1	22491997	22492241	SINE/MIR	474	-	122	22492119	41441
chr1	22450678	22650678	harbor1	chr1	22504350	22504599	SINE/MIR	626	-	124	22504474	53796
chr1	22450678	22650678	harbor1	chr1	22504610	22504867	SINE/MIR	678	-	128	22504738	54060
chr1	22450678	22650678	harbor1	chr1	22534518	22534570	SINE/MIR	678	-	26	22534544	83866
chr1	22450678	22650678	harbor1	chr1	22534880	22535064	SINE/MIR	678	-	92	22534972	84294
chr1	26595914	26795914	harbor1	chr1	26614745	26614949	SINE/MIR	693	-	102	26614847	18933
chr1	26595914	26795914	harbor1	chr1	26627930	26628088	SINE/MIR	537	-	79	26628009	32095
chr1	206378216	206578216	harbor1	chr1	206381761	206381955	SINE/MIR	535	-	97	206381858	3642
chr1	206378216	206578216	harbor1	chr1	206393818	206394023	SINE/MIR	500	-	102	206393920	15704
chr1	206378216	206578216	harbor1	chr1	206411927	206412116	SINE/MIR	645	-	94	206412021	33805
chr1	206378216	206578216	harbor1	chr1	206449811	206450048	SINE/MIR	817	-	118	206449929	71713
chr1	206378216	206578216	harbor1	chr1	206452097	206452246	SINE/MIR	542	-	74	206452171	73955
chr1	207902897	208102897	harbor1	chr1	207947652	207947842	SINE/MIR	541	-	95	207947747	44850
chr1	207902897	208102897	harbor1	chr1	207951244	207951454	SINE/MIR	698	-	105	207951349	48452
chr1	207902897	208102897	harbor1	chr1	207952251	207952450	SINE/MIR	563	-	100	207952351	49454
chr1	207902897	208102897	harbor1	chr1	207955369	207955498	SINE/MIR	431	-	64	207955433	52536
chr1	207902897	208102897	harbor1	chr1	207960032	207960238	SINE/MIR	444	-	103	207960135	57238
chr1	207902897	208102897	harbor1	chr1	207965092	207965209	SINE/MIR	434	-	58	207965150	62253
chr1	207902897	208102897	harbor1	chr1	207971090	207971285	SINE/MIR	754	-	98	207971188	68291
chr1	211033788	211233788	harbor1	chr1	211046452	211046686	SINE/MIR	846	-	117	211046569	12781
chr1	211033788	211233788	harbor1	chr1	211046691	211046895	SINE/MIR	588	-	102	211046793	13005
chr1	211033788	211233788	harbor1	chr1	211051779	211051960	SINE/MIR	658	-	90	211051869	18081
chr1	2308936	2508936	harbor1	chr1	2393539	2393763	SINE/MIR	494	-	112	2393651	84715
chr1	2308936	2508936	harbor1	chr1	2399666	2399853	SINE/MIR	493	-	94	2399760	90824
chr1	16544915	16744915	harbor1	chr1	16549882	16549929	SINE/MIR	671	-	24	16549906	4991
chr1	16544915	16744915	harbor1	chr1	16550232	16550380	SINE/MIR	671	-	74	16550306	5391
chr1	16544915	16744915	harbor1	chr1	16551364	16551580	SINE/MIR	493	-	108	16551472	6557
chr1	16544915	16744915	harbor1	chr1	16551815	16552014	SINE/MIR	530	-	100	16551915	7000
chr1	16544915	16744915	harbor1	chr1	16584312	16584458	SINE/MIR	440	-	73	16584385	39470
chr1	16544915	16744915	harbor1	chr1	16616012	16616256	SINE/MIR	462	-	122	16616134	71219
chr1	16544915	16744915	harbor1	chr1	16619309	16619456	SINE/MIR	456	-	74	16619383	74468
chr1	16544915	16744915	harbor1	chr1	16621378	16621593	SINE/MIR	530	-	108	16621486	76571
chr1	16544915	16744915	harbor1	chr1	16623030	16623201	SINE/MIR	537	-	86	16623116	78201
chr1	16544915	16744915	harbor1	chr1	16623585	16623784	SINE/MIR	569	-	100	16623685	78770
chr1	16625248	16825248	harbor1	chr1	16682379	16682595	SINE/MIR	452	-	108	16682487	57239
chr1	16625248	16825248	harbor1	chr1	16682807	16683029	SINE/MIR	497	-	111	16682918	57670
chr1	16625248	16825248	harbor1	chr1	16711679	16711933	SINE/MIR	736	-	127	16711806	86558
chr1	14850144	15050144	harbor1	chr1	14850411	14850559	SINE/MIR	645	-	74	14850485	341
chr1	14850144	15050144	harbor1	chr1	14853375	14853581	SINE/MIR	472	-	103	14853478	3334
chr1	14850144	15050144	harbor1	chr1	14859268	14859465	SINE/MIR	616	-	98	14859366	9222
chr1	14850144	15050144	harbor1	chr1	14868398	14868535	SINE/MIR	450	-	68	14868466	18322
chr1	14850144	15050144	harbor1	chr1	14880207	14880407	SINE/MIR	492	-	100	14880307	30163
chr1	14850144	15050144	harbor1	chr1	14882753	14882987	SINE/MIR	794	-	117	14882870	32726
chr1	14850144	15050144	harbor1	chr1	14883971	14884101	SINE/MIR	480	-	65	14884036	33892
chr1	14850144	15050144	harbor1	chr1	14903797	14903956	SINE/MIR	435	-	80	14903877	53733
chr1	14850144	15050144	harbor1	chr1	14917516	14917732	SINE/MIR	432	-	108	14917624	67480
chr1	14850144	15050144	harbor1	chr1	14925413	14925643	SINE/MIR	480	-	115	14925528	75384
chr1	14850144	15050144	harbor1	chr1	14927955	14928110	SINE/MIR	454	-	78	14928033	77889
chr1	14850144	15050144	harbor1	chr1	14943532	14943698	SINE/MIR	603	-	83	14943615	93471
chr1	14850144	15050144	harbor1	chr1	14945936	14946157	SINE/MIR	505	-	110	14946046	95902
chr1	167355252	167555252	harbor1	chr1	167445878	167446113	SINE/MIR	447	-	118	167445996	90744
chr1	167355252	167555252	harbor1	chr1	167447093	167447256	SINE/MIR	444	-	82	167447175	91923
chr1	167355252	167555252	harbor1	chr1	167448190	167448346	SINE/MIR	453	-	78	167448268	93016
chr1	167355252	167555252	harbor1	chr1	167453165	167453402	SINE/MIR	1012	-	118	167453283	98031
chr1	9589463	9789463	harbor1	chr1	9591221	9591370	SINE/MIR	465	-	74	9591295	1832
chr1	9589463	9789463	harbor1	chr1	9596142	9596340	SINE/MIR	480	-	99	9596241	6778
chr1	9589463	9789463	harbor1	chr1	9641373	9641540	SINE/MIR	488	-	84	9641457	51994
chr1	9589463	9789463	harbor1	chr1	9643607	9643851	SINE/MIR	1024	-	122	9643729	54266
chr1	9589463	9789463	harbor1	chr1	9653332	9653464	SINE/MIR	440	-	66	9653398	63935
chr1	9589463	9789463	harbor1	chr1	9675083	9675103	SINE/MIR	512	-	10	9675093	85630
chr1	9589463	9789463	harbor1	chr1	9675414	9675569	SINE/MIR	580	-	78	9675492	86029
chr1	202249009	202449009	harbor1	chr1	202250785	202250943	SINE/MIR	465	-	79	202250864	1855
chr1	202249009	202449009	harbor1	chr1	202286419	202286610	SINE/MIR	733	-	96	202286515	37506
chr1	202249009	202449009	harbor1	chr1	202308240	202308430	SINE/MIR	549	-	95	202308335	59326
chr1	202249009	202449009	harbor1	chr1	202329108	202329312	SINE/MIR	685	-	102	202329210	80201
chr1	202249009	202449009	harbor1	chr1	202347931	202348083	SINE/MIR	574	-	76	202348007	98998
chr1	161066263	161266263	harbor1	chr1	161076941	161077159	SINE/MIR	466	-	109	161077050	10787
chr1	161066263	161266263	harbor1	chr1	161078004	161078244	SINE/MIR	823	-	120	161078124	11861
chr1	161066263	161266263	harbor1	chr1	161080063	161080211	SINE/MIR	583	-	74	161080137	13874
chr1	161066263	161266263	harbor1	chr1	161114565	161114803	SINE/MIR	445	-	119	161114684	48421
chr1	210684182	210884182	harbor1	chr1	210684800	210685017	SINE/MIR	572	-	108	210684908	726
chr1	210684182	210884182	harbor1	chr1	210691320	210691552	SINE/MIR	589	-	116	210691436	7254
chr1	210684182	210884182	harbor1	chr1	210696947	210697128	SINE/MIR	495	-	90	210697037	12855
chr1	210684182	210884182	harbor1	chr1	210698637	210698841	SINE/MIR	497	-	102	210698739	14557
chr1	210684182	210884182	harbor1	chr1	210706533	210706697	SINE/MIR	555	-	82	210706615	22433
chr1	210684182	210884182	harbor1	chr1	210710606	210710769	SINE/MIR	431	-	82	210710688	26506
chr1	210684182	210884182	harbor1	chr1	210746240	210746474	SINE/MIR	511	-	117	210746357	62175
chr1	210684182	210884182	harbor1	chr1	210770383	210770543	SINE/MIR	485	-	80	210770463	86281
chr1	210684182	210884182	harbor1	chr1	210771647	210771843	SINE/MIR	475	-	98	210771745	87563
chr1	244605824	244805824	harbor1	chr1	244641567	244641776	SINE/MIR	593	-	104	244641671	35847
chr1	244605824	244805824	harbor1	chr1	244667471	244667646	SINE/MIR	567	-	88	244667559	61735
chr1	244605824	244805824	harbor1	chr1	244670500	244670725	SINE/MIR	827	-	112	244670612	64788
chr1	201325164	201525164	harbor1	chr1	201335146	201335342	SINE/MIR	564	-	98	201335244	10080
chr1	201325164	201525164	harbor1	chr1	201336168	201336363	SINE/MIR	548	-	98	201336266	11102
chr1	201325164	201525164	harbor1	chr1	201348661	201348730	SINE/MIR	914	-	34	201348695	23531
chr1	201325164	201525164	harbor1	chr1	201349031	201349208	SINE/MIR	914	-	88	201349119	23955
chr1	201325164	201525164	harbor1	chr1	201355388	201355570	SINE/MIR	505	-	91	201355479	30315
chr1	201325164	201525164	harbor1	chr1	201360362	201360542	SINE/MIR	574	-	90	201360452	35288
chr1	201325164	201525164	harbor1	chr1	201362807	201363007	SINE/MIR	475	-	100	201362907	37743
chr1	201325164	201525164	harbor1	chr1	201365816	201366035	SINE/MIR	544	-	110	201365926	40762
chr1	201325164	201525164	harbor1	chr1	201377253	201377437	SINE/MIR	454	-	92	201377345	52181
chr1	205330828	205530828	harbor1	chr1	205333743	205333939	SINE/MIR	585	-	98	205333841	3013
chr1	205330828	205530828	harbor1	chr1	205346519	205346745	SINE/MIR	560	-	113	205346632	15804
chr1	205330828	205530828	harbor1	chr1	205353765	205354005	SINE/MIR	450	-	120	205353885	23057
chr1	205330828	205530828	harbor1	chr1	205355556	205355786	SINE/MIR	651	-	115	205355671	24843
chr1	205330828	205530828	harbor1	chr1	205367815	205367978	SINE/MIR	510	-	82	205367897	37069
chr1	205330828	205530828	harbor1	chr1	205380918	205381149	SINE/MIR	560	-	116	205381034	50206
chr1	205330828	205530828	harbor1	chr1	205387867	205388109	SINE/MIR	818	-	121	205387988	57160
chr1	205330828	205530828	harbor1	chr1	205388131	205388194	SINE/MIR	634	-	32	205388163	57335
chr1	205330828	205530828	harbor1	chr1	205388489	205388649	SINE/MIR	642	-	80	205388569	57741
chr1	205330828	205530828	harbor1	chr1	205409392	205409605	SINE/MIR	840	-	106	205409498	78670
chr1	16544904	16744904	harbor1	chr1	16549882	16549929	SINE/MIR	671	-	24	16549906	5002
chr1	16544904	16744904	harbor1	chr1	16550232	16550380	SINE/MIR	671	-	74	16550306	5402
chr1	16544904	16744904	harbor1	chr1	16551364	16551580	SINE/MIR	493	-	108	16551472	6568
chr1	16544904	16744904	harbor1	chr1	16551815	16552014	SINE/MIR	530	-	100	16551915	7011
chr1	16544904	16744904	harbor1	chr1	16584312	16584458	SINE/MIR	440	-	73	16584385	39481
chr1	16544904	16744904	harbor1	chr1	16616012	16616256	SINE/MIR	462	-	122	16616134	71230
chr1	16544904	16744904	harbor1	chr1	16619309	16619456	SINE/MIR	456	-	74	16619383	74479
chr1	16544904	16744904	harbor1	chr1	16621378	16621593	SINE/MIR	530	-	108	16621486	76582
chr1	16544904	16744904	harbor1	chr1	16623030	16623201	SINE/MIR	537	-	86	16623116	78212
chr1	16544904	16744904	harbor1	chr1	16623585	16623784	SINE/MIR	569	-	100	16623685	78781
chr1	145919577	146119577	harbor1	chr1	145947025	145947119	SINE/MIR	453	-	47	145947072	27495
chr1	145919577	146119577	harbor1	chr1	145948204	145948439	SINE/MIR	846	-	118	145948322	28745
chr1	145919577	146119577	harbor1	chr1	145954789	145954974	SINE/MIR	565	-	92	145954881	35304
chr1	145919577	146119577	harbor1	chr1	145958326	145958445	SINE/MIR	441	-	60	145958386	38809
chr1	145919577	146119577	harbor1	chr1	145963719	145963947	SINE/MIR	534	-	114	145963833	44256
chr1	145919577	146119577	harbor1	chr1	145987042	145987263	SINE/MIR	914	-	110	145987152	67575
chr1	52827225	53027225	harbor1	chr1	52841838	52842057	SINE/MIR	683	-	110	52841948	14723
chr1	52827225	53027225	harbor1	chr1	52878017	52878122	SINE/MIR	456	-	52	52878069	50844
chr1	52827225	53027225	harbor1	chr1	52889001	52889113	SINE/MIR	446	-	56	52889057	61832
chr1	52827225	53027225	harbor1	chr1	52895843	52896078	SINE/MIR	463	-	118	52895961	68736
chr1	52827225	53027225	harbor1	chr1	52897831	52898024	SINE/MIR	556	-	96	52897927	70702
chr1	16544923	16744923	harbor1	chr1	16549882	16549929	SINE/MIR	671	-	24	16549906	4983
chr1	16544923	16744923	harbor1	chr1	16550232	16550380	SINE/MIR	671	-	74	16550306	5383
chr1	16544923	16744923	harbor1	chr1	16551364	16551580	SINE/MIR	493	-	108	16551472	6549
chr1	16544923	16744923	harbor1	chr1	16551815	16552014	SINE/MIR	530	-	100	16551915	6992
chr1	16544923	16744923	harbor1	chr1	16584312	16584458	SINE/MIR	440	-	73	16584385	39462
chr1	16544923	16744923	harbor1	chr1	16616012	16616256	SINE/MIR	462	-	122	16616134	71211
chr1	16544923	16744923	harbor1	chr1	16619309	16619456	SINE/MIR	456	-	74	16619383	74460
chr1	16544923	16744923	harbor1	chr1	16621378	16621593	SINE/MIR	530	-	108	16621486	76563
chr1	16544923	16744923	harbor1	chr1	16623030	16623201	SINE/MIR	537	-	86	16623116	78193
chr1	16544923	16744923	harbor1	chr1	16623585	16623784	SINE/MIR	569	-	100	16623685	78762
chr1	6685486	6885486	harbor1	chr1	6718762	6718784	SINE/MIR	686	-	11	6718773	33287
chr1	6685486	6885486	harbor1	chr1	6719300	6719449	SINE/MIR	686	-	74	6719374	33888
chr1	6685486	6885486	harbor1	chr1	6719754	6719821	SINE/MIR	686	-	34	6719788	34302
chr1	6685486	6885486	harbor1	chr1	6765477	6765628	SINE/MIR	519	-	76	6765553	80067
chr1	6685486	6885486	harbor1	chr1	6766008	6766108	SINE/MIR	519	-	50	6766058	80572
chr1	226785705	226985705	harbor1	chr1	226863254	226863490	SINE/MIR	596	-	118	226863372	77667
chr1	226785705	226985705	harbor1	chr1	226871300	226871488	SINE/MIR	567	-	94	226871394	85689
chr1	202013163	202213163	harbor1	chr1	202026641	202026880	SINE/MIR	860	-	120	202026761	13598
chr1	202013163	202213163	harbor1	chr1	202049304	202049465	SINE/MIR	511	-	80	202049384	36221
chr1	202013163	202213163	harbor1	chr1	202105459	202105692	SINE/MIR	566	-	116	202105575	92412
chr1	161447394	161647394	harbor1	chr1	161521366	161521485	SINE/MIR	480	-	60	161521426	74032
chr1	161447394	161647394	harbor1	chr1	161527709	161527938	SINE/MIR	464	-	114	161527823	80429
chr1	16544980	16744980	harbor1	chr1	16549882	16549929	SINE/MIR	671	-	24	16549906	4926
chr1	16544980	16744980	harbor1	chr1	16550232	16550380	SINE/MIR	671	-	74	16550306	5326
chr1	16544980	16744980	harbor1	chr1	16551364	16551580	SINE/MIR	493	-	108	16551472	6492
chr1	16544980	16744980	harbor1	chr1	16551815	16552014	SINE/MIR	530	-	100	16551915	6935
chr1	16544980	16744980	harbor1	chr1	16584312	16584458	SINE/MIR	440	-	73	16584385	39405
chr1	16544980	16744980	harbor1	chr1	16616012	16616256	SINE/MIR	462	-	122	16616134	71154
chr1	16544980	16744980	harbor1	chr1	16619309	16619456	SINE/MIR	456	-	74	16619383	74403
chr1	16544980	16744980	harbor1	chr1	16621378	16621593	SINE/MIR	530	-	108	16621486	76506
chr1	16544980	16744980	harbor1	chr1	16623030	16623201	SINE/MIR	537	-	86	16623116	78136
chr1	16544980	16744980	harbor1	chr1	16623585	16623784	SINE/MIR	569	-	100	16623685	78705
chr1	16544958	16744958	harbor1	chr1	16549882	16549929	SINE/MIR	671	-	24	16549906	4948
chr1	16544958	16744958	harbor1	chr1	16550232	16550380	SINE/MIR	671	-	74	16550306	5348
chr1	16544958	16744958	harbor1	chr1	16551364	16551580	SINE/MIR	493	-	108	16551472	6514
chr1	16544958	16744958	harbor1	chr1	16551815	16552014	SINE/MIR	530	-	100	16551915	6957
chr1	16544958	16744958	harbor1	chr1	16584312	16584458	SINE/MIR	440	-	73	16584385	39427
chr1	16544958	16744958	harbor1	chr1	16616012	16616256	SINE/MIR	462	-	122	16616134	71176
chr1	16544958	16744958	harbor1	chr1	16619309	16619456	SINE/MIR	456	-	74	16619383	74425
chr1	16544958	16744958	harbor1	chr1	16621378	16621593	SINE/MIR	530	-	108	16621486	76528
chr1	16544958	16744958	harbor1	chr1	16623030	16623201	SINE/MIR	537	-	86	16623116	78158
chr1	16544958	16744958	harbor1	chr1	16623585	16623784	SINE/MIR	569	-	100	16623685	78727
chr1	22502734	22702734	harbor1	chr1	22504350	22504599	SINE/MIR	626	-	124	22504474	1740
chr1	22502734	22702734	harbor1	chr1	22504610	22504867	SINE/MIR	678	-	128	22504738	2004
chr1	22502734	22702734	harbor1	chr1	22534518	22534570	SINE/MIR	678	-	26	22534544	31810
chr1	22502734	22702734	harbor1	chr1	22534880	22535064	SINE/MIR	678	-	92	22534972	32238
chr1	22502734	22702734	harbor1	chr1	22555381	22555550	SINE/MIR	436	-	84	22555465	52731
chr1	22502734	22702734	harbor1	chr1	22559744	22559893	SINE/MIR	503	-	74	22559818	57084
chr1	22502734	22702734	harbor1	chr1	22568830	22569011	SINE/MIR	663	-	90	22568920	66186
chr1	22502734	22702734	harbor1	chr1	22571285	22571492	SINE/MIR	562	-	104	22571389	68655
chr1	22502734	22702734	harbor1	chr1	22573280	22573438	SINE/MIR	474	-	79	22573359	70625
chr1	22502734	22702734	harbor1	chr1	22577230	22577436	SINE/MIR	1013	-	103	22577333	74599
chr1	22502734	22702734	harbor1	chr1	22580652	22580863	SINE/MIR	474	-	106	22580758	78024
chr1	22502734	22702734	harbor1	chr1	22583612	22583812	SINE/MIR	469	-	100	22583712	80978
chr1	22502734	22702734	harbor1	chr1	22592295	22592488	SINE/MIR	460	-	96	22592391	89657
chr1	22502734	22702734	harbor1	chr1	22595411	22595634	SINE/MIR	701	-	112	22595523	92789
chr1	46294443	46494443	harbor1	chr1	46304343	46304387	SINE/MIR	621	-	22	46304365	9922
chr1	46294443	46494443	harbor1	chr1	46304685	46304879	SINE/MIR	621	-	97	46304782	10339
chr1	46294443	46494443	harbor1	chr1	46345236	46345480	SINE/MIR	681	-	122	46345358	50915
chr1	46294443	46494443	harbor1	chr1	46370940	46371082	SINE/MIR	613	-	71	46371011	76568
chr1	46294443	46494443	harbor1	chr1	46377718	46377887	SINE/MIR	630	-	84	46377802	83359
chr1	46294443	46494443	harbor1	chr1	46380562	46380799	SINE/MIR	1148	-	118	46380680	86237
chr1	46294443	46494443	harbor1	chr1	46380862	46381113	SINE/MIR	575	-	126	46380988	86545
chr1	185628149	185828149	harbor1	chr1	185651400	185651613	SINE/MIR	524	-	106	185651506	23357
chr1	185628149	185828149	harbor1	chr1	185693154	185693356	SINE/MIR	534	-	101	185693255	65106
chr1	185628149	185828149	harbor1	chr1	185703073	185703268	SINE/MIR	642	-	98	185703171	75022
chr1	185628149	185828149	harbor1	chr1	185705385	185705601	SINE/MIR	434	-	108	185705493	77344
chr1	185628149	185828149	harbor1	chr1	185719819	185720019	SINE/MIR	604	-	100	185719919	91770
chr1	2375387	2575387	harbor1	chr1	2393539	2393763	SINE/MIR	494	-	112	2393651	18264
chr1	2375387	2575387	harbor1	chr1	2399666	2399853	SINE/MIR	493	-	94	2399760	24373
chr1	3141190	3341190	harbor1	chr1	3160724	3160902	SINE/MIR	477	-	89	3160813	19623
chr1	2375251	2575251	harbor1	chr1	2393539	2393763	SINE/MIR	494	-	112	2393651	18400
chr1	2375251	2575251	harbor1	chr1	2399666	2399853	SINE/MIR	493	-	94	2399760	24509
chr1	230940507	231140507	harbor1	chr1	230953449	230953655	SINE/MIR	539	-	103	230953552	13045
chr1	230940507	231140507	harbor1	chr1	230956013	230956213	SINE/MIR	681	-	100	230956113	15606
chr1	230940507	231140507	harbor1	chr1	230966784	230966916	SINE/MIR	456	-	66	230966850	26343
chr1	230940507	231140507	harbor1	chr1	230993913	230994123	SINE/MIR	465	-	105	230994018	53511
chr1	230940507	231140507	harbor1	chr1	230996158	230996380	SINE/MIR	577	-	111	230996269	55762
chr1	245603537	245803537	harbor1	chr1	245604799	245604965	SINE/MIR	534	-	83	245604882	1345
chr1	245603537	245803537	harbor1	chr1	245653467	245653624	SINE/MIR	614	-	78	245653545	50008
chr1	201549188	201749188	harbor1	chr1	201550998	201551191	SINE/MIR	709	-	96	201551094	1906
chr1	201549188	201749188	harbor1	chr1	201608075	201608261	SINE/MIR	637	-	93	201608168	58980
chr1	201549188	201749188	harbor1	chr1	201613874	201614022	SINE/MIR	574	-	74	201613948	64760
chr1	201549188	201749188	harbor1	chr1	201615568	201615788	SINE/MIR	749	-	110	201615678	66490
chr1	201549188	201749188	harbor1	chr1	201616036	201616280	SINE/MIR	1030	-	122	201616158	66970
chr1	201549188	201749188	harbor1	chr1	201633047	201633213	SINE/MIR	451	-	83	201633130	83942
chr1	201549188	201749188	harbor1	chr1	201633240	201633474	SINE/MIR	689	-	117	201633357	84169
chr1	201549188	201749188	harbor1	chr1	201634295	201634440	SINE/MIR	594	-	72	201634367	85179
chr1	31972901	32172901	harbor1	chr1	31980134	31980288	SINE/MIR	450	-	77	31980211	7310
chr1	31972901	32172901	harbor1	chr1	31981114	31981302	SINE/MIR	843	-	94	31981208	8307
chr1	31972901	32172901	harbor1	chr1	32016251	32016400	SINE/MIR	460	-	74	32016325	43424
chr1	31972901	32172901	harbor1	chr1	32064976	32065165	SINE/MIR	532	-	94	32065070	92169
chr1	10857681	11057681	harbor1	chr1	10859002	10859124	SINE/MIR	514	-	61	10859063	1382
chr1	10857681	11057681	harbor1	chr1	10859735	10859879	SINE/MIR	514	-	72	10859807	2126
chr1	10857681	11057681	harbor1	chr1	10872626	10872877	SINE/MIR	736	-	126	10872752	15071
chr1	10857681	11057681	harbor1	chr1	10873559	10873723	SINE/MIR	614	-	82	10873641	15960
chr1	10857681	11057681	harbor1	chr1	10918077	10918295	SINE/MIR	656	-	109	10918186	60505
chr1	10857681	11057681	harbor1	chr1	10935766	10936031	SINE/MIR	745	-	132	10935898	78217
chr1	10857681	11057681	harbor1	chr1	10939224	10939381	SINE/MIR	630	-	78	10939302	81621
chr1	10857681	11057681	harbor1	chr1	10947023	10947268	SINE/MIR	636	-	122	10947145	89464
chr1	10857681	11057681	harbor1	chr1	10953592	10953745	SINE/MIR	466	-	76	10953668	95987
chr1	156191597	156391597	harbor1	chr1	156209856	156210105	SINE/MIR	778	-	124	156209980	18383
chr1	156191597	156391597	harbor1	chr1	156226590	156226801	SINE/MIR	754	-	106	156226696	35099
chr1	156191597	156391597	harbor1	chr1	156258265	156258477	SINE/MIR	553	-	106	156258371	66774
chr1	156191597	156391597	harbor1	chr1	156275402	156275589	SINE/MIR	620	-	94	156275496	83899
chr1	156191597	156391597	harbor1	chr1	156282076	156282226	SINE/MIR	459	-	75	156282151	90554
chr1	201770522	201970522	harbor1	chr1	201781396	201781566	SINE/MIR	639	-	85	201781481	10959
chr1	201770522	201970522	harbor1	chr1	201783917	201784113	SINE/MIR	446	-	98	201784015	13493
chr1	53312611	53512611	harbor1	chr1	53315386	53315598	SINE/MIR	568	-	106	53315492	2881
chr1	53312611	53512611	harbor1	chr1	53331301	53331495	SINE/MIR	748	-	97	53331398	18787
chr1	53312611	53512611	harbor1	chr1	53352449	53352604	SINE/MIR	724	-	78	53352527	39916
chr1	53312611	53512611	harbor1	chr1	53367536	53367685	SINE/MIR	546	-	74	53367610	54999
chr1	53312611	53512611	harbor1	chr1	53378773	53379017	SINE/MIR	647	-	122	53378895	66284
chr1	53312611	53512611	harbor1	chr1	53403747	53403897	SINE/MIR	434	-	75	53403822	91211
chr1	53312611	53512611	harbor1	chr1	53406385	53406617	SINE/MIR	931	-	116	53406501	93890
chr1	15734386	15934386	harbor1	chr1	15735631	15735849	SINE/MIR	575	-	109	15735740	1354
chr1	15734386	15934386	harbor1	chr1	15738873	15739087	SINE/MIR	606	-	107	15738980	4594
chr1	15734386	15934386	harbor1	chr1	15739698	15739897	SINE/MIR	526	-	100	15739798	5412
chr1	15734386	15934386	harbor1	chr1	15743443	15743620	SINE/MIR	583	-	88	15743531	9145
chr1	15734386	15934386	harbor1	chr1	15748833	15749077	SINE/MIR	855	-	122	15748955	14569
chr1	15734386	15934386	harbor1	chr1	15758112	15758311	SINE/MIR	525	-	100	15758212	23826
chr1	15734386	15934386	harbor1	chr1	15770599	15770738	SINE/MIR	625	-	70	15770669	36283
chr1	15734386	15934386	harbor1	chr1	15771823	15771904	SINE/MIR	625	-	40	15771863	37477
chr1	7925872	8125872	harbor1	chr1	7939592	7939758	SINE/MIR	602	-	83	7939675	13803
chr1	7925872	8125872	harbor1	chr1	7947279	7947498	SINE/MIR	751	-	110	7947389	21517
chr1	7925872	8125872	harbor1	chr1	7948806	7949049	SINE/MIR	824	-	122	7948928	23056
chr1	7925872	8125872	harbor1	chr1	7964212	7964413	SINE/MIR	733	-	100	7964312	38440
chr1	7925872	8125872	harbor1	chr1	8021655	8021899	SINE/MIR	790	-	122	8021777	95905
chr1	7925872	8125872	harbor1	chr1	8022379	8022538	SINE/MIR	658	-	80	8022459	96587
chr1	27266079	27466079	harbor1	chr1	27279953	27280092	SINE/MIR	577	-	70	27280023	13944
chr1	27266079	27466079	harbor1	chr1	27338533	27338767	SINE/MIR	727	-	117	27338650	72571
chr1	27266079	27466079	harbor1	chr1	27338849	27339006	SINE/MIR	475	-	78	27338927	72848
chr1	27266079	27466079	harbor1	chr1	27363731	27363914	SINE/MIR	512	-	92	27363823	97744
chr1	206972503	207172503	harbor1	chr1	207000627	207000865	SINE/MIR	748	-	119	207000746	28243
chr1	206972503	207172503	harbor1	chr1	207005500	207005672	SINE/MIR	432	-	86	207005586	33083
chr1	206972503	207172503	harbor1	chr1	207018523	207018736	SINE/MIR	637	-	106	207018629	46126
chr1	206972503	207172503	harbor1	chr1	207026909	207027115	SINE/MIR	572	-	103	207027012	54509
chr1	206972503	207172503	harbor1	chr1	207033763	207033982	SINE/MIR	492	-	110	207033873	61370
chr1	25516631	25716631	harbor1	chr1	25523233	25523474	SINE/MIR	478	-	120	25523353	6722
chr1	25516631	25716631	harbor1	chr1	25524830	25525001	SINE/MIR	584	-	86	25524916	8285
chr1	25516631	25716631	harbor1	chr1	25538158	25538364	SINE/MIR	665	-	103	25538261	21630
chr1	25516631	25716631	harbor1	chr1	25539536	25539584	SINE/MIR	475	-	24	25539560	22929
chr1	25516631	25716631	harbor1	chr1	25539932	25540064	SINE/MIR	475	-	66	25539998	23367
chr1	25516631	25716631	harbor1	chr1	25550170	25550390	SINE/MIR	479	-	110	25550280	33649
chr1	25516631	25716631	harbor1	chr1	25555479	25555625	SINE/MIR	446	-	73	25555552	38921
chr1	25516631	25716631	harbor1	chr1	25564794	25564982	SINE/MIR	453	-	94	25564888	48257
chr1	25516631	25716631	harbor1	chr1	25570926	25571108	SINE/MIR	454	-	91	25571017	54386
chr1	25516631	25716631	harbor1	chr1	25575723	25575933	SINE/MIR	861	-	105	25575828	59197
chr1	25516631	25716631	harbor1	chr1	25610448	25610689	SINE/MIR	810	-	120	25610568	93937
chr1	25516631	25716631	harbor1	chr1	25610769	25610966	SINE/MIR	730	-	98	25610867	94236
chr1	16544749	16744749	harbor1	chr1	16549882	16549929	SINE/MIR	671	-	24	16549906	5157
chr1	16544749	16744749	harbor1	chr1	16550232	16550380	SINE/MIR	671	-	74	16550306	5557
chr1	16544749	16744749	harbor1	chr1	16551364	16551580	SINE/MIR	493	-	108	16551472	6723
chr1	16544749	16744749	harbor1	chr1	16551815	16552014	SINE/MIR	530	-	100	16551915	7166
chr1	16544749	16744749	harbor1	chr1	16584312	16584458	SINE/MIR	440	-	73	16584385	39636
chr1	16544749	16744749	harbor1	chr1	16616012	16616256	SINE/MIR	462	-	122	16616134	71385
chr1	16544749	16744749	harbor1	chr1	16619309	16619456	SINE/MIR	456	-	74	16619383	74634
chr1	16544749	16744749	harbor1	chr1	16621378	16621593	SINE/MIR	530	-	108	16621486	76737
chr1	16544749	16744749	harbor1	chr1	16623030	16623201	SINE/MIR	537	-	86	16623116	78367
chr1	16544749	16744749	harbor1	chr1	16623585	16623784	SINE/MIR	569	-	100	16623685	78936
chr1	230539098	230739098	harbor1	chr1	230552122	230552275	SINE/MIR	556	-	76	230552198	13100
chr2	45902328	46102328	harbor1	chr2	45921405	45921602	SINE/MIR	754	-	98	45921503	19175
chr2	45902328	46102328	harbor1	chr2	45927321	45927543	SINE/MIR	615	-	111	45927432	25104
chr2	45902328	46102328	harbor1	chr2	45980842	45981065	SINE/MIR	704	-	112	45980954	78626
chr2	196936108	197136108	harbor1	chr2	197018806	197019002	SINE/MIR	507	-	98	197018904	82796
chr2	196936108	197136108	harbor1	chr2	197019386	197019609	SINE/MIR	625	-	112	197019498	83390
chr2	196936108	197136108	harbor1	chr2	197023139	197023291	SINE/MIR	536	-	76	197023215	87107
chr2	196936108	197136108	harbor1	chr2	197024946	197025095	SINE/MIR	463	-	74	197025020	88912
chr2	231297344	231497344	harbor1	chr2	231300505	231300728	SINE/MIR	974	-	112	231300617	3273
chr2	231297344	231497344	harbor1	chr2	231308184	231308402	SINE/MIR	614	-	109	231308293	10949
chr2	231297344	231497344	harbor1	chr2	231336268	231336432	SINE/MIR	477	-	82	231336350	39006
chr2	219075964	219275964	harbor1	chr2	219103641	219103856	SINE/MIR	687	-	108	219103749	27785
chr2	219059508	219259508	harbor1	chr2	219062081	219062279	SINE/MIR	506	-	99	219062180	2672
chr2	219059508	219259508	harbor1	chr2	219103641	219103856	SINE/MIR	687	-	108	219103749	44241
chr2	219077783	219277783	harbor1	chr2	219103641	219103856	SINE/MIR	687	-	108	219103749	25966
chr2	26950260	27150260	harbor1	chr2	26963941	26964173	SINE/MIR	520	-	116	26964057	13797
chr2	26950260	27150260	harbor1	chr2	27015231	27015454	SINE/MIR	666	-	112	27015343	65083
chr2	43053914	43253914	harbor1	chr2	43059164	43059378	SINE/MIR	793	-	107	43059271	5357
chr2	43053914	43253914	harbor1	chr2	43060411	43060590	SINE/MIR	475	-	90	43060501	6587
chr2	43053914	43253914	harbor1	chr2	43064700	43064910	SINE/MIR	570	-	105	43064805	10891
chr2	43053914	43253914	harbor1	chr2	43065630	43065847	SINE/MIR	495	-	108	43065738	11824
chr2	43053914	43253914	harbor1	chr2	43068648	43068836	SINE/MIR	564	-	94	43068742	14828
chr2	43053914	43253914	harbor1	chr2	43081049	43081287	SINE/MIR	651	-	119	43081168	27254
chr2	43053914	43253914	harbor1	chr2	43092994	43093114	SINE/MIR	464	-	60	43093054	39140
chr2	43053914	43253914	harbor1	chr2	43111345	43111553	SINE/MIR	490	-	104	43111449	57535
chr2	43053914	43253914	harbor1	chr2	43111837	43111864	SINE/MIR	463	-	14	43111851	57937
chr2	43053914	43253914	harbor1	chr2	43124600	43124750	SINE/MIR	525	-	75	43124675	70761
chr2	43053914	43253914	harbor1	chr2	43128056	43128193	SINE/MIR	467	-	68	43128124	74210
chr2	202592159	202792159	harbor1	chr2	202604492	202604670	SINE/MIR	568	-	89	202604581	12422
chr2	53462886	53662886	harbor1	chr2	53510393	53510610	SINE/MIR	506	-	108	53510501	47615
chr2	53462886	53662886	harbor1	chr2	53524441	53524683	SINE/MIR	720	-	121	53524562	61676
chr2	70453138	70653138	harbor1	chr2	70475257	70475505	SINE/MIR	741	-	124	70475381	22243
chr2	70453138	70653138	harbor1	chr2	70482170	70482427	SINE/MIR	813	-	128	70482298	29160
chr2	70453138	70653138	harbor1	chr2	70502809	70502983	SINE/MIR	720	-	87	70502896	49758
chr2	70453138	70653138	harbor1	chr2	70503591	70503683	SINE/MIR	720	-	46	70503637	50499
chr2	70453138	70653138	harbor1	chr2	70506625	70506841	SINE/MIR	993	-	108	70506733	53595
chr2	70453138	70653138	harbor1	chr2	70550285	70550392	SINE/MIR	466	-	54	70550339	97201
chr2	70453138	70653138	harbor1	chr2	70551092	70551283	SINE/MIR	462	-	96	70551188	98050
chr2	219077871	219277871	harbor1	chr2	219103641	219103856	SINE/MIR	687	-	108	219103749	25878
chr2	218166674	218366674	harbor1	chr2	218223588	218223717	SINE/MIR	500	-	64	218223652	56978
chr2	218166674	218366674	harbor1	chr2	218260130	218260324	SINE/MIR	457	-	97	218260227	93553
chr2	219078284	219278284	harbor1	chr2	219103641	219103856	SINE/MIR	687	-	108	219103749	25465
chr2	219060209	219260209	harbor1	chr2	219062081	219062279	SINE/MIR	506	-	99	219062180	1971
chr2	219060209	219260209	harbor1	chr2	219103641	219103856	SINE/MIR	687	-	108	219103749	43540
chr2	26950206	27150206	harbor1	chr2	26963941	26964173	SINE/MIR	520	-	116	26964057	13851
chr2	26950206	27150206	harbor1	chr2	27015231	27015454	SINE/MIR	666	-	112	27015343	65137
chr2	219070304	219270304	harbor1	chr2	219103641	219103856	SINE/MIR	687	-	108	219103749	33445
chr2	219078190	219278190	harbor1	chr2	219103641	219103856	SINE/MIR	687	-	108	219103749	25559
chr2	219078189	219278189	harbor1	chr2	219103641	219103856	SINE/MIR	687	-	108	219103749	25560
chr2	26403793	26603793	harbor1	chr2	26423711	26423939	SINE/MIR	557	-	114	26423825	20032
chr2	26403793	26603793	harbor1	chr2	26465305	26465419	SINE/MIR	481	-	57	26465362	61569
chr2	26403793	26603793	harbor1	chr2	26474716	26474918	SINE/MIR	650	-	101	26474817	71024
chr2	26403793	26603793	harbor1	chr2	26502742	26502916	SINE/MIR	452	-	87	26502829	99036
chr2	219077856	219277856	harbor1	chr2	219103641	219103856	SINE/MIR	687	-	108	219103749	25893
chr2	219078292	219278292	harbor1	chr2	219103641	219103856	SINE/MIR	687	-	108	219103749	25457
chr2	219068679	219268679	harbor1	chr2	219103641	219103856	SINE/MIR	687	-	108	219103749	35070
chr2	171334240	171534240	harbor1	chr2	171344136	171344382	SINE/MIR	488	-	123	171344259	10019
chr2	171334240	171534240	harbor1	chr2	171361520	171361747	SINE/MIR	752	-	114	171361634	27394
chr2	171334240	171534240	harbor1	chr2	171416636	171416864	SINE/MIR	478	-	114	171416750	82510
chr2	171334240	171534240	harbor1	chr2	171417417	171417664	SINE/MIR	526	-	124	171417541	83301
chr2	69543779	69743779	harbor1	chr2	69630485	69630702	SINE/MIR	465	-	108	69630593	86814
chr2	69543779	69743779	harbor1	chr2	69640122	69640204	SINE/MIR	491	-	41	69640163	96384
chr2	69543779	69743779	harbor1	chr2	69640350	69640482	SINE/MIR	491	-	66	69640416	96637
chr2	43055566	43255566	harbor1	chr2	43059164	43059378	SINE/MIR	793	-	107	43059271	3705
chr2	43055566	43255566	harbor1	chr2	43060411	43060590	SINE/MIR	475	-	90	43060501	4935
chr2	43055566	43255566	harbor1	chr2	43064700	43064910	SINE/MIR	570	-	105	43064805	9239
chr2	43055566	43255566	harbor1	chr2	43065630	43065847	SINE/MIR	495	-	108	43065738	10172
chr2	43055566	43255566	harbor1	chr2	43068648	43068836	SINE/MIR	564	-	94	43068742	13176
chr2	43055566	43255566	harbor1	chr2	43081049	43081287	SINE/MIR	651	-	119	43081168	25602
chr2	43055566	43255566	harbor1	chr2	43092994	43093114	SINE/MIR	464	-	60	43093054	37488
chr2	43055566	43255566	harbor1	chr2	43111345	43111553	SINE/MIR	490	-	104	43111449	55883
chr2	43055566	43255566	harbor1	chr2	43111837	43111864	SINE/MIR	463	-	14	43111851	56285
chr2	43055566	43255566	harbor1	chr2	43124600	43124750	SINE/MIR	525	-	75	43124675	69109
chr2	43055566	43255566	harbor1	chr2	43128056	43128193	SINE/MIR	467	-	68	43128124	72558
chr2	26950242	27150242	harbor1	chr2	26963941	26964173	SINE/MIR	520	-	116	26964057	13815
chr2	26950242	27150242	harbor1	chr2	27015231	27015454	SINE/MIR	666	-	112	27015343	65101
chr2	26403734	26603734	harbor1	chr2	26423711	26423939	SINE/MIR	557	-	114	26423825	20091
chr2	26403734	26603734	harbor1	chr2	26465305	26465419	SINE/MIR	481	-	57	26465362	61628
chr2	26403734	26603734	harbor1	chr2	26474716	26474918	SINE/MIR	650	-	101	26474817	71083
chr2	26403734	26603734	harbor1	chr2	26502742	26502916	SINE/MIR	452	-	87	26502829	99095
chr2	219077798	219277798	harbor1	chr2	219103641	219103856	SINE/MIR	687	-	108	219103749	25951
chr2	219077795	219277795	harbor1	chr2	219103641	219103856	SINE/MIR	687	-	108	219103749	25954
chr2	219075968	219275968	harbor1	chr2	219103641	219103856	SINE/MIR	687	-	108	219103749	27781
chr2	3475856	3675856	harbor1	chr2	3501238	3501374	SINE/MIR	498	-	68	3501306	25450
chr2	3475856	3675856	harbor1	chr2	3563457	3563632	SINE/MIR	457	-	88	3563545	87689
chr2	219077844	219277844	harbor1	chr2	219103641	219103856	SINE/MIR	687	-	108	219103749	25905
chr2	85502408	85702408	harbor1	chr2	85502794	85503052	SINE/MIR	474	-	129	85502923	515
chr2	85502408	85702408	harbor1	chr2	85523434	85523680	SINE/MIR	827	-	123	85523557	21149
chr2	85502408	85702408	harbor1	chr2	85537063	85537190	SINE/MIR	514	-	64	85537127	34719
chr2	85502408	85702408	harbor1	chr2	85587624	85587854	SINE/MIR	619	-	115	85587739	85331
chr2	113484117	113684117	harbor1	chr2	113513831	113514044	SINE/MIR	954	-	106	113513937	29820
chr2	113484117	113684117	harbor1	chr2	113536335	113536524	SINE/MIR	685	-	94	113536429	52312
chr2	113484117	113684117	harbor1	chr2	113570580	113570714	SINE/MIR	590	-	67	113570647	86530
chr2	113484117	113684117	harbor1	chr2	113580426	113580622	SINE/MIR	646	-	98	113580524	96407
chr2	219077870	219277870	harbor1	chr2	219103641	219103856	SINE/MIR	687	-	108	219103749	25879
chr2	219077895	219277895	harbor1	chr2	219103641	219103856	SINE/MIR	687	-	108	219103749	25854
chr2	219077979	219277979	harbor1	chr2	219103641	219103856	SINE/MIR	687	-	108	219103749	25770
chr2	70771787	70971787	harbor1	chr2	70784393	70784610	SINE/MIR	702	-	108	70784501	12714
chr2	70771787	70971787	harbor1	chr2	70800396	70800615	SINE/MIR	620	-	110	70800506	28719
chr2	70771787	70971787	harbor1	chr2	70815542	70815758	SINE/MIR	613	-	108	70815650	43863
chr2	70771787	70971787	harbor1	chr2	70864960	70865201	SINE/MIR	705	-	120	70865080	93293
chr2	219078278	219278278	harbor1	chr2	219103641	219103856	SINE/MIR	687	-	108	219103749	25471
chr2	113484023	113684023	harbor1	chr2	113513831	113514044	SINE/MIR	954	-	106	113513937	29914
chr2	113484023	113684023	harbor1	chr2	113536335	113536524	SINE/MIR	685	-	94	113536429	52406
chr2	113484023	113684023	harbor1	chr2	113570580	113570714	SINE/MIR	590	-	67	113570647	86624
chr2	113484023	113684023	harbor1	chr2	113580426	113580622	SINE/MIR	646	-	98	113580524	96501
chr2	74415966	74615966	harbor1	chr2	74429082	74429302	SINE/MIR	635	-	110	74429192	13226
chr2	74415966	74615966	harbor1	chr2	74453409	74453660	SINE/MIR	548	-	126	74453535	37569
chr2	74415966	74615966	harbor1	chr2	74467216	74467435	SINE/MIR	748	-	110	74467326	51360
chr2	217853705	218053705	harbor1	chr2	217868558	217868806	SINE/MIR	770	-	124	217868682	14977
chr2	217853705	218053705	harbor1	chr2	217874435	217874567	SINE/MIR	472	-	66	217874501	20796
chr2	217853705	218053705	harbor1	chr2	217874703	217874947	SINE/MIR	480	-	122	217874825	21120
chr2	217853705	218053705	harbor1	chr2	217896002	217896233	SINE/MIR	694	-	116	217896118	42413
chr2	217853705	218053705	harbor1	chr2	217906561	217906739	SINE/MIR	644	-	89	217906650	52945
chr2	217853705	218053705	harbor1	chr2	217910798	217910971	SINE/MIR	497	-	86	217910884	57179
chr2	217853705	218053705	harbor1	chr2	217911551	217911776	SINE/MIR	586	-	112	217911663	57958
chr2	217853705	218053705	harbor1	chr2	217921752	217921969	SINE/MIR	868	-	108	217921860	68155
chr2	217853705	218053705	harbor1	chr2	217924605	217924799	SINE/MIR	542	-	97	217924702	70997
chr2	217853705	218053705	harbor1	chr2	217930146	217930330	SINE/MIR	489	-	92	217930238	76533
chr2	217853705	218053705	harbor1	chr2	217932529	217932675	SINE/MIR	534	-	73	217932602	78897
chr2	217853705	218053705	harbor1	chr2	217933998	217934182	SINE/MIR	601	-	92	217934090	80385
chr2	217853705	218053705	harbor1	chr2	217935798	217935952	SINE/MIR	464	-	77	217935875	82170
chr2	217853705	218053705	harbor1	chr2	217936783	217936924	SINE/MIR	564	-	70	217936853	83148
chr2	217853705	218053705	harbor1	chr2	217939060	217939291	SINE/MIR	879	-	116	217939176	85471
chr2	217853705	218053705	harbor1	chr2	217951357	217951506	SINE/MIR	499	-	74	217951431	97726
chr2	217853705	218053705	harbor1	chr2	217952159	217952405	SINE/MIR	558	-	123	217952282	98577
chr2	217853705	218053705	harbor1	chr2	217923383	217923585	SINE/MIR	737	-	101	217923484	69779
chr2	113484043	113684043	harbor1	chr2	113513831	113514044	SINE/MIR	954	-	106	113513937	29894
chr2	113484043	113684043	harbor1	chr2	113536335	113536524	SINE/MIR	685	-	94	113536429	52386
chr2	113484043	113684043	harbor1	chr2	113570580	113570714	SINE/MIR	590	-	67	113570647	86604
chr2	113484043	113684043	harbor1	chr2	113580426	113580622	SINE/MIR	646	-	98	113580524	96481
chr2	152618128	152818128	harbor1	chr2	152632551	152632798	SINE/MIR	608	-	124	152632675	14547
chr2	72783861	72983861	harbor1	chr2	72792590	72792739	SINE/MIR	489	-	74	72792664	8803
chr2	72783861	72983861	harbor1	chr2	72800208	72800404	SINE/MIR	636	-	98	72800306	16445
chr2	72783861	72983861	harbor1	chr2	72800555	72800766	SINE/MIR	786	-	106	72800661	16800
chr2	72783861	72983861	harbor1	chr2	72828898	72829132	SINE/MIR	540	-	117	72829015	45154
chr2	72783861	72983861	harbor1	chr2	72841093	72841323	SINE/MIR	624	-	115	72841208	57347
chr2	158867991	159067991	harbor1	chr2	158953753	158953927	SINE/MIR	582	-	87	158953840	85849
chr2	158867991	159067991	harbor1	chr2	158964506	158964743	SINE/MIR	496	-	118	158964624	96633
chr2	43055564	43255564	harbor1	chr2	43059164	43059378	SINE/MIR	793	-	107	43059271	3707
chr2	43055564	43255564	harbor1	chr2	43060411	43060590	SINE/MIR	475	-	90	43060501	4937
chr2	43055564	43255564	harbor1	chr2	43064700	43064910	SINE/MIR	570	-	105	43064805	9241
chr2	43055564	43255564	harbor1	chr2	43065630	43065847	SINE/MIR	495	-	108	43065738	10174
chr2	43055564	43255564	harbor1	chr2	43068648	43068836	SINE/MIR	564	-	94	43068742	13178
chr2	43055564	43255564	harbor1	chr2	43081049	43081287	SINE/MIR	651	-	119	43081168	25604
chr2	43055564	43255564	harbor1	chr2	43092994	43093114	SINE/MIR	464	-	60	43093054	37490
chr2	43055564	43255564	harbor1	chr2	43111345	43111553	SINE/MIR	490	-	104	43111449	55885
chr2	43055564	43255564	harbor1	chr2	43111837	43111864	SINE/MIR	463	-	14	43111851	56287
chr2	43055564	43255564	harbor1	chr2	43124600	43124750	SINE/MIR	525	-	75	43124675	69111
chr2	43055564	43255564	harbor1	chr2	43128056	43128193	SINE/MIR	467	-	68	43128124	72560
chr2	6817111	7017111	harbor1	chr2	6850164	6850325	SINE/MIR	563	-	80	6850244	33133
chr2	6817111	7017111	harbor1	chr2	6854742	6854928	SINE/MIR	483	-	93	6854835	37724
chr2	6817111	7017111	harbor1	chr2	6862202	6862450	SINE/MIR	467	-	124	6862326	45215
chr2	6817111	7017111	harbor1	chr2	6864126	6864361	SINE/MIR	595	-	118	6864244	47133
chr2	43054703	43254703	harbor1	chr2	43059164	43059378	SINE/MIR	793	-	107	43059271	4568
chr2	43054703	43254703	harbor1	chr2	43060411	43060590	SINE/MIR	475	-	90	43060501	5798
chr2	43054703	43254703	harbor1	chr2	43064700	43064910	SINE/MIR	570	-	105	43064805	10102
chr2	43054703	43254703	harbor1	chr2	43065630	43065847	SINE/MIR	495	-	108	43065738	11035
chr2	43054703	43254703	harbor1	chr2	43068648	43068836	SINE/MIR	564	-	94	43068742	14039
chr2	43054703	43254703	harbor1	chr2	43081049	43081287	SINE/MIR	651	-	119	43081168	26465
chr2	43054703	43254703	harbor1	chr2	43092994	43093114	SINE/MIR	464	-	60	43093054	38351
chr2	43054703	43254703	harbor1	chr2	43111345	43111553	SINE/MIR	490	-	104	43111449	56746
chr2	43054703	43254703	harbor1	chr2	43111837	43111864	SINE/MIR	463	-	14	43111851	57148
chr2	43054703	43254703	harbor1	chr2	43124600	43124750	SINE/MIR	525	-	75	43124675	69972
chr2	43054703	43254703	harbor1	chr2	43128056	43128193	SINE/MIR	467	-	68	43128124	73421
chr2	85227775	85427775	harbor1	chr2	85253718	85253921	SINE/MIR	496	-	102	85253820	26045
chr2	85227775	85427775	harbor1	chr2	85282477	85282735	SINE/MIR	620	-	129	85282606	54831
chr2	69543869	69743869	harbor1	chr2	69630485	69630702	SINE/MIR	465	-	108	69630593	86724
chr2	69543869	69743869	harbor1	chr2	69640122	69640204	SINE/MIR	491	-	41	69640163	96294
chr2	69543869	69743869	harbor1	chr2	69640350	69640482	SINE/MIR	491	-	66	69640416	96547
chr2	34909049	35109049	harbor1	chr2	34938828	34939017	SINE/MIR	477	-	94	34938922	29873
chr2	219068714	219268714	harbor1	chr2	219103641	219103856	SINE/MIR	687	-	108	219103749	35035
chr2	46198450	46398450	harbor1	chr2	46281816	46281958	SINE/MIR	468	-	71	46281887	83437
chr2	46198450	46398450	harbor1	chr2	46285523	46285615	SINE/MIR	537	-	46	46285569	87119
chr2	46198450	46398450	harbor1	chr2	46285923	46286035	SINE/MIR	537	-	56	46285979	87529
chr2	43031592	43231592	harbor1	chr2	43059164	43059378	SINE/MIR	793	-	107	43059271	27679
chr2	43031592	43231592	harbor1	chr2	43060411	43060590	SINE/MIR	475	-	90	43060501	28909
chr2	43031592	43231592	harbor1	chr2	43064700	43064910	SINE/MIR	570	-	105	43064805	33213
chr2	43031592	43231592	harbor1	chr2	43065630	43065847	SINE/MIR	495	-	108	43065738	34146
chr2	43031592	43231592	harbor1	chr2	43068648	43068836	SINE/MIR	564	-	94	43068742	37150
chr2	43031592	43231592	harbor1	chr2	43081049	43081287	SINE/MIR	651	-	119	43081168	49576
chr2	43031592	43231592	harbor1	chr2	43092994	43093114	SINE/MIR	464	-	60	43093054	61462
chr2	43031592	43231592	harbor1	chr2	43111345	43111553	SINE/MIR	490	-	104	43111449	79857
chr2	43031592	43231592	harbor1	chr2	43111837	43111864	SINE/MIR	463	-	14	43111851	80259
chr2	43031592	43231592	harbor1	chr2	43124600	43124750	SINE/MIR	525	-	75	43124675	93083
chr2	43031592	43231592	harbor1	chr2	43128056	43128193	SINE/MIR	467	-	68	43128124	96532
chr2	219077841	219277841	harbor1	chr2	219103641	219103856	SINE/MIR	687	-	108	219103749	25908
chr2	26950263	27150263	harbor1	chr2	26963941	26964173	SINE/MIR	520	-	116	26964057	13794
chr2	26950263	27150263	harbor1	chr2	27015231	27015454	SINE/MIR	666	-	112	27015343	65080
chr2	202592156	202792156	harbor1	chr2	202604492	202604670	SINE/MIR	568	-	89	202604581	12425
chr2	168550531	168750531	harbor1	chr2	168590695	168590902	SINE/MIR	552	-	104	168590799	40268
chr2	168550531	168750531	harbor1	chr2	168612037	168612239	SINE/MIR	640	-	101	168612138	61607
chr2	168550531	168750531	harbor1	chr2	168633333	168633537	SINE/MIR	460	-	102	168633435	82904
chr2	42069545	42269545	harbor1	chr2	42104474	42104672	SINE/MIR	532	-	99	42104573	35028
chr2	42069545	42269545	harbor1	chr2	42131594	42131840	SINE/MIR	664	-	123	42131717	62172
chr2	42069545	42269545	harbor1	chr2	42145207	42145327	SINE/MIR	714	-	60	42145267	75722
chr2	42069545	42269545	harbor1	chr2	42145638	42145784	SINE/MIR	714	-	73	42145711	76166
chr2	42069545	42269545	harbor1	chr2	42147251	42147483	SINE/MIR	849	-	116	42147367	77822
chr2	42069545	42269545	harbor1	chr2	42167256	42167505	SINE/MIR	895	-	124	42167380	97835
chr2	127928490	128128490	harbor1	chr2	128016642	128016863	SINE/MIR	533	-	110	128016752	88262
chr2	87424870	87624870	harbor1	chr2	87446273	87446396	SINE/MIR	629	-	62	87446335	21465
chr2	87424870	87624870	harbor1	chr2	87447241	87447364	SINE/MIR	629	-	62	87447303	22433
chr2	69381601	69581601	harbor1	chr2	69428440	69428660	SINE/MIR	532	-	110	69428550	46949
chr2	219077944	219277944	harbor1	chr2	219103641	219103856	SINE/MIR	687	-	108	219103749	25805
chr2	110569500	110769500	harbor1	chr2	110590552	110590738	SINE/MIR	552	-	93	110590645	21145
chr2	110569500	110769500	harbor1	chr2	110595930	110596118	SINE/MIR	562	-	94	110596024	26524
chr2	110569500	110769500	harbor1	chr2	110649942	110650184	SINE/MIR	686	-	121	110650063	80563
chr2	113484094	113684094	harbor1	chr2	113513831	113514044	SINE/MIR	954	-	106	113513937	29843
chr2	113484094	113684094	harbor1	chr2	113536335	113536524	SINE/MIR	685	-	94	113536429	52335
chr2	113484094	113684094	harbor1	chr2	113570580	113570714	SINE/MIR	590	-	67	113570647	86553
chr2	113484094	113684094	harbor1	chr2	113580426	113580622	SINE/MIR	646	-	98	113580524	96430
chr2	85227776	85427776	harbor1	chr2	85253718	85253921	SINE/MIR	496	-	102	85253820	26044
chr2	85227776	85427776	harbor1	chr2	85282477	85282735	SINE/MIR	620	-	129	85282606	54830
chr2	86976350	87176350	harbor1	chr2	86981839	86982072	SINE/MIR	617	-	116	86981955	5605
chr2	86976350	87176350	harbor1	chr2	87011585	87011810	SINE/MIR	654	-	112	87011697	35347
chr2	86976350	87176350	harbor1	chr2	87032560	87032802	SINE/MIR	619	-	121	87032681	56331
chr2	86976350	87176350	harbor1	chr2	87048556	87048795	SINE/MIR	620	-	120	87048676	72326
chr2	152618045	152818045	harbor1	chr2	152632551	152632798	SINE/MIR	608	-	124	152632675	14630
chr2	63488511	63688511	harbor1	chr2	63494383	63494572	SINE/MIR	709	-	94	63494477	5966
chr2	63488511	63688511	harbor1	chr2	63568047	63568254	SINE/MIR	566	-	104	63568151	79640
chr2	26950257	27150257	harbor1	chr2	26963941	26964173	SINE/MIR	520	-	116	26964057	13800
chr2	26950257	27150257	harbor1	chr2	27015231	27015454	SINE/MIR	666	-	112	27015343	65086
chr2	74413594	74613594	harbor1	chr2	74429082	74429302	SINE/MIR	635	-	110	74429192	15598
chr2	74413594	74613594	harbor1	chr2	74453409	74453660	SINE/MIR	548	-	126	74453535	39941
chr2	74413594	74613594	harbor1	chr2	74467216	74467435	SINE/MIR	748	-	110	74467326	53732
chr2	120748279	120948279	harbor1	chr2	120779617	120779818	SINE/MIR	543	-	100	120779717	31438
chr2	120748279	120948279	harbor1	chr2	120845841	120845999	SINE/MIR	472	-	79	120845920	97641
chr2	56085054	56285054	harbor1	chr2	56117701	56117860	SINE/MIR	553	-	80	56117781	32727
chr2	219343396	219543396	harbor1	chr2	219381014	219381230	SINE/MIR	767	-	108	219381122	37726
chr2	219343396	219543396	harbor1	chr2	219388767	219388990	SINE/MIR	488	-	112	219388879	45483
chr2	219343396	219543396	harbor1	chr2	219403702	219403932	SINE/MIR	867	-	115	219403817	60421
chr2	219343396	219543396	harbor1	chr2	219406471	219406653	SINE/MIR	708	-	91	219406562	63166
chr2	40242754	40442754	harbor1	chr2	40245886	40246018	SINE/MIR	461	-	66	40245952	3198
chr2	40242754	40442754	harbor1	chr2	40277847	40278041	SINE/MIR	540	-	97	40277944	35190
chr2	40242754	40442754	harbor1	chr2	40300219	40300391	SINE/MIR	460	-	86	40300305	57551
chr2	40242754	40442754	harbor1	chr2	40301159	40301379	SINE/MIR	655	-	110	40301269	58515
chr2	74415971	74615971	harbor1	chr2	74429082	74429302	SINE/MIR	635	-	110	74429192	13221
chr2	74415971	74615971	harbor1	chr2	74453409	74453660	SINE/MIR	548	-	126	74453535	37564
chr2	74415971	74615971	harbor1	chr2	74467216	74467435	SINE/MIR	748	-	110	74467326	51355
chr2	26950296	27150296	harbor1	chr2	26963941	26964173	SINE/MIR	520	-	116	26964057	13761
chr2	26950296	27150296	harbor1	chr2	27015231	27015454	SINE/MIR	666	-	112	27015343	65047
chr2	218165589	218365589	harbor1	chr2	218223588	218223717	SINE/MIR	500	-	64	218223652	58063
chr2	218165589	218365589	harbor1	chr2	218260130	218260324	SINE/MIR	457	-	97	218260227	94638
chr2	218378783	218578783	harbor1	chr2	218394205	218394408	SINE/MIR	693	-	102	218394307	15524
chr2	218378783	218578783	harbor1	chr2	218443020	218443179	SINE/MIR	492	-	80	218443100	64317
chr2	56085032	56285032	harbor1	chr2	56117701	56117860	SINE/MIR	553	-	80	56117781	32749
chr2	56085009	56285009	harbor1	chr2	56117701	56117860	SINE/MIR	553	-	80	56117781	32772
chr2	6765980	6965980	harbor1	chr2	6774958	6775210	SINE/MIR	538	-	126	6775084	9104
chr2	6765980	6965980	harbor1	chr2	6788332	6788512	SINE/MIR	466	-	90	6788422	22442
chr2	6765980	6965980	harbor1	chr2	6850164	6850325	SINE/MIR	563	-	80	6850244	84264
chr2	6765980	6965980	harbor1	chr2	6854742	6854928	SINE/MIR	483	-	93	6854835	88855
chr2	6765980	6965980	harbor1	chr2	6862202	6862450	SINE/MIR	467	-	124	6862326	96346
chr2	6765980	6965980	harbor1	chr2	6864126	6864361	SINE/MIR	595	-	118	6864244	98264
chr2	70771209	70971209	harbor1	chr2	70784393	70784610	SINE/MIR	702	-	108	70784501	13292
chr2	70771209	70971209	harbor1	chr2	70800396	70800615	SINE/MIR	620	-	110	70800506	29297
chr2	70771209	70971209	harbor1	chr2	70815542	70815758	SINE/MIR	613	-	108	70815650	44441
chr2	70771209	70971209	harbor1	chr2	70864960	70865201	SINE/MIR	705	-	120	70865080	93871
chr2	85502856	85702856	harbor1	chr2	85502794	85503052	SINE/MIR	474	-	129	85502923	67
chr2	85502856	85702856	harbor1	chr2	85523434	85523680	SINE/MIR	827	-	123	85523557	20701
chr2	85502856	85702856	harbor1	chr2	85537063	85537190	SINE/MIR	514	-	64	85537127	34271
chr2	85502856	85702856	harbor1	chr2	85587624	85587854	SINE/MIR	619	-	115	85587739	84883
chr2	162739522	162939522	harbor1	chr2	162777556	162777781	SINE/MIR	621	-	112	162777668	38146
chr2	162739522	162939522	harbor1	chr2	162786276	162786501	SINE/MIR	586	-	112	162786388	46866
chr2	162739522	162939522	harbor1	chr2	162822308	162822541	SINE/MIR	546	-	116	162822424	82902
chr2	26950239	27150239	harbor1	chr2	26963941	26964173	SINE/MIR	520	-	116	26964057	13818
chr2	26950239	27150239	harbor1	chr2	27015231	27015454	SINE/MIR	666	-	112	27015343	65104
chr2	26144160	26344160	harbor1	chr2	26177346	26177500	SINE/MIR	468	-	77	26177423	33263
chr2	26144160	26344160	harbor1	chr2	26179317	26179446	SINE/MIR	627	-	64	26179381	35221
chr2	26144160	26344160	harbor1	chr2	26210173	26210351	SINE/MIR	542	-	89	26210262	66102
chr2	26144160	26344160	harbor1	chr2	26242568	26242750	SINE/MIR	536	-	91	26242659	98499
chr2	26154867	26354867	harbor1	chr2	26177346	26177500	SINE/MIR	468	-	77	26177423	22556
chr2	26154867	26354867	harbor1	chr2	26179317	26179446	SINE/MIR	627	-	64	26179381	24514
chr2	26154867	26354867	harbor1	chr2	26210173	26210351	SINE/MIR	542	-	89	26210262	55395
chr2	26154867	26354867	harbor1	chr2	26242568	26242750	SINE/MIR	536	-	91	26242659	87792
chr2	74270990	74470990	harbor1	chr2	74274061	74274196	SINE/MIR	667	-	68	74274129	3139
chr2	74270990	74470990	harbor1	chr2	74275704	74275951	SINE/MIR	972	-	124	74275828	4838
chr2	74270990	74470990	harbor1	chr2	74315961	74316094	SINE/MIR	579	-	66	74316027	45037
chr2	74270990	74470990	harbor1	chr2	74325627	74325827	SINE/MIR	565	-	100	74325727	54737
chr2	74270990	74470990	harbor1	chr2	74336578	74336720	SINE/MIR	494	-	71	74336649	65659
chr2	74270990	74470990	harbor1	chr2	74358872	74359019	SINE/MIR	593	-	74	74358946	87956
chr2	207668717	207868717	harbor1	chr2	207761053	207761199	SINE/MIR	498	-	73	207761126	92409
chr2	74415648	74615648	harbor1	chr2	74429082	74429302	SINE/MIR	635	-	110	74429192	13544
chr2	74415648	74615648	harbor1	chr2	74453409	74453660	SINE/MIR	548	-	126	74453535	37887
chr2	74415648	74615648	harbor1	chr2	74467216	74467435	SINE/MIR	748	-	110	74467326	51678
chr2	46198509	46398509	harbor1	chr2	46281816	46281958	SINE/MIR	468	-	71	46281887	83378
chr2	46198509	46398509	harbor1	chr2	46285523	46285615	SINE/MIR	537	-	46	46285569	87060
chr2	46198509	46398509	harbor1	chr2	46285923	46286035	SINE/MIR	537	-	56	46285979	87470
chr2	219458026	219658026	harbor1	chr2	219470108	219470364	SINE/MIR	528	-	128	219470236	12210
chr2	219458026	219658026	harbor1	chr2	219474402	219474630	SINE/MIR	856	-	114	219474516	16490
chr2	219458026	219658026	harbor1	chr2	219478279	219478469	SINE/MIR	693	-	95	219478374	20348
chr2	219458026	219658026	harbor1	chr2	219478813	219478964	SINE/MIR	457	-	76	219478889	20863
chr2	219458026	219658026	harbor1	chr2	219481740	219481892	SINE/MIR	463	-	76	219481816	23790
chr2	219458026	219658026	harbor1	chr2	219485612	219485838	SINE/MIR	535	-	113	219485725	27699
chr2	219458026	219658026	harbor1	chr2	219487379	219487545	SINE/MIR	451	-	83	219487462	29436
chr2	219458026	219658026	harbor1	chr2	219490084	219490317	SINE/MIR	754	-	116	219490200	32174
chr2	219458026	219658026	harbor1	chr2	219491044	219491220	SINE/MIR	533	-	88	219491132	33106
chr2	219458026	219658026	harbor1	chr2	219497481	219497624	SINE/MIR	460	-	72	219497553	39527
chr2	219458026	219658026	harbor1	chr2	219524954	219525135	SINE/MIR	572	-	90	219525044	67018
chr2	219458026	219658026	harbor1	chr2	219525244	219525453	SINE/MIR	625	-	104	219525348	67322
chr2	219458026	219658026	harbor1	chr2	219556978	219557162	SINE/MIR	569	-	92	219557070	99044
chr2	219077888	219277888	harbor1	chr2	219103641	219103856	SINE/MIR	687	-	108	219103749	25861
chr2	219078289	219278289	harbor1	chr2	219103641	219103856	SINE/MIR	687	-	108	219103749	25460
chr2	219077799	219277799	harbor1	chr2	219103641	219103856	SINE/MIR	687	-	108	219103749	25950
chr2	53760159	53960159	harbor1	chr2	53811564	53811785	SINE/MIR	915	-	110	53811674	51515
chr2	53760159	53960159	harbor1	chr2	53857963	53858169	SINE/MIR	747	-	103	53858066	97907
chr2	70771799	70971799	harbor1	chr2	70784393	70784610	SINE/MIR	702	-	108	70784501	12702
chr2	70771799	70971799	harbor1	chr2	70800396	70800615	SINE/MIR	620	-	110	70800506	28707
chr2	70771799	70971799	harbor1	chr2	70815542	70815758	SINE/MIR	613	-	108	70815650	43851
chr2	70771799	70971799	harbor1	chr2	70864960	70865201	SINE/MIR	705	-	120	70865080	93281
chr2	219130337	219330337	harbor1	chr2	219183943	219184142	SINE/MIR	482	-	100	219184043	53706
chr2	219130337	219330337	harbor1	chr2	219192143	219192316	SINE/MIR	549	-	86	219192229	61892
chr2	72787395	72987395	harbor1	chr2	72792590	72792739	SINE/MIR	489	-	74	72792664	5269
chr2	72787395	72987395	harbor1	chr2	72800208	72800404	SINE/MIR	636	-	98	72800306	12911
chr2	72787395	72987395	harbor1	chr2	72800555	72800766	SINE/MIR	786	-	106	72800661	13266
chr2	72787395	72987395	harbor1	chr2	72828898	72829132	SINE/MIR	540	-	117	72829015	41620
chr2	72787395	72987395	harbor1	chr2	72841093	72841323	SINE/MIR	624	-	115	72841208	53813
chr2	61788838	61988838	harbor1	chr2	61871703	61871876	SINE/MIR	578	-	86	61871789	82951
chr2	61788838	61988838	harbor1	chr2	61877888	61878098	SINE/MIR	561	-	105	61877993	89155
chr2	219068715	219268715	harbor1	chr2	219103641	219103856	SINE/MIR	687	-	108	219103749	35034
chr2	26834370	27034370	harbor1	chr2	26846008	26846249	SINE/MIR	682	-	120	26846128	11758
chr2	26834370	27034370	harbor1	chr2	26916976	26917219	SINE/MIR	1086	-	122	26917098	82728
chr2	111924427	112124427	harbor1	chr2	111988573	111988663	SINE/MIR	474	-	45	111988618	64191
chr2	111924427	112124427	harbor1	chr2	111988954	111989086	SINE/MIR	474	-	66	111989020	64593
chr2	26403814	26603814	harbor1	chr2	26423711	26423939	SINE/MIR	557	-	114	26423825	20011
chr2	26403814	26603814	harbor1	chr2	26465305	26465419	SINE/MIR	481	-	57	26465362	61548
chr2	26403814	26603814	harbor1	chr2	26474716	26474918	SINE/MIR	650	-	101	26474817	71003
chr2	26403814	26603814	harbor1	chr2	26502742	26502916	SINE/MIR	452	-	87	26502829	99015
chr2	219075962	219275962	harbor1	chr2	219103641	219103856	SINE/MIR	687	-	108	219103749	27787
chr2	120665083	120865083	harbor1	chr2	120670387	120670574	SINE/MIR	506	-	94	120670481	5398
chr2	120665083	120865083	harbor1	chr2	120704590	120704773	SINE/MIR	584	-	92	120704682	39599
chr2	120665083	120865083	harbor1	chr2	120709040	120709196	SINE/MIR	476	-	78	120709118	44035
chr2	152617607	152817607	harbor1	chr2	152632551	152632798	SINE/MIR	608	-	124	152632675	15068
chr2	70557451	70757451	harbor1	chr2	70569198	70569393	SINE/MIR	790	-	98	70569296	11845
chr2	217613937	217813937	harbor1	chr2	217645218	217645411	SINE/MIR	643	-	96	217645314	31377
chr2	217613937	217813937	harbor1	chr2	217710699	217710892	SINE/MIR	477	-	96	217710795	96858
chr2	26939064	27139064	harbor1	chr2	26943635	26943822	SINE/MIR	636	-	94	26943729	4665
chr2	26939064	27139064	harbor1	chr2	26948881	26949022	SINE/MIR	476	-	70	26948951	9887
chr2	26939064	27139064	harbor1	chr2	26963941	26964173	SINE/MIR	520	-	116	26964057	24993
chr2	26939064	27139064	harbor1	chr2	27015231	27015454	SINE/MIR	666	-	112	27015343	76279
chr2	43987388	44187388	harbor1	chr2	43994402	43994553	SINE/MIR	459	-	76	43994478	7090
chr2	43987388	44187388	harbor1	chr2	44007922	44008113	SINE/MIR	636	-	96	44008018	20630
chr2	43987388	44187388	harbor1	chr2	44013148	44013353	SINE/MIR	799	-	102	44013250	25862
chr2	43987388	44187388	harbor1	chr2	44013774	44013829	SINE/MIR	799	-	28	44013802	26414
chr2	43987388	44187388	harbor1	chr2	44036278	44036481	SINE/MIR	466	-	102	44036380	48992
chr2	127928563	128128563	harbor1	chr2	128016642	128016863	SINE/MIR	533	-	110	128016752	88189
chr2	26950213	27150213	harbor1	chr2	26963941	26964173	SINE/MIR	520	-	116	26964057	13844
chr2	26950213	27150213	harbor1	chr2	27015231	27015454	SINE/MIR	666	-	112	27015343	65130
chr2	26950376	27150376	harbor1	chr2	26963941	26964173	SINE/MIR	520	-	116	26964057	13681
chr2	26950376	27150376	harbor1	chr2	27015231	27015454	SINE/MIR	666	-	112	27015343	64967
chr2	111955758	112155758	harbor1	chr2	111988573	111988663	SINE/MIR	474	-	45	111988618	32860
chr2	111955758	112155758	harbor1	chr2	111988954	111989086	SINE/MIR	474	-	66	111989020	33262
chr2	111955758	112155758	harbor1	chr2	112030395	112030562	SINE/MIR	457	-	84	112030479	74721
chr2	43055480	43255480	harbor1	chr2	43059164	43059378	SINE/MIR	793	-	107	43059271	3791
chr2	43055480	43255480	harbor1	chr2	43060411	43060590	SINE/MIR	475	-	90	43060501	5021
chr2	43055480	43255480	harbor1	chr2	43064700	43064910	SINE/MIR	570	-	105	43064805	9325
chr2	43055480	43255480	harbor1	chr2	43065630	43065847	SINE/MIR	495	-	108	43065738	10258
chr2	43055480	43255480	harbor1	chr2	43068648	43068836	SINE/MIR	564	-	94	43068742	13262
chr2	43055480	43255480	harbor1	chr2	43081049	43081287	SINE/MIR	651	-	119	43081168	25688
chr2	43055480	43255480	harbor1	chr2	43092994	43093114	SINE/MIR	464	-	60	43093054	37574
chr2	43055480	43255480	harbor1	chr2	43111345	43111553	SINE/MIR	490	-	104	43111449	55969
chr2	43055480	43255480	harbor1	chr2	43111837	43111864	SINE/MIR	463	-	14	43111851	56371
chr2	43055480	43255480	harbor1	chr2	43124600	43124750	SINE/MIR	525	-	75	43124675	69195
chr2	43055480	43255480	harbor1	chr2	43128056	43128193	SINE/MIR	467	-	68	43128124	72644
chr2	32257033	32457033	harbor1	chr2	32272633	32272821	SINE/MIR	465	-	94	32272727	15694
chr2	26950221	27150221	harbor1	chr2	26963941	26964173	SINE/MIR	520	-	116	26964057	13836
chr2	26950221	27150221	harbor1	chr2	27015231	27015454	SINE/MIR	666	-	112	27015343	65122
chr2	147920606	148120606	harbor1	chr2	147923284	147923484	SINE/MIR	451	-	100	147923384	2778
chr2	147920606	148120606	harbor1	chr2	147977030	147977221	SINE/MIR	702	-	96	147977126	56520
chr2	60966467	61166467	harbor1	chr2	61032484	61032705	SINE/MIR	709	-	110	61032594	66127
chr2	60966467	61166467	harbor1	chr2	61046523	61046765	SINE/MIR	759	-	121	61046644	80177
chr2	219458042	219658042	harbor1	chr2	219470108	219470364	SINE/MIR	528	-	128	219470236	12194
chr2	219458042	219658042	harbor1	chr2	219474402	219474630	SINE/MIR	856	-	114	219474516	16474
chr2	219458042	219658042	harbor1	chr2	219478279	219478469	SINE/MIR	693	-	95	219478374	20332
chr2	219458042	219658042	harbor1	chr2	219478813	219478964	SINE/MIR	457	-	76	219478889	20847
chr2	219458042	219658042	harbor1	chr2	219481740	219481892	SINE/MIR	463	-	76	219481816	23774
chr2	219458042	219658042	harbor1	chr2	219485612	219485838	SINE/MIR	535	-	113	219485725	27683
chr2	219458042	219658042	harbor1	chr2	219487379	219487545	SINE/MIR	451	-	83	219487462	29420
chr2	219458042	219658042	harbor1	chr2	219490084	219490317	SINE/MIR	754	-	116	219490200	32158
chr2	219458042	219658042	harbor1	chr2	219491044	219491220	SINE/MIR	533	-	88	219491132	33090
chr2	219458042	219658042	harbor1	chr2	219497481	219497624	SINE/MIR	460	-	72	219497553	39511
chr2	219458042	219658042	harbor1	chr2	219524954	219525135	SINE/MIR	572	-	90	219525044	67002
chr2	219458042	219658042	harbor1	chr2	219525244	219525453	SINE/MIR	625	-	104	219525348	67306
chr2	219458042	219658042	harbor1	chr2	219556978	219557162	SINE/MIR	569	-	92	219557070	99028
chr2	152618027	152818027	harbor1	chr2	152632551	152632798	SINE/MIR	608	-	124	152632675	14648
chr2	113484139	113684139	harbor1	chr2	113513831	113514044	SINE/MIR	954	-	106	113513937	29798
chr2	113484139	113684139	harbor1	chr2	113536335	113536524	SINE/MIR	685	-	94	113536429	52290
chr2	113484139	113684139	harbor1	chr2	113570580	113570714	SINE/MIR	590	-	67	113570647	86508
chr2	113484139	113684139	harbor1	chr2	113580426	113580622	SINE/MIR	646	-	98	113580524	96385
chr2	218179133	218379133	harbor1	chr2	218223588	218223717	SINE/MIR	500	-	64	218223652	44519
chr2	218179133	218379133	harbor1	chr2	218260130	218260324	SINE/MIR	457	-	97	218260227	81094
chr2	113484029	113684029	harbor1	chr2	113513831	113514044	SINE/MIR	954	-	106	113513937	29908
chr2	113484029	113684029	harbor1	chr2	113536335	113536524	SINE/MIR	685	-	94	113536429	52400
chr2	113484029	113684029	harbor1	chr2	113570580	113570714	SINE/MIR	590	-	67	113570647	86618
chr2	113484029	113684029	harbor1	chr2	113580426	113580622	SINE/MIR	646	-	98	113580524	96495
chr2	219076192	219276192	harbor1	chr2	219103641	219103856	SINE/MIR	687	-	108	219103749	27557
chr2	219384924	219584924	harbor1	chr2	219388767	219388990	SINE/MIR	488	-	112	219388879	3955
chr2	219384924	219584924	harbor1	chr2	219403702	219403932	SINE/MIR	867	-	115	219403817	18893
chr2	219384924	219584924	harbor1	chr2	219406471	219406653	SINE/MIR	708	-	91	219406562	21638
chr2	219384924	219584924	harbor1	chr2	219450196	219450419	SINE/MIR	554	-	112	219450308	65384
chr2	219384924	219584924	harbor1	chr2	219455138	219455281	SINE/MIR	509	-	72	219455210	70286
chr2	219384924	219584924	harbor1	chr2	219470108	219470364	SINE/MIR	528	-	128	219470236	85312
chr2	219384924	219584924	harbor1	chr2	219474402	219474630	SINE/MIR	856	-	114	219474516	89592
chr2	219384924	219584924	harbor1	chr2	219478279	219478469	SINE/MIR	693	-	95	219478374	93450
chr2	219384924	219584924	harbor1	chr2	219478813	219478964	SINE/MIR	457	-	76	219478889	93965
chr2	219384924	219584924	harbor1	chr2	219481740	219481892	SINE/MIR	463	-	76	219481816	96892
chr2	42000972	42200972	harbor1	chr2	42005262	42005442	SINE/MIR	649	-	90	42005352	4380
chr2	42000972	42200972	harbor1	chr2	42010172	42010384	SINE/MIR	815	-	106	42010278	9306
chr2	42000972	42200972	harbor1	chr2	42029575	42029763	SINE/MIR	489	-	94	42029669	28697
chr2	42000972	42200972	harbor1	chr2	42031267	42031495	SINE/MIR	714	-	114	42031381	30409
chr2	42000972	42200972	harbor1	chr2	42035127	42035356	SINE/MIR	508	-	114	42035241	34269
chr2	26246137	26446137	harbor1	chr2	26289679	26289860	SINE/MIR	552	-	90	26289769	43632
chr2	26246137	26446137	harbor1	chr2	26310475	26310619	SINE/MIR	584	-	72	26310547	64410
chr2	42069414	42269414	harbor1	chr2	42104474	42104672	SINE/MIR	532	-	99	42104573	35159
chr2	42069414	42269414	harbor1	chr2	42131594	42131840	SINE/MIR	664	-	123	42131717	62303
chr2	42069414	42269414	harbor1	chr2	42145207	42145327	SINE/MIR	714	-	60	42145267	75853
chr2	42069414	42269414	harbor1	chr2	42145638	42145784	SINE/MIR	714	-	73	42145711	76297
chr2	42069414	42269414	harbor1	chr2	42147251	42147483	SINE/MIR	849	-	116	42147367	77953
chr2	42069414	42269414	harbor1	chr2	42167256	42167505	SINE/MIR	895	-	124	42167380	97966
chr2	111023174	111223174	harbor1	chr2	111038066	111038272	SINE/MIR	459	-	103	111038169	14995
chr2	111023174	111223174	harbor1	chr2	111046233	111046378	SINE/MIR	536	-	72	111046305	23131
chr2	219078192	219278192	harbor1	chr2	219103641	219103856	SINE/MIR	687	-	108	219103749	25557
chr2	134566253	134766253	harbor1	chr2	134598368	134598581	SINE/MIR	667	-	106	134598474	32221
chr2	134566253	134766253	harbor1	chr2	134629054	134629275	SINE/MIR	888	-	110	134629164	62911
chr2	158868018	159068018	harbor1	chr2	158953753	158953927	SINE/MIR	582	-	87	158953840	85822
chr2	158868018	159068018	harbor1	chr2	158964506	158964743	SINE/MIR	496	-	118	158964624	96606
chr2	96174902	96374902	harbor1	chr2	96178068	96178211	SINE/MIR	629	-	72	96178140	3238
chr2	113484027	113684027	harbor1	chr2	113513831	113514044	SINE/MIR	954	-	106	113513937	29910
chr2	113484027	113684027	harbor1	chr2	113536335	113536524	SINE/MIR	685	-	94	113536429	52402
chr2	113484027	113684027	harbor1	chr2	113570580	113570714	SINE/MIR	590	-	67	113570647	86620
chr2	113484027	113684027	harbor1	chr2	113580426	113580622	SINE/MIR	646	-	98	113580524	96497
chr2	72971175	73171175	harbor1	chr2	72972185	72972311	SINE/MIR	465	-	63	72972248	1073
chr2	72971175	73171175	harbor1	chr2	73029669	73029789	SINE/MIR	689	-	60	73029729	58554
chr2	72971175	73171175	harbor1	chr2	73030098	73030211	SINE/MIR	689	-	56	73030154	58979
chr2	72971175	73171175	harbor1	chr2	72990535	72990759	SINE/MIR	580	-	112	72990647	19472
chr2	26950215	27150215	harbor1	chr2	26963941	26964173	SINE/MIR	520	-	116	26964057	13842
chr2	26950215	27150215	harbor1	chr2	27015231	27015454	SINE/MIR	666	-	112	27015343	65128
chr2	152618247	152818247	harbor1	chr2	152632551	152632798	SINE/MIR	608	-	124	152632675	14428
chr2	61276617	61476617	harbor1	chr2	61345539	61345641	SINE/MIR	458	-	51	61345590	68973
chr2	61276617	61476617	harbor1	chr2	61345911	61345992	SINE/MIR	458	-	40	61345951	69334
chr2	218223831	218423831	harbor1	chr2	218260130	218260324	SINE/MIR	457	-	97	218260227	36396
chr2	218223831	218423831	harbor1	chr2	218285171	218285341	SINE/MIR	607	-	85	218285256	61425
chr2	96108492	96308492	harbor1	chr2	96150772	96150964	SINE/MIR	462	-	96	96150868	42376
chr2	96108492	96308492	harbor1	chr2	96151049	96151227	SINE/MIR	468	-	89	96151138	42646
chr2	96108492	96308492	harbor1	chr2	96178068	96178211	SINE/MIR	629	-	72	96178140	69648
chr2	111955737	112155737	harbor1	chr2	111988573	111988663	SINE/MIR	474	-	45	111988618	32881
chr2	111955737	112155737	harbor1	chr2	111988954	111989086	SINE/MIR	474	-	66	111989020	33283
chr2	111955737	112155737	harbor1	chr2	112030395	112030562	SINE/MIR	457	-	84	112030479	74742
chr3	107991301	108191301	harbor1	chr3	107991597	107991715	SINE/MIR	441	-	59	107991656	355
chr3	107991301	108191301	harbor1	chr3	108001756	108001881	SINE/MIR	446	-	62	108001818	10517
chr3	107991301	108191301	harbor1	chr3	108038306	108038477	SINE/MIR	431	-	86	108038392	47091
chr3	107991301	108191301	harbor1	chr3	108078887	108079022	SINE/MIR	406	-	68	108078955	87654
chr3	107991372	108191372	harbor1	chr3	107991597	107991715	SINE/MIR	441	-	59	107991656	284
chr3	107991372	108191372	harbor1	chr3	108001756	108001881	SINE/MIR	446	-	62	108001818	10446
chr3	107991372	108191372	harbor1	chr3	108038306	108038477	SINE/MIR	431	-	86	108038392	47020
chr3	107991372	108191372	harbor1	chr3	108078887	108079022	SINE/MIR	406	-	68	108078955	87583
chr3	50017175	50217175	harbor1	chr3	50045736	50045957	SINE/MIR	904	-	110	50045846	28671
chr3	107991276	108191276	harbor1	chr3	107991597	107991715	SINE/MIR	441	-	59	107991656	380
chr3	107991276	108191276	harbor1	chr3	108001756	108001881	SINE/MIR	446	-	62	108001818	10542
chr3	107991276	108191276	harbor1	chr3	108038306	108038477	SINE/MIR	431	-	86	108038392	47116
chr3	107991276	108191276	harbor1	chr3	108078887	108079022	SINE/MIR	406	-	68	108078955	87679
chr3	46799606	46999606	harbor1	chr3	46890420	46890496	SINE/MIR	478	-	38	46890458	90852
chr3	46799606	46999606	harbor1	chr3	46890801	46890927	SINE/MIR	478	-	63	46890864	91258
chr3	53988061	54188061	harbor1	chr3	53988264	53988483	SINE/MIR	639	-	110	53988374	313
chr3	53988061	54188061	harbor1	chr3	54005131	54005369	SINE/MIR	572	-	119	54005250	17189
chr3	53988061	54188061	harbor1	chr3	54027474	54027729	SINE/MIR	531	-	128	54027602	39541
chr3	53988061	54188061	harbor1	chr3	54040606	54040825	SINE/MIR	560	-	110	54040716	52655
chr3	53988061	54188061	harbor1	chr3	54043007	54043187	SINE/MIR	438	-	90	54043097	55036
chr3	53988061	54188061	harbor1	chr3	54046472	54046593	SINE/MIR	384	-	60	54046532	58471
chr3	53988061	54188061	harbor1	chr3	54061336	54061455	SINE/MIR	679	-	60	54061396	73335
chr3	53988061	54188061	harbor1	chr3	54061769	54061846	SINE/MIR	679	-	38	54061807	73746
chr3	53988061	54188061	harbor1	chr3	54063702	54063901	SINE/MIR	485	-	100	54063802	75741
chr3	53988061	54188061	harbor1	chr3	54079281	54079491	SINE/MIR	458	-	105	54079386	91325
chr3	178972064	179172064	harbor1	chr3	178982226	178982451	SINE/MIR	427	-	112	178982338	10274
chr3	178972064	179172064	harbor1	chr3	179033718	179033960	SINE/MIR	389	-	121	179033839	61775
chr3	32470680	32670680	harbor1	chr3	32503817	32503985	SINE/MIR	431	-	84	32503901	33221
chr3	32470680	32670680	harbor1	chr3	32553724	32553887	SINE/MIR	507	-	82	32553806	83126
chr3	32470680	32670680	harbor1	chr3	32569068	32569257	SINE/MIR	625	-	94	32569162	98482
chr3	51939471	52139471	harbor1	chr3	51971054	51971232	SINE/MIR	454	-	89	51971143	31672
chr3	51939471	52139471	harbor1	chr3	52007021	52007172	SINE/MIR	399	-	76	52007097	67626
chr3	51939471	52139471	harbor1	chr3	52017290	52017510	SINE/MIR	456	-	110	52017400	77929
chr3	51939471	52139471	harbor1	chr3	52031106	52031278	SINE/MIR	474	-	86	52031192	91721
chr3	51939471	52139471	harbor1	chr3	52032612	52032787	SINE/MIR	465	-	88	52032700	93229
chr3	51939531	52139531	harbor1	chr3	51971054	51971232	SINE/MIR	454	-	89	51971143	31612
chr3	51939531	52139531	harbor1	chr3	52007021	52007172	SINE/MIR	399	-	76	52007097	67566
chr3	51939531	52139531	harbor1	chr3	52017290	52017510	SINE/MIR	456	-	110	52017400	77869
chr3	51939531	52139531	harbor1	chr3	52031106	52031278	SINE/MIR	474	-	86	52031192	91661
chr3	51939531	52139531	harbor1	chr3	52032612	52032787	SINE/MIR	465	-	88	52032700	93169
chr3	11190614	11390614	harbor1	chr3	11204637	11204838	SINE/MIR	521	-	100	11204737	14123
chr3	11190614	11390614	harbor1	chr3	11261336	11261516	SINE/MIR	519	-	90	11261426	70812
chr3	11190614	11390614	harbor1	chr3	11262897	11263066	SINE/MIR	450	-	84	11262981	72367
chr3	11190614	11390614	harbor1	chr3	11280295	11280524	SINE/MIR	777	-	114	11280409	89795
chr3	11190614	11390614	harbor1	chr3	11283356	11283610	SINE/MIR	574	-	127	11283483	92869
chr3	11190614	11390614	harbor1	chr3	11206553	11206763	SINE/MIR	497	-	105	11206658	16044
chr3	107991344	108191344	harbor1	chr3	107991597	107991715	SINE/MIR	441	-	59	107991656	312
chr3	107991344	108191344	harbor1	chr3	108001756	108001881	SINE/MIR	446	-	62	108001818	10474
chr3	107991344	108191344	harbor1	chr3	108038306	108038477	SINE/MIR	431	-	86	108038392	47048
chr3	107991344	108191344	harbor1	chr3	108078887	108079022	SINE/MIR	406	-	68	108078955	87611
chr3	4697391	4897391	harbor1	chr3	4702393	4702569	SINE/MIR	508	-	88	4702481	5090
chr3	4697391	4897391	harbor1	chr3	4714976	4715216	SINE/MIR	553	-	120	4715096	17705
chr3	4697391	4897391	harbor1	chr3	4733577	4733722	SINE/MIR	455	-	72	4733649	36258
chr3	4697391	4897391	harbor1	chr3	4747197	4747377	SINE/MIR	399	-	90	4747287	49896
chr3	4697391	4897391	harbor1	chr3	4748109	4748225	SINE/MIR	423	-	58	4748167	50776
chr3	4697391	4897391	harbor1	chr3	4756906	4757169	SINE/MIR	478	-	132	4757038	59647
chr3	4697391	4897391	harbor1	chr3	4762293	4762518	SINE/MIR	588	-	112	4762405	65014
chr3	4697391	4897391	harbor1	chr3	4767810	4768024	SINE/MIR	741	-	107	4767917	70526
chr3	4697391	4897391	harbor1	chr3	4785130	4785276	SINE/MIR	400	-	73	4785203	87812
chr3	4697391	4897391	harbor1	chr3	4795427	4795597	SINE/MIR	491	-	85	4795512	98121
chr3	107991369	108191369	harbor1	chr3	107991597	107991715	SINE/MIR	441	-	59	107991656	287
chr3	107991369	108191369	harbor1	chr3	108001756	108001881	SINE/MIR	446	-	62	108001818	10449
chr3	107991369	108191369	harbor1	chr3	108038306	108038477	SINE/MIR	431	-	86	108038392	47023
chr3	107991369	108191369	harbor1	chr3	108078887	108079022	SINE/MIR	406	-	68	108078955	87586
chr3	127490205	127690205	harbor1	chr3	127490255	127490401	SINE/MIR	550	-	73	127490328	123
chr3	127490205	127690205	harbor1	chr3	127492258	127492490	SINE/MIR	490	-	116	127492374	2169
chr3	127490205	127690205	harbor1	chr3	127537880	127538047	SINE/MIR	627	-	84	127537964	47759
chr3	127490205	127690205	harbor1	chr3	127562135	127562292	SINE/MIR	424	-	78	127562213	72008
chr3	127490205	127690205	harbor1	chr3	127567317	127567478	SINE/MIR	388	-	80	127567397	77192
chr3	51884539	52084539	harbor1	chr3	51971054	51971232	SINE/MIR	454	-	89	51971143	86604
chr3	140272103	140472103	harbor1	chr3	140287661	140287850	SINE/MIR	563	-	94	140287755	15652
chr3	140272103	140472103	harbor1	chr3	140289107	140289311	SINE/MIR	869	-	102	140289209	17106
chr3	140272103	140472103	harbor1	chr3	140311608	140311833	SINE/MIR	666	-	112	140311720	39617
chr3	140272103	140472103	harbor1	chr3	140318001	140318169	SINE/MIR	414	-	84	140318085	45982
chr3	140272103	140472103	harbor1	chr3	140337821	140338035	SINE/MIR	476	-	107	140337928	65825
chr3	50169327	50369327	harbor1	chr3	50219189	50219351	SINE/MIR	462	-	81	50219270	49943
chr3	50169327	50369327	harbor1	chr3	50232351	50232601	SINE/MIR	586	-	125	50232476	63149
chr3	143020785	143220785	harbor1	chr3	143092925	143093134	SINE/MIR	672	-	104	143093029	72244
chr3	107991302	108191302	harbor1	chr3	107991597	107991715	SINE/MIR	441	-	59	107991656	354
chr3	107991302	108191302	harbor1	chr3	108001756	108001881	SINE/MIR	446	-	62	108001818	10516
chr3	107991302	108191302	harbor1	chr3	108038306	108038477	SINE/MIR	431	-	86	108038392	47090
chr3	107991302	108191302	harbor1	chr3	108078887	108079022	SINE/MIR	406	-	68	108078955	87653
chr3	197859562	198059562	harbor1	chr3	197926497	197926548	SINE/MIR	428	-	26	197926523	66961
chr3	197859562	198059562	harbor1	chr3	197926951	197927048	SINE/MIR	428	-	48	197926999	67437
chr3	197859562	198059562	harbor1	chr3	197934525	197934655	SINE/MIR	473	-	65	197934590	75028
chr3	107991335	108191335	harbor1	chr3	107991597	107991715	SINE/MIR	441	-	59	107991656	321
chr3	107991335	108191335	harbor1	chr3	108001756	108001881	SINE/MIR	446	-	62	108001818	10483
chr3	107991335	108191335	harbor1	chr3	108038306	108038477	SINE/MIR	431	-	86	108038392	47057
chr3	107991335	108191335	harbor1	chr3	108078887	108079022	SINE/MIR	406	-	68	108078955	87620
chr3	7485739	7685739	harbor1	chr3	7489339	7489518	SINE/MIR	424	-	90	7489429	3690
chr3	7485739	7685739	harbor1	chr3	7499495	7499698	SINE/MIR	455	-	102	7499597	13858
chr3	7485739	7685739	harbor1	chr3	7501108	7501223	SINE/MIR	409	-	58	7501166	15427
chr3	7485739	7685739	harbor1	chr3	7501420	7501646	SINE/MIR	455	-	113	7501533	15794
chr3	7485739	7685739	harbor1	chr3	7518953	7519151	SINE/MIR	505	-	99	7519052	33313
chr3	7485739	7685739	harbor1	chr3	7534318	7534519	SINE/MIR	652	-	100	7534418	48679
chr3	7485739	7685739	harbor1	chr3	7564224	7564441	SINE/MIR	561	-	108	7564332	78593
chr3	43898752	44098752	harbor1	chr3	43902060	43902222	SINE/MIR	469	-	81	43902141	3389
chr3	43898752	44098752	harbor1	chr3	43905901	43905985	SINE/MIR	384	-	42	43905943	7191
chr3	43898752	44098752	harbor1	chr3	43960808	43961036	SINE/MIR	390	-	114	43960922	62170
chr3	43898752	44098752	harbor1	chr3	43965127	43965253	SINE/MIR	421	-	63	43965190	66438
chr3	126256980	126456980	harbor1	chr3	126285354	126285562	SINE/MIR	658	-	104	126285458	28478
chr3	126256980	126456980	harbor1	chr3	126337687	126337829	SINE/MIR	531	-	71	126337758	80778
chr3	184086431	184286431	harbor1	chr3	184133154	184133383	SINE/MIR	874	-	114	184133268	46837
chr3	184086431	184286431	harbor1	chr3	184141002	184141190	SINE/MIR	480	-	94	184141096	54665
chr3	184086431	184286431	harbor1	chr3	184145896	184146040	SINE/MIR	544	-	72	184145968	59537
chr3	184086431	184286431	harbor1	chr3	184157938	184158053	SINE/MIR	855	-	58	184157996	71565
chr3	184086431	184286431	harbor1	chr3	184158354	184158467	SINE/MIR	855	-	56	184158410	71979
chr3	184086431	184286431	harbor1	chr3	184167350	184167571	SINE/MIR	649	-	110	184167460	81029
chr3	51939509	52139509	harbor1	chr3	51971054	51971232	SINE/MIR	454	-	89	51971143	31634
chr3	51939509	52139509	harbor1	chr3	52007021	52007172	SINE/MIR	399	-	76	52007097	67588
chr3	51939509	52139509	harbor1	chr3	52017290	52017510	SINE/MIR	456	-	110	52017400	77891
chr3	51939509	52139509	harbor1	chr3	52031106	52031278	SINE/MIR	474	-	86	52031192	91683
chr3	51939509	52139509	harbor1	chr3	52032612	52032787	SINE/MIR	465	-	88	52032700	93191
chr3	107991385	108191385	harbor1	chr3	107991597	107991715	SINE/MIR	441	-	59	107991656	271
chr3	107991385	108191385	harbor1	chr3	108001756	108001881	SINE/MIR	446	-	62	108001818	10433
chr3	107991385	108191385	harbor1	chr3	108038306	108038477	SINE/MIR	431	-	86	108038392	47007
chr3	107991385	108191385	harbor1	chr3	108078887	108079022	SINE/MIR	406	-	68	108078955	87570
chr3	184086603	184286603	harbor1	chr3	184133154	184133383	SINE/MIR	874	-	114	184133268	46665
chr3	184086603	184286603	harbor1	chr3	184141002	184141190	SINE/MIR	480	-	94	184141096	54493
chr3	184086603	184286603	harbor1	chr3	184145896	184146040	SINE/MIR	544	-	72	184145968	59365
chr3	184086603	184286603	harbor1	chr3	184157938	184158053	SINE/MIR	855	-	58	184157996	71393
chr3	184086603	184286603	harbor1	chr3	184158354	184158467	SINE/MIR	855	-	56	184158410	71807
chr3	184086603	184286603	harbor1	chr3	184167350	184167571	SINE/MIR	649	-	110	184167460	80857
chr3	49829599	50029599	harbor1	chr3	49841572	49841747	SINE/MIR	597	-	88	49841660	12061
chr3	49829599	50029599	harbor1	chr3	49880398	49880615	SINE/MIR	517	-	108	49880506	50907
chr3	49829599	50029599	harbor1	chr3	49888743	49888852	SINE/MIR	441	-	54	49888797	59198
chr3	49829599	50029599	harbor1	chr3	49894651	49894777	SINE/MIR	537	-	63	49894714	65115
chr3	49829599	50029599	harbor1	chr3	49911325	49911431	SINE/MIR	402	-	53	49911378	81779
chr3	49829599	50029599	harbor1	chr3	49915040	49915229	SINE/MIR	463	-	94	49915134	85535
chr3	51939455	52139455	harbor1	chr3	51971054	51971232	SINE/MIR	454	-	89	51971143	31688
chr3	51939455	52139455	harbor1	chr3	52007021	52007172	SINE/MIR	399	-	76	52007097	67642
chr3	51939455	52139455	harbor1	chr3	52017290	52017510	SINE/MIR	456	-	110	52017400	77945
chr3	51939455	52139455	harbor1	chr3	52031106	52031278	SINE/MIR	474	-	86	52031192	91737
chr3	51939455	52139455	harbor1	chr3	52032612	52032787	SINE/MIR	465	-	88	52032700	93245
chr3	127572813	127772813	harbor1	chr3	127591295	127591461	SINE/MIR	468	-	83	127591378	18565
chr3	127572813	127772813	harbor1	chr3	127607998	127608145	SINE/MIR	391	-	74	127608072	35259
chr3	127572813	127772813	harbor1	chr3	127613384	127613599	SINE/MIR	462	-	108	127613492	40679
chr3	127572813	127772813	harbor1	chr3	127639724	127639961	SINE/MIR	458	-	118	127639842	67029
chr3	127572813	127772813	harbor1	chr3	127646089	127646314	SINE/MIR	584	-	112	127646201	73388
chr3	127572813	127772813	harbor1	chr3	127646701	127646861	SINE/MIR	532	-	80	127646781	73968
chr3	127572813	127772813	harbor1	chr3	127647989	127648213	SINE/MIR	439	-	112	127648101	75288
chr3	127572813	127772813	harbor1	chr3	127655465	127655644	SINE/MIR	578	-	90	127655555	82742
chr3	127572813	127772813	harbor1	chr3	127670137	127670345	SINE/MIR	502	-	104	127670241	97428
chr3	183820276	184020276	harbor1	chr3	183829896	183830092	SINE/MIR	399	-	98	183829994	9718
chr3	183820276	184020276	harbor1	chr3	183838548	183838755	SINE/MIR	524	-	104	183838652	18376
chr3	183820276	184020276	harbor1	chr3	183904977	183905086	SINE/MIR	458	-	54	183905031	84755
chr3	183820276	184020276	harbor1	chr3	183908917	183909157	SINE/MIR	433	-	120	183909037	88761
chr3	107991358	108191358	harbor1	chr3	107991597	107991715	SINE/MIR	441	-	59	107991656	298
chr3	107991358	108191358	harbor1	chr3	108001756	108001881	SINE/MIR	446	-	62	108001818	10460
chr3	107991358	108191358	harbor1	chr3	108038306	108038477	SINE/MIR	431	-	86	108038392	47034
chr3	107991358	108191358	harbor1	chr3	108078887	108079022	SINE/MIR	406	-	68	108078955	87597
chr3	156989221	157189221	harbor1	chr3	156999811	156999962	SINE/MIR	392	-	76	156999887	10666
chr3	156989221	157189221	harbor1	chr3	157029344	157029470	SINE/MIR	423	-	63	157029407	40186
chr3	156989221	157189221	harbor1	chr3	157047220	157047392	SINE/MIR	516	-	86	157047306	58085
chr3	156989221	157189221	harbor1	chr3	157056211	157056401	SINE/MIR	502	-	95	157056306	67085
chr3	107991326	108191326	harbor1	chr3	107991597	107991715	SINE/MIR	441	-	59	107991656	330
chr3	107991326	108191326	harbor1	chr3	108001756	108001881	SINE/MIR	446	-	62	108001818	10492
chr3	107991326	108191326	harbor1	chr3	108038306	108038477	SINE/MIR	431	-	86	108038392	47066
chr3	107991326	108191326	harbor1	chr3	108078887	108079022	SINE/MIR	406	-	68	108078955	87629
chr3	126257099	126457099	harbor1	chr3	126285354	126285562	SINE/MIR	658	-	104	126285458	28359
chr3	126257099	126457099	harbor1	chr3	126337687	126337829	SINE/MIR	531	-	71	126337758	80659
chr3	107991288	108191288	harbor1	chr3	107991597	107991715	SINE/MIR	441	-	59	107991656	368
chr3	107991288	108191288	harbor1	chr3	108001756	108001881	SINE/MIR	446	-	62	108001818	10530
chr3	107991288	108191288	harbor1	chr3	108038306	108038477	SINE/MIR	431	-	86	108038392	47104
chr3	107991288	108191288	harbor1	chr3	108078887	108079022	SINE/MIR	406	-	68	108078955	87667
chr3	107991382	108191382	harbor1	chr3	107991597	107991715	SINE/MIR	441	-	59	107991656	274
chr3	107991382	108191382	harbor1	chr3	108001756	108001881	SINE/MIR	446	-	62	108001818	10436
chr3	107991382	108191382	harbor1	chr3	108038306	108038477	SINE/MIR	431	-	86	108038392	47010
chr3	107991382	108191382	harbor1	chr3	108078887	108079022	SINE/MIR	406	-	68	108078955	87573
chr3	107991314	108191314	harbor1	chr3	107991597	107991715	SINE/MIR	441	-	59	107991656	342
chr3	107991314	108191314	harbor1	chr3	108001756	108001881	SINE/MIR	446	-	62	108001818	10504
chr3	107991314	108191314	harbor1	chr3	108038306	108038477	SINE/MIR	431	-	86	108038392	47078
chr3	107991314	108191314	harbor1	chr3	108078887	108079022	SINE/MIR	406	-	68	108078955	87641
chr3	107991379	108191379	harbor1	chr3	107991597	107991715	SINE/MIR	441	-	59	107991656	277
chr3	107991379	108191379	harbor1	chr3	108001756	108001881	SINE/MIR	446	-	62	108001818	10439
chr3	107991379	108191379	harbor1	chr3	108038306	108038477	SINE/MIR	431	-	86	108038392	47013
chr3	107991379	108191379	harbor1	chr3	108078887	108079022	SINE/MIR	406	-	68	108078955	87576
chr3	23710865	23910865	harbor1	chr3	23730126	23730149	SINE/MIR	429	-	12	23730138	19273
chr3	23710865	23910865	harbor1	chr3	23730452	23730604	SINE/MIR	429	-	76	23730528	19663
chr3	23710865	23910865	harbor1	chr3	23755300	23755491	SINE/MIR	737	-	96	23755396	44531
chr3	23710865	23910865	harbor1	chr3	23760096	23760344	SINE/MIR	385	-	124	23760220	49355
chr3	23710865	23910865	harbor1	chr3	23779448	23779578	SINE/MIR	397	-	65	23779513	68648
chr3	23710865	23910865	harbor1	chr3	23790975	23791136	SINE/MIR	386	-	80	23791055	80190
chr3	23710865	23910865	harbor1	chr3	23797297	23797505	SINE/MIR	638	-	104	23797401	86536
chr3	4658451	4858451	harbor1	chr3	4658860	4659068	SINE/MIR	632	-	104	4658964	513
chr3	4658451	4858451	harbor1	chr3	4686002	4686174	SINE/MIR	397	-	86	4686088	27637
chr3	4658451	4858451	harbor1	chr3	4687317	4687528	SINE/MIR	660	-	106	4687423	28972
chr3	4658451	4858451	harbor1	chr3	4692337	4692505	SINE/MIR	495	-	84	4692421	33970
chr3	4658451	4858451	harbor1	chr3	4702393	4702569	SINE/MIR	508	-	88	4702481	44030
chr3	4658451	4858451	harbor1	chr3	4714976	4715216	SINE/MIR	553	-	120	4715096	56645
chr3	4658451	4858451	harbor1	chr3	4733577	4733722	SINE/MIR	455	-	72	4733649	75198
chr3	4658451	4858451	harbor1	chr3	4747197	4747377	SINE/MIR	399	-	90	4747287	88836
chr3	4658451	4858451	harbor1	chr3	4748109	4748225	SINE/MIR	423	-	58	4748167	89716
chr3	4658451	4858451	harbor1	chr3	4756906	4757169	SINE/MIR	478	-	132	4757038	98587
chr3	107991341	108191341	harbor1	chr3	107991597	107991715	SINE/MIR	441	-	59	107991656	315
chr3	107991341	108191341	harbor1	chr3	108001756	108001881	SINE/MIR	446	-	62	108001818	10477
chr3	107991341	108191341	harbor1	chr3	108038306	108038477	SINE/MIR	431	-	86	108038392	47051
chr3	107991341	108191341	harbor1	chr3	108078887	108079022	SINE/MIR	406	-	68	108078955	87614
chr3	107991400	108191400	harbor1	chr3	107991597	107991715	SINE/MIR	441	-	59	107991656	256
chr3	107991400	108191400	harbor1	chr3	108001756	108001881	SINE/MIR	446	-	62	108001818	10418
chr3	107991400	108191400	harbor1	chr3	108038306	108038477	SINE/MIR	431	-	86	108038392	46992
chr3	107991400	108191400	harbor1	chr3	108078887	108079022	SINE/MIR	406	-	68	108078955	87555
chr3	4725656	4925656	harbor1	chr3	4733577	4733722	SINE/MIR	455	-	72	4733649	7993
chr3	4725656	4925656	harbor1	chr3	4747197	4747377	SINE/MIR	399	-	90	4747287	21631
chr3	4725656	4925656	harbor1	chr3	4748109	4748225	SINE/MIR	423	-	58	4748167	22511
chr3	4725656	4925656	harbor1	chr3	4756906	4757169	SINE/MIR	478	-	132	4757038	31382
chr3	4725656	4925656	harbor1	chr3	4762293	4762518	SINE/MIR	588	-	112	4762405	36749
chr3	4725656	4925656	harbor1	chr3	4767810	4768024	SINE/MIR	741	-	107	4767917	42261
chr3	4725656	4925656	harbor1	chr3	4785130	4785276	SINE/MIR	400	-	73	4785203	59547
chr3	4725656	4925656	harbor1	chr3	4795427	4795597	SINE/MIR	491	-	85	4795512	69856
chr3	4725656	4925656	harbor1	chr3	4808192	4808378	SINE/MIR	548	-	93	4808285	82629
chr3	4725656	4925656	harbor1	chr3	4810044	4810192	SINE/MIR	517	-	74	4810118	84462
chr3	4725656	4925656	harbor1	chr3	4810600	4810828	SINE/MIR	587	-	114	4810714	85058
chr3	4725656	4925656	harbor1	chr3	4817733	4817913	SINE/MIR	419	-	90	4817823	92167
chr3	4725656	4925656	harbor1	chr3	4819873	4819987	SINE/MIR	390	-	57	4819930	94274
chr3	4725656	4925656	harbor1	chr3	4824257	4824461	SINE/MIR	651	-	102	4824359	98703
chr3	129021178	129221178	harbor1	chr3	129056006	129056225	SINE/MIR	738	-	110	129056116	34938
chr3	129021178	129221178	harbor1	chr3	129078390	129078567	SINE/MIR	386	-	88	129078478	57300
chr3	129021178	129221178	harbor1	chr3	129117256	129117408	SINE/MIR	486	-	76	129117332	96154
chr3	107991325	108191325	harbor1	chr3	107991597	107991715	SINE/MIR	441	-	59	107991656	331
chr3	107991325	108191325	harbor1	chr3	108001756	108001881	SINE/MIR	446	-	62	108001818	10493
chr3	107991325	108191325	harbor1	chr3	108038306	108038477	SINE/MIR	431	-	86	108038392	47067
chr3	107991325	108191325	harbor1	chr3	108078887	108079022	SINE/MIR	406	-	68	108078955	87630
chr3	47534446	47734446	harbor1	chr3	47599428	47599643	SINE/MIR	759	-	108	47599536	65090
chr3	47534446	47734446	harbor1	chr3	47600494	47600642	SINE/MIR	545	-	74	47600568	66122
chr3	184216377	184416377	harbor1	chr3	184232205	184232378	SINE/MIR	480	-	86	184232291	15914
chr3	184216377	184416377	harbor1	chr3	184257247	184257356	SINE/MIR	464	-	54	184257301	40924
chr3	184216377	184416377	harbor1	chr3	184272495	184272688	SINE/MIR	653	-	96	184272591	56214
chr3	184216377	184416377	harbor1	chr3	184273456	184273542	SINE/MIR	488	-	43	184273499	57122
chr3	184216377	184416377	harbor1	chr3	184273846	184273890	SINE/MIR	488	-	22	184273868	57491
chr3	184216377	184416377	harbor1	chr3	184295569	184295783	SINE/MIR	415	-	107	184295676	79299
chr3	52830611	53030611	harbor1	chr3	52876116	52876290	SINE/MIR	504	-	87	52876203	45592
chr3	52830611	53030611	harbor1	chr3	52928499	52928567	SINE/MIR	564	-	34	52928533	97922
chr3	52830611	53030611	harbor1	chr3	52928673	52928695	SINE/MIR	564	-	11	52928684	98073
chr3	52830611	53030611	harbor1	chr3	52929005	52929135	SINE/MIR	564	-	65	52929070	98459
chr3	128328776	128528776	harbor1	chr3	128373083	128373219	SINE/MIR	419	-	68	128373151	44375
chr3	128328776	128528776	harbor1	chr3	128374686	128374938	SINE/MIR	876	-	126	128374812	46036
chr3	128328776	128528776	harbor1	chr3	128383373	128383612	SINE/MIR	611	-	120	128383493	54717
chr3	128328776	128528776	harbor1	chr3	128425990	128426184	SINE/MIR	491	-	97	128426087	97311
chr3	128328776	128528776	harbor1	chr3	128427147	128427264	SINE/MIR	414	-	58	128427205	98429
chr3	123544722	123744722	harbor1	chr3	123547795	123548037	SINE/MIR	785	-	121	123547916	3194
chr3	123544722	123744722	harbor1	chr3	123562548	123562768	SINE/MIR	772	-	110	123562658	17936
chr3	123544722	123744722	harbor1	chr3	123568761	123568943	SINE/MIR	478	-	91	123568852	24130
chr3	123544722	123744722	harbor1	chr3	123584061	123584198	SINE/MIR	672	-	68	123584129	39407
chr3	123544722	123744722	harbor1	chr3	123626188	123626365	SINE/MIR	579	-	88	123626276	81554
chr3	123544722	123744722	harbor1	chr3	123630378	123630610	SINE/MIR	787	-	116	123630494	85772
chr3	123544722	123744722	harbor1	chr3	123638524	123638750	SINE/MIR	404	-	113	123638637	93915
chr3	123544722	123744722	harbor1	chr3	123639982	123640204	SINE/MIR	682	-	111	123640093	95371
chr3	50488218	50688218	harbor1	chr3	50513622	50513766	SINE/MIR	406	-	72	50513694	25476
chr3	50488218	50688218	harbor1	chr3	50531986	50532140	SINE/MIR	486	-	77	50532063	43845
chr3	50488218	50688218	harbor1	chr3	50548678	50548806	SINE/MIR	411	-	64	50548742	60524
chr3	51939482	52139482	harbor1	chr3	51971054	51971232	SINE/MIR	454	-	89	51971143	31661
chr3	51939482	52139482	harbor1	chr3	52007021	52007172	SINE/MIR	399	-	76	52007097	67615
chr3	51939482	52139482	harbor1	chr3	52017290	52017510	SINE/MIR	456	-	110	52017400	77918
chr3	51939482	52139482	harbor1	chr3	52031106	52031278	SINE/MIR	474	-	86	52031192	91710
chr3	51939482	52139482	harbor1	chr3	52032612	52032787	SINE/MIR	465	-	88	52032700	93218
chr3	50401005	50601005	harbor1	chr3	50408031	50408194	SINE/MIR	405	-	82	50408113	7108
chr3	50401005	50601005	harbor1	chr3	50456015	50456192	SINE/MIR	499	-	88	50456103	55098
chr3	50401005	50601005	harbor1	chr3	50478499	50478710	SINE/MIR	505	-	106	50478605	77600
chr3	107991338	108191338	harbor1	chr3	107991597	107991715	SINE/MIR	441	-	59	107991656	318
chr3	107991338	108191338	harbor1	chr3	108001756	108001881	SINE/MIR	446	-	62	108001818	10480
chr3	107991338	108191338	harbor1	chr3	108038306	108038477	SINE/MIR	431	-	86	108038392	47054
chr3	107991338	108191338	harbor1	chr3	108078887	108079022	SINE/MIR	406	-	68	108078955	87617
chr3	107990780	108190780	harbor1	chr3	107991597	107991715	SINE/MIR	441	-	59	107991656	876
chr3	107990780	108190780	harbor1	chr3	108001756	108001881	SINE/MIR	446	-	62	108001818	11038
chr3	107990780	108190780	harbor1	chr3	108038306	108038477	SINE/MIR	431	-	86	108038392	47612
chr3	107990780	108190780	harbor1	chr3	108078887	108079022	SINE/MIR	406	-	68	108078955	88175
chr3	107991316	108191316	harbor1	chr3	107991597	107991715	SINE/MIR	441	-	59	107991656	340
chr3	107991316	108191316	harbor1	chr3	108001756	108001881	SINE/MIR	446	-	62	108001818	10502
chr3	107991316	108191316	harbor1	chr3	108038306	108038477	SINE/MIR	431	-	86	108038392	47076
chr3	107991316	108191316	harbor1	chr3	108078887	108079022	SINE/MIR	406	-	68	108078955	87639
chr3	123544636	123744636	harbor1	chr3	123547795	123548037	SINE/MIR	785	-	121	123547916	3280
chr3	123544636	123744636	harbor1	chr3	123562548	123562768	SINE/MIR	772	-	110	123562658	18022
chr3	123544636	123744636	harbor1	chr3	123568761	123568943	SINE/MIR	478	-	91	123568852	24216
chr3	123544636	123744636	harbor1	chr3	123584061	123584198	SINE/MIR	672	-	68	123584129	39493
chr3	123544636	123744636	harbor1	chr3	123626188	123626365	SINE/MIR	579	-	88	123626276	81640
chr3	123544636	123744636	harbor1	chr3	123630378	123630610	SINE/MIR	787	-	116	123630494	85858
chr3	123544636	123744636	harbor1	chr3	123638524	123638750	SINE/MIR	404	-	113	123638637	94001
chr3	123544636	123744636	harbor1	chr3	123639982	123640204	SINE/MIR	682	-	111	123640093	95457
chr3	156575295	156775295	harbor1	chr3	156587689	156587837	SINE/MIR	564	-	74	156587763	12468
chr3	156575295	156775295	harbor1	chr3	156598010	156598244	SINE/MIR	583	-	117	156598127	22832
chr3	156575295	156775295	harbor1	chr3	156616244	156616446	SINE/MIR	393	-	101	156616345	41050
chr3	156575295	156775295	harbor1	chr3	156626578	156626702	SINE/MIR	385	-	62	156626640	51345
chr3	156575295	156775295	harbor1	chr3	156659953	156660131	SINE/MIR	500	-	89	156660042	84747
chr3	107991343	108191343	harbor1	chr3	107991597	107991715	SINE/MIR	441	-	59	107991656	313
chr3	107991343	108191343	harbor1	chr3	108001756	108001881	SINE/MIR	446	-	62	108001818	10475
chr3	107991343	108191343	harbor1	chr3	108038306	108038477	SINE/MIR	431	-	86	108038392	47049
chr3	107991343	108191343	harbor1	chr3	108078887	108079022	SINE/MIR	406	-	68	108078955	87612
chr3	126928935	127128935	harbor1	chr3	126937097	126937242	SINE/MIR	412	-	72	126937169	8234
chr3	126928935	127128935	harbor1	chr3	126939014	126939171	SINE/MIR	406	-	78	126939092	10157
chr3	126928935	127128935	harbor1	chr3	126965468	126965723	SINE/MIR	850	-	128	126965596	36661
chr3	126928935	127128935	harbor1	chr3	126990133	126990282	SINE/MIR	393	-	74	126990207	61272
chr3	126928935	127128935	harbor1	chr3	127019961	127020135	SINE/MIR	439	-	87	127020048	91113
chr3	156989282	157189282	harbor1	chr3	156999811	156999962	SINE/MIR	392	-	76	156999887	10605
chr3	156989282	157189282	harbor1	chr3	157029344	157029470	SINE/MIR	423	-	63	157029407	40125
chr3	156989282	157189282	harbor1	chr3	157047220	157047392	SINE/MIR	516	-	86	157047306	58024
chr3	156989282	157189282	harbor1	chr3	157056211	157056401	SINE/MIR	502	-	95	157056306	67024
chr3	107991392	108191392	harbor1	chr3	107991597	107991715	SINE/MIR	441	-	59	107991656	264
chr3	107991392	108191392	harbor1	chr3	108001756	108001881	SINE/MIR	446	-	62	108001818	10426
chr3	107991392	108191392	harbor1	chr3	108038306	108038477	SINE/MIR	431	-	86	108038392	47000
chr3	107991392	108191392	harbor1	chr3	108078887	108079022	SINE/MIR	406	-	68	108078955	87563
chr3	128328718	128528718	harbor1	chr3	128373083	128373219	SINE/MIR	419	-	68	128373151	44433
chr3	128328718	128528718	harbor1	chr3	128374686	128374938	SINE/MIR	876	-	126	128374812	46094
chr3	128328718	128528718	harbor1	chr3	128383373	128383612	SINE/MIR	611	-	120	128383493	54775
chr3	128328718	128528718	harbor1	chr3	128425990	128426184	SINE/MIR	491	-	97	128426087	97369
chr3	128328718	128528718	harbor1	chr3	128427147	128427264	SINE/MIR	414	-	58	128427205	98487
chr3	193971532	194171532	harbor1	chr3	193973091	193973289	SINE/MIR	404	-	99	193973190	1658
chr3	193971532	194171532	harbor1	chr3	193981873	193982090	SINE/MIR	409	-	108	193981981	10449
chr3	193971532	194171532	harbor1	chr3	193983156	193983338	SINE/MIR	449	-	91	193983247	11715
chr3	193971532	194171532	harbor1	chr3	194029771	194030003	SINE/MIR	695	-	116	194029887	58355
chr3	193971532	194171532	harbor1	chr3	194036735	194036955	SINE/MIR	855	-	110	194036845	65313
chr3	193971532	194171532	harbor1	chr3	194055856	194056074	SINE/MIR	933	-	109	194055965	84433
chr3	193971532	194171532	harbor1	chr3	194069879	194069977	SINE/MIR	456	-	49	194069928	98396
chr3	49355052	49555052	harbor1	chr3	49386405	49386584	SINE/MIR	384	-	90	49386495	31443
chr3	49355052	49555052	harbor1	chr3	49405526	49405672	SINE/MIR	393	-	73	49405599	50547
chr3	47681953	47881953	harbor1	chr3	47712526	47712741	SINE/MIR	563	-	108	47712634	30681
chr3	107991320	108191320	harbor1	chr3	107991597	107991715	SINE/MIR	441	-	59	107991656	336
chr3	107991320	108191320	harbor1	chr3	108001756	108001881	SINE/MIR	446	-	62	108001818	10498
chr3	107991320	108191320	harbor1	chr3	108038306	108038477	SINE/MIR	431	-	86	108038392	47072
chr3	107991320	108191320	harbor1	chr3	108078887	108079022	SINE/MIR	406	-	68	108078955	87635
chr3	107991374	108191374	harbor1	chr3	107991597	107991715	SINE/MIR	441	-	59	107991656	282
chr3	107991374	108191374	harbor1	chr3	108001756	108001881	SINE/MIR	446	-	62	108001818	10444
chr3	107991374	108191374	harbor1	chr3	108038306	108038477	SINE/MIR	431	-	86	108038392	47018
chr3	107991374	108191374	harbor1	chr3	108078887	108079022	SINE/MIR	406	-	68	108078955	87581
chr3	51938202	52138202	harbor1	chr3	51971054	51971232	SINE/MIR	454	-	89	51971143	32941
chr3	51938202	52138202	harbor1	chr3	52007021	52007172	SINE/MIR	399	-	76	52007097	68895
chr3	51938202	52138202	harbor1	chr3	52017290	52017510	SINE/MIR	456	-	110	52017400	79198
chr3	51938202	52138202	harbor1	chr3	52031106	52031278	SINE/MIR	474	-	86	52031192	92990
chr3	51938202	52138202	harbor1	chr3	52032612	52032787	SINE/MIR	465	-	88	52032700	94498
chr3	127490203	127690203	harbor1	chr3	127490255	127490401	SINE/MIR	550	-	73	127490328	125
chr3	127490203	127690203	harbor1	chr3	127492258	127492490	SINE/MIR	490	-	116	127492374	2171
chr3	127490203	127690203	harbor1	chr3	127537880	127538047	SINE/MIR	627	-	84	127537964	47761
chr3	127490203	127690203	harbor1	chr3	127562135	127562292	SINE/MIR	424	-	78	127562213	72010
chr3	127490203	127690203	harbor1	chr3	127567317	127567478	SINE/MIR	388	-	80	127567397	77194
chr3	12958856	13158856	harbor1	chr3	12961744	12961990	SINE/MIR	773	-	123	12961867	3011
chr3	12958856	13158856	harbor1	chr3	12963520	12963753	SINE/MIR	450	-	116	12963636	4780
chr3	12958856	13158856	harbor1	chr3	12972608	12972713	SINE/MIR	394	-	52	12972660	13804
chr3	12958856	13158856	harbor1	chr3	12975428	12975623	SINE/MIR	554	-	98	12975526	16670
chr3	12958856	13158856	harbor1	chr3	12975628	12975862	SINE/MIR	624	-	117	12975745	16889
chr3	12958856	13158856	harbor1	chr3	12978077	12978287	SINE/MIR	491	-	105	12978182	19326
chr3	12958856	13158856	harbor1	chr3	12980097	12980278	SINE/MIR	491	-	90	12980187	21331
chr3	12958856	13158856	harbor1	chr3	12988896	12989057	SINE/MIR	393	-	80	12988976	30120
chr3	12958856	13158856	harbor1	chr3	12989426	12989570	SINE/MIR	555	-	72	12989498	30642
chr3	12958856	13158856	harbor1	chr3	12995433	12995580	SINE/MIR	476	-	74	12995507	36651
chr3	12958856	13158856	harbor1	chr3	13000778	13000942	SINE/MIR	508	-	82	13000860	42004
chr3	12958856	13158856	harbor1	chr3	13011360	13011570	SINE/MIR	465	-	105	13011465	52609
chr3	12958856	13158856	harbor1	chr3	13018822	13018948	SINE/MIR	393	-	63	13018885	60029
chr3	12958856	13158856	harbor1	chr3	13021409	13021619	SINE/MIR	490	-	105	13021514	62658
chr3	12958856	13158856	harbor1	chr3	13022939	13023157	SINE/MIR	619	-	109	13023048	64192
chr3	12958856	13158856	harbor1	chr3	13029205	13029447	SINE/MIR	604	-	121	13029326	70470
chr3	12958856	13158856	harbor1	chr3	13056464	13056636	SINE/MIR	509	-	86	13056550	97694
chr3	12958856	13158856	harbor1	chr3	13058386	13058545	SINE/MIR	402	-	80	13058466	99610
chr3	12958856	13158856	harbor1	chr3	13008832	13009046	SINE/MIR	513	-	107	13008939	50083
chr3	128328598	128528598	harbor1	chr3	128373083	128373219	SINE/MIR	419	-	68	128373151	44553
chr3	128328598	128528598	harbor1	chr3	128374686	128374938	SINE/MIR	876	-	126	128374812	46214
chr3	128328598	128528598	harbor1	chr3	128383373	128383612	SINE/MIR	611	-	120	128383493	54895
chr3	128328598	128528598	harbor1	chr3	128425990	128426184	SINE/MIR	491	-	97	128426087	97489
chr3	128328598	128528598	harbor1	chr3	128427147	128427264	SINE/MIR	414	-	58	128427205	98607
chr3	11468975	11668975	harbor1	chr3	11473303	11473541	SINE/MIR	453	-	119	11473422	4447
chr3	11468975	11668975	harbor1	chr3	11514075	11514293	SINE/MIR	584	-	109	11514184	45209
chr3	11468975	11668975	harbor1	chr3	11520127	11520259	SINE/MIR	490	-	66	11520193	51218
chr3	11468975	11668975	harbor1	chr3	11521974	11522145	SINE/MIR	576	-	86	11522060	53085
chr3	11468975	11668975	harbor1	chr3	11531893	11531985	SINE/MIR	446	-	46	11531939	62964
chr3	11468975	11668975	harbor1	chr3	11539166	11539382	SINE/MIR	995	-	108	11539274	70299
chr3	196083882	196283882	harbor1	chr3	196091793	196092076	SINE/MIR	523	-	142	196091935	8053
chr3	196083882	196283882	harbor1	chr3	196093948	196094156	SINE/MIR	509	-	104	196094052	10170
chr3	196083882	196283882	harbor1	chr3	196121901	196122092	SINE/MIR	682	-	96	196121997	38115
chr3	196083882	196283882	harbor1	chr3	196158352	196158541	SINE/MIR	493	-	94	196158446	74564
chr3	64289146	64489146	harbor1	chr3	64318098	64318325	SINE/MIR	434	-	114	64318212	29066
chr3	64289146	64489146	harbor1	chr3	64328700	64328813	SINE/MIR	399	-	56	64328756	39610
chr3	64289146	64489146	harbor1	chr3	64330710	64330915	SINE/MIR	798	-	102	64330812	41666
chr3	64289146	64489146	harbor1	chr3	64333359	64333555	SINE/MIR	711	-	98	64333457	44311
chr3	64289146	64489146	harbor1	chr3	64353696	64353879	SINE/MIR	625	-	92	64353788	64642
chr3	64289146	64489146	harbor1	chr3	64354558	64354777	SINE/MIR	930	-	110	64354668	65522
chr3	64289146	64489146	harbor1	chr3	64371038	64371224	SINE/MIR	503	-	93	64371131	81985
chr3	64289146	64489146	harbor1	chr3	64379792	64379978	SINE/MIR	433	-	93	64379885	90739
chr3	64289146	64489146	harbor1	chr3	64380956	64381187	SINE/MIR	774	-	116	64381072	91926
chr3	161005344	161205344	harbor1	chr3	161029177	161029394	SINE/MIR	456	-	108	161029285	23941
chr3	161005344	161205344	harbor1	chr3	161067531	161067763	SINE/MIR	560	-	116	161067647	62303
chr3	161005344	161205344	harbor1	chr3	161068092	161068328	SINE/MIR	617	-	118	161068210	62866
chr3	197859739	198059739	harbor1	chr3	197926497	197926548	SINE/MIR	428	-	26	197926523	66784
chr3	197859739	198059739	harbor1	chr3	197926951	197927048	SINE/MIR	428	-	48	197926999	67260
chr3	197859739	198059739	harbor1	chr3	197934525	197934655	SINE/MIR	473	-	65	197934590	74851
chr3	107991401	108191401	harbor1	chr3	107991597	107991715	SINE/MIR	441	-	59	107991656	255
chr3	107991401	108191401	harbor1	chr3	108001756	108001881	SINE/MIR	446	-	62	108001818	10417
chr3	107991401	108191401	harbor1	chr3	108038306	108038477	SINE/MIR	431	-	86	108038392	46991
chr3	107991401	108191401	harbor1	chr3	108078887	108079022	SINE/MIR	406	-	68	108078955	87554
chr3	107991291	108191291	harbor1	chr3	107991597	107991715	SINE/MIR	441	-	59	107991656	365
chr3	107991291	108191291	harbor1	chr3	108001756	108001881	SINE/MIR	446	-	62	108001818	10527
chr3	107991291	108191291	harbor1	chr3	108038306	108038477	SINE/MIR	431	-	86	108038392	47101
chr3	107991291	108191291	harbor1	chr3	108078887	108079022	SINE/MIR	406	-	68	108078955	87664
chr3	12867501	13067501	harbor1	chr3	12912316	12912495	SINE/MIR	447	-	90	12912406	44905
chr3	12867501	13067501	harbor1	chr3	12915976	12916083	SINE/MIR	384	-	54	12916030	48529
chr3	12867501	13067501	harbor1	chr3	12921502	12921727	SINE/MIR	798	-	112	12921614	54113
chr3	12867501	13067501	harbor1	chr3	12932677	12932811	SINE/MIR	436	-	67	12932744	65243
chr3	12867501	13067501	harbor1	chr3	12933478	12933714	SINE/MIR	625	-	118	12933596	66095
chr3	12867501	13067501	harbor1	chr3	12943044	12943242	SINE/MIR	475	-	99	12943143	75642
chr3	12867501	13067501	harbor1	chr3	12950101	12950267	SINE/MIR	411	-	83	12950184	82683
chr3	12867501	13067501	harbor1	chr3	12957926	12958117	SINE/MIR	482	-	96	12958022	90521
chr3	12867501	13067501	harbor1	chr3	12961744	12961990	SINE/MIR	773	-	123	12961867	94366
chr3	12867501	13067501	harbor1	chr3	12963520	12963753	SINE/MIR	450	-	116	12963636	96135
chr3	48890283	49090283	harbor1	chr3	48908317	48908419	SINE/MIR	500	-	51	48908368	18085
chr3	49770828	49970828	harbor1	chr3	49841572	49841747	SINE/MIR	597	-	88	49841660	70832
chr3	134227277	134427277	harbor1	chr3	134267479	134267707	SINE/MIR	590	-	114	134267593	40316
chr3	134227277	134427277	harbor1	chr3	134278642	134278714	SINE/MIR	560	-	36	134278678	51401
chr3	134227277	134427277	harbor1	chr3	134279096	134279278	SINE/MIR	560	-	91	134279187	51910
chr3	134227277	134427277	harbor1	chr3	134308246	134308442	SINE/MIR	594	-	98	134308344	81067
chr3	134227277	134427277	harbor1	chr3	134322581	134322795	SINE/MIR	825	-	107	134322688	95411
chr3	107991415	108191415	harbor1	chr3	107991597	107991715	SINE/MIR	441	-	59	107991656	241
chr3	107991415	108191415	harbor1	chr3	108001756	108001881	SINE/MIR	446	-	62	108001818	10403
chr3	107991415	108191415	harbor1	chr3	108038306	108038477	SINE/MIR	431	-	86	108038392	46977
chr3	107991415	108191415	harbor1	chr3	108078887	108079022	SINE/MIR	406	-	68	108078955	87540
chr3	23710941	23910941	harbor1	chr3	23730126	23730149	SINE/MIR	429	-	12	23730138	19197
chr3	23710941	23910941	harbor1	chr3	23730452	23730604	SINE/MIR	429	-	76	23730528	19587
chr3	23710941	23910941	harbor1	chr3	23755300	23755491	SINE/MIR	737	-	96	23755396	44455
chr3	23710941	23910941	harbor1	chr3	23760096	23760344	SINE/MIR	385	-	124	23760220	49279
chr3	23710941	23910941	harbor1	chr3	23779448	23779578	SINE/MIR	397	-	65	23779513	68572
chr3	23710941	23910941	harbor1	chr3	23790975	23791136	SINE/MIR	386	-	80	23791055	80114
chr3	23710941	23910941	harbor1	chr3	23797297	23797505	SINE/MIR	638	-	104	23797401	86460
chr3	107991331	108191331	harbor1	chr3	107991597	107991715	SINE/MIR	441	-	59	107991656	325
chr3	107991331	108191331	harbor1	chr3	108001756	108001881	SINE/MIR	446	-	62	108001818	10487
chr3	107991331	108191331	harbor1	chr3	108038306	108038477	SINE/MIR	431	-	86	108038392	47061
chr3	107991331	108191331	harbor1	chr3	108078887	108079022	SINE/MIR	406	-	68	108078955	87624
chr3	49829614	50029614	harbor1	chr3	49841572	49841747	SINE/MIR	597	-	88	49841660	12046
chr3	49829614	50029614	harbor1	chr3	49880398	49880615	SINE/MIR	517	-	108	49880506	50892
chr3	49829614	50029614	harbor1	chr3	49888743	49888852	SINE/MIR	441	-	54	49888797	59183
chr3	49829614	50029614	harbor1	chr3	49894651	49894777	SINE/MIR	537	-	63	49894714	65100
chr3	49829614	50029614	harbor1	chr3	49911325	49911431	SINE/MIR	402	-	53	49911378	81764
chr3	49829614	50029614	harbor1	chr3	49915040	49915229	SINE/MIR	463	-	94	49915134	85520
chr3	123544621	123744621	harbor1	chr3	123547795	123548037	SINE/MIR	785	-	121	123547916	3295
chr3	123544621	123744621	harbor1	chr3	123562548	123562768	SINE/MIR	772	-	110	123562658	18037
chr3	123544621	123744621	harbor1	chr3	123568761	123568943	SINE/MIR	478	-	91	123568852	24231
chr3	123544621	123744621	harbor1	chr3	123584061	123584198	SINE/MIR	672	-	68	123584129	39508
chr3	123544621	123744621	harbor1	chr3	123626188	123626365	SINE/MIR	579	-	88	123626276	81655
chr3	123544621	123744621	harbor1	chr3	123630378	123630610	SINE/MIR	787	-	116	123630494	85873
chr3	123544621	123744621	harbor1	chr3	123638524	123638750	SINE/MIR	404	-	113	123638637	94016
chr3	123544621	123744621	harbor1	chr3	123639982	123640204	SINE/MIR	682	-	111	123640093	95472
chr3	107991277	108191277	harbor1	chr3	107991597	107991715	SINE/MIR	441	-	59	107991656	379
chr3	107991277	108191277	harbor1	chr3	108001756	108001881	SINE/MIR	446	-	62	108001818	10541
chr3	107991277	108191277	harbor1	chr3	108038306	108038477	SINE/MIR	431	-	86	108038392	47115
chr3	107991277	108191277	harbor1	chr3	108078887	108079022	SINE/MIR	406	-	68	108078955	87678
chr3	126902408	127102408	harbor1	chr3	126908750	126908996	SINE/MIR	624	-	123	126908873	6465
chr3	126902408	127102408	harbor1	chr3	126937097	126937242	SINE/MIR	412	-	72	126937169	34761
chr3	126902408	127102408	harbor1	chr3	126939014	126939171	SINE/MIR	406	-	78	126939092	36684
chr3	126902408	127102408	harbor1	chr3	126965468	126965723	SINE/MIR	850	-	128	126965596	63188
chr3	126902408	127102408	harbor1	chr3	126990133	126990282	SINE/MIR	393	-	74	126990207	87799
chr3	107991456	108191456	harbor1	chr3	107991597	107991715	SINE/MIR	441	-	59	107991656	200
chr3	107991456	108191456	harbor1	chr3	108001756	108001881	SINE/MIR	446	-	62	108001818	10362
chr3	107991456	108191456	harbor1	chr3	108038306	108038477	SINE/MIR	431	-	86	108038392	46936
chr3	107991456	108191456	harbor1	chr3	108078887	108079022	SINE/MIR	406	-	68	108078955	87499
chr3	138334644	138534644	harbor1	chr3	138353734	138353957	SINE/MIR	622	-	112	138353846	19202
chr3	138334644	138534644	harbor1	chr3	138364337	138364510	SINE/MIR	478	-	86	138364423	29779
chr3	138334644	138534644	harbor1	chr3	138367254	138367443	SINE/MIR	441	-	94	138367348	32704
chr3	138334644	138534644	harbor1	chr3	138368370	138368523	SINE/MIR	388	-	76	138368446	33802
chr3	138334644	138534644	harbor1	chr3	138396212	138396395	SINE/MIR	445	-	92	138396304	61660
chr3	138334644	138534644	harbor1	chr3	138412643	138412857	SINE/MIR	633	-	107	138412750	78106
chr3	138334644	138534644	harbor1	chr3	138429865	138430043	SINE/MIR	421	-	89	138429954	95310
chr3	48890178	49090178	harbor1	chr3	48908317	48908419	SINE/MIR	500	-	51	48908368	18190
chr3	51939510	52139510	harbor1	chr3	51971054	51971232	SINE/MIR	454	-	89	51971143	31633
chr3	51939510	52139510	harbor1	chr3	52007021	52007172	SINE/MIR	399	-	76	52007097	67587
chr3	51939510	52139510	harbor1	chr3	52017290	52017510	SINE/MIR	456	-	110	52017400	77890
chr3	51939510	52139510	harbor1	chr3	52031106	52031278	SINE/MIR	474	-	86	52031192	91682
chr3	51939510	52139510	harbor1	chr3	52032612	52032787	SINE/MIR	465	-	88	52032700	93190
chr3	129021082	129221082	harbor1	chr3	129056006	129056225	SINE/MIR	738	-	110	129056116	35034
chr3	129021082	129221082	harbor1	chr3	129078390	129078567	SINE/MIR	386	-	88	129078478	57396
chr3	129021082	129221082	harbor1	chr3	129117256	129117408	SINE/MIR	486	-	76	129117332	96250
chr3	107991375	108191375	harbor1	chr3	107991597	107991715	SINE/MIR	441	-	59	107991656	281
chr3	107991375	108191375	harbor1	chr3	108001756	108001881	SINE/MIR	446	-	62	108001818	10443
chr3	107991375	108191375	harbor1	chr3	108038306	108038477	SINE/MIR	431	-	86	108038392	47017
chr3	107991375	108191375	harbor1	chr3	108078887	108079022	SINE/MIR	406	-	68	108078955	87580
chr3	126888030	127088030	harbor1	chr3	126901851	126902073	SINE/MIR	533	-	111	126901962	13932
chr3	126888030	127088030	harbor1	chr3	126908750	126908996	SINE/MIR	624	-	123	126908873	20843
chr3	126888030	127088030	harbor1	chr3	126937097	126937242	SINE/MIR	412	-	72	126937169	49139
chr3	126888030	127088030	harbor1	chr3	126939014	126939171	SINE/MIR	406	-	78	126939092	51062
chr3	126888030	127088030	harbor1	chr3	126965468	126965723	SINE/MIR	850	-	128	126965596	77566
chr3	124955501	125155501	harbor1	chr3	124963732	124963831	SINE/MIR	410	-	50	124963782	8281
chr3	124955501	125155501	harbor1	chr3	124997119	124997293	SINE/MIR	468	-	87	124997206	41705
chr3	124955501	125155501	harbor1	chr3	125007577	125007714	SINE/MIR	565	-	68	125007645	52144
chr3	124955501	125155501	harbor1	chr3	125039590	125039800	SINE/MIR	701	-	105	125039695	84194
chr3	124955501	125155501	harbor1	chr3	125040877	125041109	SINE/MIR	640	-	116	125040993	85492
chr3	124955501	125155501	harbor1	chr3	125044470	125044673	SINE/MIR	916	-	102	125044572	89071
chr3	124955501	125155501	harbor1	chr3	125045759	125045919	SINE/MIR	532	-	80	125045839	90338
chr3	124955501	125155501	harbor1	chr3	125045941	125046173	SINE/MIR	563	-	116	125046057	90556
chr3	124955501	125155501	harbor1	chr3	125047305	125047543	SINE/MIR	479	-	119	125047424	91923
chr3	23710436	23910436	harbor1	chr3	23730126	23730149	SINE/MIR	429	-	12	23730138	19702
chr3	23710436	23910436	harbor1	chr3	23730452	23730604	SINE/MIR	429	-	76	23730528	20092
chr3	23710436	23910436	harbor1	chr3	23755300	23755491	SINE/MIR	737	-	96	23755396	44960
chr3	23710436	23910436	harbor1	chr3	23760096	23760344	SINE/MIR	385	-	124	23760220	49784
chr3	23710436	23910436	harbor1	chr3	23779448	23779578	SINE/MIR	397	-	65	23779513	69077
chr3	23710436	23910436	harbor1	chr3	23790975	23791136	SINE/MIR	386	-	80	23791055	80619
chr3	23710436	23910436	harbor1	chr3	23797297	23797505	SINE/MIR	638	-	104	23797401	86965
chr3	107991447	108191447	harbor1	chr3	107991597	107991715	SINE/MIR	441	-	59	107991656	209
chr3	107991447	108191447	harbor1	chr3	108001756	108001881	SINE/MIR	446	-	62	108001818	10371
chr3	107991447	108191447	harbor1	chr3	108038306	108038477	SINE/MIR	431	-	86	108038392	46945
chr3	107991447	108191447	harbor1	chr3	108078887	108079022	SINE/MIR	406	-	68	108078955	87508
chr3	52123183	52323183	harbor1	chr3	52149003	52149184	SINE/MIR	463	-	90	52149093	25910
chr3	156989213	157189213	harbor1	chr3	156999811	156999962	SINE/MIR	392	-	76	156999887	10674
chr3	156989213	157189213	harbor1	chr3	157029344	157029470	SINE/MIR	423	-	63	157029407	40194
chr3	156989213	157189213	harbor1	chr3	157047220	157047392	SINE/MIR	516	-	86	157047306	58093
chr3	156989213	157189213	harbor1	chr3	157056211	157056401	SINE/MIR	502	-	95	157056306	67093
chr3	130904200	131104200	harbor1	chr3	130933386	130933603	SINE/MIR	425	-	108	130933494	29294
chr3	130904200	131104200	harbor1	chr3	130963652	130963788	SINE/MIR	498	-	68	130963720	59520
chr3	130904200	131104200	harbor1	chr3	130984090	130984214	SINE/MIR	420	-	62	130984152	79952
chr3	184085733	184285733	harbor1	chr3	184133154	184133383	SINE/MIR	874	-	114	184133268	47535
chr3	184085733	184285733	harbor1	chr3	184141002	184141190	SINE/MIR	480	-	94	184141096	55363
chr3	184085733	184285733	harbor1	chr3	184145896	184146040	SINE/MIR	544	-	72	184145968	60235
chr3	184085733	184285733	harbor1	chr3	184157938	184158053	SINE/MIR	855	-	58	184157996	72263
chr3	184085733	184285733	harbor1	chr3	184158354	184158467	SINE/MIR	855	-	56	184158410	72677
chr3	184085733	184285733	harbor1	chr3	184167350	184167571	SINE/MIR	649	-	110	184167460	81727
chr3	51939481	52139481	harbor1	chr3	51971054	51971232	SINE/MIR	454	-	89	51971143	31662
chr3	51939481	52139481	harbor1	chr3	52007021	52007172	SINE/MIR	399	-	76	52007097	67616
chr3	51939481	52139481	harbor1	chr3	52017290	52017510	SINE/MIR	456	-	110	52017400	77919
chr3	51939481	52139481	harbor1	chr3	52031106	52031278	SINE/MIR	474	-	86	52031192	91711
chr3	51939481	52139481	harbor1	chr3	52032612	52032787	SINE/MIR	465	-	88	52032700	93219
chr3	107991309	108191309	harbor1	chr3	107991597	107991715	SINE/MIR	441	-	59	107991656	347
chr3	107991309	108191309	harbor1	chr3	108001756	108001881	SINE/MIR	446	-	62	108001818	10509
chr3	107991309	108191309	harbor1	chr3	108038306	108038477	SINE/MIR	431	-	86	108038392	47083
chr3	107991309	108191309	harbor1	chr3	108078887	108079022	SINE/MIR	406	-	68	108078955	87646
chr3	183788274	183988274	harbor1	chr3	183801831	183802058	SINE/MIR	737	-	114	183801945	13671
chr3	183788274	183988274	harbor1	chr3	183809469	183809692	SINE/MIR	504	-	112	183809581	21307
chr3	183788274	183988274	harbor1	chr3	183829896	183830092	SINE/MIR	399	-	98	183829994	41720
chr3	183788274	183988274	harbor1	chr3	183838548	183838755	SINE/MIR	524	-	104	183838652	50378
chr3	51939504	52139504	harbor1	chr3	51971054	51971232	SINE/MIR	454	-	89	51971143	31639
chr3	51939504	52139504	harbor1	chr3	52007021	52007172	SINE/MIR	399	-	76	52007097	67593
chr3	51939504	52139504	harbor1	chr3	52017290	52017510	SINE/MIR	456	-	110	52017400	77896
chr3	51939504	52139504	harbor1	chr3	52031106	52031278	SINE/MIR	474	-	86	52031192	91688
chr3	51939504	52139504	harbor1	chr3	52032612	52032787	SINE/MIR	465	-	88	52032700	93196
chr3	51939448	52139448	harbor1	chr3	51971054	51971232	SINE/MIR	454	-	89	51971143	31695
chr3	51939448	52139448	harbor1	chr3	52007021	52007172	SINE/MIR	399	-	76	52007097	67649
chr3	51939448	52139448	harbor1	chr3	52017290	52017510	SINE/MIR	456	-	110	52017400	77952
chr3	51939448	52139448	harbor1	chr3	52031106	52031278	SINE/MIR	474	-	86	52031192	91744
chr3	51939448	52139448	harbor1	chr3	52032612	52032787	SINE/MIR	465	-	88	52032700	93252
chr3	129875059	130075059	harbor1	chr3	129950377	129950613	SINE/MIR	748	-	118	129950495	75436
chr3	129875059	130075059	harbor1	chr3	129962961	129963088	SINE/MIR	537	-	64	129963025	87966
chr3	129021083	129221083	harbor1	chr3	129056006	129056225	SINE/MIR	738	-	110	129056116	35033
chr3	129021083	129221083	harbor1	chr3	129078390	129078567	SINE/MIR	386	-	88	129078478	57395
chr3	129021083	129221083	harbor1	chr3	129117256	129117408	SINE/MIR	486	-	76	129117332	96249
chr3	51939511	52139511	harbor1	chr3	51971054	51971232	SINE/MIR	454	-	89	51971143	31632
chr3	51939511	52139511	harbor1	chr3	52007021	52007172	SINE/MIR	399	-	76	52007097	67586
chr3	51939511	52139511	harbor1	chr3	52017290	52017510	SINE/MIR	456	-	110	52017400	77889
chr3	51939511	52139511	harbor1	chr3	52031106	52031278	SINE/MIR	474	-	86	52031192	91681
chr3	51939511	52139511	harbor1	chr3	52032612	52032787	SINE/MIR	465	-	88	52032700	93189
chr3	127489843	127689843	harbor1	chr3	127490255	127490401	SINE/MIR	550	-	73	127490328	485
chr3	127489843	127689843	harbor1	chr3	127492258	127492490	SINE/MIR	490	-	116	127492374	2531
chr3	127489843	127689843	harbor1	chr3	127537880	127538047	SINE/MIR	627	-	84	127537964	48121
chr3	127489843	127689843	harbor1	chr3	127562135	127562292	SINE/MIR	424	-	78	127562213	72370
chr3	127489843	127689843	harbor1	chr3	127567317	127567478	SINE/MIR	388	-	80	127567397	77554
chr3	123349837	123549837	harbor1	chr3	123360809	123361040	SINE/MIR	626	-	116	123360925	11088
chr3	123349837	123549837	harbor1	chr3	123374405	123374649	SINE/MIR	874	-	122	123374527	24690
chr3	123349837	123549837	harbor1	chr3	123385903	123386022	SINE/MIR	459	-	60	123385963	36126
chr3	123349837	123549837	harbor1	chr3	123414896	123415018	SINE/MIR	495	-	61	123414957	65120
chr3	123349837	123549837	harbor1	chr3	123421232	123421441	SINE/MIR	506	-	104	123421336	71499
chr3	123349837	123549837	harbor1	chr3	123422381	123422592	SINE/MIR	545	-	106	123422487	72650
chr3	123349837	123549837	harbor1	chr3	123426036	123426191	SINE/MIR	474	-	78	123426114	76277
chr3	195920322	196120322	harbor1	chr3	195977665	195977884	SINE/MIR	391	-	110	195977775	57453
chr3	50169328	50369328	harbor1	chr3	50219189	50219351	SINE/MIR	462	-	81	50219270	49942
chr3	50169328	50369328	harbor1	chr3	50232351	50232601	SINE/MIR	586	-	125	50232476	63148
chr3	195796157	195996157	harbor1	chr3	195818301	195818491	SINE/MIR	415	-	95	195818396	22239
chr3	195796157	195996157	harbor1	chr3	195861142	195861327	SINE/MIR	414	-	92	195861234	65077
chr3	195796157	195996157	harbor1	chr3	195885952	195886151	SINE/MIR	390	-	100	195886052	89895
chr3	127560407	127760407	harbor1	chr3	127562135	127562292	SINE/MIR	424	-	78	127562213	1806
chr3	127560407	127760407	harbor1	chr3	127567317	127567478	SINE/MIR	388	-	80	127567397	6990
chr3	127560407	127760407	harbor1	chr3	127591295	127591461	SINE/MIR	468	-	83	127591378	30971
chr3	127560407	127760407	harbor1	chr3	127607998	127608145	SINE/MIR	391	-	74	127608072	47665
chr3	127560407	127760407	harbor1	chr3	127613384	127613599	SINE/MIR	462	-	108	127613492	53085
chr3	127560407	127760407	harbor1	chr3	127639724	127639961	SINE/MIR	458	-	118	127639842	79435
chr3	127560407	127760407	harbor1	chr3	127646089	127646314	SINE/MIR	584	-	112	127646201	85794
chr3	127560407	127760407	harbor1	chr3	127646701	127646861	SINE/MIR	532	-	80	127646781	86374
chr3	127560407	127760407	harbor1	chr3	127647989	127648213	SINE/MIR	439	-	112	127648101	87694
chr3	127560407	127760407	harbor1	chr3	127655465	127655644	SINE/MIR	578	-	90	127655555	95148
chr3	178972096	179172096	harbor1	chr3	178982226	178982451	SINE/MIR	427	-	112	178982338	10242
chr3	178972096	179172096	harbor1	chr3	179033718	179033960	SINE/MIR	389	-	121	179033839	61743
chr4	38767776	38967776	harbor1	chr4	38781824	38782023	SINE/MIR	721	-	100	38781924	14148
chr4	38767776	38967776	harbor1	chr4	38785589	38785769	SINE/MIR	490	-	90	38785679	17903
chr4	38767776	38967776	harbor1	chr4	38791730	38791936	SINE/MIR	655	-	103	38791833	24057
chr4	38767776	38967776	harbor1	chr4	38858994	38859187	SINE/MIR	546	-	96	38859090	91314
chr4	98039583	98239583	harbor1	chr4	98091706	98091961	SINE/MIR	603	-	128	98091834	52251
chr4	98039583	98239583	harbor1	chr4	98116385	98116503	SINE/MIR	504	-	59	98116444	76861
chr4	102218940	102418940	harbor1	chr4	102247539	102247743	SINE/MIR	579	-	102	102247641	28701
chr4	102218940	102418940	harbor1	chr4	102269506	102269655	SINE/MIR	599	-	74	102269580	50640
chr4	102218940	102418940	harbor1	chr4	102281943	102282142	SINE/MIR	821	-	100	102282043	63103
chr4	102218940	102418940	harbor1	chr4	102292802	102292991	SINE/MIR	485	-	94	102292896	73956
chr4	102218940	102418940	harbor1	chr4	102308786	102309013	SINE/MIR	803	-	114	102308900	89960
chr4	102218940	102418940	harbor1	chr4	102310882	102311005	SINE/MIR	604	-	62	102310944	92004
chr4	102218940	102418940	harbor1	chr4	102312712	102312922	SINE/MIR	867	-	105	102312817	93877
chr4	3569607	3769607	harbor1	chr4	3639709	3639889	SINE/MIR	542	-	90	3639799	70192
chr4	38573151	38773151	harbor1	chr4	38586862	38587077	SINE/MIR	904	-	108	38586970	13819
chr4	38573151	38773151	harbor1	chr4	38611900	38611981	SINE/MIR	585	-	40	38611940	38789
chr4	38573151	38773151	harbor1	chr4	38612321	38612434	SINE/MIR	609	-	56	38612377	39226
chr4	38573151	38773151	harbor1	chr4	38624274	38624503	SINE/MIR	603	-	114	38624388	51237
chr4	158571219	158771219	harbor1	chr4	158611097	158611290	SINE/MIR	474	-	96	158611193	39974
chr4	176095649	176295649	harbor1	chr4	176124473	176124739	SINE/MIR	697	-	133	176124606	28957
chr4	55288238	55488238	harbor1	chr4	55310377	55310538	SINE/MIR	549	-	80	55310457	22219
chr4	55288238	55488238	harbor1	chr4	55318501	55318732	SINE/MIR	681	-	116	55318617	30379
chr4	55288238	55488238	harbor1	chr4	55320014	55320224	SINE/MIR	509	-	105	55320119	31881
chr4	55288238	55488238	harbor1	chr4	55369057	55369286	SINE/MIR	993	-	114	55369171	80933
chr4	70739795	70939795	harbor1	chr4	70794158	70794298	SINE/MIR	482	-	70	70794228	54433
chr4	70739795	70939795	harbor1	chr4	70794587	70794708	SINE/MIR	482	-	60	70794647	54852
chr4	120822742	121022742	harbor1	chr4	120866471	120866709	SINE/MIR	789	-	119	120866590	43848
chr4	2361876	2561876	harbor1	chr4	2439113	2439331	SINE/MIR	512	-	109	2439222	77346
chr4	8023966	8223966	harbor1	chr4	8038105	8038337	SINE/MIR	495	-	116	8038221	14255
chr4	8023966	8223966	harbor1	chr4	8063443	8063627	SINE/MIR	545	-	92	8063535	39569
chr4	8023966	8223966	harbor1	chr4	8066938	8067153	SINE/MIR	569	-	108	8067046	43080
chr4	8023966	8223966	harbor1	chr4	8088683	8088912	SINE/MIR	529	-	114	8088797	64831
chr4	8023966	8223966	harbor1	chr4	8117153	8117295	SINE/MIR	590	-	71	8117224	93258
chr4	120821303	121021303	harbor1	chr4	120866471	120866709	SINE/MIR	789	-	119	120866590	45287
chr4	120822671	121022671	harbor1	chr4	120866471	120866709	SINE/MIR	789	-	119	120866590	43919
chr4	11269110	11469110	harbor1	chr4	11287875	11288136	SINE/MIR	631	-	130	11288005	18895
chr4	11269110	11469110	harbor1	chr4	11288179	11288347	SINE/MIR	520	-	84	11288263	19153
chr4	11269110	11469110	harbor1	chr4	11310503	11310727	SINE/MIR	650	-	112	11310615	41505
chr4	11269110	11469110	harbor1	chr4	11314618	11314847	SINE/MIR	517	-	114	11314732	45622
chr4	11269110	11469110	harbor1	chr4	11334317	11334432	SINE/MIR	472	-	58	11334375	65265
chr4	11269110	11469110	harbor1	chr4	11335016	11335079	SINE/MIR	472	-	32	11335048	65938
chr4	11269110	11469110	harbor1	chr4	11352183	11352311	SINE/MIR	646	-	64	11352247	83137
chr4	11269110	11469110	harbor1	chr4	11352662	11352745	SINE/MIR	646	-	42	11352704	83594
chr4	102919713	103119713	harbor1	chr4	102995855	102996038	SINE/MIR	694	-	92	102995947	76234
chr4	88671609	88871609	harbor1	chr4	88692635	88692852	SINE/MIR	518	-	108	88692743	21134
chr4	88671609	88871609	harbor1	chr4	88695673	88695911	SINE/MIR	884	-	119	88695792	24183
chr4	88671609	88871609	harbor1	chr4	88702218	88702413	SINE/MIR	773	-	98	88702316	30707
chr4	88671609	88871609	harbor1	chr4	88755300	88755533	SINE/MIR	647	-	116	88755416	83807
chr4	70739735	70939735	harbor1	chr4	70794158	70794298	SINE/MIR	482	-	70	70794228	54493
chr4	70739735	70939735	harbor1	chr4	70794587	70794708	SINE/MIR	482	-	60	70794647	54912
chr4	98160943	98360943	harbor1	chr4	98186813	98187056	SINE/MIR	672	-	122	98186935	25992
chr4	98160943	98360943	harbor1	chr4	98234687	98234879	SINE/MIR	542	-	96	98234783	73840
chr4	2363070	2563070	harbor1	chr4	2439113	2439331	SINE/MIR	512	-	109	2439222	76152
chr4	2151076	2351076	harbor1	chr4	2194003	2194269	SINE/MIR	565	-	133	2194136	43060
chr4	2363106	2563106	harbor1	chr4	2439113	2439331	SINE/MIR	512	-	109	2439222	76116
chr4	73128036	73328036	harbor1	chr4	73147950	73148144	SINE/MIR	500	-	97	73148047	20011
chr4	73128036	73328036	harbor1	chr4	73224625	73224870	SINE/MIR	864	-	122	73224747	96711
chr4	15581887	15781887	harbor1	chr4	15595423	15595657	SINE/MIR	923	-	117	15595540	13653
chr4	15581887	15781887	harbor1	chr4	15663910	15664131	SINE/MIR	638	-	110	15664020	82133
chr4	3569499	3769499	harbor1	chr4	3639709	3639889	SINE/MIR	542	-	90	3639799	70300
chr4	144468351	144668351	harbor1	chr4	144488948	144489143	SINE/MIR	632	-	98	144489046	20695
chr4	144468351	144668351	harbor1	chr4	144523278	144523512	SINE/MIR	836	-	117	144523395	55044
chr4	69927953	70127953	harbor1	chr4	69966466	69966661	SINE/MIR	524	-	98	69966564	38611
chr4	120822652	121022652	harbor1	chr4	120866471	120866709	SINE/MIR	789	-	119	120866590	43938
chr4	2656061	2856061	harbor1	chr4	2687318	2687499	SINE/MIR	699	-	90	2687408	31347
chr4	6810085	7010085	harbor1	chr4	6860196	6860402	SINE/MIR	890	-	103	6860299	50214
chr4	6810085	7010085	harbor1	chr4	6875222	6875432	SINE/MIR	567	-	105	6875327	65242
chr4	6810085	7010085	harbor1	chr4	6879201	6879412	SINE/MIR	528	-	106	6879307	69222
chr4	6810085	7010085	harbor1	chr4	6886501	6886708	SINE/MIR	496	-	104	6886605	76520
chr4	86404939	86604939	harbor1	chr4	86451966	86452146	SINE/MIR	871	-	90	86452056	47117
chr4	86404939	86604939	harbor1	chr4	86484652	86484840	SINE/MIR	489	-	94	86484746	79807
chr4	103098519	103298519	harbor1	chr4	103153314	103153530	SINE/MIR	991	-	108	103153422	54903
chr4	103098519	103298519	harbor1	chr4	103179564	103179802	SINE/MIR	614	-	119	103179683	81164
chr4	8230062	8430062	harbor1	chr4	8235765	8235927	SINE/MIR	543	-	81	8235846	5784
chr4	8230062	8430062	harbor1	chr4	8281426	8281591	SINE/MIR	478	-	82	8281508	51446
chr4	8230062	8430062	harbor1	chr4	8286104	8286262	SINE/MIR	562	-	79	8286183	56121
chr4	8230062	8430062	harbor1	chr4	8324787	8325033	SINE/MIR	756	-	123	8324910	94848
chr4	98145495	98345495	harbor1	chr4	98186813	98187056	SINE/MIR	672	-	122	98186935	41440
chr4	98145495	98345495	harbor1	chr4	98234687	98234879	SINE/MIR	542	-	96	98234783	89288
chr4	67487456	67687456	harbor1	chr4	67546784	67546999	SINE/MIR	572	-	108	67546892	59436
chr4	67487456	67687456	harbor1	chr4	67572757	67572940	SINE/MIR	476	-	92	67572849	85393
chr4	76846562	77046562	harbor1	chr4	76908018	76908247	SINE/MIR	579	-	114	76908132	61570
chr4	76846562	77046562	harbor1	chr4	76913965	76914197	SINE/MIR	605	-	116	76914081	67519
chr4	55295888	55495888	harbor1	chr4	55310377	55310538	SINE/MIR	549	-	80	55310457	14569
chr4	55295888	55495888	harbor1	chr4	55318501	55318732	SINE/MIR	681	-	116	55318617	22729
chr4	55295888	55495888	harbor1	chr4	55320014	55320224	SINE/MIR	509	-	105	55320119	24231
chr4	55295888	55495888	harbor1	chr4	55369057	55369286	SINE/MIR	993	-	114	55369171	73283
chr5	113414289	113614289	harbor1	chr5	113432561	113432692	SINE/MIR	435	-	66	113432627	18338
chr5	113414289	113614289	harbor1	chr5	113444860	113445017	SINE/MIR	464	-	78	113444938	30649
chr5	113414289	113614289	harbor1	chr5	113461284	113461492	SINE/MIR	495	-	104	113461388	47099
chr5	113414289	113614289	harbor1	chr5	113489329	113489485	SINE/MIR	476	-	78	113489407	75118
chr5	159190926	159390926	harbor1	chr5	159192620	159192807	SINE/MIR	552	-	94	159192714	1788
chr5	159190926	159390926	harbor1	chr5	159218960	159219202	SINE/MIR	968	-	121	159219081	28155
chr5	159190926	159390926	harbor1	chr5	159223776	159224022	SINE/MIR	1015	-	123	159223899	32973
chr5	159190926	159390926	harbor1	chr5	159264036	159264231	SINE/MIR	497	-	98	159264134	73208
chr5	159190926	159390926	harbor1	chr5	159268268	159268508	SINE/MIR	1116	-	120	159268388	77462
chr5	73350908	73550908	harbor1	chr5	73376033	73376203	SINE/MIR	651	-	85	73376118	25210
chr5	73350908	73550908	harbor1	chr5	73422872	73423123	SINE/MIR	607	-	126	73422998	72090
chr5	135435228	135635228	harbor1	chr5	135437793	135438010	SINE/MIR	669	-	108	135437901	2673
chr5	135435228	135635228	harbor1	chr5	135446087	135446282	SINE/MIR	572	-	98	135446185	10957
chr5	135435228	135635228	harbor1	chr5	135447422	135447640	SINE/MIR	547	-	109	135447531	12303
chr5	135435228	135635228	harbor1	chr5	135457360	135457490	SINE/MIR	452	-	65	135457425	22197
chr5	135435228	135635228	harbor1	chr5	135465768	135465930	SINE/MIR	565	-	81	135465849	30621
chr5	135435228	135635228	harbor1	chr5	135480326	135480525	SINE/MIR	822	-	100	135480426	45198
chr5	135435228	135635228	harbor1	chr5	135483366	135483535	SINE/MIR	644	-	84	135483450	48222
chr5	135435228	135635228	harbor1	chr5	135512692	135512900	SINE/MIR	491	-	104	135512796	77568
chr5	10337580	10537580	harbor1	chr5	10354993	10355183	SINE/MIR	480	-	95	10355088	17508
chr5	10337580	10537580	harbor1	chr5	10355625	10355830	SINE/MIR	770	-	102	10355727	18147
chr5	10337580	10537580	harbor1	chr5	10378219	10378445	SINE/MIR	778	-	113	10378332	40752
chr5	150964868	151164868	harbor1	chr5	150977065	150977304	SINE/MIR	831	-	120	150977185	12317
chr5	150964868	151164868	harbor1	chr5	151010250	151010404	SINE/MIR	534	-	77	151010327	45459
chr5	150964868	151164868	harbor1	chr5	151024436	151024581	SINE/MIR	545	-	72	151024508	59640
chr5	150964868	151164868	harbor1	chr5	151029564	151029784	SINE/MIR	498	-	110	151029674	64806
chr5	150964868	151164868	harbor1	chr5	151030851	151031061	SINE/MIR	553	-	105	151030956	66088
chr5	150964868	151164868	harbor1	chr5	151032414	151032652	SINE/MIR	593	-	119	151032533	67665
chr5	150964868	151164868	harbor1	chr5	151037024	151037247	SINE/MIR	664	-	112	151037136	72268
chr5	150964868	151164868	harbor1	chr5	151039934	151040084	SINE/MIR	512	-	75	151040009	75141
chr5	150964868	151164868	harbor1	chr5	151048313	151048541	SINE/MIR	706	-	114	151048427	83559
chr5	150964868	151164868	harbor1	chr5	151056021	151056201	SINE/MIR	529	-	90	151056111	91243
chr5	150964868	151164868	harbor1	chr5	151058710	151058884	SINE/MIR	428	-	87	151058797	93929
chr5	73350879	73550879	harbor1	chr5	73376033	73376203	SINE/MIR	651	-	85	73376118	25239
chr5	73350879	73550879	harbor1	chr5	73422872	73423123	SINE/MIR	607	-	126	73422998	72119
chr5	171125854	171325854	harbor1	chr5	171146323	171146528	SINE/MIR	588	-	102	171146425	20571
chr5	171125854	171325854	harbor1	chr5	171150532	171150722	SINE/MIR	593	-	95	171150627	24773
chr5	171125854	171325854	harbor1	chr5	171152769	171152964	SINE/MIR	445	-	98	171152867	27013
chr5	171125854	171325854	harbor1	chr5	171160406	171160641	SINE/MIR	696	-	118	171160524	34670
chr5	171125854	171325854	harbor1	chr5	171165091	171165175	SINE/MIR	434	-	42	171165133	39279
chr5	171125854	171325854	harbor1	chr5	171165478	171165621	SINE/MIR	434	-	72	171165550	39696
chr5	171125854	171325854	harbor1	chr5	171181870	171182037	SINE/MIR	484	-	84	171181954	56100
chr5	171125854	171325854	harbor1	chr5	171191269	171191406	SINE/MIR	417	-	68	171191337	65483
chr5	171125854	171325854	harbor1	chr5	171191710	171191764	SINE/MIR	417	-	27	171191737	65883
chr5	171125854	171325854	harbor1	chr5	171196601	171196815	SINE/MIR	516	-	107	171196708	70854
chr5	171125854	171325854	harbor1	chr5	171197325	171197512	SINE/MIR	563	-	94	171197419	71565
chr5	171125854	171325854	harbor1	chr5	171204756	171204981	SINE/MIR	533	-	112	171204868	79014
chr5	10337987	10537987	harbor1	chr5	10354993	10355183	SINE/MIR	480	-	95	10355088	17101
chr5	10337987	10537987	harbor1	chr5	10355625	10355830	SINE/MIR	770	-	102	10355727	17740
chr5	10337987	10537987	harbor1	chr5	10378219	10378445	SINE/MIR	778	-	113	10378332	40345
chr5	10341875	10541875	harbor1	chr5	10354993	10355183	SINE/MIR	480	-	95	10355088	13213
chr5	10341875	10541875	harbor1	chr5	10355625	10355830	SINE/MIR	770	-	102	10355727	13852
chr5	10341875	10541875	harbor1	chr5	10378219	10378445	SINE/MIR	778	-	113	10378332	36457
chr5	73351482	73551482	harbor1	chr5	73376033	73376203	SINE/MIR	651	-	85	73376118	24636
chr5	73351482	73551482	harbor1	chr5	73422872	73423123	SINE/MIR	607	-	126	73422998	71516
chr5	6723084	6923084	harbor1	chr5	6740827	6740982	SINE/MIR	453	-	78	6740905	17821
chr5	134406378	134606378	harbor1	chr5	134504059	134504251	SINE/MIR	620	-	96	134504155	97777
chr5	157644323	157844323	harbor1	chr5	157665770	157665882	SINE/MIR	413	-	56	157665826	21503
chr5	157644323	157844323	harbor1	chr5	157666589	157666707	SINE/MIR	496	-	59	157666648	22325
chr5	157644323	157844323	harbor1	chr5	157670650	157670830	SINE/MIR	423	-	90	157670740	26417
chr5	157644323	157844323	harbor1	chr5	157732529	157732660	SINE/MIR	442	-	66	157732595	88272
chr5	6533035	6733035	harbor1	chr5	6552216	6552444	SINE/MIR	473	-	114	6552330	19295
chr5	6533035	6733035	harbor1	chr5	6593123	6593160	SINE/MIR	602	-	18	6593141	60106
chr5	6533035	6733035	harbor1	chr5	6593739	6593877	SINE/MIR	602	-	69	6593808	60773
chr5	52688052	52888052	harbor1	chr5	52693253	52693468	SINE/MIR	441	-	108	52693361	5309
chr5	52688052	52888052	harbor1	chr5	52740343	52740594	SINE/MIR	642	-	126	52740469	52417
chr5	52688052	52888052	harbor1	chr5	52784946	52785206	SINE/MIR	706	-	130	52785076	97024
chr5	135919218	136119218	harbor1	chr5	135961600	135961803	SINE/MIR	438	-	102	135961702	42484
chr5	135919218	136119218	harbor1	chr5	136001006	136001246	SINE/MIR	793	-	120	136001126	81908
chr5	135919218	136119218	harbor1	chr5	136002251	136002474	SINE/MIR	473	-	112	136002363	83145
chr5	135919218	136119218	harbor1	chr5	136016552	136016740	SINE/MIR	545	-	94	136016646	97428
chr5	168407631	168607631	harbor1	chr5	168407759	168407868	SINE/MIR	663	-	54	168407813	182
chr5	168407631	168607631	harbor1	chr5	168408154	168408282	SINE/MIR	663	-	64	168408218	587
chr5	168407631	168607631	harbor1	chr5	168410033	168410261	SINE/MIR	477	-	114	168410147	2516
chr5	168407631	168607631	harbor1	chr5	168417423	168417604	SINE/MIR	484	-	90	168417513	9882
chr5	168407631	168607631	harbor1	chr5	168424991	168425202	SINE/MIR	473	-	106	168425097	17466
chr5	168407631	168607631	harbor1	chr5	168425378	168425482	SINE/MIR	673	-	52	168425430	17799
chr5	168407631	168607631	harbor1	chr5	168425799	168425944	SINE/MIR	673	-	72	168425871	18240
chr5	168407631	168607631	harbor1	chr5	168427266	168427485	SINE/MIR	742	-	110	168427376	19745
chr5	168407631	168607631	harbor1	chr5	168433505	168433547	SINE/MIR	638	-	21	168433526	25895
chr5	168407631	168607631	harbor1	chr5	168433837	168434027	SINE/MIR	638	-	95	168433932	26301
chr5	168407631	168607631	harbor1	chr5	168434470	168434667	SINE/MIR	491	-	98	168434568	26937
chr5	168407631	168607631	harbor1	chr5	168505032	168505159	SINE/MIR	564	-	64	168505096	97465
chr5	168407631	168607631	harbor1	chr5	168443847	168443995	SINE/MIR	434	-	74	168443921	36290
chr5	10341914	10541914	harbor1	chr5	10354993	10355183	SINE/MIR	480	-	95	10355088	13174
chr5	10341914	10541914	harbor1	chr5	10355625	10355830	SINE/MIR	770	-	102	10355727	13813
chr5	10341914	10541914	harbor1	chr5	10378219	10378445	SINE/MIR	778	-	113	10378332	36418
chr5	73351497	73551497	harbor1	chr5	73376033	73376203	SINE/MIR	651	-	85	73376118	24621
chr5	73351497	73551497	harbor1	chr5	73422872	73423123	SINE/MIR	607	-	126	73422998	71501
chr5	133502807	133702807	harbor1	chr5	133510011	133510241	SINE/MIR	779	-	115	133510126	7319
chr5	133502807	133702807	harbor1	chr5	133550504	133550695	SINE/MIR	457	-	96	133550600	47793
chr5	73351070	73551070	harbor1	chr5	73376033	73376203	SINE/MIR	651	-	85	73376118	25048
chr5	73351070	73551070	harbor1	chr5	73422872	73423123	SINE/MIR	607	-	126	73422998	71928
chr5	133905039	134105039	harbor1	chr5	133913962	133914166	SINE/MIR	494	-	102	133914064	9025
chr5	154657232	154857232	harbor1	chr5	154657648	154657860	SINE/MIR	962	-	106	154657754	522
chr5	154657232	154857232	harbor1	chr5	154659205	154659240	SINE/MIR	522	-	18	154659223	1991
chr5	154657232	154857232	harbor1	chr5	154659557	154659758	SINE/MIR	716	-	100	154659657	2425
chr5	154657232	154857232	harbor1	chr5	154675336	154675511	SINE/MIR	604	-	88	154675424	18192
chr5	154657232	154857232	harbor1	chr5	154679293	154679446	SINE/MIR	656	-	76	154679369	22137
chr5	154657232	154857232	harbor1	chr5	154690388	154690628	SINE/MIR	665	-	120	154690508	33276
chr5	154657232	154857232	harbor1	chr5	154696493	154696674	SINE/MIR	648	-	90	154696583	39351
chr5	154657232	154857232	harbor1	chr5	154715810	154716039	SINE/MIR	541	-	114	154715924	58692
chr5	154657232	154857232	harbor1	chr5	154722617	154722678	SINE/MIR	500	-	30	154722647	65415
chr5	154657232	154857232	harbor1	chr5	154722981	154723153	SINE/MIR	500	-	86	154723067	65835
chr5	154657232	154857232	harbor1	chr5	154723633	154723819	SINE/MIR	737	-	93	154723726	66494
chr5	154657232	154857232	harbor1	chr5	154740454	154740676	SINE/MIR	705	-	111	154740565	83333
chr5	154657232	154857232	harbor1	chr5	154745417	154745624	SINE/MIR	1086	-	104	154745521	88289
chr5	154657232	154857232	harbor1	chr5	154745622	154745794	SINE/MIR	617	-	86	154745708	88476
chr5	154657232	154857232	harbor1	chr5	154746098	154746146	SINE/MIR	617	-	24	154746122	88890
chr5	154657232	154857232	harbor1	chr5	154748650	154748863	SINE/MIR	603	-	106	154748756	91524
chr5	10341987	10541987	harbor1	chr5	10354993	10355183	SINE/MIR	480	-	95	10355088	13101
chr5	10341987	10541987	harbor1	chr5	10355625	10355830	SINE/MIR	770	-	102	10355727	13740
chr5	10341987	10541987	harbor1	chr5	10378219	10378445	SINE/MIR	778	-	113	10378332	36345
chr5	42324781	42524781	harbor1	chr5	42375011	42375241	SINE/MIR	478	-	115	42375126	50345
chr5	82647609	82847609	harbor1	chr5	82650331	82650546	SINE/MIR	703	-	108	82650439	2830
chr5	82647609	82847609	harbor1	chr5	82662552	82662734	SINE/MIR	655	-	91	82662643	15034
chr5	82647609	82847609	harbor1	chr5	82685267	82685453	SINE/MIR	616	-	93	82685360	37751
chr5	82647609	82847609	harbor1	chr5	82698869	82699096	SINE/MIR	565	-	114	82698983	51374
chr5	82647609	82847609	harbor1	chr5	82712594	82712831	SINE/MIR	480	-	118	82712712	65103
chr5	82647609	82847609	harbor1	chr5	82719280	82719508	SINE/MIR	413	-	114	82719394	71785
chr5	82647609	82847609	harbor1	chr5	82738497	82738704	SINE/MIR	530	-	104	82738601	90992
chr5	132193610	132393610	harbor1	chr5	132263102	132263296	SINE/MIR	482	-	97	132263199	69589
chr5	132193610	132393610	harbor1	chr5	132268966	132269110	SINE/MIR	436	-	72	132269038	75428
chr5	132193610	132393610	harbor1	chr5	132279517	132279695	SINE/MIR	496	-	89	132279606	85996
chr5	78410105	78610105	harbor1	chr5	78417543	78417765	SINE/MIR	530	-	111	78417654	7549
chr5	78410105	78610105	harbor1	chr5	78444798	78445017	SINE/MIR	566	-	110	78444908	34803
chr5	78410105	78610105	harbor1	chr5	78499310	78499533	SINE/MIR	794	-	112	78499422	89317
chr5	78410105	78610105	harbor1	chr5	78505777	78505951	SINE/MIR	700	-	87	78505864	95759
chr5	52688976	52888976	harbor1	chr5	52693253	52693468	SINE/MIR	441	-	108	52693361	4385
chr5	52688976	52888976	harbor1	chr5	52740343	52740594	SINE/MIR	642	-	126	52740469	51493
chr5	52688976	52888976	harbor1	chr5	52784946	52785206	SINE/MIR	706	-	130	52785076	96100
chr5	10151040	10351040	harbor1	chr5	10249377	10249590	SINE/MIR	510	-	106	10249483	98443
chr5	10205523	10405523	harbor1	chr5	10249377	10249590	SINE/MIR	510	-	106	10249483	43960
chr5	10184091	10384091	harbor1	chr5	10249377	10249590	SINE/MIR	510	-	106	10249483	65392
chr5	10661221	10861221	harbor1	chr5	10668542	10668700	SINE/MIR	513	-	79	10668621	7400
chr5	10661221	10861221	harbor1	chr5	10693450	10693697	SINE/MIR	447	-	124	10693574	32353
chr5	10661221	10861221	harbor1	chr5	10706240	10706480	SINE/MIR	853	-	120	10706360	45139
chr5	73021050	73221050	harbor1	chr5	73021859	73022075	SINE/MIR	645	-	108	73021967	917
chr5	73021050	73221050	harbor1	chr5	73059288	73059505	SINE/MIR	692	-	108	73059396	38346
chr5	73021050	73221050	harbor1	chr5	73115322	73115488	SINE/MIR	644	-	83	73115405	94355
chr5	52700111	52900111	harbor1	chr5	52740343	52740594	SINE/MIR	642	-	126	52740469	40358
chr5	52700111	52900111	harbor1	chr5	52784946	52785206	SINE/MIR	706	-	130	52785076	84965
chr5	6533087	6733087	harbor1	chr5	6552216	6552444	SINE/MIR	473	-	114	6552330	19243
chr5	6533087	6733087	harbor1	chr5	6593123	6593160	SINE/MIR	602	-	18	6593141	60054
chr5	6533087	6733087	harbor1	chr5	6593739	6593877	SINE/MIR	602	-	69	6593808	60721
chr5	10333600	10533600	harbor1	chr5	10354993	10355183	SINE/MIR	480	-	95	10355088	21488
chr5	10333600	10533600	harbor1	chr5	10355625	10355830	SINE/MIR	770	-	102	10355727	22127
chr5	10333600	10533600	harbor1	chr5	10378219	10378445	SINE/MIR	778	-	113	10378332	44732
chr5	10341898	10541898	harbor1	chr5	10354993	10355183	SINE/MIR	480	-	95	10355088	13190
chr5	10341898	10541898	harbor1	chr5	10355625	10355830	SINE/MIR	770	-	102	10355727	13829
chr5	10341898	10541898	harbor1	chr5	10378219	10378445	SINE/MIR	778	-	113	10378332	36434
chr5	73350922	73550922	harbor1	chr5	73376033	73376203	SINE/MIR	651	-	85	73376118	25196
chr5	73350922	73550922	harbor1	chr5	73422872	73423123	SINE/MIR	607	-	126	73422998	72076
chr5	10661144	10861144	harbor1	chr5	10668542	10668700	SINE/MIR	513	-	79	10668621	7477
chr5	10661144	10861144	harbor1	chr5	10693450	10693697	SINE/MIR	447	-	124	10693574	32430
chr5	10661144	10861144	harbor1	chr5	10706240	10706480	SINE/MIR	853	-	120	10706360	45216
chr5	10341940	10541940	harbor1	chr5	10354993	10355183	SINE/MIR	480	-	95	10355088	13148
chr5	10341940	10541940	harbor1	chr5	10355625	10355830	SINE/MIR	770	-	102	10355727	13787
chr5	10341940	10541940	harbor1	chr5	10378219	10378445	SINE/MIR	778	-	113	10378332	36392
chr5	37740447	37940447	harbor1	chr5	37753914	37754124	SINE/MIR	672	-	105	37754019	13572
chr5	37740447	37940447	harbor1	chr5	37769828	37770011	SINE/MIR	498	-	92	37769920	29473
chr5	37740447	37940447	harbor1	chr5	37830704	37830870	SINE/MIR	429	-	83	37830787	90340
chr5	134922089	135122089	harbor1	chr5	134923004	134923191	SINE/MIR	789	-	94	134923098	1009
chr5	134922089	135122089	harbor1	chr5	134949368	134949540	SINE/MIR	459	-	86	134949454	27365
chr5	134922089	135122089	harbor1	chr5	134956847	134956982	SINE/MIR	629	-	68	134956915	34826
chr5	134922089	135122089	harbor1	chr5	134957276	134957385	SINE/MIR	629	-	54	134957330	35241
chr5	134922089	135122089	harbor1	chr5	134996605	134996823	SINE/MIR	628	-	109	134996714	74625
chr5	134922089	135122089	harbor1	chr5	135016415	135016617	SINE/MIR	500	-	101	135016516	94427
chr5	134922089	135122089	harbor1	chr5	135019244	135019378	SINE/MIR	486	-	67	135019311	97222
chr5	10186534	10386534	harbor1	chr5	10249377	10249590	SINE/MIR	510	-	106	10249483	62949
chr5	10653254	10853254	harbor1	chr5	10668542	10668700	SINE/MIR	513	-	79	10668621	15367
chr5	10653254	10853254	harbor1	chr5	10693450	10693697	SINE/MIR	447	-	124	10693574	40320
chr5	10653254	10853254	harbor1	chr5	10706240	10706480	SINE/MIR	853	-	120	10706360	53106
chr5	72733843	72933843	harbor1	chr5	72739124	72739276	SINE/MIR	591	-	76	72739200	5357
chr5	72733843	72933843	harbor1	chr5	72743055	72743250	SINE/MIR	459	-	98	72743153	9310
chr5	72733843	72933843	harbor1	chr5	72743542	72743604	SINE/MIR	459	-	31	72743573	9730
chr5	72733843	72933843	harbor1	chr5	72756003	72756254	SINE/MIR	707	-	126	72756129	22286
chr5	72733843	72933843	harbor1	chr5	72756248	72756496	SINE/MIR	427	-	124	72756372	22529
chr5	72733843	72933843	harbor1	chr5	72799236	72799466	SINE/MIR	788	-	115	72799351	65508
chr5	72733843	72933843	harbor1	chr5	72820488	72820695	SINE/MIR	418	-	104	72820592	86749
chr5	73307094	73507094	harbor1	chr5	73324857	73325085	SINE/MIR	587	-	114	73324971	17877
chr5	73307094	73507094	harbor1	chr5	73326433	73326616	SINE/MIR	413	-	92	73326525	19431
chr5	73307094	73507094	harbor1	chr5	73376033	73376203	SINE/MIR	651	-	85	73376118	69024
chr5	178132777	178332777	harbor1	chr5	178230689	178230926	SINE/MIR	937	-	118	178230807	98030
chr5	9289591	9489591	harbor1	chr5	9292326	9292483	SINE/MIR	465	-	78	9292404	2813
chr5	9114312	9314312	harbor1	chr5	9129749	9129953	SINE/MIR	530	-	102	9129851	15539
chr5	9114312	9314312	harbor1	chr5	9204498	9204708	SINE/MIR	539	-	105	9204603	90291
chr5	10661132	10861132	harbor1	chr5	10668542	10668700	SINE/MIR	513	-	79	10668621	7489
chr5	10661132	10861132	harbor1	chr5	10693450	10693697	SINE/MIR	447	-	124	10693574	32442
chr5	10661132	10861132	harbor1	chr5	10706240	10706480	SINE/MIR	853	-	120	10706360	45228
chr5	89882308	90082308	harbor1	chr5	89923323	89923462	SINE/MIR	472	-	70	89923393	41085
chr5	89882308	90082308	harbor1	chr5	89939441	89939657	SINE/MIR	633	-	108	89939549	57241
chr5	141778294	141978294	harbor1	chr5	141779180	141779387	SINE/MIR	686	-	104	141779284	990
chr5	141778294	141978294	harbor1	chr5	141782489	141782704	SINE/MIR	629	-	108	141782597	4303
chr5	141778294	141978294	harbor1	chr5	141783461	141783671	SINE/MIR	445	-	105	141783566	5272
chr5	141778294	141978294	harbor1	chr5	141784866	141785033	SINE/MIR	424	-	84	141784950	6656
chr5	141778294	141978294	harbor1	chr5	141786201	141786382	SINE/MIR	414	-	90	141786291	7997
chr5	141778294	141978294	harbor1	chr5	141786388	141786564	SINE/MIR	483	-	88	141786476	8182
chr5	141778294	141978294	harbor1	chr5	141789705	141789910	SINE/MIR	656	-	102	141789807	11513
chr5	141778294	141978294	harbor1	chr5	141790706	141790939	SINE/MIR	848	-	116	141790822	12528
chr5	141778294	141978294	harbor1	chr5	141799505	141799605	SINE/MIR	476	-	50	141799555	21261
chr5	141778294	141978294	harbor1	chr5	141799964	141800092	SINE/MIR	429	-	64	141800028	21734
chr5	141778294	141978294	harbor1	chr5	141803323	141803462	SINE/MIR	549	-	70	141803393	25099
chr5	141778294	141978294	harbor1	chr5	141810312	141810532	SINE/MIR	505	-	110	141810422	32128
chr5	141778294	141978294	harbor1	chr5	141813665	141813901	SINE/MIR	833	-	118	141813783	35489
chr5	141778294	141978294	harbor1	chr5	141815742	141815921	SINE/MIR	564	-	90	141815832	37538
chr5	141778294	141978294	harbor1	chr5	141816051	141816076	SINE/MIR	564	-	12	141816063	37769
chr5	141778294	141978294	harbor1	chr5	141820231	141820464	SINE/MIR	671	-	116	141820347	42053
chr5	141778294	141978294	harbor1	chr5	141824492	141824678	SINE/MIR	536	-	93	141824585	46291
chr5	141778294	141978294	harbor1	chr5	141828210	141828448	SINE/MIR	907	-	119	141828329	50035
chr5	141778294	141978294	harbor1	chr5	141845019	141845189	SINE/MIR	540	-	85	141845104	66810
chr5	141778294	141978294	harbor1	chr5	141847918	141848073	SINE/MIR	624	-	78	141847996	69702
chr5	141778294	141978294	harbor1	chr5	141873838	141874026	SINE/MIR	431	-	94	141873932	95638
chr5	10661219	10861219	harbor1	chr5	10668542	10668700	SINE/MIR	513	-	79	10668621	7402
chr5	10661219	10861219	harbor1	chr5	10693450	10693697	SINE/MIR	447	-	124	10693574	32355
chr5	10661219	10861219	harbor1	chr5	10706240	10706480	SINE/MIR	853	-	120	10706360	45141
chr5	10339138	10539138	harbor1	chr5	10354993	10355183	SINE/MIR	480	-	95	10355088	15950
chr5	10339138	10539138	harbor1	chr5	10355625	10355830	SINE/MIR	770	-	102	10355727	16589
chr5	10339138	10539138	harbor1	chr5	10378219	10378445	SINE/MIR	778	-	113	10378332	39194
chr5	73338840	73538840	harbor1	chr5	73376033	73376203	SINE/MIR	651	-	85	73376118	37278
chr5	73338840	73538840	harbor1	chr5	73422872	73423123	SINE/MIR	607	-	126	73422998	84158
chr5	133511368	133711368	harbor1	chr5	133550504	133550695	SINE/MIR	457	-	96	133550600	39232
chr5	133511368	133711368	harbor1	chr5	133607368	133607614	SINE/MIR	753	-	123	133607491	96123
chr5	135442075	135642075	harbor1	chr5	135446087	135446282	SINE/MIR	572	-	98	135446185	4110
chr5	135442075	135642075	harbor1	chr5	135447422	135447640	SINE/MIR	547	-	109	135447531	5456
chr5	135442075	135642075	harbor1	chr5	135457360	135457490	SINE/MIR	452	-	65	135457425	15350
chr5	135442075	135642075	harbor1	chr5	135465768	135465930	SINE/MIR	565	-	81	135465849	23774
chr5	135442075	135642075	harbor1	chr5	135480326	135480525	SINE/MIR	822	-	100	135480426	38351
chr5	135442075	135642075	harbor1	chr5	135483366	135483535	SINE/MIR	644	-	84	135483450	41375
chr5	135442075	135642075	harbor1	chr5	135512692	135512900	SINE/MIR	491	-	104	135512796	70721
chr5	41825178	42025178	harbor1	chr5	41908951	41909169	SINE/MIR	471	-	109	41909060	83882
chr5	10338301	10538301	harbor1	chr5	10354993	10355183	SINE/MIR	480	-	95	10355088	16787
chr5	10338301	10538301	harbor1	chr5	10355625	10355830	SINE/MIR	770	-	102	10355727	17426
chr5	10338301	10538301	harbor1	chr5	10378219	10378445	SINE/MIR	778	-	113	10378332	40031
chr5	10339062	10539062	harbor1	chr5	10354993	10355183	SINE/MIR	480	-	95	10355088	16026
chr5	10339062	10539062	harbor1	chr5	10355625	10355830	SINE/MIR	770	-	102	10355727	16665
chr5	10339062	10539062	harbor1	chr5	10378219	10378445	SINE/MIR	778	-	113	10378332	39270
chr5	10338313	10538313	harbor1	chr5	10354993	10355183	SINE/MIR	480	-	95	10355088	16775
chr5	10338313	10538313	harbor1	chr5	10355625	10355830	SINE/MIR	770	-	102	10355727	17414
chr5	10338313	10538313	harbor1	chr5	10378219	10378445	SINE/MIR	778	-	113	10378332	40019
chr5	133482188	133682188	harbor1	chr5	133486816	133486943	SINE/MIR	425	-	64	133486880	4692
chr5	133482188	133682188	harbor1	chr5	133494039	133494176	SINE/MIR	628	-	68	133494107	11919
chr5	133482188	133682188	harbor1	chr5	133510011	133510241	SINE/MIR	779	-	115	133510126	27938
chr5	133482188	133682188	harbor1	chr5	133550504	133550695	SINE/MIR	457	-	96	133550600	68412
chr5	9114417	9314417	harbor1	chr5	9129749	9129953	SINE/MIR	530	-	102	9129851	15434
chr5	9114417	9314417	harbor1	chr5	9204498	9204708	SINE/MIR	539	-	105	9204603	90186
chr5	73351520	73551520	harbor1	chr5	73376033	73376203	SINE/MIR	651	-	85	73376118	24598
chr5	73351520	73551520	harbor1	chr5	73422872	73423123	SINE/MIR	607	-	126	73422998	71478
chr5	171287852	171487852	harbor1	chr5	171290864	171291103	SINE/MIR	874	-	120	171290984	3132
chr5	171287852	171487852	harbor1	chr5	171292333	171292494	SINE/MIR	555	-	80	171292413	4561
chr5	171287852	171487852	harbor1	chr5	171297774	171297846	SINE/MIR	454	-	36	171297810	9958
chr5	171287852	171487852	harbor1	chr5	171298158	171298313	SINE/MIR	454	-	78	171298236	10384
chr5	171287852	171487852	harbor1	chr5	171300691	171300855	SINE/MIR	590	-	82	171300773	12921
chr5	171287852	171487852	harbor1	chr5	171303201	171303425	SINE/MIR	662	-	112	171303313	15461
chr5	171287852	171487852	harbor1	chr5	171307820	171308052	SINE/MIR	552	-	116	171307936	20084
chr5	171287852	171487852	harbor1	chr5	171318675	171318848	SINE/MIR	476	-	86	171318761	30909
chr5	171287852	171487852	harbor1	chr5	171320160	171320254	SINE/MIR	430	-	47	171320207	32355
chr5	171287852	171487852	harbor1	chr5	171321003	171321113	SINE/MIR	430	-	55	171321058	33206
chr5	171287852	171487852	harbor1	chr5	171321139	171321306	SINE/MIR	477	-	84	171321223	33371
chr5	135008381	135208381	harbor1	chr5	135016415	135016617	SINE/MIR	500	-	101	135016516	8135
chr5	135008381	135208381	harbor1	chr5	135019244	135019378	SINE/MIR	486	-	67	135019311	10930
chr5	135008381	135208381	harbor1	chr5	135056835	135057046	SINE/MIR	885	-	106	135056941	48560
chr5	135008381	135208381	harbor1	chr5	135070802	135071017	SINE/MIR	487	-	108	135070910	62529
chr5	135008381	135208381	harbor1	chr5	135072140	135072286	SINE/MIR	434	-	73	135072213	63832
chr5	135008381	135208381	harbor1	chr5	135079417	135079635	SINE/MIR	433	-	109	135079526	71145
chr5	135008381	135208381	harbor1	chr5	135105812	135106006	SINE/MIR	579	-	97	135105909	97528
chr5	134460977	134660977	harbor1	chr5	134504059	134504251	SINE/MIR	620	-	96	134504155	43178
chr5	134460977	134660977	harbor1	chr5	134519975	134520111	SINE/MIR	517	-	68	134520043	59066
chr5	134460977	134660977	harbor1	chr5	134537331	134537597	SINE/MIR	974	-	133	134537464	76487
chr5	134460977	134660977	harbor1	chr5	134557102	134557216	SINE/MIR	422	-	57	134557159	96182
chr5	134460977	134660977	harbor1	chr5	134558839	134558948	SINE/MIR	450	-	54	134558893	97916
chr5	135008344	135208344	harbor1	chr5	135016415	135016617	SINE/MIR	500	-	101	135016516	8172
chr5	135008344	135208344	harbor1	chr5	135019244	135019378	SINE/MIR	486	-	67	135019311	10967
chr5	135008344	135208344	harbor1	chr5	135056835	135057046	SINE/MIR	885	-	106	135056941	48597
chr5	135008344	135208344	harbor1	chr5	135070802	135071017	SINE/MIR	487	-	108	135070910	62566
chr5	135008344	135208344	harbor1	chr5	135072140	135072286	SINE/MIR	434	-	73	135072213	63869
chr5	135008344	135208344	harbor1	chr5	135079417	135079635	SINE/MIR	433	-	109	135079526	71182
chr5	135008344	135208344	harbor1	chr5	135105812	135106006	SINE/MIR	579	-	97	135105909	97565
chr5	52700146	52900146	harbor1	chr5	52740343	52740594	SINE/MIR	642	-	126	52740469	40323
chr5	52700146	52900146	harbor1	chr5	52784946	52785206	SINE/MIR	706	-	130	52785076	84930
chr5	168386457	168586457	harbor1	chr5	168386981	168387191	SINE/MIR	624	-	105	168387086	629
chr5	168386457	168586457	harbor1	chr5	168390821	168391082	SINE/MIR	647	-	130	168390951	4494
chr5	168386457	168586457	harbor1	chr5	168397977	168398091	SINE/MIR	438	-	57	168398034	11577
chr5	168386457	168586457	harbor1	chr5	168398394	168398466	SINE/MIR	438	-	36	168398430	11973
chr5	168386457	168586457	harbor1	chr5	168400482	168400633	SINE/MIR	435	-	76	168400558	14101
chr5	168386457	168586457	harbor1	chr5	168402564	168402764	SINE/MIR	495	-	100	168402664	16207
chr5	168386457	168586457	harbor1	chr5	168404981	168405179	SINE/MIR	526	-	99	168405080	18623
chr5	168386457	168586457	harbor1	chr5	168406371	168406594	SINE/MIR	546	-	112	168406483	20026
chr5	168386457	168586457	harbor1	chr5	168407759	168407868	SINE/MIR	663	-	54	168407813	21356
chr5	168386457	168586457	harbor1	chr5	168408154	168408282	SINE/MIR	663	-	64	168408218	21761
chr5	168386457	168586457	harbor1	chr5	168410033	168410261	SINE/MIR	477	-	114	168410147	23690
chr5	168386457	168586457	harbor1	chr5	168417423	168417604	SINE/MIR	484	-	90	168417513	31056
chr5	168386457	168586457	harbor1	chr5	168424991	168425202	SINE/MIR	473	-	106	168425097	38640
chr5	168386457	168586457	harbor1	chr5	168425378	168425482	SINE/MIR	673	-	52	168425430	38973
chr5	168386457	168586457	harbor1	chr5	168425799	168425944	SINE/MIR	673	-	72	168425871	39414
chr5	168386457	168586457	harbor1	chr5	168427266	168427485	SINE/MIR	742	-	110	168427376	40919
chr5	168386457	168586457	harbor1	chr5	168433505	168433547	SINE/MIR	638	-	21	168433526	47069
chr5	168386457	168586457	harbor1	chr5	168433837	168434027	SINE/MIR	638	-	95	168433932	47475
chr5	168386457	168586457	harbor1	chr5	168434470	168434667	SINE/MIR	491	-	98	168434568	48111
chr5	168386457	168586457	harbor1	chr5	168443847	168443995	SINE/MIR	434	-	74	168443921	57464
chr5	73351488	73551488	harbor1	chr5	73376033	73376203	SINE/MIR	651	-	85	73376118	24630
chr5	73351488	73551488	harbor1	chr5	73422872	73423123	SINE/MIR	607	-	126	73422998	71510
chr5	177411621	177611621	harbor1	chr5	177448318	177448556	SINE/MIR	784	-	119	177448437	36816
chr5	177411621	177611621	harbor1	chr5	177476647	177476808	SINE/MIR	442	-	80	177476727	65106
chr5	177411621	177611621	harbor1	chr5	177494088	177494295	SINE/MIR	492	-	104	177494192	82571
chr5	118403	318403	harbor1	chr5	216469	216669	SINE/MIR	415	-	100	216569	98166
chr5	10341929	10541929	harbor1	chr5	10354993	10355183	SINE/MIR	480	-	95	10355088	13159
chr5	10341929	10541929	harbor1	chr5	10355625	10355830	SINE/MIR	770	-	102	10355727	13798
chr5	10341929	10541929	harbor1	chr5	10378219	10378445	SINE/MIR	778	-	113	10378332	36403
chr5	52700057	52900057	harbor1	chr5	52740343	52740594	SINE/MIR	642	-	126	52740469	40412
chr5	52700057	52900057	harbor1	chr5	52784946	52785206	SINE/MIR	706	-	130	52785076	85019
chr5	73351609	73551609	harbor1	chr5	73376033	73376203	SINE/MIR	651	-	85	73376118	24509
chr5	73351609	73551609	harbor1	chr5	73422872	73423123	SINE/MIR	607	-	126	73422998	71389
chr5	137653914	137853914	harbor1	chr5	137661530	137661774	SINE/MIR	518	-	122	137661652	7738
chr5	137653914	137853914	harbor1	chr5	137667878	137668070	SINE/MIR	697	-	96	137667974	14060
chr5	137653914	137853914	harbor1	chr5	137674066	137674220	SINE/MIR	534	-	77	137674143	20229
chr5	137653914	137853914	harbor1	chr5	137675433	137675670	SINE/MIR	817	-	118	137675551	21637
chr5	137653914	137853914	harbor1	chr5	137676575	137676837	SINE/MIR	649	-	131	137676706	22792
chr5	137653914	137853914	harbor1	chr5	137682065	137682279	SINE/MIR	603	-	107	137682172	28258
chr5	137653914	137853914	harbor1	chr5	137698855	137699098	SINE/MIR	1057	-	122	137698977	45063
chr5	137653914	137853914	harbor1	chr5	137700906	137701033	SINE/MIR	448	-	64	137700970	47056
chr5	137653914	137853914	harbor1	chr5	137701348	137701449	SINE/MIR	448	-	50	137701398	47484
chr5	137653914	137853914	harbor1	chr5	137710730	137710960	SINE/MIR	831	-	115	137710845	56931
chr5	137653914	137853914	harbor1	chr5	137715828	137716023	SINE/MIR	630	-	98	137715926	62012
chr5	137653914	137853914	harbor1	chr5	137730031	137730228	SINE/MIR	540	-	98	137730129	76215
chr5	137653914	137853914	harbor1	chr5	137732727	137732965	SINE/MIR	765	-	119	137732846	78932
chr5	137653914	137853914	harbor1	chr5	137742504	137742761	SINE/MIR	924	-	128	137742632	88718
chr5	137653914	137853914	harbor1	chr5	137748523	137748735	SINE/MIR	621	-	106	137748629	94715
chr5	4784467	4984467	harbor1	chr5	4881377	4881539	SINE/MIR	558	-	81	4881458	96991
chr5	132773569	132973569	harbor1	chr5	132775393	132775597	SINE/MIR	754	-	102	132775495	1926
chr5	132773569	132973569	harbor1	chr5	132811750	132811985	SINE/MIR	687	-	118	132811868	38299
chr5	132773569	132973569	harbor1	chr5	132817788	132817990	SINE/MIR	617	-	101	132817889	44320
chr5	132773569	132973569	harbor1	chr5	132826700	132826868	SINE/MIR	498	-	84	132826784	53215
chr5	132773569	132973569	harbor1	chr5	132834053	132834257	SINE/MIR	613	-	102	132834155	60586
chr5	132773569	132973569	harbor1	chr5	132847484	132847620	SINE/MIR	491	-	68	132847552	73983
chr5	132773569	132973569	harbor1	chr5	132849048	132849265	SINE/MIR	702	-	108	132849156	75587
chr5	132773569	132973569	harbor1	chr5	132868283	132868432	SINE/MIR	417	-	74	132868357	94788
chr5	10661192	10861192	harbor1	chr5	10668542	10668700	SINE/MIR	513	-	79	10668621	7429
chr5	10661192	10861192	harbor1	chr5	10693450	10693697	SINE/MIR	447	-	124	10693574	32382
chr5	10661192	10861192	harbor1	chr5	10706240	10706480	SINE/MIR	853	-	120	10706360	45168
chr5	73345271	73545271	harbor1	chr5	73376033	73376203	SINE/MIR	651	-	85	73376118	30847
chr5	73345271	73545271	harbor1	chr5	73422872	73423123	SINE/MIR	607	-	126	73422998	77727
chr5	133166160	133366160	harbor1	chr5	133219350	133219505	SINE/MIR	487	-	78	133219428	53268
chr5	133166160	133366160	harbor1	chr5	133221531	133221662	SINE/MIR	446	-	66	133221597	55437
chr5	133166160	133366160	harbor1	chr5	133246838	133247033	SINE/MIR	599	-	98	133246936	80776
chr5	73350862	73550862	harbor1	chr5	73376033	73376203	SINE/MIR	651	-	85	73376118	25256
chr5	73350862	73550862	harbor1	chr5	73422872	73423123	SINE/MIR	607	-	126	73422998	72136
chr5	133206059	133406059	harbor1	chr5	133219350	133219505	SINE/MIR	487	-	78	133219428	13369
chr5	133206059	133406059	harbor1	chr5	133221531	133221662	SINE/MIR	446	-	66	133221597	15538
chr5	133206059	133406059	harbor1	chr5	133246838	133247033	SINE/MIR	599	-	98	133246936	40877
chr5	133206059	133406059	harbor1	chr5	133281366	133281520	SINE/MIR	520	-	77	133281443	75384
chr5	135008272	135208272	harbor1	chr5	135016415	135016617	SINE/MIR	500	-	101	135016516	8244
chr5	135008272	135208272	harbor1	chr5	135019244	135019378	SINE/MIR	486	-	67	135019311	11039
chr5	135008272	135208272	harbor1	chr5	135056835	135057046	SINE/MIR	885	-	106	135056941	48669
chr5	135008272	135208272	harbor1	chr5	135070802	135071017	SINE/MIR	487	-	108	135070910	62638
chr5	135008272	135208272	harbor1	chr5	135072140	135072286	SINE/MIR	434	-	73	135072213	63941
chr5	135008272	135208272	harbor1	chr5	135079417	135079635	SINE/MIR	433	-	109	135079526	71254
chr5	135008272	135208272	harbor1	chr5	135105812	135106006	SINE/MIR	579	-	97	135105909	97637
chr5	37740476	37940476	harbor1	chr5	37753914	37754124	SINE/MIR	672	-	105	37754019	13543
chr5	37740476	37940476	harbor1	chr5	37769828	37770011	SINE/MIR	498	-	92	37769920	29444
chr5	37740476	37940476	harbor1	chr5	37830704	37830870	SINE/MIR	429	-	83	37830787	90311
chr5	171287856	171487856	harbor1	chr5	171290864	171291103	SINE/MIR	874	-	120	171290984	3128
chr5	171287856	171487856	harbor1	chr5	171292333	171292494	SINE/MIR	555	-	80	171292413	4557
chr5	171287856	171487856	harbor1	chr5	171297774	171297846	SINE/MIR	454	-	36	171297810	9954
chr5	171287856	171487856	harbor1	chr5	171298158	171298313	SINE/MIR	454	-	78	171298236	10380
chr5	171287856	171487856	harbor1	chr5	171300691	171300855	SINE/MIR	590	-	82	171300773	12917
chr5	171287856	171487856	harbor1	chr5	171303201	171303425	SINE/MIR	662	-	112	171303313	15457
chr5	171287856	171487856	harbor1	chr5	171307820	171308052	SINE/MIR	552	-	116	171307936	20080
chr5	171287856	171487856	harbor1	chr5	171318675	171318848	SINE/MIR	476	-	86	171318761	30905
chr5	171287856	171487856	harbor1	chr5	171320160	171320254	SINE/MIR	430	-	47	171320207	32351
chr5	171287856	171487856	harbor1	chr5	171321003	171321113	SINE/MIR	430	-	55	171321058	33202
chr5	171287856	171487856	harbor1	chr5	171321139	171321306	SINE/MIR	477	-	84	171321223	33367
chr5	73345492	73545492	harbor1	chr5	73376033	73376203	SINE/MIR	651	-	85	73376118	30626
chr5	73345492	73545492	harbor1	chr5	73422872	73423123	SINE/MIR	607	-	126	73422998	77506
chr5	73345455	73545455	harbor1	chr5	73376033	73376203	SINE/MIR	651	-	85	73376118	30663
chr5	73345455	73545455	harbor1	chr5	73422872	73423123	SINE/MIR	607	-	126	73422998	77543
chr5	9114300	9314300	harbor1	chr5	9129749	9129953	SINE/MIR	530	-	102	9129851	15551
chr5	9114300	9314300	harbor1	chr5	9204498	9204708	SINE/MIR	539	-	105	9204603	90303
chr5	91002545	91202545	harbor1	chr5	91020379	91020594	SINE/MIR	573	-	108	91020487	17942
chr5	91002545	91202545	harbor1	chr5	91026032	91026177	SINE/MIR	473	-	72	91026104	23559
chr5	91002545	91202545	harbor1	chr5	91055402	91055667	SINE/MIR	682	-	132	91055534	52989
chr5	91002545	91202545	harbor1	chr5	91059132	91059378	SINE/MIR	590	-	123	91059255	56710
chr5	91002545	91202545	harbor1	chr5	91087695	91087896	SINE/MIR	764	-	100	91087795	85250
chr5	52700042	52900042	harbor1	chr5	52740343	52740594	SINE/MIR	642	-	126	52740469	40427
chr5	52700042	52900042	harbor1	chr5	52784946	52785206	SINE/MIR	706	-	130	52785076	85034
chr6	147103351	147303351	harbor1	chr6	147132892	147133125	SINE/MIR	842	-	116	147133008	29657
chr6	147103351	147303351	harbor1	chr6	147137265	147137503	SINE/MIR	666	-	119	147137384	34033
chr6	147103351	147303351	harbor1	chr6	147183327	147183492	SINE/MIR	484	-	82	147183409	80058
chr6	147103351	147303351	harbor1	chr6	147201568	147201829	SINE/MIR	532	-	130	147201698	98347
chr6	151352847	151552847	harbor1	chr6	151402408	151402587	SINE/MIR	578	-	90	151402498	49651
chr6	30588846	30788846	harbor1	chr6	30637171	30637362	SINE/MIR	452	-	96	30637267	48421
chr6	124862322	125062322	harbor1	chr6	124916785	124916936	SINE/MIR	515	-	76	124916861	54539
chr6	37070820	37270820	harbor1	chr6	37080052	37080222	SINE/MIR	600	-	85	37080137	9317
chr6	37070820	37270820	harbor1	chr6	37096047	37096259	SINE/MIR	518	-	106	37096153	25333
chr6	37070820	37270820	harbor1	chr6	37097507	37097719	SINE/MIR	806	-	106	37097613	26793
chr6	37070820	37270820	harbor1	chr6	37152648	37152778	SINE/MIR	503	-	65	37152713	81893
chr6	37070820	37270820	harbor1	chr6	37167348	37167581	SINE/MIR	711	-	116	37167464	96644
chr6	37070820	37270820	harbor1	chr6	37109550	37109790	SINE/MIR	892	-	120	37109670	38850
chr6	32869543	33069543	harbor1	chr6	32934298	32934417	SINE/MIR	442	-	60	32934358	64815
chr6	32869543	33069543	harbor1	chr6	32946989	32947089	SINE/MIR	531	-	50	32947039	77496
chr6	32869543	33069543	harbor1	chr6	32947614	32947760	SINE/MIR	463	-	73	32947687	78144
chr6	28999817	29199817	harbor1	chr6	29011858	29012050	SINE/MIR	705	-	96	29011954	12137
chr6	37002540	37202540	harbor1	chr6	37014217	37014384	SINE/MIR	778	-	84	37014301	11761
chr6	37002540	37202540	harbor1	chr6	37029047	37029242	SINE/MIR	528	-	98	37029145	26605
chr6	37002540	37202540	harbor1	chr6	37034318	37034495	SINE/MIR	480	-	88	37034406	31866
chr6	37002540	37202540	harbor1	chr6	37069392	37069601	SINE/MIR	599	-	104	37069496	66956
chr6	37002540	37202540	harbor1	chr6	37080052	37080222	SINE/MIR	600	-	85	37080137	77597
chr6	37002540	37202540	harbor1	chr6	37096047	37096259	SINE/MIR	518	-	106	37096153	93613
chr6	37002540	37202540	harbor1	chr6	37097507	37097719	SINE/MIR	806	-	106	37097613	95073
chr6	31630303	31830303	harbor1	chr6	31663516	31663725	SINE/MIR	614	-	104	31663620	33317
chr6	7332945	7532945	harbor1	chr6	7369359	7369525	SINE/MIR	477	-	83	7369442	36497
chr6	7332945	7532945	harbor1	chr6	7379379	7379527	SINE/MIR	682	-	74	7379453	46508
chr6	45540929	45740929	harbor1	chr6	45557535	45557721	SINE/MIR	609	-	93	45557628	16699
chr6	45540929	45740929	harbor1	chr6	45569730	45569921	SINE/MIR	726	-	96	45569826	28897
chr6	45540929	45740929	harbor1	chr6	45579166	45579351	SINE/MIR	566	-	92	45579258	38329
chr6	45540929	45740929	harbor1	chr6	45592563	45592769	SINE/MIR	507	-	103	45592666	51737
chr6	45540929	45740929	harbor1	chr6	45618958	45619146	SINE/MIR	575	-	94	45619052	78123
chr6	45540929	45740929	harbor1	chr6	45622623	45622841	SINE/MIR	646	-	109	45622732	81803
chr6	45540929	45740929	harbor1	chr6	45624706	45624922	SINE/MIR	457	-	108	45624814	83885
chr6	45540929	45740929	harbor1	chr6	45625357	45625484	SINE/MIR	450	-	64	45625421	84492
chr6	41537009	41737009	harbor1	chr6	41550428	41550560	SINE/MIR	512	-	66	41550494	13485
chr6	41537009	41737009	harbor1	chr6	41554022	41554200	SINE/MIR	450	-	89	41554111	17102
chr6	41537009	41737009	harbor1	chr6	41573632	41573851	SINE/MIR	731	-	110	41573742	36733
chr6	41537009	41737009	harbor1	chr6	41576705	41576895	SINE/MIR	575	-	95	41576800	39791
chr6	41537009	41737009	harbor1	chr6	41579825	41580036	SINE/MIR	883	-	106	41579931	42922
chr6	41537009	41737009	harbor1	chr6	41584462	41584669	SINE/MIR	745	-	104	41584566	47557
chr6	41537009	41737009	harbor1	chr6	41588998	41589219	SINE/MIR	863	-	110	41589108	52099
chr6	41537009	41737009	harbor1	chr6	41603368	41603515	SINE/MIR	635	-	74	41603442	66433
chr6	41537009	41737009	harbor1	chr6	41628918	41628955	SINE/MIR	612	-	18	41628936	91927
chr6	41537009	41737009	harbor1	chr6	41629260	41629390	SINE/MIR	612	-	65	41629325	92316
chr6	169864030	170064030	harbor1	chr6	169881526	169881640	SINE/MIR	462	-	57	169881583	17553
chr6	43072122	43272122	harbor1	chr6	43111561	43111663	SINE/MIR	711	-	51	43111612	39490
chr6	43072122	43272122	harbor1	chr6	43111982	43112130	SINE/MIR	726	-	74	43112056	39934
chr6	43072122	43272122	harbor1	chr6	43146755	43146939	SINE/MIR	718	-	92	43146847	74725
chr6	43072122	43272122	harbor1	chr6	43158565	43158690	SINE/MIR	477	-	62	43158627	86505
chr6	43072122	43272122	harbor1	chr6	43163982	43164166	SINE/MIR	659	-	92	43164074	91952
chr6	149350987	149550987	harbor1	chr6	149351539	149351774	SINE/MIR	751	-	118	149351657	670
chr6	149350987	149550987	harbor1	chr6	149433446	149433686	SINE/MIR	619	-	120	149433566	82579
chr6	45540939	45740939	harbor1	chr6	45557535	45557721	SINE/MIR	609	-	93	45557628	16689
chr6	45540939	45740939	harbor1	chr6	45569730	45569921	SINE/MIR	726	-	96	45569826	28887
chr6	45540939	45740939	harbor1	chr6	45579166	45579351	SINE/MIR	566	-	92	45579258	38319
chr6	45540939	45740939	harbor1	chr6	45592563	45592769	SINE/MIR	507	-	103	45592666	51727
chr6	45540939	45740939	harbor1	chr6	45618958	45619146	SINE/MIR	575	-	94	45619052	78113
chr6	45540939	45740939	harbor1	chr6	45622623	45622841	SINE/MIR	646	-	109	45622732	81793
chr6	45540939	45740939	harbor1	chr6	45624706	45624922	SINE/MIR	457	-	108	45624814	83875
chr6	45540939	45740939	harbor1	chr6	45625357	45625484	SINE/MIR	450	-	64	45625421	84482
chr6	63473404	63673404	harbor1	chr6	63488242	63488441	SINE/MIR	603	-	100	63488342	14938
chr6	63473404	63673404	harbor1	chr6	63495176	63495402	SINE/MIR	635	-	113	63495289	21885
chr6	63473404	63673404	harbor1	chr6	63496561	63496618	SINE/MIR	506	-	28	63496589	23185
chr6	63473404	63673404	harbor1	chr6	63496752	63496887	SINE/MIR	506	-	68	63496820	23416
chr6	63473404	63673404	harbor1	chr6	63521873	63522059	SINE/MIR	549	-	93	63521966	48562
chr6	169862720	170062720	harbor1	chr6	169881526	169881640	SINE/MIR	462	-	57	169881583	18863
chr6	41091927	41291927	harbor1	chr6	41141400	41141553	SINE/MIR	450	-	76	41141476	49549
chr6	41091927	41291927	harbor1	chr6	41175259	41175447	SINE/MIR	644	-	94	41175353	83426
chr6	41091927	41291927	harbor1	chr6	41190478	41190680	SINE/MIR	459	-	101	41190579	98652
chr6	45540991	45740991	harbor1	chr6	45557535	45557721	SINE/MIR	609	-	93	45557628	16637
chr6	45540991	45740991	harbor1	chr6	45569730	45569921	SINE/MIR	726	-	96	45569826	28835
chr6	45540991	45740991	harbor1	chr6	45579166	45579351	SINE/MIR	566	-	92	45579258	38267
chr6	45540991	45740991	harbor1	chr6	45592563	45592769	SINE/MIR	507	-	103	45592666	51675
chr6	45540991	45740991	harbor1	chr6	45618958	45619146	SINE/MIR	575	-	94	45619052	78061
chr6	45540991	45740991	harbor1	chr6	45622623	45622841	SINE/MIR	646	-	109	45622732	81741
chr6	45540991	45740991	harbor1	chr6	45624706	45624922	SINE/MIR	457	-	108	45624814	83823
chr6	45540991	45740991	harbor1	chr6	45625357	45625484	SINE/MIR	450	-	64	45625421	84430
chr6	37070848	37270848	harbor1	chr6	37080052	37080222	SINE/MIR	600	-	85	37080137	9289
chr6	37070848	37270848	harbor1	chr6	37096047	37096259	SINE/MIR	518	-	106	37096153	25305
chr6	37070848	37270848	harbor1	chr6	37097507	37097719	SINE/MIR	806	-	106	37097613	26765
chr6	37070848	37270848	harbor1	chr6	37152648	37152778	SINE/MIR	503	-	65	37152713	81865
chr6	37070848	37270848	harbor1	chr6	37167348	37167581	SINE/MIR	711	-	116	37167464	96616
chr6	37070848	37270848	harbor1	chr6	37109550	37109790	SINE/MIR	892	-	120	37109670	38822
chr6	35352657	35552657	harbor1	chr6	35359736	35359932	SINE/MIR	898	-	98	35359834	7177
chr6	35352657	35552657	harbor1	chr6	35360421	35360578	SINE/MIR	496	-	78	35360499	7842
chr6	35352657	35552657	harbor1	chr6	35391797	35391944	SINE/MIR	598	-	74	35391871	39214
chr6	35352657	35552657	harbor1	chr6	35394821	35395070	SINE/MIR	452	-	124	35394945	42288
chr6	35352657	35552657	harbor1	chr6	35425394	35425604	SINE/MIR	576	-	105	35425499	72842
chr6	35352657	35552657	harbor1	chr6	35441731	35441913	SINE/MIR	667	-	91	35441822	89165
chr6	35352657	35552657	harbor1	chr6	35442068	35442106	SINE/MIR	667	-	19	35442087	89430
chr6	2665180	2865180	harbor1	chr6	2694672	2694896	SINE/MIR	541	-	112	2694784	29604
chr6	2665180	2865180	harbor1	chr6	2717636	2717818	SINE/MIR	528	-	91	2717727	52547
chr6	2665180	2865180	harbor1	chr6	2735891	2736079	SINE/MIR	564	-	94	2735985	70805
chr6	2665180	2865180	harbor1	chr6	2761540	2761745	SINE/MIR	575	-	102	2761642	96462
chr6	167788720	167988720	harbor1	chr6	167837560	167837804	SINE/MIR	736	-	122	167837682	48962
chr6	7623404	7823404	harbor1	chr6	7625241	7625463	SINE/MIR	634	-	111	7625352	1948
chr6	37070842	37270842	harbor1	chr6	37080052	37080222	SINE/MIR	600	-	85	37080137	9295
chr6	37070842	37270842	harbor1	chr6	37096047	37096259	SINE/MIR	518	-	106	37096153	25311
chr6	37070842	37270842	harbor1	chr6	37097507	37097719	SINE/MIR	806	-	106	37097613	26771
chr6	37070842	37270842	harbor1	chr6	37152648	37152778	SINE/MIR	503	-	65	37152713	81871
chr6	37070842	37270842	harbor1	chr6	37167348	37167581	SINE/MIR	711	-	116	37167464	96622
chr6	37070842	37270842	harbor1	chr6	37109550	37109790	SINE/MIR	892	-	120	37109670	38828
chr6	161052402	161252402	harbor1	chr6	161105281	161105536	SINE/MIR	909	-	128	161105409	53007
chr6	161052402	161252402	harbor1	chr6	161151570	161151770	SINE/MIR	606	-	100	161151670	99268
chr6	31630517	31830517	harbor1	chr6	31663516	31663725	SINE/MIR	614	-	104	31663620	33103
chr6	6446445	6646445	harbor1	chr6	6472248	6472457	SINE/MIR	483	-	104	6472352	25907
chr6	6446445	6646445	harbor1	chr6	6472979	6473048	SINE/MIR	500	-	34	6473013	26568
chr6	6446445	6646445	harbor1	chr6	6473138	6473297	SINE/MIR	500	-	80	6473218	26773
chr6	6446445	6646445	harbor1	chr6	6475990	6476223	SINE/MIR	784	-	116	6476106	29661
chr6	6446445	6646445	harbor1	chr6	6522628	6522876	SINE/MIR	486	-	124	6522752	76307
chr6	6446445	6646445	harbor1	chr6	6533821	6534039	SINE/MIR	447	-	109	6533930	87485
chr6	6446445	6646445	harbor1	chr6	6455164	6455375	SINE/MIR	450	-	106	6455270	8825
chr6	45533773	45733773	harbor1	chr6	45557535	45557721	SINE/MIR	609	-	93	45557628	23855
chr6	45533773	45733773	harbor1	chr6	45569730	45569921	SINE/MIR	726	-	96	45569826	36053
chr6	45533773	45733773	harbor1	chr6	45579166	45579351	SINE/MIR	566	-	92	45579258	45485
chr6	45533773	45733773	harbor1	chr6	45592563	45592769	SINE/MIR	507	-	103	45592666	58893
chr6	45533773	45733773	harbor1	chr6	45618958	45619146	SINE/MIR	575	-	94	45619052	85279
chr6	45533773	45733773	harbor1	chr6	45622623	45622841	SINE/MIR	646	-	109	45622732	88959
chr6	45533773	45733773	harbor1	chr6	45624706	45624922	SINE/MIR	457	-	108	45624814	91041
chr6	45533773	45733773	harbor1	chr6	45625357	45625484	SINE/MIR	450	-	64	45625421	91648
chr6	127167321	127367321	harbor1	chr6	127180829	127181013	SINE/MIR	459	-	92	127180921	13600
chr6	127167321	127367321	harbor1	chr6	127192305	127192571	SINE/MIR	653	-	133	127192438	25117
chr6	127167321	127367321	harbor1	chr6	127199888	127200099	SINE/MIR	615	-	106	127199994	32673
chr6	127167321	127367321	harbor1	chr6	127225044	127225322	SINE/MIR	623	-	139	127225183	57862
chr6	63473429	63673429	harbor1	chr6	63488242	63488441	SINE/MIR	603	-	100	63488342	14913
chr6	63473429	63673429	harbor1	chr6	63495176	63495402	SINE/MIR	635	-	113	63495289	21860
chr6	63473429	63673429	harbor1	chr6	63496561	63496618	SINE/MIR	506	-	28	63496589	23160
chr6	63473429	63673429	harbor1	chr6	63496752	63496887	SINE/MIR	506	-	68	63496820	23391
chr6	63473429	63673429	harbor1	chr6	63521873	63522059	SINE/MIR	549	-	93	63521966	48537
chr6	43872397	44072397	harbor1	chr6	43890291	43890506	SINE/MIR	527	-	108	43890399	18002
chr6	43872397	44072397	harbor1	chr6	43896300	43896504	SINE/MIR	658	-	102	43896402	24005
chr6	43872397	44072397	harbor1	chr6	43899877	43900089	SINE/MIR	856	-	106	43899983	27586
chr6	43872397	44072397	harbor1	chr6	43907548	43907769	SINE/MIR	666	-	110	43907658	35261
chr6	43872397	44072397	harbor1	chr6	43909488	43909751	SINE/MIR	994	-	132	43909620	37223
chr6	43872397	44072397	harbor1	chr6	43912245	43912438	SINE/MIR	477	-	96	43912341	39944
chr6	43872397	44072397	harbor1	chr6	43915255	43915435	SINE/MIR	553	-	90	43915345	42948
chr6	43872397	44072397	harbor1	chr6	43916717	43916936	SINE/MIR	661	-	110	43916827	44430
chr6	43872397	44072397	harbor1	chr6	43917144	43917164	SINE/MIR	661	-	10	43917154	44757
chr6	43872397	44072397	harbor1	chr6	43939152	43939383	SINE/MIR	591	-	116	43939268	66871
chr6	43872397	44072397	harbor1	chr6	43953451	43953618	SINE/MIR	473	-	84	43953535	81138
chr6	43872397	44072397	harbor1	chr6	43970101	43970285	SINE/MIR	755	-	92	43970193	97796
chr6	43872397	44072397	harbor1	chr6	43971283	43971492	SINE/MIR	448	-	104	43971387	98990
chr6	43872397	44072397	harbor1	chr6	43892584	43892897	SINE/MIR	593	-	156	43892740	20343
chr6	37070850	37270850	harbor1	chr6	37080052	37080222	SINE/MIR	600	-	85	37080137	9287
chr6	37070850	37270850	harbor1	chr6	37096047	37096259	SINE/MIR	518	-	106	37096153	25303
chr6	37070850	37270850	harbor1	chr6	37097507	37097719	SINE/MIR	806	-	106	37097613	26763
chr6	37070850	37270850	harbor1	chr6	37152648	37152778	SINE/MIR	503	-	65	37152713	81863
chr6	37070850	37270850	harbor1	chr6	37167348	37167581	SINE/MIR	711	-	116	37167464	96614
chr6	37070850	37270850	harbor1	chr6	37109550	37109790	SINE/MIR	892	-	120	37109670	38820
chr6	37070872	37270872	harbor1	chr6	37080052	37080222	SINE/MIR	600	-	85	37080137	9265
chr6	37070872	37270872	harbor1	chr6	37096047	37096259	SINE/MIR	518	-	106	37096153	25281
chr6	37070872	37270872	harbor1	chr6	37097507	37097719	SINE/MIR	806	-	106	37097613	26741
chr6	37070872	37270872	harbor1	chr6	37152648	37152778	SINE/MIR	503	-	65	37152713	81841
chr6	37070872	37270872	harbor1	chr6	37167348	37167581	SINE/MIR	711	-	116	37167464	96592
chr6	37070872	37270872	harbor1	chr6	37109550	37109790	SINE/MIR	892	-	120	37109670	38798
chr6	37070838	37270838	harbor1	chr6	37080052	37080222	SINE/MIR	600	-	85	37080137	9299
chr6	37070838	37270838	harbor1	chr6	37096047	37096259	SINE/MIR	518	-	106	37096153	25315
chr6	37070838	37270838	harbor1	chr6	37097507	37097719	SINE/MIR	806	-	106	37097613	26775
chr6	37070838	37270838	harbor1	chr6	37152648	37152778	SINE/MIR	503	-	65	37152713	81875
chr6	37070838	37270838	harbor1	chr6	37167348	37167581	SINE/MIR	711	-	116	37167464	96626
chr6	37070838	37270838	harbor1	chr6	37109550	37109790	SINE/MIR	892	-	120	37109670	38832
chr6	165559080	165759080	harbor1	chr6	165583072	165583263	SINE/MIR	682	-	96	165583168	24088
chr6	165559080	165759080	harbor1	chr6	165590245	165590405	SINE/MIR	611	-	80	165590325	31245
chr6	165559080	165759080	harbor1	chr6	165594949	165595086	SINE/MIR	524	-	68	165595017	35937
chr6	33522113	33722113	harbor1	chr6	33586146	33586338	SINE/MIR	546	-	96	33586242	64129
chr6	127167375	127367375	harbor1	chr6	127180829	127181013	SINE/MIR	459	-	92	127180921	13546
chr6	127167375	127367375	harbor1	chr6	127192305	127192571	SINE/MIR	653	-	133	127192438	25063
chr6	127167375	127367375	harbor1	chr6	127199888	127200099	SINE/MIR	615	-	106	127199994	32619
chr6	127167375	127367375	harbor1	chr6	127225044	127225322	SINE/MIR	623	-	139	127225183	57808
chr6	127167314	127367314	harbor1	chr6	127180829	127181013	SINE/MIR	459	-	92	127180921	13607
chr6	127167314	127367314	harbor1	chr6	127192305	127192571	SINE/MIR	653	-	133	127192438	25124
chr6	127167314	127367314	harbor1	chr6	127199888	127200099	SINE/MIR	615	-	106	127199994	32680
chr6	127167314	127367314	harbor1	chr6	127225044	127225322	SINE/MIR	623	-	139	127225183	57869
chr6	52184772	52384772	harbor1	chr6	52232780	52233013	SINE/MIR	732	-	116	52232896	48124
chr6	52184772	52384772	harbor1	chr6	52241614	52241838	SINE/MIR	462	-	112	52241726	56954
chr6	52184772	52384772	harbor1	chr6	52242929	52243094	SINE/MIR	525	-	82	52243011	58239
chr6	52184772	52384772	harbor1	chr6	52280356	52280587	SINE/MIR	838	-	116	52280472	95700
chr6	52184772	52384772	harbor1	chr6	52232165	52232300	SINE/MIR	595	-	68	52232233	47461
chr6	169864008	170064008	harbor1	chr6	169881526	169881640	SINE/MIR	462	-	57	169881583	17575
chr6	127167318	127367318	harbor1	chr6	127180829	127181013	SINE/MIR	459	-	92	127180921	13603
chr6	127167318	127367318	harbor1	chr6	127192305	127192571	SINE/MIR	653	-	133	127192438	25120
chr6	127167318	127367318	harbor1	chr6	127199888	127200099	SINE/MIR	615	-	106	127199994	32676
chr6	127167318	127367318	harbor1	chr6	127225044	127225322	SINE/MIR	623	-	139	127225183	57865
chr6	45540956	45740956	harbor1	chr6	45557535	45557721	SINE/MIR	609	-	93	45557628	16672
chr6	45540956	45740956	harbor1	chr6	45569730	45569921	SINE/MIR	726	-	96	45569826	28870
chr6	45540956	45740956	harbor1	chr6	45579166	45579351	SINE/MIR	566	-	92	45579258	38302
chr6	45540956	45740956	harbor1	chr6	45592563	45592769	SINE/MIR	507	-	103	45592666	51710
chr6	45540956	45740956	harbor1	chr6	45618958	45619146	SINE/MIR	575	-	94	45619052	78096
chr6	45540956	45740956	harbor1	chr6	45622623	45622841	SINE/MIR	646	-	109	45622732	81776
chr6	45540956	45740956	harbor1	chr6	45624706	45624922	SINE/MIR	457	-	108	45624814	83858
chr6	45540956	45740956	harbor1	chr6	45625357	45625484	SINE/MIR	450	-	64	45625421	84465
chr6	45541064	45741064	harbor1	chr6	45557535	45557721	SINE/MIR	609	-	93	45557628	16564
chr6	45541064	45741064	harbor1	chr6	45569730	45569921	SINE/MIR	726	-	96	45569826	28762
chr6	45541064	45741064	harbor1	chr6	45579166	45579351	SINE/MIR	566	-	92	45579258	38194
chr6	45541064	45741064	harbor1	chr6	45592563	45592769	SINE/MIR	507	-	103	45592666	51602
chr6	45541064	45741064	harbor1	chr6	45618958	45619146	SINE/MIR	575	-	94	45619052	77988
chr6	45541064	45741064	harbor1	chr6	45622623	45622841	SINE/MIR	646	-	109	45622732	81668
chr6	45541064	45741064	harbor1	chr6	45624706	45624922	SINE/MIR	457	-	108	45624814	83750
chr6	45541064	45741064	harbor1	chr6	45625357	45625484	SINE/MIR	450	-	64	45625421	84357
chr6	43738762	43938762	harbor1	chr6	43757694	43757898	SINE/MIR	744	-	102	43757796	19034
chr6	43738762	43938762	harbor1	chr6	43760574	43760710	SINE/MIR	459	-	68	43760642	21880
chr6	43738762	43938762	harbor1	chr6	43763693	43763910	SINE/MIR	639	-	108	43763801	25039
chr6	43738762	43938762	harbor1	chr6	43765849	43766020	SINE/MIR	650	-	86	43765935	27173
chr6	43738762	43938762	harbor1	chr6	43789821	43790003	SINE/MIR	700	-	91	43789912	51150
chr6	43738762	43938762	harbor1	chr6	43807171	43807366	SINE/MIR	447	-	98	43807269	68507
chr6	43738762	43938762	harbor1	chr6	43830645	43830837	SINE/MIR	487	-	96	43830741	91979
chr6	42952369	43152369	harbor1	chr6	42985318	42985477	SINE/MIR	616	-	80	42985398	33029
chr6	42952369	43152369	harbor1	chr6	42987481	42987632	SINE/MIR	551	-	76	42987557	35188
chr6	42952369	43152369	harbor1	chr6	42993897	42994026	SINE/MIR	790	-	64	42993961	41592
chr6	42952369	43152369	harbor1	chr6	42994300	42994390	SINE/MIR	790	-	45	42994345	41976
chr6	42952369	43152369	harbor1	chr6	43001974	43002146	SINE/MIR	579	-	86	43002060	49691
chr6	52476001	52676001	harbor1	chr6	52541237	52541371	SINE/MIR	537	-	67	52541304	65303
chr6	52476001	52676001	harbor1	chr6	52548482	52548703	SINE/MIR	530	-	110	52548592	72591
chr6	52476001	52676001	harbor1	chr6	52557345	52557579	SINE/MIR	492	-	117	52557462	81461
chr6	127167369	127367369	harbor1	chr6	127180829	127181013	SINE/MIR	459	-	92	127180921	13552
chr6	127167369	127367369	harbor1	chr6	127192305	127192571	SINE/MIR	653	-	133	127192438	25069
chr6	127167369	127367369	harbor1	chr6	127199888	127200099	SINE/MIR	615	-	106	127199994	32625
chr6	127167369	127367369	harbor1	chr6	127225044	127225322	SINE/MIR	623	-	139	127225183	57814
chr6	45540952	45740952	harbor1	chr6	45557535	45557721	SINE/MIR	609	-	93	45557628	16676
chr6	45540952	45740952	harbor1	chr6	45569730	45569921	SINE/MIR	726	-	96	45569826	28874
chr6	45540952	45740952	harbor1	chr6	45579166	45579351	SINE/MIR	566	-	92	45579258	38306
chr6	45540952	45740952	harbor1	chr6	45592563	45592769	SINE/MIR	507	-	103	45592666	51714
chr6	45540952	45740952	harbor1	chr6	45618958	45619146	SINE/MIR	575	-	94	45619052	78100
chr6	45540952	45740952	harbor1	chr6	45622623	45622841	SINE/MIR	646	-	109	45622732	81780
chr6	45540952	45740952	harbor1	chr6	45624706	45624922	SINE/MIR	457	-	108	45624814	83862
chr6	45540952	45740952	harbor1	chr6	45625357	45625484	SINE/MIR	450	-	64	45625421	84469
chr6	37002552	37202552	harbor1	chr6	37014217	37014384	SINE/MIR	778	-	84	37014301	11749
chr6	37002552	37202552	harbor1	chr6	37029047	37029242	SINE/MIR	528	-	98	37029145	26593
chr6	37002552	37202552	harbor1	chr6	37034318	37034495	SINE/MIR	480	-	88	37034406	31854
chr6	37002552	37202552	harbor1	chr6	37069392	37069601	SINE/MIR	599	-	104	37069496	66944
chr6	37002552	37202552	harbor1	chr6	37080052	37080222	SINE/MIR	600	-	85	37080137	77585
chr6	37002552	37202552	harbor1	chr6	37096047	37096259	SINE/MIR	518	-	106	37096153	93601
chr6	37002552	37202552	harbor1	chr6	37097507	37097719	SINE/MIR	806	-	106	37097613	95061
chr6	108461047	108661047	harbor1	chr6	108480268	108480485	SINE/MIR	936	-	108	108480376	19329
chr6	108461047	108661047	harbor1	chr6	108508018	108508226	SINE/MIR	688	-	104	108508122	47075
chr6	108461047	108661047	harbor1	chr6	108519981	108520174	SINE/MIR	519	-	96	108520077	59030
chr6	108461047	108661047	harbor1	chr6	108525593	108525716	SINE/MIR	485	-	62	108525655	64608
chr6	27415396	27615396	harbor1	chr6	27513887	27514058	SINE/MIR	625	-	86	27513973	98577
chr6	52184695	52384695	harbor1	chr6	52232780	52233013	SINE/MIR	732	-	116	52232896	48201
chr6	52184695	52384695	harbor1	chr6	52241614	52241838	SINE/MIR	462	-	112	52241726	57031
chr6	52184695	52384695	harbor1	chr6	52242929	52243094	SINE/MIR	525	-	82	52243011	58316
chr6	52184695	52384695	harbor1	chr6	52280356	52280587	SINE/MIR	838	-	116	52280472	95777
chr6	52184695	52384695	harbor1	chr6	52232165	52232300	SINE/MIR	595	-	68	52232233	47538
chr6	3749398	3949398	harbor1	chr6	3796988	3797224	SINE/MIR	596	-	118	3797106	47708
chr6	3749398	3949398	harbor1	chr6	3806942	3807003	SINE/MIR	481	-	30	3806972	57574
chr6	3749398	3949398	harbor1	chr6	3807306	3807430	SINE/MIR	481	-	62	3807368	57970
chr6	3749398	3949398	harbor1	chr6	3826838	3827025	SINE/MIR	728	-	94	3826932	77534
chr6	150800581	151000581	harbor1	chr6	150814463	150814663	SINE/MIR	590	-	100	150814563	13982
chr6	39128541	39328541	harbor1	chr6	39146868	39147024	SINE/MIR	482	-	78	39146946	18405
chr6	39128541	39328541	harbor1	chr6	39180295	39180407	SINE/MIR	442	-	56	39180351	51810
chr6	39128541	39328541	harbor1	chr6	39200348	39200588	SINE/MIR	503	-	120	39200468	71927
chr6	147063104	147263104	harbor1	chr6	147080433	147080591	SINE/MIR	510	-	79	147080512	17408
chr6	147063104	147263104	harbor1	chr6	147100971	147101065	SINE/MIR	453	-	47	147101018	37914
chr6	147063104	147263104	harbor1	chr6	147132892	147133125	SINE/MIR	842	-	116	147133008	69904
chr6	147063104	147263104	harbor1	chr6	147137265	147137503	SINE/MIR	666	-	119	147137384	74280
chr6	124862409	125062409	harbor1	chr6	124916785	124916936	SINE/MIR	515	-	76	124916861	54452
chr6	169863974	170063974	harbor1	chr6	169881526	169881640	SINE/MIR	462	-	57	169881583	17609
chr6	135363713	135563713	harbor1	chr6	135409970	135410089	SINE/MIR	470	-	60	135410030	46317
chr6	135363713	135563713	harbor1	chr6	135410400	135410527	SINE/MIR	470	-	64	135410464	46751
chr6	135363713	135563713	harbor1	chr6	135425497	135425750	SINE/MIR	512	-	126	135425623	61910
chr6	146813086	147013086	harbor1	chr6	146870112	146870284	SINE/MIR	478	-	86	146870198	57112
chr6	106529506	106729506	harbor1	chr6	106573536	106573744	SINE/MIR	808	-	104	106573640	44134
chr6	106529506	106729506	harbor1	chr6	106587329	106587585	SINE/MIR	990	-	128	106587457	57951
chr6	130963222	131163222	harbor1	chr6	130964721	130964918	SINE/MIR	577	-	98	130964819	1597
chr6	130963222	131163222	harbor1	chr6	131021716	131021877	SINE/MIR	474	-	80	131021796	58574
chr6	130963222	131163222	harbor1	chr6	131056661	131056847	SINE/MIR	541	-	93	131056754	93532
chr6	133853442	134053442	harbor1	chr6	133868614	133868835	SINE/MIR	515	-	110	133868724	15282
chr6	133853442	134053442	harbor1	chr6	133879699	133879916	SINE/MIR	458	-	108	133879807	26365
chr6	133853442	134053442	harbor1	chr6	133899102	133899277	SINE/MIR	476	-	88	133899190	45748
chr6	133853442	134053442	harbor1	chr6	133922514	133922722	SINE/MIR	644	-	104	133922618	69176
chr6	27415400	27615400	harbor1	chr6	27513887	27514058	SINE/MIR	625	-	86	27513973	98573
chr6	41091934	41291934	harbor1	chr6	41141400	41141553	SINE/MIR	450	-	76	41141476	49542
chr6	41091934	41291934	harbor1	chr6	41175259	41175447	SINE/MIR	644	-	94	41175353	83419
chr6	41091934	41291934	harbor1	chr6	41190478	41190680	SINE/MIR	459	-	101	41190579	98645
chr6	37070864	37270864	harbor1	chr6	37080052	37080222	SINE/MIR	600	-	85	37080137	9273
chr6	37070864	37270864	harbor1	chr6	37096047	37096259	SINE/MIR	518	-	106	37096153	25289
chr6	37070864	37270864	harbor1	chr6	37097507	37097719	SINE/MIR	806	-	106	37097613	26749
chr6	37070864	37270864	harbor1	chr6	37152648	37152778	SINE/MIR	503	-	65	37152713	81849
chr6	37070864	37270864	harbor1	chr6	37167348	37167581	SINE/MIR	711	-	116	37167464	96600
chr6	37070864	37270864	harbor1	chr6	37109550	37109790	SINE/MIR	892	-	120	37109670	38806
chr6	127167312	127367312	harbor1	chr6	127180829	127181013	SINE/MIR	459	-	92	127180921	13609
chr6	127167312	127367312	harbor1	chr6	127192305	127192571	SINE/MIR	653	-	133	127192438	25126
chr6	127167312	127367312	harbor1	chr6	127199888	127200099	SINE/MIR	615	-	106	127199994	32682
chr6	127167312	127367312	harbor1	chr6	127225044	127225322	SINE/MIR	623	-	139	127225183	57871
chr6	124862399	125062399	harbor1	chr6	124916785	124916936	SINE/MIR	515	-	76	124916861	54462
chr6	35589290	35789290	harbor1	chr6	35595032	35595155	SINE/MIR	451	-	62	35595094	5804
chr6	35589290	35789290	harbor1	chr6	35639149	35639319	SINE/MIR	554	-	85	35639234	49944
chr6	35589290	35789290	harbor1	chr6	35674601	35674775	SINE/MIR	484	-	87	35674688	85398
chr6	35589290	35789290	harbor1	chr6	35675025	35675264	SINE/MIR	651	-	120	35675145	85855
chr6	35589290	35789290	harbor1	chr6	35676382	35676563	SINE/MIR	447	-	90	35676472	87182
chr6	169864066	170064066	harbor1	chr6	169881526	169881640	SINE/MIR	462	-	57	169881583	17517
chr6	37070857	37270857	harbor1	chr6	37080052	37080222	SINE/MIR	600	-	85	37080137	9280
chr6	37070857	37270857	harbor1	chr6	37096047	37096259	SINE/MIR	518	-	106	37096153	25296
chr6	37070857	37270857	harbor1	chr6	37097507	37097719	SINE/MIR	806	-	106	37097613	26756
chr6	37070857	37270857	harbor1	chr6	37152648	37152778	SINE/MIR	503	-	65	37152713	81856
chr6	37070857	37270857	harbor1	chr6	37167348	37167581	SINE/MIR	711	-	116	37167464	96607
chr6	37070857	37270857	harbor1	chr6	37109550	37109790	SINE/MIR	892	-	120	37109670	38813
chr6	37002937	37202937	harbor1	chr6	37014217	37014384	SINE/MIR	778	-	84	37014301	11364
chr6	37002937	37202937	harbor1	chr6	37029047	37029242	SINE/MIR	528	-	98	37029145	26208
chr6	37002937	37202937	harbor1	chr6	37034318	37034495	SINE/MIR	480	-	88	37034406	31469
chr6	37002937	37202937	harbor1	chr6	37069392	37069601	SINE/MIR	599	-	104	37069496	66559
chr6	37002937	37202937	harbor1	chr6	37080052	37080222	SINE/MIR	600	-	85	37080137	77200
chr6	37002937	37202937	harbor1	chr6	37096047	37096259	SINE/MIR	518	-	106	37096153	93216
chr6	37002937	37202937	harbor1	chr6	37097507	37097719	SINE/MIR	806	-	106	37097613	94676
chr6	170062470	170262470	harbor1	chr6	170084104	170084304	SINE/MIR	549	-	100	170084204	21734
chr6	11714941	11914941	harbor1	chr6	11719892	11720130	SINE/MIR	479	-	119	11720011	5070
chr6	11714941	11914941	harbor1	chr6	11780413	11780628	SINE/MIR	488	-	108	11780521	65580
chr6	11714941	11914941	harbor1	chr6	11797423	11797653	SINE/MIR	484	-	115	11797538	82597
chr6	37070849	37270849	harbor1	chr6	37080052	37080222	SINE/MIR	600	-	85	37080137	9288
chr6	37070849	37270849	harbor1	chr6	37096047	37096259	SINE/MIR	518	-	106	37096153	25304
chr6	37070849	37270849	harbor1	chr6	37097507	37097719	SINE/MIR	806	-	106	37097613	26764
chr6	37070849	37270849	harbor1	chr6	37152648	37152778	SINE/MIR	503	-	65	37152713	81864
chr6	37070849	37270849	harbor1	chr6	37167348	37167581	SINE/MIR	711	-	116	37167464	96615
chr6	37070849	37270849	harbor1	chr6	37109550	37109790	SINE/MIR	892	-	120	37109670	38821
chr6	45540949	45740949	harbor1	chr6	45557535	45557721	SINE/MIR	609	-	93	45557628	16679
chr6	45540949	45740949	harbor1	chr6	45569730	45569921	SINE/MIR	726	-	96	45569826	28877
chr6	45540949	45740949	harbor1	chr6	45579166	45579351	SINE/MIR	566	-	92	45579258	38309
chr6	45540949	45740949	harbor1	chr6	45592563	45592769	SINE/MIR	507	-	103	45592666	51717
chr6	45540949	45740949	harbor1	chr6	45618958	45619146	SINE/MIR	575	-	94	45619052	78103
chr6	45540949	45740949	harbor1	chr6	45622623	45622841	SINE/MIR	646	-	109	45622732	81783
chr6	45540949	45740949	harbor1	chr6	45624706	45624922	SINE/MIR	457	-	108	45624814	83865
chr6	45540949	45740949	harbor1	chr6	45625357	45625484	SINE/MIR	450	-	64	45625421	84472
chr6	33104683	33304683	harbor1	chr6	33114687	33114886	SINE/MIR	504	-	100	33114787	10104
chr6	33104683	33304683	harbor1	chr6	33186944	33187161	SINE/MIR	483	-	108	33187052	82369
chr6	33104683	33304683	harbor1	chr6	33188634	33188787	SINE/MIR	465	-	76	33188710	84027
chr6	41832810	42032810	harbor1	chr6	41870144	41870359	SINE/MIR	566	-	108	41870252	37442
chr6	41832810	42032810	harbor1	chr6	41874483	41874659	SINE/MIR	727	-	88	41874571	41761
chr6	41832810	42032810	harbor1	chr6	41900455	41900664	SINE/MIR	559	-	104	41900559	67749
chr6	41832810	42032810	harbor1	chr6	41918113	41918222	SINE/MIR	840	-	54	41918167	85357
chr6	41832810	42032810	harbor1	chr6	41919153	41919284	SINE/MIR	840	-	66	41919219	86409
chr6	41832810	42032810	harbor1	chr6	41929671	41929892	SINE/MIR	1038	-	110	41929781	96971
chr6	31996199	32196199	harbor1	chr6	32047390	32047540	SINE/MIR	450	-	75	32047465	51266
chr6	31996199	32196199	harbor1	chr6	32048774	32048983	SINE/MIR	472	-	104	32048878	52679
chr6	31996199	32196199	harbor1	chr6	32078733	32078881	SINE/MIR	676	-	74	32078807	82608
chr6	31996199	32196199	harbor1	chr6	32080511	32080719	SINE/MIR	882	-	104	32080615	84416
chr6	31996199	32196199	harbor1	chr6	32089531	32089737	SINE/MIR	864	-	103	32089634	93435
chr6	150800587	151000587	harbor1	chr6	150814463	150814663	SINE/MIR	590	-	100	150814563	13976
chr6	41448352	41648352	harbor1	chr6	41460786	41460952	SINE/MIR	661	-	83	41460869	12517
chr6	41448352	41648352	harbor1	chr6	41476326	41476544	SINE/MIR	652	-	109	41476435	28083
chr6	41448352	41648352	harbor1	chr6	41486345	41486539	SINE/MIR	720	-	97	41486442	38090
chr6	41448352	41648352	harbor1	chr6	41490505	41490690	SINE/MIR	499	-	92	41490597	42245
chr6	41448352	41648352	harbor1	chr6	41493618	41493874	SINE/MIR	513	-	128	41493746	45394
chr6	41448352	41648352	harbor1	chr6	41496596	41496834	SINE/MIR	719	-	119	41496715	48363
chr6	41448352	41648352	harbor1	chr6	41498921	41499161	SINE/MIR	491	-	120	41499041	50689
chr6	41448352	41648352	harbor1	chr6	41500676	41500836	SINE/MIR	440	-	80	41500756	52404
chr6	41448352	41648352	harbor1	chr6	41506109	41506352	SINE/MIR	657	-	122	41506231	57879
chr6	41448352	41648352	harbor1	chr6	41508890	41509118	SINE/MIR	485	-	114	41509004	60652
chr6	41448352	41648352	harbor1	chr6	41526737	41526894	SINE/MIR	501	-	78	41526815	78463
chr6	41448352	41648352	harbor1	chr6	41527330	41527571	SINE/MIR	607	-	120	41527450	79098
chr6	36969380	37169380	harbor1	chr6	36990749	36990954	SINE/MIR	794	-	102	36990851	21471
chr6	36969380	37169380	harbor1	chr6	37001446	37001633	SINE/MIR	616	-	94	37001540	32160
chr6	36969380	37169380	harbor1	chr6	37014217	37014384	SINE/MIR	778	-	84	37014301	44921
chr6	36969380	37169380	harbor1	chr6	37029047	37029242	SINE/MIR	528	-	98	37029145	59765
chr6	36969380	37169380	harbor1	chr6	37034318	37034495	SINE/MIR	480	-	88	37034406	65026
chr6	52184723	52384723	harbor1	chr6	52232780	52233013	SINE/MIR	732	-	116	52232896	48173
chr6	52184723	52384723	harbor1	chr6	52241614	52241838	SINE/MIR	462	-	112	52241726	57003
chr6	52184723	52384723	harbor1	chr6	52242929	52243094	SINE/MIR	525	-	82	52243011	58288
chr6	52184723	52384723	harbor1	chr6	52280356	52280587	SINE/MIR	838	-	116	52280472	95749
chr6	52184723	52384723	harbor1	chr6	52232165	52232300	SINE/MIR	595	-	68	52232233	47510
chr6	3682582	3882582	harbor1	chr6	3711091	3711286	SINE/MIR	700	-	98	3711189	28607
chr6	41460705	41660705	harbor1	chr6	41460786	41460952	SINE/MIR	661	-	83	41460869	164
chr6	41460705	41660705	harbor1	chr6	41476326	41476544	SINE/MIR	652	-	109	41476435	15730
chr6	41460705	41660705	harbor1	chr6	41486345	41486539	SINE/MIR	720	-	97	41486442	25737
chr6	41460705	41660705	harbor1	chr6	41490505	41490690	SINE/MIR	499	-	92	41490597	29892
chr6	41460705	41660705	harbor1	chr6	41493618	41493874	SINE/MIR	513	-	128	41493746	33041
chr6	41460705	41660705	harbor1	chr6	41496596	41496834	SINE/MIR	719	-	119	41496715	36010
chr6	41460705	41660705	harbor1	chr6	41498921	41499161	SINE/MIR	491	-	120	41499041	38336
chr6	41460705	41660705	harbor1	chr6	41500676	41500836	SINE/MIR	440	-	80	41500756	40051
chr6	41460705	41660705	harbor1	chr6	41506109	41506352	SINE/MIR	657	-	122	41506231	45526
chr6	41460705	41660705	harbor1	chr6	41508890	41509118	SINE/MIR	485	-	114	41509004	48299
chr6	41460705	41660705	harbor1	chr6	41526737	41526894	SINE/MIR	501	-	78	41526815	66110
chr6	41460705	41660705	harbor1	chr6	41527330	41527571	SINE/MIR	607	-	120	41527450	66745
chr6	41460705	41660705	harbor1	chr6	41550428	41550560	SINE/MIR	512	-	66	41550494	89789
chr6	41460705	41660705	harbor1	chr6	41554022	41554200	SINE/MIR	450	-	89	41554111	93406
chr6	30620053	30820053	harbor1	chr6	30637171	30637362	SINE/MIR	452	-	96	30637267	17214
chr6	30620053	30820053	harbor1	chr6	30715722	30715880	SINE/MIR	551	-	79	30715801	95748
chr6	34138127	34338127	harbor1	chr6	34175688	34175838	SINE/MIR	649	-	75	34175763	37636
chr6	34138127	34338127	harbor1	chr6	34179721	34179762	SINE/MIR	550	-	20	34179741	41614
chr6	34138127	34338127	harbor1	chr6	34180019	34180101	SINE/MIR	550	-	41	34180060	41933
chr6	34138127	34338127	harbor1	chr6	34207262	34207438	SINE/MIR	499	-	88	34207350	69223
chr6	6446460	6646460	harbor1	chr6	6472248	6472457	SINE/MIR	483	-	104	6472352	25892
chr6	6446460	6646460	harbor1	chr6	6472979	6473048	SINE/MIR	500	-	34	6473013	26553
chr6	6446460	6646460	harbor1	chr6	6473138	6473297	SINE/MIR	500	-	80	6473218	26758
chr6	6446460	6646460	harbor1	chr6	6475990	6476223	SINE/MIR	784	-	116	6476106	29646
chr6	6446460	6646460	harbor1	chr6	6522628	6522876	SINE/MIR	486	-	124	6522752	76292
chr6	6446460	6646460	harbor1	chr6	6533821	6534039	SINE/MIR	447	-	109	6533930	87470
chr6	6446460	6646460	harbor1	chr6	6455164	6455375	SINE/MIR	450	-	106	6455270	8810
chr6	169863372	170063372	harbor1	chr6	169881526	169881640	SINE/MIR	462	-	57	169881583	18211
chr6	127167326	127367326	harbor1	chr6	127180829	127181013	SINE/MIR	459	-	92	127180921	13595
chr6	127167326	127367326	harbor1	chr6	127192305	127192571	SINE/MIR	653	-	133	127192438	25112
chr6	127167326	127367326	harbor1	chr6	127199888	127200099	SINE/MIR	615	-	106	127199994	32668
chr6	127167326	127367326	harbor1	chr6	127225044	127225322	SINE/MIR	623	-	139	127225183	57857
chr6	169864117	170064117	harbor1	chr6	169881526	169881640	SINE/MIR	462	-	57	169881583	17466
chr6	169811811	170011811	harbor1	chr6	169881526	169881640	SINE/MIR	462	-	57	169881583	69772
chr6	99421489	99621489	harbor1	chr6	99476562	99476761	SINE/MIR	592	-	100	99476662	55173
chr6	99421489	99621489	harbor1	chr6	99503066	99503244	SINE/MIR	473	-	89	99503155	81666
chr6	99421489	99621489	harbor1	chr6	99514769	99515005	SINE/MIR	819	-	118	99514887	93398
chr6	107718661	107918661	harbor1	chr6	107719625	107719872	SINE/MIR	963	-	124	107719749	1088
chr6	52184760	52384760	harbor1	chr6	52232780	52233013	SINE/MIR	732	-	116	52232896	48136
chr6	52184760	52384760	harbor1	chr6	52241614	52241838	SINE/MIR	462	-	112	52241726	56966
chr6	52184760	52384760	harbor1	chr6	52242929	52243094	SINE/MIR	525	-	82	52243011	58251
chr6	52184760	52384760	harbor1	chr6	52280356	52280587	SINE/MIR	838	-	116	52280472	95712
chr6	52184760	52384760	harbor1	chr6	52232165	52232300	SINE/MIR	595	-	68	52232233	47473
chr6	149351042	149551042	harbor1	chr6	149351539	149351774	SINE/MIR	751	-	118	149351657	615
chr6	149351042	149551042	harbor1	chr6	149433446	149433686	SINE/MIR	619	-	120	149433566	82524
chr6	169993799	170193799	harbor1	chr6	170084104	170084304	SINE/MIR	549	-	100	170084204	90405
chr6	31630467	31830467	harbor1	chr6	31663516	31663725	SINE/MIR	614	-	104	31663620	33153
chr6	146813048	147013048	harbor1	chr6	146870112	146870284	SINE/MIR	478	-	86	146870198	57150
chr6	157938132	158138132	harbor1	chr6	157982703	157982835	SINE/MIR	685	-	66	157982769	44637
chr6	157938132	158138132	harbor1	chr6	157989196	157989370	SINE/MIR	718	-	87	157989283	51151
chr6	157938132	158138132	harbor1	chr6	158029740	158029986	SINE/MIR	684	-	123	158029863	91731
chr7	44439898	44639898	harbor1	chr7	44484378	44484555	SINE/MIR	679	-	88	44484466	44568
chr7	50203887	50403887	harbor1	chr7	50218998	50219206	SINE/MIR	472	-	104	50219102	15215
chr7	50203887	50403887	harbor1	chr7	50268006	50268210	SINE/MIR	507	-	102	50268108	64221
chr7	50203887	50403887	harbor1	chr7	50275160	50275381	SINE/MIR	997	-	110	50275270	71383
chr7	100393717	100593717	harbor1	chr7	100409635	100409818	SINE/MIR	475	-	92	100409727	16010
chr7	100393717	100593717	harbor1	chr7	100422037	100422249	SINE/MIR	480	-	106	100422143	28426
chr7	28080184	28280184	harbor1	chr7	28136140	28136377	SINE/MIR	625	-	118	28136258	56074
chr7	28080184	28280184	harbor1	chr7	28137806	28138052	SINE/MIR	982	-	123	28137929	57745
chr7	28080184	28280184	harbor1	chr7	28175449	28175639	SINE/MIR	572	-	95	28175544	95360
chr7	148600313	148800313	harbor1	chr7	148655003	148655174	SINE/MIR	463	-	86	148655089	54776
chr7	148600313	148800313	harbor1	chr7	148689858	148689980	SINE/MIR	598	-	61	148689919	89606
chr7	148600313	148800313	harbor1	chr7	148694789	148694844	SINE/MIR	576	-	28	148694817	94504
chr7	148600313	148800313	harbor1	chr7	148695123	148695246	SINE/MIR	576	-	62	148695185	94872
chr7	88119108	88319108	harbor1	chr7	88126486	88126596	SINE/MIR	907	-	55	88126541	7433
chr7	88119108	88319108	harbor1	chr7	88126844	88126994	SINE/MIR	907	-	75	88126919	7811
chr7	88119108	88319108	harbor1	chr7	88135309	88135560	SINE/MIR	576	-	126	88135435	16327
chr7	88119108	88319108	harbor1	chr7	88145596	88145806	SINE/MIR	587	-	105	88145701	26593
chr7	88119108	88319108	harbor1	chr7	88146358	88146429	SINE/MIR	649	-	36	88146394	27286
chr7	88119108	88319108	harbor1	chr7	88146641	88146838	SINE/MIR	649	-	98	88146739	27631
chr7	88119108	88319108	harbor1	chr7	88154007	88154226	SINE/MIR	533	-	110	88154117	35009
chr7	88119108	88319108	harbor1	chr7	88189427	88189587	SINE/MIR	587	-	80	88189507	70399
chr7	25270019	25470019	harbor1	chr7	25288249	25288420	SINE/MIR	729	-	86	25288335	18316
chr7	25270019	25470019	harbor1	chr7	25358269	25358409	SINE/MIR	465	-	70	25358339	88320
chr7	28080267	28280267	harbor1	chr7	28136140	28136377	SINE/MIR	625	-	118	28136258	55991
chr7	28080267	28280267	harbor1	chr7	28137806	28138052	SINE/MIR	982	-	123	28137929	57662
chr7	28080267	28280267	harbor1	chr7	28175449	28175639	SINE/MIR	572	-	95	28175544	95277
chr7	148598238	148798238	harbor1	chr7	148655003	148655174	SINE/MIR	463	-	86	148655089	56851
chr7	148598238	148798238	harbor1	chr7	148689858	148689980	SINE/MIR	598	-	61	148689919	91681
chr7	148598238	148798238	harbor1	chr7	148694789	148694844	SINE/MIR	576	-	28	148694817	96579
chr7	148598238	148798238	harbor1	chr7	148695123	148695246	SINE/MIR	576	-	62	148695185	96947
chr7	123649232	123849232	harbor1	chr7	123709442	123709675	SINE/MIR	511	-	116	123709558	60326
chr7	123649232	123849232	harbor1	chr7	123725569	123725785	SINE/MIR	553	-	108	123725677	76445
chr7	47228345	47428345	harbor1	chr7	47266081	47266298	SINE/MIR	543	-	108	47266189	37844
chr7	32628568	32828568	harbor1	chr7	32633883	32634094	SINE/MIR	641	-	106	32633989	5421
chr7	32628568	32828568	harbor1	chr7	32654989	32655222	SINE/MIR	1078	-	116	32655105	26537
chr7	32628568	32828568	harbor1	chr7	32691033	32691221	SINE/MIR	504	-	94	32691127	62559
chr7	28080180	28280180	harbor1	chr7	28136140	28136377	SINE/MIR	625	-	118	28136258	56078
chr7	28080180	28280180	harbor1	chr7	28137806	28138052	SINE/MIR	982	-	123	28137929	57749
chr7	28080180	28280180	harbor1	chr7	28175449	28175639	SINE/MIR	572	-	95	28175544	95364
chr7	50203852	50403852	harbor1	chr7	50218998	50219206	SINE/MIR	472	-	104	50219102	15250
chr7	50203852	50403852	harbor1	chr7	50268006	50268210	SINE/MIR	507	-	102	50268108	64256
chr7	50203852	50403852	harbor1	chr7	50275160	50275381	SINE/MIR	997	-	110	50275270	71418
chr7	100027600	100227600	harbor1	chr7	100120973	100121116	SINE/MIR	646	-	72	100121045	93445
chr7	100027600	100227600	harbor1	chr7	100121740	100121768	SINE/MIR	646	-	14	100121754	94154
chr7	100027600	100227600	harbor1	chr7	100122077	100122182	SINE/MIR	646	-	52	100122129	94529
chr7	100027600	100227600	harbor1	chr7	100124166	100124331	SINE/MIR	524	-	82	100124248	96648
chr7	2562527	2762527	harbor1	chr7	2631213	2631318	SINE/MIR	511	-	52	2631265	68738
chr7	50203883	50403883	harbor1	chr7	50218998	50219206	SINE/MIR	472	-	104	50219102	15219
chr7	50203883	50403883	harbor1	chr7	50268006	50268210	SINE/MIR	507	-	102	50268108	64225
chr7	50203883	50403883	harbor1	chr7	50275160	50275381	SINE/MIR	997	-	110	50275270	71387
chr7	32307595	32507595	harbor1	chr7	32322014	32322258	SINE/MIR	664	-	122	32322136	14541
chr7	32307595	32507595	harbor1	chr7	32330110	32330317	SINE/MIR	462	-	104	32330214	22619
chr7	32307595	32507595	harbor1	chr7	32358692	32358843	SINE/MIR	529	-	76	32358768	51173
chr7	32307595	32507595	harbor1	chr7	32360900	32361087	SINE/MIR	472	-	94	32360994	53399
chr7	32307595	32507595	harbor1	chr7	32363266	32363417	SINE/MIR	563	-	76	32363342	55747
chr7	32307595	32507595	harbor1	chr7	32363846	32364086	SINE/MIR	838	-	120	32363966	56371
chr7	32307595	32507595	harbor1	chr7	32377593	32377823	SINE/MIR	1031	-	115	32377708	70113
chr7	32307595	32507595	harbor1	chr7	32381932	32382183	SINE/MIR	849	-	126	32382058	74463
chr7	123649230	123849230	harbor1	chr7	123709442	123709675	SINE/MIR	511	-	116	123709558	60328
chr7	123649230	123849230	harbor1	chr7	123725569	123725785	SINE/MIR	553	-	108	123725677	76447
chr7	123649229	123849229	harbor1	chr7	123709442	123709675	SINE/MIR	511	-	116	123709558	60329
chr7	123649229	123849229	harbor1	chr7	123725569	123725785	SINE/MIR	553	-	108	123725677	76448
chr7	100388340	100588340	harbor1	chr7	100409635	100409818	SINE/MIR	475	-	92	100409727	21387
chr7	100388340	100588340	harbor1	chr7	100422037	100422249	SINE/MIR	480	-	106	100422143	33803
chr7	20678248	20878248	harbor1	chr7	20732983	20733162	SINE/MIR	675	-	90	20733073	54825
chr7	20678248	20878248	harbor1	chr7	20765407	20765623	SINE/MIR	501	-	108	20765515	87267
chr7	123649200	123849200	harbor1	chr7	123709442	123709675	SINE/MIR	511	-	116	123709558	60358
chr7	123649200	123849200	harbor1	chr7	123725569	123725785	SINE/MIR	553	-	108	123725677	76477
chr7	100328345	100528345	harbor1	chr7	100409635	100409818	SINE/MIR	475	-	92	100409727	81382
chr7	100328345	100528345	harbor1	chr7	100422037	100422249	SINE/MIR	480	-	106	100422143	93798
chr7	44439822	44639822	harbor1	chr7	44484378	44484555	SINE/MIR	679	-	88	44484466	44644
chr7	24657323	24857323	harbor1	chr7	24754943	24755095	SINE/MIR	574	-	76	24755019	97696
chr7	28080203	28280203	harbor1	chr7	28136140	28136377	SINE/MIR	625	-	118	28136258	56055
chr7	28080203	28280203	harbor1	chr7	28137806	28138052	SINE/MIR	982	-	123	28137929	57726
chr7	28080203	28280203	harbor1	chr7	28175449	28175639	SINE/MIR	572	-	95	28175544	95341
chr7	14798299	14998299	harbor1	chr7	14819628	14819796	SINE/MIR	547	-	84	14819712	21413
chr7	14798299	14998299	harbor1	chr7	14836005	14836202	SINE/MIR	533	-	98	14836103	37804
chr7	14798299	14998299	harbor1	chr7	14862407	14862653	SINE/MIR	576	-	123	14862530	64231
chr7	14798299	14998299	harbor1	chr7	14885649	14885869	SINE/MIR	462	-	110	14885759	87460
chr7	14798299	14998299	harbor1	chr7	14843850	14843982	SINE/MIR	477	-	66	14843916	45617
chr7	28080247	28280247	harbor1	chr7	28136140	28136377	SINE/MIR	625	-	118	28136258	56011
chr7	28080247	28280247	harbor1	chr7	28137806	28138052	SINE/MIR	982	-	123	28137929	57682
chr7	28080247	28280247	harbor1	chr7	28175449	28175639	SINE/MIR	572	-	95	28175544	95297
chr7	44654661	44854661	harbor1	chr7	44684503	44684686	SINE/MIR	490	-	92	44684595	29934
chr7	100475318	100675318	harbor1	chr7	100505275	100505312	SINE/MIR	512	-	18	100505293	29975
chr7	100475318	100675318	harbor1	chr7	100505390	100505489	SINE/MIR	512	-	50	100505440	30122
chr7	47228395	47428395	harbor1	chr7	47266081	47266298	SINE/MIR	543	-	108	47266189	37794
chr7	90496291	90696291	harbor1	chr7	90508610	90508747	SINE/MIR	635	-	68	90508678	12387
chr7	90496291	90696291	harbor1	chr7	90570442	90570597	SINE/MIR	561	-	78	90570520	74229
chr7	90496291	90696291	harbor1	chr7	90593037	90593226	SINE/MIR	524	-	94	90593131	96840
chr7	139380111	139580111	harbor1	chr7	139411360	139411616	SINE/MIR	529	-	128	139411488	31377
chr7	73518943	73718943	harbor1	chr7	73614755	73614794	SINE/MIR	567	-	20	73614775	95832
chr7	73518943	73718943	harbor1	chr7	73615106	73615255	SINE/MIR	567	-	74	73615180	96237
chr7	25244355	25444355	harbor1	chr7	25288249	25288420	SINE/MIR	729	-	86	25288335	43980
chr7	28080222	28280222	harbor1	chr7	28136140	28136377	SINE/MIR	625	-	118	28136258	56036
chr7	28080222	28280222	harbor1	chr7	28137806	28138052	SINE/MIR	982	-	123	28137929	57707
chr7	28080222	28280222	harbor1	chr7	28175449	28175639	SINE/MIR	572	-	95	28175544	95322
chr7	92963	292963	harbor1	chr7	110592	110831	SINE/MIR	683	-	120	110712	17749
chr7	100027650	100227650	harbor1	chr7	100120973	100121116	SINE/MIR	646	-	72	100121045	93395
chr7	100027650	100227650	harbor1	chr7	100121740	100121768	SINE/MIR	646	-	14	100121754	94104
chr7	100027650	100227650	harbor1	chr7	100122077	100122182	SINE/MIR	646	-	52	100122129	94479
chr7	100027650	100227650	harbor1	chr7	100124166	100124331	SINE/MIR	524	-	82	100124248	96598
chr7	44439887	44639887	harbor1	chr7	44484378	44484555	SINE/MIR	679	-	88	44484466	44579
chr7	47228348	47428348	harbor1	chr7	47266081	47266298	SINE/MIR	543	-	108	47266189	37841
chr7	47228354	47428354	harbor1	chr7	47266081	47266298	SINE/MIR	543	-	108	47266189	37835
chr7	25269481	25469481	harbor1	chr7	25288249	25288420	SINE/MIR	729	-	86	25288335	18854
chr7	25269481	25469481	harbor1	chr7	25358269	25358409	SINE/MIR	465	-	70	25358339	88858
chr7	28080189	28280189	harbor1	chr7	28136140	28136377	SINE/MIR	625	-	118	28136258	56069
chr7	28080189	28280189	harbor1	chr7	28137806	28138052	SINE/MIR	982	-	123	28137929	57740
chr7	28080189	28280189	harbor1	chr7	28175449	28175639	SINE/MIR	572	-	95	28175544	95355
chr7	128753811	128953811	harbor1	chr7	128758357	128758560	SINE/MIR	773	-	102	128758459	4648
chr7	128753811	128953811	harbor1	chr7	128782805	128782937	SINE/MIR	632	-	66	128782871	29060
chr7	128753811	128953811	harbor1	chr7	128819548	128819705	SINE/MIR	613	-	78	128819626	65815
chr7	128753811	128953811	harbor1	chr7	128835778	128835936	SINE/MIR	560	-	79	128835857	82046
chr7	127154041	127354041	harbor1	chr7	127188117	127188275	SINE/MIR	565	-	79	127188196	34155
chr7	127154041	127354041	harbor1	chr7	127201041	127201427	SINE/MIR	573	-	193	127201234	47193
chr7	127154041	127354041	harbor1	chr7	127202530	127202739	SINE/MIR	688	-	104	127202634	48593
chr7	127154041	127354041	harbor1	chr7	127232717	127232834	SINE/MIR	568	-	58	127232775	78734
chr7	127154041	127354041	harbor1	chr7	127233130	127233249	SINE/MIR	568	-	60	127233190	79149
chr7	104889111	105089111	harbor1	chr7	104899126	104899368	SINE/MIR	504	-	121	104899247	10136
chr7	104889111	105089111	harbor1	chr7	104917626	104917755	SINE/MIR	553	-	64	104917690	28579
chr7	104889111	105089111	harbor1	chr7	104922508	104922704	SINE/MIR	521	-	98	104922606	33495
chr7	104889111	105089111	harbor1	chr7	104926478	104926669	SINE/MIR	812	-	96	104926574	37463
chr7	104889111	105089111	harbor1	chr7	104963587	104963762	SINE/MIR	490	-	88	104963675	74564
chr7	123576545	123776545	harbor1	chr7	123635951	123636202	SINE/MIR	912	-	126	123636077	59532
chr7	123576545	123776545	harbor1	chr7	123643104	123643338	SINE/MIR	573	-	117	123643221	66676
chr7	102333429	102533429	harbor1	chr7	102415591	102415803	SINE/MIR	544	-	106	102415697	82268
chr7	155282486	155482486	harbor1	chr7	155306578	155306773	SINE/MIR	577	-	98	155306676	24190
chr7	155282486	155482486	harbor1	chr7	155324918	155325125	SINE/MIR	1074	-	104	155325022	42536
chr7	31971286	32171286	harbor1	chr7	31973544	31973807	SINE/MIR	855	-	132	31973676	2390
chr7	31971286	32171286	harbor1	chr7	31977894	31978139	SINE/MIR	728	-	122	31978016	6730
chr7	31971286	32171286	harbor1	chr7	31979415	31979641	SINE/MIR	1097	-	113	31979528	8242
chr7	31971286	32171286	harbor1	chr7	32031333	32031439	SINE/MIR	504	-	53	32031386	60100
chr7	44439928	44639928	harbor1	chr7	44484378	44484555	SINE/MIR	679	-	88	44484466	44538
chr7	20551436	20751436	harbor1	chr7	20587003	20587242	SINE/MIR	839	-	120	20587123	35687
chr7	20551436	20751436	harbor1	chr7	20592394	20592606	SINE/MIR	634	-	106	20592500	41064
chr7	20551436	20751436	harbor1	chr7	20593719	20593964	SINE/MIR	530	-	122	20593841	42405
chr7	90142065	90342065	harbor1	chr7	90145117	90145347	SINE/MIR	693	-	115	90145232	3167
chr7	90142065	90342065	harbor1	chr7	90205073	90205262	SINE/MIR	717	-	94	90205167	63102
chr7	90142065	90342065	harbor1	chr7	90233523	90233765	SINE/MIR	1022	-	121	90233644	91579
chr7	41380663	41580663	harbor1	chr7	41385890	41386091	SINE/MIR	824	-	100	41385990	5327
chr7	155304444	155504444	harbor1	chr7	155306578	155306773	SINE/MIR	577	-	98	155306676	2232
chr7	155304444	155504444	harbor1	chr7	155324918	155325125	SINE/MIR	1074	-	104	155325022	20578
chr7	37817008	38017008	harbor1	chr7	37824029	37824199	SINE/MIR	571	-	85	37824114	7106
chr7	37817008	38017008	harbor1	chr7	37907785	37908024	SINE/MIR	521	-	120	37907905	90897
chr7	21261819	21461819	harbor1	chr7	21292750	21292999	SINE/MIR	731	-	124	21292874	31055
chr7	21261819	21461819	harbor1	chr7	21308708	21308952	SINE/MIR	553	-	122	21308830	47011
chr7	21261819	21461819	harbor1	chr7	21338694	21338879	SINE/MIR	478	-	92	21338786	76967
chr7	90496236	90696236	harbor1	chr7	90508610	90508747	SINE/MIR	635	-	68	90508678	12442
chr7	90496236	90696236	harbor1	chr7	90570442	90570597	SINE/MIR	561	-	78	90570520	74284
chr7	90496236	90696236	harbor1	chr7	90593037	90593226	SINE/MIR	524	-	94	90593131	96895
chr7	50204685	50404685	harbor1	chr7	50218998	50219206	SINE/MIR	472	-	104	50219102	14417
chr7	50204685	50404685	harbor1	chr7	50268006	50268210	SINE/MIR	507	-	102	50268108	63423
chr7	50204685	50404685	harbor1	chr7	50275160	50275381	SINE/MIR	997	-	110	50275270	70585
chr7	150858477	151058477	harbor1	chr7	150904115	150904331	SINE/MIR	532	-	108	150904223	45746
chr7	90496254	90696254	harbor1	chr7	90508610	90508747	SINE/MIR	635	-	68	90508678	12424
chr7	90496254	90696254	harbor1	chr7	90570442	90570597	SINE/MIR	561	-	78	90570520	74266
chr7	90496254	90696254	harbor1	chr7	90593037	90593226	SINE/MIR	524	-	94	90593131	96877
chr7	47228189	47428189	harbor1	chr7	47266081	47266298	SINE/MIR	543	-	108	47266189	38000
chr7	100393788	100593788	harbor1	chr7	100409635	100409818	SINE/MIR	475	-	92	100409727	15939
chr7	100393788	100593788	harbor1	chr7	100422037	100422249	SINE/MIR	480	-	106	100422143	28355
chr7	123639349	123839349	harbor1	chr7	123643104	123643338	SINE/MIR	573	-	117	123643221	3872
chr7	123639349	123839349	harbor1	chr7	123709442	123709675	SINE/MIR	511	-	116	123709558	70209
chr7	123639349	123839349	harbor1	chr7	123725569	123725785	SINE/MIR	553	-	108	123725677	86328
chr7	50203893	50403893	harbor1	chr7	50218998	50219206	SINE/MIR	472	-	104	50219102	15209
chr7	50203893	50403893	harbor1	chr7	50268006	50268210	SINE/MIR	507	-	102	50268108	64215
chr7	50203893	50403893	harbor1	chr7	50275160	50275381	SINE/MIR	997	-	110	50275270	71377
chr7	28080187	28280187	harbor1	chr7	28136140	28136377	SINE/MIR	625	-	118	28136258	56071
chr7	28080187	28280187	harbor1	chr7	28137806	28138052	SINE/MIR	982	-	123	28137929	57742
chr7	28080187	28280187	harbor1	chr7	28175449	28175639	SINE/MIR	572	-	95	28175544	95357
chr7	50203935	50403935	harbor1	chr7	50218998	50219206	SINE/MIR	472	-	104	50219102	15167
chr7	50203935	50403935	harbor1	chr7	50268006	50268210	SINE/MIR	507	-	102	50268108	64173
chr7	50203935	50403935	harbor1	chr7	50275160	50275381	SINE/MIR	997	-	110	50275270	71335
chr7	44439932	44639932	harbor1	chr7	44484378	44484555	SINE/MIR	679	-	88	44484466	44534
chr7	127283483	127483483	harbor1	chr7	127284593	127284815	SINE/MIR	554	-	111	127284704	1221
chr7	127283483	127483483	harbor1	chr7	127285132	127285167	SINE/MIR	554	-	18	127285150	1667
chr7	127283483	127483483	harbor1	chr7	127285439	127285581	SINE/MIR	585	-	71	127285510	2027
chr7	127283483	127483483	harbor1	chr7	127319815	127320029	SINE/MIR	797	-	107	127319922	36439
chr7	127283483	127483483	harbor1	chr7	127365929	127366192	SINE/MIR	885	-	132	127366061	82578
chr7	25465106	25665106	harbor1	chr7	25465023	25465218	SINE/MIR	751	-	98	25465121	15
chr7	25465106	25665106	harbor1	chr7	25522821	25522983	SINE/MIR	584	-	81	25522902	57796
chr7	25465106	25665106	harbor1	chr7	25531554	25531774	SINE/MIR	749	-	110	25531664	66558
chr7	25465106	25665106	harbor1	chr7	25553338	25553541	SINE/MIR	503	-	102	25553440	88334
chr7	93685527	93885527	harbor1	chr7	93696427	93696589	SINE/MIR	709	-	81	93696508	10981
chr7	93685527	93885527	harbor1	chr7	93730878	93731039	SINE/MIR	518	-	80	93730958	45431
chr7	152754707	152954707	harbor1	chr7	152780968	152781105	SINE/MIR	552	-	68	152781036	26329
chr7	152754707	152954707	harbor1	chr7	152808803	152808949	SINE/MIR	510	-	73	152808876	54169
chr7	152754707	152954707	harbor1	chr7	152811244	152811462	SINE/MIR	532	-	109	152811353	56646
chr8	23408871	23608871	harbor1	chr8	23418259	23418491	SINE/MIR	619	-	116	23418375	9504
chr8	23408871	23608871	harbor1	chr8	23440681	23440925	SINE/MIR	820	-	122	23440803	31932
chr8	23408871	23608871	harbor1	chr8	23451943	23452118	SINE/MIR	699	-	88	23452031	43160
chr8	23408871	23608871	harbor1	chr8	23458629	23458786	SINE/MIR	416	-	78	23458707	49836
chr8	23408871	23608871	harbor1	chr8	23484218	23484354	SINE/MIR	412	-	68	23484286	75415
chr8	23408871	23608871	harbor1	chr8	23487605	23487757	SINE/MIR	572	-	76	23487681	78810
chr8	23408871	23608871	harbor1	chr8	23495634	23495698	SINE/MIR	792	-	32	23495666	86795
chr8	23408871	23608871	harbor1	chr8	23496248	23496437	SINE/MIR	792	-	94	23496342	87471
chr8	23408871	23608871	harbor1	chr8	23508169	23508324	SINE/MIR	438	-	78	23508247	99376
chr8	38169250	38369250	harbor1	chr8	38206577	38206725	SINE/MIR	591	-	74	38206651	37401
chr8	23409382	23609382	harbor1	chr8	23418259	23418491	SINE/MIR	619	-	116	23418375	8993
chr8	23409382	23609382	harbor1	chr8	23440681	23440925	SINE/MIR	820	-	122	23440803	31421
chr8	23409382	23609382	harbor1	chr8	23451943	23452118	SINE/MIR	699	-	88	23452031	42649
chr8	23409382	23609382	harbor1	chr8	23458629	23458786	SINE/MIR	416	-	78	23458707	49325
chr8	23409382	23609382	harbor1	chr8	23484218	23484354	SINE/MIR	412	-	68	23484286	74904
chr8	23409382	23609382	harbor1	chr8	23487605	23487757	SINE/MIR	572	-	76	23487681	78299
chr8	23409382	23609382	harbor1	chr8	23495634	23495698	SINE/MIR	792	-	32	23495666	86284
chr8	23409382	23609382	harbor1	chr8	23496248	23496437	SINE/MIR	792	-	94	23496342	86960
chr8	23409382	23609382	harbor1	chr8	23508169	23508324	SINE/MIR	438	-	78	23508247	98865
chr8	23428927	23628927	harbor1	chr8	23440681	23440925	SINE/MIR	820	-	122	23440803	11876
chr8	23428927	23628927	harbor1	chr8	23451943	23452118	SINE/MIR	699	-	88	23452031	23104
chr8	23428927	23628927	harbor1	chr8	23458629	23458786	SINE/MIR	416	-	78	23458707	29780
chr8	23428927	23628927	harbor1	chr8	23484218	23484354	SINE/MIR	412	-	68	23484286	55359
chr8	23428927	23628927	harbor1	chr8	23487605	23487757	SINE/MIR	572	-	76	23487681	58754
chr8	23428927	23628927	harbor1	chr8	23495634	23495698	SINE/MIR	792	-	32	23495666	66739
chr8	23428927	23628927	harbor1	chr8	23496248	23496437	SINE/MIR	792	-	94	23496342	67415
chr8	23428927	23628927	harbor1	chr8	23508169	23508324	SINE/MIR	438	-	78	23508247	79320
chr8	124271348	124471348	harbor1	chr8	124275394	124275632	SINE/MIR	591	-	119	124275513	4165
chr8	124271348	124471348	harbor1	chr8	124290885	124291095	SINE/MIR	410	-	105	124290990	19642
chr8	23428510	23628510	harbor1	chr8	23440681	23440925	SINE/MIR	820	-	122	23440803	12293
chr8	23428510	23628510	harbor1	chr8	23451943	23452118	SINE/MIR	699	-	88	23452031	23521
chr8	23428510	23628510	harbor1	chr8	23458629	23458786	SINE/MIR	416	-	78	23458707	30197
chr8	23428510	23628510	harbor1	chr8	23484218	23484354	SINE/MIR	412	-	68	23484286	55776
chr8	23428510	23628510	harbor1	chr8	23487605	23487757	SINE/MIR	572	-	76	23487681	59171
chr8	23428510	23628510	harbor1	chr8	23495634	23495698	SINE/MIR	792	-	32	23495666	67156
chr8	23428510	23628510	harbor1	chr8	23496248	23496437	SINE/MIR	792	-	94	23496342	67832
chr8	23428510	23628510	harbor1	chr8	23508169	23508324	SINE/MIR	438	-	78	23508247	79737
chr8	23428925	23628925	harbor1	chr8	23440681	23440925	SINE/MIR	820	-	122	23440803	11878
chr8	23428925	23628925	harbor1	chr8	23451943	23452118	SINE/MIR	699	-	88	23452031	23106
chr8	23428925	23628925	harbor1	chr8	23458629	23458786	SINE/MIR	416	-	78	23458707	29782
chr8	23428925	23628925	harbor1	chr8	23484218	23484354	SINE/MIR	412	-	68	23484286	55361
chr8	23428925	23628925	harbor1	chr8	23487605	23487757	SINE/MIR	572	-	76	23487681	58756
chr8	23428925	23628925	harbor1	chr8	23495634	23495698	SINE/MIR	792	-	32	23495666	66741
chr8	23428925	23628925	harbor1	chr8	23496248	23496437	SINE/MIR	792	-	94	23496342	67417
chr8	23428925	23628925	harbor1	chr8	23508169	23508324	SINE/MIR	438	-	78	23508247	79322
chr8	23428297	23628297	harbor1	chr8	23440681	23440925	SINE/MIR	820	-	122	23440803	12506
chr8	23428297	23628297	harbor1	chr8	23451943	23452118	SINE/MIR	699	-	88	23452031	23734
chr8	23428297	23628297	harbor1	chr8	23458629	23458786	SINE/MIR	416	-	78	23458707	30410
chr8	23428297	23628297	harbor1	chr8	23484218	23484354	SINE/MIR	412	-	68	23484286	55989
chr8	23428297	23628297	harbor1	chr8	23487605	23487757	SINE/MIR	572	-	76	23487681	59384
chr8	23428297	23628297	harbor1	chr8	23495634	23495698	SINE/MIR	792	-	32	23495666	67369
chr8	23428297	23628297	harbor1	chr8	23496248	23496437	SINE/MIR	792	-	94	23496342	68045
chr8	23428297	23628297	harbor1	chr8	23508169	23508324	SINE/MIR	438	-	78	23508247	79950
chr8	138636000	138836000	harbor1	chr8	138666333	138666571	SINE/MIR	513	-	119	138666452	30452
chr8	138636000	138836000	harbor1	chr8	138710509	138710718	SINE/MIR	584	-	104	138710613	74613
chr8	138636000	138836000	harbor1	chr8	138722635	138722790	SINE/MIR	499	-	78	138722713	86713
chr8	142524992	142724992	harbor1	chr8	142552216	142552326	SINE/MIR	438	-	55	142552271	27279
chr8	142524992	142724992	harbor1	chr8	142623088	142623275	SINE/MIR	443	-	94	142623182	98190
chr8	23408903	23608903	harbor1	chr8	23418259	23418491	SINE/MIR	619	-	116	23418375	9472
chr8	23408903	23608903	harbor1	chr8	23440681	23440925	SINE/MIR	820	-	122	23440803	31900
chr8	23408903	23608903	harbor1	chr8	23451943	23452118	SINE/MIR	699	-	88	23452031	43128
chr8	23408903	23608903	harbor1	chr8	23458629	23458786	SINE/MIR	416	-	78	23458707	49804
chr8	23408903	23608903	harbor1	chr8	23484218	23484354	SINE/MIR	412	-	68	23484286	75383
chr8	23408903	23608903	harbor1	chr8	23487605	23487757	SINE/MIR	572	-	76	23487681	78778
chr8	23408903	23608903	harbor1	chr8	23495634	23495698	SINE/MIR	792	-	32	23495666	86763
chr8	23408903	23608903	harbor1	chr8	23496248	23496437	SINE/MIR	792	-	94	23496342	87439
chr8	23408903	23608903	harbor1	chr8	23508169	23508324	SINE/MIR	438	-	78	23508247	99344
chr8	23379720	23579720	harbor1	chr8	23386006	23386169	SINE/MIR	523	-	82	23386088	6368
chr8	23379720	23579720	harbor1	chr8	23418259	23418491	SINE/MIR	619	-	116	23418375	38655
chr8	23379720	23579720	harbor1	chr8	23440681	23440925	SINE/MIR	820	-	122	23440803	61083
chr8	23379720	23579720	harbor1	chr8	23451943	23452118	SINE/MIR	699	-	88	23452031	72311
chr8	23379720	23579720	harbor1	chr8	23458629	23458786	SINE/MIR	416	-	78	23458707	78987
chr8	23428962	23628962	harbor1	chr8	23440681	23440925	SINE/MIR	820	-	122	23440803	11841
chr8	23428962	23628962	harbor1	chr8	23451943	23452118	SINE/MIR	699	-	88	23452031	23069
chr8	23428962	23628962	harbor1	chr8	23458629	23458786	SINE/MIR	416	-	78	23458707	29745
chr8	23428962	23628962	harbor1	chr8	23484218	23484354	SINE/MIR	412	-	68	23484286	55324
chr8	23428962	23628962	harbor1	chr8	23487605	23487757	SINE/MIR	572	-	76	23487681	58719
chr8	23428962	23628962	harbor1	chr8	23495634	23495698	SINE/MIR	792	-	32	23495666	66704
chr8	23428962	23628962	harbor1	chr8	23496248	23496437	SINE/MIR	792	-	94	23496342	67380
chr8	23428962	23628962	harbor1	chr8	23508169	23508324	SINE/MIR	438	-	78	23508247	79285
chr8	23428983	23628983	harbor1	chr8	23440681	23440925	SINE/MIR	820	-	122	23440803	11820
chr8	23428983	23628983	harbor1	chr8	23451943	23452118	SINE/MIR	699	-	88	23452031	23048
chr8	23428983	23628983	harbor1	chr8	23458629	23458786	SINE/MIR	416	-	78	23458707	29724
chr8	23428983	23628983	harbor1	chr8	23484218	23484354	SINE/MIR	412	-	68	23484286	55303
chr8	23428983	23628983	harbor1	chr8	23487605	23487757	SINE/MIR	572	-	76	23487681	58698
chr8	23428983	23628983	harbor1	chr8	23495634	23495698	SINE/MIR	792	-	32	23495666	66683
chr8	23428983	23628983	harbor1	chr8	23496248	23496437	SINE/MIR	792	-	94	23496342	67359
chr8	23428983	23628983	harbor1	chr8	23508169	23508324	SINE/MIR	438	-	78	23508247	79264
chr8	17983945	18183945	harbor1	chr8	18062492	18062698	SINE/MIR	532	-	103	18062595	78650
chr8	17983945	18183945	harbor1	chr8	18068082	18068292	SINE/MIR	703	-	105	18068187	84242
chr8	23428928	23628928	harbor1	chr8	23440681	23440925	SINE/MIR	820	-	122	23440803	11875
chr8	23428928	23628928	harbor1	chr8	23451943	23452118	SINE/MIR	699	-	88	23452031	23103
chr8	23428928	23628928	harbor1	chr8	23458629	23458786	SINE/MIR	416	-	78	23458707	29779
chr8	23428928	23628928	harbor1	chr8	23484218	23484354	SINE/MIR	412	-	68	23484286	55358
chr8	23428928	23628928	harbor1	chr8	23487605	23487757	SINE/MIR	572	-	76	23487681	58753
chr8	23428928	23628928	harbor1	chr8	23495634	23495698	SINE/MIR	792	-	32	23495666	66738
chr8	23428928	23628928	harbor1	chr8	23496248	23496437	SINE/MIR	792	-	94	23496342	67414
chr8	23428928	23628928	harbor1	chr8	23508169	23508324	SINE/MIR	438	-	78	23508247	79319
chr8	23371923	23571923	harbor1	chr8	23373603	23373824	SINE/MIR	657	-	110	23373713	1790
chr8	23371923	23571923	harbor1	chr8	23386006	23386169	SINE/MIR	523	-	82	23386088	14165
chr8	23371923	23571923	harbor1	chr8	23418259	23418491	SINE/MIR	619	-	116	23418375	46452
chr8	23371923	23571923	harbor1	chr8	23440681	23440925	SINE/MIR	820	-	122	23440803	68880
chr8	23371923	23571923	harbor1	chr8	23451943	23452118	SINE/MIR	699	-	88	23452031	80108
chr8	23371923	23571923	harbor1	chr8	23458629	23458786	SINE/MIR	416	-	78	23458707	86784
chr8	10820948	11020948	harbor1	chr8	10829452	10829646	SINE/MIR	596	-	97	10829549	8601
chr8	10820948	11020948	harbor1	chr8	10851244	10851453	SINE/MIR	492	-	104	10851348	30400
chr8	10820948	11020948	harbor1	chr8	10889253	10889388	SINE/MIR	428	-	68	10889321	68373
chr8	10820948	11020948	harbor1	chr8	10907398	10907662	SINE/MIR	418	-	132	10907530	86582
chr8	10820948	11020948	harbor1	chr8	10909767	10909938	SINE/MIR	482	-	86	10909853	88905
chr8	10820948	11020948	harbor1	chr8	10919541	10919742	SINE/MIR	441	-	100	10919641	98693
chr8	10820948	11020948	harbor1	chr8	10920293	10920469	SINE/MIR	632	-	88	10920381	99433
chr8	23428391	23628391	harbor1	chr8	23440681	23440925	SINE/MIR	820	-	122	23440803	12412
chr8	23428391	23628391	harbor1	chr8	23451943	23452118	SINE/MIR	699	-	88	23452031	23640
chr8	23428391	23628391	harbor1	chr8	23458629	23458786	SINE/MIR	416	-	78	23458707	30316
chr8	23428391	23628391	harbor1	chr8	23484218	23484354	SINE/MIR	412	-	68	23484286	55895
chr8	23428391	23628391	harbor1	chr8	23487605	23487757	SINE/MIR	572	-	76	23487681	59290
chr8	23428391	23628391	harbor1	chr8	23495634	23495698	SINE/MIR	792	-	32	23495666	67275
chr8	23428391	23628391	harbor1	chr8	23496248	23496437	SINE/MIR	792	-	94	23496342	67951
chr8	23428391	23628391	harbor1	chr8	23508169	23508324	SINE/MIR	438	-	78	23508247	79856
chr8	23428850	23628850	harbor1	chr8	23440681	23440925	SINE/MIR	820	-	122	23440803	11953
chr8	23428850	23628850	harbor1	chr8	23451943	23452118	SINE/MIR	699	-	88	23452031	23181
chr8	23428850	23628850	harbor1	chr8	23458629	23458786	SINE/MIR	416	-	78	23458707	29857
chr8	23428850	23628850	harbor1	chr8	23484218	23484354	SINE/MIR	412	-	68	23484286	55436
chr8	23428850	23628850	harbor1	chr8	23487605	23487757	SINE/MIR	572	-	76	23487681	58831
chr8	23428850	23628850	harbor1	chr8	23495634	23495698	SINE/MIR	792	-	32	23495666	66816
chr8	23428850	23628850	harbor1	chr8	23496248	23496437	SINE/MIR	792	-	94	23496342	67492
chr8	23428850	23628850	harbor1	chr8	23508169	23508324	SINE/MIR	438	-	78	23508247	79397
chr8	23371938	23571938	harbor1	chr8	23373603	23373824	SINE/MIR	657	-	110	23373713	1775
chr8	23371938	23571938	harbor1	chr8	23386006	23386169	SINE/MIR	523	-	82	23386088	14150
chr8	23371938	23571938	harbor1	chr8	23418259	23418491	SINE/MIR	619	-	116	23418375	46437
chr8	23371938	23571938	harbor1	chr8	23440681	23440925	SINE/MIR	820	-	122	23440803	68865
chr8	23371938	23571938	harbor1	chr8	23451943	23452118	SINE/MIR	699	-	88	23452031	80093
chr8	23371938	23571938	harbor1	chr8	23458629	23458786	SINE/MIR	416	-	78	23458707	86769
chr8	23428493	23628493	harbor1	chr8	23440681	23440925	SINE/MIR	820	-	122	23440803	12310
chr8	23428493	23628493	harbor1	chr8	23451943	23452118	SINE/MIR	699	-	88	23452031	23538
chr8	23428493	23628493	harbor1	chr8	23458629	23458786	SINE/MIR	416	-	78	23458707	30214
chr8	23428493	23628493	harbor1	chr8	23484218	23484354	SINE/MIR	412	-	68	23484286	55793
chr8	23428493	23628493	harbor1	chr8	23487605	23487757	SINE/MIR	572	-	76	23487681	59188
chr8	23428493	23628493	harbor1	chr8	23495634	23495698	SINE/MIR	792	-	32	23495666	67173
chr8	23428493	23628493	harbor1	chr8	23496248	23496437	SINE/MIR	792	-	94	23496342	67849
chr8	23428493	23628493	harbor1	chr8	23508169	23508324	SINE/MIR	438	-	78	23508247	79754
chr8	23428942	23628942	harbor1	chr8	23440681	23440925	SINE/MIR	820	-	122	23440803	11861
chr8	23428942	23628942	harbor1	chr8	23451943	23452118	SINE/MIR	699	-	88	23452031	23089
chr8	23428942	23628942	harbor1	chr8	23458629	23458786	SINE/MIR	416	-	78	23458707	29765
chr8	23428942	23628942	harbor1	chr8	23484218	23484354	SINE/MIR	412	-	68	23484286	55344
chr8	23428942	23628942	harbor1	chr8	23487605	23487757	SINE/MIR	572	-	76	23487681	58739
chr8	23428942	23628942	harbor1	chr8	23495634	23495698	SINE/MIR	792	-	32	23495666	66724
chr8	23428942	23628942	harbor1	chr8	23496248	23496437	SINE/MIR	792	-	94	23496342	67400
chr8	23428942	23628942	harbor1	chr8	23508169	23508324	SINE/MIR	438	-	78	23508247	79305
chr8	23428811	23628811	harbor1	chr8	23440681	23440925	SINE/MIR	820	-	122	23440803	11992
chr8	23428811	23628811	harbor1	chr8	23451943	23452118	SINE/MIR	699	-	88	23452031	23220
chr8	23428811	23628811	harbor1	chr8	23458629	23458786	SINE/MIR	416	-	78	23458707	29896
chr8	23428811	23628811	harbor1	chr8	23484218	23484354	SINE/MIR	412	-	68	23484286	55475
chr8	23428811	23628811	harbor1	chr8	23487605	23487757	SINE/MIR	572	-	76	23487681	58870
chr8	23428811	23628811	harbor1	chr8	23495634	23495698	SINE/MIR	792	-	32	23495666	66855
chr8	23428811	23628811	harbor1	chr8	23496248	23496437	SINE/MIR	792	-	94	23496342	67531
chr8	23428811	23628811	harbor1	chr8	23508169	23508324	SINE/MIR	438	-	78	23508247	79436
chr8	22449326	22649326	harbor1	chr8	22507662	22507898	SINE/MIR	724	-	118	22507780	58454
chr8	23409313	23609313	harbor1	chr8	23418259	23418491	SINE/MIR	619	-	116	23418375	9062
chr8	23409313	23609313	harbor1	chr8	23440681	23440925	SINE/MIR	820	-	122	23440803	31490
chr8	23409313	23609313	harbor1	chr8	23451943	23452118	SINE/MIR	699	-	88	23452031	42718
chr8	23409313	23609313	harbor1	chr8	23458629	23458786	SINE/MIR	416	-	78	23458707	49394
chr8	23409313	23609313	harbor1	chr8	23484218	23484354	SINE/MIR	412	-	68	23484286	74973
chr8	23409313	23609313	harbor1	chr8	23487605	23487757	SINE/MIR	572	-	76	23487681	78368
chr8	23409313	23609313	harbor1	chr8	23495634	23495698	SINE/MIR	792	-	32	23495666	86353
chr8	23409313	23609313	harbor1	chr8	23496248	23496437	SINE/MIR	792	-	94	23496342	87029
chr8	23409313	23609313	harbor1	chr8	23508169	23508324	SINE/MIR	438	-	78	23508247	98934
chr8	9314880	9514880	harbor1	chr8	9345276	9345502	SINE/MIR	604	-	113	9345389	30509
chr8	9314880	9514880	harbor1	chr8	9409267	9409431	SINE/MIR	568	-	82	9409349	94469
chr8	38169200	38369200	harbor1	chr8	38206577	38206725	SINE/MIR	591	-	74	38206651	37451
chr8	23398381	23598381	harbor1	chr8	23418259	23418491	SINE/MIR	619	-	116	23418375	19994
chr8	23398381	23598381	harbor1	chr8	23440681	23440925	SINE/MIR	820	-	122	23440803	42422
chr8	23398381	23598381	harbor1	chr8	23451943	23452118	SINE/MIR	699	-	88	23452031	53650
chr8	23398381	23598381	harbor1	chr8	23458629	23458786	SINE/MIR	416	-	78	23458707	60326
chr8	23398381	23598381	harbor1	chr8	23484218	23484354	SINE/MIR	412	-	68	23484286	85905
chr8	23398381	23598381	harbor1	chr8	23487605	23487757	SINE/MIR	572	-	76	23487681	89300
chr8	23398381	23598381	harbor1	chr8	23495634	23495698	SINE/MIR	792	-	32	23495666	97285
chr8	23398381	23598381	harbor1	chr8	23496248	23496437	SINE/MIR	792	-	94	23496342	97961
chr8	23382036	23582036	harbor1	chr8	23386006	23386169	SINE/MIR	523	-	82	23386088	4052
chr8	23382036	23582036	harbor1	chr8	23418259	23418491	SINE/MIR	619	-	116	23418375	36339
chr8	23382036	23582036	harbor1	chr8	23440681	23440925	SINE/MIR	820	-	122	23440803	58767
chr8	23382036	23582036	harbor1	chr8	23451943	23452118	SINE/MIR	699	-	88	23452031	69995
chr8	23382036	23582036	harbor1	chr8	23458629	23458786	SINE/MIR	416	-	78	23458707	76671
chr8	23409011	23609011	harbor1	chr8	23418259	23418491	SINE/MIR	619	-	116	23418375	9364
chr8	23409011	23609011	harbor1	chr8	23440681	23440925	SINE/MIR	820	-	122	23440803	31792
chr8	23409011	23609011	harbor1	chr8	23451943	23452118	SINE/MIR	699	-	88	23452031	43020
chr8	23409011	23609011	harbor1	chr8	23458629	23458786	SINE/MIR	416	-	78	23458707	49696
chr8	23409011	23609011	harbor1	chr8	23484218	23484354	SINE/MIR	412	-	68	23484286	75275
chr8	23409011	23609011	harbor1	chr8	23487605	23487757	SINE/MIR	572	-	76	23487681	78670
chr8	23409011	23609011	harbor1	chr8	23495634	23495698	SINE/MIR	792	-	32	23495666	86655
chr8	23409011	23609011	harbor1	chr8	23496248	23496437	SINE/MIR	792	-	94	23496342	87331
chr8	23409011	23609011	harbor1	chr8	23508169	23508324	SINE/MIR	438	-	78	23508247	99236
chr8	23428813	23628813	harbor1	chr8	23440681	23440925	SINE/MIR	820	-	122	23440803	11990
chr8	23428813	23628813	harbor1	chr8	23451943	23452118	SINE/MIR	699	-	88	23452031	23218
chr8	23428813	23628813	harbor1	chr8	23458629	23458786	SINE/MIR	416	-	78	23458707	29894
chr8	23428813	23628813	harbor1	chr8	23484218	23484354	SINE/MIR	412	-	68	23484286	55473
chr8	23428813	23628813	harbor1	chr8	23487605	23487757	SINE/MIR	572	-	76	23487681	58868
chr8	23428813	23628813	harbor1	chr8	23495634	23495698	SINE/MIR	792	-	32	23495666	66853
chr8	23428813	23628813	harbor1	chr8	23496248	23496437	SINE/MIR	792	-	94	23496342	67529
chr8	23428813	23628813	harbor1	chr8	23508169	23508324	SINE/MIR	438	-	78	23508247	79434
chr8	21958007	22158007	harbor1	chr8	21972945	21973184	SINE/MIR	903	-	120	21973065	15058
chr8	21958007	22158007	harbor1	chr8	22038731	22038780	SINE/MIR	478	-	24	22038755	80748
chr8	21958007	22158007	harbor1	chr8	22039094	22039218	SINE/MIR	478	-	62	22039156	81149
chr8	23380145	23580145	harbor1	chr8	23386006	23386169	SINE/MIR	523	-	82	23386088	5943
chr8	23380145	23580145	harbor1	chr8	23418259	23418491	SINE/MIR	619	-	116	23418375	38230
chr8	23380145	23580145	harbor1	chr8	23440681	23440925	SINE/MIR	820	-	122	23440803	60658
chr8	23380145	23580145	harbor1	chr8	23451943	23452118	SINE/MIR	699	-	88	23452031	71886
chr8	23380145	23580145	harbor1	chr8	23458629	23458786	SINE/MIR	416	-	78	23458707	78562
chr8	23043892	23243892	harbor1	chr8	23123373	23123522	SINE/MIR	432	-	74	23123447	79555
chr8	38168882	38368882	harbor1	chr8	38206577	38206725	SINE/MIR	591	-	74	38206651	37769
chr8	23407361	23607361	harbor1	chr8	23418259	23418491	SINE/MIR	619	-	116	23418375	11014
chr8	23407361	23607361	harbor1	chr8	23440681	23440925	SINE/MIR	820	-	122	23440803	33442
chr8	23407361	23607361	harbor1	chr8	23451943	23452118	SINE/MIR	699	-	88	23452031	44670
chr8	23407361	23607361	harbor1	chr8	23458629	23458786	SINE/MIR	416	-	78	23458707	51346
chr8	23407361	23607361	harbor1	chr8	23484218	23484354	SINE/MIR	412	-	68	23484286	76925
chr8	23407361	23607361	harbor1	chr8	23487605	23487757	SINE/MIR	572	-	76	23487681	80320
chr8	23407361	23607361	harbor1	chr8	23495634	23495698	SINE/MIR	792	-	32	23495666	88305
chr8	23407361	23607361	harbor1	chr8	23496248	23496437	SINE/MIR	792	-	94	23496342	88981
chr8	109366219	109566219	harbor1	chr8	109376672	109376932	SINE/MIR	556	-	130	109376802	10583
chr8	109366219	109566219	harbor1	chr8	109391104	109391344	SINE/MIR	581	-	120	109391224	25005
chr8	109366219	109566219	harbor1	chr8	109399734	109399887	SINE/MIR	420	-	76	109399810	33591
chr8	23428529	23628529	harbor1	chr8	23440681	23440925	SINE/MIR	820	-	122	23440803	12274
chr8	23428529	23628529	harbor1	chr8	23451943	23452118	SINE/MIR	699	-	88	23452031	23502
chr8	23428529	23628529	harbor1	chr8	23458629	23458786	SINE/MIR	416	-	78	23458707	30178
chr8	23428529	23628529	harbor1	chr8	23484218	23484354	SINE/MIR	412	-	68	23484286	55757
chr8	23428529	23628529	harbor1	chr8	23487605	23487757	SINE/MIR	572	-	76	23487681	59152
chr8	23428529	23628529	harbor1	chr8	23495634	23495698	SINE/MIR	792	-	32	23495666	67137
chr8	23428529	23628529	harbor1	chr8	23496248	23496437	SINE/MIR	792	-	94	23496342	67813
chr8	23428529	23628529	harbor1	chr8	23508169	23508324	SINE/MIR	438	-	78	23508247	79718
chr8	23428549	23628549	harbor1	chr8	23440681	23440925	SINE/MIR	820	-	122	23440803	12254
chr8	23428549	23628549	harbor1	chr8	23451943	23452118	SINE/MIR	699	-	88	23452031	23482
chr8	23428549	23628549	harbor1	chr8	23458629	23458786	SINE/MIR	416	-	78	23458707	30158
chr8	23428549	23628549	harbor1	chr8	23484218	23484354	SINE/MIR	412	-	68	23484286	55737
chr8	23428549	23628549	harbor1	chr8	23487605	23487757	SINE/MIR	572	-	76	23487681	59132
chr8	23428549	23628549	harbor1	chr8	23495634	23495698	SINE/MIR	792	-	32	23495666	67117
chr8	23428549	23628549	harbor1	chr8	23496248	23496437	SINE/MIR	792	-	94	23496342	67793
chr8	23428549	23628549	harbor1	chr8	23508169	23508324	SINE/MIR	438	-	78	23508247	79698
chr8	23428888	23628888	harbor1	chr8	23440681	23440925	SINE/MIR	820	-	122	23440803	11915
chr8	23428888	23628888	harbor1	chr8	23451943	23452118	SINE/MIR	699	-	88	23452031	23143
chr8	23428888	23628888	harbor1	chr8	23458629	23458786	SINE/MIR	416	-	78	23458707	29819
chr8	23428888	23628888	harbor1	chr8	23484218	23484354	SINE/MIR	412	-	68	23484286	55398
chr8	23428888	23628888	harbor1	chr8	23487605	23487757	SINE/MIR	572	-	76	23487681	58793
chr8	23428888	23628888	harbor1	chr8	23495634	23495698	SINE/MIR	792	-	32	23495666	66778
chr8	23428888	23628888	harbor1	chr8	23496248	23496437	SINE/MIR	792	-	94	23496342	67454
chr8	23428888	23628888	harbor1	chr8	23508169	23508324	SINE/MIR	438	-	78	23508247	79359
chr8	23428866	23628866	harbor1	chr8	23440681	23440925	SINE/MIR	820	-	122	23440803	11937
chr8	23428866	23628866	harbor1	chr8	23451943	23452118	SINE/MIR	699	-	88	23452031	23165
chr8	23428866	23628866	harbor1	chr8	23458629	23458786	SINE/MIR	416	-	78	23458707	29841
chr8	23428866	23628866	harbor1	chr8	23484218	23484354	SINE/MIR	412	-	68	23484286	55420
chr8	23428866	23628866	harbor1	chr8	23487605	23487757	SINE/MIR	572	-	76	23487681	58815
chr8	23428866	23628866	harbor1	chr8	23495634	23495698	SINE/MIR	792	-	32	23495666	66800
chr8	23428866	23628866	harbor1	chr8	23496248	23496437	SINE/MIR	792	-	94	23496342	67476
chr8	23428866	23628866	harbor1	chr8	23508169	23508324	SINE/MIR	438	-	78	23508247	79381
chr8	23393384	23593384	harbor1	chr8	23418259	23418491	SINE/MIR	619	-	116	23418375	24991
chr8	23393384	23593384	harbor1	chr8	23440681	23440925	SINE/MIR	820	-	122	23440803	47419
chr8	23393384	23593384	harbor1	chr8	23451943	23452118	SINE/MIR	699	-	88	23452031	58647
chr8	23393384	23593384	harbor1	chr8	23458629	23458786	SINE/MIR	416	-	78	23458707	65323
chr8	23393384	23593384	harbor1	chr8	23484218	23484354	SINE/MIR	412	-	68	23484286	90902
chr8	23393384	23593384	harbor1	chr8	23487605	23487757	SINE/MIR	572	-	76	23487681	94297
chr8	23408040	23608040	harbor1	chr8	23418259	23418491	SINE/MIR	619	-	116	23418375	10335
chr8	23408040	23608040	harbor1	chr8	23440681	23440925	SINE/MIR	820	-	122	23440803	32763
chr8	23408040	23608040	harbor1	chr8	23451943	23452118	SINE/MIR	699	-	88	23452031	43991
chr8	23408040	23608040	harbor1	chr8	23458629	23458786	SINE/MIR	416	-	78	23458707	50667
chr8	23408040	23608040	harbor1	chr8	23484218	23484354	SINE/MIR	412	-	68	23484286	76246
chr8	23408040	23608040	harbor1	chr8	23487605	23487757	SINE/MIR	572	-	76	23487681	79641
chr8	23408040	23608040	harbor1	chr8	23495634	23495698	SINE/MIR	792	-	32	23495666	87626
chr8	23408040	23608040	harbor1	chr8	23496248	23496437	SINE/MIR	792	-	94	23496342	88302
chr8	23428871	23628871	harbor1	chr8	23440681	23440925	SINE/MIR	820	-	122	23440803	11932
chr8	23428871	23628871	harbor1	chr8	23451943	23452118	SINE/MIR	699	-	88	23452031	23160
chr8	23428871	23628871	harbor1	chr8	23458629	23458786	SINE/MIR	416	-	78	23458707	29836
chr8	23428871	23628871	harbor1	chr8	23484218	23484354	SINE/MIR	412	-	68	23484286	55415
chr8	23428871	23628871	harbor1	chr8	23487605	23487757	SINE/MIR	572	-	76	23487681	58810
chr8	23428871	23628871	harbor1	chr8	23495634	23495698	SINE/MIR	792	-	32	23495666	66795
chr8	23428871	23628871	harbor1	chr8	23496248	23496437	SINE/MIR	792	-	94	23496342	67471
chr8	23428871	23628871	harbor1	chr8	23508169	23508324	SINE/MIR	438	-	78	23508247	79376
chr8	23428530	23628530	harbor1	chr8	23440681	23440925	SINE/MIR	820	-	122	23440803	12273
chr8	23428530	23628530	harbor1	chr8	23451943	23452118	SINE/MIR	699	-	88	23452031	23501
chr8	23428530	23628530	harbor1	chr8	23458629	23458786	SINE/MIR	416	-	78	23458707	30177
chr8	23428530	23628530	harbor1	chr8	23484218	23484354	SINE/MIR	412	-	68	23484286	55756
chr8	23428530	23628530	harbor1	chr8	23487605	23487757	SINE/MIR	572	-	76	23487681	59151
chr8	23428530	23628530	harbor1	chr8	23495634	23495698	SINE/MIR	792	-	32	23495666	67136
chr8	23428530	23628530	harbor1	chr8	23496248	23496437	SINE/MIR	792	-	94	23496342	67812
chr8	23428530	23628530	harbor1	chr8	23508169	23508324	SINE/MIR	438	-	78	23508247	79717
chr8	38168620	38368620	harbor1	chr8	38206577	38206725	SINE/MIR	591	-	74	38206651	38031
chr8	23428833	23628833	harbor1	chr8	23440681	23440925	SINE/MIR	820	-	122	23440803	11970
chr8	23428833	23628833	harbor1	chr8	23451943	23452118	SINE/MIR	699	-	88	23452031	23198
chr8	23428833	23628833	harbor1	chr8	23458629	23458786	SINE/MIR	416	-	78	23458707	29874
chr8	23428833	23628833	harbor1	chr8	23484218	23484354	SINE/MIR	412	-	68	23484286	55453
chr8	23428833	23628833	harbor1	chr8	23487605	23487757	SINE/MIR	572	-	76	23487681	58848
chr8	23428833	23628833	harbor1	chr8	23495634	23495698	SINE/MIR	792	-	32	23495666	66833
chr8	23428833	23628833	harbor1	chr8	23496248	23496437	SINE/MIR	792	-	94	23496342	67509
chr8	23428833	23628833	harbor1	chr8	23508169	23508324	SINE/MIR	438	-	78	23508247	79414
chr8	102556520	102756520	harbor1	chr8	102559086	102559292	SINE/MIR	895	-	103	102559189	2669
chr8	102556520	102756520	harbor1	chr8	102559997	102560201	SINE/MIR	606	-	102	102560099	3579
chr8	102556520	102756520	harbor1	chr8	102589662	102589833	SINE/MIR	731	-	86	102589748	33228
chr8	102556520	102756520	harbor1	chr8	102598331	102598513	SINE/MIR	917	-	91	102598422	41902
chr8	102556520	102756520	harbor1	chr8	102613563	102613756	SINE/MIR	677	-	96	102613659	57139
chr8	102556520	102756520	harbor1	chr8	102614043	102614256	SINE/MIR	445	-	106	102614149	57629
chr8	102556520	102756520	harbor1	chr8	102626277	102626495	SINE/MIR	546	-	109	102626386	69866
chr8	102556520	102756520	harbor1	chr8	102643589	102643771	SINE/MIR	414	-	91	102643680	87160
chr8	23382024	23582024	harbor1	chr8	23386006	23386169	SINE/MIR	523	-	82	23386088	4064
chr8	23382024	23582024	harbor1	chr8	23418259	23418491	SINE/MIR	619	-	116	23418375	36351
chr8	23382024	23582024	harbor1	chr8	23440681	23440925	SINE/MIR	820	-	122	23440803	58779
chr8	23382024	23582024	harbor1	chr8	23451943	23452118	SINE/MIR	699	-	88	23452031	70007
chr8	23382024	23582024	harbor1	chr8	23458629	23458786	SINE/MIR	416	-	78	23458707	76683
chr8	23382929	23582929	harbor1	chr8	23386006	23386169	SINE/MIR	523	-	82	23386088	3159
chr8	23382929	23582929	harbor1	chr8	23418259	23418491	SINE/MIR	619	-	116	23418375	35446
chr8	23382929	23582929	harbor1	chr8	23440681	23440925	SINE/MIR	820	-	122	23440803	57874
chr8	23382929	23582929	harbor1	chr8	23451943	23452118	SINE/MIR	699	-	88	23452031	69102
chr8	23382929	23582929	harbor1	chr8	23458629	23458786	SINE/MIR	416	-	78	23458707	75778
chr8	38365256	38565256	harbor1	chr8	38438177	38438259	SINE/MIR	637	-	41	38438218	72962
chr8	38365256	38565256	harbor1	chr8	38438560	38438687	SINE/MIR	637	-	64	38438624	73368
chr8	38365256	38565256	harbor1	chr8	38453328	38453524	SINE/MIR	445	-	98	38453426	88170
chr8	38365256	38565256	harbor1	chr8	38454691	38454847	SINE/MIR	457	-	78	38454769	89513
chr8	38365256	38565256	harbor1	chr8	38459528	38459720	SINE/MIR	470	-	96	38459624	94368
chr8	23428812	23628812	harbor1	chr8	23440681	23440925	SINE/MIR	820	-	122	23440803	11991
chr8	23428812	23628812	harbor1	chr8	23451943	23452118	SINE/MIR	699	-	88	23452031	23219
chr8	23428812	23628812	harbor1	chr8	23458629	23458786	SINE/MIR	416	-	78	23458707	29895
chr8	23428812	23628812	harbor1	chr8	23484218	23484354	SINE/MIR	412	-	68	23484286	55474
chr8	23428812	23628812	harbor1	chr8	23487605	23487757	SINE/MIR	572	-	76	23487681	58869
chr8	23428812	23628812	harbor1	chr8	23495634	23495698	SINE/MIR	792	-	32	23495666	66854
chr8	23428812	23628812	harbor1	chr8	23496248	23496437	SINE/MIR	792	-	94	23496342	67530
chr8	23428812	23628812	harbor1	chr8	23508169	23508324	SINE/MIR	438	-	78	23508247	79435
chr8	23335731	23535731	harbor1	chr8	23344993	23345240	SINE/MIR	434	-	124	23345117	9386
chr8	23335731	23535731	harbor1	chr8	23369876	23370036	SINE/MIR	443	-	80	23369956	34225
chr8	23335731	23535731	harbor1	chr8	23373603	23373824	SINE/MIR	657	-	110	23373713	37982
chr8	23335731	23535731	harbor1	chr8	23386006	23386169	SINE/MIR	523	-	82	23386088	50357
chr8	23335731	23535731	harbor1	chr8	23418259	23418491	SINE/MIR	619	-	116	23418375	82644
chr8	23428407	23628407	harbor1	chr8	23440681	23440925	SINE/MIR	820	-	122	23440803	12396
chr8	23428407	23628407	harbor1	chr8	23451943	23452118	SINE/MIR	699	-	88	23452031	23624
chr8	23428407	23628407	harbor1	chr8	23458629	23458786	SINE/MIR	416	-	78	23458707	30300
chr8	23428407	23628407	harbor1	chr8	23484218	23484354	SINE/MIR	412	-	68	23484286	55879
chr8	23428407	23628407	harbor1	chr8	23487605	23487757	SINE/MIR	572	-	76	23487681	59274
chr8	23428407	23628407	harbor1	chr8	23495634	23495698	SINE/MIR	792	-	32	23495666	67259
chr8	23428407	23628407	harbor1	chr8	23496248	23496437	SINE/MIR	792	-	94	23496342	67935
chr8	23428407	23628407	harbor1	chr8	23508169	23508324	SINE/MIR	438	-	78	23508247	79840
chr8	89802506	90002506	harbor1	chr8	89857344	89857602	SINE/MIR	652	-	129	89857473	54967
chr8	89802506	90002506	harbor1	chr8	89866923	89867059	SINE/MIR	431	-	68	89866991	64485
chr8	89802506	90002506	harbor1	chr8	89891374	89891585	SINE/MIR	627	-	106	89891480	88974
chr8	23428497	23628497	harbor1	chr8	23440681	23440925	SINE/MIR	820	-	122	23440803	12306
chr8	23428497	23628497	harbor1	chr8	23451943	23452118	SINE/MIR	699	-	88	23452031	23534
chr8	23428497	23628497	harbor1	chr8	23458629	23458786	SINE/MIR	416	-	78	23458707	30210
chr8	23428497	23628497	harbor1	chr8	23484218	23484354	SINE/MIR	412	-	68	23484286	55789
chr8	23428497	23628497	harbor1	chr8	23487605	23487757	SINE/MIR	572	-	76	23487681	59184
chr8	23428497	23628497	harbor1	chr8	23495634	23495698	SINE/MIR	792	-	32	23495666	67169
chr8	23428497	23628497	harbor1	chr8	23496248	23496437	SINE/MIR	792	-	94	23496342	67845
chr8	23428497	23628497	harbor1	chr8	23508169	23508324	SINE/MIR	438	-	78	23508247	79750
chr8	23419568	23619568	harbor1	chr8	23440681	23440925	SINE/MIR	820	-	122	23440803	21235
chr8	23419568	23619568	harbor1	chr8	23451943	23452118	SINE/MIR	699	-	88	23452031	32463
chr8	23419568	23619568	harbor1	chr8	23458629	23458786	SINE/MIR	416	-	78	23458707	39139
chr8	23419568	23619568	harbor1	chr8	23484218	23484354	SINE/MIR	412	-	68	23484286	64718
chr8	23419568	23619568	harbor1	chr8	23487605	23487757	SINE/MIR	572	-	76	23487681	68113
chr8	23419568	23619568	harbor1	chr8	23495634	23495698	SINE/MIR	792	-	32	23495666	76098
chr8	23419568	23619568	harbor1	chr8	23496248	23496437	SINE/MIR	792	-	94	23496342	76774
chr8	23419568	23619568	harbor1	chr8	23508169	23508324	SINE/MIR	438	-	78	23508247	88679
chr8	27225680	27425680	harbor1	chr8	27225594	27225814	SINE/MIR	420	-	110	27225704	24
chr8	27225680	27425680	harbor1	chr8	27245315	27245461	SINE/MIR	413	-	73	27245388	19708
chr8	27225680	27425680	harbor1	chr8	27245883	27246070	SINE/MIR	507	-	94	27245977	20297
chr8	27225680	27425680	harbor1	chr8	27246378	27246486	SINE/MIR	514	-	54	27246432	20752
chr8	27225680	27425680	harbor1	chr8	27271788	27272011	SINE/MIR	556	-	112	27271900	46220
chr8	27225680	27425680	harbor1	chr8	27281749	27281956	SINE/MIR	856	-	104	27281853	56173
chr8	27225680	27425680	harbor1	chr8	27299378	27299580	SINE/MIR	703	-	101	27299479	73799
chr8	27225680	27425680	harbor1	chr8	27322557	27322715	SINE/MIR	438	-	79	27322636	96956
chr8	23428434	23628434	harbor1	chr8	23440681	23440925	SINE/MIR	820	-	122	23440803	12369
chr8	23428434	23628434	harbor1	chr8	23451943	23452118	SINE/MIR	699	-	88	23452031	23597
chr8	23428434	23628434	harbor1	chr8	23458629	23458786	SINE/MIR	416	-	78	23458707	30273
chr8	23428434	23628434	harbor1	chr8	23484218	23484354	SINE/MIR	412	-	68	23484286	55852
chr8	23428434	23628434	harbor1	chr8	23487605	23487757	SINE/MIR	572	-	76	23487681	59247
chr8	23428434	23628434	harbor1	chr8	23495634	23495698	SINE/MIR	792	-	32	23495666	67232
chr8	23428434	23628434	harbor1	chr8	23496248	23496437	SINE/MIR	792	-	94	23496342	67908
chr8	23428434	23628434	harbor1	chr8	23508169	23508324	SINE/MIR	438	-	78	23508247	79813
chr8	23428557	23628557	harbor1	chr8	23440681	23440925	SINE/MIR	820	-	122	23440803	12246
chr8	23428557	23628557	harbor1	chr8	23451943	23452118	SINE/MIR	699	-	88	23452031	23474
chr8	23428557	23628557	harbor1	chr8	23458629	23458786	SINE/MIR	416	-	78	23458707	30150
chr8	23428557	23628557	harbor1	chr8	23484218	23484354	SINE/MIR	412	-	68	23484286	55729
chr8	23428557	23628557	harbor1	chr8	23487605	23487757	SINE/MIR	572	-	76	23487681	59124
chr8	23428557	23628557	harbor1	chr8	23495634	23495698	SINE/MIR	792	-	32	23495666	67109
chr8	23428557	23628557	harbor1	chr8	23496248	23496437	SINE/MIR	792	-	94	23496342	67785
chr8	23428557	23628557	harbor1	chr8	23508169	23508324	SINE/MIR	438	-	78	23508247	79690
chr8	23428919	23628919	harbor1	chr8	23440681	23440925	SINE/MIR	820	-	122	23440803	11884
chr8	23428919	23628919	harbor1	chr8	23451943	23452118	SINE/MIR	699	-	88	23452031	23112
chr8	23428919	23628919	harbor1	chr8	23458629	23458786	SINE/MIR	416	-	78	23458707	29788
chr8	23428919	23628919	harbor1	chr8	23484218	23484354	SINE/MIR	412	-	68	23484286	55367
chr8	23428919	23628919	harbor1	chr8	23487605	23487757	SINE/MIR	572	-	76	23487681	58762
chr8	23428919	23628919	harbor1	chr8	23495634	23495698	SINE/MIR	792	-	32	23495666	66747
chr8	23428919	23628919	harbor1	chr8	23496248	23496437	SINE/MIR	792	-	94	23496342	67423
chr8	23428919	23628919	harbor1	chr8	23508169	23508324	SINE/MIR	438	-	78	23508247	79328
chr8	90970524	91170524	harbor1	chr8	90972614	90972780	SINE/MIR	485	-	83	90972697	2173
chr8	90970524	91170524	harbor1	chr8	90983625	90983798	SINE/MIR	516	-	86	90983711	13187
chr8	21958005	22158005	harbor1	chr8	21972945	21973184	SINE/MIR	903	-	120	21973065	15060
chr8	21958005	22158005	harbor1	chr8	22038731	22038780	SINE/MIR	478	-	24	22038755	80750
chr8	21958005	22158005	harbor1	chr8	22039094	22039218	SINE/MIR	478	-	62	22039156	81151
chr8	38169251	38369251	harbor1	chr8	38206577	38206725	SINE/MIR	591	-	74	38206651	37400
chr8	23358013	23558013	harbor1	chr8	23369876	23370036	SINE/MIR	443	-	80	23369956	11943
chr8	23358013	23558013	harbor1	chr8	23373603	23373824	SINE/MIR	657	-	110	23373713	15700
chr8	23358013	23558013	harbor1	chr8	23386006	23386169	SINE/MIR	523	-	82	23386088	28075
chr8	23358013	23558013	harbor1	chr8	23418259	23418491	SINE/MIR	619	-	116	23418375	60362
chr8	23358013	23558013	harbor1	chr8	23440681	23440925	SINE/MIR	820	-	122	23440803	82790
chr8	23358013	23558013	harbor1	chr8	23451943	23452118	SINE/MIR	699	-	88	23452031	94018
chr8	23428835	23628835	harbor1	chr8	23440681	23440925	SINE/MIR	820	-	122	23440803	11968
chr8	23428835	23628835	harbor1	chr8	23451943	23452118	SINE/MIR	699	-	88	23452031	23196
chr8	23428835	23628835	harbor1	chr8	23458629	23458786	SINE/MIR	416	-	78	23458707	29872
chr8	23428835	23628835	harbor1	chr8	23484218	23484354	SINE/MIR	412	-	68	23484286	55451
chr8	23428835	23628835	harbor1	chr8	23487605	23487757	SINE/MIR	572	-	76	23487681	58846
chr8	23428835	23628835	harbor1	chr8	23495634	23495698	SINE/MIR	792	-	32	23495666	66831
chr8	23428835	23628835	harbor1	chr8	23496248	23496437	SINE/MIR	792	-	94	23496342	67507
chr8	23428835	23628835	harbor1	chr8	23508169	23508324	SINE/MIR	438	-	78	23508247	79412
chr8	23428480	23628480	harbor1	chr8	23440681	23440925	SINE/MIR	820	-	122	23440803	12323
chr8	23428480	23628480	harbor1	chr8	23451943	23452118	SINE/MIR	699	-	88	23452031	23551
chr8	23428480	23628480	harbor1	chr8	23458629	23458786	SINE/MIR	416	-	78	23458707	30227
chr8	23428480	23628480	harbor1	chr8	23484218	23484354	SINE/MIR	412	-	68	23484286	55806
chr8	23428480	23628480	harbor1	chr8	23487605	23487757	SINE/MIR	572	-	76	23487681	59201
chr8	23428480	23628480	harbor1	chr8	23495634	23495698	SINE/MIR	792	-	32	23495666	67186
chr8	23428480	23628480	harbor1	chr8	23496248	23496437	SINE/MIR	792	-	94	23496342	67862
chr8	23428480	23628480	harbor1	chr8	23508169	23508324	SINE/MIR	438	-	78	23508247	79767
chr8	2481328	2681328	harbor1	chr8	2486574	2486777	SINE/MIR	413	-	102	2486676	5348
chr8	2481328	2681328	harbor1	chr8	2567343	2567540	SINE/MIR	464	-	98	2567441	86113
chr8	2481328	2681328	harbor1	chr8	2575140	2575344	SINE/MIR	535	-	102	2575242	93914
chr8	23428515	23628515	harbor1	chr8	23440681	23440925	SINE/MIR	820	-	122	23440803	12288
chr8	23428515	23628515	harbor1	chr8	23451943	23452118	SINE/MIR	699	-	88	23452031	23516
chr8	23428515	23628515	harbor1	chr8	23458629	23458786	SINE/MIR	416	-	78	23458707	30192
chr8	23428515	23628515	harbor1	chr8	23484218	23484354	SINE/MIR	412	-	68	23484286	55771
chr8	23428515	23628515	harbor1	chr8	23487605	23487757	SINE/MIR	572	-	76	23487681	59166
chr8	23428515	23628515	harbor1	chr8	23495634	23495698	SINE/MIR	792	-	32	23495666	67151
chr8	23428515	23628515	harbor1	chr8	23496248	23496437	SINE/MIR	792	-	94	23496342	67827
chr8	23428515	23628515	harbor1	chr8	23508169	23508324	SINE/MIR	438	-	78	23508247	79732
chr8	23393484	23593484	harbor1	chr8	23418259	23418491	SINE/MIR	619	-	116	23418375	24891
chr8	23393484	23593484	harbor1	chr8	23440681	23440925	SINE/MIR	820	-	122	23440803	47319
chr8	23393484	23593484	harbor1	chr8	23451943	23452118	SINE/MIR	699	-	88	23452031	58547
chr8	23393484	23593484	harbor1	chr8	23458629	23458786	SINE/MIR	416	-	78	23458707	65223
chr8	23393484	23593484	harbor1	chr8	23484218	23484354	SINE/MIR	412	-	68	23484286	90802
chr8	23393484	23593484	harbor1	chr8	23487605	23487757	SINE/MIR	572	-	76	23487681	94197
chr8	23380424	23580424	harbor1	chr8	23386006	23386169	SINE/MIR	523	-	82	23386088	5664
chr8	23380424	23580424	harbor1	chr8	23418259	23418491	SINE/MIR	619	-	116	23418375	37951
chr8	23380424	23580424	harbor1	chr8	23440681	23440925	SINE/MIR	820	-	122	23440803	60379
chr8	23380424	23580424	harbor1	chr8	23451943	23452118	SINE/MIR	699	-	88	23452031	71607
chr8	23380424	23580424	harbor1	chr8	23458629	23458786	SINE/MIR	416	-	78	23458707	78283
chr8	23428487	23628487	harbor1	chr8	23440681	23440925	SINE/MIR	820	-	122	23440803	12316
chr8	23428487	23628487	harbor1	chr8	23451943	23452118	SINE/MIR	699	-	88	23452031	23544
chr8	23428487	23628487	harbor1	chr8	23458629	23458786	SINE/MIR	416	-	78	23458707	30220
chr8	23428487	23628487	harbor1	chr8	23484218	23484354	SINE/MIR	412	-	68	23484286	55799
chr8	23428487	23628487	harbor1	chr8	23487605	23487757	SINE/MIR	572	-	76	23487681	59194
chr8	23428487	23628487	harbor1	chr8	23495634	23495698	SINE/MIR	792	-	32	23495666	67179
chr8	23428487	23628487	harbor1	chr8	23496248	23496437	SINE/MIR	792	-	94	23496342	67855
chr8	23428487	23628487	harbor1	chr8	23508169	23508324	SINE/MIR	438	-	78	23508247	79760
chr8	23393608	23593608	harbor1	chr8	23418259	23418491	SINE/MIR	619	-	116	23418375	24767
chr8	23393608	23593608	harbor1	chr8	23440681	23440925	SINE/MIR	820	-	122	23440803	47195
chr8	23393608	23593608	harbor1	chr8	23451943	23452118	SINE/MIR	699	-	88	23452031	58423
chr8	23393608	23593608	harbor1	chr8	23458629	23458786	SINE/MIR	416	-	78	23458707	65099
chr8	23393608	23593608	harbor1	chr8	23484218	23484354	SINE/MIR	412	-	68	23484286	90678
chr8	23393608	23593608	harbor1	chr8	23487605	23487757	SINE/MIR	572	-	76	23487681	94073
chr8	23428433	23628433	harbor1	chr8	23440681	23440925	SINE/MIR	820	-	122	23440803	12370
chr8	23428433	23628433	harbor1	chr8	23451943	23452118	SINE/MIR	699	-	88	23452031	23598
chr8	23428433	23628433	harbor1	chr8	23458629	23458786	SINE/MIR	416	-	78	23458707	30274
chr8	23428433	23628433	harbor1	chr8	23484218	23484354	SINE/MIR	412	-	68	23484286	55853
chr8	23428433	23628433	harbor1	chr8	23487605	23487757	SINE/MIR	572	-	76	23487681	59248
chr8	23428433	23628433	harbor1	chr8	23495634	23495698	SINE/MIR	792	-	32	23495666	67233
chr8	23428433	23628433	harbor1	chr8	23496248	23496437	SINE/MIR	792	-	94	23496342	67909
chr8	23428433	23628433	harbor1	chr8	23508169	23508324	SINE/MIR	438	-	78	23508247	79814
chr8	41797946	41997946	harbor1	chr8	41807166	41807354	SINE/MIR	417	-	94	41807260	9314
chr8	41797946	41997946	harbor1	chr8	41829390	41829524	SINE/MIR	445	-	67	41829457	31511
chr8	41797946	41997946	harbor1	chr8	41838095	41838302	SINE/MIR	600	-	104	41838199	40253
chr8	41797946	41997946	harbor1	chr8	41852583	41852799	SINE/MIR	431	-	108	41852691	54745
chr8	41797946	41997946	harbor1	chr8	41873400	41873599	SINE/MIR	472	-	100	41873500	75554
chr8	41797946	41997946	harbor1	chr8	41886261	41886476	SINE/MIR	561	-	108	41886369	88423
chr8	41797946	41997946	harbor1	chr8	41890132	41890328	SINE/MIR	563	-	98	41890230	92284
chr8	12095160	12295160	harbor1	chr8	12192791	12193025	SINE/MIR	776	-	117	12192908	97748
chr8	23398492	23598492	harbor1	chr8	23418259	23418491	SINE/MIR	619	-	116	23418375	19883
chr8	23398492	23598492	harbor1	chr8	23440681	23440925	SINE/MIR	820	-	122	23440803	42311
chr8	23398492	23598492	harbor1	chr8	23451943	23452118	SINE/MIR	699	-	88	23452031	53539
chr8	23398492	23598492	harbor1	chr8	23458629	23458786	SINE/MIR	416	-	78	23458707	60215
chr8	23398492	23598492	harbor1	chr8	23484218	23484354	SINE/MIR	412	-	68	23484286	85794
chr8	23398492	23598492	harbor1	chr8	23487605	23487757	SINE/MIR	572	-	76	23487681	89189
chr8	23398492	23598492	harbor1	chr8	23495634	23495698	SINE/MIR	792	-	32	23495666	97174
chr8	23398492	23598492	harbor1	chr8	23496248	23496437	SINE/MIR	792	-	94	23496342	97850
chr8	23428524	23628524	harbor1	chr8	23440681	23440925	SINE/MIR	820	-	122	23440803	12279
chr8	23428524	23628524	harbor1	chr8	23451943	23452118	SINE/MIR	699	-	88	23452031	23507
chr8	23428524	23628524	harbor1	chr8	23458629	23458786	SINE/MIR	416	-	78	23458707	30183
chr8	23428524	23628524	harbor1	chr8	23484218	23484354	SINE/MIR	412	-	68	23484286	55762
chr8	23428524	23628524	harbor1	chr8	23487605	23487757	SINE/MIR	572	-	76	23487681	59157
chr8	23428524	23628524	harbor1	chr8	23495634	23495698	SINE/MIR	792	-	32	23495666	67142
chr8	23428524	23628524	harbor1	chr8	23496248	23496437	SINE/MIR	792	-	94	23496342	67818
chr8	23428524	23628524	harbor1	chr8	23508169	23508324	SINE/MIR	438	-	78	23508247	79723
chr8	38368467	38568467	harbor1	chr8	38438177	38438259	SINE/MIR	637	-	41	38438218	69751
chr8	38368467	38568467	harbor1	chr8	38438560	38438687	SINE/MIR	637	-	64	38438624	70157
chr8	38368467	38568467	harbor1	chr8	38453328	38453524	SINE/MIR	445	-	98	38453426	84959
chr8	38368467	38568467	harbor1	chr8	38454691	38454847	SINE/MIR	457	-	78	38454769	86302
chr8	38368467	38568467	harbor1	chr8	38459528	38459720	SINE/MIR	470	-	96	38459624	91157
chr8	141299565	141499565	harbor1	chr8	141314965	141315153	SINE/MIR	655	-	94	141315059	15494
chr8	141299565	141499565	harbor1	chr8	141332229	141332413	SINE/MIR	463	-	92	141332321	32756
chr8	141299565	141499565	harbor1	chr8	141363935	141364095	SINE/MIR	424	-	80	141364015	64450
chr8	141299565	141499565	harbor1	chr8	141372726	141372961	SINE/MIR	591	-	118	141372844	73279
chr8	23384163	23584163	harbor1	chr8	23386006	23386169	SINE/MIR	523	-	82	23386088	1925
chr8	23384163	23584163	harbor1	chr8	23418259	23418491	SINE/MIR	619	-	116	23418375	34212
chr8	23384163	23584163	harbor1	chr8	23440681	23440925	SINE/MIR	820	-	122	23440803	56640
chr8	23384163	23584163	harbor1	chr8	23451943	23452118	SINE/MIR	699	-	88	23452031	67868
chr8	23384163	23584163	harbor1	chr8	23458629	23458786	SINE/MIR	416	-	78	23458707	74544
chr8	23428822	23628822	harbor1	chr8	23440681	23440925	SINE/MIR	820	-	122	23440803	11981
chr8	23428822	23628822	harbor1	chr8	23451943	23452118	SINE/MIR	699	-	88	23452031	23209
chr8	23428822	23628822	harbor1	chr8	23458629	23458786	SINE/MIR	416	-	78	23458707	29885
chr8	23428822	23628822	harbor1	chr8	23484218	23484354	SINE/MIR	412	-	68	23484286	55464
chr8	23428822	23628822	harbor1	chr8	23487605	23487757	SINE/MIR	572	-	76	23487681	58859
chr8	23428822	23628822	harbor1	chr8	23495634	23495698	SINE/MIR	792	-	32	23495666	66844
chr8	23428822	23628822	harbor1	chr8	23496248	23496437	SINE/MIR	792	-	94	23496342	67520
chr8	23428822	23628822	harbor1	chr8	23508169	23508324	SINE/MIR	438	-	78	23508247	79425
chr8	9051756	9251756	harbor1	chr8	9078391	9078531	SINE/MIR	416	-	70	9078461	26705
chr8	9051756	9251756	harbor1	chr8	9116014	9116230	SINE/MIR	532	-	108	9116122	64366
chr8	23428849	23628849	harbor1	chr8	23440681	23440925	SINE/MIR	820	-	122	23440803	11954
chr8	23428849	23628849	harbor1	chr8	23451943	23452118	SINE/MIR	699	-	88	23452031	23182
chr8	23428849	23628849	harbor1	chr8	23458629	23458786	SINE/MIR	416	-	78	23458707	29858
chr8	23428849	23628849	harbor1	chr8	23484218	23484354	SINE/MIR	412	-	68	23484286	55437
chr8	23428849	23628849	harbor1	chr8	23487605	23487757	SINE/MIR	572	-	76	23487681	58832
chr8	23428849	23628849	harbor1	chr8	23495634	23495698	SINE/MIR	792	-	32	23495666	66817
chr8	23428849	23628849	harbor1	chr8	23496248	23496437	SINE/MIR	792	-	94	23496342	67493
chr8	23428849	23628849	harbor1	chr8	23508169	23508324	SINE/MIR	438	-	78	23508247	79398
chr8	23373952	23573952	harbor1	chr8	23386006	23386169	SINE/MIR	523	-	82	23386088	12136
chr8	23373952	23573952	harbor1	chr8	23418259	23418491	SINE/MIR	619	-	116	23418375	44423
chr8	23373952	23573952	harbor1	chr8	23440681	23440925	SINE/MIR	820	-	122	23440803	66851
chr8	23373952	23573952	harbor1	chr8	23451943	23452118	SINE/MIR	699	-	88	23452031	78079
chr8	23373952	23573952	harbor1	chr8	23458629	23458786	SINE/MIR	416	-	78	23458707	84755
chr8	94973525	95173525	harbor1	chr8	94983619	94983764	SINE/MIR	703	-	72	94983691	10166
chr8	94973525	95173525	harbor1	chr8	95068476	95068597	SINE/MIR	496	-	60	95068536	95011
chr8	140984887	141184887	harbor1	chr8	141006812	141006995	SINE/MIR	604	-	92	141006904	22017
chr8	140984887	141184887	harbor1	chr8	141021578	141021815	SINE/MIR	985	-	118	141021696	36809
chr8	140984887	141184887	harbor1	chr8	141052567	141052775	SINE/MIR	506	-	104	141052671	67784
chr8	140984887	141184887	harbor1	chr8	141061061	141061180	SINE/MIR	415	-	60	141061121	76234
chr8	140984887	141184887	harbor1	chr8	141068016	141068081	SINE/MIR	588	-	32	141068048	83161
chr8	140984887	141184887	harbor1	chr8	141068473	141068603	SINE/MIR	588	-	65	141068538	83651
chr8	140984887	141184887	harbor1	chr8	141078679	141078892	SINE/MIR	432	-	106	141078785	93898
chr8	32680029	32880029	harbor1	chr8	32770307	32770428	SINE/MIR	475	-	60	32770367	90338
chr8	53999312	54199312	harbor1	chr8	54013797	54013970	SINE/MIR	504	-	86	54013883	14571
chr8	38167799	38367799	harbor1	chr8	38206577	38206725	SINE/MIR	591	-	74	38206651	38852
chr8	23428936	23628936	harbor1	chr8	23440681	23440925	SINE/MIR	820	-	122	23440803	11867
chr8	23428936	23628936	harbor1	chr8	23451943	23452118	SINE/MIR	699	-	88	23452031	23095
chr8	23428936	23628936	harbor1	chr8	23458629	23458786	SINE/MIR	416	-	78	23458707	29771
chr8	23428936	23628936	harbor1	chr8	23484218	23484354	SINE/MIR	412	-	68	23484286	55350
chr8	23428936	23628936	harbor1	chr8	23487605	23487757	SINE/MIR	572	-	76	23487681	58745
chr8	23428936	23628936	harbor1	chr8	23495634	23495698	SINE/MIR	792	-	32	23495666	66730
chr8	23428936	23628936	harbor1	chr8	23496248	23496437	SINE/MIR	792	-	94	23496342	67406
chr8	23428936	23628936	harbor1	chr8	23508169	23508324	SINE/MIR	438	-	78	23508247	79311
chr8	143147120	143347120	harbor1	chr8	143161246	143161481	SINE/MIR	651	-	118	143161364	14244
chr8	143147120	143347120	harbor1	chr8	143234681	143234898	SINE/MIR	630	-	108	143234789	87669
chr8	23409024	23609024	harbor1	chr8	23418259	23418491	SINE/MIR	619	-	116	23418375	9351
chr8	23409024	23609024	harbor1	chr8	23440681	23440925	SINE/MIR	820	-	122	23440803	31779
chr8	23409024	23609024	harbor1	chr8	23451943	23452118	SINE/MIR	699	-	88	23452031	43007
chr8	23409024	23609024	harbor1	chr8	23458629	23458786	SINE/MIR	416	-	78	23458707	49683
chr8	23409024	23609024	harbor1	chr8	23484218	23484354	SINE/MIR	412	-	68	23484286	75262
chr8	23409024	23609024	harbor1	chr8	23487605	23487757	SINE/MIR	572	-	76	23487681	78657
chr8	23409024	23609024	harbor1	chr8	23495634	23495698	SINE/MIR	792	-	32	23495666	86642
chr8	23409024	23609024	harbor1	chr8	23496248	23496437	SINE/MIR	792	-	94	23496342	87318
chr8	23409024	23609024	harbor1	chr8	23508169	23508324	SINE/MIR	438	-	78	23508247	99223
chr8	23428958	23628958	harbor1	chr8	23440681	23440925	SINE/MIR	820	-	122	23440803	11845
chr8	23428958	23628958	harbor1	chr8	23451943	23452118	SINE/MIR	699	-	88	23452031	23073
chr8	23428958	23628958	harbor1	chr8	23458629	23458786	SINE/MIR	416	-	78	23458707	29749
chr8	23428958	23628958	harbor1	chr8	23484218	23484354	SINE/MIR	412	-	68	23484286	55328
chr8	23428958	23628958	harbor1	chr8	23487605	23487757	SINE/MIR	572	-	76	23487681	58723
chr8	23428958	23628958	harbor1	chr8	23495634	23495698	SINE/MIR	792	-	32	23495666	66708
chr8	23428958	23628958	harbor1	chr8	23496248	23496437	SINE/MIR	792	-	94	23496342	67384
chr8	23428958	23628958	harbor1	chr8	23508169	23508324	SINE/MIR	438	-	78	23508247	79289
chr8	26477624	26677624	harbor1	chr8	26483352	26483514	SINE/MIR	473	-	81	26483433	5809
chr8	26477624	26677624	harbor1	chr8	26492046	26492218	SINE/MIR	520	-	86	26492132	14508
chr8	26477624	26677624	harbor1	chr8	26505194	26505364	SINE/MIR	451	-	85	26505279	27655
chr8	38168860	38368860	harbor1	chr8	38206577	38206725	SINE/MIR	591	-	74	38206651	37791
chr8	54001253	54201253	harbor1	chr8	54013797	54013970	SINE/MIR	504	-	86	54013883	12630
chr8	143323804	143523804	harbor1	chr8	143413438	143413619	SINE/MIR	518	-	90	143413528	89724
chr8	23382017	23582017	harbor1	chr8	23386006	23386169	SINE/MIR	523	-	82	23386088	4071
chr8	23382017	23582017	harbor1	chr8	23418259	23418491	SINE/MIR	619	-	116	23418375	36358
chr8	23382017	23582017	harbor1	chr8	23440681	23440925	SINE/MIR	820	-	122	23440803	58786
chr8	23382017	23582017	harbor1	chr8	23451943	23452118	SINE/MIR	699	-	88	23452031	70014
chr8	23382017	23582017	harbor1	chr8	23458629	23458786	SINE/MIR	416	-	78	23458707	76690
chr8	23428526	23628526	harbor1	chr8	23440681	23440925	SINE/MIR	820	-	122	23440803	12277
chr8	23428526	23628526	harbor1	chr8	23451943	23452118	SINE/MIR	699	-	88	23452031	23505
chr8	23428526	23628526	harbor1	chr8	23458629	23458786	SINE/MIR	416	-	78	23458707	30181
chr8	23428526	23628526	harbor1	chr8	23484218	23484354	SINE/MIR	412	-	68	23484286	55760
chr8	23428526	23628526	harbor1	chr8	23487605	23487757	SINE/MIR	572	-	76	23487681	59155
chr8	23428526	23628526	harbor1	chr8	23495634	23495698	SINE/MIR	792	-	32	23495666	67140
chr8	23428526	23628526	harbor1	chr8	23496248	23496437	SINE/MIR	792	-	94	23496342	67816
chr8	23428526	23628526	harbor1	chr8	23508169	23508324	SINE/MIR	438	-	78	23508247	79721
chr8	8790734	8990734	harbor1	chr8	8799840	8800053	SINE/MIR	604	-	106	8799946	9212
chr8	8790734	8990734	harbor1	chr8	8802086	8802311	SINE/MIR	481	-	112	8802198	11464
chr8	27519509	27719509	harbor1	chr8	27527822	27528011	SINE/MIR	499	-	94	27527916	8407
chr8	27519509	27719509	harbor1	chr8	27533140	27533337	SINE/MIR	544	-	98	27533238	13729
chr8	27519509	27719509	harbor1	chr8	27545944	27546066	SINE/MIR	430	-	61	27546005	26496
chr8	27519509	27719509	harbor1	chr8	27559131	27559290	SINE/MIR	439	-	80	27559211	39702
chr8	27519509	27719509	harbor1	chr8	27577176	27577372	SINE/MIR	784	-	98	27577274	57765
chr8	27519509	27719509	harbor1	chr8	27583086	27583213	SINE/MIR	418	-	64	27583150	63641
chr8	27519509	27719509	harbor1	chr8	27591645	27591748	SINE/MIR	429	-	52	27591697	72188
chr8	27519509	27719509	harbor1	chr8	27612137	27612296	SINE/MIR	416	-	80	27612217	92708
chr8	25084956	25284956	harbor1	chr8	25165920	25165993	SINE/MIR	442	-	36	25165956	81000
chr8	25084956	25284956	harbor1	chr8	25166293	25166422	SINE/MIR	442	-	64	25166357	81401
chr8	23372498	23572498	harbor1	chr8	23373603	23373824	SINE/MIR	657	-	110	23373713	1215
chr8	23372498	23572498	harbor1	chr8	23386006	23386169	SINE/MIR	523	-	82	23386088	13590
chr8	23372498	23572498	harbor1	chr8	23418259	23418491	SINE/MIR	619	-	116	23418375	45877
chr8	23372498	23572498	harbor1	chr8	23440681	23440925	SINE/MIR	820	-	122	23440803	68305
chr8	23372498	23572498	harbor1	chr8	23451943	23452118	SINE/MIR	699	-	88	23452031	79533
chr8	23372498	23572498	harbor1	chr8	23458629	23458786	SINE/MIR	416	-	78	23458707	86209
chr8	21328820	21528820	harbor1	chr8	21357541	21357700	SINE/MIR	436	-	80	21357621	28801
chr8	21328820	21528820	harbor1	chr8	21383460	21383663	SINE/MIR	433	-	102	21383562	54742
chr8	141299674	141499674	harbor1	chr8	141314965	141315153	SINE/MIR	655	-	94	141315059	15385
chr8	141299674	141499674	harbor1	chr8	141332229	141332413	SINE/MIR	463	-	92	141332321	32647
chr8	141299674	141499674	harbor1	chr8	141363935	141364095	SINE/MIR	424	-	80	141364015	64341
chr8	141299674	141499674	harbor1	chr8	141372726	141372961	SINE/MIR	591	-	118	141372844	73170
chr8	22051990	22251990	harbor1	chr8	22100233	22100434	SINE/MIR	424	-	100	22100333	48343
chr8	22051990	22251990	harbor1	chr8	22126563	22126810	SINE/MIR	978	-	124	22126687	74697
chr8	22051990	22251990	harbor1	chr8	22144754	22144909	SINE/MIR	427	-	78	22144832	92842
chr8	22051990	22251990	harbor1	chr8	22144878	22145041	SINE/MIR	463	-	82	22144960	92970
chr8	22051990	22251990	harbor1	chr8	22149271	22149458	SINE/MIR	467	-	94	22149365	97375
chr8	23382188	23582188	harbor1	chr8	23386006	23386169	SINE/MIR	523	-	82	23386088	3900
chr8	23382188	23582188	harbor1	chr8	23418259	23418491	SINE/MIR	619	-	116	23418375	36187
chr8	23382188	23582188	harbor1	chr8	23440681	23440925	SINE/MIR	820	-	122	23440803	58615
chr8	23382188	23582188	harbor1	chr8	23451943	23452118	SINE/MIR	699	-	88	23452031	69843
chr8	23382188	23582188	harbor1	chr8	23458629	23458786	SINE/MIR	416	-	78	23458707	76519
chr8	20295312	20495312	harbor1	chr8	20310086	20310321	SINE/MIR	667	-	118	20310204	14892
chr8	20295312	20495312	harbor1	chr8	20314954	20315111	SINE/MIR	637	-	78	20315032	19720
chr8	20295312	20495312	harbor1	chr8	20353540	20353695	SINE/MIR	652	-	78	20353618	58306
chr8	20295312	20495312	harbor1	chr8	20359627	20359829	SINE/MIR	527	-	101	20359728	64416
chr8	38162265	38362265	harbor1	chr8	38206577	38206725	SINE/MIR	591	-	74	38206651	44386
chr8	23381183	23581183	harbor1	chr8	23386006	23386169	SINE/MIR	523	-	82	23386088	4905
chr8	23381183	23581183	harbor1	chr8	23418259	23418491	SINE/MIR	619	-	116	23418375	37192
chr8	23381183	23581183	harbor1	chr8	23440681	23440925	SINE/MIR	820	-	122	23440803	59620
chr8	23381183	23581183	harbor1	chr8	23451943	23452118	SINE/MIR	699	-	88	23452031	70848
chr8	23381183	23581183	harbor1	chr8	23458629	23458786	SINE/MIR	416	-	78	23458707	77524
chr8	23428879	23628879	harbor1	chr8	23440681	23440925	SINE/MIR	820	-	122	23440803	11924
chr8	23428879	23628879	harbor1	chr8	23451943	23452118	SINE/MIR	699	-	88	23452031	23152
chr8	23428879	23628879	harbor1	chr8	23458629	23458786	SINE/MIR	416	-	78	23458707	29828
chr8	23428879	23628879	harbor1	chr8	23484218	23484354	SINE/MIR	412	-	68	23484286	55407
chr8	23428879	23628879	harbor1	chr8	23487605	23487757	SINE/MIR	572	-	76	23487681	58802
chr8	23428879	23628879	harbor1	chr8	23495634	23495698	SINE/MIR	792	-	32	23495666	66787
chr8	23428879	23628879	harbor1	chr8	23496248	23496437	SINE/MIR	792	-	94	23496342	67463
chr8	23428879	23628879	harbor1	chr8	23508169	23508324	SINE/MIR	438	-	78	23508247	79368
chr8	38169230	38369230	harbor1	chr8	38206577	38206725	SINE/MIR	591	-	74	38206651	37421
chr8	8793032	8993032	harbor1	chr8	8799840	8800053	SINE/MIR	604	-	106	8799946	6914
chr8	8793032	8993032	harbor1	chr8	8802086	8802311	SINE/MIR	481	-	112	8802198	9166
chr8	48601680	48801680	harbor1	chr8	48613375	48613546	SINE/MIR	718	-	86	48613461	11781
chr8	48601680	48801680	harbor1	chr8	48665238	48665409	SINE/MIR	517	-	86	48665324	63644
chr8	48601680	48801680	harbor1	chr8	48688518	48688702	SINE/MIR	445	-	92	48688610	86930
chr8	142524934	142724934	harbor1	chr8	142552216	142552326	SINE/MIR	438	-	55	142552271	27337
chr8	142524934	142724934	harbor1	chr8	142623088	142623275	SINE/MIR	443	-	94	142623182	98248
chr8	38073888	38273888	harbor1	chr8	38148782	38148939	SINE/MIR	479	-	78	38148860	74972
chr8	38073888	38273888	harbor1	chr8	38151793	38151924	SINE/MIR	458	-	66	38151859	77971
chr8	142524957	142724957	harbor1	chr8	142552216	142552326	SINE/MIR	438	-	55	142552271	27314
chr8	142524957	142724957	harbor1	chr8	142623088	142623275	SINE/MIR	443	-	94	142623182	98225
chr8	141299700	141499700	harbor1	chr8	141314965	141315153	SINE/MIR	655	-	94	141315059	15359
chr8	141299700	141499700	harbor1	chr8	141332229	141332413	SINE/MIR	463	-	92	141332321	32621
chr8	141299700	141499700	harbor1	chr8	141363935	141364095	SINE/MIR	424	-	80	141364015	64315
chr8	141299700	141499700	harbor1	chr8	141372726	141372961	SINE/MIR	591	-	118	141372844	73144
chr8	26283759	26483759	harbor1	chr8	26307736	26307918	SINE/MIR	756	-	91	26307827	24068
chr8	89802482	90002482	harbor1	chr8	89857344	89857602	SINE/MIR	652	-	129	89857473	54991
chr8	89802482	90002482	harbor1	chr8	89866923	89867059	SINE/MIR	431	-	68	89866991	64509
chr8	89802482	90002482	harbor1	chr8	89891374	89891585	SINE/MIR	627	-	106	89891480	88998
chr8	38169172	38369172	harbor1	chr8	38206577	38206725	SINE/MIR	591	-	74	38206651	37479
chr8	144174289	144374289	harbor1	chr8	144188411	144188449	SINE/MIR	523	-	19	144188430	14141
chr8	144174289	144374289	harbor1	chr8	144188766	144188888	SINE/MIR	523	-	61	144188827	14538
chr8	23429068	23629068	harbor1	chr8	23440681	23440925	SINE/MIR	820	-	122	23440803	11735
chr8	23429068	23629068	harbor1	chr8	23451943	23452118	SINE/MIR	699	-	88	23452031	22963
chr8	23429068	23629068	harbor1	chr8	23458629	23458786	SINE/MIR	416	-	78	23458707	29639
chr8	23429068	23629068	harbor1	chr8	23484218	23484354	SINE/MIR	412	-	68	23484286	55218
chr8	23429068	23629068	harbor1	chr8	23487605	23487757	SINE/MIR	572	-	76	23487681	58613
chr8	23429068	23629068	harbor1	chr8	23495634	23495698	SINE/MIR	792	-	32	23495666	66598
chr8	23429068	23629068	harbor1	chr8	23496248	23496437	SINE/MIR	792	-	94	23496342	67274
chr8	23429068	23629068	harbor1	chr8	23508169	23508324	SINE/MIR	438	-	78	23508247	79179
chr8	38169199	38369199	harbor1	chr8	38206577	38206725	SINE/MIR	591	-	74	38206651	37452
chr8	23424122	23624122	harbor1	chr8	23440681	23440925	SINE/MIR	820	-	122	23440803	16681
chr8	23424122	23624122	harbor1	chr8	23451943	23452118	SINE/MIR	699	-	88	23452031	27909
chr8	23424122	23624122	harbor1	chr8	23458629	23458786	SINE/MIR	416	-	78	23458707	34585
chr8	23424122	23624122	harbor1	chr8	23484218	23484354	SINE/MIR	412	-	68	23484286	60164
chr8	23424122	23624122	harbor1	chr8	23487605	23487757	SINE/MIR	572	-	76	23487681	63559
chr8	23424122	23624122	harbor1	chr8	23495634	23495698	SINE/MIR	792	-	32	23495666	71544
chr8	23424122	23624122	harbor1	chr8	23496248	23496437	SINE/MIR	792	-	94	23496342	72220
chr8	23424122	23624122	harbor1	chr8	23508169	23508324	SINE/MIR	438	-	78	23508247	84125
chr8	23381900	23581900	harbor1	chr8	23386006	23386169	SINE/MIR	523	-	82	23386088	4188
chr8	23381900	23581900	harbor1	chr8	23418259	23418491	SINE/MIR	619	-	116	23418375	36475
chr8	23381900	23581900	harbor1	chr8	23440681	23440925	SINE/MIR	820	-	122	23440803	58903
chr8	23381900	23581900	harbor1	chr8	23451943	23452118	SINE/MIR	699	-	88	23452031	70131
chr8	23381900	23581900	harbor1	chr8	23458629	23458786	SINE/MIR	416	-	78	23458707	76807
chr8	22624498	22824498	harbor1	chr8	22647313	22647510	SINE/MIR	521	-	98	22647411	22913
chr8	22624498	22824498	harbor1	chr8	22672723	22672949	SINE/MIR	529	-	113	22672836	48338
chr8	22624498	22824498	harbor1	chr8	22674837	22675046	SINE/MIR	649	-	104	22674941	50443
chr8	22624498	22824498	harbor1	chr8	22679833	22680019	SINE/MIR	491	-	93	22679926	55428
chr8	22624498	22824498	harbor1	chr8	22707336	22707558	SINE/MIR	597	-	111	22707447	82949
chr8	22624498	22824498	harbor1	chr8	22714917	22715128	SINE/MIR	427	-	106	22715023	90525
chr8	22624498	22824498	harbor1	chr8	22722297	22722437	SINE/MIR	429	-	70	22722367	97869
chr8	22624498	22824498	harbor1	chr8	22642591	22642825	SINE/MIR	854	-	117	22642708	18210
chr8	11745829	11945829	harbor1	chr8	11749268	11749411	SINE/MIR	438	-	72	11749340	3511
chr8	11745829	11945829	harbor1	chr8	11755583	11755800	SINE/MIR	610	-	108	11755691	9862
chr8	11745829	11945829	harbor1	chr8	11767118	11767256	SINE/MIR	441	-	69	11767187	21358
chr8	11745829	11945829	harbor1	chr8	11785500	11785741	SINE/MIR	673	-	120	11785620	39791
chr8	11745829	11945829	harbor1	chr8	11785750	11785881	SINE/MIR	425	-	66	11785816	39987
chr8	11745829	11945829	harbor1	chr8	11788045	11788194	SINE/MIR	411	-	74	11788119	42290
chr8	11745829	11945829	harbor1	chr8	11813330	11813611	SINE/MIR	532	-	140	11813470	67641
chr8	142524984	142724984	harbor1	chr8	142552216	142552326	SINE/MIR	438	-	55	142552271	27287
chr8	142524984	142724984	harbor1	chr8	142623088	142623275	SINE/MIR	443	-	94	142623182	98198
chr8	41761146	41961146	harbor1	chr8	41763340	41763544	SINE/MIR	684	-	102	41763442	2296
chr8	41761146	41961146	harbor1	chr8	41764817	41765036	SINE/MIR	688	-	110	41764927	3781
chr8	41761146	41961146	harbor1	chr8	41768456	41768618	SINE/MIR	519	-	81	41768537	7391
chr8	41761146	41961146	harbor1	chr8	41775580	41775598	SINE/MIR	577	-	9	41775589	14443
chr8	41761146	41961146	harbor1	chr8	41775905	41776068	SINE/MIR	577	-	82	41775987	14841
chr8	41761146	41961146	harbor1	chr8	41779647	41779826	SINE/MIR	948	-	90	41779737	18591
chr8	41761146	41961146	harbor1	chr8	41807166	41807354	SINE/MIR	417	-	94	41807260	46114
chr8	41761146	41961146	harbor1	chr8	41829390	41829524	SINE/MIR	445	-	67	41829457	68311
chr8	41761146	41961146	harbor1	chr8	41838095	41838302	SINE/MIR	600	-	104	41838199	77053
chr8	41761146	41961146	harbor1	chr8	41852583	41852799	SINE/MIR	431	-	108	41852691	91545
chr8	142524942	142724942	harbor1	chr8	142552216	142552326	SINE/MIR	438	-	55	142552271	27329
chr8	142524942	142724942	harbor1	chr8	142623088	142623275	SINE/MIR	443	-	94	142623182	98240
chr8	141299679	141499679	harbor1	chr8	141314965	141315153	SINE/MIR	655	-	94	141315059	15380
chr8	141299679	141499679	harbor1	chr8	141332229	141332413	SINE/MIR	463	-	92	141332321	32642
chr8	141299679	141499679	harbor1	chr8	141363935	141364095	SINE/MIR	424	-	80	141364015	64336
chr8	141299679	141499679	harbor1	chr8	141372726	141372961	SINE/MIR	591	-	118	141372844	73165
chr8	143323770	143523770	harbor1	chr8	143413438	143413619	SINE/MIR	518	-	90	143413528	89758
chr8	10959439	11159439	harbor1	chr8	10960521	10960725	SINE/MIR	438	-	102	10960623	1184
chr8	10959439	11159439	harbor1	chr8	10997274	10997437	SINE/MIR	578	-	82	10997356	37917
chr8	10959439	11159439	harbor1	chr8	11003569	11003754	SINE/MIR	553	-	92	11003661	44222
chr8	10959439	11159439	harbor1	chr8	11010953	11011180	SINE/MIR	727	-	114	11011067	51628
chr8	10959439	11159439	harbor1	chr8	11013123	11013251	SINE/MIR	430	-	64	11013187	53748
chr8	10959439	11159439	harbor1	chr8	11022604	11022788	SINE/MIR	507	-	92	11022696	63257
chr8	10959439	11159439	harbor1	chr8	11027477	11027592	SINE/MIR	436	-	58	11027535	68096
chr8	10959439	11159439	harbor1	chr8	11028705	11028914	SINE/MIR	586	-	104	11028809	69370
chr8	10959439	11159439	harbor1	chr8	11044545	11044627	SINE/MIR	415	-	41	11044586	85147
chr8	10959439	11159439	harbor1	chr8	11044918	11044988	SINE/MIR	415	-	35	11044953	85514
chr8	10959439	11159439	harbor1	chr8	11058940	11059109	SINE/MIR	456	-	84	11059024	99585
chr8	38167906	38367906	harbor1	chr8	38206577	38206725	SINE/MIR	591	-	74	38206651	38745
chr8	38167394	38367394	harbor1	chr8	38206577	38206725	SINE/MIR	591	-	74	38206651	39257
chr8	22656494	22856494	harbor1	chr8	22672723	22672949	SINE/MIR	529	-	113	22672836	16342
chr8	22656494	22856494	harbor1	chr8	22674837	22675046	SINE/MIR	649	-	104	22674941	18447
chr8	22656494	22856494	harbor1	chr8	22679833	22680019	SINE/MIR	491	-	93	22679926	23432
chr8	22656494	22856494	harbor1	chr8	22707336	22707558	SINE/MIR	597	-	111	22707447	50953
chr8	22656494	22856494	harbor1	chr8	22714917	22715128	SINE/MIR	427	-	106	22715023	58529
chr8	22656494	22856494	harbor1	chr8	22722297	22722437	SINE/MIR	429	-	70	22722367	65873
chr8	41615259	41815259	harbor1	chr8	41619841	41620096	SINE/MIR	495	-	128	41619969	4710
chr8	41615259	41815259	harbor1	chr8	41642152	41642367	SINE/MIR	710	-	108	41642260	27001
chr8	41615259	41815259	harbor1	chr8	41688847	41688987	SINE/MIR	569	-	70	41688917	73658
chr8	138710548	138910548	harbor1	chr8	138710509	138710718	SINE/MIR	584	-	104	138710613	65
chr8	138710548	138910548	harbor1	chr8	138722635	138722790	SINE/MIR	499	-	78	138722713	12165
chr8	138710548	138910548	harbor1	chr8	138736817	138736944	SINE/MIR	430	-	64	138736881	26333
chr8	138710548	138910548	harbor1	chr8	138757620	138757800	SINE/MIR	441	-	90	138757710	47162
chr8	138710548	138910548	harbor1	chr8	138765297	138765476	SINE/MIR	480	-	90	138765387	54839
chr8	138710548	138910548	harbor1	chr8	138770906	138771143	SINE/MIR	535	-	118	138771024	60476
chr8	138710548	138910548	harbor1	chr8	138793403	138793540	SINE/MIR	511	-	68	138793471	82923
chr8	138710548	138910548	harbor1	chr8	138800475	138800611	SINE/MIR	440	-	68	138800543	89995
chr8	138710548	138910548	harbor1	chr8	138802057	138802177	SINE/MIR	570	-	60	138802117	91569
chr8	138710548	138910548	harbor1	chr8	138788775	138789003	SINE/MIR	670	-	114	138788889	78341
chr8	143323854	143523854	harbor1	chr8	143413438	143413619	SINE/MIR	518	-	90	143413528	89674
chr8	102556596	102756596	harbor1	chr8	102559086	102559292	SINE/MIR	895	-	103	102559189	2593
chr8	102556596	102756596	harbor1	chr8	102559997	102560201	SINE/MIR	606	-	102	102560099	3503
chr8	102556596	102756596	harbor1	chr8	102589662	102589833	SINE/MIR	731	-	86	102589748	33152
chr8	102556596	102756596	harbor1	chr8	102598331	102598513	SINE/MIR	917	-	91	102598422	41826
chr8	102556596	102756596	harbor1	chr8	102613563	102613756	SINE/MIR	677	-	96	102613659	57063
chr8	102556596	102756596	harbor1	chr8	102614043	102614256	SINE/MIR	445	-	106	102614149	57553
chr8	102556596	102756596	harbor1	chr8	102626277	102626495	SINE/MIR	546	-	109	102626386	69790
chr8	102556596	102756596	harbor1	chr8	102643589	102643771	SINE/MIR	414	-	91	102643680	87084
chr8	23428939	23628939	harbor1	chr8	23440681	23440925	SINE/MIR	820	-	122	23440803	11864
chr8	23428939	23628939	harbor1	chr8	23451943	23452118	SINE/MIR	699	-	88	23452031	23092
chr8	23428939	23628939	harbor1	chr8	23458629	23458786	SINE/MIR	416	-	78	23458707	29768
chr8	23428939	23628939	harbor1	chr8	23484218	23484354	SINE/MIR	412	-	68	23484286	55347
chr8	23428939	23628939	harbor1	chr8	23487605	23487757	SINE/MIR	572	-	76	23487681	58742
chr8	23428939	23628939	harbor1	chr8	23495634	23495698	SINE/MIR	792	-	32	23495666	66727
chr8	23428939	23628939	harbor1	chr8	23496248	23496437	SINE/MIR	792	-	94	23496342	67403
chr8	23428939	23628939	harbor1	chr8	23508169	23508324	SINE/MIR	438	-	78	23508247	79308
chr8	23412882	23612882	harbor1	chr8	23418259	23418491	SINE/MIR	619	-	116	23418375	5493
chr8	23412882	23612882	harbor1	chr8	23440681	23440925	SINE/MIR	820	-	122	23440803	27921
chr8	23412882	23612882	harbor1	chr8	23451943	23452118	SINE/MIR	699	-	88	23452031	39149
chr8	23412882	23612882	harbor1	chr8	23458629	23458786	SINE/MIR	416	-	78	23458707	45825
chr8	23412882	23612882	harbor1	chr8	23484218	23484354	SINE/MIR	412	-	68	23484286	71404
chr8	23412882	23612882	harbor1	chr8	23487605	23487757	SINE/MIR	572	-	76	23487681	74799
chr8	23412882	23612882	harbor1	chr8	23495634	23495698	SINE/MIR	792	-	32	23495666	82784
chr8	23412882	23612882	harbor1	chr8	23496248	23496437	SINE/MIR	792	-	94	23496342	83460
chr8	23412882	23612882	harbor1	chr8	23508169	23508324	SINE/MIR	438	-	78	23508247	95365
chr8	89884330	90084330	harbor1	chr8	89891374	89891585	SINE/MIR	627	-	106	89891480	7150
chr8	89884330	90084330	harbor1	chr8	89940854	89940990	SINE/MIR	541	-	68	89940922	56592
chr8	89884330	90084330	harbor1	chr8	89947134	89947325	SINE/MIR	418	-	96	89947230	62900
chr8	104489421	104689421	harbor1	chr8	104518218	104518442	SINE/MIR	625	-	112	104518330	28909
chr8	104489421	104689421	harbor1	chr8	104550094	104550303	SINE/MIR	648	-	104	104550198	60777
chr8	104489421	104689421	harbor1	chr8	104559879	104560101	SINE/MIR	488	-	111	104559990	70569
chr8	104489421	104689421	harbor1	chr8	104563265	104563432	SINE/MIR	453	-	84	104563349	73928
chr8	23373996	23573996	harbor1	chr8	23386006	23386169	SINE/MIR	523	-	82	23386088	12092
chr8	23373996	23573996	harbor1	chr8	23418259	23418491	SINE/MIR	619	-	116	23418375	44379
chr8	23373996	23573996	harbor1	chr8	23440681	23440925	SINE/MIR	820	-	122	23440803	66807
chr8	23373996	23573996	harbor1	chr8	23451943	23452118	SINE/MIR	699	-	88	23452031	78035
chr8	23373996	23573996	harbor1	chr8	23458629	23458786	SINE/MIR	416	-	78	23458707	84711
chr8	28286313	28486313	harbor1	chr8	28319054	28319241	SINE/MIR	506	-	94	28319148	32835
chr8	28286313	28486313	harbor1	chr8	28321597	28321751	SINE/MIR	418	-	77	28321674	35361
chr8	28286313	28486313	harbor1	chr8	28328613	28328774	SINE/MIR	448	-	80	28328693	42380
chr8	28286313	28486313	harbor1	chr8	28370952	28371186	SINE/MIR	618	-	117	28371069	84756
chr8	28286313	28486313	harbor1	chr8	28371479	28371508	SINE/MIR	618	-	14	28371493	85180
chr8	23583116	23783116	harbor1	chr8	23591238	23591408	SINE/MIR	530	-	85	23591323	8207
chr8	23583116	23783116	harbor1	chr8	23593473	23593684	SINE/MIR	540	-	106	23593579	10463
chr8	23583116	23783116	harbor1	chr8	23619859	23620092	SINE/MIR	957	-	116	23619975	36859
chr8	23583116	23783116	harbor1	chr8	23622189	23622358	SINE/MIR	420	-	84	23622273	39157
chr8	23583116	23783116	harbor1	chr8	23670264	23670457	SINE/MIR	613	-	96	23670360	87244
chr8	138710571	138910571	harbor1	chr8	138710509	138710718	SINE/MIR	584	-	104	138710613	42
chr8	138710571	138910571	harbor1	chr8	138722635	138722790	SINE/MIR	499	-	78	138722713	12142
chr8	138710571	138910571	harbor1	chr8	138736817	138736944	SINE/MIR	430	-	64	138736881	26310
chr8	138710571	138910571	harbor1	chr8	138757620	138757800	SINE/MIR	441	-	90	138757710	47139
chr8	138710571	138910571	harbor1	chr8	138765297	138765476	SINE/MIR	480	-	90	138765387	54816
chr8	138710571	138910571	harbor1	chr8	138770906	138771143	SINE/MIR	535	-	118	138771024	60453
chr8	138710571	138910571	harbor1	chr8	138793403	138793540	SINE/MIR	511	-	68	138793471	82900
chr8	138710571	138910571	harbor1	chr8	138800475	138800611	SINE/MIR	440	-	68	138800543	89972
chr8	138710571	138910571	harbor1	chr8	138802057	138802177	SINE/MIR	570	-	60	138802117	91546
chr8	138710571	138910571	harbor1	chr8	138788775	138789003	SINE/MIR	670	-	114	138788889	78318
chr9	4883718	5083718	harbor1	chr9	4903550	4903770	SINE/MIR	774	-	110	4903660	19942
chr9	4883718	5083718	harbor1	chr9	4935456	4935610	SINE/MIR	487	-	77	4935533	51815
chr9	4883718	5083718	harbor1	chr9	4982190	4982371	SINE/MIR	482	-	90	4982280	98562
chr9	134318708	134518708	harbor1	chr9	134324449	134324604	SINE/MIR	527	-	78	134324527	5819
chr9	4884896	5084896	harbor1	chr9	4903550	4903770	SINE/MIR	774	-	110	4903660	18764
chr9	4884896	5084896	harbor1	chr9	4935456	4935610	SINE/MIR	487	-	77	4935533	50637
chr9	4884896	5084896	harbor1	chr9	4982190	4982371	SINE/MIR	482	-	90	4982280	97384
chr9	4883068	5083068	harbor1	chr9	4903550	4903770	SINE/MIR	774	-	110	4903660	20592
chr9	4883068	5083068	harbor1	chr9	4935456	4935610	SINE/MIR	487	-	77	4935533	52465
chr9	4883068	5083068	harbor1	chr9	4982190	4982371	SINE/MIR	482	-	90	4982280	99212
chr9	4483026	4683026	harbor1	chr9	4487329	4487537	SINE/MIR	735	-	104	4487433	4407
chr9	4483026	4683026	harbor1	chr9	4497163	4497346	SINE/MIR	689	-	92	4497255	14229
chr9	4483026	4683026	harbor1	chr9	4519582	4519791	SINE/MIR	671	-	104	4519686	36660
chr9	4483026	4683026	harbor1	chr9	4523702	4523920	SINE/MIR	711	-	109	4523811	40785
chr9	4483026	4683026	harbor1	chr9	4580986	4581206	SINE/MIR	630	-	110	4581096	98070
chr9	4884791	5084791	harbor1	chr9	4903550	4903770	SINE/MIR	774	-	110	4903660	18869
chr9	4884791	5084791	harbor1	chr9	4935456	4935610	SINE/MIR	487	-	77	4935533	50742
chr9	4884791	5084791	harbor1	chr9	4982190	4982371	SINE/MIR	482	-	90	4982280	97489
chr9	4879886	5079886	harbor1	chr9	4903550	4903770	SINE/MIR	774	-	110	4903660	23774
chr9	4879886	5079886	harbor1	chr9	4935456	4935610	SINE/MIR	487	-	77	4935533	55647
chr9	4692784	4892784	harbor1	chr9	4693761	4693989	SINE/MIR	775	-	114	4693875	1091
chr9	4692784	4892784	harbor1	chr9	4700666	4700829	SINE/MIR	636	-	82	4700748	7964
chr9	4692784	4892784	harbor1	chr9	4704121	4704352	SINE/MIR	491	-	116	4704237	11453
chr9	4692784	4892784	harbor1	chr9	4716352	4716547	SINE/MIR	506	-	98	4716450	23666
chr9	4692784	4892784	harbor1	chr9	4717010	4717224	SINE/MIR	597	-	107	4717117	24333
chr9	4884806	5084806	harbor1	chr9	4903550	4903770	SINE/MIR	774	-	110	4903660	18854
chr9	4884806	5084806	harbor1	chr9	4935456	4935610	SINE/MIR	487	-	77	4935533	50727
chr9	4884806	5084806	harbor1	chr9	4982190	4982371	SINE/MIR	482	-	90	4982280	97474
chr9	136382803	136582803	harbor1	chr9	136445940	136446080	SINE/MIR	506	-	70	136446010	63207
chr9	4669274	4869274	harbor1	chr9	4693761	4693989	SINE/MIR	775	-	114	4693875	24601
chr9	4669274	4869274	harbor1	chr9	4700666	4700829	SINE/MIR	636	-	82	4700748	31474
chr9	4669274	4869274	harbor1	chr9	4704121	4704352	SINE/MIR	491	-	116	4704237	34963
chr9	4669274	4869274	harbor1	chr9	4716352	4716547	SINE/MIR	506	-	98	4716450	47176
chr9	4669274	4869274	harbor1	chr9	4717010	4717224	SINE/MIR	597	-	107	4717117	47843
chr9	4692259	4892259	harbor1	chr9	4693761	4693989	SINE/MIR	775	-	114	4693875	1616
chr9	4692259	4892259	harbor1	chr9	4700666	4700829	SINE/MIR	636	-	82	4700748	8489
chr9	4692259	4892259	harbor1	chr9	4704121	4704352	SINE/MIR	491	-	116	4704237	11978
chr9	4692259	4892259	harbor1	chr9	4716352	4716547	SINE/MIR	506	-	98	4716450	24191
chr9	4692259	4892259	harbor1	chr9	4717010	4717224	SINE/MIR	597	-	107	4717117	24858
chr9	4867341	5067341	harbor1	chr9	4903550	4903770	SINE/MIR	774	-	110	4903660	36319
chr9	4867341	5067341	harbor1	chr9	4935456	4935610	SINE/MIR	487	-	77	4935533	68192
chr9	4883408	5083408	harbor1	chr9	4903550	4903770	SINE/MIR	774	-	110	4903660	20252
chr9	4883408	5083408	harbor1	chr9	4935456	4935610	SINE/MIR	487	-	77	4935533	52125
chr9	4883408	5083408	harbor1	chr9	4982190	4982371	SINE/MIR	482	-	90	4982280	98872
chr9	4884822	5084822	harbor1	chr9	4903550	4903770	SINE/MIR	774	-	110	4903660	18838
chr9	4884822	5084822	harbor1	chr9	4935456	4935610	SINE/MIR	487	-	77	4935533	50711
chr9	4884822	5084822	harbor1	chr9	4982190	4982371	SINE/MIR	482	-	90	4982280	97458
chr9	4641119	4841119	harbor1	chr9	4649438	4649633	SINE/MIR	580	-	98	4649536	8417
chr9	4641119	4841119	harbor1	chr9	4667654	4667838	SINE/MIR	522	-	92	4667746	26627
chr9	4641119	4841119	harbor1	chr9	4693761	4693989	SINE/MIR	775	-	114	4693875	52756
chr9	4641119	4841119	harbor1	chr9	4700666	4700829	SINE/MIR	636	-	82	4700748	59629
chr9	4641119	4841119	harbor1	chr9	4704121	4704352	SINE/MIR	491	-	116	4704237	63118
chr9	4641119	4841119	harbor1	chr9	4716352	4716547	SINE/MIR	506	-	98	4716450	75331
chr9	4641119	4841119	harbor1	chr9	4717010	4717224	SINE/MIR	597	-	107	4717117	75998
chr9	4580286	4780286	harbor1	chr9	4580986	4581206	SINE/MIR	630	-	110	4581096	810
chr9	4580286	4780286	harbor1	chr9	4592379	4592550	SINE/MIR	565	-	86	4592465	12179
chr9	4580286	4780286	harbor1	chr9	4592965	4593126	SINE/MIR	612	-	80	4593045	12759
chr9	4580286	4780286	harbor1	chr9	4596958	4597170	SINE/MIR	835	-	106	4597064	16778
chr9	4580286	4780286	harbor1	chr9	4629311	4629531	SINE/MIR	622	-	110	4629421	49135
chr9	4580286	4780286	harbor1	chr9	4630763	4630983	SINE/MIR	832	-	110	4630873	50587
chr9	4580286	4780286	harbor1	chr9	4649438	4649633	SINE/MIR	580	-	98	4649536	69250
chr9	4580286	4780286	harbor1	chr9	4667654	4667838	SINE/MIR	522	-	92	4667746	87460
chr9	112387325	112587325	harbor1	chr9	112415322	112415558	SINE/MIR	614	-	118	112415440	28115
chr9	112387325	112587325	harbor1	chr9	112443282	112443491	SINE/MIR	597	-	104	112443386	56061
chr9	4692922	4892922	harbor1	chr9	4693761	4693989	SINE/MIR	775	-	114	4693875	953
chr9	4692922	4892922	harbor1	chr9	4700666	4700829	SINE/MIR	636	-	82	4700748	7826
chr9	4692922	4892922	harbor1	chr9	4704121	4704352	SINE/MIR	491	-	116	4704237	11315
chr9	4692922	4892922	harbor1	chr9	4716352	4716547	SINE/MIR	506	-	98	4716450	23528
chr9	4692922	4892922	harbor1	chr9	4717010	4717224	SINE/MIR	597	-	107	4717117	24195
chr9	79473193	79673193	harbor1	chr9	79507594	79507819	SINE/MIR	503	-	112	79507706	34513
chr9	79473193	79673193	harbor1	chr9	79521985	79522198	SINE/MIR	672	-	106	79522091	48898
chr9	4694655	4894655	harbor1	chr9	4700666	4700829	SINE/MIR	636	-	82	4700748	6093
chr9	4694655	4894655	harbor1	chr9	4704121	4704352	SINE/MIR	491	-	116	4704237	9582
chr9	4694655	4894655	harbor1	chr9	4716352	4716547	SINE/MIR	506	-	98	4716450	21795
chr9	4694655	4894655	harbor1	chr9	4717010	4717224	SINE/MIR	597	-	107	4717117	22462
chr9	4771292	4971292	harbor1	chr9	4834754	4834951	SINE/MIR	549	-	98	4834852	63560
chr9	4771292	4971292	harbor1	chr9	4838887	4839124	SINE/MIR	612	-	118	4839005	67713
chr9	4771292	4971292	harbor1	chr9	4853091	4853323	SINE/MIR	671	-	116	4853207	81915
chr9	4883803	5083803	harbor1	chr9	4903550	4903770	SINE/MIR	774	-	110	4903660	19857
chr9	4883803	5083803	harbor1	chr9	4935456	4935610	SINE/MIR	487	-	77	4935533	51730
chr9	4883803	5083803	harbor1	chr9	4982190	4982371	SINE/MIR	482	-	90	4982280	98477
chr9	112387187	112587187	harbor1	chr9	112415322	112415558	SINE/MIR	614	-	118	112415440	28253
chr9	112387187	112587187	harbor1	chr9	112443282	112443491	SINE/MIR	597	-	104	112443386	56199
chr9	4681965	4881965	harbor1	chr9	4693761	4693989	SINE/MIR	775	-	114	4693875	11910
chr9	4681965	4881965	harbor1	chr9	4700666	4700829	SINE/MIR	636	-	82	4700748	18783
chr9	4681965	4881965	harbor1	chr9	4704121	4704352	SINE/MIR	491	-	116	4704237	22272
chr9	4681965	4881965	harbor1	chr9	4716352	4716547	SINE/MIR	506	-	98	4716450	34485
chr9	4681965	4881965	harbor1	chr9	4717010	4717224	SINE/MIR	597	-	107	4717117	35152
chr9	4885009	5085009	harbor1	chr9	4903550	4903770	SINE/MIR	774	-	110	4903660	18651
chr9	4885009	5085009	harbor1	chr9	4935456	4935610	SINE/MIR	487	-	77	4935533	50524
chr9	4885009	5085009	harbor1	chr9	4982190	4982371	SINE/MIR	482	-	90	4982280	97271
chr9	4692767	4892767	harbor1	chr9	4693761	4693989	SINE/MIR	775	-	114	4693875	1108
chr9	4692767	4892767	harbor1	chr9	4700666	4700829	SINE/MIR	636	-	82	4700748	7981
chr9	4692767	4892767	harbor1	chr9	4704121	4704352	SINE/MIR	491	-	116	4704237	11470
chr9	4692767	4892767	harbor1	chr9	4716352	4716547	SINE/MIR	506	-	98	4716450	23683
chr9	4692767	4892767	harbor1	chr9	4717010	4717224	SINE/MIR	597	-	107	4717117	24350
chr9	4697988	4897988	harbor1	chr9	4700666	4700829	SINE/MIR	636	-	82	4700748	2760
chr9	4697988	4897988	harbor1	chr9	4704121	4704352	SINE/MIR	491	-	116	4704237	6249
chr9	4697988	4897988	harbor1	chr9	4716352	4716547	SINE/MIR	506	-	98	4716450	18462
chr9	4697988	4897988	harbor1	chr9	4717010	4717224	SINE/MIR	597	-	107	4717117	19129
chr9	4642306	4842306	harbor1	chr9	4649438	4649633	SINE/MIR	580	-	98	4649536	7230
chr9	4642306	4842306	harbor1	chr9	4667654	4667838	SINE/MIR	522	-	92	4667746	25440
chr9	4642306	4842306	harbor1	chr9	4693761	4693989	SINE/MIR	775	-	114	4693875	51569
chr9	4642306	4842306	harbor1	chr9	4700666	4700829	SINE/MIR	636	-	82	4700748	58442
chr9	4642306	4842306	harbor1	chr9	4704121	4704352	SINE/MIR	491	-	116	4704237	61931
chr9	4642306	4842306	harbor1	chr9	4716352	4716547	SINE/MIR	506	-	98	4716450	74144
chr9	4642306	4842306	harbor1	chr9	4717010	4717224	SINE/MIR	597	-	107	4717117	74811
chr9	4692228	4892228	harbor1	chr9	4693761	4693989	SINE/MIR	775	-	114	4693875	1647
chr9	4692228	4892228	harbor1	chr9	4700666	4700829	SINE/MIR	636	-	82	4700748	8520
chr9	4692228	4892228	harbor1	chr9	4704121	4704352	SINE/MIR	491	-	116	4704237	12009
chr9	4692228	4892228	harbor1	chr9	4716352	4716547	SINE/MIR	506	-	98	4716450	24222
chr9	4692228	4892228	harbor1	chr9	4717010	4717224	SINE/MIR	597	-	107	4717117	24889
chr9	4663605	4863605	harbor1	chr9	4667654	4667838	SINE/MIR	522	-	92	4667746	4141
chr9	4663605	4863605	harbor1	chr9	4693761	4693989	SINE/MIR	775	-	114	4693875	30270
chr9	4663605	4863605	harbor1	chr9	4700666	4700829	SINE/MIR	636	-	82	4700748	37143
chr9	4663605	4863605	harbor1	chr9	4704121	4704352	SINE/MIR	491	-	116	4704237	40632
chr9	4663605	4863605	harbor1	chr9	4716352	4716547	SINE/MIR	506	-	98	4716450	52845
chr9	4663605	4863605	harbor1	chr9	4717010	4717224	SINE/MIR	597	-	107	4717117	53512
chr9	4692785	4892785	harbor1	chr9	4693761	4693989	SINE/MIR	775	-	114	4693875	1090
chr9	4692785	4892785	harbor1	chr9	4700666	4700829	SINE/MIR	636	-	82	4700748	7963
chr9	4692785	4892785	harbor1	chr9	4704121	4704352	SINE/MIR	491	-	116	4704237	11452
chr9	4692785	4892785	harbor1	chr9	4716352	4716547	SINE/MIR	506	-	98	4716450	23665
chr9	4692785	4892785	harbor1	chr9	4717010	4717224	SINE/MIR	597	-	107	4717117	24332
chr9	3260153	3460153	harbor1	chr9	3283291	3283520	SINE/MIR	575	-	114	3283405	23252
chr9	3260153	3460153	harbor1	chr9	3333853	3334061	SINE/MIR	636	-	104	3333957	73804
chr9	4692247	4892247	harbor1	chr9	4693761	4693989	SINE/MIR	775	-	114	4693875	1628
chr9	4692247	4892247	harbor1	chr9	4700666	4700829	SINE/MIR	636	-	82	4700748	8501
chr9	4692247	4892247	harbor1	chr9	4704121	4704352	SINE/MIR	491	-	116	4704237	11990
chr9	4692247	4892247	harbor1	chr9	4716352	4716547	SINE/MIR	506	-	98	4716450	24203
chr9	4692247	4892247	harbor1	chr9	4717010	4717224	SINE/MIR	597	-	107	4717117	24870
chr9	4692230	4892230	harbor1	chr9	4693761	4693989	SINE/MIR	775	-	114	4693875	1645
chr9	4692230	4892230	harbor1	chr9	4700666	4700829	SINE/MIR	636	-	82	4700748	8518
chr9	4692230	4892230	harbor1	chr9	4704121	4704352	SINE/MIR	491	-	116	4704237	12007
chr9	4692230	4892230	harbor1	chr9	4716352	4716547	SINE/MIR	506	-	98	4716450	24220
chr9	4692230	4892230	harbor1	chr9	4717010	4717224	SINE/MIR	597	-	107	4717117	24887
chr9	4650540	4850540	harbor1	chr9	4667654	4667838	SINE/MIR	522	-	92	4667746	17206
chr9	4650540	4850540	harbor1	chr9	4693761	4693989	SINE/MIR	775	-	114	4693875	43335
chr9	4650540	4850540	harbor1	chr9	4700666	4700829	SINE/MIR	636	-	82	4700748	50208
chr9	4650540	4850540	harbor1	chr9	4704121	4704352	SINE/MIR	491	-	116	4704237	53697
chr9	4650540	4850540	harbor1	chr9	4716352	4716547	SINE/MIR	506	-	98	4716450	65910
chr9	4650540	4850540	harbor1	chr9	4717010	4717224	SINE/MIR	597	-	107	4717117	66577
chr9	4883789	5083789	harbor1	chr9	4903550	4903770	SINE/MIR	774	-	110	4903660	19871
chr9	4883789	5083789	harbor1	chr9	4935456	4935610	SINE/MIR	487	-	77	4935533	51744
chr9	4883789	5083789	harbor1	chr9	4982190	4982371	SINE/MIR	482	-	90	4982280	98491
chr9	4830192	5030192	harbor1	chr9	4834754	4834951	SINE/MIR	549	-	98	4834852	4660
chr9	4830192	5030192	harbor1	chr9	4838887	4839124	SINE/MIR	612	-	118	4839005	8813
chr9	4830192	5030192	harbor1	chr9	4853091	4853323	SINE/MIR	671	-	116	4853207	23015
chr9	4830192	5030192	harbor1	chr9	4903550	4903770	SINE/MIR	774	-	110	4903660	73468
chr9	4692833	4892833	harbor1	chr9	4693761	4693989	SINE/MIR	775	-	114	4693875	1042
chr9	4692833	4892833	harbor1	chr9	4700666	4700829	SINE/MIR	636	-	82	4700748	7915
chr9	4692833	4892833	harbor1	chr9	4704121	4704352	SINE/MIR	491	-	116	4704237	11404
chr9	4692833	4892833	harbor1	chr9	4716352	4716547	SINE/MIR	506	-	98	4716450	23617
chr9	4692833	4892833	harbor1	chr9	4717010	4717224	SINE/MIR	597	-	107	4717117	24284
chr9	4866218	5066218	harbor1	chr9	4903550	4903770	SINE/MIR	774	-	110	4903660	37442
chr9	4866218	5066218	harbor1	chr9	4935456	4935610	SINE/MIR	487	-	77	4935533	69315
chr9	4883747	5083747	harbor1	chr9	4903550	4903770	SINE/MIR	774	-	110	4903660	19913
chr9	4883747	5083747	harbor1	chr9	4935456	4935610	SINE/MIR	487	-	77	4935533	51786
chr9	4883747	5083747	harbor1	chr9	4982190	4982371	SINE/MIR	482	-	90	4982280	98533
chr9	4883810	5083810	harbor1	chr9	4903550	4903770	SINE/MIR	774	-	110	4903660	19850
chr9	4883810	5083810	harbor1	chr9	4935456	4935610	SINE/MIR	487	-	77	4935533	51723
chr9	4883810	5083810	harbor1	chr9	4982190	4982371	SINE/MIR	482	-	90	4982280	98470
chr9	4883816	5083816	harbor1	chr9	4903550	4903770	SINE/MIR	774	-	110	4903660	19844
chr9	4883816	5083816	harbor1	chr9	4935456	4935610	SINE/MIR	487	-	77	4935533	51717
chr9	4883816	5083816	harbor1	chr9	4982190	4982371	SINE/MIR	482	-	90	4982280	98464
chr9	4884825	5084825	harbor1	chr9	4903550	4903770	SINE/MIR	774	-	110	4903660	18835
chr9	4884825	5084825	harbor1	chr9	4935456	4935610	SINE/MIR	487	-	77	4935533	50708
chr9	4884825	5084825	harbor1	chr9	4982190	4982371	SINE/MIR	482	-	90	4982280	97455
chr9	4884808	5084808	harbor1	chr9	4903550	4903770	SINE/MIR	774	-	110	4903660	18852
chr9	4884808	5084808	harbor1	chr9	4935456	4935610	SINE/MIR	487	-	77	4935533	50725
chr9	4884808	5084808	harbor1	chr9	4982190	4982371	SINE/MIR	482	-	90	4982280	97472
chr9	4663129	4863129	harbor1	chr9	4667654	4667838	SINE/MIR	522	-	92	4667746	4617
chr9	4663129	4863129	harbor1	chr9	4693761	4693989	SINE/MIR	775	-	114	4693875	30746
chr9	4663129	4863129	harbor1	chr9	4700666	4700829	SINE/MIR	636	-	82	4700748	37619
chr9	4663129	4863129	harbor1	chr9	4704121	4704352	SINE/MIR	491	-	116	4704237	41108
chr9	4663129	4863129	harbor1	chr9	4716352	4716547	SINE/MIR	506	-	98	4716450	53321
chr9	4663129	4863129	harbor1	chr9	4717010	4717224	SINE/MIR	597	-	107	4717117	53988
chr9	4692827	4892827	harbor1	chr9	4693761	4693989	SINE/MIR	775	-	114	4693875	1048
chr9	4692827	4892827	harbor1	chr9	4700666	4700829	SINE/MIR	636	-	82	4700748	7921
chr9	4692827	4892827	harbor1	chr9	4704121	4704352	SINE/MIR	491	-	116	4704237	11410
chr9	4692827	4892827	harbor1	chr9	4716352	4716547	SINE/MIR	506	-	98	4716450	23623
chr9	4692827	4892827	harbor1	chr9	4717010	4717224	SINE/MIR	597	-	107	4717117	24290
chr9	111384785	111584785	harbor1	chr9	111433483	111433686	SINE/MIR	563	-	102	111433585	48800
chr9	111384785	111584785	harbor1	chr9	111473651	111473684	SINE/MIR	483	-	16	111473667	88882
chr9	111384785	111584785	harbor1	chr9	111473994	111474154	SINE/MIR	483	-	80	111474074	89289
chr9	4692787	4892787	harbor1	chr9	4693761	4693989	SINE/MIR	775	-	114	4693875	1088
chr9	4692787	4892787	harbor1	chr9	4700666	4700829	SINE/MIR	636	-	82	4700748	7961
chr9	4692787	4892787	harbor1	chr9	4704121	4704352	SINE/MIR	491	-	116	4704237	11450
chr9	4692787	4892787	harbor1	chr9	4716352	4716547	SINE/MIR	506	-	98	4716450	23663
chr9	4692787	4892787	harbor1	chr9	4717010	4717224	SINE/MIR	597	-	107	4717117	24330
chr9	4883160	5083160	harbor1	chr9	4903550	4903770	SINE/MIR	774	-	110	4903660	20500
chr9	4883160	5083160	harbor1	chr9	4935456	4935610	SINE/MIR	487	-	77	4935533	52373
chr9	4883160	5083160	harbor1	chr9	4982190	4982371	SINE/MIR	482	-	90	4982280	99120
chr9	112387209	112587209	harbor1	chr9	112415322	112415558	SINE/MIR	614	-	118	112415440	28231
chr9	112387209	112587209	harbor1	chr9	112443282	112443491	SINE/MIR	597	-	104	112443386	56177
chr9	4776709	4976709	harbor1	chr9	4834754	4834951	SINE/MIR	549	-	98	4834852	58143
chr9	4776709	4976709	harbor1	chr9	4838887	4839124	SINE/MIR	612	-	118	4839005	62296
chr9	4776709	4976709	harbor1	chr9	4853091	4853323	SINE/MIR	671	-	116	4853207	76498
chr9	4692828	4892828	harbor1	chr9	4693761	4693989	SINE/MIR	775	-	114	4693875	1047
chr9	4692828	4892828	harbor1	chr9	4700666	4700829	SINE/MIR	636	-	82	4700748	7920
chr9	4692828	4892828	harbor1	chr9	4704121	4704352	SINE/MIR	491	-	116	4704237	11409
chr9	4692828	4892828	harbor1	chr9	4716352	4716547	SINE/MIR	506	-	98	4716450	23622
chr9	4692828	4892828	harbor1	chr9	4717010	4717224	SINE/MIR	597	-	107	4717117	24289
chr9	4884936	5084936	harbor1	chr9	4903550	4903770	SINE/MIR	774	-	110	4903660	18724
chr9	4884936	5084936	harbor1	chr9	4935456	4935610	SINE/MIR	487	-	77	4935533	50597
chr9	4884936	5084936	harbor1	chr9	4982190	4982371	SINE/MIR	482	-	90	4982280	97344
chr9	4692847	4892847	harbor1	chr9	4693761	4693989	SINE/MIR	775	-	114	4693875	1028
chr9	4692847	4892847	harbor1	chr9	4700666	4700829	SINE/MIR	636	-	82	4700748	7901
chr9	4692847	4892847	harbor1	chr9	4704121	4704352	SINE/MIR	491	-	116	4704237	11390
chr9	4692847	4892847	harbor1	chr9	4716352	4716547	SINE/MIR	506	-	98	4716450	23603
chr9	4692847	4892847	harbor1	chr9	4717010	4717224	SINE/MIR	597	-	107	4717117	24270
chr9	4824136	5024136	harbor1	chr9	4834754	4834951	SINE/MIR	549	-	98	4834852	10716
chr9	4824136	5024136	harbor1	chr9	4838887	4839124	SINE/MIR	612	-	118	4839005	14869
chr9	4824136	5024136	harbor1	chr9	4853091	4853323	SINE/MIR	671	-	116	4853207	29071
chr9	4824136	5024136	harbor1	chr9	4903550	4903770	SINE/MIR	774	-	110	4903660	79524
chr9	4740507	4940507	harbor1	chr9	4834754	4834951	SINE/MIR	549	-	98	4834852	94345
chr9	4740507	4940507	harbor1	chr9	4838887	4839124	SINE/MIR	612	-	118	4839005	98498
chr9	112387193	112587193	harbor1	chr9	112415322	112415558	SINE/MIR	614	-	118	112415440	28247
chr9	112387193	112587193	harbor1	chr9	112443282	112443491	SINE/MIR	597	-	104	112443386	56193
chr9	4879772	5079772	harbor1	chr9	4903550	4903770	SINE/MIR	774	-	110	4903660	23888
chr9	4879772	5079772	harbor1	chr9	4935456	4935610	SINE/MIR	487	-	77	4935533	55761
chr9	4883377	5083377	harbor1	chr9	4903550	4903770	SINE/MIR	774	-	110	4903660	20283
chr9	4883377	5083377	harbor1	chr9	4935456	4935610	SINE/MIR	487	-	77	4935533	52156
chr9	4883377	5083377	harbor1	chr9	4982190	4982371	SINE/MIR	482	-	90	4982280	98903
chr9	3122465	3322465	harbor1	chr9	3129052	3129249	SINE/MIR	621	-	98	3129150	6685
chr9	3122465	3322465	harbor1	chr9	3130984	3131192	SINE/MIR	716	-	104	3131088	8623
chr9	3122465	3322465	harbor1	chr9	3178858	3179095	SINE/MIR	683	-	118	3178976	56511
chr9	3122465	3322465	harbor1	chr9	3201578	3201620	SINE/MIR	549	-	21	3201599	79134
chr9	3122465	3322465	harbor1	chr9	3201931	3202082	SINE/MIR	549	-	76	3202007	79542
chr9	134035598	134235598	harbor1	chr9	134071690	134071844	SINE/MIR	546	-	77	134071767	36169
chr9	4884878	5084878	harbor1	chr9	4903550	4903770	SINE/MIR	774	-	110	4903660	18782
chr9	4884878	5084878	harbor1	chr9	4935456	4935610	SINE/MIR	487	-	77	4935533	50655
chr9	4884878	5084878	harbor1	chr9	4982190	4982371	SINE/MIR	482	-	90	4982280	97402
chr9	35656192	35856192	harbor1	chr9	35729047	35729267	SINE/MIR	766	-	110	35729157	72965
chr9	3361464	3561464	harbor1	chr9	3386337	3386586	SINE/MIR	518	-	124	3386461	24997
chr9	3361464	3561464	harbor1	chr9	3400744	3400971	SINE/MIR	921	-	114	3400858	39394
chr9	3361464	3561464	harbor1	chr9	3420422	3420645	SINE/MIR	597	-	112	3420534	59070
chr9	68242672	68442672	harbor1	chr9	68328973	68329186	SINE/MIR	952	-	106	68329079	86407
chr9	4883431	5083431	harbor1	chr9	4903550	4903770	SINE/MIR	774	-	110	4903660	20229
chr9	4883431	5083431	harbor1	chr9	4935456	4935610	SINE/MIR	487	-	77	4935533	52102
chr9	4883431	5083431	harbor1	chr9	4982190	4982371	SINE/MIR	482	-	90	4982280	98849
chr9	4738230	4938230	harbor1	chr9	4834754	4834951	SINE/MIR	549	-	98	4834852	96622
chr9	4884856	5084856	harbor1	chr9	4903550	4903770	SINE/MIR	774	-	110	4903660	18804
chr9	4884856	5084856	harbor1	chr9	4935456	4935610	SINE/MIR	487	-	77	4935533	50677
chr9	4884856	5084856	harbor1	chr9	4982190	4982371	SINE/MIR	482	-	90	4982280	97424
chr9	4692837	4892837	harbor1	chr9	4693761	4693989	SINE/MIR	775	-	114	4693875	1038
chr9	4692837	4892837	harbor1	chr9	4700666	4700829	SINE/MIR	636	-	82	4700748	7911
chr9	4692837	4892837	harbor1	chr9	4704121	4704352	SINE/MIR	491	-	116	4704237	11400
chr9	4692837	4892837	harbor1	chr9	4716352	4716547	SINE/MIR	506	-	98	4716450	23613
chr9	4692837	4892837	harbor1	chr9	4717010	4717224	SINE/MIR	597	-	107	4717117	24280
chr9	4885107	5085107	harbor1	chr9	4903550	4903770	SINE/MIR	774	-	110	4903660	18553
chr9	4885107	5085107	harbor1	chr9	4935456	4935610	SINE/MIR	487	-	77	4935533	50426
chr9	4885107	5085107	harbor1	chr9	4982190	4982371	SINE/MIR	482	-	90	4982280	97173
chr9	112387231	112587231	harbor1	chr9	112415322	112415558	SINE/MIR	614	-	118	112415440	28209
chr9	112387231	112587231	harbor1	chr9	112443282	112443491	SINE/MIR	597	-	104	112443386	56155
chr9	4669616	4869616	harbor1	chr9	4693761	4693989	SINE/MIR	775	-	114	4693875	24259
chr9	4669616	4869616	harbor1	chr9	4700666	4700829	SINE/MIR	636	-	82	4700748	31132
chr9	4669616	4869616	harbor1	chr9	4704121	4704352	SINE/MIR	491	-	116	4704237	34621
chr9	4669616	4869616	harbor1	chr9	4716352	4716547	SINE/MIR	506	-	98	4716450	46834
chr9	4669616	4869616	harbor1	chr9	4717010	4717224	SINE/MIR	597	-	107	4717117	47501
chr9	4776719	4976719	harbor1	chr9	4834754	4834951	SINE/MIR	549	-	98	4834852	58133
chr9	4776719	4976719	harbor1	chr9	4838887	4839124	SINE/MIR	612	-	118	4839005	62286
chr9	4776719	4976719	harbor1	chr9	4853091	4853323	SINE/MIR	671	-	116	4853207	76488
chr9	35692027	35892027	harbor1	chr9	35729047	35729267	SINE/MIR	766	-	110	35729157	37130
chr9	35692027	35892027	harbor1	chr9	35762907	35763044	SINE/MIR	509	-	68	35762975	70948
chr9	4692923	4892923	harbor1	chr9	4693761	4693989	SINE/MIR	775	-	114	4693875	952
chr9	4692923	4892923	harbor1	chr9	4700666	4700829	SINE/MIR	636	-	82	4700748	7825
chr9	4692923	4892923	harbor1	chr9	4704121	4704352	SINE/MIR	491	-	116	4704237	11314
chr9	4692923	4892923	harbor1	chr9	4716352	4716547	SINE/MIR	506	-	98	4716450	23527
chr9	4692923	4892923	harbor1	chr9	4717010	4717224	SINE/MIR	597	-	107	4717117	24194
chr9	4692123	4892123	harbor1	chr9	4693761	4693989	SINE/MIR	775	-	114	4693875	1752
chr9	4692123	4892123	harbor1	chr9	4700666	4700829	SINE/MIR	636	-	82	4700748	8625
chr9	4692123	4892123	harbor1	chr9	4704121	4704352	SINE/MIR	491	-	116	4704237	12114
chr9	4692123	4892123	harbor1	chr9	4716352	4716547	SINE/MIR	506	-	98	4716450	24327
chr9	4692123	4892123	harbor1	chr9	4717010	4717224	SINE/MIR	597	-	107	4717117	24994
chr9	4692181	4892181	harbor1	chr9	4693761	4693989	SINE/MIR	775	-	114	4693875	1694
chr9	4692181	4892181	harbor1	chr9	4700666	4700829	SINE/MIR	636	-	82	4700748	8567
chr9	4692181	4892181	harbor1	chr9	4704121	4704352	SINE/MIR	491	-	116	4704237	12056
chr9	4692181	4892181	harbor1	chr9	4716352	4716547	SINE/MIR	506	-	98	4716450	24269
chr9	4692181	4892181	harbor1	chr9	4717010	4717224	SINE/MIR	597	-	107	4717117	24936
chr9	4692953	4892953	harbor1	chr9	4693761	4693989	SINE/MIR	775	-	114	4693875	922
chr9	4692953	4892953	harbor1	chr9	4700666	4700829	SINE/MIR	636	-	82	4700748	7795
chr9	4692953	4892953	harbor1	chr9	4704121	4704352	SINE/MIR	491	-	116	4704237	11284
chr9	4692953	4892953	harbor1	chr9	4716352	4716547	SINE/MIR	506	-	98	4716450	23497
chr9	4692953	4892953	harbor1	chr9	4717010	4717224	SINE/MIR	597	-	107	4717117	24164
chr9	4867260	5067260	harbor1	chr9	4903550	4903770	SINE/MIR	774	-	110	4903660	36400
chr9	4867260	5067260	harbor1	chr9	4935456	4935610	SINE/MIR	487	-	77	4935533	68273
chr9	4737755	4937755	harbor1	chr9	4834754	4834951	SINE/MIR	549	-	98	4834852	97097
chr9	112387246	112587246	harbor1	chr9	112415322	112415558	SINE/MIR	614	-	118	112415440	28194
chr9	112387246	112587246	harbor1	chr9	112443282	112443491	SINE/MIR	597	-	104	112443386	56140
chr9	133063738	133263738	harbor1	chr9	133088018	133088206	SINE/MIR	490	-	94	133088112	24374
chr9	133063738	133263738	harbor1	chr9	133102215	133102415	SINE/MIR	526	-	100	133102315	38577
chr9	4692921	4892921	harbor1	chr9	4693761	4693989	SINE/MIR	775	-	114	4693875	954
chr9	4692921	4892921	harbor1	chr9	4700666	4700829	SINE/MIR	636	-	82	4700748	7827
chr9	4692921	4892921	harbor1	chr9	4704121	4704352	SINE/MIR	491	-	116	4704237	11316
chr9	4692921	4892921	harbor1	chr9	4716352	4716547	SINE/MIR	506	-	98	4716450	23529
chr9	4692921	4892921	harbor1	chr9	4717010	4717224	SINE/MIR	597	-	107	4717117	24196
chr9	131570740	131770740	harbor1	chr9	131602453	131602664	SINE/MIR	558	-	106	131602559	31819
chr9	131570740	131770740	harbor1	chr9	131627696	131627868	SINE/MIR	558	-	86	131627782	57042
chr9	131570740	131770740	harbor1	chr9	131637680	131637935	SINE/MIR	740	-	128	131637808	67068
chr9	131570740	131770740	harbor1	chr9	131646089	131646314	SINE/MIR	783	-	112	131646201	75461
chr9	112387188	112587188	harbor1	chr9	112415322	112415558	SINE/MIR	614	-	118	112415440	28252
chr9	112387188	112587188	harbor1	chr9	112443282	112443491	SINE/MIR	597	-	104	112443386	56198
chr9	4883740	5083740	harbor1	chr9	4903550	4903770	SINE/MIR	774	-	110	4903660	19920
chr9	4883740	5083740	harbor1	chr9	4935456	4935610	SINE/MIR	487	-	77	4935533	51793
chr9	4883740	5083740	harbor1	chr9	4982190	4982371	SINE/MIR	482	-	90	4982280	98540
chr9	4879743	5079743	harbor1	chr9	4903550	4903770	SINE/MIR	774	-	110	4903660	23917
chr9	4879743	5079743	harbor1	chr9	4935456	4935610	SINE/MIR	487	-	77	4935533	55790
chr9	4884898	5084898	harbor1	chr9	4903550	4903770	SINE/MIR	774	-	110	4903660	18762
chr9	4884898	5084898	harbor1	chr9	4935456	4935610	SINE/MIR	487	-	77	4935533	50635
chr9	4884898	5084898	harbor1	chr9	4982190	4982371	SINE/MIR	482	-	90	4982280	97382
chr9	35656592	35856592	harbor1	chr9	35729047	35729267	SINE/MIR	766	-	110	35729157	72565
chr9	4692437	4892437	harbor1	chr9	4693761	4693989	SINE/MIR	775	-	114	4693875	1438
chr9	4692437	4892437	harbor1	chr9	4700666	4700829	SINE/MIR	636	-	82	4700748	8311
chr9	4692437	4892437	harbor1	chr9	4704121	4704352	SINE/MIR	491	-	116	4704237	11800
chr9	4692437	4892437	harbor1	chr9	4716352	4716547	SINE/MIR	506	-	98	4716450	24013
chr9	4692437	4892437	harbor1	chr9	4717010	4717224	SINE/MIR	597	-	107	4717117	24680
chr9	112387261	112587261	harbor1	chr9	112415322	112415558	SINE/MIR	614	-	118	112415440	28179
chr9	112387261	112587261	harbor1	chr9	112443282	112443491	SINE/MIR	597	-	104	112443386	56125
chr9	4884872	5084872	harbor1	chr9	4903550	4903770	SINE/MIR	774	-	110	4903660	18788
chr9	4884872	5084872	harbor1	chr9	4935456	4935610	SINE/MIR	487	-	77	4935533	50661
chr9	4884872	5084872	harbor1	chr9	4982190	4982371	SINE/MIR	482	-	90	4982280	97408
chr9	79473185	79673185	harbor1	chr9	79507594	79507819	SINE/MIR	503	-	112	79507706	34521
chr9	79473185	79673185	harbor1	chr9	79521985	79522198	SINE/MIR	672	-	106	79522091	48906
chr9	4669276	4869276	harbor1	chr9	4693761	4693989	SINE/MIR	775	-	114	4693875	24599
chr9	4669276	4869276	harbor1	chr9	4700666	4700829	SINE/MIR	636	-	82	4700748	31472
chr9	4669276	4869276	harbor1	chr9	4704121	4704352	SINE/MIR	491	-	116	4704237	34961
chr9	4669276	4869276	harbor1	chr9	4716352	4716547	SINE/MIR	506	-	98	4716450	47174
chr9	4669276	4869276	harbor1	chr9	4717010	4717224	SINE/MIR	597	-	107	4717117	47841
chr9	4663207	4863207	harbor1	chr9	4667654	4667838	SINE/MIR	522	-	92	4667746	4539
chr9	4663207	4863207	harbor1	chr9	4693761	4693989	SINE/MIR	775	-	114	4693875	30668
chr9	4663207	4863207	harbor1	chr9	4700666	4700829	SINE/MIR	636	-	82	4700748	37541
chr9	4663207	4863207	harbor1	chr9	4704121	4704352	SINE/MIR	491	-	116	4704237	41030
chr9	4663207	4863207	harbor1	chr9	4716352	4716547	SINE/MIR	506	-	98	4716450	53243
chr9	4663207	4863207	harbor1	chr9	4717010	4717224	SINE/MIR	597	-	107	4717117	53910
chr9	4692939	4892939	harbor1	chr9	4693761	4693989	SINE/MIR	775	-	114	4693875	936
chr9	4692939	4892939	harbor1	chr9	4700666	4700829	SINE/MIR	636	-	82	4700748	7809
chr9	4692939	4892939	harbor1	chr9	4704121	4704352	SINE/MIR	491	-	116	4704237	11298
chr9	4692939	4892939	harbor1	chr9	4716352	4716547	SINE/MIR	506	-	98	4716450	23511
chr9	4692939	4892939	harbor1	chr9	4717010	4717224	SINE/MIR	597	-	107	4717117	24178
chr9	4824246	5024246	harbor1	chr9	4834754	4834951	SINE/MIR	549	-	98	4834852	10606
chr9	4824246	5024246	harbor1	chr9	4838887	4839124	SINE/MIR	612	-	118	4839005	14759
chr9	4824246	5024246	harbor1	chr9	4853091	4853323	SINE/MIR	671	-	116	4853207	28961
chr9	4824246	5024246	harbor1	chr9	4903550	4903770	SINE/MIR	774	-	110	4903660	79414
chr9	4883387	5083387	harbor1	chr9	4903550	4903770	SINE/MIR	774	-	110	4903660	20273
chr9	4883387	5083387	harbor1	chr9	4935456	4935610	SINE/MIR	487	-	77	4935533	52146
chr9	4883387	5083387	harbor1	chr9	4982190	4982371	SINE/MIR	482	-	90	4982280	98893
chr9	4883374	5083374	harbor1	chr9	4903550	4903770	SINE/MIR	774	-	110	4903660	20286
chr9	4883374	5083374	harbor1	chr9	4935456	4935610	SINE/MIR	487	-	77	4935533	52159
chr9	4883374	5083374	harbor1	chr9	4982190	4982371	SINE/MIR	482	-	90	4982280	98906
chr9	4694199	4894199	harbor1	chr9	4700666	4700829	SINE/MIR	636	-	82	4700748	6549
chr9	4694199	4894199	harbor1	chr9	4704121	4704352	SINE/MIR	491	-	116	4704237	10038
chr9	4694199	4894199	harbor1	chr9	4716352	4716547	SINE/MIR	506	-	98	4716450	22251
chr9	4694199	4894199	harbor1	chr9	4717010	4717224	SINE/MIR	597	-	107	4717117	22918
chr9	4883171	5083171	harbor1	chr9	4903550	4903770	SINE/MIR	774	-	110	4903660	20489
chr9	4883171	5083171	harbor1	chr9	4935456	4935610	SINE/MIR	487	-	77	4935533	52362
chr9	4883171	5083171	harbor1	chr9	4982190	4982371	SINE/MIR	482	-	90	4982280	99109
chr9	112387224	112587224	harbor1	chr9	112415322	112415558	SINE/MIR	614	-	118	112415440	28216
chr9	112387224	112587224	harbor1	chr9	112443282	112443491	SINE/MIR	597	-	104	112443386	56162
chr9	2024097	2224097	harbor1	chr9	2044573	2044714	SINE/MIR	665	-	70	2044643	20546
chr9	4692195	4892195	harbor1	chr9	4693761	4693989	SINE/MIR	775	-	114	4693875	1680
chr9	4692195	4892195	harbor1	chr9	4700666	4700829	SINE/MIR	636	-	82	4700748	8553
chr9	4692195	4892195	harbor1	chr9	4704121	4704352	SINE/MIR	491	-	116	4704237	12042
chr9	4692195	4892195	harbor1	chr9	4716352	4716547	SINE/MIR	506	-	98	4716450	24255
chr9	4692195	4892195	harbor1	chr9	4717010	4717224	SINE/MIR	597	-	107	4717117	24922
chr9	4673229	4873229	harbor1	chr9	4693761	4693989	SINE/MIR	775	-	114	4693875	20646
chr9	4673229	4873229	harbor1	chr9	4700666	4700829	SINE/MIR	636	-	82	4700748	27519
chr9	4673229	4873229	harbor1	chr9	4704121	4704352	SINE/MIR	491	-	116	4704237	31008
chr9	4673229	4873229	harbor1	chr9	4716352	4716547	SINE/MIR	506	-	98	4716450	43221
chr9	4673229	4873229	harbor1	chr9	4717010	4717224	SINE/MIR	597	-	107	4717117	43888
chr9	4692970	4892970	harbor1	chr9	4693761	4693989	SINE/MIR	775	-	114	4693875	905
chr9	4692970	4892970	harbor1	chr9	4700666	4700829	SINE/MIR	636	-	82	4700748	7778
chr9	4692970	4892970	harbor1	chr9	4704121	4704352	SINE/MIR	491	-	116	4704237	11267
chr9	4692970	4892970	harbor1	chr9	4716352	4716547	SINE/MIR	506	-	98	4716450	23480
chr9	4692970	4892970	harbor1	chr9	4717010	4717224	SINE/MIR	597	-	107	4717117	24147
chr9	3146618	3346618	harbor1	chr9	3178858	3179095	SINE/MIR	683	-	118	3178976	32358
chr9	3146618	3346618	harbor1	chr9	3201578	3201620	SINE/MIR	549	-	21	3201599	54981
chr9	3146618	3346618	harbor1	chr9	3201931	3202082	SINE/MIR	549	-	76	3202007	55389
chr9	1998082	2198082	harbor1	chr9	2005648	2005796	SINE/MIR	539	-	74	2005722	7640
chr9	1998082	2198082	harbor1	chr9	2044573	2044714	SINE/MIR	665	-	70	2044643	46561
chr9	133064057	133264057	harbor1	chr9	133088018	133088206	SINE/MIR	490	-	94	133088112	24055
chr9	133064057	133264057	harbor1	chr9	133102215	133102415	SINE/MIR	526	-	100	133102315	38258
chr9	4824477	5024477	harbor1	chr9	4834754	4834951	SINE/MIR	549	-	98	4834852	10375
chr9	4824477	5024477	harbor1	chr9	4838887	4839124	SINE/MIR	612	-	118	4839005	14528
chr9	4824477	5024477	harbor1	chr9	4853091	4853323	SINE/MIR	671	-	116	4853207	28730
chr9	4824477	5024477	harbor1	chr9	4903550	4903770	SINE/MIR	774	-	110	4903660	79183
chr9	4692737	4892737	harbor1	chr9	4693761	4693989	SINE/MIR	775	-	114	4693875	1138
chr9	4692737	4892737	harbor1	chr9	4700666	4700829	SINE/MIR	636	-	82	4700748	8011
chr9	4692737	4892737	harbor1	chr9	4704121	4704352	SINE/MIR	491	-	116	4704237	11500
chr9	4692737	4892737	harbor1	chr9	4716352	4716547	SINE/MIR	506	-	98	4716450	23713
chr9	4692737	4892737	harbor1	chr9	4717010	4717224	SINE/MIR	597	-	107	4717117	24380
chr9	4692768	4892768	harbor1	chr9	4693761	4693989	SINE/MIR	775	-	114	4693875	1107
chr9	4692768	4892768	harbor1	chr9	4700666	4700829	SINE/MIR	636	-	82	4700748	7980
chr9	4692768	4892768	harbor1	chr9	4704121	4704352	SINE/MIR	491	-	116	4704237	11469
chr9	4692768	4892768	harbor1	chr9	4716352	4716547	SINE/MIR	506	-	98	4716450	23682
chr9	4692768	4892768	harbor1	chr9	4717010	4717224	SINE/MIR	597	-	107	4717117	24349
chr9	4693017	4893017	harbor1	chr9	4693761	4693989	SINE/MIR	775	-	114	4693875	858
chr9	4693017	4893017	harbor1	chr9	4700666	4700829	SINE/MIR	636	-	82	4700748	7731
chr9	4693017	4893017	harbor1	chr9	4704121	4704352	SINE/MIR	491	-	116	4704237	11220
chr9	4693017	4893017	harbor1	chr9	4716352	4716547	SINE/MIR	506	-	98	4716450	23433
chr9	4693017	4893017	harbor1	chr9	4717010	4717224	SINE/MIR	597	-	107	4717117	24100
chr9	4884823	5084823	harbor1	chr9	4903550	4903770	SINE/MIR	774	-	110	4903660	18837
chr9	4884823	5084823	harbor1	chr9	4935456	4935610	SINE/MIR	487	-	77	4935533	50710
chr9	4884823	5084823	harbor1	chr9	4982190	4982371	SINE/MIR	482	-	90	4982280	97457
chr9	4883080	5083080	harbor1	chr9	4903550	4903770	SINE/MIR	774	-	110	4903660	20580
chr9	4883080	5083080	harbor1	chr9	4935456	4935610	SINE/MIR	487	-	77	4935533	52453
chr9	4883080	5083080	harbor1	chr9	4982190	4982371	SINE/MIR	482	-	90	4982280	99200
chr9	130119664	130319664	harbor1	chr9	130159545	130159744	SINE/MIR	649	-	100	130159645	39981
chr9	130119664	130319664	harbor1	chr9	130174324	130174518	SINE/MIR	701	-	97	130174421	54757
chr9	130119664	130319664	harbor1	chr9	130179778	130179913	SINE/MIR	540	-	68	130179846	60182
chr9	130119664	130319664	harbor1	chr9	130182132	130182297	SINE/MIR	495	-	82	130182214	62550
chr9	130119664	130319664	harbor1	chr9	130190390	130190539	SINE/MIR	505	-	74	130190464	70800
chr9	130119664	130319664	harbor1	chr9	130198691	130198834	SINE/MIR	497	-	72	130198763	79099
chr9	91323378	91523378	harbor1	chr9	91357217	91357364	SINE/MIR	599	-	74	91357291	33913
chr9	91323378	91523378	harbor1	chr9	91366288	91366448	SINE/MIR	555	-	80	91366368	42990
chr9	4884842	5084842	harbor1	chr9	4903550	4903770	SINE/MIR	774	-	110	4903660	18818
chr9	4884842	5084842	harbor1	chr9	4935456	4935610	SINE/MIR	487	-	77	4935533	50691
chr9	4884842	5084842	harbor1	chr9	4982190	4982371	SINE/MIR	482	-	90	4982280	97438
chr9	4692946	4892946	harbor1	chr9	4693761	4693989	SINE/MIR	775	-	114	4693875	929
chr9	4692946	4892946	harbor1	chr9	4700666	4700829	SINE/MIR	636	-	82	4700748	7802
chr9	4692946	4892946	harbor1	chr9	4704121	4704352	SINE/MIR	491	-	116	4704237	11291
chr9	4692946	4892946	harbor1	chr9	4716352	4716547	SINE/MIR	506	-	98	4716450	23504
chr9	4692946	4892946	harbor1	chr9	4717010	4717224	SINE/MIR	597	-	107	4717117	24171
chr9	4579427	4779427	harbor1	chr9	4580986	4581206	SINE/MIR	630	-	110	4581096	1669
chr9	4579427	4779427	harbor1	chr9	4592379	4592550	SINE/MIR	565	-	86	4592465	13038
chr9	4579427	4779427	harbor1	chr9	4592965	4593126	SINE/MIR	612	-	80	4593045	13618
chr9	4579427	4779427	harbor1	chr9	4596958	4597170	SINE/MIR	835	-	106	4597064	17637
chr9	4579427	4779427	harbor1	chr9	4629311	4629531	SINE/MIR	622	-	110	4629421	49994
chr9	4579427	4779427	harbor1	chr9	4630763	4630983	SINE/MIR	832	-	110	4630873	51446
chr9	4579427	4779427	harbor1	chr9	4649438	4649633	SINE/MIR	580	-	98	4649536	70109
chr9	4579427	4779427	harbor1	chr9	4667654	4667838	SINE/MIR	522	-	92	4667746	88319
chr9	131575355	131775355	harbor1	chr9	131602453	131602664	SINE/MIR	558	-	106	131602559	27204
chr9	131575355	131775355	harbor1	chr9	131627696	131627868	SINE/MIR	558	-	86	131627782	52427
chr9	131575355	131775355	harbor1	chr9	131637680	131637935	SINE/MIR	740	-	128	131637808	62453
chr9	131575355	131775355	harbor1	chr9	131646089	131646314	SINE/MIR	783	-	112	131646201	70846
chr9	4659562	4859562	harbor1	chr9	4667654	4667838	SINE/MIR	522	-	92	4667746	8184
chr9	4659562	4859562	harbor1	chr9	4693761	4693989	SINE/MIR	775	-	114	4693875	34313
chr9	4659562	4859562	harbor1	chr9	4700666	4700829	SINE/MIR	636	-	82	4700748	41186
chr9	4659562	4859562	harbor1	chr9	4704121	4704352	SINE/MIR	491	-	116	4704237	44675
chr9	4659562	4859562	harbor1	chr9	4716352	4716547	SINE/MIR	506	-	98	4716450	56888
chr9	4659562	4859562	harbor1	chr9	4717010	4717224	SINE/MIR	597	-	107	4717117	57555
chr9	131575427	131775427	harbor1	chr9	131602453	131602664	SINE/MIR	558	-	106	131602559	27132
chr9	131575427	131775427	harbor1	chr9	131627696	131627868	SINE/MIR	558	-	86	131627782	52355
chr9	131575427	131775427	harbor1	chr9	131637680	131637935	SINE/MIR	740	-	128	131637808	62381
chr9	131575427	131775427	harbor1	chr9	131646089	131646314	SINE/MIR	783	-	112	131646201	70774
chr9	124315219	124515219	harbor1	chr9	124391130	124391346	SINE/MIR	660	-	108	124391238	76019
chr9	4884794	5084794	harbor1	chr9	4903550	4903770	SINE/MIR	774	-	110	4903660	18866
chr9	4884794	5084794	harbor1	chr9	4935456	4935610	SINE/MIR	487	-	77	4935533	50739
chr9	4884794	5084794	harbor1	chr9	4982190	4982371	SINE/MIR	482	-	90	4982280	97486
chr9	129542143	129742143	harbor1	chr9	129549175	129549382	SINE/MIR	481	-	104	129549279	7136
chr9	129542143	129742143	harbor1	chr9	129575597	129575740	SINE/MIR	548	-	72	129575669	33526
chr9	129542143	129742143	harbor1	chr9	129579960	129580169	SINE/MIR	594	-	104	129580064	37921
chr9	129542143	129742143	harbor1	chr9	129615780	129615992	SINE/MIR	502	-	106	129615886	73743
chr9	129542143	129742143	harbor1	chr9	129627467	129627684	SINE/MIR	547	-	108	129627575	85432
chr9	133063678	133263678	harbor1	chr9	133088018	133088206	SINE/MIR	490	-	94	133088112	24434
chr9	133063678	133263678	harbor1	chr9	133102215	133102415	SINE/MIR	526	-	100	133102315	38637
chr9	4883172	5083172	harbor1	chr9	4903550	4903770	SINE/MIR	774	-	110	4903660	20488
chr9	4883172	5083172	harbor1	chr9	4935456	4935610	SINE/MIR	487	-	77	4935533	52361
chr9	4883172	5083172	harbor1	chr9	4982190	4982371	SINE/MIR	482	-	90	4982280	99108
chr9	133007233	133207233	harbor1	chr9	133053221	133053302	SINE/MIR	562	-	40	133053261	46028
chr9	133007233	133207233	harbor1	chr9	133053598	133053756	SINE/MIR	562	-	79	133053677	46444
chr9	133007233	133207233	harbor1	chr9	133088018	133088206	SINE/MIR	490	-	94	133088112	80879
chr9	133007233	133207233	harbor1	chr9	133102215	133102415	SINE/MIR	526	-	100	133102315	95082
chr9	4692889	4892889	harbor1	chr9	4693761	4693989	SINE/MIR	775	-	114	4693875	986
chr9	4692889	4892889	harbor1	chr9	4700666	4700829	SINE/MIR	636	-	82	4700748	7859
chr9	4692889	4892889	harbor1	chr9	4704121	4704352	SINE/MIR	491	-	116	4704237	11348
chr9	4692889	4892889	harbor1	chr9	4716352	4716547	SINE/MIR	506	-	98	4716450	23561
chr9	4692889	4892889	harbor1	chr9	4717010	4717224	SINE/MIR	597	-	107	4717117	24228
chr9	89937233	90137233	harbor1	chr9	89955666	89955917	SINE/MIR	921	-	126	89955792	18559
chr9	64278589	64478589	harbor1	chr9	64372784	64373010	SINE/MIR	571	-	113	64372897	94308
chr9	4884884	5084884	harbor1	chr9	4903550	4903770	SINE/MIR	774	-	110	4903660	18776
chr9	4884884	5084884	harbor1	chr9	4935456	4935610	SINE/MIR	487	-	77	4935533	50649
chr9	4884884	5084884	harbor1	chr9	4982190	4982371	SINE/MIR	482	-	90	4982280	97396
chr9	130532874	130732874	harbor1	chr9	130548345	130548549	SINE/MIR	728	-	102	130548447	15573
chr9	4883057	5083057	harbor1	chr9	4903550	4903770	SINE/MIR	774	-	110	4903660	20603
chr9	4883057	5083057	harbor1	chr9	4935456	4935610	SINE/MIR	487	-	77	4935533	52476
chr9	4883057	5083057	harbor1	chr9	4982190	4982371	SINE/MIR	482	-	90	4982280	99223
chr9	4883813	5083813	harbor1	chr9	4903550	4903770	SINE/MIR	774	-	110	4903660	19847
chr9	4883813	5083813	harbor1	chr9	4935456	4935610	SINE/MIR	487	-	77	4935533	51720
chr9	4883813	5083813	harbor1	chr9	4982190	4982371	SINE/MIR	482	-	90	4982280	98467
chr9	4884786	5084786	harbor1	chr9	4903550	4903770	SINE/MIR	774	-	110	4903660	18874
chr9	4884786	5084786	harbor1	chr9	4935456	4935610	SINE/MIR	487	-	77	4935533	50747
chr9	4884786	5084786	harbor1	chr9	4982190	4982371	SINE/MIR	482	-	90	4982280	97494
chr9	4884810	5084810	harbor1	chr9	4903550	4903770	SINE/MIR	774	-	110	4903660	18850
chr9	4884810	5084810	harbor1	chr9	4935456	4935610	SINE/MIR	487	-	77	4935533	50723
chr9	4884810	5084810	harbor1	chr9	4982190	4982371	SINE/MIR	482	-	90	4982280	97470
chr9	4749616	4949616	harbor1	chr9	4834754	4834951	SINE/MIR	549	-	98	4834852	85236
chr9	4749616	4949616	harbor1	chr9	4838887	4839124	SINE/MIR	612	-	118	4839005	89389
chr9	4669937	4869937	harbor1	chr9	4693761	4693989	SINE/MIR	775	-	114	4693875	23938
chr9	4669937	4869937	harbor1	chr9	4700666	4700829	SINE/MIR	636	-	82	4700748	30811
chr9	4669937	4869937	harbor1	chr9	4704121	4704352	SINE/MIR	491	-	116	4704237	34300
chr9	4669937	4869937	harbor1	chr9	4716352	4716547	SINE/MIR	506	-	98	4716450	46513
chr9	4669937	4869937	harbor1	chr9	4717010	4717224	SINE/MIR	597	-	107	4717117	47180
chr9	4694651	4894651	harbor1	chr9	4700666	4700829	SINE/MIR	636	-	82	4700748	6097
chr9	4694651	4894651	harbor1	chr9	4704121	4704352	SINE/MIR	491	-	116	4704237	9586
chr9	4694651	4894651	harbor1	chr9	4716352	4716547	SINE/MIR	506	-	98	4716450	21799
chr9	4694651	4894651	harbor1	chr9	4717010	4717224	SINE/MIR	597	-	107	4717117	22466
chr9	4884784	5084784	harbor1	chr9	4903550	4903770	SINE/MIR	774	-	110	4903660	18876
chr9	4884784	5084784	harbor1	chr9	4935456	4935610	SINE/MIR	487	-	77	4935533	50749
chr9	4884784	5084784	harbor1	chr9	4982190	4982371	SINE/MIR	482	-	90	4982280	97496
chr9	4694865	4894865	harbor1	chr9	4700666	4700829	SINE/MIR	636	-	82	4700748	5883
chr9	4694865	4894865	harbor1	chr9	4704121	4704352	SINE/MIR	491	-	116	4704237	9372
chr9	4694865	4894865	harbor1	chr9	4716352	4716547	SINE/MIR	506	-	98	4716450	21585
chr9	4694865	4894865	harbor1	chr9	4717010	4717224	SINE/MIR	597	-	107	4717117	22252
chr9	196617	396617	harbor1	chr9	199220	199319	SINE/MIR	888	-	50	199270	2653
chr9	196617	396617	harbor1	chr9	199626	199789	SINE/MIR	888	-	82	199708	3091
chr9	196617	396617	harbor1	chr9	207150	207370	SINE/MIR	660	-	110	207260	10643
chr9	196617	396617	harbor1	chr9	217696	217918	SINE/MIR	494	-	111	217807	21190
chr9	196617	396617	harbor1	chr9	218817	219065	SINE/MIR	816	-	124	218941	22324
chr9	196617	396617	harbor1	chr9	288569	288800	SINE/MIR	733	-	116	288685	92068
chr9	3399943	3599943	harbor1	chr9	3400744	3400971	SINE/MIR	921	-	114	3400858	915
chr9	3399943	3599943	harbor1	chr9	3420422	3420645	SINE/MIR	597	-	112	3420534	20591
chr9	3399943	3599943	harbor1	chr9	3471210	3471457	SINE/MIR	699	-	124	3471334	71391
chr9	3399943	3599943	harbor1	chr9	3481047	3481238	SINE/MIR	528	-	96	3481143	81200
chr9	4692795	4892795	harbor1	chr9	4693761	4693989	SINE/MIR	775	-	114	4693875	1080
chr9	4692795	4892795	harbor1	chr9	4700666	4700829	SINE/MIR	636	-	82	4700748	7953
chr9	4692795	4892795	harbor1	chr9	4704121	4704352	SINE/MIR	491	-	116	4704237	11442
chr9	4692795	4892795	harbor1	chr9	4716352	4716547	SINE/MIR	506	-	98	4716450	23655
chr9	4692795	4892795	harbor1	chr9	4717010	4717224	SINE/MIR	597	-	107	4717117	24322
chr9	68605549	68805549	harbor1	chr9	68632684	68632865	SINE/MIR	530	-	90	68632774	27225
chr9	68605549	68805549	harbor1	chr9	68640827	68641078	SINE/MIR	647	-	126	68640953	35404
chr9	68605549	68805549	harbor1	chr9	68650483	68650650	SINE/MIR	574	-	84	68650567	45018
chr9	68605549	68805549	harbor1	chr9	68662301	68662522	SINE/MIR	615	-	110	68662411	56862
chr9	68605549	68805549	harbor1	chr9	68673162	68673412	SINE/MIR	563	-	125	68673287	67738
chr9	68605549	68805549	harbor1	chr9	68691969	68692123	SINE/MIR	527	-	77	68692046	86497
chr9	4866377	5066377	harbor1	chr9	4903550	4903770	SINE/MIR	774	-	110	4903660	37283
chr9	4866377	5066377	harbor1	chr9	4935456	4935610	SINE/MIR	487	-	77	4935533	69156
chr9	4884847	5084847	harbor1	chr9	4903550	4903770	SINE/MIR	774	-	110	4903660	18813
chr9	4884847	5084847	harbor1	chr9	4935456	4935610	SINE/MIR	487	-	77	4935533	50686
chr9	4884847	5084847	harbor1	chr9	4982190	4982371	SINE/MIR	482	-	90	4982280	97433
chr9	4884951	5084951	harbor1	chr9	4903550	4903770	SINE/MIR	774	-	110	4903660	18709
chr9	4884951	5084951	harbor1	chr9	4935456	4935610	SINE/MIR	487	-	77	4935533	50582
chr9	4884951	5084951	harbor1	chr9	4982190	4982371	SINE/MIR	482	-	90	4982280	97329
chr9	4692232	4892232	harbor1	chr9	4693761	4693989	SINE/MIR	775	-	114	4693875	1643
chr9	4692232	4892232	harbor1	chr9	4700666	4700829	SINE/MIR	636	-	82	4700748	8516
chr9	4692232	4892232	harbor1	chr9	4704121	4704352	SINE/MIR	491	-	116	4704237	12005
chr9	4692232	4892232	harbor1	chr9	4716352	4716547	SINE/MIR	506	-	98	4716450	24218
chr9	4692232	4892232	harbor1	chr9	4717010	4717224	SINE/MIR	597	-	107	4717117	24885
chr9	108346093	108546093	harbor1	chr9	108380570	108380744	SINE/MIR	521	-	87	108380657	34564
chr9	108346093	108546093	harbor1	chr9	108407934	108408182	SINE/MIR	646	-	124	108408058	61965
chr9	108346093	108546093	harbor1	chr9	108413165	108413421	SINE/MIR	842	-	128	108413293	67200
chr9	108346093	108546093	harbor1	chr9	108413480	108413727	SINE/MIR	834	-	124	108413604	67511
chr9	108346093	108546093	harbor1	chr9	108438620	108438810	SINE/MIR	785	-	95	108438715	92622
chr9	108346093	108546093	harbor1	chr9	108439280	108439333	SINE/MIR	785	-	26	108439306	93213
chr9	89509793	89709793	harbor1	chr9	89554143	89554342	SINE/MIR	576	-	100	89554243	44450
chr9	4884827	5084827	harbor1	chr9	4903550	4903770	SINE/MIR	774	-	110	4903660	18833
chr9	4884827	5084827	harbor1	chr9	4935456	4935610	SINE/MIR	487	-	77	4935533	50706
chr9	4884827	5084827	harbor1	chr9	4982190	4982371	SINE/MIR	482	-	90	4982280	97453
chr9	136445284	136645284	harbor1	chr9	136445940	136446080	SINE/MIR	506	-	70	136446010	726
chr9	134035554	134235554	harbor1	chr9	134071690	134071844	SINE/MIR	546	-	77	134071767	36213
chr9	131575342	131775342	harbor1	chr9	131602453	131602664	SINE/MIR	558	-	106	131602559	27217
chr9	131575342	131775342	harbor1	chr9	131627696	131627868	SINE/MIR	558	-	86	131627782	52440
chr9	131575342	131775342	harbor1	chr9	131637680	131637935	SINE/MIR	740	-	128	131637808	62466
chr9	131575342	131775342	harbor1	chr9	131646089	131646314	SINE/MIR	783	-	112	131646201	70859
chr9	4648821	4848821	harbor1	chr9	4649438	4649633	SINE/MIR	580	-	98	4649536	715
chr9	4648821	4848821	harbor1	chr9	4667654	4667838	SINE/MIR	522	-	92	4667746	18925
chr9	4648821	4848821	harbor1	chr9	4693761	4693989	SINE/MIR	775	-	114	4693875	45054
chr9	4648821	4848821	harbor1	chr9	4700666	4700829	SINE/MIR	636	-	82	4700748	51927
chr9	4648821	4848821	harbor1	chr9	4704121	4704352	SINE/MIR	491	-	116	4704237	55416
chr9	4648821	4848821	harbor1	chr9	4716352	4716547	SINE/MIR	506	-	98	4716450	67629
chr9	4648821	4848821	harbor1	chr9	4717010	4717224	SINE/MIR	597	-	107	4717117	68296
chr9	87626432	87826432	harbor1	chr9	87649057	87649276	SINE/MIR	914	-	110	87649167	22735
chr9	87626432	87826432	harbor1	chr9	87666144	87666355	SINE/MIR	492	-	106	87666250	39818
chr9	4669262	4869262	harbor1	chr9	4693761	4693989	SINE/MIR	775	-	114	4693875	24613
chr9	4669262	4869262	harbor1	chr9	4700666	4700829	SINE/MIR	636	-	82	4700748	31486
chr9	4669262	4869262	harbor1	chr9	4704121	4704352	SINE/MIR	491	-	116	4704237	34975
chr9	4669262	4869262	harbor1	chr9	4716352	4716547	SINE/MIR	506	-	98	4716450	47188
chr9	4669262	4869262	harbor1	chr9	4717010	4717224	SINE/MIR	597	-	107	4717117	47855
chr9	4812824	5012824	harbor1	chr9	4834754	4834951	SINE/MIR	549	-	98	4834852	22028
chr9	4812824	5012824	harbor1	chr9	4838887	4839124	SINE/MIR	612	-	118	4839005	26181
chr9	4812824	5012824	harbor1	chr9	4853091	4853323	SINE/MIR	671	-	116	4853207	40383
chr9	4812824	5012824	harbor1	chr9	4903550	4903770	SINE/MIR	774	-	110	4903660	90836
chr9	97885101	98085101	harbor1	chr9	97933282	97933439	SINE/MIR	598	-	78	97933360	48259
chr9	97885101	98085101	harbor1	chr9	97952292	97952524	SINE/MIR	716	-	116	97952408	67307
chr9	4692222	4892222	harbor1	chr9	4693761	4693989	SINE/MIR	775	-	114	4693875	1653
chr9	4692222	4892222	harbor1	chr9	4700666	4700829	SINE/MIR	636	-	82	4700748	8526
chr9	4692222	4892222	harbor1	chr9	4704121	4704352	SINE/MIR	491	-	116	4704237	12015
chr9	4692222	4892222	harbor1	chr9	4716352	4716547	SINE/MIR	506	-	98	4716450	24228
chr9	4692222	4892222	harbor1	chr9	4717010	4717224	SINE/MIR	597	-	107	4717117	24895
chr9	68605579	68805579	harbor1	chr9	68632684	68632865	SINE/MIR	530	-	90	68632774	27195
chr9	68605579	68805579	harbor1	chr9	68640827	68641078	SINE/MIR	647	-	126	68640953	35374
chr9	68605579	68805579	harbor1	chr9	68650483	68650650	SINE/MIR	574	-	84	68650567	44988
chr9	68605579	68805579	harbor1	chr9	68662301	68662522	SINE/MIR	615	-	110	68662411	56832
chr9	68605579	68805579	harbor1	chr9	68673162	68673412	SINE/MIR	563	-	125	68673287	67708
chr9	68605579	68805579	harbor1	chr9	68691969	68692123	SINE/MIR	527	-	77	68692046	86467
chr9	4879662	5079662	harbor1	chr9	4903550	4903770	SINE/MIR	774	-	110	4903660	23998
chr9	4879662	5079662	harbor1	chr9	4935456	4935610	SINE/MIR	487	-	77	4935533	55871
chr9	4579422	4779422	harbor1	chr9	4580986	4581206	SINE/MIR	630	-	110	4581096	1674
chr9	4579422	4779422	harbor1	chr9	4592379	4592550	SINE/MIR	565	-	86	4592465	13043
chr9	4579422	4779422	harbor1	chr9	4592965	4593126	SINE/MIR	612	-	80	4593045	13623
chr9	4579422	4779422	harbor1	chr9	4596958	4597170	SINE/MIR	835	-	106	4597064	17642
chr9	4579422	4779422	harbor1	chr9	4629311	4629531	SINE/MIR	622	-	110	4629421	49999
chr9	4579422	4779422	harbor1	chr9	4630763	4630983	SINE/MIR	832	-	110	4630873	51451
chr9	4579422	4779422	harbor1	chr9	4649438	4649633	SINE/MIR	580	-	98	4649536	70114
chr9	4579422	4779422	harbor1	chr9	4667654	4667838	SINE/MIR	522	-	92	4667746	88324
chr9	85705422	85905422	harbor1	chr9	85738912	85739178	SINE/MIR	540	-	133	85739045	33623
chr9	4883218	5083218	harbor1	chr9	4903550	4903770	SINE/MIR	774	-	110	4903660	20442
chr9	4883218	5083218	harbor1	chr9	4935456	4935610	SINE/MIR	487	-	77	4935533	52315
chr9	4883218	5083218	harbor1	chr9	4982190	4982371	SINE/MIR	482	-	90	4982280	99062
chr9	130119656	130319656	harbor1	chr9	130159545	130159744	SINE/MIR	649	-	100	130159645	39989
chr9	130119656	130319656	harbor1	chr9	130174324	130174518	SINE/MIR	701	-	97	130174421	54765
chr9	130119656	130319656	harbor1	chr9	130179778	130179913	SINE/MIR	540	-	68	130179846	60190
chr9	130119656	130319656	harbor1	chr9	130182132	130182297	SINE/MIR	495	-	82	130182214	62558
chr9	130119656	130319656	harbor1	chr9	130190390	130190539	SINE/MIR	505	-	74	130190464	70808
chr9	130119656	130319656	harbor1	chr9	130198691	130198834	SINE/MIR	497	-	72	130198763	79107
chr9	4883477	5083477	harbor1	chr9	4903550	4903770	SINE/MIR	774	-	110	4903660	20183
chr9	4883477	5083477	harbor1	chr9	4935456	4935610	SINE/MIR	487	-	77	4935533	52056
chr9	4883477	5083477	harbor1	chr9	4982190	4982371	SINE/MIR	482	-	90	4982280	98803
chr9	4663738	4863738	harbor1	chr9	4667654	4667838	SINE/MIR	522	-	92	4667746	4008
chr9	4663738	4863738	harbor1	chr9	4693761	4693989	SINE/MIR	775	-	114	4693875	30137
chr9	4663738	4863738	harbor1	chr9	4700666	4700829	SINE/MIR	636	-	82	4700748	37010
chr9	4663738	4863738	harbor1	chr9	4704121	4704352	SINE/MIR	491	-	116	4704237	40499
chr9	4663738	4863738	harbor1	chr9	4716352	4716547	SINE/MIR	506	-	98	4716450	52712
chr9	4663738	4863738	harbor1	chr9	4717010	4717224	SINE/MIR	597	-	107	4717117	53379
chr9	4885072	5085072	harbor1	chr9	4903550	4903770	SINE/MIR	774	-	110	4903660	18588
chr9	4885072	5085072	harbor1	chr9	4935456	4935610	SINE/MIR	487	-	77	4935533	50461
chr9	4885072	5085072	harbor1	chr9	4982190	4982371	SINE/MIR	482	-	90	4982280	97208
chr9	35655086	35855086	harbor1	chr9	35729047	35729267	SINE/MIR	766	-	110	35729157	74071
chr9	4824143	5024143	harbor1	chr9	4834754	4834951	SINE/MIR	549	-	98	4834852	10709
chr9	4824143	5024143	harbor1	chr9	4838887	4839124	SINE/MIR	612	-	118	4839005	14862
chr9	4824143	5024143	harbor1	chr9	4853091	4853323	SINE/MIR	671	-	116	4853207	29064
chr9	4824143	5024143	harbor1	chr9	4903550	4903770	SINE/MIR	774	-	110	4903660	79517
chr9	4663518	4863518	harbor1	chr9	4667654	4667838	SINE/MIR	522	-	92	4667746	4228
chr9	4663518	4863518	harbor1	chr9	4693761	4693989	SINE/MIR	775	-	114	4693875	30357
chr9	4663518	4863518	harbor1	chr9	4700666	4700829	SINE/MIR	636	-	82	4700748	37230
chr9	4663518	4863518	harbor1	chr9	4704121	4704352	SINE/MIR	491	-	116	4704237	40719
chr9	4663518	4863518	harbor1	chr9	4716352	4716547	SINE/MIR	506	-	98	4716450	52932
chr9	4663518	4863518	harbor1	chr9	4717010	4717224	SINE/MIR	597	-	107	4717117	53599
chr9	130042390	130242390	harbor1	chr9	130088591	130088803	SINE/MIR	743	-	106	130088697	46307
chr9	130042390	130242390	harbor1	chr9	130119441	130119644	SINE/MIR	665	-	102	130119543	77153
chr9	4692806	4892806	harbor1	chr9	4693761	4693989	SINE/MIR	775	-	114	4693875	1069
chr9	4692806	4892806	harbor1	chr9	4700666	4700829	SINE/MIR	636	-	82	4700748	7942
chr9	4692806	4892806	harbor1	chr9	4704121	4704352	SINE/MIR	491	-	116	4704237	11431
chr9	4692806	4892806	harbor1	chr9	4716352	4716547	SINE/MIR	506	-	98	4716450	23644
chr9	4692806	4892806	harbor1	chr9	4717010	4717224	SINE/MIR	597	-	107	4717117	24311
chr9	4744087	4944087	harbor1	chr9	4834754	4834951	SINE/MIR	549	-	98	4834852	90765
chr9	4744087	4944087	harbor1	chr9	4838887	4839124	SINE/MIR	612	-	118	4839005	94918
chr9	4884871	5084871	harbor1	chr9	4903550	4903770	SINE/MIR	774	-	110	4903660	18789
chr9	4884871	5084871	harbor1	chr9	4935456	4935610	SINE/MIR	487	-	77	4935533	50662
chr9	4884871	5084871	harbor1	chr9	4982190	4982371	SINE/MIR	482	-	90	4982280	97409
chr9	4692558	4892558	harbor1	chr9	4693761	4693989	SINE/MIR	775	-	114	4693875	1317
chr9	4692558	4892558	harbor1	chr9	4700666	4700829	SINE/MIR	636	-	82	4700748	8190
chr9	4692558	4892558	harbor1	chr9	4704121	4704352	SINE/MIR	491	-	116	4704237	11679
chr9	4692558	4892558	harbor1	chr9	4716352	4716547	SINE/MIR	506	-	98	4716450	23892
chr9	4692558	4892558	harbor1	chr9	4717010	4717224	SINE/MIR	597	-	107	4717117	24559
chr9	4883433	5083433	harbor1	chr9	4903550	4903770	SINE/MIR	774	-	110	4903660	20227
chr9	4883433	5083433	harbor1	chr9	4935456	4935610	SINE/MIR	487	-	77	4935533	52100
chr9	4883433	5083433	harbor1	chr9	4982190	4982371	SINE/MIR	482	-	90	4982280	98847
chr9	87626458	87826458	harbor1	chr9	87649057	87649276	SINE/MIR	914	-	110	87649167	22709
chr9	87626458	87826458	harbor1	chr9	87666144	87666355	SINE/MIR	492	-	106	87666250	39792
chr9	105145295	105345295	harbor1	chr9	105147693	105147912	SINE/MIR	644	-	110	105147803	2508
chr9	105145295	105345295	harbor1	chr9	105153743	105153866	SINE/MIR	545	-	62	105153805	8510
chr9	105145295	105345295	harbor1	chr9	105164469	105164714	SINE/MIR	641	-	122	105164591	19296
chr9	105145295	105345295	harbor1	chr9	105168792	105169016	SINE/MIR	543	-	112	105168904	23609
chr9	112387255	112587255	harbor1	chr9	112415322	112415558	SINE/MIR	614	-	118	112415440	28185
chr9	112387255	112587255	harbor1	chr9	112443282	112443491	SINE/MIR	597	-	104	112443386	56131
chr9	4692205	4892205	harbor1	chr9	4693761	4693989	SINE/MIR	775	-	114	4693875	1670
chr9	4692205	4892205	harbor1	chr9	4700666	4700829	SINE/MIR	636	-	82	4700748	8543
chr9	4692205	4892205	harbor1	chr9	4704121	4704352	SINE/MIR	491	-	116	4704237	12032
chr9	4692205	4892205	harbor1	chr9	4716352	4716547	SINE/MIR	506	-	98	4716450	24245
chr9	4692205	4892205	harbor1	chr9	4717010	4717224	SINE/MIR	597	-	107	4717117	24912
chr9	4692312	4892312	harbor1	chr9	4693761	4693989	SINE/MIR	775	-	114	4693875	1563
chr9	4692312	4892312	harbor1	chr9	4700666	4700829	SINE/MIR	636	-	82	4700748	8436
chr9	4692312	4892312	harbor1	chr9	4704121	4704352	SINE/MIR	491	-	116	4704237	11925
chr9	4692312	4892312	harbor1	chr9	4716352	4716547	SINE/MIR	506	-	98	4716450	24138
chr9	4692312	4892312	harbor1	chr9	4717010	4717224	SINE/MIR	597	-	107	4717117	24805
chr9	4694469	4894469	harbor1	chr9	4700666	4700829	SINE/MIR	636	-	82	4700748	6279
chr9	4694469	4894469	harbor1	chr9	4704121	4704352	SINE/MIR	491	-	116	4704237	9768
chr9	4694469	4894469	harbor1	chr9	4716352	4716547	SINE/MIR	506	-	98	4716450	21981
chr9	4694469	4894469	harbor1	chr9	4717010	4717224	SINE/MIR	597	-	107	4717117	22648
chr9	136745116	136945116	harbor1	chr9	136802141	136802354	SINE/MIR	489	-	106	136802247	57131
chr9	133819687	134019687	harbor1	chr9	133918502	133918740	SINE/MIR	590	-	119	133918621	98934
chr9	35625694	35825694	harbor1	chr9	35648361	35648595	SINE/MIR	802	-	117	35648478	22784
chr9	4884855	5084855	harbor1	chr9	4903550	4903770	SINE/MIR	774	-	110	4903660	18805
chr9	4884855	5084855	harbor1	chr9	4935456	4935610	SINE/MIR	487	-	77	4935533	50678
chr9	4884855	5084855	harbor1	chr9	4982190	4982371	SINE/MIR	482	-	90	4982280	97425
chr9	37551225	37751225	harbor1	chr9	37575428	37575627	SINE/MIR	511	-	100	37575528	24303
chr9	37551225	37751225	harbor1	chr9	37604864	37605099	SINE/MIR	750	-	118	37604982	53757
chr9	37551225	37751225	harbor1	chr9	37641340	37641577	SINE/MIR	735	-	118	37641458	90233
chr9	37551225	37751225	harbor1	chr9	37648103	37648288	SINE/MIR	644	-	92	37648195	96970
chr9	37551225	37751225	harbor1	chr9	37584850	37585073	SINE/MIR	625	-	112	37584962	33737
chr9	4692887	4892887	harbor1	chr9	4693761	4693989	SINE/MIR	775	-	114	4693875	988
chr9	4692887	4892887	harbor1	chr9	4700666	4700829	SINE/MIR	636	-	82	4700748	7861
chr9	4692887	4892887	harbor1	chr9	4704121	4704352	SINE/MIR	491	-	116	4704237	11350
chr9	4692887	4892887	harbor1	chr9	4716352	4716547	SINE/MIR	506	-	98	4716450	23563
chr9	4692887	4892887	harbor1	chr9	4717010	4717224	SINE/MIR	597	-	107	4717117	24230
chr9	4884829	5084829	harbor1	chr9	4903550	4903770	SINE/MIR	774	-	110	4903660	18831
chr9	4884829	5084829	harbor1	chr9	4935456	4935610	SINE/MIR	487	-	77	4935533	50704
chr9	4884829	5084829	harbor1	chr9	4982190	4982371	SINE/MIR	482	-	90	4982280	97451
chr9	4885054	5085054	harbor1	chr9	4903550	4903770	SINE/MIR	774	-	110	4903660	18606
chr9	4885054	5085054	harbor1	chr9	4935456	4935610	SINE/MIR	487	-	77	4935533	50479
chr9	4885054	5085054	harbor1	chr9	4982190	4982371	SINE/MIR	482	-	90	4982280	97226
chr9	4692851	4892851	harbor1	chr9	4693761	4693989	SINE/MIR	775	-	114	4693875	1024
chr9	4692851	4892851	harbor1	chr9	4700666	4700829	SINE/MIR	636	-	82	4700748	7897
chr9	4692851	4892851	harbor1	chr9	4704121	4704352	SINE/MIR	491	-	116	4704237	11386
chr9	4692851	4892851	harbor1	chr9	4716352	4716547	SINE/MIR	506	-	98	4716450	23599
chr9	4692851	4892851	harbor1	chr9	4717010	4717224	SINE/MIR	597	-	107	4717117	24266
chr9	4692854	4892854	harbor1	chr9	4693761	4693989	SINE/MIR	775	-	114	4693875	1021
chr9	4692854	4892854	harbor1	chr9	4700666	4700829	SINE/MIR	636	-	82	4700748	7894
chr9	4692854	4892854	harbor1	chr9	4704121	4704352	SINE/MIR	491	-	116	4704237	11383
chr9	4692854	4892854	harbor1	chr9	4716352	4716547	SINE/MIR	506	-	98	4716450	23596
chr9	4692854	4892854	harbor1	chr9	4717010	4717224	SINE/MIR	597	-	107	4717117	24263
chr9	123912168	124112168	harbor1	chr9	123947292	123947416	SINE/MIR	518	-	62	123947354	35186
chr9	123912168	124112168	harbor1	chr9	123947451	123947653	SINE/MIR	648	-	101	123947552	35384
chr9	123912168	124112168	harbor1	chr9	123955422	123955473	SINE/MIR	554	-	26	123955448	43280
chr9	123912168	124112168	harbor1	chr9	123955780	123955921	SINE/MIR	554	-	70	123955850	43682
chr9	123912168	124112168	harbor1	chr9	123958635	123958811	SINE/MIR	714	-	88	123958723	46555
chr9	123912168	124112168	harbor1	chr9	123961774	123961995	SINE/MIR	702	-	110	123961884	49716
chr9	123912168	124112168	harbor1	chr9	123980658	123980894	SINE/MIR	584	-	118	123980776	68608
chr9	123912168	124112168	harbor1	chr9	123984732	123984990	SINE/MIR	648	-	129	123984861	72693
chr9	123912168	124112168	harbor1	chr9	123993912	123994075	SINE/MIR	608	-	82	123993994	81826
chr9	123912168	124112168	harbor1	chr9	124010730	124010958	SINE/MIR	526	-	114	124010844	98676
chr9	4692645	4892645	harbor1	chr9	4693761	4693989	SINE/MIR	775	-	114	4693875	1230
chr9	4692645	4892645	harbor1	chr9	4700666	4700829	SINE/MIR	636	-	82	4700748	8103
chr9	4692645	4892645	harbor1	chr9	4704121	4704352	SINE/MIR	491	-	116	4704237	11592
chr9	4692645	4892645	harbor1	chr9	4716352	4716547	SINE/MIR	506	-	98	4716450	23805
chr9	4692645	4892645	harbor1	chr9	4717010	4717224	SINE/MIR	597	-	107	4717117	24472
chr9	113949333	114149333	harbor1	chr9	113956868	113957116	SINE/MIR	941	-	124	113956992	7659
chr9	113949333	114149333	harbor1	chr9	113957233	113957416	SINE/MIR	549	-	92	113957325	7992
chr9	113949333	114149333	harbor1	chr9	113958510	113958639	SINE/MIR	509	-	64	113958574	9241
chr9	113949333	114149333	harbor1	chr9	113966103	113966370	SINE/MIR	601	-	134	113966237	16904
chr9	113949333	114149333	harbor1	chr9	113971977	113972051	SINE/MIR	712	-	37	113972014	22681
chr9	113949333	114149333	harbor1	chr9	113972345	113972545	SINE/MIR	712	-	100	113972445	23112
chr9	113949333	114149333	harbor1	chr9	113986121	113986352	SINE/MIR	552	-	116	113986237	36904
chr9	113949333	114149333	harbor1	chr9	114001421	114001584	SINE/MIR	499	-	82	114001503	52170
chr9	113949333	114149333	harbor1	chr9	114001630	114001891	SINE/MIR	577	-	130	114001760	52427
chr9	113949333	114149333	harbor1	chr9	114005006	114005222	SINE/MIR	494	-	108	114005114	55781
chr9	113949333	114149333	harbor1	chr9	114016378	114016572	SINE/MIR	1034	-	97	114016475	67142
chr9	113949333	114149333	harbor1	chr9	114034457	114034686	SINE/MIR	802	-	114	114034571	85238
chr9	113949333	114149333	harbor1	chr9	114038694	114038872	SINE/MIR	554	-	89	114038783	89450
chr9	113949333	114149333	harbor1	chr9	114038874	114039121	SINE/MIR	874	-	124	114038998	89665
chr9	13706365	13906365	harbor1	chr9	13707055	13707239	SINE/MIR	596	-	92	13707147	782
chr9	13706365	13906365	harbor1	chr9	13779625	13779847	SINE/MIR	560	-	111	13779736	73371
chr9	4663234	4863234	harbor1	chr9	4667654	4667838	SINE/MIR	522	-	92	4667746	4512
chr9	4663234	4863234	harbor1	chr9	4693761	4693989	SINE/MIR	775	-	114	4693875	30641
chr9	4663234	4863234	harbor1	chr9	4700666	4700829	SINE/MIR	636	-	82	4700748	37514
chr9	4663234	4863234	harbor1	chr9	4704121	4704352	SINE/MIR	491	-	116	4704237	41003
chr9	4663234	4863234	harbor1	chr9	4716352	4716547	SINE/MIR	506	-	98	4716450	53216
chr9	4663234	4863234	harbor1	chr9	4717010	4717224	SINE/MIR	597	-	107	4717117	53883
chr9	3402772	3602772	harbor1	chr9	3420422	3420645	SINE/MIR	597	-	112	3420534	17762
chr9	3402772	3602772	harbor1	chr9	3471210	3471457	SINE/MIR	699	-	124	3471334	68562
chr9	3402772	3602772	harbor1	chr9	3481047	3481238	SINE/MIR	528	-	96	3481143	78371
chr9	134035491	134235491	harbor1	chr9	134071690	134071844	SINE/MIR	546	-	77	134071767	36276
chr9	4692834	4892834	harbor1	chr9	4693761	4693989	SINE/MIR	775	-	114	4693875	1041
chr9	4692834	4892834	harbor1	chr9	4700666	4700829	SINE/MIR	636	-	82	4700748	7914
chr9	4692834	4892834	harbor1	chr9	4704121	4704352	SINE/MIR	491	-	116	4704237	11403
chr9	4692834	4892834	harbor1	chr9	4716352	4716547	SINE/MIR	506	-	98	4716450	23616
chr9	4692834	4892834	harbor1	chr9	4717010	4717224	SINE/MIR	597	-	107	4717117	24283
chr9	4579693	4779693	harbor1	chr9	4580986	4581206	SINE/MIR	630	-	110	4581096	1403
chr9	4579693	4779693	harbor1	chr9	4592379	4592550	SINE/MIR	565	-	86	4592465	12772
chr9	4579693	4779693	harbor1	chr9	4592965	4593126	SINE/MIR	612	-	80	4593045	13352
chr9	4579693	4779693	harbor1	chr9	4596958	4597170	SINE/MIR	835	-	106	4597064	17371
chr9	4579693	4779693	harbor1	chr9	4629311	4629531	SINE/MIR	622	-	110	4629421	49728
chr9	4579693	4779693	harbor1	chr9	4630763	4630983	SINE/MIR	832	-	110	4630873	51180
chr9	4579693	4779693	harbor1	chr9	4649438	4649633	SINE/MIR	580	-	98	4649536	69843
chr9	4579693	4779693	harbor1	chr9	4667654	4667838	SINE/MIR	522	-	92	4667746	88053
chr9	126299347	126499347	harbor1	chr9	126331614	126331793	SINE/MIR	489	-	90	126331704	32357
chr9	126299347	126499347	harbor1	chr9	126339779	126340044	SINE/MIR	579	-	132	126339911	40564
chr9	126299347	126499347	harbor1	chr9	126371795	126371865	SINE/MIR	571	-	35	126371830	72483
chr9	126299347	126499347	harbor1	chr9	126372609	126372796	SINE/MIR	571	-	94	126372703	73356
chr9	126299347	126499347	harbor1	chr9	126387685	126387953	SINE/MIR	576	-	134	126387819	88472
chr9	126299347	126499347	harbor1	chr9	126390215	126390428	SINE/MIR	887	-	106	126390321	90974
chr9	111561637	111761637	harbor1	chr9	111597561	111597709	SINE/MIR	591	-	74	111597635	35998
chr9	4883815	5083815	harbor1	chr9	4903550	4903770	SINE/MIR	774	-	110	4903660	19845
chr9	4883815	5083815	harbor1	chr9	4935456	4935610	SINE/MIR	487	-	77	4935533	51718
chr9	4883815	5083815	harbor1	chr9	4982190	4982371	SINE/MIR	482	-	90	4982280	98465
chr9	109066800	109266800	harbor1	chr9	109086502	109086656	SINE/MIR	688	-	77	109086579	19779
chr9	109066800	109266800	harbor1	chr9	109110226	109110458	SINE/MIR	964	-	116	109110342	43542
chr9	109066800	109266800	harbor1	chr9	109120381	109120605	SINE/MIR	899	-	112	109120493	53693
chr9	109066800	109266800	harbor1	chr9	109139421	109139651	SINE/MIR	593	-	115	109139536	72736
chr9	4692441	4892441	harbor1	chr9	4693761	4693989	SINE/MIR	775	-	114	4693875	1434
chr9	4692441	4892441	harbor1	chr9	4700666	4700829	SINE/MIR	636	-	82	4700748	8307
chr9	4692441	4892441	harbor1	chr9	4704121	4704352	SINE/MIR	491	-	116	4704237	11796
chr9	4692441	4892441	harbor1	chr9	4716352	4716547	SINE/MIR	506	-	98	4716450	24009
chr9	4692441	4892441	harbor1	chr9	4717010	4717224	SINE/MIR	597	-	107	4717117	24676
chr9	404061	604061	harbor1	chr9	443701	443957	SINE/MIR	847	-	128	443829	39768
chr9	404061	604061	harbor1	chr9	457782	458040	SINE/MIR	932	-	129	457911	53850
chr9	404061	604061	harbor1	chr9	486381	486629	SINE/MIR	1064	-	124	486505	82444
chr9	4692933	4892933	harbor1	chr9	4693761	4693989	SINE/MIR	775	-	114	4693875	942
chr9	4692933	4892933	harbor1	chr9	4700666	4700829	SINE/MIR	636	-	82	4700748	7815
chr9	4692933	4892933	harbor1	chr9	4704121	4704352	SINE/MIR	491	-	116	4704237	11304
chr9	4692933	4892933	harbor1	chr9	4716352	4716547	SINE/MIR	506	-	98	4716450	23517
chr9	4692933	4892933	harbor1	chr9	4717010	4717224	SINE/MIR	597	-	107	4717117	24184
chr9	135400878	135600878	harbor1	chr9	135401512	135401738	SINE/MIR	694	-	113	135401625	747
chr9	4885087	5085087	harbor1	chr9	4903550	4903770	SINE/MIR	774	-	110	4903660	18573
chr9	4885087	5085087	harbor1	chr9	4935456	4935610	SINE/MIR	487	-	77	4935533	50446
chr9	4885087	5085087	harbor1	chr9	4982190	4982371	SINE/MIR	482	-	90	4982280	97193
chr9	4884787	5084787	harbor1	chr9	4903550	4903770	SINE/MIR	774	-	110	4903660	18873
chr9	4884787	5084787	harbor1	chr9	4935456	4935610	SINE/MIR	487	-	77	4935533	50746
chr9	4884787	5084787	harbor1	chr9	4982190	4982371	SINE/MIR	482	-	90	4982280	97493
chr9	134045916	134245916	harbor1	chr9	134071690	134071844	SINE/MIR	546	-	77	134071767	25851
chr9	4884870	5084870	harbor1	chr9	4903550	4903770	SINE/MIR	774	-	110	4903660	18790
chr9	4884870	5084870	harbor1	chr9	4935456	4935610	SINE/MIR	487	-	77	4935533	50663
chr9	4884870	5084870	harbor1	chr9	4982190	4982371	SINE/MIR	482	-	90	4982280	97410
chr9	4692425	4892425	harbor1	chr9	4693761	4693989	SINE/MIR	775	-	114	4693875	1450
chr9	4692425	4892425	harbor1	chr9	4700666	4700829	SINE/MIR	636	-	82	4700748	8323
chr9	4692425	4892425	harbor1	chr9	4704121	4704352	SINE/MIR	491	-	116	4704237	11812
chr9	4692425	4892425	harbor1	chr9	4716352	4716547	SINE/MIR	506	-	98	4716450	24025
chr9	4692425	4892425	harbor1	chr9	4717010	4717224	SINE/MIR	597	-	107	4717117	24692
chr9	4884906	5084906	harbor1	chr9	4903550	4903770	SINE/MIR	774	-	110	4903660	18754
chr9	4884906	5084906	harbor1	chr9	4935456	4935610	SINE/MIR	487	-	77	4935533	50627
chr9	4884906	5084906	harbor1	chr9	4982190	4982371	SINE/MIR	482	-	90	4982280	97374
chr9	134029647	134229647	harbor1	chr9	134071690	134071844	SINE/MIR	546	-	77	134071767	42120
chr9	4698187	4898187	harbor1	chr9	4700666	4700829	SINE/MIR	636	-	82	4700748	2561
chr9	4698187	4898187	harbor1	chr9	4704121	4704352	SINE/MIR	491	-	116	4704237	6050
chr9	4698187	4898187	harbor1	chr9	4716352	4716547	SINE/MIR	506	-	98	4716450	18263
chr9	4698187	4898187	harbor1	chr9	4717010	4717224	SINE/MIR	597	-	107	4717117	18930
chr9	108349474	108549474	harbor1	chr9	108380570	108380744	SINE/MIR	521	-	87	108380657	31183
chr9	108349474	108549474	harbor1	chr9	108407934	108408182	SINE/MIR	646	-	124	108408058	58584
chr9	108349474	108549474	harbor1	chr9	108413165	108413421	SINE/MIR	842	-	128	108413293	63819
chr9	108349474	108549474	harbor1	chr9	108413480	108413727	SINE/MIR	834	-	124	108413604	64130
chr9	108349474	108549474	harbor1	chr9	108438620	108438810	SINE/MIR	785	-	95	108438715	89241
chr9	108349474	108549474	harbor1	chr9	108439280	108439333	SINE/MIR	785	-	26	108439306	89832
chr9	4215856	4415856	harbor1	chr9	4224973	4225225	SINE/MIR	567	-	126	4225099	9243
chr9	4215856	4415856	harbor1	chr9	4265297	4265506	SINE/MIR	574	-	104	4265401	49545
chr9	4215856	4415856	harbor1	chr9	4312840	4313063	SINE/MIR	532	-	112	4312952	97096
chr9	4694447	4894447	harbor1	chr9	4700666	4700829	SINE/MIR	636	-	82	4700748	6301
chr9	4694447	4894447	harbor1	chr9	4704121	4704352	SINE/MIR	491	-	116	4704237	9790
chr9	4694447	4894447	harbor1	chr9	4716352	4716547	SINE/MIR	506	-	98	4716450	22003
chr9	4694447	4894447	harbor1	chr9	4717010	4717224	SINE/MIR	597	-	107	4717117	22670
chr10	48449566	48649566	harbor1	chr10	48473569	48473768	SINE/MIR	707	-	100	48473669	24103
chr10	48449566	48649566	harbor1	chr10	48480629	48480900	SINE/MIR	717	-	136	48480765	31199
chr10	48449566	48649566	harbor1	chr10	48489192	48489407	SINE/MIR	558	-	108	48489300	39734
chr10	48449566	48649566	harbor1	chr10	48495268	48495450	SINE/MIR	657	-	91	48495359	45793
chr10	48449566	48649566	harbor1	chr10	48496354	48496580	SINE/MIR	749	-	113	48496467	46901
chr10	48449566	48649566	harbor1	chr10	48526989	48527170	SINE/MIR	579	-	90	48527079	77513
chr10	48449566	48649566	harbor1	chr10	48531548	48531801	SINE/MIR	625	-	126	48531674	82108
chr10	48449566	48649566	harbor1	chr10	48534603	48534816	SINE/MIR	762	-	106	48534709	85143
chr10	102136358	102336358	harbor1	chr10	102180078	102180258	SINE/MIR	735	-	90	102180168	43810
chr10	102136358	102336358	harbor1	chr10	102222145	102222172	SINE/MIR	700	-	14	102222159	85801
chr10	102136358	102336358	harbor1	chr10	102222307	102222495	SINE/MIR	700	-	94	102222401	86043
chr10	102136358	102336358	harbor1	chr10	102224317	102224540	SINE/MIR	512	-	112	102224429	88071
chr10	102136358	102336358	harbor1	chr10	102227393	102227543	SINE/MIR	572	-	75	102227468	91110
chr10	102033038	102233038	harbor1	chr10	102046115	102046243	SINE/MIR	524	-	64	102046179	13141
chr10	102033038	102233038	harbor1	chr10	102068145	102068342	SINE/MIR	529	-	98	102068243	35205
chr10	102033038	102233038	harbor1	chr10	102090716	102090960	SINE/MIR	726	-	122	102090838	57800
chr10	102033038	102233038	harbor1	chr10	102112171	102112409	SINE/MIR	695	-	119	102112290	79252
chr10	14778680	14978680	harbor1	chr10	14807837	14808066	SINE/MIR	520	-	114	14807951	29271
chr10	14778680	14978680	harbor1	chr10	14826667	14826883	SINE/MIR	597	-	108	14826775	48095
chr10	14778680	14978680	harbor1	chr10	14840783	14841008	SINE/MIR	600	-	112	14840895	62215
chr10	14778680	14978680	harbor1	chr10	14856199	14856453	SINE/MIR	806	-	127	14856326	77646
chr10	14778680	14978680	harbor1	chr10	14858739	14858935	SINE/MIR	660	-	98	14858837	80157
chr10	122404718	122604718	harbor1	chr10	122469579	122469806	SINE/MIR	565	-	114	122469693	64975
chr10	122404718	122604718	harbor1	chr10	122474162	122474284	SINE/MIR	514	-	61	122474223	69505
chr10	122404718	122604718	harbor1	chr10	122480038	122480186	SINE/MIR	468	-	74	122480112	75394
chr10	122404718	122604718	harbor1	chr10	122484604	122484828	SINE/MIR	594	-	112	122484716	79998
chr10	14778677	14978677	harbor1	chr10	14807837	14808066	SINE/MIR	520	-	114	14807951	29274
chr10	14778677	14978677	harbor1	chr10	14826667	14826883	SINE/MIR	597	-	108	14826775	48098
chr10	14778677	14978677	harbor1	chr10	14840783	14841008	SINE/MIR	600	-	112	14840895	62218
chr10	14778677	14978677	harbor1	chr10	14856199	14856453	SINE/MIR	806	-	127	14856326	77649
chr10	14778677	14978677	harbor1	chr10	14858739	14858935	SINE/MIR	660	-	98	14858837	80160
chr10	75309886	75509886	harbor1	chr10	75349513	75349658	SINE/MIR	577	-	72	75349585	39699
chr10	75309886	75509886	harbor1	chr10	75357649	75357772	SINE/MIR	566	-	62	75357711	47825
chr10	75309886	75509886	harbor1	chr10	75380213	75380434	SINE/MIR	623	-	110	75380323	70437
chr10	75309886	75509886	harbor1	chr10	75392819	75393043	SINE/MIR	595	-	112	75392931	83045
chr10	103547893	103747893	harbor1	chr10	103563669	103563865	SINE/MIR	472	-	98	103563767	15874
chr10	103547893	103747893	harbor1	chr10	103577367	103577547	SINE/MIR	600	-	90	103577457	29564
chr10	103547893	103747893	harbor1	chr10	103581074	103581323	SINE/MIR	505	-	124	103581198	33305
chr10	103547893	103747893	harbor1	chr10	103610740	103610938	SINE/MIR	662	-	99	103610839	62946
chr10	103547893	103747893	harbor1	chr10	103623938	103624167	SINE/MIR	479	-	114	103624052	76159
chr10	103547893	103747893	harbor1	chr10	103563203	103563455	SINE/MIR	877	-	126	103563329	15436
chr10	14778676	14978676	harbor1	chr10	14807837	14808066	SINE/MIR	520	-	114	14807951	29275
chr10	14778676	14978676	harbor1	chr10	14826667	14826883	SINE/MIR	597	-	108	14826775	48099
chr10	14778676	14978676	harbor1	chr10	14840783	14841008	SINE/MIR	600	-	112	14840895	62219
chr10	14778676	14978676	harbor1	chr10	14856199	14856453	SINE/MIR	806	-	127	14856326	77650
chr10	14778676	14978676	harbor1	chr10	14858739	14858935	SINE/MIR	660	-	98	14858837	80161
chr10	97721885	97921885	harbor1	chr10	97748983	97749209	SINE/MIR	572	-	113	97749096	27211
chr10	97721885	97921885	harbor1	chr10	97762555	97762748	SINE/MIR	707	-	96	97762651	40766
chr10	97721885	97921885	harbor1	chr10	97772678	97772893	SINE/MIR	746	-	108	97772786	50901
chr10	97721885	97921885	harbor1	chr10	97780000	97780205	SINE/MIR	846	-	102	97780102	58217
chr10	97721885	97921885	harbor1	chr10	97782838	97782989	SINE/MIR	478	-	76	97782914	61029
chr10	97721885	97921885	harbor1	chr10	97784036	97784232	SINE/MIR	664	-	98	97784134	62249
chr10	97721885	97921885	harbor1	chr10	97801992	97802207	SINE/MIR	500	-	108	97802100	80215
chr10	97721885	97921885	harbor1	chr10	97809222	97809422	SINE/MIR	706	-	100	97809322	87437
chr10	97721885	97921885	harbor1	chr10	97809415	97809534	SINE/MIR	553	-	60	97809475	87590
chr10	97721885	97921885	harbor1	chr10	97809834	97809868	SINE/MIR	553	-	17	97809851	87966
chr10	14771563	14971563	harbor1	chr10	14776895	14777124	SINE/MIR	658	-	114	14777009	5446
chr10	14771563	14971563	harbor1	chr10	14807837	14808066	SINE/MIR	520	-	114	14807951	36388
chr10	14771563	14971563	harbor1	chr10	14826667	14826883	SINE/MIR	597	-	108	14826775	55212
chr10	14771563	14971563	harbor1	chr10	14840783	14841008	SINE/MIR	600	-	112	14840895	69332
chr10	14771563	14971563	harbor1	chr10	14856199	14856453	SINE/MIR	806	-	127	14856326	84763
chr10	14771563	14971563	harbor1	chr10	14858739	14858935	SINE/MIR	660	-	98	14858837	87274
chr10	97398841	97598841	harbor1	chr10	97446519	97446673	SINE/MIR	467	-	77	97446596	47755
chr10	97398841	97598841	harbor1	chr10	97452600	97452814	SINE/MIR	586	-	107	97452707	53866
chr10	97398841	97598841	harbor1	chr10	97463076	97463163	SINE/MIR	673	-	44	97463120	64279
chr10	97398841	97598841	harbor1	chr10	97463454	97463589	SINE/MIR	673	-	68	97463522	64681
chr10	97398841	97598841	harbor1	chr10	97464192	97464422	SINE/MIR	556	-	115	97464307	65466
chr10	95979828	96179828	harbor1	chr10	95987673	95987899	SINE/MIR	776	-	113	95987786	7958
chr10	95979828	96179828	harbor1	chr10	96024369	96024525	SINE/MIR	589	-	78	96024447	44619
chr10	22336855	22536855	harbor1	chr10	22358844	22359069	SINE/MIR	667	-	112	22358956	22101
chr10	22336855	22536855	harbor1	chr10	22370278	22370512	SINE/MIR	528	-	117	22370395	33540
chr10	14755514	14955514	harbor1	chr10	14776895	14777124	SINE/MIR	658	-	114	14777009	21495
chr10	14755514	14955514	harbor1	chr10	14807837	14808066	SINE/MIR	520	-	114	14807951	52437
chr10	14755514	14955514	harbor1	chr10	14826667	14826883	SINE/MIR	597	-	108	14826775	71261
chr10	14755514	14955514	harbor1	chr10	14840783	14841008	SINE/MIR	600	-	112	14840895	85381
chr10	132642062	132842062	harbor1	chr10	132671691	132671898	SINE/MIR	634	-	104	132671795	29733
chr10	97398923	97598923	harbor1	chr10	97446519	97446673	SINE/MIR	467	-	77	97446596	47673
chr10	97398923	97598923	harbor1	chr10	97452600	97452814	SINE/MIR	586	-	107	97452707	53784
chr10	97398923	97598923	harbor1	chr10	97463076	97463163	SINE/MIR	673	-	44	97463120	64197
chr10	97398923	97598923	harbor1	chr10	97463454	97463589	SINE/MIR	673	-	68	97463522	64599
chr10	97398923	97598923	harbor1	chr10	97464192	97464422	SINE/MIR	556	-	115	97464307	65384
chr10	97672098	97872098	harbor1	chr10	97680080	97680254	SINE/MIR	673	-	87	97680167	8069
chr10	97672098	97872098	harbor1	chr10	97680287	97680480	SINE/MIR	493	-	96	97680383	8285
chr10	97672098	97872098	harbor1	chr10	97686382	97686578	SINE/MIR	530	-	98	97686480	14382
chr10	97672098	97872098	harbor1	chr10	97711004	97711147	SINE/MIR	532	-	72	97711076	38978
chr10	97672098	97872098	harbor1	chr10	97716670	97716901	SINE/MIR	817	-	116	97716786	44688
chr10	97672098	97872098	harbor1	chr10	97748983	97749209	SINE/MIR	572	-	113	97749096	76998
chr10	97672098	97872098	harbor1	chr10	97762555	97762748	SINE/MIR	707	-	96	97762651	90553
chr10	100885458	101085458	harbor1	chr10	100902233	100902284	SINE/MIR	834	-	26	100902259	16801
chr10	100885458	101085458	harbor1	chr10	100902519	100902712	SINE/MIR	834	-	96	100902615	17157
chr10	100885458	101085458	harbor1	chr10	100907270	100907438	SINE/MIR	647	-	84	100907354	21896
chr10	100885458	101085458	harbor1	chr10	100981568	100981775	SINE/MIR	656	-	104	100981672	96214
chr10	100885458	101085458	harbor1	chr10	100982092	100982153	SINE/MIR	656	-	30	100982122	96664
chr10	100885458	101085458	harbor1	chr10	100941703	100941881	SINE/MIR	704	-	89	100941792	56334
chr10	97398845	97598845	harbor1	chr10	97446519	97446673	SINE/MIR	467	-	77	97446596	47751
chr10	97398845	97598845	harbor1	chr10	97452600	97452814	SINE/MIR	586	-	107	97452707	53862
chr10	97398845	97598845	harbor1	chr10	97463076	97463163	SINE/MIR	673	-	44	97463120	64275
chr10	97398845	97598845	harbor1	chr10	97463454	97463589	SINE/MIR	673	-	68	97463522	64677
chr10	97398845	97598845	harbor1	chr10	97464192	97464422	SINE/MIR	556	-	115	97464307	65462
chr10	122401188	122601188	harbor1	chr10	122469579	122469806	SINE/MIR	565	-	114	122469693	68505
chr10	122401188	122601188	harbor1	chr10	122474162	122474284	SINE/MIR	514	-	61	122474223	73035
chr10	122401188	122601188	harbor1	chr10	122480038	122480186	SINE/MIR	468	-	74	122480112	78924
chr10	122401188	122601188	harbor1	chr10	122484604	122484828	SINE/MIR	594	-	112	122484716	83528
chr10	97672148	97872148	harbor1	chr10	97680080	97680254	SINE/MIR	673	-	87	97680167	8019
chr10	97672148	97872148	harbor1	chr10	97680287	97680480	SINE/MIR	493	-	96	97680383	8235
chr10	97672148	97872148	harbor1	chr10	97686382	97686578	SINE/MIR	530	-	98	97686480	14332
chr10	97672148	97872148	harbor1	chr10	97711004	97711147	SINE/MIR	532	-	72	97711076	38928
chr10	97672148	97872148	harbor1	chr10	97716670	97716901	SINE/MIR	817	-	116	97716786	44638
chr10	97672148	97872148	harbor1	chr10	97748983	97749209	SINE/MIR	572	-	113	97749096	76948
chr10	97672148	97872148	harbor1	chr10	97762555	97762748	SINE/MIR	707	-	96	97762651	90503
chr10	23339297	23539297	harbor1	chr10	23343538	23343735	SINE/MIR	523	-	98	23343636	4339
chr10	23339297	23539297	harbor1	chr10	23350260	23350398	SINE/MIR	493	-	69	23350329	11032
chr10	23339297	23539297	harbor1	chr10	23367481	23367719	SINE/MIR	631	-	119	23367600	28303
chr10	122404812	122604812	harbor1	chr10	122469579	122469806	SINE/MIR	565	-	114	122469693	64881
chr10	122404812	122604812	harbor1	chr10	122474162	122474284	SINE/MIR	514	-	61	122474223	69411
chr10	122404812	122604812	harbor1	chr10	122480038	122480186	SINE/MIR	468	-	74	122480112	75300
chr10	122404812	122604812	harbor1	chr10	122484604	122484828	SINE/MIR	594	-	112	122484716	79904
chr10	15216571	15416571	harbor1	chr10	15236357	15236558	SINE/MIR	611	-	100	15236457	19886
chr10	15216571	15416571	harbor1	chr10	15245553	15245736	SINE/MIR	682	-	92	15245645	29074
chr10	15216571	15416571	harbor1	chr10	15248889	15249086	SINE/MIR	585	-	98	15248987	32416
chr10	15216571	15416571	harbor1	chr10	15259531	15259743	SINE/MIR	575	-	106	15259637	43066
chr10	15216571	15416571	harbor1	chr10	15277105	15277229	SINE/MIR	671	-	62	15277167	60596
chr10	15216571	15416571	harbor1	chr10	15277523	15277661	SINE/MIR	671	-	69	15277592	61021
chr10	15216571	15416571	harbor1	chr10	15311937	15312129	SINE/MIR	519	-	96	15312033	95462
chr10	102033035	102233035	harbor1	chr10	102046115	102046243	SINE/MIR	524	-	64	102046179	13144
chr10	102033035	102233035	harbor1	chr10	102068145	102068342	SINE/MIR	529	-	98	102068243	35208
chr10	102033035	102233035	harbor1	chr10	102090716	102090960	SINE/MIR	726	-	122	102090838	57803
chr10	102033035	102233035	harbor1	chr10	102112171	102112409	SINE/MIR	695	-	119	102112290	79255
chr10	102141189	102341189	harbor1	chr10	102180078	102180258	SINE/MIR	735	-	90	102180168	38979
chr10	102141189	102341189	harbor1	chr10	102222145	102222172	SINE/MIR	700	-	14	102222159	80970
chr10	102141189	102341189	harbor1	chr10	102222307	102222495	SINE/MIR	700	-	94	102222401	81212
chr10	102141189	102341189	harbor1	chr10	102224317	102224540	SINE/MIR	512	-	112	102224429	83240
chr10	102141189	102341189	harbor1	chr10	102227393	102227543	SINE/MIR	572	-	75	102227468	86279
chr10	101115534	101315534	harbor1	chr10	101142561	101142702	SINE/MIR	633	-	70	101142631	27097
chr10	101115534	101315534	harbor1	chr10	101142925	101143007	SINE/MIR	633	-	41	101142966	27432
chr10	101115534	101315534	harbor1	chr10	101191428	101191630	SINE/MIR	797	-	101	101191529	75995
chr10	101115534	101315534	harbor1	chr10	101191927	101191953	SINE/MIR	797	-	13	101191940	76406
chr10	101115534	101315534	harbor1	chr10	101209406	101209551	SINE/MIR	576	-	72	101209478	93944
chr10	101115534	101315534	harbor1	chr10	101211319	101211527	SINE/MIR	590	-	104	101211423	95889
chr10	92431311	92631311	harbor1	chr10	92469769	92469971	SINE/MIR	695	-	101	92469870	38559
chr10	92431311	92631311	harbor1	chr10	92471386	92471549	SINE/MIR	561	-	82	92471468	40157
chr10	92431311	92631311	harbor1	chr10	92512870	92513115	SINE/MIR	748	-	122	92512992	81681
chr10	75111011	75311011	harbor1	chr10	75121093	75121313	SINE/MIR	804	-	110	75121203	10192
chr10	72255083	72455083	harbor1	chr10	72287925	72288100	SINE/MIR	755	-	88	72288013	32930
chr10	72255083	72455083	harbor1	chr10	72321905	72322092	SINE/MIR	469	-	94	72321999	66916
chr10	72255083	72455083	harbor1	chr10	72330189	72330330	SINE/MIR	772	-	70	72330259	75176
chr10	72255083	72455083	harbor1	chr10	72337536	72337764	SINE/MIR	673	-	114	72337650	82567
chr10	72255083	72455083	harbor1	chr10	72341772	72341918	SINE/MIR	474	-	73	72341845	86762
chr10	72255083	72455083	harbor1	chr10	72348776	72349028	SINE/MIR	541	-	126	72348902	93819
chr10	101965759	102165759	harbor1	chr10	102046115	102046243	SINE/MIR	524	-	64	102046179	80420
chr10	14701889	14901889	harbor1	chr10	14733650	14733841	SINE/MIR	671	-	96	14733746	31857
chr10	14701889	14901889	harbor1	chr10	14776895	14777124	SINE/MIR	658	-	114	14777009	75120
chr10	112347249	112547249	harbor1	chr10	112347762	112347940	SINE/MIR	541	-	89	112347851	602
chr10	112347249	112547249	harbor1	chr10	112353299	112353533	SINE/MIR	882	-	117	112353416	6167
chr10	112347249	112547249	harbor1	chr10	112354348	112354551	SINE/MIR	592	-	102	112354450	7201
chr10	112347249	112547249	harbor1	chr10	112385131	112385338	SINE/MIR	661	-	104	112385235	37986
chr10	112347249	112547249	harbor1	chr10	112413889	112414081	SINE/MIR	560	-	96	112413985	66736
chr10	22337048	22537048	harbor1	chr10	22358844	22359069	SINE/MIR	667	-	112	22358956	21908
chr10	22337048	22537048	harbor1	chr10	22370278	22370512	SINE/MIR	528	-	117	22370395	33347
chr10	122856480	123056480	harbor1	chr10	122863212	122863460	SINE/MIR	676	-	124	122863336	6856
chr10	122856480	123056480	harbor1	chr10	122938200	122938419	SINE/MIR	662	-	110	122938310	81830
chr10	122856480	123056480	harbor1	chr10	122947285	122947533	SINE/MIR	511	-	124	122947409	90929
chr10	69472321	69672321	harbor1	chr10	69482592	69482800	SINE/MIR	478	-	104	69482696	10375
chr10	69472321	69672321	harbor1	chr10	69496955	69497182	SINE/MIR	603	-	114	69497069	24748
chr10	69472321	69672321	harbor1	chr10	69498621	69498844	SINE/MIR	831	-	112	69498733	26412
chr10	69472321	69672321	harbor1	chr10	69506409	69506560	SINE/MIR	505	-	76	69506485	34164
chr10	69472321	69672321	harbor1	chr10	69508678	69508853	SINE/MIR	743	-	88	69508766	36445
chr10	69472321	69672321	harbor1	chr10	69516145	69516338	SINE/MIR	660	-	96	69516241	43920
chr10	69472321	69672321	harbor1	chr10	69558103	69558331	SINE/MIR	549	-	114	69558217	85896
chr10	69472321	69672321	harbor1	chr10	69561877	69562118	SINE/MIR	693	-	120	69561997	89676
chr10	97398878	97598878	harbor1	chr10	97446519	97446673	SINE/MIR	467	-	77	97446596	47718
chr10	97398878	97598878	harbor1	chr10	97452600	97452814	SINE/MIR	586	-	107	97452707	53829
chr10	97398878	97598878	harbor1	chr10	97463076	97463163	SINE/MIR	673	-	44	97463120	64242
chr10	97398878	97598878	harbor1	chr10	97463454	97463589	SINE/MIR	673	-	68	97463522	64644
chr10	97398878	97598878	harbor1	chr10	97464192	97464422	SINE/MIR	556	-	115	97464307	65429
chr10	122063803	122263803	harbor1	chr10	122095480	122095669	SINE/MIR	518	-	94	122095574	31771
chr10	122063803	122263803	harbor1	chr10	122118900	122118969	SINE/MIR	689	-	34	122118934	55131
chr10	122063803	122263803	harbor1	chr10	122119184	122119382	SINE/MIR	689	-	99	122119283	55480
chr10	122063803	122263803	harbor1	chr10	122134975	122135208	SINE/MIR	591	-	116	122135091	71288
chr10	122063803	122263803	harbor1	chr10	122152921	122152987	SINE/MIR	563	-	33	122152954	89151
chr10	122063803	122263803	harbor1	chr10	122153290	122153442	SINE/MIR	563	-	76	122153366	89563
chr10	122063803	122263803	harbor1	chr10	122153641	122153828	SINE/MIR	572	-	94	122153735	89932
chr10	100678605	100878605	harbor1	chr10	100678602	100678782	SINE/MIR	707	-	90	100678692	87
chr10	100678605	100878605	harbor1	chr10	100682050	100682221	SINE/MIR	570	-	86	100682136	3531
chr10	100678605	100878605	harbor1	chr10	100682522	100682574	SINE/MIR	570	-	26	100682548	3943
chr10	100678605	100878605	harbor1	chr10	100691732	100691958	SINE/MIR	665	-	113	100691845	13240
chr10	100678605	100878605	harbor1	chr10	100694164	100694400	SINE/MIR	776	-	118	100694282	15677
chr10	100678605	100878605	harbor1	chr10	100704225	100704444	SINE/MIR	517	-	110	100704335	25730
chr10	100678605	100878605	harbor1	chr10	100727432	100727579	SINE/MIR	475	-	74	100727506	48901
chr10	100678605	100878605	harbor1	chr10	100765954	100766184	SINE/MIR	802	-	115	100766069	87464
chr10	100678605	100878605	harbor1	chr10	100774631	100774872	SINE/MIR	518	-	120	100774751	96146
chr10	100678605	100878605	harbor1	chr10	100778066	100778241	SINE/MIR	546	-	88	100778154	99549
chr10	97398451	97598451	harbor1	chr10	97446519	97446673	SINE/MIR	467	-	77	97446596	48145
chr10	97398451	97598451	harbor1	chr10	97452600	97452814	SINE/MIR	586	-	107	97452707	54256
chr10	97398451	97598451	harbor1	chr10	97463076	97463163	SINE/MIR	673	-	44	97463120	64669
chr10	97398451	97598451	harbor1	chr10	97463454	97463589	SINE/MIR	673	-	68	97463522	65071
chr10	97398451	97598451	harbor1	chr10	97464192	97464422	SINE/MIR	556	-	115	97464307	65856
chr10	23099346	23299346	harbor1	chr10	23114409	23114593	SINE/MIR	538	-	92	23114501	15155
chr10	23099346	23299346	harbor1	chr10	23114656	23114882	SINE/MIR	504	-	113	23114769	15423
chr10	23099346	23299346	harbor1	chr10	23118636	23118833	SINE/MIR	569	-	98	23118734	19388
chr10	23099346	23299346	harbor1	chr10	23144818	23144999	SINE/MIR	603	-	90	23144908	45562
chr10	23099346	23299346	harbor1	chr10	23145301	23145355	SINE/MIR	603	-	27	23145328	45982
chr10	23099346	23299346	harbor1	chr10	23160203	23160457	SINE/MIR	481	-	127	23160330	60984
chr10	23099346	23299346	harbor1	chr10	23184177	23184322	SINE/MIR	500	-	72	23184249	84903
chr10	7951418	8151418	harbor1	chr10	7966983	7967158	SINE/MIR	513	-	88	7967071	15653
chr10	7951418	8151418	harbor1	chr10	7968578	7968807	SINE/MIR	807	-	114	7968692	17274
chr10	14778721	14978721	harbor1	chr10	14807837	14808066	SINE/MIR	520	-	114	14807951	29230
chr10	14778721	14978721	harbor1	chr10	14826667	14826883	SINE/MIR	597	-	108	14826775	48054
chr10	14778721	14978721	harbor1	chr10	14840783	14841008	SINE/MIR	600	-	112	14840895	62174
chr10	14778721	14978721	harbor1	chr10	14856199	14856453	SINE/MIR	806	-	127	14856326	77605
chr10	14778721	14978721	harbor1	chr10	14858739	14858935	SINE/MIR	660	-	98	14858837	80116
chr10	75111017	75311017	harbor1	chr10	75121093	75121313	SINE/MIR	804	-	110	75121203	10186
chr10	4382921	4582921	harbor1	chr10	4431133	4431394	SINE/MIR	620	-	130	4431263	48342
chr10	4382921	4582921	harbor1	chr10	4469202	4469453	SINE/MIR	675	-	126	4469328	86407
chr10	97398476	97598476	harbor1	chr10	97446519	97446673	SINE/MIR	467	-	77	97446596	48120
chr10	97398476	97598476	harbor1	chr10	97452600	97452814	SINE/MIR	586	-	107	97452707	54231
chr10	97398476	97598476	harbor1	chr10	97463076	97463163	SINE/MIR	673	-	44	97463120	64644
chr10	97398476	97598476	harbor1	chr10	97463454	97463589	SINE/MIR	673	-	68	97463522	65046
chr10	97398476	97598476	harbor1	chr10	97464192	97464422	SINE/MIR	556	-	115	97464307	65831
chr10	23339295	23539295	harbor1	chr10	23343538	23343735	SINE/MIR	523	-	98	23343636	4341
chr10	23339295	23539295	harbor1	chr10	23350260	23350398	SINE/MIR	493	-	69	23350329	11034
chr10	23339295	23539295	harbor1	chr10	23367481	23367719	SINE/MIR	631	-	119	23367600	28305
chr10	100906939	101106939	harbor1	chr10	100907270	100907438	SINE/MIR	647	-	84	100907354	415
chr10	100906939	101106939	harbor1	chr10	100981568	100981775	SINE/MIR	656	-	104	100981672	74733
chr10	100906939	101106939	harbor1	chr10	100982092	100982153	SINE/MIR	656	-	30	100982122	75183
chr10	100906939	101106939	harbor1	chr10	101005937	101006123	SINE/MIR	664	-	93	101006030	99091
chr10	100906939	101106939	harbor1	chr10	100941703	100941881	SINE/MIR	704	-	89	100941792	34853
chr10	14778699	14978699	harbor1	chr10	14807837	14808066	SINE/MIR	520	-	114	14807951	29252
chr10	14778699	14978699	harbor1	chr10	14826667	14826883	SINE/MIR	597	-	108	14826775	48076
chr10	14778699	14978699	harbor1	chr10	14840783	14841008	SINE/MIR	600	-	112	14840895	62196
chr10	14778699	14978699	harbor1	chr10	14856199	14856453	SINE/MIR	806	-	127	14856326	77627
chr10	14778699	14978699	harbor1	chr10	14858739	14858935	SINE/MIR	660	-	98	14858837	80138
chr10	114073688	114273688	harbor1	chr10	114097537	114097665	SINE/MIR	567	-	64	114097601	23913
chr10	114073688	114273688	harbor1	chr10	114098057	114098103	SINE/MIR	567	-	23	114098080	24392
chr10	114073688	114273688	harbor1	chr10	114104754	114104955	SINE/MIR	602	-	100	114104854	31166
chr10	114073688	114273688	harbor1	chr10	114113656	114113860	SINE/MIR	588	-	102	114113758	40070
chr10	101896567	102096567	harbor1	chr10	101930836	101931076	SINE/MIR	990	-	120	101930956	34389
chr10	101896567	102096567	harbor1	chr10	101936893	101937118	SINE/MIR	680	-	112	101937005	40438
chr10	101896567	102096567	harbor1	chr10	101962526	101962719	SINE/MIR	637	-	96	101962622	66055
chr10	101115425	101315425	harbor1	chr10	101115322	101115489	SINE/MIR	630	-	84	101115406	19
chr10	101115425	101315425	harbor1	chr10	101142561	101142702	SINE/MIR	633	-	70	101142631	27206
chr10	101115425	101315425	harbor1	chr10	101142925	101143007	SINE/MIR	633	-	41	101142966	27541
chr10	101115425	101315425	harbor1	chr10	101191428	101191630	SINE/MIR	797	-	101	101191529	76104
chr10	101115425	101315425	harbor1	chr10	101191927	101191953	SINE/MIR	797	-	13	101191940	76515
chr10	101115425	101315425	harbor1	chr10	101209406	101209551	SINE/MIR	576	-	72	101209478	94053
chr10	101115425	101315425	harbor1	chr10	101211319	101211527	SINE/MIR	590	-	104	101211423	95998
chr10	73811076	74011076	harbor1	chr10	73814652	73814879	SINE/MIR	611	-	114	73814766	3690
chr10	73811076	74011076	harbor1	chr10	73853949	73854117	SINE/MIR	560	-	84	73854033	42957
chr10	73811076	74011076	harbor1	chr10	73856099	73856324	SINE/MIR	673	-	112	73856211	45135
chr10	73811076	74011076	harbor1	chr10	73862475	73862694	SINE/MIR	470	-	110	73862585	51509
chr10	73811076	74011076	harbor1	chr10	73862889	73863027	SINE/MIR	597	-	69	73862958	51882
chr10	73811076	74011076	harbor1	chr10	73879934	73880123	SINE/MIR	527	-	94	73880028	68952
chr10	73811076	74011076	harbor1	chr10	73894052	73894220	SINE/MIR	485	-	84	73894136	83060
chr10	73811076	74011076	harbor1	chr10	73894351	73894573	SINE/MIR	557	-	111	73894462	83386
chr10	100614422	100814422	harbor1	chr10	100621014	100621227	SINE/MIR	788	-	106	100621120	6698
chr10	100614422	100814422	harbor1	chr10	100633525	100633746	SINE/MIR	888	-	110	100633635	19213
chr10	100614422	100814422	harbor1	chr10	100636809	100637017	SINE/MIR	489	-	104	100636913	22491
chr10	100614422	100814422	harbor1	chr10	100643470	100643688	SINE/MIR	738	-	109	100643579	29157
chr10	100614422	100814422	harbor1	chr10	100657515	100657687	SINE/MIR	473	-	86	100657601	43179
chr10	100614422	100814422	harbor1	chr10	100658953	100659104	SINE/MIR	491	-	76	100659029	44607
chr10	100614422	100814422	harbor1	chr10	100673359	100673521	SINE/MIR	621	-	81	100673440	59018
chr10	100614422	100814422	harbor1	chr10	100677890	100677919	SINE/MIR	504	-	14	100677904	63482
chr10	100614422	100814422	harbor1	chr10	100678214	100678387	SINE/MIR	504	-	86	100678300	63878
chr10	100614422	100814422	harbor1	chr10	100678602	100678782	SINE/MIR	707	-	90	100678692	64270
chr10	100614422	100814422	harbor1	chr10	100682050	100682221	SINE/MIR	570	-	86	100682136	67714
chr10	100614422	100814422	harbor1	chr10	100682522	100682574	SINE/MIR	570	-	26	100682548	68126
chr10	100614422	100814422	harbor1	chr10	100691732	100691958	SINE/MIR	665	-	113	100691845	77423
chr10	100614422	100814422	harbor1	chr10	100694164	100694400	SINE/MIR	776	-	118	100694282	79860
chr10	100614422	100814422	harbor1	chr10	100704225	100704444	SINE/MIR	517	-	110	100704335	89913
chr10	97398967	97598967	harbor1	chr10	97446519	97446673	SINE/MIR	467	-	77	97446596	47629
chr10	97398967	97598967	harbor1	chr10	97452600	97452814	SINE/MIR	586	-	107	97452707	53740
chr10	97398967	97598967	harbor1	chr10	97463076	97463163	SINE/MIR	673	-	44	97463120	64153
chr10	97398967	97598967	harbor1	chr10	97463454	97463589	SINE/MIR	673	-	68	97463522	64555
chr10	97398967	97598967	harbor1	chr10	97464192	97464422	SINE/MIR	556	-	115	97464307	65340
chr10	69458778	69658778	harbor1	chr10	69482592	69482800	SINE/MIR	478	-	104	69482696	23918
chr10	69458778	69658778	harbor1	chr10	69496955	69497182	SINE/MIR	603	-	114	69497069	38291
chr10	69458778	69658778	harbor1	chr10	69498621	69498844	SINE/MIR	831	-	112	69498733	39955
chr10	69458778	69658778	harbor1	chr10	69506409	69506560	SINE/MIR	505	-	76	69506485	47707
chr10	69458778	69658778	harbor1	chr10	69508678	69508853	SINE/MIR	743	-	88	69508766	49988
chr10	69458778	69658778	harbor1	chr10	69516145	69516338	SINE/MIR	660	-	96	69516241	57463
chr10	69458778	69658778	harbor1	chr10	69558103	69558331	SINE/MIR	549	-	114	69558217	99439
chr10	102140710	102340710	harbor1	chr10	102180078	102180258	SINE/MIR	735	-	90	102180168	39458
chr10	102140710	102340710	harbor1	chr10	102222145	102222172	SINE/MIR	700	-	14	102222159	81449
chr10	102140710	102340710	harbor1	chr10	102222307	102222495	SINE/MIR	700	-	94	102222401	81691
chr10	102140710	102340710	harbor1	chr10	102224317	102224540	SINE/MIR	512	-	112	102224429	83719
chr10	102140710	102340710	harbor1	chr10	102227393	102227543	SINE/MIR	572	-	75	102227468	86758
chr10	7951505	8151505	harbor1	chr10	7966983	7967158	SINE/MIR	513	-	88	7967071	15566
chr10	7951505	8151505	harbor1	chr10	7968578	7968807	SINE/MIR	807	-	114	7968692	17187
chr10	46006324	46206324	harbor1	chr10	46070055	46070259	SINE/MIR	531	-	102	46070157	63833
chr10	46006324	46206324	harbor1	chr10	46077712	46077897	SINE/MIR	540	-	92	46077804	71480
chr10	46006324	46206324	harbor1	chr10	46088363	46088499	SINE/MIR	523	-	68	46088431	82107
chr10	71360848	71560848	harbor1	chr10	71369749	71369898	SINE/MIR	512	-	74	71369823	8975
chr10	71360848	71560848	harbor1	chr10	71372204	71372390	SINE/MIR	551	-	93	71372297	11449
chr10	71360848	71560848	harbor1	chr10	71383308	71383350	SINE/MIR	504	-	21	71383329	22481
chr10	71360848	71560848	harbor1	chr10	71383656	71383811	SINE/MIR	534	-	78	71383734	22886
chr10	71360848	71560848	harbor1	chr10	71389037	71389353	SINE/MIR	500	-	158	71389195	28347
chr10	71360848	71560848	harbor1	chr10	71406919	71407165	SINE/MIR	885	-	123	71407042	46194
chr10	71360848	71560848	harbor1	chr10	71420614	71420814	SINE/MIR	709	-	100	71420714	59866
chr10	71360848	71560848	harbor1	chr10	71444190	71444351	SINE/MIR	608	-	80	71444270	83422
chr10	71360848	71560848	harbor1	chr10	71456698	71456923	SINE/MIR	603	-	112	71456810	95962
chr10	71360848	71560848	harbor1	chr10	71457254	71457495	SINE/MIR	468	-	120	71457374	96526
chr10	71360848	71560848	harbor1	chr10	71459960	71460176	SINE/MIR	721	-	108	71460068	99220
chr10	68160980	68360980	harbor1	chr10	68250433	68250670	SINE/MIR	549	-	118	68250551	89571
chr10	100085650	100285650	harbor1	chr10	100178682	100178828	SINE/MIR	552	-	73	100178755	93105
chr10	100085650	100285650	harbor1	chr10	100178925	100179007	SINE/MIR	552	-	41	100178966	93316
chr10	47239786	47439786	harbor1	chr10	47268076	47268235	SINE/MIR	508	-	80	47268156	28370
chr10	47239786	47439786	harbor1	chr10	47305250	47305431	SINE/MIR	532	-	90	47305340	65554
chr10	7113930	7313930	harbor1	chr10	7210991	7211135	SINE/MIR	531	-	72	7211063	97133
chr10	97398862	97598862	harbor1	chr10	97446519	97446673	SINE/MIR	467	-	77	97446596	47734
chr10	97398862	97598862	harbor1	chr10	97452600	97452814	SINE/MIR	586	-	107	97452707	53845
chr10	97398862	97598862	harbor1	chr10	97463076	97463163	SINE/MIR	673	-	44	97463120	64258
chr10	97398862	97598862	harbor1	chr10	97463454	97463589	SINE/MIR	673	-	68	97463522	64660
chr10	97398862	97598862	harbor1	chr10	97464192	97464422	SINE/MIR	556	-	115	97464307	65445
chr10	48299632	48499632	harbor1	chr10	48316937	48317089	SINE/MIR	587	-	76	48317013	17381
chr10	48299632	48499632	harbor1	chr10	48329029	48329225	SINE/MIR	637	-	98	48329127	29495
chr10	34451528	34651528	harbor1	chr10	34489755	34490022	SINE/MIR	560	-	134	34489889	38361
chr10	78866368	79066368	harbor1	chr10	78872661	78872870	SINE/MIR	717	-	104	78872765	6397
chr10	78866368	79066368	harbor1	chr10	78905555	78905748	SINE/MIR	490	-	96	78905651	39283
chr10	78866368	79066368	harbor1	chr10	78908507	78908698	SINE/MIR	618	-	96	78908603	42235
chr10	78866368	79066368	harbor1	chr10	78914426	78914648	SINE/MIR	874	-	111	78914537	48169
chr10	78866368	79066368	harbor1	chr10	78916010	78916212	SINE/MIR	534	-	101	78916111	49743
chr10	78866368	79066368	harbor1	chr10	78951560	78951776	SINE/MIR	656	-	108	78951668	85300
chr10	78866368	79066368	harbor1	chr10	78964303	78964531	SINE/MIR	835	-	114	78964417	98049
chr10	48449569	48649569	harbor1	chr10	48473569	48473768	SINE/MIR	707	-	100	48473669	24100
chr10	48449569	48649569	harbor1	chr10	48480629	48480900	SINE/MIR	717	-	136	48480765	31196
chr10	48449569	48649569	harbor1	chr10	48489192	48489407	SINE/MIR	558	-	108	48489300	39731
chr10	48449569	48649569	harbor1	chr10	48495268	48495450	SINE/MIR	657	-	91	48495359	45790
chr10	48449569	48649569	harbor1	chr10	48496354	48496580	SINE/MIR	749	-	113	48496467	46898
chr10	48449569	48649569	harbor1	chr10	48526989	48527170	SINE/MIR	579	-	90	48527079	77510
chr10	48449569	48649569	harbor1	chr10	48531548	48531801	SINE/MIR	625	-	126	48531674	82105
chr10	48449569	48649569	harbor1	chr10	48534603	48534816	SINE/MIR	762	-	106	48534709	85140
chr10	102141217	102341217	harbor1	chr10	102180078	102180258	SINE/MIR	735	-	90	102180168	38951
chr10	102141217	102341217	harbor1	chr10	102222145	102222172	SINE/MIR	700	-	14	102222159	80942
chr10	102141217	102341217	harbor1	chr10	102222307	102222495	SINE/MIR	700	-	94	102222401	81184
chr10	102141217	102341217	harbor1	chr10	102224317	102224540	SINE/MIR	512	-	112	102224429	83212
chr10	102141217	102341217	harbor1	chr10	102227393	102227543	SINE/MIR	572	-	75	102227468	86251
chr10	14778012	14978012	harbor1	chr10	14807837	14808066	SINE/MIR	520	-	114	14807951	29939
chr10	14778012	14978012	harbor1	chr10	14826667	14826883	SINE/MIR	597	-	108	14826775	48763
chr10	14778012	14978012	harbor1	chr10	14840783	14841008	SINE/MIR	600	-	112	14840895	62883
chr10	14778012	14978012	harbor1	chr10	14856199	14856453	SINE/MIR	806	-	127	14856326	78314
chr10	14778012	14978012	harbor1	chr10	14858739	14858935	SINE/MIR	660	-	98	14858837	80825
chr10	4452758	4652758	harbor1	chr10	4469202	4469453	SINE/MIR	675	-	126	4469328	16570
chr10	75111058	75311058	harbor1	chr10	75121093	75121313	SINE/MIR	804	-	110	75121203	10145
chr10	47239777	47439777	harbor1	chr10	47268076	47268235	SINE/MIR	508	-	80	47268156	28379
chr10	47239777	47439777	harbor1	chr10	47305250	47305431	SINE/MIR	532	-	90	47305340	65563
chr10	89132447	89332447	harbor1	chr10	89145480	89145690	SINE/MIR	594	-	105	89145585	13138
chr10	89132447	89332447	harbor1	chr10	89152358	89152564	SINE/MIR	590	-	103	89152461	20014
chr10	89132447	89332447	harbor1	chr10	89155164	89155304	SINE/MIR	569	-	70	89155234	22787
chr10	89132447	89332447	harbor1	chr10	89203759	89203924	SINE/MIR	617	-	82	89203841	71394
chr10	89132447	89332447	harbor1	chr10	89227639	89227836	SINE/MIR	605	-	98	89227737	95290
chr10	47239796	47439796	harbor1	chr10	47268076	47268235	SINE/MIR	508	-	80	47268156	28360
chr10	47239796	47439796	harbor1	chr10	47305250	47305431	SINE/MIR	532	-	90	47305340	65544
chr10	22289372	22489372	harbor1	chr10	22294320	22294551	SINE/MIR	862	-	116	22294436	5064
chr10	22289372	22489372	harbor1	chr10	22358844	22359069	SINE/MIR	667	-	112	22358956	69584
chr10	22289372	22489372	harbor1	chr10	22370278	22370512	SINE/MIR	528	-	117	22370395	81023
chr10	102140729	102340729	harbor1	chr10	102180078	102180258	SINE/MIR	735	-	90	102180168	39439
chr10	102140729	102340729	harbor1	chr10	102222145	102222172	SINE/MIR	700	-	14	102222159	81430
chr10	102140729	102340729	harbor1	chr10	102222307	102222495	SINE/MIR	700	-	94	102222401	81672
chr10	102140729	102340729	harbor1	chr10	102224317	102224540	SINE/MIR	512	-	112	102224429	83700
chr10	102140729	102340729	harbor1	chr10	102227393	102227543	SINE/MIR	572	-	75	102227468	86739
chr10	131310814	131510814	harbor1	chr10	131352009	131352037	SINE/MIR	466	-	14	131352023	41209
chr10	131310814	131510814	harbor1	chr10	131352372	131352548	SINE/MIR	466	-	88	131352460	41646
chr10	131310814	131510814	harbor1	chr10	131397341	131397512	SINE/MIR	474	-	86	131397427	86613
chr10	131310814	131510814	harbor1	chr10	131406564	131406802	SINE/MIR	503	-	119	131406683	95869
chr10	14752857	14952857	harbor1	chr10	14776895	14777124	SINE/MIR	658	-	114	14777009	24152
chr10	14752857	14952857	harbor1	chr10	14807837	14808066	SINE/MIR	520	-	114	14807951	55094
chr10	14752857	14952857	harbor1	chr10	14826667	14826883	SINE/MIR	597	-	108	14826775	73918
chr10	14752857	14952857	harbor1	chr10	14840783	14841008	SINE/MIR	600	-	112	14840895	88038
chr10	131310770	131510770	harbor1	chr10	131352009	131352037	SINE/MIR	466	-	14	131352023	41253
chr10	131310770	131510770	harbor1	chr10	131352372	131352548	SINE/MIR	466	-	88	131352460	41690
chr10	131310770	131510770	harbor1	chr10	131397341	131397512	SINE/MIR	474	-	86	131397427	86657
chr10	131310770	131510770	harbor1	chr10	131406564	131406802	SINE/MIR	503	-	119	131406683	95913
chr10	7948849	8148849	harbor1	chr10	7966983	7967158	SINE/MIR	513	-	88	7967071	18222
chr10	7948849	8148849	harbor1	chr10	7968578	7968807	SINE/MIR	807	-	114	7968692	19843
chr10	131310777	131510777	harbor1	chr10	131352009	131352037	SINE/MIR	466	-	14	131352023	41246
chr10	131310777	131510777	harbor1	chr10	131352372	131352548	SINE/MIR	466	-	88	131352460	41683
chr10	131310777	131510777	harbor1	chr10	131397341	131397512	SINE/MIR	474	-	86	131397427	86650
chr10	131310777	131510777	harbor1	chr10	131406564	131406802	SINE/MIR	503	-	119	131406683	95906
chr10	14778778	14978778	harbor1	chr10	14807837	14808066	SINE/MIR	520	-	114	14807951	29173
chr10	14778778	14978778	harbor1	chr10	14826667	14826883	SINE/MIR	597	-	108	14826775	47997
chr10	14778778	14978778	harbor1	chr10	14840783	14841008	SINE/MIR	600	-	112	14840895	62117
chr10	14778778	14978778	harbor1	chr10	14856199	14856453	SINE/MIR	806	-	127	14856326	77548
chr10	14778778	14978778	harbor1	chr10	14858739	14858935	SINE/MIR	660	-	98	14858837	80059
chr10	7149143	7349143	harbor1	chr10	7210991	7211135	SINE/MIR	531	-	72	7211063	61920
chr10	46005969	46205969	harbor1	chr10	46070055	46070259	SINE/MIR	531	-	102	46070157	64188
chr10	46005969	46205969	harbor1	chr10	46077712	46077897	SINE/MIR	540	-	92	46077804	71835
chr10	46005969	46205969	harbor1	chr10	46088363	46088499	SINE/MIR	523	-	68	46088431	82462
chr10	72255102	72455102	harbor1	chr10	72287925	72288100	SINE/MIR	755	-	88	72288013	32911
chr10	72255102	72455102	harbor1	chr10	72321905	72322092	SINE/MIR	469	-	94	72321999	66897
chr10	72255102	72455102	harbor1	chr10	72330189	72330330	SINE/MIR	772	-	70	72330259	75157
chr10	72255102	72455102	harbor1	chr10	72337536	72337764	SINE/MIR	673	-	114	72337650	82548
chr10	72255102	72455102	harbor1	chr10	72341772	72341918	SINE/MIR	474	-	73	72341845	86743
chr10	72255102	72455102	harbor1	chr10	72348776	72349028	SINE/MIR	541	-	126	72348902	93800
chr10	122063779	122263779	harbor1	chr10	122095480	122095669	SINE/MIR	518	-	94	122095574	31795
chr10	122063779	122263779	harbor1	chr10	122118900	122118969	SINE/MIR	689	-	34	122118934	55155
chr10	122063779	122263779	harbor1	chr10	122119184	122119382	SINE/MIR	689	-	99	122119283	55504
chr10	122063779	122263779	harbor1	chr10	122134975	122135208	SINE/MIR	591	-	116	122135091	71312
chr10	122063779	122263779	harbor1	chr10	122152921	122152987	SINE/MIR	563	-	33	122152954	89175
chr10	122063779	122263779	harbor1	chr10	122153290	122153442	SINE/MIR	563	-	76	122153366	89587
chr10	122063779	122263779	harbor1	chr10	122153641	122153828	SINE/MIR	572	-	94	122153735	89956
chr10	132614280	132814280	harbor1	chr10	132671691	132671898	SINE/MIR	634	-	104	132671795	57515
chr10	72254369	72454369	harbor1	chr10	72287925	72288100	SINE/MIR	755	-	88	72288013	33644
chr10	72254369	72454369	harbor1	chr10	72321905	72322092	SINE/MIR	469	-	94	72321999	67630
chr10	72254369	72454369	harbor1	chr10	72330189	72330330	SINE/MIR	772	-	70	72330259	75890
chr10	72254369	72454369	harbor1	chr10	72337536	72337764	SINE/MIR	673	-	114	72337650	83281
chr10	72254369	72454369	harbor1	chr10	72341772	72341918	SINE/MIR	474	-	73	72341845	87476
chr10	72254369	72454369	harbor1	chr10	72348776	72349028	SINE/MIR	541	-	126	72348902	94533
chr10	131310769	131510769	harbor1	chr10	131352009	131352037	SINE/MIR	466	-	14	131352023	41254
chr10	131310769	131510769	harbor1	chr10	131352372	131352548	SINE/MIR	466	-	88	131352460	41691
chr10	131310769	131510769	harbor1	chr10	131397341	131397512	SINE/MIR	474	-	86	131397427	86658
chr10	131310769	131510769	harbor1	chr10	131406564	131406802	SINE/MIR	503	-	119	131406683	95914
chr10	100906982	101106982	harbor1	chr10	100907270	100907438	SINE/MIR	647	-	84	100907354	372
chr10	100906982	101106982	harbor1	chr10	100981568	100981775	SINE/MIR	656	-	104	100981672	74690
chr10	100906982	101106982	harbor1	chr10	100982092	100982153	SINE/MIR	656	-	30	100982122	75140
chr10	100906982	101106982	harbor1	chr10	101005937	101006123	SINE/MIR	664	-	93	101006030	99048
chr10	100906982	101106982	harbor1	chr10	100941703	100941881	SINE/MIR	704	-	89	100941792	34810
chr10	102134155	102334155	harbor1	chr10	102180078	102180258	SINE/MIR	735	-	90	102180168	46013
chr10	102134155	102334155	harbor1	chr10	102222145	102222172	SINE/MIR	700	-	14	102222159	88004
chr10	102134155	102334155	harbor1	chr10	102222307	102222495	SINE/MIR	700	-	94	102222401	88246
chr10	102134155	102334155	harbor1	chr10	102224317	102224540	SINE/MIR	512	-	112	102224429	90274
chr10	102134155	102334155	harbor1	chr10	102227393	102227543	SINE/MIR	572	-	75	102227468	93313
chr10	129211551	129411551	harbor1	chr10	129248656	129248867	SINE/MIR	604	-	106	129248762	37211
chr10	129211551	129411551	harbor1	chr10	129291233	129291436	SINE/MIR	611	-	102	129291335	79784
chr10	131310837	131510837	harbor1	chr10	131352009	131352037	SINE/MIR	466	-	14	131352023	41186
chr10	131310837	131510837	harbor1	chr10	131352372	131352548	SINE/MIR	466	-	88	131352460	41623
chr10	131310837	131510837	harbor1	chr10	131397341	131397512	SINE/MIR	474	-	86	131397427	86590
chr10	131310837	131510837	harbor1	chr10	131406564	131406802	SINE/MIR	503	-	119	131406683	95846
chr10	97398963	97598963	harbor1	chr10	97446519	97446673	SINE/MIR	467	-	77	97446596	47633
chr10	97398963	97598963	harbor1	chr10	97452600	97452814	SINE/MIR	586	-	107	97452707	53744
chr10	97398963	97598963	harbor1	chr10	97463076	97463163	SINE/MIR	673	-	44	97463120	64157
chr10	97398963	97598963	harbor1	chr10	97463454	97463589	SINE/MIR	673	-	68	97463522	64559
chr10	97398963	97598963	harbor1	chr10	97464192	97464422	SINE/MIR	556	-	115	97464307	65344
chr10	14763732	14963732	harbor1	chr10	14776895	14777124	SINE/MIR	658	-	114	14777009	13277
chr10	14763732	14963732	harbor1	chr10	14807837	14808066	SINE/MIR	520	-	114	14807951	44219
chr10	14763732	14963732	harbor1	chr10	14826667	14826883	SINE/MIR	597	-	108	14826775	63043
chr10	14763732	14963732	harbor1	chr10	14840783	14841008	SINE/MIR	600	-	112	14840895	77163
chr10	14763732	14963732	harbor1	chr10	14856199	14856453	SINE/MIR	806	-	127	14856326	92594
chr10	14763732	14963732	harbor1	chr10	14858739	14858935	SINE/MIR	660	-	98	14858837	95105
chr10	102141356	102341356	harbor1	chr10	102180078	102180258	SINE/MIR	735	-	90	102180168	38812
chr10	102141356	102341356	harbor1	chr10	102222145	102222172	SINE/MIR	700	-	14	102222159	80803
chr10	102141356	102341356	harbor1	chr10	102222307	102222495	SINE/MIR	700	-	94	102222401	81045
chr10	102141356	102341356	harbor1	chr10	102224317	102224540	SINE/MIR	512	-	112	102224429	83073
chr10	102141356	102341356	harbor1	chr10	102227393	102227543	SINE/MIR	572	-	75	102227468	86112
chr10	30655861	30855861	harbor1	chr10	30714238	30714400	SINE/MIR	526	-	81	30714319	58458
chr10	14778075	14978075	harbor1	chr10	14807837	14808066	SINE/MIR	520	-	114	14807951	29876
chr10	14778075	14978075	harbor1	chr10	14826667	14826883	SINE/MIR	597	-	108	14826775	48700
chr10	14778075	14978075	harbor1	chr10	14840783	14841008	SINE/MIR	600	-	112	14840895	62820
chr10	14778075	14978075	harbor1	chr10	14856199	14856453	SINE/MIR	806	-	127	14856326	78251
chr10	14778075	14978075	harbor1	chr10	14858739	14858935	SINE/MIR	660	-	98	14858837	80762
chr10	72254600	72454600	harbor1	chr10	72287925	72288100	SINE/MIR	755	-	88	72288013	33413
chr10	72254600	72454600	harbor1	chr10	72321905	72322092	SINE/MIR	469	-	94	72321999	67399
chr10	72254600	72454600	harbor1	chr10	72330189	72330330	SINE/MIR	772	-	70	72330259	75659
chr10	72254600	72454600	harbor1	chr10	72337536	72337764	SINE/MIR	673	-	114	72337650	83050
chr10	72254600	72454600	harbor1	chr10	72341772	72341918	SINE/MIR	474	-	73	72341845	87245
chr10	72254600	72454600	harbor1	chr10	72348776	72349028	SINE/MIR	541	-	126	72348902	94302
chr10	102140075	102340075	harbor1	chr10	102180078	102180258	SINE/MIR	735	-	90	102180168	40093
chr10	102140075	102340075	harbor1	chr10	102222145	102222172	SINE/MIR	700	-	14	102222159	82084
chr10	102140075	102340075	harbor1	chr10	102222307	102222495	SINE/MIR	700	-	94	102222401	82326
chr10	102140075	102340075	harbor1	chr10	102224317	102224540	SINE/MIR	512	-	112	102224429	84354
chr10	102140075	102340075	harbor1	chr10	102227393	102227543	SINE/MIR	572	-	75	102227468	87393
chr10	14778068	14978068	harbor1	chr10	14807837	14808066	SINE/MIR	520	-	114	14807951	29883
chr10	14778068	14978068	harbor1	chr10	14826667	14826883	SINE/MIR	597	-	108	14826775	48707
chr10	14778068	14978068	harbor1	chr10	14840783	14841008	SINE/MIR	600	-	112	14840895	62827
chr10	14778068	14978068	harbor1	chr10	14856199	14856453	SINE/MIR	806	-	127	14856326	78258
chr10	14778068	14978068	harbor1	chr10	14858739	14858935	SINE/MIR	660	-	98	14858837	80769
chr11	3928050	4128050	harbor1	chr11	3930170	3930357	SINE/MIR	514	-	94	3930264	2214
chr11	3928050	4128050	harbor1	chr11	3936128	3936281	SINE/MIR	502	-	76	3936204	8154
chr11	3928050	4128050	harbor1	chr11	3939563	3939685	SINE/MIR	469	-	61	3939624	11574
chr11	3928050	4128050	harbor1	chr11	3948958	3949118	SINE/MIR	746	-	80	3949038	20988
chr11	3928050	4128050	harbor1	chr11	3964002	3964197	SINE/MIR	404	-	98	3964100	36050
chr11	3928050	4128050	harbor1	chr11	3998117	3998326	SINE/MIR	438	-	104	3998221	70171
chr11	3928050	4128050	harbor1	chr11	4010546	4010687	SINE/MIR	516	-	70	4010616	82566
chr11	3928050	4128050	harbor1	chr11	4026377	4026482	SINE/MIR	463	-	52	4026429	98379
chr11	5127208	5327208	harbor1	chr11	5168499	5168713	SINE/MIR	452	-	107	5168606	41398
chr11	5127208	5327208	harbor1	chr11	5208088	5208308	SINE/MIR	421	-	110	5208198	80990
chr11	5126782	5326782	harbor1	chr11	5168499	5168713	SINE/MIR	452	-	107	5168606	41824
chr11	5126782	5326782	harbor1	chr11	5208088	5208308	SINE/MIR	421	-	110	5208198	81416
chr11	5125332	5325332	harbor1	chr11	5168499	5168713	SINE/MIR	452	-	107	5168606	43274
chr11	5125332	5325332	harbor1	chr11	5208088	5208308	SINE/MIR	421	-	110	5208198	82866
chr11	5127125	5327125	harbor1	chr11	5168499	5168713	SINE/MIR	452	-	107	5168606	41481
chr11	5127125	5327125	harbor1	chr11	5208088	5208308	SINE/MIR	421	-	110	5208198	81073
chr11	5126747	5326747	harbor1	chr11	5168499	5168713	SINE/MIR	452	-	107	5168606	41859
chr11	5126747	5326747	harbor1	chr11	5208088	5208308	SINE/MIR	421	-	110	5208198	81451
chr11	76580979	76780979	harbor1	chr11	76618259	76618488	SINE/MIR	685	-	114	76618373	37394
chr11	76580979	76780979	harbor1	chr11	76626415	76626663	SINE/MIR	607	-	124	76626539	45560
chr11	76580979	76780979	harbor1	chr11	76654307	76654444	SINE/MIR	432	-	68	76654375	73396
chr11	76580979	76780979	harbor1	chr11	76662356	76662555	SINE/MIR	416	-	100	76662456	81477
chr11	76580979	76780979	harbor1	chr11	76667118	76667344	SINE/MIR	664	-	113	76667231	86252
chr11	76580979	76780979	harbor1	chr11	76669447	76669690	SINE/MIR	689	-	122	76669569	88590
chr11	76580979	76780979	harbor1	chr11	76669704	76669860	SINE/MIR	483	-	78	76669782	88803
chr11	76580979	76780979	harbor1	chr11	76671447	76671573	SINE/MIR	403	-	63	76671510	90531
chr11	5126823	5326823	harbor1	chr11	5168499	5168713	SINE/MIR	452	-	107	5168606	41783
chr11	5126823	5326823	harbor1	chr11	5208088	5208308	SINE/MIR	421	-	110	5208198	81375
chr11	123412399	123612399	harbor1	chr11	123412325	123412556	SINE/MIR	647	-	116	123412441	42
chr11	123412399	123612399	harbor1	chr11	123414384	123414506	SINE/MIR	451	-	61	123414445	2046
chr11	123412399	123612399	harbor1	chr11	123416790	123417000	SINE/MIR	577	-	105	123416895	4496
chr11	123412399	123612399	harbor1	chr11	123424990	123425233	SINE/MIR	704	-	122	123425112	12713
chr11	123412399	123612399	harbor1	chr11	123431456	123431625	SINE/MIR	471	-	84	123431540	19141
chr11	123412399	123612399	harbor1	chr11	123438126	123438342	SINE/MIR	459	-	108	123438234	25835
chr11	123412399	123612399	harbor1	chr11	123457498	123457688	SINE/MIR	425	-	95	123457593	45194
chr11	123412399	123612399	harbor1	chr11	123470697	123470864	SINE/MIR	422	-	84	123470781	58382
chr11	123412399	123612399	harbor1	chr11	123487090	123487280	SINE/MIR	465	-	95	123487185	74786
chr11	123412399	123612399	harbor1	chr11	123503489	123503552	SINE/MIR	515	-	32	123503521	91122
chr11	123412399	123612399	harbor1	chr11	123503847	123504056	SINE/MIR	515	-	104	123503951	91552
chr11	123412399	123612399	harbor1	chr11	123505495	123505724	SINE/MIR	835	-	114	123505609	93210
chr11	5134555	5334555	harbor1	chr11	5168499	5168713	SINE/MIR	452	-	107	5168606	34051
chr11	5134555	5334555	harbor1	chr11	5208088	5208308	SINE/MIR	421	-	110	5208198	73643
chr11	5126774	5326774	harbor1	chr11	5168499	5168713	SINE/MIR	452	-	107	5168606	41832
chr11	5126774	5326774	harbor1	chr11	5208088	5208308	SINE/MIR	421	-	110	5208198	81424
chr11	5127340	5327340	harbor1	chr11	5168499	5168713	SINE/MIR	452	-	107	5168606	41266
chr11	5127340	5327340	harbor1	chr11	5208088	5208308	SINE/MIR	421	-	110	5208198	80858
chr11	63803267	64003267	harbor1	chr11	63869943	63870069	SINE/MIR	414	-	63	63870006	66739
chr11	63803267	64003267	harbor1	chr11	63883513	63883576	SINE/MIR	544	-	32	63883545	80278
chr11	63803267	64003267	harbor1	chr11	63883887	63884020	SINE/MIR	544	-	66	63883953	80686
chr11	64110890	64310890	harbor1	chr11	64138000	64138178	SINE/MIR	484	-	89	64138089	27199
chr11	64110890	64310890	harbor1	chr11	64140608	64140831	SINE/MIR	864	-	112	64140720	29830
chr11	64110890	64310890	harbor1	chr11	64183305	64183441	SINE/MIR	576	-	68	64183373	72483
chr11	64110890	64310890	harbor1	chr11	64210060	64210138	SINE/MIR	413	-	39	64210099	99209
chr11	73038077	73238077	harbor1	chr11	73105001	73105180	SINE/MIR	473	-	90	73105091	67014
chr11	73038077	73238077	harbor1	chr11	73117130	73117368	SINE/MIR	650	-	119	73117249	79172
chr11	73038077	73238077	harbor1	chr11	73118718	73118918	SINE/MIR	470	-	100	73118818	80741
chr11	73038077	73238077	harbor1	chr11	73132326	73132498	SINE/MIR	499	-	86	73132412	94335
chr11	5124751	5324751	harbor1	chr11	5168499	5168713	SINE/MIR	452	-	107	5168606	43855
chr11	5124751	5324751	harbor1	chr11	5208088	5208308	SINE/MIR	421	-	110	5208198	83447
chr11	5134559	5334559	harbor1	chr11	5168499	5168713	SINE/MIR	452	-	107	5168606	34047
chr11	5134559	5334559	harbor1	chr11	5208088	5208308	SINE/MIR	421	-	110	5208198	73639
chr11	5134573	5334573	harbor1	chr11	5168499	5168713	SINE/MIR	452	-	107	5168606	34033
chr11	5134573	5334573	harbor1	chr11	5208088	5208308	SINE/MIR	421	-	110	5208198	73625
chr11	5127129	5327129	harbor1	chr11	5168499	5168713	SINE/MIR	452	-	107	5168606	41477
chr11	5127129	5327129	harbor1	chr11	5208088	5208308	SINE/MIR	421	-	110	5208198	81069
chr11	5127170	5327170	harbor1	chr11	5168499	5168713	SINE/MIR	452	-	107	5168606	41436
chr11	5127170	5327170	harbor1	chr11	5208088	5208308	SINE/MIR	421	-	110	5208198	81028
chr11	57399820	57599820	harbor1	chr11	57400800	57401010	SINE/MIR	400	-	105	57400905	1085
chr11	57399820	57599820	harbor1	chr11	57401408	57401612	SINE/MIR	601	-	102	57401510	1690
chr11	57399820	57599820	harbor1	chr11	57406459	57406636	SINE/MIR	442	-	88	57406547	6727
chr11	57399820	57599820	harbor1	chr11	57419350	57419499	SINE/MIR	409	-	74	57419424	19604
chr11	57399820	57599820	harbor1	chr11	57431444	57431655	SINE/MIR	419	-	106	57431550	31730
chr11	57399820	57599820	harbor1	chr11	57431968	57431994	SINE/MIR	419	-	13	57431981	32161
chr11	57399820	57599820	harbor1	chr11	57433183	57433432	SINE/MIR	843	-	124	57433307	33487
chr11	57399820	57599820	harbor1	chr11	57473229	57473352	SINE/MIR	494	-	62	57473291	73471
chr11	57399820	57599820	harbor1	chr11	57475101	57475336	SINE/MIR	509	-	118	57475219	75399
chr11	57399820	57599820	harbor1	chr11	57475356	57475506	SINE/MIR	485	-	75	57475431	75611
chr11	57399820	57599820	harbor1	chr11	57475562	57475778	SINE/MIR	485	-	108	57475670	75850
chr11	57399820	57599820	harbor1	chr11	57493084	57493271	SINE/MIR	559	-	94	57493178	93358
chr11	57399820	57599820	harbor1	chr11	57493289	57493524	SINE/MIR	561	-	118	57493407	93587
chr11	5127181	5327181	harbor1	chr11	5168499	5168713	SINE/MIR	452	-	107	5168606	41425
chr11	5127181	5327181	harbor1	chr11	5208088	5208308	SINE/MIR	421	-	110	5208198	81017
chr11	5107730	5307730	harbor1	chr11	5168499	5168713	SINE/MIR	452	-	107	5168606	60876
chr11	5127269	5327269	harbor1	chr11	5168499	5168713	SINE/MIR	452	-	107	5168606	41337
chr11	5127269	5327269	harbor1	chr11	5208088	5208308	SINE/MIR	421	-	110	5208198	80929
chr11	76329060	76529060	harbor1	chr11	76339829	76340058	SINE/MIR	674	-	114	76339943	10883
chr11	76329060	76529060	harbor1	chr11	76421123	76421310	SINE/MIR	650	-	94	76421217	92157
chr11	5032610	5232610	harbor1	chr11	5034263	5034457	SINE/MIR	576	-	97	5034360	1750
chr11	5032610	5232610	harbor1	chr11	5044099	5044321	SINE/MIR	449	-	111	5044210	11600
chr11	5132965	5332965	harbor1	chr11	5168499	5168713	SINE/MIR	452	-	107	5168606	35641
chr11	5132965	5332965	harbor1	chr11	5208088	5208308	SINE/MIR	421	-	110	5208198	75233
chr11	5127263	5327263	harbor1	chr11	5168499	5168713	SINE/MIR	452	-	107	5168606	41343
chr11	5127263	5327263	harbor1	chr11	5208088	5208308	SINE/MIR	421	-	110	5208198	80935
chr11	5129592	5329592	harbor1	chr11	5168499	5168713	SINE/MIR	452	-	107	5168606	39014
chr11	5129592	5329592	harbor1	chr11	5208088	5208308	SINE/MIR	421	-	110	5208198	78606
chr11	5124885	5324885	harbor1	chr11	5168499	5168713	SINE/MIR	452	-	107	5168606	43721
chr11	5124885	5324885	harbor1	chr11	5208088	5208308	SINE/MIR	421	-	110	5208198	83313
chr11	5127172	5327172	harbor1	chr11	5168499	5168713	SINE/MIR	452	-	107	5168606	41434
chr11	5127172	5327172	harbor1	chr11	5208088	5208308	SINE/MIR	421	-	110	5208198	81026
chr11	5127366	5327366	harbor1	chr11	5168499	5168713	SINE/MIR	452	-	107	5168606	41240
chr11	5127366	5327366	harbor1	chr11	5208088	5208308	SINE/MIR	421	-	110	5208198	80832
chr11	5127203	5327203	harbor1	chr11	5168499	5168713	SINE/MIR	452	-	107	5168606	41403
chr11	5127203	5327203	harbor1	chr11	5208088	5208308	SINE/MIR	421	-	110	5208198	80995
chr11	5127266	5327266	harbor1	chr11	5168499	5168713	SINE/MIR	452	-	107	5168606	41340
chr11	5127266	5327266	harbor1	chr11	5208088	5208308	SINE/MIR	421	-	110	5208198	80932
chr11	5127192	5327192	harbor1	chr11	5168499	5168713	SINE/MIR	452	-	107	5168606	41414
chr11	5127192	5327192	harbor1	chr11	5208088	5208308	SINE/MIR	421	-	110	5208198	81006
chr11	5127243	5327243	harbor1	chr11	5168499	5168713	SINE/MIR	452	-	107	5168606	41363
chr11	5127243	5327243	harbor1	chr11	5208088	5208308	SINE/MIR	421	-	110	5208198	80955
chr11	5127199	5327199	harbor1	chr11	5168499	5168713	SINE/MIR	452	-	107	5168606	41407
chr11	5127199	5327199	harbor1	chr11	5208088	5208308	SINE/MIR	421	-	110	5208198	80999
chr11	5125100	5325100	harbor1	chr11	5168499	5168713	SINE/MIR	452	-	107	5168606	43506
chr11	5125100	5325100	harbor1	chr11	5208088	5208308	SINE/MIR	421	-	110	5208198	83098
chr11	62595076	62795076	harbor1	chr11	62606313	62606511	SINE/MIR	452	-	99	62606412	11336
chr11	62595076	62795076	harbor1	chr11	62642861	62642998	SINE/MIR	403	-	68	62642929	47853
chr11	62595076	62795076	harbor1	chr11	62651444	62651578	SINE/MIR	415	-	67	62651511	56435
chr11	62595076	62795076	harbor1	chr11	62670372	62670548	SINE/MIR	492	-	88	62670460	75384
chr11	5134601	5334601	harbor1	chr11	5168499	5168713	SINE/MIR	452	-	107	5168606	34005
chr11	5134601	5334601	harbor1	chr11	5208088	5208308	SINE/MIR	421	-	110	5208198	73597
chr11	5127217	5327217	harbor1	chr11	5168499	5168713	SINE/MIR	452	-	107	5168606	41389
chr11	5127217	5327217	harbor1	chr11	5208088	5208308	SINE/MIR	421	-	110	5208198	80981
chr11	5127264	5327264	harbor1	chr11	5168499	5168713	SINE/MIR	452	-	107	5168606	41342
chr11	5127264	5327264	harbor1	chr11	5208088	5208308	SINE/MIR	421	-	110	5208198	80934
chr11	5021552	5221552	harbor1	chr11	5034263	5034457	SINE/MIR	576	-	97	5034360	12808
chr11	5021552	5221552	harbor1	chr11	5044099	5044321	SINE/MIR	449	-	111	5044210	22658
chr11	2054524	2254524	harbor1	chr11	2153893	2154087	SINE/MIR	507	-	97	2153990	99466
chr11	5125708	5325708	harbor1	chr11	5168499	5168713	SINE/MIR	452	-	107	5168606	42898
chr11	5125708	5325708	harbor1	chr11	5208088	5208308	SINE/MIR	421	-	110	5208198	82490
chr11	5127143	5327143	harbor1	chr11	5168499	5168713	SINE/MIR	452	-	107	5168606	41463
chr11	5127143	5327143	harbor1	chr11	5208088	5208308	SINE/MIR	421	-	110	5208198	81055
chr11	119643196	119843196	harbor1	chr11	119643297	119643474	SINE/MIR	497	-	88	119643385	189
chr11	119643196	119843196	harbor1	chr11	119646511	119646738	SINE/MIR	431	-	114	119646625	3429
chr11	119643196	119843196	harbor1	chr11	119673504	119673666	SINE/MIR	502	-	81	119673585	30389
chr11	119643196	119843196	harbor1	chr11	119692613	119692835	SINE/MIR	703	-	111	119692724	49528
chr11	119643196	119843196	harbor1	chr11	119697542	119697770	SINE/MIR	486	-	114	119697656	54460
chr11	119643196	119843196	harbor1	chr11	119699682	119699868	SINE/MIR	435	-	93	119699775	56579
chr11	119643196	119843196	harbor1	chr11	119722863	119722970	SINE/MIR	582	-	54	119722917	79721
chr11	119643196	119843196	harbor1	chr11	119723242	119723358	SINE/MIR	582	-	58	119723300	80104
chr11	119643196	119843196	harbor1	chr11	119738986	119739120	SINE/MIR	550	-	67	119739053	95857
chr11	5115306	5315306	harbor1	chr11	5168499	5168713	SINE/MIR	452	-	107	5168606	53300
chr11	5115306	5315306	harbor1	chr11	5208088	5208308	SINE/MIR	421	-	110	5208198	92892
chr11	76580390	76780390	harbor1	chr11	76618259	76618488	SINE/MIR	685	-	114	76618373	37983
chr11	76580390	76780390	harbor1	chr11	76626415	76626663	SINE/MIR	607	-	124	76626539	46149
chr11	76580390	76780390	harbor1	chr11	76654307	76654444	SINE/MIR	432	-	68	76654375	73985
chr11	76580390	76780390	harbor1	chr11	76662356	76662555	SINE/MIR	416	-	100	76662456	82066
chr11	76580390	76780390	harbor1	chr11	76667118	76667344	SINE/MIR	664	-	113	76667231	86841
chr11	76580390	76780390	harbor1	chr11	76669447	76669690	SINE/MIR	689	-	122	76669569	89179
chr11	76580390	76780390	harbor1	chr11	76669704	76669860	SINE/MIR	483	-	78	76669782	89392
chr11	76580390	76780390	harbor1	chr11	76671447	76671573	SINE/MIR	403	-	63	76671510	91120
chr11	5127184	5327184	harbor1	chr11	5168499	5168713	SINE/MIR	452	-	107	5168606	41422
chr11	5127184	5327184	harbor1	chr11	5208088	5208308	SINE/MIR	421	-	110	5208198	81014
chr11	5124787	5324787	harbor1	chr11	5168499	5168713	SINE/MIR	452	-	107	5168606	43819
chr11	5124787	5324787	harbor1	chr11	5208088	5208308	SINE/MIR	421	-	110	5208198	83411
chr11	5127327	5327327	harbor1	chr11	5168499	5168713	SINE/MIR	452	-	107	5168606	41279
chr11	5127327	5327327	harbor1	chr11	5208088	5208308	SINE/MIR	421	-	110	5208198	80871
chr11	76580446	76780446	harbor1	chr11	76618259	76618488	SINE/MIR	685	-	114	76618373	37927
chr11	76580446	76780446	harbor1	chr11	76626415	76626663	SINE/MIR	607	-	124	76626539	46093
chr11	76580446	76780446	harbor1	chr11	76654307	76654444	SINE/MIR	432	-	68	76654375	73929
chr11	76580446	76780446	harbor1	chr11	76662356	76662555	SINE/MIR	416	-	100	76662456	82010
chr11	76580446	76780446	harbor1	chr11	76667118	76667344	SINE/MIR	664	-	113	76667231	86785
chr11	76580446	76780446	harbor1	chr11	76669447	76669690	SINE/MIR	689	-	122	76669569	89123
chr11	76580446	76780446	harbor1	chr11	76669704	76669860	SINE/MIR	483	-	78	76669782	89336
chr11	76580446	76780446	harbor1	chr11	76671447	76671573	SINE/MIR	403	-	63	76671510	91064
chr11	27274218	27474218	harbor1	chr11	27281207	27281398	SINE/MIR	438	-	96	27281303	7085
chr11	27274218	27474218	harbor1	chr11	27281483	27281634	SINE/MIR	523	-	76	27281559	7341
chr11	27274218	27474218	harbor1	chr11	27296639	27296872	SINE/MIR	514	-	116	27296755	22537
chr11	27274218	27474218	harbor1	chr11	27310220	27310445	SINE/MIR	623	-	112	27310332	36114
chr11	27274218	27474218	harbor1	chr11	27327828	27328007	SINE/MIR	696	-	90	27327918	53700
chr11	27274218	27474218	harbor1	chr11	27328305	27328365	SINE/MIR	696	-	30	27328335	54117
chr11	27274218	27474218	harbor1	chr11	27343687	27343868	SINE/MIR	737	-	90	27343777	69559
chr11	27274218	27474218	harbor1	chr11	27354438	27354585	SINE/MIR	584	-	74	27354512	80294
chr11	27274218	27474218	harbor1	chr11	27354876	27354913	SINE/MIR	503	-	18	27354894	80676
chr11	27274218	27474218	harbor1	chr11	27354927	27355043	SINE/MIR	555	-	58	27354985	80767
chr11	27274218	27474218	harbor1	chr11	27355561	27355747	SINE/MIR	423	-	93	27355654	81436
chr11	19768628	19968628	harbor1	chr11	19781006	19781172	SINE/MIR	629	-	83	19781089	12461
chr11	19768628	19968628	harbor1	chr11	19790247	19790367	SINE/MIR	432	-	60	19790307	21679
chr11	19768628	19968628	harbor1	chr11	19790922	19791175	SINE/MIR	911	-	126	19791048	22420
chr11	19768628	19968628	harbor1	chr11	19796426	19796657	SINE/MIR	435	-	116	19796542	27914
chr11	19768628	19968628	harbor1	chr11	19798660	19798841	SINE/MIR	459	-	90	19798750	30122
chr11	19768628	19968628	harbor1	chr11	19805754	19805963	SINE/MIR	566	-	104	19805858	37230
chr11	19768628	19968628	harbor1	chr11	19816469	19816622	SINE/MIR	405	-	76	19816545	47917
chr11	19768628	19968628	harbor1	chr11	19819678	19819838	SINE/MIR	442	-	80	19819758	51130
chr11	19768628	19968628	harbor1	chr11	19822115	19822327	SINE/MIR	472	-	106	19822221	53593
chr11	19768628	19968628	harbor1	chr11	19824110	19824292	SINE/MIR	573	-	91	19824201	55573
chr11	19768628	19968628	harbor1	chr11	19829509	19829643	SINE/MIR	450	-	67	19829576	60948
chr11	19768628	19968628	harbor1	chr11	19829737	19829918	SINE/MIR	531	-	90	19829827	61199
chr11	19768628	19968628	harbor1	chr11	19834201	19834390	SINE/MIR	479	-	94	19834295	65667
chr11	19768628	19968628	harbor1	chr11	19841837	19842086	SINE/MIR	809	-	124	19841961	73333
chr11	19768628	19968628	harbor1	chr11	19849028	19849237	SINE/MIR	454	-	104	19849132	80504
chr11	19768628	19968628	harbor1	chr11	19851060	19851280	SINE/MIR	915	-	110	19851170	82542
chr11	5134586	5334586	harbor1	chr11	5168499	5168713	SINE/MIR	452	-	107	5168606	34020
chr11	5134586	5334586	harbor1	chr11	5208088	5208308	SINE/MIR	421	-	110	5208198	73612
chr11	126556684	126756684	harbor1	chr11	126563029	126563251	SINE/MIR	521	-	111	126563140	6456
chr11	126556684	126756684	harbor1	chr11	126566776	126566978	SINE/MIR	409	-	101	126566877	10193
chr11	126556684	126756684	harbor1	chr11	126571499	126571691	SINE/MIR	712	-	96	126571595	14911
chr11	126556684	126756684	harbor1	chr11	126572366	126572507	SINE/MIR	476	-	70	126572436	15752
chr11	126556684	126756684	harbor1	chr11	126581956	126582094	SINE/MIR	499	-	69	126582025	25341
chr11	126556684	126756684	harbor1	chr11	126595492	126595746	SINE/MIR	465	-	127	126595619	38935
chr11	126556684	126756684	harbor1	chr11	126596344	126596467	SINE/MIR	436	-	62	126596406	39722
chr11	126556684	126756684	harbor1	chr11	126602395	126602615	SINE/MIR	608	-	110	126602505	45821
chr11	126556684	126756684	harbor1	chr11	126604396	126604526	SINE/MIR	433	-	65	126604461	47777
chr11	126556684	126756684	harbor1	chr11	126609858	126610096	SINE/MIR	693	-	119	126609977	53293
chr11	126556684	126756684	harbor1	chr11	126615315	126615547	SINE/MIR	744	-	116	126615431	58747
chr11	126556684	126756684	harbor1	chr11	126617619	126617863	SINE/MIR	1129	-	122	126617741	61057
chr11	126556684	126756684	harbor1	chr11	126622810	126623039	SINE/MIR	852	-	114	126622924	66240
chr11	126556684	126756684	harbor1	chr11	126631165	126631368	SINE/MIR	465	-	102	126631267	74583
chr11	126556684	126756684	harbor1	chr11	126631678	126631882	SINE/MIR	690	-	102	126631780	75096
chr11	126556684	126756684	harbor1	chr11	126652403	126652646	SINE/MIR	594	-	122	126652525	95841
chr11	5127250	5327250	harbor1	chr11	5168499	5168713	SINE/MIR	452	-	107	5168606	41356
chr11	5127250	5327250	harbor1	chr11	5208088	5208308	SINE/MIR	421	-	110	5208198	80948
chr11	5134209	5334209	harbor1	chr11	5168499	5168713	SINE/MIR	452	-	107	5168606	34397
chr11	5134209	5334209	harbor1	chr11	5208088	5208308	SINE/MIR	421	-	110	5208198	73989
chr11	5134629	5334629	harbor1	chr11	5168499	5168713	SINE/MIR	452	-	107	5168606	33977
chr11	5134629	5334629	harbor1	chr11	5208088	5208308	SINE/MIR	421	-	110	5208198	73569
chr11	5127213	5327213	harbor1	chr11	5168499	5168713	SINE/MIR	452	-	107	5168606	41393
chr11	5127213	5327213	harbor1	chr11	5208088	5208308	SINE/MIR	421	-	110	5208198	80985
chr11	4538274	4738274	harbor1	chr11	4547065	4547292	SINE/MIR	455	-	114	4547179	8905
chr11	4538274	4738274	harbor1	chr11	4584955	4585206	SINE/MIR	639	-	126	4585081	46807
chr11	4538274	4738274	harbor1	chr11	4592152	4592401	SINE/MIR	614	-	124	4592276	54002
chr11	4538274	4738274	harbor1	chr11	4603943	4604097	SINE/MIR	430	-	77	4604020	65746
chr11	4538274	4738274	harbor1	chr11	4606607	4606734	SINE/MIR	468	-	64	4606671	68397
chr11	5127232	5327232	harbor1	chr11	5168499	5168713	SINE/MIR	452	-	107	5168606	41374
chr11	5127232	5327232	harbor1	chr11	5208088	5208308	SINE/MIR	421	-	110	5208198	80966
chr11	5127319	5327319	harbor1	chr11	5168499	5168713	SINE/MIR	452	-	107	5168606	41287
chr11	5127319	5327319	harbor1	chr11	5208088	5208308	SINE/MIR	421	-	110	5208198	80879
chr11	107049890	107249890	harbor1	chr11	107134243	107134490	SINE/MIR	506	-	124	107134367	84477
chr11	111440849	111640849	harbor1	chr11	111465423	111465651	SINE/MIR	771	-	114	111465537	24688
chr11	111440849	111640849	harbor1	chr11	111467105	111467339	SINE/MIR	674	-	117	111467222	26373
chr11	111440849	111640849	harbor1	chr11	111468309	111468523	SINE/MIR	764	-	107	111468416	27567
chr11	111440849	111640849	harbor1	chr11	111471078	111471271	SINE/MIR	407	-	96	111471174	30325
chr11	111440849	111640849	harbor1	chr11	111472926	111473138	SINE/MIR	429	-	106	111473032	32183
chr11	111440849	111640849	harbor1	chr11	111518416	111518628	SINE/MIR	524	-	106	111518522	77673
chr11	5125172	5325172	harbor1	chr11	5168499	5168713	SINE/MIR	452	-	107	5168606	43434
chr11	5125172	5325172	harbor1	chr11	5208088	5208308	SINE/MIR	421	-	110	5208198	83026
chr11	5127224	5327224	harbor1	chr11	5168499	5168713	SINE/MIR	452	-	107	5168606	41382
chr11	5127224	5327224	harbor1	chr11	5208088	5208308	SINE/MIR	421	-	110	5208198	80974
chr11	64913893	65113893	harbor1	chr11	64919741	64919891	SINE/MIR	407	-	75	64919816	5923
chr11	64913893	65113893	harbor1	chr11	64929035	64929226	SINE/MIR	402	-	96	64929131	15238
chr11	64913893	65113893	harbor1	chr11	64932381	64932624	SINE/MIR	674	-	122	64932503	18610
chr11	64913893	65113893	harbor1	chr11	64937192	64937366	SINE/MIR	509	-	87	64937279	23386
chr11	64913893	65113893	harbor1	chr11	64949410	64949643	SINE/MIR	625	-	116	64949526	35633
chr11	64913893	65113893	harbor1	chr11	64951847	64951892	SINE/MIR	936	-	22	64951869	37976
chr11	64913893	65113893	harbor1	chr11	64952487	64952690	SINE/MIR	936	-	102	64952589	38696
chr11	64913893	65113893	harbor1	chr11	64953138	64953300	SINE/MIR	522	-	81	64953219	39326
chr11	64913893	65113893	harbor1	chr11	64954030	64954214	SINE/MIR	466	-	92	64954122	40229
chr11	64913893	65113893	harbor1	chr11	64960397	64960588	SINE/MIR	557	-	96	64960493	46600
chr11	5126003	5326003	harbor1	chr11	5168499	5168713	SINE/MIR	452	-	107	5168606	42603
chr11	5126003	5326003	harbor1	chr11	5208088	5208308	SINE/MIR	421	-	110	5208198	82195
chr11	86572156	86772156	harbor1	chr11	86577746	86577920	SINE/MIR	400	-	87	86577833	5677
chr11	86572156	86772156	harbor1	chr11	86578781	86579000	SINE/MIR	436	-	110	86578891	6735
chr11	86572156	86772156	harbor1	chr11	86595333	86595525	SINE/MIR	710	-	96	86595429	23273
chr11	86572156	86772156	harbor1	chr11	86604625	86604789	SINE/MIR	427	-	82	86604707	32551
chr11	86572156	86772156	harbor1	chr11	86608951	86609162	SINE/MIR	758	-	106	86609057	36901
chr11	86572156	86772156	harbor1	chr11	86609900	86610022	SINE/MIR	411	-	61	86609961	37805
chr11	86572156	86772156	harbor1	chr11	86615340	86615478	SINE/MIR	538	-	69	86615409	43253
chr11	86572156	86772156	harbor1	chr11	86631698	86631745	SINE/MIR	442	-	24	86631722	59566
chr11	86572156	86772156	harbor1	chr11	86632033	86632161	SINE/MIR	442	-	64	86632097	59941
chr11	86572156	86772156	harbor1	chr11	86633244	86633487	SINE/MIR	874	-	122	86633366	61210
chr11	86572156	86772156	harbor1	chr11	86638627	86638878	SINE/MIR	969	-	126	86638753	66597
chr11	86572156	86772156	harbor1	chr11	86660406	86660615	SINE/MIR	497	-	104	86660510	88354
chr11	86572156	86772156	harbor1	chr11	86671294	86671500	SINE/MIR	573	-	103	86671397	99241
chr11	124700607	124900607	harbor1	chr11	124720767	124720980	SINE/MIR	591	-	106	124720873	20266
chr11	124700607	124900607	harbor1	chr11	124741215	124741367	SINE/MIR	497	-	76	124741291	40684
chr11	124700607	124900607	harbor1	chr11	124744282	124744461	SINE/MIR	570	-	90	124744372	43765
chr11	5127146	5327146	harbor1	chr11	5168499	5168713	SINE/MIR	452	-	107	5168606	41460
chr11	5127146	5327146	harbor1	chr11	5208088	5208308	SINE/MIR	421	-	110	5208198	81052
chr11	5022390	5222390	harbor1	chr11	5034263	5034457	SINE/MIR	576	-	97	5034360	11970
chr11	5022390	5222390	harbor1	chr11	5044099	5044321	SINE/MIR	449	-	111	5044210	21820
chr11	69539284	69739284	harbor1	chr11	69563639	69563811	SINE/MIR	658	-	86	69563725	24441
chr11	69539284	69739284	harbor1	chr11	69628102	69628323	SINE/MIR	559	-	110	69628212	88928
chr11	69539284	69739284	harbor1	chr11	69635335	69635476	SINE/MIR	445	-	70	69635405	96121
chr11	5124920	5324920	harbor1	chr11	5168499	5168713	SINE/MIR	452	-	107	5168606	43686
chr11	5124920	5324920	harbor1	chr11	5208088	5208308	SINE/MIR	421	-	110	5208198	83278
chr11	76580636	76780636	harbor1	chr11	76618259	76618488	SINE/MIR	685	-	114	76618373	37737
chr11	76580636	76780636	harbor1	chr11	76626415	76626663	SINE/MIR	607	-	124	76626539	45903
chr11	76580636	76780636	harbor1	chr11	76654307	76654444	SINE/MIR	432	-	68	76654375	73739
chr11	76580636	76780636	harbor1	chr11	76662356	76662555	SINE/MIR	416	-	100	76662456	81820
chr11	76580636	76780636	harbor1	chr11	76667118	76667344	SINE/MIR	664	-	113	76667231	86595
chr11	76580636	76780636	harbor1	chr11	76669447	76669690	SINE/MIR	689	-	122	76669569	88933
chr11	76580636	76780636	harbor1	chr11	76669704	76669860	SINE/MIR	483	-	78	76669782	89146
chr11	76580636	76780636	harbor1	chr11	76671447	76671573	SINE/MIR	403	-	63	76671510	90874
chr11	5134651	5334651	harbor1	chr11	5168499	5168713	SINE/MIR	452	-	107	5168606	33955
chr11	5134651	5334651	harbor1	chr11	5208088	5208308	SINE/MIR	421	-	110	5208198	73547
chr11	5134616	5334616	harbor1	chr11	5168499	5168713	SINE/MIR	452	-	107	5168606	33990
chr11	5134616	5334616	harbor1	chr11	5208088	5208308	SINE/MIR	421	-	110	5208198	73582
chr11	5031398	5231398	harbor1	chr11	5034263	5034457	SINE/MIR	576	-	97	5034360	2962
chr11	5031398	5231398	harbor1	chr11	5044099	5044321	SINE/MIR	449	-	111	5044210	12812
chr11	5127345	5327345	harbor1	chr11	5168499	5168713	SINE/MIR	452	-	107	5168606	41261
chr11	5127345	5327345	harbor1	chr11	5208088	5208308	SINE/MIR	421	-	110	5208198	80853
chr11	67369223	67569223	harbor1	chr11	67378100	67378141	SINE/MIR	629	-	20	67378120	8897
chr11	67369223	67569223	harbor1	chr11	67378452	67378639	SINE/MIR	629	-	94	67378546	9323
chr11	67369223	67569223	harbor1	chr11	67382306	67382531	SINE/MIR	405	-	112	67382418	13195
chr11	67369223	67569223	harbor1	chr11	67418110	67418229	SINE/MIR	409	-	60	67418170	48947
chr11	67369223	67569223	harbor1	chr11	67448600	67448762	SINE/MIR	610	-	81	67448681	79458
chr11	68444618	68644618	harbor1	chr11	68448380	68448575	SINE/MIR	483	-	98	68448478	3860
chr11	68444618	68644618	harbor1	chr11	68505080	68505198	SINE/MIR	435	-	59	68505139	60521
chr11	68444618	68644618	harbor1	chr11	68543059	68543276	SINE/MIR	738	-	108	68543167	98549
chr11	5134104	5334104	harbor1	chr11	5168499	5168713	SINE/MIR	452	-	107	5168606	34502
chr11	5134104	5334104	harbor1	chr11	5208088	5208308	SINE/MIR	421	-	110	5208198	74094
chr11	5124806	5324806	harbor1	chr11	5168499	5168713	SINE/MIR	452	-	107	5168606	43800
chr11	5124806	5324806	harbor1	chr11	5208088	5208308	SINE/MIR	421	-	110	5208198	83392
chr11	5125352	5325352	harbor1	chr11	5168499	5168713	SINE/MIR	452	-	107	5168606	43254
chr11	5125352	5325352	harbor1	chr11	5208088	5208308	SINE/MIR	421	-	110	5208198	82846
chr11	86572150	86772150	harbor1	chr11	86577746	86577920	SINE/MIR	400	-	87	86577833	5683
chr11	86572150	86772150	harbor1	chr11	86578781	86579000	SINE/MIR	436	-	110	86578891	6741
chr11	86572150	86772150	harbor1	chr11	86595333	86595525	SINE/MIR	710	-	96	86595429	23279
chr11	86572150	86772150	harbor1	chr11	86604625	86604789	SINE/MIR	427	-	82	86604707	32557
chr11	86572150	86772150	harbor1	chr11	86608951	86609162	SINE/MIR	758	-	106	86609057	36907
chr11	86572150	86772150	harbor1	chr11	86609900	86610022	SINE/MIR	411	-	61	86609961	37811
chr11	86572150	86772150	harbor1	chr11	86615340	86615478	SINE/MIR	538	-	69	86615409	43259
chr11	86572150	86772150	harbor1	chr11	86631698	86631745	SINE/MIR	442	-	24	86631722	59572
chr11	86572150	86772150	harbor1	chr11	86632033	86632161	SINE/MIR	442	-	64	86632097	59947
chr11	86572150	86772150	harbor1	chr11	86633244	86633487	SINE/MIR	874	-	122	86633366	61216
chr11	86572150	86772150	harbor1	chr11	86638627	86638878	SINE/MIR	969	-	126	86638753	66603
chr11	86572150	86772150	harbor1	chr11	86660406	86660615	SINE/MIR	497	-	104	86660510	88360
chr11	86572150	86772150	harbor1	chr11	86671294	86671500	SINE/MIR	573	-	103	86671397	99247
chr11	5127230	5327230	harbor1	chr11	5168499	5168713	SINE/MIR	452	-	107	5168606	41376
chr11	5127230	5327230	harbor1	chr11	5208088	5208308	SINE/MIR	421	-	110	5208198	80968
chr11	5125771	5325771	harbor1	chr11	5168499	5168713	SINE/MIR	452	-	107	5168606	42835
chr11	5125771	5325771	harbor1	chr11	5208088	5208308	SINE/MIR	421	-	110	5208198	82427
chr11	5127185	5327185	harbor1	chr11	5168499	5168713	SINE/MIR	452	-	107	5168606	41421
chr11	5127185	5327185	harbor1	chr11	5208088	5208308	SINE/MIR	421	-	110	5208198	81013
chr11	73276655	73476655	harbor1	chr11	73282854	73283058	SINE/MIR	530	-	102	73282956	6301
chr11	73276655	73476655	harbor1	chr11	73294811	73294975	SINE/MIR	693	-	82	73294893	18238
chr11	73276655	73476655	harbor1	chr11	73338230	73338357	SINE/MIR	527	-	64	73338294	61639
chr11	73276655	73476655	harbor1	chr11	73350141	73350251	SINE/MIR	525	-	55	73350196	73541
chr11	73276655	73476655	harbor1	chr11	73350252	73350488	SINE/MIR	826	-	118	73350370	73715
chr11	73276655	73476655	harbor1	chr11	73350489	73350561	SINE/MIR	525	-	36	73350525	73870
chr11	73276655	73476655	harbor1	chr11	73353492	73353692	SINE/MIR	513	-	100	73353592	76937
chr11	73276655	73476655	harbor1	chr11	73371555	73371757	SINE/MIR	678	-	101	73371656	95001
chr11	5134100	5334100	harbor1	chr11	5168499	5168713	SINE/MIR	452	-	107	5168606	34506
chr11	5134100	5334100	harbor1	chr11	5208088	5208308	SINE/MIR	421	-	110	5208198	74098
chr11	5134575	5334575	harbor1	chr11	5168499	5168713	SINE/MIR	452	-	107	5168606	34031
chr11	5134575	5334575	harbor1	chr11	5208088	5208308	SINE/MIR	421	-	110	5208198	73623
chr11	6140855	6340855	harbor1	chr11	6151288	6151532	SINE/MIR	623	-	122	6151410	10555
chr11	6140855	6340855	harbor1	chr11	6176155	6176319	SINE/MIR	600	-	82	6176237	35382
chr11	6140855	6340855	harbor1	chr11	6227173	6227381	SINE/MIR	698	-	104	6227277	86422
chr11	5127304	5327304	harbor1	chr11	5168499	5168713	SINE/MIR	452	-	107	5168606	41302
chr11	5127304	5327304	harbor1	chr11	5208088	5208308	SINE/MIR	421	-	110	5208198	80894
chr11	5024680	5224680	harbor1	chr11	5034263	5034457	SINE/MIR	576	-	97	5034360	9680
chr11	5024680	5224680	harbor1	chr11	5044099	5044321	SINE/MIR	449	-	111	5044210	19530
chr11	20060703	20260703	harbor1	chr11	20076064	20076273	SINE/MIR	480	-	104	20076168	15465
chr11	20060703	20260703	harbor1	chr11	20078881	20079045	SINE/MIR	419	-	82	20078963	18260
chr11	20060703	20260703	harbor1	chr11	20079341	20079432	SINE/MIR	419	-	46	20079387	18684
chr11	20060703	20260703	harbor1	chr11	20094616	20094815	SINE/MIR	414	-	100	20094716	34013
chr11	20060703	20260703	harbor1	chr11	20101578	20101736	SINE/MIR	452	-	79	20101657	40954
chr11	20060703	20260703	harbor1	chr11	20103793	20104009	SINE/MIR	627	-	108	20103901	43198
chr11	20060703	20260703	harbor1	chr11	20108100	20108328	SINE/MIR	492	-	114	20108214	47511
chr11	20060703	20260703	harbor1	chr11	20114309	20114406	SINE/MIR	448	-	48	20114357	53654
chr11	20060703	20260703	harbor1	chr11	20117325	20117491	SINE/MIR	630	-	83	20117408	56705
chr11	20060703	20260703	harbor1	chr11	20117815	20118023	SINE/MIR	953	-	104	20117919	57216
chr11	20060703	20260703	harbor1	chr11	20122985	20123190	SINE/MIR	481	-	102	20123087	62384
chr11	20060703	20260703	harbor1	chr11	20133649	20133729	SINE/MIR	446	-	40	20133689	72986
chr11	5134650	5334650	harbor1	chr11	5168499	5168713	SINE/MIR	452	-	107	5168606	33956
chr11	5134650	5334650	harbor1	chr11	5208088	5208308	SINE/MIR	421	-	110	5208198	73548
chr11	5125398	5325398	harbor1	chr11	5168499	5168713	SINE/MIR	452	-	107	5168606	43208
chr11	5125398	5325398	harbor1	chr11	5208088	5208308	SINE/MIR	421	-	110	5208198	82800
chr11	64806660	65006660	harbor1	chr11	64807351	64807564	SINE/MIR	485	-	106	64807457	797
chr11	64806660	65006660	harbor1	chr11	64826094	64826313	SINE/MIR	531	-	110	64826204	19544
chr11	64806660	65006660	harbor1	chr11	64827949	64828147	SINE/MIR	457	-	99	64828048	21388
chr11	6512331	6712331	harbor1	chr11	6550080	6550310	SINE/MIR	536	-	115	6550195	37864
chr11	6512331	6712331	harbor1	chr11	6565421	6565601	SINE/MIR	880	-	90	6565511	53180
chr11	6512331	6712331	harbor1	chr11	6577797	6577954	SINE/MIR	768	-	78	6577875	65544
chr11	6512331	6712331	harbor1	chr11	6599253	6599466	SINE/MIR	618	-	106	6599359	87028
chr11	46430260	46630260	harbor1	chr11	46494865	46495103	SINE/MIR	546	-	119	46494984	64724
chr11	46430260	46630260	harbor1	chr11	46513437	46513669	SINE/MIR	461	-	116	46513553	83293
chr11	5127284	5327284	harbor1	chr11	5168499	5168713	SINE/MIR	452	-	107	5168606	41322
chr11	5127284	5327284	harbor1	chr11	5208088	5208308	SINE/MIR	421	-	110	5208198	80914
chr11	5124821	5324821	harbor1	chr11	5168499	5168713	SINE/MIR	452	-	107	5168606	43785
chr11	5124821	5324821	harbor1	chr11	5208088	5208308	SINE/MIR	421	-	110	5208198	83377
chr11	5127245	5327245	harbor1	chr11	5168499	5168713	SINE/MIR	452	-	107	5168606	41361
chr11	5127245	5327245	harbor1	chr11	5208088	5208308	SINE/MIR	421	-	110	5208198	80953
chr11	5126970	5326970	harbor1	chr11	5168499	5168713	SINE/MIR	452	-	107	5168606	41636
chr11	5126970	5326970	harbor1	chr11	5208088	5208308	SINE/MIR	421	-	110	5208198	81228
chr11	5127167	5327167	harbor1	chr11	5168499	5168713	SINE/MIR	452	-	107	5168606	41439
chr11	5127167	5327167	harbor1	chr11	5208088	5208308	SINE/MIR	421	-	110	5208198	81031
chr11	5126888	5326888	harbor1	chr11	5168499	5168713	SINE/MIR	452	-	107	5168606	41718
chr11	5126888	5326888	harbor1	chr11	5208088	5208308	SINE/MIR	421	-	110	5208198	81310
chr11	63713415	63913415	harbor1	chr11	63740850	63741089	SINE/MIR	877	-	120	63740970	27555
chr11	63713415	63913415	harbor1	chr11	63747776	63747941	SINE/MIR	530	-	82	63747858	34443
chr11	5021372	5221372	harbor1	chr11	5034263	5034457	SINE/MIR	576	-	97	5034360	12988
chr11	5021372	5221372	harbor1	chr11	5044099	5044321	SINE/MIR	449	-	111	5044210	22838
chr11	5125946	5325946	harbor1	chr11	5168499	5168713	SINE/MIR	452	-	107	5168606	42660
chr11	5125946	5325946	harbor1	chr11	5208088	5208308	SINE/MIR	421	-	110	5208198	82252
chr11	86275379	86475379	harbor1	chr11	86290514	86290738	SINE/MIR	627	-	112	86290626	15247
chr11	86275379	86475379	harbor1	chr11	86300879	86301082	SINE/MIR	793	-	102	86300981	25602
chr11	86275379	86475379	harbor1	chr11	86301548	86301739	SINE/MIR	639	-	96	86301644	26265
chr11	86275379	86475379	harbor1	chr11	86362030	86362217	SINE/MIR	419	-	94	86362124	86745
chr11	5127149	5327149	harbor1	chr11	5168499	5168713	SINE/MIR	452	-	107	5168606	41457
chr11	5127149	5327149	harbor1	chr11	5208088	5208308	SINE/MIR	421	-	110	5208198	81049
chr11	64537978	64737978	harbor1	chr11	64540293	64540500	SINE/MIR	651	-	104	64540397	2419
chr11	64537978	64737978	harbor1	chr11	64543192	64543377	SINE/MIR	638	-	92	64543284	5306
chr11	64537978	64737978	harbor1	chr11	64557177	64557329	SINE/MIR	520	-	76	64557253	19275
chr11	64537978	64737978	harbor1	chr11	64561288	64561445	SINE/MIR	627	-	78	64561366	23388
chr11	64537978	64737978	harbor1	chr11	64563230	64563432	SINE/MIR	579	-	101	64563331	25353
chr11	64537978	64737978	harbor1	chr11	64570628	64570778	SINE/MIR	406	-	75	64570703	32725
chr11	64537978	64737978	harbor1	chr11	64580231	64580483	SINE/MIR	955	-	126	64580357	42379
chr11	64537978	64737978	harbor1	chr11	64602483	64602722	SINE/MIR	699	-	120	64602603	64625
chr11	64537978	64737978	harbor1	chr11	64624891	64625044	SINE/MIR	403	-	76	64624967	86989
chr11	64537978	64737978	harbor1	chr11	64628130	64628358	SINE/MIR	677	-	114	64628244	90266
chr11	64537978	64737978	harbor1	chr11	64631497	64631698	SINE/MIR	589	-	100	64631597	93619
chr11	64537978	64737978	harbor1	chr11	64633348	64633522	SINE/MIR	491	-	87	64633435	95457
chr11	4897645	5097645	harbor1	chr11	4918009	4918238	SINE/MIR	648	-	114	4918123	20478
chr11	4897645	5097645	harbor1	chr11	4923064	4923264	SINE/MIR	590	-	100	4923164	25519
chr11	4897645	5097645	harbor1	chr11	4925040	4925285	SINE/MIR	635	-	122	4925162	27517
chr11	5126804	5326804	harbor1	chr11	5168499	5168713	SINE/MIR	452	-	107	5168606	41802
chr11	5126804	5326804	harbor1	chr11	5208088	5208308	SINE/MIR	421	-	110	5208198	81394
chr11	76580403	76780403	harbor1	chr11	76618259	76618488	SINE/MIR	685	-	114	76618373	37970
chr11	76580403	76780403	harbor1	chr11	76626415	76626663	SINE/MIR	607	-	124	76626539	46136
chr11	76580403	76780403	harbor1	chr11	76654307	76654444	SINE/MIR	432	-	68	76654375	73972
chr11	76580403	76780403	harbor1	chr11	76662356	76662555	SINE/MIR	416	-	100	76662456	82053
chr11	76580403	76780403	harbor1	chr11	76667118	76667344	SINE/MIR	664	-	113	76667231	86828
chr11	76580403	76780403	harbor1	chr11	76669447	76669690	SINE/MIR	689	-	122	76669569	89166
chr11	76580403	76780403	harbor1	chr11	76669704	76669860	SINE/MIR	483	-	78	76669782	89379
chr11	76580403	76780403	harbor1	chr11	76671447	76671573	SINE/MIR	403	-	63	76671510	91107
chr11	67117644	67317644	harbor1	chr11	67130738	67131019	SINE/MIR	752	-	140	67130878	13234
chr11	67117644	67317644	harbor1	chr11	67136125	67136356	SINE/MIR	625	-	116	67136241	18597
chr11	2054434	2254434	harbor1	chr11	2153893	2154087	SINE/MIR	507	-	97	2153990	99556
chr11	5134605	5334605	harbor1	chr11	5168499	5168713	SINE/MIR	452	-	107	5168606	34001
chr11	5134605	5334605	harbor1	chr11	5208088	5208308	SINE/MIR	421	-	110	5208198	73593
chr11	5125064	5325064	harbor1	chr11	5168499	5168713	SINE/MIR	452	-	107	5168606	43542
chr11	5125064	5325064	harbor1	chr11	5208088	5208308	SINE/MIR	421	-	110	5208198	83134
chr11	5125194	5325194	harbor1	chr11	5168499	5168713	SINE/MIR	452	-	107	5168606	43412
chr11	5125194	5325194	harbor1	chr11	5208088	5208308	SINE/MIR	421	-	110	5208198	83004
chr11	16505296	16705296	harbor1	chr11	16528271	16528507	SINE/MIR	596	-	118	16528389	23093
chr11	16505296	16705296	harbor1	chr11	16585295	16585514	SINE/MIR	741	-	110	16585405	80109
chr11	16505296	16705296	harbor1	chr11	16593674	16593873	SINE/MIR	622	-	100	16593774	88478
chr11	16505296	16705296	harbor1	chr11	16597360	16597490	SINE/MIR	425	-	65	16597425	92129
chr11	16505296	16705296	harbor1	chr11	16598087	16598242	SINE/MIR	707	-	78	16598165	92869
chr11	129769693	129969693	harbor1	chr11	129826202	129826267	SINE/MIR	429	-	32	129826234	56541
chr11	129769693	129969693	harbor1	chr11	129826569	129826669	SINE/MIR	429	-	50	129826619	56926
chr11	129769693	129969693	harbor1	chr11	129828993	129829226	SINE/MIR	538	-	116	129829109	59416
chr11	129769693	129969693	harbor1	chr11	129857941	129858108	SINE/MIR	633	-	84	129858025	88332
chr11	76580432	76780432	harbor1	chr11	76618259	76618488	SINE/MIR	685	-	114	76618373	37941
chr11	76580432	76780432	harbor1	chr11	76626415	76626663	SINE/MIR	607	-	124	76626539	46107
chr11	76580432	76780432	harbor1	chr11	76654307	76654444	SINE/MIR	432	-	68	76654375	73943
chr11	76580432	76780432	harbor1	chr11	76662356	76662555	SINE/MIR	416	-	100	76662456	82024
chr11	76580432	76780432	harbor1	chr11	76667118	76667344	SINE/MIR	664	-	113	76667231	86799
chr11	76580432	76780432	harbor1	chr11	76669447	76669690	SINE/MIR	689	-	122	76669569	89137
chr11	76580432	76780432	harbor1	chr11	76669704	76669860	SINE/MIR	483	-	78	76669782	89350
chr11	76580432	76780432	harbor1	chr11	76671447	76671573	SINE/MIR	403	-	63	76671510	91078
chr11	64538016	64738016	harbor1	chr11	64540293	64540500	SINE/MIR	651	-	104	64540397	2381
chr11	64538016	64738016	harbor1	chr11	64543192	64543377	SINE/MIR	638	-	92	64543284	5268
chr11	64538016	64738016	harbor1	chr11	64557177	64557329	SINE/MIR	520	-	76	64557253	19237
chr11	64538016	64738016	harbor1	chr11	64561288	64561445	SINE/MIR	627	-	78	64561366	23350
chr11	64538016	64738016	harbor1	chr11	64563230	64563432	SINE/MIR	579	-	101	64563331	25315
chr11	64538016	64738016	harbor1	chr11	64570628	64570778	SINE/MIR	406	-	75	64570703	32687
chr11	64538016	64738016	harbor1	chr11	64580231	64580483	SINE/MIR	955	-	126	64580357	42341
chr11	64538016	64738016	harbor1	chr11	64602483	64602722	SINE/MIR	699	-	120	64602603	64587
chr11	64538016	64738016	harbor1	chr11	64624891	64625044	SINE/MIR	403	-	76	64624967	86951
chr11	64538016	64738016	harbor1	chr11	64628130	64628358	SINE/MIR	677	-	114	64628244	90228
chr11	64538016	64738016	harbor1	chr11	64631497	64631698	SINE/MIR	589	-	100	64631597	93581
chr11	64538016	64738016	harbor1	chr11	64633348	64633522	SINE/MIR	491	-	87	64633435	95419
chr11	5126793	5326793	harbor1	chr11	5168499	5168713	SINE/MIR	452	-	107	5168606	41813
chr11	5126793	5326793	harbor1	chr11	5208088	5208308	SINE/MIR	421	-	110	5208198	81405
chr11	5134533	5334533	harbor1	chr11	5168499	5168713	SINE/MIR	452	-	107	5168606	34073
chr11	5134533	5334533	harbor1	chr11	5208088	5208308	SINE/MIR	421	-	110	5208198	73665
chr11	5127205	5327205	harbor1	chr11	5168499	5168713	SINE/MIR	452	-	107	5168606	41401
chr11	5127205	5327205	harbor1	chr11	5208088	5208308	SINE/MIR	421	-	110	5208198	80993
chr11	5127241	5327241	harbor1	chr11	5168499	5168713	SINE/MIR	452	-	107	5168606	41365
chr11	5127241	5327241	harbor1	chr11	5208088	5208308	SINE/MIR	421	-	110	5208198	80957
chr11	76580985	76780985	harbor1	chr11	76618259	76618488	SINE/MIR	685	-	114	76618373	37388
chr11	76580985	76780985	harbor1	chr11	76626415	76626663	SINE/MIR	607	-	124	76626539	45554
chr11	76580985	76780985	harbor1	chr11	76654307	76654444	SINE/MIR	432	-	68	76654375	73390
chr11	76580985	76780985	harbor1	chr11	76662356	76662555	SINE/MIR	416	-	100	76662456	81471
chr11	76580985	76780985	harbor1	chr11	76667118	76667344	SINE/MIR	664	-	113	76667231	86246
chr11	76580985	76780985	harbor1	chr11	76669447	76669690	SINE/MIR	689	-	122	76669569	88584
chr11	76580985	76780985	harbor1	chr11	76669704	76669860	SINE/MIR	483	-	78	76669782	88797
chr11	76580985	76780985	harbor1	chr11	76671447	76671573	SINE/MIR	403	-	63	76671510	90525
chr11	5127169	5327169	harbor1	chr11	5168499	5168713	SINE/MIR	452	-	107	5168606	41437
chr11	5127169	5327169	harbor1	chr11	5208088	5208308	SINE/MIR	421	-	110	5208198	81029
chr11	5134210	5334210	harbor1	chr11	5168499	5168713	SINE/MIR	452	-	107	5168606	34396
chr11	5134210	5334210	harbor1	chr11	5208088	5208308	SINE/MIR	421	-	110	5208198	73988
chr11	64348932	64548932	harbor1	chr11	64362623	64362677	SINE/MIR	519	-	27	64362650	13718
chr11	64348932	64548932	harbor1	chr11	64362971	64363100	SINE/MIR	519	-	64	64363035	14103
chr11	107909152	108109152	harbor1	chr11	107919996	107920129	SINE/MIR	550	-	66	107920062	10910
chr11	5134609	5334609	harbor1	chr11	5168499	5168713	SINE/MIR	452	-	107	5168606	33997
chr11	5134609	5334609	harbor1	chr11	5208088	5208308	SINE/MIR	421	-	110	5208198	73589
chr11	5127154	5327154	harbor1	chr11	5168499	5168713	SINE/MIR	452	-	107	5168606	41452
chr11	5127154	5327154	harbor1	chr11	5208088	5208308	SINE/MIR	421	-	110	5208198	81044
chr11	5127316	5327316	harbor1	chr11	5168499	5168713	SINE/MIR	452	-	107	5168606	41290
chr11	5127316	5327316	harbor1	chr11	5208088	5208308	SINE/MIR	421	-	110	5208198	80882
chr11	5131436	5331436	harbor1	chr11	5168499	5168713	SINE/MIR	452	-	107	5168606	37170
chr11	5131436	5331436	harbor1	chr11	5208088	5208308	SINE/MIR	421	-	110	5208198	76762
chr11	5127298	5327298	harbor1	chr11	5168499	5168713	SINE/MIR	452	-	107	5168606	41308
chr11	5127298	5327298	harbor1	chr11	5208088	5208308	SINE/MIR	421	-	110	5208198	80900
chr11	5134612	5334612	harbor1	chr11	5168499	5168713	SINE/MIR	452	-	107	5168606	33994
chr11	5134612	5334612	harbor1	chr11	5208088	5208308	SINE/MIR	421	-	110	5208198	73586
chr11	74201768	74401768	harbor1	chr11	74206885	74207010	SINE/MIR	408	-	62	74206947	5179
chr11	74201768	74401768	harbor1	chr11	74229620	74229814	SINE/MIR	533	-	97	74229717	27949
chr11	74201768	74401768	harbor1	chr11	74237640	74237797	SINE/MIR	681	-	78	74237718	35950
chr11	74201768	74401768	harbor1	chr11	74240650	74240823	SINE/MIR	404	-	86	74240736	38968
chr11	74201768	74401768	harbor1	chr11	74240853	74241007	SINE/MIR	455	-	77	74240930	39162
chr11	74201768	74401768	harbor1	chr11	74258442	74258650	SINE/MIR	477	-	104	74258546	56778
chr11	74201768	74401768	harbor1	chr11	74270551	74270813	SINE/MIR	795	-	131	74270682	68914
chr11	74201768	74401768	harbor1	chr11	74296093	74296333	SINE/MIR	798	-	120	74296213	94445
chr11	5134643	5334643	harbor1	chr11	5168499	5168713	SINE/MIR	452	-	107	5168606	33963
chr11	5134643	5334643	harbor1	chr11	5208088	5208308	SINE/MIR	421	-	110	5208198	73555
chr11	43448357	43648357	harbor1	chr11	43498107	43498353	SINE/MIR	847	-	123	43498230	49873
chr11	43448357	43648357	harbor1	chr11	43498357	43498556	SINE/MIR	647	-	100	43498457	50100
chr11	43448357	43648357	harbor1	chr11	43516008	43516137	SINE/MIR	505	-	64	43516072	67715
chr11	43448357	43648357	harbor1	chr11	43541451	43541701	SINE/MIR	1109	-	125	43541576	93219
chr11	61485519	61685519	harbor1	chr11	61515986	61516168	SINE/MIR	501	-	91	61516077	30558
chr11	61485519	61685519	harbor1	chr11	61519076	61519299	SINE/MIR	683	-	112	61519188	33669
chr11	61485519	61685519	harbor1	chr11	61522495	61522716	SINE/MIR	559	-	110	61522605	37086
chr11	61485519	61685519	harbor1	chr11	61523441	61523582	SINE/MIR	534	-	70	61523511	37992
chr11	61485519	61685519	harbor1	chr11	61527262	61527478	SINE/MIR	1057	-	108	61527370	41851
chr11	61485519	61685519	harbor1	chr11	61529334	61529542	SINE/MIR	426	-	104	61529438	43919
chr11	61485519	61685519	harbor1	chr11	61536947	61537138	SINE/MIR	547	-	96	61537043	51524
chr11	61485519	61685519	harbor1	chr11	61560032	61560202	SINE/MIR	573	-	85	61560117	74598
chr11	61485519	61685519	harbor1	chr11	61563396	61563546	SINE/MIR	431	-	75	61563471	77952
chr11	61485519	61685519	harbor1	chr11	61564456	61564628	SINE/MIR	625	-	86	61564542	79023
chr11	61485519	61685519	harbor1	chr11	61568409	61568641	SINE/MIR	715	-	116	61568525	83006
chr11	61485519	61685519	harbor1	chr11	61568765	61569010	SINE/MIR	676	-	122	61568887	83368
chr11	61485519	61685519	harbor1	chr11	61570399	61570632	SINE/MIR	639	-	116	61570515	84996
chr11	61485519	61685519	harbor1	chr11	61574166	61574396	SINE/MIR	759	-	115	61574281	88762
chr11	61485519	61685519	harbor1	chr11	61521858	61522065	SINE/MIR	596	-	104	61521962	36443
chr11	61485519	61685519	harbor1	chr11	61570893	61571147	SINE/MIR	895	-	127	61571020	85501
chr11	133199713	133399713	harbor1	chr11	133216550	133216761	SINE/MIR	400	-	106	133216656	16943
chr11	133199713	133399713	harbor1	chr11	133225869	133226072	SINE/MIR	704	-	102	133225971	26258
chr11	133199713	133399713	harbor1	chr11	133228192	133228448	SINE/MIR	414	-	128	133228320	28607
chr11	133199713	133399713	harbor1	chr11	133237918	133238168	SINE/MIR	490	-	125	133238043	38330
chr11	133199713	133399713	harbor1	chr11	133259246	133259460	SINE/MIR	436	-	107	133259353	59640
chr11	133199713	133399713	harbor1	chr11	133271519	133271657	SINE/MIR	446	-	69	133271588	71875
chr11	133199713	133399713	harbor1	chr11	133277837	133277990	SINE/MIR	464	-	76	133277913	78200
chr11	133199713	133399713	harbor1	chr11	133278825	133278992	SINE/MIR	447	-	84	133278909	79196
chr11	5127228	5327228	harbor1	chr11	5168499	5168713	SINE/MIR	452	-	107	5168606	41378
chr11	5127228	5327228	harbor1	chr11	5208088	5208308	SINE/MIR	421	-	110	5208198	80970
chr11	5127118	5327118	harbor1	chr11	5168499	5168713	SINE/MIR	452	-	107	5168606	41488
chr11	5127118	5327118	harbor1	chr11	5208088	5208308	SINE/MIR	421	-	110	5208198	81080
chr11	68332235	68532235	harbor1	chr11	68387417	68387583	SINE/MIR	444	-	83	68387500	55265
chr11	68332235	68532235	harbor1	chr11	68410308	68410560	SINE/MIR	543	-	126	68410434	78199
chr11	68332235	68532235	harbor1	chr11	68414287	68414510	SINE/MIR	621	-	112	68414399	82164
chr11	68332235	68532235	harbor1	chr11	68414693	68414927	SINE/MIR	415	-	117	68414810	82575
chr11	69539187	69739187	harbor1	chr11	69563639	69563811	SINE/MIR	658	-	86	69563725	24538
chr11	69539187	69739187	harbor1	chr11	69628102	69628323	SINE/MIR	559	-	110	69628212	89025
chr11	69539187	69739187	harbor1	chr11	69635335	69635476	SINE/MIR	445	-	70	69635405	96218
chr11	106965389	107165389	harbor1	chr11	106973837	106974097	SINE/MIR	855	-	130	106973967	8578
chr11	106965389	107165389	harbor1	chr11	106981953	106982150	SINE/MIR	512	-	98	106982051	16662
chr11	106965389	107165389	harbor1	chr11	106991852	106992112	SINE/MIR	789	-	130	106991982	26593
chr11	106965389	107165389	harbor1	chr11	106994507	106994732	SINE/MIR	539	-	112	106994619	29230
chr11	106965389	107165389	harbor1	chr11	106995196	106995434	SINE/MIR	618	-	119	106995315	29926
chr11	106965389	107165389	harbor1	chr11	107012471	107012653	SINE/MIR	657	-	91	107012562	47173
chr11	106965389	107165389	harbor1	chr11	107044254	107044462	SINE/MIR	586	-	104	107044358	78969
chr11	5127079	5327079	harbor1	chr11	5168499	5168713	SINE/MIR	452	-	107	5168606	41527
chr11	5127079	5327079	harbor1	chr11	5208088	5208308	SINE/MIR	421	-	110	5208198	81119
chr11	61385568	61585568	harbor1	chr11	61402094	61402300	SINE/MIR	431	-	103	61402197	16629
chr11	61385568	61585568	harbor1	chr11	61410488	61410712	SINE/MIR	513	-	112	61410600	25032
chr11	61385568	61585568	harbor1	chr11	61411292	61411526	SINE/MIR	737	-	117	61411409	25841
chr11	61385568	61585568	harbor1	chr11	61419599	61419768	SINE/MIR	574	-	84	61419683	34115
chr11	61385568	61585568	harbor1	chr11	61447270	61447469	SINE/MIR	591	-	100	61447370	61802
chr11	61385568	61585568	harbor1	chr11	61450321	61450557	SINE/MIR	750	-	118	61450439	64871
chr11	61385568	61585568	harbor1	chr11	61453562	61453730	SINE/MIR	448	-	84	61453646	68078
chr11	61385568	61585568	harbor1	chr11	61467056	61467277	SINE/MIR	622	-	110	61467166	81598
chr11	61385568	61585568	harbor1	chr11	61473951	61474197	SINE/MIR	568	-	123	61474074	88506
chr11	61385568	61585568	harbor1	chr11	61478547	61478750	SINE/MIR	579	-	102	61478649	93081
chr11	5127261	5327261	harbor1	chr11	5168499	5168713	SINE/MIR	452	-	107	5168606	41345
chr11	5127261	5327261	harbor1	chr11	5208088	5208308	SINE/MIR	421	-	110	5208198	80937
chr11	5127282	5327282	harbor1	chr11	5168499	5168713	SINE/MIR	452	-	107	5168606	41324
chr11	5127282	5327282	harbor1	chr11	5208088	5208308	SINE/MIR	421	-	110	5208198	80916
chr11	45786319	45986319	harbor1	chr11	45806577	45806814	SINE/MIR	1033	-	118	45806695	20376
chr11	45786319	45986319	harbor1	chr11	45807008	45807220	SINE/MIR	704	-	106	45807114	20795
chr11	45786319	45986319	harbor1	chr11	45822050	45822194	SINE/MIR	407	-	72	45822122	35803
chr11	45786319	45986319	harbor1	chr11	45822231	45822480	SINE/MIR	1088	-	124	45822355	36036
chr11	45786319	45986319	harbor1	chr11	45825021	45825178	SINE/MIR	534	-	78	45825099	38780
chr11	45786319	45986319	harbor1	chr11	45833139	45833347	SINE/MIR	969	-	104	45833243	46924
chr11	45786319	45986319	harbor1	chr11	45842986	45843136	SINE/MIR	698	-	75	45843061	56742
chr11	45786319	45986319	harbor1	chr11	45845294	45845455	SINE/MIR	532	-	80	45845374	59055
chr11	45786319	45986319	harbor1	chr11	45847863	45848040	SINE/MIR	466	-	88	45847951	61632
chr11	45786319	45986319	harbor1	chr11	45855602	45855819	SINE/MIR	785	-	108	45855710	69391
chr11	45786319	45986319	harbor1	chr11	45857179	45857390	SINE/MIR	542	-	106	45857285	70966
chr11	45786319	45986319	harbor1	chr11	45862304	45862500	SINE/MIR	760	-	98	45862402	76083
chr11	45786319	45986319	harbor1	chr11	45885085	45885283	SINE/MIR	454	-	99	45885184	98865
chr11	45786319	45986319	harbor1	chr11	45809658	45809769	SINE/MIR	408	-	56	45809714	23395
chr11	10653639	10853639	harbor1	chr11	10656597	10656820	SINE/MIR	813	-	112	10656709	3070
chr11	10653639	10853639	harbor1	chr11	10657148	10657344	SINE/MIR	515	-	98	10657246	3607
chr11	10653639	10853639	harbor1	chr11	10663813	10663974	SINE/MIR	545	-	80	10663893	10254
chr11	10653639	10853639	harbor1	chr11	10666198	10666431	SINE/MIR	838	-	116	10666314	12675
chr11	10653639	10853639	harbor1	chr11	10678384	10678608	SINE/MIR	525	-	112	10678496	24857
chr11	10653639	10853639	harbor1	chr11	10679401	10679589	SINE/MIR	484	-	94	10679495	25856
chr11	10653639	10853639	harbor1	chr11	10695456	10695671	SINE/MIR	509	-	108	10695564	41925
chr11	10653639	10853639	harbor1	chr11	10707156	10707423	SINE/MIR	734	-	134	10707290	53651
chr11	10653639	10853639	harbor1	chr11	10708695	10708922	SINE/MIR	881	-	114	10708809	55170
chr11	10653639	10853639	harbor1	chr11	10712808	10713042	SINE/MIR	883	-	117	10712925	59286
chr11	10653639	10853639	harbor1	chr11	10721489	10721696	SINE/MIR	547	-	104	10721593	67954
chr11	103833171	104033171	harbor1	chr11	103853877	103854103	SINE/MIR	713	-	113	103853990	20819
chr11	103833171	104033171	harbor1	chr11	103879478	103879668	SINE/MIR	401	-	95	103879573	46402
chr11	103833171	104033171	harbor1	chr11	103930440	103930621	SINE/MIR	479	-	90	103930530	97359
chr11	103833171	104033171	harbor1	chr11	103858052	103858271	SINE/MIR	527	-	110	103858162	24991
chr11	5127153	5327153	harbor1	chr11	5168499	5168713	SINE/MIR	452	-	107	5168606	41453
chr11	5127153	5327153	harbor1	chr11	5208088	5208308	SINE/MIR	421	-	110	5208198	81045
chr11	47086439	47286439	harbor1	chr11	47090617	47090757	SINE/MIR	622	-	70	47090687	4248
chr11	47086439	47286439	harbor1	chr11	47091076	47091109	SINE/MIR	622	-	16	47091092	4653
chr11	47086439	47286439	harbor1	chr11	47091388	47091456	SINE/MIR	622	-	34	47091422	4983
chr11	47086439	47286439	harbor1	chr11	47105538	47105774	SINE/MIR	874	-	118	47105656	19217
chr11	47086439	47286439	harbor1	chr11	47119911	47120051	SINE/MIR	462	-	70	47119981	33542
chr11	47086439	47286439	harbor1	chr11	47132423	47132677	SINE/MIR	681	-	127	47132550	46111
chr11	47086439	47286439	harbor1	chr11	47132942	47133172	SINE/MIR	855	-	115	47133057	46618
chr11	47086439	47286439	harbor1	chr11	47135216	47135421	SINE/MIR	816	-	102	47135318	48879
chr11	47086439	47286439	harbor1	chr11	47148703	47148933	SINE/MIR	465	-	115	47148818	62379
chr11	47086439	47286439	harbor1	chr11	47172031	47172274	SINE/MIR	457	-	122	47172153	85714
chr11	47086439	47286439	harbor1	chr11	47174106	47174281	SINE/MIR	497	-	88	47174194	87755
chr11	5127126	5327126	harbor1	chr11	5168499	5168713	SINE/MIR	452	-	107	5168606	41480
chr11	5127126	5327126	harbor1	chr11	5208088	5208308	SINE/MIR	421	-	110	5208198	81072
chr11	69539232	69739232	harbor1	chr11	69563639	69563811	SINE/MIR	658	-	86	69563725	24493
chr11	69539232	69739232	harbor1	chr11	69628102	69628323	SINE/MIR	559	-	110	69628212	88980
chr11	69539232	69739232	harbor1	chr11	69635335	69635476	SINE/MIR	445	-	70	69635405	96173
chr11	5029745	5229745	harbor1	chr11	5034263	5034457	SINE/MIR	576	-	97	5034360	4615
chr11	5029745	5229745	harbor1	chr11	5044099	5044321	SINE/MIR	449	-	111	5044210	14465
chr11	5127166	5327166	harbor1	chr11	5168499	5168713	SINE/MIR	452	-	107	5168606	41440
chr11	5127166	5327166	harbor1	chr11	5208088	5208308	SINE/MIR	421	-	110	5208198	81032
chr11	2054516	2254516	harbor1	chr11	2153893	2154087	SINE/MIR	507	-	97	2153990	99474
chr11	5125272	5325272	harbor1	chr11	5168499	5168713	SINE/MIR	452	-	107	5168606	43334
chr11	5125272	5325272	harbor1	chr11	5208088	5208308	SINE/MIR	421	-	110	5208198	82926
chr11	3708495	3908495	harbor1	chr11	3763107	3763313	SINE/MIR	467	-	103	3763210	54715
chr11	3708495	3908495	harbor1	chr11	3785973	3786192	SINE/MIR	610	-	110	3786083	77588
chr11	5126765	5326765	harbor1	chr11	5168499	5168713	SINE/MIR	452	-	107	5168606	41841
chr11	5126765	5326765	harbor1	chr11	5208088	5208308	SINE/MIR	421	-	110	5208198	81433
chr11	5132426	5332426	harbor1	chr11	5168499	5168713	SINE/MIR	452	-	107	5168606	36180
chr11	5132426	5332426	harbor1	chr11	5208088	5208308	SINE/MIR	421	-	110	5208198	75772
chr11	65109998	65309998	harbor1	chr11	65150116	65150257	SINE/MIR	611	-	70	65150186	40188
chr11	65109998	65309998	harbor1	chr11	65150562	65150611	SINE/MIR	611	-	24	65150586	40588
chr11	65109998	65309998	harbor1	chr11	65207024	65207179	SINE/MIR	493	-	78	65207102	97104
chr11	5127151	5327151	harbor1	chr11	5168499	5168713	SINE/MIR	452	-	107	5168606	41455
chr11	5127151	5327151	harbor1	chr11	5208088	5208308	SINE/MIR	421	-	110	5208198	81047
chr11	5127128	5327128	harbor1	chr11	5168499	5168713	SINE/MIR	452	-	107	5168606	41478
chr11	5127128	5327128	harbor1	chr11	5208088	5208308	SINE/MIR	421	-	110	5208198	81070
chr11	69539231	69739231	harbor1	chr11	69563639	69563811	SINE/MIR	658	-	86	69563725	24494
chr11	69539231	69739231	harbor1	chr11	69628102	69628323	SINE/MIR	559	-	110	69628212	88981
chr11	69539231	69739231	harbor1	chr11	69635335	69635476	SINE/MIR	445	-	70	69635405	96174
chr11	19964004	20164004	harbor1	chr11	19964423	19964492	SINE/MIR	439	-	34	19964457	453
chr11	19964004	20164004	harbor1	chr11	19965119	19965280	SINE/MIR	439	-	80	19965199	1195
chr11	19964004	20164004	harbor1	chr11	19966979	19967167	SINE/MIR	540	-	94	19967073	3069
chr11	19964004	20164004	harbor1	chr11	19989629	19989844	SINE/MIR	707	-	108	19989737	25733
chr11	19964004	20164004	harbor1	chr11	19996088	19996206	SINE/MIR	468	-	59	19996147	32143
chr11	19964004	20164004	harbor1	chr11	19997505	19997745	SINE/MIR	730	-	120	19997625	33621
chr11	19964004	20164004	harbor1	chr11	20005644	20005821	SINE/MIR	444	-	88	20005732	41728
chr11	19964004	20164004	harbor1	chr11	20011445	20011679	SINE/MIR	843	-	117	20011562	47558
chr11	19964004	20164004	harbor1	chr11	20023860	20024059	SINE/MIR	463	-	100	20023960	59956
chr11	19964004	20164004	harbor1	chr11	20040393	20040582	SINE/MIR	497	-	94	20040487	76483
chr11	682162	882162	harbor1	chr11	686599	686782	SINE/MIR	500	-	92	686691	4529
chr11	5134590	5334590	harbor1	chr11	5168499	5168713	SINE/MIR	452	-	107	5168606	34016
chr11	5134590	5334590	harbor1	chr11	5208088	5208308	SINE/MIR	421	-	110	5208198	73608
chr11	76580343	76780343	harbor1	chr11	76618259	76618488	SINE/MIR	685	-	114	76618373	38030
chr11	76580343	76780343	harbor1	chr11	76626415	76626663	SINE/MIR	607	-	124	76626539	46196
chr11	76580343	76780343	harbor1	chr11	76654307	76654444	SINE/MIR	432	-	68	76654375	74032
chr11	76580343	76780343	harbor1	chr11	76662356	76662555	SINE/MIR	416	-	100	76662456	82113
chr11	76580343	76780343	harbor1	chr11	76667118	76667344	SINE/MIR	664	-	113	76667231	86888
chr11	76580343	76780343	harbor1	chr11	76669447	76669690	SINE/MIR	689	-	122	76669569	89226
chr11	76580343	76780343	harbor1	chr11	76669704	76669860	SINE/MIR	483	-	78	76669782	89439
chr11	76580343	76780343	harbor1	chr11	76671447	76671573	SINE/MIR	403	-	63	76671510	91167
chr11	5134611	5334611	harbor1	chr11	5168499	5168713	SINE/MIR	452	-	107	5168606	33995
chr11	5134611	5334611	harbor1	chr11	5208088	5208308	SINE/MIR	421	-	110	5208198	73587
chr11	126625737	126825737	harbor1	chr11	126631165	126631368	SINE/MIR	465	-	102	126631267	5530
chr11	126625737	126825737	harbor1	chr11	126631678	126631882	SINE/MIR	690	-	102	126631780	6043
chr11	126625737	126825737	harbor1	chr11	126652403	126652646	SINE/MIR	594	-	122	126652525	26788
chr11	126625737	126825737	harbor1	chr11	126677418	126677608	SINE/MIR	471	-	95	126677513	51776
chr11	126625737	126825737	harbor1	chr11	126679379	126679604	SINE/MIR	544	-	112	126679491	53754
chr11	126625737	126825737	harbor1	chr11	126703407	126703632	SINE/MIR	723	-	112	126703519	77782
chr11	126625737	126825737	harbor1	chr11	126709896	126710144	SINE/MIR	506	-	124	126710020	84283
chr11	126625737	126825737	harbor1	chr11	126716278	126716475	SINE/MIR	419	-	98	126716376	90639
chr11	63739535	63939535	harbor1	chr11	63740850	63741089	SINE/MIR	877	-	120	63740970	1435
chr11	63739535	63939535	harbor1	chr11	63747776	63747941	SINE/MIR	530	-	82	63747858	8323
chr11	64537961	64737961	harbor1	chr11	64540293	64540500	SINE/MIR	651	-	104	64540397	2436
chr11	64537961	64737961	harbor1	chr11	64543192	64543377	SINE/MIR	638	-	92	64543284	5323
chr11	64537961	64737961	harbor1	chr11	64557177	64557329	SINE/MIR	520	-	76	64557253	19292
chr11	64537961	64737961	harbor1	chr11	64561288	64561445	SINE/MIR	627	-	78	64561366	23405
chr11	64537961	64737961	harbor1	chr11	64563230	64563432	SINE/MIR	579	-	101	64563331	25370
chr11	64537961	64737961	harbor1	chr11	64570628	64570778	SINE/MIR	406	-	75	64570703	32742
chr11	64537961	64737961	harbor1	chr11	64580231	64580483	SINE/MIR	955	-	126	64580357	42396
chr11	64537961	64737961	harbor1	chr11	64602483	64602722	SINE/MIR	699	-	120	64602603	64642
chr11	64537961	64737961	harbor1	chr11	64624891	64625044	SINE/MIR	403	-	76	64624967	87006
chr11	64537961	64737961	harbor1	chr11	64628130	64628358	SINE/MIR	677	-	114	64628244	90283
chr11	64537961	64737961	harbor1	chr11	64631497	64631698	SINE/MIR	589	-	100	64631597	93636
chr11	64537961	64737961	harbor1	chr11	64633348	64633522	SINE/MIR	491	-	87	64633435	95474
chr11	67166495	67366495	harbor1	chr11	67219050	67219225	SINE/MIR	542	-	88	67219138	52643
chr11	67166495	67366495	harbor1	chr11	67229098	67229290	SINE/MIR	533	-	96	67229194	62699
chr11	67166495	67366495	harbor1	chr11	67261239	67261413	SINE/MIR	424	-	87	67261326	94831
chr11	5127270	5327270	harbor1	chr11	5168499	5168713	SINE/MIR	452	-	107	5168606	41336
chr11	5127270	5327270	harbor1	chr11	5208088	5208308	SINE/MIR	421	-	110	5208198	80928
chr11	65948237	66148237	harbor1	chr11	65999001	65999223	SINE/MIR	455	-	111	65999112	50875
chr11	65948237	66148237	harbor1	chr11	66004765	66004940	SINE/MIR	441	-	88	66004853	56616
chr11	65948237	66148237	harbor1	chr11	66011552	66011710	SINE/MIR	556	-	79	66011631	63394
chr11	65948237	66148237	harbor1	chr11	66028213	66028389	SINE/MIR	410	-	88	66028301	80064
chr11	65948237	66148237	harbor1	chr11	66046024	66046252	SINE/MIR	738	-	114	66046138	97901
chr11	2054542	2254542	harbor1	chr11	2153893	2154087	SINE/MIR	507	-	97	2153990	99448
chr11	360421	560421	harbor1	chr11	458889	459048	SINE/MIR	414	-	80	458969	98548
chr11	65476370	65676370	harbor1	chr11	65486473	65486620	SINE/MIR	447	-	74	65486547	10177
chr11	65476370	65676370	harbor1	chr11	65568117	65568244	SINE/MIR	427	-	64	65568181	91811
chr11	9514217	9714217	harbor1	chr11	9528619	9528867	SINE/MIR	640	-	124	9528743	14526
chr11	5134672	5334672	harbor1	chr11	5168499	5168713	SINE/MIR	452	-	107	5168606	33934
chr11	5134672	5334672	harbor1	chr11	5208088	5208308	SINE/MIR	421	-	110	5208198	73526
chr11	5134217	5334217	harbor1	chr11	5168499	5168713	SINE/MIR	452	-	107	5168606	34389
chr11	5134217	5334217	harbor1	chr11	5208088	5208308	SINE/MIR	421	-	110	5208198	73981
chr11	5134433	5334433	harbor1	chr11	5168499	5168713	SINE/MIR	452	-	107	5168606	34173
chr11	5134433	5334433	harbor1	chr11	5208088	5208308	SINE/MIR	421	-	110	5208198	73765
chr11	57399763	57599763	harbor1	chr11	57400800	57401010	SINE/MIR	400	-	105	57400905	1142
chr11	57399763	57599763	harbor1	chr11	57401408	57401612	SINE/MIR	601	-	102	57401510	1747
chr11	57399763	57599763	harbor1	chr11	57406459	57406636	SINE/MIR	442	-	88	57406547	6784
chr11	57399763	57599763	harbor1	chr11	57419350	57419499	SINE/MIR	409	-	74	57419424	19661
chr11	57399763	57599763	harbor1	chr11	57431444	57431655	SINE/MIR	419	-	106	57431550	31787
chr11	57399763	57599763	harbor1	chr11	57431968	57431994	SINE/MIR	419	-	13	57431981	32218
chr11	57399763	57599763	harbor1	chr11	57433183	57433432	SINE/MIR	843	-	124	57433307	33544
chr11	57399763	57599763	harbor1	chr11	57473229	57473352	SINE/MIR	494	-	62	57473291	73528
chr11	57399763	57599763	harbor1	chr11	57475101	57475336	SINE/MIR	509	-	118	57475219	75456
chr11	57399763	57599763	harbor1	chr11	57475356	57475506	SINE/MIR	485	-	75	57475431	75668
chr11	57399763	57599763	harbor1	chr11	57475562	57475778	SINE/MIR	485	-	108	57475670	75907
chr11	57399763	57599763	harbor1	chr11	57493084	57493271	SINE/MIR	559	-	94	57493178	93415
chr11	57399763	57599763	harbor1	chr11	57493289	57493524	SINE/MIR	561	-	118	57493407	93644
chr11	3008641	3208641	harbor1	chr11	3041290	3041494	SINE/MIR	461	-	102	3041392	32751
chr11	5132683	5332683	harbor1	chr11	5168499	5168713	SINE/MIR	452	-	107	5168606	35923
chr11	5132683	5332683	harbor1	chr11	5208088	5208308	SINE/MIR	421	-	110	5208198	75515
chr11	5128063	5328063	harbor1	chr11	5168499	5168713	SINE/MIR	452	-	107	5168606	40543
chr11	5128063	5328063	harbor1	chr11	5208088	5208308	SINE/MIR	421	-	110	5208198	80135
chr11	76580230	76780230	harbor1	chr11	76618259	76618488	SINE/MIR	685	-	114	76618373	38143
chr11	76580230	76780230	harbor1	chr11	76626415	76626663	SINE/MIR	607	-	124	76626539	46309
chr11	76580230	76780230	harbor1	chr11	76654307	76654444	SINE/MIR	432	-	68	76654375	74145
chr11	76580230	76780230	harbor1	chr11	76662356	76662555	SINE/MIR	416	-	100	76662456	82226
chr11	76580230	76780230	harbor1	chr11	76667118	76667344	SINE/MIR	664	-	113	76667231	87001
chr11	76580230	76780230	harbor1	chr11	76669447	76669690	SINE/MIR	689	-	122	76669569	89339
chr11	76580230	76780230	harbor1	chr11	76669704	76669860	SINE/MIR	483	-	78	76669782	89552
chr11	76580230	76780230	harbor1	chr11	76671447	76671573	SINE/MIR	403	-	63	76671510	91280
chr11	11317231	11517231	harbor1	chr11	11319888	11320170	SINE/MIR	601	-	141	11320029	2798
chr11	11317231	11517231	harbor1	chr11	11322060	11322316	SINE/MIR	815	-	128	11322188	4957
chr11	11317231	11517231	harbor1	chr11	11332009	11332168	SINE/MIR	506	-	80	11332089	14858
chr11	11317231	11517231	harbor1	chr11	11333367	11333558	SINE/MIR	588	-	96	11333463	16232
chr11	11317231	11517231	harbor1	chr11	11336453	11336607	SINE/MIR	407	-	77	11336530	19299
chr11	11317231	11517231	harbor1	chr11	11386639	11386844	SINE/MIR	657	-	102	11386741	69510
chr11	11317231	11517231	harbor1	chr11	11388865	11389241	SINE/MIR	722	-	188	11389053	71822
chr11	11317231	11517231	harbor1	chr11	11391255	11391449	SINE/MIR	710	-	97	11391352	74121
chr11	11317231	11517231	harbor1	chr11	11398007	11398248	SINE/MIR	685	-	120	11398127	80896
chr11	11317231	11517231	harbor1	chr11	11398389	11398590	SINE/MIR	723	-	100	11398489	81258
chr11	5127315	5327315	harbor1	chr11	5168499	5168713	SINE/MIR	452	-	107	5168606	41291
chr11	5127315	5327315	harbor1	chr11	5208088	5208308	SINE/MIR	421	-	110	5208198	80883
chr11	5126814	5326814	harbor1	chr11	5168499	5168713	SINE/MIR	452	-	107	5168606	41792
chr11	5126814	5326814	harbor1	chr11	5208088	5208308	SINE/MIR	421	-	110	5208198	81384
chr11	3724852	3924852	harbor1	chr11	3763107	3763313	SINE/MIR	467	-	103	3763210	38358
chr11	3724852	3924852	harbor1	chr11	3785973	3786192	SINE/MIR	610	-	110	3786083	61231
chr11	3724852	3924852	harbor1	chr11	3809313	3809443	SINE/MIR	447	-	65	3809378	84526
chr11	3724852	3924852	harbor1	chr11	3820848	3821014	SINE/MIR	792	-	83	3820931	96079
chr11	46601439	46801439	harbor1	chr11	46670513	46670526	SINE/MIR	496	-	6	46670519	69080
chr11	46601439	46801439	harbor1	chr11	46670839	46671045	SINE/MIR	496	-	103	46670942	69503
chr11	46601439	46801439	harbor1	chr11	46682831	46683036	SINE/MIR	497	-	102	46682933	81494
chr11	68332149	68532149	harbor1	chr11	68387417	68387583	SINE/MIR	444	-	83	68387500	55351
chr11	68332149	68532149	harbor1	chr11	68410308	68410560	SINE/MIR	543	-	126	68410434	78285
chr11	68332149	68532149	harbor1	chr11	68414287	68414510	SINE/MIR	621	-	112	68414399	82250
chr11	68332149	68532149	harbor1	chr11	68414693	68414927	SINE/MIR	415	-	117	68414810	82661
chr11	3991985	4191985	harbor1	chr11	3998117	3998326	SINE/MIR	438	-	104	3998221	6236
chr11	3991985	4191985	harbor1	chr11	4010546	4010687	SINE/MIR	516	-	70	4010616	18631
chr11	3991985	4191985	harbor1	chr11	4026377	4026482	SINE/MIR	463	-	52	4026429	34444
chr11	3991985	4191985	harbor1	chr11	4041449	4041604	SINE/MIR	586	-	78	4041527	49542
chr11	3991985	4191985	harbor1	chr11	4041887	4041920	SINE/MIR	586	-	16	4041903	49918
chr11	3991985	4191985	harbor1	chr11	4043030	4043138	SINE/MIR	406	-	54	4043084	51099
chr11	3991985	4191985	harbor1	chr11	4055866	4056072	SINE/MIR	793	-	103	4055969	63984
chr11	3991985	4191985	harbor1	chr11	4056736	4056953	SINE/MIR	573	-	108	4056844	64859
chr11	3991985	4191985	harbor1	chr11	4071695	4071876	SINE/MIR	504	-	90	4071785	79800
chr11	2952012	3152012	harbor1	chr11	3041290	3041494	SINE/MIR	461	-	102	3041392	89380
chr11	111440845	111640845	harbor1	chr11	111465423	111465651	SINE/MIR	771	-	114	111465537	24692
chr11	111440845	111640845	harbor1	chr11	111467105	111467339	SINE/MIR	674	-	117	111467222	26377
chr11	111440845	111640845	harbor1	chr11	111468309	111468523	SINE/MIR	764	-	107	111468416	27571
chr11	111440845	111640845	harbor1	chr11	111471078	111471271	SINE/MIR	407	-	96	111471174	30329
chr11	111440845	111640845	harbor1	chr11	111472926	111473138	SINE/MIR	429	-	106	111473032	32187
chr11	111440845	111640845	harbor1	chr11	111518416	111518628	SINE/MIR	524	-	106	111518522	77677
chr11	5127068	5327068	harbor1	chr11	5168499	5168713	SINE/MIR	452	-	107	5168606	41538
chr11	5127068	5327068	harbor1	chr11	5208088	5208308	SINE/MIR	421	-	110	5208198	81130
chr11	66158730	66358730	harbor1	chr11	66166787	66166921	SINE/MIR	459	-	67	66166854	8124
chr11	66158730	66358730	harbor1	chr11	66242616	66242783	SINE/MIR	484	-	84	66242700	83970
chr11	66158730	66358730	harbor1	chr11	66252215	66252276	SINE/MIR	488	-	30	66252245	93515
chr11	66158730	66358730	harbor1	chr11	66252563	66252747	SINE/MIR	488	-	92	66252655	93925
chr11	3928045	4128045	harbor1	chr11	3930170	3930357	SINE/MIR	514	-	94	3930264	2219
chr11	3928045	4128045	harbor1	chr11	3936128	3936281	SINE/MIR	502	-	76	3936204	8159
chr11	3928045	4128045	harbor1	chr11	3939563	3939685	SINE/MIR	469	-	61	3939624	11579
chr11	3928045	4128045	harbor1	chr11	3948958	3949118	SINE/MIR	746	-	80	3949038	20993
chr11	3928045	4128045	harbor1	chr11	3964002	3964197	SINE/MIR	404	-	98	3964100	36055
chr11	3928045	4128045	harbor1	chr11	3998117	3998326	SINE/MIR	438	-	104	3998221	70176
chr11	3928045	4128045	harbor1	chr11	4010546	4010687	SINE/MIR	516	-	70	4010616	82571
chr11	3928045	4128045	harbor1	chr11	4026377	4026482	SINE/MIR	463	-	52	4026429	98384
chr11	2055751	2255751	harbor1	chr11	2153893	2154087	SINE/MIR	507	-	97	2153990	98239
chr11	404117	604117	harbor1	chr11	458889	459048	SINE/MIR	414	-	80	458969	54852
chr11	5127332	5327332	harbor1	chr11	5168499	5168713	SINE/MIR	452	-	107	5168606	41274
chr11	5127332	5327332	harbor1	chr11	5208088	5208308	SINE/MIR	421	-	110	5208198	80866
chr11	68332104	68532104	harbor1	chr11	68387417	68387583	SINE/MIR	444	-	83	68387500	55396
chr11	68332104	68532104	harbor1	chr11	68410308	68410560	SINE/MIR	543	-	126	68410434	78330
chr11	68332104	68532104	harbor1	chr11	68414287	68414510	SINE/MIR	621	-	112	68414399	82295
chr11	68332104	68532104	harbor1	chr11	68414693	68414927	SINE/MIR	415	-	117	68414810	82706
chr11	47452681	47652681	harbor1	chr11	47454286	47454442	SINE/MIR	460	-	78	47454364	1683
chr11	47452681	47652681	harbor1	chr11	47454751	47454782	SINE/MIR	460	-	16	47454767	2086
chr11	47452681	47652681	harbor1	chr11	47475913	47475999	SINE/MIR	448	-	43	47475956	23275
chr11	47452681	47652681	harbor1	chr11	47476292	47476437	SINE/MIR	448	-	72	47476364	23683
chr11	47452681	47652681	harbor1	chr11	47550841	47551000	SINE/MIR	500	-	80	47550921	98240
chr11	64537990	64737990	harbor1	chr11	64540293	64540500	SINE/MIR	651	-	104	64540397	2407
chr11	64537990	64737990	harbor1	chr11	64543192	64543377	SINE/MIR	638	-	92	64543284	5294
chr11	64537990	64737990	harbor1	chr11	64557177	64557329	SINE/MIR	520	-	76	64557253	19263
chr11	64537990	64737990	harbor1	chr11	64561288	64561445	SINE/MIR	627	-	78	64561366	23376
chr11	64537990	64737990	harbor1	chr11	64563230	64563432	SINE/MIR	579	-	101	64563331	25341
chr11	64537990	64737990	harbor1	chr11	64570628	64570778	SINE/MIR	406	-	75	64570703	32713
chr11	64537990	64737990	harbor1	chr11	64580231	64580483	SINE/MIR	955	-	126	64580357	42367
chr11	64537990	64737990	harbor1	chr11	64602483	64602722	SINE/MIR	699	-	120	64602603	64613
chr11	64537990	64737990	harbor1	chr11	64624891	64625044	SINE/MIR	403	-	76	64624967	86977
chr11	64537990	64737990	harbor1	chr11	64628130	64628358	SINE/MIR	677	-	114	64628244	90254
chr11	64537990	64737990	harbor1	chr11	64631497	64631698	SINE/MIR	589	-	100	64631597	93607
chr11	64537990	64737990	harbor1	chr11	64633348	64633522	SINE/MIR	491	-	87	64633435	95445
chr11	61396733	61596733	harbor1	chr11	61402094	61402300	SINE/MIR	431	-	103	61402197	5464
chr11	61396733	61596733	harbor1	chr11	61410488	61410712	SINE/MIR	513	-	112	61410600	13867
chr11	61396733	61596733	harbor1	chr11	61411292	61411526	SINE/MIR	737	-	117	61411409	14676
chr11	61396733	61596733	harbor1	chr11	61419599	61419768	SINE/MIR	574	-	84	61419683	22950
chr11	61396733	61596733	harbor1	chr11	61447270	61447469	SINE/MIR	591	-	100	61447370	50637
chr11	61396733	61596733	harbor1	chr11	61450321	61450557	SINE/MIR	750	-	118	61450439	53706
chr11	61396733	61596733	harbor1	chr11	61453562	61453730	SINE/MIR	448	-	84	61453646	56913
chr11	61396733	61596733	harbor1	chr11	61467056	61467277	SINE/MIR	622	-	110	61467166	70433
chr11	61396733	61596733	harbor1	chr11	61473951	61474197	SINE/MIR	568	-	123	61474074	77341
chr11	61396733	61596733	harbor1	chr11	61478547	61478750	SINE/MIR	579	-	102	61478649	81916
chr11	5134553	5334553	harbor1	chr11	5168499	5168713	SINE/MIR	452	-	107	5168606	34053
chr11	5134553	5334553	harbor1	chr11	5208088	5208308	SINE/MIR	421	-	110	5208198	73645
chr11	5126802	5326802	harbor1	chr11	5168499	5168713	SINE/MIR	452	-	107	5168606	41804
chr11	5126802	5326802	harbor1	chr11	5208088	5208308	SINE/MIR	421	-	110	5208198	81396
chr11	77082674	77282674	harbor1	chr11	77136644	77136860	SINE/MIR	839	-	108	77136752	54078
chr11	77082674	77282674	harbor1	chr11	77139116	77139227	SINE/MIR	500	-	56	77139172	56498
chr11	77082674	77282674	harbor1	chr11	77143922	77144137	SINE/MIR	559	-	108	77144030	61356
chr11	77082674	77282674	harbor1	chr11	77167332	77167524	SINE/MIR	439	-	96	77167428	84754
chr11	77082674	77282674	harbor1	chr11	77168377	77168512	SINE/MIR	682	-	68	77168445	85771
chr11	77082674	77282674	harbor1	chr11	77168822	77168926	SINE/MIR	682	-	52	77168874	86200
chr11	77082674	77282674	harbor1	chr11	77172189	77172335	SINE/MIR	547	-	73	77172262	89588
chr11	77082674	77282674	harbor1	chr11	77176336	77176545	SINE/MIR	610	-	104	77176440	93766
chr11	77082674	77282674	harbor1	chr11	77178758	77179017	SINE/MIR	761	-	130	77178888	96214
chr11	2054500	2254500	harbor1	chr11	2153893	2154087	SINE/MIR	507	-	97	2153990	99490
chr11	123512082	123712082	harbor1	chr11	123517442	123517638	SINE/MIR	506	-	98	123517540	5458
chr11	123512082	123712082	harbor1	chr11	123528713	123528949	SINE/MIR	498	-	118	123528831	16749
chr11	123512082	123712082	harbor1	chr11	123533727	123533910	SINE/MIR	551	-	92	123533819	21737
chr11	123512082	123712082	harbor1	chr11	123610557	123610778	SINE/MIR	428	-	110	123610667	98585
chr11	123512082	123712082	harbor1	chr11	123535255	123535438	SINE/MIR	521	-	92	123535347	23265
chr11	67367888	67567888	harbor1	chr11	67378100	67378141	SINE/MIR	629	-	20	67378120	10232
chr11	67367888	67567888	harbor1	chr11	67378452	67378639	SINE/MIR	629	-	94	67378546	10658
chr11	67367888	67567888	harbor1	chr11	67382306	67382531	SINE/MIR	405	-	112	67382418	14530
chr11	67367888	67567888	harbor1	chr11	67418110	67418229	SINE/MIR	409	-	60	67418170	50282
chr11	67367888	67567888	harbor1	chr11	67448600	67448762	SINE/MIR	610	-	81	67448681	80793
chr11	6201425	6401425	harbor1	chr11	6227173	6227381	SINE/MIR	698	-	104	6227277	25852
chr11	6201425	6401425	harbor1	chr11	6242082	6242261	SINE/MIR	814	-	90	6242172	40747
chr11	6201425	6401425	harbor1	chr11	6249696	6249874	SINE/MIR	492	-	89	6249785	48360
chr11	6201425	6401425	harbor1	chr11	6278601	6278679	SINE/MIR	412	-	39	6278640	77215
chr11	106091678	106291678	harbor1	chr11	106110111	106110348	SINE/MIR	432	-	118	106110229	18551
chr11	106091678	106291678	harbor1	chr11	106128554	106128686	SINE/MIR	447	-	66	106128620	36942
chr11	106091678	106291678	harbor1	chr11	106133221	106133453	SINE/MIR	789	-	116	106133337	41659
chr11	106091678	106291678	harbor1	chr11	106148451	106148612	SINE/MIR	507	-	80	106148531	56853
chr11	106091678	106291678	harbor1	chr11	106156462	106156646	SINE/MIR	764	-	92	106156554	64876
chr11	106091678	106291678	harbor1	chr11	106119010	106119235	SINE/MIR	547	-	112	106119122	27444
chr11	117886589	118086589	harbor1	chr11	117887268	117887492	SINE/MIR	948	-	112	117887380	791
chr11	117886589	118086589	harbor1	chr11	117897521	117897736	SINE/MIR	593	-	108	117897629	11040
chr11	117886589	118086589	harbor1	chr11	117904380	117904559	SINE/MIR	415	-	90	117904470	17881
chr11	117886589	118086589	harbor1	chr11	117915923	117916061	SINE/MIR	436	-	69	117915992	29403
chr11	117886589	118086589	harbor1	chr11	117916838	117916982	SINE/MIR	418	-	72	117916910	30321
chr11	117886589	118086589	harbor1	chr11	117917497	117917703	SINE/MIR	641	-	103	117917600	31011
chr11	117886589	118086589	harbor1	chr11	117919638	117919849	SINE/MIR	444	-	106	117919744	33155
chr11	117886589	118086589	harbor1	chr11	117921034	117921195	SINE/MIR	578	-	80	117921114	34525
chr11	117886589	118086589	harbor1	chr11	117924020	117924062	SINE/MIR	520	-	21	117924041	37452
chr11	117886589	118086589	harbor1	chr11	117924206	117924357	SINE/MIR	520	-	76	117924282	37693
chr11	117886589	118086589	harbor1	chr11	117926890	117926964	SINE/MIR	485	-	37	117926927	40338
chr11	117886589	118086589	harbor1	chr11	117927341	117927411	SINE/MIR	485	-	35	117927376	40787
chr11	117886589	118086589	harbor1	chr11	117939260	117939352	SINE/MIR	434	-	46	117939306	52717
chr11	117886589	118086589	harbor1	chr11	117939653	117939784	SINE/MIR	434	-	66	117939719	53130
chr11	117886589	118086589	harbor1	chr11	117949617	117949821	SINE/MIR	702	-	102	117949719	63130
chr11	117886589	118086589	harbor1	chr11	117969056	117969186	SINE/MIR	486	-	65	117969121	82532
chr11	117886589	118086589	harbor1	chr11	117969908	117970029	SINE/MIR	505	-	60	117969968	83379
chr11	117886589	118086589	harbor1	chr11	117975920	117976131	SINE/MIR	499	-	106	117976026	89437
chr11	5134020	5334020	harbor1	chr11	5168499	5168713	SINE/MIR	452	-	107	5168606	34586
chr11	5134020	5334020	harbor1	chr11	5208088	5208308	SINE/MIR	421	-	110	5208198	74178
chr11	67891296	68091296	harbor1	chr11	67940217	67940400	SINE/MIR	427	-	92	67940309	49013
chr11	67891296	68091296	harbor1	chr11	67951726	67951909	SINE/MIR	408	-	92	67951818	60522
chr11	67891296	68091296	harbor1	chr11	67953835	67954082	SINE/MIR	628	-	124	67953959	62663
chr11	67891296	68091296	harbor1	chr11	67957323	67957445	SINE/MIR	505	-	61	67957384	66088
chr11	5127223	5327223	harbor1	chr11	5168499	5168713	SINE/MIR	452	-	107	5168606	41383
chr11	5127223	5327223	harbor1	chr11	5208088	5208308	SINE/MIR	421	-	110	5208198	80975
chr11	64627077	64827077	harbor1	chr11	64628130	64628358	SINE/MIR	677	-	114	64628244	1167
chr11	64627077	64827077	harbor1	chr11	64631497	64631698	SINE/MIR	589	-	100	64631597	4520
chr11	64627077	64827077	harbor1	chr11	64633348	64633522	SINE/MIR	491	-	87	64633435	6358
chr11	64627077	64827077	harbor1	chr11	64657491	64657722	SINE/MIR	508	-	116	64657607	30530
chr11	64627077	64827077	harbor1	chr11	64661596	64661830	SINE/MIR	581	-	117	64661713	34636
chr11	64627077	64827077	harbor1	chr11	64667965	64668214	SINE/MIR	728	-	124	64668089	41012
chr11	64627077	64827077	harbor1	chr11	64674818	64674944	SINE/MIR	425	-	63	64674881	47804
chr11	64627077	64827077	harbor1	chr11	64681551	64681720	SINE/MIR	588	-	84	64681635	54558
chr11	64627077	64827077	harbor1	chr11	64703281	64703505	SINE/MIR	661	-	112	64703393	76316
chr11	64627077	64827077	harbor1	chr11	64703779	64704001	SINE/MIR	597	-	111	64703890	76813
chr11	64627077	64827077	harbor1	chr11	64707564	64707751	SINE/MIR	807	-	94	64707658	80581
chr11	64627077	64827077	harbor1	chr11	64715181	64715360	SINE/MIR	500	-	90	64715271	88194
chr11	64627077	64827077	harbor1	chr11	64717974	64718129	SINE/MIR	404	-	78	64718052	90975
chr11	64627077	64827077	harbor1	chr11	64719154	64719378	SINE/MIR	677	-	112	64719266	92189
chr11	76517780	76717780	harbor1	chr11	76535099	76535330	SINE/MIR	474	-	116	76535215	17435
chr11	76517780	76717780	harbor1	chr11	76536694	76536857	SINE/MIR	479	-	82	76536776	18996
chr11	76517780	76717780	harbor1	chr11	76541939	76542100	SINE/MIR	541	-	80	76542019	24239
chr11	76517780	76717780	harbor1	chr11	76542953	76543139	SINE/MIR	488	-	93	76543046	25266
chr11	76517780	76717780	harbor1	chr11	76548503	76548679	SINE/MIR	551	-	88	76548591	30811
chr11	76517780	76717780	harbor1	chr11	76577078	76577221	SINE/MIR	411	-	72	76577150	59370
chr11	76517780	76717780	harbor1	chr11	76579811	76580033	SINE/MIR	642	-	111	76579922	62142
chr11	70722515	70922515	harbor1	chr11	70733335	70733502	SINE/MIR	399	-	84	70733419	10904
chr11	70722515	70922515	harbor1	chr11	70816190	70816335	SINE/MIR	407	-	72	70816262	93747
chr11	76581027	76781027	harbor1	chr11	76618259	76618488	SINE/MIR	685	-	114	76618373	37346
chr11	76581027	76781027	harbor1	chr11	76626415	76626663	SINE/MIR	607	-	124	76626539	45512
chr11	76581027	76781027	harbor1	chr11	76654307	76654444	SINE/MIR	432	-	68	76654375	73348
chr11	76581027	76781027	harbor1	chr11	76662356	76662555	SINE/MIR	416	-	100	76662456	81429
chr11	76581027	76781027	harbor1	chr11	76667118	76667344	SINE/MIR	664	-	113	76667231	86204
chr11	76581027	76781027	harbor1	chr11	76669447	76669690	SINE/MIR	689	-	122	76669569	88542
chr11	76581027	76781027	harbor1	chr11	76669704	76669860	SINE/MIR	483	-	78	76669782	88755
chr11	76581027	76781027	harbor1	chr11	76671447	76671573	SINE/MIR	403	-	63	76671510	90483
chr11	111440865	111640865	harbor1	chr11	111465423	111465651	SINE/MIR	771	-	114	111465537	24672
chr11	111440865	111640865	harbor1	chr11	111467105	111467339	SINE/MIR	674	-	117	111467222	26357
chr11	111440865	111640865	harbor1	chr11	111468309	111468523	SINE/MIR	764	-	107	111468416	27551
chr11	111440865	111640865	harbor1	chr11	111471078	111471271	SINE/MIR	407	-	96	111471174	30309
chr11	111440865	111640865	harbor1	chr11	111472926	111473138	SINE/MIR	429	-	106	111473032	32167
chr11	111440865	111640865	harbor1	chr11	111518416	111518628	SINE/MIR	524	-	106	111518522	77657
chr11	120126957	120326957	harbor1	chr11	120131865	120132069	SINE/MIR	479	-	102	120131967	5010
chr11	120126957	120326957	harbor1	chr11	120138646	120138864	SINE/MIR	447	-	109	120138755	11798
chr11	120126957	120326957	harbor1	chr11	120146408	120146670	SINE/MIR	846	-	131	120146539	19582
chr11	120126957	120326957	harbor1	chr11	120172059	120172219	SINE/MIR	493	-	80	120172139	45182
chr11	120126957	120326957	harbor1	chr11	120177514	120177708	SINE/MIR	418	-	97	120177611	50654
chr11	120126957	120326957	harbor1	chr11	120198695	120198894	SINE/MIR	476	-	100	120198795	71838
chr11	120126957	120326957	harbor1	chr11	120201433	120201613	SINE/MIR	401	-	90	120201523	74566
chr11	120126957	120326957	harbor1	chr11	120207637	120207774	SINE/MIR	478	-	68	120207705	80748
chr11	120126957	120326957	harbor1	chr11	120221499	120221693	SINE/MIR	753	-	97	120221596	94639
chr11	5129651	5329651	harbor1	chr11	5168499	5168713	SINE/MIR	452	-	107	5168606	38955
chr11	5129651	5329651	harbor1	chr11	5208088	5208308	SINE/MIR	421	-	110	5208198	78547
chr11	7991379	8191379	harbor1	chr11	8048097	8048282	SINE/MIR	855	-	92	8048189	56810
chr11	7991379	8191379	harbor1	chr11	8048891	8049109	SINE/MIR	505	-	109	8049000	57621
chr11	7991379	8191379	harbor1	chr11	8068005	8068232	SINE/MIR	517	-	114	8068119	76740
chr11	7991379	8191379	harbor1	chr11	8069010	8069205	SINE/MIR	401	-	98	8069108	77729
chr11	7991379	8191379	harbor1	chr11	8072652	8072821	SINE/MIR	411	-	84	8072736	81357
chr11	64141102	64341102	harbor1	chr11	64183305	64183441	SINE/MIR	576	-	68	64183373	42271
chr11	64141102	64341102	harbor1	chr11	64210060	64210138	SINE/MIR	413	-	39	64210099	68997
chr11	64141102	64341102	harbor1	chr11	64222859	64222955	SINE/MIR	413	-	48	64222907	81805
chr11	2054484	2254484	harbor1	chr11	2153893	2154087	SINE/MIR	507	-	97	2153990	99506
chr11	70734542	70934542	harbor1	chr11	70816190	70816335	SINE/MIR	407	-	72	70816262	81720
chr11	67368638	67568638	harbor1	chr11	67378100	67378141	SINE/MIR	629	-	20	67378120	9482
chr11	67368638	67568638	harbor1	chr11	67378452	67378639	SINE/MIR	629	-	94	67378546	9908
chr11	67368638	67568638	harbor1	chr11	67382306	67382531	SINE/MIR	405	-	112	67382418	13780
chr11	67368638	67568638	harbor1	chr11	67418110	67418229	SINE/MIR	409	-	60	67418170	49532
chr11	67368638	67568638	harbor1	chr11	67448600	67448762	SINE/MIR	610	-	81	67448681	80043
chr11	626794	826794	harbor1	chr11	686599	686782	SINE/MIR	500	-	92	686691	59897
chr11	63953306	64153306	harbor1	chr11	63987884	63988002	SINE/MIR	441	-	59	63987943	34637
chr11	63953306	64153306	harbor1	chr11	63988204	63988284	SINE/MIR	441	-	40	63988244	34938
chr11	63953306	64153306	harbor1	chr11	64017302	64017473	SINE/MIR	440	-	86	64017388	64082
chr11	63953306	64153306	harbor1	chr11	64024266	64024488	SINE/MIR	676	-	111	64024377	71071
chr11	63953306	64153306	harbor1	chr11	64035026	64035223	SINE/MIR	553	-	98	64035124	81818
chr11	63953306	64153306	harbor1	chr11	64043644	64043812	SINE/MIR	469	-	84	64043728	90422
chr11	63953306	64153306	harbor1	chr11	64044188	64044251	SINE/MIR	555	-	32	64044220	90914
chr11	63953306	64153306	harbor1	chr11	64044536	64044647	SINE/MIR	555	-	56	64044592	91286
chr11	63953306	64153306	harbor1	chr11	64045950	64046173	SINE/MIR	579	-	112	64046062	92756
chr11	63953306	64153306	harbor1	chr11	64047295	64047436	SINE/MIR	405	-	70	64047365	94059
chr11	63953306	64153306	harbor1	chr11	64048630	64048825	SINE/MIR	465	-	98	64048728	95422
chr11	64627021	64827021	harbor1	chr11	64628130	64628358	SINE/MIR	677	-	114	64628244	1223
chr11	64627021	64827021	harbor1	chr11	64631497	64631698	SINE/MIR	589	-	100	64631597	4576
chr11	64627021	64827021	harbor1	chr11	64633348	64633522	SINE/MIR	491	-	87	64633435	6414
chr11	64627021	64827021	harbor1	chr11	64657491	64657722	SINE/MIR	508	-	116	64657607	30586
chr11	64627021	64827021	harbor1	chr11	64661596	64661830	SINE/MIR	581	-	117	64661713	34692
chr11	64627021	64827021	harbor1	chr11	64667965	64668214	SINE/MIR	728	-	124	64668089	41068
chr11	64627021	64827021	harbor1	chr11	64674818	64674944	SINE/MIR	425	-	63	64674881	47860
chr11	64627021	64827021	harbor1	chr11	64681551	64681720	SINE/MIR	588	-	84	64681635	54614
chr11	64627021	64827021	harbor1	chr11	64703281	64703505	SINE/MIR	661	-	112	64703393	76372
chr11	64627021	64827021	harbor1	chr11	64703779	64704001	SINE/MIR	597	-	111	64703890	76869
chr11	64627021	64827021	harbor1	chr11	64707564	64707751	SINE/MIR	807	-	94	64707658	80637
chr11	64627021	64827021	harbor1	chr11	64715181	64715360	SINE/MIR	500	-	90	64715271	88250
chr11	64627021	64827021	harbor1	chr11	64717974	64718129	SINE/MIR	404	-	78	64718052	91031
chr11	64627021	64827021	harbor1	chr11	64719154	64719378	SINE/MIR	677	-	112	64719266	92245
chr11	67369241	67569241	harbor1	chr11	67378100	67378141	SINE/MIR	629	-	20	67378120	8879
chr11	67369241	67569241	harbor1	chr11	67378452	67378639	SINE/MIR	629	-	94	67378546	9305
chr11	67369241	67569241	harbor1	chr11	67382306	67382531	SINE/MIR	405	-	112	67382418	13177
chr11	67369241	67569241	harbor1	chr11	67418110	67418229	SINE/MIR	409	-	60	67418170	48929
chr11	67369241	67569241	harbor1	chr11	67448600	67448762	SINE/MIR	610	-	81	67448681	79440
chr11	47086441	47286441	harbor1	chr11	47090617	47090757	SINE/MIR	622	-	70	47090687	4246
chr11	47086441	47286441	harbor1	chr11	47091076	47091109	SINE/MIR	622	-	16	47091092	4651
chr11	47086441	47286441	harbor1	chr11	47091388	47091456	SINE/MIR	622	-	34	47091422	4981
chr11	47086441	47286441	harbor1	chr11	47105538	47105774	SINE/MIR	874	-	118	47105656	19215
chr11	47086441	47286441	harbor1	chr11	47119911	47120051	SINE/MIR	462	-	70	47119981	33540
chr11	47086441	47286441	harbor1	chr11	47132423	47132677	SINE/MIR	681	-	127	47132550	46109
chr11	47086441	47286441	harbor1	chr11	47132942	47133172	SINE/MIR	855	-	115	47133057	46616
chr11	47086441	47286441	harbor1	chr11	47135216	47135421	SINE/MIR	816	-	102	47135318	48877
chr11	47086441	47286441	harbor1	chr11	47148703	47148933	SINE/MIR	465	-	115	47148818	62377
chr11	47086441	47286441	harbor1	chr11	47172031	47172274	SINE/MIR	457	-	122	47172153	85712
chr11	47086441	47286441	harbor1	chr11	47174106	47174281	SINE/MIR	497	-	88	47174194	87753
chr11	5127218	5327218	harbor1	chr11	5168499	5168713	SINE/MIR	452	-	107	5168606	41388
chr11	5127218	5327218	harbor1	chr11	5208088	5208308	SINE/MIR	421	-	110	5208198	80980
chr11	57374327	57574327	harbor1	chr11	57377056	57377311	SINE/MIR	855	-	128	57377184	2857
chr11	57374327	57574327	harbor1	chr11	57378990	57379223	SINE/MIR	896	-	116	57379106	4779
chr11	57374327	57574327	harbor1	chr11	57384394	57384638	SINE/MIR	483	-	122	57384516	10189
chr11	57374327	57574327	harbor1	chr11	57399226	57399440	SINE/MIR	405	-	107	57399333	25006
chr11	57374327	57574327	harbor1	chr11	57400800	57401010	SINE/MIR	400	-	105	57400905	26578
chr11	57374327	57574327	harbor1	chr11	57401408	57401612	SINE/MIR	601	-	102	57401510	27183
chr11	57374327	57574327	harbor1	chr11	57406459	57406636	SINE/MIR	442	-	88	57406547	32220
chr11	57374327	57574327	harbor1	chr11	57419350	57419499	SINE/MIR	409	-	74	57419424	45097
chr11	57374327	57574327	harbor1	chr11	57431444	57431655	SINE/MIR	419	-	106	57431550	57223
chr11	57374327	57574327	harbor1	chr11	57431968	57431994	SINE/MIR	419	-	13	57431981	57654
chr11	57374327	57574327	harbor1	chr11	57433183	57433432	SINE/MIR	843	-	124	57433307	58980
chr11	57374327	57574327	harbor1	chr11	57473229	57473352	SINE/MIR	494	-	62	57473291	98964
chr11	65476352	65676352	harbor1	chr11	65486473	65486620	SINE/MIR	447	-	74	65486547	10195
chr11	65476352	65676352	harbor1	chr11	65568117	65568244	SINE/MIR	427	-	64	65568181	91829
chr11	5126735	5326735	harbor1	chr11	5168499	5168713	SINE/MIR	452	-	107	5168606	41871
chr11	5126735	5326735	harbor1	chr11	5208088	5208308	SINE/MIR	421	-	110	5208198	81463
chr11	134025232	134225232	harbor1	chr11	134027620	134027804	SINE/MIR	503	-	92	134027712	2480
chr11	134025232	134225232	harbor1	chr11	134030220	134030435	SINE/MIR	667	-	108	134030328	5096
chr11	134025232	134225232	harbor1	chr11	134039665	134039862	SINE/MIR	460	-	98	134039763	14531
chr11	134025232	134225232	harbor1	chr11	134071147	134071301	SINE/MIR	451	-	77	134071224	45992
chr11	134025232	134225232	harbor1	chr11	134100650	134100868	SINE/MIR	496	-	109	134100759	75527
chr11	134025232	134225232	harbor1	chr11	134101728	134101798	SINE/MIR	417	-	35	134101763	76531
chr11	134025232	134225232	harbor1	chr11	134102060	134102195	SINE/MIR	417	-	68	134102128	76896
chr11	134025232	134225232	harbor1	chr11	134112555	134112782	SINE/MIR	572	-	114	134112669	87437
chr11	76566217	76766217	harbor1	chr11	76577078	76577221	SINE/MIR	411	-	72	76577150	10933
chr11	76566217	76766217	harbor1	chr11	76579811	76580033	SINE/MIR	642	-	111	76579922	13705
chr11	76566217	76766217	harbor1	chr11	76618259	76618488	SINE/MIR	685	-	114	76618373	52156
chr11	76566217	76766217	harbor1	chr11	76626415	76626663	SINE/MIR	607	-	124	76626539	60322
chr11	76566217	76766217	harbor1	chr11	76654307	76654444	SINE/MIR	432	-	68	76654375	88158
chr11	76566217	76766217	harbor1	chr11	76662356	76662555	SINE/MIR	416	-	100	76662456	96239
chr11	61396083	61596083	harbor1	chr11	61402094	61402300	SINE/MIR	431	-	103	61402197	6114
chr11	61396083	61596083	harbor1	chr11	61410488	61410712	SINE/MIR	513	-	112	61410600	14517
chr11	61396083	61596083	harbor1	chr11	61411292	61411526	SINE/MIR	737	-	117	61411409	15326
chr11	61396083	61596083	harbor1	chr11	61419599	61419768	SINE/MIR	574	-	84	61419683	23600
chr11	61396083	61596083	harbor1	chr11	61447270	61447469	SINE/MIR	591	-	100	61447370	51287
chr11	61396083	61596083	harbor1	chr11	61450321	61450557	SINE/MIR	750	-	118	61450439	54356
chr11	61396083	61596083	harbor1	chr11	61453562	61453730	SINE/MIR	448	-	84	61453646	57563
chr11	61396083	61596083	harbor1	chr11	61467056	61467277	SINE/MIR	622	-	110	61467166	71083
chr11	61396083	61596083	harbor1	chr11	61473951	61474197	SINE/MIR	568	-	123	61474074	77991
chr11	61396083	61596083	harbor1	chr11	61478547	61478750	SINE/MIR	579	-	102	61478649	82566
chr11	5134206	5334206	harbor1	chr11	5168499	5168713	SINE/MIR	452	-	107	5168606	34400
chr11	5134206	5334206	harbor1	chr11	5208088	5208308	SINE/MIR	421	-	110	5208198	73992
chr11	64612771	64812771	harbor1	chr11	64624891	64625044	SINE/MIR	403	-	76	64624967	12196
chr11	64612771	64812771	harbor1	chr11	64628130	64628358	SINE/MIR	677	-	114	64628244	15473
chr11	64612771	64812771	harbor1	chr11	64631497	64631698	SINE/MIR	589	-	100	64631597	18826
chr11	64612771	64812771	harbor1	chr11	64633348	64633522	SINE/MIR	491	-	87	64633435	20664
chr11	64612771	64812771	harbor1	chr11	64657491	64657722	SINE/MIR	508	-	116	64657607	44836
chr11	64612771	64812771	harbor1	chr11	64661596	64661830	SINE/MIR	581	-	117	64661713	48942
chr11	64612771	64812771	harbor1	chr11	64667965	64668214	SINE/MIR	728	-	124	64668089	55318
chr11	64612771	64812771	harbor1	chr11	64674818	64674944	SINE/MIR	425	-	63	64674881	62110
chr11	64612771	64812771	harbor1	chr11	64681551	64681720	SINE/MIR	588	-	84	64681635	68864
chr11	64612771	64812771	harbor1	chr11	64703281	64703505	SINE/MIR	661	-	112	64703393	90622
chr11	64612771	64812771	harbor1	chr11	64703779	64704001	SINE/MIR	597	-	111	64703890	91119
chr11	64612771	64812771	harbor1	chr11	64707564	64707751	SINE/MIR	807	-	94	64707658	94887
chr11	64914628	65114628	harbor1	chr11	64919741	64919891	SINE/MIR	407	-	75	64919816	5188
chr11	64914628	65114628	harbor1	chr11	64929035	64929226	SINE/MIR	402	-	96	64929131	14503
chr11	64914628	65114628	harbor1	chr11	64932381	64932624	SINE/MIR	674	-	122	64932503	17875
chr11	64914628	65114628	harbor1	chr11	64937192	64937366	SINE/MIR	509	-	87	64937279	22651
chr11	64914628	65114628	harbor1	chr11	64949410	64949643	SINE/MIR	625	-	116	64949526	34898
chr11	64914628	65114628	harbor1	chr11	64951847	64951892	SINE/MIR	936	-	22	64951869	37241
chr11	64914628	65114628	harbor1	chr11	64952487	64952690	SINE/MIR	936	-	102	64952589	37961
chr11	64914628	65114628	harbor1	chr11	64953138	64953300	SINE/MIR	522	-	81	64953219	38591
chr11	64914628	65114628	harbor1	chr11	64954030	64954214	SINE/MIR	466	-	92	64954122	39494
chr11	64914628	65114628	harbor1	chr11	64960397	64960588	SINE/MIR	557	-	96	64960493	45865
chr11	66122791	66322791	harbor1	chr11	66166787	66166921	SINE/MIR	459	-	67	66166854	44063
chr11	133733693	133933693	harbor1	chr11	133745396	133745601	SINE/MIR	437	-	102	133745498	11805
chr11	133733693	133933693	harbor1	chr11	133748170	133748368	SINE/MIR	421	-	99	133748269	14576
chr11	133733693	133933693	harbor1	chr11	133788188	133788405	SINE/MIR	513	-	108	133788296	54603
chr11	133733693	133933693	harbor1	chr11	133790116	133790317	SINE/MIR	505	-	100	133790216	56523
chr11	133733693	133933693	harbor1	chr11	133802293	133802406	SINE/MIR	490	-	56	133802349	68656
chr11	133733693	133933693	harbor1	chr11	133819853	133820096	SINE/MIR	605	-	122	133819975	86282
chr11	133733693	133933693	harbor1	chr11	133832005	133832219	SINE/MIR	453	-	107	133832112	98419
chr11	5127023	5327023	harbor1	chr11	5168499	5168713	SINE/MIR	452	-	107	5168606	41583
chr11	5127023	5327023	harbor1	chr11	5208088	5208308	SINE/MIR	421	-	110	5208198	81175
chr11	5132776	5332776	harbor1	chr11	5168499	5168713	SINE/MIR	452	-	107	5168606	35830
chr11	5132776	5332776	harbor1	chr11	5208088	5208308	SINE/MIR	421	-	110	5208198	75422
chr11	61396791	61596791	harbor1	chr11	61402094	61402300	SINE/MIR	431	-	103	61402197	5406
chr11	61396791	61596791	harbor1	chr11	61410488	61410712	SINE/MIR	513	-	112	61410600	13809
chr11	61396791	61596791	harbor1	chr11	61411292	61411526	SINE/MIR	737	-	117	61411409	14618
chr11	61396791	61596791	harbor1	chr11	61419599	61419768	SINE/MIR	574	-	84	61419683	22892
chr11	61396791	61596791	harbor1	chr11	61447270	61447469	SINE/MIR	591	-	100	61447370	50579
chr11	61396791	61596791	harbor1	chr11	61450321	61450557	SINE/MIR	750	-	118	61450439	53648
chr11	61396791	61596791	harbor1	chr11	61453562	61453730	SINE/MIR	448	-	84	61453646	56855
chr11	61396791	61596791	harbor1	chr11	61467056	61467277	SINE/MIR	622	-	110	61467166	70375
chr11	61396791	61596791	harbor1	chr11	61473951	61474197	SINE/MIR	568	-	123	61474074	77283
chr11	61396791	61596791	harbor1	chr11	61478547	61478750	SINE/MIR	579	-	102	61478649	81858
chr11	69539285	69739285	harbor1	chr11	69563639	69563811	SINE/MIR	658	-	86	69563725	24440
chr11	69539285	69739285	harbor1	chr11	69628102	69628323	SINE/MIR	559	-	110	69628212	88927
chr11	69539285	69739285	harbor1	chr11	69635335	69635476	SINE/MIR	445	-	70	69635405	96120
chr11	119643261	119843261	harbor1	chr11	119643297	119643474	SINE/MIR	497	-	88	119643385	124
chr11	119643261	119843261	harbor1	chr11	119646511	119646738	SINE/MIR	431	-	114	119646625	3364
chr11	119643261	119843261	harbor1	chr11	119673504	119673666	SINE/MIR	502	-	81	119673585	30324
chr11	119643261	119843261	harbor1	chr11	119692613	119692835	SINE/MIR	703	-	111	119692724	49463
chr11	119643261	119843261	harbor1	chr11	119697542	119697770	SINE/MIR	486	-	114	119697656	54395
chr11	119643261	119843261	harbor1	chr11	119699682	119699868	SINE/MIR	435	-	93	119699775	56514
chr11	119643261	119843261	harbor1	chr11	119722863	119722970	SINE/MIR	582	-	54	119722917	79656
chr11	119643261	119843261	harbor1	chr11	119723242	119723358	SINE/MIR	582	-	58	119723300	80039
chr11	119643261	119843261	harbor1	chr11	119738986	119739120	SINE/MIR	550	-	67	119739053	95792
chr11	5125096	5325096	harbor1	chr11	5168499	5168713	SINE/MIR	452	-	107	5168606	43510
chr11	5125096	5325096	harbor1	chr11	5208088	5208308	SINE/MIR	421	-	110	5208198	83102
chr11	66158626	66358626	harbor1	chr11	66166787	66166921	SINE/MIR	459	-	67	66166854	8228
chr11	66158626	66358626	harbor1	chr11	66242616	66242783	SINE/MIR	484	-	84	66242700	84074
chr11	66158626	66358626	harbor1	chr11	66252215	66252276	SINE/MIR	488	-	30	66252245	93619
chr11	66158626	66358626	harbor1	chr11	66252563	66252747	SINE/MIR	488	-	92	66252655	94029
chr11	62552866	62752866	harbor1	chr11	62586193	62586338	SINE/MIR	525	-	72	62586265	33399
chr11	62552866	62752866	harbor1	chr11	62606313	62606511	SINE/MIR	452	-	99	62606412	53546
chr11	62552866	62752866	harbor1	chr11	62642861	62642998	SINE/MIR	403	-	68	62642929	90063
chr11	62552866	62752866	harbor1	chr11	62651444	62651578	SINE/MIR	415	-	67	62651511	98645
chr11	66158676	66358676	harbor1	chr11	66166787	66166921	SINE/MIR	459	-	67	66166854	8178
chr11	66158676	66358676	harbor1	chr11	66242616	66242783	SINE/MIR	484	-	84	66242700	84024
chr11	66158676	66358676	harbor1	chr11	66252215	66252276	SINE/MIR	488	-	30	66252245	93569
chr11	66158676	66358676	harbor1	chr11	66252563	66252747	SINE/MIR	488	-	92	66252655	93979
chr11	6201391	6401391	harbor1	chr11	6227173	6227381	SINE/MIR	698	-	104	6227277	25886
chr11	6201391	6401391	harbor1	chr11	6242082	6242261	SINE/MIR	814	-	90	6242172	40781
chr11	6201391	6401391	harbor1	chr11	6249696	6249874	SINE/MIR	492	-	89	6249785	48394
chr11	6201391	6401391	harbor1	chr11	6278601	6278679	SINE/MIR	412	-	39	6278640	77249
chr11	76581063	76781063	harbor1	chr11	76618259	76618488	SINE/MIR	685	-	114	76618373	37310
chr11	76581063	76781063	harbor1	chr11	76626415	76626663	SINE/MIR	607	-	124	76626539	45476
chr11	76581063	76781063	harbor1	chr11	76654307	76654444	SINE/MIR	432	-	68	76654375	73312
chr11	76581063	76781063	harbor1	chr11	76662356	76662555	SINE/MIR	416	-	100	76662456	81393
chr11	76581063	76781063	harbor1	chr11	76667118	76667344	SINE/MIR	664	-	113	76667231	86168
chr11	76581063	76781063	harbor1	chr11	76669447	76669690	SINE/MIR	689	-	122	76669569	88506
chr11	76581063	76781063	harbor1	chr11	76669704	76669860	SINE/MIR	483	-	78	76669782	88719
chr11	76581063	76781063	harbor1	chr11	76671447	76671573	SINE/MIR	403	-	63	76671510	90447
chr11	62588026	62788026	harbor1	chr11	62606313	62606511	SINE/MIR	452	-	99	62606412	18386
chr11	62588026	62788026	harbor1	chr11	62642861	62642998	SINE/MIR	403	-	68	62642929	54903
chr11	62588026	62788026	harbor1	chr11	62651444	62651578	SINE/MIR	415	-	67	62651511	63485
chr11	62588026	62788026	harbor1	chr11	62670372	62670548	SINE/MIR	492	-	88	62670460	82434
chr11	124700054	124900054	harbor1	chr11	124720767	124720980	SINE/MIR	591	-	106	124720873	20819
chr11	124700054	124900054	harbor1	chr11	124741215	124741367	SINE/MIR	497	-	76	124741291	41237
chr11	124700054	124900054	harbor1	chr11	124744282	124744461	SINE/MIR	570	-	90	124744372	44318
chr11	76517810	76717810	harbor1	chr11	76535099	76535330	SINE/MIR	474	-	116	76535215	17405
chr11	76517810	76717810	harbor1	chr11	76536694	76536857	SINE/MIR	479	-	82	76536776	18966
chr11	76517810	76717810	harbor1	chr11	76541939	76542100	SINE/MIR	541	-	80	76542019	24209
chr11	76517810	76717810	harbor1	chr11	76542953	76543139	SINE/MIR	488	-	93	76543046	25236
chr11	76517810	76717810	harbor1	chr11	76548503	76548679	SINE/MIR	551	-	88	76548591	30781
chr11	76517810	76717810	harbor1	chr11	76577078	76577221	SINE/MIR	411	-	72	76577150	59340
chr11	76517810	76717810	harbor1	chr11	76579811	76580033	SINE/MIR	642	-	111	76579922	62112
chr11	57399809	57599809	harbor1	chr11	57400800	57401010	SINE/MIR	400	-	105	57400905	1096
chr11	57399809	57599809	harbor1	chr11	57401408	57401612	SINE/MIR	601	-	102	57401510	1701
chr11	57399809	57599809	harbor1	chr11	57406459	57406636	SINE/MIR	442	-	88	57406547	6738
chr11	57399809	57599809	harbor1	chr11	57419350	57419499	SINE/MIR	409	-	74	57419424	19615
chr11	57399809	57599809	harbor1	chr11	57431444	57431655	SINE/MIR	419	-	106	57431550	31741
chr11	57399809	57599809	harbor1	chr11	57431968	57431994	SINE/MIR	419	-	13	57431981	32172
chr11	57399809	57599809	harbor1	chr11	57433183	57433432	SINE/MIR	843	-	124	57433307	33498
chr11	57399809	57599809	harbor1	chr11	57473229	57473352	SINE/MIR	494	-	62	57473291	73482
chr11	57399809	57599809	harbor1	chr11	57475101	57475336	SINE/MIR	509	-	118	57475219	75410
chr11	57399809	57599809	harbor1	chr11	57475356	57475506	SINE/MIR	485	-	75	57475431	75622
chr11	57399809	57599809	harbor1	chr11	57475562	57475778	SINE/MIR	485	-	108	57475670	75861
chr11	57399809	57599809	harbor1	chr11	57493084	57493271	SINE/MIR	559	-	94	57493178	93369
chr11	57399809	57599809	harbor1	chr11	57493289	57493524	SINE/MIR	561	-	118	57493407	93598
chr12	121697492	121897492	harbor1	chr12	121788054	121788209	SINE/MIR	710	-	78	121788132	90640
chr12	62962733	63162733	harbor1	chr12	62967554	62967789	SINE/MIR	697	-	118	62967672	4939
chr12	62962733	63162733	harbor1	chr12	63013818	63014052	SINE/MIR	953	-	117	63013935	51202
chr12	62962733	63162733	harbor1	chr12	63035578	63035781	SINE/MIR	775	-	102	63035680	72947
chr12	62962733	63162733	harbor1	chr12	63051076	63051273	SINE/MIR	636	-	98	63051174	88441
chr12	62962733	63162733	harbor1	chr12	63051353	63051583	SINE/MIR	702	-	115	63051468	88735
chr12	57101664	57301664	harbor1	chr12	57109275	57109477	SINE/MIR	659	-	101	57109376	7712
chr12	57101664	57301664	harbor1	chr12	57190322	57190541	SINE/MIR	654	-	110	57190432	88768
chr12	109780252	109980252	harbor1	chr12	109796101	109796322	SINE/MIR	692	-	110	109796211	15959
chr12	109780252	109980252	harbor1	chr12	109797810	109798022	SINE/MIR	656	-	106	109797916	17664
chr12	109780252	109980252	harbor1	chr12	109798233	109798251	SINE/MIR	656	-	9	109798242	17990
chr12	109780252	109980252	harbor1	chr12	109817981	109818122	SINE/MIR	739	-	70	109818051	37799
chr12	109780252	109980252	harbor1	chr12	109818394	109818518	SINE/MIR	643	-	62	109818456	38204
chr12	6862749	7062749	harbor1	chr12	6903589	6903820	SINE/MIR	680	-	116	6903705	40956
chr12	6862749	7062749	harbor1	chr12	6961639	6961792	SINE/MIR	619	-	76	6961715	98966
chr12	6863249	7063249	harbor1	chr12	6903589	6903820	SINE/MIR	680	-	116	6903705	40456
chr12	6863249	7063249	harbor1	chr12	6961639	6961792	SINE/MIR	619	-	76	6961715	98466
chr12	6863215	7063215	harbor1	chr12	6903589	6903820	SINE/MIR	680	-	116	6903705	40490
chr12	6863215	7063215	harbor1	chr12	6961639	6961792	SINE/MIR	619	-	76	6961715	98500
chr12	6862682	7062682	harbor1	chr12	6903589	6903820	SINE/MIR	680	-	116	6903705	41023
chr12	6862682	7062682	harbor1	chr12	6961639	6961792	SINE/MIR	619	-	76	6961715	99033
chr12	2591115	2791115	harbor1	chr12	2600851	2601106	SINE/MIR	761	-	128	2600979	9864
chr12	2591115	2791115	harbor1	chr12	2608212	2608425	SINE/MIR	931	-	106	2608318	17203
chr12	2591115	2791115	harbor1	chr12	2629496	2629688	SINE/MIR	657	-	96	2629592	38477
chr12	2591115	2791115	harbor1	chr12	2653175	2653353	SINE/MIR	698	-	89	2653264	62149
chr12	2591166	2791166	harbor1	chr12	2600851	2601106	SINE/MIR	761	-	128	2600979	9813
chr12	2591166	2791166	harbor1	chr12	2608212	2608425	SINE/MIR	931	-	106	2608318	17152
chr12	2591166	2791166	harbor1	chr12	2629496	2629688	SINE/MIR	657	-	96	2629592	38426
chr12	2591166	2791166	harbor1	chr12	2653175	2653353	SINE/MIR	698	-	89	2653264	62098
chr12	6842193	7042193	harbor1	chr12	6903589	6903820	SINE/MIR	680	-	116	6903705	61512
chr12	52906640	53106640	harbor1	chr12	52962181	52962413	SINE/MIR	1305	-	116	52962297	55657
chr12	52906640	53106640	harbor1	chr12	52964923	52965144	SINE/MIR	768	-	110	52965033	58393
chr12	53132031	53332031	harbor1	chr12	53168673	53168851	SINE/MIR	643	-	89	53168762	36731
chr12	53132031	53332031	harbor1	chr12	53183182	53183396	SINE/MIR	631	-	107	53183289	51258
chr12	53132031	53332031	harbor1	chr12	53186700	53186925	SINE/MIR	660	-	112	53186812	54781
chr12	52632306	52832306	harbor1	chr12	52636694	52636912	SINE/MIR	690	-	109	52636803	4497
chr12	52632306	52832306	harbor1	chr12	52673940	52674178	SINE/MIR	684	-	119	52674059	41753
chr12	52632306	52832306	harbor1	chr12	52681382	52681632	SINE/MIR	857	-	125	52681507	49201
chr12	52632306	52832306	harbor1	chr12	52716735	52716960	SINE/MIR	652	-	112	52716847	84541
chr12	6862269	7062269	harbor1	chr12	6903589	6903820	SINE/MIR	680	-	116	6903705	41436
chr12	6862269	7062269	harbor1	chr12	6961639	6961792	SINE/MIR	619	-	76	6961715	99446
chr12	64356142	64556142	harbor1	chr12	64384002	64384243	SINE/MIR	793	-	120	64384122	27980
chr12	64356142	64556142	harbor1	chr12	64438934	64438988	SINE/MIR	638	-	27	64438961	82819
chr12	64356142	64556142	harbor1	chr12	64439082	64439154	SINE/MIR	638	-	36	64439118	82976
chr12	116778966	116978966	harbor1	chr12	116783872	116784138	SINE/MIR	877	-	133	116784005	5039
chr12	116778966	116978966	harbor1	chr12	116807389	116807598	SINE/MIR	812	-	104	116807493	28527
chr12	116778966	116978966	harbor1	chr12	116823787	116824030	SINE/MIR	1183	-	122	116823909	44943
chr12	116778966	116978966	harbor1	chr12	116834811	116834850	SINE/MIR	628	-	20	116834831	55865
chr12	116778966	116978966	harbor1	chr12	116835150	116835296	SINE/MIR	628	-	73	116835223	56257
chr12	116778966	116978966	harbor1	chr12	116869505	116869662	SINE/MIR	611	-	78	116869583	90617
chr12	119684757	119884757	harbor1	chr12	119690675	119690889	SINE/MIR	700	-	107	119690782	6025
chr12	119684757	119884757	harbor1	chr12	119738019	119738199	SINE/MIR	691	-	90	119738109	53352
chr12	119684757	119884757	harbor1	chr12	119754116	119754302	SINE/MIR	784	-	93	119754209	69452
chr12	21362986	21562986	harbor1	chr12	21434714	21434924	SINE/MIR	622	-	105	21434819	71833
chr12	21362986	21562986	harbor1	chr12	21451472	21451677	SINE/MIR	665	-	102	21451574	88588
chr12	110180537	110380537	harbor1	chr12	110225066	110225254	SINE/MIR	767	-	94	110225160	44623
chr12	57101715	57301715	harbor1	chr12	57109275	57109477	SINE/MIR	659	-	101	57109376	7661
chr12	57101715	57301715	harbor1	chr12	57190322	57190541	SINE/MIR	654	-	110	57190432	88717
chr12	30880777	31080777	harbor1	chr12	30953180	30953442	SINE/MIR	961	-	131	30953311	72534
chr12	92828003	93028003	harbor1	chr12	92924515	92924693	SINE/MIR	622	-	89	92924604	96601
chr12	64356143	64556143	harbor1	chr12	64384002	64384243	SINE/MIR	793	-	120	64384122	27979
chr12	64356143	64556143	harbor1	chr12	64438934	64438988	SINE/MIR	638	-	27	64438961	82818
chr12	64356143	64556143	harbor1	chr12	64439082	64439154	SINE/MIR	638	-	36	64439118	82975
chr12	102336329	102536329	harbor1	chr12	102401160	102401389	SINE/MIR	689	-	114	102401274	64945
chr12	102336329	102536329	harbor1	chr12	102414230	102414415	SINE/MIR	816	-	92	102414322	77993
chr12	102336329	102536329	harbor1	chr12	102419059	102419284	SINE/MIR	614	-	112	102419171	82842
chr12	56840310	57040310	harbor1	chr12	56883441	56883670	SINE/MIR	711	-	114	56883555	43245
chr12	56840310	57040310	harbor1	chr12	56928908	56929114	SINE/MIR	895	-	103	56929011	88701
chr12	52267472	52467472	harbor1	chr12	52285037	52285278	SINE/MIR	718	-	120	52285157	17685
chr12	52267472	52467472	harbor1	chr12	52293206	52293410	SINE/MIR	700	-	102	52293308	25836
chr12	52267472	52467472	harbor1	chr12	52295197	52295413	SINE/MIR	639	-	108	52295305	27833
chr12	52267472	52467472	harbor1	chr12	52298523	52298773	SINE/MIR	1106	-	125	52298648	31176
chr12	52267472	52467472	harbor1	chr12	52352414	52352659	SINE/MIR	1060	-	122	52352536	85064
chr12	57101591	57301591	harbor1	chr12	57109275	57109477	SINE/MIR	659	-	101	57109376	7785
chr12	57101591	57301591	harbor1	chr12	57190322	57190541	SINE/MIR	654	-	110	57190432	88841
chr12	120657977	120857977	harbor1	chr12	120663611	120663823	SINE/MIR	785	-	106	120663717	5740
chr12	6359134	6559134	harbor1	chr12	6370139	6370326	SINE/MIR	701	-	94	6370233	11099
chr12	6359134	6559134	harbor1	chr12	6386939	6387149	SINE/MIR	716	-	105	6387044	27910
chr12	6359134	6559134	harbor1	chr12	6391697	6391913	SINE/MIR	909	-	108	6391805	32671
chr12	6863304	7063304	harbor1	chr12	6903589	6903820	SINE/MIR	680	-	116	6903705	40401
chr12	6863304	7063304	harbor1	chr12	6961639	6961792	SINE/MIR	619	-	76	6961715	98411
chr12	92010595	92210595	harbor1	chr12	92011700	92011878	SINE/MIR	707	-	89	92011789	1194
chr12	92010595	92210595	harbor1	chr12	92039709	92039965	SINE/MIR	658	-	128	92039837	29242
chr12	92010595	92210595	harbor1	chr12	92062515	92062759	SINE/MIR	730	-	122	92062637	52042
chr12	92010595	92210595	harbor1	chr12	92076833	92077075	SINE/MIR	670	-	121	92076954	66359
chr12	49009817	49209817	harbor1	chr12	49013544	49013738	SINE/MIR	708	-	97	49013641	3824
chr12	49009817	49209817	harbor1	chr12	49062933	49063111	SINE/MIR	642	-	89	49063022	53205
chr12	106993251	107193251	harbor1	chr12	107035469	107035682	SINE/MIR	750	-	106	107035575	42324
chr12	121697440	121897440	harbor1	chr12	121788054	121788209	SINE/MIR	710	-	78	121788132	90692
chr12	21402089	21602089	harbor1	chr12	21434714	21434924	SINE/MIR	622	-	105	21434819	32730
chr12	21402089	21602089	harbor1	chr12	21451472	21451677	SINE/MIR	665	-	102	21451574	49485
chr12	6862158	7062158	harbor1	chr12	6903589	6903820	SINE/MIR	680	-	116	6903705	41547
chr12	6862158	7062158	harbor1	chr12	6961639	6961792	SINE/MIR	619	-	76	6961715	99557
chr12	6863268	7063268	harbor1	chr12	6903589	6903820	SINE/MIR	680	-	116	6903705	40437
chr12	6863268	7063268	harbor1	chr12	6961639	6961792	SINE/MIR	619	-	76	6961715	98447
chr12	94808159	95008159	harbor1	chr12	94867452	94867624	SINE/MIR	815	-	86	94867538	59379
chr12	6862769	7062769	harbor1	chr12	6903589	6903820	SINE/MIR	680	-	116	6903705	40936
chr12	6862769	7062769	harbor1	chr12	6961639	6961792	SINE/MIR	619	-	76	6961715	98946
chr13	20315161	20515161	harbor1	chr13	20410692	20410923	SINE/MIR	760	-	116	20410808	95647
chr13	27925914	28125914	harbor1	chr13	28002601	28002801	SINE/MIR	624	-	100	28002701	76787
chr13	27925914	28125914	harbor1	chr13	28024431	28024607	SINE/MIR	471	-	88	28024519	98605
chr13	20315121	20515121	harbor1	chr13	20410692	20410923	SINE/MIR	760	-	116	20410808	95687
chr13	20315155	20515155	harbor1	chr13	20410692	20410923	SINE/MIR	760	-	116	20410808	95653
chr13	72959646	73159646	harbor1	chr13	73017839	73018068	SINE/MIR	658	-	114	73017953	58307
chr13	75381986	75581986	harbor1	chr13	75385653	75385797	SINE/MIR	617	-	72	75385725	3739
chr13	75381986	75581986	harbor1	chr13	75444889	75445126	SINE/MIR	597	-	118	75445007	63021
chr13	75381986	75581986	harbor1	chr13	75464996	75465232	SINE/MIR	707	-	118	75465114	83128
chr13	20315106	20515106	harbor1	chr13	20410692	20410923	SINE/MIR	760	-	116	20410808	95702
chr13	72959141	73159141	harbor1	chr13	73017839	73018068	SINE/MIR	658	-	114	73017953	58812
chr13	51326437	51526437	harbor1	chr13	51328228	51328406	SINE/MIR	537	-	89	51328317	1880
chr13	51326437	51526437	harbor1	chr13	51336669	51336804	SINE/MIR	447	-	68	51336737	10300
chr13	51326437	51526437	harbor1	chr13	51341693	51341923	SINE/MIR	937	-	115	51341808	15371
chr13	51326437	51526437	harbor1	chr13	51345069	51345282	SINE/MIR	725	-	106	51345175	18738
chr13	51326437	51526437	harbor1	chr13	51353344	51353566	SINE/MIR	739	-	111	51353455	27018
chr13	51326437	51526437	harbor1	chr13	51390803	51390998	SINE/MIR	734	-	98	51390901	64464
chr13	51326437	51526437	harbor1	chr13	51401587	51401835	SINE/MIR	710	-	124	51401711	75274
chr13	51326437	51526437	harbor1	chr13	51402162	51402283	SINE/MIR	494	-	60	51402222	75785
chr13	51326437	51526437	harbor1	chr13	51413444	51413590	SINE/MIR	541	-	73	51413517	87080
chr13	100574944	100774944	harbor1	chr13	100614572	100614726	SINE/MIR	612	-	77	100614649	39705
chr13	20315169	20515169	harbor1	chr13	20410692	20410923	SINE/MIR	760	-	116	20410808	95639
chr13	100413825	100613825	harbor1	chr13	100427870	100428062	SINE/MIR	700	-	96	100427966	14141
chr13	100413825	100613825	harbor1	chr13	100430860	100431068	SINE/MIR	625	-	104	100430964	17139
chr13	20315123	20515123	harbor1	chr13	20410692	20410923	SINE/MIR	760	-	116	20410808	95685
chr13	19764706	19964706	harbor1	chr13	19854679	19854904	SINE/MIR	520	-	112	19854791	90085
chr13	20315143	20515143	harbor1	chr13	20410692	20410923	SINE/MIR	760	-	116	20410808	95665
chr13	100568699	100768699	harbor1	chr13	100614572	100614726	SINE/MIR	612	-	77	100614649	45950
chr13	20262753	20462753	harbor1	chr13	20268844	20269084	SINE/MIR	539	-	120	20268964	6211
chr13	20262753	20462753	harbor1	chr13	20302938	20303160	SINE/MIR	716	-	111	20303049	40296
chr13	36814065	37014065	harbor1	chr13	36823020	36823242	SINE/MIR	657	-	111	36823131	9066
chr13	36814065	37014065	harbor1	chr13	36886065	36886250	SINE/MIR	482	-	92	36886157	72092
chr13	20315206	20515206	harbor1	chr13	20410692	20410923	SINE/MIR	760	-	116	20410808	95602
chr13	19682694	19882694	harbor1	chr13	19713333	19713441	SINE/MIR	547	-	54	19713387	30693
chr14	52595151	52795151	harbor1	chr14	52646587	52646810	SINE/MIR	590	-	112	52646699	51548
chr14	67141304	67341304	harbor1	chr14	67167743	67167936	SINE/MIR	439	-	96	67167839	26535
chr14	67141304	67341304	harbor1	chr14	67183334	67183544	SINE/MIR	819	-	105	67183439	42135
chr14	67141304	67341304	harbor1	chr14	67228974	67229175	SINE/MIR	669	-	100	67229074	87770
chr14	67141304	67341304	harbor1	chr14	67234024	67234234	SINE/MIR	880	-	105	67234129	92825
chr14	67141304	67341304	harbor1	chr14	67141475	67141707	SINE/MIR	938	-	116	67141591	287
chr14	90282069	90482069	harbor1	chr14	90302025	90302204	SINE/MIR	462	-	90	90302115	20046
chr14	90282069	90482069	harbor1	chr14	90310085	90310251	SINE/MIR	505	-	83	90310168	28099
chr14	90282069	90482069	harbor1	chr14	90320738	90320903	SINE/MIR	609	-	82	90320820	38751
chr14	95434849	95634849	harbor1	chr14	95454381	95454512	SINE/MIR	433	-	66	95454447	19598
chr14	95434849	95634849	harbor1	chr14	95457690	95457931	SINE/MIR	773	-	120	95457810	22961
chr14	95434849	95634849	harbor1	chr14	95467202	95467413	SINE/MIR	623	-	106	95467308	32459
chr14	95434849	95634849	harbor1	chr14	95474894	95475073	SINE/MIR	563	-	90	95474984	40135
chr14	95434849	95634849	harbor1	chr14	95482726	95482982	SINE/MIR	513	-	128	95482854	48005
chr14	95434849	95634849	harbor1	chr14	95490435	95490591	SINE/MIR	455	-	78	95490513	55664
chr14	95434849	95634849	harbor1	chr14	95493235	95493501	SINE/MIR	637	-	133	95493368	58519
chr14	95434849	95634849	harbor1	chr14	95503320	95503494	SINE/MIR	540	-	87	95503407	68558
chr14	95434849	95634849	harbor1	chr14	95506747	95506897	SINE/MIR	500	-	75	95506822	71973
chr14	95434849	95634849	harbor1	chr14	95514532	95514746	SINE/MIR	476	-	107	95514639	79790
chr14	95434849	95634849	harbor1	chr14	95522881	95523097	SINE/MIR	715	-	108	95522989	88140
chr14	67141322	67341322	harbor1	chr14	67167743	67167936	SINE/MIR	439	-	96	67167839	26517
chr14	67141322	67341322	harbor1	chr14	67183334	67183544	SINE/MIR	819	-	105	67183439	42117
chr14	67141322	67341322	harbor1	chr14	67228974	67229175	SINE/MIR	669	-	100	67229074	87752
chr14	67141322	67341322	harbor1	chr14	67234024	67234234	SINE/MIR	880	-	105	67234129	92807
chr14	67141322	67341322	harbor1	chr14	67141475	67141707	SINE/MIR	938	-	116	67141591	269
chr14	75885958	76085958	harbor1	chr14	75903003	75903228	SINE/MIR	729	-	112	75903115	17157
chr14	75885958	76085958	harbor1	chr14	75917252	75917381	SINE/MIR	465	-	64	75917316	31358
chr14	75885958	76085958	harbor1	chr14	75938535	75938704	SINE/MIR	539	-	84	75938619	52661
chr14	75885958	76085958	harbor1	chr14	75967686	75967860	SINE/MIR	674	-	87	75967773	81815
chr14	75885958	76085958	harbor1	chr14	75975550	75975712	SINE/MIR	614	-	81	75975631	89673
chr14	75885958	76085958	harbor1	chr14	75983309	75983464	SINE/MIR	531	-	78	75983387	97429
chr14	100185498	100385498	harbor1	chr14	100219231	100219402	SINE/MIR	482	-	86	100219317	33819
chr14	100185498	100385498	harbor1	chr14	100229770	100229960	SINE/MIR	428	-	95	100229865	44367
chr14	100185498	100385498	harbor1	chr14	100231393	100231531	SINE/MIR	449	-	69	100231462	45964
chr14	67140883	67340883	harbor1	chr14	67167743	67167936	SINE/MIR	439	-	96	67167839	26956
chr14	67140883	67340883	harbor1	chr14	67183334	67183544	SINE/MIR	819	-	105	67183439	42556
chr14	67140883	67340883	harbor1	chr14	67228974	67229175	SINE/MIR	669	-	100	67229074	88191
chr14	67140883	67340883	harbor1	chr14	67234024	67234234	SINE/MIR	880	-	105	67234129	93246
chr14	67140883	67340883	harbor1	chr14	67141475	67141707	SINE/MIR	938	-	116	67141591	708
chr14	69667796	69867796	harbor1	chr14	69694260	69694482	SINE/MIR	432	-	111	69694371	26575
chr14	69667796	69867796	harbor1	chr14	69704874	69705033	SINE/MIR	546	-	80	69704954	37158
chr14	69667796	69867796	harbor1	chr14	69705343	69705385	SINE/MIR	546	-	21	69705364	37568
chr14	69667796	69867796	harbor1	chr14	69709524	69709729	SINE/MIR	762	-	102	69709626	41830
chr14	69667796	69867796	harbor1	chr14	69716324	69716582	SINE/MIR	483	-	129	69716453	48657
chr14	69667796	69867796	harbor1	chr14	69718936	69719141	SINE/MIR	499	-	102	69719038	51242
chr14	75327880	75527880	harbor1	chr14	75338833	75339024	SINE/MIR	601	-	96	75338929	11049
chr14	75327880	75527880	harbor1	chr14	75362907	75363089	SINE/MIR	518	-	91	75362998	35118
chr14	75327880	75527880	harbor1	chr14	75363597	75363791	SINE/MIR	467	-	97	75363694	35814
chr14	75327880	75527880	harbor1	chr14	75364538	75364747	SINE/MIR	583	-	104	75364642	36762
chr14	75327880	75527880	harbor1	chr14	75375183	75375359	SINE/MIR	538	-	88	75375271	47391
chr14	75327880	75527880	harbor1	chr14	75392694	75392931	SINE/MIR	634	-	118	75392812	64932
chr14	75327880	75527880	harbor1	chr14	75411226	75411446	SINE/MIR	601	-	110	75411336	83456
chr14	75327880	75527880	harbor1	chr14	75417974	75418213	SINE/MIR	911	-	120	75418094	90214
chr14	75327880	75527880	harbor1	chr14	75420384	75420517	SINE/MIR	457	-	66	75420450	92570
chr14	99474315	99674315	harbor1	chr14	99519420	99519540	SINE/MIR	465	-	60	99519480	45165
chr14	99474315	99674315	harbor1	chr14	99529904	99530091	SINE/MIR	636	-	94	99529998	55683
chr14	99474315	99674315	harbor1	chr14	99557062	99557302	SINE/MIR	714	-	120	99557182	82867
chr14	99474315	99674315	harbor1	chr14	99566241	99566448	SINE/MIR	480	-	104	99566345	92030
chr14	99474315	99674315	harbor1	chr14	99570140	99570338	SINE/MIR	449	-	99	99570239	95924
chr14	100185509	100385509	harbor1	chr14	100219231	100219402	SINE/MIR	482	-	86	100219317	33808
chr14	100185509	100385509	harbor1	chr14	100229770	100229960	SINE/MIR	428	-	95	100229865	44356
chr14	100185509	100385509	harbor1	chr14	100231393	100231531	SINE/MIR	449	-	69	100231462	45953
chr14	67141305	67341305	harbor1	chr14	67167743	67167936	SINE/MIR	439	-	96	67167839	26534
chr14	67141305	67341305	harbor1	chr14	67183334	67183544	SINE/MIR	819	-	105	67183439	42134
chr14	67141305	67341305	harbor1	chr14	67228974	67229175	SINE/MIR	669	-	100	67229074	87769
chr14	67141305	67341305	harbor1	chr14	67234024	67234234	SINE/MIR	880	-	105	67234129	92824
chr14	67141305	67341305	harbor1	chr14	67141475	67141707	SINE/MIR	938	-	116	67141591	286
chr14	20990648	21190648	harbor1	chr14	21027965	21028149	SINE/MIR	689	-	92	21028057	37409
chr14	20990648	21190648	harbor1	chr14	21031262	21031393	SINE/MIR	490	-	66	21031328	40680
chr14	20990648	21190648	harbor1	chr14	21043901	21044098	SINE/MIR	577	-	98	21043999	53351
chr14	20990648	21190648	harbor1	chr14	21077890	21078080	SINE/MIR	473	-	95	21077985	87337
chr14	20990648	21190648	harbor1	chr14	21078579	21078789	SINE/MIR	487	-	105	21078684	88036
chr14	90164299	90364299	harbor1	chr14	90197904	90198049	SINE/MIR	499	-	72	90197976	33677
chr14	90164299	90364299	harbor1	chr14	90216446	90216644	SINE/MIR	462	-	99	90216545	52246
chr14	90164299	90364299	harbor1	chr14	90227182	90227370	SINE/MIR	513	-	94	90227276	62977
chr14	75328395	75528395	harbor1	chr14	75338833	75339024	SINE/MIR	601	-	96	75338929	10534
chr14	75328395	75528395	harbor1	chr14	75362907	75363089	SINE/MIR	518	-	91	75362998	34603
chr14	75328395	75528395	harbor1	chr14	75363597	75363791	SINE/MIR	467	-	97	75363694	35299
chr14	75328395	75528395	harbor1	chr14	75364538	75364747	SINE/MIR	583	-	104	75364642	36247
chr14	75328395	75528395	harbor1	chr14	75375183	75375359	SINE/MIR	538	-	88	75375271	46876
chr14	75328395	75528395	harbor1	chr14	75392694	75392931	SINE/MIR	634	-	118	75392812	64417
chr14	75328395	75528395	harbor1	chr14	75411226	75411446	SINE/MIR	601	-	110	75411336	82941
chr14	75328395	75528395	harbor1	chr14	75417974	75418213	SINE/MIR	911	-	120	75418094	89699
chr14	75328395	75528395	harbor1	chr14	75420384	75420517	SINE/MIR	457	-	66	75420450	92055
chr14	75328436	75528436	harbor1	chr14	75338833	75339024	SINE/MIR	601	-	96	75338929	10493
chr14	75328436	75528436	harbor1	chr14	75362907	75363089	SINE/MIR	518	-	91	75362998	34562
chr14	75328436	75528436	harbor1	chr14	75363597	75363791	SINE/MIR	467	-	97	75363694	35258
chr14	75328436	75528436	harbor1	chr14	75364538	75364747	SINE/MIR	583	-	104	75364642	36206
chr14	75328436	75528436	harbor1	chr14	75375183	75375359	SINE/MIR	538	-	88	75375271	46835
chr14	75328436	75528436	harbor1	chr14	75392694	75392931	SINE/MIR	634	-	118	75392812	64376
chr14	75328436	75528436	harbor1	chr14	75411226	75411446	SINE/MIR	601	-	110	75411336	82900
chr14	75328436	75528436	harbor1	chr14	75417974	75418213	SINE/MIR	911	-	120	75418094	89658
chr14	75328436	75528436	harbor1	chr14	75420384	75420517	SINE/MIR	457	-	66	75420450	92014
chr14	95435211	95635211	harbor1	chr14	95454381	95454512	SINE/MIR	433	-	66	95454447	19236
chr14	95435211	95635211	harbor1	chr14	95457690	95457931	SINE/MIR	773	-	120	95457810	22599
chr14	95435211	95635211	harbor1	chr14	95467202	95467413	SINE/MIR	623	-	106	95467308	32097
chr14	95435211	95635211	harbor1	chr14	95474894	95475073	SINE/MIR	563	-	90	95474984	39773
chr14	95435211	95635211	harbor1	chr14	95482726	95482982	SINE/MIR	513	-	128	95482854	47643
chr14	95435211	95635211	harbor1	chr14	95490435	95490591	SINE/MIR	455	-	78	95490513	55302
chr14	95435211	95635211	harbor1	chr14	95493235	95493501	SINE/MIR	637	-	133	95493368	58157
chr14	95435211	95635211	harbor1	chr14	95503320	95503494	SINE/MIR	540	-	87	95503407	68196
chr14	95435211	95635211	harbor1	chr14	95506747	95506897	SINE/MIR	500	-	75	95506822	71611
chr14	95435211	95635211	harbor1	chr14	95514532	95514746	SINE/MIR	476	-	107	95514639	79428
chr14	95435211	95635211	harbor1	chr14	95522881	95523097	SINE/MIR	715	-	108	95522989	87778
chr14	99488601	99688601	harbor1	chr14	99519420	99519540	SINE/MIR	465	-	60	99519480	30879
chr14	99488601	99688601	harbor1	chr14	99529904	99530091	SINE/MIR	636	-	94	99529998	41397
chr14	99488601	99688601	harbor1	chr14	99557062	99557302	SINE/MIR	714	-	120	99557182	68581
chr14	99488601	99688601	harbor1	chr14	99566241	99566448	SINE/MIR	480	-	104	99566345	77744
chr14	99488601	99688601	harbor1	chr14	99570140	99570338	SINE/MIR	449	-	99	99570239	81638
chr14	90282794	90482794	harbor1	chr14	90302025	90302204	SINE/MIR	462	-	90	90302115	19321
chr14	90282794	90482794	harbor1	chr14	90310085	90310251	SINE/MIR	505	-	83	90310168	27374
chr14	90282794	90482794	harbor1	chr14	90320738	90320903	SINE/MIR	609	-	82	90320820	38026
chr14	75328363	75528363	harbor1	chr14	75338833	75339024	SINE/MIR	601	-	96	75338929	10566
chr14	75328363	75528363	harbor1	chr14	75362907	75363089	SINE/MIR	518	-	91	75362998	34635
chr14	75328363	75528363	harbor1	chr14	75363597	75363791	SINE/MIR	467	-	97	75363694	35331
chr14	75328363	75528363	harbor1	chr14	75364538	75364747	SINE/MIR	583	-	104	75364642	36279
chr14	75328363	75528363	harbor1	chr14	75375183	75375359	SINE/MIR	538	-	88	75375271	46908
chr14	75328363	75528363	harbor1	chr14	75392694	75392931	SINE/MIR	634	-	118	75392812	64449
chr14	75328363	75528363	harbor1	chr14	75411226	75411446	SINE/MIR	601	-	110	75411336	82973
chr14	75328363	75528363	harbor1	chr14	75417974	75418213	SINE/MIR	911	-	120	75418094	89731
chr14	75328363	75528363	harbor1	chr14	75420384	75420517	SINE/MIR	457	-	66	75420450	92087
chr14	67140875	67340875	harbor1	chr14	67167743	67167936	SINE/MIR	439	-	96	67167839	26964
chr14	67140875	67340875	harbor1	chr14	67183334	67183544	SINE/MIR	819	-	105	67183439	42564
chr14	67140875	67340875	harbor1	chr14	67228974	67229175	SINE/MIR	669	-	100	67229074	88199
chr14	67140875	67340875	harbor1	chr14	67234024	67234234	SINE/MIR	880	-	105	67234129	93254
chr14	67140875	67340875	harbor1	chr14	67141475	67141707	SINE/MIR	938	-	116	67141591	716
chr14	66148048	66348048	harbor1	chr14	66161212	66161319	SINE/MIR	443	-	54	66161266	13218
chr14	66148048	66348048	harbor1	chr14	66163003	66163161	SINE/MIR	450	-	79	66163082	15034
chr14	66148048	66348048	harbor1	chr14	66172297	66172426	SINE/MIR	443	-	64	66172361	24313
chr14	81174155	81374155	harbor1	chr14	81211003	81211195	SINE/MIR	592	-	96	81211099	36944
chr14	81174155	81374155	harbor1	chr14	81216102	81216309	SINE/MIR	650	-	104	81216206	42051
chr14	81174155	81374155	harbor1	chr14	81271816	81271981	SINE/MIR	535	-	82	81271898	97743
chr14	81174155	81374155	harbor1	chr14	81272240	81272285	SINE/MIR	527	-	22	81272262	98107
chr14	81174155	81374155	harbor1	chr14	81272753	81272978	SINE/MIR	731	-	112	81272865	98710
chr14	100229889	100429889	harbor1	chr14	100229770	100229960	SINE/MIR	428	-	95	100229865	24
chr14	100229889	100429889	harbor1	chr14	100231393	100231531	SINE/MIR	449	-	69	100231462	1573
chr14	100229889	100429889	harbor1	chr14	100321723	100321875	SINE/MIR	505	-	76	100321799	91910
chr14	21337415	21537415	harbor1	chr14	21423764	21423990	SINE/MIR	1010	-	113	21423877	86462
chr14	99493213	99693213	harbor1	chr14	99519420	99519540	SINE/MIR	465	-	60	99519480	26267
chr14	99493213	99693213	harbor1	chr14	99529904	99530091	SINE/MIR	636	-	94	99529998	36785
chr14	99493213	99693213	harbor1	chr14	99557062	99557302	SINE/MIR	714	-	120	99557182	63969
chr14	99493213	99693213	harbor1	chr14	99566241	99566448	SINE/MIR	480	-	104	99566345	73132
chr14	99493213	99693213	harbor1	chr14	99570140	99570338	SINE/MIR	449	-	99	99570239	77026
chr14	100234889	100434889	harbor1	chr14	100321723	100321875	SINE/MIR	505	-	76	100321799	86910
chr14	95435221	95635221	harbor1	chr14	95454381	95454512	SINE/MIR	433	-	66	95454447	19226
chr14	95435221	95635221	harbor1	chr14	95457690	95457931	SINE/MIR	773	-	120	95457810	22589
chr14	95435221	95635221	harbor1	chr14	95467202	95467413	SINE/MIR	623	-	106	95467308	32087
chr14	95435221	95635221	harbor1	chr14	95474894	95475073	SINE/MIR	563	-	90	95474984	39763
chr14	95435221	95635221	harbor1	chr14	95482726	95482982	SINE/MIR	513	-	128	95482854	47633
chr14	95435221	95635221	harbor1	chr14	95490435	95490591	SINE/MIR	455	-	78	95490513	55292
chr14	95435221	95635221	harbor1	chr14	95493235	95493501	SINE/MIR	637	-	133	95493368	58147
chr14	95435221	95635221	harbor1	chr14	95503320	95503494	SINE/MIR	540	-	87	95503407	68186
chr14	95435221	95635221	harbor1	chr14	95506747	95506897	SINE/MIR	500	-	75	95506822	71601
chr14	95435221	95635221	harbor1	chr14	95514532	95514746	SINE/MIR	476	-	107	95514639	79418
chr14	95435221	95635221	harbor1	chr14	95522881	95523097	SINE/MIR	715	-	108	95522989	87768
chr14	88923334	89123334	harbor1	chr14	88927805	88928055	SINE/MIR	991	-	125	88927930	4596
chr14	88923334	89123334	harbor1	chr14	88934011	88934243	SINE/MIR	672	-	116	88934127	10793
chr14	88923334	89123334	harbor1	chr14	88943070	88943225	SINE/MIR	461	-	78	88943148	19814
chr14	88923334	89123334	harbor1	chr14	88965340	88965490	SINE/MIR	502	-	75	88965415	42081
chr14	88923334	89123334	harbor1	chr14	88977591	88977783	SINE/MIR	660	-	96	88977687	54353
chr14	88923334	89123334	harbor1	chr14	88985290	88985419	SINE/MIR	477	-	64	88985354	62020
chr14	88923334	89123334	harbor1	chr14	88997822	88998049	SINE/MIR	828	-	114	88997936	74602
chr14	95435535	95635535	harbor1	chr14	95454381	95454512	SINE/MIR	433	-	66	95454447	18912
chr14	95435535	95635535	harbor1	chr14	95457690	95457931	SINE/MIR	773	-	120	95457810	22275
chr14	95435535	95635535	harbor1	chr14	95467202	95467413	SINE/MIR	623	-	106	95467308	31773
chr14	95435535	95635535	harbor1	chr14	95474894	95475073	SINE/MIR	563	-	90	95474984	39449
chr14	95435535	95635535	harbor1	chr14	95482726	95482982	SINE/MIR	513	-	128	95482854	47319
chr14	95435535	95635535	harbor1	chr14	95490435	95490591	SINE/MIR	455	-	78	95490513	54978
chr14	95435535	95635535	harbor1	chr14	95493235	95493501	SINE/MIR	637	-	133	95493368	57833
chr14	95435535	95635535	harbor1	chr14	95503320	95503494	SINE/MIR	540	-	87	95503407	67872
chr14	95435535	95635535	harbor1	chr14	95506747	95506897	SINE/MIR	500	-	75	95506822	71287
chr14	95435535	95635535	harbor1	chr14	95514532	95514746	SINE/MIR	476	-	107	95514639	79104
chr14	95435535	95635535	harbor1	chr14	95522881	95523097	SINE/MIR	715	-	108	95522989	87454
chr14	91224851	91424851	harbor1	chr14	91254461	91254706	SINE/MIR	945	-	122	91254583	29732
chr14	91224851	91424851	harbor1	chr14	91255929	91256102	SINE/MIR	495	-	86	91256015	31164
chr14	91224851	91424851	harbor1	chr14	91308723	91308842	SINE/MIR	536	-	60	91308783	83932
chr14	91224851	91424851	harbor1	chr14	91323289	91323525	SINE/MIR	729	-	118	91323407	98556
chr14	100229897	100429897	harbor1	chr14	100229770	100229960	SINE/MIR	428	-	95	100229865	32
chr14	100229897	100429897	harbor1	chr14	100231393	100231531	SINE/MIR	449	-	69	100231462	1565
chr14	100229897	100429897	harbor1	chr14	100321723	100321875	SINE/MIR	505	-	76	100321799	91902
chr14	23252014	23452014	harbor1	chr14	23304124	23304351	SINE/MIR	898	-	114	23304238	52224
chr14	69667837	69867837	harbor1	chr14	69694260	69694482	SINE/MIR	432	-	111	69694371	26534
chr14	69667837	69867837	harbor1	chr14	69704874	69705033	SINE/MIR	546	-	80	69704954	37117
chr14	69667837	69867837	harbor1	chr14	69705343	69705385	SINE/MIR	546	-	21	69705364	37527
chr14	69667837	69867837	harbor1	chr14	69709524	69709729	SINE/MIR	762	-	102	69709626	41789
chr14	69667837	69867837	harbor1	chr14	69716324	69716582	SINE/MIR	483	-	129	69716453	48616
chr14	69667837	69867837	harbor1	chr14	69718936	69719141	SINE/MIR	499	-	102	69719038	51201
chr14	100185484	100385484	harbor1	chr14	100219231	100219402	SINE/MIR	482	-	86	100219317	33833
chr14	100185484	100385484	harbor1	chr14	100229770	100229960	SINE/MIR	428	-	95	100229865	44381
chr14	100185484	100385484	harbor1	chr14	100231393	100231531	SINE/MIR	449	-	69	100231462	45978
chr14	103611773	103811773	harbor1	chr14	103673498	103673641	SINE/MIR	451	-	72	103673570	61797
chr14	103611773	103811773	harbor1	chr14	103673938	103674044	SINE/MIR	451	-	53	103673991	62218
chr14	100182129	100382129	harbor1	chr14	100219231	100219402	SINE/MIR	482	-	86	100219317	37188
chr14	100182129	100382129	harbor1	chr14	100229770	100229960	SINE/MIR	428	-	95	100229865	47736
chr14	100182129	100382129	harbor1	chr14	100231393	100231531	SINE/MIR	449	-	69	100231462	49333
chr14	74822554	75022554	harbor1	chr14	74841712	74841888	SINE/MIR	508	-	88	74841800	19246
chr14	74822554	75022554	harbor1	chr14	74849670	74849899	SINE/MIR	648	-	114	74849784	27230
chr14	74822554	75022554	harbor1	chr14	74864314	74864493	SINE/MIR	510	-	90	74864404	41850
chr14	23452131	23652131	harbor1	chr14	23493956	23494131	SINE/MIR	485	-	88	23494044	41913
chr14	23452131	23652131	harbor1	chr14	23536550	23536736	SINE/MIR	430	-	93	23536643	84512
chr14	23452131	23652131	harbor1	chr14	23543151	23543387	SINE/MIR	690	-	118	23543269	91138
chr14	24047207	24247207	harbor1	chr14	24080478	24080640	SINE/MIR	442	-	81	24080559	33352
chr14	24047207	24247207	harbor1	chr14	24104882	24104916	SINE/MIR	497	-	17	24104899	57692
chr14	24047207	24247207	harbor1	chr14	24105423	24105558	SINE/MIR	497	-	68	24105491	58284
chr14	24047207	24247207	harbor1	chr14	24133365	24133452	SINE/MIR	432	-	44	24133409	86202
chr14	24047207	24247207	harbor1	chr14	24133761	24133975	SINE/MIR	432	-	107	24133868	86661
chr14	24047207	24247207	harbor1	chr14	24144548	24144802	SINE/MIR	800	-	127	24144675	97468
chr14	67500240	67700240	harbor1	chr14	67517716	67517905	SINE/MIR	587	-	94	67517810	17570
chr14	67500240	67700240	harbor1	chr14	67530188	67530424	SINE/MIR	581	-	118	67530306	30066
chr14	67500240	67700240	harbor1	chr14	67535927	67536081	SINE/MIR	470	-	77	67536004	35764
chr14	67500240	67700240	harbor1	chr14	67551350	67551586	SINE/MIR	600	-	118	67551468	51228
chr14	67500240	67700240	harbor1	chr14	67568865	67569072	SINE/MIR	671	-	104	67568969	68729
chr14	67500240	67700240	harbor1	chr14	67572596	67572721	SINE/MIR	479	-	62	67572658	72418
chr14	67500240	67700240	harbor1	chr14	67583258	67583388	SINE/MIR	472	-	65	67583323	83083
chr14	76928821	77128821	harbor1	chr14	76937078	76937207	SINE/MIR	494	-	64	76937142	8321
chr14	76928821	77128821	harbor1	chr14	76941397	76941621	SINE/MIR	441	-	112	76941509	12688
chr14	76928821	77128821	harbor1	chr14	76947873	76948083	SINE/MIR	625	-	105	76947978	19157
chr14	76928821	77128821	harbor1	chr14	76950119	76950252	SINE/MIR	457	-	66	76950185	21364
chr14	76928821	77128821	harbor1	chr14	76950832	76951040	SINE/MIR	683	-	104	76950936	22115
chr14	76928821	77128821	harbor1	chr14	76958215	76958396	SINE/MIR	429	-	90	76958305	29484
chr14	76928821	77128821	harbor1	chr14	77010250	77010491	SINE/MIR	466	-	120	77010370	81549
chr14	69667763	69867763	harbor1	chr14	69694260	69694482	SINE/MIR	432	-	111	69694371	26608
chr14	69667763	69867763	harbor1	chr14	69704874	69705033	SINE/MIR	546	-	80	69704954	37191
chr14	69667763	69867763	harbor1	chr14	69705343	69705385	SINE/MIR	546	-	21	69705364	37601
chr14	69667763	69867763	harbor1	chr14	69709524	69709729	SINE/MIR	762	-	102	69709626	41863
chr14	69667763	69867763	harbor1	chr14	69716324	69716582	SINE/MIR	483	-	129	69716453	48690
chr14	69667763	69867763	harbor1	chr14	69718936	69719141	SINE/MIR	499	-	102	69719038	51275
chr14	94074221	94274221	harbor1	chr14	94146234	94146455	SINE/MIR	832	-	110	94146344	72123
chr14	94074221	94274221	harbor1	chr14	94164179	94164401	SINE/MIR	457	-	111	94164290	90069
chr14	94074221	94274221	harbor1	chr14	94170603	94170816	SINE/MIR	667	-	106	94170709	96488
chr14	74300576	74500576	harbor1	chr14	74321258	74321489	SINE/MIR	606	-	116	74321374	20798
chr14	74300576	74500576	harbor1	chr14	74325904	74326137	SINE/MIR	781	-	116	74326020	25444
chr14	74300576	74500576	harbor1	chr14	74333885	74334113	SINE/MIR	1067	-	114	74333999	33423
chr14	74300576	74500576	harbor1	chr14	74335461	74335657	SINE/MIR	554	-	98	74335559	34983
chr14	74300576	74500576	harbor1	chr14	74339222	74339375	SINE/MIR	494	-	76	74339298	38722
chr14	74300576	74500576	harbor1	chr14	74341154	74341371	SINE/MIR	467	-	108	74341262	40686
chr14	74300576	74500576	harbor1	chr14	74347099	74347280	SINE/MIR	570	-	90	74347189	46613
chr14	74300576	74500576	harbor1	chr14	74356143	74356177	SINE/MIR	487	-	17	74356160	55584
chr14	74300576	74500576	harbor1	chr14	74356484	74356628	SINE/MIR	487	-	72	74356556	55980
chr14	24047697	24247697	harbor1	chr14	24080478	24080640	SINE/MIR	442	-	81	24080559	32862
chr14	24047697	24247697	harbor1	chr14	24104882	24104916	SINE/MIR	497	-	17	24104899	57202
chr14	24047697	24247697	harbor1	chr14	24105423	24105558	SINE/MIR	497	-	68	24105491	57794
chr14	24047697	24247697	harbor1	chr14	24133365	24133452	SINE/MIR	432	-	44	24133409	85712
chr14	24047697	24247697	harbor1	chr14	24133761	24133975	SINE/MIR	432	-	107	24133868	86171
chr14	24047697	24247697	harbor1	chr14	24144548	24144802	SINE/MIR	800	-	127	24144675	96978
chr14	75327097	75527097	harbor1	chr14	75338833	75339024	SINE/MIR	601	-	96	75338929	11832
chr14	75327097	75527097	harbor1	chr14	75362907	75363089	SINE/MIR	518	-	91	75362998	35901
chr14	75327097	75527097	harbor1	chr14	75363597	75363791	SINE/MIR	467	-	97	75363694	36597
chr14	75327097	75527097	harbor1	chr14	75364538	75364747	SINE/MIR	583	-	104	75364642	37545
chr14	75327097	75527097	harbor1	chr14	75375183	75375359	SINE/MIR	538	-	88	75375271	48174
chr14	75327097	75527097	harbor1	chr14	75392694	75392931	SINE/MIR	634	-	118	75392812	65715
chr14	75327097	75527097	harbor1	chr14	75411226	75411446	SINE/MIR	601	-	110	75411336	84239
chr14	75327097	75527097	harbor1	chr14	75417974	75418213	SINE/MIR	911	-	120	75418094	90997
chr14	75327097	75527097	harbor1	chr14	75420384	75420517	SINE/MIR	457	-	66	75420450	93353
chr14	76928851	77128851	harbor1	chr14	76937078	76937207	SINE/MIR	494	-	64	76937142	8291
chr14	76928851	77128851	harbor1	chr14	76941397	76941621	SINE/MIR	441	-	112	76941509	12658
chr14	76928851	77128851	harbor1	chr14	76947873	76948083	SINE/MIR	625	-	105	76947978	19127
chr14	76928851	77128851	harbor1	chr14	76950119	76950252	SINE/MIR	457	-	66	76950185	21334
chr14	76928851	77128851	harbor1	chr14	76950832	76951040	SINE/MIR	683	-	104	76950936	22085
chr14	76928851	77128851	harbor1	chr14	76958215	76958396	SINE/MIR	429	-	90	76958305	29454
chr14	76928851	77128851	harbor1	chr14	77010250	77010491	SINE/MIR	466	-	120	77010370	81519
chr14	76928811	77128811	harbor1	chr14	76937078	76937207	SINE/MIR	494	-	64	76937142	8331
chr14	76928811	77128811	harbor1	chr14	76941397	76941621	SINE/MIR	441	-	112	76941509	12698
chr14	76928811	77128811	harbor1	chr14	76947873	76948083	SINE/MIR	625	-	105	76947978	19167
chr14	76928811	77128811	harbor1	chr14	76950119	76950252	SINE/MIR	457	-	66	76950185	21374
chr14	76928811	77128811	harbor1	chr14	76950832	76951040	SINE/MIR	683	-	104	76950936	22125
chr14	76928811	77128811	harbor1	chr14	76958215	76958396	SINE/MIR	429	-	90	76958305	29494
chr14	76928811	77128811	harbor1	chr14	77010250	77010491	SINE/MIR	466	-	120	77010370	81559
chr14	100229954	100429954	harbor1	chr14	100229770	100229960	SINE/MIR	428	-	95	100229865	89
chr14	100229954	100429954	harbor1	chr14	100231393	100231531	SINE/MIR	449	-	69	100231462	1508
chr14	100229954	100429954	harbor1	chr14	100321723	100321875	SINE/MIR	505	-	76	100321799	91845
chr14	76928796	77128796	harbor1	chr14	76937078	76937207	SINE/MIR	494	-	64	76937142	8346
chr14	76928796	77128796	harbor1	chr14	76941397	76941621	SINE/MIR	441	-	112	76941509	12713
chr14	76928796	77128796	harbor1	chr14	76947873	76948083	SINE/MIR	625	-	105	76947978	19182
chr14	76928796	77128796	harbor1	chr14	76950119	76950252	SINE/MIR	457	-	66	76950185	21389
chr14	76928796	77128796	harbor1	chr14	76950832	76951040	SINE/MIR	683	-	104	76950936	22140
chr14	76928796	77128796	harbor1	chr14	76958215	76958396	SINE/MIR	429	-	90	76958305	29509
chr14	76928796	77128796	harbor1	chr14	77010250	77010491	SINE/MIR	466	-	120	77010370	81574
chr14	51140268	51340268	harbor1	chr14	51177490	51177658	SINE/MIR	436	-	84	51177574	37306
chr14	51140268	51340268	harbor1	chr14	51211610	51211749	SINE/MIR	579	-	70	51211680	71412
chr14	51140268	51340268	harbor1	chr14	51224342	51224573	SINE/MIR	678	-	116	51224458	84190
chr14	91224777	91424777	harbor1	chr14	91254461	91254706	SINE/MIR	945	-	122	91254583	29806
chr14	91224777	91424777	harbor1	chr14	91255929	91256102	SINE/MIR	495	-	86	91256015	31238
chr14	91224777	91424777	harbor1	chr14	91308723	91308842	SINE/MIR	536	-	60	91308783	84006
chr14	91224777	91424777	harbor1	chr14	91323289	91323525	SINE/MIR	729	-	118	91323407	98630
chr14	76928421	77128421	harbor1	chr14	76937078	76937207	SINE/MIR	494	-	64	76937142	8721
chr14	76928421	77128421	harbor1	chr14	76941397	76941621	SINE/MIR	441	-	112	76941509	13088
chr14	76928421	77128421	harbor1	chr14	76947873	76948083	SINE/MIR	625	-	105	76947978	19557
chr14	76928421	77128421	harbor1	chr14	76950119	76950252	SINE/MIR	457	-	66	76950185	21764
chr14	76928421	77128421	harbor1	chr14	76950832	76951040	SINE/MIR	683	-	104	76950936	22515
chr14	76928421	77128421	harbor1	chr14	76958215	76958396	SINE/MIR	429	-	90	76958305	29884
chr14	76928421	77128421	harbor1	chr14	77010250	77010491	SINE/MIR	466	-	120	77010370	81949
chr14	23249324	23449324	harbor1	chr14	23304124	23304351	SINE/MIR	898	-	114	23304238	54914
chr14	23054525	23254525	harbor1	chr14	23110416	23110598	SINE/MIR	512	-	91	23110507	55982
chr14	23054525	23254525	harbor1	chr14	23116343	23116545	SINE/MIR	495	-	101	23116444	61919
chr14	23054525	23254525	harbor1	chr14	23138267	23138384	SINE/MIR	462	-	58	23138325	83800
chr14	100185531	100385531	harbor1	chr14	100219231	100219402	SINE/MIR	482	-	86	100219317	33786
chr14	100185531	100385531	harbor1	chr14	100229770	100229960	SINE/MIR	428	-	95	100229865	44334
chr14	100185531	100385531	harbor1	chr14	100231393	100231531	SINE/MIR	449	-	69	100231462	45931
chr14	103421746	103621746	harbor1	chr14	103454704	103454893	SINE/MIR	450	-	94	103454798	33052
chr14	100032741	100232741	harbor1	chr14	100033317	100033541	SINE/MIR	518	-	112	100033429	688
chr14	100032741	100232741	harbor1	chr14	100033633	100033870	SINE/MIR	544	-	118	100033751	1010
chr14	100032741	100232741	harbor1	chr14	100066223	100066467	SINE/MIR	479	-	122	100066345	33604
chr14	100032741	100232741	harbor1	chr14	100093294	100093462	SINE/MIR	449	-	84	100093378	60637
chr14	100032741	100232741	harbor1	chr14	100097062	100097242	SINE/MIR	440	-	90	100097152	64411
chr14	100032741	100232741	harbor1	chr14	100111731	100111909	SINE/MIR	565	-	89	100111820	79079
chr14	100032741	100232741	harbor1	chr14	100128915	100129117	SINE/MIR	618	-	101	100129016	96275
chr14	99493162	99693162	harbor1	chr14	99519420	99519540	SINE/MIR	465	-	60	99519480	26318
chr14	99493162	99693162	harbor1	chr14	99529904	99530091	SINE/MIR	636	-	94	99529998	36836
chr14	99493162	99693162	harbor1	chr14	99557062	99557302	SINE/MIR	714	-	120	99557182	64020
chr14	99493162	99693162	harbor1	chr14	99566241	99566448	SINE/MIR	480	-	104	99566345	73183
chr14	99493162	99693162	harbor1	chr14	99570140	99570338	SINE/MIR	449	-	99	99570239	77077
chr14	76928813	77128813	harbor1	chr14	76937078	76937207	SINE/MIR	494	-	64	76937142	8329
chr14	76928813	77128813	harbor1	chr14	76941397	76941621	SINE/MIR	441	-	112	76941509	12696
chr14	76928813	77128813	harbor1	chr14	76947873	76948083	SINE/MIR	625	-	105	76947978	19165
chr14	76928813	77128813	harbor1	chr14	76950119	76950252	SINE/MIR	457	-	66	76950185	21372
chr14	76928813	77128813	harbor1	chr14	76950832	76951040	SINE/MIR	683	-	104	76950936	22123
chr14	76928813	77128813	harbor1	chr14	76958215	76958396	SINE/MIR	429	-	90	76958305	29492
chr14	76928813	77128813	harbor1	chr14	77010250	77010491	SINE/MIR	466	-	120	77010370	81557
chr14	99435566	99635566	harbor1	chr14	99454619	99454838	SINE/MIR	461	-	110	99454729	19163
chr14	99435566	99635566	harbor1	chr14	99519420	99519540	SINE/MIR	465	-	60	99519480	83914
chr14	99435566	99635566	harbor1	chr14	99529904	99530091	SINE/MIR	636	-	94	99529998	94432
chr14	76928830	77128830	harbor1	chr14	76937078	76937207	SINE/MIR	494	-	64	76937142	8312
chr14	76928830	77128830	harbor1	chr14	76941397	76941621	SINE/MIR	441	-	112	76941509	12679
chr14	76928830	77128830	harbor1	chr14	76947873	76948083	SINE/MIR	625	-	105	76947978	19148
chr14	76928830	77128830	harbor1	chr14	76950119	76950252	SINE/MIR	457	-	66	76950185	21355
chr14	76928830	77128830	harbor1	chr14	76950832	76951040	SINE/MIR	683	-	104	76950936	22106
chr14	76928830	77128830	harbor1	chr14	76958215	76958396	SINE/MIR	429	-	90	76958305	29475
chr14	76928830	77128830	harbor1	chr14	77010250	77010491	SINE/MIR	466	-	120	77010370	81540
chr14	20990975	21190975	harbor1	chr14	21027965	21028149	SINE/MIR	689	-	92	21028057	37082
chr14	20990975	21190975	harbor1	chr14	21031262	21031393	SINE/MIR	490	-	66	21031328	40353
chr14	20990975	21190975	harbor1	chr14	21043901	21044098	SINE/MIR	577	-	98	21043999	53024
chr14	20990975	21190975	harbor1	chr14	21077890	21078080	SINE/MIR	473	-	95	21077985	87010
chr14	20990975	21190975	harbor1	chr14	21078579	21078789	SINE/MIR	487	-	105	21078684	87709
chr14	69667329	69867329	harbor1	chr14	69694260	69694482	SINE/MIR	432	-	111	69694371	27042
chr14	69667329	69867329	harbor1	chr14	69704874	69705033	SINE/MIR	546	-	80	69704954	37625
chr14	69667329	69867329	harbor1	chr14	69705343	69705385	SINE/MIR	546	-	21	69705364	38035
chr14	69667329	69867329	harbor1	chr14	69709524	69709729	SINE/MIR	762	-	102	69709626	42297
chr14	69667329	69867329	harbor1	chr14	69716324	69716582	SINE/MIR	483	-	129	69716453	49124
chr14	69667329	69867329	harbor1	chr14	69718936	69719141	SINE/MIR	499	-	102	69719038	51709
chr14	102040503	102240503	harbor1	chr14	102091126	102091307	SINE/MIR	483	-	90	102091216	50713
chr14	67141315	67341315	harbor1	chr14	67167743	67167936	SINE/MIR	439	-	96	67167839	26524
chr14	67141315	67341315	harbor1	chr14	67183334	67183544	SINE/MIR	819	-	105	67183439	42124
chr14	67141315	67341315	harbor1	chr14	67228974	67229175	SINE/MIR	669	-	100	67229074	87759
chr14	67141315	67341315	harbor1	chr14	67234024	67234234	SINE/MIR	880	-	105	67234129	92814
chr14	67141315	67341315	harbor1	chr14	67141475	67141707	SINE/MIR	938	-	116	67141591	276
chr14	54681742	54881742	harbor1	chr14	54689386	54689606	SINE/MIR	570	-	110	54689496	7754
chr14	54681742	54881742	harbor1	chr14	54700186	54700403	SINE/MIR	513	-	108	54700294	18552
chr14	54681742	54881742	harbor1	chr14	54710295	54710540	SINE/MIR	925	-	122	54710417	28675
chr14	54681742	54881742	harbor1	chr14	54759571	54759719	SINE/MIR	505	-	74	54759645	77903
chr14	54681742	54881742	harbor1	chr14	54761120	54761332	SINE/MIR	603	-	106	54761226	79484
chr14	54681742	54881742	harbor1	chr14	54768299	54768509	SINE/MIR	439	-	105	54768404	86662
chr14	54681742	54881742	harbor1	chr14	54771233	54771435	SINE/MIR	590	-	101	54771334	89592
chr14	24047761	24247761	harbor1	chr14	24080478	24080640	SINE/MIR	442	-	81	24080559	32798
chr14	24047761	24247761	harbor1	chr14	24104882	24104916	SINE/MIR	497	-	17	24104899	57138
chr14	24047761	24247761	harbor1	chr14	24105423	24105558	SINE/MIR	497	-	68	24105491	57730
chr14	24047761	24247761	harbor1	chr14	24133365	24133452	SINE/MIR	432	-	44	24133409	85648
chr14	24047761	24247761	harbor1	chr14	24133761	24133975	SINE/MIR	432	-	107	24133868	86107
chr14	24047761	24247761	harbor1	chr14	24144548	24144802	SINE/MIR	800	-	127	24144675	96914
chr14	103423069	103623069	harbor1	chr14	103454704	103454893	SINE/MIR	450	-	94	103454798	31729
chr14	69876011	70076011	harbor1	chr14	69877562	69877752	SINE/MIR	561	-	95	69877657	1646
chr14	69876011	70076011	harbor1	chr14	69900481	69900626	SINE/MIR	581	-	72	69900553	24542
chr14	69876011	70076011	harbor1	chr14	69910127	69910354	SINE/MIR	558	-	114	69910241	34230
chr14	69876011	70076011	harbor1	chr14	69926957	69927144	SINE/MIR	655	-	94	69927051	51040
chr14	69876011	70076011	harbor1	chr14	69929294	69929541	SINE/MIR	1181	-	124	69929418	53407
chr14	69876011	70076011	harbor1	chr14	69948762	69948957	SINE/MIR	660	-	98	69948860	72849
chr14	69876011	70076011	harbor1	chr14	69955039	69955202	SINE/MIR	466	-	82	69955121	79110
chr14	69876011	70076011	harbor1	chr14	69964696	69964937	SINE/MIR	884	-	120	69964816	88805
chr14	69876011	70076011	harbor1	chr14	69967608	69967850	SINE/MIR	681	-	121	69967729	91718
chr14	22776770	22976770	harbor1	chr14	22778128	22778305	SINE/MIR	579	-	88	22778216	1446
chr14	22776770	22976770	harbor1	chr14	22850031	22850169	SINE/MIR	450	-	69	22850100	73330
chr14	22776770	22976770	harbor1	chr14	22871054	22871222	SINE/MIR	444	-	84	22871138	94368
chr14	100229952	100429952	harbor1	chr14	100229770	100229960	SINE/MIR	428	-	95	100229865	87
chr14	100229952	100429952	harbor1	chr14	100231393	100231531	SINE/MIR	449	-	69	100231462	1510
chr14	100229952	100429952	harbor1	chr14	100321723	100321875	SINE/MIR	505	-	76	100321799	91847
chr14	23981770	24181770	harbor1	chr14	24038362	24038555	SINE/MIR	529	-	96	24038458	56688
chr14	23981770	24181770	harbor1	chr14	24080478	24080640	SINE/MIR	442	-	81	24080559	98789
chr14	103423052	103623052	harbor1	chr14	103454704	103454893	SINE/MIR	450	-	94	103454798	31746
chr14	102396870	102596870	harbor1	chr14	102421680	102421907	SINE/MIR	501	-	114	102421794	24924
chr14	102396870	102596870	harbor1	chr14	102436030	102436247	SINE/MIR	660	-	108	102436138	39268
chr14	102396870	102596870	harbor1	chr14	102472962	102473166	SINE/MIR	474	-	102	102473064	76194
chr14	73659652	73859652	harbor1	chr14	73742913	73743115	SINE/MIR	690	-	101	73743014	83362
chr14	73659652	73859652	harbor1	chr14	73750924	73751020	SINE/MIR	658	-	48	73750972	91320
chr14	73659652	73859652	harbor1	chr14	73751151	73751284	SINE/MIR	658	-	66	73751217	91565
chr14	73659652	73859652	harbor1	chr14	73755881	73756100	SINE/MIR	700	-	110	73755991	96339
chr14	24047716	24247716	harbor1	chr14	24080478	24080640	SINE/MIR	442	-	81	24080559	32843
chr14	24047716	24247716	harbor1	chr14	24104882	24104916	SINE/MIR	497	-	17	24104899	57183
chr14	24047716	24247716	harbor1	chr14	24105423	24105558	SINE/MIR	497	-	68	24105491	57775
chr14	24047716	24247716	harbor1	chr14	24133365	24133452	SINE/MIR	432	-	44	24133409	85693
chr14	24047716	24247716	harbor1	chr14	24133761	24133975	SINE/MIR	432	-	107	24133868	86152
chr14	24047716	24247716	harbor1	chr14	24144548	24144802	SINE/MIR	800	-	127	24144675	96959
chr14	21335960	21535960	harbor1	chr14	21423764	21423990	SINE/MIR	1010	-	113	21423877	87917
chr14	91474368	91674368	harbor1	chr14	91480215	91480410	SINE/MIR	557	-	98	91480313	5945
chr14	90283195	90483195	harbor1	chr14	90302025	90302204	SINE/MIR	462	-	90	90302115	18920
chr14	90283195	90483195	harbor1	chr14	90310085	90310251	SINE/MIR	505	-	83	90310168	26973
chr14	90283195	90483195	harbor1	chr14	90320738	90320903	SINE/MIR	609	-	82	90320820	37625
chr14	75328380	75528380	harbor1	chr14	75338833	75339024	SINE/MIR	601	-	96	75338929	10549
chr14	75328380	75528380	harbor1	chr14	75362907	75363089	SINE/MIR	518	-	91	75362998	34618
chr14	75328380	75528380	harbor1	chr14	75363597	75363791	SINE/MIR	467	-	97	75363694	35314
chr14	75328380	75528380	harbor1	chr14	75364538	75364747	SINE/MIR	583	-	104	75364642	36262
chr14	75328380	75528380	harbor1	chr14	75375183	75375359	SINE/MIR	538	-	88	75375271	46891
chr14	75328380	75528380	harbor1	chr14	75392694	75392931	SINE/MIR	634	-	118	75392812	64432
chr14	75328380	75528380	harbor1	chr14	75411226	75411446	SINE/MIR	601	-	110	75411336	82956
chr14	75328380	75528380	harbor1	chr14	75417974	75418213	SINE/MIR	911	-	120	75418094	89714
chr14	75328380	75528380	harbor1	chr14	75420384	75420517	SINE/MIR	457	-	66	75420450	92070
chr14	64194361	64394361	harbor1	chr14	64265294	64265530	SINE/MIR	638	-	118	64265412	71051
chr14	93926565	94126565	harbor1	chr14	93939833	93940016	SINE/MIR	592	-	92	93939925	13360
chr14	93926565	94126565	harbor1	chr14	93940228	93940454	SINE/MIR	629	-	113	93940341	13776
chr14	93926565	94126565	harbor1	chr14	93940736	93940942	SINE/MIR	910	-	103	93940839	14274
chr14	93926565	94126565	harbor1	chr14	93945435	93945637	SINE/MIR	552	-	101	93945536	18971
chr14	93926565	94126565	harbor1	chr14	93948087	93948304	SINE/MIR	538	-	108	93948195	21630
chr14	93926565	94126565	harbor1	chr14	93951458	93951663	SINE/MIR	957	-	102	93951560	24995
chr14	93926565	94126565	harbor1	chr14	93961178	93961370	SINE/MIR	526	-	96	93961274	34709
chr14	93926565	94126565	harbor1	chr14	93990817	93991060	SINE/MIR	683	-	122	93990939	64374
chr14	93926565	94126565	harbor1	chr14	93991298	93991513	SINE/MIR	629	-	108	93991406	64841
chr14	93926565	94126565	harbor1	chr14	93993406	93993525	SINE/MIR	442	-	60	93993466	66901
chr14	93926565	94126565	harbor1	chr14	94000198	94000406	SINE/MIR	469	-	104	94000302	73737
chr14	93926565	94126565	harbor1	chr14	94023560	94023708	SINE/MIR	593	-	74	94023634	97069
chr14	103423043	103623043	harbor1	chr14	103454704	103454893	SINE/MIR	450	-	94	103454798	31755
chr14	67499989	67699989	harbor1	chr14	67517716	67517905	SINE/MIR	587	-	94	67517810	17821
chr14	67499989	67699989	harbor1	chr14	67530188	67530424	SINE/MIR	581	-	118	67530306	30317
chr14	67499989	67699989	harbor1	chr14	67535927	67536081	SINE/MIR	470	-	77	67536004	36015
chr14	67499989	67699989	harbor1	chr14	67551350	67551586	SINE/MIR	600	-	118	67551468	51479
chr14	67499989	67699989	harbor1	chr14	67568865	67569072	SINE/MIR	671	-	104	67568969	68980
chr14	67499989	67699989	harbor1	chr14	67572596	67572721	SINE/MIR	479	-	62	67572658	72669
chr14	67499989	67699989	harbor1	chr14	67583258	67583388	SINE/MIR	472	-	65	67583323	83334
chr14	100182018	100382018	harbor1	chr14	100219231	100219402	SINE/MIR	482	-	86	100219317	37299
chr14	100182018	100382018	harbor1	chr14	100229770	100229960	SINE/MIR	428	-	95	100229865	47847
chr14	100182018	100382018	harbor1	chr14	100231393	100231531	SINE/MIR	449	-	69	100231462	49444
chr14	76925476	77125476	harbor1	chr14	76937078	76937207	SINE/MIR	494	-	64	76937142	11666
chr14	76925476	77125476	harbor1	chr14	76941397	76941621	SINE/MIR	441	-	112	76941509	16033
chr14	76925476	77125476	harbor1	chr14	76947873	76948083	SINE/MIR	625	-	105	76947978	22502
chr14	76925476	77125476	harbor1	chr14	76950119	76950252	SINE/MIR	457	-	66	76950185	24709
chr14	76925476	77125476	harbor1	chr14	76950832	76951040	SINE/MIR	683	-	104	76950936	25460
chr14	76925476	77125476	harbor1	chr14	76958215	76958396	SINE/MIR	429	-	90	76958305	32829
chr14	76925476	77125476	harbor1	chr14	77010250	77010491	SINE/MIR	466	-	120	77010370	84894
chr14	90283220	90483220	harbor1	chr14	90302025	90302204	SINE/MIR	462	-	90	90302115	18895
chr14	90283220	90483220	harbor1	chr14	90310085	90310251	SINE/MIR	505	-	83	90310168	26948
chr14	90283220	90483220	harbor1	chr14	90320738	90320903	SINE/MIR	609	-	82	90320820	37600
chr14	101439534	101639534	harbor1	chr14	101531164	101531339	SINE/MIR	441	-	88	101531252	91718
chr14	101439534	101639534	harbor1	chr14	101531338	101531556	SINE/MIR	628	-	109	101531447	91913
chr15	29169912	29369912	harbor1	chr15	29249660	29249703	SINE/MIR	484	-	22	29249682	79770
chr15	29169912	29369912	harbor1	chr15	29250125	29250260	SINE/MIR	484	-	68	29250193	80281
chr15	29169912	29369912	harbor1	chr15	29267386	29267565	SINE/MIR	437	-	90	29267476	97564
chr15	67421734	67621734	harbor1	chr15	67443794	67444023	SINE/MIR	722	-	114	67443908	22174
chr15	67421734	67621734	harbor1	chr15	67469700	67469883	SINE/MIR	446	-	92	67469792	48058
chr15	67421734	67621734	harbor1	chr15	67471383	67471584	SINE/MIR	602	-	100	67471483	49749
chr15	67421734	67621734	harbor1	chr15	67479145	67479345	SINE/MIR	610	-	100	67479245	57511
chr15	67421734	67621734	harbor1	chr15	67493186	67493354	SINE/MIR	418	-	84	67493270	71536
chr15	67421734	67621734	harbor1	chr15	67510058	67510199	SINE/MIR	460	-	70	67510128	88394
chr15	74837985	75037985	harbor1	chr15	74892293	74892419	SINE/MIR	475	-	63	74892356	54371
chr15	74837985	75037985	harbor1	chr15	74858483	74858625	SINE/MIR	532	-	71	74858554	20569
chr15	35445552	35645552	harbor1	chr15	35468156	35468338	SINE/MIR	565	-	91	35468247	22695
chr15	35445552	35645552	harbor1	chr15	35485002	35485205	SINE/MIR	906	-	102	35485104	39552
chr15	35445552	35645552	harbor1	chr15	35492607	35492877	SINE/MIR	754	-	135	35492742	47190
chr15	35445552	35645552	harbor1	chr15	35503751	35503919	SINE/MIR	770	-	84	35503835	58283
chr15	35445552	35645552	harbor1	chr15	35516356	35516559	SINE/MIR	564	-	102	35516458	70906
chr15	35445552	35645552	harbor1	chr15	35518813	35519006	SINE/MIR	438	-	96	35518909	73357
chr15	35446223	35646223	harbor1	chr15	35468156	35468338	SINE/MIR	565	-	91	35468247	22024
chr15	35446223	35646223	harbor1	chr15	35485002	35485205	SINE/MIR	906	-	102	35485104	38881
chr15	35446223	35646223	harbor1	chr15	35492607	35492877	SINE/MIR	754	-	135	35492742	46519
chr15	35446223	35646223	harbor1	chr15	35503751	35503919	SINE/MIR	770	-	84	35503835	57612
chr15	35446223	35646223	harbor1	chr15	35516356	35516559	SINE/MIR	564	-	102	35516458	70235
chr15	35446223	35646223	harbor1	chr15	35518813	35519006	SINE/MIR	438	-	96	35518909	72686
chr15	67104316	67304316	harbor1	chr15	67130075	67130322	SINE/MIR	831	-	124	67130199	25883
chr15	67104316	67304316	harbor1	chr15	67133756	67133956	SINE/MIR	620	-	100	67133856	29540
chr15	67104316	67304316	harbor1	chr15	67145161	67145315	SINE/MIR	510	-	77	67145238	40922
chr15	67104316	67304316	harbor1	chr15	67169036	67169212	SINE/MIR	579	-	88	67169124	64808
chr15	67104316	67304316	harbor1	chr15	67172555	67172780	SINE/MIR	585	-	112	67172667	68351
chr15	67104316	67304316	harbor1	chr15	67185986	67186238	SINE/MIR	496	-	126	67186112	81796
chr15	67104316	67304316	harbor1	chr15	67187707	67187905	SINE/MIR	447	-	99	67187806	83490
chr15	35446236	35646236	harbor1	chr15	35468156	35468338	SINE/MIR	565	-	91	35468247	22011
chr15	35446236	35646236	harbor1	chr15	35485002	35485205	SINE/MIR	906	-	102	35485104	38868
chr15	35446236	35646236	harbor1	chr15	35492607	35492877	SINE/MIR	754	-	135	35492742	46506
chr15	35446236	35646236	harbor1	chr15	35503751	35503919	SINE/MIR	770	-	84	35503835	57599
chr15	35446236	35646236	harbor1	chr15	35516356	35516559	SINE/MIR	564	-	102	35516458	70222
chr15	35446236	35646236	harbor1	chr15	35518813	35519006	SINE/MIR	438	-	96	35518909	72673
chr15	101843670	102043670	harbor1	chr15	101851261	101851474	SINE/MIR	778	-	106	101851367	7697
chr15	101843670	102043670	harbor1	chr15	101921195	101921427	SINE/MIR	557	-	116	101921311	77641
chr15	35446435	35646435	harbor1	chr15	35468156	35468338	SINE/MIR	565	-	91	35468247	21812
chr15	35446435	35646435	harbor1	chr15	35485002	35485205	SINE/MIR	906	-	102	35485104	38669
chr15	35446435	35646435	harbor1	chr15	35492607	35492877	SINE/MIR	754	-	135	35492742	46307
chr15	35446435	35646435	harbor1	chr15	35503751	35503919	SINE/MIR	770	-	84	35503835	57400
chr15	35446435	35646435	harbor1	chr15	35516356	35516559	SINE/MIR	564	-	102	35516458	70023
chr15	35446435	35646435	harbor1	chr15	35518813	35519006	SINE/MIR	438	-	96	35518909	72474
chr15	45029576	45229576	harbor1	chr15	45044627	45044688	SINE/MIR	483	-	30	45044657	15081
chr15	45029576	45229576	harbor1	chr15	45044996	45045170	SINE/MIR	483	-	87	45045083	15507
chr15	45029576	45229576	harbor1	chr15	45062098	45062308	SINE/MIR	463	-	105	45062203	32627
chr15	45029576	45229576	harbor1	chr15	45075023	45075209	SINE/MIR	484	-	93	45075116	45540
chr15	45029576	45229576	harbor1	chr15	45081802	45081955	SINE/MIR	672	-	76	45081878	52302
chr15	45029576	45229576	harbor1	chr15	45088293	45088321	SINE/MIR	438	-	14	45088307	58731
chr15	45029576	45229576	harbor1	chr15	45090064	45090271	SINE/MIR	579	-	104	45090168	60592
chr15	45029576	45229576	harbor1	chr15	45092324	45092449	SINE/MIR	437	-	62	45092386	62810
chr15	45029576	45229576	harbor1	chr15	45105362	45105537	SINE/MIR	741	-	88	45105450	75874
chr15	45029576	45229576	harbor1	chr15	45117367	45117500	SINE/MIR	491	-	66	45117433	87857
chr15	45029576	45229576	harbor1	chr15	45105121	45105184	SINE/MIR	741	-	32	45105153	75577
chr15	45029576	45229576	harbor1	chr15	45088651	45088790	SINE/MIR	438	-	70	45088721	59145
chr15	35446210	35646210	harbor1	chr15	35468156	35468338	SINE/MIR	565	-	91	35468247	22037
chr15	35446210	35646210	harbor1	chr15	35485002	35485205	SINE/MIR	906	-	102	35485104	38894
chr15	35446210	35646210	harbor1	chr15	35492607	35492877	SINE/MIR	754	-	135	35492742	46532
chr15	35446210	35646210	harbor1	chr15	35503751	35503919	SINE/MIR	770	-	84	35503835	57625
chr15	35446210	35646210	harbor1	chr15	35516356	35516559	SINE/MIR	564	-	102	35516458	70248
chr15	35446210	35646210	harbor1	chr15	35518813	35519006	SINE/MIR	438	-	96	35518909	72699
chr15	67421817	67621817	harbor1	chr15	67443794	67444023	SINE/MIR	722	-	114	67443908	22091
chr15	67421817	67621817	harbor1	chr15	67469700	67469883	SINE/MIR	446	-	92	67469792	47975
chr15	67421817	67621817	harbor1	chr15	67471383	67471584	SINE/MIR	602	-	100	67471483	49666
chr15	67421817	67621817	harbor1	chr15	67479145	67479345	SINE/MIR	610	-	100	67479245	57428
chr15	67421817	67621817	harbor1	chr15	67493186	67493354	SINE/MIR	418	-	84	67493270	71453
chr15	67421817	67621817	harbor1	chr15	67510058	67510199	SINE/MIR	460	-	70	67510128	88311
chr15	35446226	35646226	harbor1	chr15	35468156	35468338	SINE/MIR	565	-	91	35468247	22021
chr15	35446226	35646226	harbor1	chr15	35485002	35485205	SINE/MIR	906	-	102	35485104	38878
chr15	35446226	35646226	harbor1	chr15	35492607	35492877	SINE/MIR	754	-	135	35492742	46516
chr15	35446226	35646226	harbor1	chr15	35503751	35503919	SINE/MIR	770	-	84	35503835	57609
chr15	35446226	35646226	harbor1	chr15	35516356	35516559	SINE/MIR	564	-	102	35516458	70232
chr15	35446226	35646226	harbor1	chr15	35518813	35519006	SINE/MIR	438	-	96	35518909	72683
chr15	35446238	35646238	harbor1	chr15	35468156	35468338	SINE/MIR	565	-	91	35468247	22009
chr15	35446238	35646238	harbor1	chr15	35485002	35485205	SINE/MIR	906	-	102	35485104	38866
chr15	35446238	35646238	harbor1	chr15	35492607	35492877	SINE/MIR	754	-	135	35492742	46504
chr15	35446238	35646238	harbor1	chr15	35503751	35503919	SINE/MIR	770	-	84	35503835	57597
chr15	35446238	35646238	harbor1	chr15	35516356	35516559	SINE/MIR	564	-	102	35516458	70220
chr15	35446238	35646238	harbor1	chr15	35518813	35519006	SINE/MIR	438	-	96	35518909	72671
chr15	101728928	101928928	harbor1	chr15	101776730	101776954	SINE/MIR	558	-	112	101776842	47914
chr15	101728928	101928928	harbor1	chr15	101820678	101820901	SINE/MIR	448	-	112	101820790	91862
chr15	31770716	31970716	harbor1	chr15	31788810	31789005	SINE/MIR	474	-	98	31788908	18192
chr15	31770716	31970716	harbor1	chr15	31807090	31807239	SINE/MIR	420	-	74	31807164	36448
chr15	67421798	67621798	harbor1	chr15	67443794	67444023	SINE/MIR	722	-	114	67443908	22110
chr15	67421798	67621798	harbor1	chr15	67469700	67469883	SINE/MIR	446	-	92	67469792	47994
chr15	67421798	67621798	harbor1	chr15	67471383	67471584	SINE/MIR	602	-	100	67471483	49685
chr15	67421798	67621798	harbor1	chr15	67479145	67479345	SINE/MIR	610	-	100	67479245	57447
chr15	67421798	67621798	harbor1	chr15	67493186	67493354	SINE/MIR	418	-	84	67493270	71472
chr15	67421798	67621798	harbor1	chr15	67510058	67510199	SINE/MIR	460	-	70	67510128	88330
chr15	35446211	35646211	harbor1	chr15	35468156	35468338	SINE/MIR	565	-	91	35468247	22036
chr15	35446211	35646211	harbor1	chr15	35485002	35485205	SINE/MIR	906	-	102	35485104	38893
chr15	35446211	35646211	harbor1	chr15	35492607	35492877	SINE/MIR	754	-	135	35492742	46531
chr15	35446211	35646211	harbor1	chr15	35503751	35503919	SINE/MIR	770	-	84	35503835	57624
chr15	35446211	35646211	harbor1	chr15	35516356	35516559	SINE/MIR	564	-	102	35516458	70247
chr15	35446211	35646211	harbor1	chr15	35518813	35519006	SINE/MIR	438	-	96	35518909	72698
chr15	24856071	25056071	harbor1	chr15	24953028	24953270	SINE/MIR	571	-	121	24953149	97078
chr15	32599301	32799301	harbor1	chr15	32618459	32618659	SINE/MIR	595	-	100	32618559	19258
chr15	32599301	32799301	harbor1	chr15	32618959	32619019	SINE/MIR	595	-	30	32618989	19688
chr15	32599301	32799301	harbor1	chr15	32642815	32643047	SINE/MIR	601	-	116	32642931	43630
chr15	32599301	32799301	harbor1	chr15	32654009	32654148	SINE/MIR	477	-	70	32654079	54778
chr15	32599301	32799301	harbor1	chr15	32654438	32654519	SINE/MIR	477	-	40	32654478	55177
chr15	32599301	32799301	harbor1	chr15	32664148	32664311	SINE/MIR	453	-	82	32664230	64929
chr15	32599301	32799301	harbor1	chr15	32666678	32666883	SINE/MIR	413	-	102	32666780	67479
chr15	32599301	32799301	harbor1	chr15	32670977	32671171	SINE/MIR	426	-	97	32671074	71773
chr15	32599301	32799301	harbor1	chr15	32681286	32681432	SINE/MIR	447	-	73	32681359	82058
chr15	67421805	67621805	harbor1	chr15	67443794	67444023	SINE/MIR	722	-	114	67443908	22103
chr15	67421805	67621805	harbor1	chr15	67469700	67469883	SINE/MIR	446	-	92	67469792	47987
chr15	67421805	67621805	harbor1	chr15	67471383	67471584	SINE/MIR	602	-	100	67471483	49678
chr15	67421805	67621805	harbor1	chr15	67479145	67479345	SINE/MIR	610	-	100	67479245	57440
chr15	67421805	67621805	harbor1	chr15	67493186	67493354	SINE/MIR	418	-	84	67493270	71465
chr15	67421805	67621805	harbor1	chr15	67510058	67510199	SINE/MIR	460	-	70	67510128	88323
chr15	66786957	66986957	harbor1	chr15	66789033	66789240	SINE/MIR	585	-	104	66789137	2180
chr15	66786957	66986957	harbor1	chr15	66801358	66801562	SINE/MIR	594	-	102	66801460	14503
chr15	66786957	66986957	harbor1	chr15	66801642	66801789	SINE/MIR	598	-	74	66801716	14759
chr15	66786957	66986957	harbor1	chr15	66803917	66804032	SINE/MIR	510	-	58	66803975	17018
chr15	66786957	66986957	harbor1	chr15	66817151	66817303	SINE/MIR	695	-	76	66817227	30270
chr15	66786957	66986957	harbor1	chr15	66823640	66823844	SINE/MIR	437	-	102	66823742	36785
chr15	66786957	66986957	harbor1	chr15	66827139	66827310	SINE/MIR	545	-	86	66827225	40268
chr15	66786957	66986957	harbor1	chr15	66836434	66836645	SINE/MIR	441	-	106	66836540	49583
chr15	66786957	66986957	harbor1	chr15	66852702	66852915	SINE/MIR	420	-	106	66852808	65851
chr15	66786957	66986957	harbor1	chr15	66861982	66862164	SINE/MIR	437	-	91	66862073	75116
chr15	66786957	66986957	harbor1	chr15	66880406	66880564	SINE/MIR	411	-	79	66880485	93528
chr15	35446209	35646209	harbor1	chr15	35468156	35468338	SINE/MIR	565	-	91	35468247	22038
chr15	35446209	35646209	harbor1	chr15	35485002	35485205	SINE/MIR	906	-	102	35485104	38895
chr15	35446209	35646209	harbor1	chr15	35492607	35492877	SINE/MIR	754	-	135	35492742	46533
chr15	35446209	35646209	harbor1	chr15	35503751	35503919	SINE/MIR	770	-	84	35503835	57626
chr15	35446209	35646209	harbor1	chr15	35516356	35516559	SINE/MIR	564	-	102	35516458	70249
chr15	35446209	35646209	harbor1	chr15	35518813	35519006	SINE/MIR	438	-	96	35518909	72700
chr15	35446262	35646262	harbor1	chr15	35468156	35468338	SINE/MIR	565	-	91	35468247	21985
chr15	35446262	35646262	harbor1	chr15	35485002	35485205	SINE/MIR	906	-	102	35485104	38842
chr15	35446262	35646262	harbor1	chr15	35492607	35492877	SINE/MIR	754	-	135	35492742	46480
chr15	35446262	35646262	harbor1	chr15	35503751	35503919	SINE/MIR	770	-	84	35503835	57573
chr15	35446262	35646262	harbor1	chr15	35516356	35516559	SINE/MIR	564	-	102	35516458	70196
chr15	35446262	35646262	harbor1	chr15	35518813	35519006	SINE/MIR	438	-	96	35518909	72647
chr15	25339171	25539171	harbor1	chr15	25363441	25363657	SINE/MIR	624	-	108	25363549	24378
chr15	67421688	67621688	harbor1	chr15	67443794	67444023	SINE/MIR	722	-	114	67443908	22220
chr15	67421688	67621688	harbor1	chr15	67469700	67469883	SINE/MIR	446	-	92	67469792	48104
chr15	67421688	67621688	harbor1	chr15	67471383	67471584	SINE/MIR	602	-	100	67471483	49795
chr15	67421688	67621688	harbor1	chr15	67479145	67479345	SINE/MIR	610	-	100	67479245	57557
chr15	67421688	67621688	harbor1	chr15	67493186	67493354	SINE/MIR	418	-	84	67493270	71582
chr15	67421688	67621688	harbor1	chr15	67510058	67510199	SINE/MIR	460	-	70	67510128	88440
chr15	35446272	35646272	harbor1	chr15	35468156	35468338	SINE/MIR	565	-	91	35468247	21975
chr15	35446272	35646272	harbor1	chr15	35485002	35485205	SINE/MIR	906	-	102	35485104	38832
chr15	35446272	35646272	harbor1	chr15	35492607	35492877	SINE/MIR	754	-	135	35492742	46470
chr15	35446272	35646272	harbor1	chr15	35503751	35503919	SINE/MIR	770	-	84	35503835	57563
chr15	35446272	35646272	harbor1	chr15	35516356	35516559	SINE/MIR	564	-	102	35516458	70186
chr15	35446272	35646272	harbor1	chr15	35518813	35519006	SINE/MIR	438	-	96	35518909	72637
chr15	100817738	101017738	harbor1	chr15	100890588	100890718	SINE/MIR	563	-	65	100890653	72915
chr15	100817738	101017738	harbor1	chr15	100891132	100891296	SINE/MIR	618	-	82	100891214	73476
chr15	100817738	101017738	harbor1	chr15	100907377	100907572	SINE/MIR	764	-	98	100907475	89737
chr15	100817738	101017738	harbor1	chr15	100907649	100907816	SINE/MIR	551	-	84	100907733	89995
chr15	67421773	67621773	harbor1	chr15	67443794	67444023	SINE/MIR	722	-	114	67443908	22135
chr15	67421773	67621773	harbor1	chr15	67469700	67469883	SINE/MIR	446	-	92	67469792	48019
chr15	67421773	67621773	harbor1	chr15	67471383	67471584	SINE/MIR	602	-	100	67471483	49710
chr15	67421773	67621773	harbor1	chr15	67479145	67479345	SINE/MIR	610	-	100	67479245	57472
chr15	67421773	67621773	harbor1	chr15	67493186	67493354	SINE/MIR	418	-	84	67493270	71497
chr15	67421773	67621773	harbor1	chr15	67510058	67510199	SINE/MIR	460	-	70	67510128	88355
chr15	101861558	102061558	harbor1	chr15	101921195	101921427	SINE/MIR	557	-	116	101921311	59753
chr15	101861558	102061558	harbor1	chr15	101957926	101958122	SINE/MIR	665	-	98	101958024	96466
chr15	101861558	102061558	harbor1	chr15	101959206	101959226	SINE/MIR	420	-	10	101959216	97658
chr15	101861558	102061558	harbor1	chr15	101959523	101959665	SINE/MIR	420	-	71	101959594	98036
chr15	34109577	34309577	harbor1	chr15	34181999	34182168	SINE/MIR	487	-	84	34182083	72506
chr15	35446227	35646227	harbor1	chr15	35468156	35468338	SINE/MIR	565	-	91	35468247	22020
chr15	35446227	35646227	harbor1	chr15	35485002	35485205	SINE/MIR	906	-	102	35485104	38877
chr15	35446227	35646227	harbor1	chr15	35492607	35492877	SINE/MIR	754	-	135	35492742	46515
chr15	35446227	35646227	harbor1	chr15	35503751	35503919	SINE/MIR	770	-	84	35503835	57608
chr15	35446227	35646227	harbor1	chr15	35516356	35516559	SINE/MIR	564	-	102	35516458	70231
chr15	35446227	35646227	harbor1	chr15	35518813	35519006	SINE/MIR	438	-	96	35518909	72682
chr15	29944821	30144821	harbor1	chr15	29967406	29967623	SINE/MIR	466	-	108	29967514	22693
chr15	65277014	65477014	harbor1	chr15	65277463	65277691	SINE/MIR	745	-	114	65277577	563
chr15	65277014	65477014	harbor1	chr15	65312902	65313051	SINE/MIR	556	-	74	65312976	35962
chr15	65277014	65477014	harbor1	chr15	65315772	65315947	SINE/MIR	533	-	88	65315860	38846
chr15	65277014	65477014	harbor1	chr15	65316235	65316266	SINE/MIR	533	-	16	65316251	39237
chr15	65277014	65477014	harbor1	chr15	65321214	65321392	SINE/MIR	658	-	89	65321303	44289
chr15	65277014	65477014	harbor1	chr15	65330059	65330204	SINE/MIR	660	-	72	65330131	53117
chr15	65277014	65477014	harbor1	chr15	65331711	65331846	SINE/MIR	462	-	68	65331779	54765
chr15	65277014	65477014	harbor1	chr15	65345780	65345941	SINE/MIR	452	-	80	65345860	68846
chr15	65277014	65477014	harbor1	chr15	65370921	65371053	SINE/MIR	561	-	66	65370987	93973
chr15	65277014	65477014	harbor1	chr15	65371195	65371438	SINE/MIR	715	-	122	65371317	94303
chr15	65277014	65477014	harbor1	chr15	65375532	65375761	SINE/MIR	635	-	114	65375646	98632
chr15	101552272	101752272	harbor1	chr15	101553981	101554135	SINE/MIR	510	-	77	101554058	1786
chr15	101552272	101752272	harbor1	chr15	101560596	101560779	SINE/MIR	538	-	92	101560688	8416
chr15	22455716	22655716	harbor1	chr15	22472570	22472694	SINE/MIR	416	-	62	22472632	16916
chr15	101861545	102061545	harbor1	chr15	101921195	101921427	SINE/MIR	557	-	116	101921311	59766
chr15	101861545	102061545	harbor1	chr15	101957926	101958122	SINE/MIR	665	-	98	101958024	96479
chr15	101861545	102061545	harbor1	chr15	101959206	101959226	SINE/MIR	420	-	10	101959216	97671
chr15	101861545	102061545	harbor1	chr15	101959523	101959665	SINE/MIR	420	-	71	101959594	98049
chr15	101861594	102061594	harbor1	chr15	101921195	101921427	SINE/MIR	557	-	116	101921311	59717
chr15	101861594	102061594	harbor1	chr15	101957926	101958122	SINE/MIR	665	-	98	101958024	96430
chr15	101861594	102061594	harbor1	chr15	101959206	101959226	SINE/MIR	420	-	10	101959216	97622
chr15	101861594	102061594	harbor1	chr15	101959523	101959665	SINE/MIR	420	-	71	101959594	98000
chr15	41799530	41999530	harbor1	chr15	41864825	41865024	SINE/MIR	440	-	100	41864925	65395
chr15	41799530	41999530	harbor1	chr15	41886990	41887210	SINE/MIR	631	-	110	41887100	87570
chr15	74734286	74934286	harbor1	chr15	74759064	74759168	SINE/MIR	430	-	52	74759116	24830
chr15	74734286	74934286	harbor1	chr15	74774087	74774280	SINE/MIR	609	-	96	74774183	39897
chr15	74734286	74934286	harbor1	chr15	74780362	74780556	SINE/MIR	507	-	97	74780459	46173
chr15	74734286	74934286	harbor1	chr15	74781127	74781305	SINE/MIR	757	-	89	74781216	46930
chr15	74734286	74934286	harbor1	chr15	74792422	74792535	SINE/MIR	472	-	56	74792478	58192
chr15	74734286	74934286	harbor1	chr15	74799666	74799832	SINE/MIR	497	-	83	74799749	65463
chr15	74734286	74934286	harbor1	chr15	74808839	74809034	SINE/MIR	518	-	98	74808937	74651
chr15	74734286	74934286	harbor1	chr15	74817225	74817461	SINE/MIR	741	-	118	74817343	83057
chr15	74734286	74934286	harbor1	chr15	74827520	74827727	SINE/MIR	447	-	104	74827624	93338
chr15	74734286	74934286	harbor1	chr15	74828556	74828761	SINE/MIR	540	-	102	74828658	94372
chr15	67421706	67621706	harbor1	chr15	67443794	67444023	SINE/MIR	722	-	114	67443908	22202
chr15	67421706	67621706	harbor1	chr15	67469700	67469883	SINE/MIR	446	-	92	67469792	48086
chr15	67421706	67621706	harbor1	chr15	67471383	67471584	SINE/MIR	602	-	100	67471483	49777
chr15	67421706	67621706	harbor1	chr15	67479145	67479345	SINE/MIR	610	-	100	67479245	57539
chr15	67421706	67621706	harbor1	chr15	67493186	67493354	SINE/MIR	418	-	84	67493270	71564
chr15	67421706	67621706	harbor1	chr15	67510058	67510199	SINE/MIR	460	-	70	67510128	88422
chr15	74946674	75146674	harbor1	chr15	74961099	74961245	SINE/MIR	482	-	73	74961172	14498
chr15	74946674	75146674	harbor1	chr15	74963404	74963510	SINE/MIR	475	-	53	74963457	16783
chr15	74946674	75146674	harbor1	chr15	74993487	74993680	SINE/MIR	588	-	96	74993583	46909
chr15	74946674	75146674	harbor1	chr15	75012197	75012367	SINE/MIR	517	-	85	75012282	65608
chr15	74946674	75146674	harbor1	chr15	75026788	75026988	SINE/MIR	476	-	100	75026888	80214
chr15	25338738	25538738	harbor1	chr15	25363441	25363657	SINE/MIR	624	-	108	25363549	24811
chr15	35446206	35646206	harbor1	chr15	35468156	35468338	SINE/MIR	565	-	91	35468247	22041
chr15	35446206	35646206	harbor1	chr15	35485002	35485205	SINE/MIR	906	-	102	35485104	38898
chr15	35446206	35646206	harbor1	chr15	35492607	35492877	SINE/MIR	754	-	135	35492742	46536
chr15	35446206	35646206	harbor1	chr15	35503751	35503919	SINE/MIR	770	-	84	35503835	57629
chr15	35446206	35646206	harbor1	chr15	35516356	35516559	SINE/MIR	564	-	102	35516458	70252
chr15	35446206	35646206	harbor1	chr15	35518813	35519006	SINE/MIR	438	-	96	35518909	72703
chr15	35446358	35646358	harbor1	chr15	35468156	35468338	SINE/MIR	565	-	91	35468247	21889
chr15	35446358	35646358	harbor1	chr15	35485002	35485205	SINE/MIR	906	-	102	35485104	38746
chr15	35446358	35646358	harbor1	chr15	35492607	35492877	SINE/MIR	754	-	135	35492742	46384
chr15	35446358	35646358	harbor1	chr15	35503751	35503919	SINE/MIR	770	-	84	35503835	57477
chr15	35446358	35646358	harbor1	chr15	35516356	35516559	SINE/MIR	564	-	102	35516458	70100
chr15	35446358	35646358	harbor1	chr15	35518813	35519006	SINE/MIR	438	-	96	35518909	72551
chr15	96226959	96426959	harbor1	chr15	96230619	96230807	SINE/MIR	646	-	94	96230713	3754
chr15	96226959	96426959	harbor1	chr15	96233494	96233622	SINE/MIR	489	-	64	96233558	6599
chr15	96226959	96426959	harbor1	chr15	96270561	96270818	SINE/MIR	668	-	128	96270689	43730
chr15	96226959	96426959	harbor1	chr15	96280975	96281210	SINE/MIR	488	-	118	96281093	54134
chr15	96226959	96426959	harbor1	chr15	96286924	96287168	SINE/MIR	454	-	122	96287046	60087
chr15	96226959	96426959	harbor1	chr15	96304930	96305156	SINE/MIR	927	-	113	96305043	78084
chr15	35446299	35646299	harbor1	chr15	35468156	35468338	SINE/MIR	565	-	91	35468247	21948
chr15	35446299	35646299	harbor1	chr15	35485002	35485205	SINE/MIR	906	-	102	35485104	38805
chr15	35446299	35646299	harbor1	chr15	35492607	35492877	SINE/MIR	754	-	135	35492742	46443
chr15	35446299	35646299	harbor1	chr15	35503751	35503919	SINE/MIR	770	-	84	35503835	57536
chr15	35446299	35646299	harbor1	chr15	35516356	35516559	SINE/MIR	564	-	102	35516458	70159
chr15	35446299	35646299	harbor1	chr15	35518813	35519006	SINE/MIR	438	-	96	35518909	72610
chr15	78668333	78868333	harbor1	chr15	78686035	78686238	SINE/MIR	520	-	102	78686137	17804
chr15	78668333	78868333	harbor1	chr15	78686908	78687046	SINE/MIR	714	-	69	78686977	18644
chr15	78668333	78868333	harbor1	chr15	78687251	78687343	SINE/MIR	714	-	46	78687297	18964
chr15	78668333	78868333	harbor1	chr15	78691470	78691692	SINE/MIR	553	-	111	78691581	23248
chr15	78668333	78868333	harbor1	chr15	78695542	78695716	SINE/MIR	468	-	87	78695629	27296
chr15	78668333	78868333	harbor1	chr15	78752745	78752947	SINE/MIR	531	-	101	78752846	84513
chr15	78668333	78868333	harbor1	chr15	78763068	78763254	SINE/MIR	432	-	93	78763161	94828
chr15	38153030	38353030	harbor1	chr15	38169126	38169352	SINE/MIR	736	-	113	38169239	16209
chr15	38153030	38353030	harbor1	chr15	38197307	38197508	SINE/MIR	559	-	100	38197407	44377
chr15	38153030	38353030	harbor1	chr15	38199943	38200058	SINE/MIR	532	-	58	38200001	46971
chr15	38153030	38353030	harbor1	chr15	38208851	38208942	SINE/MIR	466	-	46	38208897	55867
chr15	38153030	38353030	harbor1	chr15	38227963	38228202	SINE/MIR	881	-	120	38228083	75053
chr15	35443658	35643658	harbor1	chr15	35468156	35468338	SINE/MIR	565	-	91	35468247	24589
chr15	35443658	35643658	harbor1	chr15	35485002	35485205	SINE/MIR	906	-	102	35485104	41446
chr15	35443658	35643658	harbor1	chr15	35492607	35492877	SINE/MIR	754	-	135	35492742	49084
chr15	35443658	35643658	harbor1	chr15	35503751	35503919	SINE/MIR	770	-	84	35503835	60177
chr15	35443658	35643658	harbor1	chr15	35516356	35516559	SINE/MIR	564	-	102	35516458	72800
chr15	35443658	35643658	harbor1	chr15	35518813	35519006	SINE/MIR	438	-	96	35518909	75251
chr15	35446230	35646230	harbor1	chr15	35468156	35468338	SINE/MIR	565	-	91	35468247	22017
chr15	35446230	35646230	harbor1	chr15	35485002	35485205	SINE/MIR	906	-	102	35485104	38874
chr15	35446230	35646230	harbor1	chr15	35492607	35492877	SINE/MIR	754	-	135	35492742	46512
chr15	35446230	35646230	harbor1	chr15	35503751	35503919	SINE/MIR	770	-	84	35503835	57605
chr15	35446230	35646230	harbor1	chr15	35516356	35516559	SINE/MIR	564	-	102	35516458	70228
chr15	35446230	35646230	harbor1	chr15	35518813	35519006	SINE/MIR	438	-	96	35518909	72679
chr15	101854275	102054275	harbor1	chr15	101921195	101921427	SINE/MIR	557	-	116	101921311	67036
chr15	67421776	67621776	harbor1	chr15	67443794	67444023	SINE/MIR	722	-	114	67443908	22132
chr15	67421776	67621776	harbor1	chr15	67469700	67469883	SINE/MIR	446	-	92	67469792	48016
chr15	67421776	67621776	harbor1	chr15	67471383	67471584	SINE/MIR	602	-	100	67471483	49707
chr15	67421776	67621776	harbor1	chr15	67479145	67479345	SINE/MIR	610	-	100	67479245	57469
chr15	67421776	67621776	harbor1	chr15	67493186	67493354	SINE/MIR	418	-	84	67493270	71494
chr15	67421776	67621776	harbor1	chr15	67510058	67510199	SINE/MIR	460	-	70	67510128	88352
chr15	29332978	29532978	harbor1	chr15	29337698	29337912	SINE/MIR	551	-	107	29337805	4827
chr15	29332978	29532978	harbor1	chr15	29345899	29346106	SINE/MIR	551	-	104	29346003	13025
chr15	69999084	70199084	harbor1	chr15	70010417	70010640	SINE/MIR	495	-	112	70010529	11445
chr15	69999084	70199084	harbor1	chr15	70020251	70020485	SINE/MIR	642	-	117	70020368	21284
chr15	69999084	70199084	harbor1	chr15	70027592	70027828	SINE/MIR	878	-	118	70027710	28626
chr15	69999084	70199084	harbor1	chr15	70027946	70028113	SINE/MIR	979	-	84	70028030	28946
chr15	69999084	70199084	harbor1	chr15	70028647	70028747	SINE/MIR	979	-	50	70028697	29613
chr15	69999084	70199084	harbor1	chr15	70030232	70030419	SINE/MIR	415	-	94	70030326	31242
chr15	69999084	70199084	harbor1	chr15	70008632	70008839	SINE/MIR	832	-	104	70008736	9652
chr15	74742325	74942325	harbor1	chr15	74759064	74759168	SINE/MIR	430	-	52	74759116	16791
chr15	74742325	74942325	harbor1	chr15	74774087	74774280	SINE/MIR	609	-	96	74774183	31858
chr15	74742325	74942325	harbor1	chr15	74780362	74780556	SINE/MIR	507	-	97	74780459	38134
chr15	74742325	74942325	harbor1	chr15	74781127	74781305	SINE/MIR	757	-	89	74781216	38891
chr15	74742325	74942325	harbor1	chr15	74792422	74792535	SINE/MIR	472	-	56	74792478	50153
chr15	74742325	74942325	harbor1	chr15	74799666	74799832	SINE/MIR	497	-	83	74799749	57424
chr15	74742325	74942325	harbor1	chr15	74808839	74809034	SINE/MIR	518	-	98	74808937	66612
chr15	74742325	74942325	harbor1	chr15	74817225	74817461	SINE/MIR	741	-	118	74817343	75018
chr15	74742325	74942325	harbor1	chr15	74827520	74827727	SINE/MIR	447	-	104	74827624	85299
chr15	74742325	74942325	harbor1	chr15	74828556	74828761	SINE/MIR	540	-	102	74828658	86333
chr15	74742196	74942196	harbor1	chr15	74759064	74759168	SINE/MIR	430	-	52	74759116	16920
chr15	74742196	74942196	harbor1	chr15	74774087	74774280	SINE/MIR	609	-	96	74774183	31987
chr15	74742196	74942196	harbor1	chr15	74780362	74780556	SINE/MIR	507	-	97	74780459	38263
chr15	74742196	74942196	harbor1	chr15	74781127	74781305	SINE/MIR	757	-	89	74781216	39020
chr15	74742196	74942196	harbor1	chr15	74792422	74792535	SINE/MIR	472	-	56	74792478	50282
chr15	74742196	74942196	harbor1	chr15	74799666	74799832	SINE/MIR	497	-	83	74799749	57553
chr15	74742196	74942196	harbor1	chr15	74808839	74809034	SINE/MIR	518	-	98	74808937	66741
chr15	74742196	74942196	harbor1	chr15	74817225	74817461	SINE/MIR	741	-	118	74817343	75147
chr15	74742196	74942196	harbor1	chr15	74827520	74827727	SINE/MIR	447	-	104	74827624	85428
chr15	74742196	74942196	harbor1	chr15	74828556	74828761	SINE/MIR	540	-	102	74828658	86462
chr15	67009819	67209819	harbor1	chr15	67026164	67026388	SINE/MIR	1012	-	112	67026276	16457
chr15	67009819	67209819	harbor1	chr15	67029086	67029207	SINE/MIR	626	-	60	67029146	19327
chr15	67009819	67209819	harbor1	chr15	67029518	67029641	SINE/MIR	626	-	62	67029580	19761
chr15	67009819	67209819	harbor1	chr15	67035078	67035199	SINE/MIR	411	-	60	67035138	25319
chr15	67009819	67209819	harbor1	chr15	67036141	67036442	SINE/MIR	571	-	150	67036291	26472
chr15	67009819	67209819	harbor1	chr15	67042969	67043179	SINE/MIR	424	-	105	67043074	33255
chr15	67009819	67209819	harbor1	chr15	67048488	67048740	SINE/MIR	517	-	126	67048614	38795
chr15	67009819	67209819	harbor1	chr15	67061989	67062190	SINE/MIR	727	-	100	67062089	52270
chr15	67009819	67209819	harbor1	chr15	67089700	67089865	SINE/MIR	499	-	82	67089782	79963
chr15	45029523	45229523	harbor1	chr15	45044627	45044688	SINE/MIR	483	-	30	45044657	15134
chr15	45029523	45229523	harbor1	chr15	45044996	45045170	SINE/MIR	483	-	87	45045083	15560
chr15	45029523	45229523	harbor1	chr15	45062098	45062308	SINE/MIR	463	-	105	45062203	32680
chr15	45029523	45229523	harbor1	chr15	45075023	45075209	SINE/MIR	484	-	93	45075116	45593
chr15	45029523	45229523	harbor1	chr15	45081802	45081955	SINE/MIR	672	-	76	45081878	52355
chr15	45029523	45229523	harbor1	chr15	45088293	45088321	SINE/MIR	438	-	14	45088307	58784
chr15	45029523	45229523	harbor1	chr15	45090064	45090271	SINE/MIR	579	-	104	45090168	60645
chr15	45029523	45229523	harbor1	chr15	45092324	45092449	SINE/MIR	437	-	62	45092386	62863
chr15	45029523	45229523	harbor1	chr15	45105362	45105537	SINE/MIR	741	-	88	45105450	75927
chr15	45029523	45229523	harbor1	chr15	45117367	45117500	SINE/MIR	491	-	66	45117433	87910
chr15	45029523	45229523	harbor1	chr15	45105121	45105184	SINE/MIR	741	-	32	45105153	75630
chr15	45029523	45229523	harbor1	chr15	45088651	45088790	SINE/MIR	438	-	70	45088721	59198
chr15	101861669	102061669	harbor1	chr15	101921195	101921427	SINE/MIR	557	-	116	101921311	59642
chr15	101861669	102061669	harbor1	chr15	101957926	101958122	SINE/MIR	665	-	98	101958024	96355
chr15	101861669	102061669	harbor1	chr15	101959206	101959226	SINE/MIR	420	-	10	101959216	97547
chr15	101861669	102061669	harbor1	chr15	101959523	101959665	SINE/MIR	420	-	71	101959594	97925
chr15	25337980	25537980	harbor1	chr15	25363441	25363657	SINE/MIR	624	-	108	25363549	25569
chr15	31770811	31970811	harbor1	chr15	31788810	31789005	SINE/MIR	474	-	98	31788908	18097
chr15	31770811	31970811	harbor1	chr15	31807090	31807239	SINE/MIR	420	-	74	31807164	36353
chr15	29332340	29532340	harbor1	chr15	29337698	29337912	SINE/MIR	551	-	107	29337805	5465
chr15	29332340	29532340	harbor1	chr15	29345899	29346106	SINE/MIR	551	-	104	29346003	13663
chr15	41406104	41606104	harbor1	chr15	41407162	41407401	SINE/MIR	540	-	120	41407282	1178
chr15	41406104	41606104	harbor1	chr15	41419263	41419478	SINE/MIR	593	-	108	41419371	13267
chr15	35446252	35646252	harbor1	chr15	35468156	35468338	SINE/MIR	565	-	91	35468247	21995
chr15	35446252	35646252	harbor1	chr15	35485002	35485205	SINE/MIR	906	-	102	35485104	38852
chr15	35446252	35646252	harbor1	chr15	35492607	35492877	SINE/MIR	754	-	135	35492742	46490
chr15	35446252	35646252	harbor1	chr15	35503751	35503919	SINE/MIR	770	-	84	35503835	57583
chr15	35446252	35646252	harbor1	chr15	35516356	35516559	SINE/MIR	564	-	102	35516458	70206
chr15	35446252	35646252	harbor1	chr15	35518813	35519006	SINE/MIR	438	-	96	35518909	72657
chr15	63405330	63605330	harbor1	chr15	63421554	63421699	SINE/MIR	569	-	72	63421626	16296
chr15	63405330	63605330	harbor1	chr15	63421989	63422066	SINE/MIR	569	-	38	63422027	16697
chr15	63405330	63605330	harbor1	chr15	63440929	63441137	SINE/MIR	648	-	104	63441033	35703
chr15	63405330	63605330	harbor1	chr15	63444286	63444451	SINE/MIR	533	-	82	63444368	39038
chr15	63405330	63605330	harbor1	chr15	63447940	63448100	SINE/MIR	538	-	80	63448020	42690
chr15	63405330	63605330	harbor1	chr15	63448162	63448258	SINE/MIR	514	-	48	63448210	42880
chr15	63405330	63605330	harbor1	chr15	63448434	63448540	SINE/MIR	514	-	53	63448487	43157
chr15	63405330	63605330	harbor1	chr15	63452768	63452886	SINE/MIR	432	-	59	63452827	47497
chr15	63405330	63605330	harbor1	chr15	63454961	63455125	SINE/MIR	529	-	82	63455043	49713
chr15	63405330	63605330	harbor1	chr15	63460813	63460984	SINE/MIR	483	-	86	63460899	55569
chr15	63405330	63605330	harbor1	chr15	63463362	63463612	SINE/MIR	564	-	125	63463487	58157
chr15	63405330	63605330	harbor1	chr15	63473519	63473749	SINE/MIR	631	-	115	63473634	68304
chr15	63405330	63605330	harbor1	chr15	63474604	63474856	SINE/MIR	726	-	126	63474730	69400
chr15	63405330	63605330	harbor1	chr15	63492871	63493092	SINE/MIR	505	-	110	63492981	87651
chr15	63405330	63605330	harbor1	chr15	63499194	63499301	SINE/MIR	449	-	54	63499248	93918
chr15	63405330	63605330	harbor1	chr15	63499582	63499637	SINE/MIR	449	-	28	63499610	94280
chr15	63405330	63605330	harbor1	chr15	63502863	63503092	SINE/MIR	448	-	114	63502977	97647
chr15	20676003	20876003	harbor1	chr15	20752075	20752268	SINE/MIR	411	-	96	20752171	76168
chr15	35446212	35646212	harbor1	chr15	35468156	35468338	SINE/MIR	565	-	91	35468247	22035
chr15	35446212	35646212	harbor1	chr15	35485002	35485205	SINE/MIR	906	-	102	35485104	38892
chr15	35446212	35646212	harbor1	chr15	35492607	35492877	SINE/MIR	754	-	135	35492742	46530
chr15	35446212	35646212	harbor1	chr15	35503751	35503919	SINE/MIR	770	-	84	35503835	57623
chr15	35446212	35646212	harbor1	chr15	35516356	35516559	SINE/MIR	564	-	102	35516458	70246
chr15	35446212	35646212	harbor1	chr15	35518813	35519006	SINE/MIR	438	-	96	35518909	72697
chr15	29332920	29532920	harbor1	chr15	29337698	29337912	SINE/MIR	551	-	107	29337805	4885
chr15	29332920	29532920	harbor1	chr15	29345899	29346106	SINE/MIR	551	-	104	29346003	13083
chr15	60551362	60751362	harbor1	chr15	60574641	60574887	SINE/MIR	725	-	123	60574764	23402
chr15	60551362	60751362	harbor1	chr15	60600877	60601097	SINE/MIR	672	-	110	60600987	49625
chr15	60551362	60751362	harbor1	chr15	60623435	60623654	SINE/MIR	444	-	110	60623545	72183
chr15	60551362	60751362	harbor1	chr15	60650841	60651020	SINE/MIR	471	-	90	60650931	99569
chr15	67421829	67621829	harbor1	chr15	67443794	67444023	SINE/MIR	722	-	114	67443908	22079
chr15	67421829	67621829	harbor1	chr15	67469700	67469883	SINE/MIR	446	-	92	67469792	47963
chr15	67421829	67621829	harbor1	chr15	67471383	67471584	SINE/MIR	602	-	100	67471483	49654
chr15	67421829	67621829	harbor1	chr15	67479145	67479345	SINE/MIR	610	-	100	67479245	57416
chr15	67421829	67621829	harbor1	chr15	67493186	67493354	SINE/MIR	418	-	84	67493270	71441
chr15	67421829	67621829	harbor1	chr15	67510058	67510199	SINE/MIR	460	-	70	67510128	88299
chr15	34237807	34437807	harbor1	chr15	34243485	34243670	SINE/MIR	433	-	92	34243577	5770
chr15	34237807	34437807	harbor1	chr15	34311999	34312174	SINE/MIR	518	-	88	34312087	74280
chr15	68960308	69160308	harbor1	chr15	68985498	68985702	SINE/MIR	471	-	102	68985600	25292
chr15	68960308	69160308	harbor1	chr15	68985864	68986114	SINE/MIR	632	-	125	68985989	25681
chr15	68960308	69160308	harbor1	chr15	68986138	68986266	SINE/MIR	422	-	64	68986202	25894
chr15	68960308	69160308	harbor1	chr15	69030731	69030952	SINE/MIR	473	-	110	69030841	70533
chr15	69999137	70199137	harbor1	chr15	70010417	70010640	SINE/MIR	495	-	112	70010529	11392
chr15	69999137	70199137	harbor1	chr15	70020251	70020485	SINE/MIR	642	-	117	70020368	21231
chr15	69999137	70199137	harbor1	chr15	70027592	70027828	SINE/MIR	878	-	118	70027710	28573
chr15	69999137	70199137	harbor1	chr15	70027946	70028113	SINE/MIR	979	-	84	70028030	28893
chr15	69999137	70199137	harbor1	chr15	70028647	70028747	SINE/MIR	979	-	50	70028697	29560
chr15	69999137	70199137	harbor1	chr15	70030232	70030419	SINE/MIR	415	-	94	70030326	31189
chr15	69999137	70199137	harbor1	chr15	70008632	70008839	SINE/MIR	832	-	104	70008736	9599
chr15	35446249	35646249	harbor1	chr15	35468156	35468338	SINE/MIR	565	-	91	35468247	21998
chr15	35446249	35646249	harbor1	chr15	35485002	35485205	SINE/MIR	906	-	102	35485104	38855
chr15	35446249	35646249	harbor1	chr15	35492607	35492877	SINE/MIR	754	-	135	35492742	46493
chr15	35446249	35646249	harbor1	chr15	35503751	35503919	SINE/MIR	770	-	84	35503835	57586
chr15	35446249	35646249	harbor1	chr15	35516356	35516559	SINE/MIR	564	-	102	35516458	70209
chr15	35446249	35646249	harbor1	chr15	35518813	35519006	SINE/MIR	438	-	96	35518909	72660
chr15	35446296	35646296	harbor1	chr15	35468156	35468338	SINE/MIR	565	-	91	35468247	21951
chr15	35446296	35646296	harbor1	chr15	35485002	35485205	SINE/MIR	906	-	102	35485104	38808
chr15	35446296	35646296	harbor1	chr15	35492607	35492877	SINE/MIR	754	-	135	35492742	46446
chr15	35446296	35646296	harbor1	chr15	35503751	35503919	SINE/MIR	770	-	84	35503835	57539
chr15	35446296	35646296	harbor1	chr15	35516356	35516559	SINE/MIR	564	-	102	35516458	70162
chr15	35446296	35646296	harbor1	chr15	35518813	35519006	SINE/MIR	438	-	96	35518909	72613
chr15	100113871	100313871	harbor1	chr15	100142507	100142724	SINE/MIR	578	-	108	100142615	28744
chr15	100113871	100313871	harbor1	chr15	100210314	100210561	SINE/MIR	760	-	124	100210438	96567
chr15	100113871	100313871	harbor1	chr15	100212108	100212263	SINE/MIR	519	-	78	100212186	98315
chr15	79822730	80022730	harbor1	chr15	79829473	79829650	SINE/MIR	613	-	88	79829561	6831
chr15	79822730	80022730	harbor1	chr15	79851528	79851766	SINE/MIR	483	-	119	79851647	28917
chr15	79822730	80022730	harbor1	chr15	79861062	79861308	SINE/MIR	626	-	123	79861185	38455
chr15	79822730	80022730	harbor1	chr15	79883629	79883872	SINE/MIR	784	-	122	79883751	61021
chr15	79822730	80022730	harbor1	chr15	79884026	79884254	SINE/MIR	588	-	114	79884140	61410
chr15	79822730	80022730	harbor1	chr15	79895044	79895213	SINE/MIR	531	-	84	79895128	72398
chr15	79822730	80022730	harbor1	chr15	79904386	79904558	SINE/MIR	701	-	86	79904472	81742
chr15	79822730	80022730	harbor1	chr15	79904816	79904911	SINE/MIR	701	-	48	79904864	82134
chr15	79822730	80022730	harbor1	chr15	79921991	79922150	SINE/MIR	431	-	80	79922071	99341
chr15	45073178	45273178	harbor1	chr15	45075023	45075209	SINE/MIR	484	-	93	45075116	1938
chr15	45073178	45273178	harbor1	chr15	45081802	45081955	SINE/MIR	672	-	76	45081878	8700
chr15	45073178	45273178	harbor1	chr15	45088293	45088321	SINE/MIR	438	-	14	45088307	15129
chr15	45073178	45273178	harbor1	chr15	45090064	45090271	SINE/MIR	579	-	104	45090168	16990
chr15	45073178	45273178	harbor1	chr15	45092324	45092449	SINE/MIR	437	-	62	45092386	19208
chr15	45073178	45273178	harbor1	chr15	45105362	45105537	SINE/MIR	741	-	88	45105450	32272
chr15	45073178	45273178	harbor1	chr15	45117367	45117500	SINE/MIR	491	-	66	45117433	44255
chr15	45073178	45273178	harbor1	chr15	45131362	45131604	SINE/MIR	438	-	121	45131483	58305
chr15	45073178	45273178	harbor1	chr15	45138621	45138788	SINE/MIR	530	-	84	45138705	65527
chr15	45073178	45273178	harbor1	chr15	45146512	45146717	SINE/MIR	612	-	102	45146614	73436
chr15	45073178	45273178	harbor1	chr15	45170463	45170636	SINE/MIR	570	-	86	45170549	97371
chr15	45073178	45273178	harbor1	chr15	45171503	45171667	SINE/MIR	571	-	82	45171585	98407
chr15	45073178	45273178	harbor1	chr15	45105121	45105184	SINE/MIR	741	-	32	45105153	31975
chr15	45073178	45273178	harbor1	chr15	45088651	45088790	SINE/MIR	438	-	70	45088721	15543
chr15	74702668	74902668	harbor1	chr15	74723283	74723469	SINE/MIR	513	-	93	74723376	20708
chr15	74702668	74902668	harbor1	chr15	74759064	74759168	SINE/MIR	430	-	52	74759116	56448
chr15	74702668	74902668	harbor1	chr15	74774087	74774280	SINE/MIR	609	-	96	74774183	71515
chr15	74702668	74902668	harbor1	chr15	74780362	74780556	SINE/MIR	507	-	97	74780459	77791
chr15	74702668	74902668	harbor1	chr15	74781127	74781305	SINE/MIR	757	-	89	74781216	78548
chr15	74702668	74902668	harbor1	chr15	74792422	74792535	SINE/MIR	472	-	56	74792478	89810
chr15	74702668	74902668	harbor1	chr15	74799666	74799832	SINE/MIR	497	-	83	74799749	97081
chr15	29169385	29369385	harbor1	chr15	29249660	29249703	SINE/MIR	484	-	22	29249682	80297
chr15	29169385	29369385	harbor1	chr15	29250125	29250260	SINE/MIR	484	-	68	29250193	80808
chr15	29169385	29369385	harbor1	chr15	29267386	29267565	SINE/MIR	437	-	90	29267476	98091
chr15	71630113	71830113	harbor1	chr15	71635778	71636023	SINE/MIR	642	-	122	71635900	5787
chr15	71630113	71830113	harbor1	chr15	71641115	71641221	SINE/MIR	462	-	53	71641168	11055
chr15	71630113	71830113	harbor1	chr15	71661841	71662032	SINE/MIR	622	-	96	71661937	31824
chr15	32618868	32818868	harbor1	chr15	32618959	32619019	SINE/MIR	595	-	30	32618989	121
chr15	32618868	32818868	harbor1	chr15	32642815	32643047	SINE/MIR	601	-	116	32642931	24063
chr15	32618868	32818868	harbor1	chr15	32654009	32654148	SINE/MIR	477	-	70	32654079	35211
chr15	32618868	32818868	harbor1	chr15	32654438	32654519	SINE/MIR	477	-	40	32654478	35610
chr15	32618868	32818868	harbor1	chr15	32664148	32664311	SINE/MIR	453	-	82	32664230	45362
chr15	32618868	32818868	harbor1	chr15	32666678	32666883	SINE/MIR	413	-	102	32666780	47912
chr15	32618868	32818868	harbor1	chr15	32670977	32671171	SINE/MIR	426	-	97	32671074	52206
chr15	32618868	32818868	harbor1	chr15	32681286	32681432	SINE/MIR	447	-	73	32681359	62491
chr15	32618868	32818868	harbor1	chr15	32700292	32700430	SINE/MIR	476	-	69	32700361	81493
chr15	73799625	73999625	harbor1	chr15	73801269	73801431	SINE/MIR	563	-	81	73801350	1725
chr15	73799625	73999625	harbor1	chr15	73810773	73810981	SINE/MIR	667	-	104	73810877	11252
chr15	73799625	73999625	harbor1	chr15	73822755	73822903	SINE/MIR	411	-	74	73822829	23204
chr15	73799625	73999625	harbor1	chr15	73830944	73831170	SINE/MIR	871	-	113	73831057	31432
chr15	73799625	73999625	harbor1	chr15	73850204	73850354	SINE/MIR	469	-	75	73850279	50654
chr15	73799625	73999625	harbor1	chr15	73868326	73868556	SINE/MIR	765	-	115	73868441	68816
chr15	73799625	73999625	harbor1	chr15	73874408	73874633	SINE/MIR	750	-	112	73874520	74895
chr15	73799625	73999625	harbor1	chr15	73874820	73874854	SINE/MIR	750	-	17	73874837	75212
chr15	73799625	73999625	harbor1	chr15	73883771	73883933	SINE/MIR	437	-	81	73883852	84227
chr15	20675994	20875994	harbor1	chr15	20752075	20752268	SINE/MIR	411	-	96	20752171	76177
chr15	35446199	35646199	harbor1	chr15	35468156	35468338	SINE/MIR	565	-	91	35468247	22048
chr15	35446199	35646199	harbor1	chr15	35485002	35485205	SINE/MIR	906	-	102	35485104	38905
chr15	35446199	35646199	harbor1	chr15	35492607	35492877	SINE/MIR	754	-	135	35492742	46543
chr15	35446199	35646199	harbor1	chr15	35503751	35503919	SINE/MIR	770	-	84	35503835	57636
chr15	35446199	35646199	harbor1	chr15	35516356	35516559	SINE/MIR	564	-	102	35516458	70259
chr15	35446199	35646199	harbor1	chr15	35518813	35519006	SINE/MIR	438	-	96	35518909	72710
chr15	35446288	35646288	harbor1	chr15	35468156	35468338	SINE/MIR	565	-	91	35468247	21959
chr15	35446288	35646288	harbor1	chr15	35485002	35485205	SINE/MIR	906	-	102	35485104	38816
chr15	35446288	35646288	harbor1	chr15	35492607	35492877	SINE/MIR	754	-	135	35492742	46454
chr15	35446288	35646288	harbor1	chr15	35503751	35503919	SINE/MIR	770	-	84	35503835	57547
chr15	35446288	35646288	harbor1	chr15	35516356	35516559	SINE/MIR	564	-	102	35516458	70170
chr15	35446288	35646288	harbor1	chr15	35518813	35519006	SINE/MIR	438	-	96	35518909	72621
chr15	73768197	73968197	harbor1	chr15	73772982	73773169	SINE/MIR	649	-	94	73773076	4879
chr15	73768197	73968197	harbor1	chr15	73777362	73777559	SINE/MIR	698	-	98	73777460	9263
chr15	73768197	73968197	harbor1	chr15	73788862	73789017	SINE/MIR	423	-	78	73788940	20743
chr15	73768197	73968197	harbor1	chr15	73798702	73798923	SINE/MIR	713	-	110	73798812	30615
chr15	73768197	73968197	harbor1	chr15	73801269	73801431	SINE/MIR	563	-	81	73801350	33153
chr15	73768197	73968197	harbor1	chr15	73810773	73810981	SINE/MIR	667	-	104	73810877	42680
chr15	73768197	73968197	harbor1	chr15	73822755	73822903	SINE/MIR	411	-	74	73822829	54632
chr15	73768197	73968197	harbor1	chr15	73830944	73831170	SINE/MIR	871	-	113	73831057	62860
chr15	73768197	73968197	harbor1	chr15	73850204	73850354	SINE/MIR	469	-	75	73850279	82082
chr15	73895408	74095408	harbor1	chr15	73924134	73924298	SINE/MIR	439	-	82	73924216	28808
chr15	73895408	74095408	harbor1	chr15	73932622	73932773	SINE/MIR	619	-	76	73932698	37290
chr15	73895408	74095408	harbor1	chr15	73933111	73933348	SINE/MIR	754	-	118	73933229	37821
chr15	73895408	74095408	harbor1	chr15	73957836	73958039	SINE/MIR	947	-	102	73957938	62530
chr15	73895408	74095408	harbor1	chr15	73989362	73989521	SINE/MIR	504	-	80	73989442	94034
chr15	77542617	77742617	harbor1	chr15	77549968	77550160	SINE/MIR	567	-	96	77550064	7447
chr15	77542617	77742617	harbor1	chr15	77575838	77576075	SINE/MIR	703	-	118	77575956	33339
chr15	77542617	77742617	harbor1	chr15	77580518	77580676	SINE/MIR	422	-	79	77580597	37980
chr15	77542617	77742617	harbor1	chr15	77583995	77584142	SINE/MIR	521	-	74	77584069	41452
chr15	77542617	77742617	harbor1	chr15	77603677	77603860	SINE/MIR	538	-	92	77603769	61152
chr15	77542617	77742617	harbor1	chr15	77611339	77611582	SINE/MIR	523	-	122	77611461	68844
chr15	77542617	77742617	harbor1	chr15	77613007	77613276	SINE/MIR	1121	-	134	77613141	70524
chr15	77542617	77742617	harbor1	chr15	77625313	77625524	SINE/MIR	901	-	106	77625419	82802
chr15	77542617	77742617	harbor1	chr15	77625525	77625766	SINE/MIR	694	-	120	77625645	83028
chr15	77542617	77742617	harbor1	chr15	77628948	77629197	SINE/MIR	1198	-	124	77629072	86455
chr15	77542617	77742617	harbor1	chr15	77635983	77636196	SINE/MIR	519	-	106	77636089	93472
chr15	77542617	77742617	harbor1	chr15	77640420	77640600	SINE/MIR	504	-	90	77640510	97893
chr16	2329317	2529317	harbor1	chr16	2366485	2366719	SINE/MIR	727	-	117	2366602	37285
chr16	67009864	67209864	harbor1	chr16	67011403	67011540	SINE/MIR	648	-	68	67011471	1607
chr16	67009917	67209917	harbor1	chr16	67011403	67011540	SINE/MIR	648	-	68	67011471	1554
chr16	66812746	67012746	harbor1	chr16	66899076	66899276	SINE/MIR	734	-	100	66899176	86430
chr16	87292256	87492256	harbor1	chr16	87295184	87295399	SINE/MIR	785	-	108	87295292	3036
chr16	53030875	53230875	harbor1	chr16	53044695	53044910	SINE/MIR	626	-	108	53044803	13928
chr16	53030875	53230875	harbor1	chr16	53063075	53063344	SINE/MIR	893	-	134	53063209	32334
chr16	53030875	53230875	harbor1	chr16	53096404	53096640	SINE/MIR	674	-	118	53096522	65647
chr16	53030875	53230875	harbor1	chr16	53102405	53102535	SINE/MIR	619	-	65	53102470	71595
chr16	4084076	4284076	harbor1	chr16	4170962	4171125	SINE/MIR	619	-	82	4171044	86968
chr16	2836774	3036774	harbor1	chr16	2880857	2881024	SINE/MIR	663	-	84	2880941	44167
chr16	56533856	56733856	harbor1	chr16	56538910	56539126	SINE/MIR	828	-	108	56539018	5162
chr16	87292296	87492296	harbor1	chr16	87295184	87295399	SINE/MIR	785	-	108	87295292	2996
chr16	88283250	88483250	harbor1	chr16	88289493	88289694	SINE/MIR	600	-	100	88289593	6343
chr16	88283250	88483250	harbor1	chr16	88371358	88371573	SINE/MIR	601	-	108	88371466	88216
chr16	71269665	71469665	harbor1	chr16	71309956	71310177	SINE/MIR	632	-	110	71310066	40401
chr16	71269665	71469665	harbor1	chr16	71312774	71313020	SINE/MIR	685	-	123	71312897	43232
chr16	71269665	71469665	harbor1	chr16	71334020	71334216	SINE/MIR	679	-	98	71334118	64453
chr16	71269665	71469665	harbor1	chr16	71353499	71353699	SINE/MIR	687	-	100	71353599	83934
chr16	71269665	71469665	harbor1	chr16	71356740	71356786	SINE/MIR	622	-	23	71356763	87098
chr16	71269665	71469665	harbor1	chr16	71357093	71357255	SINE/MIR	622	-	81	71357174	87509
chr16	71269665	71469665	harbor1	chr16	71366743	71366942	SINE/MIR	734	-	100	71366843	97178
chr16	4084117	4284117	harbor1	chr16	4170962	4171125	SINE/MIR	619	-	82	4171044	86927
chr16	57702806	57902806	harbor1	chr16	57720053	57720308	SINE/MIR	898	-	128	57720181	17375
chr16	57702806	57902806	harbor1	chr16	57726665	57726809	SINE/MIR	575	-	72	57726737	23931
chr16	29953412	30153412	harbor1	chr16	29968745	29968960	SINE/MIR	741	-	108	29968853	15441
chr16	29953412	30153412	harbor1	chr16	29975207	29975405	SINE/MIR	638	-	99	29975306	21894
chr16	29953412	30153412	harbor1	chr16	29984805	29984941	SINE/MIR	656	-	68	29984873	31461
chr16	29953412	30153412	harbor1	chr16	30043119	30043219	SINE/MIR	727	-	50	30043169	89757
chr16	29953412	30153412	harbor1	chr16	30043517	30043654	SINE/MIR	727	-	68	30043585	90173
chr16	29953412	30153412	harbor1	chr16	30048414	30048636	SINE/MIR	679	-	111	30048525	95113
chr16	67098316	67298316	harbor1	chr16	67162353	67162561	SINE/MIR	888	-	104	67162457	64141
chr16	67098316	67298316	harbor1	chr16	67185956	67186147	SINE/MIR	803	-	96	67186052	87736
chr16	1600271	1800271	harbor1	chr16	1689349	1689460	SINE/MIR	636	-	56	1689405	89134
chr16	1600271	1800271	harbor1	chr16	1689740	1689890	SINE/MIR	636	-	75	1689815	89544
chr16	1600271	1800271	harbor1	chr16	1690824	1691013	SINE/MIR	595	-	94	1690918	90647
chr16	67098313	67298313	harbor1	chr16	67162353	67162561	SINE/MIR	888	-	104	67162457	64144
chr16	67098313	67298313	harbor1	chr16	67185956	67186147	SINE/MIR	803	-	96	67186052	87739
chr16	87292331	87492331	harbor1	chr16	87295184	87295399	SINE/MIR	785	-	108	87295292	2961
chr16	31115390	31315390	harbor1	chr16	31120843	31121029	SINE/MIR	619	-	93	31120936	5546
chr16	31115390	31315390	harbor1	chr16	31134280	31134489	SINE/MIR	672	-	104	31134384	18994
chr16	31115390	31315390	harbor1	chr16	31147948	31148133	SINE/MIR	570	-	92	31148040	32650
chr16	30978860	31178860	harbor1	chr16	31004240	31004391	SINE/MIR	664	-	76	31004316	25456
chr16	30978860	31178860	harbor1	chr16	31004697	31004710	SINE/MIR	664	-	6	31004703	25843
chr16	30978860	31178860	harbor1	chr16	31005615	31005781	SINE/MIR	630	-	83	31005698	26838
chr16	30978860	31178860	harbor1	chr16	31007783	31007992	SINE/MIR	811	-	104	31007887	29027
chr16	30978860	31178860	harbor1	chr16	31067251	31067390	SINE/MIR	661	-	70	31067321	88461
chr16	57636722	57836722	harbor1	chr16	57647480	57647661	SINE/MIR	878	-	90	57647570	10848
chr16	57636722	57836722	harbor1	chr16	57656666	57656854	SINE/MIR	802	-	94	57656760	20038
chr16	57636722	57836722	harbor1	chr16	57658214	57658377	SINE/MIR	609	-	82	57658296	21574
chr16	57636722	57836722	harbor1	chr16	57720053	57720308	SINE/MIR	898	-	128	57720181	83459
chr16	57636722	57836722	harbor1	chr16	57726665	57726809	SINE/MIR	575	-	72	57726737	90015
chr16	57884915	58084915	harbor1	chr16	57888191	57888361	SINE/MIR	650	-	85	57888276	3361
chr16	57884915	58084915	harbor1	chr16	57889635	57889825	SINE/MIR	711	-	95	57889730	4815
chr16	57884915	58084915	harbor1	chr16	57900031	57900207	SINE/MIR	608	-	88	57900119	15204
chr16	57884915	58084915	harbor1	chr16	57913443	57913477	SINE/MIR	680	-	17	57913460	28545
chr16	57884915	58084915	harbor1	chr16	57913781	57913978	SINE/MIR	680	-	98	57913879	28964
chr16	71269741	71469741	harbor1	chr16	71309956	71310177	SINE/MIR	632	-	110	71310066	40325
chr16	71269741	71469741	harbor1	chr16	71312774	71313020	SINE/MIR	685	-	123	71312897	43156
chr16	71269741	71469741	harbor1	chr16	71334020	71334216	SINE/MIR	679	-	98	71334118	64377
chr16	71269741	71469741	harbor1	chr16	71353499	71353699	SINE/MIR	687	-	100	71353599	83858
chr16	71269741	71469741	harbor1	chr16	71356740	71356786	SINE/MIR	622	-	23	71356763	87022
chr16	71269741	71469741	harbor1	chr16	71357093	71357255	SINE/MIR	622	-	81	71357174	87433
chr16	71269741	71469741	harbor1	chr16	71366743	71366942	SINE/MIR	734	-	100	71366843	97102
chr16	66905482	67105482	harbor1	chr16	67001977	67002161	SINE/MIR	644	-	92	67002069	96587
chr16	57884963	58084963	harbor1	chr16	57888191	57888361	SINE/MIR	650	-	85	57888276	3313
chr16	57884963	58084963	harbor1	chr16	57889635	57889825	SINE/MIR	711	-	95	57889730	4767
chr16	57884963	58084963	harbor1	chr16	57900031	57900207	SINE/MIR	608	-	88	57900119	15156
chr16	57884963	58084963	harbor1	chr16	57913443	57913477	SINE/MIR	680	-	17	57913460	28497
chr16	57884963	58084963	harbor1	chr16	57913781	57913978	SINE/MIR	680	-	98	57913879	28916
chr16	56832289	57032289	harbor1	chr16	56878547	56878658	SINE/MIR	602	-	56	56878603	46314
chr16	56832289	57032289	harbor1	chr16	56885758	56885993	SINE/MIR	580	-	118	56885876	53587
chr16	56832289	57032289	harbor1	chr16	56903917	56904115	SINE/MIR	705	-	99	56904016	71727
chr16	57418274	57618274	harbor1	chr16	57432753	57432892	SINE/MIR	572	-	70	57432823	14549
chr16	57418274	57618274	harbor1	chr16	57441500	57441726	SINE/MIR	606	-	113	57441613	23339
chr16	57418274	57618274	harbor1	chr16	57514146	57514194	SINE/MIR	940	-	24	57514170	95896
chr16	57418274	57618274	harbor1	chr16	57514495	57514701	SINE/MIR	940	-	103	57514598	96324
chr16	30087207	30287207	harbor1	chr16	30181309	30181379	SINE/MIR	652	-	35	30181344	94137
chr16	30087207	30287207	harbor1	chr16	30182009	30182159	SINE/MIR	652	-	75	30182084	94877
chr16	57884933	58084933	harbor1	chr16	57888191	57888361	SINE/MIR	650	-	85	57888276	3343
chr16	57884933	58084933	harbor1	chr16	57889635	57889825	SINE/MIR	711	-	95	57889730	4797
chr16	57884933	58084933	harbor1	chr16	57900031	57900207	SINE/MIR	608	-	88	57900119	15186
chr16	57884933	58084933	harbor1	chr16	57913443	57913477	SINE/MIR	680	-	17	57913460	28527
chr16	57884933	58084933	harbor1	chr16	57913781	57913978	SINE/MIR	680	-	98	57913879	28946
chr16	54836870	55036870	harbor1	chr16	54854410	54854660	SINE/MIR	760	-	125	54854535	17665
chr16	54836870	55036870	harbor1	chr16	54870621	54870797	SINE/MIR	647	-	88	54870709	33839
chr16	67063130	67263130	harbor1	chr16	67162353	67162561	SINE/MIR	888	-	104	67162457	99327
chr16	30330387	30530387	harbor1	chr16	30423606	30423838	SINE/MIR	785	-	116	30423722	93335
chr16	2869886	3069886	harbor1	chr16	2880857	2881024	SINE/MIR	663	-	84	2880941	11055
chr16	2330012	2530012	harbor1	chr16	2366485	2366719	SINE/MIR	727	-	117	2366602	36590
chr16	67009907	67209907	harbor1	chr16	67011403	67011540	SINE/MIR	648	-	68	67011471	1564
chr16	1678395	1878395	harbor1	chr16	1689349	1689460	SINE/MIR	636	-	56	1689405	11010
chr16	1678395	1878395	harbor1	chr16	1689740	1689890	SINE/MIR	636	-	75	1689815	11420
chr16	1678395	1878395	harbor1	chr16	1690824	1691013	SINE/MIR	595	-	94	1690918	12523
chr16	56464967	56664967	harbor1	chr16	56523657	56523700	SINE/MIR	703	-	22	56523679	58712
chr16	56464967	56664967	harbor1	chr16	56523864	56524062	SINE/MIR	703	-	99	56523963	58996
chr16	56464967	56664967	harbor1	chr16	56538910	56539126	SINE/MIR	828	-	108	56539018	74051
chr16	4081966	4281966	harbor1	chr16	4170962	4171125	SINE/MIR	619	-	82	4171044	89078
chr16	31017885	31217885	harbor1	chr16	31067251	31067390	SINE/MIR	661	-	70	31067321	49436
chr16	2863130	3063130	harbor1	chr16	2880857	2881024	SINE/MIR	663	-	84	2880941	17811
chr16	57884908	58084908	harbor1	chr16	57888191	57888361	SINE/MIR	650	-	85	57888276	3368
chr16	57884908	58084908	harbor1	chr16	57889635	57889825	SINE/MIR	711	-	95	57889730	4822
chr16	57884908	58084908	harbor1	chr16	57900031	57900207	SINE/MIR	608	-	88	57900119	15211
chr16	57884908	58084908	harbor1	chr16	57913443	57913477	SINE/MIR	680	-	17	57913460	28552
chr16	57884908	58084908	harbor1	chr16	57913781	57913978	SINE/MIR	680	-	98	57913879	28971
chr16	1629276	1829276	harbor1	chr16	1689349	1689460	SINE/MIR	636	-	56	1689405	60129
chr16	1629276	1829276	harbor1	chr16	1689740	1689890	SINE/MIR	636	-	75	1689815	60539
chr16	1629276	1829276	harbor1	chr16	1690824	1691013	SINE/MIR	595	-	94	1690918	61642
chr16	4084087	4284087	harbor1	chr16	4170962	4171125	SINE/MIR	619	-	82	4171044	86957
chr16	56535691	56735691	harbor1	chr16	56538910	56539126	SINE/MIR	828	-	108	56539018	3327
chr16	57884560	58084560	harbor1	chr16	57888191	57888361	SINE/MIR	650	-	85	57888276	3716
chr16	57884560	58084560	harbor1	chr16	57889635	57889825	SINE/MIR	711	-	95	57889730	5170
chr16	57884560	58084560	harbor1	chr16	57900031	57900207	SINE/MIR	608	-	88	57900119	15559
chr16	57884560	58084560	harbor1	chr16	57913443	57913477	SINE/MIR	680	-	17	57913460	28900
chr16	57884560	58084560	harbor1	chr16	57913781	57913978	SINE/MIR	680	-	98	57913879	29319
chr16	30850099	31050099	harbor1	chr16	30884375	30884488	SINE/MIR	749	-	56	30884431	34332
chr16	30850099	31050099	harbor1	chr16	30884797	30884934	SINE/MIR	749	-	68	30884865	34766
chr16	71269697	71469697	harbor1	chr16	71309956	71310177	SINE/MIR	632	-	110	71310066	40369
chr16	71269697	71469697	harbor1	chr16	71312774	71313020	SINE/MIR	685	-	123	71312897	43200
chr16	71269697	71469697	harbor1	chr16	71334020	71334216	SINE/MIR	679	-	98	71334118	64421
chr16	71269697	71469697	harbor1	chr16	71353499	71353699	SINE/MIR	687	-	100	71353599	83902
chr16	71269697	71469697	harbor1	chr16	71356740	71356786	SINE/MIR	622	-	23	71356763	87066
chr16	71269697	71469697	harbor1	chr16	71357093	71357255	SINE/MIR	622	-	81	71357174	87477
chr16	71269697	71469697	harbor1	chr16	71366743	71366942	SINE/MIR	734	-	100	71366843	97146
chr16	4376437	4576437	harbor1	chr16	4421777	4421899	SINE/MIR	606	-	61	4421838	45401
chr16	67009944	67209944	harbor1	chr16	67011403	67011540	SINE/MIR	648	-	68	67011471	1527
chr16	56832283	57032283	harbor1	chr16	56878547	56878658	SINE/MIR	602	-	56	56878603	46320
chr16	56832283	57032283	harbor1	chr16	56885758	56885993	SINE/MIR	580	-	118	56885876	53593
chr16	56832283	57032283	harbor1	chr16	56903917	56904115	SINE/MIR	705	-	99	56904016	71733
chr16	56508557	56708557	harbor1	chr16	56523657	56523700	SINE/MIR	703	-	22	56523679	15122
chr16	56508557	56708557	harbor1	chr16	56523864	56524062	SINE/MIR	703	-	99	56523963	15406
chr16	56508557	56708557	harbor1	chr16	56538910	56539126	SINE/MIR	828	-	108	56539018	30461
chr16	66971200	67171200	harbor1	chr16	67001977	67002161	SINE/MIR	644	-	92	67002069	30869
chr16	66971200	67171200	harbor1	chr16	67006127	67006302	SINE/MIR	600	-	88	67006215	35015
chr16	66971200	67171200	harbor1	chr16	67011403	67011540	SINE/MIR	648	-	68	67011471	40271
chr16	29086399	29286399	harbor1	chr16	29099894	29100101	SINE/MIR	662	-	104	29099998	13599
chr16	67009894	67209894	harbor1	chr16	67011403	67011540	SINE/MIR	648	-	68	67011471	1577
chr16	57884572	58084572	harbor1	chr16	57888191	57888361	SINE/MIR	650	-	85	57888276	3704
chr16	57884572	58084572	harbor1	chr16	57889635	57889825	SINE/MIR	711	-	95	57889730	5158
chr16	57884572	58084572	harbor1	chr16	57900031	57900207	SINE/MIR	608	-	88	57900119	15547
chr16	57884572	58084572	harbor1	chr16	57913443	57913477	SINE/MIR	680	-	17	57913460	28888
chr16	57884572	58084572	harbor1	chr16	57913781	57913978	SINE/MIR	680	-	98	57913879	29307
chr16	67009938	67209938	harbor1	chr16	67011403	67011540	SINE/MIR	648	-	68	67011471	1533
chr16	30087206	30287206	harbor1	chr16	30181309	30181379	SINE/MIR	652	-	35	30181344	94138
chr16	30087206	30287206	harbor1	chr16	30182009	30182159	SINE/MIR	652	-	75	30182084	94878
chr16	49757292	49957292	harbor1	chr16	49812050	49812254	SINE/MIR	584	-	102	49812152	54860
chr16	49757292	49957292	harbor1	chr16	49823308	49823537	SINE/MIR	683	-	114	49823422	66130
chr16	2862978	3062978	harbor1	chr16	2880857	2881024	SINE/MIR	663	-	84	2880941	17963
chr16	4084167	4284167	harbor1	chr16	4170962	4171125	SINE/MIR	619	-	82	4171044	86877
chr16	2865150	3065150	harbor1	chr16	2880857	2881024	SINE/MIR	663	-	84	2880941	15791
chr16	86768401	86968401	harbor1	chr16	86780174	86780367	SINE/MIR	641	-	96	86780270	11869
chr16	86768401	86968401	harbor1	chr16	86810275	86810562	SINE/MIR	641	-	144	86810419	42018
chr16	67009935	67209935	harbor1	chr16	67011403	67011540	SINE/MIR	648	-	68	67011471	1536
chr16	2865127	3065127	harbor1	chr16	2880857	2881024	SINE/MIR	663	-	84	2880941	15814
chr16	67397829	67597829	harbor1	chr16	67478041	67478275	SINE/MIR	690	-	117	67478158	80329
chr16	49563770	49763770	harbor1	chr16	49569777	49570020	SINE/MIR	728	-	122	49569899	6129
chr16	49563770	49763770	harbor1	chr16	49570229	49570423	SINE/MIR	729	-	97	49570326	6556
chr16	49563770	49763770	harbor1	chr16	49577237	49577463	SINE/MIR	662	-	113	49577350	13580
chr16	49563770	49763770	harbor1	chr16	49635209	49635554	SINE/MIR	678	-	172	49635381	71611
chr16	49563770	49763770	harbor1	chr16	49656806	49656989	SINE/MIR	617	-	92	49656898	93128
chr16	49563770	49763770	harbor1	chr16	49643320	49643550	SINE/MIR	929	-	115	49643435	79665
chr17	7461852	7661852	harbor1	chr17	7475363	7475485	SINE/MIR	691	-	61	7475424	13572
chr17	7461852	7661852	harbor1	chr17	7475738	7475884	SINE/MIR	691	-	73	7475811	13959
chr17	7461852	7661852	harbor1	chr17	7553469	7553656	SINE/MIR	711	-	94	7553563	91711
chr17	7461889	7661889	harbor1	chr17	7475363	7475485	SINE/MIR	691	-	61	7475424	13535
chr17	7461889	7661889	harbor1	chr17	7475738	7475884	SINE/MIR	691	-	73	7475811	13922
chr17	7461889	7661889	harbor1	chr17	7553469	7553656	SINE/MIR	711	-	94	7553563	91674
chr17	6528464	6728464	harbor1	chr17	6567192	6567446	SINE/MIR	794	-	127	6567319	38855
chr17	6528464	6728464	harbor1	chr17	6574527	6574674	SINE/MIR	595	-	74	6574601	46137
chr17	7461834	7661834	harbor1	chr17	7475363	7475485	SINE/MIR	691	-	61	7475424	13590
chr17	7461834	7661834	harbor1	chr17	7475738	7475884	SINE/MIR	691	-	73	7475811	13977
chr17	7461834	7661834	harbor1	chr17	7553469	7553656	SINE/MIR	711	-	94	7553563	91729
chr17	7461828	7661828	harbor1	chr17	7475363	7475485	SINE/MIR	691	-	61	7475424	13596
chr17	7461828	7661828	harbor1	chr17	7475738	7475884	SINE/MIR	691	-	73	7475811	13983
chr17	7461828	7661828	harbor1	chr17	7553469	7553656	SINE/MIR	711	-	94	7553563	91735
chr17	57532094	57732094	harbor1	chr17	57554624	57554828	SINE/MIR	627	-	102	57554726	22632
chr17	57532094	57732094	harbor1	chr17	57600793	57601032	SINE/MIR	608	-	120	57600913	68819
chr17	75009940	75209940	harbor1	chr17	75080253	75080312	SINE/MIR	687	-	30	75080283	70343
chr17	75009940	75209940	harbor1	chr17	75080614	75080794	SINE/MIR	687	-	90	75080704	70764
chr17	7461908	7661908	harbor1	chr17	7475363	7475485	SINE/MIR	691	-	61	7475424	13516
chr17	7461908	7661908	harbor1	chr17	7475738	7475884	SINE/MIR	691	-	73	7475811	13903
chr17	7461908	7661908	harbor1	chr17	7553469	7553656	SINE/MIR	711	-	94	7553563	91655
chr17	7461804	7661804	harbor1	chr17	7475363	7475485	SINE/MIR	691	-	61	7475424	13620
chr17	7461804	7661804	harbor1	chr17	7475738	7475884	SINE/MIR	691	-	73	7475811	14007
chr17	7461804	7661804	harbor1	chr17	7553469	7553656	SINE/MIR	711	-	94	7553563	91759
chr17	63523257	63723257	harbor1	chr17	63542600	63542816	SINE/MIR	667	-	108	63542708	19451
chr17	63523257	63723257	harbor1	chr17	63546948	63547101	SINE/MIR	593	-	76	63547024	23767
chr17	29489646	29689646	harbor1	chr17	29521367	29521587	SINE/MIR	751	-	110	29521477	31831
chr17	29489646	29689646	harbor1	chr17	29521881	29521908	SINE/MIR	751	-	14	29521895	32249
chr17	68098090	68298090	harbor1	chr17	68142620	68142757	SINE/MIR	704	-	68	68142688	44598
chr17	68098090	68298090	harbor1	chr17	68148712	68148926	SINE/MIR	861	-	107	68148819	50729
chr17	36836264	37036264	harbor1	chr17	36880697	36880937	SINE/MIR	805	-	120	36880817	44553
chr17	36836264	37036264	harbor1	chr17	36900658	36900910	SINE/MIR	834	-	126	36900784	64520
chr17	7461808	7661808	harbor1	chr17	7475363	7475485	SINE/MIR	691	-	61	7475424	13616
chr17	7461808	7661808	harbor1	chr17	7475738	7475884	SINE/MIR	691	-	73	7475811	14003
chr17	7461808	7661808	harbor1	chr17	7553469	7553656	SINE/MIR	711	-	94	7553563	91755
chr17	44148012	44348012	harbor1	chr17	44187638	44187874	SINE/MIR	716	-	118	44187756	39744
chr17	33191705	33391705	harbor1	chr17	33227650	33227883	SINE/MIR	972	-	116	33227766	36061
chr17	33191705	33391705	harbor1	chr17	33246687	33246848	SINE/MIR	593	-	80	33246767	55062
chr17	33191705	33391705	harbor1	chr17	33251285	33251316	SINE/MIR	645	-	16	33251301	59596
chr17	33191705	33391705	harbor1	chr17	33251317	33251334	SINE/MIR	729	-	8	33251325	59620
chr17	33191705	33391705	harbor1	chr17	33251622	33251841	SINE/MIR	729	-	110	33251732	60027
chr17	33191705	33391705	harbor1	chr17	33251890	33252090	SINE/MIR	613	-	100	33251990	60285
chr17	33191705	33391705	harbor1	chr17	33258706	33258873	SINE/MIR	608	-	84	33258790	67085
chr17	33191705	33391705	harbor1	chr17	33261581	33261797	SINE/MIR	635	-	108	33261689	69984
chr17	33191705	33391705	harbor1	chr17	33264308	33264547	SINE/MIR	941	-	120	33264428	72723
chr17	33191705	33391705	harbor1	chr17	33270830	33271058	SINE/MIR	601	-	114	33270944	79239
chr17	33191705	33391705	harbor1	chr17	33288761	33288936	SINE/MIR	692	-	88	33288849	97144
chr17	7822240	8022240	harbor1	chr17	7824889	7825070	SINE/MIR	668	-	90	7824979	2739
chr17	7822240	8022240	harbor1	chr17	7869120	7869343	SINE/MIR	772	-	112	7869232	46992
chr17	18020696	18220696	harbor1	chr17	18024116	18024324	SINE/MIR	874	-	104	18024220	3524
chr17	18020696	18220696	harbor1	chr17	18027436	18027623	SINE/MIR	609	-	94	18027530	6834
chr17	7461890	7661890	harbor1	chr17	7475363	7475485	SINE/MIR	691	-	61	7475424	13534
chr17	7461890	7661890	harbor1	chr17	7475738	7475884	SINE/MIR	691	-	73	7475811	13921
chr17	7461890	7661890	harbor1	chr17	7553469	7553656	SINE/MIR	711	-	94	7553563	91673
chr17	3624112	3824112	harbor1	chr17	3644138	3644354	SINE/MIR	759	-	108	3644246	20134
chr17	3624112	3824112	harbor1	chr17	3669859	3669884	SINE/MIR	666	-	12	3669871	45759
chr17	3624112	3824112	harbor1	chr17	3670195	3670390	SINE/MIR	666	-	98	3670293	46181
chr17	987890	1187890	harbor1	chr17	1007612	1007812	SINE/MIR	824	-	100	1007712	19822
chr17	7461823	7661823	harbor1	chr17	7475363	7475485	SINE/MIR	691	-	61	7475424	13601
chr17	7461823	7661823	harbor1	chr17	7475738	7475884	SINE/MIR	691	-	73	7475811	13988
chr17	7461823	7661823	harbor1	chr17	7553469	7553656	SINE/MIR	711	-	94	7553563	91740
chr17	8056291	8256291	harbor1	chr17	8083414	8083448	SINE/MIR	611	-	17	8083431	27140
chr17	8056291	8256291	harbor1	chr17	8083759	8083876	SINE/MIR	611	-	58	8083817	27526
chr17	8056291	8256291	harbor1	chr17	8084165	8084270	SINE/MIR	611	-	52	8084217	27926
chr17	7461829	7661829	harbor1	chr17	7475363	7475485	SINE/MIR	691	-	61	7475424	13595
chr17	7461829	7661829	harbor1	chr17	7475738	7475884	SINE/MIR	691	-	73	7475811	13982
chr17	7461829	7661829	harbor1	chr17	7553469	7553656	SINE/MIR	711	-	94	7553563	91734
chr17	44252837	44452837	harbor1	chr17	44254773	44254976	SINE/MIR	626	-	102	44254875	2038
chr17	27477770	27677770	harbor1	chr17	27550962	27551225	SINE/MIR	639	-	132	27551094	73324
chr17	7461836	7661836	harbor1	chr17	7475363	7475485	SINE/MIR	691	-	61	7475424	13588
chr17	7461836	7661836	harbor1	chr17	7475738	7475884	SINE/MIR	691	-	73	7475811	13975
chr17	7461836	7661836	harbor1	chr17	7553469	7553656	SINE/MIR	711	-	94	7553563	91727
chr17	78251834	78451834	harbor1	chr17	78255097	78255360	SINE/MIR	662	-	132	78255229	3395
chr17	7461872	7661872	harbor1	chr17	7475363	7475485	SINE/MIR	691	-	61	7475424	13552
chr17	7461872	7661872	harbor1	chr17	7475738	7475884	SINE/MIR	691	-	73	7475811	13939
chr17	7461872	7661872	harbor1	chr17	7553469	7553656	SINE/MIR	711	-	94	7553563	91691
chr17	49396359	49596359	harbor1	chr17	49460347	49460506	SINE/MIR	701	-	80	49460427	64068
chr17	49396359	49596359	harbor1	chr17	49467640	49467808	SINE/MIR	657	-	84	49467724	71365
chr17	7461869	7661869	harbor1	chr17	7475363	7475485	SINE/MIR	691	-	61	7475424	13555
chr17	7461869	7661869	harbor1	chr17	7475738	7475884	SINE/MIR	691	-	73	7475811	13942
chr17	7461869	7661869	harbor1	chr17	7553469	7553656	SINE/MIR	711	-	94	7553563	91694
chr17	7255876	7455876	harbor1	chr17	7336230	7336391	SINE/MIR	640	-	80	7336310	80434
chr17	7335900	7535900	harbor1	chr17	7336230	7336391	SINE/MIR	640	-	80	7336310	410
chr17	7335900	7535900	harbor1	chr17	7385453	7385575	SINE/MIR	760	-	61	7385514	49614
chr17	7335900	7535900	harbor1	chr17	7385865	7386018	SINE/MIR	760	-	76	7385941	50041
chr17	29489675	29689675	harbor1	chr17	29521367	29521587	SINE/MIR	751	-	110	29521477	31802
chr17	29489675	29689675	harbor1	chr17	29521881	29521908	SINE/MIR	751	-	14	29521895	32220
chr17	77288251	77488251	harbor1	chr17	77354154	77354301	SINE/MIR	656	-	74	77354228	65977
chr17	33191625	33391625	harbor1	chr17	33227650	33227883	SINE/MIR	972	-	116	33227766	36141
chr17	33191625	33391625	harbor1	chr17	33246687	33246848	SINE/MIR	593	-	80	33246767	55142
chr17	33191625	33391625	harbor1	chr17	33251285	33251316	SINE/MIR	645	-	16	33251301	59676
chr17	33191625	33391625	harbor1	chr17	33251317	33251334	SINE/MIR	729	-	8	33251325	59700
chr17	33191625	33391625	harbor1	chr17	33251622	33251841	SINE/MIR	729	-	110	33251732	60107
chr17	33191625	33391625	harbor1	chr17	33251890	33252090	SINE/MIR	613	-	100	33251990	60365
chr17	33191625	33391625	harbor1	chr17	33258706	33258873	SINE/MIR	608	-	84	33258790	67165
chr17	33191625	33391625	harbor1	chr17	33261581	33261797	SINE/MIR	635	-	108	33261689	70064
chr17	33191625	33391625	harbor1	chr17	33264308	33264547	SINE/MIR	941	-	120	33264428	72803
chr17	33191625	33391625	harbor1	chr17	33270830	33271058	SINE/MIR	601	-	114	33270944	79319
chr17	33191625	33391625	harbor1	chr17	33288761	33288936	SINE/MIR	692	-	88	33288849	97224
chr17	38628428	38828428	harbor1	chr17	38652126	38652298	SINE/MIR	663	-	86	38652212	23784
chr17	38628428	38828428	harbor1	chr17	38652593	38652663	SINE/MIR	663	-	35	38652628	24200
chr17	38628428	38828428	harbor1	chr17	38714104	38714281	SINE/MIR	730	-	88	38714192	85764
chr17	49765460	49965460	harbor1	chr17	49766319	49766540	SINE/MIR	875	-	110	49766429	969
chr17	49765460	49965460	harbor1	chr17	49776137	49776323	SINE/MIR	701	-	93	49776230	10770
chr17	49765460	49965460	harbor1	chr17	49785071	49785232	SINE/MIR	717	-	80	49785151	19691
chr17	49765460	49965460	harbor1	chr17	49785539	49785614	SINE/MIR	717	-	38	49785577	20117
chr17	49765460	49965460	harbor1	chr17	49796317	49796570	SINE/MIR	653	-	126	49796443	30983
chr17	49765460	49965460	harbor1	chr17	49844834	49845039	SINE/MIR	636	-	102	49844936	79476
chr17	7336816	7536816	harbor1	chr17	7385453	7385575	SINE/MIR	760	-	61	7385514	48698
chr17	7336816	7536816	harbor1	chr17	7385865	7386018	SINE/MIR	760	-	76	7385941	49125
chr17	33191684	33391684	harbor1	chr17	33227650	33227883	SINE/MIR	972	-	116	33227766	36082
chr17	33191684	33391684	harbor1	chr17	33246687	33246848	SINE/MIR	593	-	80	33246767	55083
chr17	33191684	33391684	harbor1	chr17	33251285	33251316	SINE/MIR	645	-	16	33251301	59617
chr17	33191684	33391684	harbor1	chr17	33251317	33251334	SINE/MIR	729	-	8	33251325	59641
chr17	33191684	33391684	harbor1	chr17	33251622	33251841	SINE/MIR	729	-	110	33251732	60048
chr17	33191684	33391684	harbor1	chr17	33251890	33252090	SINE/MIR	613	-	100	33251990	60306
chr17	33191684	33391684	harbor1	chr17	33258706	33258873	SINE/MIR	608	-	84	33258790	67106
chr17	33191684	33391684	harbor1	chr17	33261581	33261797	SINE/MIR	635	-	108	33261689	70005
chr17	33191684	33391684	harbor1	chr17	33264308	33264547	SINE/MIR	941	-	120	33264428	72744
chr17	33191684	33391684	harbor1	chr17	33270830	33271058	SINE/MIR	601	-	114	33270944	79260
chr17	33191684	33391684	harbor1	chr17	33288761	33288936	SINE/MIR	692	-	88	33288849	97165
chr17	78923444	79123444	harbor1	chr17	78991319	78991547	SINE/MIR	659	-	114	78991433	67989
chr17	28306337	28506337	harbor1	chr17	28380712	28380964	SINE/MIR	741	-	126	28380838	74501
chr17	7461891	7661891	harbor1	chr17	7475363	7475485	SINE/MIR	691	-	61	7475424	13533
chr17	7461891	7661891	harbor1	chr17	7475738	7475884	SINE/MIR	691	-	73	7475811	13920
chr17	7461891	7661891	harbor1	chr17	7553469	7553656	SINE/MIR	711	-	94	7553563	91672
chr17	29471479	29671479	harbor1	chr17	29521367	29521587	SINE/MIR	751	-	110	29521477	49998
chr17	29471479	29671479	harbor1	chr17	29521881	29521908	SINE/MIR	751	-	14	29521895	50416
chr17	9856240	10056240	harbor1	chr17	9876867	9877140	SINE/MIR	872	-	136	9877003	20763
chr17	9856240	10056240	harbor1	chr17	9955418	9955642	SINE/MIR	1200	-	112	9955530	99290
chr17	1662655	1862655	harbor1	chr17	1667991	1668194	SINE/MIR	690	-	102	1668093	5438
chr17	987887	1187887	harbor1	chr17	1007612	1007812	SINE/MIR	824	-	100	1007712	19825
chr17	39495693	39695693	harbor1	chr17	39571868	39572114	SINE/MIR	925	-	123	39571991	76298
chr17	39495693	39695693	harbor1	chr17	39578751	39578977	SINE/MIR	910	-	113	39578864	83171
chr17	39495693	39695693	harbor1	chr17	39580606	39580861	SINE/MIR	1037	-	128	39580734	85041
chr17	39495693	39695693	harbor1	chr17	39581593	39581783	SINE/MIR	762	-	95	39581688	85995
chr17	1662679	1862679	harbor1	chr17	1667991	1668194	SINE/MIR	690	-	102	1668093	5414
chr17	58057205	58257205	harbor1	chr17	58061321	58061557	SINE/MIR	795	-	118	58061439	4234
chr17	58057205	58257205	harbor1	chr17	58115046	58115201	SINE/MIR	711	-	78	58115124	57919
chr17	39654812	39854812	harbor1	chr17	39698086	39698260	SINE/MIR	697	-	87	39698173	43361
chr17	39654812	39854812	harbor1	chr17	39698559	39698614	SINE/MIR	697	-	28	39698587	43775
chr17	79282552	79482552	harbor1	chr17	79326820	79327060	SINE/MIR	690	-	120	79326940	44388
chr17	76140643	76340643	harbor1	chr17	76178644	76178811	SINE/MIR	607	-	84	76178728	38085
chr17	7461873	7661873	harbor1	chr17	7475363	7475485	SINE/MIR	691	-	61	7475424	13551
chr17	7461873	7661873	harbor1	chr17	7475738	7475884	SINE/MIR	691	-	73	7475811	13938
chr17	7461873	7661873	harbor1	chr17	7553469	7553656	SINE/MIR	711	-	94	7553563	91690
chr17	2830224	3030224	harbor1	chr17	2846636	2846833	SINE/MIR	643	-	98	2846734	16510
chr17	2838086	3038086	harbor1	chr17	2846636	2846833	SINE/MIR	643	-	98	2846734	8648
chr17	7461927	7661927	harbor1	chr17	7475363	7475485	SINE/MIR	691	-	61	7475424	13497
chr17	7461927	7661927	harbor1	chr17	7475738	7475884	SINE/MIR	691	-	73	7475811	13884
chr17	7461927	7661927	harbor1	chr17	7553469	7553656	SINE/MIR	711	-	94	7553563	91636
chr17	7459238	7659238	harbor1	chr17	7475363	7475485	SINE/MIR	691	-	61	7475424	16186
chr17	7459238	7659238	harbor1	chr17	7475738	7475884	SINE/MIR	691	-	73	7475811	16573
chr17	7459238	7659238	harbor1	chr17	7553469	7553656	SINE/MIR	711	-	94	7553563	94325
chr17	32776002	32976002	harbor1	chr17	32812295	32812535	SINE/MIR	723	-	120	32812415	36413
chr17	32776002	32976002	harbor1	chr17	32817682	32817844	SINE/MIR	833	-	81	32817763	41761
chr17	32776002	32976002	harbor1	chr17	32818146	32818245	SINE/MIR	833	-	50	32818196	42194
chr17	32776002	32976002	harbor1	chr17	32819723	32819918	SINE/MIR	707	-	98	32819821	43819
chr17	32776002	32976002	harbor1	chr17	32824473	32824705	SINE/MIR	599	-	116	32824589	48587
chr17	32776002	32976002	harbor1	chr17	32875363	32875557	SINE/MIR	597	-	97	32875460	99458
chr17	31388321	31588321	harbor1	chr17	31484773	31485019	SINE/MIR	747	-	123	31484896	96575
chr17	28628787	28828787	harbor1	chr17	28709036	28709164	SINE/MIR	592	-	64	28709100	80313
chr17	7461831	7661831	harbor1	chr17	7475363	7475485	SINE/MIR	691	-	61	7475424	13593
chr17	7461831	7661831	harbor1	chr17	7475738	7475884	SINE/MIR	691	-	73	7475811	13980
chr17	7461831	7661831	harbor1	chr17	7553469	7553656	SINE/MIR	711	-	94	7553563	91732
chr17	29522824	29722824	harbor1	chr17	29609702	29609895	SINE/MIR	785	-	96	29609798	86974
chr17	38619970	38819970	harbor1	chr17	38652126	38652298	SINE/MIR	663	-	86	38652212	32242
chr17	38619970	38819970	harbor1	chr17	38652593	38652663	SINE/MIR	663	-	35	38652628	32658
chr17	38619970	38819970	harbor1	chr17	38714104	38714281	SINE/MIR	730	-	88	38714192	94222
chr17	2829884	3029884	harbor1	chr17	2846636	2846833	SINE/MIR	643	-	98	2846734	16850
chr17	39654784	39854784	harbor1	chr17	39698086	39698260	SINE/MIR	697	-	87	39698173	43389
chr17	39654784	39854784	harbor1	chr17	39698559	39698614	SINE/MIR	697	-	28	39698587	43803
chr17	7339761	7539761	harbor1	chr17	7385453	7385575	SINE/MIR	760	-	61	7385514	45753
chr17	7339761	7539761	harbor1	chr17	7385865	7386018	SINE/MIR	760	-	76	7385941	46180
chr17	7461858	7661858	harbor1	chr17	7475363	7475485	SINE/MIR	691	-	61	7475424	13566
chr17	7461858	7661858	harbor1	chr17	7475738	7475884	SINE/MIR	691	-	73	7475811	13953
chr17	7461858	7661858	harbor1	chr17	7553469	7553656	SINE/MIR	711	-	94	7553563	91705
chr17	79282553	79482553	harbor1	chr17	79326820	79327060	SINE/MIR	690	-	120	79326940	44387
chr17	76140876	76340876	harbor1	chr17	76178644	76178811	SINE/MIR	607	-	84	76178728	37852
chr17	78900634	79100634	harbor1	chr17	78991319	78991547	SINE/MIR	659	-	114	78991433	90799
chr17	47912428	48112428	harbor1	chr17	47951554	47951734	SINE/MIR	592	-	90	47951644	39216
chr17	47912428	48112428	harbor1	chr17	48004315	48004531	SINE/MIR	834	-	108	48004423	91995
chr17	47912428	48112428	harbor1	chr17	48010282	48010536	SINE/MIR	920	-	127	48010409	97981
chr17	7461859	7661859	harbor1	chr17	7475363	7475485	SINE/MIR	691	-	61	7475424	13565
chr17	7461859	7661859	harbor1	chr17	7475738	7475884	SINE/MIR	691	-	73	7475811	13952
chr17	7461859	7661859	harbor1	chr17	7553469	7553656	SINE/MIR	711	-	94	7553563	91704
chr17	48647753	48847753	harbor1	chr17	48672533	48672698	SINE/MIR	588	-	82	48672615	24862
chr17	7458773	7658773	harbor1	chr17	7475363	7475485	SINE/MIR	691	-	61	7475424	16651
chr17	7458773	7658773	harbor1	chr17	7475738	7475884	SINE/MIR	691	-	73	7475811	17038
chr17	7458773	7658773	harbor1	chr17	7553469	7553656	SINE/MIR	711	-	94	7553563	94790
chr17	79282788	79482788	harbor1	chr17	79326820	79327060	SINE/MIR	690	-	120	79326940	44152
chr17	7461864	7661864	harbor1	chr17	7475363	7475485	SINE/MIR	691	-	61	7475424	13560
chr17	7461864	7661864	harbor1	chr17	7475738	7475884	SINE/MIR	691	-	73	7475811	13947
chr17	7461864	7661864	harbor1	chr17	7553469	7553656	SINE/MIR	711	-	94	7553563	91699
chr17	61236540	61436540	harbor1	chr17	61259915	61260144	SINE/MIR	611	-	114	61260029	23489
chr17	987852	1187852	harbor1	chr17	1007612	1007812	SINE/MIR	824	-	100	1007712	19860
chr17	44658737	44858737	harbor1	chr17	44685705	44685918	SINE/MIR	793	-	106	44685811	27074
chr17	44658737	44858737	harbor1	chr17	44686213	44686231	SINE/MIR	793	-	9	44686222	27485
chr17	78988152	79188152	harbor1	chr17	78991319	78991547	SINE/MIR	659	-	114	78991433	3281
chr17	57767551	57967551	harbor1	chr17	57825924	57826135	SINE/MIR	974	-	106	57826030	58479
chr17	57767551	57967551	harbor1	chr17	57832955	57833159	SINE/MIR	745	-	102	57833057	65506
chr17	27460460	27660460	harbor1	chr17	27466966	27467184	SINE/MIR	873	-	109	27467075	6615
chr17	27460460	27660460	harbor1	chr17	27550962	27551225	SINE/MIR	639	-	132	27551094	90634
chr17	7461848	7661848	harbor1	chr17	7475363	7475485	SINE/MIR	691	-	61	7475424	13576
chr17	7461848	7661848	harbor1	chr17	7475738	7475884	SINE/MIR	691	-	73	7475811	13963
chr17	7461848	7661848	harbor1	chr17	7553469	7553656	SINE/MIR	711	-	94	7553563	91715
chr17	48647749	48847749	harbor1	chr17	48672533	48672698	SINE/MIR	588	-	82	48672615	24866
chr17	35648041	35848041	harbor1	chr17	35729688	35729916	SINE/MIR	646	-	114	35729802	81761
chr17	8283703	8483703	harbor1	chr17	8317768	8317784	SINE/MIR	739	-	8	8317776	34073
chr17	8283703	8483703	harbor1	chr17	8318084	8318266	SINE/MIR	739	-	91	8318175	34472
chr17	8283703	8483703	harbor1	chr17	8341940	8342064	SINE/MIR	754	-	62	8342002	58299
chr17	8283703	8483703	harbor1	chr17	8342143	8342191	SINE/MIR	754	-	24	8342167	58464
chr17	8922459	9122459	harbor1	chr17	8923333	8923470	SINE/MIR	609	-	68	8923401	942
chr17	47154294	47354294	harbor1	chr17	47213941	47214197	SINE/MIR	1112	-	128	47214069	59775
chr17	47154294	47354294	harbor1	chr17	47235531	47235789	SINE/MIR	711	-	129	47235660	81366
chr17	39087119	39287119	harbor1	chr17	39144864	39145101	SINE/MIR	930	-	118	39144982	57863
chr17	39087119	39287119	harbor1	chr17	39161857	39162089	SINE/MIR	776	-	116	39161973	74854
chr17	39087119	39287119	harbor1	chr17	39181394	39181582	SINE/MIR	627	-	94	39181488	94369
chr17	8283709	8483709	harbor1	chr17	8317768	8317784	SINE/MIR	739	-	8	8317776	34067
chr17	8283709	8483709	harbor1	chr17	8318084	8318266	SINE/MIR	739	-	91	8318175	34466
chr17	8283709	8483709	harbor1	chr17	8341940	8342064	SINE/MIR	754	-	62	8342002	58293
chr17	8283709	8483709	harbor1	chr17	8342143	8342191	SINE/MIR	754	-	24	8342167	58458
chr17	27194779	27394779	harbor1	chr17	27235859	27236080	SINE/MIR	625	-	110	27235969	41190
chr18	26126451	26326451	harbor1	chr18	26131281	26131463	SINE/MIR	632	-	91	26131372	4921
chr18	78969159	79169159	harbor1	chr18	79033022	79033264	SINE/MIR	820	-	121	79033143	63984
chr18	78969159	79169159	harbor1	chr18	79040240	79040485	SINE/MIR	722	-	122	79040362	71203
chr18	25990886	26190886	harbor1	chr18	26002487	26002686	SINE/MIR	674	-	100	26002587	11701
chr18	25990886	26190886	harbor1	chr18	26078345	26078512	SINE/MIR	563	-	84	26078429	87543
chr18	26126452	26326452	harbor1	chr18	26131281	26131463	SINE/MIR	632	-	91	26131372	4920
chr18	26126169	26326169	harbor1	chr18	26131281	26131463	SINE/MIR	632	-	91	26131372	5203
chr18	26126503	26326503	harbor1	chr18	26131281	26131463	SINE/MIR	632	-	91	26131372	4869
chr18	26126493	26326493	harbor1	chr18	26131281	26131463	SINE/MIR	632	-	91	26131372	4879
chr18	26126535	26326535	harbor1	chr18	26131281	26131463	SINE/MIR	632	-	91	26131372	4837
chr18	37465339	37665339	harbor1	chr18	37472487	37472697	SINE/MIR	533	-	105	37472592	7253
chr18	37465339	37665339	harbor1	chr18	37497776	37498008	SINE/MIR	651	-	116	37497892	32553
chr18	37465339	37665339	harbor1	chr18	37530155	37530334	SINE/MIR	500	-	90	37530245	64906
chr18	37465339	37665339	harbor1	chr18	37539149	37539392	SINE/MIR	950	-	122	37539271	73932
chr18	12847445	13047445	harbor1	chr18	12859337	12859573	SINE/MIR	583	-	118	12859455	12010
chr18	12847445	13047445	harbor1	chr18	12916924	12917105	SINE/MIR	563	-	90	12917014	69569
chr18	57346563	57546563	harbor1	chr18	57349672	57349848	SINE/MIR	627	-	88	57349760	3197
chr18	57346563	57546563	harbor1	chr18	57350669	57350740	SINE/MIR	627	-	36	57350705	4142
chr18	57346563	57546563	harbor1	chr18	57398982	57399219	SINE/MIR	717	-	118	57399100	52537
chr18	37465426	37665426	harbor1	chr18	37472487	37472697	SINE/MIR	533	-	105	37472592	7166
chr18	37465426	37665426	harbor1	chr18	37497776	37498008	SINE/MIR	651	-	116	37497892	32466
chr18	37465426	37665426	harbor1	chr18	37530155	37530334	SINE/MIR	500	-	90	37530245	64819
chr18	37465426	37665426	harbor1	chr18	37539149	37539392	SINE/MIR	950	-	122	37539271	73845
chr18	12207922	12407922	harbor1	chr18	12251490	12251666	SINE/MIR	559	-	88	12251578	43656
chr18	8509901	8709901	harbor1	chr18	8510548	8510776	SINE/MIR	585	-	114	8510662	761
chr18	74356659	74556659	harbor1	chr18	74429593	74429808	SINE/MIR	578	-	108	74429701	73042
chr18	65651276	65851276	harbor1	chr18	65652494	65652652	SINE/MIR	516	-	79	65652573	1297
chr18	65651276	65851276	harbor1	chr18	65734104	65734320	SINE/MIR	710	-	108	65734212	82936
chr18	26126455	26326455	harbor1	chr18	26131281	26131463	SINE/MIR	632	-	91	26131372	4917
chr18	26126495	26326495	harbor1	chr18	26131281	26131463	SINE/MIR	632	-	91	26131372	4877
chr18	12159290	12359290	harbor1	chr18	12251490	12251666	SINE/MIR	559	-	88	12251578	92288
chr18	65651379	65851379	harbor1	chr18	65652494	65652652	SINE/MIR	516	-	79	65652573	1194
chr18	65651379	65851379	harbor1	chr18	65734104	65734320	SINE/MIR	710	-	108	65734212	82833
chr18	21921090	22121090	harbor1	chr18	21931695	21931922	SINE/MIR	760	-	114	21931809	10719
chr18	21921090	22121090	harbor1	chr18	21936566	21936761	SINE/MIR	612	-	98	21936664	15574
chr18	21921090	22121090	harbor1	chr18	21959877	21960108	SINE/MIR	489	-	116	21959993	38903
chr18	21921090	22121090	harbor1	chr18	21999651	21999867	SINE/MIR	615	-	108	21999759	78669
chr18	26126454	26326454	harbor1	chr18	26131281	26131463	SINE/MIR	632	-	91	26131372	4918
chr18	26126376	26326376	harbor1	chr18	26131281	26131463	SINE/MIR	632	-	91	26131372	4996
chr18	59165767	59365767	harbor1	chr18	59202033	59202241	SINE/MIR	568	-	104	59202137	36370
chr18	59165767	59365767	harbor1	chr18	59209782	59209986	SINE/MIR	610	-	102	59209884	44117
chr18	59165767	59365767	harbor1	chr18	59225106	59225301	SINE/MIR	525	-	98	59225204	59437
chr18	12159156	12359156	harbor1	chr18	12251490	12251666	SINE/MIR	559	-	88	12251578	92422
chr19	43523586	43723586	harbor1	chr19	43582571	43582827	SINE/MIR	788	-	128	43582699	59113
chr19	9986281	10186281	harbor1	chr19	10014414	10014528	SINE/MIR	803	-	57	10014471	28190
chr19	9986281	10186281	harbor1	chr19	10014837	10014976	SINE/MIR	803	-	70	10014907	28626
chr19	9986281	10186281	harbor1	chr19	10049722	10049895	SINE/MIR	803	-	86	10049808	63527
chr19	9986281	10186281	harbor1	chr19	10052030	10052218	SINE/MIR	925	-	94	10052124	65843
chr19	9986281	10186281	harbor1	chr19	10068698	10068931	SINE/MIR	994	-	116	10068814	82533
chr19	46920081	47120081	harbor1	chr19	47017140	47017323	SINE/MIR	671	-	92	47017232	97151
chr19	3444890	3644890	harbor1	chr19	3499808	3499954	SINE/MIR	732	-	73	3499881	54991
chr19	45368712	45568712	harbor1	chr19	45392517	45392724	SINE/MIR	651	-	104	45392621	23909
chr19	4570336	4770336	harbor1	chr19	4600983	4601145	SINE/MIR	751	-	81	4601064	30728
chr19	4570336	4770336	harbor1	chr19	4601459	4601491	SINE/MIR	751	-	16	4601475	31139
chr19	18335200	18535200	harbor1	chr19	18354848	18354961	SINE/MIR	711	-	56	18354904	19704
chr19	18335200	18535200	harbor1	chr19	18355561	18355678	SINE/MIR	711	-	58	18355619	20419
chr19	18335200	18535200	harbor1	chr19	18395614	18395709	SINE/MIR	686	-	48	18395662	60462
chr19	18335200	18535200	harbor1	chr19	18396021	18396159	SINE/MIR	686	-	69	18396090	60890
chr19	3434558	3634558	harbor1	chr19	3499808	3499954	SINE/MIR	732	-	73	3499881	65323
chr19	49288352	49488352	harbor1	chr19	49351424	49351653	SINE/MIR	666	-	114	49351538	63186
chr19	12938923	13138923	harbor1	chr19	12968009	12968213	SINE/MIR	777	-	102	12968111	29188
chr19	12938351	13138351	harbor1	chr19	12968009	12968213	SINE/MIR	777	-	102	12968111	29760
chr19	3456907	3656907	harbor1	chr19	3499808	3499954	SINE/MIR	732	-	73	3499881	42974
chr19	55244734	55444734	harbor1	chr19	55278433	55278631	SINE/MIR	787	-	99	55278532	33798
chr19	55244734	55444734	harbor1	chr19	55278942	55278971	SINE/MIR	787	-	14	55278956	34222
chr19	12915662	13115662	harbor1	chr19	12968009	12968213	SINE/MIR	777	-	102	12968111	52449
chr19	8046178	8246178	harbor1	chr19	8140553	8140783	SINE/MIR	722	-	115	8140668	94490
chr19	12938721	13138721	harbor1	chr19	12968009	12968213	SINE/MIR	777	-	102	12968111	29390
chr19	12938377	13138377	harbor1	chr19	12968009	12968213	SINE/MIR	777	-	102	12968111	29734
chr19	57091928	57291928	harbor1	chr19	57102270	57102476	SINE/MIR	699	-	103	57102373	10445
chr19	35443648	35643648	harbor1	chr19	35492733	35492973	SINE/MIR	760	-	120	35492853	49205
chr19	12934465	13134465	harbor1	chr19	12968009	12968213	SINE/MIR	777	-	102	12968111	33646
chr19	19161220	19361220	harbor1	chr19	19231100	19231317	SINE/MIR	653	-	108	19231208	69988
chr19	48094850	48294850	harbor1	chr19	48141102	48141149	SINE/MIR	841	-	24	48141126	46276
chr19	48094850	48294850	harbor1	chr19	48141432	48141632	SINE/MIR	841	-	100	48141532	46682
chr19	48094850	48294850	harbor1	chr19	48156378	48156584	SINE/MIR	654	-	103	48156481	61631
chr19	48094850	48294850	harbor1	chr19	48176280	48176531	SINE/MIR	747	-	126	48176406	81556
chr19	48094850	48294850	harbor1	chr19	48182147	48182323	SINE/MIR	758	-	88	48182235	87385
chr19	48094850	48294850	harbor1	chr19	48184620	48184900	SINE/MIR	1219	-	140	48184760	89910
chr19	41858678	42058678	harbor1	chr19	41931964	41932215	SINE/MIR	854	-	126	41932090	73412
chr19	12898772	13098772	harbor1	chr19	12968009	12968213	SINE/MIR	777	-	102	12968111	69339
chr19	3400978	3600978	harbor1	chr19	3499808	3499954	SINE/MIR	732	-	73	3499881	98903
chr19	9986298	10186298	harbor1	chr19	10014414	10014528	SINE/MIR	803	-	57	10014471	28173
chr19	9986298	10186298	harbor1	chr19	10014837	10014976	SINE/MIR	803	-	70	10014907	28609
chr19	9986298	10186298	harbor1	chr19	10049722	10049895	SINE/MIR	803	-	86	10049808	63510
chr19	9986298	10186298	harbor1	chr19	10052030	10052218	SINE/MIR	925	-	94	10052124	65826
chr19	9986298	10186298	harbor1	chr19	10068698	10068931	SINE/MIR	994	-	116	10068814	82516
chr19	44518410	44718410	harbor1	chr19	44548266	44548445	SINE/MIR	1126	-	90	44548356	29946
chr19	44518410	44718410	harbor1	chr19	44548752	44548814	SINE/MIR	1126	-	31	44548783	30373
chr19	44518410	44718410	harbor1	chr19	44573023	44573230	SINE/MIR	679	-	104	44573127	54717
chr19	44518410	44718410	harbor1	chr19	44573263	44573462	SINE/MIR	657	-	100	44573363	54953
chr19	44518410	44718410	harbor1	chr19	44578658	44578860	SINE/MIR	870	-	101	44578759	60349
chr19	44518410	44718410	harbor1	chr19	44584670	44584756	SINE/MIR	679	-	43	44584713	66303
chr19	44518410	44718410	harbor1	chr19	44585057	44585227	SINE/MIR	679	-	85	44585142	66732
chr19	44518410	44718410	harbor1	chr19	44614739	44614957	SINE/MIR	705	-	109	44614848	96438
chr19	49288353	49488353	harbor1	chr19	49351424	49351653	SINE/MIR	666	-	114	49351538	63185
chr19	10043853	10243853	harbor1	chr19	10049722	10049895	SINE/MIR	803	-	86	10049808	5955
chr19	10043853	10243853	harbor1	chr19	10052030	10052218	SINE/MIR	925	-	94	10052124	8271
chr19	10043853	10243853	harbor1	chr19	10068698	10068931	SINE/MIR	994	-	116	10068814	24961
chr19	10043853	10243853	harbor1	chr19	10102988	10103218	SINE/MIR	685	-	115	10103103	59250
chr19	55575001	55775001	harbor1	chr19	55612677	55612910	SINE/MIR	790	-	116	55612793	37792
chr19	55575001	55775001	harbor1	chr19	55656590	55656767	SINE/MIR	658	-	88	55656678	81677
chr19	35529181	35729181	harbor1	chr19	35552463	35552615	SINE/MIR	645	-	76	35552539	23358
chr19	35529181	35729181	harbor1	chr19	35557183	35557368	SINE/MIR	698	-	92	35557275	28094
chr19	35529181	35729181	harbor1	chr19	35582748	35582974	SINE/MIR	745	-	113	35582861	53680
chr19	35529181	35729181	harbor1	chr19	35620397	35620628	SINE/MIR	713	-	116	35620513	91332
chr19	17369325	17569325	harbor1	chr19	17437053	17437229	SINE/MIR	730	-	88	17437141	67816
chr19	4570478	4770478	harbor1	chr19	4600983	4601145	SINE/MIR	751	-	81	4601064	30586
chr19	4570478	4770478	harbor1	chr19	4601459	4601491	SINE/MIR	751	-	16	4601475	30997
chr19	9986300	10186300	harbor1	chr19	10014414	10014528	SINE/MIR	803	-	57	10014471	28171
chr19	9986300	10186300	harbor1	chr19	10014837	10014976	SINE/MIR	803	-	70	10014907	28607
chr19	9986300	10186300	harbor1	chr19	10049722	10049895	SINE/MIR	803	-	86	10049808	63508
chr19	9986300	10186300	harbor1	chr19	10052030	10052218	SINE/MIR	925	-	94	10052124	65824
chr19	9986300	10186300	harbor1	chr19	10068698	10068931	SINE/MIR	994	-	116	10068814	82514
chr19	18323630	18523630	harbor1	chr19	18354848	18354961	SINE/MIR	711	-	56	18354904	31274
chr19	18323630	18523630	harbor1	chr19	18355561	18355678	SINE/MIR	711	-	58	18355619	31989
chr19	18323630	18523630	harbor1	chr19	18395614	18395709	SINE/MIR	686	-	48	18395662	72032
chr19	18323630	18523630	harbor1	chr19	18396021	18396159	SINE/MIR	686	-	69	18396090	72460
chr19	48119191	48319191	harbor1	chr19	48141102	48141149	SINE/MIR	841	-	24	48141126	21935
chr19	48119191	48319191	harbor1	chr19	48141432	48141632	SINE/MIR	841	-	100	48141532	22341
chr19	48119191	48319191	harbor1	chr19	48156378	48156584	SINE/MIR	654	-	103	48156481	37290
chr19	48119191	48319191	harbor1	chr19	48176280	48176531	SINE/MIR	747	-	126	48176406	57215
chr19	48119191	48319191	harbor1	chr19	48182147	48182323	SINE/MIR	758	-	88	48182235	63044
chr19	48119191	48319191	harbor1	chr19	48184620	48184900	SINE/MIR	1219	-	140	48184760	65569
chr19	48119191	48319191	harbor1	chr19	48205584	48205770	SINE/MIR	719	-	93	48205677	86486
chr19	32964890	33164890	harbor1	chr19	33000975	33001210	SINE/MIR	833	-	118	33001093	36203
chr19	3352627	3552627	harbor1	chr19	3397070	3397289	SINE/MIR	678	-	110	3397180	44553
chr19	6729031	6929031	harbor1	chr19	6762081	6762180	SINE/MIR	667	-	50	6762131	33100
chr19	6729031	6929031	harbor1	chr19	6762485	6762502	SINE/MIR	667	-	8	6762493	33462
chr19	6729031	6929031	harbor1	chr19	6762819	6762968	SINE/MIR	667	-	74	6762893	33862
chr19	6729031	6929031	harbor1	chr19	6768649	6768708	SINE/MIR	698	-	30	6768679	39648
chr19	6729031	6929031	harbor1	chr19	6768976	6769172	SINE/MIR	698	-	98	6769074	40043
chr19	39302722	39502722	harbor1	chr19	39323246	39323438	SINE/MIR	881	-	96	39323342	20620
chr19	39302722	39502722	harbor1	chr19	39333605	39333843	SINE/MIR	834	-	119	39333724	31002
chr19	39302722	39502722	harbor1	chr19	39334637	39334837	SINE/MIR	664	-	100	39334737	32015
chr19	39302722	39502722	harbor1	chr19	39335151	39335186	SINE/MIR	643	-	18	39335169	32447
chr19	39302722	39502722	harbor1	chr19	39363540	39363787	SINE/MIR	698	-	124	39363664	60942
chr19	39302740	39502740	harbor1	chr19	39323246	39323438	SINE/MIR	881	-	96	39323342	20602
chr19	39302740	39502740	harbor1	chr19	39333605	39333843	SINE/MIR	834	-	119	39333724	30984
chr19	39302740	39502740	harbor1	chr19	39334637	39334837	SINE/MIR	664	-	100	39334737	31997
chr19	39302740	39502740	harbor1	chr19	39335151	39335186	SINE/MIR	643	-	18	39335169	32429
chr19	39302740	39502740	harbor1	chr19	39363540	39363787	SINE/MIR	698	-	124	39363664	60924
chr19	47128433	47328433	harbor1	chr19	47146554	47146767	SINE/MIR	789	-	106	47146660	18227
chr19	47128433	47328433	harbor1	chr19	47205681	47205912	SINE/MIR	740	-	116	47205797	77364
chr19	13953723	14153723	harbor1	chr19	14039295	14039425	SINE/MIR	700	-	65	14039360	85637
chr19	56018198	56218198	harbor1	chr19	56062768	56062922	SINE/MIR	671	-	77	56062845	44647
chr19	56018198	56218198	harbor1	chr19	56063216	56063283	SINE/MIR	671	-	34	56063250	45052
chr19	12938745	13138745	harbor1	chr19	12968009	12968213	SINE/MIR	777	-	102	12968111	29366
chr19	9986313	10186313	harbor1	chr19	10014414	10014528	SINE/MIR	803	-	57	10014471	28158
chr19	9986313	10186313	harbor1	chr19	10014837	10014976	SINE/MIR	803	-	70	10014907	28594
chr19	9986313	10186313	harbor1	chr19	10049722	10049895	SINE/MIR	803	-	86	10049808	63495
chr19	9986313	10186313	harbor1	chr19	10052030	10052218	SINE/MIR	925	-	94	10052124	65811
chr19	9986313	10186313	harbor1	chr19	10068698	10068931	SINE/MIR	994	-	116	10068814	82501
chr19	48070297	48270297	harbor1	chr19	48084666	48084903	SINE/MIR	777	-	118	48084784	14487
chr19	48070297	48270297	harbor1	chr19	48089546	48089794	SINE/MIR	737	-	124	48089670	19373
chr19	48070297	48270297	harbor1	chr19	48089975	48090199	SINE/MIR	737	-	112	48090087	19790
chr19	48070297	48270297	harbor1	chr19	48141102	48141149	SINE/MIR	841	-	24	48141126	70829
chr19	48070297	48270297	harbor1	chr19	48141432	48141632	SINE/MIR	841	-	100	48141532	71235
chr19	48070297	48270297	harbor1	chr19	48156378	48156584	SINE/MIR	654	-	103	48156481	86184
chr19	12912105	13112105	harbor1	chr19	12968009	12968213	SINE/MIR	777	-	102	12968111	56006
chr19	57091913	57291913	harbor1	chr19	57102270	57102476	SINE/MIR	699	-	103	57102373	10460
chr19	1	171218	harbor1	chr19	64728	64980	SINE/MIR	752	-	126	64854	64853
chr19	12924582	13124582	harbor1	chr19	12968009	12968213	SINE/MIR	777	-	102	12968111	43529
chr19	40409980	40609980	harbor1	chr19	40413032	40413229	SINE/MIR	648	-	98	40413130	3150
chr19	40409980	40609980	harbor1	chr19	40490441	40490629	SINE/MIR	717	-	94	40490535	80555
chr19	43618908	43818908	harbor1	chr19	43683448	43683685	SINE/MIR	868	-	118	43683566	64658
chr19	43618908	43818908	harbor1	chr19	43717385	43717620	SINE/MIR	723	-	118	43717503	98595
chr19	49493098	49693098	harbor1	chr19	49532976	49533183	SINE/MIR	950	-	104	49533080	39982
chr19	45369302	45569302	harbor1	chr19	45392517	45392724	SINE/MIR	651	-	104	45392621	23319
chr19	56006815	56206815	harbor1	chr19	56062768	56062922	SINE/MIR	671	-	77	56062845	56030
chr19	56006815	56206815	harbor1	chr19	56063216	56063283	SINE/MIR	671	-	34	56063250	56435
chr19	13407605	13607605	harbor1	chr19	13440754	13440802	SINE/MIR	659	-	24	13440778	33173
chr19	13407605	13607605	harbor1	chr19	13441109	13441266	SINE/MIR	659	-	78	13441187	33582
chr19	13407605	13607605	harbor1	chr19	13462527	13462757	SINE/MIR	722	-	115	13462642	55037
chr19	13407605	13607605	harbor1	chr19	13491932	13492171	SINE/MIR	750	-	120	13492052	84447
chr19	13407605	13607605	harbor1	chr19	13496824	13497075	SINE/MIR	966	-	126	13496950	89345
chr20	20267099	20467099	harbor1	chr20	20333207	20333413	SINE/MIR	622	-	103	20333310	66211
chr20	62118483	62318483	harbor1	chr20	62145156	62145392	SINE/MIR	477	-	118	62145274	26791
chr20	31622218	31822218	harbor1	chr20	31644242	31644464	SINE/MIR	649	-	111	31644353	22135
chr20	31622218	31822218	harbor1	chr20	31654172	31654190	SINE/MIR	565	-	9	31654181	31963
chr20	31622218	31822218	harbor1	chr20	31654492	31654696	SINE/MIR	565	-	102	31654594	32376
chr20	31622218	31822218	harbor1	chr20	31666979	31667143	SINE/MIR	501	-	82	31667061	44843
chr20	31622218	31822218	harbor1	chr20	31674220	31674457	SINE/MIR	482	-	118	31674338	52120
chr20	31622218	31822218	harbor1	chr20	31676226	31676447	SINE/MIR	1002	-	110	31676336	54118
chr20	31622218	31822218	harbor1	chr20	31694621	31694797	SINE/MIR	598	-	88	31694709	72491
chr20	31622218	31822218	harbor1	chr20	31694920	31694972	SINE/MIR	598	-	26	31694946	72728
chr20	31622218	31822218	harbor1	chr20	31705308	31705495	SINE/MIR	735	-	94	31705402	83184
chr20	34691570	34891570	harbor1	chr20	34708394	34708545	SINE/MIR	571	-	76	34708470	16900
chr20	34691570	34891570	harbor1	chr20	34739235	34739453	SINE/MIR	665	-	109	34739344	47774
chr20	34691570	34891570	harbor1	chr20	34747875	34748046	SINE/MIR	465	-	86	34747961	56391
chr20	34903595	35103595	harbor1	chr20	34918186	34918327	SINE/MIR	477	-	70	34918256	14661
chr20	34903595	35103595	harbor1	chr20	34923001	34923231	SINE/MIR	968	-	115	34923116	19521
chr20	34903595	35103595	harbor1	chr20	34926461	34926689	SINE/MIR	813	-	114	34926575	22980
chr20	34903595	35103595	harbor1	chr20	34940018	34940162	SINE/MIR	609	-	72	34940090	36495
chr20	34903595	35103595	harbor1	chr20	34945658	34945832	SINE/MIR	566	-	87	34945745	42150
chr20	34903595	35103595	harbor1	chr20	34946345	34946554	SINE/MIR	675	-	104	34946449	42854
chr20	34903595	35103595	harbor1	chr20	34951394	34951529	SINE/MIR	592	-	68	34951462	47867
chr20	34903595	35103595	harbor1	chr20	34952019	34952218	SINE/MIR	463	-	100	34952119	48524
chr20	34903595	35103595	harbor1	chr20	34959811	34959991	SINE/MIR	495	-	90	34959901	56306
chr20	34903595	35103595	harbor1	chr20	34960804	34960960	SINE/MIR	500	-	78	34960882	57287
chr20	34903595	35103595	harbor1	chr20	34968066	34968226	SINE/MIR	655	-	80	34968146	64551
chr20	34903595	35103595	harbor1	chr20	34968298	34968488	SINE/MIR	564	-	95	34968393	64798
chr20	34903595	35103595	harbor1	chr20	34969885	34970124	SINE/MIR	640	-	120	34970005	66410
chr20	34725628	34925628	harbor1	chr20	34739235	34739453	SINE/MIR	665	-	109	34739344	13716
chr20	34725628	34925628	harbor1	chr20	34747875	34748046	SINE/MIR	465	-	86	34747961	22333
chr20	34725628	34925628	harbor1	chr20	34819729	34819898	SINE/MIR	687	-	84	34819813	94185
chr20	59094495	59294495	harbor1	chr20	59110033	59110291	SINE/MIR	615	-	129	59110162	15667
chr20	59094495	59294495	harbor1	chr20	59165393	59165583	SINE/MIR	543	-	95	59165488	70993
chr20	50091428	50291428	harbor1	chr20	50116235	50116412	SINE/MIR	572	-	88	50116323	24895
chr20	50091428	50291428	harbor1	chr20	50118258	50118492	SINE/MIR	1083	-	117	50118375	26947
chr20	50091428	50291428	harbor1	chr20	50141449	50141644	SINE/MIR	564	-	98	50141547	50119
chr20	1018874	1218874	harbor1	chr20	1032575	1032653	SINE/MIR	582	-	39	1032614	13740
chr20	1018874	1218874	harbor1	chr20	1037630	1037798	SINE/MIR	528	-	84	1037714	18840
chr20	1018874	1218874	harbor1	chr20	1038561	1038713	SINE/MIR	635	-	76	1038637	19763
chr20	1018874	1218874	harbor1	chr20	1042236	1042447	SINE/MIR	676	-	106	1042342	23468
chr20	1018874	1218874	harbor1	chr20	1104357	1104547	SINE/MIR	832	-	95	1104452	85578
chr20	1018874	1218874	harbor1	chr20	1107791	1108023	SINE/MIR	466	-	116	1107907	89033
chr20	1018874	1218874	harbor1	chr20	1032122	1032276	SINE/MIR	582	-	77	1032199	13325
chr20	34774774	34974774	harbor1	chr20	34819729	34819898	SINE/MIR	687	-	84	34819813	45039
chr20	34774774	34974774	harbor1	chr20	34850617	34850789	SINE/MIR	584	-	86	34850703	75929
chr20	34774774	34974774	harbor1	chr20	34851823	34851998	SINE/MIR	456	-	88	34851911	77137
chr20	34774774	34974774	harbor1	chr20	34853693	34853889	SINE/MIR	732	-	98	34853791	79017
chr20	34774774	34974774	harbor1	chr20	34855611	34855771	SINE/MIR	671	-	80	34855691	80917
chr20	34774774	34974774	harbor1	chr20	34856092	34856129	SINE/MIR	671	-	18	34856110	81336
chr20	34774774	34974774	harbor1	chr20	34867260	34867430	SINE/MIR	525	-	85	34867345	92571
chr20	34774774	34974774	harbor1	chr20	34867740	34867804	SINE/MIR	525	-	32	34867772	92998
chr20	1018826	1218826	harbor1	chr20	1032575	1032653	SINE/MIR	582	-	39	1032614	13788
chr20	1018826	1218826	harbor1	chr20	1037630	1037798	SINE/MIR	528	-	84	1037714	18888
chr20	1018826	1218826	harbor1	chr20	1038561	1038713	SINE/MIR	635	-	76	1038637	19811
chr20	1018826	1218826	harbor1	chr20	1042236	1042447	SINE/MIR	676	-	106	1042342	23516
chr20	1018826	1218826	harbor1	chr20	1104357	1104547	SINE/MIR	832	-	95	1104452	85626
chr20	1018826	1218826	harbor1	chr20	1107791	1108023	SINE/MIR	466	-	116	1107907	89081
chr20	1018826	1218826	harbor1	chr20	1032122	1032276	SINE/MIR	582	-	77	1032199	13373
chr20	9473828	9673828	harbor1	chr20	9525343	9525505	SINE/MIR	493	-	81	9525424	51596
chr20	9473828	9673828	harbor1	chr20	9547377	9547568	SINE/MIR	750	-	96	9547473	73645
chr20	9473828	9673828	harbor1	chr20	9571603	9571831	SINE/MIR	687	-	114	9571717	97889
chr20	34724799	34924799	harbor1	chr20	34739235	34739453	SINE/MIR	665	-	109	34739344	14545
chr20	34724799	34924799	harbor1	chr20	34747875	34748046	SINE/MIR	465	-	86	34747961	23162
chr20	34724799	34924799	harbor1	chr20	34819729	34819898	SINE/MIR	687	-	84	34819813	95014
chr20	50269776	50469776	harbor1	chr20	50291581	50291742	SINE/MIR	543	-	80	50291661	21885
chr20	50269776	50469776	harbor1	chr20	50291792	50291950	SINE/MIR	558	-	79	50291871	22095
chr20	50269776	50469776	harbor1	chr20	50297811	50297980	SINE/MIR	474	-	84	50297895	28119
chr20	50269776	50469776	harbor1	chr20	50321810	50322003	SINE/MIR	684	-	96	50321906	52130
chr20	50269776	50469776	harbor1	chr20	50322346	50322528	SINE/MIR	489	-	91	50322437	52661
chr20	50269776	50469776	harbor1	chr20	50323597	50323743	SINE/MIR	517	-	73	50323670	53894
chr20	50269776	50469776	harbor1	chr20	50328970	50329093	SINE/MIR	516	-	62	50329032	59256
chr20	50269776	50469776	harbor1	chr20	50333752	50333970	SINE/MIR	600	-	109	50333861	64085
chr20	50269776	50469776	harbor1	chr20	50338124	50338347	SINE/MIR	634	-	112	50338236	68460
chr20	50269776	50469776	harbor1	chr20	50343041	50343486	SINE/MIR	526	-	222	50343263	73487
chr20	50269776	50469776	harbor1	chr20	50355910	50356067	SINE/MIR	579	-	78	50355988	86212
chr20	34904865	35104865	harbor1	chr20	34918186	34918327	SINE/MIR	477	-	70	34918256	13391
chr20	34904865	35104865	harbor1	chr20	34923001	34923231	SINE/MIR	968	-	115	34923116	18251
chr20	34904865	35104865	harbor1	chr20	34926461	34926689	SINE/MIR	813	-	114	34926575	21710
chr20	34904865	35104865	harbor1	chr20	34940018	34940162	SINE/MIR	609	-	72	34940090	35225
chr20	34904865	35104865	harbor1	chr20	34945658	34945832	SINE/MIR	566	-	87	34945745	40880
chr20	34904865	35104865	harbor1	chr20	34946345	34946554	SINE/MIR	675	-	104	34946449	41584
chr20	34904865	35104865	harbor1	chr20	34951394	34951529	SINE/MIR	592	-	68	34951462	46597
chr20	34904865	35104865	harbor1	chr20	34952019	34952218	SINE/MIR	463	-	100	34952119	47254
chr20	34904865	35104865	harbor1	chr20	34959811	34959991	SINE/MIR	495	-	90	34959901	55036
chr20	34904865	35104865	harbor1	chr20	34960804	34960960	SINE/MIR	500	-	78	34960882	56017
chr20	34904865	35104865	harbor1	chr20	34968066	34968226	SINE/MIR	655	-	80	34968146	63281
chr20	34904865	35104865	harbor1	chr20	34968298	34968488	SINE/MIR	564	-	95	34968393	63528
chr20	34904865	35104865	harbor1	chr20	34969885	34970124	SINE/MIR	640	-	120	34970005	65140
chr20	34881332	35081332	harbor1	chr20	34883030	34883203	SINE/MIR	643	-	86	34883116	1784
chr20	34881332	35081332	harbor1	chr20	34883356	34883583	SINE/MIR	709	-	114	34883470	2138
chr20	34881332	35081332	harbor1	chr20	34883605	34883778	SINE/MIR	641	-	86	34883691	2359
chr20	34881332	35081332	harbor1	chr20	34887079	34887283	SINE/MIR	566	-	102	34887181	5849
chr20	34881332	35081332	harbor1	chr20	34918186	34918327	SINE/MIR	477	-	70	34918256	36924
chr20	34881332	35081332	harbor1	chr20	34923001	34923231	SINE/MIR	968	-	115	34923116	41784
chr20	34881332	35081332	harbor1	chr20	34926461	34926689	SINE/MIR	813	-	114	34926575	45243
chr20	34881332	35081332	harbor1	chr20	34940018	34940162	SINE/MIR	609	-	72	34940090	58758
chr20	34881332	35081332	harbor1	chr20	34945658	34945832	SINE/MIR	566	-	87	34945745	64413
chr20	34881332	35081332	harbor1	chr20	34946345	34946554	SINE/MIR	675	-	104	34946449	65117
chr20	34881332	35081332	harbor1	chr20	34951394	34951529	SINE/MIR	592	-	68	34951462	70130
chr20	34881332	35081332	harbor1	chr20	34952019	34952218	SINE/MIR	463	-	100	34952119	70787
chr20	34881332	35081332	harbor1	chr20	34959811	34959991	SINE/MIR	495	-	90	34959901	78569
chr20	34881332	35081332	harbor1	chr20	34960804	34960960	SINE/MIR	500	-	78	34960882	79550
chr20	34881332	35081332	harbor1	chr20	34968066	34968226	SINE/MIR	655	-	80	34968146	86814
chr20	34881332	35081332	harbor1	chr20	34968298	34968488	SINE/MIR	564	-	95	34968393	87061
chr20	34881332	35081332	harbor1	chr20	34969885	34970124	SINE/MIR	640	-	120	34970005	88673
chr20	3104416	3304416	harbor1	chr20	3153323	3153557	SINE/MIR	534	-	117	3153440	49024
chr20	40589446	40789446	harbor1	chr20	40596162	40596366	SINE/MIR	547	-	102	40596264	6818
chr20	40589446	40789446	harbor1	chr20	40600055	40600261	SINE/MIR	572	-	103	40600158	10712
chr20	40589446	40789446	harbor1	chr20	40605068	40605316	SINE/MIR	898	-	124	40605192	15746
chr20	40589446	40789446	harbor1	chr20	40606166	40606332	SINE/MIR	483	-	83	40606249	16803
chr20	40589446	40789446	harbor1	chr20	40637195	40637380	SINE/MIR	657	-	92	40637287	47841
chr20	40589446	40789446	harbor1	chr20	40645130	40645371	SINE/MIR	780	-	120	40645250	55804
chr20	40589446	40789446	harbor1	chr20	40645577	40645811	SINE/MIR	817	-	117	40645694	56248
chr20	40589446	40789446	harbor1	chr20	40651944	40651984	SINE/MIR	504	-	20	40651964	62518
chr20	40589446	40789446	harbor1	chr20	40652275	40652414	SINE/MIR	504	-	70	40652345	62899
chr20	40589446	40789446	harbor1	chr20	40655814	40655956	SINE/MIR	496	-	71	40655885	66439
chr20	40589446	40789446	harbor1	chr20	40661502	40661632	SINE/MIR	693	-	65	40661567	72121
chr20	40589446	40789446	harbor1	chr20	40662923	40663113	SINE/MIR	471	-	95	40663018	73572
chr20	40589446	40789446	harbor1	chr20	40671892	40672124	SINE/MIR	571	-	116	40672008	82562
chr20	40589446	40789446	harbor1	chr20	40672688	40672880	SINE/MIR	615	-	96	40672784	83338
chr20	40589446	40789446	harbor1	chr20	40672898	40673143	SINE/MIR	770	-	122	40673020	83574
chr20	34725642	34925642	harbor1	chr20	34739235	34739453	SINE/MIR	665	-	109	34739344	13702
chr20	34725642	34925642	harbor1	chr20	34747875	34748046	SINE/MIR	465	-	86	34747961	22319
chr20	34725642	34925642	harbor1	chr20	34819729	34819898	SINE/MIR	687	-	84	34819813	94171
chr20	34725595	34925595	harbor1	chr20	34739235	34739453	SINE/MIR	665	-	109	34739344	13749
chr20	34725595	34925595	harbor1	chr20	34747875	34748046	SINE/MIR	465	-	86	34747961	22366
chr20	34725595	34925595	harbor1	chr20	34819729	34819898	SINE/MIR	687	-	84	34819813	94218
chr20	34725630	34925630	harbor1	chr20	34739235	34739453	SINE/MIR	665	-	109	34739344	13714
chr20	34725630	34925630	harbor1	chr20	34747875	34748046	SINE/MIR	465	-	86	34747961	22331
chr20	34725630	34925630	harbor1	chr20	34819729	34819898	SINE/MIR	687	-	84	34819813	94183
chr20	34904910	35104910	harbor1	chr20	34918186	34918327	SINE/MIR	477	-	70	34918256	13346
chr20	34904910	35104910	harbor1	chr20	34923001	34923231	SINE/MIR	968	-	115	34923116	18206
chr20	34904910	35104910	harbor1	chr20	34926461	34926689	SINE/MIR	813	-	114	34926575	21665
chr20	34904910	35104910	harbor1	chr20	34940018	34940162	SINE/MIR	609	-	72	34940090	35180
chr20	34904910	35104910	harbor1	chr20	34945658	34945832	SINE/MIR	566	-	87	34945745	40835
chr20	34904910	35104910	harbor1	chr20	34946345	34946554	SINE/MIR	675	-	104	34946449	41539
chr20	34904910	35104910	harbor1	chr20	34951394	34951529	SINE/MIR	592	-	68	34951462	46552
chr20	34904910	35104910	harbor1	chr20	34952019	34952218	SINE/MIR	463	-	100	34952119	47209
chr20	34904910	35104910	harbor1	chr20	34959811	34959991	SINE/MIR	495	-	90	34959901	54991
chr20	34904910	35104910	harbor1	chr20	34960804	34960960	SINE/MIR	500	-	78	34960882	55972
chr20	34904910	35104910	harbor1	chr20	34968066	34968226	SINE/MIR	655	-	80	34968146	63236
chr20	34904910	35104910	harbor1	chr20	34968298	34968488	SINE/MIR	564	-	95	34968393	63483
chr20	34904910	35104910	harbor1	chr20	34969885	34970124	SINE/MIR	640	-	120	34970005	65095
chr20	1018844	1218844	harbor1	chr20	1032575	1032653	SINE/MIR	582	-	39	1032614	13770
chr20	1018844	1218844	harbor1	chr20	1037630	1037798	SINE/MIR	528	-	84	1037714	18870
chr20	1018844	1218844	harbor1	chr20	1038561	1038713	SINE/MIR	635	-	76	1038637	19793
chr20	1018844	1218844	harbor1	chr20	1042236	1042447	SINE/MIR	676	-	106	1042342	23498
chr20	1018844	1218844	harbor1	chr20	1104357	1104547	SINE/MIR	832	-	95	1104452	85608
chr20	1018844	1218844	harbor1	chr20	1107791	1108023	SINE/MIR	466	-	116	1107907	89063
chr20	1018844	1218844	harbor1	chr20	1032122	1032276	SINE/MIR	582	-	77	1032199	13355
chr20	9473814	9673814	harbor1	chr20	9525343	9525505	SINE/MIR	493	-	81	9525424	51610
chr20	9473814	9673814	harbor1	chr20	9547377	9547568	SINE/MIR	750	-	96	9547473	73659
chr20	9473814	9673814	harbor1	chr20	9571603	9571831	SINE/MIR	687	-	114	9571717	97903
chr20	34725651	34925651	harbor1	chr20	34739235	34739453	SINE/MIR	665	-	109	34739344	13693
chr20	34725651	34925651	harbor1	chr20	34747875	34748046	SINE/MIR	465	-	86	34747961	22310
chr20	34725651	34925651	harbor1	chr20	34819729	34819898	SINE/MIR	687	-	84	34819813	94162
chr20	21818076	22018076	harbor1	chr20	21822677	21822917	SINE/MIR	494	-	120	21822797	4721
chr20	21818076	22018076	harbor1	chr20	21835310	21835507	SINE/MIR	482	-	98	21835408	17332
chr20	63471550	63671550	harbor1	chr20	63570267	63570447	SINE/MIR	472	-	90	63570357	98807
chr20	11791069	11991069	harbor1	chr20	11841603	11841643	SINE/MIR	559	-	20	11841623	50554
chr20	11791069	11991069	harbor1	chr20	11842017	11842159	SINE/MIR	559	-	71	11842088	51019
chr20	63472070	63672070	harbor1	chr20	63570267	63570447	SINE/MIR	472	-	90	63570357	98287
chr20	34903951	35103951	harbor1	chr20	34918186	34918327	SINE/MIR	477	-	70	34918256	14305
chr20	34903951	35103951	harbor1	chr20	34923001	34923231	SINE/MIR	968	-	115	34923116	19165
chr20	34903951	35103951	harbor1	chr20	34926461	34926689	SINE/MIR	813	-	114	34926575	22624
chr20	34903951	35103951	harbor1	chr20	34940018	34940162	SINE/MIR	609	-	72	34940090	36139
chr20	34903951	35103951	harbor1	chr20	34945658	34945832	SINE/MIR	566	-	87	34945745	41794
chr20	34903951	35103951	harbor1	chr20	34946345	34946554	SINE/MIR	675	-	104	34946449	42498
chr20	34903951	35103951	harbor1	chr20	34951394	34951529	SINE/MIR	592	-	68	34951462	47511
chr20	34903951	35103951	harbor1	chr20	34952019	34952218	SINE/MIR	463	-	100	34952119	48168
chr20	34903951	35103951	harbor1	chr20	34959811	34959991	SINE/MIR	495	-	90	34959901	55950
chr20	34903951	35103951	harbor1	chr20	34960804	34960960	SINE/MIR	500	-	78	34960882	56931
chr20	34903951	35103951	harbor1	chr20	34968066	34968226	SINE/MIR	655	-	80	34968146	64195
chr20	34903951	35103951	harbor1	chr20	34968298	34968488	SINE/MIR	564	-	95	34968393	64442
chr20	34903951	35103951	harbor1	chr20	34969885	34970124	SINE/MIR	640	-	120	34970005	66054
chr20	21614820	21814820	harbor1	chr20	21666926	21667137	SINE/MIR	614	-	106	21667032	52212
chr20	21614820	21814820	harbor1	chr20	21677349	21677565	SINE/MIR	880	-	108	21677457	62637
chr20	21614820	21814820	harbor1	chr20	21684239	21684465	SINE/MIR	465	-	113	21684352	69532
chr20	21614820	21814820	harbor1	chr20	21692876	21693108	SINE/MIR	575	-	116	21692992	78172
chr20	34725603	34925603	harbor1	chr20	34739235	34739453	SINE/MIR	665	-	109	34739344	13741
chr20	34725603	34925603	harbor1	chr20	34747875	34748046	SINE/MIR	465	-	86	34747961	22358
chr20	34725603	34925603	harbor1	chr20	34819729	34819898	SINE/MIR	687	-	84	34819813	94210
chr20	50269786	50469786	harbor1	chr20	50291581	50291742	SINE/MIR	543	-	80	50291661	21875
chr20	50269786	50469786	harbor1	chr20	50291792	50291950	SINE/MIR	558	-	79	50291871	22085
chr20	50269786	50469786	harbor1	chr20	50297811	50297980	SINE/MIR	474	-	84	50297895	28109
chr20	50269786	50469786	harbor1	chr20	50321810	50322003	SINE/MIR	684	-	96	50321906	52120
chr20	50269786	50469786	harbor1	chr20	50322346	50322528	SINE/MIR	489	-	91	50322437	52651
chr20	50269786	50469786	harbor1	chr20	50323597	50323743	SINE/MIR	517	-	73	50323670	53884
chr20	50269786	50469786	harbor1	chr20	50328970	50329093	SINE/MIR	516	-	62	50329032	59246
chr20	50269786	50469786	harbor1	chr20	50333752	50333970	SINE/MIR	600	-	109	50333861	64075
chr20	50269786	50469786	harbor1	chr20	50338124	50338347	SINE/MIR	634	-	112	50338236	68450
chr20	50269786	50469786	harbor1	chr20	50343041	50343486	SINE/MIR	526	-	222	50343263	73477
chr20	50269786	50469786	harbor1	chr20	50355910	50356067	SINE/MIR	579	-	78	50355988	86202
chr21	29198992	29398992	harbor1	chr21	29220280	29220487	SINE/MIR	784	-	104	29220384	21392
chr21	29198992	29398992	harbor1	chr21	29227533	29227728	SINE/MIR	485	-	98	29227631	28639
chr21	29198992	29398992	harbor1	chr21	29252002	29252145	SINE/MIR	748	-	72	29252074	53082
chr21	29198992	29398992	harbor1	chr21	29254428	29254469	SINE/MIR	748	-	20	29254448	55456
chr21	29198992	29398992	harbor1	chr21	29257751	29257976	SINE/MIR	495	-	112	29257863	58871
chr21	29198992	29398992	harbor1	chr21	29264859	29265076	SINE/MIR	532	-	108	29264967	65975
chr21	29198992	29398992	harbor1	chr21	29287283	29287497	SINE/MIR	474	-	107	29287390	88398
chr21	44718448	44918448	harbor1	chr21	44808033	44808230	SINE/MIR	492	-	98	44808131	89683
chr21	44718448	44918448	harbor1	chr21	44808525	44808571	SINE/MIR	492	-	23	44808548	90100
chr21	41040224	41240224	harbor1	chr21	41123230	41123470	SINE/MIR	705	-	120	41123350	83126
chr21	29198971	29398971	harbor1	chr21	29220280	29220487	SINE/MIR	784	-	104	29220384	21413
chr21	29198971	29398971	harbor1	chr21	29227533	29227728	SINE/MIR	485	-	98	29227631	28660
chr21	29198971	29398971	harbor1	chr21	29252002	29252145	SINE/MIR	748	-	72	29252074	53103
chr21	29198971	29398971	harbor1	chr21	29254428	29254469	SINE/MIR	748	-	20	29254448	55477
chr21	29198971	29398971	harbor1	chr21	29257751	29257976	SINE/MIR	495	-	112	29257863	58892
chr21	29198971	29398971	harbor1	chr21	29264859	29265076	SINE/MIR	532	-	108	29264967	65996
chr21	29198971	29398971	harbor1	chr21	29287283	29287497	SINE/MIR	474	-	107	29287390	88419
chr21	29198960	29398960	harbor1	chr21	29220280	29220487	SINE/MIR	784	-	104	29220384	21424
chr21	29198960	29398960	harbor1	chr21	29227533	29227728	SINE/MIR	485	-	98	29227631	28671
chr21	29198960	29398960	harbor1	chr21	29252002	29252145	SINE/MIR	748	-	72	29252074	53114
chr21	29198960	29398960	harbor1	chr21	29254428	29254469	SINE/MIR	748	-	20	29254448	55488
chr21	29198960	29398960	harbor1	chr21	29257751	29257976	SINE/MIR	495	-	112	29257863	58903
chr21	29198960	29398960	harbor1	chr21	29264859	29265076	SINE/MIR	532	-	108	29264967	66007
chr21	29198960	29398960	harbor1	chr21	29287283	29287497	SINE/MIR	474	-	107	29287390	88430
chr21	29198958	29398958	harbor1	chr21	29220280	29220487	SINE/MIR	784	-	104	29220384	21426
chr21	29198958	29398958	harbor1	chr21	29227533	29227728	SINE/MIR	485	-	98	29227631	28673
chr21	29198958	29398958	harbor1	chr21	29252002	29252145	SINE/MIR	748	-	72	29252074	53116
chr21	29198958	29398958	harbor1	chr21	29254428	29254469	SINE/MIR	748	-	20	29254448	55490
chr21	29198958	29398958	harbor1	chr21	29257751	29257976	SINE/MIR	495	-	112	29257863	58905
chr21	29198958	29398958	harbor1	chr21	29264859	29265076	SINE/MIR	532	-	108	29264967	66009
chr21	29198958	29398958	harbor1	chr21	29287283	29287497	SINE/MIR	474	-	107	29287390	88432
chr21	41209974	41409974	harbor1	chr21	41233204	41233451	SINE/MIR	799	-	124	41233328	23354
chr21	41209974	41409974	harbor1	chr21	41268088	41268346	SINE/MIR	864	-	129	41268217	58243
chr21	41209974	41409974	harbor1	chr21	41308188	41308429	SINE/MIR	540	-	120	41308308	98334
chr21	42330687	42530687	harbor1	chr21	42422366	42422586	SINE/MIR	612	-	110	42422476	91789
chr21	39008427	39208427	harbor1	chr21	39027680	39027896	SINE/MIR	601	-	108	39027788	19361
chr21	39008427	39208427	harbor1	chr21	39060216	39060396	SINE/MIR	453	-	90	39060306	51879
chr21	39008427	39208427	harbor1	chr21	39089935	39089995	SINE/MIR	485	-	30	39089965	81538
chr21	39008427	39208427	harbor1	chr21	39090263	39090407	SINE/MIR	501	-	72	39090335	81908
chr21	37167966	37367966	harbor1	chr21	37209730	37209914	SINE/MIR	453	-	92	37209822	41856
chr21	39008529	39208529	harbor1	chr21	39027680	39027896	SINE/MIR	601	-	108	39027788	19259
chr21	39008529	39208529	harbor1	chr21	39060216	39060396	SINE/MIR	453	-	90	39060306	51777
chr21	39008529	39208529	harbor1	chr21	39089935	39089995	SINE/MIR	485	-	30	39089965	81436
chr21	39008529	39208529	harbor1	chr21	39090263	39090407	SINE/MIR	501	-	72	39090335	81806
chr21	41615341	41815341	harbor1	chr21	41696256	41696424	SINE/MIR	514	-	84	41696340	80999
chr21	41615341	41815341	harbor1	chr21	41704564	41704735	SINE/MIR	572	-	86	41704650	89309
chr21	29198951	29398951	harbor1	chr21	29220280	29220487	SINE/MIR	784	-	104	29220384	21433
chr21	29198951	29398951	harbor1	chr21	29227533	29227728	SINE/MIR	485	-	98	29227631	28680
chr21	29198951	29398951	harbor1	chr21	29252002	29252145	SINE/MIR	748	-	72	29252074	53123
chr21	29198951	29398951	harbor1	chr21	29254428	29254469	SINE/MIR	748	-	20	29254448	55497
chr21	29198951	29398951	harbor1	chr21	29257751	29257976	SINE/MIR	495	-	112	29257863	58912
chr21	29198951	29398951	harbor1	chr21	29264859	29265076	SINE/MIR	532	-	108	29264967	66016
chr21	29198951	29398951	harbor1	chr21	29287283	29287497	SINE/MIR	474	-	107	29287390	88439
chr21	39008418	39208418	harbor1	chr21	39027680	39027896	SINE/MIR	601	-	108	39027788	19370
chr21	39008418	39208418	harbor1	chr21	39060216	39060396	SINE/MIR	453	-	90	39060306	51888
chr21	39008418	39208418	harbor1	chr21	39089935	39089995	SINE/MIR	485	-	30	39089965	81547
chr21	39008418	39208418	harbor1	chr21	39090263	39090407	SINE/MIR	501	-	72	39090335	81917
chr22	39578289	39778289	harbor1	chr22	39579178	39579409	SINE/MIR	392	-	116	39579294	1005
chr22	39578289	39778289	harbor1	chr22	39609110	39609285	SINE/MIR	499	-	88	39609198	30909
chr22	39578289	39778289	harbor1	chr22	39611189	39611381	SINE/MIR	556	-	96	39611285	32996
chr22	39578289	39778289	harbor1	chr22	39620483	39620666	SINE/MIR	574	-	92	39620575	42286
chr22	39578289	39778289	harbor1	chr22	39621134	39621237	SINE/MIR	460	-	52	39621186	42897
chr22	39578289	39778289	harbor1	chr22	39621908	39622024	SINE/MIR	464	-	58	39621966	43677
chr22	39578289	39778289	harbor1	chr22	39626850	39627082	SINE/MIR	678	-	116	39626966	48677
chr22	39578289	39778289	harbor1	chr22	39641238	39641472	SINE/MIR	663	-	117	39641355	63066
chr22	39578289	39778289	harbor1	chr22	39654052	39654205	SINE/MIR	419	-	76	39654128	75839
chr22	39578289	39778289	harbor1	chr22	39667714	39667857	SINE/MIR	563	-	72	39667786	89497
chr22	39578289	39778289	harbor1	chr22	39667919	39668090	SINE/MIR	416	-	86	39668005	89716
chr22	39578289	39778289	harbor1	chr22	39671243	39671438	SINE/MIR	622	-	98	39671341	93052
chr22	44201157	44401157	harbor1	chr22	44204305	44204480	SINE/MIR	449	-	88	44204393	3236
chr22	44201157	44401157	harbor1	chr22	44262424	44262627	SINE/MIR	477	-	102	44262526	61369
chr22	44201157	44401157	harbor1	chr22	44268397	44268584	SINE/MIR	417	-	94	44268491	67334
chr22	44201157	44401157	harbor1	chr22	44284254	44284442	SINE/MIR	414	-	94	44284348	83191
chr22	44201157	44401157	harbor1	chr22	44288093	44288307	SINE/MIR	697	-	107	44288200	87043
chr22	44201157	44401157	harbor1	chr22	44289141	44289292	SINE/MIR	627	-	76	44289217	88060
chr22	44201157	44401157	harbor1	chr22	44297183	44297387	SINE/MIR	539	-	102	44297285	96128
chr22	24069970	24269970	harbor1	chr22	24087134	24087400	SINE/MIR	464	-	133	24087267	17297
chr22	24069970	24269970	harbor1	chr22	24108958	24109195	SINE/MIR	707	-	118	24109076	39106
chr22	24069970	24269970	harbor1	chr22	24114443	24114578	SINE/MIR	439	-	68	24114511	44541
chr22	24069970	24269970	harbor1	chr22	24146823	24147005	SINE/MIR	434	-	91	24146914	76944
chr22	24070005	24270005	harbor1	chr22	24087134	24087400	SINE/MIR	464	-	133	24087267	17262
chr22	24070005	24270005	harbor1	chr22	24108958	24109195	SINE/MIR	707	-	118	24109076	39071
chr22	24070005	24270005	harbor1	chr22	24114443	24114578	SINE/MIR	439	-	68	24114511	44506
chr22	24070005	24270005	harbor1	chr22	24146823	24147005	SINE/MIR	434	-	91	24146914	76909
chr22	45966963	46166963	harbor1	chr22	45984989	45985146	SINE/MIR	520	-	78	45985067	18104
chr22	45966963	46166963	harbor1	chr22	46023272	46023492	SINE/MIR	587	-	110	46023382	56419
chr22	45966963	46166963	harbor1	chr22	46052567	46052726	SINE/MIR	402	-	80	46052647	85684
chr22	42986422	43186422	harbor1	chr22	43063137	43063289	SINE/MIR	471	-	76	43063213	76791
chr22	42986422	43186422	harbor1	chr22	43067259	43067463	SINE/MIR	445	-	102	43067361	80939
chr22	24068261	24268261	harbor1	chr22	24087134	24087400	SINE/MIR	464	-	133	24087267	19006
chr22	24068261	24268261	harbor1	chr22	24108958	24109195	SINE/MIR	707	-	118	24109076	40815
chr22	24068261	24268261	harbor1	chr22	24114443	24114578	SINE/MIR	439	-	68	24114511	46250
chr22	24068261	24268261	harbor1	chr22	24146823	24147005	SINE/MIR	434	-	91	24146914	78653
chr22	23976652	24176652	harbor1	chr22	23977213	23977394	SINE/MIR	387	-	90	23977303	651
chr22	23976652	24176652	harbor1	chr22	23987529	23987607	SINE/MIR	390	-	39	23987568	10916
chr22	23976652	24176652	harbor1	chr22	24007497	24007660	SINE/MIR	388	-	82	24007579	30927
chr22	23976652	24176652	harbor1	chr22	24011633	24011858	SINE/MIR	589	-	112	24011745	35093
chr22	23976652	24176652	harbor1	chr22	24038685	24038882	SINE/MIR	434	-	98	24038783	62131
chr22	23976652	24176652	harbor1	chr22	24041739	24041923	SINE/MIR	406	-	92	24041831	65179
chr22	42989585	43189585	harbor1	chr22	43063137	43063289	SINE/MIR	471	-	76	43063213	73628
chr22	42989585	43189585	harbor1	chr22	43067259	43067463	SINE/MIR	445	-	102	43067361	77776
chr22	42756724	42956724	harbor1	chr22	42806579	42806773	SINE/MIR	567	-	97	42806676	49952
chr22	42756724	42956724	harbor1	chr22	42816199	42816422	SINE/MIR	941	-	112	42816311	59587
chr22	42756724	42956724	harbor1	chr22	42820494	42820646	SINE/MIR	403	-	76	42820570	63846
chr22	42756724	42956724	harbor1	chr22	42823195	42823315	SINE/MIR	493	-	60	42823255	66531
chr22	42756724	42956724	harbor1	chr22	42836711	42836935	SINE/MIR	831	-	112	42836823	80099
chr22	42756724	42956724	harbor1	chr22	42854985	42855210	SINE/MIR	684	-	112	42855097	98373
chr22	37416208	37616208	harbor1	chr22	37434344	37434547	SINE/MIR	487	-	102	37434446	18238
chr22	37416208	37616208	harbor1	chr22	37447832	37448045	SINE/MIR	462	-	106	37447938	31730
chr22	37416208	37616208	harbor1	chr22	37462405	37462566	SINE/MIR	433	-	80	37462485	46277
chr22	37416208	37616208	harbor1	chr22	37466174	37466357	SINE/MIR	400	-	92	37466266	50058
chr22	37416208	37616208	harbor1	chr22	37472154	37472336	SINE/MIR	570	-	91	37472245	56037
chr22	37416208	37616208	harbor1	chr22	37477754	37478020	SINE/MIR	805	-	133	37477887	61679
chr22	37416208	37616208	harbor1	chr22	37494614	37494852	SINE/MIR	594	-	119	37494733	78525
chr22	37416208	37616208	harbor1	chr22	37496119	37496252	SINE/MIR	447	-	66	37496185	79977
chr22	37416208	37616208	harbor1	chr22	37500827	37501038	SINE/MIR	515	-	106	37500933	84725
chr22	37416208	37616208	harbor1	chr22	37502275	37502496	SINE/MIR	481	-	110	37502385	86177
chr22	37416208	37616208	harbor1	chr22	37506475	37506679	SINE/MIR	451	-	102	37506577	90369
chr22	23794301	23994301	harbor1	chr22	23846108	23846262	SINE/MIR	440	-	77	23846185	51884
chr22	23794301	23994301	harbor1	chr22	23890166	23890407	SINE/MIR	637	-	120	23890286	95985
chr22	36407036	36607036	harbor1	chr22	36415457	36415564	SINE/MIR	454	-	54	36415511	8475
chr22	36407036	36607036	harbor1	chr22	36417254	36417481	SINE/MIR	506	-	114	36417368	10332
chr22	36407036	36607036	harbor1	chr22	36436130	36436295	SINE/MIR	543	-	82	36436212	29176
chr22	36407036	36607036	harbor1	chr22	36448802	36448952	SINE/MIR	398	-	75	36448877	41841
chr22	36407036	36607036	harbor1	chr22	36481120	36481308	SINE/MIR	445	-	94	36481214	74178
chr22	36407036	36607036	harbor1	chr22	36495414	36495649	SINE/MIR	642	-	118	36495532	88496
chr22	36407036	36607036	harbor1	chr22	36497687	36497831	SINE/MIR	437	-	72	36497759	90723
chr22	36407036	36607036	harbor1	chr22	36503619	36503796	SINE/MIR	526	-	88	36503707	96671
chr22	36407036	36607036	harbor1	chr22	36505169	36505386	SINE/MIR	509	-	108	36505277	98241
chr22	36186433	36386433	harbor1	chr22	36194928	36195090	SINE/MIR	513	-	81	36195009	8576
chr22	36186433	36386433	harbor1	chr22	36208164	36208381	SINE/MIR	403	-	108	36208272	21839
chr22	36186433	36386433	harbor1	chr22	36230963	36231116	SINE/MIR	473	-	76	36231039	44606
chr22	36186433	36386433	harbor1	chr22	36234729	36234955	SINE/MIR	620	-	113	36234842	48409
chr22	36186433	36386433	harbor1	chr22	36273360	36273579	SINE/MIR	449	-	110	36273470	87037
chr22	36186433	36386433	harbor1	chr22	36275519	36275751	SINE/MIR	832	-	116	36275635	89202
chr22	24068219	24268219	harbor1	chr22	24087134	24087400	SINE/MIR	464	-	133	24087267	19048
chr22	24068219	24268219	harbor1	chr22	24108958	24109195	SINE/MIR	707	-	118	24109076	40857
chr22	24068219	24268219	harbor1	chr22	24114443	24114578	SINE/MIR	439	-	68	24114511	46292
chr22	24068219	24268219	harbor1	chr22	24146823	24147005	SINE/MIR	434	-	91	24146914	78695
chr22	36194376	36394376	harbor1	chr22	36194928	36195090	SINE/MIR	513	-	81	36195009	633
chr22	36194376	36394376	harbor1	chr22	36208164	36208381	SINE/MIR	403	-	108	36208272	13896
chr22	36194376	36394376	harbor1	chr22	36230963	36231116	SINE/MIR	473	-	76	36231039	36663
chr22	36194376	36394376	harbor1	chr22	36234729	36234955	SINE/MIR	620	-	113	36234842	40466
chr22	36194376	36394376	harbor1	chr22	36273360	36273579	SINE/MIR	449	-	110	36273470	79094
chr22	36194376	36394376	harbor1	chr22	36275519	36275751	SINE/MIR	832	-	116	36275635	81259
chr22	36918544	37118544	harbor1	chr22	36931486	36931735	SINE/MIR	425	-	124	36931610	13066
chr22	36918544	37118544	harbor1	chr22	36941438	36941664	SINE/MIR	591	-	113	36941551	23007
chr22	36918544	37118544	harbor1	chr22	36982509	36982719	SINE/MIR	566	-	105	36982614	64070
chr22	36918544	37118544	harbor1	chr22	36998841	36999062	SINE/MIR	560	-	110	36998951	80407
chr22	36918544	37118544	harbor1	chr22	37001082	37001119	SINE/MIR	607	-	18	37001100	82556
chr22	36918544	37118544	harbor1	chr22	37001277	37001439	SINE/MIR	607	-	81	37001358	82814
chr22	24069881	24269881	harbor1	chr22	24087134	24087400	SINE/MIR	464	-	133	24087267	17386
chr22	24069881	24269881	harbor1	chr22	24108958	24109195	SINE/MIR	707	-	118	24109076	39195
chr22	24069881	24269881	harbor1	chr22	24114443	24114578	SINE/MIR	439	-	68	24114511	44630
chr22	24069881	24269881	harbor1	chr22	24146823	24147005	SINE/MIR	434	-	91	24146914	77033
chr22	45868002	46068002	harbor1	chr22	45940171	45940370	SINE/MIR	434	-	100	45940271	72269
chr22	45868002	46068002	harbor1	chr22	45954784	45954973	SINE/MIR	435	-	94	45954878	86876
chr22	36186444	36386444	harbor1	chr22	36194928	36195090	SINE/MIR	513	-	81	36195009	8565
chr22	36186444	36386444	harbor1	chr22	36208164	36208381	SINE/MIR	403	-	108	36208272	21828
chr22	36186444	36386444	harbor1	chr22	36230963	36231116	SINE/MIR	473	-	76	36231039	44595
chr22	36186444	36386444	harbor1	chr22	36234729	36234955	SINE/MIR	620	-	113	36234842	48398
chr22	36186444	36386444	harbor1	chr22	36273360	36273579	SINE/MIR	449	-	110	36273470	87026
chr22	36186444	36386444	harbor1	chr22	36275519	36275751	SINE/MIR	832	-	116	36275635	89191
chr22	36406317	36606317	harbor1	chr22	36406130	36406361	SINE/MIR	985	-	116	36406246	71
chr22	36406317	36606317	harbor1	chr22	36415457	36415564	SINE/MIR	454	-	54	36415511	9194
chr22	36406317	36606317	harbor1	chr22	36417254	36417481	SINE/MIR	506	-	114	36417368	11051
chr22	36406317	36606317	harbor1	chr22	36436130	36436295	SINE/MIR	543	-	82	36436212	29895
chr22	36406317	36606317	harbor1	chr22	36448802	36448952	SINE/MIR	398	-	75	36448877	42560
chr22	36406317	36606317	harbor1	chr22	36481120	36481308	SINE/MIR	445	-	94	36481214	74897
chr22	36406317	36606317	harbor1	chr22	36495414	36495649	SINE/MIR	642	-	118	36495532	89215
chr22	36406317	36606317	harbor1	chr22	36497687	36497831	SINE/MIR	437	-	72	36497759	91442
chr22	36406317	36606317	harbor1	chr22	36503619	36503796	SINE/MIR	526	-	88	36503707	97390
chr22	36406317	36606317	harbor1	chr22	36505169	36505386	SINE/MIR	509	-	108	36505277	98960
chr22	23889707	24089707	harbor1	chr22	23890166	23890407	SINE/MIR	637	-	120	23890286	579
chr22	23889707	24089707	harbor1	chr22	23946374	23946527	SINE/MIR	502	-	76	23946450	56743
chr22	23889707	24089707	harbor1	chr22	23977213	23977394	SINE/MIR	387	-	90	23977303	87596
chr22	23889707	24089707	harbor1	chr22	23987529	23987607	SINE/MIR	390	-	39	23987568	97861
chr22	50061640	50261640	harbor1	chr22	50091523	50091790	SINE/MIR	538	-	134	50091657	30017
chr22	24069546	24269546	harbor1	chr22	24087134	24087400	SINE/MIR	464	-	133	24087267	17721
chr22	24069546	24269546	harbor1	chr22	24108958	24109195	SINE/MIR	707	-	118	24109076	39530
chr22	24069546	24269546	harbor1	chr22	24114443	24114578	SINE/MIR	439	-	68	24114511	44965
chr22	24069546	24269546	harbor1	chr22	24146823	24147005	SINE/MIR	434	-	91	24146914	77368
chr22	42951342	43151342	harbor1	chr22	42953635	42953796	SINE/MIR	495	-	80	42953715	2373
chr22	42951342	43151342	harbor1	chr22	42963579	42963769	SINE/MIR	552	-	95	42963674	12332
chr22	42951342	43151342	harbor1	chr22	42967932	42968157	SINE/MIR	424	-	112	42968044	16702
chr22	42951342	43151342	harbor1	chr22	42976700	42976946	SINE/MIR	770	-	123	42976823	25481
chr22	24070056	24270056	harbor1	chr22	24087134	24087400	SINE/MIR	464	-	133	24087267	17211
chr22	24070056	24270056	harbor1	chr22	24108958	24109195	SINE/MIR	707	-	118	24109076	39020
chr22	24070056	24270056	harbor1	chr22	24114443	24114578	SINE/MIR	439	-	68	24114511	44455
chr22	24070056	24270056	harbor1	chr22	24146823	24147005	SINE/MIR	434	-	91	24146914	76858
chr22	39578199	39778199	harbor1	chr22	39579178	39579409	SINE/MIR	392	-	116	39579294	1095
chr22	39578199	39778199	harbor1	chr22	39609110	39609285	SINE/MIR	499	-	88	39609198	30999
chr22	39578199	39778199	harbor1	chr22	39611189	39611381	SINE/MIR	556	-	96	39611285	33086
chr22	39578199	39778199	harbor1	chr22	39620483	39620666	SINE/MIR	574	-	92	39620575	42376
chr22	39578199	39778199	harbor1	chr22	39621134	39621237	SINE/MIR	460	-	52	39621186	42987
chr22	39578199	39778199	harbor1	chr22	39621908	39622024	SINE/MIR	464	-	58	39621966	43767
chr22	39578199	39778199	harbor1	chr22	39626850	39627082	SINE/MIR	678	-	116	39626966	48767
chr22	39578199	39778199	harbor1	chr22	39641238	39641472	SINE/MIR	663	-	117	39641355	63156
chr22	39578199	39778199	harbor1	chr22	39654052	39654205	SINE/MIR	419	-	76	39654128	75929
chr22	39578199	39778199	harbor1	chr22	39667714	39667857	SINE/MIR	563	-	72	39667786	89587
chr22	39578199	39778199	harbor1	chr22	39667919	39668090	SINE/MIR	416	-	86	39668005	89806
chr22	39578199	39778199	harbor1	chr22	39671243	39671438	SINE/MIR	622	-	98	39671341	93142
chr22	24070003	24270003	harbor1	chr22	24087134	24087400	SINE/MIR	464	-	133	24087267	17264
chr22	24070003	24270003	harbor1	chr22	24108958	24109195	SINE/MIR	707	-	118	24109076	39073
chr22	24070003	24270003	harbor1	chr22	24114443	24114578	SINE/MIR	439	-	68	24114511	44508
chr22	24070003	24270003	harbor1	chr22	24146823	24147005	SINE/MIR	434	-	91	24146914	76911
chr22	22547227	22747227	harbor1	chr22	22601591	22601849	SINE/MIR	547	-	129	22601720	54493
chr22	39578244	39778244	harbor1	chr22	39579178	39579409	SINE/MIR	392	-	116	39579294	1050
chr22	39578244	39778244	harbor1	chr22	39609110	39609285	SINE/MIR	499	-	88	39609198	30954
chr22	39578244	39778244	harbor1	chr22	39611189	39611381	SINE/MIR	556	-	96	39611285	33041
chr22	39578244	39778244	harbor1	chr22	39620483	39620666	SINE/MIR	574	-	92	39620575	42331
chr22	39578244	39778244	harbor1	chr22	39621134	39621237	SINE/MIR	460	-	52	39621186	42942
chr22	39578244	39778244	harbor1	chr22	39621908	39622024	SINE/MIR	464	-	58	39621966	43722
chr22	39578244	39778244	harbor1	chr22	39626850	39627082	SINE/MIR	678	-	116	39626966	48722
chr22	39578244	39778244	harbor1	chr22	39641238	39641472	SINE/MIR	663	-	117	39641355	63111
chr22	39578244	39778244	harbor1	chr22	39654052	39654205	SINE/MIR	419	-	76	39654128	75884
chr22	39578244	39778244	harbor1	chr22	39667714	39667857	SINE/MIR	563	-	72	39667786	89542
chr22	39578244	39778244	harbor1	chr22	39667919	39668090	SINE/MIR	416	-	86	39668005	89761
chr22	39578244	39778244	harbor1	chr22	39671243	39671438	SINE/MIR	622	-	98	39671341	93097
chr22	28341001	28541001	harbor1	chr22	28344907	28345097	SINE/MIR	520	-	95	28345002	4001
chr22	28341001	28541001	harbor1	chr22	28346045	28346235	SINE/MIR	502	-	95	28346140	5139
chr22	28341001	28541001	harbor1	chr22	28355452	28355600	SINE/MIR	444	-	74	28355526	14525
chr22	28341001	28541001	harbor1	chr22	28356987	28357215	SINE/MIR	464	-	114	28357101	16100
chr22	28341001	28541001	harbor1	chr22	28375231	28375452	SINE/MIR	441	-	110	28375341	34340
chr22	28341001	28541001	harbor1	chr22	28376306	28376456	SINE/MIR	654	-	75	28376381	35380
chr22	28341001	28541001	harbor1	chr22	28377423	28377598	SINE/MIR	463	-	88	28377511	36510
chr22	28341001	28541001	harbor1	chr22	28380714	28380849	SINE/MIR	492	-	68	28380782	39781
chr22	28341001	28541001	harbor1	chr22	28397218	28397358	SINE/MIR	389	-	70	28397288	56287
chr22	28341001	28541001	harbor1	chr22	28415560	28415751	SINE/MIR	428	-	96	28415656	74655
chr22	28341001	28541001	harbor1	chr22	28436637	28436857	SINE/MIR	683	-	110	28436747	95746
chr22	24394912	24594912	harbor1	chr22	24431905	24432033	SINE/MIR	518	-	64	24431969	37057
chr22	24394912	24594912	harbor1	chr22	24434781	24434917	SINE/MIR	410	-	68	24434849	39937
chr22	24394912	24594912	harbor1	chr22	24442987	24443142	SINE/MIR	628	-	78	24443065	48153
chr22	24394912	24594912	harbor1	chr22	24474629	24474876	SINE/MIR	770	-	124	24474753	79841
chr22	24394912	24594912	harbor1	chr22	24480627	24480744	SINE/MIR	443	-	58	24480685	85773
chr22	24007472	24207472	harbor1	chr22	24007497	24007660	SINE/MIR	388	-	82	24007579	107
chr22	24007472	24207472	harbor1	chr22	24011633	24011858	SINE/MIR	589	-	112	24011745	4273
chr22	24007472	24207472	harbor1	chr22	24038685	24038882	SINE/MIR	434	-	98	24038783	31311
chr22	24007472	24207472	harbor1	chr22	24041739	24041923	SINE/MIR	406	-	92	24041831	34359
chr22	24007472	24207472	harbor1	chr22	24087134	24087400	SINE/MIR	464	-	133	24087267	79795
chr22	32076022	32276022	harbor1	chr22	32084151	32084328	SINE/MIR	435	-	88	32084239	8217
chr22	32076022	32276022	harbor1	chr22	32098396	32098569	SINE/MIR	507	-	86	32098482	22460
chr22	32076022	32276022	harbor1	chr22	32128403	32128557	SINE/MIR	422	-	77	32128480	52458
chr22	32076022	32276022	harbor1	chr22	32133300	32133442	SINE/MIR	591	-	71	32133371	57349
chr22	37218535	37418535	harbor1	chr22	37229765	37229933	SINE/MIR	485	-	84	37229849	11314
chr22	37218535	37418535	harbor1	chr22	37230940	37231166	SINE/MIR	685	-	113	37231053	12518
chr22	37218535	37418535	harbor1	chr22	37234314	37234488	SINE/MIR	393	-	87	37234401	15866
chr22	37218535	37418535	harbor1	chr22	37236349	37236518	SINE/MIR	479	-	84	37236433	17898
chr22	37218535	37418535	harbor1	chr22	37276199	37276446	SINE/MIR	736	-	124	37276323	57788
chr22	37218535	37418535	harbor1	chr22	37283972	37284092	SINE/MIR	423	-	60	37284032	65497
chr22	37218535	37418535	harbor1	chr22	37295520	37295694	SINE/MIR	604	-	87	37295607	77072
chr22	37218535	37418535	harbor1	chr22	37312985	37313129	SINE/MIR	435	-	72	37313057	94522
chr22	24070059	24270059	harbor1	chr22	24087134	24087400	SINE/MIR	464	-	133	24087267	17208
chr22	24070059	24270059	harbor1	chr22	24108958	24109195	SINE/MIR	707	-	118	24109076	39017
chr22	24070059	24270059	harbor1	chr22	24114443	24114578	SINE/MIR	439	-	68	24114511	44452
chr22	24070059	24270059	harbor1	chr22	24146823	24147005	SINE/MIR	434	-	91	24146914	76855
chr22	23971820	24171820	harbor1	chr22	23977213	23977394	SINE/MIR	387	-	90	23977303	5483
chr22	23971820	24171820	harbor1	chr22	23987529	23987607	SINE/MIR	390	-	39	23987568	15748
chr22	23971820	24171820	harbor1	chr22	24007497	24007660	SINE/MIR	388	-	82	24007579	35759
chr22	23971820	24171820	harbor1	chr22	24011633	24011858	SINE/MIR	589	-	112	24011745	39925
chr22	23971820	24171820	harbor1	chr22	24038685	24038882	SINE/MIR	434	-	98	24038783	66963
chr22	23971820	24171820	harbor1	chr22	24041739	24041923	SINE/MIR	406	-	92	24041831	70011
chr22	17452700	17652700	harbor1	chr22	17485096	17485316	SINE/MIR	516	-	110	17485206	32506
chr22	17452700	17652700	harbor1	chr22	17502120	17502298	SINE/MIR	554	-	89	17502209	49509
chr22	17452700	17652700	harbor1	chr22	17543531	17543565	SINE/MIR	907	-	17	17543548	90848
chr22	17452700	17652700	harbor1	chr22	17543846	17544063	SINE/MIR	907	-	108	17543954	91254
chr22	23214520	23414520	harbor1	chr22	23232282	23232423	SINE/MIR	425	-	70	23232352	17832
chr22	23214520	23414520	harbor1	chr22	23277215	23277389	SINE/MIR	622	-	87	23277302	62782
chr22	44788190	44988190	harbor1	chr22	44809514	44809652	SINE/MIR	400	-	69	44809583	21393
chr22	44788190	44988190	harbor1	chr22	44847587	44847801	SINE/MIR	499	-	107	44847694	59504
chr22	44788190	44988190	harbor1	chr22	44869622	44869739	SINE/MIR	417	-	58	44869680	81490
chr22	23023578	23223578	harbor1	chr22	23039131	23039287	SINE/MIR	426	-	78	23039209	15631
chr22	23023578	23223578	harbor1	chr22	23066299	23066461	SINE/MIR	394	-	81	23066380	42802
chr22	23023578	23223578	harbor1	chr22	23111587	23111732	SINE/MIR	396	-	72	23111659	88081
chr22	39578286	39778286	harbor1	chr22	39579178	39579409	SINE/MIR	392	-	116	39579294	1008
chr22	39578286	39778286	harbor1	chr22	39609110	39609285	SINE/MIR	499	-	88	39609198	30912
chr22	39578286	39778286	harbor1	chr22	39611189	39611381	SINE/MIR	556	-	96	39611285	32999
chr22	39578286	39778286	harbor1	chr22	39620483	39620666	SINE/MIR	574	-	92	39620575	42289
chr22	39578286	39778286	harbor1	chr22	39621134	39621237	SINE/MIR	460	-	52	39621186	42900
chr22	39578286	39778286	harbor1	chr22	39621908	39622024	SINE/MIR	464	-	58	39621966	43680
chr22	39578286	39778286	harbor1	chr22	39626850	39627082	SINE/MIR	678	-	116	39626966	48680
chr22	39578286	39778286	harbor1	chr22	39641238	39641472	SINE/MIR	663	-	117	39641355	63069
chr22	39578286	39778286	harbor1	chr22	39654052	39654205	SINE/MIR	419	-	76	39654128	75842
chr22	39578286	39778286	harbor1	chr22	39667714	39667857	SINE/MIR	563	-	72	39667786	89500
chr22	39578286	39778286	harbor1	chr22	39667919	39668090	SINE/MIR	416	-	86	39668005	89719
chr22	39578286	39778286	harbor1	chr22	39671243	39671438	SINE/MIR	622	-	98	39671341	93055
chr22	24069901	24269901	harbor1	chr22	24087134	24087400	SINE/MIR	464	-	133	24087267	17366
chr22	24069901	24269901	harbor1	chr22	24108958	24109195	SINE/MIR	707	-	118	24109076	39175
chr22	24069901	24269901	harbor1	chr22	24114443	24114578	SINE/MIR	439	-	68	24114511	44610
chr22	24069901	24269901	harbor1	chr22	24146823	24147005	SINE/MIR	434	-	91	24146914	77013
chr22	39360313	39560313	harbor1	chr22	39368173	39368381	SINE/MIR	639	-	104	39368277	7964
chr22	39360313	39560313	harbor1	chr22	39368946	39369116	SINE/MIR	488	-	85	39369031	8718
chr22	39360313	39560313	harbor1	chr22	39382423	39382592	SINE/MIR	562	-	84	39382507	22194
chr22	39360313	39560313	harbor1	chr22	39400174	39400416	SINE/MIR	704	-	121	39400295	39982
chr22	39360313	39560313	harbor1	chr22	39446744	39446967	SINE/MIR	905	-	112	39446856	86543
chr22	23841607	24041607	harbor1	chr22	23846108	23846262	SINE/MIR	440	-	77	23846185	4578
chr22	23841607	24041607	harbor1	chr22	23890166	23890407	SINE/MIR	637	-	120	23890286	48679
chr22	18822251	19022251	harbor1	chr22	18825533	18825701	SINE/MIR	578	-	84	18825617	3366
chr22	24852758	25052758	harbor1	chr22	24852995	24853228	SINE/MIR	661	-	116	24853111	353
chr22	24852758	25052758	harbor1	chr22	24856218	24856429	SINE/MIR	634	-	106	24856324	3566
chr22	24852758	25052758	harbor1	chr22	24866185	24866399	SINE/MIR	615	-	107	24866292	13534
chr22	24852758	25052758	harbor1	chr22	24867438	24867644	SINE/MIR	493	-	103	24867541	14783
chr22	24852758	25052758	harbor1	chr22	24871456	24871719	SINE/MIR	853	-	132	24871588	18830
chr22	24852758	25052758	harbor1	chr22	24879988	24880140	SINE/MIR	742	-	76	24880064	27306
chr22	24852758	25052758	harbor1	chr22	24902111	24902335	SINE/MIR	555	-	112	24902223	49465
chr22	24852758	25052758	harbor1	chr22	24918516	24918710	SINE/MIR	436	-	97	24918613	65855
chr22	24852758	25052758	harbor1	chr22	24919559	24919668	SINE/MIR	386	-	54	24919613	66855
chr22	24852758	25052758	harbor1	chr22	24923956	24924065	SINE/MIR	487	-	54	24924010	71252
chr22	24852758	25052758	harbor1	chr22	24935058	24935268	SINE/MIR	846	-	105	24935163	82405
chr22	24852758	25052758	harbor1	chr22	24943461	24943628	SINE/MIR	420	-	84	24943545	90787
chr22	39366873	39566873	harbor1	chr22	39368173	39368381	SINE/MIR	639	-	104	39368277	1404
chr22	39366873	39566873	harbor1	chr22	39368946	39369116	SINE/MIR	488	-	85	39369031	2158
chr22	39366873	39566873	harbor1	chr22	39382423	39382592	SINE/MIR	562	-	84	39382507	15634
chr22	39366873	39566873	harbor1	chr22	39400174	39400416	SINE/MIR	704	-	121	39400295	33422
chr22	39366873	39566873	harbor1	chr22	39446744	39446967	SINE/MIR	905	-	112	39446856	79983
chr22	24069471	24269471	harbor1	chr22	24087134	24087400	SINE/MIR	464	-	133	24087267	17796
chr22	24069471	24269471	harbor1	chr22	24108958	24109195	SINE/MIR	707	-	118	24109076	39605
chr22	24069471	24269471	harbor1	chr22	24114443	24114578	SINE/MIR	439	-	68	24114511	45040
chr22	24069471	24269471	harbor1	chr22	24146823	24147005	SINE/MIR	434	-	91	24146914	77443
chr22	23421603	23621603	harbor1	chr22	23496932	23497178	SINE/MIR	868	-	123	23497055	75452
chr22	23421603	23621603	harbor1	chr22	23500540	23500802	SINE/MIR	589	-	131	23500671	79068
chr22	23421603	23621603	harbor1	chr22	23519621	23519772	SINE/MIR	546	-	76	23519697	98094
chr22	42519774	42719774	harbor1	chr22	42612196	42612442	SINE/MIR	684	-	123	42612319	92545
chr22	24070004	24270004	harbor1	chr22	24087134	24087400	SINE/MIR	464	-	133	24087267	17263
chr22	24070004	24270004	harbor1	chr22	24108958	24109195	SINE/MIR	707	-	118	24109076	39072
chr22	24070004	24270004	harbor1	chr22	24114443	24114578	SINE/MIR	439	-	68	24114511	44507
chr22	24070004	24270004	harbor1	chr22	24146823	24147005	SINE/MIR	434	-	91	24146914	76910
chr22	24069955	24269955	harbor1	chr22	24087134	24087400	SINE/MIR	464	-	133	24087267	17312
chr22	24069955	24269955	harbor1	chr22	24108958	24109195	SINE/MIR	707	-	118	24109076	39121
chr22	24069955	24269955	harbor1	chr22	24114443	24114578	SINE/MIR	439	-	68	24114511	44556
chr22	24069955	24269955	harbor1	chr22	24146823	24147005	SINE/MIR	434	-	91	24146914	76959
chr22	41809802	42009802	harbor1	chr22	41822318	41822451	SINE/MIR	495	-	66	41822384	12582
chr22	41809802	42009802	harbor1	chr22	41834295	41834470	SINE/MIR	431	-	88	41834383	24581
chr22	41809802	42009802	harbor1	chr22	41834843	41835027	SINE/MIR	516	-	92	41834935	25133
chr22	41809802	42009802	harbor1	chr22	41859644	41859793	SINE/MIR	430	-	74	41859718	49916
chr22	41809802	42009802	harbor1	chr22	41863089	41863340	SINE/MIR	553	-	126	41863215	53413
chr22	41809802	42009802	harbor1	chr22	41875015	41875252	SINE/MIR	712	-	118	41875133	65331
chr22	41809802	42009802	harbor1	chr22	41902307	41902502	SINE/MIR	502	-	98	41902405	92603
chr22	39945026	40145026	harbor1	chr22	39946161	39946317	SINE/MIR	440	-	78	39946239	1213
chr22	39945026	40145026	harbor1	chr22	39949280	39949497	SINE/MIR	720	-	108	39949388	4362
chr22	39945026	40145026	harbor1	chr22	39952822	39953023	SINE/MIR	571	-	100	39952922	7896
chr22	39945026	40145026	harbor1	chr22	39991956	39992058	SINE/MIR	519	-	51	39992007	46981
chr22	39945026	40145026	harbor1	chr22	39992179	39992321	SINE/MIR	519	-	71	39992250	47224
chr22	39945026	40145026	harbor1	chr22	39992552	39992657	SINE/MIR	419	-	52	39992604	47578
chr22	39945026	40145026	harbor1	chr22	39996973	39997192	SINE/MIR	519	-	110	39997083	52057
chr22	39945026	40145026	harbor1	chr22	39998304	39998452	SINE/MIR	403	-	74	39998378	53352
chr22	39945026	40145026	harbor1	chr22	40017722	40017966	SINE/MIR	746	-	122	40017844	72818
chr22	39945026	40145026	harbor1	chr22	40020898	40021017	SINE/MIR	423	-	60	40020958	75932
chr22	18756011	18956011	harbor1	chr22	18801036	18801172	SINE/MIR	468	-	68	18801104	45093
chr22	18756011	18956011	harbor1	chr22	18801577	18801768	SINE/MIR	533	-	96	18801673	45662
chr22	18756011	18956011	harbor1	chr22	18816848	18816983	SINE/MIR	465	-	68	18816916	60905
chr22	18756011	18956011	harbor1	chr22	18821773	18821964	SINE/MIR	421	-	96	18821869	65858
chr22	18756011	18956011	harbor1	chr22	18825533	18825701	SINE/MIR	578	-	84	18825617	69606
chr22	18756011	18956011	harbor1	chr22	18808804	18808982	SINE/MIR	387	-	89	18808893	52882
chr22	37416206	37616206	harbor1	chr22	37434344	37434547	SINE/MIR	487	-	102	37434446	18240
chr22	37416206	37616206	harbor1	chr22	37447832	37448045	SINE/MIR	462	-	106	37447938	31732
chr22	37416206	37616206	harbor1	chr22	37462405	37462566	SINE/MIR	433	-	80	37462485	46279
chr22	37416206	37616206	harbor1	chr22	37466174	37466357	SINE/MIR	400	-	92	37466266	50060
chr22	37416206	37616206	harbor1	chr22	37472154	37472336	SINE/MIR	570	-	91	37472245	56039
chr22	37416206	37616206	harbor1	chr22	37477754	37478020	SINE/MIR	805	-	133	37477887	61681
chr22	37416206	37616206	harbor1	chr22	37494614	37494852	SINE/MIR	594	-	119	37494733	78527
chr22	37416206	37616206	harbor1	chr22	37496119	37496252	SINE/MIR	447	-	66	37496185	79979
chr22	37416206	37616206	harbor1	chr22	37500827	37501038	SINE/MIR	515	-	106	37500933	84727
chr22	37416206	37616206	harbor1	chr22	37502275	37502496	SINE/MIR	481	-	110	37502385	86179
chr22	37416206	37616206	harbor1	chr22	37506475	37506679	SINE/MIR	451	-	102	37506577	90371
chr22	38674448	38874448	harbor1	chr22	38685087	38685243	SINE/MIR	524	-	78	38685165	10717
chr22	38674448	38874448	harbor1	chr22	38692108	38692335	SINE/MIR	631	-	114	38692222	17774
chr22	38674448	38874448	harbor1	chr22	38703261	38703456	SINE/MIR	407	-	98	38703359	28911
chr22	38674448	38874448	harbor1	chr22	38708050	38708185	SINE/MIR	574	-	68	38708118	33670
chr22	38674448	38874448	harbor1	chr22	38720734	38720894	SINE/MIR	527	-	80	38720814	46366
chr22	38674448	38874448	harbor1	chr22	38726483	38726641	SINE/MIR	616	-	79	38726562	52114
chr22	38674448	38874448	harbor1	chr22	38753697	38753866	SINE/MIR	543	-	84	38753781	79333
chr22	38674448	38874448	harbor1	chr22	38772696	38772878	SINE/MIR	520	-	91	38772787	98339
chr22	38674424	38874424	harbor1	chr22	38685087	38685243	SINE/MIR	524	-	78	38685165	10741
chr22	38674424	38874424	harbor1	chr22	38692108	38692335	SINE/MIR	631	-	114	38692222	17798
chr22	38674424	38874424	harbor1	chr22	38703261	38703456	SINE/MIR	407	-	98	38703359	28935
chr22	38674424	38874424	harbor1	chr22	38708050	38708185	SINE/MIR	574	-	68	38708118	33694
chr22	38674424	38874424	harbor1	chr22	38720734	38720894	SINE/MIR	527	-	80	38720814	46390
chr22	38674424	38874424	harbor1	chr22	38726483	38726641	SINE/MIR	616	-	79	38726562	52138
chr22	38674424	38874424	harbor1	chr22	38753697	38753866	SINE/MIR	543	-	84	38753781	79357
chr22	38674424	38874424	harbor1	chr22	38772696	38772878	SINE/MIR	520	-	91	38772787	98363
chr22	24852840	25052840	harbor1	chr22	24852995	24853228	SINE/MIR	661	-	116	24853111	271
chr22	24852840	25052840	harbor1	chr22	24856218	24856429	SINE/MIR	634	-	106	24856324	3484
chr22	24852840	25052840	harbor1	chr22	24866185	24866399	SINE/MIR	615	-	107	24866292	13452
chr22	24852840	25052840	harbor1	chr22	24867438	24867644	SINE/MIR	493	-	103	24867541	14701
chr22	24852840	25052840	harbor1	chr22	24871456	24871719	SINE/MIR	853	-	132	24871588	18748
chr22	24852840	25052840	harbor1	chr22	24879988	24880140	SINE/MIR	742	-	76	24880064	27224
chr22	24852840	25052840	harbor1	chr22	24902111	24902335	SINE/MIR	555	-	112	24902223	49383
chr22	24852840	25052840	harbor1	chr22	24918516	24918710	SINE/MIR	436	-	97	24918613	65773
chr22	24852840	25052840	harbor1	chr22	24919559	24919668	SINE/MIR	386	-	54	24919613	66773
chr22	24852840	25052840	harbor1	chr22	24923956	24924065	SINE/MIR	487	-	54	24924010	71170
chr22	24852840	25052840	harbor1	chr22	24935058	24935268	SINE/MIR	846	-	105	24935163	82323
chr22	24852840	25052840	harbor1	chr22	24943461	24943628	SINE/MIR	420	-	84	24943545	90705
chr22	37416203	37616203	harbor1	chr22	37434344	37434547	SINE/MIR	487	-	102	37434446	18243
chr22	37416203	37616203	harbor1	chr22	37447832	37448045	SINE/MIR	462	-	106	37447938	31735
chr22	37416203	37616203	harbor1	chr22	37462405	37462566	SINE/MIR	433	-	80	37462485	46282
chr22	37416203	37616203	harbor1	chr22	37466174	37466357	SINE/MIR	400	-	92	37466266	50063
chr22	37416203	37616203	harbor1	chr22	37472154	37472336	SINE/MIR	570	-	91	37472245	56042
chr22	37416203	37616203	harbor1	chr22	37477754	37478020	SINE/MIR	805	-	133	37477887	61684
chr22	37416203	37616203	harbor1	chr22	37494614	37494852	SINE/MIR	594	-	119	37494733	78530
chr22	37416203	37616203	harbor1	chr22	37496119	37496252	SINE/MIR	447	-	66	37496185	79982
chr22	37416203	37616203	harbor1	chr22	37500827	37501038	SINE/MIR	515	-	106	37500933	84730
chr22	37416203	37616203	harbor1	chr22	37502275	37502496	SINE/MIR	481	-	110	37502385	86182
chr22	37416203	37616203	harbor1	chr22	37506475	37506679	SINE/MIR	451	-	102	37506577	90374
chr22	23023556	23223556	harbor1	chr22	23039131	23039287	SINE/MIR	426	-	78	23039209	15653
chr22	23023556	23223556	harbor1	chr22	23066299	23066461	SINE/MIR	394	-	81	23066380	42824
chr22	23023556	23223556	harbor1	chr22	23111587	23111732	SINE/MIR	396	-	72	23111659	88103
chr22	20395167	20595167	harbor1	chr22	20436054	20436201	SINE/MIR	500	-	74	20436128	40961
chrX	135350040	135550040	harbor1	chrX	135430176	135430408	SINE/MIR	884	-	116	135430292	80252
chrX	24365240	24565240	harbor1	chrX	24397560	24397787	SINE/MIR	843	-	114	24397674	32434
chrX	24365240	24565240	harbor1	chrX	24449754	24449884	SINE/MIR	547	-	65	24449819	84579
chrX	48953792	49153792	harbor1	chrX	48982097	48982331	SINE/MIR	1031	-	117	48982214	28422
chrX	48953792	49153792	harbor1	chrX	48993644	48993847	SINE/MIR	541	-	102	48993746	39954
chrX	48953792	49153792	harbor1	chrX	48995953	48996221	SINE/MIR	1009	-	134	48996087	42295
chrX	72043785	72243785	harbor1	chrX	72046832	72047036	SINE/MIR	711	-	102	72046934	3149
chrX	72043785	72243785	harbor1	chrX	72048116	72048242	SINE/MIR	611	-	63	72048179	4394
chrX	72043785	72243785	harbor1	chrX	72065596	72065809	SINE/MIR	734	-	106	72065702	21917
chrX	72043785	72243785	harbor1	chrX	72073549	72073788	SINE/MIR	727	-	120	72073669	29884
chrX	72043785	72243785	harbor1	chrX	72078084	72078215	SINE/MIR	708	-	66	72078150	34365
chrX	72043785	72243785	harbor1	chrX	72082456	72082667	SINE/MIR	600	-	106	72082562	38777
chrX	72043785	72243785	harbor1	chrX	72108338	72108550	SINE/MIR	898	-	106	72108444	64659
chrX	72043785	72243785	harbor1	chrX	72109211	72109410	SINE/MIR	720	-	100	72109311	65526
chrX	72043785	72243785	harbor1	chrX	72111417	72111590	SINE/MIR	581	-	86	72111503	67718
chrX	72043785	72243785	harbor1	chrX	72122497	72122646	SINE/MIR	603	-	74	72122571	78786
chrX	72206994	72406994	harbor1	chrX	72240869	72241052	SINE/MIR	575	-	92	72240961	33967
chrX	72206994	72406994	harbor1	chrX	72243749	72244003	SINE/MIR	1134	-	127	72243876	36882
chrX	72206994	72406994	harbor1	chrX	72259193	72259215	SINE/MIR	710	-	11	72259204	52210
chrX	72206994	72406994	harbor1	chrX	72259520	72259724	SINE/MIR	710	-	102	72259622	52628
chrX	72206994	72406994	harbor1	chrX	72260039	72260073	SINE/MIR	710	-	17	72260056	53062
chrX	72206994	72406994	harbor1	chrX	72286881	72287058	SINE/MIR	764	-	88	72286969	79975
chrX	72206994	72406994	harbor1	chrX	72288154	72288281	SINE/MIR	576	-	64	72288218	81224
chrX	72206994	72406994	harbor1	chrX	72305786	72305899	SINE/MIR	587	-	56	72305842	98848
chrX	48953749	49153749	harbor1	chrX	48982097	48982331	SINE/MIR	1031	-	117	48982214	28465
chrX	48953749	49153749	harbor1	chrX	48993644	48993847	SINE/MIR	541	-	102	48993746	39997
chrX	48953749	49153749	harbor1	chrX	48995953	48996221	SINE/MIR	1009	-	134	48996087	42338
chrX	18254781	18454781	harbor1	chrX	18255180	18255391	SINE/MIR	528	-	106	18255286	505
chrX	18254781	18454781	harbor1	chrX	18271161	18271373	SINE/MIR	545	-	106	18271267	16486
chrX	18254781	18454781	harbor1	chrX	18329655	18329796	SINE/MIR	780	-	70	18329725	74944
chrX	18254781	18454781	harbor1	chrX	18330098	18330217	SINE/MIR	780	-	60	18330158	75377
chrX	152928214	153128214	harbor1	chrX	152936027	152936226	SINE/MIR	726	-	100	152936127	7913
chrX	152928214	153128214	harbor1	chrX	152961702	152961943	SINE/MIR	716	-	120	152961822	33608
chrX	130071741	130271741	harbor1	chrX	130072718	130072840	SINE/MIR	566	-	61	130072779	1038
chrX	130071741	130271741	harbor1	chrX	130104530	130104705	SINE/MIR	578	-	88	130104618	32877
chrX	130071741	130271741	harbor1	chrX	130107726	130107915	SINE/MIR	608	-	94	130107820	36079
chrX	72206945	72406945	harbor1	chrX	72240869	72241052	SINE/MIR	575	-	92	72240961	34016
chrX	72206945	72406945	harbor1	chrX	72243749	72244003	SINE/MIR	1134	-	127	72243876	36931
chrX	72206945	72406945	harbor1	chrX	72259193	72259215	SINE/MIR	710	-	11	72259204	52259
chrX	72206945	72406945	harbor1	chrX	72259520	72259724	SINE/MIR	710	-	102	72259622	52677
chrX	72206945	72406945	harbor1	chrX	72260039	72260073	SINE/MIR	710	-	17	72260056	53111
chrX	72206945	72406945	harbor1	chrX	72286881	72287058	SINE/MIR	764	-	88	72286969	80024
chrX	72206945	72406945	harbor1	chrX	72288154	72288281	SINE/MIR	576	-	64	72288218	81273
chrX	72206945	72406945	harbor1	chrX	72305786	72305899	SINE/MIR	587	-	56	72305842	98897
chrX	18254315	18454315	harbor1	chrX	18255180	18255391	SINE/MIR	528	-	106	18255286	971
chrX	18254315	18454315	harbor1	chrX	18271161	18271373	SINE/MIR	545	-	106	18271267	16952
chrX	18254315	18454315	harbor1	chrX	18329655	18329796	SINE/MIR	780	-	70	18329725	75410
chrX	18254315	18454315	harbor1	chrX	18330098	18330217	SINE/MIR	780	-	60	18330158	75843
chrX	71006345	71206345	harbor1	chrX	71015924	71016105	SINE/MIR	660	-	90	71016014	9669
chrX	71006345	71206345	harbor1	chrX	71074058	71074279	SINE/MIR	1004	-	110	71074168	67823
chrX	17671917	17871917	harbor1	chrX	17718064	17718301	SINE/MIR	968	-	118	17718182	46265
chrX	17671917	17871917	harbor1	chrX	17736605	17736788	SINE/MIR	631	-	92	17736697	64780
chrX	17671917	17871917	harbor1	chrX	17740040	17740277	SINE/MIR	524	-	118	17740158	68241
chrX	17671917	17871917	harbor1	chrX	17740399	17740612	SINE/MIR	746	-	106	17740505	68588
