H_chr	H_start	H_end	Harbor	TE_chr	TE_start	TE_end	TE	score	TE_strand	TE_half	TE_middle_pos	TE_dis
chr1	33553586	33753586	harbor2	chr1	33557087	33557337	SINE/MIR	748	-	125	33557212	3626
chr1	33553586	33753586	harbor2	chr1	33564128	33564347	SINE/MIR	540	-	110	33564238	10652
chr1	33553586	33753586	harbor2	chr1	33585822	33586002	SINE/MIR	538	-	90	33585912	32326
chr1	33553586	33753586	harbor2	chr1	33587427	33587647	SINE/MIR	569	-	110	33587537	33951
chr1	33553586	33753586	harbor2	chr1	33599391	33599622	SINE/MIR	636	-	116	33599507	45921
chr1	33553586	33753586	harbor2	chr1	33600083	33600223	SINE/MIR	446	-	70	33600153	46567
chr1	33553586	33753586	harbor2	chr1	33630415	33630577	SINE/MIR	591	-	81	33630496	76910
chr1	33553586	33753586	harbor2	chr1	33639816	33640056	SINE/MIR	763	-	120	33639936	86350
chr1	33553586	33753586	harbor2	chr1	33643497	33643667	SINE/MIR	513	-	85	33643582	89996
chr1	33553586	33753586	harbor2	chr1	33645643	33645877	SINE/MIR	649	-	117	33645760	92174
chr1	16544783	16744783	harbor2	chr1	16549882	16549929	SINE/MIR	671	-	24	16549906	5123
chr1	16544783	16744783	harbor2	chr1	16550232	16550380	SINE/MIR	671	-	74	16550306	5523
chr1	16544783	16744783	harbor2	chr1	16551364	16551580	SINE/MIR	493	-	108	16551472	6689
chr1	16544783	16744783	harbor2	chr1	16551815	16552014	SINE/MIR	530	-	100	16551915	7132
chr1	16544783	16744783	harbor2	chr1	16584312	16584458	SINE/MIR	440	-	73	16584385	39602
chr1	16544783	16744783	harbor2	chr1	16616012	16616256	SINE/MIR	462	-	122	16616134	71351
chr1	16544783	16744783	harbor2	chr1	16619309	16619456	SINE/MIR	456	-	74	16619383	74600
chr1	16544783	16744783	harbor2	chr1	16621378	16621593	SINE/MIR	530	-	108	16621486	76703
chr1	16544783	16744783	harbor2	chr1	16623030	16623201	SINE/MIR	537	-	86	16623116	78333
chr1	16544783	16744783	harbor2	chr1	16623585	16623784	SINE/MIR	569	-	100	16623685	78902
chr1	39476409	39676409	harbor2	chr1	39487610	39487800	SINE/MIR	474	-	95	39487705	11296
chr1	39476409	39676409	harbor2	chr1	39488963	39489109	SINE/MIR	539	-	73	39489036	12627
chr1	63223447	63423447	harbor2	chr1	63247111	63247365	SINE/MIR	712	-	127	63247238	23791
chr1	63223447	63423447	harbor2	chr1	63259857	63260091	SINE/MIR	671	-	117	63259974	36527
chr1	63223447	63423447	harbor2	chr1	63266583	63266685	SINE/MIR	464	-	51	63266634	43187
chr1	63223447	63423447	harbor2	chr1	63272643	63272840	SINE/MIR	502	-	98	63272741	49294
chr1	63223447	63423447	harbor2	chr1	63313041	63313219	SINE/MIR	770	-	89	63313130	89683
chr1	150462182	150662182	harbor2	chr1	150465457	150465661	SINE/MIR	634	-	102	150465559	3377
chr1	150462182	150662182	harbor2	chr1	150548577	150548721	SINE/MIR	477	-	72	150548649	86467
chr1	21991636	22191636	harbor2	chr1	22001221	22001390	SINE/MIR	694	-	84	22001305	9669
chr1	21991636	22191636	harbor2	chr1	22002167	22002346	SINE/MIR	541	-	90	22002257	10621
chr1	21991636	22191636	harbor2	chr1	22012227	22012428	SINE/MIR	632	-	100	22012327	20691
chr1	21991636	22191636	harbor2	chr1	22035364	22035579	SINE/MIR	456	-	108	22035472	43836
chr1	21991636	22191636	harbor2	chr1	22065541	22065768	SINE/MIR	460	-	114	22065655	74019
chr1	21991636	22191636	harbor2	chr1	22075626	22075828	SINE/MIR	594	-	101	22075727	84091
chr1	51231071	51431071	harbor2	chr1	51295498	51295725	SINE/MIR	491	-	114	51295612	64541
chr1	51231071	51431071	harbor2	chr1	51325497	51325709	SINE/MIR	470	-	106	51325603	94532
chr1	16544721	16744721	harbor2	chr1	16549882	16549929	SINE/MIR	671	-	24	16549906	5185
chr1	16544721	16744721	harbor2	chr1	16550232	16550380	SINE/MIR	671	-	74	16550306	5585
chr1	16544721	16744721	harbor2	chr1	16551364	16551580	SINE/MIR	493	-	108	16551472	6751
chr1	16544721	16744721	harbor2	chr1	16551815	16552014	SINE/MIR	530	-	100	16551915	7194
chr1	16544721	16744721	harbor2	chr1	16584312	16584458	SINE/MIR	440	-	73	16584385	39664
chr1	16544721	16744721	harbor2	chr1	16616012	16616256	SINE/MIR	462	-	122	16616134	71413
chr1	16544721	16744721	harbor2	chr1	16619309	16619456	SINE/MIR	456	-	74	16619383	74662
chr1	16544721	16744721	harbor2	chr1	16621378	16621593	SINE/MIR	530	-	108	16621486	76765
chr1	16544721	16744721	harbor2	chr1	16623030	16623201	SINE/MIR	537	-	86	16623116	78395
chr1	16544721	16744721	harbor2	chr1	16623585	16623784	SINE/MIR	569	-	100	16623685	78964
chr1	16545193	16745193	harbor2	chr1	16549882	16549929	SINE/MIR	671	-	24	16549906	4713
chr1	16545193	16745193	harbor2	chr1	16550232	16550380	SINE/MIR	671	-	74	16550306	5113
chr1	16545193	16745193	harbor2	chr1	16551364	16551580	SINE/MIR	493	-	108	16551472	6279
chr1	16545193	16745193	harbor2	chr1	16551815	16552014	SINE/MIR	530	-	100	16551915	6722
chr1	16545193	16745193	harbor2	chr1	16584312	16584458	SINE/MIR	440	-	73	16584385	39192
chr1	16545193	16745193	harbor2	chr1	16616012	16616256	SINE/MIR	462	-	122	16616134	70941
chr1	16545193	16745193	harbor2	chr1	16619309	16619456	SINE/MIR	456	-	74	16619383	74190
chr1	16545193	16745193	harbor2	chr1	16621378	16621593	SINE/MIR	530	-	108	16621486	76293
chr1	16545193	16745193	harbor2	chr1	16623030	16623201	SINE/MIR	537	-	86	16623116	77923
chr1	16545193	16745193	harbor2	chr1	16623585	16623784	SINE/MIR	569	-	100	16623685	78492
chr1	16544779	16744779	harbor2	chr1	16549882	16549929	SINE/MIR	671	-	24	16549906	5127
chr1	16544779	16744779	harbor2	chr1	16550232	16550380	SINE/MIR	671	-	74	16550306	5527
chr1	16544779	16744779	harbor2	chr1	16551364	16551580	SINE/MIR	493	-	108	16551472	6693
chr1	16544779	16744779	harbor2	chr1	16551815	16552014	SINE/MIR	530	-	100	16551915	7136
chr1	16544779	16744779	harbor2	chr1	16584312	16584458	SINE/MIR	440	-	73	16584385	39606
chr1	16544779	16744779	harbor2	chr1	16616012	16616256	SINE/MIR	462	-	122	16616134	71355
chr1	16544779	16744779	harbor2	chr1	16619309	16619456	SINE/MIR	456	-	74	16619383	74604
chr1	16544779	16744779	harbor2	chr1	16621378	16621593	SINE/MIR	530	-	108	16621486	76707
chr1	16544779	16744779	harbor2	chr1	16623030	16623201	SINE/MIR	537	-	86	16623116	78337
chr1	16544779	16744779	harbor2	chr1	16623585	16623784	SINE/MIR	569	-	100	16623685	78906
chr1	44562804	44762804	harbor2	chr1	44578796	44578883	SINE/MIR	531	-	44	44578840	16036
chr1	44562804	44762804	harbor2	chr1	44579184	44579329	SINE/MIR	531	-	72	44579256	16452
chr1	44562804	44762804	harbor2	chr1	44583947	44584176	SINE/MIR	635	-	114	44584061	21257
chr1	44562804	44762804	harbor2	chr1	44592627	44592847	SINE/MIR	446	-	110	44592737	29933
chr1	44562804	44762804	harbor2	chr1	44608942	44609083	SINE/MIR	617	-	70	44609012	46208
chr1	44562804	44762804	harbor2	chr1	44616344	44616583	SINE/MIR	1071	-	120	44616464	53660
chr1	44562804	44762804	harbor2	chr1	44633224	44633404	SINE/MIR	557	-	90	44633314	70510
chr1	16597141	16797141	harbor2	chr1	16616012	16616256	SINE/MIR	462	-	122	16616134	18993
chr1	16597141	16797141	harbor2	chr1	16619309	16619456	SINE/MIR	456	-	74	16619383	22242
chr1	16597141	16797141	harbor2	chr1	16621378	16621593	SINE/MIR	530	-	108	16621486	24345
chr1	16597141	16797141	harbor2	chr1	16623030	16623201	SINE/MIR	537	-	86	16623116	25975
chr1	16597141	16797141	harbor2	chr1	16623585	16623784	SINE/MIR	569	-	100	16623685	26544
chr1	16597141	16797141	harbor2	chr1	16682379	16682595	SINE/MIR	452	-	108	16682487	85346
chr1	16597141	16797141	harbor2	chr1	16682807	16683029	SINE/MIR	497	-	111	16682918	85777
chr1	89907751	90107751	harbor2	chr1	89908252	89908440	SINE/MIR	452	-	94	89908346	595
chr1	89907751	90107751	harbor2	chr1	89949990	89950143	SINE/MIR	590	-	76	89950066	42315
chr1	193014143	193214143	harbor2	chr1	193017781	193017946	SINE/MIR	444	-	82	193017863	3720
chr1	193014143	193214143	harbor2	chr1	193023521	193023749	SINE/MIR	786	-	114	193023635	9492
chr1	193014143	193214143	harbor2	chr1	193030245	193030413	SINE/MIR	800	-	84	193030329	16186
chr1	193014143	193214143	harbor2	chr1	193096822	193097050	SINE/MIR	649	-	114	193096936	82793
chr1	193014143	193214143	harbor2	chr1	193098021	193098250	SINE/MIR	932	-	114	193098135	83992
chr1	16544785	16744785	harbor2	chr1	16549882	16549929	SINE/MIR	671	-	24	16549906	5121
chr1	16544785	16744785	harbor2	chr1	16550232	16550380	SINE/MIR	671	-	74	16550306	5521
chr1	16544785	16744785	harbor2	chr1	16551364	16551580	SINE/MIR	493	-	108	16551472	6687
chr1	16544785	16744785	harbor2	chr1	16551815	16552014	SINE/MIR	530	-	100	16551915	7130
chr1	16544785	16744785	harbor2	chr1	16584312	16584458	SINE/MIR	440	-	73	16584385	39600
chr1	16544785	16744785	harbor2	chr1	16616012	16616256	SINE/MIR	462	-	122	16616134	71349
chr1	16544785	16744785	harbor2	chr1	16619309	16619456	SINE/MIR	456	-	74	16619383	74598
chr1	16544785	16744785	harbor2	chr1	16621378	16621593	SINE/MIR	530	-	108	16621486	76701
chr1	16544785	16744785	harbor2	chr1	16623030	16623201	SINE/MIR	537	-	86	16623116	78331
chr1	16544785	16744785	harbor2	chr1	16623585	16623784	SINE/MIR	569	-	100	16623685	78900
chr1	230009530	230209530	harbor2	chr1	230032599	230032816	SINE/MIR	753	-	108	230032707	23177
chr1	230009530	230209530	harbor2	chr1	230074784	230074879	SINE/MIR	476	-	48	230074832	65302
chr1	230009530	230209530	harbor2	chr1	230095261	230095506	SINE/MIR	530	-	122	230095383	85853
chr1	16603811	16803811	harbor2	chr1	16616012	16616256	SINE/MIR	462	-	122	16616134	12323
chr1	16603811	16803811	harbor2	chr1	16619309	16619456	SINE/MIR	456	-	74	16619383	15572
chr1	16603811	16803811	harbor2	chr1	16621378	16621593	SINE/MIR	530	-	108	16621486	17675
chr1	16603811	16803811	harbor2	chr1	16623030	16623201	SINE/MIR	537	-	86	16623116	19305
chr1	16603811	16803811	harbor2	chr1	16623585	16623784	SINE/MIR	569	-	100	16623685	19874
chr1	16603811	16803811	harbor2	chr1	16682379	16682595	SINE/MIR	452	-	108	16682487	78676
chr1	16603811	16803811	harbor2	chr1	16682807	16683029	SINE/MIR	497	-	111	16682918	79107
chr1	16545192	16745192	harbor2	chr1	16549882	16549929	SINE/MIR	671	-	24	16549906	4714
chr1	16545192	16745192	harbor2	chr1	16550232	16550380	SINE/MIR	671	-	74	16550306	5114
chr1	16545192	16745192	harbor2	chr1	16551364	16551580	SINE/MIR	493	-	108	16551472	6280
chr1	16545192	16745192	harbor2	chr1	16551815	16552014	SINE/MIR	530	-	100	16551915	6723
chr1	16545192	16745192	harbor2	chr1	16584312	16584458	SINE/MIR	440	-	73	16584385	39193
chr1	16545192	16745192	harbor2	chr1	16616012	16616256	SINE/MIR	462	-	122	16616134	70942
chr1	16545192	16745192	harbor2	chr1	16619309	16619456	SINE/MIR	456	-	74	16619383	74191
chr1	16545192	16745192	harbor2	chr1	16621378	16621593	SINE/MIR	530	-	108	16621486	76294
chr1	16545192	16745192	harbor2	chr1	16623030	16623201	SINE/MIR	537	-	86	16623116	77924
chr1	16545192	16745192	harbor2	chr1	16623585	16623784	SINE/MIR	569	-	100	16623685	78493
chr1	16544750	16744750	harbor2	chr1	16549882	16549929	SINE/MIR	671	-	24	16549906	5156
chr1	16544750	16744750	harbor2	chr1	16550232	16550380	SINE/MIR	671	-	74	16550306	5556
chr1	16544750	16744750	harbor2	chr1	16551364	16551580	SINE/MIR	493	-	108	16551472	6722
chr1	16544750	16744750	harbor2	chr1	16551815	16552014	SINE/MIR	530	-	100	16551915	7165
chr1	16544750	16744750	harbor2	chr1	16584312	16584458	SINE/MIR	440	-	73	16584385	39635
chr1	16544750	16744750	harbor2	chr1	16616012	16616256	SINE/MIR	462	-	122	16616134	71384
chr1	16544750	16744750	harbor2	chr1	16619309	16619456	SINE/MIR	456	-	74	16619383	74633
chr1	16544750	16744750	harbor2	chr1	16621378	16621593	SINE/MIR	530	-	108	16621486	76736
chr1	16544750	16744750	harbor2	chr1	16623030	16623201	SINE/MIR	537	-	86	16623116	78366
chr1	16544750	16744750	harbor2	chr1	16623585	16623784	SINE/MIR	569	-	100	16623685	78935
chr1	16544770	16744770	harbor2	chr1	16549882	16549929	SINE/MIR	671	-	24	16549906	5136
chr1	16544770	16744770	harbor2	chr1	16550232	16550380	SINE/MIR	671	-	74	16550306	5536
chr1	16544770	16744770	harbor2	chr1	16551364	16551580	SINE/MIR	493	-	108	16551472	6702
chr1	16544770	16744770	harbor2	chr1	16551815	16552014	SINE/MIR	530	-	100	16551915	7145
chr1	16544770	16744770	harbor2	chr1	16584312	16584458	SINE/MIR	440	-	73	16584385	39615
chr1	16544770	16744770	harbor2	chr1	16616012	16616256	SINE/MIR	462	-	122	16616134	71364
chr1	16544770	16744770	harbor2	chr1	16619309	16619456	SINE/MIR	456	-	74	16619383	74613
chr1	16544770	16744770	harbor2	chr1	16621378	16621593	SINE/MIR	530	-	108	16621486	76716
chr1	16544770	16744770	harbor2	chr1	16623030	16623201	SINE/MIR	537	-	86	16623116	78346
chr1	16544770	16744770	harbor2	chr1	16623585	16623784	SINE/MIR	569	-	100	16623685	78915
chr1	7671936	7871936	harbor2	chr1	7697248	7697469	SINE/MIR	453	-	110	7697358	25422
chr1	7671936	7871936	harbor2	chr1	7724843	7725025	SINE/MIR	482	-	91	7724934	52998
chr1	6689234	6889234	harbor2	chr1	6718762	6718784	SINE/MIR	686	-	11	6718773	29539
chr1	6689234	6889234	harbor2	chr1	6719300	6719449	SINE/MIR	686	-	74	6719374	30140
chr1	6689234	6889234	harbor2	chr1	6719754	6719821	SINE/MIR	686	-	34	6719788	30554
chr1	6689234	6889234	harbor2	chr1	6765477	6765628	SINE/MIR	519	-	76	6765553	76319
chr1	6689234	6889234	harbor2	chr1	6766008	6766108	SINE/MIR	519	-	50	6766058	76824
chr1	17341836	17541836	harbor2	chr1	17361565	17361779	SINE/MIR	661	-	107	17361672	19836
chr1	16544787	16744787	harbor2	chr1	16549882	16549929	SINE/MIR	671	-	24	16549906	5119
chr1	16544787	16744787	harbor2	chr1	16550232	16550380	SINE/MIR	671	-	74	16550306	5519
chr1	16544787	16744787	harbor2	chr1	16551364	16551580	SINE/MIR	493	-	108	16551472	6685
chr1	16544787	16744787	harbor2	chr1	16551815	16552014	SINE/MIR	530	-	100	16551915	7128
chr1	16544787	16744787	harbor2	chr1	16584312	16584458	SINE/MIR	440	-	73	16584385	39598
chr1	16544787	16744787	harbor2	chr1	16616012	16616256	SINE/MIR	462	-	122	16616134	71347
chr1	16544787	16744787	harbor2	chr1	16619309	16619456	SINE/MIR	456	-	74	16619383	74596
chr1	16544787	16744787	harbor2	chr1	16621378	16621593	SINE/MIR	530	-	108	16621486	76699
chr1	16544787	16744787	harbor2	chr1	16623030	16623201	SINE/MIR	537	-	86	16623116	78329
chr1	16544787	16744787	harbor2	chr1	16623585	16623784	SINE/MIR	569	-	100	16623685	78898
chr1	16545135	16745135	harbor2	chr1	16549882	16549929	SINE/MIR	671	-	24	16549906	4771
chr1	16545135	16745135	harbor2	chr1	16550232	16550380	SINE/MIR	671	-	74	16550306	5171
chr1	16545135	16745135	harbor2	chr1	16551364	16551580	SINE/MIR	493	-	108	16551472	6337
chr1	16545135	16745135	harbor2	chr1	16551815	16552014	SINE/MIR	530	-	100	16551915	6780
chr1	16545135	16745135	harbor2	chr1	16584312	16584458	SINE/MIR	440	-	73	16584385	39250
chr1	16545135	16745135	harbor2	chr1	16616012	16616256	SINE/MIR	462	-	122	16616134	70999
chr1	16545135	16745135	harbor2	chr1	16619309	16619456	SINE/MIR	456	-	74	16619383	74248
chr1	16545135	16745135	harbor2	chr1	16621378	16621593	SINE/MIR	530	-	108	16621486	76351
chr1	16545135	16745135	harbor2	chr1	16623030	16623201	SINE/MIR	537	-	86	16623116	77981
chr1	16545135	16745135	harbor2	chr1	16623585	16623784	SINE/MIR	569	-	100	16623685	78550
chr1	3679565	3879565	harbor2	chr1	3701467	3701502	SINE/MIR	439	-	18	3701485	21920
chr1	3679565	3879565	harbor2	chr1	3701809	3701950	SINE/MIR	439	-	70	3701879	22314
chr1	16545197	16745197	harbor2	chr1	16549882	16549929	SINE/MIR	671	-	24	16549906	4709
chr1	16545197	16745197	harbor2	chr1	16550232	16550380	SINE/MIR	671	-	74	16550306	5109
chr1	16545197	16745197	harbor2	chr1	16551364	16551580	SINE/MIR	493	-	108	16551472	6275
chr1	16545197	16745197	harbor2	chr1	16551815	16552014	SINE/MIR	530	-	100	16551915	6718
chr1	16545197	16745197	harbor2	chr1	16584312	16584458	SINE/MIR	440	-	73	16584385	39188
chr1	16545197	16745197	harbor2	chr1	16616012	16616256	SINE/MIR	462	-	122	16616134	70937
chr1	16545197	16745197	harbor2	chr1	16619309	16619456	SINE/MIR	456	-	74	16619383	74186
chr1	16545197	16745197	harbor2	chr1	16621378	16621593	SINE/MIR	530	-	108	16621486	76289
chr1	16545197	16745197	harbor2	chr1	16623030	16623201	SINE/MIR	537	-	86	16623116	77919
chr1	16545197	16745197	harbor2	chr1	16623585	16623784	SINE/MIR	569	-	100	16623685	78488
chr1	53847484	54047484	harbor2	chr1	53860357	53860570	SINE/MIR	705	-	106	53860463	12979
chr1	53847484	54047484	harbor2	chr1	53862095	53862326	SINE/MIR	491	-	116	53862211	14727
chr1	53847484	54047484	harbor2	chr1	53864826	53865046	SINE/MIR	711	-	110	53864936	17452
chr1	53847484	54047484	harbor2	chr1	53869350	53869606	SINE/MIR	831	-	128	53869478	21994
chr1	53847484	54047484	harbor2	chr1	53898867	53899014	SINE/MIR	501	-	74	53898941	51457
chr1	53847484	54047484	harbor2	chr1	53904048	53904184	SINE/MIR	443	-	68	53904116	56632
chr1	53847484	54047484	harbor2	chr1	53911560	53911768	SINE/MIR	687	-	104	53911664	64180
chr1	53847484	54047484	harbor2	chr1	53928749	53928942	SINE/MIR	444	-	96	53928845	81361
chr1	26401378	26601378	harbor2	chr1	26407188	26407397	SINE/MIR	605	-	104	26407292	5914
chr1	26401378	26601378	harbor2	chr1	26448676	26448857	SINE/MIR	494	-	90	26448766	47388
chr1	26401378	26601378	harbor2	chr1	26452528	26452761	SINE/MIR	901	-	116	26452644	51266
chr1	26401378	26601378	harbor2	chr1	26459430	26459626	SINE/MIR	726	-	98	26459528	58150
chr1	26401378	26601378	harbor2	chr1	26460257	26460460	SINE/MIR	620	-	102	26460359	58981
chr1	26401378	26601378	harbor2	chr1	26468444	26468634	SINE/MIR	600	-	95	26468539	67161
chr1	26401378	26601378	harbor2	chr1	26489988	26490129	SINE/MIR	562	-	70	26490058	88680
chr1	26401378	26601378	harbor2	chr1	26490646	26490800	SINE/MIR	452	-	77	26490723	89345
chr1	16544771	16744771	harbor2	chr1	16549882	16549929	SINE/MIR	671	-	24	16549906	5135
chr1	16544771	16744771	harbor2	chr1	16550232	16550380	SINE/MIR	671	-	74	16550306	5535
chr1	16544771	16744771	harbor2	chr1	16551364	16551580	SINE/MIR	493	-	108	16551472	6701
chr1	16544771	16744771	harbor2	chr1	16551815	16552014	SINE/MIR	530	-	100	16551915	7144
chr1	16544771	16744771	harbor2	chr1	16584312	16584458	SINE/MIR	440	-	73	16584385	39614
chr1	16544771	16744771	harbor2	chr1	16616012	16616256	SINE/MIR	462	-	122	16616134	71363
chr1	16544771	16744771	harbor2	chr1	16619309	16619456	SINE/MIR	456	-	74	16619383	74612
chr1	16544771	16744771	harbor2	chr1	16621378	16621593	SINE/MIR	530	-	108	16621486	76715
chr1	16544771	16744771	harbor2	chr1	16623030	16623201	SINE/MIR	537	-	86	16623116	78345
chr1	16544771	16744771	harbor2	chr1	16623585	16623784	SINE/MIR	569	-	100	16623685	78914
chr1	244605778	244805778	harbor2	chr1	244641567	244641776	SINE/MIR	593	-	104	244641671	35893
chr1	244605778	244805778	harbor2	chr1	244667471	244667646	SINE/MIR	567	-	88	244667559	61781
chr1	244605778	244805778	harbor2	chr1	244670500	244670725	SINE/MIR	827	-	112	244670612	64834
chr1	6685470	6885470	harbor2	chr1	6718762	6718784	SINE/MIR	686	-	11	6718773	33303
chr1	6685470	6885470	harbor2	chr1	6719300	6719449	SINE/MIR	686	-	74	6719374	33904
chr1	6685470	6885470	harbor2	chr1	6719754	6719821	SINE/MIR	686	-	34	6719788	34318
chr1	6685470	6885470	harbor2	chr1	6765477	6765628	SINE/MIR	519	-	76	6765553	80083
chr1	6685470	6885470	harbor2	chr1	6766008	6766108	SINE/MIR	519	-	50	6766058	80588
chr1	240671354	240871354	harbor2	chr1	240737859	240737992	SINE/MIR	474	-	66	240737925	66571
chr1	156560138	156760138	harbor2	chr1	156587207	156587397	SINE/MIR	689	-	95	156587302	27164
chr1	156560138	156760138	harbor2	chr1	156593049	156593170	SINE/MIR	459	-	60	156593109	32971
chr1	156560138	156760138	harbor2	chr1	156599570	156599781	SINE/MIR	706	-	106	156599676	39538
chr1	156560138	156760138	harbor2	chr1	156600390	156600566	SINE/MIR	514	-	88	156600478	40340
chr1	156560138	156760138	harbor2	chr1	156620844	156621019	SINE/MIR	775	-	88	156620932	60794
chr1	156560138	156760138	harbor2	chr1	156565489	156565684	SINE/MIR	673	-	98	156565587	5449
chr1	6135664	6335664	harbor2	chr1	6223653	6223847	SINE/MIR	451	-	97	6223750	88086
chr1	6135664	6335664	harbor2	chr1	6226625	6226744	SINE/MIR	455	-	60	6226685	91021
chr1	6135664	6335664	harbor2	chr1	6226875	6226968	SINE/MIR	455	-	46	6226921	91257
chr1	6135664	6335664	harbor2	chr1	6176647	6176883	SINE/MIR	634	-	118	6176765	41101
chr1	16625198	16825198	harbor2	chr1	16682379	16682595	SINE/MIR	452	-	108	16682487	57289
chr1	16625198	16825198	harbor2	chr1	16682807	16683029	SINE/MIR	497	-	111	16682918	57720
chr1	16625198	16825198	harbor2	chr1	16711679	16711933	SINE/MIR	736	-	127	16711806	86608
chr1	156560141	156760141	harbor2	chr1	156587207	156587397	SINE/MIR	689	-	95	156587302	27161
chr1	156560141	156760141	harbor2	chr1	156593049	156593170	SINE/MIR	459	-	60	156593109	32968
chr1	156560141	156760141	harbor2	chr1	156599570	156599781	SINE/MIR	706	-	106	156599676	39535
chr1	156560141	156760141	harbor2	chr1	156600390	156600566	SINE/MIR	514	-	88	156600478	40337
chr1	156560141	156760141	harbor2	chr1	156620844	156621019	SINE/MIR	775	-	88	156620932	60791
chr1	156560141	156760141	harbor2	chr1	156565489	156565684	SINE/MIR	673	-	98	156565587	5446
chr1	6685464	6885464	harbor2	chr1	6718762	6718784	SINE/MIR	686	-	11	6718773	33309
chr1	6685464	6885464	harbor2	chr1	6719300	6719449	SINE/MIR	686	-	74	6719374	33910
chr1	6685464	6885464	harbor2	chr1	6719754	6719821	SINE/MIR	686	-	34	6719788	34324
chr1	6685464	6885464	harbor2	chr1	6765477	6765628	SINE/MIR	519	-	76	6765553	80089
chr1	6685464	6885464	harbor2	chr1	6766008	6766108	SINE/MIR	519	-	50	6766058	80594
chr1	245603502	245803502	harbor2	chr1	245604799	245604965	SINE/MIR	534	-	83	245604882	1380
chr1	245603502	245803502	harbor2	chr1	245653467	245653624	SINE/MIR	614	-	78	245653545	50043
chr1	53374991	53574991	harbor2	chr1	53378773	53379017	SINE/MIR	647	-	122	53378895	3904
chr1	53374991	53574991	harbor2	chr1	53406385	53406617	SINE/MIR	931	-	116	53406501	31510
chr1	53374991	53574991	harbor2	chr1	53416869	53417105	SINE/MIR	507	-	118	53416987	41996
chr1	53374991	53574991	harbor2	chr1	53471069	53471255	SINE/MIR	501	-	93	53471162	96171
chr1	53374991	53574991	harbor2	chr1	53472445	53472676	SINE/MIR	480	-	116	53472561	97570
chr1	16545159	16745159	harbor2	chr1	16549882	16549929	SINE/MIR	671	-	24	16549906	4747
chr1	16545159	16745159	harbor2	chr1	16550232	16550380	SINE/MIR	671	-	74	16550306	5147
chr1	16545159	16745159	harbor2	chr1	16551364	16551580	SINE/MIR	493	-	108	16551472	6313
chr1	16545159	16745159	harbor2	chr1	16551815	16552014	SINE/MIR	530	-	100	16551915	6756
chr1	16545159	16745159	harbor2	chr1	16584312	16584458	SINE/MIR	440	-	73	16584385	39226
chr1	16545159	16745159	harbor2	chr1	16616012	16616256	SINE/MIR	462	-	122	16616134	70975
chr1	16545159	16745159	harbor2	chr1	16619309	16619456	SINE/MIR	456	-	74	16619383	74224
chr1	16545159	16745159	harbor2	chr1	16621378	16621593	SINE/MIR	530	-	108	16621486	76327
chr1	16545159	16745159	harbor2	chr1	16623030	16623201	SINE/MIR	537	-	86	16623116	77957
chr1	16545159	16745159	harbor2	chr1	16623585	16623784	SINE/MIR	569	-	100	16623685	78526
chr1	225783160	225983160	harbor2	chr1	225823049	225823161	SINE/MIR	530	-	56	225823105	39945
chr1	225783160	225983160	harbor2	chr1	225829305	225829513	SINE/MIR	455	-	104	225829409	46249
chr1	225783160	225983160	harbor2	chr1	225863957	225864169	SINE/MIR	902	-	106	225864063	80903
chr1	225783160	225983160	harbor2	chr1	225877141	225877310	SINE/MIR	521	-	84	225877225	94065
chr1	23859371	24059371	harbor2	chr1	23861901	23862104	SINE/MIR	483	-	102	23862003	2632
chr1	23859371	24059371	harbor2	chr1	23862652	23862840	SINE/MIR	552	-	94	23862746	3375
chr1	23859371	24059371	harbor2	chr1	23869775	23869974	SINE/MIR	552	-	100	23869875	10504
chr1	23859371	24059371	harbor2	chr1	23893689	23893835	SINE/MIR	610	-	73	23893762	34391
chr1	23859371	24059371	harbor2	chr1	23899103	23899265	SINE/MIR	513	-	81	23899184	39813
chr1	23859371	24059371	harbor2	chr1	23903746	23903924	SINE/MIR	473	-	89	23903835	44464
chr1	23859371	24059371	harbor2	chr1	23929256	23929345	SINE/MIR	731	-	44	23929300	69929
chr1	23859371	24059371	harbor2	chr1	23929654	23929817	SINE/MIR	731	-	82	23929736	70365
chr1	23859371	24059371	harbor2	chr1	23953107	23953340	SINE/MIR	718	-	116	23953223	93852
chr1	53944027	54144027	harbor2	chr1	53956473	53956594	SINE/MIR	476	-	60	53956533	12506
chr1	53944027	54144027	harbor2	chr1	53964652	53964845	SINE/MIR	747	-	96	53964748	20721
chr1	53944027	54144027	harbor2	chr1	53967262	53967476	SINE/MIR	703	-	107	53967369	23342
chr1	53944027	54144027	harbor2	chr1	54020804	54021013	SINE/MIR	953	-	104	54020908	76881
chr1	53944027	54144027	harbor2	chr1	54023512	54023730	SINE/MIR	847	-	109	54023621	79594
chr1	211034336	211234336	harbor2	chr1	211046452	211046686	SINE/MIR	846	-	117	211046569	12233
chr1	211034336	211234336	harbor2	chr1	211046691	211046895	SINE/MIR	588	-	102	211046793	12457
chr1	211034336	211234336	harbor2	chr1	211051779	211051960	SINE/MIR	658	-	90	211051869	17533
chr1	2389828	2589828	harbor2	chr1	2393539	2393763	SINE/MIR	494	-	112	2393651	3823
chr1	2389828	2589828	harbor2	chr1	2399666	2399853	SINE/MIR	493	-	94	2399760	9932
chr1	201845418	202045418	harbor2	chr1	201938014	201938126	SINE/MIR	683	-	56	201938070	92652
chr1	201845418	202045418	harbor2	chr1	201938429	201938578	SINE/MIR	683	-	74	201938503	93085
chr1	201845418	202045418	harbor2	chr1	201939244	201939356	SINE/MIR	452	-	56	201939300	93882
chr1	201845418	202045418	harbor2	chr1	201943702	201943945	SINE/MIR	658	-	122	201943824	98406
chr1	226638243	226838243	harbor2	chr1	226661294	226661503	SINE/MIR	449	-	104	226661398	23155
chr1	226638243	226838243	harbor2	chr1	226683309	226683541	SINE/MIR	557	-	116	226683425	45182
chr1	226638243	226838243	harbor2	chr1	226692117	226692236	SINE/MIR	451	-	60	226692177	53934
chr1	226638243	226838243	harbor2	chr1	226694512	226694627	SINE/MIR	533	-	58	226694570	56327
chr1	226638243	226838243	harbor2	chr1	226694835	226694933	SINE/MIR	533	-	49	226694884	56641
chr1	226638243	226838243	harbor2	chr1	226724062	226724265	SINE/MIR	541	-	102	226724164	85921
chr1	226638243	226838243	harbor2	chr1	226724480	226724695	SINE/MIR	719	-	108	226724588	86345
chr1	6685487	6885487	harbor2	chr1	6718762	6718784	SINE/MIR	686	-	11	6718773	33286
chr1	6685487	6885487	harbor2	chr1	6719300	6719449	SINE/MIR	686	-	74	6719374	33887
chr1	6685487	6885487	harbor2	chr1	6719754	6719821	SINE/MIR	686	-	34	6719788	34301
chr1	6685487	6885487	harbor2	chr1	6765477	6765628	SINE/MIR	519	-	76	6765553	80066
chr1	6685487	6885487	harbor2	chr1	6766008	6766108	SINE/MIR	519	-	50	6766058	80571
chr1	16544788	16744788	harbor2	chr1	16549882	16549929	SINE/MIR	671	-	24	16549906	5118
chr1	16544788	16744788	harbor2	chr1	16550232	16550380	SINE/MIR	671	-	74	16550306	5518
chr1	16544788	16744788	harbor2	chr1	16551364	16551580	SINE/MIR	493	-	108	16551472	6684
chr1	16544788	16744788	harbor2	chr1	16551815	16552014	SINE/MIR	530	-	100	16551915	7127
chr1	16544788	16744788	harbor2	chr1	16584312	16584458	SINE/MIR	440	-	73	16584385	39597
chr1	16544788	16744788	harbor2	chr1	16616012	16616256	SINE/MIR	462	-	122	16616134	71346
chr1	16544788	16744788	harbor2	chr1	16619309	16619456	SINE/MIR	456	-	74	16619383	74595
chr1	16544788	16744788	harbor2	chr1	16621378	16621593	SINE/MIR	530	-	108	16621486	76698
chr1	16544788	16744788	harbor2	chr1	16623030	16623201	SINE/MIR	537	-	86	16623116	78328
chr1	16544788	16744788	harbor2	chr1	16623585	16623784	SINE/MIR	569	-	100	16623685	78897
chr1	46124232	46324232	harbor2	chr1	46136996	46137188	SINE/MIR	750	-	96	46137092	12860
chr1	46124232	46324232	harbor2	chr1	46165235	46165293	SINE/MIR	446	-	29	46165264	41032
chr1	46124232	46324232	harbor2	chr1	46165606	46165715	SINE/MIR	446	-	54	46165660	41428
chr1	46124232	46324232	harbor2	chr1	46176748	46176872	SINE/MIR	642	-	62	46176810	52578
chr1	46124232	46324232	harbor2	chr1	46177854	46177969	SINE/MIR	642	-	58	46177912	53680
chr1	46124232	46324232	harbor2	chr1	46191526	46191633	SINE/MIR	698	-	54	46191580	67348
chr1	46124232	46324232	harbor2	chr1	46191934	46192072	SINE/MIR	698	-	69	46192003	67771
chr1	46124232	46324232	harbor2	chr1	46198868	46198936	SINE/MIR	451	-	34	46198902	74670
chr1	46124232	46324232	harbor2	chr1	46199237	46199364	SINE/MIR	451	-	64	46199301	75069
chr1	46124232	46324232	harbor2	chr1	46219363	46219568	SINE/MIR	649	-	102	46219465	95233
chr1	54391077	54591077	harbor2	chr1	54393657	54393758	SINE/MIR	447	-	50	54393707	2630
chr1	54391077	54591077	harbor2	chr1	54394060	54394148	SINE/MIR	447	-	44	54394104	3027
chr1	54391077	54591077	harbor2	chr1	54420407	54420578	SINE/MIR	489	-	86	54420493	29416
chr1	54391077	54591077	harbor2	chr1	54440298	54440496	SINE/MIR	547	-	99	54440397	49320
chr1	54391077	54591077	harbor2	chr1	54464053	54464237	SINE/MIR	464	-	92	54464145	73068
chr1	244870487	245070487	harbor2	chr1	244875581	244875803	SINE/MIR	730	-	111	244875692	5205
chr1	244870487	245070487	harbor2	chr1	244921234	244921427	SINE/MIR	514	-	96	244921330	50843
chr1	244870487	245070487	harbor2	chr1	244921451	244921655	SINE/MIR	822	-	102	244921553	51066
chr1	244870487	245070487	harbor2	chr1	244953441	244953707	SINE/MIR	686	-	133	244953574	83087
chr1	244870487	245070487	harbor2	chr1	244963639	244963793	SINE/MIR	440	-	77	244963716	93229
chr1	6685468	6885468	harbor2	chr1	6718762	6718784	SINE/MIR	686	-	11	6718773	33305
chr1	6685468	6885468	harbor2	chr1	6719300	6719449	SINE/MIR	686	-	74	6719374	33906
chr1	6685468	6885468	harbor2	chr1	6719754	6719821	SINE/MIR	686	-	34	6719788	34320
chr1	6685468	6885468	harbor2	chr1	6765477	6765628	SINE/MIR	519	-	76	6765553	80085
chr1	6685468	6885468	harbor2	chr1	6766008	6766108	SINE/MIR	519	-	50	6766058	80590
chr1	6871137	7071137	harbor2	chr1	6880949	6881183	SINE/MIR	796	-	117	6881066	9929
chr1	6871137	7071137	harbor2	chr1	6948426	6948570	SINE/MIR	546	-	72	6948498	77361
chr1	6871137	7071137	harbor2	chr1	6959920	6960133	SINE/MIR	579	-	106	6960026	88889
chr1	6871137	7071137	harbor2	chr1	6960828	6961031	SINE/MIR	807	-	102	6960930	89793
chr1	65260750	65460750	harbor2	chr1	65262236	65262448	SINE/MIR	669	-	106	65262342	1592
chr1	65260750	65460750	harbor2	chr1	65262752	65262795	SINE/MIR	669	-	22	65262774	2024
chr1	65260750	65460750	harbor2	chr1	65263384	65263606	SINE/MIR	607	-	111	65263495	2745
chr1	65260750	65460750	harbor2	chr1	65268449	65268636	SINE/MIR	443	-	94	65268543	7793
chr1	65260750	65460750	harbor2	chr1	65286736	65286985	SINE/MIR	747	-	124	65286860	26110
chr1	65260750	65460750	harbor2	chr1	65299557	65299729	SINE/MIR	535	-	86	65299643	38893
chr1	65260750	65460750	harbor2	chr1	65305900	65306069	SINE/MIR	633	-	84	65305984	45234
chr1	65260750	65460750	harbor2	chr1	65315632	65315779	SINE/MIR	526	-	74	65315706	54956
chr1	65260750	65460750	harbor2	chr1	65331341	65331534	SINE/MIR	471	-	96	65331437	70687
chr1	65260750	65460750	harbor2	chr1	65333398	65333574	SINE/MIR	692	-	88	65333486	72736
chr1	65260750	65460750	harbor2	chr1	65345377	65345569	SINE/MIR	747	-	96	65345473	84723
chr1	160440370	160640370	harbor2	chr1	160447706	160447971	SINE/MIR	531	-	132	160447838	7468
chr1	160440370	160640370	harbor2	chr1	160459652	160459826	SINE/MIR	714	-	87	160459739	19369
chr1	160440370	160640370	harbor2	chr1	160489576	160489702	SINE/MIR	495	-	63	160489639	49269
chr1	160440370	160640370	harbor2	chr1	160496896	160497099	SINE/MIR	863	-	102	160496998	56628
chr1	168036739	168236739	harbor2	chr1	168090024	168090236	SINE/MIR	522	-	106	168090130	53391
chr1	16544790	16744790	harbor2	chr1	16549882	16549929	SINE/MIR	671	-	24	16549906	5116
chr1	16544790	16744790	harbor2	chr1	16550232	16550380	SINE/MIR	671	-	74	16550306	5516
chr1	16544790	16744790	harbor2	chr1	16551364	16551580	SINE/MIR	493	-	108	16551472	6682
chr1	16544790	16744790	harbor2	chr1	16551815	16552014	SINE/MIR	530	-	100	16551915	7125
chr1	16544790	16744790	harbor2	chr1	16584312	16584458	SINE/MIR	440	-	73	16584385	39595
chr1	16544790	16744790	harbor2	chr1	16616012	16616256	SINE/MIR	462	-	122	16616134	71344
chr1	16544790	16744790	harbor2	chr1	16619309	16619456	SINE/MIR	456	-	74	16619383	74593
chr1	16544790	16744790	harbor2	chr1	16621378	16621593	SINE/MIR	530	-	108	16621486	76696
chr1	16544790	16744790	harbor2	chr1	16623030	16623201	SINE/MIR	537	-	86	16623116	78326
chr1	16544790	16744790	harbor2	chr1	16623585	16623784	SINE/MIR	569	-	100	16623685	78895
chr1	2379170	2579170	harbor2	chr1	2393539	2393763	SINE/MIR	494	-	112	2393651	14481
chr1	2379170	2579170	harbor2	chr1	2399666	2399853	SINE/MIR	493	-	94	2399760	20590
chr1	16545176	16745176	harbor2	chr1	16549882	16549929	SINE/MIR	671	-	24	16549906	4730
chr1	16545176	16745176	harbor2	chr1	16550232	16550380	SINE/MIR	671	-	74	16550306	5130
chr1	16545176	16745176	harbor2	chr1	16551364	16551580	SINE/MIR	493	-	108	16551472	6296
chr1	16545176	16745176	harbor2	chr1	16551815	16552014	SINE/MIR	530	-	100	16551915	6739
chr1	16545176	16745176	harbor2	chr1	16584312	16584458	SINE/MIR	440	-	73	16584385	39209
chr1	16545176	16745176	harbor2	chr1	16616012	16616256	SINE/MIR	462	-	122	16616134	70958
chr1	16545176	16745176	harbor2	chr1	16619309	16619456	SINE/MIR	456	-	74	16619383	74207
chr1	16545176	16745176	harbor2	chr1	16621378	16621593	SINE/MIR	530	-	108	16621486	76310
chr1	16545176	16745176	harbor2	chr1	16623030	16623201	SINE/MIR	537	-	86	16623116	77940
chr1	16545176	16745176	harbor2	chr1	16623585	16623784	SINE/MIR	569	-	100	16623685	78509
chr1	16545073	16745073	harbor2	chr1	16549882	16549929	SINE/MIR	671	-	24	16549906	4833
chr1	16545073	16745073	harbor2	chr1	16550232	16550380	SINE/MIR	671	-	74	16550306	5233
chr1	16545073	16745073	harbor2	chr1	16551364	16551580	SINE/MIR	493	-	108	16551472	6399
chr1	16545073	16745073	harbor2	chr1	16551815	16552014	SINE/MIR	530	-	100	16551915	6842
chr1	16545073	16745073	harbor2	chr1	16584312	16584458	SINE/MIR	440	-	73	16584385	39312
chr1	16545073	16745073	harbor2	chr1	16616012	16616256	SINE/MIR	462	-	122	16616134	71061
chr1	16545073	16745073	harbor2	chr1	16619309	16619456	SINE/MIR	456	-	74	16619383	74310
chr1	16545073	16745073	harbor2	chr1	16621378	16621593	SINE/MIR	530	-	108	16621486	76413
chr1	16545073	16745073	harbor2	chr1	16623030	16623201	SINE/MIR	537	-	86	16623116	78043
chr1	16545073	16745073	harbor2	chr1	16623585	16623784	SINE/MIR	569	-	100	16623685	78612
chr1	53939662	54139662	harbor2	chr1	53956473	53956594	SINE/MIR	476	-	60	53956533	16871
chr1	53939662	54139662	harbor2	chr1	53964652	53964845	SINE/MIR	747	-	96	53964748	25086
chr1	53939662	54139662	harbor2	chr1	53967262	53967476	SINE/MIR	703	-	107	53967369	27707
chr1	53939662	54139662	harbor2	chr1	54020804	54021013	SINE/MIR	953	-	104	54020908	81246
chr1	53939662	54139662	harbor2	chr1	54023512	54023730	SINE/MIR	847	-	109	54023621	83959
chr1	226011849	226211849	harbor2	chr1	226011954	226012070	SINE/MIR	514	-	58	226012012	163
chr1	226011849	226211849	harbor2	chr1	226029046	226029186	SINE/MIR	444	-	70	226029116	17267
chr1	226011849	226211849	harbor2	chr1	226054081	226054294	SINE/MIR	507	-	106	226054187	42338
chr1	226011849	226211849	harbor2	chr1	226065846	226066047	SINE/MIR	604	-	100	226065946	54097
chr1	16617135	16817135	harbor2	chr1	16619309	16619456	SINE/MIR	456	-	74	16619383	2248
chr1	16617135	16817135	harbor2	chr1	16621378	16621593	SINE/MIR	530	-	108	16621486	4351
chr1	16617135	16817135	harbor2	chr1	16623030	16623201	SINE/MIR	537	-	86	16623116	5981
chr1	16617135	16817135	harbor2	chr1	16623585	16623784	SINE/MIR	569	-	100	16623685	6550
chr1	16617135	16817135	harbor2	chr1	16682379	16682595	SINE/MIR	452	-	108	16682487	65352
chr1	16617135	16817135	harbor2	chr1	16682807	16683029	SINE/MIR	497	-	111	16682918	65783
chr1	16617135	16817135	harbor2	chr1	16711679	16711933	SINE/MIR	736	-	127	16711806	94671
chr1	205330793	205530793	harbor2	chr1	205333743	205333939	SINE/MIR	585	-	98	205333841	3048
chr1	205330793	205530793	harbor2	chr1	205346519	205346745	SINE/MIR	560	-	113	205346632	15839
chr1	205330793	205530793	harbor2	chr1	205353765	205354005	SINE/MIR	450	-	120	205353885	23092
chr1	205330793	205530793	harbor2	chr1	205355556	205355786	SINE/MIR	651	-	115	205355671	24878
chr1	205330793	205530793	harbor2	chr1	205367815	205367978	SINE/MIR	510	-	82	205367897	37104
chr1	205330793	205530793	harbor2	chr1	205380918	205381149	SINE/MIR	560	-	116	205381034	50241
chr1	205330793	205530793	harbor2	chr1	205387867	205388109	SINE/MIR	818	-	121	205387988	57195
chr1	205330793	205530793	harbor2	chr1	205388131	205388194	SINE/MIR	634	-	32	205388163	57370
chr1	205330793	205530793	harbor2	chr1	205388489	205388649	SINE/MIR	642	-	80	205388569	57776
chr1	205330793	205530793	harbor2	chr1	205409392	205409605	SINE/MIR	840	-	106	205409498	78705
chr1	16545165	16745165	harbor2	chr1	16549882	16549929	SINE/MIR	671	-	24	16549906	4741
chr1	16545165	16745165	harbor2	chr1	16550232	16550380	SINE/MIR	671	-	74	16550306	5141
chr1	16545165	16745165	harbor2	chr1	16551364	16551580	SINE/MIR	493	-	108	16551472	6307
chr1	16545165	16745165	harbor2	chr1	16551815	16552014	SINE/MIR	530	-	100	16551915	6750
chr1	16545165	16745165	harbor2	chr1	16584312	16584458	SINE/MIR	440	-	73	16584385	39220
chr1	16545165	16745165	harbor2	chr1	16616012	16616256	SINE/MIR	462	-	122	16616134	70969
chr1	16545165	16745165	harbor2	chr1	16619309	16619456	SINE/MIR	456	-	74	16619383	74218
chr1	16545165	16745165	harbor2	chr1	16621378	16621593	SINE/MIR	530	-	108	16621486	76321
chr1	16545165	16745165	harbor2	chr1	16623030	16623201	SINE/MIR	537	-	86	16623116	77951
chr1	16545165	16745165	harbor2	chr1	16623585	16623784	SINE/MIR	569	-	100	16623685	78520
chr1	16546378	16746378	harbor2	chr1	16549882	16549929	SINE/MIR	671	-	24	16549906	3528
chr1	16546378	16746378	harbor2	chr1	16550232	16550380	SINE/MIR	671	-	74	16550306	3928
chr1	16546378	16746378	harbor2	chr1	16551364	16551580	SINE/MIR	493	-	108	16551472	5094
chr1	16546378	16746378	harbor2	chr1	16551815	16552014	SINE/MIR	530	-	100	16551915	5537
chr1	16546378	16746378	harbor2	chr1	16584312	16584458	SINE/MIR	440	-	73	16584385	38007
chr1	16546378	16746378	harbor2	chr1	16616012	16616256	SINE/MIR	462	-	122	16616134	69756
chr1	16546378	16746378	harbor2	chr1	16619309	16619456	SINE/MIR	456	-	74	16619383	73005
chr1	16546378	16746378	harbor2	chr1	16621378	16621593	SINE/MIR	530	-	108	16621486	75108
chr1	16546378	16746378	harbor2	chr1	16623030	16623201	SINE/MIR	537	-	86	16623116	76738
chr1	16546378	16746378	harbor2	chr1	16623585	16623784	SINE/MIR	569	-	100	16623685	77307
chr1	16544815	16744815	harbor2	chr1	16549882	16549929	SINE/MIR	671	-	24	16549906	5091
chr1	16544815	16744815	harbor2	chr1	16550232	16550380	SINE/MIR	671	-	74	16550306	5491
chr1	16544815	16744815	harbor2	chr1	16551364	16551580	SINE/MIR	493	-	108	16551472	6657
chr1	16544815	16744815	harbor2	chr1	16551815	16552014	SINE/MIR	530	-	100	16551915	7100
chr1	16544815	16744815	harbor2	chr1	16584312	16584458	SINE/MIR	440	-	73	16584385	39570
chr1	16544815	16744815	harbor2	chr1	16616012	16616256	SINE/MIR	462	-	122	16616134	71319
chr1	16544815	16744815	harbor2	chr1	16619309	16619456	SINE/MIR	456	-	74	16619383	74568
chr1	16544815	16744815	harbor2	chr1	16621378	16621593	SINE/MIR	530	-	108	16621486	76671
chr1	16544815	16744815	harbor2	chr1	16623030	16623201	SINE/MIR	537	-	86	16623116	78301
chr1	16544815	16744815	harbor2	chr1	16623585	16623784	SINE/MIR	569	-	100	16623685	78870
chr1	2375235	2575235	harbor2	chr1	2393539	2393763	SINE/MIR	494	-	112	2393651	18416
chr1	2375235	2575235	harbor2	chr1	2399666	2399853	SINE/MIR	493	-	94	2399760	24525
chr1	33270603	33470603	harbor2	chr1	33277233	33277375	SINE/MIR	479	-	71	33277304	6701
chr1	33270603	33470603	harbor2	chr1	33288138	33288262	SINE/MIR	493	-	62	33288200	17597
chr1	33270603	33470603	harbor2	chr1	33294164	33294346	SINE/MIR	828	-	91	33294255	23652
chr1	33270603	33470603	harbor2	chr1	33298425	33298573	SINE/MIR	481	-	74	33298499	27896
chr1	33270603	33470603	harbor2	chr1	33319042	33319172	SINE/MIR	445	-	65	33319107	48504
chr1	33270603	33470603	harbor2	chr1	33361851	33362070	SINE/MIR	694	-	110	33361961	91358
chr1	211033758	211233758	harbor2	chr1	211046452	211046686	SINE/MIR	846	-	117	211046569	12811
chr1	211033758	211233758	harbor2	chr1	211046691	211046895	SINE/MIR	588	-	102	211046793	13035
chr1	211033758	211233758	harbor2	chr1	211051779	211051960	SINE/MIR	658	-	90	211051869	18111
chr1	3315101	3515101	harbor2	chr1	3345451	3345633	SINE/MIR	455	-	91	3345542	30441
chr1	3315101	3515101	harbor2	chr1	3356586	3356796	SINE/MIR	441	-	105	3356691	41590
chr1	3696450	3896450	harbor2	chr1	3701467	3701502	SINE/MIR	439	-	18	3701485	5035
chr1	3696450	3896450	harbor2	chr1	3701809	3701950	SINE/MIR	439	-	70	3701879	5429
chr1	16546331	16746331	harbor2	chr1	16549882	16549929	SINE/MIR	671	-	24	16549906	3575
chr1	16546331	16746331	harbor2	chr1	16550232	16550380	SINE/MIR	671	-	74	16550306	3975
chr1	16546331	16746331	harbor2	chr1	16551364	16551580	SINE/MIR	493	-	108	16551472	5141
chr1	16546331	16746331	harbor2	chr1	16551815	16552014	SINE/MIR	530	-	100	16551915	5584
chr1	16546331	16746331	harbor2	chr1	16584312	16584458	SINE/MIR	440	-	73	16584385	38054
chr1	16546331	16746331	harbor2	chr1	16616012	16616256	SINE/MIR	462	-	122	16616134	69803
chr1	16546331	16746331	harbor2	chr1	16619309	16619456	SINE/MIR	456	-	74	16619383	73052
chr1	16546331	16746331	harbor2	chr1	16621378	16621593	SINE/MIR	530	-	108	16621486	75155
chr1	16546331	16746331	harbor2	chr1	16623030	16623201	SINE/MIR	537	-	86	16623116	76785
chr1	16546331	16746331	harbor2	chr1	16623585	16623784	SINE/MIR	569	-	100	16623685	77354
chr1	154985521	155185521	harbor2	chr1	155013117	155013349	SINE/MIR	962	-	116	155013233	27712
chr1	154985521	155185521	harbor2	chr1	155013360	155013556	SINE/MIR	585	-	98	155013458	27937
chr1	154985521	155185521	harbor2	chr1	155028228	155028309	SINE/MIR	748	-	40	155028268	42747
chr1	154985521	155185521	harbor2	chr1	155028895	155029007	SINE/MIR	748	-	56	155028951	43430
chr1	154985521	155185521	harbor2	chr1	155053526	155053772	SINE/MIR	962	-	123	155053649	68128
chr1	154985521	155185521	harbor2	chr1	155074890	155075134	SINE/MIR	794	-	122	155075012	89491
chr1	19188141	19388141	harbor2	chr1	19199988	19200166	SINE/MIR	597	-	89	19200077	11936
chr1	19188141	19388141	harbor2	chr1	19223065	19223278	SINE/MIR	508	-	106	19223171	35030
chr1	19188141	19388141	harbor2	chr1	19225854	19226013	SINE/MIR	530	-	80	19225934	37793
chr1	19188141	19388141	harbor2	chr1	19227063	19227285	SINE/MIR	838	-	111	19227174	39033
chr1	19188141	19388141	harbor2	chr1	19229729	19229944	SINE/MIR	631	-	108	19229837	41696
chr1	19188141	19388141	harbor2	chr1	19250623	19250853	SINE/MIR	664	-	115	19250738	62597
chr1	10693996	10893996	harbor2	chr1	10740070	10740257	SINE/MIR	443	-	94	10740164	46168
chr1	10693996	10893996	harbor2	chr1	10764441	10764638	SINE/MIR	480	-	98	10764539	70543
chr1	10693996	10893996	harbor2	chr1	10769817	10770030	SINE/MIR	562	-	106	10769923	75927
chr1	10693996	10893996	harbor2	chr1	10781749	10781923	SINE/MIR	475	-	87	10781836	87840
chr1	10693996	10893996	harbor2	chr1	10786560	10786691	SINE/MIR	478	-	66	10786626	92630
chr1	10693996	10893996	harbor2	chr1	10787040	10787260	SINE/MIR	441	-	110	10787150	93154
chr1	89425677	89625677	harbor2	chr1	89463818	89464069	SINE/MIR	900	-	126	89463944	38267
chr1	89425677	89625677	harbor2	chr1	89498978	89499177	SINE/MIR	605	-	100	89499078	73401
chr1	89425677	89625677	harbor2	chr1	89515339	89515541	SINE/MIR	553	-	101	89515440	89763
chr1	153664662	153864662	harbor2	chr1	153692113	153692356	SINE/MIR	672	-	122	153692235	27573
chr1	153664662	153864662	harbor2	chr1	153753149	153753276	SINE/MIR	463	-	64	153753213	88551
chr1	153664662	153864662	harbor2	chr1	153753583	153753651	SINE/MIR	463	-	34	153753617	88955
chr1	16544753	16744753	harbor2	chr1	16549882	16549929	SINE/MIR	671	-	24	16549906	5153
chr1	16544753	16744753	harbor2	chr1	16550232	16550380	SINE/MIR	671	-	74	16550306	5553
chr1	16544753	16744753	harbor2	chr1	16551364	16551580	SINE/MIR	493	-	108	16551472	6719
chr1	16544753	16744753	harbor2	chr1	16551815	16552014	SINE/MIR	530	-	100	16551915	7162
chr1	16544753	16744753	harbor2	chr1	16584312	16584458	SINE/MIR	440	-	73	16584385	39632
chr1	16544753	16744753	harbor2	chr1	16616012	16616256	SINE/MIR	462	-	122	16616134	71381
chr1	16544753	16744753	harbor2	chr1	16619309	16619456	SINE/MIR	456	-	74	16619383	74630
chr1	16544753	16744753	harbor2	chr1	16621378	16621593	SINE/MIR	530	-	108	16621486	76733
chr1	16544753	16744753	harbor2	chr1	16623030	16623201	SINE/MIR	537	-	86	16623116	78363
chr1	16544753	16744753	harbor2	chr1	16623585	16623784	SINE/MIR	569	-	100	16623685	78932
chr1	16544725	16744725	harbor2	chr1	16549882	16549929	SINE/MIR	671	-	24	16549906	5181
chr1	16544725	16744725	harbor2	chr1	16550232	16550380	SINE/MIR	671	-	74	16550306	5581
chr1	16544725	16744725	harbor2	chr1	16551364	16551580	SINE/MIR	493	-	108	16551472	6747
chr1	16544725	16744725	harbor2	chr1	16551815	16552014	SINE/MIR	530	-	100	16551915	7190
chr1	16544725	16744725	harbor2	chr1	16584312	16584458	SINE/MIR	440	-	73	16584385	39660
chr1	16544725	16744725	harbor2	chr1	16616012	16616256	SINE/MIR	462	-	122	16616134	71409
chr1	16544725	16744725	harbor2	chr1	16619309	16619456	SINE/MIR	456	-	74	16619383	74658
chr1	16544725	16744725	harbor2	chr1	16621378	16621593	SINE/MIR	530	-	108	16621486	76761
chr1	16544725	16744725	harbor2	chr1	16623030	16623201	SINE/MIR	537	-	86	16623116	78391
chr1	16544725	16744725	harbor2	chr1	16623585	16623784	SINE/MIR	569	-	100	16623685	78960
chr1	16821931	17021931	harbor2	chr1	16917636	16917671	SINE/MIR	639	-	18	16917654	95723
chr1	16821931	17021931	harbor2	chr1	16918076	16918254	SINE/MIR	639	-	89	16918165	96234
chr1	145858041	146058041	harbor2	chr1	145869770	145869901	SINE/MIR	481	-	66	145869836	11795
chr1	145858041	146058041	harbor2	chr1	145870038	145870090	SINE/MIR	538	-	26	145870064	12023
chr1	145858041	146058041	harbor2	chr1	145870392	145870516	SINE/MIR	538	-	62	145870454	12413
chr1	145858041	146058041	harbor2	chr1	145880811	145881003	SINE/MIR	494	-	96	145880907	22866
chr1	145858041	146058041	harbor2	chr1	145881312	145881361	SINE/MIR	494	-	24	145881336	23295
chr1	145858041	146058041	harbor2	chr1	145890690	145890897	SINE/MIR	522	-	104	145890794	32753
chr1	145858041	146058041	harbor2	chr1	145895014	145895227	SINE/MIR	811	-	106	145895120	37079
chr1	145858041	146058041	harbor2	chr1	145898270	145898361	SINE/MIR	720	-	46	145898316	40275
chr1	145858041	146058041	harbor2	chr1	145898667	145898817	SINE/MIR	720	-	75	145898742	40701
chr1	145858041	146058041	harbor2	chr1	145899821	145900027	SINE/MIR	609	-	103	145899924	41883
chr1	145858041	146058041	harbor2	chr1	145947025	145947119	SINE/MIR	453	-	47	145947072	89031
chr1	145858041	146058041	harbor2	chr1	145948204	145948439	SINE/MIR	846	-	118	145948322	90281
chr1	145858041	146058041	harbor2	chr1	145954789	145954974	SINE/MIR	565	-	92	145954881	96840
chr1	16660930	16860930	harbor2	chr1	16682379	16682595	SINE/MIR	452	-	108	16682487	21557
chr1	16660930	16860930	harbor2	chr1	16682807	16683029	SINE/MIR	497	-	111	16682918	21988
chr1	16660930	16860930	harbor2	chr1	16755558	16755796	SINE/MIR	488	-	119	16755677	94747
chr1	16660930	16860930	harbor2	chr1	16711679	16711933	SINE/MIR	736	-	127	16711806	50876
chr1	202857893	203057893	harbor2	chr1	202908158	202908340	SINE/MIR	488	-	91	202908249	50356
chr1	202857893	203057893	harbor2	chr1	202908346	202908582	SINE/MIR	641	-	118	202908464	50571
chr1	202857893	203057893	harbor2	chr1	202910084	202910307	SINE/MIR	692	-	112	202910196	52303
chr1	12673928	12873928	harbor2	chr1	12714735	12714864	SINE/MIR	447	-	64	12714799	40871
chr1	12673928	12873928	harbor2	chr1	12720366	12720640	SINE/MIR	562	-	137	12720503	46575
chr1	12673928	12873928	harbor2	chr1	12735451	12735672	SINE/MIR	437	-	110	12735561	61633
chr1	53371603	53571603	harbor2	chr1	53378773	53379017	SINE/MIR	647	-	122	53378895	7292
chr1	53371603	53571603	harbor2	chr1	53406385	53406617	SINE/MIR	931	-	116	53406501	34898
chr1	53371603	53571603	harbor2	chr1	53416869	53417105	SINE/MIR	507	-	118	53416987	45384
chr1	53371603	53571603	harbor2	chr1	53471069	53471255	SINE/MIR	501	-	93	53471162	99559
chr1	204585865	204785865	harbor2	chr1	204588138	204588353	SINE/MIR	756	-	108	204588246	2381
chr1	204585865	204785865	harbor2	chr1	204598584	204598788	SINE/MIR	669	-	102	204598686	12821
chr1	204585865	204785865	harbor2	chr1	204621873	204622077	SINE/MIR	599	-	102	204621975	36110
chr1	204585865	204785865	harbor2	chr1	204623871	204624071	SINE/MIR	658	-	100	204623971	38106
chr1	204585865	204785865	harbor2	chr1	204633499	204633738	SINE/MIR	456	-	120	204633619	47754
chr1	204585865	204785865	harbor2	chr1	204638265	204638402	SINE/MIR	450	-	68	204638333	52468
chr1	204585865	204785865	harbor2	chr1	204638710	204638755	SINE/MIR	450	-	22	204638732	52867
chr1	204585865	204785865	harbor2	chr1	204639712	204639877	SINE/MIR	712	-	82	204639794	53929
chr1	204585865	204785865	harbor2	chr1	204641505	204641743	SINE/MIR	685	-	119	204641624	55759
chr1	204585865	204785865	harbor2	chr1	204653434	204653575	SINE/MIR	507	-	70	204653504	67639
chr1	204585865	204785865	harbor2	chr1	204654061	204654150	SINE/MIR	456	-	44	204654105	68240
chr1	204585865	204785865	harbor2	chr1	204662345	204662548	SINE/MIR	515	-	102	204662447	76582
chr1	204585865	204785865	harbor2	chr1	204673335	204673572	SINE/MIR	717	-	118	204673453	87588
chr1	204585865	204785865	harbor2	chr1	204677040	204677202	SINE/MIR	487	-	81	204677121	91256
chr1	204585865	204785865	harbor2	chr1	204681341	204681582	SINE/MIR	1119	-	120	204681461	95596
chr1	16544708	16744708	harbor2	chr1	16549882	16549929	SINE/MIR	671	-	24	16549906	5198
chr1	16544708	16744708	harbor2	chr1	16550232	16550380	SINE/MIR	671	-	74	16550306	5598
chr1	16544708	16744708	harbor2	chr1	16551364	16551580	SINE/MIR	493	-	108	16551472	6764
chr1	16544708	16744708	harbor2	chr1	16551815	16552014	SINE/MIR	530	-	100	16551915	7207
chr1	16544708	16744708	harbor2	chr1	16584312	16584458	SINE/MIR	440	-	73	16584385	39677
chr1	16544708	16744708	harbor2	chr1	16616012	16616256	SINE/MIR	462	-	122	16616134	71426
chr1	16544708	16744708	harbor2	chr1	16619309	16619456	SINE/MIR	456	-	74	16619383	74675
chr1	16544708	16744708	harbor2	chr1	16621378	16621593	SINE/MIR	530	-	108	16621486	76778
chr1	16544708	16744708	harbor2	chr1	16623030	16623201	SINE/MIR	537	-	86	16623116	78408
chr1	16544708	16744708	harbor2	chr1	16623585	16623784	SINE/MIR	569	-	100	16623685	78977
chr1	205492013	205692013	harbor2	chr1	205496098	205496276	SINE/MIR	574	-	89	205496187	4174
chr1	205492013	205692013	harbor2	chr1	205501421	205501544	SINE/MIR	451	-	62	205501483	9470
chr1	205492013	205692013	harbor2	chr1	205502334	205502551	SINE/MIR	439	-	108	205502442	10429
chr1	205492013	205692013	harbor2	chr1	205506503	205506694	SINE/MIR	568	-	96	205506599	14586
chr1	205492013	205692013	harbor2	chr1	205531048	205531235	SINE/MIR	726	-	94	205531142	39129
chr1	205492013	205692013	harbor2	chr1	205544360	205544520	SINE/MIR	530	-	80	205544440	52427
chr1	205492013	205692013	harbor2	chr1	205571087	205571311	SINE/MIR	1021	-	112	205571199	79186
chr1	205492013	205692013	harbor2	chr1	205576388	205576567	SINE/MIR	561	-	90	205576478	84465
chr1	205492013	205692013	harbor2	chr1	205590854	205591059	SINE/MIR	517	-	102	205590956	98943
chr1	17636788	17836788	harbor2	chr1	17640881	17641108	SINE/MIR	597	-	114	17640995	4207
chr1	17636788	17836788	harbor2	chr1	17648158	17648384	SINE/MIR	622	-	113	17648271	11483
chr1	17636788	17836788	harbor2	chr1	17649080	17649293	SINE/MIR	585	-	106	17649186	12398
chr1	17636788	17836788	harbor2	chr1	17663683	17663900	SINE/MIR	642	-	108	17663791	27003
chr1	17636788	17836788	harbor2	chr1	17669345	17669578	SINE/MIR	1076	-	116	17669461	32673
chr1	17636788	17836788	harbor2	chr1	17688996	17689165	SINE/MIR	442	-	84	17689080	52292
chr1	17636788	17836788	harbor2	chr1	17689894	17690145	SINE/MIR	494	-	126	17690020	53232
chr1	17636788	17836788	harbor2	chr1	17694271	17694415	SINE/MIR	513	-	72	17694343	57555
chr1	17636788	17836788	harbor2	chr1	17707020	17707248	SINE/MIR	499	-	114	17707134	70346
chr1	17636788	17836788	harbor2	chr1	17710074	17710141	SINE/MIR	555	-	34	17710108	73320
chr1	17636788	17836788	harbor2	chr1	17710561	17710736	SINE/MIR	555	-	88	17710649	73861
chr1	17636788	17836788	harbor2	chr1	17712997	17713159	SINE/MIR	462	-	81	17713078	76290
chr1	17636788	17836788	harbor2	chr1	17713566	17713626	SINE/MIR	468	-	30	17713596	76808
chr1	17636788	17836788	harbor2	chr1	17713939	17714090	SINE/MIR	468	-	76	17714015	77227
chr1	17636788	17836788	harbor2	chr1	17715266	17715448	SINE/MIR	506	-	91	17715357	78569
chr1	17636788	17836788	harbor2	chr1	17715862	17716026	SINE/MIR	650	-	82	17715944	79156
chr1	17636788	17836788	harbor2	chr1	17718452	17718634	SINE/MIR	489	-	91	17718543	81755
chr1	17636788	17836788	harbor2	chr1	17721159	17721419	SINE/MIR	774	-	130	17721289	84501
chr1	17636788	17836788	harbor2	chr1	17723634	17723854	SINE/MIR	659	-	110	17723744	86956
chr1	17636788	17836788	harbor2	chr1	17733030	17733157	SINE/MIR	481	-	64	17733094	96306
chr1	17636788	17836788	harbor2	chr1	17734187	17734376	SINE/MIR	505	-	94	17734281	97493
chr1	17636788	17836788	harbor2	chr1	17736156	17736366	SINE/MIR	501	-	105	17736261	99473
chr1	154985525	155185525	harbor2	chr1	155013117	155013349	SINE/MIR	962	-	116	155013233	27708
chr1	154985525	155185525	harbor2	chr1	155013360	155013556	SINE/MIR	585	-	98	155013458	27933
chr1	154985525	155185525	harbor2	chr1	155028228	155028309	SINE/MIR	748	-	40	155028268	42743
chr1	154985525	155185525	harbor2	chr1	155028895	155029007	SINE/MIR	748	-	56	155028951	43426
chr1	154985525	155185525	harbor2	chr1	155053526	155053772	SINE/MIR	962	-	123	155053649	68124
chr1	154985525	155185525	harbor2	chr1	155074890	155075134	SINE/MIR	794	-	122	155075012	89487
chr1	216443727	216643727	harbor2	chr1	216453772	216454005	SINE/MIR	771	-	116	216453888	10161
chr1	216443727	216643727	harbor2	chr1	216464966	216465168	SINE/MIR	529	-	101	216465067	21340
chr1	205649090	205849090	harbor2	chr1	205663716	205663918	SINE/MIR	460	-	101	205663817	14727
chr1	205649090	205849090	harbor2	chr1	205677401	205677563	SINE/MIR	671	-	81	205677482	28392
chr1	205649090	205849090	harbor2	chr1	205689290	205689463	SINE/MIR	514	-	86	205689376	40286
chr1	205649090	205849090	harbor2	chr1	205695112	205695278	SINE/MIR	605	-	83	205695195	46105
chr1	205649090	205849090	harbor2	chr1	205698525	205698747	SINE/MIR	662	-	111	205698636	49546
chr1	205649090	205849090	harbor2	chr1	205704388	205704614	SINE/MIR	578	-	113	205704501	55411
chr1	16625110	16825110	harbor2	chr1	16682379	16682595	SINE/MIR	452	-	108	16682487	57377
chr1	16625110	16825110	harbor2	chr1	16682807	16683029	SINE/MIR	497	-	111	16682918	57808
chr1	16625110	16825110	harbor2	chr1	16711679	16711933	SINE/MIR	736	-	127	16711806	86696
chr1	211400835	211600835	harbor2	chr1	211469892	211470057	SINE/MIR	500	-	82	211469974	69139
chr1	211033756	211233756	harbor2	chr1	211046452	211046686	SINE/MIR	846	-	117	211046569	12813
chr1	211033756	211233756	harbor2	chr1	211046691	211046895	SINE/MIR	588	-	102	211046793	13037
chr1	211033756	211233756	harbor2	chr1	211051779	211051960	SINE/MIR	658	-	90	211051869	18113
chr1	16661815	16861815	harbor2	chr1	16682379	16682595	SINE/MIR	452	-	108	16682487	20672
chr1	16661815	16861815	harbor2	chr1	16682807	16683029	SINE/MIR	497	-	111	16682918	21103
chr1	16661815	16861815	harbor2	chr1	16755558	16755796	SINE/MIR	488	-	119	16755677	93862
chr1	16661815	16861815	harbor2	chr1	16711679	16711933	SINE/MIR	736	-	127	16711806	49991
chr1	16544789	16744789	harbor2	chr1	16549882	16549929	SINE/MIR	671	-	24	16549906	5117
chr1	16544789	16744789	harbor2	chr1	16550232	16550380	SINE/MIR	671	-	74	16550306	5517
chr1	16544789	16744789	harbor2	chr1	16551364	16551580	SINE/MIR	493	-	108	16551472	6683
chr1	16544789	16744789	harbor2	chr1	16551815	16552014	SINE/MIR	530	-	100	16551915	7126
chr1	16544789	16744789	harbor2	chr1	16584312	16584458	SINE/MIR	440	-	73	16584385	39596
chr1	16544789	16744789	harbor2	chr1	16616012	16616256	SINE/MIR	462	-	122	16616134	71345
chr1	16544789	16744789	harbor2	chr1	16619309	16619456	SINE/MIR	456	-	74	16619383	74594
chr1	16544789	16744789	harbor2	chr1	16621378	16621593	SINE/MIR	530	-	108	16621486	76697
chr1	16544789	16744789	harbor2	chr1	16623030	16623201	SINE/MIR	537	-	86	16623116	78327
chr1	16544789	16744789	harbor2	chr1	16623585	16623784	SINE/MIR	569	-	100	16623685	78896
chr1	2375888	2575888	harbor2	chr1	2393539	2393763	SINE/MIR	494	-	112	2393651	17763
chr1	2375888	2575888	harbor2	chr1	2399666	2399853	SINE/MIR	493	-	94	2399760	23872
chr1	53371621	53571621	harbor2	chr1	53378773	53379017	SINE/MIR	647	-	122	53378895	7274
chr1	53371621	53571621	harbor2	chr1	53406385	53406617	SINE/MIR	931	-	116	53406501	34880
chr1	53371621	53571621	harbor2	chr1	53416869	53417105	SINE/MIR	507	-	118	53416987	45366
chr1	53371621	53571621	harbor2	chr1	53471069	53471255	SINE/MIR	501	-	93	53471162	99541
chr1	16544734	16744734	harbor2	chr1	16549882	16549929	SINE/MIR	671	-	24	16549906	5172
chr1	16544734	16744734	harbor2	chr1	16550232	16550380	SINE/MIR	671	-	74	16550306	5572
chr1	16544734	16744734	harbor2	chr1	16551364	16551580	SINE/MIR	493	-	108	16551472	6738
chr1	16544734	16744734	harbor2	chr1	16551815	16552014	SINE/MIR	530	-	100	16551915	7181
chr1	16544734	16744734	harbor2	chr1	16584312	16584458	SINE/MIR	440	-	73	16584385	39651
chr1	16544734	16744734	harbor2	chr1	16616012	16616256	SINE/MIR	462	-	122	16616134	71400
chr1	16544734	16744734	harbor2	chr1	16619309	16619456	SINE/MIR	456	-	74	16619383	74649
chr1	16544734	16744734	harbor2	chr1	16621378	16621593	SINE/MIR	530	-	108	16621486	76752
chr1	16544734	16744734	harbor2	chr1	16623030	16623201	SINE/MIR	537	-	86	16623116	78382
chr1	16544734	16744734	harbor2	chr1	16623585	16623784	SINE/MIR	569	-	100	16623685	78951
chr1	18514441	18714441	harbor2	chr1	18529177	18529271	SINE/MIR	648	-	47	18529224	14783
chr1	18514441	18714441	harbor2	chr1	18529635	18529779	SINE/MIR	648	-	72	18529707	15266
chr1	18514441	18714441	harbor2	chr1	18532933	18533165	SINE/MIR	620	-	116	18533049	18608
chr1	18514441	18714441	harbor2	chr1	18538572	18538823	SINE/MIR	811	-	126	18538698	24257
chr1	18514441	18714441	harbor2	chr1	18541848	18541993	SINE/MIR	552	-	72	18541920	27479
chr1	18514441	18714441	harbor2	chr1	18542033	18542225	SINE/MIR	598	-	96	18542129	27688
chr1	18514441	18714441	harbor2	chr1	18550415	18550603	SINE/MIR	676	-	94	18550509	36068
chr1	18514441	18714441	harbor2	chr1	18550749	18550950	SINE/MIR	501	-	100	18550849	36408
chr1	18514441	18714441	harbor2	chr1	18554413	18554553	SINE/MIR	475	-	70	18554483	40042
chr1	18514441	18714441	harbor2	chr1	18563419	18563666	SINE/MIR	934	-	124	18563543	49102
chr1	18514441	18714441	harbor2	chr1	18573000	18573133	SINE/MIR	523	-	66	18573066	58625
chr1	18514441	18714441	harbor2	chr1	18581063	18581279	SINE/MIR	612	-	108	18581171	66730
chr1	18514441	18714441	harbor2	chr1	18583174	18583371	SINE/MIR	513	-	98	18583272	68831
chr1	18514441	18714441	harbor2	chr1	18584439	18584756	SINE/MIR	969	-	158	18584597	70156
chr1	18514441	18714441	harbor2	chr1	18602221	18602426	SINE/MIR	511	-	102	18602323	87882
chr1	18514441	18714441	harbor2	chr1	18603974	18604131	SINE/MIR	469	-	78	18604052	89611
chr1	18514441	18714441	harbor2	chr1	18613301	18613418	SINE/MIR	483	-	58	18613359	98918
chr1	18514441	18714441	harbor2	chr1	18613863	18614053	SINE/MIR	677	-	95	18613958	99517
chr1	53227374	53427374	harbor2	chr1	53235170	53235368	SINE/MIR	566	-	99	53235269	7895
chr1	53227374	53427374	harbor2	chr1	53247096	53247326	SINE/MIR	637	-	115	53247211	19837
chr1	53227374	53427374	harbor2	chr1	53248803	53249026	SINE/MIR	683	-	112	53248915	21541
chr1	53227374	53427374	harbor2	chr1	53255334	53255492	SINE/MIR	576	-	79	53255413	28039
chr1	53227374	53427374	harbor2	chr1	53259415	53259582	SINE/MIR	496	-	84	53259499	32125
chr1	53227374	53427374	harbor2	chr1	53259743	53259789	SINE/MIR	496	-	23	53259766	32392
chr1	53227374	53427374	harbor2	chr1	53275874	53276043	SINE/MIR	620	-	84	53275958	48584
chr1	53227374	53427374	harbor2	chr1	53278044	53278223	SINE/MIR	501	-	90	53278134	50760
chr1	53227374	53427374	harbor2	chr1	53284338	53284448	SINE/MIR	477	-	55	53284393	57019
chr1	53227374	53427374	harbor2	chr1	53285092	53285239	SINE/MIR	458	-	74	53285166	57792
chr1	53227374	53427374	harbor2	chr1	53286870	53287070	SINE/MIR	554	-	100	53286970	59596
chr1	53227374	53427374	harbor2	chr1	53292650	53292833	SINE/MIR	447	-	92	53292742	65368
chr1	53227374	53427374	harbor2	chr1	53315386	53315598	SINE/MIR	568	-	106	53315492	88118
chr1	16545038	16745038	harbor2	chr1	16549882	16549929	SINE/MIR	671	-	24	16549906	4868
chr1	16545038	16745038	harbor2	chr1	16550232	16550380	SINE/MIR	671	-	74	16550306	5268
chr1	16545038	16745038	harbor2	chr1	16551364	16551580	SINE/MIR	493	-	108	16551472	6434
chr1	16545038	16745038	harbor2	chr1	16551815	16552014	SINE/MIR	530	-	100	16551915	6877
chr1	16545038	16745038	harbor2	chr1	16584312	16584458	SINE/MIR	440	-	73	16584385	39347
chr1	16545038	16745038	harbor2	chr1	16616012	16616256	SINE/MIR	462	-	122	16616134	71096
chr1	16545038	16745038	harbor2	chr1	16619309	16619456	SINE/MIR	456	-	74	16619383	74345
chr1	16545038	16745038	harbor2	chr1	16621378	16621593	SINE/MIR	530	-	108	16621486	76448
chr1	16545038	16745038	harbor2	chr1	16623030	16623201	SINE/MIR	537	-	86	16623116	78078
chr1	16545038	16745038	harbor2	chr1	16623585	16623784	SINE/MIR	569	-	100	16623685	78647
chr1	36756807	36956807	harbor2	chr1	36758151	36758382	SINE/MIR	981	-	116	36758267	1460
chr1	36756807	36956807	harbor2	chr1	36771127	36771296	SINE/MIR	489	-	84	36771211	14404
chr1	36756807	36956807	harbor2	chr1	36776124	36776347	SINE/MIR	580	-	112	36776236	19429
chr1	36756807	36956807	harbor2	chr1	36780648	36780883	SINE/MIR	700	-	118	36780766	23959
chr1	36756807	36956807	harbor2	chr1	36784897	36785059	SINE/MIR	691	-	81	36784978	28171
chr1	36756807	36956807	harbor2	chr1	36793347	36793553	SINE/MIR	636	-	103	36793450	36643
chr1	36756807	36956807	harbor2	chr1	36806620	36806865	SINE/MIR	1042	-	122	36806742	49935
chr1	36756807	36956807	harbor2	chr1	36811773	36811979	SINE/MIR	609	-	103	36811876	55069
chr1	36756807	36956807	harbor2	chr1	36838105	36838327	SINE/MIR	626	-	111	36838216	81409
chr1	36756807	36956807	harbor2	chr1	36839340	36839511	SINE/MIR	567	-	86	36839426	82619
chr1	36756807	36956807	harbor2	chr1	36839596	36839775	SINE/MIR	748	-	90	36839686	82879
chr1	36756807	36956807	harbor2	chr1	36840932	36841070	SINE/MIR	596	-	69	36841001	84194
chr1	36756807	36956807	harbor2	chr1	36842722	36842916	SINE/MIR	506	-	97	36842819	86012
chr1	36756807	36956807	harbor2	chr1	36843338	36843574	SINE/MIR	595	-	118	36843456	86649
chr1	36756807	36956807	harbor2	chr1	36847637	36847819	SINE/MIR	507	-	91	36847728	90921
chr1	36756807	36956807	harbor2	chr1	36854764	36854984	SINE/MIR	476	-	110	36854874	98067
chr1	2375982	2575982	harbor2	chr1	2393539	2393763	SINE/MIR	494	-	112	2393651	17669
chr1	2375982	2575982	harbor2	chr1	2399666	2399853	SINE/MIR	493	-	94	2399760	23778
chr1	94138719	94338719	harbor2	chr1	94226306	94226540	SINE/MIR	815	-	117	94226423	87704
chr1	94138719	94338719	harbor2	chr1	94231802	94232004	SINE/MIR	459	-	101	94231903	93184
chr1	229333991	229533991	harbor2	chr1	229349491	229349681	SINE/MIR	485	-	95	229349586	15595
chr1	229333991	229533991	harbor2	chr1	229384544	229384745	SINE/MIR	514	-	100	229384644	50653
chr1	229333991	229533991	harbor2	chr1	229399350	229399562	SINE/MIR	654	-	106	229399456	65465
chr1	145758969	145958969	harbor2	chr1	145781541	145781801	SINE/MIR	1172	-	130	145781671	22702
chr1	211034401	211234401	harbor2	chr1	211046452	211046686	SINE/MIR	846	-	117	211046569	12168
chr1	211034401	211234401	harbor2	chr1	211046691	211046895	SINE/MIR	588	-	102	211046793	12392
chr1	211034401	211234401	harbor2	chr1	211051779	211051960	SINE/MIR	658	-	90	211051869	17468
chr1	185217222	185417222	harbor2	chr1	185264514	185264738	SINE/MIR	832	-	112	185264626	47404
chr1	185217222	185417222	harbor2	chr1	185267178	185267375	SINE/MIR	645	-	98	185267276	50054
chr1	185217222	185417222	harbor2	chr1	185270030	185270209	SINE/MIR	610	-	90	185270120	52898
chr1	9226709	9426709	harbor2	chr1	9236691	9236874	SINE/MIR	496	-	92	9236783	10074
chr1	9226709	9426709	harbor2	chr1	9244187	9244407	SINE/MIR	850	-	110	9244297	17588
chr1	9226709	9426709	harbor2	chr1	9253883	9254073	SINE/MIR	462	-	95	9253978	27269
chr1	9226709	9426709	harbor2	chr1	9289736	9289857	SINE/MIR	486	-	60	9289796	63087
chr1	9226709	9426709	harbor2	chr1	9306484	9306674	SINE/MIR	467	-	95	9306579	79870
chr1	9226709	9426709	harbor2	chr1	9308613	9308836	SINE/MIR	459	-	112	9308725	82016
chr1	9226709	9426709	harbor2	chr1	9312974	9313116	SINE/MIR	714	-	71	9313045	86336
chr1	9226709	9426709	harbor2	chr1	9313439	9313503	SINE/MIR	714	-	32	9313471	86762
chr1	9226709	9426709	harbor2	chr1	9322183	9322390	SINE/MIR	618	-	104	9322287	95578
chr1	9226709	9426709	harbor2	chr1	9240467	9240641	SINE/MIR	476	-	87	9240554	13845
chr1	39855819	40055819	harbor2	chr1	39881984	39882178	SINE/MIR	541	-	97	39882081	26262
chr1	39855819	40055819	harbor2	chr1	39890950	39891116	SINE/MIR	878	-	83	39891033	35214
chr1	39855819	40055819	harbor2	chr1	39892331	39892537	SINE/MIR	471	-	103	39892434	36615
chr1	39855819	40055819	harbor2	chr1	39926033	39926240	SINE/MIR	534	-	104	39926137	70318
chr1	39855819	40055819	harbor2	chr1	39940134	39940334	SINE/MIR	538	-	100	39940234	84415
chr1	39855819	40055819	harbor2	chr1	39953040	39953118	SINE/MIR	449	-	39	39953079	97260
chr1	39855819	40055819	harbor2	chr1	39953415	39953494	SINE/MIR	449	-	40	39953455	97636
chr1	39855819	40055819	harbor2	chr1	39895001	39895226	SINE/MIR	608	-	112	39895113	39294
chr1	157038937	157238937	harbor2	chr1	157039270	157039453	SINE/MIR	443	-	92	157039362	425
chr1	157038937	157238937	harbor2	chr1	157050579	157050830	SINE/MIR	746	-	126	157050705	11768
chr1	157038937	157238937	harbor2	chr1	157077289	157077457	SINE/MIR	476	-	84	157077373	38436
chr1	157038937	157238937	harbor2	chr1	157104148	157104380	SINE/MIR	625	-	116	157104264	65327
chr1	2375920	2575920	harbor2	chr1	2393539	2393763	SINE/MIR	494	-	112	2393651	17731
chr1	2375920	2575920	harbor2	chr1	2399666	2399853	SINE/MIR	493	-	94	2399760	23840
chr1	43458974	43658974	harbor2	chr1	43520820	43521061	SINE/MIR	592	-	120	43520940	61966
chr1	16544754	16744754	harbor2	chr1	16549882	16549929	SINE/MIR	671	-	24	16549906	5152
chr1	16544754	16744754	harbor2	chr1	16550232	16550380	SINE/MIR	671	-	74	16550306	5552
chr1	16544754	16744754	harbor2	chr1	16551364	16551580	SINE/MIR	493	-	108	16551472	6718
chr1	16544754	16744754	harbor2	chr1	16551815	16552014	SINE/MIR	530	-	100	16551915	7161
chr1	16544754	16744754	harbor2	chr1	16584312	16584458	SINE/MIR	440	-	73	16584385	39631
chr1	16544754	16744754	harbor2	chr1	16616012	16616256	SINE/MIR	462	-	122	16616134	71380
chr1	16544754	16744754	harbor2	chr1	16619309	16619456	SINE/MIR	456	-	74	16619383	74629
chr1	16544754	16744754	harbor2	chr1	16621378	16621593	SINE/MIR	530	-	108	16621486	76732
chr1	16544754	16744754	harbor2	chr1	16623030	16623201	SINE/MIR	537	-	86	16623116	78362
chr1	16544754	16744754	harbor2	chr1	16623585	16623784	SINE/MIR	569	-	100	16623685	78931
chr1	53371668	53571668	harbor2	chr1	53378773	53379017	SINE/MIR	647	-	122	53378895	7227
chr1	53371668	53571668	harbor2	chr1	53406385	53406617	SINE/MIR	931	-	116	53406501	34833
chr1	53371668	53571668	harbor2	chr1	53416869	53417105	SINE/MIR	507	-	118	53416987	45319
chr1	53371668	53571668	harbor2	chr1	53471069	53471255	SINE/MIR	501	-	93	53471162	99494
chr1	154985519	155185519	harbor2	chr1	155013117	155013349	SINE/MIR	962	-	116	155013233	27714
chr1	154985519	155185519	harbor2	chr1	155013360	155013556	SINE/MIR	585	-	98	155013458	27939
chr1	154985519	155185519	harbor2	chr1	155028228	155028309	SINE/MIR	748	-	40	155028268	42749
chr1	154985519	155185519	harbor2	chr1	155028895	155029007	SINE/MIR	748	-	56	155028951	43432
chr1	154985519	155185519	harbor2	chr1	155053526	155053772	SINE/MIR	962	-	123	155053649	68130
chr1	154985519	155185519	harbor2	chr1	155074890	155075134	SINE/MIR	794	-	122	155075012	89493
chr1	92386040	92586040	harbor2	chr1	92410558	92410780	SINE/MIR	584	-	111	92410669	24629
chr1	92386040	92586040	harbor2	chr1	92426540	92426695	SINE/MIR	634	-	78	92426618	40578
chr1	727513	927513	harbor2	chr1	797344	797585	SINE/MIR	496	-	120	797464	69951
chr1	204636318	204836318	harbor2	chr1	204638265	204638402	SINE/MIR	450	-	68	204638333	2015
chr1	204636318	204836318	harbor2	chr1	204638710	204638755	SINE/MIR	450	-	22	204638732	2414
chr1	204636318	204836318	harbor2	chr1	204639712	204639877	SINE/MIR	712	-	82	204639794	3476
chr1	204636318	204836318	harbor2	chr1	204641505	204641743	SINE/MIR	685	-	119	204641624	5306
chr1	204636318	204836318	harbor2	chr1	204653434	204653575	SINE/MIR	507	-	70	204653504	17186
chr1	204636318	204836318	harbor2	chr1	204654061	204654150	SINE/MIR	456	-	44	204654105	17787
chr1	204636318	204836318	harbor2	chr1	204662345	204662548	SINE/MIR	515	-	102	204662447	26129
chr1	204636318	204836318	harbor2	chr1	204673335	204673572	SINE/MIR	717	-	118	204673453	37135
chr1	204636318	204836318	harbor2	chr1	204677040	204677202	SINE/MIR	487	-	81	204677121	40803
chr1	204636318	204836318	harbor2	chr1	204681341	204681582	SINE/MIR	1119	-	120	204681461	45143
chr1	204636318	204836318	harbor2	chr1	204700830	204700886	SINE/MIR	553	-	28	204700858	64540
chr1	204636318	204836318	harbor2	chr1	204701192	204701334	SINE/MIR	553	-	71	204701263	64945
chr1	204636318	204836318	harbor2	chr1	204724166	204724415	SINE/MIR	846	-	124	204724290	87972
chr1	47352962	47552962	harbor2	chr1	47397569	47397791	SINE/MIR	753	-	111	47397680	44718
chr1	47352962	47552962	harbor2	chr1	47424135	47424278	SINE/MIR	567	-	72	47424207	71245
chr1	47352962	47552962	harbor2	chr1	47430311	47430437	SINE/MIR	581	-	63	47430374	77412
chr1	47352962	47552962	harbor2	chr1	47436367	47436512	SINE/MIR	490	-	72	47436439	83477
chr1	15277447	15477447	harbor2	chr1	15277856	15278074	SINE/MIR	582	-	109	15277965	518
chr1	15277447	15477447	harbor2	chr1	15278272	15278295	SINE/MIR	582	-	12	15278284	837
chr1	15277447	15477447	harbor2	chr1	15296966	15297182	SINE/MIR	827	-	108	15297074	19627
chr1	15277447	15477447	harbor2	chr1	15318018	15318163	SINE/MIR	452	-	72	15318090	40643
chr1	15277447	15477447	harbor2	chr1	15322421	15322526	SINE/MIR	473	-	52	15322473	45026
chr1	15277447	15477447	harbor2	chr1	15324033	15324223	SINE/MIR	665	-	95	15324128	46681
chr1	15277447	15477447	harbor2	chr1	15333707	15333809	SINE/MIR	730	-	51	15333758	56311
chr1	15277447	15477447	harbor2	chr1	15334126	15334267	SINE/MIR	730	-	70	15334196	56749
chr1	15277447	15477447	harbor2	chr1	15341407	15341604	SINE/MIR	471	-	98	15341505	64058
chr1	15277447	15477447	harbor2	chr1	15344749	15344964	SINE/MIR	568	-	108	15344857	67410
chr1	116384166	116584166	harbor2	chr1	116453189	116453383	SINE/MIR	733	-	97	116453286	69120
chr1	116384166	116584166	harbor2	chr1	116461668	116461885	SINE/MIR	1006	-	108	116461776	77610
chr1	116384166	116584166	harbor2	chr1	116464104	116464155	SINE/MIR	603	-	26	116464130	79964
chr1	116384166	116584166	harbor2	chr1	116464452	116464640	SINE/MIR	603	-	94	116464546	80380
chr1	116384166	116584166	harbor2	chr1	116468870	116469130	SINE/MIR	821	-	130	116469000	84834
chr1	116384166	116584166	harbor2	chr1	116472984	116473216	SINE/MIR	630	-	116	116473100	88934
chr1	92387184	92587184	harbor2	chr1	92410558	92410780	SINE/MIR	584	-	111	92410669	23485
chr1	92387184	92587184	harbor2	chr1	92426540	92426695	SINE/MIR	634	-	78	92426618	39434
chr1	153261923	153461923	harbor2	chr1	153311263	153311482	SINE/MIR	569	-	110	153311373	49450
chr1	153261923	153461923	harbor2	chr1	153342098	153342238	SINE/MIR	469	-	70	153342168	80245
chr1	153261923	153461923	harbor2	chr1	153346792	153347030	SINE/MIR	644	-	119	153346911	84988
chr1	153261923	153461923	harbor2	chr1	153356114	153356266	SINE/MIR	506	-	76	153356190	94267
chr1	211033759	211233759	harbor2	chr1	211046452	211046686	SINE/MIR	846	-	117	211046569	12810
chr1	211033759	211233759	harbor2	chr1	211046691	211046895	SINE/MIR	588	-	102	211046793	13034
chr1	211033759	211233759	harbor2	chr1	211051779	211051960	SINE/MIR	658	-	90	211051869	18110
chr1	16625199	16825199	harbor2	chr1	16682379	16682595	SINE/MIR	452	-	108	16682487	57288
chr1	16625199	16825199	harbor2	chr1	16682807	16683029	SINE/MIR	497	-	111	16682918	57719
chr1	16625199	16825199	harbor2	chr1	16711679	16711933	SINE/MIR	736	-	127	16711806	86607
chr1	211034198	211234198	harbor2	chr1	211046452	211046686	SINE/MIR	846	-	117	211046569	12371
chr1	211034198	211234198	harbor2	chr1	211046691	211046895	SINE/MIR	588	-	102	211046793	12595
chr1	211034198	211234198	harbor2	chr1	211051779	211051960	SINE/MIR	658	-	90	211051869	17671
chr1	6086924	6286924	harbor2	chr1	6094870	6095098	SINE/MIR	575	-	114	6094984	8060
chr1	6086924	6286924	harbor2	chr1	6176647	6176883	SINE/MIR	634	-	118	6176765	89841
chr1	6685458	6885458	harbor2	chr1	6718762	6718784	SINE/MIR	686	-	11	6718773	33315
chr1	6685458	6885458	harbor2	chr1	6719300	6719449	SINE/MIR	686	-	74	6719374	33916
chr1	6685458	6885458	harbor2	chr1	6719754	6719821	SINE/MIR	686	-	34	6719788	34330
chr1	6685458	6885458	harbor2	chr1	6765477	6765628	SINE/MIR	519	-	76	6765553	80095
chr1	6685458	6885458	harbor2	chr1	6766008	6766108	SINE/MIR	519	-	50	6766058	80600
chr1	31972874	32172874	harbor2	chr1	31980134	31980288	SINE/MIR	450	-	77	31980211	7337
chr1	31972874	32172874	harbor2	chr1	31981114	31981302	SINE/MIR	843	-	94	31981208	8334
chr1	31972874	32172874	harbor2	chr1	32016251	32016400	SINE/MIR	460	-	74	32016325	43451
chr1	31972874	32172874	harbor2	chr1	32064976	32065165	SINE/MIR	532	-	94	32065070	92196
chr1	16545147	16745147	harbor2	chr1	16549882	16549929	SINE/MIR	671	-	24	16549906	4759
chr1	16545147	16745147	harbor2	chr1	16550232	16550380	SINE/MIR	671	-	74	16550306	5159
chr1	16545147	16745147	harbor2	chr1	16551364	16551580	SINE/MIR	493	-	108	16551472	6325
chr1	16545147	16745147	harbor2	chr1	16551815	16552014	SINE/MIR	530	-	100	16551915	6768
chr1	16545147	16745147	harbor2	chr1	16584312	16584458	SINE/MIR	440	-	73	16584385	39238
chr1	16545147	16745147	harbor2	chr1	16616012	16616256	SINE/MIR	462	-	122	16616134	70987
chr1	16545147	16745147	harbor2	chr1	16619309	16619456	SINE/MIR	456	-	74	16619383	74236
chr1	16545147	16745147	harbor2	chr1	16621378	16621593	SINE/MIR	530	-	108	16621486	76339
chr1	16545147	16745147	harbor2	chr1	16623030	16623201	SINE/MIR	537	-	86	16623116	77969
chr1	16545147	16745147	harbor2	chr1	16623585	16623784	SINE/MIR	569	-	100	16623685	78538
chr1	20561543	20761543	harbor2	chr1	20584665	20584769	SINE/MIR	443	-	52	20584717	23174
chr1	20561543	20761543	harbor2	chr1	20587854	20588046	SINE/MIR	795	-	96	20587950	26407
chr1	20561543	20761543	harbor2	chr1	20588064	20588210	SINE/MIR	472	-	73	20588137	26594
chr1	20561543	20761543	harbor2	chr1	20599789	20600010	SINE/MIR	646	-	110	20599899	38356
chr1	20561543	20761543	harbor2	chr1	20606349	20606529	SINE/MIR	468	-	90	20606439	44896
chr1	20561543	20761543	harbor2	chr1	20610754	20610958	SINE/MIR	523	-	102	20610856	49313
chr1	20561543	20761543	harbor2	chr1	20616013	20616210	SINE/MIR	467	-	98	20616111	54568
chr1	20561543	20761543	harbor2	chr1	20618228	20618446	SINE/MIR	456	-	109	20618337	56794
chr1	20561543	20761543	harbor2	chr1	20619436	20619632	SINE/MIR	620	-	98	20619534	57991
chr1	20561543	20761543	harbor2	chr1	20619933	20619962	SINE/MIR	620	-	14	20619947	58404
chr1	211947399	212147399	harbor2	chr1	211950574	211950804	SINE/MIR	669	-	115	211950689	3290
chr1	211947399	212147399	harbor2	chr1	211952368	211952508	SINE/MIR	602	-	70	211952438	5039
chr1	211947399	212147399	harbor2	chr1	211952747	211952947	SINE/MIR	682	-	100	211952847	5448
chr1	211947399	212147399	harbor2	chr1	211955652	211955883	SINE/MIR	545	-	116	211955768	8369
chr1	211947399	212147399	harbor2	chr1	212028735	212028963	SINE/MIR	930	-	114	212028849	81450
chr1	70743302	70943302	harbor2	chr1	70789002	70789183	SINE/MIR	521	-	90	70789092	45790
chr1	70743302	70943302	harbor2	chr1	70837691	70837907	SINE/MIR	440	-	108	70837799	94497
chr1	201550981	201750981	harbor2	chr1	201550998	201551191	SINE/MIR	709	-	96	201551094	113
chr1	201550981	201750981	harbor2	chr1	201608075	201608261	SINE/MIR	637	-	93	201608168	57187
chr1	201550981	201750981	harbor2	chr1	201613874	201614022	SINE/MIR	574	-	74	201613948	62967
chr1	201550981	201750981	harbor2	chr1	201615568	201615788	SINE/MIR	749	-	110	201615678	64697
chr1	201550981	201750981	harbor2	chr1	201616036	201616280	SINE/MIR	1030	-	122	201616158	65177
chr1	201550981	201750981	harbor2	chr1	201633047	201633213	SINE/MIR	451	-	83	201633130	82149
chr1	201550981	201750981	harbor2	chr1	201633240	201633474	SINE/MIR	689	-	117	201633357	82376
chr1	201550981	201750981	harbor2	chr1	201634295	201634440	SINE/MIR	594	-	72	201634367	83386
chr1	7558962	7758962	harbor2	chr1	7622141	7622405	SINE/MIR	510	-	132	7622273	63311
chr1	7558962	7758962	harbor2	chr1	7627447	7627683	SINE/MIR	869	-	118	7627565	68603
chr1	3874035	4074035	harbor2	chr1	3940003	3940226	SINE/MIR	474	-	112	3940115	66080
chr1	3874035	4074035	harbor2	chr1	3972417	3972484	SINE/MIR	853	-	34	3972451	98416
chr1	3874035	4074035	harbor2	chr1	3972911	3973070	SINE/MIR	853	-	80	3972991	98956
chr1	152207691	152407691	harbor2	chr1	152227126	152227312	SINE/MIR	731	-	93	152227219	19528
chr1	152207691	152407691	harbor2	chr1	152230350	152230531	SINE/MIR	491	-	90	152230440	22749
chr1	209557754	209757754	harbor2	chr1	209568537	209568777	SINE/MIR	1141	-	120	209568657	10903
chr1	209557754	209757754	harbor2	chr1	209582036	209582282	SINE/MIR	847	-	123	209582159	24405
chr1	209557754	209757754	harbor2	chr1	209584886	209585124	SINE/MIR	585	-	119	209585005	27251
chr1	209557754	209757754	harbor2	chr1	209593019	209593221	SINE/MIR	655	-	101	209593120	35366
chr1	209557754	209757754	harbor2	chr1	209597899	209598128	SINE/MIR	687	-	114	209598013	40259
chr1	209557754	209757754	harbor2	chr1	209601755	209601993	SINE/MIR	548	-	119	209601874	44120
chr1	209557754	209757754	harbor2	chr1	209626183	209626343	SINE/MIR	604	-	80	209626263	68509
chr1	209557754	209757754	harbor2	chr1	209628794	209629003	SINE/MIR	717	-	104	209628898	71144
chr1	209557754	209757754	harbor2	chr1	209644374	209644598	SINE/MIR	480	-	112	209644486	86732
chr1	209557754	209757754	harbor2	chr1	209648221	209648358	SINE/MIR	458	-	68	209648289	90535
chr1	209557754	209757754	harbor2	chr1	209656346	209656570	SINE/MIR	758	-	112	209656458	98704
chr1	53846652	54046652	harbor2	chr1	53860357	53860570	SINE/MIR	705	-	106	53860463	13811
chr1	53846652	54046652	harbor2	chr1	53862095	53862326	SINE/MIR	491	-	116	53862211	15559
chr1	53846652	54046652	harbor2	chr1	53864826	53865046	SINE/MIR	711	-	110	53864936	18284
chr1	53846652	54046652	harbor2	chr1	53869350	53869606	SINE/MIR	831	-	128	53869478	22826
chr1	53846652	54046652	harbor2	chr1	53898867	53899014	SINE/MIR	501	-	74	53898941	52289
chr1	53846652	54046652	harbor2	chr1	53904048	53904184	SINE/MIR	443	-	68	53904116	57464
chr1	53846652	54046652	harbor2	chr1	53911560	53911768	SINE/MIR	687	-	104	53911664	65012
chr1	53846652	54046652	harbor2	chr1	53928749	53928942	SINE/MIR	444	-	96	53928845	82193
chr1	153558724	153758724	harbor2	chr1	153569555	153569730	SINE/MIR	505	-	88	153569643	10919
chr1	153558724	153758724	harbor2	chr1	153577174	153577378	SINE/MIR	498	-	102	153577276	18552
chr1	153558724	153758724	harbor2	chr1	153613708	153613908	SINE/MIR	618	-	100	153613808	55084
chr1	25763699	25963699	harbor2	chr1	25774347	25774461	SINE/MIR	457	-	57	25774404	10705
chr1	25763699	25963699	harbor2	chr1	25774574	25774742	SINE/MIR	667	-	84	25774658	10959
chr1	25763699	25963699	harbor2	chr1	25776823	25777051	SINE/MIR	774	-	114	25776937	13238
chr1	25763699	25963699	harbor2	chr1	25778865	25779062	SINE/MIR	485	-	98	25778963	15264
chr1	25763699	25963699	harbor2	chr1	25801700	25801909	SINE/MIR	620	-	104	25801804	38105
chr1	25763699	25963699	harbor2	chr1	25817552	25817710	SINE/MIR	661	-	79	25817631	53932
chr1	25763699	25963699	harbor2	chr1	25822057	25822242	SINE/MIR	488	-	92	25822149	58450
chr1	44408152	44608152	harbor2	chr1	44427015	44427239	SINE/MIR	978	-	112	44427127	18975
chr1	44408152	44608152	harbor2	chr1	44440515	44440682	SINE/MIR	589	-	84	44440599	32447
chr1	44408152	44608152	harbor2	chr1	44447631	44447847	SINE/MIR	520	-	108	44447739	39587
chr1	44408152	44608152	harbor2	chr1	44482007	44482223	SINE/MIR	464	-	108	44482115	73963
chr1	44408152	44608152	harbor2	chr1	44505012	44505229	SINE/MIR	814	-	108	44505120	96968
chr1	110575275	110775275	harbor2	chr1	110579534	110579723	SINE/MIR	624	-	94	110579628	4353
chr1	110575275	110775275	harbor2	chr1	110582831	110583083	SINE/MIR	579	-	126	110582957	7682
chr1	110575275	110775275	harbor2	chr1	110590400	110590628	SINE/MIR	477	-	114	110590514	15239
chr1	110575275	110775275	harbor2	chr1	110609336	110609560	SINE/MIR	617	-	112	110609448	34173
chr1	110575275	110775275	harbor2	chr1	110610458	110610658	SINE/MIR	597	-	100	110610558	35283
chr1	110575275	110775275	harbor2	chr1	110613742	110613857	SINE/MIR	482	-	58	110613800	38525
chr1	110575275	110775275	harbor2	chr1	110614724	110614918	SINE/MIR	450	-	97	110614821	39546
chr1	110575275	110775275	harbor2	chr1	110626969	110627108	SINE/MIR	451	-	70	110627039	51764
chr1	110575275	110775275	harbor2	chr1	110669977	110670170	SINE/MIR	875	-	96	110670073	94798
chr1	110575275	110775275	harbor2	chr1	110591859	110592017	SINE/MIR	606	-	79	110591938	16663
chr1	110682470	110882470	harbor2	chr1	110716443	110716643	SINE/MIR	833	-	100	110716543	34073
chr1	110682470	110882470	harbor2	chr1	110733163	110733340	SINE/MIR	512	-	88	110733251	50781
chr1	110682470	110882470	harbor2	chr1	110781890	110782082	SINE/MIR	595	-	96	110781986	99516
chr1	44170897	44370897	harbor2	chr1	44172125	44172288	SINE/MIR	557	-	82	44172207	1310
chr1	2375915	2575915	harbor2	chr1	2393539	2393763	SINE/MIR	494	-	112	2393651	17736
chr1	2375915	2575915	harbor2	chr1	2399666	2399853	SINE/MIR	493	-	94	2399760	23845
chr1	53858393	54058393	harbor2	chr1	53860357	53860570	SINE/MIR	705	-	106	53860463	2070
chr1	53858393	54058393	harbor2	chr1	53862095	53862326	SINE/MIR	491	-	116	53862211	3818
chr1	53858393	54058393	harbor2	chr1	53864826	53865046	SINE/MIR	711	-	110	53864936	6543
chr1	53858393	54058393	harbor2	chr1	53869350	53869606	SINE/MIR	831	-	128	53869478	11085
chr1	53858393	54058393	harbor2	chr1	53898867	53899014	SINE/MIR	501	-	74	53898941	40548
chr1	53858393	54058393	harbor2	chr1	53904048	53904184	SINE/MIR	443	-	68	53904116	45723
chr1	53858393	54058393	harbor2	chr1	53911560	53911768	SINE/MIR	687	-	104	53911664	53271
chr1	53858393	54058393	harbor2	chr1	53928749	53928942	SINE/MIR	444	-	96	53928845	70452
chr1	53858393	54058393	harbor2	chr1	53956473	53956594	SINE/MIR	476	-	60	53956533	98140
chr1	16544782	16744782	harbor2	chr1	16549882	16549929	SINE/MIR	671	-	24	16549906	5124
chr1	16544782	16744782	harbor2	chr1	16550232	16550380	SINE/MIR	671	-	74	16550306	5524
chr1	16544782	16744782	harbor2	chr1	16551364	16551580	SINE/MIR	493	-	108	16551472	6690
chr1	16544782	16744782	harbor2	chr1	16551815	16552014	SINE/MIR	530	-	100	16551915	7133
chr1	16544782	16744782	harbor2	chr1	16584312	16584458	SINE/MIR	440	-	73	16584385	39603
chr1	16544782	16744782	harbor2	chr1	16616012	16616256	SINE/MIR	462	-	122	16616134	71352
chr1	16544782	16744782	harbor2	chr1	16619309	16619456	SINE/MIR	456	-	74	16619383	74601
chr1	16544782	16744782	harbor2	chr1	16621378	16621593	SINE/MIR	530	-	108	16621486	76704
chr1	16544782	16744782	harbor2	chr1	16623030	16623201	SINE/MIR	537	-	86	16623116	78334
chr1	16544782	16744782	harbor2	chr1	16623585	16623784	SINE/MIR	569	-	100	16623685	78903
chr1	727387	927387	harbor2	chr1	797344	797585	SINE/MIR	496	-	120	797464	70077
chr1	155510028	155710028	harbor2	chr1	155552886	155553132	SINE/MIR	614	-	123	155553009	42981
chr1	155510028	155710028	harbor2	chr1	155565390	155565507	SINE/MIR	450	-	58	155565448	55420
chr1	155510028	155710028	harbor2	chr1	155588391	155588633	SINE/MIR	554	-	121	155588512	78484
chr1	155510028	155710028	harbor2	chr1	155533210	155533349	SINE/MIR	529	-	70	155533280	23252
chr1	16545055	16745055	harbor2	chr1	16549882	16549929	SINE/MIR	671	-	24	16549906	4851
chr1	16545055	16745055	harbor2	chr1	16550232	16550380	SINE/MIR	671	-	74	16550306	5251
chr1	16545055	16745055	harbor2	chr1	16551364	16551580	SINE/MIR	493	-	108	16551472	6417
chr1	16545055	16745055	harbor2	chr1	16551815	16552014	SINE/MIR	530	-	100	16551915	6860
chr1	16545055	16745055	harbor2	chr1	16584312	16584458	SINE/MIR	440	-	73	16584385	39330
chr1	16545055	16745055	harbor2	chr1	16616012	16616256	SINE/MIR	462	-	122	16616134	71079
chr1	16545055	16745055	harbor2	chr1	16619309	16619456	SINE/MIR	456	-	74	16619383	74328
chr1	16545055	16745055	harbor2	chr1	16621378	16621593	SINE/MIR	530	-	108	16621486	76431
chr1	16545055	16745055	harbor2	chr1	16623030	16623201	SINE/MIR	537	-	86	16623116	78061
chr1	16545055	16745055	harbor2	chr1	16623585	16623784	SINE/MIR	569	-	100	16623685	78630
chr1	16544767	16744767	harbor2	chr1	16549882	16549929	SINE/MIR	671	-	24	16549906	5139
chr1	16544767	16744767	harbor2	chr1	16550232	16550380	SINE/MIR	671	-	74	16550306	5539
chr1	16544767	16744767	harbor2	chr1	16551364	16551580	SINE/MIR	493	-	108	16551472	6705
chr1	16544767	16744767	harbor2	chr1	16551815	16552014	SINE/MIR	530	-	100	16551915	7148
chr1	16544767	16744767	harbor2	chr1	16584312	16584458	SINE/MIR	440	-	73	16584385	39618
chr1	16544767	16744767	harbor2	chr1	16616012	16616256	SINE/MIR	462	-	122	16616134	71367
chr1	16544767	16744767	harbor2	chr1	16619309	16619456	SINE/MIR	456	-	74	16619383	74616
chr1	16544767	16744767	harbor2	chr1	16621378	16621593	SINE/MIR	530	-	108	16621486	76719
chr1	16544767	16744767	harbor2	chr1	16623030	16623201	SINE/MIR	537	-	86	16623116	78349
chr1	16544767	16744767	harbor2	chr1	16623585	16623784	SINE/MIR	569	-	100	16623685	78918
chr1	2375967	2575967	harbor2	chr1	2393539	2393763	SINE/MIR	494	-	112	2393651	17684
chr1	2375967	2575967	harbor2	chr1	2399666	2399853	SINE/MIR	493	-	94	2399760	23793
chr1	53313469	53513469	harbor2	chr1	53315386	53315598	SINE/MIR	568	-	106	53315492	2023
chr1	53313469	53513469	harbor2	chr1	53331301	53331495	SINE/MIR	748	-	97	53331398	17929
chr1	53313469	53513469	harbor2	chr1	53352449	53352604	SINE/MIR	724	-	78	53352527	39058
chr1	53313469	53513469	harbor2	chr1	53367536	53367685	SINE/MIR	546	-	74	53367610	54141
chr1	53313469	53513469	harbor2	chr1	53378773	53379017	SINE/MIR	647	-	122	53378895	65426
chr1	53313469	53513469	harbor2	chr1	53406385	53406617	SINE/MIR	931	-	116	53406501	93032
chr1	109523805	109723805	harbor2	chr1	109539486	109539632	SINE/MIR	479	-	73	109539559	15754
chr1	109523805	109723805	harbor2	chr1	109603014	109603180	SINE/MIR	445	-	83	109603097	79292
chr1	109523805	109723805	harbor2	chr1	109619196	109619431	SINE/MIR	869	-	118	109619314	95509
chr1	109523805	109723805	harbor2	chr1	109619564	109619719	SINE/MIR	530	-	78	109619642	95837
chr1	31972868	32172868	harbor2	chr1	31980134	31980288	SINE/MIR	450	-	77	31980211	7343
chr1	31972868	32172868	harbor2	chr1	31981114	31981302	SINE/MIR	843	-	94	31981208	8340
chr1	31972868	32172868	harbor2	chr1	32016251	32016400	SINE/MIR	460	-	74	32016325	43457
chr1	31972868	32172868	harbor2	chr1	32064976	32065165	SINE/MIR	532	-	94	32065070	92202
chr1	33670823	33870823	harbor2	chr1	33686965	33687150	SINE/MIR	494	-	92	33687057	16234
chr1	33670823	33870823	harbor2	chr1	33692463	33692705	SINE/MIR	539	-	121	33692584	21761
chr1	33670823	33870823	harbor2	chr1	33718008	33718191	SINE/MIR	814	-	92	33718100	47277
chr1	33670823	33870823	harbor2	chr1	33728434	33728650	SINE/MIR	499	-	108	33728542	57719
chr1	33670823	33870823	harbor2	chr1	33732811	33733068	SINE/MIR	677	-	128	33732939	62116
chr1	33670823	33870823	harbor2	chr1	33737440	33737654	SINE/MIR	578	-	107	33737547	66724
chr1	33670823	33870823	harbor2	chr1	33739575	33739690	SINE/MIR	453	-	58	33739633	68810
chr1	33670823	33870823	harbor2	chr1	33745829	33746060	SINE/MIR	719	-	116	33745945	75122
chr1	33670823	33870823	harbor2	chr1	33750319	33750532	SINE/MIR	646	-	106	33750425	79602
chr1	16544952	16744952	harbor2	chr1	16549882	16549929	SINE/MIR	671	-	24	16549906	4954
chr1	16544952	16744952	harbor2	chr1	16550232	16550380	SINE/MIR	671	-	74	16550306	5354
chr1	16544952	16744952	harbor2	chr1	16551364	16551580	SINE/MIR	493	-	108	16551472	6520
chr1	16544952	16744952	harbor2	chr1	16551815	16552014	SINE/MIR	530	-	100	16551915	6963
chr1	16544952	16744952	harbor2	chr1	16584312	16584458	SINE/MIR	440	-	73	16584385	39433
chr1	16544952	16744952	harbor2	chr1	16616012	16616256	SINE/MIR	462	-	122	16616134	71182
chr1	16544952	16744952	harbor2	chr1	16619309	16619456	SINE/MIR	456	-	74	16619383	74431
chr1	16544952	16744952	harbor2	chr1	16621378	16621593	SINE/MIR	530	-	108	16621486	76534
chr1	16544952	16744952	harbor2	chr1	16623030	16623201	SINE/MIR	537	-	86	16623116	78164
chr1	16544952	16744952	harbor2	chr1	16623585	16623784	SINE/MIR	569	-	100	16623685	78733
chr1	2551671	2751671	harbor2	chr1	2580847	2581003	SINE/MIR	461	-	78	2580925	29254
chr1	16546359	16746359	harbor2	chr1	16549882	16549929	SINE/MIR	671	-	24	16549906	3547
chr1	16546359	16746359	harbor2	chr1	16550232	16550380	SINE/MIR	671	-	74	16550306	3947
chr1	16546359	16746359	harbor2	chr1	16551364	16551580	SINE/MIR	493	-	108	16551472	5113
chr1	16546359	16746359	harbor2	chr1	16551815	16552014	SINE/MIR	530	-	100	16551915	5556
chr1	16546359	16746359	harbor2	chr1	16584312	16584458	SINE/MIR	440	-	73	16584385	38026
chr1	16546359	16746359	harbor2	chr1	16616012	16616256	SINE/MIR	462	-	122	16616134	69775
chr1	16546359	16746359	harbor2	chr1	16619309	16619456	SINE/MIR	456	-	74	16619383	73024
chr1	16546359	16746359	harbor2	chr1	16621378	16621593	SINE/MIR	530	-	108	16621486	75127
chr1	16546359	16746359	harbor2	chr1	16623030	16623201	SINE/MIR	537	-	86	16623116	76757
chr1	16546359	16746359	harbor2	chr1	16623585	16623784	SINE/MIR	569	-	100	16623685	77326
chr1	19615803	19815803	harbor2	chr1	19639006	19639253	SINE/MIR	473	-	124	19639130	23327
chr1	19615803	19815803	harbor2	chr1	19647027	19647184	SINE/MIR	561	-	78	19647105	31302
chr1	19615803	19815803	harbor2	chr1	19647455	19647492	SINE/MIR	561	-	18	19647473	31670
chr1	19615803	19815803	harbor2	chr1	19654744	19654958	SINE/MIR	539	-	107	19654851	39048
chr1	19615803	19815803	harbor2	chr1	19662954	19663142	SINE/MIR	444	-	94	19663048	47245
chr1	19615803	19815803	harbor2	chr1	19669330	19669523	SINE/MIR	593	-	96	19669426	53623
chr1	19615803	19815803	harbor2	chr1	19673149	19673395	SINE/MIR	1022	-	123	19673272	57469
chr1	19615803	19815803	harbor2	chr1	19676155	19676387	SINE/MIR	648	-	116	19676271	60468
chr1	19615803	19815803	harbor2	chr1	19685619	19685706	SINE/MIR	537	-	44	19685663	69860
chr1	19615803	19815803	harbor2	chr1	19686027	19686057	SINE/MIR	537	-	15	19686042	70239
chr1	19615803	19815803	harbor2	chr1	19689484	19689653	SINE/MIR	753	-	84	19689568	73765
chr1	19615803	19815803	harbor2	chr1	19699252	19699469	SINE/MIR	658	-	108	19699360	83557
chr1	19615803	19815803	harbor2	chr1	19710460	19710638	SINE/MIR	592	-	89	19710549	94746
chr1	38817717	39017717	harbor2	chr1	38823501	38823589	SINE/MIR	673	-	44	38823545	5828
chr1	38817717	39017717	harbor2	chr1	38824226	38824397	SINE/MIR	673	-	86	38824312	6595
chr1	38817717	39017717	harbor2	chr1	38863505	38863668	SINE/MIR	665	-	82	38863587	45870
chr1	38817717	39017717	harbor2	chr1	38879388	38879550	SINE/MIR	511	-	81	38879469	61752
chr1	38817717	39017717	harbor2	chr1	38888107	38888230	SINE/MIR	480	-	62	38888169	70452
chr1	38817717	39017717	harbor2	chr1	38912729	38912873	SINE/MIR	631	-	72	38912801	95084
chr1	22610841	22810841	harbor2	chr1	22612364	22612541	SINE/MIR	675	-	88	22612452	1611
chr1	22610841	22810841	harbor2	chr1	22616063	22616200	SINE/MIR	532	-	68	22616131	5290
chr1	22610841	22810841	harbor2	chr1	22617187	22617398	SINE/MIR	458	-	106	22617293	6452
chr1	22610841	22810841	harbor2	chr1	22622450	22622672	SINE/MIR	790	-	111	22622561	11720
chr1	22610841	22810841	harbor2	chr1	22625180	22625391	SINE/MIR	555	-	106	22625286	14445
chr1	22610841	22810841	harbor2	chr1	22652648	22652887	SINE/MIR	490	-	120	22652768	41927
chr1	22610841	22810841	harbor2	chr1	22654542	22654719	SINE/MIR	557	-	88	22654630	43789
chr1	22610841	22810841	harbor2	chr1	22662906	22663123	SINE/MIR	535	-	108	22663014	52173
chr1	22610841	22810841	harbor2	chr1	22672043	22672257	SINE/MIR	692	-	107	22672150	61309
chr1	22610841	22810841	harbor2	chr1	22672264	22672508	SINE/MIR	712	-	122	22672386	61545
chr1	22610841	22810841	harbor2	chr1	22672763	22672985	SINE/MIR	605	-	111	22672874	62033
chr1	22610841	22810841	harbor2	chr1	22682330	22682448	SINE/MIR	473	-	59	22682389	71548
chr1	22610841	22810841	harbor2	chr1	22694242	22694440	SINE/MIR	597	-	99	22694341	83500
chr1	22610841	22810841	harbor2	chr1	22698605	22698822	SINE/MIR	848	-	108	22698713	87872
chr1	22610841	22810841	harbor2	chr1	22704229	22704440	SINE/MIR	591	-	106	22704335	93494
chr1	22610841	22810841	harbor2	chr1	22706970	22707114	SINE/MIR	466	-	72	22707042	96201
chr1	6689187	6889187	harbor2	chr1	6718762	6718784	SINE/MIR	686	-	11	6718773	29586
chr1	6689187	6889187	harbor2	chr1	6719300	6719449	SINE/MIR	686	-	74	6719374	30187
chr1	6689187	6889187	harbor2	chr1	6719754	6719821	SINE/MIR	686	-	34	6719788	30601
chr1	6689187	6889187	harbor2	chr1	6765477	6765628	SINE/MIR	519	-	76	6765553	76366
chr1	6689187	6889187	harbor2	chr1	6766008	6766108	SINE/MIR	519	-	50	6766058	76871
chr1	211034098	211234098	harbor2	chr1	211046452	211046686	SINE/MIR	846	-	117	211046569	12471
chr1	211034098	211234098	harbor2	chr1	211046691	211046895	SINE/MIR	588	-	102	211046793	12695
chr1	211034098	211234098	harbor2	chr1	211051779	211051960	SINE/MIR	658	-	90	211051869	17771
chr1	22502707	22702707	harbor2	chr1	22504350	22504599	SINE/MIR	626	-	124	22504474	1767
chr1	22502707	22702707	harbor2	chr1	22504610	22504867	SINE/MIR	678	-	128	22504738	2031
chr1	22502707	22702707	harbor2	chr1	22534518	22534570	SINE/MIR	678	-	26	22534544	31837
chr1	22502707	22702707	harbor2	chr1	22534880	22535064	SINE/MIR	678	-	92	22534972	32265
chr1	22502707	22702707	harbor2	chr1	22559744	22559893	SINE/MIR	503	-	74	22559818	57111
chr1	22502707	22702707	harbor2	chr1	22568830	22569011	SINE/MIR	663	-	90	22568920	66213
chr1	22502707	22702707	harbor2	chr1	22571285	22571492	SINE/MIR	562	-	104	22571389	68682
chr1	22502707	22702707	harbor2	chr1	22573280	22573438	SINE/MIR	474	-	79	22573359	70652
chr1	22502707	22702707	harbor2	chr1	22577230	22577436	SINE/MIR	1013	-	103	22577333	74626
chr1	22502707	22702707	harbor2	chr1	22580652	22580863	SINE/MIR	474	-	106	22580758	78051
chr1	22502707	22702707	harbor2	chr1	22583612	22583812	SINE/MIR	469	-	100	22583712	81005
chr1	22502707	22702707	harbor2	chr1	22592295	22592488	SINE/MIR	460	-	96	22592391	89684
chr1	22502707	22702707	harbor2	chr1	22595411	22595634	SINE/MIR	701	-	112	22595523	92816
chr1	26600726	26800726	harbor2	chr1	26614745	26614949	SINE/MIR	693	-	102	26614847	14121
chr1	26600726	26800726	harbor2	chr1	26627930	26628088	SINE/MIR	537	-	79	26628009	27283
chr1	207652046	207852046	harbor2	chr1	207654637	207654852	SINE/MIR	629	-	108	207654745	2699
chr1	207652046	207852046	harbor2	chr1	207719758	207719932	SINE/MIR	603	-	87	207719845	67799
chr1	207903426	208103426	harbor2	chr1	207947652	207947842	SINE/MIR	541	-	95	207947747	44321
chr1	207903426	208103426	harbor2	chr1	207951244	207951454	SINE/MIR	698	-	105	207951349	47923
chr1	207903426	208103426	harbor2	chr1	207952251	207952450	SINE/MIR	563	-	100	207952351	48925
chr1	207903426	208103426	harbor2	chr1	207960032	207960238	SINE/MIR	444	-	103	207960135	56709
chr1	207903426	208103426	harbor2	chr1	207971090	207971285	SINE/MIR	754	-	98	207971188	67762
chr1	211034399	211234399	harbor2	chr1	211046452	211046686	SINE/MIR	846	-	117	211046569	12170
chr1	211034399	211234399	harbor2	chr1	211046691	211046895	SINE/MIR	588	-	102	211046793	12394
chr1	211034399	211234399	harbor2	chr1	211051779	211051960	SINE/MIR	658	-	90	211051869	17470
chr1	3322721	3522721	harbor2	chr1	3345451	3345633	SINE/MIR	455	-	91	3345542	22821
chr1	3322721	3522721	harbor2	chr1	3356586	3356796	SINE/MIR	441	-	105	3356691	33970
chr1	41949951	42149951	harbor2	chr1	42000916	42001125	SINE/MIR	567	-	104	42001020	51069
chr1	41949951	42149951	harbor2	chr1	42047657	42047886	SINE/MIR	858	-	114	42047771	97820
chr1	214586377	214786377	harbor2	chr1	214605318	214605435	SINE/MIR	473	-	58	214605376	18999
chr1	14862929	15062929	harbor2	chr1	14868398	14868535	SINE/MIR	450	-	68	14868466	5537
chr1	14862929	15062929	harbor2	chr1	14880207	14880407	SINE/MIR	492	-	100	14880307	17378
chr1	14862929	15062929	harbor2	chr1	14882753	14882987	SINE/MIR	794	-	117	14882870	19941
chr1	14862929	15062929	harbor2	chr1	14883971	14884101	SINE/MIR	480	-	65	14884036	21107
chr1	14862929	15062929	harbor2	chr1	14925413	14925643	SINE/MIR	480	-	115	14925528	62599
chr1	14862929	15062929	harbor2	chr1	14927955	14928110	SINE/MIR	454	-	78	14928033	65104
chr1	14862929	15062929	harbor2	chr1	14943532	14943698	SINE/MIR	603	-	83	14943615	80686
chr1	14862929	15062929	harbor2	chr1	14945936	14946157	SINE/MIR	505	-	110	14946046	83117
chr1	167355689	167555689	harbor2	chr1	167445878	167446113	SINE/MIR	447	-	118	167445996	90307
chr1	167355689	167555689	harbor2	chr1	167447093	167447256	SINE/MIR	444	-	82	167447175	91486
chr1	167355689	167555689	harbor2	chr1	167448190	167448346	SINE/MIR	453	-	78	167448268	92579
chr1	167355689	167555689	harbor2	chr1	167453165	167453402	SINE/MIR	1012	-	118	167453283	97594
chr1	40217340	40417340	harbor2	chr1	40255893	40256119	SINE/MIR	583	-	113	40256006	38666
chr1	40217340	40417340	harbor2	chr1	40263297	40263492	SINE/MIR	442	-	98	40263395	46055
chr1	40217340	40417340	harbor2	chr1	40278590	40278760	SINE/MIR	557	-	85	40278675	61335
chr1	40217340	40417340	harbor2	chr1	40302106	40302346	SINE/MIR	552	-	120	40302226	84886
chr1	40217340	40417340	harbor2	chr1	40315775	40316006	SINE/MIR	575	-	116	40315891	98551
chr1	32102226	32302226	harbor2	chr1	32103032	32103229	SINE/MIR	692	-	98	32103130	904
chr1	32102226	32302226	harbor2	chr1	32108966	32109164	SINE/MIR	715	-	99	32109065	6839
chr1	32102226	32302226	harbor2	chr1	32154224	32154371	SINE/MIR	526	-	74	32154298	52072
chr1	202249918	202449918	harbor2	chr1	202250785	202250943	SINE/MIR	465	-	79	202250864	946
chr1	202249918	202449918	harbor2	chr1	202286419	202286610	SINE/MIR	733	-	96	202286515	36597
chr1	202249918	202449918	harbor2	chr1	202308240	202308430	SINE/MIR	549	-	95	202308335	58417
chr1	202249918	202449918	harbor2	chr1	202329108	202329312	SINE/MIR	685	-	102	202329210	79292
chr1	202249918	202449918	harbor2	chr1	202347931	202348083	SINE/MIR	574	-	76	202348007	98089
chr1	161077890	161277890	harbor2	chr1	161078004	161078244	SINE/MIR	823	-	120	161078124	234
chr1	161077890	161277890	harbor2	chr1	161080063	161080211	SINE/MIR	583	-	74	161080137	2247
chr1	161077890	161277890	harbor2	chr1	161114565	161114803	SINE/MIR	445	-	119	161114684	36794
chr1	211033781	211233781	harbor2	chr1	211046452	211046686	SINE/MIR	846	-	117	211046569	12788
chr1	211033781	211233781	harbor2	chr1	211046691	211046895	SINE/MIR	588	-	102	211046793	13012
chr1	211033781	211233781	harbor2	chr1	211051779	211051960	SINE/MIR	658	-	90	211051869	18088
chr1	16544805	16744805	harbor2	chr1	16549882	16549929	SINE/MIR	671	-	24	16549906	5101
chr1	16544805	16744805	harbor2	chr1	16550232	16550380	SINE/MIR	671	-	74	16550306	5501
chr1	16544805	16744805	harbor2	chr1	16551364	16551580	SINE/MIR	493	-	108	16551472	6667
chr1	16544805	16744805	harbor2	chr1	16551815	16552014	SINE/MIR	530	-	100	16551915	7110
chr1	16544805	16744805	harbor2	chr1	16584312	16584458	SINE/MIR	440	-	73	16584385	39580
chr1	16544805	16744805	harbor2	chr1	16616012	16616256	SINE/MIR	462	-	122	16616134	71329
chr1	16544805	16744805	harbor2	chr1	16619309	16619456	SINE/MIR	456	-	74	16619383	74578
chr1	16544805	16744805	harbor2	chr1	16621378	16621593	SINE/MIR	530	-	108	16621486	76681
chr1	16544805	16744805	harbor2	chr1	16623030	16623201	SINE/MIR	537	-	86	16623116	78311
chr1	16544805	16744805	harbor2	chr1	16623585	16623784	SINE/MIR	569	-	100	16623685	78880
chr1	244609722	244809722	harbor2	chr1	244641567	244641776	SINE/MIR	593	-	104	244641671	31949
chr1	244609722	244809722	harbor2	chr1	244667471	244667646	SINE/MIR	567	-	88	244667559	57837
chr1	244609722	244809722	harbor2	chr1	244670500	244670725	SINE/MIR	827	-	112	244670612	60890
chr1	225365084	225565084	harbor2	chr1	225371904	225372079	SINE/MIR	647	-	88	225371992	6908
chr1	225365084	225565084	harbor2	chr1	225389120	225389381	SINE/MIR	649	-	130	225389250	24166
chr1	225365084	225565084	harbor2	chr1	225390721	225390922	SINE/MIR	654	-	100	225390821	25737
chr1	225365084	225565084	harbor2	chr1	225443354	225443533	SINE/MIR	498	-	90	225443444	78360
chr1	225365084	225565084	harbor2	chr1	225449694	225449854	SINE/MIR	581	-	80	225449774	84690
chr1	225365084	225565084	harbor2	chr1	225459524	225459730	SINE/MIR	560	-	103	225459627	94543
chr1	3219232	3419232	harbor2	chr1	3262103	3262199	SINE/MIR	474	-	48	3262151	42919
chr1	205431580	205631580	harbor2	chr1	205437694	205437888	SINE/MIR	511	-	97	205437791	6211
chr1	205431580	205631580	harbor2	chr1	205467694	205467863	SINE/MIR	518	-	84	205467778	36198
chr1	205431580	205631580	harbor2	chr1	205478245	205478421	SINE/MIR	569	-	88	205478333	46753
chr1	205431580	205631580	harbor2	chr1	205480023	205480179	SINE/MIR	906	-	78	205480101	48521
chr1	205431580	205631580	harbor2	chr1	205480478	205480542	SINE/MIR	906	-	32	205480510	48930
chr1	205431580	205631580	harbor2	chr1	205496098	205496276	SINE/MIR	574	-	89	205496187	64607
chr1	205431580	205631580	harbor2	chr1	205501421	205501544	SINE/MIR	451	-	62	205501483	69903
chr1	205431580	205631580	harbor2	chr1	205502334	205502551	SINE/MIR	439	-	108	205502442	70862
chr1	205431580	205631580	harbor2	chr1	205506503	205506694	SINE/MIR	568	-	96	205506599	75019
chr1	205431580	205631580	harbor2	chr1	205531048	205531235	SINE/MIR	726	-	94	205531142	99562
chr1	16546385	16746385	harbor2	chr1	16549882	16549929	SINE/MIR	671	-	24	16549906	3521
chr1	16546385	16746385	harbor2	chr1	16550232	16550380	SINE/MIR	671	-	74	16550306	3921
chr1	16546385	16746385	harbor2	chr1	16551364	16551580	SINE/MIR	493	-	108	16551472	5087
chr1	16546385	16746385	harbor2	chr1	16551815	16552014	SINE/MIR	530	-	100	16551915	5530
chr1	16546385	16746385	harbor2	chr1	16584312	16584458	SINE/MIR	440	-	73	16584385	38000
chr1	16546385	16746385	harbor2	chr1	16616012	16616256	SINE/MIR	462	-	122	16616134	69749
chr1	16546385	16746385	harbor2	chr1	16619309	16619456	SINE/MIR	456	-	74	16619383	72998
chr1	16546385	16746385	harbor2	chr1	16621378	16621593	SINE/MIR	530	-	108	16621486	75101
chr1	16546385	16746385	harbor2	chr1	16623030	16623201	SINE/MIR	537	-	86	16623116	76731
chr1	16546385	16746385	harbor2	chr1	16623585	16623784	SINE/MIR	569	-	100	16623685	77300
chr1	145920756	146120756	harbor2	chr1	145947025	145947119	SINE/MIR	453	-	47	145947072	26316
chr1	145920756	146120756	harbor2	chr1	145948204	145948439	SINE/MIR	846	-	118	145948322	27566
chr1	145920756	146120756	harbor2	chr1	145954789	145954974	SINE/MIR	565	-	92	145954881	34125
chr1	145920756	146120756	harbor2	chr1	145958326	145958445	SINE/MIR	441	-	60	145958386	37630
chr1	145920756	146120756	harbor2	chr1	145963719	145963947	SINE/MIR	534	-	114	145963833	43077
chr1	145920756	146120756	harbor2	chr1	145987042	145987263	SINE/MIR	914	-	110	145987152	66396
chr1	206353548	206553548	harbor2	chr1	206356187	206356425	SINE/MIR	793	-	119	206356306	2758
chr1	206353548	206553548	harbor2	chr1	206360737	206360902	SINE/MIR	446	-	82	206360819	7271
chr1	206353548	206553548	harbor2	chr1	206376549	206376767	SINE/MIR	564	-	109	206376658	23110
chr1	206353548	206553548	harbor2	chr1	206381761	206381955	SINE/MIR	535	-	97	206381858	28310
chr1	206353548	206553548	harbor2	chr1	206393818	206394023	SINE/MIR	500	-	102	206393920	40372
chr1	206353548	206553548	harbor2	chr1	206411927	206412116	SINE/MIR	645	-	94	206412021	58473
chr1	206353548	206553548	harbor2	chr1	206449811	206450048	SINE/MIR	817	-	118	206449929	96381
chr1	206353548	206553548	harbor2	chr1	206452097	206452246	SINE/MIR	542	-	74	206452171	98623
chr1	33905807	34105807	harbor2	chr1	33913538	33913707	SINE/MIR	444	-	84	33913622	7815
chr1	33905807	34105807	harbor2	chr1	33927417	33927645	SINE/MIR	913	-	114	33927531	21724
chr1	33905807	34105807	harbor2	chr1	33928409	33928667	SINE/MIR	939	-	129	33928538	22731
chr1	33905807	34105807	harbor2	chr1	33940438	33940671	SINE/MIR	527	-	116	33940554	34747
chr1	33905807	34105807	harbor2	chr1	33944647	33944859	SINE/MIR	514	-	106	33944753	38946
chr1	33905807	34105807	harbor2	chr1	33947835	33948008	SINE/MIR	583	-	86	33947921	42114
chr1	33905807	34105807	harbor2	chr1	33954050	33954308	SINE/MIR	494	-	129	33954179	48372
chr1	33905807	34105807	harbor2	chr1	33969485	33969733	SINE/MIR	876	-	124	33969609	63802
chr1	33905807	34105807	harbor2	chr1	33970759	33970887	SINE/MIR	505	-	64	33970823	65016
chr1	33905807	34105807	harbor2	chr1	33974478	33974614	SINE/MIR	445	-	68	33974546	68739
chr1	33905807	34105807	harbor2	chr1	33977997	33978225	SINE/MIR	802	-	114	33978111	72304
chr1	33905807	34105807	harbor2	chr1	33978800	33979033	SINE/MIR	915	-	116	33978916	73109
chr1	33905807	34105807	harbor2	chr1	33986396	33986565	SINE/MIR	481	-	84	33986480	80673
chr1	33905807	34105807	harbor2	chr1	33987279	33987511	SINE/MIR	479	-	116	33987395	81588
chr1	226786659	226986659	harbor2	chr1	226863254	226863490	SINE/MIR	596	-	118	226863372	76713
chr1	226786659	226986659	harbor2	chr1	226871300	226871488	SINE/MIR	567	-	94	226871394	84735
chr1	226638205	226838205	harbor2	chr1	226661294	226661503	SINE/MIR	449	-	104	226661398	23193
chr1	226638205	226838205	harbor2	chr1	226683309	226683541	SINE/MIR	557	-	116	226683425	45220
chr1	226638205	226838205	harbor2	chr1	226692117	226692236	SINE/MIR	451	-	60	226692177	53972
chr1	226638205	226838205	harbor2	chr1	226694512	226694627	SINE/MIR	533	-	58	226694570	56365
chr1	226638205	226838205	harbor2	chr1	226694835	226694933	SINE/MIR	533	-	49	226694884	56679
chr1	226638205	226838205	harbor2	chr1	226724062	226724265	SINE/MIR	541	-	102	226724164	85959
chr1	226638205	226838205	harbor2	chr1	226724480	226724695	SINE/MIR	719	-	108	226724588	86383
chr1	161528751	161728751	harbor2	chr1	161586174	161586385	SINE/MIR	725	-	106	161586280	57529
chr1	161528751	161728751	harbor2	chr1	161590918	161591058	SINE/MIR	573	-	70	161590988	62237
chr1	161528751	161728751	harbor2	chr1	161603015	161603134	SINE/MIR	480	-	60	161603075	74324
chr1	161528751	161728751	harbor2	chr1	161609351	161609580	SINE/MIR	486	-	114	161609465	80714
chr1	16618103	16818103	harbor2	chr1	16619309	16619456	SINE/MIR	456	-	74	16619383	1280
chr1	16618103	16818103	harbor2	chr1	16621378	16621593	SINE/MIR	530	-	108	16621486	3383
chr1	16618103	16818103	harbor2	chr1	16623030	16623201	SINE/MIR	537	-	86	16623116	5013
chr1	16618103	16818103	harbor2	chr1	16623585	16623784	SINE/MIR	569	-	100	16623685	5582
chr1	16618103	16818103	harbor2	chr1	16682379	16682595	SINE/MIR	452	-	108	16682487	64384
chr1	16618103	16818103	harbor2	chr1	16682807	16683029	SINE/MIR	497	-	111	16682918	64815
chr1	16618103	16818103	harbor2	chr1	16711679	16711933	SINE/MIR	736	-	127	16711806	93703
chr1	36055774	36255774	harbor2	chr1	36092766	36093007	SINE/MIR	599	-	120	36092886	37112
chr1	36055774	36255774	harbor2	chr1	36100618	36100807	SINE/MIR	442	-	94	36100712	44938
chr1	36055774	36255774	harbor2	chr1	36105581	36105665	SINE/MIR	449	-	42	36105623	49849
chr1	36055774	36255774	harbor2	chr1	36105968	36105990	SINE/MIR	449	-	11	36105979	50205
chr1	36055774	36255774	harbor2	chr1	36106287	36106393	SINE/MIR	449	-	53	36106340	50566
chr1	36055774	36255774	harbor2	chr1	36117543	36117743	SINE/MIR	1004	-	100	36117643	61869
chr1	36055774	36255774	harbor2	chr1	36117877	36117933	SINE/MIR	1004	-	28	36117905	62131
chr1	36055774	36255774	harbor2	chr1	36118084	36118282	SINE/MIR	504	-	99	36118183	62409
chr1	36055774	36255774	harbor2	chr1	36128879	36129097	SINE/MIR	1047	-	109	36128988	73214
chr1	36055774	36255774	harbor2	chr1	36132109	36132344	SINE/MIR	658	-	118	36132227	76453
chr1	36055774	36255774	harbor2	chr1	36138604	36138749	SINE/MIR	478	-	72	36138676	82902
chr1	36055774	36255774	harbor2	chr1	36139067	36139156	SINE/MIR	478	-	44	36139111	83337
chr1	36055774	36255774	harbor2	chr1	36139456	36139487	SINE/MIR	478	-	16	36139472	83698
chr1	36055774	36255774	harbor2	chr1	36154668	36154835	SINE/MIR	541	-	84	36154752	98978
chr1	113990947	114190947	harbor2	chr1	113999011	113999169	SINE/MIR	629	-	79	113999090	8143
chr1	113990947	114190947	harbor2	chr1	114006563	114006783	SINE/MIR	627	-	110	114006673	15726
chr1	113990947	114190947	harbor2	chr1	114014060	114014192	SINE/MIR	562	-	66	114014126	23179
chr1	113990947	114190947	harbor2	chr1	114014903	114015096	SINE/MIR	584	-	96	114014999	24052
chr1	113990947	114190947	harbor2	chr1	114035536	114035682	SINE/MIR	581	-	73	114035609	44662
chr1	113990947	114190947	harbor2	chr1	114035909	114036022	SINE/MIR	581	-	56	114035965	45018
chr1	113990947	114190947	harbor2	chr1	114043182	114043344	SINE/MIR	502	-	81	114043263	52316
chr1	113990947	114190947	harbor2	chr1	114054853	114055025	SINE/MIR	840	-	86	114054939	63992
chr1	113990947	114190947	harbor2	chr1	114082638	114082772	SINE/MIR	463	-	67	114082705	91758
chr1	46294779	46494779	harbor2	chr1	46304343	46304387	SINE/MIR	621	-	22	46304365	9586
chr1	46294779	46494779	harbor2	chr1	46304685	46304879	SINE/MIR	621	-	97	46304782	10003
chr1	46294779	46494779	harbor2	chr1	46345236	46345480	SINE/MIR	681	-	122	46345358	50579
chr1	46294779	46494779	harbor2	chr1	46370940	46371082	SINE/MIR	613	-	71	46371011	76232
chr1	46294779	46494779	harbor2	chr1	46377718	46377887	SINE/MIR	630	-	84	46377802	83023
chr1	46294779	46494779	harbor2	chr1	46380562	46380799	SINE/MIR	1148	-	118	46380680	85901
chr1	46294779	46494779	harbor2	chr1	46380862	46381113	SINE/MIR	575	-	126	46380988	86209
chr1	211034391	211234391	harbor2	chr1	211046452	211046686	SINE/MIR	846	-	117	211046569	12178
chr1	211034391	211234391	harbor2	chr1	211046691	211046895	SINE/MIR	588	-	102	211046793	12402
chr1	211034391	211234391	harbor2	chr1	211051779	211051960	SINE/MIR	658	-	90	211051869	17478
chr1	3146643	3346643	harbor2	chr1	3160724	3160902	SINE/MIR	477	-	89	3160813	14170
chr1	2375244	2575244	harbor2	chr1	2393539	2393763	SINE/MIR	494	-	112	2393651	18407
chr1	2375244	2575244	harbor2	chr1	2399666	2399853	SINE/MIR	493	-	94	2399760	24516
chr1	2396936	2596936	harbor2	chr1	2399666	2399853	SINE/MIR	493	-	94	2399760	2824
chr1	207707062	207907062	harbor2	chr1	207719758	207719932	SINE/MIR	603	-	87	207719845	12783
chr1	207707062	207907062	harbor2	chr1	207759113	207759299	SINE/MIR	554	-	93	207759206	52144
chr1	230941728	231141728	harbor2	chr1	230953449	230953655	SINE/MIR	539	-	103	230953552	11824
chr1	230941728	231141728	harbor2	chr1	230956013	230956213	SINE/MIR	681	-	100	230956113	14385
chr1	230941728	231141728	harbor2	chr1	230966784	230966916	SINE/MIR	456	-	66	230966850	25122
chr1	230941728	231141728	harbor2	chr1	230993913	230994123	SINE/MIR	465	-	105	230994018	52290
chr1	230941728	231141728	harbor2	chr1	230996158	230996380	SINE/MIR	577	-	111	230996269	54541
chr1	245610561	245810561	harbor2	chr1	245653467	245653624	SINE/MIR	614	-	78	245653545	42984
chr1	201549927	201749927	harbor2	chr1	201550998	201551191	SINE/MIR	709	-	96	201551094	1167
chr1	201549927	201749927	harbor2	chr1	201608075	201608261	SINE/MIR	637	-	93	201608168	58241
chr1	201549927	201749927	harbor2	chr1	201613874	201614022	SINE/MIR	574	-	74	201613948	64021
chr1	201549927	201749927	harbor2	chr1	201615568	201615788	SINE/MIR	749	-	110	201615678	65751
chr1	201549927	201749927	harbor2	chr1	201616036	201616280	SINE/MIR	1030	-	122	201616158	66231
chr1	201549927	201749927	harbor2	chr1	201633047	201633213	SINE/MIR	451	-	83	201633130	83203
chr1	201549927	201749927	harbor2	chr1	201633240	201633474	SINE/MIR	689	-	117	201633357	83430
chr1	201549927	201749927	harbor2	chr1	201634295	201634440	SINE/MIR	594	-	72	201634367	84440
chr1	31973222	32173222	harbor2	chr1	31980134	31980288	SINE/MIR	450	-	77	31980211	6989
chr1	31973222	32173222	harbor2	chr1	31981114	31981302	SINE/MIR	843	-	94	31981208	7986
chr1	31973222	32173222	harbor2	chr1	32016251	32016400	SINE/MIR	460	-	74	32016325	43103
chr1	31973222	32173222	harbor2	chr1	32064976	32065165	SINE/MIR	532	-	94	32065070	91848
chr1	10913141	11113141	harbor2	chr1	10918077	10918295	SINE/MIR	656	-	109	10918186	5045
chr1	10913141	11113141	harbor2	chr1	10935766	10936031	SINE/MIR	745	-	132	10935898	22757
chr1	10913141	11113141	harbor2	chr1	10939224	10939381	SINE/MIR	630	-	78	10939302	26161
chr1	10913141	11113141	harbor2	chr1	10947023	10947268	SINE/MIR	636	-	122	10947145	34004
chr1	10913141	11113141	harbor2	chr1	10953592	10953745	SINE/MIR	466	-	76	10953668	40527
chr1	10913141	11113141	harbor2	chr1	10964539	10964636	SINE/MIR	446	-	48	10964587	51446
chr1	10913141	11113141	harbor2	chr1	10964931	10965063	SINE/MIR	446	-	66	10964997	51856
chr1	156192114	156392114	harbor2	chr1	156209856	156210105	SINE/MIR	778	-	124	156209980	17866
chr1	156192114	156392114	harbor2	chr1	156226590	156226801	SINE/MIR	754	-	106	156226696	34582
chr1	156192114	156392114	harbor2	chr1	156258265	156258477	SINE/MIR	553	-	106	156258371	66257
chr1	156192114	156392114	harbor2	chr1	156275402	156275589	SINE/MIR	620	-	94	156275496	83382
chr1	156192114	156392114	harbor2	chr1	156282076	156282226	SINE/MIR	459	-	75	156282151	90037
chr1	17337716	17537716	harbor2	chr1	17338521	17338686	SINE/MIR	456	-	82	17338603	887
chr1	17337716	17537716	harbor2	chr1	17338957	17339170	SINE/MIR	482	-	106	17339063	1347
chr1	17337716	17537716	harbor2	chr1	17361565	17361779	SINE/MIR	661	-	107	17361672	23956
chr1	201882904	202082904	harbor2	chr1	201938014	201938126	SINE/MIR	683	-	56	201938070	55166
chr1	201882904	202082904	harbor2	chr1	201938429	201938578	SINE/MIR	683	-	74	201938503	55599
chr1	201882904	202082904	harbor2	chr1	201939244	201939356	SINE/MIR	452	-	56	201939300	56396
chr1	201882904	202082904	harbor2	chr1	201943702	201943945	SINE/MIR	658	-	122	201943824	60920
chr1	53312834	53512834	harbor2	chr1	53315386	53315598	SINE/MIR	568	-	106	53315492	2658
chr1	53312834	53512834	harbor2	chr1	53331301	53331495	SINE/MIR	748	-	97	53331398	18564
chr1	53312834	53512834	harbor2	chr1	53352449	53352604	SINE/MIR	724	-	78	53352527	39693
chr1	53312834	53512834	harbor2	chr1	53367536	53367685	SINE/MIR	546	-	74	53367610	54776
chr1	53312834	53512834	harbor2	chr1	53378773	53379017	SINE/MIR	647	-	122	53378895	66061
chr1	53312834	53512834	harbor2	chr1	53406385	53406617	SINE/MIR	931	-	116	53406501	93667
chr1	16544742	16744742	harbor2	chr1	16549882	16549929	SINE/MIR	671	-	24	16549906	5164
chr1	16544742	16744742	harbor2	chr1	16550232	16550380	SINE/MIR	671	-	74	16550306	5564
chr1	16544742	16744742	harbor2	chr1	16551364	16551580	SINE/MIR	493	-	108	16551472	6730
chr1	16544742	16744742	harbor2	chr1	16551815	16552014	SINE/MIR	530	-	100	16551915	7173
chr1	16544742	16744742	harbor2	chr1	16584312	16584458	SINE/MIR	440	-	73	16584385	39643
chr1	16544742	16744742	harbor2	chr1	16616012	16616256	SINE/MIR	462	-	122	16616134	71392
chr1	16544742	16744742	harbor2	chr1	16619309	16619456	SINE/MIR	456	-	74	16619383	74641
chr1	16544742	16744742	harbor2	chr1	16621378	16621593	SINE/MIR	530	-	108	16621486	76744
chr1	16544742	16744742	harbor2	chr1	16623030	16623201	SINE/MIR	537	-	86	16623116	78374
chr1	16544742	16744742	harbor2	chr1	16623585	16623784	SINE/MIR	569	-	100	16623685	78943
chr1	7926217	8126217	harbor2	chr1	7939592	7939758	SINE/MIR	602	-	83	7939675	13458
chr1	7926217	8126217	harbor2	chr1	7947279	7947498	SINE/MIR	751	-	110	7947389	21172
chr1	7926217	8126217	harbor2	chr1	7948806	7949049	SINE/MIR	824	-	122	7948928	22711
chr1	7926217	8126217	harbor2	chr1	7964212	7964413	SINE/MIR	733	-	100	7964312	38095
chr1	7926217	8126217	harbor2	chr1	8021655	8021899	SINE/MIR	790	-	122	8021777	95560
chr1	7926217	8126217	harbor2	chr1	8022379	8022538	SINE/MIR	658	-	80	8022459	96242
chr1	27281347	27481347	harbor2	chr1	27338533	27338767	SINE/MIR	727	-	117	27338650	57303
chr1	27281347	27481347	harbor2	chr1	27338849	27339006	SINE/MIR	475	-	78	27338927	57580
chr1	27281347	27481347	harbor2	chr1	27363731	27363914	SINE/MIR	512	-	92	27363823	82476
chr1	27281347	27481347	harbor2	chr1	27370315	27370461	SINE/MIR	661	-	73	27370388	89041
chr1	206973128	207173128	harbor2	chr1	207000627	207000865	SINE/MIR	748	-	119	207000746	27618
chr1	206973128	207173128	harbor2	chr1	207018523	207018736	SINE/MIR	637	-	106	207018629	45501
chr1	206973128	207173128	harbor2	chr1	207026909	207027115	SINE/MIR	572	-	103	207027012	53884
chr1	206973128	207173128	harbor2	chr1	207033763	207033982	SINE/MIR	492	-	110	207033873	60745
chr1	230940319	231140319	harbor2	chr1	230953449	230953655	SINE/MIR	539	-	103	230953552	13233
chr1	230940319	231140319	harbor2	chr1	230956013	230956213	SINE/MIR	681	-	100	230956113	15794
chr1	230940319	231140319	harbor2	chr1	230966784	230966916	SINE/MIR	456	-	66	230966850	26531
chr1	230940319	231140319	harbor2	chr1	230993913	230994123	SINE/MIR	465	-	105	230994018	53699
chr1	230940319	231140319	harbor2	chr1	230996158	230996380	SINE/MIR	577	-	111	230996269	55950
chr1	117032433	117232433	harbor2	chr1	117037724	117037928	SINE/MIR	489	-	102	117037826	5393
chr1	117032433	117232433	harbor2	chr1	117069577	117069741	SINE/MIR	447	-	82	117069659	37226
chr1	117032433	117232433	harbor2	chr1	117079664	117079830	SINE/MIR	670	-	83	117079747	47314
chr1	19187949	19387949	harbor2	chr1	19199988	19200166	SINE/MIR	597	-	89	19200077	12128
chr1	19187949	19387949	harbor2	chr1	19223065	19223278	SINE/MIR	508	-	106	19223171	35222
chr1	19187949	19387949	harbor2	chr1	19225854	19226013	SINE/MIR	530	-	80	19225934	37985
chr1	19187949	19387949	harbor2	chr1	19227063	19227285	SINE/MIR	838	-	111	19227174	39225
chr1	19187949	19387949	harbor2	chr1	19229729	19229944	SINE/MIR	631	-	108	19229837	41888
chr1	19187949	19387949	harbor2	chr1	19250623	19250853	SINE/MIR	664	-	115	19250738	62789
chr1	230539629	230739629	harbor2	chr1	230552122	230552275	SINE/MIR	556	-	76	230552198	12569
chr2	46198427	46398427	harbor2	chr2	46281816	46281958	SINE/MIR	468	-	71	46281887	83460
chr2	46198427	46398427	harbor2	chr2	46285523	46285615	SINE/MIR	537	-	46	46285569	87142
chr2	46198427	46398427	harbor2	chr2	46285923	46286035	SINE/MIR	537	-	56	46285979	87552
chr2	219078277	219278277	harbor2	chr2	219103641	219103856	SINE/MIR	687	-	108	219103749	25472
chr2	231298236	231498236	harbor2	chr2	231300505	231300728	SINE/MIR	974	-	112	231300617	2381
chr2	231298236	231498236	harbor2	chr2	231308184	231308402	SINE/MIR	614	-	109	231308293	10057
chr2	231298236	231498236	harbor2	chr2	231336268	231336432	SINE/MIR	477	-	82	231336350	38114
chr2	1788562	1988562	harbor2	chr2	1869651	1869885	SINE/MIR	542	-	117	1869768	81206
chr2	1788562	1988562	harbor2	chr2	1872789	1873045	SINE/MIR	778	-	128	1872917	84355
chr2	219078262	219278262	harbor2	chr2	219103641	219103856	SINE/MIR	687	-	108	219103749	25487
chr2	219078276	219278276	harbor2	chr2	219103641	219103856	SINE/MIR	687	-	108	219103749	25473
chr2	232456547	232656547	harbor2	chr2	232495737	232495896	SINE/MIR	632	-	80	232495817	39270
chr2	232456547	232656547	harbor2	chr2	232498734	232498921	SINE/MIR	571	-	94	232498828	42281
chr2	232456547	232656547	harbor2	chr2	232501531	232501765	SINE/MIR	799	-	117	232501648	45101
chr2	232456547	232656547	harbor2	chr2	232504510	232504665	SINE/MIR	514	-	78	232504588	48041
chr2	232456547	232656547	harbor2	chr2	232511196	232511356	SINE/MIR	477	-	80	232511276	54729
chr2	232456547	232656547	harbor2	chr2	232531095	232531225	SINE/MIR	719	-	65	232531160	74613
chr2	232456547	232656547	harbor2	chr2	232543885	232544037	SINE/MIR	489	-	76	232543961	87414
chr2	43055480	43255480	harbor2	chr2	43059164	43059378	SINE/MIR	793	-	107	43059271	3791
chr2	43055480	43255480	harbor2	chr2	43060411	43060590	SINE/MIR	475	-	90	43060501	5021
chr2	43055480	43255480	harbor2	chr2	43064700	43064910	SINE/MIR	570	-	105	43064805	9325
chr2	43055480	43255480	harbor2	chr2	43065630	43065847	SINE/MIR	495	-	108	43065738	10258
chr2	43055480	43255480	harbor2	chr2	43068648	43068836	SINE/MIR	564	-	94	43068742	13262
chr2	43055480	43255480	harbor2	chr2	43081049	43081287	SINE/MIR	651	-	119	43081168	25688
chr2	43055480	43255480	harbor2	chr2	43092994	43093114	SINE/MIR	464	-	60	43093054	37574
chr2	43055480	43255480	harbor2	chr2	43111345	43111553	SINE/MIR	490	-	104	43111449	55969
chr2	43055480	43255480	harbor2	chr2	43111837	43111864	SINE/MIR	463	-	14	43111851	56371
chr2	43055480	43255480	harbor2	chr2	43124600	43124750	SINE/MIR	525	-	75	43124675	69195
chr2	43055480	43255480	harbor2	chr2	43128056	43128193	SINE/MIR	467	-	68	43128124	72644
chr2	219078261	219278261	harbor2	chr2	219103641	219103856	SINE/MIR	687	-	108	219103749	25488
chr2	53472337	53672337	harbor2	chr2	53510393	53510610	SINE/MIR	506	-	108	53510501	38164
chr2	53472337	53672337	harbor2	chr2	53524441	53524683	SINE/MIR	720	-	121	53524562	52225
chr2	70453855	70653855	harbor2	chr2	70475257	70475505	SINE/MIR	741	-	124	70475381	21526
chr2	70453855	70653855	harbor2	chr2	70482170	70482427	SINE/MIR	813	-	128	70482298	28443
chr2	70453855	70653855	harbor2	chr2	70502809	70502983	SINE/MIR	720	-	87	70502896	49041
chr2	70453855	70653855	harbor2	chr2	70503591	70503683	SINE/MIR	720	-	46	70503637	49782
chr2	70453855	70653855	harbor2	chr2	70506625	70506841	SINE/MIR	993	-	108	70506733	52878
chr2	70453855	70653855	harbor2	chr2	70550285	70550392	SINE/MIR	466	-	54	70550339	96484
chr2	70453855	70653855	harbor2	chr2	70551092	70551283	SINE/MIR	462	-	96	70551188	97333
chr2	218223269	218423269	harbor2	chr2	218223588	218223717	SINE/MIR	500	-	64	218223652	383
chr2	218223269	218423269	harbor2	chr2	218260130	218260324	SINE/MIR	457	-	97	218260227	36958
chr2	218223269	218423269	harbor2	chr2	218285171	218285341	SINE/MIR	607	-	85	218285256	61987
chr2	219116402	219316402	harbor2	chr2	219183943	219184142	SINE/MIR	482	-	100	219184043	67641
chr2	219116402	219316402	harbor2	chr2	219192143	219192316	SINE/MIR	549	-	86	219192229	75827
chr2	219078283	219278283	harbor2	chr2	219103641	219103856	SINE/MIR	687	-	108	219103749	25466
chr2	26950509	27150509	harbor2	chr2	26963941	26964173	SINE/MIR	520	-	116	26964057	13548
chr2	26950509	27150509	harbor2	chr2	27015231	27015454	SINE/MIR	666	-	112	27015343	64834
chr2	26950509	27150509	harbor2	chr2	27036162	27036319	SINE/MIR	446	-	78	27036240	85731
chr2	219078282	219278282	harbor2	chr2	219103641	219103856	SINE/MIR	687	-	108	219103749	25467
chr2	219145524	219345524	harbor2	chr2	219183943	219184142	SINE/MIR	482	-	100	219184043	38519
chr2	219145524	219345524	harbor2	chr2	219192143	219192316	SINE/MIR	549	-	86	219192229	46705
chr2	219145524	219345524	harbor2	chr2	219244693	219244936	SINE/MIR	780	-	122	219244815	99291
chr2	219145524	219345524	harbor2	chr2	219244937	219245072	SINE/MIR	477	-	68	219245005	99481
chr2	219079117	219279117	harbor2	chr2	219103641	219103856	SINE/MIR	687	-	108	219103749	24632
chr2	26406627	26606627	harbor2	chr2	26423711	26423939	SINE/MIR	557	-	114	26423825	17198
chr2	26406627	26606627	harbor2	chr2	26465305	26465419	SINE/MIR	481	-	57	26465362	58735
chr2	26406627	26606627	harbor2	chr2	26474716	26474918	SINE/MIR	650	-	101	26474817	68190
chr2	26406627	26606627	harbor2	chr2	26502742	26502916	SINE/MIR	452	-	87	26502829	96202
chr2	26406627	26606627	harbor2	chr2	26505523	26505697	SINE/MIR	459	-	87	26505610	98983
chr2	219078255	219278255	harbor2	chr2	219103641	219103856	SINE/MIR	687	-	108	219103749	25494
chr2	219081059	219281059	harbor2	chr2	219103641	219103856	SINE/MIR	687	-	108	219103749	22690
chr2	219078275	219278275	harbor2	chr2	219103641	219103856	SINE/MIR	687	-	108	219103749	25474
chr2	171822444	172022444	harbor2	chr2	171883260	171883446	SINE/MIR	508	-	93	171883353	60909
chr2	171822444	172022444	harbor2	chr2	171906953	171907136	SINE/MIR	602	-	92	171907045	84601
chr2	171822444	172022444	harbor2	chr2	171918955	171919086	SINE/MIR	473	-	66	171919021	96577
chr2	195072898	195272898	harbor2	chr2	195109334	195109538	SINE/MIR	445	-	102	195109436	36538
chr2	195072898	195272898	harbor2	chr2	195119274	195119501	SINE/MIR	571	-	114	195119388	46490
chr2	195072898	195272898	harbor2	chr2	195136564	195136760	SINE/MIR	648	-	98	195136662	63764
chr2	195072898	195272898	harbor2	chr2	195171600	195171788	SINE/MIR	467	-	94	195171694	98796
chr2	43056095	43256095	harbor2	chr2	43059164	43059378	SINE/MIR	793	-	107	43059271	3176
chr2	43056095	43256095	harbor2	chr2	43060411	43060590	SINE/MIR	475	-	90	43060501	4406
chr2	43056095	43256095	harbor2	chr2	43064700	43064910	SINE/MIR	570	-	105	43064805	8710
chr2	43056095	43256095	harbor2	chr2	43065630	43065847	SINE/MIR	495	-	108	43065738	9643
chr2	43056095	43256095	harbor2	chr2	43068648	43068836	SINE/MIR	564	-	94	43068742	12647
chr2	43056095	43256095	harbor2	chr2	43081049	43081287	SINE/MIR	651	-	119	43081168	25073
chr2	43056095	43256095	harbor2	chr2	43092994	43093114	SINE/MIR	464	-	60	43093054	36959
chr2	43056095	43256095	harbor2	chr2	43111345	43111553	SINE/MIR	490	-	104	43111449	55354
chr2	43056095	43256095	harbor2	chr2	43111837	43111864	SINE/MIR	463	-	14	43111851	55756
chr2	43056095	43256095	harbor2	chr2	43124600	43124750	SINE/MIR	525	-	75	43124675	68580
chr2	43056095	43256095	harbor2	chr2	43128056	43128193	SINE/MIR	467	-	68	43128124	72029
chr2	26956547	27156547	harbor2	chr2	26963941	26964173	SINE/MIR	520	-	116	26964057	7510
chr2	26956547	27156547	harbor2	chr2	27015231	27015454	SINE/MIR	666	-	112	27015343	58796
chr2	26956547	27156547	harbor2	chr2	27036162	27036319	SINE/MIR	446	-	78	27036240	79693
chr2	26404185	26604185	harbor2	chr2	26423711	26423939	SINE/MIR	557	-	114	26423825	19640
chr2	26404185	26604185	harbor2	chr2	26465305	26465419	SINE/MIR	481	-	57	26465362	61177
chr2	26404185	26604185	harbor2	chr2	26474716	26474918	SINE/MIR	650	-	101	26474817	70632
chr2	26404185	26604185	harbor2	chr2	26502742	26502916	SINE/MIR	452	-	87	26502829	98644
chr2	219078258	219278258	harbor2	chr2	219103641	219103856	SINE/MIR	687	-	108	219103749	25491
chr2	219078269	219278269	harbor2	chr2	219103641	219103856	SINE/MIR	687	-	108	219103749	25480
chr2	219078253	219278253	harbor2	chr2	219103641	219103856	SINE/MIR	687	-	108	219103749	25496
chr2	3480298	3680298	harbor2	chr2	3501238	3501374	SINE/MIR	498	-	68	3501306	21008
chr2	3480298	3680298	harbor2	chr2	3563457	3563632	SINE/MIR	457	-	88	3563545	83247
chr2	241049610	241249610	harbor2	chr2	241138328	241138557	SINE/MIR	527	-	114	241138442	88832
chr2	85502763	85702763	harbor2	chr2	85502794	85503052	SINE/MIR	474	-	129	85502923	160
chr2	85502763	85702763	harbor2	chr2	85523434	85523680	SINE/MIR	827	-	123	85523557	20794
chr2	85502763	85702763	harbor2	chr2	85537063	85537190	SINE/MIR	514	-	64	85537127	34364
chr2	85502763	85702763	harbor2	chr2	85587624	85587854	SINE/MIR	619	-	115	85587739	84976
chr2	113484990	113684990	harbor2	chr2	113513831	113514044	SINE/MIR	954	-	106	113513937	28947
chr2	113484990	113684990	harbor2	chr2	113536335	113536524	SINE/MIR	685	-	94	113536429	51439
chr2	113484990	113684990	harbor2	chr2	113570580	113570714	SINE/MIR	590	-	67	113570647	85657
chr2	113484990	113684990	harbor2	chr2	113580426	113580622	SINE/MIR	646	-	98	113580524	95534
chr2	219078252	219278252	harbor2	chr2	219103641	219103856	SINE/MIR	687	-	108	219103749	25497
chr2	219179881	219379881	harbor2	chr2	219183943	219184142	SINE/MIR	482	-	100	219184043	4162
chr2	219179881	219379881	harbor2	chr2	219192143	219192316	SINE/MIR	549	-	86	219192229	12348
chr2	219179881	219379881	harbor2	chr2	219244693	219244936	SINE/MIR	780	-	122	219244815	64934
chr2	219179881	219379881	harbor2	chr2	219244937	219245072	SINE/MIR	477	-	68	219245005	65124
chr2	219179881	219379881	harbor2	chr2	219268458	219268645	SINE/MIR	469	-	94	219268552	88671
chr2	74426974	74626974	harbor2	chr2	74429082	74429302	SINE/MIR	635	-	110	74429192	2218
chr2	74426974	74626974	harbor2	chr2	74453409	74453660	SINE/MIR	548	-	126	74453535	26561
chr2	74426974	74626974	harbor2	chr2	74467216	74467435	SINE/MIR	748	-	110	74467326	40352
chr2	217854217	218054217	harbor2	chr2	217868558	217868806	SINE/MIR	770	-	124	217868682	14465
chr2	217854217	218054217	harbor2	chr2	217874435	217874567	SINE/MIR	472	-	66	217874501	20284
chr2	217854217	218054217	harbor2	chr2	217874703	217874947	SINE/MIR	480	-	122	217874825	20608
chr2	217854217	218054217	harbor2	chr2	217896002	217896233	SINE/MIR	694	-	116	217896118	41901
chr2	217854217	218054217	harbor2	chr2	217906561	217906739	SINE/MIR	644	-	89	217906650	52433
chr2	217854217	218054217	harbor2	chr2	217910798	217910971	SINE/MIR	497	-	86	217910884	56667
chr2	217854217	218054217	harbor2	chr2	217911551	217911776	SINE/MIR	586	-	112	217911663	57446
chr2	217854217	218054217	harbor2	chr2	217921752	217921969	SINE/MIR	868	-	108	217921860	67643
chr2	217854217	218054217	harbor2	chr2	217924605	217924799	SINE/MIR	542	-	97	217924702	70485
chr2	217854217	218054217	harbor2	chr2	217930146	217930330	SINE/MIR	489	-	92	217930238	76021
chr2	217854217	218054217	harbor2	chr2	217932529	217932675	SINE/MIR	534	-	73	217932602	78385
chr2	217854217	218054217	harbor2	chr2	217933998	217934182	SINE/MIR	601	-	92	217934090	79873
chr2	217854217	218054217	harbor2	chr2	217935798	217935952	SINE/MIR	464	-	77	217935875	81658
chr2	217854217	218054217	harbor2	chr2	217936783	217936924	SINE/MIR	564	-	70	217936853	82636
chr2	217854217	218054217	harbor2	chr2	217939060	217939291	SINE/MIR	879	-	116	217939176	84959
chr2	217854217	218054217	harbor2	chr2	217951357	217951506	SINE/MIR	499	-	74	217951431	97214
chr2	217854217	218054217	harbor2	chr2	217952159	217952405	SINE/MIR	558	-	123	217952282	98065
chr2	217854217	218054217	harbor2	chr2	217923383	217923585	SINE/MIR	737	-	101	217923484	69267
chr2	3909466	4109466	harbor2	chr2	3960755	3960930	SINE/MIR	484	-	88	3960843	51377
chr2	113484950	113684950	harbor2	chr2	113513831	113514044	SINE/MIR	954	-	106	113513937	28987
chr2	113484950	113684950	harbor2	chr2	113536335	113536524	SINE/MIR	685	-	94	113536429	51479
chr2	113484950	113684950	harbor2	chr2	113570580	113570714	SINE/MIR	590	-	67	113570647	85697
chr2	113484950	113684950	harbor2	chr2	113580426	113580622	SINE/MIR	646	-	98	113580524	95574
chr2	152618727	152818727	harbor2	chr2	152632551	152632798	SINE/MIR	608	-	124	152632675	13948
chr2	72787348	72987348	harbor2	chr2	72792590	72792739	SINE/MIR	489	-	74	72792664	5316
chr2	72787348	72987348	harbor2	chr2	72800208	72800404	SINE/MIR	636	-	98	72800306	12958
chr2	72787348	72987348	harbor2	chr2	72800555	72800766	SINE/MIR	786	-	106	72800661	13313
chr2	72787348	72987348	harbor2	chr2	72828898	72829132	SINE/MIR	540	-	117	72829015	41667
chr2	72787348	72987348	harbor2	chr2	72841093	72841323	SINE/MIR	624	-	115	72841208	53860
chr2	229968889	230168889	harbor2	chr2	230005976	230006094	SINE/MIR	489	-	59	230006035	37146
chr2	229968889	230168889	harbor2	chr2	230006396	230006465	SINE/MIR	489	-	34	230006430	37541
chr2	229968889	230168889	harbor2	chr2	230048100	230048331	SINE/MIR	653	-	116	230048216	79327
chr2	43459411	43659411	harbor2	chr2	43482864	43483049	SINE/MIR	486	-	92	43482956	23545
chr2	43459411	43659411	harbor2	chr2	43528085	43528126	SINE/MIR	924	-	20	43528105	68694
chr2	43459411	43659411	harbor2	chr2	43528430	43528642	SINE/MIR	924	-	106	43528536	69125
chr2	6817447	7017447	harbor2	chr2	6850164	6850325	SINE/MIR	563	-	80	6850244	32797
chr2	6817447	7017447	harbor2	chr2	6854742	6854928	SINE/MIR	483	-	93	6854835	37388
chr2	6817447	7017447	harbor2	chr2	6862202	6862450	SINE/MIR	467	-	124	6862326	44879
chr2	6817447	7017447	harbor2	chr2	6864126	6864361	SINE/MIR	595	-	118	6864244	46797
chr2	43055466	43255466	harbor2	chr2	43059164	43059378	SINE/MIR	793	-	107	43059271	3805
chr2	43055466	43255466	harbor2	chr2	43060411	43060590	SINE/MIR	475	-	90	43060501	5035
chr2	43055466	43255466	harbor2	chr2	43064700	43064910	SINE/MIR	570	-	105	43064805	9339
chr2	43055466	43255466	harbor2	chr2	43065630	43065847	SINE/MIR	495	-	108	43065738	10272
chr2	43055466	43255466	harbor2	chr2	43068648	43068836	SINE/MIR	564	-	94	43068742	13276
chr2	43055466	43255466	harbor2	chr2	43081049	43081287	SINE/MIR	651	-	119	43081168	25702
chr2	43055466	43255466	harbor2	chr2	43092994	43093114	SINE/MIR	464	-	60	43093054	37588
chr2	43055466	43255466	harbor2	chr2	43111345	43111553	SINE/MIR	490	-	104	43111449	55983
chr2	43055466	43255466	harbor2	chr2	43111837	43111864	SINE/MIR	463	-	14	43111851	56385
chr2	43055466	43255466	harbor2	chr2	43124600	43124750	SINE/MIR	525	-	75	43124675	69209
chr2	43055466	43255466	harbor2	chr2	43128056	43128193	SINE/MIR	467	-	68	43128124	72658
chr2	85228038	85428038	harbor2	chr2	85253718	85253921	SINE/MIR	496	-	102	85253820	25782
chr2	85228038	85428038	harbor2	chr2	85282477	85282735	SINE/MIR	620	-	129	85282606	54568
chr2	169386758	169586758	harbor2	chr2	169390374	169390535	SINE/MIR	482	-	80	169390454	3696
chr2	169386758	169586758	harbor2	chr2	169407225	169407440	SINE/MIR	553	-	108	169407333	20575
chr2	169386758	169586758	harbor2	chr2	169485249	169485437	SINE/MIR	443	-	94	169485343	98585
chr2	42069370	42269370	harbor2	chr2	42104474	42104672	SINE/MIR	532	-	99	42104573	35203
chr2	42069370	42269370	harbor2	chr2	42131594	42131840	SINE/MIR	664	-	123	42131717	62347
chr2	42069370	42269370	harbor2	chr2	42145207	42145327	SINE/MIR	714	-	60	42145267	75897
chr2	42069370	42269370	harbor2	chr2	42145638	42145784	SINE/MIR	714	-	73	42145711	76341
chr2	42069370	42269370	harbor2	chr2	42147251	42147483	SINE/MIR	849	-	116	42147367	77997
chr2	42069370	42269370	harbor2	chr2	42167256	42167505	SINE/MIR	895	-	124	42167380	98010
chr2	219078268	219278268	harbor2	chr2	219103641	219103856	SINE/MIR	687	-	108	219103749	25481
chr2	46271422	46471422	harbor2	chr2	46281816	46281958	SINE/MIR	468	-	71	46281887	10465
chr2	46271422	46471422	harbor2	chr2	46285523	46285615	SINE/MIR	537	-	46	46285569	14147
chr2	46271422	46471422	harbor2	chr2	46285923	46286035	SINE/MIR	537	-	56	46285979	14557
chr2	46271422	46471422	harbor2	chr2	46301597	46301651	SINE/MIR	442	-	27	46301624	30202
chr2	46271422	46471422	harbor2	chr2	46304192	46304404	SINE/MIR	666	-	106	46304298	32876
chr2	46271422	46471422	harbor2	chr2	46322612	46322771	SINE/MIR	567	-	80	46322692	51270
chr2	46271422	46471422	harbor2	chr2	46331012	46331197	SINE/MIR	526	-	92	46331104	59682
chr2	46271422	46471422	harbor2	chr2	46345850	46346076	SINE/MIR	746	-	113	46345963	74541
chr2	46271422	46471422	harbor2	chr2	46355215	46355394	SINE/MIR	504	-	90	46355305	83883
chr2	46271422	46471422	harbor2	chr2	46301177	46301293	SINE/MIR	442	-	58	46301235	29813
chr2	113779869	113979869	harbor2	chr2	113859168	113859402	SINE/MIR	592	-	117	113859285	79416
chr2	43055483	43255483	harbor2	chr2	43059164	43059378	SINE/MIR	793	-	107	43059271	3788
chr2	43055483	43255483	harbor2	chr2	43060411	43060590	SINE/MIR	475	-	90	43060501	5018
chr2	43055483	43255483	harbor2	chr2	43064700	43064910	SINE/MIR	570	-	105	43064805	9322
chr2	43055483	43255483	harbor2	chr2	43065630	43065847	SINE/MIR	495	-	108	43065738	10255
chr2	43055483	43255483	harbor2	chr2	43068648	43068836	SINE/MIR	564	-	94	43068742	13259
chr2	43055483	43255483	harbor2	chr2	43081049	43081287	SINE/MIR	651	-	119	43081168	25685
chr2	43055483	43255483	harbor2	chr2	43092994	43093114	SINE/MIR	464	-	60	43093054	37571
chr2	43055483	43255483	harbor2	chr2	43111345	43111553	SINE/MIR	490	-	104	43111449	55966
chr2	43055483	43255483	harbor2	chr2	43111837	43111864	SINE/MIR	463	-	14	43111851	56368
chr2	43055483	43255483	harbor2	chr2	43124600	43124750	SINE/MIR	525	-	75	43124675	69192
chr2	43055483	43255483	harbor2	chr2	43128056	43128193	SINE/MIR	467	-	68	43128124	72641
chr2	219078246	219278246	harbor2	chr2	219103641	219103856	SINE/MIR	687	-	108	219103749	25503
chr2	26950619	27150619	harbor2	chr2	26963941	26964173	SINE/MIR	520	-	116	26964057	13438
chr2	26950619	27150619	harbor2	chr2	27015231	27015454	SINE/MIR	666	-	112	27015343	64724
chr2	26950619	27150619	harbor2	chr2	27036162	27036319	SINE/MIR	446	-	78	27036240	85621
chr2	168551031	168751031	harbor2	chr2	168590695	168590902	SINE/MIR	552	-	104	168590799	39768
chr2	168551031	168751031	harbor2	chr2	168612037	168612239	SINE/MIR	640	-	101	168612138	61107
chr2	168551031	168751031	harbor2	chr2	168633333	168633537	SINE/MIR	460	-	102	168633435	82404
chr2	42261218	42461218	harbor2	chr2	42302149	42302209	SINE/MIR	481	-	30	42302179	40961
chr2	42261218	42461218	harbor2	chr2	42302354	42302488	SINE/MIR	481	-	67	42302421	41203
chr2	42261218	42461218	harbor2	chr2	42354844	42355068	SINE/MIR	685	-	112	42354956	93738
chr2	127929061	128129061	harbor2	chr2	128016642	128016863	SINE/MIR	533	-	110	128016752	87691
chr2	87467266	87667266	harbor2	chr2	87488097	87488312	SINE/MIR	446	-	108	87488205	20939
chr2	87467266	87667266	harbor2	chr2	87557216	87557385	SINE/MIR	568	-	84	87557300	90034
chr2	70771714	70971714	harbor2	chr2	70784393	70784610	SINE/MIR	702	-	108	70784501	12787
chr2	70771714	70971714	harbor2	chr2	70800396	70800615	SINE/MIR	620	-	110	70800506	28792
chr2	70771714	70971714	harbor2	chr2	70815542	70815758	SINE/MIR	613	-	108	70815650	43936
chr2	70771714	70971714	harbor2	chr2	70864960	70865201	SINE/MIR	705	-	120	70865080	93366
chr2	200603208	200803208	harbor2	chr2	200626045	200626222	SINE/MIR	604	-	88	200626133	22925
chr2	200603208	200803208	harbor2	chr2	200626790	200627024	SINE/MIR	517	-	117	200626907	23699
chr2	200603208	200803208	harbor2	chr2	200627730	200627916	SINE/MIR	487	-	93	200627823	24615
chr2	200603208	200803208	harbor2	chr2	200652930	200653152	SINE/MIR	533	-	111	200653041	49833
chr2	200603208	200803208	harbor2	chr2	200653390	200653590	SINE/MIR	527	-	100	200653490	50282
chr2	200603208	200803208	harbor2	chr2	200675722	200675860	SINE/MIR	470	-	69	200675791	72583
chr2	200603208	200803208	harbor2	chr2	200687210	200687404	SINE/MIR	489	-	97	200687307	84099
chr2	111955657	112155657	harbor2	chr2	111988573	111988663	SINE/MIR	474	-	45	111988618	32961
chr2	111955657	112155657	harbor2	chr2	111988954	111989086	SINE/MIR	474	-	66	111989020	33363
chr2	111955657	112155657	harbor2	chr2	112030395	112030562	SINE/MIR	457	-	84	112030479	74822
chr2	113497566	113697566	harbor2	chr2	113513831	113514044	SINE/MIR	954	-	106	113513937	16371
chr2	113497566	113697566	harbor2	chr2	113536335	113536524	SINE/MIR	685	-	94	113536429	38863
chr2	113497566	113697566	harbor2	chr2	113570580	113570714	SINE/MIR	590	-	67	113570647	73081
chr2	113497566	113697566	harbor2	chr2	113580426	113580622	SINE/MIR	646	-	98	113580524	82958
chr2	86976784	87176784	harbor2	chr2	86981839	86982072	SINE/MIR	617	-	116	86981955	5171
chr2	86976784	87176784	harbor2	chr2	87011585	87011810	SINE/MIR	654	-	112	87011697	34913
chr2	86976784	87176784	harbor2	chr2	87032560	87032802	SINE/MIR	619	-	121	87032681	55897
chr2	86976784	87176784	harbor2	chr2	87048556	87048795	SINE/MIR	620	-	120	87048676	71892
chr2	152618540	152818540	harbor2	chr2	152632551	152632798	SINE/MIR	608	-	124	152632675	14135
chr2	63489005	63689005	harbor2	chr2	63494383	63494572	SINE/MIR	709	-	94	63494477	5472
chr2	63489005	63689005	harbor2	chr2	63568047	63568254	SINE/MIR	566	-	104	63568151	79146
chr2	26957456	27157456	harbor2	chr2	26963941	26964173	SINE/MIR	520	-	116	26964057	6601
chr2	26957456	27157456	harbor2	chr2	27015231	27015454	SINE/MIR	666	-	112	27015343	57887
chr2	26957456	27157456	harbor2	chr2	27036162	27036319	SINE/MIR	446	-	78	27036240	78784
chr2	42069378	42269378	harbor2	chr2	42104474	42104672	SINE/MIR	532	-	99	42104573	35195
chr2	42069378	42269378	harbor2	chr2	42131594	42131840	SINE/MIR	664	-	123	42131717	62339
chr2	42069378	42269378	harbor2	chr2	42145207	42145327	SINE/MIR	714	-	60	42145267	75889
chr2	42069378	42269378	harbor2	chr2	42145638	42145784	SINE/MIR	714	-	73	42145711	76333
chr2	42069378	42269378	harbor2	chr2	42147251	42147483	SINE/MIR	849	-	116	42147367	77989
chr2	42069378	42269378	harbor2	chr2	42167256	42167505	SINE/MIR	895	-	124	42167380	98002
chr2	74415881	74615881	harbor2	chr2	74429082	74429302	SINE/MIR	635	-	110	74429192	13311
chr2	74415881	74615881	harbor2	chr2	74453409	74453660	SINE/MIR	548	-	126	74453535	37654
chr2	74415881	74615881	harbor2	chr2	74467216	74467435	SINE/MIR	748	-	110	74467326	51445
chr2	120748875	120948875	harbor2	chr2	120779617	120779818	SINE/MIR	543	-	100	120779717	30842
chr2	120748875	120948875	harbor2	chr2	120845841	120845999	SINE/MIR	472	-	79	120845920	97045
chr2	203717178	203917178	harbor2	chr2	203763257	203763461	SINE/MIR	662	-	102	203763359	46181
chr2	203717178	203917178	harbor2	chr2	203781675	203781897	SINE/MIR	692	-	111	203781786	64608
chr2	219343736	219543736	harbor2	chr2	219381014	219381230	SINE/MIR	767	-	108	219381122	37386
chr2	219343736	219543736	harbor2	chr2	219388767	219388990	SINE/MIR	488	-	112	219388879	45143
chr2	219343736	219543736	harbor2	chr2	219403702	219403932	SINE/MIR	867	-	115	219403817	60081
chr2	219343736	219543736	harbor2	chr2	219406471	219406653	SINE/MIR	708	-	91	219406562	62826
chr2	74427953	74627953	harbor2	chr2	74429082	74429302	SINE/MIR	635	-	110	74429192	1239
chr2	74427953	74627953	harbor2	chr2	74453409	74453660	SINE/MIR	548	-	126	74453535	25582
chr2	74427953	74627953	harbor2	chr2	74467216	74467435	SINE/MIR	748	-	110	74467326	39373
chr2	26950608	27150608	harbor2	chr2	26963941	26964173	SINE/MIR	520	-	116	26964057	13449
chr2	26950608	27150608	harbor2	chr2	27015231	27015454	SINE/MIR	666	-	112	27015343	64735
chr2	26950608	27150608	harbor2	chr2	27036162	27036319	SINE/MIR	446	-	78	27036240	85632
chr2	56085624	56285624	harbor2	chr2	56117701	56117860	SINE/MIR	553	-	80	56117781	32157
chr2	56148544	56348544	harbor2	chr2	56237501	56237726	SINE/MIR	667	-	112	56237613	89069
chr2	56148544	56348544	harbor2	chr2	56237870	56238113	SINE/MIR	492	-	122	56237992	89448
chr2	6845395	7045395	harbor2	chr2	6850164	6850325	SINE/MIR	563	-	80	6850244	4849
chr2	6845395	7045395	harbor2	chr2	6854742	6854928	SINE/MIR	483	-	93	6854835	9440
chr2	6845395	7045395	harbor2	chr2	6862202	6862450	SINE/MIR	467	-	124	6862326	16931
chr2	6845395	7045395	harbor2	chr2	6864126	6864361	SINE/MIR	595	-	118	6864244	18849
chr2	70771713	70971713	harbor2	chr2	70784393	70784610	SINE/MIR	702	-	108	70784501	12788
chr2	70771713	70971713	harbor2	chr2	70800396	70800615	SINE/MIR	620	-	110	70800506	28793
chr2	70771713	70971713	harbor2	chr2	70815542	70815758	SINE/MIR	613	-	108	70815650	43937
chr2	70771713	70971713	harbor2	chr2	70864960	70865201	SINE/MIR	705	-	120	70865080	93367
chr2	162740814	162940814	harbor2	chr2	162777556	162777781	SINE/MIR	621	-	112	162777668	36854
chr2	162740814	162940814	harbor2	chr2	162786276	162786501	SINE/MIR	586	-	112	162786388	45574
chr2	162740814	162940814	harbor2	chr2	162822308	162822541	SINE/MIR	546	-	116	162822424	81610
chr2	26246115	26446115	harbor2	chr2	26289679	26289860	SINE/MIR	552	-	90	26289769	43654
chr2	26246115	26446115	harbor2	chr2	26310475	26310619	SINE/MIR	584	-	72	26310547	64432
chr2	26403683	26603683	harbor2	chr2	26423711	26423939	SINE/MIR	557	-	114	26423825	20142
chr2	26403683	26603683	harbor2	chr2	26465305	26465419	SINE/MIR	481	-	57	26465362	61679
chr2	26403683	26603683	harbor2	chr2	26474716	26474918	SINE/MIR	650	-	101	26474817	71134
chr2	26403683	26603683	harbor2	chr2	26502742	26502916	SINE/MIR	452	-	87	26502829	99146
chr2	74272719	74472719	harbor2	chr2	74274061	74274196	SINE/MIR	667	-	68	74274129	1410
chr2	74272719	74472719	harbor2	chr2	74275704	74275951	SINE/MIR	972	-	124	74275828	3109
chr2	74272719	74472719	harbor2	chr2	74315961	74316094	SINE/MIR	579	-	66	74316027	43308
chr2	74272719	74472719	harbor2	chr2	74325627	74325827	SINE/MIR	565	-	100	74325727	53008
chr2	74272719	74472719	harbor2	chr2	74336578	74336720	SINE/MIR	494	-	71	74336649	63930
chr2	74272719	74472719	harbor2	chr2	74358872	74359019	SINE/MIR	593	-	74	74358946	86227
chr2	207669644	207869644	harbor2	chr2	207761053	207761199	SINE/MIR	498	-	73	207761126	91482
chr2	74415899	74615899	harbor2	chr2	74429082	74429302	SINE/MIR	635	-	110	74429192	13293
chr2	74415899	74615899	harbor2	chr2	74453409	74453660	SINE/MIR	548	-	126	74453535	37636
chr2	74415899	74615899	harbor2	chr2	74467216	74467435	SINE/MIR	748	-	110	74467326	51427
chr2	46225653	46425653	harbor2	chr2	46281816	46281958	SINE/MIR	468	-	71	46281887	56234
chr2	46225653	46425653	harbor2	chr2	46285523	46285615	SINE/MIR	537	-	46	46285569	59916
chr2	46225653	46425653	harbor2	chr2	46285923	46286035	SINE/MIR	537	-	56	46285979	60326
chr2	46225653	46425653	harbor2	chr2	46301597	46301651	SINE/MIR	442	-	27	46301624	75971
chr2	46225653	46425653	harbor2	chr2	46304192	46304404	SINE/MIR	666	-	106	46304298	78645
chr2	46225653	46425653	harbor2	chr2	46322612	46322771	SINE/MIR	567	-	80	46322692	97039
chr2	46225653	46425653	harbor2	chr2	46301177	46301293	SINE/MIR	442	-	58	46301235	75582
chr2	219497764	219697764	harbor2	chr2	219524954	219525135	SINE/MIR	572	-	90	219525044	27280
chr2	219497764	219697764	harbor2	chr2	219525244	219525453	SINE/MIR	625	-	104	219525348	27584
chr2	219497764	219697764	harbor2	chr2	219556978	219557162	SINE/MIR	569	-	92	219557070	59306
chr2	219497764	219697764	harbor2	chr2	219558573	219558837	SINE/MIR	493	-	132	219558705	60941
chr2	219497764	219697764	harbor2	chr2	219560057	219560221	SINE/MIR	563	-	82	219560139	62375
chr2	219497764	219697764	harbor2	chr2	219580838	219580980	SINE/MIR	772	-	71	219580909	83145
chr2	219497764	219697764	harbor2	chr2	219581284	219581379	SINE/MIR	772	-	48	219581332	83568
chr2	219081092	219281092	harbor2	chr2	219103641	219103856	SINE/MIR	687	-	108	219103749	22657
chr2	160417009	160617009	harbor2	chr2	160444405	160444616	SINE/MIR	659	-	106	160444511	27502
chr2	160417009	160617009	harbor2	chr2	160445016	160445027	SINE/MIR	659	-	6	160445022	28013
chr2	160417009	160617009	harbor2	chr2	160460358	160460488	SINE/MIR	446	-	65	160460423	43414
chr2	219116633	219316633	harbor2	chr2	219183943	219184142	SINE/MIR	482	-	100	219184043	67410
chr2	219116633	219316633	harbor2	chr2	219192143	219192316	SINE/MIR	549	-	86	219192229	75596
chr2	28765454	28965454	harbor2	chr2	28808790	28809003	SINE/MIR	484	-	106	28808896	43442
chr2	28765454	28965454	harbor2	chr2	28824954	28825183	SINE/MIR	705	-	114	28825068	59614
chr2	28765454	28965454	harbor2	chr2	28837562	28837746	SINE/MIR	631	-	92	28837654	72200
chr2	28765454	28965454	harbor2	chr2	28839097	28839264	SINE/MIR	776	-	84	28839181	73727
chr2	28765454	28965454	harbor2	chr2	28841925	28842166	SINE/MIR	556	-	120	28842045	76591
chr2	28765454	28965454	harbor2	chr2	28857530	28857691	SINE/MIR	815	-	80	28857610	92156
chr2	219078263	219278263	harbor2	chr2	219103641	219103856	SINE/MIR	687	-	108	219103749	25486
chr2	3169197	3369197	harbor2	chr2	3172540	3172743	SINE/MIR	502	-	102	3172642	3445
chr2	3169197	3369197	harbor2	chr2	3203049	3203221	SINE/MIR	526	-	86	3203135	33938
chr2	3169197	3369197	harbor2	chr2	3265729	3265905	SINE/MIR	514	-	88	3265817	96620
chr2	53795907	53995907	harbor2	chr2	53811564	53811785	SINE/MIR	915	-	110	53811674	15767
chr2	53795907	53995907	harbor2	chr2	53857963	53858169	SINE/MIR	747	-	103	53858066	62159
chr2	53795907	53995907	harbor2	chr2	53882469	53882661	SINE/MIR	694	-	96	53882565	86658
chr2	70826505	71026505	harbor2	chr2	70864960	70865201	SINE/MIR	705	-	120	70865080	38575
chr2	70826505	71026505	harbor2	chr2	70892317	70892542	SINE/MIR	626	-	112	70892429	65924
chr2	219169703	219369703	harbor2	chr2	219183943	219184142	SINE/MIR	482	-	100	219184043	14340
chr2	219169703	219369703	harbor2	chr2	219192143	219192316	SINE/MIR	549	-	86	219192229	22526
chr2	219169703	219369703	harbor2	chr2	219244693	219244936	SINE/MIR	780	-	122	219244815	75112
chr2	219169703	219369703	harbor2	chr2	219244937	219245072	SINE/MIR	477	-	68	219245005	75302
chr2	219169703	219369703	harbor2	chr2	219268458	219268645	SINE/MIR	469	-	94	219268552	98849
chr2	74372415	74572415	harbor2	chr2	74384181	74384372	SINE/MIR	517	-	96	74384277	11862
chr2	74372415	74572415	harbor2	chr2	74429082	74429302	SINE/MIR	635	-	110	74429192	56777
chr2	74372415	74572415	harbor2	chr2	74453409	74453660	SINE/MIR	548	-	126	74453535	81120
chr2	74372415	74572415	harbor2	chr2	74467216	74467435	SINE/MIR	748	-	110	74467326	94911
chr2	61805670	62005670	harbor2	chr2	61871703	61871876	SINE/MIR	578	-	86	61871789	66119
chr2	61805670	62005670	harbor2	chr2	61877888	61878098	SINE/MIR	561	-	105	61877993	72323
chr2	26950206	27150206	harbor2	chr2	26963941	26964173	SINE/MIR	520	-	116	26964057	13851
chr2	26950206	27150206	harbor2	chr2	27015231	27015454	SINE/MIR	666	-	112	27015343	65137
chr2	26950206	27150206	harbor2	chr2	27036162	27036319	SINE/MIR	446	-	78	27036240	86034
chr2	111955694	112155694	harbor2	chr2	111988573	111988663	SINE/MIR	474	-	45	111988618	32924
chr2	111955694	112155694	harbor2	chr2	111988954	111989086	SINE/MIR	474	-	66	111989020	33326
chr2	111955694	112155694	harbor2	chr2	112030395	112030562	SINE/MIR	457	-	84	112030479	74785
chr2	26416022	26616022	harbor2	chr2	26423711	26423939	SINE/MIR	557	-	114	26423825	7803
chr2	26416022	26616022	harbor2	chr2	26465305	26465419	SINE/MIR	481	-	57	26465362	49340
chr2	26416022	26616022	harbor2	chr2	26474716	26474918	SINE/MIR	650	-	101	26474817	58795
chr2	26416022	26616022	harbor2	chr2	26502742	26502916	SINE/MIR	452	-	87	26502829	86807
chr2	26416022	26616022	harbor2	chr2	26505523	26505697	SINE/MIR	459	-	87	26505610	89588
chr2	219078270	219278270	harbor2	chr2	219103641	219103856	SINE/MIR	687	-	108	219103749	25479
chr2	120666618	120866618	harbor2	chr2	120670387	120670574	SINE/MIR	506	-	94	120670481	3863
chr2	120666618	120866618	harbor2	chr2	120704590	120704773	SINE/MIR	584	-	92	120704682	38064
chr2	120666618	120866618	harbor2	chr2	120709040	120709196	SINE/MIR	476	-	78	120709118	42500
chr2	152619118	152819118	harbor2	chr2	152632551	152632798	SINE/MIR	608	-	124	152632675	13557
chr2	70771742	70971742	harbor2	chr2	70784393	70784610	SINE/MIR	702	-	108	70784501	12759
chr2	70771742	70971742	harbor2	chr2	70800396	70800615	SINE/MIR	620	-	110	70800506	28764
chr2	70771742	70971742	harbor2	chr2	70815542	70815758	SINE/MIR	613	-	108	70815650	43908
chr2	70771742	70971742	harbor2	chr2	70864960	70865201	SINE/MIR	705	-	120	70865080	93338
chr2	217616860	217816860	harbor2	chr2	217645218	217645411	SINE/MIR	643	-	96	217645314	28454
chr2	217616860	217816860	harbor2	chr2	217710699	217710892	SINE/MIR	477	-	96	217710795	93935
chr2	26950220	27150220	harbor2	chr2	26963941	26964173	SINE/MIR	520	-	116	26964057	13837
chr2	26950220	27150220	harbor2	chr2	27015231	27015454	SINE/MIR	666	-	112	27015343	65123
chr2	26950220	27150220	harbor2	chr2	27036162	27036319	SINE/MIR	446	-	78	27036240	86020
chr2	44379608	44579608	harbor2	chr2	44408523	44408667	SINE/MIR	508	-	72	44408595	28987
chr2	44379608	44579608	harbor2	chr2	44438018	44438229	SINE/MIR	857	-	106	44438124	58516
chr2	44379608	44579608	harbor2	chr2	44461282	44461496	SINE/MIR	932	-	107	44461389	81781
chr2	178350868	178550868	harbor2	chr2	178372721	178372872	SINE/MIR	541	-	76	178372797	21929
chr2	178350868	178550868	harbor2	chr2	178416084	178416227	SINE/MIR	630	-	72	178416156	65288
chr2	178350868	178550868	harbor2	chr2	178418768	178418915	SINE/MIR	641	-	74	178418842	67974
chr2	178350868	178550868	harbor2	chr2	178442453	178442633	SINE/MIR	452	-	90	178442543	91675
chr2	26950698	27150698	harbor2	chr2	26963941	26964173	SINE/MIR	520	-	116	26964057	13359
chr2	26950698	27150698	harbor2	chr2	27015231	27015454	SINE/MIR	666	-	112	27015343	64645
chr2	26950698	27150698	harbor2	chr2	27036162	27036319	SINE/MIR	446	-	78	27036240	85542
chr2	26969295	27169295	harbor2	chr2	27015231	27015454	SINE/MIR	666	-	112	27015343	46048
chr2	26969295	27169295	harbor2	chr2	27036162	27036319	SINE/MIR	446	-	78	27036240	66945
chr2	26969295	27169295	harbor2	chr2	27060812	27060982	SINE/MIR	472	-	85	27060897	91602
chr2	111956912	112156912	harbor2	chr2	111988573	111988663	SINE/MIR	474	-	45	111988618	31706
chr2	111956912	112156912	harbor2	chr2	111988954	111989086	SINE/MIR	474	-	66	111989020	32108
chr2	111956912	112156912	harbor2	chr2	112030395	112030562	SINE/MIR	457	-	84	112030479	73567
chr2	43173998	43373998	harbor2	chr2	43192016	43192238	SINE/MIR	725	-	111	43192127	18129
chr2	43173998	43373998	harbor2	chr2	43193898	43194069	SINE/MIR	655	-	86	43193984	19986
chr2	43173998	43373998	harbor2	chr2	43209078	43209302	SINE/MIR	500	-	112	43209190	35192
chr2	43173998	43373998	harbor2	chr2	43216100	43216297	SINE/MIR	687	-	98	43216198	42200
chr2	43173998	43373998	harbor2	chr2	43242230	43242483	SINE/MIR	455	-	126	43242356	68358
chr2	48215708	48415708	harbor2	chr2	48288422	48288552	SINE/MIR	541	-	65	48288487	72779
chr2	48215708	48415708	harbor2	chr2	48288927	48288954	SINE/MIR	541	-	14	48288941	73233
chr2	26982677	27182677	harbor2	chr2	27015231	27015454	SINE/MIR	666	-	112	27015343	32666
chr2	26982677	27182677	harbor2	chr2	27036162	27036319	SINE/MIR	446	-	78	27036240	53563
chr2	26982677	27182677	harbor2	chr2	27060812	27060982	SINE/MIR	472	-	85	27060897	78220
chr2	26982677	27182677	harbor2	chr2	27076761	27076902	SINE/MIR	623	-	70	27076831	94154
chr2	148421838	148621838	harbor2	chr2	148430186	148430395	SINE/MIR	554	-	104	148430290	8452
chr2	148421838	148621838	harbor2	chr2	148450148	148450335	SINE/MIR	572	-	94	148450242	28404
chr2	148421838	148621838	harbor2	chr2	148472825	148473017	SINE/MIR	507	-	96	148472921	51083
chr2	148421838	148621838	harbor2	chr2	148497879	148498086	SINE/MIR	550	-	104	148497983	76145
chr2	148421838	148621838	harbor2	chr2	148501848	148502056	SINE/MIR	539	-	104	148501952	80114
chr2	65025318	65225318	harbor2	chr2	65041480	65041681	SINE/MIR	582	-	100	65041580	16262
chr2	65025318	65225318	harbor2	chr2	65073050	65073281	SINE/MIR	678	-	116	65073166	47848
chr2	65025318	65225318	harbor2	chr2	65096874	65097114	SINE/MIR	466	-	120	65096994	71676
chr2	219501939	219701939	harbor2	chr2	219524954	219525135	SINE/MIR	572	-	90	219525044	23105
chr2	219501939	219701939	harbor2	chr2	219525244	219525453	SINE/MIR	625	-	104	219525348	23409
chr2	219501939	219701939	harbor2	chr2	219556978	219557162	SINE/MIR	569	-	92	219557070	55131
chr2	219501939	219701939	harbor2	chr2	219558573	219558837	SINE/MIR	493	-	132	219558705	56766
chr2	219501939	219701939	harbor2	chr2	219560057	219560221	SINE/MIR	563	-	82	219560139	58200
chr2	219501939	219701939	harbor2	chr2	219580838	219580980	SINE/MIR	772	-	71	219580909	78970
chr2	219501939	219701939	harbor2	chr2	219581284	219581379	SINE/MIR	772	-	48	219581332	79393
chr2	217119672	217319672	harbor2	chr2	217155545	217155752	SINE/MIR	582	-	104	217155649	35977
chr2	217119672	217319672	harbor2	chr2	217168968	217169150	SINE/MIR	457	-	91	217169059	49387
chr2	217119672	217319672	harbor2	chr2	217182011	217182192	SINE/MIR	542	-	90	217182101	62429
chr2	217119672	217319672	harbor2	chr2	217195455	217195722	SINE/MIR	596	-	134	217195589	75917
chr2	113484926	113684926	harbor2	chr2	113513831	113514044	SINE/MIR	954	-	106	113513937	29011
chr2	113484926	113684926	harbor2	chr2	113536335	113536524	SINE/MIR	685	-	94	113536429	51503
chr2	113484926	113684926	harbor2	chr2	113570580	113570714	SINE/MIR	590	-	67	113570647	85721
chr2	113484926	113684926	harbor2	chr2	113580426	113580622	SINE/MIR	646	-	98	113580524	95598
chr2	218180022	218380022	harbor2	chr2	218223588	218223717	SINE/MIR	500	-	64	218223652	43630
chr2	218180022	218380022	harbor2	chr2	218260130	218260324	SINE/MIR	457	-	97	218260227	80205
chr2	113619441	113819441	harbor2	chr2	113679373	113679563	SINE/MIR	506	-	95	113679468	60027
chr2	113619441	113819441	harbor2	chr2	113717449	113717667	SINE/MIR	689	-	109	113717558	98117
chr2	219078284	219278284	harbor2	chr2	219103641	219103856	SINE/MIR	687	-	108	219103749	25465
chr2	219387359	219587359	harbor2	chr2	219388767	219388990	SINE/MIR	488	-	112	219388879	1520
chr2	219387359	219587359	harbor2	chr2	219403702	219403932	SINE/MIR	867	-	115	219403817	16458
chr2	219387359	219587359	harbor2	chr2	219406471	219406653	SINE/MIR	708	-	91	219406562	19203
chr2	219387359	219587359	harbor2	chr2	219450196	219450419	SINE/MIR	554	-	112	219450308	62949
chr2	219387359	219587359	harbor2	chr2	219455138	219455281	SINE/MIR	509	-	72	219455210	67851
chr2	219387359	219587359	harbor2	chr2	219470108	219470364	SINE/MIR	528	-	128	219470236	82877
chr2	219387359	219587359	harbor2	chr2	219474402	219474630	SINE/MIR	856	-	114	219474516	87157
chr2	219387359	219587359	harbor2	chr2	219478279	219478469	SINE/MIR	693	-	95	219478374	91015
chr2	219387359	219587359	harbor2	chr2	219478813	219478964	SINE/MIR	457	-	76	219478889	91530
chr2	219387359	219587359	harbor2	chr2	219481740	219481892	SINE/MIR	463	-	76	219481816	94457
chr2	219387359	219587359	harbor2	chr2	219485612	219485838	SINE/MIR	535	-	113	219485725	98366
chr2	42069367	42269367	harbor2	chr2	42104474	42104672	SINE/MIR	532	-	99	42104573	35206
chr2	42069367	42269367	harbor2	chr2	42131594	42131840	SINE/MIR	664	-	123	42131717	62350
chr2	42069367	42269367	harbor2	chr2	42145207	42145327	SINE/MIR	714	-	60	42145267	75900
chr2	42069367	42269367	harbor2	chr2	42145638	42145784	SINE/MIR	714	-	73	42145711	76344
chr2	42069367	42269367	harbor2	chr2	42147251	42147483	SINE/MIR	849	-	116	42147367	78000
chr2	42069367	42269367	harbor2	chr2	42167256	42167505	SINE/MIR	895	-	124	42167380	98013
chr2	26246633	26446633	harbor2	chr2	26289679	26289860	SINE/MIR	552	-	90	26289769	43136
chr2	26246633	26446633	harbor2	chr2	26310475	26310619	SINE/MIR	584	-	72	26310547	63914
chr2	42069757	42269757	harbor2	chr2	42104474	42104672	SINE/MIR	532	-	99	42104573	34816
chr2	42069757	42269757	harbor2	chr2	42131594	42131840	SINE/MIR	664	-	123	42131717	61960
chr2	42069757	42269757	harbor2	chr2	42145207	42145327	SINE/MIR	714	-	60	42145267	75510
chr2	42069757	42269757	harbor2	chr2	42145638	42145784	SINE/MIR	714	-	73	42145711	75954
chr2	42069757	42269757	harbor2	chr2	42147251	42147483	SINE/MIR	849	-	116	42147367	77610
chr2	42069757	42269757	harbor2	chr2	42167256	42167505	SINE/MIR	895	-	124	42167380	97623
chr2	157738652	157938652	harbor2	chr2	157767613	157767782	SINE/MIR	463	-	84	157767697	29045
chr2	219118932	219318932	harbor2	chr2	219183943	219184142	SINE/MIR	482	-	100	219184043	65111
chr2	219118932	219318932	harbor2	chr2	219192143	219192316	SINE/MIR	549	-	86	219192229	73297
chr2	144379701	144579701	harbor2	chr2	144414593	144414742	SINE/MIR	461	-	74	144414667	34966
chr2	144379701	144579701	harbor2	chr2	144423459	144423637	SINE/MIR	502	-	89	144423548	43847
chr2	144379701	144579701	harbor2	chr2	144457165	144457417	SINE/MIR	474	-	126	144457291	77590
chr2	144379701	144579701	harbor2	chr2	144472486	144472661	SINE/MIR	474	-	88	144472574	92873
chr2	105442419	105642419	harbor2	chr2	105472095	105472276	SINE/MIR	517	-	90	105472185	29766
chr2	105442419	105642419	harbor2	chr2	105493793	105494024	SINE/MIR	547	-	116	105493909	51490
chr2	105442419	105642419	harbor2	chr2	105505543	105505695	SINE/MIR	491	-	76	105505619	63200
chr2	113484846	113684846	harbor2	chr2	113513831	113514044	SINE/MIR	954	-	106	113513937	29091
chr2	113484846	113684846	harbor2	chr2	113536335	113536524	SINE/MIR	685	-	94	113536429	51583
chr2	113484846	113684846	harbor2	chr2	113570580	113570714	SINE/MIR	590	-	67	113570647	85801
chr2	113484846	113684846	harbor2	chr2	113580426	113580622	SINE/MIR	646	-	98	113580524	95678
chr2	72971510	73171510	harbor2	chr2	72972185	72972311	SINE/MIR	465	-	63	72972248	738
chr2	72971510	73171510	harbor2	chr2	73029669	73029789	SINE/MIR	689	-	60	73029729	58219
chr2	72971510	73171510	harbor2	chr2	73030098	73030211	SINE/MIR	689	-	56	73030154	58644
chr2	72971510	73171510	harbor2	chr2	72990535	72990759	SINE/MIR	580	-	112	72990647	19137
chr2	26982780	27182780	harbor2	chr2	27015231	27015454	SINE/MIR	666	-	112	27015343	32563
chr2	26982780	27182780	harbor2	chr2	27036162	27036319	SINE/MIR	446	-	78	27036240	53460
chr2	26982780	27182780	harbor2	chr2	27060812	27060982	SINE/MIR	472	-	85	27060897	78117
chr2	26982780	27182780	harbor2	chr2	27076761	27076902	SINE/MIR	623	-	70	27076831	94051
chr2	152618543	152818543	harbor2	chr2	152632551	152632798	SINE/MIR	608	-	124	152632675	14132
chr2	26960509	27160509	harbor2	chr2	26963941	26964173	SINE/MIR	520	-	116	26964057	3548
chr2	26960509	27160509	harbor2	chr2	27015231	27015454	SINE/MIR	666	-	112	27015343	54834
chr2	26960509	27160509	harbor2	chr2	27036162	27036319	SINE/MIR	446	-	78	27036240	75731
chr2	199357332	199557332	harbor2	chr2	199367984	199368202	SINE/MIR	801	-	109	199368093	10761
chr2	199357332	199557332	harbor2	chr2	199377974	199378175	SINE/MIR	498	-	100	199378074	20742
chr2	199357332	199557332	harbor2	chr2	199399438	199399508	SINE/MIR	452	-	35	199399473	42141
chr2	199357332	199557332	harbor2	chr2	199399915	199400034	SINE/MIR	452	-	60	199399975	42643
chr2	199357332	199557332	harbor2	chr2	199400617	199400840	SINE/MIR	576	-	112	199400729	43397
chr2	199357332	199557332	harbor2	chr2	199411447	199411676	SINE/MIR	671	-	114	199411561	54229
chr2	199357332	199557332	harbor2	chr2	199418073	199418306	SINE/MIR	524	-	116	199418189	60857
chr2	218241926	218441926	harbor2	chr2	218260130	218260324	SINE/MIR	457	-	97	218260227	18301
chr2	218241926	218441926	harbor2	chr2	218285171	218285341	SINE/MIR	607	-	85	218285256	43330
chr2	218241926	218441926	harbor2	chr2	218333481	218333716	SINE/MIR	660	-	118	218333599	91673
chr2	96108919	96308919	harbor2	chr2	96150772	96150964	SINE/MIR	462	-	96	96150868	41949
chr2	96108919	96308919	harbor2	chr2	96151049	96151227	SINE/MIR	468	-	89	96151138	42219
chr2	96108919	96308919	harbor2	chr2	96178068	96178211	SINE/MIR	629	-	72	96178140	69221
chr2	219467910	219667910	harbor2	chr2	219470108	219470364	SINE/MIR	528	-	128	219470236	2326
chr2	219467910	219667910	harbor2	chr2	219474402	219474630	SINE/MIR	856	-	114	219474516	6606
chr2	219467910	219667910	harbor2	chr2	219478279	219478469	SINE/MIR	693	-	95	219478374	10464
chr2	219467910	219667910	harbor2	chr2	219478813	219478964	SINE/MIR	457	-	76	219478889	10979
chr2	219467910	219667910	harbor2	chr2	219481740	219481892	SINE/MIR	463	-	76	219481816	13906
chr2	219467910	219667910	harbor2	chr2	219485612	219485838	SINE/MIR	535	-	113	219485725	17815
chr2	219467910	219667910	harbor2	chr2	219487379	219487545	SINE/MIR	451	-	83	219487462	19552
chr2	219467910	219667910	harbor2	chr2	219490084	219490317	SINE/MIR	754	-	116	219490200	22290
chr2	219467910	219667910	harbor2	chr2	219491044	219491220	SINE/MIR	533	-	88	219491132	23222
chr2	219467910	219667910	harbor2	chr2	219497481	219497624	SINE/MIR	460	-	72	219497553	29643
chr2	219467910	219667910	harbor2	chr2	219524954	219525135	SINE/MIR	572	-	90	219525044	57134
chr2	219467910	219667910	harbor2	chr2	219525244	219525453	SINE/MIR	625	-	104	219525348	57438
chr2	219467910	219667910	harbor2	chr2	219556978	219557162	SINE/MIR	569	-	92	219557070	89160
chr2	219467910	219667910	harbor2	chr2	219558573	219558837	SINE/MIR	493	-	132	219558705	90795
chr2	219467910	219667910	harbor2	chr2	219560057	219560221	SINE/MIR	563	-	82	219560139	92229
chr2	111957164	112157164	harbor2	chr2	111988573	111988663	SINE/MIR	474	-	45	111988618	31454
chr2	111957164	112157164	harbor2	chr2	111988954	111989086	SINE/MIR	474	-	66	111989020	31856
chr2	111957164	112157164	harbor2	chr2	112030395	112030562	SINE/MIR	457	-	84	112030479	73315
chr2	120635614	120835614	harbor2	chr2	120670387	120670574	SINE/MIR	506	-	94	120670481	34867
chr2	120635614	120835614	harbor2	chr2	120704590	120704773	SINE/MIR	584	-	92	120704682	69068
chr2	120635614	120835614	harbor2	chr2	120709040	120709196	SINE/MIR	476	-	78	120709118	73504
chr3	107992947	108192947	harbor2	chr3	108001756	108001881	SINE/MIR	446	-	62	108001818	8871
chr3	107992947	108192947	harbor2	chr3	108038306	108038477	SINE/MIR	431	-	86	108038392	45445
chr3	107992947	108192947	harbor2	chr3	108078887	108079022	SINE/MIR	406	-	68	108078955	86008
chr3	107992058	108192058	harbor2	chr3	108001756	108001881	SINE/MIR	446	-	62	108001818	9760
chr3	107992058	108192058	harbor2	chr3	108038306	108038477	SINE/MIR	431	-	86	108038392	46334
chr3	107992058	108192058	harbor2	chr3	108078887	108079022	SINE/MIR	406	-	68	108078955	86897
chr3	107999874	108199874	harbor2	chr3	108001756	108001881	SINE/MIR	446	-	62	108001818	1944
chr3	107999874	108199874	harbor2	chr3	108038306	108038477	SINE/MIR	431	-	86	108038392	38518
chr3	107999874	108199874	harbor2	chr3	108078887	108079022	SINE/MIR	406	-	68	108078955	79081
chr3	46806484	47006484	harbor2	chr3	46890420	46890496	SINE/MIR	478	-	38	46890458	83974
chr3	46806484	47006484	harbor2	chr3	46890801	46890927	SINE/MIR	478	-	63	46890864	84380
chr3	54754036	54954036	harbor2	chr3	54757687	54757924	SINE/MIR	620	-	118	54757805	3769
chr3	54754036	54954036	harbor2	chr3	54789165	54789251	SINE/MIR	440	-	43	54789208	35172
chr3	54754036	54954036	harbor2	chr3	54808961	54809176	SINE/MIR	634	-	108	54809069	55033
chr3	54754036	54954036	harbor2	chr3	54840254	54840399	SINE/MIR	403	-	72	54840326	86290
chr3	178973707	179173707	harbor2	chr3	178982226	178982451	SINE/MIR	427	-	112	178982338	8631
chr3	32471408	32671408	harbor2	chr3	32503817	32503985	SINE/MIR	431	-	84	32503901	32493
chr3	32471408	32671408	harbor2	chr3	32553724	32553887	SINE/MIR	507	-	82	32553806	82398
chr3	32471408	32671408	harbor2	chr3	32569068	32569257	SINE/MIR	625	-	94	32569162	97754
chr3	51941658	52141658	harbor2	chr3	51971054	51971232	SINE/MIR	454	-	89	51971143	29485
chr3	51941658	52141658	harbor2	chr3	52007021	52007172	SINE/MIR	399	-	76	52007097	65439
chr3	51941658	52141658	harbor2	chr3	52017290	52017510	SINE/MIR	456	-	110	52017400	75742
chr3	51941658	52141658	harbor2	chr3	52031106	52031278	SINE/MIR	474	-	86	52031192	89534
chr3	51941658	52141658	harbor2	chr3	52032612	52032787	SINE/MIR	465	-	88	52032700	91042
chr3	51940304	52140304	harbor2	chr3	51971054	51971232	SINE/MIR	454	-	89	51971143	30839
chr3	51940304	52140304	harbor2	chr3	52007021	52007172	SINE/MIR	399	-	76	52007097	66793
chr3	51940304	52140304	harbor2	chr3	52017290	52017510	SINE/MIR	456	-	110	52017400	77096
chr3	51940304	52140304	harbor2	chr3	52031106	52031278	SINE/MIR	474	-	86	52031192	90888
chr3	51940304	52140304	harbor2	chr3	52032612	52032787	SINE/MIR	465	-	88	52032700	92396
chr3	132356932	132556932	harbor2	chr3	132402977	132403231	SINE/MIR	786	-	127	132403104	46172
chr3	132356932	132556932	harbor2	chr3	132412573	132412702	SINE/MIR	405	-	64	132412637	55705
chr3	132356932	132556932	harbor2	chr3	132427798	132427927	SINE/MIR	466	-	64	132427862	70930
chr3	132356932	132556932	harbor2	chr3	132440380	132440480	SINE/MIR	739	-	50	132440430	83498
chr3	132356932	132556932	harbor2	chr3	132440799	132440955	SINE/MIR	739	-	78	132440877	83945
chr3	156989183	157189183	harbor2	chr3	157029344	157029470	SINE/MIR	423	-	63	157029407	40224
chr3	156989183	157189183	harbor2	chr3	157047220	157047392	SINE/MIR	516	-	86	157047306	58123
chr3	156989183	157189183	harbor2	chr3	157056211	157056401	SINE/MIR	502	-	95	157056306	67123
chr3	107993020	108193020	harbor2	chr3	108001756	108001881	SINE/MIR	446	-	62	108001818	8798
chr3	107993020	108193020	harbor2	chr3	108038306	108038477	SINE/MIR	431	-	86	108038392	45372
chr3	107993020	108193020	harbor2	chr3	108078887	108079022	SINE/MIR	406	-	68	108078955	85935
chr3	127490780	127690780	harbor2	chr3	127492258	127492490	SINE/MIR	490	-	116	127492374	1594
chr3	127490780	127690780	harbor2	chr3	127537880	127538047	SINE/MIR	627	-	84	127537964	47184
chr3	127490780	127690780	harbor2	chr3	127562135	127562292	SINE/MIR	424	-	78	127562213	71433
chr3	51939426	52139426	harbor2	chr3	51971054	51971232	SINE/MIR	454	-	89	51971143	31717
chr3	51939426	52139426	harbor2	chr3	52007021	52007172	SINE/MIR	399	-	76	52007097	67671
chr3	51939426	52139426	harbor2	chr3	52017290	52017510	SINE/MIR	456	-	110	52017400	77974
chr3	51939426	52139426	harbor2	chr3	52031106	52031278	SINE/MIR	474	-	86	52031192	91766
chr3	51939426	52139426	harbor2	chr3	52032612	52032787	SINE/MIR	465	-	88	52032700	93274
chr3	140273579	140473579	harbor2	chr3	140287661	140287850	SINE/MIR	563	-	94	140287755	14176
chr3	140273579	140473579	harbor2	chr3	140289107	140289311	SINE/MIR	869	-	102	140289209	15630
chr3	140273579	140473579	harbor2	chr3	140311608	140311833	SINE/MIR	666	-	112	140311720	38141
chr3	140273579	140473579	harbor2	chr3	140318001	140318169	SINE/MIR	414	-	84	140318085	44506
chr3	140273579	140473579	harbor2	chr3	140337821	140338035	SINE/MIR	476	-	107	140337928	64349
chr3	50169875	50369875	harbor2	chr3	50219189	50219351	SINE/MIR	462	-	81	50219270	49395
chr3	50169875	50369875	harbor2	chr3	50232351	50232601	SINE/MIR	586	-	125	50232476	62601
chr3	143035218	143235218	harbor2	chr3	143092925	143093134	SINE/MIR	672	-	104	143093029	57811
chr3	143035218	143235218	harbor2	chr3	143129223	143129386	SINE/MIR	606	-	82	143129305	94087
chr3	108053599	108253599	harbor2	chr3	108078887	108079022	SINE/MIR	406	-	68	108078955	25356
chr3	108053599	108253599	harbor2	chr3	108114454	108114682	SINE/MIR	496	-	114	108114568	60969
chr3	108053599	108253599	harbor2	chr3	108140433	108140676	SINE/MIR	742	-	122	108140555	86956
chr3	197860224	198060224	harbor2	chr3	197926497	197926548	SINE/MIR	428	-	26	197926523	66299
chr3	197860224	198060224	harbor2	chr3	197926951	197927048	SINE/MIR	428	-	48	197926999	66775
chr3	197860224	198060224	harbor2	chr3	197934525	197934655	SINE/MIR	473	-	65	197934590	74366
chr3	107992017	108192017	harbor2	chr3	108001756	108001881	SINE/MIR	446	-	62	108001818	9801
chr3	107992017	108192017	harbor2	chr3	108038306	108038477	SINE/MIR	431	-	86	108038392	46375
chr3	107992017	108192017	harbor2	chr3	108078887	108079022	SINE/MIR	406	-	68	108078955	86938
chr3	23724816	23924816	harbor2	chr3	23730126	23730149	SINE/MIR	429	-	12	23730138	5322
chr3	23724816	23924816	harbor2	chr3	23730452	23730604	SINE/MIR	429	-	76	23730528	5712
chr3	23724816	23924816	harbor2	chr3	23755300	23755491	SINE/MIR	737	-	96	23755396	30580
chr3	23724816	23924816	harbor2	chr3	23797297	23797505	SINE/MIR	638	-	104	23797401	72585
chr3	43899144	44099144	harbor2	chr3	43902060	43902222	SINE/MIR	469	-	81	43902141	2997
chr3	43899144	44099144	harbor2	chr3	43965127	43965253	SINE/MIR	421	-	63	43965190	66046
chr3	50416036	50616036	harbor2	chr3	50456015	50456192	SINE/MIR	499	-	88	50456103	40067
chr3	50416036	50616036	harbor2	chr3	50478499	50478710	SINE/MIR	505	-	106	50478605	62569
chr3	50416036	50616036	harbor2	chr3	50513622	50513766	SINE/MIR	406	-	72	50513694	97658
chr3	126375275	126575275	harbor2	chr3	126375185	126375392	SINE/MIR	776	-	104	126375289	14
chr3	126375275	126575275	harbor2	chr3	126440363	126440478	SINE/MIR	452	-	58	126440421	65146
chr3	126375275	126575275	harbor2	chr3	126469011	126469212	SINE/MIR	659	-	100	126469111	93836
chr3	184134394	184334394	harbor2	chr3	184141002	184141190	SINE/MIR	480	-	94	184141096	6702
chr3	184134394	184334394	harbor2	chr3	184145896	184146040	SINE/MIR	544	-	72	184145968	11574
chr3	184134394	184334394	harbor2	chr3	184157938	184158053	SINE/MIR	855	-	58	184157996	23602
chr3	184134394	184334394	harbor2	chr3	184158354	184158467	SINE/MIR	855	-	56	184158410	24016
chr3	184134394	184334394	harbor2	chr3	184167350	184167571	SINE/MIR	649	-	110	184167460	33066
chr3	184134394	184334394	harbor2	chr3	184197618	184197803	SINE/MIR	488	-	92	184197710	63316
chr3	184134394	184334394	harbor2	chr3	184203884	184203975	SINE/MIR	690	-	46	184203930	69536
chr3	184134394	184334394	harbor2	chr3	184204269	184204395	SINE/MIR	690	-	63	184204332	69938
chr3	184134394	184334394	harbor2	chr3	184232205	184232378	SINE/MIR	480	-	86	184232291	97897
chr3	51948441	52148441	harbor2	chr3	51971054	51971232	SINE/MIR	454	-	89	51971143	22702
chr3	51948441	52148441	harbor2	chr3	52007021	52007172	SINE/MIR	399	-	76	52007097	58656
chr3	51948441	52148441	harbor2	chr3	52017290	52017510	SINE/MIR	456	-	110	52017400	68959
chr3	51948441	52148441	harbor2	chr3	52031106	52031278	SINE/MIR	474	-	86	52031192	82751
chr3	51948441	52148441	harbor2	chr3	52032612	52032787	SINE/MIR	465	-	88	52032700	84259
chr3	108122047	108322047	harbor2	chr3	108140433	108140676	SINE/MIR	742	-	122	108140555	18508
chr3	108122047	108322047	harbor2	chr3	108198007	108198206	SINE/MIR	528	-	100	108198107	76060
chr3	108122047	108322047	harbor2	chr3	108205206	108205419	SINE/MIR	645	-	106	108205312	83265
chr3	184130424	184330424	harbor2	chr3	184133154	184133383	SINE/MIR	874	-	114	184133268	2844
chr3	184130424	184330424	harbor2	chr3	184141002	184141190	SINE/MIR	480	-	94	184141096	10672
chr3	184130424	184330424	harbor2	chr3	184145896	184146040	SINE/MIR	544	-	72	184145968	15544
chr3	184130424	184330424	harbor2	chr3	184157938	184158053	SINE/MIR	855	-	58	184157996	27572
chr3	184130424	184330424	harbor2	chr3	184158354	184158467	SINE/MIR	855	-	56	184158410	27986
chr3	184130424	184330424	harbor2	chr3	184167350	184167571	SINE/MIR	649	-	110	184167460	37036
chr3	184130424	184330424	harbor2	chr3	184197618	184197803	SINE/MIR	488	-	92	184197710	67286
chr3	184130424	184330424	harbor2	chr3	184203884	184203975	SINE/MIR	690	-	46	184203930	73506
chr3	184130424	184330424	harbor2	chr3	184204269	184204395	SINE/MIR	690	-	63	184204332	73908
chr3	49829894	50029894	harbor2	chr3	49841572	49841747	SINE/MIR	597	-	88	49841660	11766
chr3	49829894	50029894	harbor2	chr3	49880398	49880615	SINE/MIR	517	-	108	49880506	50612
chr3	49829894	50029894	harbor2	chr3	49888743	49888852	SINE/MIR	441	-	54	49888797	58903
chr3	49829894	50029894	harbor2	chr3	49894651	49894777	SINE/MIR	537	-	63	49894714	64820
chr3	49829894	50029894	harbor2	chr3	49911325	49911431	SINE/MIR	402	-	53	49911378	81484
chr3	49829894	50029894	harbor2	chr3	49915040	49915229	SINE/MIR	463	-	94	49915134	85240
chr3	52085449	52285449	harbor2	chr3	52093511	52093716	SINE/MIR	495	-	102	52093613	8164
chr3	52085449	52285449	harbor2	chr3	52095978	52096217	SINE/MIR	462	-	120	52096098	10649
chr3	52085449	52285449	harbor2	chr3	52098778	52098979	SINE/MIR	564	-	100	52098878	13429
chr3	52085449	52285449	harbor2	chr3	52149003	52149184	SINE/MIR	463	-	90	52149093	63644
chr3	128265711	128465711	harbor2	chr3	128306703	128306896	SINE/MIR	472	-	96	128306799	41088
chr3	128265711	128465711	harbor2	chr3	128308373	128308586	SINE/MIR	443	-	106	128308479	42768
chr3	128265711	128465711	harbor2	chr3	128312166	128312328	SINE/MIR	407	-	81	128312247	46536
chr3	128265711	128465711	harbor2	chr3	128320374	128320602	SINE/MIR	532	-	114	128320488	54777
chr3	184086443	184286443	harbor2	chr3	184133154	184133383	SINE/MIR	874	-	114	184133268	46825
chr3	184086443	184286443	harbor2	chr3	184141002	184141190	SINE/MIR	480	-	94	184141096	54653
chr3	184086443	184286443	harbor2	chr3	184145896	184146040	SINE/MIR	544	-	72	184145968	59525
chr3	184086443	184286443	harbor2	chr3	184157938	184158053	SINE/MIR	855	-	58	184157996	71553
chr3	184086443	184286443	harbor2	chr3	184158354	184158467	SINE/MIR	855	-	56	184158410	71967
chr3	184086443	184286443	harbor2	chr3	184167350	184167571	SINE/MIR	649	-	110	184167460	81017
chr3	153062933	153262933	harbor2	chr3	153070784	153071002	SINE/MIR	704	-	109	153070893	7960
chr3	153062933	153262933	harbor2	chr3	153073711	153073858	SINE/MIR	504	-	74	153073785	10852
chr3	153062933	153262933	harbor2	chr3	153086205	153086434	SINE/MIR	566	-	114	153086319	23386
chr3	153062933	153262933	harbor2	chr3	153159287	153159382	SINE/MIR	399	-	48	153159335	96402
chr3	187645815	187845815	harbor2	chr3	187701678	187701839	SINE/MIR	431	-	80	187701758	55943
chr3	187645815	187845815	harbor2	chr3	187708683	187708944	SINE/MIR	910	-	130	187708813	62998
chr3	187645815	187845815	harbor2	chr3	187723864	187724034	SINE/MIR	489	-	85	187723949	78134
chr3	187645815	187845815	harbor2	chr3	187732049	187732219	SINE/MIR	582	-	85	187732134	86319
chr3	187645815	187845815	harbor2	chr3	187735328	187735452	SINE/MIR	411	-	62	187735390	89575
chr3	108053564	108253564	harbor2	chr3	108078887	108079022	SINE/MIR	406	-	68	108078955	25391
chr3	108053564	108253564	harbor2	chr3	108114454	108114682	SINE/MIR	496	-	114	108114568	61004
chr3	108053564	108253564	harbor2	chr3	108140433	108140676	SINE/MIR	742	-	122	108140555	86991
chr3	127270146	127470146	harbor2	chr3	127293000	127293236	SINE/MIR	804	-	118	127293118	22972
chr3	127270146	127470146	harbor2	chr3	127310381	127310576	SINE/MIR	458	-	98	127310479	40333
chr3	127270146	127470146	harbor2	chr3	127328826	127329082	SINE/MIR	502	-	128	127328954	58808
chr3	107996441	108196441	harbor2	chr3	108001756	108001881	SINE/MIR	446	-	62	108001818	5377
chr3	107996441	108196441	harbor2	chr3	108038306	108038477	SINE/MIR	431	-	86	108038392	41951
chr3	107996441	108196441	harbor2	chr3	108078887	108079022	SINE/MIR	406	-	68	108078955	82514
chr3	107993193	108193193	harbor2	chr3	108001756	108001881	SINE/MIR	446	-	62	108001818	8625
chr3	107993193	108193193	harbor2	chr3	108038306	108038477	SINE/MIR	431	-	86	108038392	45199
chr3	107993193	108193193	harbor2	chr3	108078887	108079022	SINE/MIR	406	-	68	108078955	85762
chr3	107996552	108196552	harbor2	chr3	108001756	108001881	SINE/MIR	446	-	62	108001818	5266
chr3	107996552	108196552	harbor2	chr3	108038306	108038477	SINE/MIR	431	-	86	108038392	41840
chr3	107996552	108196552	harbor2	chr3	108078887	108079022	SINE/MIR	406	-	68	108078955	82403
chr3	23715795	23915795	harbor2	chr3	23730126	23730149	SINE/MIR	429	-	12	23730138	14343
chr3	23715795	23915795	harbor2	chr3	23730452	23730604	SINE/MIR	429	-	76	23730528	14733
chr3	23715795	23915795	harbor2	chr3	23755300	23755491	SINE/MIR	737	-	96	23755396	39601
chr3	23715795	23915795	harbor2	chr3	23797297	23797505	SINE/MIR	638	-	104	23797401	81606
chr3	4926654	5126654	harbor2	chr3	4955650	4955788	SINE/MIR	422	-	69	4955719	29065
chr3	4926654	5126654	harbor2	chr3	4987603	4987824	SINE/MIR	698	-	110	4987713	61059
chr3	4926654	5126654	harbor2	chr3	4994372	4994544	SINE/MIR	574	-	86	4994458	67804
chr3	4926654	5126654	harbor2	chr3	4998795	4998929	SINE/MIR	552	-	67	4998862	72208
chr3	4926654	5126654	harbor2	chr3	4999201	4999328	SINE/MIR	552	-	64	4999265	72611
chr3	4926654	5126654	harbor2	chr3	5000567	5000801	SINE/MIR	774	-	117	5000684	74030
chr3	4926654	5126654	harbor2	chr3	5012165	5012374	SINE/MIR	444	-	104	5012269	85615
chr3	4926654	5126654	harbor2	chr3	5016944	5017116	SINE/MIR	707	-	86	5017030	90376
chr3	108018365	108218365	harbor2	chr3	108038306	108038477	SINE/MIR	431	-	86	108038392	20027
chr3	108018365	108218365	harbor2	chr3	108078887	108079022	SINE/MIR	406	-	68	108078955	60590
chr3	108018365	108218365	harbor2	chr3	108114454	108114682	SINE/MIR	496	-	114	108114568	96203
chr3	107992129	108192129	harbor2	chr3	108001756	108001881	SINE/MIR	446	-	62	108001818	9689
chr3	107992129	108192129	harbor2	chr3	108038306	108038477	SINE/MIR	431	-	86	108038392	46263
chr3	107992129	108192129	harbor2	chr3	108078887	108079022	SINE/MIR	406	-	68	108078955	86826
chr3	107993138	108193138	harbor2	chr3	108001756	108001881	SINE/MIR	446	-	62	108001818	8680
chr3	107993138	108193138	harbor2	chr3	108038306	108038477	SINE/MIR	431	-	86	108038392	45254
chr3	107993138	108193138	harbor2	chr3	108078887	108079022	SINE/MIR	406	-	68	108078955	85817
chr3	4726044	4926044	harbor2	chr3	4733577	4733722	SINE/MIR	455	-	72	4733649	7605
chr3	4726044	4926044	harbor2	chr3	4747197	4747377	SINE/MIR	399	-	90	4747287	21243
chr3	4726044	4926044	harbor2	chr3	4748109	4748225	SINE/MIR	423	-	58	4748167	22123
chr3	4726044	4926044	harbor2	chr3	4756906	4757169	SINE/MIR	478	-	132	4757038	30994
chr3	4726044	4926044	harbor2	chr3	4762293	4762518	SINE/MIR	588	-	112	4762405	36361
chr3	4726044	4926044	harbor2	chr3	4767810	4768024	SINE/MIR	741	-	107	4767917	41873
chr3	4726044	4926044	harbor2	chr3	4785130	4785276	SINE/MIR	400	-	73	4785203	59159
chr3	4726044	4926044	harbor2	chr3	4795427	4795597	SINE/MIR	491	-	85	4795512	69468
chr3	4726044	4926044	harbor2	chr3	4808192	4808378	SINE/MIR	548	-	93	4808285	82241
chr3	4726044	4926044	harbor2	chr3	4810044	4810192	SINE/MIR	517	-	74	4810118	84074
chr3	4726044	4926044	harbor2	chr3	4810600	4810828	SINE/MIR	587	-	114	4810714	84670
chr3	4726044	4926044	harbor2	chr3	4817733	4817913	SINE/MIR	419	-	90	4817823	91779
chr3	4726044	4926044	harbor2	chr3	4824257	4824461	SINE/MIR	651	-	102	4824359	98315
chr3	129022332	129222332	harbor2	chr3	129056006	129056225	SINE/MIR	738	-	110	129056116	33784
chr3	129022332	129222332	harbor2	chr3	129117256	129117408	SINE/MIR	486	-	76	129117332	95000
chr3	185486328	185686328	harbor2	chr3	185494811	185495010	SINE/MIR	701	-	100	185494911	8583
chr3	185486328	185686328	harbor2	chr3	185516829	185516964	SINE/MIR	564	-	68	185516897	30569
chr3	185486328	185686328	harbor2	chr3	185528452	185528584	SINE/MIR	402	-	66	185528518	42190
chr3	185486328	185686328	harbor2	chr3	185533775	185533942	SINE/MIR	606	-	84	185533859	47531
chr3	196218304	196418304	harbor2	chr3	196297616	196297801	SINE/MIR	767	-	92	196297708	79404
chr3	196218304	196418304	harbor2	chr3	196231091	196231279	SINE/MIR	503	-	94	196231185	12881
chr3	53155971	53355971	harbor2	chr3	53158404	53158591	SINE/MIR	461	-	94	53158498	2527
chr3	53155971	53355971	harbor2	chr3	53198442	53198582	SINE/MIR	405	-	70	53198512	42541
chr3	53155971	53355971	harbor2	chr3	53223342	53223542	SINE/MIR	447	-	100	53223442	67471
chr3	128329156	128529156	harbor2	chr3	128373083	128373219	SINE/MIR	419	-	68	128373151	43995
chr3	128329156	128529156	harbor2	chr3	128374686	128374938	SINE/MIR	876	-	126	128374812	45656
chr3	128329156	128529156	harbor2	chr3	128383373	128383612	SINE/MIR	611	-	120	128383493	54337
chr3	128329156	128529156	harbor2	chr3	128425990	128426184	SINE/MIR	491	-	97	128426087	96931
chr3	128329156	128529156	harbor2	chr3	128427147	128427264	SINE/MIR	414	-	58	128427205	98049
chr3	51939700	52139700	harbor2	chr3	51971054	51971232	SINE/MIR	454	-	89	51971143	31443
chr3	51939700	52139700	harbor2	chr3	52007021	52007172	SINE/MIR	399	-	76	52007097	67397
chr3	51939700	52139700	harbor2	chr3	52017290	52017510	SINE/MIR	456	-	110	52017400	77700
chr3	51939700	52139700	harbor2	chr3	52031106	52031278	SINE/MIR	474	-	86	52031192	91492
chr3	51939700	52139700	harbor2	chr3	52032612	52032787	SINE/MIR	465	-	88	52032700	93000
chr3	123552608	123752608	harbor2	chr3	123562548	123562768	SINE/MIR	772	-	110	123562658	10050
chr3	123552608	123752608	harbor2	chr3	123568761	123568943	SINE/MIR	478	-	91	123568852	16244
chr3	123552608	123752608	harbor2	chr3	123584061	123584198	SINE/MIR	672	-	68	123584129	31521
chr3	123552608	123752608	harbor2	chr3	123626188	123626365	SINE/MIR	579	-	88	123626276	73668
chr3	123552608	123752608	harbor2	chr3	123630378	123630610	SINE/MIR	787	-	116	123630494	77886
chr3	123552608	123752608	harbor2	chr3	123638524	123638750	SINE/MIR	404	-	113	123638637	86029
chr3	123552608	123752608	harbor2	chr3	123639982	123640204	SINE/MIR	682	-	111	123640093	87485
chr3	123552608	123752608	harbor2	chr3	123645115	123645322	SINE/MIR	554	-	104	123645219	92611
chr3	50517037	50717037	harbor2	chr3	50531986	50532140	SINE/MIR	486	-	77	50532063	15026
chr3	50517037	50717037	harbor2	chr3	50548678	50548806	SINE/MIR	411	-	64	50548742	31705
chr3	50517037	50717037	harbor2	chr3	50613703	50613891	SINE/MIR	492	-	94	50613797	96760
chr3	51939851	52139851	harbor2	chr3	51971054	51971232	SINE/MIR	454	-	89	51971143	31292
chr3	51939851	52139851	harbor2	chr3	52007021	52007172	SINE/MIR	399	-	76	52007097	67246
chr3	51939851	52139851	harbor2	chr3	52017290	52017510	SINE/MIR	456	-	110	52017400	77549
chr3	51939851	52139851	harbor2	chr3	52031106	52031278	SINE/MIR	474	-	86	52031192	91341
chr3	51939851	52139851	harbor2	chr3	52032612	52032787	SINE/MIR	465	-	88	52032700	92849
chr3	51939435	52139435	harbor2	chr3	51971054	51971232	SINE/MIR	454	-	89	51971143	31708
chr3	51939435	52139435	harbor2	chr3	52007021	52007172	SINE/MIR	399	-	76	52007097	67662
chr3	51939435	52139435	harbor2	chr3	52017290	52017510	SINE/MIR	456	-	110	52017400	77965
chr3	51939435	52139435	harbor2	chr3	52031106	52031278	SINE/MIR	474	-	86	52031192	91757
chr3	51939435	52139435	harbor2	chr3	52032612	52032787	SINE/MIR	465	-	88	52032700	93265
chr3	107992955	108192955	harbor2	chr3	108001756	108001881	SINE/MIR	446	-	62	108001818	8863
chr3	107992955	108192955	harbor2	chr3	108038306	108038477	SINE/MIR	431	-	86	108038392	45437
chr3	107992955	108192955	harbor2	chr3	108078887	108079022	SINE/MIR	406	-	68	108078955	86000
chr3	108004632	108204632	harbor2	chr3	108038306	108038477	SINE/MIR	431	-	86	108038392	33760
chr3	108004632	108204632	harbor2	chr3	108078887	108079022	SINE/MIR	406	-	68	108078955	74323
chr3	107992065	108192065	harbor2	chr3	108001756	108001881	SINE/MIR	446	-	62	108001818	9753
chr3	107992065	108192065	harbor2	chr3	108038306	108038477	SINE/MIR	431	-	86	108038392	46327
chr3	107992065	108192065	harbor2	chr3	108078887	108079022	SINE/MIR	406	-	68	108078955	86890
chr3	123560147	123760147	harbor2	chr3	123562548	123562768	SINE/MIR	772	-	110	123562658	2511
chr3	123560147	123760147	harbor2	chr3	123568761	123568943	SINE/MIR	478	-	91	123568852	8705
chr3	123560147	123760147	harbor2	chr3	123584061	123584198	SINE/MIR	672	-	68	123584129	23982
chr3	123560147	123760147	harbor2	chr3	123626188	123626365	SINE/MIR	579	-	88	123626276	66129
chr3	123560147	123760147	harbor2	chr3	123630378	123630610	SINE/MIR	787	-	116	123630494	70347
chr3	123560147	123760147	harbor2	chr3	123638524	123638750	SINE/MIR	404	-	113	123638637	78490
chr3	123560147	123760147	harbor2	chr3	123639982	123640204	SINE/MIR	682	-	111	123640093	79946
chr3	123560147	123760147	harbor2	chr3	123645115	123645322	SINE/MIR	554	-	104	123645219	85072
chr3	197860219	198060219	harbor2	chr3	197926497	197926548	SINE/MIR	428	-	26	197926523	66304
chr3	197860219	198060219	harbor2	chr3	197926951	197927048	SINE/MIR	428	-	48	197926999	66780
chr3	197860219	198060219	harbor2	chr3	197934525	197934655	SINE/MIR	473	-	65	197934590	74371
chr3	189960849	190160849	harbor2	chr3	190018276	190018425	SINE/MIR	485	-	74	190018350	57501
chr3	189960849	190160849	harbor2	chr3	190018724	190018737	SINE/MIR	485	-	6	190018730	57881
chr3	189960849	190160849	harbor2	chr3	190027000	190027222	SINE/MIR	781	-	111	190027111	66262
chr3	126930017	127130017	harbor2	chr3	126937097	126937242	SINE/MIR	412	-	72	126937169	7152
chr3	126930017	127130017	harbor2	chr3	126939014	126939171	SINE/MIR	406	-	78	126939092	9075
chr3	126930017	127130017	harbor2	chr3	126965468	126965723	SINE/MIR	850	-	128	126965596	35579
chr3	126930017	127130017	harbor2	chr3	127019961	127020135	SINE/MIR	439	-	87	127020048	90031
chr3	107992067	108192067	harbor2	chr3	108001756	108001881	SINE/MIR	446	-	62	108001818	9751
chr3	107992067	108192067	harbor2	chr3	108038306	108038477	SINE/MIR	431	-	86	108038392	46325
chr3	107992067	108192067	harbor2	chr3	108078887	108079022	SINE/MIR	406	-	68	108078955	86888
chr3	157028447	157228447	harbor2	chr3	157029344	157029470	SINE/MIR	423	-	63	157029407	960
chr3	157028447	157228447	harbor2	chr3	157047220	157047392	SINE/MIR	516	-	86	157047306	18859
chr3	157028447	157228447	harbor2	chr3	157056211	157056401	SINE/MIR	502	-	95	157056306	27859
chr3	157028447	157228447	harbor2	chr3	157089356	157089516	SINE/MIR	443	-	80	157089436	60989
chr3	157028447	157228447	harbor2	chr3	157098037	157098232	SINE/MIR	509	-	98	157098135	69688
chr3	157028447	157228447	harbor2	chr3	157098806	157099027	SINE/MIR	653	-	110	157098916	70469
chr3	157028447	157228447	harbor2	chr3	157101878	157101978	SINE/MIR	461	-	50	157101928	73481
chr3	157028447	157228447	harbor2	chr3	157114178	157114340	SINE/MIR	621	-	81	157114259	85812
chr3	157028447	157228447	harbor2	chr3	157115626	157115818	SINE/MIR	507	-	96	157115722	87275
chr3	157028447	157228447	harbor2	chr3	157117516	157117739	SINE/MIR	441	-	112	157117628	89181
chr3	142864715	143064715	harbor2	chr3	142876266	142876450	SINE/MIR	931	-	92	142876358	11643
chr3	142864715	143064715	harbor2	chr3	142877502	142877720	SINE/MIR	575	-	109	142877611	12896
chr3	142864715	143064715	harbor2	chr3	142893360	142893491	SINE/MIR	474	-	66	142893426	28711
chr3	142864715	143064715	harbor2	chr3	142909711	142909856	SINE/MIR	402	-	72	142909783	45068
chr3	142864715	143064715	harbor2	chr3	142911926	142912052	SINE/MIR	417	-	63	142911989	47274
chr3	128484655	128684655	harbor2	chr3	128518077	128518290	SINE/MIR	781	-	106	128518183	33528
chr3	128484655	128684655	harbor2	chr3	128536013	128536253	SINE/MIR	598	-	120	128536133	51478
chr3	128484655	128684655	harbor2	chr3	128559256	128559426	SINE/MIR	534	-	85	128559341	74686
chr3	128484655	128684655	harbor2	chr3	128567936	128568137	SINE/MIR	489	-	100	128568036	83381
chr3	193982932	194182932	harbor2	chr3	193983156	193983338	SINE/MIR	449	-	91	193983247	315
chr3	193982932	194182932	harbor2	chr3	194029771	194030003	SINE/MIR	695	-	116	194029887	46955
chr3	193982932	194182932	harbor2	chr3	194036735	194036955	SINE/MIR	855	-	110	194036845	53913
chr3	193982932	194182932	harbor2	chr3	194055856	194056074	SINE/MIR	933	-	109	194055965	73033
chr3	193982932	194182932	harbor2	chr3	194069879	194069977	SINE/MIR	456	-	49	194069928	86996
chr3	193982932	194182932	harbor2	chr3	194072673	194072874	SINE/MIR	597	-	100	194072773	89841
chr3	193982932	194182932	harbor2	chr3	194078221	194078348	SINE/MIR	430	-	64	194078285	95353
chr3	49829886	50029886	harbor2	chr3	49841572	49841747	SINE/MIR	597	-	88	49841660	11774
chr3	49829886	50029886	harbor2	chr3	49880398	49880615	SINE/MIR	517	-	108	49880506	50620
chr3	49829886	50029886	harbor2	chr3	49888743	49888852	SINE/MIR	441	-	54	49888797	58911
chr3	49829886	50029886	harbor2	chr3	49894651	49894777	SINE/MIR	537	-	63	49894714	64828
chr3	49829886	50029886	harbor2	chr3	49911325	49911431	SINE/MIR	402	-	53	49911378	81492
chr3	49829886	50029886	harbor2	chr3	49915040	49915229	SINE/MIR	463	-	94	49915134	85248
chr3	107993135	108193135	harbor2	chr3	108001756	108001881	SINE/MIR	446	-	62	108001818	8683
chr3	107993135	108193135	harbor2	chr3	108038306	108038477	SINE/MIR	431	-	86	108038392	45257
chr3	107993135	108193135	harbor2	chr3	108078887	108079022	SINE/MIR	406	-	68	108078955	85820
chr3	53411237	53611237	harbor2	chr3	53416483	53416684	SINE/MIR	470	-	100	53416583	5346
chr3	53411237	53611237	harbor2	chr3	53486824	53486982	SINE/MIR	677	-	79	53486903	75666
chr3	116673098	116873098	harbor2	chr3	116706874	116707002	SINE/MIR	454	-	64	116706938	33840
chr3	116673098	116873098	harbor2	chr3	116740609	116740839	SINE/MIR	881	-	115	116740724	67626
chr3	116673098	116873098	harbor2	chr3	116756962	116757127	SINE/MIR	426	-	82	116757044	83946
chr3	51939445	52139445	harbor2	chr3	51971054	51971232	SINE/MIR	454	-	89	51971143	31698
chr3	51939445	52139445	harbor2	chr3	52007021	52007172	SINE/MIR	399	-	76	52007097	67652
chr3	51939445	52139445	harbor2	chr3	52017290	52017510	SINE/MIR	456	-	110	52017400	77955
chr3	51939445	52139445	harbor2	chr3	52031106	52031278	SINE/MIR	474	-	86	52031192	91747
chr3	51939445	52139445	harbor2	chr3	52032612	52032787	SINE/MIR	465	-	88	52032700	93255
chr3	127490762	127690762	harbor2	chr3	127492258	127492490	SINE/MIR	490	-	116	127492374	1612
chr3	127490762	127690762	harbor2	chr3	127537880	127538047	SINE/MIR	627	-	84	127537964	47202
chr3	127490762	127690762	harbor2	chr3	127562135	127562292	SINE/MIR	424	-	78	127562213	71451
chr3	12963496	13163496	harbor2	chr3	12963520	12963753	SINE/MIR	450	-	116	12963636	140
chr3	12963496	13163496	harbor2	chr3	12975428	12975623	SINE/MIR	554	-	98	12975526	12030
chr3	12963496	13163496	harbor2	chr3	12975628	12975862	SINE/MIR	624	-	117	12975745	12249
chr3	12963496	13163496	harbor2	chr3	12978077	12978287	SINE/MIR	491	-	105	12978182	14686
chr3	12963496	13163496	harbor2	chr3	12980097	12980278	SINE/MIR	491	-	90	12980187	16691
chr3	12963496	13163496	harbor2	chr3	12989426	12989570	SINE/MIR	555	-	72	12989498	26002
chr3	12963496	13163496	harbor2	chr3	12995433	12995580	SINE/MIR	476	-	74	12995507	32011
chr3	12963496	13163496	harbor2	chr3	13000778	13000942	SINE/MIR	508	-	82	13000860	37364
chr3	12963496	13163496	harbor2	chr3	13011360	13011570	SINE/MIR	465	-	105	13011465	47969
chr3	12963496	13163496	harbor2	chr3	13021409	13021619	SINE/MIR	490	-	105	13021514	58018
chr3	12963496	13163496	harbor2	chr3	13022939	13023157	SINE/MIR	619	-	109	13023048	59552
chr3	12963496	13163496	harbor2	chr3	13029205	13029447	SINE/MIR	604	-	121	13029326	65830
chr3	12963496	13163496	harbor2	chr3	13056464	13056636	SINE/MIR	509	-	86	13056550	93054
chr3	12963496	13163496	harbor2	chr3	13058386	13058545	SINE/MIR	402	-	80	13058466	94970
chr3	12963496	13163496	harbor2	chr3	13062312	13062465	SINE/MIR	498	-	76	13062388	98892
chr3	12963496	13163496	harbor2	chr3	13008832	13009046	SINE/MIR	513	-	107	13008939	45443
chr3	128381321	128581321	harbor2	chr3	128383373	128383612	SINE/MIR	611	-	120	128383493	2172
chr3	128381321	128581321	harbor2	chr3	128425990	128426184	SINE/MIR	491	-	97	128426087	44766
chr3	128381321	128581321	harbor2	chr3	128427147	128427264	SINE/MIR	414	-	58	128427205	45884
chr3	13750265	13950265	harbor2	chr3	13758472	13758717	SINE/MIR	488	-	122	13758594	8329
chr3	13750265	13950265	harbor2	chr3	13769197	13769383	SINE/MIR	462	-	93	13769290	19025
chr3	13750265	13950265	harbor2	chr3	13789982	13790115	SINE/MIR	400	-	66	13790048	39783
chr3	13750265	13950265	harbor2	chr3	13812596	13812810	SINE/MIR	869	-	107	13812703	62438
chr3	13750265	13950265	harbor2	chr3	13816240	13816423	SINE/MIR	448	-	92	13816332	66067
chr3	13750265	13950265	harbor2	chr3	13831292	13831444	SINE/MIR	401	-	76	13831368	81103
chr3	13750265	13950265	harbor2	chr3	13843266	13843495	SINE/MIR	543	-	114	13843380	93115
chr3	13750265	13950265	harbor2	chr3	13845260	13845306	SINE/MIR	594	-	23	13845283	95018
chr3	13750265	13950265	harbor2	chr3	13845487	13845638	SINE/MIR	594	-	76	13845563	95298
chr3	196218330	196418330	harbor2	chr3	196297616	196297801	SINE/MIR	767	-	92	196297708	79378
chr3	196218330	196418330	harbor2	chr3	196231091	196231279	SINE/MIR	503	-	94	196231185	12855
chr3	64313402	64513402	harbor2	chr3	64318098	64318325	SINE/MIR	434	-	114	64318212	4810
chr3	64313402	64513402	harbor2	chr3	64328700	64328813	SINE/MIR	399	-	56	64328756	15354
chr3	64313402	64513402	harbor2	chr3	64330710	64330915	SINE/MIR	798	-	102	64330812	17410
chr3	64313402	64513402	harbor2	chr3	64333359	64333555	SINE/MIR	711	-	98	64333457	20055
chr3	64313402	64513402	harbor2	chr3	64353696	64353879	SINE/MIR	625	-	92	64353788	40386
chr3	64313402	64513402	harbor2	chr3	64354558	64354777	SINE/MIR	930	-	110	64354668	41266
chr3	64313402	64513402	harbor2	chr3	64371038	64371224	SINE/MIR	503	-	93	64371131	57729
chr3	64313402	64513402	harbor2	chr3	64379792	64379978	SINE/MIR	433	-	93	64379885	66483
chr3	64313402	64513402	harbor2	chr3	64380956	64381187	SINE/MIR	774	-	116	64381072	67670
chr3	64313402	64513402	harbor2	chr3	64392124	64392296	SINE/MIR	425	-	86	64392210	78808
chr3	64313402	64513402	harbor2	chr3	64394521	64394787	SINE/MIR	712	-	133	64394654	81252
chr3	64313402	64513402	harbor2	chr3	64403852	64404038	SINE/MIR	526	-	93	64403945	90543
chr3	161006321	161206321	harbor2	chr3	161029177	161029394	SINE/MIR	456	-	108	161029285	22964
chr3	161006321	161206321	harbor2	chr3	161067531	161067763	SINE/MIR	560	-	116	161067647	61326
chr3	161006321	161206321	harbor2	chr3	161068092	161068328	SINE/MIR	617	-	118	161068210	61889
chr3	197860204	198060204	harbor2	chr3	197926497	197926548	SINE/MIR	428	-	26	197926523	66319
chr3	197860204	198060204	harbor2	chr3	197926951	197927048	SINE/MIR	428	-	48	197926999	66795
chr3	197860204	198060204	harbor2	chr3	197934525	197934655	SINE/MIR	473	-	65	197934590	74386
chr3	123399935	123599935	harbor2	chr3	123414896	123415018	SINE/MIR	495	-	61	123414957	15022
chr3	123399935	123599935	harbor2	chr3	123421232	123421441	SINE/MIR	506	-	104	123421336	21401
chr3	123399935	123599935	harbor2	chr3	123422381	123422592	SINE/MIR	545	-	106	123422487	22552
chr3	123399935	123599935	harbor2	chr3	123426036	123426191	SINE/MIR	474	-	78	123426114	26179
chr3	123399935	123599935	harbor2	chr3	123450509	123450701	SINE/MIR	419	-	96	123450605	50670
chr3	123399935	123599935	harbor2	chr3	123470672	123470719	SINE/MIR	669	-	24	123470696	70761
chr3	123399935	123599935	harbor2	chr3	123471044	123471158	SINE/MIR	669	-	57	123471101	71166
chr3	123399935	123599935	harbor2	chr3	123471636	123471712	SINE/MIR	669	-	38	123471674	71739
chr3	123399935	123599935	harbor2	chr3	123472297	123472307	SINE/MIR	669	-	5	123472302	72367
chr3	123399935	123599935	harbor2	chr3	123472600	123472631	SINE/MIR	669	-	16	123472616	72681
chr3	123399935	123599935	harbor2	chr3	123477615	123477750	SINE/MIR	492	-	68	123477683	77748
chr3	123399935	123599935	harbor2	chr3	123495242	123495448	SINE/MIR	515	-	103	123495345	95410
chr3	107992061	108192061	harbor2	chr3	108001756	108001881	SINE/MIR	446	-	62	108001818	9757
chr3	107992061	108192061	harbor2	chr3	108038306	108038477	SINE/MIR	431	-	86	108038392	46331
chr3	107992061	108192061	harbor2	chr3	108078887	108079022	SINE/MIR	406	-	68	108078955	86894
chr3	49829885	50029885	harbor2	chr3	49841572	49841747	SINE/MIR	597	-	88	49841660	11775
chr3	49829885	50029885	harbor2	chr3	49880398	49880615	SINE/MIR	517	-	108	49880506	50621
chr3	49829885	50029885	harbor2	chr3	49888743	49888852	SINE/MIR	441	-	54	49888797	58912
chr3	49829885	50029885	harbor2	chr3	49894651	49894777	SINE/MIR	537	-	63	49894714	64829
chr3	49829885	50029885	harbor2	chr3	49911325	49911431	SINE/MIR	402	-	53	49911378	81493
chr3	49829885	50029885	harbor2	chr3	49915040	49915229	SINE/MIR	463	-	94	49915134	85249
chr3	196916551	197116551	harbor2	chr3	196922132	196922373	SINE/MIR	728	-	120	196922252	5701
chr3	196916551	197116551	harbor2	chr3	196928444	196928621	SINE/MIR	470	-	88	196928532	11981
chr3	196916551	197116551	harbor2	chr3	196952134	196952283	SINE/MIR	432	-	74	196952208	35657
chr3	196916551	197116551	harbor2	chr3	197006937	197007071	SINE/MIR	484	-	67	197007004	90453
chr3	108026049	108226049	harbor2	chr3	108038306	108038477	SINE/MIR	431	-	86	108038392	12343
chr3	108026049	108226049	harbor2	chr3	108078887	108079022	SINE/MIR	406	-	68	108078955	52906
chr3	108026049	108226049	harbor2	chr3	108114454	108114682	SINE/MIR	496	-	114	108114568	88519
chr3	107992090	108192090	harbor2	chr3	108001756	108001881	SINE/MIR	446	-	62	108001818	9728
chr3	107992090	108192090	harbor2	chr3	108038306	108038477	SINE/MIR	431	-	86	108038392	46302
chr3	107992090	108192090	harbor2	chr3	108078887	108079022	SINE/MIR	406	-	68	108078955	86865
chr3	49829900	50029900	harbor2	chr3	49841572	49841747	SINE/MIR	597	-	88	49841660	11760
chr3	49829900	50029900	harbor2	chr3	49880398	49880615	SINE/MIR	517	-	108	49880506	50606
chr3	49829900	50029900	harbor2	chr3	49888743	49888852	SINE/MIR	441	-	54	49888797	58897
chr3	49829900	50029900	harbor2	chr3	49894651	49894777	SINE/MIR	537	-	63	49894714	64814
chr3	49829900	50029900	harbor2	chr3	49911325	49911431	SINE/MIR	402	-	53	49911378	81478
chr3	49829900	50029900	harbor2	chr3	49915040	49915229	SINE/MIR	463	-	94	49915134	85234
chr3	45419104	45619104	harbor2	chr3	45518447	45518637	SINE/MIR	550	-	95	45518542	99438
chr3	108053563	108253563	harbor2	chr3	108078887	108079022	SINE/MIR	406	-	68	108078955	25392
chr3	108053563	108253563	harbor2	chr3	108114454	108114682	SINE/MIR	496	-	114	108114568	61005
chr3	108053563	108253563	harbor2	chr3	108140433	108140676	SINE/MIR	742	-	122	108140555	86992
chr3	123544944	123744944	harbor2	chr3	123547795	123548037	SINE/MIR	785	-	121	123547916	2972
chr3	123544944	123744944	harbor2	chr3	123562548	123562768	SINE/MIR	772	-	110	123562658	17714
chr3	123544944	123744944	harbor2	chr3	123568761	123568943	SINE/MIR	478	-	91	123568852	23908
chr3	123544944	123744944	harbor2	chr3	123584061	123584198	SINE/MIR	672	-	68	123584129	39185
chr3	123544944	123744944	harbor2	chr3	123626188	123626365	SINE/MIR	579	-	88	123626276	81332
chr3	123544944	123744944	harbor2	chr3	123630378	123630610	SINE/MIR	787	-	116	123630494	85550
chr3	123544944	123744944	harbor2	chr3	123638524	123638750	SINE/MIR	404	-	113	123638637	93693
chr3	123544944	123744944	harbor2	chr3	123639982	123640204	SINE/MIR	682	-	111	123640093	95149
chr3	108053682	108253682	harbor2	chr3	108078887	108079022	SINE/MIR	406	-	68	108078955	25273
chr3	108053682	108253682	harbor2	chr3	108114454	108114682	SINE/MIR	496	-	114	108114568	60886
chr3	108053682	108253682	harbor2	chr3	108140433	108140676	SINE/MIR	742	-	122	108140555	86873
chr3	136086110	136286110	harbor2	chr3	136095363	136095576	SINE/MIR	538	-	106	136095469	9359
chr3	107993195	108193195	harbor2	chr3	108001756	108001881	SINE/MIR	446	-	62	108001818	8623
chr3	107993195	108193195	harbor2	chr3	108038306	108038477	SINE/MIR	431	-	86	108038392	45197
chr3	107993195	108193195	harbor2	chr3	108078887	108079022	SINE/MIR	406	-	68	108078955	85760
chr3	49781431	49981431	harbor2	chr3	49841572	49841747	SINE/MIR	597	-	88	49841660	60229
chr3	49781431	49981431	harbor2	chr3	49880398	49880615	SINE/MIR	517	-	108	49880506	99075
chr3	138339763	138539763	harbor2	chr3	138353734	138353957	SINE/MIR	622	-	112	138353846	14083
chr3	138339763	138539763	harbor2	chr3	138364337	138364510	SINE/MIR	478	-	86	138364423	24660
chr3	138339763	138539763	harbor2	chr3	138367254	138367443	SINE/MIR	441	-	94	138367348	27585
chr3	138339763	138539763	harbor2	chr3	138396212	138396395	SINE/MIR	445	-	92	138396304	56541
chr3	138339763	138539763	harbor2	chr3	138412643	138412857	SINE/MIR	633	-	107	138412750	72987
chr3	138339763	138539763	harbor2	chr3	138429865	138430043	SINE/MIR	421	-	89	138429954	90191
chr3	51948342	52148342	harbor2	chr3	51971054	51971232	SINE/MIR	454	-	89	51971143	22801
chr3	51948342	52148342	harbor2	chr3	52007021	52007172	SINE/MIR	399	-	76	52007097	58755
chr3	51948342	52148342	harbor2	chr3	52017290	52017510	SINE/MIR	456	-	110	52017400	69058
chr3	51948342	52148342	harbor2	chr3	52031106	52031278	SINE/MIR	474	-	86	52031192	82850
chr3	51948342	52148342	harbor2	chr3	52032612	52032787	SINE/MIR	465	-	88	52032700	84358
chr3	48894246	49094246	harbor2	chr3	48908317	48908419	SINE/MIR	500	-	51	48908368	14122
chr3	48894246	49094246	harbor2	chr3	48991478	48991717	SINE/MIR	546	-	120	48991598	97352
chr3	108000209	108200209	harbor2	chr3	108001756	108001881	SINE/MIR	446	-	62	108001818	1609
chr3	108000209	108200209	harbor2	chr3	108038306	108038477	SINE/MIR	431	-	86	108038392	38183
chr3	108000209	108200209	harbor2	chr3	108078887	108079022	SINE/MIR	406	-	68	108078955	78746
chr3	51940436	52140436	harbor2	chr3	51971054	51971232	SINE/MIR	454	-	89	51971143	30707
chr3	51940436	52140436	harbor2	chr3	52007021	52007172	SINE/MIR	399	-	76	52007097	66661
chr3	51940436	52140436	harbor2	chr3	52017290	52017510	SINE/MIR	456	-	110	52017400	76964
chr3	51940436	52140436	harbor2	chr3	52031106	52031278	SINE/MIR	474	-	86	52031192	90756
chr3	51940436	52140436	harbor2	chr3	52032612	52032787	SINE/MIR	465	-	88	52032700	92264
chr3	182693462	182893462	harbor2	chr3	182733181	182733415	SINE/MIR	541	-	117	182733298	39836
chr3	182693462	182893462	harbor2	chr3	182736774	182736938	SINE/MIR	674	-	82	182736856	43394
chr3	182693462	182893462	harbor2	chr3	182737419	182737559	SINE/MIR	426	-	70	182737489	44027
chr3	182693462	182893462	harbor2	chr3	182737848	182737888	SINE/MIR	426	-	20	182737868	44406
chr3	182693462	182893462	harbor2	chr3	182750884	182751028	SINE/MIR	436	-	72	182750956	57494
chr3	182693462	182893462	harbor2	chr3	182751337	182751468	SINE/MIR	436	-	66	182751403	57941
chr3	182693462	182893462	harbor2	chr3	182761620	182761766	SINE/MIR	480	-	73	182761693	68231
chr3	142529008	142729008	harbor2	chr3	142597620	142597796	SINE/MIR	536	-	88	142597708	68700
chr3	142529008	142729008	harbor2	chr3	142601406	142601527	SINE/MIR	706	-	60	142601466	72458
chr3	142529008	142729008	harbor2	chr3	142601817	142601936	SINE/MIR	706	-	60	142601877	72869
chr3	142529008	142729008	harbor2	chr3	142611774	142612024	SINE/MIR	670	-	125	142611899	82891
chr3	126911046	127111046	harbor2	chr3	126937097	126937242	SINE/MIR	412	-	72	126937169	26123
chr3	126911046	127111046	harbor2	chr3	126939014	126939171	SINE/MIR	406	-	78	126939092	28046
chr3	126911046	127111046	harbor2	chr3	126965468	126965723	SINE/MIR	850	-	128	126965596	54550
chr3	23711708	23911708	harbor2	chr3	23730126	23730149	SINE/MIR	429	-	12	23730138	18430
chr3	23711708	23911708	harbor2	chr3	23730452	23730604	SINE/MIR	429	-	76	23730528	18820
chr3	23711708	23911708	harbor2	chr3	23755300	23755491	SINE/MIR	737	-	96	23755396	43688
chr3	23711708	23911708	harbor2	chr3	23797297	23797505	SINE/MIR	638	-	104	23797401	85693
chr3	125112713	125312713	harbor2	chr3	125120078	125120247	SINE/MIR	563	-	84	125120162	7449
chr3	125112713	125312713	harbor2	chr3	125121539	125121777	SINE/MIR	626	-	119	125121658	8945
chr3	125112713	125312713	harbor2	chr3	125125593	125125795	SINE/MIR	693	-	101	125125694	12981
chr3	125112713	125312713	harbor2	chr3	125144221	125144323	SINE/MIR	527	-	51	125144272	31559
chr3	125112713	125312713	harbor2	chr3	125147907	125148155	SINE/MIR	520	-	124	125148031	35318
chr3	125112713	125312713	harbor2	chr3	125151906	125152044	SINE/MIR	603	-	69	125151975	39262
chr3	125112713	125312713	harbor2	chr3	125207890	125208112	SINE/MIR	434	-	111	125208001	95288
chr3	125112713	125312713	harbor2	chr3	125208477	125208665	SINE/MIR	590	-	94	125208571	95858
chr3	23710838	23910838	harbor2	chr3	23730126	23730149	SINE/MIR	429	-	12	23730138	19300
chr3	23710838	23910838	harbor2	chr3	23730452	23730604	SINE/MIR	429	-	76	23730528	19690
chr3	23710838	23910838	harbor2	chr3	23755300	23755491	SINE/MIR	737	-	96	23755396	44558
chr3	23710838	23910838	harbor2	chr3	23797297	23797505	SINE/MIR	638	-	104	23797401	86563
chr3	108468945	108668945	harbor2	chr3	108499836	108499996	SINE/MIR	532	-	80	108499916	30971
chr3	108468945	108668945	harbor2	chr3	108501298	108501502	SINE/MIR	563	-	102	108501400	32455
chr3	108468945	108668945	harbor2	chr3	108508909	108509109	SINE/MIR	617	-	100	108509009	40064
chr3	108468945	108668945	harbor2	chr3	108520851	108521079	SINE/MIR	552	-	114	108520965	52020
chr3	108468945	108668945	harbor2	chr3	108528638	108528808	SINE/MIR	565	-	85	108528723	59778
chr3	108468945	108668945	harbor2	chr3	108564129	108564317	SINE/MIR	434	-	94	108564223	95278
chr3	52126019	52326019	harbor2	chr3	52149003	52149184	SINE/MIR	463	-	90	52149093	23074
chr3	157015013	157215013	harbor2	chr3	157029344	157029470	SINE/MIR	423	-	63	157029407	14394
chr3	157015013	157215013	harbor2	chr3	157047220	157047392	SINE/MIR	516	-	86	157047306	32293
chr3	157015013	157215013	harbor2	chr3	157056211	157056401	SINE/MIR	502	-	95	157056306	41293
chr3	157015013	157215013	harbor2	chr3	157089356	157089516	SINE/MIR	443	-	80	157089436	74423
chr3	157015013	157215013	harbor2	chr3	157098037	157098232	SINE/MIR	509	-	98	157098135	83122
chr3	157015013	157215013	harbor2	chr3	157098806	157099027	SINE/MIR	653	-	110	157098916	83903
chr3	157015013	157215013	harbor2	chr3	157101878	157101978	SINE/MIR	461	-	50	157101928	86915
chr3	157015013	157215013	harbor2	chr3	157114178	157114340	SINE/MIR	621	-	81	157114259	99246
chr3	131281884	131481884	harbor2	chr3	131282940	131283162	SINE/MIR	557	-	111	131283051	1167
chr3	131281884	131481884	harbor2	chr3	131339326	131339438	SINE/MIR	414	-	56	131339382	57498
chr3	131281884	131481884	harbor2	chr3	131374241	131374368	SINE/MIR	447	-	64	131374305	92421
chr3	184086432	184286432	harbor2	chr3	184133154	184133383	SINE/MIR	874	-	114	184133268	46836
chr3	184086432	184286432	harbor2	chr3	184141002	184141190	SINE/MIR	480	-	94	184141096	54664
chr3	184086432	184286432	harbor2	chr3	184145896	184146040	SINE/MIR	544	-	72	184145968	59536
chr3	184086432	184286432	harbor2	chr3	184157938	184158053	SINE/MIR	855	-	58	184157996	71564
chr3	184086432	184286432	harbor2	chr3	184158354	184158467	SINE/MIR	855	-	56	184158410	71978
chr3	184086432	184286432	harbor2	chr3	184167350	184167571	SINE/MIR	649	-	110	184167460	81028
chr3	51995390	52195390	harbor2	chr3	52007021	52007172	SINE/MIR	399	-	76	52007097	11707
chr3	51995390	52195390	harbor2	chr3	52017290	52017510	SINE/MIR	456	-	110	52017400	22010
chr3	51995390	52195390	harbor2	chr3	52031106	52031278	SINE/MIR	474	-	86	52031192	35802
chr3	51995390	52195390	harbor2	chr3	52032612	52032787	SINE/MIR	465	-	88	52032700	37310
chr3	51995390	52195390	harbor2	chr3	52069181	52069309	SINE/MIR	468	-	64	52069245	73855
chr3	51995390	52195390	harbor2	chr3	52080087	52080231	SINE/MIR	729	-	72	52080159	84769
chr3	51995390	52195390	harbor2	chr3	52093511	52093716	SINE/MIR	495	-	102	52093613	98223
chr3	108359237	108559237	harbor2	chr3	108417175	108417401	SINE/MIR	445	-	113	108417288	58051
chr3	108359237	108559237	harbor2	chr3	108423637	108423783	SINE/MIR	534	-	73	108423710	64473
chr3	183916164	184116164	harbor2	chr3	183937480	183937681	SINE/MIR	621	-	100	183937580	21416
chr3	183916164	184116164	harbor2	chr3	183998464	183998612	SINE/MIR	768	-	74	183998538	82374
chr3	183916164	184116164	harbor2	chr3	184012373	184012531	SINE/MIR	653	-	79	184012452	96288
chr3	52045019	52245019	harbor2	chr3	52069181	52069309	SINE/MIR	468	-	64	52069245	24226
chr3	52045019	52245019	harbor2	chr3	52080087	52080231	SINE/MIR	729	-	72	52080159	35140
chr3	52045019	52245019	harbor2	chr3	52093511	52093716	SINE/MIR	495	-	102	52093613	48594
chr3	52045019	52245019	harbor2	chr3	52095978	52096217	SINE/MIR	462	-	120	52096098	51079
chr3	52045019	52245019	harbor2	chr3	52098778	52098979	SINE/MIR	564	-	100	52098878	53859
chr3	51939791	52139791	harbor2	chr3	51971054	51971232	SINE/MIR	454	-	89	51971143	31352
chr3	51939791	52139791	harbor2	chr3	52007021	52007172	SINE/MIR	399	-	76	52007097	67306
chr3	51939791	52139791	harbor2	chr3	52017290	52017510	SINE/MIR	456	-	110	52017400	77609
chr3	51939791	52139791	harbor2	chr3	52031106	52031278	SINE/MIR	474	-	86	52031192	91401
chr3	51939791	52139791	harbor2	chr3	52032612	52032787	SINE/MIR	465	-	88	52032700	92909
chr3	50308663	50508663	harbor2	chr3	50408031	50408194	SINE/MIR	405	-	82	50408113	99450
chr3	148724778	148924778	harbor2	chr3	148736527	148736758	SINE/MIR	612	-	116	148736643	11865
chr3	148724778	148924778	harbor2	chr3	148749348	148749586	SINE/MIR	519	-	119	148749467	24689
chr3	148724778	148924778	harbor2	chr3	148773827	148774027	SINE/MIR	669	-	100	148773927	49149
chr3	148724778	148924778	harbor2	chr3	148774235	148774455	SINE/MIR	480	-	110	148774345	49567
chr3	129875421	130075421	harbor2	chr3	129950377	129950613	SINE/MIR	748	-	118	129950495	75074
chr3	129875421	130075421	harbor2	chr3	129962961	129963088	SINE/MIR	537	-	64	129963025	87604
chr3	182693567	182893567	harbor2	chr3	182733181	182733415	SINE/MIR	541	-	117	182733298	39731
chr3	182693567	182893567	harbor2	chr3	182736774	182736938	SINE/MIR	674	-	82	182736856	43289
chr3	182693567	182893567	harbor2	chr3	182737419	182737559	SINE/MIR	426	-	70	182737489	43922
chr3	182693567	182893567	harbor2	chr3	182737848	182737888	SINE/MIR	426	-	20	182737868	44301
chr3	182693567	182893567	harbor2	chr3	182750884	182751028	SINE/MIR	436	-	72	182750956	57389
chr3	182693567	182893567	harbor2	chr3	182751337	182751468	SINE/MIR	436	-	66	182751403	57836
chr3	182693567	182893567	harbor2	chr3	182761620	182761766	SINE/MIR	480	-	73	182761693	68126
chr3	51940440	52140440	harbor2	chr3	51971054	51971232	SINE/MIR	454	-	89	51971143	30703
chr3	51940440	52140440	harbor2	chr3	52007021	52007172	SINE/MIR	399	-	76	52007097	66657
chr3	51940440	52140440	harbor2	chr3	52017290	52017510	SINE/MIR	456	-	110	52017400	76960
chr3	51940440	52140440	harbor2	chr3	52031106	52031278	SINE/MIR	474	-	86	52031192	90752
chr3	51940440	52140440	harbor2	chr3	52032612	52032787	SINE/MIR	465	-	88	52032700	92260
chr3	127490198	127690198	harbor2	chr3	127490255	127490401	SINE/MIR	550	-	73	127490328	130
chr3	127490198	127690198	harbor2	chr3	127492258	127492490	SINE/MIR	490	-	116	127492374	2176
chr3	127490198	127690198	harbor2	chr3	127537880	127538047	SINE/MIR	627	-	84	127537964	47766
chr3	127490198	127690198	harbor2	chr3	127562135	127562292	SINE/MIR	424	-	78	127562213	72015
chr3	123518827	123718827	harbor2	chr3	123523416	123523577	SINE/MIR	485	-	80	123523496	4669
chr3	123518827	123718827	harbor2	chr3	123547795	123548037	SINE/MIR	785	-	121	123547916	29089
chr3	123518827	123718827	harbor2	chr3	123562548	123562768	SINE/MIR	772	-	110	123562658	43831
chr3	123518827	123718827	harbor2	chr3	123568761	123568943	SINE/MIR	478	-	91	123568852	50025
chr3	123518827	123718827	harbor2	chr3	123584061	123584198	SINE/MIR	672	-	68	123584129	65302
chr3	196218333	196418333	harbor2	chr3	196297616	196297801	SINE/MIR	767	-	92	196297708	79375
chr3	196218333	196418333	harbor2	chr3	196231091	196231279	SINE/MIR	503	-	94	196231185	12852
chr3	108053525	108253525	harbor2	chr3	108078887	108079022	SINE/MIR	406	-	68	108078955	25430
chr3	108053525	108253525	harbor2	chr3	108114454	108114682	SINE/MIR	496	-	114	108114568	61043
chr3	108053525	108253525	harbor2	chr3	108140433	108140676	SINE/MIR	742	-	122	108140555	87030
chr3	195800094	196000094	harbor2	chr3	195818301	195818491	SINE/MIR	415	-	95	195818396	18302
chr3	195800094	196000094	harbor2	chr3	195861142	195861327	SINE/MIR	414	-	92	195861234	61140
chr3	127581132	127781132	harbor2	chr3	127591295	127591461	SINE/MIR	468	-	83	127591378	10246
chr3	127581132	127781132	harbor2	chr3	127613384	127613599	SINE/MIR	462	-	108	127613492	32360
chr3	127581132	127781132	harbor2	chr3	127639724	127639961	SINE/MIR	458	-	118	127639842	58710
chr3	127581132	127781132	harbor2	chr3	127646089	127646314	SINE/MIR	584	-	112	127646201	65069
chr3	127581132	127781132	harbor2	chr3	127646701	127646861	SINE/MIR	532	-	80	127646781	65649
chr3	127581132	127781132	harbor2	chr3	127647989	127648213	SINE/MIR	439	-	112	127648101	66969
chr3	127581132	127781132	harbor2	chr3	127655465	127655644	SINE/MIR	578	-	90	127655555	74423
chr3	127581132	127781132	harbor2	chr3	127670137	127670345	SINE/MIR	502	-	104	127670241	89109
chr3	127581132	127781132	harbor2	chr3	127679563	127679750	SINE/MIR	458	-	94	127679657	98525
chr3	182297276	182497276	harbor2	chr3	182331878	182332081	SINE/MIR	516	-	102	182331980	34704
chr3	182297276	182497276	harbor2	chr3	182359218	182359367	SINE/MIR	418	-	74	182359292	62016
chr3	182297276	182497276	harbor2	chr3	182388868	182389053	SINE/MIR	536	-	92	182388960	91684
chr4	39082469	39282469	harbor2	chr4	39100449	39100661	SINE/MIR	566	-	106	39100555	18086
chr4	39082469	39282469	harbor2	chr4	39111229	39111430	SINE/MIR	649	-	100	39111329	28860
chr4	39082469	39282469	harbor2	chr4	39118148	39118355	SINE/MIR	684	-	104	39118252	35783
chr4	39082469	39282469	harbor2	chr4	39122265	39122487	SINE/MIR	727	-	111	39122376	39907
chr4	98161348	98361348	harbor2	chr4	98186813	98187056	SINE/MIR	672	-	122	98186935	25587
chr4	98161348	98361348	harbor2	chr4	98234687	98234879	SINE/MIR	542	-	96	98234783	73435
chr4	103098506	103298506	harbor2	chr4	103153314	103153530	SINE/MIR	991	-	108	103153422	54916
chr4	103098506	103298506	harbor2	chr4	103179564	103179802	SINE/MIR	614	-	119	103179683	81177
chr4	3569998	3769998	harbor2	chr4	3639709	3639889	SINE/MIR	542	-	90	3639799	69801
chr4	38573365	38773365	harbor2	chr4	38586862	38587077	SINE/MIR	904	-	108	38586970	13605
chr4	38573365	38773365	harbor2	chr4	38611900	38611981	SINE/MIR	585	-	40	38611940	38575
chr4	38573365	38773365	harbor2	chr4	38612321	38612434	SINE/MIR	609	-	56	38612377	39012
chr4	38573365	38773365	harbor2	chr4	38624274	38624503	SINE/MIR	603	-	114	38624388	51023
chr4	159002962	159202962	harbor2	chr4	159024931	159025093	SINE/MIR	710	-	81	159025012	22050
chr4	159002962	159202962	harbor2	chr4	159076062	159076235	SINE/MIR	480	-	86	159076148	73186
chr4	159002962	159202962	harbor2	chr4	159095030	159095189	SINE/MIR	459	-	80	159095110	92148
chr4	159002962	159202962	harbor2	chr4	159099956	159100057	SINE/MIR	454	-	50	159100006	97044
chr4	159002962	159202962	harbor2	chr4	159100360	159100463	SINE/MIR	454	-	52	159100412	97450
chr4	176095954	176295954	harbor2	chr4	176124473	176124739	SINE/MIR	697	-	133	176124606	28652
chr4	55295797	55495797	harbor2	chr4	55310377	55310538	SINE/MIR	549	-	80	55310457	14660
chr4	55295797	55495797	harbor2	chr4	55318501	55318732	SINE/MIR	681	-	116	55318617	22820
chr4	55295797	55495797	harbor2	chr4	55320014	55320224	SINE/MIR	509	-	105	55320119	24322
chr4	55295797	55495797	harbor2	chr4	55369057	55369286	SINE/MIR	993	-	114	55369171	73374
chr4	89737944	89937944	harbor2	chr4	89827105	89827241	SINE/MIR	465	-	68	89827173	89229
chr4	89737944	89937944	harbor2	chr4	89833091	89833332	SINE/MIR	455	-	120	89833211	95267
chr4	120823311	121023311	harbor2	chr4	120866471	120866709	SINE/MIR	789	-	119	120866590	43279
chr4	2363014	2563014	harbor2	chr4	2439113	2439331	SINE/MIR	512	-	109	2439222	76208
chr4	8058806	8258806	harbor2	chr4	8063443	8063627	SINE/MIR	545	-	92	8063535	4729
chr4	8058806	8258806	harbor2	chr4	8066938	8067153	SINE/MIR	569	-	108	8067046	8240
chr4	8058806	8258806	harbor2	chr4	8088683	8088912	SINE/MIR	529	-	114	8088797	29991
chr4	8058806	8258806	harbor2	chr4	8117153	8117295	SINE/MIR	590	-	71	8117224	58418
chr4	120822652	121022652	harbor2	chr4	120866471	120866709	SINE/MIR	789	-	119	120866590	43938
chr4	122858241	123058241	harbor2	chr4	122884888	122885036	SINE/MIR	568	-	74	122884962	26721
chr4	122858241	123058241	harbor2	chr4	122921914	122922148	SINE/MIR	455	-	117	122922031	63790
chr4	12478041	12678041	harbor2	chr4	12499391	12499608	SINE/MIR	703	-	108	12499499	21458
chr4	12478041	12678041	harbor2	chr4	12504400	12504642	SINE/MIR	771	-	121	12504521	26480
chr4	103098509	103298509	harbor2	chr4	103153314	103153530	SINE/MIR	991	-	108	103153422	54913
chr4	103098509	103298509	harbor2	chr4	103179564	103179802	SINE/MIR	614	-	119	103179683	81174
chr4	103098505	103298505	harbor2	chr4	103153314	103153530	SINE/MIR	991	-	108	103153422	54917
chr4	103098505	103298505	harbor2	chr4	103179564	103179802	SINE/MIR	614	-	119	103179683	81178
chr4	145413737	145613737	harbor2	chr4	145447758	145447942	SINE/MIR	494	-	92	145447850	34113
chr4	145413737	145613737	harbor2	chr4	145485776	145486024	SINE/MIR	501	-	124	145485900	72163
chr4	6251701	6451701	harbor2	chr4	6254980	6255196	SINE/MIR	585	-	108	6255088	3387
chr4	2364000	2564000	harbor2	chr4	2439113	2439331	SINE/MIR	512	-	109	2439222	75222
chr4	2151563	2351563	harbor2	chr4	2194003	2194269	SINE/MIR	565	-	133	2194136	42573
chr4	2363979	2563979	harbor2	chr4	2439113	2439331	SINE/MIR	512	-	109	2439222	75243
chr4	103098514	103298514	harbor2	chr4	103153314	103153530	SINE/MIR	991	-	108	103153422	54908
chr4	103098514	103298514	harbor2	chr4	103179564	103179802	SINE/MIR	614	-	119	103179683	81169
chr4	17477327	17677327	harbor2	chr4	17499048	17499296	SINE/MIR	476	-	124	17499172	21845
chr4	17477327	17677327	harbor2	chr4	17515792	17515988	SINE/MIR	653	-	98	17515890	38563
chr4	17477327	17677327	harbor2	chr4	17523920	17524156	SINE/MIR	660	-	118	17524038	46711
chr4	7569422	7769422	harbor2	chr4	7579382	7579549	SINE/MIR	461	-	84	7579466	10044
chr4	7569422	7769422	harbor2	chr4	7580961	7581135	SINE/MIR	520	-	87	7581048	11626
chr4	7569422	7769422	harbor2	chr4	7582086	7582326	SINE/MIR	514	-	120	7582206	12784
chr4	7569422	7769422	harbor2	chr4	7589702	7589880	SINE/MIR	646	-	89	7589791	20369
chr4	144468740	144668740	harbor2	chr4	144488948	144489143	SINE/MIR	632	-	98	144489046	20306
chr4	144468740	144668740	harbor2	chr4	144523278	144523512	SINE/MIR	836	-	117	144523395	54655
chr4	70739668	70939668	harbor2	chr4	70746575	70746698	SINE/MIR	462	-	62	70746637	6969
chr4	70739668	70939668	harbor2	chr4	70747130	70747239	SINE/MIR	462	-	54	70747184	7516
chr4	70739668	70939668	harbor2	chr4	70794158	70794298	SINE/MIR	482	-	70	70794228	54560
chr4	70739668	70939668	harbor2	chr4	70794587	70794708	SINE/MIR	482	-	60	70794647	54979
chr4	120879554	121079554	harbor2	chr4	120967795	120967935	SINE/MIR	507	-	70	120967865	88311
chr4	7839706	8039706	harbor2	chr4	7856810	7857040	SINE/MIR	523	-	115	7856925	17219
chr4	7839706	8039706	harbor2	chr4	7870037	7870264	SINE/MIR	844	-	114	7870151	30445
chr4	7839706	8039706	harbor2	chr4	7877440	7877688	SINE/MIR	776	-	124	7877564	37858
chr4	7839706	8039706	harbor2	chr4	7878638	7878874	SINE/MIR	773	-	118	7878756	39050
chr4	7839706	8039706	harbor2	chr4	7904475	7904646	SINE/MIR	571	-	86	7904561	64855
chr4	7839706	8039706	harbor2	chr4	7909156	7909349	SINE/MIR	577	-	96	7909252	69546
chr4	7839706	8039706	harbor2	chr4	7935181	7935365	SINE/MIR	595	-	92	7935273	95567
chr4	6889753	7089753	harbor2	chr4	6912706	6912946	SINE/MIR	821	-	120	6912826	23073
chr4	6889753	7089753	harbor2	chr4	6918446	6918667	SINE/MIR	462	-	110	6918556	28803
chr4	6889753	7089753	harbor2	chr4	6946657	6946805	SINE/MIR	473	-	74	6946731	56978
chr4	6889753	7089753	harbor2	chr4	6966570	6966733	SINE/MIR	505	-	82	6966652	76899
chr4	6889753	7089753	harbor2	chr4	6968369	6968591	SINE/MIR	681	-	111	6968480	78727
chr4	86792393	86992393	harbor2	chr4	86841948	86842116	SINE/MIR	454	-	84	86842032	49639
chr4	86792393	86992393	harbor2	chr4	86843767	86843896	SINE/MIR	465	-	64	86843831	51438
chr4	86792393	86992393	harbor2	chr4	86844206	86844319	SINE/MIR	465	-	56	86844262	51869
chr4	86792393	86992393	harbor2	chr4	86872930	86873151	SINE/MIR	728	-	110	86873040	80647
chr4	86792393	86992393	harbor2	chr4	86883540	86883707	SINE/MIR	600	-	84	86883624	91231
chr4	86792393	86992393	harbor2	chr4	86889471	86889617	SINE/MIR	527	-	73	86889544	97151
chr4	86792393	86992393	harbor2	chr4	86890236	86890354	SINE/MIR	537	-	59	86890295	97902
chr4	103098758	103298758	harbor2	chr4	103153314	103153530	SINE/MIR	991	-	108	103153422	54664
chr4	103098758	103298758	harbor2	chr4	103179564	103179802	SINE/MIR	614	-	119	103179683	80925
chr4	86993241	87193241	harbor2	chr4	87009119	87009337	SINE/MIR	499	-	109	87009228	15987
chr4	86993241	87193241	harbor2	chr4	87056826	87057043	SINE/MIR	685	-	108	87056934	63693
chr4	86993241	87193241	harbor2	chr4	87058049	87058259	SINE/MIR	451	-	105	87058154	64913
chr4	86993241	87193241	harbor2	chr4	87078959	87079113	SINE/MIR	463	-	77	87079036	85795
chr4	103098495	103298495	harbor2	chr4	103153314	103153530	SINE/MIR	991	-	108	103153422	54927
chr4	103098495	103298495	harbor2	chr4	103179564	103179802	SINE/MIR	614	-	119	103179683	81188
chr4	76849477	77049477	harbor2	chr4	76908018	76908247	SINE/MIR	579	-	114	76908132	58655
chr4	76849477	77049477	harbor2	chr4	76913965	76914197	SINE/MIR	605	-	116	76914081	64604
chr4	2363019	2563019	harbor2	chr4	2439113	2439331	SINE/MIR	512	-	109	2439222	76203
chr4	55296360	55496360	harbor2	chr4	55310377	55310538	SINE/MIR	549	-	80	55310457	14097
chr4	55296360	55496360	harbor2	chr4	55318501	55318732	SINE/MIR	681	-	116	55318617	22257
chr4	55296360	55496360	harbor2	chr4	55320014	55320224	SINE/MIR	509	-	105	55320119	23759
chr4	55296360	55496360	harbor2	chr4	55369057	55369286	SINE/MIR	993	-	114	55369171	72811
chr5	115444451	115644451	harbor2	chr5	115456366	115456528	SINE/MIR	583	-	81	115456447	11996
chr5	115444451	115644451	harbor2	chr5	115494422	115494528	SINE/MIR	422	-	53	115494475	50024
chr5	115444451	115644451	harbor2	chr5	115508745	115508786	SINE/MIR	545	-	20	115508765	64314
chr5	115444451	115644451	harbor2	chr5	115509102	115509257	SINE/MIR	545	-	78	115509180	64729
chr5	87001616	87201616	harbor2	chr5	87010754	87010974	SINE/MIR	847	-	110	87010864	9248
chr5	87001616	87201616	harbor2	chr5	87056614	87056814	SINE/MIR	425	-	100	87056714	55098
chr5	87001616	87201616	harbor2	chr5	87070687	87070931	SINE/MIR	895	-	122	87070809	69193
chr5	171287646	171487646	harbor2	chr5	171290864	171291103	SINE/MIR	874	-	120	171290984	3338
chr5	171287646	171487646	harbor2	chr5	171292333	171292494	SINE/MIR	555	-	80	171292413	4767
chr5	171287646	171487646	harbor2	chr5	171297774	171297846	SINE/MIR	454	-	36	171297810	10164
chr5	171287646	171487646	harbor2	chr5	171298158	171298313	SINE/MIR	454	-	78	171298236	10590
chr5	171287646	171487646	harbor2	chr5	171300691	171300855	SINE/MIR	590	-	82	171300773	13127
chr5	171287646	171487646	harbor2	chr5	171303201	171303425	SINE/MIR	662	-	112	171303313	15667
chr5	171287646	171487646	harbor2	chr5	171307820	171308052	SINE/MIR	552	-	116	171307936	20290
chr5	171287646	171487646	harbor2	chr5	171318675	171318848	SINE/MIR	476	-	86	171318761	31115
chr5	171287646	171487646	harbor2	chr5	171320160	171320254	SINE/MIR	430	-	47	171320207	32561
chr5	171287646	171487646	harbor2	chr5	171321003	171321113	SINE/MIR	430	-	55	171321058	33412
chr5	171287646	171487646	harbor2	chr5	171321139	171321306	SINE/MIR	477	-	84	171321223	33577
chr5	73351442	73551442	harbor2	chr5	73376033	73376203	SINE/MIR	651	-	85	73376118	24676
chr5	73351442	73551442	harbor2	chr5	73422872	73423123	SINE/MIR	607	-	126	73422998	71556
chr5	135435988	135635988	harbor2	chr5	135437793	135438010	SINE/MIR	669	-	108	135437901	1913
chr5	135435988	135635988	harbor2	chr5	135446087	135446282	SINE/MIR	572	-	98	135446185	10197
chr5	135435988	135635988	harbor2	chr5	135447422	135447640	SINE/MIR	547	-	109	135447531	11543
chr5	135435988	135635988	harbor2	chr5	135457360	135457490	SINE/MIR	452	-	65	135457425	21437
chr5	135435988	135635988	harbor2	chr5	135465768	135465930	SINE/MIR	565	-	81	135465849	29861
chr5	135435988	135635988	harbor2	chr5	135480326	135480525	SINE/MIR	822	-	100	135480426	44438
chr5	135435988	135635988	harbor2	chr5	135483366	135483535	SINE/MIR	644	-	84	135483450	47462
chr5	135435988	135635988	harbor2	chr5	135512692	135512900	SINE/MIR	491	-	104	135512796	76808
chr5	10341874	10541874	harbor2	chr5	10354993	10355183	SINE/MIR	480	-	95	10355088	13214
chr5	10341874	10541874	harbor2	chr5	10355625	10355830	SINE/MIR	770	-	102	10355727	13853
chr5	10341874	10541874	harbor2	chr5	10378219	10378445	SINE/MIR	778	-	113	10378332	36458
chr5	150970772	151170772	harbor2	chr5	150977065	150977304	SINE/MIR	831	-	120	150977185	6413
chr5	150970772	151170772	harbor2	chr5	151010250	151010404	SINE/MIR	534	-	77	151010327	39555
chr5	150970772	151170772	harbor2	chr5	151024436	151024581	SINE/MIR	545	-	72	151024508	53736
chr5	150970772	151170772	harbor2	chr5	151029564	151029784	SINE/MIR	498	-	110	151029674	58902
chr5	150970772	151170772	harbor2	chr5	151030851	151031061	SINE/MIR	553	-	105	151030956	60184
chr5	150970772	151170772	harbor2	chr5	151032414	151032652	SINE/MIR	593	-	119	151032533	61761
chr5	150970772	151170772	harbor2	chr5	151037024	151037247	SINE/MIR	664	-	112	151037136	66364
chr5	150970772	151170772	harbor2	chr5	151039934	151040084	SINE/MIR	512	-	75	151040009	69237
chr5	150970772	151170772	harbor2	chr5	151048313	151048541	SINE/MIR	706	-	114	151048427	77655
chr5	150970772	151170772	harbor2	chr5	151056021	151056201	SINE/MIR	529	-	90	151056111	85339
chr5	150970772	151170772	harbor2	chr5	151058710	151058884	SINE/MIR	428	-	87	151058797	88025
chr5	150970772	151170772	harbor2	chr5	151062504	151062693	SINE/MIR	412	-	94	151062598	91826
chr5	150970772	151170772	harbor2	chr5	151066582	151066797	SINE/MIR	501	-	108	151066690	95918
chr5	73351456	73551456	harbor2	chr5	73376033	73376203	SINE/MIR	651	-	85	73376118	24662
chr5	73351456	73551456	harbor2	chr5	73422872	73423123	SINE/MIR	607	-	126	73422998	71542
chr5	171288490	171488490	harbor2	chr5	171290864	171291103	SINE/MIR	874	-	120	171290984	2494
chr5	171288490	171488490	harbor2	chr5	171292333	171292494	SINE/MIR	555	-	80	171292413	3923
chr5	171288490	171488490	harbor2	chr5	171297774	171297846	SINE/MIR	454	-	36	171297810	9320
chr5	171288490	171488490	harbor2	chr5	171298158	171298313	SINE/MIR	454	-	78	171298236	9746
chr5	171288490	171488490	harbor2	chr5	171300691	171300855	SINE/MIR	590	-	82	171300773	12283
chr5	171288490	171488490	harbor2	chr5	171303201	171303425	SINE/MIR	662	-	112	171303313	14823
chr5	171288490	171488490	harbor2	chr5	171307820	171308052	SINE/MIR	552	-	116	171307936	19446
chr5	171288490	171488490	harbor2	chr5	171318675	171318848	SINE/MIR	476	-	86	171318761	30271
chr5	171288490	171488490	harbor2	chr5	171320160	171320254	SINE/MIR	430	-	47	171320207	31717
chr5	171288490	171488490	harbor2	chr5	171321003	171321113	SINE/MIR	430	-	55	171321058	32568
chr5	171288490	171488490	harbor2	chr5	171321139	171321306	SINE/MIR	477	-	84	171321223	32733
chr5	10341865	10541865	harbor2	chr5	10354993	10355183	SINE/MIR	480	-	95	10355088	13223
chr5	10341865	10541865	harbor2	chr5	10355625	10355830	SINE/MIR	770	-	102	10355727	13862
chr5	10341865	10541865	harbor2	chr5	10378219	10378445	SINE/MIR	778	-	113	10378332	36467
chr5	112319140	112519140	harbor2	chr5	112322120	112322368	SINE/MIR	472	-	124	112322244	3104
chr5	112319140	112519140	harbor2	chr5	112337421	112337617	SINE/MIR	578	-	98	112337519	18379
chr5	112319140	112519140	harbor2	chr5	112373519	112373725	SINE/MIR	782	-	103	112373622	54482
chr5	112319140	112519140	harbor2	chr5	112397740	112397918	SINE/MIR	531	-	89	112397829	78689
chr5	112319140	112519140	harbor2	chr5	112404208	112404399	SINE/MIR	618	-	96	112404304	85164
chr5	112319140	112519140	harbor2	chr5	112404423	112404641	SINE/MIR	412	-	109	112404532	85392
chr5	112319140	112519140	harbor2	chr5	112409792	112409964	SINE/MIR	426	-	86	112409878	90738
chr5	112319140	112519140	harbor2	chr5	112411503	112411689	SINE/MIR	500	-	93	112411596	92456
chr5	112319140	112519140	harbor2	chr5	112414003	112414146	SINE/MIR	483	-	72	112414075	94935
chr5	10341837	10541837	harbor2	chr5	10354993	10355183	SINE/MIR	480	-	95	10355088	13251
chr5	10341837	10541837	harbor2	chr5	10355625	10355830	SINE/MIR	770	-	102	10355727	13890
chr5	10341837	10541837	harbor2	chr5	10378219	10378445	SINE/MIR	778	-	113	10378332	36495
chr5	134425024	134625024	harbor2	chr5	134504059	134504251	SINE/MIR	620	-	96	134504155	79131
chr5	134425024	134625024	harbor2	chr5	134519975	134520111	SINE/MIR	517	-	68	134520043	95019
chr5	158975488	159175488	harbor2	chr5	158986881	158987033	SINE/MIR	501	-	76	158986957	11469
chr5	158975488	159175488	harbor2	chr5	158987412	158987582	SINE/MIR	562	-	85	158987497	12009
chr5	158975488	159175488	harbor2	chr5	159003681	159003910	SINE/MIR	484	-	114	159003795	28307
chr5	158975488	159175488	harbor2	chr5	159004323	159004504	SINE/MIR	460	-	90	159004413	28925
chr5	158975488	159175488	harbor2	chr5	159018624	159018869	SINE/MIR	766	-	122	159018746	43258
chr5	158975488	159175488	harbor2	chr5	159032151	159032379	SINE/MIR	484	-	114	159032265	56777
chr5	158975488	159175488	harbor2	chr5	159043015	159043236	SINE/MIR	489	-	110	159043125	67637
chr5	158975488	159175488	harbor2	chr5	159055294	159055449	SINE/MIR	449	-	78	159055372	79884
chr5	6533324	6733324	harbor2	chr5	6552216	6552444	SINE/MIR	473	-	114	6552330	19006
chr5	6533324	6733324	harbor2	chr5	6593123	6593160	SINE/MIR	602	-	18	6593141	59817
chr5	6533324	6733324	harbor2	chr5	6593739	6593877	SINE/MIR	602	-	69	6593808	60484
chr5	52700040	52900040	harbor2	chr5	52740343	52740594	SINE/MIR	642	-	126	52740469	40429
chr5	52700040	52900040	harbor2	chr5	52784946	52785206	SINE/MIR	706	-	130	52785076	85036
chr5	135980728	136180728	harbor2	chr5	136001006	136001246	SINE/MIR	793	-	120	136001126	20398
chr5	135980728	136180728	harbor2	chr5	136002251	136002474	SINE/MIR	473	-	112	136002363	21635
chr5	135980728	136180728	harbor2	chr5	136016552	136016740	SINE/MIR	545	-	94	136016646	35918
chr5	135980728	136180728	harbor2	chr5	136026426	136026599	SINE/MIR	436	-	86	136026512	45784
chr5	135980728	136180728	harbor2	chr5	136039162	136039330	SINE/MIR	523	-	84	136039246	58518
chr5	135980728	136180728	harbor2	chr5	136042281	136042466	SINE/MIR	511	-	92	136042373	61645
chr5	135980728	136180728	harbor2	chr5	136052515	136052736	SINE/MIR	821	-	110	136052625	71897
chr5	135980728	136180728	harbor2	chr5	136074317	136074369	SINE/MIR	441	-	26	136074343	93615
chr5	135980728	136180728	harbor2	chr5	136074724	136074808	SINE/MIR	441	-	42	136074766	94038
chr5	171287662	171487662	harbor2	chr5	171290864	171291103	SINE/MIR	874	-	120	171290984	3322
chr5	171287662	171487662	harbor2	chr5	171292333	171292494	SINE/MIR	555	-	80	171292413	4751
chr5	171287662	171487662	harbor2	chr5	171297774	171297846	SINE/MIR	454	-	36	171297810	10148
chr5	171287662	171487662	harbor2	chr5	171298158	171298313	SINE/MIR	454	-	78	171298236	10574
chr5	171287662	171487662	harbor2	chr5	171300691	171300855	SINE/MIR	590	-	82	171300773	13111
chr5	171287662	171487662	harbor2	chr5	171303201	171303425	SINE/MIR	662	-	112	171303313	15651
chr5	171287662	171487662	harbor2	chr5	171307820	171308052	SINE/MIR	552	-	116	171307936	20274
chr5	171287662	171487662	harbor2	chr5	171318675	171318848	SINE/MIR	476	-	86	171318761	31099
chr5	171287662	171487662	harbor2	chr5	171320160	171320254	SINE/MIR	430	-	47	171320207	32545
chr5	171287662	171487662	harbor2	chr5	171321003	171321113	SINE/MIR	430	-	55	171321058	33396
chr5	171287662	171487662	harbor2	chr5	171321139	171321306	SINE/MIR	477	-	84	171321223	33561
chr5	10348809	10548809	harbor2	chr5	10354993	10355183	SINE/MIR	480	-	95	10355088	6279
chr5	10348809	10548809	harbor2	chr5	10355625	10355830	SINE/MIR	770	-	102	10355727	6918
chr5	10348809	10548809	harbor2	chr5	10378219	10378445	SINE/MIR	778	-	113	10378332	29523
chr5	76930492	77130492	harbor2	chr5	76934038	76934173	SINE/MIR	413	-	68	76934106	3614
chr5	76930492	77130492	harbor2	chr5	76982416	76982592	SINE/MIR	634	-	88	76982504	52012
chr5	76930492	77130492	harbor2	chr5	77017331	77017551	SINE/MIR	534	-	110	77017441	86949
chr5	133511231	133711231	harbor2	chr5	133550504	133550695	SINE/MIR	457	-	96	133550600	39369
chr5	133511231	133711231	harbor2	chr5	133607368	133607614	SINE/MIR	753	-	123	133607491	96260
chr5	73351450	73551450	harbor2	chr5	73376033	73376203	SINE/MIR	651	-	85	73376118	24668
chr5	73351450	73551450	harbor2	chr5	73422872	73423123	SINE/MIR	607	-	126	73422998	71548
chr5	154684770	154884770	harbor2	chr5	154690388	154690628	SINE/MIR	665	-	120	154690508	5738
chr5	154684770	154884770	harbor2	chr5	154696493	154696674	SINE/MIR	648	-	90	154696583	11813
chr5	154684770	154884770	harbor2	chr5	154715810	154716039	SINE/MIR	541	-	114	154715924	31154
chr5	154684770	154884770	harbor2	chr5	154722617	154722678	SINE/MIR	500	-	30	154722647	37877
chr5	154684770	154884770	harbor2	chr5	154722981	154723153	SINE/MIR	500	-	86	154723067	38297
chr5	154684770	154884770	harbor2	chr5	154723633	154723819	SINE/MIR	737	-	93	154723726	38956
chr5	154684770	154884770	harbor2	chr5	154740454	154740676	SINE/MIR	705	-	111	154740565	55795
chr5	154684770	154884770	harbor2	chr5	154745417	154745624	SINE/MIR	1086	-	104	154745521	60751
chr5	154684770	154884770	harbor2	chr5	154745622	154745794	SINE/MIR	617	-	86	154745708	60938
chr5	154684770	154884770	harbor2	chr5	154746098	154746146	SINE/MIR	617	-	24	154746122	61352
chr5	154684770	154884770	harbor2	chr5	154748650	154748863	SINE/MIR	603	-	106	154748756	63986
chr5	154684770	154884770	harbor2	chr5	154766890	154767071	SINE/MIR	417	-	90	154766980	82210
chr5	154684770	154884770	harbor2	chr5	154771308	154771516	SINE/MIR	637	-	104	154771412	86642
chr5	14760188	14960188	harbor2	chr5	14782243	14782466	SINE/MIR	482	-	112	14782355	22167
chr5	14760188	14960188	harbor2	chr5	14827226	14827429	SINE/MIR	445	-	102	14827328	67140
chr5	178021742	178221742	harbor2	chr5	178118289	178118481	SINE/MIR	479	-	96	178118385	96643
chr5	132222297	132422297	harbor2	chr5	132263102	132263296	SINE/MIR	482	-	97	132263199	40902
chr5	132222297	132422297	harbor2	chr5	132268966	132269110	SINE/MIR	436	-	72	132269038	46741
chr5	132222297	132422297	harbor2	chr5	132279517	132279695	SINE/MIR	496	-	89	132279606	57309
chr5	132222297	132422297	harbor2	chr5	132307588	132307798	SINE/MIR	538	-	105	132307693	85396
chr5	73354563	73554563	harbor2	chr5	73376033	73376203	SINE/MIR	651	-	85	73376118	21555
chr5	73354563	73554563	harbor2	chr5	73422872	73423123	SINE/MIR	607	-	126	73422998	68435
chr5	78418676	78618676	harbor2	chr5	78444798	78445017	SINE/MIR	566	-	110	78444908	26232
chr5	78418676	78618676	harbor2	chr5	78499310	78499533	SINE/MIR	794	-	112	78499422	80746
chr5	78418676	78618676	harbor2	chr5	78505777	78505951	SINE/MIR	700	-	87	78505864	87188
chr5	52700035	52900035	harbor2	chr5	52740343	52740594	SINE/MIR	642	-	126	52740469	40434
chr5	52700035	52900035	harbor2	chr5	52784946	52785206	SINE/MIR	706	-	130	52785076	85041
chr5	10341873	10541873	harbor2	chr5	10354993	10355183	SINE/MIR	480	-	95	10355088	13215
chr5	10341873	10541873	harbor2	chr5	10355625	10355830	SINE/MIR	770	-	102	10355727	13854
chr5	10341873	10541873	harbor2	chr5	10378219	10378445	SINE/MIR	778	-	113	10378332	36459
chr5	10341897	10541897	harbor2	chr5	10354993	10355183	SINE/MIR	480	-	95	10355088	13191
chr5	10341897	10541897	harbor2	chr5	10355625	10355830	SINE/MIR	770	-	102	10355727	13830
chr5	10341897	10541897	harbor2	chr5	10378219	10378445	SINE/MIR	778	-	113	10378332	36435
chr5	10341909	10541909	harbor2	chr5	10354993	10355183	SINE/MIR	480	-	95	10355088	13179
chr5	10341909	10541909	harbor2	chr5	10355625	10355830	SINE/MIR	770	-	102	10355727	13818
chr5	10341909	10541909	harbor2	chr5	10378219	10378445	SINE/MIR	778	-	113	10378332	36423
chr5	73351449	73551449	harbor2	chr5	73376033	73376203	SINE/MIR	651	-	85	73376118	24669
chr5	73351449	73551449	harbor2	chr5	73422872	73423123	SINE/MIR	607	-	126	73422998	71549
chr5	52705069	52905069	harbor2	chr5	52740343	52740594	SINE/MIR	642	-	126	52740469	35400
chr5	52705069	52905069	harbor2	chr5	52784946	52785206	SINE/MIR	706	-	130	52785076	80007
chr5	6617520	6817520	harbor2	chr5	6705841	6705944	SINE/MIR	410	-	52	6705893	88373
chr5	10341893	10541893	harbor2	chr5	10354993	10355183	SINE/MIR	480	-	95	10355088	13195
chr5	10341893	10541893	harbor2	chr5	10355625	10355830	SINE/MIR	770	-	102	10355727	13834
chr5	10341893	10541893	harbor2	chr5	10378219	10378445	SINE/MIR	778	-	113	10378332	36439
chr5	6630162	6830162	harbor2	chr5	6705841	6705944	SINE/MIR	410	-	52	6705893	75731
chr5	10527792	10727792	harbor2	chr5	10550777	10550937	SINE/MIR	681	-	80	10550857	23065
chr5	73351437	73551437	harbor2	chr5	73376033	73376203	SINE/MIR	651	-	85	73376118	24681
chr5	73351437	73551437	harbor2	chr5	73422872	73423123	SINE/MIR	607	-	126	73422998	71561
chr5	94829534	95029534	harbor2	chr5	94911874	94912029	SINE/MIR	521	-	78	94911952	82418
chr5	94829534	95029534	harbor2	chr5	94915107	94915320	SINE/MIR	440	-	106	94915213	85679
chr5	10401998	10601998	harbor2	chr5	10500965	10501119	SINE/MIR	479	-	77	10501042	99044
chr5	37741093	37941093	harbor2	chr5	37753914	37754124	SINE/MIR	672	-	105	37754019	12926
chr5	37741093	37941093	harbor2	chr5	37769828	37770011	SINE/MIR	498	-	92	37769920	28827
chr5	37741093	37941093	harbor2	chr5	37830704	37830870	SINE/MIR	429	-	83	37830787	89694
chr5	135008272	135208272	harbor2	chr5	135016415	135016617	SINE/MIR	500	-	101	135016516	8244
chr5	135008272	135208272	harbor2	chr5	135019244	135019378	SINE/MIR	486	-	67	135019311	11039
chr5	135008272	135208272	harbor2	chr5	135056835	135057046	SINE/MIR	885	-	106	135056941	48669
chr5	135008272	135208272	harbor2	chr5	135070802	135071017	SINE/MIR	487	-	108	135070910	62638
chr5	135008272	135208272	harbor2	chr5	135072140	135072286	SINE/MIR	434	-	73	135072213	63941
chr5	135008272	135208272	harbor2	chr5	135079417	135079635	SINE/MIR	433	-	109	135079526	71254
chr5	135008272	135208272	harbor2	chr5	135105812	135106006	SINE/MIR	579	-	97	135105909	97637
chr5	10661105	10861105	harbor2	chr5	10668542	10668700	SINE/MIR	513	-	79	10668621	7516
chr5	10661105	10861105	harbor2	chr5	10693450	10693697	SINE/MIR	447	-	124	10693574	32469
chr5	10661105	10861105	harbor2	chr5	10706240	10706480	SINE/MIR	853	-	120	10706360	45255
chr5	147722928	147922928	harbor2	chr5	147732615	147732851	SINE/MIR	625	-	118	147732733	9805
chr5	147722928	147922928	harbor2	chr5	147748350	147748388	SINE/MIR	426	-	19	147748369	25441
chr5	147722928	147922928	harbor2	chr5	147749047	147749124	SINE/MIR	426	-	38	147749085	26157
chr5	147722928	147922928	harbor2	chr5	147749253	147749461	SINE/MIR	670	-	104	147749357	26429
chr5	147722928	147922928	harbor2	chr5	147754618	147754834	SINE/MIR	514	-	108	147754726	31798
chr5	147722928	147922928	harbor2	chr5	147761275	147761513	SINE/MIR	763	-	119	147761394	38466
chr5	147722928	147922928	harbor2	chr5	147761519	147761680	SINE/MIR	554	-	80	147761599	38671
chr5	147722928	147922928	harbor2	chr5	147820884	147821096	SINE/MIR	566	-	106	147820990	98062
chr5	178133234	178333234	harbor2	chr5	178230689	178230926	SINE/MIR	937	-	118	178230807	97573
chr5	10661095	10861095	harbor2	chr5	10668542	10668700	SINE/MIR	513	-	79	10668621	7526
chr5	10661095	10861095	harbor2	chr5	10693450	10693697	SINE/MIR	447	-	124	10693574	32479
chr5	10661095	10861095	harbor2	chr5	10706240	10706480	SINE/MIR	853	-	120	10706360	45265
chr5	9115023	9315023	harbor2	chr5	9129749	9129953	SINE/MIR	530	-	102	9129851	14828
chr5	9115023	9315023	harbor2	chr5	9204498	9204708	SINE/MIR	539	-	105	9204603	89580
chr5	73354693	73554693	harbor2	chr5	73376033	73376203	SINE/MIR	651	-	85	73376118	21425
chr5	73354693	73554693	harbor2	chr5	73422872	73423123	SINE/MIR	607	-	126	73422998	68305
chr5	79345178	79545178	harbor2	chr5	79401287	79401451	SINE/MIR	555	-	82	79401369	56191
chr5	79345178	79545178	harbor2	chr5	79443622	79443835	SINE/MIR	543	-	106	79443728	98550
chr5	10661799	10861799	harbor2	chr5	10668542	10668700	SINE/MIR	513	-	79	10668621	6822
chr5	10661799	10861799	harbor2	chr5	10693450	10693697	SINE/MIR	447	-	124	10693574	31775
chr5	10661799	10861799	harbor2	chr5	10706240	10706480	SINE/MIR	853	-	120	10706360	44561
chr5	91180678	91380678	harbor2	chr5	91187295	91187543	SINE/MIR	531	-	124	91187419	6741
chr5	143113893	143313893	harbor2	chr5	143115659	143115831	SINE/MIR	414	-	86	143115745	1852
chr5	143113893	143313893	harbor2	chr5	143121384	143121495	SINE/MIR	415	-	56	143121440	7547
chr5	143113893	143313893	harbor2	chr5	143129381	143129510	SINE/MIR	449	-	64	143129445	15552
chr5	143113893	143313893	harbor2	chr5	143129790	143129996	SINE/MIR	723	-	103	143129893	16000
chr5	143113893	143313893	harbor2	chr5	143139254	143139434	SINE/MIR	519	-	90	143139344	25451
chr5	143113893	143313893	harbor2	chr5	143146312	143146512	SINE/MIR	418	-	100	143146412	32519
chr5	143113893	143313893	harbor2	chr5	143170609	143170789	SINE/MIR	466	-	90	143170699	56806
chr5	143113893	143313893	harbor2	chr5	143171132	143171326	SINE/MIR	551	-	97	143171229	57336
chr5	143113893	143313893	harbor2	chr5	143173540	143173675	SINE/MIR	446	-	68	143173608	59715
chr5	143113893	143313893	harbor2	chr5	143178659	143178852	SINE/MIR	446	-	96	143178755	64862
chr5	143113893	143313893	harbor2	chr5	143187022	143187262	SINE/MIR	885	-	120	143187142	73249
chr5	132010466	132210466	harbor2	chr5	132015110	132015176	SINE/MIR	422	-	33	132015143	4677
chr5	132010466	132210466	harbor2	chr5	132015577	132015612	SINE/MIR	422	-	18	132015595	5129
chr5	132010466	132210466	harbor2	chr5	132019642	132019768	SINE/MIR	629	-	63	132019705	9239
chr5	10341849	10541849	harbor2	chr5	10354993	10355183	SINE/MIR	480	-	95	10355088	13239
chr5	10341849	10541849	harbor2	chr5	10355625	10355830	SINE/MIR	770	-	102	10355727	13878
chr5	10341849	10541849	harbor2	chr5	10378219	10378445	SINE/MIR	778	-	113	10378332	36483
chr5	73351468	73551468	harbor2	chr5	73376033	73376203	SINE/MIR	651	-	85	73376118	24650
chr5	73351468	73551468	harbor2	chr5	73422872	73423123	SINE/MIR	607	-	126	73422998	71530
chr5	134446054	134646054	harbor2	chr5	134504059	134504251	SINE/MIR	620	-	96	134504155	58101
chr5	134446054	134646054	harbor2	chr5	134519975	134520111	SINE/MIR	517	-	68	134520043	73989
chr5	134446054	134646054	harbor2	chr5	134537331	134537597	SINE/MIR	974	-	133	134537464	91410
chr5	135443984	135643984	harbor2	chr5	135446087	135446282	SINE/MIR	572	-	98	135446185	2201
chr5	135443984	135643984	harbor2	chr5	135447422	135447640	SINE/MIR	547	-	109	135447531	3547
chr5	135443984	135643984	harbor2	chr5	135457360	135457490	SINE/MIR	452	-	65	135457425	13441
chr5	135443984	135643984	harbor2	chr5	135465768	135465930	SINE/MIR	565	-	81	135465849	21865
chr5	135443984	135643984	harbor2	chr5	135480326	135480525	SINE/MIR	822	-	100	135480426	36442
chr5	135443984	135643984	harbor2	chr5	135483366	135483535	SINE/MIR	644	-	84	135483450	39466
chr5	135443984	135643984	harbor2	chr5	135512692	135512900	SINE/MIR	491	-	104	135512796	68812
chr5	132394503	132594503	harbor2	chr5	132430471	132430672	SINE/MIR	623	-	100	132430571	36068
chr5	132394503	132594503	harbor2	chr5	132467370	132467603	SINE/MIR	635	-	116	132467486	72983
chr5	132394503	132594503	harbor2	chr5	132473274	132473517	SINE/MIR	727	-	122	132473396	78893
chr5	10341903	10541903	harbor2	chr5	10354993	10355183	SINE/MIR	480	-	95	10355088	13185
chr5	10341903	10541903	harbor2	chr5	10355625	10355830	SINE/MIR	770	-	102	10355727	13824
chr5	10341903	10541903	harbor2	chr5	10378219	10378445	SINE/MIR	778	-	113	10378332	36429
chr5	10341907	10541907	harbor2	chr5	10354993	10355183	SINE/MIR	480	-	95	10355088	13181
chr5	10341907	10541907	harbor2	chr5	10355625	10355830	SINE/MIR	770	-	102	10355727	13820
chr5	10341907	10541907	harbor2	chr5	10378219	10378445	SINE/MIR	778	-	113	10378332	36425
chr5	10341896	10541896	harbor2	chr5	10354993	10355183	SINE/MIR	480	-	95	10355088	13192
chr5	10341896	10541896	harbor2	chr5	10355625	10355830	SINE/MIR	770	-	102	10355727	13831
chr5	10341896	10541896	harbor2	chr5	10378219	10378445	SINE/MIR	778	-	113	10378332	36436
chr5	133511227	133711227	harbor2	chr5	133550504	133550695	SINE/MIR	457	-	96	133550600	39373
chr5	133511227	133711227	harbor2	chr5	133607368	133607614	SINE/MIR	753	-	123	133607491	96264
chr5	9115156	9315156	harbor2	chr5	9129749	9129953	SINE/MIR	530	-	102	9129851	14695
chr5	9115156	9315156	harbor2	chr5	9204498	9204708	SINE/MIR	539	-	105	9204603	89447
chr5	73354567	73554567	harbor2	chr5	73376033	73376203	SINE/MIR	651	-	85	73376118	21551
chr5	73354567	73554567	harbor2	chr5	73422872	73423123	SINE/MIR	607	-	126	73422998	68431
chr5	171288520	171488520	harbor2	chr5	171290864	171291103	SINE/MIR	874	-	120	171290984	2464
chr5	171288520	171488520	harbor2	chr5	171292333	171292494	SINE/MIR	555	-	80	171292413	3893
chr5	171288520	171488520	harbor2	chr5	171297774	171297846	SINE/MIR	454	-	36	171297810	9290
chr5	171288520	171488520	harbor2	chr5	171298158	171298313	SINE/MIR	454	-	78	171298236	9716
chr5	171288520	171488520	harbor2	chr5	171300691	171300855	SINE/MIR	590	-	82	171300773	12253
chr5	171288520	171488520	harbor2	chr5	171303201	171303425	SINE/MIR	662	-	112	171303313	14793
chr5	171288520	171488520	harbor2	chr5	171307820	171308052	SINE/MIR	552	-	116	171307936	19416
chr5	171288520	171488520	harbor2	chr5	171318675	171318848	SINE/MIR	476	-	86	171318761	30241
chr5	171288520	171488520	harbor2	chr5	171320160	171320254	SINE/MIR	430	-	47	171320207	31687
chr5	171288520	171488520	harbor2	chr5	171321003	171321113	SINE/MIR	430	-	55	171321058	32538
chr5	171288520	171488520	harbor2	chr5	171321139	171321306	SINE/MIR	477	-	84	171321223	32703
chr5	135009155	135209155	harbor2	chr5	135016415	135016617	SINE/MIR	500	-	101	135016516	7361
chr5	135009155	135209155	harbor2	chr5	135019244	135019378	SINE/MIR	486	-	67	135019311	10156
chr5	135009155	135209155	harbor2	chr5	135056835	135057046	SINE/MIR	885	-	106	135056941	47786
chr5	135009155	135209155	harbor2	chr5	135070802	135071017	SINE/MIR	487	-	108	135070910	61755
chr5	135009155	135209155	harbor2	chr5	135072140	135072286	SINE/MIR	434	-	73	135072213	63058
chr5	135009155	135209155	harbor2	chr5	135079417	135079635	SINE/MIR	433	-	109	135079526	70371
chr5	135009155	135209155	harbor2	chr5	135105812	135106006	SINE/MIR	579	-	97	135105909	96754
chr5	134461279	134661279	harbor2	chr5	134504059	134504251	SINE/MIR	620	-	96	134504155	42876
chr5	134461279	134661279	harbor2	chr5	134519975	134520111	SINE/MIR	517	-	68	134520043	58764
chr5	134461279	134661279	harbor2	chr5	134537331	134537597	SINE/MIR	974	-	133	134537464	76185
chr5	134461279	134661279	harbor2	chr5	134557102	134557216	SINE/MIR	422	-	57	134557159	95880
chr5	134461279	134661279	harbor2	chr5	134558839	134558948	SINE/MIR	450	-	54	134558893	97614
chr5	135034308	135234308	harbor2	chr5	135056835	135057046	SINE/MIR	885	-	106	135056941	22633
chr5	135034308	135234308	harbor2	chr5	135070802	135071017	SINE/MIR	487	-	108	135070910	36602
chr5	135034308	135234308	harbor2	chr5	135072140	135072286	SINE/MIR	434	-	73	135072213	37905
chr5	135034308	135234308	harbor2	chr5	135079417	135079635	SINE/MIR	433	-	109	135079526	45218
chr5	135034308	135234308	harbor2	chr5	135105812	135106006	SINE/MIR	579	-	97	135105909	71601
chr5	135034308	135234308	harbor2	chr5	135117340	135117553	SINE/MIR	598	-	106	135117446	83138
chr5	53009476	53209476	harbor2	chr5	53032406	53032534	SINE/MIR	415	-	64	53032470	22994
chr5	53009476	53209476	harbor2	chr5	53047864	53048011	SINE/MIR	539	-	74	53047938	38462
chr5	53009476	53209476	harbor2	chr5	53060348	53060583	SINE/MIR	459	-	118	53060466	50990
chr5	53009476	53209476	harbor2	chr5	53069318	53069427	SINE/MIR	503	-	54	53069372	59896
chr5	53009476	53209476	harbor2	chr5	53080002	53080142	SINE/MIR	484	-	70	53080072	70596
chr5	168386830	168586830	harbor2	chr5	168386981	168387191	SINE/MIR	624	-	105	168387086	256
chr5	168386830	168586830	harbor2	chr5	168390821	168391082	SINE/MIR	647	-	130	168390951	4121
chr5	168386830	168586830	harbor2	chr5	168397977	168398091	SINE/MIR	438	-	57	168398034	11204
chr5	168386830	168586830	harbor2	chr5	168398394	168398466	SINE/MIR	438	-	36	168398430	11600
chr5	168386830	168586830	harbor2	chr5	168400482	168400633	SINE/MIR	435	-	76	168400558	13728
chr5	168386830	168586830	harbor2	chr5	168402564	168402764	SINE/MIR	495	-	100	168402664	15834
chr5	168386830	168586830	harbor2	chr5	168404981	168405179	SINE/MIR	526	-	99	168405080	18250
chr5	168386830	168586830	harbor2	chr5	168406371	168406594	SINE/MIR	546	-	112	168406483	19653
chr5	168386830	168586830	harbor2	chr5	168407759	168407868	SINE/MIR	663	-	54	168407813	20983
chr5	168386830	168586830	harbor2	chr5	168408154	168408282	SINE/MIR	663	-	64	168408218	21388
chr5	168386830	168586830	harbor2	chr5	168410033	168410261	SINE/MIR	477	-	114	168410147	23317
chr5	168386830	168586830	harbor2	chr5	168417423	168417604	SINE/MIR	484	-	90	168417513	30683
chr5	168386830	168586830	harbor2	chr5	168424991	168425202	SINE/MIR	473	-	106	168425097	38267
chr5	168386830	168586830	harbor2	chr5	168425378	168425482	SINE/MIR	673	-	52	168425430	38600
chr5	168386830	168586830	harbor2	chr5	168425799	168425944	SINE/MIR	673	-	72	168425871	39041
chr5	168386830	168586830	harbor2	chr5	168427266	168427485	SINE/MIR	742	-	110	168427376	40546
chr5	168386830	168586830	harbor2	chr5	168433505	168433547	SINE/MIR	638	-	21	168433526	46696
chr5	168386830	168586830	harbor2	chr5	168433837	168434027	SINE/MIR	638	-	95	168433932	47102
chr5	168386830	168586830	harbor2	chr5	168434470	168434667	SINE/MIR	491	-	98	168434568	47738
chr5	168386830	168586830	harbor2	chr5	168443847	168443995	SINE/MIR	434	-	74	168443921	57091
chr5	73405863	73605863	harbor2	chr5	73422872	73423123	SINE/MIR	607	-	126	73422998	17135
chr5	177412942	177612942	harbor2	chr5	177448318	177448556	SINE/MIR	784	-	119	177448437	35495
chr5	177412942	177612942	harbor2	chr5	177476647	177476808	SINE/MIR	442	-	80	177476727	63785
chr5	177412942	177612942	harbor2	chr5	177478800	177478906	SINE/MIR	412	-	53	177478853	65911
chr5	177412942	177612942	harbor2	chr5	177494088	177494295	SINE/MIR	492	-	104	177494192	81250
chr5	52700409	52900409	harbor2	chr5	52740343	52740594	SINE/MIR	642	-	126	52740469	40060
chr5	52700409	52900409	harbor2	chr5	52784946	52785206	SINE/MIR	706	-	130	52785076	84667
chr5	78833634	79033634	harbor2	chr5	78857896	78858116	SINE/MIR	496	-	110	78858006	24372
chr5	78833634	79033634	harbor2	chr5	78858809	78859056	SINE/MIR	446	-	124	78858933	25299
chr5	78833634	79033634	harbor2	chr5	78924141	78924393	SINE/MIR	641	-	126	78924267	90633
chr5	137654191	137854191	harbor2	chr5	137661530	137661774	SINE/MIR	518	-	122	137661652	7461
chr5	137654191	137854191	harbor2	chr5	137667878	137668070	SINE/MIR	697	-	96	137667974	13783
chr5	137654191	137854191	harbor2	chr5	137674066	137674220	SINE/MIR	534	-	77	137674143	19952
chr5	137654191	137854191	harbor2	chr5	137675433	137675670	SINE/MIR	817	-	118	137675551	21360
chr5	137654191	137854191	harbor2	chr5	137676575	137676837	SINE/MIR	649	-	131	137676706	22515
chr5	137654191	137854191	harbor2	chr5	137682065	137682279	SINE/MIR	603	-	107	137682172	27981
chr5	137654191	137854191	harbor2	chr5	137698855	137699098	SINE/MIR	1057	-	122	137698977	44786
chr5	137654191	137854191	harbor2	chr5	137700906	137701033	SINE/MIR	448	-	64	137700970	46779
chr5	137654191	137854191	harbor2	chr5	137701348	137701449	SINE/MIR	448	-	50	137701398	47207
chr5	137654191	137854191	harbor2	chr5	137710730	137710960	SINE/MIR	831	-	115	137710845	56654
chr5	137654191	137854191	harbor2	chr5	137715828	137716023	SINE/MIR	630	-	98	137715926	61735
chr5	137654191	137854191	harbor2	chr5	137730031	137730228	SINE/MIR	540	-	98	137730129	75938
chr5	137654191	137854191	harbor2	chr5	137732727	137732965	SINE/MIR	765	-	119	137732846	78655
chr5	137654191	137854191	harbor2	chr5	137742504	137742761	SINE/MIR	924	-	128	137742632	88441
chr5	137654191	137854191	harbor2	chr5	137748523	137748735	SINE/MIR	621	-	106	137748629	94438
chr5	6613124	6813124	harbor2	chr5	6705841	6705944	SINE/MIR	410	-	52	6705893	92769
chr5	132774151	132974151	harbor2	chr5	132775393	132775597	SINE/MIR	754	-	102	132775495	1344
chr5	132774151	132974151	harbor2	chr5	132811750	132811985	SINE/MIR	687	-	118	132811868	37717
chr5	132774151	132974151	harbor2	chr5	132817788	132817990	SINE/MIR	617	-	101	132817889	43738
chr5	132774151	132974151	harbor2	chr5	132826700	132826868	SINE/MIR	498	-	84	132826784	52633
chr5	132774151	132974151	harbor2	chr5	132834053	132834257	SINE/MIR	613	-	102	132834155	60004
chr5	132774151	132974151	harbor2	chr5	132847484	132847620	SINE/MIR	491	-	68	132847552	73401
chr5	132774151	132974151	harbor2	chr5	132849048	132849265	SINE/MIR	702	-	108	132849156	75005
chr5	132774151	132974151	harbor2	chr5	132868283	132868432	SINE/MIR	417	-	74	132868357	94206
chr5	10762842	10962842	harbor2	chr5	10828553	10828711	SINE/MIR	474	-	79	10828632	65790
chr5	133166465	133366465	harbor2	chr5	133219350	133219505	SINE/MIR	487	-	78	133219428	52963
chr5	133166465	133366465	harbor2	chr5	133221531	133221662	SINE/MIR	446	-	66	133221597	55132
chr5	133166465	133366465	harbor2	chr5	133246838	133247033	SINE/MIR	599	-	98	133246936	80471
chr5	133511241	133711241	harbor2	chr5	133550504	133550695	SINE/MIR	457	-	96	133550600	39359
chr5	133511241	133711241	harbor2	chr5	133607368	133607614	SINE/MIR	753	-	123	133607491	96250
chr5	135088316	135288316	harbor2	chr5	135105812	135106006	SINE/MIR	579	-	97	135105909	17593
chr5	135088316	135288316	harbor2	chr5	135117340	135117553	SINE/MIR	598	-	106	135117446	29130
chr5	135088316	135288316	harbor2	chr5	135138521	135138694	SINE/MIR	465	-	86	135138607	50291
chr5	135088316	135288316	harbor2	chr5	135169837	135170068	SINE/MIR	791	-	116	135169953	81637
chr5	135088316	135288316	harbor2	chr5	135178845	135178991	SINE/MIR	469	-	73	135178918	90602
chr5	37740773	37940773	harbor2	chr5	37753914	37754124	SINE/MIR	672	-	105	37754019	13246
chr5	37740773	37940773	harbor2	chr5	37769828	37770011	SINE/MIR	498	-	92	37769920	29147
chr5	37740773	37940773	harbor2	chr5	37830704	37830870	SINE/MIR	429	-	83	37830787	90014
chr5	171288579	171488579	harbor2	chr5	171290864	171291103	SINE/MIR	874	-	120	171290984	2405
chr5	171288579	171488579	harbor2	chr5	171292333	171292494	SINE/MIR	555	-	80	171292413	3834
chr5	171288579	171488579	harbor2	chr5	171297774	171297846	SINE/MIR	454	-	36	171297810	9231
chr5	171288579	171488579	harbor2	chr5	171298158	171298313	SINE/MIR	454	-	78	171298236	9657
chr5	171288579	171488579	harbor2	chr5	171300691	171300855	SINE/MIR	590	-	82	171300773	12194
chr5	171288579	171488579	harbor2	chr5	171303201	171303425	SINE/MIR	662	-	112	171303313	14734
chr5	171288579	171488579	harbor2	chr5	171307820	171308052	SINE/MIR	552	-	116	171307936	19357
chr5	171288579	171488579	harbor2	chr5	171318675	171318848	SINE/MIR	476	-	86	171318761	30182
chr5	171288579	171488579	harbor2	chr5	171320160	171320254	SINE/MIR	430	-	47	171320207	31628
chr5	171288579	171488579	harbor2	chr5	171321003	171321113	SINE/MIR	430	-	55	171321058	32479
chr5	171288579	171488579	harbor2	chr5	171321139	171321306	SINE/MIR	477	-	84	171321223	32644
chr5	73351413	73551413	harbor2	chr5	73376033	73376203	SINE/MIR	651	-	85	73376118	24705
chr5	73351413	73551413	harbor2	chr5	73422872	73423123	SINE/MIR	607	-	126	73422998	71585
chr5	10342482	10542482	harbor2	chr5	10354993	10355183	SINE/MIR	480	-	95	10355088	12606
chr5	10342482	10542482	harbor2	chr5	10355625	10355830	SINE/MIR	770	-	102	10355727	13245
chr5	10342482	10542482	harbor2	chr5	10378219	10378445	SINE/MIR	778	-	113	10378332	35850
chr5	135018132	135218132	harbor2	chr5	135019244	135019378	SINE/MIR	486	-	67	135019311	1179
chr5	135018132	135218132	harbor2	chr5	135056835	135057046	SINE/MIR	885	-	106	135056941	38809
chr5	135018132	135218132	harbor2	chr5	135070802	135071017	SINE/MIR	487	-	108	135070910	52778
chr5	135018132	135218132	harbor2	chr5	135072140	135072286	SINE/MIR	434	-	73	135072213	54081
chr5	135018132	135218132	harbor2	chr5	135079417	135079635	SINE/MIR	433	-	109	135079526	61394
chr5	135018132	135218132	harbor2	chr5	135105812	135106006	SINE/MIR	579	-	97	135105909	87777
chr5	135018132	135218132	harbor2	chr5	135117340	135117553	SINE/MIR	598	-	106	135117446	99314
chr5	50869990	51069990	harbor2	chr5	50872448	50872684	SINE/MIR	665	-	118	50872566	2576
chr5	50869990	51069990	harbor2	chr5	50882576	50882733	SINE/MIR	414	-	78	50882654	12664
chr5	50869990	51069990	harbor2	chr5	50956504	50956733	SINE/MIR	871	-	114	50956618	86628
chr5	6533029	6733029	harbor2	chr5	6552216	6552444	SINE/MIR	473	-	114	6552330	19301
chr5	6533029	6733029	harbor2	chr5	6593123	6593160	SINE/MIR	602	-	18	6593141	60112
chr5	6533029	6733029	harbor2	chr5	6593739	6593877	SINE/MIR	602	-	69	6593808	60779
chr5	139797098	139997098	harbor2	chr5	139803445	139803661	SINE/MIR	497	-	108	139803553	6455
chr5	139797098	139997098	harbor2	chr5	139817819	139818009	SINE/MIR	509	-	95	139817914	20816
chr5	139797098	139997098	harbor2	chr5	139850156	139850372	SINE/MIR	475	-	108	139850264	53166
chr5	139797098	139997098	harbor2	chr5	139863079	139863296	SINE/MIR	623	-	108	139863187	66089
chr5	139797098	139997098	harbor2	chr5	139887703	139887926	SINE/MIR	554	-	112	139887815	90717
chr5	139797098	139997098	harbor2	chr5	139888204	139888413	SINE/MIR	448	-	104	139888308	91210
chr6	7720332	7920332	harbor2	chr6	7771460	7771614	SINE/MIR	543	-	77	7771537	51205
chr6	7720332	7920332	harbor2	chr6	7778284	7778528	SINE/MIR	678	-	122	7778406	58074
chr6	7720332	7920332	harbor2	chr6	7781182	7781328	SINE/MIR	484	-	73	7781255	60923
chr6	147104110	147304110	harbor2	chr6	147132892	147133125	SINE/MIR	842	-	116	147133008	28898
chr6	147104110	147304110	harbor2	chr6	147137265	147137503	SINE/MIR	666	-	119	147137384	33274
chr6	147104110	147304110	harbor2	chr6	147183327	147183492	SINE/MIR	484	-	82	147183409	79299
chr6	147104110	147304110	harbor2	chr6	147201568	147201829	SINE/MIR	532	-	130	147201698	97588
chr6	152902804	153102804	harbor2	chr6	152948037	152948268	SINE/MIR	785	-	116	152948153	45349
chr6	152902804	153102804	harbor2	chr6	152995774	152995976	SINE/MIR	524	-	101	152995875	93071
chr6	152902804	153102804	harbor2	chr6	152996027	152996246	SINE/MIR	528	-	110	152996137	93333
chr6	30621444	30821444	harbor2	chr6	30637171	30637362	SINE/MIR	452	-	96	30637267	15823
chr6	30621444	30821444	harbor2	chr6	30715722	30715880	SINE/MIR	551	-	79	30715801	94357
chr6	125225390	125425390	harbor2	chr6	125290217	125290396	SINE/MIR	863	-	90	125290307	64917
chr6	125225390	125425390	harbor2	chr6	125291246	125291331	SINE/MIR	559	-	42	125291288	65898
chr6	125225390	125425390	harbor2	chr6	125291661	125291792	SINE/MIR	559	-	66	125291727	66337
chr6	125225390	125425390	harbor2	chr6	125312784	125313036	SINE/MIR	476	-	126	125312910	87520
chr6	37071463	37271463	harbor2	chr6	37080052	37080222	SINE/MIR	600	-	85	37080137	8674
chr6	37071463	37271463	harbor2	chr6	37096047	37096259	SINE/MIR	518	-	106	37096153	24690
chr6	37071463	37271463	harbor2	chr6	37097507	37097719	SINE/MIR	806	-	106	37097613	26150
chr6	37071463	37271463	harbor2	chr6	37152648	37152778	SINE/MIR	503	-	65	37152713	81250
chr6	37071463	37271463	harbor2	chr6	37167348	37167581	SINE/MIR	711	-	116	37167464	96001
chr6	37071463	37271463	harbor2	chr6	37109550	37109790	SINE/MIR	892	-	120	37109670	38207
chr6	32870211	33070211	harbor2	chr6	32946989	32947089	SINE/MIR	531	-	50	32947039	76828
chr6	32870211	33070211	harbor2	chr6	32947614	32947760	SINE/MIR	463	-	73	32947687	77476
chr6	29530473	29730473	harbor2	chr6	29551666	29551859	SINE/MIR	839	-	96	29551762	21289
chr6	29530473	29730473	harbor2	chr6	29590127	29590300	SINE/MIR	601	-	86	29590213	59740
chr6	29530473	29730473	harbor2	chr6	29617845	29618092	SINE/MIR	715	-	124	29617969	87496
chr6	37002837	37202837	harbor2	chr6	37014217	37014384	SINE/MIR	778	-	84	37014301	11464
chr6	37002837	37202837	harbor2	chr6	37029047	37029242	SINE/MIR	528	-	98	37029145	26308
chr6	37002837	37202837	harbor2	chr6	37034318	37034495	SINE/MIR	480	-	88	37034406	31569
chr6	37002837	37202837	harbor2	chr6	37069392	37069601	SINE/MIR	599	-	104	37069496	66659
chr6	37002837	37202837	harbor2	chr6	37080052	37080222	SINE/MIR	600	-	85	37080137	77300
chr6	37002837	37202837	harbor2	chr6	37096047	37096259	SINE/MIR	518	-	106	37096153	93316
chr6	37002837	37202837	harbor2	chr6	37097507	37097719	SINE/MIR	806	-	106	37097613	94776
chr6	10445756	10645756	harbor2	chr6	10510812	10511035	SINE/MIR	605	-	112	10510924	65168
chr6	31634268	31834268	harbor2	chr6	31663516	31663725	SINE/MIR	614	-	104	31663620	29352
chr6	31634268	31834268	harbor2	chr6	31732494	31732550	SINE/MIR	546	-	28	31732522	98254
chr6	31634268	31834268	harbor2	chr6	31732809	31732840	SINE/MIR	546	-	16	31732825	98557
chr6	31634268	31834268	harbor2	chr6	31733141	31733305	SINE/MIR	546	-	82	31733223	98955
chr6	139488617	139688617	harbor2	chr6	139498804	139498960	SINE/MIR	519	-	78	139498882	10265
chr6	139488617	139688617	harbor2	chr6	139529023	139529126	SINE/MIR	711	-	52	139529075	40458
chr6	139488617	139688617	harbor2	chr6	139529450	139529603	SINE/MIR	711	-	76	139529526	40909
chr6	139488617	139688617	harbor2	chr6	139548972	139549186	SINE/MIR	576	-	107	139549079	60462
chr6	139488617	139688617	harbor2	chr6	139569157	139569383	SINE/MIR	516	-	113	139569270	80653
chr6	139488617	139688617	harbor2	chr6	139576205	139576305	SINE/MIR	521	-	50	139576255	87638
chr6	139488617	139688617	harbor2	chr6	139576619	139576647	SINE/MIR	521	-	14	139576633	88016
chr6	45543677	45743677	harbor2	chr6	45557535	45557721	SINE/MIR	609	-	93	45557628	13951
chr6	45543677	45743677	harbor2	chr6	45569730	45569921	SINE/MIR	726	-	96	45569826	26149
chr6	45543677	45743677	harbor2	chr6	45579166	45579351	SINE/MIR	566	-	92	45579258	35581
chr6	45543677	45743677	harbor2	chr6	45592563	45592769	SINE/MIR	507	-	103	45592666	48989
chr6	45543677	45743677	harbor2	chr6	45618958	45619146	SINE/MIR	575	-	94	45619052	75375
chr6	45543677	45743677	harbor2	chr6	45622623	45622841	SINE/MIR	646	-	109	45622732	79055
chr6	45543677	45743677	harbor2	chr6	45624706	45624922	SINE/MIR	457	-	108	45624814	81137
chr6	45543677	45743677	harbor2	chr6	45625357	45625484	SINE/MIR	450	-	64	45625421	81744
chr6	41537706	41737706	harbor2	chr6	41550428	41550560	SINE/MIR	512	-	66	41550494	12788
chr6	41537706	41737706	harbor2	chr6	41554022	41554200	SINE/MIR	450	-	89	41554111	16405
chr6	41537706	41737706	harbor2	chr6	41573632	41573851	SINE/MIR	731	-	110	41573742	36036
chr6	41537706	41737706	harbor2	chr6	41576705	41576895	SINE/MIR	575	-	95	41576800	39094
chr6	41537706	41737706	harbor2	chr6	41579825	41580036	SINE/MIR	883	-	106	41579931	42225
chr6	41537706	41737706	harbor2	chr6	41584462	41584669	SINE/MIR	745	-	104	41584566	46860
chr6	41537706	41737706	harbor2	chr6	41588998	41589219	SINE/MIR	863	-	110	41589108	51402
chr6	41537706	41737706	harbor2	chr6	41603368	41603515	SINE/MIR	635	-	74	41603442	65736
chr6	41537706	41737706	harbor2	chr6	41628918	41628955	SINE/MIR	612	-	18	41628936	91230
chr6	41537706	41737706	harbor2	chr6	41629260	41629390	SINE/MIR	612	-	65	41629325	91619
chr6	169864631	170064631	harbor2	chr6	169881526	169881640	SINE/MIR	462	-	57	169881583	16952
chr6	43073296	43273296	harbor2	chr6	43111561	43111663	SINE/MIR	711	-	51	43111612	38316
chr6	43073296	43273296	harbor2	chr6	43111982	43112130	SINE/MIR	726	-	74	43112056	38760
chr6	43073296	43273296	harbor2	chr6	43146755	43146939	SINE/MIR	718	-	92	43146847	73551
chr6	43073296	43273296	harbor2	chr6	43158565	43158690	SINE/MIR	477	-	62	43158627	85331
chr6	43073296	43273296	harbor2	chr6	43163982	43164166	SINE/MIR	659	-	92	43164074	90778
chr6	170009885	170209885	harbor2	chr6	170084104	170084304	SINE/MIR	549	-	100	170084204	74319
chr6	7772024	7972024	harbor2	chr6	7778284	7778528	SINE/MIR	678	-	122	7778406	6382
chr6	7772024	7972024	harbor2	chr6	7781182	7781328	SINE/MIR	484	-	73	7781255	9231
chr6	45541160	45741160	harbor2	chr6	45557535	45557721	SINE/MIR	609	-	93	45557628	16468
chr6	45541160	45741160	harbor2	chr6	45569730	45569921	SINE/MIR	726	-	96	45569826	28666
chr6	45541160	45741160	harbor2	chr6	45579166	45579351	SINE/MIR	566	-	92	45579258	38098
chr6	45541160	45741160	harbor2	chr6	45592563	45592769	SINE/MIR	507	-	103	45592666	51506
chr6	45541160	45741160	harbor2	chr6	45618958	45619146	SINE/MIR	575	-	94	45619052	77892
chr6	45541160	45741160	harbor2	chr6	45622623	45622841	SINE/MIR	646	-	109	45622732	81572
chr6	45541160	45741160	harbor2	chr6	45624706	45624922	SINE/MIR	457	-	108	45624814	83654
chr6	45541160	45741160	harbor2	chr6	45625357	45625484	SINE/MIR	450	-	64	45625421	84261
chr6	63473867	63673867	harbor2	chr6	63488242	63488441	SINE/MIR	603	-	100	63488342	14475
chr6	63473867	63673867	harbor2	chr6	63495176	63495402	SINE/MIR	635	-	113	63495289	21422
chr6	63473867	63673867	harbor2	chr6	63496561	63496618	SINE/MIR	506	-	28	63496589	22722
chr6	63473867	63673867	harbor2	chr6	63496752	63496887	SINE/MIR	506	-	68	63496820	22953
chr6	63473867	63673867	harbor2	chr6	63521873	63522059	SINE/MIR	549	-	93	63521966	48099
chr6	169863955	170063955	harbor2	chr6	169881526	169881640	SINE/MIR	462	-	57	169881583	17628
chr6	41095053	41295053	harbor2	chr6	41141400	41141553	SINE/MIR	450	-	76	41141476	46423
chr6	41095053	41295053	harbor2	chr6	41175259	41175447	SINE/MIR	644	-	94	41175353	80300
chr6	41095053	41295053	harbor2	chr6	41190478	41190680	SINE/MIR	459	-	101	41190579	95526
chr6	45542351	45742351	harbor2	chr6	45557535	45557721	SINE/MIR	609	-	93	45557628	15277
chr6	45542351	45742351	harbor2	chr6	45569730	45569921	SINE/MIR	726	-	96	45569826	27475
chr6	45542351	45742351	harbor2	chr6	45579166	45579351	SINE/MIR	566	-	92	45579258	36907
chr6	45542351	45742351	harbor2	chr6	45592563	45592769	SINE/MIR	507	-	103	45592666	50315
chr6	45542351	45742351	harbor2	chr6	45618958	45619146	SINE/MIR	575	-	94	45619052	76701
chr6	45542351	45742351	harbor2	chr6	45622623	45622841	SINE/MIR	646	-	109	45622732	80381
chr6	45542351	45742351	harbor2	chr6	45624706	45624922	SINE/MIR	457	-	108	45624814	82463
chr6	45542351	45742351	harbor2	chr6	45625357	45625484	SINE/MIR	450	-	64	45625421	83070
chr6	37071432	37271432	harbor2	chr6	37080052	37080222	SINE/MIR	600	-	85	37080137	8705
chr6	37071432	37271432	harbor2	chr6	37096047	37096259	SINE/MIR	518	-	106	37096153	24721
chr6	37071432	37271432	harbor2	chr6	37097507	37097719	SINE/MIR	806	-	106	37097613	26181
chr6	37071432	37271432	harbor2	chr6	37152648	37152778	SINE/MIR	503	-	65	37152713	81281
chr6	37071432	37271432	harbor2	chr6	37167348	37167581	SINE/MIR	711	-	116	37167464	96032
chr6	37071432	37271432	harbor2	chr6	37109550	37109790	SINE/MIR	892	-	120	37109670	38238
chr6	35469329	35669329	harbor2	chr6	35481566	35481781	SINE/MIR	633	-	108	35481674	12345
chr6	35469329	35669329	harbor2	chr6	35489161	35489368	SINE/MIR	1093	-	104	35489265	19936
chr6	35469329	35669329	harbor2	chr6	35506631	35506783	SINE/MIR	657	-	76	35506707	37378
chr6	13879117	14079117	harbor2	chr6	13897210	13897408	SINE/MIR	932	-	99	13897309	18192
chr6	13879117	14079117	harbor2	chr6	13911410	13911659	SINE/MIR	760	-	124	13911534	32417
chr6	13879117	14079117	harbor2	chr6	13921855	13922056	SINE/MIR	696	-	100	13921955	42838
chr6	13879117	14079117	harbor2	chr6	13929565	13929694	SINE/MIR	648	-	64	13929629	50512
chr6	13879117	14079117	harbor2	chr6	13944673	13944850	SINE/MIR	549	-	88	13944761	65644
chr6	90487353	90687353	harbor2	chr6	90492587	90492733	SINE/MIR	489	-	73	90492660	5307
chr6	90487353	90687353	harbor2	chr6	90569059	90569267	SINE/MIR	498	-	104	90569163	81810
chr6	90487353	90687353	harbor2	chr6	90573001	90573211	SINE/MIR	622	-	105	90573106	85753
chr6	90487353	90687353	harbor2	chr6	90573552	90573734	SINE/MIR	517	-	91	90573643	86290
chr6	90487353	90687353	harbor2	chr6	90578868	90579065	SINE/MIR	468	-	98	90578966	91613
chr6	90487353	90687353	harbor2	chr6	90583610	90583784	SINE/MIR	456	-	87	90583697	96344
chr6	90487353	90687353	harbor2	chr6	90585046	90585271	SINE/MIR	590	-	112	90585158	97805
chr6	37074400	37274400	harbor2	chr6	37080052	37080222	SINE/MIR	600	-	85	37080137	5737
chr6	37074400	37274400	harbor2	chr6	37096047	37096259	SINE/MIR	518	-	106	37096153	21753
chr6	37074400	37274400	harbor2	chr6	37097507	37097719	SINE/MIR	806	-	106	37097613	23213
chr6	37074400	37274400	harbor2	chr6	37152648	37152778	SINE/MIR	503	-	65	37152713	78313
chr6	37074400	37274400	harbor2	chr6	37167348	37167581	SINE/MIR	711	-	116	37167464	93064
chr6	37074400	37274400	harbor2	chr6	37109550	37109790	SINE/MIR	892	-	120	37109670	35270
chr6	161064077	161264077	harbor2	chr6	161105281	161105536	SINE/MIR	909	-	128	161105409	41332
chr6	161064077	161264077	harbor2	chr6	161151570	161151770	SINE/MIR	606	-	100	161151670	87593
chr6	31635444	31835444	harbor2	chr6	31663516	31663725	SINE/MIR	614	-	104	31663620	28176
chr6	31635444	31835444	harbor2	chr6	31732494	31732550	SINE/MIR	546	-	28	31732522	97078
chr6	31635444	31835444	harbor2	chr6	31732809	31732840	SINE/MIR	546	-	16	31732825	97381
chr6	31635444	31835444	harbor2	chr6	31733141	31733305	SINE/MIR	546	-	82	31733223	97779
chr6	6447005	6647005	harbor2	chr6	6472248	6472457	SINE/MIR	483	-	104	6472352	25347
chr6	6447005	6647005	harbor2	chr6	6472979	6473048	SINE/MIR	500	-	34	6473013	26008
chr6	6447005	6647005	harbor2	chr6	6473138	6473297	SINE/MIR	500	-	80	6473218	26213
chr6	6447005	6647005	harbor2	chr6	6475990	6476223	SINE/MIR	784	-	116	6476106	29101
chr6	6447005	6647005	harbor2	chr6	6522628	6522876	SINE/MIR	486	-	124	6522752	75747
chr6	6447005	6647005	harbor2	chr6	6533821	6534039	SINE/MIR	447	-	109	6533930	86925
chr6	6447005	6647005	harbor2	chr6	6455164	6455375	SINE/MIR	450	-	106	6455270	8265
chr6	45540928	45740928	harbor2	chr6	45557535	45557721	SINE/MIR	609	-	93	45557628	16700
chr6	45540928	45740928	harbor2	chr6	45569730	45569921	SINE/MIR	726	-	96	45569826	28898
chr6	45540928	45740928	harbor2	chr6	45579166	45579351	SINE/MIR	566	-	92	45579258	38330
chr6	45540928	45740928	harbor2	chr6	45592563	45592769	SINE/MIR	507	-	103	45592666	51738
chr6	45540928	45740928	harbor2	chr6	45618958	45619146	SINE/MIR	575	-	94	45619052	78124
chr6	45540928	45740928	harbor2	chr6	45622623	45622841	SINE/MIR	646	-	109	45622732	81804
chr6	45540928	45740928	harbor2	chr6	45624706	45624922	SINE/MIR	457	-	108	45624814	83886
chr6	45540928	45740928	harbor2	chr6	45625357	45625484	SINE/MIR	450	-	64	45625421	84493
chr6	156760880	156960880	harbor2	chr6	156841570	156841872	SINE/MIR	663	-	151	156841721	80841
chr6	156760880	156960880	harbor2	chr6	156842745	156842911	SINE/MIR	455	-	83	156842828	81948
chr6	156760880	156960880	harbor2	chr6	156856329	156856582	SINE/MIR	617	-	126	156856455	95575
chr6	156760880	156960880	harbor2	chr6	156857093	156857282	SINE/MIR	530	-	94	156857187	96307
chr6	139292147	139492147	harbor2	chr6	139381912	139382021	SINE/MIR	443	-	54	139381966	89819
chr6	43872696	44072696	harbor2	chr6	43890291	43890506	SINE/MIR	527	-	108	43890399	17703
chr6	43872696	44072696	harbor2	chr6	43896300	43896504	SINE/MIR	658	-	102	43896402	23706
chr6	43872696	44072696	harbor2	chr6	43899877	43900089	SINE/MIR	856	-	106	43899983	27287
chr6	43872696	44072696	harbor2	chr6	43907548	43907769	SINE/MIR	666	-	110	43907658	34962
chr6	43872696	44072696	harbor2	chr6	43909488	43909751	SINE/MIR	994	-	132	43909620	36924
chr6	43872696	44072696	harbor2	chr6	43912245	43912438	SINE/MIR	477	-	96	43912341	39645
chr6	43872696	44072696	harbor2	chr6	43915255	43915435	SINE/MIR	553	-	90	43915345	42649
chr6	43872696	44072696	harbor2	chr6	43916717	43916936	SINE/MIR	661	-	110	43916827	44131
chr6	43872696	44072696	harbor2	chr6	43917144	43917164	SINE/MIR	661	-	10	43917154	44458
chr6	43872696	44072696	harbor2	chr6	43939152	43939383	SINE/MIR	591	-	116	43939268	66572
chr6	43872696	44072696	harbor2	chr6	43953451	43953618	SINE/MIR	473	-	84	43953535	80839
chr6	43872696	44072696	harbor2	chr6	43970101	43970285	SINE/MIR	755	-	92	43970193	97497
chr6	43872696	44072696	harbor2	chr6	43971283	43971492	SINE/MIR	448	-	104	43971387	98691
chr6	43872696	44072696	harbor2	chr6	43892584	43892897	SINE/MIR	593	-	156	43892740	20044
chr6	37073934	37273934	harbor2	chr6	37080052	37080222	SINE/MIR	600	-	85	37080137	6203
chr6	37073934	37273934	harbor2	chr6	37096047	37096259	SINE/MIR	518	-	106	37096153	22219
chr6	37073934	37273934	harbor2	chr6	37097507	37097719	SINE/MIR	806	-	106	37097613	23679
chr6	37073934	37273934	harbor2	chr6	37152648	37152778	SINE/MIR	503	-	65	37152713	78779
chr6	37073934	37273934	harbor2	chr6	37167348	37167581	SINE/MIR	711	-	116	37167464	93530
chr6	37073934	37273934	harbor2	chr6	37109550	37109790	SINE/MIR	892	-	120	37109670	35736
chr6	37072538	37272538	harbor2	chr6	37080052	37080222	SINE/MIR	600	-	85	37080137	7599
chr6	37072538	37272538	harbor2	chr6	37096047	37096259	SINE/MIR	518	-	106	37096153	23615
chr6	37072538	37272538	harbor2	chr6	37097507	37097719	SINE/MIR	806	-	106	37097613	25075
chr6	37072538	37272538	harbor2	chr6	37152648	37152778	SINE/MIR	503	-	65	37152713	80175
chr6	37072538	37272538	harbor2	chr6	37167348	37167581	SINE/MIR	711	-	116	37167464	94926
chr6	37072538	37272538	harbor2	chr6	37109550	37109790	SINE/MIR	892	-	120	37109670	37132
chr6	165561181	165761181	harbor2	chr6	165583072	165583263	SINE/MIR	682	-	96	165583168	21987
chr6	165561181	165761181	harbor2	chr6	165590245	165590405	SINE/MIR	611	-	80	165590325	29144
chr6	165561181	165761181	harbor2	chr6	165594949	165595086	SINE/MIR	524	-	68	165595017	33836
chr6	33522490	33722490	harbor2	chr6	33586146	33586338	SINE/MIR	546	-	96	33586242	63752
chr6	127169085	127369085	harbor2	chr6	127180829	127181013	SINE/MIR	459	-	92	127180921	11836
chr6	127169085	127369085	harbor2	chr6	127192305	127192571	SINE/MIR	653	-	133	127192438	23353
chr6	127169085	127369085	harbor2	chr6	127199888	127200099	SINE/MIR	615	-	106	127199994	30909
chr6	127169085	127369085	harbor2	chr6	127225044	127225322	SINE/MIR	623	-	139	127225183	56098
chr6	152219275	152419275	harbor2	chr6	152225045	152225224	SINE/MIR	878	-	90	152225135	5860
chr6	152219275	152419275	harbor2	chr6	152240615	152240860	SINE/MIR	839	-	122	152240737	21462
chr6	152219275	152419275	harbor2	chr6	152253341	152253567	SINE/MIR	878	-	113	152253454	34179
chr6	52583140	52783140	harbor2	chr6	52594044	52594217	SINE/MIR	576	-	86	52594130	10990
chr6	52583140	52783140	harbor2	chr6	52597436	52597687	SINE/MIR	620	-	126	52597562	14422
chr6	52583140	52783140	harbor2	chr6	52640736	52640899	SINE/MIR	576	-	82	52640818	57678
chr6	52583140	52783140	harbor2	chr6	52673966	52674153	SINE/MIR	878	-	94	52674060	90920
chr6	37253997	37453997	harbor2	chr6	37309029	37309283	SINE/MIR	922	-	127	37309156	55159
chr6	37253997	37453997	harbor2	chr6	37321090	37321310	SINE/MIR	585	-	110	37321200	67203
chr6	37253997	37453997	harbor2	chr6	37342620	37342845	SINE/MIR	676	-	112	37342732	88735
chr6	127168838	127368838	harbor2	chr6	127180829	127181013	SINE/MIR	459	-	92	127180921	12083
chr6	127168838	127368838	harbor2	chr6	127192305	127192571	SINE/MIR	653	-	133	127192438	23600
chr6	127168838	127368838	harbor2	chr6	127199888	127200099	SINE/MIR	615	-	106	127199994	31156
chr6	127168838	127368838	harbor2	chr6	127225044	127225322	SINE/MIR	623	-	139	127225183	56345
chr6	45542549	45742549	harbor2	chr6	45557535	45557721	SINE/MIR	609	-	93	45557628	15079
chr6	45542549	45742549	harbor2	chr6	45569730	45569921	SINE/MIR	726	-	96	45569826	27277
chr6	45542549	45742549	harbor2	chr6	45579166	45579351	SINE/MIR	566	-	92	45579258	36709
chr6	45542549	45742549	harbor2	chr6	45592563	45592769	SINE/MIR	507	-	103	45592666	50117
chr6	45542549	45742549	harbor2	chr6	45618958	45619146	SINE/MIR	575	-	94	45619052	76503
chr6	45542549	45742549	harbor2	chr6	45622623	45622841	SINE/MIR	646	-	109	45622732	80183
chr6	45542549	45742549	harbor2	chr6	45624706	45624922	SINE/MIR	457	-	108	45624814	82265
chr6	45542549	45742549	harbor2	chr6	45625357	45625484	SINE/MIR	450	-	64	45625421	82872
chr6	47581748	47781748	harbor2	chr6	47630585	47630848	SINE/MIR	582	-	132	47630717	48969
chr6	47581748	47781748	harbor2	chr6	47676372	47676592	SINE/MIR	524	-	110	47676482	94734
chr6	30621530	30821530	harbor2	chr6	30637171	30637362	SINE/MIR	452	-	96	30637267	15737
chr6	30621530	30821530	harbor2	chr6	30715722	30715880	SINE/MIR	551	-	79	30715801	94271
chr6	139336768	139536768	harbor2	chr6	139381912	139382021	SINE/MIR	443	-	54	139381966	45198
chr6	139336768	139536768	harbor2	chr6	139398072	139398140	SINE/MIR	572	-	34	139398106	61338
chr6	139336768	139536768	harbor2	chr6	139398465	139398659	SINE/MIR	572	-	97	139398562	61794
chr6	43739619	43939619	harbor2	chr6	43757694	43757898	SINE/MIR	744	-	102	43757796	18177
chr6	43739619	43939619	harbor2	chr6	43760574	43760710	SINE/MIR	459	-	68	43760642	21023
chr6	43739619	43939619	harbor2	chr6	43763693	43763910	SINE/MIR	639	-	108	43763801	24182
chr6	43739619	43939619	harbor2	chr6	43765849	43766020	SINE/MIR	650	-	86	43765935	26316
chr6	43739619	43939619	harbor2	chr6	43789821	43790003	SINE/MIR	700	-	91	43789912	50293
chr6	43739619	43939619	harbor2	chr6	43807171	43807366	SINE/MIR	447	-	98	43807269	67650
chr6	43739619	43939619	harbor2	chr6	43830645	43830837	SINE/MIR	487	-	96	43830741	91122
chr6	42953847	43153847	harbor2	chr6	42985318	42985477	SINE/MIR	616	-	80	42985398	31551
chr6	42953847	43153847	harbor2	chr6	42987481	42987632	SINE/MIR	551	-	76	42987557	33710
chr6	42953847	43153847	harbor2	chr6	42993897	42994026	SINE/MIR	790	-	64	42993961	40114
chr6	42953847	43153847	harbor2	chr6	42994300	42994390	SINE/MIR	790	-	45	42994345	40498
chr6	42953847	43153847	harbor2	chr6	43001974	43002146	SINE/MIR	579	-	86	43002060	48213
chr6	52477059	52677059	harbor2	chr6	52541237	52541371	SINE/MIR	537	-	67	52541304	64245
chr6	52477059	52677059	harbor2	chr6	52548482	52548703	SINE/MIR	530	-	110	52548592	71533
chr6	52477059	52677059	harbor2	chr6	52557345	52557579	SINE/MIR	492	-	117	52557462	80403
chr6	127285001	127485001	harbor2	chr6	127313846	127314071	SINE/MIR	608	-	112	127313958	28957
chr6	127285001	127485001	harbor2	chr6	127323481	127323696	SINE/MIR	710	-	108	127323589	38588
chr6	45541342	45741342	harbor2	chr6	45557535	45557721	SINE/MIR	609	-	93	45557628	16286
chr6	45541342	45741342	harbor2	chr6	45569730	45569921	SINE/MIR	726	-	96	45569826	28484
chr6	45541342	45741342	harbor2	chr6	45579166	45579351	SINE/MIR	566	-	92	45579258	37916
chr6	45541342	45741342	harbor2	chr6	45592563	45592769	SINE/MIR	507	-	103	45592666	51324
chr6	45541342	45741342	harbor2	chr6	45618958	45619146	SINE/MIR	575	-	94	45619052	77710
chr6	45541342	45741342	harbor2	chr6	45622623	45622841	SINE/MIR	646	-	109	45622732	81390
chr6	45541342	45741342	harbor2	chr6	45624706	45624922	SINE/MIR	457	-	108	45624814	83472
chr6	45541342	45741342	harbor2	chr6	45625357	45625484	SINE/MIR	450	-	64	45625421	84079
chr6	43416854	43616854	harbor2	chr6	43426608	43426735	SINE/MIR	483	-	64	43426672	9818
chr6	43416854	43616854	harbor2	chr6	43427034	43427078	SINE/MIR	483	-	22	43427056	10202
chr6	43416854	43616854	harbor2	chr6	43465393	43465479	SINE/MIR	445	-	43	43465436	48582
chr6	43416854	43616854	harbor2	chr6	43465783	43465917	SINE/MIR	445	-	67	43465850	48996
chr6	43416854	43616854	harbor2	chr6	43468200	43468426	SINE/MIR	846	-	113	43468313	51459
chr6	43416854	43616854	harbor2	chr6	43480435	43480516	SINE/MIR	899	-	40	43480475	63621
chr6	43416854	43616854	harbor2	chr6	43480816	43480984	SINE/MIR	899	-	84	43480900	64046
chr6	37002843	37202843	harbor2	chr6	37014217	37014384	SINE/MIR	778	-	84	37014301	11458
chr6	37002843	37202843	harbor2	chr6	37029047	37029242	SINE/MIR	528	-	98	37029145	26302
chr6	37002843	37202843	harbor2	chr6	37034318	37034495	SINE/MIR	480	-	88	37034406	31563
chr6	37002843	37202843	harbor2	chr6	37069392	37069601	SINE/MIR	599	-	104	37069496	66653
chr6	37002843	37202843	harbor2	chr6	37080052	37080222	SINE/MIR	600	-	85	37080137	77294
chr6	37002843	37202843	harbor2	chr6	37096047	37096259	SINE/MIR	518	-	106	37096153	93310
chr6	37002843	37202843	harbor2	chr6	37097507	37097719	SINE/MIR	806	-	106	37097613	94770
chr6	108995339	109195339	harbor2	chr6	109006221	109006294	SINE/MIR	451	-	36	109006257	10918
chr6	108995339	109195339	harbor2	chr6	109006504	109006620	SINE/MIR	451	-	58	109006562	11223
chr6	108995339	109195339	harbor2	chr6	109022385	109022411	SINE/MIR	553	-	13	109022398	27059
chr6	108995339	109195339	harbor2	chr6	109022714	109022896	SINE/MIR	553	-	91	109022805	27466
chr6	108995339	109195339	harbor2	chr6	109030733	109030942	SINE/MIR	541	-	104	109030837	35498
chr6	108995339	109195339	harbor2	chr6	109053191	109053351	SINE/MIR	490	-	80	109053271	57932
chr6	108995339	109195339	harbor2	chr6	109071401	109071543	SINE/MIR	451	-	71	109071472	76133
chr6	108995339	109195339	harbor2	chr6	109082391	109082517	SINE/MIR	525	-	63	109082454	87115
chr6	108995339	109195339	harbor2	chr6	109082924	109083065	SINE/MIR	480	-	70	109082994	87655
chr6	108995339	109195339	harbor2	chr6	109090078	109090262	SINE/MIR	723	-	92	109090170	94831
chr6	108995339	109195339	harbor2	chr6	109092184	109092388	SINE/MIR	564	-	102	109092286	96947
chr6	27419515	27619515	harbor2	chr6	27513887	27514058	SINE/MIR	625	-	86	27513973	94458
chr6	4985270	5185270	harbor2	chr6	5054203	5054422	SINE/MIR	624	-	110	5054313	69043
chr6	4985270	5185270	harbor2	chr6	5069991	5070189	SINE/MIR	498	-	99	5070090	84820
chr6	139373354	139573354	harbor2	chr6	139381912	139382021	SINE/MIR	443	-	54	139381966	8612
chr6	139373354	139573354	harbor2	chr6	139398072	139398140	SINE/MIR	572	-	34	139398106	24752
chr6	139373354	139573354	harbor2	chr6	139398465	139398659	SINE/MIR	572	-	97	139398562	25208
chr6	139373354	139573354	harbor2	chr6	139440213	139440291	SINE/MIR	652	-	39	139440252	66898
chr6	139373354	139573354	harbor2	chr6	139440466	139440539	SINE/MIR	652	-	36	139440502	67148
chr6	139373354	139573354	harbor2	chr6	139450522	139450745	SINE/MIR	546	-	112	139450634	77280
chr6	139373354	139573354	harbor2	chr6	139455409	139455476	SINE/MIR	746	-	34	139455443	82089
chr6	139373354	139573354	harbor2	chr6	139455771	139455943	SINE/MIR	746	-	86	139455857	82503
chr6	139373354	139573354	harbor2	chr6	139458728	139458938	SINE/MIR	681	-	105	139458833	85479
chr6	30946660	31146660	harbor2	chr6	30975083	30975330	SINE/MIR	556	-	124	30975207	28547
chr6	30946660	31146660	harbor2	chr6	31034015	31034223	SINE/MIR	548	-	104	31034119	87459
chr6	52185079	52385079	harbor2	chr6	52232780	52233013	SINE/MIR	732	-	116	52232896	47817
chr6	52185079	52385079	harbor2	chr6	52241614	52241838	SINE/MIR	462	-	112	52241726	56647
chr6	52185079	52385079	harbor2	chr6	52242929	52243094	SINE/MIR	525	-	82	52243011	57932
chr6	52185079	52385079	harbor2	chr6	52280356	52280587	SINE/MIR	838	-	116	52280472	95393
chr6	52185079	52385079	harbor2	chr6	52232165	52232300	SINE/MIR	595	-	68	52232233	47154
chr6	3749942	3949942	harbor2	chr6	3796988	3797224	SINE/MIR	596	-	118	3797106	47164
chr6	3749942	3949942	harbor2	chr6	3806942	3807003	SINE/MIR	481	-	30	3806972	57030
chr6	3749942	3949942	harbor2	chr6	3807306	3807430	SINE/MIR	481	-	62	3807368	57426
chr6	3749942	3949942	harbor2	chr6	3826838	3827025	SINE/MIR	728	-	94	3826932	76990
chr6	150946201	151146201	harbor2	chr6	150978648	150978874	SINE/MIR	462	-	113	150978761	32560
chr6	150946201	151146201	harbor2	chr6	150987455	150987677	SINE/MIR	585	-	111	150987566	41365
chr6	150946201	151146201	harbor2	chr6	151018421	151018605	SINE/MIR	546	-	92	151018513	72312
chr6	39129464	39329464	harbor2	chr6	39146868	39147024	SINE/MIR	482	-	78	39146946	17482
chr6	39129464	39329464	harbor2	chr6	39200348	39200588	SINE/MIR	503	-	120	39200468	71004
chr6	151352799	151552799	harbor2	chr6	151402408	151402587	SINE/MIR	578	-	90	151402498	49699
chr6	125542072	125742072	harbor2	chr6	125550063	125550237	SINE/MIR	668	-	87	125550150	8078
chr6	125542072	125742072	harbor2	chr6	125557090	125557254	SINE/MIR	529	-	82	125557172	15100
chr6	125542072	125742072	harbor2	chr6	125579490	125579708	SINE/MIR	541	-	109	125579599	37527
chr6	125542072	125742072	harbor2	chr6	125581204	125581449	SINE/MIR	894	-	122	125581326	39254
chr6	169873505	170073505	harbor2	chr6	169881526	169881640	SINE/MIR	462	-	57	169881583	8078
chr6	146813947	147013947	harbor2	chr6	146870112	146870284	SINE/MIR	478	-	86	146870198	56251
chr6	45541330	45741330	harbor2	chr6	45557535	45557721	SINE/MIR	609	-	93	45557628	16298
chr6	45541330	45741330	harbor2	chr6	45569730	45569921	SINE/MIR	726	-	96	45569826	28496
chr6	45541330	45741330	harbor2	chr6	45579166	45579351	SINE/MIR	566	-	92	45579258	37928
chr6	45541330	45741330	harbor2	chr6	45592563	45592769	SINE/MIR	507	-	103	45592666	51336
chr6	45541330	45741330	harbor2	chr6	45618958	45619146	SINE/MIR	575	-	94	45619052	77722
chr6	45541330	45741330	harbor2	chr6	45622623	45622841	SINE/MIR	646	-	109	45622732	81402
chr6	45541330	45741330	harbor2	chr6	45624706	45624922	SINE/MIR	457	-	108	45624814	83484
chr6	45541330	45741330	harbor2	chr6	45625357	45625484	SINE/MIR	450	-	64	45625421	84091
chr6	106533593	106733593	harbor2	chr6	106573536	106573744	SINE/MIR	808	-	104	106573640	40047
chr6	106533593	106733593	harbor2	chr6	106587329	106587585	SINE/MIR	990	-	128	106587457	53864
chr6	140279813	140479813	harbor2	chr6	140325192	140325414	SINE/MIR	449	-	111	140325303	45490
chr6	140279813	140479813	harbor2	chr6	140354269	140354507	SINE/MIR	584	-	119	140354388	74575
chr6	133854144	134054144	harbor2	chr6	133868614	133868835	SINE/MIR	515	-	110	133868724	14580
chr6	133854144	134054144	harbor2	chr6	133879699	133879916	SINE/MIR	458	-	108	133879807	25663
chr6	133854144	134054144	harbor2	chr6	133899102	133899277	SINE/MIR	476	-	88	133899190	45046
chr6	133854144	134054144	harbor2	chr6	133922514	133922722	SINE/MIR	644	-	104	133922618	68474
chr6	27415796	27615796	harbor2	chr6	27513887	27514058	SINE/MIR	625	-	86	27513973	98177
chr6	41092984	41292984	harbor2	chr6	41141400	41141553	SINE/MIR	450	-	76	41141476	48492
chr6	41092984	41292984	harbor2	chr6	41175259	41175447	SINE/MIR	644	-	94	41175353	82369
chr6	41092984	41292984	harbor2	chr6	41190478	41190680	SINE/MIR	459	-	101	41190579	97595
chr6	37072323	37272323	harbor2	chr6	37080052	37080222	SINE/MIR	600	-	85	37080137	7814
chr6	37072323	37272323	harbor2	chr6	37096047	37096259	SINE/MIR	518	-	106	37096153	23830
chr6	37072323	37272323	harbor2	chr6	37097507	37097719	SINE/MIR	806	-	106	37097613	25290
chr6	37072323	37272323	harbor2	chr6	37152648	37152778	SINE/MIR	503	-	65	37152713	80390
chr6	37072323	37272323	harbor2	chr6	37167348	37167581	SINE/MIR	711	-	116	37167464	95141
chr6	37072323	37272323	harbor2	chr6	37109550	37109790	SINE/MIR	892	-	120	37109670	37347
chr6	127167575	127367575	harbor2	chr6	127180829	127181013	SINE/MIR	459	-	92	127180921	13346
chr6	127167575	127367575	harbor2	chr6	127192305	127192571	SINE/MIR	653	-	133	127192438	24863
chr6	127167575	127367575	harbor2	chr6	127199888	127200099	SINE/MIR	615	-	106	127199994	32419
chr6	127167575	127367575	harbor2	chr6	127225044	127225322	SINE/MIR	623	-	139	127225183	57608
chr6	37002888	37202888	harbor2	chr6	37014217	37014384	SINE/MIR	778	-	84	37014301	11413
chr6	37002888	37202888	harbor2	chr6	37029047	37029242	SINE/MIR	528	-	98	37029145	26257
chr6	37002888	37202888	harbor2	chr6	37034318	37034495	SINE/MIR	480	-	88	37034406	31518
chr6	37002888	37202888	harbor2	chr6	37069392	37069601	SINE/MIR	599	-	104	37069496	66608
chr6	37002888	37202888	harbor2	chr6	37080052	37080222	SINE/MIR	600	-	85	37080137	77249
chr6	37002888	37202888	harbor2	chr6	37096047	37096259	SINE/MIR	518	-	106	37096153	93265
chr6	37002888	37202888	harbor2	chr6	37097507	37097719	SINE/MIR	806	-	106	37097613	94725
chr6	45543573	45743573	harbor2	chr6	45557535	45557721	SINE/MIR	609	-	93	45557628	14055
chr6	45543573	45743573	harbor2	chr6	45569730	45569921	SINE/MIR	726	-	96	45569826	26253
chr6	45543573	45743573	harbor2	chr6	45579166	45579351	SINE/MIR	566	-	92	45579258	35685
chr6	45543573	45743573	harbor2	chr6	45592563	45592769	SINE/MIR	507	-	103	45592666	49093
chr6	45543573	45743573	harbor2	chr6	45618958	45619146	SINE/MIR	575	-	94	45619052	75479
chr6	45543573	45743573	harbor2	chr6	45622623	45622841	SINE/MIR	646	-	109	45622732	79159
chr6	45543573	45743573	harbor2	chr6	45624706	45624922	SINE/MIR	457	-	108	45624814	81241
chr6	45543573	45743573	harbor2	chr6	45625357	45625484	SINE/MIR	450	-	64	45625421	81848
chr6	169864808	170064808	harbor2	chr6	169881526	169881640	SINE/MIR	462	-	57	169881583	16775
chr6	37071349	37271349	harbor2	chr6	37080052	37080222	SINE/MIR	600	-	85	37080137	8788
chr6	37071349	37271349	harbor2	chr6	37096047	37096259	SINE/MIR	518	-	106	37096153	24804
chr6	37071349	37271349	harbor2	chr6	37097507	37097719	SINE/MIR	806	-	106	37097613	26264
chr6	37071349	37271349	harbor2	chr6	37152648	37152778	SINE/MIR	503	-	65	37152713	81364
chr6	37071349	37271349	harbor2	chr6	37167348	37167581	SINE/MIR	711	-	116	37167464	96115
chr6	37071349	37271349	harbor2	chr6	37109550	37109790	SINE/MIR	892	-	120	37109670	38321
chr6	139419971	139619971	harbor2	chr6	139440213	139440291	SINE/MIR	652	-	39	139440252	20281
chr6	139419971	139619971	harbor2	chr6	139440466	139440539	SINE/MIR	652	-	36	139440502	20531
chr6	139419971	139619971	harbor2	chr6	139450522	139450745	SINE/MIR	546	-	112	139450634	30663
chr6	139419971	139619971	harbor2	chr6	139455409	139455476	SINE/MIR	746	-	34	139455443	35472
chr6	139419971	139619971	harbor2	chr6	139455771	139455943	SINE/MIR	746	-	86	139455857	35886
chr6	139419971	139619971	harbor2	chr6	139458728	139458938	SINE/MIR	681	-	105	139458833	38862
chr6	139419971	139619971	harbor2	chr6	139498804	139498960	SINE/MIR	519	-	78	139498882	78911
chr6	37003451	37203451	harbor2	chr6	37014217	37014384	SINE/MIR	778	-	84	37014301	10850
chr6	37003451	37203451	harbor2	chr6	37029047	37029242	SINE/MIR	528	-	98	37029145	25694
chr6	37003451	37203451	harbor2	chr6	37034318	37034495	SINE/MIR	480	-	88	37034406	30955
chr6	37003451	37203451	harbor2	chr6	37069392	37069601	SINE/MIR	599	-	104	37069496	66045
chr6	37003451	37203451	harbor2	chr6	37080052	37080222	SINE/MIR	600	-	85	37080137	76686
chr6	37003451	37203451	harbor2	chr6	37096047	37096259	SINE/MIR	518	-	106	37096153	92702
chr6	37003451	37203451	harbor2	chr6	37097507	37097719	SINE/MIR	806	-	106	37097613	94162
chr6	170065662	170265662	harbor2	chr6	170084104	170084304	SINE/MIR	549	-	100	170084204	18542
chr6	11912017	12112017	harbor2	chr6	11968619	11968793	SINE/MIR	491	-	87	11968706	56689
chr6	11912017	12112017	harbor2	chr6	11972238	11972464	SINE/MIR	762	-	113	11972351	60334
chr6	11912017	12112017	harbor2	chr6	12004025	12004238	SINE/MIR	672	-	106	12004131	92114
chr6	37072379	37272379	harbor2	chr6	37080052	37080222	SINE/MIR	600	-	85	37080137	7758
chr6	37072379	37272379	harbor2	chr6	37096047	37096259	SINE/MIR	518	-	106	37096153	23774
chr6	37072379	37272379	harbor2	chr6	37097507	37097719	SINE/MIR	806	-	106	37097613	25234
chr6	37072379	37272379	harbor2	chr6	37152648	37152778	SINE/MIR	503	-	65	37152713	80334
chr6	37072379	37272379	harbor2	chr6	37167348	37167581	SINE/MIR	711	-	116	37167464	95085
chr6	37072379	37272379	harbor2	chr6	37109550	37109790	SINE/MIR	892	-	120	37109670	37291
chr6	56126551	56326551	harbor2	chr6	56144131	56144286	SINE/MIR	648	-	78	56144209	17658
chr6	56126551	56326551	harbor2	chr6	56160216	56160448	SINE/MIR	1002	-	116	56160332	33781
chr6	33105578	33305578	harbor2	chr6	33114687	33114886	SINE/MIR	504	-	100	33114787	9209
chr6	33105578	33305578	harbor2	chr6	33186944	33187161	SINE/MIR	483	-	108	33187052	81474
chr6	33105578	33305578	harbor2	chr6	33188634	33188787	SINE/MIR	465	-	76	33188710	83132
chr6	41839250	42039250	harbor2	chr6	41870144	41870359	SINE/MIR	566	-	108	41870252	31002
chr6	41839250	42039250	harbor2	chr6	41874483	41874659	SINE/MIR	727	-	88	41874571	35321
chr6	41839250	42039250	harbor2	chr6	41900455	41900664	SINE/MIR	559	-	104	41900559	61309
chr6	41839250	42039250	harbor2	chr6	41918113	41918222	SINE/MIR	840	-	54	41918167	78917
chr6	41839250	42039250	harbor2	chr6	41919153	41919284	SINE/MIR	840	-	66	41919219	79969
chr6	41839250	42039250	harbor2	chr6	41929671	41929892	SINE/MIR	1038	-	110	41929781	90531
chr6	24674917	24874917	harbor2	chr6	24753563	24753771	SINE/MIR	633	-	104	24753667	78750
chr6	24674917	24874917	harbor2	chr6	24754345	24754448	SINE/MIR	484	-	52	24754397	79480
chr6	24674917	24874917	harbor2	chr6	24754793	24754879	SINE/MIR	484	-	43	24754836	79919
chr6	32071139	32271139	harbor2	chr6	32078733	32078881	SINE/MIR	676	-	74	32078807	7668
chr6	32071139	32271139	harbor2	chr6	32080511	32080719	SINE/MIR	882	-	104	32080615	9476
chr6	32071139	32271139	harbor2	chr6	32089531	32089737	SINE/MIR	864	-	103	32089634	18495
chr6	37071596	37271596	harbor2	chr6	37080052	37080222	SINE/MIR	600	-	85	37080137	8541
chr6	37071596	37271596	harbor2	chr6	37096047	37096259	SINE/MIR	518	-	106	37096153	24557
chr6	37071596	37271596	harbor2	chr6	37097507	37097719	SINE/MIR	806	-	106	37097613	26017
chr6	37071596	37271596	harbor2	chr6	37152648	37152778	SINE/MIR	503	-	65	37152713	81117
chr6	37071596	37271596	harbor2	chr6	37167348	37167581	SINE/MIR	711	-	116	37167464	95868
chr6	37071596	37271596	harbor2	chr6	37109550	37109790	SINE/MIR	892	-	120	37109670	38074
chr6	41449219	41649219	harbor2	chr6	41460786	41460952	SINE/MIR	661	-	83	41460869	11650
chr6	41449219	41649219	harbor2	chr6	41476326	41476544	SINE/MIR	652	-	109	41476435	27216
chr6	41449219	41649219	harbor2	chr6	41486345	41486539	SINE/MIR	720	-	97	41486442	37223
chr6	41449219	41649219	harbor2	chr6	41490505	41490690	SINE/MIR	499	-	92	41490597	41378
chr6	41449219	41649219	harbor2	chr6	41493618	41493874	SINE/MIR	513	-	128	41493746	44527
chr6	41449219	41649219	harbor2	chr6	41496596	41496834	SINE/MIR	719	-	119	41496715	47496
chr6	41449219	41649219	harbor2	chr6	41498921	41499161	SINE/MIR	491	-	120	41499041	49822
chr6	41449219	41649219	harbor2	chr6	41506109	41506352	SINE/MIR	657	-	122	41506231	57012
chr6	41449219	41649219	harbor2	chr6	41508890	41509118	SINE/MIR	485	-	114	41509004	59785
chr6	41449219	41649219	harbor2	chr6	41526737	41526894	SINE/MIR	501	-	78	41526815	77596
chr6	41449219	41649219	harbor2	chr6	41527330	41527571	SINE/MIR	607	-	120	41527450	78231
chr6	37070833	37270833	harbor2	chr6	37080052	37080222	SINE/MIR	600	-	85	37080137	9304
chr6	37070833	37270833	harbor2	chr6	37096047	37096259	SINE/MIR	518	-	106	37096153	25320
chr6	37070833	37270833	harbor2	chr6	37097507	37097719	SINE/MIR	806	-	106	37097613	26780
chr6	37070833	37270833	harbor2	chr6	37152648	37152778	SINE/MIR	503	-	65	37152713	81880
chr6	37070833	37270833	harbor2	chr6	37167348	37167581	SINE/MIR	711	-	116	37167464	96631
chr6	37070833	37270833	harbor2	chr6	37109550	37109790	SINE/MIR	892	-	120	37109670	38837
chr6	52190864	52390864	harbor2	chr6	52232780	52233013	SINE/MIR	732	-	116	52232896	42032
chr6	52190864	52390864	harbor2	chr6	52241614	52241838	SINE/MIR	462	-	112	52241726	50862
chr6	52190864	52390864	harbor2	chr6	52242929	52243094	SINE/MIR	525	-	82	52243011	52147
chr6	52190864	52390864	harbor2	chr6	52280356	52280587	SINE/MIR	838	-	116	52280472	89608
chr6	52190864	52390864	harbor2	chr6	52289973	52290178	SINE/MIR	652	-	102	52290075	99211
chr6	52190864	52390864	harbor2	chr6	52232165	52232300	SINE/MIR	595	-	68	52232233	41369
chr6	23317064	23517064	harbor2	chr6	23389639	23389890	SINE/MIR	686	-	126	23389765	72701
chr6	41462100	41662100	harbor2	chr6	41476326	41476544	SINE/MIR	652	-	109	41476435	14335
chr6	41462100	41662100	harbor2	chr6	41486345	41486539	SINE/MIR	720	-	97	41486442	24342
chr6	41462100	41662100	harbor2	chr6	41490505	41490690	SINE/MIR	499	-	92	41490597	28497
chr6	41462100	41662100	harbor2	chr6	41493618	41493874	SINE/MIR	513	-	128	41493746	31646
chr6	41462100	41662100	harbor2	chr6	41496596	41496834	SINE/MIR	719	-	119	41496715	34615
chr6	41462100	41662100	harbor2	chr6	41498921	41499161	SINE/MIR	491	-	120	41499041	36941
chr6	41462100	41662100	harbor2	chr6	41506109	41506352	SINE/MIR	657	-	122	41506231	44131
chr6	41462100	41662100	harbor2	chr6	41508890	41509118	SINE/MIR	485	-	114	41509004	46904
chr6	41462100	41662100	harbor2	chr6	41526737	41526894	SINE/MIR	501	-	78	41526815	64715
chr6	41462100	41662100	harbor2	chr6	41527330	41527571	SINE/MIR	607	-	120	41527450	65350
chr6	41462100	41662100	harbor2	chr6	41550428	41550560	SINE/MIR	512	-	66	41550494	88394
chr6	41462100	41662100	harbor2	chr6	41554022	41554200	SINE/MIR	450	-	89	41554111	92011
chr6	37073886	37273886	harbor2	chr6	37080052	37080222	SINE/MIR	600	-	85	37080137	6251
chr6	37073886	37273886	harbor2	chr6	37096047	37096259	SINE/MIR	518	-	106	37096153	22267
chr6	37073886	37273886	harbor2	chr6	37097507	37097719	SINE/MIR	806	-	106	37097613	23727
chr6	37073886	37273886	harbor2	chr6	37152648	37152778	SINE/MIR	503	-	65	37152713	78827
chr6	37073886	37273886	harbor2	chr6	37167348	37167581	SINE/MIR	711	-	116	37167464	93578
chr6	37073886	37273886	harbor2	chr6	37109550	37109790	SINE/MIR	892	-	120	37109670	35784
chr6	30621455	30821455	harbor2	chr6	30637171	30637362	SINE/MIR	452	-	96	30637267	15812
chr6	30621455	30821455	harbor2	chr6	30715722	30715880	SINE/MIR	551	-	79	30715801	94346
chr6	34138363	34338363	harbor2	chr6	34175688	34175838	SINE/MIR	649	-	75	34175763	37400
chr6	34138363	34338363	harbor2	chr6	34179721	34179762	SINE/MIR	550	-	20	34179741	41378
chr6	34138363	34338363	harbor2	chr6	34180019	34180101	SINE/MIR	550	-	41	34180060	41697
chr6	34138363	34338363	harbor2	chr6	34207262	34207438	SINE/MIR	499	-	88	34207350	68987
chr6	64723204	64923204	harbor2	chr6	64820594	64820783	SINE/MIR	492	-	94	64820688	97484
chr6	169864138	170064138	harbor2	chr6	169881526	169881640	SINE/MIR	462	-	57	169881583	17445
chr6	127447015	127647015	harbor2	chr6	127462465	127462629	SINE/MIR	718	-	82	127462547	15532
chr6	127447015	127647015	harbor2	chr6	127477729	127477941	SINE/MIR	453	-	106	127477835	30820
chr6	127447015	127647015	harbor2	chr6	127480195	127480385	SINE/MIR	792	-	95	127480290	33275
chr6	127447015	127647015	harbor2	chr6	127487025	127487222	SINE/MIR	476	-	98	127487123	40108
chr6	127447015	127647015	harbor2	chr6	127502723	127502885	SINE/MIR	484	-	81	127502804	55789
chr6	127447015	127647015	harbor2	chr6	127513137	127513391	SINE/MIR	875	-	127	127513264	66249
chr6	127447015	127647015	harbor2	chr6	127532099	127532266	SINE/MIR	708	-	84	127532183	85168
chr6	170478408	170678408	harbor2	chr6	170497424	170497653	SINE/MIR	560	-	114	170497538	19130
chr6	170478408	170678408	harbor2	chr6	170522629	170522848	SINE/MIR	578	-	110	170522739	44331
chr6	170478408	170678408	harbor2	chr6	170553924	170554081	SINE/MIR	446	-	78	170554002	75594
chr6	7770431	7970431	harbor2	chr6	7771460	7771614	SINE/MIR	543	-	77	7771537	1106
chr6	7770431	7970431	harbor2	chr6	7778284	7778528	SINE/MIR	678	-	122	7778406	7975
chr6	7770431	7970431	harbor2	chr6	7781182	7781328	SINE/MIR	484	-	73	7781255	10824
chr6	107718911	107918911	harbor2	chr6	107719625	107719872	SINE/MIR	963	-	124	107719749	838
chr6	56333514	56533514	harbor2	chr6	56345331	56345571	SINE/MIR	589	-	120	56345451	11937
chr6	56333514	56533514	harbor2	chr6	56363285	56363504	SINE/MIR	588	-	110	56363395	29881
chr6	56333514	56533514	harbor2	chr6	56427618	56427807	SINE/MIR	559	-	94	56427712	94198
chr6	56333514	56533514	harbor2	chr6	56428168	56428428	SINE/MIR	777	-	130	56428298	94784
chr6	169994233	170194233	harbor2	chr6	170084104	170084304	SINE/MIR	549	-	100	170084204	89971
chr6	31630974	31830974	harbor2	chr6	31663516	31663725	SINE/MIR	614	-	104	31663620	32646
chr6	146972244	147172244	harbor2	chr6	146976379	146976615	SINE/MIR	819	-	118	146976497	4253
chr6	146972244	147172244	harbor2	chr6	147007238	147007406	SINE/MIR	607	-	84	147007322	35078
chr6	146972244	147172244	harbor2	chr6	147043570	147043813	SINE/MIR	566	-	122	147043692	71448
chr6	146972244	147172244	harbor2	chr6	147055648	147055770	SINE/MIR	511	-	61	147055709	83465
chr6	158127245	158327245	harbor2	chr6	158175971	158176194	SINE/MIR	514	-	112	158176083	48838
chr6	158127245	158327245	harbor2	chr6	158191032	158191212	SINE/MIR	446	-	90	158191122	63877
chr7	44442212	44642212	harbor2	chr7	44484378	44484555	SINE/MIR	679	-	88	44484466	42254
chr7	149524712	149724712	harbor2	chr7	149566665	149566884	SINE/MIR	686	-	110	149566775	42063
chr7	50204488	50404488	harbor2	chr7	50218998	50219206	SINE/MIR	472	-	104	50219102	14614
chr7	50204488	50404488	harbor2	chr7	50268006	50268210	SINE/MIR	507	-	102	50268108	63620
chr7	50204488	50404488	harbor2	chr7	50275160	50275381	SINE/MIR	997	-	110	50275270	70782
chr7	50204488	50404488	harbor2	chr7	50299226	50299387	SINE/MIR	454	-	80	50299306	94818
chr7	28134889	28334889	harbor2	chr7	28136140	28136377	SINE/MIR	625	-	118	28136258	1369
chr7	28134889	28334889	harbor2	chr7	28137806	28138052	SINE/MIR	982	-	123	28137929	3040
chr7	28134889	28334889	harbor2	chr7	28175449	28175639	SINE/MIR	572	-	95	28175544	40655
chr7	28134889	28334889	harbor2	chr7	28187436	28187613	SINE/MIR	514	-	88	28187524	52635
chr7	152335429	152535429	harbor2	chr7	152338615	152338764	SINE/MIR	488	-	74	152338689	3260
chr7	152335429	152535429	harbor2	chr7	152390544	152390735	SINE/MIR	485	-	96	152390640	55211
chr7	152335429	152535429	harbor2	chr7	152426683	152426888	SINE/MIR	674	-	102	152426785	91356
chr7	88119947	88319947	harbor2	chr7	88126486	88126596	SINE/MIR	907	-	55	88126541	6594
chr7	88119947	88319947	harbor2	chr7	88126844	88126994	SINE/MIR	907	-	75	88126919	6972
chr7	88119947	88319947	harbor2	chr7	88135309	88135560	SINE/MIR	576	-	126	88135435	15488
chr7	88119947	88319947	harbor2	chr7	88145596	88145806	SINE/MIR	587	-	105	88145701	25754
chr7	88119947	88319947	harbor2	chr7	88146358	88146429	SINE/MIR	649	-	36	88146394	26447
chr7	88119947	88319947	harbor2	chr7	88146641	88146838	SINE/MIR	649	-	98	88146739	26792
chr7	88119947	88319947	harbor2	chr7	88154007	88154226	SINE/MIR	533	-	110	88154117	34170
chr7	88119947	88319947	harbor2	chr7	88189427	88189587	SINE/MIR	587	-	80	88189507	69560
chr7	25270423	25470423	harbor2	chr7	25288249	25288420	SINE/MIR	729	-	86	25288335	17912
chr7	25270423	25470423	harbor2	chr7	25358269	25358409	SINE/MIR	465	-	70	25358339	87916
chr7	28080572	28280572	harbor2	chr7	28109540	28109753	SINE/MIR	457	-	106	28109646	29074
chr7	28080572	28280572	harbor2	chr7	28136140	28136377	SINE/MIR	625	-	118	28136258	55686
chr7	28080572	28280572	harbor2	chr7	28137806	28138052	SINE/MIR	982	-	123	28137929	57357
chr7	28080572	28280572	harbor2	chr7	28175449	28175639	SINE/MIR	572	-	95	28175544	94972
chr7	148599806	148799806	harbor2	chr7	148655003	148655174	SINE/MIR	463	-	86	148655089	55283
chr7	148599806	148799806	harbor2	chr7	148689858	148689980	SINE/MIR	598	-	61	148689919	90113
chr7	148599806	148799806	harbor2	chr7	148694789	148694844	SINE/MIR	576	-	28	148694817	95011
chr7	148599806	148799806	harbor2	chr7	148695123	148695246	SINE/MIR	576	-	62	148695185	95379
chr7	123649533	123849533	harbor2	chr7	123709442	123709675	SINE/MIR	511	-	116	123709558	60025
chr7	123649533	123849533	harbor2	chr7	123725569	123725785	SINE/MIR	553	-	108	123725677	76144
chr7	47229043	47429043	harbor2	chr7	47266081	47266298	SINE/MIR	543	-	108	47266189	37146
chr7	32628830	32828830	harbor2	chr7	32633883	32634094	SINE/MIR	641	-	106	32633989	5159
chr7	32628830	32828830	harbor2	chr7	32654989	32655222	SINE/MIR	1078	-	116	32655105	26275
chr7	32628830	32828830	harbor2	chr7	32691033	32691221	SINE/MIR	504	-	94	32691127	62297
chr7	28082123	28282123	harbor2	chr7	28109540	28109753	SINE/MIR	457	-	106	28109646	27523
chr7	28082123	28282123	harbor2	chr7	28136140	28136377	SINE/MIR	625	-	118	28136258	54135
chr7	28082123	28282123	harbor2	chr7	28137806	28138052	SINE/MIR	982	-	123	28137929	55806
chr7	28082123	28282123	harbor2	chr7	28175449	28175639	SINE/MIR	572	-	95	28175544	93421
chr7	50204289	50404289	harbor2	chr7	50218998	50219206	SINE/MIR	472	-	104	50219102	14813
chr7	50204289	50404289	harbor2	chr7	50268006	50268210	SINE/MIR	507	-	102	50268108	63819
chr7	50204289	50404289	harbor2	chr7	50275160	50275381	SINE/MIR	997	-	110	50275270	70981
chr7	50204289	50404289	harbor2	chr7	50299226	50299387	SINE/MIR	454	-	80	50299306	95017
chr7	97828524	98028524	harbor2	chr7	97913547	97913747	SINE/MIR	552	-	100	97913647	85123
chr7	97828524	98028524	harbor2	chr7	97927303	97927550	SINE/MIR	657	-	124	97927427	98903
chr7	100028636	100228636	harbor2	chr7	100120973	100121116	SINE/MIR	646	-	72	100121045	92409
chr7	100028636	100228636	harbor2	chr7	100121740	100121768	SINE/MIR	646	-	14	100121754	93118
chr7	100028636	100228636	harbor2	chr7	100122077	100122182	SINE/MIR	646	-	52	100122129	93493
chr7	100028636	100228636	harbor2	chr7	100124166	100124331	SINE/MIR	524	-	82	100124248	95612
chr7	2609918	2809918	harbor2	chr7	2631213	2631318	SINE/MIR	511	-	52	2631265	21347
chr7	50204573	50404573	harbor2	chr7	50218998	50219206	SINE/MIR	472	-	104	50219102	14529
chr7	50204573	50404573	harbor2	chr7	50268006	50268210	SINE/MIR	507	-	102	50268108	63535
chr7	50204573	50404573	harbor2	chr7	50275160	50275381	SINE/MIR	997	-	110	50275270	70697
chr7	50204573	50404573	harbor2	chr7	50299226	50299387	SINE/MIR	454	-	80	50299306	94733
chr7	32328390	32528390	harbor2	chr7	32330110	32330317	SINE/MIR	462	-	104	32330214	1824
chr7	32328390	32528390	harbor2	chr7	32358692	32358843	SINE/MIR	529	-	76	32358768	30378
chr7	32328390	32528390	harbor2	chr7	32360900	32361087	SINE/MIR	472	-	94	32360994	32604
chr7	32328390	32528390	harbor2	chr7	32363266	32363417	SINE/MIR	563	-	76	32363342	34952
chr7	32328390	32528390	harbor2	chr7	32363846	32364086	SINE/MIR	838	-	120	32363966	35576
chr7	32328390	32528390	harbor2	chr7	32377593	32377823	SINE/MIR	1031	-	115	32377708	49318
chr7	32328390	32528390	harbor2	chr7	32381932	32382183	SINE/MIR	849	-	126	32382058	53668
chr7	32328390	32528390	harbor2	chr7	32417377	32417594	SINE/MIR	572	-	108	32417485	89095
chr7	32328390	32528390	harbor2	chr7	32427167	32427370	SINE/MIR	457	-	102	32427269	98879
chr7	142754209	142954209	harbor2	chr7	142832219	142832474	SINE/MIR	464	-	128	142832347	78138
chr7	142754209	142954209	harbor2	chr7	142832543	142832760	SINE/MIR	510	-	108	142832651	78442
chr7	135684417	135884417	harbor2	chr7	135711441	135711637	SINE/MIR	500	-	98	135711539	27122
chr7	135684417	135884417	harbor2	chr7	135736361	135736519	SINE/MIR	601	-	79	135736440	52023
chr7	135684417	135884417	harbor2	chr7	135742803	135742943	SINE/MIR	468	-	70	135742873	58456
chr7	135684417	135884417	harbor2	chr7	135746321	135746515	SINE/MIR	478	-	97	135746418	62001
chr7	135684417	135884417	harbor2	chr7	135767789	135768012	SINE/MIR	899	-	112	135767901	83484
chr7	123650448	123850448	harbor2	chr7	123709442	123709675	SINE/MIR	511	-	116	123709558	59110
chr7	123650448	123850448	harbor2	chr7	123725569	123725785	SINE/MIR	553	-	108	123725677	75229
chr7	100393733	100593733	harbor2	chr7	100409635	100409818	SINE/MIR	475	-	92	100409727	15994
chr7	100393733	100593733	harbor2	chr7	100422037	100422249	SINE/MIR	480	-	106	100422143	28410
chr7	20777006	20977006	harbor2	chr7	20860058	20860285	SINE/MIR	513	-	114	20860172	83166
chr7	20777006	20977006	harbor2	chr7	20865423	20865646	SINE/MIR	762	-	112	20865535	88529
chr7	123649492	123849492	harbor2	chr7	123709442	123709675	SINE/MIR	511	-	116	123709558	60066
chr7	123649492	123849492	harbor2	chr7	123725569	123725785	SINE/MIR	553	-	108	123725677	76185
chr7	123650423	123850423	harbor2	chr7	123709442	123709675	SINE/MIR	511	-	116	123709558	59135
chr7	123650423	123850423	harbor2	chr7	123725569	123725785	SINE/MIR	553	-	108	123725677	75254
chr7	159003487	159203487	harbor2	chr7	159057898	159058124	SINE/MIR	711	-	113	159058011	54524
chr7	100329872	100529872	harbor2	chr7	100409635	100409818	SINE/MIR	475	-	92	100409727	79855
chr7	100329872	100529872	harbor2	chr7	100422037	100422249	SINE/MIR	480	-	106	100422143	92271
chr7	44440642	44640642	harbor2	chr7	44484378	44484555	SINE/MIR	679	-	88	44484466	43824
chr7	26112552	26312552	harbor2	chr7	26119219	26119428	SINE/MIR	547	-	104	26119323	6771
chr7	26112552	26312552	harbor2	chr7	26121129	26121372	SINE/MIR	585	-	122	26121251	8699
chr7	26112552	26312552	harbor2	chr7	26129776	26130021	SINE/MIR	1014	-	122	26129898	17346
chr7	26112552	26312552	harbor2	chr7	26151336	26151554	SINE/MIR	707	-	109	26151445	38893
chr7	26112552	26312552	harbor2	chr7	26210329	26210537	SINE/MIR	538	-	104	26210433	97881
chr7	28725300	28925300	harbor2	chr7	28730657	28730879	SINE/MIR	747	-	111	28730768	5468
chr7	28725300	28925300	harbor2	chr7	28736476	28736655	SINE/MIR	469	-	90	28736566	11266
chr7	28725300	28925300	harbor2	chr7	28757099	28757339	SINE/MIR	1008	-	120	28757219	31919
chr7	28725300	28925300	harbor2	chr7	28817599	28817808	SINE/MIR	635	-	104	28817703	92403
chr7	128769421	128969421	harbor2	chr7	128782805	128782937	SINE/MIR	632	-	66	128782871	13450
chr7	128769421	128969421	harbor2	chr7	128819548	128819705	SINE/MIR	613	-	78	128819626	50205
chr7	128769421	128969421	harbor2	chr7	128835778	128835936	SINE/MIR	560	-	79	128835857	66436
chr7	128769421	128969421	harbor2	chr7	128860658	128860830	SINE/MIR	499	-	86	128860744	91323
chr7	28081559	28281559	harbor2	chr7	28109540	28109753	SINE/MIR	457	-	106	28109646	28087
chr7	28081559	28281559	harbor2	chr7	28136140	28136377	SINE/MIR	625	-	118	28136258	54699
chr7	28081559	28281559	harbor2	chr7	28137806	28138052	SINE/MIR	982	-	123	28137929	56370
chr7	28081559	28281559	harbor2	chr7	28175449	28175639	SINE/MIR	572	-	95	28175544	93985
chr7	149153981	149353981	harbor2	chr7	149193523	149193734	SINE/MIR	624	-	106	149193629	39648
chr7	149153981	149353981	harbor2	chr7	149236760	149236949	SINE/MIR	757	-	94	149236854	82873
chr7	100500037	100700037	harbor2	chr7	100505275	100505312	SINE/MIR	512	-	18	100505293	5256
chr7	100500037	100700037	harbor2	chr7	100505390	100505489	SINE/MIR	512	-	50	100505440	5403
chr7	70311624	70511624	harbor2	chr7	70317404	70317637	SINE/MIR	692	-	116	70317520	5896
chr7	70311624	70511624	harbor2	chr7	70321040	70321255	SINE/MIR	525	-	108	70321148	9524
chr7	70311624	70511624	harbor2	chr7	70348985	70349206	SINE/MIR	538	-	110	70349095	37471
chr7	70311624	70511624	harbor2	chr7	70352017	70352237	SINE/MIR	572	-	110	70352127	40503
chr7	70311624	70511624	harbor2	chr7	70354417	70354634	SINE/MIR	737	-	108	70354525	42901
chr7	70311624	70511624	harbor2	chr7	70378449	70378658	SINE/MIR	566	-	104	70378553	66929
chr7	90497085	90697085	harbor2	chr7	90508610	90508747	SINE/MIR	635	-	68	90508678	11593
chr7	90497085	90697085	harbor2	chr7	90570442	90570597	SINE/MIR	561	-	78	90570520	73435
chr7	90497085	90697085	harbor2	chr7	90593037	90593226	SINE/MIR	524	-	94	90593131	96046
chr7	90497085	90697085	harbor2	chr7	90570611	90570829	SINE/MIR	456	-	109	90570720	73635
chr7	139383658	139583658	harbor2	chr7	139411360	139411616	SINE/MIR	529	-	128	139411488	27830
chr7	73523245	73723245	harbor2	chr7	73614755	73614794	SINE/MIR	567	-	20	73614775	91530
chr7	73523245	73723245	harbor2	chr7	73615106	73615255	SINE/MIR	567	-	74	73615180	91935
chr7	25269994	25469994	harbor2	chr7	25288249	25288420	SINE/MIR	729	-	86	25288335	18341
chr7	25269994	25469994	harbor2	chr7	25358269	25358409	SINE/MIR	465	-	70	25358339	88345
chr7	150420511	150620511	harbor2	chr7	150465811	150466051	SINE/MIR	464	-	120	150465931	45420
chr7	28089121	28289121	harbor2	chr7	28109540	28109753	SINE/MIR	457	-	106	28109646	20525
chr7	28089121	28289121	harbor2	chr7	28136140	28136377	SINE/MIR	625	-	118	28136258	47137
chr7	28089121	28289121	harbor2	chr7	28137806	28138052	SINE/MIR	982	-	123	28137929	48808
chr7	28089121	28289121	harbor2	chr7	28175449	28175639	SINE/MIR	572	-	95	28175544	86423
chr7	28089121	28289121	harbor2	chr7	28187436	28187613	SINE/MIR	514	-	88	28187524	98403
chr7	93330	293330	harbor2	chr7	110592	110831	SINE/MIR	683	-	120	110712	17382
chr7	100501445	100701445	harbor2	chr7	100505275	100505312	SINE/MIR	512	-	18	100505293	3848
chr7	100501445	100701445	harbor2	chr7	100505390	100505489	SINE/MIR	512	-	50	100505440	3995
chr7	44441524	44641524	harbor2	chr7	44484378	44484555	SINE/MIR	679	-	88	44484466	42942
chr7	47228840	47428840	harbor2	chr7	47266081	47266298	SINE/MIR	543	-	108	47266189	37349
chr7	50299224	50499224	harbor2	chr7	50299226	50299387	SINE/MIR	454	-	80	50299306	82
chr7	50299224	50499224	harbor2	chr7	50374711	50374853	SINE/MIR	473	-	71	50374782	75558
chr7	47229056	47429056	harbor2	chr7	47266081	47266298	SINE/MIR	543	-	108	47266189	37133
chr7	25270014	25470014	harbor2	chr7	25288249	25288420	SINE/MIR	729	-	86	25288335	18321
chr7	25270014	25470014	harbor2	chr7	25358269	25358409	SINE/MIR	465	-	70	25358339	88325
chr7	85037092	85237092	harbor2	chr7	85069962	85070170	SINE/MIR	505	-	104	85070066	32974
chr7	85037092	85237092	harbor2	chr7	85122941	85123189	SINE/MIR	557	-	124	85123065	85973
chr7	85037092	85237092	harbor2	chr7	85082065	85082282	SINE/MIR	566	-	108	85082173	45081
chr7	28080611	28280611	harbor2	chr7	28109540	28109753	SINE/MIR	457	-	106	28109646	29035
chr7	28080611	28280611	harbor2	chr7	28136140	28136377	SINE/MIR	625	-	118	28136258	55647
chr7	28080611	28280611	harbor2	chr7	28137806	28138052	SINE/MIR	982	-	123	28137929	57318
chr7	28080611	28280611	harbor2	chr7	28175449	28175639	SINE/MIR	572	-	95	28175544	94933
chr7	128756973	128956973	harbor2	chr7	128758357	128758560	SINE/MIR	773	-	102	128758459	1486
chr7	128756973	128956973	harbor2	chr7	128782805	128782937	SINE/MIR	632	-	66	128782871	25898
chr7	128756973	128956973	harbor2	chr7	128819548	128819705	SINE/MIR	613	-	78	128819626	62653
chr7	128756973	128956973	harbor2	chr7	128835778	128835936	SINE/MIR	560	-	79	128835857	78884
chr7	127993775	128193775	harbor2	chr7	128023875	128024063	SINE/MIR	645	-	94	128023969	30194
chr7	127993775	128193775	harbor2	chr7	128033905	128034139	SINE/MIR	607	-	117	128034022	40247
chr7	127993775	128193775	harbor2	chr7	128035445	128035607	SINE/MIR	545	-	81	128035526	41751
chr7	127993775	128193775	harbor2	chr7	128036916	128037035	SINE/MIR	464	-	60	128036976	43201
chr7	127993775	128193775	harbor2	chr7	128058279	128058505	SINE/MIR	675	-	113	128058392	64617
chr7	127993775	128193775	harbor2	chr7	128064061	128064311	SINE/MIR	717	-	125	128064186	70411
chr7	127993775	128193775	harbor2	chr7	128069672	128069867	SINE/MIR	530	-	98	128069770	75995
chr7	104911716	105111716	harbor2	chr7	104917626	104917755	SINE/MIR	553	-	64	104917690	5974
chr7	104911716	105111716	harbor2	chr7	104922508	104922704	SINE/MIR	521	-	98	104922606	10890
chr7	104911716	105111716	harbor2	chr7	104926478	104926669	SINE/MIR	812	-	96	104926574	14858
chr7	104911716	105111716	harbor2	chr7	104963587	104963762	SINE/MIR	490	-	88	104963675	51959
chr7	123649199	123849199	harbor2	chr7	123709442	123709675	SINE/MIR	511	-	116	123709558	60359
chr7	123649199	123849199	harbor2	chr7	123725569	123725785	SINE/MIR	553	-	108	123725677	76478
chr7	107463451	107663451	harbor2	chr7	107553849	107554068	SINE/MIR	904	-	110	107553959	90508
chr7	50253328	50453328	harbor2	chr7	50268006	50268210	SINE/MIR	507	-	102	50268108	14780
chr7	50253328	50453328	harbor2	chr7	50275160	50275381	SINE/MIR	997	-	110	50275270	21942
chr7	50253328	50453328	harbor2	chr7	50299226	50299387	SINE/MIR	454	-	80	50299306	45978
chr7	155288885	155488885	harbor2	chr7	155306578	155306773	SINE/MIR	577	-	98	155306676	17791
chr7	155288885	155488885	harbor2	chr7	155324918	155325125	SINE/MIR	1074	-	104	155325022	36137
chr7	31973371	32173371	harbor2	chr7	31973544	31973807	SINE/MIR	855	-	132	31973676	305
chr7	31973371	32173371	harbor2	chr7	31977894	31978139	SINE/MIR	728	-	122	31978016	4645
chr7	31973371	32173371	harbor2	chr7	31979415	31979641	SINE/MIR	1097	-	113	31979528	6157
chr7	31973371	32173371	harbor2	chr7	32031333	32031439	SINE/MIR	504	-	53	32031386	58015
chr7	31973371	32173371	harbor2	chr7	32072619	32072769	SINE/MIR	497	-	75	32072694	99323
chr7	47569705	47769705	harbor2	chr7	47668579	47668749	SINE/MIR	515	-	85	47668664	98959
chr7	44441056	44641056	harbor2	chr7	44484378	44484555	SINE/MIR	679	-	88	44484466	43410
chr7	90496247	90696247	harbor2	chr7	90508610	90508747	SINE/MIR	635	-	68	90508678	12431
chr7	90496247	90696247	harbor2	chr7	90570442	90570597	SINE/MIR	561	-	78	90570520	74273
chr7	90496247	90696247	harbor2	chr7	90593037	90593226	SINE/MIR	524	-	94	90593131	96884
chr7	90496247	90696247	harbor2	chr7	90570611	90570829	SINE/MIR	456	-	109	90570720	74473
chr7	90145189	90345189	harbor2	chr7	90145117	90145347	SINE/MIR	693	-	115	90145232	43
chr7	90145189	90345189	harbor2	chr7	90205073	90205262	SINE/MIR	717	-	94	90205167	59978
chr7	90145189	90345189	harbor2	chr7	90233523	90233765	SINE/MIR	1022	-	121	90233644	88455
chr7	41382564	41582564	harbor2	chr7	41385890	41386091	SINE/MIR	824	-	100	41385990	3426
chr7	156540425	156740425	harbor2	chr7	156580616	156580830	SINE/MIR	654	-	107	156580723	40298
chr7	156540425	156740425	harbor2	chr7	156587479	156587727	SINE/MIR	654	-	124	156587603	47178
chr7	156540425	156740425	harbor2	chr7	156615621	156615832	SINE/MIR	483	-	106	156615727	75302
chr7	37907099	38107099	harbor2	chr7	37907785	37908024	SINE/MIR	521	-	120	37907905	806
chr7	37907099	38107099	harbor2	chr7	37922464	37922668	SINE/MIR	644	-	102	37922566	15467
chr7	37907099	38107099	harbor2	chr7	37965870	37966070	SINE/MIR	668	-	100	37965970	58871
chr7	37907099	38107099	harbor2	chr7	37976646	37976902	SINE/MIR	614	-	128	37976774	69675
chr7	21327951	21527951	harbor2	chr7	21338694	21338879	SINE/MIR	478	-	92	21338786	10835
chr7	21327951	21527951	harbor2	chr7	21364302	21364527	SINE/MIR	780	-	112	21364414	36463
chr7	21327951	21527951	harbor2	chr7	21371631	21371844	SINE/MIR	480	-	106	21371737	43786
chr7	21327951	21527951	harbor2	chr7	21415212	21415399	SINE/MIR	565	-	94	21415306	87355
chr7	21327951	21527951	harbor2	chr7	21421909	21422120	SINE/MIR	661	-	106	21422015	94064
chr7	107099067	107299067	harbor2	chr7	107175256	107175480	SINE/MIR	823	-	112	107175368	76301
chr7	107099067	107299067	harbor2	chr7	107177133	107177332	SINE/MIR	613	-	100	107177233	78166
chr7	107099067	107299067	harbor2	chr7	107193249	107193424	SINE/MIR	455	-	88	107193337	94270
chr7	28110460	28310460	harbor2	chr7	28136140	28136377	SINE/MIR	625	-	118	28136258	25798
chr7	28110460	28310460	harbor2	chr7	28137806	28138052	SINE/MIR	982	-	123	28137929	27469
chr7	28110460	28310460	harbor2	chr7	28175449	28175639	SINE/MIR	572	-	95	28175544	65084
chr7	28110460	28310460	harbor2	chr7	28187436	28187613	SINE/MIR	514	-	88	28187524	77064
chr7	50317972	50517972	harbor2	chr7	50374711	50374853	SINE/MIR	473	-	71	50374782	56810
chr7	129414069	129614069	harbor2	chr7	129438421	129438558	SINE/MIR	548	-	68	129438489	24420
chr7	129414069	129614069	harbor2	chr7	129462734	129462881	SINE/MIR	490	-	74	129462808	48739
chr7	129414069	129614069	harbor2	chr7	129471635	129471781	SINE/MIR	487	-	73	129471708	57639
chr7	150916077	151116077	harbor2	chr7	150975594	150975746	SINE/MIR	684	-	76	150975670	59593
chr7	92428769	92628769	harbor2	chr7	92451713	92451901	SINE/MIR	685	-	94	92451807	23038
chr7	47229182	47429182	harbor2	chr7	47266081	47266298	SINE/MIR	543	-	108	47266189	37007
chr7	123649212	123849212	harbor2	chr7	123709442	123709675	SINE/MIR	511	-	116	123709558	60346
chr7	123649212	123849212	harbor2	chr7	123725569	123725785	SINE/MIR	553	-	108	123725677	76465
chr7	147804168	148004168	harbor2	chr7	147829462	147829689	SINE/MIR	578	-	114	147829576	25408
chr7	147804168	148004168	harbor2	chr7	147842054	147842248	SINE/MIR	456	-	97	147842151	37983
chr7	147804168	148004168	harbor2	chr7	147869928	147870100	SINE/MIR	515	-	86	147870014	65846
chr7	147804168	148004168	harbor2	chr7	147870548	147870605	SINE/MIR	515	-	28	147870576	66408
chr7	50204529	50404529	harbor2	chr7	50218998	50219206	SINE/MIR	472	-	104	50219102	14573
chr7	50204529	50404529	harbor2	chr7	50268006	50268210	SINE/MIR	507	-	102	50268108	63579
chr7	50204529	50404529	harbor2	chr7	50275160	50275381	SINE/MIR	997	-	110	50275270	70741
chr7	50204529	50404529	harbor2	chr7	50299226	50299387	SINE/MIR	454	-	80	50299306	94777
chr7	28082522	28282522	harbor2	chr7	28109540	28109753	SINE/MIR	457	-	106	28109646	27124
chr7	28082522	28282522	harbor2	chr7	28136140	28136377	SINE/MIR	625	-	118	28136258	53736
chr7	28082522	28282522	harbor2	chr7	28137806	28138052	SINE/MIR	982	-	123	28137929	55407
chr7	28082522	28282522	harbor2	chr7	28175449	28175639	SINE/MIR	572	-	95	28175544	93022
chr7	50208813	50408813	harbor2	chr7	50218998	50219206	SINE/MIR	472	-	104	50219102	10289
chr7	50208813	50408813	harbor2	chr7	50268006	50268210	SINE/MIR	507	-	102	50268108	59295
chr7	50208813	50408813	harbor2	chr7	50275160	50275381	SINE/MIR	997	-	110	50275270	66457
chr7	50208813	50408813	harbor2	chr7	50299226	50299387	SINE/MIR	454	-	80	50299306	90493
chr7	50340926	50540926	harbor2	chr7	50374711	50374853	SINE/MIR	473	-	71	50374782	33856
chr7	1456489	1656489	harbor2	chr7	1503378	1503615	SINE/MIR	528	-	118	1503496	47007
chr7	44466421	44666421	harbor2	chr7	44484378	44484555	SINE/MIR	679	-	88	44484466	18045
chr7	127292472	127492472	harbor2	chr7	127319815	127320029	SINE/MIR	797	-	107	127319922	27450
chr7	127292472	127492472	harbor2	chr7	127327247	127327415	SINE/MIR	460	-	84	127327331	34859
chr7	127292472	127492472	harbor2	chr7	127365929	127366192	SINE/MIR	885	-	132	127366061	73589
chr7	47228305	47428305	harbor2	chr7	47266081	47266298	SINE/MIR	543	-	108	47266189	37884
chr7	128305619	128505619	harbor2	chr7	128317032	128317257	SINE/MIR	620	-	112	128317144	11525
chr7	128305619	128505619	harbor2	chr7	128357949	128358167	SINE/MIR	657	-	109	128358058	52439
chr7	50249530	50449530	harbor2	chr7	50268006	50268210	SINE/MIR	507	-	102	50268108	18578
chr7	50249530	50449530	harbor2	chr7	50275160	50275381	SINE/MIR	997	-	110	50275270	25740
chr7	50249530	50449530	harbor2	chr7	50299226	50299387	SINE/MIR	454	-	80	50299306	49776
chr8	23428848	23628848	harbor2	chr8	23440681	23440925	SINE/MIR	820	-	122	23440803	11955
chr8	23428848	23628848	harbor2	chr8	23451943	23452118	SINE/MIR	699	-	88	23452031	23183
chr8	23428848	23628848	harbor2	chr8	23458629	23458786	SINE/MIR	416	-	78	23458707	29859
chr8	23428848	23628848	harbor2	chr8	23487605	23487757	SINE/MIR	572	-	76	23487681	58833
chr8	23428848	23628848	harbor2	chr8	23495634	23495698	SINE/MIR	792	-	32	23495666	66818
chr8	23428848	23628848	harbor2	chr8	23496248	23496437	SINE/MIR	792	-	94	23496342	67494
chr8	23428848	23628848	harbor2	chr8	23508169	23508324	SINE/MIR	438	-	78	23508247	79399
chr8	38169595	38369595	harbor2	chr8	38206577	38206725	SINE/MIR	591	-	74	38206651	37056
chr8	23429416	23629416	harbor2	chr8	23440681	23440925	SINE/MIR	820	-	122	23440803	11387
chr8	23429416	23629416	harbor2	chr8	23451943	23452118	SINE/MIR	699	-	88	23452031	22615
chr8	23429416	23629416	harbor2	chr8	23458629	23458786	SINE/MIR	416	-	78	23458707	29291
chr8	23429416	23629416	harbor2	chr8	23487605	23487757	SINE/MIR	572	-	76	23487681	58265
chr8	23429416	23629416	harbor2	chr8	23495634	23495698	SINE/MIR	792	-	32	23495666	66250
chr8	23429416	23629416	harbor2	chr8	23496248	23496437	SINE/MIR	792	-	94	23496342	66926
chr8	23429416	23629416	harbor2	chr8	23508169	23508324	SINE/MIR	438	-	78	23508247	78831
chr8	124273072	124473072	harbor2	chr8	124275394	124275632	SINE/MIR	591	-	119	124275513	2441
chr8	23428811	23628811	harbor2	chr8	23440681	23440925	SINE/MIR	820	-	122	23440803	11992
chr8	23428811	23628811	harbor2	chr8	23451943	23452118	SINE/MIR	699	-	88	23452031	23220
chr8	23428811	23628811	harbor2	chr8	23458629	23458786	SINE/MIR	416	-	78	23458707	29896
chr8	23428811	23628811	harbor2	chr8	23487605	23487757	SINE/MIR	572	-	76	23487681	58870
chr8	23428811	23628811	harbor2	chr8	23495634	23495698	SINE/MIR	792	-	32	23495666	66855
chr8	23428811	23628811	harbor2	chr8	23496248	23496437	SINE/MIR	792	-	94	23496342	67531
chr8	23428811	23628811	harbor2	chr8	23508169	23508324	SINE/MIR	438	-	78	23508247	79436
chr8	23439328	23639328	harbor2	chr8	23440681	23440925	SINE/MIR	820	-	122	23440803	1475
chr8	23439328	23639328	harbor2	chr8	23451943	23452118	SINE/MIR	699	-	88	23452031	12703
chr8	23439328	23639328	harbor2	chr8	23458629	23458786	SINE/MIR	416	-	78	23458707	19379
chr8	23439328	23639328	harbor2	chr8	23487605	23487757	SINE/MIR	572	-	76	23487681	48353
chr8	23439328	23639328	harbor2	chr8	23495634	23495698	SINE/MIR	792	-	32	23495666	56338
chr8	23439328	23639328	harbor2	chr8	23496248	23496437	SINE/MIR	792	-	94	23496342	57014
chr8	23439328	23639328	harbor2	chr8	23508169	23508324	SINE/MIR	438	-	78	23508247	68919
chr8	23428778	23628778	harbor2	chr8	23440681	23440925	SINE/MIR	820	-	122	23440803	12025
chr8	23428778	23628778	harbor2	chr8	23451943	23452118	SINE/MIR	699	-	88	23452031	23253
chr8	23428778	23628778	harbor2	chr8	23458629	23458786	SINE/MIR	416	-	78	23458707	29929
chr8	23428778	23628778	harbor2	chr8	23487605	23487757	SINE/MIR	572	-	76	23487681	58903
chr8	23428778	23628778	harbor2	chr8	23495634	23495698	SINE/MIR	792	-	32	23495666	66888
chr8	23428778	23628778	harbor2	chr8	23496248	23496437	SINE/MIR	792	-	94	23496342	67564
chr8	23428778	23628778	harbor2	chr8	23508169	23508324	SINE/MIR	438	-	78	23508247	79469
chr8	138710558	138910558	harbor2	chr8	138710509	138710718	SINE/MIR	584	-	104	138710613	55
chr8	138710558	138910558	harbor2	chr8	138722635	138722790	SINE/MIR	499	-	78	138722713	12155
chr8	138710558	138910558	harbor2	chr8	138736817	138736944	SINE/MIR	430	-	64	138736881	26323
chr8	138710558	138910558	harbor2	chr8	138757620	138757800	SINE/MIR	441	-	90	138757710	47152
chr8	138710558	138910558	harbor2	chr8	138765297	138765476	SINE/MIR	480	-	90	138765387	54829
chr8	138710558	138910558	harbor2	chr8	138770906	138771143	SINE/MIR	535	-	118	138771024	60466
chr8	138710558	138910558	harbor2	chr8	138793403	138793540	SINE/MIR	511	-	68	138793471	82913
chr8	138710558	138910558	harbor2	chr8	138800475	138800611	SINE/MIR	440	-	68	138800543	89985
chr8	138710558	138910558	harbor2	chr8	138802057	138802177	SINE/MIR	570	-	60	138802117	91559
chr8	138710558	138910558	harbor2	chr8	138788775	138789003	SINE/MIR	670	-	114	138788889	78331
chr8	142525378	142725378	harbor2	chr8	142552216	142552326	SINE/MIR	438	-	55	142552271	26893
chr8	142525378	142725378	harbor2	chr8	142623088	142623275	SINE/MIR	443	-	94	142623182	97804
chr8	23428784	23628784	harbor2	chr8	23440681	23440925	SINE/MIR	820	-	122	23440803	12019
chr8	23428784	23628784	harbor2	chr8	23451943	23452118	SINE/MIR	699	-	88	23452031	23247
chr8	23428784	23628784	harbor2	chr8	23458629	23458786	SINE/MIR	416	-	78	23458707	29923
chr8	23428784	23628784	harbor2	chr8	23487605	23487757	SINE/MIR	572	-	76	23487681	58897
chr8	23428784	23628784	harbor2	chr8	23495634	23495698	SINE/MIR	792	-	32	23495666	66882
chr8	23428784	23628784	harbor2	chr8	23496248	23496437	SINE/MIR	792	-	94	23496342	67558
chr8	23428784	23628784	harbor2	chr8	23508169	23508324	SINE/MIR	438	-	78	23508247	79463
chr8	23428892	23628892	harbor2	chr8	23440681	23440925	SINE/MIR	820	-	122	23440803	11911
chr8	23428892	23628892	harbor2	chr8	23451943	23452118	SINE/MIR	699	-	88	23452031	23139
chr8	23428892	23628892	harbor2	chr8	23458629	23458786	SINE/MIR	416	-	78	23458707	29815
chr8	23428892	23628892	harbor2	chr8	23487605	23487757	SINE/MIR	572	-	76	23487681	58789
chr8	23428892	23628892	harbor2	chr8	23495634	23495698	SINE/MIR	792	-	32	23495666	66774
chr8	23428892	23628892	harbor2	chr8	23496248	23496437	SINE/MIR	792	-	94	23496342	67450
chr8	23428892	23628892	harbor2	chr8	23508169	23508324	SINE/MIR	438	-	78	23508247	79355
chr8	23429271	23629271	harbor2	chr8	23440681	23440925	SINE/MIR	820	-	122	23440803	11532
chr8	23429271	23629271	harbor2	chr8	23451943	23452118	SINE/MIR	699	-	88	23452031	22760
chr8	23429271	23629271	harbor2	chr8	23458629	23458786	SINE/MIR	416	-	78	23458707	29436
chr8	23429271	23629271	harbor2	chr8	23487605	23487757	SINE/MIR	572	-	76	23487681	58410
chr8	23429271	23629271	harbor2	chr8	23495634	23495698	SINE/MIR	792	-	32	23495666	66395
chr8	23429271	23629271	harbor2	chr8	23496248	23496437	SINE/MIR	792	-	94	23496342	67071
chr8	23429271	23629271	harbor2	chr8	23508169	23508324	SINE/MIR	438	-	78	23508247	78976
chr8	23430686	23630686	harbor2	chr8	23440681	23440925	SINE/MIR	820	-	122	23440803	10117
chr8	23430686	23630686	harbor2	chr8	23451943	23452118	SINE/MIR	699	-	88	23452031	21345
chr8	23430686	23630686	harbor2	chr8	23458629	23458786	SINE/MIR	416	-	78	23458707	28021
chr8	23430686	23630686	harbor2	chr8	23487605	23487757	SINE/MIR	572	-	76	23487681	56995
chr8	23430686	23630686	harbor2	chr8	23495634	23495698	SINE/MIR	792	-	32	23495666	64980
chr8	23430686	23630686	harbor2	chr8	23496248	23496437	SINE/MIR	792	-	94	23496342	65656
chr8	23430686	23630686	harbor2	chr8	23508169	23508324	SINE/MIR	438	-	78	23508247	77561
chr8	17985030	18185030	harbor2	chr8	18062492	18062698	SINE/MIR	532	-	103	18062595	77565
chr8	17985030	18185030	harbor2	chr8	18068082	18068292	SINE/MIR	703	-	105	18068187	83157
chr8	23429353	23629353	harbor2	chr8	23440681	23440925	SINE/MIR	820	-	122	23440803	11450
chr8	23429353	23629353	harbor2	chr8	23451943	23452118	SINE/MIR	699	-	88	23452031	22678
chr8	23429353	23629353	harbor2	chr8	23458629	23458786	SINE/MIR	416	-	78	23458707	29354
chr8	23429353	23629353	harbor2	chr8	23487605	23487757	SINE/MIR	572	-	76	23487681	58328
chr8	23429353	23629353	harbor2	chr8	23495634	23495698	SINE/MIR	792	-	32	23495666	66313
chr8	23429353	23629353	harbor2	chr8	23496248	23496437	SINE/MIR	792	-	94	23496342	66989
chr8	23429353	23629353	harbor2	chr8	23508169	23508324	SINE/MIR	438	-	78	23508247	78894
chr8	23428870	23628870	harbor2	chr8	23440681	23440925	SINE/MIR	820	-	122	23440803	11933
chr8	23428870	23628870	harbor2	chr8	23451943	23452118	SINE/MIR	699	-	88	23452031	23161
chr8	23428870	23628870	harbor2	chr8	23458629	23458786	SINE/MIR	416	-	78	23458707	29837
chr8	23428870	23628870	harbor2	chr8	23487605	23487757	SINE/MIR	572	-	76	23487681	58811
chr8	23428870	23628870	harbor2	chr8	23495634	23495698	SINE/MIR	792	-	32	23495666	66796
chr8	23428870	23628870	harbor2	chr8	23496248	23496437	SINE/MIR	792	-	94	23496342	67472
chr8	23428870	23628870	harbor2	chr8	23508169	23508324	SINE/MIR	438	-	78	23508247	79377
chr8	23429241	23629241	harbor2	chr8	23440681	23440925	SINE/MIR	820	-	122	23440803	11562
chr8	23429241	23629241	harbor2	chr8	23451943	23452118	SINE/MIR	699	-	88	23452031	22790
chr8	23429241	23629241	harbor2	chr8	23458629	23458786	SINE/MIR	416	-	78	23458707	29466
chr8	23429241	23629241	harbor2	chr8	23487605	23487757	SINE/MIR	572	-	76	23487681	58440
chr8	23429241	23629241	harbor2	chr8	23495634	23495698	SINE/MIR	792	-	32	23495666	66425
chr8	23429241	23629241	harbor2	chr8	23496248	23496437	SINE/MIR	792	-	94	23496342	67101
chr8	23429241	23629241	harbor2	chr8	23508169	23508324	SINE/MIR	438	-	78	23508247	79006
chr8	10823758	11023758	harbor2	chr8	10829452	10829646	SINE/MIR	596	-	97	10829549	5791
chr8	10823758	11023758	harbor2	chr8	10851244	10851453	SINE/MIR	492	-	104	10851348	27590
chr8	10823758	11023758	harbor2	chr8	10889253	10889388	SINE/MIR	428	-	68	10889321	65563
chr8	10823758	11023758	harbor2	chr8	10907398	10907662	SINE/MIR	418	-	132	10907530	83772
chr8	10823758	11023758	harbor2	chr8	10909767	10909938	SINE/MIR	482	-	86	10909853	86095
chr8	10823758	11023758	harbor2	chr8	10919541	10919742	SINE/MIR	441	-	100	10919641	95883
chr8	10823758	11023758	harbor2	chr8	10920293	10920469	SINE/MIR	632	-	88	10920381	96623
chr8	23428834	23628834	harbor2	chr8	23440681	23440925	SINE/MIR	820	-	122	23440803	11969
chr8	23428834	23628834	harbor2	chr8	23451943	23452118	SINE/MIR	699	-	88	23452031	23197
chr8	23428834	23628834	harbor2	chr8	23458629	23458786	SINE/MIR	416	-	78	23458707	29873
chr8	23428834	23628834	harbor2	chr8	23487605	23487757	SINE/MIR	572	-	76	23487681	58847
chr8	23428834	23628834	harbor2	chr8	23495634	23495698	SINE/MIR	792	-	32	23495666	66832
chr8	23428834	23628834	harbor2	chr8	23496248	23496437	SINE/MIR	792	-	94	23496342	67508
chr8	23428834	23628834	harbor2	chr8	23508169	23508324	SINE/MIR	438	-	78	23508247	79413
chr8	29150120	29350120	harbor2	chr8	29170241	29170393	SINE/MIR	422	-	76	29170317	20197
chr8	29150120	29350120	harbor2	chr8	29184366	29184615	SINE/MIR	512	-	124	29184490	34370
chr8	29150120	29350120	harbor2	chr8	29187781	29187985	SINE/MIR	480	-	102	29187883	37763
chr8	29150120	29350120	harbor2	chr8	29189541	29189744	SINE/MIR	469	-	102	29189643	39523
chr8	29150120	29350120	harbor2	chr8	29213275	29213441	SINE/MIR	743	-	83	29213358	63238
chr8	29150120	29350120	harbor2	chr8	29214935	29214963	SINE/MIR	743	-	14	29214949	64829
chr8	29150120	29350120	harbor2	chr8	29225255	29225363	SINE/MIR	498	-	54	29225309	75189
chr8	29150120	29350120	harbor2	chr8	29230028	29230274	SINE/MIR	532	-	123	29230151	80031
chr8	23428832	23628832	harbor2	chr8	23440681	23440925	SINE/MIR	820	-	122	23440803	11971
chr8	23428832	23628832	harbor2	chr8	23451943	23452118	SINE/MIR	699	-	88	23452031	23199
chr8	23428832	23628832	harbor2	chr8	23458629	23458786	SINE/MIR	416	-	78	23458707	29875
chr8	23428832	23628832	harbor2	chr8	23487605	23487757	SINE/MIR	572	-	76	23487681	58849
chr8	23428832	23628832	harbor2	chr8	23495634	23495698	SINE/MIR	792	-	32	23495666	66834
chr8	23428832	23628832	harbor2	chr8	23496248	23496437	SINE/MIR	792	-	94	23496342	67510
chr8	23428832	23628832	harbor2	chr8	23508169	23508324	SINE/MIR	438	-	78	23508247	79415
chr8	23428810	23628810	harbor2	chr8	23440681	23440925	SINE/MIR	820	-	122	23440803	11993
chr8	23428810	23628810	harbor2	chr8	23451943	23452118	SINE/MIR	699	-	88	23452031	23221
chr8	23428810	23628810	harbor2	chr8	23458629	23458786	SINE/MIR	416	-	78	23458707	29897
chr8	23428810	23628810	harbor2	chr8	23487605	23487757	SINE/MIR	572	-	76	23487681	58871
chr8	23428810	23628810	harbor2	chr8	23495634	23495698	SINE/MIR	792	-	32	23495666	66856
chr8	23428810	23628810	harbor2	chr8	23496248	23496437	SINE/MIR	792	-	94	23496342	67532
chr8	23428810	23628810	harbor2	chr8	23508169	23508324	SINE/MIR	438	-	78	23508247	79437
chr8	23432814	23632814	harbor2	chr8	23440681	23440925	SINE/MIR	820	-	122	23440803	7989
chr8	23432814	23632814	harbor2	chr8	23451943	23452118	SINE/MIR	699	-	88	23452031	19217
chr8	23432814	23632814	harbor2	chr8	23458629	23458786	SINE/MIR	416	-	78	23458707	25893
chr8	23432814	23632814	harbor2	chr8	23487605	23487757	SINE/MIR	572	-	76	23487681	54867
chr8	23432814	23632814	harbor2	chr8	23495634	23495698	SINE/MIR	792	-	32	23495666	62852
chr8	23432814	23632814	harbor2	chr8	23496248	23496437	SINE/MIR	792	-	94	23496342	63528
chr8	23432814	23632814	harbor2	chr8	23508169	23508324	SINE/MIR	438	-	78	23508247	75433
chr8	23430803	23630803	harbor2	chr8	23440681	23440925	SINE/MIR	820	-	122	23440803	10000
chr8	23430803	23630803	harbor2	chr8	23451943	23452118	SINE/MIR	699	-	88	23452031	21228
chr8	23430803	23630803	harbor2	chr8	23458629	23458786	SINE/MIR	416	-	78	23458707	27904
chr8	23430803	23630803	harbor2	chr8	23487605	23487757	SINE/MIR	572	-	76	23487681	56878
chr8	23430803	23630803	harbor2	chr8	23495634	23495698	SINE/MIR	792	-	32	23495666	64863
chr8	23430803	23630803	harbor2	chr8	23496248	23496437	SINE/MIR	792	-	94	23496342	65539
chr8	23430803	23630803	harbor2	chr8	23508169	23508324	SINE/MIR	438	-	78	23508247	77444
chr8	11492953	11692953	harbor2	chr8	11519582	11519824	SINE/MIR	490	-	121	11519703	26750
chr8	11492953	11692953	harbor2	chr8	11570757	11570870	SINE/MIR	579	-	56	11570813	77860
chr8	38169968	38369968	harbor2	chr8	38206577	38206725	SINE/MIR	591	-	74	38206651	36683
chr8	23428809	23628809	harbor2	chr8	23440681	23440925	SINE/MIR	820	-	122	23440803	11994
chr8	23428809	23628809	harbor2	chr8	23451943	23452118	SINE/MIR	699	-	88	23452031	23222
chr8	23428809	23628809	harbor2	chr8	23458629	23458786	SINE/MIR	416	-	78	23458707	29898
chr8	23428809	23628809	harbor2	chr8	23487605	23487757	SINE/MIR	572	-	76	23487681	58872
chr8	23428809	23628809	harbor2	chr8	23495634	23495698	SINE/MIR	792	-	32	23495666	66857
chr8	23428809	23628809	harbor2	chr8	23496248	23496437	SINE/MIR	792	-	94	23496342	67533
chr8	23428809	23628809	harbor2	chr8	23508169	23508324	SINE/MIR	438	-	78	23508247	79438
chr8	23428725	23628725	harbor2	chr8	23440681	23440925	SINE/MIR	820	-	122	23440803	12078
chr8	23428725	23628725	harbor2	chr8	23451943	23452118	SINE/MIR	699	-	88	23452031	23306
chr8	23428725	23628725	harbor2	chr8	23458629	23458786	SINE/MIR	416	-	78	23458707	29982
chr8	23428725	23628725	harbor2	chr8	23487605	23487757	SINE/MIR	572	-	76	23487681	58956
chr8	23428725	23628725	harbor2	chr8	23495634	23495698	SINE/MIR	792	-	32	23495666	66941
chr8	23428725	23628725	harbor2	chr8	23496248	23496437	SINE/MIR	792	-	94	23496342	67617
chr8	23428725	23628725	harbor2	chr8	23508169	23508324	SINE/MIR	438	-	78	23508247	79522
chr8	23429172	23629172	harbor2	chr8	23440681	23440925	SINE/MIR	820	-	122	23440803	11631
chr8	23429172	23629172	harbor2	chr8	23451943	23452118	SINE/MIR	699	-	88	23452031	22859
chr8	23429172	23629172	harbor2	chr8	23458629	23458786	SINE/MIR	416	-	78	23458707	29535
chr8	23429172	23629172	harbor2	chr8	23487605	23487757	SINE/MIR	572	-	76	23487681	58509
chr8	23429172	23629172	harbor2	chr8	23495634	23495698	SINE/MIR	792	-	32	23495666	66494
chr8	23429172	23629172	harbor2	chr8	23496248	23496437	SINE/MIR	792	-	94	23496342	67170
chr8	23429172	23629172	harbor2	chr8	23508169	23508324	SINE/MIR	438	-	78	23508247	79075
chr8	23428835	23628835	harbor2	chr8	23440681	23440925	SINE/MIR	820	-	122	23440803	11968
chr8	23428835	23628835	harbor2	chr8	23451943	23452118	SINE/MIR	699	-	88	23452031	23196
chr8	23428835	23628835	harbor2	chr8	23458629	23458786	SINE/MIR	416	-	78	23458707	29872
chr8	23428835	23628835	harbor2	chr8	23487605	23487757	SINE/MIR	572	-	76	23487681	58846
chr8	23428835	23628835	harbor2	chr8	23495634	23495698	SINE/MIR	792	-	32	23495666	66831
chr8	23428835	23628835	harbor2	chr8	23496248	23496437	SINE/MIR	792	-	94	23496342	67507
chr8	23428835	23628835	harbor2	chr8	23508169	23508324	SINE/MIR	438	-	78	23508247	79412
chr8	23429068	23629068	harbor2	chr8	23440681	23440925	SINE/MIR	820	-	122	23440803	11735
chr8	23429068	23629068	harbor2	chr8	23451943	23452118	SINE/MIR	699	-	88	23452031	22963
chr8	23429068	23629068	harbor2	chr8	23458629	23458786	SINE/MIR	416	-	78	23458707	29639
chr8	23429068	23629068	harbor2	chr8	23487605	23487757	SINE/MIR	572	-	76	23487681	58613
chr8	23429068	23629068	harbor2	chr8	23495634	23495698	SINE/MIR	792	-	32	23495666	66598
chr8	23429068	23629068	harbor2	chr8	23496248	23496437	SINE/MIR	792	-	94	23496342	67274
chr8	23429068	23629068	harbor2	chr8	23508169	23508324	SINE/MIR	438	-	78	23508247	79179
chr8	38169167	38369167	harbor2	chr8	38206577	38206725	SINE/MIR	591	-	74	38206651	37484
chr8	23428926	23628926	harbor2	chr8	23440681	23440925	SINE/MIR	820	-	122	23440803	11877
chr8	23428926	23628926	harbor2	chr8	23451943	23452118	SINE/MIR	699	-	88	23452031	23105
chr8	23428926	23628926	harbor2	chr8	23458629	23458786	SINE/MIR	416	-	78	23458707	29781
chr8	23428926	23628926	harbor2	chr8	23487605	23487757	SINE/MIR	572	-	76	23487681	58755
chr8	23428926	23628926	harbor2	chr8	23495634	23495698	SINE/MIR	792	-	32	23495666	66740
chr8	23428926	23628926	harbor2	chr8	23496248	23496437	SINE/MIR	792	-	94	23496342	67416
chr8	23428926	23628926	harbor2	chr8	23508169	23508324	SINE/MIR	438	-	78	23508247	79321
chr8	142524851	142724851	harbor2	chr8	142552216	142552326	SINE/MIR	438	-	55	142552271	27420
chr8	142524851	142724851	harbor2	chr8	142623088	142623275	SINE/MIR	443	-	94	142623182	98331
chr8	23428913	23628913	harbor2	chr8	23440681	23440925	SINE/MIR	820	-	122	23440803	11890
chr8	23428913	23628913	harbor2	chr8	23451943	23452118	SINE/MIR	699	-	88	23452031	23118
chr8	23428913	23628913	harbor2	chr8	23458629	23458786	SINE/MIR	416	-	78	23458707	29794
chr8	23428913	23628913	harbor2	chr8	23487605	23487757	SINE/MIR	572	-	76	23487681	58768
chr8	23428913	23628913	harbor2	chr8	23495634	23495698	SINE/MIR	792	-	32	23495666	66753
chr8	23428913	23628913	harbor2	chr8	23496248	23496437	SINE/MIR	792	-	94	23496342	67429
chr8	23428913	23628913	harbor2	chr8	23508169	23508324	SINE/MIR	438	-	78	23508247	79334
chr8	90979035	91179035	harbor2	chr8	90983625	90983798	SINE/MIR	516	-	86	90983711	4676
chr8	90979035	91179035	harbor2	chr8	91072116	91072353	SINE/MIR	543	-	118	91072234	93199
chr8	90979035	91179035	harbor2	chr8	91074040	91074233	SINE/MIR	676	-	96	91074136	95101
chr8	23429294	23629294	harbor2	chr8	23440681	23440925	SINE/MIR	820	-	122	23440803	11509
chr8	23429294	23629294	harbor2	chr8	23451943	23452118	SINE/MIR	699	-	88	23452031	22737
chr8	23429294	23629294	harbor2	chr8	23458629	23458786	SINE/MIR	416	-	78	23458707	29413
chr8	23429294	23629294	harbor2	chr8	23487605	23487757	SINE/MIR	572	-	76	23487681	58387
chr8	23429294	23629294	harbor2	chr8	23495634	23495698	SINE/MIR	792	-	32	23495666	66372
chr8	23429294	23629294	harbor2	chr8	23496248	23496437	SINE/MIR	792	-	94	23496342	67048
chr8	23429294	23629294	harbor2	chr8	23508169	23508324	SINE/MIR	438	-	78	23508247	78953
chr8	38169193	38369193	harbor2	chr8	38206577	38206725	SINE/MIR	591	-	74	38206651	37458
chr8	30073247	30273247	harbor2	chr8	30137576	30137591	SINE/MIR	461	-	8	30137584	64337
chr8	30073247	30273247	harbor2	chr8	30138313	30138475	SINE/MIR	461	-	81	30138394	65147
chr8	23429109	23629109	harbor2	chr8	23440681	23440925	SINE/MIR	820	-	122	23440803	11694
chr8	23429109	23629109	harbor2	chr8	23451943	23452118	SINE/MIR	699	-	88	23452031	22922
chr8	23429109	23629109	harbor2	chr8	23458629	23458786	SINE/MIR	416	-	78	23458707	29598
chr8	23429109	23629109	harbor2	chr8	23487605	23487757	SINE/MIR	572	-	76	23487681	58572
chr8	23429109	23629109	harbor2	chr8	23495634	23495698	SINE/MIR	792	-	32	23495666	66557
chr8	23429109	23629109	harbor2	chr8	23496248	23496437	SINE/MIR	792	-	94	23496342	67233
chr8	23429109	23629109	harbor2	chr8	23508169	23508324	SINE/MIR	438	-	78	23508247	79138
chr8	102557354	102757354	harbor2	chr8	102559086	102559292	SINE/MIR	895	-	103	102559189	1835
chr8	102557354	102757354	harbor2	chr8	102559997	102560201	SINE/MIR	606	-	102	102560099	2745
chr8	102557354	102757354	harbor2	chr8	102589662	102589833	SINE/MIR	731	-	86	102589748	32394
chr8	102557354	102757354	harbor2	chr8	102598331	102598513	SINE/MIR	917	-	91	102598422	41068
chr8	102557354	102757354	harbor2	chr8	102613563	102613756	SINE/MIR	677	-	96	102613659	56305
chr8	102557354	102757354	harbor2	chr8	102614043	102614256	SINE/MIR	445	-	106	102614149	56795
chr8	102557354	102757354	harbor2	chr8	102626277	102626495	SINE/MIR	546	-	109	102626386	69032
chr8	102557354	102757354	harbor2	chr8	102643589	102643771	SINE/MIR	414	-	91	102643680	86326
chr8	23428807	23628807	harbor2	chr8	23440681	23440925	SINE/MIR	820	-	122	23440803	11996
chr8	23428807	23628807	harbor2	chr8	23451943	23452118	SINE/MIR	699	-	88	23452031	23224
chr8	23428807	23628807	harbor2	chr8	23458629	23458786	SINE/MIR	416	-	78	23458707	29900
chr8	23428807	23628807	harbor2	chr8	23487605	23487757	SINE/MIR	572	-	76	23487681	58874
chr8	23428807	23628807	harbor2	chr8	23495634	23495698	SINE/MIR	792	-	32	23495666	66859
chr8	23428807	23628807	harbor2	chr8	23496248	23496437	SINE/MIR	792	-	94	23496342	67535
chr8	23428807	23628807	harbor2	chr8	23508169	23508324	SINE/MIR	438	-	78	23508247	79440
chr8	38368455	38568455	harbor2	chr8	38438177	38438259	SINE/MIR	637	-	41	38438218	69763
chr8	38368455	38568455	harbor2	chr8	38438560	38438687	SINE/MIR	637	-	64	38438624	70169
chr8	38368455	38568455	harbor2	chr8	38453328	38453524	SINE/MIR	445	-	98	38453426	84971
chr8	38368455	38568455	harbor2	chr8	38454691	38454847	SINE/MIR	457	-	78	38454769	86314
chr8	38368455	38568455	harbor2	chr8	38459528	38459720	SINE/MIR	470	-	96	38459624	91169
chr8	23431300	23631300	harbor2	chr8	23440681	23440925	SINE/MIR	820	-	122	23440803	9503
chr8	23431300	23631300	harbor2	chr8	23451943	23452118	SINE/MIR	699	-	88	23452031	20731
chr8	23431300	23631300	harbor2	chr8	23458629	23458786	SINE/MIR	416	-	78	23458707	27407
chr8	23431300	23631300	harbor2	chr8	23487605	23487757	SINE/MIR	572	-	76	23487681	56381
chr8	23431300	23631300	harbor2	chr8	23495634	23495698	SINE/MIR	792	-	32	23495666	64366
chr8	23431300	23631300	harbor2	chr8	23496248	23496437	SINE/MIR	792	-	94	23496342	65042
chr8	23431300	23631300	harbor2	chr8	23508169	23508324	SINE/MIR	438	-	78	23508247	76947
chr8	89802895	90002895	harbor2	chr8	89857344	89857602	SINE/MIR	652	-	129	89857473	54578
chr8	89802895	90002895	harbor2	chr8	89866923	89867059	SINE/MIR	431	-	68	89866991	64096
chr8	89802895	90002895	harbor2	chr8	89891374	89891585	SINE/MIR	627	-	106	89891480	88585
chr8	23428847	23628847	harbor2	chr8	23440681	23440925	SINE/MIR	820	-	122	23440803	11956
chr8	23428847	23628847	harbor2	chr8	23451943	23452118	SINE/MIR	699	-	88	23452031	23184
chr8	23428847	23628847	harbor2	chr8	23458629	23458786	SINE/MIR	416	-	78	23458707	29860
chr8	23428847	23628847	harbor2	chr8	23487605	23487757	SINE/MIR	572	-	76	23487681	58834
chr8	23428847	23628847	harbor2	chr8	23495634	23495698	SINE/MIR	792	-	32	23495666	66819
chr8	23428847	23628847	harbor2	chr8	23496248	23496437	SINE/MIR	792	-	94	23496342	67495
chr8	23428847	23628847	harbor2	chr8	23508169	23508324	SINE/MIR	438	-	78	23508247	79400
chr8	23429149	23629149	harbor2	chr8	23440681	23440925	SINE/MIR	820	-	122	23440803	11654
chr8	23429149	23629149	harbor2	chr8	23451943	23452118	SINE/MIR	699	-	88	23452031	22882
chr8	23429149	23629149	harbor2	chr8	23458629	23458786	SINE/MIR	416	-	78	23458707	29558
chr8	23429149	23629149	harbor2	chr8	23487605	23487757	SINE/MIR	572	-	76	23487681	58532
chr8	23429149	23629149	harbor2	chr8	23495634	23495698	SINE/MIR	792	-	32	23495666	66517
chr8	23429149	23629149	harbor2	chr8	23496248	23496437	SINE/MIR	792	-	94	23496342	67193
chr8	23429149	23629149	harbor2	chr8	23508169	23508324	SINE/MIR	438	-	78	23508247	79098
chr8	23430721	23630721	harbor2	chr8	23440681	23440925	SINE/MIR	820	-	122	23440803	10082
chr8	23430721	23630721	harbor2	chr8	23451943	23452118	SINE/MIR	699	-	88	23452031	21310
chr8	23430721	23630721	harbor2	chr8	23458629	23458786	SINE/MIR	416	-	78	23458707	27986
chr8	23430721	23630721	harbor2	chr8	23487605	23487757	SINE/MIR	572	-	76	23487681	56960
chr8	23430721	23630721	harbor2	chr8	23495634	23495698	SINE/MIR	792	-	32	23495666	64945
chr8	23430721	23630721	harbor2	chr8	23496248	23496437	SINE/MIR	792	-	94	23496342	65621
chr8	23430721	23630721	harbor2	chr8	23508169	23508324	SINE/MIR	438	-	78	23508247	77526
chr8	27226138	27426138	harbor2	chr8	27245883	27246070	SINE/MIR	507	-	94	27245977	19839
chr8	27226138	27426138	harbor2	chr8	27246378	27246486	SINE/MIR	514	-	54	27246432	20294
chr8	27226138	27426138	harbor2	chr8	27271788	27272011	SINE/MIR	556	-	112	27271900	45762
chr8	27226138	27426138	harbor2	chr8	27281749	27281956	SINE/MIR	856	-	104	27281853	55715
chr8	27226138	27426138	harbor2	chr8	27299378	27299580	SINE/MIR	703	-	101	27299479	73341
chr8	27226138	27426138	harbor2	chr8	27322557	27322715	SINE/MIR	438	-	79	27322636	96498
chr8	23428862	23628862	harbor2	chr8	23440681	23440925	SINE/MIR	820	-	122	23440803	11941
chr8	23428862	23628862	harbor2	chr8	23451943	23452118	SINE/MIR	699	-	88	23452031	23169
chr8	23428862	23628862	harbor2	chr8	23458629	23458786	SINE/MIR	416	-	78	23458707	29845
chr8	23428862	23628862	harbor2	chr8	23487605	23487757	SINE/MIR	572	-	76	23487681	58819
chr8	23428862	23628862	harbor2	chr8	23495634	23495698	SINE/MIR	792	-	32	23495666	66804
chr8	23428862	23628862	harbor2	chr8	23496248	23496437	SINE/MIR	792	-	94	23496342	67480
chr8	23428862	23628862	harbor2	chr8	23508169	23508324	SINE/MIR	438	-	78	23508247	79385
chr8	23429308	23629308	harbor2	chr8	23440681	23440925	SINE/MIR	820	-	122	23440803	11495
chr8	23429308	23629308	harbor2	chr8	23451943	23452118	SINE/MIR	699	-	88	23452031	22723
chr8	23429308	23629308	harbor2	chr8	23458629	23458786	SINE/MIR	416	-	78	23458707	29399
chr8	23429308	23629308	harbor2	chr8	23487605	23487757	SINE/MIR	572	-	76	23487681	58373
chr8	23429308	23629308	harbor2	chr8	23495634	23495698	SINE/MIR	792	-	32	23495666	66358
chr8	23429308	23629308	harbor2	chr8	23496248	23496437	SINE/MIR	792	-	94	23496342	67034
chr8	23429308	23629308	harbor2	chr8	23508169	23508324	SINE/MIR	438	-	78	23508247	78939
chr8	90973852	91173852	harbor2	chr8	90983625	90983798	SINE/MIR	516	-	86	90983711	9859
chr8	90973852	91173852	harbor2	chr8	91072116	91072353	SINE/MIR	543	-	118	91072234	98382
chr8	38172676	38372676	harbor2	chr8	38206577	38206725	SINE/MIR	591	-	74	38206651	33975
chr8	23428822	23628822	harbor2	chr8	23440681	23440925	SINE/MIR	820	-	122	23440803	11981
chr8	23428822	23628822	harbor2	chr8	23451943	23452118	SINE/MIR	699	-	88	23452031	23209
chr8	23428822	23628822	harbor2	chr8	23458629	23458786	SINE/MIR	416	-	78	23458707	29885
chr8	23428822	23628822	harbor2	chr8	23487605	23487757	SINE/MIR	572	-	76	23487681	58859
chr8	23428822	23628822	harbor2	chr8	23495634	23495698	SINE/MIR	792	-	32	23495666	66844
chr8	23428822	23628822	harbor2	chr8	23496248	23496437	SINE/MIR	792	-	94	23496342	67520
chr8	23428822	23628822	harbor2	chr8	23508169	23508324	SINE/MIR	438	-	78	23508247	79425
chr8	23432595	23632595	harbor2	chr8	23440681	23440925	SINE/MIR	820	-	122	23440803	8208
chr8	23432595	23632595	harbor2	chr8	23451943	23452118	SINE/MIR	699	-	88	23452031	19436
chr8	23432595	23632595	harbor2	chr8	23458629	23458786	SINE/MIR	416	-	78	23458707	26112
chr8	23432595	23632595	harbor2	chr8	23487605	23487757	SINE/MIR	572	-	76	23487681	55086
chr8	23432595	23632595	harbor2	chr8	23495634	23495698	SINE/MIR	792	-	32	23495666	63071
chr8	23432595	23632595	harbor2	chr8	23496248	23496437	SINE/MIR	792	-	94	23496342	63747
chr8	23432595	23632595	harbor2	chr8	23508169	23508324	SINE/MIR	438	-	78	23508247	75652
chr8	23428886	23628886	harbor2	chr8	23440681	23440925	SINE/MIR	820	-	122	23440803	11917
chr8	23428886	23628886	harbor2	chr8	23451943	23452118	SINE/MIR	699	-	88	23452031	23145
chr8	23428886	23628886	harbor2	chr8	23458629	23458786	SINE/MIR	416	-	78	23458707	29821
chr8	23428886	23628886	harbor2	chr8	23487605	23487757	SINE/MIR	572	-	76	23487681	58795
chr8	23428886	23628886	harbor2	chr8	23495634	23495698	SINE/MIR	792	-	32	23495666	66780
chr8	23428886	23628886	harbor2	chr8	23496248	23496437	SINE/MIR	792	-	94	23496342	67456
chr8	23428886	23628886	harbor2	chr8	23508169	23508324	SINE/MIR	438	-	78	23508247	79361
chr8	23428849	23628849	harbor2	chr8	23440681	23440925	SINE/MIR	820	-	122	23440803	11954
chr8	23428849	23628849	harbor2	chr8	23451943	23452118	SINE/MIR	699	-	88	23452031	23182
chr8	23428849	23628849	harbor2	chr8	23458629	23458786	SINE/MIR	416	-	78	23458707	29858
chr8	23428849	23628849	harbor2	chr8	23487605	23487757	SINE/MIR	572	-	76	23487681	58832
chr8	23428849	23628849	harbor2	chr8	23495634	23495698	SINE/MIR	792	-	32	23495666	66817
chr8	23428849	23628849	harbor2	chr8	23496248	23496437	SINE/MIR	792	-	94	23496342	67493
chr8	23428849	23628849	harbor2	chr8	23508169	23508324	SINE/MIR	438	-	78	23508247	79398
chr8	23428839	23628839	harbor2	chr8	23440681	23440925	SINE/MIR	820	-	122	23440803	11964
chr8	23428839	23628839	harbor2	chr8	23451943	23452118	SINE/MIR	699	-	88	23452031	23192
chr8	23428839	23628839	harbor2	chr8	23458629	23458786	SINE/MIR	416	-	78	23458707	29868
chr8	23428839	23628839	harbor2	chr8	23487605	23487757	SINE/MIR	572	-	76	23487681	58842
chr8	23428839	23628839	harbor2	chr8	23495634	23495698	SINE/MIR	792	-	32	23495666	66827
chr8	23428839	23628839	harbor2	chr8	23496248	23496437	SINE/MIR	792	-	94	23496342	67503
chr8	23428839	23628839	harbor2	chr8	23508169	23508324	SINE/MIR	438	-	78	23508247	79408
chr8	23447867	23647867	harbor2	chr8	23451943	23452118	SINE/MIR	699	-	88	23452031	4164
chr8	23447867	23647867	harbor2	chr8	23458629	23458786	SINE/MIR	416	-	78	23458707	10840
chr8	23447867	23647867	harbor2	chr8	23487605	23487757	SINE/MIR	572	-	76	23487681	39814
chr8	23447867	23647867	harbor2	chr8	23495634	23495698	SINE/MIR	792	-	32	23495666	47799
chr8	23447867	23647867	harbor2	chr8	23496248	23496437	SINE/MIR	792	-	94	23496342	48475
chr8	23447867	23647867	harbor2	chr8	23508169	23508324	SINE/MIR	438	-	78	23508247	60380
chr8	12337432	12537432	harbor2	chr8	12435064	12435298	SINE/MIR	845	-	117	12435181	97749
chr8	38369481	38569481	harbor2	chr8	38438177	38438259	SINE/MIR	637	-	41	38438218	68737
chr8	38369481	38569481	harbor2	chr8	38438560	38438687	SINE/MIR	637	-	64	38438624	69143
chr8	38369481	38569481	harbor2	chr8	38453328	38453524	SINE/MIR	445	-	98	38453426	83945
chr8	38369481	38569481	harbor2	chr8	38454691	38454847	SINE/MIR	457	-	78	38454769	85288
chr8	38369481	38569481	harbor2	chr8	38459528	38459720	SINE/MIR	470	-	96	38459624	90143
chr8	141311590	141511590	harbor2	chr8	141314965	141315153	SINE/MIR	655	-	94	141315059	3469
chr8	141311590	141511590	harbor2	chr8	141332229	141332413	SINE/MIR	463	-	92	141332321	20731
chr8	141311590	141511590	harbor2	chr8	141363935	141364095	SINE/MIR	424	-	80	141364015	52425
chr8	141311590	141511590	harbor2	chr8	141372726	141372961	SINE/MIR	591	-	118	141372844	61254
chr8	23428736	23628736	harbor2	chr8	23440681	23440925	SINE/MIR	820	-	122	23440803	12067
chr8	23428736	23628736	harbor2	chr8	23451943	23452118	SINE/MIR	699	-	88	23452031	23295
chr8	23428736	23628736	harbor2	chr8	23458629	23458786	SINE/MIR	416	-	78	23458707	29971
chr8	23428736	23628736	harbor2	chr8	23487605	23487757	SINE/MIR	572	-	76	23487681	58945
chr8	23428736	23628736	harbor2	chr8	23495634	23495698	SINE/MIR	792	-	32	23495666	66930
chr8	23428736	23628736	harbor2	chr8	23496248	23496437	SINE/MIR	792	-	94	23496342	67606
chr8	23428736	23628736	harbor2	chr8	23508169	23508324	SINE/MIR	438	-	78	23508247	79511
chr8	23429123	23629123	harbor2	chr8	23440681	23440925	SINE/MIR	820	-	122	23440803	11680
chr8	23429123	23629123	harbor2	chr8	23451943	23452118	SINE/MIR	699	-	88	23452031	22908
chr8	23429123	23629123	harbor2	chr8	23458629	23458786	SINE/MIR	416	-	78	23458707	29584
chr8	23429123	23629123	harbor2	chr8	23487605	23487757	SINE/MIR	572	-	76	23487681	58558
chr8	23429123	23629123	harbor2	chr8	23495634	23495698	SINE/MIR	792	-	32	23495666	66543
chr8	23429123	23629123	harbor2	chr8	23496248	23496437	SINE/MIR	792	-	94	23496342	67219
chr8	23429123	23629123	harbor2	chr8	23508169	23508324	SINE/MIR	438	-	78	23508247	79124
chr8	9052098	9252098	harbor2	chr8	9078391	9078531	SINE/MIR	416	-	70	9078461	26363
chr8	9052098	9252098	harbor2	chr8	9116014	9116230	SINE/MIR	532	-	108	9116122	64024
chr8	96040962	96240962	harbor2	chr8	96084925	96085074	SINE/MIR	519	-	74	96084999	44037
chr8	96040962	96240962	harbor2	chr8	96090322	96090565	SINE/MIR	749	-	122	96090444	49482
chr8	141003841	141203841	harbor2	chr8	141006812	141006995	SINE/MIR	604	-	92	141006904	3063
chr8	141003841	141203841	harbor2	chr8	141021578	141021815	SINE/MIR	985	-	118	141021696	17855
chr8	141003841	141203841	harbor2	chr8	141052567	141052775	SINE/MIR	506	-	104	141052671	48830
chr8	141003841	141203841	harbor2	chr8	141061061	141061180	SINE/MIR	415	-	60	141061121	57280
chr8	141003841	141203841	harbor2	chr8	141068016	141068081	SINE/MIR	588	-	32	141068048	64207
chr8	141003841	141203841	harbor2	chr8	141068473	141068603	SINE/MIR	588	-	65	141068538	64697
chr8	141003841	141203841	harbor2	chr8	141078679	141078892	SINE/MIR	432	-	106	141078785	74944
chr8	32680396	32880396	harbor2	chr8	32770307	32770428	SINE/MIR	475	-	60	32770367	89971
chr8	54001877	54201877	harbor2	chr8	54013797	54013970	SINE/MIR	504	-	86	54013883	12006
chr8	38169170	38369170	harbor2	chr8	38206577	38206725	SINE/MIR	591	-	74	38206651	37481
chr8	42742785	42942785	harbor2	chr8	42773853	42774079	SINE/MIR	673	-	113	42773966	31181
chr8	23428733	23628733	harbor2	chr8	23440681	23440925	SINE/MIR	820	-	122	23440803	12070
chr8	23428733	23628733	harbor2	chr8	23451943	23452118	SINE/MIR	699	-	88	23452031	23298
chr8	23428733	23628733	harbor2	chr8	23458629	23458786	SINE/MIR	416	-	78	23458707	29974
chr8	23428733	23628733	harbor2	chr8	23487605	23487757	SINE/MIR	572	-	76	23487681	58948
chr8	23428733	23628733	harbor2	chr8	23495634	23495698	SINE/MIR	792	-	32	23495666	66933
chr8	23428733	23628733	harbor2	chr8	23496248	23496437	SINE/MIR	792	-	94	23496342	67609
chr8	23428733	23628733	harbor2	chr8	23508169	23508324	SINE/MIR	438	-	78	23508247	79514
chr8	23429202	23629202	harbor2	chr8	23440681	23440925	SINE/MIR	820	-	122	23440803	11601
chr8	23429202	23629202	harbor2	chr8	23451943	23452118	SINE/MIR	699	-	88	23452031	22829
chr8	23429202	23629202	harbor2	chr8	23458629	23458786	SINE/MIR	416	-	78	23458707	29505
chr8	23429202	23629202	harbor2	chr8	23487605	23487757	SINE/MIR	572	-	76	23487681	58479
chr8	23429202	23629202	harbor2	chr8	23495634	23495698	SINE/MIR	792	-	32	23495666	66464
chr8	23429202	23629202	harbor2	chr8	23496248	23496437	SINE/MIR	792	-	94	23496342	67140
chr8	23429202	23629202	harbor2	chr8	23508169	23508324	SINE/MIR	438	-	78	23508247	79045
chr8	125678475	125878475	harbor2	chr8	125692553	125692807	SINE/MIR	687	-	127	125692680	14205
chr8	125678475	125878475	harbor2	chr8	125697242	125697482	SINE/MIR	1009	-	120	125697362	18887
chr8	125678475	125878475	harbor2	chr8	125748075	125748215	SINE/MIR	606	-	70	125748145	69670
chr8	125678475	125878475	harbor2	chr8	125748541	125748609	SINE/MIR	606	-	34	125748575	70100
chr8	125678475	125878475	harbor2	chr8	125761868	125761974	SINE/MIR	516	-	53	125761921	83446
chr8	125678475	125878475	harbor2	chr8	125767286	125767499	SINE/MIR	431	-	106	125767392	88917
chr8	23430734	23630734	harbor2	chr8	23440681	23440925	SINE/MIR	820	-	122	23440803	10069
chr8	23430734	23630734	harbor2	chr8	23451943	23452118	SINE/MIR	699	-	88	23452031	21297
chr8	23430734	23630734	harbor2	chr8	23458629	23458786	SINE/MIR	416	-	78	23458707	27973
chr8	23430734	23630734	harbor2	chr8	23487605	23487757	SINE/MIR	572	-	76	23487681	56947
chr8	23430734	23630734	harbor2	chr8	23495634	23495698	SINE/MIR	792	-	32	23495666	64932
chr8	23430734	23630734	harbor2	chr8	23496248	23496437	SINE/MIR	792	-	94	23496342	65608
chr8	23430734	23630734	harbor2	chr8	23508169	23508324	SINE/MIR	438	-	78	23508247	77513
chr8	8292230	8492230	harbor2	chr8	8387809	8387980	SINE/MIR	487	-	86	8387895	95665
chr8	38169192	38369192	harbor2	chr8	38206577	38206725	SINE/MIR	591	-	74	38206651	37459
chr8	54001882	54201882	harbor2	chr8	54013797	54013970	SINE/MIR	504	-	86	54013883	12001
chr8	143329372	143529372	harbor2	chr8	143413438	143413619	SINE/MIR	518	-	90	143413528	84156
chr8	23428636	23628636	harbor2	chr8	23440681	23440925	SINE/MIR	820	-	122	23440803	12167
chr8	23428636	23628636	harbor2	chr8	23451943	23452118	SINE/MIR	699	-	88	23452031	23395
chr8	23428636	23628636	harbor2	chr8	23458629	23458786	SINE/MIR	416	-	78	23458707	30071
chr8	23428636	23628636	harbor2	chr8	23487605	23487757	SINE/MIR	572	-	76	23487681	59045
chr8	23428636	23628636	harbor2	chr8	23495634	23495698	SINE/MIR	792	-	32	23495666	67030
chr8	23428636	23628636	harbor2	chr8	23496248	23496437	SINE/MIR	792	-	94	23496342	67706
chr8	23428636	23628636	harbor2	chr8	23508169	23508324	SINE/MIR	438	-	78	23508247	79611
chr8	23428840	23628840	harbor2	chr8	23440681	23440925	SINE/MIR	820	-	122	23440803	11963
chr8	23428840	23628840	harbor2	chr8	23451943	23452118	SINE/MIR	699	-	88	23452031	23191
chr8	23428840	23628840	harbor2	chr8	23458629	23458786	SINE/MIR	416	-	78	23458707	29867
chr8	23428840	23628840	harbor2	chr8	23487605	23487757	SINE/MIR	572	-	76	23487681	58841
chr8	23428840	23628840	harbor2	chr8	23495634	23495698	SINE/MIR	792	-	32	23495666	66826
chr8	23428840	23628840	harbor2	chr8	23496248	23496437	SINE/MIR	792	-	94	23496342	67502
chr8	23428840	23628840	harbor2	chr8	23508169	23508324	SINE/MIR	438	-	78	23508247	79407
chr8	8793157	8993157	harbor2	chr8	8799840	8800053	SINE/MIR	604	-	106	8799946	6789
chr8	8793157	8993157	harbor2	chr8	8802086	8802311	SINE/MIR	481	-	112	8802198	9041
chr8	27543509	27743509	harbor2	chr8	27545944	27546066	SINE/MIR	430	-	61	27546005	2496
chr8	27543509	27743509	harbor2	chr8	27559131	27559290	SINE/MIR	439	-	80	27559211	15702
chr8	27543509	27743509	harbor2	chr8	27577176	27577372	SINE/MIR	784	-	98	27577274	33765
chr8	27543509	27743509	harbor2	chr8	27583086	27583213	SINE/MIR	418	-	64	27583150	39641
chr8	27543509	27743509	harbor2	chr8	27591645	27591748	SINE/MIR	429	-	52	27591697	48188
chr8	27543509	27743509	harbor2	chr8	27612137	27612296	SINE/MIR	416	-	80	27612217	68708
chr8	27543509	27743509	harbor2	chr8	27635303	27635347	SINE/MIR	419	-	22	27635325	91816
chr8	27543509	27743509	harbor2	chr8	27635857	27635928	SINE/MIR	419	-	36	27635893	92384
chr8	27543509	27743509	harbor2	chr8	27642329	27642474	SINE/MIR	431	-	72	27642401	98892
chr8	25085369	25285369	harbor2	chr8	25165920	25165993	SINE/MIR	442	-	36	25165956	80587
chr8	25085369	25285369	harbor2	chr8	25166293	25166422	SINE/MIR	442	-	64	25166357	80988
chr8	23428828	23628828	harbor2	chr8	23440681	23440925	SINE/MIR	820	-	122	23440803	11975
chr8	23428828	23628828	harbor2	chr8	23451943	23452118	SINE/MIR	699	-	88	23452031	23203
chr8	23428828	23628828	harbor2	chr8	23458629	23458786	SINE/MIR	416	-	78	23458707	29879
chr8	23428828	23628828	harbor2	chr8	23487605	23487757	SINE/MIR	572	-	76	23487681	58853
chr8	23428828	23628828	harbor2	chr8	23495634	23495698	SINE/MIR	792	-	32	23495666	66838
chr8	23428828	23628828	harbor2	chr8	23496248	23496437	SINE/MIR	792	-	94	23496342	67514
chr8	23428828	23628828	harbor2	chr8	23508169	23508324	SINE/MIR	438	-	78	23508247	79419
chr8	23428920	23628920	harbor2	chr8	23440681	23440925	SINE/MIR	820	-	122	23440803	11883
chr8	23428920	23628920	harbor2	chr8	23451943	23452118	SINE/MIR	699	-	88	23452031	23111
chr8	23428920	23628920	harbor2	chr8	23458629	23458786	SINE/MIR	416	-	78	23458707	29787
chr8	23428920	23628920	harbor2	chr8	23487605	23487757	SINE/MIR	572	-	76	23487681	58761
chr8	23428920	23628920	harbor2	chr8	23495634	23495698	SINE/MIR	792	-	32	23495666	66746
chr8	23428920	23628920	harbor2	chr8	23496248	23496437	SINE/MIR	792	-	94	23496342	67422
chr8	23428920	23628920	harbor2	chr8	23508169	23508324	SINE/MIR	438	-	78	23508247	79327
chr8	141309378	141509378	harbor2	chr8	141314965	141315153	SINE/MIR	655	-	94	141315059	5681
chr8	141309378	141509378	harbor2	chr8	141332229	141332413	SINE/MIR	463	-	92	141332321	22943
chr8	141309378	141509378	harbor2	chr8	141363935	141364095	SINE/MIR	424	-	80	141364015	54637
chr8	141309378	141509378	harbor2	chr8	141372726	141372961	SINE/MIR	591	-	118	141372844	63466
chr8	23428899	23628899	harbor2	chr8	23440681	23440925	SINE/MIR	820	-	122	23440803	11904
chr8	23428899	23628899	harbor2	chr8	23451943	23452118	SINE/MIR	699	-	88	23452031	23132
chr8	23428899	23628899	harbor2	chr8	23458629	23458786	SINE/MIR	416	-	78	23458707	29808
chr8	23428899	23628899	harbor2	chr8	23487605	23487757	SINE/MIR	572	-	76	23487681	58782
chr8	23428899	23628899	harbor2	chr8	23495634	23495698	SINE/MIR	792	-	32	23495666	66767
chr8	23428899	23628899	harbor2	chr8	23496248	23496437	SINE/MIR	792	-	94	23496342	67443
chr8	23428899	23628899	harbor2	chr8	23508169	23508324	SINE/MIR	438	-	78	23508247	79348
chr8	23651754	23851754	harbor2	chr8	23670264	23670457	SINE/MIR	613	-	96	23670360	18606
chr8	23651754	23851754	harbor2	chr8	23698287	23698414	SINE/MIR	443	-	64	23698351	46597
chr8	23651754	23851754	harbor2	chr8	23741314	23741523	SINE/MIR	533	-	104	23741418	89664
chr8	41429283	41629283	harbor2	chr8	41507946	41508175	SINE/MIR	587	-	114	41508060	78777
chr8	41429283	41629283	harbor2	chr8	41509161	41509354	SINE/MIR	706	-	96	41509257	79974
chr8	8795419	8995419	harbor2	chr8	8799840	8800053	SINE/MIR	604	-	106	8799946	4527
chr8	8795419	8995419	harbor2	chr8	8802086	8802311	SINE/MIR	481	-	112	8802198	6779
chr8	143960530	144160530	harbor2	chr8	144006245	144006414	SINE/MIR	505	-	84	144006329	45799
chr8	48821299	49021299	harbor2	chr8	48878462	48878665	SINE/MIR	488	-	102	48878564	57265
chr8	38169185	38369185	harbor2	chr8	38206577	38206725	SINE/MIR	591	-	74	38206651	37466
chr8	141314854	141514854	harbor2	chr8	141314965	141315153	SINE/MIR	655	-	94	141315059	205
chr8	141314854	141514854	harbor2	chr8	141332229	141332413	SINE/MIR	463	-	92	141332321	17467
chr8	141314854	141514854	harbor2	chr8	141363935	141364095	SINE/MIR	424	-	80	141364015	49161
chr8	141314854	141514854	harbor2	chr8	141372726	141372961	SINE/MIR	591	-	118	141372844	57990
chr8	26477941	26677941	harbor2	chr8	26483352	26483514	SINE/MIR	473	-	81	26483433	5492
chr8	26477941	26677941	harbor2	chr8	26492046	26492218	SINE/MIR	520	-	86	26492132	14191
chr8	26477941	26677941	harbor2	chr8	26505194	26505364	SINE/MIR	451	-	85	26505279	27338
chr8	102203037	102403037	harbor2	chr8	102207740	102207905	SINE/MIR	519	-	82	102207822	4785
chr8	102203037	102403037	harbor2	chr8	102212074	102212288	SINE/MIR	1016	-	107	102212181	9144
chr8	102203037	102403037	harbor2	chr8	102230775	102230992	SINE/MIR	762	-	108	102230883	27846
chr8	102203037	102403037	harbor2	chr8	102259529	102259725	SINE/MIR	533	-	98	102259627	56590
chr8	38172009	38372009	harbor2	chr8	38206577	38206725	SINE/MIR	591	-	74	38206651	34642
chr8	144174581	144374581	harbor2	chr8	144188411	144188449	SINE/MIR	523	-	19	144188430	13849
chr8	144174581	144374581	harbor2	chr8	144188766	144188888	SINE/MIR	523	-	61	144188827	14246
chr8	23456020	23656020	harbor2	chr8	23458629	23458786	SINE/MIR	416	-	78	23458707	2687
chr8	23456020	23656020	harbor2	chr8	23487605	23487757	SINE/MIR	572	-	76	23487681	31661
chr8	23456020	23656020	harbor2	chr8	23495634	23495698	SINE/MIR	792	-	32	23495666	39646
chr8	23456020	23656020	harbor2	chr8	23496248	23496437	SINE/MIR	792	-	94	23496342	40322
chr8	23456020	23656020	harbor2	chr8	23508169	23508324	SINE/MIR	438	-	78	23508247	52227
chr8	23456020	23656020	harbor2	chr8	23551618	23551816	SINE/MIR	496	-	99	23551717	95697
chr8	23456020	23656020	harbor2	chr8	23552252	23552415	SINE/MIR	433	-	82	23552334	96314
chr8	38175043	38375043	harbor2	chr8	38206577	38206725	SINE/MIR	591	-	74	38206651	31608
chr8	142525505	142725505	harbor2	chr8	142552216	142552326	SINE/MIR	438	-	55	142552271	26766
chr8	142525505	142725505	harbor2	chr8	142623088	142623275	SINE/MIR	443	-	94	142623182	97677
chr8	115390199	115590199	harbor2	chr8	115396630	115396778	SINE/MIR	473	-	74	115396704	6505
chr8	115390199	115590199	harbor2	chr8	115427426	115427589	SINE/MIR	484	-	82	115427508	37309
chr8	115390199	115590199	harbor2	chr8	115483172	115483250	SINE/MIR	520	-	39	115483211	93012
chr8	115390199	115590199	harbor2	chr8	115483553	115483695	SINE/MIR	520	-	71	115483624	93425
chr8	23428854	23628854	harbor2	chr8	23440681	23440925	SINE/MIR	820	-	122	23440803	11949
chr8	23428854	23628854	harbor2	chr8	23451943	23452118	SINE/MIR	699	-	88	23452031	23177
chr8	23428854	23628854	harbor2	chr8	23458629	23458786	SINE/MIR	416	-	78	23458707	29853
chr8	23428854	23628854	harbor2	chr8	23487605	23487757	SINE/MIR	572	-	76	23487681	58827
chr8	23428854	23628854	harbor2	chr8	23495634	23495698	SINE/MIR	792	-	32	23495666	66812
chr8	23428854	23628854	harbor2	chr8	23496248	23496437	SINE/MIR	792	-	94	23496342	67488
chr8	23428854	23628854	harbor2	chr8	23508169	23508324	SINE/MIR	438	-	78	23508247	79393
chr8	23428795	23628795	harbor2	chr8	23440681	23440925	SINE/MIR	820	-	122	23440803	12008
chr8	23428795	23628795	harbor2	chr8	23451943	23452118	SINE/MIR	699	-	88	23452031	23236
chr8	23428795	23628795	harbor2	chr8	23458629	23458786	SINE/MIR	416	-	78	23458707	29912
chr8	23428795	23628795	harbor2	chr8	23487605	23487757	SINE/MIR	572	-	76	23487681	58886
chr8	23428795	23628795	harbor2	chr8	23495634	23495698	SINE/MIR	792	-	32	23495666	66871
chr8	23428795	23628795	harbor2	chr8	23496248	23496437	SINE/MIR	792	-	94	23496342	67547
chr8	23428795	23628795	harbor2	chr8	23508169	23508324	SINE/MIR	438	-	78	23508247	79452
chr8	143982665	144182665	harbor2	chr8	144006245	144006414	SINE/MIR	505	-	84	144006329	23664
chr8	142525504	142725504	harbor2	chr8	142552216	142552326	SINE/MIR	438	-	55	142552271	26767
chr8	142525504	142725504	harbor2	chr8	142623088	142623275	SINE/MIR	443	-	94	142623182	97678
chr8	141300777	141500777	harbor2	chr8	141314965	141315153	SINE/MIR	655	-	94	141315059	14282
chr8	141300777	141500777	harbor2	chr8	141332229	141332413	SINE/MIR	463	-	92	141332321	31544
chr8	141300777	141500777	harbor2	chr8	141363935	141364095	SINE/MIR	424	-	80	141364015	63238
chr8	141300777	141500777	harbor2	chr8	141372726	141372961	SINE/MIR	591	-	118	141372844	72067
chr8	143366392	143566392	harbor2	chr8	143413438	143413619	SINE/MIR	518	-	90	143413528	47136
chr8	10960481	11160481	harbor2	chr8	10960521	10960725	SINE/MIR	438	-	102	10960623	142
chr8	10960481	11160481	harbor2	chr8	10997274	10997437	SINE/MIR	578	-	82	10997356	36875
chr8	10960481	11160481	harbor2	chr8	11003569	11003754	SINE/MIR	553	-	92	11003661	43180
chr8	10960481	11160481	harbor2	chr8	11010953	11011180	SINE/MIR	727	-	114	11011067	50586
chr8	10960481	11160481	harbor2	chr8	11013123	11013251	SINE/MIR	430	-	64	11013187	52706
chr8	10960481	11160481	harbor2	chr8	11022604	11022788	SINE/MIR	507	-	92	11022696	62215
chr8	10960481	11160481	harbor2	chr8	11027477	11027592	SINE/MIR	436	-	58	11027535	67054
chr8	10960481	11160481	harbor2	chr8	11028705	11028914	SINE/MIR	586	-	104	11028809	68328
chr8	10960481	11160481	harbor2	chr8	11044545	11044627	SINE/MIR	415	-	41	11044586	84105
chr8	10960481	11160481	harbor2	chr8	11044918	11044988	SINE/MIR	415	-	35	11044953	84472
chr8	10960481	11160481	harbor2	chr8	11058940	11059109	SINE/MIR	456	-	84	11059024	98543
chr8	38169198	38369198	harbor2	chr8	38206577	38206725	SINE/MIR	591	-	74	38206651	37453
chr8	22818594	23018594	harbor2	chr8	22841009	22841268	SINE/MIR	722	-	130	22841139	22545
chr8	22818594	23018594	harbor2	chr8	22861287	22861546	SINE/MIR	586	-	130	22861417	42823
chr8	22818594	23018594	harbor2	chr8	22862572	22862799	SINE/MIR	488	-	114	22862686	44092
chr8	22818594	23018594	harbor2	chr8	22885184	22885419	SINE/MIR	862	-	118	22885302	66708
chr8	22818594	23018594	harbor2	chr8	22897514	22897620	SINE/MIR	421	-	53	22897567	78973
chr8	22818594	23018594	harbor2	chr8	22908492	22908652	SINE/MIR	508	-	80	22908572	89978
chr8	41849522	42049522	harbor2	chr8	41852583	41852799	SINE/MIR	431	-	108	41852691	3169
chr8	41849522	42049522	harbor2	chr8	41873400	41873599	SINE/MIR	472	-	100	41873500	23978
chr8	41849522	42049522	harbor2	chr8	41886261	41886476	SINE/MIR	561	-	108	41886369	36847
chr8	41849522	42049522	harbor2	chr8	41890132	41890328	SINE/MIR	563	-	98	41890230	40708
chr8	41849522	42049522	harbor2	chr8	41899254	41899342	SINE/MIR	603	-	44	41899298	49776
chr8	41849522	42049522	harbor2	chr8	41899677	41899760	SINE/MIR	603	-	42	41899719	50197
chr8	41849522	42049522	harbor2	chr8	41902064	41902282	SINE/MIR	706	-	109	41902173	52651
chr8	41849522	42049522	harbor2	chr8	41941553	41941819	SINE/MIR	770	-	133	41941686	92164
chr8	138813637	139013637	harbor2	chr8	138816954	138817111	SINE/MIR	509	-	78	138817032	3395
chr8	138813637	139013637	harbor2	chr8	138817561	138817627	SINE/MIR	509	-	33	138817594	3957
chr8	138813637	139013637	harbor2	chr8	138817757	138817897	SINE/MIR	496	-	70	138817827	4190
chr8	138813637	139013637	harbor2	chr8	138826087	138826320	SINE/MIR	821	-	116	138826203	12566
chr8	138813637	139013637	harbor2	chr8	138839853	138840043	SINE/MIR	449	-	95	138839948	26311
chr8	138813637	139013637	harbor2	chr8	138849309	138849541	SINE/MIR	510	-	116	138849425	35788
chr8	138813637	139013637	harbor2	chr8	138849748	138849860	SINE/MIR	484	-	56	138849804	36167
chr8	138813637	139013637	harbor2	chr8	138855195	138855425	SINE/MIR	655	-	115	138855310	41673
chr8	138813637	139013637	harbor2	chr8	138868633	138868734	SINE/MIR	532	-	50	138868683	55046
chr8	138813637	139013637	harbor2	chr8	138869031	138869165	SINE/MIR	532	-	67	138869098	55461
chr8	138813637	139013637	harbor2	chr8	138889021	138889239	SINE/MIR	478	-	109	138889130	75493
chr8	138813637	139013637	harbor2	chr8	138891291	138891451	SINE/MIR	428	-	80	138891371	77734
chr8	138813637	139013637	harbor2	chr8	138891470	138891703	SINE/MIR	425	-	116	138891586	77949
chr8	138813637	139013637	harbor2	chr8	138854370	138854542	SINE/MIR	461	-	86	138854456	40819
chr8	143327452	143527452	harbor2	chr8	143413438	143413619	SINE/MIR	518	-	90	143413528	86076
chr8	102598762	102798762	harbor2	chr8	102613563	102613756	SINE/MIR	677	-	96	102613659	14897
chr8	102598762	102798762	harbor2	chr8	102614043	102614256	SINE/MIR	445	-	106	102614149	15387
chr8	102598762	102798762	harbor2	chr8	102626277	102626495	SINE/MIR	546	-	109	102626386	27624
chr8	102598762	102798762	harbor2	chr8	102643589	102643771	SINE/MIR	414	-	91	102643680	44918
chr8	23429259	23629259	harbor2	chr8	23440681	23440925	SINE/MIR	820	-	122	23440803	11544
chr8	23429259	23629259	harbor2	chr8	23451943	23452118	SINE/MIR	699	-	88	23452031	22772
chr8	23429259	23629259	harbor2	chr8	23458629	23458786	SINE/MIR	416	-	78	23458707	29448
chr8	23429259	23629259	harbor2	chr8	23487605	23487757	SINE/MIR	572	-	76	23487681	58422
chr8	23429259	23629259	harbor2	chr8	23495634	23495698	SINE/MIR	792	-	32	23495666	66407
chr8	23429259	23629259	harbor2	chr8	23496248	23496437	SINE/MIR	792	-	94	23496342	67083
chr8	23429259	23629259	harbor2	chr8	23508169	23508324	SINE/MIR	438	-	78	23508247	78988
chr8	30059382	30259382	harbor2	chr8	30137576	30137591	SINE/MIR	461	-	8	30137584	78202
chr8	30059382	30259382	harbor2	chr8	30138313	30138475	SINE/MIR	461	-	81	30138394	79012
chr8	30068591	30268591	harbor2	chr8	30137576	30137591	SINE/MIR	461	-	8	30137584	68993
chr8	30068591	30268591	harbor2	chr8	30138313	30138475	SINE/MIR	461	-	81	30138394	69803
chr8	89884671	90084671	harbor2	chr8	89891374	89891585	SINE/MIR	627	-	106	89891480	6809
chr8	89884671	90084671	harbor2	chr8	89940854	89940990	SINE/MIR	541	-	68	89940922	56251
chr8	89884671	90084671	harbor2	chr8	89947134	89947325	SINE/MIR	418	-	96	89947230	62559
chr8	104533858	104733858	harbor2	chr8	104550094	104550303	SINE/MIR	648	-	104	104550198	16340
chr8	104533858	104733858	harbor2	chr8	104559879	104560101	SINE/MIR	488	-	111	104559990	26132
chr8	104533858	104733858	harbor2	chr8	104563265	104563432	SINE/MIR	453	-	84	104563349	29491
chr8	104533858	104733858	harbor2	chr8	104594409	104594581	SINE/MIR	596	-	86	104594495	60637
chr8	104533858	104733858	harbor2	chr8	104604896	104605084	SINE/MIR	630	-	94	104604990	71132
chr8	104533858	104733858	harbor2	chr8	104605113	104605302	SINE/MIR	685	-	94	104605207	71349
chr8	104533858	104733858	harbor2	chr8	104605307	104605441	SINE/MIR	429	-	67	104605374	71516
chr8	104533858	104733858	harbor2	chr8	104631443	104631586	SINE/MIR	441	-	72	104631515	97657
chr8	23428874	23628874	harbor2	chr8	23440681	23440925	SINE/MIR	820	-	122	23440803	11929
chr8	23428874	23628874	harbor2	chr8	23451943	23452118	SINE/MIR	699	-	88	23452031	23157
chr8	23428874	23628874	harbor2	chr8	23458629	23458786	SINE/MIR	416	-	78	23458707	29833
chr8	23428874	23628874	harbor2	chr8	23487605	23487757	SINE/MIR	572	-	76	23487681	58807
chr8	23428874	23628874	harbor2	chr8	23495634	23495698	SINE/MIR	792	-	32	23495666	66792
chr8	23428874	23628874	harbor2	chr8	23496248	23496437	SINE/MIR	792	-	94	23496342	67468
chr8	23428874	23628874	harbor2	chr8	23508169	23508324	SINE/MIR	438	-	78	23508247	79373
chr8	38169188	38369188	harbor2	chr8	38206577	38206725	SINE/MIR	591	-	74	38206651	37463
chr8	23744917	23944917	harbor2	chr8	23791545	23791698	SINE/MIR	416	-	76	23791621	46704
chr8	23744917	23944917	harbor2	chr8	23825818	23826044	SINE/MIR	669	-	113	23825931	81014
chr8	23744917	23944917	harbor2	chr8	23827005	23827203	SINE/MIR	755	-	99	23827104	82187
chr8	23744917	23944917	harbor2	chr8	23840432	23840692	SINE/MIR	445	-	130	23840562	95645
chr8	23744917	23944917	harbor2	chr8	23841161	23841405	SINE/MIR	446	-	122	23841283	96366
chr8	138716197	138916197	harbor2	chr8	138722635	138722790	SINE/MIR	499	-	78	138722713	6516
chr8	138716197	138916197	harbor2	chr8	138736817	138736944	SINE/MIR	430	-	64	138736881	20684
chr8	138716197	138916197	harbor2	chr8	138757620	138757800	SINE/MIR	441	-	90	138757710	41513
chr8	138716197	138916197	harbor2	chr8	138765297	138765476	SINE/MIR	480	-	90	138765387	49190
chr8	138716197	138916197	harbor2	chr8	138770906	138771143	SINE/MIR	535	-	118	138771024	54827
chr8	138716197	138916197	harbor2	chr8	138793403	138793540	SINE/MIR	511	-	68	138793471	77274
chr8	138716197	138916197	harbor2	chr8	138800475	138800611	SINE/MIR	440	-	68	138800543	84346
chr8	138716197	138916197	harbor2	chr8	138802057	138802177	SINE/MIR	570	-	60	138802117	85920
chr8	138716197	138916197	harbor2	chr8	138788775	138789003	SINE/MIR	670	-	114	138788889	72692
chr9	4884805	5084805	harbor2	chr9	4903550	4903770	SINE/MIR	774	-	110	4903660	18855
chr9	4884805	5084805	harbor2	chr9	4935456	4935610	SINE/MIR	487	-	77	4935533	50728
chr9	4884805	5084805	harbor2	chr9	4982190	4982371	SINE/MIR	482	-	90	4982280	97475
chr9	4886038	5086038	harbor2	chr9	4903550	4903770	SINE/MIR	774	-	110	4903660	17622
chr9	4886038	5086038	harbor2	chr9	4935456	4935610	SINE/MIR	487	-	77	4935533	49495
chr9	4886038	5086038	harbor2	chr9	4982190	4982371	SINE/MIR	482	-	90	4982280	96242
chr9	4884737	5084737	harbor2	chr9	4903550	4903770	SINE/MIR	774	-	110	4903660	18923
chr9	4884737	5084737	harbor2	chr9	4935456	4935610	SINE/MIR	487	-	77	4935533	50796
chr9	4884737	5084737	harbor2	chr9	4982190	4982371	SINE/MIR	482	-	90	4982280	97543
chr9	4884821	5084821	harbor2	chr9	4903550	4903770	SINE/MIR	774	-	110	4903660	18839
chr9	4884821	5084821	harbor2	chr9	4935456	4935610	SINE/MIR	487	-	77	4935533	50712
chr9	4884821	5084821	harbor2	chr9	4982190	4982371	SINE/MIR	482	-	90	4982280	97459
chr9	4886039	5086039	harbor2	chr9	4903550	4903770	SINE/MIR	774	-	110	4903660	17621
chr9	4886039	5086039	harbor2	chr9	4935456	4935610	SINE/MIR	487	-	77	4935533	49494
chr9	4886039	5086039	harbor2	chr9	4982190	4982371	SINE/MIR	482	-	90	4982280	96241
chr9	4884782	5084782	harbor2	chr9	4903550	4903770	SINE/MIR	774	-	110	4903660	18878
chr9	4884782	5084782	harbor2	chr9	4935456	4935610	SINE/MIR	487	-	77	4935533	50751
chr9	4884782	5084782	harbor2	chr9	4982190	4982371	SINE/MIR	482	-	90	4982280	97498
chr9	21909388	22109388	harbor2	chr9	21909707	21909967	SINE/MIR	812	-	130	21909837	449
chr9	4966574	5166574	harbor2	chr9	4982190	4982371	SINE/MIR	482	-	90	4982280	15706
chr9	4886275	5086275	harbor2	chr9	4903550	4903770	SINE/MIR	774	-	110	4903660	17385
chr9	4886275	5086275	harbor2	chr9	4935456	4935610	SINE/MIR	487	-	77	4935533	49258
chr9	4886275	5086275	harbor2	chr9	4982190	4982371	SINE/MIR	482	-	90	4982280	96005
chr9	136383110	136583110	harbor2	chr9	136445940	136446080	SINE/MIR	506	-	70	136446010	62900
chr9	4692826	4892826	harbor2	chr9	4693761	4693989	SINE/MIR	775	-	114	4693875	1049
chr9	4692826	4892826	harbor2	chr9	4700666	4700829	SINE/MIR	636	-	82	4700748	7922
chr9	4692826	4892826	harbor2	chr9	4704121	4704352	SINE/MIR	491	-	116	4704237	11411
chr9	4692826	4892826	harbor2	chr9	4716352	4716547	SINE/MIR	506	-	98	4716450	23624
chr9	4692826	4892826	harbor2	chr9	4717010	4717224	SINE/MIR	597	-	107	4717117	24291
chr9	4692782	4892782	harbor2	chr9	4693761	4693989	SINE/MIR	775	-	114	4693875	1093
chr9	4692782	4892782	harbor2	chr9	4700666	4700829	SINE/MIR	636	-	82	4700748	7966
chr9	4692782	4892782	harbor2	chr9	4704121	4704352	SINE/MIR	491	-	116	4704237	11455
chr9	4692782	4892782	harbor2	chr9	4716352	4716547	SINE/MIR	506	-	98	4716450	23668
chr9	4692782	4892782	harbor2	chr9	4717010	4717224	SINE/MIR	597	-	107	4717117	24335
chr9	4884843	5084843	harbor2	chr9	4903550	4903770	SINE/MIR	774	-	110	4903660	18817
chr9	4884843	5084843	harbor2	chr9	4935456	4935610	SINE/MIR	487	-	77	4935533	50690
chr9	4884843	5084843	harbor2	chr9	4982190	4982371	SINE/MIR	482	-	90	4982280	97437
chr9	4884788	5084788	harbor2	chr9	4903550	4903770	SINE/MIR	774	-	110	4903660	18872
chr9	4884788	5084788	harbor2	chr9	4935456	4935610	SINE/MIR	487	-	77	4935533	50745
chr9	4884788	5084788	harbor2	chr9	4982190	4982371	SINE/MIR	482	-	90	4982280	97492
chr9	4692810	4892810	harbor2	chr9	4693761	4693989	SINE/MIR	775	-	114	4693875	1065
chr9	4692810	4892810	harbor2	chr9	4700666	4700829	SINE/MIR	636	-	82	4700748	7938
chr9	4692810	4892810	harbor2	chr9	4704121	4704352	SINE/MIR	491	-	116	4704237	11427
chr9	4692810	4892810	harbor2	chr9	4716352	4716547	SINE/MIR	506	-	98	4716450	23640
chr9	4692810	4892810	harbor2	chr9	4717010	4717224	SINE/MIR	597	-	107	4717117	24307
chr9	4886030	5086030	harbor2	chr9	4903550	4903770	SINE/MIR	774	-	110	4903660	17630
chr9	4886030	5086030	harbor2	chr9	4935456	4935610	SINE/MIR	487	-	77	4935533	49503
chr9	4886030	5086030	harbor2	chr9	4982190	4982371	SINE/MIR	482	-	90	4982280	96250
chr9	4884822	5084822	harbor2	chr9	4903550	4903770	SINE/MIR	774	-	110	4903660	18838
chr9	4884822	5084822	harbor2	chr9	4935456	4935610	SINE/MIR	487	-	77	4935533	50711
chr9	4884822	5084822	harbor2	chr9	4982190	4982371	SINE/MIR	482	-	90	4982280	97458
chr9	112389442	112589442	harbor2	chr9	112415322	112415558	SINE/MIR	614	-	118	112415440	25998
chr9	112389442	112589442	harbor2	chr9	112443282	112443491	SINE/MIR	597	-	104	112443386	53944
chr9	4694791	4894791	harbor2	chr9	4700666	4700829	SINE/MIR	636	-	82	4700748	5957
chr9	4694791	4894791	harbor2	chr9	4704121	4704352	SINE/MIR	491	-	116	4704237	9446
chr9	4694791	4894791	harbor2	chr9	4716352	4716547	SINE/MIR	506	-	98	4716450	21659
chr9	4694791	4894791	harbor2	chr9	4717010	4717224	SINE/MIR	597	-	107	4717117	22326
chr9	136639478	136839478	harbor2	chr9	136681931	136682123	SINE/MIR	596	-	96	136682027	42549
chr9	79476304	79676304	harbor2	chr9	79507594	79507819	SINE/MIR	503	-	112	79507706	31402
chr9	79476304	79676304	harbor2	chr9	79521985	79522198	SINE/MIR	672	-	106	79522091	45787
chr9	4884859	5084859	harbor2	chr9	4903550	4903770	SINE/MIR	774	-	110	4903660	18801
chr9	4884859	5084859	harbor2	chr9	4935456	4935610	SINE/MIR	487	-	77	4935533	50674
chr9	4884859	5084859	harbor2	chr9	4982190	4982371	SINE/MIR	482	-	90	4982280	97421
chr9	4884785	5084785	harbor2	chr9	4903550	4903770	SINE/MIR	774	-	110	4903660	18875
chr9	4884785	5084785	harbor2	chr9	4935456	4935610	SINE/MIR	487	-	77	4935533	50748
chr9	4884785	5084785	harbor2	chr9	4982190	4982371	SINE/MIR	482	-	90	4982280	97495
chr9	112387666	112587666	harbor2	chr9	112415322	112415558	SINE/MIR	614	-	118	112415440	27774
chr9	112387666	112587666	harbor2	chr9	112443282	112443491	SINE/MIR	597	-	104	112443386	55720
chr9	4884771	5084771	harbor2	chr9	4903550	4903770	SINE/MIR	774	-	110	4903660	18889
chr9	4884771	5084771	harbor2	chr9	4935456	4935610	SINE/MIR	487	-	77	4935533	50762
chr9	4884771	5084771	harbor2	chr9	4982190	4982371	SINE/MIR	482	-	90	4982280	97509
chr9	4885574	5085574	harbor2	chr9	4903550	4903770	SINE/MIR	774	-	110	4903660	18086
chr9	4885574	5085574	harbor2	chr9	4935456	4935610	SINE/MIR	487	-	77	4935533	49959
chr9	4885574	5085574	harbor2	chr9	4982190	4982371	SINE/MIR	482	-	90	4982280	96706
chr9	4909381	5109381	harbor2	chr9	4935456	4935610	SINE/MIR	487	-	77	4935533	26152
chr9	4909381	5109381	harbor2	chr9	4982190	4982371	SINE/MIR	482	-	90	4982280	72899
chr9	4884790	5084790	harbor2	chr9	4903550	4903770	SINE/MIR	774	-	110	4903660	18870
chr9	4884790	5084790	harbor2	chr9	4935456	4935610	SINE/MIR	487	-	77	4935533	50743
chr9	4884790	5084790	harbor2	chr9	4982190	4982371	SINE/MIR	482	-	90	4982280	97490
chr9	4692766	4892766	harbor2	chr9	4693761	4693989	SINE/MIR	775	-	114	4693875	1109
chr9	4692766	4892766	harbor2	chr9	4700666	4700829	SINE/MIR	636	-	82	4700748	7982
chr9	4692766	4892766	harbor2	chr9	4704121	4704352	SINE/MIR	491	-	116	4704237	11471
chr9	4692766	4892766	harbor2	chr9	4716352	4716547	SINE/MIR	506	-	98	4716450	23684
chr9	4692766	4892766	harbor2	chr9	4717010	4717224	SINE/MIR	597	-	107	4717117	24351
chr9	4886294	5086294	harbor2	chr9	4903550	4903770	SINE/MIR	774	-	110	4903660	17366
chr9	4886294	5086294	harbor2	chr9	4935456	4935610	SINE/MIR	487	-	77	4935533	49239
chr9	4886294	5086294	harbor2	chr9	4982190	4982371	SINE/MIR	482	-	90	4982280	95986
chr9	4692809	4892809	harbor2	chr9	4693761	4693989	SINE/MIR	775	-	114	4693875	1066
chr9	4692809	4892809	harbor2	chr9	4700666	4700829	SINE/MIR	636	-	82	4700748	7939
chr9	4692809	4892809	harbor2	chr9	4704121	4704352	SINE/MIR	491	-	116	4704237	11428
chr9	4692809	4892809	harbor2	chr9	4716352	4716547	SINE/MIR	506	-	98	4716450	23641
chr9	4692809	4892809	harbor2	chr9	4717010	4717224	SINE/MIR	597	-	107	4717117	24308
chr9	4885943	5085943	harbor2	chr9	4903550	4903770	SINE/MIR	774	-	110	4903660	17717
chr9	4885943	5085943	harbor2	chr9	4935456	4935610	SINE/MIR	487	-	77	4935533	49590
chr9	4885943	5085943	harbor2	chr9	4982190	4982371	SINE/MIR	482	-	90	4982280	96337
chr9	4884804	5084804	harbor2	chr9	4903550	4903770	SINE/MIR	774	-	110	4903660	18856
chr9	4884804	5084804	harbor2	chr9	4935456	4935610	SINE/MIR	487	-	77	4935533	50729
chr9	4884804	5084804	harbor2	chr9	4982190	4982371	SINE/MIR	482	-	90	4982280	97476
chr9	4884786	5084786	harbor2	chr9	4903550	4903770	SINE/MIR	774	-	110	4903660	18874
chr9	4884786	5084786	harbor2	chr9	4935456	4935610	SINE/MIR	487	-	77	4935533	50747
chr9	4884786	5084786	harbor2	chr9	4982190	4982371	SINE/MIR	482	-	90	4982280	97494
chr9	4884800	5084800	harbor2	chr9	4903550	4903770	SINE/MIR	774	-	110	4903660	18860
chr9	4884800	5084800	harbor2	chr9	4935456	4935610	SINE/MIR	487	-	77	4935533	50733
chr9	4884800	5084800	harbor2	chr9	4982190	4982371	SINE/MIR	482	-	90	4982280	97480
chr9	4884853	5084853	harbor2	chr9	4903550	4903770	SINE/MIR	774	-	110	4903660	18807
chr9	4884853	5084853	harbor2	chr9	4935456	4935610	SINE/MIR	487	-	77	4935533	50680
chr9	4884853	5084853	harbor2	chr9	4982190	4982371	SINE/MIR	482	-	90	4982280	97427
chr9	5907138	6107138	harbor2	chr9	5915306	5915422	SINE/MIR	537	-	58	5915364	8226
chr9	5907138	6107138	harbor2	chr9	5929698	5929946	SINE/MIR	528	-	124	5929822	22684
chr9	5907138	6107138	harbor2	chr9	5950359	5950536	SINE/MIR	797	-	88	5950447	43309
chr9	5907138	6107138	harbor2	chr9	5957106	5957337	SINE/MIR	659	-	116	5957222	50084
chr9	5907138	6107138	harbor2	chr9	5957365	5957609	SINE/MIR	569	-	122	5957487	50349
chr9	5907138	6107138	harbor2	chr9	6006157	6006400	SINE/MIR	761	-	122	6006279	99141
chr9	4885772	5085772	harbor2	chr9	4903550	4903770	SINE/MIR	774	-	110	4903660	17888
chr9	4885772	5085772	harbor2	chr9	4935456	4935610	SINE/MIR	487	-	77	4935533	49761
chr9	4885772	5085772	harbor2	chr9	4982190	4982371	SINE/MIR	482	-	90	4982280	96508
chr9	4692868	4892868	harbor2	chr9	4693761	4693989	SINE/MIR	775	-	114	4693875	1007
chr9	4692868	4892868	harbor2	chr9	4700666	4700829	SINE/MIR	636	-	82	4700748	7880
chr9	4692868	4892868	harbor2	chr9	4704121	4704352	SINE/MIR	491	-	116	4704237	11369
chr9	4692868	4892868	harbor2	chr9	4716352	4716547	SINE/MIR	506	-	98	4716450	23582
chr9	4692868	4892868	harbor2	chr9	4717010	4717224	SINE/MIR	597	-	107	4717117	24249
chr9	4880270	5080270	harbor2	chr9	4903550	4903770	SINE/MIR	774	-	110	4903660	23390
chr9	4880270	5080270	harbor2	chr9	4935456	4935610	SINE/MIR	487	-	77	4935533	55263
chr9	111797010	111997010	harbor2	chr9	111798801	111799038	SINE/MIR	486	-	118	111798919	1909
chr9	111797010	111997010	harbor2	chr9	111804736	111804861	SINE/MIR	468	-	62	111804798	7788
chr9	111797010	111997010	harbor2	chr9	111820134	111820354	SINE/MIR	856	-	110	111820244	23234
chr9	111797010	111997010	harbor2	chr9	111853781	111853850	SINE/MIR	889	-	34	111853815	56805
chr9	111797010	111997010	harbor2	chr9	111854158	111854169	SINE/MIR	889	-	6	111854164	57154
chr9	111797010	111997010	harbor2	chr9	111854472	111854674	SINE/MIR	889	-	101	111854573	57563
chr9	111797010	111997010	harbor2	chr9	111888862	111888979	SINE/MIR	519	-	58	111888920	91910
chr9	111797010	111997010	harbor2	chr9	111889113	111889232	SINE/MIR	519	-	60	111889173	92163
chr9	4693721	4893721	harbor2	chr9	4693761	4693989	SINE/MIR	775	-	114	4693875	154
chr9	4693721	4893721	harbor2	chr9	4700666	4700829	SINE/MIR	636	-	82	4700748	7027
chr9	4693721	4893721	harbor2	chr9	4704121	4704352	SINE/MIR	491	-	116	4704237	10516
chr9	4693721	4893721	harbor2	chr9	4716352	4716547	SINE/MIR	506	-	98	4716450	22729
chr9	4693721	4893721	harbor2	chr9	4717010	4717224	SINE/MIR	597	-	107	4717117	23396
chr9	4884777	5084777	harbor2	chr9	4903550	4903770	SINE/MIR	774	-	110	4903660	18883
chr9	4884777	5084777	harbor2	chr9	4935456	4935610	SINE/MIR	487	-	77	4935533	50756
chr9	4884777	5084777	harbor2	chr9	4982190	4982371	SINE/MIR	482	-	90	4982280	97503
chr9	4884851	5084851	harbor2	chr9	4903550	4903770	SINE/MIR	774	-	110	4903660	18809
chr9	4884851	5084851	harbor2	chr9	4935456	4935610	SINE/MIR	487	-	77	4935533	50682
chr9	4884851	5084851	harbor2	chr9	4982190	4982371	SINE/MIR	482	-	90	4982280	97429
chr9	22103804	22303804	harbor2	chr9	22106776	22106994	SINE/MIR	602	-	109	22106885	3081
chr9	22103804	22303804	harbor2	chr9	22120840	22121053	SINE/MIR	840	-	106	22120946	17142
chr9	22103804	22303804	harbor2	chr9	22134915	22135138	SINE/MIR	789	-	112	22135027	31223
chr9	22103804	22303804	harbor2	chr9	22163585	22163766	SINE/MIR	469	-	90	22163675	59871
chr9	22103804	22303804	harbor2	chr9	22174797	22174972	SINE/MIR	542	-	88	22174885	71081
chr9	4974186	5174186	harbor2	chr9	4982190	4982371	SINE/MIR	482	-	90	4982280	8094
chr9	4974186	5174186	harbor2	chr9	5071913	5072145	SINE/MIR	732	-	116	5072029	97843
chr9	4884799	5084799	harbor2	chr9	4903550	4903770	SINE/MIR	774	-	110	4903660	18861
chr9	4884799	5084799	harbor2	chr9	4935456	4935610	SINE/MIR	487	-	77	4935533	50734
chr9	4884799	5084799	harbor2	chr9	4982190	4982371	SINE/MIR	482	-	90	4982280	97481
chr9	4884830	5084830	harbor2	chr9	4903550	4903770	SINE/MIR	774	-	110	4903660	18830
chr9	4884830	5084830	harbor2	chr9	4935456	4935610	SINE/MIR	487	-	77	4935533	50703
chr9	4884830	5084830	harbor2	chr9	4982190	4982371	SINE/MIR	482	-	90	4982280	97450
chr9	112387642	112587642	harbor2	chr9	112415322	112415558	SINE/MIR	614	-	118	112415440	27798
chr9	112387642	112587642	harbor2	chr9	112443282	112443491	SINE/MIR	597	-	104	112443386	55744
chr9	4884809	5084809	harbor2	chr9	4903550	4903770	SINE/MIR	774	-	110	4903660	18851
chr9	4884809	5084809	harbor2	chr9	4935456	4935610	SINE/MIR	487	-	77	4935533	50724
chr9	4884809	5084809	harbor2	chr9	4982190	4982371	SINE/MIR	482	-	90	4982280	97471
chr9	4692828	4892828	harbor2	chr9	4693761	4693989	SINE/MIR	775	-	114	4693875	1047
chr9	4692828	4892828	harbor2	chr9	4700666	4700829	SINE/MIR	636	-	82	4700748	7920
chr9	4692828	4892828	harbor2	chr9	4704121	4704352	SINE/MIR	491	-	116	4704237	11409
chr9	4692828	4892828	harbor2	chr9	4716352	4716547	SINE/MIR	506	-	98	4716450	23622
chr9	4692828	4892828	harbor2	chr9	4717010	4717224	SINE/MIR	597	-	107	4717117	24289
chr9	134036094	134236094	harbor2	chr9	134071690	134071844	SINE/MIR	546	-	77	134071767	35673
chr9	5596372	5796372	harbor2	chr9	5598395	5598609	SINE/MIR	612	-	107	5598502	2130
chr9	5596372	5796372	harbor2	chr9	5676401	5676561	SINE/MIR	743	-	80	5676481	80109
chr9	5596372	5796372	harbor2	chr9	5692837	5693039	SINE/MIR	735	-	101	5692938	96566
chr9	4886033	5086033	harbor2	chr9	4903550	4903770	SINE/MIR	774	-	110	4903660	17627
chr9	4886033	5086033	harbor2	chr9	4935456	4935610	SINE/MIR	487	-	77	4935533	49500
chr9	4886033	5086033	harbor2	chr9	4982190	4982371	SINE/MIR	482	-	90	4982280	96247
chr9	35657125	35857125	harbor2	chr9	35729047	35729267	SINE/MIR	766	-	110	35729157	72032
chr9	4692895	4892895	harbor2	chr9	4693761	4693989	SINE/MIR	775	-	114	4693875	980
chr9	4692895	4892895	harbor2	chr9	4700666	4700829	SINE/MIR	636	-	82	4700748	7853
chr9	4692895	4892895	harbor2	chr9	4704121	4704352	SINE/MIR	491	-	116	4704237	11342
chr9	4692895	4892895	harbor2	chr9	4716352	4716547	SINE/MIR	506	-	98	4716450	23555
chr9	4692895	4892895	harbor2	chr9	4717010	4717224	SINE/MIR	597	-	107	4717117	24222
chr9	69292250	69492250	harbor2	chr9	69352558	69352699	SINE/MIR	763	-	70	69352628	60378
chr9	69292250	69492250	harbor2	chr9	69364139	69364351	SINE/MIR	532	-	106	69364245	71995
chr9	4884854	5084854	harbor2	chr9	4903550	4903770	SINE/MIR	774	-	110	4903660	18806
chr9	4884854	5084854	harbor2	chr9	4935456	4935610	SINE/MIR	487	-	77	4935533	50679
chr9	4884854	5084854	harbor2	chr9	4982190	4982371	SINE/MIR	482	-	90	4982280	97426
chr9	126781343	126981343	harbor2	chr9	126784618	126784844	SINE/MIR	705	-	113	126784731	3388
chr9	126781343	126981343	harbor2	chr9	126785191	126785202	SINE/MIR	705	-	6	126785197	3854
chr9	126781343	126981343	harbor2	chr9	126851790	126851937	SINE/MIR	549	-	74	126851864	70521
chr9	126781343	126981343	harbor2	chr9	126852707	126852882	SINE/MIR	471	-	88	126852795	71452
chr9	4693416	4893416	harbor2	chr9	4693761	4693989	SINE/MIR	775	-	114	4693875	459
chr9	4693416	4893416	harbor2	chr9	4700666	4700829	SINE/MIR	636	-	82	4700748	7332
chr9	4693416	4893416	harbor2	chr9	4704121	4704352	SINE/MIR	491	-	116	4704237	10821
chr9	4693416	4893416	harbor2	chr9	4716352	4716547	SINE/MIR	506	-	98	4716450	23034
chr9	4693416	4893416	harbor2	chr9	4717010	4717224	SINE/MIR	597	-	107	4717117	23701
chr9	4886098	5086098	harbor2	chr9	4903550	4903770	SINE/MIR	774	-	110	4903660	17562
chr9	4886098	5086098	harbor2	chr9	4935456	4935610	SINE/MIR	487	-	77	4935533	49435
chr9	4886098	5086098	harbor2	chr9	4982190	4982371	SINE/MIR	482	-	90	4982280	96182
chr9	4885756	5085756	harbor2	chr9	4903550	4903770	SINE/MIR	774	-	110	4903660	17904
chr9	4885756	5085756	harbor2	chr9	4935456	4935610	SINE/MIR	487	-	77	4935533	49777
chr9	4885756	5085756	harbor2	chr9	4982190	4982371	SINE/MIR	482	-	90	4982280	96524
chr9	4693543	4893543	harbor2	chr9	4693761	4693989	SINE/MIR	775	-	114	4693875	332
chr9	4693543	4893543	harbor2	chr9	4700666	4700829	SINE/MIR	636	-	82	4700748	7205
chr9	4693543	4893543	harbor2	chr9	4704121	4704352	SINE/MIR	491	-	116	4704237	10694
chr9	4693543	4893543	harbor2	chr9	4716352	4716547	SINE/MIR	506	-	98	4716450	22907
chr9	4693543	4893543	harbor2	chr9	4717010	4717224	SINE/MIR	597	-	107	4717117	23574
chr9	4823950	5023950	harbor2	chr9	4834754	4834951	SINE/MIR	549	-	98	4834852	10902
chr9	4823950	5023950	harbor2	chr9	4838887	4839124	SINE/MIR	612	-	118	4839005	15055
chr9	4823950	5023950	harbor2	chr9	4853091	4853323	SINE/MIR	671	-	116	4853207	29257
chr9	4823950	5023950	harbor2	chr9	4903550	4903770	SINE/MIR	774	-	110	4903660	79710
chr9	4969354	5169354	harbor2	chr9	4982190	4982371	SINE/MIR	482	-	90	4982280	12926
chr9	5062622	5262622	harbor2	chr9	5071913	5072145	SINE/MIR	732	-	116	5072029	9407
chr9	5062622	5262622	harbor2	chr9	5116080	5116286	SINE/MIR	706	-	103	5116183	53561
chr9	112387652	112587652	harbor2	chr9	112415322	112415558	SINE/MIR	614	-	118	112415440	27788
chr9	112387652	112587652	harbor2	chr9	112443282	112443491	SINE/MIR	597	-	104	112443386	55734
chr9	134036118	134236118	harbor2	chr9	134071690	134071844	SINE/MIR	546	-	77	134071767	35649
chr9	4884826	5084826	harbor2	chr9	4903550	4903770	SINE/MIR	774	-	110	4903660	18834
chr9	4884826	5084826	harbor2	chr9	4935456	4935610	SINE/MIR	487	-	77	4935533	50707
chr9	4884826	5084826	harbor2	chr9	4982190	4982371	SINE/MIR	482	-	90	4982280	97454
chr9	128001718	128201718	harbor2	chr9	128014090	128014304	SINE/MIR	711	-	107	128014197	12479
chr9	128001718	128201718	harbor2	chr9	128014610	128014644	SINE/MIR	613	-	17	128014627	12909
chr9	128001718	128201718	harbor2	chr9	128064446	128064701	SINE/MIR	671	-	128	128064574	62856
chr9	128001718	128201718	harbor2	chr9	128089286	128089524	SINE/MIR	741	-	119	128089405	87687
chr9	128001718	128201718	harbor2	chr9	128092715	128092861	SINE/MIR	526	-	73	128092788	91070
chr9	4751660	4951660	harbor2	chr9	4834754	4834951	SINE/MIR	549	-	98	4834852	83192
chr9	4751660	4951660	harbor2	chr9	4838887	4839124	SINE/MIR	612	-	118	4839005	87345
chr9	4694621	4894621	harbor2	chr9	4700666	4700829	SINE/MIR	636	-	82	4700748	6127
chr9	4694621	4894621	harbor2	chr9	4704121	4704352	SINE/MIR	491	-	116	4704237	9616
chr9	4694621	4894621	harbor2	chr9	4716352	4716547	SINE/MIR	506	-	98	4716450	21829
chr9	4694621	4894621	harbor2	chr9	4717010	4717224	SINE/MIR	597	-	107	4717117	22496
chr9	4886446	5086446	harbor2	chr9	4903550	4903770	SINE/MIR	774	-	110	4903660	17214
chr9	4886446	5086446	harbor2	chr9	4935456	4935610	SINE/MIR	487	-	77	4935533	49087
chr9	4886446	5086446	harbor2	chr9	4982190	4982371	SINE/MIR	482	-	90	4982280	95834
chr9	4692744	4892744	harbor2	chr9	4693761	4693989	SINE/MIR	775	-	114	4693875	1131
chr9	4692744	4892744	harbor2	chr9	4700666	4700829	SINE/MIR	636	-	82	4700748	8004
chr9	4692744	4892744	harbor2	chr9	4704121	4704352	SINE/MIR	491	-	116	4704237	11493
chr9	4692744	4892744	harbor2	chr9	4716352	4716547	SINE/MIR	506	-	98	4716450	23706
chr9	4692744	4892744	harbor2	chr9	4717010	4717224	SINE/MIR	597	-	107	4717117	24373
chr9	4693371	4893371	harbor2	chr9	4693761	4693989	SINE/MIR	775	-	114	4693875	504
chr9	4693371	4893371	harbor2	chr9	4700666	4700829	SINE/MIR	636	-	82	4700748	7377
chr9	4693371	4893371	harbor2	chr9	4704121	4704352	SINE/MIR	491	-	116	4704237	10866
chr9	4693371	4893371	harbor2	chr9	4716352	4716547	SINE/MIR	506	-	98	4716450	23079
chr9	4693371	4893371	harbor2	chr9	4717010	4717224	SINE/MIR	597	-	107	4717117	23746
chr9	133064003	133264003	harbor2	chr9	133088018	133088206	SINE/MIR	490	-	94	133088112	24109
chr9	133064003	133264003	harbor2	chr9	133102215	133102415	SINE/MIR	526	-	100	133102315	38312
chr9	4693463	4893463	harbor2	chr9	4693761	4693989	SINE/MIR	775	-	114	4693875	412
chr9	4693463	4893463	harbor2	chr9	4700666	4700829	SINE/MIR	636	-	82	4700748	7285
chr9	4693463	4893463	harbor2	chr9	4704121	4704352	SINE/MIR	491	-	116	4704237	10774
chr9	4693463	4893463	harbor2	chr9	4716352	4716547	SINE/MIR	506	-	98	4716450	22987
chr9	4693463	4893463	harbor2	chr9	4717010	4717224	SINE/MIR	597	-	107	4717117	23654
chr9	131575326	131775326	harbor2	chr9	131602453	131602664	SINE/MIR	558	-	106	131602559	27233
chr9	131575326	131775326	harbor2	chr9	131627696	131627868	SINE/MIR	558	-	86	131627782	52456
chr9	131575326	131775326	harbor2	chr9	131637680	131637935	SINE/MIR	740	-	128	131637808	62482
chr9	131575326	131775326	harbor2	chr9	131646089	131646314	SINE/MIR	783	-	112	131646201	70875
chr9	112647605	112847605	harbor2	chr9	112665313	112665544	SINE/MIR	528	-	116	112665429	17824
chr9	4884787	5084787	harbor2	chr9	4903550	4903770	SINE/MIR	774	-	110	4903660	18873
chr9	4884787	5084787	harbor2	chr9	4935456	4935610	SINE/MIR	487	-	77	4935533	50746
chr9	4884787	5084787	harbor2	chr9	4982190	4982371	SINE/MIR	482	-	90	4982280	97493
chr9	4885119	5085119	harbor2	chr9	4903550	4903770	SINE/MIR	774	-	110	4903660	18541
chr9	4885119	5085119	harbor2	chr9	4935456	4935610	SINE/MIR	487	-	77	4935533	50414
chr9	4885119	5085119	harbor2	chr9	4982190	4982371	SINE/MIR	482	-	90	4982280	97161
chr9	35657155	35857155	harbor2	chr9	35729047	35729267	SINE/MIR	766	-	110	35729157	72002
chr9	4692900	4892900	harbor2	chr9	4693761	4693989	SINE/MIR	775	-	114	4693875	975
chr9	4692900	4892900	harbor2	chr9	4700666	4700829	SINE/MIR	636	-	82	4700748	7848
chr9	4692900	4892900	harbor2	chr9	4704121	4704352	SINE/MIR	491	-	116	4704237	11337
chr9	4692900	4892900	harbor2	chr9	4716352	4716547	SINE/MIR	506	-	98	4716450	23550
chr9	4692900	4892900	harbor2	chr9	4717010	4717224	SINE/MIR	597	-	107	4717117	24217
chr9	112422739	112622739	harbor2	chr9	112443282	112443491	SINE/MIR	597	-	104	112443386	20647
chr9	79473605	79673605	harbor2	chr9	79507594	79507819	SINE/MIR	503	-	112	79507706	34101
chr9	79473605	79673605	harbor2	chr9	79521985	79522198	SINE/MIR	672	-	106	79522091	48486
chr9	4692825	4892825	harbor2	chr9	4693761	4693989	SINE/MIR	775	-	114	4693875	1050
chr9	4692825	4892825	harbor2	chr9	4700666	4700829	SINE/MIR	636	-	82	4700748	7923
chr9	4692825	4892825	harbor2	chr9	4704121	4704352	SINE/MIR	491	-	116	4704237	11412
chr9	4692825	4892825	harbor2	chr9	4716352	4716547	SINE/MIR	506	-	98	4716450	23625
chr9	4692825	4892825	harbor2	chr9	4717010	4717224	SINE/MIR	597	-	107	4717117	24292
chr9	4692909	4892909	harbor2	chr9	4693761	4693989	SINE/MIR	775	-	114	4693875	966
chr9	4692909	4892909	harbor2	chr9	4700666	4700829	SINE/MIR	636	-	82	4700748	7839
chr9	4692909	4892909	harbor2	chr9	4704121	4704352	SINE/MIR	491	-	116	4704237	11328
chr9	4692909	4892909	harbor2	chr9	4716352	4716547	SINE/MIR	506	-	98	4716450	23541
chr9	4692909	4892909	harbor2	chr9	4717010	4717224	SINE/MIR	597	-	107	4717117	24208
chr9	4693624	4893624	harbor2	chr9	4693761	4693989	SINE/MIR	775	-	114	4693875	251
chr9	4693624	4893624	harbor2	chr9	4700666	4700829	SINE/MIR	636	-	82	4700748	7124
chr9	4693624	4893624	harbor2	chr9	4704121	4704352	SINE/MIR	491	-	116	4704237	10613
chr9	4693624	4893624	harbor2	chr9	4716352	4716547	SINE/MIR	506	-	98	4716450	22826
chr9	4693624	4893624	harbor2	chr9	4717010	4717224	SINE/MIR	597	-	107	4717117	23493
chr9	4884754	5084754	harbor2	chr9	4903550	4903770	SINE/MIR	774	-	110	4903660	18906
chr9	4884754	5084754	harbor2	chr9	4935456	4935610	SINE/MIR	487	-	77	4935533	50779
chr9	4884754	5084754	harbor2	chr9	4982190	4982371	SINE/MIR	482	-	90	4982280	97526
chr9	4884882	5084882	harbor2	chr9	4903550	4903770	SINE/MIR	774	-	110	4903660	18778
chr9	4884882	5084882	harbor2	chr9	4935456	4935610	SINE/MIR	487	-	77	4935533	50651
chr9	4884882	5084882	harbor2	chr9	4982190	4982371	SINE/MIR	482	-	90	4982280	97398
chr9	4692802	4892802	harbor2	chr9	4693761	4693989	SINE/MIR	775	-	114	4693875	1073
chr9	4692802	4892802	harbor2	chr9	4700666	4700829	SINE/MIR	636	-	82	4700748	7946
chr9	4692802	4892802	harbor2	chr9	4704121	4704352	SINE/MIR	491	-	116	4704237	11435
chr9	4692802	4892802	harbor2	chr9	4716352	4716547	SINE/MIR	506	-	98	4716450	23648
chr9	4692802	4892802	harbor2	chr9	4717010	4717224	SINE/MIR	597	-	107	4717117	24315
chr9	4884779	5084779	harbor2	chr9	4903550	4903770	SINE/MIR	774	-	110	4903660	18881
chr9	4884779	5084779	harbor2	chr9	4935456	4935610	SINE/MIR	487	-	77	4935533	50754
chr9	4884779	5084779	harbor2	chr9	4982190	4982371	SINE/MIR	482	-	90	4982280	97501
chr9	112387662	112587662	harbor2	chr9	112415322	112415558	SINE/MIR	614	-	118	112415440	27778
chr9	112387662	112587662	harbor2	chr9	112443282	112443491	SINE/MIR	597	-	104	112443386	55724
chr9	93445740	93645740	harbor2	chr9	93463901	93464049	SINE/MIR	516	-	74	93463975	18235
chr9	4693135	4893135	harbor2	chr9	4693761	4693989	SINE/MIR	775	-	114	4693875	740
chr9	4693135	4893135	harbor2	chr9	4700666	4700829	SINE/MIR	636	-	82	4700748	7613
chr9	4693135	4893135	harbor2	chr9	4704121	4704352	SINE/MIR	491	-	116	4704237	11102
chr9	4693135	4893135	harbor2	chr9	4716352	4716547	SINE/MIR	506	-	98	4716450	23315
chr9	4693135	4893135	harbor2	chr9	4717010	4717224	SINE/MIR	597	-	107	4717117	23982
chr9	4692731	4892731	harbor2	chr9	4693761	4693989	SINE/MIR	775	-	114	4693875	1144
chr9	4692731	4892731	harbor2	chr9	4700666	4700829	SINE/MIR	636	-	82	4700748	8017
chr9	4692731	4892731	harbor2	chr9	4704121	4704352	SINE/MIR	491	-	116	4704237	11506
chr9	4692731	4892731	harbor2	chr9	4716352	4716547	SINE/MIR	506	-	98	4716450	23719
chr9	4692731	4892731	harbor2	chr9	4717010	4717224	SINE/MIR	597	-	107	4717117	24386
chr9	109158501	109358501	harbor2	chr9	109177101	109177222	SINE/MIR	524	-	60	109177161	18660
chr9	109158501	109358501	harbor2	chr9	109198330	109198531	SINE/MIR	551	-	100	109198430	39929
chr9	109158501	109358501	harbor2	chr9	109205731	109205939	SINE/MIR	720	-	104	109205835	47334
chr9	109158501	109358501	harbor2	chr9	109209696	109209949	SINE/MIR	659	-	126	109209822	51321
chr9	109158501	109358501	harbor2	chr9	109230120	109230315	SINE/MIR	671	-	98	109230218	71717
chr9	109158501	109358501	harbor2	chr9	109248292	109248546	SINE/MIR	578	-	127	109248419	89918
chr9	4884735	5084735	harbor2	chr9	4903550	4903770	SINE/MIR	774	-	110	4903660	18925
chr9	4884735	5084735	harbor2	chr9	4935456	4935610	SINE/MIR	487	-	77	4935533	50798
chr9	4884735	5084735	harbor2	chr9	4982190	4982371	SINE/MIR	482	-	90	4982280	97545
chr9	133071539	133271539	harbor2	chr9	133088018	133088206	SINE/MIR	490	-	94	133088112	16573
chr9	133071539	133271539	harbor2	chr9	133102215	133102415	SINE/MIR	526	-	100	133102315	30776
chr9	4693367	4893367	harbor2	chr9	4693761	4693989	SINE/MIR	775	-	114	4693875	508
chr9	4693367	4893367	harbor2	chr9	4700666	4700829	SINE/MIR	636	-	82	4700748	7381
chr9	4693367	4893367	harbor2	chr9	4704121	4704352	SINE/MIR	491	-	116	4704237	10870
chr9	4693367	4893367	harbor2	chr9	4716352	4716547	SINE/MIR	506	-	98	4716450	23083
chr9	4693367	4893367	harbor2	chr9	4717010	4717224	SINE/MIR	597	-	107	4717117	23750
chr9	20286384	20486384	harbor2	chr9	20298673	20298803	SINE/MIR	476	-	65	20298738	12354
chr9	20286384	20486384	harbor2	chr9	20305583	20305768	SINE/MIR	497	-	92	20305675	19291
chr9	20286384	20486384	harbor2	chr9	20306149	20306179	SINE/MIR	497	-	15	20306164	19780
chr9	20286384	20486384	harbor2	chr9	20336670	20336880	SINE/MIR	613	-	105	20336775	50391
chr9	20286384	20486384	harbor2	chr9	20360971	20361184	SINE/MIR	470	-	106	20361077	74693
chr9	20286384	20486384	harbor2	chr9	20299742	20299881	SINE/MIR	488	-	70	20299812	13428
chr9	122142319	122342319	harbor2	chr9	122163202	122163426	SINE/MIR	719	-	112	122163314	20995
chr9	122142319	122342319	harbor2	chr9	122168733	122168771	SINE/MIR	673	-	19	122168752	26433
chr9	122142319	122342319	harbor2	chr9	122169292	122169448	SINE/MIR	673	-	78	122169370	27051
chr9	122142319	122342319	harbor2	chr9	122184637	122184852	SINE/MIR	897	-	108	122184745	42426
chr9	122142319	122342319	harbor2	chr9	122186207	122186376	SINE/MIR	556	-	84	122186291	43972
chr9	122142319	122342319	harbor2	chr9	122205703	122205924	SINE/MIR	793	-	110	122205813	63494
chr9	122142319	122342319	harbor2	chr9	122212083	122212319	SINE/MIR	658	-	118	122212201	69882
chr9	122142319	122342319	harbor2	chr9	122212880	122213005	SINE/MIR	498	-	62	122212942	70623
chr9	122142319	122342319	harbor2	chr9	122217597	122217777	SINE/MIR	506	-	90	122217687	75368
chr9	122142319	122342319	harbor2	chr9	122230682	122230917	SINE/MIR	606	-	118	122230800	88481
chr9	122142319	122342319	harbor2	chr9	122231440	122231581	SINE/MIR	471	-	70	122231510	89191
chr9	4885199	5085199	harbor2	chr9	4903550	4903770	SINE/MIR	774	-	110	4903660	18461
chr9	4885199	5085199	harbor2	chr9	4935456	4935610	SINE/MIR	487	-	77	4935533	50334
chr9	4885199	5085199	harbor2	chr9	4982190	4982371	SINE/MIR	482	-	90	4982280	97081
chr9	130746613	130946613	harbor2	chr9	130830688	130830881	SINE/MIR	606	-	96	130830784	84171
chr9	130746613	130946613	harbor2	chr9	130838029	130838272	SINE/MIR	813	-	122	130838151	91538
chr9	91323874	91523874	harbor2	chr9	91357217	91357364	SINE/MIR	599	-	74	91357291	33417
chr9	91323874	91523874	harbor2	chr9	91366288	91366448	SINE/MIR	555	-	80	91366368	42494
chr9	91323874	91523874	harbor2	chr9	91415291	91415481	SINE/MIR	471	-	95	91415386	91512
chr9	4900510	5100510	harbor2	chr9	4903550	4903770	SINE/MIR	774	-	110	4903660	3150
chr9	4900510	5100510	harbor2	chr9	4935456	4935610	SINE/MIR	487	-	77	4935533	35023
chr9	4900510	5100510	harbor2	chr9	4982190	4982371	SINE/MIR	482	-	90	4982280	81770
chr9	4694263	4894263	harbor2	chr9	4700666	4700829	SINE/MIR	636	-	82	4700748	6485
chr9	4694263	4894263	harbor2	chr9	4704121	4704352	SINE/MIR	491	-	116	4704237	9974
chr9	4694263	4894263	harbor2	chr9	4716352	4716547	SINE/MIR	506	-	98	4716450	22187
chr9	4694263	4894263	harbor2	chr9	4717010	4717224	SINE/MIR	597	-	107	4717117	22854
chr9	136610462	136810462	harbor2	chr9	136681931	136682123	SINE/MIR	596	-	96	136682027	71565
chr9	4692878	4892878	harbor2	chr9	4693761	4693989	SINE/MIR	775	-	114	4693875	997
chr9	4692878	4892878	harbor2	chr9	4700666	4700829	SINE/MIR	636	-	82	4700748	7870
chr9	4692878	4892878	harbor2	chr9	4704121	4704352	SINE/MIR	491	-	116	4704237	11359
chr9	4692878	4892878	harbor2	chr9	4716352	4716547	SINE/MIR	506	-	98	4716450	23572
chr9	4692878	4892878	harbor2	chr9	4717010	4717224	SINE/MIR	597	-	107	4717117	24239
chr9	4886398	5086398	harbor2	chr9	4903550	4903770	SINE/MIR	774	-	110	4903660	17262
chr9	4886398	5086398	harbor2	chr9	4935456	4935610	SINE/MIR	487	-	77	4935533	49135
chr9	4886398	5086398	harbor2	chr9	4982190	4982371	SINE/MIR	482	-	90	4982280	95882
chr9	131637199	131837199	harbor2	chr9	131637680	131637935	SINE/MIR	740	-	128	131637808	609
chr9	131637199	131837199	harbor2	chr9	131646089	131646314	SINE/MIR	783	-	112	131646201	9002
chr9	131637199	131837199	harbor2	chr9	131696883	131697060	SINE/MIR	541	-	88	131696971	59772
chr9	131637199	131837199	harbor2	chr9	131703443	131703657	SINE/MIR	836	-	107	131703550	66351
chr9	131637199	131837199	harbor2	chr9	131703994	131704183	SINE/MIR	530	-	94	131704088	66889
chr9	131637199	131837199	harbor2	chr9	131728806	131729070	SINE/MIR	565	-	132	131728938	91739
chr9	124315514	124515514	harbor2	chr9	124391130	124391346	SINE/MIR	660	-	108	124391238	75724
chr9	134036111	134236111	harbor2	chr9	134071690	134071844	SINE/MIR	546	-	77	134071767	35656
chr9	133063982	133263982	harbor2	chr9	133088018	133088206	SINE/MIR	490	-	94	133088112	24130
chr9	133063982	133263982	harbor2	chr9	133102215	133102415	SINE/MIR	526	-	100	133102315	38333
chr9	5394375	5594375	harbor2	chr9	5411461	5411608	SINE/MIR	596	-	74	5411535	17160
chr9	5394375	5594375	harbor2	chr9	5430548	5430726	SINE/MIR	635	-	89	5430637	36262
chr9	5394375	5594375	harbor2	chr9	5460523	5460672	SINE/MIR	671	-	74	5460597	66222
chr9	5394375	5594375	harbor2	chr9	5480902	5481139	SINE/MIR	885	-	118	5481020	86645
chr9	5394375	5594375	harbor2	chr9	5491556	5491805	SINE/MIR	819	-	124	5491680	97305
chr9	99191390	99391390	harbor2	chr9	99228705	99228922	SINE/MIR	570	-	108	99228813	37423
chr9	99191390	99391390	harbor2	chr9	99241461	99241631	SINE/MIR	548	-	85	99241546	50156
chr9	99191390	99391390	harbor2	chr9	99255698	99255890	SINE/MIR	663	-	96	99255794	64404
chr9	99191390	99391390	harbor2	chr9	99265839	99266069	SINE/MIR	639	-	115	99265954	74564
chr9	67768338	67968338	harbor2	chr9	67862538	67862764	SINE/MIR	574	-	113	67862651	94313
chr9	130839891	131039891	harbor2	chr9	130865808	130865908	SINE/MIR	673	-	50	130865858	25967
chr9	130839891	131039891	harbor2	chr9	130866144	130866268	SINE/MIR	673	-	62	130866206	26315
chr9	130839891	131039891	harbor2	chr9	130874488	130874646	SINE/MIR	593	-	79	130874567	34676
chr9	130839891	131039891	harbor2	chr9	130906903	130907066	SINE/MIR	615	-	82	130906985	67094
chr9	130839891	131039891	harbor2	chr9	130936056	130936248	SINE/MIR	625	-	96	130936152	96261
chr9	4885182	5085182	harbor2	chr9	4903550	4903770	SINE/MIR	774	-	110	4903660	18478
chr9	4885182	5085182	harbor2	chr9	4935456	4935610	SINE/MIR	487	-	77	4935533	50351
chr9	4885182	5085182	harbor2	chr9	4982190	4982371	SINE/MIR	482	-	90	4982280	97098
chr9	4889318	5089318	harbor2	chr9	4903550	4903770	SINE/MIR	774	-	110	4903660	14342
chr9	4889318	5089318	harbor2	chr9	4935456	4935610	SINE/MIR	487	-	77	4935533	46215
chr9	4889318	5089318	harbor2	chr9	4982190	4982371	SINE/MIR	482	-	90	4982280	92962
chr9	4884847	5084847	harbor2	chr9	4903550	4903770	SINE/MIR	774	-	110	4903660	18813
chr9	4884847	5084847	harbor2	chr9	4935456	4935610	SINE/MIR	487	-	77	4935533	50686
chr9	4884847	5084847	harbor2	chr9	4982190	4982371	SINE/MIR	482	-	90	4982280	97433
chr9	19342296	19542296	harbor2	chr9	19348146	19348317	SINE/MIR	755	-	86	19348232	5936
chr9	4885867	5085867	harbor2	chr9	4903550	4903770	SINE/MIR	774	-	110	4903660	17793
chr9	4885867	5085867	harbor2	chr9	4935456	4935610	SINE/MIR	487	-	77	4935533	49666
chr9	4885867	5085867	harbor2	chr9	4982190	4982371	SINE/MIR	482	-	90	4982280	96413
chr9	4692808	4892808	harbor2	chr9	4693761	4693989	SINE/MIR	775	-	114	4693875	1067
chr9	4692808	4892808	harbor2	chr9	4700666	4700829	SINE/MIR	636	-	82	4700748	7940
chr9	4692808	4892808	harbor2	chr9	4704121	4704352	SINE/MIR	491	-	116	4704237	11429
chr9	4692808	4892808	harbor2	chr9	4716352	4716547	SINE/MIR	506	-	98	4716450	23642
chr9	4692808	4892808	harbor2	chr9	4717010	4717224	SINE/MIR	597	-	107	4717117	24309
chr9	4886482	5086482	harbor2	chr9	4903550	4903770	SINE/MIR	774	-	110	4903660	17178
chr9	4886482	5086482	harbor2	chr9	4935456	4935610	SINE/MIR	487	-	77	4935533	49051
chr9	4886482	5086482	harbor2	chr9	4982190	4982371	SINE/MIR	482	-	90	4982280	95798
chr9	4884812	5084812	harbor2	chr9	4903550	4903770	SINE/MIR	774	-	110	4903660	18848
chr9	4884812	5084812	harbor2	chr9	4935456	4935610	SINE/MIR	487	-	77	4935533	50721
chr9	4884812	5084812	harbor2	chr9	4982190	4982371	SINE/MIR	482	-	90	4982280	97468
chr9	4692907	4892907	harbor2	chr9	4693761	4693989	SINE/MIR	775	-	114	4693875	968
chr9	4692907	4892907	harbor2	chr9	4700666	4700829	SINE/MIR	636	-	82	4700748	7841
chr9	4692907	4892907	harbor2	chr9	4704121	4704352	SINE/MIR	491	-	116	4704237	11330
chr9	4692907	4892907	harbor2	chr9	4716352	4716547	SINE/MIR	506	-	98	4716450	23543
chr9	4692907	4892907	harbor2	chr9	4717010	4717224	SINE/MIR	597	-	107	4717117	24210
chr9	4694161	4894161	harbor2	chr9	4700666	4700829	SINE/MIR	636	-	82	4700748	6587
chr9	4694161	4894161	harbor2	chr9	4704121	4704352	SINE/MIR	491	-	116	4704237	10076
chr9	4694161	4894161	harbor2	chr9	4716352	4716547	SINE/MIR	506	-	98	4716450	22289
chr9	4694161	4894161	harbor2	chr9	4717010	4717224	SINE/MIR	597	-	107	4717117	22956
chr9	68607235	68807235	harbor2	chr9	68632684	68632865	SINE/MIR	530	-	90	68632774	25539
chr9	68607235	68807235	harbor2	chr9	68640827	68641078	SINE/MIR	647	-	126	68640953	33718
chr9	68607235	68807235	harbor2	chr9	68650483	68650650	SINE/MIR	574	-	84	68650567	43332
chr9	68607235	68807235	harbor2	chr9	68662301	68662522	SINE/MIR	615	-	110	68662411	55176
chr9	68607235	68807235	harbor2	chr9	68673162	68673412	SINE/MIR	563	-	125	68673287	66052
chr9	68607235	68807235	harbor2	chr9	68691969	68692123	SINE/MIR	527	-	77	68692046	84811
chr9	4884845	5084845	harbor2	chr9	4903550	4903770	SINE/MIR	774	-	110	4903660	18815
chr9	4884845	5084845	harbor2	chr9	4935456	4935610	SINE/MIR	487	-	77	4935533	50688
chr9	4884845	5084845	harbor2	chr9	4982190	4982371	SINE/MIR	482	-	90	4982280	97435
chr9	4885145	5085145	harbor2	chr9	4903550	4903770	SINE/MIR	774	-	110	4903660	18515
chr9	4885145	5085145	harbor2	chr9	4935456	4935610	SINE/MIR	487	-	77	4935533	50388
chr9	4885145	5085145	harbor2	chr9	4982190	4982371	SINE/MIR	482	-	90	4982280	97135
chr9	4886035	5086035	harbor2	chr9	4903550	4903770	SINE/MIR	774	-	110	4903660	17625
chr9	4886035	5086035	harbor2	chr9	4935456	4935610	SINE/MIR	487	-	77	4935533	49498
chr9	4886035	5086035	harbor2	chr9	4982190	4982371	SINE/MIR	482	-	90	4982280	96245
chr9	108349469	108549469	harbor2	chr9	108380570	108380744	SINE/MIR	521	-	87	108380657	31188
chr9	108349469	108549469	harbor2	chr9	108407934	108408182	SINE/MIR	646	-	124	108408058	58589
chr9	108349469	108549469	harbor2	chr9	108413165	108413421	SINE/MIR	842	-	128	108413293	63824
chr9	108349469	108549469	harbor2	chr9	108413480	108413727	SINE/MIR	834	-	124	108413604	64135
chr9	108349469	108549469	harbor2	chr9	108438620	108438810	SINE/MIR	785	-	95	108438715	89246
chr9	108349469	108549469	harbor2	chr9	108439280	108439333	SINE/MIR	785	-	26	108439306	89837
chr9	4887289	5087289	harbor2	chr9	4903550	4903770	SINE/MIR	774	-	110	4903660	16371
chr9	4887289	5087289	harbor2	chr9	4935456	4935610	SINE/MIR	487	-	77	4935533	48244
chr9	4887289	5087289	harbor2	chr9	4982190	4982371	SINE/MIR	482	-	90	4982280	94991
chr9	4886440	5086440	harbor2	chr9	4903550	4903770	SINE/MIR	774	-	110	4903660	17220
chr9	4886440	5086440	harbor2	chr9	4935456	4935610	SINE/MIR	487	-	77	4935533	49093
chr9	4886440	5086440	harbor2	chr9	4982190	4982371	SINE/MIR	482	-	90	4982280	95840
chr9	134036117	134236117	harbor2	chr9	134071690	134071844	SINE/MIR	546	-	77	134071767	35650
chr9	4693547	4893547	harbor2	chr9	4693761	4693989	SINE/MIR	775	-	114	4693875	328
chr9	4693547	4893547	harbor2	chr9	4700666	4700829	SINE/MIR	636	-	82	4700748	7201
chr9	4693547	4893547	harbor2	chr9	4704121	4704352	SINE/MIR	491	-	116	4704237	10690
chr9	4693547	4893547	harbor2	chr9	4716352	4716547	SINE/MIR	506	-	98	4716450	22903
chr9	4693547	4893547	harbor2	chr9	4717010	4717224	SINE/MIR	597	-	107	4717117	23570
chr9	131576456	131776456	harbor2	chr9	131602453	131602664	SINE/MIR	558	-	106	131602559	26103
chr9	131576456	131776456	harbor2	chr9	131627696	131627868	SINE/MIR	558	-	86	131627782	51326
chr9	131576456	131776456	harbor2	chr9	131637680	131637935	SINE/MIR	740	-	128	131637808	61352
chr9	131576456	131776456	harbor2	chr9	131646089	131646314	SINE/MIR	783	-	112	131646201	69745
chr9	4886206	5086206	harbor2	chr9	4903550	4903770	SINE/MIR	774	-	110	4903660	17454
chr9	4886206	5086206	harbor2	chr9	4935456	4935610	SINE/MIR	487	-	77	4935533	49327
chr9	4886206	5086206	harbor2	chr9	4982190	4982371	SINE/MIR	482	-	90	4982280	96074
chr9	4885197	5085197	harbor2	chr9	4903550	4903770	SINE/MIR	774	-	110	4903660	18463
chr9	4885197	5085197	harbor2	chr9	4935456	4935610	SINE/MIR	487	-	77	4935533	50336
chr9	4885197	5085197	harbor2	chr9	4982190	4982371	SINE/MIR	482	-	90	4982280	97083
chr9	87628195	87828195	harbor2	chr9	87649057	87649276	SINE/MIR	914	-	110	87649167	20972
chr9	87628195	87828195	harbor2	chr9	87666144	87666355	SINE/MIR	492	-	106	87666250	38055
chr9	4692770	4892770	harbor2	chr9	4693761	4693989	SINE/MIR	775	-	114	4693875	1105
chr9	4692770	4892770	harbor2	chr9	4700666	4700829	SINE/MIR	636	-	82	4700748	7978
chr9	4692770	4892770	harbor2	chr9	4704121	4704352	SINE/MIR	491	-	116	4704237	11467
chr9	4692770	4892770	harbor2	chr9	4716352	4716547	SINE/MIR	506	-	98	4716450	23680
chr9	4692770	4892770	harbor2	chr9	4717010	4717224	SINE/MIR	597	-	107	4717117	24347
chr9	97885753	98085753	harbor2	chr9	97933282	97933439	SINE/MIR	598	-	78	97933360	47607
chr9	97885753	98085753	harbor2	chr9	97952292	97952524	SINE/MIR	716	-	116	97952408	66655
chr9	4692800	4892800	harbor2	chr9	4693761	4693989	SINE/MIR	775	-	114	4693875	1075
chr9	4692800	4892800	harbor2	chr9	4700666	4700829	SINE/MIR	636	-	82	4700748	7948
chr9	4692800	4892800	harbor2	chr9	4704121	4704352	SINE/MIR	491	-	116	4704237	11437
chr9	4692800	4892800	harbor2	chr9	4716352	4716547	SINE/MIR	506	-	98	4716450	23650
chr9	4692800	4892800	harbor2	chr9	4717010	4717224	SINE/MIR	597	-	107	4717117	24317
chr9	68619252	68819252	harbor2	chr9	68632684	68632865	SINE/MIR	530	-	90	68632774	13522
chr9	68619252	68819252	harbor2	chr9	68640827	68641078	SINE/MIR	647	-	126	68640953	21701
chr9	68619252	68819252	harbor2	chr9	68650483	68650650	SINE/MIR	574	-	84	68650567	31315
chr9	68619252	68819252	harbor2	chr9	68662301	68662522	SINE/MIR	615	-	110	68662411	43159
chr9	68619252	68819252	harbor2	chr9	68673162	68673412	SINE/MIR	563	-	125	68673287	54035
chr9	68619252	68819252	harbor2	chr9	68691969	68692123	SINE/MIR	527	-	77	68692046	72794
chr9	4884895	5084895	harbor2	chr9	4903550	4903770	SINE/MIR	774	-	110	4903660	18765
chr9	4884895	5084895	harbor2	chr9	4935456	4935610	SINE/MIR	487	-	77	4935533	50638
chr9	4884895	5084895	harbor2	chr9	4982190	4982371	SINE/MIR	482	-	90	4982280	97385
chr9	85705754	85905754	harbor2	chr9	85738912	85739178	SINE/MIR	540	-	133	85739045	33291
chr9	130120234	130320234	harbor2	chr9	130159545	130159744	SINE/MIR	649	-	100	130159645	39411
chr9	130120234	130320234	harbor2	chr9	130174324	130174518	SINE/MIR	701	-	97	130174421	54187
chr9	130120234	130320234	harbor2	chr9	130179778	130179913	SINE/MIR	540	-	68	130179846	59612
chr9	130120234	130320234	harbor2	chr9	130182132	130182297	SINE/MIR	495	-	82	130182214	61980
chr9	130120234	130320234	harbor2	chr9	130190390	130190539	SINE/MIR	505	-	74	130190464	70230
chr9	130120234	130320234	harbor2	chr9	130198691	130198834	SINE/MIR	497	-	72	130198763	78529
chr9	4884866	5084866	harbor2	chr9	4903550	4903770	SINE/MIR	774	-	110	4903660	18794
chr9	4884866	5084866	harbor2	chr9	4935456	4935610	SINE/MIR	487	-	77	4935533	50667
chr9	4884866	5084866	harbor2	chr9	4982190	4982371	SINE/MIR	482	-	90	4982280	97414
chr9	4692867	4892867	harbor2	chr9	4693761	4693989	SINE/MIR	775	-	114	4693875	1008
chr9	4692867	4892867	harbor2	chr9	4700666	4700829	SINE/MIR	636	-	82	4700748	7881
chr9	4692867	4892867	harbor2	chr9	4704121	4704352	SINE/MIR	491	-	116	4704237	11370
chr9	4692867	4892867	harbor2	chr9	4716352	4716547	SINE/MIR	506	-	98	4716450	23583
chr9	4692867	4892867	harbor2	chr9	4717010	4717224	SINE/MIR	597	-	107	4717117	24250
chr9	112726256	112926256	harbor2	chr9	112748977	112749178	SINE/MIR	495	-	100	112749077	22821
chr9	112726256	112926256	harbor2	chr9	112808867	112809046	SINE/MIR	666	-	90	112808957	82701
chr9	27249897	27449897	harbor2	chr9	27262490	27262726	SINE/MIR	620	-	118	27262608	12711
chr9	27249897	27449897	harbor2	chr9	27332659	27332880	SINE/MIR	572	-	110	27332769	82872
chr9	27249897	27449897	harbor2	chr9	27339518	27339731	SINE/MIR	477	-	106	27339624	89727
chr9	35657152	35857152	harbor2	chr9	35729047	35729267	SINE/MIR	766	-	110	35729157	72005
chr9	4692804	4892804	harbor2	chr9	4693761	4693989	SINE/MIR	775	-	114	4693875	1071
chr9	4692804	4892804	harbor2	chr9	4700666	4700829	SINE/MIR	636	-	82	4700748	7944
chr9	4692804	4892804	harbor2	chr9	4704121	4704352	SINE/MIR	491	-	116	4704237	11433
chr9	4692804	4892804	harbor2	chr9	4716352	4716547	SINE/MIR	506	-	98	4716450	23646
chr9	4692804	4892804	harbor2	chr9	4717010	4717224	SINE/MIR	597	-	107	4717117	24313
chr9	4884763	5084763	harbor2	chr9	4903550	4903770	SINE/MIR	774	-	110	4903660	18897
chr9	4884763	5084763	harbor2	chr9	4935456	4935610	SINE/MIR	487	-	77	4935533	50770
chr9	4884763	5084763	harbor2	chr9	4982190	4982371	SINE/MIR	482	-	90	4982280	97517
chr9	134617293	134817293	harbor2	chr9	134638161	134638351	SINE/MIR	475	-	95	134638256	20963
chr9	5027062	5227062	harbor2	chr9	5071913	5072145	SINE/MIR	732	-	116	5072029	44967
chr9	5027062	5227062	harbor2	chr9	5116080	5116286	SINE/MIR	706	-	103	5116183	89121
chr9	4692864	4892864	harbor2	chr9	4693761	4693989	SINE/MIR	775	-	114	4693875	1011
chr9	4692864	4892864	harbor2	chr9	4700666	4700829	SINE/MIR	636	-	82	4700748	7884
chr9	4692864	4892864	harbor2	chr9	4704121	4704352	SINE/MIR	491	-	116	4704237	11373
chr9	4692864	4892864	harbor2	chr9	4716352	4716547	SINE/MIR	506	-	98	4716450	23586
chr9	4692864	4892864	harbor2	chr9	4717010	4717224	SINE/MIR	597	-	107	4717117	24253
chr9	87687012	87887012	harbor2	chr9	87761652	87761779	SINE/MIR	528	-	64	87761716	74704
chr9	87687012	87887012	harbor2	chr9	87776611	87776778	SINE/MIR	554	-	84	87776695	89683
chr9	105154708	105354708	harbor2	chr9	105164469	105164714	SINE/MIR	641	-	122	105164591	9883
chr9	105154708	105354708	harbor2	chr9	105168792	105169016	SINE/MIR	543	-	112	105168904	14196
chr9	112749826	112949826	harbor2	chr9	112808867	112809046	SINE/MIR	666	-	90	112808957	59131
chr9	112749826	112949826	harbor2	chr9	112827225	112827462	SINE/MIR	586	-	118	112827343	77517
chr9	4884860	5084860	harbor2	chr9	4903550	4903770	SINE/MIR	774	-	110	4903660	18800
chr9	4884860	5084860	harbor2	chr9	4935456	4935610	SINE/MIR	487	-	77	4935533	50673
chr9	4884860	5084860	harbor2	chr9	4982190	4982371	SINE/MIR	482	-	90	4982280	97420
chr9	4885129	5085129	harbor2	chr9	4903550	4903770	SINE/MIR	774	-	110	4903660	18531
chr9	4885129	5085129	harbor2	chr9	4935456	4935610	SINE/MIR	487	-	77	4935533	50404
chr9	4885129	5085129	harbor2	chr9	4982190	4982371	SINE/MIR	482	-	90	4982280	97151
chr9	4692777	4892777	harbor2	chr9	4693761	4693989	SINE/MIR	775	-	114	4693875	1098
chr9	4692777	4892777	harbor2	chr9	4700666	4700829	SINE/MIR	636	-	82	4700748	7971
chr9	4692777	4892777	harbor2	chr9	4704121	4704352	SINE/MIR	491	-	116	4704237	11460
chr9	4692777	4892777	harbor2	chr9	4716352	4716547	SINE/MIR	506	-	98	4716450	23673
chr9	4692777	4892777	harbor2	chr9	4717010	4717224	SINE/MIR	597	-	107	4717117	24340
chr9	133822376	134022376	harbor2	chr9	133918502	133918740	SINE/MIR	590	-	119	133918621	96245
chr9	4743685	4943685	harbor2	chr9	4834754	4834951	SINE/MIR	549	-	98	4834852	91167
chr9	4743685	4943685	harbor2	chr9	4838887	4839124	SINE/MIR	612	-	118	4839005	95320
chr9	35629934	35829934	harbor2	chr9	35648361	35648595	SINE/MIR	802	-	117	35648478	18544
chr9	35629934	35829934	harbor2	chr9	35729047	35729267	SINE/MIR	766	-	110	35729157	99223
chr9	4885175	5085175	harbor2	chr9	4903550	4903770	SINE/MIR	774	-	110	4903660	18485
chr9	4885175	5085175	harbor2	chr9	4935456	4935610	SINE/MIR	487	-	77	4935533	50358
chr9	4885175	5085175	harbor2	chr9	4982190	4982371	SINE/MIR	482	-	90	4982280	97105
chr9	38155453	38355453	harbor2	chr9	38159490	38159711	SINE/MIR	724	-	110	38159600	4147
chr9	38155453	38355453	harbor2	chr9	38167256	38167444	SINE/MIR	627	-	94	38167350	11897
chr9	38155453	38355453	harbor2	chr9	38184667	38184803	SINE/MIR	479	-	68	38184735	29282
chr9	38155453	38355453	harbor2	chr9	38250664	38250828	SINE/MIR	532	-	82	38250746	95293
chr9	4886443	5086443	harbor2	chr9	4903550	4903770	SINE/MIR	774	-	110	4903660	17217
chr9	4886443	5086443	harbor2	chr9	4935456	4935610	SINE/MIR	487	-	77	4935533	49090
chr9	4886443	5086443	harbor2	chr9	4982190	4982371	SINE/MIR	482	-	90	4982280	95837
chr9	4889439	5089439	harbor2	chr9	4903550	4903770	SINE/MIR	774	-	110	4903660	14221
chr9	4889439	5089439	harbor2	chr9	4935456	4935610	SINE/MIR	487	-	77	4935533	46094
chr9	4889439	5089439	harbor2	chr9	4982190	4982371	SINE/MIR	482	-	90	4982280	92841
chr9	4889480	5089480	harbor2	chr9	4903550	4903770	SINE/MIR	774	-	110	4903660	14180
chr9	4889480	5089480	harbor2	chr9	4935456	4935610	SINE/MIR	487	-	77	4935533	46053
chr9	4889480	5089480	harbor2	chr9	4982190	4982371	SINE/MIR	482	-	90	4982280	92800
chr9	4886329	5086329	harbor2	chr9	4903550	4903770	SINE/MIR	774	-	110	4903660	17331
chr9	4886329	5086329	harbor2	chr9	4935456	4935610	SINE/MIR	487	-	77	4935533	49204
chr9	4886329	5086329	harbor2	chr9	4982190	4982371	SINE/MIR	482	-	90	4982280	95951
chr9	4693424	4893424	harbor2	chr9	4693761	4693989	SINE/MIR	775	-	114	4693875	451
chr9	4693424	4893424	harbor2	chr9	4700666	4700829	SINE/MIR	636	-	82	4700748	7324
chr9	4693424	4893424	harbor2	chr9	4704121	4704352	SINE/MIR	491	-	116	4704237	10813
chr9	4693424	4893424	harbor2	chr9	4716352	4716547	SINE/MIR	506	-	98	4716450	23026
chr9	4693424	4893424	harbor2	chr9	4717010	4717224	SINE/MIR	597	-	107	4717117	23693
chr9	123915711	124115711	harbor2	chr9	123947292	123947416	SINE/MIR	518	-	62	123947354	31643
chr9	123915711	124115711	harbor2	chr9	123947451	123947653	SINE/MIR	648	-	101	123947552	31841
chr9	123915711	124115711	harbor2	chr9	123955422	123955473	SINE/MIR	554	-	26	123955448	39737
chr9	123915711	124115711	harbor2	chr9	123955780	123955921	SINE/MIR	554	-	70	123955850	40139
chr9	123915711	124115711	harbor2	chr9	123958635	123958811	SINE/MIR	714	-	88	123958723	43012
chr9	123915711	124115711	harbor2	chr9	123961774	123961995	SINE/MIR	702	-	110	123961884	46173
chr9	123915711	124115711	harbor2	chr9	123980658	123980894	SINE/MIR	584	-	118	123980776	65065
chr9	123915711	124115711	harbor2	chr9	123984732	123984990	SINE/MIR	648	-	129	123984861	69150
chr9	123915711	124115711	harbor2	chr9	123993912	123994075	SINE/MIR	608	-	82	123993994	78283
chr9	123915711	124115711	harbor2	chr9	124010730	124010958	SINE/MIR	526	-	114	124010844	95133
chr9	6727745	6927745	harbor2	chr9	6784098	6784284	SINE/MIR	526	-	93	6784191	56446
chr9	4694515	4894515	harbor2	chr9	4700666	4700829	SINE/MIR	636	-	82	4700748	6233
chr9	4694515	4894515	harbor2	chr9	4704121	4704352	SINE/MIR	491	-	116	4704237	9722
chr9	4694515	4894515	harbor2	chr9	4716352	4716547	SINE/MIR	506	-	98	4716450	21935
chr9	4694515	4894515	harbor2	chr9	4717010	4717224	SINE/MIR	597	-	107	4717117	22602
chr9	4884829	5084829	harbor2	chr9	4903550	4903770	SINE/MIR	774	-	110	4903660	18831
chr9	4884829	5084829	harbor2	chr9	4935456	4935610	SINE/MIR	487	-	77	4935533	50704
chr9	4884829	5084829	harbor2	chr9	4982190	4982371	SINE/MIR	482	-	90	4982280	97451
chr9	114075574	114275574	harbor2	chr9	114078566	114078744	SINE/MIR	498	-	89	114078655	3081
chr9	114075574	114275574	harbor2	chr9	114078805	114079002	SINE/MIR	636	-	98	114078903	3329
chr9	114075574	114275574	harbor2	chr9	114085103	114085319	SINE/MIR	695	-	108	114085211	9637
chr9	114075574	114275574	harbor2	chr9	114093571	114093836	SINE/MIR	900	-	132	114093703	18129
chr9	114075574	114275574	harbor2	chr9	114126203	114126336	SINE/MIR	569	-	66	114126269	50695
chr9	114075574	114275574	harbor2	chr9	114161897	114162103	SINE/MIR	671	-	103	114162000	86426
chr9	114075574	114275574	harbor2	chr9	114167257	114167474	SINE/MIR	611	-	108	114167365	91791
chr9	36902991	37102991	harbor2	chr9	36905281	36905517	SINE/MIR	591	-	118	36905399	2408
chr9	36902991	37102991	harbor2	chr9	36906796	36906987	SINE/MIR	580	-	96	36906892	3901
chr9	36902991	37102991	harbor2	chr9	36912238	36912456	SINE/MIR	776	-	109	36912347	9356
chr9	36902991	37102991	harbor2	chr9	36912840	36913023	SINE/MIR	530	-	92	36912932	9941
chr9	36902991	37102991	harbor2	chr9	36922609	36922848	SINE/MIR	584	-	120	36922729	19738
chr9	36902991	37102991	harbor2	chr9	36925985	36926203	SINE/MIR	815	-	109	36926094	23103
chr9	36902991	37102991	harbor2	chr9	36937155	36937380	SINE/MIR	720	-	112	36937267	34276
chr9	36902991	37102991	harbor2	chr9	36944281	36944458	SINE/MIR	760	-	88	36944369	41378
chr9	36902991	37102991	harbor2	chr9	36947997	36948245	SINE/MIR	500	-	124	36948121	45130
chr9	36902991	37102991	harbor2	chr9	36966922	36967062	SINE/MIR	706	-	70	36966992	64001
chr9	36902991	37102991	harbor2	chr9	36974364	36974578	SINE/MIR	738	-	107	36974471	71480
chr9	36902991	37102991	harbor2	chr9	36977144	36977293	SINE/MIR	636	-	74	36977218	74227
chr9	36902991	37102991	harbor2	chr9	36977312	36977431	SINE/MIR	533	-	60	36977372	74381
chr9	36902991	37102991	harbor2	chr9	36979532	36979727	SINE/MIR	561	-	98	36979630	76639
chr9	36902991	37102991	harbor2	chr9	36984972	36985120	SINE/MIR	469	-	74	36985046	82055
chr9	36902991	37102991	harbor2	chr9	36988802	36989006	SINE/MIR	562	-	102	36988904	85913
chr9	36902991	37102991	harbor2	chr9	36990139	36990332	SINE/MIR	515	-	96	36990235	87244
chr9	36902991	37102991	harbor2	chr9	36991336	36991489	SINE/MIR	646	-	76	36991412	88421
chr9	4693490	4893490	harbor2	chr9	4693761	4693989	SINE/MIR	775	-	114	4693875	385
chr9	4693490	4893490	harbor2	chr9	4700666	4700829	SINE/MIR	636	-	82	4700748	7258
chr9	4693490	4893490	harbor2	chr9	4704121	4704352	SINE/MIR	491	-	116	4704237	10747
chr9	4693490	4893490	harbor2	chr9	4716352	4716547	SINE/MIR	506	-	98	4716450	22960
chr9	4693490	4893490	harbor2	chr9	4717010	4717224	SINE/MIR	597	-	107	4717117	23627
chr9	4692797	4892797	harbor2	chr9	4693761	4693989	SINE/MIR	775	-	114	4693875	1078
chr9	4692797	4892797	harbor2	chr9	4700666	4700829	SINE/MIR	636	-	82	4700748	7951
chr9	4692797	4892797	harbor2	chr9	4704121	4704352	SINE/MIR	491	-	116	4704237	11440
chr9	4692797	4892797	harbor2	chr9	4716352	4716547	SINE/MIR	506	-	98	4716450	23653
chr9	4692797	4892797	harbor2	chr9	4717010	4717224	SINE/MIR	597	-	107	4717117	24320
chr9	134036096	134236096	harbor2	chr9	134071690	134071844	SINE/MIR	546	-	77	134071767	35671
chr9	4824090	5024090	harbor2	chr9	4834754	4834951	SINE/MIR	549	-	98	4834852	10762
chr9	4824090	5024090	harbor2	chr9	4838887	4839124	SINE/MIR	612	-	118	4839005	14915
chr9	4824090	5024090	harbor2	chr9	4853091	4853323	SINE/MIR	671	-	116	4853207	29117
chr9	4824090	5024090	harbor2	chr9	4903550	4903770	SINE/MIR	774	-	110	4903660	79570
chr9	4641242	4841242	harbor2	chr9	4649438	4649633	SINE/MIR	580	-	98	4649536	8294
chr9	4641242	4841242	harbor2	chr9	4667654	4667838	SINE/MIR	522	-	92	4667746	26504
chr9	4641242	4841242	harbor2	chr9	4693761	4693989	SINE/MIR	775	-	114	4693875	52633
chr9	4641242	4841242	harbor2	chr9	4700666	4700829	SINE/MIR	636	-	82	4700748	59506
chr9	4641242	4841242	harbor2	chr9	4704121	4704352	SINE/MIR	491	-	116	4704237	62995
chr9	4641242	4841242	harbor2	chr9	4716352	4716547	SINE/MIR	506	-	98	4716450	75208
chr9	4641242	4841242	harbor2	chr9	4717010	4717224	SINE/MIR	597	-	107	4717117	75875
chr9	126299693	126499693	harbor2	chr9	126331614	126331793	SINE/MIR	489	-	90	126331704	32011
chr9	126299693	126499693	harbor2	chr9	126339779	126340044	SINE/MIR	579	-	132	126339911	40218
chr9	126299693	126499693	harbor2	chr9	126371795	126371865	SINE/MIR	571	-	35	126371830	72137
chr9	126299693	126499693	harbor2	chr9	126372609	126372796	SINE/MIR	571	-	94	126372703	73010
chr9	126299693	126499693	harbor2	chr9	126387685	126387953	SINE/MIR	576	-	134	126387819	88126
chr9	126299693	126499693	harbor2	chr9	126390215	126390428	SINE/MIR	887	-	106	126390321	90628
chr9	111563686	111763686	harbor2	chr9	111597561	111597709	SINE/MIR	591	-	74	111597635	33949
chr9	4884856	5084856	harbor2	chr9	4903550	4903770	SINE/MIR	774	-	110	4903660	18804
chr9	4884856	5084856	harbor2	chr9	4935456	4935610	SINE/MIR	487	-	77	4935533	50677
chr9	4884856	5084856	harbor2	chr9	4982190	4982371	SINE/MIR	482	-	90	4982280	97424
chr9	4692893	4892893	harbor2	chr9	4693761	4693989	SINE/MIR	775	-	114	4693875	982
chr9	4692893	4892893	harbor2	chr9	4700666	4700829	SINE/MIR	636	-	82	4700748	7855
chr9	4692893	4892893	harbor2	chr9	4704121	4704352	SINE/MIR	491	-	116	4704237	11344
chr9	4692893	4892893	harbor2	chr9	4716352	4716547	SINE/MIR	506	-	98	4716450	23557
chr9	4692893	4892893	harbor2	chr9	4717010	4717224	SINE/MIR	597	-	107	4717117	24224
chr9	4885087	5085087	harbor2	chr9	4903550	4903770	SINE/MIR	774	-	110	4903660	18573
chr9	4885087	5085087	harbor2	chr9	4935456	4935610	SINE/MIR	487	-	77	4935533	50446
chr9	4885087	5085087	harbor2	chr9	4982190	4982371	SINE/MIR	482	-	90	4982280	97193
chr9	4694556	4894556	harbor2	chr9	4700666	4700829	SINE/MIR	636	-	82	4700748	6192
chr9	4694556	4894556	harbor2	chr9	4704121	4704352	SINE/MIR	491	-	116	4704237	9681
chr9	4694556	4894556	harbor2	chr9	4716352	4716547	SINE/MIR	506	-	98	4716450	21894
chr9	4694556	4894556	harbor2	chr9	4717010	4717224	SINE/MIR	597	-	107	4717117	22561
chr9	135401583	135601583	harbor2	chr9	135401512	135401738	SINE/MIR	694	-	113	135401625	42
chr9	135401583	135601583	harbor2	chr9	135408804	135408968	SINE/MIR	471	-	82	135408886	7303
chr9	4886608	5086608	harbor2	chr9	4903550	4903770	SINE/MIR	774	-	110	4903660	17052
chr9	4886608	5086608	harbor2	chr9	4935456	4935610	SINE/MIR	487	-	77	4935533	48925
chr9	4886608	5086608	harbor2	chr9	4982190	4982371	SINE/MIR	482	-	90	4982280	95672
chr9	4885766	5085766	harbor2	chr9	4903550	4903770	SINE/MIR	774	-	110	4903660	17894
chr9	4885766	5085766	harbor2	chr9	4935456	4935610	SINE/MIR	487	-	77	4935533	49767
chr9	4885766	5085766	harbor2	chr9	4982190	4982371	SINE/MIR	482	-	90	4982280	96514
chr9	4692786	4892786	harbor2	chr9	4693761	4693989	SINE/MIR	775	-	114	4693875	1089
chr9	4692786	4892786	harbor2	chr9	4700666	4700829	SINE/MIR	636	-	82	4700748	7962
chr9	4692786	4892786	harbor2	chr9	4704121	4704352	SINE/MIR	491	-	116	4704237	11451
chr9	4692786	4892786	harbor2	chr9	4716352	4716547	SINE/MIR	506	-	98	4716450	23664
chr9	4692786	4892786	harbor2	chr9	4717010	4717224	SINE/MIR	597	-	107	4717117	24331
chr9	134036081	134236081	harbor2	chr9	134071690	134071844	SINE/MIR	546	-	77	134071767	35686
chr9	4884865	5084865	harbor2	chr9	4903550	4903770	SINE/MIR	774	-	110	4903660	18795
chr9	4884865	5084865	harbor2	chr9	4935456	4935610	SINE/MIR	487	-	77	4935533	50668
chr9	4884865	5084865	harbor2	chr9	4982190	4982371	SINE/MIR	482	-	90	4982280	97415
chr9	108356062	108556062	harbor2	chr9	108380570	108380744	SINE/MIR	521	-	87	108380657	24595
chr9	108356062	108556062	harbor2	chr9	108407934	108408182	SINE/MIR	646	-	124	108408058	51996
chr9	108356062	108556062	harbor2	chr9	108413165	108413421	SINE/MIR	842	-	128	108413293	57231
chr9	108356062	108556062	harbor2	chr9	108413480	108413727	SINE/MIR	834	-	124	108413604	57542
chr9	108356062	108556062	harbor2	chr9	108438620	108438810	SINE/MIR	785	-	95	108438715	82653
chr9	108356062	108556062	harbor2	chr9	108439280	108439333	SINE/MIR	785	-	26	108439306	83244
chr9	99259961	99459961	harbor2	chr9	99265839	99266069	SINE/MIR	639	-	115	99265954	5993
chr9	99259961	99459961	harbor2	chr9	99297018	99297246	SINE/MIR	662	-	114	99297132	37171
chr9	99259961	99459961	harbor2	chr9	99302650	99302850	SINE/MIR	487	-	100	99302750	42789
chr9	99259961	99459961	harbor2	chr9	99317572	99317769	SINE/MIR	519	-	98	99317670	57709
chr9	99259961	99459961	harbor2	chr9	99343109	99343276	SINE/MIR	666	-	84	99343193	83232
chr9	99259961	99459961	harbor2	chr9	99354756	99354967	SINE/MIR	717	-	106	99354862	94901
chr10	48742186	48942186	harbor2	chr10	48748317	48748429	SINE/MIR	489	-	56	48748373	6187
chr10	48742186	48942186	harbor2	chr10	48765527	48765708	SINE/MIR	529	-	90	48765617	23431
chr10	48742186	48942186	harbor2	chr10	48813390	48813613	SINE/MIR	462	-	112	48813502	71316
chr10	48742186	48942186	harbor2	chr10	48832179	48832395	SINE/MIR	583	-	108	48832287	90101
chr10	102141600	102341600	harbor2	chr10	102180078	102180258	SINE/MIR	735	-	90	102180168	38568
chr10	102141600	102341600	harbor2	chr10	102222145	102222172	SINE/MIR	700	-	14	102222159	80559
chr10	102141600	102341600	harbor2	chr10	102222307	102222495	SINE/MIR	700	-	94	102222401	80801
chr10	102141600	102341600	harbor2	chr10	102224317	102224540	SINE/MIR	512	-	112	102224429	82829
chr10	102141600	102341600	harbor2	chr10	102227393	102227543	SINE/MIR	572	-	75	102227468	85868
chr10	102141612	102341612	harbor2	chr10	102180078	102180258	SINE/MIR	735	-	90	102180168	38556
chr10	102141612	102341612	harbor2	chr10	102222145	102222172	SINE/MIR	700	-	14	102222159	80547
chr10	102141612	102341612	harbor2	chr10	102222307	102222495	SINE/MIR	700	-	94	102222401	80789
chr10	102141612	102341612	harbor2	chr10	102224317	102224540	SINE/MIR	512	-	112	102224429	82817
chr10	102141612	102341612	harbor2	chr10	102227393	102227543	SINE/MIR	572	-	75	102227468	85856
chr10	103893614	104093614	harbor2	chr10	103898661	103898839	SINE/MIR	591	-	89	103898750	5136
chr10	103893614	104093614	harbor2	chr10	103900909	103901128	SINE/MIR	842	-	110	103901019	7405
chr10	103893614	104093614	harbor2	chr10	103948810	103949050	SINE/MIR	587	-	120	103948930	55316
chr10	103893614	104093614	harbor2	chr10	103966531	103966676	SINE/MIR	470	-	72	103966603	72989
chr10	103893614	104093614	harbor2	chr10	103968727	103968943	SINE/MIR	622	-	108	103968835	75221
chr10	103893614	104093614	harbor2	chr10	103988726	103988976	SINE/MIR	532	-	125	103988851	95237
chr10	122407392	122607392	harbor2	chr10	122469579	122469806	SINE/MIR	565	-	114	122469693	62301
chr10	122407392	122607392	harbor2	chr10	122474162	122474284	SINE/MIR	514	-	61	122474223	66831
chr10	122407392	122607392	harbor2	chr10	122480038	122480186	SINE/MIR	468	-	74	122480112	72720
chr10	122407392	122607392	harbor2	chr10	122484604	122484828	SINE/MIR	594	-	112	122484716	77324
chr10	75729207	75929207	harbor2	chr10	75781741	75781933	SINE/MIR	500	-	96	75781837	52630
chr10	75729207	75929207	harbor2	chr10	75810839	75811046	SINE/MIR	585	-	104	75810943	81736
chr10	75729207	75929207	harbor2	chr10	75815795	75815998	SINE/MIR	729	-	102	75815897	86690
chr10	103552962	103752962	harbor2	chr10	103563669	103563865	SINE/MIR	472	-	98	103563767	10805
chr10	103552962	103752962	harbor2	chr10	103577367	103577547	SINE/MIR	600	-	90	103577457	24495
chr10	103552962	103752962	harbor2	chr10	103581074	103581323	SINE/MIR	505	-	124	103581198	28236
chr10	103552962	103752962	harbor2	chr10	103610740	103610938	SINE/MIR	662	-	99	103610839	57877
chr10	103552962	103752962	harbor2	chr10	103623938	103624167	SINE/MIR	479	-	114	103624052	71090
chr10	103552962	103752962	harbor2	chr10	103563203	103563455	SINE/MIR	877	-	126	103563329	10367
chr10	14779254	14979254	harbor2	chr10	14807837	14808066	SINE/MIR	520	-	114	14807951	28697
chr10	14779254	14979254	harbor2	chr10	14826667	14826883	SINE/MIR	597	-	108	14826775	47521
chr10	14779254	14979254	harbor2	chr10	14840783	14841008	SINE/MIR	600	-	112	14840895	61641
chr10	14779254	14979254	harbor2	chr10	14856199	14856453	SINE/MIR	806	-	127	14856326	77072
chr10	14779254	14979254	harbor2	chr10	14858739	14858935	SINE/MIR	660	-	98	14858837	79583
chr10	97778537	97978537	harbor2	chr10	97780000	97780205	SINE/MIR	846	-	102	97780102	1565
chr10	97778537	97978537	harbor2	chr10	97782838	97782989	SINE/MIR	478	-	76	97782914	4377
chr10	97778537	97978537	harbor2	chr10	97784036	97784232	SINE/MIR	664	-	98	97784134	5597
chr10	97778537	97978537	harbor2	chr10	97801992	97802207	SINE/MIR	500	-	108	97802100	23563
chr10	97778537	97978537	harbor2	chr10	97809222	97809422	SINE/MIR	706	-	100	97809322	30785
chr10	97778537	97978537	harbor2	chr10	97809415	97809534	SINE/MIR	553	-	60	97809475	30938
chr10	97778537	97978537	harbor2	chr10	97809834	97809868	SINE/MIR	553	-	17	97809851	31314
chr10	97778537	97978537	harbor2	chr10	97825743	97825975	SINE/MIR	551	-	116	97825859	47322
chr10	97778537	97978537	harbor2	chr10	97829286	97829480	SINE/MIR	531	-	97	97829383	50846
chr10	97778537	97978537	harbor2	chr10	97830777	97831029	SINE/MIR	793	-	126	97830903	52366
chr10	97778537	97978537	harbor2	chr10	97835079	97835320	SINE/MIR	573	-	120	97835199	56662
chr10	97778537	97978537	harbor2	chr10	97842640	97842800	SINE/MIR	492	-	80	97842720	64183
chr10	97778537	97978537	harbor2	chr10	97851921	97852051	SINE/MIR	561	-	65	97851986	73449
chr10	97778537	97978537	harbor2	chr10	97852062	97852220	SINE/MIR	471	-	79	97852141	73604
chr10	97778537	97978537	harbor2	chr10	97863624	97863802	SINE/MIR	583	-	89	97863713	85176
chr10	97778537	97978537	harbor2	chr10	97865036	97865274	SINE/MIR	734	-	119	97865155	86618
chr10	97778537	97978537	harbor2	chr10	97868189	97868394	SINE/MIR	464	-	102	97868291	89754
chr10	97778537	97978537	harbor2	chr10	97868861	97869067	SINE/MIR	809	-	103	97868964	90427
chr10	97778537	97978537	harbor2	chr10	97871577	97871746	SINE/MIR	577	-	84	97871661	93124
chr10	97778537	97978537	harbor2	chr10	97873032	97873215	SINE/MIR	467	-	92	97873124	94587
chr10	14778679	14978679	harbor2	chr10	14807837	14808066	SINE/MIR	520	-	114	14807951	29272
chr10	14778679	14978679	harbor2	chr10	14826667	14826883	SINE/MIR	597	-	108	14826775	48096
chr10	14778679	14978679	harbor2	chr10	14840783	14841008	SINE/MIR	600	-	112	14840895	62216
chr10	14778679	14978679	harbor2	chr10	14856199	14856453	SINE/MIR	806	-	127	14856326	77647
chr10	14778679	14978679	harbor2	chr10	14858739	14858935	SINE/MIR	660	-	98	14858837	80158
chr10	103296527	103496527	harbor2	chr10	103296507	103296671	SINE/MIR	751	-	82	103296589	62
chr10	103296527	103496527	harbor2	chr10	103316372	103316606	SINE/MIR	593	-	117	103316489	19962
chr10	103296527	103496527	harbor2	chr10	103334759	103334993	SINE/MIR	720	-	117	103334876	38349
chr10	103296527	103496527	harbor2	chr10	103346861	103347080	SINE/MIR	562	-	110	103346971	50444
chr10	97398820	97598820	harbor2	chr10	97446519	97446673	SINE/MIR	467	-	77	97446596	47776
chr10	97398820	97598820	harbor2	chr10	97452600	97452814	SINE/MIR	586	-	107	97452707	53887
chr10	97398820	97598820	harbor2	chr10	97463076	97463163	SINE/MIR	673	-	44	97463120	64300
chr10	97398820	97598820	harbor2	chr10	97463454	97463589	SINE/MIR	673	-	68	97463522	64702
chr10	97398820	97598820	harbor2	chr10	97464192	97464422	SINE/MIR	556	-	115	97464307	65487
chr10	22337523	22537523	harbor2	chr10	22358844	22359069	SINE/MIR	667	-	112	22358956	21433
chr10	22337523	22537523	harbor2	chr10	22370278	22370512	SINE/MIR	528	-	117	22370395	32872
chr10	14778676	14978676	harbor2	chr10	14807837	14808066	SINE/MIR	520	-	114	14807951	29275
chr10	14778676	14978676	harbor2	chr10	14826667	14826883	SINE/MIR	597	-	108	14826775	48099
chr10	14778676	14978676	harbor2	chr10	14840783	14841008	SINE/MIR	600	-	112	14840895	62219
chr10	14778676	14978676	harbor2	chr10	14856199	14856453	SINE/MIR	806	-	127	14856326	77650
chr10	14778676	14978676	harbor2	chr10	14858739	14858935	SINE/MIR	660	-	98	14858837	80161
chr10	132642315	132842315	harbor2	chr10	132671691	132671898	SINE/MIR	634	-	104	132671795	29480
chr10	97415128	97615128	harbor2	chr10	97446519	97446673	SINE/MIR	467	-	77	97446596	31468
chr10	97415128	97615128	harbor2	chr10	97452600	97452814	SINE/MIR	586	-	107	97452707	37579
chr10	97415128	97615128	harbor2	chr10	97463076	97463163	SINE/MIR	673	-	44	97463120	47992
chr10	97415128	97615128	harbor2	chr10	97463454	97463589	SINE/MIR	673	-	68	97463522	48394
chr10	97415128	97615128	harbor2	chr10	97464192	97464422	SINE/MIR	556	-	115	97464307	49179
chr10	97415128	97615128	harbor2	chr10	97508058	97508259	SINE/MIR	830	-	100	97508158	93030
chr10	97415128	97615128	harbor2	chr10	97509075	97509276	SINE/MIR	672	-	100	97509175	94047
chr10	97673442	97873442	harbor2	chr10	97680080	97680254	SINE/MIR	673	-	87	97680167	6725
chr10	97673442	97873442	harbor2	chr10	97680287	97680480	SINE/MIR	493	-	96	97680383	6941
chr10	97673442	97873442	harbor2	chr10	97686382	97686578	SINE/MIR	530	-	98	97686480	13038
chr10	97673442	97873442	harbor2	chr10	97711004	97711147	SINE/MIR	532	-	72	97711076	37634
chr10	97673442	97873442	harbor2	chr10	97716670	97716901	SINE/MIR	817	-	116	97716786	43344
chr10	97673442	97873442	harbor2	chr10	97748983	97749209	SINE/MIR	572	-	113	97749096	75654
chr10	97673442	97873442	harbor2	chr10	97762555	97762748	SINE/MIR	707	-	96	97762651	89209
chr10	97673442	97873442	harbor2	chr10	97772678	97772893	SINE/MIR	746	-	108	97772786	99344
chr10	102141599	102341599	harbor2	chr10	102180078	102180258	SINE/MIR	735	-	90	102180168	38569
chr10	102141599	102341599	harbor2	chr10	102222145	102222172	SINE/MIR	700	-	14	102222159	80560
chr10	102141599	102341599	harbor2	chr10	102222307	102222495	SINE/MIR	700	-	94	102222401	80802
chr10	102141599	102341599	harbor2	chr10	102224317	102224540	SINE/MIR	512	-	112	102224429	82830
chr10	102141599	102341599	harbor2	chr10	102227393	102227543	SINE/MIR	572	-	75	102227468	85869
chr10	97678598	97878598	harbor2	chr10	97680080	97680254	SINE/MIR	673	-	87	97680167	1569
chr10	97678598	97878598	harbor2	chr10	97680287	97680480	SINE/MIR	493	-	96	97680383	1785
chr10	97678598	97878598	harbor2	chr10	97686382	97686578	SINE/MIR	530	-	98	97686480	7882
chr10	97678598	97878598	harbor2	chr10	97711004	97711147	SINE/MIR	532	-	72	97711076	32478
chr10	97678598	97878598	harbor2	chr10	97716670	97716901	SINE/MIR	817	-	116	97716786	38188
chr10	97678598	97878598	harbor2	chr10	97748983	97749209	SINE/MIR	572	-	113	97749096	70498
chr10	97678598	97878598	harbor2	chr10	97762555	97762748	SINE/MIR	707	-	96	97762651	84053
chr10	97678598	97878598	harbor2	chr10	97772678	97772893	SINE/MIR	746	-	108	97772786	94188
chr10	122404740	122604740	harbor2	chr10	122469579	122469806	SINE/MIR	565	-	114	122469693	64953
chr10	122404740	122604740	harbor2	chr10	122474162	122474284	SINE/MIR	514	-	61	122474223	69483
chr10	122404740	122604740	harbor2	chr10	122480038	122480186	SINE/MIR	468	-	74	122480112	75372
chr10	122404740	122604740	harbor2	chr10	122484604	122484828	SINE/MIR	594	-	112	122484716	79976
chr10	97678599	97878599	harbor2	chr10	97680080	97680254	SINE/MIR	673	-	87	97680167	1568
chr10	97678599	97878599	harbor2	chr10	97680287	97680480	SINE/MIR	493	-	96	97680383	1784
chr10	97678599	97878599	harbor2	chr10	97686382	97686578	SINE/MIR	530	-	98	97686480	7881
chr10	97678599	97878599	harbor2	chr10	97711004	97711147	SINE/MIR	532	-	72	97711076	32477
chr10	97678599	97878599	harbor2	chr10	97716670	97716901	SINE/MIR	817	-	116	97716786	38187
chr10	97678599	97878599	harbor2	chr10	97748983	97749209	SINE/MIR	572	-	113	97749096	70497
chr10	97678599	97878599	harbor2	chr10	97762555	97762748	SINE/MIR	707	-	96	97762651	84052
chr10	97678599	97878599	harbor2	chr10	97772678	97772893	SINE/MIR	746	-	108	97772786	94187
chr10	23340660	23540660	harbor2	chr10	23343538	23343735	SINE/MIR	523	-	98	23343636	2976
chr10	23340660	23540660	harbor2	chr10	23350260	23350398	SINE/MIR	493	-	69	23350329	9669
chr10	23340660	23540660	harbor2	chr10	23367481	23367719	SINE/MIR	631	-	119	23367600	26940
chr10	122405982	122605982	harbor2	chr10	122469579	122469806	SINE/MIR	565	-	114	122469693	63711
chr10	122405982	122605982	harbor2	chr10	122474162	122474284	SINE/MIR	514	-	61	122474223	68241
chr10	122405982	122605982	harbor2	chr10	122480038	122480186	SINE/MIR	468	-	74	122480112	74130
chr10	122405982	122605982	harbor2	chr10	122484604	122484828	SINE/MIR	594	-	112	122484716	78734
chr10	102141615	102341615	harbor2	chr10	102180078	102180258	SINE/MIR	735	-	90	102180168	38553
chr10	102141615	102341615	harbor2	chr10	102222145	102222172	SINE/MIR	700	-	14	102222159	80544
chr10	102141615	102341615	harbor2	chr10	102222307	102222495	SINE/MIR	700	-	94	102222401	80786
chr10	102141615	102341615	harbor2	chr10	102224317	102224540	SINE/MIR	512	-	112	102224429	82814
chr10	102141615	102341615	harbor2	chr10	102227393	102227543	SINE/MIR	572	-	75	102227468	85853
chr10	101132788	101332788	harbor2	chr10	101142561	101142702	SINE/MIR	633	-	70	101142631	9843
chr10	101132788	101332788	harbor2	chr10	101142925	101143007	SINE/MIR	633	-	41	101142966	10178
chr10	101132788	101332788	harbor2	chr10	101191428	101191630	SINE/MIR	797	-	101	101191529	58741
chr10	101132788	101332788	harbor2	chr10	101191927	101191953	SINE/MIR	797	-	13	101191940	59152
chr10	101132788	101332788	harbor2	chr10	101209406	101209551	SINE/MIR	576	-	72	101209478	76690
chr10	101132788	101332788	harbor2	chr10	101211319	101211527	SINE/MIR	590	-	104	101211423	78635
chr10	97398798	97598798	harbor2	chr10	97446519	97446673	SINE/MIR	467	-	77	97446596	47798
chr10	97398798	97598798	harbor2	chr10	97452600	97452814	SINE/MIR	586	-	107	97452707	53909
chr10	97398798	97598798	harbor2	chr10	97463076	97463163	SINE/MIR	673	-	44	97463120	64322
chr10	97398798	97598798	harbor2	chr10	97463454	97463589	SINE/MIR	673	-	68	97463522	64724
chr10	97398798	97598798	harbor2	chr10	97464192	97464422	SINE/MIR	556	-	115	97464307	65509
chr10	75111508	75311508	harbor2	chr10	75121093	75121313	SINE/MIR	804	-	110	75121203	9695
chr10	72361013	72561013	harbor2	chr10	72387914	72388124	SINE/MIR	620	-	105	72388019	27006
chr10	72361013	72561013	harbor2	chr10	72392260	72392288	SINE/MIR	466	-	14	72392274	31261
chr10	72361013	72561013	harbor2	chr10	72392596	72392703	SINE/MIR	466	-	54	72392650	31637
chr10	72361013	72561013	harbor2	chr10	72424417	72424483	SINE/MIR	542	-	33	72424450	63437
chr10	72361013	72561013	harbor2	chr10	72424617	72424768	SINE/MIR	542	-	76	72424693	63680
chr10	102013280	102213280	harbor2	chr10	102046115	102046243	SINE/MIR	524	-	64	102046179	32899
chr10	102013280	102213280	harbor2	chr10	102068145	102068342	SINE/MIR	529	-	98	102068243	54963
chr10	102013280	102213280	harbor2	chr10	102090716	102090960	SINE/MIR	726	-	122	102090838	77558
chr10	102013280	102213280	harbor2	chr10	102112171	102112409	SINE/MIR	695	-	119	102112290	99010
chr10	6420714	6620714	harbor2	chr10	6492411	6492583	SINE/MIR	510	-	86	6492497	71783
chr10	14778686	14978686	harbor2	chr10	14807837	14808066	SINE/MIR	520	-	114	14807951	29265
chr10	14778686	14978686	harbor2	chr10	14826667	14826883	SINE/MIR	597	-	108	14826775	48089
chr10	14778686	14978686	harbor2	chr10	14840783	14841008	SINE/MIR	600	-	112	14840895	62209
chr10	14778686	14978686	harbor2	chr10	14856199	14856453	SINE/MIR	806	-	127	14856326	77640
chr10	14778686	14978686	harbor2	chr10	14858739	14858935	SINE/MIR	660	-	98	14858837	80151
chr10	131882110	132082110	harbor2	chr10	131905562	131905782	SINE/MIR	584	-	110	131905672	23562
chr10	131882110	132082110	harbor2	chr10	131912522	131912766	SINE/MIR	475	-	122	131912644	30534
chr10	130028498	130228498	harbor2	chr10	130121143	130121287	SINE/MIR	495	-	72	130121215	92717
chr10	22337530	22537530	harbor2	chr10	22358844	22359069	SINE/MIR	667	-	112	22358956	21426
chr10	22337530	22537530	harbor2	chr10	22370278	22370512	SINE/MIR	528	-	117	22370395	32865
chr10	122908712	123108712	harbor2	chr10	122938200	122938419	SINE/MIR	662	-	110	122938310	29598
chr10	122908712	123108712	harbor2	chr10	122947285	122947533	SINE/MIR	511	-	124	122947409	38697
chr10	122908712	123108712	harbor2	chr10	122984811	122985008	SINE/MIR	817	-	98	122984909	76197
chr10	122908712	123108712	harbor2	chr10	122987694	122987910	SINE/MIR	518	-	108	122987802	79090
chr10	97436621	97636621	harbor2	chr10	97446519	97446673	SINE/MIR	467	-	77	97446596	9975
chr10	97436621	97636621	harbor2	chr10	97452600	97452814	SINE/MIR	586	-	107	97452707	16086
chr10	97436621	97636621	harbor2	chr10	97463076	97463163	SINE/MIR	673	-	44	97463120	26499
chr10	97436621	97636621	harbor2	chr10	97463454	97463589	SINE/MIR	673	-	68	97463522	26901
chr10	97436621	97636621	harbor2	chr10	97464192	97464422	SINE/MIR	556	-	115	97464307	27686
chr10	97436621	97636621	harbor2	chr10	97508058	97508259	SINE/MIR	830	-	100	97508158	71537
chr10	97436621	97636621	harbor2	chr10	97509075	97509276	SINE/MIR	672	-	100	97509175	72554
chr10	97436621	97636621	harbor2	chr10	97518846	97519068	SINE/MIR	707	-	111	97518957	82336
chr10	122065358	122265358	harbor2	chr10	122095480	122095669	SINE/MIR	518	-	94	122095574	30216
chr10	122065358	122265358	harbor2	chr10	122118900	122118969	SINE/MIR	689	-	34	122118934	53576
chr10	122065358	122265358	harbor2	chr10	122119184	122119382	SINE/MIR	689	-	99	122119283	53925
chr10	122065358	122265358	harbor2	chr10	122134975	122135208	SINE/MIR	591	-	116	122135091	69733
chr10	122065358	122265358	harbor2	chr10	122152921	122152987	SINE/MIR	563	-	33	122152954	87596
chr10	122065358	122265358	harbor2	chr10	122153290	122153442	SINE/MIR	563	-	76	122153366	88008
chr10	122065358	122265358	harbor2	chr10	122153641	122153828	SINE/MIR	572	-	94	122153735	88377
chr10	100679685	100879685	harbor2	chr10	100682050	100682221	SINE/MIR	570	-	86	100682136	2451
chr10	100679685	100879685	harbor2	chr10	100682522	100682574	SINE/MIR	570	-	26	100682548	2863
chr10	100679685	100879685	harbor2	chr10	100691732	100691958	SINE/MIR	665	-	113	100691845	12160
chr10	100679685	100879685	harbor2	chr10	100694164	100694400	SINE/MIR	776	-	118	100694282	14597
chr10	100679685	100879685	harbor2	chr10	100704225	100704444	SINE/MIR	517	-	110	100704335	24650
chr10	100679685	100879685	harbor2	chr10	100727432	100727579	SINE/MIR	475	-	74	100727506	47821
chr10	100679685	100879685	harbor2	chr10	100765954	100766184	SINE/MIR	802	-	115	100766069	86384
chr10	100679685	100879685	harbor2	chr10	100774631	100774872	SINE/MIR	518	-	120	100774751	95066
chr10	100679685	100879685	harbor2	chr10	100778066	100778241	SINE/MIR	546	-	88	100778154	98469
chr10	97398789	97598789	harbor2	chr10	97446519	97446673	SINE/MIR	467	-	77	97446596	47807
chr10	97398789	97598789	harbor2	chr10	97452600	97452814	SINE/MIR	586	-	107	97452707	53918
chr10	97398789	97598789	harbor2	chr10	97463076	97463163	SINE/MIR	673	-	44	97463120	64331
chr10	97398789	97598789	harbor2	chr10	97463454	97463589	SINE/MIR	673	-	68	97463522	64733
chr10	97398789	97598789	harbor2	chr10	97464192	97464422	SINE/MIR	556	-	115	97464307	65518
chr10	7953507	8153507	harbor2	chr10	7966983	7967158	SINE/MIR	513	-	88	7967071	13564
chr10	7953507	8153507	harbor2	chr10	7968578	7968807	SINE/MIR	807	-	114	7968692	15185
chr10	7953507	8153507	harbor2	chr10	7970296	7970509	SINE/MIR	460	-	106	7970402	16895
chr10	75120756	75320756	harbor2	chr10	75121093	75121313	SINE/MIR	804	-	110	75121203	447
chr10	43151417	43351417	harbor2	chr10	43172369	43172604	SINE/MIR	516	-	118	43172487	21070
chr10	4452699	4652699	harbor2	chr10	4469202	4469453	SINE/MIR	675	-	126	4469328	16629
chr10	97398825	97598825	harbor2	chr10	97446519	97446673	SINE/MIR	467	-	77	97446596	47771
chr10	97398825	97598825	harbor2	chr10	97452600	97452814	SINE/MIR	586	-	107	97452707	53882
chr10	97398825	97598825	harbor2	chr10	97463076	97463163	SINE/MIR	673	-	44	97463120	64295
chr10	97398825	97598825	harbor2	chr10	97463454	97463589	SINE/MIR	673	-	68	97463522	64697
chr10	97398825	97598825	harbor2	chr10	97464192	97464422	SINE/MIR	556	-	115	97464307	65482
chr10	100908386	101108386	harbor2	chr10	100981568	100981775	SINE/MIR	656	-	104	100981672	73286
chr10	100908386	101108386	harbor2	chr10	100982092	100982153	SINE/MIR	656	-	30	100982122	73736
chr10	100908386	101108386	harbor2	chr10	101005937	101006123	SINE/MIR	664	-	93	101006030	97644
chr10	100908386	101108386	harbor2	chr10	100941703	100941881	SINE/MIR	704	-	89	100941792	33406
chr10	14854787	15054787	harbor2	chr10	14856199	14856453	SINE/MIR	806	-	127	14856326	1539
chr10	14854787	15054787	harbor2	chr10	14858739	14858935	SINE/MIR	660	-	98	14858837	4050
chr10	14854787	15054787	harbor2	chr10	14898114	14898202	SINE/MIR	521	-	44	14898158	43371
chr10	14854787	15054787	harbor2	chr10	14898231	14898362	SINE/MIR	521	-	66	14898297	43510
chr10	14854787	15054787	harbor2	chr10	14922558	14922775	SINE/MIR	462	-	108	14922666	67879
chr10	114721684	114921684	harbor2	chr10	114729041	114729246	SINE/MIR	577	-	102	114729143	7459
chr10	114721684	114921684	harbor2	chr10	114779174	114779392	SINE/MIR	641	-	109	114779283	57599
chr10	114721684	114921684	harbor2	chr10	114791888	114792038	SINE/MIR	592	-	75	114791963	70279
chr10	114721684	114921684	harbor2	chr10	114792334	114792401	SINE/MIR	592	-	34	114792368	70684
chr10	114721684	114921684	harbor2	chr10	114820124	114820327	SINE/MIR	653	-	102	114820226	98542
chr10	101641744	101841744	harbor2	chr10	101664856	101665045	SINE/MIR	511	-	94	101664950	23206
chr10	73817058	74017058	harbor2	chr10	73853949	73854117	SINE/MIR	560	-	84	73854033	36975
chr10	73817058	74017058	harbor2	chr10	73856099	73856324	SINE/MIR	673	-	112	73856211	39153
chr10	73817058	74017058	harbor2	chr10	73862475	73862694	SINE/MIR	470	-	110	73862585	45527
chr10	73817058	74017058	harbor2	chr10	73862889	73863027	SINE/MIR	597	-	69	73862958	45900
chr10	73817058	74017058	harbor2	chr10	73879934	73880123	SINE/MIR	527	-	94	73880028	62970
chr10	73817058	74017058	harbor2	chr10	73894052	73894220	SINE/MIR	485	-	84	73894136	77078
chr10	73817058	74017058	harbor2	chr10	73894351	73894573	SINE/MIR	557	-	111	73894462	77404
chr10	100897092	101097092	harbor2	chr10	100902233	100902284	SINE/MIR	834	-	26	100902259	5167
chr10	100897092	101097092	harbor2	chr10	100902519	100902712	SINE/MIR	834	-	96	100902615	5523
chr10	100897092	101097092	harbor2	chr10	100907270	100907438	SINE/MIR	647	-	84	100907354	10262
chr10	100897092	101097092	harbor2	chr10	100981568	100981775	SINE/MIR	656	-	104	100981672	84580
chr10	100897092	101097092	harbor2	chr10	100982092	100982153	SINE/MIR	656	-	30	100982122	85030
chr10	100897092	101097092	harbor2	chr10	100941703	100941881	SINE/MIR	704	-	89	100941792	44700
chr10	97402257	97602257	harbor2	chr10	97446519	97446673	SINE/MIR	467	-	77	97446596	44339
chr10	97402257	97602257	harbor2	chr10	97452600	97452814	SINE/MIR	586	-	107	97452707	50450
chr10	97402257	97602257	harbor2	chr10	97463076	97463163	SINE/MIR	673	-	44	97463120	60863
chr10	97402257	97602257	harbor2	chr10	97463454	97463589	SINE/MIR	673	-	68	97463522	61265
chr10	97402257	97602257	harbor2	chr10	97464192	97464422	SINE/MIR	556	-	115	97464307	62050
chr10	69630792	69830792	harbor2	chr10	69677574	69677750	SINE/MIR	498	-	88	69677662	46870
chr10	69630792	69830792	harbor2	chr10	69714640	69714853	SINE/MIR	803	-	106	69714746	83954
chr10	69630792	69830792	harbor2	chr10	69730140	69730271	SINE/MIR	516	-	66	69730206	99414
chr10	14908036	15108036	harbor2	chr10	14922558	14922775	SINE/MIR	462	-	108	14922666	14630
chr10	14908036	15108036	harbor2	chr10	14957130	14957355	SINE/MIR	512	-	112	14957242	49206
chr10	14782782	14982782	harbor2	chr10	14807837	14808066	SINE/MIR	520	-	114	14807951	25169
chr10	14782782	14982782	harbor2	chr10	14826667	14826883	SINE/MIR	597	-	108	14826775	43993
chr10	14782782	14982782	harbor2	chr10	14840783	14841008	SINE/MIR	600	-	112	14840895	58113
chr10	14782782	14982782	harbor2	chr10	14856199	14856453	SINE/MIR	806	-	127	14856326	73544
chr10	14782782	14982782	harbor2	chr10	14858739	14858935	SINE/MIR	660	-	98	14858837	76055
chr10	71364878	71564878	harbor2	chr10	71369749	71369898	SINE/MIR	512	-	74	71369823	4945
chr10	71364878	71564878	harbor2	chr10	71372204	71372390	SINE/MIR	551	-	93	71372297	7419
chr10	71364878	71564878	harbor2	chr10	71383308	71383350	SINE/MIR	504	-	21	71383329	18451
chr10	71364878	71564878	harbor2	chr10	71383656	71383811	SINE/MIR	534	-	78	71383734	18856
chr10	71364878	71564878	harbor2	chr10	71389037	71389353	SINE/MIR	500	-	158	71389195	24317
chr10	71364878	71564878	harbor2	chr10	71406919	71407165	SINE/MIR	885	-	123	71407042	42164
chr10	71364878	71564878	harbor2	chr10	71420614	71420814	SINE/MIR	709	-	100	71420714	55836
chr10	71364878	71564878	harbor2	chr10	71444190	71444351	SINE/MIR	608	-	80	71444270	79392
chr10	71364878	71564878	harbor2	chr10	71456698	71456923	SINE/MIR	603	-	112	71456810	91932
chr10	71364878	71564878	harbor2	chr10	71457254	71457495	SINE/MIR	468	-	120	71457374	92496
chr10	71364878	71564878	harbor2	chr10	71459960	71460176	SINE/MIR	721	-	108	71460068	95190
chr10	71364878	71564878	harbor2	chr10	71463983	71464180	SINE/MIR	842	-	98	71464081	99203
chr10	71364878	71564878	harbor2	chr10	71464205	71464422	SINE/MIR	646	-	108	71464313	99435
chr10	68161589	68361589	harbor2	chr10	68250433	68250670	SINE/MIR	549	-	118	68250551	88962
chr10	100085958	100285958	harbor2	chr10	100178682	100178828	SINE/MIR	552	-	73	100178755	92797
chr10	100085958	100285958	harbor2	chr10	100178925	100179007	SINE/MIR	552	-	41	100178966	93008
chr10	50611910	50811910	harbor2	chr10	50615346	50615584	SINE/MIR	684	-	119	50615465	3555
chr10	50611910	50811910	harbor2	chr10	50667287	50667534	SINE/MIR	842	-	124	50667411	55501
chr10	102144633	102344633	harbor2	chr10	102180078	102180258	SINE/MIR	735	-	90	102180168	35535
chr10	102144633	102344633	harbor2	chr10	102222145	102222172	SINE/MIR	700	-	14	102222159	77526
chr10	102144633	102344633	harbor2	chr10	102222307	102222495	SINE/MIR	700	-	94	102222401	77768
chr10	102144633	102344633	harbor2	chr10	102224317	102224540	SINE/MIR	512	-	112	102224429	79796
chr10	102144633	102344633	harbor2	chr10	102227393	102227543	SINE/MIR	572	-	75	102227468	82835
chr10	7134719	7334719	harbor2	chr10	7210991	7211135	SINE/MIR	531	-	72	7211063	76344
chr10	97399300	97599300	harbor2	chr10	97446519	97446673	SINE/MIR	467	-	77	97446596	47296
chr10	97399300	97599300	harbor2	chr10	97452600	97452814	SINE/MIR	586	-	107	97452707	53407
chr10	97399300	97599300	harbor2	chr10	97463076	97463163	SINE/MIR	673	-	44	97463120	63820
chr10	97399300	97599300	harbor2	chr10	97463454	97463589	SINE/MIR	673	-	68	97463522	64222
chr10	97399300	97599300	harbor2	chr10	97464192	97464422	SINE/MIR	556	-	115	97464307	65007
chr10	48300059	48500059	harbor2	chr10	48316937	48317089	SINE/MIR	587	-	76	48317013	16954
chr10	48300059	48500059	harbor2	chr10	48329029	48329225	SINE/MIR	637	-	98	48329127	29068
chr10	97398808	97598808	harbor2	chr10	97446519	97446673	SINE/MIR	467	-	77	97446596	47788
chr10	97398808	97598808	harbor2	chr10	97452600	97452814	SINE/MIR	586	-	107	97452707	53899
chr10	97398808	97598808	harbor2	chr10	97463076	97463163	SINE/MIR	673	-	44	97463120	64312
chr10	97398808	97598808	harbor2	chr10	97463454	97463589	SINE/MIR	673	-	68	97463522	64714
chr10	97398808	97598808	harbor2	chr10	97464192	97464422	SINE/MIR	556	-	115	97464307	65499
chr10	78867019	79067019	harbor2	chr10	78872661	78872870	SINE/MIR	717	-	104	78872765	5746
chr10	78867019	79067019	harbor2	chr10	78905555	78905748	SINE/MIR	490	-	96	78905651	38632
chr10	78867019	79067019	harbor2	chr10	78908507	78908698	SINE/MIR	618	-	96	78908603	41584
chr10	78867019	79067019	harbor2	chr10	78914426	78914648	SINE/MIR	874	-	111	78914537	47518
chr10	78867019	79067019	harbor2	chr10	78916010	78916212	SINE/MIR	534	-	101	78916111	49092
chr10	78867019	79067019	harbor2	chr10	78951560	78951776	SINE/MIR	656	-	108	78951668	84649
chr10	78867019	79067019	harbor2	chr10	78964303	78964531	SINE/MIR	835	-	114	78964417	97398
chr10	48455826	48655826	harbor2	chr10	48473569	48473768	SINE/MIR	707	-	100	48473669	17843
chr10	48455826	48655826	harbor2	chr10	48480629	48480900	SINE/MIR	717	-	136	48480765	24939
chr10	48455826	48655826	harbor2	chr10	48489192	48489407	SINE/MIR	558	-	108	48489300	33474
chr10	48455826	48655826	harbor2	chr10	48495268	48495450	SINE/MIR	657	-	91	48495359	39533
chr10	48455826	48655826	harbor2	chr10	48496354	48496580	SINE/MIR	749	-	113	48496467	40641
chr10	48455826	48655826	harbor2	chr10	48526989	48527170	SINE/MIR	579	-	90	48527079	71253
chr10	48455826	48655826	harbor2	chr10	48531548	48531801	SINE/MIR	625	-	126	48531674	75848
chr10	48455826	48655826	harbor2	chr10	48534603	48534816	SINE/MIR	762	-	106	48534709	78883
chr10	132252813	132452813	harbor2	chr10	132336645	132336786	SINE/MIR	603	-	70	132336715	83902
chr10	10822731	11022731	harbor2	chr10	10823735	10823869	SINE/MIR	474	-	67	10823802	1071
chr10	10822731	11022731	harbor2	chr10	10850644	10850789	SINE/MIR	556	-	72	10850716	27985
chr10	10822731	11022731	harbor2	chr10	10891442	10891690	SINE/MIR	573	-	124	10891566	68835
chr10	10822731	11022731	harbor2	chr10	10894960	10895184	SINE/MIR	487	-	112	10895072	72341
chr10	75111469	75311469	harbor2	chr10	75121093	75121313	SINE/MIR	804	-	110	75121203	9734
chr10	89151733	89351733	harbor2	chr10	89152358	89152564	SINE/MIR	590	-	103	89152461	728
chr10	89151733	89351733	harbor2	chr10	89155164	89155304	SINE/MIR	569	-	70	89155234	3501
chr10	89151733	89351733	harbor2	chr10	89203759	89203924	SINE/MIR	617	-	82	89203841	52108
chr10	89151733	89351733	harbor2	chr10	89227639	89227836	SINE/MIR	605	-	98	89227737	76004
chr10	89151733	89351733	harbor2	chr10	89234862	89235022	SINE/MIR	464	-	80	89234942	83209
chr10	89151733	89351733	harbor2	chr10	89240539	89240726	SINE/MIR	512	-	94	89240633	88900
chr10	47354780	47554780	harbor2	chr10	47367320	47367535	SINE/MIR	676	-	108	47367428	12648
chr10	22337540	22537540	harbor2	chr10	22358844	22359069	SINE/MIR	667	-	112	22358956	21416
chr10	22337540	22537540	harbor2	chr10	22370278	22370512	SINE/MIR	528	-	117	22370395	32855
chr10	102141601	102341601	harbor2	chr10	102180078	102180258	SINE/MIR	735	-	90	102180168	38567
chr10	102141601	102341601	harbor2	chr10	102222145	102222172	SINE/MIR	700	-	14	102222159	80558
chr10	102141601	102341601	harbor2	chr10	102222307	102222495	SINE/MIR	700	-	94	102222401	80800
chr10	102141601	102341601	harbor2	chr10	102224317	102224540	SINE/MIR	512	-	112	102224429	82828
chr10	102141601	102341601	harbor2	chr10	102227393	102227543	SINE/MIR	572	-	75	102227468	85867
chr10	131311786	131511786	harbor2	chr10	131352009	131352037	SINE/MIR	466	-	14	131352023	40237
chr10	131311786	131511786	harbor2	chr10	131352372	131352548	SINE/MIR	466	-	88	131352460	40674
chr10	131311786	131511786	harbor2	chr10	131397341	131397512	SINE/MIR	474	-	86	131397427	85641
chr10	131311786	131511786	harbor2	chr10	131406564	131406802	SINE/MIR	503	-	119	131406683	94897
chr10	14778685	14978685	harbor2	chr10	14807837	14808066	SINE/MIR	520	-	114	14807951	29266
chr10	14778685	14978685	harbor2	chr10	14826667	14826883	SINE/MIR	597	-	108	14826775	48090
chr10	14778685	14978685	harbor2	chr10	14840783	14841008	SINE/MIR	600	-	112	14840895	62210
chr10	14778685	14978685	harbor2	chr10	14856199	14856453	SINE/MIR	806	-	127	14856326	77641
chr10	14778685	14978685	harbor2	chr10	14858739	14858935	SINE/MIR	660	-	98	14858837	80152
chr10	131334696	131534696	harbor2	chr10	131352009	131352037	SINE/MIR	466	-	14	131352023	17327
chr10	131334696	131534696	harbor2	chr10	131352372	131352548	SINE/MIR	466	-	88	131352460	17764
chr10	131334696	131534696	harbor2	chr10	131397341	131397512	SINE/MIR	474	-	86	131397427	62731
chr10	131334696	131534696	harbor2	chr10	131406564	131406802	SINE/MIR	503	-	119	131406683	71987
chr10	7951415	8151415	harbor2	chr10	7966983	7967158	SINE/MIR	513	-	88	7967071	15656
chr10	7951415	8151415	harbor2	chr10	7968578	7968807	SINE/MIR	807	-	114	7968692	17277
chr10	7951415	8151415	harbor2	chr10	7970296	7970509	SINE/MIR	460	-	106	7970402	18987
chr10	131311983	131511983	harbor2	chr10	131352009	131352037	SINE/MIR	466	-	14	131352023	40040
chr10	131311983	131511983	harbor2	chr10	131352372	131352548	SINE/MIR	466	-	88	131352460	40477
chr10	131311983	131511983	harbor2	chr10	131397341	131397512	SINE/MIR	474	-	86	131397427	85444
chr10	131311983	131511983	harbor2	chr10	131406564	131406802	SINE/MIR	503	-	119	131406683	94700
chr10	17267852	17467852	harbor2	chr10	17329179	17329368	SINE/MIR	639	-	94	17329273	61421
chr10	17267852	17467852	harbor2	chr10	17339677	17339835	SINE/MIR	497	-	79	17339756	71904
chr10	17267852	17467852	harbor2	chr10	17343873	17344132	SINE/MIR	845	-	130	17344003	76151
chr10	14778673	14978673	harbor2	chr10	14807837	14808066	SINE/MIR	520	-	114	14807951	29278
chr10	14778673	14978673	harbor2	chr10	14826667	14826883	SINE/MIR	597	-	108	14826775	48102
chr10	14778673	14978673	harbor2	chr10	14840783	14841008	SINE/MIR	600	-	112	14840895	62222
chr10	14778673	14978673	harbor2	chr10	14856199	14856453	SINE/MIR	806	-	127	14856326	77653
chr10	14778673	14978673	harbor2	chr10	14858739	14858935	SINE/MIR	660	-	98	14858837	80164
chr10	46006333	46206333	harbor2	chr10	46070055	46070259	SINE/MIR	531	-	102	46070157	63824
chr10	46006333	46206333	harbor2	chr10	46077712	46077897	SINE/MIR	540	-	92	46077804	71471
chr10	46006333	46206333	harbor2	chr10	46088363	46088499	SINE/MIR	523	-	68	46088431	82098
chr10	72525952	72725952	harbor2	chr10	72566862	72566987	SINE/MIR	595	-	62	72566924	40972
chr10	72525952	72725952	harbor2	chr10	72567950	72568042	SINE/MIR	595	-	46	72567996	42044
chr10	72525952	72725952	harbor2	chr10	72617382	72617518	SINE/MIR	476	-	68	72617450	91498
chr10	122066259	122266259	harbor2	chr10	122095480	122095669	SINE/MIR	518	-	94	122095574	29315
chr10	122066259	122266259	harbor2	chr10	122118900	122118969	SINE/MIR	689	-	34	122118934	52675
chr10	122066259	122266259	harbor2	chr10	122119184	122119382	SINE/MIR	689	-	99	122119283	53024
chr10	122066259	122266259	harbor2	chr10	122134975	122135208	SINE/MIR	591	-	116	122135091	68832
chr10	122066259	122266259	harbor2	chr10	122152921	122152987	SINE/MIR	563	-	33	122152954	86695
chr10	122066259	122266259	harbor2	chr10	122153290	122153442	SINE/MIR	563	-	76	122153366	87107
chr10	122066259	122266259	harbor2	chr10	122153641	122153828	SINE/MIR	572	-	94	122153735	87476
chr10	72255024	72455024	harbor2	chr10	72287925	72288100	SINE/MIR	755	-	88	72288013	32989
chr10	72255024	72455024	harbor2	chr10	72321905	72322092	SINE/MIR	469	-	94	72321999	66975
chr10	72255024	72455024	harbor2	chr10	72330189	72330330	SINE/MIR	772	-	70	72330259	75235
chr10	72255024	72455024	harbor2	chr10	72337536	72337764	SINE/MIR	673	-	114	72337650	82626
chr10	72255024	72455024	harbor2	chr10	72341772	72341918	SINE/MIR	474	-	73	72341845	86821
chr10	72255024	72455024	harbor2	chr10	72348776	72349028	SINE/MIR	541	-	126	72348902	93878
chr10	131312053	131512053	harbor2	chr10	131352009	131352037	SINE/MIR	466	-	14	131352023	39970
chr10	131312053	131512053	harbor2	chr10	131352372	131352548	SINE/MIR	466	-	88	131352460	40407
chr10	131312053	131512053	harbor2	chr10	131397341	131397512	SINE/MIR	474	-	86	131397427	85374
chr10	131312053	131512053	harbor2	chr10	131406564	131406802	SINE/MIR	503	-	119	131406683	94630
chr10	100907566	101107566	harbor2	chr10	100981568	100981775	SINE/MIR	656	-	104	100981672	74106
chr10	100907566	101107566	harbor2	chr10	100982092	100982153	SINE/MIR	656	-	30	100982122	74556
chr10	100907566	101107566	harbor2	chr10	101005937	101006123	SINE/MIR	664	-	93	101006030	98464
chr10	100907566	101107566	harbor2	chr10	100941703	100941881	SINE/MIR	704	-	89	100941792	34226
chr10	129341078	129541078	harbor2	chr10	129341290	129341504	SINE/MIR	487	-	107	129341397	319
chr10	131329172	131529172	harbor2	chr10	131352009	131352037	SINE/MIR	466	-	14	131352023	22851
chr10	131329172	131529172	harbor2	chr10	131352372	131352548	SINE/MIR	466	-	88	131352460	23288
chr10	131329172	131529172	harbor2	chr10	131397341	131397512	SINE/MIR	474	-	86	131397427	68255
chr10	131329172	131529172	harbor2	chr10	131406564	131406802	SINE/MIR	503	-	119	131406683	77511
chr10	97402365	97602365	harbor2	chr10	97446519	97446673	SINE/MIR	467	-	77	97446596	44231
chr10	97402365	97602365	harbor2	chr10	97452600	97452814	SINE/MIR	586	-	107	97452707	50342
chr10	97402365	97602365	harbor2	chr10	97463076	97463163	SINE/MIR	673	-	44	97463120	60755
chr10	97402365	97602365	harbor2	chr10	97463454	97463589	SINE/MIR	673	-	68	97463522	61157
chr10	97402365	97602365	harbor2	chr10	97464192	97464422	SINE/MIR	556	-	115	97464307	61942
chr10	14778687	14978687	harbor2	chr10	14807837	14808066	SINE/MIR	520	-	114	14807951	29264
chr10	14778687	14978687	harbor2	chr10	14826667	14826883	SINE/MIR	597	-	108	14826775	48088
chr10	14778687	14978687	harbor2	chr10	14840783	14841008	SINE/MIR	600	-	112	14840895	62208
chr10	14778687	14978687	harbor2	chr10	14856199	14856453	SINE/MIR	806	-	127	14856326	77639
chr10	14778687	14978687	harbor2	chr10	14858739	14858935	SINE/MIR	660	-	98	14858837	80150
chr10	102141624	102341624	harbor2	chr10	102180078	102180258	SINE/MIR	735	-	90	102180168	38544
chr10	102141624	102341624	harbor2	chr10	102222145	102222172	SINE/MIR	700	-	14	102222159	80535
chr10	102141624	102341624	harbor2	chr10	102222307	102222495	SINE/MIR	700	-	94	102222401	80777
chr10	102141624	102341624	harbor2	chr10	102224317	102224540	SINE/MIR	512	-	112	102224429	82805
chr10	102141624	102341624	harbor2	chr10	102227393	102227543	SINE/MIR	572	-	75	102227468	85844
chr10	30719277	30919277	harbor2	chr10	30816961	30817148	SINE/MIR	634	-	94	30817055	97778
chr10	72255019	72455019	harbor2	chr10	72287925	72288100	SINE/MIR	755	-	88	72288013	32994
chr10	72255019	72455019	harbor2	chr10	72321905	72322092	SINE/MIR	469	-	94	72321999	66980
chr10	72255019	72455019	harbor2	chr10	72330189	72330330	SINE/MIR	772	-	70	72330259	75240
chr10	72255019	72455019	harbor2	chr10	72337536	72337764	SINE/MIR	673	-	114	72337650	82631
chr10	72255019	72455019	harbor2	chr10	72341772	72341918	SINE/MIR	474	-	73	72341845	86826
chr10	72255019	72455019	harbor2	chr10	72348776	72349028	SINE/MIR	541	-	126	72348902	93883
chr10	14778684	14978684	harbor2	chr10	14807837	14808066	SINE/MIR	520	-	114	14807951	29267
chr10	14778684	14978684	harbor2	chr10	14826667	14826883	SINE/MIR	597	-	108	14826775	48091
chr10	14778684	14978684	harbor2	chr10	14840783	14841008	SINE/MIR	600	-	112	14840895	62211
chr10	14778684	14978684	harbor2	chr10	14856199	14856453	SINE/MIR	806	-	127	14856326	77642
chr10	14778684	14978684	harbor2	chr10	14858739	14858935	SINE/MIR	660	-	98	14858837	80153
chr11	5127098	5327098	harbor2	chr11	5168499	5168713	SINE/MIR	452	-	107	5168606	41508
chr11	5127098	5327098	harbor2	chr11	5208088	5208308	SINE/MIR	421	-	110	5208198	81100
chr11	6471157	6671157	harbor2	chr11	6474650	6474826	SINE/MIR	404	-	88	6474738	3581
chr11	6471157	6671157	harbor2	chr11	6493008	6493227	SINE/MIR	757	-	110	6493118	21961
chr11	6471157	6671157	harbor2	chr11	6503836	6504081	SINE/MIR	603	-	122	6503958	32801
chr11	6471157	6671157	harbor2	chr11	6550080	6550310	SINE/MIR	536	-	115	6550195	79038
chr11	6471157	6671157	harbor2	chr11	6565421	6565601	SINE/MIR	880	-	90	6565511	94354
chr11	5127138	5327138	harbor2	chr11	5168499	5168713	SINE/MIR	452	-	107	5168606	41468
chr11	5127138	5327138	harbor2	chr11	5208088	5208308	SINE/MIR	421	-	110	5208198	81060
chr11	5127141	5327141	harbor2	chr11	5168499	5168713	SINE/MIR	452	-	107	5168606	41465
chr11	5127141	5327141	harbor2	chr11	5208088	5208308	SINE/MIR	421	-	110	5208198	81057
chr11	5127548	5327548	harbor2	chr11	5168499	5168713	SINE/MIR	452	-	107	5168606	41058
chr11	5127548	5327548	harbor2	chr11	5208088	5208308	SINE/MIR	421	-	110	5208198	80650
chr11	76587360	76787360	harbor2	chr11	76618259	76618488	SINE/MIR	685	-	114	76618373	31013
chr11	76587360	76787360	harbor2	chr11	76626415	76626663	SINE/MIR	607	-	124	76626539	39179
chr11	76587360	76787360	harbor2	chr11	76654307	76654444	SINE/MIR	432	-	68	76654375	67015
chr11	76587360	76787360	harbor2	chr11	76662356	76662555	SINE/MIR	416	-	100	76662456	75096
chr11	76587360	76787360	harbor2	chr11	76667118	76667344	SINE/MIR	664	-	113	76667231	79871
chr11	76587360	76787360	harbor2	chr11	76669447	76669690	SINE/MIR	689	-	122	76669569	82209
chr11	76587360	76787360	harbor2	chr11	76669704	76669860	SINE/MIR	483	-	78	76669782	82422
chr11	76587360	76787360	harbor2	chr11	76671447	76671573	SINE/MIR	403	-	63	76671510	84150
chr11	5127182	5327182	harbor2	chr11	5168499	5168713	SINE/MIR	452	-	107	5168606	41424
chr11	5127182	5327182	harbor2	chr11	5208088	5208308	SINE/MIR	421	-	110	5208198	81016
chr11	123512081	123712081	harbor2	chr11	123517442	123517638	SINE/MIR	506	-	98	123517540	5459
chr11	123512081	123712081	harbor2	chr11	123528713	123528949	SINE/MIR	498	-	118	123528831	16750
chr11	123512081	123712081	harbor2	chr11	123533727	123533910	SINE/MIR	551	-	92	123533819	21738
chr11	123512081	123712081	harbor2	chr11	123610557	123610778	SINE/MIR	428	-	110	123610667	98586
chr11	123512081	123712081	harbor2	chr11	123535255	123535438	SINE/MIR	521	-	92	123535347	23266
chr11	5270094	5470094	harbor2	chr11	5284503	5284601	SINE/MIR	446	-	49	5284552	14458
chr11	5270094	5470094	harbor2	chr11	5287055	5287173	SINE/MIR	501	-	59	5287114	17020
chr11	5270094	5470094	harbor2	chr11	5287449	5287576	SINE/MIR	501	-	64	5287513	17419
chr11	5270094	5470094	harbor2	chr11	5305737	5305870	SINE/MIR	494	-	66	5305803	35709
chr11	5127157	5327157	harbor2	chr11	5168499	5168713	SINE/MIR	452	-	107	5168606	41449
chr11	5127157	5327157	harbor2	chr11	5208088	5208308	SINE/MIR	421	-	110	5208198	81041
chr11	5128062	5328062	harbor2	chr11	5168499	5168713	SINE/MIR	452	-	107	5168606	40544
chr11	5128062	5328062	harbor2	chr11	5208088	5208308	SINE/MIR	421	-	110	5208198	80136
chr11	63803936	64003936	harbor2	chr11	63869943	63870069	SINE/MIR	414	-	63	63870006	66070
chr11	63803936	64003936	harbor2	chr11	63883513	63883576	SINE/MIR	544	-	32	63883545	79609
chr11	63803936	64003936	harbor2	chr11	63883887	63884020	SINE/MIR	544	-	66	63883953	80017
chr11	65969869	66169869	harbor2	chr11	65999001	65999223	SINE/MIR	455	-	111	65999112	29243
chr11	65969869	66169869	harbor2	chr11	66004765	66004940	SINE/MIR	441	-	88	66004853	34984
chr11	65969869	66169869	harbor2	chr11	66011552	66011710	SINE/MIR	556	-	79	66011631	41762
chr11	65969869	66169869	harbor2	chr11	66028213	66028389	SINE/MIR	410	-	88	66028301	58432
chr11	65969869	66169869	harbor2	chr11	66046024	66046252	SINE/MIR	738	-	114	66046138	76269
chr11	65969869	66169869	harbor2	chr11	66058495	66058685	SINE/MIR	496	-	95	66058590	88721
chr11	73042807	73242807	harbor2	chr11	73105001	73105180	SINE/MIR	473	-	90	73105091	62284
chr11	73042807	73242807	harbor2	chr11	73117130	73117368	SINE/MIR	650	-	119	73117249	74442
chr11	73042807	73242807	harbor2	chr11	73118718	73118918	SINE/MIR	470	-	100	73118818	76011
chr11	73042807	73242807	harbor2	chr11	73132326	73132498	SINE/MIR	499	-	86	73132412	89605
chr11	5127137	5327137	harbor2	chr11	5168499	5168713	SINE/MIR	452	-	107	5168606	41469
chr11	5127137	5327137	harbor2	chr11	5208088	5208308	SINE/MIR	421	-	110	5208198	81061
chr11	5135292	5335292	harbor2	chr11	5168499	5168713	SINE/MIR	452	-	107	5168606	33314
chr11	5135292	5335292	harbor2	chr11	5208088	5208308	SINE/MIR	421	-	110	5208198	72906
chr11	24165672	24365672	harbor2	chr11	24186284	24186472	SINE/MIR	516	-	94	24186378	20706
chr11	24165672	24365672	harbor2	chr11	24195551	24195703	SINE/MIR	513	-	76	24195627	29955
chr11	24165672	24365672	harbor2	chr11	24206010	24206221	SINE/MIR	474	-	106	24206116	40444
chr11	24165672	24365672	harbor2	chr11	24230258	24230443	SINE/MIR	454	-	92	24230350	64678
chr11	24165672	24365672	harbor2	chr11	24258187	24258367	SINE/MIR	533	-	90	24258277	92605
chr11	5127495	5327495	harbor2	chr11	5168499	5168713	SINE/MIR	452	-	107	5168606	41111
chr11	5127495	5327495	harbor2	chr11	5208088	5208308	SINE/MIR	421	-	110	5208198	80703
chr11	5191443	5391443	harbor2	chr11	5208088	5208308	SINE/MIR	421	-	110	5208198	16755
chr11	5191443	5391443	harbor2	chr11	5284503	5284601	SINE/MIR	446	-	49	5284552	93109
chr11	5191443	5391443	harbor2	chr11	5287055	5287173	SINE/MIR	501	-	59	5287114	95671
chr11	5191443	5391443	harbor2	chr11	5287449	5287576	SINE/MIR	501	-	64	5287513	96070
chr11	57400290	57600290	harbor2	chr11	57400800	57401010	SINE/MIR	400	-	105	57400905	615
chr11	57400290	57600290	harbor2	chr11	57401408	57401612	SINE/MIR	601	-	102	57401510	1220
chr11	57400290	57600290	harbor2	chr11	57406459	57406636	SINE/MIR	442	-	88	57406547	6257
chr11	57400290	57600290	harbor2	chr11	57419350	57419499	SINE/MIR	409	-	74	57419424	19134
chr11	57400290	57600290	harbor2	chr11	57431444	57431655	SINE/MIR	419	-	106	57431550	31260
chr11	57400290	57600290	harbor2	chr11	57431968	57431994	SINE/MIR	419	-	13	57431981	31691
chr11	57400290	57600290	harbor2	chr11	57433183	57433432	SINE/MIR	843	-	124	57433307	33017
chr11	57400290	57600290	harbor2	chr11	57473229	57473352	SINE/MIR	494	-	62	57473291	73001
chr11	57400290	57600290	harbor2	chr11	57475101	57475336	SINE/MIR	509	-	118	57475219	74929
chr11	57400290	57600290	harbor2	chr11	57475356	57475506	SINE/MIR	485	-	75	57475431	75141
chr11	57400290	57600290	harbor2	chr11	57475562	57475778	SINE/MIR	485	-	108	57475670	75380
chr11	57400290	57600290	harbor2	chr11	57493084	57493271	SINE/MIR	559	-	94	57493178	92888
chr11	57400290	57600290	harbor2	chr11	57493289	57493524	SINE/MIR	561	-	118	57493407	93117
chr11	5128051	5328051	harbor2	chr11	5168499	5168713	SINE/MIR	452	-	107	5168606	40555
chr11	5128051	5328051	harbor2	chr11	5208088	5208308	SINE/MIR	421	-	110	5208198	80147
chr11	5134388	5334388	harbor2	chr11	5168499	5168713	SINE/MIR	452	-	107	5168606	34218
chr11	5134388	5334388	harbor2	chr11	5208088	5208308	SINE/MIR	421	-	110	5208198	73810
chr11	5128327	5328327	harbor2	chr11	5168499	5168713	SINE/MIR	452	-	107	5168606	40279
chr11	5128327	5328327	harbor2	chr11	5208088	5208308	SINE/MIR	421	-	110	5208198	79871
chr11	76580960	76780960	harbor2	chr11	76618259	76618488	SINE/MIR	685	-	114	76618373	37413
chr11	76580960	76780960	harbor2	chr11	76626415	76626663	SINE/MIR	607	-	124	76626539	45579
chr11	76580960	76780960	harbor2	chr11	76654307	76654444	SINE/MIR	432	-	68	76654375	73415
chr11	76580960	76780960	harbor2	chr11	76662356	76662555	SINE/MIR	416	-	100	76662456	81496
chr11	76580960	76780960	harbor2	chr11	76667118	76667344	SINE/MIR	664	-	113	76667231	86271
chr11	76580960	76780960	harbor2	chr11	76669447	76669690	SINE/MIR	689	-	122	76669569	88609
chr11	76580960	76780960	harbor2	chr11	76669704	76669860	SINE/MIR	483	-	78	76669782	88822
chr11	76580960	76780960	harbor2	chr11	76671447	76671573	SINE/MIR	403	-	63	76671510	90550
chr11	5127140	5327140	harbor2	chr11	5168499	5168713	SINE/MIR	452	-	107	5168606	41466
chr11	5127140	5327140	harbor2	chr11	5208088	5208308	SINE/MIR	421	-	110	5208198	81058
chr11	119281619	119481619	harbor2	chr11	119345137	119345356	SINE/MIR	415	-	110	119345247	63628
chr11	119281619	119481619	harbor2	chr11	119347491	119347667	SINE/MIR	467	-	88	119347579	65960
chr11	119281619	119481619	harbor2	chr11	119351890	119351988	SINE/MIR	421	-	49	119351939	70320
chr11	119281619	119481619	harbor2	chr11	119365767	119365884	SINE/MIR	629	-	58	119365825	84206
chr11	119281619	119481619	harbor2	chr11	119366195	119366314	SINE/MIR	629	-	60	119366255	84636
chr11	119281619	119481619	harbor2	chr11	119370294	119370454	SINE/MIR	526	-	80	119370374	88755
chr11	119281619	119481619	harbor2	chr11	119374440	119374598	SINE/MIR	404	-	79	119374519	92900
chr11	119281619	119481619	harbor2	chr11	119377103	119377321	SINE/MIR	495	-	109	119377212	95593
chr11	5134538	5334538	harbor2	chr11	5168499	5168713	SINE/MIR	452	-	107	5168606	34068
chr11	5134538	5334538	harbor2	chr11	5208088	5208308	SINE/MIR	421	-	110	5208198	73660
chr11	5134084	5334084	harbor2	chr11	5168499	5168713	SINE/MIR	452	-	107	5168606	34522
chr11	5134084	5334084	harbor2	chr11	5208088	5208308	SINE/MIR	421	-	110	5208198	74114
chr11	5134540	5334540	harbor2	chr11	5168499	5168713	SINE/MIR	452	-	107	5168606	34066
chr11	5134540	5334540	harbor2	chr11	5208088	5208308	SINE/MIR	421	-	110	5208198	73658
chr11	5127159	5327159	harbor2	chr11	5168499	5168713	SINE/MIR	452	-	107	5168606	41447
chr11	5127159	5327159	harbor2	chr11	5208088	5208308	SINE/MIR	421	-	110	5208198	81039
chr11	32346594	32546594	harbor2	chr11	32357387	32357632	SINE/MIR	695	-	122	32357509	10915
chr11	32346594	32546594	harbor2	chr11	32357786	32358025	SINE/MIR	787	-	120	32357906	11312
chr11	32346594	32546594	harbor2	chr11	32374183	32374282	SINE/MIR	754	-	50	32374233	27639
chr11	32346594	32546594	harbor2	chr11	32375117	32375249	SINE/MIR	754	-	66	32375183	28589
chr11	32346594	32546594	harbor2	chr11	32376491	32376612	SINE/MIR	524	-	60	32376551	29957
chr11	32346594	32546594	harbor2	chr11	32376909	32376944	SINE/MIR	524	-	18	32376927	30333
chr11	32346594	32546594	harbor2	chr11	32377169	32377325	SINE/MIR	543	-	78	32377247	30653
chr11	32346594	32546594	harbor2	chr11	32389904	32390128	SINE/MIR	576	-	112	32390016	43422
chr11	32346594	32546594	harbor2	chr11	32405764	32405882	SINE/MIR	498	-	59	32405823	59229
chr11	5134020	5334020	harbor2	chr11	5168499	5168713	SINE/MIR	452	-	107	5168606	34586
chr11	5134020	5334020	harbor2	chr11	5208088	5208308	SINE/MIR	421	-	110	5208198	74178
chr11	5133982	5333982	harbor2	chr11	5168499	5168713	SINE/MIR	452	-	107	5168606	34624
chr11	5133982	5333982	harbor2	chr11	5208088	5208308	SINE/MIR	421	-	110	5208198	74216
chr11	5128415	5328415	harbor2	chr11	5168499	5168713	SINE/MIR	452	-	107	5168606	40191
chr11	5128415	5328415	harbor2	chr11	5208088	5208308	SINE/MIR	421	-	110	5208198	79783
chr11	6373185	6573185	harbor2	chr11	6379155	6379350	SINE/MIR	467	-	98	6379253	6068
chr11	6373185	6573185	harbor2	chr11	6396644	6396846	SINE/MIR	641	-	101	6396745	23560
chr11	6373185	6573185	harbor2	chr11	6419539	6419757	SINE/MIR	561	-	109	6419648	46463
chr11	6373185	6573185	harbor2	chr11	6444691	6444815	SINE/MIR	444	-	62	6444753	71568
chr11	6373185	6573185	harbor2	chr11	6455207	6455378	SINE/MIR	648	-	86	6455293	82108
chr11	5134352	5334352	harbor2	chr11	5168499	5168713	SINE/MIR	452	-	107	5168606	34254
chr11	5134352	5334352	harbor2	chr11	5208088	5208308	SINE/MIR	421	-	110	5208198	73846
chr11	5226186	5426186	harbor2	chr11	5284503	5284601	SINE/MIR	446	-	49	5284552	58366
chr11	5226186	5426186	harbor2	chr11	5287055	5287173	SINE/MIR	501	-	59	5287114	60928
chr11	5226186	5426186	harbor2	chr11	5287449	5287576	SINE/MIR	501	-	64	5287513	61327
chr11	5226186	5426186	harbor2	chr11	5305737	5305870	SINE/MIR	494	-	66	5305803	79617
chr11	5134552	5334552	harbor2	chr11	5168499	5168713	SINE/MIR	452	-	107	5168606	34054
chr11	5134552	5334552	harbor2	chr11	5208088	5208308	SINE/MIR	421	-	110	5208198	73646
chr11	5201291	5401291	harbor2	chr11	5208088	5208308	SINE/MIR	421	-	110	5208198	6907
chr11	5201291	5401291	harbor2	chr11	5284503	5284601	SINE/MIR	446	-	49	5284552	83261
chr11	5201291	5401291	harbor2	chr11	5287055	5287173	SINE/MIR	501	-	59	5287114	85823
chr11	5201291	5401291	harbor2	chr11	5287449	5287576	SINE/MIR	501	-	64	5287513	86222
chr11	65472319	65672319	harbor2	chr11	65486473	65486620	SINE/MIR	447	-	74	65486547	14228
chr11	65472319	65672319	harbor2	chr11	65568117	65568244	SINE/MIR	427	-	64	65568181	95862
chr11	5127124	5327124	harbor2	chr11	5168499	5168713	SINE/MIR	452	-	107	5168606	41482
chr11	5127124	5327124	harbor2	chr11	5208088	5208308	SINE/MIR	421	-	110	5208198	81074
chr11	5176047	5376047	harbor2	chr11	5208088	5208308	SINE/MIR	421	-	110	5208198	32151
chr11	5137986	5337986	harbor2	chr11	5168499	5168713	SINE/MIR	452	-	107	5168606	30620
chr11	5137986	5337986	harbor2	chr11	5208088	5208308	SINE/MIR	421	-	110	5208198	70212
chr11	5141739	5341739	harbor2	chr11	5168499	5168713	SINE/MIR	452	-	107	5168606	26867
chr11	5141739	5341739	harbor2	chr11	5208088	5208308	SINE/MIR	421	-	110	5208198	66459
chr11	5175971	5375971	harbor2	chr11	5208088	5208308	SINE/MIR	421	-	110	5208198	32227
chr11	5127119	5327119	harbor2	chr11	5168499	5168713	SINE/MIR	452	-	107	5168606	41487
chr11	5127119	5327119	harbor2	chr11	5208088	5208308	SINE/MIR	421	-	110	5208198	81079
chr11	5128030	5328030	harbor2	chr11	5168499	5168713	SINE/MIR	452	-	107	5168606	40576
chr11	5128030	5328030	harbor2	chr11	5208088	5208308	SINE/MIR	421	-	110	5208198	80168
chr11	119644666	119844666	harbor2	chr11	119646511	119646738	SINE/MIR	431	-	114	119646625	1959
chr11	119644666	119844666	harbor2	chr11	119673504	119673666	SINE/MIR	502	-	81	119673585	28919
chr11	119644666	119844666	harbor2	chr11	119692613	119692835	SINE/MIR	703	-	111	119692724	48058
chr11	119644666	119844666	harbor2	chr11	119697542	119697770	SINE/MIR	486	-	114	119697656	52990
chr11	119644666	119844666	harbor2	chr11	119699682	119699868	SINE/MIR	435	-	93	119699775	55109
chr11	119644666	119844666	harbor2	chr11	119722863	119722970	SINE/MIR	582	-	54	119722917	78251
chr11	119644666	119844666	harbor2	chr11	119723242	119723358	SINE/MIR	582	-	58	119723300	78634
chr11	119644666	119844666	harbor2	chr11	119738986	119739120	SINE/MIR	550	-	67	119739053	94387
chr11	119644666	119844666	harbor2	chr11	119743756	119743974	SINE/MIR	811	-	109	119743865	99199
chr11	5127097	5327097	harbor2	chr11	5168499	5168713	SINE/MIR	452	-	107	5168606	41509
chr11	5127097	5327097	harbor2	chr11	5208088	5208308	SINE/MIR	421	-	110	5208198	81101
chr11	5127546	5327546	harbor2	chr11	5168499	5168713	SINE/MIR	452	-	107	5168606	41060
chr11	5127546	5327546	harbor2	chr11	5208088	5208308	SINE/MIR	421	-	110	5208198	80652
chr11	5127094	5327094	harbor2	chr11	5168499	5168713	SINE/MIR	452	-	107	5168606	41512
chr11	5127094	5327094	harbor2	chr11	5208088	5208308	SINE/MIR	421	-	110	5208198	81104
chr11	5140721	5340721	harbor2	chr11	5168499	5168713	SINE/MIR	452	-	107	5168606	27885
chr11	5140721	5340721	harbor2	chr11	5208088	5208308	SINE/MIR	421	-	110	5208198	67477
chr11	76580967	76780967	harbor2	chr11	76618259	76618488	SINE/MIR	685	-	114	76618373	37406
chr11	76580967	76780967	harbor2	chr11	76626415	76626663	SINE/MIR	607	-	124	76626539	45572
chr11	76580967	76780967	harbor2	chr11	76654307	76654444	SINE/MIR	432	-	68	76654375	73408
chr11	76580967	76780967	harbor2	chr11	76662356	76662555	SINE/MIR	416	-	100	76662456	81489
chr11	76580967	76780967	harbor2	chr11	76667118	76667344	SINE/MIR	664	-	113	76667231	86264
chr11	76580967	76780967	harbor2	chr11	76669447	76669690	SINE/MIR	689	-	122	76669569	88602
chr11	76580967	76780967	harbor2	chr11	76669704	76669860	SINE/MIR	483	-	78	76669782	88815
chr11	76580967	76780967	harbor2	chr11	76671447	76671573	SINE/MIR	403	-	63	76671510	90543
chr11	57399778	57599778	harbor2	chr11	57400800	57401010	SINE/MIR	400	-	105	57400905	1127
chr11	57399778	57599778	harbor2	chr11	57401408	57401612	SINE/MIR	601	-	102	57401510	1732
chr11	57399778	57599778	harbor2	chr11	57406459	57406636	SINE/MIR	442	-	88	57406547	6769
chr11	57399778	57599778	harbor2	chr11	57419350	57419499	SINE/MIR	409	-	74	57419424	19646
chr11	57399778	57599778	harbor2	chr11	57431444	57431655	SINE/MIR	419	-	106	57431550	31772
chr11	57399778	57599778	harbor2	chr11	57431968	57431994	SINE/MIR	419	-	13	57431981	32203
chr11	57399778	57599778	harbor2	chr11	57433183	57433432	SINE/MIR	843	-	124	57433307	33529
chr11	57399778	57599778	harbor2	chr11	57473229	57473352	SINE/MIR	494	-	62	57473291	73513
chr11	57399778	57599778	harbor2	chr11	57475101	57475336	SINE/MIR	509	-	118	57475219	75441
chr11	57399778	57599778	harbor2	chr11	57475356	57475506	SINE/MIR	485	-	75	57475431	75653
chr11	57399778	57599778	harbor2	chr11	57475562	57475778	SINE/MIR	485	-	108	57475670	75892
chr11	57399778	57599778	harbor2	chr11	57493084	57493271	SINE/MIR	559	-	94	57493178	93400
chr11	57399778	57599778	harbor2	chr11	57493289	57493524	SINE/MIR	561	-	118	57493407	93629
chr11	19833606	20033606	harbor2	chr11	19834201	19834390	SINE/MIR	479	-	94	19834295	689
chr11	19833606	20033606	harbor2	chr11	19841837	19842086	SINE/MIR	809	-	124	19841961	8355
chr11	19833606	20033606	harbor2	chr11	19849028	19849237	SINE/MIR	454	-	104	19849132	15526
chr11	19833606	20033606	harbor2	chr11	19851060	19851280	SINE/MIR	915	-	110	19851170	17564
chr11	19833606	20033606	harbor2	chr11	19870655	19870851	SINE/MIR	524	-	98	19870753	37147
chr11	19833606	20033606	harbor2	chr11	19872219	19872465	SINE/MIR	605	-	123	19872342	38736
chr11	19833606	20033606	harbor2	chr11	19878346	19878560	SINE/MIR	495	-	107	19878453	44847
chr11	19833606	20033606	harbor2	chr11	19885107	19885337	SINE/MIR	660	-	115	19885222	51616
chr11	19833606	20033606	harbor2	chr11	19894125	19894256	SINE/MIR	414	-	66	19894191	60585
chr11	19833606	20033606	harbor2	chr11	19910021	19910235	SINE/MIR	536	-	107	19910128	76522
chr11	20632633	20832633	harbor2	chr11	20633667	20633869	SINE/MIR	665	-	101	20633768	1135
chr11	20632633	20832633	harbor2	chr11	20635134	20635382	SINE/MIR	687	-	124	20635258	2625
chr11	20632633	20832633	harbor2	chr11	20647607	20647819	SINE/MIR	728	-	106	20647713	15080
chr11	20632633	20832633	harbor2	chr11	20648807	20649039	SINE/MIR	470	-	116	20648923	16290
chr11	20632633	20832633	harbor2	chr11	20674554	20674705	SINE/MIR	462	-	76	20674630	41997
chr11	20632633	20832633	harbor2	chr11	20715316	20715551	SINE/MIR	449	-	118	20715434	82801
chr11	128776611	128976611	harbor2	chr11	128779561	128779764	SINE/MIR	619	-	102	128779663	3052
chr11	128776611	128976611	harbor2	chr11	128785277	128785464	SINE/MIR	624	-	94	128785371	8760
chr11	128776611	128976611	harbor2	chr11	128787213	128787413	SINE/MIR	474	-	100	128787313	10702
chr11	128776611	128976611	harbor2	chr11	128792014	128792188	SINE/MIR	475	-	87	128792101	15490
chr11	128776611	128976611	harbor2	chr11	128795981	128796121	SINE/MIR	493	-	70	128796051	19440
chr11	128776611	128976611	harbor2	chr11	128799434	128799603	SINE/MIR	496	-	84	128799518	22907
chr11	128776611	128976611	harbor2	chr11	128804937	128805155	SINE/MIR	626	-	109	128805046	28435
chr11	128776611	128976611	harbor2	chr11	128807415	128807611	SINE/MIR	669	-	98	128807513	30902
chr11	128776611	128976611	harbor2	chr11	128808553	128808722	SINE/MIR	463	-	84	128808637	32026
chr11	128776611	128976611	harbor2	chr11	128830534	128830734	SINE/MIR	422	-	100	128830634	54023
chr11	128776611	128976611	harbor2	chr11	128831868	128832109	SINE/MIR	721	-	120	128831988	55377
chr11	128776611	128976611	harbor2	chr11	128840799	128840957	SINE/MIR	455	-	79	128840878	64267
chr11	128776611	128976611	harbor2	chr11	128849154	128849266	SINE/MIR	427	-	56	128849210	72599
chr11	128776611	128976611	harbor2	chr11	128859085	128859267	SINE/MIR	521	-	91	128859176	82565
chr11	128776611	128976611	harbor2	chr11	128859547	128859577	SINE/MIR	521	-	15	128859562	82951
chr11	5127985	5327985	harbor2	chr11	5168499	5168713	SINE/MIR	452	-	107	5168606	40621
chr11	5127985	5327985	harbor2	chr11	5208088	5208308	SINE/MIR	421	-	110	5208198	80213
chr11	115396578	115596578	harbor2	chr11	115399010	115399212	SINE/MIR	416	-	101	115399111	2533
chr11	115396578	115596578	harbor2	chr11	115413416	115413641	SINE/MIR	839	-	112	115413528	16950
chr11	115396578	115596578	harbor2	chr11	115413942	115413969	SINE/MIR	839	-	14	115413956	17378
chr11	115396578	115596578	harbor2	chr11	115446120	115446385	SINE/MIR	707	-	132	115446252	49674
chr11	115396578	115596578	harbor2	chr11	115457040	115457262	SINE/MIR	770	-	111	115457151	60573
chr11	115396578	115596578	harbor2	chr11	115465511	115465726	SINE/MIR	538	-	108	115465619	69041
chr11	115396578	115596578	harbor2	chr11	115469254	115469486	SINE/MIR	954	-	116	115469370	72792
chr11	115396578	115596578	harbor2	chr11	115470731	115470962	SINE/MIR	517	-	116	115470847	74269
chr11	5134553	5334553	harbor2	chr11	5168499	5168713	SINE/MIR	452	-	107	5168606	34053
chr11	5134553	5334553	harbor2	chr11	5208088	5208308	SINE/MIR	421	-	110	5208198	73645
chr11	44479732	44679732	harbor2	chr11	44480541	44480664	SINE/MIR	402	-	62	44480603	871
chr11	44479732	44679732	harbor2	chr11	44484622	44484803	SINE/MIR	439	-	90	44484712	4980
chr11	44479732	44679732	harbor2	chr11	44499231	44499351	SINE/MIR	415	-	60	44499291	19559
chr11	44479732	44679732	harbor2	chr11	44502189	44502400	SINE/MIR	569	-	106	44502295	22563
chr11	44479732	44679732	harbor2	chr11	44521200	44521442	SINE/MIR	555	-	121	44521321	41589
chr11	44479732	44679732	harbor2	chr11	44528807	44528915	SINE/MIR	442	-	54	44528861	49129
chr11	44479732	44679732	harbor2	chr11	44536567	44536670	SINE/MIR	451	-	52	44536619	56887
chr11	44479732	44679732	harbor2	chr11	44539256	44539511	SINE/MIR	1028	-	128	44539384	59652
chr11	44479732	44679732	harbor2	chr11	44576252	44576455	SINE/MIR	631	-	102	44576354	96622
chr11	44479732	44679732	harbor2	chr11	44576714	44576931	SINE/MIR	434	-	108	44576822	97090
chr11	5127528	5327528	harbor2	chr11	5168499	5168713	SINE/MIR	452	-	107	5168606	41078
chr11	5127528	5327528	harbor2	chr11	5208088	5208308	SINE/MIR	421	-	110	5208198	80670
chr11	5127122	5327122	harbor2	chr11	5168499	5168713	SINE/MIR	452	-	107	5168606	41484
chr11	5127122	5327122	harbor2	chr11	5208088	5208308	SINE/MIR	421	-	110	5208198	81076
chr11	5181711	5381711	harbor2	chr11	5208088	5208308	SINE/MIR	421	-	110	5208198	26487
chr11	5221268	5421268	harbor2	chr11	5284503	5284601	SINE/MIR	446	-	49	5284552	63284
chr11	5221268	5421268	harbor2	chr11	5287055	5287173	SINE/MIR	501	-	59	5287114	65846
chr11	5221268	5421268	harbor2	chr11	5287449	5287576	SINE/MIR	501	-	64	5287513	66245
chr11	5221268	5421268	harbor2	chr11	5305737	5305870	SINE/MIR	494	-	66	5305803	84535
chr11	111441454	111641454	harbor2	chr11	111465423	111465651	SINE/MIR	771	-	114	111465537	24083
chr11	111441454	111641454	harbor2	chr11	111467105	111467339	SINE/MIR	674	-	117	111467222	25768
chr11	111441454	111641454	harbor2	chr11	111468309	111468523	SINE/MIR	764	-	107	111468416	26962
chr11	111441454	111641454	harbor2	chr11	111471078	111471271	SINE/MIR	407	-	96	111471174	29720
chr11	111441454	111641454	harbor2	chr11	111472926	111473138	SINE/MIR	429	-	106	111473032	31578
chr11	111441454	111641454	harbor2	chr11	111518416	111518628	SINE/MIR	524	-	106	111518522	77068
chr11	73152931	73352931	harbor2	chr11	73156647	73156756	SINE/MIR	450	-	54	73156701	3770
chr11	73152931	73352931	harbor2	chr11	73172975	73173052	SINE/MIR	400	-	38	73173013	20082
chr11	73152931	73352931	harbor2	chr11	73175458	73175697	SINE/MIR	610	-	120	73175578	22647
chr11	73152931	73352931	harbor2	chr11	73186357	73186498	SINE/MIR	423	-	70	73186427	33496
chr11	73152931	73352931	harbor2	chr11	73230468	73230585	SINE/MIR	411	-	58	73230526	77595
chr11	73152931	73352931	harbor2	chr11	73238610	73238807	SINE/MIR	401	-	98	73238708	85777
chr11	64914593	65114593	harbor2	chr11	64919741	64919891	SINE/MIR	407	-	75	64919816	5223
chr11	64914593	65114593	harbor2	chr11	64929035	64929226	SINE/MIR	402	-	96	64929131	14538
chr11	64914593	65114593	harbor2	chr11	64932381	64932624	SINE/MIR	674	-	122	64932503	17910
chr11	64914593	65114593	harbor2	chr11	64937192	64937366	SINE/MIR	509	-	87	64937279	22686
chr11	64914593	65114593	harbor2	chr11	64949410	64949643	SINE/MIR	625	-	116	64949526	34933
chr11	64914593	65114593	harbor2	chr11	64951847	64951892	SINE/MIR	936	-	22	64951869	37276
chr11	64914593	65114593	harbor2	chr11	64952487	64952690	SINE/MIR	936	-	102	64952589	37996
chr11	64914593	65114593	harbor2	chr11	64953138	64953300	SINE/MIR	522	-	81	64953219	38626
chr11	64914593	65114593	harbor2	chr11	64954030	64954214	SINE/MIR	466	-	92	64954122	39529
chr11	64914593	65114593	harbor2	chr11	64960397	64960588	SINE/MIR	557	-	96	64960493	45900
chr11	5134462	5334462	harbor2	chr11	5168499	5168713	SINE/MIR	452	-	107	5168606	34144
chr11	5134462	5334462	harbor2	chr11	5208088	5208308	SINE/MIR	421	-	110	5208198	73736
chr11	125389599	125589599	harbor2	chr11	125390135	125390356	SINE/MIR	762	-	110	125390245	646
chr11	125389599	125589599	harbor2	chr11	125390400	125390592	SINE/MIR	399	-	96	125390496	897
chr11	125389599	125589599	harbor2	chr11	125390606	125390764	SINE/MIR	485	-	79	125390685	1086
chr11	125389599	125589599	harbor2	chr11	125392139	125392375	SINE/MIR	646	-	118	125392257	2658
chr11	125389599	125589599	harbor2	chr11	125397375	125397621	SINE/MIR	734	-	123	125397498	7899
chr11	125389599	125589599	harbor2	chr11	125403436	125403662	SINE/MIR	702	-	113	125403549	13950
chr11	125389599	125589599	harbor2	chr11	125417416	125417596	SINE/MIR	621	-	90	125417506	27907
chr11	125389599	125589599	harbor2	chr11	125423102	125423292	SINE/MIR	702	-	95	125423197	33598
chr11	125389599	125589599	harbor2	chr11	125440637	125440793	SINE/MIR	420	-	78	125440715	51116
chr11	125389599	125589599	harbor2	chr11	125484164	125484400	SINE/MIR	749	-	118	125484282	94683
chr11	124701200	124901200	harbor2	chr11	124720767	124720980	SINE/MIR	591	-	106	124720873	19673
chr11	124701200	124901200	harbor2	chr11	124741215	124741367	SINE/MIR	497	-	76	124741291	40091
chr11	124701200	124901200	harbor2	chr11	124744282	124744461	SINE/MIR	570	-	90	124744372	43172
chr11	5135406	5335406	harbor2	chr11	5168499	5168713	SINE/MIR	452	-	107	5168606	33200
chr11	5135406	5335406	harbor2	chr11	5208088	5208308	SINE/MIR	421	-	110	5208198	72792
chr11	5134536	5334536	harbor2	chr11	5168499	5168713	SINE/MIR	452	-	107	5168606	34070
chr11	5134536	5334536	harbor2	chr11	5208088	5208308	SINE/MIR	421	-	110	5208198	73662
chr11	69543435	69743435	harbor2	chr11	69563639	69563811	SINE/MIR	658	-	86	69563725	20290
chr11	69543435	69743435	harbor2	chr11	69628102	69628323	SINE/MIR	559	-	110	69628212	84777
chr11	69543435	69743435	harbor2	chr11	69635335	69635476	SINE/MIR	445	-	70	69635405	91970
chr11	76580928	76780928	harbor2	chr11	76618259	76618488	SINE/MIR	685	-	114	76618373	37445
chr11	76580928	76780928	harbor2	chr11	76626415	76626663	SINE/MIR	607	-	124	76626539	45611
chr11	76580928	76780928	harbor2	chr11	76654307	76654444	SINE/MIR	432	-	68	76654375	73447
chr11	76580928	76780928	harbor2	chr11	76662356	76662555	SINE/MIR	416	-	100	76662456	81528
chr11	76580928	76780928	harbor2	chr11	76667118	76667344	SINE/MIR	664	-	113	76667231	86303
chr11	76580928	76780928	harbor2	chr11	76669447	76669690	SINE/MIR	689	-	122	76669569	88641
chr11	76580928	76780928	harbor2	chr11	76669704	76669860	SINE/MIR	483	-	78	76669782	88854
chr11	76580928	76780928	harbor2	chr11	76671447	76671573	SINE/MIR	403	-	63	76671510	90582
chr11	5141120	5341120	harbor2	chr11	5168499	5168713	SINE/MIR	452	-	107	5168606	27486
chr11	5141120	5341120	harbor2	chr11	5208088	5208308	SINE/MIR	421	-	110	5208198	67078
chr11	5270036	5470036	harbor2	chr11	5284503	5284601	SINE/MIR	446	-	49	5284552	14516
chr11	5270036	5470036	harbor2	chr11	5287055	5287173	SINE/MIR	501	-	59	5287114	17078
chr11	5270036	5470036	harbor2	chr11	5287449	5287576	SINE/MIR	501	-	64	5287513	17477
chr11	5270036	5470036	harbor2	chr11	5305737	5305870	SINE/MIR	494	-	66	5305803	35767
chr11	5127125	5327125	harbor2	chr11	5168499	5168713	SINE/MIR	452	-	107	5168606	41481
chr11	5127125	5327125	harbor2	chr11	5208088	5208308	SINE/MIR	421	-	110	5208198	81073
chr11	5191352	5391352	harbor2	chr11	5208088	5208308	SINE/MIR	421	-	110	5208198	16846
chr11	5191352	5391352	harbor2	chr11	5284503	5284601	SINE/MIR	446	-	49	5284552	93200
chr11	5191352	5391352	harbor2	chr11	5287055	5287173	SINE/MIR	501	-	59	5287114	95762
chr11	5191352	5391352	harbor2	chr11	5287449	5287576	SINE/MIR	501	-	64	5287513	96161
chr11	67383369	67583369	harbor2	chr11	67418110	67418229	SINE/MIR	409	-	60	67418170	34801
chr11	67383369	67583369	harbor2	chr11	67448600	67448762	SINE/MIR	610	-	81	67448681	65312
chr11	5145521	5345521	harbor2	chr11	5168499	5168713	SINE/MIR	452	-	107	5168606	23085
chr11	5145521	5345521	harbor2	chr11	5208088	5208308	SINE/MIR	421	-	110	5208198	62677
chr11	68651712	68851712	harbor2	chr11	68713805	68714000	SINE/MIR	406	-	98	68713903	62191
chr11	5134532	5334532	harbor2	chr11	5168499	5168713	SINE/MIR	452	-	107	5168606	34074
chr11	5134532	5334532	harbor2	chr11	5208088	5208308	SINE/MIR	421	-	110	5208198	73666
chr11	5127149	5327149	harbor2	chr11	5168499	5168713	SINE/MIR	452	-	107	5168606	41457
chr11	5127149	5327149	harbor2	chr11	5208088	5208308	SINE/MIR	421	-	110	5208198	81049
chr11	105168684	105368684	harbor2	chr11	105233912	105234122	SINE/MIR	627	-	105	105234017	65333
chr11	5128043	5328043	harbor2	chr11	5168499	5168713	SINE/MIR	452	-	107	5168606	40563
chr11	5128043	5328043	harbor2	chr11	5208088	5208308	SINE/MIR	421	-	110	5208198	80155
chr11	5129645	5329645	harbor2	chr11	5168499	5168713	SINE/MIR	452	-	107	5168606	38961
chr11	5129645	5329645	harbor2	chr11	5208088	5208308	SINE/MIR	421	-	110	5208198	78553
chr11	5175946	5375946	harbor2	chr11	5208088	5208308	SINE/MIR	421	-	110	5208198	32252
chr11	73279444	73479444	harbor2	chr11	73282854	73283058	SINE/MIR	530	-	102	73282956	3512
chr11	73279444	73479444	harbor2	chr11	73294811	73294975	SINE/MIR	693	-	82	73294893	15449
chr11	73279444	73479444	harbor2	chr11	73338230	73338357	SINE/MIR	527	-	64	73338294	58850
chr11	73279444	73479444	harbor2	chr11	73350141	73350251	SINE/MIR	525	-	55	73350196	70752
chr11	73279444	73479444	harbor2	chr11	73350252	73350488	SINE/MIR	826	-	118	73350370	70926
chr11	73279444	73479444	harbor2	chr11	73350489	73350561	SINE/MIR	525	-	36	73350525	71081
chr11	73279444	73479444	harbor2	chr11	73353492	73353692	SINE/MIR	513	-	100	73353592	74148
chr11	73279444	73479444	harbor2	chr11	73371555	73371757	SINE/MIR	678	-	101	73371656	92212
chr11	73279444	73479444	harbor2	chr11	73378359	73378546	SINE/MIR	673	-	94	73378453	99009
chr11	5134537	5334537	harbor2	chr11	5168499	5168713	SINE/MIR	452	-	107	5168606	34069
chr11	5134537	5334537	harbor2	chr11	5208088	5208308	SINE/MIR	421	-	110	5208198	73661
chr11	5145526	5345526	harbor2	chr11	5168499	5168713	SINE/MIR	452	-	107	5168606	23080
chr11	5145526	5345526	harbor2	chr11	5208088	5208308	SINE/MIR	421	-	110	5208198	62672
chr11	5134924	5334924	harbor2	chr11	5168499	5168713	SINE/MIR	452	-	107	5168606	33682
chr11	5134924	5334924	harbor2	chr11	5208088	5208308	SINE/MIR	421	-	110	5208198	73274
chr11	5127139	5327139	harbor2	chr11	5168499	5168713	SINE/MIR	452	-	107	5168606	41467
chr11	5127139	5327139	harbor2	chr11	5208088	5208308	SINE/MIR	421	-	110	5208198	81059
chr11	20061870	20261870	harbor2	chr11	20076064	20076273	SINE/MIR	480	-	104	20076168	14298
chr11	20061870	20261870	harbor2	chr11	20078881	20079045	SINE/MIR	419	-	82	20078963	17093
chr11	20061870	20261870	harbor2	chr11	20079341	20079432	SINE/MIR	419	-	46	20079387	17517
chr11	20061870	20261870	harbor2	chr11	20094616	20094815	SINE/MIR	414	-	100	20094716	32846
chr11	20061870	20261870	harbor2	chr11	20101578	20101736	SINE/MIR	452	-	79	20101657	39787
chr11	20061870	20261870	harbor2	chr11	20103793	20104009	SINE/MIR	627	-	108	20103901	42031
chr11	20061870	20261870	harbor2	chr11	20108100	20108328	SINE/MIR	492	-	114	20108214	46344
chr11	20061870	20261870	harbor2	chr11	20114309	20114406	SINE/MIR	448	-	48	20114357	52487
chr11	20061870	20261870	harbor2	chr11	20117325	20117491	SINE/MIR	630	-	83	20117408	55538
chr11	20061870	20261870	harbor2	chr11	20117815	20118023	SINE/MIR	953	-	104	20117919	56049
chr11	20061870	20261870	harbor2	chr11	20122985	20123190	SINE/MIR	481	-	102	20123087	61217
chr11	20061870	20261870	harbor2	chr11	20133649	20133729	SINE/MIR	446	-	40	20133689	71819
chr11	5503303	5703303	harbor2	chr11	5519363	5519504	SINE/MIR	595	-	70	5519433	16130
chr11	5503303	5703303	harbor2	chr11	5520222	5520398	SINE/MIR	464	-	88	5520310	17007
chr11	5503303	5703303	harbor2	chr11	5528319	5528564	SINE/MIR	491	-	122	5528441	25138
chr11	5503303	5703303	harbor2	chr11	5553671	5553818	SINE/MIR	486	-	74	5553745	50442
chr11	5503303	5703303	harbor2	chr11	5579558	5579586	SINE/MIR	402	-	14	5579572	76269
chr11	5503303	5703303	harbor2	chr11	5579883	5579993	SINE/MIR	402	-	55	5579938	76635
chr11	5503303	5703303	harbor2	chr11	5592278	5592528	SINE/MIR	950	-	125	5592403	89100
chr11	64807264	65007264	harbor2	chr11	64807351	64807564	SINE/MIR	485	-	106	64807457	193
chr11	64807264	65007264	harbor2	chr11	64826094	64826313	SINE/MIR	531	-	110	64826204	18940
chr11	64807264	65007264	harbor2	chr11	64827949	64828147	SINE/MIR	457	-	99	64828048	20784
chr11	6583608	6783608	harbor2	chr11	6599253	6599466	SINE/MIR	618	-	106	6599359	15751
chr11	6583608	6783608	harbor2	chr11	6612979	6613200	SINE/MIR	449	-	110	6613089	29481
chr11	6583608	6783608	harbor2	chr11	6647547	6647751	SINE/MIR	632	-	102	6647649	64041
chr11	46517295	46717295	harbor2	chr11	46564319	46564476	SINE/MIR	512	-	78	46564397	47102
chr11	46517295	46717295	harbor2	chr11	46586664	46586852	SINE/MIR	750	-	94	46586758	69463
chr11	125492737	125692737	harbor2	chr11	125515615	125515849	SINE/MIR	539	-	117	125515732	22995
chr11	5127134	5327134	harbor2	chr11	5168499	5168713	SINE/MIR	452	-	107	5168606	41472
chr11	5127134	5327134	harbor2	chr11	5208088	5208308	SINE/MIR	421	-	110	5208198	81064
chr11	5134274	5334274	harbor2	chr11	5168499	5168713	SINE/MIR	452	-	107	5168606	34332
chr11	5134274	5334274	harbor2	chr11	5208088	5208308	SINE/MIR	421	-	110	5208198	73924
chr11	6512776	6712776	harbor2	chr11	6550080	6550310	SINE/MIR	536	-	115	6550195	37419
chr11	6512776	6712776	harbor2	chr11	6565421	6565601	SINE/MIR	880	-	90	6565511	52735
chr11	6512776	6712776	harbor2	chr11	6577797	6577954	SINE/MIR	768	-	78	6577875	65099
chr11	6512776	6712776	harbor2	chr11	6599253	6599466	SINE/MIR	618	-	106	6599359	86583
chr11	5211379	5411379	harbor2	chr11	5284503	5284601	SINE/MIR	446	-	49	5284552	73173
chr11	5211379	5411379	harbor2	chr11	5287055	5287173	SINE/MIR	501	-	59	5287114	75735
chr11	5211379	5411379	harbor2	chr11	5287449	5287576	SINE/MIR	501	-	64	5287513	76134
chr11	5211379	5411379	harbor2	chr11	5305737	5305870	SINE/MIR	494	-	66	5305803	94424
chr11	5134545	5334545	harbor2	chr11	5168499	5168713	SINE/MIR	452	-	107	5168606	34061
chr11	5134545	5334545	harbor2	chr11	5208088	5208308	SINE/MIR	421	-	110	5208198	73653
chr11	5130232	5330232	harbor2	chr11	5168499	5168713	SINE/MIR	452	-	107	5168606	38374
chr11	5130232	5330232	harbor2	chr11	5208088	5208308	SINE/MIR	421	-	110	5208198	77966
chr11	5127145	5327145	harbor2	chr11	5168499	5168713	SINE/MIR	452	-	107	5168606	41461
chr11	5127145	5327145	harbor2	chr11	5208088	5208308	SINE/MIR	421	-	110	5208198	81053
chr11	63816020	64016020	harbor2	chr11	63869943	63870069	SINE/MIR	414	-	63	63870006	53986
chr11	63816020	64016020	harbor2	chr11	63883513	63883576	SINE/MIR	544	-	32	63883545	67525
chr11	63816020	64016020	harbor2	chr11	63883887	63884020	SINE/MIR	544	-	66	63883953	67933
chr11	5134509	5334509	harbor2	chr11	5168499	5168713	SINE/MIR	452	-	107	5168606	34097
chr11	5134509	5334509	harbor2	chr11	5208088	5208308	SINE/MIR	421	-	110	5208198	73689
chr11	5127131	5327131	harbor2	chr11	5168499	5168713	SINE/MIR	452	-	107	5168606	41475
chr11	5127131	5327131	harbor2	chr11	5208088	5208308	SINE/MIR	421	-	110	5208198	81067
chr11	5135402	5335402	harbor2	chr11	5168499	5168713	SINE/MIR	452	-	107	5168606	33204
chr11	5135402	5335402	harbor2	chr11	5208088	5208308	SINE/MIR	421	-	110	5208198	72796
chr11	64540474	64740474	harbor2	chr11	64540293	64540500	SINE/MIR	651	-	104	64540397	77
chr11	64540474	64740474	harbor2	chr11	64543192	64543377	SINE/MIR	638	-	92	64543284	2810
chr11	64540474	64740474	harbor2	chr11	64557177	64557329	SINE/MIR	520	-	76	64557253	16779
chr11	64540474	64740474	harbor2	chr11	64561288	64561445	SINE/MIR	627	-	78	64561366	20892
chr11	64540474	64740474	harbor2	chr11	64563230	64563432	SINE/MIR	579	-	101	64563331	22857
chr11	64540474	64740474	harbor2	chr11	64570628	64570778	SINE/MIR	406	-	75	64570703	30229
chr11	64540474	64740474	harbor2	chr11	64580231	64580483	SINE/MIR	955	-	126	64580357	39883
chr11	64540474	64740474	harbor2	chr11	64602483	64602722	SINE/MIR	699	-	120	64602603	62129
chr11	64540474	64740474	harbor2	chr11	64624891	64625044	SINE/MIR	403	-	76	64624967	84493
chr11	64540474	64740474	harbor2	chr11	64628130	64628358	SINE/MIR	677	-	114	64628244	87770
chr11	64540474	64740474	harbor2	chr11	64631497	64631698	SINE/MIR	589	-	100	64631597	91123
chr11	64540474	64740474	harbor2	chr11	64633348	64633522	SINE/MIR	491	-	87	64633435	92961
chr11	5127113	5327113	harbor2	chr11	5168499	5168713	SINE/MIR	452	-	107	5168606	41493
chr11	5127113	5327113	harbor2	chr11	5208088	5208308	SINE/MIR	421	-	110	5208198	81085
chr11	5127198	5327198	harbor2	chr11	5168499	5168713	SINE/MIR	452	-	107	5168606	41408
chr11	5127198	5327198	harbor2	chr11	5208088	5208308	SINE/MIR	421	-	110	5208198	81000
chr11	76580957	76780957	harbor2	chr11	76618259	76618488	SINE/MIR	685	-	114	76618373	37416
chr11	76580957	76780957	harbor2	chr11	76626415	76626663	SINE/MIR	607	-	124	76626539	45582
chr11	76580957	76780957	harbor2	chr11	76654307	76654444	SINE/MIR	432	-	68	76654375	73418
chr11	76580957	76780957	harbor2	chr11	76662356	76662555	SINE/MIR	416	-	100	76662456	81499
chr11	76580957	76780957	harbor2	chr11	76667118	76667344	SINE/MIR	664	-	113	76667231	86274
chr11	76580957	76780957	harbor2	chr11	76669447	76669690	SINE/MIR	689	-	122	76669569	88612
chr11	76580957	76780957	harbor2	chr11	76669704	76669860	SINE/MIR	483	-	78	76669782	88825
chr11	76580957	76780957	harbor2	chr11	76671447	76671573	SINE/MIR	403	-	63	76671510	90553
chr11	67172236	67372236	harbor2	chr11	67219050	67219225	SINE/MIR	542	-	88	67219138	46902
chr11	67172236	67372236	harbor2	chr11	67229098	67229290	SINE/MIR	533	-	96	67229194	56958
chr11	67172236	67372236	harbor2	chr11	67261239	67261413	SINE/MIR	424	-	87	67261326	89090
chr11	67172236	67372236	harbor2	chr11	67267722	67267948	SINE/MIR	427	-	113	67267835	95599
chr11	67172236	67372236	harbor2	chr11	67269223	67269434	SINE/MIR	401	-	106	67269329	97093
chr11	5199897	5399897	harbor2	chr11	5208088	5208308	SINE/MIR	421	-	110	5208198	8301
chr11	5199897	5399897	harbor2	chr11	5284503	5284601	SINE/MIR	446	-	49	5284552	84655
chr11	5199897	5399897	harbor2	chr11	5287055	5287173	SINE/MIR	501	-	59	5287114	87217
chr11	5199897	5399897	harbor2	chr11	5287449	5287576	SINE/MIR	501	-	64	5287513	87616
chr11	5134148	5334148	harbor2	chr11	5168499	5168713	SINE/MIR	452	-	107	5168606	34458
chr11	5134148	5334148	harbor2	chr11	5208088	5208308	SINE/MIR	421	-	110	5208198	74050
chr11	2056450	2256450	harbor2	chr11	2153893	2154087	SINE/MIR	507	-	97	2153990	97540
chr11	5269991	5469991	harbor2	chr11	5284503	5284601	SINE/MIR	446	-	49	5284552	14561
chr11	5269991	5469991	harbor2	chr11	5287055	5287173	SINE/MIR	501	-	59	5287114	17123
chr11	5269991	5469991	harbor2	chr11	5287449	5287576	SINE/MIR	501	-	64	5287513	17522
chr11	5269991	5469991	harbor2	chr11	5305737	5305870	SINE/MIR	494	-	66	5305803	35812
chr11	5129657	5329657	harbor2	chr11	5168499	5168713	SINE/MIR	452	-	107	5168606	38949
chr11	5129657	5329657	harbor2	chr11	5208088	5208308	SINE/MIR	421	-	110	5208198	78541
chr11	16505889	16705889	harbor2	chr11	16528271	16528507	SINE/MIR	596	-	118	16528389	22500
chr11	16505889	16705889	harbor2	chr11	16585295	16585514	SINE/MIR	741	-	110	16585405	79516
chr11	16505889	16705889	harbor2	chr11	16593674	16593873	SINE/MIR	622	-	100	16593774	87885
chr11	16505889	16705889	harbor2	chr11	16597360	16597490	SINE/MIR	425	-	65	16597425	91536
chr11	16505889	16705889	harbor2	chr11	16598087	16598242	SINE/MIR	707	-	78	16598165	92276
chr11	129795685	129995685	harbor2	chr11	129826202	129826267	SINE/MIR	429	-	32	129826234	30549
chr11	129795685	129995685	harbor2	chr11	129826569	129826669	SINE/MIR	429	-	50	129826619	30934
chr11	129795685	129995685	harbor2	chr11	129828993	129829226	SINE/MIR	538	-	116	129829109	33424
chr11	129795685	129995685	harbor2	chr11	129857941	129858108	SINE/MIR	633	-	84	129858025	62340
chr11	64545468	64745468	harbor2	chr11	64557177	64557329	SINE/MIR	520	-	76	64557253	11785
chr11	64545468	64745468	harbor2	chr11	64561288	64561445	SINE/MIR	627	-	78	64561366	15898
chr11	64545468	64745468	harbor2	chr11	64563230	64563432	SINE/MIR	579	-	101	64563331	17863
chr11	64545468	64745468	harbor2	chr11	64570628	64570778	SINE/MIR	406	-	75	64570703	25235
chr11	64545468	64745468	harbor2	chr11	64580231	64580483	SINE/MIR	955	-	126	64580357	34889
chr11	64545468	64745468	harbor2	chr11	64602483	64602722	SINE/MIR	699	-	120	64602603	57135
chr11	64545468	64745468	harbor2	chr11	64624891	64625044	SINE/MIR	403	-	76	64624967	79499
chr11	64545468	64745468	harbor2	chr11	64628130	64628358	SINE/MIR	677	-	114	64628244	82776
chr11	64545468	64745468	harbor2	chr11	64631497	64631698	SINE/MIR	589	-	100	64631597	86129
chr11	64545468	64745468	harbor2	chr11	64633348	64633522	SINE/MIR	491	-	87	64633435	87967
chr11	5127118	5327118	harbor2	chr11	5168499	5168713	SINE/MIR	452	-	107	5168606	41488
chr11	5127118	5327118	harbor2	chr11	5208088	5208308	SINE/MIR	421	-	110	5208198	81080
chr11	5280964	5480964	harbor2	chr11	5284503	5284601	SINE/MIR	446	-	49	5284552	3588
chr11	5280964	5480964	harbor2	chr11	5287055	5287173	SINE/MIR	501	-	59	5287114	6150
chr11	5280964	5480964	harbor2	chr11	5287449	5287576	SINE/MIR	501	-	64	5287513	6549
chr11	5280964	5480964	harbor2	chr11	5305737	5305870	SINE/MIR	494	-	66	5305803	24839
chr11	5130451	5330451	harbor2	chr11	5168499	5168713	SINE/MIR	452	-	107	5168606	38155
chr11	5130451	5330451	harbor2	chr11	5208088	5208308	SINE/MIR	421	-	110	5208198	77747
chr11	43955448	44155448	harbor2	chr11	43971324	43971572	SINE/MIR	1035	-	124	43971448	16000
chr11	43955448	44155448	harbor2	chr11	43980747	43980947	SINE/MIR	573	-	100	43980847	25399
chr11	43955448	44155448	harbor2	chr11	44005752	44005931	SINE/MIR	566	-	90	44005842	50394
chr11	43955448	44155448	harbor2	chr11	44008743	44008904	SINE/MIR	474	-	80	44008823	53375
chr11	43955448	44155448	harbor2	chr11	44015151	44015409	SINE/MIR	439	-	129	44015280	59832
chr11	43955448	44155448	harbor2	chr11	44039923	44040128	SINE/MIR	434	-	102	44040025	84577
chr11	78110765	78310765	harbor2	chr11	78111148	78111321	SINE/MIR	467	-	86	78111234	469
chr11	78110765	78310765	harbor2	chr11	78120369	78120580	SINE/MIR	433	-	106	78120475	9710
chr11	78110765	78310765	harbor2	chr11	78126654	78126836	SINE/MIR	531	-	91	78126745	15980
chr11	78110765	78310765	harbor2	chr11	78154023	78154256	SINE/MIR	709	-	116	78154139	43374
chr11	78110765	78310765	harbor2	chr11	78158543	78158777	SINE/MIR	612	-	117	78158660	47895
chr11	78110765	78310765	harbor2	chr11	78159064	78159245	SINE/MIR	430	-	90	78159154	48389
chr11	78110765	78310765	harbor2	chr11	78163143	78163331	SINE/MIR	417	-	94	78163237	52472
chr11	78110765	78310765	harbor2	chr11	78171021	78171219	SINE/MIR	486	-	99	78171120	60355
chr11	78110765	78310765	harbor2	chr11	78171242	78171422	SINE/MIR	768	-	90	78171332	60567
chr11	78110765	78310765	harbor2	chr11	78199116	78199277	SINE/MIR	690	-	80	78199196	88431
chr11	78110765	78310765	harbor2	chr11	78201682	78201835	SINE/MIR	403	-	76	78201758	90993
chr11	84774083	84974083	harbor2	chr11	84813277	84813506	SINE/MIR	412	-	114	84813391	39308
chr11	84774083	84974083	harbor2	chr11	84816530	84816765	SINE/MIR	736	-	118	84816648	42565
chr11	84774083	84974083	harbor2	chr11	84842188	84842377	SINE/MIR	569	-	94	84842282	68199
chr11	84774083	84974083	harbor2	chr11	84866722	84866918	SINE/MIR	408	-	98	84866820	92737
chr11	64349298	64549298	harbor2	chr11	64362623	64362677	SINE/MIR	519	-	27	64362650	13352
chr11	64349298	64549298	harbor2	chr11	64362971	64363100	SINE/MIR	519	-	64	64363035	13737
chr11	5191359	5391359	harbor2	chr11	5208088	5208308	SINE/MIR	421	-	110	5208198	16839
chr11	5191359	5391359	harbor2	chr11	5284503	5284601	SINE/MIR	446	-	49	5284552	93193
chr11	5191359	5391359	harbor2	chr11	5287055	5287173	SINE/MIR	501	-	59	5287114	95755
chr11	5191359	5391359	harbor2	chr11	5287449	5287576	SINE/MIR	501	-	64	5287513	96154
chr11	5130062	5330062	harbor2	chr11	5168499	5168713	SINE/MIR	452	-	107	5168606	38544
chr11	5130062	5330062	harbor2	chr11	5208088	5208308	SINE/MIR	421	-	110	5208198	78136
chr11	5191377	5391377	harbor2	chr11	5208088	5208308	SINE/MIR	421	-	110	5208198	16821
chr11	5191377	5391377	harbor2	chr11	5284503	5284601	SINE/MIR	446	-	49	5284552	93175
chr11	5191377	5391377	harbor2	chr11	5287055	5287173	SINE/MIR	501	-	59	5287114	95737
chr11	5191377	5391377	harbor2	chr11	5287449	5287576	SINE/MIR	501	-	64	5287513	96136
chr11	5132412	5332412	harbor2	chr11	5168499	5168713	SINE/MIR	452	-	107	5168606	36194
chr11	5132412	5332412	harbor2	chr11	5208088	5208308	SINE/MIR	421	-	110	5208198	75786
chr11	5129603	5329603	harbor2	chr11	5168499	5168713	SINE/MIR	452	-	107	5168606	39003
chr11	5129603	5329603	harbor2	chr11	5208088	5208308	SINE/MIR	421	-	110	5208198	78595
chr11	73152932	73352932	harbor2	chr11	73156647	73156756	SINE/MIR	450	-	54	73156701	3769
chr11	73152932	73352932	harbor2	chr11	73172975	73173052	SINE/MIR	400	-	38	73173013	20081
chr11	73152932	73352932	harbor2	chr11	73175458	73175697	SINE/MIR	610	-	120	73175578	22646
chr11	73152932	73352932	harbor2	chr11	73186357	73186498	SINE/MIR	423	-	70	73186427	33495
chr11	73152932	73352932	harbor2	chr11	73230468	73230585	SINE/MIR	411	-	58	73230526	77594
chr11	73152932	73352932	harbor2	chr11	73238610	73238807	SINE/MIR	401	-	98	73238708	85776
chr11	5134257	5334257	harbor2	chr11	5168499	5168713	SINE/MIR	452	-	107	5168606	34349
chr11	5134257	5334257	harbor2	chr11	5208088	5208308	SINE/MIR	421	-	110	5208198	73941
chr11	27326376	27526376	harbor2	chr11	27327828	27328007	SINE/MIR	696	-	90	27327918	1542
chr11	27326376	27526376	harbor2	chr11	27328305	27328365	SINE/MIR	696	-	30	27328335	1959
chr11	27326376	27526376	harbor2	chr11	27343687	27343868	SINE/MIR	737	-	90	27343777	17401
chr11	27326376	27526376	harbor2	chr11	27354438	27354585	SINE/MIR	584	-	74	27354512	28136
chr11	27326376	27526376	harbor2	chr11	27354876	27354913	SINE/MIR	503	-	18	27354894	28518
chr11	27326376	27526376	harbor2	chr11	27354927	27355043	SINE/MIR	555	-	58	27354985	28609
chr11	27326376	27526376	harbor2	chr11	27355561	27355747	SINE/MIR	423	-	93	27355654	29278
chr11	27326376	27526376	harbor2	chr11	27411505	27411691	SINE/MIR	556	-	93	27411598	85222
chr11	74202004	74402004	harbor2	chr11	74206885	74207010	SINE/MIR	408	-	62	74206947	4943
chr11	74202004	74402004	harbor2	chr11	74229620	74229814	SINE/MIR	533	-	97	74229717	27713
chr11	74202004	74402004	harbor2	chr11	74237640	74237797	SINE/MIR	681	-	78	74237718	35714
chr11	74202004	74402004	harbor2	chr11	74240650	74240823	SINE/MIR	404	-	86	74240736	38732
chr11	74202004	74402004	harbor2	chr11	74240853	74241007	SINE/MIR	455	-	77	74240930	38926
chr11	74202004	74402004	harbor2	chr11	74258442	74258650	SINE/MIR	477	-	104	74258546	56542
chr11	74202004	74402004	harbor2	chr11	74270551	74270813	SINE/MIR	795	-	131	74270682	68678
chr11	74202004	74402004	harbor2	chr11	74296093	74296333	SINE/MIR	798	-	120	74296213	94209
chr11	5227113	5427113	harbor2	chr11	5284503	5284601	SINE/MIR	446	-	49	5284552	57439
chr11	5227113	5427113	harbor2	chr11	5287055	5287173	SINE/MIR	501	-	59	5287114	60001
chr11	5227113	5427113	harbor2	chr11	5287449	5287576	SINE/MIR	501	-	64	5287513	60400
chr11	5227113	5427113	harbor2	chr11	5305737	5305870	SINE/MIR	494	-	66	5305803	78690
chr11	43448895	43648895	harbor2	chr11	43498107	43498353	SINE/MIR	847	-	123	43498230	49335
chr11	43448895	43648895	harbor2	chr11	43498357	43498556	SINE/MIR	647	-	100	43498457	49562
chr11	43448895	43648895	harbor2	chr11	43516008	43516137	SINE/MIR	505	-	64	43516072	67177
chr11	43448895	43648895	harbor2	chr11	43541451	43541701	SINE/MIR	1109	-	125	43541576	92681
chr11	61487515	61687515	harbor2	chr11	61515986	61516168	SINE/MIR	501	-	91	61516077	28562
chr11	61487515	61687515	harbor2	chr11	61519076	61519299	SINE/MIR	683	-	112	61519188	31673
chr11	61487515	61687515	harbor2	chr11	61522495	61522716	SINE/MIR	559	-	110	61522605	35090
chr11	61487515	61687515	harbor2	chr11	61523441	61523582	SINE/MIR	534	-	70	61523511	35996
chr11	61487515	61687515	harbor2	chr11	61527262	61527478	SINE/MIR	1057	-	108	61527370	39855
chr11	61487515	61687515	harbor2	chr11	61529334	61529542	SINE/MIR	426	-	104	61529438	41923
chr11	61487515	61687515	harbor2	chr11	61536947	61537138	SINE/MIR	547	-	96	61537043	49528
chr11	61487515	61687515	harbor2	chr11	61560032	61560202	SINE/MIR	573	-	85	61560117	72602
chr11	61487515	61687515	harbor2	chr11	61563396	61563546	SINE/MIR	431	-	75	61563471	75956
chr11	61487515	61687515	harbor2	chr11	61564456	61564628	SINE/MIR	625	-	86	61564542	77027
chr11	61487515	61687515	harbor2	chr11	61568409	61568641	SINE/MIR	715	-	116	61568525	81010
chr11	61487515	61687515	harbor2	chr11	61568765	61569010	SINE/MIR	676	-	122	61568887	81372
chr11	61487515	61687515	harbor2	chr11	61570399	61570632	SINE/MIR	639	-	116	61570515	83000
chr11	61487515	61687515	harbor2	chr11	61574166	61574396	SINE/MIR	759	-	115	61574281	86766
chr11	61487515	61687515	harbor2	chr11	61521858	61522065	SINE/MIR	596	-	104	61521962	34447
chr11	61487515	61687515	harbor2	chr11	61570893	61571147	SINE/MIR	895	-	127	61571020	83505
chr11	133733618	133933618	harbor2	chr11	133745396	133745601	SINE/MIR	437	-	102	133745498	11880
chr11	133733618	133933618	harbor2	chr11	133748170	133748368	SINE/MIR	421	-	99	133748269	14651
chr11	133733618	133933618	harbor2	chr11	133788188	133788405	SINE/MIR	513	-	108	133788296	54678
chr11	133733618	133933618	harbor2	chr11	133790116	133790317	SINE/MIR	505	-	100	133790216	56598
chr11	133733618	133933618	harbor2	chr11	133802293	133802406	SINE/MIR	490	-	56	133802349	68731
chr11	133733618	133933618	harbor2	chr11	133819853	133820096	SINE/MIR	605	-	122	133819975	86357
chr11	133733618	133933618	harbor2	chr11	133832005	133832219	SINE/MIR	453	-	107	133832112	98494
chr11	27266585	27466585	harbor2	chr11	27281207	27281398	SINE/MIR	438	-	96	27281303	14718
chr11	27266585	27466585	harbor2	chr11	27281483	27281634	SINE/MIR	523	-	76	27281559	14974
chr11	27266585	27466585	harbor2	chr11	27296639	27296872	SINE/MIR	514	-	116	27296755	30170
chr11	27266585	27466585	harbor2	chr11	27310220	27310445	SINE/MIR	623	-	112	27310332	43747
chr11	27266585	27466585	harbor2	chr11	27327828	27328007	SINE/MIR	696	-	90	27327918	61333
chr11	27266585	27466585	harbor2	chr11	27328305	27328365	SINE/MIR	696	-	30	27328335	61750
chr11	27266585	27466585	harbor2	chr11	27343687	27343868	SINE/MIR	737	-	90	27343777	77192
chr11	27266585	27466585	harbor2	chr11	27354438	27354585	SINE/MIR	584	-	74	27354512	87927
chr11	27266585	27466585	harbor2	chr11	27354876	27354913	SINE/MIR	503	-	18	27354894	88309
chr11	27266585	27466585	harbor2	chr11	27354927	27355043	SINE/MIR	555	-	58	27354985	88400
chr11	27266585	27466585	harbor2	chr11	27355561	27355747	SINE/MIR	423	-	93	27355654	89069
chr11	46346052	46546052	harbor2	chr11	46349705	46349837	SINE/MIR	411	-	66	46349771	3719
chr11	46346052	46546052	harbor2	chr11	46353112	46353242	SINE/MIR	447	-	65	46353177	7125
chr11	46346052	46546052	harbor2	chr11	46355456	46355627	SINE/MIR	509	-	86	46355542	9490
chr11	46346052	46546052	harbor2	chr11	46362524	46362698	SINE/MIR	479	-	87	46362611	16559
chr11	46346052	46546052	harbor2	chr11	46387432	46387558	SINE/MIR	614	-	63	46387495	41443
chr11	46346052	46546052	harbor2	chr11	46388902	46389150	SINE/MIR	635	-	124	46389026	42974
chr11	68333728	68533728	harbor2	chr11	68387417	68387583	SINE/MIR	444	-	83	68387500	53772
chr11	68333728	68533728	harbor2	chr11	68410308	68410560	SINE/MIR	543	-	126	68410434	76706
chr11	68333728	68533728	harbor2	chr11	68414287	68414510	SINE/MIR	621	-	112	68414399	80671
chr11	68333728	68533728	harbor2	chr11	68414693	68414927	SINE/MIR	415	-	117	68414810	81082
chr11	69540352	69740352	harbor2	chr11	69563639	69563811	SINE/MIR	658	-	86	69563725	23373
chr11	69540352	69740352	harbor2	chr11	69628102	69628323	SINE/MIR	559	-	110	69628212	87860
chr11	69540352	69740352	harbor2	chr11	69635335	69635476	SINE/MIR	445	-	70	69635405	95053
chr11	73042796	73242796	harbor2	chr11	73105001	73105180	SINE/MIR	473	-	90	73105091	62295
chr11	73042796	73242796	harbor2	chr11	73117130	73117368	SINE/MIR	650	-	119	73117249	74453
chr11	73042796	73242796	harbor2	chr11	73118718	73118918	SINE/MIR	470	-	100	73118818	76022
chr11	73042796	73242796	harbor2	chr11	73132326	73132498	SINE/MIR	499	-	86	73132412	89616
chr11	5140120	5340120	harbor2	chr11	5168499	5168713	SINE/MIR	452	-	107	5168606	28486
chr11	5140120	5340120	harbor2	chr11	5208088	5208308	SINE/MIR	421	-	110	5208198	68078
chr11	5199336	5399336	harbor2	chr11	5208088	5208308	SINE/MIR	421	-	110	5208198	8862
chr11	5199336	5399336	harbor2	chr11	5284503	5284601	SINE/MIR	446	-	49	5284552	85216
chr11	5199336	5399336	harbor2	chr11	5287055	5287173	SINE/MIR	501	-	59	5287114	87778
chr11	5199336	5399336	harbor2	chr11	5287449	5287576	SINE/MIR	501	-	64	5287513	88177
chr11	45786822	45986822	harbor2	chr11	45806577	45806814	SINE/MIR	1033	-	118	45806695	19873
chr11	45786822	45986822	harbor2	chr11	45807008	45807220	SINE/MIR	704	-	106	45807114	20292
chr11	45786822	45986822	harbor2	chr11	45822050	45822194	SINE/MIR	407	-	72	45822122	35300
chr11	45786822	45986822	harbor2	chr11	45822231	45822480	SINE/MIR	1088	-	124	45822355	35533
chr11	45786822	45986822	harbor2	chr11	45825021	45825178	SINE/MIR	534	-	78	45825099	38277
chr11	45786822	45986822	harbor2	chr11	45833139	45833347	SINE/MIR	969	-	104	45833243	46421
chr11	45786822	45986822	harbor2	chr11	45842986	45843136	SINE/MIR	698	-	75	45843061	56239
chr11	45786822	45986822	harbor2	chr11	45845294	45845455	SINE/MIR	532	-	80	45845374	58552
chr11	45786822	45986822	harbor2	chr11	45847863	45848040	SINE/MIR	466	-	88	45847951	61129
chr11	45786822	45986822	harbor2	chr11	45855602	45855819	SINE/MIR	785	-	108	45855710	68888
chr11	45786822	45986822	harbor2	chr11	45857179	45857390	SINE/MIR	542	-	106	45857285	70463
chr11	45786822	45986822	harbor2	chr11	45862304	45862500	SINE/MIR	760	-	98	45862402	75580
chr11	45786822	45986822	harbor2	chr11	45885085	45885283	SINE/MIR	454	-	99	45885184	98362
chr11	45786822	45986822	harbor2	chr11	45809658	45809769	SINE/MIR	408	-	56	45809714	22892
chr11	32377105	32577105	harbor2	chr11	32377169	32377325	SINE/MIR	543	-	78	32377247	142
chr11	32377105	32577105	harbor2	chr11	32389904	32390128	SINE/MIR	576	-	112	32390016	12911
chr11	32377105	32577105	harbor2	chr11	32405764	32405882	SINE/MIR	498	-	59	32405823	28718
chr11	32377105	32577105	harbor2	chr11	32450837	32451017	SINE/MIR	480	-	90	32450927	73822
chr11	32377105	32577105	harbor2	chr11	32451338	32451380	SINE/MIR	480	-	21	32451359	74254
chr11	32377105	32577105	harbor2	chr11	32454753	32454981	SINE/MIR	544	-	114	32454867	77762
chr11	32377105	32577105	harbor2	chr11	32471501	32471732	SINE/MIR	459	-	116	32471617	94512
chr11	5135401	5335401	harbor2	chr11	5168499	5168713	SINE/MIR	452	-	107	5168606	33205
chr11	5135401	5335401	harbor2	chr11	5208088	5208308	SINE/MIR	421	-	110	5208198	72797
chr11	10799794	10999794	harbor2	chr11	10824761	10824957	SINE/MIR	428	-	98	10824859	25065
chr11	10799794	10999794	harbor2	chr11	10831482	10831689	SINE/MIR	584	-	104	10831586	31792
chr11	10799794	10999794	harbor2	chr11	10844038	10844269	SINE/MIR	541	-	116	10844154	44360
chr11	10799794	10999794	harbor2	chr11	10860538	10860595	SINE/MIR	626	-	28	10860566	60772
chr11	10799794	10999794	harbor2	chr11	10860906	10861052	SINE/MIR	626	-	73	10860979	61185
chr11	10799794	10999794	harbor2	chr11	10864315	10864527	SINE/MIR	504	-	106	10864421	64627
chr11	10799794	10999794	harbor2	chr11	10898012	10898223	SINE/MIR	467	-	106	10898118	98324
chr11	47115696	47315696	harbor2	chr11	47119911	47120051	SINE/MIR	462	-	70	47119981	4285
chr11	47115696	47315696	harbor2	chr11	47132423	47132677	SINE/MIR	681	-	127	47132550	16854
chr11	47115696	47315696	harbor2	chr11	47132942	47133172	SINE/MIR	855	-	115	47133057	17361
chr11	47115696	47315696	harbor2	chr11	47135216	47135421	SINE/MIR	816	-	102	47135318	19622
chr11	47115696	47315696	harbor2	chr11	47148703	47148933	SINE/MIR	465	-	115	47148818	33122
chr11	47115696	47315696	harbor2	chr11	47172031	47172274	SINE/MIR	457	-	122	47172153	56457
chr11	47115696	47315696	harbor2	chr11	47174106	47174281	SINE/MIR	497	-	88	47174194	58498
chr11	5130296	5330296	harbor2	chr11	5168499	5168713	SINE/MIR	452	-	107	5168606	38310
chr11	5130296	5330296	harbor2	chr11	5208088	5208308	SINE/MIR	421	-	110	5208198	77902
chr11	69543489	69743489	harbor2	chr11	69563639	69563811	SINE/MIR	658	-	86	69563725	20236
chr11	69543489	69743489	harbor2	chr11	69628102	69628323	SINE/MIR	559	-	110	69628212	84723
chr11	69543489	69743489	harbor2	chr11	69635335	69635476	SINE/MIR	445	-	70	69635405	91916
chr11	5127143	5327143	harbor2	chr11	5168499	5168713	SINE/MIR	452	-	107	5168606	41463
chr11	5127143	5327143	harbor2	chr11	5208088	5208308	SINE/MIR	421	-	110	5208198	81055
chr11	5127183	5327183	harbor2	chr11	5168499	5168713	SINE/MIR	452	-	107	5168606	41423
chr11	5127183	5327183	harbor2	chr11	5208088	5208308	SINE/MIR	421	-	110	5208198	81015
chr11	5127212	5327212	harbor2	chr11	5168499	5168713	SINE/MIR	452	-	107	5168606	41394
chr11	5127212	5327212	harbor2	chr11	5208088	5208308	SINE/MIR	421	-	110	5208198	80986
chr11	5134525	5334525	harbor2	chr11	5168499	5168713	SINE/MIR	452	-	107	5168606	34081
chr11	5134525	5334525	harbor2	chr11	5208088	5208308	SINE/MIR	421	-	110	5208198	73673
chr11	65110704	65310704	harbor2	chr11	65150116	65150257	SINE/MIR	611	-	70	65150186	39482
chr11	65110704	65310704	harbor2	chr11	65150562	65150611	SINE/MIR	611	-	24	65150586	39882
chr11	65110704	65310704	harbor2	chr11	65207024	65207179	SINE/MIR	493	-	78	65207102	96398
chr11	5130571	5330571	harbor2	chr11	5168499	5168713	SINE/MIR	452	-	107	5168606	38035
chr11	5130571	5330571	harbor2	chr11	5208088	5208308	SINE/MIR	421	-	110	5208198	77627
chr11	5130397	5330397	harbor2	chr11	5168499	5168713	SINE/MIR	452	-	107	5168606	38209
chr11	5130397	5330397	harbor2	chr11	5208088	5208308	SINE/MIR	421	-	110	5208198	77801
chr11	69540160	69740160	harbor2	chr11	69563639	69563811	SINE/MIR	658	-	86	69563725	23565
chr11	69540160	69740160	harbor2	chr11	69628102	69628323	SINE/MIR	559	-	110	69628212	88052
chr11	69540160	69740160	harbor2	chr11	69635335	69635476	SINE/MIR	445	-	70	69635405	95245
chr11	22729649	22929649	harbor2	chr11	22734612	22734849	SINE/MIR	439	-	118	22734730	5081
chr11	22729649	22929649	harbor2	chr11	22761687	22761893	SINE/MIR	567	-	103	22761790	32141
chr11	22729649	22929649	harbor2	chr11	22798277	22798445	SINE/MIR	503	-	84	22798361	68712
chr11	5204580	5404580	harbor2	chr11	5208088	5208308	SINE/MIR	421	-	110	5208198	3618
chr11	5204580	5404580	harbor2	chr11	5284503	5284601	SINE/MIR	446	-	49	5284552	79972
chr11	5204580	5404580	harbor2	chr11	5287055	5287173	SINE/MIR	501	-	59	5287114	82534
chr11	5204580	5404580	harbor2	chr11	5287449	5287576	SINE/MIR	501	-	64	5287513	82933
chr11	126632918	126832918	harbor2	chr11	126652403	126652646	SINE/MIR	594	-	122	126652525	19607
chr11	126632918	126832918	harbor2	chr11	126677418	126677608	SINE/MIR	471	-	95	126677513	44595
chr11	126632918	126832918	harbor2	chr11	126679379	126679604	SINE/MIR	544	-	112	126679491	46573
chr11	126632918	126832918	harbor2	chr11	126703407	126703632	SINE/MIR	723	-	112	126703519	70601
chr11	126632918	126832918	harbor2	chr11	126709896	126710144	SINE/MIR	506	-	124	126710020	77102
chr11	126632918	126832918	harbor2	chr11	126716278	126716475	SINE/MIR	419	-	98	126716376	83458
chr11	63743240	63943240	harbor2	chr11	63747776	63747941	SINE/MIR	530	-	82	63747858	4618
chr11	64541790	64741790	harbor2	chr11	64543192	64543377	SINE/MIR	638	-	92	64543284	1494
chr11	64541790	64741790	harbor2	chr11	64557177	64557329	SINE/MIR	520	-	76	64557253	15463
chr11	64541790	64741790	harbor2	chr11	64561288	64561445	SINE/MIR	627	-	78	64561366	19576
chr11	64541790	64741790	harbor2	chr11	64563230	64563432	SINE/MIR	579	-	101	64563331	21541
chr11	64541790	64741790	harbor2	chr11	64570628	64570778	SINE/MIR	406	-	75	64570703	28913
chr11	64541790	64741790	harbor2	chr11	64580231	64580483	SINE/MIR	955	-	126	64580357	38567
chr11	64541790	64741790	harbor2	chr11	64602483	64602722	SINE/MIR	699	-	120	64602603	60813
chr11	64541790	64741790	harbor2	chr11	64624891	64625044	SINE/MIR	403	-	76	64624967	83177
chr11	64541790	64741790	harbor2	chr11	64628130	64628358	SINE/MIR	677	-	114	64628244	86454
chr11	64541790	64741790	harbor2	chr11	64631497	64631698	SINE/MIR	589	-	100	64631597	89807
chr11	64541790	64741790	harbor2	chr11	64633348	64633522	SINE/MIR	491	-	87	64633435	91645
chr11	5140756	5340756	harbor2	chr11	5168499	5168713	SINE/MIR	452	-	107	5168606	27850
chr11	5140756	5340756	harbor2	chr11	5208088	5208308	SINE/MIR	421	-	110	5208198	67442
chr11	67175747	67375747	harbor2	chr11	67219050	67219225	SINE/MIR	542	-	88	67219138	43391
chr11	67175747	67375747	harbor2	chr11	67229098	67229290	SINE/MIR	533	-	96	67229194	53447
chr11	67175747	67375747	harbor2	chr11	67261239	67261413	SINE/MIR	424	-	87	67261326	85579
chr11	67175747	67375747	harbor2	chr11	67267722	67267948	SINE/MIR	427	-	113	67267835	92088
chr11	67175747	67375747	harbor2	chr11	67269223	67269434	SINE/MIR	401	-	106	67269329	93582
chr11	5128321	5328321	harbor2	chr11	5168499	5168713	SINE/MIR	452	-	107	5168606	40285
chr11	5128321	5328321	harbor2	chr11	5208088	5208308	SINE/MIR	421	-	110	5208198	79877
chr11	5127556	5327556	harbor2	chr11	5168499	5168713	SINE/MIR	452	-	107	5168606	41050
chr11	5127556	5327556	harbor2	chr11	5208088	5208308	SINE/MIR	421	-	110	5208198	80642
chr11	65948857	66148857	harbor2	chr11	65999001	65999223	SINE/MIR	455	-	111	65999112	50255
chr11	65948857	66148857	harbor2	chr11	66004765	66004940	SINE/MIR	441	-	88	66004853	55996
chr11	65948857	66148857	harbor2	chr11	66011552	66011710	SINE/MIR	556	-	79	66011631	62774
chr11	65948857	66148857	harbor2	chr11	66028213	66028389	SINE/MIR	410	-	88	66028301	79444
chr11	65948857	66148857	harbor2	chr11	66046024	66046252	SINE/MIR	738	-	114	66046138	97281
chr11	65488849	65688849	harbor2	chr11	65568117	65568244	SINE/MIR	427	-	64	65568181	79332
chr11	9520097	9720097	harbor2	chr11	9528619	9528867	SINE/MIR	640	-	124	9528743	8646
chr11	5143135	5343135	harbor2	chr11	5168499	5168713	SINE/MIR	452	-	107	5168606	25471
chr11	5143135	5343135	harbor2	chr11	5208088	5208308	SINE/MIR	421	-	110	5208198	65063
chr11	5134529	5334529	harbor2	chr11	5168499	5168713	SINE/MIR	452	-	107	5168606	34077
chr11	5134529	5334529	harbor2	chr11	5208088	5208308	SINE/MIR	421	-	110	5208198	73669
chr11	5141844	5341844	harbor2	chr11	5168499	5168713	SINE/MIR	452	-	107	5168606	26762
chr11	5141844	5341844	harbor2	chr11	5208088	5208308	SINE/MIR	421	-	110	5208198	66354
chr11	58480005	58680005	harbor2	chr11	58494163	58494381	SINE/MIR	451	-	109	58494272	14267
chr11	58480005	58680005	harbor2	chr11	58502882	58503040	SINE/MIR	453	-	79	58502961	22956
chr11	58480005	58680005	harbor2	chr11	58508225	58508416	SINE/MIR	433	-	96	58508321	28316
chr11	58480005	58680005	harbor2	chr11	58520274	58520528	SINE/MIR	580	-	127	58520401	40396
chr11	58480005	58680005	harbor2	chr11	58548654	58548846	SINE/MIR	735	-	96	58548750	68745
chr11	58480005	58680005	harbor2	chr11	58560577	58560821	SINE/MIR	554	-	122	58560699	80694
chr11	58480005	58680005	harbor2	chr11	58571716	58571930	SINE/MIR	520	-	107	58571823	91818
chr11	3116281	3316281	harbor2	chr11	3124063	3124258	SINE/MIR	658	-	98	3124161	7880
chr11	3116281	3316281	harbor2	chr11	3128590	3128727	SINE/MIR	447	-	68	3128658	12377
chr11	3116281	3316281	harbor2	chr11	3168181	3168321	SINE/MIR	436	-	70	3168251	51970
chr11	3116281	3316281	harbor2	chr11	3174855	3175005	SINE/MIR	534	-	75	3174930	58649
chr11	3116281	3316281	harbor2	chr11	3198699	3198922	SINE/MIR	543	-	112	3198811	82530
chr11	5134380	5334380	harbor2	chr11	5168499	5168713	SINE/MIR	452	-	107	5168606	34226
chr11	5134380	5334380	harbor2	chr11	5208088	5208308	SINE/MIR	421	-	110	5208198	73818
chr11	5130263	5330263	harbor2	chr11	5168499	5168713	SINE/MIR	452	-	107	5168606	38343
chr11	5130263	5330263	harbor2	chr11	5208088	5208308	SINE/MIR	421	-	110	5208198	77935
chr11	76580984	76780984	harbor2	chr11	76618259	76618488	SINE/MIR	685	-	114	76618373	37389
chr11	76580984	76780984	harbor2	chr11	76626415	76626663	SINE/MIR	607	-	124	76626539	45555
chr11	76580984	76780984	harbor2	chr11	76654307	76654444	SINE/MIR	432	-	68	76654375	73391
chr11	76580984	76780984	harbor2	chr11	76662356	76662555	SINE/MIR	416	-	100	76662456	81472
chr11	76580984	76780984	harbor2	chr11	76667118	76667344	SINE/MIR	664	-	113	76667231	86247
chr11	76580984	76780984	harbor2	chr11	76669447	76669690	SINE/MIR	689	-	122	76669569	88585
chr11	76580984	76780984	harbor2	chr11	76669704	76669860	SINE/MIR	483	-	78	76669782	88798
chr11	76580984	76780984	harbor2	chr11	76671447	76671573	SINE/MIR	403	-	63	76671510	90526
chr11	76580958	76780958	harbor2	chr11	76618259	76618488	SINE/MIR	685	-	114	76618373	37415
chr11	76580958	76780958	harbor2	chr11	76626415	76626663	SINE/MIR	607	-	124	76626539	45581
chr11	76580958	76780958	harbor2	chr11	76654307	76654444	SINE/MIR	432	-	68	76654375	73417
chr11	76580958	76780958	harbor2	chr11	76662356	76662555	SINE/MIR	416	-	100	76662456	81498
chr11	76580958	76780958	harbor2	chr11	76667118	76667344	SINE/MIR	664	-	113	76667231	86273
chr11	76580958	76780958	harbor2	chr11	76669447	76669690	SINE/MIR	689	-	122	76669569	88611
chr11	76580958	76780958	harbor2	chr11	76669704	76669860	SINE/MIR	483	-	78	76669782	88824
chr11	76580958	76780958	harbor2	chr11	76671447	76671573	SINE/MIR	403	-	63	76671510	90552
chr11	119275286	119475286	harbor2	chr11	119278813	119279056	SINE/MIR	1091	-	122	119278935	3649
chr11	119275286	119475286	harbor2	chr11	119345137	119345356	SINE/MIR	415	-	110	119345247	69961
chr11	119275286	119475286	harbor2	chr11	119347491	119347667	SINE/MIR	467	-	88	119347579	72293
chr11	119275286	119475286	harbor2	chr11	119351890	119351988	SINE/MIR	421	-	49	119351939	76653
chr11	119275286	119475286	harbor2	chr11	119365767	119365884	SINE/MIR	629	-	58	119365825	90539
chr11	119275286	119475286	harbor2	chr11	119366195	119366314	SINE/MIR	629	-	60	119366255	90969
chr11	119275286	119475286	harbor2	chr11	119370294	119370454	SINE/MIR	526	-	80	119370374	95088
chr11	119275286	119475286	harbor2	chr11	119374440	119374598	SINE/MIR	404	-	79	119374519	99233
chr11	11446354	11646354	harbor2	chr11	11450698	11450939	SINE/MIR	745	-	120	11450818	4464
chr11	11446354	11646354	harbor2	chr11	11472699	11472845	SINE/MIR	438	-	73	11472772	26418
chr11	11446354	11646354	harbor2	chr11	11473012	11473102	SINE/MIR	438	-	45	11473057	26703
chr11	11446354	11646354	harbor2	chr11	11484030	11484227	SINE/MIR	485	-	98	11484128	37774
chr11	11446354	11646354	harbor2	chr11	11489694	11489952	SINE/MIR	868	-	129	11489823	43469
chr11	11446354	11646354	harbor2	chr11	11495936	11496107	SINE/MIR	494	-	86	11496022	49668
chr11	11446354	11646354	harbor2	chr11	11514134	11514292	SINE/MIR	507	-	79	11514213	67859
chr11	11446354	11646354	harbor2	chr11	11520131	11520383	SINE/MIR	1002	-	126	11520257	73903
chr11	11446354	11646354	harbor2	chr11	11527938	11528090	SINE/MIR	702	-	76	11528014	81660
chr11	11446354	11646354	harbor2	chr11	11533232	11533407	SINE/MIR	407	-	88	11533320	86966
chr11	11446354	11646354	harbor2	chr11	11533966	11534169	SINE/MIR	589	-	102	11534068	87714
chr11	11446354	11646354	harbor2	chr11	11536192	11536407	SINE/MIR	549	-	108	11536300	89946
chr11	11446354	11646354	harbor2	chr11	11537041	11537265	SINE/MIR	763	-	112	11537153	90799
chr11	11446354	11646354	harbor2	chr11	11537997	11538240	SINE/MIR	710	-	122	11538119	91765
chr11	11446354	11646354	harbor2	chr11	11544852	11544993	SINE/MIR	586	-	70	11544922	98568
chr11	11446354	11646354	harbor2	chr11	11545021	11545251	SINE/MIR	607	-	115	11545136	98782
chr11	5254996	5454996	harbor2	chr11	5284503	5284601	SINE/MIR	446	-	49	5284552	29556
chr11	5254996	5454996	harbor2	chr11	5287055	5287173	SINE/MIR	501	-	59	5287114	32118
chr11	5254996	5454996	harbor2	chr11	5287449	5287576	SINE/MIR	501	-	64	5287513	32517
chr11	5254996	5454996	harbor2	chr11	5305737	5305870	SINE/MIR	494	-	66	5305803	50807
chr11	3737914	3937914	harbor2	chr11	3763107	3763313	SINE/MIR	467	-	103	3763210	25296
chr11	3737914	3937914	harbor2	chr11	3785973	3786192	SINE/MIR	610	-	110	3786083	48169
chr11	3737914	3937914	harbor2	chr11	3809313	3809443	SINE/MIR	447	-	65	3809378	71464
chr11	3737914	3937914	harbor2	chr11	3820848	3821014	SINE/MIR	792	-	83	3820931	83017
chr11	3737914	3937914	harbor2	chr11	3832161	3832382	SINE/MIR	649	-	110	3832271	94357
chr11	46601793	46801793	harbor2	chr11	46670513	46670526	SINE/MIR	496	-	6	46670519	68726
chr11	46601793	46801793	harbor2	chr11	46670839	46671045	SINE/MIR	496	-	103	46670942	69149
chr11	46601793	46801793	harbor2	chr11	46682831	46683036	SINE/MIR	497	-	102	46682933	81140
chr11	68333892	68533892	harbor2	chr11	68387417	68387583	SINE/MIR	444	-	83	68387500	53608
chr11	68333892	68533892	harbor2	chr11	68410308	68410560	SINE/MIR	543	-	126	68410434	76542
chr11	68333892	68533892	harbor2	chr11	68414287	68414510	SINE/MIR	621	-	112	68414399	80507
chr11	68333892	68533892	harbor2	chr11	68414693	68414927	SINE/MIR	415	-	117	68414810	80918
chr11	3994569	4194569	harbor2	chr11	3998117	3998326	SINE/MIR	438	-	104	3998221	3652
chr11	3994569	4194569	harbor2	chr11	4010546	4010687	SINE/MIR	516	-	70	4010616	16047
chr11	3994569	4194569	harbor2	chr11	4026377	4026482	SINE/MIR	463	-	52	4026429	31860
chr11	3994569	4194569	harbor2	chr11	4041449	4041604	SINE/MIR	586	-	78	4041527	46958
chr11	3994569	4194569	harbor2	chr11	4041887	4041920	SINE/MIR	586	-	16	4041903	47334
chr11	3994569	4194569	harbor2	chr11	4043030	4043138	SINE/MIR	406	-	54	4043084	48515
chr11	3994569	4194569	harbor2	chr11	4055866	4056072	SINE/MIR	793	-	103	4055969	61400
chr11	3994569	4194569	harbor2	chr11	4056736	4056953	SINE/MIR	573	-	108	4056844	62275
chr11	3994569	4194569	harbor2	chr11	4071695	4071876	SINE/MIR	504	-	90	4071785	77216
chr11	5127207	5327207	harbor2	chr11	5168499	5168713	SINE/MIR	452	-	107	5168606	41399
chr11	5127207	5327207	harbor2	chr11	5208088	5208308	SINE/MIR	421	-	110	5208198	80991
chr11	133621545	133821545	harbor2	chr11	133633202	133633450	SINE/MIR	736	-	124	133633326	11781
chr11	133621545	133821545	harbor2	chr11	133669331	133669539	SINE/MIR	790	-	104	133669435	47890
chr11	133621545	133821545	harbor2	chr11	133701336	133701541	SINE/MIR	473	-	102	133701438	79893
chr11	133621545	133821545	harbor2	chr11	133703737	133703968	SINE/MIR	992	-	116	133703853	82308
chr11	5130262	5330262	harbor2	chr11	5168499	5168713	SINE/MIR	452	-	107	5168606	38344
chr11	5130262	5330262	harbor2	chr11	5208088	5208308	SINE/MIR	421	-	110	5208198	77936
chr11	66161658	66361658	harbor2	chr11	66166787	66166921	SINE/MIR	459	-	67	66166854	5196
chr11	66161658	66361658	harbor2	chr11	66242616	66242783	SINE/MIR	484	-	84	66242700	81042
chr11	66161658	66361658	harbor2	chr11	66252215	66252276	SINE/MIR	488	-	30	66252245	90587
chr11	66161658	66361658	harbor2	chr11	66252563	66252747	SINE/MIR	488	-	92	66252655	90997
chr11	5127995	5327995	harbor2	chr11	5168499	5168713	SINE/MIR	452	-	107	5168606	40611
chr11	5127995	5327995	harbor2	chr11	5208088	5208308	SINE/MIR	421	-	110	5208198	80203
chr11	2056661	2256661	harbor2	chr11	2153893	2154087	SINE/MIR	507	-	97	2153990	97329
chr11	5189904	5389904	harbor2	chr11	5208088	5208308	SINE/MIR	421	-	110	5208198	18294
chr11	5189904	5389904	harbor2	chr11	5284503	5284601	SINE/MIR	446	-	49	5284552	94648
chr11	5189904	5389904	harbor2	chr11	5287055	5287173	SINE/MIR	501	-	59	5287114	97210
chr11	5189904	5389904	harbor2	chr11	5287449	5287576	SINE/MIR	501	-	64	5287513	97609
chr11	68332488	68532488	harbor2	chr11	68387417	68387583	SINE/MIR	444	-	83	68387500	55012
chr11	68332488	68532488	harbor2	chr11	68410308	68410560	SINE/MIR	543	-	126	68410434	77946
chr11	68332488	68532488	harbor2	chr11	68414287	68414510	SINE/MIR	621	-	112	68414399	81911
chr11	68332488	68532488	harbor2	chr11	68414693	68414927	SINE/MIR	415	-	117	68414810	82322
chr11	47465563	47665563	harbor2	chr11	47475913	47475999	SINE/MIR	448	-	43	47475956	10393
chr11	47465563	47665563	harbor2	chr11	47476292	47476437	SINE/MIR	448	-	72	47476364	10801
chr11	47465563	47665563	harbor2	chr11	47550841	47551000	SINE/MIR	500	-	80	47550921	85358
chr11	64539119	64739119	harbor2	chr11	64540293	64540500	SINE/MIR	651	-	104	64540397	1278
chr11	64539119	64739119	harbor2	chr11	64543192	64543377	SINE/MIR	638	-	92	64543284	4165
chr11	64539119	64739119	harbor2	chr11	64557177	64557329	SINE/MIR	520	-	76	64557253	18134
chr11	64539119	64739119	harbor2	chr11	64561288	64561445	SINE/MIR	627	-	78	64561366	22247
chr11	64539119	64739119	harbor2	chr11	64563230	64563432	SINE/MIR	579	-	101	64563331	24212
chr11	64539119	64739119	harbor2	chr11	64570628	64570778	SINE/MIR	406	-	75	64570703	31584
chr11	64539119	64739119	harbor2	chr11	64580231	64580483	SINE/MIR	955	-	126	64580357	41238
chr11	64539119	64739119	harbor2	chr11	64602483	64602722	SINE/MIR	699	-	120	64602603	63484
chr11	64539119	64739119	harbor2	chr11	64624891	64625044	SINE/MIR	403	-	76	64624967	85848
chr11	64539119	64739119	harbor2	chr11	64628130	64628358	SINE/MIR	677	-	114	64628244	89125
chr11	64539119	64739119	harbor2	chr11	64631497	64631698	SINE/MIR	589	-	100	64631597	92478
chr11	64539119	64739119	harbor2	chr11	64633348	64633522	SINE/MIR	491	-	87	64633435	94316
chr11	119644502	119844502	harbor2	chr11	119646511	119646738	SINE/MIR	431	-	114	119646625	2123
chr11	119644502	119844502	harbor2	chr11	119673504	119673666	SINE/MIR	502	-	81	119673585	29083
chr11	119644502	119844502	harbor2	chr11	119692613	119692835	SINE/MIR	703	-	111	119692724	48222
chr11	119644502	119844502	harbor2	chr11	119697542	119697770	SINE/MIR	486	-	114	119697656	53154
chr11	119644502	119844502	harbor2	chr11	119699682	119699868	SINE/MIR	435	-	93	119699775	55273
chr11	119644502	119844502	harbor2	chr11	119722863	119722970	SINE/MIR	582	-	54	119722917	78415
chr11	119644502	119844502	harbor2	chr11	119723242	119723358	SINE/MIR	582	-	58	119723300	78798
chr11	119644502	119844502	harbor2	chr11	119738986	119739120	SINE/MIR	550	-	67	119739053	94551
chr11	119644502	119844502	harbor2	chr11	119743756	119743974	SINE/MIR	811	-	109	119743865	99363
chr11	61589431	61789431	harbor2	chr11	61596839	61597027	SINE/MIR	704	-	94	61596933	7502
chr11	61589431	61789431	harbor2	chr11	61603982	61604064	SINE/MIR	701	-	41	61604023	14592
chr11	61589431	61789431	harbor2	chr11	61605461	61605607	SINE/MIR	701	-	73	61605534	16103
chr11	61589431	61789431	harbor2	chr11	61608369	61608630	SINE/MIR	553	-	130	61608499	19068
chr11	61589431	61789431	harbor2	chr11	61613626	61613793	SINE/MIR	419	-	84	61613710	24279
chr11	61589431	61789431	harbor2	chr11	61621128	61621319	SINE/MIR	454	-	96	61621224	31793
chr11	61589431	61789431	harbor2	chr11	61621827	61622050	SINE/MIR	801	-	112	61621939	32508
chr11	61589431	61789431	harbor2	chr11	61632691	61632925	SINE/MIR	764	-	117	61632808	43377
chr11	61589431	61789431	harbor2	chr11	61639708	61639881	SINE/MIR	551	-	86	61639794	50363
chr11	61589431	61789431	harbor2	chr11	61642349	61642576	SINE/MIR	638	-	114	61642463	53032
chr11	61589431	61789431	harbor2	chr11	61649985	61650153	SINE/MIR	450	-	84	61650069	60638
chr11	61589431	61789431	harbor2	chr11	61658678	61658876	SINE/MIR	620	-	99	61658777	69346
chr11	5142126	5342126	harbor2	chr11	5168499	5168713	SINE/MIR	452	-	107	5168606	26480
chr11	5142126	5342126	harbor2	chr11	5208088	5208308	SINE/MIR	421	-	110	5208198	66072
chr11	5270453	5470453	harbor2	chr11	5284503	5284601	SINE/MIR	446	-	49	5284552	14099
chr11	5270453	5470453	harbor2	chr11	5287055	5287173	SINE/MIR	501	-	59	5287114	16661
chr11	5270453	5470453	harbor2	chr11	5287449	5287576	SINE/MIR	501	-	64	5287513	17060
chr11	5270453	5470453	harbor2	chr11	5305737	5305870	SINE/MIR	494	-	66	5305803	35350
chr11	5127199	5327199	harbor2	chr11	5168499	5168713	SINE/MIR	452	-	107	5168606	41407
chr11	5127199	5327199	harbor2	chr11	5208088	5208308	SINE/MIR	421	-	110	5208198	80999
chr11	77083641	77283641	harbor2	chr11	77136644	77136860	SINE/MIR	839	-	108	77136752	53111
chr11	77083641	77283641	harbor2	chr11	77139116	77139227	SINE/MIR	500	-	56	77139172	55531
chr11	77083641	77283641	harbor2	chr11	77143922	77144137	SINE/MIR	559	-	108	77144030	60389
chr11	77083641	77283641	harbor2	chr11	77167332	77167524	SINE/MIR	439	-	96	77167428	83787
chr11	77083641	77283641	harbor2	chr11	77168377	77168512	SINE/MIR	682	-	68	77168445	84804
chr11	77083641	77283641	harbor2	chr11	77168822	77168926	SINE/MIR	682	-	52	77168874	85233
chr11	77083641	77283641	harbor2	chr11	77172189	77172335	SINE/MIR	547	-	73	77172262	88621
chr11	77083641	77283641	harbor2	chr11	77176336	77176545	SINE/MIR	610	-	104	77176440	92799
chr11	77083641	77283641	harbor2	chr11	77178758	77179017	SINE/MIR	761	-	130	77178888	95247
chr11	2054914	2254914	harbor2	chr11	2153893	2154087	SINE/MIR	507	-	97	2153990	99076
chr11	126082252	126282252	harbor2	chr11	126125500	126125695	SINE/MIR	689	-	98	126125598	43346
chr11	126082252	126282252	harbor2	chr11	126133129	126133364	SINE/MIR	534	-	118	126133247	50995
chr11	126082252	126282252	harbor2	chr11	126157015	126157181	SINE/MIR	576	-	83	126157098	74846
chr11	67369200	67569200	harbor2	chr11	67378100	67378141	SINE/MIR	629	-	20	67378120	8920
chr11	67369200	67569200	harbor2	chr11	67378452	67378639	SINE/MIR	629	-	94	67378546	9346
chr11	67369200	67569200	harbor2	chr11	67382306	67382531	SINE/MIR	405	-	112	67382418	13218
chr11	67369200	67569200	harbor2	chr11	67418110	67418229	SINE/MIR	409	-	60	67418170	48970
chr11	67369200	67569200	harbor2	chr11	67448600	67448762	SINE/MIR	610	-	81	67448681	79481
chr11	6206956	6406956	harbor2	chr11	6227173	6227381	SINE/MIR	698	-	104	6227277	20321
chr11	6206956	6406956	harbor2	chr11	6242082	6242261	SINE/MIR	814	-	90	6242172	35216
chr11	6206956	6406956	harbor2	chr11	6249696	6249874	SINE/MIR	492	-	89	6249785	42829
chr11	6206956	6406956	harbor2	chr11	6278601	6278679	SINE/MIR	412	-	39	6278640	71684
chr11	117887566	118087566	harbor2	chr11	117897521	117897736	SINE/MIR	593	-	108	117897629	10063
chr11	117887566	118087566	harbor2	chr11	117904380	117904559	SINE/MIR	415	-	90	117904470	16904
chr11	117887566	118087566	harbor2	chr11	117915923	117916061	SINE/MIR	436	-	69	117915992	28426
chr11	117887566	118087566	harbor2	chr11	117916838	117916982	SINE/MIR	418	-	72	117916910	29344
chr11	117887566	118087566	harbor2	chr11	117917497	117917703	SINE/MIR	641	-	103	117917600	30034
chr11	117887566	118087566	harbor2	chr11	117919638	117919849	SINE/MIR	444	-	106	117919744	32178
chr11	117887566	118087566	harbor2	chr11	117921034	117921195	SINE/MIR	578	-	80	117921114	33548
chr11	117887566	118087566	harbor2	chr11	117924020	117924062	SINE/MIR	520	-	21	117924041	36475
chr11	117887566	118087566	harbor2	chr11	117924206	117924357	SINE/MIR	520	-	76	117924282	36716
chr11	117887566	118087566	harbor2	chr11	117926890	117926964	SINE/MIR	485	-	37	117926927	39361
chr11	117887566	118087566	harbor2	chr11	117927341	117927411	SINE/MIR	485	-	35	117927376	39810
chr11	117887566	118087566	harbor2	chr11	117939260	117939352	SINE/MIR	434	-	46	117939306	51740
chr11	117887566	118087566	harbor2	chr11	117939653	117939784	SINE/MIR	434	-	66	117939719	52153
chr11	117887566	118087566	harbor2	chr11	117949617	117949821	SINE/MIR	702	-	102	117949719	62153
chr11	117887566	118087566	harbor2	chr11	117969056	117969186	SINE/MIR	486	-	65	117969121	81555
chr11	117887566	118087566	harbor2	chr11	117969908	117970029	SINE/MIR	505	-	60	117969968	82402
chr11	117887566	118087566	harbor2	chr11	117975920	117976131	SINE/MIR	499	-	106	117976026	88460
chr11	67892044	68092044	harbor2	chr11	67940217	67940400	SINE/MIR	427	-	92	67940309	48265
chr11	67892044	68092044	harbor2	chr11	67951726	67951909	SINE/MIR	408	-	92	67951818	59774
chr11	67892044	68092044	harbor2	chr11	67953835	67954082	SINE/MIR	628	-	124	67953959	61915
chr11	67892044	68092044	harbor2	chr11	67957323	67957445	SINE/MIR	505	-	61	67957384	65340
chr11	5216243	5416243	harbor2	chr11	5284503	5284601	SINE/MIR	446	-	49	5284552	68309
chr11	5216243	5416243	harbor2	chr11	5287055	5287173	SINE/MIR	501	-	59	5287114	70871
chr11	5216243	5416243	harbor2	chr11	5287449	5287576	SINE/MIR	501	-	64	5287513	71270
chr11	5216243	5416243	harbor2	chr11	5305737	5305870	SINE/MIR	494	-	66	5305803	89560
chr11	64643001	64843001	harbor2	chr11	64657491	64657722	SINE/MIR	508	-	116	64657607	14606
chr11	64643001	64843001	harbor2	chr11	64661596	64661830	SINE/MIR	581	-	117	64661713	18712
chr11	64643001	64843001	harbor2	chr11	64667965	64668214	SINE/MIR	728	-	124	64668089	25088
chr11	64643001	64843001	harbor2	chr11	64674818	64674944	SINE/MIR	425	-	63	64674881	31880
chr11	64643001	64843001	harbor2	chr11	64681551	64681720	SINE/MIR	588	-	84	64681635	38634
chr11	64643001	64843001	harbor2	chr11	64703281	64703505	SINE/MIR	661	-	112	64703393	60392
chr11	64643001	64843001	harbor2	chr11	64703779	64704001	SINE/MIR	597	-	111	64703890	60889
chr11	64643001	64843001	harbor2	chr11	64707564	64707751	SINE/MIR	807	-	94	64707658	64657
chr11	64643001	64843001	harbor2	chr11	64715181	64715360	SINE/MIR	500	-	90	64715271	72270
chr11	64643001	64843001	harbor2	chr11	64717974	64718129	SINE/MIR	404	-	78	64718052	75051
chr11	64643001	64843001	harbor2	chr11	64719154	64719378	SINE/MIR	677	-	112	64719266	76265
chr11	57400308	57600308	harbor2	chr11	57400800	57401010	SINE/MIR	400	-	105	57400905	597
chr11	57400308	57600308	harbor2	chr11	57401408	57401612	SINE/MIR	601	-	102	57401510	1202
chr11	57400308	57600308	harbor2	chr11	57406459	57406636	SINE/MIR	442	-	88	57406547	6239
chr11	57400308	57600308	harbor2	chr11	57419350	57419499	SINE/MIR	409	-	74	57419424	19116
chr11	57400308	57600308	harbor2	chr11	57431444	57431655	SINE/MIR	419	-	106	57431550	31242
chr11	57400308	57600308	harbor2	chr11	57431968	57431994	SINE/MIR	419	-	13	57431981	31673
chr11	57400308	57600308	harbor2	chr11	57433183	57433432	SINE/MIR	843	-	124	57433307	32999
chr11	57400308	57600308	harbor2	chr11	57473229	57473352	SINE/MIR	494	-	62	57473291	72983
chr11	57400308	57600308	harbor2	chr11	57475101	57475336	SINE/MIR	509	-	118	57475219	74911
chr11	57400308	57600308	harbor2	chr11	57475356	57475506	SINE/MIR	485	-	75	57475431	75123
chr11	57400308	57600308	harbor2	chr11	57475562	57475778	SINE/MIR	485	-	108	57475670	75362
chr11	57400308	57600308	harbor2	chr11	57493084	57493271	SINE/MIR	559	-	94	57493178	92870
chr11	57400308	57600308	harbor2	chr11	57493289	57493524	SINE/MIR	561	-	118	57493407	93099
chr11	76580941	76780941	harbor2	chr11	76618259	76618488	SINE/MIR	685	-	114	76618373	37432
chr11	76580941	76780941	harbor2	chr11	76626415	76626663	SINE/MIR	607	-	124	76626539	45598
chr11	76580941	76780941	harbor2	chr11	76654307	76654444	SINE/MIR	432	-	68	76654375	73434
chr11	76580941	76780941	harbor2	chr11	76662356	76662555	SINE/MIR	416	-	100	76662456	81515
chr11	76580941	76780941	harbor2	chr11	76667118	76667344	SINE/MIR	664	-	113	76667231	86290
chr11	76580941	76780941	harbor2	chr11	76669447	76669690	SINE/MIR	689	-	122	76669569	88628
chr11	76580941	76780941	harbor2	chr11	76669704	76669860	SINE/MIR	483	-	78	76669782	88841
chr11	76580941	76780941	harbor2	chr11	76671447	76671573	SINE/MIR	403	-	63	76671510	90569
chr11	70734473	70934473	harbor2	chr11	70816190	70816335	SINE/MIR	407	-	72	70816262	81789
chr11	76587997	76787997	harbor2	chr11	76618259	76618488	SINE/MIR	685	-	114	76618373	30376
chr11	76587997	76787997	harbor2	chr11	76626415	76626663	SINE/MIR	607	-	124	76626539	38542
chr11	76587997	76787997	harbor2	chr11	76654307	76654444	SINE/MIR	432	-	68	76654375	66378
chr11	76587997	76787997	harbor2	chr11	76662356	76662555	SINE/MIR	416	-	100	76662456	74459
chr11	76587997	76787997	harbor2	chr11	76667118	76667344	SINE/MIR	664	-	113	76667231	79234
chr11	76587997	76787997	harbor2	chr11	76669447	76669690	SINE/MIR	689	-	122	76669569	81572
chr11	76587997	76787997	harbor2	chr11	76669704	76669860	SINE/MIR	483	-	78	76669782	81785
chr11	76587997	76787997	harbor2	chr11	76671447	76671573	SINE/MIR	403	-	63	76671510	83513
chr11	111441731	111641731	harbor2	chr11	111465423	111465651	SINE/MIR	771	-	114	111465537	23806
chr11	111441731	111641731	harbor2	chr11	111467105	111467339	SINE/MIR	674	-	117	111467222	25491
chr11	111441731	111641731	harbor2	chr11	111468309	111468523	SINE/MIR	764	-	107	111468416	26685
chr11	111441731	111641731	harbor2	chr11	111471078	111471271	SINE/MIR	407	-	96	111471174	29443
chr11	111441731	111641731	harbor2	chr11	111472926	111473138	SINE/MIR	429	-	106	111473032	31301
chr11	111441731	111641731	harbor2	chr11	111518416	111518628	SINE/MIR	524	-	106	111518522	76791
chr11	120127774	120327774	harbor2	chr11	120131865	120132069	SINE/MIR	479	-	102	120131967	4193
chr11	120127774	120327774	harbor2	chr11	120138646	120138864	SINE/MIR	447	-	109	120138755	10981
chr11	120127774	120327774	harbor2	chr11	120146408	120146670	SINE/MIR	846	-	131	120146539	18765
chr11	120127774	120327774	harbor2	chr11	120172059	120172219	SINE/MIR	493	-	80	120172139	44365
chr11	120127774	120327774	harbor2	chr11	120177514	120177708	SINE/MIR	418	-	97	120177611	49837
chr11	120127774	120327774	harbor2	chr11	120198695	120198894	SINE/MIR	476	-	100	120198795	71021
chr11	120127774	120327774	harbor2	chr11	120201433	120201613	SINE/MIR	401	-	90	120201523	73749
chr11	120127774	120327774	harbor2	chr11	120207637	120207774	SINE/MIR	478	-	68	120207705	79931
chr11	120127774	120327774	harbor2	chr11	120221499	120221693	SINE/MIR	753	-	97	120221596	93822
chr11	6519524	6719524	harbor2	chr11	6550080	6550310	SINE/MIR	536	-	115	6550195	30671
chr11	6519524	6719524	harbor2	chr11	6565421	6565601	SINE/MIR	880	-	90	6565511	45987
chr11	6519524	6719524	harbor2	chr11	6577797	6577954	SINE/MIR	768	-	78	6577875	58351
chr11	6519524	6719524	harbor2	chr11	6599253	6599466	SINE/MIR	618	-	106	6599359	79835
chr11	6519524	6719524	harbor2	chr11	6612979	6613200	SINE/MIR	449	-	110	6613089	93565
chr11	5130579	5330579	harbor2	chr11	5168499	5168713	SINE/MIR	452	-	107	5168606	38027
chr11	5130579	5330579	harbor2	chr11	5208088	5208308	SINE/MIR	421	-	110	5208198	77619
chr11	33600881	33800881	harbor2	chr11	33620497	33620666	SINE/MIR	450	-	84	33620581	19700
chr11	33600881	33800881	harbor2	chr11	33644543	33644668	SINE/MIR	482	-	62	33644605	43724
chr11	33600881	33800881	harbor2	chr11	33648888	33649135	SINE/MIR	866	-	124	33649012	48131
chr11	33600881	33800881	harbor2	chr11	33661272	33661509	SINE/MIR	728	-	118	33661390	60509
chr11	33600881	33800881	harbor2	chr11	33688491	33688712	SINE/MIR	900	-	110	33688601	87720
chr11	64142038	64342038	harbor2	chr11	64183305	64183441	SINE/MIR	576	-	68	64183373	41335
chr11	64142038	64342038	harbor2	chr11	64210060	64210138	SINE/MIR	413	-	39	64210099	68061
chr11	64142038	64342038	harbor2	chr11	64222859	64222955	SINE/MIR	413	-	48	64222907	80869
chr11	5180299	5380299	harbor2	chr11	5208088	5208308	SINE/MIR	421	-	110	5208198	27899
chr11	2056668	2256668	harbor2	chr11	2153893	2154087	SINE/MIR	507	-	97	2153990	97322
chr11	70740848	70940848	harbor2	chr11	70816190	70816335	SINE/MIR	407	-	72	70816262	75414
chr11	67369215	67569215	harbor2	chr11	67378100	67378141	SINE/MIR	629	-	20	67378120	8905
chr11	67369215	67569215	harbor2	chr11	67378452	67378639	SINE/MIR	629	-	94	67378546	9331
chr11	67369215	67569215	harbor2	chr11	67382306	67382531	SINE/MIR	405	-	112	67382418	13203
chr11	67369215	67569215	harbor2	chr11	67418110	67418229	SINE/MIR	409	-	60	67418170	48955
chr11	67369215	67569215	harbor2	chr11	67448600	67448762	SINE/MIR	610	-	81	67448681	79466
chr11	627177	827177	harbor2	chr11	686599	686782	SINE/MIR	500	-	92	686691	59514
chr11	63953820	64153820	harbor2	chr11	63987884	63988002	SINE/MIR	441	-	59	63987943	34123
chr11	63953820	64153820	harbor2	chr11	63988204	63988284	SINE/MIR	441	-	40	63988244	34424
chr11	63953820	64153820	harbor2	chr11	64017302	64017473	SINE/MIR	440	-	86	64017388	63568
chr11	63953820	64153820	harbor2	chr11	64024266	64024488	SINE/MIR	676	-	111	64024377	70557
chr11	63953820	64153820	harbor2	chr11	64035026	64035223	SINE/MIR	553	-	98	64035124	81304
chr11	63953820	64153820	harbor2	chr11	64043644	64043812	SINE/MIR	469	-	84	64043728	89908
chr11	63953820	64153820	harbor2	chr11	64044188	64044251	SINE/MIR	555	-	32	64044220	90400
chr11	63953820	64153820	harbor2	chr11	64044536	64044647	SINE/MIR	555	-	56	64044592	90772
chr11	63953820	64153820	harbor2	chr11	64045950	64046173	SINE/MIR	579	-	112	64046062	92242
chr11	63953820	64153820	harbor2	chr11	64047295	64047436	SINE/MIR	405	-	70	64047365	93545
chr11	63953820	64153820	harbor2	chr11	64048630	64048825	SINE/MIR	465	-	98	64048728	94908
chr11	126376674	126576674	harbor2	chr11	126384975	126385146	SINE/MIR	415	-	86	126385061	8387
chr11	126376674	126576674	harbor2	chr11	126460306	126460528	SINE/MIR	660	-	111	126460417	83743
chr11	126376674	126576674	harbor2	chr11	126469026	126469217	SINE/MIR	529	-	96	126469122	92448
chr11	126376674	126576674	harbor2	chr11	126474268	126474424	SINE/MIR	533	-	78	126474346	97672
chr11	67408273	67608273	harbor2	chr11	67418110	67418229	SINE/MIR	409	-	60	67418170	9897
chr11	67408273	67608273	harbor2	chr11	67448600	67448762	SINE/MIR	610	-	81	67448681	40408
chr11	67408273	67608273	harbor2	chr11	67484306	67484442	SINE/MIR	406	-	68	67484374	76101
chr11	74188388	74388388	harbor2	chr11	74196065	74196190	SINE/MIR	415	-	62	74196127	7739
chr11	74188388	74388388	harbor2	chr11	74197513	74197640	SINE/MIR	461	-	64	74197577	9189
chr11	74188388	74388388	harbor2	chr11	74206885	74207010	SINE/MIR	408	-	62	74206947	18559
chr11	74188388	74388388	harbor2	chr11	74229620	74229814	SINE/MIR	533	-	97	74229717	41329
chr11	74188388	74388388	harbor2	chr11	74237640	74237797	SINE/MIR	681	-	78	74237718	49330
chr11	74188388	74388388	harbor2	chr11	74240650	74240823	SINE/MIR	404	-	86	74240736	52348
chr11	74188388	74388388	harbor2	chr11	74240853	74241007	SINE/MIR	455	-	77	74240930	52542
chr11	74188388	74388388	harbor2	chr11	74258442	74258650	SINE/MIR	477	-	104	74258546	70158
chr11	74188388	74388388	harbor2	chr11	74270551	74270813	SINE/MIR	795	-	131	74270682	82294
chr11	5128063	5328063	harbor2	chr11	5168499	5168713	SINE/MIR	452	-	107	5168606	40543
chr11	5128063	5328063	harbor2	chr11	5208088	5208308	SINE/MIR	421	-	110	5208198	80135
chr11	5133681	5333681	harbor2	chr11	5168499	5168713	SINE/MIR	452	-	107	5168606	34925
chr11	5133681	5333681	harbor2	chr11	5208088	5208308	SINE/MIR	421	-	110	5208198	74517
chr11	57399755	57599755	harbor2	chr11	57400800	57401010	SINE/MIR	400	-	105	57400905	1150
chr11	57399755	57599755	harbor2	chr11	57401408	57401612	SINE/MIR	601	-	102	57401510	1755
chr11	57399755	57599755	harbor2	chr11	57406459	57406636	SINE/MIR	442	-	88	57406547	6792
chr11	57399755	57599755	harbor2	chr11	57419350	57419499	SINE/MIR	409	-	74	57419424	19669
chr11	57399755	57599755	harbor2	chr11	57431444	57431655	SINE/MIR	419	-	106	57431550	31795
chr11	57399755	57599755	harbor2	chr11	57431968	57431994	SINE/MIR	419	-	13	57431981	32226
chr11	57399755	57599755	harbor2	chr11	57433183	57433432	SINE/MIR	843	-	124	57433307	33552
chr11	57399755	57599755	harbor2	chr11	57473229	57473352	SINE/MIR	494	-	62	57473291	73536
chr11	57399755	57599755	harbor2	chr11	57475101	57475336	SINE/MIR	509	-	118	57475219	75464
chr11	57399755	57599755	harbor2	chr11	57475356	57475506	SINE/MIR	485	-	75	57475431	75676
chr11	57399755	57599755	harbor2	chr11	57475562	57475778	SINE/MIR	485	-	108	57475670	75915
chr11	57399755	57599755	harbor2	chr11	57493084	57493271	SINE/MIR	559	-	94	57493178	93423
chr11	57399755	57599755	harbor2	chr11	57493289	57493524	SINE/MIR	561	-	118	57493407	93652
chr11	65525168	65725168	harbor2	chr11	65568117	65568244	SINE/MIR	427	-	64	65568181	43013
chr11	65525168	65725168	harbor2	chr11	65608580	65608604	SINE/MIR	415	-	12	65608592	83424
chr11	65525168	65725168	harbor2	chr11	65608910	65609105	SINE/MIR	415	-	98	65609008	83840
chr11	5127169	5327169	harbor2	chr11	5168499	5168713	SINE/MIR	452	-	107	5168606	41437
chr11	5127169	5327169	harbor2	chr11	5208088	5208308	SINE/MIR	421	-	110	5208198	81029
chr11	492608	692608	harbor2	chr11	577122	577251	SINE/MIR	421	-	64	577186	84578
chr11	6519523	6719523	harbor2	chr11	6550080	6550310	SINE/MIR	536	-	115	6550195	30672
chr11	6519523	6719523	harbor2	chr11	6565421	6565601	SINE/MIR	880	-	90	6565511	45988
chr11	6519523	6719523	harbor2	chr11	6577797	6577954	SINE/MIR	768	-	78	6577875	58352
chr11	6519523	6719523	harbor2	chr11	6599253	6599466	SINE/MIR	618	-	106	6599359	79836
chr11	6519523	6719523	harbor2	chr11	6612979	6613200	SINE/MIR	449	-	110	6613089	93566
chr11	134094872	134294872	harbor2	chr11	134100650	134100868	SINE/MIR	496	-	109	134100759	5887
chr11	134094872	134294872	harbor2	chr11	134101728	134101798	SINE/MIR	417	-	35	134101763	6891
chr11	134094872	134294872	harbor2	chr11	134102060	134102195	SINE/MIR	417	-	68	134102128	7256
chr11	134094872	134294872	harbor2	chr11	134112555	134112782	SINE/MIR	572	-	114	134112669	17797
chr11	76580976	76780976	harbor2	chr11	76618259	76618488	SINE/MIR	685	-	114	76618373	37397
chr11	76580976	76780976	harbor2	chr11	76626415	76626663	SINE/MIR	607	-	124	76626539	45563
chr11	76580976	76780976	harbor2	chr11	76654307	76654444	SINE/MIR	432	-	68	76654375	73399
chr11	76580976	76780976	harbor2	chr11	76662356	76662555	SINE/MIR	416	-	100	76662456	81480
chr11	76580976	76780976	harbor2	chr11	76667118	76667344	SINE/MIR	664	-	113	76667231	86255
chr11	76580976	76780976	harbor2	chr11	76669447	76669690	SINE/MIR	689	-	122	76669569	88593
chr11	76580976	76780976	harbor2	chr11	76669704	76669860	SINE/MIR	483	-	78	76669782	88806
chr11	76580976	76780976	harbor2	chr11	76671447	76671573	SINE/MIR	403	-	63	76671510	90534
chr11	61396732	61596732	harbor2	chr11	61402094	61402300	SINE/MIR	431	-	103	61402197	5465
chr11	61396732	61596732	harbor2	chr11	61410488	61410712	SINE/MIR	513	-	112	61410600	13868
chr11	61396732	61596732	harbor2	chr11	61411292	61411526	SINE/MIR	737	-	117	61411409	14677
chr11	61396732	61596732	harbor2	chr11	61419599	61419768	SINE/MIR	574	-	84	61419683	22951
chr11	61396732	61596732	harbor2	chr11	61447270	61447469	SINE/MIR	591	-	100	61447370	50638
chr11	61396732	61596732	harbor2	chr11	61450321	61450557	SINE/MIR	750	-	118	61450439	53707
chr11	61396732	61596732	harbor2	chr11	61453562	61453730	SINE/MIR	448	-	84	61453646	56914
chr11	61396732	61596732	harbor2	chr11	61467056	61467277	SINE/MIR	622	-	110	61467166	70434
chr11	61396732	61596732	harbor2	chr11	61473951	61474197	SINE/MIR	568	-	123	61474074	77342
chr11	61396732	61596732	harbor2	chr11	61478547	61478750	SINE/MIR	579	-	102	61478649	81917
chr11	118813698	119013698	harbor2	chr11	118816800	118817001	SINE/MIR	902	-	100	118816900	3202
chr11	118813698	119013698	harbor2	chr11	118819512	118819692	SINE/MIR	519	-	90	118819602	5904
chr11	118813698	119013698	harbor2	chr11	118857939	118858097	SINE/MIR	591	-	79	118858018	44320
chr11	118813698	119013698	harbor2	chr11	118903670	118903870	SINE/MIR	511	-	100	118903770	90072
chr11	118813698	119013698	harbor2	chr11	118905016	118905104	SINE/MIR	400	-	44	118905060	91362
chr11	64996252	65196252	harbor2	chr11	65021075	65021260	SINE/MIR	694	-	92	65021167	24915
chr11	64996252	65196252	harbor2	chr11	65046608	65046748	SINE/MIR	424	-	70	65046678	50426
chr11	64996252	65196252	harbor2	chr11	65048759	65048902	SINE/MIR	682	-	72	65048831	52579
chr11	64996252	65196252	harbor2	chr11	65072888	65072935	SINE/MIR	779	-	24	65072912	76660
chr11	64996252	65196252	harbor2	chr11	65073245	65073416	SINE/MIR	779	-	86	65073331	77079
chr11	66182603	66382603	harbor2	chr11	66242616	66242783	SINE/MIR	484	-	84	66242700	60097
chr11	66182603	66382603	harbor2	chr11	66252215	66252276	SINE/MIR	488	-	30	66252245	69642
chr11	66182603	66382603	harbor2	chr11	66252563	66252747	SINE/MIR	488	-	92	66252655	70052
chr11	66182603	66382603	harbor2	chr11	66274306	66274495	SINE/MIR	525	-	94	66274400	91797
chr11	133740735	133940735	harbor2	chr11	133745396	133745601	SINE/MIR	437	-	102	133745498	4763
chr11	133740735	133940735	harbor2	chr11	133748170	133748368	SINE/MIR	421	-	99	133748269	7534
chr11	133740735	133940735	harbor2	chr11	133788188	133788405	SINE/MIR	513	-	108	133788296	47561
chr11	133740735	133940735	harbor2	chr11	133790116	133790317	SINE/MIR	505	-	100	133790216	49481
chr11	133740735	133940735	harbor2	chr11	133802293	133802406	SINE/MIR	490	-	56	133802349	61614
chr11	133740735	133940735	harbor2	chr11	133819853	133820096	SINE/MIR	605	-	122	133819975	79240
chr11	133740735	133940735	harbor2	chr11	133832005	133832219	SINE/MIR	453	-	107	133832112	91377
chr11	5191433	5391433	harbor2	chr11	5208088	5208308	SINE/MIR	421	-	110	5208198	16765
chr11	5191433	5391433	harbor2	chr11	5284503	5284601	SINE/MIR	446	-	49	5284552	93119
chr11	5191433	5391433	harbor2	chr11	5287055	5287173	SINE/MIR	501	-	59	5287114	95681
chr11	5191433	5391433	harbor2	chr11	5287449	5287576	SINE/MIR	501	-	64	5287513	96080
chr11	5134480	5334480	harbor2	chr11	5168499	5168713	SINE/MIR	452	-	107	5168606	34126
chr11	5134480	5334480	harbor2	chr11	5208088	5208308	SINE/MIR	421	-	110	5208198	73718
chr11	117457689	117657689	harbor2	chr11	117476955	117477177	SINE/MIR	493	-	111	117477066	19377
chr11	117457689	117657689	harbor2	chr11	117490559	117490769	SINE/MIR	572	-	105	117490664	32975
chr11	117457689	117657689	harbor2	chr11	117491241	117491464	SINE/MIR	803	-	112	117491353	33664
chr11	117457689	117657689	harbor2	chr11	117493971	117494121	SINE/MIR	495	-	75	117494046	36357
chr11	117457689	117657689	harbor2	chr11	117499341	117499533	SINE/MIR	435	-	96	117499437	41748
chr11	117457689	117657689	harbor2	chr11	117500419	117500666	SINE/MIR	655	-	124	117500543	42854
chr11	117457689	117657689	harbor2	chr11	117503250	117503453	SINE/MIR	528	-	102	117503352	45663
chr11	117457689	117657689	harbor2	chr11	117506297	117506475	SINE/MIR	440	-	89	117506386	48697
chr11	117457689	117657689	harbor2	chr11	117524470	117524674	SINE/MIR	541	-	102	117524572	66883
chr11	117457689	117657689	harbor2	chr11	117528999	117529067	SINE/MIR	508	-	34	117529033	71344
chr11	117457689	117657689	harbor2	chr11	117529378	117529579	SINE/MIR	508	-	100	117529478	71789
chr11	117457689	117657689	harbor2	chr11	117533221	117533400	SINE/MIR	403	-	90	117533311	75622
chr11	117457689	117657689	harbor2	chr11	117536899	117537109	SINE/MIR	590	-	105	117537004	79315
chr11	117457689	117657689	harbor2	chr11	117542677	117542909	SINE/MIR	548	-	116	117542793	85104
chr11	117457689	117657689	harbor2	chr11	117548178	117548331	SINE/MIR	403	-	76	117548254	90565
chr11	117457689	117657689	harbor2	chr11	117550162	117550379	SINE/MIR	690	-	108	117550270	92581
chr11	117457689	117657689	harbor2	chr11	117551346	117551519	SINE/MIR	408	-	86	117551432	93743
chr11	69540884	69740884	harbor2	chr11	69563639	69563811	SINE/MIR	658	-	86	69563725	22841
chr11	69540884	69740884	harbor2	chr11	69628102	69628323	SINE/MIR	559	-	110	69628212	87328
chr11	69540884	69740884	harbor2	chr11	69635335	69635476	SINE/MIR	445	-	70	69635405	94521
chr11	119646005	119846005	harbor2	chr11	119646511	119646738	SINE/MIR	431	-	114	119646625	620
chr11	119646005	119846005	harbor2	chr11	119673504	119673666	SINE/MIR	502	-	81	119673585	27580
chr11	119646005	119846005	harbor2	chr11	119692613	119692835	SINE/MIR	703	-	111	119692724	46719
chr11	119646005	119846005	harbor2	chr11	119697542	119697770	SINE/MIR	486	-	114	119697656	51651
chr11	119646005	119846005	harbor2	chr11	119699682	119699868	SINE/MIR	435	-	93	119699775	53770
chr11	119646005	119846005	harbor2	chr11	119722863	119722970	SINE/MIR	582	-	54	119722917	76912
chr11	119646005	119846005	harbor2	chr11	119723242	119723358	SINE/MIR	582	-	58	119723300	77295
chr11	119646005	119846005	harbor2	chr11	119738986	119739120	SINE/MIR	550	-	67	119739053	93048
chr11	119646005	119846005	harbor2	chr11	119743756	119743974	SINE/MIR	811	-	109	119743865	97860
chr11	66182673	66382673	harbor2	chr11	66242616	66242783	SINE/MIR	484	-	84	66242700	60027
chr11	66182673	66382673	harbor2	chr11	66252215	66252276	SINE/MIR	488	-	30	66252245	69572
chr11	66182673	66382673	harbor2	chr11	66252563	66252747	SINE/MIR	488	-	92	66252655	69982
chr11	66182673	66382673	harbor2	chr11	66274306	66274495	SINE/MIR	525	-	94	66274400	91727
chr11	62571717	62771717	harbor2	chr11	62586193	62586338	SINE/MIR	525	-	72	62586265	14548
chr11	62571717	62771717	harbor2	chr11	62606313	62606511	SINE/MIR	452	-	99	62606412	34695
chr11	62571717	62771717	harbor2	chr11	62642861	62642998	SINE/MIR	403	-	68	62642929	71212
chr11	62571717	62771717	harbor2	chr11	62651444	62651578	SINE/MIR	415	-	67	62651511	79794
chr11	62571717	62771717	harbor2	chr11	62670372	62670548	SINE/MIR	492	-	88	62670460	98743
chr11	68028552	68228552	harbor2	chr11	68046901	68047002	SINE/MIR	478	-	50	68046951	18399
chr11	68028552	68228552	harbor2	chr11	68048240	68048284	SINE/MIR	414	-	22	68048262	19710
chr11	68028552	68228552	harbor2	chr11	68048594	68048714	SINE/MIR	414	-	60	68048654	20102
chr11	6201662	6401662	harbor2	chr11	6227173	6227381	SINE/MIR	698	-	104	6227277	25615
chr11	6201662	6401662	harbor2	chr11	6242082	6242261	SINE/MIR	814	-	90	6242172	40510
chr11	6201662	6401662	harbor2	chr11	6249696	6249874	SINE/MIR	492	-	89	6249785	48123
chr11	6201662	6401662	harbor2	chr11	6278601	6278679	SINE/MIR	412	-	39	6278640	76978
chr11	76599762	76799762	harbor2	chr11	76618259	76618488	SINE/MIR	685	-	114	76618373	18611
chr11	76599762	76799762	harbor2	chr11	76626415	76626663	SINE/MIR	607	-	124	76626539	26777
chr11	76599762	76799762	harbor2	chr11	76654307	76654444	SINE/MIR	432	-	68	76654375	54613
chr11	76599762	76799762	harbor2	chr11	76662356	76662555	SINE/MIR	416	-	100	76662456	62694
chr11	76599762	76799762	harbor2	chr11	76667118	76667344	SINE/MIR	664	-	113	76667231	67469
chr11	76599762	76799762	harbor2	chr11	76669447	76669690	SINE/MIR	689	-	122	76669569	69807
chr11	76599762	76799762	harbor2	chr11	76669704	76669860	SINE/MIR	483	-	78	76669782	70020
chr11	76599762	76799762	harbor2	chr11	76671447	76671573	SINE/MIR	403	-	63	76671510	71748
chr11	76599762	76799762	harbor2	chr11	76694703	76694851	SINE/MIR	503	-	74	76694777	95015
chr11	76599762	76799762	harbor2	chr11	76699163	76699386	SINE/MIR	735	-	112	76699275	99513
chr11	62588670	62788670	harbor2	chr11	62606313	62606511	SINE/MIR	452	-	99	62606412	17742
chr11	62588670	62788670	harbor2	chr11	62642861	62642998	SINE/MIR	403	-	68	62642929	54259
chr11	62588670	62788670	harbor2	chr11	62651444	62651578	SINE/MIR	415	-	67	62651511	62841
chr11	62588670	62788670	harbor2	chr11	62670372	62670548	SINE/MIR	492	-	88	62670460	81790
chr11	124700459	124900459	harbor2	chr11	124720767	124720980	SINE/MIR	591	-	106	124720873	20414
chr11	124700459	124900459	harbor2	chr11	124741215	124741367	SINE/MIR	497	-	76	124741291	40832
chr11	124700459	124900459	harbor2	chr11	124744282	124744461	SINE/MIR	570	-	90	124744372	43913
chr11	76580924	76780924	harbor2	chr11	76618259	76618488	SINE/MIR	685	-	114	76618373	37449
chr11	76580924	76780924	harbor2	chr11	76626415	76626663	SINE/MIR	607	-	124	76626539	45615
chr11	76580924	76780924	harbor2	chr11	76654307	76654444	SINE/MIR	432	-	68	76654375	73451
chr11	76580924	76780924	harbor2	chr11	76662356	76662555	SINE/MIR	416	-	100	76662456	81532
chr11	76580924	76780924	harbor2	chr11	76667118	76667344	SINE/MIR	664	-	113	76667231	86307
chr11	76580924	76780924	harbor2	chr11	76669447	76669690	SINE/MIR	689	-	122	76669569	88645
chr11	76580924	76780924	harbor2	chr11	76669704	76669860	SINE/MIR	483	-	78	76669782	88858
chr11	76580924	76780924	harbor2	chr11	76671447	76671573	SINE/MIR	403	-	63	76671510	90586
chr11	57579843	57779843	harbor2	chr11	57611990	57612223	SINE/MIR	545	-	116	57612106	32263
chr11	57579843	57779843	harbor2	chr11	57641391	57641582	SINE/MIR	461	-	96	57641487	61644
chr11	57579843	57779843	harbor2	chr11	57656701	57656811	SINE/MIR	403	-	55	57656756	76913
chr12	121712007	121912007	harbor2	chr12	121788054	121788209	SINE/MIR	710	-	78	121788132	76125
chr12	62967049	63167049	harbor2	chr12	62967554	62967789	SINE/MIR	697	-	118	62967672	623
chr12	62967049	63167049	harbor2	chr12	63013818	63014052	SINE/MIR	953	-	117	63013935	46886
chr12	62967049	63167049	harbor2	chr12	63035578	63035781	SINE/MIR	775	-	102	63035680	68631
chr12	62967049	63167049	harbor2	chr12	63051076	63051273	SINE/MIR	636	-	98	63051174	84125
chr12	62967049	63167049	harbor2	chr12	63051353	63051583	SINE/MIR	702	-	115	63051468	84419
chr12	57104810	57304810	harbor2	chr12	57109275	57109477	SINE/MIR	659	-	101	57109376	4566
chr12	57104810	57304810	harbor2	chr12	57190322	57190541	SINE/MIR	654	-	110	57190432	85622
chr12	49267227	49467227	harbor2	chr12	49340767	49340959	SINE/MIR	583	-	96	49340863	73636
chr12	109780548	109980548	harbor2	chr12	109796101	109796322	SINE/MIR	692	-	110	109796211	15663
chr12	109780548	109980548	harbor2	chr12	109797810	109798022	SINE/MIR	656	-	106	109797916	17368
chr12	109780548	109980548	harbor2	chr12	109798233	109798251	SINE/MIR	656	-	9	109798242	17694
chr12	109780548	109980548	harbor2	chr12	109817981	109818122	SINE/MIR	739	-	70	109818051	37503
chr12	109780548	109980548	harbor2	chr12	109818394	109818518	SINE/MIR	643	-	62	109818456	37908
chr12	109780548	109980548	harbor2	chr12	109844945	109845131	SINE/MIR	601	-	93	109845038	64490
chr12	109780548	109980548	harbor2	chr12	109857796	109857955	SINE/MIR	589	-	80	109857876	77328
chr12	49268103	49468103	harbor2	chr12	49340767	49340959	SINE/MIR	583	-	96	49340863	72760
chr12	6863231	7063231	harbor2	chr12	6903589	6903820	SINE/MIR	680	-	116	6903705	40474
chr12	6863231	7063231	harbor2	chr12	6961639	6961792	SINE/MIR	619	-	76	6961715	98484
chr12	118276406	118476406	harbor2	chr12	118355775	118355943	SINE/MIR	778	-	84	118355859	79453
chr12	133030495	133230495	harbor2	chr12	133048351	133048601	SINE/MIR	878	-	125	133048476	17981
chr12	6864781	7064781	harbor2	chr12	6903589	6903820	SINE/MIR	680	-	116	6903705	38924
chr12	6864781	7064781	harbor2	chr12	6961639	6961792	SINE/MIR	619	-	76	6961715	96934
chr12	6863232	7063232	harbor2	chr12	6903589	6903820	SINE/MIR	680	-	116	6903705	40473
chr12	6863232	7063232	harbor2	chr12	6961639	6961792	SINE/MIR	619	-	76	6961715	98483
chr12	2592290	2792290	harbor2	chr12	2600851	2601106	SINE/MIR	761	-	128	2600979	8689
chr12	2592290	2792290	harbor2	chr12	2608212	2608425	SINE/MIR	931	-	106	2608318	16028
chr12	2592290	2792290	harbor2	chr12	2629496	2629688	SINE/MIR	657	-	96	2629592	37302
chr12	2592290	2792290	harbor2	chr12	2653175	2653353	SINE/MIR	698	-	89	2653264	60974
chr12	49484425	49684425	harbor2	chr12	49536916	49537087	SINE/MIR	699	-	86	49537002	52577
chr12	2591481	2791481	harbor2	chr12	2600851	2601106	SINE/MIR	761	-	128	2600979	9498
chr12	2591481	2791481	harbor2	chr12	2608212	2608425	SINE/MIR	931	-	106	2608318	16837
chr12	2591481	2791481	harbor2	chr12	2629496	2629688	SINE/MIR	657	-	96	2629592	38111
chr12	2591481	2791481	harbor2	chr12	2653175	2653353	SINE/MIR	698	-	89	2653264	61783
chr12	49490552	49690552	harbor2	chr12	49536916	49537087	SINE/MIR	699	-	86	49537002	46450
chr12	6862957	7062957	harbor2	chr12	6903589	6903820	SINE/MIR	680	-	116	6903705	40748
chr12	6862957	7062957	harbor2	chr12	6961639	6961792	SINE/MIR	619	-	76	6961715	98758
chr12	67170399	67370399	harbor2	chr12	67252150	67252319	SINE/MIR	597	-	84	67252234	81835
chr12	49267993	49467993	harbor2	chr12	49340767	49340959	SINE/MIR	583	-	96	49340863	72870
chr12	49268819	49468819	harbor2	chr12	49340767	49340959	SINE/MIR	583	-	96	49340863	72044
chr12	51140362	51340362	harbor2	chr12	51143536	51143762	SINE/MIR	776	-	113	51143649	3287
chr12	51140362	51340362	harbor2	chr12	51179781	51180016	SINE/MIR	764	-	118	51179899	39537
chr12	49268101	49468101	harbor2	chr12	49340767	49340959	SINE/MIR	583	-	96	49340863	72762
chr12	49267230	49467230	harbor2	chr12	49340767	49340959	SINE/MIR	583	-	96	49340863	73633
chr12	49460462	49660462	harbor2	chr12	49536916	49537087	SINE/MIR	699	-	86	49537002	76540
chr12	52767744	52967744	harbor2	chr12	52775757	52775968	SINE/MIR	763	-	106	52775863	8119
chr12	52767744	52967744	harbor2	chr12	52811256	52811496	SINE/MIR	625	-	120	52811376	43632
chr12	52767744	52967744	harbor2	chr12	52816332	52816545	SINE/MIR	597	-	106	52816438	48694
chr12	52767744	52967744	harbor2	chr12	52820987	52821149	SINE/MIR	754	-	81	52821068	53324
chr12	52767744	52967744	harbor2	chr12	52837886	52838019	SINE/MIR	575	-	66	52837952	70208
chr12	52767744	52967744	harbor2	chr12	52856709	52856928	SINE/MIR	608	-	110	52856819	89075
chr12	6863195	7063195	harbor2	chr12	6903589	6903820	SINE/MIR	680	-	116	6903705	40510
chr12	6863195	7063195	harbor2	chr12	6961639	6961792	SINE/MIR	619	-	76	6961715	98520
chr12	49267981	49467981	harbor2	chr12	49340767	49340959	SINE/MIR	583	-	96	49340863	72882
chr12	49466948	49666948	harbor2	chr12	49536916	49537087	SINE/MIR	699	-	86	49537002	70054
chr12	49268099	49468099	harbor2	chr12	49340767	49340959	SINE/MIR	583	-	96	49340863	72764
chr12	116779945	116979945	harbor2	chr12	116783872	116784138	SINE/MIR	877	-	133	116784005	4060
chr12	116779945	116979945	harbor2	chr12	116807389	116807598	SINE/MIR	812	-	104	116807493	27548
chr12	116779945	116979945	harbor2	chr12	116823787	116824030	SINE/MIR	1183	-	122	116823909	43964
chr12	116779945	116979945	harbor2	chr12	116834811	116834850	SINE/MIR	628	-	20	116834831	54886
chr12	116779945	116979945	harbor2	chr12	116835150	116835296	SINE/MIR	628	-	73	116835223	55278
chr12	116779945	116979945	harbor2	chr12	116869505	116869662	SINE/MIR	611	-	78	116869583	89638
chr12	119889846	120089846	harbor2	chr12	119982358	119982378	SINE/MIR	665	-	10	119982368	92522
chr12	119889846	120089846	harbor2	chr12	119982691	119982868	SINE/MIR	665	-	88	119982779	92933
chr12	21402003	21602003	harbor2	chr12	21434714	21434924	SINE/MIR	622	-	105	21434819	32816
chr12	21402003	21602003	harbor2	chr12	21451472	21451677	SINE/MIR	665	-	102	21451574	49571
chr12	110181171	110381171	harbor2	chr12	110225066	110225254	SINE/MIR	767	-	94	110225160	43989
chr12	49267239	49467239	harbor2	chr12	49340767	49340959	SINE/MIR	583	-	96	49340863	73624
chr12	57144828	57344828	harbor2	chr12	57190322	57190541	SINE/MIR	654	-	110	57190432	45604
chr12	30881310	31081310	harbor2	chr12	30953180	30953442	SINE/MIR	961	-	131	30953311	72001
chr12	92828979	93028979	harbor2	chr12	92924515	92924693	SINE/MIR	622	-	89	92924604	95625
chr12	102856603	103056603	harbor2	chr12	102879948	102880091	SINE/MIR	619	-	72	102880020	23417
chr12	102856603	103056603	harbor2	chr12	102884810	102884994	SINE/MIR	704	-	92	102884902	28299
chr12	102856603	103056603	harbor2	chr12	102906691	102906811	SINE/MIR	632	-	60	102906751	50148
chr12	102856603	103056603	harbor2	chr12	102912522	102912724	SINE/MIR	736	-	101	102912623	56020
chr12	102856603	103056603	harbor2	chr12	102914291	102914523	SINE/MIR	771	-	116	102914407	57804
chr12	49267955	49467955	harbor2	chr12	49340767	49340959	SINE/MIR	583	-	96	49340863	72908
chr12	56884786	57084786	harbor2	chr12	56928908	56929114	SINE/MIR	895	-	103	56929011	44225
chr12	52270576	52470576	harbor2	chr12	52285037	52285278	SINE/MIR	718	-	120	52285157	14581
chr12	52270576	52470576	harbor2	chr12	52293206	52293410	SINE/MIR	700	-	102	52293308	22732
chr12	52270576	52470576	harbor2	chr12	52295197	52295413	SINE/MIR	639	-	108	52295305	24729
chr12	52270576	52470576	harbor2	chr12	52298523	52298773	SINE/MIR	1106	-	125	52298648	28072
chr12	52270576	52470576	harbor2	chr12	52352414	52352659	SINE/MIR	1060	-	122	52352536	81960
chr12	49268838	49468838	harbor2	chr12	49340767	49340959	SINE/MIR	583	-	96	49340863	72025
chr12	57102487	57302487	harbor2	chr12	57109275	57109477	SINE/MIR	659	-	101	57109376	6889
chr12	57102487	57302487	harbor2	chr12	57190322	57190541	SINE/MIR	654	-	110	57190432	87945
chr12	121197141	121397141	harbor2	chr12	121215220	121215428	SINE/MIR	747	-	104	121215324	18183
chr12	121197141	121397141	harbor2	chr12	121216851	121217034	SINE/MIR	649	-	92	121216943	19802
chr12	6363187	6563187	harbor2	chr12	6370139	6370326	SINE/MIR	701	-	94	6370233	7046
chr12	6363187	6563187	harbor2	chr12	6386939	6387149	SINE/MIR	716	-	105	6387044	23857
chr12	6363187	6563187	harbor2	chr12	6391697	6391913	SINE/MIR	909	-	108	6391805	28618
chr12	6870704	7070704	harbor2	chr12	6903589	6903820	SINE/MIR	680	-	116	6903705	33001
chr12	6870704	7070704	harbor2	chr12	6961639	6961792	SINE/MIR	619	-	76	6961715	91011
chr12	92366739	92566739	harbor2	chr12	92368880	92369106	SINE/MIR	630	-	113	92368993	2254
chr12	92366739	92566739	harbor2	chr12	92377149	92377378	SINE/MIR	929	-	114	92377263	10524
chr12	92366739	92566739	harbor2	chr12	92398276	92398470	SINE/MIR	623	-	97	92398373	31634
chr12	92366739	92566739	harbor2	chr12	92444529	92444769	SINE/MIR	982	-	120	92444649	77910
chr12	92366739	92566739	harbor2	chr12	92463131	92463329	SINE/MIR	613	-	99	92463230	96491
chr12	49267136	49467136	harbor2	chr12	49340767	49340959	SINE/MIR	583	-	96	49340863	73727
chr12	49010203	49210203	harbor2	chr12	49013544	49013738	SINE/MIR	708	-	97	49013641	3438
chr12	49010203	49210203	harbor2	chr12	49062933	49063111	SINE/MIR	642	-	89	49063022	52819
chr12	107508160	107708160	harbor2	chr12	107512784	107513043	SINE/MIR	933	-	130	107512914	4754
chr12	107508160	107708160	harbor2	chr12	107514944	107515204	SINE/MIR	614	-	130	107515074	6914
chr12	107508160	107708160	harbor2	chr12	107553243	107553416	SINE/MIR	664	-	86	107553329	45169
chr12	107508160	107708160	harbor2	chr12	107556013	107556095	SINE/MIR	619	-	41	107556054	47894
chr12	107508160	107708160	harbor2	chr12	107556390	107556540	SINE/MIR	717	-	75	107556465	48305
chr12	107508160	107708160	harbor2	chr12	107557647	107557887	SINE/MIR	1025	-	120	107557767	49607
chr12	107508160	107708160	harbor2	chr12	107558697	107558940	SINE/MIR	612	-	122	107558819	50659
chr12	107508160	107708160	harbor2	chr12	107571142	107571366	SINE/MIR	804	-	112	107571254	63094
chr12	107508160	107708160	harbor2	chr12	107575349	107575437	SINE/MIR	905	-	44	107575393	67233
chr12	107508160	107708160	harbor2	chr12	107575897	107576060	SINE/MIR	905	-	82	107575979	67819
chr12	107508160	107708160	harbor2	chr12	107582214	107582453	SINE/MIR	944	-	120	107582334	74174
chr12	107508160	107708160	harbor2	chr12	107598714	107598915	SINE/MIR	613	-	100	107598814	90654
chr12	107508160	107708160	harbor2	chr12	107601052	107601280	SINE/MIR	570	-	114	107601166	93006
chr12	107508160	107708160	harbor2	chr12	107602455	107602689	SINE/MIR	744	-	117	107602572	94412
chr12	32006641	32206641	harbor2	chr12	32077728	32077964	SINE/MIR	607	-	118	32077846	71205
chr12	121712068	121912068	harbor2	chr12	121788054	121788209	SINE/MIR	710	-	78	121788132	76064
chr12	49268155	49468155	harbor2	chr12	49340767	49340959	SINE/MIR	583	-	96	49340863	72708
chr12	109618832	109818832	harbor2	chr12	109672206	109672401	SINE/MIR	710	-	98	109672304	53472
chr12	109618832	109818832	harbor2	chr12	109679182	109679411	SINE/MIR	584	-	114	109679296	60464
chr12	109618832	109818832	harbor2	chr12	109680686	109680888	SINE/MIR	579	-	101	109680787	61955
chr12	109618832	109818832	harbor2	chr12	109684205	109684417	SINE/MIR	583	-	106	109684311	65479
chr12	109618832	109818832	harbor2	chr12	109700548	109700745	SINE/MIR	694	-	98	109700646	81814
chr12	109618832	109818832	harbor2	chr12	109702867	109703070	SINE/MIR	680	-	102	109702969	84137
chr12	109618832	109818832	harbor2	chr12	109712504	109712709	SINE/MIR	646	-	102	109712606	93774
chr12	122735461	122935461	harbor2	chr12	122776090	122776313	SINE/MIR	739	-	112	122776202	40741
chr12	6863214	7063214	harbor2	chr12	6903589	6903820	SINE/MIR	680	-	116	6903705	40491
chr12	6863214	7063214	harbor2	chr12	6961639	6961792	SINE/MIR	619	-	76	6961715	98501
chr12	6864775	7064775	harbor2	chr12	6903589	6903820	SINE/MIR	680	-	116	6903705	38930
chr12	6864775	7064775	harbor2	chr12	6961639	6961792	SINE/MIR	619	-	76	6961715	96940
chr12	94973026	95173026	harbor2	chr12	95024242	95024462	SINE/MIR	771	-	110	95024352	51326
chr12	120614111	120814111	harbor2	chr12	120621424	120621678	SINE/MIR	840	-	127	120621551	7440
chr12	120614111	120814111	harbor2	chr12	120647210	120647386	SINE/MIR	748	-	88	120647298	33187
chr12	120614111	120814111	harbor2	chr12	120647514	120647559	SINE/MIR	748	-	22	120647536	33425
chr12	120614111	120814111	harbor2	chr12	120653266	120653487	SINE/MIR	756	-	110	120653376	39265
chr12	120614111	120814111	harbor2	chr12	120656465	120656613	SINE/MIR	794	-	74	120656539	42428
chr12	120614111	120814111	harbor2	chr12	120656918	120657030	SINE/MIR	794	-	56	120656974	42863
chr12	120614111	120814111	harbor2	chr12	120657290	120657517	SINE/MIR	652	-	114	120657404	43293
chr12	120614111	120814111	harbor2	chr12	120663611	120663823	SINE/MIR	785	-	106	120663717	49606
chr12	120614111	120814111	harbor2	chr12	120678563	120678733	SINE/MIR	593	-	85	120678648	64537
chr12	120614111	120814111	harbor2	chr12	120679111	120679291	SINE/MIR	599	-	90	120679201	65090
chr12	120614111	120814111	harbor2	chr12	120703897	120704120	SINE/MIR	604	-	112	120704009	89898
chr12	49268224	49468224	harbor2	chr12	49340767	49340959	SINE/MIR	583	-	96	49340863	72639
chr12	6863226	7063226	harbor2	chr12	6903589	6903820	SINE/MIR	680	-	116	6903705	40479
chr12	6863226	7063226	harbor2	chr12	6961639	6961792	SINE/MIR	619	-	76	6961715	98489
chr13	39962056	40162056	harbor2	chr13	39964010	39964143	SINE/MIR	433	-	66	39964076	2020
chr13	39962056	40162056	harbor2	chr13	40013094	40013273	SINE/MIR	463	-	90	40013184	51128
chr13	39962056	40162056	harbor2	chr13	40044569	40044690	SINE/MIR	452	-	60	40044629	82573
chr13	39962056	40162056	harbor2	chr13	40047300	40047521	SINE/MIR	650	-	110	40047410	85354
chr13	39962056	40162056	harbor2	chr13	40050854	40051083	SINE/MIR	457	-	114	40050968	88912
chr13	39962056	40162056	harbor2	chr13	40051588	40051727	SINE/MIR	440	-	70	40051658	89602
chr13	20315477	20515477	harbor2	chr13	20410692	20410923	SINE/MIR	760	-	116	20410808	95331
chr13	72960669	73160669	harbor2	chr13	73017839	73018068	SINE/MIR	658	-	114	73017953	57284
chr13	75382379	75582379	harbor2	chr13	75385653	75385797	SINE/MIR	617	-	72	75385725	3346
chr13	75382379	75582379	harbor2	chr13	75444889	75445126	SINE/MIR	597	-	118	75445007	62628
chr13	75382379	75582379	harbor2	chr13	75464996	75465232	SINE/MIR	707	-	118	75465114	82735
chr13	30104569	30304569	harbor2	chr13	30125294	30125466	SINE/MIR	675	-	86	30125380	20811
chr13	30104569	30304569	harbor2	chr13	30127344	30127584	SINE/MIR	669	-	120	30127464	22895
chr13	30104569	30304569	harbor2	chr13	30131170	30131337	SINE/MIR	573	-	84	30131254	26685
chr13	30104569	30304569	harbor2	chr13	30134484	30134713	SINE/MIR	663	-	114	30134598	30029
chr13	30104569	30304569	harbor2	chr13	30136452	30136662	SINE/MIR	611	-	105	30136557	31988
chr13	30104569	30304569	harbor2	chr13	30141454	30141607	SINE/MIR	440	-	76	30141530	36961
chr13	30104569	30304569	harbor2	chr13	30154825	30155059	SINE/MIR	586	-	117	30154942	50373
chr13	30104569	30304569	harbor2	chr13	30180532	30180770	SINE/MIR	895	-	119	30180651	76082
chr13	30104569	30304569	harbor2	chr13	30195173	30195361	SINE/MIR	716	-	94	30195267	90698
chr13	72960985	73160985	harbor2	chr13	73017839	73018068	SINE/MIR	658	-	114	73017953	56968
chr13	51353413	51553413	harbor2	chr13	51353344	51353566	SINE/MIR	739	-	111	51353455	42
chr13	51353413	51553413	harbor2	chr13	51390803	51390998	SINE/MIR	734	-	98	51390901	37488
chr13	51353413	51553413	harbor2	chr13	51401587	51401835	SINE/MIR	710	-	124	51401711	48298
chr13	51353413	51553413	harbor2	chr13	51402162	51402283	SINE/MIR	494	-	60	51402222	48809
chr13	51353413	51553413	harbor2	chr13	51413444	51413590	SINE/MIR	541	-	73	51413517	60104
chr13	51353413	51553413	harbor2	chr13	51428979	51429193	SINE/MIR	625	-	107	51429086	75673
chr13	51353413	51553413	harbor2	chr13	51441005	51441235	SINE/MIR	596	-	115	51441120	87707
chr13	109557876	109757876	harbor2	chr13	109588751	109588962	SINE/MIR	684	-	106	109588857	30981
chr13	109557876	109757876	harbor2	chr13	109652849	109653053	SINE/MIR	489	-	102	109652951	95075
chr13	20317804	20517804	harbor2	chr13	20410692	20410923	SINE/MIR	760	-	116	20410808	93004
chr13	100574883	100774883	harbor2	chr13	100614572	100614726	SINE/MIR	612	-	77	100614649	39766
chr13	71672155	71872155	harbor2	chr13	71691344	71691560	SINE/MIR	659	-	108	71691452	19297
chr13	71672155	71872155	harbor2	chr13	71715017	71715194	SINE/MIR	526	-	88	71715105	42950
chr13	71672155	71872155	harbor2	chr13	71763117	71763346	SINE/MIR	666	-	114	71763231	91076
chr13	71672155	71872155	harbor2	chr13	71696238	71696460	SINE/MIR	525	-	111	71696349	24194
chr13	20327632	20527632	harbor2	chr13	20410692	20410923	SINE/MIR	760	-	116	20410808	83176
chr13	19858665	20058665	harbor2	chr13	19939770	19939901	SINE/MIR	450	-	66	19939836	81171
chr13	19858665	20058665	harbor2	chr13	19955272	19955516	SINE/MIR	533	-	122	19955394	96729
chr13	20344110	20544110	harbor2	chr13	20410692	20410923	SINE/MIR	760	-	116	20410808	66698
chr13	100574737	100774737	harbor2	chr13	100614572	100614726	SINE/MIR	612	-	77	100614649	39912
chr13	49768516	49968516	harbor2	chr13	49802141	49802316	SINE/MIR	568	-	88	49802229	33713
chr13	49768516	49968516	harbor2	chr13	49807107	49807343	SINE/MIR	877	-	118	49807225	38709
chr13	49768516	49968516	harbor2	chr13	49810795	49810952	SINE/MIR	509	-	78	49810873	42357
chr13	49768516	49968516	harbor2	chr13	49832975	49833120	SINE/MIR	606	-	72	49833047	64531
chr13	49768516	49968516	harbor2	chr13	49845367	49845585	SINE/MIR	499	-	109	49845476	76960
chr13	20317117	20517117	harbor2	chr13	20410692	20410923	SINE/MIR	760	-	116	20410808	93691
chr13	111559128	111759128	harbor2	chr13	111617208	111617436	SINE/MIR	425	-	114	111617322	58194
chr13	111559128	111759128	harbor2	chr13	111655197	111655429	SINE/MIR	651	-	116	111655313	96185
chr13	20342080	20542080	harbor2	chr13	20410692	20410923	SINE/MIR	760	-	116	20410808	68728
chr14	52595606	52795606	harbor2	chr14	52646587	52646810	SINE/MIR	590	-	112	52646699	51093
chr14	67142039	67342039	harbor2	chr14	67167743	67167936	SINE/MIR	439	-	96	67167839	25800
chr14	67142039	67342039	harbor2	chr14	67183334	67183544	SINE/MIR	819	-	105	67183439	41400
chr14	67142039	67342039	harbor2	chr14	67228974	67229175	SINE/MIR	669	-	100	67229074	87035
chr14	67142039	67342039	harbor2	chr14	67234024	67234234	SINE/MIR	880	-	105	67234129	92090
chr14	90283137	90483137	harbor2	chr14	90302025	90302204	SINE/MIR	462	-	90	90302115	18978
chr14	90283137	90483137	harbor2	chr14	90310085	90310251	SINE/MIR	505	-	83	90310168	27031
chr14	90283137	90483137	harbor2	chr14	90320738	90320903	SINE/MIR	609	-	82	90320820	37683
chr14	95435240	95635240	harbor2	chr14	95454381	95454512	SINE/MIR	433	-	66	95454447	19207
chr14	95435240	95635240	harbor2	chr14	95457690	95457931	SINE/MIR	773	-	120	95457810	22570
chr14	95435240	95635240	harbor2	chr14	95467202	95467413	SINE/MIR	623	-	106	95467308	32068
chr14	95435240	95635240	harbor2	chr14	95474894	95475073	SINE/MIR	563	-	90	95474984	39744
chr14	95435240	95635240	harbor2	chr14	95482726	95482982	SINE/MIR	513	-	128	95482854	47614
chr14	95435240	95635240	harbor2	chr14	95490435	95490591	SINE/MIR	455	-	78	95490513	55273
chr14	95435240	95635240	harbor2	chr14	95493235	95493501	SINE/MIR	637	-	133	95493368	58128
chr14	95435240	95635240	harbor2	chr14	95503320	95503494	SINE/MIR	540	-	87	95503407	68167
chr14	95435240	95635240	harbor2	chr14	95506747	95506897	SINE/MIR	500	-	75	95506822	71582
chr14	95435240	95635240	harbor2	chr14	95514532	95514746	SINE/MIR	476	-	107	95514639	79399
chr14	95435240	95635240	harbor2	chr14	95522881	95523097	SINE/MIR	715	-	108	95522989	87749
chr14	67142840	67342840	harbor2	chr14	67167743	67167936	SINE/MIR	439	-	96	67167839	24999
chr14	67142840	67342840	harbor2	chr14	67183334	67183544	SINE/MIR	819	-	105	67183439	40599
chr14	67142840	67342840	harbor2	chr14	67228974	67229175	SINE/MIR	669	-	100	67229074	86234
chr14	67142840	67342840	harbor2	chr14	67234024	67234234	SINE/MIR	880	-	105	67234129	91289
chr14	75886299	76086299	harbor2	chr14	75903003	75903228	SINE/MIR	729	-	112	75903115	16816
chr14	75886299	76086299	harbor2	chr14	75917252	75917381	SINE/MIR	465	-	64	75917316	31017
chr14	75886299	76086299	harbor2	chr14	75938535	75938704	SINE/MIR	539	-	84	75938619	52320
chr14	75886299	76086299	harbor2	chr14	75967686	75967860	SINE/MIR	674	-	87	75967773	81474
chr14	75886299	76086299	harbor2	chr14	75975550	75975712	SINE/MIR	614	-	81	75975631	89332
chr14	75886299	76086299	harbor2	chr14	75983309	75983464	SINE/MIR	531	-	78	75983387	97088
chr14	67141953	67341953	harbor2	chr14	67167743	67167936	SINE/MIR	439	-	96	67167839	25886
chr14	67141953	67341953	harbor2	chr14	67183334	67183544	SINE/MIR	819	-	105	67183439	41486
chr14	67141953	67341953	harbor2	chr14	67228974	67229175	SINE/MIR	669	-	100	67229074	87121
chr14	67141953	67341953	harbor2	chr14	67234024	67234234	SINE/MIR	880	-	105	67234129	92176
chr14	100281320	100481320	harbor2	chr14	100321723	100321875	SINE/MIR	505	-	76	100321799	40479
chr14	100281320	100481320	harbor2	chr14	100347985	100348200	SINE/MIR	557	-	108	100348093	66773
chr14	100281320	100481320	harbor2	chr14	100354026	100354277	SINE/MIR	706	-	126	100354152	72832
chr14	100281320	100481320	harbor2	chr14	100361960	100362148	SINE/MIR	669	-	94	100362054	80734
chr14	100281320	100481320	harbor2	chr14	100370572	100370711	SINE/MIR	708	-	70	100370642	89322
chr14	100281320	100481320	harbor2	chr14	100370963	100371064	SINE/MIR	708	-	50	100371013	89693
chr14	67141295	67341295	harbor2	chr14	67167743	67167936	SINE/MIR	439	-	96	67167839	26544
chr14	67141295	67341295	harbor2	chr14	67183334	67183544	SINE/MIR	819	-	105	67183439	42144
chr14	67141295	67341295	harbor2	chr14	67228974	67229175	SINE/MIR	669	-	100	67229074	87779
chr14	67141295	67341295	harbor2	chr14	67234024	67234234	SINE/MIR	880	-	105	67234129	92834
chr14	67141295	67341295	harbor2	chr14	67141475	67141707	SINE/MIR	938	-	116	67141591	296
chr14	69668087	69868087	harbor2	chr14	69694260	69694482	SINE/MIR	432	-	111	69694371	26284
chr14	69668087	69868087	harbor2	chr14	69704874	69705033	SINE/MIR	546	-	80	69704954	36867
chr14	69668087	69868087	harbor2	chr14	69705343	69705385	SINE/MIR	546	-	21	69705364	37277
chr14	69668087	69868087	harbor2	chr14	69709524	69709729	SINE/MIR	762	-	102	69709626	41539
chr14	69668087	69868087	harbor2	chr14	69716324	69716582	SINE/MIR	483	-	129	69716453	48366
chr14	69668087	69868087	harbor2	chr14	69718936	69719141	SINE/MIR	499	-	102	69719038	50951
chr14	75328348	75528348	harbor2	chr14	75338833	75339024	SINE/MIR	601	-	96	75338929	10581
chr14	75328348	75528348	harbor2	chr14	75362907	75363089	SINE/MIR	518	-	91	75362998	34650
chr14	75328348	75528348	harbor2	chr14	75363597	75363791	SINE/MIR	467	-	97	75363694	35346
chr14	75328348	75528348	harbor2	chr14	75364538	75364747	SINE/MIR	583	-	104	75364642	36294
chr14	75328348	75528348	harbor2	chr14	75375183	75375359	SINE/MIR	538	-	88	75375271	46923
chr14	75328348	75528348	harbor2	chr14	75392694	75392931	SINE/MIR	634	-	118	75392812	64464
chr14	75328348	75528348	harbor2	chr14	75411226	75411446	SINE/MIR	601	-	110	75411336	82988
chr14	75328348	75528348	harbor2	chr14	75417974	75418213	SINE/MIR	911	-	120	75418094	89746
chr14	75328348	75528348	harbor2	chr14	75420384	75420517	SINE/MIR	457	-	66	75420450	92102
chr14	99493150	99693150	harbor2	chr14	99519420	99519540	SINE/MIR	465	-	60	99519480	26330
chr14	99493150	99693150	harbor2	chr14	99529904	99530091	SINE/MIR	636	-	94	99529998	36848
chr14	99493150	99693150	harbor2	chr14	99557062	99557302	SINE/MIR	714	-	120	99557182	64032
chr14	99493150	99693150	harbor2	chr14	99566241	99566448	SINE/MIR	480	-	104	99566345	73195
chr14	99493150	99693150	harbor2	chr14	99570140	99570338	SINE/MIR	449	-	99	99570239	77089
chr14	100229945	100429945	harbor2	chr14	100231393	100231531	SINE/MIR	449	-	69	100231462	1517
chr14	100229945	100429945	harbor2	chr14	100321723	100321875	SINE/MIR	505	-	76	100321799	91854
chr14	67141983	67341983	harbor2	chr14	67167743	67167936	SINE/MIR	439	-	96	67167839	25856
chr14	67141983	67341983	harbor2	chr14	67183334	67183544	SINE/MIR	819	-	105	67183439	41456
chr14	67141983	67341983	harbor2	chr14	67228974	67229175	SINE/MIR	669	-	100	67229074	87091
chr14	67141983	67341983	harbor2	chr14	67234024	67234234	SINE/MIR	880	-	105	67234129	92146
chr14	20990974	21190974	harbor2	chr14	21027965	21028149	SINE/MIR	689	-	92	21028057	37083
chr14	20990974	21190974	harbor2	chr14	21031262	21031393	SINE/MIR	490	-	66	21031328	40354
chr14	20990974	21190974	harbor2	chr14	21043901	21044098	SINE/MIR	577	-	98	21043999	53025
chr14	20990974	21190974	harbor2	chr14	21077890	21078080	SINE/MIR	473	-	95	21077985	87011
chr14	20990974	21190974	harbor2	chr14	21078579	21078789	SINE/MIR	487	-	105	21078684	87710
chr14	90283171	90483171	harbor2	chr14	90302025	90302204	SINE/MIR	462	-	90	90302115	18944
chr14	90283171	90483171	harbor2	chr14	90310085	90310251	SINE/MIR	505	-	83	90310168	26997
chr14	90283171	90483171	harbor2	chr14	90320738	90320903	SINE/MIR	609	-	82	90320820	37649
chr14	75331153	75531153	harbor2	chr14	75338833	75339024	SINE/MIR	601	-	96	75338929	7776
chr14	75331153	75531153	harbor2	chr14	75362907	75363089	SINE/MIR	518	-	91	75362998	31845
chr14	75331153	75531153	harbor2	chr14	75363597	75363791	SINE/MIR	467	-	97	75363694	32541
chr14	75331153	75531153	harbor2	chr14	75364538	75364747	SINE/MIR	583	-	104	75364642	33489
chr14	75331153	75531153	harbor2	chr14	75375183	75375359	SINE/MIR	538	-	88	75375271	44118
chr14	75331153	75531153	harbor2	chr14	75392694	75392931	SINE/MIR	634	-	118	75392812	61659
chr14	75331153	75531153	harbor2	chr14	75411226	75411446	SINE/MIR	601	-	110	75411336	80183
chr14	75331153	75531153	harbor2	chr14	75417974	75418213	SINE/MIR	911	-	120	75418094	86941
chr14	75331153	75531153	harbor2	chr14	75420384	75420517	SINE/MIR	457	-	66	75420450	89297
chr14	75330515	75530515	harbor2	chr14	75338833	75339024	SINE/MIR	601	-	96	75338929	8414
chr14	75330515	75530515	harbor2	chr14	75362907	75363089	SINE/MIR	518	-	91	75362998	32483
chr14	75330515	75530515	harbor2	chr14	75363597	75363791	SINE/MIR	467	-	97	75363694	33179
chr14	75330515	75530515	harbor2	chr14	75364538	75364747	SINE/MIR	583	-	104	75364642	34127
chr14	75330515	75530515	harbor2	chr14	75375183	75375359	SINE/MIR	538	-	88	75375271	44756
chr14	75330515	75530515	harbor2	chr14	75392694	75392931	SINE/MIR	634	-	118	75392812	62297
chr14	75330515	75530515	harbor2	chr14	75411226	75411446	SINE/MIR	601	-	110	75411336	80821
chr14	75330515	75530515	harbor2	chr14	75417974	75418213	SINE/MIR	911	-	120	75418094	87579
chr14	75330515	75530515	harbor2	chr14	75420384	75420517	SINE/MIR	457	-	66	75420450	89935
chr14	95435743	95635743	harbor2	chr14	95454381	95454512	SINE/MIR	433	-	66	95454447	18704
chr14	95435743	95635743	harbor2	chr14	95457690	95457931	SINE/MIR	773	-	120	95457810	22067
chr14	95435743	95635743	harbor2	chr14	95467202	95467413	SINE/MIR	623	-	106	95467308	31565
chr14	95435743	95635743	harbor2	chr14	95474894	95475073	SINE/MIR	563	-	90	95474984	39241
chr14	95435743	95635743	harbor2	chr14	95482726	95482982	SINE/MIR	513	-	128	95482854	47111
chr14	95435743	95635743	harbor2	chr14	95490435	95490591	SINE/MIR	455	-	78	95490513	54770
chr14	95435743	95635743	harbor2	chr14	95493235	95493501	SINE/MIR	637	-	133	95493368	57625
chr14	95435743	95635743	harbor2	chr14	95503320	95503494	SINE/MIR	540	-	87	95503407	67664
chr14	95435743	95635743	harbor2	chr14	95506747	95506897	SINE/MIR	500	-	75	95506822	71079
chr14	95435743	95635743	harbor2	chr14	95514532	95514746	SINE/MIR	476	-	107	95514639	78896
chr14	95435743	95635743	harbor2	chr14	95522881	95523097	SINE/MIR	715	-	108	95522989	87246
chr14	99493147	99693147	harbor2	chr14	99519420	99519540	SINE/MIR	465	-	60	99519480	26333
chr14	99493147	99693147	harbor2	chr14	99529904	99530091	SINE/MIR	636	-	94	99529998	36851
chr14	99493147	99693147	harbor2	chr14	99557062	99557302	SINE/MIR	714	-	120	99557182	64035
chr14	99493147	99693147	harbor2	chr14	99566241	99566448	SINE/MIR	480	-	104	99566345	73198
chr14	99493147	99693147	harbor2	chr14	99570140	99570338	SINE/MIR	449	-	99	99570239	77092
chr14	104224547	104424547	harbor2	chr14	104228613	104228791	SINE/MIR	536	-	89	104228702	4155
chr14	90283174	90483174	harbor2	chr14	90302025	90302204	SINE/MIR	462	-	90	90302115	18941
chr14	90283174	90483174	harbor2	chr14	90310085	90310251	SINE/MIR	505	-	83	90310168	26994
chr14	90283174	90483174	harbor2	chr14	90320738	90320903	SINE/MIR	609	-	82	90320820	37646
chr14	75336525	75536525	harbor2	chr14	75338833	75339024	SINE/MIR	601	-	96	75338929	2404
chr14	75336525	75536525	harbor2	chr14	75362907	75363089	SINE/MIR	518	-	91	75362998	26473
chr14	75336525	75536525	harbor2	chr14	75363597	75363791	SINE/MIR	467	-	97	75363694	27169
chr14	75336525	75536525	harbor2	chr14	75364538	75364747	SINE/MIR	583	-	104	75364642	28117
chr14	75336525	75536525	harbor2	chr14	75375183	75375359	SINE/MIR	538	-	88	75375271	38746
chr14	75336525	75536525	harbor2	chr14	75392694	75392931	SINE/MIR	634	-	118	75392812	56287
chr14	75336525	75536525	harbor2	chr14	75411226	75411446	SINE/MIR	601	-	110	75411336	74811
chr14	75336525	75536525	harbor2	chr14	75417974	75418213	SINE/MIR	911	-	120	75418094	81569
chr14	75336525	75536525	harbor2	chr14	75420384	75420517	SINE/MIR	457	-	66	75420450	83925
chr14	75336525	75536525	harbor2	chr14	75431876	75432095	SINE/MIR	1126	-	110	75431986	95461
chr14	67141303	67341303	harbor2	chr14	67167743	67167936	SINE/MIR	439	-	96	67167839	26536
chr14	67141303	67341303	harbor2	chr14	67183334	67183544	SINE/MIR	819	-	105	67183439	42136
chr14	67141303	67341303	harbor2	chr14	67228974	67229175	SINE/MIR	669	-	100	67229074	87771
chr14	67141303	67341303	harbor2	chr14	67234024	67234234	SINE/MIR	880	-	105	67234129	92826
chr14	67141303	67341303	harbor2	chr14	67141475	67141707	SINE/MIR	938	-	116	67141591	288
chr14	67141247	67341247	harbor2	chr14	67167743	67167936	SINE/MIR	439	-	96	67167839	26592
chr14	67141247	67341247	harbor2	chr14	67183334	67183544	SINE/MIR	819	-	105	67183439	42192
chr14	67141247	67341247	harbor2	chr14	67228974	67229175	SINE/MIR	669	-	100	67229074	87827
chr14	67141247	67341247	harbor2	chr14	67234024	67234234	SINE/MIR	880	-	105	67234129	92882
chr14	67141247	67341247	harbor2	chr14	67141475	67141707	SINE/MIR	938	-	116	67141591	344
chr14	75914984	76114984	harbor2	chr14	75917252	75917381	SINE/MIR	465	-	64	75917316	2332
chr14	75914984	76114984	harbor2	chr14	75938535	75938704	SINE/MIR	539	-	84	75938619	23635
chr14	75914984	76114984	harbor2	chr14	75967686	75967860	SINE/MIR	674	-	87	75967773	52789
chr14	75914984	76114984	harbor2	chr14	75975550	75975712	SINE/MIR	614	-	81	75975631	60647
chr14	75914984	76114984	harbor2	chr14	75983309	75983464	SINE/MIR	531	-	78	75983387	68403
chr14	81176400	81376400	harbor2	chr14	81211003	81211195	SINE/MIR	592	-	96	81211099	34699
chr14	81176400	81376400	harbor2	chr14	81216102	81216309	SINE/MIR	650	-	104	81216206	39806
chr14	81176400	81376400	harbor2	chr14	81271816	81271981	SINE/MIR	535	-	82	81271898	95498
chr14	81176400	81376400	harbor2	chr14	81272240	81272285	SINE/MIR	527	-	22	81272262	95862
chr14	81176400	81376400	harbor2	chr14	81272753	81272978	SINE/MIR	731	-	112	81272865	96465
chr14	100231153	100431153	harbor2	chr14	100231393	100231531	SINE/MIR	449	-	69	100231462	309
chr14	100231153	100431153	harbor2	chr14	100321723	100321875	SINE/MIR	505	-	76	100321799	90646
chr14	21356189	21556189	harbor2	chr14	21423764	21423990	SINE/MIR	1010	-	113	21423877	67688
chr14	21356189	21556189	harbor2	chr14	21446229	21446303	SINE/MIR	659	-	37	21446266	90077
chr14	21356189	21556189	harbor2	chr14	21446612	21446791	SINE/MIR	659	-	90	21446702	90513
chr14	100276551	100476551	harbor2	chr14	100321723	100321875	SINE/MIR	505	-	76	100321799	45248
chr14	100276551	100476551	harbor2	chr14	100347985	100348200	SINE/MIR	557	-	108	100348093	71542
chr14	100276551	100476551	harbor2	chr14	100354026	100354277	SINE/MIR	706	-	126	100354152	77601
chr14	100276551	100476551	harbor2	chr14	100361960	100362148	SINE/MIR	669	-	94	100362054	85503
chr14	100276551	100476551	harbor2	chr14	100370572	100370711	SINE/MIR	708	-	70	100370642	94091
chr14	100276551	100476551	harbor2	chr14	100370963	100371064	SINE/MIR	708	-	50	100371013	94462
chr14	102092831	102292831	harbor2	chr14	102152722	102152906	SINE/MIR	480	-	92	102152814	59983
chr14	102092831	102292831	harbor2	chr14	102178792	102179056	SINE/MIR	750	-	132	102178924	86093
chr14	102092831	102292831	harbor2	chr14	102180163	102180394	SINE/MIR	663	-	116	102180279	87448
chr14	88927417	89127417	harbor2	chr14	88927805	88928055	SINE/MIR	991	-	125	88927930	513
chr14	88927417	89127417	harbor2	chr14	88934011	88934243	SINE/MIR	672	-	116	88934127	6710
chr14	88927417	89127417	harbor2	chr14	88943070	88943225	SINE/MIR	461	-	78	88943148	15731
chr14	88927417	89127417	harbor2	chr14	88965340	88965490	SINE/MIR	502	-	75	88965415	37998
chr14	88927417	89127417	harbor2	chr14	88977591	88977783	SINE/MIR	660	-	96	88977687	50270
chr14	88927417	89127417	harbor2	chr14	88985290	88985419	SINE/MIR	477	-	64	88985354	57937
chr14	88927417	89127417	harbor2	chr14	88997822	88998049	SINE/MIR	828	-	114	88997936	70519
chr14	95456322	95656322	harbor2	chr14	95457690	95457931	SINE/MIR	773	-	120	95457810	1488
chr14	95456322	95656322	harbor2	chr14	95467202	95467413	SINE/MIR	623	-	106	95467308	10986
chr14	95456322	95656322	harbor2	chr14	95474894	95475073	SINE/MIR	563	-	90	95474984	18662
chr14	95456322	95656322	harbor2	chr14	95482726	95482982	SINE/MIR	513	-	128	95482854	26532
chr14	95456322	95656322	harbor2	chr14	95490435	95490591	SINE/MIR	455	-	78	95490513	34191
chr14	95456322	95656322	harbor2	chr14	95493235	95493501	SINE/MIR	637	-	133	95493368	37046
chr14	95456322	95656322	harbor2	chr14	95503320	95503494	SINE/MIR	540	-	87	95503407	47085
chr14	95456322	95656322	harbor2	chr14	95506747	95506897	SINE/MIR	500	-	75	95506822	50500
chr14	95456322	95656322	harbor2	chr14	95514532	95514746	SINE/MIR	476	-	107	95514639	58317
chr14	95456322	95656322	harbor2	chr14	95522881	95523097	SINE/MIR	715	-	108	95522989	66667
chr14	95456322	95656322	harbor2	chr14	95540336	95540552	SINE/MIR	561	-	108	95540444	84122
chr14	91227150	91427150	harbor2	chr14	91254461	91254706	SINE/MIR	945	-	122	91254583	27433
chr14	91227150	91427150	harbor2	chr14	91255929	91256102	SINE/MIR	495	-	86	91256015	28865
chr14	91227150	91427150	harbor2	chr14	91308723	91308842	SINE/MIR	536	-	60	91308783	81633
chr14	91227150	91427150	harbor2	chr14	91323289	91323525	SINE/MIR	729	-	118	91323407	96257
chr14	100230253	100430253	harbor2	chr14	100231393	100231531	SINE/MIR	449	-	69	100231462	1209
chr14	100230253	100430253	harbor2	chr14	100321723	100321875	SINE/MIR	505	-	76	100321799	91546
chr14	76886650	77086650	harbor2	chr14	76888796	76888972	SINE/MIR	454	-	88	76888884	2234
chr14	76886650	77086650	harbor2	chr14	76905034	76905213	SINE/MIR	463	-	90	76905124	18474
chr14	76886650	77086650	harbor2	chr14	76912229	76912439	SINE/MIR	782	-	105	76912334	25684
chr14	76886650	77086650	harbor2	chr14	76923769	76923980	SINE/MIR	574	-	106	76923875	37225
chr14	76886650	77086650	harbor2	chr14	76937078	76937207	SINE/MIR	494	-	64	76937142	50492
chr14	76886650	77086650	harbor2	chr14	76941397	76941621	SINE/MIR	441	-	112	76941509	54859
chr14	76886650	77086650	harbor2	chr14	76947873	76948083	SINE/MIR	625	-	105	76947978	61328
chr14	76886650	77086650	harbor2	chr14	76950119	76950252	SINE/MIR	457	-	66	76950185	63535
chr14	76886650	77086650	harbor2	chr14	76950832	76951040	SINE/MIR	683	-	104	76950936	64286
chr14	76886650	77086650	harbor2	chr14	76958215	76958396	SINE/MIR	429	-	90	76958305	71655
chr14	102039472	102239472	harbor2	chr14	102091126	102091307	SINE/MIR	483	-	90	102091216	51744
chr14	100186150	100386150	harbor2	chr14	100219231	100219402	SINE/MIR	482	-	86	100219317	33167
chr14	100186150	100386150	harbor2	chr14	100231393	100231531	SINE/MIR	449	-	69	100231462	45312
chr14	103624423	103824423	harbor2	chr14	103673498	103673641	SINE/MIR	451	-	72	103673570	49147
chr14	103624423	103824423	harbor2	chr14	103673938	103674044	SINE/MIR	451	-	53	103673991	49568
chr14	100185464	100385464	harbor2	chr14	100219231	100219402	SINE/MIR	482	-	86	100219317	33853
chr14	100185464	100385464	harbor2	chr14	100231393	100231531	SINE/MIR	449	-	69	100231462	45998
chr14	74823265	75023265	harbor2	chr14	74841712	74841888	SINE/MIR	508	-	88	74841800	18535
chr14	74823265	75023265	harbor2	chr14	74849670	74849899	SINE/MIR	648	-	114	74849784	26519
chr14	74823265	75023265	harbor2	chr14	74864314	74864493	SINE/MIR	510	-	90	74864404	41139
chr14	23464322	23664322	harbor2	chr14	23493956	23494131	SINE/MIR	485	-	88	23494044	29722
chr14	23464322	23664322	harbor2	chr14	23536550	23536736	SINE/MIR	430	-	93	23536643	72321
chr14	23464322	23664322	harbor2	chr14	23543151	23543387	SINE/MIR	690	-	118	23543269	78947
chr14	23464322	23664322	harbor2	chr14	23552915	23553164	SINE/MIR	691	-	124	23553039	88717
chr14	24047673	24247673	harbor2	chr14	24080478	24080640	SINE/MIR	442	-	81	24080559	32886
chr14	24047673	24247673	harbor2	chr14	24104882	24104916	SINE/MIR	497	-	17	24104899	57226
chr14	24047673	24247673	harbor2	chr14	24105423	24105558	SINE/MIR	497	-	68	24105491	57818
chr14	24047673	24247673	harbor2	chr14	24133365	24133452	SINE/MIR	432	-	44	24133409	85736
chr14	24047673	24247673	harbor2	chr14	24133761	24133975	SINE/MIR	432	-	107	24133868	86195
chr14	24047673	24247673	harbor2	chr14	24144548	24144802	SINE/MIR	800	-	127	24144675	97002
chr14	67519986	67719986	harbor2	chr14	67530188	67530424	SINE/MIR	581	-	118	67530306	10320
chr14	67519986	67719986	harbor2	chr14	67535927	67536081	SINE/MIR	470	-	77	67536004	16018
chr14	67519986	67719986	harbor2	chr14	67551350	67551586	SINE/MIR	600	-	118	67551468	31482
chr14	67519986	67719986	harbor2	chr14	67568865	67569072	SINE/MIR	671	-	104	67568969	48983
chr14	67519986	67719986	harbor2	chr14	67572596	67572721	SINE/MIR	479	-	62	67572658	52672
chr14	67519986	67719986	harbor2	chr14	67583258	67583388	SINE/MIR	472	-	65	67583323	63337
chr14	76994915	77194915	harbor2	chr14	77010250	77010491	SINE/MIR	466	-	120	77010370	15455
chr14	76994915	77194915	harbor2	chr14	77046705	77046928	SINE/MIR	834	-	112	77046817	51902
chr14	76994915	77194915	harbor2	chr14	77055188	77055331	SINE/MIR	444	-	72	77055260	60345
chr14	76994915	77194915	harbor2	chr14	77060366	77060631	SINE/MIR	762	-	132	77060498	65583
chr14	76994915	77194915	harbor2	chr14	77063745	77063961	SINE/MIR	513	-	108	77063853	68938
chr14	76994915	77194915	harbor2	chr14	77067790	77068038	SINE/MIR	993	-	124	77067914	72999
chr14	76994915	77194915	harbor2	chr14	77071480	77071580	SINE/MIR	435	-	50	77071530	76615
chr14	74842794	75042794	harbor2	chr14	74849670	74849899	SINE/MIR	648	-	114	74849784	6990
chr14	74842794	75042794	harbor2	chr14	74864314	74864493	SINE/MIR	510	-	90	74864404	21610
chr14	74842794	75042794	harbor2	chr14	74931337	74931522	SINE/MIR	683	-	92	74931429	88635
chr14	94075512	94275512	harbor2	chr14	94146234	94146455	SINE/MIR	832	-	110	94146344	70832
chr14	94075512	94275512	harbor2	chr14	94164179	94164401	SINE/MIR	457	-	111	94164290	88778
chr14	94075512	94275512	harbor2	chr14	94170603	94170816	SINE/MIR	667	-	106	94170709	95197
chr14	103422967	103622967	harbor2	chr14	103454704	103454893	SINE/MIR	450	-	94	103454798	31831
chr14	24048856	24248856	harbor2	chr14	24080478	24080640	SINE/MIR	442	-	81	24080559	31703
chr14	24048856	24248856	harbor2	chr14	24104882	24104916	SINE/MIR	497	-	17	24104899	56043
chr14	24048856	24248856	harbor2	chr14	24105423	24105558	SINE/MIR	497	-	68	24105491	56635
chr14	24048856	24248856	harbor2	chr14	24133365	24133452	SINE/MIR	432	-	44	24133409	84553
chr14	24048856	24248856	harbor2	chr14	24133761	24133975	SINE/MIR	432	-	107	24133868	85012
chr14	24048856	24248856	harbor2	chr14	24144548	24144802	SINE/MIR	800	-	127	24144675	95819
chr14	75328337	75528337	harbor2	chr14	75338833	75339024	SINE/MIR	601	-	96	75338929	10592
chr14	75328337	75528337	harbor2	chr14	75362907	75363089	SINE/MIR	518	-	91	75362998	34661
chr14	75328337	75528337	harbor2	chr14	75363597	75363791	SINE/MIR	467	-	97	75363694	35357
chr14	75328337	75528337	harbor2	chr14	75364538	75364747	SINE/MIR	583	-	104	75364642	36305
chr14	75328337	75528337	harbor2	chr14	75375183	75375359	SINE/MIR	538	-	88	75375271	46934
chr14	75328337	75528337	harbor2	chr14	75392694	75392931	SINE/MIR	634	-	118	75392812	64475
chr14	75328337	75528337	harbor2	chr14	75411226	75411446	SINE/MIR	601	-	110	75411336	82999
chr14	75328337	75528337	harbor2	chr14	75417974	75418213	SINE/MIR	911	-	120	75418094	89757
chr14	75328337	75528337	harbor2	chr14	75420384	75420517	SINE/MIR	457	-	66	75420450	92113
chr14	76998329	77198329	harbor2	chr14	77010250	77010491	SINE/MIR	466	-	120	77010370	12041
chr14	76998329	77198329	harbor2	chr14	77046705	77046928	SINE/MIR	834	-	112	77046817	48488
chr14	76998329	77198329	harbor2	chr14	77055188	77055331	SINE/MIR	444	-	72	77055260	56931
chr14	76998329	77198329	harbor2	chr14	77060366	77060631	SINE/MIR	762	-	132	77060498	62169
chr14	76998329	77198329	harbor2	chr14	77063745	77063961	SINE/MIR	513	-	108	77063853	65524
chr14	76998329	77198329	harbor2	chr14	77067790	77068038	SINE/MIR	993	-	124	77067914	69585
chr14	76998329	77198329	harbor2	chr14	77071480	77071580	SINE/MIR	435	-	50	77071530	73201
chr14	21337322	21537322	harbor2	chr14	21423764	21423990	SINE/MIR	1010	-	113	21423877	86555
chr14	76939921	77139921	harbor2	chr14	76941397	76941621	SINE/MIR	441	-	112	76941509	1588
chr14	76939921	77139921	harbor2	chr14	76947873	76948083	SINE/MIR	625	-	105	76947978	8057
chr14	76939921	77139921	harbor2	chr14	76950119	76950252	SINE/MIR	457	-	66	76950185	10264
chr14	76939921	77139921	harbor2	chr14	76950832	76951040	SINE/MIR	683	-	104	76950936	11015
chr14	76939921	77139921	harbor2	chr14	76958215	76958396	SINE/MIR	429	-	90	76958305	18384
chr14	76939921	77139921	harbor2	chr14	77010250	77010491	SINE/MIR	466	-	120	77010370	70449
chr14	100232438	100432438	harbor2	chr14	100321723	100321875	SINE/MIR	505	-	76	100321799	89361
chr14	76942497	77142497	harbor2	chr14	76947873	76948083	SINE/MIR	625	-	105	76947978	5481
chr14	76942497	77142497	harbor2	chr14	76950119	76950252	SINE/MIR	457	-	66	76950185	7688
chr14	76942497	77142497	harbor2	chr14	76950832	76951040	SINE/MIR	683	-	104	76950936	8439
chr14	76942497	77142497	harbor2	chr14	76958215	76958396	SINE/MIR	429	-	90	76958305	15808
chr14	76942497	77142497	harbor2	chr14	77010250	77010491	SINE/MIR	466	-	120	77010370	67873
chr14	51140675	51340675	harbor2	chr14	51177490	51177658	SINE/MIR	436	-	84	51177574	36899
chr14	51140675	51340675	harbor2	chr14	51211610	51211749	SINE/MIR	579	-	70	51211680	71005
chr14	51140675	51340675	harbor2	chr14	51224342	51224573	SINE/MIR	678	-	116	51224458	83783
chr14	91481271	91681271	harbor2	chr14	91579972	91580115	SINE/MIR	449	-	72	91580044	98773
chr14	76928705	77128705	harbor2	chr14	76937078	76937207	SINE/MIR	494	-	64	76937142	8437
chr14	76928705	77128705	harbor2	chr14	76941397	76941621	SINE/MIR	441	-	112	76941509	12804
chr14	76928705	77128705	harbor2	chr14	76947873	76948083	SINE/MIR	625	-	105	76947978	19273
chr14	76928705	77128705	harbor2	chr14	76950119	76950252	SINE/MIR	457	-	66	76950185	21480
chr14	76928705	77128705	harbor2	chr14	76950832	76951040	SINE/MIR	683	-	104	76950936	22231
chr14	76928705	77128705	harbor2	chr14	76958215	76958396	SINE/MIR	429	-	90	76958305	29600
chr14	76928705	77128705	harbor2	chr14	77010250	77010491	SINE/MIR	466	-	120	77010370	81665
chr14	23332799	23532799	harbor2	chr14	23361735	23361988	SINE/MIR	693	-	126	23361861	29062
chr14	23332799	23532799	harbor2	chr14	23380197	23380375	SINE/MIR	455	-	89	23380286	47487
chr14	23332799	23532799	harbor2	chr14	23387050	23387262	SINE/MIR	588	-	106	23387156	54357
chr14	23332799	23532799	harbor2	chr14	23391936	23392089	SINE/MIR	509	-	76	23392012	59213
chr14	23332799	23532799	harbor2	chr14	23404021	23404168	SINE/MIR	506	-	74	23404095	71296
chr14	23332799	23532799	harbor2	chr14	23426189	23426408	SINE/MIR	576	-	110	23426299	93500
chr14	23087290	23287290	harbor2	chr14	23110416	23110598	SINE/MIR	512	-	91	23110507	23217
chr14	23087290	23287290	harbor2	chr14	23116343	23116545	SINE/MIR	495	-	101	23116444	29154
chr14	23087290	23287290	harbor2	chr14	23138267	23138384	SINE/MIR	462	-	58	23138325	51035
chr14	23087290	23287290	harbor2	chr14	23166724	23166906	SINE/MIR	546	-	91	23166815	79525
chr14	23087290	23287290	harbor2	chr14	23167275	23167481	SINE/MIR	517	-	103	23167378	80088
chr14	23087290	23287290	harbor2	chr14	23170060	23170283	SINE/MIR	640	-	112	23170172	82882
chr14	100323696	100523696	harbor2	chr14	100347985	100348200	SINE/MIR	557	-	108	100348093	24397
chr14	100323696	100523696	harbor2	chr14	100354026	100354277	SINE/MIR	706	-	126	100354152	30456
chr14	100323696	100523696	harbor2	chr14	100361960	100362148	SINE/MIR	669	-	94	100362054	38358
chr14	100323696	100523696	harbor2	chr14	100370572	100370711	SINE/MIR	708	-	70	100370642	46946
chr14	100323696	100523696	harbor2	chr14	100370963	100371064	SINE/MIR	708	-	50	100371013	47317
chr14	100323696	100523696	harbor2	chr14	100387525	100387771	SINE/MIR	793	-	123	100387648	63952
chr14	75915240	76115240	harbor2	chr14	75917252	75917381	SINE/MIR	465	-	64	75917316	2076
chr14	75915240	76115240	harbor2	chr14	75938535	75938704	SINE/MIR	539	-	84	75938619	23379
chr14	75915240	76115240	harbor2	chr14	75967686	75967860	SINE/MIR	674	-	87	75967773	52533
chr14	75915240	76115240	harbor2	chr14	75975550	75975712	SINE/MIR	614	-	81	75975631	60391
chr14	75915240	76115240	harbor2	chr14	75983309	75983464	SINE/MIR	531	-	78	75983387	68147
chr14	103444240	103644240	harbor2	chr14	103454704	103454893	SINE/MIR	450	-	94	103454798	10558
chr14	100185466	100385466	harbor2	chr14	100219231	100219402	SINE/MIR	482	-	86	100219317	33851
chr14	100185466	100385466	harbor2	chr14	100231393	100231531	SINE/MIR	449	-	69	100231462	45996
chr14	99658830	99858830	harbor2	chr14	99668389	99668515	SINE/MIR	461	-	63	99668452	9622
chr14	99658830	99858830	harbor2	chr14	99678942	99679161	SINE/MIR	471	-	110	99679052	20222
chr14	99658830	99858830	harbor2	chr14	99684769	99684919	SINE/MIR	593	-	75	99684844	26014
chr14	99658830	99858830	harbor2	chr14	99698544	99698797	SINE/MIR	727	-	126	99698670	39840
chr14	99658830	99858830	harbor2	chr14	99722248	99722420	SINE/MIR	462	-	86	99722334	63504
chr14	99658830	99858830	harbor2	chr14	99740175	99740288	SINE/MIR	431	-	56	99740231	81401
chr14	99658830	99858830	harbor2	chr14	99746064	99746259	SINE/MIR	473	-	98	99746162	87332
chr14	99496893	99696893	harbor2	chr14	99519420	99519540	SINE/MIR	465	-	60	99519480	22587
chr14	99496893	99696893	harbor2	chr14	99529904	99530091	SINE/MIR	636	-	94	99529998	33105
chr14	99496893	99696893	harbor2	chr14	99557062	99557302	SINE/MIR	714	-	120	99557182	60289
chr14	99496893	99696893	harbor2	chr14	99566241	99566448	SINE/MIR	480	-	104	99566345	69452
chr14	99496893	99696893	harbor2	chr14	99570140	99570338	SINE/MIR	449	-	99	99570239	73346
chr14	76932189	77132189	harbor2	chr14	76937078	76937207	SINE/MIR	494	-	64	76937142	4953
chr14	76932189	77132189	harbor2	chr14	76941397	76941621	SINE/MIR	441	-	112	76941509	9320
chr14	76932189	77132189	harbor2	chr14	76947873	76948083	SINE/MIR	625	-	105	76947978	15789
chr14	76932189	77132189	harbor2	chr14	76950119	76950252	SINE/MIR	457	-	66	76950185	17996
chr14	76932189	77132189	harbor2	chr14	76950832	76951040	SINE/MIR	683	-	104	76950936	18747
chr14	76932189	77132189	harbor2	chr14	76958215	76958396	SINE/MIR	429	-	90	76958305	26116
chr14	76932189	77132189	harbor2	chr14	77010250	77010491	SINE/MIR	466	-	120	77010370	78181
chr14	99462315	99662315	harbor2	chr14	99519420	99519540	SINE/MIR	465	-	60	99519480	57165
chr14	99462315	99662315	harbor2	chr14	99529904	99530091	SINE/MIR	636	-	94	99529998	67683
chr14	99462315	99662315	harbor2	chr14	99557062	99557302	SINE/MIR	714	-	120	99557182	94867
chr14	76959696	77159696	harbor2	chr14	77010250	77010491	SINE/MIR	466	-	120	77010370	50674
chr14	76959696	77159696	harbor2	chr14	77046705	77046928	SINE/MIR	834	-	112	77046817	87121
chr14	76959696	77159696	harbor2	chr14	77055188	77055331	SINE/MIR	444	-	72	77055260	95564
chr14	75329786	75529786	harbor2	chr14	75338833	75339024	SINE/MIR	601	-	96	75338929	9143
chr14	75329786	75529786	harbor2	chr14	75362907	75363089	SINE/MIR	518	-	91	75362998	33212
chr14	75329786	75529786	harbor2	chr14	75363597	75363791	SINE/MIR	467	-	97	75363694	33908
chr14	75329786	75529786	harbor2	chr14	75364538	75364747	SINE/MIR	583	-	104	75364642	34856
chr14	75329786	75529786	harbor2	chr14	75375183	75375359	SINE/MIR	538	-	88	75375271	45485
chr14	75329786	75529786	harbor2	chr14	75392694	75392931	SINE/MIR	634	-	118	75392812	63026
chr14	75329786	75529786	harbor2	chr14	75411226	75411446	SINE/MIR	601	-	110	75411336	81550
chr14	75329786	75529786	harbor2	chr14	75417974	75418213	SINE/MIR	911	-	120	75418094	88308
chr14	75329786	75529786	harbor2	chr14	75420384	75420517	SINE/MIR	457	-	66	75420450	90664
chr14	21007545	21207545	harbor2	chr14	21027965	21028149	SINE/MIR	689	-	92	21028057	20512
chr14	21007545	21207545	harbor2	chr14	21031262	21031393	SINE/MIR	490	-	66	21031328	23783
chr14	21007545	21207545	harbor2	chr14	21043901	21044098	SINE/MIR	577	-	98	21043999	36454
chr14	21007545	21207545	harbor2	chr14	21077890	21078080	SINE/MIR	473	-	95	21077985	70440
chr14	21007545	21207545	harbor2	chr14	21078579	21078789	SINE/MIR	487	-	105	21078684	71139
chr14	21007545	21207545	harbor2	chr14	21099667	21099832	SINE/MIR	467	-	82	21099749	92204
chr14	21007545	21207545	harbor2	chr14	21099996	21100080	SINE/MIR	439	-	42	21100038	92493
chr14	21007545	21207545	harbor2	chr14	21100393	21100475	SINE/MIR	439	-	41	21100434	92889
chr14	69667754	69867754	harbor2	chr14	69694260	69694482	SINE/MIR	432	-	111	69694371	26617
chr14	69667754	69867754	harbor2	chr14	69704874	69705033	SINE/MIR	546	-	80	69704954	37200
chr14	69667754	69867754	harbor2	chr14	69705343	69705385	SINE/MIR	546	-	21	69705364	37610
chr14	69667754	69867754	harbor2	chr14	69709524	69709729	SINE/MIR	762	-	102	69709626	41872
chr14	69667754	69867754	harbor2	chr14	69716324	69716582	SINE/MIR	483	-	129	69716453	48699
chr14	69667754	69867754	harbor2	chr14	69718936	69719141	SINE/MIR	499	-	102	69719038	51284
chr14	102111829	102311829	harbor2	chr14	102152722	102152906	SINE/MIR	480	-	92	102152814	40985
chr14	102111829	102311829	harbor2	chr14	102178792	102179056	SINE/MIR	750	-	132	102178924	67095
chr14	102111829	102311829	harbor2	chr14	102180163	102180394	SINE/MIR	663	-	116	102180279	68450
chr14	102111829	102311829	harbor2	chr14	102193393	102193529	SINE/MIR	461	-	68	102193461	81632
chr14	95436168	95636168	harbor2	chr14	95454381	95454512	SINE/MIR	433	-	66	95454447	18279
chr14	95436168	95636168	harbor2	chr14	95457690	95457931	SINE/MIR	773	-	120	95457810	21642
chr14	95436168	95636168	harbor2	chr14	95467202	95467413	SINE/MIR	623	-	106	95467308	31140
chr14	95436168	95636168	harbor2	chr14	95474894	95475073	SINE/MIR	563	-	90	95474984	38816
chr14	95436168	95636168	harbor2	chr14	95482726	95482982	SINE/MIR	513	-	128	95482854	46686
chr14	95436168	95636168	harbor2	chr14	95490435	95490591	SINE/MIR	455	-	78	95490513	54345
chr14	95436168	95636168	harbor2	chr14	95493235	95493501	SINE/MIR	637	-	133	95493368	57200
chr14	95436168	95636168	harbor2	chr14	95503320	95503494	SINE/MIR	540	-	87	95503407	67239
chr14	95436168	95636168	harbor2	chr14	95506747	95506897	SINE/MIR	500	-	75	95506822	70654
chr14	95436168	95636168	harbor2	chr14	95514532	95514746	SINE/MIR	476	-	107	95514639	78471
chr14	95436168	95636168	harbor2	chr14	95522881	95523097	SINE/MIR	715	-	108	95522989	86821
chr14	54686838	54886838	harbor2	chr14	54689386	54689606	SINE/MIR	570	-	110	54689496	2658
chr14	54686838	54886838	harbor2	chr14	54700186	54700403	SINE/MIR	513	-	108	54700294	13456
chr14	54686838	54886838	harbor2	chr14	54710295	54710540	SINE/MIR	925	-	122	54710417	23579
chr14	54686838	54886838	harbor2	chr14	54759571	54759719	SINE/MIR	505	-	74	54759645	72807
chr14	54686838	54886838	harbor2	chr14	54761120	54761332	SINE/MIR	603	-	106	54761226	74388
chr14	54686838	54886838	harbor2	chr14	54768299	54768509	SINE/MIR	439	-	105	54768404	81566
chr14	54686838	54886838	harbor2	chr14	54771233	54771435	SINE/MIR	590	-	101	54771334	84496
chr14	24048951	24248951	harbor2	chr14	24080478	24080640	SINE/MIR	442	-	81	24080559	31608
chr14	24048951	24248951	harbor2	chr14	24104882	24104916	SINE/MIR	497	-	17	24104899	55948
chr14	24048951	24248951	harbor2	chr14	24105423	24105558	SINE/MIR	497	-	68	24105491	56540
chr14	24048951	24248951	harbor2	chr14	24133365	24133452	SINE/MIR	432	-	44	24133409	84458
chr14	24048951	24248951	harbor2	chr14	24133761	24133975	SINE/MIR	432	-	107	24133868	84917
chr14	24048951	24248951	harbor2	chr14	24144548	24144802	SINE/MIR	800	-	127	24144675	95724
chr14	103423404	103623404	harbor2	chr14	103454704	103454893	SINE/MIR	450	-	94	103454798	31394
chr14	72458724	72658724	harbor2	chr14	72458941	72459134	SINE/MIR	446	-	96	72459037	313
chr14	72458724	72658724	harbor2	chr14	72495634	72495810	SINE/MIR	597	-	88	72495722	36998
chr14	24047661	24247661	harbor2	chr14	24080478	24080640	SINE/MIR	442	-	81	24080559	32898
chr14	24047661	24247661	harbor2	chr14	24104882	24104916	SINE/MIR	497	-	17	24104899	57238
chr14	24047661	24247661	harbor2	chr14	24105423	24105558	SINE/MIR	497	-	68	24105491	57830
chr14	24047661	24247661	harbor2	chr14	24133365	24133452	SINE/MIR	432	-	44	24133409	85748
chr14	24047661	24247661	harbor2	chr14	24133761	24133975	SINE/MIR	432	-	107	24133868	86207
chr14	24047661	24247661	harbor2	chr14	24144548	24144802	SINE/MIR	800	-	127	24144675	97014
chr14	100231162	100431162	harbor2	chr14	100231393	100231531	SINE/MIR	449	-	69	100231462	300
chr14	100231162	100431162	harbor2	chr14	100321723	100321875	SINE/MIR	505	-	76	100321799	90637
chr14	23986853	24186853	harbor2	chr14	24038362	24038555	SINE/MIR	529	-	96	24038458	51605
chr14	23986853	24186853	harbor2	chr14	24080478	24080640	SINE/MIR	442	-	81	24080559	93706
chr14	21337315	21537315	harbor2	chr14	21423764	21423990	SINE/MIR	1010	-	113	21423877	86562
chr14	103427586	103627586	harbor2	chr14	103454704	103454893	SINE/MIR	450	-	94	103454798	27212
chr14	102409678	102609678	harbor2	chr14	102421680	102421907	SINE/MIR	501	-	114	102421794	12116
chr14	102409678	102609678	harbor2	chr14	102436030	102436247	SINE/MIR	660	-	108	102436138	26460
chr14	102409678	102609678	harbor2	chr14	102472962	102473166	SINE/MIR	474	-	102	102473064	63386
chr14	73684556	73884556	harbor2	chr14	73742913	73743115	SINE/MIR	690	-	101	73743014	58458
chr14	73684556	73884556	harbor2	chr14	73750924	73751020	SINE/MIR	658	-	48	73750972	66416
chr14	73684556	73884556	harbor2	chr14	73751151	73751284	SINE/MIR	658	-	66	73751217	66661
chr14	73684556	73884556	harbor2	chr14	73755881	73756100	SINE/MIR	700	-	110	73755991	71435
chr14	73684556	73884556	harbor2	chr14	73767843	73767876	SINE/MIR	447	-	16	73767859	83303
chr14	73684556	73884556	harbor2	chr14	73768189	73768377	SINE/MIR	447	-	94	73768283	83727
chr14	24048169	24248169	harbor2	chr14	24080478	24080640	SINE/MIR	442	-	81	24080559	32390
chr14	24048169	24248169	harbor2	chr14	24104882	24104916	SINE/MIR	497	-	17	24104899	56730
chr14	24048169	24248169	harbor2	chr14	24105423	24105558	SINE/MIR	497	-	68	24105491	57322
chr14	24048169	24248169	harbor2	chr14	24133365	24133452	SINE/MIR	432	-	44	24133409	85240
chr14	24048169	24248169	harbor2	chr14	24133761	24133975	SINE/MIR	432	-	107	24133868	85699
chr14	24048169	24248169	harbor2	chr14	24144548	24144802	SINE/MIR	800	-	127	24144675	96506
chr14	21337330	21537330	harbor2	chr14	21423764	21423990	SINE/MIR	1010	-	113	21423877	86547
chr14	91474914	91674914	harbor2	chr14	91480215	91480410	SINE/MIR	557	-	98	91480313	5399
chr14	100581532	100781532	harbor2	chr14	100633822	100634050	SINE/MIR	471	-	114	100633936	52404
chr14	100581532	100781532	harbor2	chr14	100653676	100653878	SINE/MIR	434	-	101	100653777	72245
chr14	100581532	100781532	harbor2	chr14	100663242	100663423	SINE/MIR	709	-	90	100663332	81800
chr14	75330552	75530552	harbor2	chr14	75338833	75339024	SINE/MIR	601	-	96	75338929	8377
chr14	75330552	75530552	harbor2	chr14	75362907	75363089	SINE/MIR	518	-	91	75362998	32446
chr14	75330552	75530552	harbor2	chr14	75363597	75363791	SINE/MIR	467	-	97	75363694	33142
chr14	75330552	75530552	harbor2	chr14	75364538	75364747	SINE/MIR	583	-	104	75364642	34090
chr14	75330552	75530552	harbor2	chr14	75375183	75375359	SINE/MIR	538	-	88	75375271	44719
chr14	75330552	75530552	harbor2	chr14	75392694	75392931	SINE/MIR	634	-	118	75392812	62260
chr14	75330552	75530552	harbor2	chr14	75411226	75411446	SINE/MIR	601	-	110	75411336	80784
chr14	75330552	75530552	harbor2	chr14	75417974	75418213	SINE/MIR	911	-	120	75418094	87542
chr14	75330552	75530552	harbor2	chr14	75420384	75420517	SINE/MIR	457	-	66	75420450	89898
chr14	102649173	102849173	harbor2	chr14	102736178	102736362	SINE/MIR	472	-	92	102736270	87097
chr14	64194993	64394993	harbor2	chr14	64265294	64265530	SINE/MIR	638	-	118	64265412	70419
chr14	103637279	103837279	harbor2	chr14	103673498	103673641	SINE/MIR	451	-	72	103673570	36291
chr14	103637279	103837279	harbor2	chr14	103673938	103674044	SINE/MIR	451	-	53	103673991	36712
chr14	103428564	103628564	harbor2	chr14	103454704	103454893	SINE/MIR	450	-	94	103454798	26234
chr14	67500239	67700239	harbor2	chr14	67517716	67517905	SINE/MIR	587	-	94	67517810	17571
chr14	67500239	67700239	harbor2	chr14	67530188	67530424	SINE/MIR	581	-	118	67530306	30067
chr14	67500239	67700239	harbor2	chr14	67535927	67536081	SINE/MIR	470	-	77	67536004	35765
chr14	67500239	67700239	harbor2	chr14	67551350	67551586	SINE/MIR	600	-	118	67551468	51229
chr14	67500239	67700239	harbor2	chr14	67568865	67569072	SINE/MIR	671	-	104	67568969	68730
chr14	67500239	67700239	harbor2	chr14	67572596	67572721	SINE/MIR	479	-	62	67572658	72419
chr14	67500239	67700239	harbor2	chr14	67583258	67583388	SINE/MIR	472	-	65	67583323	83084
chr14	100185458	100385458	harbor2	chr14	100219231	100219402	SINE/MIR	482	-	86	100219317	33859
chr14	100185458	100385458	harbor2	chr14	100231393	100231531	SINE/MIR	449	-	69	100231462	46004
chr14	76928673	77128673	harbor2	chr14	76937078	76937207	SINE/MIR	494	-	64	76937142	8469
chr14	76928673	77128673	harbor2	chr14	76941397	76941621	SINE/MIR	441	-	112	76941509	12836
chr14	76928673	77128673	harbor2	chr14	76947873	76948083	SINE/MIR	625	-	105	76947978	19305
chr14	76928673	77128673	harbor2	chr14	76950119	76950252	SINE/MIR	457	-	66	76950185	21512
chr14	76928673	77128673	harbor2	chr14	76950832	76951040	SINE/MIR	683	-	104	76950936	22263
chr14	76928673	77128673	harbor2	chr14	76958215	76958396	SINE/MIR	429	-	90	76958305	29632
chr14	76928673	77128673	harbor2	chr14	77010250	77010491	SINE/MIR	466	-	120	77010370	81697
chr14	90288480	90488480	harbor2	chr14	90302025	90302204	SINE/MIR	462	-	90	90302115	13635
chr14	90288480	90488480	harbor2	chr14	90310085	90310251	SINE/MIR	505	-	83	90310168	21688
chr14	90288480	90488480	harbor2	chr14	90320738	90320903	SINE/MIR	609	-	82	90320820	32340
chr14	101443002	101643002	harbor2	chr14	101531164	101531339	SINE/MIR	441	-	88	101531252	88250
chr14	101443002	101643002	harbor2	chr14	101531338	101531556	SINE/MIR	628	-	109	101531447	88445
chr15	29170198	29370198	harbor2	chr15	29249660	29249703	SINE/MIR	484	-	22	29249682	79484
chr15	29170198	29370198	harbor2	chr15	29250125	29250260	SINE/MIR	484	-	68	29250193	79995
chr15	29170198	29370198	harbor2	chr15	29267386	29267565	SINE/MIR	437	-	90	29267476	97278
chr15	67422011	67622011	harbor2	chr15	67443794	67444023	SINE/MIR	722	-	114	67443908	21897
chr15	67422011	67622011	harbor2	chr15	67469700	67469883	SINE/MIR	446	-	92	67469792	47781
chr15	67422011	67622011	harbor2	chr15	67471383	67471584	SINE/MIR	602	-	100	67471483	49472
chr15	67422011	67622011	harbor2	chr15	67479145	67479345	SINE/MIR	610	-	100	67479245	57234
chr15	67422011	67622011	harbor2	chr15	67493186	67493354	SINE/MIR	418	-	84	67493270	71259
chr15	67422011	67622011	harbor2	chr15	67510058	67510199	SINE/MIR	460	-	70	67510128	88117
chr15	74947206	75147206	harbor2	chr15	74961099	74961245	SINE/MIR	482	-	73	74961172	13966
chr15	74947206	75147206	harbor2	chr15	74963404	74963510	SINE/MIR	475	-	53	74963457	16251
chr15	74947206	75147206	harbor2	chr15	74993487	74993680	SINE/MIR	588	-	96	74993583	46377
chr15	74947206	75147206	harbor2	chr15	75012197	75012367	SINE/MIR	517	-	85	75012282	65076
chr15	74947206	75147206	harbor2	chr15	75026788	75026988	SINE/MIR	476	-	100	75026888	79682
chr15	35446251	35646251	harbor2	chr15	35468156	35468338	SINE/MIR	565	-	91	35468247	21996
chr15	35446251	35646251	harbor2	chr15	35485002	35485205	SINE/MIR	906	-	102	35485104	38853
chr15	35446251	35646251	harbor2	chr15	35492607	35492877	SINE/MIR	754	-	135	35492742	46491
chr15	35446251	35646251	harbor2	chr15	35503751	35503919	SINE/MIR	770	-	84	35503835	57584
chr15	35446251	35646251	harbor2	chr15	35516356	35516559	SINE/MIR	564	-	102	35516458	70207
chr15	35446251	35646251	harbor2	chr15	35518813	35519006	SINE/MIR	438	-	96	35518909	72658
chr15	35446808	35646808	harbor2	chr15	35468156	35468338	SINE/MIR	565	-	91	35468247	21439
chr15	35446808	35646808	harbor2	chr15	35485002	35485205	SINE/MIR	906	-	102	35485104	38296
chr15	35446808	35646808	harbor2	chr15	35492607	35492877	SINE/MIR	754	-	135	35492742	45934
chr15	35446808	35646808	harbor2	chr15	35503751	35503919	SINE/MIR	770	-	84	35503835	57027
chr15	35446808	35646808	harbor2	chr15	35516356	35516559	SINE/MIR	564	-	102	35516458	69650
chr15	35446808	35646808	harbor2	chr15	35518813	35519006	SINE/MIR	438	-	96	35518909	72101
chr15	67421689	67621689	harbor2	chr15	67443794	67444023	SINE/MIR	722	-	114	67443908	22219
chr15	67421689	67621689	harbor2	chr15	67469700	67469883	SINE/MIR	446	-	92	67469792	48103
chr15	67421689	67621689	harbor2	chr15	67471383	67471584	SINE/MIR	602	-	100	67471483	49794
chr15	67421689	67621689	harbor2	chr15	67479145	67479345	SINE/MIR	610	-	100	67479245	57556
chr15	67421689	67621689	harbor2	chr15	67493186	67493354	SINE/MIR	418	-	84	67493270	71581
chr15	67421689	67621689	harbor2	chr15	67510058	67510199	SINE/MIR	460	-	70	67510128	88439
chr15	35496867	35696867	harbor2	chr15	35503751	35503919	SINE/MIR	770	-	84	35503835	6968
chr15	35496867	35696867	harbor2	chr15	35516356	35516559	SINE/MIR	564	-	102	35516458	19591
chr15	35496867	35696867	harbor2	chr15	35518813	35519006	SINE/MIR	438	-	96	35518909	22042
chr15	35496867	35696867	harbor2	chr15	35552164	35552336	SINE/MIR	725	-	86	35552250	55383
chr15	35496867	35696867	harbor2	chr15	35555220	35555403	SINE/MIR	473	-	92	35555312	58445
chr15	35496867	35696867	harbor2	chr15	35570796	35570928	SINE/MIR	417	-	66	35570862	73995
chr15	35496867	35696867	harbor2	chr15	35572074	35572294	SINE/MIR	781	-	110	35572184	75317
chr15	101861517	102061517	harbor2	chr15	101921195	101921427	SINE/MIR	557	-	116	101921311	59794
chr15	101861517	102061517	harbor2	chr15	101957926	101958122	SINE/MIR	665	-	98	101958024	96507
chr15	101861517	102061517	harbor2	chr15	101959206	101959226	SINE/MIR	420	-	10	101959216	97699
chr15	101861517	102061517	harbor2	chr15	101959523	101959665	SINE/MIR	420	-	71	101959594	98077
chr15	35457632	35657632	harbor2	chr15	35468156	35468338	SINE/MIR	565	-	91	35468247	10615
chr15	35457632	35657632	harbor2	chr15	35485002	35485205	SINE/MIR	906	-	102	35485104	27472
chr15	35457632	35657632	harbor2	chr15	35492607	35492877	SINE/MIR	754	-	135	35492742	35110
chr15	35457632	35657632	harbor2	chr15	35503751	35503919	SINE/MIR	770	-	84	35503835	46203
chr15	35457632	35657632	harbor2	chr15	35516356	35516559	SINE/MIR	564	-	102	35516458	58826
chr15	35457632	35657632	harbor2	chr15	35518813	35519006	SINE/MIR	438	-	96	35518909	61277
chr15	35457632	35657632	harbor2	chr15	35552164	35552336	SINE/MIR	725	-	86	35552250	94618
chr15	35457632	35657632	harbor2	chr15	35555220	35555403	SINE/MIR	473	-	92	35555312	97680
chr15	45030353	45230353	harbor2	chr15	45044627	45044688	SINE/MIR	483	-	30	45044657	14304
chr15	45030353	45230353	harbor2	chr15	45044996	45045170	SINE/MIR	483	-	87	45045083	14730
chr15	45030353	45230353	harbor2	chr15	45062098	45062308	SINE/MIR	463	-	105	45062203	31850
chr15	45030353	45230353	harbor2	chr15	45075023	45075209	SINE/MIR	484	-	93	45075116	44763
chr15	45030353	45230353	harbor2	chr15	45081802	45081955	SINE/MIR	672	-	76	45081878	51525
chr15	45030353	45230353	harbor2	chr15	45088293	45088321	SINE/MIR	438	-	14	45088307	57954
chr15	45030353	45230353	harbor2	chr15	45090064	45090271	SINE/MIR	579	-	104	45090168	59815
chr15	45030353	45230353	harbor2	chr15	45092324	45092449	SINE/MIR	437	-	62	45092386	62033
chr15	45030353	45230353	harbor2	chr15	45105362	45105537	SINE/MIR	741	-	88	45105450	75097
chr15	45030353	45230353	harbor2	chr15	45117367	45117500	SINE/MIR	491	-	66	45117433	87080
chr15	45030353	45230353	harbor2	chr15	45105121	45105184	SINE/MIR	741	-	32	45105153	74800
chr15	45030353	45230353	harbor2	chr15	45088651	45088790	SINE/MIR	438	-	70	45088721	58368
chr15	35449060	35649060	harbor2	chr15	35468156	35468338	SINE/MIR	565	-	91	35468247	19187
chr15	35449060	35649060	harbor2	chr15	35485002	35485205	SINE/MIR	906	-	102	35485104	36044
chr15	35449060	35649060	harbor2	chr15	35492607	35492877	SINE/MIR	754	-	135	35492742	43682
chr15	35449060	35649060	harbor2	chr15	35503751	35503919	SINE/MIR	770	-	84	35503835	54775
chr15	35449060	35649060	harbor2	chr15	35516356	35516559	SINE/MIR	564	-	102	35516458	67398
chr15	35449060	35649060	harbor2	chr15	35518813	35519006	SINE/MIR	438	-	96	35518909	69849
chr15	36839296	37039296	harbor2	chr15	36860994	36861153	SINE/MIR	639	-	80	36861074	21778
chr15	36839296	37039296	harbor2	chr15	36861440	36861517	SINE/MIR	639	-	38	36861478	22182
chr15	36839296	37039296	harbor2	chr15	36868850	36868996	SINE/MIR	460	-	73	36868923	29627
chr15	36839296	37039296	harbor2	chr15	36871988	36872154	SINE/MIR	484	-	83	36872071	32775
chr15	36839296	37039296	harbor2	chr15	36916791	36916991	SINE/MIR	608	-	100	36916891	77595
chr15	36839296	37039296	harbor2	chr15	36938719	36938905	SINE/MIR	615	-	93	36938812	99516
chr15	67441395	67641395	harbor2	chr15	67443794	67444023	SINE/MIR	722	-	114	67443908	2513
chr15	67441395	67641395	harbor2	chr15	67469700	67469883	SINE/MIR	446	-	92	67469792	28397
chr15	67441395	67641395	harbor2	chr15	67471383	67471584	SINE/MIR	602	-	100	67471483	30088
chr15	67441395	67641395	harbor2	chr15	67479145	67479345	SINE/MIR	610	-	100	67479245	37850
chr15	67441395	67641395	harbor2	chr15	67493186	67493354	SINE/MIR	418	-	84	67493270	51875
chr15	67441395	67641395	harbor2	chr15	67510058	67510199	SINE/MIR	460	-	70	67510128	68733
chr15	67441395	67641395	harbor2	chr15	67535004	67535221	SINE/MIR	467	-	108	67535112	93717
chr15	35449368	35649368	harbor2	chr15	35468156	35468338	SINE/MIR	565	-	91	35468247	18879
chr15	35449368	35649368	harbor2	chr15	35485002	35485205	SINE/MIR	906	-	102	35485104	35736
chr15	35449368	35649368	harbor2	chr15	35492607	35492877	SINE/MIR	754	-	135	35492742	43374
chr15	35449368	35649368	harbor2	chr15	35503751	35503919	SINE/MIR	770	-	84	35503835	54467
chr15	35449368	35649368	harbor2	chr15	35516356	35516559	SINE/MIR	564	-	102	35516458	67090
chr15	35449368	35649368	harbor2	chr15	35518813	35519006	SINE/MIR	438	-	96	35518909	69541
chr15	25339046	25539046	harbor2	chr15	25363441	25363657	SINE/MIR	624	-	108	25363549	24503
chr15	35446684	35646684	harbor2	chr15	35468156	35468338	SINE/MIR	565	-	91	35468247	21563
chr15	35446684	35646684	harbor2	chr15	35485002	35485205	SINE/MIR	906	-	102	35485104	38420
chr15	35446684	35646684	harbor2	chr15	35492607	35492877	SINE/MIR	754	-	135	35492742	46058
chr15	35446684	35646684	harbor2	chr15	35503751	35503919	SINE/MIR	770	-	84	35503835	57151
chr15	35446684	35646684	harbor2	chr15	35516356	35516559	SINE/MIR	564	-	102	35516458	69774
chr15	35446684	35646684	harbor2	chr15	35518813	35519006	SINE/MIR	438	-	96	35518909	72225
chr15	101861533	102061533	harbor2	chr15	101921195	101921427	SINE/MIR	557	-	116	101921311	59778
chr15	101861533	102061533	harbor2	chr15	101957926	101958122	SINE/MIR	665	-	98	101958024	96491
chr15	101861533	102061533	harbor2	chr15	101959206	101959226	SINE/MIR	420	-	10	101959216	97683
chr15	101861533	102061533	harbor2	chr15	101959523	101959665	SINE/MIR	420	-	71	101959594	98061
chr15	45378429	45578429	harbor2	chr15	45383875	45384102	SINE/MIR	750	-	114	45383989	5560
chr15	45378429	45578429	harbor2	chr15	45428961	45429185	SINE/MIR	634	-	112	45429073	50644
chr15	67422183	67622183	harbor2	chr15	67443794	67444023	SINE/MIR	722	-	114	67443908	21725
chr15	67422183	67622183	harbor2	chr15	67469700	67469883	SINE/MIR	446	-	92	67469792	47609
chr15	67422183	67622183	harbor2	chr15	67471383	67471584	SINE/MIR	602	-	100	67471483	49300
chr15	67422183	67622183	harbor2	chr15	67479145	67479345	SINE/MIR	610	-	100	67479245	57062
chr15	67422183	67622183	harbor2	chr15	67493186	67493354	SINE/MIR	418	-	84	67493270	71087
chr15	67422183	67622183	harbor2	chr15	67510058	67510199	SINE/MIR	460	-	70	67510128	87945
chr15	36495947	36695947	harbor2	chr15	36553174	36553428	SINE/MIR	646	-	127	36553301	57354
chr15	36495947	36695947	harbor2	chr15	36557629	36557820	SINE/MIR	436	-	96	36557725	61778
chr15	36495947	36695947	harbor2	chr15	36559728	36559975	SINE/MIR	731	-	124	36559852	63905
chr15	25339082	25539082	harbor2	chr15	25363441	25363657	SINE/MIR	624	-	108	25363549	24467
chr15	35467871	35667871	harbor2	chr15	35468156	35468338	SINE/MIR	565	-	91	35468247	376
chr15	35467871	35667871	harbor2	chr15	35485002	35485205	SINE/MIR	906	-	102	35485104	17233
chr15	35467871	35667871	harbor2	chr15	35492607	35492877	SINE/MIR	754	-	135	35492742	24871
chr15	35467871	35667871	harbor2	chr15	35503751	35503919	SINE/MIR	770	-	84	35503835	35964
chr15	35467871	35667871	harbor2	chr15	35516356	35516559	SINE/MIR	564	-	102	35516458	48587
chr15	35467871	35667871	harbor2	chr15	35518813	35519006	SINE/MIR	438	-	96	35518909	51038
chr15	35467871	35667871	harbor2	chr15	35552164	35552336	SINE/MIR	725	-	86	35552250	84379
chr15	35467871	35667871	harbor2	chr15	35555220	35555403	SINE/MIR	473	-	92	35555312	87441
chr15	32618800	32818800	harbor2	chr15	32618959	32619019	SINE/MIR	595	-	30	32618989	189
chr15	32618800	32818800	harbor2	chr15	32642815	32643047	SINE/MIR	601	-	116	32642931	24131
chr15	32618800	32818800	harbor2	chr15	32654009	32654148	SINE/MIR	477	-	70	32654079	35279
chr15	32618800	32818800	harbor2	chr15	32654438	32654519	SINE/MIR	477	-	40	32654478	35678
chr15	32618800	32818800	harbor2	chr15	32664148	32664311	SINE/MIR	453	-	82	32664230	45430
chr15	32618800	32818800	harbor2	chr15	32670977	32671171	SINE/MIR	426	-	97	32671074	52274
chr15	32618800	32818800	harbor2	chr15	32681286	32681432	SINE/MIR	447	-	73	32681359	62559
chr15	32618800	32818800	harbor2	chr15	32700292	32700430	SINE/MIR	476	-	69	32700361	81561
chr15	67422192	67622192	harbor2	chr15	67443794	67444023	SINE/MIR	722	-	114	67443908	21716
chr15	67422192	67622192	harbor2	chr15	67469700	67469883	SINE/MIR	446	-	92	67469792	47600
chr15	67422192	67622192	harbor2	chr15	67471383	67471584	SINE/MIR	602	-	100	67471483	49291
chr15	67422192	67622192	harbor2	chr15	67479145	67479345	SINE/MIR	610	-	100	67479245	57053
chr15	67422192	67622192	harbor2	chr15	67493186	67493354	SINE/MIR	418	-	84	67493270	71078
chr15	67422192	67622192	harbor2	chr15	67510058	67510199	SINE/MIR	460	-	70	67510128	87936
chr15	35446583	35646583	harbor2	chr15	35468156	35468338	SINE/MIR	565	-	91	35468247	21664
chr15	35446583	35646583	harbor2	chr15	35485002	35485205	SINE/MIR	906	-	102	35485104	38521
chr15	35446583	35646583	harbor2	chr15	35492607	35492877	SINE/MIR	754	-	135	35492742	46159
chr15	35446583	35646583	harbor2	chr15	35503751	35503919	SINE/MIR	770	-	84	35503835	57252
chr15	35446583	35646583	harbor2	chr15	35516356	35516559	SINE/MIR	564	-	102	35516458	69875
chr15	35446583	35646583	harbor2	chr15	35518813	35519006	SINE/MIR	438	-	96	35518909	72326
chr15	35446683	35646683	harbor2	chr15	35468156	35468338	SINE/MIR	565	-	91	35468247	21564
chr15	35446683	35646683	harbor2	chr15	35485002	35485205	SINE/MIR	906	-	102	35485104	38421
chr15	35446683	35646683	harbor2	chr15	35492607	35492877	SINE/MIR	754	-	135	35492742	46059
chr15	35446683	35646683	harbor2	chr15	35503751	35503919	SINE/MIR	770	-	84	35503835	57152
chr15	35446683	35646683	harbor2	chr15	35516356	35516559	SINE/MIR	564	-	102	35516458	69775
chr15	35446683	35646683	harbor2	chr15	35518813	35519006	SINE/MIR	438	-	96	35518909	72226
chr15	36491544	36691544	harbor2	chr15	36494081	36494264	SINE/MIR	711	-	92	36494173	2629
chr15	36491544	36691544	harbor2	chr15	36553174	36553428	SINE/MIR	646	-	127	36553301	61757
chr15	36491544	36691544	harbor2	chr15	36557629	36557820	SINE/MIR	436	-	96	36557725	66181
chr15	36491544	36691544	harbor2	chr15	36559728	36559975	SINE/MIR	731	-	124	36559852	68308
chr15	79333661	79533661	harbor2	chr15	79335853	79336024	SINE/MIR	657	-	86	79335939	2278
chr15	79333661	79533661	harbor2	chr15	79425650	79425849	SINE/MIR	464	-	100	79425750	92089
chr15	67422567	67622567	harbor2	chr15	67443794	67444023	SINE/MIR	722	-	114	67443908	21341
chr15	67422567	67622567	harbor2	chr15	67469700	67469883	SINE/MIR	446	-	92	67469792	47225
chr15	67422567	67622567	harbor2	chr15	67471383	67471584	SINE/MIR	602	-	100	67471483	48916
chr15	67422567	67622567	harbor2	chr15	67479145	67479345	SINE/MIR	610	-	100	67479245	56678
chr15	67422567	67622567	harbor2	chr15	67493186	67493354	SINE/MIR	418	-	84	67493270	70703
chr15	67422567	67622567	harbor2	chr15	67510058	67510199	SINE/MIR	460	-	70	67510128	87561
chr15	36685156	36885156	harbor2	chr15	36723941	36724148	SINE/MIR	679	-	104	36724045	38889
chr15	36685156	36885156	harbor2	chr15	36780690	36780851	SINE/MIR	457	-	80	36780770	95614
chr15	36685156	36885156	harbor2	chr15	36781303	36781490	SINE/MIR	459	-	94	36781397	96241
chr15	100818161	101018161	harbor2	chr15	100890588	100890718	SINE/MIR	563	-	65	100890653	72492
chr15	100818161	101018161	harbor2	chr15	100891132	100891296	SINE/MIR	618	-	82	100891214	73053
chr15	100818161	101018161	harbor2	chr15	100907377	100907572	SINE/MIR	764	-	98	100907475	89314
chr15	100818161	101018161	harbor2	chr15	100907649	100907816	SINE/MIR	551	-	84	100907733	89572
chr15	67441016	67641016	harbor2	chr15	67443794	67444023	SINE/MIR	722	-	114	67443908	2892
chr15	67441016	67641016	harbor2	chr15	67469700	67469883	SINE/MIR	446	-	92	67469792	28776
chr15	67441016	67641016	harbor2	chr15	67471383	67471584	SINE/MIR	602	-	100	67471483	30467
chr15	67441016	67641016	harbor2	chr15	67479145	67479345	SINE/MIR	610	-	100	67479245	38229
chr15	67441016	67641016	harbor2	chr15	67493186	67493354	SINE/MIR	418	-	84	67493270	52254
chr15	67441016	67641016	harbor2	chr15	67510058	67510199	SINE/MIR	460	-	70	67510128	69112
chr15	67441016	67641016	harbor2	chr15	67535004	67535221	SINE/MIR	467	-	108	67535112	94096
chr15	101862196	102062196	harbor2	chr15	101921195	101921427	SINE/MIR	557	-	116	101921311	59115
chr15	101862196	102062196	harbor2	chr15	101957926	101958122	SINE/MIR	665	-	98	101958024	95828
chr15	101862196	102062196	harbor2	chr15	101959206	101959226	SINE/MIR	420	-	10	101959216	97020
chr15	101862196	102062196	harbor2	chr15	101959523	101959665	SINE/MIR	420	-	71	101959594	97398
chr15	34109976	34309976	harbor2	chr15	34181999	34182168	SINE/MIR	487	-	84	34182083	72107
chr15	36787076	36987076	harbor2	chr15	36818598	36818759	SINE/MIR	474	-	80	36818678	31602
chr15	36787076	36987076	harbor2	chr15	36860994	36861153	SINE/MIR	639	-	80	36861074	73998
chr15	36787076	36987076	harbor2	chr15	36861440	36861517	SINE/MIR	639	-	38	36861478	74402
chr15	36787076	36987076	harbor2	chr15	36868850	36868996	SINE/MIR	460	-	73	36868923	81847
chr15	36787076	36987076	harbor2	chr15	36871988	36872154	SINE/MIR	484	-	83	36872071	84995
chr15	29945312	30145312	harbor2	chr15	29967406	29967623	SINE/MIR	466	-	108	29967514	22202
chr15	65277620	65477620	harbor2	chr15	65277463	65277691	SINE/MIR	745	-	114	65277577	43
chr15	65277620	65477620	harbor2	chr15	65312902	65313051	SINE/MIR	556	-	74	65312976	35356
chr15	65277620	65477620	harbor2	chr15	65315772	65315947	SINE/MIR	533	-	88	65315860	38240
chr15	65277620	65477620	harbor2	chr15	65316235	65316266	SINE/MIR	533	-	16	65316251	38631
chr15	65277620	65477620	harbor2	chr15	65321214	65321392	SINE/MIR	658	-	89	65321303	43683
chr15	65277620	65477620	harbor2	chr15	65330059	65330204	SINE/MIR	660	-	72	65330131	52511
chr15	65277620	65477620	harbor2	chr15	65331711	65331846	SINE/MIR	462	-	68	65331779	54159
chr15	65277620	65477620	harbor2	chr15	65345780	65345941	SINE/MIR	452	-	80	65345860	68240
chr15	65277620	65477620	harbor2	chr15	65370921	65371053	SINE/MIR	561	-	66	65370987	93367
chr15	65277620	65477620	harbor2	chr15	65371195	65371438	SINE/MIR	715	-	122	65371317	93697
chr15	65277620	65477620	harbor2	chr15	65375532	65375761	SINE/MIR	635	-	114	65375646	98026
chr15	35537214	35737214	harbor2	chr15	35552164	35552336	SINE/MIR	725	-	86	35552250	15036
chr15	35537214	35737214	harbor2	chr15	35555220	35555403	SINE/MIR	473	-	92	35555312	18098
chr15	35537214	35737214	harbor2	chr15	35570796	35570928	SINE/MIR	417	-	66	35570862	33648
chr15	35537214	35737214	harbor2	chr15	35572074	35572294	SINE/MIR	781	-	110	35572184	34970
chr15	35537214	35737214	harbor2	chr15	35624253	35624362	SINE/MIR	517	-	54	35624307	87093
chr15	101876518	102076518	harbor2	chr15	101921195	101921427	SINE/MIR	557	-	116	101921311	44793
chr15	101876518	102076518	harbor2	chr15	101957926	101958122	SINE/MIR	665	-	98	101958024	81506
chr15	101876518	102076518	harbor2	chr15	101959206	101959226	SINE/MIR	420	-	10	101959216	82698
chr15	101876518	102076518	harbor2	chr15	101959523	101959665	SINE/MIR	420	-	71	101959594	83076
chr15	101876518	102076518	harbor2	chr15	101966711	101966873	SINE/MIR	426	-	81	101966792	90274
chr15	101875496	102075496	harbor2	chr15	101921195	101921427	SINE/MIR	557	-	116	101921311	45815
chr15	101875496	102075496	harbor2	chr15	101957926	101958122	SINE/MIR	665	-	98	101958024	82528
chr15	101875496	102075496	harbor2	chr15	101959206	101959226	SINE/MIR	420	-	10	101959216	83720
chr15	101875496	102075496	harbor2	chr15	101959523	101959665	SINE/MIR	420	-	71	101959594	84098
chr15	101875496	102075496	harbor2	chr15	101966711	101966873	SINE/MIR	426	-	81	101966792	91296
chr15	41872068	42072068	harbor2	chr15	41886990	41887210	SINE/MIR	631	-	110	41887100	15032
chr15	41872068	42072068	harbor2	chr15	41900452	41900632	SINE/MIR	603	-	90	41900542	28474
chr15	41872068	42072068	harbor2	chr15	41928231	41928476	SINE/MIR	791	-	122	41928353	56285
chr15	41872068	42072068	harbor2	chr15	41946925	41947161	SINE/MIR	617	-	118	41947043	74975
chr15	41872068	42072068	harbor2	chr15	41955135	41955359	SINE/MIR	609	-	112	41955247	83179
chr15	41872068	42072068	harbor2	chr15	41958752	41958891	SINE/MIR	572	-	70	41958822	86754
chr15	74743181	74943181	harbor2	chr15	74759064	74759168	SINE/MIR	430	-	52	74759116	15935
chr15	74743181	74943181	harbor2	chr15	74774087	74774280	SINE/MIR	609	-	96	74774183	31002
chr15	74743181	74943181	harbor2	chr15	74780362	74780556	SINE/MIR	507	-	97	74780459	37278
chr15	74743181	74943181	harbor2	chr15	74781127	74781305	SINE/MIR	757	-	89	74781216	38035
chr15	74743181	74943181	harbor2	chr15	74792422	74792535	SINE/MIR	472	-	56	74792478	49297
chr15	74743181	74943181	harbor2	chr15	74799666	74799832	SINE/MIR	497	-	83	74799749	56568
chr15	74743181	74943181	harbor2	chr15	74808839	74809034	SINE/MIR	518	-	98	74808937	65756
chr15	74743181	74943181	harbor2	chr15	74817225	74817461	SINE/MIR	741	-	118	74817343	74162
chr15	74743181	74943181	harbor2	chr15	74827520	74827727	SINE/MIR	447	-	104	74827624	84443
chr15	74743181	74943181	harbor2	chr15	74828556	74828761	SINE/MIR	540	-	102	74828658	85477
chr15	67424695	67624695	harbor2	chr15	67443794	67444023	SINE/MIR	722	-	114	67443908	19213
chr15	67424695	67624695	harbor2	chr15	67469700	67469883	SINE/MIR	446	-	92	67469792	45097
chr15	67424695	67624695	harbor2	chr15	67471383	67471584	SINE/MIR	602	-	100	67471483	46788
chr15	67424695	67624695	harbor2	chr15	67479145	67479345	SINE/MIR	610	-	100	67479245	54550
chr15	67424695	67624695	harbor2	chr15	67493186	67493354	SINE/MIR	418	-	84	67493270	68575
chr15	67424695	67624695	harbor2	chr15	67510058	67510199	SINE/MIR	460	-	70	67510128	85433
chr15	74947209	75147209	harbor2	chr15	74961099	74961245	SINE/MIR	482	-	73	74961172	13963
chr15	74947209	75147209	harbor2	chr15	74963404	74963510	SINE/MIR	475	-	53	74963457	16248
chr15	74947209	75147209	harbor2	chr15	74993487	74993680	SINE/MIR	588	-	96	74993583	46374
chr15	74947209	75147209	harbor2	chr15	75012197	75012367	SINE/MIR	517	-	85	75012282	65073
chr15	74947209	75147209	harbor2	chr15	75026788	75026988	SINE/MIR	476	-	100	75026888	79679
chr15	25339076	25539076	harbor2	chr15	25363441	25363657	SINE/MIR	624	-	108	25363549	24473
chr15	35569538	35769538	harbor2	chr15	35570796	35570928	SINE/MIR	417	-	66	35570862	1324
chr15	35569538	35769538	harbor2	chr15	35572074	35572294	SINE/MIR	781	-	110	35572184	2646
chr15	35569538	35769538	harbor2	chr15	35624253	35624362	SINE/MIR	517	-	54	35624307	54769
chr15	35446697	35646697	harbor2	chr15	35468156	35468338	SINE/MIR	565	-	91	35468247	21550
chr15	35446697	35646697	harbor2	chr15	35485002	35485205	SINE/MIR	906	-	102	35485104	38407
chr15	35446697	35646697	harbor2	chr15	35492607	35492877	SINE/MIR	754	-	135	35492742	46045
chr15	35446697	35646697	harbor2	chr15	35503751	35503919	SINE/MIR	770	-	84	35503835	57138
chr15	35446697	35646697	harbor2	chr15	35516356	35516559	SINE/MIR	564	-	102	35516458	69761
chr15	35446697	35646697	harbor2	chr15	35518813	35519006	SINE/MIR	438	-	96	35518909	72212
chr15	96462468	96662468	harbor2	chr15	96465530	96465751	SINE/MIR	418	-	110	96465640	3172
chr15	96462468	96662468	harbor2	chr15	96470127	96470262	SINE/MIR	429	-	68	96470195	7727
chr15	96462468	96662468	harbor2	chr15	96510488	96510721	SINE/MIR	725	-	116	96510604	48136
chr15	96462468	96662468	harbor2	chr15	96512972	96513106	SINE/MIR	620	-	67	96513039	50571
chr15	96462468	96662468	harbor2	chr15	96543832	96544017	SINE/MIR	616	-	92	96543924	81456
chr15	96462468	96662468	harbor2	chr15	96546921	96547098	SINE/MIR	438	-	88	96547009	84541
chr15	96462468	96662468	harbor2	chr15	96552562	96552792	SINE/MIR	815	-	115	96552677	90209
chr15	35446610	35646610	harbor2	chr15	35468156	35468338	SINE/MIR	565	-	91	35468247	21637
chr15	35446610	35646610	harbor2	chr15	35485002	35485205	SINE/MIR	906	-	102	35485104	38494
chr15	35446610	35646610	harbor2	chr15	35492607	35492877	SINE/MIR	754	-	135	35492742	46132
chr15	35446610	35646610	harbor2	chr15	35503751	35503919	SINE/MIR	770	-	84	35503835	57225
chr15	35446610	35646610	harbor2	chr15	35516356	35516559	SINE/MIR	564	-	102	35516458	69848
chr15	35446610	35646610	harbor2	chr15	35518813	35519006	SINE/MIR	438	-	96	35518909	72299
chr15	78669137	78869137	harbor2	chr15	78686035	78686238	SINE/MIR	520	-	102	78686137	17000
chr15	78669137	78869137	harbor2	chr15	78686908	78687046	SINE/MIR	714	-	69	78686977	17840
chr15	78669137	78869137	harbor2	chr15	78687251	78687343	SINE/MIR	714	-	46	78687297	18160
chr15	78669137	78869137	harbor2	chr15	78691470	78691692	SINE/MIR	553	-	111	78691581	22444
chr15	78669137	78869137	harbor2	chr15	78695542	78695716	SINE/MIR	468	-	87	78695629	26492
chr15	78669137	78869137	harbor2	chr15	78752745	78752947	SINE/MIR	531	-	101	78752846	83709
chr15	78669137	78869137	harbor2	chr15	78763068	78763254	SINE/MIR	432	-	93	78763161	94024
chr15	35446521	35646521	harbor2	chr15	35468156	35468338	SINE/MIR	565	-	91	35468247	21726
chr15	35446521	35646521	harbor2	chr15	35485002	35485205	SINE/MIR	906	-	102	35485104	38583
chr15	35446521	35646521	harbor2	chr15	35492607	35492877	SINE/MIR	754	-	135	35492742	46221
chr15	35446521	35646521	harbor2	chr15	35503751	35503919	SINE/MIR	770	-	84	35503835	57314
chr15	35446521	35646521	harbor2	chr15	35516356	35516559	SINE/MIR	564	-	102	35516458	69937
chr15	35446521	35646521	harbor2	chr15	35518813	35519006	SINE/MIR	438	-	96	35518909	72388
chr15	38233430	38433430	harbor2	chr15	38264135	38264278	SINE/MIR	503	-	72	38264207	30777
chr15	38233430	38433430	harbor2	chr15	38292936	38293097	SINE/MIR	643	-	80	38293016	59586
chr15	38233430	38433430	harbor2	chr15	38297754	38297950	SINE/MIR	492	-	98	38297852	64422
chr15	35446201	35646201	harbor2	chr15	35468156	35468338	SINE/MIR	565	-	91	35468247	22046
chr15	35446201	35646201	harbor2	chr15	35485002	35485205	SINE/MIR	906	-	102	35485104	38903
chr15	35446201	35646201	harbor2	chr15	35492607	35492877	SINE/MIR	754	-	135	35492742	46541
chr15	35446201	35646201	harbor2	chr15	35503751	35503919	SINE/MIR	770	-	84	35503835	57634
chr15	35446201	35646201	harbor2	chr15	35516356	35516559	SINE/MIR	564	-	102	35516458	70257
chr15	35446201	35646201	harbor2	chr15	35518813	35519006	SINE/MIR	438	-	96	35518909	72708
chr15	50808701	51008701	harbor2	chr15	50809786	50810038	SINE/MIR	604	-	126	50809912	1211
chr15	50808701	51008701	harbor2	chr15	50860116	50860351	SINE/MIR	907	-	118	50860234	51533
chr15	50808701	51008701	harbor2	chr15	50882017	50882244	SINE/MIR	532	-	114	50882131	73430
chr15	101861525	102061525	harbor2	chr15	101921195	101921427	SINE/MIR	557	-	116	101921311	59786
chr15	101861525	102061525	harbor2	chr15	101957926	101958122	SINE/MIR	665	-	98	101958024	96499
chr15	101861525	102061525	harbor2	chr15	101959206	101959226	SINE/MIR	420	-	10	101959216	97691
chr15	101861525	102061525	harbor2	chr15	101959523	101959665	SINE/MIR	420	-	71	101959594	98069
chr15	67422133	67622133	harbor2	chr15	67443794	67444023	SINE/MIR	722	-	114	67443908	21775
chr15	67422133	67622133	harbor2	chr15	67469700	67469883	SINE/MIR	446	-	92	67469792	47659
chr15	67422133	67622133	harbor2	chr15	67471383	67471584	SINE/MIR	602	-	100	67471483	49350
chr15	67422133	67622133	harbor2	chr15	67479145	67479345	SINE/MIR	610	-	100	67479245	57112
chr15	67422133	67622133	harbor2	chr15	67493186	67493354	SINE/MIR	418	-	84	67493270	71137
chr15	67422133	67622133	harbor2	chr15	67510058	67510199	SINE/MIR	460	-	70	67510128	87995
chr15	29334927	29534927	harbor2	chr15	29337698	29337912	SINE/MIR	551	-	107	29337805	2878
chr15	29334927	29534927	harbor2	chr15	29345899	29346106	SINE/MIR	551	-	104	29346003	11076
chr15	69999345	70199345	harbor2	chr15	70010417	70010640	SINE/MIR	495	-	112	70010529	11184
chr15	69999345	70199345	harbor2	chr15	70020251	70020485	SINE/MIR	642	-	117	70020368	21023
chr15	69999345	70199345	harbor2	chr15	70027592	70027828	SINE/MIR	878	-	118	70027710	28365
chr15	69999345	70199345	harbor2	chr15	70027946	70028113	SINE/MIR	979	-	84	70028030	28685
chr15	69999345	70199345	harbor2	chr15	70028647	70028747	SINE/MIR	979	-	50	70028697	29352
chr15	69999345	70199345	harbor2	chr15	70008632	70008839	SINE/MIR	832	-	104	70008736	9391
chr15	74743183	74943183	harbor2	chr15	74759064	74759168	SINE/MIR	430	-	52	74759116	15933
chr15	74743183	74943183	harbor2	chr15	74774087	74774280	SINE/MIR	609	-	96	74774183	31000
chr15	74743183	74943183	harbor2	chr15	74780362	74780556	SINE/MIR	507	-	97	74780459	37276
chr15	74743183	74943183	harbor2	chr15	74781127	74781305	SINE/MIR	757	-	89	74781216	38033
chr15	74743183	74943183	harbor2	chr15	74792422	74792535	SINE/MIR	472	-	56	74792478	49295
chr15	74743183	74943183	harbor2	chr15	74799666	74799832	SINE/MIR	497	-	83	74799749	56566
chr15	74743183	74943183	harbor2	chr15	74808839	74809034	SINE/MIR	518	-	98	74808937	65754
chr15	74743183	74943183	harbor2	chr15	74817225	74817461	SINE/MIR	741	-	118	74817343	74160
chr15	74743183	74943183	harbor2	chr15	74827520	74827727	SINE/MIR	447	-	104	74827624	84441
chr15	74743183	74943183	harbor2	chr15	74828556	74828761	SINE/MIR	540	-	102	74828658	85475
chr15	35446653	35646653	harbor2	chr15	35468156	35468338	SINE/MIR	565	-	91	35468247	21594
chr15	35446653	35646653	harbor2	chr15	35485002	35485205	SINE/MIR	906	-	102	35485104	38451
chr15	35446653	35646653	harbor2	chr15	35492607	35492877	SINE/MIR	754	-	135	35492742	46089
chr15	35446653	35646653	harbor2	chr15	35503751	35503919	SINE/MIR	770	-	84	35503835	57182
chr15	35446653	35646653	harbor2	chr15	35516356	35516559	SINE/MIR	564	-	102	35516458	69805
chr15	35446653	35646653	harbor2	chr15	35518813	35519006	SINE/MIR	438	-	96	35518909	72256
chr15	68720982	68920982	harbor2	chr15	68726588	68726826	SINE/MIR	596	-	119	68726707	5725
chr15	68720982	68920982	harbor2	chr15	68728211	68728451	SINE/MIR	450	-	120	68728331	7349
chr15	68720982	68920982	harbor2	chr15	68757591	68757609	SINE/MIR	417	-	9	68757600	36618
chr15	68720982	68920982	harbor2	chr15	68757785	68757818	SINE/MIR	417	-	16	68757801	36819
chr15	68720982	68920982	harbor2	chr15	68757869	68757937	SINE/MIR	417	-	34	68757903	36921
chr15	68720982	68920982	harbor2	chr15	68758214	68758298	SINE/MIR	417	-	42	68758256	37274
chr15	68720982	68920982	harbor2	chr15	68758322	68758568	SINE/MIR	1000	-	123	68758445	37463
chr15	68720982	68920982	harbor2	chr15	68782258	68782456	SINE/MIR	823	-	99	68782357	61375
chr15	68720982	68920982	harbor2	chr15	68783371	68783514	SINE/MIR	505	-	72	68783443	62461
chr15	72428517	72628517	harbor2	chr15	72456893	72457113	SINE/MIR	693	-	110	72457003	28486
chr15	72428517	72628517	harbor2	chr15	72463639	72463839	SINE/MIR	452	-	100	72463739	35222
chr15	72428517	72628517	harbor2	chr15	72470883	72471139	SINE/MIR	621	-	128	72471011	42494
chr15	101862010	102062010	harbor2	chr15	101921195	101921427	SINE/MIR	557	-	116	101921311	59301
chr15	101862010	102062010	harbor2	chr15	101957926	101958122	SINE/MIR	665	-	98	101958024	96014
chr15	101862010	102062010	harbor2	chr15	101959206	101959226	SINE/MIR	420	-	10	101959216	97206
chr15	101862010	102062010	harbor2	chr15	101959523	101959665	SINE/MIR	420	-	71	101959594	97584
chr15	25339116	25539116	harbor2	chr15	25363441	25363657	SINE/MIR	624	-	108	25363549	24433
chr15	41521437	41721437	harbor2	chr15	41540194	41540304	SINE/MIR	885	-	55	41540249	18812
chr15	41521437	41721437	harbor2	chr15	41540601	41540745	SINE/MIR	885	-	72	41540673	19236
chr15	41521437	41721437	harbor2	chr15	41574411	41574628	SINE/MIR	617	-	108	41574519	53082
chr15	29332913	29532913	harbor2	chr15	29337698	29337912	SINE/MIR	551	-	107	29337805	4892
chr15	29332913	29532913	harbor2	chr15	29345899	29346106	SINE/MIR	551	-	104	29346003	13090
chr15	41417768	41617768	harbor2	chr15	41419263	41419478	SINE/MIR	593	-	108	41419371	1603
chr15	29169893	29369893	harbor2	chr15	29249660	29249703	SINE/MIR	484	-	22	29249682	79789
chr15	29169893	29369893	harbor2	chr15	29250125	29250260	SINE/MIR	484	-	68	29250193	80300
chr15	29169893	29369893	harbor2	chr15	29267386	29267565	SINE/MIR	437	-	90	29267476	97583
chr15	35569564	35769564	harbor2	chr15	35570796	35570928	SINE/MIR	417	-	66	35570862	1298
chr15	35569564	35769564	harbor2	chr15	35572074	35572294	SINE/MIR	781	-	110	35572184	2620
chr15	35569564	35769564	harbor2	chr15	35624253	35624362	SINE/MIR	517	-	54	35624307	54743
chr15	63405661	63605661	harbor2	chr15	63421554	63421699	SINE/MIR	569	-	72	63421626	15965
chr15	63405661	63605661	harbor2	chr15	63421989	63422066	SINE/MIR	569	-	38	63422027	16366
chr15	63405661	63605661	harbor2	chr15	63440929	63441137	SINE/MIR	648	-	104	63441033	35372
chr15	63405661	63605661	harbor2	chr15	63444286	63444451	SINE/MIR	533	-	82	63444368	38707
chr15	63405661	63605661	harbor2	chr15	63447940	63448100	SINE/MIR	538	-	80	63448020	42359
chr15	63405661	63605661	harbor2	chr15	63448162	63448258	SINE/MIR	514	-	48	63448210	42549
chr15	63405661	63605661	harbor2	chr15	63448434	63448540	SINE/MIR	514	-	53	63448487	42826
chr15	63405661	63605661	harbor2	chr15	63452768	63452886	SINE/MIR	432	-	59	63452827	47166
chr15	63405661	63605661	harbor2	chr15	63454961	63455125	SINE/MIR	529	-	82	63455043	49382
chr15	63405661	63605661	harbor2	chr15	63460813	63460984	SINE/MIR	483	-	86	63460899	55238
chr15	63405661	63605661	harbor2	chr15	63463362	63463612	SINE/MIR	564	-	125	63463487	57826
chr15	63405661	63605661	harbor2	chr15	63473519	63473749	SINE/MIR	631	-	115	63473634	67973
chr15	63405661	63605661	harbor2	chr15	63474604	63474856	SINE/MIR	726	-	126	63474730	69069
chr15	63405661	63605661	harbor2	chr15	63492871	63493092	SINE/MIR	505	-	110	63492981	87320
chr15	63405661	63605661	harbor2	chr15	63499194	63499301	SINE/MIR	449	-	54	63499248	93587
chr15	63405661	63605661	harbor2	chr15	63499582	63499637	SINE/MIR	449	-	28	63499610	93949
chr15	63405661	63605661	harbor2	chr15	63502863	63503092	SINE/MIR	448	-	114	63502977	97316
chr15	21245089	21445089	harbor2	chr15	21321130	21321323	SINE/MIR	481	-	96	21321226	76137
chr15	37063889	37263889	harbor2	chr15	37067976	37068199	SINE/MIR	651	-	112	37068088	4199
chr15	37063889	37263889	harbor2	chr15	37071573	37071805	SINE/MIR	485	-	116	37071689	7800
chr15	37063889	37263889	harbor2	chr15	37073167	37073332	SINE/MIR	483	-	82	37073249	9360
chr15	37063889	37263889	harbor2	chr15	37123351	37123606	SINE/MIR	500	-	128	37123479	59590
chr15	37063889	37263889	harbor2	chr15	37138289	37138352	SINE/MIR	448	-	32	37138321	74432
chr15	37063889	37263889	harbor2	chr15	37138663	37138799	SINE/MIR	448	-	68	37138731	74842
chr15	48389932	48589932	harbor2	chr15	48416929	48417131	SINE/MIR	679	-	101	48417030	27098
chr15	48389932	48589932	harbor2	chr15	48440715	48440864	SINE/MIR	424	-	74	48440789	50857
chr15	48389932	48589932	harbor2	chr15	48457700	48457901	SINE/MIR	487	-	100	48457800	67868
chr15	48389932	48589932	harbor2	chr15	48485137	48485315	SINE/MIR	434	-	89	48485226	95294
chr15	64052241	64252241	harbor2	chr15	64064149	64064302	SINE/MIR	430	-	76	64064225	11984
chr15	64052241	64252241	harbor2	chr15	64068100	64068346	SINE/MIR	1048	-	123	64068223	15982
chr15	64052241	64252241	harbor2	chr15	64085567	64085703	SINE/MIR	421	-	68	64085635	33394
chr15	67428161	67628161	harbor2	chr15	67443794	67444023	SINE/MIR	722	-	114	67443908	15747
chr15	67428161	67628161	harbor2	chr15	67469700	67469883	SINE/MIR	446	-	92	67469792	41631
chr15	67428161	67628161	harbor2	chr15	67471383	67471584	SINE/MIR	602	-	100	67471483	43322
chr15	67428161	67628161	harbor2	chr15	67479145	67479345	SINE/MIR	610	-	100	67479245	51084
chr15	67428161	67628161	harbor2	chr15	67493186	67493354	SINE/MIR	418	-	84	67493270	65109
chr15	67428161	67628161	harbor2	chr15	67510058	67510199	SINE/MIR	460	-	70	67510128	81967
chr15	34238104	34438104	harbor2	chr15	34243485	34243670	SINE/MIR	433	-	92	34243577	5473
chr15	34238104	34438104	harbor2	chr15	34311999	34312174	SINE/MIR	518	-	88	34312087	73983
chr15	35446791	35646791	harbor2	chr15	35468156	35468338	SINE/MIR	565	-	91	35468247	21456
chr15	35446791	35646791	harbor2	chr15	35485002	35485205	SINE/MIR	906	-	102	35485104	38313
chr15	35446791	35646791	harbor2	chr15	35492607	35492877	SINE/MIR	754	-	135	35492742	45951
chr15	35446791	35646791	harbor2	chr15	35503751	35503919	SINE/MIR	770	-	84	35503835	57044
chr15	35446791	35646791	harbor2	chr15	35516356	35516559	SINE/MIR	564	-	102	35516458	69667
chr15	35446791	35646791	harbor2	chr15	35518813	35519006	SINE/MIR	438	-	96	35518909	72118
chr15	69199269	69399269	harbor2	chr15	69225702	69225940	SINE/MIR	574	-	119	69225821	26552
chr15	69199269	69399269	harbor2	chr15	69235480	69235670	SINE/MIR	562	-	95	69235575	36306
chr15	69199269	69399269	harbor2	chr15	69236666	69236838	SINE/MIR	427	-	86	69236752	37483
chr15	69199269	69399269	harbor2	chr15	69267249	69267478	SINE/MIR	616	-	114	69267363	68094
chr15	69199269	69399269	harbor2	chr15	69276491	69276694	SINE/MIR	505	-	102	69276593	77324
chr15	69199269	69399269	harbor2	chr15	69296378	69296551	SINE/MIR	457	-	86	69296464	97195
chr15	69999529	70199529	harbor2	chr15	70010417	70010640	SINE/MIR	495	-	112	70010529	11000
chr15	69999529	70199529	harbor2	chr15	70020251	70020485	SINE/MIR	642	-	117	70020368	20839
chr15	69999529	70199529	harbor2	chr15	70027592	70027828	SINE/MIR	878	-	118	70027710	28181
chr15	69999529	70199529	harbor2	chr15	70027946	70028113	SINE/MIR	979	-	84	70028030	28501
chr15	69999529	70199529	harbor2	chr15	70028647	70028747	SINE/MIR	979	-	50	70028697	29168
chr15	69999529	70199529	harbor2	chr15	70008632	70008839	SINE/MIR	832	-	104	70008736	9207
chr15	35616949	35816949	harbor2	chr15	35624253	35624362	SINE/MIR	517	-	54	35624307	7358
chr15	35616949	35816949	harbor2	chr15	35712190	35712406	SINE/MIR	463	-	108	35712298	95349
chr15	36837616	37037616	harbor2	chr15	36860994	36861153	SINE/MIR	639	-	80	36861074	23458
chr15	36837616	37037616	harbor2	chr15	36861440	36861517	SINE/MIR	639	-	38	36861478	23862
chr15	36837616	37037616	harbor2	chr15	36868850	36868996	SINE/MIR	460	-	73	36868923	31307
chr15	36837616	37037616	harbor2	chr15	36871988	36872154	SINE/MIR	484	-	83	36872071	34455
chr15	36837616	37037616	harbor2	chr15	36916791	36916991	SINE/MIR	608	-	100	36916891	79275
chr15	100177694	100377694	harbor2	chr15	100210314	100210561	SINE/MIR	760	-	124	100210438	32744
chr15	100177694	100377694	harbor2	chr15	100212108	100212263	SINE/MIR	519	-	78	100212186	34492
chr15	100177694	100377694	harbor2	chr15	100219913	100220022	SINE/MIR	460	-	54	100219967	42273
chr15	100177694	100377694	harbor2	chr15	100243882	100243959	SINE/MIR	465	-	38	100243920	66226
chr15	100177694	100377694	harbor2	chr15	100244313	100244395	SINE/MIR	465	-	41	100244354	66660
chr15	79823750	80023750	harbor2	chr15	79829473	79829650	SINE/MIR	613	-	88	79829561	5811
chr15	79823750	80023750	harbor2	chr15	79851528	79851766	SINE/MIR	483	-	119	79851647	27897
chr15	79823750	80023750	harbor2	chr15	79861062	79861308	SINE/MIR	626	-	123	79861185	37435
chr15	79823750	80023750	harbor2	chr15	79883629	79883872	SINE/MIR	784	-	122	79883751	60001
chr15	79823750	80023750	harbor2	chr15	79884026	79884254	SINE/MIR	588	-	114	79884140	60390
chr15	79823750	80023750	harbor2	chr15	79895044	79895213	SINE/MIR	531	-	84	79895128	71378
chr15	79823750	80023750	harbor2	chr15	79904386	79904558	SINE/MIR	701	-	86	79904472	80722
chr15	79823750	80023750	harbor2	chr15	79904816	79904911	SINE/MIR	701	-	48	79904864	81114
chr15	79823750	80023750	harbor2	chr15	79921991	79922150	SINE/MIR	431	-	80	79922071	98321
chr15	45302521	45502521	harbor2	chr15	45383875	45384102	SINE/MIR	750	-	114	45383989	81468
chr15	56979942	57179942	harbor2	chr15	57034619	57034839	SINE/MIR	421	-	110	57034729	54787
chr15	56979942	57179942	harbor2	chr15	57046080	57046296	SINE/MIR	648	-	108	57046188	66246
chr15	74806668	75006668	harbor2	chr15	74808839	74809034	SINE/MIR	518	-	98	74808937	2269
chr15	74806668	75006668	harbor2	chr15	74817225	74817461	SINE/MIR	741	-	118	74817343	10675
chr15	74806668	75006668	harbor2	chr15	74827520	74827727	SINE/MIR	447	-	104	74827624	20956
chr15	74806668	75006668	harbor2	chr15	74828556	74828761	SINE/MIR	540	-	102	74828658	21990
chr15	74806668	75006668	harbor2	chr15	74892293	74892419	SINE/MIR	475	-	63	74892356	85688
chr15	74806668	75006668	harbor2	chr15	74858483	74858625	SINE/MIR	532	-	71	74858554	51886
chr15	29169897	29369897	harbor2	chr15	29249660	29249703	SINE/MIR	484	-	22	29249682	79785
chr15	29169897	29369897	harbor2	chr15	29250125	29250260	SINE/MIR	484	-	68	29250193	80296
chr15	29169897	29369897	harbor2	chr15	29267386	29267565	SINE/MIR	437	-	90	29267476	97579
chr15	71630657	71830657	harbor2	chr15	71635778	71636023	SINE/MIR	642	-	122	71635900	5243
chr15	71630657	71830657	harbor2	chr15	71641115	71641221	SINE/MIR	462	-	53	71641168	10511
chr15	71630657	71830657	harbor2	chr15	71661841	71662032	SINE/MIR	622	-	96	71661937	31280
chr15	35526392	35726392	harbor2	chr15	35552164	35552336	SINE/MIR	725	-	86	35552250	25858
chr15	35526392	35726392	harbor2	chr15	35555220	35555403	SINE/MIR	473	-	92	35555312	28920
chr15	35526392	35726392	harbor2	chr15	35570796	35570928	SINE/MIR	417	-	66	35570862	44470
chr15	35526392	35726392	harbor2	chr15	35572074	35572294	SINE/MIR	781	-	110	35572184	45792
chr15	35526392	35726392	harbor2	chr15	35624253	35624362	SINE/MIR	517	-	54	35624307	97915
chr15	73800179	74000179	harbor2	chr15	73801269	73801431	SINE/MIR	563	-	81	73801350	1171
chr15	73800179	74000179	harbor2	chr15	73810773	73810981	SINE/MIR	667	-	104	73810877	10698
chr15	73800179	74000179	harbor2	chr15	73830944	73831170	SINE/MIR	871	-	113	73831057	30878
chr15	73800179	74000179	harbor2	chr15	73850204	73850354	SINE/MIR	469	-	75	73850279	50100
chr15	73800179	74000179	harbor2	chr15	73868326	73868556	SINE/MIR	765	-	115	73868441	68262
chr15	73800179	74000179	harbor2	chr15	73874408	73874633	SINE/MIR	750	-	112	73874520	74341
chr15	73800179	74000179	harbor2	chr15	73874820	73874854	SINE/MIR	750	-	17	73874837	74658
chr15	73800179	74000179	harbor2	chr15	73883771	73883933	SINE/MIR	437	-	81	73883852	83673
chr15	21245080	21445080	harbor2	chr15	21321130	21321323	SINE/MIR	481	-	96	21321226	76146
chr15	101859001	102059001	harbor2	chr15	101921195	101921427	SINE/MIR	557	-	116	101921311	62310
chr15	101859001	102059001	harbor2	chr15	101957926	101958122	SINE/MIR	665	-	98	101958024	99023
chr15	45487658	45687658	harbor2	chr15	45504678	45504894	SINE/MIR	843	-	108	45504786	17128
chr15	45487658	45687658	harbor2	chr15	45549397	45549569	SINE/MIR	431	-	86	45549483	61825
chr15	73826340	74026340	harbor2	chr15	73830944	73831170	SINE/MIR	871	-	113	73831057	4717
chr15	73826340	74026340	harbor2	chr15	73850204	73850354	SINE/MIR	469	-	75	73850279	23939
chr15	73826340	74026340	harbor2	chr15	73868326	73868556	SINE/MIR	765	-	115	73868441	42101
chr15	73826340	74026340	harbor2	chr15	73874408	73874633	SINE/MIR	750	-	112	73874520	48180
chr15	73826340	74026340	harbor2	chr15	73874820	73874854	SINE/MIR	750	-	17	73874837	48497
chr15	73826340	74026340	harbor2	chr15	73883771	73883933	SINE/MIR	437	-	81	73883852	57512
chr15	73826340	74026340	harbor2	chr15	73924134	73924298	SINE/MIR	439	-	82	73924216	97876
chr15	78668235	78868235	harbor2	chr15	78686035	78686238	SINE/MIR	520	-	102	78686137	17902
chr15	78668235	78868235	harbor2	chr15	78686908	78687046	SINE/MIR	714	-	69	78686977	18742
chr15	78668235	78868235	harbor2	chr15	78687251	78687343	SINE/MIR	714	-	46	78687297	19062
chr15	78668235	78868235	harbor2	chr15	78691470	78691692	SINE/MIR	553	-	111	78691581	23346
chr15	78668235	78868235	harbor2	chr15	78695542	78695716	SINE/MIR	468	-	87	78695629	27394
chr15	78668235	78868235	harbor2	chr15	78752745	78752947	SINE/MIR	531	-	101	78752846	84611
chr15	78668235	78868235	harbor2	chr15	78763068	78763254	SINE/MIR	432	-	93	78763161	94926
chr15	77545719	77745719	harbor2	chr15	77549968	77550160	SINE/MIR	567	-	96	77550064	4345
chr15	77545719	77745719	harbor2	chr15	77575838	77576075	SINE/MIR	703	-	118	77575956	30237
chr15	77545719	77745719	harbor2	chr15	77580518	77580676	SINE/MIR	422	-	79	77580597	34878
chr15	77545719	77745719	harbor2	chr15	77583995	77584142	SINE/MIR	521	-	74	77584069	38350
chr15	77545719	77745719	harbor2	chr15	77603677	77603860	SINE/MIR	538	-	92	77603769	58050
chr15	77545719	77745719	harbor2	chr15	77611339	77611582	SINE/MIR	523	-	122	77611461	65742
chr15	77545719	77745719	harbor2	chr15	77613007	77613276	SINE/MIR	1121	-	134	77613141	67422
chr15	77545719	77745719	harbor2	chr15	77625313	77625524	SINE/MIR	901	-	106	77625419	79700
chr15	77545719	77745719	harbor2	chr15	77625525	77625766	SINE/MIR	694	-	120	77625645	79926
chr15	77545719	77745719	harbor2	chr15	77628948	77629197	SINE/MIR	1198	-	124	77629072	83353
chr15	77545719	77745719	harbor2	chr15	77635983	77636196	SINE/MIR	519	-	106	77636089	90370
chr15	77545719	77745719	harbor2	chr15	77640420	77640600	SINE/MIR	504	-	90	77640510	94791
chr15	35455037	35655037	harbor2	chr15	35468156	35468338	SINE/MIR	565	-	91	35468247	13210
chr15	35455037	35655037	harbor2	chr15	35485002	35485205	SINE/MIR	906	-	102	35485104	30067
chr15	35455037	35655037	harbor2	chr15	35492607	35492877	SINE/MIR	754	-	135	35492742	37705
chr15	35455037	35655037	harbor2	chr15	35503751	35503919	SINE/MIR	770	-	84	35503835	48798
chr15	35455037	35655037	harbor2	chr15	35516356	35516559	SINE/MIR	564	-	102	35516458	61421
chr15	35455037	35655037	harbor2	chr15	35518813	35519006	SINE/MIR	438	-	96	35518909	63872
chr15	35455037	35655037	harbor2	chr15	35552164	35552336	SINE/MIR	725	-	86	35552250	97213
chr16	2375115	2575115	harbor2	chr16	2395040	2395255	SINE/MIR	548	-	108	2395148	20033
chr16	2375148	2575148	harbor2	chr16	2395040	2395255	SINE/MIR	548	-	108	2395148	20000
chr16	2375144	2575144	harbor2	chr16	2395040	2395255	SINE/MIR	548	-	108	2395148	20004
chr16	58760120	58960120	harbor2	chr16	58817664	58817716	SINE/MIR	608	-	26	58817690	57570
chr16	58760120	58960120	harbor2	chr16	58818020	58818185	SINE/MIR	608	-	82	58818102	57982
chr16	58760120	58960120	harbor2	chr16	58851416	58851600	SINE/MIR	606	-	92	58851508	91388
chr16	66712056	66912056	harbor2	chr16	66746779	66746937	SINE/MIR	569	-	79	66746858	34802
chr16	66712056	66912056	harbor2	chr16	66806713	66806875	SINE/MIR	702	-	81	66806794	94738
chr16	67010338	67210338	harbor2	chr16	67011403	67011540	SINE/MIR	648	-	68	67011471	1133
chr16	2375110	2575110	harbor2	chr16	2395040	2395255	SINE/MIR	548	-	108	2395148	20038
chr16	67009867	67209867	harbor2	chr16	67011403	67011540	SINE/MIR	648	-	68	67011471	1604
chr16	2383491	2583491	harbor2	chr16	2395040	2395255	SINE/MIR	548	-	108	2395148	11657
chr16	87293635	87493635	harbor2	chr16	87295184	87295399	SINE/MIR	785	-	108	87295292	1657
chr16	53038047	53238047	harbor2	chr16	53044695	53044910	SINE/MIR	626	-	108	53044803	6756
chr16	53038047	53238047	harbor2	chr16	53063075	53063344	SINE/MIR	893	-	134	53063209	25162
chr16	53038047	53238047	harbor2	chr16	53096404	53096640	SINE/MIR	674	-	118	53096522	58475
chr16	53038047	53238047	harbor2	chr16	53102405	53102535	SINE/MIR	619	-	65	53102470	64423
chr16	4085358	4285358	harbor2	chr16	4170962	4171125	SINE/MIR	619	-	82	4171044	85686
chr16	2838432	3038432	harbor2	chr16	2880857	2881024	SINE/MIR	663	-	84	2880941	42509
chr16	2375124	2575124	harbor2	chr16	2395040	2395255	SINE/MIR	548	-	108	2395148	20024
chr16	56535582	56735582	harbor2	chr16	56538910	56539126	SINE/MIR	828	-	108	56539018	3436
chr16	88403178	88603178	harbor2	chr16	88420681	88420909	SINE/MIR	582	-	114	88420795	17617
chr16	12196224	12396224	harbor2	chr16	12211354	12211517	SINE/MIR	659	-	82	12211436	15212
chr16	12196224	12396224	harbor2	chr16	12211967	12212041	SINE/MIR	659	-	37	12212004	15780
chr16	12196224	12396224	harbor2	chr16	12222023	12222219	SINE/MIR	741	-	98	12222121	25897
chr16	12196224	12396224	harbor2	chr16	12288710	12288945	SINE/MIR	598	-	118	12288828	92604
chr16	88286761	88486761	harbor2	chr16	88289493	88289694	SINE/MIR	600	-	100	88289593	2832
chr16	88286761	88486761	harbor2	chr16	88371358	88371573	SINE/MIR	601	-	108	88371466	84705
chr16	71341038	71541038	harbor2	chr16	71353499	71353699	SINE/MIR	687	-	100	71353599	12561
chr16	71341038	71541038	harbor2	chr16	71356740	71356786	SINE/MIR	622	-	23	71356763	15725
chr16	71341038	71541038	harbor2	chr16	71357093	71357255	SINE/MIR	622	-	81	71357174	16136
chr16	71341038	71541038	harbor2	chr16	71366743	71366942	SINE/MIR	734	-	100	71366843	25805
chr16	71341038	71541038	harbor2	chr16	71389393	71389630	SINE/MIR	693	-	118	71389511	48473
chr16	71341038	71541038	harbor2	chr16	71395636	71395876	SINE/MIR	703	-	120	71395756	54718
chr16	4153746	4353746	harbor2	chr16	4170962	4171125	SINE/MIR	619	-	82	4171044	17298
chr16	57703638	57903638	harbor2	chr16	57720053	57720308	SINE/MIR	898	-	128	57720181	16543
chr16	57703638	57903638	harbor2	chr16	57726665	57726809	SINE/MIR	575	-	72	57726737	23099
chr16	57703638	57903638	harbor2	chr16	57782401	57782555	SINE/MIR	553	-	77	57782478	78840
chr16	30330225	30530225	harbor2	chr16	30423606	30423838	SINE/MIR	785	-	116	30423722	93497
chr16	67110694	67310694	harbor2	chr16	67162353	67162561	SINE/MIR	888	-	104	67162457	51763
chr16	67110694	67310694	harbor2	chr16	67185956	67186147	SINE/MIR	803	-	96	67186052	75358
chr16	2375150	2575150	harbor2	chr16	2395040	2395255	SINE/MIR	548	-	108	2395148	19998
chr16	1606172	1806172	harbor2	chr16	1689349	1689460	SINE/MIR	636	-	56	1689405	83233
chr16	1606172	1806172	harbor2	chr16	1689740	1689890	SINE/MIR	636	-	75	1689815	83643
chr16	1606172	1806172	harbor2	chr16	1690824	1691013	SINE/MIR	595	-	94	1690918	84746
chr16	2371372	2571372	harbor2	chr16	2395040	2395255	SINE/MIR	548	-	108	2395148	23776
chr16	87293411	87493411	harbor2	chr16	87295184	87295399	SINE/MIR	785	-	108	87295292	1881
chr16	1606165	1806165	harbor2	chr16	1689349	1689460	SINE/MIR	636	-	56	1689405	83240
chr16	1606165	1806165	harbor2	chr16	1689740	1689890	SINE/MIR	636	-	75	1689815	83650
chr16	1606165	1806165	harbor2	chr16	1690824	1691013	SINE/MIR	595	-	94	1690918	84753
chr16	2375151	2575151	harbor2	chr16	2395040	2395255	SINE/MIR	548	-	108	2395148	19997
chr16	31115740	31315740	harbor2	chr16	31120843	31121029	SINE/MIR	619	-	93	31120936	5196
chr16	31115740	31315740	harbor2	chr16	31134280	31134489	SINE/MIR	672	-	104	31134384	18644
chr16	31115740	31315740	harbor2	chr16	31147948	31148133	SINE/MIR	570	-	92	31148040	32300
chr16	31042566	31242566	harbor2	chr16	31067251	31067390	SINE/MIR	661	-	70	31067321	24755
chr16	31042566	31242566	harbor2	chr16	31120843	31121029	SINE/MIR	619	-	93	31120936	78370
chr16	31042566	31242566	harbor2	chr16	31134280	31134489	SINE/MIR	672	-	104	31134384	91818
chr16	57884872	58084872	harbor2	chr16	57888191	57888361	SINE/MIR	650	-	85	57888276	3404
chr16	57884872	58084872	harbor2	chr16	57889635	57889825	SINE/MIR	711	-	95	57889730	4858
chr16	57884872	58084872	harbor2	chr16	57900031	57900207	SINE/MIR	608	-	88	57900119	15247
chr16	57884872	58084872	harbor2	chr16	57913443	57913477	SINE/MIR	680	-	17	57913460	28588
chr16	57884872	58084872	harbor2	chr16	57913781	57913978	SINE/MIR	680	-	98	57913879	29007
chr16	85109928	85309928	harbor2	chr16	85146336	85146589	SINE/MIR	707	-	126	85146462	36534
chr16	85109928	85309928	harbor2	chr16	85175733	85175966	SINE/MIR	648	-	116	85175849	65921
chr16	85109928	85309928	harbor2	chr16	85180531	85180729	SINE/MIR	781	-	99	85180630	70702
chr16	85109928	85309928	harbor2	chr16	85209164	85209324	SINE/MIR	669	-	80	85209244	99316
chr16	1606161	1806161	harbor2	chr16	1689349	1689460	SINE/MIR	636	-	56	1689405	83244
chr16	1606161	1806161	harbor2	chr16	1689740	1689890	SINE/MIR	636	-	75	1689815	83654
chr16	1606161	1806161	harbor2	chr16	1690824	1691013	SINE/MIR	595	-	94	1690918	84757
chr16	66929017	67129017	harbor2	chr16	67001977	67002161	SINE/MIR	644	-	92	67002069	73052
chr16	66929017	67129017	harbor2	chr16	67006127	67006302	SINE/MIR	600	-	88	67006215	77198
chr16	66929017	67129017	harbor2	chr16	67011403	67011540	SINE/MIR	648	-	68	67011471	82454
chr16	57885293	58085293	harbor2	chr16	57888191	57888361	SINE/MIR	650	-	85	57888276	2983
chr16	57885293	58085293	harbor2	chr16	57889635	57889825	SINE/MIR	711	-	95	57889730	4437
chr16	57885293	58085293	harbor2	chr16	57900031	57900207	SINE/MIR	608	-	88	57900119	14826
chr16	57885293	58085293	harbor2	chr16	57913443	57913477	SINE/MIR	680	-	17	57913460	28167
chr16	57885293	58085293	harbor2	chr16	57913781	57913978	SINE/MIR	680	-	98	57913879	28586
chr16	56836588	57036588	harbor2	chr16	56878547	56878658	SINE/MIR	602	-	56	56878603	42015
chr16	56836588	57036588	harbor2	chr16	56885758	56885993	SINE/MIR	580	-	118	56885876	49288
chr16	56836588	57036588	harbor2	chr16	56903917	56904115	SINE/MIR	705	-	99	56904016	67428
chr16	57884864	58084864	harbor2	chr16	57888191	57888361	SINE/MIR	650	-	85	57888276	3412
chr16	57884864	58084864	harbor2	chr16	57889635	57889825	SINE/MIR	711	-	95	57889730	4866
chr16	57884864	58084864	harbor2	chr16	57900031	57900207	SINE/MIR	608	-	88	57900119	15255
chr16	57884864	58084864	harbor2	chr16	57913443	57913477	SINE/MIR	680	-	17	57913460	28596
chr16	57884864	58084864	harbor2	chr16	57913781	57913978	SINE/MIR	680	-	98	57913879	29015
chr16	30330344	30530344	harbor2	chr16	30423606	30423838	SINE/MIR	785	-	116	30423722	93378
chr16	57885269	58085269	harbor2	chr16	57888191	57888361	SINE/MIR	650	-	85	57888276	3007
chr16	57885269	58085269	harbor2	chr16	57889635	57889825	SINE/MIR	711	-	95	57889730	4461
chr16	57885269	58085269	harbor2	chr16	57900031	57900207	SINE/MIR	608	-	88	57900119	14850
chr16	57885269	58085269	harbor2	chr16	57913443	57913477	SINE/MIR	680	-	17	57913460	28191
chr16	57885269	58085269	harbor2	chr16	57913781	57913978	SINE/MIR	680	-	98	57913879	28610
chr16	14268480	14468480	harbor2	chr16	14349963	14350189	SINE/MIR	593	-	113	14350076	81596
chr16	66222805	66422805	harbor2	chr16	66258947	66259098	SINE/MIR	559	-	76	66259023	36218
chr16	66222805	66422805	harbor2	chr16	66268415	66268629	SINE/MIR	688	-	107	66268522	45717
chr16	66222805	66422805	harbor2	chr16	66269003	66269233	SINE/MIR	876	-	115	66269118	46313
chr16	66222805	66422805	harbor2	chr16	66303868	66304108	SINE/MIR	739	-	120	66303988	81183
chr16	66222805	66422805	harbor2	chr16	66311972	66312165	SINE/MIR	705	-	96	66312068	89263
chr16	66222805	66422805	harbor2	chr16	66320837	66321082	SINE/MIR	643	-	122	66320959	98154
chr16	67090427	67290427	harbor2	chr16	67162353	67162561	SINE/MIR	888	-	104	67162457	72030
chr16	67090427	67290427	harbor2	chr16	67185956	67186147	SINE/MIR	803	-	96	67186052	95625
chr16	30435060	30635060	harbor2	chr16	30476937	30477114	SINE/MIR	656	-	88	30477025	41965
chr16	30435060	30635060	harbor2	chr16	30511368	30511586	SINE/MIR	550	-	109	30511477	76417
chr16	4374711	4574711	harbor2	chr16	4421777	4421899	SINE/MIR	606	-	61	4421838	47127
chr16	4084908	4284908	harbor2	chr16	4170962	4171125	SINE/MIR	619	-	82	4171044	86136
chr16	2870244	3070244	harbor2	chr16	2880857	2881024	SINE/MIR	663	-	84	2880941	10697
chr16	67010349	67210349	harbor2	chr16	67011403	67011540	SINE/MIR	648	-	68	67011471	1122
chr16	12056811	12256811	harbor2	chr16	12085736	12085892	SINE/MIR	551	-	78	12085814	29003
chr16	12056811	12256811	harbor2	chr16	12126234	12126458	SINE/MIR	662	-	112	12126346	69535
chr16	56508531	56708531	harbor2	chr16	56523657	56523700	SINE/MIR	703	-	22	56523679	15148
chr16	56508531	56708531	harbor2	chr16	56523864	56524062	SINE/MIR	703	-	99	56523963	15432
chr16	56508531	56708531	harbor2	chr16	56538910	56539126	SINE/MIR	828	-	108	56539018	30487
chr16	4084077	4284077	harbor2	chr16	4170962	4171125	SINE/MIR	619	-	82	4171044	86967
chr16	31042549	31242549	harbor2	chr16	31067251	31067390	SINE/MIR	661	-	70	31067321	24772
chr16	31042549	31242549	harbor2	chr16	31120843	31121029	SINE/MIR	619	-	93	31120936	78387
chr16	31042549	31242549	harbor2	chr16	31134280	31134489	SINE/MIR	672	-	104	31134384	91835
chr16	2865147	3065147	harbor2	chr16	2880857	2881024	SINE/MIR	663	-	84	2880941	15794
chr16	57891927	58091927	harbor2	chr16	57900031	57900207	SINE/MIR	608	-	88	57900119	8192
chr16	57891927	58091927	harbor2	chr16	57913443	57913477	SINE/MIR	680	-	17	57913460	21533
chr16	57891927	58091927	harbor2	chr16	57913781	57913978	SINE/MIR	680	-	98	57913879	21952
chr16	1648243	1848243	harbor2	chr16	1689349	1689460	SINE/MIR	636	-	56	1689405	41162
chr16	1648243	1848243	harbor2	chr16	1689740	1689890	SINE/MIR	636	-	75	1689815	41572
chr16	1648243	1848243	harbor2	chr16	1690824	1691013	SINE/MIR	595	-	94	1690918	42675
chr16	4085175	4285175	harbor2	chr16	4170962	4171125	SINE/MIR	619	-	82	4171044	85869
chr16	56536591	56736591	harbor2	chr16	56538910	56539126	SINE/MIR	828	-	108	56539018	2427
chr16	57884877	58084877	harbor2	chr16	57888191	57888361	SINE/MIR	650	-	85	57888276	3399
chr16	57884877	58084877	harbor2	chr16	57889635	57889825	SINE/MIR	711	-	95	57889730	4853
chr16	57884877	58084877	harbor2	chr16	57900031	57900207	SINE/MIR	608	-	88	57900119	15242
chr16	57884877	58084877	harbor2	chr16	57913443	57913477	SINE/MIR	680	-	17	57913460	28583
chr16	57884877	58084877	harbor2	chr16	57913781	57913978	SINE/MIR	680	-	98	57913879	29002
chr16	31042564	31242564	harbor2	chr16	31067251	31067390	SINE/MIR	661	-	70	31067321	24757
chr16	31042564	31242564	harbor2	chr16	31120843	31121029	SINE/MIR	619	-	93	31120936	78372
chr16	31042564	31242564	harbor2	chr16	31134280	31134489	SINE/MIR	672	-	104	31134384	91820
chr16	71270097	71470097	harbor2	chr16	71309956	71310177	SINE/MIR	632	-	110	71310066	39969
chr16	71270097	71470097	harbor2	chr16	71312774	71313020	SINE/MIR	685	-	123	71312897	42800
chr16	71270097	71470097	harbor2	chr16	71334020	71334216	SINE/MIR	679	-	98	71334118	64021
chr16	71270097	71470097	harbor2	chr16	71353499	71353699	SINE/MIR	687	-	100	71353599	83502
chr16	71270097	71470097	harbor2	chr16	71356740	71356786	SINE/MIR	622	-	23	71356763	86666
chr16	71270097	71470097	harbor2	chr16	71357093	71357255	SINE/MIR	622	-	81	71357174	87077
chr16	71270097	71470097	harbor2	chr16	71366743	71366942	SINE/MIR	734	-	100	71366843	96746
chr16	4998410	5198410	harbor2	chr16	5002739	5002862	SINE/MIR	561	-	62	5002801	4391
chr16	4998410	5198410	harbor2	chr16	5043356	5043502	SINE/MIR	604	-	73	5043429	45019
chr16	4998410	5198410	harbor2	chr16	5045614	5045821	SINE/MIR	590	-	104	5045718	47308
chr16	4998410	5198410	harbor2	chr16	5073448	5073681	SINE/MIR	580	-	116	5073564	75154
chr16	4998410	5198410	harbor2	chr16	5096476	5096694	SINE/MIR	878	-	109	5096585	98175
chr16	67010382	67210382	harbor2	chr16	67011403	67011540	SINE/MIR	648	-	68	67011471	1089
chr16	56837249	57037249	harbor2	chr16	56878547	56878658	SINE/MIR	602	-	56	56878603	41354
chr16	56837249	57037249	harbor2	chr16	56885758	56885993	SINE/MIR	580	-	118	56885876	48627
chr16	56837249	57037249	harbor2	chr16	56903917	56904115	SINE/MIR	705	-	99	56904016	66767
chr16	56831966	57031966	harbor2	chr16	56878547	56878658	SINE/MIR	602	-	56	56878603	46637
chr16	56831966	57031966	harbor2	chr16	56885758	56885993	SINE/MIR	580	-	118	56885876	53910
chr16	56831966	57031966	harbor2	chr16	56903917	56904115	SINE/MIR	705	-	99	56904016	72050
chr16	1606151	1806151	harbor2	chr16	1689349	1689460	SINE/MIR	636	-	56	1689405	83254
chr16	1606151	1806151	harbor2	chr16	1689740	1689890	SINE/MIR	636	-	75	1689815	83664
chr16	1606151	1806151	harbor2	chr16	1690824	1691013	SINE/MIR	595	-	94	1690918	84767
chr16	67299632	67499632	harbor2	chr16	67300160	67300379	SINE/MIR	576	-	110	67300270	638
chr16	67299632	67499632	harbor2	chr16	67341323	67341471	SINE/MIR	611	-	74	67341397	41765
chr16	67299632	67499632	harbor2	chr16	67353715	67353887	SINE/MIR	609	-	86	67353801	54169
chr16	67299632	67499632	harbor2	chr16	67363307	67363538	SINE/MIR	563	-	116	67363423	63791
chr16	67010350	67210350	harbor2	chr16	67011403	67011540	SINE/MIR	648	-	68	67011471	1121
chr16	67092199	67292199	harbor2	chr16	67162353	67162561	SINE/MIR	888	-	104	67162457	70258
chr16	67092199	67292199	harbor2	chr16	67185956	67186147	SINE/MIR	803	-	96	67186052	93853
chr16	30330346	30530346	harbor2	chr16	30423606	30423838	SINE/MIR	785	-	116	30423722	93376
chr16	49757847	49957847	harbor2	chr16	49812050	49812254	SINE/MIR	584	-	102	49812152	54305
chr16	49757847	49957847	harbor2	chr16	49823308	49823537	SINE/MIR	683	-	114	49823422	65575
chr16	2865121	3065121	harbor2	chr16	2880857	2881024	SINE/MIR	663	-	84	2880941	15820
chr16	82831292	83031292	harbor2	chr16	82846387	82846629	SINE/MIR	833	-	121	82846508	15216
chr16	82831292	83031292	harbor2	chr16	82853414	82853632	SINE/MIR	688	-	109	82853523	22231
chr16	82831292	83031292	harbor2	chr16	82901947	82902100	SINE/MIR	550	-	76	82902023	70731
chr16	57892529	58092529	harbor2	chr16	57900031	57900207	SINE/MIR	608	-	88	57900119	7590
chr16	57892529	58092529	harbor2	chr16	57913443	57913477	SINE/MIR	680	-	17	57913460	20931
chr16	57892529	58092529	harbor2	chr16	57913781	57913978	SINE/MIR	680	-	98	57913879	21350
chr16	69105091	69305091	harbor2	chr16	69110588	69110775	SINE/MIR	665	-	94	69110682	5591
chr16	69105091	69305091	harbor2	chr16	69125234	69125481	SINE/MIR	558	-	124	69125358	20267
chr16	4085109	4285109	harbor2	chr16	4170962	4171125	SINE/MIR	619	-	82	4171044	85935
chr16	2873823	3073823	harbor2	chr16	2880857	2881024	SINE/MIR	663	-	84	2880941	7118
chr16	86769708	86969708	harbor2	chr16	86780174	86780367	SINE/MIR	641	-	96	86780270	10562
chr16	86769708	86969708	harbor2	chr16	86810275	86810562	SINE/MIR	641	-	144	86810419	40711
chr16	2868940	3068940	harbor2	chr16	2880857	2881024	SINE/MIR	663	-	84	2880941	12001
chr16	67399527	67599527	harbor2	chr16	67478041	67478275	SINE/MIR	690	-	117	67478158	78631
chr16	49564186	49764186	harbor2	chr16	49569777	49570020	SINE/MIR	728	-	122	49569899	5713
chr16	49564186	49764186	harbor2	chr16	49570229	49570423	SINE/MIR	729	-	97	49570326	6140
chr16	49564186	49764186	harbor2	chr16	49577237	49577463	SINE/MIR	662	-	113	49577350	13164
chr16	49564186	49764186	harbor2	chr16	49635209	49635554	SINE/MIR	678	-	172	49635381	71195
chr16	49564186	49764186	harbor2	chr16	49656806	49656989	SINE/MIR	617	-	92	49656898	92712
chr16	49564186	49764186	harbor2	chr16	49643320	49643550	SINE/MIR	929	-	115	49643435	79249
chr17	7477694	7677694	harbor2	chr17	7553469	7553656	SINE/MIR	711	-	94	7553563	75869
chr17	7477694	7677694	harbor2	chr17	7569843	7570094	SINE/MIR	756	-	126	7569969	92275
chr17	7493808	7693808	harbor2	chr17	7553469	7553656	SINE/MIR	711	-	94	7553563	59755
chr17	7493808	7693808	harbor2	chr17	7569843	7570094	SINE/MIR	756	-	126	7569969	76161
chr17	75009933	75209933	harbor2	chr17	75080253	75080312	SINE/MIR	687	-	30	75080283	70350
chr17	75009933	75209933	harbor2	chr17	75080614	75080794	SINE/MIR	687	-	90	75080704	70771
chr17	7491992	7691992	harbor2	chr17	7553469	7553656	SINE/MIR	711	-	94	7553563	61571
chr17	7491992	7691992	harbor2	chr17	7569843	7570094	SINE/MIR	756	-	126	7569969	77977
chr17	7477462	7677462	harbor2	chr17	7553469	7553656	SINE/MIR	711	-	94	7553563	76101
chr17	7477462	7677462	harbor2	chr17	7569843	7570094	SINE/MIR	756	-	126	7569969	92507
chr17	57541742	57741742	harbor2	chr17	57554624	57554828	SINE/MIR	627	-	102	57554726	12984
chr17	57541742	57741742	harbor2	chr17	57600793	57601032	SINE/MIR	608	-	120	57600913	59171
chr17	75010357	75210357	harbor2	chr17	75080253	75080312	SINE/MIR	687	-	30	75080283	69926
chr17	75010357	75210357	harbor2	chr17	75080614	75080794	SINE/MIR	687	-	90	75080704	70347
chr17	7489435	7689435	harbor2	chr17	7553469	7553656	SINE/MIR	711	-	94	7553563	64128
chr17	7489435	7689435	harbor2	chr17	7569843	7570094	SINE/MIR	756	-	126	7569969	80534
chr17	7475157	7675157	harbor2	chr17	7475363	7475485	SINE/MIR	691	-	61	7475424	267
chr17	7475157	7675157	harbor2	chr17	7475738	7475884	SINE/MIR	691	-	73	7475811	654
chr17	7475157	7675157	harbor2	chr17	7553469	7553656	SINE/MIR	711	-	94	7553563	78406
chr17	7475157	7675157	harbor2	chr17	7569843	7570094	SINE/MIR	756	-	126	7569969	94812
chr17	63524434	63724434	harbor2	chr17	63542600	63542816	SINE/MIR	667	-	108	63542708	18274
chr17	29491262	29691262	harbor2	chr17	29521367	29521587	SINE/MIR	751	-	110	29521477	30215
chr17	29491262	29691262	harbor2	chr17	29521881	29521908	SINE/MIR	751	-	14	29521895	30633
chr17	68099330	68299330	harbor2	chr17	68142620	68142757	SINE/MIR	704	-	68	68142688	43358
chr17	68099330	68299330	harbor2	chr17	68148712	68148926	SINE/MIR	861	-	107	68148819	49489
chr17	36848807	37048807	harbor2	chr17	36880697	36880937	SINE/MIR	805	-	120	36880817	32010
chr17	36848807	37048807	harbor2	chr17	36900658	36900910	SINE/MIR	834	-	126	36900784	51977
chr17	7462624	7662624	harbor2	chr17	7475363	7475485	SINE/MIR	691	-	61	7475424	12800
chr17	7462624	7662624	harbor2	chr17	7475738	7475884	SINE/MIR	691	-	73	7475811	13187
chr17	7462624	7662624	harbor2	chr17	7553469	7553656	SINE/MIR	711	-	94	7553563	90939
chr17	44254078	44454078	harbor2	chr17	44254773	44254976	SINE/MIR	626	-	102	44254875	797
chr17	72949343	73149343	harbor2	chr17	73047491	73047656	SINE/MIR	721	-	82	73047573	98230
chr17	33328761	33528761	harbor2	chr17	33331684	33331870	SINE/MIR	649	-	93	33331777	3016
chr17	33328761	33528761	harbor2	chr17	33369547	33369785	SINE/MIR	826	-	119	33369666	40905
chr17	7832177	8032177	harbor2	chr17	7869120	7869343	SINE/MIR	772	-	112	7869232	37055
chr17	18021809	18221809	harbor2	chr17	18024116	18024324	SINE/MIR	874	-	104	18024220	2411
chr17	18021809	18221809	harbor2	chr17	18027436	18027623	SINE/MIR	609	-	94	18027530	5721
chr17	7514483	7714483	harbor2	chr17	7553469	7553656	SINE/MIR	711	-	94	7553563	39080
chr17	7514483	7714483	harbor2	chr17	7569843	7570094	SINE/MIR	756	-	126	7569969	55486
chr17	3792936	3992936	harbor2	chr17	3836267	3836372	SINE/MIR	790	-	52	3836319	43383
chr17	3792936	3992936	harbor2	chr17	3836678	3836816	SINE/MIR	790	-	69	3836747	43811
chr17	78924121	79124121	harbor2	chr17	78991319	78991547	SINE/MIR	659	-	114	78991433	67312
chr17	7473235	7673235	harbor2	chr17	7475363	7475485	SINE/MIR	691	-	61	7475424	2189
chr17	7473235	7673235	harbor2	chr17	7475738	7475884	SINE/MIR	691	-	73	7475811	2576
chr17	7473235	7673235	harbor2	chr17	7553469	7553656	SINE/MIR	711	-	94	7553563	80328
chr17	7473235	7673235	harbor2	chr17	7569843	7570094	SINE/MIR	756	-	126	7569969	96734
chr17	7489456	7689456	harbor2	chr17	7553469	7553656	SINE/MIR	711	-	94	7553563	64107
chr17	7489456	7689456	harbor2	chr17	7569843	7570094	SINE/MIR	756	-	126	7569969	80513
chr17	79901503	80101503	harbor2	chr17	79953366	79953619	SINE/MIR	989	-	126	79953492	51989
chr17	992084	1192084	harbor2	chr17	1007612	1007812	SINE/MIR	824	-	100	1007712	15628
chr17	992084	1192084	harbor2	chr17	1088503	1088572	SINE/MIR	683	-	34	1088537	96453
chr17	992084	1192084	harbor2	chr17	1089334	1089515	SINE/MIR	683	-	90	1089424	97340
chr17	7463026	7663026	harbor2	chr17	7475363	7475485	SINE/MIR	691	-	61	7475424	12398
chr17	7463026	7663026	harbor2	chr17	7475738	7475884	SINE/MIR	691	-	73	7475811	12785
chr17	7463026	7663026	harbor2	chr17	7553469	7553656	SINE/MIR	711	-	94	7553563	90537
chr17	7514239	7714239	harbor2	chr17	7553469	7553656	SINE/MIR	711	-	94	7553563	39324
chr17	7514239	7714239	harbor2	chr17	7569843	7570094	SINE/MIR	756	-	126	7569969	55730
chr17	77746448	77946448	harbor2	chr17	77778125	77778353	SINE/MIR	627	-	114	77778239	31791
chr17	47938395	48138395	harbor2	chr17	48004315	48004531	SINE/MIR	834	-	108	48004423	66028
chr17	47938395	48138395	harbor2	chr17	48010282	48010536	SINE/MIR	920	-	127	48010409	72014
chr17	77101168	77301168	harbor2	chr17	77121326	77121368	SINE/MIR	612	-	21	77121347	20179
chr17	77101168	77301168	harbor2	chr17	77121657	77121842	SINE/MIR	612	-	92	77121749	20581
chr17	77101168	77301168	harbor2	chr17	77196889	77197120	SINE/MIR	815	-	116	77197005	95837
chr17	7488100	7688100	harbor2	chr17	7553469	7553656	SINE/MIR	711	-	94	7553563	65463
chr17	7488100	7688100	harbor2	chr17	7569843	7570094	SINE/MIR	756	-	126	7569969	81869
chr17	7477191	7677191	harbor2	chr17	7553469	7553656	SINE/MIR	711	-	94	7553563	76372
chr17	7477191	7677191	harbor2	chr17	7569843	7570094	SINE/MIR	756	-	126	7569969	92778
chr17	7489503	7689503	harbor2	chr17	7553469	7553656	SINE/MIR	711	-	94	7553563	64060
chr17	7489503	7689503	harbor2	chr17	7569843	7570094	SINE/MIR	756	-	126	7569969	80466
chr17	50068224	50268224	harbor2	chr17	50078524	50078731	SINE/MIR	719	-	104	50078628	10404
chr17	50068224	50268224	harbor2	chr17	50087130	50087365	SINE/MIR	970	-	118	50087248	19024
chr17	50068224	50268224	harbor2	chr17	50100623	50100858	SINE/MIR	864	-	118	50100741	32517
chr17	50068224	50268224	harbor2	chr17	50103458	50103678	SINE/MIR	665	-	110	50103568	35344
chr17	50068224	50268224	harbor2	chr17	50118785	50119002	SINE/MIR	724	-	108	50118893	50669
chr17	50068224	50268224	harbor2	chr17	50125338	50125535	SINE/MIR	596	-	98	50125436	57212
chr17	50068224	50268224	harbor2	chr17	50138931	50139074	SINE/MIR	668	-	72	50139003	70779
chr17	7526756	7726756	harbor2	chr17	7553469	7553656	SINE/MIR	711	-	94	7553563	26807
chr17	7526756	7726756	harbor2	chr17	7569843	7570094	SINE/MIR	756	-	126	7569969	43213
chr17	7461749	7661749	harbor2	chr17	7475363	7475485	SINE/MIR	691	-	61	7475424	13675
chr17	7461749	7661749	harbor2	chr17	7475738	7475884	SINE/MIR	691	-	73	7475811	14062
chr17	7461749	7661749	harbor2	chr17	7553469	7553656	SINE/MIR	711	-	94	7553563	91814
chr17	7461773	7661773	harbor2	chr17	7475363	7475485	SINE/MIR	691	-	61	7475424	13651
chr17	7461773	7661773	harbor2	chr17	7475738	7475884	SINE/MIR	691	-	73	7475811	14038
chr17	7461773	7661773	harbor2	chr17	7553469	7553656	SINE/MIR	711	-	94	7553563	91790
chr17	29491867	29691867	harbor2	chr17	29521367	29521587	SINE/MIR	751	-	110	29521477	29610
chr17	29491867	29691867	harbor2	chr17	29521881	29521908	SINE/MIR	751	-	14	29521895	30028
chr17	77288798	77488798	harbor2	chr17	77354154	77354301	SINE/MIR	656	-	74	77354228	65430
chr17	33193427	33393427	harbor2	chr17	33227650	33227883	SINE/MIR	972	-	116	33227766	34339
chr17	33193427	33393427	harbor2	chr17	33251285	33251316	SINE/MIR	645	-	16	33251301	57874
chr17	33193427	33393427	harbor2	chr17	33251317	33251334	SINE/MIR	729	-	8	33251325	57898
chr17	33193427	33393427	harbor2	chr17	33251622	33251841	SINE/MIR	729	-	110	33251732	58305
chr17	33193427	33393427	harbor2	chr17	33251890	33252090	SINE/MIR	613	-	100	33251990	58563
chr17	33193427	33393427	harbor2	chr17	33258706	33258873	SINE/MIR	608	-	84	33258790	65363
chr17	33193427	33393427	harbor2	chr17	33261581	33261797	SINE/MIR	635	-	108	33261689	68262
chr17	33193427	33393427	harbor2	chr17	33264308	33264547	SINE/MIR	941	-	120	33264428	71001
chr17	33193427	33393427	harbor2	chr17	33270830	33271058	SINE/MIR	601	-	114	33270944	77517
chr17	33193427	33393427	harbor2	chr17	33288761	33288936	SINE/MIR	692	-	88	33288849	95422
chr17	38630351	38830351	harbor2	chr17	38652126	38652298	SINE/MIR	663	-	86	38652212	21861
chr17	38630351	38830351	harbor2	chr17	38652593	38652663	SINE/MIR	663	-	35	38652628	22277
chr17	38630351	38830351	harbor2	chr17	38714104	38714281	SINE/MIR	730	-	88	38714192	83841
chr17	76485855	76685855	harbor2	chr17	76546747	76546946	SINE/MIR	594	-	100	76546847	60992
chr17	76485855	76685855	harbor2	chr17	76550829	76551081	SINE/MIR	642	-	126	76550955	65100
chr17	49774727	49974727	harbor2	chr17	49776137	49776323	SINE/MIR	701	-	93	49776230	1503
chr17	49774727	49974727	harbor2	chr17	49785071	49785232	SINE/MIR	717	-	80	49785151	10424
chr17	49774727	49974727	harbor2	chr17	49785539	49785614	SINE/MIR	717	-	38	49785577	10850
chr17	49774727	49974727	harbor2	chr17	49796317	49796570	SINE/MIR	653	-	126	49796443	21716
chr17	49774727	49974727	harbor2	chr17	49844834	49845039	SINE/MIR	636	-	102	49844936	70209
chr17	49774727	49974727	harbor2	chr17	49867579	49867794	SINE/MIR	841	-	108	49867687	92960
chr17	29489611	29689611	harbor2	chr17	29521367	29521587	SINE/MIR	751	-	110	29521477	31866
chr17	29489611	29689611	harbor2	chr17	29521881	29521908	SINE/MIR	751	-	14	29521895	32284
chr17	61827976	62027976	harbor2	chr17	61842751	61842948	SINE/MIR	692	-	98	61842849	14873
chr17	61827976	62027976	harbor2	chr17	61868186	61868402	SINE/MIR	645	-	108	61868294	40318
chr17	7463028	7663028	harbor2	chr17	7475363	7475485	SINE/MIR	691	-	61	7475424	12396
chr17	7463028	7663028	harbor2	chr17	7475738	7475884	SINE/MIR	691	-	73	7475811	12783
chr17	7463028	7663028	harbor2	chr17	7553469	7553656	SINE/MIR	711	-	94	7553563	90535
chr17	75009931	75209931	harbor2	chr17	75080253	75080312	SINE/MIR	687	-	30	75080283	70352
chr17	75009931	75209931	harbor2	chr17	75080614	75080794	SINE/MIR	687	-	90	75080704	70773
chr17	7339726	7539726	harbor2	chr17	7385453	7385575	SINE/MIR	760	-	61	7385514	45788
chr17	7339726	7539726	harbor2	chr17	7385865	7386018	SINE/MIR	760	-	76	7385941	46215
chr17	77156768	77356768	harbor2	chr17	77196889	77197120	SINE/MIR	815	-	116	77197005	40237
chr17	33193168	33393168	harbor2	chr17	33227650	33227883	SINE/MIR	972	-	116	33227766	34598
chr17	33193168	33393168	harbor2	chr17	33251285	33251316	SINE/MIR	645	-	16	33251301	58133
chr17	33193168	33393168	harbor2	chr17	33251317	33251334	SINE/MIR	729	-	8	33251325	58157
chr17	33193168	33393168	harbor2	chr17	33251622	33251841	SINE/MIR	729	-	110	33251732	58564
chr17	33193168	33393168	harbor2	chr17	33251890	33252090	SINE/MIR	613	-	100	33251990	58822
chr17	33193168	33393168	harbor2	chr17	33258706	33258873	SINE/MIR	608	-	84	33258790	65622
chr17	33193168	33393168	harbor2	chr17	33261581	33261797	SINE/MIR	635	-	108	33261689	68521
chr17	33193168	33393168	harbor2	chr17	33264308	33264547	SINE/MIR	941	-	120	33264428	71260
chr17	33193168	33393168	harbor2	chr17	33270830	33271058	SINE/MIR	601	-	114	33270944	77776
chr17	33193168	33393168	harbor2	chr17	33288761	33288936	SINE/MIR	692	-	88	33288849	95681
chr17	78924099	79124099	harbor2	chr17	78991319	78991547	SINE/MIR	659	-	114	78991433	67334
chr17	28320288	28520288	harbor2	chr17	28380712	28380964	SINE/MIR	741	-	126	28380838	60550
chr17	28320288	28520288	harbor2	chr17	28414199	28414418	SINE/MIR	785	-	110	28414309	94021
chr17	7474761	7674761	harbor2	chr17	7475363	7475485	SINE/MIR	691	-	61	7475424	663
chr17	7474761	7674761	harbor2	chr17	7475738	7475884	SINE/MIR	691	-	73	7475811	1050
chr17	7474761	7674761	harbor2	chr17	7553469	7553656	SINE/MIR	711	-	94	7553563	78802
chr17	7474761	7674761	harbor2	chr17	7569843	7570094	SINE/MIR	756	-	126	7569969	95208
chr17	29472983	29672983	harbor2	chr17	29521367	29521587	SINE/MIR	751	-	110	29521477	48494
chr17	29472983	29672983	harbor2	chr17	29521881	29521908	SINE/MIR	751	-	14	29521895	48912
chr17	9859773	10059773	harbor2	chr17	9876867	9877140	SINE/MIR	872	-	136	9877003	17230
chr17	9859773	10059773	harbor2	chr17	9955418	9955642	SINE/MIR	1200	-	112	9955530	95757
chr17	9859773	10059773	harbor2	chr17	9958009	9958239	SINE/MIR	641	-	115	9958124	98351
chr17	1663508	1863508	harbor2	chr17	1667991	1668194	SINE/MIR	690	-	102	1668093	4585
chr17	991175	1191175	harbor2	chr17	1007612	1007812	SINE/MIR	824	-	100	1007712	16537
chr17	991175	1191175	harbor2	chr17	1088503	1088572	SINE/MIR	683	-	34	1088537	97362
chr17	991175	1191175	harbor2	chr17	1089334	1089515	SINE/MIR	683	-	90	1089424	98249
chr17	39497259	39697259	harbor2	chr17	39571868	39572114	SINE/MIR	925	-	123	39571991	74732
chr17	39497259	39697259	harbor2	chr17	39578751	39578977	SINE/MIR	910	-	113	39578864	81605
chr17	39497259	39697259	harbor2	chr17	39580606	39580861	SINE/MIR	1037	-	128	39580734	83475
chr17	39497259	39697259	harbor2	chr17	39581593	39581783	SINE/MIR	762	-	95	39581688	84429
chr17	69432886	69632886	harbor2	chr17	69439834	69440052	SINE/MIR	633	-	109	69439943	7057
chr17	69432886	69632886	harbor2	chr17	69440348	69440373	SINE/MIR	633	-	12	69440360	7474
chr17	75009932	75209932	harbor2	chr17	75080253	75080312	SINE/MIR	687	-	30	75080283	70351
chr17	75009932	75209932	harbor2	chr17	75080614	75080794	SINE/MIR	687	-	90	75080704	70772
chr17	39657906	39857906	harbor2	chr17	39698086	39698260	SINE/MIR	697	-	87	39698173	40267
chr17	39657906	39857906	harbor2	chr17	39698559	39698614	SINE/MIR	697	-	28	39698587	40681
chr17	79301313	79501313	harbor2	chr17	79326820	79327060	SINE/MIR	690	-	120	79326940	25627
chr17	76146968	76346968	harbor2	chr17	76178644	76178811	SINE/MIR	607	-	84	76178728	31760
chr17	76146968	76346968	harbor2	chr17	76242614	76242732	SINE/MIR	620	-	59	76242673	95705
chr17	7488084	7688084	harbor2	chr17	7553469	7553656	SINE/MIR	711	-	94	7553563	65479
chr17	7488084	7688084	harbor2	chr17	7569843	7570094	SINE/MIR	756	-	126	7569969	81885
chr17	2838078	3038078	harbor2	chr17	2846636	2846833	SINE/MIR	643	-	98	2846734	8656
chr17	2838639	3038639	harbor2	chr17	2846636	2846833	SINE/MIR	643	-	98	2846734	8095
chr17	7758049	7958049	harbor2	chr17	7801207	7801422	SINE/MIR	608	-	108	7801315	43266
chr17	7758049	7958049	harbor2	chr17	7824889	7825070	SINE/MIR	668	-	90	7824979	66930
chr17	7461827	7661827	harbor2	chr17	7475363	7475485	SINE/MIR	691	-	61	7475424	13597
chr17	7461827	7661827	harbor2	chr17	7475738	7475884	SINE/MIR	691	-	73	7475811	13984
chr17	7461827	7661827	harbor2	chr17	7553469	7553656	SINE/MIR	711	-	94	7553563	91736
chr17	32776669	32976669	harbor2	chr17	32812295	32812535	SINE/MIR	723	-	120	32812415	35746
chr17	32776669	32976669	harbor2	chr17	32817682	32817844	SINE/MIR	833	-	81	32817763	41094
chr17	32776669	32976669	harbor2	chr17	32818146	32818245	SINE/MIR	833	-	50	32818196	41527
chr17	32776669	32976669	harbor2	chr17	32819723	32819918	SINE/MIR	707	-	98	32819821	43152
chr17	32776669	32976669	harbor2	chr17	32824473	32824705	SINE/MIR	599	-	116	32824589	47920
chr17	32776669	32976669	harbor2	chr17	32875363	32875557	SINE/MIR	597	-	97	32875460	98791
chr17	31389658	31589658	harbor2	chr17	31484773	31485019	SINE/MIR	747	-	123	31484896	95238
chr17	7588468	7788468	harbor2	chr17	7629607	7629744	SINE/MIR	594	-	68	7629675	41207
chr17	40547830	40747830	harbor2	chr17	40551088	40551277	SINE/MIR	842	-	94	40551182	3352
chr17	40547830	40747830	harbor2	chr17	40561949	40562183	SINE/MIR	737	-	117	40562066	14236
chr17	40547830	40747830	harbor2	chr17	40590876	40591096	SINE/MIR	693	-	110	40590986	43156
chr17	75415680	75615680	harbor2	chr17	75467931	75468157	SINE/MIR	678	-	113	75468044	52364
chr17	38634397	38834397	harbor2	chr17	38652126	38652298	SINE/MIR	663	-	86	38652212	17815
chr17	38634397	38834397	harbor2	chr17	38652593	38652663	SINE/MIR	663	-	35	38652628	18231
chr17	38634397	38834397	harbor2	chr17	38714104	38714281	SINE/MIR	730	-	88	38714192	79795
chr17	2902561	3102561	harbor2	chr17	2962249	2962476	SINE/MIR	895	-	114	2962363	59802
chr17	39843014	40043014	harbor2	chr17	39909073	39909267	SINE/MIR	723	-	97	39909170	66156
chr17	39843014	40043014	harbor2	chr17	39910366	39910586	SINE/MIR	773	-	110	39910476	67462
chr17	39843014	40043014	harbor2	chr17	39916206	39916280	SINE/MIR	709	-	37	39916243	73229
chr17	39843014	40043014	harbor2	chr17	39916586	39916744	SINE/MIR	709	-	79	39916665	73651
chr17	39843014	40043014	harbor2	chr17	39919948	39920158	SINE/MIR	656	-	105	39920053	77039
chr17	27992414	28192414	harbor2	chr17	27997004	27997242	SINE/MIR	633	-	119	27997123	4709
chr17	27992414	28192414	harbor2	chr17	28034648	28034830	SINE/MIR	603	-	91	28034739	42325
chr17	17872744	18072744	harbor2	chr17	17902834	17902986	SINE/MIR	652	-	76	17902910	30166
chr17	7464666	7664666	harbor2	chr17	7475363	7475485	SINE/MIR	691	-	61	7475424	10758
chr17	7464666	7664666	harbor2	chr17	7475738	7475884	SINE/MIR	691	-	73	7475811	11145
chr17	7464666	7664666	harbor2	chr17	7553469	7553656	SINE/MIR	711	-	94	7553563	88897
chr17	7587525	7787525	harbor2	chr17	7629607	7629744	SINE/MIR	594	-	68	7629675	42150
chr17	79301315	79501315	harbor2	chr17	79326820	79327060	SINE/MIR	690	-	120	79326940	25625
chr17	78908254	79108254	harbor2	chr17	78991319	78991547	SINE/MIR	659	-	114	78991433	83179
chr17	47912946	48112946	harbor2	chr17	48004315	48004531	SINE/MIR	834	-	108	48004423	91477
chr17	47912946	48112946	harbor2	chr17	48010282	48010536	SINE/MIR	920	-	127	48010409	97463
chr17	7472460	7672460	harbor2	chr17	7475363	7475485	SINE/MIR	691	-	61	7475424	2964
chr17	7472460	7672460	harbor2	chr17	7475738	7475884	SINE/MIR	691	-	73	7475811	3351
chr17	7472460	7672460	harbor2	chr17	7553469	7553656	SINE/MIR	711	-	94	7553563	81103
chr17	7472460	7672460	harbor2	chr17	7569843	7570094	SINE/MIR	756	-	126	7569969	97509
chr17	48956358	49156358	harbor2	chr17	48965758	48965976	SINE/MIR	647	-	109	48965867	9509
chr17	7461796	7661796	harbor2	chr17	7475363	7475485	SINE/MIR	691	-	61	7475424	13628
chr17	7461796	7661796	harbor2	chr17	7475738	7475884	SINE/MIR	691	-	73	7475811	14015
chr17	7461796	7661796	harbor2	chr17	7553469	7553656	SINE/MIR	711	-	94	7553563	91767
chr17	63512433	63712433	harbor2	chr17	63518568	63518813	SINE/MIR	818	-	122	63518690	6257
chr17	63512433	63712433	harbor2	chr17	63542600	63542816	SINE/MIR	667	-	108	63542708	30275
chr17	79284967	79484967	harbor2	chr17	79326820	79327060	SINE/MIR	690	-	120	79326940	41973
chr17	7472419	7672419	harbor2	chr17	7475363	7475485	SINE/MIR	691	-	61	7475424	3005
chr17	7472419	7672419	harbor2	chr17	7475738	7475884	SINE/MIR	691	-	73	7475811	3392
chr17	7472419	7672419	harbor2	chr17	7553469	7553656	SINE/MIR	711	-	94	7553563	81144
chr17	7472419	7672419	harbor2	chr17	7569843	7570094	SINE/MIR	756	-	126	7569969	97550
chr17	1000805	1200805	harbor2	chr17	1007612	1007812	SINE/MIR	824	-	100	1007712	6907
chr17	1000805	1200805	harbor2	chr17	1088503	1088572	SINE/MIR	683	-	34	1088537	87732
chr17	1000805	1200805	harbor2	chr17	1089334	1089515	SINE/MIR	683	-	90	1089424	88619
chr17	44677505	44877505	harbor2	chr17	44685705	44685918	SINE/MIR	793	-	106	44685811	8306
chr17	44677505	44877505	harbor2	chr17	44686213	44686231	SINE/MIR	793	-	9	44686222	8717
chr17	7618194	7818194	harbor2	chr17	7629607	7629744	SINE/MIR	594	-	68	7629675	11481
chr17	78989193	79189193	harbor2	chr17	78991319	78991547	SINE/MIR	659	-	114	78991433	2240
chr17	62166308	62366308	harbor2	chr17	62254464	62254639	SINE/MIR	596	-	88	62254552	88244
chr17	62166308	62366308	harbor2	chr17	62255114	62255337	SINE/MIR	772	-	112	62255226	88918
chr17	62166308	62366308	harbor2	chr17	62258741	62258895	SINE/MIR	599	-	77	62258818	92510
chr17	57768134	57968134	harbor2	chr17	57825924	57826135	SINE/MIR	974	-	106	57826030	57896
chr17	57768134	57968134	harbor2	chr17	57832955	57833159	SINE/MIR	745	-	102	57833057	64923
chr17	7472691	7672691	harbor2	chr17	7475363	7475485	SINE/MIR	691	-	61	7475424	2733
chr17	7472691	7672691	harbor2	chr17	7475738	7475884	SINE/MIR	691	-	73	7475811	3120
chr17	7472691	7672691	harbor2	chr17	7553469	7553656	SINE/MIR	711	-	94	7553563	80872
chr17	7472691	7672691	harbor2	chr17	7569843	7570094	SINE/MIR	756	-	126	7569969	97278
chr17	35649355	35849355	harbor2	chr17	35729688	35729916	SINE/MIR	646	-	114	35729802	80447
chr17	76485858	76685858	harbor2	chr17	76546747	76546946	SINE/MIR	594	-	100	76546847	60989
chr17	76485858	76685858	harbor2	chr17	76550829	76551081	SINE/MIR	642	-	126	76550955	65097
chr17	8344316	8544316	harbor2	chr17	8384512	8384730	SINE/MIR	608	-	109	8384621	40305
chr17	8344316	8544316	harbor2	chr17	8439780	8440034	SINE/MIR	811	-	127	8439907	95591
chr17	7465556	7665556	harbor2	chr17	7475363	7475485	SINE/MIR	691	-	61	7475424	9868
chr17	7465556	7665556	harbor2	chr17	7475738	7475884	SINE/MIR	691	-	73	7475811	10255
chr17	7465556	7665556	harbor2	chr17	7553469	7553656	SINE/MIR	711	-	94	7553563	88007
chr17	47195622	47395622	harbor2	chr17	47213941	47214197	SINE/MIR	1112	-	128	47214069	18447
chr17	47195622	47395622	harbor2	chr17	47235531	47235789	SINE/MIR	711	-	129	47235660	40038
chr17	44456186	44656186	harbor2	chr17	44534556	44534754	SINE/MIR	844	-	99	44534655	78469
chr17	8376092	8576092	harbor2	chr17	8384512	8384730	SINE/MIR	608	-	109	8384621	8529
chr17	8376092	8576092	harbor2	chr17	8439780	8440034	SINE/MIR	811	-	127	8439907	63815
chr17	27233081	27433081	harbor2	chr17	27235859	27236080	SINE/MIR	625	-	110	27235969	2888
chr17	27233081	27433081	harbor2	chr17	27322727	27322944	SINE/MIR	1034	-	108	27322835	89754
chr17	27233081	27433081	harbor2	chr17	27326682	27326881	SINE/MIR	765	-	100	27326782	93701
chr18	26129359	26329359	harbor2	chr18	26131281	26131463	SINE/MIR	632	-	91	26131372	2013
chr18	26126451	26326451	harbor2	chr18	26131281	26131463	SINE/MIR	632	-	91	26131372	4921
chr18	26128509	26328509	harbor2	chr18	26131281	26131463	SINE/MIR	632	-	91	26131372	2863
chr18	26126452	26326452	harbor2	chr18	26131281	26131463	SINE/MIR	632	-	91	26131372	4920
chr18	26128609	26328609	harbor2	chr18	26131281	26131463	SINE/MIR	632	-	91	26131372	2763
chr18	26126723	26326723	harbor2	chr18	26131281	26131463	SINE/MIR	632	-	91	26131372	4649
chr18	37466535	37666535	harbor2	chr18	37472487	37472697	SINE/MIR	533	-	105	37472592	6057
chr18	37466535	37666535	harbor2	chr18	37497776	37498008	SINE/MIR	651	-	116	37497892	31357
chr18	37466535	37666535	harbor2	chr18	37530155	37530334	SINE/MIR	500	-	90	37530245	63710
chr18	37466535	37666535	harbor2	chr18	37539149	37539392	SINE/MIR	950	-	122	37539271	72736
chr18	26127358	26327358	harbor2	chr18	26131281	26131463	SINE/MIR	632	-	91	26131372	4014
chr18	12848395	13048395	harbor2	chr18	12859337	12859573	SINE/MIR	583	-	118	12859455	11060
chr18	12848395	13048395	harbor2	chr18	12916924	12917105	SINE/MIR	563	-	90	12917014	68619
chr18	57458489	57658489	harbor2	chr18	57497870	57498019	SINE/MIR	497	-	74	57497944	39455
chr18	57458489	57658489	harbor2	chr18	57507072	57507144	SINE/MIR	533	-	36	57507108	48619
chr18	57458489	57658489	harbor2	chr18	57507446	57507550	SINE/MIR	533	-	52	57507498	49009
chr18	76338499	76538499	harbor2	chr18	76339288	76339520	SINE/MIR	787	-	116	76339404	905
chr18	65788461	65988461	harbor2	chr18	65868240	65868458	SINE/MIR	653	-	109	65868349	79888
chr18	12196156	12396156	harbor2	chr18	12251490	12251666	SINE/MIR	559	-	88	12251578	55422
chr18	65651749	65851749	harbor2	chr18	65652494	65652652	SINE/MIR	516	-	79	65652573	824
chr18	65651749	65851749	harbor2	chr18	65734104	65734320	SINE/MIR	710	-	108	65734212	82463
chr18	24500243	24700243	harbor2	chr18	24597257	24597441	SINE/MIR	557	-	92	24597349	97106
chr18	26127435	26327435	harbor2	chr18	26131281	26131463	SINE/MIR	632	-	91	26131372	3937
chr18	27134071	27334071	harbor2	chr18	27138634	27138870	SINE/MIR	1002	-	118	27138752	4681
chr18	78878892	79078892	harbor2	chr18	78915976	78916202	SINE/MIR	557	-	113	78916089	37197
chr18	63860473	64060473	harbor2	chr18	63893756	63893902	SINE/MIR	506	-	73	63893829	33356
chr18	12177247	12377247	harbor2	chr18	12251490	12251666	SINE/MIR	559	-	88	12251578	74331
chr18	62778589	62978589	harbor2	chr18	62793588	62793803	SINE/MIR	664	-	108	62793696	15107
chr18	62778589	62978589	harbor2	chr18	62796247	62796422	SINE/MIR	574	-	88	62796335	17746
chr19	10869257	11069257	harbor2	chr19	10908413	10908685	SINE/MIR	1228	-	136	10908549	39292
chr19	10789145	10989145	harbor2	chr19	10868845	10869044	SINE/MIR	653	-	100	10868945	79800
chr19	9993299	10193299	harbor2	chr19	10014414	10014528	SINE/MIR	803	-	57	10014471	21172
chr19	9993299	10193299	harbor2	chr19	10014837	10014976	SINE/MIR	803	-	70	10014907	21608
chr19	9993299	10193299	harbor2	chr19	10049722	10049895	SINE/MIR	803	-	86	10049808	56509
chr19	9993299	10193299	harbor2	chr19	10052030	10052218	SINE/MIR	925	-	94	10052124	58825
chr19	9993299	10193299	harbor2	chr19	10068698	10068931	SINE/MIR	994	-	116	10068814	75515
chr19	10771152	10971152	harbor2	chr19	10868845	10869044	SINE/MIR	653	-	100	10868945	97793
chr19	46921885	47121885	harbor2	chr19	46927631	46927874	SINE/MIR	637	-	122	46927753	5868
chr19	46921885	47121885	harbor2	chr19	47017140	47017323	SINE/MIR	671	-	92	47017232	95347
chr19	56021004	56221004	harbor2	chr19	56062768	56062922	SINE/MIR	671	-	77	56062845	41841
chr19	56021004	56221004	harbor2	chr19	56063216	56063283	SINE/MIR	671	-	34	56063250	42246
chr19	45369318	45569318	harbor2	chr19	45392517	45392724	SINE/MIR	651	-	104	45392621	23303
chr19	18336331	18536331	harbor2	chr19	18354848	18354961	SINE/MIR	711	-	56	18354904	18573
chr19	18336331	18536331	harbor2	chr19	18355561	18355678	SINE/MIR	711	-	58	18355619	19288
chr19	18336331	18536331	harbor2	chr19	18395614	18395709	SINE/MIR	686	-	48	18395662	59331
chr19	18336331	18536331	harbor2	chr19	18396021	18396159	SINE/MIR	686	-	69	18396090	59759
chr19	55187173	55387173	harbor2	chr19	55278433	55278631	SINE/MIR	787	-	99	55278532	91359
chr19	55187173	55387173	harbor2	chr19	55278942	55278971	SINE/MIR	787	-	14	55278956	91783
chr19	49290589	49490589	harbor2	chr19	49351424	49351653	SINE/MIR	666	-	114	49351538	60949
chr19	12939635	13139635	harbor2	chr19	12968009	12968213	SINE/MIR	777	-	102	12968111	28476
chr19	6273407	6473407	harbor2	chr19	6305486	6305699	SINE/MIR	734	-	106	6305592	32185
chr19	50588275	50788275	harbor2	chr19	50632887	50632993	SINE/MIR	737	-	53	50632940	44665
chr19	50588275	50788275	harbor2	chr19	50633281	50633441	SINE/MIR	737	-	80	50633361	45086
chr19	50588275	50788275	harbor2	chr19	50633690	50633940	SINE/MIR	764	-	125	50633815	45540
chr19	50588275	50788275	harbor2	chr19	50636772	50636994	SINE/MIR	677	-	111	50636883	48608
chr19	50588275	50788275	harbor2	chr19	50662955	50663172	SINE/MIR	917	-	108	50663063	74788
chr19	42117803	42317803	harbor2	chr19	42136508	42136704	SINE/MIR	633	-	98	42136606	18803
chr19	42117803	42317803	harbor2	chr19	42201020	42201237	SINE/MIR	754	-	108	42201128	83325
chr19	42117803	42317803	harbor2	chr19	42202935	42203194	SINE/MIR	842	-	130	42203065	85262
chr19	12672571	12872571	harbor2	chr19	12693036	12693198	SINE/MIR	658	-	81	12693117	20546
chr19	12938720	13138720	harbor2	chr19	12968009	12968213	SINE/MIR	777	-	102	12968111	29391
chr19	45895387	46095387	harbor2	chr19	45900815	45901003	SINE/MIR	797	-	94	45900909	5522
chr19	45895387	46095387	harbor2	chr19	45968605	45968846	SINE/MIR	660	-	120	45968725	73338
chr19	55246752	55446752	harbor2	chr19	55278433	55278631	SINE/MIR	787	-	99	55278532	31780
chr19	55246752	55446752	harbor2	chr19	55278942	55278971	SINE/MIR	787	-	14	55278956	32204
chr19	12938715	13138715	harbor2	chr19	12968009	12968213	SINE/MIR	777	-	102	12968111	29396
chr19	12939660	13139660	harbor2	chr19	12968009	12968213	SINE/MIR	777	-	102	12968111	28451
chr19	7825474	8025474	harbor2	chr19	7918537	7918710	SINE/MIR	652	-	86	7918623	93149
chr19	48095517	48295517	harbor2	chr19	48141102	48141149	SINE/MIR	841	-	24	48141126	45609
chr19	48095517	48295517	harbor2	chr19	48141432	48141632	SINE/MIR	841	-	100	48141532	46015
chr19	48095517	48295517	harbor2	chr19	48156378	48156584	SINE/MIR	654	-	103	48156481	60964
chr19	48095517	48295517	harbor2	chr19	48176280	48176531	SINE/MIR	747	-	126	48176406	80889
chr19	48095517	48295517	harbor2	chr19	48182147	48182323	SINE/MIR	758	-	88	48182235	86718
chr19	48095517	48295517	harbor2	chr19	48184620	48184900	SINE/MIR	1219	-	140	48184760	89243
chr19	50276756	50476756	harbor2	chr19	50307445	50307666	SINE/MIR	846	-	110	50307555	30799
chr19	41881856	42081856	harbor2	chr19	41931964	41932215	SINE/MIR	854	-	126	41932090	50234
chr19	38799487	38999487	harbor2	chr19	38841226	38841498	SINE/MIR	866	-	136	38841362	41875
chr19	38799487	38999487	harbor2	chr19	38889218	38889430	SINE/MIR	719	-	106	38889324	89837
chr19	50172311	50372311	harbor2	chr19	50248575	50248730	SINE/MIR	883	-	78	50248653	76342
chr19	50172311	50372311	harbor2	chr19	50255540	50255750	SINE/MIR	712	-	105	50255645	83334
chr19	49292104	49492104	harbor2	chr19	49351424	49351653	SINE/MIR	666	-	114	49351538	59434
chr19	7825333	8025333	harbor2	chr19	7918537	7918710	SINE/MIR	652	-	86	7918623	93290
chr19	56021006	56221006	harbor2	chr19	56062768	56062922	SINE/MIR	671	-	77	56062845	41839
chr19	56021006	56221006	harbor2	chr19	56063216	56063283	SINE/MIR	671	-	34	56063250	42244
chr19	35543573	35743573	harbor2	chr19	35552463	35552615	SINE/MIR	645	-	76	35552539	8966
chr19	35543573	35743573	harbor2	chr19	35557183	35557368	SINE/MIR	698	-	92	35557275	13702
chr19	35543573	35743573	harbor2	chr19	35582748	35582974	SINE/MIR	745	-	113	35582861	39288
chr19	35543573	35743573	harbor2	chr19	35620397	35620628	SINE/MIR	713	-	116	35620513	76940
chr19	56021023	56221023	harbor2	chr19	56062768	56062922	SINE/MIR	671	-	77	56062845	41822
chr19	56021023	56221023	harbor2	chr19	56063216	56063283	SINE/MIR	671	-	34	56063250	42227
chr19	57180316	57380316	harbor2	chr19	57260887	57261100	SINE/MIR	777	-	106	57260993	80677
chr19	5878158	6078158	harbor2	chr19	5973764	5973987	SINE/MIR	660	-	112	5973876	95718
chr19	10019525	10219525	harbor2	chr19	10049722	10049895	SINE/MIR	803	-	86	10049808	30283
chr19	10019525	10219525	harbor2	chr19	10052030	10052218	SINE/MIR	925	-	94	10052124	32599
chr19	10019525	10219525	harbor2	chr19	10068698	10068931	SINE/MIR	994	-	116	10068814	49289
chr19	10019525	10219525	harbor2	chr19	10102988	10103218	SINE/MIR	685	-	115	10103103	83578
chr19	3323755	3523755	harbor2	chr19	3397070	3397289	SINE/MIR	678	-	110	3397180	73425
chr19	57180327	57380327	harbor2	chr19	57260887	57261100	SINE/MIR	777	-	106	57260993	80666
chr19	42234251	42434251	harbor2	chr19	42256592	42256865	SINE/MIR	706	-	136	42256728	22477
chr19	42234251	42434251	harbor2	chr19	42274982	42275189	SINE/MIR	648	-	104	42275086	40835
chr19	42234251	42434251	harbor2	chr19	42332886	42333035	SINE/MIR	636	-	74	42332960	98709
chr19	39746502	39946502	harbor2	chr19	39831431	39831649	SINE/MIR	858	-	109	39831540	85038
chr19	32997991	33197991	harbor2	chr19	33000975	33001210	SINE/MIR	833	-	118	33001093	3102
chr19	32997991	33197991	harbor2	chr19	33072070	33072239	SINE/MIR	692	-	84	33072154	74163
chr19	48648417	48848417	harbor2	chr19	48668309	48668548	SINE/MIR	897	-	120	48668429	20012
chr19	36015441	36215441	harbor2	chr19	36022241	36022471	SINE/MIR	819	-	115	36022356	6915
chr19	45378520	45578520	harbor2	chr19	45392517	45392724	SINE/MIR	651	-	104	45392621	14101
chr19	12938736	13138736	harbor2	chr19	12968009	12968213	SINE/MIR	777	-	102	12968111	29375
chr19	44976314	45176314	harbor2	chr19	45008226	45008369	SINE/MIR	656	-	72	45008298	31984
chr19	39309648	39509648	harbor2	chr19	39323246	39323438	SINE/MIR	881	-	96	39323342	13694
chr19	39309648	39509648	harbor2	chr19	39333605	39333843	SINE/MIR	834	-	119	39333724	24076
chr19	39309648	39509648	harbor2	chr19	39334637	39334837	SINE/MIR	664	-	100	39334737	25089
chr19	39309648	39509648	harbor2	chr19	39335151	39335186	SINE/MIR	643	-	18	39335169	25521
chr19	39309648	39509648	harbor2	chr19	39363540	39363787	SINE/MIR	698	-	124	39363664	54016
chr19	47128861	47328861	harbor2	chr19	47146554	47146767	SINE/MIR	789	-	106	47146660	17799
chr19	47128861	47328861	harbor2	chr19	47205681	47205912	SINE/MIR	740	-	116	47205797	76936
chr19	13954255	14154255	harbor2	chr19	14039295	14039425	SINE/MIR	700	-	65	14039360	85105
chr19	56021025	56221025	harbor2	chr19	56062768	56062922	SINE/MIR	671	-	77	56062845	41820
chr19	56021025	56221025	harbor2	chr19	56063216	56063283	SINE/MIR	671	-	34	56063250	42225
chr19	7669079	7869079	harbor2	chr19	7747982	7748202	SINE/MIR	757	-	110	7748092	79013
chr19	12951095	13151095	harbor2	chr19	12968009	12968213	SINE/MIR	777	-	102	12968111	17016
chr19	50233658	50433658	harbor2	chr19	50248575	50248730	SINE/MIR	883	-	78	50248653	14995
chr19	50233658	50433658	harbor2	chr19	50255540	50255750	SINE/MIR	712	-	105	50255645	21987
chr19	50233658	50433658	harbor2	chr19	50307445	50307666	SINE/MIR	846	-	110	50307555	73897
chr19	45208744	45408744	harbor2	chr19	45270132	45270362	SINE/MIR	724	-	115	45270247	61503
chr19	45208744	45408744	harbor2	chr19	45271206	45271399	SINE/MIR	759	-	96	45271302	62558
chr19	45208744	45408744	harbor2	chr19	45295929	45296158	SINE/MIR	778	-	114	45296043	87299
chr19	10041331	10241331	harbor2	chr19	10049722	10049895	SINE/MIR	803	-	86	10049808	8477
chr19	10041331	10241331	harbor2	chr19	10052030	10052218	SINE/MIR	925	-	94	10052124	10793
chr19	10041331	10241331	harbor2	chr19	10068698	10068931	SINE/MIR	994	-	116	10068814	27483
chr19	10041331	10241331	harbor2	chr19	10102988	10103218	SINE/MIR	685	-	115	10103103	61772
chr19	55516374	55716374	harbor2	chr19	55612677	55612910	SINE/MIR	790	-	116	55612793	96419
chr19	48070658	48270658	harbor2	chr19	48084666	48084903	SINE/MIR	777	-	118	48084784	14126
chr19	48070658	48270658	harbor2	chr19	48089546	48089794	SINE/MIR	737	-	124	48089670	19012
chr19	48070658	48270658	harbor2	chr19	48089975	48090199	SINE/MIR	737	-	112	48090087	19429
chr19	48070658	48270658	harbor2	chr19	48141102	48141149	SINE/MIR	841	-	24	48141126	70468
chr19	48070658	48270658	harbor2	chr19	48141432	48141632	SINE/MIR	841	-	100	48141532	70874
chr19	48070658	48270658	harbor2	chr19	48156378	48156584	SINE/MIR	654	-	103	48156481	85823
chr19	30129779	30329779	harbor2	chr19	30215335	30215523	SINE/MIR	630	-	94	30215429	85650
chr19	12938726	13138726	harbor2	chr19	12968009	12968213	SINE/MIR	777	-	102	12968111	29385
chr19	1	173710	harbor2	chr19	64728	64980	SINE/MIR	752	-	126	64854	64853
chr19	10771431	10971431	harbor2	chr19	10868845	10869044	SINE/MIR	653	-	100	10868945	97514
chr19	30131712	30331712	harbor2	chr19	30215335	30215523	SINE/MIR	630	-	94	30215429	83717
chr19	12938728	13138728	harbor2	chr19	12968009	12968213	SINE/MIR	777	-	102	12968111	29383
chr19	18338885	18538885	harbor2	chr19	18354848	18354961	SINE/MIR	711	-	56	18354904	16019
chr19	18338885	18538885	harbor2	chr19	18355561	18355678	SINE/MIR	711	-	58	18355619	16734
chr19	18338885	18538885	harbor2	chr19	18395614	18395709	SINE/MIR	686	-	48	18395662	56777
chr19	18338885	18538885	harbor2	chr19	18396021	18396159	SINE/MIR	686	-	69	18396090	57205
chr19	40420024	40620024	harbor2	chr19	40490441	40490629	SINE/MIR	717	-	94	40490535	70511
chr19	40420024	40620024	harbor2	chr19	40517701	40517924	SINE/MIR	722	-	112	40517813	97789
chr19	46920765	47120765	harbor2	chr19	46927631	46927874	SINE/MIR	637	-	122	46927753	6988
chr19	46920765	47120765	harbor2	chr19	47017140	47017323	SINE/MIR	671	-	92	47017232	96467
chr19	43619638	43819638	harbor2	chr19	43683448	43683685	SINE/MIR	868	-	118	43683566	63928
chr19	43619638	43819638	harbor2	chr19	43717385	43717620	SINE/MIR	723	-	118	43717503	97865
chr19	45385922	45585922	harbor2	chr19	45392517	45392724	SINE/MIR	651	-	104	45392621	6699
chr20	21818051	22018051	harbor2	chr20	21822677	21822917	SINE/MIR	494	-	120	21822797	4746
chr20	21818051	22018051	harbor2	chr20	21835310	21835507	SINE/MIR	482	-	98	21835408	17357
chr20	62119278	62319278	harbor2	chr20	62145156	62145392	SINE/MIR	477	-	118	62145274	25996
chr20	31622896	31822896	harbor2	chr20	31644242	31644464	SINE/MIR	649	-	111	31644353	21457
chr20	31622896	31822896	harbor2	chr20	31654172	31654190	SINE/MIR	565	-	9	31654181	31285
chr20	31622896	31822896	harbor2	chr20	31654492	31654696	SINE/MIR	565	-	102	31654594	31698
chr20	31622896	31822896	harbor2	chr20	31666979	31667143	SINE/MIR	501	-	82	31667061	44165
chr20	31622896	31822896	harbor2	chr20	31674220	31674457	SINE/MIR	482	-	118	31674338	51442
chr20	31622896	31822896	harbor2	chr20	31676226	31676447	SINE/MIR	1002	-	110	31676336	53440
chr20	31622896	31822896	harbor2	chr20	31694621	31694797	SINE/MIR	598	-	88	31694709	71813
chr20	31622896	31822896	harbor2	chr20	31694920	31694972	SINE/MIR	598	-	26	31694946	72050
chr20	31622896	31822896	harbor2	chr20	31705308	31705495	SINE/MIR	735	-	94	31705402	82506
chr20	34725531	34925531	harbor2	chr20	34739235	34739453	SINE/MIR	665	-	109	34739344	13813
chr20	34725531	34925531	harbor2	chr20	34747875	34748046	SINE/MIR	465	-	86	34747961	22430
chr20	34725531	34925531	harbor2	chr20	34819729	34819898	SINE/MIR	687	-	84	34819813	94282
chr20	34904860	35104860	harbor2	chr20	34918186	34918327	SINE/MIR	477	-	70	34918256	13396
chr20	34904860	35104860	harbor2	chr20	34923001	34923231	SINE/MIR	968	-	115	34923116	18256
chr20	34904860	35104860	harbor2	chr20	34926461	34926689	SINE/MIR	813	-	114	34926575	21715
chr20	34904860	35104860	harbor2	chr20	34940018	34940162	SINE/MIR	609	-	72	34940090	35230
chr20	34904860	35104860	harbor2	chr20	34945658	34945832	SINE/MIR	566	-	87	34945745	40885
chr20	34904860	35104860	harbor2	chr20	34946345	34946554	SINE/MIR	675	-	104	34946449	41589
chr20	34904860	35104860	harbor2	chr20	34951394	34951529	SINE/MIR	592	-	68	34951462	46602
chr20	34904860	35104860	harbor2	chr20	34952019	34952218	SINE/MIR	463	-	100	34952119	47259
chr20	34904860	35104860	harbor2	chr20	34959811	34959991	SINE/MIR	495	-	90	34959901	55041
chr20	34904860	35104860	harbor2	chr20	34960804	34960960	SINE/MIR	500	-	78	34960882	56022
chr20	34904860	35104860	harbor2	chr20	34968066	34968226	SINE/MIR	655	-	80	34968146	63286
chr20	34904860	35104860	harbor2	chr20	34968298	34968488	SINE/MIR	564	-	95	34968393	63533
chr20	34904860	35104860	harbor2	chr20	34969885	34970124	SINE/MIR	640	-	120	34970005	65145
chr20	35442077	35642077	harbor2	chr20	35446637	35446793	SINE/MIR	586	-	78	35446715	4638
chr20	35442077	35642077	harbor2	chr20	35456200	35456336	SINE/MIR	535	-	68	35456268	14191
chr20	35442077	35642077	harbor2	chr20	35471656	35471863	SINE/MIR	469	-	104	35471760	29683
chr20	35442077	35642077	harbor2	chr20	35489409	35489633	SINE/MIR	647	-	112	35489521	47444
chr20	35442077	35642077	harbor2	chr20	35490434	35490604	SINE/MIR	498	-	85	35490519	48442
chr20	59095432	59295432	harbor2	chr20	59110033	59110291	SINE/MIR	615	-	129	59110162	14730
chr20	59095432	59295432	harbor2	chr20	59165393	59165583	SINE/MIR	543	-	95	59165488	70056
chr20	50095117	50295117	harbor2	chr20	50116235	50116412	SINE/MIR	572	-	88	50116323	21206
chr20	50095117	50295117	harbor2	chr20	50118258	50118492	SINE/MIR	1083	-	117	50118375	23258
chr20	50095117	50295117	harbor2	chr20	50141449	50141644	SINE/MIR	564	-	98	50141547	46430
chr20	36898001	37098001	harbor2	chr20	36911498	36911692	SINE/MIR	498	-	97	36911595	13594
chr20	36898001	37098001	harbor2	chr20	36952752	36952875	SINE/MIR	465	-	62	36952814	54813
chr20	36898001	37098001	harbor2	chr20	36953150	36953258	SINE/MIR	465	-	54	36953204	55203
chr20	1023102	1223102	harbor2	chr20	1032575	1032653	SINE/MIR	582	-	39	1032614	9512
chr20	1023102	1223102	harbor2	chr20	1037630	1037798	SINE/MIR	528	-	84	1037714	14612
chr20	1023102	1223102	harbor2	chr20	1038561	1038713	SINE/MIR	635	-	76	1038637	15535
chr20	1023102	1223102	harbor2	chr20	1042236	1042447	SINE/MIR	676	-	106	1042342	19240
chr20	1023102	1223102	harbor2	chr20	1104357	1104547	SINE/MIR	832	-	95	1104452	81350
chr20	1023102	1223102	harbor2	chr20	1107791	1108023	SINE/MIR	466	-	116	1107907	84805
chr20	1023102	1223102	harbor2	chr20	1032122	1032276	SINE/MIR	582	-	77	1032199	9097
chr20	9474281	9674281	harbor2	chr20	9525343	9525505	SINE/MIR	493	-	81	9525424	51143
chr20	9474281	9674281	harbor2	chr20	9547377	9547568	SINE/MIR	750	-	96	9547473	73192
chr20	9474281	9674281	harbor2	chr20	9571603	9571831	SINE/MIR	687	-	114	9571717	97436
chr20	34725551	34925551	harbor2	chr20	34739235	34739453	SINE/MIR	665	-	109	34739344	13793
chr20	34725551	34925551	harbor2	chr20	34747875	34748046	SINE/MIR	465	-	86	34747961	22410
chr20	34725551	34925551	harbor2	chr20	34819729	34819898	SINE/MIR	687	-	84	34819813	94262
chr20	50272702	50472702	harbor2	chr20	50291581	50291742	SINE/MIR	543	-	80	50291661	18959
chr20	50272702	50472702	harbor2	chr20	50291792	50291950	SINE/MIR	558	-	79	50291871	19169
chr20	50272702	50472702	harbor2	chr20	50297811	50297980	SINE/MIR	474	-	84	50297895	25193
chr20	50272702	50472702	harbor2	chr20	50321810	50322003	SINE/MIR	684	-	96	50321906	49204
chr20	50272702	50472702	harbor2	chr20	50322346	50322528	SINE/MIR	489	-	91	50322437	49735
chr20	50272702	50472702	harbor2	chr20	50323597	50323743	SINE/MIR	517	-	73	50323670	50968
chr20	50272702	50472702	harbor2	chr20	50328970	50329093	SINE/MIR	516	-	62	50329032	56330
chr20	50272702	50472702	harbor2	chr20	50333752	50333970	SINE/MIR	600	-	109	50333861	61159
chr20	50272702	50472702	harbor2	chr20	50338124	50338347	SINE/MIR	634	-	112	50338236	65534
chr20	50272702	50472702	harbor2	chr20	50343041	50343486	SINE/MIR	526	-	222	50343263	70561
chr20	50272702	50472702	harbor2	chr20	50355910	50356067	SINE/MIR	579	-	78	50355988	83286
chr20	50272702	50472702	harbor2	chr20	50370258	50370399	SINE/MIR	500	-	70	50370328	97626
chr20	35849255	36049255	harbor2	chr20	35851974	35852227	SINE/MIR	502	-	126	35852100	2845
chr20	35849255	36049255	harbor2	chr20	35894616	35894812	SINE/MIR	527	-	98	35894714	45459
chr20	35849255	36049255	harbor2	chr20	35927326	35927507	SINE/MIR	610	-	90	35927416	78161
chr20	34904861	35104861	harbor2	chr20	34918186	34918327	SINE/MIR	477	-	70	34918256	13395
chr20	34904861	35104861	harbor2	chr20	34923001	34923231	SINE/MIR	968	-	115	34923116	18255
chr20	34904861	35104861	harbor2	chr20	34926461	34926689	SINE/MIR	813	-	114	34926575	21714
chr20	34904861	35104861	harbor2	chr20	34940018	34940162	SINE/MIR	609	-	72	34940090	35229
chr20	34904861	35104861	harbor2	chr20	34945658	34945832	SINE/MIR	566	-	87	34945745	40884
chr20	34904861	35104861	harbor2	chr20	34946345	34946554	SINE/MIR	675	-	104	34946449	41588
chr20	34904861	35104861	harbor2	chr20	34951394	34951529	SINE/MIR	592	-	68	34951462	46601
chr20	34904861	35104861	harbor2	chr20	34952019	34952218	SINE/MIR	463	-	100	34952119	47258
chr20	34904861	35104861	harbor2	chr20	34959811	34959991	SINE/MIR	495	-	90	34959901	55040
chr20	34904861	35104861	harbor2	chr20	34960804	34960960	SINE/MIR	500	-	78	34960882	56021
chr20	34904861	35104861	harbor2	chr20	34968066	34968226	SINE/MIR	655	-	80	34968146	63285
chr20	34904861	35104861	harbor2	chr20	34968298	34968488	SINE/MIR	564	-	95	34968393	63532
chr20	34904861	35104861	harbor2	chr20	34969885	34970124	SINE/MIR	640	-	120	34970005	65144
chr20	3127157	3327157	harbor2	chr20	3153323	3153557	SINE/MIR	534	-	117	3153440	26283
chr20	40600650	40800650	harbor2	chr20	40605068	40605316	SINE/MIR	898	-	124	40605192	4542
chr20	40600650	40800650	harbor2	chr20	40606166	40606332	SINE/MIR	483	-	83	40606249	5599
chr20	40600650	40800650	harbor2	chr20	40637195	40637380	SINE/MIR	657	-	92	40637287	36637
chr20	40600650	40800650	harbor2	chr20	40645130	40645371	SINE/MIR	780	-	120	40645250	44600
chr20	40600650	40800650	harbor2	chr20	40645577	40645811	SINE/MIR	817	-	117	40645694	45044
chr20	40600650	40800650	harbor2	chr20	40651944	40651984	SINE/MIR	504	-	20	40651964	51314
chr20	40600650	40800650	harbor2	chr20	40652275	40652414	SINE/MIR	504	-	70	40652345	51695
chr20	40600650	40800650	harbor2	chr20	40655814	40655956	SINE/MIR	496	-	71	40655885	55235
chr20	40600650	40800650	harbor2	chr20	40661502	40661632	SINE/MIR	693	-	65	40661567	60917
chr20	40600650	40800650	harbor2	chr20	40662923	40663113	SINE/MIR	471	-	95	40663018	62368
chr20	40600650	40800650	harbor2	chr20	40671892	40672124	SINE/MIR	571	-	116	40672008	71358
chr20	40600650	40800650	harbor2	chr20	40672688	40672880	SINE/MIR	615	-	96	40672784	72134
chr20	40600650	40800650	harbor2	chr20	40672898	40673143	SINE/MIR	770	-	122	40673020	72370
chr20	40600650	40800650	harbor2	chr20	40694202	40694393	SINE/MIR	558	-	96	40694298	93648
chr20	40600650	40800650	harbor2	chr20	40698883	40699114	SINE/MIR	599	-	116	40698999	98349
chr20	34776144	34976144	harbor2	chr20	34819729	34819898	SINE/MIR	687	-	84	34819813	43669
chr20	34776144	34976144	harbor2	chr20	34850617	34850789	SINE/MIR	584	-	86	34850703	74559
chr20	34776144	34976144	harbor2	chr20	34851823	34851998	SINE/MIR	456	-	88	34851911	75767
chr20	34776144	34976144	harbor2	chr20	34853693	34853889	SINE/MIR	732	-	98	34853791	77647
chr20	34776144	34976144	harbor2	chr20	34855611	34855771	SINE/MIR	671	-	80	34855691	79547
chr20	34776144	34976144	harbor2	chr20	34856092	34856129	SINE/MIR	671	-	18	34856110	79966
chr20	34776144	34976144	harbor2	chr20	34867260	34867430	SINE/MIR	525	-	85	34867345	91201
chr20	34776144	34976144	harbor2	chr20	34867740	34867804	SINE/MIR	525	-	32	34867772	91628
chr20	38347847	38547847	harbor2	chr20	38366325	38366533	SINE/MIR	664	-	104	38366429	18582
chr20	38347847	38547847	harbor2	chr20	38410388	38410610	SINE/MIR	858	-	111	38410499	62652
chr20	35362392	35562392	harbor2	chr20	35368255	35368523	SINE/MIR	828	-	134	35368389	5997
chr20	35362392	35562392	harbor2	chr20	35368544	35368762	SINE/MIR	527	-	109	35368653	6261
chr20	35362392	35562392	harbor2	chr20	35397906	35398136	SINE/MIR	872	-	115	35398021	35629
chr20	35362392	35562392	harbor2	chr20	35411490	35411651	SINE/MIR	466	-	80	35411570	49178
chr20	35362392	35562392	harbor2	chr20	35427652	35427856	SINE/MIR	688	-	102	35427754	65362
chr20	35362392	35562392	harbor2	chr20	35429984	35430129	SINE/MIR	730	-	72	35430056	67664
chr20	35362392	35562392	harbor2	chr20	35431254	35431477	SINE/MIR	462	-	112	35431366	68974
chr20	35362392	35562392	harbor2	chr20	35446637	35446793	SINE/MIR	586	-	78	35446715	84323
chr20	35362392	35562392	harbor2	chr20	35456200	35456336	SINE/MIR	535	-	68	35456268	93876
chr20	34905163	35105163	harbor2	chr20	34918186	34918327	SINE/MIR	477	-	70	34918256	13093
chr20	34905163	35105163	harbor2	chr20	34923001	34923231	SINE/MIR	968	-	115	34923116	17953
chr20	34905163	35105163	harbor2	chr20	34926461	34926689	SINE/MIR	813	-	114	34926575	21412
chr20	34905163	35105163	harbor2	chr20	34940018	34940162	SINE/MIR	609	-	72	34940090	34927
chr20	34905163	35105163	harbor2	chr20	34945658	34945832	SINE/MIR	566	-	87	34945745	40582
chr20	34905163	35105163	harbor2	chr20	34946345	34946554	SINE/MIR	675	-	104	34946449	41286
chr20	34905163	35105163	harbor2	chr20	34951394	34951529	SINE/MIR	592	-	68	34951462	46299
chr20	34905163	35105163	harbor2	chr20	34952019	34952218	SINE/MIR	463	-	100	34952119	46956
chr20	34905163	35105163	harbor2	chr20	34959811	34959991	SINE/MIR	495	-	90	34959901	54738
chr20	34905163	35105163	harbor2	chr20	34960804	34960960	SINE/MIR	500	-	78	34960882	55719
chr20	34905163	35105163	harbor2	chr20	34968066	34968226	SINE/MIR	655	-	80	34968146	62983
chr20	34905163	35105163	harbor2	chr20	34968298	34968488	SINE/MIR	564	-	95	34968393	63230
chr20	34905163	35105163	harbor2	chr20	34969885	34970124	SINE/MIR	640	-	120	34970005	64842
chr20	1020784	1220784	harbor2	chr20	1032575	1032653	SINE/MIR	582	-	39	1032614	11830
chr20	1020784	1220784	harbor2	chr20	1037630	1037798	SINE/MIR	528	-	84	1037714	16930
chr20	1020784	1220784	harbor2	chr20	1038561	1038713	SINE/MIR	635	-	76	1038637	17853
chr20	1020784	1220784	harbor2	chr20	1042236	1042447	SINE/MIR	676	-	106	1042342	21558
chr20	1020784	1220784	harbor2	chr20	1104357	1104547	SINE/MIR	832	-	95	1104452	83668
chr20	1020784	1220784	harbor2	chr20	1107791	1108023	SINE/MIR	466	-	116	1107907	87123
chr20	1020784	1220784	harbor2	chr20	1032122	1032276	SINE/MIR	582	-	77	1032199	11415
chr20	9474416	9674416	harbor2	chr20	9525343	9525505	SINE/MIR	493	-	81	9525424	51008
chr20	9474416	9674416	harbor2	chr20	9547377	9547568	SINE/MIR	750	-	96	9547473	73057
chr20	9474416	9674416	harbor2	chr20	9571603	9571831	SINE/MIR	687	-	114	9571717	97301
chr20	3370919	3570919	harbor2	chr20	3457177	3457401	SINE/MIR	609	-	112	3457289	86370
chr20	35138054	35338054	harbor2	chr20	35138335	35138482	SINE/MIR	544	-	74	35138409	355
chr20	35138054	35338054	harbor2	chr20	35151433	35151651	SINE/MIR	543	-	109	35151542	13488
chr20	35138054	35338054	harbor2	chr20	35172887	35173048	SINE/MIR	543	-	80	35172967	34913
chr20	35138054	35338054	harbor2	chr20	35223391	35223596	SINE/MIR	527	-	102	35223493	85439
chr20	35138054	35338054	harbor2	chr20	35227687	35227947	SINE/MIR	1121	-	130	35227817	89763
chr20	21866893	22066893	harbor2	chr20	21925980	21926138	SINE/MIR	558	-	79	21926059	59166
chr20	3222273	3422273	harbor2	chr20	3306446	3306640	SINE/MIR	484	-	97	3306543	84270
chr20	3015690	3215690	harbor2	chr20	3093931	3094151	SINE/MIR	806	-	110	3094041	78351
chr20	11791589	11991589	harbor2	chr20	11841603	11841643	SINE/MIR	559	-	20	11841623	50034
chr20	11791589	11991589	harbor2	chr20	11842017	11842159	SINE/MIR	559	-	71	11842088	50499
chr20	63473161	63673161	harbor2	chr20	63570267	63570447	SINE/MIR	472	-	90	63570357	97196
chr20	34904857	35104857	harbor2	chr20	34918186	34918327	SINE/MIR	477	-	70	34918256	13399
chr20	34904857	35104857	harbor2	chr20	34923001	34923231	SINE/MIR	968	-	115	34923116	18259
chr20	34904857	35104857	harbor2	chr20	34926461	34926689	SINE/MIR	813	-	114	34926575	21718
chr20	34904857	35104857	harbor2	chr20	34940018	34940162	SINE/MIR	609	-	72	34940090	35233
chr20	34904857	35104857	harbor2	chr20	34945658	34945832	SINE/MIR	566	-	87	34945745	40888
chr20	34904857	35104857	harbor2	chr20	34946345	34946554	SINE/MIR	675	-	104	34946449	41592
chr20	34904857	35104857	harbor2	chr20	34951394	34951529	SINE/MIR	592	-	68	34951462	46605
chr20	34904857	35104857	harbor2	chr20	34952019	34952218	SINE/MIR	463	-	100	34952119	47262
chr20	34904857	35104857	harbor2	chr20	34959811	34959991	SINE/MIR	495	-	90	34959901	55044
chr20	34904857	35104857	harbor2	chr20	34960804	34960960	SINE/MIR	500	-	78	34960882	56025
chr20	34904857	35104857	harbor2	chr20	34968066	34968226	SINE/MIR	655	-	80	34968146	63289
chr20	34904857	35104857	harbor2	chr20	34968298	34968488	SINE/MIR	564	-	95	34968393	63536
chr20	34904857	35104857	harbor2	chr20	34969885	34970124	SINE/MIR	640	-	120	34970005	65148
chr20	21615735	21815735	harbor2	chr20	21666926	21667137	SINE/MIR	614	-	106	21667032	51297
chr20	21615735	21815735	harbor2	chr20	21677349	21677565	SINE/MIR	880	-	108	21677457	61722
chr20	21615735	21815735	harbor2	chr20	21684239	21684465	SINE/MIR	465	-	113	21684352	68617
chr20	21615735	21815735	harbor2	chr20	21692876	21693108	SINE/MIR	575	-	116	21692992	77257
chr20	62305735	62505735	harbor2	chr20	62400915	62401122	SINE/MIR	483	-	104	62401019	95284
chr20	57208729	57408729	harbor2	chr20	57225428	57225613	SINE/MIR	719	-	92	57225520	16791
chr20	57208729	57408729	harbor2	chr20	57231917	57232108	SINE/MIR	481	-	96	57232013	23284
chr20	57208729	57408729	harbor2	chr20	57271916	57272130	SINE/MIR	667	-	107	57272023	63294
chr20	57208729	57408729	harbor2	chr20	57276283	57276428	SINE/MIR	455	-	72	57276355	67626
chr20	57208729	57408729	harbor2	chr20	57288789	57289051	SINE/MIR	457	-	131	57288920	80191
chr20	57208729	57408729	harbor2	chr20	57307762	57307978	SINE/MIR	799	-	108	57307870	99141
chr21	15065117	15265117	harbor2	chr21	15080000	15080232	SINE/MIR	533	-	116	15080116	14999
chr21	15065117	15265117	harbor2	chr21	15100335	15100555	SINE/MIR	564	-	110	15100445	35328
chr21	15065117	15265117	harbor2	chr21	15142571	15142790	SINE/MIR	535	-	110	15142681	77564
chr21	29261633	29461633	harbor2	chr21	29264859	29265076	SINE/MIR	532	-	108	29264967	3334
chr21	29261633	29461633	harbor2	chr21	29287283	29287497	SINE/MIR	474	-	107	29287390	25757
chr21	29261633	29461633	harbor2	chr21	29317756	29318015	SINE/MIR	866	-	130	29317886	56253
chr21	41040652	41240652	harbor2	chr21	41123230	41123470	SINE/MIR	705	-	120	41123350	82698
chr21	34275890	34475890	harbor2	chr21	34275774	34275909	SINE/MIR	443	-	68	34275842	48
chr21	34275890	34475890	harbor2	chr21	34300231	34300472	SINE/MIR	681	-	120	34300351	24461
chr21	34275890	34475890	harbor2	chr21	34331409	34331603	SINE/MIR	550	-	97	34331506	55616
chr21	34275890	34475890	harbor2	chr21	34361695	34361857	SINE/MIR	494	-	81	34361776	85886
chr21	29199645	29399645	harbor2	chr21	29220280	29220487	SINE/MIR	784	-	104	29220384	20739
chr21	29199645	29399645	harbor2	chr21	29227533	29227728	SINE/MIR	485	-	98	29227631	27986
chr21	29199645	29399645	harbor2	chr21	29252002	29252145	SINE/MIR	748	-	72	29252074	52429
chr21	29199645	29399645	harbor2	chr21	29254428	29254469	SINE/MIR	748	-	20	29254448	54803
chr21	29199645	29399645	harbor2	chr21	29257751	29257976	SINE/MIR	495	-	112	29257863	58218
chr21	29199645	29399645	harbor2	chr21	29264859	29265076	SINE/MIR	532	-	108	29264967	65322
chr21	29199645	29399645	harbor2	chr21	29287283	29287497	SINE/MIR	474	-	107	29287390	87745
chr21	29201564	29401564	harbor2	chr21	29220280	29220487	SINE/MIR	784	-	104	29220384	18820
chr21	29201564	29401564	harbor2	chr21	29227533	29227728	SINE/MIR	485	-	98	29227631	26067
chr21	29201564	29401564	harbor2	chr21	29252002	29252145	SINE/MIR	748	-	72	29252074	50510
chr21	29201564	29401564	harbor2	chr21	29254428	29254469	SINE/MIR	748	-	20	29254448	52884
chr21	29201564	29401564	harbor2	chr21	29257751	29257976	SINE/MIR	495	-	112	29257863	56299
chr21	29201564	29401564	harbor2	chr21	29264859	29265076	SINE/MIR	532	-	108	29264967	63403
chr21	29201564	29401564	harbor2	chr21	29287283	29287497	SINE/MIR	474	-	107	29287390	85826
chr21	14673851	14873851	harbor2	chr21	14772924	14773108	SINE/MIR	631	-	92	14773016	99165
chr21	29248676	29448676	harbor2	chr21	29252002	29252145	SINE/MIR	748	-	72	29252074	3398
chr21	29248676	29448676	harbor2	chr21	29254428	29254469	SINE/MIR	748	-	20	29254448	5772
chr21	29248676	29448676	harbor2	chr21	29257751	29257976	SINE/MIR	495	-	112	29257863	9187
chr21	29248676	29448676	harbor2	chr21	29264859	29265076	SINE/MIR	532	-	108	29264967	16291
chr21	29248676	29448676	harbor2	chr21	29287283	29287497	SINE/MIR	474	-	107	29287390	38714
chr21	29248676	29448676	harbor2	chr21	29317756	29318015	SINE/MIR	866	-	130	29317886	69210
chr21	44774168	44974168	harbor2	chr21	44808033	44808230	SINE/MIR	492	-	98	44808131	33963
chr21	44774168	44974168	harbor2	chr21	44808525	44808571	SINE/MIR	492	-	23	44808548	34380
chr21	29201041	29401041	harbor2	chr21	29220280	29220487	SINE/MIR	784	-	104	29220384	19343
chr21	29201041	29401041	harbor2	chr21	29227533	29227728	SINE/MIR	485	-	98	29227631	26590
chr21	29201041	29401041	harbor2	chr21	29252002	29252145	SINE/MIR	748	-	72	29252074	51033
chr21	29201041	29401041	harbor2	chr21	29254428	29254469	SINE/MIR	748	-	20	29254448	53407
chr21	29201041	29401041	harbor2	chr21	29257751	29257976	SINE/MIR	495	-	112	29257863	56822
chr21	29201041	29401041	harbor2	chr21	29264859	29265076	SINE/MIR	532	-	108	29264967	63926
chr21	29201041	29401041	harbor2	chr21	29287283	29287497	SINE/MIR	474	-	107	29287390	86349
chr21	45152250	45352250	harbor2	chr21	45248097	45248313	SINE/MIR	495	-	108	45248205	95955
chr21	41945270	42145270	harbor2	chr21	41958724	41958925	SINE/MIR	521	-	100	41958824	13554
chr21	41945270	42145270	harbor2	chr21	42000967	42001218	SINE/MIR	914	-	126	42001093	55823
chr21	41945270	42145270	harbor2	chr21	42001702	42001921	SINE/MIR	809	-	110	42001812	56542
chr21	41945270	42145270	harbor2	chr21	42043820	42043987	SINE/MIR	440	-	84	42043904	98634
chr21	42331244	42531244	harbor2	chr21	42422366	42422586	SINE/MIR	612	-	110	42422476	91232
chr21	39009375	39209375	harbor2	chr21	39027680	39027896	SINE/MIR	601	-	108	39027788	18413
chr21	39009375	39209375	harbor2	chr21	39060216	39060396	SINE/MIR	453	-	90	39060306	50931
chr21	39009375	39209375	harbor2	chr21	39089935	39089995	SINE/MIR	485	-	30	39089965	80590
chr21	39009375	39209375	harbor2	chr21	39090263	39090407	SINE/MIR	501	-	72	39090335	80960
chr21	39009691	39209691	harbor2	chr21	39027680	39027896	SINE/MIR	601	-	108	39027788	18097
chr21	39009691	39209691	harbor2	chr21	39060216	39060396	SINE/MIR	453	-	90	39060306	50615
chr21	39009691	39209691	harbor2	chr21	39089935	39089995	SINE/MIR	485	-	30	39089965	80274
chr21	39009691	39209691	harbor2	chr21	39090263	39090407	SINE/MIR	501	-	72	39090335	80644
chr21	29200213	29400213	harbor2	chr21	29220280	29220487	SINE/MIR	784	-	104	29220384	20171
chr21	29200213	29400213	harbor2	chr21	29227533	29227728	SINE/MIR	485	-	98	29227631	27418
chr21	29200213	29400213	harbor2	chr21	29252002	29252145	SINE/MIR	748	-	72	29252074	51861
chr21	29200213	29400213	harbor2	chr21	29254428	29254469	SINE/MIR	748	-	20	29254448	54235
chr21	29200213	29400213	harbor2	chr21	29257751	29257976	SINE/MIR	495	-	112	29257863	57650
chr21	29200213	29400213	harbor2	chr21	29264859	29265076	SINE/MIR	532	-	108	29264967	64754
chr21	29200213	29400213	harbor2	chr21	29287283	29287497	SINE/MIR	474	-	107	29287390	87177
chr21	39009608	39209608	harbor2	chr21	39027680	39027896	SINE/MIR	601	-	108	39027788	18180
chr21	39009608	39209608	harbor2	chr21	39060216	39060396	SINE/MIR	453	-	90	39060306	50698
chr21	39009608	39209608	harbor2	chr21	39089935	39089995	SINE/MIR	485	-	30	39089965	80357
chr21	39009608	39209608	harbor2	chr21	39090263	39090407	SINE/MIR	501	-	72	39090335	80727
chr22	39579346	39779346	harbor2	chr22	39579178	39579409	SINE/MIR	392	-	116	39579294	52
chr22	39579346	39779346	harbor2	chr22	39609110	39609285	SINE/MIR	499	-	88	39609198	29852
chr22	39579346	39779346	harbor2	chr22	39611189	39611381	SINE/MIR	556	-	96	39611285	31939
chr22	39579346	39779346	harbor2	chr22	39620483	39620666	SINE/MIR	574	-	92	39620575	41229
chr22	39579346	39779346	harbor2	chr22	39621134	39621237	SINE/MIR	460	-	52	39621186	41840
chr22	39579346	39779346	harbor2	chr22	39621908	39622024	SINE/MIR	464	-	58	39621966	42620
chr22	39579346	39779346	harbor2	chr22	39626850	39627082	SINE/MIR	678	-	116	39626966	47620
chr22	39579346	39779346	harbor2	chr22	39641238	39641472	SINE/MIR	663	-	117	39641355	62009
chr22	39579346	39779346	harbor2	chr22	39654052	39654205	SINE/MIR	419	-	76	39654128	74782
chr22	39579346	39779346	harbor2	chr22	39667714	39667857	SINE/MIR	563	-	72	39667786	88440
chr22	39579346	39779346	harbor2	chr22	39667919	39668090	SINE/MIR	416	-	86	39668005	88659
chr22	39579346	39779346	harbor2	chr22	39671243	39671438	SINE/MIR	622	-	98	39671341	91995
chr22	44208842	44408842	harbor2	chr22	44262424	44262627	SINE/MIR	477	-	102	44262526	53684
chr22	44208842	44408842	harbor2	chr22	44268397	44268584	SINE/MIR	417	-	94	44268491	59649
chr22	44208842	44408842	harbor2	chr22	44284254	44284442	SINE/MIR	414	-	94	44284348	75506
chr22	44208842	44408842	harbor2	chr22	44288093	44288307	SINE/MIR	697	-	107	44288200	79358
chr22	44208842	44408842	harbor2	chr22	44289141	44289292	SINE/MIR	627	-	76	44289217	80375
chr22	44208842	44408842	harbor2	chr22	44297183	44297387	SINE/MIR	539	-	102	44297285	88443
chr22	44208842	44408842	harbor2	chr22	44307236	44307418	SINE/MIR	528	-	91	44307327	98485
chr22	24070325	24270325	harbor2	chr22	24087134	24087400	SINE/MIR	464	-	133	24087267	16942
chr22	24070325	24270325	harbor2	chr22	24108958	24109195	SINE/MIR	707	-	118	24109076	38751
chr22	24070325	24270325	harbor2	chr22	24114443	24114578	SINE/MIR	439	-	68	24114511	44186
chr22	24070325	24270325	harbor2	chr22	24146823	24147005	SINE/MIR	434	-	91	24146914	76589
chr22	24070396	24270396	harbor2	chr22	24087134	24087400	SINE/MIR	464	-	133	24087267	16871
chr22	24070396	24270396	harbor2	chr22	24108958	24109195	SINE/MIR	707	-	118	24109076	38680
chr22	24070396	24270396	harbor2	chr22	24114443	24114578	SINE/MIR	439	-	68	24114511	44115
chr22	24070396	24270396	harbor2	chr22	24146823	24147005	SINE/MIR	434	-	91	24146914	76518
chr22	45971904	46171904	harbor2	chr22	45984989	45985146	SINE/MIR	520	-	78	45985067	13163
chr22	45971904	46171904	harbor2	chr22	46023272	46023492	SINE/MIR	587	-	110	46023382	51478
chr22	45971904	46171904	harbor2	chr22	46052567	46052726	SINE/MIR	402	-	80	46052647	80743
chr22	42989455	43189455	harbor2	chr22	43063137	43063289	SINE/MIR	471	-	76	43063213	73758
chr22	42989455	43189455	harbor2	chr22	43067259	43067463	SINE/MIR	445	-	102	43067361	77906
chr22	24069899	24269899	harbor2	chr22	24087134	24087400	SINE/MIR	464	-	133	24087267	17368
chr22	24069899	24269899	harbor2	chr22	24108958	24109195	SINE/MIR	707	-	118	24109076	39177
chr22	24069899	24269899	harbor2	chr22	24114443	24114578	SINE/MIR	439	-	68	24114511	44612
chr22	24069899	24269899	harbor2	chr22	24146823	24147005	SINE/MIR	434	-	91	24146914	77015
chr22	44597557	44797557	harbor2	chr22	44641660	44641758	SINE/MIR	678	-	49	44641709	44152
chr22	44597557	44797557	harbor2	chr22	44642054	44642174	SINE/MIR	678	-	60	44642114	44557
chr22	44597557	44797557	harbor2	chr22	44672708	44672921	SINE/MIR	635	-	106	44672814	75257
chr22	44597557	44797557	harbor2	chr22	44690510	44690713	SINE/MIR	501	-	102	44690612	93055
chr22	42989451	43189451	harbor2	chr22	43063137	43063289	SINE/MIR	471	-	76	43063213	73762
chr22	42989451	43189451	harbor2	chr22	43067259	43067463	SINE/MIR	445	-	102	43067361	77910
chr22	37418973	37618973	harbor2	chr22	37434344	37434547	SINE/MIR	487	-	102	37434446	15473
chr22	37418973	37618973	harbor2	chr22	37447832	37448045	SINE/MIR	462	-	106	37447938	28965
chr22	37418973	37618973	harbor2	chr22	37462405	37462566	SINE/MIR	433	-	80	37462485	43512
chr22	37418973	37618973	harbor2	chr22	37466174	37466357	SINE/MIR	400	-	92	37466266	47293
chr22	37418973	37618973	harbor2	chr22	37472154	37472336	SINE/MIR	570	-	91	37472245	53272
chr22	37418973	37618973	harbor2	chr22	37477754	37478020	SINE/MIR	805	-	133	37477887	58914
chr22	37418973	37618973	harbor2	chr22	37494614	37494852	SINE/MIR	594	-	119	37494733	75760
chr22	37418973	37618973	harbor2	chr22	37496119	37496252	SINE/MIR	447	-	66	37496185	77212
chr22	37418973	37618973	harbor2	chr22	37500827	37501038	SINE/MIR	515	-	106	37500933	81960
chr22	37418973	37618973	harbor2	chr22	37502275	37502496	SINE/MIR	481	-	110	37502385	83412
chr22	37418973	37618973	harbor2	chr22	37506475	37506679	SINE/MIR	451	-	102	37506577	87604
chr22	37418973	37618973	harbor2	chr22	37516734	37516887	SINE/MIR	466	-	76	37516810	97837
chr22	23814127	24014127	harbor2	chr22	23846108	23846262	SINE/MIR	440	-	77	23846185	32058
chr22	23814127	24014127	harbor2	chr22	23890166	23890407	SINE/MIR	637	-	120	23890286	76159
chr22	36465130	36665130	harbor2	chr22	36481120	36481308	SINE/MIR	445	-	94	36481214	16084
chr22	36465130	36665130	harbor2	chr22	36495414	36495649	SINE/MIR	642	-	118	36495532	30402
chr22	36465130	36665130	harbor2	chr22	36497687	36497831	SINE/MIR	437	-	72	36497759	32629
chr22	36465130	36665130	harbor2	chr22	36503619	36503796	SINE/MIR	526	-	88	36503707	38577
chr22	36465130	36665130	harbor2	chr22	36505169	36505386	SINE/MIR	509	-	108	36505277	40147
chr22	36465130	36665130	harbor2	chr22	36527191	36527403	SINE/MIR	749	-	106	36527297	62167
chr22	36465130	36665130	harbor2	chr22	36541028	36541182	SINE/MIR	485	-	77	36541105	75975
chr22	36465130	36665130	harbor2	chr22	36545639	36545851	SINE/MIR	674	-	106	36545745	80615
chr22	36465130	36665130	harbor2	chr22	36547729	36547917	SINE/MIR	406	-	94	36547823	82693
chr22	36465130	36665130	harbor2	chr22	36552074	36552275	SINE/MIR	443	-	100	36552174	87044
chr22	36465130	36665130	harbor2	chr22	36555870	36556034	SINE/MIR	517	-	82	36555952	90822
chr22	36187355	36387355	harbor2	chr22	36194928	36195090	SINE/MIR	513	-	81	36195009	7654
chr22	36187355	36387355	harbor2	chr22	36208164	36208381	SINE/MIR	403	-	108	36208272	20917
chr22	36187355	36387355	harbor2	chr22	36230963	36231116	SINE/MIR	473	-	76	36231039	43684
chr22	36187355	36387355	harbor2	chr22	36234729	36234955	SINE/MIR	620	-	113	36234842	47487
chr22	36187355	36387355	harbor2	chr22	36273360	36273579	SINE/MIR	449	-	110	36273470	86115
chr22	36187355	36387355	harbor2	chr22	36275519	36275751	SINE/MIR	832	-	116	36275635	88280
chr22	24069912	24269912	harbor2	chr22	24087134	24087400	SINE/MIR	464	-	133	24087267	17355
chr22	24069912	24269912	harbor2	chr22	24108958	24109195	SINE/MIR	707	-	118	24109076	39164
chr22	24069912	24269912	harbor2	chr22	24114443	24114578	SINE/MIR	439	-	68	24114511	44599
chr22	24069912	24269912	harbor2	chr22	24146823	24147005	SINE/MIR	434	-	91	24146914	77002
chr22	36407158	36607158	harbor2	chr22	36415457	36415564	SINE/MIR	454	-	54	36415511	8353
chr22	36407158	36607158	harbor2	chr22	36417254	36417481	SINE/MIR	506	-	114	36417368	10210
chr22	36407158	36607158	harbor2	chr22	36436130	36436295	SINE/MIR	543	-	82	36436212	29054
chr22	36407158	36607158	harbor2	chr22	36448802	36448952	SINE/MIR	398	-	75	36448877	41719
chr22	36407158	36607158	harbor2	chr22	36481120	36481308	SINE/MIR	445	-	94	36481214	74056
chr22	36407158	36607158	harbor2	chr22	36495414	36495649	SINE/MIR	642	-	118	36495532	88374
chr22	36407158	36607158	harbor2	chr22	36497687	36497831	SINE/MIR	437	-	72	36497759	90601
chr22	36407158	36607158	harbor2	chr22	36503619	36503796	SINE/MIR	526	-	88	36503707	96549
chr22	36407158	36607158	harbor2	chr22	36505169	36505386	SINE/MIR	509	-	108	36505277	98119
chr22	36919396	37119396	harbor2	chr22	36931486	36931735	SINE/MIR	425	-	124	36931610	12214
chr22	36919396	37119396	harbor2	chr22	36941438	36941664	SINE/MIR	591	-	113	36941551	22155
chr22	36919396	37119396	harbor2	chr22	36982509	36982719	SINE/MIR	566	-	105	36982614	63218
chr22	36919396	37119396	harbor2	chr22	36998841	36999062	SINE/MIR	560	-	110	36998951	79555
chr22	36919396	37119396	harbor2	chr22	37001082	37001119	SINE/MIR	607	-	18	37001100	81704
chr22	36919396	37119396	harbor2	chr22	37001277	37001439	SINE/MIR	607	-	81	37001358	81962
chr22	45869624	46069624	harbor2	chr22	45940171	45940370	SINE/MIR	434	-	100	45940271	70647
chr22	45869624	46069624	harbor2	chr22	45954784	45954973	SINE/MIR	435	-	94	45954878	85254
chr22	36355398	36555398	harbor2	chr22	36368228	36368436	SINE/MIR	445	-	104	36368332	12934
chr22	36355398	36555398	harbor2	chr22	36370089	36370258	SINE/MIR	481	-	84	36370173	14775
chr22	36355398	36555398	harbor2	chr22	36384653	36384877	SINE/MIR	733	-	112	36384765	29367
chr22	36355398	36555398	harbor2	chr22	36399017	36399228	SINE/MIR	477	-	106	36399123	43725
chr22	36355398	36555398	harbor2	chr22	36406130	36406361	SINE/MIR	985	-	116	36406246	50848
chr22	36355398	36555398	harbor2	chr22	36415457	36415564	SINE/MIR	454	-	54	36415511	60113
chr22	36355398	36555398	harbor2	chr22	36417254	36417481	SINE/MIR	506	-	114	36417368	61970
chr22	36355398	36555398	harbor2	chr22	36436130	36436295	SINE/MIR	543	-	82	36436212	80814
chr22	36355398	36555398	harbor2	chr22	36448802	36448952	SINE/MIR	398	-	75	36448877	93479
chr22	36407144	36607144	harbor2	chr22	36415457	36415564	SINE/MIR	454	-	54	36415511	8367
chr22	36407144	36607144	harbor2	chr22	36417254	36417481	SINE/MIR	506	-	114	36417368	10224
chr22	36407144	36607144	harbor2	chr22	36436130	36436295	SINE/MIR	543	-	82	36436212	29068
chr22	36407144	36607144	harbor2	chr22	36448802	36448952	SINE/MIR	398	-	75	36448877	41733
chr22	36407144	36607144	harbor2	chr22	36481120	36481308	SINE/MIR	445	-	94	36481214	74070
chr22	36407144	36607144	harbor2	chr22	36495414	36495649	SINE/MIR	642	-	118	36495532	88388
chr22	36407144	36607144	harbor2	chr22	36497687	36497831	SINE/MIR	437	-	72	36497759	90615
chr22	36407144	36607144	harbor2	chr22	36503619	36503796	SINE/MIR	526	-	88	36503707	96563
chr22	36407144	36607144	harbor2	chr22	36505169	36505386	SINE/MIR	509	-	108	36505277	98133
chr22	24069890	24269890	harbor2	chr22	24087134	24087400	SINE/MIR	464	-	133	24087267	17377
chr22	24069890	24269890	harbor2	chr22	24108958	24109195	SINE/MIR	707	-	118	24109076	39186
chr22	24069890	24269890	harbor2	chr22	24114443	24114578	SINE/MIR	439	-	68	24114511	44621
chr22	24069890	24269890	harbor2	chr22	24146823	24147005	SINE/MIR	434	-	91	24146914	77024
chr22	50069670	50269670	harbor2	chr22	50091523	50091790	SINE/MIR	538	-	134	50091657	21987
chr22	24069873	24269873	harbor2	chr22	24087134	24087400	SINE/MIR	464	-	133	24087267	17394
chr22	24069873	24269873	harbor2	chr22	24108958	24109195	SINE/MIR	707	-	118	24109076	39203
chr22	24069873	24269873	harbor2	chr22	24114443	24114578	SINE/MIR	439	-	68	24114511	44638
chr22	24069873	24269873	harbor2	chr22	24146823	24147005	SINE/MIR	434	-	91	24146914	77041
chr22	42989445	43189445	harbor2	chr22	43063137	43063289	SINE/MIR	471	-	76	43063213	73768
chr22	42989445	43189445	harbor2	chr22	43067259	43067463	SINE/MIR	445	-	102	43067361	77916
chr22	24070472	24270472	harbor2	chr22	24087134	24087400	SINE/MIR	464	-	133	24087267	16795
chr22	24070472	24270472	harbor2	chr22	24108958	24109195	SINE/MIR	707	-	118	24109076	38604
chr22	24070472	24270472	harbor2	chr22	24114443	24114578	SINE/MIR	439	-	68	24114511	44039
chr22	24070472	24270472	harbor2	chr22	24146823	24147005	SINE/MIR	434	-	91	24146914	76442
chr22	39579321	39779321	harbor2	chr22	39579178	39579409	SINE/MIR	392	-	116	39579294	27
chr22	39579321	39779321	harbor2	chr22	39609110	39609285	SINE/MIR	499	-	88	39609198	29877
chr22	39579321	39779321	harbor2	chr22	39611189	39611381	SINE/MIR	556	-	96	39611285	31964
chr22	39579321	39779321	harbor2	chr22	39620483	39620666	SINE/MIR	574	-	92	39620575	41254
chr22	39579321	39779321	harbor2	chr22	39621134	39621237	SINE/MIR	460	-	52	39621186	41865
chr22	39579321	39779321	harbor2	chr22	39621908	39622024	SINE/MIR	464	-	58	39621966	42645
chr22	39579321	39779321	harbor2	chr22	39626850	39627082	SINE/MIR	678	-	116	39626966	47645
chr22	39579321	39779321	harbor2	chr22	39641238	39641472	SINE/MIR	663	-	117	39641355	62034
chr22	39579321	39779321	harbor2	chr22	39654052	39654205	SINE/MIR	419	-	76	39654128	74807
chr22	39579321	39779321	harbor2	chr22	39667714	39667857	SINE/MIR	563	-	72	39667786	88465
chr22	39579321	39779321	harbor2	chr22	39667919	39668090	SINE/MIR	416	-	86	39668005	88684
chr22	39579321	39779321	harbor2	chr22	39671243	39671438	SINE/MIR	622	-	98	39671341	92020
chr22	24072073	24272073	harbor2	chr22	24087134	24087400	SINE/MIR	464	-	133	24087267	15194
chr22	24072073	24272073	harbor2	chr22	24108958	24109195	SINE/MIR	707	-	118	24109076	37003
chr22	24072073	24272073	harbor2	chr22	24114443	24114578	SINE/MIR	439	-	68	24114511	42438
chr22	24072073	24272073	harbor2	chr22	24146823	24147005	SINE/MIR	434	-	91	24146914	74841
chr22	24528324	24728324	harbor2	chr22	24615405	24615640	SINE/MIR	537	-	118	24615523	87199
chr22	39579203	39779203	harbor2	chr22	39579178	39579409	SINE/MIR	392	-	116	39579294	91
chr22	39579203	39779203	harbor2	chr22	39609110	39609285	SINE/MIR	499	-	88	39609198	29995
chr22	39579203	39779203	harbor2	chr22	39611189	39611381	SINE/MIR	556	-	96	39611285	32082
chr22	39579203	39779203	harbor2	chr22	39620483	39620666	SINE/MIR	574	-	92	39620575	41372
chr22	39579203	39779203	harbor2	chr22	39621134	39621237	SINE/MIR	460	-	52	39621186	41983
chr22	39579203	39779203	harbor2	chr22	39621908	39622024	SINE/MIR	464	-	58	39621966	42763
chr22	39579203	39779203	harbor2	chr22	39626850	39627082	SINE/MIR	678	-	116	39626966	47763
chr22	39579203	39779203	harbor2	chr22	39641238	39641472	SINE/MIR	663	-	117	39641355	62152
chr22	39579203	39779203	harbor2	chr22	39654052	39654205	SINE/MIR	419	-	76	39654128	74925
chr22	39579203	39779203	harbor2	chr22	39667714	39667857	SINE/MIR	563	-	72	39667786	88583
chr22	39579203	39779203	harbor2	chr22	39667919	39668090	SINE/MIR	416	-	86	39668005	88802
chr22	39579203	39779203	harbor2	chr22	39671243	39671438	SINE/MIR	622	-	98	39671341	92138
chr22	28342388	28542388	harbor2	chr22	28344907	28345097	SINE/MIR	520	-	95	28345002	2614
chr22	28342388	28542388	harbor2	chr22	28346045	28346235	SINE/MIR	502	-	95	28346140	3752
chr22	28342388	28542388	harbor2	chr22	28355452	28355600	SINE/MIR	444	-	74	28355526	13138
chr22	28342388	28542388	harbor2	chr22	28356987	28357215	SINE/MIR	464	-	114	28357101	14713
chr22	28342388	28542388	harbor2	chr22	28375231	28375452	SINE/MIR	441	-	110	28375341	32953
chr22	28342388	28542388	harbor2	chr22	28376306	28376456	SINE/MIR	654	-	75	28376381	33993
chr22	28342388	28542388	harbor2	chr22	28377423	28377598	SINE/MIR	463	-	88	28377511	35123
chr22	28342388	28542388	harbor2	chr22	28380714	28380849	SINE/MIR	492	-	68	28380782	38394
chr22	28342388	28542388	harbor2	chr22	28415560	28415751	SINE/MIR	428	-	96	28415656	73268
chr22	28342388	28542388	harbor2	chr22	28436637	28436857	SINE/MIR	683	-	110	28436747	94359
chr22	24395407	24595407	harbor2	chr22	24431905	24432033	SINE/MIR	518	-	64	24431969	36562
chr22	24395407	24595407	harbor2	chr22	24434781	24434917	SINE/MIR	410	-	68	24434849	39442
chr22	24395407	24595407	harbor2	chr22	24442987	24443142	SINE/MIR	628	-	78	24443065	47658
chr22	24395407	24595407	harbor2	chr22	24474629	24474876	SINE/MIR	770	-	124	24474753	79346
chr22	24395407	24595407	harbor2	chr22	24480627	24480744	SINE/MIR	443	-	58	24480685	85278
chr22	24069893	24269893	harbor2	chr22	24087134	24087400	SINE/MIR	464	-	133	24087267	17374
chr22	24069893	24269893	harbor2	chr22	24108958	24109195	SINE/MIR	707	-	118	24109076	39183
chr22	24069893	24269893	harbor2	chr22	24114443	24114578	SINE/MIR	439	-	68	24114511	44618
chr22	24069893	24269893	harbor2	chr22	24146823	24147005	SINE/MIR	434	-	91	24146914	77021
chr22	32100450	32300450	harbor2	chr22	32128403	32128557	SINE/MIR	422	-	77	32128480	28030
chr22	32100450	32300450	harbor2	chr22	32133300	32133442	SINE/MIR	591	-	71	32133371	32921
chr22	32100450	32300450	harbor2	chr22	32186323	32186491	SINE/MIR	522	-	84	32186407	85957
chr22	37240349	37440349	harbor2	chr22	37276199	37276446	SINE/MIR	736	-	124	37276323	35974
chr22	37240349	37440349	harbor2	chr22	37283972	37284092	SINE/MIR	423	-	60	37284032	43683
chr22	37240349	37440349	harbor2	chr22	37295520	37295694	SINE/MIR	604	-	87	37295607	55258
chr22	37240349	37440349	harbor2	chr22	37312985	37313129	SINE/MIR	435	-	72	37313057	72708
chr22	37240349	37440349	harbor2	chr22	37320983	37321112	SINE/MIR	585	-	64	37321047	80698
chr22	37240349	37440349	harbor2	chr22	37325261	37325456	SINE/MIR	435	-	98	37325359	85010
chr22	37240349	37440349	harbor2	chr22	37332196	37332392	SINE/MIR	562	-	98	37332294	91945
chr22	37240349	37440349	harbor2	chr22	37334290	37334505	SINE/MIR	436	-	108	37334398	94049
chr22	24069880	24269880	harbor2	chr22	24087134	24087400	SINE/MIR	464	-	133	24087267	17387
chr22	24069880	24269880	harbor2	chr22	24108958	24109195	SINE/MIR	707	-	118	24109076	39196
chr22	24069880	24269880	harbor2	chr22	24114443	24114578	SINE/MIR	439	-	68	24114511	44631
chr22	24069880	24269880	harbor2	chr22	24146823	24147005	SINE/MIR	434	-	91	24146914	77034
chr22	17640145	17840145	harbor2	chr22	17696592	17696833	SINE/MIR	429	-	120	17696712	56567
chr22	29461784	29661784	harbor2	chr22	29487779	29487950	SINE/MIR	645	-	86	29487865	26081
chr22	29461784	29661784	harbor2	chr22	29493691	29493870	SINE/MIR	528	-	90	29493781	31997
chr22	29461784	29661784	harbor2	chr22	29512601	29512839	SINE/MIR	787	-	119	29512720	50936
chr22	29461784	29661784	harbor2	chr22	29521205	29521420	SINE/MIR	663	-	108	29521313	59529
chr22	29461784	29661784	harbor2	chr22	29528798	29529039	SINE/MIR	778	-	120	29528918	67134
chr22	29461784	29661784	harbor2	chr22	29530536	29530690	SINE/MIR	490	-	77	29530613	68829
chr22	29461784	29661784	harbor2	chr22	29536839	29537074	SINE/MIR	739	-	118	29536957	75173
chr22	29461784	29661784	harbor2	chr22	29540366	29540562	SINE/MIR	753	-	98	29540464	78680
chr22	29461784	29661784	harbor2	chr22	29550105	29550320	SINE/MIR	526	-	108	29550213	88429
chr22	29461784	29661784	harbor2	chr22	29558122	29558187	SINE/MIR	398	-	32	29558154	96370
chr22	29461784	29661784	harbor2	chr22	29558499	29558618	SINE/MIR	398	-	60	29558559	96775
chr22	44788598	44988598	harbor2	chr22	44809514	44809652	SINE/MIR	400	-	69	44809583	20985
chr22	44788598	44988598	harbor2	chr22	44847587	44847801	SINE/MIR	499	-	107	44847694	59096
chr22	44788598	44988598	harbor2	chr22	44869622	44869739	SINE/MIR	417	-	58	44869680	81082
chr22	23024082	23224082	harbor2	chr22	23039131	23039287	SINE/MIR	426	-	78	23039209	15127
chr22	23024082	23224082	harbor2	chr22	23066299	23066461	SINE/MIR	394	-	81	23066380	42298
chr22	23024082	23224082	harbor2	chr22	23111587	23111732	SINE/MIR	396	-	72	23111659	87577
chr22	39579207	39779207	harbor2	chr22	39579178	39579409	SINE/MIR	392	-	116	39579294	87
chr22	39579207	39779207	harbor2	chr22	39609110	39609285	SINE/MIR	499	-	88	39609198	29991
chr22	39579207	39779207	harbor2	chr22	39611189	39611381	SINE/MIR	556	-	96	39611285	32078
chr22	39579207	39779207	harbor2	chr22	39620483	39620666	SINE/MIR	574	-	92	39620575	41368
chr22	39579207	39779207	harbor2	chr22	39621134	39621237	SINE/MIR	460	-	52	39621186	41979
chr22	39579207	39779207	harbor2	chr22	39621908	39622024	SINE/MIR	464	-	58	39621966	42759
chr22	39579207	39779207	harbor2	chr22	39626850	39627082	SINE/MIR	678	-	116	39626966	47759
chr22	39579207	39779207	harbor2	chr22	39641238	39641472	SINE/MIR	663	-	117	39641355	62148
chr22	39579207	39779207	harbor2	chr22	39654052	39654205	SINE/MIR	419	-	76	39654128	74921
chr22	39579207	39779207	harbor2	chr22	39667714	39667857	SINE/MIR	563	-	72	39667786	88579
chr22	39579207	39779207	harbor2	chr22	39667919	39668090	SINE/MIR	416	-	86	39668005	88798
chr22	39579207	39779207	harbor2	chr22	39671243	39671438	SINE/MIR	622	-	98	39671341	92134
chr22	24070321	24270321	harbor2	chr22	24087134	24087400	SINE/MIR	464	-	133	24087267	16946
chr22	24070321	24270321	harbor2	chr22	24108958	24109195	SINE/MIR	707	-	118	24109076	38755
chr22	24070321	24270321	harbor2	chr22	24114443	24114578	SINE/MIR	439	-	68	24114511	44190
chr22	24070321	24270321	harbor2	chr22	24146823	24147005	SINE/MIR	434	-	91	24146914	76593
chr22	39366725	39566725	harbor2	chr22	39368173	39368381	SINE/MIR	639	-	104	39368277	1552
chr22	39366725	39566725	harbor2	chr22	39368946	39369116	SINE/MIR	488	-	85	39369031	2306
chr22	39366725	39566725	harbor2	chr22	39382423	39382592	SINE/MIR	562	-	84	39382507	15782
chr22	39366725	39566725	harbor2	chr22	39400174	39400416	SINE/MIR	704	-	121	39400295	33570
chr22	39366725	39566725	harbor2	chr22	39446744	39446967	SINE/MIR	905	-	112	39446856	80131
chr22	24069790	24269790	harbor2	chr22	24087134	24087400	SINE/MIR	464	-	133	24087267	17477
chr22	24069790	24269790	harbor2	chr22	24108958	24109195	SINE/MIR	707	-	118	24109076	39286
chr22	24069790	24269790	harbor2	chr22	24114443	24114578	SINE/MIR	439	-	68	24114511	44721
chr22	24069790	24269790	harbor2	chr22	24146823	24147005	SINE/MIR	434	-	91	24146914	77124
chr22	18822922	19022922	harbor2	chr22	18825533	18825701	SINE/MIR	578	-	84	18825617	2695
chr22	24928712	25128712	harbor2	chr22	24935058	24935268	SINE/MIR	846	-	105	24935163	6451
chr22	24928712	25128712	harbor2	chr22	24943461	24943628	SINE/MIR	420	-	84	24943545	14833
chr22	24928712	25128712	harbor2	chr22	24957976	24958159	SINE/MIR	590	-	92	24958068	29356
chr22	24928712	25128712	harbor2	chr22	24964360	24964423	SINE/MIR	443	-	32	24964392	35680
chr22	24928712	25128712	harbor2	chr22	24964719	24964875	SINE/MIR	443	-	78	24964797	36085
chr22	24928712	25128712	harbor2	chr22	24965893	24966126	SINE/MIR	504	-	116	24966009	37297
chr22	24928712	25128712	harbor2	chr22	24967175	24967412	SINE/MIR	626	-	118	24967293	38581
chr22	24928712	25128712	harbor2	chr22	24974321	24974506	SINE/MIR	607	-	92	24974413	45701
chr22	24928712	25128712	harbor2	chr22	24978009	24978110	SINE/MIR	854	-	50	24978059	49347
chr22	24928712	25128712	harbor2	chr22	24978467	24978605	SINE/MIR	854	-	69	24978536	49824
chr22	24928712	25128712	harbor2	chr22	24988890	24989005	SINE/MIR	547	-	58	24988948	60236
chr22	24928712	25128712	harbor2	chr22	24995678	24995911	SINE/MIR	780	-	116	24995794	67082
chr22	24928712	25128712	harbor2	chr22	25010502	25010665	SINE/MIR	467	-	82	25010584	81872
chr22	39369739	39569739	harbor2	chr22	39382423	39382592	SINE/MIR	562	-	84	39382507	12768
chr22	39369739	39569739	harbor2	chr22	39400174	39400416	SINE/MIR	704	-	121	39400295	30556
chr22	39369739	39569739	harbor2	chr22	39446744	39446967	SINE/MIR	905	-	112	39446856	77117
chr22	24069829	24269829	harbor2	chr22	24087134	24087400	SINE/MIR	464	-	133	24087267	17438
chr22	24069829	24269829	harbor2	chr22	24108958	24109195	SINE/MIR	707	-	118	24109076	39247
chr22	24069829	24269829	harbor2	chr22	24114443	24114578	SINE/MIR	439	-	68	24114511	44682
chr22	24069829	24269829	harbor2	chr22	24146823	24147005	SINE/MIR	434	-	91	24146914	77085
chr22	23421907	23621907	harbor2	chr22	23496932	23497178	SINE/MIR	868	-	123	23497055	75148
chr22	23421907	23621907	harbor2	chr22	23500540	23500802	SINE/MIR	589	-	131	23500671	78764
chr22	23421907	23621907	harbor2	chr22	23519621	23519772	SINE/MIR	546	-	76	23519697	97790
chr22	42521734	42721734	harbor2	chr22	42612196	42612442	SINE/MIR	684	-	123	42612319	90585
chr22	42521734	42721734	harbor2	chr22	42620168	42620403	SINE/MIR	620	-	118	42620286	98552
chr22	24070287	24270287	harbor2	chr22	24087134	24087400	SINE/MIR	464	-	133	24087267	16980
chr22	24070287	24270287	harbor2	chr22	24108958	24109195	SINE/MIR	707	-	118	24109076	38789
chr22	24070287	24270287	harbor2	chr22	24114443	24114578	SINE/MIR	439	-	68	24114511	44224
chr22	24070287	24270287	harbor2	chr22	24146823	24147005	SINE/MIR	434	-	91	24146914	76627
chr22	41811210	42011210	harbor2	chr22	41822318	41822451	SINE/MIR	495	-	66	41822384	11174
chr22	41811210	42011210	harbor2	chr22	41834295	41834470	SINE/MIR	431	-	88	41834383	23173
chr22	41811210	42011210	harbor2	chr22	41834843	41835027	SINE/MIR	516	-	92	41834935	23725
chr22	41811210	42011210	harbor2	chr22	41859644	41859793	SINE/MIR	430	-	74	41859718	48508
chr22	41811210	42011210	harbor2	chr22	41863089	41863340	SINE/MIR	553	-	126	41863215	52005
chr22	41811210	42011210	harbor2	chr22	41875015	41875252	SINE/MIR	712	-	118	41875133	63923
chr22	41811210	42011210	harbor2	chr22	41902307	41902502	SINE/MIR	502	-	98	41902405	91195
chr22	39945490	40145490	harbor2	chr22	39946161	39946317	SINE/MIR	440	-	78	39946239	749
chr22	39945490	40145490	harbor2	chr22	39949280	39949497	SINE/MIR	720	-	108	39949388	3898
chr22	39945490	40145490	harbor2	chr22	39952822	39953023	SINE/MIR	571	-	100	39952922	7432
chr22	39945490	40145490	harbor2	chr22	39991956	39992058	SINE/MIR	519	-	51	39992007	46517
chr22	39945490	40145490	harbor2	chr22	39992179	39992321	SINE/MIR	519	-	71	39992250	46760
chr22	39945490	40145490	harbor2	chr22	39992552	39992657	SINE/MIR	419	-	52	39992604	47114
chr22	39945490	40145490	harbor2	chr22	39996973	39997192	SINE/MIR	519	-	110	39997083	51593
chr22	39945490	40145490	harbor2	chr22	39998304	39998452	SINE/MIR	403	-	74	39998378	52888
chr22	39945490	40145490	harbor2	chr22	40017722	40017966	SINE/MIR	746	-	122	40017844	72354
chr22	39945490	40145490	harbor2	chr22	40020898	40021017	SINE/MIR	423	-	60	40020958	75468
chr22	37418827	37618827	harbor2	chr22	37434344	37434547	SINE/MIR	487	-	102	37434446	15619
chr22	37418827	37618827	harbor2	chr22	37447832	37448045	SINE/MIR	462	-	106	37447938	29111
chr22	37418827	37618827	harbor2	chr22	37462405	37462566	SINE/MIR	433	-	80	37462485	43658
chr22	37418827	37618827	harbor2	chr22	37466174	37466357	SINE/MIR	400	-	92	37466266	47439
chr22	37418827	37618827	harbor2	chr22	37472154	37472336	SINE/MIR	570	-	91	37472245	53418
chr22	37418827	37618827	harbor2	chr22	37477754	37478020	SINE/MIR	805	-	133	37477887	59060
chr22	37418827	37618827	harbor2	chr22	37494614	37494852	SINE/MIR	594	-	119	37494733	75906
chr22	37418827	37618827	harbor2	chr22	37496119	37496252	SINE/MIR	447	-	66	37496185	77358
chr22	37418827	37618827	harbor2	chr22	37500827	37501038	SINE/MIR	515	-	106	37500933	82106
chr22	37418827	37618827	harbor2	chr22	37502275	37502496	SINE/MIR	481	-	110	37502385	83558
chr22	37418827	37618827	harbor2	chr22	37506475	37506679	SINE/MIR	451	-	102	37506577	87750
chr22	37418827	37618827	harbor2	chr22	37516734	37516887	SINE/MIR	466	-	76	37516810	97983
chr22	38679511	38879511	harbor2	chr22	38685087	38685243	SINE/MIR	524	-	78	38685165	5654
chr22	38679511	38879511	harbor2	chr22	38692108	38692335	SINE/MIR	631	-	114	38692222	12711
chr22	38679511	38879511	harbor2	chr22	38703261	38703456	SINE/MIR	407	-	98	38703359	23848
chr22	38679511	38879511	harbor2	chr22	38708050	38708185	SINE/MIR	574	-	68	38708118	28607
chr22	38679511	38879511	harbor2	chr22	38720734	38720894	SINE/MIR	527	-	80	38720814	41303
chr22	38679511	38879511	harbor2	chr22	38726483	38726641	SINE/MIR	616	-	79	38726562	47051
chr22	38679511	38879511	harbor2	chr22	38753697	38753866	SINE/MIR	543	-	84	38753781	74270
chr22	38679511	38879511	harbor2	chr22	38772696	38772878	SINE/MIR	520	-	91	38772787	93276
chr22	38679511	38879511	harbor2	chr22	38774552	38774718	SINE/MIR	419	-	83	38774635	95124
chr22	39414512	39614512	harbor2	chr22	39446744	39446967	SINE/MIR	905	-	112	39446856	32344
chr22	39414512	39614512	harbor2	chr22	39477557	39477782	SINE/MIR	529	-	112	39477669	63157
chr22	39414512	39614512	harbor2	chr22	39477795	39477966	SINE/MIR	652	-	86	39477881	63369
chr22	39414512	39614512	harbor2	chr22	39479688	39479787	SINE/MIR	404	-	50	39479738	65226
chr22	39414512	39614512	harbor2	chr22	39503564	39503803	SINE/MIR	883	-	120	39503684	89172
chr22	39414512	39614512	harbor2	chr22	39503819	39504029	SINE/MIR	606	-	105	39503924	89412
chr22	39414512	39614512	harbor2	chr22	39508062	39508297	SINE/MIR	425	-	118	39508180	93668
chr22	24948900	25148900	harbor2	chr22	24957976	24958159	SINE/MIR	590	-	92	24958068	9168
chr22	24948900	25148900	harbor2	chr22	24964360	24964423	SINE/MIR	443	-	32	24964392	15492
chr22	24948900	25148900	harbor2	chr22	24964719	24964875	SINE/MIR	443	-	78	24964797	15897
chr22	24948900	25148900	harbor2	chr22	24965893	24966126	SINE/MIR	504	-	116	24966009	17109
chr22	24948900	25148900	harbor2	chr22	24967175	24967412	SINE/MIR	626	-	118	24967293	18393
chr22	24948900	25148900	harbor2	chr22	24974321	24974506	SINE/MIR	607	-	92	24974413	25513
chr22	24948900	25148900	harbor2	chr22	24978009	24978110	SINE/MIR	854	-	50	24978059	29159
chr22	24948900	25148900	harbor2	chr22	24978467	24978605	SINE/MIR	854	-	69	24978536	29636
chr22	24948900	25148900	harbor2	chr22	24988890	24989005	SINE/MIR	547	-	58	24988948	40048
chr22	24948900	25148900	harbor2	chr22	24995678	24995911	SINE/MIR	780	-	116	24995794	46894
chr22	24948900	25148900	harbor2	chr22	25010502	25010665	SINE/MIR	467	-	82	25010584	61684
chr22	24948900	25148900	harbor2	chr22	25032215	25032434	SINE/MIR	476	-	110	25032325	83425
chr22	24948900	25148900	harbor2	chr22	25043357	25043502	SINE/MIR	538	-	72	25043429	94529
chr22	42780609	42980609	harbor2	chr22	42806579	42806773	SINE/MIR	567	-	97	42806676	26067
chr22	42780609	42980609	harbor2	chr22	42816199	42816422	SINE/MIR	941	-	112	42816311	35702
chr22	42780609	42980609	harbor2	chr22	42820494	42820646	SINE/MIR	403	-	76	42820570	39961
chr22	42780609	42980609	harbor2	chr22	42823195	42823315	SINE/MIR	493	-	60	42823255	42646
chr22	42780609	42980609	harbor2	chr22	42836711	42836935	SINE/MIR	831	-	112	42836823	56214
chr22	42780609	42980609	harbor2	chr22	42854985	42855210	SINE/MIR	684	-	112	42855097	74488
chr22	42780609	42980609	harbor2	chr22	42880164	42880306	SINE/MIR	482	-	71	42880235	99626
chr22	23082527	23282527	harbor2	chr22	23111587	23111732	SINE/MIR	396	-	72	23111659	29132
chr22	23082527	23282527	harbor2	chr22	23140525	23140713	SINE/MIR	520	-	94	23140619	58092
chr22	23082527	23282527	harbor2	chr22	23140792	23140971	SINE/MIR	443	-	90	23140882	58355
chr22	23082527	23282527	harbor2	chr22	23157565	23157768	SINE/MIR	570	-	102	23157667	75140
chr22	24070996	24270996	harbor2	chr22	24087134	24087400	SINE/MIR	464	-	133	24087267	16271
chr22	24070996	24270996	harbor2	chr22	24108958	24109195	SINE/MIR	707	-	118	24109076	38080
chr22	24070996	24270996	harbor2	chr22	24114443	24114578	SINE/MIR	439	-	68	24114511	43515
chr22	24070996	24270996	harbor2	chr22	24146823	24147005	SINE/MIR	434	-	91	24146914	75918
chrX	24366734	24566734	harbor2	chrX	24397560	24397787	SINE/MIR	843	-	114	24397674	30940
chrX	24366734	24566734	harbor2	chrX	24449754	24449884	SINE/MIR	547	-	65	24449819	83085
chrX	48955730	49155730	harbor2	chrX	48982097	48982331	SINE/MIR	1031	-	117	48982214	26484
chrX	48955730	49155730	harbor2	chrX	48993644	48993847	SINE/MIR	541	-	102	48993746	38016
chrX	48955730	49155730	harbor2	chrX	48995953	48996221	SINE/MIR	1009	-	134	48996087	40357
chrX	72046619	72246619	harbor2	chrX	72046832	72047036	SINE/MIR	711	-	102	72046934	315
chrX	72046619	72246619	harbor2	chrX	72048116	72048242	SINE/MIR	611	-	63	72048179	1560
chrX	72046619	72246619	harbor2	chrX	72065596	72065809	SINE/MIR	734	-	106	72065702	19083
chrX	72046619	72246619	harbor2	chrX	72073549	72073788	SINE/MIR	727	-	120	72073669	27050
chrX	72046619	72246619	harbor2	chrX	72078084	72078215	SINE/MIR	708	-	66	72078150	31531
chrX	72046619	72246619	harbor2	chrX	72082456	72082667	SINE/MIR	600	-	106	72082562	35943
chrX	72046619	72246619	harbor2	chrX	72108338	72108550	SINE/MIR	898	-	106	72108444	61825
chrX	72046619	72246619	harbor2	chrX	72109211	72109410	SINE/MIR	720	-	100	72109311	62692
chrX	72046619	72246619	harbor2	chrX	72111417	72111590	SINE/MIR	581	-	86	72111503	64884
chrX	72046619	72246619	harbor2	chrX	72122497	72122646	SINE/MIR	603	-	74	72122571	75952
chrX	72209033	72409033	harbor2	chrX	72240869	72241052	SINE/MIR	575	-	92	72240961	31928
chrX	72209033	72409033	harbor2	chrX	72243749	72244003	SINE/MIR	1134	-	127	72243876	34843
chrX	72209033	72409033	harbor2	chrX	72259193	72259215	SINE/MIR	710	-	11	72259204	50171
chrX	72209033	72409033	harbor2	chrX	72259520	72259724	SINE/MIR	710	-	102	72259622	50589
chrX	72209033	72409033	harbor2	chrX	72260039	72260073	SINE/MIR	710	-	17	72260056	51023
chrX	72209033	72409033	harbor2	chrX	72286881	72287058	SINE/MIR	764	-	88	72286969	77936
chrX	72209033	72409033	harbor2	chrX	72288154	72288281	SINE/MIR	576	-	64	72288218	79185
chrX	72209033	72409033	harbor2	chrX	72305786	72305899	SINE/MIR	587	-	56	72305842	96809
chrX	48955657	49155657	harbor2	chrX	48982097	48982331	SINE/MIR	1031	-	117	48982214	26557
chrX	48955657	49155657	harbor2	chrX	48993644	48993847	SINE/MIR	541	-	102	48993746	38089
chrX	48955657	49155657	harbor2	chrX	48995953	48996221	SINE/MIR	1009	-	134	48996087	40430
chrX	18255217	18455217	harbor2	chrX	18271161	18271373	SINE/MIR	545	-	106	18271267	16050
chrX	18255217	18455217	harbor2	chrX	18329655	18329796	SINE/MIR	780	-	70	18329725	74508
chrX	18255217	18455217	harbor2	chrX	18330098	18330217	SINE/MIR	780	-	60	18330158	74941
chrX	130073203	130273203	harbor2	chrX	130104530	130104705	SINE/MIR	578	-	88	130104618	31415
chrX	130073203	130273203	harbor2	chrX	130107726	130107915	SINE/MIR	608	-	94	130107820	34617
chrX	72209054	72409054	harbor2	chrX	72240869	72241052	SINE/MIR	575	-	92	72240961	31907
chrX	72209054	72409054	harbor2	chrX	72243749	72244003	SINE/MIR	1134	-	127	72243876	34822
chrX	72209054	72409054	harbor2	chrX	72259193	72259215	SINE/MIR	710	-	11	72259204	50150
chrX	72209054	72409054	harbor2	chrX	72259520	72259724	SINE/MIR	710	-	102	72259622	50568
chrX	72209054	72409054	harbor2	chrX	72260039	72260073	SINE/MIR	710	-	17	72260056	51002
chrX	72209054	72409054	harbor2	chrX	72286881	72287058	SINE/MIR	764	-	88	72286969	77915
chrX	72209054	72409054	harbor2	chrX	72288154	72288281	SINE/MIR	576	-	64	72288218	79164
chrX	72209054	72409054	harbor2	chrX	72305786	72305899	SINE/MIR	587	-	56	72305842	96788
chrX	18254719	18454719	harbor2	chrX	18271161	18271373	SINE/MIR	545	-	106	18271267	16548
chrX	18254719	18454719	harbor2	chrX	18329655	18329796	SINE/MIR	780	-	70	18329725	75006
chrX	18254719	18454719	harbor2	chrX	18330098	18330217	SINE/MIR	780	-	60	18330158	75439
chrX	71011961	71211961	harbor2	chrX	71015924	71016105	SINE/MIR	660	-	90	71016014	4053
chrX	71011961	71211961	harbor2	chrX	71074058	71074279	SINE/MIR	1004	-	110	71074168	62207
chrX	71011961	71211961	harbor2	chrX	71108729	71108938	SINE/MIR	693	-	104	71108833	96872
chrX	40072549	40272549	harbor2	chrX	40112374	40112616	SINE/MIR	754	-	121	40112495	39946
chrX	40072549	40272549	harbor2	chrX	40116113	40116215	SINE/MIR	553	-	51	40116164	43615
chrX	40072549	40272549	harbor2	chrX	40116509	40116585	SINE/MIR	553	-	38	40116547	43998
chrX	40072549	40272549	harbor2	chrX	40138507	40138544	SINE/MIR	734	-	18	40138525	65976
chrX	40072549	40272549	harbor2	chrX	40138855	40139032	SINE/MIR	734	-	88	40138943	66394
chrX	153504978	153704978	harbor2	chrX	153520517	153520764	SINE/MIR	737	-	124	153520641	15663
