H_chr	H_start	H_end	Harbor	TE_chr	TE_start	TE_end	TE	score	TE_strand	TE_half	TE_middle_pos	TE_dis
chr1	16543082	16743082	harbor1	chr1	16549882	16549929	SINE/MIR	671	-	24	16549906	6824
chr1	16543082	16743082	harbor1	chr1	16550232	16550380	SINE/MIR	671	-	74	16550306	7224
chr1	16543082	16743082	harbor1	chr1	16551364	16551580	SINE/MIR	493	-	108	16551472	8390
chr1	16543082	16743082	harbor1	chr1	16551815	16552014	SINE/MIR	530	-	100	16551915	8833
chr1	16543082	16743082	harbor1	chr1	16584312	16584458	SINE/MIR	440	-	73	16584385	41303
chr1	16543082	16743082	harbor1	chr1	16616012	16616256	SINE/MIR	462	-	122	16616134	73052
chr1	16543082	16743082	harbor1	chr1	16619309	16619456	SINE/MIR	456	-	74	16619383	76301
chr1	16543082	16743082	harbor1	chr1	16621378	16621593	SINE/MIR	530	-	108	16621486	78404
chr1	16543082	16743082	harbor1	chr1	16623030	16623201	SINE/MIR	537	-	86	16623116	80034
chr1	16543082	16743082	harbor1	chr1	16623585	16623784	SINE/MIR	569	-	100	16623685	80603
chr1	6394942	6594942	harbor1	chr1	6482506	6482662	SINE/MIR	518	-	78	6482584	87642
chr1	6394942	6594942	harbor1	chr1	6492605	6492774	SINE/MIR	520	-	84	6492689	97747
chr1	26400749	26600749	harbor1	chr1	26407188	26407397	SINE/MIR	605	-	104	26407292	6543
chr1	26400749	26600749	harbor1	chr1	26448676	26448857	SINE/MIR	494	-	90	26448766	48017
chr1	26400749	26600749	harbor1	chr1	26452528	26452761	SINE/MIR	901	-	116	26452644	51895
chr1	26400749	26600749	harbor1	chr1	26459430	26459626	SINE/MIR	726	-	98	26459528	58779
chr1	26400749	26600749	harbor1	chr1	26460257	26460460	SINE/MIR	620	-	102	26460359	59610
chr1	26400749	26600749	harbor1	chr1	26466803	26466909	SINE/MIR	432	-	53	26466856	66107
chr1	26400749	26600749	harbor1	chr1	26468444	26468634	SINE/MIR	600	-	95	26468539	67790
chr1	26400749	26600749	harbor1	chr1	26489988	26490129	SINE/MIR	562	-	70	26490058	89309
chr1	26400749	26600749	harbor1	chr1	26490646	26490800	SINE/MIR	452	-	77	26490723	89974
chr1	16423038	16623038	harbor1	chr1	16432889	16433060	SINE/MIR	488	-	86	16432975	9937
chr1	16423038	16623038	harbor1	chr1	16464074	16464201	SINE/MIR	651	-	64	16464138	41100
chr1	16423038	16623038	harbor1	chr1	16501288	16501446	SINE/MIR	466	-	79	16501367	78329
chr1	16543073	16743073	harbor1	chr1	16549882	16549929	SINE/MIR	671	-	24	16549906	6833
chr1	16543073	16743073	harbor1	chr1	16550232	16550380	SINE/MIR	671	-	74	16550306	7233
chr1	16543073	16743073	harbor1	chr1	16551364	16551580	SINE/MIR	493	-	108	16551472	8399
chr1	16543073	16743073	harbor1	chr1	16551815	16552014	SINE/MIR	530	-	100	16551915	8842
chr1	16543073	16743073	harbor1	chr1	16584312	16584458	SINE/MIR	440	-	73	16584385	41312
chr1	16543073	16743073	harbor1	chr1	16616012	16616256	SINE/MIR	462	-	122	16616134	73061
chr1	16543073	16743073	harbor1	chr1	16619309	16619456	SINE/MIR	456	-	74	16619383	76310
chr1	16543073	16743073	harbor1	chr1	16621378	16621593	SINE/MIR	530	-	108	16621486	78413
chr1	16543073	16743073	harbor1	chr1	16623030	16623201	SINE/MIR	537	-	86	16623116	80043
chr1	16543073	16743073	harbor1	chr1	16623585	16623784	SINE/MIR	569	-	100	16623685	80612
chr1	6046640	6246640	harbor1	chr1	6094870	6095098	SINE/MIR	575	-	114	6094984	48344
chr1	16507813	16707813	harbor1	chr1	16549882	16549929	SINE/MIR	671	-	24	16549906	42093
chr1	16507813	16707813	harbor1	chr1	16550232	16550380	SINE/MIR	671	-	74	16550306	42493
chr1	16507813	16707813	harbor1	chr1	16551364	16551580	SINE/MIR	493	-	108	16551472	43659
chr1	16507813	16707813	harbor1	chr1	16551815	16552014	SINE/MIR	530	-	100	16551915	44102
chr1	16507813	16707813	harbor1	chr1	16584312	16584458	SINE/MIR	440	-	73	16584385	76572
chr1	108941871	109141871	harbor1	chr1	108961872	108962059	SINE/MIR	465	-	94	108961966	20095
chr1	108941871	109141871	harbor1	chr1	109006550	109006740	SINE/MIR	555	-	95	109006645	64774
chr1	108941871	109141871	harbor1	chr1	109007700	109007820	SINE/MIR	549	-	60	109007760	65889
chr1	178438257	178638257	harbor1	chr1	178450198	178450439	SINE/MIR	728	-	120	178450318	12061
chr1	178438257	178638257	harbor1	chr1	178466551	178466768	SINE/MIR	570	-	108	178466659	28402
chr1	178438257	178638257	harbor1	chr1	178481832	178482049	SINE/MIR	851	-	108	178481940	43683
chr1	178438257	178638257	harbor1	chr1	178482844	178482984	SINE/MIR	443	-	70	178482914	44657
chr1	178438257	178638257	harbor1	chr1	178491450	178491616	SINE/MIR	478	-	83	178491533	53276
chr1	178438257	178638257	harbor1	chr1	178502685	178502921	SINE/MIR	691	-	118	178502803	64546
chr1	178438257	178638257	harbor1	chr1	178513545	178513711	SINE/MIR	578	-	83	178513628	75371
chr1	178438257	178638257	harbor1	chr1	178531084	178531133	SINE/MIR	468	-	24	178531108	92851
chr1	178438257	178638257	harbor1	chr1	178531438	178531649	SINE/MIR	468	-	106	178531544	93287
chr1	16544872	16744872	harbor1	chr1	16549882	16549929	SINE/MIR	671	-	24	16549906	5034
chr1	16544872	16744872	harbor1	chr1	16550232	16550380	SINE/MIR	671	-	74	16550306	5434
chr1	16544872	16744872	harbor1	chr1	16551364	16551580	SINE/MIR	493	-	108	16551472	6600
chr1	16544872	16744872	harbor1	chr1	16551815	16552014	SINE/MIR	530	-	100	16551915	7043
chr1	16544872	16744872	harbor1	chr1	16584312	16584458	SINE/MIR	440	-	73	16584385	39513
chr1	16544872	16744872	harbor1	chr1	16616012	16616256	SINE/MIR	462	-	122	16616134	71262
chr1	16544872	16744872	harbor1	chr1	16619309	16619456	SINE/MIR	456	-	74	16619383	74511
chr1	16544872	16744872	harbor1	chr1	16621378	16621593	SINE/MIR	530	-	108	16621486	76614
chr1	16544872	16744872	harbor1	chr1	16623030	16623201	SINE/MIR	537	-	86	16623116	78244
chr1	16544872	16744872	harbor1	chr1	16623585	16623784	SINE/MIR	569	-	100	16623685	78813
chr1	211033794	211233794	harbor1	chr1	211046452	211046686	SINE/MIR	846	-	117	211046569	12775
chr1	211033794	211233794	harbor1	chr1	211046691	211046895	SINE/MIR	588	-	102	211046793	12999
chr1	211033794	211233794	harbor1	chr1	211051779	211051960	SINE/MIR	658	-	90	211051869	18075
chr1	6294371	6494371	harbor1	chr1	6334707	6334842	SINE/MIR	463	-	68	6334775	40404
chr1	33156095	33356095	harbor1	chr1	33166457	33166691	SINE/MIR	797	-	117	33166574	10479
chr1	33156095	33356095	harbor1	chr1	33171316	33171493	SINE/MIR	609	-	88	33171404	15309
chr1	33156095	33356095	harbor1	chr1	33177805	33178011	SINE/MIR	564	-	103	33177908	21813
chr1	33156095	33356095	harbor1	chr1	33220301	33220490	SINE/MIR	517	-	94	33220395	64300
chr1	33156095	33356095	harbor1	chr1	33221525	33221725	SINE/MIR	598	-	100	33221625	65530
chr1	33156095	33356095	harbor1	chr1	33231050	33231295	SINE/MIR	521	-	122	33231172	75077
chr1	109183430	109383430	harbor1	chr1	109225603	109225818	SINE/MIR	448	-	108	109225711	42281
chr1	15661997	15861997	harbor1	chr1	15708894	15709131	SINE/MIR	934	-	118	15709012	47015
chr1	15661997	15861997	harbor1	chr1	15709531	15709673	SINE/MIR	469	-	71	15709602	47605
chr1	15661997	15861997	harbor1	chr1	15735631	15735849	SINE/MIR	575	-	109	15735740	73743
chr1	15661997	15861997	harbor1	chr1	15738873	15739087	SINE/MIR	606	-	107	15738980	76983
chr1	15661997	15861997	harbor1	chr1	15739698	15739897	SINE/MIR	526	-	100	15739798	77801
chr1	15661997	15861997	harbor1	chr1	15743443	15743620	SINE/MIR	583	-	88	15743531	81534
chr1	15661997	15861997	harbor1	chr1	15748833	15749077	SINE/MIR	855	-	122	15748955	86958
chr1	15661997	15861997	harbor1	chr1	15758112	15758311	SINE/MIR	525	-	100	15758212	96215
chr1	717645	917645	harbor1	chr1	797344	797585	SINE/MIR	496	-	120	797464	79819
chr1	16544914	16744914	harbor1	chr1	16549882	16549929	SINE/MIR	671	-	24	16549906	4992
chr1	16544914	16744914	harbor1	chr1	16550232	16550380	SINE/MIR	671	-	74	16550306	5392
chr1	16544914	16744914	harbor1	chr1	16551364	16551580	SINE/MIR	493	-	108	16551472	6558
chr1	16544914	16744914	harbor1	chr1	16551815	16552014	SINE/MIR	530	-	100	16551915	7001
chr1	16544914	16744914	harbor1	chr1	16584312	16584458	SINE/MIR	440	-	73	16584385	39471
chr1	16544914	16744914	harbor1	chr1	16616012	16616256	SINE/MIR	462	-	122	16616134	71220
chr1	16544914	16744914	harbor1	chr1	16619309	16619456	SINE/MIR	456	-	74	16619383	74469
chr1	16544914	16744914	harbor1	chr1	16621378	16621593	SINE/MIR	530	-	108	16621486	76572
chr1	16544914	16744914	harbor1	chr1	16623030	16623201	SINE/MIR	537	-	86	16623116	78202
chr1	16544914	16744914	harbor1	chr1	16623585	16623784	SINE/MIR	569	-	100	16623685	78771
chr1	47316941	47516941	harbor1	chr1	47397569	47397791	SINE/MIR	753	-	111	47397680	80739
chr1	16544773	16744773	harbor1	chr1	16549882	16549929	SINE/MIR	671	-	24	16549906	5133
chr1	16544773	16744773	harbor1	chr1	16550232	16550380	SINE/MIR	671	-	74	16550306	5533
chr1	16544773	16744773	harbor1	chr1	16551364	16551580	SINE/MIR	493	-	108	16551472	6699
chr1	16544773	16744773	harbor1	chr1	16551815	16552014	SINE/MIR	530	-	100	16551915	7142
chr1	16544773	16744773	harbor1	chr1	16584312	16584458	SINE/MIR	440	-	73	16584385	39612
chr1	16544773	16744773	harbor1	chr1	16616012	16616256	SINE/MIR	462	-	122	16616134	71361
chr1	16544773	16744773	harbor1	chr1	16619309	16619456	SINE/MIR	456	-	74	16619383	74610
chr1	16544773	16744773	harbor1	chr1	16621378	16621593	SINE/MIR	530	-	108	16621486	76713
chr1	16544773	16744773	harbor1	chr1	16623030	16623201	SINE/MIR	537	-	86	16623116	78343
chr1	16544773	16744773	harbor1	chr1	16623585	16623784	SINE/MIR	569	-	100	16623685	78912
chr1	16504018	16704018	harbor1	chr1	16549882	16549929	SINE/MIR	671	-	24	16549906	45888
chr1	16504018	16704018	harbor1	chr1	16550232	16550380	SINE/MIR	671	-	74	16550306	46288
chr1	16504018	16704018	harbor1	chr1	16551364	16551580	SINE/MIR	493	-	108	16551472	47454
chr1	16504018	16704018	harbor1	chr1	16551815	16552014	SINE/MIR	530	-	100	16551915	47897
chr1	16504018	16704018	harbor1	chr1	16584312	16584458	SINE/MIR	440	-	73	16584385	80367
chr1	226479130	226679130	harbor1	chr1	226483075	226483284	SINE/MIR	819	-	104	226483179	4049
chr1	226479130	226679130	harbor1	chr1	226517250	226517457	SINE/MIR	615	-	104	226517354	38224
chr1	226479130	226679130	harbor1	chr1	226519282	226519389	SINE/MIR	515	-	54	226519336	40206
chr1	226479130	226679130	harbor1	chr1	226529556	226529766	SINE/MIR	749	-	105	226529661	50531
chr1	226479130	226679130	harbor1	chr1	226544116	226544250	SINE/MIR	437	-	67	226544183	65053
chr1	226479130	226679130	harbor1	chr1	226572819	226572979	SINE/MIR	634	-	80	226572899	93769
chr1	226479130	226679130	harbor1	chr1	226577002	226577213	SINE/MIR	772	-	106	226577108	97978
chr1	211033705	211233705	harbor1	chr1	211046452	211046686	SINE/MIR	846	-	117	211046569	12864
chr1	211033705	211233705	harbor1	chr1	211046691	211046895	SINE/MIR	588	-	102	211046793	13088
chr1	211033705	211233705	harbor1	chr1	211051779	211051960	SINE/MIR	658	-	90	211051869	18164
chr1	16513040	16713040	harbor1	chr1	16549882	16549929	SINE/MIR	671	-	24	16549906	36866
chr1	16513040	16713040	harbor1	chr1	16550232	16550380	SINE/MIR	671	-	74	16550306	37266
chr1	16513040	16713040	harbor1	chr1	16551364	16551580	SINE/MIR	493	-	108	16551472	38432
chr1	16513040	16713040	harbor1	chr1	16551815	16552014	SINE/MIR	530	-	100	16551915	38875
chr1	16513040	16713040	harbor1	chr1	16584312	16584458	SINE/MIR	440	-	73	16584385	71345
chr1	47316928	47516928	harbor1	chr1	47397569	47397791	SINE/MIR	753	-	111	47397680	80752
chr1	13662912	13862912	harbor1	chr1	13681301	13681517	SINE/MIR	515	-	108	13681409	18497
chr1	13662912	13862912	harbor1	chr1	13720623	13720762	SINE/MIR	461	-	70	13720693	57781
chr1	13662912	13862912	harbor1	chr1	13756804	13756938	SINE/MIR	482	-	67	13756871	93959
chr1	16544793	16744793	harbor1	chr1	16549882	16549929	SINE/MIR	671	-	24	16549906	5113
chr1	16544793	16744793	harbor1	chr1	16550232	16550380	SINE/MIR	671	-	74	16550306	5513
chr1	16544793	16744793	harbor1	chr1	16551364	16551580	SINE/MIR	493	-	108	16551472	6679
chr1	16544793	16744793	harbor1	chr1	16551815	16552014	SINE/MIR	530	-	100	16551915	7122
chr1	16544793	16744793	harbor1	chr1	16584312	16584458	SINE/MIR	440	-	73	16584385	39592
chr1	16544793	16744793	harbor1	chr1	16616012	16616256	SINE/MIR	462	-	122	16616134	71341
chr1	16544793	16744793	harbor1	chr1	16619309	16619456	SINE/MIR	456	-	74	16619383	74590
chr1	16544793	16744793	harbor1	chr1	16621378	16621593	SINE/MIR	530	-	108	16621486	76693
chr1	16544793	16744793	harbor1	chr1	16623030	16623201	SINE/MIR	537	-	86	16623116	78323
chr1	16544793	16744793	harbor1	chr1	16623585	16623784	SINE/MIR	569	-	100	16623685	78892
chr1	211033814	211233814	harbor1	chr1	211046452	211046686	SINE/MIR	846	-	117	211046569	12755
chr1	211033814	211233814	harbor1	chr1	211046691	211046895	SINE/MIR	588	-	102	211046793	12979
chr1	211033814	211233814	harbor1	chr1	211051779	211051960	SINE/MIR	658	-	90	211051869	18055
chr1	16544707	16744707	harbor1	chr1	16549882	16549929	SINE/MIR	671	-	24	16549906	5199
chr1	16544707	16744707	harbor1	chr1	16550232	16550380	SINE/MIR	671	-	74	16550306	5599
chr1	16544707	16744707	harbor1	chr1	16551364	16551580	SINE/MIR	493	-	108	16551472	6765
chr1	16544707	16744707	harbor1	chr1	16551815	16552014	SINE/MIR	530	-	100	16551915	7208
chr1	16544707	16744707	harbor1	chr1	16584312	16584458	SINE/MIR	440	-	73	16584385	39678
chr1	16544707	16744707	harbor1	chr1	16616012	16616256	SINE/MIR	462	-	122	16616134	71427
chr1	16544707	16744707	harbor1	chr1	16619309	16619456	SINE/MIR	456	-	74	16619383	74676
chr1	16544707	16744707	harbor1	chr1	16621378	16621593	SINE/MIR	530	-	108	16621486	76779
chr1	16544707	16744707	harbor1	chr1	16623030	16623201	SINE/MIR	537	-	86	16623116	78409
chr1	16544707	16744707	harbor1	chr1	16623585	16623784	SINE/MIR	569	-	100	16623685	78978
chr1	6684326	6884326	harbor1	chr1	6718762	6718784	SINE/MIR	686	-	11	6718773	34447
chr1	6684326	6884326	harbor1	chr1	6719300	6719449	SINE/MIR	686	-	74	6719374	35048
chr1	6684326	6884326	harbor1	chr1	6719754	6719821	SINE/MIR	686	-	34	6719788	35462
chr1	6684326	6884326	harbor1	chr1	6765477	6765628	SINE/MIR	519	-	76	6765553	81227
chr1	6684326	6884326	harbor1	chr1	6766008	6766108	SINE/MIR	519	-	50	6766058	81732
chr1	16625283	16825283	harbor1	chr1	16682379	16682595	SINE/MIR	452	-	108	16682487	57204
chr1	16625283	16825283	harbor1	chr1	16682807	16683029	SINE/MIR	497	-	111	16682918	57635
chr1	16625283	16825283	harbor1	chr1	16711679	16711933	SINE/MIR	736	-	127	16711806	86523
chr1	16625207	16825207	harbor1	chr1	16682379	16682595	SINE/MIR	452	-	108	16682487	57280
chr1	16625207	16825207	harbor1	chr1	16682807	16683029	SINE/MIR	497	-	111	16682918	57711
chr1	16625207	16825207	harbor1	chr1	16711679	16711933	SINE/MIR	736	-	127	16711806	86599
chr1	16543134	16743134	harbor1	chr1	16549882	16549929	SINE/MIR	671	-	24	16549906	6772
chr1	16543134	16743134	harbor1	chr1	16550232	16550380	SINE/MIR	671	-	74	16550306	7172
chr1	16543134	16743134	harbor1	chr1	16551364	16551580	SINE/MIR	493	-	108	16551472	8338
chr1	16543134	16743134	harbor1	chr1	16551815	16552014	SINE/MIR	530	-	100	16551915	8781
chr1	16543134	16743134	harbor1	chr1	16584312	16584458	SINE/MIR	440	-	73	16584385	41251
chr1	16543134	16743134	harbor1	chr1	16616012	16616256	SINE/MIR	462	-	122	16616134	73000
chr1	16543134	16743134	harbor1	chr1	16619309	16619456	SINE/MIR	456	-	74	16619383	76249
chr1	16543134	16743134	harbor1	chr1	16621378	16621593	SINE/MIR	530	-	108	16621486	78352
chr1	16543134	16743134	harbor1	chr1	16623030	16623201	SINE/MIR	537	-	86	16623116	79982
chr1	16543134	16743134	harbor1	chr1	16623585	16623784	SINE/MIR	569	-	100	16623685	80551
chr1	17288486	17488486	harbor1	chr1	17310149	17310328	SINE/MIR	768	-	90	17310239	21753
chr1	17288486	17488486	harbor1	chr1	17314513	17314689	SINE/MIR	440	-	88	17314601	26115
chr1	17288486	17488486	harbor1	chr1	17335256	17335436	SINE/MIR	776	-	90	17335346	46860
chr1	17288486	17488486	harbor1	chr1	17338521	17338686	SINE/MIR	456	-	82	17338603	50117
chr1	17288486	17488486	harbor1	chr1	17338957	17339170	SINE/MIR	482	-	106	17339063	50577
chr1	17288486	17488486	harbor1	chr1	17361565	17361779	SINE/MIR	661	-	107	17361672	73186
chr1	3246650	3446650	harbor1	chr1	3262103	3262199	SINE/MIR	474	-	48	3262151	15501
chr1	3246650	3446650	harbor1	chr1	3345451	3345633	SINE/MIR	455	-	91	3345542	98892
chr1	16517405	16717405	harbor1	chr1	16549882	16549929	SINE/MIR	671	-	24	16549906	32501
chr1	16517405	16717405	harbor1	chr1	16550232	16550380	SINE/MIR	671	-	74	16550306	32901
chr1	16517405	16717405	harbor1	chr1	16551364	16551580	SINE/MIR	493	-	108	16551472	34067
chr1	16517405	16717405	harbor1	chr1	16551815	16552014	SINE/MIR	530	-	100	16551915	34510
chr1	16517405	16717405	harbor1	chr1	16584312	16584458	SINE/MIR	440	-	73	16584385	66980
chr1	16517405	16717405	harbor1	chr1	16616012	16616256	SINE/MIR	462	-	122	16616134	98729
chr1	16508264	16708264	harbor1	chr1	16549882	16549929	SINE/MIR	671	-	24	16549906	41642
chr1	16508264	16708264	harbor1	chr1	16550232	16550380	SINE/MIR	671	-	74	16550306	42042
chr1	16508264	16708264	harbor1	chr1	16551364	16551580	SINE/MIR	493	-	108	16551472	43208
chr1	16508264	16708264	harbor1	chr1	16551815	16552014	SINE/MIR	530	-	100	16551915	43651
chr1	16508264	16708264	harbor1	chr1	16584312	16584458	SINE/MIR	440	-	73	16584385	76121
chr1	16493369	16693369	harbor1	chr1	16501288	16501446	SINE/MIR	466	-	79	16501367	7998
chr1	16493369	16693369	harbor1	chr1	16549882	16549929	SINE/MIR	671	-	24	16549906	56537
chr1	16493369	16693369	harbor1	chr1	16550232	16550380	SINE/MIR	671	-	74	16550306	56937
chr1	16493369	16693369	harbor1	chr1	16551364	16551580	SINE/MIR	493	-	108	16551472	58103
chr1	16493369	16693369	harbor1	chr1	16551815	16552014	SINE/MIR	530	-	100	16551915	58546
chr1	16493369	16693369	harbor1	chr1	16584312	16584458	SINE/MIR	440	-	73	16584385	91016
chr1	21742070	21942070	harbor1	chr1	21814219	21814405	SINE/MIR	651	-	93	21814312	72242
chr1	21742070	21942070	harbor1	chr1	21816448	21816546	SINE/MIR	479	-	49	21816497	74427
chr1	21742070	21942070	harbor1	chr1	21827217	21827408	SINE/MIR	720	-	96	21827313	85243
chr1	21742070	21942070	harbor1	chr1	21828583	21828723	SINE/MIR	488	-	70	21828653	86583
chr1	21742070	21942070	harbor1	chr1	21833997	21834157	SINE/MIR	497	-	80	21834077	92007
chr1	21742070	21942070	harbor1	chr1	21836249	21836324	SINE/MIR	447	-	38	21836287	94217
chr1	21742070	21942070	harbor1	chr1	21836621	21836700	SINE/MIR	447	-	40	21836661	94591
chr1	21742070	21942070	harbor1	chr1	21837729	21837853	SINE/MIR	729	-	62	21837791	95721
chr1	21742070	21942070	harbor1	chr1	21838166	21838288	SINE/MIR	729	-	61	21838227	96157
chr1	16545030	16745030	harbor1	chr1	16549882	16549929	SINE/MIR	671	-	24	16549906	4876
chr1	16545030	16745030	harbor1	chr1	16550232	16550380	SINE/MIR	671	-	74	16550306	5276
chr1	16545030	16745030	harbor1	chr1	16551364	16551580	SINE/MIR	493	-	108	16551472	6442
chr1	16545030	16745030	harbor1	chr1	16551815	16552014	SINE/MIR	530	-	100	16551915	6885
chr1	16545030	16745030	harbor1	chr1	16584312	16584458	SINE/MIR	440	-	73	16584385	39355
chr1	16545030	16745030	harbor1	chr1	16616012	16616256	SINE/MIR	462	-	122	16616134	71104
chr1	16545030	16745030	harbor1	chr1	16619309	16619456	SINE/MIR	456	-	74	16619383	74353
chr1	16545030	16745030	harbor1	chr1	16621378	16621593	SINE/MIR	530	-	108	16621486	76456
chr1	16545030	16745030	harbor1	chr1	16623030	16623201	SINE/MIR	537	-	86	16623116	78086
chr1	16545030	16745030	harbor1	chr1	16623585	16623784	SINE/MIR	569	-	100	16623685	78655
chr1	16543007	16743007	harbor1	chr1	16549882	16549929	SINE/MIR	671	-	24	16549906	6899
chr1	16543007	16743007	harbor1	chr1	16550232	16550380	SINE/MIR	671	-	74	16550306	7299
chr1	16543007	16743007	harbor1	chr1	16551364	16551580	SINE/MIR	493	-	108	16551472	8465
chr1	16543007	16743007	harbor1	chr1	16551815	16552014	SINE/MIR	530	-	100	16551915	8908
chr1	16543007	16743007	harbor1	chr1	16584312	16584458	SINE/MIR	440	-	73	16584385	41378
chr1	16543007	16743007	harbor1	chr1	16616012	16616256	SINE/MIR	462	-	122	16616134	73127
chr1	16543007	16743007	harbor1	chr1	16619309	16619456	SINE/MIR	456	-	74	16619383	76376
chr1	16543007	16743007	harbor1	chr1	16621378	16621593	SINE/MIR	530	-	108	16621486	78479
chr1	16543007	16743007	harbor1	chr1	16623030	16623201	SINE/MIR	537	-	86	16623116	80109
chr1	16543007	16743007	harbor1	chr1	16623585	16623784	SINE/MIR	569	-	100	16623685	80678
chr1	205330408	205530408	harbor1	chr1	205333743	205333939	SINE/MIR	585	-	98	205333841	3433
chr1	205330408	205530408	harbor1	chr1	205346519	205346745	SINE/MIR	560	-	113	205346632	16224
chr1	205330408	205530408	harbor1	chr1	205353765	205354005	SINE/MIR	450	-	120	205353885	23477
chr1	205330408	205530408	harbor1	chr1	205355556	205355786	SINE/MIR	651	-	115	205355671	25263
chr1	205330408	205530408	harbor1	chr1	205367815	205367978	SINE/MIR	510	-	82	205367897	37489
chr1	205330408	205530408	harbor1	chr1	205380918	205381149	SINE/MIR	560	-	116	205381034	50626
chr1	205330408	205530408	harbor1	chr1	205387867	205388109	SINE/MIR	818	-	121	205387988	57580
chr1	205330408	205530408	harbor1	chr1	205388131	205388194	SINE/MIR	634	-	32	205388163	57755
chr1	205330408	205530408	harbor1	chr1	205388489	205388649	SINE/MIR	642	-	80	205388569	58161
chr1	205330408	205530408	harbor1	chr1	205409392	205409605	SINE/MIR	840	-	106	205409498	79090
chr1	2375351	2575351	harbor1	chr1	2393539	2393763	SINE/MIR	494	-	112	2393651	18300
chr1	2375351	2575351	harbor1	chr1	2399666	2399853	SINE/MIR	493	-	94	2399760	24409
chr1	16544735	16744735	harbor1	chr1	16549882	16549929	SINE/MIR	671	-	24	16549906	5171
chr1	16544735	16744735	harbor1	chr1	16550232	16550380	SINE/MIR	671	-	74	16550306	5571
chr1	16544735	16744735	harbor1	chr1	16551364	16551580	SINE/MIR	493	-	108	16551472	6737
chr1	16544735	16744735	harbor1	chr1	16551815	16552014	SINE/MIR	530	-	100	16551915	7180
chr1	16544735	16744735	harbor1	chr1	16584312	16584458	SINE/MIR	440	-	73	16584385	39650
chr1	16544735	16744735	harbor1	chr1	16616012	16616256	SINE/MIR	462	-	122	16616134	71399
chr1	16544735	16744735	harbor1	chr1	16619309	16619456	SINE/MIR	456	-	74	16619383	74648
chr1	16544735	16744735	harbor1	chr1	16621378	16621593	SINE/MIR	530	-	108	16621486	76751
chr1	16544735	16744735	harbor1	chr1	16623030	16623201	SINE/MIR	537	-	86	16623116	78381
chr1	16544735	16744735	harbor1	chr1	16623585	16623784	SINE/MIR	569	-	100	16623685	78950
chr1	2375340	2575340	harbor1	chr1	2393539	2393763	SINE/MIR	494	-	112	2393651	18311
chr1	2375340	2575340	harbor1	chr1	2399666	2399853	SINE/MIR	493	-	94	2399760	24420
chr1	5895458	6095458	harbor1	chr1	5990526	5990635	SINE/MIR	442	-	54	5990580	95122
chr1	1	128757	harbor1	chr1	23120	23371	SINE/MIR	787	-	126	23246	23245
chr1	1	128757	harbor1	chr1	67999	68246	SINE/MIR	539	-	124	68123	68122
chr1	39855348	40055348	harbor1	chr1	39881984	39882178	SINE/MIR	541	-	97	39882081	26733
chr1	39855348	40055348	harbor1	chr1	39890950	39891116	SINE/MIR	878	-	83	39891033	35685
chr1	39855348	40055348	harbor1	chr1	39892331	39892537	SINE/MIR	471	-	103	39892434	37086
chr1	39855348	40055348	harbor1	chr1	39926033	39926240	SINE/MIR	534	-	104	39926137	70789
chr1	39855348	40055348	harbor1	chr1	39940134	39940334	SINE/MIR	538	-	100	39940234	84886
chr1	39855348	40055348	harbor1	chr1	39953040	39953118	SINE/MIR	449	-	39	39953079	97731
chr1	39855348	40055348	harbor1	chr1	39953415	39953494	SINE/MIR	449	-	40	39953455	98107
chr1	39855348	40055348	harbor1	chr1	39895001	39895226	SINE/MIR	608	-	112	39895113	39765
chr1	15323291	15523291	harbor1	chr1	15324033	15324223	SINE/MIR	665	-	95	15324128	837
chr1	15323291	15523291	harbor1	chr1	15333413	15333552	SINE/MIR	431	-	70	15333483	10192
chr1	15323291	15523291	harbor1	chr1	15333707	15333809	SINE/MIR	730	-	51	15333758	10467
chr1	15323291	15523291	harbor1	chr1	15334126	15334267	SINE/MIR	730	-	70	15334196	10905
chr1	15323291	15523291	harbor1	chr1	15341407	15341604	SINE/MIR	471	-	98	15341505	18214
chr1	15323291	15523291	harbor1	chr1	15344749	15344964	SINE/MIR	568	-	108	15344857	21566
chr1	15323291	15523291	harbor1	chr1	15377880	15378021	SINE/MIR	808	-	70	15377950	54659
chr1	15323291	15523291	harbor1	chr1	15378313	15378405	SINE/MIR	808	-	46	15378359	55068
chr1	15323291	15523291	harbor1	chr1	15383713	15383921	SINE/MIR	531	-	104	15383817	60526
chr1	15323291	15523291	harbor1	chr1	15398343	15398584	SINE/MIR	774	-	120	15398463	75172
chr1	15323291	15523291	harbor1	chr1	15402579	15402782	SINE/MIR	465	-	102	15402681	79390
chr1	15323291	15523291	harbor1	chr1	15412348	15412492	SINE/MIR	497	-	72	15412420	89129
chr1	15323291	15523291	harbor1	chr1	15415442	15415478	SINE/MIR	496	-	18	15415460	92169
chr1	15323291	15523291	harbor1	chr1	15415790	15415905	SINE/MIR	496	-	58	15415848	92557
chr1	15323291	15523291	harbor1	chr1	15416542	15416711	SINE/MIR	583	-	84	15416626	93335
chr1	15323291	15523291	harbor1	chr1	15421003	15421256	SINE/MIR	758	-	126	15421129	97838
chr1	755937	955937	harbor1	chr1	797344	797585	SINE/MIR	496	-	120	797464	41527
chr1	47234717	47434717	harbor1	chr1	47235929	47236129	SINE/MIR	815	-	100	47236029	1312
chr1	47234717	47434717	harbor1	chr1	47272966	47273176	SINE/MIR	478	-	105	47273071	38354
chr1	47234717	47434717	harbor1	chr1	47303931	47304138	SINE/MIR	534	-	104	47304035	69318
chr1	47234717	47434717	harbor1	chr1	47309981	47310220	SINE/MIR	748	-	120	47310101	75384
chr1	16542884	16742884	harbor1	chr1	16549882	16549929	SINE/MIR	671	-	24	16549906	7022
chr1	16542884	16742884	harbor1	chr1	16550232	16550380	SINE/MIR	671	-	74	16550306	7422
chr1	16542884	16742884	harbor1	chr1	16551364	16551580	SINE/MIR	493	-	108	16551472	8588
chr1	16542884	16742884	harbor1	chr1	16551815	16552014	SINE/MIR	530	-	100	16551915	9031
chr1	16542884	16742884	harbor1	chr1	16584312	16584458	SINE/MIR	440	-	73	16584385	41501
chr1	16542884	16742884	harbor1	chr1	16616012	16616256	SINE/MIR	462	-	122	16616134	73250
chr1	16542884	16742884	harbor1	chr1	16619309	16619456	SINE/MIR	456	-	74	16619383	76499
chr1	16542884	16742884	harbor1	chr1	16621378	16621593	SINE/MIR	530	-	108	16621486	78602
chr1	16542884	16742884	harbor1	chr1	16623030	16623201	SINE/MIR	537	-	86	16623116	80232
chr1	16542884	16742884	harbor1	chr1	16623585	16623784	SINE/MIR	569	-	100	16623685	80801
chr1	29137918	29337918	harbor1	chr1	29156443	29156637	SINE/MIR	622	-	97	29156540	18622
chr1	29137918	29337918	harbor1	chr1	29167770	29168007	SINE/MIR	540	-	118	29167888	29970
chr1	29137918	29337918	harbor1	chr1	29169074	29169297	SINE/MIR	529	-	112	29169186	31268
chr1	29137918	29337918	harbor1	chr1	29180080	29180232	SINE/MIR	447	-	76	29180156	42238
chr1	29137918	29337918	harbor1	chr1	29195559	29195679	SINE/MIR	446	-	60	29195619	57701
chr1	29137918	29337918	harbor1	chr1	29197784	29197900	SINE/MIR	436	-	58	29197842	59924
chr1	29137918	29337918	harbor1	chr1	29198285	29198461	SINE/MIR	510	-	88	29198373	60455
chr1	29137918	29337918	harbor1	chr1	29208559	29208711	SINE/MIR	478	-	76	29208635	70717
chr1	29137918	29337918	harbor1	chr1	29211542	29211755	SINE/MIR	526	-	106	29211648	73730
chr1	29137918	29337918	harbor1	chr1	29218818	29219025	SINE/MIR	584	-	104	29218922	81004
chr1	119470501	119670501	harbor1	chr1	119471400	119471561	SINE/MIR	443	-	80	119471480	979
chr1	119470501	119670501	harbor1	chr1	119509061	119509282	SINE/MIR	815	-	110	119509171	38670
chr1	119470501	119670501	harbor1	chr1	119511830	119511958	SINE/MIR	467	-	64	119511894	41393
chr1	119470501	119670501	harbor1	chr1	119540357	119540575	SINE/MIR	894	-	109	119540466	69965
chr1	119470501	119670501	harbor1	chr1	119565594	119565824	SINE/MIR	964	-	115	119565709	95208
chr1	16544757	16744757	harbor1	chr1	16549882	16549929	SINE/MIR	671	-	24	16549906	5149
chr1	16544757	16744757	harbor1	chr1	16550232	16550380	SINE/MIR	671	-	74	16550306	5549
chr1	16544757	16744757	harbor1	chr1	16551364	16551580	SINE/MIR	493	-	108	16551472	6715
chr1	16544757	16744757	harbor1	chr1	16551815	16552014	SINE/MIR	530	-	100	16551915	7158
chr1	16544757	16744757	harbor1	chr1	16584312	16584458	SINE/MIR	440	-	73	16584385	39628
chr1	16544757	16744757	harbor1	chr1	16616012	16616256	SINE/MIR	462	-	122	16616134	71377
chr1	16544757	16744757	harbor1	chr1	16619309	16619456	SINE/MIR	456	-	74	16619383	74626
chr1	16544757	16744757	harbor1	chr1	16621378	16621593	SINE/MIR	530	-	108	16621486	76729
chr1	16544757	16744757	harbor1	chr1	16623030	16623201	SINE/MIR	537	-	86	16623116	78359
chr1	16544757	16744757	harbor1	chr1	16623585	16623784	SINE/MIR	569	-	100	16623685	78928
chr1	28799072	28999072	harbor1	chr1	28811717	28811955	SINE/MIR	784	-	119	28811836	12764
chr1	28799072	28999072	harbor1	chr1	28824628	28824840	SINE/MIR	635	-	106	28824734	25662
chr1	28799072	28999072	harbor1	chr1	28825134	28825157	SINE/MIR	635	-	12	28825146	26074
chr1	28799072	28999072	harbor1	chr1	28831869	28832070	SINE/MIR	776	-	100	28831969	32897
chr1	28799072	28999072	harbor1	chr1	28833079	28833237	SINE/MIR	545	-	79	28833158	34086
chr1	28799072	28999072	harbor1	chr1	28838675	28838886	SINE/MIR	631	-	106	28838781	39709
chr1	28799072	28999072	harbor1	chr1	28857185	28857413	SINE/MIR	597	-	114	28857299	58227
chr1	28799072	28999072	harbor1	chr1	28860610	28860771	SINE/MIR	541	-	80	28860690	61618
chr1	28799072	28999072	harbor1	chr1	28866434	28866650	SINE/MIR	608	-	108	28866542	67470
chr1	28799072	28999072	harbor1	chr1	28869457	28869711	SINE/MIR	700	-	127	28869584	70512
chr1	28799072	28999072	harbor1	chr1	28885989	28886214	SINE/MIR	889	-	112	28886101	87029
chr1	28799072	28999072	harbor1	chr1	28890620	28890835	SINE/MIR	718	-	108	28890728	91656
chr1	28799072	28999072	harbor1	chr1	28892277	28892439	SINE/MIR	771	-	81	28892358	93286
chr1	28799072	28999072	harbor1	chr1	28892729	28892794	SINE/MIR	771	-	32	28892761	93689
chr1	28799072	28999072	harbor1	chr1	28895267	28895484	SINE/MIR	485	-	108	28895375	96303
chr1	87225746	87425746	harbor1	chr1	87241476	87241675	SINE/MIR	742	-	100	87241576	15830
chr1	87225746	87425746	harbor1	chr1	87242579	87242715	SINE/MIR	537	-	68	87242647	16901
chr1	87225746	87425746	harbor1	chr1	87244110	87244345	SINE/MIR	959	-	118	87244228	18482
chr1	87225746	87425746	harbor1	chr1	87248584	87248754	SINE/MIR	526	-	85	87248669	22923
chr1	87225746	87425746	harbor1	chr1	87260936	87261105	SINE/MIR	489	-	84	87261020	35274
chr1	87225746	87425746	harbor1	chr1	87264912	87265094	SINE/MIR	477	-	91	87265003	39257
chr1	87225746	87425746	harbor1	chr1	87296443	87296592	SINE/MIR	508	-	74	87296517	70771
chr1	87225746	87425746	harbor1	chr1	87296605	87296862	SINE/MIR	561	-	128	87296733	70987
chr1	87225746	87425746	harbor1	chr1	87304313	87304447	SINE/MIR	495	-	67	87304380	78634
chr1	87225746	87425746	harbor1	chr1	87308296	87308482	SINE/MIR	644	-	93	87308389	82643
chr1	87225746	87425746	harbor1	chr1	87309083	87309239	SINE/MIR	436	-	78	87309161	83415
chr1	211033766	211233766	harbor1	chr1	211046452	211046686	SINE/MIR	846	-	117	211046569	12803
chr1	211033766	211233766	harbor1	chr1	211046691	211046895	SINE/MIR	588	-	102	211046793	13027
chr1	211033766	211233766	harbor1	chr1	211051779	211051960	SINE/MIR	658	-	90	211051869	18103
chr1	16544790	16744790	harbor1	chr1	16549882	16549929	SINE/MIR	671	-	24	16549906	5116
chr1	16544790	16744790	harbor1	chr1	16550232	16550380	SINE/MIR	671	-	74	16550306	5516
chr1	16544790	16744790	harbor1	chr1	16551364	16551580	SINE/MIR	493	-	108	16551472	6682
chr1	16544790	16744790	harbor1	chr1	16551815	16552014	SINE/MIR	530	-	100	16551915	7125
chr1	16544790	16744790	harbor1	chr1	16584312	16584458	SINE/MIR	440	-	73	16584385	39595
chr1	16544790	16744790	harbor1	chr1	16616012	16616256	SINE/MIR	462	-	122	16616134	71344
chr1	16544790	16744790	harbor1	chr1	16619309	16619456	SINE/MIR	456	-	74	16619383	74593
chr1	16544790	16744790	harbor1	chr1	16621378	16621593	SINE/MIR	530	-	108	16621486	76696
chr1	16544790	16744790	harbor1	chr1	16623030	16623201	SINE/MIR	537	-	86	16623116	78326
chr1	16544790	16744790	harbor1	chr1	16623585	16623784	SINE/MIR	569	-	100	16623685	78895
chr1	11498163	11698163	harbor1	chr1	11498721	11498950	SINE/MIR	482	-	114	11498835	672
chr1	11498163	11698163	harbor1	chr1	11500395	11500553	SINE/MIR	523	-	79	11500474	2311
chr1	11498163	11698163	harbor1	chr1	11504123	11504342	SINE/MIR	895	-	110	11504233	6070
chr1	11498163	11698163	harbor1	chr1	11516383	11516568	SINE/MIR	433	-	92	11516475	18312
chr1	11498163	11698163	harbor1	chr1	11531780	11531910	SINE/MIR	457	-	65	11531845	33682
chr1	11498163	11698163	harbor1	chr1	11534781	11534959	SINE/MIR	440	-	89	11534870	36707
chr1	11498163	11698163	harbor1	chr1	11543465	11543634	SINE/MIR	487	-	84	11543549	45386
chr1	11498163	11698163	harbor1	chr1	11566155	11566290	SINE/MIR	473	-	68	11566223	68060
chr1	11498163	11698163	harbor1	chr1	11567381	11567531	SINE/MIR	496	-	75	11567456	69293
chr1	11498163	11698163	harbor1	chr1	11586203	11586452	SINE/MIR	465	-	124	11586327	88164
chr1	11498163	11698163	harbor1	chr1	11587052	11587220	SINE/MIR	527	-	84	11587136	88973
chr1	11498163	11698163	harbor1	chr1	11592244	11592494	SINE/MIR	807	-	125	11592369	94206
chr1	11498163	11698163	harbor1	chr1	11517789	11518008	SINE/MIR	728	-	110	11517899	19736
chr1	16538364	16738364	harbor1	chr1	16549882	16549929	SINE/MIR	671	-	24	16549906	11542
chr1	16538364	16738364	harbor1	chr1	16550232	16550380	SINE/MIR	671	-	74	16550306	11942
chr1	16538364	16738364	harbor1	chr1	16551364	16551580	SINE/MIR	493	-	108	16551472	13108
chr1	16538364	16738364	harbor1	chr1	16551815	16552014	SINE/MIR	530	-	100	16551915	13551
chr1	16538364	16738364	harbor1	chr1	16584312	16584458	SINE/MIR	440	-	73	16584385	46021
chr1	16538364	16738364	harbor1	chr1	16616012	16616256	SINE/MIR	462	-	122	16616134	77770
chr1	16538364	16738364	harbor1	chr1	16619309	16619456	SINE/MIR	456	-	74	16619383	81019
chr1	16538364	16738364	harbor1	chr1	16621378	16621593	SINE/MIR	530	-	108	16621486	83122
chr1	16538364	16738364	harbor1	chr1	16623030	16623201	SINE/MIR	537	-	86	16623116	84752
chr1	16538364	16738364	harbor1	chr1	16623585	16623784	SINE/MIR	569	-	100	16623685	85321
chr1	154985127	155185127	harbor1	chr1	155013117	155013349	SINE/MIR	962	-	116	155013233	28106
chr1	154985127	155185127	harbor1	chr1	155013360	155013556	SINE/MIR	585	-	98	155013458	28331
chr1	154985127	155185127	harbor1	chr1	155028228	155028309	SINE/MIR	748	-	40	155028268	43141
chr1	154985127	155185127	harbor1	chr1	155028895	155029007	SINE/MIR	748	-	56	155028951	43824
chr1	154985127	155185127	harbor1	chr1	155053526	155053772	SINE/MIR	962	-	123	155053649	68522
chr1	154985127	155185127	harbor1	chr1	155074890	155075134	SINE/MIR	794	-	122	155075012	89885
chr1	26400777	26600777	harbor1	chr1	26407188	26407397	SINE/MIR	605	-	104	26407292	6515
chr1	26400777	26600777	harbor1	chr1	26448676	26448857	SINE/MIR	494	-	90	26448766	47989
chr1	26400777	26600777	harbor1	chr1	26452528	26452761	SINE/MIR	901	-	116	26452644	51867
chr1	26400777	26600777	harbor1	chr1	26459430	26459626	SINE/MIR	726	-	98	26459528	58751
chr1	26400777	26600777	harbor1	chr1	26460257	26460460	SINE/MIR	620	-	102	26460359	59582
chr1	26400777	26600777	harbor1	chr1	26466803	26466909	SINE/MIR	432	-	53	26466856	66079
chr1	26400777	26600777	harbor1	chr1	26468444	26468634	SINE/MIR	600	-	95	26468539	67762
chr1	26400777	26600777	harbor1	chr1	26489988	26490129	SINE/MIR	562	-	70	26490058	89281
chr1	26400777	26600777	harbor1	chr1	26490646	26490800	SINE/MIR	452	-	77	26490723	89946
chr1	16542853	16742853	harbor1	chr1	16549882	16549929	SINE/MIR	671	-	24	16549906	7053
chr1	16542853	16742853	harbor1	chr1	16550232	16550380	SINE/MIR	671	-	74	16550306	7453
chr1	16542853	16742853	harbor1	chr1	16551364	16551580	SINE/MIR	493	-	108	16551472	8619
chr1	16542853	16742853	harbor1	chr1	16551815	16552014	SINE/MIR	530	-	100	16551915	9062
chr1	16542853	16742853	harbor1	chr1	16584312	16584458	SINE/MIR	440	-	73	16584385	41532
chr1	16542853	16742853	harbor1	chr1	16616012	16616256	SINE/MIR	462	-	122	16616134	73281
chr1	16542853	16742853	harbor1	chr1	16619309	16619456	SINE/MIR	456	-	74	16619383	76530
chr1	16542853	16742853	harbor1	chr1	16621378	16621593	SINE/MIR	530	-	108	16621486	78633
chr1	16542853	16742853	harbor1	chr1	16623030	16623201	SINE/MIR	537	-	86	16623116	80263
chr1	16542853	16742853	harbor1	chr1	16623585	16623784	SINE/MIR	569	-	100	16623685	80832
chr1	51230780	51430780	harbor1	chr1	51295498	51295725	SINE/MIR	491	-	114	51295612	64832
chr1	51230780	51430780	harbor1	chr1	51325497	51325709	SINE/MIR	470	-	106	51325603	94823
chr1	16544788	16744788	harbor1	chr1	16549882	16549929	SINE/MIR	671	-	24	16549906	5118
chr1	16544788	16744788	harbor1	chr1	16550232	16550380	SINE/MIR	671	-	74	16550306	5518
chr1	16544788	16744788	harbor1	chr1	16551364	16551580	SINE/MIR	493	-	108	16551472	6684
chr1	16544788	16744788	harbor1	chr1	16551815	16552014	SINE/MIR	530	-	100	16551915	7127
chr1	16544788	16744788	harbor1	chr1	16584312	16584458	SINE/MIR	440	-	73	16584385	39597
chr1	16544788	16744788	harbor1	chr1	16616012	16616256	SINE/MIR	462	-	122	16616134	71346
chr1	16544788	16744788	harbor1	chr1	16619309	16619456	SINE/MIR	456	-	74	16619383	74595
chr1	16544788	16744788	harbor1	chr1	16621378	16621593	SINE/MIR	530	-	108	16621486	76698
chr1	16544788	16744788	harbor1	chr1	16623030	16623201	SINE/MIR	537	-	86	16623116	78328
chr1	16544788	16744788	harbor1	chr1	16623585	16623784	SINE/MIR	569	-	100	16623685	78897
chr1	244605801	244805801	harbor1	chr1	244641567	244641776	SINE/MIR	593	-	104	244641671	35870
chr1	244605801	244805801	harbor1	chr1	244667471	244667646	SINE/MIR	567	-	88	244667559	61758
chr1	244605801	244805801	harbor1	chr1	244670500	244670725	SINE/MIR	827	-	112	244670612	64811
chr1	6685401	6885401	harbor1	chr1	6718762	6718784	SINE/MIR	686	-	11	6718773	33372
chr1	6685401	6885401	harbor1	chr1	6719300	6719449	SINE/MIR	686	-	74	6719374	33973
chr1	6685401	6885401	harbor1	chr1	6719754	6719821	SINE/MIR	686	-	34	6719788	34387
chr1	6685401	6885401	harbor1	chr1	6765477	6765628	SINE/MIR	519	-	76	6765553	80152
chr1	6685401	6885401	harbor1	chr1	6766008	6766108	SINE/MIR	519	-	50	6766058	80657
chr1	16543001	16743001	harbor1	chr1	16549882	16549929	SINE/MIR	671	-	24	16549906	6905
chr1	16543001	16743001	harbor1	chr1	16550232	16550380	SINE/MIR	671	-	74	16550306	7305
chr1	16543001	16743001	harbor1	chr1	16551364	16551580	SINE/MIR	493	-	108	16551472	8471
chr1	16543001	16743001	harbor1	chr1	16551815	16552014	SINE/MIR	530	-	100	16551915	8914
chr1	16543001	16743001	harbor1	chr1	16584312	16584458	SINE/MIR	440	-	73	16584385	41384
chr1	16543001	16743001	harbor1	chr1	16616012	16616256	SINE/MIR	462	-	122	16616134	73133
chr1	16543001	16743001	harbor1	chr1	16619309	16619456	SINE/MIR	456	-	74	16619383	76382
chr1	16543001	16743001	harbor1	chr1	16621378	16621593	SINE/MIR	530	-	108	16621486	78485
chr1	16543001	16743001	harbor1	chr1	16623030	16623201	SINE/MIR	537	-	86	16623116	80115
chr1	16543001	16743001	harbor1	chr1	16623585	16623784	SINE/MIR	569	-	100	16623685	80684
chr1	16544777	16744777	harbor1	chr1	16549882	16549929	SINE/MIR	671	-	24	16549906	5129
chr1	16544777	16744777	harbor1	chr1	16550232	16550380	SINE/MIR	671	-	74	16550306	5529
chr1	16544777	16744777	harbor1	chr1	16551364	16551580	SINE/MIR	493	-	108	16551472	6695
chr1	16544777	16744777	harbor1	chr1	16551815	16552014	SINE/MIR	530	-	100	16551915	7138
chr1	16544777	16744777	harbor1	chr1	16584312	16584458	SINE/MIR	440	-	73	16584385	39608
chr1	16544777	16744777	harbor1	chr1	16616012	16616256	SINE/MIR	462	-	122	16616134	71357
chr1	16544777	16744777	harbor1	chr1	16619309	16619456	SINE/MIR	456	-	74	16619383	74606
chr1	16544777	16744777	harbor1	chr1	16621378	16621593	SINE/MIR	530	-	108	16621486	76709
chr1	16544777	16744777	harbor1	chr1	16623030	16623201	SINE/MIR	537	-	86	16623116	78339
chr1	16544777	16744777	harbor1	chr1	16623585	16623784	SINE/MIR	569	-	100	16623685	78908
chr1	16543061	16743061	harbor1	chr1	16549882	16549929	SINE/MIR	671	-	24	16549906	6845
chr1	16543061	16743061	harbor1	chr1	16550232	16550380	SINE/MIR	671	-	74	16550306	7245
chr1	16543061	16743061	harbor1	chr1	16551364	16551580	SINE/MIR	493	-	108	16551472	8411
chr1	16543061	16743061	harbor1	chr1	16551815	16552014	SINE/MIR	530	-	100	16551915	8854
chr1	16543061	16743061	harbor1	chr1	16584312	16584458	SINE/MIR	440	-	73	16584385	41324
chr1	16543061	16743061	harbor1	chr1	16616012	16616256	SINE/MIR	462	-	122	16616134	73073
chr1	16543061	16743061	harbor1	chr1	16619309	16619456	SINE/MIR	456	-	74	16619383	76322
chr1	16543061	16743061	harbor1	chr1	16621378	16621593	SINE/MIR	530	-	108	16621486	78425
chr1	16543061	16743061	harbor1	chr1	16623030	16623201	SINE/MIR	537	-	86	16623116	80055
chr1	16543061	16743061	harbor1	chr1	16623585	16623784	SINE/MIR	569	-	100	16623685	80624
chr1	39855400	40055400	harbor1	chr1	39881984	39882178	SINE/MIR	541	-	97	39882081	26681
chr1	39855400	40055400	harbor1	chr1	39890950	39891116	SINE/MIR	878	-	83	39891033	35633
chr1	39855400	40055400	harbor1	chr1	39892331	39892537	SINE/MIR	471	-	103	39892434	37034
chr1	39855400	40055400	harbor1	chr1	39926033	39926240	SINE/MIR	534	-	104	39926137	70737
chr1	39855400	40055400	harbor1	chr1	39940134	39940334	SINE/MIR	538	-	100	39940234	84834
chr1	39855400	40055400	harbor1	chr1	39953040	39953118	SINE/MIR	449	-	39	39953079	97679
chr1	39855400	40055400	harbor1	chr1	39953415	39953494	SINE/MIR	449	-	40	39953455	98055
chr1	39855400	40055400	harbor1	chr1	39895001	39895226	SINE/MIR	608	-	112	39895113	39713
chr1	226638244	226838244	harbor1	chr1	226661294	226661503	SINE/MIR	449	-	104	226661398	23154
chr1	226638244	226838244	harbor1	chr1	226683309	226683541	SINE/MIR	557	-	116	226683425	45181
chr1	226638244	226838244	harbor1	chr1	226692117	226692236	SINE/MIR	451	-	60	226692177	53933
chr1	226638244	226838244	harbor1	chr1	226694512	226694627	SINE/MIR	533	-	58	226694570	56326
chr1	226638244	226838244	harbor1	chr1	226694835	226694933	SINE/MIR	533	-	49	226694884	56640
chr1	226638244	226838244	harbor1	chr1	226724062	226724265	SINE/MIR	541	-	102	226724164	85920
chr1	226638244	226838244	harbor1	chr1	226724480	226724695	SINE/MIR	719	-	108	226724588	86344
chr1	16624842	16824842	harbor1	chr1	16682379	16682595	SINE/MIR	452	-	108	16682487	57645
chr1	16624842	16824842	harbor1	chr1	16682807	16683029	SINE/MIR	497	-	111	16682918	58076
chr1	16624842	16824842	harbor1	chr1	16711679	16711933	SINE/MIR	736	-	127	16711806	86964
chr1	16625292	16825292	harbor1	chr1	16682379	16682595	SINE/MIR	452	-	108	16682487	57195
chr1	16625292	16825292	harbor1	chr1	16682807	16683029	SINE/MIR	497	-	111	16682918	57626
chr1	16625292	16825292	harbor1	chr1	16711679	16711933	SINE/MIR	736	-	127	16711806	86514
chr1	54939721	55139721	harbor1	chr1	54985859	54986045	SINE/MIR	580	-	93	54985952	46231
chr1	54939721	55139721	harbor1	chr1	54986920	54987165	SINE/MIR	963	-	122	54987042	47321
chr1	54939721	55139721	harbor1	chr1	54988055	54988248	SINE/MIR	485	-	96	54988151	48430
chr1	54939721	55139721	harbor1	chr1	54998247	54998390	SINE/MIR	489	-	72	54998319	58598
chr1	54939721	55139721	harbor1	chr1	55003717	55003840	SINE/MIR	563	-	62	55003779	64058
chr1	54939721	55139721	harbor1	chr1	55004317	55004466	SINE/MIR	563	-	74	55004391	64670
chr1	54939721	55139721	harbor1	chr1	55005686	55005870	SINE/MIR	488	-	92	55005778	66057
chr1	54939721	55139721	harbor1	chr1	55007975	55008194	SINE/MIR	557	-	110	55008085	68364
chr1	54939721	55139721	harbor1	chr1	55013088	55013150	SINE/MIR	440	-	31	55013119	73398
chr1	54939721	55139721	harbor1	chr1	55013462	55013599	SINE/MIR	440	-	68	55013530	73809
chr1	54939721	55139721	harbor1	chr1	55019908	55020134	SINE/MIR	486	-	113	55020021	80300
chr1	15213281	15413281	harbor1	chr1	15242829	15242967	SINE/MIR	439	-	69	15242898	29617
chr1	15213281	15413281	harbor1	chr1	15250940	15251008	SINE/MIR	600	-	34	15250974	37693
chr1	15213281	15413281	harbor1	chr1	15251295	15251398	SINE/MIR	600	-	52	15251347	38066
chr1	15213281	15413281	harbor1	chr1	15259263	15259455	SINE/MIR	531	-	96	15259359	46078
chr1	15213281	15413281	harbor1	chr1	15261116	15261322	SINE/MIR	820	-	103	15261219	47938
chr1	15213281	15413281	harbor1	chr1	15262100	15262251	SINE/MIR	461	-	76	15262176	48895
chr1	15213281	15413281	harbor1	chr1	15262256	15262453	SINE/MIR	727	-	98	15262354	49073
chr1	15213281	15413281	harbor1	chr1	15274712	15274859	SINE/MIR	653	-	74	15274786	61505
chr1	15213281	15413281	harbor1	chr1	15277856	15278074	SINE/MIR	582	-	109	15277965	64684
chr1	15213281	15413281	harbor1	chr1	15278272	15278295	SINE/MIR	582	-	12	15278284	65003
chr1	15213281	15413281	harbor1	chr1	15296966	15297182	SINE/MIR	827	-	108	15297074	83793
chr1	15213281	15413281	harbor1	chr1	15220541	15220780	SINE/MIR	609	-	120	15220661	7380
chr1	15213189	15413189	harbor1	chr1	15242829	15242967	SINE/MIR	439	-	69	15242898	29709
chr1	15213189	15413189	harbor1	chr1	15250940	15251008	SINE/MIR	600	-	34	15250974	37785
chr1	15213189	15413189	harbor1	chr1	15251295	15251398	SINE/MIR	600	-	52	15251347	38158
chr1	15213189	15413189	harbor1	chr1	15259263	15259455	SINE/MIR	531	-	96	15259359	46170
chr1	15213189	15413189	harbor1	chr1	15261116	15261322	SINE/MIR	820	-	103	15261219	48030
chr1	15213189	15413189	harbor1	chr1	15262100	15262251	SINE/MIR	461	-	76	15262176	48987
chr1	15213189	15413189	harbor1	chr1	15262256	15262453	SINE/MIR	727	-	98	15262354	49165
chr1	15213189	15413189	harbor1	chr1	15274712	15274859	SINE/MIR	653	-	74	15274786	61597
chr1	15213189	15413189	harbor1	chr1	15277856	15278074	SINE/MIR	582	-	109	15277965	64776
chr1	15213189	15413189	harbor1	chr1	15278272	15278295	SINE/MIR	582	-	12	15278284	65095
chr1	15213189	15413189	harbor1	chr1	15296966	15297182	SINE/MIR	827	-	108	15297074	83885
chr1	15213189	15413189	harbor1	chr1	15220541	15220780	SINE/MIR	609	-	120	15220661	7472
chr1	10110200	10310200	harbor1	chr1	10155297	10155495	SINE/MIR	493	-	99	10155396	45196
chr1	10110200	10310200	harbor1	chr1	10172328	10172525	SINE/MIR	772	-	98	10172426	62226
chr1	10110200	10310200	harbor1	chr1	10177852	10178020	SINE/MIR	584	-	84	10177936	67736
chr1	10110200	10310200	harbor1	chr1	10200669	10200879	SINE/MIR	487	-	105	10200774	90574
chr1	15643080	15843080	harbor1	chr1	15708894	15709131	SINE/MIR	934	-	118	15709012	65932
chr1	15643080	15843080	harbor1	chr1	15709531	15709673	SINE/MIR	469	-	71	15709602	66522
chr1	15643080	15843080	harbor1	chr1	15735631	15735849	SINE/MIR	575	-	109	15735740	92660
chr1	15643080	15843080	harbor1	chr1	15738873	15739087	SINE/MIR	606	-	107	15738980	95900
chr1	15643080	15843080	harbor1	chr1	15739698	15739897	SINE/MIR	526	-	100	15739798	96718
chr1	205329486	205529486	harbor1	chr1	205333743	205333939	SINE/MIR	585	-	98	205333841	4355
chr1	205329486	205529486	harbor1	chr1	205346519	205346745	SINE/MIR	560	-	113	205346632	17146
chr1	205329486	205529486	harbor1	chr1	205353765	205354005	SINE/MIR	450	-	120	205353885	24399
chr1	205329486	205529486	harbor1	chr1	205355556	205355786	SINE/MIR	651	-	115	205355671	26185
chr1	205329486	205529486	harbor1	chr1	205367815	205367978	SINE/MIR	510	-	82	205367897	38411
chr1	205329486	205529486	harbor1	chr1	205380918	205381149	SINE/MIR	560	-	116	205381034	51548
chr1	205329486	205529486	harbor1	chr1	205387867	205388109	SINE/MIR	818	-	121	205387988	58502
chr1	205329486	205529486	harbor1	chr1	205388131	205388194	SINE/MIR	634	-	32	205388163	58677
chr1	205329486	205529486	harbor1	chr1	205388489	205388649	SINE/MIR	642	-	80	205388569	59083
chr1	205329486	205529486	harbor1	chr1	205409392	205409605	SINE/MIR	840	-	106	205409498	80012
chr1	16543101	16743101	harbor1	chr1	16549882	16549929	SINE/MIR	671	-	24	16549906	6805
chr1	16543101	16743101	harbor1	chr1	16550232	16550380	SINE/MIR	671	-	74	16550306	7205
chr1	16543101	16743101	harbor1	chr1	16551364	16551580	SINE/MIR	493	-	108	16551472	8371
chr1	16543101	16743101	harbor1	chr1	16551815	16552014	SINE/MIR	530	-	100	16551915	8814
chr1	16543101	16743101	harbor1	chr1	16584312	16584458	SINE/MIR	440	-	73	16584385	41284
chr1	16543101	16743101	harbor1	chr1	16616012	16616256	SINE/MIR	462	-	122	16616134	73033
chr1	16543101	16743101	harbor1	chr1	16619309	16619456	SINE/MIR	456	-	74	16619383	76282
chr1	16543101	16743101	harbor1	chr1	16621378	16621593	SINE/MIR	530	-	108	16621486	78385
chr1	16543101	16743101	harbor1	chr1	16623030	16623201	SINE/MIR	537	-	86	16623116	80015
chr1	16543101	16743101	harbor1	chr1	16623585	16623784	SINE/MIR	569	-	100	16623685	80584
chr1	16625346	16825346	harbor1	chr1	16682379	16682595	SINE/MIR	452	-	108	16682487	57141
chr1	16625346	16825346	harbor1	chr1	16682807	16683029	SINE/MIR	497	-	111	16682918	57572
chr1	16625346	16825346	harbor1	chr1	16711679	16711933	SINE/MIR	736	-	127	16711806	86460
chr1	51230829	51430829	harbor1	chr1	51295498	51295725	SINE/MIR	491	-	114	51295612	64783
chr1	51230829	51430829	harbor1	chr1	51325497	51325709	SINE/MIR	470	-	106	51325603	94774
chr1	11740558	11940558	harbor1	chr1	11759383	11759515	SINE/MIR	622	-	66	11759449	18891
chr1	11740558	11940558	harbor1	chr1	11759831	11759912	SINE/MIR	622	-	40	11759871	19313
chr1	11740558	11940558	harbor1	chr1	11760212	11760259	SINE/MIR	622	-	24	11760236	19678
chr1	11740558	11940558	harbor1	chr1	11771757	11771901	SINE/MIR	493	-	72	11771829	31271
chr1	11740558	11940558	harbor1	chr1	11792979	11793128	SINE/MIR	457	-	74	11793053	52495
chr1	4224540	4424540	harbor1	chr1	4279910	4280088	SINE/MIR	439	-	89	4279999	55459
chr1	4224540	4424540	harbor1	chr1	4300599	4300770	SINE/MIR	478	-	86	4300685	76145
chr1	154870697	155070697	harbor1	chr1	154873691	154873832	SINE/MIR	436	-	70	154873761	3064
chr1	154870697	155070697	harbor1	chr1	154875721	154875968	SINE/MIR	505	-	124	154875845	5148
chr1	154870697	155070697	harbor1	chr1	154896405	154896609	SINE/MIR	471	-	102	154896507	25810
chr1	154870697	155070697	harbor1	chr1	154911402	154911536	SINE/MIR	442	-	67	154911469	40772
chr1	154870697	155070697	harbor1	chr1	154934643	154934777	SINE/MIR	838	-	67	154934710	64013
chr1	154870697	155070697	harbor1	chr1	154935087	154935198	SINE/MIR	838	-	56	154935143	64446
chr1	154870697	155070697	harbor1	chr1	154966582	154966820	SINE/MIR	879	-	119	154966701	96004
chr1	2375276	2575276	harbor1	chr1	2393539	2393763	SINE/MIR	494	-	112	2393651	18375
chr1	2375276	2575276	harbor1	chr1	2399666	2399853	SINE/MIR	493	-	94	2399760	24484
chr1	16544791	16744791	harbor1	chr1	16549882	16549929	SINE/MIR	671	-	24	16549906	5115
chr1	16544791	16744791	harbor1	chr1	16550232	16550380	SINE/MIR	671	-	74	16550306	5515
chr1	16544791	16744791	harbor1	chr1	16551364	16551580	SINE/MIR	493	-	108	16551472	6681
chr1	16544791	16744791	harbor1	chr1	16551815	16552014	SINE/MIR	530	-	100	16551915	7124
chr1	16544791	16744791	harbor1	chr1	16584312	16584458	SINE/MIR	440	-	73	16584385	39594
chr1	16544791	16744791	harbor1	chr1	16616012	16616256	SINE/MIR	462	-	122	16616134	71343
chr1	16544791	16744791	harbor1	chr1	16619309	16619456	SINE/MIR	456	-	74	16619383	74592
chr1	16544791	16744791	harbor1	chr1	16621378	16621593	SINE/MIR	530	-	108	16621486	76695
chr1	16544791	16744791	harbor1	chr1	16623030	16623201	SINE/MIR	537	-	86	16623116	78325
chr1	16544791	16744791	harbor1	chr1	16623585	16623784	SINE/MIR	569	-	100	16623685	78894
chr1	43447541	43647541	harbor1	chr1	43520820	43521061	SINE/MIR	592	-	120	43520940	73399
chr1	726325	926325	harbor1	chr1	797344	797585	SINE/MIR	496	-	120	797464	71139
chr1	226637969	226837969	harbor1	chr1	226661294	226661503	SINE/MIR	449	-	104	226661398	23429
chr1	226637969	226837969	harbor1	chr1	226683309	226683541	SINE/MIR	557	-	116	226683425	45456
chr1	226637969	226837969	harbor1	chr1	226692117	226692236	SINE/MIR	451	-	60	226692177	54208
chr1	226637969	226837969	harbor1	chr1	226694512	226694627	SINE/MIR	533	-	58	226694570	56601
chr1	226637969	226837969	harbor1	chr1	226694835	226694933	SINE/MIR	533	-	49	226694884	56915
chr1	226637969	226837969	harbor1	chr1	226724062	226724265	SINE/MIR	541	-	102	226724164	86195
chr1	226637969	226837969	harbor1	chr1	226724480	226724695	SINE/MIR	719	-	108	226724588	86619
chr1	2375349	2575349	harbor1	chr1	2393539	2393763	SINE/MIR	494	-	112	2393651	18302
chr1	2375349	2575349	harbor1	chr1	2399666	2399853	SINE/MIR	493	-	94	2399760	24411
chr1	86604779	86804779	harbor1	chr1	86686646	86686899	SINE/MIR	677	-	126	86686772	81993
chr1	25518162	25718162	harbor1	chr1	25523233	25523474	SINE/MIR	478	-	120	25523353	5191
chr1	25518162	25718162	harbor1	chr1	25524830	25525001	SINE/MIR	584	-	86	25524916	6754
chr1	25518162	25718162	harbor1	chr1	25538158	25538364	SINE/MIR	665	-	103	25538261	20099
chr1	25518162	25718162	harbor1	chr1	25539536	25539584	SINE/MIR	475	-	24	25539560	21398
chr1	25518162	25718162	harbor1	chr1	25539932	25540064	SINE/MIR	475	-	66	25539998	21836
chr1	25518162	25718162	harbor1	chr1	25550170	25550390	SINE/MIR	479	-	110	25550280	32118
chr1	25518162	25718162	harbor1	chr1	25555479	25555625	SINE/MIR	446	-	73	25555552	37390
chr1	25518162	25718162	harbor1	chr1	25564794	25564982	SINE/MIR	453	-	94	25564888	46726
chr1	25518162	25718162	harbor1	chr1	25570926	25571108	SINE/MIR	454	-	91	25571017	52855
chr1	25518162	25718162	harbor1	chr1	25575723	25575933	SINE/MIR	861	-	105	25575828	57666
chr1	25518162	25718162	harbor1	chr1	25610448	25610689	SINE/MIR	810	-	120	25610568	92406
chr1	25518162	25718162	harbor1	chr1	25610769	25610966	SINE/MIR	730	-	98	25610867	92705
chr1	53370479	53570479	harbor1	chr1	53378773	53379017	SINE/MIR	647	-	122	53378895	8416
chr1	53370479	53570479	harbor1	chr1	53403747	53403897	SINE/MIR	434	-	75	53403822	33343
chr1	53370479	53570479	harbor1	chr1	53406385	53406617	SINE/MIR	931	-	116	53406501	36022
chr1	53370479	53570479	harbor1	chr1	53416869	53417105	SINE/MIR	507	-	118	53416987	46508
chr1	156525456	156725456	harbor1	chr1	156534812	156534971	SINE/MIR	481	-	80	156534892	9436
chr1	156525456	156725456	harbor1	chr1	156541530	156541720	SINE/MIR	507	-	95	156541625	16169
chr1	156525456	156725456	harbor1	chr1	156542570	156542657	SINE/MIR	515	-	44	156542614	17158
chr1	156525456	156725456	harbor1	chr1	156542980	156543045	SINE/MIR	515	-	32	156543012	17556
chr1	156525456	156725456	harbor1	chr1	156546572	156546794	SINE/MIR	558	-	111	156546683	21227
chr1	156525456	156725456	harbor1	chr1	156547719	156547964	SINE/MIR	1014	-	122	156547841	22385
chr1	156525456	156725456	harbor1	chr1	156551126	156551297	SINE/MIR	513	-	86	156551212	25756
chr1	156525456	156725456	harbor1	chr1	156551314	156551542	SINE/MIR	605	-	114	156551428	25972
chr1	156525456	156725456	harbor1	chr1	156555611	156555834	SINE/MIR	767	-	112	156555723	30267
chr1	156525456	156725456	harbor1	chr1	156587207	156587397	SINE/MIR	689	-	95	156587302	61846
chr1	156525456	156725456	harbor1	chr1	156593049	156593170	SINE/MIR	459	-	60	156593109	67653
chr1	156525456	156725456	harbor1	chr1	156599570	156599781	SINE/MIR	706	-	106	156599676	74220
chr1	156525456	156725456	harbor1	chr1	156600390	156600566	SINE/MIR	514	-	88	156600478	75022
chr1	156525456	156725456	harbor1	chr1	156620844	156621019	SINE/MIR	775	-	88	156620932	95476
chr1	156525456	156725456	harbor1	chr1	156565489	156565684	SINE/MIR	673	-	98	156565587	40131
chr1	2375585	2575585	harbor1	chr1	2393539	2393763	SINE/MIR	494	-	112	2393651	18066
chr1	2375585	2575585	harbor1	chr1	2399666	2399853	SINE/MIR	493	-	94	2399760	24175
chr1	16625216	16825216	harbor1	chr1	16682379	16682595	SINE/MIR	452	-	108	16682487	57271
chr1	16625216	16825216	harbor1	chr1	16682807	16683029	SINE/MIR	497	-	111	16682918	57702
chr1	16625216	16825216	harbor1	chr1	16711679	16711933	SINE/MIR	736	-	127	16711806	86590
chr1	16625249	16825249	harbor1	chr1	16682379	16682595	SINE/MIR	452	-	108	16682487	57238
chr1	16625249	16825249	harbor1	chr1	16682807	16683029	SINE/MIR	497	-	111	16682918	57669
chr1	16625249	16825249	harbor1	chr1	16711679	16711933	SINE/MIR	736	-	127	16711806	86557
chr1	16544924	16744924	harbor1	chr1	16549882	16549929	SINE/MIR	671	-	24	16549906	4982
chr1	16544924	16744924	harbor1	chr1	16550232	16550380	SINE/MIR	671	-	74	16550306	5382
chr1	16544924	16744924	harbor1	chr1	16551364	16551580	SINE/MIR	493	-	108	16551472	6548
chr1	16544924	16744924	harbor1	chr1	16551815	16552014	SINE/MIR	530	-	100	16551915	6991
chr1	16544924	16744924	harbor1	chr1	16584312	16584458	SINE/MIR	440	-	73	16584385	39461
chr1	16544924	16744924	harbor1	chr1	16616012	16616256	SINE/MIR	462	-	122	16616134	71210
chr1	16544924	16744924	harbor1	chr1	16619309	16619456	SINE/MIR	456	-	74	16619383	74459
chr1	16544924	16744924	harbor1	chr1	16621378	16621593	SINE/MIR	530	-	108	16621486	76562
chr1	16544924	16744924	harbor1	chr1	16623030	16623201	SINE/MIR	537	-	86	16623116	78192
chr1	16544924	16744924	harbor1	chr1	16623585	16623784	SINE/MIR	569	-	100	16623685	78761
chr1	244589301	244789301	harbor1	chr1	244605465	244605660	SINE/MIR	460	-	98	244605563	16262
chr1	244589301	244789301	harbor1	chr1	244641567	244641776	SINE/MIR	593	-	104	244641671	52370
chr1	244589301	244789301	harbor1	chr1	244667471	244667646	SINE/MIR	567	-	88	244667559	78258
chr1	244589301	244789301	harbor1	chr1	244670500	244670725	SINE/MIR	827	-	112	244670612	81311
chr1	3141145	3341145	harbor1	chr1	3160724	3160902	SINE/MIR	477	-	89	3160813	19668
chr1	16596778	16796778	harbor1	chr1	16616012	16616256	SINE/MIR	462	-	122	16616134	19356
chr1	16596778	16796778	harbor1	chr1	16619309	16619456	SINE/MIR	456	-	74	16619383	22605
chr1	16596778	16796778	harbor1	chr1	16621378	16621593	SINE/MIR	530	-	108	16621486	24708
chr1	16596778	16796778	harbor1	chr1	16623030	16623201	SINE/MIR	537	-	86	16623116	26338
chr1	16596778	16796778	harbor1	chr1	16623585	16623784	SINE/MIR	569	-	100	16623685	26907
chr1	16596778	16796778	harbor1	chr1	16682379	16682595	SINE/MIR	452	-	108	16682487	85709
chr1	16596778	16796778	harbor1	chr1	16682807	16683029	SINE/MIR	497	-	111	16682918	86140
chr1	16544873	16744873	harbor1	chr1	16549882	16549929	SINE/MIR	671	-	24	16549906	5033
chr1	16544873	16744873	harbor1	chr1	16550232	16550380	SINE/MIR	671	-	74	16550306	5433
chr1	16544873	16744873	harbor1	chr1	16551364	16551580	SINE/MIR	493	-	108	16551472	6599
chr1	16544873	16744873	harbor1	chr1	16551815	16552014	SINE/MIR	530	-	100	16551915	7042
chr1	16544873	16744873	harbor1	chr1	16584312	16584458	SINE/MIR	440	-	73	16584385	39512
chr1	16544873	16744873	harbor1	chr1	16616012	16616256	SINE/MIR	462	-	122	16616134	71261
chr1	16544873	16744873	harbor1	chr1	16619309	16619456	SINE/MIR	456	-	74	16619383	74510
chr1	16544873	16744873	harbor1	chr1	16621378	16621593	SINE/MIR	530	-	108	16621486	76613
chr1	16544873	16744873	harbor1	chr1	16623030	16623201	SINE/MIR	537	-	86	16623116	78243
chr1	16544873	16744873	harbor1	chr1	16623585	16623784	SINE/MIR	569	-	100	16623685	78812
chr1	16619578	16819578	harbor1	chr1	16621378	16621593	SINE/MIR	530	-	108	16621486	1908
chr1	16619578	16819578	harbor1	chr1	16623030	16623201	SINE/MIR	537	-	86	16623116	3538
chr1	16619578	16819578	harbor1	chr1	16623585	16623784	SINE/MIR	569	-	100	16623685	4107
chr1	16619578	16819578	harbor1	chr1	16682379	16682595	SINE/MIR	452	-	108	16682487	62909
chr1	16619578	16819578	harbor1	chr1	16682807	16683029	SINE/MIR	497	-	111	16682918	63340
chr1	16619578	16819578	harbor1	chr1	16711679	16711933	SINE/MIR	736	-	127	16711806	92228
chr1	16545039	16745039	harbor1	chr1	16549882	16549929	SINE/MIR	671	-	24	16549906	4867
chr1	16545039	16745039	harbor1	chr1	16550232	16550380	SINE/MIR	671	-	74	16550306	5267
chr1	16545039	16745039	harbor1	chr1	16551364	16551580	SINE/MIR	493	-	108	16551472	6433
chr1	16545039	16745039	harbor1	chr1	16551815	16552014	SINE/MIR	530	-	100	16551915	6876
chr1	16545039	16745039	harbor1	chr1	16584312	16584458	SINE/MIR	440	-	73	16584385	39346
chr1	16545039	16745039	harbor1	chr1	16616012	16616256	SINE/MIR	462	-	122	16616134	71095
chr1	16545039	16745039	harbor1	chr1	16619309	16619456	SINE/MIR	456	-	74	16619383	74344
chr1	16545039	16745039	harbor1	chr1	16621378	16621593	SINE/MIR	530	-	108	16621486	76447
chr1	16545039	16745039	harbor1	chr1	16623030	16623201	SINE/MIR	537	-	86	16623116	78077
chr1	16545039	16745039	harbor1	chr1	16623585	16623784	SINE/MIR	569	-	100	16623685	78646
chr1	3679154	3879154	harbor1	chr1	3701467	3701502	SINE/MIR	439	-	18	3701485	22331
chr1	3679154	3879154	harbor1	chr1	3701809	3701950	SINE/MIR	439	-	70	3701879	22725
chr1	16530545	16730545	harbor1	chr1	16549882	16549929	SINE/MIR	671	-	24	16549906	19361
chr1	16530545	16730545	harbor1	chr1	16550232	16550380	SINE/MIR	671	-	74	16550306	19761
chr1	16530545	16730545	harbor1	chr1	16551364	16551580	SINE/MIR	493	-	108	16551472	20927
chr1	16530545	16730545	harbor1	chr1	16551815	16552014	SINE/MIR	530	-	100	16551915	21370
chr1	16530545	16730545	harbor1	chr1	16584312	16584458	SINE/MIR	440	-	73	16584385	53840
chr1	16530545	16730545	harbor1	chr1	16616012	16616256	SINE/MIR	462	-	122	16616134	85589
chr1	16530545	16730545	harbor1	chr1	16619309	16619456	SINE/MIR	456	-	74	16619383	88838
chr1	16530545	16730545	harbor1	chr1	16621378	16621593	SINE/MIR	530	-	108	16621486	90941
chr1	16530545	16730545	harbor1	chr1	16623030	16623201	SINE/MIR	537	-	86	16623116	92571
chr1	16530545	16730545	harbor1	chr1	16623585	16623784	SINE/MIR	569	-	100	16623685	93140
chr1	226638245	226838245	harbor1	chr1	226661294	226661503	SINE/MIR	449	-	104	226661398	23153
chr1	226638245	226838245	harbor1	chr1	226683309	226683541	SINE/MIR	557	-	116	226683425	45180
chr1	226638245	226838245	harbor1	chr1	226692117	226692236	SINE/MIR	451	-	60	226692177	53932
chr1	226638245	226838245	harbor1	chr1	226694512	226694627	SINE/MIR	533	-	58	226694570	56325
chr1	226638245	226838245	harbor1	chr1	226694835	226694933	SINE/MIR	533	-	49	226694884	56639
chr1	226638245	226838245	harbor1	chr1	226724062	226724265	SINE/MIR	541	-	102	226724164	85919
chr1	226638245	226838245	harbor1	chr1	226724480	226724695	SINE/MIR	719	-	108	226724588	86343
chr1	154985666	155185666	harbor1	chr1	155013117	155013349	SINE/MIR	962	-	116	155013233	27567
chr1	154985666	155185666	harbor1	chr1	155013360	155013556	SINE/MIR	585	-	98	155013458	27792
chr1	154985666	155185666	harbor1	chr1	155028228	155028309	SINE/MIR	748	-	40	155028268	42602
chr1	154985666	155185666	harbor1	chr1	155028895	155029007	SINE/MIR	748	-	56	155028951	43285
chr1	154985666	155185666	harbor1	chr1	155053526	155053772	SINE/MIR	962	-	123	155053649	67983
chr1	154985666	155185666	harbor1	chr1	155074890	155075134	SINE/MIR	794	-	122	155075012	89346
chr1	53846279	54046279	harbor1	chr1	53858464	53858635	SINE/MIR	429	-	86	53858550	12271
chr1	53846279	54046279	harbor1	chr1	53860357	53860570	SINE/MIR	705	-	106	53860463	14184
chr1	53846279	54046279	harbor1	chr1	53862095	53862326	SINE/MIR	491	-	116	53862211	15932
chr1	53846279	54046279	harbor1	chr1	53864826	53865046	SINE/MIR	711	-	110	53864936	18657
chr1	53846279	54046279	harbor1	chr1	53869350	53869606	SINE/MIR	831	-	128	53869478	23199
chr1	53846279	54046279	harbor1	chr1	53898867	53899014	SINE/MIR	501	-	74	53898941	52662
chr1	53846279	54046279	harbor1	chr1	53904048	53904184	SINE/MIR	443	-	68	53904116	57837
chr1	53846279	54046279	harbor1	chr1	53911560	53911768	SINE/MIR	687	-	104	53911664	65385
chr1	53846279	54046279	harbor1	chr1	53928749	53928942	SINE/MIR	444	-	96	53928845	82566
chr1	53846338	54046338	harbor1	chr1	53858464	53858635	SINE/MIR	429	-	86	53858550	12212
chr1	53846338	54046338	harbor1	chr1	53860357	53860570	SINE/MIR	705	-	106	53860463	14125
chr1	53846338	54046338	harbor1	chr1	53862095	53862326	SINE/MIR	491	-	116	53862211	15873
chr1	53846338	54046338	harbor1	chr1	53864826	53865046	SINE/MIR	711	-	110	53864936	18598
chr1	53846338	54046338	harbor1	chr1	53869350	53869606	SINE/MIR	831	-	128	53869478	23140
chr1	53846338	54046338	harbor1	chr1	53898867	53899014	SINE/MIR	501	-	74	53898941	52603
chr1	53846338	54046338	harbor1	chr1	53904048	53904184	SINE/MIR	443	-	68	53904116	57778
chr1	53846338	54046338	harbor1	chr1	53911560	53911768	SINE/MIR	687	-	104	53911664	65326
chr1	53846338	54046338	harbor1	chr1	53928749	53928942	SINE/MIR	444	-	96	53928845	82507
chr1	16543014	16743014	harbor1	chr1	16549882	16549929	SINE/MIR	671	-	24	16549906	6892
chr1	16543014	16743014	harbor1	chr1	16550232	16550380	SINE/MIR	671	-	74	16550306	7292
chr1	16543014	16743014	harbor1	chr1	16551364	16551580	SINE/MIR	493	-	108	16551472	8458
chr1	16543014	16743014	harbor1	chr1	16551815	16552014	SINE/MIR	530	-	100	16551915	8901
chr1	16543014	16743014	harbor1	chr1	16584312	16584458	SINE/MIR	440	-	73	16584385	41371
chr1	16543014	16743014	harbor1	chr1	16616012	16616256	SINE/MIR	462	-	122	16616134	73120
chr1	16543014	16743014	harbor1	chr1	16619309	16619456	SINE/MIR	456	-	74	16619383	76369
chr1	16543014	16743014	harbor1	chr1	16621378	16621593	SINE/MIR	530	-	108	16621486	78472
chr1	16543014	16743014	harbor1	chr1	16623030	16623201	SINE/MIR	537	-	86	16623116	80102
chr1	16543014	16743014	harbor1	chr1	16623585	16623784	SINE/MIR	569	-	100	16623685	80671
chr1	154400577	154600577	harbor1	chr1	154403248	154403416	SINE/MIR	460	-	84	154403332	2755
chr1	154400577	154600577	harbor1	chr1	154404625	154404847	SINE/MIR	480	-	111	154404736	4159
chr1	154400577	154600577	harbor1	chr1	154412673	154412884	SINE/MIR	681	-	106	154412779	12202
chr1	154400577	154600577	harbor1	chr1	154430745	154430984	SINE/MIR	563	-	120	154430865	30288
chr1	154400577	154600577	harbor1	chr1	154458965	154459055	SINE/MIR	474	-	45	154459010	58433
chr1	154400577	154600577	harbor1	chr1	154473894	154474037	SINE/MIR	456	-	72	154473966	73389
chr1	154400577	154600577	harbor1	chr1	154490271	154490496	SINE/MIR	860	-	112	154490383	89806
chr1	204585380	204785380	harbor1	chr1	204588138	204588353	SINE/MIR	756	-	108	204588246	2866
chr1	204585380	204785380	harbor1	chr1	204598584	204598788	SINE/MIR	669	-	102	204598686	13306
chr1	204585380	204785380	harbor1	chr1	204621873	204622077	SINE/MIR	599	-	102	204621975	36595
chr1	204585380	204785380	harbor1	chr1	204623871	204624071	SINE/MIR	658	-	100	204623971	38591
chr1	204585380	204785380	harbor1	chr1	204633499	204633738	SINE/MIR	456	-	120	204633619	48239
chr1	204585380	204785380	harbor1	chr1	204638265	204638402	SINE/MIR	450	-	68	204638333	52953
chr1	204585380	204785380	harbor1	chr1	204638710	204638755	SINE/MIR	450	-	22	204638732	53352
chr1	204585380	204785380	harbor1	chr1	204639712	204639877	SINE/MIR	712	-	82	204639794	54414
chr1	204585380	204785380	harbor1	chr1	204641505	204641743	SINE/MIR	685	-	119	204641624	56244
chr1	204585380	204785380	harbor1	chr1	204653434	204653575	SINE/MIR	507	-	70	204653504	68124
chr1	204585380	204785380	harbor1	chr1	204654061	204654150	SINE/MIR	456	-	44	204654105	68725
chr1	204585380	204785380	harbor1	chr1	204662345	204662548	SINE/MIR	515	-	102	204662447	77067
chr1	204585380	204785380	harbor1	chr1	204673335	204673572	SINE/MIR	717	-	118	204673453	88073
chr1	204585380	204785380	harbor1	chr1	204677040	204677202	SINE/MIR	487	-	81	204677121	91741
chr1	204585380	204785380	harbor1	chr1	204681341	204681582	SINE/MIR	1119	-	120	204681461	96081
chr1	16544932	16744932	harbor1	chr1	16549882	16549929	SINE/MIR	671	-	24	16549906	4974
chr1	16544932	16744932	harbor1	chr1	16550232	16550380	SINE/MIR	671	-	74	16550306	5374
chr1	16544932	16744932	harbor1	chr1	16551364	16551580	SINE/MIR	493	-	108	16551472	6540
chr1	16544932	16744932	harbor1	chr1	16551815	16552014	SINE/MIR	530	-	100	16551915	6983
chr1	16544932	16744932	harbor1	chr1	16584312	16584458	SINE/MIR	440	-	73	16584385	39453
chr1	16544932	16744932	harbor1	chr1	16616012	16616256	SINE/MIR	462	-	122	16616134	71202
chr1	16544932	16744932	harbor1	chr1	16619309	16619456	SINE/MIR	456	-	74	16619383	74451
chr1	16544932	16744932	harbor1	chr1	16621378	16621593	SINE/MIR	530	-	108	16621486	76554
chr1	16544932	16744932	harbor1	chr1	16623030	16623201	SINE/MIR	537	-	86	16623116	78184
chr1	16544932	16744932	harbor1	chr1	16623585	16623784	SINE/MIR	569	-	100	16623685	78753
chr1	16625276	16825276	harbor1	chr1	16682379	16682595	SINE/MIR	452	-	108	16682487	57211
chr1	16625276	16825276	harbor1	chr1	16682807	16683029	SINE/MIR	497	-	111	16682918	57642
chr1	16625276	16825276	harbor1	chr1	16711679	16711933	SINE/MIR	736	-	127	16711806	86530
chr1	211033792	211233792	harbor1	chr1	211046452	211046686	SINE/MIR	846	-	117	211046569	12777
chr1	211033792	211233792	harbor1	chr1	211046691	211046895	SINE/MIR	588	-	102	211046793	13001
chr1	211033792	211233792	harbor1	chr1	211051779	211051960	SINE/MIR	658	-	90	211051869	18077
chr1	59714670	59914670	harbor1	chr1	59717824	59718080	SINE/MIR	887	-	128	59717952	3282
chr1	59714670	59914670	harbor1	chr1	59718081	59718256	SINE/MIR	475	-	88	59718169	3499
chr1	59714670	59914670	harbor1	chr1	59719712	59719853	SINE/MIR	529	-	70	59719782	5112
chr1	59714670	59914670	harbor1	chr1	59744065	59744230	SINE/MIR	547	-	82	59744147	29477
chr1	59714670	59914670	harbor1	chr1	59744521	59744594	SINE/MIR	547	-	36	59744557	29887
chr1	59714670	59914670	harbor1	chr1	59747551	59747677	SINE/MIR	597	-	63	59747614	32944
chr1	59714670	59914670	harbor1	chr1	59749690	59749925	SINE/MIR	750	-	118	59749808	35138
chr1	59714670	59914670	harbor1	chr1	59750051	59750186	SINE/MIR	449	-	68	59750119	35449
chr1	59714670	59914670	harbor1	chr1	59758060	59758236	SINE/MIR	429	-	88	59758148	43478
chr1	59714670	59914670	harbor1	chr1	59761030	59761268	SINE/MIR	940	-	119	59761149	46479
chr1	59714670	59914670	harbor1	chr1	59765323	59765528	SINE/MIR	437	-	102	59765425	50755
chr1	59714670	59914670	harbor1	chr1	59767928	59768119	SINE/MIR	531	-	96	59768024	53354
chr1	59714670	59914670	harbor1	chr1	59772653	59772866	SINE/MIR	493	-	106	59772759	58089
chr1	59714670	59914670	harbor1	chr1	59772880	59773047	SINE/MIR	435	-	84	59772964	58294
chr1	59714670	59914670	harbor1	chr1	59775396	59775589	SINE/MIR	450	-	96	59775492	60822
chr1	59714670	59914670	harbor1	chr1	59778133	59778329	SINE/MIR	540	-	98	59778231	63561
chr1	244735088	244935088	harbor1	chr1	244778877	244779019	SINE/MIR	513	-	71	244778948	43860
chr1	9254542	9454542	harbor1	chr1	9289736	9289857	SINE/MIR	486	-	60	9289796	35254
chr1	9254542	9454542	harbor1	chr1	9306484	9306674	SINE/MIR	467	-	95	9306579	52037
chr1	9254542	9454542	harbor1	chr1	9308613	9308836	SINE/MIR	459	-	112	9308725	54183
chr1	9254542	9454542	harbor1	chr1	9312974	9313116	SINE/MIR	714	-	71	9313045	58503
chr1	9254542	9454542	harbor1	chr1	9313439	9313503	SINE/MIR	714	-	32	9313471	58929
chr1	9254542	9454542	harbor1	chr1	9322183	9322390	SINE/MIR	618	-	104	9322287	67745
chr1	16544427	16744427	harbor1	chr1	16549882	16549929	SINE/MIR	671	-	24	16549906	5479
chr1	16544427	16744427	harbor1	chr1	16550232	16550380	SINE/MIR	671	-	74	16550306	5879
chr1	16544427	16744427	harbor1	chr1	16551364	16551580	SINE/MIR	493	-	108	16551472	7045
chr1	16544427	16744427	harbor1	chr1	16551815	16552014	SINE/MIR	530	-	100	16551915	7488
chr1	16544427	16744427	harbor1	chr1	16584312	16584458	SINE/MIR	440	-	73	16584385	39958
chr1	16544427	16744427	harbor1	chr1	16616012	16616256	SINE/MIR	462	-	122	16616134	71707
chr1	16544427	16744427	harbor1	chr1	16619309	16619456	SINE/MIR	456	-	74	16619383	74956
chr1	16544427	16744427	harbor1	chr1	16621378	16621593	SINE/MIR	530	-	108	16621486	77059
chr1	16544427	16744427	harbor1	chr1	16623030	16623201	SINE/MIR	537	-	86	16623116	78689
chr1	16544427	16744427	harbor1	chr1	16623585	16623784	SINE/MIR	569	-	100	16623685	79258
chr1	25516681	25716681	harbor1	chr1	25523233	25523474	SINE/MIR	478	-	120	25523353	6672
chr1	25516681	25716681	harbor1	chr1	25524830	25525001	SINE/MIR	584	-	86	25524916	8235
chr1	25516681	25716681	harbor1	chr1	25538158	25538364	SINE/MIR	665	-	103	25538261	21580
chr1	25516681	25716681	harbor1	chr1	25539536	25539584	SINE/MIR	475	-	24	25539560	22879
chr1	25516681	25716681	harbor1	chr1	25539932	25540064	SINE/MIR	475	-	66	25539998	23317
chr1	25516681	25716681	harbor1	chr1	25550170	25550390	SINE/MIR	479	-	110	25550280	33599
chr1	25516681	25716681	harbor1	chr1	25555479	25555625	SINE/MIR	446	-	73	25555552	38871
chr1	25516681	25716681	harbor1	chr1	25564794	25564982	SINE/MIR	453	-	94	25564888	48207
chr1	25516681	25716681	harbor1	chr1	25570926	25571108	SINE/MIR	454	-	91	25571017	54336
chr1	25516681	25716681	harbor1	chr1	25575723	25575933	SINE/MIR	861	-	105	25575828	59147
chr1	25516681	25716681	harbor1	chr1	25610448	25610689	SINE/MIR	810	-	120	25610568	93887
chr1	25516681	25716681	harbor1	chr1	25610769	25610966	SINE/MIR	730	-	98	25610867	94186
chr1	116272513	116472513	harbor1	chr1	116287155	116287351	SINE/MIR	512	-	98	116287253	14740
chr1	116272513	116472513	harbor1	chr1	116302523	116302746	SINE/MIR	688	-	112	116302635	30122
chr1	116272513	116472513	harbor1	chr1	116316234	116316476	SINE/MIR	697	-	121	116316355	43842
chr1	116272513	116472513	harbor1	chr1	116323566	116323824	SINE/MIR	814	-	129	116323695	51182
chr1	116272513	116472513	harbor1	chr1	116345403	116345584	SINE/MIR	668	-	90	116345493	72980
chr1	116272513	116472513	harbor1	chr1	116353386	116353629	SINE/MIR	823	-	122	116353508	80995
chr1	244605835	244805835	harbor1	chr1	244641567	244641776	SINE/MIR	593	-	104	244641671	35836
chr1	244605835	244805835	harbor1	chr1	244667471	244667646	SINE/MIR	567	-	88	244667559	61724
chr1	244605835	244805835	harbor1	chr1	244670500	244670725	SINE/MIR	827	-	112	244670612	64777
chr1	16545027	16745027	harbor1	chr1	16549882	16549929	SINE/MIR	671	-	24	16549906	4879
chr1	16545027	16745027	harbor1	chr1	16550232	16550380	SINE/MIR	671	-	74	16550306	5279
chr1	16545027	16745027	harbor1	chr1	16551364	16551580	SINE/MIR	493	-	108	16551472	6445
chr1	16545027	16745027	harbor1	chr1	16551815	16552014	SINE/MIR	530	-	100	16551915	6888
chr1	16545027	16745027	harbor1	chr1	16584312	16584458	SINE/MIR	440	-	73	16584385	39358
chr1	16545027	16745027	harbor1	chr1	16616012	16616256	SINE/MIR	462	-	122	16616134	71107
chr1	16545027	16745027	harbor1	chr1	16619309	16619456	SINE/MIR	456	-	74	16619383	74356
chr1	16545027	16745027	harbor1	chr1	16621378	16621593	SINE/MIR	530	-	108	16621486	76459
chr1	16545027	16745027	harbor1	chr1	16623030	16623201	SINE/MIR	537	-	86	16623116	78089
chr1	16545027	16745027	harbor1	chr1	16623585	16623784	SINE/MIR	569	-	100	16623685	78658
chr1	244605400	244805400	harbor1	chr1	244605465	244605660	SINE/MIR	460	-	98	244605563	163
chr1	244605400	244805400	harbor1	chr1	244641567	244641776	SINE/MIR	593	-	104	244641671	36271
chr1	244605400	244805400	harbor1	chr1	244667471	244667646	SINE/MIR	567	-	88	244667559	62159
chr1	244605400	244805400	harbor1	chr1	244670500	244670725	SINE/MIR	827	-	112	244670612	65212
chr1	16542903	16742903	harbor1	chr1	16549882	16549929	SINE/MIR	671	-	24	16549906	7003
chr1	16542903	16742903	harbor1	chr1	16550232	16550380	SINE/MIR	671	-	74	16550306	7403
chr1	16542903	16742903	harbor1	chr1	16551364	16551580	SINE/MIR	493	-	108	16551472	8569
chr1	16542903	16742903	harbor1	chr1	16551815	16552014	SINE/MIR	530	-	100	16551915	9012
chr1	16542903	16742903	harbor1	chr1	16584312	16584458	SINE/MIR	440	-	73	16584385	41482
chr1	16542903	16742903	harbor1	chr1	16616012	16616256	SINE/MIR	462	-	122	16616134	73231
chr1	16542903	16742903	harbor1	chr1	16619309	16619456	SINE/MIR	456	-	74	16619383	76480
chr1	16542903	16742903	harbor1	chr1	16621378	16621593	SINE/MIR	530	-	108	16621486	78583
chr1	16542903	16742903	harbor1	chr1	16623030	16623201	SINE/MIR	537	-	86	16623116	80213
chr1	16542903	16742903	harbor1	chr1	16623585	16623784	SINE/MIR	569	-	100	16623685	80782
chr1	6397828	6597828	harbor1	chr1	6482506	6482662	SINE/MIR	518	-	78	6482584	84756
chr1	6397828	6597828	harbor1	chr1	6492605	6492774	SINE/MIR	520	-	84	6492689	94861
chr1	17019452	17219452	harbor1	chr1	17059583	17059744	SINE/MIR	538	-	80	17059663	40211
chr1	17019452	17219452	harbor1	chr1	17081230	17081465	SINE/MIR	703	-	118	17081348	61896
chr1	17019452	17219452	harbor1	chr1	17084358	17084577	SINE/MIR	675	-	110	17084468	65016
chr1	17019452	17219452	harbor1	chr1	17084798	17085065	SINE/MIR	858	-	134	17084932	65480
chr1	17019452	17219452	harbor1	chr1	17087008	17087147	SINE/MIR	557	-	70	17087078	67626
chr1	17019452	17219452	harbor1	chr1	17099472	17099616	SINE/MIR	436	-	72	17099544	80092
chr1	17019452	17219452	harbor1	chr1	17099735	17099953	SINE/MIR	507	-	109	17099844	80392
chr1	17019452	17219452	harbor1	chr1	17113314	17113536	SINE/MIR	467	-	111	17113425	93973
chr1	17019452	17219452	harbor1	chr1	17071978	17072218	SINE/MIR	982	-	120	17072098	52646
chr1	16625337	16825337	harbor1	chr1	16682379	16682595	SINE/MIR	452	-	108	16682487	57150
chr1	16625337	16825337	harbor1	chr1	16682807	16683029	SINE/MIR	497	-	111	16682918	57581
chr1	16625337	16825337	harbor1	chr1	16711679	16711933	SINE/MIR	736	-	127	16711806	86469
chr1	16625340	16825340	harbor1	chr1	16682379	16682595	SINE/MIR	452	-	108	16682487	57147
chr1	16625340	16825340	harbor1	chr1	16682807	16683029	SINE/MIR	497	-	111	16682918	57578
chr1	16625340	16825340	harbor1	chr1	16711679	16711933	SINE/MIR	736	-	127	16711806	86466
chr1	156560255	156760255	harbor1	chr1	156587207	156587397	SINE/MIR	689	-	95	156587302	27047
chr1	156560255	156760255	harbor1	chr1	156593049	156593170	SINE/MIR	459	-	60	156593109	32854
chr1	156560255	156760255	harbor1	chr1	156599570	156599781	SINE/MIR	706	-	106	156599676	39421
chr1	156560255	156760255	harbor1	chr1	156600390	156600566	SINE/MIR	514	-	88	156600478	40223
chr1	156560255	156760255	harbor1	chr1	156620844	156621019	SINE/MIR	775	-	88	156620932	60677
chr1	156560255	156760255	harbor1	chr1	156565489	156565684	SINE/MIR	673	-	98	156565587	5332
chr1	16544809	16744809	harbor1	chr1	16549882	16549929	SINE/MIR	671	-	24	16549906	5097
chr1	16544809	16744809	harbor1	chr1	16550232	16550380	SINE/MIR	671	-	74	16550306	5497
chr1	16544809	16744809	harbor1	chr1	16551364	16551580	SINE/MIR	493	-	108	16551472	6663
chr1	16544809	16744809	harbor1	chr1	16551815	16552014	SINE/MIR	530	-	100	16551915	7106
chr1	16544809	16744809	harbor1	chr1	16584312	16584458	SINE/MIR	440	-	73	16584385	39576
chr1	16544809	16744809	harbor1	chr1	16616012	16616256	SINE/MIR	462	-	122	16616134	71325
chr1	16544809	16744809	harbor1	chr1	16619309	16619456	SINE/MIR	456	-	74	16619383	74574
chr1	16544809	16744809	harbor1	chr1	16621378	16621593	SINE/MIR	530	-	108	16621486	76677
chr1	16544809	16744809	harbor1	chr1	16623030	16623201	SINE/MIR	537	-	86	16623116	78307
chr1	16544809	16744809	harbor1	chr1	16623585	16623784	SINE/MIR	569	-	100	16623685	78876
chr1	30662344	30862344	harbor1	chr1	30664234	30664371	SINE/MIR	566	-	68	30664302	1958
chr1	30662344	30862344	harbor1	chr1	30664804	30664936	SINE/MIR	453	-	66	30664870	2526
chr1	30662344	30862344	harbor1	chr1	30675510	30675626	SINE/MIR	449	-	58	30675568	13224
chr1	30662344	30862344	harbor1	chr1	30677184	30677337	SINE/MIR	438	-	76	30677260	14916
chr1	30662344	30862344	harbor1	chr1	30695431	30695575	SINE/MIR	477	-	72	30695503	33159
chr1	30662344	30862344	harbor1	chr1	30699130	30699349	SINE/MIR	685	-	110	30699240	36896
chr1	30662344	30862344	harbor1	chr1	30703852	30704063	SINE/MIR	506	-	106	30703958	41614
chr1	30662344	30862344	harbor1	chr1	30720908	30721092	SINE/MIR	560	-	92	30721000	58656
chr1	30662344	30862344	harbor1	chr1	30725118	30725330	SINE/MIR	621	-	106	30725224	62880
chr1	30662344	30862344	harbor1	chr1	30735015	30735152	SINE/MIR	516	-	68	30735083	72739
chr1	30662344	30862344	harbor1	chr1	30745159	30745361	SINE/MIR	477	-	101	30745260	82916
chr1	30662344	30862344	harbor1	chr1	30745779	30745999	SINE/MIR	469	-	110	30745889	83545
chr1	30662344	30862344	harbor1	chr1	30756021	30756174	SINE/MIR	440	-	76	30756097	93753
chr1	30662344	30862344	harbor1	chr1	30756373	30756636	SINE/MIR	970	-	132	30756505	94161
chr1	30662344	30862344	harbor1	chr1	30758002	30758215	SINE/MIR	532	-	106	30758108	95764
chr1	30662344	30862344	harbor1	chr1	30758214	30758474	SINE/MIR	856	-	130	30758344	96000
chr1	156559410	156759410	harbor1	chr1	156587207	156587397	SINE/MIR	689	-	95	156587302	27892
chr1	156559410	156759410	harbor1	chr1	156593049	156593170	SINE/MIR	459	-	60	156593109	33699
chr1	156559410	156759410	harbor1	chr1	156599570	156599781	SINE/MIR	706	-	106	156599676	40266
chr1	156559410	156759410	harbor1	chr1	156600390	156600566	SINE/MIR	514	-	88	156600478	41068
chr1	156559410	156759410	harbor1	chr1	156620844	156621019	SINE/MIR	775	-	88	156620932	61522
chr1	156559410	156759410	harbor1	chr1	156565489	156565684	SINE/MIR	673	-	98	156565587	6177
chr1	51419171	51619171	harbor1	chr1	51441626	51441818	SINE/MIR	497	-	96	51441722	22551
chr1	51419171	51619171	harbor1	chr1	51452592	51452729	SINE/MIR	478	-	68	51452660	33489
chr1	51419171	51619171	harbor1	chr1	51461845	51462048	SINE/MIR	659	-	102	51461947	42776
chr1	51419171	51619171	harbor1	chr1	51464074	51464204	SINE/MIR	458	-	65	51464139	44968
chr1	51419171	51619171	harbor1	chr1	51496079	51496295	SINE/MIR	653	-	108	51496187	77016
chr1	16544989	16744989	harbor1	chr1	16549882	16549929	SINE/MIR	671	-	24	16549906	4917
chr1	16544989	16744989	harbor1	chr1	16550232	16550380	SINE/MIR	671	-	74	16550306	5317
chr1	16544989	16744989	harbor1	chr1	16551364	16551580	SINE/MIR	493	-	108	16551472	6483
chr1	16544989	16744989	harbor1	chr1	16551815	16552014	SINE/MIR	530	-	100	16551915	6926
chr1	16544989	16744989	harbor1	chr1	16584312	16584458	SINE/MIR	440	-	73	16584385	39396
chr1	16544989	16744989	harbor1	chr1	16616012	16616256	SINE/MIR	462	-	122	16616134	71145
chr1	16544989	16744989	harbor1	chr1	16619309	16619456	SINE/MIR	456	-	74	16619383	74394
chr1	16544989	16744989	harbor1	chr1	16621378	16621593	SINE/MIR	530	-	108	16621486	76497
chr1	16544989	16744989	harbor1	chr1	16623030	16623201	SINE/MIR	537	-	86	16623116	78127
chr1	16544989	16744989	harbor1	chr1	16623585	16623784	SINE/MIR	569	-	100	16623685	78696
chr1	16544731	16744731	harbor1	chr1	16549882	16549929	SINE/MIR	671	-	24	16549906	5175
chr1	16544731	16744731	harbor1	chr1	16550232	16550380	SINE/MIR	671	-	74	16550306	5575
chr1	16544731	16744731	harbor1	chr1	16551364	16551580	SINE/MIR	493	-	108	16551472	6741
chr1	16544731	16744731	harbor1	chr1	16551815	16552014	SINE/MIR	530	-	100	16551915	7184
chr1	16544731	16744731	harbor1	chr1	16584312	16584458	SINE/MIR	440	-	73	16584385	39654
chr1	16544731	16744731	harbor1	chr1	16616012	16616256	SINE/MIR	462	-	122	16616134	71403
chr1	16544731	16744731	harbor1	chr1	16619309	16619456	SINE/MIR	456	-	74	16619383	74652
chr1	16544731	16744731	harbor1	chr1	16621378	16621593	SINE/MIR	530	-	108	16621486	76755
chr1	16544731	16744731	harbor1	chr1	16623030	16623201	SINE/MIR	537	-	86	16623116	78385
chr1	16544731	16744731	harbor1	chr1	16623585	16623784	SINE/MIR	569	-	100	16623685	78954
chr1	28814567	29014567	harbor1	chr1	28824628	28824840	SINE/MIR	635	-	106	28824734	10167
chr1	28814567	29014567	harbor1	chr1	28825134	28825157	SINE/MIR	635	-	12	28825146	10579
chr1	28814567	29014567	harbor1	chr1	28831869	28832070	SINE/MIR	776	-	100	28831969	17402
chr1	28814567	29014567	harbor1	chr1	28833079	28833237	SINE/MIR	545	-	79	28833158	18591
chr1	28814567	29014567	harbor1	chr1	28838675	28838886	SINE/MIR	631	-	106	28838781	24214
chr1	28814567	29014567	harbor1	chr1	28857185	28857413	SINE/MIR	597	-	114	28857299	42732
chr1	28814567	29014567	harbor1	chr1	28860610	28860771	SINE/MIR	541	-	80	28860690	46123
chr1	28814567	29014567	harbor1	chr1	28866434	28866650	SINE/MIR	608	-	108	28866542	51975
chr1	28814567	29014567	harbor1	chr1	28869457	28869711	SINE/MIR	700	-	127	28869584	55017
chr1	28814567	29014567	harbor1	chr1	28885989	28886214	SINE/MIR	889	-	112	28886101	71534
chr1	28814567	29014567	harbor1	chr1	28890620	28890835	SINE/MIR	718	-	108	28890728	76161
chr1	28814567	29014567	harbor1	chr1	28892277	28892439	SINE/MIR	771	-	81	28892358	77791
chr1	28814567	29014567	harbor1	chr1	28892729	28892794	SINE/MIR	771	-	32	28892761	78194
chr1	28814567	29014567	harbor1	chr1	28895267	28895484	SINE/MIR	485	-	108	28895375	80808
chr1	28814567	29014567	harbor1	chr1	28912532	28912613	SINE/MIR	553	-	40	28912572	98005
chr1	28814567	29014567	harbor1	chr1	28912917	28912959	SINE/MIR	553	-	21	28912938	98371
chr1	110112132	110312132	harbor1	chr1	110124064	110124246	SINE/MIR	634	-	91	110124155	12023
chr1	110112132	110312132	harbor1	chr1	110135043	110135265	SINE/MIR	546	-	111	110135154	23022
chr1	110112132	110312132	harbor1	chr1	110143536	110143751	SINE/MIR	500	-	108	110143644	31512
chr1	110112132	110312132	harbor1	chr1	110148366	110148422	SINE/MIR	505	-	28	110148394	36262
chr1	110112132	110312132	harbor1	chr1	110148539	110148738	SINE/MIR	679	-	100	110148639	36507
chr1	110112132	110312132	harbor1	chr1	110154114	110154353	SINE/MIR	641	-	120	110154234	42102
chr1	110112132	110312132	harbor1	chr1	110158564	110158729	SINE/MIR	530	-	82	110158646	46514
chr1	110112132	110312132	harbor1	chr1	110162792	110162995	SINE/MIR	566	-	102	110162894	50762
chr1	110112132	110312132	harbor1	chr1	110163448	110163680	SINE/MIR	552	-	116	110163564	51432
chr1	110112132	110312132	harbor1	chr1	110167696	110167952	SINE/MIR	586	-	128	110167824	55692
chr1	110112132	110312132	harbor1	chr1	110169420	110169552	SINE/MIR	453	-	66	110169486	57354
chr1	110112132	110312132	harbor1	chr1	110175536	110175716	SINE/MIR	610	-	90	110175626	63494
chr1	110112132	110312132	harbor1	chr1	110175816	110176032	SINE/MIR	793	-	108	110175924	63792
chr1	110112132	110312132	harbor1	chr1	110184430	110184574	SINE/MIR	676	-	72	110184502	72370
chr1	110112132	110312132	harbor1	chr1	110191054	110191247	SINE/MIR	435	-	96	110191150	79018
chr1	110112132	110312132	harbor1	chr1	110193083	110193262	SINE/MIR	482	-	90	110193173	81041
chr1	110112132	110312132	harbor1	chr1	110205575	110205727	SINE/MIR	463	-	76	110205651	93519
chr1	16544918	16744918	harbor1	chr1	16549882	16549929	SINE/MIR	671	-	24	16549906	4988
chr1	16544918	16744918	harbor1	chr1	16550232	16550380	SINE/MIR	671	-	74	16550306	5388
chr1	16544918	16744918	harbor1	chr1	16551364	16551580	SINE/MIR	493	-	108	16551472	6554
chr1	16544918	16744918	harbor1	chr1	16551815	16552014	SINE/MIR	530	-	100	16551915	6997
chr1	16544918	16744918	harbor1	chr1	16584312	16584458	SINE/MIR	440	-	73	16584385	39467
chr1	16544918	16744918	harbor1	chr1	16616012	16616256	SINE/MIR	462	-	122	16616134	71216
chr1	16544918	16744918	harbor1	chr1	16619309	16619456	SINE/MIR	456	-	74	16619383	74465
chr1	16544918	16744918	harbor1	chr1	16621378	16621593	SINE/MIR	530	-	108	16621486	76568
chr1	16544918	16744918	harbor1	chr1	16623030	16623201	SINE/MIR	537	-	86	16623116	78198
chr1	16544918	16744918	harbor1	chr1	16623585	16623784	SINE/MIR	569	-	100	16623685	78767
chr1	179714840	179914840	harbor1	chr1	179745719	179745866	SINE/MIR	521	-	74	179745793	30953
chr1	179714840	179914840	harbor1	chr1	179786553	179786774	SINE/MIR	521	-	110	179786663	71823
chr1	179714840	179914840	harbor1	chr1	179790244	179790501	SINE/MIR	622	-	128	179790372	75532
chr1	179714840	179914840	harbor1	chr1	179801546	179801724	SINE/MIR	485	-	89	179801635	86795
chr1	23269371	23469371	harbor1	chr1	23336915	23337061	SINE/MIR	723	-	73	23336988	67617
chr1	23269371	23469371	harbor1	chr1	23350995	23351193	SINE/MIR	500	-	99	23351094	81723
chr1	23269371	23469371	harbor1	chr1	23356834	23356967	SINE/MIR	536	-	66	23356900	87529
chr1	23269371	23469371	harbor1	chr1	23363521	23363720	SINE/MIR	582	-	100	23363621	94250
chr1	31080007	31280007	harbor1	chr1	31102956	31103085	SINE/MIR	563	-	64	31103020	23013
chr1	31080007	31280007	harbor1	chr1	31103390	31103465	SINE/MIR	563	-	38	31103428	23421
chr1	31080007	31280007	harbor1	chr1	31154503	31154686	SINE/MIR	471	-	92	31154595	74588
chr1	31080007	31280007	harbor1	chr1	31161482	31161653	SINE/MIR	562	-	86	31161568	81561
chr1	726411	926411	harbor1	chr1	797344	797585	SINE/MIR	496	-	120	797464	71053
chr1	7671217	7871217	harbor1	chr1	7697248	7697469	SINE/MIR	453	-	110	7697358	26141
chr1	7671217	7871217	harbor1	chr1	7724843	7725025	SINE/MIR	482	-	91	7724934	53717
chr1	24895887	25095887	harbor1	chr1	24905232	24905384	SINE/MIR	607	-	76	24905308	9421
chr1	24895887	25095887	harbor1	chr1	24917643	24917777	SINE/MIR	489	-	67	24917710	21823
chr1	24895887	25095887	harbor1	chr1	24925418	24925646	SINE/MIR	950	-	114	24925532	29645
chr1	24895887	25095887	harbor1	chr1	24936194	24936408	SINE/MIR	745	-	107	24936301	40414
chr1	24895887	25095887	harbor1	chr1	24941408	24941605	SINE/MIR	487	-	98	24941506	45619
chr1	24895887	25095887	harbor1	chr1	24943381	24943557	SINE/MIR	598	-	88	24943469	47582
chr1	24895887	25095887	harbor1	chr1	24945451	24945651	SINE/MIR	749	-	100	24945551	49664
chr1	24895887	25095887	harbor1	chr1	24949159	24949316	SINE/MIR	508	-	78	24949237	53350
chr1	24895887	25095887	harbor1	chr1	24957673	24957872	SINE/MIR	713	-	100	24957773	61886
chr1	24895887	25095887	harbor1	chr1	24958134	24958334	SINE/MIR	506	-	100	24958234	62347
chr1	24895887	25095887	harbor1	chr1	24960254	24960460	SINE/MIR	541	-	103	24960357	64470
chr1	24895887	25095887	harbor1	chr1	24971938	24972119	SINE/MIR	478	-	90	24972028	76141
chr1	24895887	25095887	harbor1	chr1	24987604	24987811	SINE/MIR	485	-	104	24987708	91821
chr1	24895887	25095887	harbor1	chr1	24992057	24992248	SINE/MIR	554	-	96	24992153	96266
chr1	24895887	25095887	harbor1	chr1	24992462	24992500	SINE/MIR	554	-	19	24992481	96594
chr1	24895887	25095887	harbor1	chr1	24952688	24952871	SINE/MIR	596	-	92	24952780	56893
chr1	32106047	32306047	harbor1	chr1	32108966	32109164	SINE/MIR	715	-	99	32109065	3018
chr1	32106047	32306047	harbor1	chr1	32154224	32154371	SINE/MIR	526	-	74	32154298	48251
chr1	51229911	51429911	harbor1	chr1	51295498	51295725	SINE/MIR	491	-	114	51295612	65701
chr1	51229911	51429911	harbor1	chr1	51325497	51325709	SINE/MIR	470	-	106	51325603	95692
chr1	244605782	244805782	harbor1	chr1	244641567	244641776	SINE/MIR	593	-	104	244641671	35889
chr1	244605782	244805782	harbor1	chr1	244667471	244667646	SINE/MIR	567	-	88	244667559	61777
chr1	244605782	244805782	harbor1	chr1	244670500	244670725	SINE/MIR	827	-	112	244670612	64830
chr1	20048547	20248547	harbor1	chr1	20075402	20075615	SINE/MIR	662	-	106	20075508	26961
chr1	20048547	20248547	harbor1	chr1	20077589	20077798	SINE/MIR	544	-	104	20077693	29146
chr1	20048547	20248547	harbor1	chr1	20079648	20079847	SINE/MIR	490	-	100	20079748	31201
chr1	20048547	20248547	harbor1	chr1	20085697	20085927	SINE/MIR	650	-	115	20085812	37265
chr1	20048547	20248547	harbor1	chr1	20092320	20092486	SINE/MIR	458	-	83	20092403	43856
chr1	20048547	20248547	harbor1	chr1	20098375	20098605	SINE/MIR	473	-	115	20098490	49943
chr1	20048547	20248547	harbor1	chr1	20115750	20115968	SINE/MIR	814	-	109	20115859	67312
chr1	20048547	20248547	harbor1	chr1	20118545	20118784	SINE/MIR	462	-	120	20118665	70118
chr1	20048547	20248547	harbor1	chr1	20124389	20124588	SINE/MIR	661	-	100	20124489	75942
chr1	16544880	16744880	harbor1	chr1	16549882	16549929	SINE/MIR	671	-	24	16549906	5026
chr1	16544880	16744880	harbor1	chr1	16550232	16550380	SINE/MIR	671	-	74	16550306	5426
chr1	16544880	16744880	harbor1	chr1	16551364	16551580	SINE/MIR	493	-	108	16551472	6592
chr1	16544880	16744880	harbor1	chr1	16551815	16552014	SINE/MIR	530	-	100	16551915	7035
chr1	16544880	16744880	harbor1	chr1	16584312	16584458	SINE/MIR	440	-	73	16584385	39505
chr1	16544880	16744880	harbor1	chr1	16616012	16616256	SINE/MIR	462	-	122	16616134	71254
chr1	16544880	16744880	harbor1	chr1	16619309	16619456	SINE/MIR	456	-	74	16619383	74503
chr1	16544880	16744880	harbor1	chr1	16621378	16621593	SINE/MIR	530	-	108	16621486	76606
chr1	16544880	16744880	harbor1	chr1	16623030	16623201	SINE/MIR	537	-	86	16623116	78236
chr1	16544880	16744880	harbor1	chr1	16623585	16623784	SINE/MIR	569	-	100	16623685	78805
chr1	16544895	16744895	harbor1	chr1	16549882	16549929	SINE/MIR	671	-	24	16549906	5011
chr1	16544895	16744895	harbor1	chr1	16550232	16550380	SINE/MIR	671	-	74	16550306	5411
chr1	16544895	16744895	harbor1	chr1	16551364	16551580	SINE/MIR	493	-	108	16551472	6577
chr1	16544895	16744895	harbor1	chr1	16551815	16552014	SINE/MIR	530	-	100	16551915	7020
chr1	16544895	16744895	harbor1	chr1	16584312	16584458	SINE/MIR	440	-	73	16584385	39490
chr1	16544895	16744895	harbor1	chr1	16616012	16616256	SINE/MIR	462	-	122	16616134	71239
chr1	16544895	16744895	harbor1	chr1	16619309	16619456	SINE/MIR	456	-	74	16619383	74488
chr1	16544895	16744895	harbor1	chr1	16621378	16621593	SINE/MIR	530	-	108	16621486	76591
chr1	16544895	16744895	harbor1	chr1	16623030	16623201	SINE/MIR	537	-	86	16623116	78221
chr1	16544895	16744895	harbor1	chr1	16623585	16623784	SINE/MIR	569	-	100	16623685	78790
chr1	16625259	16825259	harbor1	chr1	16682379	16682595	SINE/MIR	452	-	108	16682487	57228
chr1	16625259	16825259	harbor1	chr1	16682807	16683029	SINE/MIR	497	-	111	16682918	57659
chr1	16625259	16825259	harbor1	chr1	16711679	16711933	SINE/MIR	736	-	127	16711806	86547
chr1	16625336	16825336	harbor1	chr1	16682379	16682595	SINE/MIR	452	-	108	16682487	57151
chr1	16625336	16825336	harbor1	chr1	16682807	16683029	SINE/MIR	497	-	111	16682918	57582
chr1	16625336	16825336	harbor1	chr1	16711679	16711933	SINE/MIR	736	-	127	16711806	86470
chr1	22501599	22701599	harbor1	chr1	22504350	22504599	SINE/MIR	626	-	124	22504474	2875
chr1	22501599	22701599	harbor1	chr1	22504610	22504867	SINE/MIR	678	-	128	22504738	3139
chr1	22501599	22701599	harbor1	chr1	22534518	22534570	SINE/MIR	678	-	26	22534544	32945
chr1	22501599	22701599	harbor1	chr1	22534880	22535064	SINE/MIR	678	-	92	22534972	33373
chr1	22501599	22701599	harbor1	chr1	22555381	22555550	SINE/MIR	436	-	84	22555465	53866
chr1	22501599	22701599	harbor1	chr1	22559744	22559893	SINE/MIR	503	-	74	22559818	58219
chr1	22501599	22701599	harbor1	chr1	22568830	22569011	SINE/MIR	663	-	90	22568920	67321
chr1	22501599	22701599	harbor1	chr1	22571285	22571492	SINE/MIR	562	-	104	22571389	69790
chr1	22501599	22701599	harbor1	chr1	22573280	22573438	SINE/MIR	474	-	79	22573359	71760
chr1	22501599	22701599	harbor1	chr1	22577230	22577436	SINE/MIR	1013	-	103	22577333	75734
chr1	22501599	22701599	harbor1	chr1	22580652	22580863	SINE/MIR	474	-	106	22580758	79159
chr1	22501599	22701599	harbor1	chr1	22583612	22583812	SINE/MIR	469	-	100	22583712	82113
chr1	22501599	22701599	harbor1	chr1	22592295	22592488	SINE/MIR	460	-	96	22592391	90792
chr1	22501599	22701599	harbor1	chr1	22595411	22595634	SINE/MIR	701	-	112	22595523	93924
chr1	3845228	4045228	harbor1	chr1	3940003	3940226	SINE/MIR	474	-	112	3940115	94887
chr1	16544752	16744752	harbor1	chr1	16549882	16549929	SINE/MIR	671	-	24	16549906	5154
chr1	16544752	16744752	harbor1	chr1	16550232	16550380	SINE/MIR	671	-	74	16550306	5554
chr1	16544752	16744752	harbor1	chr1	16551364	16551580	SINE/MIR	493	-	108	16551472	6720
chr1	16544752	16744752	harbor1	chr1	16551815	16552014	SINE/MIR	530	-	100	16551915	7163
chr1	16544752	16744752	harbor1	chr1	16584312	16584458	SINE/MIR	440	-	73	16584385	39633
chr1	16544752	16744752	harbor1	chr1	16616012	16616256	SINE/MIR	462	-	122	16616134	71382
chr1	16544752	16744752	harbor1	chr1	16619309	16619456	SINE/MIR	456	-	74	16619383	74631
chr1	16544752	16744752	harbor1	chr1	16621378	16621593	SINE/MIR	530	-	108	16621486	76734
chr1	16544752	16744752	harbor1	chr1	16623030	16623201	SINE/MIR	537	-	86	16623116	78364
chr1	16544752	16744752	harbor1	chr1	16623585	16623784	SINE/MIR	569	-	100	16623685	78933
chr1	230025255	230225255	harbor1	chr1	230032599	230032816	SINE/MIR	753	-	108	230032707	7452
chr1	230025255	230225255	harbor1	chr1	230074784	230074879	SINE/MIR	476	-	48	230074832	49577
chr1	230025255	230225255	harbor1	chr1	230095261	230095506	SINE/MIR	530	-	122	230095383	70128
chr1	28814559	29014559	harbor1	chr1	28824628	28824840	SINE/MIR	635	-	106	28824734	10175
chr1	28814559	29014559	harbor1	chr1	28825134	28825157	SINE/MIR	635	-	12	28825146	10587
chr1	28814559	29014559	harbor1	chr1	28831869	28832070	SINE/MIR	776	-	100	28831969	17410
chr1	28814559	29014559	harbor1	chr1	28833079	28833237	SINE/MIR	545	-	79	28833158	18599
chr1	28814559	29014559	harbor1	chr1	28838675	28838886	SINE/MIR	631	-	106	28838781	24222
chr1	28814559	29014559	harbor1	chr1	28857185	28857413	SINE/MIR	597	-	114	28857299	42740
chr1	28814559	29014559	harbor1	chr1	28860610	28860771	SINE/MIR	541	-	80	28860690	46131
chr1	28814559	29014559	harbor1	chr1	28866434	28866650	SINE/MIR	608	-	108	28866542	51983
chr1	28814559	29014559	harbor1	chr1	28869457	28869711	SINE/MIR	700	-	127	28869584	55025
chr1	28814559	29014559	harbor1	chr1	28885989	28886214	SINE/MIR	889	-	112	28886101	71542
chr1	28814559	29014559	harbor1	chr1	28890620	28890835	SINE/MIR	718	-	108	28890728	76169
chr1	28814559	29014559	harbor1	chr1	28892277	28892439	SINE/MIR	771	-	81	28892358	77799
chr1	28814559	29014559	harbor1	chr1	28892729	28892794	SINE/MIR	771	-	32	28892761	78202
chr1	28814559	29014559	harbor1	chr1	28895267	28895484	SINE/MIR	485	-	108	28895375	80816
chr1	28814559	29014559	harbor1	chr1	28912532	28912613	SINE/MIR	553	-	40	28912572	98013
chr1	28814559	29014559	harbor1	chr1	28912917	28912959	SINE/MIR	553	-	21	28912938	98379
chr1	47316981	47516981	harbor1	chr1	47397569	47397791	SINE/MIR	753	-	111	47397680	80699
chr1	165531488	165731488	harbor1	chr1	165533220	165533352	SINE/MIR	463	-	66	165533286	1798
chr1	165531488	165731488	harbor1	chr1	165537278	165537526	SINE/MIR	651	-	124	165537402	5914
chr1	165531488	165731488	harbor1	chr1	165547096	165547252	SINE/MIR	471	-	78	165547174	15686
chr1	165531488	165731488	harbor1	chr1	165565669	165565953	SINE/MIR	476	-	142	165565811	34323
chr1	165531488	165731488	harbor1	chr1	165574590	165574811	SINE/MIR	471	-	110	165574700	43212
chr1	222687998	222887998	harbor1	chr1	222696365	222696527	SINE/MIR	747	-	81	222696446	8448
chr1	222687998	222887998	harbor1	chr1	222744571	222744735	SINE/MIR	543	-	82	222744653	56655
chr1	222687998	222887998	harbor1	chr1	222769524	222769735	SINE/MIR	672	-	106	222769630	81632
chr1	44702951	44902951	harbor1	chr1	44716272	44716422	SINE/MIR	494	-	75	44716347	13396
chr1	44702951	44902951	harbor1	chr1	44788459	44788693	SINE/MIR	643	-	117	44788576	85625
chr1	44702951	44902951	harbor1	chr1	44711814	44712038	SINE/MIR	1008	-	112	44711926	8975
chr1	16625314	16825314	harbor1	chr1	16682379	16682595	SINE/MIR	452	-	108	16682487	57173
chr1	16625314	16825314	harbor1	chr1	16682807	16683029	SINE/MIR	497	-	111	16682918	57604
chr1	16625314	16825314	harbor1	chr1	16711679	16711933	SINE/MIR	736	-	127	16711806	86492
chr1	11740582	11940582	harbor1	chr1	11759383	11759515	SINE/MIR	622	-	66	11759449	18867
chr1	11740582	11940582	harbor1	chr1	11759831	11759912	SINE/MIR	622	-	40	11759871	19289
chr1	11740582	11940582	harbor1	chr1	11760212	11760259	SINE/MIR	622	-	24	11760236	19654
chr1	11740582	11940582	harbor1	chr1	11771757	11771901	SINE/MIR	493	-	72	11771829	31247
chr1	11740582	11940582	harbor1	chr1	11792979	11793128	SINE/MIR	457	-	74	11793053	52471
chr1	203028332	203228332	harbor1	chr1	203039765	203039977	SINE/MIR	493	-	106	203039871	11539
chr1	203028332	203228332	harbor1	chr1	203040700	203040878	SINE/MIR	826	-	89	203040789	12457
chr1	203028332	203228332	harbor1	chr1	203047649	203047868	SINE/MIR	945	-	110	203047759	19427
chr1	203028332	203228332	harbor1	chr1	203052965	203053197	SINE/MIR	1133	-	116	203053081	24749
chr1	203028332	203228332	harbor1	chr1	203054263	203054475	SINE/MIR	754	-	106	203054369	26037
chr1	203028332	203228332	harbor1	chr1	203065038	203065235	SINE/MIR	495	-	98	203065136	36804
chr1	203028332	203228332	harbor1	chr1	203073092	203073318	SINE/MIR	478	-	113	203073205	44873
chr1	203028332	203228332	harbor1	chr1	203074945	203075153	SINE/MIR	796	-	104	203075049	46717
chr1	203028332	203228332	harbor1	chr1	203090530	203090709	SINE/MIR	649	-	90	203090620	62288
chr1	203028332	203228332	harbor1	chr1	203099491	203099656	SINE/MIR	480	-	82	203099573	71241
chr1	203028332	203228332	harbor1	chr1	203100760	203100886	SINE/MIR	517	-	63	203100823	72491
chr1	203028332	203228332	harbor1	chr1	203101600	203101708	SINE/MIR	517	-	54	203101654	73322
chr1	203028332	203228332	harbor1	chr1	203116880	203117100	SINE/MIR	557	-	110	203116990	88658
chr1	203028332	203228332	harbor1	chr1	203125635	203125767	SINE/MIR	528	-	66	203125701	97369
chr1	203028332	203228332	harbor1	chr1	203079529	203079744	SINE/MIR	520	-	108	203079637	51305
chr1	153435311	153635311	harbor1	chr1	153444116	153444294	SINE/MIR	574	-	89	153444205	8894
chr1	153435311	153635311	harbor1	chr1	153476094	153476257	SINE/MIR	539	-	82	153476176	40865
chr1	153435311	153635311	harbor1	chr1	153476494	153476585	SINE/MIR	539	-	46	153476540	41229
chr1	153435311	153635311	harbor1	chr1	153489501	153489699	SINE/MIR	984	-	99	153489600	54289
chr1	153435311	153635311	harbor1	chr1	153507446	153507634	SINE/MIR	430	-	94	153507540	72229
chr1	153435311	153635311	harbor1	chr1	153514536	153514687	SINE/MIR	526	-	76	153514612	79301
chr1	16523548	16723548	harbor1	chr1	16549882	16549929	SINE/MIR	671	-	24	16549906	26358
chr1	16523548	16723548	harbor1	chr1	16550232	16550380	SINE/MIR	671	-	74	16550306	26758
chr1	16523548	16723548	harbor1	chr1	16551364	16551580	SINE/MIR	493	-	108	16551472	27924
chr1	16523548	16723548	harbor1	chr1	16551815	16552014	SINE/MIR	530	-	100	16551915	28367
chr1	16523548	16723548	harbor1	chr1	16584312	16584458	SINE/MIR	440	-	73	16584385	60837
chr1	16523548	16723548	harbor1	chr1	16616012	16616256	SINE/MIR	462	-	122	16616134	92586
chr1	16523548	16723548	harbor1	chr1	16619309	16619456	SINE/MIR	456	-	74	16619383	95835
chr1	16523548	16723548	harbor1	chr1	16621378	16621593	SINE/MIR	530	-	108	16621486	97938
chr1	16523548	16723548	harbor1	chr1	16623030	16623201	SINE/MIR	537	-	86	16623116	99568
chr1	15615212	15815212	harbor1	chr1	15708894	15709131	SINE/MIR	934	-	118	15709012	93800
chr1	15615212	15815212	harbor1	chr1	15709531	15709673	SINE/MIR	469	-	71	15709602	94390
chr1	53187531	53387531	harbor1	chr1	53201844	53202078	SINE/MIR	726	-	117	53201961	14430
chr1	53187531	53387531	harbor1	chr1	53235170	53235368	SINE/MIR	566	-	99	53235269	47738
chr1	53187531	53387531	harbor1	chr1	53247096	53247326	SINE/MIR	637	-	115	53247211	59680
chr1	53187531	53387531	harbor1	chr1	53248803	53249026	SINE/MIR	683	-	112	53248915	61384
chr1	53187531	53387531	harbor1	chr1	53255334	53255492	SINE/MIR	576	-	79	53255413	67882
chr1	53187531	53387531	harbor1	chr1	53259415	53259582	SINE/MIR	496	-	84	53259499	71968
chr1	53187531	53387531	harbor1	chr1	53259743	53259789	SINE/MIR	496	-	23	53259766	72235
chr1	53187531	53387531	harbor1	chr1	53275874	53276043	SINE/MIR	620	-	84	53275958	88427
chr1	53187531	53387531	harbor1	chr1	53278044	53278223	SINE/MIR	501	-	90	53278134	90603
chr1	53187531	53387531	harbor1	chr1	53284338	53284448	SINE/MIR	477	-	55	53284393	96862
chr1	53187531	53387531	harbor1	chr1	53285092	53285239	SINE/MIR	458	-	74	53285166	97635
chr1	53187531	53387531	harbor1	chr1	53286870	53287070	SINE/MIR	554	-	100	53286970	99439
chr1	207819139	208019139	harbor1	chr1	207837533	207837725	SINE/MIR	544	-	96	207837629	18490
chr1	207819139	208019139	harbor1	chr1	207839265	207839464	SINE/MIR	700	-	100	207839365	20226
chr1	207819139	208019139	harbor1	chr1	207872115	207872305	SINE/MIR	520	-	95	207872210	53071
chr1	207819139	208019139	harbor1	chr1	207876130	207876351	SINE/MIR	552	-	110	207876240	57101
chr1	207819139	208019139	harbor1	chr1	207891691	207891817	SINE/MIR	496	-	63	207891754	72615
chr1	2375370	2575370	harbor1	chr1	2393539	2393763	SINE/MIR	494	-	112	2393651	18281
chr1	2375370	2575370	harbor1	chr1	2399666	2399853	SINE/MIR	493	-	94	2399760	24390
chr1	89721428	89921428	harbor1	chr1	89755950	89756183	SINE/MIR	529	-	116	89756066	34638
chr1	89721428	89921428	harbor1	chr1	89785401	89785568	SINE/MIR	516	-	84	89785485	64057
chr1	89721428	89921428	harbor1	chr1	89804028	89804251	SINE/MIR	604	-	112	89804140	82712
chr1	89721428	89921428	harbor1	chr1	89805049	89805188	SINE/MIR	467	-	70	89805119	83691
chr1	89721428	89921428	harbor1	chr1	89807033	89807136	SINE/MIR	751	-	52	89807085	85657
chr1	89721428	89921428	harbor1	chr1	89807873	89807957	SINE/MIR	751	-	42	89807915	86487
chr1	89721428	89921428	harbor1	chr1	89816577	89816739	SINE/MIR	461	-	81	89816658	95230
chr1	9589512	9789512	harbor1	chr1	9591221	9591370	SINE/MIR	465	-	74	9591295	1783
chr1	9589512	9789512	harbor1	chr1	9596142	9596340	SINE/MIR	480	-	99	9596241	6729
chr1	9589512	9789512	harbor1	chr1	9641373	9641540	SINE/MIR	488	-	84	9641457	51945
chr1	9589512	9789512	harbor1	chr1	9643607	9643851	SINE/MIR	1024	-	122	9643729	54217
chr1	9589512	9789512	harbor1	chr1	9653332	9653464	SINE/MIR	440	-	66	9653398	63886
chr1	9589512	9789512	harbor1	chr1	9675083	9675103	SINE/MIR	512	-	10	9675093	85581
chr1	9589512	9789512	harbor1	chr1	9675414	9675569	SINE/MIR	580	-	78	9675492	85980
chr1	220687422	220887422	harbor1	chr1	220694285	220694440	SINE/MIR	588	-	78	220694363	6941
chr1	220687422	220887422	harbor1	chr1	220750640	220750860	SINE/MIR	481	-	110	220750750	63328
chr1	220687422	220887422	harbor1	chr1	220761141	220761296	SINE/MIR	444	-	78	220761219	73797
chr1	220687422	220887422	harbor1	chr1	220763737	220763957	SINE/MIR	570	-	110	220763847	76425
chr1	220687422	220887422	harbor1	chr1	220768407	220768574	SINE/MIR	468	-	84	220768491	81069
chr1	204879064	205079064	harbor1	chr1	204886468	204886491	SINE/MIR	642	-	12	204886480	7416
chr1	204879064	205079064	harbor1	chr1	204886646	204886805	SINE/MIR	642	-	80	204886726	7662
chr1	204879064	205079064	harbor1	chr1	204922892	204923102	SINE/MIR	443	-	105	204922997	43933
chr1	204879064	205079064	harbor1	chr1	204925163	204925392	SINE/MIR	455	-	114	204925277	46213
chr1	204879064	205079064	harbor1	chr1	204972797	204973018	SINE/MIR	511	-	110	204972907	93843
chr1	204879064	205079064	harbor1	chr1	204974386	204974583	SINE/MIR	471	-	98	204974484	95420
chr1	3672871	3872871	harbor1	chr1	3673415	3673610	SINE/MIR	527	-	98	3673513	642
chr1	3672871	3872871	harbor1	chr1	3701467	3701502	SINE/MIR	439	-	18	3701485	28614
chr1	3672871	3872871	harbor1	chr1	3701809	3701950	SINE/MIR	439	-	70	3701879	29008
chr1	16625248	16825248	harbor1	chr1	16682379	16682595	SINE/MIR	452	-	108	16682487	57239
chr1	16625248	16825248	harbor1	chr1	16682807	16683029	SINE/MIR	497	-	111	16682918	57670
chr1	16625248	16825248	harbor1	chr1	16711679	16711933	SINE/MIR	736	-	127	16711806	86558
chr1	6525772	6725772	harbor1	chr1	6533844	6533881	SINE/MIR	516	-	18	6533862	8090
chr1	6525772	6725772	harbor1	chr1	6534187	6534349	SINE/MIR	516	-	81	6534268	8496
chr1	6525772	6725772	harbor1	chr1	6617802	6617963	SINE/MIR	478	-	80	6617882	92110
chr1	23877841	24077841	harbor1	chr1	23893689	23893835	SINE/MIR	610	-	73	23893762	15921
chr1	23877841	24077841	harbor1	chr1	23899103	23899265	SINE/MIR	513	-	81	23899184	21343
chr1	23877841	24077841	harbor1	chr1	23903746	23903924	SINE/MIR	473	-	89	23903835	25994
chr1	23877841	24077841	harbor1	chr1	23929256	23929345	SINE/MIR	731	-	44	23929300	51459
chr1	23877841	24077841	harbor1	chr1	23929654	23929817	SINE/MIR	731	-	82	23929736	51895
chr1	23877841	24077841	harbor1	chr1	23953107	23953340	SINE/MIR	718	-	116	23953223	75382
chr1	2375291	2575291	harbor1	chr1	2393539	2393763	SINE/MIR	494	-	112	2393651	18360
chr1	2375291	2575291	harbor1	chr1	2399666	2399853	SINE/MIR	493	-	94	2399760	24469
chr1	53846292	54046292	harbor1	chr1	53858464	53858635	SINE/MIR	429	-	86	53858550	12258
chr1	53846292	54046292	harbor1	chr1	53860357	53860570	SINE/MIR	705	-	106	53860463	14171
chr1	53846292	54046292	harbor1	chr1	53862095	53862326	SINE/MIR	491	-	116	53862211	15919
chr1	53846292	54046292	harbor1	chr1	53864826	53865046	SINE/MIR	711	-	110	53864936	18644
chr1	53846292	54046292	harbor1	chr1	53869350	53869606	SINE/MIR	831	-	128	53869478	23186
chr1	53846292	54046292	harbor1	chr1	53898867	53899014	SINE/MIR	501	-	74	53898941	52649
chr1	53846292	54046292	harbor1	chr1	53904048	53904184	SINE/MIR	443	-	68	53904116	57824
chr1	53846292	54046292	harbor1	chr1	53911560	53911768	SINE/MIR	687	-	104	53911664	65372
chr1	53846292	54046292	harbor1	chr1	53928749	53928942	SINE/MIR	444	-	96	53928845	82553
chr1	207924797	208124797	harbor1	chr1	207947652	207947842	SINE/MIR	541	-	95	207947747	22950
chr1	207924797	208124797	harbor1	chr1	207951244	207951454	SINE/MIR	698	-	105	207951349	26552
chr1	207924797	208124797	harbor1	chr1	207952251	207952450	SINE/MIR	563	-	100	207952351	27554
chr1	207924797	208124797	harbor1	chr1	207955369	207955498	SINE/MIR	431	-	64	207955433	30636
chr1	207924797	208124797	harbor1	chr1	207960032	207960238	SINE/MIR	444	-	103	207960135	35338
chr1	207924797	208124797	harbor1	chr1	207965092	207965209	SINE/MIR	434	-	58	207965150	40353
chr1	207924797	208124797	harbor1	chr1	207971090	207971285	SINE/MIR	754	-	98	207971188	46391
chr1	207924797	208124797	harbor1	chr1	208019087	208019272	SINE/MIR	714	-	92	208019179	94382
chr1	7604696	7804696	harbor1	chr1	7622141	7622405	SINE/MIR	510	-	132	7622273	17577
chr1	7604696	7804696	harbor1	chr1	7627447	7627683	SINE/MIR	869	-	118	7627565	22869
chr1	7604696	7804696	harbor1	chr1	7659825	7659986	SINE/MIR	521	-	80	7659905	55209
chr1	7604696	7804696	harbor1	chr1	7697248	7697469	SINE/MIR	453	-	110	7697358	92662
chr1	53370409	53570409	harbor1	chr1	53378773	53379017	SINE/MIR	647	-	122	53378895	8486
chr1	53370409	53570409	harbor1	chr1	53403747	53403897	SINE/MIR	434	-	75	53403822	33413
chr1	53370409	53570409	harbor1	chr1	53406385	53406617	SINE/MIR	931	-	116	53406501	36092
chr1	53370409	53570409	harbor1	chr1	53416869	53417105	SINE/MIR	507	-	118	53416987	46578
chr1	19565207	19765207	harbor1	chr1	19565351	19565538	SINE/MIR	487	-	94	19565445	238
chr1	19565207	19765207	harbor1	chr1	19615312	19615534	SINE/MIR	474	-	111	19615423	50216
chr1	19565207	19765207	harbor1	chr1	19639006	19639253	SINE/MIR	473	-	124	19639130	73923
chr1	19565207	19765207	harbor1	chr1	19647027	19647184	SINE/MIR	561	-	78	19647105	81898
chr1	19565207	19765207	harbor1	chr1	19647455	19647492	SINE/MIR	561	-	18	19647473	82266
chr1	19565207	19765207	harbor1	chr1	19654744	19654958	SINE/MIR	539	-	107	19654851	89644
chr1	19565207	19765207	harbor1	chr1	19662954	19663142	SINE/MIR	444	-	94	19663048	97841
chr1	43447553	43647553	harbor1	chr1	43520820	43521061	SINE/MIR	592	-	120	43520940	73387
chr1	53846310	54046310	harbor1	chr1	53858464	53858635	SINE/MIR	429	-	86	53858550	12240
chr1	53846310	54046310	harbor1	chr1	53860357	53860570	SINE/MIR	705	-	106	53860463	14153
chr1	53846310	54046310	harbor1	chr1	53862095	53862326	SINE/MIR	491	-	116	53862211	15901
chr1	53846310	54046310	harbor1	chr1	53864826	53865046	SINE/MIR	711	-	110	53864936	18626
chr1	53846310	54046310	harbor1	chr1	53869350	53869606	SINE/MIR	831	-	128	53869478	23168
chr1	53846310	54046310	harbor1	chr1	53898867	53899014	SINE/MIR	501	-	74	53898941	52631
chr1	53846310	54046310	harbor1	chr1	53904048	53904184	SINE/MIR	443	-	68	53904116	57806
chr1	53846310	54046310	harbor1	chr1	53911560	53911768	SINE/MIR	687	-	104	53911664	65354
chr1	53846310	54046310	harbor1	chr1	53928749	53928942	SINE/MIR	444	-	96	53928845	82535
chr1	6160375	6360375	harbor1	chr1	6223653	6223847	SINE/MIR	451	-	97	6223750	63375
chr1	6160375	6360375	harbor1	chr1	6226625	6226744	SINE/MIR	455	-	60	6226685	66310
chr1	6160375	6360375	harbor1	chr1	6226875	6226968	SINE/MIR	455	-	46	6226921	66546
chr1	6160375	6360375	harbor1	chr1	6176647	6176883	SINE/MIR	634	-	118	6176765	16390
chr1	25773550	25973550	harbor1	chr1	25774347	25774461	SINE/MIR	457	-	57	25774404	854
chr1	25773550	25973550	harbor1	chr1	25774574	25774742	SINE/MIR	667	-	84	25774658	1108
chr1	25773550	25973550	harbor1	chr1	25776823	25777051	SINE/MIR	774	-	114	25776937	3387
chr1	25773550	25973550	harbor1	chr1	25778865	25779062	SINE/MIR	485	-	98	25778963	5413
chr1	25773550	25973550	harbor1	chr1	25801700	25801909	SINE/MIR	620	-	104	25801804	28254
chr1	25773550	25973550	harbor1	chr1	25817552	25817710	SINE/MIR	661	-	79	25817631	44081
chr1	25773550	25973550	harbor1	chr1	25822057	25822242	SINE/MIR	488	-	92	25822149	48599
chr1	25773550	25973550	harbor1	chr1	25866564	25866708	SINE/MIR	613	-	72	25866636	93086
chr1	16544750	16744750	harbor1	chr1	16549882	16549929	SINE/MIR	671	-	24	16549906	5156
chr1	16544750	16744750	harbor1	chr1	16550232	16550380	SINE/MIR	671	-	74	16550306	5556
chr1	16544750	16744750	harbor1	chr1	16551364	16551580	SINE/MIR	493	-	108	16551472	6722
chr1	16544750	16744750	harbor1	chr1	16551815	16552014	SINE/MIR	530	-	100	16551915	7165
chr1	16544750	16744750	harbor1	chr1	16584312	16584458	SINE/MIR	440	-	73	16584385	39635
chr1	16544750	16744750	harbor1	chr1	16616012	16616256	SINE/MIR	462	-	122	16616134	71384
chr1	16544750	16744750	harbor1	chr1	16619309	16619456	SINE/MIR	456	-	74	16619383	74633
chr1	16544750	16744750	harbor1	chr1	16621378	16621593	SINE/MIR	530	-	108	16621486	76736
chr1	16544750	16744750	harbor1	chr1	16623030	16623201	SINE/MIR	537	-	86	16623116	78366
chr1	16544750	16744750	harbor1	chr1	16623585	16623784	SINE/MIR	569	-	100	16623685	78935
chr1	2375268	2575268	harbor1	chr1	2393539	2393763	SINE/MIR	494	-	112	2393651	18383
chr1	2375268	2575268	harbor1	chr1	2399666	2399853	SINE/MIR	493	-	94	2399760	24492
chr1	245603515	245803515	harbor1	chr1	245604799	245604965	SINE/MIR	534	-	83	245604882	1367
chr1	245603515	245803515	harbor1	chr1	245653467	245653624	SINE/MIR	614	-	78	245653545	50030
chr1	3683862	3883862	harbor1	chr1	3701467	3701502	SINE/MIR	439	-	18	3701485	17623
chr1	3683862	3883862	harbor1	chr1	3701809	3701950	SINE/MIR	439	-	70	3701879	18017
chr1	26400758	26600758	harbor1	chr1	26407188	26407397	SINE/MIR	605	-	104	26407292	6534
chr1	26400758	26600758	harbor1	chr1	26448676	26448857	SINE/MIR	494	-	90	26448766	48008
chr1	26400758	26600758	harbor1	chr1	26452528	26452761	SINE/MIR	901	-	116	26452644	51886
chr1	26400758	26600758	harbor1	chr1	26459430	26459626	SINE/MIR	726	-	98	26459528	58770
chr1	26400758	26600758	harbor1	chr1	26460257	26460460	SINE/MIR	620	-	102	26460359	59601
chr1	26400758	26600758	harbor1	chr1	26466803	26466909	SINE/MIR	432	-	53	26466856	66098
chr1	26400758	26600758	harbor1	chr1	26468444	26468634	SINE/MIR	600	-	95	26468539	67781
chr1	26400758	26600758	harbor1	chr1	26489988	26490129	SINE/MIR	562	-	70	26490058	89300
chr1	26400758	26600758	harbor1	chr1	26490646	26490800	SINE/MIR	452	-	77	26490723	89965
chr1	13663032	13863032	harbor1	chr1	13681301	13681517	SINE/MIR	515	-	108	13681409	18377
chr1	13663032	13863032	harbor1	chr1	13720623	13720762	SINE/MIR	461	-	70	13720693	57661
chr1	13663032	13863032	harbor1	chr1	13756804	13756938	SINE/MIR	482	-	67	13756871	93839
chr1	40761841	40961841	harbor1	chr1	40769587	40769760	SINE/MIR	473	-	86	40769673	7832
chr1	40761841	40961841	harbor1	chr1	40788448	40788583	SINE/MIR	445	-	68	40788516	26675
chr1	40761841	40961841	harbor1	chr1	40792805	40792959	SINE/MIR	596	-	77	40792882	31041
chr1	40761841	40961841	harbor1	chr1	40794351	40794544	SINE/MIR	562	-	96	40794447	32606
chr1	40761841	40961841	harbor1	chr1	40795882	40796084	SINE/MIR	589	-	101	40795983	34142
chr1	40761841	40961841	harbor1	chr1	40796314	40796553	SINE/MIR	951	-	120	40796434	34593
chr1	40761841	40961841	harbor1	chr1	40798471	40798641	SINE/MIR	504	-	85	40798556	36715
chr1	40761841	40961841	harbor1	chr1	40821858	40822087	SINE/MIR	735	-	114	40821972	60131
chr1	40761841	40961841	harbor1	chr1	40853824	40854028	SINE/MIR	453	-	102	40853926	92085
chr1	40761841	40961841	harbor1	chr1	40858242	40858352	SINE/MIR	464	-	55	40858297	96456
chr1	230759103	230959103	harbor1	chr1	230760952	230761106	SINE/MIR	534	-	77	230761029	1926
chr1	230759103	230959103	harbor1	chr1	230767156	230767331	SINE/MIR	514	-	88	230767244	8141
chr1	230759103	230959103	harbor1	chr1	230798351	230798503	SINE/MIR	463	-	76	230798427	39324
chr1	230759103	230959103	harbor1	chr1	230825408	230825593	SINE/MIR	546	-	92	230825500	66397
chr1	16625224	16825224	harbor1	chr1	16682379	16682595	SINE/MIR	452	-	108	16682487	57263
chr1	16625224	16825224	harbor1	chr1	16682807	16683029	SINE/MIR	497	-	111	16682918	57694
chr1	16625224	16825224	harbor1	chr1	16711679	16711933	SINE/MIR	736	-	127	16711806	86582
chr1	24195409	24395409	harbor1	chr1	24204474	24204484	SINE/MIR	654	-	5	24204479	9070
chr1	24195409	24395409	harbor1	chr1	24205085	24205248	SINE/MIR	697	-	82	24205167	9758
chr1	24195409	24395409	harbor1	chr1	24205738	24205950	SINE/MIR	463	-	106	24205844	10435
chr1	24195409	24395409	harbor1	chr1	24211276	24211470	SINE/MIR	586	-	97	24211373	15964
chr1	24195409	24395409	harbor1	chr1	24214608	24214841	SINE/MIR	549	-	116	24214724	19315
chr1	24195409	24395409	harbor1	chr1	24224054	24224176	SINE/MIR	525	-	61	24224115	28706
chr1	24195409	24395409	harbor1	chr1	24232193	24232354	SINE/MIR	667	-	80	24232273	36864
chr1	24195409	24395409	harbor1	chr1	24236650	24236881	SINE/MIR	547	-	116	24236766	41357
chr1	24195409	24395409	harbor1	chr1	24237847	24238062	SINE/MIR	643	-	108	24237955	42546
chr1	24195409	24395409	harbor1	chr1	24244738	24244974	SINE/MIR	769	-	118	24244856	49447
chr1	24195409	24395409	harbor1	chr1	24256363	24256455	SINE/MIR	441	-	46	24256409	61000
chr1	24195409	24395409	harbor1	chr1	24257342	24257576	SINE/MIR	683	-	117	24257459	62050
chr1	24195409	24395409	harbor1	chr1	24265584	24265802	SINE/MIR	853	-	109	24265693	70284
chr1	24195409	24395409	harbor1	chr1	24277131	24277387	SINE/MIR	1122	-	128	24277259	81850
chr1	24195409	24395409	harbor1	chr1	24279739	24279773	SINE/MIR	550	-	17	24279756	84347
chr1	24195409	24395409	harbor1	chr1	24279853	24280039	SINE/MIR	592	-	93	24279946	84537
chr1	24195409	24395409	harbor1	chr1	24286476	24286645	SINE/MIR	510	-	84	24286560	91151
chr1	24195409	24395409	harbor1	chr1	24290837	24291080	SINE/MIR	623	-	122	24290959	95550
chr1	24195409	24395409	harbor1	chr1	24293946	24294142	SINE/MIR	499	-	98	24294044	98635
chr1	16544828	16744828	harbor1	chr1	16549882	16549929	SINE/MIR	671	-	24	16549906	5078
chr1	16544828	16744828	harbor1	chr1	16550232	16550380	SINE/MIR	671	-	74	16550306	5478
chr1	16544828	16744828	harbor1	chr1	16551364	16551580	SINE/MIR	493	-	108	16551472	6644
chr1	16544828	16744828	harbor1	chr1	16551815	16552014	SINE/MIR	530	-	100	16551915	7087
chr1	16544828	16744828	harbor1	chr1	16584312	16584458	SINE/MIR	440	-	73	16584385	39557
chr1	16544828	16744828	harbor1	chr1	16616012	16616256	SINE/MIR	462	-	122	16616134	71306
chr1	16544828	16744828	harbor1	chr1	16619309	16619456	SINE/MIR	456	-	74	16619383	74555
chr1	16544828	16744828	harbor1	chr1	16621378	16621593	SINE/MIR	530	-	108	16621486	76658
chr1	16544828	16744828	harbor1	chr1	16623030	16623201	SINE/MIR	537	-	86	16623116	78288
chr1	16544828	16744828	harbor1	chr1	16623585	16623784	SINE/MIR	569	-	100	16623685	78857
chr1	13662918	13862918	harbor1	chr1	13681301	13681517	SINE/MIR	515	-	108	13681409	18491
chr1	13662918	13862918	harbor1	chr1	13720623	13720762	SINE/MIR	461	-	70	13720693	57775
chr1	13662918	13862918	harbor1	chr1	13756804	13756938	SINE/MIR	482	-	67	13756871	93953
chr1	16544915	16744915	harbor1	chr1	16549882	16549929	SINE/MIR	671	-	24	16549906	4991
chr1	16544915	16744915	harbor1	chr1	16550232	16550380	SINE/MIR	671	-	74	16550306	5391
chr1	16544915	16744915	harbor1	chr1	16551364	16551580	SINE/MIR	493	-	108	16551472	6557
chr1	16544915	16744915	harbor1	chr1	16551815	16552014	SINE/MIR	530	-	100	16551915	7000
chr1	16544915	16744915	harbor1	chr1	16584312	16584458	SINE/MIR	440	-	73	16584385	39470
chr1	16544915	16744915	harbor1	chr1	16616012	16616256	SINE/MIR	462	-	122	16616134	71219
chr1	16544915	16744915	harbor1	chr1	16619309	16619456	SINE/MIR	456	-	74	16619383	74468
chr1	16544915	16744915	harbor1	chr1	16621378	16621593	SINE/MIR	530	-	108	16621486	76571
chr1	16544915	16744915	harbor1	chr1	16623030	16623201	SINE/MIR	537	-	86	16623116	78201
chr1	16544915	16744915	harbor1	chr1	16623585	16623784	SINE/MIR	569	-	100	16623685	78770
chr1	31972870	32172870	harbor1	chr1	31980134	31980288	SINE/MIR	450	-	77	31980211	7341
chr1	31972870	32172870	harbor1	chr1	31981114	31981302	SINE/MIR	843	-	94	31981208	8338
chr1	31972870	32172870	harbor1	chr1	32016251	32016400	SINE/MIR	460	-	74	32016325	43455
chr1	31972870	32172870	harbor1	chr1	32064976	32065165	SINE/MIR	532	-	94	32065070	92200
chr1	16625200	16825200	harbor1	chr1	16682379	16682595	SINE/MIR	452	-	108	16682487	57287
chr1	16625200	16825200	harbor1	chr1	16682807	16683029	SINE/MIR	497	-	111	16682918	57718
chr1	16625200	16825200	harbor1	chr1	16711679	16711933	SINE/MIR	736	-	127	16711806	86606
chr1	16544721	16744721	harbor1	chr1	16549882	16549929	SINE/MIR	671	-	24	16549906	5185
chr1	16544721	16744721	harbor1	chr1	16550232	16550380	SINE/MIR	671	-	74	16550306	5585
chr1	16544721	16744721	harbor1	chr1	16551364	16551580	SINE/MIR	493	-	108	16551472	6751
chr1	16544721	16744721	harbor1	chr1	16551815	16552014	SINE/MIR	530	-	100	16551915	7194
chr1	16544721	16744721	harbor1	chr1	16584312	16584458	SINE/MIR	440	-	73	16584385	39664
chr1	16544721	16744721	harbor1	chr1	16616012	16616256	SINE/MIR	462	-	122	16616134	71413
chr1	16544721	16744721	harbor1	chr1	16619309	16619456	SINE/MIR	456	-	74	16619383	74662
chr1	16544721	16744721	harbor1	chr1	16621378	16621593	SINE/MIR	530	-	108	16621486	76765
chr1	16544721	16744721	harbor1	chr1	16623030	16623201	SINE/MIR	537	-	86	16623116	78395
chr1	16544721	16744721	harbor1	chr1	16623585	16623784	SINE/MIR	569	-	100	16623685	78964
chr1	205329484	205529484	harbor1	chr1	205333743	205333939	SINE/MIR	585	-	98	205333841	4357
chr1	205329484	205529484	harbor1	chr1	205346519	205346745	SINE/MIR	560	-	113	205346632	17148
chr1	205329484	205529484	harbor1	chr1	205353765	205354005	SINE/MIR	450	-	120	205353885	24401
chr1	205329484	205529484	harbor1	chr1	205355556	205355786	SINE/MIR	651	-	115	205355671	26187
chr1	205329484	205529484	harbor1	chr1	205367815	205367978	SINE/MIR	510	-	82	205367897	38413
chr1	205329484	205529484	harbor1	chr1	205380918	205381149	SINE/MIR	560	-	116	205381034	51550
chr1	205329484	205529484	harbor1	chr1	205387867	205388109	SINE/MIR	818	-	121	205387988	58504
chr1	205329484	205529484	harbor1	chr1	205388131	205388194	SINE/MIR	634	-	32	205388163	58679
chr1	205329484	205529484	harbor1	chr1	205388489	205388649	SINE/MIR	642	-	80	205388569	59085
chr1	205329484	205529484	harbor1	chr1	205409392	205409605	SINE/MIR	840	-	106	205409498	80014
chr1	2375306	2575306	harbor1	chr1	2393539	2393763	SINE/MIR	494	-	112	2393651	18345
chr1	2375306	2575306	harbor1	chr1	2399666	2399853	SINE/MIR	493	-	94	2399760	24454
chr1	111713067	111913067	harbor1	chr1	111722884	111723082	SINE/MIR	561	-	99	111722983	9916
chr1	111713067	111913067	harbor1	chr1	111728291	111728504	SINE/MIR	633	-	106	111728397	15330
chr1	111713067	111913067	harbor1	chr1	111735328	111735588	SINE/MIR	699	-	130	111735458	22391
chr1	111713067	111913067	harbor1	chr1	111763072	111763243	SINE/MIR	708	-	86	111763158	50091
chr1	111713067	111913067	harbor1	chr1	111787745	111787950	SINE/MIR	474	-	102	111787847	74780
chr1	111713067	111913067	harbor1	chr1	111792200	111792418	SINE/MIR	460	-	109	111792309	79242
chr1	111713067	111913067	harbor1	chr1	111794767	111794950	SINE/MIR	703	-	92	111794859	81792
chr1	111713067	111913067	harbor1	chr1	111795443	111795604	SINE/MIR	579	-	80	111795523	82456
chr1	111713067	111913067	harbor1	chr1	111804654	111804889	SINE/MIR	835	-	118	111804772	91705
chr1	111713067	111913067	harbor1	chr1	111812525	111812735	SINE/MIR	662	-	105	111812630	99563
chr1	13672401	13872401	harbor1	chr1	13681301	13681517	SINE/MIR	515	-	108	13681409	9008
chr1	13672401	13872401	harbor1	chr1	13720623	13720762	SINE/MIR	461	-	70	13720693	48292
chr1	13672401	13872401	harbor1	chr1	13756804	13756938	SINE/MIR	482	-	67	13756871	84470
chr1	6685469	6885469	harbor1	chr1	6718762	6718784	SINE/MIR	686	-	11	6718773	33304
chr1	6685469	6885469	harbor1	chr1	6719300	6719449	SINE/MIR	686	-	74	6719374	33905
chr1	6685469	6885469	harbor1	chr1	6719754	6719821	SINE/MIR	686	-	34	6719788	34319
chr1	6685469	6885469	harbor1	chr1	6765477	6765628	SINE/MIR	519	-	76	6765553	80084
chr1	6685469	6885469	harbor1	chr1	6766008	6766108	SINE/MIR	519	-	50	6766058	80589
chr1	244605833	244805833	harbor1	chr1	244641567	244641776	SINE/MIR	593	-	104	244641671	35838
chr1	244605833	244805833	harbor1	chr1	244667471	244667646	SINE/MIR	567	-	88	244667559	61726
chr1	244605833	244805833	harbor1	chr1	244670500	244670725	SINE/MIR	827	-	112	244670612	64779
chr1	40913010	41113010	harbor1	chr1	40921327	40921555	SINE/MIR	523	-	114	40921441	8431
chr1	40913010	41113010	harbor1	chr1	40922371	40922586	SINE/MIR	732	-	108	40922479	9469
chr1	40913010	41113010	harbor1	chr1	40924017	40924213	SINE/MIR	757	-	98	40924115	11105
chr1	40913010	41113010	harbor1	chr1	40929562	40929780	SINE/MIR	694	-	109	40929671	16661
chr1	40913010	41113010	harbor1	chr1	40986709	40986929	SINE/MIR	472	-	110	40986819	73809
chr1	155154854	155354854	harbor1	chr1	155162116	155162354	SINE/MIR	737	-	119	155162235	7381
chr1	155154854	155354854	harbor1	chr1	155179268	155179457	SINE/MIR	755	-	94	155179362	24508
chr1	155154854	155354854	harbor1	chr1	155201650	155201853	SINE/MIR	575	-	102	155201752	46898
chr1	13686837	13886837	harbor1	chr1	13720623	13720762	SINE/MIR	461	-	70	13720693	33856
chr1	13686837	13886837	harbor1	chr1	13756804	13756938	SINE/MIR	482	-	67	13756871	70034
chr1	234508642	234708642	harbor1	chr1	234514628	234514763	SINE/MIR	544	-	68	234514696	6054
chr1	234508642	234708642	harbor1	chr1	234521263	234521505	SINE/MIR	777	-	121	234521384	12742
chr1	234508642	234708642	harbor1	chr1	234565762	234565976	SINE/MIR	513	-	107	234565869	57227
chr1	234508642	234708642	harbor1	chr1	234569791	234569994	SINE/MIR	818	-	102	234569893	61251
chr1	234508642	234708642	harbor1	chr1	234570366	234570621	SINE/MIR	959	-	128	234570494	61852
chr1	234508642	234708642	harbor1	chr1	234576106	234576238	SINE/MIR	460	-	66	234576172	67530
chr1	234508642	234708642	harbor1	chr1	234584567	234584804	SINE/MIR	477	-	118	234584685	76043
chr1	234508642	234708642	harbor1	chr1	234593118	234593273	SINE/MIR	551	-	78	234593196	84554
chr1	211033696	211233696	harbor1	chr1	211046452	211046686	SINE/MIR	846	-	117	211046569	12873
chr1	211033696	211233696	harbor1	chr1	211046691	211046895	SINE/MIR	588	-	102	211046793	13097
chr1	211033696	211233696	harbor1	chr1	211051779	211051960	SINE/MIR	658	-	90	211051869	18173
chr1	24895890	25095890	harbor1	chr1	24905232	24905384	SINE/MIR	607	-	76	24905308	9418
chr1	24895890	25095890	harbor1	chr1	24917643	24917777	SINE/MIR	489	-	67	24917710	21820
chr1	24895890	25095890	harbor1	chr1	24925418	24925646	SINE/MIR	950	-	114	24925532	29642
chr1	24895890	25095890	harbor1	chr1	24936194	24936408	SINE/MIR	745	-	107	24936301	40411
chr1	24895890	25095890	harbor1	chr1	24941408	24941605	SINE/MIR	487	-	98	24941506	45616
chr1	24895890	25095890	harbor1	chr1	24943381	24943557	SINE/MIR	598	-	88	24943469	47579
chr1	24895890	25095890	harbor1	chr1	24945451	24945651	SINE/MIR	749	-	100	24945551	49661
chr1	24895890	25095890	harbor1	chr1	24949159	24949316	SINE/MIR	508	-	78	24949237	53347
chr1	24895890	25095890	harbor1	chr1	24957673	24957872	SINE/MIR	713	-	100	24957773	61883
chr1	24895890	25095890	harbor1	chr1	24958134	24958334	SINE/MIR	506	-	100	24958234	62344
chr1	24895890	25095890	harbor1	chr1	24960254	24960460	SINE/MIR	541	-	103	24960357	64467
chr1	24895890	25095890	harbor1	chr1	24971938	24972119	SINE/MIR	478	-	90	24972028	76138
chr1	24895890	25095890	harbor1	chr1	24987604	24987811	SINE/MIR	485	-	104	24987708	91818
chr1	24895890	25095890	harbor1	chr1	24992057	24992248	SINE/MIR	554	-	96	24992153	96263
chr1	24895890	25095890	harbor1	chr1	24992462	24992500	SINE/MIR	554	-	19	24992481	96591
chr1	24895890	25095890	harbor1	chr1	24952688	24952871	SINE/MIR	596	-	92	24952780	56890
chr1	16545016	16745016	harbor1	chr1	16549882	16549929	SINE/MIR	671	-	24	16549906	4890
chr1	16545016	16745016	harbor1	chr1	16550232	16550380	SINE/MIR	671	-	74	16550306	5290
chr1	16545016	16745016	harbor1	chr1	16551364	16551580	SINE/MIR	493	-	108	16551472	6456
chr1	16545016	16745016	harbor1	chr1	16551815	16552014	SINE/MIR	530	-	100	16551915	6899
chr1	16545016	16745016	harbor1	chr1	16584312	16584458	SINE/MIR	440	-	73	16584385	39369
chr1	16545016	16745016	harbor1	chr1	16616012	16616256	SINE/MIR	462	-	122	16616134	71118
chr1	16545016	16745016	harbor1	chr1	16619309	16619456	SINE/MIR	456	-	74	16619383	74367
chr1	16545016	16745016	harbor1	chr1	16621378	16621593	SINE/MIR	530	-	108	16621486	76470
chr1	16545016	16745016	harbor1	chr1	16623030	16623201	SINE/MIR	537	-	86	16623116	78100
chr1	16545016	16745016	harbor1	chr1	16623585	16623784	SINE/MIR	569	-	100	16623685	78669
chr1	16625343	16825343	harbor1	chr1	16682379	16682595	SINE/MIR	452	-	108	16682487	57144
chr1	16625343	16825343	harbor1	chr1	16682807	16683029	SINE/MIR	497	-	111	16682918	57575
chr1	16625343	16825343	harbor1	chr1	16711679	16711933	SINE/MIR	736	-	127	16711806	86463
chr1	16512786	16712786	harbor1	chr1	16549882	16549929	SINE/MIR	671	-	24	16549906	37120
chr1	16512786	16712786	harbor1	chr1	16550232	16550380	SINE/MIR	671	-	74	16550306	37520
chr1	16512786	16712786	harbor1	chr1	16551364	16551580	SINE/MIR	493	-	108	16551472	38686
chr1	16512786	16712786	harbor1	chr1	16551815	16552014	SINE/MIR	530	-	100	16551915	39129
chr1	16512786	16712786	harbor1	chr1	16584312	16584458	SINE/MIR	440	-	73	16584385	71599
chr1	27503616	27703616	harbor1	chr1	27504951	27505098	SINE/MIR	469	-	74	27505025	1409
chr1	27503616	27703616	harbor1	chr1	27506500	27506635	SINE/MIR	510	-	68	27506568	2952
chr1	27503616	27703616	harbor1	chr1	27516204	27516361	SINE/MIR	534	-	78	27516282	12666
chr1	27503616	27703616	harbor1	chr1	27545784	27545950	SINE/MIR	460	-	83	27545867	42251
chr1	27503616	27703616	harbor1	chr1	27553211	27553392	SINE/MIR	666	-	90	27553301	49685
chr1	27503616	27703616	harbor1	chr1	27554842	27555068	SINE/MIR	597	-	113	27554955	51339
chr1	27503616	27703616	harbor1	chr1	27573216	27573342	SINE/MIR	493	-	63	27573279	69663
chr1	27503616	27703616	harbor1	chr1	27574385	27574546	SINE/MIR	468	-	80	27574465	70849
chr1	27503616	27703616	harbor1	chr1	27576444	27576620	SINE/MIR	474	-	88	27576532	72916
chr1	27503616	27703616	harbor1	chr1	27584051	27584230	SINE/MIR	583	-	90	27584141	80525
chr1	27503616	27703616	harbor1	chr1	27584305	27584470	SINE/MIR	532	-	82	27584387	80771
chr1	148910670	149110670	harbor1	chr1	148923774	148923985	SINE/MIR	673	-	106	148923880	13210
chr1	148910670	149110670	harbor1	chr1	148925035	148925203	SINE/MIR	597	-	84	148925119	14449
chr1	148910670	149110670	harbor1	chr1	148925698	148925910	SINE/MIR	698	-	106	148925804	15134
chr1	148910670	149110670	harbor1	chr1	148968147	148968367	SINE/MIR	793	-	110	148968257	57587
chr1	148910670	149110670	harbor1	chr1	148988312	148988549	SINE/MIR	652	-	118	148988430	77760
chr1	148910670	149110670	harbor1	chr1	149000723	149000847	SINE/MIR	443	-	62	149000785	90115
chr1	3141136	3341136	harbor1	chr1	3160724	3160902	SINE/MIR	477	-	89	3160813	19677
chr1	226307818	226507818	harbor1	chr1	226337233	226337409	SINE/MIR	473	-	88	226337321	29503
chr1	54786918	54986918	harbor1	chr1	54788995	54789201	SINE/MIR	698	-	103	54789098	2180
chr1	54786918	54986918	harbor1	chr1	54793498	54793656	SINE/MIR	467	-	79	54793577	6659
chr1	54786918	54986918	harbor1	chr1	54793698	54793930	SINE/MIR	807	-	116	54793814	6896
chr1	54786918	54986918	harbor1	chr1	54794673	54794870	SINE/MIR	545	-	98	54794771	7853
chr1	54786918	54986918	harbor1	chr1	54797031	54797203	SINE/MIR	587	-	86	54797117	10199
chr1	54786918	54986918	harbor1	chr1	54804732	54804926	SINE/MIR	551	-	97	54804829	17911
chr1	54786918	54986918	harbor1	chr1	54809471	54809636	SINE/MIR	691	-	82	54809553	22635
chr1	54786918	54986918	harbor1	chr1	54838135	54838202	SINE/MIR	443	-	34	54838169	51251
chr1	54786918	54986918	harbor1	chr1	54838497	54838596	SINE/MIR	443	-	50	54838547	51629
chr1	54786918	54986918	harbor1	chr1	54850788	54850913	SINE/MIR	440	-	62	54850850	63932
chr1	54786918	54986918	harbor1	chr1	54851852	54852077	SINE/MIR	768	-	112	54851964	65046
chr1	54786918	54986918	harbor1	chr1	54884096	54884292	SINE/MIR	554	-	98	54884194	97276
chr1	46503416	46703416	harbor1	chr1	46506553	46506774	SINE/MIR	674	-	110	46506663	3247
chr1	46503416	46703416	harbor1	chr1	46507340	46507529	SINE/MIR	545	-	94	46507434	4018
chr1	46503416	46703416	harbor1	chr1	46507559	46507795	SINE/MIR	453	-	118	46507677	4261
chr1	46503416	46703416	harbor1	chr1	46518680	46518719	SINE/MIR	847	-	20	46518700	15284
chr1	46503416	46703416	harbor1	chr1	46519029	46519212	SINE/MIR	847	-	92	46519121	15705
chr1	46503416	46703416	harbor1	chr1	46537739	46537951	SINE/MIR	527	-	106	46537845	34429
chr1	46503416	46703416	harbor1	chr1	46539484	46539679	SINE/MIR	734	-	98	46539582	36166
chr1	46503416	46703416	harbor1	chr1	46541876	46542083	SINE/MIR	641	-	104	46541980	38564
chr1	46503416	46703416	harbor1	chr1	46555815	46556021	SINE/MIR	897	-	103	46555918	52502
chr1	46503416	46703416	harbor1	chr1	46572987	46573225	SINE/MIR	694	-	119	46573106	69690
chr1	46503416	46703416	harbor1	chr1	46574082	46574349	SINE/MIR	1053	-	134	46574216	70800
chr1	46503416	46703416	harbor1	chr1	46579955	46580197	SINE/MIR	560	-	121	46580076	76660
chr1	46503416	46703416	harbor1	chr1	46580235	46580445	SINE/MIR	1169	-	105	46580340	76924
chr1	46503416	46703416	harbor1	chr1	46587996	46588189	SINE/MIR	466	-	96	46588092	84676
chr1	46503416	46703416	harbor1	chr1	46590391	46590629	SINE/MIR	1011	-	119	46590510	87094
chr1	46503416	46703416	harbor1	chr1	46598573	46598795	SINE/MIR	1172	-	111	46598684	95268
chr1	54307464	54507464	harbor1	chr1	54323936	54324169	SINE/MIR	671	-	116	54324052	16588
chr1	54307464	54507464	harbor1	chr1	54331994	54332164	SINE/MIR	514	-	85	54332079	24615
chr1	54307464	54507464	harbor1	chr1	54385722	54385913	SINE/MIR	498	-	96	54385818	78354
chr1	54307464	54507464	harbor1	chr1	54393657	54393758	SINE/MIR	447	-	50	54393707	86243
chr1	54307464	54507464	harbor1	chr1	54394060	54394148	SINE/MIR	447	-	44	54394104	86640
chr1	25330942	25530942	harbor1	chr1	25363431	25363586	SINE/MIR	458	-	78	25363509	32567
chr1	25330942	25530942	harbor1	chr1	25363604	25363707	SINE/MIR	442	-	52	25363656	32714
chr1	25330942	25530942	harbor1	chr1	25397964	25398217	SINE/MIR	745	-	126	25398090	67148
chr1	25330942	25530942	harbor1	chr1	25401204	25401395	SINE/MIR	691	-	96	25401300	70358
chr1	25330942	25530942	harbor1	chr1	25409710	25409895	SINE/MIR	909	-	92	25409802	78860
chr1	25330942	25530942	harbor1	chr1	25410197	25410257	SINE/MIR	909	-	30	25410227	79285
chr1	25330942	25530942	harbor1	chr1	25413677	25413881	SINE/MIR	728	-	102	25413779	82837
chr1	25330942	25530942	harbor1	chr1	25415679	25415838	SINE/MIR	561	-	80	25415759	84817
chr1	25330942	25530942	harbor1	chr1	25422475	25422697	SINE/MIR	994	-	111	25422586	91644
chr1	25330942	25530942	harbor1	chr1	25425256	25425503	SINE/MIR	782	-	124	25425380	94438
chr2	196073592	196273592	harbor1	chr2	196107682	196107865	SINE/MIR	704	-	92	196107774	34182
chr2	196073592	196273592	harbor1	chr2	196137893	196138129	SINE/MIR	620	-	118	196138011	64419
chr2	196073592	196273592	harbor1	chr2	196162487	196162615	SINE/MIR	701	-	64	196162551	88959
chr2	196073592	196273592	harbor1	chr2	196162908	196163006	SINE/MIR	701	-	49	196162957	89365
chr2	26950219	27150219	harbor1	chr2	26963941	26964173	SINE/MIR	520	-	116	26964057	13838
chr2	26950219	27150219	harbor1	chr2	27015231	27015454	SINE/MIR	666	-	112	27015343	65124
chr2	26950219	27150219	harbor1	chr2	27036162	27036319	SINE/MIR	446	-	78	27036240	86021
chr2	74415405	74615405	harbor1	chr2	74429082	74429302	SINE/MIR	635	-	110	74429192	13787
chr2	74415405	74615405	harbor1	chr2	74453409	74453660	SINE/MIR	548	-	126	74453535	38130
chr2	74415405	74615405	harbor1	chr2	74467216	74467435	SINE/MIR	748	-	110	74467326	51921
chr2	152618051	152818051	harbor1	chr2	152632551	152632798	SINE/MIR	608	-	124	152632675	14624
chr2	26950237	27150237	harbor1	chr2	26963941	26964173	SINE/MIR	520	-	116	26964057	13820
chr2	26950237	27150237	harbor1	chr2	27015231	27015454	SINE/MIR	666	-	112	27015343	65106
chr2	26950237	27150237	harbor1	chr2	27036162	27036319	SINE/MIR	446	-	78	27036240	86003
chr2	74453401	74653401	harbor1	chr2	74453409	74453660	SINE/MIR	548	-	126	74453535	134
chr2	74453401	74653401	harbor1	chr2	74467216	74467435	SINE/MIR	748	-	110	74467326	13925
chr2	74453401	74653401	harbor1	chr2	74550639	74550874	SINE/MIR	450	-	118	74550757	97356
chr2	219058841	219258841	harbor1	chr2	219062081	219062279	SINE/MIR	506	-	99	219062180	3339
chr2	219058841	219258841	harbor1	chr2	219103641	219103856	SINE/MIR	687	-	108	219103749	44908
chr2	218221236	218421236	harbor1	chr2	218223588	218223717	SINE/MIR	500	-	64	218223652	2416
chr2	218221236	218421236	harbor1	chr2	218260130	218260324	SINE/MIR	457	-	97	218260227	38991
chr2	218221236	218421236	harbor1	chr2	218285171	218285341	SINE/MIR	607	-	85	218285256	64020
chr2	219073554	219273554	harbor1	chr2	219103641	219103856	SINE/MIR	687	-	108	219103749	30195
chr2	219073013	219273013	harbor1	chr2	219103641	219103856	SINE/MIR	687	-	108	219103749	30736
chr2	152617998	152817998	harbor1	chr2	152632551	152632798	SINE/MIR	608	-	124	152632675	14677
chr2	60472612	60672612	harbor1	chr2	60529233	60529419	SINE/MIR	520	-	93	60529326	56714
chr2	86976337	87176337	harbor1	chr2	86981839	86982072	SINE/MIR	617	-	116	86981955	5618
chr2	86976337	87176337	harbor1	chr2	87011585	87011810	SINE/MIR	654	-	112	87011697	35360
chr2	86976337	87176337	harbor1	chr2	87032560	87032802	SINE/MIR	619	-	121	87032681	56344
chr2	86976337	87176337	harbor1	chr2	87048556	87048795	SINE/MIR	620	-	120	87048676	72339
chr2	53759964	53959964	harbor1	chr2	53762319	53762453	SINE/MIR	440	-	67	53762386	2422
chr2	53759964	53959964	harbor1	chr2	53811564	53811785	SINE/MIR	915	-	110	53811674	51710
chr2	53759964	53959964	harbor1	chr2	53857963	53858169	SINE/MIR	747	-	103	53858066	98102
chr2	63488508	63688508	harbor1	chr2	63494383	63494572	SINE/MIR	709	-	94	63494477	5969
chr2	63488508	63688508	harbor1	chr2	63568047	63568254	SINE/MIR	566	-	104	63568151	79643
chr2	15464442	15664442	harbor1	chr2	15549055	15549263	SINE/MIR	668	-	104	15549159	84717
chr2	158868018	159068018	harbor1	chr2	158953753	158953927	SINE/MIR	582	-	87	158953840	85822
chr2	158868018	159068018	harbor1	chr2	158964506	158964743	SINE/MIR	496	-	118	158964624	96606
chr2	219073574	219273574	harbor1	chr2	219103641	219103856	SINE/MIR	687	-	108	219103749	30175
chr2	85228519	85428519	harbor1	chr2	85253718	85253921	SINE/MIR	496	-	102	85253820	25301
chr2	85228519	85428519	harbor1	chr2	85282477	85282735	SINE/MIR	620	-	129	85282606	54087
chr2	219070180	219270180	harbor1	chr2	219103641	219103856	SINE/MIR	687	-	108	219103749	33569
chr2	219458053	219658053	harbor1	chr2	219470108	219470364	SINE/MIR	528	-	128	219470236	12183
chr2	219458053	219658053	harbor1	chr2	219474402	219474630	SINE/MIR	856	-	114	219474516	16463
chr2	219458053	219658053	harbor1	chr2	219478279	219478469	SINE/MIR	693	-	95	219478374	20321
chr2	219458053	219658053	harbor1	chr2	219478813	219478964	SINE/MIR	457	-	76	219478889	20836
chr2	219458053	219658053	harbor1	chr2	219481740	219481892	SINE/MIR	463	-	76	219481816	23763
chr2	219458053	219658053	harbor1	chr2	219485612	219485838	SINE/MIR	535	-	113	219485725	27672
chr2	219458053	219658053	harbor1	chr2	219487379	219487545	SINE/MIR	451	-	83	219487462	29409
chr2	219458053	219658053	harbor1	chr2	219490084	219490317	SINE/MIR	754	-	116	219490200	32147
chr2	219458053	219658053	harbor1	chr2	219491044	219491220	SINE/MIR	533	-	88	219491132	33079
chr2	219458053	219658053	harbor1	chr2	219497481	219497624	SINE/MIR	460	-	72	219497553	39500
chr2	219458053	219658053	harbor1	chr2	219524954	219525135	SINE/MIR	572	-	90	219525044	66991
chr2	219458053	219658053	harbor1	chr2	219525244	219525453	SINE/MIR	625	-	104	219525348	67295
chr2	219458053	219658053	harbor1	chr2	219556978	219557162	SINE/MIR	569	-	92	219557070	99017
chr2	74453409	74653409	harbor1	chr2	74453409	74453660	SINE/MIR	548	-	126	74453535	126
chr2	74453409	74653409	harbor1	chr2	74467216	74467435	SINE/MIR	748	-	110	74467326	13917
chr2	74453409	74653409	harbor1	chr2	74550639	74550874	SINE/MIR	450	-	118	74550757	97348
chr2	219068681	219268681	harbor1	chr2	219103641	219103856	SINE/MIR	687	-	108	219103749	35068
chr2	175979735	176179735	harbor1	chr2	176061675	176061859	SINE/MIR	514	-	92	176061767	82032
chr2	175979735	176179735	harbor1	chr2	176066334	176066513	SINE/MIR	504	-	90	176066424	86689
chr2	42069399	42269399	harbor1	chr2	42104474	42104672	SINE/MIR	532	-	99	42104573	35174
chr2	42069399	42269399	harbor1	chr2	42131594	42131840	SINE/MIR	664	-	123	42131717	62318
chr2	42069399	42269399	harbor1	chr2	42145207	42145327	SINE/MIR	714	-	60	42145267	75868
chr2	42069399	42269399	harbor1	chr2	42145638	42145784	SINE/MIR	714	-	73	42145711	76312
chr2	42069399	42269399	harbor1	chr2	42147251	42147483	SINE/MIR	849	-	116	42147367	77968
chr2	42069399	42269399	harbor1	chr2	42167256	42167505	SINE/MIR	895	-	124	42167380	97981
chr2	42033084	42233084	harbor1	chr2	42035127	42035356	SINE/MIR	508	-	114	42035241	2157
chr2	42033084	42233084	harbor1	chr2	42104474	42104672	SINE/MIR	532	-	99	42104573	71489
chr2	42033084	42233084	harbor1	chr2	42131594	42131840	SINE/MIR	664	-	123	42131717	98633
chr2	26950242	27150242	harbor1	chr2	26963941	26964173	SINE/MIR	520	-	116	26964057	13815
chr2	26950242	27150242	harbor1	chr2	27015231	27015454	SINE/MIR	666	-	112	27015343	65101
chr2	26950242	27150242	harbor1	chr2	27036162	27036319	SINE/MIR	446	-	78	27036240	85998
chr2	44988947	45188947	harbor1	chr2	45017126	45017283	SINE/MIR	525	-	78	45017204	28257
chr2	44988947	45188947	harbor1	chr2	45017312	45017534	SINE/MIR	595	-	111	45017423	28476
chr2	44988947	45188947	harbor1	chr2	45031976	45032142	SINE/MIR	504	-	83	45032059	43112
chr2	44988947	45188947	harbor1	chr2	45051689	45051852	SINE/MIR	490	-	82	45051771	62824
chr2	44988947	45188947	harbor1	chr2	45052145	45052188	SINE/MIR	490	-	22	45052167	63220
chr2	44988947	45188947	harbor1	chr2	45056322	45056502	SINE/MIR	646	-	90	45056412	67465
chr2	84760927	84960927	harbor1	chr2	84787542	84787737	SINE/MIR	709	-	98	84787640	26713
chr2	84760927	84960927	harbor1	chr2	84854387	84854592	SINE/MIR	715	-	102	84854489	93562
chr2	219383264	219583264	harbor1	chr2	219388767	219388990	SINE/MIR	488	-	112	219388879	5615
chr2	219383264	219583264	harbor1	chr2	219403702	219403932	SINE/MIR	867	-	115	219403817	20553
chr2	219383264	219583264	harbor1	chr2	219406471	219406653	SINE/MIR	708	-	91	219406562	23298
chr2	219383264	219583264	harbor1	chr2	219450196	219450419	SINE/MIR	554	-	112	219450308	67044
chr2	219383264	219583264	harbor1	chr2	219455138	219455281	SINE/MIR	509	-	72	219455210	71946
chr2	219383264	219583264	harbor1	chr2	219470108	219470364	SINE/MIR	528	-	128	219470236	86972
chr2	219383264	219583264	harbor1	chr2	219474402	219474630	SINE/MIR	856	-	114	219474516	91252
chr2	219383264	219583264	harbor1	chr2	219478279	219478469	SINE/MIR	693	-	95	219478374	95110
chr2	219383264	219583264	harbor1	chr2	219478813	219478964	SINE/MIR	457	-	76	219478889	95625
chr2	219383264	219583264	harbor1	chr2	219481740	219481892	SINE/MIR	463	-	76	219481816	98552
chr2	113484040	113684040	harbor1	chr2	113513831	113514044	SINE/MIR	954	-	106	113513937	29897
chr2	113484040	113684040	harbor1	chr2	113536335	113536524	SINE/MIR	685	-	94	113536429	52389
chr2	113484040	113684040	harbor1	chr2	113570580	113570714	SINE/MIR	590	-	67	113570647	86607
chr2	113484040	113684040	harbor1	chr2	113580426	113580622	SINE/MIR	646	-	98	113580524	96484
chr2	85461791	85661791	harbor1	chr2	85502794	85503052	SINE/MIR	474	-	129	85502923	41132
chr2	85461791	85661791	harbor1	chr2	85523434	85523680	SINE/MIR	827	-	123	85523557	61766
chr2	85461791	85661791	harbor1	chr2	85537063	85537190	SINE/MIR	514	-	64	85537127	75336
chr2	31910614	32110614	harbor1	chr2	31934997	31935242	SINE/MIR	1090	-	122	31935119	24505
chr2	31910614	32110614	harbor1	chr2	31961419	31961480	SINE/MIR	500	-	30	31961449	50835
chr2	31910614	32110614	harbor1	chr2	31961791	31961956	SINE/MIR	500	-	82	31961873	51259
chr2	71780774	71980774	harbor1	chr2	71800086	71800251	SINE/MIR	451	-	82	71800168	19394
chr2	71780774	71980774	harbor1	chr2	71841266	71841472	SINE/MIR	786	-	103	71841369	60595
chr2	71780774	71980774	harbor1	chr2	71853356	71853548	SINE/MIR	492	-	96	71853452	72678
chr2	53759991	53959991	harbor1	chr2	53762319	53762453	SINE/MIR	440	-	67	53762386	2395
chr2	53759991	53959991	harbor1	chr2	53811564	53811785	SINE/MIR	915	-	110	53811674	51683
chr2	53759991	53959991	harbor1	chr2	53857963	53858169	SINE/MIR	747	-	103	53858066	98075
chr2	113484101	113684101	harbor1	chr2	113513831	113514044	SINE/MIR	954	-	106	113513937	29836
chr2	113484101	113684101	harbor1	chr2	113536335	113536524	SINE/MIR	685	-	94	113536429	52328
chr2	113484101	113684101	harbor1	chr2	113570580	113570714	SINE/MIR	590	-	67	113570647	86546
chr2	113484101	113684101	harbor1	chr2	113580426	113580622	SINE/MIR	646	-	98	113580524	96423
chr2	113484028	113684028	harbor1	chr2	113513831	113514044	SINE/MIR	954	-	106	113513937	29909
chr2	113484028	113684028	harbor1	chr2	113536335	113536524	SINE/MIR	685	-	94	113536429	52401
chr2	113484028	113684028	harbor1	chr2	113570580	113570714	SINE/MIR	590	-	67	113570647	86619
chr2	113484028	113684028	harbor1	chr2	113580426	113580622	SINE/MIR	646	-	98	113580524	96496
chr2	219335190	219535190	harbor1	chr2	219381014	219381230	SINE/MIR	767	-	108	219381122	45932
chr2	219335190	219535190	harbor1	chr2	219388767	219388990	SINE/MIR	488	-	112	219388879	53689
chr2	219335190	219535190	harbor1	chr2	219403702	219403932	SINE/MIR	867	-	115	219403817	68627
chr2	219335190	219535190	harbor1	chr2	219406471	219406653	SINE/MIR	708	-	91	219406562	71372
chr2	47682917	47882917	harbor1	chr2	47774355	47774599	SINE/MIR	816	-	122	47774477	91560
chr2	47682917	47882917	harbor1	chr2	47775802	47776006	SINE/MIR	439	-	102	47775904	92987
chr2	47682917	47882917	harbor1	chr2	47778278	47778513	SINE/MIR	696	-	118	47778396	95479
chr2	46198512	46398512	harbor1	chr2	46281816	46281958	SINE/MIR	468	-	71	46281887	83375
chr2	46198512	46398512	harbor1	chr2	46285523	46285615	SINE/MIR	537	-	46	46285569	87057
chr2	46198512	46398512	harbor1	chr2	46285923	46286035	SINE/MIR	537	-	56	46285979	87467
chr2	113484029	113684029	harbor1	chr2	113513831	113514044	SINE/MIR	954	-	106	113513937	29908
chr2	113484029	113684029	harbor1	chr2	113536335	113536524	SINE/MIR	685	-	94	113536429	52400
chr2	113484029	113684029	harbor1	chr2	113570580	113570714	SINE/MIR	590	-	67	113570647	86618
chr2	113484029	113684029	harbor1	chr2	113580426	113580622	SINE/MIR	646	-	98	113580524	96495
chr2	70453429	70653429	harbor1	chr2	70475257	70475505	SINE/MIR	741	-	124	70475381	21952
chr2	70453429	70653429	harbor1	chr2	70482170	70482427	SINE/MIR	813	-	128	70482298	28869
chr2	70453429	70653429	harbor1	chr2	70502809	70502983	SINE/MIR	720	-	87	70502896	49467
chr2	70453429	70653429	harbor1	chr2	70503591	70503683	SINE/MIR	720	-	46	70503637	50208
chr2	70453429	70653429	harbor1	chr2	70506625	70506841	SINE/MIR	993	-	108	70506733	53304
chr2	70453429	70653429	harbor1	chr2	70550285	70550392	SINE/MIR	466	-	54	70550339	96910
chr2	70453429	70653429	harbor1	chr2	70551092	70551283	SINE/MIR	462	-	96	70551188	97759
chr2	111955709	112155709	harbor1	chr2	111988573	111988663	SINE/MIR	474	-	45	111988618	32909
chr2	111955709	112155709	harbor1	chr2	111988954	111989086	SINE/MIR	474	-	66	111989020	33311
chr2	111955709	112155709	harbor1	chr2	112030395	112030562	SINE/MIR	457	-	84	112030479	74770
chr2	219077883	219277883	harbor1	chr2	219103641	219103856	SINE/MIR	687	-	108	219103749	25866
chr2	207668782	207868782	harbor1	chr2	207761053	207761199	SINE/MIR	498	-	73	207761126	92344
chr2	46198543	46398543	harbor1	chr2	46281816	46281958	SINE/MIR	468	-	71	46281887	83344
chr2	46198543	46398543	harbor1	chr2	46285523	46285615	SINE/MIR	537	-	46	46285569	87026
chr2	46198543	46398543	harbor1	chr2	46285923	46286035	SINE/MIR	537	-	56	46285979	87436
chr2	27018955	27218955	harbor1	chr2	27036162	27036319	SINE/MIR	446	-	78	27036240	17285
chr2	27018955	27218955	harbor1	chr2	27060812	27060982	SINE/MIR	472	-	85	27060897	41942
chr2	27018955	27218955	harbor1	chr2	27076761	27076902	SINE/MIR	623	-	70	27076831	57876
chr2	46198523	46398523	harbor1	chr2	46281816	46281958	SINE/MIR	468	-	71	46281887	83364
chr2	46198523	46398523	harbor1	chr2	46285523	46285615	SINE/MIR	537	-	46	46285569	87046
chr2	46198523	46398523	harbor1	chr2	46285923	46286035	SINE/MIR	537	-	56	46285979	87456
chr2	26403762	26603762	harbor1	chr2	26423711	26423939	SINE/MIR	557	-	114	26423825	20063
chr2	26403762	26603762	harbor1	chr2	26465305	26465419	SINE/MIR	481	-	57	26465362	61600
chr2	26403762	26603762	harbor1	chr2	26474716	26474918	SINE/MIR	650	-	101	26474817	71055
chr2	26403762	26603762	harbor1	chr2	26502742	26502916	SINE/MIR	452	-	87	26502829	99067
chr2	113484023	113684023	harbor1	chr2	113513831	113514044	SINE/MIR	954	-	106	113513937	29914
chr2	113484023	113684023	harbor1	chr2	113536335	113536524	SINE/MIR	685	-	94	113536429	52406
chr2	113484023	113684023	harbor1	chr2	113570580	113570714	SINE/MIR	590	-	67	113570647	86624
chr2	113484023	113684023	harbor1	chr2	113580426	113580622	SINE/MIR	646	-	98	113580524	96501
chr2	86976362	87176362	harbor1	chr2	86981839	86982072	SINE/MIR	617	-	116	86981955	5593
chr2	86976362	87176362	harbor1	chr2	87011585	87011810	SINE/MIR	654	-	112	87011697	35335
chr2	86976362	87176362	harbor1	chr2	87032560	87032802	SINE/MIR	619	-	121	87032681	56319
chr2	86976362	87176362	harbor1	chr2	87048556	87048795	SINE/MIR	620	-	120	87048676	72314
chr2	26403771	26603771	harbor1	chr2	26423711	26423939	SINE/MIR	557	-	114	26423825	20054
chr2	26403771	26603771	harbor1	chr2	26465305	26465419	SINE/MIR	481	-	57	26465362	61591
chr2	26403771	26603771	harbor1	chr2	26474716	26474918	SINE/MIR	650	-	101	26474817	71046
chr2	26403771	26603771	harbor1	chr2	26502742	26502916	SINE/MIR	452	-	87	26502829	99058
chr2	26950298	27150298	harbor1	chr2	26963941	26964173	SINE/MIR	520	-	116	26964057	13759
chr2	26950298	27150298	harbor1	chr2	27015231	27015454	SINE/MIR	666	-	112	27015343	65045
chr2	26950298	27150298	harbor1	chr2	27036162	27036319	SINE/MIR	446	-	78	27036240	85942
chr2	130256054	130456054	harbor1	chr2	130310599	130310801	SINE/MIR	589	-	101	130310700	54646
chr2	130256054	130456054	harbor1	chr2	130311378	130311533	SINE/MIR	522	-	78	130311456	55402
chr2	130256054	130456054	harbor1	chr2	130311827	130311901	SINE/MIR	522	-	37	130311864	55810
chr2	130256054	130456054	harbor1	chr2	130352666	130352898	SINE/MIR	553	-	116	130352782	96728
chr2	9301841	9501841	harbor1	chr2	9360205	9360430	SINE/MIR	647	-	112	9360317	58476
chr2	9301841	9501841	harbor1	chr2	9367823	9368050	SINE/MIR	464	-	114	9367937	66096
chr2	9301841	9501841	harbor1	chr2	9381929	9381980	SINE/MIR	632	-	26	9381955	80114
chr2	9301841	9501841	harbor1	chr2	9382284	9382402	SINE/MIR	632	-	59	9382343	80502
chr2	9301841	9501841	harbor1	chr2	9385762	9385924	SINE/MIR	458	-	81	9385843	84002
chr2	70771149	70971149	harbor1	chr2	70784393	70784610	SINE/MIR	702	-	108	70784501	13352
chr2	70771149	70971149	harbor1	chr2	70800396	70800615	SINE/MIR	620	-	110	70800506	29357
chr2	70771149	70971149	harbor1	chr2	70815542	70815758	SINE/MIR	613	-	108	70815650	44501
chr2	70771149	70971149	harbor1	chr2	70864960	70865201	SINE/MIR	705	-	120	70865080	93931
chr2	60880293	61080293	harbor1	chr2	60890226	60890466	SINE/MIR	576	-	120	60890346	10053
chr2	60880293	61080293	harbor1	chr2	60903129	60903323	SINE/MIR	454	-	97	60903226	22933
chr2	60880293	61080293	harbor1	chr2	60904027	60904135	SINE/MIR	469	-	54	60904081	23788
chr2	60880293	61080293	harbor1	chr2	60952584	60952808	SINE/MIR	851	-	112	60952696	72403
chr2	60880293	61080293	harbor1	chr2	60952815	60952907	SINE/MIR	439	-	46	60952861	72568
chr2	60880293	61080293	harbor1	chr2	60955245	60955320	SINE/MIR	574	-	38	60955283	74990
chr2	60880293	61080293	harbor1	chr2	60955627	60955786	SINE/MIR	574	-	80	60955707	75414
chr2	152618050	152818050	harbor1	chr2	152632551	152632798	SINE/MIR	608	-	124	152632675	14625
chr2	9945874	10145874	harbor1	chr2	9960515	9960722	SINE/MIR	578	-	104	9960619	14745
chr2	9945874	10145874	harbor1	chr2	10000315	10000546	SINE/MIR	635	-	116	10000431	54557
chr2	9945874	10145874	harbor1	chr2	10035049	10035250	SINE/MIR	557	-	100	10035149	89275
chr2	30046187	30246187	harbor1	chr2	30047335	30047564	SINE/MIR	597	-	114	30047449	1262
chr2	30046187	30246187	harbor1	chr2	30056521	30056713	SINE/MIR	658	-	96	30056617	10430
chr2	72971135	73171135	harbor1	chr2	72972185	72972311	SINE/MIR	465	-	63	72972248	1113
chr2	72971135	73171135	harbor1	chr2	73029669	73029789	SINE/MIR	689	-	60	73029729	58594
chr2	72971135	73171135	harbor1	chr2	73030098	73030211	SINE/MIR	689	-	56	73030154	59019
chr2	72971135	73171135	harbor1	chr2	72990535	72990759	SINE/MIR	580	-	112	72990647	19512
chr2	152617972	152817972	harbor1	chr2	152632551	152632798	SINE/MIR	608	-	124	152632675	14703
chr2	152250414	152450414	harbor1	chr2	152308810	152308883	SINE/MIR	479	-	36	152308846	58432
chr2	152250414	152450414	harbor1	chr2	152309191	152309307	SINE/MIR	479	-	58	152309249	58835
chr2	152250414	152450414	harbor1	chr2	152349301	152349483	SINE/MIR	499	-	91	152349392	98978
chr2	74415635	74615635	harbor1	chr2	74429082	74429302	SINE/MIR	635	-	110	74429192	13557
chr2	74415635	74615635	harbor1	chr2	74453409	74453660	SINE/MIR	548	-	126	74453535	37900
chr2	74415635	74615635	harbor1	chr2	74467216	74467435	SINE/MIR	748	-	110	74467326	51691
chr2	66333430	66533430	harbor1	chr2	66409222	66409433	SINE/MIR	521	-	106	66409328	75898
chr2	59821692	60021692	harbor1	chr2	59827071	59827221	SINE/MIR	493	-	75	59827146	5454
chr2	59821692	60021692	harbor1	chr2	59852535	59852696	SINE/MIR	523	-	80	59852615	30923
chr2	59821692	60021692	harbor1	chr2	59855579	59855744	SINE/MIR	451	-	82	59855661	33969
chr2	59821692	60021692	harbor1	chr2	59896480	59896735	SINE/MIR	575	-	128	59896608	74916
chr2	59821692	60021692	harbor1	chr2	59902512	59902730	SINE/MIR	498	-	109	59902621	80929
chr2	74415479	74615479	harbor1	chr2	74429082	74429302	SINE/MIR	635	-	110	74429192	13713
chr2	74415479	74615479	harbor1	chr2	74453409	74453660	SINE/MIR	548	-	126	74453535	38056
chr2	74415479	74615479	harbor1	chr2	74467216	74467435	SINE/MIR	748	-	110	74467326	51847
chr2	85502391	85702391	harbor1	chr2	85502794	85503052	SINE/MIR	474	-	129	85502923	532
chr2	85502391	85702391	harbor1	chr2	85523434	85523680	SINE/MIR	827	-	123	85523557	21166
chr2	85502391	85702391	harbor1	chr2	85537063	85537190	SINE/MIR	514	-	64	85537127	34736
chr2	85502391	85702391	harbor1	chr2	85587624	85587854	SINE/MIR	619	-	115	85587739	85348
chr2	241050336	241250336	harbor1	chr2	241138328	241138557	SINE/MIR	527	-	114	241138442	88106
chr2	113177630	113377630	harbor1	chr2	113199649	113199754	SINE/MIR	512	-	52	113199701	22071
chr2	113177630	113377630	harbor1	chr2	113221017	113221251	SINE/MIR	625	-	117	113221134	43504
chr2	22969090	23169090	harbor1	chr2	22983124	22983362	SINE/MIR	593	-	119	22983243	14153
chr2	22969090	23169090	harbor1	chr2	23029774	23029997	SINE/MIR	556	-	112	23029886	60796
chr2	22969090	23169090	harbor1	chr2	23033790	23034007	SINE/MIR	789	-	108	23033898	64808
chr2	22969090	23169090	harbor1	chr2	23038624	23038797	SINE/MIR	547	-	86	23038710	69620
chr2	22969090	23169090	harbor1	chr2	23044939	23045091	SINE/MIR	597	-	76	23045015	75925
chr2	219458132	219658132	harbor1	chr2	219470108	219470364	SINE/MIR	528	-	128	219470236	12104
chr2	219458132	219658132	harbor1	chr2	219474402	219474630	SINE/MIR	856	-	114	219474516	16384
chr2	219458132	219658132	harbor1	chr2	219478279	219478469	SINE/MIR	693	-	95	219478374	20242
chr2	219458132	219658132	harbor1	chr2	219478813	219478964	SINE/MIR	457	-	76	219478889	20757
chr2	219458132	219658132	harbor1	chr2	219481740	219481892	SINE/MIR	463	-	76	219481816	23684
chr2	219458132	219658132	harbor1	chr2	219485612	219485838	SINE/MIR	535	-	113	219485725	27593
chr2	219458132	219658132	harbor1	chr2	219487379	219487545	SINE/MIR	451	-	83	219487462	29330
chr2	219458132	219658132	harbor1	chr2	219490084	219490317	SINE/MIR	754	-	116	219490200	32068
chr2	219458132	219658132	harbor1	chr2	219491044	219491220	SINE/MIR	533	-	88	219491132	33000
chr2	219458132	219658132	harbor1	chr2	219497481	219497624	SINE/MIR	460	-	72	219497553	39421
chr2	219458132	219658132	harbor1	chr2	219524954	219525135	SINE/MIR	572	-	90	219525044	66912
chr2	219458132	219658132	harbor1	chr2	219525244	219525453	SINE/MIR	625	-	104	219525348	67216
chr2	219458132	219658132	harbor1	chr2	219556978	219557162	SINE/MIR	569	-	92	219557070	98938
chr2	217888302	218088302	harbor1	chr2	217896002	217896233	SINE/MIR	694	-	116	217896118	7816
chr2	217888302	218088302	harbor1	chr2	217906561	217906739	SINE/MIR	644	-	89	217906650	18348
chr2	217888302	218088302	harbor1	chr2	217910798	217910971	SINE/MIR	497	-	86	217910884	22582
chr2	217888302	218088302	harbor1	chr2	217911551	217911776	SINE/MIR	586	-	112	217911663	23361
chr2	217888302	218088302	harbor1	chr2	217921752	217921969	SINE/MIR	868	-	108	217921860	33558
chr2	217888302	218088302	harbor1	chr2	217924605	217924799	SINE/MIR	542	-	97	217924702	36400
chr2	217888302	218088302	harbor1	chr2	217930146	217930330	SINE/MIR	489	-	92	217930238	41936
chr2	217888302	218088302	harbor1	chr2	217932529	217932675	SINE/MIR	534	-	73	217932602	44300
chr2	217888302	218088302	harbor1	chr2	217933998	217934182	SINE/MIR	601	-	92	217934090	45788
chr2	217888302	218088302	harbor1	chr2	217935798	217935952	SINE/MIR	464	-	77	217935875	47573
chr2	217888302	218088302	harbor1	chr2	217936783	217936924	SINE/MIR	564	-	70	217936853	48551
chr2	217888302	218088302	harbor1	chr2	217939060	217939291	SINE/MIR	879	-	116	217939176	50874
chr2	217888302	218088302	harbor1	chr2	217951357	217951506	SINE/MIR	499	-	74	217951431	63129
chr2	217888302	218088302	harbor1	chr2	217952159	217952405	SINE/MIR	558	-	123	217952282	63980
chr2	217888302	218088302	harbor1	chr2	217954419	217954638	SINE/MIR	448	-	110	217954529	66227
chr2	217888302	218088302	harbor1	chr2	217958534	217958744	SINE/MIR	548	-	105	217958639	70337
chr2	217888302	218088302	harbor1	chr2	217964200	217964428	SINE/MIR	506	-	114	217964314	76012
chr2	217888302	218088302	harbor1	chr2	217972057	217972310	SINE/MIR	789	-	126	217972183	83881
chr2	217888302	218088302	harbor1	chr2	217977572	217977801	SINE/MIR	837	-	114	217977686	89384
chr2	217888302	218088302	harbor1	chr2	217985285	217985405	SINE/MIR	577	-	60	217985345	97043
chr2	217888302	218088302	harbor1	chr2	217985721	217985833	SINE/MIR	577	-	56	217985777	97475
chr2	217888302	218088302	harbor1	chr2	217923383	217923585	SINE/MIR	737	-	101	217923484	35182
chr2	21176381	21376381	harbor1	chr2	21229562	21229774	SINE/MIR	501	-	106	21229668	53287
chr2	26403748	26603748	harbor1	chr2	26423711	26423939	SINE/MIR	557	-	114	26423825	20077
chr2	26403748	26603748	harbor1	chr2	26465305	26465419	SINE/MIR	481	-	57	26465362	61614
chr2	26403748	26603748	harbor1	chr2	26474716	26474918	SINE/MIR	650	-	101	26474817	71069
chr2	26403748	26603748	harbor1	chr2	26502742	26502916	SINE/MIR	452	-	87	26502829	99081
chr2	74415451	74615451	harbor1	chr2	74429082	74429302	SINE/MIR	635	-	110	74429192	13741
chr2	74415451	74615451	harbor1	chr2	74453409	74453660	SINE/MIR	548	-	126	74453535	38084
chr2	74415451	74615451	harbor1	chr2	74467216	74467435	SINE/MIR	748	-	110	74467326	51875
chr2	151310331	151510331	harbor1	chr2	151323908	151324096	SINE/MIR	513	-	94	151324002	13671
chr2	151310331	151510331	harbor1	chr2	151339904	151340133	SINE/MIR	557	-	114	151340018	29687
chr2	151310331	151510331	harbor1	chr2	151399975	151400230	SINE/MIR	761	-	128	151400103	89772
chr2	237589573	237789573	harbor1	chr2	237596306	237596386	SINE/MIR	447	-	40	237596346	6773
chr2	237589573	237789573	harbor1	chr2	237603187	237603304	SINE/MIR	565	-	58	237603245	13672
chr2	237589573	237789573	harbor1	chr2	237678859	237679036	SINE/MIR	577	-	88	237678947	89374
chr2	219077865	219277865	harbor1	chr2	219103641	219103856	SINE/MIR	687	-	108	219103749	25884
chr2	218773740	218973740	harbor1	chr2	218811789	218812028	SINE/MIR	696	-	120	218811909	38169
chr2	218773740	218973740	harbor1	chr2	218826660	218826779	SINE/MIR	442	-	60	218826720	52980
chr2	218773740	218973740	harbor1	chr2	218830983	218831150	SINE/MIR	616	-	84	218831067	57327
chr2	218773740	218973740	harbor1	chr2	218834349	218834595	SINE/MIR	633	-	123	218834472	60732
chr2	85502849	85702849	harbor1	chr2	85502794	85503052	SINE/MIR	474	-	129	85502923	74
chr2	85502849	85702849	harbor1	chr2	85523434	85523680	SINE/MIR	827	-	123	85523557	20708
chr2	85502849	85702849	harbor1	chr2	85537063	85537190	SINE/MIR	514	-	64	85537127	34278
chr2	85502849	85702849	harbor1	chr2	85587624	85587854	SINE/MIR	619	-	115	85587739	84890
chr2	56085032	56285032	harbor1	chr2	56107435	56107602	SINE/MIR	439	-	84	56107519	22487
chr2	56085032	56285032	harbor1	chr2	56117701	56117860	SINE/MIR	553	-	80	56117781	32749
chr2	46198453	46398453	harbor1	chr2	46281816	46281958	SINE/MIR	468	-	71	46281887	83434
chr2	46198453	46398453	harbor1	chr2	46285523	46285615	SINE/MIR	537	-	46	46285569	87116
chr2	46198453	46398453	harbor1	chr2	46285923	46286035	SINE/MIR	537	-	56	46285979	87526
chr2	46198517	46398517	harbor1	chr2	46281816	46281958	SINE/MIR	468	-	71	46281887	83370
chr2	46198517	46398517	harbor1	chr2	46285523	46285615	SINE/MIR	537	-	46	46285569	87052
chr2	46198517	46398517	harbor1	chr2	46285923	46286035	SINE/MIR	537	-	56	46285979	87462
chr2	113481247	113681247	harbor1	chr2	113513831	113514044	SINE/MIR	954	-	106	113513937	32690
chr2	113481247	113681247	harbor1	chr2	113536335	113536524	SINE/MIR	685	-	94	113536429	55182
chr2	113481247	113681247	harbor1	chr2	113570580	113570714	SINE/MIR	590	-	67	113570647	89400
chr2	113481247	113681247	harbor1	chr2	113580426	113580622	SINE/MIR	646	-	98	113580524	99277
chr2	45443610	45643610	harbor1	chr2	45515202	45515411	SINE/MIR	788	-	104	45515306	71696
chr2	45443610	45643610	harbor1	chr2	45515398	45515624	SINE/MIR	631	-	113	45515511	71901
chr2	45443610	45643610	harbor1	chr2	45519802	45520020	SINE/MIR	909	-	109	45519911	76301
chr2	45443610	45643610	harbor1	chr2	45527586	45527820	SINE/MIR	966	-	117	45527703	84093
chr2	219071902	219271902	harbor1	chr2	219103641	219103856	SINE/MIR	687	-	108	219103749	31847
chr2	200971419	201171419	harbor1	chr2	201014523	201014645	SINE/MIR	470	-	61	201014584	43165
chr2	200971419	201171419	harbor1	chr2	201041127	201041307	SINE/MIR	439	-	90	201041217	69798
chr2	46198560	46398560	harbor1	chr2	46281816	46281958	SINE/MIR	468	-	71	46281887	83327
chr2	46198560	46398560	harbor1	chr2	46285523	46285615	SINE/MIR	537	-	46	46285569	87009
chr2	46198560	46398560	harbor1	chr2	46285923	46286035	SINE/MIR	537	-	56	46285979	87419
chr2	72971209	73171209	harbor1	chr2	72972185	72972311	SINE/MIR	465	-	63	72972248	1039
chr2	72971209	73171209	harbor1	chr2	73029669	73029789	SINE/MIR	689	-	60	73029729	58520
chr2	72971209	73171209	harbor1	chr2	73030098	73030211	SINE/MIR	689	-	56	73030154	58945
chr2	72971209	73171209	harbor1	chr2	72990535	72990759	SINE/MIR	580	-	112	72990647	19438
chr2	158791034	158991034	harbor1	chr2	158825126	158825315	SINE/MIR	493	-	94	158825220	34186
chr2	158791034	158991034	harbor1	chr2	158845576	158845657	SINE/MIR	461	-	40	158845616	54582
chr2	26950213	27150213	harbor1	chr2	26963941	26964173	SINE/MIR	520	-	116	26964057	13844
chr2	26950213	27150213	harbor1	chr2	27015231	27015454	SINE/MIR	666	-	112	27015343	65130
chr2	26950213	27150213	harbor1	chr2	27036162	27036319	SINE/MIR	446	-	78	27036240	86027
chr2	74415403	74615403	harbor1	chr2	74429082	74429302	SINE/MIR	635	-	110	74429192	13789
chr2	74415403	74615403	harbor1	chr2	74453409	74453660	SINE/MIR	548	-	126	74453535	38132
chr2	74415403	74615403	harbor1	chr2	74467216	74467435	SINE/MIR	748	-	110	74467326	51923
chr2	42971427	43171427	harbor1	chr2	42996473	42996706	SINE/MIR	724	-	116	42996589	25162
chr2	42971427	43171427	harbor1	chr2	43059164	43059378	SINE/MIR	793	-	107	43059271	87844
chr2	42971427	43171427	harbor1	chr2	43060411	43060590	SINE/MIR	475	-	90	43060501	89074
chr2	42971427	43171427	harbor1	chr2	43064700	43064910	SINE/MIR	570	-	105	43064805	93378
chr2	42971427	43171427	harbor1	chr2	43065630	43065847	SINE/MIR	495	-	108	43065738	94311
chr2	42971427	43171427	harbor1	chr2	43068648	43068836	SINE/MIR	564	-	94	43068742	97315
chr2	74405689	74605689	harbor1	chr2	74429082	74429302	SINE/MIR	635	-	110	74429192	23503
chr2	74405689	74605689	harbor1	chr2	74453409	74453660	SINE/MIR	548	-	126	74453535	47846
chr2	74405689	74605689	harbor1	chr2	74467216	74467435	SINE/MIR	748	-	110	74467326	61637
chr2	231861900	232061900	harbor1	chr2	231943436	231943647	SINE/MIR	835	-	106	231943542	81642
chr2	231861900	232061900	harbor1	chr2	231956157	231956389	SINE/MIR	1070	-	116	231956273	94373
chr2	156336151	156536151	harbor1	chr2	156384513	156384740	SINE/MIR	638	-	114	156384627	48476
chr2	156336151	156536151	harbor1	chr2	156422986	156423203	SINE/MIR	738	-	108	156423094	86943
chr2	72787358	72987358	harbor1	chr2	72792590	72792739	SINE/MIR	489	-	74	72792664	5306
chr2	72787358	72987358	harbor1	chr2	72800208	72800404	SINE/MIR	636	-	98	72800306	12948
chr2	72787358	72987358	harbor1	chr2	72800555	72800766	SINE/MIR	786	-	106	72800661	13303
chr2	72787358	72987358	harbor1	chr2	72828898	72829132	SINE/MIR	540	-	117	72829015	41657
chr2	72787358	72987358	harbor1	chr2	72841093	72841323	SINE/MIR	624	-	115	72841208	53850
chr2	111023146	111223146	harbor1	chr2	111038066	111038272	SINE/MIR	459	-	103	111038169	15023
chr2	111023146	111223146	harbor1	chr2	111046233	111046378	SINE/MIR	536	-	72	111046305	23159
chr2	66131385	66331385	harbor1	chr2	66185073	66185271	SINE/MIR	497	-	99	66185172	53787
chr2	66131385	66331385	harbor1	chr2	66196572	66196811	SINE/MIR	763	-	120	66196692	65307
chr2	108438378	108638378	harbor1	chr2	108450121	108450275	SINE/MIR	498	-	77	108450198	11820
chr2	108438378	108638378	harbor1	chr2	108477306	108477552	SINE/MIR	607	-	123	108477429	39051
chr2	72787359	72987359	harbor1	chr2	72792590	72792739	SINE/MIR	489	-	74	72792664	5305
chr2	72787359	72987359	harbor1	chr2	72800208	72800404	SINE/MIR	636	-	98	72800306	12947
chr2	72787359	72987359	harbor1	chr2	72800555	72800766	SINE/MIR	786	-	106	72800661	13302
chr2	72787359	72987359	harbor1	chr2	72828898	72829132	SINE/MIR	540	-	117	72829015	41656
chr2	72787359	72987359	harbor1	chr2	72841093	72841323	SINE/MIR	624	-	115	72841208	53849
chr2	113454958	113654958	harbor1	chr2	113513831	113514044	SINE/MIR	954	-	106	113513937	58979
chr2	113454958	113654958	harbor1	chr2	113536335	113536524	SINE/MIR	685	-	94	113536429	81471
chr2	112640558	112840558	harbor1	chr2	112643438	112643634	SINE/MIR	725	-	98	112643536	2978
chr2	112640558	112840558	harbor1	chr2	112678549	112678716	SINE/MIR	454	-	84	112678633	38075
chr2	112640558	112840558	harbor1	chr2	112727244	112727358	SINE/MIR	469	-	57	112727301	86743
chr2	112640558	112840558	harbor1	chr2	112728657	112728890	SINE/MIR	691	-	116	112728773	88215
chr2	113484018	113684018	harbor1	chr2	113513831	113514044	SINE/MIR	954	-	106	113513937	29919
chr2	113484018	113684018	harbor1	chr2	113536335	113536524	SINE/MIR	685	-	94	113536429	52411
chr2	113484018	113684018	harbor1	chr2	113570580	113570714	SINE/MIR	590	-	67	113570647	86629
chr2	113484018	113684018	harbor1	chr2	113580426	113580622	SINE/MIR	646	-	98	113580524	96506
chr2	69729666	69929666	harbor1	chr2	69750976	69751216	SINE/MIR	652	-	120	69751096	21430
chr2	69729666	69929666	harbor1	chr2	69766302	69766547	SINE/MIR	566	-	122	69766424	36758
chr2	69729666	69929666	harbor1	chr2	69789129	69789314	SINE/MIR	579	-	92	69789221	59555
chr2	69729666	69929666	harbor1	chr2	69813197	69813249	SINE/MIR	779	-	26	69813223	83557
chr2	69729666	69929666	harbor1	chr2	69813551	69813735	SINE/MIR	779	-	92	69813643	83977
chr2	69729666	69929666	harbor1	chr2	69819484	69819722	SINE/MIR	736	-	119	69819603	89937
chr2	219392988	219592988	harbor1	chr2	219403702	219403932	SINE/MIR	867	-	115	219403817	10829
chr2	219392988	219592988	harbor1	chr2	219406471	219406653	SINE/MIR	708	-	91	219406562	13574
chr2	219392988	219592988	harbor1	chr2	219450196	219450419	SINE/MIR	554	-	112	219450308	57320
chr2	219392988	219592988	harbor1	chr2	219455138	219455281	SINE/MIR	509	-	72	219455210	62222
chr2	219392988	219592988	harbor1	chr2	219470108	219470364	SINE/MIR	528	-	128	219470236	77248
chr2	219392988	219592988	harbor1	chr2	219474402	219474630	SINE/MIR	856	-	114	219474516	81528
chr2	219392988	219592988	harbor1	chr2	219478279	219478469	SINE/MIR	693	-	95	219478374	85386
chr2	219392988	219592988	harbor1	chr2	219478813	219478964	SINE/MIR	457	-	76	219478889	85901
chr2	219392988	219592988	harbor1	chr2	219481740	219481892	SINE/MIR	463	-	76	219481816	88828
chr2	219392988	219592988	harbor1	chr2	219485612	219485838	SINE/MIR	535	-	113	219485725	92737
chr2	219392988	219592988	harbor1	chr2	219487379	219487545	SINE/MIR	451	-	83	219487462	94474
chr2	219392988	219592988	harbor1	chr2	219490084	219490317	SINE/MIR	754	-	116	219490200	97212
chr2	219392988	219592988	harbor1	chr2	219491044	219491220	SINE/MIR	533	-	88	219491132	98144
chr2	64294495	64494495	harbor1	chr2	64306538	64306752	SINE/MIR	578	-	107	64306645	12150
chr2	64294495	64494495	harbor1	chr2	64343271	64343463	SINE/MIR	575	-	96	64343367	48872
chr2	64294495	64494495	harbor1	chr2	64348218	64348454	SINE/MIR	521	-	118	64348336	53841
chr2	64294495	64494495	harbor1	chr2	64360738	64360972	SINE/MIR	721	-	117	64360855	66360
chr2	64294495	64494495	harbor1	chr2	64376325	64376594	SINE/MIR	939	-	134	64376459	81964
chr2	64294495	64494495	harbor1	chr2	64381602	64381861	SINE/MIR	966	-	130	64381732	87237
chr2	85502856	85702856	harbor1	chr2	85502794	85503052	SINE/MIR	474	-	129	85502923	67
chr2	85502856	85702856	harbor1	chr2	85523434	85523680	SINE/MIR	827	-	123	85523557	20701
chr2	85502856	85702856	harbor1	chr2	85537063	85537190	SINE/MIR	514	-	64	85537127	34271
chr2	85502856	85702856	harbor1	chr2	85587624	85587854	SINE/MIR	619	-	115	85587739	84883
chr2	74415978	74615978	harbor1	chr2	74429082	74429302	SINE/MIR	635	-	110	74429192	13214
chr2	74415978	74615978	harbor1	chr2	74453409	74453660	SINE/MIR	548	-	126	74453535	37557
chr2	74415978	74615978	harbor1	chr2	74467216	74467435	SINE/MIR	748	-	110	74467326	51348
chr2	2132316	2332316	harbor1	chr2	2181813	2181980	SINE/MIR	640	-	84	2181897	49581
chr2	219060085	219260085	harbor1	chr2	219062081	219062279	SINE/MIR	506	-	99	219062180	2095
chr2	219060085	219260085	harbor1	chr2	219103641	219103856	SINE/MIR	687	-	108	219103749	43664
chr2	43054951	43254951	harbor1	chr2	43059164	43059378	SINE/MIR	793	-	107	43059271	4320
chr2	43054951	43254951	harbor1	chr2	43060411	43060590	SINE/MIR	475	-	90	43060501	5550
chr2	43054951	43254951	harbor1	chr2	43064700	43064910	SINE/MIR	570	-	105	43064805	9854
chr2	43054951	43254951	harbor1	chr2	43065630	43065847	SINE/MIR	495	-	108	43065738	10787
chr2	43054951	43254951	harbor1	chr2	43068648	43068836	SINE/MIR	564	-	94	43068742	13791
chr2	43054951	43254951	harbor1	chr2	43081049	43081287	SINE/MIR	651	-	119	43081168	26217
chr2	43054951	43254951	harbor1	chr2	43092994	43093114	SINE/MIR	464	-	60	43093054	38103
chr2	43054951	43254951	harbor1	chr2	43111345	43111553	SINE/MIR	490	-	104	43111449	56498
chr2	43054951	43254951	harbor1	chr2	43111837	43111864	SINE/MIR	463	-	14	43111851	56900
chr2	43054951	43254951	harbor1	chr2	43124600	43124750	SINE/MIR	525	-	75	43124675	69724
chr2	43054951	43254951	harbor1	chr2	43128056	43128193	SINE/MIR	467	-	68	43128124	73173
chr2	204956154	205156154	harbor1	chr2	204966848	204967011	SINE/MIR	487	-	82	204966930	10776
chr2	204956154	205156154	harbor1	chr2	205047885	205048114	SINE/MIR	991	-	114	205047999	91845
chr2	95924862	96124862	harbor1	chr2	95981581	95981793	SINE/MIR	522	-	106	95981687	56825
chr2	175979808	176179808	harbor1	chr2	176061675	176061859	SINE/MIR	514	-	92	176061767	81959
chr2	175979808	176179808	harbor1	chr2	176066334	176066513	SINE/MIR	504	-	90	176066424	86616
chr2	89546776	89746776	harbor1	chr2	89563938	89564133	SINE/MIR	720	-	98	89564036	17260
chr2	89546776	89746776	harbor1	chr2	89570123	89570228	SINE/MIR	444	-	52	89570175	23399
chr2	89546776	89746776	harbor1	chr2	89596855	89596983	SINE/MIR	456	-	64	89596919	50143
chr2	89546776	89746776	harbor1	chr2	89638056	89638220	SINE/MIR	577	-	82	89638138	91362
chr2	74415961	74615961	harbor1	chr2	74429082	74429302	SINE/MIR	635	-	110	74429192	13231
chr2	74415961	74615961	harbor1	chr2	74453409	74453660	SINE/MIR	548	-	126	74453535	37574
chr2	74415961	74615961	harbor1	chr2	74467216	74467435	SINE/MIR	748	-	110	74467326	51365
chr2	11244853	11444853	harbor1	chr2	11251343	11251505	SINE/MIR	597	-	81	11251424	6571
chr2	239594717	239794717	harbor1	chr2	239679444	239679624	SINE/MIR	457	-	90	239679534	84817
chr2	219060809	219260809	harbor1	chr2	219062081	219062279	SINE/MIR	506	-	99	219062180	1371
chr2	219060809	219260809	harbor1	chr2	219103641	219103856	SINE/MIR	687	-	108	219103749	42940
chr2	119120408	119320408	harbor1	chr2	119123071	119123271	SINE/MIR	521	-	100	119123171	2763
chr2	119120408	119320408	harbor1	chr2	119130653	119130874	SINE/MIR	585	-	110	119130763	10355
chr2	119120408	119320408	harbor1	chr2	119164222	119164353	SINE/MIR	449	-	66	119164288	43880
chr2	119120408	119320408	harbor1	chr2	119175406	119175585	SINE/MIR	690	-	90	119175496	55088
chr2	119120408	119320408	harbor1	chr2	119199812	119199899	SINE/MIR	537	-	44	119199856	79448
chr2	119120408	119320408	harbor1	chr2	119200523	119200611	SINE/MIR	537	-	44	119200567	80159
chr2	60966422	61166422	harbor1	chr2	61032484	61032705	SINE/MIR	709	-	110	61032594	66172
chr2	60966422	61166422	harbor1	chr2	61046523	61046765	SINE/MIR	759	-	121	61046644	80222
chr2	61805680	62005680	harbor1	chr2	61871703	61871876	SINE/MIR	578	-	86	61871789	66109
chr2	61805680	62005680	harbor1	chr2	61877888	61878098	SINE/MIR	561	-	105	61877993	72313
chr2	74415475	74615475	harbor1	chr2	74429082	74429302	SINE/MIR	635	-	110	74429192	13717
chr2	74415475	74615475	harbor1	chr2	74453409	74453660	SINE/MIR	548	-	126	74453535	38060
chr2	74415475	74615475	harbor1	chr2	74467216	74467435	SINE/MIR	748	-	110	74467326	51851
chr2	74415962	74615962	harbor1	chr2	74429082	74429302	SINE/MIR	635	-	110	74429192	13230
chr2	74415962	74615962	harbor1	chr2	74453409	74453660	SINE/MIR	548	-	126	74453535	37573
chr2	74415962	74615962	harbor1	chr2	74467216	74467435	SINE/MIR	748	-	110	74467326	51364
chr2	70771714	70971714	harbor1	chr2	70784393	70784610	SINE/MIR	702	-	108	70784501	12787
chr2	70771714	70971714	harbor1	chr2	70800396	70800615	SINE/MIR	620	-	110	70800506	28792
chr2	70771714	70971714	harbor1	chr2	70815542	70815758	SINE/MIR	613	-	108	70815650	43936
chr2	70771714	70971714	harbor1	chr2	70864960	70865201	SINE/MIR	705	-	120	70865080	93366
chr2	232203322	232403322	harbor1	chr2	232283093	232283257	SINE/MIR	469	-	82	232283175	79853
chr2	232203322	232403322	harbor1	chr2	232301052	232301251	SINE/MIR	605	-	100	232301152	97830
chr2	218914258	219114258	harbor1	chr2	218925293	218925478	SINE/MIR	625	-	92	218925385	11127
chr2	218914258	219114258	harbor1	chr2	218956451	218956573	SINE/MIR	451	-	61	218956512	42254
chr2	218914258	219114258	harbor1	chr2	218974525	218974729	SINE/MIR	701	-	102	218974627	60369
chr2	218914258	219114258	harbor1	chr2	218977175	218977342	SINE/MIR	446	-	84	218977259	63001
chr2	218914258	219114258	harbor1	chr2	218995012	218995180	SINE/MIR	499	-	84	218995096	80838
chr2	218914258	219114258	harbor1	chr2	219007676	219007794	SINE/MIR	495	-	59	219007735	93477
chr2	53759983	53959983	harbor1	chr2	53762319	53762453	SINE/MIR	440	-	67	53762386	2403
chr2	53759983	53959983	harbor1	chr2	53811564	53811785	SINE/MIR	915	-	110	53811674	51691
chr2	53759983	53959983	harbor1	chr2	53857963	53858169	SINE/MIR	747	-	103	53858066	98083
chr2	42069583	42269583	harbor1	chr2	42104474	42104672	SINE/MIR	532	-	99	42104573	34990
chr2	42069583	42269583	harbor1	chr2	42131594	42131840	SINE/MIR	664	-	123	42131717	62134
chr2	42069583	42269583	harbor1	chr2	42145207	42145327	SINE/MIR	714	-	60	42145267	75684
chr2	42069583	42269583	harbor1	chr2	42145638	42145784	SINE/MIR	714	-	73	42145711	76128
chr2	42069583	42269583	harbor1	chr2	42147251	42147483	SINE/MIR	849	-	116	42147367	77784
chr2	42069583	42269583	harbor1	chr2	42167256	42167505	SINE/MIR	895	-	124	42167380	97797
chr2	158868003	159068003	harbor1	chr2	158953753	158953927	SINE/MIR	582	-	87	158953840	85837
chr2	158868003	159068003	harbor1	chr2	158964506	158964743	SINE/MIR	496	-	118	158964624	96621
chr2	43126586	43326586	harbor1	chr2	43128056	43128193	SINE/MIR	467	-	68	43128124	1538
chr2	43126586	43326586	harbor1	chr2	43156239	43156438	SINE/MIR	617	-	100	43156339	29753
chr2	43126586	43326586	harbor1	chr2	43156740	43156750	SINE/MIR	617	-	5	43156745	30159
chr2	43126586	43326586	harbor1	chr2	43157030	43157063	SINE/MIR	617	-	16	43157046	30460
chr2	43126586	43326586	harbor1	chr2	43163428	43163578	SINE/MIR	525	-	75	43163503	36917
chr2	43126586	43326586	harbor1	chr2	43192016	43192238	SINE/MIR	725	-	111	43192127	65541
chr2	43126586	43326586	harbor1	chr2	43193898	43194069	SINE/MIR	655	-	86	43193984	67398
chr2	43126586	43326586	harbor1	chr2	43195309	43195479	SINE/MIR	441	-	85	43195394	68808
chr2	43126586	43326586	harbor1	chr2	43209078	43209302	SINE/MIR	500	-	112	43209190	82604
chr2	43126586	43326586	harbor1	chr2	43216100	43216297	SINE/MIR	687	-	98	43216198	89612
chr2	43126586	43326586	harbor1	chr2	43171812	43172002	SINE/MIR	510	-	95	43171907	45321
chr2	72971106	73171106	harbor1	chr2	72972185	72972311	SINE/MIR	465	-	63	72972248	1142
chr2	72971106	73171106	harbor1	chr2	73029669	73029789	SINE/MIR	689	-	60	73029729	58623
chr2	72971106	73171106	harbor1	chr2	73030098	73030211	SINE/MIR	689	-	56	73030154	59048
chr2	72971106	73171106	harbor1	chr2	72990535	72990759	SINE/MIR	580	-	112	72990647	19541
chr2	27395167	27595167	harbor1	chr2	27464255	27464502	SINE/MIR	521	-	124	27464379	69212
chr2	27395167	27595167	harbor1	chr2	27475613	27475781	SINE/MIR	480	-	84	27475697	80530
chr2	27395167	27595167	harbor1	chr2	27487380	27487586	SINE/MIR	791	-	103	27487483	92316
chr2	27395167	27595167	harbor1	chr2	27490132	27490336	SINE/MIR	503	-	102	27490234	95067
chr2	26957504	27157504	harbor1	chr2	26963941	26964173	SINE/MIR	520	-	116	26964057	6553
chr2	26957504	27157504	harbor1	chr2	27015231	27015454	SINE/MIR	666	-	112	27015343	57839
chr2	26957504	27157504	harbor1	chr2	27036162	27036319	SINE/MIR	446	-	78	27036240	78736
chr2	28770576	28970576	harbor1	chr2	28808790	28809003	SINE/MIR	484	-	106	28808896	38320
chr2	28770576	28970576	harbor1	chr2	28824954	28825183	SINE/MIR	705	-	114	28825068	54492
chr2	28770576	28970576	harbor1	chr2	28837562	28837746	SINE/MIR	631	-	92	28837654	67078
chr2	28770576	28970576	harbor1	chr2	28839097	28839264	SINE/MIR	776	-	84	28839181	68605
chr2	28770576	28970576	harbor1	chr2	28841925	28842166	SINE/MIR	556	-	120	28842045	71469
chr2	28770576	28970576	harbor1	chr2	28857530	28857691	SINE/MIR	815	-	80	28857610	87034
chr2	43055485	43255485	harbor1	chr2	43059164	43059378	SINE/MIR	793	-	107	43059271	3786
chr2	43055485	43255485	harbor1	chr2	43060411	43060590	SINE/MIR	475	-	90	43060501	5016
chr2	43055485	43255485	harbor1	chr2	43064700	43064910	SINE/MIR	570	-	105	43064805	9320
chr2	43055485	43255485	harbor1	chr2	43065630	43065847	SINE/MIR	495	-	108	43065738	10253
chr2	43055485	43255485	harbor1	chr2	43068648	43068836	SINE/MIR	564	-	94	43068742	13257
chr2	43055485	43255485	harbor1	chr2	43081049	43081287	SINE/MIR	651	-	119	43081168	25683
chr2	43055485	43255485	harbor1	chr2	43092994	43093114	SINE/MIR	464	-	60	43093054	37569
chr2	43055485	43255485	harbor1	chr2	43111345	43111553	SINE/MIR	490	-	104	43111449	55964
chr2	43055485	43255485	harbor1	chr2	43111837	43111864	SINE/MIR	463	-	14	43111851	56366
chr2	43055485	43255485	harbor1	chr2	43124600	43124750	SINE/MIR	525	-	75	43124675	69190
chr2	43055485	43255485	harbor1	chr2	43128056	43128193	SINE/MIR	467	-	68	43128124	72639
chr2	46198514	46398514	harbor1	chr2	46281816	46281958	SINE/MIR	468	-	71	46281887	83373
chr2	46198514	46398514	harbor1	chr2	46285523	46285615	SINE/MIR	537	-	46	46285569	87055
chr2	46198514	46398514	harbor1	chr2	46285923	46286035	SINE/MIR	537	-	56	46285979	87465
chr2	42069420	42269420	harbor1	chr2	42104474	42104672	SINE/MIR	532	-	99	42104573	35153
chr2	42069420	42269420	harbor1	chr2	42131594	42131840	SINE/MIR	664	-	123	42131717	62297
chr2	42069420	42269420	harbor1	chr2	42145207	42145327	SINE/MIR	714	-	60	42145267	75847
chr2	42069420	42269420	harbor1	chr2	42145638	42145784	SINE/MIR	714	-	73	42145711	76291
chr2	42069420	42269420	harbor1	chr2	42147251	42147483	SINE/MIR	849	-	116	42147367	77947
chr2	42069420	42269420	harbor1	chr2	42167256	42167505	SINE/MIR	895	-	124	42167380	97960
chr2	219458026	219658026	harbor1	chr2	219470108	219470364	SINE/MIR	528	-	128	219470236	12210
chr2	219458026	219658026	harbor1	chr2	219474402	219474630	SINE/MIR	856	-	114	219474516	16490
chr2	219458026	219658026	harbor1	chr2	219478279	219478469	SINE/MIR	693	-	95	219478374	20348
chr2	219458026	219658026	harbor1	chr2	219478813	219478964	SINE/MIR	457	-	76	219478889	20863
chr2	219458026	219658026	harbor1	chr2	219481740	219481892	SINE/MIR	463	-	76	219481816	23790
chr2	219458026	219658026	harbor1	chr2	219485612	219485838	SINE/MIR	535	-	113	219485725	27699
chr2	219458026	219658026	harbor1	chr2	219487379	219487545	SINE/MIR	451	-	83	219487462	29436
chr2	219458026	219658026	harbor1	chr2	219490084	219490317	SINE/MIR	754	-	116	219490200	32174
chr2	219458026	219658026	harbor1	chr2	219491044	219491220	SINE/MIR	533	-	88	219491132	33106
chr2	219458026	219658026	harbor1	chr2	219497481	219497624	SINE/MIR	460	-	72	219497553	39527
chr2	219458026	219658026	harbor1	chr2	219524954	219525135	SINE/MIR	572	-	90	219525044	67018
chr2	219458026	219658026	harbor1	chr2	219525244	219525453	SINE/MIR	625	-	104	219525348	67322
chr2	219458026	219658026	harbor1	chr2	219556978	219557162	SINE/MIR	569	-	92	219557070	99044
chr2	43118487	43318487	harbor1	chr2	43124600	43124750	SINE/MIR	525	-	75	43124675	6188
chr2	43118487	43318487	harbor1	chr2	43128056	43128193	SINE/MIR	467	-	68	43128124	9637
chr2	43118487	43318487	harbor1	chr2	43156239	43156438	SINE/MIR	617	-	100	43156339	37852
chr2	43118487	43318487	harbor1	chr2	43156740	43156750	SINE/MIR	617	-	5	43156745	38258
chr2	43118487	43318487	harbor1	chr2	43157030	43157063	SINE/MIR	617	-	16	43157046	38559
chr2	43118487	43318487	harbor1	chr2	43163428	43163578	SINE/MIR	525	-	75	43163503	45016
chr2	43118487	43318487	harbor1	chr2	43192016	43192238	SINE/MIR	725	-	111	43192127	73640
chr2	43118487	43318487	harbor1	chr2	43193898	43194069	SINE/MIR	655	-	86	43193984	75497
chr2	43118487	43318487	harbor1	chr2	43195309	43195479	SINE/MIR	441	-	85	43195394	76907
chr2	43118487	43318487	harbor1	chr2	43209078	43209302	SINE/MIR	500	-	112	43209190	90703
chr2	43118487	43318487	harbor1	chr2	43216100	43216297	SINE/MIR	687	-	98	43216198	97711
chr2	43118487	43318487	harbor1	chr2	43171812	43172002	SINE/MIR	510	-	95	43171907	53420
chr2	60966462	61166462	harbor1	chr2	61032484	61032705	SINE/MIR	709	-	110	61032594	66132
chr2	60966462	61166462	harbor1	chr2	61046523	61046765	SINE/MIR	759	-	121	61046644	80182
chr2	72856127	73056127	harbor1	chr2	72903636	72903798	SINE/MIR	556	-	81	72903717	47590
chr2	236586213	236786213	harbor1	chr2	236675569	236675695	SINE/MIR	457	-	63	236675632	89419
chr2	24693648	24893648	harbor1	chr2	24764048	24764283	SINE/MIR	856	-	118	24764166	70518
chr2	24693648	24893648	harbor1	chr2	24787045	24787232	SINE/MIR	527	-	94	24787139	93491
chr2	217614103	217814103	harbor1	chr2	217645218	217645411	SINE/MIR	643	-	96	217645314	31211
chr2	217614103	217814103	harbor1	chr2	217710699	217710892	SINE/MIR	477	-	96	217710795	96692
chr2	160393135	160593135	harbor1	chr2	160413722	160413919	SINE/MIR	606	-	98	160413820	20685
chr2	160393135	160593135	harbor1	chr2	160444405	160444616	SINE/MIR	659	-	106	160444511	51376
chr2	160393135	160593135	harbor1	chr2	160445016	160445027	SINE/MIR	659	-	6	160445022	51887
chr2	160393135	160593135	harbor1	chr2	160460358	160460488	SINE/MIR	446	-	65	160460423	67288
chr2	94934942	95134942	harbor1	chr2	95017444	95017638	SINE/MIR	651	-	97	95017541	82599
chr2	97564374	97764374	harbor1	chr2	97579796	97579997	SINE/MIR	559	-	100	97579896	15522
chr2	111955759	112155759	harbor1	chr2	111988573	111988663	SINE/MIR	474	-	45	111988618	32859
chr2	111955759	112155759	harbor1	chr2	111988954	111989086	SINE/MIR	474	-	66	111989020	33261
chr2	111955759	112155759	harbor1	chr2	112030395	112030562	SINE/MIR	457	-	84	112030479	74720
chr2	217374869	217574869	harbor1	chr2	217399895	217400103	SINE/MIR	454	-	104	217399999	25130
chr2	217374869	217574869	harbor1	chr2	217403670	217403829	SINE/MIR	450	-	80	217403750	28881
chr2	217374869	217574869	harbor1	chr2	217404394	217404755	SINE/MIR	514	-	180	217404574	29705
chr2	217374869	217574869	harbor1	chr2	217439293	217439427	SINE/MIR	709	-	67	217439360	64491
chr2	217374869	217574869	harbor1	chr2	217439729	217439836	SINE/MIR	709	-	54	217439783	64914
chr2	217374869	217574869	harbor1	chr2	217463688	217463849	SINE/MIR	512	-	80	217463768	88899
chr2	112779792	112979792	harbor1	chr2	112786999	112787205	SINE/MIR	444	-	103	112787102	7310
chr2	112779792	112979792	harbor1	chr2	112787834	112787985	SINE/MIR	518	-	76	112787910	8118
chr2	112779792	112979792	harbor1	chr2	112841014	112841229	SINE/MIR	455	-	108	112841122	61330
chr2	112779792	112979792	harbor1	chr2	112871732	112871862	SINE/MIR	482	-	65	112871797	92005
chr2	26403834	26603834	harbor1	chr2	26423711	26423939	SINE/MIR	557	-	114	26423825	19991
chr2	26403834	26603834	harbor1	chr2	26465305	26465419	SINE/MIR	481	-	57	26465362	61528
chr2	26403834	26603834	harbor1	chr2	26474716	26474918	SINE/MIR	650	-	101	26474817	70983
chr2	26403834	26603834	harbor1	chr2	26502742	26502916	SINE/MIR	452	-	87	26502829	98995
chr2	219077829	219277829	harbor1	chr2	219103641	219103856	SINE/MIR	687	-	108	219103749	25920
chr2	26950239	27150239	harbor1	chr2	26963941	26964173	SINE/MIR	520	-	116	26964057	13818
chr2	26950239	27150239	harbor1	chr2	27015231	27015454	SINE/MIR	666	-	112	27015343	65104
chr2	26950239	27150239	harbor1	chr2	27036162	27036319	SINE/MIR	446	-	78	27036240	86001
chr2	217726903	217926903	harbor1	chr2	217742765	217742973	SINE/MIR	626	-	104	217742869	15966
chr2	217726903	217926903	harbor1	chr2	217788105	217788319	SINE/MIR	484	-	107	217788212	61309
chr2	217726903	217926903	harbor1	chr2	217792930	217793183	SINE/MIR	1047	-	126	217793056	66153
chr2	217726903	217926903	harbor1	chr2	217818923	217819057	SINE/MIR	515	-	67	217818990	92087
chr3	127489937	127689937	harbor1	chr3	127490255	127490401	SINE/MIR	550	-	73	127490328	391
chr3	127489937	127689937	harbor1	chr3	127492258	127492490	SINE/MIR	490	-	116	127492374	2437
chr3	127489937	127689937	harbor1	chr3	127537880	127538047	SINE/MIR	627	-	84	127537964	48027
chr3	127489937	127689937	harbor1	chr3	127562135	127562292	SINE/MIR	424	-	78	127562213	72276
chr3	138334620	138534620	harbor1	chr3	138353734	138353957	SINE/MIR	622	-	112	138353846	19226
chr3	138334620	138534620	harbor1	chr3	138364337	138364510	SINE/MIR	478	-	86	138364423	29803
chr3	138334620	138534620	harbor1	chr3	138367254	138367443	SINE/MIR	441	-	94	138367348	32728
chr3	138334620	138534620	harbor1	chr3	138396212	138396395	SINE/MIR	445	-	92	138396304	61684
chr3	138334620	138534620	harbor1	chr3	138412643	138412857	SINE/MIR	633	-	107	138412750	78130
chr3	138334620	138534620	harbor1	chr3	138429865	138430043	SINE/MIR	421	-	89	138429954	95334
chr3	107991341	108191341	harbor1	chr3	107991597	107991715	SINE/MIR	441	-	59	107991656	315
chr3	107991341	108191341	harbor1	chr3	108001756	108001881	SINE/MIR	446	-	62	108001818	10477
chr3	107991341	108191341	harbor1	chr3	108038306	108038477	SINE/MIR	431	-	86	108038392	47051
chr3	107991308	108191308	harbor1	chr3	107991597	107991715	SINE/MIR	441	-	59	107991656	348
chr3	107991308	108191308	harbor1	chr3	108001756	108001881	SINE/MIR	446	-	62	108001818	10510
chr3	107991308	108191308	harbor1	chr3	108038306	108038477	SINE/MIR	431	-	86	108038392	47084
chr3	107991371	108191371	harbor1	chr3	107991597	107991715	SINE/MIR	441	-	59	107991656	285
chr3	107991371	108191371	harbor1	chr3	108001756	108001881	SINE/MIR	446	-	62	108001818	10447
chr3	107991371	108191371	harbor1	chr3	108038306	108038477	SINE/MIR	431	-	86	108038392	47021
chr3	107991316	108191316	harbor1	chr3	107991597	107991715	SINE/MIR	441	-	59	107991656	340
chr3	107991316	108191316	harbor1	chr3	108001756	108001881	SINE/MIR	446	-	62	108001818	10502
chr3	107991316	108191316	harbor1	chr3	108038306	108038477	SINE/MIR	431	-	86	108038392	47076
chr3	9817202	10017202	harbor1	chr3	9828399	9828671	SINE/MIR	414	-	136	9828535	11333
chr3	9817202	10017202	harbor1	chr3	9834315	9834538	SINE/MIR	685	-	112	9834427	17225
chr3	9817202	10017202	harbor1	chr3	9837812	9837985	SINE/MIR	475	-	86	9837898	20696
chr3	107991276	108191276	harbor1	chr3	107991597	107991715	SINE/MIR	441	-	59	107991656	380
chr3	107991276	108191276	harbor1	chr3	108001756	108001881	SINE/MIR	446	-	62	108001818	10542
chr3	107991276	108191276	harbor1	chr3	108038306	108038477	SINE/MIR	431	-	86	108038392	47116
chr3	107991357	108191357	harbor1	chr3	107991597	107991715	SINE/MIR	441	-	59	107991656	299
chr3	107991357	108191357	harbor1	chr3	108001756	108001881	SINE/MIR	446	-	62	108001818	10461
chr3	107991357	108191357	harbor1	chr3	108038306	108038477	SINE/MIR	431	-	86	108038392	47035
chr3	107991312	108191312	harbor1	chr3	107991597	107991715	SINE/MIR	441	-	59	107991656	344
chr3	107991312	108191312	harbor1	chr3	108001756	108001881	SINE/MIR	446	-	62	108001818	10506
chr3	107991312	108191312	harbor1	chr3	108038306	108038477	SINE/MIR	431	-	86	108038392	47080
chr3	51939476	52139476	harbor1	chr3	51971054	51971232	SINE/MIR	454	-	89	51971143	31667
chr3	51939476	52139476	harbor1	chr3	52017290	52017510	SINE/MIR	456	-	110	52017400	77924
chr3	51939476	52139476	harbor1	chr3	52031106	52031278	SINE/MIR	474	-	86	52031192	91716
chr3	51939476	52139476	harbor1	chr3	52032612	52032787	SINE/MIR	465	-	88	52032700	93224
chr3	107991310	108191310	harbor1	chr3	107991597	107991715	SINE/MIR	441	-	59	107991656	346
chr3	107991310	108191310	harbor1	chr3	108001756	108001881	SINE/MIR	446	-	62	108001818	10508
chr3	107991310	108191310	harbor1	chr3	108038306	108038477	SINE/MIR	431	-	86	108038392	47082
chr3	107991337	108191337	harbor1	chr3	107991597	107991715	SINE/MIR	441	-	59	107991656	319
chr3	107991337	108191337	harbor1	chr3	108001756	108001881	SINE/MIR	446	-	62	108001818	10481
chr3	107991337	108191337	harbor1	chr3	108038306	108038477	SINE/MIR	431	-	86	108038392	47055
chr3	107991338	108191338	harbor1	chr3	107991597	107991715	SINE/MIR	441	-	59	107991656	318
chr3	107991338	108191338	harbor1	chr3	108001756	108001881	SINE/MIR	446	-	62	108001818	10480
chr3	107991338	108191338	harbor1	chr3	108038306	108038477	SINE/MIR	431	-	86	108038392	47054
chr3	107991370	108191370	harbor1	chr3	107991597	107991715	SINE/MIR	441	-	59	107991656	286
chr3	107991370	108191370	harbor1	chr3	108001756	108001881	SINE/MIR	446	-	62	108001818	10448
chr3	107991370	108191370	harbor1	chr3	108038306	108038477	SINE/MIR	431	-	86	108038392	47022
chr3	107991302	108191302	harbor1	chr3	107991597	107991715	SINE/MIR	441	-	59	107991656	354
chr3	107991302	108191302	harbor1	chr3	108001756	108001881	SINE/MIR	446	-	62	108001818	10516
chr3	107991302	108191302	harbor1	chr3	108038306	108038477	SINE/MIR	431	-	86	108038392	47090
chr3	42586603	42786603	harbor1	chr3	42669909	42670067	SINE/MIR	416	-	79	42669988	83385
chr3	156989205	157189205	harbor1	chr3	157029344	157029470	SINE/MIR	423	-	63	157029407	40202
chr3	156989205	157189205	harbor1	chr3	157047220	157047392	SINE/MIR	516	-	86	157047306	58101
chr3	156989205	157189205	harbor1	chr3	157056211	157056401	SINE/MIR	502	-	95	157056306	67101
chr3	107991361	108191361	harbor1	chr3	107991597	107991715	SINE/MIR	441	-	59	107991656	295
chr3	107991361	108191361	harbor1	chr3	108001756	108001881	SINE/MIR	446	-	62	108001818	10457
chr3	107991361	108191361	harbor1	chr3	108038306	108038477	SINE/MIR	431	-	86	108038392	47031
chr3	107991380	108191380	harbor1	chr3	107991597	107991715	SINE/MIR	441	-	59	107991656	276
chr3	107991380	108191380	harbor1	chr3	108001756	108001881	SINE/MIR	446	-	62	108001818	10438
chr3	107991380	108191380	harbor1	chr3	108038306	108038477	SINE/MIR	431	-	86	108038392	47012
chr3	46799563	46999563	harbor1	chr3	46890420	46890496	SINE/MIR	478	-	38	46890458	90895
chr3	46799563	46999563	harbor1	chr3	46890801	46890927	SINE/MIR	478	-	63	46890864	91301
chr3	52405285	52605285	harbor1	chr3	52457034	52457247	SINE/MIR	473	-	106	52457140	51855
chr3	52405285	52605285	harbor1	chr3	52472916	52473160	SINE/MIR	687	-	122	52473038	67753
chr3	51939463	52139463	harbor1	chr3	51971054	51971232	SINE/MIR	454	-	89	51971143	31680
chr3	51939463	52139463	harbor1	chr3	52017290	52017510	SINE/MIR	456	-	110	52017400	77937
chr3	51939463	52139463	harbor1	chr3	52031106	52031278	SINE/MIR	474	-	86	52031192	91729
chr3	51939463	52139463	harbor1	chr3	52032612	52032787	SINE/MIR	465	-	88	52032700	93237
chr3	49775590	49975590	harbor1	chr3	49841572	49841747	SINE/MIR	597	-	88	49841660	66070
chr3	107991451	108191451	harbor1	chr3	107991597	107991715	SINE/MIR	441	-	59	107991656	205
chr3	107991451	108191451	harbor1	chr3	108001756	108001881	SINE/MIR	446	-	62	108001818	10367
chr3	107991451	108191451	harbor1	chr3	108038306	108038477	SINE/MIR	431	-	86	108038392	46941
chr3	51939471	52139471	harbor1	chr3	51971054	51971232	SINE/MIR	454	-	89	51971143	31672
chr3	51939471	52139471	harbor1	chr3	52017290	52017510	SINE/MIR	456	-	110	52017400	77929
chr3	51939471	52139471	harbor1	chr3	52031106	52031278	SINE/MIR	474	-	86	52031192	91721
chr3	51939471	52139471	harbor1	chr3	52032612	52032787	SINE/MIR	465	-	88	52032700	93229
chr3	49829994	50029994	harbor1	chr3	49841572	49841747	SINE/MIR	597	-	88	49841660	11666
chr3	49829994	50029994	harbor1	chr3	49880398	49880615	SINE/MIR	517	-	108	49880506	50512
chr3	49829994	50029994	harbor1	chr3	49888743	49888852	SINE/MIR	441	-	54	49888797	58803
chr3	49829994	50029994	harbor1	chr3	49894651	49894777	SINE/MIR	537	-	63	49894714	64720
chr3	49829994	50029994	harbor1	chr3	49915040	49915229	SINE/MIR	463	-	94	49915134	85140
chr3	129021155	129221155	harbor1	chr3	129056006	129056225	SINE/MIR	738	-	110	129056116	34961
chr3	129021155	129221155	harbor1	chr3	129117256	129117408	SINE/MIR	486	-	76	129117332	96177
chr3	51939481	52139481	harbor1	chr3	51971054	51971232	SINE/MIR	454	-	89	51971143	31662
chr3	51939481	52139481	harbor1	chr3	52017290	52017510	SINE/MIR	456	-	110	52017400	77919
chr3	51939481	52139481	harbor1	chr3	52031106	52031278	SINE/MIR	474	-	86	52031192	91711
chr3	51939481	52139481	harbor1	chr3	52032612	52032787	SINE/MIR	465	-	88	52032700	93219
chr3	107991298	108191298	harbor1	chr3	107991597	107991715	SINE/MIR	441	-	59	107991656	358
chr3	107991298	108191298	harbor1	chr3	108001756	108001881	SINE/MIR	446	-	62	108001818	10520
chr3	107991298	108191298	harbor1	chr3	108038306	108038477	SINE/MIR	431	-	86	108038392	47094
chr3	52222004	52422004	harbor1	chr3	52241137	52241264	SINE/MIR	543	-	64	52241201	19197
chr3	147453950	147653950	harbor1	chr3	147454550	147454760	SINE/MIR	561	-	105	147454655	705
chr3	147453950	147653950	harbor1	chr3	147503339	147503493	SINE/MIR	431	-	77	147503416	49466
chr3	161005424	161205424	harbor1	chr3	161029177	161029394	SINE/MIR	456	-	108	161029285	23861
chr3	161005424	161205424	harbor1	chr3	161067531	161067763	SINE/MIR	560	-	116	161067647	62223
chr3	161005424	161205424	harbor1	chr3	161068092	161068328	SINE/MIR	617	-	118	161068210	62786
chr3	107991375	108191375	harbor1	chr3	107991597	107991715	SINE/MIR	441	-	59	107991656	281
chr3	107991375	108191375	harbor1	chr3	108001756	108001881	SINE/MIR	446	-	62	108001818	10443
chr3	107991375	108191375	harbor1	chr3	108038306	108038477	SINE/MIR	431	-	86	108038392	47017
chr3	107991366	108191366	harbor1	chr3	107991597	107991715	SINE/MIR	441	-	59	107991656	290
chr3	107991366	108191366	harbor1	chr3	108001756	108001881	SINE/MIR	446	-	62	108001818	10452
chr3	107991366	108191366	harbor1	chr3	108038306	108038477	SINE/MIR	431	-	86	108038392	47026
chr3	107991309	108191309	harbor1	chr3	107991597	107991715	SINE/MIR	441	-	59	107991656	347
chr3	107991309	108191309	harbor1	chr3	108001756	108001881	SINE/MIR	446	-	62	108001818	10509
chr3	107991309	108191309	harbor1	chr3	108038306	108038477	SINE/MIR	431	-	86	108038392	47083
chr3	43899206	44099206	harbor1	chr3	43902060	43902222	SINE/MIR	469	-	81	43902141	2935
chr3	43899206	44099206	harbor1	chr3	43965127	43965253	SINE/MIR	421	-	63	43965190	65984
chr3	47681961	47881961	harbor1	chr3	47712526	47712741	SINE/MIR	563	-	108	47712634	30673
chr3	107991277	108191277	harbor1	chr3	107991597	107991715	SINE/MIR	441	-	59	107991656	379
chr3	107991277	108191277	harbor1	chr3	108001756	108001881	SINE/MIR	446	-	62	108001818	10541
chr3	107991277	108191277	harbor1	chr3	108038306	108038477	SINE/MIR	431	-	86	108038392	47115
chr3	124721335	124921335	harbor1	chr3	124774805	124775040	SINE/MIR	712	-	118	124774923	53588
chr3	124721335	124921335	harbor1	chr3	124782085	124782340	SINE/MIR	977	-	128	124782213	60878
chr3	124721335	124921335	harbor1	chr3	124799589	124799763	SINE/MIR	435	-	87	124799676	78341
chr3	125916736	126116736	harbor1	chr3	125954417	125954623	SINE/MIR	539	-	103	125954520	37784
chr3	125916736	126116736	harbor1	chr3	125991209	125991442	SINE/MIR	657	-	116	125991325	74589
chr3	125916736	126116736	harbor1	chr3	125943623	125943831	SINE/MIR	804	-	104	125943727	26991
chr3	51939504	52139504	harbor1	chr3	51971054	51971232	SINE/MIR	454	-	89	51971143	31639
chr3	51939504	52139504	harbor1	chr3	52017290	52017510	SINE/MIR	456	-	110	52017400	77896
chr3	51939504	52139504	harbor1	chr3	52031106	52031278	SINE/MIR	474	-	86	52031192	91688
chr3	51939504	52139504	harbor1	chr3	52032612	52032787	SINE/MIR	465	-	88	52032700	93196
chr3	107991343	108191343	harbor1	chr3	107991597	107991715	SINE/MIR	441	-	59	107991656	313
chr3	107991343	108191343	harbor1	chr3	108001756	108001881	SINE/MIR	446	-	62	108001818	10475
chr3	107991343	108191343	harbor1	chr3	108038306	108038477	SINE/MIR	431	-	86	108038392	47049
chr3	17061072	17261072	harbor1	chr3	17093366	17093553	SINE/MIR	537	-	94	17093460	32388
chr3	17061072	17261072	harbor1	chr3	17156771	17156964	SINE/MIR	640	-	96	17156867	95795
chr3	107991355	108191355	harbor1	chr3	107991597	107991715	SINE/MIR	441	-	59	107991656	301
chr3	107991355	108191355	harbor1	chr3	108001756	108001881	SINE/MIR	446	-	62	108001818	10463
chr3	107991355	108191355	harbor1	chr3	108038306	108038477	SINE/MIR	431	-	86	108038392	47037
chr3	50220451	50420451	harbor1	chr3	50232351	50232601	SINE/MIR	586	-	125	50232476	12025
chr3	49829545	50029545	harbor1	chr3	49841572	49841747	SINE/MIR	597	-	88	49841660	12115
chr3	49829545	50029545	harbor1	chr3	49880398	49880615	SINE/MIR	517	-	108	49880506	50961
chr3	49829545	50029545	harbor1	chr3	49888743	49888852	SINE/MIR	441	-	54	49888797	59252
chr3	49829545	50029545	harbor1	chr3	49894651	49894777	SINE/MIR	537	-	63	49894714	65169
chr3	49829545	50029545	harbor1	chr3	49915040	49915229	SINE/MIR	463	-	94	49915134	85589
chr3	43899195	44099195	harbor1	chr3	43902060	43902222	SINE/MIR	469	-	81	43902141	2946
chr3	43899195	44099195	harbor1	chr3	43965127	43965253	SINE/MIR	421	-	63	43965190	65995
chr3	184085534	184285534	harbor1	chr3	184133154	184133383	SINE/MIR	874	-	114	184133268	47734
chr3	184085534	184285534	harbor1	chr3	184141002	184141190	SINE/MIR	480	-	94	184141096	55562
chr3	184085534	184285534	harbor1	chr3	184145896	184146040	SINE/MIR	544	-	72	184145968	60434
chr3	184085534	184285534	harbor1	chr3	184157938	184158053	SINE/MIR	855	-	58	184157996	72462
chr3	184085534	184285534	harbor1	chr3	184158354	184158467	SINE/MIR	855	-	56	184158410	72876
chr3	184085534	184285534	harbor1	chr3	184167350	184167571	SINE/MIR	649	-	110	184167460	81926
chr3	123349837	123549837	harbor1	chr3	123360809	123361040	SINE/MIR	626	-	116	123360925	11088
chr3	123349837	123549837	harbor1	chr3	123374405	123374649	SINE/MIR	874	-	122	123374527	24690
chr3	123349837	123549837	harbor1	chr3	123385903	123386022	SINE/MIR	459	-	60	123385963	36126
chr3	123349837	123549837	harbor1	chr3	123414896	123415018	SINE/MIR	495	-	61	123414957	65120
chr3	123349837	123549837	harbor1	chr3	123421232	123421441	SINE/MIR	506	-	104	123421336	71499
chr3	123349837	123549837	harbor1	chr3	123422381	123422592	SINE/MIR	545	-	106	123422487	72650
chr3	123349837	123549837	harbor1	chr3	123426036	123426191	SINE/MIR	474	-	78	123426114	76277
chr3	195853169	196053169	harbor1	chr3	195861142	195861327	SINE/MIR	414	-	92	195861234	8065
chr3	195853169	196053169	harbor1	chr3	195910948	195911132	SINE/MIR	612	-	92	195911040	57871
chr3	142754359	142954359	harbor1	chr3	142784312	142784548	SINE/MIR	1074	-	118	142784430	30071
chr3	142754359	142954359	harbor1	chr3	142795992	142796247	SINE/MIR	1375	-	128	142796120	41761
chr3	142754359	142954359	harbor1	chr3	142829998	142830209	SINE/MIR	782	-	106	142830104	75745
chr3	196916565	197116565	harbor1	chr3	196922132	196922373	SINE/MIR	728	-	120	196922252	5687
chr3	196916565	197116565	harbor1	chr3	196928444	196928621	SINE/MIR	470	-	88	196928532	11967
chr3	196916565	197116565	harbor1	chr3	196952134	196952283	SINE/MIR	432	-	74	196952208	35643
chr3	196916565	197116565	harbor1	chr3	197006937	197007071	SINE/MIR	484	-	67	197007004	90439
chr3	23710846	23910846	harbor1	chr3	23730126	23730149	SINE/MIR	429	-	12	23730138	19292
chr3	23710846	23910846	harbor1	chr3	23730452	23730604	SINE/MIR	429	-	76	23730528	19682
chr3	23710846	23910846	harbor1	chr3	23755300	23755491	SINE/MIR	737	-	96	23755396	44550
chr3	23710846	23910846	harbor1	chr3	23797297	23797505	SINE/MIR	638	-	104	23797401	86555
chr3	107991335	108191335	harbor1	chr3	107991597	107991715	SINE/MIR	441	-	59	107991656	321
chr3	107991335	108191335	harbor1	chr3	108001756	108001881	SINE/MIR	446	-	62	108001818	10483
chr3	107991335	108191335	harbor1	chr3	108038306	108038477	SINE/MIR	431	-	86	108038392	47057
chr3	39004795	39204795	harbor1	chr3	39032726	39032869	SINE/MIR	446	-	72	39032798	28003
chr3	39004795	39204795	harbor1	chr3	39033183	39033199	SINE/MIR	446	-	8	39033191	28396
chr3	51939539	52139539	harbor1	chr3	51971054	51971232	SINE/MIR	454	-	89	51971143	31604
chr3	51939539	52139539	harbor1	chr3	52017290	52017510	SINE/MIR	456	-	110	52017400	77861
chr3	51939539	52139539	harbor1	chr3	52031106	52031278	SINE/MIR	474	-	86	52031192	91653
chr3	51939539	52139539	harbor1	chr3	52032612	52032787	SINE/MIR	465	-	88	52032700	93161
chr3	51939497	52139497	harbor1	chr3	51971054	51971232	SINE/MIR	454	-	89	51971143	31646
chr3	51939497	52139497	harbor1	chr3	52017290	52017510	SINE/MIR	456	-	110	52017400	77903
chr3	51939497	52139497	harbor1	chr3	52031106	52031278	SINE/MIR	474	-	86	52031192	91695
chr3	51939497	52139497	harbor1	chr3	52032612	52032787	SINE/MIR	465	-	88	52032700	93203
chr3	127581151	127781151	harbor1	chr3	127591295	127591461	SINE/MIR	468	-	83	127591378	10227
chr3	127581151	127781151	harbor1	chr3	127613384	127613599	SINE/MIR	462	-	108	127613492	32341
chr3	127581151	127781151	harbor1	chr3	127639724	127639961	SINE/MIR	458	-	118	127639842	58691
chr3	127581151	127781151	harbor1	chr3	127646089	127646314	SINE/MIR	584	-	112	127646201	65050
chr3	127581151	127781151	harbor1	chr3	127646701	127646861	SINE/MIR	532	-	80	127646781	65630
chr3	127581151	127781151	harbor1	chr3	127647989	127648213	SINE/MIR	439	-	112	127648101	66950
chr3	127581151	127781151	harbor1	chr3	127655465	127655644	SINE/MIR	578	-	90	127655555	74404
chr3	127581151	127781151	harbor1	chr3	127670137	127670345	SINE/MIR	502	-	104	127670241	89090
chr3	127581151	127781151	harbor1	chr3	127679563	127679750	SINE/MIR	458	-	94	127679657	98506
chr3	123544681	123744681	harbor1	chr3	123547795	123548037	SINE/MIR	785	-	121	123547916	3235
chr3	123544681	123744681	harbor1	chr3	123562548	123562768	SINE/MIR	772	-	110	123562658	17977
chr3	123544681	123744681	harbor1	chr3	123568761	123568943	SINE/MIR	478	-	91	123568852	24171
chr3	123544681	123744681	harbor1	chr3	123584061	123584198	SINE/MIR	672	-	68	123584129	39448
chr3	123544681	123744681	harbor1	chr3	123626188	123626365	SINE/MIR	579	-	88	123626276	81595
chr3	123544681	123744681	harbor1	chr3	123630378	123630610	SINE/MIR	787	-	116	123630494	85813
chr3	123544681	123744681	harbor1	chr3	123639982	123640204	SINE/MIR	682	-	111	123640093	95412
chr3	16431951	16631951	harbor1	chr3	16453002	16453243	SINE/MIR	732	-	120	16453122	21171
chr3	16431951	16631951	harbor1	chr3	16478345	16478477	SINE/MIR	620	-	66	16478411	46460
chr3	16431951	16631951	harbor1	chr3	16492350	16492543	SINE/MIR	456	-	96	16492446	60495
chr3	23710841	23910841	harbor1	chr3	23730126	23730149	SINE/MIR	429	-	12	23730138	19297
chr3	23710841	23910841	harbor1	chr3	23730452	23730604	SINE/MIR	429	-	76	23730528	19687
chr3	23710841	23910841	harbor1	chr3	23755300	23755491	SINE/MIR	737	-	96	23755396	44555
chr3	23710841	23910841	harbor1	chr3	23797297	23797505	SINE/MIR	638	-	104	23797401	86560
chr3	128328692	128528692	harbor1	chr3	128373083	128373219	SINE/MIR	419	-	68	128373151	44459
chr3	128328692	128528692	harbor1	chr3	128374686	128374938	SINE/MIR	876	-	126	128374812	46120
chr3	128328692	128528692	harbor1	chr3	128383373	128383612	SINE/MIR	611	-	120	128383493	54801
chr3	128328692	128528692	harbor1	chr3	128425990	128426184	SINE/MIR	491	-	97	128426087	97395
chr3	128328692	128528692	harbor1	chr3	128427147	128427264	SINE/MIR	414	-	58	128427205	98513
chr3	123349752	123549752	harbor1	chr3	123360809	123361040	SINE/MIR	626	-	116	123360925	11173
chr3	123349752	123549752	harbor1	chr3	123374405	123374649	SINE/MIR	874	-	122	123374527	24775
chr3	123349752	123549752	harbor1	chr3	123385903	123386022	SINE/MIR	459	-	60	123385963	36211
chr3	123349752	123549752	harbor1	chr3	123414896	123415018	SINE/MIR	495	-	61	123414957	65205
chr3	123349752	123549752	harbor1	chr3	123421232	123421441	SINE/MIR	506	-	104	123421336	71584
chr3	123349752	123549752	harbor1	chr3	123422381	123422592	SINE/MIR	545	-	106	123422487	72735
chr3	123349752	123549752	harbor1	chr3	123426036	123426191	SINE/MIR	474	-	78	123426114	76362
chr3	52121829	52321829	harbor1	chr3	52149003	52149184	SINE/MIR	463	-	90	52149093	27264
chr3	51939505	52139505	harbor1	chr3	51971054	51971232	SINE/MIR	454	-	89	51971143	31638
chr3	51939505	52139505	harbor1	chr3	52017290	52017510	SINE/MIR	456	-	110	52017400	77895
chr3	51939505	52139505	harbor1	chr3	52031106	52031278	SINE/MIR	474	-	86	52031192	91687
chr3	51939505	52139505	harbor1	chr3	52032612	52032787	SINE/MIR	465	-	88	52032700	93195
chr3	138334619	138534619	harbor1	chr3	138353734	138353957	SINE/MIR	622	-	112	138353846	19227
chr3	138334619	138534619	harbor1	chr3	138364337	138364510	SINE/MIR	478	-	86	138364423	29804
chr3	138334619	138534619	harbor1	chr3	138367254	138367443	SINE/MIR	441	-	94	138367348	32729
chr3	138334619	138534619	harbor1	chr3	138396212	138396395	SINE/MIR	445	-	92	138396304	61685
chr3	138334619	138534619	harbor1	chr3	138412643	138412857	SINE/MIR	633	-	107	138412750	78131
chr3	138334619	138534619	harbor1	chr3	138429865	138430043	SINE/MIR	421	-	89	138429954	95335
chr3	127490156	127690156	harbor1	chr3	127490255	127490401	SINE/MIR	550	-	73	127490328	172
chr3	127490156	127690156	harbor1	chr3	127492258	127492490	SINE/MIR	490	-	116	127492374	2218
chr3	127490156	127690156	harbor1	chr3	127537880	127538047	SINE/MIR	627	-	84	127537964	47808
chr3	127490156	127690156	harbor1	chr3	127562135	127562292	SINE/MIR	424	-	78	127562213	72057
chr3	113647007	113847007	harbor1	chr3	113662730	113662910	SINE/MIR	625	-	90	113662820	15813
chr3	113647007	113847007	harbor1	chr3	113662896	113663052	SINE/MIR	533	-	78	113662974	15967
chr3	179842465	180042465	harbor1	chr3	179843180	179843231	SINE/MIR	458	-	26	179843206	741
chr3	179842465	180042465	harbor1	chr3	179843405	179843524	SINE/MIR	458	-	60	179843465	1000
chr3	179842465	180042465	harbor1	chr3	179860696	179860898	SINE/MIR	710	-	101	179860797	18332
chr3	179842465	180042465	harbor1	chr3	179884017	179884151	SINE/MIR	560	-	67	179884084	41619
chr3	179842465	180042465	harbor1	chr3	179884604	179884676	SINE/MIR	560	-	36	179884640	42175
chr3	179842465	180042465	harbor1	chr3	179886474	179886659	SINE/MIR	465	-	92	179886566	44101
chr3	179842465	180042465	harbor1	chr3	179902067	179902288	SINE/MIR	478	-	110	179902177	59712
chr3	179842465	180042465	harbor1	chr3	179916068	179916148	SINE/MIR	790	-	40	179916108	73643
chr3	179842465	180042465	harbor1	chr3	179917988	179918155	SINE/MIR	790	-	84	179918072	75607
chr3	179842465	180042465	harbor1	chr3	179931283	179931466	SINE/MIR	543	-	92	179931375	88910
chr3	179842465	180042465	harbor1	chr3	179934382	179934621	SINE/MIR	631	-	120	179934502	92037
chr3	179842465	180042465	harbor1	chr3	179941472	179941643	SINE/MIR	538	-	86	179941558	99093
chr3	190413906	190613906	harbor1	chr3	190444147	190444388	SINE/MIR	636	-	120	190444267	30361
chr3	190413906	190613906	harbor1	chr3	190466808	190467024	SINE/MIR	569	-	108	190466916	53010
chr3	190413906	190613906	harbor1	chr3	190468446	190468639	SINE/MIR	447	-	96	190468542	54636
chr3	190413906	190613906	harbor1	chr3	190499089	190499271	SINE/MIR	423	-	91	190499180	85274
chr3	190413906	190613906	harbor1	chr3	190510183	190510422	SINE/MIR	554	-	120	190510303	96397
chr3	127490312	127690312	harbor1	chr3	127490255	127490401	SINE/MIR	550	-	73	127490328	16
chr3	127490312	127690312	harbor1	chr3	127492258	127492490	SINE/MIR	490	-	116	127492374	2062
chr3	127490312	127690312	harbor1	chr3	127537880	127538047	SINE/MIR	627	-	84	127537964	47652
chr3	127490312	127690312	harbor1	chr3	127562135	127562292	SINE/MIR	424	-	78	127562213	71901
chr3	128328699	128528699	harbor1	chr3	128373083	128373219	SINE/MIR	419	-	68	128373151	44452
chr3	128328699	128528699	harbor1	chr3	128374686	128374938	SINE/MIR	876	-	126	128374812	46113
chr3	128328699	128528699	harbor1	chr3	128383373	128383612	SINE/MIR	611	-	120	128383493	54794
chr3	128328699	128528699	harbor1	chr3	128425990	128426184	SINE/MIR	491	-	97	128426087	97388
chr3	128328699	128528699	harbor1	chr3	128427147	128427264	SINE/MIR	414	-	58	128427205	98506
chr3	128328755	128528755	harbor1	chr3	128373083	128373219	SINE/MIR	419	-	68	128373151	44396
chr3	128328755	128528755	harbor1	chr3	128374686	128374938	SINE/MIR	876	-	126	128374812	46057
chr3	128328755	128528755	harbor1	chr3	128383373	128383612	SINE/MIR	611	-	120	128383493	54738
chr3	128328755	128528755	harbor1	chr3	128425990	128426184	SINE/MIR	491	-	97	128426087	97332
chr3	128328755	128528755	harbor1	chr3	128427147	128427264	SINE/MIR	414	-	58	128427205	98450
chr3	184199369	184399369	harbor1	chr3	184203884	184203975	SINE/MIR	690	-	46	184203930	4561
chr3	184199369	184399369	harbor1	chr3	184204269	184204395	SINE/MIR	690	-	63	184204332	4963
chr3	184199369	184399369	harbor1	chr3	184232205	184232378	SINE/MIR	480	-	86	184232291	32922
chr3	184199369	184399369	harbor1	chr3	184257247	184257356	SINE/MIR	464	-	54	184257301	57932
chr3	184199369	184399369	harbor1	chr3	184272495	184272688	SINE/MIR	653	-	96	184272591	73222
chr3	184199369	184399369	harbor1	chr3	184273456	184273542	SINE/MIR	488	-	43	184273499	74130
chr3	184199369	184399369	harbor1	chr3	184273846	184273890	SINE/MIR	488	-	22	184273868	74499
chr3	184199369	184399369	harbor1	chr3	184295569	184295783	SINE/MIR	415	-	107	184295676	96307
chr3	123544677	123744677	harbor1	chr3	123547795	123548037	SINE/MIR	785	-	121	123547916	3239
chr3	123544677	123744677	harbor1	chr3	123562548	123562768	SINE/MIR	772	-	110	123562658	17981
chr3	123544677	123744677	harbor1	chr3	123568761	123568943	SINE/MIR	478	-	91	123568852	24175
chr3	123544677	123744677	harbor1	chr3	123584061	123584198	SINE/MIR	672	-	68	123584129	39452
chr3	123544677	123744677	harbor1	chr3	123626188	123626365	SINE/MIR	579	-	88	123626276	81599
chr3	123544677	123744677	harbor1	chr3	123630378	123630610	SINE/MIR	787	-	116	123630494	85817
chr3	123544677	123744677	harbor1	chr3	123639982	123640204	SINE/MIR	682	-	111	123640093	95416
chr3	51895561	52095561	harbor1	chr3	51971054	51971232	SINE/MIR	454	-	89	51971143	75582
chr3	50169366	50369366	harbor1	chr3	50219189	50219351	SINE/MIR	462	-	81	50219270	49904
chr3	50169366	50369366	harbor1	chr3	50232351	50232601	SINE/MIR	586	-	125	50232476	63110
chr3	128581053	128781053	harbor1	chr3	128595070	128595200	SINE/MIR	411	-	65	128595135	14082
chr3	128581053	128781053	harbor1	chr3	128611326	128611544	SINE/MIR	486	-	109	128611435	30382
chr3	128581053	128781053	harbor1	chr3	128621633	128621859	SINE/MIR	781	-	113	128621746	40693
chr3	128581053	128781053	harbor1	chr3	128632398	128632594	SINE/MIR	449	-	98	128632496	51443
chr3	128581053	128781053	harbor1	chr3	128632894	128632907	SINE/MIR	449	-	6	128632900	51847
chr3	54747497	54947497	harbor1	chr3	54757687	54757924	SINE/MIR	620	-	118	54757805	10308
chr3	54747497	54947497	harbor1	chr3	54789165	54789251	SINE/MIR	440	-	43	54789208	41711
chr3	54747497	54947497	harbor1	chr3	54808961	54809176	SINE/MIR	634	-	108	54809069	61572
chr3	47681964	47881964	harbor1	chr3	47712526	47712741	SINE/MIR	563	-	108	47712634	30670
chr3	122414401	122614401	harbor1	chr3	122502053	122502244	SINE/MIR	510	-	96	122502149	87748
chr3	138087580	138287580	harbor1	chr3	138109207	138109413	SINE/MIR	519	-	103	138109310	21730
chr3	138087580	138287580	harbor1	chr3	138110719	138110928	SINE/MIR	473	-	104	138110823	23243
chr3	138087580	138287580	harbor1	chr3	138112070	138112301	SINE/MIR	485	-	116	138112186	24606
chr3	138087580	138287580	harbor1	chr3	138186736	138186939	SINE/MIR	536	-	102	138186838	99258
chr3	107991305	108191305	harbor1	chr3	107991597	107991715	SINE/MIR	441	-	59	107991656	351
chr3	107991305	108191305	harbor1	chr3	108001756	108001881	SINE/MIR	446	-	62	108001818	10513
chr3	107991305	108191305	harbor1	chr3	108038306	108038477	SINE/MIR	431	-	86	108038392	47087
chr3	51571820	51771820	harbor1	chr3	51627282	51627522	SINE/MIR	639	-	120	51627402	55582
chr3	113849062	114049062	harbor1	chr3	113880688	113880923	SINE/MIR	615	-	118	113880806	31744
chr3	113849062	114049062	harbor1	chr3	113935045	113935223	SINE/MIR	578	-	89	113935134	86072
chr3	21855680	22055680	harbor1	chr3	21878125	21878320	SINE/MIR	676	-	98	21878223	22543
chr3	21855680	22055680	harbor1	chr3	21900873	21900989	SINE/MIR	437	-	58	21900931	45251
chr3	21855680	22055680	harbor1	chr3	21901522	21901654	SINE/MIR	473	-	66	21901588	45908
chr3	21855680	22055680	harbor1	chr3	21935303	21935538	SINE/MIR	477	-	118	21935421	79741
chr3	197857923	198057923	harbor1	chr3	197926497	197926548	SINE/MIR	428	-	26	197926523	68600
chr3	197857923	198057923	harbor1	chr3	197926951	197927048	SINE/MIR	428	-	48	197926999	69076
chr3	197857923	198057923	harbor1	chr3	197934525	197934655	SINE/MIR	473	-	65	197934590	76667
chr3	51938306	52138306	harbor1	chr3	51971054	51971232	SINE/MIR	454	-	89	51971143	32837
chr3	51938306	52138306	harbor1	chr3	52017290	52017510	SINE/MIR	456	-	110	52017400	79094
chr3	51938306	52138306	harbor1	chr3	52031106	52031278	SINE/MIR	474	-	86	52031192	92886
chr3	51938306	52138306	harbor1	chr3	52032612	52032787	SINE/MIR	465	-	88	52032700	94394
chr3	58016450	58216450	harbor1	chr3	58070000	58070041	SINE/MIR	414	-	20	58070020	53570
chr3	58016450	58216450	harbor1	chr3	58070344	58070509	SINE/MIR	414	-	82	58070426	53976
chr3	50493434	50693434	harbor1	chr3	50531986	50532140	SINE/MIR	486	-	77	50532063	38629
chr3	50493434	50693434	harbor1	chr3	50548678	50548806	SINE/MIR	411	-	64	50548742	55308
chr3	30507293	30707293	harbor1	chr3	30522134	30522361	SINE/MIR	543	-	114	30522248	14955
chr3	30507293	30707293	harbor1	chr3	30527186	30527376	SINE/MIR	430	-	95	30527281	19988
chr3	30507293	30707293	harbor1	chr3	30555713	30555948	SINE/MIR	460	-	118	30555831	48538
chr3	30507293	30707293	harbor1	chr3	30560878	30561072	SINE/MIR	779	-	97	30560975	53682
chr3	30507293	30707293	harbor1	chr3	30579851	30580025	SINE/MIR	506	-	87	30579938	72645
chr3	23710887	23910887	harbor1	chr3	23730126	23730149	SINE/MIR	429	-	12	23730138	19251
chr3	23710887	23910887	harbor1	chr3	23730452	23730604	SINE/MIR	429	-	76	23730528	19641
chr3	23710887	23910887	harbor1	chr3	23755300	23755491	SINE/MIR	737	-	96	23755396	44509
chr3	23710887	23910887	harbor1	chr3	23797297	23797505	SINE/MIR	638	-	104	23797401	86514
chr3	53395675	53595675	harbor1	chr3	53416483	53416684	SINE/MIR	470	-	100	53416583	20908
chr3	53395675	53595675	harbor1	chr3	53486824	53486982	SINE/MIR	677	-	79	53486903	91228
chr3	182580289	182780289	harbor1	chr3	182605529	182605741	SINE/MIR	589	-	106	182605635	25346
chr3	182580289	182780289	harbor1	chr3	182613950	182614135	SINE/MIR	418	-	92	182614042	33753
chr3	182580289	182780289	harbor1	chr3	182630257	182630451	SINE/MIR	588	-	97	182630354	50065
chr3	182580289	182780289	harbor1	chr3	182642078	182642160	SINE/MIR	675	-	41	182642119	61830
chr3	182580289	182780289	harbor1	chr3	182642469	182642601	SINE/MIR	675	-	66	182642535	62246
chr3	182580289	182780289	harbor1	chr3	182668665	182668775	SINE/MIR	409	-	55	182668720	88431
chr3	182580289	182780289	harbor1	chr3	182677924	182678090	SINE/MIR	565	-	83	182678007	97718
chr3	107991294	108191294	harbor1	chr3	107991597	107991715	SINE/MIR	441	-	59	107991656	362
chr3	107991294	108191294	harbor1	chr3	108001756	108001881	SINE/MIR	446	-	62	108001818	10524
chr3	107991294	108191294	harbor1	chr3	108038306	108038477	SINE/MIR	431	-	86	108038392	47098
chr3	159480531	159680531	harbor1	chr3	159497396	159497608	SINE/MIR	558	-	106	159497502	16971
chr3	159480531	159680531	harbor1	chr3	159499706	159499888	SINE/MIR	522	-	91	159499797	19266
chr3	51939455	52139455	harbor1	chr3	51971054	51971232	SINE/MIR	454	-	89	51971143	31688
chr3	51939455	52139455	harbor1	chr3	52017290	52017510	SINE/MIR	456	-	110	52017400	77945
chr3	51939455	52139455	harbor1	chr3	52031106	52031278	SINE/MIR	474	-	86	52031192	91737
chr3	51939455	52139455	harbor1	chr3	52032612	52032787	SINE/MIR	465	-	88	52032700	93245
chr3	51932225	52132225	harbor1	chr3	51971054	51971232	SINE/MIR	454	-	89	51971143	38918
chr3	51932225	52132225	harbor1	chr3	52017290	52017510	SINE/MIR	456	-	110	52017400	85175
chr3	51932225	52132225	harbor1	chr3	52031106	52031278	SINE/MIR	474	-	86	52031192	98967
chr3	156989217	157189217	harbor1	chr3	157029344	157029470	SINE/MIR	423	-	63	157029407	40190
chr3	156989217	157189217	harbor1	chr3	157047220	157047392	SINE/MIR	516	-	86	157047306	58089
chr3	156989217	157189217	harbor1	chr3	157056211	157056401	SINE/MIR	502	-	95	157056306	67089
chr3	123544615	123744615	harbor1	chr3	123547795	123548037	SINE/MIR	785	-	121	123547916	3301
chr3	123544615	123744615	harbor1	chr3	123562548	123562768	SINE/MIR	772	-	110	123562658	18043
chr3	123544615	123744615	harbor1	chr3	123568761	123568943	SINE/MIR	478	-	91	123568852	24237
chr3	123544615	123744615	harbor1	chr3	123584061	123584198	SINE/MIR	672	-	68	123584129	39514
chr3	123544615	123744615	harbor1	chr3	123626188	123626365	SINE/MIR	579	-	88	123626276	81661
chr3	123544615	123744615	harbor1	chr3	123630378	123630610	SINE/MIR	787	-	116	123630494	85879
chr3	123544615	123744615	harbor1	chr3	123639982	123640204	SINE/MIR	682	-	111	123640093	95478
chr3	46799778	46999778	harbor1	chr3	46890420	46890496	SINE/MIR	478	-	38	46890458	90680
chr3	46799778	46999778	harbor1	chr3	46890801	46890927	SINE/MIR	478	-	63	46890864	91086
chr3	48890290	49090290	harbor1	chr3	48908317	48908419	SINE/MIR	500	-	51	48908368	18078
chr3	51939521	52139521	harbor1	chr3	51971054	51971232	SINE/MIR	454	-	89	51971143	31622
chr3	51939521	52139521	harbor1	chr3	52017290	52017510	SINE/MIR	456	-	110	52017400	77879
chr3	51939521	52139521	harbor1	chr3	52031106	52031278	SINE/MIR	474	-	86	52031192	91671
chr3	51939521	52139521	harbor1	chr3	52032612	52032787	SINE/MIR	465	-	88	52032700	93179
chr3	51281519	51481519	harbor1	chr3	51330981	51331196	SINE/MIR	578	-	108	51331089	49570
chr3	107991304	108191304	harbor1	chr3	107991597	107991715	SINE/MIR	441	-	59	107991656	352
chr3	107991304	108191304	harbor1	chr3	108001756	108001881	SINE/MIR	446	-	62	108001818	10514
chr3	107991304	108191304	harbor1	chr3	108038306	108038477	SINE/MIR	431	-	86	108038392	47088
chr3	38066121	38266121	harbor1	chr3	38130336	38130496	SINE/MIR	456	-	80	38130416	64295
chr3	129021082	129221082	harbor1	chr3	129056006	129056225	SINE/MIR	738	-	110	129056116	35034
chr3	129021082	129221082	harbor1	chr3	129117256	129117408	SINE/MIR	486	-	76	129117332	96250
chr3	51917252	52117252	harbor1	chr3	51971054	51971232	SINE/MIR	454	-	89	51971143	53891
chr3	12827739	13027739	harbor1	chr3	12831638	12831857	SINE/MIR	534	-	110	12831748	4009
chr3	12827739	13027739	harbor1	chr3	12832965	12833124	SINE/MIR	416	-	80	12833045	5306
chr3	12827739	13027739	harbor1	chr3	12855217	12855371	SINE/MIR	459	-	77	12855294	27555
chr3	12827739	13027739	harbor1	chr3	12912316	12912495	SINE/MIR	447	-	90	12912406	84667
chr3	12827739	13027739	harbor1	chr3	12921502	12921727	SINE/MIR	798	-	112	12921614	93875
chr3	107991392	108191392	harbor1	chr3	107991597	107991715	SINE/MIR	441	-	59	107991656	264
chr3	107991392	108191392	harbor1	chr3	108001756	108001881	SINE/MIR	446	-	62	108001818	10426
chr3	107991392	108191392	harbor1	chr3	108038306	108038477	SINE/MIR	431	-	86	108038392	47000
chr3	128328747	128528747	harbor1	chr3	128373083	128373219	SINE/MIR	419	-	68	128373151	44404
chr3	128328747	128528747	harbor1	chr3	128374686	128374938	SINE/MIR	876	-	126	128374812	46065
chr3	128328747	128528747	harbor1	chr3	128383373	128383612	SINE/MIR	611	-	120	128383493	54746
chr3	128328747	128528747	harbor1	chr3	128425990	128426184	SINE/MIR	491	-	97	128426087	97340
chr3	128328747	128528747	harbor1	chr3	128427147	128427264	SINE/MIR	414	-	58	128427205	98458
chr3	126256502	126456502	harbor1	chr3	126285354	126285562	SINE/MIR	658	-	104	126285458	28956
chr3	126256502	126456502	harbor1	chr3	126337687	126337829	SINE/MIR	531	-	71	126337758	81256
chr3	128328796	128528796	harbor1	chr3	128373083	128373219	SINE/MIR	419	-	68	128373151	44355
chr3	128328796	128528796	harbor1	chr3	128374686	128374938	SINE/MIR	876	-	126	128374812	46016
chr3	128328796	128528796	harbor1	chr3	128383373	128383612	SINE/MIR	611	-	120	128383493	54697
chr3	128328796	128528796	harbor1	chr3	128425990	128426184	SINE/MIR	491	-	97	128426087	97291
chr3	128328796	128528796	harbor1	chr3	128427147	128427264	SINE/MIR	414	-	58	128427205	98409
chr3	51571305	51771305	harbor1	chr3	51627282	51627522	SINE/MIR	639	-	120	51627402	56097
chr3	138334857	138534857	harbor1	chr3	138353734	138353957	SINE/MIR	622	-	112	138353846	18989
chr3	138334857	138534857	harbor1	chr3	138364337	138364510	SINE/MIR	478	-	86	138364423	29566
chr3	138334857	138534857	harbor1	chr3	138367254	138367443	SINE/MIR	441	-	94	138367348	32491
chr3	138334857	138534857	harbor1	chr3	138396212	138396395	SINE/MIR	445	-	92	138396304	61447
chr3	138334857	138534857	harbor1	chr3	138412643	138412857	SINE/MIR	633	-	107	138412750	77893
chr3	138334857	138534857	harbor1	chr3	138429865	138430043	SINE/MIR	421	-	89	138429954	95097
chr3	48616128	48816128	harbor1	chr3	48638465	48638675	SINE/MIR	664	-	105	48638570	22442
chr3	127581163	127781163	harbor1	chr3	127591295	127591461	SINE/MIR	468	-	83	127591378	10215
chr3	127581163	127781163	harbor1	chr3	127613384	127613599	SINE/MIR	462	-	108	127613492	32329
chr3	127581163	127781163	harbor1	chr3	127639724	127639961	SINE/MIR	458	-	118	127639842	58679
chr3	127581163	127781163	harbor1	chr3	127646089	127646314	SINE/MIR	584	-	112	127646201	65038
chr3	127581163	127781163	harbor1	chr3	127646701	127646861	SINE/MIR	532	-	80	127646781	65618
chr3	127581163	127781163	harbor1	chr3	127647989	127648213	SINE/MIR	439	-	112	127648101	66938
chr3	127581163	127781163	harbor1	chr3	127655465	127655644	SINE/MIR	578	-	90	127655555	74392
chr3	127581163	127781163	harbor1	chr3	127670137	127670345	SINE/MIR	502	-	104	127670241	89078
chr3	127581163	127781163	harbor1	chr3	127679563	127679750	SINE/MIR	458	-	94	127679657	98494
chr4	2656082	2856082	harbor1	chr4	2687318	2687499	SINE/MIR	699	-	90	2687408	31326
chr4	6810048	7010048	harbor1	chr4	6860196	6860402	SINE/MIR	890	-	103	6860299	50251
chr4	6810048	7010048	harbor1	chr4	6875222	6875432	SINE/MIR	567	-	105	6875327	65279
chr4	6810048	7010048	harbor1	chr4	6879201	6879412	SINE/MIR	528	-	106	6879307	69259
chr4	25761117	25961117	harbor1	chr4	25793006	25793208	SINE/MIR	640	-	101	25793107	31990
chr4	25761117	25961117	harbor1	chr4	25803138	25803275	SINE/MIR	557	-	68	25803206	42089
chr4	25761117	25961117	harbor1	chr4	25805248	25805439	SINE/MIR	641	-	96	25805344	44227
chr4	25761117	25961117	harbor1	chr4	25816231	25816424	SINE/MIR	739	-	96	25816327	55210
chr4	25761117	25961117	harbor1	chr4	25835444	25835656	SINE/MIR	543	-	106	25835550	74433
chr4	25761117	25961117	harbor1	chr4	25846358	25846523	SINE/MIR	550	-	82	25846440	85323
chr4	25761117	25961117	harbor1	chr4	25857541	25857702	SINE/MIR	530	-	80	25857621	96504
chr4	150914523	151114523	harbor1	chr4	150914805	150915031	SINE/MIR	743	-	113	150914918	395
chr4	150914523	151114523	harbor1	chr4	150922807	150922996	SINE/MIR	639	-	94	150922901	8378
chr4	150914523	151114523	harbor1	chr4	150961838	150962067	SINE/MIR	837	-	114	150961952	47429
chr4	150914523	151114523	harbor1	chr4	150970850	150971035	SINE/MIR	524	-	92	150970942	56419
chr4	159002387	159202387	harbor1	chr4	159024931	159025093	SINE/MIR	710	-	81	159025012	22625
chr4	159002718	159202718	harbor1	chr4	159024931	159025093	SINE/MIR	710	-	81	159025012	22294
chr4	39598067	39798067	harbor1	chr4	39681853	39682035	SINE/MIR	706	-	91	39681944	83877
chr4	2826505	3026505	harbor1	chr4	2858274	2858477	SINE/MIR	697	-	102	2858376	31871
chr4	2826505	3026505	harbor1	chr4	2860712	2860912	SINE/MIR	728	-	100	2860812	34307
chr4	6922283	7122283	harbor1	chr4	6968369	6968591	SINE/MIR	681	-	111	6968480	46197
chr4	158917337	159117337	harbor1	chr4	158949350	158949560	SINE/MIR	786	-	105	158949455	32118
chr4	1107423	1307423	harbor1	chr4	1131105	1131358	SINE/MIR	561	-	126	1131231	23808
chr4	52497288	52697288	harbor1	chr4	52574533	52574769	SINE/MIR	845	-	118	52574651	77363
chr4	52497288	52697288	harbor1	chr4	52582188	52582418	SINE/MIR	693	-	115	52582303	85015
chr4	128711743	128911743	harbor1	chr4	128759228	128759434	SINE/MIR	713	-	103	128759331	47588
chr4	76113424	76313424	harbor1	chr4	76162688	76162901	SINE/MIR	933	-	106	76162794	49370
chr4	76113424	76313424	harbor1	chr4	76175398	76175646	SINE/MIR	984	-	124	76175522	62098
chr4	76113424	76313424	harbor1	chr4	76194305	76194510	SINE/MIR	646	-	102	76194407	80983
chr4	2826521	3026521	harbor1	chr4	2858274	2858477	SINE/MIR	697	-	102	2858376	31855
chr4	2826521	3026521	harbor1	chr4	2860712	2860912	SINE/MIR	728	-	100	2860812	34291
chr4	120822653	121022653	harbor1	chr4	120866471	120866709	SINE/MIR	789	-	119	120866590	43937
chr4	2832662	3032662	harbor1	chr4	2858274	2858477	SINE/MIR	697	-	102	2858376	25714
chr4	2832662	3032662	harbor1	chr4	2860712	2860912	SINE/MIR	728	-	100	2860812	28150
chr4	8767896	8967896	harbor1	chr4	8835766	8835918	SINE/MIR	526	-	76	8835842	67946
chr4	143414065	143614065	harbor1	chr4	143510150	143510399	SINE/MIR	546	-	124	143510274	96209
chr4	120822725	121022725	harbor1	chr4	120866471	120866709	SINE/MIR	789	-	119	120866590	43865
chr4	148339554	148539554	harbor1	chr4	148407015	148407230	SINE/MIR	654	-	108	148407123	67569
chr4	148339554	148539554	harbor1	chr4	148416308	148416563	SINE/MIR	944	-	128	148416436	76882
chr4	148339554	148539554	harbor1	chr4	148418684	148418902	SINE/MIR	540	-	109	148418793	79239
chr4	55295888	55495888	harbor1	chr4	55310377	55310538	SINE/MIR	549	-	80	55310457	14569
chr4	55295888	55495888	harbor1	chr4	55318501	55318732	SINE/MIR	681	-	116	55318617	22729
chr4	55295888	55495888	harbor1	chr4	55369057	55369286	SINE/MIR	993	-	114	55369171	73283
chr4	25762833	25962833	harbor1	chr4	25793006	25793208	SINE/MIR	640	-	101	25793107	30274
chr4	25762833	25962833	harbor1	chr4	25803138	25803275	SINE/MIR	557	-	68	25803206	40373
chr4	25762833	25962833	harbor1	chr4	25805248	25805439	SINE/MIR	641	-	96	25805344	42511
chr4	25762833	25962833	harbor1	chr4	25816231	25816424	SINE/MIR	739	-	96	25816327	53494
chr4	25762833	25962833	harbor1	chr4	25835444	25835656	SINE/MIR	543	-	106	25835550	72717
chr4	25762833	25962833	harbor1	chr4	25846358	25846523	SINE/MIR	550	-	82	25846440	83607
chr4	25762833	25962833	harbor1	chr4	25857541	25857702	SINE/MIR	530	-	80	25857621	94788
chr4	153364398	153564398	harbor1	chr4	153366745	153366972	SINE/MIR	954	-	114	153366859	2461
chr4	153364398	153564398	harbor1	chr4	153375250	153375475	SINE/MIR	801	-	112	153375362	10964
chr4	15581883	15781883	harbor1	chr4	15595423	15595657	SINE/MIR	923	-	117	15595540	13657
chr4	15581883	15781883	harbor1	chr4	15663910	15664131	SINE/MIR	638	-	110	15664020	82137
chr4	120822783	121022783	harbor1	chr4	120866471	120866709	SINE/MIR	789	-	119	120866590	43807
chr4	55295797	55495797	harbor1	chr4	55310377	55310538	SINE/MIR	549	-	80	55310457	14660
chr4	55295797	55495797	harbor1	chr4	55318501	55318732	SINE/MIR	681	-	116	55318617	22820
chr4	55295797	55495797	harbor1	chr4	55369057	55369286	SINE/MIR	993	-	114	55369171	73374
chr5	73351493	73551493	harbor1	chr5	73376033	73376203	SINE/MIR	651	-	85	73376118	24625
chr5	73351493	73551493	harbor1	chr5	73422872	73423123	SINE/MIR	607	-	126	73422998	71505
chr5	9549845	9749845	harbor1	chr5	9558941	9559182	SINE/MIR	675	-	120	9559061	9216
chr5	9549845	9749845	harbor1	chr5	9560726	9560912	SINE/MIR	497	-	93	9560819	10974
chr5	9549845	9749845	harbor1	chr5	9578997	9579132	SINE/MIR	477	-	68	9579065	29220
chr5	10661237	10861237	harbor1	chr5	10668542	10668700	SINE/MIR	513	-	79	10668621	7384
chr5	10661237	10861237	harbor1	chr5	10693450	10693697	SINE/MIR	447	-	124	10693574	32337
chr5	10661237	10861237	harbor1	chr5	10706240	10706480	SINE/MIR	853	-	120	10706360	45123
chr5	9114326	9314326	harbor1	chr5	9129749	9129953	SINE/MIR	530	-	102	9129851	15525
chr5	9114326	9314326	harbor1	chr5	9204498	9204708	SINE/MIR	539	-	105	9204603	90277
chr5	10341920	10541920	harbor1	chr5	10354993	10355183	SINE/MIR	480	-	95	10355088	13168
chr5	10341920	10541920	harbor1	chr5	10355625	10355830	SINE/MIR	770	-	102	10355727	13807
chr5	10341920	10541920	harbor1	chr5	10378219	10378445	SINE/MIR	778	-	113	10378332	36412
chr5	10150551	10350551	harbor1	chr5	10249377	10249590	SINE/MIR	510	-	106	10249483	98932
chr5	150532654	150732654	harbor1	chr5	150534547	150534729	SINE/MIR	461	-	91	150534638	1984
chr5	150532654	150732654	harbor1	chr5	150542076	150542252	SINE/MIR	449	-	88	150542164	9510
chr5	150532654	150732654	harbor1	chr5	150561596	150561708	SINE/MIR	547	-	56	150561652	28998
chr5	150532654	150732654	harbor1	chr5	150594678	150594850	SINE/MIR	514	-	86	150594764	62110
chr5	150532654	150732654	harbor1	chr5	150606326	150606553	SINE/MIR	542	-	114	150606440	73786
chr5	150532654	150732654	harbor1	chr5	150607541	150607698	SINE/MIR	563	-	78	150607619	74965
chr5	150532654	150732654	harbor1	chr5	150614097	150614298	SINE/MIR	545	-	100	150614197	81543
chr5	150532654	150732654	harbor1	chr5	150617062	150617264	SINE/MIR	609	-	101	150617163	84509
chr5	150532654	150732654	harbor1	chr5	150620312	150620556	SINE/MIR	682	-	122	150620434	87780
chr5	150532654	150732654	harbor1	chr5	150620732	150620835	SINE/MIR	595	-	52	150620784	88130
chr5	150532654	150732654	harbor1	chr5	150621993	150622127	SINE/MIR	550	-	67	150622060	89406
chr5	150532654	150732654	harbor1	chr5	150622128	150622324	SINE/MIR	827	-	98	150622226	89572
chr5	150532654	150732654	harbor1	chr5	150629690	150629935	SINE/MIR	750	-	122	150629812	97158
chr5	37007782	37207782	harbor1	chr5	37039475	37039594	SINE/MIR	447	-	60	37039535	31753
chr5	37007782	37207782	harbor1	chr5	37039919	37040133	SINE/MIR	703	-	107	37040026	32244
chr5	37007782	37207782	harbor1	chr5	37048046	37048259	SINE/MIR	972	-	106	37048152	40370
chr5	10102676	10302676	harbor1	chr5	10145151	10145392	SINE/MIR	601	-	120	10145271	42595
chr5	10296849	10496849	harbor1	chr5	10354993	10355183	SINE/MIR	480	-	95	10355088	58239
chr5	10296849	10496849	harbor1	chr5	10355625	10355830	SINE/MIR	770	-	102	10355727	58878
chr5	10296849	10496849	harbor1	chr5	10378219	10378445	SINE/MIR	778	-	113	10378332	81483
chr5	10661256	10861256	harbor1	chr5	10668542	10668700	SINE/MIR	513	-	79	10668621	7365
chr5	10661256	10861256	harbor1	chr5	10693450	10693697	SINE/MIR	447	-	124	10693574	32318
chr5	10661256	10861256	harbor1	chr5	10706240	10706480	SINE/MIR	853	-	120	10706360	45104
chr5	40697590	40897590	harbor1	chr5	40716894	40716946	SINE/MIR	808	-	26	40716920	19330
chr5	40697590	40897590	harbor1	chr5	40717248	40717440	SINE/MIR	808	-	96	40717344	19754
chr5	40697590	40897590	harbor1	chr5	40736671	40736889	SINE/MIR	654	-	109	40736780	39190
chr5	40697590	40897590	harbor1	chr5	40742331	40742571	SINE/MIR	788	-	120	40742451	44861
chr5	40697590	40897590	harbor1	chr5	40765617	40765849	SINE/MIR	803	-	116	40765733	68143
chr5	40697590	40897590	harbor1	chr5	40784728	40784881	SINE/MIR	579	-	76	40784804	87214
chr5	40697590	40897590	harbor1	chr5	40763351	40763539	SINE/MIR	556	-	94	40763445	65855
chr5	141778257	141978257	harbor1	chr5	141779180	141779387	SINE/MIR	686	-	104	141779284	1027
chr5	141778257	141978257	harbor1	chr5	141782489	141782704	SINE/MIR	629	-	108	141782597	4340
chr5	141778257	141978257	harbor1	chr5	141783461	141783671	SINE/MIR	445	-	105	141783566	5309
chr5	141778257	141978257	harbor1	chr5	141784866	141785033	SINE/MIR	424	-	84	141784950	6693
chr5	141778257	141978257	harbor1	chr5	141786201	141786382	SINE/MIR	414	-	90	141786291	8034
chr5	141778257	141978257	harbor1	chr5	141786388	141786564	SINE/MIR	483	-	88	141786476	8219
chr5	141778257	141978257	harbor1	chr5	141789705	141789910	SINE/MIR	656	-	102	141789807	11550
chr5	141778257	141978257	harbor1	chr5	141790706	141790939	SINE/MIR	848	-	116	141790822	12565
chr5	141778257	141978257	harbor1	chr5	141799505	141799605	SINE/MIR	476	-	50	141799555	21298
chr5	141778257	141978257	harbor1	chr5	141799964	141800092	SINE/MIR	429	-	64	141800028	21771
chr5	141778257	141978257	harbor1	chr5	141800835	141800990	SINE/MIR	412	-	78	141800913	22656
chr5	141778257	141978257	harbor1	chr5	141803323	141803462	SINE/MIR	549	-	70	141803393	25136
chr5	141778257	141978257	harbor1	chr5	141810312	141810532	SINE/MIR	505	-	110	141810422	32165
chr5	141778257	141978257	harbor1	chr5	141813665	141813901	SINE/MIR	833	-	118	141813783	35526
chr5	141778257	141978257	harbor1	chr5	141815742	141815921	SINE/MIR	564	-	90	141815832	37575
chr5	141778257	141978257	harbor1	chr5	141816051	141816076	SINE/MIR	564	-	12	141816063	37806
chr5	141778257	141978257	harbor1	chr5	141820231	141820464	SINE/MIR	671	-	116	141820347	42090
chr5	141778257	141978257	harbor1	chr5	141824492	141824678	SINE/MIR	536	-	93	141824585	46328
chr5	141778257	141978257	harbor1	chr5	141828210	141828448	SINE/MIR	907	-	119	141828329	50072
chr5	141778257	141978257	harbor1	chr5	141845019	141845189	SINE/MIR	540	-	85	141845104	66847
chr5	141778257	141978257	harbor1	chr5	141847918	141848073	SINE/MIR	624	-	78	141847996	69739
chr5	141778257	141978257	harbor1	chr5	141873838	141874026	SINE/MIR	431	-	94	141873932	95675
chr5	10661135	10861135	harbor1	chr5	10668542	10668700	SINE/MIR	513	-	79	10668621	7486
chr5	10661135	10861135	harbor1	chr5	10693450	10693697	SINE/MIR	447	-	124	10693574	32439
chr5	10661135	10861135	harbor1	chr5	10706240	10706480	SINE/MIR	853	-	120	10706360	45225
chr5	10184404	10384404	harbor1	chr5	10249377	10249590	SINE/MIR	510	-	106	10249483	65079
chr5	135008188	135208188	harbor1	chr5	135016415	135016617	SINE/MIR	500	-	101	135016516	8328
chr5	135008188	135208188	harbor1	chr5	135019244	135019378	SINE/MIR	486	-	67	135019311	11123
chr5	135008188	135208188	harbor1	chr5	135056835	135057046	SINE/MIR	885	-	106	135056941	48753
chr5	135008188	135208188	harbor1	chr5	135070802	135071017	SINE/MIR	487	-	108	135070910	62722
chr5	135008188	135208188	harbor1	chr5	135072140	135072286	SINE/MIR	434	-	73	135072213	64025
chr5	135008188	135208188	harbor1	chr5	135079417	135079635	SINE/MIR	433	-	109	135079526	71338
chr5	135008188	135208188	harbor1	chr5	135105812	135106006	SINE/MIR	579	-	97	135105909	97721
chr5	169913062	170113062	harbor1	chr5	169916698	169916939	SINE/MIR	718	-	120	169916818	3756
chr5	169913062	170113062	harbor1	chr5	169920019	169920227	SINE/MIR	440	-	104	169920123	7061
chr5	169913062	170113062	harbor1	chr5	169922922	169923149	SINE/MIR	416	-	114	169923036	9974
chr5	169913062	170113062	harbor1	chr5	169937536	169937666	SINE/MIR	417	-	65	169937601	24539
chr5	169913062	170113062	harbor1	chr5	169945449	169945636	SINE/MIR	555	-	94	169945543	32481
chr5	169913062	170113062	harbor1	chr5	169947028	169947243	SINE/MIR	501	-	108	169947136	34074
chr5	169913062	170113062	harbor1	chr5	169947346	169947544	SINE/MIR	569	-	99	169947445	34383
chr5	169913062	170113062	harbor1	chr5	169951726	169951951	SINE/MIR	569	-	112	169951838	38776
chr5	169913062	170113062	harbor1	chr5	169965732	169965881	SINE/MIR	522	-	74	169965806	52744
chr5	169913062	170113062	harbor1	chr5	169973414	169973622	SINE/MIR	449	-	104	169973518	60456
chr5	169913062	170113062	harbor1	chr5	169977423	169977655	SINE/MIR	682	-	116	169977539	64477
chr5	169913062	170113062	harbor1	chr5	169984369	169984533	SINE/MIR	416	-	82	169984451	71389
chr5	169913062	170113062	harbor1	chr5	169988262	169988456	SINE/MIR	525	-	97	169988359	75297
chr5	169913062	170113062	harbor1	chr5	170001927	170002074	SINE/MIR	433	-	74	170002001	88939
chr5	169913062	170113062	harbor1	chr5	170003152	170003400	SINE/MIR	706	-	124	170003276	90214
chr5	169913062	170113062	harbor1	chr5	170000309	170000492	SINE/MIR	519	-	92	170000401	87339
chr5	138846281	139046281	harbor1	chr5	138857711	138857821	SINE/MIR	506	-	55	138857766	11485
chr5	109788598	109988598	harbor1	chr5	109812102	109812305	SINE/MIR	491	-	102	109812204	23606
chr5	109788598	109988598	harbor1	chr5	109861528	109861728	SINE/MIR	681	-	100	109861628	73030
chr5	132128916	132328916	harbor1	chr5	132149977	132150162	SINE/MIR	482	-	92	132150069	21153
chr5	73351452	73551452	harbor1	chr5	73376033	73376203	SINE/MIR	651	-	85	73376118	24666
chr5	73351452	73551452	harbor1	chr5	73422872	73423123	SINE/MIR	607	-	126	73422998	71546
chr5	134969039	135169039	harbor1	chr5	134996605	134996823	SINE/MIR	628	-	109	134996714	27675
chr5	134969039	135169039	harbor1	chr5	135016415	135016617	SINE/MIR	500	-	101	135016516	47477
chr5	134969039	135169039	harbor1	chr5	135019244	135019378	SINE/MIR	486	-	67	135019311	50272
chr5	134969039	135169039	harbor1	chr5	135056835	135057046	SINE/MIR	885	-	106	135056941	87902
chr5	37740423	37940423	harbor1	chr5	37753914	37754124	SINE/MIR	672	-	105	37754019	13596
chr5	37740423	37940423	harbor1	chr5	37769828	37770011	SINE/MIR	498	-	92	37769920	29497
chr5	37740423	37940423	harbor1	chr5	37830704	37830870	SINE/MIR	429	-	83	37830787	90364
chr5	10341913	10541913	harbor1	chr5	10354993	10355183	SINE/MIR	480	-	95	10355088	13175
chr5	10341913	10541913	harbor1	chr5	10355625	10355830	SINE/MIR	770	-	102	10355727	13814
chr5	10341913	10541913	harbor1	chr5	10378219	10378445	SINE/MIR	778	-	113	10378332	36419
chr5	73350932	73550932	harbor1	chr5	73376033	73376203	SINE/MIR	651	-	85	73376118	25186
chr5	73350932	73550932	harbor1	chr5	73422872	73423123	SINE/MIR	607	-	126	73422998	72066
chr5	9879703	10079703	harbor1	chr5	9884982	9885200	SINE/MIR	845	-	109	9885091	5388
chr5	10661236	10861236	harbor1	chr5	10668542	10668700	SINE/MIR	513	-	79	10668621	7385
chr5	10661236	10861236	harbor1	chr5	10693450	10693697	SINE/MIR	447	-	124	10693574	32338
chr5	10661236	10861236	harbor1	chr5	10706240	10706480	SINE/MIR	853	-	120	10706360	45124
chr5	176525237	176725237	harbor1	chr5	176540252	176540319	SINE/MIR	430	-	34	176540286	15049
chr5	176525237	176725237	harbor1	chr5	176545557	176545769	SINE/MIR	583	-	106	176545663	20426
chr5	176525237	176725237	harbor1	chr5	176546402	176546564	SINE/MIR	582	-	81	176546483	21246
chr5	176525237	176725237	harbor1	chr5	176561110	176561316	SINE/MIR	630	-	103	176561213	35976
chr5	176525237	176725237	harbor1	chr5	176574463	176574526	SINE/MIR	501	-	32	176574495	49258
chr5	176525237	176725237	harbor1	chr5	176574872	176575003	SINE/MIR	501	-	66	176574938	49701
chr5	176525237	176725237	harbor1	chr5	176579255	176579468	SINE/MIR	558	-	106	176579361	54124
chr5	176525237	176725237	harbor1	chr5	176585387	176585567	SINE/MIR	465	-	90	176585477	60240
chr5	176525237	176725237	harbor1	chr5	176607653	176607780	SINE/MIR	446	-	64	176607717	82480
chr5	176525237	176725237	harbor1	chr5	176611056	176611317	SINE/MIR	532	-	130	176611186	85949
chr5	176525237	176725237	harbor1	chr5	176614752	176614986	SINE/MIR	579	-	117	176614869	89632
chr5	176525237	176725237	harbor1	chr5	176615907	176616107	SINE/MIR	587	-	100	176616007	90770
chr5	135374498	135574498	harbor1	chr5	135384702	135384914	SINE/MIR	570	-	106	135384808	10310
chr5	135374498	135574498	harbor1	chr5	135437793	135438010	SINE/MIR	669	-	108	135437901	63403
chr5	135374498	135574498	harbor1	chr5	135446087	135446282	SINE/MIR	572	-	98	135446185	71687
chr5	135374498	135574498	harbor1	chr5	135447422	135447640	SINE/MIR	547	-	109	135447531	73033
chr5	135374498	135574498	harbor1	chr5	135457360	135457490	SINE/MIR	452	-	65	135457425	82927
chr5	135374498	135574498	harbor1	chr5	135465768	135465930	SINE/MIR	565	-	81	135465849	91351
chr5	135008281	135208281	harbor1	chr5	135016415	135016617	SINE/MIR	500	-	101	135016516	8235
chr5	135008281	135208281	harbor1	chr5	135019244	135019378	SINE/MIR	486	-	67	135019311	11030
chr5	135008281	135208281	harbor1	chr5	135056835	135057046	SINE/MIR	885	-	106	135056941	48660
chr5	135008281	135208281	harbor1	chr5	135070802	135071017	SINE/MIR	487	-	108	135070910	62629
chr5	135008281	135208281	harbor1	chr5	135072140	135072286	SINE/MIR	434	-	73	135072213	63932
chr5	135008281	135208281	harbor1	chr5	135079417	135079635	SINE/MIR	433	-	109	135079526	71245
chr5	135008281	135208281	harbor1	chr5	135105812	135106006	SINE/MIR	579	-	97	135105909	97628
chr5	135830655	136030655	harbor1	chr5	135836719	135836896	SINE/MIR	808	-	88	135836807	6152
chr5	135830655	136030655	harbor1	chr5	135840199	135840366	SINE/MIR	568	-	84	135840283	9628
chr5	135830655	136030655	harbor1	chr5	135855362	135855554	SINE/MIR	680	-	96	135855458	24803
chr5	135830655	136030655	harbor1	chr5	135863566	135863763	SINE/MIR	492	-	98	135863664	33009
chr5	135830655	136030655	harbor1	chr5	135865031	135865235	SINE/MIR	468	-	102	135865133	34478
chr5	135830655	136030655	harbor1	chr5	135871957	135872220	SINE/MIR	465	-	132	135872089	41434
chr5	135830655	136030655	harbor1	chr5	135873679	135873914	SINE/MIR	725	-	118	135873797	43142
chr5	135830655	136030655	harbor1	chr5	135879252	135879496	SINE/MIR	597	-	122	135879374	48719
chr5	135830655	136030655	harbor1	chr5	135897100	135897284	SINE/MIR	680	-	92	135897192	66537
chr5	135830655	136030655	harbor1	chr5	135901618	135901828	SINE/MIR	524	-	105	135901723	71068
chr5	135830655	136030655	harbor1	chr5	135908826	135908970	SINE/MIR	446	-	72	135908898	78243
chr5	10341778	10541778	harbor1	chr5	10354993	10355183	SINE/MIR	480	-	95	10355088	13310
chr5	10341778	10541778	harbor1	chr5	10355625	10355830	SINE/MIR	770	-	102	10355727	13949
chr5	10341778	10541778	harbor1	chr5	10378219	10378445	SINE/MIR	778	-	113	10378332	36554
chr5	177199777	177399777	harbor1	chr5	177248751	177248996	SINE/MIR	780	-	122	177248873	49096
chr5	177199777	177399777	harbor1	chr5	177271323	177271541	SINE/MIR	519	-	109	177271432	71655
chr5	71628508	71828508	harbor1	chr5	71694542	71694782	SINE/MIR	618	-	120	71694662	66154
chr5	71628508	71828508	harbor1	chr5	71718442	71718641	SINE/MIR	515	-	100	71718542	90034
chr5	52700042	52900042	harbor1	chr5	52740343	52740594	SINE/MIR	642	-	126	52740469	40427
chr5	52700042	52900042	harbor1	chr5	52784946	52785206	SINE/MIR	706	-	130	52785076	85034
chr5	135297931	135497931	harbor1	chr5	135304737	135304925	SINE/MIR	878	-	94	135304831	6900
chr5	135297931	135497931	harbor1	chr5	135310625	135310837	SINE/MIR	472	-	106	135310731	12800
chr5	135297931	135497931	harbor1	chr5	135317179	135317394	SINE/MIR	447	-	108	135317287	19356
chr5	135297931	135497931	harbor1	chr5	135349854	135350027	SINE/MIR	428	-	86	135349940	52009
chr5	135297931	135497931	harbor1	chr5	135366371	135366551	SINE/MIR	521	-	90	135366461	68530
chr5	135297931	135497931	harbor1	chr5	135370282	135370453	SINE/MIR	463	-	86	135370368	72437
chr5	135297931	135497931	harbor1	chr5	135384702	135384914	SINE/MIR	570	-	106	135384808	86877
chr5	73350824	73550824	harbor1	chr5	73376033	73376203	SINE/MIR	651	-	85	73376118	25294
chr5	73350824	73550824	harbor1	chr5	73422872	73423123	SINE/MIR	607	-	126	73422998	72174
chr5	10661301	10861301	harbor1	chr5	10668542	10668700	SINE/MIR	513	-	79	10668621	7320
chr5	10661301	10861301	harbor1	chr5	10693450	10693697	SINE/MIR	447	-	124	10693574	32273
chr5	10661301	10861301	harbor1	chr5	10706240	10706480	SINE/MIR	853	-	120	10706360	45059
chr5	73336206	73536206	harbor1	chr5	73376033	73376203	SINE/MIR	651	-	85	73376118	39912
chr5	73336206	73536206	harbor1	chr5	73422872	73423123	SINE/MIR	607	-	126	73422998	86792
chr5	9111212	9311212	harbor1	chr5	9129749	9129953	SINE/MIR	530	-	102	9129851	18639
chr5	9111212	9311212	harbor1	chr5	9204498	9204708	SINE/MIR	539	-	105	9204603	93391
chr5	73177858	73377858	harbor1	chr5	73246992	73247248	SINE/MIR	594	-	128	73247120	69262
chr5	73177858	73377858	harbor1	chr5	73249570	73249804	SINE/MIR	588	-	117	73249687	71829
chr5	73177858	73377858	harbor1	chr5	73252781	73253008	SINE/MIR	697	-	114	73252895	75037
chr5	141125589	141325589	harbor1	chr5	141142369	141142525	SINE/MIR	478	-	78	141142447	16858
chr5	141125589	141325589	harbor1	chr5	141177376	141177479	SINE/MIR	610	-	52	141177428	51839
chr5	141125589	141325589	harbor1	chr5	141213464	141213567	SINE/MIR	550	-	52	141213516	87927
chr5	141125589	141325589	harbor1	chr5	141222410	141222618	SINE/MIR	605	-	104	141222514	96925
chr5	10341929	10541929	harbor1	chr5	10354993	10355183	SINE/MIR	480	-	95	10355088	13159
chr5	10341929	10541929	harbor1	chr5	10355625	10355830	SINE/MIR	770	-	102	10355727	13798
chr5	10341929	10541929	harbor1	chr5	10378219	10378445	SINE/MIR	778	-	113	10378332	36403
chr5	4034239	4234239	harbor1	chr5	4130849	4131021	SINE/MIR	444	-	86	4130935	96696
chr5	10660380	10860380	harbor1	chr5	10668542	10668700	SINE/MIR	513	-	79	10668621	8241
chr5	10660380	10860380	harbor1	chr5	10693450	10693697	SINE/MIR	447	-	124	10693574	33194
chr5	10660380	10860380	harbor1	chr5	10706240	10706480	SINE/MIR	853	-	120	10706360	45980
chr5	139797116	139997116	harbor1	chr5	139803445	139803661	SINE/MIR	497	-	108	139803553	6437
chr5	139797116	139997116	harbor1	chr5	139817819	139818009	SINE/MIR	509	-	95	139817914	20798
chr5	139797116	139997116	harbor1	chr5	139850156	139850372	SINE/MIR	475	-	108	139850264	53148
chr5	139797116	139997116	harbor1	chr5	139863079	139863296	SINE/MIR	623	-	108	139863187	66071
chr5	139797116	139997116	harbor1	chr5	139887703	139887926	SINE/MIR	554	-	112	139887815	90699
chr5	139797116	139997116	harbor1	chr5	139888204	139888413	SINE/MIR	448	-	104	139888308	91192
chr5	73351484	73551484	harbor1	chr5	73376033	73376203	SINE/MIR	651	-	85	73376118	24634
chr5	73351484	73551484	harbor1	chr5	73422872	73423123	SINE/MIR	607	-	126	73422998	71514
chr5	9114356	9314356	harbor1	chr5	9129749	9129953	SINE/MIR	530	-	102	9129851	15495
chr5	9114356	9314356	harbor1	chr5	9204498	9204708	SINE/MIR	539	-	105	9204603	90247
chr5	9114296	9314296	harbor1	chr5	9129749	9129953	SINE/MIR	530	-	102	9129851	15555
chr5	9114296	9314296	harbor1	chr5	9204498	9204708	SINE/MIR	539	-	105	9204603	90307
chr5	132103968	132303968	harbor1	chr5	132149977	132150162	SINE/MIR	482	-	92	132150069	46101
chr5	150964914	151164914	harbor1	chr5	150977065	150977304	SINE/MIR	831	-	120	150977185	12271
chr5	150964914	151164914	harbor1	chr5	151010250	151010404	SINE/MIR	534	-	77	151010327	45413
chr5	150964914	151164914	harbor1	chr5	151024436	151024581	SINE/MIR	545	-	72	151024508	59594
chr5	150964914	151164914	harbor1	chr5	151029564	151029784	SINE/MIR	498	-	110	151029674	64760
chr5	150964914	151164914	harbor1	chr5	151030851	151031061	SINE/MIR	553	-	105	151030956	66042
chr5	150964914	151164914	harbor1	chr5	151032414	151032652	SINE/MIR	593	-	119	151032533	67619
chr5	150964914	151164914	harbor1	chr5	151037024	151037247	SINE/MIR	664	-	112	151037136	72222
chr5	150964914	151164914	harbor1	chr5	151039934	151040084	SINE/MIR	512	-	75	151040009	75095
chr5	150964914	151164914	harbor1	chr5	151048313	151048541	SINE/MIR	706	-	114	151048427	83513
chr5	150964914	151164914	harbor1	chr5	151056021	151056201	SINE/MIR	529	-	90	151056111	91197
chr5	150964914	151164914	harbor1	chr5	151058710	151058884	SINE/MIR	428	-	87	151058797	93883
chr5	150964914	151164914	harbor1	chr5	151062504	151062693	SINE/MIR	412	-	94	151062598	97684
chr5	135980228	136180228	harbor1	chr5	136001006	136001246	SINE/MIR	793	-	120	136001126	20898
chr5	135980228	136180228	harbor1	chr5	136002251	136002474	SINE/MIR	473	-	112	136002363	22135
chr5	135980228	136180228	harbor1	chr5	136016552	136016740	SINE/MIR	545	-	94	136016646	36418
chr5	135980228	136180228	harbor1	chr5	136026426	136026599	SINE/MIR	436	-	86	136026512	46284
chr5	135980228	136180228	harbor1	chr5	136039162	136039330	SINE/MIR	523	-	84	136039246	59018
chr5	135980228	136180228	harbor1	chr5	136042281	136042466	SINE/MIR	511	-	92	136042373	62145
chr5	135980228	136180228	harbor1	chr5	136052515	136052736	SINE/MIR	821	-	110	136052625	72397
chr5	135980228	136180228	harbor1	chr5	136074317	136074369	SINE/MIR	441	-	26	136074343	94115
chr5	135980228	136180228	harbor1	chr5	136074724	136074808	SINE/MIR	441	-	42	136074766	94538
chr5	73351560	73551560	harbor1	chr5	73376033	73376203	SINE/MIR	651	-	85	73376118	24558
chr5	73351560	73551560	harbor1	chr5	73422872	73423123	SINE/MIR	607	-	126	73422998	71438
chr5	10661235	10861235	harbor1	chr5	10668542	10668700	SINE/MIR	513	-	79	10668621	7386
chr5	10661235	10861235	harbor1	chr5	10693450	10693697	SINE/MIR	447	-	124	10693574	32339
chr5	10661235	10861235	harbor1	chr5	10706240	10706480	SINE/MIR	853	-	120	10706360	45125
chr5	9114331	9314331	harbor1	chr5	9129749	9129953	SINE/MIR	530	-	102	9129851	15520
chr5	9114331	9314331	harbor1	chr5	9204498	9204708	SINE/MIR	539	-	105	9204603	90272
chr5	52699384	52899384	harbor1	chr5	52740343	52740594	SINE/MIR	642	-	126	52740469	41085
chr5	52699384	52899384	harbor1	chr5	52784946	52785206	SINE/MIR	706	-	130	52785076	85692
chr5	9114252	9314252	harbor1	chr5	9129749	9129953	SINE/MIR	530	-	102	9129851	15599
chr5	9114252	9314252	harbor1	chr5	9204498	9204708	SINE/MIR	539	-	105	9204603	90351
chr5	9114320	9314320	harbor1	chr5	9129749	9129953	SINE/MIR	530	-	102	9129851	15531
chr5	9114320	9314320	harbor1	chr5	9204498	9204708	SINE/MIR	539	-	105	9204603	90283
chr5	171287664	171487664	harbor1	chr5	171290864	171291103	SINE/MIR	874	-	120	171290984	3320
chr5	171287664	171487664	harbor1	chr5	171292333	171292494	SINE/MIR	555	-	80	171292413	4749
chr5	171287664	171487664	harbor1	chr5	171297774	171297846	SINE/MIR	454	-	36	171297810	10146
chr5	171287664	171487664	harbor1	chr5	171298158	171298313	SINE/MIR	454	-	78	171298236	10572
chr5	171287664	171487664	harbor1	chr5	171300691	171300855	SINE/MIR	590	-	82	171300773	13109
chr5	171287664	171487664	harbor1	chr5	171303201	171303425	SINE/MIR	662	-	112	171303313	15649
chr5	171287664	171487664	harbor1	chr5	171307820	171308052	SINE/MIR	552	-	116	171307936	20272
chr5	171287664	171487664	harbor1	chr5	171318675	171318848	SINE/MIR	476	-	86	171318761	31097
chr5	171287664	171487664	harbor1	chr5	171320160	171320254	SINE/MIR	430	-	47	171320207	32543
chr5	171287664	171487664	harbor1	chr5	171321003	171321113	SINE/MIR	430	-	55	171321058	33394
chr5	171287664	171487664	harbor1	chr5	171321139	171321306	SINE/MIR	477	-	84	171321223	33559
chr5	93472721	93672721	harbor1	chr5	93516497	93516723	SINE/MIR	784	-	113	93516610	43889
chr5	93472721	93672721	harbor1	chr5	93518376	93518564	SINE/MIR	540	-	94	93518470	45749
chr5	93472721	93672721	harbor1	chr5	93533617	93533765	SINE/MIR	672	-	74	93533691	60970
chr5	93472721	93672721	harbor1	chr5	93534168	93534375	SINE/MIR	710	-	104	93534272	61551
chr5	73351469	73551469	harbor1	chr5	73376033	73376203	SINE/MIR	651	-	85	73376118	24649
chr5	73351469	73551469	harbor1	chr5	73422872	73423123	SINE/MIR	607	-	126	73422998	71529
chr5	9057233	9257233	harbor1	chr5	9129749	9129953	SINE/MIR	530	-	102	9129851	72618
chr5	9114329	9314329	harbor1	chr5	9129749	9129953	SINE/MIR	530	-	102	9129851	15522
chr5	9114329	9314329	harbor1	chr5	9204498	9204708	SINE/MIR	539	-	105	9204603	90274
chr5	10311688	10511688	harbor1	chr5	10354993	10355183	SINE/MIR	480	-	95	10355088	43400
chr5	10311688	10511688	harbor1	chr5	10355625	10355830	SINE/MIR	770	-	102	10355727	44039
chr5	10311688	10511688	harbor1	chr5	10378219	10378445	SINE/MIR	778	-	113	10378332	66644
chr5	74950541	75150541	harbor1	chr5	74983528	74983693	SINE/MIR	428	-	82	74983610	33069
chr5	74950541	75150541	harbor1	chr5	75036272	75036488	SINE/MIR	656	-	108	75036380	85839
chr5	143206591	143406591	harbor1	chr5	143234160	143234390	SINE/MIR	699	-	115	143234275	27684
chr5	143206591	143406591	harbor1	chr5	143258039	143258194	SINE/MIR	534	-	78	143258117	51526
chr5	73114177	73314177	harbor1	chr5	73115322	73115488	SINE/MIR	644	-	83	73115405	1228
chr5	73114177	73314177	harbor1	chr5	73125236	73125476	SINE/MIR	700	-	120	73125356	11179
chr5	73114177	73314177	harbor1	chr5	73130900	73131122	SINE/MIR	669	-	111	73131011	16834
chr5	73114177	73314177	harbor1	chr5	73132011	73132216	SINE/MIR	454	-	102	73132113	17936
chr5	73114177	73314177	harbor1	chr5	73156510	73156720	SINE/MIR	666	-	105	73156615	42438
chr5	171288209	171488209	harbor1	chr5	171290864	171291103	SINE/MIR	874	-	120	171290984	2775
chr5	171288209	171488209	harbor1	chr5	171292333	171292494	SINE/MIR	555	-	80	171292413	4204
chr5	171288209	171488209	harbor1	chr5	171297774	171297846	SINE/MIR	454	-	36	171297810	9601
chr5	171288209	171488209	harbor1	chr5	171298158	171298313	SINE/MIR	454	-	78	171298236	10027
chr5	171288209	171488209	harbor1	chr5	171300691	171300855	SINE/MIR	590	-	82	171300773	12564
chr5	171288209	171488209	harbor1	chr5	171303201	171303425	SINE/MIR	662	-	112	171303313	15104
chr5	171288209	171488209	harbor1	chr5	171307820	171308052	SINE/MIR	552	-	116	171307936	19727
chr5	171288209	171488209	harbor1	chr5	171318675	171318848	SINE/MIR	476	-	86	171318761	30552
chr5	171288209	171488209	harbor1	chr5	171320160	171320254	SINE/MIR	430	-	47	171320207	31998
chr5	171288209	171488209	harbor1	chr5	171321003	171321113	SINE/MIR	430	-	55	171321058	32849
chr5	171288209	171488209	harbor1	chr5	171321139	171321306	SINE/MIR	477	-	84	171321223	33014
chr5	10661175	10861175	harbor1	chr5	10668542	10668700	SINE/MIR	513	-	79	10668621	7446
chr5	10661175	10861175	harbor1	chr5	10693450	10693697	SINE/MIR	447	-	124	10693574	32399
chr5	10661175	10861175	harbor1	chr5	10706240	10706480	SINE/MIR	853	-	120	10706360	45185
chr5	93221055	93421055	harbor1	chr5	93223181	93223384	SINE/MIR	509	-	102	93223283	2228
chr5	93221055	93421055	harbor1	chr5	93240926	93241127	SINE/MIR	445	-	100	93241026	19971
chr5	93221055	93421055	harbor1	chr5	93295524	93295677	SINE/MIR	453	-	76	93295600	74545
chr5	61231969	61431969	harbor1	chr5	61245274	61245429	SINE/MIR	485	-	78	61245352	13383
chr5	61231969	61431969	harbor1	chr5	61254082	61254232	SINE/MIR	415	-	75	61254157	22188
chr5	61231969	61431969	harbor1	chr5	61268027	61268173	SINE/MIR	469	-	73	61268100	36131
chr5	61231969	61431969	harbor1	chr5	61298325	61298540	SINE/MIR	497	-	108	61298433	66464
chr5	61231969	61431969	harbor1	chr5	61298583	61298750	SINE/MIR	483	-	84	61298667	66698
chr5	52700079	52900079	harbor1	chr5	52740343	52740594	SINE/MIR	642	-	126	52740469	40390
chr5	52700079	52900079	harbor1	chr5	52784946	52785206	SINE/MIR	706	-	130	52785076	84997
chr5	4842506	5042506	harbor1	chr5	4881377	4881539	SINE/MIR	558	-	81	4881458	38952
chr5	4842506	5042506	harbor1	chr5	4895974	4896114	SINE/MIR	447	-	70	4896044	53538
chr5	150964913	151164913	harbor1	chr5	150977065	150977304	SINE/MIR	831	-	120	150977185	12272
chr5	150964913	151164913	harbor1	chr5	151010250	151010404	SINE/MIR	534	-	77	151010327	45414
chr5	150964913	151164913	harbor1	chr5	151024436	151024581	SINE/MIR	545	-	72	151024508	59595
chr5	150964913	151164913	harbor1	chr5	151029564	151029784	SINE/MIR	498	-	110	151029674	64761
chr5	150964913	151164913	harbor1	chr5	151030851	151031061	SINE/MIR	553	-	105	151030956	66043
chr5	150964913	151164913	harbor1	chr5	151032414	151032652	SINE/MIR	593	-	119	151032533	67620
chr5	150964913	151164913	harbor1	chr5	151037024	151037247	SINE/MIR	664	-	112	151037136	72223
chr5	150964913	151164913	harbor1	chr5	151039934	151040084	SINE/MIR	512	-	75	151040009	75096
chr5	150964913	151164913	harbor1	chr5	151048313	151048541	SINE/MIR	706	-	114	151048427	83514
chr5	150964913	151164913	harbor1	chr5	151056021	151056201	SINE/MIR	529	-	90	151056111	91198
chr5	150964913	151164913	harbor1	chr5	151058710	151058884	SINE/MIR	428	-	87	151058797	93884
chr5	150964913	151164913	harbor1	chr5	151062504	151062693	SINE/MIR	412	-	94	151062598	97685
chr5	52699708	52899708	harbor1	chr5	52740343	52740594	SINE/MIR	642	-	126	52740469	40761
chr5	52699708	52899708	harbor1	chr5	52784946	52785206	SINE/MIR	706	-	130	52785076	85368
chr5	10660536	10860536	harbor1	chr5	10668542	10668700	SINE/MIR	513	-	79	10668621	8085
chr5	10660536	10860536	harbor1	chr5	10693450	10693697	SINE/MIR	447	-	124	10693574	33038
chr5	10660536	10860536	harbor1	chr5	10706240	10706480	SINE/MIR	853	-	120	10706360	45824
chr5	10024023	10224023	harbor1	chr5	10070948	10071145	SINE/MIR	647	-	98	10071046	47023
chr5	170538258	170738258	harbor1	chr5	170553310	170553511	SINE/MIR	615	-	100	170553410	15152
chr5	170538258	170738258	harbor1	chr5	170555360	170555574	SINE/MIR	419	-	107	170555467	17209
chr5	170538258	170738258	harbor1	chr5	170556046	170556290	SINE/MIR	478	-	122	170556168	17910
chr5	170538258	170738258	harbor1	chr5	170564876	170565012	SINE/MIR	417	-	68	170564944	26686
chr5	170538258	170738258	harbor1	chr5	170570855	170571054	SINE/MIR	446	-	100	170570955	32697
chr5	170538258	170738258	harbor1	chr5	170580319	170580549	SINE/MIR	438	-	115	170580434	42176
chr5	170538258	170738258	harbor1	chr5	170584939	170585130	SINE/MIR	732	-	96	170585035	46777
chr5	170538258	170738258	harbor1	chr5	170585220	170585367	SINE/MIR	553	-	74	170585294	47036
chr5	170538258	170738258	harbor1	chr5	170588225	170588381	SINE/MIR	432	-	78	170588303	50045
chr5	170538258	170738258	harbor1	chr5	170592325	170592492	SINE/MIR	480	-	84	170592409	54151
chr5	170538258	170738258	harbor1	chr5	170595643	170595828	SINE/MIR	633	-	92	170595735	57477
chr5	170538258	170738258	harbor1	chr5	170596927	170597133	SINE/MIR	524	-	103	170597030	58772
chr5	170538258	170738258	harbor1	chr5	170599985	170600209	SINE/MIR	885	-	112	170600097	61839
chr5	170538258	170738258	harbor1	chr5	170607454	170607606	SINE/MIR	449	-	76	170607530	69272
chr5	170538258	170738258	harbor1	chr5	170609282	170609454	SINE/MIR	433	-	86	170609368	71110
chr5	170538258	170738258	harbor1	chr5	170610895	170611084	SINE/MIR	602	-	94	170610989	72731
chr5	170538258	170738258	harbor1	chr5	170613355	170613554	SINE/MIR	705	-	100	170613455	75197
chr5	170538258	170738258	harbor1	chr5	170626145	170626376	SINE/MIR	550	-	116	170626261	88003
chr5	170538258	170738258	harbor1	chr5	170628314	170628488	SINE/MIR	451	-	87	170628401	90143
chr5	170538258	170738258	harbor1	chr5	170636755	170636967	SINE/MIR	575	-	106	170636861	98603
chr5	2003356	2203356	harbor1	chr5	2011118	2011328	SINE/MIR	562	-	105	2011223	7867
chr5	64935093	65135093	harbor1	chr5	64955193	64955430	SINE/MIR	544	-	118	64955311	20218
chr5	64935093	65135093	harbor1	chr5	64966427	64966654	SINE/MIR	680	-	114	64966541	31448
chr5	64935093	65135093	harbor1	chr5	64984149	64984300	SINE/MIR	436	-	76	64984225	49132
chr5	64935093	65135093	harbor1	chr5	65009879	65010087	SINE/MIR	486	-	104	65009983	74890
chr5	64935093	65135093	harbor1	chr5	65026227	65026459	SINE/MIR	786	-	116	65026343	91250
chr5	132103911	132303911	harbor1	chr5	132149977	132150162	SINE/MIR	482	-	92	132150069	46158
chr5	73350822	73550822	harbor1	chr5	73376033	73376203	SINE/MIR	651	-	85	73376118	25296
chr5	73350822	73550822	harbor1	chr5	73422872	73423123	SINE/MIR	607	-	126	73422998	72176
chr5	10661147	10861147	harbor1	chr5	10668542	10668700	SINE/MIR	513	-	79	10668621	7474
chr5	10661147	10861147	harbor1	chr5	10693450	10693697	SINE/MIR	447	-	124	10693574	32427
chr5	10661147	10861147	harbor1	chr5	10706240	10706480	SINE/MIR	853	-	120	10706360	45213
chr5	135919218	136119218	harbor1	chr5	135961600	135961803	SINE/MIR	438	-	102	135961702	42484
chr5	135919218	136119218	harbor1	chr5	136001006	136001246	SINE/MIR	793	-	120	136001126	81908
chr5	135919218	136119218	harbor1	chr5	136002251	136002474	SINE/MIR	473	-	112	136002363	83145
chr5	135919218	136119218	harbor1	chr5	136016552	136016740	SINE/MIR	545	-	94	136016646	97428
chr5	6533033	6733033	harbor1	chr5	6552216	6552444	SINE/MIR	473	-	114	6552330	19297
chr5	6533033	6733033	harbor1	chr5	6593123	6593160	SINE/MIR	602	-	18	6593141	60108
chr5	6533033	6733033	harbor1	chr5	6593739	6593877	SINE/MIR	602	-	69	6593808	60775
chr5	126677744	126877744	harbor1	chr5	126700806	126700947	SINE/MIR	456	-	70	126700876	23132
chr5	126677744	126877744	harbor1	chr5	126701235	126701370	SINE/MIR	456	-	68	126701303	23559
chr5	126677744	126877744	harbor1	chr5	126729768	126729921	SINE/MIR	556	-	76	126729844	52100
chr5	126677744	126877744	harbor1	chr5	126759764	126759986	SINE/MIR	608	-	111	126759875	82131
chr5	10341894	10541894	harbor1	chr5	10354993	10355183	SINE/MIR	480	-	95	10355088	13194
chr5	10341894	10541894	harbor1	chr5	10355625	10355830	SINE/MIR	770	-	102	10355727	13833
chr5	10341894	10541894	harbor1	chr5	10378219	10378445	SINE/MIR	778	-	113	10378332	36438
chr5	10231669	10431669	harbor1	chr5	10249377	10249590	SINE/MIR	510	-	106	10249483	17814
chr5	93490732	93690732	harbor1	chr5	93516497	93516723	SINE/MIR	784	-	113	93516610	25878
chr5	93490732	93690732	harbor1	chr5	93518376	93518564	SINE/MIR	540	-	94	93518470	27738
chr5	93490732	93690732	harbor1	chr5	93533617	93533765	SINE/MIR	672	-	74	93533691	42959
chr5	93490732	93690732	harbor1	chr5	93534168	93534375	SINE/MIR	710	-	104	93534272	43540
chr5	10150998	10350998	harbor1	chr5	10249377	10249590	SINE/MIR	510	-	106	10249483	98485
chr5	71628507	71828507	harbor1	chr5	71694542	71694782	SINE/MIR	618	-	120	71694662	66155
chr5	71628507	71828507	harbor1	chr5	71718442	71718641	SINE/MIR	515	-	100	71718542	90035
chr5	177199421	177399421	harbor1	chr5	177248751	177248996	SINE/MIR	780	-	122	177248873	49452
chr5	177199421	177399421	harbor1	chr5	177271323	177271541	SINE/MIR	519	-	109	177271432	72011
chr5	78709775	78909775	harbor1	chr5	78721739	78721957	SINE/MIR	811	-	109	78721848	12073
chr5	78410099	78610099	harbor1	chr5	78417543	78417765	SINE/MIR	530	-	111	78417654	7555
chr5	78410099	78610099	harbor1	chr5	78444798	78445017	SINE/MIR	566	-	110	78444908	34809
chr5	78410099	78610099	harbor1	chr5	78499310	78499533	SINE/MIR	794	-	112	78499422	89323
chr5	78410099	78610099	harbor1	chr5	78505777	78505951	SINE/MIR	700	-	87	78505864	95765
chr5	10661144	10861144	harbor1	chr5	10668542	10668700	SINE/MIR	513	-	79	10668621	7477
chr5	10661144	10861144	harbor1	chr5	10693450	10693697	SINE/MIR	447	-	124	10693574	32430
chr5	10661144	10861144	harbor1	chr5	10706240	10706480	SINE/MIR	853	-	120	10706360	45216
chr5	10661231	10861231	harbor1	chr5	10668542	10668700	SINE/MIR	513	-	79	10668621	7390
chr5	10661231	10861231	harbor1	chr5	10693450	10693697	SINE/MIR	447	-	124	10693574	32343
chr5	10661231	10861231	harbor1	chr5	10706240	10706480	SINE/MIR	853	-	120	10706360	45129
chr5	10339015	10539015	harbor1	chr5	10354993	10355183	SINE/MIR	480	-	95	10355088	16073
chr5	10339015	10539015	harbor1	chr5	10355625	10355830	SINE/MIR	770	-	102	10355727	16712
chr5	10339015	10539015	harbor1	chr5	10378219	10378445	SINE/MIR	778	-	113	10378332	39317
chr5	137653913	137853913	harbor1	chr5	137661530	137661774	SINE/MIR	518	-	122	137661652	7739
chr5	137653913	137853913	harbor1	chr5	137667878	137668070	SINE/MIR	697	-	96	137667974	14061
chr5	137653913	137853913	harbor1	chr5	137674066	137674220	SINE/MIR	534	-	77	137674143	20230
chr5	137653913	137853913	harbor1	chr5	137675433	137675670	SINE/MIR	817	-	118	137675551	21638
chr5	137653913	137853913	harbor1	chr5	137676575	137676837	SINE/MIR	649	-	131	137676706	22793
chr5	137653913	137853913	harbor1	chr5	137682065	137682279	SINE/MIR	603	-	107	137682172	28259
chr5	137653913	137853913	harbor1	chr5	137698855	137699098	SINE/MIR	1057	-	122	137698977	45064
chr5	137653913	137853913	harbor1	chr5	137700906	137701033	SINE/MIR	448	-	64	137700970	47057
chr5	137653913	137853913	harbor1	chr5	137701348	137701449	SINE/MIR	448	-	50	137701398	47485
chr5	137653913	137853913	harbor1	chr5	137710730	137710960	SINE/MIR	831	-	115	137710845	56932
chr5	137653913	137853913	harbor1	chr5	137715828	137716023	SINE/MIR	630	-	98	137715926	62013
chr5	137653913	137853913	harbor1	chr5	137730031	137730228	SINE/MIR	540	-	98	137730129	76216
chr5	137653913	137853913	harbor1	chr5	137732727	137732965	SINE/MIR	765	-	119	137732846	78933
chr5	137653913	137853913	harbor1	chr5	137742504	137742761	SINE/MIR	924	-	128	137742632	88719
chr5	137653913	137853913	harbor1	chr5	137748523	137748735	SINE/MIR	621	-	106	137748629	94716
chr5	78410150	78610150	harbor1	chr5	78417543	78417765	SINE/MIR	530	-	111	78417654	7504
chr5	78410150	78610150	harbor1	chr5	78444798	78445017	SINE/MIR	566	-	110	78444908	34758
chr5	78410150	78610150	harbor1	chr5	78499310	78499533	SINE/MIR	794	-	112	78499422	89272
chr5	78410150	78610150	harbor1	chr5	78505777	78505951	SINE/MIR	700	-	87	78505864	95714
chr5	133904558	134104558	harbor1	chr5	133913962	133914166	SINE/MIR	494	-	102	133914064	9506
chr6	31056818	31256818	harbor1	chr6	31065823	31066032	SINE/MIR	512	-	104	31065927	9109
chr6	31056818	31256818	harbor1	chr6	31093134	31093303	SINE/MIR	533	-	84	31093218	36400
chr6	31056818	31256818	harbor1	chr6	31107401	31107628	SINE/MIR	637	-	114	31107515	50697
chr6	31056818	31256818	harbor1	chr6	31120039	31120286	SINE/MIR	484	-	124	31120163	63345
chr6	31056818	31256818	harbor1	chr6	31124308	31124530	SINE/MIR	600	-	111	31124419	67601
chr6	31640512	31840512	harbor1	chr6	31663516	31663725	SINE/MIR	614	-	104	31663620	23108
chr6	31640512	31840512	harbor1	chr6	31732494	31732550	SINE/MIR	546	-	28	31732522	92010
chr6	31640512	31840512	harbor1	chr6	31732809	31732840	SINE/MIR	546	-	16	31732825	92313
chr6	31640512	31840512	harbor1	chr6	31733141	31733305	SINE/MIR	546	-	82	31733223	92711
chr6	37070857	37270857	harbor1	chr6	37080052	37080222	SINE/MIR	600	-	85	37080137	9280
chr6	37070857	37270857	harbor1	chr6	37096047	37096259	SINE/MIR	518	-	106	37096153	25296
chr6	37070857	37270857	harbor1	chr6	37097507	37097719	SINE/MIR	806	-	106	37097613	26756
chr6	37070857	37270857	harbor1	chr6	37152648	37152778	SINE/MIR	503	-	65	37152713	81856
chr6	37070857	37270857	harbor1	chr6	37167348	37167581	SINE/MIR	711	-	116	37167464	96607
chr6	37070857	37270857	harbor1	chr6	37109550	37109790	SINE/MIR	892	-	120	37109670	38813
chr6	139268099	139468099	harbor1	chr6	139270166	139270387	SINE/MIR	739	-	110	139270276	2177
chr6	127167311	127367311	harbor1	chr6	127192305	127192571	SINE/MIR	653	-	133	127192438	25127
chr6	127167311	127367311	harbor1	chr6	127199888	127200099	SINE/MIR	615	-	106	127199994	32683
chr6	127167311	127367311	harbor1	chr6	127225044	127225322	SINE/MIR	623	-	139	127225183	57872
chr6	37002869	37202869	harbor1	chr6	37014217	37014384	SINE/MIR	778	-	84	37014301	11432
chr6	37002869	37202869	harbor1	chr6	37029047	37029242	SINE/MIR	528	-	98	37029145	26276
chr6	37002869	37202869	harbor1	chr6	37034318	37034495	SINE/MIR	480	-	88	37034406	31537
chr6	37002869	37202869	harbor1	chr6	37069392	37069601	SINE/MIR	599	-	104	37069496	66627
chr6	37002869	37202869	harbor1	chr6	37080052	37080222	SINE/MIR	600	-	85	37080137	77268
chr6	37002869	37202869	harbor1	chr6	37096047	37096259	SINE/MIR	518	-	106	37096153	93284
chr6	37002869	37202869	harbor1	chr6	37097507	37097719	SINE/MIR	806	-	106	37097613	94744
chr6	37070851	37270851	harbor1	chr6	37080052	37080222	SINE/MIR	600	-	85	37080137	9286
chr6	37070851	37270851	harbor1	chr6	37096047	37096259	SINE/MIR	518	-	106	37096153	25302
chr6	37070851	37270851	harbor1	chr6	37097507	37097719	SINE/MIR	806	-	106	37097613	26762
chr6	37070851	37270851	harbor1	chr6	37152648	37152778	SINE/MIR	503	-	65	37152713	81862
chr6	37070851	37270851	harbor1	chr6	37167348	37167581	SINE/MIR	711	-	116	37167464	96613
chr6	37070851	37270851	harbor1	chr6	37109550	37109790	SINE/MIR	892	-	120	37109670	38819
chr6	37070872	37270872	harbor1	chr6	37080052	37080222	SINE/MIR	600	-	85	37080137	9265
chr6	37070872	37270872	harbor1	chr6	37096047	37096259	SINE/MIR	518	-	106	37096153	25281
chr6	37070872	37270872	harbor1	chr6	37097507	37097719	SINE/MIR	806	-	106	37097613	26741
chr6	37070872	37270872	harbor1	chr6	37152648	37152778	SINE/MIR	503	-	65	37152713	81841
chr6	37070872	37270872	harbor1	chr6	37167348	37167581	SINE/MIR	711	-	116	37167464	96592
chr6	37070872	37270872	harbor1	chr6	37109550	37109790	SINE/MIR	892	-	120	37109670	38798
chr6	124862435	125062435	harbor1	chr6	124916785	124916936	SINE/MIR	515	-	76	124916861	54426
chr6	11481954	11681954	harbor1	chr6	11508598	11508801	SINE/MIR	708	-	102	11508700	26746
chr6	11481954	11681954	harbor1	chr6	11542829	11543036	SINE/MIR	589	-	104	11542933	60979
chr6	11481954	11681954	harbor1	chr6	11573409	11573622	SINE/MIR	583	-	106	11573515	91561
chr6	11481954	11681954	harbor1	chr6	11550602	11550793	SINE/MIR	601	-	96	11550698	68744
chr6	37070827	37270827	harbor1	chr6	37080052	37080222	SINE/MIR	600	-	85	37080137	9310
chr6	37070827	37270827	harbor1	chr6	37096047	37096259	SINE/MIR	518	-	106	37096153	25326
chr6	37070827	37270827	harbor1	chr6	37097507	37097719	SINE/MIR	806	-	106	37097613	26786
chr6	37070827	37270827	harbor1	chr6	37152648	37152778	SINE/MIR	503	-	65	37152713	81886
chr6	37070827	37270827	harbor1	chr6	37167348	37167581	SINE/MIR	711	-	116	37167464	96637
chr6	37070827	37270827	harbor1	chr6	37109550	37109790	SINE/MIR	892	-	120	37109670	38843
chr6	105894234	106094234	harbor1	chr6	105918214	105918398	SINE/MIR	628	-	92	105918306	24072
chr6	105894234	106094234	harbor1	chr6	105931100	105931344	SINE/MIR	708	-	122	105931222	36988
chr6	105894234	106094234	harbor1	chr6	105983932	105984086	SINE/MIR	564	-	77	105984009	89775
chr6	36992832	37192832	harbor1	chr6	37001446	37001633	SINE/MIR	616	-	94	37001540	8708
chr6	36992832	37192832	harbor1	chr6	37014217	37014384	SINE/MIR	778	-	84	37014301	21469
chr6	36992832	37192832	harbor1	chr6	37029047	37029242	SINE/MIR	528	-	98	37029145	36313
chr6	36992832	37192832	harbor1	chr6	37034318	37034495	SINE/MIR	480	-	88	37034406	41574
chr6	36992832	37192832	harbor1	chr6	37069392	37069601	SINE/MIR	599	-	104	37069496	76664
chr6	36992832	37192832	harbor1	chr6	37080052	37080222	SINE/MIR	600	-	85	37080137	87305
chr6	107387585	107587585	harbor1	chr6	107399063	107399242	SINE/MIR	463	-	90	107399153	11568
chr6	107387585	107587585	harbor1	chr6	107431751	107431988	SINE/MIR	504	-	118	107431869	44284
chr6	107387585	107587585	harbor1	chr6	107443926	107444033	SINE/MIR	1127	-	54	107443980	56395
chr6	107387585	107587585	harbor1	chr6	107444331	107444482	SINE/MIR	1127	-	76	107444407	56822
chr6	107387585	107587585	harbor1	chr6	107445777	107445938	SINE/MIR	563	-	80	107445857	58272
chr6	107387585	107587585	harbor1	chr6	107460326	107460498	SINE/MIR	655	-	86	107460412	72827
chr6	138673799	138873799	harbor1	chr6	138686587	138686787	SINE/MIR	470	-	100	138686687	12888
chr6	138673799	138873799	harbor1	chr6	138762664	138762805	SINE/MIR	478	-	70	138762734	88935
chr6	35352746	35552746	harbor1	chr6	35359736	35359932	SINE/MIR	898	-	98	35359834	7088
chr6	35352746	35552746	harbor1	chr6	35360421	35360578	SINE/MIR	496	-	78	35360499	7753
chr6	35352746	35552746	harbor1	chr6	35391797	35391944	SINE/MIR	598	-	74	35391871	39125
chr6	35352746	35552746	harbor1	chr6	35425394	35425604	SINE/MIR	576	-	105	35425499	72753
chr6	35352746	35552746	harbor1	chr6	35441731	35441913	SINE/MIR	667	-	91	35441822	89076
chr6	35352746	35552746	harbor1	chr6	35442068	35442106	SINE/MIR	667	-	19	35442087	89341
chr6	31630414	31830414	harbor1	chr6	31663516	31663725	SINE/MIR	614	-	104	31663620	33206
chr6	45541025	45741025	harbor1	chr6	45557535	45557721	SINE/MIR	609	-	93	45557628	16603
chr6	45541025	45741025	harbor1	chr6	45569730	45569921	SINE/MIR	726	-	96	45569826	28801
chr6	45541025	45741025	harbor1	chr6	45579166	45579351	SINE/MIR	566	-	92	45579258	38233
chr6	45541025	45741025	harbor1	chr6	45592563	45592769	SINE/MIR	507	-	103	45592666	51641
chr6	45541025	45741025	harbor1	chr6	45618958	45619146	SINE/MIR	575	-	94	45619052	78027
chr6	45541025	45741025	harbor1	chr6	45622623	45622841	SINE/MIR	646	-	109	45622732	81707
chr6	99421500	99621500	harbor1	chr6	99476562	99476761	SINE/MIR	592	-	100	99476662	55162
chr6	99421500	99621500	harbor1	chr6	99503066	99503244	SINE/MIR	473	-	89	99503155	81655
chr6	99421500	99621500	harbor1	chr6	99514769	99515005	SINE/MIR	819	-	118	99514887	93387
chr6	31970478	32170478	harbor1	chr6	32048774	32048983	SINE/MIR	472	-	104	32048878	78400
chr6	41820289	42020289	harbor1	chr6	41827762	41827973	SINE/MIR	663	-	106	41827868	7579
chr6	41820289	42020289	harbor1	chr6	41870144	41870359	SINE/MIR	566	-	108	41870252	49963
chr6	41820289	42020289	harbor1	chr6	41874483	41874659	SINE/MIR	727	-	88	41874571	54282
chr6	41820289	42020289	harbor1	chr6	41900455	41900664	SINE/MIR	559	-	104	41900559	80270
chr6	41820289	42020289	harbor1	chr6	41918113	41918222	SINE/MIR	840	-	54	41918167	97878
chr6	41820289	42020289	harbor1	chr6	41919153	41919284	SINE/MIR	840	-	66	41919219	98930
chr6	31630308	31830308	harbor1	chr6	31663516	31663725	SINE/MIR	614	-	104	31663620	33312
chr6	36493941	36693941	harbor1	chr6	36539471	36539715	SINE/MIR	710	-	122	36539593	45652
chr6	36493941	36693941	harbor1	chr6	36548778	36549003	SINE/MIR	614	-	112	36548890	54949
chr6	36493941	36693941	harbor1	chr6	36556382	36556580	SINE/MIR	550	-	99	36556481	62540
chr6	77363005	77563005	harbor1	chr6	77375496	77375672	SINE/MIR	574	-	88	77375584	12579
chr6	77363005	77563005	harbor1	chr6	77453446	77453580	SINE/MIR	540	-	67	77453513	90508
chr6	37002597	37202597	harbor1	chr6	37014217	37014384	SINE/MIR	778	-	84	37014301	11704
chr6	37002597	37202597	harbor1	chr6	37029047	37029242	SINE/MIR	528	-	98	37029145	26548
chr6	37002597	37202597	harbor1	chr6	37034318	37034495	SINE/MIR	480	-	88	37034406	31809
chr6	37002597	37202597	harbor1	chr6	37069392	37069601	SINE/MIR	599	-	104	37069496	66899
chr6	37002597	37202597	harbor1	chr6	37080052	37080222	SINE/MIR	600	-	85	37080137	77540
chr6	37002597	37202597	harbor1	chr6	37096047	37096259	SINE/MIR	518	-	106	37096153	93556
chr6	37002597	37202597	harbor1	chr6	37097507	37097719	SINE/MIR	806	-	106	37097613	95016
chr6	169864005	170064005	harbor1	chr6	169881526	169881640	SINE/MIR	462	-	57	169881583	17578
chr6	30784323	30984323	harbor1	chr6	30825801	30826009	SINE/MIR	527	-	104	30825905	41582
chr6	37070831	37270831	harbor1	chr6	37080052	37080222	SINE/MIR	600	-	85	37080137	9306
chr6	37070831	37270831	harbor1	chr6	37096047	37096259	SINE/MIR	518	-	106	37096153	25322
chr6	37070831	37270831	harbor1	chr6	37097507	37097719	SINE/MIR	806	-	106	37097613	26782
chr6	37070831	37270831	harbor1	chr6	37152648	37152778	SINE/MIR	503	-	65	37152713	81882
chr6	37070831	37270831	harbor1	chr6	37167348	37167581	SINE/MIR	711	-	116	37167464	96633
chr6	37070831	37270831	harbor1	chr6	37109550	37109790	SINE/MIR	892	-	120	37109670	38839
chr6	100355730	100555730	harbor1	chr6	100360751	100360940	SINE/MIR	670	-	94	100360845	5115
chr6	100355730	100555730	harbor1	chr6	100365840	100366042	SINE/MIR	634	-	101	100365941	10211
chr6	100355730	100555730	harbor1	chr6	100380122	100380354	SINE/MIR	513	-	116	100380238	24508
chr6	100355730	100555730	harbor1	chr6	100394155	100394346	SINE/MIR	652	-	96	100394251	38521
chr6	100355730	100555730	harbor1	chr6	100440109	100440359	SINE/MIR	839	-	125	100440234	84504
chr6	37070836	37270836	harbor1	chr6	37080052	37080222	SINE/MIR	600	-	85	37080137	9301
chr6	37070836	37270836	harbor1	chr6	37096047	37096259	SINE/MIR	518	-	106	37096153	25317
chr6	37070836	37270836	harbor1	chr6	37097507	37097719	SINE/MIR	806	-	106	37097613	26777
chr6	37070836	37270836	harbor1	chr6	37152648	37152778	SINE/MIR	503	-	65	37152713	81877
chr6	37070836	37270836	harbor1	chr6	37167348	37167581	SINE/MIR	711	-	116	37167464	96628
chr6	37070836	37270836	harbor1	chr6	37109550	37109790	SINE/MIR	892	-	120	37109670	38834
chr6	10421300	10621300	harbor1	chr6	10510812	10511035	SINE/MIR	605	-	112	10510924	89624
chr6	27415355	27615355	harbor1	chr6	27513887	27514058	SINE/MIR	625	-	86	27513973	98618
chr6	37070816	37270816	harbor1	chr6	37080052	37080222	SINE/MIR	600	-	85	37080137	9321
chr6	37070816	37270816	harbor1	chr6	37096047	37096259	SINE/MIR	518	-	106	37096153	25337
chr6	37070816	37270816	harbor1	chr6	37097507	37097719	SINE/MIR	806	-	106	37097613	26797
chr6	37070816	37270816	harbor1	chr6	37152648	37152778	SINE/MIR	503	-	65	37152713	81897
chr6	37070816	37270816	harbor1	chr6	37167348	37167581	SINE/MIR	711	-	116	37167464	96648
chr6	37070816	37270816	harbor1	chr6	37109550	37109790	SINE/MIR	892	-	120	37109670	38854
chr6	37070849	37270849	harbor1	chr6	37080052	37080222	SINE/MIR	600	-	85	37080137	9288
chr6	37070849	37270849	harbor1	chr6	37096047	37096259	SINE/MIR	518	-	106	37096153	25304
chr6	37070849	37270849	harbor1	chr6	37097507	37097719	SINE/MIR	806	-	106	37097613	26764
chr6	37070849	37270849	harbor1	chr6	37152648	37152778	SINE/MIR	503	-	65	37152713	81864
chr6	37070849	37270849	harbor1	chr6	37167348	37167581	SINE/MIR	711	-	116	37167464	96615
chr6	37070849	37270849	harbor1	chr6	37109550	37109790	SINE/MIR	892	-	120	37109670	38821
chr6	81650363	81850363	harbor1	chr6	81667092	81667311	SINE/MIR	498	-	110	81667202	16839
chr6	81650363	81850363	harbor1	chr6	81713305	81713362	SINE/MIR	480	-	28	81713333	62970
chr6	81650363	81850363	harbor1	chr6	81714194	81714378	SINE/MIR	480	-	92	81714286	63923
chr6	147104160	147304160	harbor1	chr6	147132892	147133125	SINE/MIR	842	-	116	147133008	28848
chr6	147104160	147304160	harbor1	chr6	147137265	147137503	SINE/MIR	666	-	119	147137384	33224
chr6	147104160	147304160	harbor1	chr6	147183327	147183492	SINE/MIR	484	-	82	147183409	79249
chr6	147104160	147304160	harbor1	chr6	147201568	147201829	SINE/MIR	532	-	130	147201698	97538
chr6	37070846	37270846	harbor1	chr6	37080052	37080222	SINE/MIR	600	-	85	37080137	9291
chr6	37070846	37270846	harbor1	chr6	37096047	37096259	SINE/MIR	518	-	106	37096153	25307
chr6	37070846	37270846	harbor1	chr6	37097507	37097719	SINE/MIR	806	-	106	37097613	26767
chr6	37070846	37270846	harbor1	chr6	37152648	37152778	SINE/MIR	503	-	65	37152713	81867
chr6	37070846	37270846	harbor1	chr6	37167348	37167581	SINE/MIR	711	-	116	37167464	96618
chr6	37070846	37270846	harbor1	chr6	37109550	37109790	SINE/MIR	892	-	120	37109670	38824
chr6	37070848	37270848	harbor1	chr6	37080052	37080222	SINE/MIR	600	-	85	37080137	9289
chr6	37070848	37270848	harbor1	chr6	37096047	37096259	SINE/MIR	518	-	106	37096153	25305
chr6	37070848	37270848	harbor1	chr6	37097507	37097719	SINE/MIR	806	-	106	37097613	26765
chr6	37070848	37270848	harbor1	chr6	37152648	37152778	SINE/MIR	503	-	65	37152713	81865
chr6	37070848	37270848	harbor1	chr6	37167348	37167581	SINE/MIR	711	-	116	37167464	96616
chr6	37070848	37270848	harbor1	chr6	37109550	37109790	SINE/MIR	892	-	120	37109670	38822
chr6	36343280	36543280	harbor1	chr6	36351740	36351921	SINE/MIR	490	-	90	36351830	8550
chr6	101699773	101899773	harbor1	chr6	101750116	101750349	SINE/MIR	666	-	116	101750232	50459
chr6	37070843	37270843	harbor1	chr6	37080052	37080222	SINE/MIR	600	-	85	37080137	9294
chr6	37070843	37270843	harbor1	chr6	37096047	37096259	SINE/MIR	518	-	106	37096153	25310
chr6	37070843	37270843	harbor1	chr6	37097507	37097719	SINE/MIR	806	-	106	37097613	26770
chr6	37070843	37270843	harbor1	chr6	37152648	37152778	SINE/MIR	503	-	65	37152713	81870
chr6	37070843	37270843	harbor1	chr6	37167348	37167581	SINE/MIR	711	-	116	37167464	96621
chr6	37070843	37270843	harbor1	chr6	37109550	37109790	SINE/MIR	892	-	120	37109670	38827
chr6	34135066	34335066	harbor1	chr6	34136102	34136260	SINE/MIR	685	-	79	34136181	1115
chr6	34135066	34335066	harbor1	chr6	34175688	34175838	SINE/MIR	649	-	75	34175763	40697
chr6	34135066	34335066	harbor1	chr6	34179721	34179762	SINE/MIR	550	-	20	34179741	44675
chr6	34135066	34335066	harbor1	chr6	34180019	34180101	SINE/MIR	550	-	41	34180060	44994
chr6	34135066	34335066	harbor1	chr6	34207262	34207438	SINE/MIR	499	-	88	34207350	72284
chr6	52184786	52384786	harbor1	chr6	52232780	52233013	SINE/MIR	732	-	116	52232896	48110
chr6	52184786	52384786	harbor1	chr6	52241614	52241838	SINE/MIR	462	-	112	52241726	56940
chr6	52184786	52384786	harbor1	chr6	52242929	52243094	SINE/MIR	525	-	82	52243011	58225
chr6	52184786	52384786	harbor1	chr6	52280356	52280587	SINE/MIR	838	-	116	52280472	95686
chr6	52184786	52384786	harbor1	chr6	52232165	52232300	SINE/MIR	595	-	68	52232233	47447
chr6	52184744	52384744	harbor1	chr6	52232780	52233013	SINE/MIR	732	-	116	52232896	48152
chr6	52184744	52384744	harbor1	chr6	52241614	52241838	SINE/MIR	462	-	112	52241726	56982
chr6	52184744	52384744	harbor1	chr6	52242929	52243094	SINE/MIR	525	-	82	52243011	58267
chr6	52184744	52384744	harbor1	chr6	52280356	52280587	SINE/MIR	838	-	116	52280472	95728
chr6	52184744	52384744	harbor1	chr6	52232165	52232300	SINE/MIR	595	-	68	52232233	47489
chr6	169864011	170064011	harbor1	chr6	169881526	169881640	SINE/MIR	462	-	57	169881583	17572
chr6	149351029	149551029	harbor1	chr6	149351539	149351774	SINE/MIR	751	-	118	149351657	628
chr6	149351029	149551029	harbor1	chr6	149433446	149433686	SINE/MIR	619	-	120	149433566	82537
chr6	10422562	10622562	harbor1	chr6	10510812	10511035	SINE/MIR	605	-	112	10510924	88362
chr6	42878982	43078982	harbor1	chr6	42879266	42879448	SINE/MIR	490	-	91	42879357	375
chr6	147104106	147304106	harbor1	chr6	147132892	147133125	SINE/MIR	842	-	116	147133008	28902
chr6	147104106	147304106	harbor1	chr6	147137265	147137503	SINE/MIR	666	-	119	147137384	33278
chr6	147104106	147304106	harbor1	chr6	147183327	147183492	SINE/MIR	484	-	82	147183409	79303
chr6	147104106	147304106	harbor1	chr6	147201568	147201829	SINE/MIR	532	-	130	147201698	97592
chr6	110248805	110448805	harbor1	chr6	110295900	110296096	SINE/MIR	524	-	98	110295998	47193
chr6	31996362	32196362	harbor1	chr6	32048774	32048983	SINE/MIR	472	-	104	32048878	52516
chr6	31996362	32196362	harbor1	chr6	32078733	32078881	SINE/MIR	676	-	74	32078807	82445
chr6	31996362	32196362	harbor1	chr6	32080511	32080719	SINE/MIR	882	-	104	32080615	84253
chr6	31996362	32196362	harbor1	chr6	32089531	32089737	SINE/MIR	864	-	103	32089634	93272
chr6	104840667	105040667	harbor1	chr6	104854985	104855102	SINE/MIR	615	-	58	104855043	14376
chr6	52476539	52676539	harbor1	chr6	52541237	52541371	SINE/MIR	537	-	67	52541304	64765
chr6	52476539	52676539	harbor1	chr6	52548482	52548703	SINE/MIR	530	-	110	52548592	72053
chr6	52476539	52676539	harbor1	chr6	52557345	52557579	SINE/MIR	492	-	117	52557462	80923
chr6	127167329	127367329	harbor1	chr6	127192305	127192571	SINE/MIR	653	-	133	127192438	25109
chr6	127167329	127367329	harbor1	chr6	127199888	127200099	SINE/MIR	615	-	106	127199994	32665
chr6	127167329	127367329	harbor1	chr6	127225044	127225322	SINE/MIR	623	-	139	127225183	57854
chr6	52184830	52384830	harbor1	chr6	52232780	52233013	SINE/MIR	732	-	116	52232896	48066
chr6	52184830	52384830	harbor1	chr6	52241614	52241838	SINE/MIR	462	-	112	52241726	56896
chr6	52184830	52384830	harbor1	chr6	52242929	52243094	SINE/MIR	525	-	82	52243011	58181
chr6	52184830	52384830	harbor1	chr6	52280356	52280587	SINE/MIR	838	-	116	52280472	95642
chr6	52184830	52384830	harbor1	chr6	52232165	52232300	SINE/MIR	595	-	68	52232233	47403
chr6	127167314	127367314	harbor1	chr6	127192305	127192571	SINE/MIR	653	-	133	127192438	25124
chr6	127167314	127367314	harbor1	chr6	127199888	127200099	SINE/MIR	615	-	106	127199994	32680
chr6	127167314	127367314	harbor1	chr6	127225044	127225322	SINE/MIR	623	-	139	127225183	57869
chr6	33522121	33722121	harbor1	chr6	33586146	33586338	SINE/MIR	546	-	96	33586242	64121
chr6	147104102	147304102	harbor1	chr6	147132892	147133125	SINE/MIR	842	-	116	147133008	28906
chr6	147104102	147304102	harbor1	chr6	147137265	147137503	SINE/MIR	666	-	119	147137384	33282
chr6	147104102	147304102	harbor1	chr6	147183327	147183492	SINE/MIR	484	-	82	147183409	79307
chr6	147104102	147304102	harbor1	chr6	147201568	147201829	SINE/MIR	532	-	130	147201698	97596
chr6	149351091	149551091	harbor1	chr6	149351539	149351774	SINE/MIR	751	-	118	149351657	566
chr6	149351091	149551091	harbor1	chr6	149433446	149433686	SINE/MIR	619	-	120	149433566	82475
chr6	79847089	80047089	harbor1	chr6	79871040	79871224	SINE/MIR	520	-	92	79871132	24043
chr6	79847089	80047089	harbor1	chr6	79896419	79896601	SINE/MIR	478	-	91	79896510	49421
chr6	79847089	80047089	harbor1	chr6	79901704	79901923	SINE/MIR	566	-	110	79901814	54725
chr6	79847089	80047089	harbor1	chr6	79925807	79926025	SINE/MIR	480	-	109	79925916	78827
chr6	79847089	80047089	harbor1	chr6	79941178	79941373	SINE/MIR	650	-	98	79941276	94187
chr6	165559697	165759697	harbor1	chr6	165583072	165583263	SINE/MIR	682	-	96	165583168	23471
chr6	165559697	165759697	harbor1	chr6	165590245	165590405	SINE/MIR	611	-	80	165590325	30628
chr6	165559697	165759697	harbor1	chr6	165594949	165595086	SINE/MIR	524	-	68	165595017	35320
chr6	150799534	150999534	harbor1	chr6	150814463	150814663	SINE/MIR	590	-	100	150814563	15029
chr6	41091863	41291863	harbor1	chr6	41175259	41175447	SINE/MIR	644	-	94	41175353	83490
chr6	45540941	45740941	harbor1	chr6	45557535	45557721	SINE/MIR	609	-	93	45557628	16687
chr6	45540941	45740941	harbor1	chr6	45569730	45569921	SINE/MIR	726	-	96	45569826	28885
chr6	45540941	45740941	harbor1	chr6	45579166	45579351	SINE/MIR	566	-	92	45579258	38317
chr6	45540941	45740941	harbor1	chr6	45592563	45592769	SINE/MIR	507	-	103	45592666	51725
chr6	45540941	45740941	harbor1	chr6	45618958	45619146	SINE/MIR	575	-	94	45619052	78111
chr6	45540941	45740941	harbor1	chr6	45622623	45622841	SINE/MIR	646	-	109	45622732	81791
chr6	45540990	45740990	harbor1	chr6	45557535	45557721	SINE/MIR	609	-	93	45557628	16638
chr6	45540990	45740990	harbor1	chr6	45569730	45569921	SINE/MIR	726	-	96	45569826	28836
chr6	45540990	45740990	harbor1	chr6	45579166	45579351	SINE/MIR	566	-	92	45579258	38268
chr6	45540990	45740990	harbor1	chr6	45592563	45592769	SINE/MIR	507	-	103	45592666	51676
chr6	45540990	45740990	harbor1	chr6	45618958	45619146	SINE/MIR	575	-	94	45619052	78062
chr6	45540990	45740990	harbor1	chr6	45622623	45622841	SINE/MIR	646	-	109	45622732	81742
chr6	37070864	37270864	harbor1	chr6	37080052	37080222	SINE/MIR	600	-	85	37080137	9273
chr6	37070864	37270864	harbor1	chr6	37096047	37096259	SINE/MIR	518	-	106	37096153	25289
chr6	37070864	37270864	harbor1	chr6	37097507	37097719	SINE/MIR	806	-	106	37097613	26749
chr6	37070864	37270864	harbor1	chr6	37152648	37152778	SINE/MIR	503	-	65	37152713	81849
chr6	37070864	37270864	harbor1	chr6	37167348	37167581	SINE/MIR	711	-	116	37167464	96600
chr6	37070864	37270864	harbor1	chr6	37109550	37109790	SINE/MIR	892	-	120	37109670	38806
chr6	43355517	43555517	harbor1	chr6	43426608	43426735	SINE/MIR	483	-	64	43426672	71155
chr6	43355517	43555517	harbor1	chr6	43427034	43427078	SINE/MIR	483	-	22	43427056	71539
chr6	146813054	147013054	harbor1	chr6	146870112	146870284	SINE/MIR	478	-	86	146870198	57144
chr6	34138380	34338380	harbor1	chr6	34175688	34175838	SINE/MIR	649	-	75	34175763	37383
chr6	34138380	34338380	harbor1	chr6	34179721	34179762	SINE/MIR	550	-	20	34179741	41361
chr6	34138380	34338380	harbor1	chr6	34180019	34180101	SINE/MIR	550	-	41	34180060	41680
chr6	34138380	34338380	harbor1	chr6	34207262	34207438	SINE/MIR	499	-	88	34207350	68970
chr6	45540939	45740939	harbor1	chr6	45557535	45557721	SINE/MIR	609	-	93	45557628	16689
chr6	45540939	45740939	harbor1	chr6	45569730	45569921	SINE/MIR	726	-	96	45569826	28887
chr6	45540939	45740939	harbor1	chr6	45579166	45579351	SINE/MIR	566	-	92	45579258	38319
chr6	45540939	45740939	harbor1	chr6	45592563	45592769	SINE/MIR	507	-	103	45592666	51727
chr6	45540939	45740939	harbor1	chr6	45618958	45619146	SINE/MIR	575	-	94	45619052	78113
chr6	45540939	45740939	harbor1	chr6	45622623	45622841	SINE/MIR	646	-	109	45622732	81793
chr6	43815149	44015149	harbor1	chr6	43830645	43830837	SINE/MIR	487	-	96	43830741	15592
chr6	43815149	44015149	harbor1	chr6	43849816	43849979	SINE/MIR	460	-	82	43849898	34749
chr6	43815149	44015149	harbor1	chr6	43860728	43860985	SINE/MIR	1159	-	128	43860856	45707
chr6	43815149	44015149	harbor1	chr6	43862974	43863166	SINE/MIR	587	-	96	43863070	47921
chr6	43815149	44015149	harbor1	chr6	43871467	43871720	SINE/MIR	711	-	126	43871593	56444
chr6	43815149	44015149	harbor1	chr6	43890291	43890506	SINE/MIR	527	-	108	43890399	75250
chr6	43815149	44015149	harbor1	chr6	43896300	43896504	SINE/MIR	658	-	102	43896402	81253
chr6	43815149	44015149	harbor1	chr6	43899877	43900089	SINE/MIR	856	-	106	43899983	84834
chr6	43815149	44015149	harbor1	chr6	43907548	43907769	SINE/MIR	666	-	110	43907658	92509
chr6	43815149	44015149	harbor1	chr6	43909488	43909751	SINE/MIR	994	-	132	43909620	94471
chr6	43815149	44015149	harbor1	chr6	43912245	43912438	SINE/MIR	477	-	96	43912341	97192
chr6	43815149	44015149	harbor1	chr6	43892584	43892897	SINE/MIR	593	-	156	43892740	77591
chr6	144187246	144387246	harbor1	chr6	144210730	144210896	SINE/MIR	485	-	83	144210813	23567
chr6	144187246	144387246	harbor1	chr6	144250851	144250994	SINE/MIR	468	-	72	144250923	63677
chr6	144187246	144387246	harbor1	chr6	144251837	144251986	SINE/MIR	489	-	74	144251911	64665
chr6	127167324	127367324	harbor1	chr6	127192305	127192571	SINE/MIR	653	-	133	127192438	25114
chr6	127167324	127367324	harbor1	chr6	127199888	127200099	SINE/MIR	615	-	106	127199994	32670
chr6	127167324	127367324	harbor1	chr6	127225044	127225322	SINE/MIR	623	-	139	127225183	57859
chr6	52184746	52384746	harbor1	chr6	52232780	52233013	SINE/MIR	732	-	116	52232896	48150
chr6	52184746	52384746	harbor1	chr6	52241614	52241838	SINE/MIR	462	-	112	52241726	56980
chr6	52184746	52384746	harbor1	chr6	52242929	52243094	SINE/MIR	525	-	82	52243011	58265
chr6	52184746	52384746	harbor1	chr6	52280356	52280587	SINE/MIR	838	-	116	52280472	95726
chr6	52184746	52384746	harbor1	chr6	52232165	52232300	SINE/MIR	595	-	68	52232233	47487
chr6	169863372	170063372	harbor1	chr6	169881526	169881640	SINE/MIR	462	-	57	169881583	18211
chr6	166855964	167055964	harbor1	chr6	166939872	166940094	SINE/MIR	488	-	111	166939983	84019
chr6	166855964	167055964	harbor1	chr6	166954371	166954506	SINE/MIR	491	-	68	166954439	98475
chr6	127167395	127367395	harbor1	chr6	127192305	127192571	SINE/MIR	653	-	133	127192438	25043
chr6	127167395	127367395	harbor1	chr6	127199888	127200099	SINE/MIR	615	-	106	127199994	32599
chr6	127167395	127367395	harbor1	chr6	127225044	127225322	SINE/MIR	623	-	139	127225183	57788
chr6	56854700	57054700	harbor1	chr6	56874478	56874728	SINE/MIR	483	-	125	56874603	19903
chr6	56854700	57054700	harbor1	chr6	56879712	56879890	SINE/MIR	569	-	89	56879801	25101
chr6	24811164	25011164	harbor1	chr6	24832871	24833045	SINE/MIR	1007	-	87	24832958	21794
chr6	149351013	149551013	harbor1	chr6	149351539	149351774	SINE/MIR	751	-	118	149351657	644
chr6	149351013	149551013	harbor1	chr6	149433446	149433686	SINE/MIR	619	-	120	149433566	82553
chr6	105894232	106094232	harbor1	chr6	105918214	105918398	SINE/MIR	628	-	92	105918306	24074
chr6	105894232	106094232	harbor1	chr6	105931100	105931344	SINE/MIR	708	-	122	105931222	36990
chr6	105894232	106094232	harbor1	chr6	105983932	105984086	SINE/MIR	564	-	77	105984009	89777
chr6	127167313	127367313	harbor1	chr6	127192305	127192571	SINE/MIR	653	-	133	127192438	25125
chr6	127167313	127367313	harbor1	chr6	127199888	127200099	SINE/MIR	615	-	106	127199994	32681
chr6	127167313	127367313	harbor1	chr6	127225044	127225322	SINE/MIR	623	-	139	127225183	57870
chr6	45540950	45740950	harbor1	chr6	45557535	45557721	SINE/MIR	609	-	93	45557628	16678
chr6	45540950	45740950	harbor1	chr6	45569730	45569921	SINE/MIR	726	-	96	45569826	28876
chr6	45540950	45740950	harbor1	chr6	45579166	45579351	SINE/MIR	566	-	92	45579258	38308
chr6	45540950	45740950	harbor1	chr6	45592563	45592769	SINE/MIR	507	-	103	45592666	51716
chr6	45540950	45740950	harbor1	chr6	45618958	45619146	SINE/MIR	575	-	94	45619052	78102
chr6	45540950	45740950	harbor1	chr6	45622623	45622841	SINE/MIR	646	-	109	45622732	81782
chr6	2665182	2865182	harbor1	chr6	2694672	2694896	SINE/MIR	541	-	112	2694784	29602
chr6	2665182	2865182	harbor1	chr6	2717636	2717818	SINE/MIR	528	-	91	2717727	52545
chr6	2665182	2865182	harbor1	chr6	2735891	2736079	SINE/MIR	564	-	94	2735985	70803
chr6	2665182	2865182	harbor1	chr6	2761540	2761745	SINE/MIR	575	-	102	2761642	96460
chr6	27415346	27615346	harbor1	chr6	27513887	27514058	SINE/MIR	625	-	86	27513973	98627
chr6	43521769	43721769	harbor1	chr6	43583679	43583844	SINE/MIR	537	-	82	43583761	61992
chr6	43521769	43721769	harbor1	chr6	43584156	43584240	SINE/MIR	537	-	42	43584198	62429
chr6	43521769	43721769	harbor1	chr6	43594716	43594880	SINE/MIR	516	-	82	43594798	73029
chr6	27415357	27615357	harbor1	chr6	27513887	27514058	SINE/MIR	625	-	86	27513973	98616
chr6	34138364	34338364	harbor1	chr6	34175688	34175838	SINE/MIR	649	-	75	34175763	37399
chr6	34138364	34338364	harbor1	chr6	34179721	34179762	SINE/MIR	550	-	20	34179741	41377
chr6	34138364	34338364	harbor1	chr6	34180019	34180101	SINE/MIR	550	-	41	34180060	41696
chr6	34138364	34338364	harbor1	chr6	34207262	34207438	SINE/MIR	499	-	88	34207350	68986
chr6	107857147	108057147	harbor1	chr6	107911458	107911701	SINE/MIR	908	-	122	107911580	54433
chr6	35352842	35552842	harbor1	chr6	35359736	35359932	SINE/MIR	898	-	98	35359834	6992
chr6	35352842	35552842	harbor1	chr6	35360421	35360578	SINE/MIR	496	-	78	35360499	7657
chr6	35352842	35552842	harbor1	chr6	35391797	35391944	SINE/MIR	598	-	74	35391871	39029
chr6	35352842	35552842	harbor1	chr6	35425394	35425604	SINE/MIR	576	-	105	35425499	72657
chr6	35352842	35552842	harbor1	chr6	35441731	35441913	SINE/MIR	667	-	91	35441822	88980
chr6	35352842	35552842	harbor1	chr6	35442068	35442106	SINE/MIR	667	-	19	35442087	89245
chr6	13611912	13811912	harbor1	chr6	13633429	13633650	SINE/MIR	948	-	110	13633539	21627
chr6	13611912	13811912	harbor1	chr6	13645549	13645720	SINE/MIR	553	-	86	13645635	33723
chr6	13611912	13811912	harbor1	chr6	13698640	13698885	SINE/MIR	745	-	122	13698762	86850
chr6	70156169	70356169	harbor1	chr6	70184395	70184580	SINE/MIR	488	-	92	70184487	28318
chr6	70156169	70356169	harbor1	chr6	70187813	70188017	SINE/MIR	754	-	102	70187915	31746
chr6	70156169	70356169	harbor1	chr6	70188370	70188601	SINE/MIR	624	-	116	70188486	32317
chr6	70156169	70356169	harbor1	chr6	70223268	70223524	SINE/MIR	962	-	128	70223396	67227
chr6	52184768	52384768	harbor1	chr6	52232780	52233013	SINE/MIR	732	-	116	52232896	48128
chr6	52184768	52384768	harbor1	chr6	52241614	52241838	SINE/MIR	462	-	112	52241726	56958
chr6	52184768	52384768	harbor1	chr6	52242929	52243094	SINE/MIR	525	-	82	52243011	58243
chr6	52184768	52384768	harbor1	chr6	52280356	52280587	SINE/MIR	838	-	116	52280472	95704
chr6	52184768	52384768	harbor1	chr6	52232165	52232300	SINE/MIR	595	-	68	52232233	47465
chr6	124862446	125062446	harbor1	chr6	124916785	124916936	SINE/MIR	515	-	76	124916861	54415
chr6	111111942	111311942	harbor1	chr6	111128204	111128414	SINE/MIR	553	-	105	111128309	16367
chr6	111111942	111311942	harbor1	chr6	111172044	111172243	SINE/MIR	491	-	100	111172144	60202
chr6	111111942	111311942	harbor1	chr6	111179249	111179432	SINE/MIR	474	-	92	111179341	67399
chr6	111111942	111311942	harbor1	chr6	111180134	111180262	SINE/MIR	490	-	64	111180198	68256
chr6	111111942	111311942	harbor1	chr6	111187177	111187375	SINE/MIR	484	-	99	111187276	75334
chr6	111111942	111311942	harbor1	chr6	111205530	111205760	SINE/MIR	955	-	115	111205645	93703
chr6	111111942	111311942	harbor1	chr6	111210106	111210264	SINE/MIR	603	-	79	111210185	98243
chr6	41091918	41291918	harbor1	chr6	41175259	41175447	SINE/MIR	644	-	94	41175353	83435
chr6	31996234	32196234	harbor1	chr6	32048774	32048983	SINE/MIR	472	-	104	32048878	52644
chr6	31996234	32196234	harbor1	chr6	32078733	32078881	SINE/MIR	676	-	74	32078807	82573
chr6	31996234	32196234	harbor1	chr6	32080511	32080719	SINE/MIR	882	-	104	32080615	84381
chr6	31996234	32196234	harbor1	chr6	32089531	32089737	SINE/MIR	864	-	103	32089634	93400
chr6	159069545	159269545	harbor1	chr6	159093817	159094010	SINE/MIR	473	-	96	159093913	24368
chr6	159069545	159269545	harbor1	chr6	159099983	159100193	SINE/MIR	553	-	105	159100088	30543
chr6	159069545	159269545	harbor1	chr6	159110265	159110431	SINE/MIR	627	-	83	159110348	40803
chr6	159069545	159269545	harbor1	chr6	159112989	159113203	SINE/MIR	571	-	107	159113096	43551
chr6	34138141	34338141	harbor1	chr6	34175688	34175838	SINE/MIR	649	-	75	34175763	37622
chr6	34138141	34338141	harbor1	chr6	34179721	34179762	SINE/MIR	550	-	20	34179741	41600
chr6	34138141	34338141	harbor1	chr6	34180019	34180101	SINE/MIR	550	-	41	34180060	41919
chr6	34138141	34338141	harbor1	chr6	34207262	34207438	SINE/MIR	499	-	88	34207350	69209
chr6	208571	408571	harbor1	chr6	215860	216085	SINE/MIR	492	-	112	215972	7401
chr6	208571	408571	harbor1	chr6	219656	219811	SINE/MIR	542	-	78	219734	11163
chr6	208571	408571	harbor1	chr6	240037	240190	SINE/MIR	496	-	76	240113	31542
chr6	208571	408571	harbor1	chr6	296265	296468	SINE/MIR	474	-	102	296367	87796
chr6	63473420	63673420	harbor1	chr6	63488242	63488441	SINE/MIR	603	-	100	63488342	14922
chr6	63473420	63673420	harbor1	chr6	63495176	63495402	SINE/MIR	635	-	113	63495289	21869
chr6	63473420	63673420	harbor1	chr6	63496561	63496618	SINE/MIR	506	-	28	63496589	23169
chr6	63473420	63673420	harbor1	chr6	63496752	63496887	SINE/MIR	506	-	68	63496820	23400
chr6	63473420	63673420	harbor1	chr6	63521873	63522059	SINE/MIR	549	-	93	63521966	48546
chr6	146812183	147012183	harbor1	chr6	146870112	146870284	SINE/MIR	478	-	86	146870198	58015
chr6	27415340	27615340	harbor1	chr6	27513887	27514058	SINE/MIR	625	-	86	27513973	98633
chr6	87813618	88013618	harbor1	chr6	87903716	87903875	SINE/MIR	505	-	80	87903796	90178
chr6	63535819	63735819	harbor1	chr6	63622673	63622888	SINE/MIR	669	-	108	63622781	86962
chr6	158719384	158919384	harbor1	chr6	158719688	158719807	SINE/MIR	512	-	60	158719748	364
chr6	158719384	158919384	harbor1	chr6	158720109	158720119	SINE/MIR	512	-	5	158720114	730
chr6	158719384	158919384	harbor1	chr6	158720426	158720535	SINE/MIR	512	-	54	158720480	1096
chr6	158719384	158919384	harbor1	chr6	158734822	158735053	SINE/MIR	496	-	116	158734938	15554
chr6	158719384	158919384	harbor1	chr6	158737135	158737359	SINE/MIR	788	-	112	158737247	17863
chr6	32050380	32250380	harbor1	chr6	32078733	32078881	SINE/MIR	676	-	74	32078807	28427
chr6	32050380	32250380	harbor1	chr6	32080511	32080719	SINE/MIR	882	-	104	32080615	30235
chr6	32050380	32250380	harbor1	chr6	32089531	32089737	SINE/MIR	864	-	103	32089634	39254
chr6	169863974	170063974	harbor1	chr6	169881526	169881640	SINE/MIR	462	-	57	169881583	17609
chr6	52184773	52384773	harbor1	chr6	52232780	52233013	SINE/MIR	732	-	116	52232896	48123
chr6	52184773	52384773	harbor1	chr6	52241614	52241838	SINE/MIR	462	-	112	52241726	56953
chr6	52184773	52384773	harbor1	chr6	52242929	52243094	SINE/MIR	525	-	82	52243011	58238
chr6	52184773	52384773	harbor1	chr6	52280356	52280587	SINE/MIR	838	-	116	52280472	95699
chr6	52184773	52384773	harbor1	chr6	52232165	52232300	SINE/MIR	595	-	68	52232233	47460
chr7	28080201	28280201	harbor1	chr7	28109540	28109753	SINE/MIR	457	-	106	28109646	29445
chr7	28080201	28280201	harbor1	chr7	28113550	28113783	SINE/MIR	446	-	116	28113666	33465
chr7	28080201	28280201	harbor1	chr7	28136140	28136377	SINE/MIR	625	-	118	28136258	56057
chr7	28080201	28280201	harbor1	chr7	28137806	28138052	SINE/MIR	982	-	123	28137929	57728
chr7	28080201	28280201	harbor1	chr7	28175449	28175639	SINE/MIR	572	-	95	28175544	95343
chr7	50203946	50403946	harbor1	chr7	50218998	50219206	SINE/MIR	472	-	104	50219102	15156
chr7	50203946	50403946	harbor1	chr7	50268006	50268210	SINE/MIR	507	-	102	50268108	64162
chr7	50203946	50403946	harbor1	chr7	50275160	50275381	SINE/MIR	997	-	110	50275270	71324
chr7	50203946	50403946	harbor1	chr7	50299226	50299387	SINE/MIR	454	-	80	50299306	95360
chr7	151420770	151620770	harbor1	chr7	151449056	151449296	SINE/MIR	770	-	120	151449176	28406
chr7	28080214	28280214	harbor1	chr7	28109540	28109753	SINE/MIR	457	-	106	28109646	29432
chr7	28080214	28280214	harbor1	chr7	28113550	28113783	SINE/MIR	446	-	116	28113666	33452
chr7	28080214	28280214	harbor1	chr7	28136140	28136377	SINE/MIR	625	-	118	28136258	56044
chr7	28080214	28280214	harbor1	chr7	28137806	28138052	SINE/MIR	982	-	123	28137929	57715
chr7	28080214	28280214	harbor1	chr7	28175449	28175639	SINE/MIR	572	-	95	28175544	95330
chr7	1312721	1512721	harbor1	chr7	1324022	1324207	SINE/MIR	437	-	92	1324114	11393
chr7	39729557	39929557	harbor1	chr7	39783238	39783435	SINE/MIR	461	-	98	39783336	53779
chr7	39729557	39929557	harbor1	chr7	39809873	39810064	SINE/MIR	612	-	96	39809969	80412
chr7	39729557	39929557	harbor1	chr7	39816139	39816373	SINE/MIR	605	-	117	39816256	86699
chr7	130568057	130768057	harbor1	chr7	130666018	130666197	SINE/MIR	599	-	90	130666108	98051
chr7	50203894	50403894	harbor1	chr7	50218998	50219206	SINE/MIR	472	-	104	50219102	15208
chr7	50203894	50403894	harbor1	chr7	50268006	50268210	SINE/MIR	507	-	102	50268108	64214
chr7	50203894	50403894	harbor1	chr7	50275160	50275381	SINE/MIR	997	-	110	50275270	71376
chr7	50203894	50403894	harbor1	chr7	50299226	50299387	SINE/MIR	454	-	80	50299306	95412
chr7	155708589	155908589	harbor1	chr7	155730429	155730603	SINE/MIR	423	-	87	155730516	21927
chr7	128305676	128505676	harbor1	chr7	128317032	128317257	SINE/MIR	620	-	112	128317144	11468
chr7	128305676	128505676	harbor1	chr7	128357949	128358167	SINE/MIR	657	-	109	128358058	52382
chr7	28080184	28280184	harbor1	chr7	28109540	28109753	SINE/MIR	457	-	106	28109646	29462
chr7	28080184	28280184	harbor1	chr7	28113550	28113783	SINE/MIR	446	-	116	28113666	33482
chr7	28080184	28280184	harbor1	chr7	28136140	28136377	SINE/MIR	625	-	118	28136258	56074
chr7	28080184	28280184	harbor1	chr7	28137806	28138052	SINE/MIR	982	-	123	28137929	57745
chr7	28080184	28280184	harbor1	chr7	28175449	28175639	SINE/MIR	572	-	95	28175544	95360
chr7	1293735	1493735	harbor1	chr7	1324022	1324207	SINE/MIR	437	-	92	1324114	30379
chr7	50283638	50483638	harbor1	chr7	50299226	50299387	SINE/MIR	454	-	80	50299306	15668
chr7	50283638	50483638	harbor1	chr7	50374711	50374853	SINE/MIR	473	-	71	50374782	91144
chr7	1380194	1580194	harbor1	chr7	1413278	1413412	SINE/MIR	456	-	67	1413345	33151
chr7	1380194	1580194	harbor1	chr7	1437239	1437423	SINE/MIR	775	-	92	1437331	57137
chr7	123649229	123849229	harbor1	chr7	123709442	123709675	SINE/MIR	511	-	116	123709558	60329
chr7	123649229	123849229	harbor1	chr7	123725569	123725785	SINE/MIR	553	-	108	123725677	76448
chr7	123649229	123849229	harbor1	chr7	123745958	123746156	SINE/MIR	420	-	99	123746057	96828
chr7	50204667	50404667	harbor1	chr7	50218998	50219206	SINE/MIR	472	-	104	50219102	14435
chr7	50204667	50404667	harbor1	chr7	50268006	50268210	SINE/MIR	507	-	102	50268108	63441
chr7	50204667	50404667	harbor1	chr7	50275160	50275381	SINE/MIR	997	-	110	50275270	70603
chr7	50204667	50404667	harbor1	chr7	50299226	50299387	SINE/MIR	454	-	80	50299306	94639
chr7	28080180	28280180	harbor1	chr7	28109540	28109753	SINE/MIR	457	-	106	28109646	29466
chr7	28080180	28280180	harbor1	chr7	28113550	28113783	SINE/MIR	446	-	116	28113666	33486
chr7	28080180	28280180	harbor1	chr7	28136140	28136377	SINE/MIR	625	-	118	28136258	56078
chr7	28080180	28280180	harbor1	chr7	28137806	28138052	SINE/MIR	982	-	123	28137929	57749
chr7	28080180	28280180	harbor1	chr7	28175449	28175639	SINE/MIR	572	-	95	28175544	95364
chr7	583630	783630	harbor1	chr7	619382	619597	SINE/MIR	865	-	108	619490	35860
chr7	155708566	155908566	harbor1	chr7	155730429	155730603	SINE/MIR	423	-	87	155730516	21950
chr7	123649386	123849386	harbor1	chr7	123709442	123709675	SINE/MIR	511	-	116	123709558	60172
chr7	123649386	123849386	harbor1	chr7	123725569	123725785	SINE/MIR	553	-	108	123725677	76291
chr7	123649386	123849386	harbor1	chr7	123745958	123746156	SINE/MIR	420	-	99	123746057	96671
chr7	41324284	41524284	harbor1	chr7	41349378	41349569	SINE/MIR	744	-	96	41349474	25190
chr7	41324284	41524284	harbor1	chr7	41385890	41386091	SINE/MIR	824	-	100	41385990	61706
chr7	47246884	47446884	harbor1	chr7	47266081	47266298	SINE/MIR	543	-	108	47266189	19305
chr7	47246884	47446884	harbor1	chr7	47326164	47326388	SINE/MIR	422	-	112	47326276	79392
chr7	47246884	47446884	harbor1	chr7	47335710	47335888	SINE/MIR	436	-	89	47335799	88915
chr7	50203975	50403975	harbor1	chr7	50218998	50219206	SINE/MIR	472	-	104	50219102	15127
chr7	50203975	50403975	harbor1	chr7	50268006	50268210	SINE/MIR	507	-	102	50268108	64133
chr7	50203975	50403975	harbor1	chr7	50275160	50275381	SINE/MIR	997	-	110	50275270	71295
chr7	50203975	50403975	harbor1	chr7	50299226	50299387	SINE/MIR	454	-	80	50299306	95331
chr7	6404408	6604408	harbor1	chr7	6499044	6499235	SINE/MIR	572	-	96	6499140	94732
chr7	6404408	6604408	harbor1	chr7	6499253	6499426	SINE/MIR	507	-	86	6499339	94931
chr7	28080194	28280194	harbor1	chr7	28109540	28109753	SINE/MIR	457	-	106	28109646	29452
chr7	28080194	28280194	harbor1	chr7	28113550	28113783	SINE/MIR	446	-	116	28113666	33472
chr7	28080194	28280194	harbor1	chr7	28136140	28136377	SINE/MIR	625	-	118	28136258	56064
chr7	28080194	28280194	harbor1	chr7	28137806	28138052	SINE/MIR	982	-	123	28137929	57735
chr7	28080194	28280194	harbor1	chr7	28175449	28175639	SINE/MIR	572	-	95	28175544	95350
chr7	47228348	47428348	harbor1	chr7	47266081	47266298	SINE/MIR	543	-	108	47266189	37841
chr7	47228348	47428348	harbor1	chr7	47326164	47326388	SINE/MIR	422	-	112	47326276	97928
chr7	123649293	123849293	harbor1	chr7	123709442	123709675	SINE/MIR	511	-	116	123709558	60265
chr7	123649293	123849293	harbor1	chr7	123725569	123725785	SINE/MIR	553	-	108	123725677	76384
chr7	123649293	123849293	harbor1	chr7	123745958	123746156	SINE/MIR	420	-	99	123746057	96764
chr7	155249500	155449500	harbor1	chr7	155306578	155306773	SINE/MIR	577	-	98	155306676	57176
chr7	155249500	155449500	harbor1	chr7	155324918	155325125	SINE/MIR	1074	-	104	155325022	75522
chr7	140597158	140797158	harbor1	chr7	140599428	140599626	SINE/MIR	714	-	99	140599527	2369
chr7	140597158	140797158	harbor1	chr7	140649873	140650044	SINE/MIR	422	-	86	140649959	52801
chr7	28080212	28280212	harbor1	chr7	28109540	28109753	SINE/MIR	457	-	106	28109646	29434
chr7	28080212	28280212	harbor1	chr7	28113550	28113783	SINE/MIR	446	-	116	28113666	33454
chr7	28080212	28280212	harbor1	chr7	28136140	28136377	SINE/MIR	625	-	118	28136258	56046
chr7	28080212	28280212	harbor1	chr7	28137806	28138052	SINE/MIR	982	-	123	28137929	57717
chr7	28080212	28280212	harbor1	chr7	28175449	28175639	SINE/MIR	572	-	95	28175544	95332
chr7	1376035	1576035	harbor1	chr7	1413278	1413412	SINE/MIR	456	-	67	1413345	37310
chr7	1376035	1576035	harbor1	chr7	1437239	1437423	SINE/MIR	775	-	92	1437331	61296
chr7	65651047	65851047	harbor1	chr7	65660824	65660854	SINE/MIR	476	-	15	65660839	9792
chr7	65651047	65851047	harbor1	chr7	65661187	65661276	SINE/MIR	476	-	44	65661231	10184
chr7	65651047	65851047	harbor1	chr7	65661408	65661557	SINE/MIR	476	-	74	65661482	10435
chr7	65651047	65851047	harbor1	chr7	65676998	65677144	SINE/MIR	555	-	73	65677071	26024
chr7	65651047	65851047	harbor1	chr7	65684236	65684478	SINE/MIR	633	-	121	65684357	33310
chr7	65651047	65851047	harbor1	chr7	65690509	65690636	SINE/MIR	424	-	64	65690573	39526
chr7	65651047	65851047	harbor1	chr7	65707288	65707488	SINE/MIR	581	-	100	65707388	56341
chr7	77912395	78112395	harbor1	chr7	77932790	77932957	SINE/MIR	523	-	84	77932874	20479
chr7	28080187	28280187	harbor1	chr7	28109540	28109753	SINE/MIR	457	-	106	28109646	29459
chr7	28080187	28280187	harbor1	chr7	28113550	28113783	SINE/MIR	446	-	116	28113666	33479
chr7	28080187	28280187	harbor1	chr7	28136140	28136377	SINE/MIR	625	-	118	28136258	56071
chr7	28080187	28280187	harbor1	chr7	28137806	28138052	SINE/MIR	982	-	123	28137929	57742
chr7	28080187	28280187	harbor1	chr7	28175449	28175639	SINE/MIR	572	-	95	28175544	95357
chr7	65982514	66182514	harbor1	chr7	65985704	65985870	SINE/MIR	674	-	83	65985787	3273
chr7	65982514	66182514	harbor1	chr7	66033280	66033406	SINE/MIR	498	-	63	66033343	50829
chr7	65982514	66182514	harbor1	chr7	66045455	66045655	SINE/MIR	426	-	100	66045555	63041
chr7	65982514	66182514	harbor1	chr7	66078499	66078624	SINE/MIR	425	-	62	66078561	96047
chr7	157884935	158084935	harbor1	chr7	157918895	157919078	SINE/MIR	437	-	92	157918987	34052
chr7	155708581	155908581	harbor1	chr7	155730429	155730603	SINE/MIR	423	-	87	155730516	21935
chr7	44661435	44861435	harbor1	chr7	44684503	44684686	SINE/MIR	490	-	92	44684595	23160
chr7	123610933	123810933	harbor1	chr7	123635951	123636202	SINE/MIR	912	-	126	123636077	25144
chr7	123610933	123810933	harbor1	chr7	123643104	123643338	SINE/MIR	573	-	117	123643221	32288
chr7	123610933	123810933	harbor1	chr7	123709442	123709675	SINE/MIR	511	-	116	123709558	98625
chr7	123649263	123849263	harbor1	chr7	123709442	123709675	SINE/MIR	511	-	116	123709558	60295
chr7	123649263	123849263	harbor1	chr7	123725569	123725785	SINE/MIR	553	-	108	123725677	76414
chr7	123649263	123849263	harbor1	chr7	123745958	123746156	SINE/MIR	420	-	99	123746057	96794
chr7	155231815	155431815	harbor1	chr7	155306578	155306773	SINE/MIR	577	-	98	155306676	74861
chr7	155231815	155431815	harbor1	chr7	155324918	155325125	SINE/MIR	1074	-	104	155325022	93207
chr7	1564241	1764241	harbor1	chr7	1587975	1588135	SINE/MIR	421	-	80	1588055	23814
chr7	50203887	50403887	harbor1	chr7	50218998	50219206	SINE/MIR	472	-	104	50219102	15215
chr7	50203887	50403887	harbor1	chr7	50268006	50268210	SINE/MIR	507	-	102	50268108	64221
chr7	50203887	50403887	harbor1	chr7	50275160	50275381	SINE/MIR	997	-	110	50275270	71383
chr7	50203887	50403887	harbor1	chr7	50299226	50299387	SINE/MIR	454	-	80	50299306	95419
chr7	101437983	101637983	harbor1	chr7	101474056	101474265	SINE/MIR	514	-	104	101474160	36177
chr7	47228344	47428344	harbor1	chr7	47266081	47266298	SINE/MIR	543	-	108	47266189	37845
chr7	47228344	47428344	harbor1	chr7	47326164	47326388	SINE/MIR	422	-	112	47326276	97932
chr7	47228340	47428340	harbor1	chr7	47266081	47266298	SINE/MIR	543	-	108	47266189	37849
chr7	47228340	47428340	harbor1	chr7	47326164	47326388	SINE/MIR	422	-	112	47326276	97936
chr7	150941267	151141267	harbor1	chr7	150975594	150975746	SINE/MIR	684	-	76	150975670	34403
chr7	150941267	151141267	harbor1	chr7	151017592	151017808	SINE/MIR	481	-	108	151017700	76433
chr7	90221478	90421478	harbor1	chr7	90233523	90233765	SINE/MIR	1022	-	121	90233644	12166
chr7	90221478	90421478	harbor1	chr7	90267806	90268035	SINE/MIR	725	-	114	90267920	46442
chr7	90221478	90421478	harbor1	chr7	90281048	90281285	SINE/MIR	506	-	118	90281166	59688
chr7	47228502	47428502	harbor1	chr7	47266081	47266298	SINE/MIR	543	-	108	47266189	37687
chr7	47228502	47428502	harbor1	chr7	47326164	47326388	SINE/MIR	422	-	112	47326276	97774
chr7	123649244	123849244	harbor1	chr7	123709442	123709675	SINE/MIR	511	-	116	123709558	60314
chr7	123649244	123849244	harbor1	chr7	123725569	123725785	SINE/MIR	553	-	108	123725677	76433
chr7	123649244	123849244	harbor1	chr7	123745958	123746156	SINE/MIR	420	-	99	123746057	96813
chr7	100698745	100898745	harbor1	chr7	100727530	100727724	SINE/MIR	486	-	97	100727627	28882
chr7	1226149	1426149	harbor1	chr7	1324022	1324207	SINE/MIR	437	-	92	1324114	97965
chr7	127292503	127492503	harbor1	chr7	127303947	127304066	SINE/MIR	440	-	60	127304007	11504
chr7	127292503	127492503	harbor1	chr7	127319815	127320029	SINE/MIR	797	-	107	127319922	27419
chr7	127292503	127492503	harbor1	chr7	127327247	127327415	SINE/MIR	460	-	84	127327331	34828
chr7	127292503	127492503	harbor1	chr7	127365929	127366192	SINE/MIR	885	-	132	127366061	73558
chr7	128101419	128301419	harbor1	chr7	128103949	128104132	SINE/MIR	453	-	92	128104041	2622
chr7	128101419	128301419	harbor1	chr7	128123110	128123228	SINE/MIR	457	-	59	128123169	21750
chr7	128101419	128301419	harbor1	chr7	128161939	128162165	SINE/MIR	464	-	113	128162052	60633
chr7	47174241	47374241	harbor1	chr7	47266081	47266298	SINE/MIR	543	-	108	47266189	91948
chr7	123649264	123849264	harbor1	chr7	123709442	123709675	SINE/MIR	511	-	116	123709558	60294
chr7	123649264	123849264	harbor1	chr7	123725569	123725785	SINE/MIR	553	-	108	123725677	76413
chr7	123649264	123849264	harbor1	chr7	123745958	123746156	SINE/MIR	420	-	99	123746057	96793
chr7	47228327	47428327	harbor1	chr7	47266081	47266298	SINE/MIR	543	-	108	47266189	37862
chr7	47228327	47428327	harbor1	chr7	47326164	47326388	SINE/MIR	422	-	112	47326276	97949
chr7	151420775	151620775	harbor1	chr7	151449056	151449296	SINE/MIR	770	-	120	151449176	28401
chr7	123437338	123637338	harbor1	chr7	123455564	123455701	SINE/MIR	427	-	68	123455632	18294
chr7	123437338	123637338	harbor1	chr7	123494677	123494884	SINE/MIR	479	-	104	123494781	57443
chr7	123437338	123637338	harbor1	chr7	123528381	123528566	SINE/MIR	801	-	92	123528473	91135
chr7	123437338	123637338	harbor1	chr7	123535987	123536201	SINE/MIR	553	-	107	123536094	98756
chr7	102325596	102525596	harbor1	chr7	102415591	102415803	SINE/MIR	544	-	106	102415697	90101
chr7	141411856	141611856	harbor1	chr7	141417770	141417991	SINE/MIR	677	-	110	141417880	6024
chr7	141411856	141611856	harbor1	chr7	141430376	141430590	SINE/MIR	609	-	107	141430483	18627
chr7	141411856	141611856	harbor1	chr7	141490784	141491015	SINE/MIR	676	-	116	141490900	79044
chr7	141411856	141611856	harbor1	chr7	141503256	141503406	SINE/MIR	429	-	75	141503331	91475
chr7	28080189	28280189	harbor1	chr7	28109540	28109753	SINE/MIR	457	-	106	28109646	29457
chr7	28080189	28280189	harbor1	chr7	28113550	28113783	SINE/MIR	446	-	116	28113666	33477
chr7	28080189	28280189	harbor1	chr7	28136140	28136377	SINE/MIR	625	-	118	28136258	56069
chr7	28080189	28280189	harbor1	chr7	28137806	28138052	SINE/MIR	982	-	123	28137929	57740
chr7	28080189	28280189	harbor1	chr7	28175449	28175639	SINE/MIR	572	-	95	28175544	95355
chr7	102378973	102578973	harbor1	chr7	102415591	102415803	SINE/MIR	544	-	106	102415697	36724
chr7	66456842	66656842	harbor1	chr7	66555409	66555551	SINE/MIR	594	-	71	66555480	98638
chr7	105288909	105488909	harbor1	chr7	105296733	105296974	SINE/MIR	1033	-	120	105296853	7944
chr7	105288909	105488909	harbor1	chr7	105326370	105326530	SINE/MIR	422	-	80	105326450	37541
chr7	105288909	105488909	harbor1	chr7	105350454	105350520	SINE/MIR	431	-	33	105350487	61578
chr7	105288909	105488909	harbor1	chr7	105350780	105350907	SINE/MIR	431	-	64	105350844	61935
chr7	25270046	25470046	harbor1	chr7	25272301	25272463	SINE/MIR	437	-	81	25272382	2336
chr7	25270046	25470046	harbor1	chr7	25288249	25288420	SINE/MIR	729	-	86	25288335	18289
chr7	25270046	25470046	harbor1	chr7	25358269	25358409	SINE/MIR	465	-	70	25358339	88293
chr7	25697532	25897532	harbor1	chr7	25707288	25707471	SINE/MIR	440	-	92	25707380	9848
chr7	25697532	25897532	harbor1	chr7	25713147	25713359	SINE/MIR	421	-	106	25713253	15721
chr7	25697532	25897532	harbor1	chr7	25713984	25714188	SINE/MIR	438	-	102	25714086	16554
chr7	25697532	25897532	harbor1	chr7	25763452	25763649	SINE/MIR	800	-	98	25763550	66018
chr7	25697532	25897532	harbor1	chr7	25778814	25778942	SINE/MIR	497	-	64	25778878	81346
chr7	25697532	25897532	harbor1	chr7	25795747	25795992	SINE/MIR	713	-	122	25795869	98337
chr7	24657406	24857406	harbor1	chr7	24716779	24716964	SINE/MIR	457	-	92	24716871	59465
chr7	24657406	24857406	harbor1	chr7	24754943	24755095	SINE/MIR	574	-	76	24755019	97613
chr7	1312753	1512753	harbor1	chr7	1324022	1324207	SINE/MIR	437	-	92	1324114	11361
chr7	47227890	47427890	harbor1	chr7	47266081	47266298	SINE/MIR	543	-	108	47266189	38299
chr7	47227890	47427890	harbor1	chr7	47326164	47326388	SINE/MIR	422	-	112	47326276	98386
chr7	1312775	1512775	harbor1	chr7	1324022	1324207	SINE/MIR	437	-	92	1324114	11339
chr7	504701	704701	harbor1	chr7	542334	542479	SINE/MIR	455	-	72	542406	37705
chr7	16531	216531	harbor1	chr7	56974	57137	SINE/MIR	498	-	82	57056	40525
chr7	16531	216531	harbor1	chr7	110592	110831	SINE/MIR	683	-	120	110712	94181
chr7	108470160	108670160	harbor1	chr7	108563760	108563911	SINE/MIR	420	-	76	108563836	93676
chr7	100766226	100966226	harbor1	chr7	100818324	100818478	SINE/MIR	455	-	77	100818401	52175
chr7	1312762	1512762	harbor1	chr7	1324022	1324207	SINE/MIR	437	-	92	1324114	11352
chr7	47228426	47428426	harbor1	chr7	47266081	47266298	SINE/MIR	543	-	108	47266189	37763
chr7	47228426	47428426	harbor1	chr7	47326164	47326388	SINE/MIR	422	-	112	47326276	97850
chr7	123649335	123849335	harbor1	chr7	123709442	123709675	SINE/MIR	511	-	116	123709558	60223
chr7	123649335	123849335	harbor1	chr7	123725569	123725785	SINE/MIR	553	-	108	123725677	76342
chr7	123649335	123849335	harbor1	chr7	123745958	123746156	SINE/MIR	420	-	99	123746057	96722
chr7	123649230	123849230	harbor1	chr7	123709442	123709675	SINE/MIR	511	-	116	123709558	60328
chr7	123649230	123849230	harbor1	chr7	123725569	123725785	SINE/MIR	553	-	108	123725677	76447
chr7	123649230	123849230	harbor1	chr7	123745958	123746156	SINE/MIR	420	-	99	123746057	96827
chr7	47227923	47427923	harbor1	chr7	47266081	47266298	SINE/MIR	543	-	108	47266189	38266
chr7	47227923	47427923	harbor1	chr7	47326164	47326388	SINE/MIR	422	-	112	47326276	98353
chr7	123481083	123681083	harbor1	chr7	123494677	123494884	SINE/MIR	479	-	104	123494781	13698
chr7	123481083	123681083	harbor1	chr7	123528381	123528566	SINE/MIR	801	-	92	123528473	47390
chr7	123481083	123681083	harbor1	chr7	123535987	123536201	SINE/MIR	553	-	107	123536094	55011
chr7	123481083	123681083	harbor1	chr7	123547841	123548089	SINE/MIR	725	-	124	123547965	66882
chr7	32628791	32828791	harbor1	chr7	32633883	32634094	SINE/MIR	641	-	106	32633989	5198
chr7	32628791	32828791	harbor1	chr7	32654989	32655222	SINE/MIR	1078	-	116	32655105	26314
chr7	32628791	32828791	harbor1	chr7	32691033	32691221	SINE/MIR	504	-	94	32691127	62336
chr7	141411783	141611783	harbor1	chr7	141417770	141417991	SINE/MIR	677	-	110	141417880	6097
chr7	141411783	141611783	harbor1	chr7	141430376	141430590	SINE/MIR	609	-	107	141430483	18700
chr7	141411783	141611783	harbor1	chr7	141490784	141491015	SINE/MIR	676	-	116	141490900	79117
chr7	141411783	141611783	harbor1	chr7	141503256	141503406	SINE/MIR	429	-	75	141503331	91548
chr7	30975839	31175839	harbor1	chr7	30994994	30995212	SINE/MIR	553	-	109	30995103	19264
chr7	30975839	31175839	harbor1	chr7	31001797	31001939	SINE/MIR	524	-	71	31001868	26029
chr7	30975839	31175839	harbor1	chr7	31031982	31032187	SINE/MIR	616	-	102	31032084	56245
chr7	30975839	31175839	harbor1	chr7	31039565	31039739	SINE/MIR	460	-	87	31039652	63813
chr7	30975839	31175839	harbor1	chr7	31044006	31044231	SINE/MIR	800	-	112	31044118	68279
chr7	30975839	31175839	harbor1	chr7	31051595	31051784	SINE/MIR	499	-	94	31051689	75850
chr7	30975839	31175839	harbor1	chr7	31059162	31059343	SINE/MIR	538	-	90	31059252	83413
chr7	30975839	31175839	harbor1	chr7	31067442	31067622	SINE/MIR	476	-	90	31067532	91693
chr7	30975839	31175839	harbor1	chr7	31068246	31068434	SINE/MIR	462	-	94	31068340	92501
chr7	30579971	30779971	harbor1	chr7	30608650	30608869	SINE/MIR	464	-	110	30608760	28789
chr7	30579971	30779971	harbor1	chr7	30619098	30619201	SINE/MIR	489	-	52	30619150	39179
chr7	30579971	30779971	harbor1	chr7	30667721	30667969	SINE/MIR	660	-	124	30667845	87874
chr7	127133798	127333798	harbor1	chr7	127138892	127139124	SINE/MIR	501	-	116	127139008	5210
chr7	127133798	127333798	harbor1	chr7	127143521	127143682	SINE/MIR	610	-	80	127143601	9803
chr7	127133798	127333798	harbor1	chr7	127188117	127188275	SINE/MIR	565	-	79	127188196	54398
chr7	127133798	127333798	harbor1	chr7	127201041	127201427	SINE/MIR	573	-	193	127201234	67436
chr7	127133798	127333798	harbor1	chr7	127202530	127202739	SINE/MIR	688	-	104	127202634	68836
chr7	127133798	127333798	harbor1	chr7	127222734	127222877	SINE/MIR	449	-	72	127222806	89008
chr7	127133798	127333798	harbor1	chr7	127232717	127232834	SINE/MIR	568	-	58	127232775	98977
chr7	127133798	127333798	harbor1	chr7	127233130	127233249	SINE/MIR	568	-	60	127233190	99392
chr7	43919232	44119232	harbor1	chr7	43935100	43935330	SINE/MIR	769	-	115	43935215	15983
chr7	1312948	1512948	harbor1	chr7	1324022	1324207	SINE/MIR	437	-	92	1324114	11166
chr7	140378858	140578858	harbor1	chr7	140443151	140443369	SINE/MIR	666	-	109	140443260	64402
chr7	44436448	44636448	harbor1	chr7	44484378	44484555	SINE/MIR	679	-	88	44484466	48018
chr7	122786849	122986849	harbor1	chr7	122824170	122824333	SINE/MIR	523	-	82	122824252	37403
chr7	122786849	122986849	harbor1	chr7	122830039	122830186	SINE/MIR	615	-	74	122830113	43264
chr7	122786849	122986849	harbor1	chr7	122851507	122851531	SINE/MIR	576	-	12	122851519	64670
chr7	122786849	122986849	harbor1	chr7	122851897	122852078	SINE/MIR	576	-	90	122851987	65138
chr7	90112306	90312306	harbor1	chr7	90116943	90117110	SINE/MIR	454	-	84	90117027	4721
chr7	90112306	90312306	harbor1	chr7	90138066	90138262	SINE/MIR	459	-	98	90138164	25858
chr7	90112306	90312306	harbor1	chr7	90145117	90145347	SINE/MIR	693	-	115	90145232	32926
chr7	90112306	90312306	harbor1	chr7	90205073	90205262	SINE/MIR	717	-	94	90205167	92861
chr7	123648388	123848388	harbor1	chr7	123709442	123709675	SINE/MIR	511	-	116	123709558	61170
chr7	123648388	123848388	harbor1	chr7	123725569	123725785	SINE/MIR	553	-	108	123725677	77289
chr7	123648388	123848388	harbor1	chr7	123745958	123746156	SINE/MIR	420	-	99	123746057	97669
chr7	100752657	100952657	harbor1	chr7	100818324	100818478	SINE/MIR	455	-	77	100818401	65744
chr7	1374442	1574442	harbor1	chr7	1413278	1413412	SINE/MIR	456	-	67	1413345	38903
chr7	1374442	1574442	harbor1	chr7	1437239	1437423	SINE/MIR	775	-	92	1437331	62889
chr7	123649270	123849270	harbor1	chr7	123709442	123709675	SINE/MIR	511	-	116	123709558	60288
chr7	123649270	123849270	harbor1	chr7	123725569	123725785	SINE/MIR	553	-	108	123725677	76407
chr7	123649270	123849270	harbor1	chr7	123745958	123746156	SINE/MIR	420	-	99	123746057	96787
chr7	1312758	1512758	harbor1	chr7	1324022	1324207	SINE/MIR	437	-	92	1324114	11356
chr7	47228349	47428349	harbor1	chr7	47266081	47266298	SINE/MIR	543	-	108	47266189	37840
chr7	47228349	47428349	harbor1	chr7	47326164	47326388	SINE/MIR	422	-	112	47326276	97927
chr7	123457458	123657458	harbor1	chr7	123494677	123494884	SINE/MIR	479	-	104	123494781	37323
chr7	123457458	123657458	harbor1	chr7	123528381	123528566	SINE/MIR	801	-	92	123528473	71015
chr7	123457458	123657458	harbor1	chr7	123535987	123536201	SINE/MIR	553	-	107	123536094	78636
chr7	123457458	123657458	harbor1	chr7	123547841	123548089	SINE/MIR	725	-	124	123547965	90507
chr7	2610078	2810078	harbor1	chr7	2631213	2631318	SINE/MIR	511	-	52	2631265	21187
chr7	123649311	123849311	harbor1	chr7	123709442	123709675	SINE/MIR	511	-	116	123709558	60247
chr7	123649311	123849311	harbor1	chr7	123725569	123725785	SINE/MIR	553	-	108	123725677	76366
chr7	123649311	123849311	harbor1	chr7	123745958	123746156	SINE/MIR	420	-	99	123746057	96746
chr7	47306156	47506156	harbor1	chr7	47326164	47326388	SINE/MIR	422	-	112	47326276	20120
chr7	47306156	47506156	harbor1	chr7	47335710	47335888	SINE/MIR	436	-	89	47335799	29643
chr7	47306156	47506156	harbor1	chr7	47371262	47371498	SINE/MIR	614	-	118	47371380	65224
chr8	142524965	142724965	harbor1	chr8	142552216	142552326	SINE/MIR	438	-	55	142552271	27306
chr8	142524965	142724965	harbor1	chr8	142623088	142623275	SINE/MIR	443	-	94	142623182	98217
chr8	38169171	38369171	harbor1	chr8	38206577	38206725	SINE/MIR	591	-	74	38206651	37480
chr8	23428482	23628482	harbor1	chr8	23440681	23440925	SINE/MIR	820	-	122	23440803	12321
chr8	23428482	23628482	harbor1	chr8	23451943	23452118	SINE/MIR	699	-	88	23452031	23549
chr8	23428482	23628482	harbor1	chr8	23487605	23487757	SINE/MIR	572	-	76	23487681	59199
chr8	23428482	23628482	harbor1	chr8	23495634	23495698	SINE/MIR	792	-	32	23495666	67184
chr8	23428482	23628482	harbor1	chr8	23496248	23496437	SINE/MIR	792	-	94	23496342	67860
chr8	23428482	23628482	harbor1	chr8	23508169	23508324	SINE/MIR	438	-	78	23508247	79765
chr8	38169174	38369174	harbor1	chr8	38206577	38206725	SINE/MIR	591	-	74	38206651	37477
chr8	18018925	18218925	harbor1	chr8	18062492	18062698	SINE/MIR	532	-	103	18062595	43670
chr8	18018925	18218925	harbor1	chr8	18068082	18068292	SINE/MIR	703	-	105	18068187	49262
chr8	23381169	23581169	harbor1	chr8	23386006	23386169	SINE/MIR	523	-	82	23386088	4919
chr8	23381169	23581169	harbor1	chr8	23418259	23418491	SINE/MIR	619	-	116	23418375	37206
chr8	23381169	23581169	harbor1	chr8	23440681	23440925	SINE/MIR	820	-	122	23440803	59634
chr8	23381169	23581169	harbor1	chr8	23451943	23452118	SINE/MIR	699	-	88	23452031	70862
chr8	23381133	23581133	harbor1	chr8	23386006	23386169	SINE/MIR	523	-	82	23386088	4955
chr8	23381133	23581133	harbor1	chr8	23418259	23418491	SINE/MIR	619	-	116	23418375	37242
chr8	23381133	23581133	harbor1	chr8	23440681	23440925	SINE/MIR	820	-	122	23440803	59670
chr8	23381133	23581133	harbor1	chr8	23451943	23452118	SINE/MIR	699	-	88	23452031	70898
chr8	23379942	23579942	harbor1	chr8	23386006	23386169	SINE/MIR	523	-	82	23386088	6146
chr8	23379942	23579942	harbor1	chr8	23418259	23418491	SINE/MIR	619	-	116	23418375	38433
chr8	23379942	23579942	harbor1	chr8	23440681	23440925	SINE/MIR	820	-	122	23440803	60861
chr8	23379942	23579942	harbor1	chr8	23451943	23452118	SINE/MIR	699	-	88	23452031	72089
chr8	23382754	23582754	harbor1	chr8	23386006	23386169	SINE/MIR	523	-	82	23386088	3334
chr8	23382754	23582754	harbor1	chr8	23418259	23418491	SINE/MIR	619	-	116	23418375	35621
chr8	23382754	23582754	harbor1	chr8	23440681	23440925	SINE/MIR	820	-	122	23440803	58049
chr8	23382754	23582754	harbor1	chr8	23451943	23452118	SINE/MIR	699	-	88	23452031	69277
chr8	1646122	1846122	harbor1	chr8	1681684	1681893	SINE/MIR	511	-	104	1681788	35666
chr8	1646122	1846122	harbor1	chr8	1671020	1671195	SINE/MIR	525	-	88	1671108	24986
chr8	23428976	23628976	harbor1	chr8	23440681	23440925	SINE/MIR	820	-	122	23440803	11827
chr8	23428976	23628976	harbor1	chr8	23451943	23452118	SINE/MIR	699	-	88	23452031	23055
chr8	23428976	23628976	harbor1	chr8	23487605	23487757	SINE/MIR	572	-	76	23487681	58705
chr8	23428976	23628976	harbor1	chr8	23495634	23495698	SINE/MIR	792	-	32	23495666	66690
chr8	23428976	23628976	harbor1	chr8	23496248	23496437	SINE/MIR	792	-	94	23496342	67366
chr8	23428976	23628976	harbor1	chr8	23508169	23508324	SINE/MIR	438	-	78	23508247	79271
chr8	85145898	85345898	harbor1	chr8	85194902	85195076	SINE/MIR	551	-	87	85194989	49091
chr8	85145898	85345898	harbor1	chr8	85207206	85207380	SINE/MIR	429	-	87	85207293	61395
chr8	85145898	85345898	harbor1	chr8	85218159	85218380	SINE/MIR	690	-	110	85218269	72371
chr8	23428919	23628919	harbor1	chr8	23440681	23440925	SINE/MIR	820	-	122	23440803	11884
chr8	23428919	23628919	harbor1	chr8	23451943	23452118	SINE/MIR	699	-	88	23452031	23112
chr8	23428919	23628919	harbor1	chr8	23487605	23487757	SINE/MIR	572	-	76	23487681	58762
chr8	23428919	23628919	harbor1	chr8	23495634	23495698	SINE/MIR	792	-	32	23495666	66747
chr8	23428919	23628919	harbor1	chr8	23496248	23496437	SINE/MIR	792	-	94	23496342	67423
chr8	23428919	23628919	harbor1	chr8	23508169	23508324	SINE/MIR	438	-	78	23508247	79328
chr8	100620899	100820899	harbor1	chr8	100621165	100621231	SINE/MIR	525	-	33	100621198	299
chr8	100620899	100820899	harbor1	chr8	100626205	100626398	SINE/MIR	659	-	96	100626301	5402
chr8	100620899	100820899	harbor1	chr8	100631908	100632157	SINE/MIR	707	-	124	100632032	11133
chr8	100620899	100820899	harbor1	chr8	100651708	100651907	SINE/MIR	761	-	100	100651808	30909
chr8	100620899	100820899	harbor1	chr8	100653918	100654001	SINE/MIR	756	-	42	100653960	33061
chr8	100620899	100820899	harbor1	chr8	100654310	100654462	SINE/MIR	756	-	76	100654386	33487
chr8	100620899	100820899	harbor1	chr8	100658494	100658738	SINE/MIR	901	-	122	100658616	37717
chr8	100620899	100820899	harbor1	chr8	100662125	100662313	SINE/MIR	605	-	94	100662219	41320
chr8	100620899	100820899	harbor1	chr8	100669670	100669699	SINE/MIR	453	-	14	100669684	48785
chr8	100620899	100820899	harbor1	chr8	100670010	100670115	SINE/MIR	453	-	52	100670062	49163
chr8	100620899	100820899	harbor1	chr8	100673418	100673649	SINE/MIR	687	-	116	100673534	52635
chr8	100620899	100820899	harbor1	chr8	100682052	100682169	SINE/MIR	625	-	58	100682110	61211
chr8	100620899	100820899	harbor1	chr8	100682606	100682745	SINE/MIR	625	-	70	100682676	61777
chr8	1061654	1261654	harbor1	chr8	1139785	1140003	SINE/MIR	475	-	109	1139894	78240
chr8	23428922	23628922	harbor1	chr8	23440681	23440925	SINE/MIR	820	-	122	23440803	11881
chr8	23428922	23628922	harbor1	chr8	23451943	23452118	SINE/MIR	699	-	88	23452031	23109
chr8	23428922	23628922	harbor1	chr8	23487605	23487757	SINE/MIR	572	-	76	23487681	58759
chr8	23428922	23628922	harbor1	chr8	23495634	23495698	SINE/MIR	792	-	32	23495666	66744
chr8	23428922	23628922	harbor1	chr8	23496248	23496437	SINE/MIR	792	-	94	23496342	67420
chr8	23428922	23628922	harbor1	chr8	23508169	23508324	SINE/MIR	438	-	78	23508247	79325
chr8	38169283	38369283	harbor1	chr8	38206577	38206725	SINE/MIR	591	-	74	38206651	37368
chr8	23374002	23574002	harbor1	chr8	23386006	23386169	SINE/MIR	523	-	82	23386088	12086
chr8	23374002	23574002	harbor1	chr8	23418259	23418491	SINE/MIR	619	-	116	23418375	44373
chr8	23374002	23574002	harbor1	chr8	23440681	23440925	SINE/MIR	820	-	122	23440803	66801
chr8	23374002	23574002	harbor1	chr8	23451943	23452118	SINE/MIR	699	-	88	23452031	78029
chr8	23379952	23579952	harbor1	chr8	23386006	23386169	SINE/MIR	523	-	82	23386088	6136
chr8	23379952	23579952	harbor1	chr8	23418259	23418491	SINE/MIR	619	-	116	23418375	38423
chr8	23379952	23579952	harbor1	chr8	23440681	23440925	SINE/MIR	820	-	122	23440803	60851
chr8	23379952	23579952	harbor1	chr8	23451943	23452118	SINE/MIR	699	-	88	23452031	72079
chr8	90545266	90745266	harbor1	chr8	90551257	90551495	SINE/MIR	545	-	119	90551376	6110
chr8	90545266	90745266	harbor1	chr8	90573034	90573187	SINE/MIR	606	-	76	90573110	27844
chr8	90545266	90745266	harbor1	chr8	90619361	90619616	SINE/MIR	558	-	128	90619489	74223
chr8	90545266	90745266	harbor1	chr8	90643315	90643483	SINE/MIR	650	-	84	90643399	98133
chr8	38168881	38368881	harbor1	chr8	38206577	38206725	SINE/MIR	591	-	74	38206651	37770
chr8	23428500	23628500	harbor1	chr8	23440681	23440925	SINE/MIR	820	-	122	23440803	12303
chr8	23428500	23628500	harbor1	chr8	23451943	23452118	SINE/MIR	699	-	88	23452031	23531
chr8	23428500	23628500	harbor1	chr8	23487605	23487757	SINE/MIR	572	-	76	23487681	59181
chr8	23428500	23628500	harbor1	chr8	23495634	23495698	SINE/MIR	792	-	32	23495666	67166
chr8	23428500	23628500	harbor1	chr8	23496248	23496437	SINE/MIR	792	-	94	23496342	67842
chr8	23428500	23628500	harbor1	chr8	23508169	23508324	SINE/MIR	438	-	78	23508247	79747
chr8	23409692	23609692	harbor1	chr8	23418259	23418491	SINE/MIR	619	-	116	23418375	8683
chr8	23409692	23609692	harbor1	chr8	23440681	23440925	SINE/MIR	820	-	122	23440803	31111
chr8	23409692	23609692	harbor1	chr8	23451943	23452118	SINE/MIR	699	-	88	23452031	42339
chr8	23409692	23609692	harbor1	chr8	23487605	23487757	SINE/MIR	572	-	76	23487681	77989
chr8	23409692	23609692	harbor1	chr8	23495634	23495698	SINE/MIR	792	-	32	23495666	85974
chr8	23409692	23609692	harbor1	chr8	23496248	23496437	SINE/MIR	792	-	94	23496342	86650
chr8	23409692	23609692	harbor1	chr8	23508169	23508324	SINE/MIR	438	-	78	23508247	98555
chr8	38169386	38369386	harbor1	chr8	38206577	38206725	SINE/MIR	591	-	74	38206651	37265
chr8	23428873	23628873	harbor1	chr8	23440681	23440925	SINE/MIR	820	-	122	23440803	11930
chr8	23428873	23628873	harbor1	chr8	23451943	23452118	SINE/MIR	699	-	88	23452031	23158
chr8	23428873	23628873	harbor1	chr8	23487605	23487757	SINE/MIR	572	-	76	23487681	58808
chr8	23428873	23628873	harbor1	chr8	23495634	23495698	SINE/MIR	792	-	32	23495666	66793
chr8	23428873	23628873	harbor1	chr8	23496248	23496437	SINE/MIR	792	-	94	23496342	67469
chr8	23428873	23628873	harbor1	chr8	23508169	23508324	SINE/MIR	438	-	78	23508247	79374
chr8	141207362	141407362	harbor1	chr8	141222430	141222591	SINE/MIR	538	-	80	141222510	15148
chr8	23407606	23607606	harbor1	chr8	23418259	23418491	SINE/MIR	619	-	116	23418375	10769
chr8	23407606	23607606	harbor1	chr8	23440681	23440925	SINE/MIR	820	-	122	23440803	33197
chr8	23407606	23607606	harbor1	chr8	23451943	23452118	SINE/MIR	699	-	88	23452031	44425
chr8	23407606	23607606	harbor1	chr8	23487605	23487757	SINE/MIR	572	-	76	23487681	80075
chr8	23407606	23607606	harbor1	chr8	23495634	23495698	SINE/MIR	792	-	32	23495666	88060
chr8	23407606	23607606	harbor1	chr8	23496248	23496437	SINE/MIR	792	-	94	23496342	88736
chr8	23428431	23628431	harbor1	chr8	23440681	23440925	SINE/MIR	820	-	122	23440803	12372
chr8	23428431	23628431	harbor1	chr8	23451943	23452118	SINE/MIR	699	-	88	23452031	23600
chr8	23428431	23628431	harbor1	chr8	23487605	23487757	SINE/MIR	572	-	76	23487681	59250
chr8	23428431	23628431	harbor1	chr8	23495634	23495698	SINE/MIR	792	-	32	23495666	67235
chr8	23428431	23628431	harbor1	chr8	23496248	23496437	SINE/MIR	792	-	94	23496342	67911
chr8	23428431	23628431	harbor1	chr8	23508169	23508324	SINE/MIR	438	-	78	23508247	79816
chr8	129907115	130107115	harbor1	chr8	129949262	129949475	SINE/MIR	486	-	106	129949368	42253
chr8	23398445	23598445	harbor1	chr8	23418259	23418491	SINE/MIR	619	-	116	23418375	19930
chr8	23398445	23598445	harbor1	chr8	23440681	23440925	SINE/MIR	820	-	122	23440803	42358
chr8	23398445	23598445	harbor1	chr8	23451943	23452118	SINE/MIR	699	-	88	23452031	53586
chr8	23398445	23598445	harbor1	chr8	23487605	23487757	SINE/MIR	572	-	76	23487681	89236
chr8	23398445	23598445	harbor1	chr8	23495634	23495698	SINE/MIR	792	-	32	23495666	97221
chr8	23398445	23598445	harbor1	chr8	23496248	23496437	SINE/MIR	792	-	94	23496342	97897
chr8	23428857	23628857	harbor1	chr8	23440681	23440925	SINE/MIR	820	-	122	23440803	11946
chr8	23428857	23628857	harbor1	chr8	23451943	23452118	SINE/MIR	699	-	88	23452031	23174
chr8	23428857	23628857	harbor1	chr8	23487605	23487757	SINE/MIR	572	-	76	23487681	58824
chr8	23428857	23628857	harbor1	chr8	23495634	23495698	SINE/MIR	792	-	32	23495666	66809
chr8	23428857	23628857	harbor1	chr8	23496248	23496437	SINE/MIR	792	-	94	23496342	67485
chr8	23428857	23628857	harbor1	chr8	23508169	23508324	SINE/MIR	438	-	78	23508247	79390
chr8	8665132	8865132	harbor1	chr8	8671210	8671354	SINE/MIR	466	-	72	8671282	6150
chr8	8665132	8865132	harbor1	chr8	8737405	8737632	SINE/MIR	544	-	114	8737519	72387
chr8	23412840	23612840	harbor1	chr8	23418259	23418491	SINE/MIR	619	-	116	23418375	5535
chr8	23412840	23612840	harbor1	chr8	23440681	23440925	SINE/MIR	820	-	122	23440803	27963
chr8	23412840	23612840	harbor1	chr8	23451943	23452118	SINE/MIR	699	-	88	23452031	39191
chr8	23412840	23612840	harbor1	chr8	23487605	23487757	SINE/MIR	572	-	76	23487681	74841
chr8	23412840	23612840	harbor1	chr8	23495634	23495698	SINE/MIR	792	-	32	23495666	82826
chr8	23412840	23612840	harbor1	chr8	23496248	23496437	SINE/MIR	792	-	94	23496342	83502
chr8	23412840	23612840	harbor1	chr8	23508169	23508324	SINE/MIR	438	-	78	23508247	95407
chr8	23428958	23628958	harbor1	chr8	23440681	23440925	SINE/MIR	820	-	122	23440803	11845
chr8	23428958	23628958	harbor1	chr8	23451943	23452118	SINE/MIR	699	-	88	23452031	23073
chr8	23428958	23628958	harbor1	chr8	23487605	23487757	SINE/MIR	572	-	76	23487681	58723
chr8	23428958	23628958	harbor1	chr8	23495634	23495698	SINE/MIR	792	-	32	23495666	66708
chr8	23428958	23628958	harbor1	chr8	23496248	23496437	SINE/MIR	792	-	94	23496342	67384
chr8	23428958	23628958	harbor1	chr8	23508169	23508324	SINE/MIR	438	-	78	23508247	79289
chr8	23409094	23609094	harbor1	chr8	23418259	23418491	SINE/MIR	619	-	116	23418375	9281
chr8	23409094	23609094	harbor1	chr8	23440681	23440925	SINE/MIR	820	-	122	23440803	31709
chr8	23409094	23609094	harbor1	chr8	23451943	23452118	SINE/MIR	699	-	88	23452031	42937
chr8	23409094	23609094	harbor1	chr8	23487605	23487757	SINE/MIR	572	-	76	23487681	78587
chr8	23409094	23609094	harbor1	chr8	23495634	23495698	SINE/MIR	792	-	32	23495666	86572
chr8	23409094	23609094	harbor1	chr8	23496248	23496437	SINE/MIR	792	-	94	23496342	87248
chr8	23409094	23609094	harbor1	chr8	23508169	23508324	SINE/MIR	438	-	78	23508247	99153
chr8	96274034	96474034	harbor1	chr8	96302379	96302571	SINE/MIR	580	-	96	96302475	28441
chr8	96274034	96474034	harbor1	chr8	96302882	96302917	SINE/MIR	580	-	18	96302900	28866
chr8	96274034	96474034	harbor1	chr8	96325053	96325281	SINE/MIR	997	-	114	96325167	51133
chr8	96274034	96474034	harbor1	chr8	96358434	96358653	SINE/MIR	486	-	110	96358544	84510
chr8	96274034	96474034	harbor1	chr8	96360053	96360283	SINE/MIR	686	-	115	96360168	86134
chr8	96274034	96474034	harbor1	chr8	96365317	96365539	SINE/MIR	563	-	111	96365428	91394
chr8	23380409	23580409	harbor1	chr8	23386006	23386169	SINE/MIR	523	-	82	23386088	5679
chr8	23380409	23580409	harbor1	chr8	23418259	23418491	SINE/MIR	619	-	116	23418375	37966
chr8	23380409	23580409	harbor1	chr8	23440681	23440925	SINE/MIR	820	-	122	23440803	60394
chr8	23380409	23580409	harbor1	chr8	23451943	23452118	SINE/MIR	699	-	88	23452031	71622
chr8	38169249	38369249	harbor1	chr8	38206577	38206725	SINE/MIR	591	-	74	38206651	37402
chr8	23428835	23628835	harbor1	chr8	23440681	23440925	SINE/MIR	820	-	122	23440803	11968
chr8	23428835	23628835	harbor1	chr8	23451943	23452118	SINE/MIR	699	-	88	23452031	23196
chr8	23428835	23628835	harbor1	chr8	23487605	23487757	SINE/MIR	572	-	76	23487681	58846
chr8	23428835	23628835	harbor1	chr8	23495634	23495698	SINE/MIR	792	-	32	23495666	66831
chr8	23428835	23628835	harbor1	chr8	23496248	23496437	SINE/MIR	792	-	94	23496342	67507
chr8	23428835	23628835	harbor1	chr8	23508169	23508324	SINE/MIR	438	-	78	23508247	79412
chr8	142524970	142724970	harbor1	chr8	142552216	142552326	SINE/MIR	438	-	55	142552271	27301
chr8	142524970	142724970	harbor1	chr8	142623088	142623275	SINE/MIR	443	-	94	142623182	98212
chr8	23428925	23628925	harbor1	chr8	23440681	23440925	SINE/MIR	820	-	122	23440803	11878
chr8	23428925	23628925	harbor1	chr8	23451943	23452118	SINE/MIR	699	-	88	23452031	23106
chr8	23428925	23628925	harbor1	chr8	23487605	23487757	SINE/MIR	572	-	76	23487681	58756
chr8	23428925	23628925	harbor1	chr8	23495634	23495698	SINE/MIR	792	-	32	23495666	66741
chr8	23428925	23628925	harbor1	chr8	23496248	23496437	SINE/MIR	792	-	94	23496342	67417
chr8	23428925	23628925	harbor1	chr8	23508169	23508324	SINE/MIR	438	-	78	23508247	79322
chr8	23372590	23572590	harbor1	chr8	23373603	23373824	SINE/MIR	657	-	110	23373713	1123
chr8	23372590	23572590	harbor1	chr8	23386006	23386169	SINE/MIR	523	-	82	23386088	13498
chr8	23372590	23572590	harbor1	chr8	23418259	23418491	SINE/MIR	619	-	116	23418375	45785
chr8	23372590	23572590	harbor1	chr8	23440681	23440925	SINE/MIR	820	-	122	23440803	68213
chr8	23372590	23572590	harbor1	chr8	23451943	23452118	SINE/MIR	699	-	88	23452031	79441
chr8	23428499	23628499	harbor1	chr8	23440681	23440925	SINE/MIR	820	-	122	23440803	12304
chr8	23428499	23628499	harbor1	chr8	23451943	23452118	SINE/MIR	699	-	88	23452031	23532
chr8	23428499	23628499	harbor1	chr8	23487605	23487757	SINE/MIR	572	-	76	23487681	59182
chr8	23428499	23628499	harbor1	chr8	23495634	23495698	SINE/MIR	792	-	32	23495666	67167
chr8	23428499	23628499	harbor1	chr8	23496248	23496437	SINE/MIR	792	-	94	23496342	67843
chr8	23428499	23628499	harbor1	chr8	23508169	23508324	SINE/MIR	438	-	78	23508247	79748
chr8	38076189	38276189	harbor1	chr8	38148782	38148939	SINE/MIR	479	-	78	38148860	72671
chr8	38076189	38276189	harbor1	chr8	38151793	38151924	SINE/MIR	458	-	66	38151859	75670
chr8	38169207	38369207	harbor1	chr8	38206577	38206725	SINE/MIR	591	-	74	38206651	37444
chr8	23428888	23628888	harbor1	chr8	23440681	23440925	SINE/MIR	820	-	122	23440803	11915
chr8	23428888	23628888	harbor1	chr8	23451943	23452118	SINE/MIR	699	-	88	23452031	23143
chr8	23428888	23628888	harbor1	chr8	23487605	23487757	SINE/MIR	572	-	76	23487681	58793
chr8	23428888	23628888	harbor1	chr8	23495634	23495698	SINE/MIR	792	-	32	23495666	66778
chr8	23428888	23628888	harbor1	chr8	23496248	23496437	SINE/MIR	792	-	94	23496342	67454
chr8	23428888	23628888	harbor1	chr8	23508169	23508324	SINE/MIR	438	-	78	23508247	79359
chr8	22757824	22957824	harbor1	chr8	22760082	22760328	SINE/MIR	960	-	123	22760205	2381
chr8	22757824	22957824	harbor1	chr8	22771562	22771612	SINE/MIR	581	-	25	22771587	13763
chr8	22757824	22957824	harbor1	chr8	22772111	22772273	SINE/MIR	581	-	81	22772192	14368
chr8	22757824	22957824	harbor1	chr8	22780914	22781068	SINE/MIR	449	-	77	22780991	23167
chr8	22757824	22957824	harbor1	chr8	22794184	22794289	SINE/MIR	445	-	52	22794236	36412
chr8	22757824	22957824	harbor1	chr8	22801240	22801413	SINE/MIR	490	-	86	22801326	43502
chr8	22757824	22957824	harbor1	chr8	22809122	22809298	SINE/MIR	560	-	88	22809210	51386
chr8	22757824	22957824	harbor1	chr8	22814042	22814301	SINE/MIR	1181	-	130	22814172	56348
chr8	22757824	22957824	harbor1	chr8	22841009	22841268	SINE/MIR	722	-	130	22841139	83315
chr8	23380336	23580336	harbor1	chr8	23386006	23386169	SINE/MIR	523	-	82	23386088	5752
chr8	23380336	23580336	harbor1	chr8	23418259	23418491	SINE/MIR	619	-	116	23418375	38039
chr8	23380336	23580336	harbor1	chr8	23440681	23440925	SINE/MIR	820	-	122	23440803	60467
chr8	23380336	23580336	harbor1	chr8	23451943	23452118	SINE/MIR	699	-	88	23452031	71695
chr8	40746828	40946828	harbor1	chr8	40831863	40832108	SINE/MIR	538	-	122	40831985	85157
chr8	40746828	40946828	harbor1	chr8	40844730	40844929	SINE/MIR	482	-	100	40844830	98002
chr8	142240188	142440188	harbor1	chr8	142256663	142256819	SINE/MIR	457	-	78	142256741	16553
chr8	38169250	38369250	harbor1	chr8	38206577	38206725	SINE/MIR	591	-	74	38206651	37401
chr8	39955067	40155067	harbor1	chr8	40011651	40011871	SINE/MIR	648	-	110	40011761	56694
chr8	66077981	66277981	harbor1	chr8	66103134	66103324	SINE/MIR	605	-	95	66103229	25248
chr8	66077981	66277981	harbor1	chr8	66103922	66104164	SINE/MIR	1016	-	121	66104043	26062
chr8	66077981	66277981	harbor1	chr8	66172123	66172327	SINE/MIR	802	-	102	66172225	94244
chr8	23423555	23623555	harbor1	chr8	23440681	23440925	SINE/MIR	820	-	122	23440803	17248
chr8	23423555	23623555	harbor1	chr8	23451943	23452118	SINE/MIR	699	-	88	23452031	28476
chr8	23423555	23623555	harbor1	chr8	23487605	23487757	SINE/MIR	572	-	76	23487681	64126
chr8	23423555	23623555	harbor1	chr8	23495634	23495698	SINE/MIR	792	-	32	23495666	72111
chr8	23423555	23623555	harbor1	chr8	23496248	23496437	SINE/MIR	792	-	94	23496342	72787
chr8	23423555	23623555	harbor1	chr8	23508169	23508324	SINE/MIR	438	-	78	23508247	84692
chr8	23428893	23628893	harbor1	chr8	23440681	23440925	SINE/MIR	820	-	122	23440803	11910
chr8	23428893	23628893	harbor1	chr8	23451943	23452118	SINE/MIR	699	-	88	23452031	23138
chr8	23428893	23628893	harbor1	chr8	23487605	23487757	SINE/MIR	572	-	76	23487681	58788
chr8	23428893	23628893	harbor1	chr8	23495634	23495698	SINE/MIR	792	-	32	23495666	66773
chr8	23428893	23628893	harbor1	chr8	23496248	23496437	SINE/MIR	792	-	94	23496342	67449
chr8	23428893	23628893	harbor1	chr8	23508169	23508324	SINE/MIR	438	-	78	23508247	79354
chr8	141166248	141366248	harbor1	chr8	141222430	141222591	SINE/MIR	538	-	80	141222510	56262
chr8	23419596	23619596	harbor1	chr8	23440681	23440925	SINE/MIR	820	-	122	23440803	21207
chr8	23419596	23619596	harbor1	chr8	23451943	23452118	SINE/MIR	699	-	88	23452031	32435
chr8	23419596	23619596	harbor1	chr8	23487605	23487757	SINE/MIR	572	-	76	23487681	68085
chr8	23419596	23619596	harbor1	chr8	23495634	23495698	SINE/MIR	792	-	32	23495666	76070
chr8	23419596	23619596	harbor1	chr8	23496248	23496437	SINE/MIR	792	-	94	23496342	76746
chr8	23419596	23619596	harbor1	chr8	23508169	23508324	SINE/MIR	438	-	78	23508247	88651
chr8	60552749	60752749	harbor1	chr8	60553587	60553742	SINE/MIR	468	-	78	60553665	916
chr8	60552749	60752749	harbor1	chr8	60568433	60568606	SINE/MIR	702	-	86	60568519	15770
chr8	38019471	38219471	harbor1	chr8	38046602	38046836	SINE/MIR	465	-	117	38046719	27248
chr8	142524135	142724135	harbor1	chr8	142552216	142552326	SINE/MIR	438	-	55	142552271	28136
chr8	142524135	142724135	harbor1	chr8	142623088	142623275	SINE/MIR	443	-	94	142623182	99047
chr8	23392919	23592919	harbor1	chr8	23418259	23418491	SINE/MIR	619	-	116	23418375	25456
chr8	23392919	23592919	harbor1	chr8	23440681	23440925	SINE/MIR	820	-	122	23440803	47884
chr8	23392919	23592919	harbor1	chr8	23451943	23452118	SINE/MIR	699	-	88	23452031	59112
chr8	23392919	23592919	harbor1	chr8	23487605	23487757	SINE/MIR	572	-	76	23487681	94762
chr8	23398382	23598382	harbor1	chr8	23418259	23418491	SINE/MIR	619	-	116	23418375	19993
chr8	23398382	23598382	harbor1	chr8	23440681	23440925	SINE/MIR	820	-	122	23440803	42421
chr8	23398382	23598382	harbor1	chr8	23451943	23452118	SINE/MIR	699	-	88	23452031	53649
chr8	23398382	23598382	harbor1	chr8	23487605	23487757	SINE/MIR	572	-	76	23487681	89299
chr8	23398382	23598382	harbor1	chr8	23495634	23495698	SINE/MIR	792	-	32	23495666	97284
chr8	23398382	23598382	harbor1	chr8	23496248	23496437	SINE/MIR	792	-	94	23496342	97960
chr8	10625860	10825860	harbor1	chr8	10652439	10652648	SINE/MIR	440	-	104	10652543	26683
chr8	10625860	10825860	harbor1	chr8	10658134	10658303	SINE/MIR	595	-	84	10658218	32358
chr8	10625860	10825860	harbor1	chr8	10682852	10683017	SINE/MIR	496	-	82	10682934	57074
chr8	10625860	10825860	harbor1	chr8	10684104	10684294	SINE/MIR	501	-	95	10684199	58339
chr8	10625860	10825860	harbor1	chr8	10687164	10687290	SINE/MIR	448	-	63	10687227	61367
chr8	10625860	10825860	harbor1	chr8	10698166	10698318	SINE/MIR	512	-	76	10698242	72382
chr8	23428533	23628533	harbor1	chr8	23440681	23440925	SINE/MIR	820	-	122	23440803	12270
chr8	23428533	23628533	harbor1	chr8	23451943	23452118	SINE/MIR	699	-	88	23452031	23498
chr8	23428533	23628533	harbor1	chr8	23487605	23487757	SINE/MIR	572	-	76	23487681	59148
chr8	23428533	23628533	harbor1	chr8	23495634	23495698	SINE/MIR	792	-	32	23495666	67133
chr8	23428533	23628533	harbor1	chr8	23496248	23496437	SINE/MIR	792	-	94	23496342	67809
chr8	23428533	23628533	harbor1	chr8	23508169	23508324	SINE/MIR	438	-	78	23508247	79714
chr8	23393307	23593307	harbor1	chr8	23418259	23418491	SINE/MIR	619	-	116	23418375	25068
chr8	23393307	23593307	harbor1	chr8	23440681	23440925	SINE/MIR	820	-	122	23440803	47496
chr8	23393307	23593307	harbor1	chr8	23451943	23452118	SINE/MIR	699	-	88	23452031	58724
chr8	23393307	23593307	harbor1	chr8	23487605	23487757	SINE/MIR	572	-	76	23487681	94374
chr8	66405191	66605191	harbor1	chr8	66433422	66433637	SINE/MIR	589	-	108	66433530	28339
chr8	66405191	66605191	harbor1	chr8	66448301	66448496	SINE/MIR	730	-	98	66448399	43208
chr8	66405191	66605191	harbor1	chr8	66448689	66448740	SINE/MIR	730	-	26	66448715	43524
chr8	66405191	66605191	harbor1	chr8	66451290	66451518	SINE/MIR	476	-	114	66451404	46213
chr8	23428940	23628940	harbor1	chr8	23440681	23440925	SINE/MIR	820	-	122	23440803	11863
chr8	23428940	23628940	harbor1	chr8	23451943	23452118	SINE/MIR	699	-	88	23452031	23091
chr8	23428940	23628940	harbor1	chr8	23487605	23487757	SINE/MIR	572	-	76	23487681	58741
chr8	23428940	23628940	harbor1	chr8	23495634	23495698	SINE/MIR	792	-	32	23495666	66726
chr8	23428940	23628940	harbor1	chr8	23496248	23496437	SINE/MIR	792	-	94	23496342	67402
chr8	23428940	23628940	harbor1	chr8	23508169	23508324	SINE/MIR	438	-	78	23508247	79307
chr8	124796482	124996482	harbor1	chr8	124803260	124803485	SINE/MIR	479	-	112	124803372	6890
chr8	124796482	124996482	harbor1	chr8	124809990	124810088	SINE/MIR	444	-	49	124810039	13557
chr8	124796482	124996482	harbor1	chr8	124826477	124826637	SINE/MIR	576	-	80	124826557	30075
chr8	124796482	124996482	harbor1	chr8	124834166	124834372	SINE/MIR	665	-	103	124834269	37787
chr8	124796482	124996482	harbor1	chr8	124840103	124840249	SINE/MIR	432	-	73	124840176	43694
chr8	124796482	124996482	harbor1	chr8	124863621	124863841	SINE/MIR	543	-	110	124863731	67249
chr8	124796482	124996482	harbor1	chr8	124873268	124873476	SINE/MIR	650	-	104	124873372	76890
chr8	23428850	23628850	harbor1	chr8	23440681	23440925	SINE/MIR	820	-	122	23440803	11953
chr8	23428850	23628850	harbor1	chr8	23451943	23452118	SINE/MIR	699	-	88	23452031	23181
chr8	23428850	23628850	harbor1	chr8	23487605	23487757	SINE/MIR	572	-	76	23487681	58831
chr8	23428850	23628850	harbor1	chr8	23495634	23495698	SINE/MIR	792	-	32	23495666	66816
chr8	23428850	23628850	harbor1	chr8	23496248	23496437	SINE/MIR	792	-	94	23496342	67492
chr8	23428850	23628850	harbor1	chr8	23508169	23508324	SINE/MIR	438	-	78	23508247	79397
chr8	23428530	23628530	harbor1	chr8	23440681	23440925	SINE/MIR	820	-	122	23440803	12273
chr8	23428530	23628530	harbor1	chr8	23451943	23452118	SINE/MIR	699	-	88	23452031	23501
chr8	23428530	23628530	harbor1	chr8	23487605	23487757	SINE/MIR	572	-	76	23487681	59151
chr8	23428530	23628530	harbor1	chr8	23495634	23495698	SINE/MIR	792	-	32	23495666	67136
chr8	23428530	23628530	harbor1	chr8	23496248	23496437	SINE/MIR	792	-	94	23496342	67812
chr8	23428530	23628530	harbor1	chr8	23508169	23508324	SINE/MIR	438	-	78	23508247	79717
chr8	23429026	23629026	harbor1	chr8	23440681	23440925	SINE/MIR	820	-	122	23440803	11777
chr8	23429026	23629026	harbor1	chr8	23451943	23452118	SINE/MIR	699	-	88	23452031	23005
chr8	23429026	23629026	harbor1	chr8	23487605	23487757	SINE/MIR	572	-	76	23487681	58655
chr8	23429026	23629026	harbor1	chr8	23495634	23495698	SINE/MIR	792	-	32	23495666	66640
chr8	23429026	23629026	harbor1	chr8	23496248	23496437	SINE/MIR	792	-	94	23496342	67316
chr8	23429026	23629026	harbor1	chr8	23508169	23508324	SINE/MIR	438	-	78	23508247	79221
chr8	98847692	99047692	harbor1	chr8	98902771	98902990	SINE/MIR	600	-	110	98902881	55189
chr8	98847692	99047692	harbor1	chr8	98927489	98927717	SINE/MIR	872	-	114	98927603	79911
chr8	23428510	23628510	harbor1	chr8	23440681	23440925	SINE/MIR	820	-	122	23440803	12293
chr8	23428510	23628510	harbor1	chr8	23451943	23452118	SINE/MIR	699	-	88	23452031	23521
chr8	23428510	23628510	harbor1	chr8	23487605	23487757	SINE/MIR	572	-	76	23487681	59171
chr8	23428510	23628510	harbor1	chr8	23495634	23495698	SINE/MIR	792	-	32	23495666	67156
chr8	23428510	23628510	harbor1	chr8	23496248	23496437	SINE/MIR	792	-	94	23496342	67832
chr8	23428510	23628510	harbor1	chr8	23508169	23508324	SINE/MIR	438	-	78	23508247	79737
chr8	141231066	141431066	harbor1	chr8	141314965	141315153	SINE/MIR	655	-	94	141315059	83993
chr8	142524987	142724987	harbor1	chr8	142552216	142552326	SINE/MIR	438	-	55	142552271	27284
chr8	142524987	142724987	harbor1	chr8	142623088	142623275	SINE/MIR	443	-	94	142623182	98195
chr8	142524957	142724957	harbor1	chr8	142552216	142552326	SINE/MIR	438	-	55	142552271	27314
chr8	142524957	142724957	harbor1	chr8	142623088	142623275	SINE/MIR	443	-	94	142623182	98225
chr8	81559422	81759422	harbor1	chr8	81560684	81560856	SINE/MIR	470	-	86	81560770	1348
chr8	81559422	81759422	harbor1	chr8	81623763	81623961	SINE/MIR	470	-	99	81623862	64440
chr8	81559422	81759422	harbor1	chr8	81631576	81631781	SINE/MIR	595	-	102	81631678	72256
chr8	143958376	144158376	harbor1	chr8	144006245	144006414	SINE/MIR	505	-	84	144006329	47953
chr8	142482825	142682825	harbor1	chr8	142489530	142489702	SINE/MIR	521	-	86	142489616	6791
chr8	142482825	142682825	harbor1	chr8	142509302	142509415	SINE/MIR	437	-	56	142509358	26533
chr8	142482825	142682825	harbor1	chr8	142552216	142552326	SINE/MIR	438	-	55	142552271	69446
chr8	23380964	23580964	harbor1	chr8	23386006	23386169	SINE/MIR	523	-	82	23386088	5124
chr8	23380964	23580964	harbor1	chr8	23418259	23418491	SINE/MIR	619	-	116	23418375	37411
chr8	23380964	23580964	harbor1	chr8	23440681	23440925	SINE/MIR	820	-	122	23440803	59839
chr8	23380964	23580964	harbor1	chr8	23451943	23452118	SINE/MIR	699	-	88	23452031	71067
chr8	57161177	57361177	harbor1	chr8	57198681	57198916	SINE/MIR	552	-	118	57198799	37622
chr8	57161177	57361177	harbor1	chr8	57239705	57239897	SINE/MIR	458	-	96	57239801	78624
chr8	53743525	53943525	harbor1	chr8	53750909	53751139	SINE/MIR	671	-	115	53751024	7499
chr8	53743525	53943525	harbor1	chr8	53771107	53771252	SINE/MIR	427	-	72	53771179	27654
chr8	53743525	53943525	harbor1	chr8	53841007	53841180	SINE/MIR	481	-	86	53841093	97568
chr8	27322694	27522694	harbor1	chr8	27322557	27322715	SINE/MIR	438	-	79	27322636	58
chr8	27322694	27522694	harbor1	chr8	27392413	27392628	SINE/MIR	723	-	108	27392521	69827
chr8	27322694	27522694	harbor1	chr8	27401954	27402159	SINE/MIR	560	-	102	27402056	79362
chr8	27322694	27522694	harbor1	chr8	27415093	27415326	SINE/MIR	549	-	116	27415209	92515
chr8	90970523	91170523	harbor1	chr8	90972614	90972780	SINE/MIR	485	-	83	90972697	2174
chr8	90970523	91170523	harbor1	chr8	90983625	90983798	SINE/MIR	516	-	86	90983711	13188
chr8	85145876	85345876	harbor1	chr8	85194902	85195076	SINE/MIR	551	-	87	85194989	49113
chr8	85145876	85345876	harbor1	chr8	85207206	85207380	SINE/MIR	429	-	87	85207293	61417
chr8	85145876	85345876	harbor1	chr8	85218159	85218380	SINE/MIR	690	-	110	85218269	72393
chr8	85144970	85344970	harbor1	chr8	85194902	85195076	SINE/MIR	551	-	87	85194989	50019
chr8	85144970	85344970	harbor1	chr8	85207206	85207380	SINE/MIR	429	-	87	85207293	62323
chr8	85144970	85344970	harbor1	chr8	85218159	85218380	SINE/MIR	690	-	110	85218269	73299
chr8	142523652	142723652	harbor1	chr8	142552216	142552326	SINE/MIR	438	-	55	142552271	28619
chr8	142523652	142723652	harbor1	chr8	142623088	142623275	SINE/MIR	443	-	94	142623182	99530
chr8	141296156	141496156	harbor1	chr8	141314965	141315153	SINE/MIR	655	-	94	141315059	18903
chr8	141296156	141496156	harbor1	chr8	141332229	141332413	SINE/MIR	463	-	92	141332321	36165
chr8	141296156	141496156	harbor1	chr8	141363935	141364095	SINE/MIR	424	-	80	141364015	67859
chr8	141296156	141496156	harbor1	chr8	141372726	141372961	SINE/MIR	591	-	118	141372844	76688
chr8	23428435	23628435	harbor1	chr8	23440681	23440925	SINE/MIR	820	-	122	23440803	12368
chr8	23428435	23628435	harbor1	chr8	23451943	23452118	SINE/MIR	699	-	88	23452031	23596
chr8	23428435	23628435	harbor1	chr8	23487605	23487757	SINE/MIR	572	-	76	23487681	59246
chr8	23428435	23628435	harbor1	chr8	23495634	23495698	SINE/MIR	792	-	32	23495666	67231
chr8	23428435	23628435	harbor1	chr8	23496248	23496437	SINE/MIR	792	-	94	23496342	67907
chr8	23428435	23628435	harbor1	chr8	23508169	23508324	SINE/MIR	438	-	78	23508247	79812
chr8	78034557	78234557	harbor1	chr8	78040959	78041211	SINE/MIR	468	-	126	78041085	6528
chr8	78034557	78234557	harbor1	chr8	78068078	78068257	SINE/MIR	447	-	90	78068168	33611
chr8	78034557	78234557	harbor1	chr8	78118900	78119081	SINE/MIR	502	-	90	78118990	84433
chr8	38168585	38368585	harbor1	chr8	38206577	38206725	SINE/MIR	591	-	74	38206651	38066
chr8	23429035	23629035	harbor1	chr8	23440681	23440925	SINE/MIR	820	-	122	23440803	11768
chr8	23429035	23629035	harbor1	chr8	23451943	23452118	SINE/MIR	699	-	88	23452031	22996
chr8	23429035	23629035	harbor1	chr8	23487605	23487757	SINE/MIR	572	-	76	23487681	58646
chr8	23429035	23629035	harbor1	chr8	23495634	23495698	SINE/MIR	792	-	32	23495666	66631
chr8	23429035	23629035	harbor1	chr8	23496248	23496437	SINE/MIR	792	-	94	23496342	67307
chr8	23429035	23629035	harbor1	chr8	23508169	23508324	SINE/MIR	438	-	78	23508247	79212
chr8	23388472	23588472	harbor1	chr8	23418259	23418491	SINE/MIR	619	-	116	23418375	29903
chr8	23388472	23588472	harbor1	chr8	23440681	23440925	SINE/MIR	820	-	122	23440803	52331
chr8	23388472	23588472	harbor1	chr8	23451943	23452118	SINE/MIR	699	-	88	23452031	63559
chr8	23388472	23588472	harbor1	chr8	23487605	23487757	SINE/MIR	572	-	76	23487681	99209
chr8	17984183	18184183	harbor1	chr8	18062492	18062698	SINE/MIR	532	-	103	18062595	78412
chr8	17984183	18184183	harbor1	chr8	18068082	18068292	SINE/MIR	703	-	105	18068187	84004
chr8	38169173	38369173	harbor1	chr8	38206577	38206725	SINE/MIR	591	-	74	38206651	37478
chr8	38167320	38367320	harbor1	chr8	38206577	38206725	SINE/MIR	591	-	74	38206651	39331
chr8	100618244	100818244	harbor1	chr8	100620687	100620817	SINE/MIR	525	-	65	100620752	2508
chr8	100618244	100818244	harbor1	chr8	100621165	100621231	SINE/MIR	525	-	33	100621198	2954
chr8	100618244	100818244	harbor1	chr8	100626205	100626398	SINE/MIR	659	-	96	100626301	8057
chr8	100618244	100818244	harbor1	chr8	100631908	100632157	SINE/MIR	707	-	124	100632032	13788
chr8	100618244	100818244	harbor1	chr8	100651708	100651907	SINE/MIR	761	-	100	100651808	33564
chr8	100618244	100818244	harbor1	chr8	100653918	100654001	SINE/MIR	756	-	42	100653960	35716
chr8	100618244	100818244	harbor1	chr8	100654310	100654462	SINE/MIR	756	-	76	100654386	36142
chr8	100618244	100818244	harbor1	chr8	100658494	100658738	SINE/MIR	901	-	122	100658616	40372
chr8	100618244	100818244	harbor1	chr8	100662125	100662313	SINE/MIR	605	-	94	100662219	43975
chr8	100618244	100818244	harbor1	chr8	100669670	100669699	SINE/MIR	453	-	14	100669684	51440
chr8	100618244	100818244	harbor1	chr8	100670010	100670115	SINE/MIR	453	-	52	100670062	51818
chr8	100618244	100818244	harbor1	chr8	100673418	100673649	SINE/MIR	687	-	116	100673534	55290
chr8	100618244	100818244	harbor1	chr8	100682052	100682169	SINE/MIR	625	-	58	100682110	63866
chr8	100618244	100818244	harbor1	chr8	100682606	100682745	SINE/MIR	625	-	70	100682676	64432
chr8	54002046	54202046	harbor1	chr8	54013797	54013970	SINE/MIR	504	-	86	54013883	11837
chr8	29891739	30091739	harbor1	chr8	29966337	29966521	SINE/MIR	699	-	92	29966429	74690
chr8	29891739	30091739	harbor1	chr8	29933436	29933689	SINE/MIR	649	-	126	29933562	41823
chr8	23393297	23593297	harbor1	chr8	23418259	23418491	SINE/MIR	619	-	116	23418375	25078
chr8	23393297	23593297	harbor1	chr8	23440681	23440925	SINE/MIR	820	-	122	23440803	47506
chr8	23393297	23593297	harbor1	chr8	23451943	23452118	SINE/MIR	699	-	88	23452031	58734
chr8	23393297	23593297	harbor1	chr8	23487605	23487757	SINE/MIR	572	-	76	23487681	94384
chr8	65059279	65259279	harbor1	chr8	65100687	65100934	SINE/MIR	729	-	124	65100811	41532
chr8	65059279	65259279	harbor1	chr8	65114942	65115139	SINE/MIR	599	-	98	65115040	55761
chr8	65059279	65259279	harbor1	chr8	65115800	65115848	SINE/MIR	599	-	24	65115824	56545
chr8	65059279	65259279	harbor1	chr8	65140079	65140314	SINE/MIR	684	-	118	65140197	80918
chr8	38169375	38369375	harbor1	chr8	38206577	38206725	SINE/MIR	591	-	74	38206651	37276
chr8	142524862	142724862	harbor1	chr8	142552216	142552326	SINE/MIR	438	-	55	142552271	27409
chr8	142524862	142724862	harbor1	chr8	142623088	142623275	SINE/MIR	443	-	94	142623182	98320
chr8	17057584	17257584	harbor1	chr8	17087608	17087845	SINE/MIR	498	-	118	17087726	30142
chr8	17057584	17257584	harbor1	chr8	17089969	17090197	SINE/MIR	496	-	114	17090083	32499
chr8	17057584	17257584	harbor1	chr8	17101891	17102122	SINE/MIR	577	-	116	17102007	44423
chr8	17057584	17257584	harbor1	chr8	17105123	17105243	SINE/MIR	463	-	60	17105183	47599
chr8	17057584	17257584	harbor1	chr8	17140764	17140969	SINE/MIR	663	-	102	17140866	83282
chr8	23382752	23582752	harbor1	chr8	23386006	23386169	SINE/MIR	523	-	82	23386088	3336
chr8	23382752	23582752	harbor1	chr8	23418259	23418491	SINE/MIR	619	-	116	23418375	35623
chr8	23382752	23582752	harbor1	chr8	23440681	23440925	SINE/MIR	820	-	122	23440803	58051
chr8	23382752	23582752	harbor1	chr8	23451943	23452118	SINE/MIR	699	-	88	23452031	69279
chr8	23398575	23598575	harbor1	chr8	23418259	23418491	SINE/MIR	619	-	116	23418375	19800
chr8	23398575	23598575	harbor1	chr8	23440681	23440925	SINE/MIR	820	-	122	23440803	42228
chr8	23398575	23598575	harbor1	chr8	23451943	23452118	SINE/MIR	699	-	88	23452031	53456
chr8	23398575	23598575	harbor1	chr8	23487605	23487757	SINE/MIR	572	-	76	23487681	89106
chr8	23398575	23598575	harbor1	chr8	23495634	23495698	SINE/MIR	792	-	32	23495666	97091
chr8	23398575	23598575	harbor1	chr8	23496248	23496437	SINE/MIR	792	-	94	23496342	97767
chr8	23382836	23582836	harbor1	chr8	23386006	23386169	SINE/MIR	523	-	82	23386088	3252
chr8	23382836	23582836	harbor1	chr8	23418259	23418491	SINE/MIR	619	-	116	23418375	35539
chr8	23382836	23582836	harbor1	chr8	23440681	23440925	SINE/MIR	820	-	122	23440803	57967
chr8	23382836	23582836	harbor1	chr8	23451943	23452118	SINE/MIR	699	-	88	23452031	69195
chr8	35278099	35478099	harbor1	chr8	35315691	35315857	SINE/MIR	491	-	83	35315774	37675
chr8	35278099	35478099	harbor1	chr8	35317003	35317184	SINE/MIR	446	-	90	35317093	38994
chr8	35278099	35478099	harbor1	chr8	35323632	35323795	SINE/MIR	590	-	82	35323714	45615
chr8	35278099	35478099	harbor1	chr8	35329906	35330184	SINE/MIR	611	-	139	35330045	51946
chr8	142524984	142724984	harbor1	chr8	142552216	142552326	SINE/MIR	438	-	55	142552271	27287
chr8	142524984	142724984	harbor1	chr8	142623088	142623275	SINE/MIR	443	-	94	142623182	98198
chr8	38167968	38367968	harbor1	chr8	38206577	38206725	SINE/MIR	591	-	74	38206651	38683
chr8	8665131	8865131	harbor1	chr8	8671210	8671354	SINE/MIR	466	-	72	8671282	6151
chr8	8665131	8865131	harbor1	chr8	8737405	8737632	SINE/MIR	544	-	114	8737519	72388
chr8	102556522	102756522	harbor1	chr8	102559086	102559292	SINE/MIR	895	-	103	102559189	2667
chr8	102556522	102756522	harbor1	chr8	102559997	102560201	SINE/MIR	606	-	102	102560099	3577
chr8	102556522	102756522	harbor1	chr8	102589662	102589833	SINE/MIR	731	-	86	102589748	33226
chr8	102556522	102756522	harbor1	chr8	102598331	102598513	SINE/MIR	917	-	91	102598422	41900
chr8	102556522	102756522	harbor1	chr8	102613563	102613756	SINE/MIR	677	-	96	102613659	57137
chr8	102556522	102756522	harbor1	chr8	102614043	102614256	SINE/MIR	445	-	106	102614149	57627
chr8	102556522	102756522	harbor1	chr8	102626277	102626495	SINE/MIR	546	-	109	102626386	69864
chr8	143960625	144160625	harbor1	chr8	144006245	144006414	SINE/MIR	505	-	84	144006329	45704
chr8	142524964	142724964	harbor1	chr8	142552216	142552326	SINE/MIR	438	-	55	142552271	27307
chr8	142524964	142724964	harbor1	chr8	142623088	142623275	SINE/MIR	443	-	94	142623182	98218
chr8	142524925	142724925	harbor1	chr8	142552216	142552326	SINE/MIR	438	-	55	142552271	27346
chr8	142524925	142724925	harbor1	chr8	142623088	142623275	SINE/MIR	443	-	94	142623182	98257
chr8	144006082	144206082	harbor1	chr8	144006245	144006414	SINE/MIR	505	-	84	144006329	247
chr8	21682210	21882210	harbor1	chr8	21686569	21686732	SINE/MIR	519	-	82	21686651	4441
chr8	21682210	21882210	harbor1	chr8	21707878	21708066	SINE/MIR	736	-	94	21707972	25762
chr8	21682210	21882210	harbor1	chr8	21714628	21714787	SINE/MIR	423	-	80	21714708	32498
chr8	21682210	21882210	harbor1	chr8	21725567	21725797	SINE/MIR	680	-	115	21725682	43472
chr8	21682210	21882210	harbor1	chr8	21749265	21749501	SINE/MIR	999	-	118	21749383	67173
chr8	21682210	21882210	harbor1	chr8	21774477	21774665	SINE/MIR	507	-	94	21774571	92361
chr8	21682210	21882210	harbor1	chr8	21776993	21777216	SINE/MIR	872	-	112	21777105	94895
chr8	96960816	97160816	harbor1	chr8	96970338	96970565	SINE/MIR	715	-	114	96970452	9636
chr8	96960816	97160816	harbor1	chr8	96970863	96970887	SINE/MIR	715	-	12	96970875	10059
chr8	96960816	97160816	harbor1	chr8	96998969	96999152	SINE/MIR	615	-	92	96999061	38245
chr8	96960816	97160816	harbor1	chr8	97026221	97026452	SINE/MIR	640	-	116	97026337	65521
chr8	96960816	97160816	harbor1	chr8	97027409	97027616	SINE/MIR	457	-	104	97027513	66697
chr8	96960816	97160816	harbor1	chr8	97047088	97047334	SINE/MIR	571	-	123	97047211	86395
chr8	96960816	97160816	harbor1	chr8	97050930	97051075	SINE/MIR	450	-	72	97051002	90186
chr8	96960816	97160816	harbor1	chr8	97051680	97051774	SINE/MIR	455	-	47	97051727	90911
chr8	23428962	23628962	harbor1	chr8	23440681	23440925	SINE/MIR	820	-	122	23440803	11841
chr8	23428962	23628962	harbor1	chr8	23451943	23452118	SINE/MIR	699	-	88	23452031	23069
chr8	23428962	23628962	harbor1	chr8	23487605	23487757	SINE/MIR	572	-	76	23487681	58719
chr8	23428962	23628962	harbor1	chr8	23495634	23495698	SINE/MIR	792	-	32	23495666	66704
chr8	23428962	23628962	harbor1	chr8	23496248	23496437	SINE/MIR	792	-	94	23496342	67380
chr8	23428962	23628962	harbor1	chr8	23508169	23508324	SINE/MIR	438	-	78	23508247	79285
chr8	41443390	41643390	harbor1	chr8	41507946	41508175	SINE/MIR	587	-	114	41508060	64670
chr8	41443390	41643390	harbor1	chr8	41509161	41509354	SINE/MIR	706	-	96	41509257	65867
chr8	3258304	3458304	harbor1	chr8	3347590	3347805	SINE/MIR	492	-	108	3347698	89394
chr8	3258304	3458304	harbor1	chr8	3352915	3353084	SINE/MIR	493	-	84	3352999	94695
chr8	100621232	100821232	harbor1	chr8	100626205	100626398	SINE/MIR	659	-	96	100626301	5069
chr8	100621232	100821232	harbor1	chr8	100631908	100632157	SINE/MIR	707	-	124	100632032	10800
chr8	100621232	100821232	harbor1	chr8	100651708	100651907	SINE/MIR	761	-	100	100651808	30576
chr8	100621232	100821232	harbor1	chr8	100653918	100654001	SINE/MIR	756	-	42	100653960	32728
chr8	100621232	100821232	harbor1	chr8	100654310	100654462	SINE/MIR	756	-	76	100654386	33154
chr8	100621232	100821232	harbor1	chr8	100658494	100658738	SINE/MIR	901	-	122	100658616	37384
chr8	100621232	100821232	harbor1	chr8	100662125	100662313	SINE/MIR	605	-	94	100662219	40987
chr8	100621232	100821232	harbor1	chr8	100669670	100669699	SINE/MIR	453	-	14	100669684	48452
chr8	100621232	100821232	harbor1	chr8	100670010	100670115	SINE/MIR	453	-	52	100670062	48830
chr8	100621232	100821232	harbor1	chr8	100673418	100673649	SINE/MIR	687	-	116	100673534	52302
chr8	100621232	100821232	harbor1	chr8	100682052	100682169	SINE/MIR	625	-	58	100682110	60878
chr8	100621232	100821232	harbor1	chr8	100682606	100682745	SINE/MIR	625	-	70	100682676	61444
chr8	38169193	38369193	harbor1	chr8	38206577	38206725	SINE/MIR	591	-	74	38206651	37458
chr8	32680112	32880112	harbor1	chr8	32770307	32770428	SINE/MIR	475	-	60	32770367	90255
chr8	72661683	72861683	harbor1	chr8	72753584	72753746	SINE/MIR	424	-	81	72753665	91982
chr8	23428892	23628892	harbor1	chr8	23440681	23440925	SINE/MIR	820	-	122	23440803	11911
chr8	23428892	23628892	harbor1	chr8	23451943	23452118	SINE/MIR	699	-	88	23452031	23139
chr8	23428892	23628892	harbor1	chr8	23487605	23487757	SINE/MIR	572	-	76	23487681	58789
chr8	23428892	23628892	harbor1	chr8	23495634	23495698	SINE/MIR	792	-	32	23495666	66774
chr8	23428892	23628892	harbor1	chr8	23496248	23496437	SINE/MIR	792	-	94	23496342	67450
chr8	23428892	23628892	harbor1	chr8	23508169	23508324	SINE/MIR	438	-	78	23508247	79355
chr8	66405141	66605141	harbor1	chr8	66433422	66433637	SINE/MIR	589	-	108	66433530	28389
chr8	66405141	66605141	harbor1	chr8	66448301	66448496	SINE/MIR	730	-	98	66448399	43258
chr8	66405141	66605141	harbor1	chr8	66448689	66448740	SINE/MIR	730	-	26	66448715	43574
chr8	66405141	66605141	harbor1	chr8	66451290	66451518	SINE/MIR	476	-	114	66451404	46263
chr8	23384163	23584163	harbor1	chr8	23386006	23386169	SINE/MIR	523	-	82	23386088	1925
chr8	23384163	23584163	harbor1	chr8	23418259	23418491	SINE/MIR	619	-	116	23418375	34212
chr8	23384163	23584163	harbor1	chr8	23440681	23440925	SINE/MIR	820	-	122	23440803	56640
chr8	23384163	23584163	harbor1	chr8	23451943	23452118	SINE/MIR	699	-	88	23452031	67868
chr8	58719745	58919745	harbor1	chr8	58724252	58724414	SINE/MIR	557	-	81	58724333	4588
chr8	58719745	58919745	harbor1	chr8	58738700	58738900	SINE/MIR	434	-	100	58738800	19055
chr8	58719745	58919745	harbor1	chr8	58751104	58751328	SINE/MIR	627	-	112	58751216	31471
chr8	58719745	58919745	harbor1	chr8	58770499	58770725	SINE/MIR	738	-	113	58770612	50867
chr9	4663254	4863254	harbor1	chr9	4667654	4667838	SINE/MIR	522	-	92	4667746	4492
chr9	4663254	4863254	harbor1	chr9	4693761	4693989	SINE/MIR	775	-	114	4693875	30621
chr9	4663254	4863254	harbor1	chr9	4700666	4700829	SINE/MIR	636	-	82	4700748	37494
chr9	4663254	4863254	harbor1	chr9	4704121	4704352	SINE/MIR	491	-	116	4704237	40983
chr9	4663254	4863254	harbor1	chr9	4716352	4716547	SINE/MIR	506	-	98	4716450	53196
chr9	4663254	4863254	harbor1	chr9	4717010	4717224	SINE/MIR	597	-	107	4717117	53863
chr9	136629220	136829220	harbor1	chr9	136681931	136682123	SINE/MIR	596	-	96	136682027	52807
chr9	4692931	4892931	harbor1	chr9	4693761	4693989	SINE/MIR	775	-	114	4693875	944
chr9	4692931	4892931	harbor1	chr9	4700666	4700829	SINE/MIR	636	-	82	4700748	7817
chr9	4692931	4892931	harbor1	chr9	4704121	4704352	SINE/MIR	491	-	116	4704237	11306
chr9	4692931	4892931	harbor1	chr9	4716352	4716547	SINE/MIR	506	-	98	4716450	23519
chr9	4692931	4892931	harbor1	chr9	4717010	4717224	SINE/MIR	597	-	107	4717117	24186
chr9	4692160	4892160	harbor1	chr9	4693761	4693989	SINE/MIR	775	-	114	4693875	1715
chr9	4692160	4892160	harbor1	chr9	4700666	4700829	SINE/MIR	636	-	82	4700748	8588
chr9	4692160	4892160	harbor1	chr9	4704121	4704352	SINE/MIR	491	-	116	4704237	12077
chr9	4692160	4892160	harbor1	chr9	4716352	4716547	SINE/MIR	506	-	98	4716450	24290
chr9	4692160	4892160	harbor1	chr9	4717010	4717224	SINE/MIR	597	-	107	4717117	24957
chr9	4692665	4892665	harbor1	chr9	4693761	4693989	SINE/MIR	775	-	114	4693875	1210
chr9	4692665	4892665	harbor1	chr9	4700666	4700829	SINE/MIR	636	-	82	4700748	8083
chr9	4692665	4892665	harbor1	chr9	4704121	4704352	SINE/MIR	491	-	116	4704237	11572
chr9	4692665	4892665	harbor1	chr9	4716352	4716547	SINE/MIR	506	-	98	4716450	23785
chr9	4692665	4892665	harbor1	chr9	4717010	4717224	SINE/MIR	597	-	107	4717117	24452
chr9	4883814	5083814	harbor1	chr9	4903550	4903770	SINE/MIR	774	-	110	4903660	19846
chr9	4883814	5083814	harbor1	chr9	4935456	4935610	SINE/MIR	487	-	77	4935533	51719
chr9	4692207	4892207	harbor1	chr9	4693761	4693989	SINE/MIR	775	-	114	4693875	1668
chr9	4692207	4892207	harbor1	chr9	4700666	4700829	SINE/MIR	636	-	82	4700748	8541
chr9	4692207	4892207	harbor1	chr9	4704121	4704352	SINE/MIR	491	-	116	4704237	12030
chr9	4692207	4892207	harbor1	chr9	4716352	4716547	SINE/MIR	506	-	98	4716450	24243
chr9	4692207	4892207	harbor1	chr9	4717010	4717224	SINE/MIR	597	-	107	4717117	24910
chr9	4692981	4892981	harbor1	chr9	4693761	4693989	SINE/MIR	775	-	114	4693875	894
chr9	4692981	4892981	harbor1	chr9	4700666	4700829	SINE/MIR	636	-	82	4700748	7767
chr9	4692981	4892981	harbor1	chr9	4704121	4704352	SINE/MIR	491	-	116	4704237	11256
chr9	4692981	4892981	harbor1	chr9	4716352	4716547	SINE/MIR	506	-	98	4716450	23469
chr9	4692981	4892981	harbor1	chr9	4717010	4717224	SINE/MIR	597	-	107	4717117	24136
chr9	4692827	4892827	harbor1	chr9	4693761	4693989	SINE/MIR	775	-	114	4693875	1048
chr9	4692827	4892827	harbor1	chr9	4700666	4700829	SINE/MIR	636	-	82	4700748	7921
chr9	4692827	4892827	harbor1	chr9	4704121	4704352	SINE/MIR	491	-	116	4704237	11410
chr9	4692827	4892827	harbor1	chr9	4716352	4716547	SINE/MIR	506	-	98	4716450	23623
chr9	4692827	4892827	harbor1	chr9	4717010	4717224	SINE/MIR	597	-	107	4717117	24290
chr9	4693009	4893009	harbor1	chr9	4693761	4693989	SINE/MIR	775	-	114	4693875	866
chr9	4693009	4893009	harbor1	chr9	4700666	4700829	SINE/MIR	636	-	82	4700748	7739
chr9	4693009	4893009	harbor1	chr9	4704121	4704352	SINE/MIR	491	-	116	4704237	11228
chr9	4693009	4893009	harbor1	chr9	4716352	4716547	SINE/MIR	506	-	98	4716450	23441
chr9	4693009	4893009	harbor1	chr9	4717010	4717224	SINE/MIR	597	-	107	4717117	24108
chr9	4663492	4863492	harbor1	chr9	4667654	4667838	SINE/MIR	522	-	92	4667746	4254
chr9	4663492	4863492	harbor1	chr9	4693761	4693989	SINE/MIR	775	-	114	4693875	30383
chr9	4663492	4863492	harbor1	chr9	4700666	4700829	SINE/MIR	636	-	82	4700748	37256
chr9	4663492	4863492	harbor1	chr9	4704121	4704352	SINE/MIR	491	-	116	4704237	40745
chr9	4663492	4863492	harbor1	chr9	4716352	4716547	SINE/MIR	506	-	98	4716450	52958
chr9	4663492	4863492	harbor1	chr9	4717010	4717224	SINE/MIR	597	-	107	4717117	53625
chr9	4692473	4892473	harbor1	chr9	4693761	4693989	SINE/MIR	775	-	114	4693875	1402
chr9	4692473	4892473	harbor1	chr9	4700666	4700829	SINE/MIR	636	-	82	4700748	8275
chr9	4692473	4892473	harbor1	chr9	4704121	4704352	SINE/MIR	491	-	116	4704237	11764
chr9	4692473	4892473	harbor1	chr9	4716352	4716547	SINE/MIR	506	-	98	4716450	23977
chr9	4692473	4892473	harbor1	chr9	4717010	4717224	SINE/MIR	597	-	107	4717117	24644
chr9	1955525	2155525	harbor1	chr9	1970159	1970399	SINE/MIR	869	-	120	1970279	14754
chr9	1955525	2155525	harbor1	chr9	1979440	1979643	SINE/MIR	567	-	102	1979542	24017
chr9	1955525	2155525	harbor1	chr9	1996618	1996870	SINE/MIR	671	-	126	1996744	41219
chr9	1955525	2155525	harbor1	chr9	2005648	2005796	SINE/MIR	539	-	74	2005722	50197
chr9	1955525	2155525	harbor1	chr9	2044573	2044714	SINE/MIR	665	-	70	2044643	89118
chr9	4766620	4966620	harbor1	chr9	4834754	4834951	SINE/MIR	549	-	98	4834852	68232
chr9	4766620	4966620	harbor1	chr9	4838887	4839124	SINE/MIR	612	-	118	4839005	72385
chr9	4766620	4966620	harbor1	chr9	4853091	4853323	SINE/MIR	671	-	116	4853207	86587
chr9	4663979	4863979	harbor1	chr9	4667654	4667838	SINE/MIR	522	-	92	4667746	3767
chr9	4663979	4863979	harbor1	chr9	4693761	4693989	SINE/MIR	775	-	114	4693875	29896
chr9	4663979	4863979	harbor1	chr9	4700666	4700829	SINE/MIR	636	-	82	4700748	36769
chr9	4663979	4863979	harbor1	chr9	4704121	4704352	SINE/MIR	491	-	116	4704237	40258
chr9	4663979	4863979	harbor1	chr9	4716352	4716547	SINE/MIR	506	-	98	4716450	52471
chr9	4663979	4863979	harbor1	chr9	4717010	4717224	SINE/MIR	597	-	107	4717117	53138
chr9	4779222	4979222	harbor1	chr9	4834754	4834951	SINE/MIR	549	-	98	4834852	55630
chr9	4779222	4979222	harbor1	chr9	4838887	4839124	SINE/MIR	612	-	118	4839005	59783
chr9	4779222	4979222	harbor1	chr9	4853091	4853323	SINE/MIR	671	-	116	4853207	73985
chr9	132805611	133005611	harbor1	chr9	132816415	132816594	SINE/MIR	789	-	90	132816505	10894
chr9	132805611	133005611	harbor1	chr9	132827296	132827496	SINE/MIR	535	-	100	132827396	21785
chr9	132805611	133005611	harbor1	chr9	132903107	132903318	SINE/MIR	569	-	106	132903213	97602
chr9	100252658	100452658	harbor1	chr9	100260573	100260730	SINE/MIR	661	-	78	100260651	7993
chr9	100252658	100452658	harbor1	chr9	100269895	100270059	SINE/MIR	502	-	82	100269977	17319
chr9	100252658	100452658	harbor1	chr9	100294826	100295027	SINE/MIR	741	-	100	100294926	42268
chr9	100252658	100452658	harbor1	chr9	100303128	100303373	SINE/MIR	519	-	122	100303250	50592
chr9	4879874	5079874	harbor1	chr9	4903550	4903770	SINE/MIR	774	-	110	4903660	23786
chr9	4879874	5079874	harbor1	chr9	4935456	4935610	SINE/MIR	487	-	77	4935533	55659
chr9	4883151	5083151	harbor1	chr9	4903550	4903770	SINE/MIR	774	-	110	4903660	20509
chr9	4883151	5083151	harbor1	chr9	4935456	4935610	SINE/MIR	487	-	77	4935533	52382
chr9	4692614	4892614	harbor1	chr9	4693761	4693989	SINE/MIR	775	-	114	4693875	1261
chr9	4692614	4892614	harbor1	chr9	4700666	4700829	SINE/MIR	636	-	82	4700748	8134
chr9	4692614	4892614	harbor1	chr9	4704121	4704352	SINE/MIR	491	-	116	4704237	11623
chr9	4692614	4892614	harbor1	chr9	4716352	4716547	SINE/MIR	506	-	98	4716450	23836
chr9	4692614	4892614	harbor1	chr9	4717010	4717224	SINE/MIR	597	-	107	4717117	24503
chr9	4692270	4892270	harbor1	chr9	4693761	4693989	SINE/MIR	775	-	114	4693875	1605
chr9	4692270	4892270	harbor1	chr9	4700666	4700829	SINE/MIR	636	-	82	4700748	8478
chr9	4692270	4892270	harbor1	chr9	4704121	4704352	SINE/MIR	491	-	116	4704237	11967
chr9	4692270	4892270	harbor1	chr9	4716352	4716547	SINE/MIR	506	-	98	4716450	24180
chr9	4692270	4892270	harbor1	chr9	4717010	4717224	SINE/MIR	597	-	107	4717117	24847
chr9	4669979	4869979	harbor1	chr9	4693761	4693989	SINE/MIR	775	-	114	4693875	23896
chr9	4669979	4869979	harbor1	chr9	4700666	4700829	SINE/MIR	636	-	82	4700748	30769
chr9	4669979	4869979	harbor1	chr9	4704121	4704352	SINE/MIR	491	-	116	4704237	34258
chr9	4669979	4869979	harbor1	chr9	4716352	4716547	SINE/MIR	506	-	98	4716450	46471
chr9	4669979	4869979	harbor1	chr9	4717010	4717224	SINE/MIR	597	-	107	4717117	47138
chr9	4692437	4892437	harbor1	chr9	4693761	4693989	SINE/MIR	775	-	114	4693875	1438
chr9	4692437	4892437	harbor1	chr9	4700666	4700829	SINE/MIR	636	-	82	4700748	8311
chr9	4692437	4892437	harbor1	chr9	4704121	4704352	SINE/MIR	491	-	116	4704237	11800
chr9	4692437	4892437	harbor1	chr9	4716352	4716547	SINE/MIR	506	-	98	4716450	24013
chr9	4692437	4892437	harbor1	chr9	4717010	4717224	SINE/MIR	597	-	107	4717117	24680
chr9	4693668	4893668	harbor1	chr9	4693761	4693989	SINE/MIR	775	-	114	4693875	207
chr9	4693668	4893668	harbor1	chr9	4700666	4700829	SINE/MIR	636	-	82	4700748	7080
chr9	4693668	4893668	harbor1	chr9	4704121	4704352	SINE/MIR	491	-	116	4704237	10569
chr9	4693668	4893668	harbor1	chr9	4716352	4716547	SINE/MIR	506	-	98	4716450	22782
chr9	4693668	4893668	harbor1	chr9	4717010	4717224	SINE/MIR	597	-	107	4717117	23449
chr9	130220946	130420946	harbor1	chr9	130311966	130312215	SINE/MIR	861	-	124	130312090	91144
chr9	4884822	5084822	harbor1	chr9	4903550	4903770	SINE/MIR	774	-	110	4903660	18838
chr9	4884822	5084822	harbor1	chr9	4935456	4935610	SINE/MIR	487	-	77	4935533	50711
chr9	132382125	132582125	harbor1	chr9	132423433	132423623	SINE/MIR	724	-	95	132423528	41403
chr9	132382125	132582125	harbor1	chr9	132440371	132440625	SINE/MIR	716	-	127	132440498	58373
chr9	132382125	132582125	harbor1	chr9	132450479	132450673	SINE/MIR	595	-	97	132450576	68451
chr9	132382125	132582125	harbor1	chr9	132470205	132470428	SINE/MIR	552	-	112	132470317	88192
chr9	132382125	132582125	harbor1	chr9	132473310	132473504	SINE/MIR	540	-	97	132473407	91282
chr9	68605581	68805581	harbor1	chr9	68632684	68632865	SINE/MIR	530	-	90	68632774	27193
chr9	68605581	68805581	harbor1	chr9	68640827	68641078	SINE/MIR	647	-	126	68640953	35372
chr9	68605581	68805581	harbor1	chr9	68650483	68650650	SINE/MIR	574	-	84	68650567	44986
chr9	68605581	68805581	harbor1	chr9	68662301	68662522	SINE/MIR	615	-	110	68662411	56830
chr9	68605581	68805581	harbor1	chr9	68673162	68673412	SINE/MIR	563	-	125	68673287	67706
chr9	68605581	68805581	harbor1	chr9	68691969	68692123	SINE/MIR	527	-	77	68692046	86465
chr9	4669278	4869278	harbor1	chr9	4693761	4693989	SINE/MIR	775	-	114	4693875	24597
chr9	4669278	4869278	harbor1	chr9	4700666	4700829	SINE/MIR	636	-	82	4700748	31470
chr9	4669278	4869278	harbor1	chr9	4704121	4704352	SINE/MIR	491	-	116	4704237	34959
chr9	4669278	4869278	harbor1	chr9	4716352	4716547	SINE/MIR	506	-	98	4716450	47172
chr9	4669278	4869278	harbor1	chr9	4717010	4717224	SINE/MIR	597	-	107	4717117	47839
chr9	4755861	4955861	harbor1	chr9	4834754	4834951	SINE/MIR	549	-	98	4834852	78991
chr9	4755861	4955861	harbor1	chr9	4838887	4839124	SINE/MIR	612	-	118	4839005	83144
chr9	4755861	4955861	harbor1	chr9	4853091	4853323	SINE/MIR	671	-	116	4853207	97346
chr9	4884838	5084838	harbor1	chr9	4903550	4903770	SINE/MIR	774	-	110	4903660	18822
chr9	4884838	5084838	harbor1	chr9	4935456	4935610	SINE/MIR	487	-	77	4935533	50695
chr9	4703727	4903727	harbor1	chr9	4704121	4704352	SINE/MIR	491	-	116	4704237	510
chr9	4703727	4903727	harbor1	chr9	4716352	4716547	SINE/MIR	506	-	98	4716450	12723
chr9	4703727	4903727	harbor1	chr9	4717010	4717224	SINE/MIR	597	-	107	4717117	13390
chr9	4567404	4767404	harbor1	chr9	4580986	4581206	SINE/MIR	630	-	110	4581096	13692
chr9	4567404	4767404	harbor1	chr9	4592379	4592550	SINE/MIR	565	-	86	4592465	25061
chr9	4567404	4767404	harbor1	chr9	4592965	4593126	SINE/MIR	612	-	80	4593045	25641
chr9	4567404	4767404	harbor1	chr9	4596958	4597170	SINE/MIR	835	-	106	4597064	29660
chr9	4567404	4767404	harbor1	chr9	4629311	4629531	SINE/MIR	622	-	110	4629421	62017
chr9	4567404	4767404	harbor1	chr9	4630763	4630983	SINE/MIR	832	-	110	4630873	63469
chr9	4567404	4767404	harbor1	chr9	4649438	4649633	SINE/MIR	580	-	98	4649536	82132
chr9	4747782	4947782	harbor1	chr9	4834754	4834951	SINE/MIR	549	-	98	4834852	87070
chr9	4747782	4947782	harbor1	chr9	4838887	4839124	SINE/MIR	612	-	118	4839005	91223
chr9	4884786	5084786	harbor1	chr9	4903550	4903770	SINE/MIR	774	-	110	4903660	18874
chr9	4884786	5084786	harbor1	chr9	4935456	4935610	SINE/MIR	487	-	77	4935533	50747
chr9	4692442	4892442	harbor1	chr9	4693761	4693989	SINE/MIR	775	-	114	4693875	1433
chr9	4692442	4892442	harbor1	chr9	4700666	4700829	SINE/MIR	636	-	82	4700748	8306
chr9	4692442	4892442	harbor1	chr9	4704121	4704352	SINE/MIR	491	-	116	4704237	11795
chr9	4692442	4892442	harbor1	chr9	4716352	4716547	SINE/MIR	506	-	98	4716450	24008
chr9	4692442	4892442	harbor1	chr9	4717010	4717224	SINE/MIR	597	-	107	4717117	24675
chr9	4692263	4892263	harbor1	chr9	4693761	4693989	SINE/MIR	775	-	114	4693875	1612
chr9	4692263	4892263	harbor1	chr9	4700666	4700829	SINE/MIR	636	-	82	4700748	8485
chr9	4692263	4892263	harbor1	chr9	4704121	4704352	SINE/MIR	491	-	116	4704237	11974
chr9	4692263	4892263	harbor1	chr9	4716352	4716547	SINE/MIR	506	-	98	4716450	24187
chr9	4692263	4892263	harbor1	chr9	4717010	4717224	SINE/MIR	597	-	107	4717117	24854
chr9	4884812	5084812	harbor1	chr9	4903550	4903770	SINE/MIR	774	-	110	4903660	18848
chr9	4884812	5084812	harbor1	chr9	4935456	4935610	SINE/MIR	487	-	77	4935533	50721
chr9	4692767	4892767	harbor1	chr9	4693761	4693989	SINE/MIR	775	-	114	4693875	1108
chr9	4692767	4892767	harbor1	chr9	4700666	4700829	SINE/MIR	636	-	82	4700748	7981
chr9	4692767	4892767	harbor1	chr9	4704121	4704352	SINE/MIR	491	-	116	4704237	11470
chr9	4692767	4892767	harbor1	chr9	4716352	4716547	SINE/MIR	506	-	98	4716450	23683
chr9	4692767	4892767	harbor1	chr9	4717010	4717224	SINE/MIR	597	-	107	4717117	24350
chr9	4884794	5084794	harbor1	chr9	4903550	4903770	SINE/MIR	774	-	110	4903660	18866
chr9	4884794	5084794	harbor1	chr9	4935456	4935610	SINE/MIR	487	-	77	4935533	50739
chr9	68603685	68803685	harbor1	chr9	68632684	68632865	SINE/MIR	530	-	90	68632774	29089
chr9	68603685	68803685	harbor1	chr9	68640827	68641078	SINE/MIR	647	-	126	68640953	37268
chr9	68603685	68803685	harbor1	chr9	68650483	68650650	SINE/MIR	574	-	84	68650567	46882
chr9	68603685	68803685	harbor1	chr9	68662301	68662522	SINE/MIR	615	-	110	68662411	58726
chr9	68603685	68803685	harbor1	chr9	68673162	68673412	SINE/MIR	563	-	125	68673287	69602
chr9	68603685	68803685	harbor1	chr9	68691969	68692123	SINE/MIR	527	-	77	68692046	88361
chr9	4663011	4863011	harbor1	chr9	4667654	4667838	SINE/MIR	522	-	92	4667746	4735
chr9	4663011	4863011	harbor1	chr9	4693761	4693989	SINE/MIR	775	-	114	4693875	30864
chr9	4663011	4863011	harbor1	chr9	4700666	4700829	SINE/MIR	636	-	82	4700748	37737
chr9	4663011	4863011	harbor1	chr9	4704121	4704352	SINE/MIR	491	-	116	4704237	41226
chr9	4663011	4863011	harbor1	chr9	4716352	4716547	SINE/MIR	506	-	98	4716450	53439
chr9	4663011	4863011	harbor1	chr9	4717010	4717224	SINE/MIR	597	-	107	4717117	54106
chr9	4704642	4904642	harbor1	chr9	4716352	4716547	SINE/MIR	506	-	98	4716450	11808
chr9	4704642	4904642	harbor1	chr9	4717010	4717224	SINE/MIR	597	-	107	4717117	12475
chr9	35657186	35857186	harbor1	chr9	35729047	35729267	SINE/MIR	766	-	110	35729157	71971
chr9	4698312	4898312	harbor1	chr9	4700666	4700829	SINE/MIR	636	-	82	4700748	2436
chr9	4698312	4898312	harbor1	chr9	4704121	4704352	SINE/MIR	491	-	116	4704237	5925
chr9	4698312	4898312	harbor1	chr9	4716352	4716547	SINE/MIR	506	-	98	4716450	18138
chr9	4698312	4898312	harbor1	chr9	4717010	4717224	SINE/MIR	597	-	107	4717117	18805
chr9	4883407	5083407	harbor1	chr9	4903550	4903770	SINE/MIR	774	-	110	4903660	20253
chr9	4883407	5083407	harbor1	chr9	4935456	4935610	SINE/MIR	487	-	77	4935533	52126
chr9	133055213	133255213	harbor1	chr9	133088018	133088206	SINE/MIR	490	-	94	133088112	32899
chr9	133055213	133255213	harbor1	chr9	133102215	133102415	SINE/MIR	526	-	100	133102315	47102
chr9	4766714	4966714	harbor1	chr9	4834754	4834951	SINE/MIR	549	-	98	4834852	68138
chr9	4766714	4966714	harbor1	chr9	4838887	4839124	SINE/MIR	612	-	118	4839005	72291
chr9	4766714	4966714	harbor1	chr9	4853091	4853323	SINE/MIR	671	-	116	4853207	86493
chr9	133063758	133263758	harbor1	chr9	133088018	133088206	SINE/MIR	490	-	94	133088112	24354
chr9	133063758	133263758	harbor1	chr9	133102215	133102415	SINE/MIR	526	-	100	133102315	38557
chr9	4883310	5083310	harbor1	chr9	4903550	4903770	SINE/MIR	774	-	110	4903660	20350
chr9	4883310	5083310	harbor1	chr9	4935456	4935610	SINE/MIR	487	-	77	4935533	52223
chr9	4883306	5083306	harbor1	chr9	4903550	4903770	SINE/MIR	774	-	110	4903660	20354
chr9	4883306	5083306	harbor1	chr9	4935456	4935610	SINE/MIR	487	-	77	4935533	52227
chr9	111796999	111996999	harbor1	chr9	111820134	111820354	SINE/MIR	856	-	110	111820244	23245
chr9	111796999	111996999	harbor1	chr9	111853781	111853850	SINE/MIR	889	-	34	111853815	56816
chr9	111796999	111996999	harbor1	chr9	111854158	111854169	SINE/MIR	889	-	6	111854164	57165
chr9	111796999	111996999	harbor1	chr9	111854472	111854674	SINE/MIR	889	-	101	111854573	57574
chr9	111796999	111996999	harbor1	chr9	111888862	111888979	SINE/MIR	519	-	58	111888920	91921
chr9	111796999	111996999	harbor1	chr9	111889113	111889232	SINE/MIR	519	-	60	111889173	92174
chr9	4663450	4863450	harbor1	chr9	4667654	4667838	SINE/MIR	522	-	92	4667746	4296
chr9	4663450	4863450	harbor1	chr9	4693761	4693989	SINE/MIR	775	-	114	4693875	30425
chr9	4663450	4863450	harbor1	chr9	4700666	4700829	SINE/MIR	636	-	82	4700748	37298
chr9	4663450	4863450	harbor1	chr9	4704121	4704352	SINE/MIR	491	-	116	4704237	40787
chr9	4663450	4863450	harbor1	chr9	4716352	4716547	SINE/MIR	506	-	98	4716450	53000
chr9	4663450	4863450	harbor1	chr9	4717010	4717224	SINE/MIR	597	-	107	4717117	53667
chr9	126299438	126499438	harbor1	chr9	126331614	126331793	SINE/MIR	489	-	90	126331704	32266
chr9	126299438	126499438	harbor1	chr9	126339779	126340044	SINE/MIR	579	-	132	126339911	40473
chr9	126299438	126499438	harbor1	chr9	126371795	126371865	SINE/MIR	571	-	35	126371830	72392
chr9	126299438	126499438	harbor1	chr9	126372609	126372796	SINE/MIR	571	-	94	126372703	73265
chr9	126299438	126499438	harbor1	chr9	126387685	126387953	SINE/MIR	576	-	134	126387819	88381
chr9	126299438	126499438	harbor1	chr9	126390215	126390428	SINE/MIR	887	-	106	126390321	90883
chr9	3230875	3430875	harbor1	chr9	3283291	3283520	SINE/MIR	575	-	114	3283405	52530
chr9	4739858	4939858	harbor1	chr9	4834754	4834951	SINE/MIR	549	-	98	4834852	94994
chr9	4739858	4939858	harbor1	chr9	4838887	4839124	SINE/MIR	612	-	118	4839005	99147
chr9	4663900	4863900	harbor1	chr9	4667654	4667838	SINE/MIR	522	-	92	4667746	3846
chr9	4663900	4863900	harbor1	chr9	4693761	4693989	SINE/MIR	775	-	114	4693875	29975
chr9	4663900	4863900	harbor1	chr9	4700666	4700829	SINE/MIR	636	-	82	4700748	36848
chr9	4663900	4863900	harbor1	chr9	4704121	4704352	SINE/MIR	491	-	116	4704237	40337
chr9	4663900	4863900	harbor1	chr9	4716352	4716547	SINE/MIR	506	-	98	4716450	52550
chr9	4663900	4863900	harbor1	chr9	4717010	4717224	SINE/MIR	597	-	107	4717117	53217
chr9	4884859	5084859	harbor1	chr9	4903550	4903770	SINE/MIR	774	-	110	4903660	18801
chr9	4884859	5084859	harbor1	chr9	4935456	4935610	SINE/MIR	487	-	77	4935533	50674
chr9	4692956	4892956	harbor1	chr9	4693761	4693989	SINE/MIR	775	-	114	4693875	919
chr9	4692956	4892956	harbor1	chr9	4700666	4700829	SINE/MIR	636	-	82	4700748	7792
chr9	4692956	4892956	harbor1	chr9	4704121	4704352	SINE/MIR	491	-	116	4704237	11281
chr9	4692956	4892956	harbor1	chr9	4716352	4716547	SINE/MIR	506	-	98	4716450	23494
chr9	4692956	4892956	harbor1	chr9	4717010	4717224	SINE/MIR	597	-	107	4717117	24161
chr9	4694138	4894138	harbor1	chr9	4700666	4700829	SINE/MIR	636	-	82	4700748	6610
chr9	4694138	4894138	harbor1	chr9	4704121	4704352	SINE/MIR	491	-	116	4704237	10099
chr9	4694138	4894138	harbor1	chr9	4716352	4716547	SINE/MIR	506	-	98	4716450	22312
chr9	4694138	4894138	harbor1	chr9	4717010	4717224	SINE/MIR	597	-	107	4717117	22979
chr9	4692434	4892434	harbor1	chr9	4693761	4693989	SINE/MIR	775	-	114	4693875	1441
chr9	4692434	4892434	harbor1	chr9	4700666	4700829	SINE/MIR	636	-	82	4700748	8314
chr9	4692434	4892434	harbor1	chr9	4704121	4704352	SINE/MIR	491	-	116	4704237	11803
chr9	4692434	4892434	harbor1	chr9	4716352	4716547	SINE/MIR	506	-	98	4716450	24016
chr9	4692434	4892434	harbor1	chr9	4717010	4717224	SINE/MIR	597	-	107	4717117	24683
chr9	4663906	4863906	harbor1	chr9	4667654	4667838	SINE/MIR	522	-	92	4667746	3840
chr9	4663906	4863906	harbor1	chr9	4693761	4693989	SINE/MIR	775	-	114	4693875	29969
chr9	4663906	4863906	harbor1	chr9	4700666	4700829	SINE/MIR	636	-	82	4700748	36842
chr9	4663906	4863906	harbor1	chr9	4704121	4704352	SINE/MIR	491	-	116	4704237	40331
chr9	4663906	4863906	harbor1	chr9	4716352	4716547	SINE/MIR	506	-	98	4716450	52544
chr9	4663906	4863906	harbor1	chr9	4717010	4717224	SINE/MIR	597	-	107	4717117	53211
chr9	4879900	5079900	harbor1	chr9	4903550	4903770	SINE/MIR	774	-	110	4903660	23760
chr9	4879900	5079900	harbor1	chr9	4935456	4935610	SINE/MIR	487	-	77	4935533	55633
chr9	4877201	5077201	harbor1	chr9	4903550	4903770	SINE/MIR	774	-	110	4903660	26459
chr9	4877201	5077201	harbor1	chr9	4935456	4935610	SINE/MIR	487	-	77	4935533	58332
chr9	1	114163	harbor1	chr9	23239	23453	SINE/MIR	749	-	107	23346	23345
chr9	1	114163	harbor1	chr9	47855	47867	SINE/MIR	829	-	6	47861	47860
chr9	1	114163	harbor1	chr9	48165	48402	SINE/MIR	829	-	118	48283	48282
chr9	1	114163	harbor1	chr9	63735	63898	SINE/MIR	527	-	82	63817	63816
chr9	4663278	4863278	harbor1	chr9	4667654	4667838	SINE/MIR	522	-	92	4667746	4468
chr9	4663278	4863278	harbor1	chr9	4693761	4693989	SINE/MIR	775	-	114	4693875	30597
chr9	4663278	4863278	harbor1	chr9	4700666	4700829	SINE/MIR	636	-	82	4700748	37470
chr9	4663278	4863278	harbor1	chr9	4704121	4704352	SINE/MIR	491	-	116	4704237	40959
chr9	4663278	4863278	harbor1	chr9	4716352	4716547	SINE/MIR	506	-	98	4716450	53172
chr9	4663278	4863278	harbor1	chr9	4717010	4717224	SINE/MIR	597	-	107	4717117	53839
chr9	113066019	113266019	harbor1	chr9	113150072	113150289	SINE/MIR	556	-	108	113150180	84161
chr9	113066019	113266019	harbor1	chr9	113157941	113158183	SINE/MIR	489	-	121	113158062	92043
chr9	113066019	113266019	harbor1	chr9	113162211	113162411	SINE/MIR	571	-	100	113162311	96292
chr9	35598598	35798598	harbor1	chr9	35648361	35648595	SINE/MIR	802	-	117	35648478	49880
chr9	4755859	4955859	harbor1	chr9	4834754	4834951	SINE/MIR	549	-	98	4834852	78993
chr9	4755859	4955859	harbor1	chr9	4838887	4839124	SINE/MIR	612	-	118	4839005	83146
chr9	4755859	4955859	harbor1	chr9	4853091	4853323	SINE/MIR	671	-	116	4853207	97348
chr9	1915302	2115302	harbor1	chr9	1919238	1919421	SINE/MIR	555	-	92	1919330	4028
chr9	1915302	2115302	harbor1	chr9	1939877	1940100	SINE/MIR	697	-	112	1939989	24687
chr9	1915302	2115302	harbor1	chr9	1941499	1941733	SINE/MIR	677	-	117	1941616	26314
chr9	1915302	2115302	harbor1	chr9	1943130	1943371	SINE/MIR	660	-	120	1943250	27948
chr9	1915302	2115302	harbor1	chr9	1970159	1970399	SINE/MIR	869	-	120	1970279	54977
chr9	1915302	2115302	harbor1	chr9	1979440	1979643	SINE/MIR	567	-	102	1979542	64240
chr9	1915302	2115302	harbor1	chr9	1996618	1996870	SINE/MIR	671	-	126	1996744	81442
chr9	1915302	2115302	harbor1	chr9	2005648	2005796	SINE/MIR	539	-	74	2005722	90420
chr9	133063183	133263183	harbor1	chr9	133088018	133088206	SINE/MIR	490	-	94	133088112	24929
chr9	133063183	133263183	harbor1	chr9	133102215	133102415	SINE/MIR	526	-	100	133102315	39132
chr9	4692945	4892945	harbor1	chr9	4693761	4693989	SINE/MIR	775	-	114	4693875	930
chr9	4692945	4892945	harbor1	chr9	4700666	4700829	SINE/MIR	636	-	82	4700748	7803
chr9	4692945	4892945	harbor1	chr9	4704121	4704352	SINE/MIR	491	-	116	4704237	11292
chr9	4692945	4892945	harbor1	chr9	4716352	4716547	SINE/MIR	506	-	98	4716450	23505
chr9	4692945	4892945	harbor1	chr9	4717010	4717224	SINE/MIR	597	-	107	4717117	24172
chr9	4663875	4863875	harbor1	chr9	4667654	4667838	SINE/MIR	522	-	92	4667746	3871
chr9	4663875	4863875	harbor1	chr9	4693761	4693989	SINE/MIR	775	-	114	4693875	30000
chr9	4663875	4863875	harbor1	chr9	4700666	4700829	SINE/MIR	636	-	82	4700748	36873
chr9	4663875	4863875	harbor1	chr9	4704121	4704352	SINE/MIR	491	-	116	4704237	40362
chr9	4663875	4863875	harbor1	chr9	4716352	4716547	SINE/MIR	506	-	98	4716450	52575
chr9	4663875	4863875	harbor1	chr9	4717010	4717224	SINE/MIR	597	-	107	4717117	53242
chr9	1987488	2187488	harbor1	chr9	1996618	1996870	SINE/MIR	671	-	126	1996744	9256
chr9	1987488	2187488	harbor1	chr9	2005648	2005796	SINE/MIR	539	-	74	2005722	18234
chr9	1987488	2187488	harbor1	chr9	2044573	2044714	SINE/MIR	665	-	70	2044643	57155
chr9	4692940	4892940	harbor1	chr9	4693761	4693989	SINE/MIR	775	-	114	4693875	935
chr9	4692940	4892940	harbor1	chr9	4700666	4700829	SINE/MIR	636	-	82	4700748	7808
chr9	4692940	4892940	harbor1	chr9	4704121	4704352	SINE/MIR	491	-	116	4704237	11297
chr9	4692940	4892940	harbor1	chr9	4716352	4716547	SINE/MIR	506	-	98	4716450	23510
chr9	4692940	4892940	harbor1	chr9	4717010	4717224	SINE/MIR	597	-	107	4717117	24177
chr9	134036206	134236206	harbor1	chr9	134071690	134071844	SINE/MIR	546	-	77	134071767	35561
chr9	4669568	4869568	harbor1	chr9	4693761	4693989	SINE/MIR	775	-	114	4693875	24307
chr9	4669568	4869568	harbor1	chr9	4700666	4700829	SINE/MIR	636	-	82	4700748	31180
chr9	4669568	4869568	harbor1	chr9	4704121	4704352	SINE/MIR	491	-	116	4704237	34669
chr9	4669568	4869568	harbor1	chr9	4716352	4716547	SINE/MIR	506	-	98	4716450	46882
chr9	4669568	4869568	harbor1	chr9	4717010	4717224	SINE/MIR	597	-	107	4717117	47549
chr9	4884854	5084854	harbor1	chr9	4903550	4903770	SINE/MIR	774	-	110	4903660	18806
chr9	4884854	5084854	harbor1	chr9	4935456	4935610	SINE/MIR	487	-	77	4935533	50679
chr9	123332197	123532197	harbor1	chr9	123333006	123333261	SINE/MIR	699	-	128	123333134	937
chr9	123332197	123532197	harbor1	chr9	123334669	123334858	SINE/MIR	772	-	94	123334763	2566
chr9	123332197	123532197	harbor1	chr9	123335201	123335248	SINE/MIR	772	-	24	123335225	3028
chr9	123332197	123532197	harbor1	chr9	123335357	123335536	SINE/MIR	499	-	90	123335447	3250
chr9	123332197	123532197	harbor1	chr9	123336247	123336449	SINE/MIR	723	-	101	123336348	4151
chr9	123332197	123532197	harbor1	chr9	123344357	123344475	SINE/MIR	549	-	59	123344416	12219
chr9	123332197	123532197	harbor1	chr9	123345062	123345093	SINE/MIR	519	-	16	123345078	12881
chr9	123332197	123532197	harbor1	chr9	123345381	123345583	SINE/MIR	519	-	101	123345482	13285
chr9	123332197	123532197	harbor1	chr9	123352339	123352535	SINE/MIR	573	-	98	123352437	20240
chr9	123332197	123532197	harbor1	chr9	123354477	123354610	SINE/MIR	539	-	66	123354543	22346
chr9	123332197	123532197	harbor1	chr9	123408418	123408635	SINE/MIR	720	-	108	123408526	76329
chr9	123332197	123532197	harbor1	chr9	123417334	123417573	SINE/MIR	609	-	120	123417454	85257
chr9	123332197	123532197	harbor1	chr9	123421178	123421403	SINE/MIR	650	-	112	123421290	89093
chr9	4884933	5084933	harbor1	chr9	4903550	4903770	SINE/MIR	774	-	110	4903660	18727
chr9	4884933	5084933	harbor1	chr9	4935456	4935610	SINE/MIR	487	-	77	4935533	50600
chr9	4692448	4892448	harbor1	chr9	4693761	4693989	SINE/MIR	775	-	114	4693875	1427
chr9	4692448	4892448	harbor1	chr9	4700666	4700829	SINE/MIR	636	-	82	4700748	8300
chr9	4692448	4892448	harbor1	chr9	4704121	4704352	SINE/MIR	491	-	116	4704237	11789
chr9	4692448	4892448	harbor1	chr9	4716352	4716547	SINE/MIR	506	-	98	4716450	24002
chr9	4692448	4892448	harbor1	chr9	4717010	4717224	SINE/MIR	597	-	107	4717117	24669
chr9	21875478	22075478	harbor1	chr9	21909707	21909967	SINE/MIR	812	-	130	21909837	34359
chr9	4692452	4892452	harbor1	chr9	4693761	4693989	SINE/MIR	775	-	114	4693875	1423
chr9	4692452	4892452	harbor1	chr9	4700666	4700829	SINE/MIR	636	-	82	4700748	8296
chr9	4692452	4892452	harbor1	chr9	4704121	4704352	SINE/MIR	491	-	116	4704237	11785
chr9	4692452	4892452	harbor1	chr9	4716352	4716547	SINE/MIR	506	-	98	4716450	23998
chr9	4692452	4892452	harbor1	chr9	4717010	4717224	SINE/MIR	597	-	107	4717117	24665
chr9	4885046	5085046	harbor1	chr9	4903550	4903770	SINE/MIR	774	-	110	4903660	18614
chr9	4885046	5085046	harbor1	chr9	4935456	4935610	SINE/MIR	487	-	77	4935533	50487
chr9	134035557	134235557	harbor1	chr9	134071690	134071844	SINE/MIR	546	-	77	134071767	36210
chr9	4692258	4892258	harbor1	chr9	4693761	4693989	SINE/MIR	775	-	114	4693875	1617
chr9	4692258	4892258	harbor1	chr9	4700666	4700829	SINE/MIR	636	-	82	4700748	8490
chr9	4692258	4892258	harbor1	chr9	4704121	4704352	SINE/MIR	491	-	116	4704237	11979
chr9	4692258	4892258	harbor1	chr9	4716352	4716547	SINE/MIR	506	-	98	4716450	24192
chr9	4692258	4892258	harbor1	chr9	4717010	4717224	SINE/MIR	597	-	107	4717117	24859
chr9	4747506	4947506	harbor1	chr9	4834754	4834951	SINE/MIR	549	-	98	4834852	87346
chr9	4747506	4947506	harbor1	chr9	4838887	4839124	SINE/MIR	612	-	118	4839005	91499
chr9	35656433	35856433	harbor1	chr9	35729047	35729267	SINE/MIR	766	-	110	35729157	72724
chr9	4884905	5084905	harbor1	chr9	4903550	4903770	SINE/MIR	774	-	110	4903660	18755
chr9	4884905	5084905	harbor1	chr9	4935456	4935610	SINE/MIR	487	-	77	4935533	50628
chr9	35580921	35780921	harbor1	chr9	35648361	35648595	SINE/MIR	802	-	117	35648478	67557
chr9	1955526	2155526	harbor1	chr9	1970159	1970399	SINE/MIR	869	-	120	1970279	14753
chr9	1955526	2155526	harbor1	chr9	1979440	1979643	SINE/MIR	567	-	102	1979542	24016
chr9	1955526	2155526	harbor1	chr9	1996618	1996870	SINE/MIR	671	-	126	1996744	41218
chr9	1955526	2155526	harbor1	chr9	2005648	2005796	SINE/MIR	539	-	74	2005722	50196
chr9	1955526	2155526	harbor1	chr9	2044573	2044714	SINE/MIR	665	-	70	2044643	89117
chr9	89260220	89460220	harbor1	chr9	89261633	89261813	SINE/MIR	506	-	90	89261723	1503
chr9	89260220	89460220	harbor1	chr9	89288661	89288888	SINE/MIR	600	-	114	89288775	28555
chr9	4884994	5084994	harbor1	chr9	4903550	4903770	SINE/MIR	774	-	110	4903660	18666
chr9	4884994	5084994	harbor1	chr9	4935456	4935610	SINE/MIR	487	-	77	4935533	50539
chr9	4692158	4892158	harbor1	chr9	4693761	4693989	SINE/MIR	775	-	114	4693875	1717
chr9	4692158	4892158	harbor1	chr9	4700666	4700829	SINE/MIR	636	-	82	4700748	8590
chr9	4692158	4892158	harbor1	chr9	4704121	4704352	SINE/MIR	491	-	116	4704237	12079
chr9	4692158	4892158	harbor1	chr9	4716352	4716547	SINE/MIR	506	-	98	4716450	24292
chr9	4692158	4892158	harbor1	chr9	4717010	4717224	SINE/MIR	597	-	107	4717117	24959
chr9	134035364	134235364	harbor1	chr9	134071690	134071844	SINE/MIR	546	-	77	134071767	36403
chr9	4669265	4869265	harbor1	chr9	4693761	4693989	SINE/MIR	775	-	114	4693875	24610
chr9	4669265	4869265	harbor1	chr9	4700666	4700829	SINE/MIR	636	-	82	4700748	31483
chr9	4669265	4869265	harbor1	chr9	4704121	4704352	SINE/MIR	491	-	116	4704237	34972
chr9	4669265	4869265	harbor1	chr9	4716352	4716547	SINE/MIR	506	-	98	4716450	47185
chr9	4669265	4869265	harbor1	chr9	4717010	4717224	SINE/MIR	597	-	107	4717117	47852
chr9	97885114	98085114	harbor1	chr9	97933282	97933439	SINE/MIR	598	-	78	97933360	48246
chr9	97885114	98085114	harbor1	chr9	97952292	97952524	SINE/MIR	716	-	116	97952408	67294
chr9	4748106	4948106	harbor1	chr9	4834754	4834951	SINE/MIR	549	-	98	4834852	86746
chr9	4748106	4948106	harbor1	chr9	4838887	4839124	SINE/MIR	612	-	118	4839005	90899
chr9	4884926	5084926	harbor1	chr9	4903550	4903770	SINE/MIR	774	-	110	4903660	18734
chr9	4884926	5084926	harbor1	chr9	4935456	4935610	SINE/MIR	487	-	77	4935533	50607
chr9	4692312	4892312	harbor1	chr9	4693761	4693989	SINE/MIR	775	-	114	4693875	1563
chr9	4692312	4892312	harbor1	chr9	4700666	4700829	SINE/MIR	636	-	82	4700748	8436
chr9	4692312	4892312	harbor1	chr9	4704121	4704352	SINE/MIR	491	-	116	4704237	11925
chr9	4692312	4892312	harbor1	chr9	4716352	4716547	SINE/MIR	506	-	98	4716450	24138
chr9	4692312	4892312	harbor1	chr9	4717010	4717224	SINE/MIR	597	-	107	4717117	24805
chr9	4692909	4892909	harbor1	chr9	4693761	4693989	SINE/MIR	775	-	114	4693875	966
chr9	4692909	4892909	harbor1	chr9	4700666	4700829	SINE/MIR	636	-	82	4700748	7839
chr9	4692909	4892909	harbor1	chr9	4704121	4704352	SINE/MIR	491	-	116	4704237	11328
chr9	4692909	4892909	harbor1	chr9	4716352	4716547	SINE/MIR	506	-	98	4716450	23541
chr9	4692909	4892909	harbor1	chr9	4717010	4717224	SINE/MIR	597	-	107	4717117	24208
chr9	4663127	4863127	harbor1	chr9	4667654	4667838	SINE/MIR	522	-	92	4667746	4619
chr9	4663127	4863127	harbor1	chr9	4693761	4693989	SINE/MIR	775	-	114	4693875	30748
chr9	4663127	4863127	harbor1	chr9	4700666	4700829	SINE/MIR	636	-	82	4700748	37621
chr9	4663127	4863127	harbor1	chr9	4704121	4704352	SINE/MIR	491	-	116	4704237	41110
chr9	4663127	4863127	harbor1	chr9	4716352	4716547	SINE/MIR	506	-	98	4716450	53323
chr9	4663127	4863127	harbor1	chr9	4717010	4717224	SINE/MIR	597	-	107	4717117	53990
chr9	133904999	134104999	harbor1	chr9	133918502	133918740	SINE/MIR	590	-	119	133918621	13622
chr9	94048912	94248912	harbor1	chr9	94086709	94086922	SINE/MIR	650	-	106	94086815	37903
chr9	94048912	94248912	harbor1	chr9	94086926	94087065	SINE/MIR	505	-	70	94086996	38084
chr9	94048912	94248912	harbor1	chr9	94088481	94088703	SINE/MIR	554	-	111	94088592	39680
chr9	68605563	68805563	harbor1	chr9	68632684	68632865	SINE/MIR	530	-	90	68632774	27211
chr9	68605563	68805563	harbor1	chr9	68640827	68641078	SINE/MIR	647	-	126	68640953	35390
chr9	68605563	68805563	harbor1	chr9	68650483	68650650	SINE/MIR	574	-	84	68650567	45004
chr9	68605563	68805563	harbor1	chr9	68662301	68662522	SINE/MIR	615	-	110	68662411	56848
chr9	68605563	68805563	harbor1	chr9	68673162	68673412	SINE/MIR	563	-	125	68673287	67724
chr9	68605563	68805563	harbor1	chr9	68691969	68692123	SINE/MIR	527	-	77	68692046	86483
chr9	4692971	4892971	harbor1	chr9	4693761	4693989	SINE/MIR	775	-	114	4693875	904
chr9	4692971	4892971	harbor1	chr9	4700666	4700829	SINE/MIR	636	-	82	4700748	7777
chr9	4692971	4892971	harbor1	chr9	4704121	4704352	SINE/MIR	491	-	116	4704237	11266
chr9	4692971	4892971	harbor1	chr9	4716352	4716547	SINE/MIR	506	-	98	4716450	23479
chr9	4692971	4892971	harbor1	chr9	4717010	4717224	SINE/MIR	597	-	107	4717117	24146
chr9	132966900	133166900	harbor1	chr9	132988609	132988809	SINE/MIR	502	-	100	132988709	21809
chr9	132966900	133166900	harbor1	chr9	133053221	133053302	SINE/MIR	562	-	40	133053261	86361
chr9	132966900	133166900	harbor1	chr9	133053598	133053756	SINE/MIR	562	-	79	133053677	86777
chr9	4884847	5084847	harbor1	chr9	4903550	4903770	SINE/MIR	774	-	110	4903660	18813
chr9	4884847	5084847	harbor1	chr9	4935456	4935610	SINE/MIR	487	-	77	4935533	50686
chr9	112387221	112587221	harbor1	chr9	112415322	112415558	SINE/MIR	614	-	118	112415440	28219
chr9	112387221	112587221	harbor1	chr9	112443282	112443491	SINE/MIR	597	-	104	112443386	56165
chr9	4692946	4892946	harbor1	chr9	4693761	4693989	SINE/MIR	775	-	114	4693875	929
chr9	4692946	4892946	harbor1	chr9	4700666	4700829	SINE/MIR	636	-	82	4700748	7802
chr9	4692946	4892946	harbor1	chr9	4704121	4704352	SINE/MIR	491	-	116	4704237	11291
chr9	4692946	4892946	harbor1	chr9	4716352	4716547	SINE/MIR	506	-	98	4716450	23504
chr9	4692946	4892946	harbor1	chr9	4717010	4717224	SINE/MIR	597	-	107	4717117	24171
chr9	4883816	5083816	harbor1	chr9	4903550	4903770	SINE/MIR	774	-	110	4903660	19844
chr9	4883816	5083816	harbor1	chr9	4935456	4935610	SINE/MIR	487	-	77	4935533	51717
chr9	4663649	4863649	harbor1	chr9	4667654	4667838	SINE/MIR	522	-	92	4667746	4097
chr9	4663649	4863649	harbor1	chr9	4693761	4693989	SINE/MIR	775	-	114	4693875	30226
chr9	4663649	4863649	harbor1	chr9	4700666	4700829	SINE/MIR	636	-	82	4700748	37099
chr9	4663649	4863649	harbor1	chr9	4704121	4704352	SINE/MIR	491	-	116	4704237	40588
chr9	4663649	4863649	harbor1	chr9	4716352	4716547	SINE/MIR	506	-	98	4716450	52801
chr9	4663649	4863649	harbor1	chr9	4717010	4717224	SINE/MIR	597	-	107	4717117	53468
chr9	35691958	35891958	harbor1	chr9	35729047	35729267	SINE/MIR	766	-	110	35729157	37199
chr9	35691958	35891958	harbor1	chr9	35762907	35763044	SINE/MIR	509	-	68	35762975	71017
chr9	4663080	4863080	harbor1	chr9	4667654	4667838	SINE/MIR	522	-	92	4667746	4666
chr9	4663080	4863080	harbor1	chr9	4693761	4693989	SINE/MIR	775	-	114	4693875	30795
chr9	4663080	4863080	harbor1	chr9	4700666	4700829	SINE/MIR	636	-	82	4700748	37668
chr9	4663080	4863080	harbor1	chr9	4704121	4704352	SINE/MIR	491	-	116	4704237	41157
chr9	4663080	4863080	harbor1	chr9	4716352	4716547	SINE/MIR	506	-	98	4716450	53370
chr9	4663080	4863080	harbor1	chr9	4717010	4717224	SINE/MIR	597	-	107	4717117	54037
chr9	125322076	125522076	harbor1	chr9	125376022	125376242	SINE/MIR	524	-	110	125376132	54056
chr9	4884823	5084823	harbor1	chr9	4903550	4903770	SINE/MIR	774	-	110	4903660	18837
chr9	4884823	5084823	harbor1	chr9	4935456	4935610	SINE/MIR	487	-	77	4935533	50710
chr9	133063738	133263738	harbor1	chr9	133088018	133088206	SINE/MIR	490	-	94	133088112	24374
chr9	133063738	133263738	harbor1	chr9	133102215	133102415	SINE/MIR	526	-	100	133102315	38577
chr9	126245605	126445605	harbor1	chr9	126295285	126295509	SINE/MIR	648	-	112	126295397	49792
chr9	126245605	126445605	harbor1	chr9	126331614	126331793	SINE/MIR	489	-	90	126331704	86099
chr9	126245605	126445605	harbor1	chr9	126339779	126340044	SINE/MIR	579	-	132	126339911	94306
chr9	68605579	68805579	harbor1	chr9	68632684	68632865	SINE/MIR	530	-	90	68632774	27195
chr9	68605579	68805579	harbor1	chr9	68640827	68641078	SINE/MIR	647	-	126	68640953	35374
chr9	68605579	68805579	harbor1	chr9	68650483	68650650	SINE/MIR	574	-	84	68650567	44988
chr9	68605579	68805579	harbor1	chr9	68662301	68662522	SINE/MIR	615	-	110	68662411	56832
chr9	68605579	68805579	harbor1	chr9	68673162	68673412	SINE/MIR	563	-	125	68673287	67708
chr9	68605579	68805579	harbor1	chr9	68691969	68692123	SINE/MIR	527	-	77	68692046	86467
chr9	89262840	89462840	harbor1	chr9	89288661	89288888	SINE/MIR	600	-	114	89288775	25935
chr9	4883473	5083473	harbor1	chr9	4903550	4903770	SINE/MIR	774	-	110	4903660	20187
chr9	4883473	5083473	harbor1	chr9	4935456	4935610	SINE/MIR	487	-	77	4935533	52060
chr9	35656293	35856293	harbor1	chr9	35729047	35729267	SINE/MIR	766	-	110	35729157	72864
chr9	4669986	4869986	harbor1	chr9	4693761	4693989	SINE/MIR	775	-	114	4693875	23889
chr9	4669986	4869986	harbor1	chr9	4700666	4700829	SINE/MIR	636	-	82	4700748	30762
chr9	4669986	4869986	harbor1	chr9	4704121	4704352	SINE/MIR	491	-	116	4704237	34251
chr9	4669986	4869986	harbor1	chr9	4716352	4716547	SINE/MIR	506	-	98	4716450	46464
chr9	4669986	4869986	harbor1	chr9	4717010	4717224	SINE/MIR	597	-	107	4717117	47131
chr9	4884959	5084959	harbor1	chr9	4903550	4903770	SINE/MIR	774	-	110	4903660	18701
chr9	4884959	5084959	harbor1	chr9	4935456	4935610	SINE/MIR	487	-	77	4935533	50574
chr9	4692882	4892882	harbor1	chr9	4693761	4693989	SINE/MIR	775	-	114	4693875	993
chr9	4692882	4892882	harbor1	chr9	4700666	4700829	SINE/MIR	636	-	82	4700748	7866
chr9	4692882	4892882	harbor1	chr9	4704121	4704352	SINE/MIR	491	-	116	4704237	11355
chr9	4692882	4892882	harbor1	chr9	4716352	4716547	SINE/MIR	506	-	98	4716450	23568
chr9	4692882	4892882	harbor1	chr9	4717010	4717224	SINE/MIR	597	-	107	4717117	24235
chr9	3426384	3626384	harbor1	chr9	3471210	3471457	SINE/MIR	699	-	124	3471334	44950
chr9	3426384	3626384	harbor1	chr9	3481047	3481238	SINE/MIR	528	-	96	3481143	54759
chr9	3426384	3626384	harbor1	chr9	3507357	3507567	SINE/MIR	595	-	105	3507462	81078
chr9	3426384	3626384	harbor1	chr9	3519487	3519700	SINE/MIR	782	-	106	3519593	93209
chr9	4884897	5084897	harbor1	chr9	4903550	4903770	SINE/MIR	774	-	110	4903660	18763
chr9	4884897	5084897	harbor1	chr9	4935456	4935610	SINE/MIR	487	-	77	4935533	50636
chr9	4884936	5084936	harbor1	chr9	4903550	4903770	SINE/MIR	774	-	110	4903660	18724
chr9	4884936	5084936	harbor1	chr9	4935456	4935610	SINE/MIR	487	-	77	4935533	50597
chr9	134036095	134236095	harbor1	chr9	134071690	134071844	SINE/MIR	546	-	77	134071767	35672
chr9	4883068	5083068	harbor1	chr9	4903550	4903770	SINE/MIR	774	-	110	4903660	20592
chr9	4883068	5083068	harbor1	chr9	4935456	4935610	SINE/MIR	487	-	77	4935533	52465
chr9	4884790	5084790	harbor1	chr9	4903550	4903770	SINE/MIR	774	-	110	4903660	18870
chr9	4884790	5084790	harbor1	chr9	4935456	4935610	SINE/MIR	487	-	77	4935533	50743
chr9	136402517	136602517	harbor1	chr9	136445940	136446080	SINE/MIR	506	-	70	136446010	43493
chr9	127963374	128163374	harbor1	chr9	127967261	127967481	SINE/MIR	522	-	110	127967371	3997
chr9	127963374	128163374	harbor1	chr9	127972458	127972642	SINE/MIR	579	-	92	127972550	9176
chr9	127963374	128163374	harbor1	chr9	127993752	127993998	SINE/MIR	782	-	123	127993875	30501
chr9	127963374	128163374	harbor1	chr9	128014090	128014304	SINE/MIR	711	-	107	128014197	50823
chr9	127963374	128163374	harbor1	chr9	128014610	128014644	SINE/MIR	613	-	17	128014627	51253
chr9	4663076	4863076	harbor1	chr9	4667654	4667838	SINE/MIR	522	-	92	4667746	4670
chr9	4663076	4863076	harbor1	chr9	4693761	4693989	SINE/MIR	775	-	114	4693875	30799
chr9	4663076	4863076	harbor1	chr9	4700666	4700829	SINE/MIR	636	-	82	4700748	37672
chr9	4663076	4863076	harbor1	chr9	4704121	4704352	SINE/MIR	491	-	116	4704237	41161
chr9	4663076	4863076	harbor1	chr9	4716352	4716547	SINE/MIR	506	-	98	4716450	53374
chr9	4663076	4863076	harbor1	chr9	4717010	4717224	SINE/MIR	597	-	107	4717117	54041
chr9	97533584	97733584	harbor1	chr9	97543425	97543606	SINE/MIR	707	-	90	97543515	9931
chr9	97533584	97733584	harbor1	chr9	97555676	97555837	SINE/MIR	516	-	80	97555756	22172
chr9	97533584	97733584	harbor1	chr9	97559373	97559422	SINE/MIR	505	-	24	97559397	25813
chr9	97533584	97733584	harbor1	chr9	97559954	97560102	SINE/MIR	505	-	74	97560028	26444
chr9	97533584	97733584	harbor1	chr9	97569662	97569907	SINE/MIR	762	-	122	97569784	36200
chr9	97533584	97733584	harbor1	chr9	97571518	97571744	SINE/MIR	829	-	113	97571631	38047
chr9	97533584	97733584	harbor1	chr9	97596398	97596631	SINE/MIR	779	-	116	97596514	62930
chr9	97533584	97733584	harbor1	chr9	97615250	97615456	SINE/MIR	637	-	103	97615353	81769
chr9	97533584	97733584	harbor1	chr9	97618234	97618426	SINE/MIR	488	-	96	97618330	84746
chr9	97533584	97733584	harbor1	chr9	97619051	97619207	SINE/MIR	543	-	78	97619129	85545
chr9	35692023	35892023	harbor1	chr9	35729047	35729267	SINE/MIR	766	-	110	35729157	37134
chr9	35692023	35892023	harbor1	chr9	35762907	35763044	SINE/MIR	509	-	68	35762975	70952
chr9	4663656	4863656	harbor1	chr9	4667654	4667838	SINE/MIR	522	-	92	4667746	4090
chr9	4663656	4863656	harbor1	chr9	4693761	4693989	SINE/MIR	775	-	114	4693875	30219
chr9	4663656	4863656	harbor1	chr9	4700666	4700829	SINE/MIR	636	-	82	4700748	37092
chr9	4663656	4863656	harbor1	chr9	4704121	4704352	SINE/MIR	491	-	116	4704237	40581
chr9	4663656	4863656	harbor1	chr9	4716352	4716547	SINE/MIR	506	-	98	4716450	52794
chr9	4663656	4863656	harbor1	chr9	4717010	4717224	SINE/MIR	597	-	107	4717117	53461
chr9	418608	618608	harbor1	chr9	443701	443957	SINE/MIR	847	-	128	443829	25221
chr9	418608	618608	harbor1	chr9	457782	458040	SINE/MIR	932	-	129	457911	39303
chr9	418608	618608	harbor1	chr9	486381	486629	SINE/MIR	1064	-	124	486505	67897
chr9	114075621	114275621	harbor1	chr9	114078566	114078744	SINE/MIR	498	-	89	114078655	3034
chr9	114075621	114275621	harbor1	chr9	114078805	114079002	SINE/MIR	636	-	98	114078903	3282
chr9	114075621	114275621	harbor1	chr9	114085103	114085319	SINE/MIR	695	-	108	114085211	9590
chr9	114075621	114275621	harbor1	chr9	114093571	114093836	SINE/MIR	900	-	132	114093703	18082
chr9	114075621	114275621	harbor1	chr9	114126203	114126336	SINE/MIR	569	-	66	114126269	50648
chr9	114075621	114275621	harbor1	chr9	114161897	114162103	SINE/MIR	671	-	103	114162000	86379
chr9	114075621	114275621	harbor1	chr9	114167257	114167474	SINE/MIR	611	-	108	114167365	91744
chr9	35692027	35892027	harbor1	chr9	35729047	35729267	SINE/MIR	766	-	110	35729157	37130
chr9	35692027	35892027	harbor1	chr9	35762907	35763044	SINE/MIR	509	-	68	35762975	70948
chr9	35654956	35854956	harbor1	chr9	35729047	35729267	SINE/MIR	766	-	110	35729157	74201
chr9	4830107	5030107	harbor1	chr9	4834754	4834951	SINE/MIR	549	-	98	4834852	4745
chr9	4830107	5030107	harbor1	chr9	4838887	4839124	SINE/MIR	612	-	118	4839005	8898
chr9	4830107	5030107	harbor1	chr9	4853091	4853323	SINE/MIR	671	-	116	4853207	23100
chr9	4830107	5030107	harbor1	chr9	4903550	4903770	SINE/MIR	774	-	110	4903660	73553
chr9	79473211	79673211	harbor1	chr9	79507594	79507819	SINE/MIR	503	-	112	79507706	34495
chr9	79473211	79673211	harbor1	chr9	79521985	79522198	SINE/MIR	672	-	106	79522091	48880
chr9	4669933	4869933	harbor1	chr9	4693761	4693989	SINE/MIR	775	-	114	4693875	23942
chr9	4669933	4869933	harbor1	chr9	4700666	4700829	SINE/MIR	636	-	82	4700748	30815
chr9	4669933	4869933	harbor1	chr9	4704121	4704352	SINE/MIR	491	-	116	4704237	34304
chr9	4669933	4869933	harbor1	chr9	4716352	4716547	SINE/MIR	506	-	98	4716450	46517
chr9	4669933	4869933	harbor1	chr9	4717010	4717224	SINE/MIR	597	-	107	4717117	47184
chr9	124761747	124961747	harbor1	chr9	124782407	124782630	SINE/MIR	513	-	112	124782519	20772
chr9	124761747	124961747	harbor1	chr9	124783487	124783641	SINE/MIR	503	-	77	124783564	21817
chr9	124761747	124961747	harbor1	chr9	124797291	124797498	SINE/MIR	539	-	104	124797395	35648
chr9	124761747	124961747	harbor1	chr9	124819314	124819489	SINE/MIR	535	-	88	124819402	57655
chr9	124761747	124961747	harbor1	chr9	124848518	124848738	SINE/MIR	733	-	110	124848628	86881
chr9	4751750	4951750	harbor1	chr9	4834754	4834951	SINE/MIR	549	-	98	4834852	83102
chr9	4751750	4951750	harbor1	chr9	4838887	4839124	SINE/MIR	612	-	118	4839005	87255
chr9	133051398	133251398	harbor1	chr9	133053221	133053302	SINE/MIR	562	-	40	133053261	1863
chr9	133051398	133251398	harbor1	chr9	133053598	133053756	SINE/MIR	562	-	79	133053677	2279
chr9	133051398	133251398	harbor1	chr9	133088018	133088206	SINE/MIR	490	-	94	133088112	36714
chr9	133051398	133251398	harbor1	chr9	133102215	133102415	SINE/MIR	526	-	100	133102315	50917
chr9	126427098	126627098	harbor1	chr9	126432549	126432784	SINE/MIR	617	-	118	126432667	5569
chr9	126427098	126627098	harbor1	chr9	126450629	126450808	SINE/MIR	493	-	90	126450719	23621
chr9	76918823	77118823	harbor1	chr9	76990854	76991048	SINE/MIR	524	-	97	76990951	72128
chr9	76918823	77118823	harbor1	chr9	76998993	76999180	SINE/MIR	623	-	94	76999087	80264
chr9	76918823	77118823	harbor1	chr9	77008751	77008919	SINE/MIR	487	-	84	77008835	90012
chr9	76918823	77118823	harbor1	chr9	77009223	77009263	SINE/MIR	487	-	20	77009243	90420
chr9	4663097	4863097	harbor1	chr9	4667654	4667838	SINE/MIR	522	-	92	4667746	4649
chr9	4663097	4863097	harbor1	chr9	4693761	4693989	SINE/MIR	775	-	114	4693875	30778
chr9	4663097	4863097	harbor1	chr9	4700666	4700829	SINE/MIR	636	-	82	4700748	37651
chr9	4663097	4863097	harbor1	chr9	4704121	4704352	SINE/MIR	491	-	116	4704237	41140
chr9	4663097	4863097	harbor1	chr9	4716352	4716547	SINE/MIR	506	-	98	4716450	53353
chr9	4663097	4863097	harbor1	chr9	4717010	4717224	SINE/MIR	597	-	107	4717117	54020
chr9	68605569	68805569	harbor1	chr9	68632684	68632865	SINE/MIR	530	-	90	68632774	27205
chr9	68605569	68805569	harbor1	chr9	68640827	68641078	SINE/MIR	647	-	126	68640953	35384
chr9	68605569	68805569	harbor1	chr9	68650483	68650650	SINE/MIR	574	-	84	68650567	44998
chr9	68605569	68805569	harbor1	chr9	68662301	68662522	SINE/MIR	615	-	110	68662411	56842
chr9	68605569	68805569	harbor1	chr9	68673162	68673412	SINE/MIR	563	-	125	68673287	67718
chr9	68605569	68805569	harbor1	chr9	68691969	68692123	SINE/MIR	527	-	77	68692046	86477
chr9	97885166	98085166	harbor1	chr9	97933282	97933439	SINE/MIR	598	-	78	97933360	48194
chr9	97885166	98085166	harbor1	chr9	97952292	97952524	SINE/MIR	716	-	116	97952408	67242
chr9	111561650	111761650	harbor1	chr9	111597561	111597709	SINE/MIR	591	-	74	111597635	35985
chr9	4668976	4868976	harbor1	chr9	4693761	4693989	SINE/MIR	775	-	114	4693875	24899
chr9	4668976	4868976	harbor1	chr9	4700666	4700829	SINE/MIR	636	-	82	4700748	31772
chr9	4668976	4868976	harbor1	chr9	4704121	4704352	SINE/MIR	491	-	116	4704237	35261
chr9	4668976	4868976	harbor1	chr9	4716352	4716547	SINE/MIR	506	-	98	4716450	47474
chr9	4668976	4868976	harbor1	chr9	4717010	4717224	SINE/MIR	597	-	107	4717117	48141
chr9	4885042	5085042	harbor1	chr9	4903550	4903770	SINE/MIR	774	-	110	4903660	18618
chr9	4885042	5085042	harbor1	chr9	4935456	4935610	SINE/MIR	487	-	77	4935533	50491
chr9	4883803	5083803	harbor1	chr9	4903550	4903770	SINE/MIR	774	-	110	4903660	19857
chr9	4883803	5083803	harbor1	chr9	4935456	4935610	SINE/MIR	487	-	77	4935533	51730
chr9	4692784	4892784	harbor1	chr9	4693761	4693989	SINE/MIR	775	-	114	4693875	1091
chr9	4692784	4892784	harbor1	chr9	4700666	4700829	SINE/MIR	636	-	82	4700748	7964
chr9	4692784	4892784	harbor1	chr9	4704121	4704352	SINE/MIR	491	-	116	4704237	11453
chr9	4692784	4892784	harbor1	chr9	4716352	4716547	SINE/MIR	506	-	98	4716450	23666
chr9	4692784	4892784	harbor1	chr9	4717010	4717224	SINE/MIR	597	-	107	4717117	24333
chr9	4662994	4862994	harbor1	chr9	4667654	4667838	SINE/MIR	522	-	92	4667746	4752
chr9	4662994	4862994	harbor1	chr9	4693761	4693989	SINE/MIR	775	-	114	4693875	30881
chr9	4662994	4862994	harbor1	chr9	4700666	4700829	SINE/MIR	636	-	82	4700748	37754
chr9	4662994	4862994	harbor1	chr9	4704121	4704352	SINE/MIR	491	-	116	4704237	41243
chr9	4662994	4862994	harbor1	chr9	4716352	4716547	SINE/MIR	506	-	98	4716450	53456
chr9	4662994	4862994	harbor1	chr9	4717010	4717224	SINE/MIR	597	-	107	4717117	54123
chr9	104717537	104917537	harbor1	chr9	104752485	104752675	SINE/MIR	632	-	95	104752580	35043
chr9	104717537	104917537	harbor1	chr9	104768430	104768630	SINE/MIR	775	-	100	104768530	50993
chr9	104717537	104917537	harbor1	chr9	104785780	104786005	SINE/MIR	701	-	112	104785892	68355
chr9	104717537	104917537	harbor1	chr9	104786010	104786193	SINE/MIR	501	-	92	104786102	68565
chr9	104717537	104917537	harbor1	chr9	104800158	104800339	SINE/MIR	629	-	90	104800248	82711
chr9	104717537	104917537	harbor1	chr9	104811805	104811913	SINE/MIR	504	-	54	104811859	94322
chr9	104717537	104917537	harbor1	chr9	104812276	104812503	SINE/MIR	879	-	114	104812390	94853
chr9	111383307	111583307	harbor1	chr9	111433483	111433686	SINE/MIR	563	-	102	111433585	50278
chr9	4692921	4892921	harbor1	chr9	4693761	4693989	SINE/MIR	775	-	114	4693875	954
chr9	4692921	4892921	harbor1	chr9	4700666	4700829	SINE/MIR	636	-	82	4700748	7827
chr9	4692921	4892921	harbor1	chr9	4704121	4704352	SINE/MIR	491	-	116	4704237	11316
chr9	4692921	4892921	harbor1	chr9	4716352	4716547	SINE/MIR	506	-	98	4716450	23529
chr9	4692921	4892921	harbor1	chr9	4717010	4717224	SINE/MIR	597	-	107	4717117	24196
chr9	133063669	133263669	harbor1	chr9	133088018	133088206	SINE/MIR	490	-	94	133088112	24443
chr9	133063669	133263669	harbor1	chr9	133102215	133102415	SINE/MIR	526	-	100	133102315	38646
chr9	112387266	112587266	harbor1	chr9	112415322	112415558	SINE/MIR	614	-	118	112415440	28174
chr9	112387266	112587266	harbor1	chr9	112443282	112443491	SINE/MIR	597	-	104	112443386	56120
chr9	2521362	2721362	harbor1	chr9	2529879	2530081	SINE/MIR	547	-	101	2529980	8618
chr9	2521362	2721362	harbor1	chr9	2530288	2530483	SINE/MIR	613	-	98	2530386	9024
chr9	2521362	2721362	harbor1	chr9	2536539	2536749	SINE/MIR	649	-	105	2536644	15282
chr9	2521362	2721362	harbor1	chr9	2548036	2548203	SINE/MIR	599	-	84	2548120	26758
chr9	2521362	2721362	harbor1	chr9	2566332	2566548	SINE/MIR	854	-	108	2566440	45078
chr9	2521362	2721362	harbor1	chr9	2566762	2566793	SINE/MIR	854	-	16	2566778	45416
chr9	2521362	2721362	harbor1	chr9	2577106	2577312	SINE/MIR	563	-	103	2577209	55847
chr9	2521362	2721362	harbor1	chr9	2604882	2604968	SINE/MIR	622	-	43	2604925	83563
chr9	2521362	2721362	harbor1	chr9	2605302	2605429	SINE/MIR	622	-	64	2605366	84004
chr9	2521362	2721362	harbor1	chr9	2614431	2614647	SINE/MIR	777	-	108	2614539	93177
chr9	4884820	5084820	harbor1	chr9	4903550	4903770	SINE/MIR	774	-	110	4903660	18840
chr9	4884820	5084820	harbor1	chr9	4935456	4935610	SINE/MIR	487	-	77	4935533	50713
chr9	4692190	4892190	harbor1	chr9	4693761	4693989	SINE/MIR	775	-	114	4693875	1685
chr9	4692190	4892190	harbor1	chr9	4700666	4700829	SINE/MIR	636	-	82	4700748	8558
chr9	4692190	4892190	harbor1	chr9	4704121	4704352	SINE/MIR	491	-	116	4704237	12047
chr9	4692190	4892190	harbor1	chr9	4716352	4716547	SINE/MIR	506	-	98	4716450	24260
chr9	4692190	4892190	harbor1	chr9	4717010	4717224	SINE/MIR	597	-	107	4717117	24927
chr9	112387344	112587344	harbor1	chr9	112415322	112415558	SINE/MIR	614	-	118	112415440	28096
chr9	112387344	112587344	harbor1	chr9	112443282	112443491	SINE/MIR	597	-	104	112443386	56042
chr9	4658000	4858000	harbor1	chr9	4667654	4667838	SINE/MIR	522	-	92	4667746	9746
chr9	4658000	4858000	harbor1	chr9	4693761	4693989	SINE/MIR	775	-	114	4693875	35875
chr9	4658000	4858000	harbor1	chr9	4700666	4700829	SINE/MIR	636	-	82	4700748	42748
chr9	4658000	4858000	harbor1	chr9	4704121	4704352	SINE/MIR	491	-	116	4704237	46237
chr9	4658000	4858000	harbor1	chr9	4716352	4716547	SINE/MIR	506	-	98	4716450	58450
chr9	4658000	4858000	harbor1	chr9	4717010	4717224	SINE/MIR	597	-	107	4717117	59117
chr9	4883030	5083030	harbor1	chr9	4903550	4903770	SINE/MIR	774	-	110	4903660	20630
chr9	4883030	5083030	harbor1	chr9	4935456	4935610	SINE/MIR	487	-	77	4935533	52503
chr9	1	129273	harbor1	chr9	23239	23453	SINE/MIR	749	-	107	23346	23345
chr9	1	129273	harbor1	chr9	47855	47867	SINE/MIR	829	-	6	47861	47860
chr9	1	129273	harbor1	chr9	48165	48402	SINE/MIR	829	-	118	48283	48282
chr9	1	129273	harbor1	chr9	63735	63898	SINE/MIR	527	-	82	63817	63816
chr9	133051983	133251983	harbor1	chr9	133053221	133053302	SINE/MIR	562	-	40	133053261	1278
chr9	133051983	133251983	harbor1	chr9	133053598	133053756	SINE/MIR	562	-	79	133053677	1694
chr9	133051983	133251983	harbor1	chr9	133088018	133088206	SINE/MIR	490	-	94	133088112	36129
chr9	133051983	133251983	harbor1	chr9	133102215	133102415	SINE/MIR	526	-	100	133102315	50332
chr9	4692910	4892910	harbor1	chr9	4693761	4693989	SINE/MIR	775	-	114	4693875	965
chr9	4692910	4892910	harbor1	chr9	4700666	4700829	SINE/MIR	636	-	82	4700748	7838
chr9	4692910	4892910	harbor1	chr9	4704121	4704352	SINE/MIR	491	-	116	4704237	11327
chr9	4692910	4892910	harbor1	chr9	4716352	4716547	SINE/MIR	506	-	98	4716450	23540
chr9	4692910	4892910	harbor1	chr9	4717010	4717224	SINE/MIR	597	-	107	4717117	24207
chr9	4663850	4863850	harbor1	chr9	4667654	4667838	SINE/MIR	522	-	92	4667746	3896
chr9	4663850	4863850	harbor1	chr9	4693761	4693989	SINE/MIR	775	-	114	4693875	30025
chr9	4663850	4863850	harbor1	chr9	4700666	4700829	SINE/MIR	636	-	82	4700748	36898
chr9	4663850	4863850	harbor1	chr9	4704121	4704352	SINE/MIR	491	-	116	4704237	40387
chr9	4663850	4863850	harbor1	chr9	4716352	4716547	SINE/MIR	506	-	98	4716450	52600
chr9	4663850	4863850	harbor1	chr9	4717010	4717224	SINE/MIR	597	-	107	4717117	53267
chr9	136748358	136948358	harbor1	chr9	136802141	136802354	SINE/MIR	489	-	106	136802247	53889
chr9	4669263	4869263	harbor1	chr9	4693761	4693989	SINE/MIR	775	-	114	4693875	24612
chr9	4669263	4869263	harbor1	chr9	4700666	4700829	SINE/MIR	636	-	82	4700748	31485
chr9	4669263	4869263	harbor1	chr9	4704121	4704352	SINE/MIR	491	-	116	4704237	34974
chr9	4669263	4869263	harbor1	chr9	4716352	4716547	SINE/MIR	506	-	98	4716450	47187
chr9	4669263	4869263	harbor1	chr9	4717010	4717224	SINE/MIR	597	-	107	4717117	47854
chr9	4597199	4797199	harbor1	chr9	4629311	4629531	SINE/MIR	622	-	110	4629421	32222
chr9	4597199	4797199	harbor1	chr9	4630763	4630983	SINE/MIR	832	-	110	4630873	33674
chr9	4597199	4797199	harbor1	chr9	4649438	4649633	SINE/MIR	580	-	98	4649536	52337
chr9	4597199	4797199	harbor1	chr9	4667654	4667838	SINE/MIR	522	-	92	4667746	70547
chr9	4597199	4797199	harbor1	chr9	4693761	4693989	SINE/MIR	775	-	114	4693875	96676
chr9	35654325	35854325	harbor1	chr9	35729047	35729267	SINE/MIR	766	-	110	35729157	74832
chr9	127963377	128163377	harbor1	chr9	127967261	127967481	SINE/MIR	522	-	110	127967371	3994
chr9	127963377	128163377	harbor1	chr9	127972458	127972642	SINE/MIR	579	-	92	127972550	9173
chr9	127963377	128163377	harbor1	chr9	127993752	127993998	SINE/MIR	782	-	123	127993875	30498
chr9	127963377	128163377	harbor1	chr9	128014090	128014304	SINE/MIR	711	-	107	128014197	50820
chr9	127963377	128163377	harbor1	chr9	128014610	128014644	SINE/MIR	613	-	17	128014627	51250
chr9	61551186	61751186	harbor1	chr9	61619478	61619636	SINE/MIR	520	-	79	61619557	68371
chr9	61551186	61751186	harbor1	chr9	61620864	61621038	SINE/MIR	490	-	87	61620951	69765
chr9	61551186	61751186	harbor1	chr9	61624967	61625135	SINE/MIR	626	-	84	61625051	73865
chr9	4692901	4892901	harbor1	chr9	4693761	4693989	SINE/MIR	775	-	114	4693875	974
chr9	4692901	4892901	harbor1	chr9	4700666	4700829	SINE/MIR	636	-	82	4700748	7847
chr9	4692901	4892901	harbor1	chr9	4704121	4704352	SINE/MIR	491	-	116	4704237	11336
chr9	4692901	4892901	harbor1	chr9	4716352	4716547	SINE/MIR	506	-	98	4716450	23549
chr9	4692901	4892901	harbor1	chr9	4717010	4717224	SINE/MIR	597	-	107	4717117	24216
chr9	113807755	114007755	harbor1	chr9	113845528	113845686	SINE/MIR	553	-	79	113845607	37852
chr9	113807755	114007755	harbor1	chr9	113868937	113869136	SINE/MIR	529	-	100	113869037	61282
chr9	113807755	114007755	harbor1	chr9	113871860	113871935	SINE/MIR	519	-	38	113871898	64143
chr9	113807755	114007755	harbor1	chr9	113872287	113872408	SINE/MIR	519	-	60	113872347	64592
chr9	113807755	114007755	harbor1	chr9	113887947	113888171	SINE/MIR	662	-	112	113888059	80304
chr9	113807755	114007755	harbor1	chr9	113889934	113890090	SINE/MIR	488	-	78	113890012	82257
chr9	133063664	133263664	harbor1	chr9	133088018	133088206	SINE/MIR	490	-	94	133088112	24448
chr9	133063664	133263664	harbor1	chr9	133102215	133102415	SINE/MIR	526	-	100	133102315	38651
chr9	4777664	4977664	harbor1	chr9	4834754	4834951	SINE/MIR	549	-	98	4834852	57188
chr9	4777664	4977664	harbor1	chr9	4838887	4839124	SINE/MIR	612	-	118	4839005	61341
chr9	4777664	4977664	harbor1	chr9	4853091	4853323	SINE/MIR	671	-	116	4853207	75543
chr9	133047949	133247949	harbor1	chr9	133053221	133053302	SINE/MIR	562	-	40	133053261	5312
chr9	133047949	133247949	harbor1	chr9	133053598	133053756	SINE/MIR	562	-	79	133053677	5728
chr9	133047949	133247949	harbor1	chr9	133088018	133088206	SINE/MIR	490	-	94	133088112	40163
chr9	133047949	133247949	harbor1	chr9	133102215	133102415	SINE/MIR	526	-	100	133102315	54366
chr9	97885101	98085101	harbor1	chr9	97933282	97933439	SINE/MIR	598	-	78	97933360	48259
chr9	97885101	98085101	harbor1	chr9	97952292	97952524	SINE/MIR	716	-	116	97952408	67307
chr9	4692868	4892868	harbor1	chr9	4693761	4693989	SINE/MIR	775	-	114	4693875	1007
chr9	4692868	4892868	harbor1	chr9	4700666	4700829	SINE/MIR	636	-	82	4700748	7880
chr9	4692868	4892868	harbor1	chr9	4704121	4704352	SINE/MIR	491	-	116	4704237	11369
chr9	4692868	4892868	harbor1	chr9	4716352	4716547	SINE/MIR	506	-	98	4716450	23582
chr9	4692868	4892868	harbor1	chr9	4717010	4717224	SINE/MIR	597	-	107	4717117	24249
chr9	4692205	4892205	harbor1	chr9	4693761	4693989	SINE/MIR	775	-	114	4693875	1670
chr9	4692205	4892205	harbor1	chr9	4700666	4700829	SINE/MIR	636	-	82	4700748	8543
chr9	4692205	4892205	harbor1	chr9	4704121	4704352	SINE/MIR	491	-	116	4704237	12032
chr9	4692205	4892205	harbor1	chr9	4716352	4716547	SINE/MIR	506	-	98	4716450	24245
chr9	4692205	4892205	harbor1	chr9	4717010	4717224	SINE/MIR	597	-	107	4717117	24912
chr9	4884858	5084858	harbor1	chr9	4903550	4903770	SINE/MIR	774	-	110	4903660	18802
chr9	4884858	5084858	harbor1	chr9	4935456	4935610	SINE/MIR	487	-	77	4935533	50675
chr9	4692961	4892961	harbor1	chr9	4693761	4693989	SINE/MIR	775	-	114	4693875	914
chr9	4692961	4892961	harbor1	chr9	4700666	4700829	SINE/MIR	636	-	82	4700748	7787
chr9	4692961	4892961	harbor1	chr9	4704121	4704352	SINE/MIR	491	-	116	4704237	11276
chr9	4692961	4892961	harbor1	chr9	4716352	4716547	SINE/MIR	506	-	98	4716450	23489
chr9	4692961	4892961	harbor1	chr9	4717010	4717224	SINE/MIR	597	-	107	4717117	24156
chr9	4692661	4892661	harbor1	chr9	4693761	4693989	SINE/MIR	775	-	114	4693875	1214
chr9	4692661	4892661	harbor1	chr9	4700666	4700829	SINE/MIR	636	-	82	4700748	8087
chr9	4692661	4892661	harbor1	chr9	4704121	4704352	SINE/MIR	491	-	116	4704237	11576
chr9	4692661	4892661	harbor1	chr9	4716352	4716547	SINE/MIR	506	-	98	4716450	23789
chr9	4692661	4892661	harbor1	chr9	4717010	4717224	SINE/MIR	597	-	107	4717117	24456
chr10	70441215	70641215	harbor1	chr10	70449789	70449961	SINE/MIR	522	-	86	70449875	8660
chr10	70441215	70641215	harbor1	chr10	70455186	70455337	SINE/MIR	558	-	76	70455262	14047
chr10	70441215	70641215	harbor1	chr10	70465469	70465691	SINE/MIR	492	-	111	70465580	24365
chr10	70441215	70641215	harbor1	chr10	70472879	70473089	SINE/MIR	839	-	105	70472984	31769
chr10	70441215	70641215	harbor1	chr10	70477246	70477448	SINE/MIR	457	-	101	70477347	36132
chr10	70441215	70641215	harbor1	chr10	70499006	70499219	SINE/MIR	892	-	106	70499112	57897
chr10	70441215	70641215	harbor1	chr10	70517050	70517221	SINE/MIR	599	-	86	70517136	75921
chr10	70441215	70641215	harbor1	chr10	70527365	70527408	SINE/MIR	501	-	22	70527387	86172
chr10	70441215	70641215	harbor1	chr10	70527622	70527768	SINE/MIR	501	-	73	70527695	86480
chr10	70441215	70641215	harbor1	chr10	70530409	70530588	SINE/MIR	615	-	90	70530499	89284
chr10	102140008	102340008	harbor1	chr10	102180078	102180258	SINE/MIR	735	-	90	102180168	40160
chr10	102140008	102340008	harbor1	chr10	102222145	102222172	SINE/MIR	700	-	14	102222159	82151
chr10	102140008	102340008	harbor1	chr10	102222307	102222495	SINE/MIR	700	-	94	102222401	82393
chr10	102140008	102340008	harbor1	chr10	102224317	102224540	SINE/MIR	512	-	112	102224429	84421
chr10	102140008	102340008	harbor1	chr10	102227393	102227543	SINE/MIR	572	-	75	102227468	87460
chr10	131310777	131510777	harbor1	chr10	131352009	131352037	SINE/MIR	466	-	14	131352023	41246
chr10	131310777	131510777	harbor1	chr10	131352372	131352548	SINE/MIR	466	-	88	131352460	41683
chr10	131310777	131510777	harbor1	chr10	131397341	131397512	SINE/MIR	474	-	86	131397427	86650
chr10	131310777	131510777	harbor1	chr10	131406564	131406802	SINE/MIR	503	-	119	131406683	95906
chr10	78865729	79065729	harbor1	chr10	78872661	78872870	SINE/MIR	717	-	104	78872765	7036
chr10	78865729	79065729	harbor1	chr10	78905555	78905748	SINE/MIR	490	-	96	78905651	39922
chr10	78865729	79065729	harbor1	chr10	78908507	78908698	SINE/MIR	618	-	96	78908603	42874
chr10	78865729	79065729	harbor1	chr10	78914426	78914648	SINE/MIR	874	-	111	78914537	48808
chr10	78865729	79065729	harbor1	chr10	78916010	78916212	SINE/MIR	534	-	101	78916111	50382
chr10	78865729	79065729	harbor1	chr10	78951560	78951776	SINE/MIR	656	-	108	78951668	85939
chr10	78865729	79065729	harbor1	chr10	78964303	78964531	SINE/MIR	835	-	114	78964417	98688
chr10	97399009	97599009	harbor1	chr10	97446519	97446673	SINE/MIR	467	-	77	97446596	47587
chr10	97399009	97599009	harbor1	chr10	97452600	97452814	SINE/MIR	586	-	107	97452707	53698
chr10	97399009	97599009	harbor1	chr10	97463076	97463163	SINE/MIR	673	-	44	97463120	64111
chr10	97399009	97599009	harbor1	chr10	97463454	97463589	SINE/MIR	673	-	68	97463522	64513
chr10	97399009	97599009	harbor1	chr10	97464192	97464422	SINE/MIR	556	-	115	97464307	65298
chr10	97398813	97598813	harbor1	chr10	97446519	97446673	SINE/MIR	467	-	77	97446596	47783
chr10	97398813	97598813	harbor1	chr10	97452600	97452814	SINE/MIR	586	-	107	97452707	53894
chr10	97398813	97598813	harbor1	chr10	97463076	97463163	SINE/MIR	673	-	44	97463120	64307
chr10	97398813	97598813	harbor1	chr10	97463454	97463589	SINE/MIR	673	-	68	97463522	64709
chr10	97398813	97598813	harbor1	chr10	97464192	97464422	SINE/MIR	556	-	115	97464307	65494
chr10	49511878	49711878	harbor1	chr10	49513393	49513475	SINE/MIR	513	-	41	49513434	1556
chr10	49511878	49711878	harbor1	chr10	49513830	49513992	SINE/MIR	513	-	81	49513911	2033
chr10	49511878	49711878	harbor1	chr10	49603194	49603350	SINE/MIR	457	-	78	49603272	91394
chr10	49511878	49711878	harbor1	chr10	49608713	49608883	SINE/MIR	522	-	85	49608798	96920
chr10	102141807	102341807	harbor1	chr10	102180078	102180258	SINE/MIR	735	-	90	102180168	38361
chr10	102141807	102341807	harbor1	chr10	102222145	102222172	SINE/MIR	700	-	14	102222159	80352
chr10	102141807	102341807	harbor1	chr10	102222307	102222495	SINE/MIR	700	-	94	102222401	80594
chr10	102141807	102341807	harbor1	chr10	102224317	102224540	SINE/MIR	512	-	112	102224429	82622
chr10	102141807	102341807	harbor1	chr10	102227393	102227543	SINE/MIR	572	-	75	102227468	85661
chr10	14778677	14978677	harbor1	chr10	14807837	14808066	SINE/MIR	520	-	114	14807951	29274
chr10	14778677	14978677	harbor1	chr10	14826667	14826883	SINE/MIR	597	-	108	14826775	48098
chr10	14778677	14978677	harbor1	chr10	14840783	14841008	SINE/MIR	600	-	112	14840895	62218
chr10	14778677	14978677	harbor1	chr10	14856199	14856453	SINE/MIR	806	-	127	14856326	77649
chr10	14778677	14978677	harbor1	chr10	14858739	14858935	SINE/MIR	660	-	98	14858837	80160
chr10	7958606	8158606	harbor1	chr10	7966983	7967158	SINE/MIR	513	-	88	7967071	8465
chr10	7958606	8158606	harbor1	chr10	7968578	7968807	SINE/MIR	807	-	114	7968692	10086
chr10	7958606	8158606	harbor1	chr10	7970296	7970509	SINE/MIR	460	-	106	7970402	11796
chr10	7566933	7766933	harbor1	chr10	7575200	7575328	SINE/MIR	463	-	64	7575264	8331
chr10	7566933	7766933	harbor1	chr10	7579092	7579243	SINE/MIR	447	-	76	7579168	12235
chr10	7566933	7766933	harbor1	chr10	7579543	7579626	SINE/MIR	447	-	42	7579585	12652
chr10	7566933	7766933	harbor1	chr10	7583945	7584156	SINE/MIR	670	-	106	7584051	17118
chr10	7566933	7766933	harbor1	chr10	7588813	7588956	SINE/MIR	440	-	72	7588885	21952
chr10	7566933	7766933	harbor1	chr10	7663683	7663819	SINE/MIR	617	-	68	7663751	96818
chr10	7566933	7766933	harbor1	chr10	7665395	7665611	SINE/MIR	439	-	108	7665503	98570
chr10	37911041	38111041	harbor1	chr10	37950610	37950834	SINE/MIR	589	-	112	37950722	39681
chr10	6442674	6642674	harbor1	chr10	6492411	6492583	SINE/MIR	510	-	86	6492497	49823
chr10	6442674	6642674	harbor1	chr10	6524249	6524461	SINE/MIR	441	-	106	6524355	81681
chr10	69458832	69658832	harbor1	chr10	69465510	69465687	SINE/MIR	449	-	88	69465598	6766
chr10	69458832	69658832	harbor1	chr10	69473628	69473741	SINE/MIR	448	-	56	69473684	14852
chr10	69458832	69658832	harbor1	chr10	69482592	69482800	SINE/MIR	478	-	104	69482696	23864
chr10	69458832	69658832	harbor1	chr10	69494351	69494490	SINE/MIR	449	-	70	69494421	35589
chr10	69458832	69658832	harbor1	chr10	69496955	69497182	SINE/MIR	603	-	114	69497069	38237
chr10	69458832	69658832	harbor1	chr10	69498621	69498844	SINE/MIR	831	-	112	69498733	39901
chr10	69458832	69658832	harbor1	chr10	69506409	69506560	SINE/MIR	505	-	76	69506485	47653
chr10	69458832	69658832	harbor1	chr10	69508678	69508853	SINE/MIR	743	-	88	69508766	49934
chr10	69458832	69658832	harbor1	chr10	69516145	69516338	SINE/MIR	660	-	96	69516241	57409
chr10	69458832	69658832	harbor1	chr10	69558103	69558331	SINE/MIR	549	-	114	69558217	99385
chr10	92188891	92388891	harbor1	chr10	92189440	92189588	SINE/MIR	480	-	74	92189514	623
chr10	92188891	92388891	harbor1	chr10	92197705	92197827	SINE/MIR	705	-	61	92197766	8875
chr10	92188891	92388891	harbor1	chr10	92198131	92198253	SINE/MIR	705	-	61	92198192	9301
chr10	92188891	92388891	harbor1	chr10	92198643	92198832	SINE/MIR	647	-	94	92198737	9846
chr10	92188891	92388891	harbor1	chr10	92205318	92205454	SINE/MIR	500	-	68	92205386	16495
chr10	92188891	92388891	harbor1	chr10	92235518	92235742	SINE/MIR	629	-	112	92235630	46739
chr10	92188891	92388891	harbor1	chr10	92259790	92260032	SINE/MIR	554	-	121	92259911	71020
chr10	92188891	92388891	harbor1	chr10	92262343	92262563	SINE/MIR	651	-	110	92262453	73562
chr10	92188891	92388891	harbor1	chr10	92263893	92264046	SINE/MIR	512	-	76	92263969	75078
chr10	92188891	92388891	harbor1	chr10	92264351	92264446	SINE/MIR	512	-	48	92264399	75508
chr10	92188891	92388891	harbor1	chr10	92283315	92283525	SINE/MIR	502	-	105	92283420	94529
chr10	100897233	101097233	harbor1	chr10	100902233	100902284	SINE/MIR	834	-	26	100902259	5026
chr10	100897233	101097233	harbor1	chr10	100902519	100902712	SINE/MIR	834	-	96	100902615	5382
chr10	100897233	101097233	harbor1	chr10	100907270	100907438	SINE/MIR	647	-	84	100907354	10121
chr10	100897233	101097233	harbor1	chr10	100981568	100981775	SINE/MIR	656	-	104	100981672	84439
chr10	100897233	101097233	harbor1	chr10	100982092	100982153	SINE/MIR	656	-	30	100982122	84889
chr10	100897233	101097233	harbor1	chr10	100941703	100941881	SINE/MIR	704	-	89	100941792	44559
chr10	100086018	100286018	harbor1	chr10	100178682	100178828	SINE/MIR	552	-	73	100178755	92737
chr10	100086018	100286018	harbor1	chr10	100178925	100179007	SINE/MIR	552	-	41	100178966	92948
chr10	97398947	97598947	harbor1	chr10	97446519	97446673	SINE/MIR	467	-	77	97446596	47649
chr10	97398947	97598947	harbor1	chr10	97452600	97452814	SINE/MIR	586	-	107	97452707	53760
chr10	97398947	97598947	harbor1	chr10	97463076	97463163	SINE/MIR	673	-	44	97463120	64173
chr10	97398947	97598947	harbor1	chr10	97463454	97463589	SINE/MIR	673	-	68	97463522	64575
chr10	97398947	97598947	harbor1	chr10	97464192	97464422	SINE/MIR	556	-	115	97464307	65360
chr10	14778710	14978710	harbor1	chr10	14807837	14808066	SINE/MIR	520	-	114	14807951	29241
chr10	14778710	14978710	harbor1	chr10	14826667	14826883	SINE/MIR	597	-	108	14826775	48065
chr10	14778710	14978710	harbor1	chr10	14840783	14841008	SINE/MIR	600	-	112	14840895	62185
chr10	14778710	14978710	harbor1	chr10	14856199	14856453	SINE/MIR	806	-	127	14856326	77616
chr10	14778710	14978710	harbor1	chr10	14858739	14858935	SINE/MIR	660	-	98	14858837	80127
chr10	113669309	113869309	harbor1	chr10	113681329	113681524	SINE/MIR	716	-	98	113681427	12118
chr10	113669309	113869309	harbor1	chr10	113713328	113713574	SINE/MIR	658	-	123	113713451	44142
chr10	113669309	113869309	harbor1	chr10	113722444	113722580	SINE/MIR	494	-	68	113722512	53203
chr10	113669309	113869309	harbor1	chr10	113722902	113723039	SINE/MIR	494	-	68	113722970	53661
chr10	113669309	113869309	harbor1	chr10	113743323	113743547	SINE/MIR	808	-	112	113743435	74126
chr10	113669309	113869309	harbor1	chr10	113750745	113750956	SINE/MIR	672	-	106	113750851	81542
chr10	113669309	113869309	harbor1	chr10	113752474	113752711	SINE/MIR	473	-	118	113752592	83283
chr10	75111057	75311057	harbor1	chr10	75121093	75121313	SINE/MIR	804	-	110	75121203	10146
chr10	14673058	14873058	harbor1	chr10	14677999	14678149	SINE/MIR	516	-	75	14678074	5016
chr10	14673058	14873058	harbor1	chr10	14733650	14733841	SINE/MIR	671	-	96	14733746	60688
chr10	14778691	14978691	harbor1	chr10	14807837	14808066	SINE/MIR	520	-	114	14807951	29260
chr10	14778691	14978691	harbor1	chr10	14826667	14826883	SINE/MIR	597	-	108	14826775	48084
chr10	14778691	14978691	harbor1	chr10	14840783	14841008	SINE/MIR	600	-	112	14840895	62204
chr10	14778691	14978691	harbor1	chr10	14856199	14856453	SINE/MIR	806	-	127	14856326	77635
chr10	14778691	14978691	harbor1	chr10	14858739	14858935	SINE/MIR	660	-	98	14858837	80146
chr10	102140695	102340695	harbor1	chr10	102180078	102180258	SINE/MIR	735	-	90	102180168	39473
chr10	102140695	102340695	harbor1	chr10	102222145	102222172	SINE/MIR	700	-	14	102222159	81464
chr10	102140695	102340695	harbor1	chr10	102222307	102222495	SINE/MIR	700	-	94	102222401	81706
chr10	102140695	102340695	harbor1	chr10	102224317	102224540	SINE/MIR	512	-	112	102224429	83734
chr10	102140695	102340695	harbor1	chr10	102227393	102227543	SINE/MIR	572	-	75	102227468	86773
chr10	102141695	102341695	harbor1	chr10	102180078	102180258	SINE/MIR	735	-	90	102180168	38473
chr10	102141695	102341695	harbor1	chr10	102222145	102222172	SINE/MIR	700	-	14	102222159	80464
chr10	102141695	102341695	harbor1	chr10	102222307	102222495	SINE/MIR	700	-	94	102222401	80706
chr10	102141695	102341695	harbor1	chr10	102224317	102224540	SINE/MIR	512	-	112	102224429	82734
chr10	102141695	102341695	harbor1	chr10	102227393	102227543	SINE/MIR	572	-	75	102227468	85773
chr10	100611262	100811262	harbor1	chr10	100621014	100621227	SINE/MIR	788	-	106	100621120	9858
chr10	100611262	100811262	harbor1	chr10	100633525	100633746	SINE/MIR	888	-	110	100633635	22373
chr10	100611262	100811262	harbor1	chr10	100636809	100637017	SINE/MIR	489	-	104	100636913	25651
chr10	100611262	100811262	harbor1	chr10	100643470	100643688	SINE/MIR	738	-	109	100643579	32317
chr10	100611262	100811262	harbor1	chr10	100657515	100657687	SINE/MIR	473	-	86	100657601	46339
chr10	100611262	100811262	harbor1	chr10	100658953	100659104	SINE/MIR	491	-	76	100659029	47767
chr10	100611262	100811262	harbor1	chr10	100673359	100673521	SINE/MIR	621	-	81	100673440	62178
chr10	100611262	100811262	harbor1	chr10	100677890	100677919	SINE/MIR	504	-	14	100677904	66642
chr10	100611262	100811262	harbor1	chr10	100678214	100678387	SINE/MIR	504	-	86	100678300	67038
chr10	100611262	100811262	harbor1	chr10	100678602	100678782	SINE/MIR	707	-	90	100678692	67430
chr10	100611262	100811262	harbor1	chr10	100682050	100682221	SINE/MIR	570	-	86	100682136	70874
chr10	100611262	100811262	harbor1	chr10	100682522	100682574	SINE/MIR	570	-	26	100682548	71286
chr10	100611262	100811262	harbor1	chr10	100691732	100691958	SINE/MIR	665	-	113	100691845	80583
chr10	100611262	100811262	harbor1	chr10	100694164	100694400	SINE/MIR	776	-	118	100694282	83020
chr10	100611262	100811262	harbor1	chr10	100704225	100704444	SINE/MIR	517	-	110	100704335	93073
chr10	6020235	6220235	harbor1	chr10	6038030	6038197	SINE/MIR	523	-	84	6038114	17879
chr10	6020235	6220235	harbor1	chr10	6038392	6038577	SINE/MIR	497	-	92	6038484	18249
chr10	6020235	6220235	harbor1	chr10	6047900	6048046	SINE/MIR	554	-	73	6047973	27738
chr10	102141682	102341682	harbor1	chr10	102180078	102180258	SINE/MIR	735	-	90	102180168	38486
chr10	102141682	102341682	harbor1	chr10	102222145	102222172	SINE/MIR	700	-	14	102222159	80477
chr10	102141682	102341682	harbor1	chr10	102222307	102222495	SINE/MIR	700	-	94	102222401	80719
chr10	102141682	102341682	harbor1	chr10	102224317	102224540	SINE/MIR	512	-	112	102224429	82747
chr10	102141682	102341682	harbor1	chr10	102227393	102227543	SINE/MIR	572	-	75	102227468	85786
chr10	3072743	3272743	harbor1	chr10	3082204	3082386	SINE/MIR	441	-	91	3082295	9552
chr10	3072743	3272743	harbor1	chr10	3167391	3167545	SINE/MIR	479	-	77	3167468	94725
chr10	79214909	79414909	harbor1	chr10	79219351	79219512	SINE/MIR	518	-	80	79219431	4522
chr10	79214909	79414909	harbor1	chr10	79226917	79227130	SINE/MIR	513	-	106	79227023	12114
chr10	79214909	79414909	harbor1	chr10	79229899	79230045	SINE/MIR	597	-	73	79229972	15063
chr10	79214909	79414909	harbor1	chr10	79267449	79267680	SINE/MIR	1147	-	116	79267565	52656
chr10	79214909	79414909	harbor1	chr10	79284588	79284773	SINE/MIR	514	-	92	79284680	69771
chr10	79214909	79414909	harbor1	chr10	79299690	79299873	SINE/MIR	543	-	92	79299782	84873
chr10	79214909	79414909	harbor1	chr10	79216535	79216753	SINE/MIR	746	-	109	79216644	1735
chr10	7951418	8151418	harbor1	chr10	7966983	7967158	SINE/MIR	513	-	88	7967071	15653
chr10	7951418	8151418	harbor1	chr10	7968578	7968807	SINE/MIR	807	-	114	7968692	17274
chr10	7951418	8151418	harbor1	chr10	7970296	7970509	SINE/MIR	460	-	106	7970402	18984
chr10	114721980	114921980	harbor1	chr10	114729041	114729246	SINE/MIR	577	-	102	114729143	7163
chr10	114721980	114921980	harbor1	chr10	114779174	114779392	SINE/MIR	641	-	109	114779283	57303
chr10	114721980	114921980	harbor1	chr10	114791888	114792038	SINE/MIR	592	-	75	114791963	69983
chr10	114721980	114921980	harbor1	chr10	114792334	114792401	SINE/MIR	592	-	34	114792368	70388
chr10	114721980	114921980	harbor1	chr10	114820124	114820327	SINE/MIR	653	-	102	114820226	98246
chr10	62704867	62904867	harbor1	chr10	62732817	62732921	SINE/MIR	505	-	52	62732869	28002
chr10	62704867	62904867	harbor1	chr10	62737740	62737967	SINE/MIR	794	-	114	62737854	32987
chr10	62704867	62904867	harbor1	chr10	62752206	62752437	SINE/MIR	649	-	116	62752322	47455
chr10	62704867	62904867	harbor1	chr10	62759014	62759263	SINE/MIR	635	-	124	62759138	54271
chr10	62704867	62904867	harbor1	chr10	62797725	62797879	SINE/MIR	526	-	77	62797802	92935
chr10	78346452	78546452	harbor1	chr10	78352964	78353155	SINE/MIR	542	-	96	78353060	6608
chr10	78346452	78546452	harbor1	chr10	78364247	78364438	SINE/MIR	534	-	96	78364343	17891
chr10	78346452	78546452	harbor1	chr10	78405130	78405290	SINE/MIR	559	-	80	78405210	58758
chr10	78346452	78546452	harbor1	chr10	78431251	78431417	SINE/MIR	543	-	83	78431334	84882
chr10	2967276	3167276	harbor1	chr10	2980177	2980377	SINE/MIR	441	-	100	2980277	13001
chr10	96887352	97087352	harbor1	chr10	96978839	96979076	SINE/MIR	801	-	118	96978957	91605
chr10	14778054	14978054	harbor1	chr10	14807837	14808066	SINE/MIR	520	-	114	14807951	29897
chr10	14778054	14978054	harbor1	chr10	14826667	14826883	SINE/MIR	597	-	108	14826775	48721
chr10	14778054	14978054	harbor1	chr10	14840783	14841008	SINE/MIR	600	-	112	14840895	62841
chr10	14778054	14978054	harbor1	chr10	14856199	14856453	SINE/MIR	806	-	127	14856326	78272
chr10	14778054	14978054	harbor1	chr10	14858739	14858935	SINE/MIR	660	-	98	14858837	80783
chr10	89151734	89351734	harbor1	chr10	89152358	89152564	SINE/MIR	590	-	103	89152461	727
chr10	89151734	89351734	harbor1	chr10	89155164	89155304	SINE/MIR	569	-	70	89155234	3500
chr10	89151734	89351734	harbor1	chr10	89169375	89169594	SINE/MIR	454	-	110	89169485	17751
chr10	89151734	89351734	harbor1	chr10	89203759	89203924	SINE/MIR	617	-	82	89203841	52107
chr10	89151734	89351734	harbor1	chr10	89227639	89227836	SINE/MIR	605	-	98	89227737	76003
chr10	89151734	89351734	harbor1	chr10	89234862	89235022	SINE/MIR	464	-	80	89234942	83208
chr10	89151734	89351734	harbor1	chr10	89240539	89240726	SINE/MIR	512	-	94	89240633	88899
chr10	131255629	131455629	harbor1	chr10	131352009	131352037	SINE/MIR	466	-	14	131352023	96394
chr10	131255629	131455629	harbor1	chr10	131352372	131352548	SINE/MIR	466	-	88	131352460	96831
chr10	43100314	43300314	harbor1	chr10	43172369	43172604	SINE/MIR	516	-	118	43172487	72173
chr10	100897105	101097105	harbor1	chr10	100902233	100902284	SINE/MIR	834	-	26	100902259	5154
chr10	100897105	101097105	harbor1	chr10	100902519	100902712	SINE/MIR	834	-	96	100902615	5510
chr10	100897105	101097105	harbor1	chr10	100907270	100907438	SINE/MIR	647	-	84	100907354	10249
chr10	100897105	101097105	harbor1	chr10	100981568	100981775	SINE/MIR	656	-	104	100981672	84567
chr10	100897105	101097105	harbor1	chr10	100982092	100982153	SINE/MIR	656	-	30	100982122	85017
chr10	100897105	101097105	harbor1	chr10	100941703	100941881	SINE/MIR	704	-	89	100941792	44687
chr10	48299633	48499633	harbor1	chr10	48316937	48317089	SINE/MIR	587	-	76	48317013	17380
chr10	48299633	48499633	harbor1	chr10	48329029	48329225	SINE/MIR	637	-	98	48329127	29494
chr10	96974852	97174852	harbor1	chr10	96978839	96979076	SINE/MIR	801	-	118	96978957	4105
chr10	96974852	97174852	harbor1	chr10	97013379	97013536	SINE/MIR	608	-	78	97013457	38605
chr10	96974852	97174852	harbor1	chr10	97021518	97021558	SINE/MIR	549	-	20	97021538	46686
chr10	96974852	97174852	harbor1	chr10	97021862	97021990	SINE/MIR	549	-	64	97021926	47074
chr10	96974852	97174852	harbor1	chr10	97022103	97022290	SINE/MIR	464	-	94	97022197	47345
chr10	96974852	97174852	harbor1	chr10	97032186	97032277	SINE/MIR	437	-	46	97032232	57380
chr10	96974852	97174852	harbor1	chr10	97055987	97056211	SINE/MIR	555	-	112	97056099	81247
chr10	96974852	97174852	harbor1	chr10	97061157	97061341	SINE/MIR	605	-	92	97061249	86397
chr10	96974852	97174852	harbor1	chr10	97065486	97065699	SINE/MIR	550	-	106	97065592	90740
chr10	96974852	97174852	harbor1	chr10	97067465	97067604	SINE/MIR	621	-	70	97067535	92683
chr10	14778029	14978029	harbor1	chr10	14807837	14808066	SINE/MIR	520	-	114	14807951	29922
chr10	14778029	14978029	harbor1	chr10	14826667	14826883	SINE/MIR	597	-	108	14826775	48746
chr10	14778029	14978029	harbor1	chr10	14840783	14841008	SINE/MIR	600	-	112	14840895	62866
chr10	14778029	14978029	harbor1	chr10	14856199	14856453	SINE/MIR	806	-	127	14856326	78297
chr10	14778029	14978029	harbor1	chr10	14858739	14858935	SINE/MIR	660	-	98	14858837	80808
chr10	68131746	68331746	harbor1	chr10	68147078	68147145	SINE/MIR	589	-	34	68147112	15366
chr10	68131746	68331746	harbor1	chr10	68147453	68147524	SINE/MIR	589	-	36	68147489	15743
chr10	68131746	68331746	harbor1	chr10	68150617	68150752	SINE/MIR	455	-	68	68150685	18939
chr10	97398990	97598990	harbor1	chr10	97446519	97446673	SINE/MIR	467	-	77	97446596	47606
chr10	97398990	97598990	harbor1	chr10	97452600	97452814	SINE/MIR	586	-	107	97452707	53717
chr10	97398990	97598990	harbor1	chr10	97463076	97463163	SINE/MIR	673	-	44	97463120	64130
chr10	97398990	97598990	harbor1	chr10	97463454	97463589	SINE/MIR	673	-	68	97463522	64532
chr10	97398990	97598990	harbor1	chr10	97464192	97464422	SINE/MIR	556	-	115	97464307	65317
chr10	97398875	97598875	harbor1	chr10	97446519	97446673	SINE/MIR	467	-	77	97446596	47721
chr10	97398875	97598875	harbor1	chr10	97452600	97452814	SINE/MIR	586	-	107	97452707	53832
chr10	97398875	97598875	harbor1	chr10	97463076	97463163	SINE/MIR	673	-	44	97463120	64245
chr10	97398875	97598875	harbor1	chr10	97463454	97463589	SINE/MIR	673	-	68	97463522	64647
chr10	97398875	97598875	harbor1	chr10	97464192	97464422	SINE/MIR	556	-	115	97464307	65432
chr10	22337593	22537593	harbor1	chr10	22358844	22359069	SINE/MIR	667	-	112	22358956	21363
chr10	22337593	22537593	harbor1	chr10	22370278	22370512	SINE/MIR	528	-	117	22370395	32802
chr10	7951458	8151458	harbor1	chr10	7966983	7967158	SINE/MIR	513	-	88	7967071	15613
chr10	7951458	8151458	harbor1	chr10	7968578	7968807	SINE/MIR	807	-	114	7968692	17234
chr10	7951458	8151458	harbor1	chr10	7970296	7970509	SINE/MIR	460	-	106	7970402	18944
chr10	72254310	72454310	harbor1	chr10	72287925	72288100	SINE/MIR	755	-	88	72288013	33703
chr10	72254310	72454310	harbor1	chr10	72321905	72322092	SINE/MIR	469	-	94	72321999	67689
chr10	72254310	72454310	harbor1	chr10	72330189	72330330	SINE/MIR	772	-	70	72330259	75949
chr10	72254310	72454310	harbor1	chr10	72337536	72337764	SINE/MIR	673	-	114	72337650	83340
chr10	72254310	72454310	harbor1	chr10	72341426	72341461	SINE/MIR	447	-	18	72341444	87134
chr10	72254310	72454310	harbor1	chr10	72341772	72341918	SINE/MIR	474	-	73	72341845	87535
chr10	72254310	72454310	harbor1	chr10	72348776	72349028	SINE/MIR	541	-	126	72348902	94592
chr10	89151741	89351741	harbor1	chr10	89152358	89152564	SINE/MIR	590	-	103	89152461	720
chr10	89151741	89351741	harbor1	chr10	89155164	89155304	SINE/MIR	569	-	70	89155234	3493
chr10	89151741	89351741	harbor1	chr10	89169375	89169594	SINE/MIR	454	-	110	89169485	17744
chr10	89151741	89351741	harbor1	chr10	89203759	89203924	SINE/MIR	617	-	82	89203841	52100
chr10	89151741	89351741	harbor1	chr10	89227639	89227836	SINE/MIR	605	-	98	89227737	75996
chr10	89151741	89351741	harbor1	chr10	89234862	89235022	SINE/MIR	464	-	80	89234942	83201
chr10	89151741	89351741	harbor1	chr10	89240539	89240726	SINE/MIR	512	-	94	89240633	88892
chr10	95979828	96179828	harbor1	chr10	95987673	95987899	SINE/MIR	776	-	113	95987786	7958
chr10	95979828	96179828	harbor1	chr10	96024369	96024525	SINE/MIR	589	-	78	96024447	44619
chr10	46006427	46206427	harbor1	chr10	46070055	46070259	SINE/MIR	531	-	102	46070157	63730
chr10	46006427	46206427	harbor1	chr10	46077712	46077897	SINE/MIR	540	-	92	46077804	71377
chr10	46006427	46206427	harbor1	chr10	46088363	46088499	SINE/MIR	523	-	68	46088431	82004
chr10	101032219	101232219	harbor1	chr10	101089306	101089503	SINE/MIR	590	-	98	101089404	57185
chr10	101032219	101232219	harbor1	chr10	101098957	101099172	SINE/MIR	518	-	108	101099065	66846
chr10	101032219	101232219	harbor1	chr10	101102712	101102803	SINE/MIR	569	-	46	101102758	70539
chr10	101032219	101232219	harbor1	chr10	101103054	101103147	SINE/MIR	569	-	46	101103100	70881
chr10	101032219	101232219	harbor1	chr10	101107339	101107476	SINE/MIR	435	-	68	101107407	75188
chr10	101032219	101232219	harbor1	chr10	101115322	101115489	SINE/MIR	630	-	84	101115406	83187
chr10	131310773	131510773	harbor1	chr10	131352009	131352037	SINE/MIR	466	-	14	131352023	41250
chr10	131310773	131510773	harbor1	chr10	131352372	131352548	SINE/MIR	466	-	88	131352460	41687
chr10	131310773	131510773	harbor1	chr10	131397341	131397512	SINE/MIR	474	-	86	131397427	86654
chr10	131310773	131510773	harbor1	chr10	131406564	131406802	SINE/MIR	503	-	119	131406683	95910
chr10	75302350	75502350	harbor1	chr10	75349513	75349658	SINE/MIR	577	-	72	75349585	47235
chr10	75302350	75502350	harbor1	chr10	75357649	75357772	SINE/MIR	566	-	62	75357711	55361
chr10	75302350	75502350	harbor1	chr10	75380213	75380434	SINE/MIR	623	-	110	75380323	77973
chr10	75302350	75502350	harbor1	chr10	75392819	75393043	SINE/MIR	595	-	112	75392931	90581
chr10	86532110	86732110	harbor1	chr10	86588737	86588884	SINE/MIR	446	-	74	86588811	56701
chr10	22219191	22419191	harbor1	chr10	22236703	22236943	SINE/MIR	888	-	120	22236823	17632
chr10	22219191	22419191	harbor1	chr10	22270789	22270990	SINE/MIR	442	-	100	22270889	51698
chr10	22219191	22419191	harbor1	chr10	22294320	22294551	SINE/MIR	862	-	116	22294436	75245
chr10	47239932	47439932	harbor1	chr10	47268076	47268235	SINE/MIR	508	-	80	47268156	28224
chr10	47239932	47439932	harbor1	chr10	47297087	47297228	SINE/MIR	443	-	70	47297157	57225
chr10	47239932	47439932	harbor1	chr10	47305250	47305431	SINE/MIR	532	-	90	47305340	65408
chr10	4842408	5042408	harbor1	chr10	4851585	4851830	SINE/MIR	660	-	122	4851707	9299
chr10	4842408	5042408	harbor1	chr10	4889429	4889604	SINE/MIR	500	-	88	4889517	47109
chr10	47239964	47439964	harbor1	chr10	47268076	47268235	SINE/MIR	508	-	80	47268156	28192
chr10	47239964	47439964	harbor1	chr10	47297087	47297228	SINE/MIR	443	-	70	47297157	57193
chr10	47239964	47439964	harbor1	chr10	47305250	47305431	SINE/MIR	532	-	90	47305340	65376
chr10	75111030	75311030	harbor1	chr10	75121093	75121313	SINE/MIR	804	-	110	75121203	10173
chr10	131309416	131509416	harbor1	chr10	131352009	131352037	SINE/MIR	466	-	14	131352023	42607
chr10	131309416	131509416	harbor1	chr10	131352372	131352548	SINE/MIR	466	-	88	131352460	43044
chr10	131309416	131509416	harbor1	chr10	131397341	131397512	SINE/MIR	474	-	86	131397427	88011
chr10	131309416	131509416	harbor1	chr10	131406564	131406802	SINE/MIR	503	-	119	131406683	97267
chr10	78865014	79065014	harbor1	chr10	78872661	78872870	SINE/MIR	717	-	104	78872765	7751
chr10	78865014	79065014	harbor1	chr10	78905555	78905748	SINE/MIR	490	-	96	78905651	40637
chr10	78865014	79065014	harbor1	chr10	78908507	78908698	SINE/MIR	618	-	96	78908603	43589
chr10	78865014	79065014	harbor1	chr10	78914426	78914648	SINE/MIR	874	-	111	78914537	49523
chr10	78865014	79065014	harbor1	chr10	78916010	78916212	SINE/MIR	534	-	101	78916111	51097
chr10	78865014	79065014	harbor1	chr10	78951560	78951776	SINE/MIR	656	-	108	78951668	86654
chr10	78865014	79065014	harbor1	chr10	78964303	78964531	SINE/MIR	835	-	114	78964417	99403
chr10	14778674	14978674	harbor1	chr10	14807837	14808066	SINE/MIR	520	-	114	14807951	29277
chr10	14778674	14978674	harbor1	chr10	14826667	14826883	SINE/MIR	597	-	108	14826775	48101
chr10	14778674	14978674	harbor1	chr10	14840783	14841008	SINE/MIR	600	-	112	14840895	62221
chr10	14778674	14978674	harbor1	chr10	14856199	14856453	SINE/MIR	806	-	127	14856326	77652
chr10	14778674	14978674	harbor1	chr10	14858739	14858935	SINE/MIR	660	-	98	14858837	80163
chr10	77303746	77503746	harbor1	chr10	77318202	77318409	SINE/MIR	478	-	104	77318306	14560
chr10	77303746	77503746	harbor1	chr10	77335694	77335907	SINE/MIR	693	-	106	77335800	32054
chr10	77303746	77503746	harbor1	chr10	77342279	77342428	SINE/MIR	574	-	74	77342353	38607
chr10	77303746	77503746	harbor1	chr10	77343240	77343424	SINE/MIR	654	-	92	77343332	39586
chr10	77303746	77503746	harbor1	chr10	77344949	77345113	SINE/MIR	577	-	82	77345031	41285
chr10	77303746	77503746	harbor1	chr10	77347198	77347409	SINE/MIR	507	-	106	77347304	43558
chr10	77303746	77503746	harbor1	chr10	77347809	77348006	SINE/MIR	679	-	98	77347907	44161
chr10	77303746	77503746	harbor1	chr10	77382277	77382437	SINE/MIR	641	-	80	77382357	78611
chr10	77303746	77503746	harbor1	chr10	77385366	77385582	SINE/MIR	612	-	108	77385474	81728
chr10	77303746	77503746	harbor1	chr10	77393397	77393619	SINE/MIR	732	-	111	77393508	89762
chr10	75111036	75311036	harbor1	chr10	75121093	75121313	SINE/MIR	804	-	110	75121203	10167
chr10	62704945	62904945	harbor1	chr10	62732817	62732921	SINE/MIR	505	-	52	62732869	27924
chr10	62704945	62904945	harbor1	chr10	62737740	62737967	SINE/MIR	794	-	114	62737854	32909
chr10	62704945	62904945	harbor1	chr10	62752206	62752437	SINE/MIR	649	-	116	62752322	47377
chr10	62704945	62904945	harbor1	chr10	62759014	62759263	SINE/MIR	635	-	124	62759138	54193
chr10	62704945	62904945	harbor1	chr10	62797725	62797879	SINE/MIR	526	-	77	62797802	92857
chr10	7951431	8151431	harbor1	chr10	7966983	7967158	SINE/MIR	513	-	88	7967071	15640
chr10	7951431	8151431	harbor1	chr10	7968578	7968807	SINE/MIR	807	-	114	7968692	17261
chr10	7951431	8151431	harbor1	chr10	7970296	7970509	SINE/MIR	460	-	106	7970402	18971
chr10	97672149	97872149	harbor1	chr10	97680080	97680254	SINE/MIR	673	-	87	97680167	8018
chr10	97672149	97872149	harbor1	chr10	97680287	97680480	SINE/MIR	493	-	96	97680383	8234
chr10	97672149	97872149	harbor1	chr10	97686382	97686578	SINE/MIR	530	-	98	97686480	14331
chr10	97672149	97872149	harbor1	chr10	97711004	97711147	SINE/MIR	532	-	72	97711076	38927
chr10	97672149	97872149	harbor1	chr10	97716670	97716901	SINE/MIR	817	-	116	97716786	44637
chr10	97672149	97872149	harbor1	chr10	97718507	97718647	SINE/MIR	437	-	70	97718577	46428
chr10	97672149	97872149	harbor1	chr10	97748983	97749209	SINE/MIR	572	-	113	97749096	76947
chr10	97672149	97872149	harbor1	chr10	97762555	97762748	SINE/MIR	707	-	96	97762651	90502
chr10	14778680	14978680	harbor1	chr10	14807837	14808066	SINE/MIR	520	-	114	14807951	29271
chr10	14778680	14978680	harbor1	chr10	14826667	14826883	SINE/MIR	597	-	108	14826775	48095
chr10	14778680	14978680	harbor1	chr10	14840783	14841008	SINE/MIR	600	-	112	14840895	62215
chr10	14778680	14978680	harbor1	chr10	14856199	14856453	SINE/MIR	806	-	127	14856326	77646
chr10	14778680	14978680	harbor1	chr10	14858739	14858935	SINE/MIR	660	-	98	14858837	80157
chr10	128885275	129085275	harbor1	chr10	128906320	128906496	SINE/MIR	559	-	88	128906408	21133
chr10	35265	235265	harbor1	chr10	130517	130716	SINE/MIR	805	-	100	130617	95352
chr10	102141613	102341613	harbor1	chr10	102180078	102180258	SINE/MIR	735	-	90	102180168	38555
chr10	102141613	102341613	harbor1	chr10	102222145	102222172	SINE/MIR	700	-	14	102222159	80546
chr10	102141613	102341613	harbor1	chr10	102222307	102222495	SINE/MIR	700	-	94	102222401	80788
chr10	102141613	102341613	harbor1	chr10	102224317	102224540	SINE/MIR	512	-	112	102224429	82816
chr10	102141613	102341613	harbor1	chr10	102227393	102227543	SINE/MIR	572	-	75	102227468	85855
chr10	79279347	79479347	harbor1	chr10	79284588	79284773	SINE/MIR	514	-	92	79284680	5333
chr10	79279347	79479347	harbor1	chr10	79299690	79299873	SINE/MIR	543	-	92	79299782	20435
chr10	79279347	79479347	harbor1	chr10	79375210	79375435	SINE/MIR	519	-	112	79375322	95975
chr10	110707741	110907741	harbor1	chr10	110713654	110713872	SINE/MIR	464	-	109	110713763	6022
chr10	110707741	110907741	harbor1	chr10	110772908	110773108	SINE/MIR	518	-	100	110773008	65267
chr10	110707741	110907741	harbor1	chr10	110782514	110782745	SINE/MIR	611	-	116	110782630	74889
chr10	110707741	110907741	harbor1	chr10	110787896	110788138	SINE/MIR	1054	-	121	110788017	80276
chr10	110707741	110907741	harbor1	chr10	110792390	110792601	SINE/MIR	572	-	106	110792496	84755
chr10	110707741	110907741	harbor1	chr10	110793084	110793246	SINE/MIR	516	-	81	110793165	85424
chr10	110707741	110907741	harbor1	chr10	110803081	110803284	SINE/MIR	661	-	102	110803183	95442
chr10	89202972	89402972	harbor1	chr10	89203759	89203924	SINE/MIR	617	-	82	89203841	869
chr10	89202972	89402972	harbor1	chr10	89227639	89227836	SINE/MIR	605	-	98	89227737	24765
chr10	89202972	89402972	harbor1	chr10	89234862	89235022	SINE/MIR	464	-	80	89234942	31970
chr10	89202972	89402972	harbor1	chr10	89240539	89240726	SINE/MIR	512	-	94	89240633	37661
chr10	89202972	89402972	harbor1	chr10	89276692	89276989	SINE/MIR	567	-	148	89276840	73868
chr10	89202972	89402972	harbor1	chr10	89281518	89281679	SINE/MIR	439	-	80	89281598	78626
chr10	89202972	89402972	harbor1	chr10	89292545	89292663	SINE/MIR	726	-	59	89292604	89632
chr10	89202972	89402972	harbor1	chr10	89292947	89292993	SINE/MIR	726	-	23	89292970	89998
chr10	89202972	89402972	harbor1	chr10	89301014	89301241	SINE/MIR	571	-	114	89301128	98156
chr10	46006339	46206339	harbor1	chr10	46070055	46070259	SINE/MIR	531	-	102	46070157	63818
chr10	46006339	46206339	harbor1	chr10	46077712	46077897	SINE/MIR	540	-	92	46077804	71465
chr10	46006339	46206339	harbor1	chr10	46088363	46088499	SINE/MIR	523	-	68	46088431	82092
chr10	47239866	47439866	harbor1	chr10	47268076	47268235	SINE/MIR	508	-	80	47268156	28290
chr10	47239866	47439866	harbor1	chr10	47297087	47297228	SINE/MIR	443	-	70	47297157	57291
chr10	47239866	47439866	harbor1	chr10	47305250	47305431	SINE/MIR	532	-	90	47305340	65474
chr10	62704875	62904875	harbor1	chr10	62732817	62732921	SINE/MIR	505	-	52	62732869	27994
chr10	62704875	62904875	harbor1	chr10	62737740	62737967	SINE/MIR	794	-	114	62737854	32979
chr10	62704875	62904875	harbor1	chr10	62752206	62752437	SINE/MIR	649	-	116	62752322	47447
chr10	62704875	62904875	harbor1	chr10	62759014	62759263	SINE/MIR	635	-	124	62759138	54263
chr10	62704875	62904875	harbor1	chr10	62797725	62797879	SINE/MIR	526	-	77	62797802	92927
chr10	7951465	8151465	harbor1	chr10	7966983	7967158	SINE/MIR	513	-	88	7967071	15606
chr10	7951465	8151465	harbor1	chr10	7968578	7968807	SINE/MIR	807	-	114	7968692	17227
chr10	7951465	8151465	harbor1	chr10	7970296	7970509	SINE/MIR	460	-	106	7970402	18937
chr10	47239913	47439913	harbor1	chr10	47268076	47268235	SINE/MIR	508	-	80	47268156	28243
chr10	47239913	47439913	harbor1	chr10	47297087	47297228	SINE/MIR	443	-	70	47297157	57244
chr10	47239913	47439913	harbor1	chr10	47305250	47305431	SINE/MIR	532	-	90	47305340	65427
chr10	69472286	69672286	harbor1	chr10	69473628	69473741	SINE/MIR	448	-	56	69473684	1398
chr10	69472286	69672286	harbor1	chr10	69482592	69482800	SINE/MIR	478	-	104	69482696	10410
chr10	69472286	69672286	harbor1	chr10	69494351	69494490	SINE/MIR	449	-	70	69494421	22135
chr10	69472286	69672286	harbor1	chr10	69496955	69497182	SINE/MIR	603	-	114	69497069	24783
chr10	69472286	69672286	harbor1	chr10	69498621	69498844	SINE/MIR	831	-	112	69498733	26447
chr10	69472286	69672286	harbor1	chr10	69506409	69506560	SINE/MIR	505	-	76	69506485	34199
chr10	69472286	69672286	harbor1	chr10	69508678	69508853	SINE/MIR	743	-	88	69508766	36480
chr10	69472286	69672286	harbor1	chr10	69516145	69516338	SINE/MIR	660	-	96	69516241	43955
chr10	69472286	69672286	harbor1	chr10	69558103	69558331	SINE/MIR	549	-	114	69558217	85931
chr10	69472286	69672286	harbor1	chr10	69561877	69562118	SINE/MIR	693	-	120	69561997	89711
chr10	69472286	69672286	harbor1	chr10	69564181	69564353	SINE/MIR	452	-	86	69564267	91981
chr11	112678749	112878749	harbor1	chr11	112686648	112686819	SINE/MIR	515	-	86	112686734	7985
chr11	112678749	112878749	harbor1	chr11	112721356	112721593	SINE/MIR	597	-	118	112721474	42725
chr11	112678749	112878749	harbor1	chr11	112727149	112727385	SINE/MIR	833	-	118	112727267	48518
chr11	112678749	112878749	harbor1	chr11	112761412	112761639	SINE/MIR	723	-	114	112761526	82777
chr11	112678749	112878749	harbor1	chr11	112763953	112764053	SINE/MIR	435	-	50	112764003	85254
chr11	112678749	112878749	harbor1	chr11	112764400	112764636	SINE/MIR	531	-	118	112764518	85769
chr11	112678749	112878749	harbor1	chr11	112772223	112772409	SINE/MIR	430	-	93	112772316	93567
chr11	112678749	112878749	harbor1	chr11	112776699	112776850	SINE/MIR	418	-	76	112776775	98026
chr11	112678749	112878749	harbor1	chr11	112777985	112778209	SINE/MIR	685	-	112	112778097	99348
chr11	5127157	5327157	harbor1	chr11	5168499	5168713	SINE/MIR	452	-	107	5168606	41449
chr11	5127157	5327157	harbor1	chr11	5208088	5208308	SINE/MIR	421	-	110	5208198	81041
chr11	5127156	5327156	harbor1	chr11	5168499	5168713	SINE/MIR	452	-	107	5168606	41450
chr11	5127156	5327156	harbor1	chr11	5208088	5208308	SINE/MIR	421	-	110	5208198	81042
chr11	5129450	5329450	harbor1	chr11	5168499	5168713	SINE/MIR	452	-	107	5168606	39156
chr11	5129450	5329450	harbor1	chr11	5208088	5208308	SINE/MIR	421	-	110	5208198	78748
chr11	5127277	5327277	harbor1	chr11	5168499	5168713	SINE/MIR	452	-	107	5168606	41329
chr11	5127277	5327277	harbor1	chr11	5208088	5208308	SINE/MIR	421	-	110	5208198	80921
chr11	5127135	5327135	harbor1	chr11	5168499	5168713	SINE/MIR	452	-	107	5168606	41471
chr11	5127135	5327135	harbor1	chr11	5208088	5208308	SINE/MIR	421	-	110	5208198	81063
chr11	5127181	5327181	harbor1	chr11	5168499	5168713	SINE/MIR	452	-	107	5168606	41425
chr11	5127181	5327181	harbor1	chr11	5208088	5208308	SINE/MIR	421	-	110	5208198	81017
chr11	5127341	5327341	harbor1	chr11	5168499	5168713	SINE/MIR	452	-	107	5168606	41265
chr11	5127341	5327341	harbor1	chr11	5208088	5208308	SINE/MIR	421	-	110	5208198	80857
chr11	5127230	5327230	harbor1	chr11	5168499	5168713	SINE/MIR	452	-	107	5168606	41376
chr11	5127230	5327230	harbor1	chr11	5208088	5208308	SINE/MIR	421	-	110	5208198	80968
chr11	68642659	68842659	harbor1	chr11	68713805	68714000	SINE/MIR	406	-	98	68713903	71244
chr11	64537901	64737901	harbor1	chr11	64540293	64540500	SINE/MIR	651	-	104	64540397	2496
chr11	64537901	64737901	harbor1	chr11	64543192	64543377	SINE/MIR	638	-	92	64543284	5383
chr11	64537901	64737901	harbor1	chr11	64557177	64557329	SINE/MIR	520	-	76	64557253	19352
chr11	64537901	64737901	harbor1	chr11	64561288	64561445	SINE/MIR	627	-	78	64561366	23465
chr11	64537901	64737901	harbor1	chr11	64563230	64563432	SINE/MIR	579	-	101	64563331	25430
chr11	64537901	64737901	harbor1	chr11	64570628	64570778	SINE/MIR	406	-	75	64570703	32802
chr11	64537901	64737901	harbor1	chr11	64580231	64580483	SINE/MIR	955	-	126	64580357	42456
chr11	64537901	64737901	harbor1	chr11	64602483	64602722	SINE/MIR	699	-	120	64602603	64702
chr11	64537901	64737901	harbor1	chr11	64624891	64625044	SINE/MIR	403	-	76	64624967	87066
chr11	64537901	64737901	harbor1	chr11	64628130	64628358	SINE/MIR	677	-	114	64628244	90343
chr11	64537901	64737901	harbor1	chr11	64631497	64631698	SINE/MIR	589	-	100	64631597	93696
chr11	64537901	64737901	harbor1	chr11	64633348	64633522	SINE/MIR	491	-	87	64633435	95534
chr11	5134663	5334663	harbor1	chr11	5168499	5168713	SINE/MIR	452	-	107	5168606	33943
chr11	5134663	5334663	harbor1	chr11	5208088	5208308	SINE/MIR	421	-	110	5208198	73535
chr11	64242408	64442408	harbor1	chr11	64275857	64276056	SINE/MIR	881	-	100	64275957	33549
chr11	64242408	64442408	harbor1	chr11	64278437	64278661	SINE/MIR	870	-	112	64278549	36141
chr11	64242408	64442408	harbor1	chr11	64287330	64287539	SINE/MIR	502	-	104	64287434	45026
chr11	64242408	64442408	harbor1	chr11	64296446	64296609	SINE/MIR	528	-	82	64296528	54120
chr11	64242408	64442408	harbor1	chr11	64309957	64310164	SINE/MIR	601	-	104	64310061	67653
chr11	64242408	64442408	harbor1	chr11	64311018	64311200	SINE/MIR	516	-	91	64311109	68701
chr11	102246099	102446099	harbor1	chr11	102318138	102318382	SINE/MIR	588	-	122	102318260	72161
chr11	2054543	2254543	harbor1	chr11	2153893	2154087	SINE/MIR	507	-	97	2153990	99447
chr11	5126804	5326804	harbor1	chr11	5168499	5168713	SINE/MIR	452	-	107	5168606	41802
chr11	5126804	5326804	harbor1	chr11	5208088	5208308	SINE/MIR	421	-	110	5208198	81394
chr11	5127222	5327222	harbor1	chr11	5168499	5168713	SINE/MIR	452	-	107	5168606	41384
chr11	5127222	5327222	harbor1	chr11	5208088	5208308	SINE/MIR	421	-	110	5208198	80976
chr11	5127226	5327226	harbor1	chr11	5168499	5168713	SINE/MIR	452	-	107	5168606	41380
chr11	5127226	5327226	harbor1	chr11	5208088	5208308	SINE/MIR	421	-	110	5208198	80972
chr11	57399763	57599763	harbor1	chr11	57401408	57401612	SINE/MIR	601	-	102	57401510	1747
chr11	57399763	57599763	harbor1	chr11	57406459	57406636	SINE/MIR	442	-	88	57406547	6784
chr11	57399763	57599763	harbor1	chr11	57419350	57419499	SINE/MIR	409	-	74	57419424	19661
chr11	57399763	57599763	harbor1	chr11	57431444	57431655	SINE/MIR	419	-	106	57431550	31787
chr11	57399763	57599763	harbor1	chr11	57431968	57431994	SINE/MIR	419	-	13	57431981	32218
chr11	57399763	57599763	harbor1	chr11	57433183	57433432	SINE/MIR	843	-	124	57433307	33544
chr11	57399763	57599763	harbor1	chr11	57473229	57473352	SINE/MIR	494	-	62	57473291	73528
chr11	57399763	57599763	harbor1	chr11	57475101	57475336	SINE/MIR	509	-	118	57475219	75456
chr11	57399763	57599763	harbor1	chr11	57475356	57475506	SINE/MIR	485	-	75	57475431	75668
chr11	57399763	57599763	harbor1	chr11	57475562	57475778	SINE/MIR	485	-	108	57475670	75907
chr11	57399763	57599763	harbor1	chr11	57493084	57493271	SINE/MIR	559	-	94	57493178	93415
chr11	57399763	57599763	harbor1	chr11	57493289	57493524	SINE/MIR	561	-	118	57493407	93644
chr11	119387210	119587210	harbor1	chr11	119435082	119435263	SINE/MIR	442	-	90	119435172	47962
chr11	119387210	119587210	harbor1	chr11	119446982	119447140	SINE/MIR	604	-	79	119447061	59851
chr11	5127150	5327150	harbor1	chr11	5168499	5168713	SINE/MIR	452	-	107	5168606	41456
chr11	5127150	5327150	harbor1	chr11	5208088	5208308	SINE/MIR	421	-	110	5208198	81048
chr11	5127250	5327250	harbor1	chr11	5168499	5168713	SINE/MIR	452	-	107	5168606	41356
chr11	5127250	5327250	harbor1	chr11	5208088	5208308	SINE/MIR	421	-	110	5208198	80948
chr11	2054521	2254521	harbor1	chr11	2153893	2154087	SINE/MIR	507	-	97	2153990	99469
chr11	5126803	5326803	harbor1	chr11	5168499	5168713	SINE/MIR	452	-	107	5168606	41803
chr11	5126803	5326803	harbor1	chr11	5208088	5208308	SINE/MIR	421	-	110	5208198	81395
chr11	5134612	5334612	harbor1	chr11	5168499	5168713	SINE/MIR	452	-	107	5168606	33994
chr11	5134612	5334612	harbor1	chr11	5208088	5208308	SINE/MIR	421	-	110	5208198	73586
chr11	5134133	5334133	harbor1	chr11	5168499	5168713	SINE/MIR	452	-	107	5168606	34473
chr11	5134133	5334133	harbor1	chr11	5208088	5208308	SINE/MIR	421	-	110	5208198	74065
chr11	113773314	113973314	harbor1	chr11	113815485	113815713	SINE/MIR	444	-	114	113815599	42285
chr11	113773314	113973314	harbor1	chr11	113856426	113856604	SINE/MIR	466	-	89	113856515	83201
chr11	46034956	46234956	harbor1	chr11	46105005	46105234	SINE/MIR	693	-	114	46105119	70163
chr11	46034956	46234956	harbor1	chr11	46110161	46110358	SINE/MIR	476	-	98	46110259	75303
chr11	46034956	46234956	harbor1	chr11	46133223	46133344	SINE/MIR	475	-	60	46133283	98327
chr11	119643315	119843315	harbor1	chr11	119643297	119643474	SINE/MIR	497	-	88	119643385	70
chr11	119643315	119843315	harbor1	chr11	119646511	119646738	SINE/MIR	431	-	114	119646625	3310
chr11	119643315	119843315	harbor1	chr11	119673504	119673666	SINE/MIR	502	-	81	119673585	30270
chr11	119643315	119843315	harbor1	chr11	119692613	119692835	SINE/MIR	703	-	111	119692724	49409
chr11	119643315	119843315	harbor1	chr11	119697542	119697770	SINE/MIR	486	-	114	119697656	54341
chr11	119643315	119843315	harbor1	chr11	119699682	119699868	SINE/MIR	435	-	93	119699775	56460
chr11	119643315	119843315	harbor1	chr11	119722863	119722970	SINE/MIR	582	-	54	119722917	79602
chr11	119643315	119843315	harbor1	chr11	119723242	119723358	SINE/MIR	582	-	58	119723300	79985
chr11	119643315	119843315	harbor1	chr11	119738986	119739120	SINE/MIR	550	-	67	119739053	95738
chr11	5125277	5325277	harbor1	chr11	5168499	5168713	SINE/MIR	452	-	107	5168606	43329
chr11	5125277	5325277	harbor1	chr11	5208088	5208308	SINE/MIR	421	-	110	5208198	82921
chr11	5125978	5325978	harbor1	chr11	5168499	5168713	SINE/MIR	452	-	107	5168606	42628
chr11	5125978	5325978	harbor1	chr11	5208088	5208308	SINE/MIR	421	-	110	5208198	82220
chr11	57399760	57599760	harbor1	chr11	57401408	57401612	SINE/MIR	601	-	102	57401510	1750
chr11	57399760	57599760	harbor1	chr11	57406459	57406636	SINE/MIR	442	-	88	57406547	6787
chr11	57399760	57599760	harbor1	chr11	57419350	57419499	SINE/MIR	409	-	74	57419424	19664
chr11	57399760	57599760	harbor1	chr11	57431444	57431655	SINE/MIR	419	-	106	57431550	31790
chr11	57399760	57599760	harbor1	chr11	57431968	57431994	SINE/MIR	419	-	13	57431981	32221
chr11	57399760	57599760	harbor1	chr11	57433183	57433432	SINE/MIR	843	-	124	57433307	33547
chr11	57399760	57599760	harbor1	chr11	57473229	57473352	SINE/MIR	494	-	62	57473291	73531
chr11	57399760	57599760	harbor1	chr11	57475101	57475336	SINE/MIR	509	-	118	57475219	75459
chr11	57399760	57599760	harbor1	chr11	57475356	57475506	SINE/MIR	485	-	75	57475431	75671
chr11	57399760	57599760	harbor1	chr11	57475562	57475778	SINE/MIR	485	-	108	57475670	75910
chr11	57399760	57599760	harbor1	chr11	57493084	57493271	SINE/MIR	559	-	94	57493178	93418
chr11	57399760	57599760	harbor1	chr11	57493289	57493524	SINE/MIR	561	-	118	57493407	93647
chr11	5127141	5327141	harbor1	chr11	5168499	5168713	SINE/MIR	452	-	107	5168606	41465
chr11	5127141	5327141	harbor1	chr11	5208088	5208308	SINE/MIR	421	-	110	5208198	81057
chr11	5127172	5327172	harbor1	chr11	5168499	5168713	SINE/MIR	452	-	107	5168606	41434
chr11	5127172	5327172	harbor1	chr11	5208088	5208308	SINE/MIR	421	-	110	5208198	81026
chr11	5134086	5334086	harbor1	chr11	5168499	5168713	SINE/MIR	452	-	107	5168606	34520
chr11	5134086	5334086	harbor1	chr11	5208088	5208308	SINE/MIR	421	-	110	5208198	74112
chr11	5127261	5327261	harbor1	chr11	5168499	5168713	SINE/MIR	452	-	107	5168606	41345
chr11	5127261	5327261	harbor1	chr11	5208088	5208308	SINE/MIR	421	-	110	5208198	80937
chr11	5134533	5334533	harbor1	chr11	5168499	5168713	SINE/MIR	452	-	107	5168606	34073
chr11	5134533	5334533	harbor1	chr11	5208088	5208308	SINE/MIR	421	-	110	5208198	73665
chr11	5126745	5326745	harbor1	chr11	5168499	5168713	SINE/MIR	452	-	107	5168606	41861
chr11	5126745	5326745	harbor1	chr11	5208088	5208308	SINE/MIR	421	-	110	5208198	81453
chr11	46185687	46385687	harbor1	chr11	46216085	46216264	SINE/MIR	495	-	90	46216175	30488
chr11	46185687	46385687	harbor1	chr11	46222942	46223186	SINE/MIR	701	-	122	46223064	37377
chr11	46185687	46385687	harbor1	chr11	46234050	46234237	SINE/MIR	409	-	94	46234144	48457
chr11	46185687	46385687	harbor1	chr11	46235345	46235489	SINE/MIR	401	-	72	46235417	49730
chr11	46185687	46385687	harbor1	chr11	46238631	46238832	SINE/MIR	997	-	100	46238731	53044
chr11	46185687	46385687	harbor1	chr11	46238837	46239023	SINE/MIR	491	-	93	46238930	53243
chr11	46185687	46385687	harbor1	chr11	46239790	46239998	SINE/MIR	451	-	104	46239894	54207
chr11	46185687	46385687	harbor1	chr11	46244610	46244828	SINE/MIR	764	-	109	46244719	59032
chr11	46185687	46385687	harbor1	chr11	46251024	46251161	SINE/MIR	470	-	68	46251092	65405
chr11	46185687	46385687	harbor1	chr11	46262719	46262948	SINE/MIR	412	-	114	46262833	77146
chr11	5134641	5334641	harbor1	chr11	5168499	5168713	SINE/MIR	452	-	107	5168606	33965
chr11	5134641	5334641	harbor1	chr11	5208088	5208308	SINE/MIR	421	-	110	5208198	73557
chr11	57399762	57599762	harbor1	chr11	57401408	57401612	SINE/MIR	601	-	102	57401510	1748
chr11	57399762	57599762	harbor1	chr11	57406459	57406636	SINE/MIR	442	-	88	57406547	6785
chr11	57399762	57599762	harbor1	chr11	57419350	57419499	SINE/MIR	409	-	74	57419424	19662
chr11	57399762	57599762	harbor1	chr11	57431444	57431655	SINE/MIR	419	-	106	57431550	31788
chr11	57399762	57599762	harbor1	chr11	57431968	57431994	SINE/MIR	419	-	13	57431981	32219
chr11	57399762	57599762	harbor1	chr11	57433183	57433432	SINE/MIR	843	-	124	57433307	33545
chr11	57399762	57599762	harbor1	chr11	57473229	57473352	SINE/MIR	494	-	62	57473291	73529
chr11	57399762	57599762	harbor1	chr11	57475101	57475336	SINE/MIR	509	-	118	57475219	75457
chr11	57399762	57599762	harbor1	chr11	57475356	57475506	SINE/MIR	485	-	75	57475431	75669
chr11	57399762	57599762	harbor1	chr11	57475562	57475778	SINE/MIR	485	-	108	57475670	75908
chr11	57399762	57599762	harbor1	chr11	57493084	57493271	SINE/MIR	559	-	94	57493178	93416
chr11	57399762	57599762	harbor1	chr11	57493289	57493524	SINE/MIR	561	-	118	57493407	93645
chr11	2759442	2959442	harbor1	chr11	2781155	2781309	SINE/MIR	442	-	77	2781232	21790
chr11	2759442	2959442	harbor1	chr11	2842805	2842995	SINE/MIR	709	-	95	2842900	83458
chr11	5127278	5327278	harbor1	chr11	5168499	5168713	SINE/MIR	452	-	107	5168606	41328
chr11	5127278	5327278	harbor1	chr11	5208088	5208308	SINE/MIR	421	-	110	5208198	80920
chr11	65968777	66168777	harbor1	chr11	65999001	65999223	SINE/MIR	455	-	111	65999112	30335
chr11	65968777	66168777	harbor1	chr11	66004765	66004940	SINE/MIR	441	-	88	66004853	36076
chr11	65968777	66168777	harbor1	chr11	66011552	66011710	SINE/MIR	556	-	79	66011631	42854
chr11	65968777	66168777	harbor1	chr11	66028213	66028389	SINE/MIR	410	-	88	66028301	59524
chr11	65968777	66168777	harbor1	chr11	66046024	66046252	SINE/MIR	738	-	114	66046138	77361
chr11	65968777	66168777	harbor1	chr11	66058495	66058685	SINE/MIR	496	-	95	66058590	89813
chr11	80398104	80598104	harbor1	chr11	80437149	80437384	SINE/MIR	872	-	118	80437267	39163
chr11	80398104	80598104	harbor1	chr11	80443457	80443656	SINE/MIR	484	-	100	80443557	45453
chr11	80398104	80598104	harbor1	chr11	80477401	80477606	SINE/MIR	548	-	102	80477503	79399
chr11	5134115	5334115	harbor1	chr11	5168499	5168713	SINE/MIR	452	-	107	5168606	34491
chr11	5134115	5334115	harbor1	chr11	5208088	5208308	SINE/MIR	421	-	110	5208198	74083
chr11	5134546	5334546	harbor1	chr11	5168499	5168713	SINE/MIR	452	-	107	5168606	34060
chr11	5134546	5334546	harbor1	chr11	5208088	5208308	SINE/MIR	421	-	110	5208198	73652
chr11	5124980	5324980	harbor1	chr11	5168499	5168713	SINE/MIR	452	-	107	5168606	43626
chr11	5124980	5324980	harbor1	chr11	5208088	5208308	SINE/MIR	421	-	110	5208198	83218
chr11	5127317	5327317	harbor1	chr11	5168499	5168713	SINE/MIR	452	-	107	5168606	41289
chr11	5127317	5327317	harbor1	chr11	5208088	5208308	SINE/MIR	421	-	110	5208198	80881
chr11	5127257	5327257	harbor1	chr11	5168499	5168713	SINE/MIR	452	-	107	5168606	41349
chr11	5127257	5327257	harbor1	chr11	5208088	5208308	SINE/MIR	421	-	110	5208198	80941
chr11	86559546	86759546	harbor1	chr11	86569631	86569884	SINE/MIR	784	-	126	86569757	10211
chr11	86559546	86759546	harbor1	chr11	86578781	86579000	SINE/MIR	436	-	110	86578891	19345
chr11	86559546	86759546	harbor1	chr11	86595333	86595525	SINE/MIR	710	-	96	86595429	35883
chr11	86559546	86759546	harbor1	chr11	86604625	86604789	SINE/MIR	427	-	82	86604707	45161
chr11	86559546	86759546	harbor1	chr11	86608951	86609162	SINE/MIR	758	-	106	86609057	49511
chr11	86559546	86759546	harbor1	chr11	86609900	86610022	SINE/MIR	411	-	61	86609961	50415
chr11	86559546	86759546	harbor1	chr11	86615340	86615478	SINE/MIR	538	-	69	86615409	55863
chr11	86559546	86759546	harbor1	chr11	86631698	86631745	SINE/MIR	442	-	24	86631722	72176
chr11	86559546	86759546	harbor1	chr11	86632033	86632161	SINE/MIR	442	-	64	86632097	72551
chr11	86559546	86759546	harbor1	chr11	86633244	86633487	SINE/MIR	874	-	122	86633366	73820
chr11	86559546	86759546	harbor1	chr11	86638627	86638878	SINE/MIR	969	-	126	86638753	79207
chr11	5100509	5300509	harbor1	chr11	5168499	5168713	SINE/MIR	452	-	107	5168606	68097
chr11	5127273	5327273	harbor1	chr11	5168499	5168713	SINE/MIR	452	-	107	5168606	41333
chr11	5127273	5327273	harbor1	chr11	5208088	5208308	SINE/MIR	421	-	110	5208198	80925
chr11	91718101	91918101	harbor1	chr11	91762074	91762269	SINE/MIR	602	-	98	91762172	44071
chr11	91718101	91918101	harbor1	chr11	91786897	91787131	SINE/MIR	537	-	117	91787014	68913
chr11	91718101	91918101	harbor1	chr11	91813848	91814060	SINE/MIR	611	-	106	91813954	95853
chr11	4695187	4895187	harbor1	chr11	4696974	4697213	SINE/MIR	573	-	120	4697094	1907
chr11	4695187	4895187	harbor1	chr11	4717648	4717844	SINE/MIR	483	-	98	4717746	22559
chr11	5134560	5334560	harbor1	chr11	5168499	5168713	SINE/MIR	452	-	107	5168606	34046
chr11	5134560	5334560	harbor1	chr11	5208088	5208308	SINE/MIR	421	-	110	5208198	73638
chr11	5031868	5231868	harbor1	chr11	5034263	5034457	SINE/MIR	576	-	97	5034360	2492
chr11	5031868	5231868	harbor1	chr11	5044099	5044321	SINE/MIR	449	-	111	5044210	12342
chr11	76580974	76780974	harbor1	chr11	76618259	76618488	SINE/MIR	685	-	114	76618373	37399
chr11	76580974	76780974	harbor1	chr11	76626415	76626663	SINE/MIR	607	-	124	76626539	45565
chr11	76580974	76780974	harbor1	chr11	76654307	76654444	SINE/MIR	432	-	68	76654375	73401
chr11	76580974	76780974	harbor1	chr11	76662356	76662555	SINE/MIR	416	-	100	76662456	81482
chr11	76580974	76780974	harbor1	chr11	76667118	76667344	SINE/MIR	664	-	113	76667231	86257
chr11	76580974	76780974	harbor1	chr11	76669447	76669690	SINE/MIR	689	-	122	76669569	88595
chr11	76580974	76780974	harbor1	chr11	76669704	76669860	SINE/MIR	483	-	78	76669782	88808
chr11	76580974	76780974	harbor1	chr11	76671447	76671573	SINE/MIR	403	-	63	76671510	90536
chr11	5127126	5327126	harbor1	chr11	5168499	5168713	SINE/MIR	452	-	107	5168606	41480
chr11	5127126	5327126	harbor1	chr11	5208088	5208308	SINE/MIR	421	-	110	5208198	81072
chr11	65758060	65958060	harbor1	chr11	65802778	65802991	SINE/MIR	802	-	106	65802884	44824
chr11	65758060	65958060	harbor1	chr11	65803350	65803566	SINE/MIR	414	-	108	65803458	45398
chr11	5125006	5325006	harbor1	chr11	5168499	5168713	SINE/MIR	452	-	107	5168606	43600
chr11	5125006	5325006	harbor1	chr11	5208088	5208308	SINE/MIR	421	-	110	5208198	83192
chr11	5134608	5334608	harbor1	chr11	5168499	5168713	SINE/MIR	452	-	107	5168606	33998
chr11	5134608	5334608	harbor1	chr11	5208088	5208308	SINE/MIR	421	-	110	5208198	73590
chr11	5126778	5326778	harbor1	chr11	5168499	5168713	SINE/MIR	452	-	107	5168606	41828
chr11	5126778	5326778	harbor1	chr11	5208088	5208308	SINE/MIR	421	-	110	5208198	81420
chr11	5134653	5334653	harbor1	chr11	5168499	5168713	SINE/MIR	452	-	107	5168606	33953
chr11	5134653	5334653	harbor1	chr11	5208088	5208308	SINE/MIR	421	-	110	5208198	73545
chr11	5134111	5334111	harbor1	chr11	5168499	5168713	SINE/MIR	452	-	107	5168606	34495
chr11	5134111	5334111	harbor1	chr11	5208088	5208308	SINE/MIR	421	-	110	5208198	74087
chr11	2054541	2254541	harbor1	chr11	2153893	2154087	SINE/MIR	507	-	97	2153990	99449
chr11	57374327	57574327	harbor1	chr11	57377056	57377311	SINE/MIR	855	-	128	57377184	2857
chr11	57374327	57574327	harbor1	chr11	57378990	57379223	SINE/MIR	896	-	116	57379106	4779
chr11	57374327	57574327	harbor1	chr11	57384394	57384638	SINE/MIR	483	-	122	57384516	10189
chr11	57374327	57574327	harbor1	chr11	57399226	57399440	SINE/MIR	405	-	107	57399333	25006
chr11	57374327	57574327	harbor1	chr11	57401408	57401612	SINE/MIR	601	-	102	57401510	27183
chr11	57374327	57574327	harbor1	chr11	57406459	57406636	SINE/MIR	442	-	88	57406547	32220
chr11	57374327	57574327	harbor1	chr11	57419350	57419499	SINE/MIR	409	-	74	57419424	45097
chr11	57374327	57574327	harbor1	chr11	57431444	57431655	SINE/MIR	419	-	106	57431550	57223
chr11	57374327	57574327	harbor1	chr11	57431968	57431994	SINE/MIR	419	-	13	57431981	57654
chr11	57374327	57574327	harbor1	chr11	57433183	57433432	SINE/MIR	843	-	124	57433307	58980
chr11	57374327	57574327	harbor1	chr11	57473229	57473352	SINE/MIR	494	-	62	57473291	98964
chr11	5127183	5327183	harbor1	chr11	5168499	5168713	SINE/MIR	452	-	107	5168606	41423
chr11	5127183	5327183	harbor1	chr11	5208088	5208308	SINE/MIR	421	-	110	5208198	81015
chr11	5127132	5327132	harbor1	chr11	5168499	5168713	SINE/MIR	452	-	107	5168606	41474
chr11	5127132	5327132	harbor1	chr11	5208088	5208308	SINE/MIR	421	-	110	5208198	81066
chr11	70336771	70536771	harbor1	chr11	70351369	70351439	SINE/MIR	685	-	35	70351404	14633
chr11	70336771	70536771	harbor1	chr11	70351672	70351825	SINE/MIR	685	-	76	70351748	14977
chr11	10401686	10601686	harbor1	chr11	10429254	10429393	SINE/MIR	466	-	70	10429324	27638
chr11	10401686	10601686	harbor1	chr11	10429990	10430228	SINE/MIR	778	-	119	10430109	28423
chr11	10401686	10601686	harbor1	chr11	10452742	10452941	SINE/MIR	689	-	100	10452842	51156
chr11	10401686	10601686	harbor1	chr11	10453251	10453281	SINE/MIR	689	-	15	10453266	51580
chr11	10401686	10601686	harbor1	chr11	10459385	10459504	SINE/MIR	426	-	60	10459445	57759
chr11	10401686	10601686	harbor1	chr11	10464229	10464463	SINE/MIR	714	-	117	10464346	62660
chr11	10401686	10601686	harbor1	chr11	10484022	10484231	SINE/MIR	417	-	104	10484126	82440
chr11	10401686	10601686	harbor1	chr11	10497908	10498117	SINE/MIR	541	-	104	10498012	96326
chr11	5126760	5326760	harbor1	chr11	5168499	5168713	SINE/MIR	452	-	107	5168606	41846
chr11	5126760	5326760	harbor1	chr11	5208088	5208308	SINE/MIR	421	-	110	5208198	81438
chr11	34816228	35016228	harbor1	chr11	34820999	34821226	SINE/MIR	807	-	114	34821113	4885
chr11	34816228	35016228	harbor1	chr11	34831838	34832092	SINE/MIR	647	-	127	34831965	15737
chr11	34816228	35016228	harbor1	chr11	34833525	34833736	SINE/MIR	690	-	106	34833631	17403
chr11	34816228	35016228	harbor1	chr11	34841073	34841295	SINE/MIR	739	-	111	34841184	24956
chr11	34816228	35016228	harbor1	chr11	34853963	34854130	SINE/MIR	487	-	84	34854047	37819
chr11	34816228	35016228	harbor1	chr11	34857530	34857763	SINE/MIR	904	-	116	34857646	41418
chr11	34816228	35016228	harbor1	chr11	34860838	34861018	SINE/MIR	493	-	90	34860928	44700
chr11	34816228	35016228	harbor1	chr11	34864260	34864455	SINE/MIR	483	-	98	34864358	48130
chr11	34816228	35016228	harbor1	chr11	34910673	34910874	SINE/MIR	770	-	100	34910773	94545
chr11	5127108	5327108	harbor1	chr11	5168499	5168713	SINE/MIR	452	-	107	5168606	41498
chr11	5127108	5327108	harbor1	chr11	5208088	5208308	SINE/MIR	421	-	110	5208198	81090
chr11	5127203	5327203	harbor1	chr11	5168499	5168713	SINE/MIR	452	-	107	5168606	41403
chr11	5127203	5327203	harbor1	chr11	5208088	5208308	SINE/MIR	421	-	110	5208198	80995
chr11	5127281	5327281	harbor1	chr11	5168499	5168713	SINE/MIR	452	-	107	5168606	41325
chr11	5127281	5327281	harbor1	chr11	5208088	5208308	SINE/MIR	421	-	110	5208198	80917
chr11	5134553	5334553	harbor1	chr11	5168499	5168713	SINE/MIR	452	-	107	5168606	34053
chr11	5134553	5334553	harbor1	chr11	5208088	5208308	SINE/MIR	421	-	110	5208198	73645
chr11	5030148	5230148	harbor1	chr11	5034263	5034457	SINE/MIR	576	-	97	5034360	4212
chr11	5030148	5230148	harbor1	chr11	5044099	5044321	SINE/MIR	449	-	111	5044210	14062
chr11	118508487	118708487	harbor1	chr11	118529067	118529316	SINE/MIR	1067	-	124	118529191	20704
chr11	118508487	118708487	harbor1	chr11	118532550	118532770	SINE/MIR	936	-	110	118532660	24173
chr11	118508487	118708487	harbor1	chr11	118567755	118568013	SINE/MIR	671	-	129	118567884	59397
chr11	118508487	118708487	harbor1	chr11	118579018	118579218	SINE/MIR	452	-	100	118579118	70631
chr11	86572150	86772150	harbor1	chr11	86578781	86579000	SINE/MIR	436	-	110	86578891	6741
chr11	86572150	86772150	harbor1	chr11	86595333	86595525	SINE/MIR	710	-	96	86595429	23279
chr11	86572150	86772150	harbor1	chr11	86604625	86604789	SINE/MIR	427	-	82	86604707	32557
chr11	86572150	86772150	harbor1	chr11	86608951	86609162	SINE/MIR	758	-	106	86609057	36907
chr11	86572150	86772150	harbor1	chr11	86609900	86610022	SINE/MIR	411	-	61	86609961	37811
chr11	86572150	86772150	harbor1	chr11	86615340	86615478	SINE/MIR	538	-	69	86615409	43259
chr11	86572150	86772150	harbor1	chr11	86631698	86631745	SINE/MIR	442	-	24	86631722	59572
chr11	86572150	86772150	harbor1	chr11	86632033	86632161	SINE/MIR	442	-	64	86632097	59947
chr11	86572150	86772150	harbor1	chr11	86633244	86633487	SINE/MIR	874	-	122	86633366	61216
chr11	86572150	86772150	harbor1	chr11	86638627	86638878	SINE/MIR	969	-	126	86638753	66603
chr11	86572150	86772150	harbor1	chr11	86660406	86660615	SINE/MIR	497	-	104	86660510	88360
chr11	86572150	86772150	harbor1	chr11	86671294	86671500	SINE/MIR	573	-	103	86671397	99247
chr11	5134570	5334570	harbor1	chr11	5168499	5168713	SINE/MIR	452	-	107	5168606	34036
chr11	5134570	5334570	harbor1	chr11	5208088	5208308	SINE/MIR	421	-	110	5208198	73628
chr11	123313642	123513642	harbor1	chr11	123315805	123315940	SINE/MIR	450	-	68	123315873	2231
chr11	123313642	123513642	harbor1	chr11	123330000	123330201	SINE/MIR	433	-	100	123330100	16458
chr11	123313642	123513642	harbor1	chr11	123354301	123354454	SINE/MIR	544	-	76	123354377	40735
chr11	123313642	123513642	harbor1	chr11	123375026	123375263	SINE/MIR	548	-	118	123375144	61502
chr11	123313642	123513642	harbor1	chr11	123378142	123378272	SINE/MIR	409	-	65	123378207	64565
chr11	123313642	123513642	harbor1	chr11	123393089	123393235	SINE/MIR	403	-	73	123393162	79520
chr11	123313642	123513642	harbor1	chr11	123401032	123401172	SINE/MIR	548	-	70	123401102	87460
chr11	123313642	123513642	harbor1	chr11	123402427	123402635	SINE/MIR	542	-	104	123402531	88889
chr11	123313642	123513642	harbor1	chr11	123412325	123412556	SINE/MIR	647	-	116	123412441	98799
chr11	76580440	76780440	harbor1	chr11	76618259	76618488	SINE/MIR	685	-	114	76618373	37933
chr11	76580440	76780440	harbor1	chr11	76626415	76626663	SINE/MIR	607	-	124	76626539	46099
chr11	76580440	76780440	harbor1	chr11	76654307	76654444	SINE/MIR	432	-	68	76654375	73935
chr11	76580440	76780440	harbor1	chr11	76662356	76662555	SINE/MIR	416	-	100	76662456	82016
chr11	76580440	76780440	harbor1	chr11	76667118	76667344	SINE/MIR	664	-	113	76667231	86791
chr11	76580440	76780440	harbor1	chr11	76669447	76669690	SINE/MIR	689	-	122	76669569	89129
chr11	76580440	76780440	harbor1	chr11	76669704	76669860	SINE/MIR	483	-	78	76669782	89342
chr11	76580440	76780440	harbor1	chr11	76671447	76671573	SINE/MIR	403	-	63	76671510	91070
chr11	5126802	5326802	harbor1	chr11	5168499	5168713	SINE/MIR	452	-	107	5168606	41804
chr11	5126802	5326802	harbor1	chr11	5208088	5208308	SINE/MIR	421	-	110	5208198	81396
chr11	106768224	106968224	harbor1	chr11	106803594	106803760	SINE/MIR	419	-	83	106803677	35453
chr11	106768224	106968224	harbor1	chr11	106813827	106814045	SINE/MIR	452	-	109	106813936	45712
chr11	106768224	106968224	harbor1	chr11	106858424	106858600	SINE/MIR	589	-	88	106858512	90288
chr11	133733693	133933693	harbor1	chr11	133745396	133745601	SINE/MIR	437	-	102	133745498	11805
chr11	133733693	133933693	harbor1	chr11	133748170	133748368	SINE/MIR	421	-	99	133748269	14576
chr11	133733693	133933693	harbor1	chr11	133788188	133788405	SINE/MIR	513	-	108	133788296	54603
chr11	133733693	133933693	harbor1	chr11	133790116	133790317	SINE/MIR	505	-	100	133790216	56523
chr11	133733693	133933693	harbor1	chr11	133802293	133802406	SINE/MIR	490	-	56	133802349	68656
chr11	133733693	133933693	harbor1	chr11	133819853	133820096	SINE/MIR	605	-	122	133819975	86282
chr11	133733693	133933693	harbor1	chr11	133832005	133832219	SINE/MIR	453	-	107	133832112	98419
chr11	5030044	5230044	harbor1	chr11	5034263	5034457	SINE/MIR	576	-	97	5034360	4316
chr11	5030044	5230044	harbor1	chr11	5044099	5044321	SINE/MIR	449	-	111	5044210	14166
chr11	5125241	5325241	harbor1	chr11	5168499	5168713	SINE/MIR	452	-	107	5168606	43365
chr11	5125241	5325241	harbor1	chr11	5208088	5208308	SINE/MIR	421	-	110	5208198	82957
chr11	5134190	5334190	harbor1	chr11	5168499	5168713	SINE/MIR	452	-	107	5168606	34416
chr11	5134190	5334190	harbor1	chr11	5208088	5208308	SINE/MIR	421	-	110	5208198	74008
chr11	5125737	5325737	harbor1	chr11	5168499	5168713	SINE/MIR	452	-	107	5168606	42869
chr11	5125737	5325737	harbor1	chr11	5208088	5208308	SINE/MIR	421	-	110	5208198	82461
chr11	5127241	5327241	harbor1	chr11	5168499	5168713	SINE/MIR	452	-	107	5168606	41365
chr11	5127241	5327241	harbor1	chr11	5208088	5208308	SINE/MIR	421	-	110	5208198	80957
chr11	5126766	5326766	harbor1	chr11	5168499	5168713	SINE/MIR	452	-	107	5168606	41840
chr11	5126766	5326766	harbor1	chr11	5208088	5208308	SINE/MIR	421	-	110	5208198	81432
chr11	5134609	5334609	harbor1	chr11	5168499	5168713	SINE/MIR	452	-	107	5168606	33997
chr11	5134609	5334609	harbor1	chr11	5208088	5208308	SINE/MIR	421	-	110	5208198	73589
chr11	5134091	5334091	harbor1	chr11	5168499	5168713	SINE/MIR	452	-	107	5168606	34515
chr11	5134091	5334091	harbor1	chr11	5208088	5208308	SINE/MIR	421	-	110	5208198	74107
chr11	5127300	5327300	harbor1	chr11	5168499	5168713	SINE/MIR	452	-	107	5168606	41306
chr11	5127300	5327300	harbor1	chr11	5208088	5208308	SINE/MIR	421	-	110	5208198	80898
chr11	62553001	62753001	harbor1	chr11	62586193	62586338	SINE/MIR	525	-	72	62586265	33264
chr11	62553001	62753001	harbor1	chr11	62606313	62606511	SINE/MIR	452	-	99	62606412	53411
chr11	62553001	62753001	harbor1	chr11	62642861	62642998	SINE/MIR	403	-	68	62642929	89928
chr11	62553001	62753001	harbor1	chr11	62651444	62651578	SINE/MIR	415	-	67	62651511	98510
chr11	5127229	5327229	harbor1	chr11	5168499	5168713	SINE/MIR	452	-	107	5168606	41377
chr11	5127229	5327229	harbor1	chr11	5208088	5208308	SINE/MIR	421	-	110	5208198	80969
chr11	107465643	107665643	harbor1	chr11	107467478	107467643	SINE/MIR	579	-	82	107467560	1917
chr11	107465643	107665643	harbor1	chr11	107477300	107477445	SINE/MIR	535	-	72	107477372	11729
chr11	107465643	107665643	harbor1	chr11	107481778	107481978	SINE/MIR	449	-	100	107481878	16235
chr11	107465643	107665643	harbor1	chr11	107502807	107503039	SINE/MIR	704	-	116	107502923	37280
chr11	107465643	107665643	harbor1	chr11	107507517	107507688	SINE/MIR	427	-	86	107507603	41960
chr11	107465643	107665643	harbor1	chr11	107516014	107516262	SINE/MIR	523	-	124	107516138	50495
chr11	5126785	5326785	harbor1	chr11	5168499	5168713	SINE/MIR	452	-	107	5168606	41821
chr11	5126785	5326785	harbor1	chr11	5208088	5208308	SINE/MIR	421	-	110	5208198	81413
chr11	64538073	64738073	harbor1	chr11	64540293	64540500	SINE/MIR	651	-	104	64540397	2324
chr11	64538073	64738073	harbor1	chr11	64543192	64543377	SINE/MIR	638	-	92	64543284	5211
chr11	64538073	64738073	harbor1	chr11	64557177	64557329	SINE/MIR	520	-	76	64557253	19180
chr11	64538073	64738073	harbor1	chr11	64561288	64561445	SINE/MIR	627	-	78	64561366	23293
chr11	64538073	64738073	harbor1	chr11	64563230	64563432	SINE/MIR	579	-	101	64563331	25258
chr11	64538073	64738073	harbor1	chr11	64570628	64570778	SINE/MIR	406	-	75	64570703	32630
chr11	64538073	64738073	harbor1	chr11	64580231	64580483	SINE/MIR	955	-	126	64580357	42284
chr11	64538073	64738073	harbor1	chr11	64602483	64602722	SINE/MIR	699	-	120	64602603	64530
chr11	64538073	64738073	harbor1	chr11	64624891	64625044	SINE/MIR	403	-	76	64624967	86894
chr11	64538073	64738073	harbor1	chr11	64628130	64628358	SINE/MIR	677	-	114	64628244	90171
chr11	64538073	64738073	harbor1	chr11	64631497	64631698	SINE/MIR	589	-	100	64631597	93524
chr11	64538073	64738073	harbor1	chr11	64633348	64633522	SINE/MIR	491	-	87	64633435	95362
chr11	5127144	5327144	harbor1	chr11	5168499	5168713	SINE/MIR	452	-	107	5168606	41462
chr11	5127144	5327144	harbor1	chr11	5208088	5208308	SINE/MIR	421	-	110	5208198	81054
chr11	5127200	5327200	harbor1	chr11	5168499	5168713	SINE/MIR	452	-	107	5168606	41406
chr11	5127200	5327200	harbor1	chr11	5208088	5208308	SINE/MIR	421	-	110	5208198	80998
chr11	117886632	118086632	harbor1	chr11	117887268	117887492	SINE/MIR	948	-	112	117887380	748
chr11	117886632	118086632	harbor1	chr11	117897521	117897736	SINE/MIR	593	-	108	117897629	10997
chr11	117886632	118086632	harbor1	chr11	117904380	117904559	SINE/MIR	415	-	90	117904470	17838
chr11	117886632	118086632	harbor1	chr11	117915923	117916061	SINE/MIR	436	-	69	117915992	29360
chr11	117886632	118086632	harbor1	chr11	117916838	117916982	SINE/MIR	418	-	72	117916910	30278
chr11	117886632	118086632	harbor1	chr11	117917497	117917703	SINE/MIR	641	-	103	117917600	30968
chr11	117886632	118086632	harbor1	chr11	117919638	117919849	SINE/MIR	444	-	106	117919744	33112
chr11	117886632	118086632	harbor1	chr11	117921034	117921195	SINE/MIR	578	-	80	117921114	34482
chr11	117886632	118086632	harbor1	chr11	117924020	117924062	SINE/MIR	520	-	21	117924041	37409
chr11	117886632	118086632	harbor1	chr11	117924206	117924357	SINE/MIR	520	-	76	117924282	37650
chr11	117886632	118086632	harbor1	chr11	117926890	117926964	SINE/MIR	485	-	37	117926927	40295
chr11	117886632	118086632	harbor1	chr11	117927341	117927411	SINE/MIR	485	-	35	117927376	40744
chr11	117886632	118086632	harbor1	chr11	117939260	117939352	SINE/MIR	434	-	46	117939306	52674
chr11	117886632	118086632	harbor1	chr11	117939653	117939784	SINE/MIR	434	-	66	117939719	53087
chr11	117886632	118086632	harbor1	chr11	117949617	117949821	SINE/MIR	702	-	102	117949719	63087
chr11	117886632	118086632	harbor1	chr11	117969056	117969186	SINE/MIR	486	-	65	117969121	82489
chr11	117886632	118086632	harbor1	chr11	117969908	117970029	SINE/MIR	505	-	60	117969968	83336
chr11	117886632	118086632	harbor1	chr11	117975920	117976131	SINE/MIR	499	-	106	117976026	89394
chr11	5103484	5303484	harbor1	chr11	5168499	5168713	SINE/MIR	452	-	107	5168606	65122
chr11	69539230	69739230	harbor1	chr11	69563639	69563811	SINE/MIR	658	-	86	69563725	24495
chr11	69539230	69739230	harbor1	chr11	69628102	69628323	SINE/MIR	559	-	110	69628212	88982
chr11	69539230	69739230	harbor1	chr11	69635335	69635476	SINE/MIR	445	-	70	69635405	96175
chr11	5127304	5327304	harbor1	chr11	5168499	5168713	SINE/MIR	452	-	107	5168606	41302
chr11	5127304	5327304	harbor1	chr11	5208088	5208308	SINE/MIR	421	-	110	5208198	80894
chr11	6512326	6712326	harbor1	chr11	6550080	6550310	SINE/MIR	536	-	115	6550195	37869
chr11	6512326	6712326	harbor1	chr11	6565421	6565601	SINE/MIR	880	-	90	6565511	53185
chr11	6512326	6712326	harbor1	chr11	6577797	6577954	SINE/MIR	768	-	78	6577875	65549
chr11	6512326	6712326	harbor1	chr11	6599253	6599466	SINE/MIR	618	-	106	6599359	87033
chr11	57394202	57594202	harbor1	chr11	57399226	57399440	SINE/MIR	405	-	107	57399333	5131
chr11	57394202	57594202	harbor1	chr11	57401408	57401612	SINE/MIR	601	-	102	57401510	7308
chr11	57394202	57594202	harbor1	chr11	57406459	57406636	SINE/MIR	442	-	88	57406547	12345
chr11	57394202	57594202	harbor1	chr11	57419350	57419499	SINE/MIR	409	-	74	57419424	25222
chr11	57394202	57594202	harbor1	chr11	57431444	57431655	SINE/MIR	419	-	106	57431550	37348
chr11	57394202	57594202	harbor1	chr11	57431968	57431994	SINE/MIR	419	-	13	57431981	37779
chr11	57394202	57594202	harbor1	chr11	57433183	57433432	SINE/MIR	843	-	124	57433307	39105
chr11	57394202	57594202	harbor1	chr11	57473229	57473352	SINE/MIR	494	-	62	57473291	79089
chr11	57394202	57594202	harbor1	chr11	57475101	57475336	SINE/MIR	509	-	118	57475219	81017
chr11	57394202	57594202	harbor1	chr11	57475356	57475506	SINE/MIR	485	-	75	57475431	81229
chr11	57394202	57594202	harbor1	chr11	57475562	57475778	SINE/MIR	485	-	108	57475670	81468
chr11	57394202	57594202	harbor1	chr11	57493084	57493271	SINE/MIR	559	-	94	57493178	98976
chr11	57394202	57594202	harbor1	chr11	57493289	57493524	SINE/MIR	561	-	118	57493407	99205
chr11	6201318	6401318	harbor1	chr11	6227173	6227381	SINE/MIR	698	-	104	6227277	25959
chr11	6201318	6401318	harbor1	chr11	6242082	6242261	SINE/MIR	814	-	90	6242172	40854
chr11	6201318	6401318	harbor1	chr11	6249696	6249874	SINE/MIR	492	-	89	6249785	48467
chr11	6201318	6401318	harbor1	chr11	6278601	6278679	SINE/MIR	412	-	39	6278640	77322
chr11	70734522	70934522	harbor1	chr11	70816190	70816335	SINE/MIR	407	-	72	70816262	81740
chr11	46138065	46338065	harbor1	chr11	46163780	46164025	SINE/MIR	577	-	122	46163902	25837
chr11	46138065	46338065	harbor1	chr11	46216085	46216264	SINE/MIR	495	-	90	46216175	78110
chr11	46138065	46338065	harbor1	chr11	46222942	46223186	SINE/MIR	701	-	122	46223064	84999
chr11	46138065	46338065	harbor1	chr11	46234050	46234237	SINE/MIR	409	-	94	46234144	96079
chr11	46138065	46338065	harbor1	chr11	46235345	46235489	SINE/MIR	401	-	72	46235417	97352
chr11	57246770	57446770	harbor1	chr11	57247326	57247517	SINE/MIR	475	-	96	57247422	652
chr11	57246770	57446770	harbor1	chr11	57248566	57248786	SINE/MIR	513	-	110	57248676	1906
chr11	57246770	57446770	harbor1	chr11	57269117	57269296	SINE/MIR	539	-	90	57269207	22437
chr11	57246770	57446770	harbor1	chr11	57271127	57271298	SINE/MIR	576	-	86	57271213	24443
chr11	57246770	57446770	harbor1	chr11	57276243	57276434	SINE/MIR	535	-	96	57276339	29569
chr11	57246770	57446770	harbor1	chr11	57277198	57277362	SINE/MIR	425	-	82	57277280	30510
chr11	57246770	57446770	harbor1	chr11	57280773	57281014	SINE/MIR	582	-	120	57280893	34123
chr11	57246770	57446770	harbor1	chr11	57290292	57290517	SINE/MIR	640	-	112	57290404	43634
chr11	57246770	57446770	harbor1	chr11	57311894	57312142	SINE/MIR	783	-	124	57312018	65248
chr11	57246770	57446770	harbor1	chr11	57336523	57336710	SINE/MIR	517	-	94	57336617	89847
chr11	57383305	57583305	harbor1	chr11	57384394	57384638	SINE/MIR	483	-	122	57384516	1211
chr11	57383305	57583305	harbor1	chr11	57399226	57399440	SINE/MIR	405	-	107	57399333	16028
chr11	57383305	57583305	harbor1	chr11	57401408	57401612	SINE/MIR	601	-	102	57401510	18205
chr11	57383305	57583305	harbor1	chr11	57406459	57406636	SINE/MIR	442	-	88	57406547	23242
chr11	57383305	57583305	harbor1	chr11	57419350	57419499	SINE/MIR	409	-	74	57419424	36119
chr11	57383305	57583305	harbor1	chr11	57431444	57431655	SINE/MIR	419	-	106	57431550	48245
chr11	57383305	57583305	harbor1	chr11	57431968	57431994	SINE/MIR	419	-	13	57431981	48676
chr11	57383305	57583305	harbor1	chr11	57433183	57433432	SINE/MIR	843	-	124	57433307	50002
chr11	57383305	57583305	harbor1	chr11	57473229	57473352	SINE/MIR	494	-	62	57473291	89986
chr11	57383305	57583305	harbor1	chr11	57475101	57475336	SINE/MIR	509	-	118	57475219	91914
chr11	57383305	57583305	harbor1	chr11	57475356	57475506	SINE/MIR	485	-	75	57475431	92126
chr11	57383305	57583305	harbor1	chr11	57475562	57475778	SINE/MIR	485	-	108	57475670	92365
chr11	12139700	12339700	harbor1	chr11	12141923	12142114	SINE/MIR	603	-	96	12142019	2319
chr11	12139700	12339700	harbor1	chr11	12142672	12142881	SINE/MIR	575	-	104	12142776	3076
chr11	12139700	12339700	harbor1	chr11	12148877	12149079	SINE/MIR	668	-	101	12148978	9278
chr11	12139700	12339700	harbor1	chr11	12158380	12158433	SINE/MIR	650	-	26	12158406	18706
chr11	12139700	12339700	harbor1	chr11	12158773	12158893	SINE/MIR	650	-	60	12158833	19133
chr11	12139700	12339700	harbor1	chr11	12180545	12180756	SINE/MIR	774	-	106	12180651	40951
chr11	12139700	12339700	harbor1	chr11	12192838	12193020	SINE/MIR	496	-	91	12192929	53229
chr11	12139700	12339700	harbor1	chr11	12218937	12219178	SINE/MIR	598	-	120	12219057	79357
chr11	12139700	12339700	harbor1	chr11	12232237	12232425	SINE/MIR	650	-	94	12232331	92631
chr11	12139700	12339700	harbor1	chr11	12233147	12233335	SINE/MIR	505	-	94	12233241	93541
chr11	12139700	12339700	harbor1	chr11	12239056	12239229	SINE/MIR	488	-	86	12239142	99442
chr11	6512331	6712331	harbor1	chr11	6550080	6550310	SINE/MIR	536	-	115	6550195	37864
chr11	6512331	6712331	harbor1	chr11	6565421	6565601	SINE/MIR	880	-	90	6565511	53180
chr11	6512331	6712331	harbor1	chr11	6577797	6577954	SINE/MIR	768	-	78	6577875	65544
chr11	6512331	6712331	harbor1	chr11	6599253	6599466	SINE/MIR	618	-	106	6599359	87028
chr11	107914515	108114515	harbor1	chr11	107919996	107920129	SINE/MIR	550	-	66	107920062	5547
chr11	68332127	68532127	harbor1	chr11	68387417	68387583	SINE/MIR	444	-	83	68387500	55373
chr11	68332127	68532127	harbor1	chr11	68410308	68410560	SINE/MIR	543	-	126	68410434	78307
chr11	68332127	68532127	harbor1	chr11	68414287	68414510	SINE/MIR	621	-	112	68414399	82272
chr11	68332127	68532127	harbor1	chr11	68414693	68414927	SINE/MIR	415	-	117	68414810	82683
chr11	64537994	64737994	harbor1	chr11	64540293	64540500	SINE/MIR	651	-	104	64540397	2403
chr11	64537994	64737994	harbor1	chr11	64543192	64543377	SINE/MIR	638	-	92	64543284	5290
chr11	64537994	64737994	harbor1	chr11	64557177	64557329	SINE/MIR	520	-	76	64557253	19259
chr11	64537994	64737994	harbor1	chr11	64561288	64561445	SINE/MIR	627	-	78	64561366	23372
chr11	64537994	64737994	harbor1	chr11	64563230	64563432	SINE/MIR	579	-	101	64563331	25337
chr11	64537994	64737994	harbor1	chr11	64570628	64570778	SINE/MIR	406	-	75	64570703	32709
chr11	64537994	64737994	harbor1	chr11	64580231	64580483	SINE/MIR	955	-	126	64580357	42363
chr11	64537994	64737994	harbor1	chr11	64602483	64602722	SINE/MIR	699	-	120	64602603	64609
chr11	64537994	64737994	harbor1	chr11	64624891	64625044	SINE/MIR	403	-	76	64624967	86973
chr11	64537994	64737994	harbor1	chr11	64628130	64628358	SINE/MIR	677	-	114	64628244	90250
chr11	64537994	64737994	harbor1	chr11	64631497	64631698	SINE/MIR	589	-	100	64631597	93603
chr11	64537994	64737994	harbor1	chr11	64633348	64633522	SINE/MIR	491	-	87	64633435	95441
chr11	76580499	76780499	harbor1	chr11	76618259	76618488	SINE/MIR	685	-	114	76618373	37874
chr11	76580499	76780499	harbor1	chr11	76626415	76626663	SINE/MIR	607	-	124	76626539	46040
chr11	76580499	76780499	harbor1	chr11	76654307	76654444	SINE/MIR	432	-	68	76654375	73876
chr11	76580499	76780499	harbor1	chr11	76662356	76662555	SINE/MIR	416	-	100	76662456	81957
chr11	76580499	76780499	harbor1	chr11	76667118	76667344	SINE/MIR	664	-	113	76667231	86732
chr11	76580499	76780499	harbor1	chr11	76669447	76669690	SINE/MIR	689	-	122	76669569	89070
chr11	76580499	76780499	harbor1	chr11	76669704	76669860	SINE/MIR	483	-	78	76669782	89283
chr11	76580499	76780499	harbor1	chr11	76671447	76671573	SINE/MIR	403	-	63	76671510	91011
chr11	76580347	76780347	harbor1	chr11	76618259	76618488	SINE/MIR	685	-	114	76618373	38026
chr11	76580347	76780347	harbor1	chr11	76626415	76626663	SINE/MIR	607	-	124	76626539	46192
chr11	76580347	76780347	harbor1	chr11	76654307	76654444	SINE/MIR	432	-	68	76654375	74028
chr11	76580347	76780347	harbor1	chr11	76662356	76662555	SINE/MIR	416	-	100	76662456	82109
chr11	76580347	76780347	harbor1	chr11	76667118	76667344	SINE/MIR	664	-	113	76667231	86884
chr11	76580347	76780347	harbor1	chr11	76669447	76669690	SINE/MIR	689	-	122	76669569	89222
chr11	76580347	76780347	harbor1	chr11	76669704	76669860	SINE/MIR	483	-	78	76669782	89435
chr11	76580347	76780347	harbor1	chr11	76671447	76671573	SINE/MIR	403	-	63	76671510	91163
chr11	34936228	35136228	harbor1	chr11	34954759	34954947	SINE/MIR	840	-	94	34954853	18625
chr11	34936228	35136228	harbor1	chr11	34986914	34987144	SINE/MIR	480	-	115	34987029	50801
chr11	34936228	35136228	harbor1	chr11	34988251	34988475	SINE/MIR	518	-	112	34988363	52135
chr11	34936228	35136228	harbor1	chr11	35002859	35003101	SINE/MIR	657	-	121	35002980	66752
chr11	34936228	35136228	harbor1	chr11	35015537	35015721	SINE/MIR	562	-	92	35015629	79401
chr11	34936228	35136228	harbor1	chr11	35030327	35030525	SINE/MIR	457	-	99	35030426	94198
chr11	5127117	5327117	harbor1	chr11	5168499	5168713	SINE/MIR	452	-	107	5168606	41489
chr11	5127117	5327117	harbor1	chr11	5208088	5208308	SINE/MIR	421	-	110	5208198	81081
chr11	76580972	76780972	harbor1	chr11	76618259	76618488	SINE/MIR	685	-	114	76618373	37401
chr11	76580972	76780972	harbor1	chr11	76626415	76626663	SINE/MIR	607	-	124	76626539	45567
chr11	76580972	76780972	harbor1	chr11	76654307	76654444	SINE/MIR	432	-	68	76654375	73403
chr11	76580972	76780972	harbor1	chr11	76662356	76662555	SINE/MIR	416	-	100	76662456	81484
chr11	76580972	76780972	harbor1	chr11	76667118	76667344	SINE/MIR	664	-	113	76667231	86259
chr11	76580972	76780972	harbor1	chr11	76669447	76669690	SINE/MIR	689	-	122	76669569	88597
chr11	76580972	76780972	harbor1	chr11	76669704	76669860	SINE/MIR	483	-	78	76669782	88810
chr11	76580972	76780972	harbor1	chr11	76671447	76671573	SINE/MIR	403	-	63	76671510	90538
chr11	5134657	5334657	harbor1	chr11	5168499	5168713	SINE/MIR	452	-	107	5168606	33949
chr11	5134657	5334657	harbor1	chr11	5208088	5208308	SINE/MIR	421	-	110	5208198	73541
chr11	3044411	3244411	harbor1	chr11	3124063	3124258	SINE/MIR	658	-	98	3124161	79750
chr11	3044411	3244411	harbor1	chr11	3128590	3128727	SINE/MIR	447	-	68	3128658	84247
chr11	6201420	6401420	harbor1	chr11	6227173	6227381	SINE/MIR	698	-	104	6227277	25857
chr11	6201420	6401420	harbor1	chr11	6242082	6242261	SINE/MIR	814	-	90	6242172	40752
chr11	6201420	6401420	harbor1	chr11	6249696	6249874	SINE/MIR	492	-	89	6249785	48365
chr11	6201420	6401420	harbor1	chr11	6278601	6278679	SINE/MIR	412	-	39	6278640	77220
chr11	119643264	119843264	harbor1	chr11	119643297	119643474	SINE/MIR	497	-	88	119643385	121
chr11	119643264	119843264	harbor1	chr11	119646511	119646738	SINE/MIR	431	-	114	119646625	3361
chr11	119643264	119843264	harbor1	chr11	119673504	119673666	SINE/MIR	502	-	81	119673585	30321
chr11	119643264	119843264	harbor1	chr11	119692613	119692835	SINE/MIR	703	-	111	119692724	49460
chr11	119643264	119843264	harbor1	chr11	119697542	119697770	SINE/MIR	486	-	114	119697656	54392
chr11	119643264	119843264	harbor1	chr11	119699682	119699868	SINE/MIR	435	-	93	119699775	56511
chr11	119643264	119843264	harbor1	chr11	119722863	119722970	SINE/MIR	582	-	54	119722917	79653
chr11	119643264	119843264	harbor1	chr11	119723242	119723358	SINE/MIR	582	-	58	119723300	80036
chr11	119643264	119843264	harbor1	chr11	119738986	119739120	SINE/MIR	550	-	67	119739053	95789
chr11	5127276	5327276	harbor1	chr11	5168499	5168713	SINE/MIR	452	-	107	5168606	41330
chr11	5127276	5327276	harbor1	chr11	5208088	5208308	SINE/MIR	421	-	110	5208198	80922
chr11	19099393	19299393	harbor1	chr11	19109239	19109371	SINE/MIR	447	-	66	19109305	9912
chr11	19099393	19299393	harbor1	chr11	19114262	19114521	SINE/MIR	843	-	130	19114392	14999
chr11	19099393	19299393	harbor1	chr11	19116660	19116858	SINE/MIR	769	-	99	19116759	17366
chr11	19099393	19299393	harbor1	chr11	19118737	19118914	SINE/MIR	653	-	88	19118825	19432
chr11	19099393	19299393	harbor1	chr11	19165260	19165488	SINE/MIR	455	-	114	19165374	65981
chr11	19099393	19299393	harbor1	chr11	19170795	19170967	SINE/MIR	458	-	86	19170881	71488
chr11	19099393	19299393	harbor1	chr11	19191086	19191248	SINE/MIR	535	-	81	19191167	91774
chr11	19099393	19299393	harbor1	chr11	19197917	19198077	SINE/MIR	534	-	80	19197997	98604
chr11	19099393	19299393	harbor1	chr11	19198077	19198279	SINE/MIR	523	-	101	19198178	98785
chr11	5134554	5334554	harbor1	chr11	5168499	5168713	SINE/MIR	452	-	107	5168606	34052
chr11	5134554	5334554	harbor1	chr11	5208088	5208308	SINE/MIR	421	-	110	5208198	73644
chr11	6201346	6401346	harbor1	chr11	6227173	6227381	SINE/MIR	698	-	104	6227277	25931
chr11	6201346	6401346	harbor1	chr11	6242082	6242261	SINE/MIR	814	-	90	6242172	40826
chr11	6201346	6401346	harbor1	chr11	6249696	6249874	SINE/MIR	492	-	89	6249785	48439
chr11	6201346	6401346	harbor1	chr11	6278601	6278679	SINE/MIR	412	-	39	6278640	77294
chr11	5134601	5334601	harbor1	chr11	5168499	5168713	SINE/MIR	452	-	107	5168606	34005
chr11	5134601	5334601	harbor1	chr11	5208088	5208308	SINE/MIR	421	-	110	5208198	73597
chr11	5036924	5236924	harbor1	chr11	5044099	5044321	SINE/MIR	449	-	111	5044210	7286
chr11	70734529	70934529	harbor1	chr11	70816190	70816335	SINE/MIR	407	-	72	70816262	81733
chr11	67369231	67569231	harbor1	chr11	67378100	67378141	SINE/MIR	629	-	20	67378120	8889
chr11	67369231	67569231	harbor1	chr11	67378452	67378639	SINE/MIR	629	-	94	67378546	9315
chr11	67369231	67569231	harbor1	chr11	67382306	67382531	SINE/MIR	405	-	112	67382418	13187
chr11	67369231	67569231	harbor1	chr11	67418110	67418229	SINE/MIR	409	-	60	67418170	48939
chr11	67369231	67569231	harbor1	chr11	67448600	67448762	SINE/MIR	610	-	81	67448681	79450
chr11	5127104	5327104	harbor1	chr11	5168499	5168713	SINE/MIR	452	-	107	5168606	41502
chr11	5127104	5327104	harbor1	chr11	5208088	5208308	SINE/MIR	421	-	110	5208198	81094
chr11	66158708	66358708	harbor1	chr11	66166787	66166921	SINE/MIR	459	-	67	66166854	8146
chr11	66158708	66358708	harbor1	chr11	66242616	66242783	SINE/MIR	484	-	84	66242700	83992
chr11	66158708	66358708	harbor1	chr11	66252215	66252276	SINE/MIR	488	-	30	66252245	93537
chr11	66158708	66358708	harbor1	chr11	66252563	66252747	SINE/MIR	488	-	92	66252655	93947
chr11	5127078	5327078	harbor1	chr11	5168499	5168713	SINE/MIR	452	-	107	5168606	41528
chr11	5127078	5327078	harbor1	chr11	5208088	5208308	SINE/MIR	421	-	110	5208198	81120
chr11	70734576	70934576	harbor1	chr11	70816190	70816335	SINE/MIR	407	-	72	70816262	81686
chr11	22725288	22925288	harbor1	chr11	22734612	22734849	SINE/MIR	439	-	118	22734730	9442
chr11	22725288	22925288	harbor1	chr11	22761687	22761893	SINE/MIR	567	-	103	22761790	36502
chr11	22725288	22925288	harbor1	chr11	22798277	22798445	SINE/MIR	503	-	84	22798361	73073
chr11	5132790	5332790	harbor1	chr11	5168499	5168713	SINE/MIR	452	-	107	5168606	35816
chr11	5132790	5332790	harbor1	chr11	5208088	5208308	SINE/MIR	421	-	110	5208198	75408
chr11	75668477	75868477	harbor1	chr11	75700787	75701000	SINE/MIR	488	-	106	75700893	32416
chr11	75668477	75868477	harbor1	chr11	75729195	75729286	SINE/MIR	652	-	46	75729241	60764
chr11	75668477	75868477	harbor1	chr11	75729575	75729708	SINE/MIR	652	-	66	75729641	61164
chr11	75668477	75868477	harbor1	chr11	75737741	75737839	SINE/MIR	419	-	49	75737790	69313
chr11	75668477	75868477	harbor1	chr11	75766526	75766728	SINE/MIR	443	-	101	75766627	98150
chr11	75668477	75868477	harbor1	chr11	75767851	75767991	SINE/MIR	594	-	70	75767921	99444
chr11	5134186	5334186	harbor1	chr11	5168499	5168713	SINE/MIR	452	-	107	5168606	34420
chr11	5134186	5334186	harbor1	chr11	5208088	5208308	SINE/MIR	421	-	110	5208198	74012
chr11	4514263	4714263	harbor1	chr11	4547065	4547292	SINE/MIR	455	-	114	4547179	32916
chr11	4514263	4714263	harbor1	chr11	4584955	4585206	SINE/MIR	639	-	126	4585081	70818
chr11	4514263	4714263	harbor1	chr11	4592152	4592401	SINE/MIR	614	-	124	4592276	78013
chr11	4514263	4714263	harbor1	chr11	4603943	4604097	SINE/MIR	430	-	77	4604020	89757
chr11	4514263	4714263	harbor1	chr11	4606607	4606734	SINE/MIR	468	-	64	4606671	92408
chr11	73042808	73242808	harbor1	chr11	73105001	73105180	SINE/MIR	473	-	90	73105091	62283
chr11	73042808	73242808	harbor1	chr11	73117130	73117368	SINE/MIR	650	-	119	73117249	74441
chr11	73042808	73242808	harbor1	chr11	73118718	73118918	SINE/MIR	470	-	100	73118818	76010
chr11	73042808	73242808	harbor1	chr11	73132326	73132498	SINE/MIR	499	-	86	73132412	89604
chr11	5126808	5326808	harbor1	chr11	5168499	5168713	SINE/MIR	452	-	107	5168606	41798
chr11	5126808	5326808	harbor1	chr11	5208088	5208308	SINE/MIR	421	-	110	5208198	81390
chr11	69539219	69739219	harbor1	chr11	69563639	69563811	SINE/MIR	658	-	86	69563725	24506
chr11	69539219	69739219	harbor1	chr11	69628102	69628323	SINE/MIR	559	-	110	69628212	88993
chr11	69539219	69739219	harbor1	chr11	69635335	69635476	SINE/MIR	445	-	70	69635405	96186
chr11	66808278	67008278	harbor1	chr11	66834095	66834288	SINE/MIR	501	-	96	66834191	25913
chr11	66808278	67008278	harbor1	chr11	66839202	66839397	SINE/MIR	895	-	98	66839300	31022
chr11	76581035	76781035	harbor1	chr11	76618259	76618488	SINE/MIR	685	-	114	76618373	37338
chr11	76581035	76781035	harbor1	chr11	76626415	76626663	SINE/MIR	607	-	124	76626539	45504
chr11	76581035	76781035	harbor1	chr11	76654307	76654444	SINE/MIR	432	-	68	76654375	73340
chr11	76581035	76781035	harbor1	chr11	76662356	76662555	SINE/MIR	416	-	100	76662456	81421
chr11	76581035	76781035	harbor1	chr11	76667118	76667344	SINE/MIR	664	-	113	76667231	86196
chr11	76581035	76781035	harbor1	chr11	76669447	76669690	SINE/MIR	689	-	122	76669569	88534
chr11	76581035	76781035	harbor1	chr11	76669704	76669860	SINE/MIR	483	-	78	76669782	88747
chr11	76581035	76781035	harbor1	chr11	76671447	76671573	SINE/MIR	403	-	63	76671510	90475
chr11	305556	505556	harbor1	chr11	345914	346166	SINE/MIR	726	-	126	346040	40484
chr11	32073529	32273529	harbor1	chr11	32094696	32094835	SINE/MIR	523	-	70	32094766	21237
chr11	32073529	32273529	harbor1	chr11	32114501	32114720	SINE/MIR	523	-	110	32114611	41082
chr11	32073529	32273529	harbor1	chr11	32125088	32125230	SINE/MIR	511	-	71	32125159	51630
chr11	32073529	32273529	harbor1	chr11	32150765	32150880	SINE/MIR	481	-	58	32150823	77294
chr11	5127131	5327131	harbor1	chr11	5168499	5168713	SINE/MIR	452	-	107	5168606	41475
chr11	5127131	5327131	harbor1	chr11	5208088	5208308	SINE/MIR	421	-	110	5208198	81067
chr11	65513352	65713352	harbor1	chr11	65568117	65568244	SINE/MIR	427	-	64	65568181	54829
chr11	65513352	65713352	harbor1	chr11	65608580	65608604	SINE/MIR	415	-	12	65608592	95240
chr11	65513352	65713352	harbor1	chr11	65608910	65609105	SINE/MIR	415	-	98	65609008	95656
chr11	63803202	64003202	harbor1	chr11	63869943	63870069	SINE/MIR	414	-	63	63870006	66804
chr11	63803202	64003202	harbor1	chr11	63883513	63883576	SINE/MIR	544	-	32	63883545	80343
chr11	63803202	64003202	harbor1	chr11	63883887	63884020	SINE/MIR	544	-	66	63883953	80751
chr11	69539220	69739220	harbor1	chr11	69563639	69563811	SINE/MIR	658	-	86	69563725	24505
chr11	69539220	69739220	harbor1	chr11	69628102	69628323	SINE/MIR	559	-	110	69628212	88992
chr11	69539220	69739220	harbor1	chr11	69635335	69635476	SINE/MIR	445	-	70	69635405	96185
chr11	5125969	5325969	harbor1	chr11	5168499	5168713	SINE/MIR	452	-	107	5168606	42637
chr11	5125969	5325969	harbor1	chr11	5208088	5208308	SINE/MIR	421	-	110	5208198	82229
chr11	68332185	68532185	harbor1	chr11	68387417	68387583	SINE/MIR	444	-	83	68387500	55315
chr11	68332185	68532185	harbor1	chr11	68410308	68410560	SINE/MIR	543	-	126	68410434	78249
chr11	68332185	68532185	harbor1	chr11	68414287	68414510	SINE/MIR	621	-	112	68414399	82214
chr11	68332185	68532185	harbor1	chr11	68414693	68414927	SINE/MIR	415	-	117	68414810	82625
chr11	72610267	72810267	harbor1	chr11	72611230	72611369	SINE/MIR	462	-	70	72611300	1033
chr11	72610267	72810267	harbor1	chr11	72628631	72628794	SINE/MIR	479	-	82	72628713	18446
chr11	72610267	72810267	harbor1	chr11	72645784	72645974	SINE/MIR	606	-	95	72645879	35612
chr11	72610267	72810267	harbor1	chr11	72646298	72646517	SINE/MIR	579	-	110	72646408	36141
chr11	72610267	72810267	harbor1	chr11	72652617	72652803	SINE/MIR	544	-	93	72652710	42443
chr11	72610267	72810267	harbor1	chr11	72658997	72659202	SINE/MIR	577	-	102	72659099	48832
chr11	72610267	72810267	harbor1	chr11	72660513	72660700	SINE/MIR	569	-	94	72660607	50340
chr11	72610267	72810267	harbor1	chr11	72668994	72669247	SINE/MIR	461	-	126	72669120	58853
chr11	72610267	72810267	harbor1	chr11	72682535	72682707	SINE/MIR	531	-	86	72682621	72354
chr11	72610267	72810267	harbor1	chr11	72709208	72709371	SINE/MIR	492	-	82	72709290	99023
chr11	682053	882053	harbor1	chr11	686599	686782	SINE/MIR	500	-	92	686691	4638
chr11	2062911	2262911	harbor1	chr11	2153893	2154087	SINE/MIR	507	-	97	2153990	91079
chr11	3125267	3325267	harbor1	chr11	3128590	3128727	SINE/MIR	447	-	68	3128658	3391
chr11	3125267	3325267	harbor1	chr11	3168181	3168321	SINE/MIR	436	-	70	3168251	42984
chr11	3125267	3325267	harbor1	chr11	3174855	3175005	SINE/MIR	534	-	75	3174930	49663
chr11	3125267	3325267	harbor1	chr11	3198699	3198922	SINE/MIR	543	-	112	3198811	73544
chr11	47075637	47275637	harbor1	chr11	47081412	47081580	SINE/MIR	498	-	84	47081496	5859
chr11	47075637	47275637	harbor1	chr11	47090617	47090757	SINE/MIR	622	-	70	47090687	15050
chr11	47075637	47275637	harbor1	chr11	47091076	47091109	SINE/MIR	622	-	16	47091092	15455
chr11	47075637	47275637	harbor1	chr11	47091388	47091456	SINE/MIR	622	-	34	47091422	15785
chr11	47075637	47275637	harbor1	chr11	47105538	47105774	SINE/MIR	874	-	118	47105656	30019
chr11	47075637	47275637	harbor1	chr11	47119911	47120051	SINE/MIR	462	-	70	47119981	44344
chr11	47075637	47275637	harbor1	chr11	47132423	47132677	SINE/MIR	681	-	127	47132550	56913
chr11	47075637	47275637	harbor1	chr11	47132942	47133172	SINE/MIR	855	-	115	47133057	57420
chr11	47075637	47275637	harbor1	chr11	47135216	47135421	SINE/MIR	816	-	102	47135318	59681
chr11	47075637	47275637	harbor1	chr11	47148703	47148933	SINE/MIR	465	-	115	47148818	73181
chr11	47075637	47275637	harbor1	chr11	47172031	47172274	SINE/MIR	457	-	122	47172153	96516
chr11	47075637	47275637	harbor1	chr11	47174106	47174281	SINE/MIR	497	-	88	47174194	98557
chr11	5126984	5326984	harbor1	chr11	5168499	5168713	SINE/MIR	452	-	107	5168606	41622
chr11	5126984	5326984	harbor1	chr11	5208088	5208308	SINE/MIR	421	-	110	5208198	81214
chr11	69498462	69698462	harbor1	chr11	69514869	69515024	SINE/MIR	415	-	78	69514947	16485
chr11	69498462	69698462	harbor1	chr11	69563639	69563811	SINE/MIR	658	-	86	69563725	65263
chr11	5127187	5327187	harbor1	chr11	5168499	5168713	SINE/MIR	452	-	107	5168606	41419
chr11	5127187	5327187	harbor1	chr11	5208088	5208308	SINE/MIR	421	-	110	5208198	81011
chr11	65969885	66169885	harbor1	chr11	65999001	65999223	SINE/MIR	455	-	111	65999112	29227
chr11	65969885	66169885	harbor1	chr11	66004765	66004940	SINE/MIR	441	-	88	66004853	34968
chr11	65969885	66169885	harbor1	chr11	66011552	66011710	SINE/MIR	556	-	79	66011631	41746
chr11	65969885	66169885	harbor1	chr11	66028213	66028389	SINE/MIR	410	-	88	66028301	58416
chr11	65969885	66169885	harbor1	chr11	66046024	66046252	SINE/MIR	738	-	114	66046138	76253
chr11	65969885	66169885	harbor1	chr11	66058495	66058685	SINE/MIR	496	-	95	66058590	88705
chr11	69575154	69775154	harbor1	chr11	69628102	69628323	SINE/MIR	559	-	110	69628212	53058
chr11	69575154	69775154	harbor1	chr11	69635335	69635476	SINE/MIR	445	-	70	69635405	60251
chr11	31723675	31923675	harbor1	chr11	31723551	31723745	SINE/MIR	648	-	97	31723648	27
chr11	31723675	31923675	harbor1	chr11	31778567	31778767	SINE/MIR	609	-	100	31778667	54992
chr11	33157309	33357309	harbor1	chr11	33203650	33203799	SINE/MIR	470	-	74	33203724	46415
chr11	33157309	33357309	harbor1	chr11	33207366	33207525	SINE/MIR	457	-	80	33207446	50137
chr11	33157309	33357309	harbor1	chr11	33241896	33242019	SINE/MIR	431	-	62	33241958	84649
chr11	77964208	78164208	harbor1	chr11	78032434	78032607	SINE/MIR	499	-	86	78032520	68312
chr11	77964208	78164208	harbor1	chr11	78036354	78036572	SINE/MIR	823	-	109	78036463	72255
chr11	77964208	78164208	harbor1	chr11	78036947	78037102	SINE/MIR	491	-	78	78037025	72817
chr11	6512394	6712394	harbor1	chr11	6550080	6550310	SINE/MIR	536	-	115	6550195	37801
chr11	6512394	6712394	harbor1	chr11	6565421	6565601	SINE/MIR	880	-	90	6565511	53117
chr11	6512394	6712394	harbor1	chr11	6577797	6577954	SINE/MIR	768	-	78	6577875	65481
chr11	6512394	6712394	harbor1	chr11	6599253	6599466	SINE/MIR	618	-	106	6599359	86965
chr11	64537959	64737959	harbor1	chr11	64540293	64540500	SINE/MIR	651	-	104	64540397	2438
chr11	64537959	64737959	harbor1	chr11	64543192	64543377	SINE/MIR	638	-	92	64543284	5325
chr11	64537959	64737959	harbor1	chr11	64557177	64557329	SINE/MIR	520	-	76	64557253	19294
chr11	64537959	64737959	harbor1	chr11	64561288	64561445	SINE/MIR	627	-	78	64561366	23407
chr11	64537959	64737959	harbor1	chr11	64563230	64563432	SINE/MIR	579	-	101	64563331	25372
chr11	64537959	64737959	harbor1	chr11	64570628	64570778	SINE/MIR	406	-	75	64570703	32744
chr11	64537959	64737959	harbor1	chr11	64580231	64580483	SINE/MIR	955	-	126	64580357	42398
chr11	64537959	64737959	harbor1	chr11	64602483	64602722	SINE/MIR	699	-	120	64602603	64644
chr11	64537959	64737959	harbor1	chr11	64624891	64625044	SINE/MIR	403	-	76	64624967	87008
chr11	64537959	64737959	harbor1	chr11	64628130	64628358	SINE/MIR	677	-	114	64628244	90285
chr11	64537959	64737959	harbor1	chr11	64631497	64631698	SINE/MIR	589	-	100	64631597	93638
chr11	64537959	64737959	harbor1	chr11	64633348	64633522	SINE/MIR	491	-	87	64633435	95476
chr11	5132879	5332879	harbor1	chr11	5168499	5168713	SINE/MIR	452	-	107	5168606	35727
chr11	5132879	5332879	harbor1	chr11	5208088	5208308	SINE/MIR	421	-	110	5208198	75319
chr11	6201311	6401311	harbor1	chr11	6227173	6227381	SINE/MIR	698	-	104	6227277	25966
chr11	6201311	6401311	harbor1	chr11	6242082	6242261	SINE/MIR	814	-	90	6242172	40861
chr11	6201311	6401311	harbor1	chr11	6249696	6249874	SINE/MIR	492	-	89	6249785	48474
chr11	6201311	6401311	harbor1	chr11	6278601	6278679	SINE/MIR	412	-	39	6278640	77329
chr11	113773432	113973432	harbor1	chr11	113815485	113815713	SINE/MIR	444	-	114	113815599	42167
chr11	113773432	113973432	harbor1	chr11	113856426	113856604	SINE/MIR	466	-	89	113856515	83083
chr11	68880548	69080548	harbor1	chr11	68889607	68889826	SINE/MIR	446	-	110	68889717	9169
chr11	68880548	69080548	harbor1	chr11	68899820	68899944	SINE/MIR	494	-	62	68899882	19334
chr11	68880548	69080548	harbor1	chr11	68904724	68904786	SINE/MIR	434	-	31	68904755	24207
chr11	68880548	69080548	harbor1	chr11	68905096	68905237	SINE/MIR	434	-	70	68905166	24618
chr11	68880548	69080548	harbor1	chr11	68912647	68912758	SINE/MIR	413	-	56	68912703	32155
chr11	68880548	69080548	harbor1	chr11	68913069	68913151	SINE/MIR	413	-	41	68913110	32562
chr11	5126814	5326814	harbor1	chr11	5168499	5168713	SINE/MIR	452	-	107	5168606	41792
chr11	5126814	5326814	harbor1	chr11	5208088	5208308	SINE/MIR	421	-	110	5208198	81384
chr11	2705362	2905362	harbor1	chr11	2781155	2781309	SINE/MIR	442	-	77	2781232	75870
chr11	5132579	5332579	harbor1	chr11	5168499	5168713	SINE/MIR	452	-	107	5168606	36027
chr11	5132579	5332579	harbor1	chr11	5208088	5208308	SINE/MIR	421	-	110	5208198	75619
chr11	5022316	5222316	harbor1	chr11	5034263	5034457	SINE/MIR	576	-	97	5034360	12044
chr11	5022316	5222316	harbor1	chr11	5044099	5044321	SINE/MIR	449	-	111	5044210	21894
chr11	3984543	4184543	harbor1	chr11	3998117	3998326	SINE/MIR	438	-	104	3998221	13678
chr11	3984543	4184543	harbor1	chr11	4010546	4010687	SINE/MIR	516	-	70	4010616	26073
chr11	3984543	4184543	harbor1	chr11	4026377	4026482	SINE/MIR	463	-	52	4026429	41886
chr11	3984543	4184543	harbor1	chr11	4041449	4041604	SINE/MIR	586	-	78	4041527	56984
chr11	3984543	4184543	harbor1	chr11	4041887	4041920	SINE/MIR	586	-	16	4041903	57360
chr11	3984543	4184543	harbor1	chr11	4043030	4043138	SINE/MIR	406	-	54	4043084	58541
chr11	3984543	4184543	harbor1	chr11	4055866	4056072	SINE/MIR	793	-	103	4055969	71426
chr11	3984543	4184543	harbor1	chr11	4056736	4056953	SINE/MIR	573	-	108	4056844	72301
chr11	3984543	4184543	harbor1	chr11	4071695	4071876	SINE/MIR	504	-	90	4071785	87242
chr11	5127120	5327120	harbor1	chr11	5168499	5168713	SINE/MIR	452	-	107	5168606	41486
chr11	5127120	5327120	harbor1	chr11	5208088	5208308	SINE/MIR	421	-	110	5208198	81078
chr11	76580334	76780334	harbor1	chr11	76618259	76618488	SINE/MIR	685	-	114	76618373	38039
chr11	76580334	76780334	harbor1	chr11	76626415	76626663	SINE/MIR	607	-	124	76626539	46205
chr11	76580334	76780334	harbor1	chr11	76654307	76654444	SINE/MIR	432	-	68	76654375	74041
chr11	76580334	76780334	harbor1	chr11	76662356	76662555	SINE/MIR	416	-	100	76662456	82122
chr11	76580334	76780334	harbor1	chr11	76667118	76667344	SINE/MIR	664	-	113	76667231	86897
chr11	76580334	76780334	harbor1	chr11	76669447	76669690	SINE/MIR	689	-	122	76669569	89235
chr11	76580334	76780334	harbor1	chr11	76669704	76669860	SINE/MIR	483	-	78	76669782	89448
chr11	76580334	76780334	harbor1	chr11	76671447	76671573	SINE/MIR	403	-	63	76671510	91176
chr11	64538041	64738041	harbor1	chr11	64540293	64540500	SINE/MIR	651	-	104	64540397	2356
chr11	64538041	64738041	harbor1	chr11	64543192	64543377	SINE/MIR	638	-	92	64543284	5243
chr11	64538041	64738041	harbor1	chr11	64557177	64557329	SINE/MIR	520	-	76	64557253	19212
chr11	64538041	64738041	harbor1	chr11	64561288	64561445	SINE/MIR	627	-	78	64561366	23325
chr11	64538041	64738041	harbor1	chr11	64563230	64563432	SINE/MIR	579	-	101	64563331	25290
chr11	64538041	64738041	harbor1	chr11	64570628	64570778	SINE/MIR	406	-	75	64570703	32662
chr11	64538041	64738041	harbor1	chr11	64580231	64580483	SINE/MIR	955	-	126	64580357	42316
chr11	64538041	64738041	harbor1	chr11	64602483	64602722	SINE/MIR	699	-	120	64602603	64562
chr11	64538041	64738041	harbor1	chr11	64624891	64625044	SINE/MIR	403	-	76	64624967	86926
chr11	64538041	64738041	harbor1	chr11	64628130	64628358	SINE/MIR	677	-	114	64628244	90203
chr11	64538041	64738041	harbor1	chr11	64631497	64631698	SINE/MIR	589	-	100	64631597	93556
chr11	64538041	64738041	harbor1	chr11	64633348	64633522	SINE/MIR	491	-	87	64633435	95394
chr11	69539244	69739244	harbor1	chr11	69563639	69563811	SINE/MIR	658	-	86	69563725	24481
chr11	69539244	69739244	harbor1	chr11	69628102	69628323	SINE/MIR	559	-	110	69628212	88968
chr11	69539244	69739244	harbor1	chr11	69635335	69635476	SINE/MIR	445	-	70	69635405	96161
chr11	64218129	64418129	harbor1	chr11	64222859	64222955	SINE/MIR	413	-	48	64222907	4778
chr11	64218129	64418129	harbor1	chr11	64275857	64276056	SINE/MIR	881	-	100	64275957	57828
chr11	64218129	64418129	harbor1	chr11	64278437	64278661	SINE/MIR	870	-	112	64278549	60420
chr11	64218129	64418129	harbor1	chr11	64287330	64287539	SINE/MIR	502	-	104	64287434	69305
chr11	64218129	64418129	harbor1	chr11	64296446	64296609	SINE/MIR	528	-	82	64296528	78399
chr11	64218129	64418129	harbor1	chr11	64309957	64310164	SINE/MIR	601	-	104	64310061	91932
chr11	64218129	64418129	harbor1	chr11	64311018	64311200	SINE/MIR	516	-	91	64311109	92980
chr11	68332140	68532140	harbor1	chr11	68387417	68387583	SINE/MIR	444	-	83	68387500	55360
chr11	68332140	68532140	harbor1	chr11	68410308	68410560	SINE/MIR	543	-	126	68410434	78294
chr11	68332140	68532140	harbor1	chr11	68414287	68414510	SINE/MIR	621	-	112	68414399	82259
chr11	68332140	68532140	harbor1	chr11	68414693	68414927	SINE/MIR	415	-	117	68414810	82670
chr11	3116372	3316372	harbor1	chr11	3124063	3124258	SINE/MIR	658	-	98	3124161	7789
chr11	3116372	3316372	harbor1	chr11	3128590	3128727	SINE/MIR	447	-	68	3128658	12286
chr11	3116372	3316372	harbor1	chr11	3168181	3168321	SINE/MIR	436	-	70	3168251	51879
chr11	3116372	3316372	harbor1	chr11	3174855	3175005	SINE/MIR	534	-	75	3174930	58558
chr11	3116372	3316372	harbor1	chr11	3198699	3198922	SINE/MIR	543	-	112	3198811	82439
chr11	122556267	122756267	harbor1	chr11	122561708	122561976	SINE/MIR	704	-	134	122561842	5575
chr11	122556267	122756267	harbor1	chr11	122605023	122605216	SINE/MIR	582	-	96	122605119	48852
chr11	122556267	122756267	harbor1	chr11	122633035	122633245	SINE/MIR	447	-	105	122633140	76873
chr11	76580627	76780627	harbor1	chr11	76618259	76618488	SINE/MIR	685	-	114	76618373	37746
chr11	76580627	76780627	harbor1	chr11	76626415	76626663	SINE/MIR	607	-	124	76626539	45912
chr11	76580627	76780627	harbor1	chr11	76654307	76654444	SINE/MIR	432	-	68	76654375	73748
chr11	76580627	76780627	harbor1	chr11	76662356	76662555	SINE/MIR	416	-	100	76662456	81829
chr11	76580627	76780627	harbor1	chr11	76667118	76667344	SINE/MIR	664	-	113	76667231	86604
chr11	76580627	76780627	harbor1	chr11	76669447	76669690	SINE/MIR	689	-	122	76669569	88942
chr11	76580627	76780627	harbor1	chr11	76669704	76669860	SINE/MIR	483	-	78	76669782	89155
chr11	76580627	76780627	harbor1	chr11	76671447	76671573	SINE/MIR	403	-	63	76671510	90883
chr11	5127220	5327220	harbor1	chr11	5168499	5168713	SINE/MIR	452	-	107	5168606	41386
chr11	5127220	5327220	harbor1	chr11	5208088	5208308	SINE/MIR	421	-	110	5208198	80978
chr11	5127275	5327275	harbor1	chr11	5168499	5168713	SINE/MIR	452	-	107	5168606	41331
chr11	5127275	5327275	harbor1	chr11	5208088	5208308	SINE/MIR	421	-	110	5208198	80923
chr11	76575076	76775076	harbor1	chr11	76577078	76577221	SINE/MIR	411	-	72	76577150	2074
chr11	76575076	76775076	harbor1	chr11	76579811	76580033	SINE/MIR	642	-	111	76579922	4846
chr11	76575076	76775076	harbor1	chr11	76618259	76618488	SINE/MIR	685	-	114	76618373	43297
chr11	76575076	76775076	harbor1	chr11	76626415	76626663	SINE/MIR	607	-	124	76626539	51463
chr11	76575076	76775076	harbor1	chr11	76654307	76654444	SINE/MIR	432	-	68	76654375	79299
chr11	76575076	76775076	harbor1	chr11	76662356	76662555	SINE/MIR	416	-	100	76662456	87380
chr11	76575076	76775076	harbor1	chr11	76667118	76667344	SINE/MIR	664	-	113	76667231	92155
chr11	76575076	76775076	harbor1	chr11	76669447	76669690	SINE/MIR	689	-	122	76669569	94493
chr11	76575076	76775076	harbor1	chr11	76669704	76669860	SINE/MIR	483	-	78	76669782	94706
chr11	76575076	76775076	harbor1	chr11	76671447	76671573	SINE/MIR	403	-	63	76671510	96434
chr11	7520537	7720537	harbor1	chr11	7530158	7530360	SINE/MIR	576	-	101	7530259	9722
chr11	7520537	7720537	harbor1	chr11	7530729	7530763	SINE/MIR	576	-	17	7530746	10209
chr11	7520537	7720537	harbor1	chr11	7536034	7536234	SINE/MIR	767	-	100	7536134	15597
chr11	7520537	7720537	harbor1	chr11	7542870	7543045	SINE/MIR	437	-	88	7542958	22421
chr11	7520537	7720537	harbor1	chr11	7548018	7548211	SINE/MIR	671	-	96	7548114	27577
chr11	32939956	33139956	harbor1	chr11	32967622	32967803	SINE/MIR	511	-	90	32967712	27756
chr11	5127188	5327188	harbor1	chr11	5168499	5168713	SINE/MIR	452	-	107	5168606	41418
chr11	5127188	5327188	harbor1	chr11	5208088	5208308	SINE/MIR	421	-	110	5208198	81010
chr11	76580968	76780968	harbor1	chr11	76618259	76618488	SINE/MIR	685	-	114	76618373	37405
chr11	76580968	76780968	harbor1	chr11	76626415	76626663	SINE/MIR	607	-	124	76626539	45571
chr11	76580968	76780968	harbor1	chr11	76654307	76654444	SINE/MIR	432	-	68	76654375	73407
chr11	76580968	76780968	harbor1	chr11	76662356	76662555	SINE/MIR	416	-	100	76662456	81488
chr11	76580968	76780968	harbor1	chr11	76667118	76667344	SINE/MIR	664	-	113	76667231	86263
chr11	76580968	76780968	harbor1	chr11	76669447	76669690	SINE/MIR	689	-	122	76669569	88601
chr11	76580968	76780968	harbor1	chr11	76669704	76669860	SINE/MIR	483	-	78	76669782	88814
chr11	76580968	76780968	harbor1	chr11	76671447	76671573	SINE/MIR	403	-	63	76671510	90542
chr11	9413280	9613280	harbor1	chr11	9495801	9495994	SINE/MIR	431	-	96	9495897	82617
chr11	64752705	64952705	harbor1	chr11	64807351	64807564	SINE/MIR	485	-	106	64807457	54752
chr11	64752705	64952705	harbor1	chr11	64826094	64826313	SINE/MIR	531	-	110	64826204	73499
chr11	64752705	64952705	harbor1	chr11	64827949	64828147	SINE/MIR	457	-	99	64828048	75343
chr11	64001831	64201831	harbor1	chr11	64017302	64017473	SINE/MIR	440	-	86	64017388	15557
chr11	64001831	64201831	harbor1	chr11	64024266	64024488	SINE/MIR	676	-	111	64024377	22546
chr11	64001831	64201831	harbor1	chr11	64035026	64035223	SINE/MIR	553	-	98	64035124	33293
chr11	64001831	64201831	harbor1	chr11	64043644	64043812	SINE/MIR	469	-	84	64043728	41897
chr11	64001831	64201831	harbor1	chr11	64044188	64044251	SINE/MIR	555	-	32	64044220	42389
chr11	64001831	64201831	harbor1	chr11	64044536	64044647	SINE/MIR	555	-	56	64044592	42761
chr11	64001831	64201831	harbor1	chr11	64045950	64046173	SINE/MIR	579	-	112	64046062	44231
chr11	64001831	64201831	harbor1	chr11	64047295	64047436	SINE/MIR	405	-	70	64047365	45534
chr11	64001831	64201831	harbor1	chr11	64048630	64048825	SINE/MIR	465	-	98	64048728	46897
chr11	64001831	64201831	harbor1	chr11	64066740	64066924	SINE/MIR	444	-	92	64066832	65001
chr11	64001831	64201831	harbor1	chr11	64070037	64070213	SINE/MIR	518	-	88	64070125	68294
chr11	64001831	64201831	harbor1	chr11	64075350	64075525	SINE/MIR	532	-	88	64075438	73607
chr11	64001831	64201831	harbor1	chr11	64076570	64076692	SINE/MIR	540	-	61	64076631	74800
chr11	64001831	64201831	harbor1	chr11	64082954	64083154	SINE/MIR	647	-	100	64083054	81223
chr11	64001831	64201831	harbor1	chr11	64083469	64083541	SINE/MIR	647	-	36	64083505	81674
chr11	64001831	64201831	harbor1	chr11	64085002	64085127	SINE/MIR	434	-	62	64085064	83233
chr11	31723667	31923667	harbor1	chr11	31723551	31723745	SINE/MIR	648	-	97	31723648	19
chr11	31723667	31923667	harbor1	chr11	31778567	31778767	SINE/MIR	609	-	100	31778667	55000
chr11	16505283	16705283	harbor1	chr11	16528271	16528507	SINE/MIR	596	-	118	16528389	23106
chr11	16505283	16705283	harbor1	chr11	16585295	16585514	SINE/MIR	741	-	110	16585405	80122
chr11	16505283	16705283	harbor1	chr11	16593674	16593873	SINE/MIR	622	-	100	16593774	88491
chr11	16505283	16705283	harbor1	chr11	16597360	16597490	SINE/MIR	425	-	65	16597425	92142
chr11	16505283	16705283	harbor1	chr11	16598087	16598242	SINE/MIR	707	-	78	16598165	92882
chr11	5127127	5327127	harbor1	chr11	5168499	5168713	SINE/MIR	452	-	107	5168606	41479
chr11	5127127	5327127	harbor1	chr11	5208088	5208308	SINE/MIR	421	-	110	5208198	81071
chr11	3160998	3360998	harbor1	chr11	3168181	3168321	SINE/MIR	436	-	70	3168251	7253
chr11	3160998	3360998	harbor1	chr11	3174855	3175005	SINE/MIR	534	-	75	3174930	13932
chr11	3160998	3360998	harbor1	chr11	3198699	3198922	SINE/MIR	543	-	112	3198811	37813
chr11	2054535	2254535	harbor1	chr11	2153893	2154087	SINE/MIR	507	-	97	2153990	99455
chr11	65286790	65486790	harbor1	chr11	65386125	65386233	SINE/MIR	468	-	54	65386179	99389
chr11	64537966	64737966	harbor1	chr11	64540293	64540500	SINE/MIR	651	-	104	64540397	2431
chr11	64537966	64737966	harbor1	chr11	64543192	64543377	SINE/MIR	638	-	92	64543284	5318
chr11	64537966	64737966	harbor1	chr11	64557177	64557329	SINE/MIR	520	-	76	64557253	19287
chr11	64537966	64737966	harbor1	chr11	64561288	64561445	SINE/MIR	627	-	78	64561366	23400
chr11	64537966	64737966	harbor1	chr11	64563230	64563432	SINE/MIR	579	-	101	64563331	25365
chr11	64537966	64737966	harbor1	chr11	64570628	64570778	SINE/MIR	406	-	75	64570703	32737
chr11	64537966	64737966	harbor1	chr11	64580231	64580483	SINE/MIR	955	-	126	64580357	42391
chr11	64537966	64737966	harbor1	chr11	64602483	64602722	SINE/MIR	699	-	120	64602603	64637
chr11	64537966	64737966	harbor1	chr11	64624891	64625044	SINE/MIR	403	-	76	64624967	87001
chr11	64537966	64737966	harbor1	chr11	64628130	64628358	SINE/MIR	677	-	114	64628244	90278
chr11	64537966	64737966	harbor1	chr11	64631497	64631698	SINE/MIR	589	-	100	64631597	93631
chr11	64537966	64737966	harbor1	chr11	64633348	64633522	SINE/MIR	491	-	87	64633435	95469
chr11	66158664	66358664	harbor1	chr11	66166787	66166921	SINE/MIR	459	-	67	66166854	8190
chr11	66158664	66358664	harbor1	chr11	66242616	66242783	SINE/MIR	484	-	84	66242700	84036
chr11	66158664	66358664	harbor1	chr11	66252215	66252276	SINE/MIR	488	-	30	66252245	93581
chr11	66158664	66358664	harbor1	chr11	66252563	66252747	SINE/MIR	488	-	92	66252655	93991
chr11	65476337	65676337	harbor1	chr11	65486473	65486620	SINE/MIR	447	-	74	65486547	10210
chr11	65476337	65676337	harbor1	chr11	65568117	65568244	SINE/MIR	427	-	64	65568181	91844
chr11	67172339	67372339	harbor1	chr11	67219050	67219225	SINE/MIR	542	-	88	67219138	46799
chr11	67172339	67372339	harbor1	chr11	67229098	67229290	SINE/MIR	533	-	96	67229194	56855
chr11	67172339	67372339	harbor1	chr11	67261239	67261413	SINE/MIR	424	-	87	67261326	88987
chr11	67172339	67372339	harbor1	chr11	67267722	67267948	SINE/MIR	427	-	113	67267835	95496
chr11	67172339	67372339	harbor1	chr11	67269223	67269434	SINE/MIR	401	-	106	67269329	96990
chr11	67172318	67372318	harbor1	chr11	67219050	67219225	SINE/MIR	542	-	88	67219138	46820
chr11	67172318	67372318	harbor1	chr11	67229098	67229290	SINE/MIR	533	-	96	67229194	56876
chr11	67172318	67372318	harbor1	chr11	67261239	67261413	SINE/MIR	424	-	87	67261326	89008
chr11	67172318	67372318	harbor1	chr11	67267722	67267948	SINE/MIR	427	-	113	67267835	95517
chr11	67172318	67372318	harbor1	chr11	67269223	67269434	SINE/MIR	401	-	106	67269329	97011
chr11	64348428	64548428	harbor1	chr11	64362623	64362677	SINE/MIR	519	-	27	64362650	14222
chr11	64348428	64548428	harbor1	chr11	64362971	64363100	SINE/MIR	519	-	64	64363035	14607
chr11	69112726	69312726	harbor1	chr11	69126647	69126823	SINE/MIR	470	-	88	69126735	14009
chr11	69112726	69312726	harbor1	chr11	69186522	69186709	SINE/MIR	449	-	94	69186616	73890
chr11	69539269	69739269	harbor1	chr11	69563639	69563811	SINE/MIR	658	-	86	69563725	24456
chr11	69539269	69739269	harbor1	chr11	69628102	69628323	SINE/MIR	559	-	110	69628212	88943
chr11	69539269	69739269	harbor1	chr11	69635335	69635476	SINE/MIR	445	-	70	69635405	96136
chr11	47452991	47652991	harbor1	chr11	47454286	47454442	SINE/MIR	460	-	78	47454364	1373
chr11	47452991	47652991	harbor1	chr11	47454751	47454782	SINE/MIR	460	-	16	47454767	1776
chr11	47452991	47652991	harbor1	chr11	47475913	47475999	SINE/MIR	448	-	43	47475956	22965
chr11	47452991	47652991	harbor1	chr11	47476292	47476437	SINE/MIR	448	-	72	47476364	23373
chr11	47452991	47652991	harbor1	chr11	47550841	47551000	SINE/MIR	500	-	80	47550921	97930
chr11	5127170	5327170	harbor1	chr11	5168499	5168713	SINE/MIR	452	-	107	5168606	41436
chr11	5127170	5327170	harbor1	chr11	5208088	5208308	SINE/MIR	421	-	110	5208198	81028
chr11	5127159	5327159	harbor1	chr11	5168499	5168713	SINE/MIR	452	-	107	5168606	41447
chr11	5127159	5327159	harbor1	chr11	5208088	5208308	SINE/MIR	421	-	110	5208198	81039
chr11	46818647	47018647	harbor1	chr11	46832586	46832757	SINE/MIR	726	-	86	46832672	14025
chr11	46818647	47018647	harbor1	chr11	46870842	46871034	SINE/MIR	503	-	96	46870938	52291
chr11	46818647	47018647	harbor1	chr11	46876095	46876317	SINE/MIR	605	-	111	46876206	57559
chr11	46818647	47018647	harbor1	chr11	46886970	46887179	SINE/MIR	605	-	104	46887074	68427
chr11	46818647	47018647	harbor1	chr11	46892367	46892569	SINE/MIR	632	-	101	46892468	73821
chr11	46818647	47018647	harbor1	chr11	46893191	46893362	SINE/MIR	568	-	86	46893277	74630
chr11	46818647	47018647	harbor1	chr11	46908230	46908340	SINE/MIR	764	-	55	46908285	89638
chr11	46818647	47018647	harbor1	chr11	46908421	46908526	SINE/MIR	764	-	52	46908473	89826
chr11	46818647	47018647	harbor1	chr11	46914067	46914299	SINE/MIR	472	-	116	46914183	95536
chr11	9513814	9713814	harbor1	chr11	9528619	9528867	SINE/MIR	640	-	124	9528743	14929
chr11	19613809	19813809	harbor1	chr11	19632831	19632988	SINE/MIR	475	-	78	19632909	19100
chr11	19613809	19813809	harbor1	chr11	19638497	19638698	SINE/MIR	428	-	100	19638597	24788
chr11	19613809	19813809	harbor1	chr11	19645643	19645712	SINE/MIR	691	-	34	19645677	31868
chr11	19613809	19813809	harbor1	chr11	19645805	19645955	SINE/MIR	691	-	75	19645880	32071
chr11	19613809	19813809	harbor1	chr11	19646698	19646920	SINE/MIR	771	-	111	19646809	33000
chr11	19613809	19813809	harbor1	chr11	19653645	19653871	SINE/MIR	624	-	113	19653758	39949
chr11	19613809	19813809	harbor1	chr11	19658096	19658311	SINE/MIR	942	-	108	19658204	44395
chr11	19613809	19813809	harbor1	chr11	19658312	19658459	SINE/MIR	538	-	74	19658386	44577
chr11	19613809	19813809	harbor1	chr11	19663276	19663506	SINE/MIR	782	-	115	19663391	49582
chr11	19613809	19813809	harbor1	chr11	19664813	19665052	SINE/MIR	621	-	120	19664933	51124
chr11	19613809	19813809	harbor1	chr11	19673276	19673508	SINE/MIR	866	-	116	19673392	59583
chr11	19613809	19813809	harbor1	chr11	19675874	19676034	SINE/MIR	499	-	80	19675954	62145
chr11	19613809	19813809	harbor1	chr11	19677460	19677542	SINE/MIR	466	-	41	19677501	63692
chr11	19613809	19813809	harbor1	chr11	19678208	19678417	SINE/MIR	658	-	104	19678312	64503
chr11	19613809	19813809	harbor1	chr11	19680955	19681164	SINE/MIR	859	-	104	19681059	67250
chr11	19613809	19813809	harbor1	chr11	19681257	19681442	SINE/MIR	434	-	92	19681349	67540
chr11	19613809	19813809	harbor1	chr11	19682430	19682503	SINE/MIR	566	-	36	19682466	68657
chr11	19613809	19813809	harbor1	chr11	19682902	19683044	SINE/MIR	566	-	71	19682973	69164
chr11	19613809	19813809	harbor1	chr11	19686831	19687064	SINE/MIR	858	-	116	19686947	73138
chr11	19613809	19813809	harbor1	chr11	19690767	19690932	SINE/MIR	589	-	82	19690849	77040
chr11	19613809	19813809	harbor1	chr11	19696882	19697064	SINE/MIR	590	-	91	19696973	83164
chr11	19613809	19813809	harbor1	chr11	19700148	19700389	SINE/MIR	1025	-	120	19700268	86459
chr11	19613809	19813809	harbor1	chr11	19700392	19700505	SINE/MIR	445	-	56	19700448	86639
chr11	19613809	19813809	harbor1	chr11	19700971	19701166	SINE/MIR	599	-	98	19701069	87260
chr11	5125968	5325968	harbor1	chr11	5168499	5168713	SINE/MIR	452	-	107	5168606	42638
chr11	5125968	5325968	harbor1	chr11	5208088	5208308	SINE/MIR	421	-	110	5208198	82230
chr11	680085	880085	harbor1	chr11	686599	686782	SINE/MIR	500	-	92	686691	6606
chr11	5127290	5327290	harbor1	chr11	5168499	5168713	SINE/MIR	452	-	107	5168606	41316
chr11	5127290	5327290	harbor1	chr11	5208088	5208308	SINE/MIR	421	-	110	5208198	80908
chr11	5126787	5326787	harbor1	chr11	5168499	5168713	SINE/MIR	452	-	107	5168606	41819
chr11	5126787	5326787	harbor1	chr11	5208088	5208308	SINE/MIR	421	-	110	5208198	81411
chr11	64538002	64738002	harbor1	chr11	64540293	64540500	SINE/MIR	651	-	104	64540397	2395
chr11	64538002	64738002	harbor1	chr11	64543192	64543377	SINE/MIR	638	-	92	64543284	5282
chr11	64538002	64738002	harbor1	chr11	64557177	64557329	SINE/MIR	520	-	76	64557253	19251
chr11	64538002	64738002	harbor1	chr11	64561288	64561445	SINE/MIR	627	-	78	64561366	23364
chr11	64538002	64738002	harbor1	chr11	64563230	64563432	SINE/MIR	579	-	101	64563331	25329
chr11	64538002	64738002	harbor1	chr11	64570628	64570778	SINE/MIR	406	-	75	64570703	32701
chr11	64538002	64738002	harbor1	chr11	64580231	64580483	SINE/MIR	955	-	126	64580357	42355
chr11	64538002	64738002	harbor1	chr11	64602483	64602722	SINE/MIR	699	-	120	64602603	64601
chr11	64538002	64738002	harbor1	chr11	64624891	64625044	SINE/MIR	403	-	76	64624967	86965
chr11	64538002	64738002	harbor1	chr11	64628130	64628358	SINE/MIR	677	-	114	64628244	90242
chr11	64538002	64738002	harbor1	chr11	64631497	64631698	SINE/MIR	589	-	100	64631597	93595
chr11	64538002	64738002	harbor1	chr11	64633348	64633522	SINE/MIR	491	-	87	64633435	95433
chr11	67368631	67568631	harbor1	chr11	67378100	67378141	SINE/MIR	629	-	20	67378120	9489
chr11	67368631	67568631	harbor1	chr11	67378452	67378639	SINE/MIR	629	-	94	67378546	9915
chr11	67368631	67568631	harbor1	chr11	67382306	67382531	SINE/MIR	405	-	112	67382418	13787
chr11	67368631	67568631	harbor1	chr11	67418110	67418229	SINE/MIR	409	-	60	67418170	49539
chr11	67368631	67568631	harbor1	chr11	67448600	67448762	SINE/MIR	610	-	81	67448681	80050
chr11	64032759	64232759	harbor1	chr11	64035026	64035223	SINE/MIR	553	-	98	64035124	2365
chr11	64032759	64232759	harbor1	chr11	64043644	64043812	SINE/MIR	469	-	84	64043728	10969
chr11	64032759	64232759	harbor1	chr11	64044188	64044251	SINE/MIR	555	-	32	64044220	11461
chr11	64032759	64232759	harbor1	chr11	64044536	64044647	SINE/MIR	555	-	56	64044592	11833
chr11	64032759	64232759	harbor1	chr11	64045950	64046173	SINE/MIR	579	-	112	64046062	13303
chr11	64032759	64232759	harbor1	chr11	64047295	64047436	SINE/MIR	405	-	70	64047365	14606
chr11	64032759	64232759	harbor1	chr11	64048630	64048825	SINE/MIR	465	-	98	64048728	15969
chr11	64032759	64232759	harbor1	chr11	64066740	64066924	SINE/MIR	444	-	92	64066832	34073
chr11	64032759	64232759	harbor1	chr11	64070037	64070213	SINE/MIR	518	-	88	64070125	37366
chr11	64032759	64232759	harbor1	chr11	64075350	64075525	SINE/MIR	532	-	88	64075438	42679
chr11	64032759	64232759	harbor1	chr11	64076570	64076692	SINE/MIR	540	-	61	64076631	43872
chr11	64032759	64232759	harbor1	chr11	64082954	64083154	SINE/MIR	647	-	100	64083054	50295
chr11	64032759	64232759	harbor1	chr11	64083469	64083541	SINE/MIR	647	-	36	64083505	50746
chr11	64032759	64232759	harbor1	chr11	64085002	64085127	SINE/MIR	434	-	62	64085064	52305
chr11	64032759	64232759	harbor1	chr11	64110032	64110167	SINE/MIR	472	-	68	64110100	77341
chr11	64032759	64232759	harbor1	chr11	64110472	64110521	SINE/MIR	472	-	24	64110496	77737
chr11	5134597	5334597	harbor1	chr11	5168499	5168713	SINE/MIR	452	-	107	5168606	34009
chr11	5134597	5334597	harbor1	chr11	5208088	5208308	SINE/MIR	421	-	110	5208198	73601
chr11	86572183	86772183	harbor1	chr11	86578781	86579000	SINE/MIR	436	-	110	86578891	6708
chr11	86572183	86772183	harbor1	chr11	86595333	86595525	SINE/MIR	710	-	96	86595429	23246
chr11	86572183	86772183	harbor1	chr11	86604625	86604789	SINE/MIR	427	-	82	86604707	32524
chr11	86572183	86772183	harbor1	chr11	86608951	86609162	SINE/MIR	758	-	106	86609057	36874
chr11	86572183	86772183	harbor1	chr11	86609900	86610022	SINE/MIR	411	-	61	86609961	37778
chr11	86572183	86772183	harbor1	chr11	86615340	86615478	SINE/MIR	538	-	69	86615409	43226
chr11	86572183	86772183	harbor1	chr11	86631698	86631745	SINE/MIR	442	-	24	86631722	59539
chr11	86572183	86772183	harbor1	chr11	86632033	86632161	SINE/MIR	442	-	64	86632097	59914
chr11	86572183	86772183	harbor1	chr11	86633244	86633487	SINE/MIR	874	-	122	86633366	61183
chr11	86572183	86772183	harbor1	chr11	86638627	86638878	SINE/MIR	969	-	126	86638753	66570
chr11	86572183	86772183	harbor1	chr11	86660406	86660615	SINE/MIR	497	-	104	86660510	88327
chr11	86572183	86772183	harbor1	chr11	86671294	86671500	SINE/MIR	573	-	103	86671397	99214
chr11	47085613	47285613	harbor1	chr11	47090617	47090757	SINE/MIR	622	-	70	47090687	5074
chr11	47085613	47285613	harbor1	chr11	47091076	47091109	SINE/MIR	622	-	16	47091092	5479
chr11	47085613	47285613	harbor1	chr11	47091388	47091456	SINE/MIR	622	-	34	47091422	5809
chr11	47085613	47285613	harbor1	chr11	47105538	47105774	SINE/MIR	874	-	118	47105656	20043
chr11	47085613	47285613	harbor1	chr11	47119911	47120051	SINE/MIR	462	-	70	47119981	34368
chr11	47085613	47285613	harbor1	chr11	47132423	47132677	SINE/MIR	681	-	127	47132550	46937
chr11	47085613	47285613	harbor1	chr11	47132942	47133172	SINE/MIR	855	-	115	47133057	47444
chr11	47085613	47285613	harbor1	chr11	47135216	47135421	SINE/MIR	816	-	102	47135318	49705
chr11	47085613	47285613	harbor1	chr11	47148703	47148933	SINE/MIR	465	-	115	47148818	63205
chr11	47085613	47285613	harbor1	chr11	47172031	47172274	SINE/MIR	457	-	122	47172153	86540
chr11	47085613	47285613	harbor1	chr11	47174106	47174281	SINE/MIR	497	-	88	47174194	88581
chr12	113085240	113285240	harbor1	chr12	113100798	113100995	SINE/MIR	794	-	98	113100896	15656
chr12	113085240	113285240	harbor1	chr12	113100997	113101128	SINE/MIR	704	-	66	113101063	15823
chr12	113085240	113285240	harbor1	chr12	113101434	113101510	SINE/MIR	704	-	38	113101472	16232
chr12	113085240	113285240	harbor1	chr12	113103720	113103888	SINE/MIR	788	-	84	113103804	18564
chr12	113085240	113285240	harbor1	chr12	113104845	113105070	SINE/MIR	701	-	112	113104957	19717
chr12	113085240	113285240	harbor1	chr12	113108491	113108628	SINE/MIR	721	-	68	113108559	23319
chr12	113085240	113285240	harbor1	chr12	113121654	113121717	SINE/MIR	810	-	32	113121686	36446
chr12	113085240	113285240	harbor1	chr12	113122023	113122220	SINE/MIR	810	-	98	113122121	36881
chr12	113085240	113285240	harbor1	chr12	113136345	113136577	SINE/MIR	649	-	116	113136461	51221
chr12	113085240	113285240	harbor1	chr12	113176036	113176252	SINE/MIR	923	-	108	113176144	90904
chr12	113085240	113285240	harbor1	chr12	113182033	113182272	SINE/MIR	932	-	120	113182153	96913
chr12	6863305	7063305	harbor1	chr12	6903589	6903820	SINE/MIR	680	-	116	6903705	40400
chr12	6863305	7063305	harbor1	chr12	6961639	6961792	SINE/MIR	619	-	76	6961715	98410
chr12	1	131655	harbor1	chr12	25188	25403	SINE/MIR	788	-	108	25296	25295
chr12	1	131655	harbor1	chr12	52576	52588	SINE/MIR	798	-	6	52582	52581
chr12	1	131655	harbor1	chr12	52892	53129	SINE/MIR	798	-	118	53010	53009
chr12	1	131655	harbor1	chr12	83865	84042	SINE/MIR	619	-	88	83953	83952
chr12	6863247	7063247	harbor1	chr12	6903589	6903820	SINE/MIR	680	-	116	6903705	40458
chr12	6863247	7063247	harbor1	chr12	6961639	6961792	SINE/MIR	619	-	76	6961715	98468
chr12	110180833	110380833	harbor1	chr12	110225066	110225254	SINE/MIR	767	-	94	110225160	44327
chr12	55898013	56098013	harbor1	chr12	55933872	55934110	SINE/MIR	607	-	119	55933991	35978
chr12	55898013	56098013	harbor1	chr12	55954974	55955182	SINE/MIR	598	-	104	55955078	57065
chr12	55898013	56098013	harbor1	chr12	55984969	55985216	SINE/MIR	813	-	124	55985093	87080
chr12	1	127337	harbor1	chr12	25188	25403	SINE/MIR	788	-	108	25296	25295
chr12	1	127337	harbor1	chr12	52576	52588	SINE/MIR	798	-	6	52582	52581
chr12	1	127337	harbor1	chr12	52892	53129	SINE/MIR	798	-	118	53010	53009
chr12	1	127337	harbor1	chr12	83865	84042	SINE/MIR	619	-	88	83953	83952
chr12	123133097	123333097	harbor1	chr12	123162414	123162573	SINE/MIR	687	-	80	123162494	29397
chr12	6863232	7063232	harbor1	chr12	6903589	6903820	SINE/MIR	680	-	116	6903705	40473
chr12	6863232	7063232	harbor1	chr12	6961639	6961792	SINE/MIR	619	-	76	6961715	98483
chr12	131268647	131468647	harbor1	chr12	131353198	131353436	SINE/MIR	651	-	119	131353317	84670
chr12	10112880	10312880	harbor1	chr12	10142748	10142989	SINE/MIR	622	-	120	10142868	29988
chr12	10112880	10312880	harbor1	chr12	10176705	10176918	SINE/MIR	627	-	106	10176811	63931
chr12	49195916	49395916	harbor1	chr12	49206435	49206663	SINE/MIR	883	-	114	49206549	10633
chr12	49195916	49395916	harbor1	chr12	49228821	49228993	SINE/MIR	593	-	86	49228907	32991
chr12	48880879	49080879	harbor1	chr12	48917643	48917810	SINE/MIR	618	-	84	48917727	36848
chr12	48880879	49080879	harbor1	chr12	48925699	48925907	SINE/MIR	665	-	104	48925803	44924
chr12	49467542	49667542	harbor1	chr12	49536916	49537087	SINE/MIR	699	-	86	49537002	69460
chr12	68421784	68621784	harbor1	chr12	68425168	68425423	SINE/MIR	804	-	128	68425296	3512
chr12	68421784	68621784	harbor1	chr12	68461064	68461260	SINE/MIR	598	-	98	68461162	39378
chr12	68421784	68621784	harbor1	chr12	68467151	68467361	SINE/MIR	640	-	105	68467256	45472
chr12	68421784	68621784	harbor1	chr12	68496758	68497004	SINE/MIR	661	-	123	68496881	75097
chr12	6863318	7063318	harbor1	chr12	6903589	6903820	SINE/MIR	680	-	116	6903705	40387
chr12	6863318	7063318	harbor1	chr12	6961639	6961792	SINE/MIR	619	-	76	6961715	98397
chr12	130061504	130261504	harbor1	chr12	130064694	130064926	SINE/MIR	664	-	116	130064810	3306
chr12	130061504	130261504	harbor1	chr12	130069592	130069828	SINE/MIR	748	-	118	130069710	8206
chr12	130061504	130261504	harbor1	chr12	130072667	130072925	SINE/MIR	670	-	129	130072796	11292
chr12	130061504	130261504	harbor1	chr12	130076261	130076415	SINE/MIR	658	-	77	130076338	14834
chr12	130061504	130261504	harbor1	chr12	130123087	130123283	SINE/MIR	681	-	98	130123185	61681
chr12	130061504	130261504	harbor1	chr12	130145519	130145711	SINE/MIR	678	-	96	130145615	84111
chr12	130061504	130261504	harbor1	chr12	130156744	130156968	SINE/MIR	591	-	112	130156856	95352
chr12	6863293	7063293	harbor1	chr12	6903589	6903820	SINE/MIR	680	-	116	6903705	40412
chr12	6863293	7063293	harbor1	chr12	6961639	6961792	SINE/MIR	619	-	76	6961715	98422
chr12	69779300	69979300	harbor1	chr12	69833507	69833749	SINE/MIR	689	-	121	69833628	54328
chr12	69779300	69979300	harbor1	chr12	69841869	69842093	SINE/MIR	731	-	112	69841981	62681
chr12	69779300	69979300	harbor1	chr12	69878637	69878837	SINE/MIR	939	-	100	69878737	99437
chr12	92828990	93028990	harbor1	chr12	92924515	92924693	SINE/MIR	622	-	89	92924604	95614
chr12	89254167	89454167	harbor1	chr12	89336221	89336454	SINE/MIR	822	-	116	89336337	82170
chr12	89254167	89454167	harbor1	chr12	89338373	89338591	SINE/MIR	709	-	109	89338482	84315
chr12	6863233	7063233	harbor1	chr12	6903589	6903820	SINE/MIR	680	-	116	6903705	40472
chr12	6863233	7063233	harbor1	chr12	6961639	6961792	SINE/MIR	619	-	76	6961715	98482
chr12	47713189	47913189	harbor1	chr12	47714062	47714301	SINE/MIR	618	-	120	47714182	993
chr12	47713189	47913189	harbor1	chr12	47727628	47727857	SINE/MIR	799	-	114	47727742	14553
chr12	47713189	47913189	harbor1	chr12	47742623	47742863	SINE/MIR	904	-	120	47742743	29554
chr12	47713189	47913189	harbor1	chr12	47743117	47743358	SINE/MIR	973	-	120	47743237	30048
chr12	47713189	47913189	harbor1	chr12	47744400	47744606	SINE/MIR	619	-	103	47744503	31314
chr12	47713189	47913189	harbor1	chr12	47760622	47760836	SINE/MIR	927	-	107	47760729	47540
chr12	47713189	47913189	harbor1	chr12	47761753	47762007	SINE/MIR	887	-	127	47761880	48691
chr12	47713189	47913189	harbor1	chr12	47762578	47762779	SINE/MIR	660	-	100	47762678	49489
chr12	47713189	47913189	harbor1	chr12	47774285	47774463	SINE/MIR	663	-	89	47774374	61185
chr12	47713189	47913189	harbor1	chr12	47807323	47807556	SINE/MIR	989	-	116	47807439	94250
chr12	47713189	47913189	harbor1	chr12	47809875	47809934	SINE/MIR	606	-	30	47809905	96716
chr12	47713189	47913189	harbor1	chr12	47810246	47810362	SINE/MIR	606	-	58	47810304	97115
chr12	47713189	47913189	harbor1	chr12	47812413	47812659	SINE/MIR	626	-	123	47812536	99347
chr12	10623688	10823688	harbor1	chr12	10661576	10661773	SINE/MIR	678	-	98	10661674	37986
chr12	121711754	121911754	harbor1	chr12	121788054	121788209	SINE/MIR	710	-	78	121788132	76378
chr12	6248395	6448395	harbor1	chr12	6300682	6300907	SINE/MIR	690	-	112	6300794	52399
chr12	122759135	122959135	harbor1	chr12	122776090	122776313	SINE/MIR	739	-	112	122776202	17067
chr12	6863320	7063320	harbor1	chr12	6903589	6903820	SINE/MIR	680	-	116	6903705	40385
chr12	6863320	7063320	harbor1	chr12	6961639	6961792	SINE/MIR	619	-	76	6961715	98395
chr12	6863258	7063258	harbor1	chr12	6903589	6903820	SINE/MIR	680	-	116	6903705	40447
chr12	6863258	7063258	harbor1	chr12	6961639	6961792	SINE/MIR	619	-	76	6961715	98457
chr12	110178230	110378230	harbor1	chr12	110225066	110225254	SINE/MIR	767	-	94	110225160	46930
chr12	1	131656	harbor1	chr12	25188	25403	SINE/MIR	788	-	108	25296	25295
chr12	1	131656	harbor1	chr12	52576	52588	SINE/MIR	798	-	6	52582	52581
chr12	1	131656	harbor1	chr12	52892	53129	SINE/MIR	798	-	118	53010	53009
chr12	1	131656	harbor1	chr12	83865	84042	SINE/MIR	619	-	88	83953	83952
chr12	64467190	64667190	harbor1	chr12	64483483	64483695	SINE/MIR	980	-	106	64483589	16399
chr13	94612331	94812331	harbor1	chr13	94620043	94620222	SINE/MIR	466	-	90	94620133	7802
chr13	94612331	94812331	harbor1	chr13	94690912	94691165	SINE/MIR	603	-	126	94691038	78707
chr13	100574884	100774884	harbor1	chr13	100614572	100614726	SINE/MIR	612	-	77	100614649	39765
chr13	44477883	44677883	harbor1	chr13	44478289	44478505	SINE/MIR	563	-	108	44478397	514
chr13	44477883	44677883	harbor1	chr13	44502622	44502810	SINE/MIR	497	-	94	44502716	24833
chr13	44477883	44677883	harbor1	chr13	44505875	44506105	SINE/MIR	701	-	115	44505990	28107
chr13	44477883	44677883	harbor1	chr13	44520872	44521083	SINE/MIR	664	-	106	44520978	43095
chr13	44477883	44677883	harbor1	chr13	44554124	44554330	SINE/MIR	508	-	103	44554227	76344
chr13	44477883	44677883	harbor1	chr13	44569102	44569317	SINE/MIR	651	-	108	44569210	91327
chr13	44477883	44677883	harbor1	chr13	44547944	44548144	SINE/MIR	693	-	100	44548044	70161
chr13	20315145	20515145	harbor1	chr13	20410692	20410923	SINE/MIR	760	-	116	20410808	95663
chr13	27728634	27928634	harbor1	chr13	27731464	27731593	SINE/MIR	440	-	64	27731528	2894
chr13	27728634	27928634	harbor1	chr13	27742727	27742919	SINE/MIR	561	-	96	27742823	14189
chr13	27728634	27928634	harbor1	chr13	27752779	27752932	SINE/MIR	571	-	76	27752855	24221
chr13	27728634	27928634	harbor1	chr13	27770891	27771059	SINE/MIR	606	-	84	27770975	42341
chr13	27728634	27928634	harbor1	chr13	27780680	27780898	SINE/MIR	693	-	109	27780789	52155
chr13	27728634	27928634	harbor1	chr13	27805485	27805669	SINE/MIR	778	-	92	27805577	76943
chr13	20314698	20514698	harbor1	chr13	20410692	20410923	SINE/MIR	760	-	116	20410808	96110
chr13	50025212	50225212	harbor1	chr13	50082486	50082708	SINE/MIR	656	-	111	50082597	57385
chr13	50025212	50225212	harbor1	chr13	50083021	50083238	SINE/MIR	764	-	108	50083129	57917
chr13	50025212	50225212	harbor1	chr13	50084838	50084964	SINE/MIR	443	-	63	50084901	59689
chr13	20315192	20515192	harbor1	chr13	20410692	20410923	SINE/MIR	760	-	116	20410808	95616
chr13	110254287	110454287	harbor1	chr13	110297353	110297499	SINE/MIR	475	-	73	110297426	43139
chr13	110254287	110454287	harbor1	chr13	110310781	110310989	SINE/MIR	574	-	104	110310885	56598
chr13	110254287	110454287	harbor1	chr13	110333805	110333965	SINE/MIR	430	-	80	110333885	79598
chr13	100574881	100774881	harbor1	chr13	100614572	100614726	SINE/MIR	612	-	77	100614649	39768
chr13	100574914	100774914	harbor1	chr13	100614572	100614726	SINE/MIR	612	-	77	100614649	39735
chr13	20315123	20515123	harbor1	chr13	20410692	20410923	SINE/MIR	760	-	116	20410808	95685
chr13	94612324	94812324	harbor1	chr13	94620043	94620222	SINE/MIR	466	-	90	94620133	7809
chr13	94612324	94812324	harbor1	chr13	94690912	94691165	SINE/MIR	603	-	126	94691038	78714
chr13	98425553	98625553	harbor1	chr13	98517907	98518128	SINE/MIR	449	-	110	98518017	92464
chr13	51810106	52010106	harbor1	chr13	51840061	51840183	SINE/MIR	421	-	61	51840122	30016
chr13	51810106	52010106	harbor1	chr13	51840339	51840421	SINE/MIR	495	-	41	51840380	30274
chr13	51810106	52010106	harbor1	chr13	51867181	51867380	SINE/MIR	488	-	100	51867281	57175
chr13	51810106	52010106	harbor1	chr13	51875118	51875329	SINE/MIR	802	-	106	51875224	65118
chr13	51810106	52010106	harbor1	chr13	51886319	51886566	SINE/MIR	1065	-	124	51886443	76337
chr13	51810106	52010106	harbor1	chr13	51838832	51839040	SINE/MIR	526	-	104	51838936	28830
chr13	27707987	27907987	harbor1	chr13	27731464	27731593	SINE/MIR	440	-	64	27731528	23541
chr13	27707987	27907987	harbor1	chr13	27742727	27742919	SINE/MIR	561	-	96	27742823	34836
chr13	27707987	27907987	harbor1	chr13	27752779	27752932	SINE/MIR	571	-	76	27752855	44868
chr13	27707987	27907987	harbor1	chr13	27770891	27771059	SINE/MIR	606	-	84	27770975	62988
chr13	27707987	27907987	harbor1	chr13	27780680	27780898	SINE/MIR	693	-	109	27780789	72802
chr13	27707987	27907987	harbor1	chr13	27805485	27805669	SINE/MIR	778	-	92	27805577	97590
chr13	28720365	28920365	harbor1	chr13	28798244	28798450	SINE/MIR	491	-	103	28798347	77982
chr13	28720365	28920365	harbor1	chr13	28804507	28804732	SINE/MIR	446	-	112	28804619	84254
chr13	110254344	110454344	harbor1	chr13	110297353	110297499	SINE/MIR	475	-	73	110297426	43082
chr13	110254344	110454344	harbor1	chr13	110310781	110310989	SINE/MIR	574	-	104	110310885	56541
chr13	110254344	110454344	harbor1	chr13	110333805	110333965	SINE/MIR	430	-	80	110333885	79541
chr13	27925914	28125914	harbor1	chr13	28002601	28002801	SINE/MIR	624	-	100	28002701	76787
chr13	27925914	28125914	harbor1	chr13	28013620	28013767	SINE/MIR	424	-	74	28013694	87780
chr13	27925914	28125914	harbor1	chr13	28024431	28024607	SINE/MIR	471	-	88	28024519	98605
chr13	99473104	99673104	harbor1	chr13	99507075	99507248	SINE/MIR	459	-	86	99507161	34057
chr13	99473104	99673104	harbor1	chr13	99514886	99515060	SINE/MIR	736	-	87	99514973	41869
chr13	99473104	99673104	harbor1	chr13	99515652	99515734	SINE/MIR	722	-	41	99515693	42589
chr13	99473104	99673104	harbor1	chr13	99516032	99516217	SINE/MIR	722	-	92	99516124	43020
chr13	99473104	99673104	harbor1	chr13	99527751	99527958	SINE/MIR	531	-	104	99527855	54751
chr13	19461422	19661422	harbor1	chr13	19550570	19550699	SINE/MIR	437	-	64	19550634	89212
chr13	20315141	20515141	harbor1	chr13	20410692	20410923	SINE/MIR	760	-	116	20410808	95667
chr13	20315163	20515163	harbor1	chr13	20410692	20410923	SINE/MIR	760	-	116	20410808	95645
chr13	100574912	100774912	harbor1	chr13	100614572	100614726	SINE/MIR	612	-	77	100614649	39737
chr13	72959194	73159194	harbor1	chr13	73017839	73018068	SINE/MIR	658	-	114	73017953	58759
chr13	110254257	110454257	harbor1	chr13	110297353	110297499	SINE/MIR	475	-	73	110297426	43169
chr13	110254257	110454257	harbor1	chr13	110310781	110310989	SINE/MIR	574	-	104	110310885	56628
chr13	110254257	110454257	harbor1	chr13	110333805	110333965	SINE/MIR	430	-	80	110333885	79628
chr13	50026224	50226224	harbor1	chr13	50082486	50082708	SINE/MIR	656	-	111	50082597	56373
chr13	50026224	50226224	harbor1	chr13	50083021	50083238	SINE/MIR	764	-	108	50083129	56905
chr13	50026224	50226224	harbor1	chr13	50084838	50084964	SINE/MIR	443	-	63	50084901	58677
chr13	75438285	75638285	harbor1	chr13	75444889	75445126	SINE/MIR	597	-	118	75445007	6722
chr13	75438285	75638285	harbor1	chr13	75464996	75465232	SINE/MIR	707	-	118	75465114	26829
chr13	75438285	75638285	harbor1	chr13	75530693	75530872	SINE/MIR	526	-	90	75530783	92498
chr13	20315167	20515167	harbor1	chr13	20410692	20410923	SINE/MIR	760	-	116	20410808	95641
chr14	99103274	99303274	harbor1	chr14	99118742	99118865	SINE/MIR	615	-	62	99118804	15530
chr14	99103274	99303274	harbor1	chr14	99124275	99124444	SINE/MIR	473	-	84	99124359	21085
chr14	99103274	99303274	harbor1	chr14	99125734	99125935	SINE/MIR	508	-	100	99125834	22560
chr14	99103274	99303274	harbor1	chr14	99127292	99127549	SINE/MIR	622	-	128	99127420	24146
chr14	99103274	99303274	harbor1	chr14	99145934	99146069	SINE/MIR	463	-	68	99146002	42728
chr14	99103274	99303274	harbor1	chr14	99148629	99148833	SINE/MIR	623	-	102	99148731	45457
chr14	99103274	99303274	harbor1	chr14	99158391	99158564	SINE/MIR	678	-	86	99158477	55203
chr14	99103274	99303274	harbor1	chr14	99160563	99160773	SINE/MIR	626	-	105	99160668	57394
chr14	99103274	99303274	harbor1	chr14	99162667	99162888	SINE/MIR	775	-	110	99162777	59503
chr14	99103274	99303274	harbor1	chr14	99184420	99184633	SINE/MIR	547	-	106	99184526	81252
chr14	67140824	67340824	harbor1	chr14	67183334	67183544	SINE/MIR	819	-	105	67183439	42615
chr14	67140824	67340824	harbor1	chr14	67228974	67229175	SINE/MIR	669	-	100	67229074	88250
chr14	67140824	67340824	harbor1	chr14	67234024	67234234	SINE/MIR	880	-	105	67234129	93305
chr14	67140824	67340824	harbor1	chr14	67141475	67141707	SINE/MIR	938	-	116	67141591	767
chr14	99486023	99686023	harbor1	chr14	99519420	99519540	SINE/MIR	465	-	60	99519480	33457
chr14	99486023	99686023	harbor1	chr14	99529904	99530091	SINE/MIR	636	-	94	99529998	43975
chr14	99486023	99686023	harbor1	chr14	99557062	99557302	SINE/MIR	714	-	120	99557182	71159
chr14	99486023	99686023	harbor1	chr14	99566241	99566448	SINE/MIR	480	-	104	99566345	80322
chr14	99486023	99686023	harbor1	chr14	99570140	99570338	SINE/MIR	449	-	99	99570239	84216
chr14	24016236	24216236	harbor1	chr14	24038362	24038555	SINE/MIR	529	-	96	24038458	22222
chr14	24016236	24216236	harbor1	chr14	24104882	24104916	SINE/MIR	497	-	17	24104899	88663
chr14	24016236	24216236	harbor1	chr14	24105423	24105558	SINE/MIR	497	-	68	24105491	89255
chr14	88724597	88924597	harbor1	chr14	88743454	88743666	SINE/MIR	537	-	106	88743560	18963
chr14	103423043	103623043	harbor1	chr14	103454704	103454893	SINE/MIR	450	-	94	103454798	31755
chr14	64194243	64394243	harbor1	chr14	64265294	64265530	SINE/MIR	638	-	118	64265412	71169
chr14	66383081	66583081	harbor1	chr14	66394020	66394274	SINE/MIR	709	-	127	66394147	11066
chr14	66383081	66583081	harbor1	chr14	66400532	66400758	SINE/MIR	921	-	113	66400645	17564
chr14	66383081	66583081	harbor1	chr14	66413209	66413355	SINE/MIR	465	-	73	66413282	30201
chr14	66383081	66583081	harbor1	chr14	66424465	66424687	SINE/MIR	555	-	111	66424576	41495
chr14	66383081	66583081	harbor1	chr14	66454977	66455110	SINE/MIR	712	-	66	66455043	71962
chr14	67140760	67340760	harbor1	chr14	67183334	67183544	SINE/MIR	819	-	105	67183439	42679
chr14	67140760	67340760	harbor1	chr14	67228974	67229175	SINE/MIR	669	-	100	67229074	88314
chr14	67140760	67340760	harbor1	chr14	67234024	67234234	SINE/MIR	880	-	105	67234129	93369
chr14	67140760	67340760	harbor1	chr14	67141475	67141707	SINE/MIR	938	-	116	67141591	831
chr14	99583656	99783656	harbor1	chr14	99597932	99598083	SINE/MIR	481	-	76	99598008	14352
chr14	99583656	99783656	harbor1	chr14	99608687	99608940	SINE/MIR	927	-	126	99608813	25157
chr14	99583656	99783656	harbor1	chr14	99637762	99637970	SINE/MIR	590	-	104	99637866	54210
chr14	99583656	99783656	harbor1	chr14	99648242	99648479	SINE/MIR	622	-	118	99648360	64704
chr14	99583656	99783656	harbor1	chr14	99653087	99653314	SINE/MIR	710	-	114	99653201	69545
chr14	99583656	99783656	harbor1	chr14	99668389	99668515	SINE/MIR	461	-	63	99668452	84796
chr14	99583656	99783656	harbor1	chr14	99678942	99679161	SINE/MIR	471	-	110	99679052	95396
chr14	67140882	67340882	harbor1	chr14	67183334	67183544	SINE/MIR	819	-	105	67183439	42557
chr14	67140882	67340882	harbor1	chr14	67228974	67229175	SINE/MIR	669	-	100	67229074	88192
chr14	67140882	67340882	harbor1	chr14	67234024	67234234	SINE/MIR	880	-	105	67234129	93247
chr14	67140882	67340882	harbor1	chr14	67141475	67141707	SINE/MIR	938	-	116	67141591	709
chr14	100183362	100383362	harbor1	chr14	100219231	100219402	SINE/MIR	482	-	86	100219317	35955
chr14	100183362	100383362	harbor1	chr14	100231393	100231531	SINE/MIR	449	-	69	100231462	48100
chr14	75327984	75527984	harbor1	chr14	75338833	75339024	SINE/MIR	601	-	96	75338929	10945
chr14	75327984	75527984	harbor1	chr14	75362907	75363089	SINE/MIR	518	-	91	75362998	35014
chr14	75327984	75527984	harbor1	chr14	75363597	75363791	SINE/MIR	467	-	97	75363694	35710
chr14	75327984	75527984	harbor1	chr14	75364538	75364747	SINE/MIR	583	-	104	75364642	36658
chr14	75327984	75527984	harbor1	chr14	75375183	75375359	SINE/MIR	538	-	88	75375271	47287
chr14	75327984	75527984	harbor1	chr14	75392694	75392931	SINE/MIR	634	-	118	75392812	64828
chr14	75327984	75527984	harbor1	chr14	75411226	75411446	SINE/MIR	601	-	110	75411336	83352
chr14	75327984	75527984	harbor1	chr14	75417974	75418213	SINE/MIR	911	-	120	75418094	90110
chr14	75327984	75527984	harbor1	chr14	75420384	75420517	SINE/MIR	457	-	66	75420450	92466
chr14	100185484	100385484	harbor1	chr14	100219231	100219402	SINE/MIR	482	-	86	100219317	33833
chr14	100185484	100385484	harbor1	chr14	100231393	100231531	SINE/MIR	449	-	69	100231462	45978
chr14	23961782	24161782	harbor1	chr14	24038362	24038555	SINE/MIR	529	-	96	24038458	76676
chr14	63247906	63447906	harbor1	chr14	63263024	63263268	SINE/MIR	694	-	122	63263146	15240
chr14	63247906	63447906	harbor1	chr14	63274620	63274825	SINE/MIR	624	-	102	63274722	26816
chr14	63247906	63447906	harbor1	chr14	63285111	63285293	SINE/MIR	812	-	91	63285202	37296
chr14	90282762	90482762	harbor1	chr14	90302025	90302204	SINE/MIR	462	-	90	90302115	19353
chr14	90282762	90482762	harbor1	chr14	90310085	90310251	SINE/MIR	505	-	83	90310168	27406
chr14	90282762	90482762	harbor1	chr14	90320738	90320903	SINE/MIR	609	-	82	90320820	38058
chr14	90283216	90483216	harbor1	chr14	90302025	90302204	SINE/MIR	462	-	90	90302115	18899
chr14	90283216	90483216	harbor1	chr14	90310085	90310251	SINE/MIR	505	-	83	90310168	26952
chr14	90283216	90483216	harbor1	chr14	90320738	90320903	SINE/MIR	609	-	82	90320820	37604
chr14	99493319	99693319	harbor1	chr14	99519420	99519540	SINE/MIR	465	-	60	99519480	26161
chr14	99493319	99693319	harbor1	chr14	99529904	99530091	SINE/MIR	636	-	94	99529998	36679
chr14	99493319	99693319	harbor1	chr14	99557062	99557302	SINE/MIR	714	-	120	99557182	63863
chr14	99493319	99693319	harbor1	chr14	99566241	99566448	SINE/MIR	480	-	104	99566345	73026
chr14	99493319	99693319	harbor1	chr14	99570140	99570338	SINE/MIR	449	-	99	99570239	76920
chr14	57989413	58189413	harbor1	chr14	58020059	58020232	SINE/MIR	649	-	86	58020145	30732
chr14	57989413	58189413	harbor1	chr14	58047398	58047656	SINE/MIR	1081	-	129	58047527	58114
chr14	57989413	58189413	harbor1	chr14	58057317	58057529	SINE/MIR	636	-	106	58057423	68010
chr14	57989413	58189413	harbor1	chr14	58062600	58062807	SINE/MIR	770	-	104	58062704	73291
chr14	57989413	58189413	harbor1	chr14	58077658	58077819	SINE/MIR	539	-	80	58077738	88325
chr14	57989413	58189413	harbor1	chr14	58082423	58082584	SINE/MIR	466	-	80	58082503	93090
chr14	67488947	67688947	harbor1	chr14	67494353	67494457	SINE/MIR	458	-	52	67494405	5458
chr14	67488947	67688947	harbor1	chr14	67517716	67517905	SINE/MIR	587	-	94	67517810	28863
chr14	67488947	67688947	harbor1	chr14	67530188	67530424	SINE/MIR	581	-	118	67530306	41359
chr14	67488947	67688947	harbor1	chr14	67535927	67536081	SINE/MIR	470	-	77	67536004	47057
chr14	67488947	67688947	harbor1	chr14	67551350	67551586	SINE/MIR	600	-	118	67551468	62521
chr14	67488947	67688947	harbor1	chr14	67568865	67569072	SINE/MIR	671	-	104	67568969	80022
chr14	67488947	67688947	harbor1	chr14	67572596	67572721	SINE/MIR	479	-	62	67572658	83711
chr14	67488947	67688947	harbor1	chr14	67583258	67583388	SINE/MIR	472	-	65	67583323	94376
chr14	54388477	54588477	harbor1	chr14	54399563	54399702	SINE/MIR	522	-	70	54399633	11156
chr14	54388477	54588477	harbor1	chr14	54415229	54415468	SINE/MIR	867	-	120	54415349	26872
chr14	54388477	54588477	harbor1	chr14	54486633	54486857	SINE/MIR	748	-	112	54486745	98268
chr14	73659272	73859272	harbor1	chr14	73742913	73743115	SINE/MIR	690	-	101	73743014	83742
chr14	73659272	73859272	harbor1	chr14	73750924	73751020	SINE/MIR	658	-	48	73750972	91700
chr14	73659272	73859272	harbor1	chr14	73751151	73751284	SINE/MIR	658	-	66	73751217	91945
chr14	73659272	73859272	harbor1	chr14	73755881	73756100	SINE/MIR	700	-	110	73755991	96719
chr14	75328384	75528384	harbor1	chr14	75338833	75339024	SINE/MIR	601	-	96	75338929	10545
chr14	75328384	75528384	harbor1	chr14	75362907	75363089	SINE/MIR	518	-	91	75362998	34614
chr14	75328384	75528384	harbor1	chr14	75363597	75363791	SINE/MIR	467	-	97	75363694	35310
chr14	75328384	75528384	harbor1	chr14	75364538	75364747	SINE/MIR	583	-	104	75364642	36258
chr14	75328384	75528384	harbor1	chr14	75375183	75375359	SINE/MIR	538	-	88	75375271	46887
chr14	75328384	75528384	harbor1	chr14	75392694	75392931	SINE/MIR	634	-	118	75392812	64428
chr14	75328384	75528384	harbor1	chr14	75411226	75411446	SINE/MIR	601	-	110	75411336	82952
chr14	75328384	75528384	harbor1	chr14	75417974	75418213	SINE/MIR	911	-	120	75418094	89710
chr14	75328384	75528384	harbor1	chr14	75420384	75420517	SINE/MIR	457	-	66	75420450	92066
chr14	51349924	51549924	harbor1	chr14	51354738	51354881	SINE/MIR	629	-	72	51354810	4886
chr14	51349924	51549924	harbor1	chr14	51393107	51393260	SINE/MIR	536	-	76	51393183	43259
chr14	51349924	51549924	harbor1	chr14	51393314	51393478	SINE/MIR	493	-	82	51393396	43472
chr14	51349924	51549924	harbor1	chr14	51440732	51440906	SINE/MIR	574	-	87	51440819	90895
chr14	51349924	51549924	harbor1	chr14	51445867	51446110	SINE/MIR	529	-	122	51445989	96065
chr14	104195767	104395767	harbor1	chr14	104228613	104228791	SINE/MIR	536	-	89	104228702	32935
chr14	65117756	65317756	harbor1	chr14	65132194	65132243	SINE/MIR	708	-	24	65132218	14462
chr14	65117756	65317756	harbor1	chr14	65132555	65132728	SINE/MIR	708	-	86	65132641	14885
chr14	65117756	65317756	harbor1	chr14	65145928	65146137	SINE/MIR	817	-	104	65146032	28276
chr14	65117756	65317756	harbor1	chr14	65152314	65152378	SINE/MIR	763	-	32	65152346	34590
chr14	65117756	65317756	harbor1	chr14	65152683	65152855	SINE/MIR	763	-	86	65152769	35013
chr14	65117756	65317756	harbor1	chr14	65156082	65156317	SINE/MIR	895	-	118	65156200	38444
chr14	65117756	65317756	harbor1	chr14	65181494	65181697	SINE/MIR	637	-	102	65181596	63840
chr14	65117756	65317756	harbor1	chr14	65181851	65182091	SINE/MIR	626	-	120	65181971	64215
chr14	65117756	65317756	harbor1	chr14	65186421	65186591	SINE/MIR	558	-	85	65186506	68750
chr14	65117756	65317756	harbor1	chr14	65189653	65189809	SINE/MIR	604	-	78	65189731	71975
chr14	65117756	65317756	harbor1	chr14	65200431	65200684	SINE/MIR	854	-	126	65200557	82801
chr14	65117756	65317756	harbor1	chr14	65206687	65206928	SINE/MIR	679	-	120	65206807	89051
chr14	103423133	103623133	harbor1	chr14	103454704	103454893	SINE/MIR	450	-	94	103454798	31665
chr14	93015942	93215942	harbor1	chr14	93027356	93027563	SINE/MIR	682	-	104	93027460	11518
chr14	93015942	93215942	harbor1	chr14	93065404	93065656	SINE/MIR	463	-	126	93065530	49588
chr14	93015942	93215942	harbor1	chr14	93073089	93073247	SINE/MIR	589	-	79	93073168	57226
chr14	93015942	93215942	harbor1	chr14	93109984	93110158	SINE/MIR	520	-	87	93110071	94129
chr14	99493150	99693150	harbor1	chr14	99519420	99519540	SINE/MIR	465	-	60	99519480	26330
chr14	99493150	99693150	harbor1	chr14	99529904	99530091	SINE/MIR	636	-	94	99529998	36848
chr14	99493150	99693150	harbor1	chr14	99557062	99557302	SINE/MIR	714	-	120	99557182	64032
chr14	99493150	99693150	harbor1	chr14	99566241	99566448	SINE/MIR	480	-	104	99566345	73195
chr14	99493150	99693150	harbor1	chr14	99570140	99570338	SINE/MIR	449	-	99	99570239	77089
chr14	90283244	90483244	harbor1	chr14	90302025	90302204	SINE/MIR	462	-	90	90302115	18871
chr14	90283244	90483244	harbor1	chr14	90310085	90310251	SINE/MIR	505	-	83	90310168	26924
chr14	90283244	90483244	harbor1	chr14	90320738	90320903	SINE/MIR	609	-	82	90320820	37576
chr14	23419129	23619129	harbor1	chr14	23426189	23426408	SINE/MIR	576	-	110	23426299	7170
chr14	23419129	23619129	harbor1	chr14	23493956	23494131	SINE/MIR	485	-	88	23494044	74915
chr14	23477321	23677321	harbor1	chr14	23493956	23494131	SINE/MIR	485	-	88	23494044	16723
chr14	23477321	23677321	harbor1	chr14	23543151	23543387	SINE/MIR	690	-	118	23543269	65948
chr14	23477321	23677321	harbor1	chr14	23552915	23553164	SINE/MIR	691	-	124	23553039	75718
chr14	100224155	100424155	harbor1	chr14	100231393	100231531	SINE/MIR	449	-	69	100231462	7307
chr14	100224155	100424155	harbor1	chr14	100321723	100321875	SINE/MIR	505	-	76	100321799	97644
chr14	71625517	71825517	harbor1	chr14	71629251	71629455	SINE/MIR	555	-	102	71629353	3836
chr14	71625517	71825517	harbor1	chr14	71662372	71662612	SINE/MIR	635	-	120	71662492	36975
chr14	75328363	75528363	harbor1	chr14	75338833	75339024	SINE/MIR	601	-	96	75338929	10566
chr14	75328363	75528363	harbor1	chr14	75362907	75363089	SINE/MIR	518	-	91	75362998	34635
chr14	75328363	75528363	harbor1	chr14	75363597	75363791	SINE/MIR	467	-	97	75363694	35331
chr14	75328363	75528363	harbor1	chr14	75364538	75364747	SINE/MIR	583	-	104	75364642	36279
chr14	75328363	75528363	harbor1	chr14	75375183	75375359	SINE/MIR	538	-	88	75375271	46908
chr14	75328363	75528363	harbor1	chr14	75392694	75392931	SINE/MIR	634	-	118	75392812	64449
chr14	75328363	75528363	harbor1	chr14	75411226	75411446	SINE/MIR	601	-	110	75411336	82973
chr14	75328363	75528363	harbor1	chr14	75417974	75418213	SINE/MIR	911	-	120	75418094	89731
chr14	75328363	75528363	harbor1	chr14	75420384	75420517	SINE/MIR	457	-	66	75420450	92087
chr14	75328401	75528401	harbor1	chr14	75338833	75339024	SINE/MIR	601	-	96	75338929	10528
chr14	75328401	75528401	harbor1	chr14	75362907	75363089	SINE/MIR	518	-	91	75362998	34597
chr14	75328401	75528401	harbor1	chr14	75363597	75363791	SINE/MIR	467	-	97	75363694	35293
chr14	75328401	75528401	harbor1	chr14	75364538	75364747	SINE/MIR	583	-	104	75364642	36241
chr14	75328401	75528401	harbor1	chr14	75375183	75375359	SINE/MIR	538	-	88	75375271	46870
chr14	75328401	75528401	harbor1	chr14	75392694	75392931	SINE/MIR	634	-	118	75392812	64411
chr14	75328401	75528401	harbor1	chr14	75411226	75411446	SINE/MIR	601	-	110	75411336	82935
chr14	75328401	75528401	harbor1	chr14	75417974	75418213	SINE/MIR	911	-	120	75418094	89693
chr14	75328401	75528401	harbor1	chr14	75420384	75420517	SINE/MIR	457	-	66	75420450	92049
chr14	90282174	90482174	harbor1	chr14	90302025	90302204	SINE/MIR	462	-	90	90302115	19941
chr14	90282174	90482174	harbor1	chr14	90310085	90310251	SINE/MIR	505	-	83	90310168	27994
chr14	90282174	90482174	harbor1	chr14	90320738	90320903	SINE/MIR	609	-	82	90320820	38646
chr14	73660276	73860276	harbor1	chr14	73742913	73743115	SINE/MIR	690	-	101	73743014	82738
chr14	73660276	73860276	harbor1	chr14	73750924	73751020	SINE/MIR	658	-	48	73750972	90696
chr14	73660276	73860276	harbor1	chr14	73751151	73751284	SINE/MIR	658	-	66	73751217	90941
chr14	73660276	73860276	harbor1	chr14	73755881	73756100	SINE/MIR	700	-	110	73755991	95715
chr14	100229913	100429913	harbor1	chr14	100231393	100231531	SINE/MIR	449	-	69	100231462	1549
chr14	100229913	100429913	harbor1	chr14	100321723	100321875	SINE/MIR	505	-	76	100321799	91886
chr14	24047678	24247678	harbor1	chr14	24104882	24104916	SINE/MIR	497	-	17	24104899	57221
chr14	24047678	24247678	harbor1	chr14	24105423	24105558	SINE/MIR	497	-	68	24105491	57813
chr14	24047678	24247678	harbor1	chr14	24144548	24144802	SINE/MIR	800	-	127	24144675	96997
chr14	100185630	100385630	harbor1	chr14	100219231	100219402	SINE/MIR	482	-	86	100219317	33687
chr14	100185630	100385630	harbor1	chr14	100231393	100231531	SINE/MIR	449	-	69	100231462	45832
chr14	100118258	100318258	harbor1	chr14	100128915	100129117	SINE/MIR	618	-	101	100129016	10758
chr14	100118258	100318258	harbor1	chr14	100160998	100161135	SINE/MIR	479	-	68	100161066	42808
chr14	103419639	103619639	harbor1	chr14	103454704	103454893	SINE/MIR	450	-	94	103454798	35159
chr14	67482246	67682246	harbor1	chr14	67482909	67483000	SINE/MIR	538	-	46	67482955	709
chr14	67482246	67682246	harbor1	chr14	67483311	67483406	SINE/MIR	538	-	48	67483359	1113
chr14	67482246	67682246	harbor1	chr14	67494353	67494457	SINE/MIR	458	-	52	67494405	12159
chr14	67482246	67682246	harbor1	chr14	67517716	67517905	SINE/MIR	587	-	94	67517810	35564
chr14	67482246	67682246	harbor1	chr14	67530188	67530424	SINE/MIR	581	-	118	67530306	48060
chr14	67482246	67682246	harbor1	chr14	67535927	67536081	SINE/MIR	470	-	77	67536004	53758
chr14	67482246	67682246	harbor1	chr14	67551350	67551586	SINE/MIR	600	-	118	67551468	69222
chr14	67482246	67682246	harbor1	chr14	67568865	67569072	SINE/MIR	671	-	104	67568969	86723
chr14	67482246	67682246	harbor1	chr14	67572596	67572721	SINE/MIR	479	-	62	67572658	90412
chr14	72958440	73158440	harbor1	chr14	72965650	72965812	SINE/MIR	457	-	81	72965731	7291
chr14	72958440	73158440	harbor1	chr14	73023682	73023928	SINE/MIR	578	-	123	73023805	65365
chr14	75328399	75528399	harbor1	chr14	75338833	75339024	SINE/MIR	601	-	96	75338929	10530
chr14	75328399	75528399	harbor1	chr14	75362907	75363089	SINE/MIR	518	-	91	75362998	34599
chr14	75328399	75528399	harbor1	chr14	75363597	75363791	SINE/MIR	467	-	97	75363694	35295
chr14	75328399	75528399	harbor1	chr14	75364538	75364747	SINE/MIR	583	-	104	75364642	36243
chr14	75328399	75528399	harbor1	chr14	75375183	75375359	SINE/MIR	538	-	88	75375271	46872
chr14	75328399	75528399	harbor1	chr14	75392694	75392931	SINE/MIR	634	-	118	75392812	64413
chr14	75328399	75528399	harbor1	chr14	75411226	75411446	SINE/MIR	601	-	110	75411336	82937
chr14	75328399	75528399	harbor1	chr14	75417974	75418213	SINE/MIR	911	-	120	75418094	89695
chr14	75328399	75528399	harbor1	chr14	75420384	75420517	SINE/MIR	457	-	66	75420450	92051
chr14	88724593	88924593	harbor1	chr14	88743454	88743666	SINE/MIR	537	-	106	88743560	18967
chr14	67141311	67341311	harbor1	chr14	67183334	67183544	SINE/MIR	819	-	105	67183439	42128
chr14	67141311	67341311	harbor1	chr14	67228974	67229175	SINE/MIR	669	-	100	67229074	87763
chr14	67141311	67341311	harbor1	chr14	67234024	67234234	SINE/MIR	880	-	105	67234129	92818
chr14	67141311	67341311	harbor1	chr14	67141475	67141707	SINE/MIR	938	-	116	67141591	280
chr14	24047662	24247662	harbor1	chr14	24104882	24104916	SINE/MIR	497	-	17	24104899	57237
chr14	24047662	24247662	harbor1	chr14	24105423	24105558	SINE/MIR	497	-	68	24105491	57829
chr14	24047662	24247662	harbor1	chr14	24144548	24144802	SINE/MIR	800	-	127	24144675	97013
chr14	67108235	67308235	harbor1	chr14	67183334	67183544	SINE/MIR	819	-	105	67183439	75204
chr14	67108235	67308235	harbor1	chr14	67141475	67141707	SINE/MIR	938	-	116	67141591	33356
chr14	94469585	94669585	harbor1	chr14	94480338	94480537	SINE/MIR	503	-	100	94480438	10853
chr14	94469585	94669585	harbor1	chr14	94497556	94497751	SINE/MIR	531	-	98	94497654	28069
chr14	94469585	94669585	harbor1	chr14	94542084	94542293	SINE/MIR	456	-	104	94542188	72603
chr14	94469585	94669585	harbor1	chr14	94545004	94545130	SINE/MIR	654	-	63	94545067	75482
chr14	94469585	94669585	harbor1	chr14	94559381	94559557	SINE/MIR	599	-	88	94559469	89884
chr14	94469585	94669585	harbor1	chr14	94535635	94535868	SINE/MIR	537	-	116	94535751	66166
chr14	100182074	100382074	harbor1	chr14	100219231	100219402	SINE/MIR	482	-	86	100219317	37243
chr14	100182074	100382074	harbor1	chr14	100231393	100231531	SINE/MIR	449	-	69	100231462	49388
chr14	21337357	21537357	harbor1	chr14	21423764	21423990	SINE/MIR	1010	-	113	21423877	86520
chr14	24047772	24247772	harbor1	chr14	24104882	24104916	SINE/MIR	497	-	17	24104899	57127
chr14	24047772	24247772	harbor1	chr14	24105423	24105558	SINE/MIR	497	-	68	24105491	57719
chr14	24047772	24247772	harbor1	chr14	24144548	24144802	SINE/MIR	800	-	127	24144675	96903
chr14	100146444	100346444	harbor1	chr14	100160998	100161135	SINE/MIR	479	-	68	100161066	14622
chr14	100146444	100346444	harbor1	chr14	100219231	100219402	SINE/MIR	482	-	86	100219317	72873
chr14	100146444	100346444	harbor1	chr14	100231393	100231531	SINE/MIR	449	-	69	100231462	85018
chr14	99493157	99693157	harbor1	chr14	99519420	99519540	SINE/MIR	465	-	60	99519480	26323
chr14	99493157	99693157	harbor1	chr14	99529904	99530091	SINE/MIR	636	-	94	99529998	36841
chr14	99493157	99693157	harbor1	chr14	99557062	99557302	SINE/MIR	714	-	120	99557182	64025
chr14	99493157	99693157	harbor1	chr14	99566241	99566448	SINE/MIR	480	-	104	99566345	73188
chr14	99493157	99693157	harbor1	chr14	99570140	99570338	SINE/MIR	449	-	99	99570239	77082
chr14	90283172	90483172	harbor1	chr14	90302025	90302204	SINE/MIR	462	-	90	90302115	18943
chr14	90283172	90483172	harbor1	chr14	90310085	90310251	SINE/MIR	505	-	83	90310168	26996
chr14	90283172	90483172	harbor1	chr14	90320738	90320903	SINE/MIR	609	-	82	90320820	37648
chr14	92893583	93093583	harbor1	chr14	92897941	92898080	SINE/MIR	652	-	70	92898011	4428
chr14	92893583	93093583	harbor1	chr14	92898212	92898452	SINE/MIR	719	-	120	92898332	4749
chr14	92893583	93093583	harbor1	chr14	92916557	92916696	SINE/MIR	449	-	70	92916627	23044
chr14	92893583	93093583	harbor1	chr14	92925716	92925862	SINE/MIR	599	-	73	92925789	32206
chr14	92893583	93093583	harbor1	chr14	92931773	92931968	SINE/MIR	862	-	98	92931871	38288
chr14	92893583	93093583	harbor1	chr14	92964900	92965111	SINE/MIR	615	-	106	92965006	71423
chr14	92893583	93093583	harbor1	chr14	92985850	92986011	SINE/MIR	610	-	80	92985930	92347
chr14	100185510	100385510	harbor1	chr14	100219231	100219402	SINE/MIR	482	-	86	100219317	33807
chr14	100185510	100385510	harbor1	chr14	100231393	100231531	SINE/MIR	449	-	69	100231462	45952
chr14	75328390	75528390	harbor1	chr14	75338833	75339024	SINE/MIR	601	-	96	75338929	10539
chr14	75328390	75528390	harbor1	chr14	75362907	75363089	SINE/MIR	518	-	91	75362998	34608
chr14	75328390	75528390	harbor1	chr14	75363597	75363791	SINE/MIR	467	-	97	75363694	35304
chr14	75328390	75528390	harbor1	chr14	75364538	75364747	SINE/MIR	583	-	104	75364642	36252
chr14	75328390	75528390	harbor1	chr14	75375183	75375359	SINE/MIR	538	-	88	75375271	46881
chr14	75328390	75528390	harbor1	chr14	75392694	75392931	SINE/MIR	634	-	118	75392812	64422
chr14	75328390	75528390	harbor1	chr14	75411226	75411446	SINE/MIR	601	-	110	75411336	82946
chr14	75328390	75528390	harbor1	chr14	75417974	75418213	SINE/MIR	911	-	120	75418094	89704
chr14	75328390	75528390	harbor1	chr14	75420384	75420517	SINE/MIR	457	-	66	75420450	92060
chr14	100229963	100429963	harbor1	chr14	100231393	100231531	SINE/MIR	449	-	69	100231462	1499
chr14	100229963	100429963	harbor1	chr14	100321723	100321875	SINE/MIR	505	-	76	100321799	91836
chr14	23251947	23451947	harbor1	chr14	23304124	23304351	SINE/MIR	898	-	114	23304238	52291
chr14	73999218	74199218	harbor1	chr14	74002015	74002269	SINE/MIR	848	-	127	74002142	2924
chr14	73999218	74199218	harbor1	chr14	74023968	74024171	SINE/MIR	460	-	102	74024070	24852
chr14	73999218	74199218	harbor1	chr14	74063495	74063583	SINE/MIR	502	-	44	74063539	64321
chr14	73999218	74199218	harbor1	chr14	74063882	74063980	SINE/MIR	502	-	49	74063931	64713
chr14	71816792	72016792	harbor1	chr14	71832917	71833149	SINE/MIR	687	-	116	71833033	16241
chr14	100581636	100781636	harbor1	chr14	100633822	100634050	SINE/MIR	471	-	114	100633936	52300
chr14	100581636	100781636	harbor1	chr14	100663242	100663423	SINE/MIR	709	-	90	100663332	81696
chr14	20369071	20569071	harbor1	chr14	20385299	20385359	SINE/MIR	476	-	30	20385329	16258
chr14	20369071	20569071	harbor1	chr14	20385673	20385841	SINE/MIR	476	-	84	20385757	16686
chr14	20369071	20569071	harbor1	chr14	20402493	20402741	SINE/MIR	894	-	124	20402617	33546
chr14	20369071	20569071	harbor1	chr14	20406858	20407076	SINE/MIR	578	-	109	20406967	37896
chr14	20369071	20569071	harbor1	chr14	20467260	20467488	SINE/MIR	494	-	114	20467374	98303
chr14	75328424	75528424	harbor1	chr14	75338833	75339024	SINE/MIR	601	-	96	75338929	10505
chr14	75328424	75528424	harbor1	chr14	75362907	75363089	SINE/MIR	518	-	91	75362998	34574
chr14	75328424	75528424	harbor1	chr14	75363597	75363791	SINE/MIR	467	-	97	75363694	35270
chr14	75328424	75528424	harbor1	chr14	75364538	75364747	SINE/MIR	583	-	104	75364642	36218
chr14	75328424	75528424	harbor1	chr14	75375183	75375359	SINE/MIR	538	-	88	75375271	46847
chr14	75328424	75528424	harbor1	chr14	75392694	75392931	SINE/MIR	634	-	118	75392812	64388
chr14	75328424	75528424	harbor1	chr14	75411226	75411446	SINE/MIR	601	-	110	75411336	82912
chr14	75328424	75528424	harbor1	chr14	75417974	75418213	SINE/MIR	911	-	120	75418094	89670
chr14	75328424	75528424	harbor1	chr14	75420384	75420517	SINE/MIR	457	-	66	75420450	92026
chr14	23252088	23452088	harbor1	chr14	23304124	23304351	SINE/MIR	898	-	114	23304238	52150
chr14	21337368	21537368	harbor1	chr14	21423764	21423990	SINE/MIR	1010	-	113	21423877	86509
chr14	50142883	50342883	harbor1	chr14	50165763	50165983	SINE/MIR	708	-	110	50165873	22990
chr14	50142883	50342883	harbor1	chr14	50176540	50176727	SINE/MIR	639	-	94	50176634	33751
chr14	50142883	50342883	harbor1	chr14	50177026	50177092	SINE/MIR	516	-	33	50177059	34176
chr14	50142883	50342883	harbor1	chr14	50185787	50185958	SINE/MIR	800	-	86	50185873	42990
chr14	20357270	20557270	harbor1	chr14	20364962	20365147	SINE/MIR	536	-	92	20365054	7784
chr14	20357270	20557270	harbor1	chr14	20385299	20385359	SINE/MIR	476	-	30	20385329	28059
chr14	20357270	20557270	harbor1	chr14	20385673	20385841	SINE/MIR	476	-	84	20385757	28487
chr14	20357270	20557270	harbor1	chr14	20402493	20402741	SINE/MIR	894	-	124	20402617	45347
chr14	20357270	20557270	harbor1	chr14	20406858	20407076	SINE/MIR	578	-	109	20406967	49697
chr14	99416276	99616276	harbor1	chr14	99421628	99421829	SINE/MIR	570	-	100	99421728	5452
chr14	99416276	99616276	harbor1	chr14	99454619	99454838	SINE/MIR	461	-	110	99454729	38453
chr14	95435221	95635221	harbor1	chr14	95457690	95457931	SINE/MIR	773	-	120	95457810	22589
chr14	95435221	95635221	harbor1	chr14	95467202	95467413	SINE/MIR	623	-	106	95467308	32087
chr14	95435221	95635221	harbor1	chr14	95474894	95475073	SINE/MIR	563	-	90	95474984	39763
chr14	95435221	95635221	harbor1	chr14	95482726	95482982	SINE/MIR	513	-	128	95482854	47633
chr14	95435221	95635221	harbor1	chr14	95490435	95490591	SINE/MIR	455	-	78	95490513	55292
chr14	95435221	95635221	harbor1	chr14	95493235	95493501	SINE/MIR	637	-	133	95493368	58147
chr14	95435221	95635221	harbor1	chr14	95503320	95503494	SINE/MIR	540	-	87	95503407	68186
chr14	95435221	95635221	harbor1	chr14	95506747	95506897	SINE/MIR	500	-	75	95506822	71601
chr14	95435221	95635221	harbor1	chr14	95514532	95514746	SINE/MIR	476	-	107	95514639	79418
chr14	95435221	95635221	harbor1	chr14	95522881	95523097	SINE/MIR	715	-	108	95522989	87768
chr14	100012246	100212246	harbor1	chr14	100033317	100033541	SINE/MIR	518	-	112	100033429	21183
chr14	100012246	100212246	harbor1	chr14	100033633	100033870	SINE/MIR	544	-	118	100033751	21505
chr14	100012246	100212246	harbor1	chr14	100066223	100066467	SINE/MIR	479	-	122	100066345	54099
chr14	100012246	100212246	harbor1	chr14	100093294	100093462	SINE/MIR	449	-	84	100093378	81132
chr14	100012246	100212246	harbor1	chr14	100111731	100111909	SINE/MIR	565	-	89	100111820	99574
chr14	54692460	54892460	harbor1	chr14	54700186	54700403	SINE/MIR	513	-	108	54700294	7834
chr14	54692460	54892460	harbor1	chr14	54710295	54710540	SINE/MIR	925	-	122	54710417	17957
chr14	54692460	54892460	harbor1	chr14	54759571	54759719	SINE/MIR	505	-	74	54759645	67185
chr14	54692460	54892460	harbor1	chr14	54761120	54761332	SINE/MIR	603	-	106	54761226	68766
chr14	54692460	54892460	harbor1	chr14	54771233	54771435	SINE/MIR	590	-	101	54771334	78874
chr14	67500383	67700383	harbor1	chr14	67517716	67517905	SINE/MIR	587	-	94	67517810	17427
chr14	67500383	67700383	harbor1	chr14	67530188	67530424	SINE/MIR	581	-	118	67530306	29923
chr14	67500383	67700383	harbor1	chr14	67535927	67536081	SINE/MIR	470	-	77	67536004	35621
chr14	67500383	67700383	harbor1	chr14	67551350	67551586	SINE/MIR	600	-	118	67551468	51085
chr14	67500383	67700383	harbor1	chr14	67568865	67569072	SINE/MIR	671	-	104	67568969	68586
chr14	67500383	67700383	harbor1	chr14	67572596	67572721	SINE/MIR	479	-	62	67572658	72275
chr14	67500383	67700383	harbor1	chr14	67583258	67583388	SINE/MIR	472	-	65	67583323	82940
chr14	81336737	81536737	harbor1	chr14	81343755	81343978	SINE/MIR	684	-	112	81343867	7130
chr14	81336737	81536737	harbor1	chr14	81397747	81397981	SINE/MIR	938	-	117	81397864	61127
chr14	81336737	81536737	harbor1	chr14	81409532	81409761	SINE/MIR	525	-	114	81409646	72909
chr14	81336737	81536737	harbor1	chr14	81415208	81415403	SINE/MIR	461	-	98	81415306	78569
chr14	81336737	81536737	harbor1	chr14	81419141	81419354	SINE/MIR	667	-	106	81419247	82510
chr14	81336737	81536737	harbor1	chr14	81426947	81427161	SINE/MIR	636	-	107	81427054	90317
chr14	81336737	81536737	harbor1	chr14	81435375	81435537	SINE/MIR	580	-	81	81435456	98719
chr14	103445438	103645438	harbor1	chr14	103454704	103454893	SINE/MIR	450	-	94	103454798	9360
chr14	91224876	91424876	harbor1	chr14	91254461	91254706	SINE/MIR	945	-	122	91254583	29707
chr14	91224876	91424876	harbor1	chr14	91255929	91256102	SINE/MIR	495	-	86	91256015	31139
chr14	91224876	91424876	harbor1	chr14	91308723	91308842	SINE/MIR	536	-	60	91308783	83907
chr14	91224876	91424876	harbor1	chr14	91323289	91323525	SINE/MIR	729	-	118	91323407	98531
chr14	69474346	69674346	harbor1	chr14	69497158	69497331	SINE/MIR	611	-	86	69497244	22898
chr14	69474346	69674346	harbor1	chr14	69526348	69526533	SINE/MIR	603	-	92	69526440	52094
chr14	69474346	69674346	harbor1	chr14	69556494	69556608	SINE/MIR	734	-	57	69556551	82205
chr14	69474346	69674346	harbor1	chr14	69556739	69556829	SINE/MIR	734	-	45	69556784	82438
chr15	31114834	31314834	harbor1	chr15	31202013	31202233	SINE/MIR	500	-	110	31202123	87289
chr15	89279015	89479015	harbor1	chr15	89281974	89282168	SINE/MIR	791	-	97	89282071	3056
chr15	89279015	89479015	harbor1	chr15	89284088	89284181	SINE/MIR	430	-	46	89284134	5119
chr15	89279015	89479015	harbor1	chr15	89284435	89284572	SINE/MIR	494	-	68	89284503	5488
chr15	89279015	89479015	harbor1	chr15	89291119	89291353	SINE/MIR	427	-	117	89291236	12221
chr15	89279015	89479015	harbor1	chr15	89337959	89338174	SINE/MIR	800	-	108	89338067	59052
chr15	89279015	89479015	harbor1	chr15	89351922	89352061	SINE/MIR	491	-	70	89351992	72977
chr15	89279015	89479015	harbor1	chr15	89352382	89352455	SINE/MIR	491	-	36	89352418	73403
chr15	29169894	29369894	harbor1	chr15	29249660	29249703	SINE/MIR	484	-	22	29249682	79788
chr15	29169894	29369894	harbor1	chr15	29250125	29250260	SINE/MIR	484	-	68	29250193	80299
chr15	29169894	29369894	harbor1	chr15	29267386	29267565	SINE/MIR	437	-	90	29267476	97582
chr15	50319048	50519048	harbor1	chr15	50349335	50349537	SINE/MIR	736	-	101	50349436	30388
chr15	50319048	50519048	harbor1	chr15	50360139	50360350	SINE/MIR	831	-	106	50360245	41197
chr15	50319048	50519048	harbor1	chr15	50405312	50405532	SINE/MIR	862	-	110	50405422	86374
chr15	32313757	32513757	harbor1	chr15	32350336	32350494	SINE/MIR	486	-	79	32350415	36658
chr15	32313757	32513757	harbor1	chr15	32356454	32356645	SINE/MIR	612	-	96	32356550	42793
chr15	32313757	32513757	harbor1	chr15	32357732	32357948	SINE/MIR	439	-	108	32357840	44083
chr15	32313757	32513757	harbor1	chr15	32361719	32361934	SINE/MIR	629	-	108	32361827	48070
chr15	32313757	32513757	harbor1	chr15	32397788	32397974	SINE/MIR	468	-	93	32397881	84124
chr15	67421763	67621763	harbor1	chr15	67443794	67444023	SINE/MIR	722	-	114	67443908	22145
chr15	67421763	67621763	harbor1	chr15	67469700	67469883	SINE/MIR	446	-	92	67469792	48029
chr15	67421763	67621763	harbor1	chr15	67471383	67471584	SINE/MIR	602	-	100	67471483	49720
chr15	67421763	67621763	harbor1	chr15	67479145	67479345	SINE/MIR	610	-	100	67479245	57482
chr15	67421763	67621763	harbor1	chr15	67493186	67493354	SINE/MIR	418	-	84	67493270	71507
chr15	67421763	67621763	harbor1	chr15	67510058	67510199	SINE/MIR	460	-	70	67510128	88365
chr15	35446216	35646216	harbor1	chr15	35468156	35468338	SINE/MIR	565	-	91	35468247	22031
chr15	35446216	35646216	harbor1	chr15	35485002	35485205	SINE/MIR	906	-	102	35485104	38888
chr15	35446216	35646216	harbor1	chr15	35492607	35492877	SINE/MIR	754	-	135	35492742	46526
chr15	35446216	35646216	harbor1	chr15	35503751	35503919	SINE/MIR	770	-	84	35503835	57619
chr15	35446216	35646216	harbor1	chr15	35516356	35516559	SINE/MIR	564	-	102	35516458	70242
chr15	35446216	35646216	harbor1	chr15	35518813	35519006	SINE/MIR	438	-	96	35518909	72693
chr15	35446299	35646299	harbor1	chr15	35468156	35468338	SINE/MIR	565	-	91	35468247	21948
chr15	35446299	35646299	harbor1	chr15	35485002	35485205	SINE/MIR	906	-	102	35485104	38805
chr15	35446299	35646299	harbor1	chr15	35492607	35492877	SINE/MIR	754	-	135	35492742	46443
chr15	35446299	35646299	harbor1	chr15	35503751	35503919	SINE/MIR	770	-	84	35503835	57536
chr15	35446299	35646299	harbor1	chr15	35516356	35516559	SINE/MIR	564	-	102	35516458	70159
chr15	35446299	35646299	harbor1	chr15	35518813	35519006	SINE/MIR	438	-	96	35518909	72610
chr15	74737065	74937065	harbor1	chr15	74759064	74759168	SINE/MIR	430	-	52	74759116	22051
chr15	74737065	74937065	harbor1	chr15	74774087	74774280	SINE/MIR	609	-	96	74774183	37118
chr15	74737065	74937065	harbor1	chr15	74780362	74780556	SINE/MIR	507	-	97	74780459	43394
chr15	74737065	74937065	harbor1	chr15	74781127	74781305	SINE/MIR	757	-	89	74781216	44151
chr15	74737065	74937065	harbor1	chr15	74792422	74792535	SINE/MIR	472	-	56	74792478	55413
chr15	74737065	74937065	harbor1	chr15	74799666	74799832	SINE/MIR	497	-	83	74799749	62684
chr15	74737065	74937065	harbor1	chr15	74808839	74809034	SINE/MIR	518	-	98	74808937	71872
chr15	74737065	74937065	harbor1	chr15	74817225	74817461	SINE/MIR	741	-	118	74817343	80278
chr15	74737065	74937065	harbor1	chr15	74827520	74827727	SINE/MIR	447	-	104	74827624	90559
chr15	74737065	74937065	harbor1	chr15	74828556	74828761	SINE/MIR	540	-	102	74828658	91593
chr15	74496627	74696627	harbor1	chr15	74580505	74580713	SINE/MIR	422	-	104	74580609	83982
chr15	74496627	74696627	harbor1	chr15	74590173	74590391	SINE/MIR	720	-	109	74590282	93655
chr15	67421715	67621715	harbor1	chr15	67443794	67444023	SINE/MIR	722	-	114	67443908	22193
chr15	67421715	67621715	harbor1	chr15	67469700	67469883	SINE/MIR	446	-	92	67469792	48077
chr15	67421715	67621715	harbor1	chr15	67471383	67471584	SINE/MIR	602	-	100	67471483	49768
chr15	67421715	67621715	harbor1	chr15	67479145	67479345	SINE/MIR	610	-	100	67479245	57530
chr15	67421715	67621715	harbor1	chr15	67493186	67493354	SINE/MIR	418	-	84	67493270	71555
chr15	67421715	67621715	harbor1	chr15	67510058	67510199	SINE/MIR	460	-	70	67510128	88413
chr15	67421806	67621806	harbor1	chr15	67443794	67444023	SINE/MIR	722	-	114	67443908	22102
chr15	67421806	67621806	harbor1	chr15	67469700	67469883	SINE/MIR	446	-	92	67469792	47986
chr15	67421806	67621806	harbor1	chr15	67471383	67471584	SINE/MIR	602	-	100	67471483	49677
chr15	67421806	67621806	harbor1	chr15	67479145	67479345	SINE/MIR	610	-	100	67479245	57439
chr15	67421806	67621806	harbor1	chr15	67493186	67493354	SINE/MIR	418	-	84	67493270	71464
chr15	67421806	67621806	harbor1	chr15	67510058	67510199	SINE/MIR	460	-	70	67510128	88322
chr15	35446212	35646212	harbor1	chr15	35468156	35468338	SINE/MIR	565	-	91	35468247	22035
chr15	35446212	35646212	harbor1	chr15	35485002	35485205	SINE/MIR	906	-	102	35485104	38892
chr15	35446212	35646212	harbor1	chr15	35492607	35492877	SINE/MIR	754	-	135	35492742	46530
chr15	35446212	35646212	harbor1	chr15	35503751	35503919	SINE/MIR	770	-	84	35503835	57623
chr15	35446212	35646212	harbor1	chr15	35516356	35516559	SINE/MIR	564	-	102	35516458	70246
chr15	35446212	35646212	harbor1	chr15	35518813	35519006	SINE/MIR	438	-	96	35518909	72697
chr15	67421703	67621703	harbor1	chr15	67443794	67444023	SINE/MIR	722	-	114	67443908	22205
chr15	67421703	67621703	harbor1	chr15	67469700	67469883	SINE/MIR	446	-	92	67469792	48089
chr15	67421703	67621703	harbor1	chr15	67471383	67471584	SINE/MIR	602	-	100	67471483	49780
chr15	67421703	67621703	harbor1	chr15	67479145	67479345	SINE/MIR	610	-	100	67479245	57542
chr15	67421703	67621703	harbor1	chr15	67493186	67493354	SINE/MIR	418	-	84	67493270	71567
chr15	67421703	67621703	harbor1	chr15	67510058	67510199	SINE/MIR	460	-	70	67510128	88425
chr15	35446272	35646272	harbor1	chr15	35468156	35468338	SINE/MIR	565	-	91	35468247	21975
chr15	35446272	35646272	harbor1	chr15	35485002	35485205	SINE/MIR	906	-	102	35485104	38832
chr15	35446272	35646272	harbor1	chr15	35492607	35492877	SINE/MIR	754	-	135	35492742	46470
chr15	35446272	35646272	harbor1	chr15	35503751	35503919	SINE/MIR	770	-	84	35503835	57563
chr15	35446272	35646272	harbor1	chr15	35516356	35516559	SINE/MIR	564	-	102	35516458	70186
chr15	35446272	35646272	harbor1	chr15	35518813	35519006	SINE/MIR	438	-	96	35518909	72637
chr15	35446324	35646324	harbor1	chr15	35468156	35468338	SINE/MIR	565	-	91	35468247	21923
chr15	35446324	35646324	harbor1	chr15	35485002	35485205	SINE/MIR	906	-	102	35485104	38780
chr15	35446324	35646324	harbor1	chr15	35492607	35492877	SINE/MIR	754	-	135	35492742	46418
chr15	35446324	35646324	harbor1	chr15	35503751	35503919	SINE/MIR	770	-	84	35503835	57511
chr15	35446324	35646324	harbor1	chr15	35516356	35516559	SINE/MIR	564	-	102	35516458	70134
chr15	35446324	35646324	harbor1	chr15	35518813	35519006	SINE/MIR	438	-	96	35518909	72585
chr15	101861586	102061586	harbor1	chr15	101921195	101921427	SINE/MIR	557	-	116	101921311	59725
chr15	101861586	102061586	harbor1	chr15	101957926	101958122	SINE/MIR	665	-	98	101958024	96438
chr15	101861586	102061586	harbor1	chr15	101959206	101959226	SINE/MIR	420	-	10	101959216	97630
chr15	101861586	102061586	harbor1	chr15	101959523	101959665	SINE/MIR	420	-	71	101959594	98008
chr15	74510960	74710960	harbor1	chr15	74580505	74580713	SINE/MIR	422	-	104	74580609	69649
chr15	74510960	74710960	harbor1	chr15	74590173	74590391	SINE/MIR	720	-	109	74590282	79322
chr15	74510960	74710960	harbor1	chr15	74603957	74604090	SINE/MIR	457	-	66	74604023	93063
chr15	74510960	74710960	harbor1	chr15	74605867	74606030	SINE/MIR	460	-	82	74605949	94989
chr15	35446318	35646318	harbor1	chr15	35468156	35468338	SINE/MIR	565	-	91	35468247	21929
chr15	35446318	35646318	harbor1	chr15	35485002	35485205	SINE/MIR	906	-	102	35485104	38786
chr15	35446318	35646318	harbor1	chr15	35492607	35492877	SINE/MIR	754	-	135	35492742	46424
chr15	35446318	35646318	harbor1	chr15	35503751	35503919	SINE/MIR	770	-	84	35503835	57517
chr15	35446318	35646318	harbor1	chr15	35516356	35516559	SINE/MIR	564	-	102	35516458	70140
chr15	35446318	35646318	harbor1	chr15	35518813	35519006	SINE/MIR	438	-	96	35518909	72591
chr15	101858909	102058909	harbor1	chr15	101921195	101921427	SINE/MIR	557	-	116	101921311	62402
chr15	101858909	102058909	harbor1	chr15	101957926	101958122	SINE/MIR	665	-	98	101958024	99115
chr15	35446271	35646271	harbor1	chr15	35468156	35468338	SINE/MIR	565	-	91	35468247	21976
chr15	35446271	35646271	harbor1	chr15	35485002	35485205	SINE/MIR	906	-	102	35485104	38833
chr15	35446271	35646271	harbor1	chr15	35492607	35492877	SINE/MIR	754	-	135	35492742	46471
chr15	35446271	35646271	harbor1	chr15	35503751	35503919	SINE/MIR	770	-	84	35503835	57564
chr15	35446271	35646271	harbor1	chr15	35516356	35516559	SINE/MIR	564	-	102	35516458	70187
chr15	35446271	35646271	harbor1	chr15	35518813	35519006	SINE/MIR	438	-	96	35518909	72638
chr15	35446266	35646266	harbor1	chr15	35468156	35468338	SINE/MIR	565	-	91	35468247	21981
chr15	35446266	35646266	harbor1	chr15	35485002	35485205	SINE/MIR	906	-	102	35485104	38838
chr15	35446266	35646266	harbor1	chr15	35492607	35492877	SINE/MIR	754	-	135	35492742	46476
chr15	35446266	35646266	harbor1	chr15	35503751	35503919	SINE/MIR	770	-	84	35503835	57569
chr15	35446266	35646266	harbor1	chr15	35516356	35516559	SINE/MIR	564	-	102	35516458	70192
chr15	35446266	35646266	harbor1	chr15	35518813	35519006	SINE/MIR	438	-	96	35518909	72643
chr15	35446252	35646252	harbor1	chr15	35468156	35468338	SINE/MIR	565	-	91	35468247	21995
chr15	35446252	35646252	harbor1	chr15	35485002	35485205	SINE/MIR	906	-	102	35485104	38852
chr15	35446252	35646252	harbor1	chr15	35492607	35492877	SINE/MIR	754	-	135	35492742	46490
chr15	35446252	35646252	harbor1	chr15	35503751	35503919	SINE/MIR	770	-	84	35503835	57583
chr15	35446252	35646252	harbor1	chr15	35516356	35516559	SINE/MIR	564	-	102	35516458	70206
chr15	35446252	35646252	harbor1	chr15	35518813	35519006	SINE/MIR	438	-	96	35518909	72657
chr15	67421691	67621691	harbor1	chr15	67443794	67444023	SINE/MIR	722	-	114	67443908	22217
chr15	67421691	67621691	harbor1	chr15	67469700	67469883	SINE/MIR	446	-	92	67469792	48101
chr15	67421691	67621691	harbor1	chr15	67471383	67471584	SINE/MIR	602	-	100	67471483	49792
chr15	67421691	67621691	harbor1	chr15	67479145	67479345	SINE/MIR	610	-	100	67479245	57554
chr15	67421691	67621691	harbor1	chr15	67493186	67493354	SINE/MIR	418	-	84	67493270	71579
chr15	67421691	67621691	harbor1	chr15	67510058	67510199	SINE/MIR	460	-	70	67510128	88437
chr15	35446296	35646296	harbor1	chr15	35468156	35468338	SINE/MIR	565	-	91	35468247	21951
chr15	35446296	35646296	harbor1	chr15	35485002	35485205	SINE/MIR	906	-	102	35485104	38808
chr15	35446296	35646296	harbor1	chr15	35492607	35492877	SINE/MIR	754	-	135	35492742	46446
chr15	35446296	35646296	harbor1	chr15	35503751	35503919	SINE/MIR	770	-	84	35503835	57539
chr15	35446296	35646296	harbor1	chr15	35516356	35516559	SINE/MIR	564	-	102	35516458	70162
chr15	35446296	35646296	harbor1	chr15	35518813	35519006	SINE/MIR	438	-	96	35518909	72613
chr15	75576188	75776188	harbor1	chr15	75614802	75615042	SINE/MIR	678	-	120	75614922	38734
chr15	75576188	75776188	harbor1	chr15	75636307	75636453	SINE/MIR	468	-	73	75636380	60192
chr15	75576188	75776188	harbor1	chr15	75654140	75654274	SINE/MIR	425	-	67	75654207	78019
chr15	79796978	79996978	harbor1	chr15	79806493	79806644	SINE/MIR	425	-	76	79806569	9591
chr15	79796978	79996978	harbor1	chr15	79829473	79829650	SINE/MIR	613	-	88	79829561	32583
chr15	79796978	79996978	harbor1	chr15	79851528	79851766	SINE/MIR	483	-	119	79851647	54669
chr15	79796978	79996978	harbor1	chr15	79861062	79861308	SINE/MIR	626	-	123	79861185	64207
chr15	79796978	79996978	harbor1	chr15	79883629	79883872	SINE/MIR	784	-	122	79883751	86773
chr15	79796978	79996978	harbor1	chr15	79884026	79884254	SINE/MIR	588	-	114	79884140	87162
chr15	79796978	79996978	harbor1	chr15	79895044	79895213	SINE/MIR	531	-	84	79895128	98150
chr15	35446210	35646210	harbor1	chr15	35468156	35468338	SINE/MIR	565	-	91	35468247	22037
chr15	35446210	35646210	harbor1	chr15	35485002	35485205	SINE/MIR	906	-	102	35485104	38894
chr15	35446210	35646210	harbor1	chr15	35492607	35492877	SINE/MIR	754	-	135	35492742	46532
chr15	35446210	35646210	harbor1	chr15	35503751	35503919	SINE/MIR	770	-	84	35503835	57625
chr15	35446210	35646210	harbor1	chr15	35516356	35516559	SINE/MIR	564	-	102	35516458	70248
chr15	35446210	35646210	harbor1	chr15	35518813	35519006	SINE/MIR	438	-	96	35518909	72699
chr15	25338180	25538180	harbor1	chr15	25363441	25363657	SINE/MIR	624	-	108	25363549	25369
chr15	29332904	29532904	harbor1	chr15	29337698	29337912	SINE/MIR	551	-	107	29337805	4901
chr15	29332904	29532904	harbor1	chr15	29345899	29346106	SINE/MIR	551	-	104	29346003	13099
chr15	45087531	45287531	harbor1	chr15	45088293	45088321	SINE/MIR	438	-	14	45088307	776
chr15	45087531	45287531	harbor1	chr15	45090064	45090271	SINE/MIR	579	-	104	45090168	2637
chr15	45087531	45287531	harbor1	chr15	45092324	45092449	SINE/MIR	437	-	62	45092386	4855
chr15	45087531	45287531	harbor1	chr15	45105362	45105537	SINE/MIR	741	-	88	45105450	17919
chr15	45087531	45287531	harbor1	chr15	45117367	45117500	SINE/MIR	491	-	66	45117433	29902
chr15	45087531	45287531	harbor1	chr15	45131362	45131604	SINE/MIR	438	-	121	45131483	43952
chr15	45087531	45287531	harbor1	chr15	45138621	45138788	SINE/MIR	530	-	84	45138705	51174
chr15	45087531	45287531	harbor1	chr15	45146512	45146717	SINE/MIR	612	-	102	45146614	59083
chr15	45087531	45287531	harbor1	chr15	45170463	45170636	SINE/MIR	570	-	86	45170549	83018
chr15	45087531	45287531	harbor1	chr15	45171503	45171667	SINE/MIR	571	-	82	45171585	84054
chr15	45087531	45287531	harbor1	chr15	45179168	45179294	SINE/MIR	512	-	63	45179231	91700
chr15	45087531	45287531	harbor1	chr15	45105121	45105184	SINE/MIR	741	-	32	45105153	17622
chr15	45087531	45287531	harbor1	chr15	45088651	45088790	SINE/MIR	438	-	70	45088721	1190
chr15	35446293	35646293	harbor1	chr15	35468156	35468338	SINE/MIR	565	-	91	35468247	21954
chr15	35446293	35646293	harbor1	chr15	35485002	35485205	SINE/MIR	906	-	102	35485104	38811
chr15	35446293	35646293	harbor1	chr15	35492607	35492877	SINE/MIR	754	-	135	35492742	46449
chr15	35446293	35646293	harbor1	chr15	35503751	35503919	SINE/MIR	770	-	84	35503835	57542
chr15	35446293	35646293	harbor1	chr15	35516356	35516559	SINE/MIR	564	-	102	35516458	70165
chr15	35446293	35646293	harbor1	chr15	35518813	35519006	SINE/MIR	438	-	96	35518909	72616
chr15	69999125	70199125	harbor1	chr15	70010417	70010640	SINE/MIR	495	-	112	70010529	11404
chr15	69999125	70199125	harbor1	chr15	70020251	70020485	SINE/MIR	642	-	117	70020368	21243
chr15	69999125	70199125	harbor1	chr15	70027592	70027828	SINE/MIR	878	-	118	70027710	28585
chr15	69999125	70199125	harbor1	chr15	70027946	70028113	SINE/MIR	979	-	84	70028030	28905
chr15	69999125	70199125	harbor1	chr15	70028647	70028747	SINE/MIR	979	-	50	70028697	29572
chr15	69999125	70199125	harbor1	chr15	70008632	70008839	SINE/MIR	832	-	104	70008736	9611
chr15	29332913	29532913	harbor1	chr15	29337698	29337912	SINE/MIR	551	-	107	29337805	4892
chr15	29332913	29532913	harbor1	chr15	29345899	29346106	SINE/MIR	551	-	104	29346003	13090
chr15	67421799	67621799	harbor1	chr15	67443794	67444023	SINE/MIR	722	-	114	67443908	22109
chr15	67421799	67621799	harbor1	chr15	67469700	67469883	SINE/MIR	446	-	92	67469792	47993
chr15	67421799	67621799	harbor1	chr15	67471383	67471584	SINE/MIR	602	-	100	67471483	49684
chr15	67421799	67621799	harbor1	chr15	67479145	67479345	SINE/MIR	610	-	100	67479245	57446
chr15	67421799	67621799	harbor1	chr15	67493186	67493354	SINE/MIR	418	-	84	67493270	71471
chr15	67421799	67621799	harbor1	chr15	67510058	67510199	SINE/MIR	460	-	70	67510128	88329
chr15	67421689	67621689	harbor1	chr15	67443794	67444023	SINE/MIR	722	-	114	67443908	22219
chr15	67421689	67621689	harbor1	chr15	67469700	67469883	SINE/MIR	446	-	92	67469792	48103
chr15	67421689	67621689	harbor1	chr15	67471383	67471584	SINE/MIR	602	-	100	67471483	49794
chr15	67421689	67621689	harbor1	chr15	67479145	67479345	SINE/MIR	610	-	100	67479245	57556
chr15	67421689	67621689	harbor1	chr15	67493186	67493354	SINE/MIR	418	-	84	67493270	71581
chr15	67421689	67621689	harbor1	chr15	67510058	67510199	SINE/MIR	460	-	70	67510128	88439
chr15	72131568	72331568	harbor1	chr15	72131945	72132156	SINE/MIR	662	-	106	72132051	483
chr15	72131568	72331568	harbor1	chr15	72148471	72148687	SINE/MIR	502	-	108	72148579	17011
chr15	99950832	100150832	harbor1	chr15	100011557	100011688	SINE/MIR	559	-	66	100011623	60791
chr15	99950832	100150832	harbor1	chr15	100028546	100028741	SINE/MIR	450	-	98	100028644	77812
chr15	31768267	31968267	harbor1	chr15	31788810	31789005	SINE/MIR	474	-	98	31788908	20641
chr15	31768267	31968267	harbor1	chr15	31807090	31807239	SINE/MIR	420	-	74	31807164	38897
chr15	35446228	35646228	harbor1	chr15	35468156	35468338	SINE/MIR	565	-	91	35468247	22019
chr15	35446228	35646228	harbor1	chr15	35485002	35485205	SINE/MIR	906	-	102	35485104	38876
chr15	35446228	35646228	harbor1	chr15	35492607	35492877	SINE/MIR	754	-	135	35492742	46514
chr15	35446228	35646228	harbor1	chr15	35503751	35503919	SINE/MIR	770	-	84	35503835	57607
chr15	35446228	35646228	harbor1	chr15	35516356	35516559	SINE/MIR	564	-	102	35516458	70230
chr15	35446228	35646228	harbor1	chr15	35518813	35519006	SINE/MIR	438	-	96	35518909	72681
chr15	35446303	35646303	harbor1	chr15	35468156	35468338	SINE/MIR	565	-	91	35468247	21944
chr15	35446303	35646303	harbor1	chr15	35485002	35485205	SINE/MIR	906	-	102	35485104	38801
chr15	35446303	35646303	harbor1	chr15	35492607	35492877	SINE/MIR	754	-	135	35492742	46439
chr15	35446303	35646303	harbor1	chr15	35503751	35503919	SINE/MIR	770	-	84	35503835	57532
chr15	35446303	35646303	harbor1	chr15	35516356	35516559	SINE/MIR	564	-	102	35516458	70155
chr15	35446303	35646303	harbor1	chr15	35518813	35519006	SINE/MIR	438	-	96	35518909	72606
chr15	45029667	45229667	harbor1	chr15	45044627	45044688	SINE/MIR	483	-	30	45044657	14990
chr15	45029667	45229667	harbor1	chr15	45044996	45045170	SINE/MIR	483	-	87	45045083	15416
chr15	45029667	45229667	harbor1	chr15	45062098	45062308	SINE/MIR	463	-	105	45062203	32536
chr15	45029667	45229667	harbor1	chr15	45075023	45075209	SINE/MIR	484	-	93	45075116	45449
chr15	45029667	45229667	harbor1	chr15	45081802	45081955	SINE/MIR	672	-	76	45081878	52211
chr15	45029667	45229667	harbor1	chr15	45088293	45088321	SINE/MIR	438	-	14	45088307	58640
chr15	45029667	45229667	harbor1	chr15	45090064	45090271	SINE/MIR	579	-	104	45090168	60501
chr15	45029667	45229667	harbor1	chr15	45092324	45092449	SINE/MIR	437	-	62	45092386	62719
chr15	45029667	45229667	harbor1	chr15	45105362	45105537	SINE/MIR	741	-	88	45105450	75783
chr15	45029667	45229667	harbor1	chr15	45117367	45117500	SINE/MIR	491	-	66	45117433	87766
chr15	45029667	45229667	harbor1	chr15	45105121	45105184	SINE/MIR	741	-	32	45105153	75486
chr15	45029667	45229667	harbor1	chr15	45088651	45088790	SINE/MIR	438	-	70	45088721	59054
chr15	35446298	35646298	harbor1	chr15	35468156	35468338	SINE/MIR	565	-	91	35468247	21949
chr15	35446298	35646298	harbor1	chr15	35485002	35485205	SINE/MIR	906	-	102	35485104	38806
chr15	35446298	35646298	harbor1	chr15	35492607	35492877	SINE/MIR	754	-	135	35492742	46444
chr15	35446298	35646298	harbor1	chr15	35503751	35503919	SINE/MIR	770	-	84	35503835	57537
chr15	35446298	35646298	harbor1	chr15	35516356	35516559	SINE/MIR	564	-	102	35516458	70160
chr15	35446298	35646298	harbor1	chr15	35518813	35519006	SINE/MIR	438	-	96	35518909	72611
chr15	69999141	70199141	harbor1	chr15	70010417	70010640	SINE/MIR	495	-	112	70010529	11388
chr15	69999141	70199141	harbor1	chr15	70020251	70020485	SINE/MIR	642	-	117	70020368	21227
chr15	69999141	70199141	harbor1	chr15	70027592	70027828	SINE/MIR	878	-	118	70027710	28569
chr15	69999141	70199141	harbor1	chr15	70027946	70028113	SINE/MIR	979	-	84	70028030	28889
chr15	69999141	70199141	harbor1	chr15	70028647	70028747	SINE/MIR	979	-	50	70028697	29556
chr15	69999141	70199141	harbor1	chr15	70008632	70008839	SINE/MIR	832	-	104	70008736	9595
chr15	35446321	35646321	harbor1	chr15	35468156	35468338	SINE/MIR	565	-	91	35468247	21926
chr15	35446321	35646321	harbor1	chr15	35485002	35485205	SINE/MIR	906	-	102	35485104	38783
chr15	35446321	35646321	harbor1	chr15	35492607	35492877	SINE/MIR	754	-	135	35492742	46421
chr15	35446321	35646321	harbor1	chr15	35503751	35503919	SINE/MIR	770	-	84	35503835	57514
chr15	35446321	35646321	harbor1	chr15	35516356	35516559	SINE/MIR	564	-	102	35516458	70137
chr15	35446321	35646321	harbor1	chr15	35518813	35519006	SINE/MIR	438	-	96	35518909	72588
chr15	98547489	98747489	harbor1	chr15	98598807	98598842	SINE/MIR	519	-	18	98598825	51336
chr15	98547489	98747489	harbor1	chr15	98599153	98599299	SINE/MIR	530	-	73	98599226	51737
chr15	35446273	35646273	harbor1	chr15	35468156	35468338	SINE/MIR	565	-	91	35468247	21974
chr15	35446273	35646273	harbor1	chr15	35485002	35485205	SINE/MIR	906	-	102	35485104	38831
chr15	35446273	35646273	harbor1	chr15	35492607	35492877	SINE/MIR	754	-	135	35492742	46469
chr15	35446273	35646273	harbor1	chr15	35503751	35503919	SINE/MIR	770	-	84	35503835	57562
chr15	35446273	35646273	harbor1	chr15	35516356	35516559	SINE/MIR	564	-	102	35516458	70185
chr15	35446273	35646273	harbor1	chr15	35518813	35519006	SINE/MIR	438	-	96	35518909	72636
chr15	67421848	67621848	harbor1	chr15	67443794	67444023	SINE/MIR	722	-	114	67443908	22060
chr15	67421848	67621848	harbor1	chr15	67469700	67469883	SINE/MIR	446	-	92	67469792	47944
chr15	67421848	67621848	harbor1	chr15	67471383	67471584	SINE/MIR	602	-	100	67471483	49635
chr15	67421848	67621848	harbor1	chr15	67479145	67479345	SINE/MIR	610	-	100	67479245	57397
chr15	67421848	67621848	harbor1	chr15	67493186	67493354	SINE/MIR	418	-	84	67493270	71422
chr15	67421848	67621848	harbor1	chr15	67510058	67510199	SINE/MIR	460	-	70	67510128	88280
chr15	63405315	63605315	harbor1	chr15	63421554	63421699	SINE/MIR	569	-	72	63421626	16311
chr15	63405315	63605315	harbor1	chr15	63421989	63422066	SINE/MIR	569	-	38	63422027	16712
chr15	63405315	63605315	harbor1	chr15	63440929	63441137	SINE/MIR	648	-	104	63441033	35718
chr15	63405315	63605315	harbor1	chr15	63444286	63444451	SINE/MIR	533	-	82	63444368	39053
chr15	63405315	63605315	harbor1	chr15	63447940	63448100	SINE/MIR	538	-	80	63448020	42705
chr15	63405315	63605315	harbor1	chr15	63448162	63448258	SINE/MIR	514	-	48	63448210	42895
chr15	63405315	63605315	harbor1	chr15	63448434	63448540	SINE/MIR	514	-	53	63448487	43172
chr15	63405315	63605315	harbor1	chr15	63452768	63452886	SINE/MIR	432	-	59	63452827	47512
chr15	63405315	63605315	harbor1	chr15	63454961	63455125	SINE/MIR	529	-	82	63455043	49728
chr15	63405315	63605315	harbor1	chr15	63460813	63460984	SINE/MIR	483	-	86	63460899	55584
chr15	63405315	63605315	harbor1	chr15	63463362	63463612	SINE/MIR	564	-	125	63463487	58172
chr15	63405315	63605315	harbor1	chr15	63473519	63473749	SINE/MIR	631	-	115	63473634	68319
chr15	63405315	63605315	harbor1	chr15	63474604	63474856	SINE/MIR	726	-	126	63474730	69415
chr15	63405315	63605315	harbor1	chr15	63492871	63493092	SINE/MIR	505	-	110	63492981	87666
chr15	63405315	63605315	harbor1	chr15	63499194	63499301	SINE/MIR	449	-	54	63499248	93933
chr15	63405315	63605315	harbor1	chr15	63499582	63499637	SINE/MIR	449	-	28	63499610	94295
chr15	63405315	63605315	harbor1	chr15	63502863	63503092	SINE/MIR	448	-	114	63502977	97662
chr15	90133990	90333990	harbor1	chr15	90148479	90148679	SINE/MIR	550	-	100	90148579	14589
chr15	90133990	90333990	harbor1	chr15	90163056	90163263	SINE/MIR	589	-	104	90163160	29170
chr15	90133990	90333990	harbor1	chr15	90173611	90173721	SINE/MIR	422	-	55	90173666	39676
chr15	90133990	90333990	harbor1	chr15	90174374	90174448	SINE/MIR	422	-	37	90174411	40421
chr15	90133990	90333990	harbor1	chr15	90184398	90184613	SINE/MIR	620	-	108	90184506	50516
chr15	90133990	90333990	harbor1	chr15	90185762	90185904	SINE/MIR	455	-	71	90185833	51843
chr15	90133990	90333990	harbor1	chr15	90213125	90213297	SINE/MIR	767	-	86	90213211	79221
chr15	45302919	45502919	harbor1	chr15	45383875	45384102	SINE/MIR	750	-	114	45383989	81070
chr15	35446294	35646294	harbor1	chr15	35468156	35468338	SINE/MIR	565	-	91	35468247	21953
chr15	35446294	35646294	harbor1	chr15	35485002	35485205	SINE/MIR	906	-	102	35485104	38810
chr15	35446294	35646294	harbor1	chr15	35492607	35492877	SINE/MIR	754	-	135	35492742	46448
chr15	35446294	35646294	harbor1	chr15	35503751	35503919	SINE/MIR	770	-	84	35503835	57541
chr15	35446294	35646294	harbor1	chr15	35516356	35516559	SINE/MIR	564	-	102	35516458	70164
chr15	35446294	35646294	harbor1	chr15	35518813	35519006	SINE/MIR	438	-	96	35518909	72615
chr15	98321796	98521796	harbor1	chr15	98326141	98326301	SINE/MIR	426	-	80	98326221	4425
chr15	98321796	98521796	harbor1	chr15	98335152	98335305	SINE/MIR	556	-	76	98335228	13432
chr15	98321796	98521796	harbor1	chr15	98338312	98338537	SINE/MIR	563	-	112	98338424	16628
chr15	98321796	98521796	harbor1	chr15	98345830	98345947	SINE/MIR	509	-	58	98345888	24092
chr15	98321796	98521796	harbor1	chr15	98347772	98347973	SINE/MIR	572	-	100	98347872	26076
chr15	69713052	69913052	harbor1	chr15	69734329	69734478	SINE/MIR	435	-	74	69734403	21351
chr15	69713052	69913052	harbor1	chr15	69785959	69786167	SINE/MIR	698	-	104	69786063	73011
chr15	69713052	69913052	harbor1	chr15	69786515	69786732	SINE/MIR	713	-	108	69786623	73571
chr15	69713052	69913052	harbor1	chr15	69787478	69787700	SINE/MIR	501	-	111	69787589	74537
chr15	69713052	69913052	harbor1	chr15	69789664	69789823	SINE/MIR	678	-	80	69789744	76692
chr15	69713052	69913052	harbor1	chr15	69809720	69809766	SINE/MIR	508	-	23	69809743	96691
chr15	69713052	69913052	harbor1	chr15	69810084	69810182	SINE/MIR	508	-	49	69810133	97081
chr15	69713052	69913052	harbor1	chr15	69811944	69812112	SINE/MIR	584	-	84	69812028	98976
chr15	69713052	69913052	harbor1	chr15	69812116	69812355	SINE/MIR	892	-	120	69812236	99184
chr15	25338721	25538721	harbor1	chr15	25363441	25363657	SINE/MIR	624	-	108	25363549	24828
chr15	35446205	35646205	harbor1	chr15	35468156	35468338	SINE/MIR	565	-	91	35468247	22042
chr15	35446205	35646205	harbor1	chr15	35485002	35485205	SINE/MIR	906	-	102	35485104	38899
chr15	35446205	35646205	harbor1	chr15	35492607	35492877	SINE/MIR	754	-	135	35492742	46537
chr15	35446205	35646205	harbor1	chr15	35503751	35503919	SINE/MIR	770	-	84	35503835	57630
chr15	35446205	35646205	harbor1	chr15	35516356	35516559	SINE/MIR	564	-	102	35516458	70253
chr15	35446205	35646205	harbor1	chr15	35518813	35519006	SINE/MIR	438	-	96	35518909	72704
chr15	67421758	67621758	harbor1	chr15	67443794	67444023	SINE/MIR	722	-	114	67443908	22150
chr15	67421758	67621758	harbor1	chr15	67469700	67469883	SINE/MIR	446	-	92	67469792	48034
chr15	67421758	67621758	harbor1	chr15	67471383	67471584	SINE/MIR	602	-	100	67471483	49725
chr15	67421758	67621758	harbor1	chr15	67479145	67479345	SINE/MIR	610	-	100	67479245	57487
chr15	67421758	67621758	harbor1	chr15	67493186	67493354	SINE/MIR	418	-	84	67493270	71512
chr15	67421758	67621758	harbor1	chr15	67510058	67510199	SINE/MIR	460	-	70	67510128	88370
chr15	35446313	35646313	harbor1	chr15	35468156	35468338	SINE/MIR	565	-	91	35468247	21934
chr15	35446313	35646313	harbor1	chr15	35485002	35485205	SINE/MIR	906	-	102	35485104	38791
chr15	35446313	35646313	harbor1	chr15	35492607	35492877	SINE/MIR	754	-	135	35492742	46429
chr15	35446313	35646313	harbor1	chr15	35503751	35503919	SINE/MIR	770	-	84	35503835	57522
chr15	35446313	35646313	harbor1	chr15	35516356	35516559	SINE/MIR	564	-	102	35516458	70145
chr15	35446313	35646313	harbor1	chr15	35518813	35519006	SINE/MIR	438	-	96	35518909	72596
chr15	88185139	88385139	harbor1	chr15	88203395	88203560	SINE/MIR	436	-	82	88203477	18338
chr15	88185139	88385139	harbor1	chr15	88213594	88213797	SINE/MIR	877	-	102	88213696	28557
chr15	88185139	88385139	harbor1	chr15	88214105	88214142	SINE/MIR	877	-	18	88214123	28984
chr15	88185139	88385139	harbor1	chr15	88219751	88219976	SINE/MIR	557	-	112	88219863	34724
chr15	88185139	88385139	harbor1	chr15	88222262	88222455	SINE/MIR	685	-	96	88222358	37219
chr15	88185139	88385139	harbor1	chr15	88226758	88226911	SINE/MIR	535	-	76	88226834	41695
chr15	88185139	88385139	harbor1	chr15	88245265	88245489	SINE/MIR	756	-	112	88245377	60238
chr15	88185139	88385139	harbor1	chr15	88265510	88265708	SINE/MIR	525	-	99	88265609	80470
chr15	41794702	41994702	harbor1	chr15	41864825	41865024	SINE/MIR	440	-	100	41864925	70223
chr15	41794702	41994702	harbor1	chr15	41886990	41887210	SINE/MIR	631	-	110	41887100	92398
chr15	96225435	96425435	harbor1	chr15	96230619	96230807	SINE/MIR	646	-	94	96230713	5278
chr15	96225435	96425435	harbor1	chr15	96233494	96233622	SINE/MIR	489	-	64	96233558	8123
chr15	96225435	96425435	harbor1	chr15	96270561	96270818	SINE/MIR	668	-	128	96270689	45254
chr15	96225435	96425435	harbor1	chr15	96280975	96281210	SINE/MIR	488	-	118	96281093	55658
chr15	96225435	96425435	harbor1	chr15	96286924	96287168	SINE/MIR	454	-	122	96287046	61611
chr15	96225435	96425435	harbor1	chr15	96304930	96305156	SINE/MIR	927	-	113	96305043	79608
chr15	31770669	31970669	harbor1	chr15	31788810	31789005	SINE/MIR	474	-	98	31788908	18239
chr15	31770669	31970669	harbor1	chr15	31807090	31807239	SINE/MIR	420	-	74	31807164	36495
chr15	35446401	35646401	harbor1	chr15	35468156	35468338	SINE/MIR	565	-	91	35468247	21846
chr15	35446401	35646401	harbor1	chr15	35485002	35485205	SINE/MIR	906	-	102	35485104	38703
chr15	35446401	35646401	harbor1	chr15	35492607	35492877	SINE/MIR	754	-	135	35492742	46341
chr15	35446401	35646401	harbor1	chr15	35503751	35503919	SINE/MIR	770	-	84	35503835	57434
chr15	35446401	35646401	harbor1	chr15	35516356	35516559	SINE/MIR	564	-	102	35516458	70057
chr15	35446401	35646401	harbor1	chr15	35518813	35519006	SINE/MIR	438	-	96	35518909	72508
chr15	74496573	74696573	harbor1	chr15	74580505	74580713	SINE/MIR	422	-	104	74580609	84036
chr15	74496573	74696573	harbor1	chr15	74590173	74590391	SINE/MIR	720	-	109	74590282	93709
chr15	35446238	35646238	harbor1	chr15	35468156	35468338	SINE/MIR	565	-	91	35468247	22009
chr15	35446238	35646238	harbor1	chr15	35485002	35485205	SINE/MIR	906	-	102	35485104	38866
chr15	35446238	35646238	harbor1	chr15	35492607	35492877	SINE/MIR	754	-	135	35492742	46504
chr15	35446238	35646238	harbor1	chr15	35503751	35503919	SINE/MIR	770	-	84	35503835	57597
chr15	35446238	35646238	harbor1	chr15	35516356	35516559	SINE/MIR	564	-	102	35516458	70220
chr15	35446238	35646238	harbor1	chr15	35518813	35519006	SINE/MIR	438	-	96	35518909	72671
chr15	67421764	67621764	harbor1	chr15	67443794	67444023	SINE/MIR	722	-	114	67443908	22144
chr15	67421764	67621764	harbor1	chr15	67469700	67469883	SINE/MIR	446	-	92	67469792	48028
chr15	67421764	67621764	harbor1	chr15	67471383	67471584	SINE/MIR	602	-	100	67471483	49719
chr15	67421764	67621764	harbor1	chr15	67479145	67479345	SINE/MIR	610	-	100	67479245	57481
chr15	67421764	67621764	harbor1	chr15	67493186	67493354	SINE/MIR	418	-	84	67493270	71506
chr15	67421764	67621764	harbor1	chr15	67510058	67510199	SINE/MIR	460	-	70	67510128	88364
chr15	35446427	35646427	harbor1	chr15	35468156	35468338	SINE/MIR	565	-	91	35468247	21820
chr15	35446427	35646427	harbor1	chr15	35485002	35485205	SINE/MIR	906	-	102	35485104	38677
chr15	35446427	35646427	harbor1	chr15	35492607	35492877	SINE/MIR	754	-	135	35492742	46315
chr15	35446427	35646427	harbor1	chr15	35503751	35503919	SINE/MIR	770	-	84	35503835	57408
chr15	35446427	35646427	harbor1	chr15	35516356	35516559	SINE/MIR	564	-	102	35516458	70031
chr15	35446427	35646427	harbor1	chr15	35518813	35519006	SINE/MIR	438	-	96	35518909	72482
chr15	101859054	102059054	harbor1	chr15	101921195	101921427	SINE/MIR	557	-	116	101921311	62257
chr15	101859054	102059054	harbor1	chr15	101957926	101958122	SINE/MIR	665	-	98	101958024	98970
chr15	74944603	75144603	harbor1	chr15	74961099	74961245	SINE/MIR	482	-	73	74961172	16569
chr15	74944603	75144603	harbor1	chr15	74963404	74963510	SINE/MIR	475	-	53	74963457	18854
chr15	74944603	75144603	harbor1	chr15	74993487	74993680	SINE/MIR	588	-	96	74993583	48980
chr15	74944603	75144603	harbor1	chr15	75012197	75012367	SINE/MIR	517	-	85	75012282	67679
chr15	74944603	75144603	harbor1	chr15	75026788	75026988	SINE/MIR	476	-	100	75026888	82285
chr15	74947211	75147211	harbor1	chr15	74961099	74961245	SINE/MIR	482	-	73	74961172	13961
chr15	74947211	75147211	harbor1	chr15	74963404	74963510	SINE/MIR	475	-	53	74963457	16246
chr15	74947211	75147211	harbor1	chr15	74993487	74993680	SINE/MIR	588	-	96	74993583	46372
chr15	74947211	75147211	harbor1	chr15	75012197	75012367	SINE/MIR	517	-	85	75012282	65071
chr15	74947211	75147211	harbor1	chr15	75026788	75026988	SINE/MIR	476	-	100	75026888	79677
chr15	35446269	35646269	harbor1	chr15	35468156	35468338	SINE/MIR	565	-	91	35468247	21978
chr15	35446269	35646269	harbor1	chr15	35485002	35485205	SINE/MIR	906	-	102	35485104	38835
chr15	35446269	35646269	harbor1	chr15	35492607	35492877	SINE/MIR	754	-	135	35492742	46473
chr15	35446269	35646269	harbor1	chr15	35503751	35503919	SINE/MIR	770	-	84	35503835	57566
chr15	35446269	35646269	harbor1	chr15	35516356	35516559	SINE/MIR	564	-	102	35516458	70189
chr15	35446269	35646269	harbor1	chr15	35518813	35519006	SINE/MIR	438	-	96	35518909	72640
chr15	35445428	35645428	harbor1	chr15	35468156	35468338	SINE/MIR	565	-	91	35468247	22819
chr15	35445428	35645428	harbor1	chr15	35485002	35485205	SINE/MIR	906	-	102	35485104	39676
chr15	35445428	35645428	harbor1	chr15	35492607	35492877	SINE/MIR	754	-	135	35492742	47314
chr15	35445428	35645428	harbor1	chr15	35503751	35503919	SINE/MIR	770	-	84	35503835	58407
chr15	35445428	35645428	harbor1	chr15	35516356	35516559	SINE/MIR	564	-	102	35516458	71030
chr15	35445428	35645428	harbor1	chr15	35518813	35519006	SINE/MIR	438	-	96	35518909	73481
chr15	20765866	20965866	harbor1	chr15	20787382	20787542	SINE/MIR	652	-	80	20787462	21596
chr15	20765866	20965866	harbor1	chr15	20857248	20857454	SINE/MIR	435	-	103	20857351	91485
chr15	75354646	75554646	harbor1	chr15	75433929	75434093	SINE/MIR	702	-	82	75434011	79365
chr15	52686084	52886084	harbor1	chr15	52722336	52722580	SINE/MIR	1034	-	122	52722458	36374
chr15	52686084	52886084	harbor1	chr15	52749285	52749506	SINE/MIR	728	-	110	52749395	63311
chr15	52686084	52886084	harbor1	chr15	52778830	52778950	SINE/MIR	442	-	60	52778890	92806
chr15	101854375	102054375	harbor1	chr15	101921195	101921427	SINE/MIR	557	-	116	101921311	66936
chr15	67421788	67621788	harbor1	chr15	67443794	67444023	SINE/MIR	722	-	114	67443908	22120
chr15	67421788	67621788	harbor1	chr15	67469700	67469883	SINE/MIR	446	-	92	67469792	48004
chr15	67421788	67621788	harbor1	chr15	67471383	67471584	SINE/MIR	602	-	100	67471483	49695
chr15	67421788	67621788	harbor1	chr15	67479145	67479345	SINE/MIR	610	-	100	67479245	57457
chr15	67421788	67621788	harbor1	chr15	67493186	67493354	SINE/MIR	418	-	84	67493270	71482
chr15	67421788	67621788	harbor1	chr15	67510058	67510199	SINE/MIR	460	-	70	67510128	88340
chr15	101861607	102061607	harbor1	chr15	101921195	101921427	SINE/MIR	557	-	116	101921311	59704
chr15	101861607	102061607	harbor1	chr15	101957926	101958122	SINE/MIR	665	-	98	101958024	96417
chr15	101861607	102061607	harbor1	chr15	101959206	101959226	SINE/MIR	420	-	10	101959216	97609
chr15	101861607	102061607	harbor1	chr15	101959523	101959665	SINE/MIR	420	-	71	101959594	97987
chr15	57606922	57806922	harbor1	chr15	57611090	57611292	SINE/MIR	478	-	101	57611191	4269
chr15	57606922	57806922	harbor1	chr15	57661811	57662037	SINE/MIR	616	-	113	57661924	55002
chr15	57606922	57806922	harbor1	chr15	57694532	57694648	SINE/MIR	429	-	58	57694590	87668
chr15	35446215	35646215	harbor1	chr15	35468156	35468338	SINE/MIR	565	-	91	35468247	22032
chr15	35446215	35646215	harbor1	chr15	35485002	35485205	SINE/MIR	906	-	102	35485104	38889
chr15	35446215	35646215	harbor1	chr15	35492607	35492877	SINE/MIR	754	-	135	35492742	46527
chr15	35446215	35646215	harbor1	chr15	35503751	35503919	SINE/MIR	770	-	84	35503835	57620
chr15	35446215	35646215	harbor1	chr15	35516356	35516559	SINE/MIR	564	-	102	35516458	70243
chr15	35446215	35646215	harbor1	chr15	35518813	35519006	SINE/MIR	438	-	96	35518909	72694
chr15	66727112	66927112	harbor1	chr15	66730699	66730900	SINE/MIR	727	-	100	66730799	3687
chr15	66727112	66927112	harbor1	chr15	66734499	66734704	SINE/MIR	563	-	102	66734601	7489
chr15	66727112	66927112	harbor1	chr15	66751786	66751921	SINE/MIR	429	-	68	66751854	24742
chr15	66727112	66927112	harbor1	chr15	66760559	66760673	SINE/MIR	544	-	57	66760616	33504
chr15	66727112	66927112	harbor1	chr15	66772589	66772825	SINE/MIR	753	-	118	66772707	45595
chr15	66727112	66927112	harbor1	chr15	66789033	66789240	SINE/MIR	585	-	104	66789137	62025
chr15	66727112	66927112	harbor1	chr15	66801358	66801562	SINE/MIR	594	-	102	66801460	74348
chr15	66727112	66927112	harbor1	chr15	66801642	66801789	SINE/MIR	598	-	74	66801716	74604
chr15	66727112	66927112	harbor1	chr15	66803917	66804032	SINE/MIR	510	-	58	66803975	76863
chr15	66727112	66927112	harbor1	chr15	66817151	66817303	SINE/MIR	695	-	76	66817227	90115
chr15	66727112	66927112	harbor1	chr15	66823640	66823844	SINE/MIR	437	-	102	66823742	96630
chr15	35446283	35646283	harbor1	chr15	35468156	35468338	SINE/MIR	565	-	91	35468247	21964
chr15	35446283	35646283	harbor1	chr15	35485002	35485205	SINE/MIR	906	-	102	35485104	38821
chr15	35446283	35646283	harbor1	chr15	35492607	35492877	SINE/MIR	754	-	135	35492742	46459
chr15	35446283	35646283	harbor1	chr15	35503751	35503919	SINE/MIR	770	-	84	35503835	57552
chr15	35446283	35646283	harbor1	chr15	35516356	35516559	SINE/MIR	564	-	102	35516458	70175
chr15	35446283	35646283	harbor1	chr15	35518813	35519006	SINE/MIR	438	-	96	35518909	72626
chr16	66189905	66389905	harbor1	chr16	66258947	66259098	SINE/MIR	559	-	76	66259023	69118
chr16	66189905	66389905	harbor1	chr16	66268415	66268629	SINE/MIR	688	-	107	66268522	78617
chr16	66189905	66389905	harbor1	chr16	66269003	66269233	SINE/MIR	876	-	115	66269118	79213
chr16	87260312	87460312	harbor1	chr16	87295184	87295399	SINE/MIR	785	-	108	87295292	34980
chr16	79309359	79509359	harbor1	chr16	79315478	79315688	SINE/MIR	572	-	105	79315583	6224
chr16	79309359	79509359	harbor1	chr16	79320776	79320988	SINE/MIR	681	-	106	79320882	11523
chr16	79309359	79509359	harbor1	chr16	79325317	79325542	SINE/MIR	556	-	112	79325429	16070
chr16	79309359	79509359	harbor1	chr16	79336243	79336451	SINE/MIR	671	-	104	79336347	26988
chr16	79309359	79509359	harbor1	chr16	79401888	79402052	SINE/MIR	649	-	82	79401970	92611
chr16	67063106	67263106	harbor1	chr16	67162353	67162561	SINE/MIR	888	-	104	67162457	99351
chr16	2340233	2540233	harbor1	chr16	2366485	2366719	SINE/MIR	727	-	117	2366602	26369
chr16	4077581	4277581	harbor1	chr16	4170962	4171125	SINE/MIR	619	-	82	4171044	93463
chr16	66906669	67106669	harbor1	chr16	67001977	67002161	SINE/MIR	644	-	92	67002069	95400
chr16	66906669	67106669	harbor1	chr16	67006127	67006302	SINE/MIR	600	-	88	67006215	99546
chr16	2823031	3023031	harbor1	chr16	2880857	2881024	SINE/MIR	663	-	84	2880941	57910
chr16	54828777	55028777	harbor1	chr16	54854410	54854660	SINE/MIR	760	-	125	54854535	25758
chr16	54828777	55028777	harbor1	chr16	54870621	54870797	SINE/MIR	647	-	88	54870709	41932
chr16	31026123	31226123	harbor1	chr16	31067251	31067390	SINE/MIR	661	-	70	31067321	41198
chr16	31026123	31226123	harbor1	chr16	31120843	31121029	SINE/MIR	619	-	93	31120936	94813
chr16	30887234	31087234	harbor1	chr16	30951253	30951474	SINE/MIR	808	-	110	30951363	64129
chr16	30887234	31087234	harbor1	chr16	30952004	30952074	SINE/MIR	724	-	35	30952039	64805
chr16	30887234	31087234	harbor1	chr16	30952435	30952624	SINE/MIR	724	-	94	30952529	65295
chr16	67009887	67209887	harbor1	chr16	67011403	67011540	SINE/MIR	648	-	68	67011471	1584
chr16	56526501	56726501	harbor1	chr16	56538910	56539126	SINE/MIR	828	-	108	56539018	12517
chr16	67084475	67284475	harbor1	chr16	67162353	67162561	SINE/MIR	888	-	104	67162457	77982
chr16	87282562	87482562	harbor1	chr16	87295184	87295399	SINE/MIR	785	-	108	87295292	12730
chr16	27963715	28163715	harbor1	chr16	27977102	27977253	SINE/MIR	651	-	76	27977178	13463
chr16	27963715	28163715	harbor1	chr16	27980464	27980600	SINE/MIR	645	-	68	27980532	16817
chr16	27963715	28163715	harbor1	chr16	27980915	27981056	SINE/MIR	645	-	70	27980985	17270
chr16	27963715	28163715	harbor1	chr16	27992950	27993139	SINE/MIR	644	-	94	27993044	29329
chr16	27963715	28163715	harbor1	chr16	28023676	28023747	SINE/MIR	556	-	36	28023712	59997
chr16	27963715	28163715	harbor1	chr16	28024059	28024117	SINE/MIR	556	-	29	28024088	60373
chr16	66877936	67077936	harbor1	chr16	66899076	66899276	SINE/MIR	734	-	100	66899176	21240
chr16	67009935	67209935	harbor1	chr16	67011403	67011540	SINE/MIR	648	-	68	67011471	1536
chr16	87292271	87492271	harbor1	chr16	87295184	87295399	SINE/MIR	785	-	108	87295292	3021
chr16	87292307	87492307	harbor1	chr16	87295184	87295399	SINE/MIR	785	-	108	87295292	2985
chr16	66743175	66943175	harbor1	chr16	66746779	66746937	SINE/MIR	569	-	79	66746858	3683
chr16	66743175	66943175	harbor1	chr16	66806713	66806875	SINE/MIR	702	-	81	66806794	63619
chr16	70586095	70786095	harbor1	chr16	70635805	70636026	SINE/MIR	586	-	110	70635915	49820
chr16	67352779	67552779	harbor1	chr16	67353715	67353887	SINE/MIR	609	-	86	67353801	1022
chr16	67352779	67552779	harbor1	chr16	67363307	67363538	SINE/MIR	563	-	116	67363423	10644
chr16	66864287	67064287	harbor1	chr16	66899076	66899276	SINE/MIR	734	-	100	66899176	34889
chr16	57566222	57766222	harbor1	chr16	57606266	57606410	SINE/MIR	773	-	72	57606338	40116
chr16	57566222	57766222	harbor1	chr16	57615892	57616084	SINE/MIR	583	-	96	57615988	49766
chr16	57566222	57766222	harbor1	chr16	57647480	57647661	SINE/MIR	878	-	90	57647570	81348
chr16	57566222	57766222	harbor1	chr16	57656666	57656854	SINE/MIR	802	-	94	57656760	90538
chr16	57566222	57766222	harbor1	chr16	57658214	57658377	SINE/MIR	609	-	82	57658296	92074
chr16	4084073	4284073	harbor1	chr16	4170962	4171125	SINE/MIR	619	-	82	4171044	86971
chr16	57884565	58084565	harbor1	chr16	57888191	57888361	SINE/MIR	650	-	85	57888276	3711
chr16	57884565	58084565	harbor1	chr16	57889635	57889825	SINE/MIR	711	-	95	57889730	5165
chr16	57884565	58084565	harbor1	chr16	57900031	57900207	SINE/MIR	608	-	88	57900119	15554
chr16	57884565	58084565	harbor1	chr16	57913443	57913477	SINE/MIR	680	-	17	57913460	28895
chr16	57884565	58084565	harbor1	chr16	57913781	57913978	SINE/MIR	680	-	98	57913879	29314
chr16	2865141	3065141	harbor1	chr16	2880857	2881024	SINE/MIR	663	-	84	2880941	15800
chr16	58571260	58771260	harbor1	chr16	58645306	58645426	SINE/MIR	784	-	60	58645366	74106
chr16	58571260	58771260	harbor1	chr16	58645726	58645875	SINE/MIR	784	-	74	58645800	74540
chr16	58571260	58771260	harbor1	chr16	58661484	58661697	SINE/MIR	650	-	106	58661590	90330
chr16	70586052	70786052	harbor1	chr16	70635805	70636026	SINE/MIR	586	-	110	70635915	49863
chr16	2836839	3036839	harbor1	chr16	2880857	2881024	SINE/MIR	663	-	84	2880941	44102
chr16	30013459	30213459	harbor1	chr16	30038776	30038908	SINE/MIR	559	-	66	30038842	25383
chr16	30013459	30213459	harbor1	chr16	30043119	30043219	SINE/MIR	727	-	50	30043169	29710
chr16	30013459	30213459	harbor1	chr16	30043517	30043654	SINE/MIR	727	-	68	30043585	30126
chr16	30013459	30213459	harbor1	chr16	30048414	30048636	SINE/MIR	679	-	111	30048525	35066
chr16	56535629	56735629	harbor1	chr16	56538910	56539126	SINE/MIR	828	-	108	56539018	3389
chr16	47149798	47349798	harbor1	chr16	47153736	47153938	SINE/MIR	563	-	101	47153837	4039
chr16	47149798	47349798	harbor1	chr16	47154994	47155248	SINE/MIR	744	-	127	47155121	5323
chr16	47149798	47349798	harbor1	chr16	47207920	47208118	SINE/MIR	712	-	99	47208019	58221
chr16	31032745	31232745	harbor1	chr16	31067251	31067390	SINE/MIR	661	-	70	31067321	34576
chr16	31032745	31232745	harbor1	chr16	31120843	31121029	SINE/MIR	619	-	93	31120936	88191
chr16	67009915	67209915	harbor1	chr16	67011403	67011540	SINE/MIR	648	-	68	67011471	1556
chr16	79500579	79700579	harbor1	chr16	79520848	79521036	SINE/MIR	592	-	94	79520942	20363
chr16	31042643	31242643	harbor1	chr16	31067251	31067390	SINE/MIR	661	-	70	31067321	24678
chr16	31042643	31242643	harbor1	chr16	31120843	31121029	SINE/MIR	619	-	93	31120936	78293
chr16	31042643	31242643	harbor1	chr16	31134280	31134489	SINE/MIR	672	-	104	31134384	91741
chr16	71269697	71469697	harbor1	chr16	71309956	71310177	SINE/MIR	632	-	110	71310066	40369
chr16	71269697	71469697	harbor1	chr16	71312774	71313020	SINE/MIR	685	-	123	71312897	43200
chr16	71269697	71469697	harbor1	chr16	71334020	71334216	SINE/MIR	679	-	98	71334118	64421
chr16	71269697	71469697	harbor1	chr16	71353499	71353699	SINE/MIR	687	-	100	71353599	83902
chr16	71269697	71469697	harbor1	chr16	71356740	71356786	SINE/MIR	622	-	23	71356763	87066
chr16	71269697	71469697	harbor1	chr16	71357093	71357255	SINE/MIR	622	-	81	71357174	87477
chr16	71269697	71469697	harbor1	chr16	71366743	71366942	SINE/MIR	734	-	100	71366843	97146
chr16	57884912	58084912	harbor1	chr16	57888191	57888361	SINE/MIR	650	-	85	57888276	3364
chr16	57884912	58084912	harbor1	chr16	57889635	57889825	SINE/MIR	711	-	95	57889730	4818
chr16	57884912	58084912	harbor1	chr16	57900031	57900207	SINE/MIR	608	-	88	57900119	15207
chr16	57884912	58084912	harbor1	chr16	57913443	57913477	SINE/MIR	680	-	17	57913460	28548
chr16	57884912	58084912	harbor1	chr16	57913781	57913978	SINE/MIR	680	-	98	57913879	28967
chr16	18689988	18889988	harbor1	chr16	18729285	18729543	SINE/MIR	753	-	129	18729414	39426
chr16	18689988	18889988	harbor1	chr16	18741979	18742021	SINE/MIR	831	-	21	18742000	52012
chr16	18689988	18889988	harbor1	chr16	18742485	18742664	SINE/MIR	831	-	90	18742575	52587
chr16	4084077	4284077	harbor1	chr16	4170962	4171125	SINE/MIR	619	-	82	4171044	86967
chr16	30599212	30799212	harbor1	chr16	30663727	30663873	SINE/MIR	562	-	73	30663800	64588
chr16	28018013	28218013	harbor1	chr16	28023676	28023747	SINE/MIR	556	-	36	28023712	5699
chr16	28018013	28218013	harbor1	chr16	28024059	28024117	SINE/MIR	556	-	29	28024088	6075
chr16	28018013	28218013	harbor1	chr16	28073939	28074075	SINE/MIR	602	-	68	28074007	55994
chr16	28018013	28218013	harbor1	chr16	28104282	28104498	SINE/MIR	610	-	108	28104390	86377
chr16	4084076	4284076	harbor1	chr16	4170962	4171125	SINE/MIR	619	-	82	4171044	86968
chr16	30978340	31178340	harbor1	chr16	31003792	31003977	SINE/MIR	559	-	92	31003884	25544
chr16	30978340	31178340	harbor1	chr16	31004240	31004391	SINE/MIR	664	-	76	31004316	25976
chr16	30978340	31178340	harbor1	chr16	31004697	31004710	SINE/MIR	664	-	6	31004703	26363
chr16	30978340	31178340	harbor1	chr16	31005615	31005781	SINE/MIR	630	-	83	31005698	27358
chr16	30978340	31178340	harbor1	chr16	31007783	31007992	SINE/MIR	811	-	104	31007887	29547
chr16	30978340	31178340	harbor1	chr16	31067251	31067390	SINE/MIR	661	-	70	31067321	88981
chr16	29349577	29549577	harbor1	chr16	29360411	29360533	SINE/MIR	612	-	61	29360472	10895
chr16	29349577	29549577	harbor1	chr16	29360829	29360914	SINE/MIR	612	-	42	29360871	11294
chr16	57884931	58084931	harbor1	chr16	57888191	57888361	SINE/MIR	650	-	85	57888276	3345
chr16	57884931	58084931	harbor1	chr16	57889635	57889825	SINE/MIR	711	-	95	57889730	4799
chr16	57884931	58084931	harbor1	chr16	57900031	57900207	SINE/MIR	608	-	88	57900119	15188
chr16	57884931	58084931	harbor1	chr16	57913443	57913477	SINE/MIR	680	-	17	57913460	28529
chr16	57884931	58084931	harbor1	chr16	57913781	57913978	SINE/MIR	680	-	98	57913879	28948
chr16	29715614	29915614	harbor1	chr16	29791586	29791818	SINE/MIR	730	-	116	29791702	76088
chr16	29715614	29915614	harbor1	chr16	29794293	29794540	SINE/MIR	744	-	124	29794417	78803
chr16	57884956	58084956	harbor1	chr16	57888191	57888361	SINE/MIR	650	-	85	57888276	3320
chr16	57884956	58084956	harbor1	chr16	57889635	57889825	SINE/MIR	711	-	95	57889730	4774
chr16	57884956	58084956	harbor1	chr16	57900031	57900207	SINE/MIR	608	-	88	57900119	15163
chr16	57884956	58084956	harbor1	chr16	57913443	57913477	SINE/MIR	680	-	17	57913460	28504
chr16	57884956	58084956	harbor1	chr16	57913781	57913978	SINE/MIR	680	-	98	57913879	28923
chr16	2865156	3065156	harbor1	chr16	2880857	2881024	SINE/MIR	663	-	84	2880941	15785
chr16	67063131	67263131	harbor1	chr16	67162353	67162561	SINE/MIR	888	-	104	67162457	99326
chr16	54828772	55028772	harbor1	chr16	54854410	54854660	SINE/MIR	760	-	125	54854535	25763
chr16	54828772	55028772	harbor1	chr16	54870621	54870797	SINE/MIR	647	-	88	54870709	41937
chr16	57884909	58084909	harbor1	chr16	57888191	57888361	SINE/MIR	650	-	85	57888276	3367
chr16	57884909	58084909	harbor1	chr16	57889635	57889825	SINE/MIR	711	-	95	57889730	4821
chr16	57884909	58084909	harbor1	chr16	57900031	57900207	SINE/MIR	608	-	88	57900119	15210
chr16	57884909	58084909	harbor1	chr16	57913443	57913477	SINE/MIR	680	-	17	57913460	28551
chr16	57884909	58084909	harbor1	chr16	57913781	57913978	SINE/MIR	680	-	98	57913879	28970
chr16	87284537	87484537	harbor1	chr16	87295184	87295399	SINE/MIR	785	-	108	87295292	10755
chr16	70635515	70835515	harbor1	chr16	70635805	70636026	SINE/MIR	586	-	110	70635915	400
chr16	2865150	3065150	harbor1	chr16	2880857	2881024	SINE/MIR	663	-	84	2880941	15791
chr16	1688539	1888539	harbor1	chr16	1689349	1689460	SINE/MIR	636	-	56	1689405	866
chr16	1688539	1888539	harbor1	chr16	1689740	1689890	SINE/MIR	636	-	75	1689815	1276
chr16	1688539	1888539	harbor1	chr16	1690824	1691013	SINE/MIR	595	-	94	1690918	2379
chr17	7461503	7661503	harbor1	chr17	7475363	7475485	SINE/MIR	691	-	61	7475424	13921
chr17	7461503	7661503	harbor1	chr17	7475738	7475884	SINE/MIR	691	-	73	7475811	14308
chr17	7461503	7661503	harbor1	chr17	7553469	7553656	SINE/MIR	711	-	94	7553563	92060
chr17	55165220	55365220	harbor1	chr17	55187930	55188114	SINE/MIR	680	-	92	55188022	22802
chr17	55165220	55365220	harbor1	chr17	55192620	55192832	SINE/MIR	688	-	106	55192726	27506
chr17	55165220	55365220	harbor1	chr17	55194048	55194257	SINE/MIR	595	-	104	55194152	28932
chr17	55165220	55365220	harbor1	chr17	55255205	55255455	SINE/MIR	741	-	125	55255330	90110
chr17	55165220	55365220	harbor1	chr17	55258606	55258792	SINE/MIR	627	-	93	55258699	93479
chr17	75009313	75209313	harbor1	chr17	75080253	75080312	SINE/MIR	687	-	30	75080283	70970
chr17	75009313	75209313	harbor1	chr17	75080614	75080794	SINE/MIR	687	-	90	75080704	71391
chr17	63676342	63876342	harbor1	chr17	63766960	63767192	SINE/MIR	727	-	116	63767076	90734
chr17	2838072	3038072	harbor1	chr17	2846636	2846833	SINE/MIR	643	-	98	2846734	8662
chr17	987890	1187890	harbor1	chr17	1007612	1007812	SINE/MIR	824	-	100	1007712	19822
chr17	58388439	58588439	harbor1	chr17	58464233	58464473	SINE/MIR	686	-	120	58464353	75914
chr17	2838075	3038075	harbor1	chr17	2846636	2846833	SINE/MIR	643	-	98	2846734	8659
chr17	7461829	7661829	harbor1	chr17	7475363	7475485	SINE/MIR	691	-	61	7475424	13595
chr17	7461829	7661829	harbor1	chr17	7475738	7475884	SINE/MIR	691	-	73	7475811	13982
chr17	7461829	7661829	harbor1	chr17	7553469	7553656	SINE/MIR	711	-	94	7553563	91734
chr17	7461828	7661828	harbor1	chr17	7475363	7475485	SINE/MIR	691	-	61	7475424	13596
chr17	7461828	7661828	harbor1	chr17	7475738	7475884	SINE/MIR	691	-	73	7475811	13983
chr17	7461828	7661828	harbor1	chr17	7553469	7553656	SINE/MIR	711	-	94	7553563	91735
chr17	29477937	29677937	harbor1	chr17	29521367	29521587	SINE/MIR	751	-	110	29521477	43540
chr17	29477937	29677937	harbor1	chr17	29521881	29521908	SINE/MIR	751	-	14	29521895	43958
chr17	7461853	7661853	harbor1	chr17	7475363	7475485	SINE/MIR	691	-	61	7475424	13571
chr17	7461853	7661853	harbor1	chr17	7475738	7475884	SINE/MIR	691	-	73	7475811	13958
chr17	7461853	7661853	harbor1	chr17	7553469	7553656	SINE/MIR	711	-	94	7553563	91710
chr17	7461830	7661830	harbor1	chr17	7475363	7475485	SINE/MIR	691	-	61	7475424	13594
chr17	7461830	7661830	harbor1	chr17	7475738	7475884	SINE/MIR	691	-	73	7475811	13981
chr17	7461830	7661830	harbor1	chr17	7553469	7553656	SINE/MIR	711	-	94	7553563	91733
chr17	80624434	80824434	harbor1	chr17	80626513	80626725	SINE/MIR	658	-	106	80626619	2185
chr17	18132683	18332683	harbor1	chr17	18137171	18137411	SINE/MIR	1014	-	120	18137291	4608
chr17	18132683	18332683	harbor1	chr17	18152375	18152554	SINE/MIR	684	-	90	18152465	19782
chr17	18132683	18332683	harbor1	chr17	18164500	18164557	SINE/MIR	610	-	28	18164528	31845
chr17	18132683	18332683	harbor1	chr17	18165111	18165216	SINE/MIR	610	-	52	18165163	32480
chr17	18132683	18332683	harbor1	chr17	18165721	18165751	SINE/MIR	610	-	15	18165736	33053
chr17	18132683	18332683	harbor1	chr17	18223423	18223564	SINE/MIR	705	-	70	18223493	90810
chr17	48339875	48539875	harbor1	chr17	48358733	48358965	SINE/MIR	710	-	116	48358849	18974
chr17	48339875	48539875	harbor1	chr17	48372273	48372301	SINE/MIR	1022	-	14	48372287	32412
chr17	48339875	48539875	harbor1	chr17	48372604	48372651	SINE/MIR	1022	-	24	48372628	32753
chr17	48339875	48539875	harbor1	chr17	48372949	48373063	SINE/MIR	1022	-	57	48373006	33131
chr17	48339875	48539875	harbor1	chr17	48373442	48373490	SINE/MIR	1022	-	24	48373466	33591
chr17	39654933	39854933	harbor1	chr17	39698086	39698260	SINE/MIR	697	-	87	39698173	43240
chr17	39654933	39854933	harbor1	chr17	39698559	39698614	SINE/MIR	697	-	28	39698587	43654
chr17	7461823	7661823	harbor1	chr17	7475363	7475485	SINE/MIR	691	-	61	7475424	13601
chr17	7461823	7661823	harbor1	chr17	7475738	7475884	SINE/MIR	691	-	73	7475811	13988
chr17	7461823	7661823	harbor1	chr17	7553469	7553656	SINE/MIR	711	-	94	7553563	91740
chr17	7461898	7661898	harbor1	chr17	7475363	7475485	SINE/MIR	691	-	61	7475424	13526
chr17	7461898	7661898	harbor1	chr17	7475738	7475884	SINE/MIR	691	-	73	7475811	13913
chr17	7461898	7661898	harbor1	chr17	7553469	7553656	SINE/MIR	711	-	94	7553563	91665
chr17	7813042	8013042	harbor1	chr17	7824889	7825070	SINE/MIR	668	-	90	7824979	11937
chr17	7813042	8013042	harbor1	chr17	7869120	7869343	SINE/MIR	772	-	112	7869232	56190
chr17	39654786	39854786	harbor1	chr17	39698086	39698260	SINE/MIR	697	-	87	39698173	43387
chr17	39654786	39854786	harbor1	chr17	39698559	39698614	SINE/MIR	697	-	28	39698587	43801
chr17	7461905	7661905	harbor1	chr17	7475363	7475485	SINE/MIR	691	-	61	7475424	13519
chr17	7461905	7661905	harbor1	chr17	7475738	7475884	SINE/MIR	691	-	73	7475811	13906
chr17	7461905	7661905	harbor1	chr17	7553469	7553656	SINE/MIR	711	-	94	7553563	91658
chr17	56020599	56220599	harbor1	chr17	56023258	56023494	SINE/MIR	694	-	118	56023376	2777
chr17	56020599	56220599	harbor1	chr17	56045530	56045754	SINE/MIR	770	-	112	56045642	25043
chr17	56020599	56220599	harbor1	chr17	56108452	56108665	SINE/MIR	614	-	106	56108558	87959
chr17	7461897	7661897	harbor1	chr17	7475363	7475485	SINE/MIR	691	-	61	7475424	13527
chr17	7461897	7661897	harbor1	chr17	7475738	7475884	SINE/MIR	691	-	73	7475811	13914
chr17	7461897	7661897	harbor1	chr17	7553469	7553656	SINE/MIR	711	-	94	7553563	91666
chr17	78924128	79124128	harbor1	chr17	78991319	78991547	SINE/MIR	659	-	114	78991433	67305
chr17	7142998	7342998	harbor1	chr17	7186246	7186409	SINE/MIR	631	-	82	7186328	43330
chr17	8056331	8256331	harbor1	chr17	8083414	8083448	SINE/MIR	611	-	17	8083431	27100
chr17	8056331	8256331	harbor1	chr17	8083759	8083876	SINE/MIR	611	-	58	8083817	27486
chr17	8056331	8256331	harbor1	chr17	8084165	8084270	SINE/MIR	611	-	52	8084217	27886
chr17	7461844	7661844	harbor1	chr17	7475363	7475485	SINE/MIR	691	-	61	7475424	13580
chr17	7461844	7661844	harbor1	chr17	7475738	7475884	SINE/MIR	691	-	73	7475811	13967
chr17	7461844	7661844	harbor1	chr17	7553469	7553656	SINE/MIR	711	-	94	7553563	91719
chr17	7461836	7661836	harbor1	chr17	7475363	7475485	SINE/MIR	691	-	61	7475424	13588
chr17	7461836	7661836	harbor1	chr17	7475738	7475884	SINE/MIR	691	-	73	7475811	13975
chr17	7461836	7661836	harbor1	chr17	7553469	7553656	SINE/MIR	711	-	94	7553563	91727
chr17	2838074	3038074	harbor1	chr17	2846636	2846833	SINE/MIR	643	-	98	2846734	8660
chr17	82589285	82789285	harbor1	chr17	82643034	82643152	SINE/MIR	642	-	59	82643093	53808
chr17	82589285	82789285	harbor1	chr17	82643454	82643548	SINE/MIR	642	-	47	82643501	54216
chr17	50408598	50608598	harbor1	chr17	50476466	50476629	SINE/MIR	594	-	82	50476548	67950
chr17	50408598	50608598	harbor1	chr17	50478026	50478058	SINE/MIR	594	-	16	50478042	69444
chr17	50408598	50608598	harbor1	chr17	50492271	50492458	SINE/MIR	619	-	94	50492365	83767
chr17	58416995	58616995	harbor1	chr17	58464233	58464473	SINE/MIR	686	-	120	58464353	47358
chr17	58416995	58616995	harbor1	chr17	58492986	58493206	SINE/MIR	726	-	110	58493096	76101
chr17	58416995	58616995	harbor1	chr17	58511610	58511860	SINE/MIR	813	-	125	58511735	94740
chr17	44870431	45070431	harbor1	chr17	44940955	44941176	SINE/MIR	877	-	110	44941065	70634
chr17	44870431	45070431	harbor1	chr17	44969842	44970088	SINE/MIR	951	-	123	44969965	99534
chr17	39087193	39287193	harbor1	chr17	39144864	39145101	SINE/MIR	930	-	118	39144982	57789
chr17	39087193	39287193	harbor1	chr17	39161857	39162089	SINE/MIR	776	-	116	39161973	74780
chr17	39087193	39287193	harbor1	chr17	39181394	39181582	SINE/MIR	627	-	94	39181488	94295
chr17	17393446	17593446	harbor1	chr17	17473017	17473243	SINE/MIR	848	-	113	17473130	79684
chr17	7461870	7661870	harbor1	chr17	7475363	7475485	SINE/MIR	691	-	61	7475424	13554
chr17	7461870	7661870	harbor1	chr17	7475738	7475884	SINE/MIR	691	-	73	7475811	13941
chr17	7461870	7661870	harbor1	chr17	7553469	7553656	SINE/MIR	711	-	94	7553563	91693
chr17	30610000	30810000	harbor1	chr17	30627883	30628100	SINE/MIR	702	-	108	30627991	17991
chr17	7461914	7661914	harbor1	chr17	7475363	7475485	SINE/MIR	691	-	61	7475424	13510
chr17	7461914	7661914	harbor1	chr17	7475738	7475884	SINE/MIR	691	-	73	7475811	13897
chr17	7461914	7661914	harbor1	chr17	7553469	7553656	SINE/MIR	711	-	94	7553563	91649
chr17	39654848	39854848	harbor1	chr17	39698086	39698260	SINE/MIR	697	-	87	39698173	43325
chr17	39654848	39854848	harbor1	chr17	39698559	39698614	SINE/MIR	697	-	28	39698587	43739
chr17	7461805	7661805	harbor1	chr17	7475363	7475485	SINE/MIR	691	-	61	7475424	13619
chr17	7461805	7661805	harbor1	chr17	7475738	7475884	SINE/MIR	691	-	73	7475811	14006
chr17	7461805	7661805	harbor1	chr17	7553469	7553656	SINE/MIR	711	-	94	7553563	91758
chr17	15555287	15755287	harbor1	chr17	15597854	15598012	SINE/MIR	747	-	79	15597933	42646
chr17	15555287	15755287	harbor1	chr17	15639961	15640172	SINE/MIR	732	-	106	15640067	84780
chr17	75009533	75209533	harbor1	chr17	75080253	75080312	SINE/MIR	687	-	30	75080283	70750
chr17	75009533	75209533	harbor1	chr17	75080614	75080794	SINE/MIR	687	-	90	75080704	71171
chr17	33191683	33391683	harbor1	chr17	33227650	33227883	SINE/MIR	972	-	116	33227766	36083
chr17	33191683	33391683	harbor1	chr17	33246687	33246848	SINE/MIR	593	-	80	33246767	55084
chr17	33191683	33391683	harbor1	chr17	33251285	33251316	SINE/MIR	645	-	16	33251301	59618
chr17	33191683	33391683	harbor1	chr17	33251317	33251334	SINE/MIR	729	-	8	33251325	59642
chr17	33191683	33391683	harbor1	chr17	33251622	33251841	SINE/MIR	729	-	110	33251732	60049
chr17	33191683	33391683	harbor1	chr17	33251890	33252090	SINE/MIR	613	-	100	33251990	60307
chr17	33191683	33391683	harbor1	chr17	33258706	33258873	SINE/MIR	608	-	84	33258790	67107
chr17	33191683	33391683	harbor1	chr17	33261581	33261797	SINE/MIR	635	-	108	33261689	70006
chr17	33191683	33391683	harbor1	chr17	33264308	33264547	SINE/MIR	941	-	120	33264428	72745
chr17	33191683	33391683	harbor1	chr17	33270830	33271058	SINE/MIR	601	-	114	33270944	79261
chr17	33191683	33391683	harbor1	chr17	33288761	33288936	SINE/MIR	692	-	88	33288849	97166
chr17	33191705	33391705	harbor1	chr17	33227650	33227883	SINE/MIR	972	-	116	33227766	36061
chr17	33191705	33391705	harbor1	chr17	33246687	33246848	SINE/MIR	593	-	80	33246767	55062
chr17	33191705	33391705	harbor1	chr17	33251285	33251316	SINE/MIR	645	-	16	33251301	59596
chr17	33191705	33391705	harbor1	chr17	33251317	33251334	SINE/MIR	729	-	8	33251325	59620
chr17	33191705	33391705	harbor1	chr17	33251622	33251841	SINE/MIR	729	-	110	33251732	60027
chr17	33191705	33391705	harbor1	chr17	33251890	33252090	SINE/MIR	613	-	100	33251990	60285
chr17	33191705	33391705	harbor1	chr17	33258706	33258873	SINE/MIR	608	-	84	33258790	67085
chr17	33191705	33391705	harbor1	chr17	33261581	33261797	SINE/MIR	635	-	108	33261689	69984
chr17	33191705	33391705	harbor1	chr17	33264308	33264547	SINE/MIR	941	-	120	33264428	72723
chr17	33191705	33391705	harbor1	chr17	33270830	33271058	SINE/MIR	601	-	114	33270944	79239
chr17	33191705	33391705	harbor1	chr17	33288761	33288936	SINE/MIR	692	-	88	33288849	97144
chr17	43590747	43790747	harbor1	chr17	43657880	43658098	SINE/MIR	599	-	109	43657989	67242
chr17	8023310	8223310	harbor1	chr17	8083414	8083448	SINE/MIR	611	-	17	8083431	60121
chr17	8023310	8223310	harbor1	chr17	8083759	8083876	SINE/MIR	611	-	58	8083817	60507
chr17	8023310	8223310	harbor1	chr17	8084165	8084270	SINE/MIR	611	-	52	8084217	60907
chr17	286286	486286	harbor1	chr17	312632	312876	SINE/MIR	673	-	122	312754	26468
chr17	286286	486286	harbor1	chr17	346008	346226	SINE/MIR	666	-	109	346117	59831
chr17	57767550	57967550	harbor1	chr17	57825924	57826135	SINE/MIR	974	-	106	57826030	58480
chr17	57767550	57967550	harbor1	chr17	57832955	57833159	SINE/MIR	745	-	102	57833057	65507
chr17	987847	1187847	harbor1	chr17	1007612	1007812	SINE/MIR	824	-	100	1007712	19865
chr17	36836264	37036264	harbor1	chr17	36880697	36880937	SINE/MIR	805	-	120	36880817	44553
chr17	36836264	37036264	harbor1	chr17	36900658	36900910	SINE/MIR	834	-	126	36900784	64520
chr17	38631460	38831460	harbor1	chr17	38652126	38652298	SINE/MIR	663	-	86	38652212	20752
chr17	38631460	38831460	harbor1	chr17	38652593	38652663	SINE/MIR	663	-	35	38652628	21168
chr17	38631460	38831460	harbor1	chr17	38714104	38714281	SINE/MIR	730	-	88	38714192	82732
chr17	41516785	41716785	harbor1	chr17	41520570	41520785	SINE/MIR	620	-	108	41520678	3893
chr17	7461864	7661864	harbor1	chr17	7475363	7475485	SINE/MIR	691	-	61	7475424	13560
chr17	7461864	7661864	harbor1	chr17	7475738	7475884	SINE/MIR	691	-	73	7475811	13947
chr17	7461864	7661864	harbor1	chr17	7553469	7553656	SINE/MIR	711	-	94	7553563	91699
chr17	57827332	58027332	harbor1	chr17	57832955	57833159	SINE/MIR	745	-	102	57833057	5725
chr17	57827332	58027332	harbor1	chr17	57876842	57877032	SINE/MIR	609	-	95	57876937	49605
chr17	57827332	58027332	harbor1	chr17	57890014	57890186	SINE/MIR	616	-	86	57890100	62768
chr17	57827332	58027332	harbor1	chr17	57895044	57895296	SINE/MIR	863	-	126	57895170	67838
chr17	57827332	58027332	harbor1	chr17	57897125	57897368	SINE/MIR	826	-	122	57897247	69915
chr17	57827332	58027332	harbor1	chr17	57917518	57917733	SINE/MIR	714	-	108	57917626	90294
chr17	57827332	58027332	harbor1	chr17	57919948	57920164	SINE/MIR	678	-	108	57920056	92724
chr17	987852	1187852	harbor1	chr17	1007612	1007812	SINE/MIR	824	-	100	1007712	19860
chr17	78924157	79124157	harbor1	chr17	78991319	78991547	SINE/MIR	659	-	114	78991433	67276
chr17	2829895	3029895	harbor1	chr17	2846636	2846833	SINE/MIR	643	-	98	2846734	16839
chr17	7461894	7661894	harbor1	chr17	7475363	7475485	SINE/MIR	691	-	61	7475424	13530
chr17	7461894	7661894	harbor1	chr17	7475738	7475884	SINE/MIR	691	-	73	7475811	13917
chr17	7461894	7661894	harbor1	chr17	7553469	7553656	SINE/MIR	711	-	94	7553563	91669
chr17	76711222	76911222	harbor1	chr17	76751788	76751974	SINE/MIR	591	-	93	76751881	40659
chr17	78252870	78452870	harbor1	chr17	78255097	78255360	SINE/MIR	662	-	132	78255229	2359
chr17	42914345	43114345	harbor1	chr17	42994267	42994523	SINE/MIR	599	-	128	42994395	80050
chr17	76485502	76685502	harbor1	chr17	76546747	76546946	SINE/MIR	594	-	100	76546847	61345
chr17	76485502	76685502	harbor1	chr17	76550829	76551081	SINE/MIR	642	-	126	76550955	65453
chr17	2837929	3037929	harbor1	chr17	2846636	2846833	SINE/MIR	643	-	98	2846734	8805
chr17	7461804	7661804	harbor1	chr17	7475363	7475485	SINE/MIR	691	-	61	7475424	13620
chr17	7461804	7661804	harbor1	chr17	7475738	7475884	SINE/MIR	691	-	73	7475811	14007
chr17	7461804	7661804	harbor1	chr17	7553469	7553656	SINE/MIR	711	-	94	7553563	91759
chr17	74649363	74849363	harbor1	chr17	74653679	74653899	SINE/MIR	664	-	110	74653789	4426
chr17	74649363	74849363	harbor1	chr17	74670599	74670821	SINE/MIR	854	-	111	74670710	21347
chr17	74649363	74849363	harbor1	chr17	74716468	74716661	SINE/MIR	749	-	96	74716564	67201
chr17	75009499	75209499	harbor1	chr17	75080253	75080312	SINE/MIR	687	-	30	75080283	70784
chr17	75009499	75209499	harbor1	chr17	75080614	75080794	SINE/MIR	687	-	90	75080704	71205
chr17	6918778	7118778	harbor1	chr17	6967178	6967432	SINE/MIR	732	-	127	6967305	48527
chr17	44209709	44409709	harbor1	chr17	44254773	44254976	SINE/MIR	626	-	102	44254875	45166
chr17	7397781	7597781	harbor1	chr17	7450608	7450845	SINE/MIR	607	-	118	7450726	52945
chr17	7397781	7597781	harbor1	chr17	7475363	7475485	SINE/MIR	691	-	61	7475424	77643
chr17	7397781	7597781	harbor1	chr17	7475738	7475884	SINE/MIR	691	-	73	7475811	78030
chr17	33191648	33391648	harbor1	chr17	33227650	33227883	SINE/MIR	972	-	116	33227766	36118
chr17	33191648	33391648	harbor1	chr17	33246687	33246848	SINE/MIR	593	-	80	33246767	55119
chr17	33191648	33391648	harbor1	chr17	33251285	33251316	SINE/MIR	645	-	16	33251301	59653
chr17	33191648	33391648	harbor1	chr17	33251317	33251334	SINE/MIR	729	-	8	33251325	59677
chr17	33191648	33391648	harbor1	chr17	33251622	33251841	SINE/MIR	729	-	110	33251732	60084
chr17	33191648	33391648	harbor1	chr17	33251890	33252090	SINE/MIR	613	-	100	33251990	60342
chr17	33191648	33391648	harbor1	chr17	33258706	33258873	SINE/MIR	608	-	84	33258790	67142
chr17	33191648	33391648	harbor1	chr17	33261581	33261797	SINE/MIR	635	-	108	33261689	70041
chr17	33191648	33391648	harbor1	chr17	33264308	33264547	SINE/MIR	941	-	120	33264428	72780
chr17	33191648	33391648	harbor1	chr17	33270830	33271058	SINE/MIR	601	-	114	33270944	79296
chr17	33191648	33391648	harbor1	chr17	33288761	33288936	SINE/MIR	692	-	88	33288849	97201
chr17	45358313	45558313	harbor1	chr17	45363315	45363532	SINE/MIR	694	-	108	45363423	5110
chr17	45358313	45558313	harbor1	chr17	45388007	45388234	SINE/MIR	657	-	114	45388121	29808
chr17	45358313	45558313	harbor1	chr17	45440581	45440783	SINE/MIR	962	-	101	45440682	82369
chr17	45358313	45558313	harbor1	chr17	45445762	45445914	SINE/MIR	659	-	76	45445838	87525
chr17	45358313	45558313	harbor1	chr17	45450928	45451105	SINE/MIR	633	-	88	45451016	92703
chr17	38349446	38549446	harbor1	chr17	38430926	38431115	SINE/MIR	711	-	94	38431020	81574
chr17	38349446	38549446	harbor1	chr17	38439548	38439766	SINE/MIR	709	-	109	38439657	90211
chr17	38349446	38549446	harbor1	chr17	38448369	38448620	SINE/MIR	796	-	126	38448495	99049
chr17	30610045	30810045	harbor1	chr17	30627883	30628100	SINE/MIR	702	-	108	30627991	17946
chr17	30994986	31194986	harbor1	chr17	31046288	31046512	SINE/MIR	782	-	112	31046400	51414
chr17	30994986	31194986	harbor1	chr17	31071656	31071869	SINE/MIR	596	-	106	31071762	76776
chr17	30994986	31194986	harbor1	chr17	31077872	31078122	SINE/MIR	723	-	125	31077997	83011
chr17	987876	1187876	harbor1	chr17	1007612	1007812	SINE/MIR	824	-	100	1007712	19836
chr17	1990653	2190653	harbor1	chr17	2080521	2080626	SINE/MIR	860	-	52	2080573	89920
chr17	1990653	2190653	harbor1	chr17	2080935	2081045	SINE/MIR	860	-	55	2080990	90337
chr17	1990653	2190653	harbor1	chr17	2082870	2083119	SINE/MIR	988	-	124	2082994	92341
chr17	9856590	10056590	harbor1	chr17	9876867	9877140	SINE/MIR	872	-	136	9877003	20413
chr17	9856590	10056590	harbor1	chr17	9955418	9955642	SINE/MIR	1200	-	112	9955530	98940
chr18	26126454	26326454	harbor1	chr18	26131281	26131463	SINE/MIR	632	-	91	26131372	4918
chr18	37465330	37665330	harbor1	chr18	37472487	37472697	SINE/MIR	533	-	105	37472592	7262
chr18	37465330	37665330	harbor1	chr18	37497776	37498008	SINE/MIR	651	-	116	37497892	32562
chr18	37465330	37665330	harbor1	chr18	37528008	37528144	SINE/MIR	405	-	68	37528076	62746
chr18	37465330	37665330	harbor1	chr18	37530155	37530334	SINE/MIR	500	-	90	37530245	64915
chr18	37465330	37665330	harbor1	chr18	37539149	37539392	SINE/MIR	950	-	122	37539271	73941
chr18	37465330	37665330	harbor1	chr18	37542746	37542957	SINE/MIR	397	-	106	37542852	77522
chr18	26126532	26326532	harbor1	chr18	26131281	26131463	SINE/MIR	632	-	91	26131372	4840
chr18	49713903	49913903	harbor1	chr18	49793280	49793513	SINE/MIR	582	-	116	49793396	79493
chr18	26126502	26326502	harbor1	chr18	26131281	26131463	SINE/MIR	632	-	91	26131372	4870
chr18	31997343	32197343	harbor1	chr18	32048479	32048658	SINE/MIR	725	-	90	32048569	51226
chr18	31997343	32197343	harbor1	chr18	32062048	32062243	SINE/MIR	444	-	98	32062146	64803
chr18	12158330	12358330	harbor1	chr18	12251490	12251666	SINE/MIR	559	-	88	12251578	93248
chr18	26126451	26326451	harbor1	chr18	26131281	26131463	SINE/MIR	632	-	91	26131372	4921
chr18	26126452	26326452	harbor1	chr18	26131281	26131463	SINE/MIR	632	-	91	26131372	4920
chr18	42426133	42626133	harbor1	chr18	42487547	42487763	SINE/MIR	415	-	108	42487655	61522
chr18	42426133	42626133	harbor1	chr18	42490413	42490590	SINE/MIR	419	-	88	42490501	64368
chr18	42426133	42626133	harbor1	chr18	42492679	42492884	SINE/MIR	413	-	102	42492781	66648
chr18	42426133	42626133	harbor1	chr18	42493234	42493448	SINE/MIR	698	-	107	42493341	67208
chr18	74356692	74556692	harbor1	chr18	74411742	74411908	SINE/MIR	399	-	83	74411825	55133
chr18	74356692	74556692	harbor1	chr18	74429593	74429808	SINE/MIR	578	-	108	74429701	73009
chr18	74356692	74556692	harbor1	chr18	74432943	74433073	SINE/MIR	430	-	65	74433008	76316
chr18	74356714	74556714	harbor1	chr18	74411742	74411908	SINE/MIR	399	-	83	74411825	55111
chr18	74356714	74556714	harbor1	chr18	74429593	74429808	SINE/MIR	578	-	108	74429701	72987
chr18	74356714	74556714	harbor1	chr18	74432943	74433073	SINE/MIR	430	-	65	74433008	76294
chr18	23734554	23934554	harbor1	chr18	23809125	23809340	SINE/MIR	632	-	108	23809233	74679
chr18	23734554	23934554	harbor1	chr18	23810060	23810292	SINE/MIR	628	-	116	23810176	75622
chr18	23734554	23934554	harbor1	chr18	23832894	23833119	SINE/MIR	820	-	112	23833006	98452
chr18	74356712	74556712	harbor1	chr18	74411742	74411908	SINE/MIR	399	-	83	74411825	55113
chr18	74356712	74556712	harbor1	chr18	74429593	74429808	SINE/MIR	578	-	108	74429701	72989
chr18	74356712	74556712	harbor1	chr18	74432943	74433073	SINE/MIR	430	-	65	74433008	76296
chr18	25820834	26020834	harbor1	chr18	25822934	25823159	SINE/MIR	773	-	112	25823046	2212
chr18	25820834	26020834	harbor1	chr18	25843914	25844016	SINE/MIR	461	-	51	25843965	23131
chr18	25820834	26020834	harbor1	chr18	25851412	25851624	SINE/MIR	791	-	106	25851518	30684
chr18	25820834	26020834	harbor1	chr18	25895220	25895314	SINE/MIR	465	-	47	25895267	74433
chr18	26126453	26326453	harbor1	chr18	26131281	26131463	SINE/MIR	632	-	91	26131372	4919
chr18	37465383	37665383	harbor1	chr18	37472487	37472697	SINE/MIR	533	-	105	37472592	7209
chr18	37465383	37665383	harbor1	chr18	37497776	37498008	SINE/MIR	651	-	116	37497892	32509
chr18	37465383	37665383	harbor1	chr18	37528008	37528144	SINE/MIR	405	-	68	37528076	62693
chr18	37465383	37665383	harbor1	chr18	37530155	37530334	SINE/MIR	500	-	90	37530245	64862
chr18	37465383	37665383	harbor1	chr18	37539149	37539392	SINE/MIR	950	-	122	37539271	73888
chr18	37465383	37665383	harbor1	chr18	37542746	37542957	SINE/MIR	397	-	106	37542852	77469
chr18	46333461	46533461	harbor1	chr18	46370169	46370413	SINE/MIR	488	-	122	46370291	36830
chr18	46333461	46533461	harbor1	chr18	46404829	46405007	SINE/MIR	627	-	89	46404918	71457
chr18	46333461	46533461	harbor1	chr18	46414031	46414239	SINE/MIR	658	-	104	46414135	80674
chr18	57486434	57686434	harbor1	chr18	57495238	57495344	SINE/MIR	436	-	53	57495291	8857
chr18	57486434	57686434	harbor1	chr18	57497870	57498019	SINE/MIR	497	-	74	57497944	11510
chr18	57486434	57686434	harbor1	chr18	57507072	57507144	SINE/MIR	533	-	36	57507108	20674
chr18	57486434	57686434	harbor1	chr18	57507446	57507550	SINE/MIR	533	-	52	57507498	21064
chr18	42910981	43110981	harbor1	chr18	42940702	42940858	SINE/MIR	405	-	78	42940780	29799
chr18	42910981	43110981	harbor1	chr18	42941809	42941945	SINE/MIR	455	-	68	42941877	30896
chr18	59165754	59365754	harbor1	chr18	59202033	59202241	SINE/MIR	568	-	104	59202137	36383
chr18	59165754	59365754	harbor1	chr18	59209782	59209986	SINE/MIR	610	-	102	59209884	44130
chr18	59165754	59365754	harbor1	chr18	59215612	59215788	SINE/MIR	428	-	88	59215700	49946
chr18	59165754	59365754	harbor1	chr18	59225106	59225301	SINE/MIR	525	-	98	59225204	59450
chr18	59165754	59365754	harbor1	chr18	59231056	59231199	SINE/MIR	450	-	72	59231128	65374
chr18	59165754	59365754	harbor1	chr18	59249425	59249553	SINE/MIR	407	-	64	59249489	83735
chr18	11589068	11789068	harbor1	chr18	11607759	11607910	SINE/MIR	564	-	76	11607835	18767
chr18	11589068	11789068	harbor1	chr18	11615530	11615579	SINE/MIR	497	-	24	11615554	26486
chr18	11589068	11789068	harbor1	chr18	11615885	11615984	SINE/MIR	497	-	50	11615935	26867
chr18	11589068	11789068	harbor1	chr18	11620387	11620547	SINE/MIR	416	-	80	11620467	31399
chr18	11589068	11789068	harbor1	chr18	11641101	11641329	SINE/MIR	642	-	114	11641215	52147
chr18	46488673	46688673	harbor1	chr18	46520720	46520974	SINE/MIR	421	-	127	46520847	32174
chr18	46488673	46688673	harbor1	chr18	46527417	46527602	SINE/MIR	731	-	92	46527509	38836
chr18	46488673	46688673	harbor1	chr18	46540004	46540233	SINE/MIR	1000	-	114	46540118	51445
chr18	46488673	46688673	harbor1	chr18	46544516	46544754	SINE/MIR	996	-	119	46544635	55962
chr18	46488673	46688673	harbor1	chr18	46553226	46553439	SINE/MIR	610	-	106	46553332	64659
chr18	12159159	12359159	harbor1	chr18	12251490	12251666	SINE/MIR	559	-	88	12251578	92419
chr18	25890292	26090292	harbor1	chr18	25895220	25895314	SINE/MIR	465	-	47	25895267	4975
chr18	12207967	12407967	harbor1	chr18	12251490	12251666	SINE/MIR	559	-	88	12251578	43611
chr18	65651295	65851295	harbor1	chr18	65652494	65652652	SINE/MIR	516	-	79	65652573	1278
chr18	65651295	65851295	harbor1	chr18	65734104	65734320	SINE/MIR	710	-	108	65734212	82917
chr18	74356740	74556740	harbor1	chr18	74411742	74411908	SINE/MIR	399	-	83	74411825	55085
chr18	74356740	74556740	harbor1	chr18	74429593	74429808	SINE/MIR	578	-	108	74429701	72961
chr18	74356740	74556740	harbor1	chr18	74432943	74433073	SINE/MIR	430	-	65	74433008	76268
chr18	48702843	48902843	harbor1	chr18	48709022	48709251	SINE/MIR	1024	-	114	48709136	6293
chr18	48702843	48902843	harbor1	chr18	48739952	48740178	SINE/MIR	736	-	113	48740065	37222
chr18	48702843	48902843	harbor1	chr18	48742598	48742807	SINE/MIR	494	-	104	48742702	39859
chr18	48702843	48902843	harbor1	chr18	48748516	48748720	SINE/MIR	532	-	102	48748618	45775
chr18	48702843	48902843	harbor1	chr18	48749597	48749826	SINE/MIR	877	-	114	48749711	46868
chr18	48702843	48902843	harbor1	chr18	48760366	48760521	SINE/MIR	545	-	78	48760444	57601
chr18	48702843	48902843	harbor1	chr18	48791193	48791346	SINE/MIR	409	-	76	48791269	88426
chr18	48702843	48902843	harbor1	chr18	48799208	48799369	SINE/MIR	614	-	80	48799288	96445
chr18	59165766	59365766	harbor1	chr18	59202033	59202241	SINE/MIR	568	-	104	59202137	36371
chr18	59165766	59365766	harbor1	chr18	59209782	59209986	SINE/MIR	610	-	102	59209884	44118
chr18	59165766	59365766	harbor1	chr18	59215612	59215788	SINE/MIR	428	-	88	59215700	49934
chr18	59165766	59365766	harbor1	chr18	59225106	59225301	SINE/MIR	525	-	98	59225204	59438
chr18	59165766	59365766	harbor1	chr18	59231056	59231199	SINE/MIR	450	-	72	59231128	65362
chr18	59165766	59365766	harbor1	chr18	59249425	59249553	SINE/MIR	407	-	64	59249489	83723
chr18	59165800	59365800	harbor1	chr18	59202033	59202241	SINE/MIR	568	-	104	59202137	36337
chr18	59165800	59365800	harbor1	chr18	59209782	59209986	SINE/MIR	610	-	102	59209884	44084
chr18	59165800	59365800	harbor1	chr18	59215612	59215788	SINE/MIR	428	-	88	59215700	49900
chr18	59165800	59365800	harbor1	chr18	59225106	59225301	SINE/MIR	525	-	98	59225204	59404
chr18	59165800	59365800	harbor1	chr18	59231056	59231199	SINE/MIR	450	-	72	59231128	65328
chr18	59165800	59365800	harbor1	chr18	59249425	59249553	SINE/MIR	407	-	64	59249489	83689
chr18	65651274	65851274	harbor1	chr18	65652494	65652652	SINE/MIR	516	-	79	65652573	1299
chr18	65651274	65851274	harbor1	chr18	65734104	65734320	SINE/MIR	710	-	108	65734212	82938
chr18	12154584	12354584	harbor1	chr18	12251490	12251666	SINE/MIR	559	-	88	12251578	96994
chr19	18336407	18536407	harbor1	chr19	18354848	18354961	SINE/MIR	711	-	56	18354904	18497
chr19	18336407	18536407	harbor1	chr19	18355561	18355678	SINE/MIR	711	-	58	18355619	19212
chr19	18336407	18536407	harbor1	chr19	18395614	18395709	SINE/MIR	686	-	48	18395662	59255
chr19	18336407	18536407	harbor1	chr19	18396021	18396159	SINE/MIR	686	-	69	18396090	59683
chr19	49461215	49661215	harbor1	chr19	49480104	49480283	SINE/MIR	669	-	90	49480194	18979
chr19	49461215	49661215	harbor1	chr19	49532976	49533183	SINE/MIR	950	-	104	49533080	71865
chr19	56021024	56221024	harbor1	chr19	56062768	56062922	SINE/MIR	671	-	77	56062845	41821
chr19	56021024	56221024	harbor1	chr19	56063216	56063283	SINE/MIR	671	-	34	56063250	42226
chr19	10073322	10273322	harbor1	chr19	10102988	10103218	SINE/MIR	685	-	115	10103103	29781
chr19	12912166	13112166	harbor1	chr19	12968009	12968213	SINE/MIR	777	-	102	12968111	55945
chr19	35101286	35301286	harbor1	chr19	35135728	35135959	SINE/MIR	765	-	116	35135844	34558
chr19	35101286	35301286	harbor1	chr19	35156954	35157197	SINE/MIR	676	-	122	35157076	55790
chr19	35101286	35301286	harbor1	chr19	35159651	35159867	SINE/MIR	907	-	108	35159759	58473
chr19	35101286	35301286	harbor1	chr19	35162897	35163164	SINE/MIR	928	-	134	35163031	61745
chr19	7856194	8056194	harbor1	chr19	7918537	7918710	SINE/MIR	652	-	86	7918623	62429
chr19	44719569	44919569	harbor1	chr19	44741495	44741714	SINE/MIR	967	-	110	44741605	22036
chr19	56018924	56218924	harbor1	chr19	56062768	56062922	SINE/MIR	671	-	77	56062845	43921
chr19	56018924	56218924	harbor1	chr19	56063216	56063283	SINE/MIR	671	-	34	56063250	44326
chr19	41922838	42122838	harbor1	chr19	41931964	41932215	SINE/MIR	854	-	126	41932090	9252
chr19	13726269	13926269	harbor1	chr19	13824831	13825000	SINE/MIR	754	-	84	13824915	98646
chr19	8046259	8246259	harbor1	chr19	8140553	8140783	SINE/MIR	722	-	115	8140668	94409
chr19	4570431	4770431	harbor1	chr19	4600983	4601145	SINE/MIR	751	-	81	4601064	30633
chr19	4570431	4770431	harbor1	chr19	4601459	4601491	SINE/MIR	751	-	16	4601475	31044
chr19	9986276	10186276	harbor1	chr19	10014414	10014528	SINE/MIR	803	-	57	10014471	28195
chr19	9986276	10186276	harbor1	chr19	10014837	10014976	SINE/MIR	803	-	70	10014907	28631
chr19	9986276	10186276	harbor1	chr19	10049722	10049895	SINE/MIR	803	-	86	10049808	63532
chr19	9986276	10186276	harbor1	chr19	10052030	10052218	SINE/MIR	925	-	94	10052124	65848
chr19	9986276	10186276	harbor1	chr19	10068698	10068931	SINE/MIR	994	-	116	10068814	82538
chr19	36005131	36205131	harbor1	chr19	36022241	36022471	SINE/MIR	819	-	115	36022356	17225
chr19	12885297	13085297	harbor1	chr19	12968009	12968213	SINE/MIR	777	-	102	12968111	82814
chr19	44719429	44919429	harbor1	chr19	44741495	44741714	SINE/MIR	967	-	110	44741605	22176
chr19	55254096	55454096	harbor1	chr19	55278433	55278631	SINE/MIR	787	-	99	55278532	24436
chr19	55254096	55454096	harbor1	chr19	55278942	55278971	SINE/MIR	787	-	14	55278956	24860
chr19	37894961	38094961	harbor1	chr19	37919317	37919551	SINE/MIR	899	-	117	37919434	24473
chr19	37894961	38094961	harbor1	chr19	37936522	37936781	SINE/MIR	636	-	130	37936652	41691
chr19	10887632	11087632	harbor1	chr19	10908413	10908685	SINE/MIR	1228	-	136	10908549	20917
chr19	31989361	32189361	harbor1	chr19	32059624	32059828	SINE/MIR	650	-	102	32059726	70365
chr19	12938463	13138463	harbor1	chr19	12968009	12968213	SINE/MIR	777	-	102	12968111	29648
chr19	10320198	10520198	harbor1	chr19	10416070	10416258	SINE/MIR	640	-	94	10416164	95966
chr19	38117750	38317750	harbor1	chr19	38164209	38164399	SINE/MIR	696	-	95	38164304	46554
chr19	48639075	48839075	harbor1	chr19	48668309	48668548	SINE/MIR	897	-	120	48668429	29354
chr19	1	171208	harbor1	chr19	64728	64980	SINE/MIR	752	-	126	64854	64853
chr19	39990768	40190768	harbor1	chr19	40008009	40008227	SINE/MIR	794	-	109	40008118	17350
chr19	1	160441	harbor1	chr19	64728	64980	SINE/MIR	752	-	126	64854	64853
chr19	12922472	13122472	harbor1	chr19	12968009	12968213	SINE/MIR	777	-	102	12968111	45639
chr19	6129382	6329382	harbor1	chr19	6165505	6165701	SINE/MIR	875	-	98	6165603	36221
chr19	44993164	45193164	harbor1	chr19	45008226	45008369	SINE/MIR	656	-	72	45008298	15134
chr19	15333247	15533247	harbor1	chr19	15423798	15424045	SINE/MIR	918	-	124	15423922	90675
chr19	15660032	15860032	harbor1	chr19	15759385	15759600	SINE/MIR	674	-	108	15759493	99461
chr19	7844180	8044180	harbor1	chr19	7918537	7918710	SINE/MIR	652	-	86	7918623	74443
chr19	12939121	13139121	harbor1	chr19	12968009	12968213	SINE/MIR	777	-	102	12968111	28990
chr19	45369339	45569339	harbor1	chr19	45392517	45392724	SINE/MIR	651	-	104	45392621	23282
chr19	48342797	48542797	harbor1	chr19	48384601	48384822	SINE/MIR	683	-	110	48384711	41914
chr19	48342797	48542797	harbor1	chr19	48388043	48388285	SINE/MIR	733	-	121	48388164	45367
chr19	51194759	51394759	harbor1	chr19	51272423	51272682	SINE/MIR	879	-	130	51272553	77794
chr19	41252149	41452149	harbor1	chr19	41258263	41258423	SINE/MIR	641	-	80	41258343	6194
chr19	41252149	41452149	harbor1	chr19	41258716	41258753	SINE/MIR	641	-	18	41258734	6585
chr19	41252149	41452149	harbor1	chr19	41259230	41259257	SINE/MIR	641	-	14	41259244	7095
chr19	41252149	41452149	harbor1	chr19	41349791	41349977	SINE/MIR	744	-	93	41349884	97735
chr19	12938763	13138763	harbor1	chr19	12968009	12968213	SINE/MIR	777	-	102	12968111	29348
chr19	46919957	47119957	harbor1	chr19	46927631	46927874	SINE/MIR	637	-	122	46927753	7796
chr19	46919957	47119957	harbor1	chr19	47017140	47017323	SINE/MIR	671	-	92	47017232	97275
chr19	46919998	47119998	harbor1	chr19	46927631	46927874	SINE/MIR	637	-	122	46927753	7755
chr19	46919998	47119998	harbor1	chr19	47017140	47017323	SINE/MIR	671	-	92	47017232	97234
chr19	5237563	5437563	harbor1	chr19	5253874	5254058	SINE/MIR	666	-	92	5253966	16403
chr19	5237563	5437563	harbor1	chr19	5312700	5312910	SINE/MIR	712	-	105	5312805	75242
chr19	5237563	5437563	harbor1	chr19	5334333	5334590	SINE/MIR	943	-	128	5334461	96898
chr19	12912451	13112451	harbor1	chr19	12968009	12968213	SINE/MIR	777	-	102	12968111	55660
chr19	12914910	13114910	harbor1	chr19	12968009	12968213	SINE/MIR	777	-	102	12968111	53201
chr19	44861009	45061009	harbor1	chr19	44871582	44871787	SINE/MIR	693	-	102	44871684	10675
chr19	18336442	18536442	harbor1	chr19	18354848	18354961	SINE/MIR	711	-	56	18354904	18462
chr19	18336442	18536442	harbor1	chr19	18355561	18355678	SINE/MIR	711	-	58	18355619	19177
chr19	18336442	18536442	harbor1	chr19	18395614	18395709	SINE/MIR	686	-	48	18395662	59220
chr19	18336442	18536442	harbor1	chr19	18396021	18396159	SINE/MIR	686	-	69	18396090	59648
chr19	12938709	13138709	harbor1	chr19	12968009	12968213	SINE/MIR	777	-	102	12968111	29402
chr19	44791136	44991136	harbor1	chr19	44871582	44871787	SINE/MIR	693	-	102	44871684	80548
chr19	12690073	12890073	harbor1	chr19	12693036	12693198	SINE/MIR	658	-	81	12693117	3044
chr19	12875018	13075018	harbor1	chr19	12968009	12968213	SINE/MIR	777	-	102	12968111	93093
chr19	12938716	13138716	harbor1	chr19	12968009	12968213	SINE/MIR	777	-	102	12968111	29395
chr19	18319318	18519318	harbor1	chr19	18354848	18354961	SINE/MIR	711	-	56	18354904	35586
chr19	18319318	18519318	harbor1	chr19	18355561	18355678	SINE/MIR	711	-	58	18355619	36301
chr19	18319318	18519318	harbor1	chr19	18395614	18395709	SINE/MIR	686	-	48	18395662	76344
chr19	18319318	18519318	harbor1	chr19	18396021	18396159	SINE/MIR	686	-	69	18396090	76772
chr19	56021112	56221112	harbor1	chr19	56062768	56062922	SINE/MIR	671	-	77	56062845	41733
chr19	56021112	56221112	harbor1	chr19	56063216	56063283	SINE/MIR	671	-	34	56063250	42138
chr19	1	171197	harbor1	chr19	64728	64980	SINE/MIR	752	-	126	64854	64853
chr19	12938727	13138727	harbor1	chr19	12968009	12968213	SINE/MIR	777	-	102	12968111	29384
chr19	12938873	13138873	harbor1	chr19	12968009	12968213	SINE/MIR	777	-	102	12968111	29238
chr19	12596104	12796104	harbor1	chr19	12693036	12693198	SINE/MIR	658	-	81	12693117	97013
chr19	12889997	13089997	harbor1	chr19	12968009	12968213	SINE/MIR	777	-	102	12968111	78114
chr20	34725542	34925542	harbor1	chr20	34739235	34739453	SINE/MIR	665	-	109	34739344	13802
chr20	34725542	34925542	harbor1	chr20	34819729	34819898	SINE/MIR	687	-	84	34819813	94271
chr20	34725654	34925654	harbor1	chr20	34739235	34739453	SINE/MIR	665	-	109	34739344	13690
chr20	34725654	34925654	harbor1	chr20	34819729	34819898	SINE/MIR	687	-	84	34819813	94159
chr20	34725628	34925628	harbor1	chr20	34739235	34739453	SINE/MIR	665	-	109	34739344	13716
chr20	34725628	34925628	harbor1	chr20	34819729	34819898	SINE/MIR	687	-	84	34819813	94185
chr20	34725550	34925550	harbor1	chr20	34739235	34739453	SINE/MIR	665	-	109	34739344	13794
chr20	34725550	34925550	harbor1	chr20	34819729	34819898	SINE/MIR	687	-	84	34819813	94263
chr20	34725652	34925652	harbor1	chr20	34739235	34739453	SINE/MIR	665	-	109	34739344	13692
chr20	34725652	34925652	harbor1	chr20	34819729	34819898	SINE/MIR	687	-	84	34819813	94161
chr20	34903928	35103928	harbor1	chr20	34918186	34918327	SINE/MIR	477	-	70	34918256	14328
chr20	34903928	35103928	harbor1	chr20	34923001	34923231	SINE/MIR	968	-	115	34923116	19188
chr20	34903928	35103928	harbor1	chr20	34926461	34926689	SINE/MIR	813	-	114	34926575	22647
chr20	34903928	35103928	harbor1	chr20	34940018	34940162	SINE/MIR	609	-	72	34940090	36162
chr20	34903928	35103928	harbor1	chr20	34945658	34945832	SINE/MIR	566	-	87	34945745	41817
chr20	34903928	35103928	harbor1	chr20	34946345	34946554	SINE/MIR	675	-	104	34946449	42521
chr20	34903928	35103928	harbor1	chr20	34951394	34951529	SINE/MIR	592	-	68	34951462	47534
chr20	34903928	35103928	harbor1	chr20	34959811	34959991	SINE/MIR	495	-	90	34959901	55973
chr20	34903928	35103928	harbor1	chr20	34960804	34960960	SINE/MIR	500	-	78	34960882	56954
chr20	34903928	35103928	harbor1	chr20	34968066	34968226	SINE/MIR	655	-	80	34968146	64218
chr20	34903928	35103928	harbor1	chr20	34968298	34968488	SINE/MIR	564	-	95	34968393	64465
chr20	34903928	35103928	harbor1	chr20	34969885	34970124	SINE/MIR	640	-	120	34970005	66077
chr20	44866470	45066470	harbor1	chr20	44888291	44888511	SINE/MIR	856	-	110	44888401	21931
chr20	44866470	45066470	harbor1	chr20	44903172	44903417	SINE/MIR	869	-	122	44903294	36824
chr20	44866470	45066470	harbor1	chr20	44904472	44904682	SINE/MIR	551	-	105	44904577	38107
chr20	44866470	45066470	harbor1	chr20	44918493	44918636	SINE/MIR	643	-	72	44918565	52095
chr20	62322429	62522429	harbor1	chr20	62400915	62401122	SINE/MIR	483	-	104	62401019	78590
chr20	34904026	35104026	harbor1	chr20	34918186	34918327	SINE/MIR	477	-	70	34918256	14230
chr20	34904026	35104026	harbor1	chr20	34923001	34923231	SINE/MIR	968	-	115	34923116	19090
chr20	34904026	35104026	harbor1	chr20	34926461	34926689	SINE/MIR	813	-	114	34926575	22549
chr20	34904026	35104026	harbor1	chr20	34940018	34940162	SINE/MIR	609	-	72	34940090	36064
chr20	34904026	35104026	harbor1	chr20	34945658	34945832	SINE/MIR	566	-	87	34945745	41719
chr20	34904026	35104026	harbor1	chr20	34946345	34946554	SINE/MIR	675	-	104	34946449	42423
chr20	34904026	35104026	harbor1	chr20	34951394	34951529	SINE/MIR	592	-	68	34951462	47436
chr20	34904026	35104026	harbor1	chr20	34959811	34959991	SINE/MIR	495	-	90	34959901	55875
chr20	34904026	35104026	harbor1	chr20	34960804	34960960	SINE/MIR	500	-	78	34960882	56856
chr20	34904026	35104026	harbor1	chr20	34968066	34968226	SINE/MIR	655	-	80	34968146	64120
chr20	34904026	35104026	harbor1	chr20	34968298	34968488	SINE/MIR	564	-	95	34968393	64367
chr20	34904026	35104026	harbor1	chr20	34969885	34970124	SINE/MIR	640	-	120	34970005	65979
chr20	34609964	34809964	harbor1	chr20	34623391	34623635	SINE/MIR	864	-	122	34623513	13549
chr20	34609964	34809964	harbor1	chr20	34624245	34624434	SINE/MIR	592	-	94	34624339	14375
chr20	34609964	34809964	harbor1	chr20	34708394	34708545	SINE/MIR	571	-	76	34708470	98506
chr20	34609964	34809964	harbor1	chr20	34684743	34684981	SINE/MIR	987	-	119	34684862	74898
chr20	330383	530383	harbor1	chr20	340673	340894	SINE/MIR	718	-	110	340783	10400
chr20	330383	530383	harbor1	chr20	349182	349368	SINE/MIR	587	-	93	349275	18892
chr20	330383	530383	harbor1	chr20	361268	361462	SINE/MIR	584	-	97	361365	30982
chr20	330383	530383	harbor1	chr20	376247	376374	SINE/MIR	612	-	64	376311	45928
chr20	330383	530383	harbor1	chr20	379815	380048	SINE/MIR	776	-	116	379931	49548
chr20	330383	530383	harbor1	chr20	382590	382826	SINE/MIR	547	-	118	382708	52325
chr20	330383	530383	harbor1	chr20	389103	389322	SINE/MIR	611	-	110	389213	58830
chr20	330383	530383	harbor1	chr20	392131	392308	SINE/MIR	750	-	88	392219	61836
chr20	330383	530383	harbor1	chr20	403435	403496	SINE/MIR	686	-	30	403465	73082
chr20	330383	530383	harbor1	chr20	404028	404181	SINE/MIR	686	-	76	404104	73721
chr20	1018818	1218818	harbor1	chr20	1032575	1032653	SINE/MIR	582	-	39	1032614	13796
chr20	1018818	1218818	harbor1	chr20	1037630	1037798	SINE/MIR	528	-	84	1037714	18896
chr20	1018818	1218818	harbor1	chr20	1038561	1038713	SINE/MIR	635	-	76	1038637	19819
chr20	1018818	1218818	harbor1	chr20	1042236	1042447	SINE/MIR	676	-	106	1042342	23524
chr20	1018818	1218818	harbor1	chr20	1104357	1104547	SINE/MIR	832	-	95	1104452	85634
chr20	1018818	1218818	harbor1	chr20	1032122	1032276	SINE/MIR	582	-	77	1032199	13381
chr20	3686183	3886183	harbor1	chr20	3719144	3719356	SINE/MIR	741	-	106	3719250	33067
chr20	2370770	2570770	harbor1	chr20	2376651	2376867	SINE/MIR	1036	-	108	2376759	5989
chr20	2370770	2570770	harbor1	chr20	2378962	2379139	SINE/MIR	608	-	88	2379050	8280
chr20	2370770	2570770	harbor1	chr20	2384486	2384722	SINE/MIR	607	-	118	2384604	13834
chr20	2370770	2570770	harbor1	chr20	2401550	2401772	SINE/MIR	844	-	111	2401661	30891
chr20	2370770	2570770	harbor1	chr20	2407630	2407770	SINE/MIR	476	-	70	2407700	36930
chr20	2370770	2570770	harbor1	chr20	2418306	2418530	SINE/MIR	494	-	112	2418418	47648
chr20	2370770	2570770	harbor1	chr20	2437768	2438024	SINE/MIR	681	-	128	2437896	67126
chr20	2370770	2570770	harbor1	chr20	2440486	2440640	SINE/MIR	568	-	77	2440563	69793
chr20	2370770	2570770	harbor1	chr20	2469075	2469282	SINE/MIR	673	-	104	2469179	98409
chr20	63472105	63672105	harbor1	chr20	63570267	63570447	SINE/MIR	472	-	90	63570357	98252
chr20	63471534	63671534	harbor1	chr20	63570267	63570447	SINE/MIR	472	-	90	63570357	98823
chr20	22734563	22934563	harbor1	chr20	22767061	22767297	SINE/MIR	628	-	118	22767179	32616
chr20	49710583	49910583	harbor1	chr20	49727597	49727707	SINE/MIR	565	-	55	49727652	17069
chr20	49710583	49910583	harbor1	chr20	49747438	49747619	SINE/MIR	520	-	90	49747528	36945
chr20	49710583	49910583	harbor1	chr20	49752595	49752821	SINE/MIR	699	-	113	49752708	42125
chr20	49710583	49910583	harbor1	chr20	49757557	49757749	SINE/MIR	597	-	96	49757653	47070
chr20	49710583	49910583	harbor1	chr20	49787006	49787240	SINE/MIR	620	-	117	49787123	76540
chr20	49710583	49910583	harbor1	chr20	49793987	49794232	SINE/MIR	996	-	122	49794109	83526
chr20	49710583	49910583	harbor1	chr20	49800548	49800786	SINE/MIR	888	-	119	49800667	90084
chr20	49710583	49910583	harbor1	chr20	49801329	49801389	SINE/MIR	582	-	30	49801359	90776
chr20	49710583	49910583	harbor1	chr20	49801702	49801881	SINE/MIR	582	-	90	49801792	91209
chr20	34725660	34925660	harbor1	chr20	34739235	34739453	SINE/MIR	665	-	109	34739344	13684
chr20	34725660	34925660	harbor1	chr20	34819729	34819898	SINE/MIR	687	-	84	34819813	94153
chr20	57552168	57752168	harbor1	chr20	57551974	57552221	SINE/MIR	636	-	124	57552098	70
chr20	57552168	57752168	harbor1	chr20	57585583	57585765	SINE/MIR	656	-	91	57585674	33506
chr20	57552168	57752168	harbor1	chr20	57626595	57626839	SINE/MIR	610	-	122	57626717	74549
chr20	38574510	38774510	harbor1	chr20	38583143	38583381	SINE/MIR	576	-	119	38583262	8752
chr20	38574510	38774510	harbor1	chr20	38588735	38588803	SINE/MIR	667	-	34	38588769	14259
chr20	38574510	38774510	harbor1	chr20	38589106	38589283	SINE/MIR	667	-	88	38589194	14684
chr20	38574510	38774510	harbor1	chr20	38591440	38591576	SINE/MIR	573	-	68	38591508	16998
chr20	38574510	38774510	harbor1	chr20	38599327	38599495	SINE/MIR	620	-	84	38599411	24901
chr20	38574510	38774510	harbor1	chr20	38652065	38652224	SINE/MIR	521	-	80	38652145	77635
chr20	38574510	38774510	harbor1	chr20	38665559	38665612	SINE/MIR	672	-	26	38665585	91075
chr20	38574510	38774510	harbor1	chr20	38665692	38665851	SINE/MIR	672	-	80	38665772	91262
chr20	38574510	38774510	harbor1	chr20	38670846	38671034	SINE/MIR	715	-	94	38670940	96430
chr20	38574510	38774510	harbor1	chr20	38633427	38633641	SINE/MIR	612	-	107	38633534	59024
chr20	43583080	43783080	harbor1	chr20	43586423	43586659	SINE/MIR	647	-	118	43586541	3461
chr20	43583080	43783080	harbor1	chr20	43621854	43622055	SINE/MIR	707	-	100	43621954	38874
chr20	43583080	43783080	harbor1	chr20	43629808	43629974	SINE/MIR	513	-	83	43629891	46811
chr20	43583080	43783080	harbor1	chr20	43664571	43664620	SINE/MIR	532	-	24	43664595	81515
chr20	43583080	43783080	harbor1	chr20	43664916	43665004	SINE/MIR	532	-	44	43664960	81880
chr20	32383338	32583338	harbor1	chr20	32477191	32477344	SINE/MIR	555	-	76	32477267	93929
chr20	34901268	35101268	harbor1	chr20	34918186	34918327	SINE/MIR	477	-	70	34918256	16988
chr20	34901268	35101268	harbor1	chr20	34923001	34923231	SINE/MIR	968	-	115	34923116	21848
chr20	34901268	35101268	harbor1	chr20	34926461	34926689	SINE/MIR	813	-	114	34926575	25307
chr20	34901268	35101268	harbor1	chr20	34940018	34940162	SINE/MIR	609	-	72	34940090	38822
chr20	34901268	35101268	harbor1	chr20	34945658	34945832	SINE/MIR	566	-	87	34945745	44477
chr20	34901268	35101268	harbor1	chr20	34946345	34946554	SINE/MIR	675	-	104	34946449	45181
chr20	34901268	35101268	harbor1	chr20	34951394	34951529	SINE/MIR	592	-	68	34951462	50194
chr20	34901268	35101268	harbor1	chr20	34959811	34959991	SINE/MIR	495	-	90	34959901	58633
chr20	34901268	35101268	harbor1	chr20	34960804	34960960	SINE/MIR	500	-	78	34960882	59614
chr20	34901268	35101268	harbor1	chr20	34968066	34968226	SINE/MIR	655	-	80	34968146	66878
chr20	34901268	35101268	harbor1	chr20	34968298	34968488	SINE/MIR	564	-	95	34968393	67125
chr20	34901268	35101268	harbor1	chr20	34969885	34970124	SINE/MIR	640	-	120	34970005	68737
chr20	34725622	34925622	harbor1	chr20	34739235	34739453	SINE/MIR	665	-	109	34739344	13722
chr20	34725622	34925622	harbor1	chr20	34819729	34819898	SINE/MIR	687	-	84	34819813	94191
chr20	4799071	4999071	harbor1	chr20	4812273	4812417	SINE/MIR	622	-	72	4812345	13274
chr20	48275448	48475448	harbor1	chr20	48284779	48284938	SINE/MIR	625	-	80	48284859	9411
chr20	48275448	48475448	harbor1	chr20	48286393	48286601	SINE/MIR	546	-	104	48286497	11049
chr20	48275448	48475448	harbor1	chr20	48302586	48302841	SINE/MIR	477	-	128	48302714	27266
chr20	32720146	32920146	harbor1	chr20	32719965	32720160	SINE/MIR	504	-	98	32720063	83
chr20	32720146	32920146	harbor1	chr20	32757090	32757211	SINE/MIR	512	-	60	32757150	37004
chr20	32720146	32920146	harbor1	chr20	32757495	32757527	SINE/MIR	512	-	16	32757511	37365
chr20	3686190	3886190	harbor1	chr20	3719144	3719356	SINE/MIR	741	-	106	3719250	33060
chr20	3074005	3274005	harbor1	chr20	3093931	3094151	SINE/MIR	806	-	110	3094041	20036
chr20	3074005	3274005	harbor1	chr20	3153323	3153557	SINE/MIR	534	-	117	3153440	79435
chr20	21818150	22018150	harbor1	chr20	21822677	21822917	SINE/MIR	494	-	120	21822797	4647
chr20	21818150	22018150	harbor1	chr20	21835310	21835507	SINE/MIR	482	-	98	21835408	17258
chr20	33594101	33794101	harbor1	chr20	33658237	33658438	SINE/MIR	477	-	100	33658337	64236
chr20	33594101	33794101	harbor1	chr20	33661608	33661656	SINE/MIR	599	-	24	33661632	67531
chr20	33594101	33794101	harbor1	chr20	33661951	33662113	SINE/MIR	599	-	81	33662032	67931
chr20	40589402	40789402	harbor1	chr20	40596162	40596366	SINE/MIR	547	-	102	40596264	6862
chr20	40589402	40789402	harbor1	chr20	40600055	40600261	SINE/MIR	572	-	103	40600158	10756
chr20	40589402	40789402	harbor1	chr20	40605068	40605316	SINE/MIR	898	-	124	40605192	15790
chr20	40589402	40789402	harbor1	chr20	40606166	40606332	SINE/MIR	483	-	83	40606249	16847
chr20	40589402	40789402	harbor1	chr20	40637195	40637380	SINE/MIR	657	-	92	40637287	47885
chr20	40589402	40789402	harbor1	chr20	40645130	40645371	SINE/MIR	780	-	120	40645250	55848
chr20	40589402	40789402	harbor1	chr20	40645577	40645811	SINE/MIR	817	-	117	40645694	56292
chr20	40589402	40789402	harbor1	chr20	40651944	40651984	SINE/MIR	504	-	20	40651964	62562
chr20	40589402	40789402	harbor1	chr20	40652275	40652414	SINE/MIR	504	-	70	40652345	62943
chr20	40589402	40789402	harbor1	chr20	40655814	40655956	SINE/MIR	496	-	71	40655885	66483
chr20	40589402	40789402	harbor1	chr20	40661502	40661632	SINE/MIR	693	-	65	40661567	72165
chr20	40589402	40789402	harbor1	chr20	40662923	40663113	SINE/MIR	471	-	95	40663018	73616
chr20	40589402	40789402	harbor1	chr20	40671892	40672124	SINE/MIR	571	-	116	40672008	82606
chr20	40589402	40789402	harbor1	chr20	40672688	40672880	SINE/MIR	615	-	96	40672784	83382
chr20	40589402	40789402	harbor1	chr20	40672898	40673143	SINE/MIR	770	-	122	40673020	83618
chr20	34725651	34925651	harbor1	chr20	34739235	34739453	SINE/MIR	665	-	109	34739344	13693
chr20	34725651	34925651	harbor1	chr20	34819729	34819898	SINE/MIR	687	-	84	34819813	94162
chr20	50269813	50469813	harbor1	chr20	50291581	50291742	SINE/MIR	543	-	80	50291661	21848
chr20	50269813	50469813	harbor1	chr20	50291792	50291950	SINE/MIR	558	-	79	50291871	22058
chr20	50269813	50469813	harbor1	chr20	50297811	50297980	SINE/MIR	474	-	84	50297895	28082
chr20	50269813	50469813	harbor1	chr20	50321810	50322003	SINE/MIR	684	-	96	50321906	52093
chr20	50269813	50469813	harbor1	chr20	50322346	50322528	SINE/MIR	489	-	91	50322437	52624
chr20	50269813	50469813	harbor1	chr20	50323597	50323743	SINE/MIR	517	-	73	50323670	53857
chr20	50269813	50469813	harbor1	chr20	50328970	50329093	SINE/MIR	516	-	62	50329032	59219
chr20	50269813	50469813	harbor1	chr20	50333752	50333970	SINE/MIR	600	-	109	50333861	64048
chr20	50269813	50469813	harbor1	chr20	50338124	50338347	SINE/MIR	634	-	112	50338236	68423
chr20	50269813	50469813	harbor1	chr20	50343041	50343486	SINE/MIR	526	-	222	50343263	73450
chr20	50269813	50469813	harbor1	chr20	50355910	50356067	SINE/MIR	579	-	78	50355988	86175
chr20	63472027	63672027	harbor1	chr20	63570267	63570447	SINE/MIR	472	-	90	63570357	98330
chr20	4071169	4271169	harbor1	chr20	4152700	4152864	SINE/MIR	654	-	82	4152782	81613
chr20	43408519	43608519	harbor1	chr20	43443831	43444056	SINE/MIR	766	-	112	43443943	35424
chr20	32720119	32920119	harbor1	chr20	32719965	32720160	SINE/MIR	504	-	98	32720063	56
chr20	32720119	32920119	harbor1	chr20	32757090	32757211	SINE/MIR	512	-	60	32757150	37031
chr20	32720119	32920119	harbor1	chr20	32757495	32757527	SINE/MIR	512	-	16	32757511	37392
chr20	5027110	5227110	harbor1	chr20	5096271	5096387	SINE/MIR	475	-	58	5096329	69219
chr20	63471568	63671568	harbor1	chr20	63570267	63570447	SINE/MIR	472	-	90	63570357	98789
chr20	38574499	38774499	harbor1	chr20	38583143	38583381	SINE/MIR	576	-	119	38583262	8763
chr20	38574499	38774499	harbor1	chr20	38588735	38588803	SINE/MIR	667	-	34	38588769	14270
chr20	38574499	38774499	harbor1	chr20	38589106	38589283	SINE/MIR	667	-	88	38589194	14695
chr20	38574499	38774499	harbor1	chr20	38591440	38591576	SINE/MIR	573	-	68	38591508	17009
chr20	38574499	38774499	harbor1	chr20	38599327	38599495	SINE/MIR	620	-	84	38599411	24912
chr20	38574499	38774499	harbor1	chr20	38652065	38652224	SINE/MIR	521	-	80	38652145	77646
chr20	38574499	38774499	harbor1	chr20	38665559	38665612	SINE/MIR	672	-	26	38665585	91086
chr20	38574499	38774499	harbor1	chr20	38665692	38665851	SINE/MIR	672	-	80	38665772	91273
chr20	38574499	38774499	harbor1	chr20	38670846	38671034	SINE/MIR	715	-	94	38670940	96441
chr20	38574499	38774499	harbor1	chr20	38633427	38633641	SINE/MIR	612	-	107	38633534	59035
chr20	62083219	62283219	harbor1	chr20	62145156	62145392	SINE/MIR	477	-	118	62145274	62055
chr20	3914093	4114093	harbor1	chr20	3993106	3993294	SINE/MIR	563	-	94	3993200	79107
chr20	3914093	4114093	harbor1	chr20	3993587	3993634	SINE/MIR	563	-	24	3993611	79518
chr20	3914093	4114093	harbor1	chr20	4008068	4008297	SINE/MIR	737	-	114	4008182	94089
chr20	33574220	33774220	harbor1	chr20	33658237	33658438	SINE/MIR	477	-	100	33658337	84117
chr20	33574220	33774220	harbor1	chr20	33661608	33661656	SINE/MIR	599	-	24	33661632	87412
chr20	33574220	33774220	harbor1	chr20	33661951	33662113	SINE/MIR	599	-	81	33662032	87812
chr20	54108072	54308072	harbor1	chr20	54119118	54119315	SINE/MIR	734	-	98	54119216	11144
chr20	54108072	54308072	harbor1	chr20	54147620	54147835	SINE/MIR	640	-	108	54147728	39656
chr20	54108072	54308072	harbor1	chr20	54148136	54148167	SINE/MIR	640	-	16	54148152	40080
chr20	54108072	54308072	harbor1	chr20	54171158	54171357	SINE/MIR	765	-	100	54171258	63186
chr20	38705777	38905777	harbor1	chr20	38706267	38706417	SINE/MIR	580	-	75	38706342	565
chr20	38705777	38905777	harbor1	chr20	38711161	38711390	SINE/MIR	916	-	114	38711275	5498
chr20	38705777	38905777	harbor1	chr20	38713603	38713794	SINE/MIR	596	-	96	38713699	7922
chr20	38705777	38905777	harbor1	chr20	38721340	38721530	SINE/MIR	504	-	95	38721435	15658
chr20	38705777	38905777	harbor1	chr20	38760558	38760775	SINE/MIR	498	-	108	38760666	54889
chr20	38705777	38905777	harbor1	chr20	38792060	38792221	SINE/MIR	504	-	80	38792140	86363
chr20	1018817	1218817	harbor1	chr20	1032575	1032653	SINE/MIR	582	-	39	1032614	13797
chr20	1018817	1218817	harbor1	chr20	1037630	1037798	SINE/MIR	528	-	84	1037714	18897
chr20	1018817	1218817	harbor1	chr20	1038561	1038713	SINE/MIR	635	-	76	1038637	19820
chr20	1018817	1218817	harbor1	chr20	1042236	1042447	SINE/MIR	676	-	106	1042342	23525
chr20	1018817	1218817	harbor1	chr20	1104357	1104547	SINE/MIR	832	-	95	1104452	85635
chr20	1018817	1218817	harbor1	chr20	1032122	1032276	SINE/MIR	582	-	77	1032199	13382
chr20	35599405	35799405	harbor1	chr20	35619918	35619963	SINE/MIR	522	-	22	35619940	20535
chr20	35599405	35799405	harbor1	chr20	35620268	35620406	SINE/MIR	522	-	69	35620337	20932
chr20	35599405	35799405	harbor1	chr20	35621184	35621388	SINE/MIR	497	-	102	35621286	21881
chr20	35599405	35799405	harbor1	chr20	35697333	35697558	SINE/MIR	556	-	112	35697445	98040
chr20	37933379	38133379	harbor1	chr20	37979770	37979998	SINE/MIR	520	-	114	37979884	46505
chr20	37933379	38133379	harbor1	chr20	38001244	38001407	SINE/MIR	719	-	82	38001326	67947
chr20	37933379	38133379	harbor1	chr20	38023130	38023281	SINE/MIR	486	-	76	38023206	89827
chr20	34992759	35192759	harbor1	chr20	35088160	35088357	SINE/MIR	902	-	98	35088258	95499
chr20	34992759	35192759	harbor1	chr20	35088538	35088762	SINE/MIR	715	-	112	35088650	95891
chr20	34992759	35192759	harbor1	chr20	35091757	35091986	SINE/MIR	773	-	114	35091871	99112
chr20	50269781	50469781	harbor1	chr20	50291581	50291742	SINE/MIR	543	-	80	50291661	21880
chr20	50269781	50469781	harbor1	chr20	50291792	50291950	SINE/MIR	558	-	79	50291871	22090
chr20	50269781	50469781	harbor1	chr20	50297811	50297980	SINE/MIR	474	-	84	50297895	28114
chr20	50269781	50469781	harbor1	chr20	50321810	50322003	SINE/MIR	684	-	96	50321906	52125
chr20	50269781	50469781	harbor1	chr20	50322346	50322528	SINE/MIR	489	-	91	50322437	52656
chr20	50269781	50469781	harbor1	chr20	50323597	50323743	SINE/MIR	517	-	73	50323670	53889
chr20	50269781	50469781	harbor1	chr20	50328970	50329093	SINE/MIR	516	-	62	50329032	59251
chr20	50269781	50469781	harbor1	chr20	50333752	50333970	SINE/MIR	600	-	109	50333861	64080
chr20	50269781	50469781	harbor1	chr20	50338124	50338347	SINE/MIR	634	-	112	50338236	68455
chr20	50269781	50469781	harbor1	chr20	50343041	50343486	SINE/MIR	526	-	222	50343263	73482
chr20	50269781	50469781	harbor1	chr20	50355910	50356067	SINE/MIR	579	-	78	50355988	86207
chr20	36114483	36314483	harbor1	chr20	36115042	36115296	SINE/MIR	735	-	127	36115169	686
chr20	36114483	36314483	harbor1	chr20	36115545	36115611	SINE/MIR	558	-	33	36115578	1095
chr20	36114483	36314483	harbor1	chr20	36115895	36116051	SINE/MIR	558	-	78	36115973	1490
chr20	36114483	36314483	harbor1	chr20	36117519	36117727	SINE/MIR	708	-	104	36117623	3140
chr20	36114483	36314483	harbor1	chr20	36120134	36120338	SINE/MIR	555	-	102	36120236	5753
chr20	36114483	36314483	harbor1	chr20	36135163	36135379	SINE/MIR	592	-	108	36135271	20788
chr20	36114483	36314483	harbor1	chr20	36138576	36138823	SINE/MIR	635	-	124	36138700	24217
chr20	36114483	36314483	harbor1	chr20	36144777	36144966	SINE/MIR	620	-	94	36144871	30388
chr20	36114483	36314483	harbor1	chr20	36149062	36149214	SINE/MIR	519	-	76	36149138	34655
chr20	36114483	36314483	harbor1	chr20	36151343	36151470	SINE/MIR	476	-	64	36151407	36924
chr20	36114483	36314483	harbor1	chr20	36157299	36157512	SINE/MIR	629	-	106	36157405	42922
chr20	36114483	36314483	harbor1	chr20	36157951	36158202	SINE/MIR	845	-	126	36158077	43594
chr20	36114483	36314483	harbor1	chr20	36163293	36163459	SINE/MIR	557	-	83	36163376	48893
chr20	36114483	36314483	harbor1	chr20	36174047	36174105	SINE/MIR	514	-	29	36174076	59593
chr20	36114483	36314483	harbor1	chr20	36174716	36174915	SINE/MIR	514	-	100	36174816	60333
chr20	36114483	36314483	harbor1	chr20	36193798	36193990	SINE/MIR	597	-	96	36193894	79411
chr21	29198953	29398953	harbor1	chr21	29220280	29220487	SINE/MIR	784	-	104	29220384	21431
chr21	29198953	29398953	harbor1	chr21	29227533	29227728	SINE/MIR	485	-	98	29227631	28678
chr21	29198953	29398953	harbor1	chr21	29252002	29252145	SINE/MIR	748	-	72	29252074	53121
chr21	29198953	29398953	harbor1	chr21	29254428	29254469	SINE/MIR	748	-	20	29254448	55495
chr21	29198953	29398953	harbor1	chr21	29257751	29257976	SINE/MIR	495	-	112	29257863	58910
chr21	29198953	29398953	harbor1	chr21	29264859	29265076	SINE/MIR	532	-	108	29264967	66014
chr21	29198953	29398953	harbor1	chr21	29287283	29287497	SINE/MIR	474	-	107	29287390	88437
chr21	33070300	33270300	harbor1	chr21	33110913	33111096	SINE/MIR	835	-	92	33111005	40705
chr21	33070300	33270300	harbor1	chr21	33122585	33122810	SINE/MIR	616	-	112	33122697	52397
chr21	33070300	33270300	harbor1	chr21	33134537	33134694	SINE/MIR	600	-	78	33134615	64315
chr21	33070300	33270300	harbor1	chr21	33137456	33137639	SINE/MIR	528	-	92	33137548	67248
chr21	33070300	33270300	harbor1	chr21	33140206	33140352	SINE/MIR	462	-	73	33140279	69979
chr21	29199129	29399129	harbor1	chr21	29220280	29220487	SINE/MIR	784	-	104	29220384	21255
chr21	29199129	29399129	harbor1	chr21	29227533	29227728	SINE/MIR	485	-	98	29227631	28502
chr21	29199129	29399129	harbor1	chr21	29252002	29252145	SINE/MIR	748	-	72	29252074	52945
chr21	29199129	29399129	harbor1	chr21	29254428	29254469	SINE/MIR	748	-	20	29254448	55319
chr21	29199129	29399129	harbor1	chr21	29257751	29257976	SINE/MIR	495	-	112	29257863	58734
chr21	29199129	29399129	harbor1	chr21	29264859	29265076	SINE/MIR	532	-	108	29264967	65838
chr21	29199129	29399129	harbor1	chr21	29287283	29287497	SINE/MIR	474	-	107	29287390	88261
chr21	29198948	29398948	harbor1	chr21	29220280	29220487	SINE/MIR	784	-	104	29220384	21436
chr21	29198948	29398948	harbor1	chr21	29227533	29227728	SINE/MIR	485	-	98	29227631	28683
chr21	29198948	29398948	harbor1	chr21	29252002	29252145	SINE/MIR	748	-	72	29252074	53126
chr21	29198948	29398948	harbor1	chr21	29254428	29254469	SINE/MIR	748	-	20	29254448	55500
chr21	29198948	29398948	harbor1	chr21	29257751	29257976	SINE/MIR	495	-	112	29257863	58915
chr21	29198948	29398948	harbor1	chr21	29264859	29265076	SINE/MIR	532	-	108	29264967	66019
chr21	29198948	29398948	harbor1	chr21	29287283	29287497	SINE/MIR	474	-	107	29287390	88442
chr21	39008447	39208447	harbor1	chr21	39027680	39027896	SINE/MIR	601	-	108	39027788	19341
chr21	39008447	39208447	harbor1	chr21	39028462	39028601	SINE/MIR	424	-	70	39028532	20085
chr21	39008447	39208447	harbor1	chr21	39060216	39060396	SINE/MIR	453	-	90	39060306	51859
chr21	39008447	39208447	harbor1	chr21	39089935	39089995	SINE/MIR	485	-	30	39089965	81518
chr21	39008447	39208447	harbor1	chr21	39090263	39090407	SINE/MIR	501	-	72	39090335	81888
chr21	42275771	42475771	harbor1	chr21	42291860	42292018	SINE/MIR	429	-	79	42291939	16168
chr21	29199041	29399041	harbor1	chr21	29220280	29220487	SINE/MIR	784	-	104	29220384	21343
chr21	29199041	29399041	harbor1	chr21	29227533	29227728	SINE/MIR	485	-	98	29227631	28590
chr21	29199041	29399041	harbor1	chr21	29252002	29252145	SINE/MIR	748	-	72	29252074	53033
chr21	29199041	29399041	harbor1	chr21	29254428	29254469	SINE/MIR	748	-	20	29254448	55407
chr21	29199041	29399041	harbor1	chr21	29257751	29257976	SINE/MIR	495	-	112	29257863	58822
chr21	29199041	29399041	harbor1	chr21	29264859	29265076	SINE/MIR	532	-	108	29264967	65926
chr21	29199041	29399041	harbor1	chr21	29287283	29287497	SINE/MIR	474	-	107	29287390	88349
chr21	44239294	44439294	harbor1	chr21	44334592	44334744	SINE/MIR	553	-	76	44334668	95374
chr21	39008502	39208502	harbor1	chr21	39027680	39027896	SINE/MIR	601	-	108	39027788	19286
chr21	39008502	39208502	harbor1	chr21	39028462	39028601	SINE/MIR	424	-	70	39028532	20030
chr21	39008502	39208502	harbor1	chr21	39060216	39060396	SINE/MIR	453	-	90	39060306	51804
chr21	39008502	39208502	harbor1	chr21	39089935	39089995	SINE/MIR	485	-	30	39089965	81463
chr21	39008502	39208502	harbor1	chr21	39090263	39090407	SINE/MIR	501	-	72	39090335	81833
chr21	42275718	42475718	harbor1	chr21	42291860	42292018	SINE/MIR	429	-	79	42291939	16221
chr21	29199063	29399063	harbor1	chr21	29220280	29220487	SINE/MIR	784	-	104	29220384	21321
chr21	29199063	29399063	harbor1	chr21	29227533	29227728	SINE/MIR	485	-	98	29227631	28568
chr21	29199063	29399063	harbor1	chr21	29252002	29252145	SINE/MIR	748	-	72	29252074	53011
chr21	29199063	29399063	harbor1	chr21	29254428	29254469	SINE/MIR	748	-	20	29254448	55385
chr21	29199063	29399063	harbor1	chr21	29257751	29257976	SINE/MIR	495	-	112	29257863	58800
chr21	29199063	29399063	harbor1	chr21	29264859	29265076	SINE/MIR	532	-	108	29264967	65904
chr21	29199063	29399063	harbor1	chr21	29287283	29287497	SINE/MIR	474	-	107	29287390	88327
chr21	29198984	29398984	harbor1	chr21	29220280	29220487	SINE/MIR	784	-	104	29220384	21400
chr21	29198984	29398984	harbor1	chr21	29227533	29227728	SINE/MIR	485	-	98	29227631	28647
chr21	29198984	29398984	harbor1	chr21	29252002	29252145	SINE/MIR	748	-	72	29252074	53090
chr21	29198984	29398984	harbor1	chr21	29254428	29254469	SINE/MIR	748	-	20	29254448	55464
chr21	29198984	29398984	harbor1	chr21	29257751	29257976	SINE/MIR	495	-	112	29257863	58879
chr21	29198984	29398984	harbor1	chr21	29264859	29265076	SINE/MIR	532	-	108	29264967	65983
chr21	29198984	29398984	harbor1	chr21	29287283	29287497	SINE/MIR	474	-	107	29287390	88406
chr21	39008480	39208480	harbor1	chr21	39027680	39027896	SINE/MIR	601	-	108	39027788	19308
chr21	39008480	39208480	harbor1	chr21	39028462	39028601	SINE/MIR	424	-	70	39028532	20052
chr21	39008480	39208480	harbor1	chr21	39060216	39060396	SINE/MIR	453	-	90	39060306	51826
chr21	39008480	39208480	harbor1	chr21	39089935	39089995	SINE/MIR	485	-	30	39089965	81485
chr21	39008480	39208480	harbor1	chr21	39090263	39090407	SINE/MIR	501	-	72	39090335	81855
chr21	33666298	33866298	harbor1	chr21	33667604	33667774	SINE/MIR	516	-	85	33667689	1391
chr21	33666298	33866298	harbor1	chr21	33752997	33753182	SINE/MIR	497	-	92	33753089	86791
chr21	14173498	14373498	harbor1	chr21	14187741	14187955	SINE/MIR	470	-	107	14187848	14350
chr21	14173498	14373498	harbor1	chr21	14269349	14269594	SINE/MIR	612	-	122	14269471	95973
chr21	42467105	42667105	harbor1	chr21	42517119	42517292	SINE/MIR	575	-	86	42517205	50100
chr21	15625713	15825713	harbor1	chr21	15654342	15654579	SINE/MIR	619	-	118	15654460	28747
chr21	15625713	15825713	harbor1	chr21	15707830	15708040	SINE/MIR	695	-	105	15707935	82222
chr21	15625713	15825713	harbor1	chr21	15708193	15708221	SINE/MIR	695	-	14	15708207	82494
chr21	33379496	33579496	harbor1	chr21	33414398	33414614	SINE/MIR	551	-	108	33414506	35010
chr21	33734948	33934948	harbor1	chr21	33752997	33753182	SINE/MIR	497	-	92	33753089	18141
chr21	33734948	33934948	harbor1	chr21	33808603	33808818	SINE/MIR	643	-	108	33808711	73763
chr21	33734948	33934948	harbor1	chr21	33816427	33816568	SINE/MIR	508	-	70	33816497	81549
chr22	24057065	24257065	harbor1	chr22	24087134	24087400	SINE/MIR	464	-	133	24087267	30202
chr22	24057065	24257065	harbor1	chr22	24108958	24109195	SINE/MIR	707	-	118	24109076	52011
chr22	24057065	24257065	harbor1	chr22	24114443	24114578	SINE/MIR	439	-	68	24114511	57446
chr22	24057065	24257065	harbor1	chr22	24146823	24147005	SINE/MIR	434	-	91	24146914	89849
chr22	19075025	19275025	harbor1	chr22	19079585	19079798	SINE/MIR	563	-	106	19079691	4666
chr22	19075025	19275025	harbor1	chr22	19115944	19116153	SINE/MIR	482	-	104	19116048	41023
chr22	42772450	42972450	harbor1	chr22	42806579	42806773	SINE/MIR	567	-	97	42806676	34226
chr22	42772450	42972450	harbor1	chr22	42816199	42816422	SINE/MIR	941	-	112	42816311	43861
chr22	42772450	42972450	harbor1	chr22	42823195	42823315	SINE/MIR	493	-	60	42823255	50805
chr22	42772450	42972450	harbor1	chr22	42836711	42836935	SINE/MIR	831	-	112	42836823	64373
chr22	42772450	42972450	harbor1	chr22	42854985	42855210	SINE/MIR	684	-	112	42855097	82647
chr22	24069874	24269874	harbor1	chr22	24087134	24087400	SINE/MIR	464	-	133	24087267	17393
chr22	24069874	24269874	harbor1	chr22	24108958	24109195	SINE/MIR	707	-	118	24109076	39202
chr22	24069874	24269874	harbor1	chr22	24114443	24114578	SINE/MIR	439	-	68	24114511	44637
chr22	24069874	24269874	harbor1	chr22	24146823	24147005	SINE/MIR	434	-	91	24146914	77040
chr22	24069906	24269906	harbor1	chr22	24087134	24087400	SINE/MIR	464	-	133	24087267	17361
chr22	24069906	24269906	harbor1	chr22	24108958	24109195	SINE/MIR	707	-	118	24109076	39170
chr22	24069906	24269906	harbor1	chr22	24114443	24114578	SINE/MIR	439	-	68	24114511	44605
chr22	24069906	24269906	harbor1	chr22	24146823	24147005	SINE/MIR	434	-	91	24146914	77008
chr22	38298285	38498285	harbor1	chr22	38312663	38312863	SINE/MIR	536	-	100	38312763	14478
chr22	38298285	38498285	harbor1	chr22	38343449	38343613	SINE/MIR	518	-	82	38343531	45246
chr22	46476611	46676611	harbor1	chr22	46482424	46482581	SINE/MIR	547	-	78	46482502	5891
chr22	46476611	46676611	harbor1	chr22	46503588	46503728	SINE/MIR	441	-	70	46503658	27047
chr22	46476611	46676611	harbor1	chr22	46560475	46560676	SINE/MIR	715	-	100	46560575	83964
chr22	24070023	24270023	harbor1	chr22	24087134	24087400	SINE/MIR	464	-	133	24087267	17244
chr22	24070023	24270023	harbor1	chr22	24108958	24109195	SINE/MIR	707	-	118	24109076	39053
chr22	24070023	24270023	harbor1	chr22	24114443	24114578	SINE/MIR	439	-	68	24114511	44488
chr22	24070023	24270023	harbor1	chr22	24146823	24147005	SINE/MIR	434	-	91	24146914	76891
chr22	21558349	21758349	harbor1	chr22	21633760	21633940	SINE/MIR	476	-	90	21633850	75501
chr22	21558349	21758349	harbor1	chr22	21651175	21651330	SINE/MIR	431	-	78	21651253	92904
chr22	42838745	43038745	harbor1	chr22	42854985	42855210	SINE/MIR	684	-	112	42855097	16352
chr22	42838745	43038745	harbor1	chr22	42880164	42880306	SINE/MIR	482	-	71	42880235	41490
chr22	42838745	43038745	harbor1	chr22	42894063	42894239	SINE/MIR	534	-	88	42894151	55406
chr22	42838745	43038745	harbor1	chr22	42909968	42910159	SINE/MIR	670	-	96	42910064	71319
chr22	42838745	43038745	harbor1	chr22	42930759	42930892	SINE/MIR	585	-	66	42930825	92080
chr22	43896078	44096078	harbor1	chr22	43899239	43899366	SINE/MIR	412	-	64	43899303	3225
chr22	26575728	26775728	harbor1	chr22	26578160	26578269	SINE/MIR	507	-	54	26578214	2486
chr22	26575728	26775728	harbor1	chr22	26584149	26584242	SINE/MIR	435	-	46	26584195	8467
chr22	26575728	26775728	harbor1	chr22	26593832	26594057	SINE/MIR	525	-	112	26593944	18216
chr22	26575728	26775728	harbor1	chr22	26616689	26616931	SINE/MIR	422	-	121	26616810	41082
chr22	26575728	26775728	harbor1	chr22	26618545	26618704	SINE/MIR	412	-	80	26618625	42897
chr22	26575728	26775728	harbor1	chr22	26620285	26620515	SINE/MIR	575	-	115	26620400	44672
chr22	26575728	26775728	harbor1	chr22	26627112	26627250	SINE/MIR	435	-	69	26627181	51453
chr22	26575728	26775728	harbor1	chr22	26649089	26649325	SINE/MIR	777	-	118	26649207	73479
chr22	26575728	26775728	harbor1	chr22	26655485	26655697	SINE/MIR	512	-	106	26655591	79863
chr22	26575728	26775728	harbor1	chr22	26658249	26658460	SINE/MIR	636	-	106	26658355	82627
chr22	26575728	26775728	harbor1	chr22	26661562	26661724	SINE/MIR	483	-	81	26661643	85915
chr22	26575728	26775728	harbor1	chr22	26662947	26663125	SINE/MIR	713	-	89	26663036	87308
chr22	43426643	43626643	harbor1	chr22	43437280	43437529	SINE/MIR	974	-	124	43437404	10761
chr22	43426643	43626643	harbor1	chr22	43449187	43449387	SINE/MIR	460	-	100	43449287	22644
chr22	43426643	43626643	harbor1	chr22	43472363	43472540	SINE/MIR	482	-	88	43472451	45808
chr22	43426643	43626643	harbor1	chr22	43475212	43475370	SINE/MIR	827	-	79	43475291	48648
chr22	43426643	43626643	harbor1	chr22	43492110	43492304	SINE/MIR	716	-	97	43492207	65564
chr22	43426643	43626643	harbor1	chr22	43501644	43501789	SINE/MIR	510	-	72	43501716	75073
chr22	43426643	43626643	harbor1	chr22	43505232	43505398	SINE/MIR	554	-	83	43505315	78672
chr22	43426643	43626643	harbor1	chr22	43507022	43507200	SINE/MIR	542	-	89	43507111	80468
chr22	24065808	24265808	harbor1	chr22	24087134	24087400	SINE/MIR	464	-	133	24087267	21459
chr22	24065808	24265808	harbor1	chr22	24108958	24109195	SINE/MIR	707	-	118	24109076	43268
chr22	24065808	24265808	harbor1	chr22	24114443	24114578	SINE/MIR	439	-	68	24114511	48703
chr22	24065808	24265808	harbor1	chr22	24146823	24147005	SINE/MIR	434	-	91	24146914	81106
chr22	50054112	50254112	harbor1	chr22	50091523	50091790	SINE/MIR	538	-	134	50091657	37545
chr22	42989526	43189526	harbor1	chr22	43063137	43063289	SINE/MIR	471	-	76	43063213	73687
chr22	42989526	43189526	harbor1	chr22	43067259	43067463	SINE/MIR	445	-	102	43067361	77835
chr22	39374584	39574584	harbor1	chr22	39382423	39382592	SINE/MIR	562	-	84	39382507	7923
chr22	39374584	39574584	harbor1	chr22	39400174	39400416	SINE/MIR	704	-	121	39400295	25711
chr22	39374584	39574584	harbor1	chr22	39446744	39446967	SINE/MIR	905	-	112	39446856	72272
chr22	32075946	32275946	harbor1	chr22	32084151	32084328	SINE/MIR	435	-	88	32084239	8293
chr22	32075946	32275946	harbor1	chr22	32098396	32098569	SINE/MIR	507	-	86	32098482	22536
chr22	32075946	32275946	harbor1	chr22	32128403	32128557	SINE/MIR	422	-	77	32128480	52534
chr22	32075946	32275946	harbor1	chr22	32133300	32133442	SINE/MIR	591	-	71	32133371	57425
chr22	50406303	50606303	harbor1	chr22	50453383	50453505	SINE/MIR	457	-	61	50453444	47141
chr22	50406303	50606303	harbor1	chr22	50453808	50453892	SINE/MIR	457	-	42	50453850	47547
chr22	50406303	50606303	harbor1	chr22	50472551	50472739	SINE/MIR	484	-	94	50472645	66342
chr22	24069929	24269929	harbor1	chr22	24087134	24087400	SINE/MIR	464	-	133	24087267	17338
chr22	24069929	24269929	harbor1	chr22	24108958	24109195	SINE/MIR	707	-	118	24109076	39147
chr22	24069929	24269929	harbor1	chr22	24114443	24114578	SINE/MIR	439	-	68	24114511	44582
chr22	24069929	24269929	harbor1	chr22	24146823	24147005	SINE/MIR	434	-	91	24146914	76985
chr22	24070054	24270054	harbor1	chr22	24087134	24087400	SINE/MIR	464	-	133	24087267	17213
chr22	24070054	24270054	harbor1	chr22	24108958	24109195	SINE/MIR	707	-	118	24109076	39022
chr22	24070054	24270054	harbor1	chr22	24114443	24114578	SINE/MIR	439	-	68	24114511	44457
chr22	24070054	24270054	harbor1	chr22	24146823	24147005	SINE/MIR	434	-	91	24146914	76860
chr22	36675743	36875743	harbor1	chr22	36676698	36676823	SINE/MIR	470	-	62	36676760	1017
chr22	36675743	36875743	harbor1	chr22	36684709	36684924	SINE/MIR	552	-	108	36684817	9074
chr22	36675743	36875743	harbor1	chr22	36690514	36690717	SINE/MIR	693	-	102	36690616	14873
chr22	36675743	36875743	harbor1	chr22	36695262	36695382	SINE/MIR	458	-	60	36695322	19579
chr22	36675743	36875743	harbor1	chr22	36696797	36696979	SINE/MIR	607	-	91	36696888	21145
chr22	36675743	36875743	harbor1	chr22	36707052	36707279	SINE/MIR	969	-	114	36707166	31423
chr22	36675743	36875743	harbor1	chr22	36714203	36714371	SINE/MIR	526	-	84	36714287	38544
chr22	36675743	36875743	harbor1	chr22	36717989	36718209	SINE/MIR	802	-	110	36718099	42356
chr22	36675743	36875743	harbor1	chr22	36723965	36724129	SINE/MIR	507	-	82	36724047	48304
chr22	36675743	36875743	harbor1	chr22	36729109	36729255	SINE/MIR	592	-	73	36729182	53439
chr22	36675743	36875743	harbor1	chr22	36734570	36734720	SINE/MIR	582	-	75	36734645	58902
chr22	36675743	36875743	harbor1	chr22	36752356	36752512	SINE/MIR	450	-	78	36752434	76691
chr22	36675743	36875743	harbor1	chr22	36758497	36758707	SINE/MIR	457	-	105	36758602	82859
chr22	22997061	23197061	harbor1	chr22	23039131	23039287	SINE/MIR	426	-	78	23039209	42148
chr22	49664026	49864026	harbor1	chr22	49685543	49685788	SINE/MIR	579	-	122	49685665	21639
chr22	49664089	49864089	harbor1	chr22	49685543	49685788	SINE/MIR	579	-	122	49685665	21576
chr22	38768951	38968951	harbor1	chr22	38772696	38772878	SINE/MIR	520	-	91	38772787	3836
chr22	38768951	38968951	harbor1	chr22	38774552	38774718	SINE/MIR	419	-	83	38774635	5684
chr22	38768951	38968951	harbor1	chr22	38780205	38780452	SINE/MIR	540	-	124	38780329	11378
chr22	38768951	38968951	harbor1	chr22	38787784	38787986	SINE/MIR	558	-	101	38787885	18934
chr22	38768951	38968951	harbor1	chr22	38789057	38789267	SINE/MIR	425	-	105	38789162	20211
chr22	38768951	38968951	harbor1	chr22	38793558	38793705	SINE/MIR	525	-	74	38793632	24681
chr22	38768951	38968951	harbor1	chr22	38802191	38802406	SINE/MIR	582	-	108	38802299	33348
chr22	38768951	38968951	harbor1	chr22	38821546	38821689	SINE/MIR	411	-	72	38821618	52667
chr22	38768951	38968951	harbor1	chr22	38825469	38825724	SINE/MIR	706	-	128	38825597	56646
chr22	38768951	38968951	harbor1	chr22	38827650	38827844	SINE/MIR	510	-	97	38827747	58796
chr22	38768951	38968951	harbor1	chr22	38831798	38831912	SINE/MIR	417	-	57	38831855	62904
chr22	38768951	38968951	harbor1	chr22	38832546	38832777	SINE/MIR	482	-	116	38832662	63711
chr22	38768951	38968951	harbor1	chr22	38836753	38836806	SINE/MIR	449	-	26	38836779	67828
chr22	38768951	38968951	harbor1	chr22	38837114	38837248	SINE/MIR	559	-	67	38837181	68230
chr22	38768951	38968951	harbor1	chr22	38841664	38841809	SINE/MIR	553	-	72	38841736	72785
chr22	44201115	44401115	harbor1	chr22	44204305	44204480	SINE/MIR	449	-	88	44204393	3278
chr22	44201115	44401115	harbor1	chr22	44262424	44262627	SINE/MIR	477	-	102	44262526	61411
chr22	44201115	44401115	harbor1	chr22	44268397	44268584	SINE/MIR	417	-	94	44268491	67376
chr22	44201115	44401115	harbor1	chr22	44284254	44284442	SINE/MIR	414	-	94	44284348	83233
chr22	44201115	44401115	harbor1	chr22	44288093	44288307	SINE/MIR	697	-	107	44288200	87085
chr22	44201115	44401115	harbor1	chr22	44289141	44289292	SINE/MIR	627	-	76	44289217	88102
chr22	44201115	44401115	harbor1	chr22	44297183	44297387	SINE/MIR	539	-	102	44297285	96170
chr22	21541863	21741863	harbor1	chr22	21633760	21633940	SINE/MIR	476	-	90	21633850	91987
chr22	42989515	43189515	harbor1	chr22	43063137	43063289	SINE/MIR	471	-	76	43063213	73698
chr22	42989515	43189515	harbor1	chr22	43067259	43067463	SINE/MIR	445	-	102	43067361	77846
chr22	23366695	23566695	harbor1	chr22	23415939	23416152	SINE/MIR	743	-	106	23416045	49350
chr22	23366695	23566695	harbor1	chr22	23419445	23419598	SINE/MIR	499	-	76	23419521	52826
chr22	42989521	43189521	harbor1	chr22	43063137	43063289	SINE/MIR	471	-	76	43063213	73692
chr22	42989521	43189521	harbor1	chr22	43067259	43067463	SINE/MIR	445	-	102	43067361	77840
chr22	23017696	23217696	harbor1	chr22	23039131	23039287	SINE/MIR	426	-	78	23039209	21513
chr22	24069894	24269894	harbor1	chr22	24087134	24087400	SINE/MIR	464	-	133	24087267	17373
chr22	24069894	24269894	harbor1	chr22	24108958	24109195	SINE/MIR	707	-	118	24109076	39182
chr22	24069894	24269894	harbor1	chr22	24114443	24114578	SINE/MIR	439	-	68	24114511	44617
chr22	24069894	24269894	harbor1	chr22	24146823	24147005	SINE/MIR	434	-	91	24146914	77020
chr22	36186442	36386442	harbor1	chr22	36194928	36195090	SINE/MIR	513	-	81	36195009	8567
chr22	36186442	36386442	harbor1	chr22	36230963	36231116	SINE/MIR	473	-	76	36231039	44597
chr22	36186442	36386442	harbor1	chr22	36234729	36234955	SINE/MIR	620	-	113	36234842	48400
chr22	36186442	36386442	harbor1	chr22	36273360	36273579	SINE/MIR	449	-	110	36273470	87028
chr22	36186442	36386442	harbor1	chr22	36275519	36275751	SINE/MIR	832	-	116	36275635	89193
chr22	42801583	43001583	harbor1	chr22	42806579	42806773	SINE/MIR	567	-	97	42806676	5093
chr22	42801583	43001583	harbor1	chr22	42816199	42816422	SINE/MIR	941	-	112	42816311	14728
chr22	42801583	43001583	harbor1	chr22	42823195	42823315	SINE/MIR	493	-	60	42823255	21672
chr22	42801583	43001583	harbor1	chr22	42836711	42836935	SINE/MIR	831	-	112	42836823	35240
chr22	42801583	43001583	harbor1	chr22	42854985	42855210	SINE/MIR	684	-	112	42855097	53514
chr22	42801583	43001583	harbor1	chr22	42880164	42880306	SINE/MIR	482	-	71	42880235	78652
chr22	42801583	43001583	harbor1	chr22	42894063	42894239	SINE/MIR	534	-	88	42894151	92568
chr22	24007199	24207199	harbor1	chr22	24011633	24011858	SINE/MIR	589	-	112	24011745	4546
chr22	24007199	24207199	harbor1	chr22	24038685	24038882	SINE/MIR	434	-	98	24038783	31584
chr22	24007199	24207199	harbor1	chr22	24087134	24087400	SINE/MIR	464	-	133	24087267	80068
chr22	30996891	31196891	harbor1	chr22	31038936	31039109	SINE/MIR	431	-	86	31039022	42131
chr22	30996891	31196891	harbor1	chr22	31057909	31058098	SINE/MIR	787	-	94	31058003	61112
chr22	30996891	31196891	harbor1	chr22	31062237	31062439	SINE/MIR	639	-	101	31062338	65447
chr22	30996891	31196891	harbor1	chr22	31072151	31072389	SINE/MIR	745	-	119	31072270	75379
chr22	42597660	42797660	harbor1	chr22	42612196	42612442	SINE/MIR	684	-	123	42612319	14659
chr22	42597660	42797660	harbor1	chr22	42620168	42620403	SINE/MIR	620	-	118	42620286	22626
chr22	42597660	42797660	harbor1	chr22	42637718	42637847	SINE/MIR	474	-	64	42637782	40122
chr22	42597660	42797660	harbor1	chr22	42673118	42673171	SINE/MIR	563	-	26	42673144	75484
chr22	42597660	42797660	harbor1	chr22	42673471	42673506	SINE/MIR	563	-	18	42673489	75829
chr22	42597660	42797660	harbor1	chr22	42673818	42673948	SINE/MIR	563	-	65	42673883	76223
chr22	42597660	42797660	harbor1	chr22	42694866	42695074	SINE/MIR	655	-	104	42694970	97310
chr22	19075024	19275024	harbor1	chr22	19079585	19079798	SINE/MIR	563	-	106	19079691	4667
chr22	19075024	19275024	harbor1	chr22	19115944	19116153	SINE/MIR	482	-	104	19116048	41024
chr22	23366710	23566710	harbor1	chr22	23415939	23416152	SINE/MIR	743	-	106	23416045	49335
chr22	23366710	23566710	harbor1	chr22	23419445	23419598	SINE/MIR	499	-	76	23419521	52811
chr22	42204285	42404285	harbor1	chr22	42228351	42228524	SINE/MIR	466	-	86	42228437	24152
chr22	42204285	42404285	harbor1	chr22	42232874	42232923	SINE/MIR	514	-	24	42232898	28613
chr22	42204285	42404285	harbor1	chr22	42233221	42233403	SINE/MIR	514	-	91	42233312	29027
chr22	42204285	42404285	harbor1	chr22	42240044	42240275	SINE/MIR	850	-	116	42240160	35875
chr22	42204285	42404285	harbor1	chr22	42274883	42275101	SINE/MIR	805	-	109	42274992	70707
chr22	42204285	42404285	harbor1	chr22	42275609	42275778	SINE/MIR	756	-	84	42275693	71408
chr22	42204285	42404285	harbor1	chr22	42275849	42275960	SINE/MIR	677	-	56	42275905	71620
chr22	42204285	42404285	harbor1	chr22	42278680	42278880	SINE/MIR	607	-	100	42278780	74495
chr22	42204285	42404285	harbor1	chr22	42280774	42281015	SINE/MIR	821	-	120	42280894	76609
chr22	42204285	42404285	harbor1	chr22	42287290	42287482	SINE/MIR	576	-	96	42287386	83101
chr22	42204285	42404285	harbor1	chr22	42294645	42294784	SINE/MIR	439	-	70	42294715	90430
chr22	42204285	42404285	harbor1	chr22	42296906	42297128	SINE/MIR	474	-	111	42297017	92732
chr22	23023459	23223459	harbor1	chr22	23039131	23039287	SINE/MIR	426	-	78	23039209	15750
chr22	24069914	24269914	harbor1	chr22	24087134	24087400	SINE/MIR	464	-	133	24087267	17353
chr22	24069914	24269914	harbor1	chr22	24108958	24109195	SINE/MIR	707	-	118	24109076	39162
chr22	24069914	24269914	harbor1	chr22	24114443	24114578	SINE/MIR	439	-	68	24114511	44597
chr22	24069914	24269914	harbor1	chr22	24146823	24147005	SINE/MIR	434	-	91	24146914	77000
chr22	50406241	50606241	harbor1	chr22	50453383	50453505	SINE/MIR	457	-	61	50453444	47203
chr22	50406241	50606241	harbor1	chr22	50453808	50453892	SINE/MIR	457	-	42	50453850	47609
chr22	50406241	50606241	harbor1	chr22	50472551	50472739	SINE/MIR	484	-	94	50472645	66404
chr22	45313205	45513205	harbor1	chr22	45361036	45361214	SINE/MIR	560	-	89	45361125	47920
chr22	45313205	45513205	harbor1	chr22	45364385	45364619	SINE/MIR	813	-	117	45364502	51297
chr22	45313205	45513205	harbor1	chr22	45378431	45378591	SINE/MIR	580	-	80	45378511	65306
chr22	45313205	45513205	harbor1	chr22	45385999	45386230	SINE/MIR	631	-	116	45386115	72910
chr22	45313205	45513205	harbor1	chr22	45388543	45388694	SINE/MIR	577	-	76	45388619	75414
chr22	45313205	45513205	harbor1	chr22	45389017	45389135	SINE/MIR	577	-	59	45389076	75871
chr22	24069997	24269997	harbor1	chr22	24087134	24087400	SINE/MIR	464	-	133	24087267	17270
chr22	24069997	24269997	harbor1	chr22	24108958	24109195	SINE/MIR	707	-	118	24109076	39079
chr22	24069997	24269997	harbor1	chr22	24114443	24114578	SINE/MIR	439	-	68	24114511	44514
chr22	24069997	24269997	harbor1	chr22	24146823	24147005	SINE/MIR	434	-	91	24146914	76917
chr22	43471950	43671950	harbor1	chr22	43472363	43472540	SINE/MIR	482	-	88	43472451	501
chr22	43471950	43671950	harbor1	chr22	43475212	43475370	SINE/MIR	827	-	79	43475291	3341
chr22	43471950	43671950	harbor1	chr22	43492110	43492304	SINE/MIR	716	-	97	43492207	20257
chr22	43471950	43671950	harbor1	chr22	43501644	43501789	SINE/MIR	510	-	72	43501716	29766
chr22	43471950	43671950	harbor1	chr22	43505232	43505398	SINE/MIR	554	-	83	43505315	33365
chr22	43471950	43671950	harbor1	chr22	43507022	43507200	SINE/MIR	542	-	89	43507111	35161
chr22	36918777	37118777	harbor1	chr22	36931486	36931735	SINE/MIR	425	-	124	36931610	12833
chr22	36918777	37118777	harbor1	chr22	36941438	36941664	SINE/MIR	591	-	113	36941551	22774
chr22	36918777	37118777	harbor1	chr22	36982509	36982719	SINE/MIR	566	-	105	36982614	63837
chr22	36918777	37118777	harbor1	chr22	36998841	36999062	SINE/MIR	560	-	110	36998951	80174
chr22	36918777	37118777	harbor1	chr22	37001082	37001119	SINE/MIR	607	-	18	37001100	82323
chr22	36918777	37118777	harbor1	chr22	37001277	37001439	SINE/MIR	607	-	81	37001358	82581
chr22	36918807	37118807	harbor1	chr22	36931486	36931735	SINE/MIR	425	-	124	36931610	12803
chr22	36918807	37118807	harbor1	chr22	36941438	36941664	SINE/MIR	591	-	113	36941551	22744
chr22	36918807	37118807	harbor1	chr22	36982509	36982719	SINE/MIR	566	-	105	36982614	63807
chr22	36918807	37118807	harbor1	chr22	36998841	36999062	SINE/MIR	560	-	110	36998951	80144
chr22	36918807	37118807	harbor1	chr22	37001082	37001119	SINE/MIR	607	-	18	37001100	82293
chr22	36918807	37118807	harbor1	chr22	37001277	37001439	SINE/MIR	607	-	81	37001358	82551
chr22	24062659	24262659	harbor1	chr22	24087134	24087400	SINE/MIR	464	-	133	24087267	24608
chr22	24062659	24262659	harbor1	chr22	24108958	24109195	SINE/MIR	707	-	118	24109076	46417
chr22	24062659	24262659	harbor1	chr22	24114443	24114578	SINE/MIR	439	-	68	24114511	51852
chr22	24062659	24262659	harbor1	chr22	24146823	24147005	SINE/MIR	434	-	91	24146914	84255
chr22	42784441	42984441	harbor1	chr22	42806579	42806773	SINE/MIR	567	-	97	42806676	22235
chr22	42784441	42984441	harbor1	chr22	42816199	42816422	SINE/MIR	941	-	112	42816311	31870
chr22	42784441	42984441	harbor1	chr22	42823195	42823315	SINE/MIR	493	-	60	42823255	38814
chr22	42784441	42984441	harbor1	chr22	42836711	42836935	SINE/MIR	831	-	112	42836823	52382
chr22	42784441	42984441	harbor1	chr22	42854985	42855210	SINE/MIR	684	-	112	42855097	70656
chr22	42784441	42984441	harbor1	chr22	42880164	42880306	SINE/MIR	482	-	71	42880235	95794
chr22	20568033	20768033	harbor1	chr22	20641390	20641613	SINE/MIR	694	-	112	20641502	73469
chr22	20568033	20768033	harbor1	chr22	20646672	20646802	SINE/MIR	608	-	65	20646737	78704
chr22	36186432	36386432	harbor1	chr22	36194928	36195090	SINE/MIR	513	-	81	36195009	8577
chr22	36186432	36386432	harbor1	chr22	36230963	36231116	SINE/MIR	473	-	76	36231039	44607
chr22	36186432	36386432	harbor1	chr22	36234729	36234955	SINE/MIR	620	-	113	36234842	48410
chr22	36186432	36386432	harbor1	chr22	36273360	36273579	SINE/MIR	449	-	110	36273470	87038
chr22	36186432	36386432	harbor1	chr22	36275519	36275751	SINE/MIR	832	-	116	36275635	89203
chr22	32529769	32729769	harbor1	chr22	32530256	32530413	SINE/MIR	454	-	78	32530334	565
chr22	32529769	32729769	harbor1	chr22	32557476	32557561	SINE/MIR	409	-	42	32557518	27749
chr22	32529769	32729769	harbor1	chr22	32558335	32558499	SINE/MIR	485	-	82	32558417	28648
chr22	32529769	32729769	harbor1	chr22	32559004	32559222	SINE/MIR	842	-	109	32559113	29344
chr22	32529769	32729769	harbor1	chr22	32564413	32564549	SINE/MIR	430	-	68	32564481	34712
chr22	32529769	32729769	harbor1	chr22	32588557	32588771	SINE/MIR	791	-	107	32588664	58895
chr22	32529769	32729769	harbor1	chr22	32590964	32591172	SINE/MIR	618	-	104	32591068	61299
chr22	32529769	32729769	harbor1	chr22	32598262	32598431	SINE/MIR	525	-	84	32598346	68577
chr22	32529769	32729769	harbor1	chr22	32605453	32605701	SINE/MIR	792	-	124	32605577	75808
chr22	32529769	32729769	harbor1	chr22	32621769	32621914	SINE/MIR	512	-	72	32621841	92072
chr22	24017128	24217128	harbor1	chr22	24038685	24038882	SINE/MIR	434	-	98	24038783	21655
chr22	24017128	24217128	harbor1	chr22	24087134	24087400	SINE/MIR	464	-	133	24087267	70139
chr22	24017128	24217128	harbor1	chr22	24108958	24109195	SINE/MIR	707	-	118	24109076	91948
chr22	24017128	24217128	harbor1	chr22	24114443	24114578	SINE/MIR	439	-	68	24114511	97383
chr22	23018534	23218534	harbor1	chr22	23039131	23039287	SINE/MIR	426	-	78	23039209	20675
chr22	36186441	36386441	harbor1	chr22	36194928	36195090	SINE/MIR	513	-	81	36195009	8568
chr22	36186441	36386441	harbor1	chr22	36230963	36231116	SINE/MIR	473	-	76	36231039	44598
chr22	36186441	36386441	harbor1	chr22	36234729	36234955	SINE/MIR	620	-	113	36234842	48401
chr22	36186441	36386441	harbor1	chr22	36273360	36273579	SINE/MIR	449	-	110	36273470	87029
chr22	36186441	36386441	harbor1	chr22	36275519	36275751	SINE/MIR	832	-	116	36275635	89194
chr22	50416659	50616659	harbor1	chr22	50453383	50453505	SINE/MIR	457	-	61	50453444	36785
chr22	50416659	50616659	harbor1	chr22	50453808	50453892	SINE/MIR	457	-	42	50453850	37191
chr22	50416659	50616659	harbor1	chr22	50472551	50472739	SINE/MIR	484	-	94	50472645	55986
chr22	36186368	36386368	harbor1	chr22	36194928	36195090	SINE/MIR	513	-	81	36195009	8641
chr22	36186368	36386368	harbor1	chr22	36230963	36231116	SINE/MIR	473	-	76	36231039	44671
chr22	36186368	36386368	harbor1	chr22	36234729	36234955	SINE/MIR	620	-	113	36234842	48474
chr22	36186368	36386368	harbor1	chr22	36273360	36273579	SINE/MIR	449	-	110	36273470	87102
chr22	36186368	36386368	harbor1	chr22	36275519	36275751	SINE/MIR	832	-	116	36275635	89267
chr22	36186428	36386428	harbor1	chr22	36194928	36195090	SINE/MIR	513	-	81	36195009	8581
chr22	36186428	36386428	harbor1	chr22	36230963	36231116	SINE/MIR	473	-	76	36231039	44611
chr22	36186428	36386428	harbor1	chr22	36234729	36234955	SINE/MIR	620	-	113	36234842	48414
chr22	36186428	36386428	harbor1	chr22	36273360	36273579	SINE/MIR	449	-	110	36273470	87042
chr22	36186428	36386428	harbor1	chr22	36275519	36275751	SINE/MIR	832	-	116	36275635	89207
chrX	18253915	18453915	harbor1	chrX	18329655	18329796	SINE/MIR	780	-	70	18329725	75810
chrX	18253915	18453915	harbor1	chrX	18330098	18330217	SINE/MIR	780	-	60	18330158	76243
chrX	130071758	130271758	harbor1	chrX	130072718	130072840	SINE/MIR	566	-	61	130072779	1021
chrX	130071758	130271758	harbor1	chrX	130104530	130104705	SINE/MIR	578	-	88	130104618	32860
chrX	130071758	130271758	harbor1	chrX	130107726	130107915	SINE/MIR	608	-	94	130107820	36062
chrX	46736727	46936727	harbor1	chrX	46754207	46754407	SINE/MIR	669	-	100	46754307	17580
chrX	72043976	72243976	harbor1	chrX	72046832	72047036	SINE/MIR	711	-	102	72046934	2958
chrX	72043976	72243976	harbor1	chrX	72048116	72048242	SINE/MIR	611	-	63	72048179	4203
chrX	72043976	72243976	harbor1	chrX	72065596	72065809	SINE/MIR	734	-	106	72065702	21726
chrX	72043976	72243976	harbor1	chrX	72073549	72073788	SINE/MIR	727	-	120	72073669	29693
chrX	72043976	72243976	harbor1	chrX	72078084	72078215	SINE/MIR	708	-	66	72078150	34174
chrX	72043976	72243976	harbor1	chrX	72082456	72082667	SINE/MIR	600	-	106	72082562	38586
chrX	72043976	72243976	harbor1	chrX	72108338	72108550	SINE/MIR	898	-	106	72108444	64468
chrX	72043976	72243976	harbor1	chrX	72109211	72109410	SINE/MIR	720	-	100	72109311	65335
chrX	72043976	72243976	harbor1	chrX	72111417	72111590	SINE/MIR	581	-	86	72111503	67527
chrX	72043976	72243976	harbor1	chrX	72122497	72122646	SINE/MIR	603	-	74	72122571	78595
chrX	18253792	18453792	harbor1	chrX	18329655	18329796	SINE/MIR	780	-	70	18329725	75933
chrX	18253792	18453792	harbor1	chrX	18330098	18330217	SINE/MIR	780	-	60	18330158	76366
chrX	153488191	153688191	harbor1	chrX	153520517	153520764	SINE/MIR	737	-	124	153520641	32450
chrX	109902871	110102871	harbor1	chrX	109925602	109925775	SINE/MIR	604	-	86	109925688	22817
chrX	109902871	110102871	harbor1	chrX	109929452	109929703	SINE/MIR	596	-	126	109929578	26707
chrX	109902871	110102871	harbor1	chrX	109956388	109956623	SINE/MIR	738	-	118	109956506	53635
chrX	109902871	110102871	harbor1	chrX	109957997	109958237	SINE/MIR	1053	-	120	109958117	55246
chrX	109902871	110102871	harbor1	chrX	109975148	109975376	SINE/MIR	697	-	114	109975262	72391
chrX	109902871	110102871	harbor1	chrX	109998387	109998601	SINE/MIR	559	-	107	109998494	95623
chrX	37578419	37778419	harbor1	chrX	37580808	37580968	SINE/MIR	670	-	80	37580888	2469
chrX	37578419	37778419	harbor1	chrX	37614939	37615157	SINE/MIR	999	-	109	37615048	36629
chrX	37578419	37778419	harbor1	chrX	37643864	37644092	SINE/MIR	800	-	114	37643978	65559
chrX	72029896	72229896	harbor1	chrX	72043356	72043601	SINE/MIR	752	-	122	72043478	13582
chrX	72029896	72229896	harbor1	chrX	72046832	72047036	SINE/MIR	711	-	102	72046934	17038
chrX	72029896	72229896	harbor1	chrX	72048116	72048242	SINE/MIR	611	-	63	72048179	18283
chrX	72029896	72229896	harbor1	chrX	72065596	72065809	SINE/MIR	734	-	106	72065702	35806
chrX	72029896	72229896	harbor1	chrX	72073549	72073788	SINE/MIR	727	-	120	72073669	43773
chrX	72029896	72229896	harbor1	chrX	72078084	72078215	SINE/MIR	708	-	66	72078150	48254
chrX	72029896	72229896	harbor1	chrX	72082456	72082667	SINE/MIR	600	-	106	72082562	52666
chrX	72029896	72229896	harbor1	chrX	72108338	72108550	SINE/MIR	898	-	106	72108444	78548
chrX	72029896	72229896	harbor1	chrX	72109211	72109410	SINE/MIR	720	-	100	72109311	79415
chrX	72029896	72229896	harbor1	chrX	72111417	72111590	SINE/MIR	581	-	86	72111503	81607
chrX	72029896	72229896	harbor1	chrX	72122497	72122646	SINE/MIR	603	-	74	72122571	92675
chrX	49064231	49264231	harbor1	chrX	49066390	49066621	SINE/MIR	1011	-	116	49066506	2275
chrX	48792105	48992105	harbor1	chrX	48820402	48820653	SINE/MIR	866	-	126	48820528	28423
