H_chr	H_start	H_end	Harbor	TE_chr	TE_start	TE_end	TE	score	TE_strand	TE_half	TE_middle_pos	TE_dis
chr1	96244610	96444610	harbor1	chr1	96306530	96306898	DNA/hAT-Charlie	583	-	184	96306714	62104
chr1	96244610	96444610	harbor1	chr1	96317496	96317609	DNA/hAT-Charlie	538	-	56	96317552	72942
chr1	193326713	193526713	harbor1	chr1	193359801	193359955	DNA/hAT-Charlie	605	-	77	193359878	33165
chr1	193326713	193526713	harbor1	chr1	193393228	193393445	DNA/hAT-Charlie	650	-	108	193393336	66623
chr1	193326713	193526713	harbor1	chr1	193409871	193410400	DNA/hAT-Charlie	2346	-	264	193410135	83422
chr1	193326713	193526713	harbor1	chr1	193419262	193419458	DNA/hAT-Charlie	608	-	98	193419360	92647
chr1	56532729	56732729	harbor1	chr1	56586305	56586816	DNA/hAT-Charlie	3792	-	256	56586561	53832
chr1	2751372	2951372	harbor1	chr1	2837122	2837652	DNA/hAT-Charlie	3389	-	265	2837387	86015
chr1	215294019	215494019	harbor1	chr1	215322189	215322366	DNA/hAT-Charlie	530	-	88	215322277	28258
chr1	215294019	215494019	harbor1	chr1	215337809	215337973	DNA/hAT-Charlie	616	-	82	215337891	43872
chr1	38045254	38245254	harbor1	chr1	38112620	38112860	DNA/hAT-Charlie	612	-	120	38112740	67486
chr1	38045254	38245254	harbor1	chr1	38122203	38122266	DNA/hAT-Charlie	429	-	32	38122235	76981
chr1	38045254	38245254	harbor1	chr1	38122584	38122639	DNA/hAT-Charlie	429	-	28	38122612	77358
chr1	38045254	38245254	harbor1	chr1	38125181	38125318	DNA/hAT-Charlie	720	-	68	38125249	79995
chr1	61689580	61889580	harbor1	chr1	61712272	61712418	DNA/hAT-Charlie	590	-	73	61712345	22765
chr1	61689580	61889580	harbor1	chr1	61712711	61712859	DNA/hAT-Charlie	590	-	74	61712785	23205
chr1	61689580	61889580	harbor1	chr1	61726026	61726209	DNA/hAT-Charlie	661	-	92	61726118	36538
chr1	61689580	61889580	harbor1	chr1	61751413	61751543	DNA/hAT-Charlie	601	-	65	61751478	61898
chr1	61689580	61889580	harbor1	chr1	61752158	61752303	DNA/hAT-Charlie	601	-	72	61752230	62650
chr1	61689580	61889580	harbor1	chr1	61752626	61752851	DNA/hAT-Charlie	601	-	112	61752738	63158
chr1	61689580	61889580	harbor1	chr1	61753013	61753170	DNA/hAT-Charlie	483	-	78	61753091	63511
chr1	61689580	61889580	harbor1	chr1	61753238	61753516	DNA/hAT-Charlie	860	-	139	61753377	63797
chr1	61689580	61889580	harbor1	chr1	61753810	61754353	DNA/hAT-Charlie	860	-	272	61754082	64502
chr1	61689580	61889580	harbor1	chr1	61755672	61755806	DNA/hAT-Charlie	743	-	67	61755739	66159
chr1	61689580	61889580	harbor1	chr1	61756093	61756211	DNA/hAT-Charlie	743	-	59	61756152	66572
chr1	102982162	103182162	harbor1	chr1	103040802	103040982	DNA/hAT-Charlie	442	-	90	103040892	58730
chr1	247505213	247705213	harbor1	chr1	247547600	247547698	DNA/hAT-Charlie	520	-	49	247547649	42436
chr1	145761999	145961999	harbor1	chr1	145804942	145805087	DNA/hAT-Charlie	546	-	72	145805014	43015
chr1	145761999	145961999	harbor1	chr1	145813822	145813994	DNA/hAT-Charlie	1095	-	86	145813908	51909
chr1	145761999	145961999	harbor1	chr1	145814278	145814340	DNA/hAT-Charlie	1095	-	31	145814309	52310
chr1	206125916	206325916	harbor1	chr1	206142556	206142727	DNA/hAT-Charlie	688	-	86	206142642	16726
chr1	206125916	206325916	harbor1	chr1	206142744	206142889	DNA/hAT-Charlie	587	-	72	206142816	16900
chr1	206125916	206325916	harbor1	chr1	206154116	206154488	DNA/hAT-Charlie	935	-	186	206154302	28386
chr1	74353744	74553744	harbor1	chr1	74378019	74378142	DNA/hAT-Charlie	503	-	62	74378081	24337
chr1	74353744	74553744	harbor1	chr1	74393652	74394002	DNA/hAT-Charlie	1806	-	175	74393827	40083
chr1	74353744	74553744	harbor1	chr1	74404492	74404678	DNA/hAT-Charlie	1024	-	93	74404585	50841
chr1	74353744	74553744	harbor1	chr1	74437755	74437924	DNA/hAT-Charlie	423	-	84	74437839	84095
chr1	114150221	114350221	harbor1	chr1	114171673	114171870	DNA/hAT-Charlie	992	-	98	114171771	21550
chr1	114150221	114350221	harbor1	chr1	114176127	114176274	DNA/hAT-Charlie	478	-	74	114176201	25980
chr1	114150221	114350221	harbor1	chr1	114178075	114178612	DNA/hAT-Charlie	1356	-	268	114178343	28122
chr1	114150221	114350221	harbor1	chr1	114178781	114178829	DNA/hAT-Charlie	1356	-	24	114178805	28584
chr1	114150221	114350221	harbor1	chr1	114225400	114225583	DNA/hAT-Charlie	867	-	92	114225492	75271
chr1	114150221	114350221	harbor1	chr1	114232276	114232531	DNA/hAT-Charlie	669	-	128	114232404	82183
chr1	199803951	200003951	harbor1	chr1	199813815	199814008	DNA/hAT-Charlie	607	-	96	199813911	9960
chr1	199803951	200003951	harbor1	chr1	199820606	199820822	DNA/hAT-Charlie	1110	-	108	199820714	16763
chr1	201026708	201226708	harbor1	chr1	201041887	201042041	DNA/hAT-Charlie	648	-	77	201041964	15256
chr1	201026708	201226708	harbor1	chr1	201049953	201050099	DNA/hAT-Charlie	416	-	73	201050026	23318
chr1	201026708	201226708	harbor1	chr1	201055507	201055692	DNA/hAT-Charlie	890	-	92	201055599	28891
chr1	201026708	201226708	harbor1	chr1	201086240	201086360	DNA/hAT-Charlie	1714	-	60	201086300	59592
chr1	201026708	201226708	harbor1	chr1	201086685	201087010	DNA/hAT-Charlie	1714	-	162	201086847	60139
chr1	201026708	201226708	harbor1	chr1	201104161	201104379	DNA/hAT-Charlie	736	-	109	201104270	77562
chr1	21703949	21903949	harbor1	chr1	21794540	21794764	DNA/hAT-Charlie	969	-	112	21794652	90703
chr1	144283332	144483332	harbor1	chr1	144293031	144293248	DNA/hAT-Charlie	744	-	108	144293139	9807
chr1	144283332	144483332	harbor1	chr1	144325717	144325909	DNA/hAT-Charlie	1179	-	96	144325813	42481
chr1	220592982	220792982	harbor1	chr1	220658337	220658510	DNA/hAT-Charlie	835	-	86	220658423	65441
chr1	67038643	67238643	harbor1	chr1	67045689	67045869	DNA/hAT-Charlie	660	-	90	67045779	7136
chr1	67038643	67238643	harbor1	chr1	67096839	67097041	DNA/hAT-Charlie	505	-	101	67096940	58297
chr1	67038643	67238643	harbor1	chr1	67127412	67127588	DNA/hAT-Charlie	522	-	88	67127500	88857
chr1	67038643	67238643	harbor1	chr1	67127971	67128158	DNA/hAT-Charlie	481	-	94	67128065	89422
chr1	152106119	152306119	harbor1	chr1	152188166	152188234	DNA/hAT-Charlie	468	-	34	152188200	82081
chr1	152106119	152306119	harbor1	chr1	152188535	152188694	DNA/hAT-Charlie	468	-	80	152188615	82496
chr1	152106119	152306119	harbor1	chr1	152203777	152204119	DNA/hAT-Charlie	2138	-	171	152203948	97829
chr1	152106119	152306119	harbor1	chr1	152204923	152205059	DNA/hAT-Charlie	420	-	68	152204991	98872
chr1	179157233	179357233	harbor1	chr1	179213069	179213278	DNA/hAT-Charlie	530	-	104	179213173	55940
chr1	59604000	59804000	harbor1	chr1	59682794	59683023	DNA/hAT-Charlie	1110	-	114	59682908	78908
chr1	72566007	72766007	harbor1	chr1	72615281	72615400	DNA/hAT-Charlie	764	-	60	72615341	49334
chr1	72566007	72766007	harbor1	chr1	72635806	72636016	DNA/hAT-Charlie	1016	-	105	72635911	69904
chr1	233496035	233696035	harbor1	chr1	233534622	233534833	DNA/hAT-Charlie	976	-	106	233534728	38693
chr1	233496035	233696035	harbor1	chr1	233555855	233556062	DNA/hAT-Charlie	888	-	104	233555959	59924
chr1	200422372	200622372	harbor1	chr1	200446701	200447037	DNA/hAT-Charlie	2342	-	168	200446869	24497
chr1	200422372	200622372	harbor1	chr1	200504174	200504303	DNA/hAT-Charlie	609	-	64	200504238	81866
chr1	200422372	200622372	harbor1	chr1	200504644	200504964	DNA/hAT-Charlie	1749	-	160	200504804	82432
chr1	28884288	29084288	harbor1	chr1	28953805	28953982	DNA/hAT-Charlie	930	-	88	28953893	69605
chr1	28884288	29084288	harbor1	chr1	28954854	28955106	DNA/hAT-Charlie	652	-	126	28954980	70692
chr1	29790768	29990768	harbor1	chr1	29792460	29792553	DNA/hAT-Charlie	550	-	46	29792506	1738
chr1	29790768	29990768	harbor1	chr1	29792858	29792926	DNA/hAT-Charlie	550	-	34	29792892	2124
chr1	29790768	29990768	harbor1	chr1	29792900	29793088	DNA/hAT-Charlie	601	-	94	29792994	2226
chr1	29790768	29990768	harbor1	chr1	29812013	29812230	DNA/hAT-Charlie	950	-	108	29812121	21353
chr1	82675227	82875227	harbor1	chr1	82692446	82692938	DNA/hAT-Charlie	703	-	246	82692692	17465
chr1	82675227	82875227	harbor1	chr1	82696370	82696837	DNA/hAT-Charlie	1365	-	234	82696604	21377
chr1	82675227	82875227	harbor1	chr1	82760545	82760769	DNA/hAT-Charlie	1043	-	112	82760657	85430
chr1	214447168	214647168	harbor1	chr1	214457622	214457918	DNA/hAT-Charlie	1304	-	148	214457770	10602
chr1	214447168	214647168	harbor1	chr1	214491376	214491681	DNA/hAT-Charlie	1613	-	152	214491528	44360
chr1	214447168	214647168	harbor1	chr1	214537791	214538101	DNA/hAT-Charlie	1302	-	155	214537946	90778
chr1	2390956	2590956	harbor1	chr1	2396020	2396168	DNA/hAT-Charlie	428	-	74	2396094	5138
chr1	2390956	2590956	harbor1	chr1	2421645	2421691	DNA/hAT-Charlie	1985	-	23	2421668	30712
chr1	2390956	2590956	harbor1	chr1	2422293	2422675	DNA/hAT-Charlie	1985	-	191	2422484	31528
chr1	2390956	2590956	harbor1	chr1	2422842	2423137	DNA/hAT-Charlie	1985	-	148	2422990	32034
chr1	5150589	5350589	harbor1	chr1	5198626	5198845	DNA/hAT-Charlie	1361	-	110	5198736	48147
chr1	25316005	25516005	harbor1	chr1	25350690	25350855	DNA/hAT-Charlie	753	-	82	25350772	34767
chr1	25316005	25516005	harbor1	chr1	25359415	25359633	DNA/hAT-Charlie	1533	-	109	25359524	43519
chr1	25316005	25516005	harbor1	chr1	25382794	25383214	DNA/hAT-Charlie	875	-	210	25383004	66999
chr1	25316005	25516005	harbor1	chr1	25383992	25384178	DNA/hAT-Charlie	795	-	93	25384085	68080
chr1	25316005	25516005	harbor1	chr1	25385974	25386129	DNA/hAT-Charlie	808	-	78	25386052	70047
chr1	25316005	25516005	harbor1	chr1	25386140	25386309	DNA/hAT-Charlie	933	-	84	25386224	70219
chr1	25316005	25516005	harbor1	chr1	25392956	25393126	DNA/hAT-Charlie	501	-	85	25393041	77036
chr1	25316005	25516005	harbor1	chr1	25415839	25416023	DNA/hAT-Charlie	1068	-	92	25415931	99926
chr1	17254467	17454467	harbor1	chr1	17265988	17266194	DNA/hAT-Charlie	1114	-	103	17266091	11624
chr1	17254467	17454467	harbor1	chr1	17281753	17281922	DNA/hAT-Charlie	494	-	84	17281837	27370
chr1	17254467	17454467	harbor1	chr1	17317675	17317739	DNA/hAT-Charlie	1128	-	32	17317707	63240
chr1	17254467	17454467	harbor1	chr1	17318034	17318167	DNA/hAT-Charlie	1128	-	66	17318100	63633
chr1	17254467	17454467	harbor1	chr1	17350258	17350540	DNA/hAT-Charlie	784	-	141	17350399	95932
chr1	181849301	182049301	harbor1	chr1	181855635	181855764	DNA/hAT-Charlie	597	-	64	181855699	6398
chr1	181849301	182049301	harbor1	chr1	181903745	181904044	DNA/hAT-Charlie	501	-	150	181903895	54594
chr1	233174045	233374045	harbor1	chr1	233192286	233192473	DNA/hAT-Charlie	532	-	94	233192380	18335
chr1	233174045	233374045	harbor1	chr1	233252896	233253066	DNA/hAT-Charlie	442	-	85	233252981	78936
chr1	233174045	233374045	harbor1	chr1	233256511	233256705	DNA/hAT-Charlie	846	-	97	233256608	82563
chr1	177311812	177511812	harbor1	chr1	177343525	177343859	DNA/hAT-Charlie	1716	-	167	177343692	31880
chr1	85028211	85228211	harbor1	chr1	85056377	85056614	DNA/hAT-Charlie	570	-	118	85056495	28284
chr1	85028211	85228211	harbor1	chr1	85089547	85089730	DNA/hAT-Charlie	970	-	92	85089639	61428
chr1	85028211	85228211	harbor1	chr1	85092057	85092213	DNA/hAT-Charlie	723	-	78	85092135	63924
chr1	85028211	85228211	harbor1	chr1	85094169	85094295	DNA/hAT-Charlie	522	-	63	85094232	66021
chr1	85028211	85228211	harbor1	chr1	85115634	85115947	DNA/hAT-Charlie	1454	-	156	85115790	87579
chr1	85028211	85228211	harbor1	chr1	85116428	85116946	DNA/hAT-Charlie	1299	-	259	85116687	88476
chr1	116667850	116867850	harbor1	chr1	116685783	116686021	DNA/hAT-Charlie	1106	-	119	116685902	18052
chr1	116667850	116867850	harbor1	chr1	116686444	116686734	DNA/hAT-Charlie	596	-	145	116686589	18739
chr1	116667850	116867850	harbor1	chr1	116699728	116699849	DNA/hAT-Charlie	715	-	60	116699788	31938
chr1	116667850	116867850	harbor1	chr1	116722281	116722498	DNA/hAT-Charlie	961	-	108	116722389	54539
chr1	106457917	106657917	harbor1	chr1	106512884	106513047	DNA/hAT-Charlie	664	-	82	106512966	55049
chr1	64770902	64970902	harbor1	chr1	64819772	64819892	DNA/hAT-Charlie	527	-	60	64819832	48930
chr1	72008290	72208290	harbor1	chr1	72089031	72089147	DNA/hAT-Charlie	412	-	58	72089089	80799
chr1	175248650	175448650	harbor1	chr1	175251300	175251452	DNA/hAT-Charlie	648	-	76	175251376	2726
chr1	175248650	175448650	harbor1	chr1	175264604	175264765	DNA/hAT-Charlie	642	-	80	175264684	16034
chr1	175248650	175448650	harbor1	chr1	175286271	175287028	DNA/hAT-Charlie	3901	-	378	175286649	37999
chr1	175248650	175448650	harbor1	chr1	175316452	175316591	DNA/hAT-Charlie	491	-	70	175316522	67872
chr1	207860445	208060445	harbor1	chr1	207864880	207865097	DNA/hAT-Charlie	1029	-	108	207864988	4543
chr1	207860445	208060445	harbor1	chr1	207869709	207869863	DNA/hAT-Charlie	517	-	77	207869786	9341
chr1	207860445	208060445	harbor1	chr1	207880692	207880950	DNA/hAT-Charlie	1039	-	129	207880821	20376
chr1	207860445	208060445	harbor1	chr1	207880952	207881140	DNA/hAT-Charlie	766	-	94	207881046	20601
chr1	207860445	208060445	harbor1	chr1	207924427	207924591	DNA/hAT-Charlie	1010	-	82	207924509	64064
chr1	207860445	208060445	harbor1	chr1	207933011	207933204	DNA/hAT-Charlie	901	-	96	207933107	72662
chr1	207860445	208060445	harbor1	chr1	207943355	207943447	DNA/hAT-Charlie	3873	-	46	207943401	82956
chr1	207860445	208060445	harbor1	chr1	207946334	207946518	DNA/hAT-Charlie	10526	-	92	207946426	85981
chr1	207860445	208060445	harbor1	chr1	207958261	207958399	DNA/hAT-Charlie	675	-	69	207958330	97885
chr1	207860445	208060445	harbor1	chr1	207943785	207946045	DNA/hAT-Charlie	10526	-	1130	207944915	84470
chr1	65360987	65560987	harbor1	chr1	65364091	65364400	DNA/hAT-Charlie	1215	-	154	65364245	3258
chr1	65360987	65560987	harbor1	chr1	65367150	65367307	DNA/hAT-Charlie	605	-	78	65367228	6241
chr1	65360987	65560987	harbor1	chr1	65395126	65395277	DNA/hAT-Charlie	421	-	76	65395202	34215
chr1	220494210	220694210	harbor1	chr1	220497966	220498123	DNA/hAT-Charlie	453	-	78	220498044	3834
chr1	220494210	220694210	harbor1	chr1	220499176	220499285	DNA/hAT-Charlie	1513	-	54	220499230	5020
chr1	220494210	220694210	harbor1	chr1	220499596	220499995	DNA/hAT-Charlie	1513	-	200	220499796	5586
chr1	220494210	220694210	harbor1	chr1	220524758	220525144	DNA/hAT-Charlie	1400	-	193	220524951	30741
chr1	220494210	220694210	harbor1	chr1	220577497	220577680	DNA/hAT-Charlie	1128	-	92	220577589	83379
chr1	229486705	229686705	harbor1	chr1	229514828	229515048	DNA/hAT-Charlie	935	-	110	229514938	28233
chr1	229486705	229686705	harbor1	chr1	229540223	229540370	DNA/hAT-Charlie	440	-	74	229540297	53592
chr1	229486705	229686705	harbor1	chr1	229554472	229554672	DNA/hAT-Charlie	864	-	100	229554572	67867
chr1	229486705	229686705	harbor1	chr1	229585246	229585403	DNA/hAT-Charlie	668	-	78	229585324	98619
chr1	201542207	201742207	harbor1	chr1	201544089	201544265	DNA/hAT-Charlie	821	-	88	201544177	1970
chr1	60407136	60607136	harbor1	chr1	60419592	60419772	DNA/hAT-Charlie	469	-	90	60419682	12546
chr1	60407136	60607136	harbor1	chr1	60429649	60430100	DNA/hAT-Charlie	1241	-	226	60429875	22739
chr1	60407136	60607136	harbor1	chr1	60469136	60469278	DNA/hAT-Charlie	752	-	71	60469207	62071
chr1	55874565	56074565	harbor1	chr1	55928056	55928250	DNA/hAT-Charlie	425	-	97	55928153	53588
chr1	55874565	56074565	harbor1	chr1	55939743	55939879	DNA/hAT-Charlie	642	-	68	55939811	65246
chr1	55874565	56074565	harbor1	chr1	55940829	55941156	DNA/hAT-Charlie	1005	-	164	55940993	66428
chr1	61547258	61747258	harbor1	chr1	61629963	61630057	DNA/hAT-Charlie	1156	-	47	61630010	82752
chr1	61547258	61747258	harbor1	chr1	61630358	61630484	DNA/hAT-Charlie	1156	-	63	61630421	83163
chr1	61547258	61747258	harbor1	chr1	61647112	61647260	DNA/hAT-Charlie	705	-	74	61647186	99928
chr1	192476602	192676602	harbor1	chr1	192516096	192516296	DNA/hAT-Charlie	445	-	100	192516196	39594
chr1	192476602	192676602	harbor1	chr1	192535976	192536192	DNA/hAT-Charlie	776	-	108	192536084	59482
chr1	192476602	192676602	harbor1	chr1	192548418	192548661	DNA/hAT-Charlie	1107	-	122	192548540	71938
chr1	192476602	192676602	harbor1	chr1	192548981	192549050	DNA/hAT-Charlie	1107	-	34	192549015	72413
chr1	239145859	239345859	harbor1	chr1	239196876	239197099	DNA/hAT-Charlie	736	-	112	239196988	51129
chr1	239145859	239345859	harbor1	chr1	239234099	239234237	DNA/hAT-Charlie	568	-	69	239234168	88309
chr1	235130086	235330086	harbor1	chr1	235136337	235136550	DNA/hAT-Charlie	1010	-	106	235136443	6357
chr1	35024738	35224738	harbor1	chr1	35101870	35103092	DNA/hAT-Charlie	4230	-	611	35102481	77743
chr1	35024738	35224738	harbor1	chr1	35103693	35103837	DNA/hAT-Charlie	486	-	72	35103765	79027
chr1	244864365	245064365	harbor1	chr1	244874493	244874673	DNA/hAT-Charlie	790	-	90	244874583	10218
chr1	244864365	245064365	harbor1	chr1	244887845	244887895	DNA/hAT-Charlie	561	-	25	244887870	23505
chr1	244864365	245064365	harbor1	chr1	244888203	244888377	DNA/hAT-Charlie	561	-	87	244888290	23925
chr1	244864365	245064365	harbor1	chr1	244900997	244901223	DNA/hAT-Charlie	473	-	113	244901110	36745
chr1	244864365	245064365	harbor1	chr1	244901949	244902035	DNA/hAT-Charlie	854	-	43	244901992	37627
chr1	244864365	245064365	harbor1	chr1	244902333	244902484	DNA/hAT-Charlie	854	-	76	244902409	38044
chr1	244864365	245064365	harbor1	chr1	244928757	244928941	DNA/hAT-Charlie	921	-	92	244928849	64484
chr1	244864365	245064365	harbor1	chr1	244929261	244929365	DNA/hAT-Charlie	620	-	52	244929313	64948
chr1	244864365	245064365	harbor1	chr1	244929371	244929482	DNA/hAT-Charlie	658	-	56	244929427	65062
chr1	244864365	245064365	harbor1	chr1	244941123	244941261	DNA/hAT-Charlie	692	-	69	244941192	76827
chr1	244864365	245064365	harbor1	chr1	244958096	244958305	DNA/hAT-Charlie	439	-	104	244958200	93835
chr1	244864365	245064365	harbor1	chr1	244940781	244940807	DNA/hAT-Charlie	692	-	13	244940794	76429
chr1	235520757	235720757	harbor1	chr1	235556617	235557143	DNA/hAT-Charlie	3892	-	263	235556880	36123
chr1	235520757	235720757	harbor1	chr1	235590906	235591058	DNA/hAT-Charlie	899	-	76	235590982	70225
chr1	228028121	228228121	harbor1	chr1	228034594	228034862	DNA/hAT-Charlie	810	-	134	228034728	6607
chr1	228028121	228228121	harbor1	chr1	228057762	228057822	DNA/hAT-Charlie	897	-	30	228057792	29671
chr1	228028121	228228121	harbor1	chr1	228058101	228058323	DNA/hAT-Charlie	897	-	111	228058212	30091
chr1	228028121	228228121	harbor1	chr1	228078614	228078782	DNA/hAT-Charlie	455	-	84	228078698	50577
chr1	118267868	118467868	harbor1	chr1	118268172	118268414	DNA/hAT-Charlie	612	-	121	118268293	425
chr1	56036486	56236486	harbor1	chr1	56071870	56072153	DNA/hAT-Charlie	462	-	142	56072012	35526
chr1	56036486	56236486	harbor1	chr1	56099603	56099819	DNA/hAT-Charlie	905	-	108	56099711	63225
chr1	56036486	56236486	harbor1	chr1	56113049	56113269	DNA/hAT-Charlie	596	-	110	56113159	76673
chr1	66900725	67100725	harbor1	chr1	66962402	66962532	DNA/hAT-Charlie	714	-	65	66962467	61742
chr1	66900725	67100725	harbor1	chr1	66980806	66981007	DNA/hAT-Charlie	835	-	100	66980906	80181
chr1	90716908	90916908	harbor1	chr1	90745767	90745901	DNA/hAT-Charlie	693	-	67	90745834	28926
chr1	90716908	90916908	harbor1	chr1	90745885	90746346	DNA/hAT-Charlie	2192	-	230	90746115	29207
chr1	90716908	90916908	harbor1	chr1	90754295	90754379	DNA/hAT-Charlie	449	-	42	90754337	37429
chr1	90716908	90916908	harbor1	chr1	90754965	90755044	DNA/hAT-Charlie	437	-	40	90755005	38097
chr1	90716908	90916908	harbor1	chr1	90770165	90770377	DNA/hAT-Charlie	1456	-	106	90770271	53363
chr1	108672567	108872567	harbor1	chr1	108684272	108684771	DNA/hAT-Charlie	1658	-	250	108684522	11955
chr1	108672567	108872567	harbor1	chr1	108685033	108685153	DNA/hAT-Charlie	1658	-	60	108685093	12526
chr1	108672567	108872567	harbor1	chr1	108685147	108685394	DNA/hAT-Charlie	671	-	124	108685271	12704
chr1	108672567	108872567	harbor1	chr1	108735488	108735779	DNA/hAT-Charlie	1368	-	146	108735634	63067
chr1	108672567	108872567	harbor1	chr1	108737818	108737990	DNA/hAT-Charlie	837	-	86	108737904	65337
chr1	108672567	108872567	harbor1	chr1	108738002	108738166	DNA/hAT-Charlie	608	-	82	108738084	65517
chr1	108672567	108872567	harbor1	chr1	108749814	108750070	DNA/hAT-Charlie	683	-	128	108749942	77375
chr1	75516586	75716586	harbor1	chr1	75531488	75531639	DNA/hAT-Charlie	836	-	76	75531564	14978
chr1	75516586	75716586	harbor1	chr1	75585783	75585956	DNA/hAT-Charlie	715	-	86	75585869	69283
chr1	75516586	75716586	harbor1	chr1	75605898	75606078	DNA/hAT-Charlie	796	-	90	75605988	89402
chr1	70731232	70931232	harbor1	chr1	70758240	70758531	DNA/hAT-Charlie	891	-	146	70758386	27154
chr1	70731232	70931232	harbor1	chr1	70801909	70802162	DNA/hAT-Charlie	885	-	126	70802035	70803
chr1	59863231	60063231	harbor1	chr1	59872280	59872449	DNA/hAT-Charlie	828	-	84	59872364	9133
chr1	59863231	60063231	harbor1	chr1	59874085	59874273	DNA/hAT-Charlie	1051	-	94	59874179	10948
chr1	59863231	60063231	harbor1	chr1	59874494	59874714	DNA/hAT-Charlie	1125	-	110	59874604	11373
chr1	59863231	60063231	harbor1	chr1	59879488	59879717	DNA/hAT-Charlie	1150	-	114	59879602	16371
chr1	59863231	60063231	harbor1	chr1	59904472	59904641	DNA/hAT-Charlie	417	-	84	59904556	41325
chr1	59863231	60063231	harbor1	chr1	59906852	59906984	DNA/hAT-Charlie	428	-	66	59906918	43687
chr1	59863231	60063231	harbor1	chr1	59948356	59948771	DNA/hAT-Charlie	582	-	208	59948564	85333
chr1	21616865	21816865	harbor1	chr1	21702885	21702938	DNA/hAT-Charlie	892	-	26	21702911	86046
chr1	74122454	74322454	harbor1	chr1	74144624	74144800	DNA/hAT-Charlie	411	-	88	74144712	22258
chr1	74122454	74322454	harbor1	chr1	74202094	74202291	DNA/hAT-Charlie	589	-	98	74202192	79738
chr1	74122454	74322454	harbor1	chr1	74186101	74186822	DNA/hAT-Charlie	2110	-	360	74186461	64007
chr1	165814343	166014343	harbor1	chr1	165823534	165823696	DNA/hAT-Charlie	769	-	81	165823615	9272
chr1	165814343	166014343	harbor1	chr1	165833908	165834337	DNA/hAT-Charlie	522	-	214	165834122	19779
chr1	165814343	166014343	harbor1	chr1	165835501	165835947	DNA/hAT-Charlie	2233	-	223	165835724	21381
chr1	165814343	166014343	harbor1	chr1	165836254	165836625	DNA/hAT-Charlie	2233	-	186	165836440	22097
chr1	5164389	5364389	harbor1	chr1	5198626	5198845	DNA/hAT-Charlie	1361	-	110	5198736	34347
chr1	48815287	49015287	harbor1	chr1	48828754	48828914	DNA/hAT-Charlie	536	-	80	48828834	13547
chr1	48815287	49015287	harbor1	chr1	48849415	48849539	DNA/hAT-Charlie	639	-	62	48849477	34190
chr1	179246732	179446732	harbor1	chr1	179346640	179346789	DNA/hAT-Charlie	595	-	74	179346714	99982
chr1	71214482	71414482	harbor1	chr1	71242499	71242753	DNA/hAT-Charlie	539	-	127	71242626	28144
chr1	71214482	71414482	harbor1	chr1	71242954	71243184	DNA/hAT-Charlie	564	-	115	71243069	28587
chr1	71214482	71414482	harbor1	chr1	71255649	71255791	DNA/hAT-Charlie	543	-	71	71255720	41238
chr1	71214482	71414482	harbor1	chr1	71292722	71292943	DNA/hAT-Charlie	1252	-	110	71292832	78350
chr1	71214482	71414482	harbor1	chr1	71293674	71293767	DNA/hAT-Charlie	1252	-	46	71293720	79238
chr1	36885394	37085394	harbor1	chr1	36906576	36906765	DNA/hAT-Charlie	732	-	94	36906670	21276
chr1	36885394	37085394	harbor1	chr1	36907061	36907115	DNA/hAT-Charlie	732	-	27	36907088	21694
chr1	42698225	42898225	harbor1	chr1	42731117	42731275	DNA/hAT-Charlie	664	-	79	42731196	32971
chr1	42698225	42898225	harbor1	chr1	42782454	42782552	DNA/hAT-Charlie	1378	-	49	42782503	84278
chr1	42698225	42898225	harbor1	chr1	42782844	42783054	DNA/hAT-Charlie	1378	-	105	42782949	84724
chr1	187759418	187959418	harbor1	chr1	187784111	187784324	DNA/hAT-Charlie	961	-	106	187784217	24799
chr1	187759418	187959418	harbor1	chr1	187800695	187800910	DNA/hAT-Charlie	787	-	108	187800803	41385
chr1	187759418	187959418	harbor1	chr1	187814543	187814704	DNA/hAT-Charlie	556	-	80	187814623	55205
chr1	225021401	225221401	harbor1	chr1	225050782	225051116	DNA/hAT-Charlie	1976	-	167	225050949	29548
chr1	94639859	94839859	harbor1	chr1	94726427	94726575	DNA/hAT-Charlie	1345	-	74	94726501	86642
chr1	94639859	94839859	harbor1	chr1	94727009	94727170	DNA/hAT-Charlie	1345	-	80	94727089	87230
chr1	94639859	94839859	harbor1	chr1	94736705	94736923	DNA/hAT-Charlie	1079	-	109	94736814	96955
chr1	49940313	50140313	harbor1	chr1	49973309	49973494	DNA/hAT-Charlie	735	-	92	49973401	33088
chr1	49940313	50140313	harbor1	chr1	50001577	50001921	DNA/hAT-Charlie	670	-	172	50001749	61436
chr1	49940313	50140313	harbor1	chr1	50025599	50025749	DNA/hAT-Charlie	773	-	75	50025674	85361
chr1	49940313	50140313	harbor1	chr1	50027411	50027575	DNA/hAT-Charlie	727	-	82	50027493	87180
chr1	49940313	50140313	harbor1	chr1	50028861	50029030	DNA/hAT-Charlie	730	-	84	50028945	88632
chr1	80182806	80382806	harbor1	chr1	80280476	80280642	DNA/hAT-Charlie	910	-	83	80280559	97753
chr1	246695878	246895878	harbor1	chr1	246730459	246730754	DNA/hAT-Charlie	484	-	148	246730607	34729
chr1	246695878	246895878	harbor1	chr1	246763000	246763098	DNA/hAT-Charlie	495	-	49	246763049	67171
chr1	246695878	246895878	harbor1	chr1	246773259	246773405	DNA/hAT-Charlie	778	-	73	246773332	77454
chr1	246695878	246895878	harbor1	chr1	246773406	246773590	DNA/hAT-Charlie	963	-	92	246773498	77620
chr1	246695878	246895878	harbor1	chr1	246773591	246773623	DNA/hAT-Charlie	778	-	16	246773607	77729
chr1	246450637	246650637	harbor1	chr1	246476361	246476521	DNA/hAT-Charlie	742	-	80	246476441	25804
chr1	246450637	246650637	harbor1	chr1	246492255	246492382	DNA/hAT-Charlie	695	-	64	246492319	41682
chr1	86700808	86900808	harbor1	chr1	86723862	86724025	DNA/hAT-Charlie	591	-	82	86723944	23136
chr1	86700808	86900808	harbor1	chr1	86771217	86771400	DNA/hAT-Charlie	792	-	92	86771309	70501
chr1	86700808	86900808	harbor1	chr1	86771624	86771895	DNA/hAT-Charlie	636	-	136	86771760	70952
chr1	107018212	107218212	harbor1	chr1	107020347	107020547	DNA/hAT-Charlie	839	-	100	107020447	2235
chr1	107018212	107218212	harbor1	chr1	107048819	107049004	DNA/hAT-Charlie	949	-	92	107048911	30699
chr1	107018212	107218212	harbor1	chr1	107054954	107055122	DNA/hAT-Charlie	771	-	84	107055038	36826
chr1	107018212	107218212	harbor1	chr1	107089262	107089489	DNA/hAT-Charlie	739	-	114	107089376	71164
chr1	171745570	171945570	harbor1	chr1	171770977	171771468	DNA/hAT-Charlie	1552	-	246	171771223	25653
chr1	171745570	171945570	harbor1	chr1	171799069	171799274	DNA/hAT-Charlie	566	-	102	171799171	53601
chr1	171745570	171945570	harbor1	chr1	171800132	171800165	DNA/hAT-Charlie	833	-	16	171800148	54578
chr1	171745570	171945570	harbor1	chr1	171800687	171800834	DNA/hAT-Charlie	833	-	74	171800761	55191
chr1	15225770	15425770	harbor1	chr1	15229966	15230199	DNA/hAT-Charlie	868	-	116	15230082	4312
chr1	15225770	15425770	harbor1	chr1	15294332	15294403	DNA/hAT-Charlie	1046	-	36	15294368	68598
chr1	15225770	15425770	harbor1	chr1	15294693	15294842	DNA/hAT-Charlie	1046	-	74	15294767	68997
chr1	15225770	15425770	harbor1	chr1	15295766	15295951	DNA/hAT-Charlie	770	-	92	15295858	70088
chr1	15225770	15425770	harbor1	chr1	15318301	15318360	DNA/hAT-Charlie	789	-	30	15318331	92561
chr1	15225770	15425770	harbor1	chr1	15318668	15318788	DNA/hAT-Charlie	789	-	60	15318728	92958
chr1	15225770	15425770	harbor1	chr1	15322539	15322717	DNA/hAT-Charlie	942	-	89	15322628	96858
chr1	96214412	96414412	harbor1	chr1	96306530	96306898	DNA/hAT-Charlie	583	-	184	96306714	92302
chr1	202362226	202562226	harbor1	chr1	202403094	202403342	DNA/hAT-Charlie	881	-	124	202403218	40992
chr1	202362226	202562226	harbor1	chr1	202413513	202413928	DNA/hAT-Charlie	4067	-	208	202413721	51495
chr1	202362226	202562226	harbor1	chr1	202414222	202414776	DNA/hAT-Charlie	4067	-	277	202414499	52273
chr1	202362226	202562226	harbor1	chr1	202415079	202415404	DNA/hAT-Charlie	4067	-	162	202415241	53015
chr1	47314204	47514204	harbor1	chr1	47345273	47345492	DNA/hAT-Charlie	1295	-	110	47345383	31179
chr1	47314204	47514204	harbor1	chr1	47346360	47346468	DNA/hAT-Charlie	1295	-	54	47346414	32210
chr1	47314204	47514204	harbor1	chr1	47347223	47347238	DNA/hAT-Charlie	667	-	8	47347231	33027
chr1	47314204	47514204	harbor1	chr1	47347509	47347622	DNA/hAT-Charlie	667	-	56	47347565	33361
chr1	47314204	47514204	harbor1	chr1	47347931	47348039	DNA/hAT-Charlie	667	-	54	47347985	33781
chr1	47314204	47514204	harbor1	chr1	47408955	47409181	DNA/hAT-Charlie	768	-	113	47409068	94864
chr1	186075651	186275651	harbor1	chr1	186080548	186080737	DNA/hAT-Charlie	758	-	94	186080642	4991
chr1	186075651	186275651	harbor1	chr1	186140840	186141293	DNA/hAT-Charlie	3004	-	226	186141066	65415
chr1	186075651	186275651	harbor1	chr1	186155894	186156029	DNA/hAT-Charlie	424	-	68	186155962	80311
chr1	186075651	186275651	harbor1	chr1	186163565	186163918	DNA/hAT-Charlie	768	-	176	186163741	88090
chr1	240463778	240663778	harbor1	chr1	240523293	240523489	DNA/hAT-Charlie	1009	-	98	240523391	59613
chr1	240463778	240663778	harbor1	chr1	240558669	240559340	DNA/hAT-Charlie	2927	-	336	240559005	95227
chr1	240463778	240663778	harbor1	chr1	240559644	240560003	DNA/hAT-Charlie	2927	-	180	240559824	96046
chr1	240463778	240663778	harbor1	chr1	240560132	240560342	DNA/hAT-Charlie	813	-	105	240560237	96459
chr1	6449126	6649126	harbor1	chr1	6452550	6452712	DNA/hAT-Charlie	639	-	81	6452631	3505
chr1	6449126	6649126	harbor1	chr1	6457680	6457889	DNA/hAT-Charlie	1213	-	104	6457784	8658
chr1	6449126	6649126	harbor1	chr1	6459420	6459541	DNA/hAT-Charlie	1213	-	60	6459480	10354
chr1	6449126	6649126	harbor1	chr1	6468702	6468890	DNA/hAT-Charlie	473	-	94	6468796	19670
chr1	38998273	39198273	harbor1	chr1	38998533	38998621	DNA/hAT-Charlie	796	-	44	38998577	304
chr1	38998273	39198273	harbor1	chr1	38998887	38999014	DNA/hAT-Charlie	796	-	64	38998951	678
chr1	38998273	39198273	harbor1	chr1	39047949	39048155	DNA/hAT-Charlie	469	-	103	39048052	49779
chr1	193664295	193864295	harbor1	chr1	193696303	193696457	DNA/hAT-Charlie	636	-	77	193696380	32085
chr1	193664295	193864295	harbor1	chr1	193713713	193713870	DNA/hAT-Charlie	518	-	78	193713791	49496
chr1	193664295	193864295	harbor1	chr1	193731987	193732310	DNA/hAT-Charlie	2093	-	162	193732149	67854
chr1	14147716	14347716	harbor1	chr1	14192420	14192739	DNA/hAT-Charlie	713	-	160	14192580	44864
chr1	14147716	14347716	harbor1	chr1	14210565	14211087	DNA/hAT-Charlie	2046	-	261	14210826	63110
chr1	14147716	14347716	harbor1	chr1	14224784	14224988	DNA/hAT-Charlie	689	-	102	14224886	77170
chr1	14147716	14347716	harbor1	chr1	14227062	14227213	DNA/hAT-Charlie	1122	-	76	14227138	79422
chr1	14147716	14347716	harbor1	chr1	14227738	14228006	DNA/hAT-Charlie	1122	-	134	14227872	80156
chr1	31066958	31266958	harbor1	chr1	31110449	31110590	DNA/hAT-Charlie	626	-	70	31110519	43561
chr1	230981999	231181999	harbor1	chr1	231020994	231021160	DNA/hAT-Charlie	607	-	83	231021077	39078
chr1	230981999	231181999	harbor1	chr1	231031136	231031172	DNA/hAT-Charlie	737	-	18	231031154	49155
chr1	230981999	231181999	harbor1	chr1	231031160	231031571	DNA/hAT-Charlie	1707	-	206	231031366	49367
chr1	230981999	231181999	harbor1	chr1	231032606	231032701	DNA/hAT-Charlie	583	-	48	231032654	50655
chr1	230981999	231181999	harbor1	chr1	231081729	231081792	DNA/hAT-Charlie	6754	-	32	231081761	99762
chr1	230981999	231181999	harbor1	chr1	231030692	231030829	DNA/hAT-Charlie	737	-	68	231030760	48761
chr1	15129416	15329416	harbor1	chr1	15171017	15171236	DNA/hAT-Charlie	818	-	110	15171127	41711
chr1	15129416	15329416	harbor1	chr1	15176998	15177306	DNA/hAT-Charlie	437	-	154	15177152	47736
chr1	15129416	15329416	harbor1	chr1	15194144	15194320	DNA/hAT-Charlie	679	-	88	15194232	64816
chr1	15129416	15329416	harbor1	chr1	15194870	15194911	DNA/hAT-Charlie	991	-	20	15194890	65474
chr1	15129416	15329416	harbor1	chr1	15195232	15195471	DNA/hAT-Charlie	991	-	120	15195352	65936
chr1	15129416	15329416	harbor1	chr1	15211192	15211418	DNA/hAT-Charlie	967	-	113	15211305	81889
chr1	243457451	243657451	harbor1	chr1	243479332	243479633	DNA/hAT-Charlie	1340	-	150	243479482	22031
chr1	243457451	243657451	harbor1	chr1	243479863	243479964	DNA/hAT-Charlie	531	-	50	243479913	22462
chr1	179541365	179741365	harbor1	chr1	179573312	179573582	DNA/hAT-Charlie	710	-	135	179573447	32082
chr1	179541365	179741365	harbor1	chr1	179578976	179579212	DNA/hAT-Charlie	1108	-	118	179579094	37729
chr1	179541365	179741365	harbor1	chr1	179580846	179581345	DNA/hAT-Charlie	1671	-	250	179581096	39731
chr1	179541365	179741365	harbor1	chr1	179582274	179582437	DNA/hAT-Charlie	883	-	82	179582356	40991
chr1	179541365	179741365	harbor1	chr1	179615852	179616122	DNA/hAT-Charlie	1153	-	135	179615987	74622
chr1	179541365	179741365	harbor1	chr1	179635425	179635608	DNA/hAT-Charlie	642	-	92	179635517	94152
chr1	179541365	179741365	harbor1	chr1	179635934	179636942	DNA/hAT-Charlie	3093	-	504	179636438	95073
chr1	179939717	180139717	harbor1	chr1	179970884	179971028	DNA/hAT-Charlie	1889	-	72	179970956	31239
chr1	179939717	180139717	harbor1	chr1	179971624	179971950	DNA/hAT-Charlie	1889	-	163	179971787	32070
chr1	179939717	180139717	harbor1	chr1	179994978	179995177	DNA/hAT-Charlie	631	-	100	179995078	55361
chr1	185746446	185946446	harbor1	chr1	185790605	185790801	DNA/hAT-Charlie	603	-	98	185790703	44257
chr1	185746446	185946446	harbor1	chr1	185796065	185796378	DNA/hAT-Charlie	1685	-	156	185796221	49775
chr1	40991371	41191371	harbor1	chr1	40994970	40995144	DNA/hAT-Charlie	955	-	87	40995057	3686
chr1	40991371	41191371	harbor1	chr1	41088975	41089119	DNA/hAT-Charlie	641	-	72	41089047	97676
chr1	40991371	41191371	harbor1	chr1	41090110	41090529	DNA/hAT-Charlie	1811	-	210	41090320	98949
chr1	90017094	90217094	harbor1	chr1	90040415	90040618	DNA/hAT-Charlie	1008	-	102	90040517	23423
chr1	90017094	90217094	harbor1	chr1	90089326	90089449	DNA/hAT-Charlie	639	-	62	90089388	72294
chr1	33187251	33387251	harbor1	chr1	33281103	33281265	DNA/hAT-Charlie	575	-	81	33281184	93933
chr1	98661384	98861384	harbor1	chr1	98720737	98720775	DNA/hAT-Charlie	888	-	19	98720756	59372
chr1	98661384	98861384	harbor1	chr1	98739011	98739345	DNA/hAT-Charlie	2122	-	167	98739178	77794
chr1	198107560	198307560	harbor1	chr1	198144578	198144751	DNA/hAT-Charlie	741	-	86	198144664	37104
chr1	198107560	198307560	harbor1	chr1	198161293	198161437	DNA/hAT-Charlie	458	-	72	198161365	53805
chr1	198107560	198307560	harbor1	chr1	198178453	198178686	DNA/hAT-Charlie	561	-	116	198178569	71009
chr1	198107560	198307560	harbor1	chr1	198178715	198178779	DNA/hAT-Charlie	561	-	32	198178747	71187
chr1	207408421	207608421	harbor1	chr1	207413523	207413723	DNA/hAT-Charlie	1387	-	100	207413623	5202
chr1	207408421	207608421	harbor1	chr1	207416105	207416307	DNA/hAT-Charlie	980	-	101	207416206	7785
chr1	222097721	222297721	harbor1	chr1	222111479	222111646	DNA/hAT-Charlie	844	-	84	222111563	13842
chr1	148672769	148872769	harbor1	chr1	148690919	148691099	DNA/hAT-Charlie	861	-	90	148691009	18240
chr1	148672769	148872769	harbor1	chr1	148695502	148695601	DNA/hAT-Charlie	552	-	50	148695552	22783
chr1	148672769	148872769	harbor1	chr1	148696129	148696239	DNA/hAT-Charlie	552	-	55	148696184	23415
chr1	148672769	148872769	harbor1	chr1	148699564	148699739	DNA/hAT-Charlie	971	-	88	148699652	26883
chr1	148672769	148872769	harbor1	chr1	148719338	148719846	DNA/hAT-Charlie	1842	-	254	148719592	46823
chr1	148672769	148872769	harbor1	chr1	148720076	148720248	DNA/hAT-Charlie	1057	-	86	148720162	47393
chr1	202385848	202585848	harbor1	chr1	202403094	202403342	DNA/hAT-Charlie	881	-	124	202403218	17370
chr1	202385848	202585848	harbor1	chr1	202413513	202413928	DNA/hAT-Charlie	4067	-	208	202413721	27873
chr1	202385848	202585848	harbor1	chr1	202414222	202414776	DNA/hAT-Charlie	4067	-	277	202414499	28651
chr1	202385848	202585848	harbor1	chr1	202415079	202415404	DNA/hAT-Charlie	4067	-	162	202415241	29393
chr1	202385848	202585848	harbor1	chr1	202472759	202472872	DNA/hAT-Charlie	632	-	56	202472815	86967
chr1	202385848	202585848	harbor1	chr1	202474700	202474885	DNA/hAT-Charlie	891	-	92	202474792	88944
chr1	202385848	202585848	harbor1	chr1	202478147	202478239	DNA/hAT-Charlie	518	-	46	202478193	92345
chr1	202385848	202585848	harbor1	chr1	202478241	202478314	DNA/hAT-Charlie	431	-	36	202478277	92429
chr1	202385848	202585848	harbor1	chr1	202480906	202481253	DNA/hAT-Charlie	1983	-	174	202481080	95232
chr1	55993739	56193739	harbor1	chr1	56008863	56008999	DNA/hAT-Charlie	608	-	68	56008931	15192
chr1	55993739	56193739	harbor1	chr1	56017221	56017429	DNA/hAT-Charlie	626	-	104	56017325	23586
chr1	55993739	56193739	harbor1	chr1	56017520	56017655	DNA/hAT-Charlie	475	-	68	56017588	23849
chr1	55993739	56193739	harbor1	chr1	56071870	56072153	DNA/hAT-Charlie	462	-	142	56072012	78273
chr1	227762708	227962708	harbor1	chr1	227814795	227814917	DNA/hAT-Charlie	910	-	61	227814856	52148
chr1	218376359	218576359	harbor1	chr1	218408781	218409252	DNA/hAT-Charlie	3402	-	236	218409017	32658
chr1	218376359	218576359	harbor1	chr1	218456410	218456469	DNA/hAT-Charlie	1095	-	30	218456440	80081
chr1	218376359	218576359	harbor1	chr1	218456840	218457131	DNA/hAT-Charlie	1095	-	146	218456986	80627
chr1	177992402	178192402	harbor1	chr1	178066323	178066630	DNA/hAT-Charlie	1570	-	154	178066477	74075
chr1	232605632	232805632	harbor1	chr1	232637523	232637739	DNA/hAT-Charlie	1223	-	108	232637631	31999
chr1	232046476	232246476	harbor1	chr1	232058829	232058987	DNA/hAT-Charlie	467	-	79	232058908	12432
chr1	232046476	232246476	harbor1	chr1	232085948	232086265	DNA/hAT-Charlie	1217	-	158	232086106	39630
chr1	101969950	102169950	harbor1	chr1	102041273	102041455	DNA/hAT-Charlie	849	-	91	102041364	71414
chr1	220727059	220927059	harbor1	chr1	220789338	220789543	DNA/hAT-Charlie	1468	-	102	220789440	62381
chr1	220727059	220927059	harbor1	chr1	220795395	220795553	DNA/hAT-Charlie	501	-	79	220795474	68415
chr1	220727059	220927059	harbor1	chr1	220795667	220795962	DNA/hAT-Charlie	711	-	148	220795815	68756
chr1	85104441	85304441	harbor1	chr1	85115634	85115947	DNA/hAT-Charlie	1454	-	156	85115790	11349
chr1	85104441	85304441	harbor1	chr1	85116428	85116946	DNA/hAT-Charlie	1299	-	259	85116687	12246
chr1	66266203	66466203	harbor1	chr1	66295266	66295421	DNA/hAT-Charlie	492	-	78	66295344	29141
chr1	66266203	66466203	harbor1	chr1	66318618	66318914	DNA/hAT-Charlie	1156	-	148	66318766	52563
chr1	1690039	1890039	harbor1	chr1	1733898	1734067	DNA/hAT-Charlie	494	-	84	1733982	43943
chr1	163133149	163333149	harbor1	chr1	163180466	163180551	DNA/hAT-Charlie	505	-	42	163180508	47359
chr1	241728723	241928723	harbor1	chr1	241808676	241808837	DNA/hAT-Charlie	712	-	80	241808756	80033
chr1	168659160	168859160	harbor1	chr1	168728364	168728613	DNA/hAT-Charlie	641	-	124	168728488	69328
chr1	168659160	168859160	harbor1	chr1	168735051	168735241	DNA/hAT-Charlie	1220	-	95	168735146	75986
chr1	168659160	168859160	harbor1	chr1	168753337	168753482	DNA/hAT-Charlie	492	-	72	168753409	94249
chr1	178975873	179175873	harbor1	chr1	179004078	179004215	DNA/hAT-Charlie	571	-	68	179004146	28273
chr1	178975873	179175873	harbor1	chr1	179057970	179058427	DNA/hAT-Charlie	1817	-	228	179058198	82325
chr1	114328488	114528488	harbor1	chr1	114426278	114426436	DNA/hAT-Charlie	581	-	79	114426357	97869
chr1	73697291	73897291	harbor1	chr1	73717948	73718138	DNA/hAT-Charlie	705	-	95	73718043	20752
chr1	73697291	73897291	harbor1	chr1	73718478	73718515	DNA/hAT-Charlie	705	-	18	73718496	21205
chr1	73697291	73897291	harbor1	chr1	73745649	73745877	DNA/hAT-Charlie	636	-	114	73745763	48472
chr1	71055478	71255478	harbor1	chr1	71089694	71089787	DNA/hAT-Charlie	415	-	46	71089740	34262
chr1	71055478	71255478	harbor1	chr1	71108153	71108717	DNA/hAT-Charlie	1066	-	282	71108435	52957
chr1	71055478	71255478	harbor1	chr1	71112366	71112649	DNA/hAT-Charlie	1554	-	142	71112508	57030
chr1	71055478	71255478	harbor1	chr1	71112652	71112872	DNA/hAT-Charlie	617	-	110	71112762	57284
chr1	28184684	28384684	harbor1	chr1	28264618	28264815	DNA/hAT-Charlie	931	-	98	28264716	80032
chr1	172311620	172511620	harbor1	chr1	172337394	172337669	DNA/hAT-Charlie	489	-	138	172337532	25912
chr1	172311620	172511620	harbor1	chr1	172390429	172390626	DNA/hAT-Charlie	916	-	98	172390527	78907
chr1	196591551	196791551	harbor1	chr1	196664429	196664630	DNA/hAT-Charlie	947	-	100	196664529	72978
chr1	184262829	184462829	harbor1	chr1	184300776	184300991	DNA/hAT-Charlie	1015	-	108	184300884	38055
chr1	184262829	184462829	harbor1	chr1	184326805	184326887	DNA/hAT-Charlie	454	-	41	184326846	64017
chr1	184262829	184462829	harbor1	chr1	184352825	184353007	DNA/hAT-Charlie	1000	-	91	184352916	90087
chr1	184262829	184462829	harbor1	chr1	184361860	184362106	DNA/hAT-Charlie	688	-	123	184361983	99154
chr1	28272919	28472919	harbor1	chr1	28324418	28324470	DNA/hAT-Charlie	548	-	26	28324444	51525
chr1	28272919	28472919	harbor1	chr1	28324776	28324802	DNA/hAT-Charlie	548	-	13	28324789	51870
chr1	28272919	28472919	harbor1	chr1	28325112	28325210	DNA/hAT-Charlie	548	-	49	28325161	52242
chr1	28272919	28472919	harbor1	chr1	28333871	28333963	DNA/hAT-Charlie	549	-	46	28333917	60998
chr1	28272919	28472919	harbor1	chr1	28334078	28334254	DNA/hAT-Charlie	549	-	88	28334166	61247
chr1	38930014	39130014	harbor1	chr1	38935088	38935287	DNA/hAT-Charlie	974	-	100	38935188	5174
chr1	38930014	39130014	harbor1	chr1	38937402	38937582	DNA/hAT-Charlie	498	-	90	38937492	7478
chr1	38930014	39130014	harbor1	chr1	38951075	38951285	DNA/hAT-Charlie	517	-	105	38951180	21166
chr1	38930014	39130014	harbor1	chr1	38998533	38998621	DNA/hAT-Charlie	796	-	44	38998577	68563
chr1	38930014	39130014	harbor1	chr1	38998887	38999014	DNA/hAT-Charlie	796	-	64	38998951	68937
chr1	215993077	216193077	harbor1	chr1	216068391	216068570	DNA/hAT-Charlie	720	-	90	216068481	75404
chr1	215993077	216193077	harbor1	chr1	216087542	216087685	DNA/hAT-Charlie	653	-	72	216087614	94537
chr1	39659410	39859410	harbor1	chr1	39670054	39670375	DNA/hAT-Charlie	815	-	160	39670214	10804
chr1	39659410	39859410	harbor1	chr1	39670371	39670569	DNA/hAT-Charlie	432	-	99	39670470	11060
chr1	39659410	39859410	harbor1	chr1	39738032	39738239	DNA/hAT-Charlie	1092	-	104	39738136	78726
chr1	39659410	39859410	harbor1	chr1	39738529	39738618	DNA/hAT-Charlie	1092	-	44	39738573	79163
chr1	39659410	39859410	harbor1	chr1	39750789	39751348	DNA/hAT-Charlie	1723	-	280	39751069	91659
chr1	39659410	39859410	harbor1	chr1	39751660	39751802	DNA/hAT-Charlie	1723	-	71	39751731	92321
chr1	39659410	39859410	harbor1	chr1	39752111	39752166	DNA/hAT-Charlie	1723	-	28	39752139	92729
chr1	216212967	216412967	harbor1	chr1	216222198	216222403	DNA/hAT-Charlie	990	-	102	216222300	9333
chr1	222042006	222242006	harbor1	chr1	222054713	222054945	DNA/hAT-Charlie	627	-	116	222054829	12823
chr1	222042006	222242006	harbor1	chr1	222066890	222067102	DNA/hAT-Charlie	1111	-	106	222066996	24990
chr1	222042006	222242006	harbor1	chr1	222070080	222070241	DNA/hAT-Charlie	499	-	80	222070160	28154
chr1	222042006	222242006	harbor1	chr1	222091594	222091841	DNA/hAT-Charlie	970	-	124	222091718	49712
chr1	222042006	222242006	harbor1	chr1	222111479	222111646	DNA/hAT-Charlie	844	-	84	222111563	69557
chr1	39546151	39746151	harbor1	chr1	39552086	39552239	DNA/hAT-Charlie	678	-	76	39552162	6011
chr1	39546151	39746151	harbor1	chr1	39552503	39552551	DNA/hAT-Charlie	678	-	24	39552527	6376
chr1	39546151	39746151	harbor1	chr1	39561213	39561322	DNA/hAT-Charlie	476	-	54	39561267	15116
chr1	39546151	39746151	harbor1	chr1	39577002	39577120	DNA/hAT-Charlie	440	-	59	39577061	30910
chr1	39546151	39746151	harbor1	chr1	39577419	39577829	DNA/hAT-Charlie	1011	-	205	39577624	31473
chr1	39546151	39746151	harbor1	chr1	39578125	39578259	DNA/hAT-Charlie	1011	-	67	39578192	32041
chr1	39546151	39746151	harbor1	chr1	39642678	39642892	DNA/hAT-Charlie	1246	-	107	39642785	96634
chr1	76437856	76637856	harbor1	chr1	76444877	76445091	DNA/hAT-Charlie	547	-	107	76444984	7128
chr1	76437856	76637856	harbor1	chr1	76476223	76476406	DNA/hAT-Charlie	817	-	92	76476315	38459
chr1	76437856	76637856	harbor1	chr1	76508104	76508406	DNA/hAT-Charlie	1802	-	151	76508255	70399
chr1	247605058	247805058	harbor1	chr1	247698640	247698759	DNA/hAT-Charlie	2286	-	60	247698700	93642
chr1	247605058	247805058	harbor1	chr1	247698807	247699039	DNA/hAT-Charlie	2286	-	116	247698923	93865
chr1	207841180	208041180	harbor1	chr1	207849983	207850219	DNA/hAT-Charlie	1058	-	118	207850101	8921
chr1	207841180	208041180	harbor1	chr1	207851714	207851876	DNA/hAT-Charlie	697	-	81	207851795	10615
chr1	207841180	208041180	harbor1	chr1	207853690	207853958	DNA/hAT-Charlie	693	-	134	207853824	12644
chr1	207841180	208041180	harbor1	chr1	207864880	207865097	DNA/hAT-Charlie	1029	-	108	207864988	23808
chr1	207841180	208041180	harbor1	chr1	207869709	207869863	DNA/hAT-Charlie	517	-	77	207869786	28606
chr1	207841180	208041180	harbor1	chr1	207880692	207880950	DNA/hAT-Charlie	1039	-	129	207880821	39641
chr1	207841180	208041180	harbor1	chr1	207880952	207881140	DNA/hAT-Charlie	766	-	94	207881046	39866
chr1	207841180	208041180	harbor1	chr1	207924427	207924591	DNA/hAT-Charlie	1010	-	82	207924509	83329
chr1	207841180	208041180	harbor1	chr1	207933011	207933204	DNA/hAT-Charlie	901	-	96	207933107	91927
chr1	113153566	113353566	harbor1	chr1	113218488	113218597	DNA/hAT-Charlie	491	-	54	113218542	64976
chr1	113153566	113353566	harbor1	chr1	113243192	113243371	DNA/hAT-Charlie	804	-	90	113243282	89716
chr1	113153566	113353566	harbor1	chr1	113248833	113248969	DNA/hAT-Charlie	472	-	68	113248901	95335
chr1	221498075	221698075	harbor1	chr1	221522828	221523021	DNA/hAT-Charlie	553	-	96	221522924	24849
chr1	221498075	221698075	harbor1	chr1	221557210	221557373	DNA/hAT-Charlie	694	-	82	221557292	59217
chr1	72901119	73101119	harbor1	chr1	72918760	72918915	DNA/hAT-Charlie	590	-	78	72918838	17719
chr1	72901119	73101119	harbor1	chr1	72928202	72928402	DNA/hAT-Charlie	701	-	100	72928302	27183
chr1	72901119	73101119	harbor1	chr1	72946275	72946489	DNA/hAT-Charlie	1148	-	107	72946382	45263
chr1	72901119	73101119	harbor1	chr1	72969038	72969366	DNA/hAT-Charlie	1833	-	164	72969202	68083
chr1	224477029	224677029	harbor1	chr1	224515204	224515380	DNA/hAT-Charlie	507	-	88	224515292	38263
chr1	224477029	224677029	harbor1	chr1	224515371	224515983	DNA/hAT-Charlie	1564	-	306	224515677	38648
chr1	224477029	224677029	harbor1	chr1	224519809	224519998	DNA/hAT-Charlie	1117	-	94	224519903	42874
chr1	224477029	224677029	harbor1	chr1	224556500	224556836	DNA/hAT-Charlie	2302	-	168	224556668	79639
chr1	16331144	16531144	harbor1	chr1	16389906	16390075	DNA/hAT-Charlie	673	-	84	16389990	58846
chr1	63671700	63871700	harbor1	chr1	63689789	63689931	DNA/hAT-Charlie	650	-	71	63689860	18160
chr1	63671700	63871700	harbor1	chr1	63703565	63703676	DNA/hAT-Charlie	436	-	56	63703621	31921
chr1	63671700	63871700	harbor1	chr1	63716536	63716686	DNA/hAT-Charlie	479	-	75	63716611	44911
chr1	63671700	63871700	harbor1	chr1	63759097	63759445	DNA/hAT-Charlie	763	-	174	63759271	87571
chr1	116219508	116419508	harbor1	chr1	116248214	116248342	DNA/hAT-Charlie	486	-	64	116248278	28770
chr1	116219508	116419508	harbor1	chr1	116248674	116248819	DNA/hAT-Charlie	486	-	72	116248746	29238
chr1	116219508	116419508	harbor1	chr1	116265918	116266122	DNA/hAT-Charlie	1541	-	102	116266020	46512
chr1	8854775	9054775	harbor1	chr1	8857375	8857539	DNA/hAT-Charlie	700	-	82	8857457	2682
chr1	8854775	9054775	harbor1	chr1	8930263	8930386	DNA/hAT-Charlie	599	-	62	8930325	75550
chr1	201894848	202094848	harbor1	chr1	201964446	201964605	DNA/hAT-Charlie	1018	-	80	201964526	69678
chr1	201894848	202094848	harbor1	chr1	201965224	201965298	DNA/hAT-Charlie	1018	-	37	201965261	70413
chr1	82411925	82611925	harbor1	chr1	82424127	82424298	DNA/hAT-Charlie	699	-	86	82424213	12288
chr1	82411925	82611925	harbor1	chr1	82430542	82430788	DNA/hAT-Charlie	1396	-	123	82430665	18740
chr1	82411925	82611925	harbor1	chr1	82431600	82431842	DNA/hAT-Charlie	1396	-	121	82431721	19796
chr1	82411925	82611925	harbor1	chr1	82458469	82458861	DNA/hAT-Charlie	1077	-	196	82458665	46740
chr1	168316166	168516166	harbor1	chr1	168378258	168378472	DNA/hAT-Charlie	545	-	107	168378365	62199
chr1	165883642	166083642	harbor1	chr1	165916650	165917110	DNA/hAT-Charlie	1760	-	230	165916880	33238
chr1	165883642	166083642	harbor1	chr1	165917256	165917301	DNA/hAT-Charlie	1020	-	22	165917278	33636
chr1	165883642	166083642	harbor1	chr1	165917574	165917816	DNA/hAT-Charlie	1020	-	121	165917695	34053
chr1	165883642	166083642	harbor1	chr1	165936910	165937121	DNA/hAT-Charlie	1165	-	106	165937016	53374
chr1	25414738	25614738	harbor1	chr1	25415839	25416023	DNA/hAT-Charlie	1068	-	92	25415931	1193
chr1	25414738	25614738	harbor1	chr1	25422714	25423035	DNA/hAT-Charlie	2109	-	160	25422874	8136
chr1	25414738	25614738	harbor1	chr1	25439691	25439736	DNA/hAT-Charlie	641	-	22	25439713	24975
chr1	25414738	25614738	harbor1	chr1	25440032	25440105	DNA/hAT-Charlie	641	-	36	25440068	25330
chr1	25414738	25614738	harbor1	chr1	25440436	25440485	DNA/hAT-Charlie	641	-	24	25440460	25722
chr1	25414738	25614738	harbor1	chr1	25442016	25442171	DNA/hAT-Charlie	625	-	78	25442094	27356
chr1	25414738	25614738	harbor1	chr1	25447303	25447807	DNA/hAT-Charlie	2402	-	252	25447555	32817
chr1	25414738	25614738	harbor1	chr1	25474141	25474328	DNA/hAT-Charlie	535	-	94	25474235	59497
chr1	25414738	25614738	harbor1	chr1	25493127	25493239	DNA/hAT-Charlie	1786	-	56	25493183	78445
chr1	25414738	25614738	harbor1	chr1	25493550	25493724	DNA/hAT-Charlie	1786	-	87	25493637	78899
chr1	25414738	25614738	harbor1	chr1	25494031	25494188	DNA/hAT-Charlie	1786	-	78	25494109	79371
chr1	25414738	25614738	harbor1	chr1	25503765	25503933	DNA/hAT-Charlie	780	-	84	25503849	89111
chr1	25414738	25614738	harbor1	chr1	25505266	25505438	DNA/hAT-Charlie	791	-	86	25505352	90614
chr1	6801081	7001081	harbor1	chr1	6815980	6816137	DNA/hAT-Charlie	765	-	78	6816058	14977
chr1	6801081	7001081	harbor1	chr1	6833338	6833912	DNA/hAT-Charlie	1080	-	287	6833625	32544
chr1	6801081	7001081	harbor1	chr1	6835473	6835616	DNA/hAT-Charlie	892	-	72	6835545	34464
chr1	6801081	7001081	harbor1	chr1	6883767	6884053	DNA/hAT-Charlie	659	-	143	6883910	82829
chr1	118740451	118940451	harbor1	chr1	118776430	118776652	DNA/hAT-Charlie	884	-	111	118776541	36090
chr1	118740451	118940451	harbor1	chr1	118822471	118822703	DNA/hAT-Charlie	491	-	116	118822587	82136
chr1	189566158	189766158	harbor1	chr1	189581537	189582408	DNA/hAT-Charlie	2557	-	436	189581973	15815
chr1	176908923	177108923	harbor1	chr1	176912201	176912525	DNA/hAT-Charlie	1628	-	162	176912363	3440
chr1	176908923	177108923	harbor1	chr1	176945170	176945523	DNA/hAT-Charlie	967	-	176	176945346	36423
chr1	176908923	177108923	harbor1	chr1	176982395	176982531	DNA/hAT-Charlie	743	-	68	176982463	73540
chr1	176908923	177108923	harbor1	chr1	176987185	176987408	DNA/hAT-Charlie	1146	-	112	176987297	78374
chr1	176908923	177108923	harbor1	chr1	176991877	176992065	DNA/hAT-Charlie	634	-	94	176991971	83048
chr1	107028936	107228936	harbor1	chr1	107048819	107049004	DNA/hAT-Charlie	949	-	92	107048911	19975
chr1	107028936	107228936	harbor1	chr1	107054954	107055122	DNA/hAT-Charlie	771	-	84	107055038	26102
chr1	107028936	107228936	harbor1	chr1	107089262	107089489	DNA/hAT-Charlie	739	-	114	107089376	60440
chr1	246147804	246347804	harbor1	chr1	246194631	246194828	DNA/hAT-Charlie	744	-	98	246194729	46925
chr1	17023977	17223977	harbor1	chr1	17096861	17097051	DNA/hAT-Charlie	1146	-	95	17096956	72979
chr1	17023977	17223977	harbor1	chr1	17111606	17111789	DNA/hAT-Charlie	930	-	92	17111698	87721
chr1	2780000	2980000	harbor1	chr1	2837122	2837652	DNA/hAT-Charlie	3389	-	265	2837387	57387
chr1	2780000	2980000	harbor1	chr1	2855151	2855434	DNA/hAT-Charlie	462	-	142	2855293	75293
chr1	163652398	163852398	harbor1	chr1	163668534	163668754	DNA/hAT-Charlie	1143	-	110	163668644	16246
chr1	163652398	163852398	harbor1	chr1	163746383	163746601	DNA/hAT-Charlie	977	-	109	163746492	94094
chr1	209267998	209467998	harbor1	chr1	209348485	209348627	DNA/hAT-Charlie	1216	-	71	209348556	80558
chr1	173924652	174124652	harbor1	chr1	173960316	173960581	DNA/hAT-Charlie	958	-	132	173960448	35796
chr1	173924652	174124652	harbor1	chr1	173972922	173973162	DNA/hAT-Charlie	517	-	120	173973042	48390
chr1	173924652	174124652	harbor1	chr1	173978996	173979181	DNA/hAT-Charlie	898	-	92	173979088	54436
chr1	144908369	145108369	harbor1	chr1	144912518	144912722	DNA/hAT-Charlie	1090	-	102	144912620	4251
chr1	144908369	145108369	harbor1	chr1	144993263	144993407	DNA/hAT-Charlie	437	-	72	144993335	84966
chr1	144908369	145108369	harbor1	chr1	144994094	144994272	DNA/hAT-Charlie	803	-	89	144994183	85814
chr1	144908369	145108369	harbor1	chr1	145008222	145008395	DNA/hAT-Charlie	682	-	86	145008308	99939
chr1	65456012	65656012	harbor1	chr1	65468789	65469151	DNA/hAT-Charlie	664	-	181	65468970	12958
chr1	65456012	65656012	harbor1	chr1	65523106	65523300	DNA/hAT-Charlie	441	-	97	65523203	67191
chr1	65456012	65656012	harbor1	chr1	65523610	65523707	DNA/hAT-Charlie	441	-	48	65523658	67646
chr1	25654032	25854032	harbor1	chr1	25675940	25676096	DNA/hAT-Charlie	508	-	78	25676018	21986
chr1	226483174	226683174	harbor1	chr1	226555827	226556093	DNA/hAT-Charlie	1253	-	133	226555960	72786
chr1	226483174	226683174	harbor1	chr1	226570766	226570948	DNA/hAT-Charlie	1581	-	91	226570857	87683
chr1	226483174	226683174	harbor1	chr1	226571277	226571584	DNA/hAT-Charlie	1581	-	154	226571431	88257
chr1	154306693	154506693	harbor1	chr1	154336349	154336483	DNA/hAT-Charlie	961	-	67	154336416	29723
chr1	154306693	154506693	harbor1	chr1	154337098	154337235	DNA/hAT-Charlie	961	-	68	154337166	30473
chr1	154306693	154506693	harbor1	chr1	154357396	154357526	DNA/hAT-Charlie	543	-	65	154357461	50768
chr1	64581908	64781908	harbor1	chr1	64600878	64601060	DNA/hAT-Charlie	749	-	91	64600969	19061
chr1	64581908	64781908	harbor1	chr1	64637230	64637472	DNA/hAT-Charlie	813	-	121	64637351	55443
chr1	64581908	64781908	harbor1	chr1	64677649	64677799	DNA/hAT-Charlie	482	-	75	64677724	95816
chr1	190853712	191053712	harbor1	chr1	190898268	190898461	DNA/hAT-Charlie	730	-	96	190898364	44652
chr1	64527976	64727976	harbor1	chr1	64579070	64579293	DNA/hAT-Charlie	744	-	112	64579182	51206
chr1	64527976	64727976	harbor1	chr1	64580668	64580852	DNA/hAT-Charlie	761	-	92	64580760	52784
chr1	64527976	64727976	harbor1	chr1	64600878	64601060	DNA/hAT-Charlie	749	-	91	64600969	72993
chr1	81515461	81715461	harbor1	chr1	81538518	81538722	DNA/hAT-Charlie	1080	-	102	81538620	23159
chr1	81515461	81715461	harbor1	chr1	81539029	81539316	DNA/hAT-Charlie	1080	-	144	81539173	23712
chr1	81515461	81715461	harbor1	chr1	81548144	81548318	DNA/hAT-Charlie	439	-	87	81548231	32770
chr1	81515461	81715461	harbor1	chr1	81567200	81567401	DNA/hAT-Charlie	1126	-	100	81567300	51839
chr1	81515461	81715461	harbor1	chr1	81570876	81571041	DNA/hAT-Charlie	828	-	82	81570958	55497
chr1	81515461	81715461	harbor1	chr1	81592232	81592418	DNA/hAT-Charlie	749	-	93	81592325	76864
chr1	240926295	241126295	harbor1	chr1	240999274	240999474	DNA/hAT-Charlie	971	-	100	240999374	73079
chr1	240926295	241126295	harbor1	chr1	241000577	241000633	DNA/hAT-Charlie	690	-	28	241000605	74310
chr1	240926295	241126295	harbor1	chr1	241000956	241001078	DNA/hAT-Charlie	690	-	61	241001017	74722
chr1	240926295	241126295	harbor1	chr1	241008342	241008496	DNA/hAT-Charlie	761	-	77	241008419	82124
chr1	216128166	216328166	harbor1	chr1	216206289	216206630	DNA/hAT-Charlie	1896	-	170	216206459	78293
chr1	216128166	216328166	harbor1	chr1	216222198	216222403	DNA/hAT-Charlie	990	-	102	216222300	94134
chr1	73345949	73545949	harbor1	chr1	73388863	73389044	DNA/hAT-Charlie	755	-	90	73388953	43004
chr1	117182262	117382262	harbor1	chr1	117203798	117203946	DNA/hAT-Charlie	780	-	74	117203872	21610
chr1	117182262	117382262	harbor1	chr1	117239925	117240097	DNA/hAT-Charlie	872	-	86	117240011	57749
chr1	117182262	117382262	harbor1	chr1	117266162	117266226	DNA/hAT-Charlie	955	-	32	117266194	83932
chr1	117182262	117382262	harbor1	chr1	117266527	117266659	DNA/hAT-Charlie	955	-	66	117266593	84331
chr1	117182262	117382262	harbor1	chr1	117268157	117268437	DNA/hAT-Charlie	724	-	140	117268297	86035
chr1	147316360	147516360	harbor1	chr1	147331141	147331247	DNA/hAT-Charlie	564	-	53	147331194	14834
chr1	178927347	179127347	harbor1	chr1	178940525	178940652	DNA/hAT-Charlie	523	-	64	178940589	13242
chr1	178927347	179127347	harbor1	chr1	178958305	178958460	DNA/hAT-Charlie	806	-	78	178958383	31036
chr1	178927347	179127347	harbor1	chr1	179004078	179004215	DNA/hAT-Charlie	571	-	68	179004146	76799
chr1	6054318	6254318	harbor1	chr1	6061494	6061676	DNA/hAT-Charlie	761	-	91	6061585	7267
chr1	6054318	6254318	harbor1	chr1	6114388	6114659	DNA/hAT-Charlie	1226	-	136	6114524	60206
chr1	209716267	209916267	harbor1	chr1	209765290	209765386	DNA/hAT-Charlie	866	-	48	209765338	49071
chr1	209716267	209916267	harbor1	chr1	209765689	209765871	DNA/hAT-Charlie	866	-	91	209765780	49513
chr1	209716267	209916267	harbor1	chr1	209789858	209790040	DNA/hAT-Charlie	733	-	91	209789949	73682
chr1	209716267	209916267	harbor1	chr1	209814210	209814433	DNA/hAT-Charlie	516	-	112	209814322	98055
chr1	205897915	206097915	harbor1	chr1	205982871	205983009	DNA/hAT-Charlie	439	-	69	205982940	85025
chr1	205897915	206097915	harbor1	chr1	205983732	205983916	DNA/hAT-Charlie	416	-	92	205983824	85909
chr1	205897915	206097915	harbor1	chr1	205993108	205993311	DNA/hAT-Charlie	780	-	102	205993210	95295
chr1	69341619	69541619	harbor1	chr1	69353169	69353395	DNA/hAT-Charlie	1009	-	113	69353282	11663
chr1	160416622	160616622	harbor1	chr1	160418239	160418383	DNA/hAT-Charlie	757	-	72	160418311	1689
chr1	160416622	160616622	harbor1	chr1	160432983	160433111	DNA/hAT-Charlie	543	-	64	160433047	16425
chr1	160416622	160616622	harbor1	chr1	160482380	160482545	DNA/hAT-Charlie	488	-	82	160482462	65840
chr1	11670734	11870734	harbor1	chr1	11700458	11700632	DNA/hAT-Charlie	538	-	87	11700545	29811
chr1	11670734	11870734	harbor1	chr1	11705957	11706173	DNA/hAT-Charlie	1029	-	108	11706065	35331
chr1	11670734	11870734	harbor1	chr1	11722613	11722814	DNA/hAT-Charlie	1386	-	100	11722713	51979
chr1	11670734	11870734	harbor1	chr1	11723127	11723253	DNA/hAT-Charlie	1386	-	63	11723190	52456
chr1	11670734	11870734	harbor1	chr1	11727167	11727352	DNA/hAT-Charlie	725	-	92	11727259	56525
chr1	242162182	242362182	harbor1	chr1	242180579	242180702	DNA/hAT-Charlie	672	-	62	242180641	18459
chr1	242162182	242362182	harbor1	chr1	242181026	242181093	DNA/hAT-Charlie	672	-	34	242181060	18878
chr1	242162182	242362182	harbor1	chr1	242181104	242181275	DNA/hAT-Charlie	868	-	86	242181190	19008
chr1	242162182	242362182	harbor1	chr1	242183527	242183613	DNA/hAT-Charlie	1784	-	43	242183570	21388
chr1	242162182	242362182	harbor1	chr1	242183925	242184361	DNA/hAT-Charlie	1784	-	218	242184143	21961
chr1	179014859	179214859	harbor1	chr1	179057970	179058427	DNA/hAT-Charlie	1817	-	228	179058198	43339
chr1	179014859	179214859	harbor1	chr1	179079171	179079285	DNA/hAT-Charlie	601	-	57	179079228	64369
chr1	242712184	242912184	harbor1	chr1	242721445	242721641	DNA/hAT-Charlie	703	-	98	242721543	9359
chr1	242712184	242912184	harbor1	chr1	242744409	242744563	DNA/hAT-Charlie	422	-	77	242744486	32302
chr1	242712184	242912184	harbor1	chr1	242801124	242801418	DNA/hAT-Charlie	572	-	147	242801271	89087
chr1	242712184	242912184	harbor1	chr1	242806430	242806584	DNA/hAT-Charlie	598	-	77	242806507	94323
chr1	12486851	12686851	harbor1	chr1	12492404	12492492	DNA/hAT-Charlie	562	-	44	12492448	5597
chr1	12486851	12686851	harbor1	chr1	12526313	12526351	DNA/hAT-Charlie	853	-	19	12526332	39481
chr1	12486851	12686851	harbor1	chr1	12526595	12526626	DNA/hAT-Charlie	853	-	16	12526611	39760
chr1	12486851	12686851	harbor1	chr1	12527260	12527524	DNA/hAT-Charlie	853	-	132	12527392	40541
chr1	12486851	12686851	harbor1	chr1	12582006	12582228	DNA/hAT-Charlie	817	-	111	12582117	95266
chr1	6013367	6213367	harbor1	chr1	6018238	6018358	DNA/hAT-Charlie	539	-	60	6018298	4931
chr1	6013367	6213367	harbor1	chr1	6018885	6019009	DNA/hAT-Charlie	711	-	62	6018947	5580
chr1	6013367	6213367	harbor1	chr1	6019321	6019395	DNA/hAT-Charlie	711	-	37	6019358	5991
chr1	6013367	6213367	harbor1	chr1	6036864	6037060	DNA/hAT-Charlie	945	-	98	6036962	23595
chr1	6013367	6213367	harbor1	chr1	6061494	6061676	DNA/hAT-Charlie	761	-	91	6061585	48218
chr1	5725143	5925143	harbor1	chr1	5726563	5726753	DNA/hAT-Charlie	619	-	95	5726658	1515
chr1	5725143	5925143	harbor1	chr1	5740514	5740677	DNA/hAT-Charlie	763	-	82	5740596	15453
chr1	5725143	5925143	harbor1	chr1	5786080	5786320	DNA/hAT-Charlie	1204	-	120	5786200	61057
chr1	5725143	5925143	harbor1	chr1	5806564	5806701	DNA/hAT-Charlie	699	-	68	5806632	81489
chr1	82454501	82654501	harbor1	chr1	82458469	82458861	DNA/hAT-Charlie	1077	-	196	82458665	4164
chr1	44151458	44351458	harbor1	chr1	44217021	44217275	DNA/hAT-Charlie	729	-	127	44217148	65690
chr1	7734383	7934383	harbor1	chr1	7740190	7740405	DNA/hAT-Charlie	836	-	108	7740298	5915
chr1	7734383	7934383	harbor1	chr1	7757192	7757408	DNA/hAT-Charlie	1120	-	108	7757300	22917
chr1	7734383	7934383	harbor1	chr1	7802710	7802856	DNA/hAT-Charlie	442	-	73	7802783	68400
chr1	7734383	7934383	harbor1	chr1	7818655	7818838	DNA/hAT-Charlie	700	-	92	7818747	84364
chr1	33597795	33797795	harbor1	chr1	33601762	33601949	DNA/hAT-Charlie	915	-	94	33601856	4061
chr1	33597795	33797795	harbor1	chr1	33661355	33661616	DNA/hAT-Charlie	460	-	130	33661485	63690
chr1	40991263	41191263	harbor1	chr1	40994970	40995144	DNA/hAT-Charlie	955	-	87	40995057	3794
chr1	40991263	41191263	harbor1	chr1	41088975	41089119	DNA/hAT-Charlie	641	-	72	41089047	97784
chr1	40991263	41191263	harbor1	chr1	41090110	41090529	DNA/hAT-Charlie	1811	-	210	41090320	99057
chr1	177458807	177658807	harbor1	chr1	177460902	177461124	DNA/hAT-Charlie	924	-	111	177461013	2206
chr1	177458807	177658807	harbor1	chr1	177471637	177471821	DNA/hAT-Charlie	629	-	92	177471729	12922
chr1	177458807	177658807	harbor1	chr1	177545574	177545785	DNA/hAT-Charlie	499	-	106	177545680	86873
chr1	246719106	246919106	harbor1	chr1	246730459	246730754	DNA/hAT-Charlie	484	-	148	246730607	11501
chr1	246719106	246919106	harbor1	chr1	246763000	246763098	DNA/hAT-Charlie	495	-	49	246763049	43943
chr1	246719106	246919106	harbor1	chr1	246773259	246773405	DNA/hAT-Charlie	778	-	73	246773332	54226
chr1	246719106	246919106	harbor1	chr1	246773406	246773590	DNA/hAT-Charlie	963	-	92	246773498	54392
chr1	246719106	246919106	harbor1	chr1	246773591	246773623	DNA/hAT-Charlie	778	-	16	246773607	54501
chr1	46107497	46307497	harbor1	chr1	46199429	46199580	DNA/hAT-Charlie	866	-	76	46199505	92008
chr1	201915938	202115938	harbor1	chr1	201964446	201964605	DNA/hAT-Charlie	1018	-	80	201964526	48588
chr1	201915938	202115938	harbor1	chr1	201965224	201965298	DNA/hAT-Charlie	1018	-	37	201965261	49323
chr1	25890385	26090385	harbor1	chr1	25893135	25893326	DNA/hAT-Charlie	614	-	96	25893231	2846
chr1	25890385	26090385	harbor1	chr1	25895500	25895787	DNA/hAT-Charlie	642	-	144	25895644	5259
chr1	25890385	26090385	harbor1	chr1	25948788	25948959	DNA/hAT-Charlie	640	-	86	25948874	58489
chr1	25890385	26090385	harbor1	chr1	25949973	25950107	DNA/hAT-Charlie	596	-	67	25950040	59655
chr1	165274943	165474943	harbor1	chr1	165294605	165294681	DNA/hAT-Charlie	485	-	38	165294643	19700
chr1	165274943	165474943	harbor1	chr1	165294979	165295054	DNA/hAT-Charlie	485	-	38	165295017	20074
chr1	165274943	165474943	harbor1	chr1	165297246	165297383	DNA/hAT-Charlie	554	-	68	165297314	22371
chr1	165274943	165474943	harbor1	chr1	165323332	165323622	DNA/hAT-Charlie	426	-	145	165323477	48534
chr1	38673487	38873487	harbor1	chr1	38697511	38697687	DNA/hAT-Charlie	574	-	88	38697599	24112
chr1	216396949	216596949	harbor1	chr1	216478190	216478496	DNA/hAT-Charlie	1755	-	153	216478343	81394
chr1	165907007	166107007	harbor1	chr1	165916650	165917110	DNA/hAT-Charlie	1760	-	230	165916880	9873
chr1	165907007	166107007	harbor1	chr1	165917256	165917301	DNA/hAT-Charlie	1020	-	22	165917278	10271
chr1	165907007	166107007	harbor1	chr1	165917574	165917816	DNA/hAT-Charlie	1020	-	121	165917695	10688
chr1	165907007	166107007	harbor1	chr1	165936910	165937121	DNA/hAT-Charlie	1165	-	106	165937016	30009
chr1	19764369	19964369	harbor1	chr1	19768749	19768905	DNA/hAT-Charlie	498	-	78	19768827	4458
chr1	19764369	19964369	harbor1	chr1	19769806	19769879	DNA/hAT-Charlie	455	-	36	19769842	5473
chr1	19764369	19964369	harbor1	chr1	19779995	19780204	DNA/hAT-Charlie	1336	-	104	19780099	15730
chr1	19764369	19964369	harbor1	chr1	19780330	19780451	DNA/hAT-Charlie	790	-	60	19780390	16021
chr1	19764369	19964369	harbor1	chr1	19784746	19784981	DNA/hAT-Charlie	1549	-	118	19784864	20495
chr1	19764369	19964369	harbor1	chr1	19822596	19822835	DNA/hAT-Charlie	654	-	120	19822716	58347
chr1	185302696	185502696	harbor1	chr1	185308183	185308378	DNA/hAT-Charlie	831	-	98	185308281	5585
chr1	185302696	185502696	harbor1	chr1	185338769	185339073	DNA/hAT-Charlie	784	-	152	185338921	36225
chr1	185302696	185502696	harbor1	chr1	185346815	185346880	DNA/hAT-Charlie	411	-	32	185346847	44151
chr1	185302696	185502696	harbor1	chr1	185375999	185376207	DNA/hAT-Charlie	1071	-	104	185376103	73407
chr1	185302696	185502696	harbor1	chr1	185386515	185386892	DNA/hAT-Charlie	863	-	188	185386703	84007
chr1	185302696	185502696	harbor1	chr1	185387003	185387073	DNA/hAT-Charlie	760	-	35	185387038	84342
chr1	185302696	185502696	harbor1	chr1	185391268	185391514	DNA/hAT-Charlie	703	-	123	185391391	88695
chr1	185302696	185502696	harbor1	chr1	185397218	185397431	DNA/hAT-Charlie	1194	-	106	185397324	94628
chr1	90126780	90326780	harbor1	chr1	90202968	90203145	DNA/hAT-Charlie	803	-	88	90203056	76276
chr1	108874438	109074438	harbor1	chr1	108902418	108902604	DNA/hAT-Charlie	833	-	93	108902511	28073
chr1	108874438	109074438	harbor1	chr1	108929049	108929235	DNA/hAT-Charlie	787	-	93	108929142	54704
chr1	108874438	109074438	harbor1	chr1	108952954	108953113	DNA/hAT-Charlie	990	-	80	108953034	78596
chr1	108874438	109074438	harbor1	chr1	108961271	108961392	DNA/hAT-Charlie	483	-	60	108961331	86893
chr1	108874438	109074438	harbor1	chr1	108963593	108963725	DNA/hAT-Charlie	445	-	66	108963659	89221
chr1	115023293	115223293	harbor1	chr1	115086796	115086908	DNA/hAT-Charlie	1042	-	56	115086852	63559
chr1	115023293	115223293	harbor1	chr1	115087219	115087294	DNA/hAT-Charlie	1042	-	38	115087257	63964
chr1	115023293	115223293	harbor1	chr1	115093350	115093546	DNA/hAT-Charlie	2464	-	98	115093448	70155
chr1	115023293	115223293	harbor1	chr1	115093851	115094097	DNA/hAT-Charlie	2464	-	123	115093974	70681
chr1	115023293	115223293	harbor1	chr1	115094098	115094290	DNA/hAT-Charlie	1154	-	96	115094194	70901
chr1	115023293	115223293	harbor1	chr1	115094291	115094663	DNA/hAT-Charlie	2464	-	186	115094477	71184
chr1	115023293	115223293	harbor1	chr1	115094857	115094909	DNA/hAT-Charlie	544	-	26	115094883	71590
chr1	115023293	115223293	harbor1	chr1	115095209	115095298	DNA/hAT-Charlie	544	-	44	115095253	71960
chr1	115023293	115223293	harbor1	chr1	115095321	115095546	DNA/hAT-Charlie	583	-	112	115095433	72140
chr1	3030817	3230817	harbor1	chr1	3113577	3113765	DNA/hAT-Charlie	441	-	94	3113671	82854
chr1	243260514	243460514	harbor1	chr1	243317798	243317913	DNA/hAT-Charlie	563	-	58	243317856	57342
chr1	243260514	243460514	harbor1	chr1	243320987	243321197	DNA/hAT-Charlie	1089	-	105	243321092	60578
chr1	33130703	33330703	harbor1	chr1	33132258	33132462	DNA/hAT-Charlie	837	-	102	33132360	1657
chr1	33130703	33330703	harbor1	chr1	33169669	33169856	DNA/hAT-Charlie	921	-	94	33169763	39060
chr1	156942486	157142486	harbor1	chr1	156966291	156966527	DNA/hAT-Charlie	649	-	118	156966409	23923
chr1	66637003	66837003	harbor1	chr1	66685679	66685872	DNA/hAT-Charlie	744	-	96	66685775	48772
chr1	66637003	66837003	harbor1	chr1	66707779	66708023	DNA/hAT-Charlie	563	-	122	66707901	70898
chr1	89888525	90088525	harbor1	chr1	89931358	89931454	DNA/hAT-Charlie	424	-	48	89931406	42881
chr1	165988721	166188721	harbor1	chr1	166059398	166059555	DNA/hAT-Charlie	539	-	78	166059476	70755
chr1	108719431	108919431	harbor1	chr1	108735488	108735779	DNA/hAT-Charlie	1368	-	146	108735634	16203
chr1	108719431	108919431	harbor1	chr1	108737818	108737990	DNA/hAT-Charlie	837	-	86	108737904	18473
chr1	108719431	108919431	harbor1	chr1	108738002	108738166	DNA/hAT-Charlie	608	-	82	108738084	18653
chr1	108719431	108919431	harbor1	chr1	108749814	108750070	DNA/hAT-Charlie	683	-	128	108749942	30511
chr1	108719431	108919431	harbor1	chr1	108795292	108795381	DNA/hAT-Charlie	996	-	44	108795336	75905
chr1	108719431	108919431	harbor1	chr1	108795512	108795711	DNA/hAT-Charlie	996	-	100	108795612	76181
chr1	75177820	75377820	harbor1	chr1	75193359	75193517	DNA/hAT-Charlie	735	-	79	75193438	15618
chr1	75177820	75377820	harbor1	chr1	75254883	75255019	DNA/hAT-Charlie	751	-	68	75254951	77131
chr1	7395	207395	harbor1	chr1	46893	47092	DNA/hAT-Charlie	875	-	100	46993	39598
chr1	234961020	235161020	harbor1	chr1	234984053	234984266	DNA/hAT-Charlie	1111	-	106	234984159	23139
chr1	234961020	235161020	harbor1	chr1	235028227	235028332	DNA/hAT-Charlie	516	-	52	235028279	67259
chr1	30654731	30854731	harbor1	chr1	30704068	30704359	DNA/hAT-Charlie	428	-	146	30704214	49483
chr1	30654731	30854731	harbor1	chr1	30744811	30745021	DNA/hAT-Charlie	426	-	105	30744916	90185
chr1	87886192	88086192	harbor1	chr1	87890325	87890892	DNA/hAT-Charlie	1165	-	284	87890609	4417
chr1	87886192	88086192	harbor1	chr1	87891221	87891311	DNA/hAT-Charlie	1165	-	45	87891266	5074
chr1	87886192	88086192	harbor1	chr1	87954507	87954683	DNA/hAT-Charlie	749	-	88	87954595	68403
chr1	87886192	88086192	harbor1	chr1	87978832	87979092	DNA/hAT-Charlie	998	-	130	87978962	92770
chr1	18061130	18261130	harbor1	chr1	18068396	18068552	DNA/hAT-Charlie	845	-	78	18068474	7344
chr1	18061130	18261130	harbor1	chr1	18084286	18084781	DNA/hAT-Charlie	1133	-	248	18084534	23404
chr1	18061130	18261130	harbor1	chr1	18119298	18119501	DNA/hAT-Charlie	540	-	102	18119400	58270
chr1	54878262	55078262	harbor1	chr1	54895193	54895390	DNA/hAT-Charlie	983	-	98	54895291	17029
chr1	54878262	55078262	harbor1	chr1	54905145	54905487	DNA/hAT-Charlie	1046	-	171	54905316	27054
chr1	54878262	55078262	harbor1	chr1	54925775	54925924	DNA/hAT-Charlie	556	-	74	54925849	47587
chr1	54878262	55078262	harbor1	chr1	54967952	54968146	DNA/hAT-Charlie	1300	-	97	54968049	89787
chr1	54878262	55078262	harbor1	chr1	54968442	54968567	DNA/hAT-Charlie	1300	-	62	54968504	90242
chr1	54878262	55078262	harbor1	chr1	54976363	54976562	DNA/hAT-Charlie	1153	-	100	54976463	98201
chr1	54878262	55078262	harbor1	chr1	54976866	54976983	DNA/hAT-Charlie	1153	-	58	54976924	98662
chr1	189641690	189841690	harbor1	chr1	189737431	189737606	DNA/hAT-Charlie	520	-	88	189737519	95829
chr1	89763762	89963762	harbor1	chr1	89811835	89811960	DNA/hAT-Charlie	479	-	62	89811897	48135
chr1	89763762	89963762	harbor1	chr1	89830659	89830826	DNA/hAT-Charlie	738	-	84	89830743	66981
chr1	108896613	109096613	harbor1	chr1	108902418	108902604	DNA/hAT-Charlie	833	-	93	108902511	5898
chr1	108896613	109096613	harbor1	chr1	108929049	108929235	DNA/hAT-Charlie	787	-	93	108929142	32529
chr1	108896613	109096613	harbor1	chr1	108952954	108953113	DNA/hAT-Charlie	990	-	80	108953034	56421
chr1	108896613	109096613	harbor1	chr1	108961271	108961392	DNA/hAT-Charlie	483	-	60	108961331	64718
chr1	108896613	109096613	harbor1	chr1	108963593	108963725	DNA/hAT-Charlie	445	-	66	108963659	67046
chr1	100186916	100386916	harbor1	chr1	100197096	100197275	DNA/hAT-Charlie	621	-	90	100197186	10270
chr1	100186916	100386916	harbor1	chr1	100253027	100253188	DNA/hAT-Charlie	721	-	80	100253107	66191
chr1	88961134	89161134	harbor1	chr1	88971451	88971682	DNA/hAT-Charlie	607	-	116	88971567	10433
chr1	88961134	89161134	harbor1	chr1	89013467	89013646	DNA/hAT-Charlie	792	-	90	89013557	52423
chr1	88961134	89161134	harbor1	chr1	89058279	89058493	DNA/hAT-Charlie	1048	-	107	89058386	97252
chr1	186223348	186423348	harbor1	chr1	186316977	186317220	DNA/hAT-Charlie	567	-	122	186317099	93751
chr1	74488833	74688833	harbor1	chr1	74517769	74517949	DNA/hAT-Charlie	898	-	90	74517859	29026
chr1	74488833	74688833	harbor1	chr1	74544935	74545053	DNA/hAT-Charlie	610	-	59	74544994	56161
chr1	74488833	74688833	harbor1	chr1	74545526	74545610	DNA/hAT-Charlie	456	-	42	74545568	56735
chr1	74488833	74688833	harbor1	chr1	74550022	74550195	DNA/hAT-Charlie	830	-	86	74550108	61275
chr1	74488833	74688833	harbor1	chr1	74562077	74562229	DNA/hAT-Charlie	549	-	76	74562153	73320
chr1	74488833	74688833	harbor1	chr1	74565125	74565356	DNA/hAT-Charlie	3073	-	116	74565241	76408
chr1	74488833	74688833	harbor1	chr1	74565762	74566498	DNA/hAT-Charlie	3073	-	368	74566130	77297
chr1	74488833	74688833	harbor1	chr1	74568830	74568993	DNA/hAT-Charlie	517	-	82	74568912	80079
chr1	56585265	56785265	harbor1	chr1	56586305	56586816	DNA/hAT-Charlie	3792	-	256	56586561	1296
chr1	56585265	56785265	harbor1	chr1	56675573	56675828	DNA/hAT-Charlie	734	-	128	56675701	90436
chr1	56585265	56785265	harbor1	chr1	56682780	56682976	DNA/hAT-Charlie	989	-	98	56682878	97613
chr1	44480989	44680989	harbor1	chr1	44498437	44498619	DNA/hAT-Charlie	499	-	91	44498528	17539
chr1	44480989	44680989	harbor1	chr1	44498680	44498863	DNA/hAT-Charlie	806	-	92	44498772	17783
chr1	44480989	44680989	harbor1	chr1	44564287	44564467	DNA/hAT-Charlie	682	-	90	44564377	83388
chr1	67190858	67390858	harbor1	chr1	67216455	67216750	DNA/hAT-Charlie	1340	-	148	67216603	25745
chr1	101379637	101579637	harbor1	chr1	101388955	101389132	DNA/hAT-Charlie	998	-	88	101389043	9406
chr1	101379637	101579637	harbor1	chr1	101435041	101435201	DNA/hAT-Charlie	658	-	80	101435121	55484
chr1	55790704	55990704	harbor1	chr1	55831564	55831747	DNA/hAT-Charlie	900	-	92	55831656	40952
chr1	112505649	112705649	harbor1	chr1	112512353	112512497	DNA/hAT-Charlie	779	-	72	112512425	6776
chr1	112505649	112705649	harbor1	chr1	112519157	112519347	DNA/hAT-Charlie	616	-	95	112519252	13603
chr1	112505649	112705649	harbor1	chr1	112539124	112539281	DNA/hAT-Charlie	771	-	78	112539202	33553
chr1	112505649	112705649	harbor1	chr1	112553468	112553867	DNA/hAT-Charlie	1969	-	200	112553668	48019
chr1	112505649	112705649	harbor1	chr1	112593489	112593721	DNA/hAT-Charlie	714	-	116	112593605	87956
chr1	224340079	224540079	harbor1	chr1	224351422	224351643	DNA/hAT-Charlie	1291	-	110	224351532	11453
chr1	210248530	210448530	harbor1	chr1	210256550	210256661	DNA/hAT-Charlie	472	-	56	210256606	8076
chr1	210248530	210448530	harbor1	chr1	210257065	210257324	DNA/hAT-Charlie	1135	-	130	210257195	8665
chr1	210248530	210448530	harbor1	chr1	210275429	210275626	DNA/hAT-Charlie	973	-	98	210275527	26997
chr1	210248530	210448530	harbor1	chr1	210297349	210297519	DNA/hAT-Charlie	749	-	85	210297434	48904
chr1	210248530	210448530	harbor1	chr1	210313787	210314015	DNA/hAT-Charlie	580	-	114	210313901	65371
chr1	210248530	210448530	harbor1	chr1	210315539	210315641	DNA/hAT-Charlie	4662	-	51	210315590	67060
chr1	210248530	210448530	harbor1	chr1	210315943	210317157	DNA/hAT-Charlie	4662	-	607	210316550	68020
chr1	210248530	210448530	harbor1	chr1	210317375	210317721	DNA/hAT-Charlie	1271	-	173	210317548	69018
chr1	210248530	210448530	harbor1	chr1	210319014	210319106	DNA/hAT-Charlie	1957	-	46	210319060	70530
chr1	210248530	210448530	harbor1	chr1	210319426	210320059	DNA/hAT-Charlie	1957	-	316	210319742	71212
chr1	210248530	210448530	harbor1	chr1	210320367	210320507	DNA/hAT-Charlie	1957	-	70	210320437	71907
chr1	210248530	210448530	harbor1	chr1	210330709	210330814	DNA/hAT-Charlie	10411	-	52	210330761	82231
chr1	210248530	210448530	harbor1	chr1	210331122	210333295	DNA/hAT-Charlie	10411	-	1086	210332208	83678
chr1	210248530	210448530	harbor1	chr1	210333462	210333660	DNA/hAT-Charlie	957	-	99	210333561	85031
chr1	210248530	210448530	harbor1	chr1	210333956	210334085	DNA/hAT-Charlie	957	-	64	210334020	85490
chr1	202931084	203131084	harbor1	chr1	202977297	202977388	DNA/hAT-Charlie	1171	-	46	202977343	46259
chr1	202931084	203131084	harbor1	chr1	202978429	202978548	DNA/hAT-Charlie	1171	-	60	202978489	47405
chr1	202931084	203131084	harbor1	chr1	202999477	202999586	DNA/hAT-Charlie	511	-	54	202999531	68447
chr1	202931084	203131084	harbor1	chr1	203000400	203000511	DNA/hAT-Charlie	456	-	56	203000456	69372
chr1	202931084	203131084	harbor1	chr1	203003357	203003518	DNA/hAT-Charlie	462	-	80	203003437	72353
chr1	202931084	203131084	harbor1	chr1	203003813	203003865	DNA/hAT-Charlie	462	-	26	203003839	72755
chr1	202931084	203131084	harbor1	chr1	203004910	203005189	DNA/hAT-Charlie	665	-	140	203005050	73966
chr1	75750929	75950929	harbor1	chr1	75752271	75752473	DNA/hAT-Charlie	479	-	101	75752372	1443
chr1	75750929	75950929	harbor1	chr1	75772082	75772237	DNA/hAT-Charlie	604	-	78	75772160	21231
chr1	42260145	42460145	harbor1	chr1	42262912	42263144	DNA/hAT-Charlie	757	-	116	42263028	2883
chr1	42260145	42460145	harbor1	chr1	42312048	42312239	DNA/hAT-Charlie	656	-	96	42312144	51999
chr1	42260145	42460145	harbor1	chr1	42312358	42312428	DNA/hAT-Charlie	656	-	35	42312393	52248
chr1	168367675	168567675	harbor1	chr1	168436863	168437023	DNA/hAT-Charlie	825	-	80	168436943	69268
chr1	168367675	168567675	harbor1	chr1	168378258	168378472	DNA/hAT-Charlie	545	-	107	168378365	10690
chr1	56660058	56860058	harbor1	chr1	56675573	56675828	DNA/hAT-Charlie	734	-	128	56675701	15643
chr1	56660058	56860058	harbor1	chr1	56682780	56682976	DNA/hAT-Charlie	989	-	98	56682878	22820
chr1	56660058	56860058	harbor1	chr1	56703169	56703571	DNA/hAT-Charlie	1101	-	201	56703370	43312
chr1	56660058	56860058	harbor1	chr1	56703573	56703799	DNA/hAT-Charlie	1148	-	113	56703686	43628
chr1	56660058	56860058	harbor1	chr1	56710266	56710455	DNA/hAT-Charlie	518	-	94	56710360	50302
chr1	56660058	56860058	harbor1	chr1	56726718	56726858	DNA/hAT-Charlie	455	-	70	56726788	66730
chr1	65160720	65360720	harbor1	chr1	65234078	65234305	DNA/hAT-Charlie	634	-	114	65234192	73472
chr1	214556209	214756209	harbor1	chr1	214653671	214653825	DNA/hAT-Charlie	444	-	77	214653748	97539
chr1	55236310	55436310	harbor1	chr1	55240017	55240152	DNA/hAT-Charlie	529	-	68	55240085	3775
chr1	55236310	55436310	harbor1	chr1	55310006	55310135	DNA/hAT-Charlie	545	-	64	55310070	73760
chr1	55236310	55436310	harbor1	chr1	55315655	55315843	DNA/hAT-Charlie	754	-	94	55315749	79439
chr1	55236310	55436310	harbor1	chr1	55328691	55328836	DNA/hAT-Charlie	705	-	72	55328763	92453
chr1	211863063	212063063	harbor1	chr1	211898971	211899131	DNA/hAT-Charlie	696	-	80	211899051	35988
chr1	211863063	212063063	harbor1	chr1	211937255	211937308	DNA/hAT-Charlie	916	-	26	211937281	74218
chr1	211863063	212063063	harbor1	chr1	211937641	211937790	DNA/hAT-Charlie	916	-	74	211937715	74652
chr1	211863063	212063063	harbor1	chr1	211952097	211952279	DNA/hAT-Charlie	609	-	91	211952188	89125
chr1	26872073	27072073	harbor1	chr1	26878217	26878292	DNA/hAT-Charlie	601	-	38	26878255	6182
chr1	26872073	27072073	harbor1	chr1	26878581	26878605	DNA/hAT-Charlie	601	-	12	26878593	6520
chr1	26872073	27072073	harbor1	chr1	26878896	26879064	DNA/hAT-Charlie	601	-	84	26878980	6907
chr1	26872073	27072073	harbor1	chr1	26939699	26939858	DNA/hAT-Charlie	781	-	80	26939779	67706
chr2	42685366	42885366	harbor1	chr2	42706433	42706678	DNA/hAT-Charlie	712	-	122	42706555	21189
chr2	42685366	42885366	harbor1	chr2	42714654	42714980	DNA/hAT-Charlie	2046	-	163	42714817	29451
chr2	195754584	195954584	harbor1	chr2	195819813	195819982	DNA/hAT-Charlie	793	-	84	195819897	65313
chr2	195754584	195954584	harbor1	chr2	195831249	195831369	DNA/hAT-Charlie	430	-	60	195831309	76725
chr2	195754584	195954584	harbor1	chr2	195831969	195832215	DNA/hAT-Charlie	798	-	123	195832092	77508
chr2	134657306	134857306	harbor1	chr2	134664300	134664429	DNA/hAT-Charlie	694	-	64	134664364	7058
chr2	134657306	134857306	harbor1	chr2	134673054	134673210	DNA/hAT-Charlie	482	-	78	134673132	15826
chr2	134657306	134857306	harbor1	chr2	134682060	134682260	DNA/hAT-Charlie	1040	-	100	134682160	24854
chr2	134657306	134857306	harbor1	chr2	134698043	134698271	DNA/hAT-Charlie	1096	-	114	134698157	40851
chr2	134657306	134857306	harbor1	chr2	134726746	134726906	DNA/hAT-Charlie	795	-	80	134726826	69520
chr2	134657306	134857306	harbor1	chr2	134731862	134731988	DNA/hAT-Charlie	515	-	63	134731925	74619
chr2	163940225	164140225	harbor1	chr2	163999236	163999411	DNA/hAT-Charlie	836	-	88	163999324	59099
chr2	120540389	120740389	harbor1	chr2	120626962	120627123	DNA/hAT-Charlie	874	-	80	120627042	86653
chr2	120540389	120740389	harbor1	chr2	120618953	120619165	DNA/hAT-Charlie	720	-	106	120619059	78670
chr2	239159133	239359133	harbor1	chr2	239160099	239160400	DNA/hAT-Charlie	929	-	150	239160249	1116
chr2	74265851	74465851	harbor1	chr2	74271031	74271175	DNA/hAT-Charlie	775	-	72	74271103	5252
chr2	74265851	74465851	harbor1	chr2	74324419	74324563	DNA/hAT-Charlie	827	-	72	74324491	58640
chr2	74265851	74465851	harbor1	chr2	74354433	74354771	DNA/hAT-Charlie	2149	-	169	74354602	88751
chr2	9601477	9801477	harbor1	chr2	9603231	9603270	DNA/hAT-Charlie	624	-	20	9603251	1774
chr2	9601477	9801477	harbor1	chr2	9603574	9603640	DNA/hAT-Charlie	624	-	33	9603607	2130
chr2	9601477	9801477	harbor1	chr2	9603938	9604123	DNA/hAT-Charlie	624	-	92	9604030	2553
chr2	9601477	9801477	harbor1	chr2	9624492	9624708	DNA/hAT-Charlie	693	-	108	9624600	23123
chr2	42421341	42621341	harbor1	chr2	42476801	42476903	DNA/hAT-Charlie	512	-	51	42476852	55511
chr2	42421341	42621341	harbor1	chr2	42477215	42477295	DNA/hAT-Charlie	512	-	40	42477255	55914
chr2	42421341	42621341	harbor1	chr2	42477898	42478125	DNA/hAT-Charlie	859	-	114	42478012	56671
chr2	42421341	42621341	harbor1	chr2	42478126	42478239	DNA/hAT-Charlie	595	-	56	42478182	56841
chr2	42421341	42621341	harbor1	chr2	42480414	42480676	DNA/hAT-Charlie	1667	-	131	42480545	59204
chr2	202190276	202390276	harbor1	chr2	202203480	202203653	DNA/hAT-Charlie	710	-	86	202203566	13290
chr2	202190276	202390276	harbor1	chr2	202220338	202220514	DNA/hAT-Charlie	653	-	88	202220426	30150
chr2	202190276	202390276	harbor1	chr2	202236140	202236565	DNA/hAT-Charlie	1957	-	212	202236352	46076
chr2	202190276	202390276	harbor1	chr2	202247733	202247895	DNA/hAT-Charlie	881	-	81	202247814	57538
chr2	43870685	44070685	harbor1	chr2	43881824	43882038	DNA/hAT-Charlie	953	-	107	43881931	11246
chr2	43870685	44070685	harbor1	chr2	43909945	43910155	DNA/hAT-Charlie	627	-	105	43910050	39365
chr2	179468474	179668474	harbor1	chr2	179469190	179469412	DNA/hAT-Charlie	1543	-	111	179469301	827
chr2	179468474	179668474	harbor1	chr2	179475061	179475251	DNA/hAT-Charlie	736	-	95	179475156	6682
chr2	179468474	179668474	harbor1	chr2	179475550	179475576	DNA/hAT-Charlie	736	-	13	179475563	7089
chr2	5327766	5527766	harbor1	chr2	5352823	5353041	DNA/hAT-Charlie	998	-	109	5352932	25166
chr2	5327766	5527766	harbor1	chr2	5398021	5398237	DNA/hAT-Charlie	709	-	108	5398129	70363
chr2	76301164	76501164	harbor1	chr2	76381507	76381718	DNA/hAT-Charlie	776	-	106	76381613	80449
chr2	76301164	76501164	harbor1	chr2	76388582	76388805	DNA/hAT-Charlie	1480	-	112	76388694	87530
chr2	96046374	96246374	harbor1	chr2	96053653	96053733	DNA/hAT-Charlie	1095	-	40	96053693	7319
chr2	96046374	96246374	harbor1	chr2	96054044	96054272	DNA/hAT-Charlie	1095	-	114	96054158	7784
chr2	96046374	96246374	harbor1	chr2	96075441	96075626	DNA/hAT-Charlie	765	-	92	96075533	29159
chr2	96046374	96246374	harbor1	chr2	96141516	96141550	DNA/hAT-Charlie	2599	-	17	96141533	95159
chr2	96046374	96246374	harbor1	chr2	96141855	96142268	DNA/hAT-Charlie	2599	-	206	96142061	95687
chr2	34728845	34928845	harbor1	chr2	34824867	34825007	DNA/hAT-Charlie	524	-	70	34824937	96092
chr2	34728845	34928845	harbor1	chr2	34733882	34734096	DNA/hAT-Charlie	959	-	107	34733989	5144
chr2	42870195	43070195	harbor1	chr2	42914378	42914601	DNA/hAT-Charlie	992	-	112	42914490	44295
chr2	42870195	43070195	harbor1	chr2	42933188	42933272	DNA/hAT-Charlie	546	-	42	42933230	63035
chr2	42870195	43070195	harbor1	chr2	42933604	42933673	DNA/hAT-Charlie	546	-	34	42933638	63443
chr2	42870195	43070195	harbor1	chr2	42944604	42944831	DNA/hAT-Charlie	892	-	114	42944718	74523
chr2	113826643	114026643	harbor1	chr2	113925911	113926419	DNA/hAT-Charlie	1973	-	254	113926165	99522
chr2	182216821	182416821	harbor1	chr2	182224699	182224897	DNA/hAT-Charlie	857	-	99	182224798	7977
chr2	182216821	182416821	harbor1	chr2	182233231	182233429	DNA/hAT-Charlie	605	-	99	182233330	16509
chr2	182216821	182416821	harbor1	chr2	182305390	182305488	DNA/hAT-Charlie	482	-	49	182305439	88618
chr2	41892405	42092405	harbor1	chr2	41921709	41921858	DNA/hAT-Charlie	465	-	74	41921783	29378
chr2	41892405	42092405	harbor1	chr2	41930489	41930638	DNA/hAT-Charlie	935	-	74	41930563	38158
chr2	41892405	42092405	harbor1	chr2	41930642	41930793	DNA/hAT-Charlie	535	-	76	41930718	38313
chr2	41892405	42092405	harbor1	chr2	41930802	41930973	DNA/hAT-Charlie	863	-	86	41930888	38483
chr2	41892405	42092405	harbor1	chr2	41961724	41962005	DNA/hAT-Charlie	827	-	140	41961864	69459
chr2	25802089	26002089	harbor1	chr2	25803548	25803855	DNA/hAT-Charlie	1723	-	154	25803702	1613
chr2	25802089	26002089	harbor1	chr2	25864643	25864833	DNA/hAT-Charlie	487	-	95	25864738	62649
chr2	25802089	26002089	harbor1	chr2	25865122	25865148	DNA/hAT-Charlie	487	-	13	25865135	63046
chr2	25802089	26002089	harbor1	chr2	25865454	25865485	DNA/hAT-Charlie	487	-	16	25865470	63381
chr2	25802089	26002089	harbor1	chr2	25865803	25866037	DNA/hAT-Charlie	487	-	117	25865920	63831
chr2	71309543	71509543	harbor1	chr2	71353573	71353826	DNA/hAT-Charlie	645	-	126	71353699	44156
chr2	71309543	71509543	harbor1	chr2	71368719	71368894	DNA/hAT-Charlie	654	-	88	71368807	59264
chr2	7172265	7372265	harbor1	chr2	7236876	7237100	DNA/hAT-Charlie	550	-	112	7236988	64723
chr2	7172265	7372265	harbor1	chr2	7266292	7266484	DNA/hAT-Charlie	827	-	96	7266388	94123
chr2	199032208	199232208	harbor1	chr2	199069222	199069404	DNA/hAT-Charlie	939	-	91	199069313	37105
chr2	199032208	199232208	harbor1	chr2	199126948	199127121	DNA/hAT-Charlie	1005	-	86	199127034	94826
chr2	197224648	197424648	harbor1	chr2	197295277	197295582	DNA/hAT-Charlie	1526	-	152	197295429	70781
chr2	197224648	197424648	harbor1	chr2	197312620	197313046	DNA/hAT-Charlie	1530	-	213	197312833	88185
chr2	197224648	197424648	harbor1	chr2	197319317	197319568	DNA/hAT-Charlie	611	-	126	197319443	94795
chr2	136206040	136406040	harbor1	chr2	136216779	136216925	DNA/hAT-Charlie	600	-	73	136216852	10812
chr2	136206040	136406040	harbor1	chr2	136246879	136247098	DNA/hAT-Charlie	902	-	110	136246989	40949
chr2	136206040	136406040	harbor1	chr2	136247320	136247451	DNA/hAT-Charlie	902	-	66	136247386	41346
chr2	136206040	136406040	harbor1	chr2	136278629	136278831	DNA/hAT-Charlie	715	-	101	136278730	72690
chr2	136206040	136406040	harbor1	chr2	136295201	136295437	DNA/hAT-Charlie	955	-	118	136295319	89279
chr2	213233812	213433812	harbor1	chr2	213255124	213255333	DNA/hAT-Charlie	882	-	104	213255228	21416
chr2	213233812	213433812	harbor1	chr2	213289048	213289201	DNA/hAT-Charlie	738	-	76	213289124	55312
chr2	213233812	213433812	harbor1	chr2	213309183	213309331	DNA/hAT-Charlie	637	-	74	213309257	75445
chr2	31894075	32094075	harbor1	chr2	31896352	31896565	DNA/hAT-Charlie	796	-	106	31896458	2383
chr2	31894075	32094075	harbor1	chr2	31904503	31904707	DNA/hAT-Charlie	1181	-	102	31904605	10530
chr2	31894075	32094075	harbor1	chr2	31947971	31948115	DNA/hAT-Charlie	601	-	72	31948043	53968
chr2	223285718	223485718	harbor1	chr2	223287116	223287521	DNA/hAT-Charlie	1034	-	202	223287318	1600
chr2	223285718	223485718	harbor1	chr2	223316288	223316767	DNA/hAT-Charlie	1106	-	240	223316528	30810
chr2	223285718	223485718	harbor1	chr2	223365976	223366151	DNA/hAT-Charlie	975	-	88	223366064	80346
chr2	223285718	223485718	harbor1	chr2	223385630	223385787	DNA/hAT-Charlie	636	-	78	223385708	99990
chr2	67017761	67217761	harbor1	chr2	67046027	67046241	DNA/hAT-Charlie	905	-	107	67046134	28373
chr2	9046979	9246979	harbor1	chr2	9047170	9047356	DNA/hAT-Charlie	638	-	93	9047263	284
chr2	9046979	9246979	harbor1	chr2	9129314	9129764	DNA/hAT-Charlie	1756	-	225	9129539	82560
chr2	9046979	9246979	harbor1	chr2	9132724	9133222	DNA/hAT-Charlie	3623	-	249	9132973	85994
chr2	119632942	119832942	harbor1	chr2	119643438	119643546	DNA/hAT-Charlie	517	-	54	119643492	10550
chr2	119632942	119832942	harbor1	chr2	119678135	119678204	DNA/hAT-Charlie	438	-	34	119678169	45227
chr2	119632942	119832942	harbor1	chr2	119718913	119719063	DNA/hAT-Charlie	786	-	75	119718988	86046
chr2	119632942	119832942	harbor1	chr2	119730533	119730650	DNA/hAT-Charlie	565	-	58	119730591	97649
chr2	240602160	240802160	harbor1	chr2	240622429	240622631	DNA/hAT-Charlie	1298	-	101	240622530	20370
chr2	179842190	180042190	harbor1	chr2	179846689	179846847	DNA/hAT-Charlie	700	-	79	179846768	4578
chr2	179842190	180042190	harbor1	chr2	179886152	179886425	DNA/hAT-Charlie	921	-	136	179886288	44098
chr2	210185676	210385676	harbor1	chr2	210221430	210221567	DNA/hAT-Charlie	451	-	68	210221498	35822
chr2	210185676	210385676	harbor1	chr2	210247882	210248143	DNA/hAT-Charlie	568	-	130	210248012	62336
chr2	172205691	172405691	harbor1	chr2	172214232	172214416	DNA/hAT-Charlie	879	-	92	172214324	8633
chr2	172205691	172405691	harbor1	chr2	172235996	172236164	DNA/hAT-Charlie	687	-	84	172236080	30389
chr2	172205691	172405691	harbor1	chr2	172254155	172254330	DNA/hAT-Charlie	780	-	88	172254243	48552
chr2	172205691	172405691	harbor1	chr2	172275911	172276181	DNA/hAT-Charlie	473	-	135	172276046	70355
chr2	172205691	172405691	harbor1	chr2	172293559	172293690	DNA/hAT-Charlie	497	-	66	172293625	87934
chr2	29092604	29292604	harbor1	chr2	29134971	29135172	DNA/hAT-Charlie	1122	-	100	29135071	42467
chr2	29092604	29292604	harbor1	chr2	29149022	29149244	DNA/hAT-Charlie	885	-	111	29149133	56529
chr2	144139152	144339152	harbor1	chr2	144177765	144177996	DNA/hAT-Charlie	480	-	116	144177881	38729
chr2	144139152	144339152	harbor1	chr2	144200425	144200605	DNA/hAT-Charlie	1055	-	90	144200515	61363
chr2	73007748	73207748	harbor1	chr2	73064288	73064428	DNA/hAT-Charlie	428	-	70	73064358	56610
chr2	100869624	101069624	harbor1	chr2	100935872	100936049	DNA/hAT-Charlie	805	-	88	100935960	66336
chr2	100869624	101069624	harbor1	chr2	100947204	100947268	DNA/hAT-Charlie	1063	-	32	100947236	77612
chr2	100869624	101069624	harbor1	chr2	100947576	100947702	DNA/hAT-Charlie	1063	-	63	100947639	78015
chr2	68585632	68785632	harbor1	chr2	68661178	68661648	DNA/hAT-Charlie	1607	-	235	68661413	75781
chr2	175396127	175596127	harbor1	chr2	175423282	175423424	DNA/hAT-Charlie	445	-	71	175423353	27226
chr2	175396127	175596127	harbor1	chr2	175434847	175435032	DNA/hAT-Charlie	522	-	92	175434939	38812
chr2	175396127	175596127	harbor1	chr2	175479131	175479294	DNA/hAT-Charlie	693	-	82	175479213	83086
chr2	27549027	27749027	harbor1	chr2	27620041	27620337	DNA/hAT-Charlie	1176	-	148	27620189	71162
chr2	27549027	27749027	harbor1	chr2	27640349	27640542	DNA/hAT-Charlie	992	-	96	27640445	91418
chr2	42217672	42417672	harbor1	chr2	42250671	42251183	DNA/hAT-Charlie	3374	-	256	42250927	33255
chr2	42217672	42417672	harbor1	chr2	42275071	42275369	DNA/hAT-Charlie	1070	-	149	42275220	57548
chr2	60560764	60760764	harbor1	chr2	60581211	60581405	DNA/hAT-Charlie	881	-	97	60581308	20544
chr2	60560764	60760764	harbor1	chr2	60586190	60586272	DNA/hAT-Charlie	508	-	41	60586231	25467
chr2	60560764	60760764	harbor1	chr2	60631713	60631979	DNA/hAT-Charlie	619	-	133	60631846	71082
chr2	180612621	180812621	harbor1	chr2	180662669	180662813	DNA/hAT-Charlie	598	-	72	180662741	50120
chr2	180612621	180812621	harbor1	chr2	180676152	180676279	DNA/hAT-Charlie	533	-	64	180676216	63595
chr2	180612621	180812621	harbor1	chr2	180681456	180681682	DNA/hAT-Charlie	556	-	113	180681569	68948
chr2	180612621	180812621	harbor1	chr2	180708347	180708666	DNA/hAT-Charlie	1471	-	160	180708507	95886
chr2	77766252	77966252	harbor1	chr2	77842174	77842332	DNA/hAT-Charlie	726	-	79	77842253	76001
chr2	54616800	54816800	harbor1	chr2	54638029	54638244	DNA/hAT-Charlie	921	-	108	54638137	21337
chr2	54616800	54816800	harbor1	chr2	54650684	54650866	DNA/hAT-Charlie	785	-	91	54650775	33975
chr2	54616800	54816800	harbor1	chr2	54652905	54653149	DNA/hAT-Charlie	701	-	122	54653027	36227
chr2	54616800	54816800	harbor1	chr2	54669936	54670269	DNA/hAT-Charlie	1299	-	166	54670102	53302
chr2	126189980	126389980	harbor1	chr2	126220478	126220843	DNA/hAT-Charlie	1054	-	182	126220660	30680
chr2	126189980	126389980	harbor1	chr2	126227066	126227235	DNA/hAT-Charlie	583	-	84	126227150	37170
chr2	126189980	126389980	harbor1	chr2	126239493	126239686	DNA/hAT-Charlie	517	-	96	126239589	49609
chr2	126189980	126389980	harbor1	chr2	126284079	126284318	DNA/hAT-Charlie	437	-	120	126284199	94219
chr2	113499345	113699345	harbor1	chr2	113524530	113524679	DNA/hAT-Charlie	749	-	74	113524604	25259
chr2	113499345	113699345	harbor1	chr2	113561573	113561640	DNA/hAT-Charlie	420	-	34	113561607	62262
chr2	113499345	113699345	harbor1	chr2	113562237	113562397	DNA/hAT-Charlie	668	-	80	113562317	62972
chr2	113499345	113699345	harbor1	chr2	113576022	113576407	DNA/hAT-Charlie	1586	-	192	113576214	76869
chr2	113499345	113699345	harbor1	chr2	113585923	113586172	DNA/hAT-Charlie	1322	-	124	113586047	86702
chr2	38135666	38335666	harbor1	chr2	38170651	38170793	DNA/hAT-Charlie	458	-	71	38170722	35056
chr2	38135666	38335666	harbor1	chr2	38191616	38191832	DNA/hAT-Charlie	1031	-	108	38191724	56058
chr2	38135666	38335666	harbor1	chr2	38223336	38223542	DNA/hAT-Charlie	934	-	103	38223439	87773
chr2	133408711	133608711	harbor1	chr2	133473376	133473579	DNA/hAT-Charlie	882	-	102	133473478	64767
chr2	133408711	133608711	harbor1	chr2	133474752	133474800	DNA/hAT-Charlie	434	-	24	133474776	66065
chr2	133408711	133608711	harbor1	chr2	133475109	133475245	DNA/hAT-Charlie	434	-	68	133475177	66466
chr2	133408711	133608711	harbor1	chr2	133478761	133479017	DNA/hAT-Charlie	424	-	128	133478889	70178
chr2	59807800	60007800	harbor1	chr2	59841544	59841867	DNA/hAT-Charlie	1468	-	162	59841706	33906
chr2	59807800	60007800	harbor1	chr2	59843486	59843692	DNA/hAT-Charlie	890	-	103	59843589	35789
chr2	59807800	60007800	harbor1	chr2	59866292	59866491	DNA/hAT-Charlie	1213	-	100	59866392	58592
chr2	59807800	60007800	harbor1	chr2	59897780	59897996	DNA/hAT-Charlie	979	-	108	59897888	90088
chr2	240571283	240771283	harbor1	chr2	240622429	240622631	DNA/hAT-Charlie	1298	-	101	240622530	51247
chr2	193242813	193442813	harbor1	chr2	193302058	193302271	DNA/hAT-Charlie	664	-	106	193302164	59351
chr2	135188054	135388054	harbor1	chr2	135215774	135215984	DNA/hAT-Charlie	853	-	105	135215879	27825
chr2	197030827	197230827	harbor1	chr2	197128815	197129044	DNA/hAT-Charlie	862	-	114	197128929	98102
chr2	130997773	131197773	harbor1	chr2	131016636	131016817	DNA/hAT-Charlie	912	-	90	131016726	18953
chr2	130997773	131197773	harbor1	chr2	131042968	131043252	DNA/hAT-Charlie	1036	-	142	131043110	45337
chr2	85148037	85348037	harbor1	chr2	85163084	85163266	DNA/hAT-Charlie	950	-	91	85163175	15138
chr2	85148037	85348037	harbor1	chr2	85179307	85179479	DNA/hAT-Charlie	825	-	86	85179393	31356
chr2	85148037	85348037	harbor1	chr2	85182825	85182977	DNA/hAT-Charlie	630	-	76	85182901	34864
chr2	85148037	85348037	harbor1	chr2	85239583	85239663	DNA/hAT-Charlie	934	-	40	85239623	91586
chr2	85148037	85348037	harbor1	chr2	85239976	85240192	DNA/hAT-Charlie	934	-	108	85240084	92047
chr2	134175196	134375196	harbor1	chr2	134176616	134176823	DNA/hAT-Charlie	741	-	104	134176720	1524
chr2	134175196	134375196	harbor1	chr2	134202730	134203194	DNA/hAT-Charlie	1301	-	232	134202962	27766
chr2	134175196	134375196	harbor1	chr2	134214363	134214569	DNA/hAT-Charlie	1300	-	103	134214466	39270
chr2	134175196	134375196	harbor1	chr2	134226818	134227046	DNA/hAT-Charlie	618	-	114	134226932	51736
chr2	134175196	134375196	harbor1	chr2	134230061	134230391	DNA/hAT-Charlie	2292	-	165	134230226	55030
chr2	134175196	134375196	harbor1	chr2	134242569	134242723	DNA/hAT-Charlie	465	-	77	134242646	67450
chr2	134175196	134375196	harbor1	chr2	134247020	134247267	DNA/hAT-Charlie	545	-	124	134247144	71948
chr2	134175196	134375196	harbor1	chr2	134252479	134252652	DNA/hAT-Charlie	776	-	86	134252565	77369
chr2	134175196	134375196	harbor1	chr2	134252664	134252750	DNA/hAT-Charlie	436	-	43	134252707	77511
chr2	134175196	134375196	harbor1	chr2	134257028	134257132	DNA/hAT-Charlie	519	-	52	134257080	81884
chr2	51238493	51438493	harbor1	chr2	51269775	51269891	DNA/hAT-Charlie	529	-	58	51269833	31340
chr2	32320790	32520790	harbor1	chr2	32368067	32368245	DNA/hAT-Charlie	473	-	89	32368156	47366
chr2	78536330	78736330	harbor1	chr2	78582278	78582621	DNA/hAT-Charlie	1321	-	172	78582450	46120
chr2	78536330	78736330	harbor1	chr2	78582638	78582751	DNA/hAT-Charlie	544	-	56	78582694	46364
chr2	78536330	78736330	harbor1	chr2	78585007	78585158	DNA/hAT-Charlie	667	-	76	78585083	48753
chr2	78536330	78736330	harbor1	chr2	78604909	78605367	DNA/hAT-Charlie	1530	-	229	78605138	68808
chr2	225426811	225626811	harbor1	chr2	225428434	225428623	DNA/hAT-Charlie	745	-	94	225428528	1717
chr2	225426811	225626811	harbor1	chr2	225477139	225477227	DNA/hAT-Charlie	857	-	44	225477183	50372
chr2	225426811	225626811	harbor1	chr2	225477536	225477611	DNA/hAT-Charlie	857	-	38	225477574	50763
chr2	225426811	225626811	harbor1	chr2	225485819	225486022	DNA/hAT-Charlie	889	-	102	225485921	59110
chr2	141960446	142160446	harbor1	chr2	142024332	142024506	DNA/hAT-Charlie	695	-	87	142024419	63973
chr2	215896575	216096575	harbor1	chr2	215904808	215904937	DNA/hAT-Charlie	496	-	64	215904872	8297
chr2	215896575	216096575	harbor1	chr2	215905192	215905318	DNA/hAT-Charlie	496	-	63	215905255	8680
chr2	215896575	216096575	harbor1	chr2	215933354	215933560	DNA/hAT-Charlie	1047	-	103	215933457	36882
chr2	215896575	216096575	harbor1	chr2	215967728	215967838	DNA/hAT-Charlie	611	-	55	215967783	71208
chr2	153839918	154039918	harbor1	chr2	153866546	153867253	DNA/hAT-Charlie	1240	-	354	153866900	26982
chr2	153839918	154039918	harbor1	chr2	153867491	153868013	DNA/hAT-Charlie	3636	-	261	153867752	27834
chr2	153839918	154039918	harbor1	chr2	153878108	153878318	DNA/hAT-Charlie	566	-	105	153878213	38295
chr2	219019894	219219894	harbor1	chr2	219026449	219026772	DNA/hAT-Charlie	1722	-	162	219026611	6717
chr2	219019894	219219894	harbor1	chr2	219039562	219039857	DNA/hAT-Charlie	1443	-	148	219039710	19816
chr2	219019894	219219894	harbor1	chr2	219092311	219092685	DNA/hAT-Charlie	1685	-	187	219092498	72604
chr2	219019894	219219894	harbor1	chr2	219099199	219099416	DNA/hAT-Charlie	1059	-	108	219099307	79413
chr2	238638661	238838661	harbor1	chr2	238682476	238682793	DNA/hAT-Charlie	1866	-	158	238682634	43973
chr2	163954190	164154190	harbor1	chr2	163999236	163999411	DNA/hAT-Charlie	836	-	88	163999324	45134
chr2	106178080	106378080	harbor1	chr2	106182160	106182340	DNA/hAT-Charlie	969	-	90	106182250	4170
chr2	176713923	176913923	harbor1	chr2	176717891	176718070	DNA/hAT-Charlie	855	-	90	176717981	4058
chr2	176713923	176913923	harbor1	chr2	176785986	176786028	DNA/hAT-Charlie	3501	-	21	176786007	72084
chr2	176713923	176913923	harbor1	chr2	176786409	176787442	DNA/hAT-Charlie	3501	-	516	176786925	73002
chr2	221552791	221752791	harbor1	chr2	221556029	221556296	DNA/hAT-Charlie	1047	-	134	221556163	3372
chr2	221552791	221752791	harbor1	chr2	221556601	221556658	DNA/hAT-Charlie	1047	-	28	221556629	3838
chr2	221552791	221752791	harbor1	chr2	221556989	221557177	DNA/hAT-Charlie	847	-	94	221557083	4292
chr2	221552791	221752791	harbor1	chr2	221590563	221590891	DNA/hAT-Charlie	1267	-	164	221590727	37936
chr2	221552791	221752791	harbor1	chr2	221594102	221594307	DNA/hAT-Charlie	682	-	102	221594204	41413
chr2	221552791	221752791	harbor1	chr2	221603730	221603957	DNA/hAT-Charlie	772	-	114	221603844	51053
chr2	221552791	221752791	harbor1	chr2	221615685	221615902	DNA/hAT-Charlie	1113	-	108	221615793	63002
chr2	221552791	221752791	harbor1	chr2	221631092	221631290	DNA/hAT-Charlie	886	-	99	221631191	78400
chr2	221552791	221752791	harbor1	chr2	221644790	221645011	DNA/hAT-Charlie	1036	-	110	221644900	92109
chr2	143531667	143731667	harbor1	chr2	143550463	143550671	DNA/hAT-Charlie	799	-	104	143550567	18900
chr2	143531667	143731667	harbor1	chr2	143612266	143612461	DNA/hAT-Charlie	428	-	98	143612364	80697
chr2	75734051	75934051	harbor1	chr2	75768751	75768864	DNA/hAT-Charlie	521	-	56	75768807	34756
chr2	75734051	75934051	harbor1	chr2	75789450	75789657	DNA/hAT-Charlie	800	-	104	75789554	55503
chr2	75734051	75934051	harbor1	chr2	75799734	75799896	DNA/hAT-Charlie	426	-	81	75799815	65764
chr2	75734051	75934051	harbor1	chr2	75803153	75803281	DNA/hAT-Charlie	530	-	64	75803217	69166
chr2	75734051	75934051	harbor1	chr2	75807170	75807479	DNA/hAT-Charlie	930	-	154	75807324	73273
chr2	25055144	25255144	harbor1	chr2	25130754	25131038	DNA/hAT-Charlie	757	-	142	25130896	75752
chr2	16677378	16877378	harbor1	chr2	16740378	16740530	DNA/hAT-Charlie	560	-	76	16740454	63076
chr2	16677378	16877378	harbor1	chr2	16774136	16774263	DNA/hAT-Charlie	514	-	64	16774200	96822
chr2	32742019	32942019	harbor1	chr2	32809471	32809601	DNA/hAT-Charlie	417	-	65	32809536	67517
chr2	51998752	52198752	harbor1	chr2	52054799	52054977	DNA/hAT-Charlie	745	-	89	52054888	56136
chr2	51998752	52198752	harbor1	chr2	52089321	52089568	DNA/hAT-Charlie	759	-	124	52089445	90693
chr2	136701314	136901314	harbor1	chr2	136714246	136714353	DNA/hAT-Charlie	422	-	54	136714300	12986
chr2	136701314	136901314	harbor1	chr2	136745968	136746125	DNA/hAT-Charlie	851	-	78	136746046	44732
chr2	136701314	136901314	harbor1	chr2	136748785	136748935	DNA/hAT-Charlie	733	-	75	136748860	47546
chr2	136701314	136901314	harbor1	chr2	136748970	136749169	DNA/hAT-Charlie	1048	-	100	136749070	47756
chr2	136701314	136901314	harbor1	chr2	136773413	136773696	DNA/hAT-Charlie	1158	-	142	136773555	72241
chr2	100058832	100258832	harbor1	chr2	100094115	100094634	DNA/hAT-Charlie	3561	-	260	100094375	35543
chr2	100058832	100258832	harbor1	chr2	100122778	100122956	DNA/hAT-Charlie	628	-	89	100122867	64035
chr2	100058832	100258832	harbor1	chr2	100149483	100149728	DNA/hAT-Charlie	824	-	122	100149605	90773
chr2	100058832	100258832	harbor1	chr2	100150110	100150167	DNA/hAT-Charlie	824	-	28	100150138	91306
chr2	100058832	100258832	harbor1	chr2	100150298	100150802	DNA/hAT-Charlie	611	-	252	100150550	91718
chr2	175304281	175504281	harbor1	chr2	175393875	175394062	DNA/hAT-Charlie	484	-	94	175393969	89688
chr2	69307949	69507949	harbor1	chr2	69358668	69358849	DNA/hAT-Charlie	797	-	90	69358758	50809
chr2	122667344	122867344	harbor1	chr2	122681841	122682151	DNA/hAT-Charlie	535	-	155	122681996	14652
chr2	122667344	122867344	harbor1	chr2	122687666	122687816	DNA/hAT-Charlie	775	-	75	122687741	20397
chr2	122667344	122867344	harbor1	chr2	122754817	122755015	DNA/hAT-Charlie	1066	-	99	122754916	87572
chr2	35496028	35696028	harbor1	chr2	35554762	35555061	DNA/hAT-Charlie	1145	-	150	35554912	58884
chr2	26984661	27184661	harbor1	chr2	26995056	26995206	DNA/hAT-Charlie	894	-	75	26995131	10470
chr2	26984661	27184661	harbor1	chr2	26997130	26997253	DNA/hAT-Charlie	1891	-	62	26997192	12531
chr2	26984661	27184661	harbor1	chr2	26997473	26997678	DNA/hAT-Charlie	1891	-	102	26997575	12914
chr2	26984661	27184661	harbor1	chr2	27020311	27020528	DNA/hAT-Charlie	542	-	108	27020419	35758
chr2	48791628	48991628	harbor1	chr2	48808051	48808275	DNA/hAT-Charlie	1231	-	112	48808163	16535
chr2	48791628	48991628	harbor1	chr2	48822081	48822211	DNA/hAT-Charlie	522	-	65	48822146	30518
chr2	48791628	48991628	harbor1	chr2	48822955	48823110	DNA/hAT-Charlie	831	-	78	48823033	31405
chr2	48791628	48991628	harbor1	chr2	48849201	48849254	DNA/hAT-Charlie	591	-	26	48849227	57599
chr2	48791628	48991628	harbor1	chr2	48849552	48849675	DNA/hAT-Charlie	591	-	62	48849614	57986
chr2	48791628	48991628	harbor1	chr2	48859484	48859557	DNA/hAT-Charlie	418	-	36	48859520	67892
chr2	48791628	48991628	harbor1	chr2	48883421	48883524	DNA/hAT-Charlie	587	-	52	48883473	91845
chr2	48791628	48991628	harbor1	chr2	48887453	48887702	DNA/hAT-Charlie	879	-	124	48887577	95949
chr2	119697662	119897662	harbor1	chr2	119718913	119719063	DNA/hAT-Charlie	786	-	75	119718988	21326
chr2	119697662	119897662	harbor1	chr2	119730533	119730650	DNA/hAT-Charlie	565	-	58	119730591	32929
chr2	119697662	119897662	harbor1	chr2	119753925	119754183	DNA/hAT-Charlie	979	-	129	119754054	56392
chr2	119697662	119897662	harbor1	chr2	119757220	119757887	DNA/hAT-Charlie	1352	-	334	119757554	59892
chr2	119697662	119897662	harbor1	chr2	119782072	119782134	DNA/hAT-Charlie	488	-	31	119782103	84441
chr2	119697662	119897662	harbor1	chr2	119782440	119782538	DNA/hAT-Charlie	488	-	49	119782489	84827
chr2	119697662	119897662	harbor1	chr2	119785017	119785228	DNA/hAT-Charlie	969	-	106	119785123	87461
chr2	101511528	101711528	harbor1	chr2	101532560	101532719	DNA/hAT-Charlie	711	-	80	101532640	21112
chr2	101511528	101711528	harbor1	chr2	101608835	101608917	DNA/hAT-Charlie	461	-	41	101608876	97348
chr2	42985673	43185673	harbor1	chr2	42997161	42997338	DNA/hAT-Charlie	1375	-	88	42997249	11576
chr2	42985673	43185673	harbor1	chr2	42997647	42997745	DNA/hAT-Charlie	1375	-	49	42997696	12023
chr2	42985673	43185673	harbor1	chr2	42998055	42998155	DNA/hAT-Charlie	1375	-	50	42998105	12432
chr2	42985673	43185673	harbor1	chr2	42998469	42998796	DNA/hAT-Charlie	1375	-	164	42998633	12960
chr2	42985673	43185673	harbor1	chr2	43045162	43045365	DNA/hAT-Charlie	484	-	102	43045264	59591
chr2	42985673	43185673	harbor1	chr2	43070520	43070718	DNA/hAT-Charlie	505	-	99	43070619	84946
chr2	154017467	154217467	harbor1	chr2	154036784	154036956	DNA/hAT-Charlie	486	-	86	154036870	19403
chr2	154017467	154217467	harbor1	chr2	154047757	154047939	DNA/hAT-Charlie	901	-	91	154047848	30381
chr2	154017467	154217467	harbor1	chr2	154048353	154048407	DNA/hAT-Charlie	901	-	27	154048380	30913
chr2	229075680	229275680	harbor1	chr2	229127565	229127737	DNA/hAT-Charlie	769	-	86	229127651	51971
chr2	229075680	229275680	harbor1	chr2	229133727	229133781	DNA/hAT-Charlie	716	-	27	229133754	58074
chr2	229075680	229275680	harbor1	chr2	229133938	229134122	DNA/hAT-Charlie	716	-	92	229134030	58350
chr2	229075680	229275680	harbor1	chr2	229174529	229174652	DNA/hAT-Charlie	449	-	62	229174591	98911
chr2	171918945	172118945	harbor1	chr2	171938302	171938746	DNA/hAT-Charlie	19252	-	222	171938524	19579
chr2	171918945	172118945	harbor1	chr2	171939040	171939788	DNA/hAT-Charlie	19252	-	374	171939414	20469
chr2	171918945	172118945	harbor1	chr2	171940070	171941211	DNA/hAT-Charlie	19252	-	570	171940640	21695
chr2	171918945	172118945	harbor1	chr2	171941377	171941823	DNA/hAT-Charlie	19252	-	223	171941600	22655
chr2	171918945	172118945	harbor1	chr2	171988958	171989169	DNA/hAT-Charlie	1137	-	106	171989064	70119
chr2	97556787	97756787	harbor1	chr2	97609742	97609822	DNA/hAT-Charlie	1125	-	40	97609782	52995
chr2	97556787	97756787	harbor1	chr2	97610132	97610361	DNA/hAT-Charlie	1125	-	114	97610246	53459
chr2	68201057	68401057	harbor1	chr2	68208326	68208497	DNA/hAT-Charlie	804	-	86	68208412	7355
chr2	68201057	68401057	harbor1	chr2	68231390	68231952	DNA/hAT-Charlie	2034	-	281	68231671	30614
chr2	68201057	68401057	harbor1	chr2	68247338	68247413	DNA/hAT-Charlie	485	-	38	68247376	46319
chr2	68201057	68401057	harbor1	chr2	68248494	68248648	DNA/hAT-Charlie	696	-	77	68248571	47514
chr2	68201057	68401057	harbor1	chr2	68257614	68257760	DNA/hAT-Charlie	663	-	73	68257687	56630
chr2	54712240	54912240	harbor1	chr2	54739075	54739505	DNA/hAT-Charlie	1232	-	215	54739290	27050
chr2	54712240	54912240	harbor1	chr2	54776105	54776290	DNA/hAT-Charlie	1275	-	92	54776197	63957
chr2	223042568	223242568	harbor1	chr2	223073144	223073318	DNA/hAT-Charlie	649	-	87	223073231	30663
chr2	223042568	223242568	harbor1	chr2	223079666	223079822	DNA/hAT-Charlie	663	-	78	223079744	37176
chr2	223042568	223242568	harbor1	chr2	223087472	223088406	DNA/hAT-Charlie	2537	-	467	223087939	45371
chr2	223042568	223242568	harbor1	chr2	223121179	223121341	DNA/hAT-Charlie	666	-	81	223121260	78692
chr2	223042568	223242568	harbor1	chr2	223129407	223129748	DNA/hAT-Charlie	420	-	170	223129577	87009
chr2	151242934	151442934	harbor1	chr2	151291531	151291751	DNA/hAT-Charlie	550	-	110	151291641	48707
chr2	151242934	151442934	harbor1	chr2	151295691	151295824	DNA/hAT-Charlie	708	-	66	151295757	52823
chr2	151242934	151442934	harbor1	chr2	151297379	151297405	DNA/hAT-Charlie	708	-	13	151297392	54458
chr2	29297023	29497023	harbor1	chr2	29304899	29305067	DNA/hAT-Charlie	662	-	84	29304983	7960
chr2	29297023	29497023	harbor1	chr2	29305706	29306112	DNA/hAT-Charlie	1479	-	203	29305909	8886
chr2	29297023	29497023	harbor1	chr2	29309263	29309650	DNA/hAT-Charlie	418	-	194	29309457	12434
chr2	29297023	29497023	harbor1	chr2	29347834	29347989	DNA/hAT-Charlie	630	-	78	29347912	50889
chr2	29297023	29497023	harbor1	chr2	29350885	29351121	DNA/hAT-Charlie	756	-	118	29351003	53980
chr2	86119671	86319671	harbor1	chr2	86125125	86125299	DNA/hAT-Charlie	904	-	87	86125212	5541
chr2	86119671	86319671	harbor1	chr2	86128447	86128609	DNA/hAT-Charlie	606	-	81	86128528	8857
chr2	86119671	86319671	harbor1	chr2	86156072	86156281	DNA/hAT-Charlie	1066	-	104	86156176	36505
chr2	86119671	86319671	harbor1	chr2	86163344	86163636	DNA/hAT-Charlie	1511	-	146	86163490	43819
chr2	29209915	29409915	harbor1	chr2	29270498	29270686	DNA/hAT-Charlie	427	-	94	29270592	60677
chr2	29209915	29409915	harbor1	chr2	29304899	29305067	DNA/hAT-Charlie	662	-	84	29304983	95068
chr2	29209915	29409915	harbor1	chr2	29305706	29306112	DNA/hAT-Charlie	1479	-	203	29305909	95994
chr2	29209915	29409915	harbor1	chr2	29309263	29309650	DNA/hAT-Charlie	418	-	194	29309457	99542
chr2	196352248	196552248	harbor1	chr2	196386708	196387238	DNA/hAT-Charlie	716	-	265	196386973	34725
chr2	196352248	196552248	harbor1	chr2	196387601	196387668	DNA/hAT-Charlie	716	-	34	196387635	35387
chr2	196352248	196552248	harbor1	chr2	196389324	196389486	DNA/hAT-Charlie	457	-	81	196389405	37157
chr2	196352248	196552248	harbor1	chr2	196427031	196427253	DNA/hAT-Charlie	903	-	111	196427142	74894
chr2	196352248	196552248	harbor1	chr2	196432003	196432196	DNA/hAT-Charlie	897	-	96	196432099	79851
chr2	196352248	196552248	harbor1	chr2	196438250	196438522	DNA/hAT-Charlie	1044	-	136	196438386	86138
chr2	139121758	139321758	harbor1	chr2	139126123	139126337	DNA/hAT-Charlie	862	-	107	139126230	4472
chr2	171794890	171994890	harbor1	chr2	171856243	171856448	DNA/hAT-Charlie	1384	-	102	171856345	61455
chr2	239906963	240106963	harbor1	chr2	239940087	239940288	DNA/hAT-Charlie	951	-	100	239940187	33224
chr2	239906963	240106963	harbor1	chr2	239942233	239942410	DNA/hAT-Charlie	574	-	88	239942321	35358
chr2	239906963	240106963	harbor1	chr2	239997732	239997909	DNA/hAT-Charlie	500	-	88	239997820	90857
chr2	96196591	96396591	harbor1	chr2	96216009	96216242	DNA/hAT-Charlie	1645	-	116	96216125	19534
chr2	96196591	96396591	harbor1	chr2	96216909	96217131	DNA/hAT-Charlie	809	-	111	96217020	20429
chr2	96196591	96396591	harbor1	chr2	96223511	96223561	DNA/hAT-Charlie	559	-	25	96223536	26945
chr2	96196591	96396591	harbor1	chr2	96224094	96224252	DNA/hAT-Charlie	559	-	79	96224173	27582
chr2	96196591	96396591	harbor1	chr2	96224558	96224596	DNA/hAT-Charlie	559	-	19	96224577	27986
chr2	96196591	96396591	harbor1	chr2	96224896	96225041	DNA/hAT-Charlie	559	-	72	96224968	28377
chr2	96196591	96396591	harbor1	chr2	96293909	96294079	DNA/hAT-Charlie	636	-	85	96293994	97403
chr2	96196591	96396591	harbor1	chr2	96294449	96294577	DNA/hAT-Charlie	645	-	64	96294513	97922
chr2	116604199	116804199	harbor1	chr2	116651099	116651300	DNA/hAT-Charlie	792	-	100	116651199	47000
chr2	69014801	69214801	harbor1	chr2	69032832	69033061	DNA/hAT-Charlie	531	-	114	69032946	18145
chr2	69014801	69214801	harbor1	chr2	69055518	69055793	DNA/hAT-Charlie	657	-	138	69055656	40855
chr2	133978193	134178193	harbor1	chr2	133990903	133991089	DNA/hAT-Charlie	1128	-	93	133990996	12803
chr2	133978193	134178193	harbor1	chr2	134011170	134011396	DNA/hAT-Charlie	1247	-	113	134011283	33090
chr2	133978193	134178193	harbor1	chr2	134019043	134019362	DNA/hAT-Charlie	1239	-	160	134019203	41010
chr2	133978193	134178193	harbor1	chr2	134022291	134022512	DNA/hAT-Charlie	1203	-	110	134022401	44208
chr2	133978193	134178193	harbor1	chr2	134022789	134022884	DNA/hAT-Charlie	1203	-	48	134022837	44644
chr2	221920783	222120783	harbor1	chr2	221946124	221946646	DNA/hAT-Charlie	3901	-	261	221946385	25602
chr2	221920783	222120783	harbor1	chr2	221959560	221959886	DNA/hAT-Charlie	1180	-	163	221959723	38940
chr2	221920783	222120783	harbor1	chr2	221983062	221983260	DNA/hAT-Charlie	804	-	99	221983161	62378
chr2	221920783	222120783	harbor1	chr2	222000807	222000966	DNA/hAT-Charlie	535	-	80	222000887	80104
chr2	123099682	123299682	harbor1	chr2	123101319	123101471	DNA/hAT-Charlie	506	-	76	123101395	1713
chr2	123099682	123299682	harbor1	chr2	123158085	123158219	DNA/hAT-Charlie	505	-	67	123158152	58470
chr2	123099682	123299682	harbor1	chr2	123158240	123158644	DNA/hAT-Charlie	1138	-	202	123158442	58760
chr2	189580564	189780564	harbor1	chr2	189637327	189637514	DNA/hAT-Charlie	812	-	94	189637421	56857
chr2	102979449	103179449	harbor1	chr2	103066414	103066591	DNA/hAT-Charlie	690	-	88	103066502	87053
chr2	102979449	103179449	harbor1	chr2	103066890	103067177	DNA/hAT-Charlie	690	-	144	103067034	87585
chr2	39868772	40068772	harbor1	chr2	39873303	39873496	DNA/hAT-Charlie	859	-	96	39873399	4627
chr2	39868772	40068772	harbor1	chr2	39891619	39891851	DNA/hAT-Charlie	1070	-	116	39891735	22963
chr2	39868772	40068772	harbor1	chr2	39939025	39939188	DNA/hAT-Charlie	502	-	82	39939107	70335
chr2	39868772	40068772	harbor1	chr2	39943029	39943206	DNA/hAT-Charlie	512	-	88	39943117	74345
chr2	39868772	40068772	harbor1	chr2	39965589	39965781	DNA/hAT-Charlie	924	-	96	39965685	96913
chr2	23166736	23366736	harbor1	chr2	23168248	23168557	DNA/hAT-Charlie	931	-	154	23168402	1666
chr2	23166736	23366736	harbor1	chr2	23180612	23180817	DNA/hAT-Charlie	1214	-	102	23180714	13978
chr2	23166736	23366736	harbor1	chr2	23191455	23191725	DNA/hAT-Charlie	616	-	135	23191590	24854
chr2	23166736	23366736	harbor1	chr2	23236674	23236863	DNA/hAT-Charlie	1145	-	94	23236768	70032
chr2	23166736	23366736	harbor1	chr2	23237174	23237328	DNA/hAT-Charlie	1145	-	77	23237251	70515
chr2	78965850	79165850	harbor1	chr2	78983909	78984092	DNA/hAT-Charlie	673	-	92	78984001	18151
chr2	78965850	79165850	harbor1	chr2	78998115	78998246	DNA/hAT-Charlie	603	-	66	78998181	32331
chr2	78965850	79165850	harbor1	chr2	79024333	79024469	DNA/hAT-Charlie	486	-	68	79024401	58551
chr2	78965850	79165850	harbor1	chr2	79024476	79024999	DNA/hAT-Charlie	1447	-	262	79024738	58888
chr2	180210023	180410023	harbor1	chr2	180211721	180211916	DNA/hAT-Charlie	784	-	98	180211819	1796
chr2	180210023	180410023	harbor1	chr2	180243526	180243669	DNA/hAT-Charlie	767	-	72	180243598	33575
chr2	180210023	180410023	harbor1	chr2	180244019	180244070	DNA/hAT-Charlie	767	-	26	180244045	34022
chr2	180210023	180410023	harbor1	chr2	180246803	180246978	DNA/hAT-Charlie	670	-	88	180246891	36868
chr2	180210023	180410023	harbor1	chr2	180264697	180264807	DNA/hAT-Charlie	459	-	55	180264752	54729
chr2	180210023	180410023	harbor1	chr2	180264907	180265595	DNA/hAT-Charlie	1635	-	344	180265251	55228
chr2	180210023	180410023	harbor1	chr2	180287524	180287810	DNA/hAT-Charlie	1193	-	143	180287667	77644
chr2	153027578	153227578	harbor1	chr2	153049395	153049868	DNA/hAT-Charlie	1584	-	236	153049631	22053
chr2	153027578	153227578	harbor1	chr2	153050760	153050932	DNA/hAT-Charlie	767	-	86	153050846	23268
chr2	169264857	169464857	harbor1	chr2	169283334	169283542	DNA/hAT-Charlie	991	-	104	169283438	18581
chr2	169264857	169464857	harbor1	chr2	169341924	169342099	DNA/hAT-Charlie	509	-	88	169342012	77155
chr2	135552252	135752252	harbor1	chr2	135637824	135638007	DNA/hAT-Charlie	893	-	92	135637916	85664
chr2	51308644	51508644	harbor1	chr2	51367346	51367807	DNA/hAT-Charlie	1690	-	230	51367576	58932
chr2	230923629	231123629	harbor1	chr2	230954878	230955018	DNA/hAT-Charlie	494	-	70	230954948	31319
chr2	161896896	162096896	harbor1	chr2	161905176	161905493	DNA/hAT-Charlie	2141	-	158	161905334	8438
chr2	161896896	162096896	harbor1	chr2	161975258	161975457	DNA/hAT-Charlie	552	-	100	161975358	78462
chr2	179500518	179700518	harbor1	chr2	179584108	179584321	DNA/hAT-Charlie	968	-	106	179584214	83696
chr2	179500518	179700518	harbor1	chr2	179568476	179568704	DNA/hAT-Charlie	426	-	114	179568590	68072
chr2	237167582	237367582	harbor1	chr2	237170450	237170678	DNA/hAT-Charlie	1419	-	114	237170564	2982
chr2	237167582	237367582	harbor1	chr2	237170970	237172156	DNA/hAT-Charlie	1419	-	593	237171563	3981
chr2	237167582	237367582	harbor1	chr2	237206899	237207061	DNA/hAT-Charlie	548	-	81	237206980	39398
chr2	237167582	237367582	harbor1	chr2	237224708	237224873	DNA/hAT-Charlie	1951	-	82	237224790	57208
chr2	237167582	237367582	harbor1	chr2	237225183	237225539	DNA/hAT-Charlie	1951	-	178	237225361	57779
chr2	237167582	237367582	harbor1	chr2	237226940	237227037	DNA/hAT-Charlie	463	-	48	237226988	59406
chr2	237167582	237367582	harbor1	chr2	237262600	237262902	DNA/hAT-Charlie	836	-	151	237262751	95169
chr2	237167582	237367582	harbor1	chr2	237263293	237264690	DNA/hAT-Charlie	2251	-	698	237263991	96409
chr2	98489119	98689119	harbor1	chr2	98534458	98534556	DNA/hAT-Charlie	456	-	49	98534507	45388
chr2	98489119	98689119	harbor1	chr2	98561176	98561333	DNA/hAT-Charlie	580	-	78	98561254	72135
chr2	232974640	233174640	harbor1	chr2	232997118	232997290	DNA/hAT-Charlie	542	-	86	232997204	22564
chr2	117164905	117364905	harbor1	chr2	117192697	117192946	DNA/hAT-Charlie	430	-	124	117192821	27916
chr2	117164905	117364905	harbor1	chr2	117247603	117247773	DNA/hAT-Charlie	681	-	85	117247688	82783
chr2	117164905	117364905	harbor1	chr2	117255113	117255332	DNA/hAT-Charlie	1065	-	110	117255223	90318
chr2	117164905	117364905	harbor1	chr2	117260882	117261061	DNA/hAT-Charlie	817	-	90	117260972	96067
chr2	3334893	3534893	harbor1	chr2	3414056	3414186	DNA/hAT-Charlie	529	-	65	3414121	79228
chr2	3334893	3534893	harbor1	chr2	3414194	3414357	DNA/hAT-Charlie	487	-	82	3414276	79383
chr2	3334893	3534893	harbor1	chr2	3418487	3418579	DNA/hAT-Charlie	419	-	46	3418533	83640
chr2	218987074	219187074	harbor1	chr2	219026449	219026772	DNA/hAT-Charlie	1722	-	162	219026611	39537
chr2	218987074	219187074	harbor1	chr2	219039562	219039857	DNA/hAT-Charlie	1443	-	148	219039710	52636
chr2	125467540	125667540	harbor1	chr2	125469365	125469739	DNA/hAT-Charlie	1138	-	187	125469552	2012
chr2	125467540	125667540	harbor1	chr2	125488152	125488369	DNA/hAT-Charlie	841	-	108	125488260	20720
chr2	125467540	125667540	harbor1	chr2	125563898	125564118	DNA/hAT-Charlie	606	-	110	125564008	96468
chr2	18668350	18868350	harbor1	chr2	18700140	18700303	DNA/hAT-Charlie	580	-	82	18700222	31872
chr2	18668350	18868350	harbor1	chr2	18737845	18737997	DNA/hAT-Charlie	864	-	76	18737921	69571
chr2	148754121	148954121	harbor1	chr2	148800361	148800588	DNA/hAT-Charlie	642	-	114	148800475	46354
chr2	148754121	148954121	harbor1	chr2	148800914	148801014	DNA/hAT-Charlie	642	-	50	148800964	46843
chr2	148754121	148954121	harbor1	chr2	148813302	148813489	DNA/hAT-Charlie	773	-	94	148813396	59275
chr2	148754121	148954121	harbor1	chr2	148833041	148833203	DNA/hAT-Charlie	964	-	81	148833122	79001
chr2	148754121	148954121	harbor1	chr2	148815865	148816063	DNA/hAT-Charlie	774	-	99	148815964	61843
chr2	115845966	116045966	harbor1	chr2	115906693	115906840	DNA/hAT-Charlie	560	-	74	115906767	60801
chr2	96692602	96892602	harbor1	chr2	96716110	96716423	DNA/hAT-Charlie	503	-	156	96716266	23664
chr2	96692602	96892602	harbor1	chr2	96721845	96721967	DNA/hAT-Charlie	3340	-	61	96721906	29304
chr2	96692602	96892602	harbor1	chr2	96722268	96722642	DNA/hAT-Charlie	3340	-	187	96722455	29853
chr2	96692602	96892602	harbor1	chr2	96768753	96768867	DNA/hAT-Charlie	594	-	57	96768810	76208
chr2	116428871	116628871	harbor1	chr2	116481769	116481946	DNA/hAT-Charlie	627	-	88	116481857	52986
chr2	29361405	29561405	harbor1	chr2	29430402	29430603	DNA/hAT-Charlie	1080	-	100	29430502	69097
chr2	29361405	29561405	harbor1	chr2	29433224	29433377	DNA/hAT-Charlie	749	-	76	29433300	71895
chr2	29361405	29561405	harbor1	chr2	29433606	29433715	DNA/hAT-Charlie	418	-	54	29433660	72255
chr2	29361405	29561405	harbor1	chr2	29439246	29439529	DNA/hAT-Charlie	711	-	142	29439388	77983
chr2	40631039	40831039	harbor1	chr2	40662683	40662850	DNA/hAT-Charlie	751	-	84	40662767	31728
chr2	40631039	40831039	harbor1	chr2	40697312	40697626	DNA/hAT-Charlie	937	-	157	40697469	66430
chr2	205975460	206175460	harbor1	chr2	205975756	205975932	DNA/hAT-Charlie	653	-	88	205975844	384
chr2	205975460	206175460	harbor1	chr2	205975942	205976266	DNA/hAT-Charlie	1131	-	162	205976104	644
chr2	205975460	206175460	harbor1	chr2	206036794	206036922	DNA/hAT-Charlie	626	-	64	206036858	61398
chr2	109368384	109568384	harbor1	chr2	109409282	109409482	DNA/hAT-Charlie	661	-	100	109409382	40998
chr2	109368384	109568384	harbor1	chr2	109424392	109424424	DNA/hAT-Charlie	529	-	16	109424408	56024
chr2	109368384	109568384	harbor1	chr2	109427467	109427598	DNA/hAT-Charlie	529	-	66	109427533	59149
chr2	109368384	109568384	harbor1	chr2	109450453	109450697	DNA/hAT-Charlie	825	-	122	109450575	82191
chr2	131016703	131216703	harbor1	chr2	131016636	131016817	DNA/hAT-Charlie	912	-	90	131016726	23
chr2	131016703	131216703	harbor1	chr2	131042968	131043252	DNA/hAT-Charlie	1036	-	142	131043110	26407
chr2	131016703	131216703	harbor1	chr2	131108534	131108732	DNA/hAT-Charlie	1272	-	99	131108633	91930
chr2	21302947	21502947	harbor1	chr2	21308619	21310239	DNA/hAT-Charlie	7099	-	810	21309429	6482
chr2	21302947	21502947	harbor1	chr2	21310387	21311212	DNA/hAT-Charlie	3890	-	412	21310799	7852
chr2	21302947	21502947	harbor1	chr2	21311507	21311665	DNA/hAT-Charlie	3890	-	79	21311586	8639
chr2	21302947	21502947	harbor1	chr2	21335774	21335902	DNA/hAT-Charlie	870	-	64	21335838	32891
chr2	21302947	21502947	harbor1	chr2	21390780	21390937	DNA/hAT-Charlie	726	-	78	21390858	87911
chr2	21302947	21502947	harbor1	chr2	21398964	21399178	DNA/hAT-Charlie	942	-	107	21399071	96124
chr2	21302947	21502947	harbor1	chr2	21401535	21401637	DNA/hAT-Charlie	546	-	51	21401586	98639
chr2	21302947	21502947	harbor1	chr2	21401638	21401786	DNA/hAT-Charlie	890	-	74	21401712	98765
chr2	21302947	21502947	harbor1	chr2	21401787	21401894	DNA/hAT-Charlie	546	-	54	21401841	98894
chr2	191746117	191946117	harbor1	chr2	191779316	191779436	DNA/hAT-Charlie	475	-	60	191779376	33259
chr2	191746117	191946117	harbor1	chr2	191784058	191784375	DNA/hAT-Charlie	1468	-	158	191784216	38099
chr2	191746117	191946117	harbor1	chr2	191785016	191785200	DNA/hAT-Charlie	808	-	92	191785108	38991
chr2	191746117	191946117	harbor1	chr2	191789769	191789928	DNA/hAT-Charlie	427	-	80	191789849	43732
chr2	191746117	191946117	harbor1	chr2	191808268	191808510	DNA/hAT-Charlie	467	-	121	191808389	62272
chr2	32630991	32830991	harbor1	chr2	32641291	32641560	DNA/hAT-Charlie	1114	-	134	32641425	10434
chr2	32630991	32830991	harbor1	chr2	32655843	32656049	DNA/hAT-Charlie	983	-	103	32655946	24955
chr2	32630991	32830991	harbor1	chr2	32691605	32692011	DNA/hAT-Charlie	966	-	203	32691808	60817
chr2	32630991	32830991	harbor1	chr2	32708656	32708678	DNA/hAT-Charlie	1056	-	11	32708667	77676
chr2	32630991	32830991	harbor1	chr2	32708712	32708861	DNA/hAT-Charlie	1056	-	74	32708786	77795
chr2	19672922	19872922	harbor1	chr2	19673141	19673358	DNA/hAT-Charlie	1110	-	108	19673249	327
chr2	19672922	19872922	harbor1	chr2	19729299	19729494	DNA/hAT-Charlie	689	-	98	19729397	56475
chr2	19672922	19872922	harbor1	chr2	19744980	19745175	DNA/hAT-Charlie	1085	-	98	19745078	72156
chr2	19080776	19280776	harbor1	chr2	19110799	19111024	DNA/hAT-Charlie	1122	-	112	19110911	30135
chr2	19080776	19280776	harbor1	chr2	19178005	19178331	DNA/hAT-Charlie	1046	-	163	19178168	97392
chr2	238622783	238822783	harbor1	chr2	238630499	238630722	DNA/hAT-Charlie	430	-	112	238630611	7828
chr2	238622783	238822783	harbor1	chr2	238682476	238682793	DNA/hAT-Charlie	1866	-	158	238682634	59851
chr2	76389566	76589566	harbor1	chr2	76468084	76468263	DNA/hAT-Charlie	829	-	90	76468174	78608
chr2	76389566	76589566	harbor1	chr2	76431212	76431376	DNA/hAT-Charlie	472	-	82	76431294	41728
chr2	29616251	29816251	harbor1	chr2	29692385	29692748	DNA/hAT-Charlie	2073	-	182	29692567	76316
chr2	204850530	205050530	harbor1	chr2	204875436	204875584	DNA/hAT-Charlie	579	-	74	204875510	24980
chr2	204850530	205050530	harbor1	chr2	204893510	204893810	DNA/hAT-Charlie	1200	-	150	204893660	43130
chr2	196610425	196810425	harbor1	chr2	196623864	196624197	DNA/hAT-Charlie	1437	-	166	196624030	13605
chr2	196610425	196810425	harbor1	chr2	196662322	196662669	DNA/hAT-Charlie	2174	-	174	196662496	52071
chr2	196610425	196810425	harbor1	chr2	196665132	196665341	DNA/hAT-Charlie	469	-	104	196665236	54811
chr2	196610425	196810425	harbor1	chr2	196666400	196666555	DNA/hAT-Charlie	624	-	78	196666478	56053
chr3	27090827	27290827	harbor1	chr3	27090988	27091157	DNA/hAT-Charlie	714	-	84	27091072	245
chr3	27090827	27290827	harbor1	chr3	27094027	27094248	DNA/hAT-Charlie	1020	-	110	27094137	3310
chr3	27090827	27290827	harbor1	chr3	27128049	27128266	DNA/hAT-Charlie	937	-	108	27128157	37330
chr3	27090827	27290827	harbor1	chr3	27160035	27160228	DNA/hAT-Charlie	415	-	96	27160131	69304
chr3	27090827	27290827	harbor1	chr3	27164387	27164664	DNA/hAT-Charlie	597	-	138	27164525	73698
chr3	27090827	27290827	harbor1	chr3	27172865	27173003	DNA/hAT-Charlie	524	-	69	27172934	82107
chr3	13369420	13569420	harbor1	chr3	13423368	13423774	DNA/hAT-Charlie	739	-	203	13423571	54151
chr3	95883953	96083953	harbor1	chr3	95966850	95966964	DNA/hAT-Charlie	898	-	57	95966907	82954
chr3	95883953	96083953	harbor1	chr3	95967582	95967718	DNA/hAT-Charlie	898	-	68	95967650	83697
chr3	73186653	73386653	harbor1	chr3	73198331	73198582	DNA/hAT-Charlie	487	-	126	73198457	11804
chr3	73186653	73386653	harbor1	chr3	73246699	73246924	DNA/hAT-Charlie	1001	-	112	73246811	60158
chr3	73186653	73386653	harbor1	chr3	73256732	73256916	DNA/hAT-Charlie	1015	-	92	73256824	70171
chr3	73186653	73386653	harbor1	chr3	73259645	73259743	DNA/hAT-Charlie	394	-	49	73259694	73041
chr3	73186653	73386653	harbor1	chr3	73272886	73273110	DNA/hAT-Charlie	774	-	112	73272998	86345
chr3	73186653	73386653	harbor1	chr3	73278360	73278583	DNA/hAT-Charlie	1241	-	112	73278472	91819
chr3	73186653	73386653	harbor1	chr3	73279744	73279947	DNA/hAT-Charlie	721	-	102	73279846	93193
chr3	73186653	73386653	harbor1	chr3	73283302	73283378	DNA/hAT-Charlie	939	-	38	73283340	96687
chr3	73186653	73386653	harbor1	chr3	73283568	73283658	DNA/hAT-Charlie	939	-	45	73283613	96960
chr3	73186653	73386653	harbor1	chr3	73283954	73284025	DNA/hAT-Charlie	939	-	36	73283990	97337
chr3	170830118	171030118	harbor1	chr3	170831552	170831717	DNA/hAT-Charlie	960	-	82	170831634	1516
chr3	170830118	171030118	harbor1	chr3	170832738	170832873	DNA/hAT-Charlie	437	-	68	170832806	2688
chr3	170830118	171030118	harbor1	chr3	170849237	170849394	DNA/hAT-Charlie	564	-	78	170849315	19197
chr3	170830118	171030118	harbor1	chr3	170862828	170862970	DNA/hAT-Charlie	483	-	71	170862899	32781
chr3	170830118	171030118	harbor1	chr3	170911474	170911772	DNA/hAT-Charlie	1259	-	149	170911623	81505
chr3	85468218	85668218	harbor1	chr3	85534269	85534447	DNA/hAT-Charlie	442	-	89	85534358	66140
chr3	85468218	85668218	harbor1	chr3	85554045	85554429	DNA/hAT-Charlie	1801	-	192	85554237	86019
chr3	2801402	3001402	harbor1	chr3	2846039	2846161	DNA/hAT-Charlie	528	-	61	2846100	44698
chr3	2801402	3001402	harbor1	chr3	2846537	2846626	DNA/hAT-Charlie	528	-	44	2846581	45179
chr3	2801402	3001402	harbor1	chr3	2849737	2849982	DNA/hAT-Charlie	497	-	122	2849859	48457
chr3	2801402	3001402	harbor1	chr3	2892144	2892349	DNA/hAT-Charlie	708	-	102	2892246	90844
chr3	2801402	3001402	harbor1	chr3	2893861	2894261	DNA/hAT-Charlie	1527	-	200	2894061	92659
chr3	180215742	180415742	harbor1	chr3	180247044	180247231	DNA/hAT-Charlie	896	-	94	180247138	31396
chr3	148235898	148435898	harbor1	chr3	148250821	148251007	DNA/hAT-Charlie	843	-	93	148250914	15016
chr3	148235898	148435898	harbor1	chr3	148309506	148309677	DNA/hAT-Charlie	786	-	86	148309592	73694
chr3	148235898	148435898	harbor1	chr3	148313556	148313772	DNA/hAT-Charlie	602	-	108	148313664	77766
chr3	148235898	148435898	harbor1	chr3	148316473	148316807	DNA/hAT-Charlie	1958	-	167	148316640	80742
chr3	85960814	86160814	harbor1	chr3	86003760	86003927	DNA/hAT-Charlie	438	-	84	86003844	43030
chr3	85960814	86160814	harbor1	chr3	86004238	86004478	DNA/hAT-Charlie	703	-	120	86004358	43544
chr3	62843731	63043731	harbor1	chr3	62863967	62864224	DNA/hAT-Charlie	782	-	128	62864095	20364
chr3	62843731	63043731	harbor1	chr3	62868456	62868632	DNA/hAT-Charlie	689	-	88	62868544	24813
chr3	62843731	63043731	harbor1	chr3	62891237	62891307	DNA/hAT-Charlie	418	-	35	62891272	47541
chr3	62843731	63043731	harbor1	chr3	62933119	62933933	DNA/hAT-Charlie	945	-	407	62933526	89795
chr3	78175664	78375664	harbor1	chr3	78245000	78245143	DNA/hAT-Charlie	649	-	72	78245072	69408
chr3	78241197	78441197	harbor1	chr3	78245000	78245143	DNA/hAT-Charlie	649	-	72	78245072	3875
chr3	78241197	78441197	harbor1	chr3	78296860	78297052	DNA/hAT-Charlie	882	-	96	78296956	55759
chr3	6696378	6896378	harbor1	chr3	6717356	6717382	DNA/hAT-Charlie	503	-	13	6717369	20991
chr3	6696378	6896378	harbor1	chr3	6717734	6717873	DNA/hAT-Charlie	503	-	70	6717804	21426
chr3	6696378	6896378	harbor1	chr3	6774847	6775055	DNA/hAT-Charlie	1069	-	104	6774951	78573
chr3	187483700	187683700	harbor1	chr3	187536788	187537147	DNA/hAT-Charlie	2142	-	180	187536968	53268
chr3	187483700	187683700	harbor1	chr3	187552884	187553072	DNA/hAT-Charlie	475	-	94	187552978	69278
chr3	187483700	187683700	harbor1	chr3	187572809	187572985	DNA/hAT-Charlie	470	-	88	187572897	89197
chr3	187483700	187683700	harbor1	chr3	187573622	187573965	DNA/hAT-Charlie	1403	-	172	187573794	90094
chr3	127734383	127934383	harbor1	chr3	127738822	127738999	DNA/hAT-Charlie	466	-	88	127738910	4527
chr3	127734383	127934383	harbor1	chr3	127768805	127768974	DNA/hAT-Charlie	427	-	84	127768889	34506
chr3	127734383	127934383	harbor1	chr3	127784201	127784358	DNA/hAT-Charlie	821	-	78	127784279	49896
chr3	98572522	98772522	harbor1	chr3	98627465	98627636	DNA/hAT-Charlie	539	-	86	98627551	55029
chr3	98572522	98772522	harbor1	chr3	98628077	98628225	DNA/hAT-Charlie	619	-	74	98628151	55629
chr3	98572522	98772522	harbor1	chr3	98633714	98633918	DNA/hAT-Charlie	1039	-	102	98633816	61294
chr3	98572522	98772522	harbor1	chr3	98656394	98656587	DNA/hAT-Charlie	663	-	96	98656490	83968
chr3	73785099	73985099	harbor1	chr3	73853034	73853241	DNA/hAT-Charlie	932	-	104	73853138	68039
chr3	73785099	73985099	harbor1	chr3	73853990	73854178	DNA/hAT-Charlie	399	-	94	73854084	68985
chr3	73785099	73985099	harbor1	chr3	73854187	73854343	DNA/hAT-Charlie	404	-	78	73854265	69166
chr3	73785099	73985099	harbor1	chr3	73864587	73864795	DNA/hAT-Charlie	996	-	104	73864691	79592
chr3	73785099	73985099	harbor1	chr3	73864890	73865164	DNA/hAT-Charlie	1168	-	137	73865027	79928
chr3	73785099	73985099	harbor1	chr3	73865173	73865355	DNA/hAT-Charlie	414	-	91	73865264	80165
chr3	166218706	166418706	harbor1	chr3	166270089	166270372	DNA/hAT-Charlie	819	-	142	166270231	51525
chr3	166218706	166418706	harbor1	chr3	166288187	166288386	DNA/hAT-Charlie	1134	-	100	166288287	69581
chr3	166218706	166418706	harbor1	chr3	166315565	166315849	DNA/hAT-Charlie	412	-	142	166315707	97001
chr3	64137021	64337021	harbor1	chr3	64143105	64143189	DNA/hAT-Charlie	417	-	42	64143147	6126
chr3	64137021	64337021	harbor1	chr3	64144730	64144929	DNA/hAT-Charlie	618	-	100	64144830	7809
chr3	64137021	64337021	harbor1	chr3	64160827	64160955	DNA/hAT-Charlie	1106	-	64	64160891	23870
chr3	64137021	64337021	harbor1	chr3	64160992	64161304	DNA/hAT-Charlie	1106	-	156	64161148	24127
chr3	64137021	64337021	harbor1	chr3	64167765	64167913	DNA/hAT-Charlie	676	-	74	64167839	30818
chr3	64137021	64337021	harbor1	chr3	64168272	64168494	DNA/hAT-Charlie	1651	-	111	64168383	31362
chr3	64137021	64337021	harbor1	chr3	64188384	64188564	DNA/hAT-Charlie	911	-	90	64188474	51453
chr3	64137021	64337021	harbor1	chr3	64196721	64197036	DNA/hAT-Charlie	519	-	158	64196879	59858
chr3	64137021	64337021	harbor1	chr3	64216222	64216398	DNA/hAT-Charlie	539	-	88	64216310	79289
chr3	61604058	61804058	harbor1	chr3	61607767	61608107	DNA/hAT-Charlie	409	-	170	61607937	3879
chr3	61604058	61804058	harbor1	chr3	61611628	61611934	DNA/hAT-Charlie	1323	-	153	61611781	7723
chr3	61604058	61804058	harbor1	chr3	61645629	61645841	DNA/hAT-Charlie	1026	-	106	61645735	41677
chr3	61604058	61804058	harbor1	chr3	61652664	61652869	DNA/hAT-Charlie	804	-	102	61652766	48708
chr3	61604058	61804058	harbor1	chr3	61663489	61663977	DNA/hAT-Charlie	3480	-	244	61663733	59675
chr3	61604058	61804058	harbor1	chr3	61666639	61666818	DNA/hAT-Charlie	572	-	90	61666729	62671
chr3	61604058	61804058	harbor1	chr3	61698298	61698500	DNA/hAT-Charlie	1090	-	101	61698399	94341
chr3	61604058	61804058	harbor1	chr3	61698588	61698801	DNA/hAT-Charlie	915	-	106	61698694	94636
chr3	61604058	61804058	harbor1	chr3	61699240	61699470	DNA/hAT-Charlie	1001	-	115	61699355	95297
chr3	143042067	143242067	harbor1	chr3	143110418	143110573	DNA/hAT-Charlie	812	-	78	143110496	68429
chr3	168329466	168529466	harbor1	chr3	168342131	168342353	DNA/hAT-Charlie	821	-	111	168342242	12776
chr3	168329466	168529466	harbor1	chr3	168343123	168343255	DNA/hAT-Charlie	769	-	66	168343189	13723
chr3	168329466	168529466	harbor1	chr3	168356434	168356604	DNA/hAT-Charlie	514	-	85	168356519	27053
chr3	168329466	168529466	harbor1	chr3	168428381	168428577	DNA/hAT-Charlie	901	-	98	168428479	99013
chr3	178024200	178224200	harbor1	chr3	178047509	178047644	DNA/hAT-Charlie	441	-	68	178047577	23377
chr3	178024200	178224200	harbor1	chr3	178054762	178055027	DNA/hAT-Charlie	546	-	132	178054894	30694
chr3	177329771	177529771	harbor1	chr3	177362467	177362699	DNA/hAT-Charlie	635	-	116	177362583	32812
chr3	177329771	177529771	harbor1	chr3	177363436	177363742	DNA/hAT-Charlie	1246	-	153	177363589	33818
chr3	177329771	177529771	harbor1	chr3	177364143	177364541	DNA/hAT-Charlie	824	-	199	177364342	34571
chr3	177329771	177529771	harbor1	chr3	177364826	177365063	DNA/hAT-Charlie	561	-	118	177364944	35173
chr3	177329771	177529771	harbor1	chr3	177379669	177379848	DNA/hAT-Charlie	522	-	90	177379759	49988
chr3	177329771	177529771	harbor1	chr3	177422453	177422558	DNA/hAT-Charlie	579	-	52	177422505	92734
chr3	177329771	177529771	harbor1	chr3	177423998	177424267	DNA/hAT-Charlie	1477	-	134	177424132	94361
chr3	148748364	148948364	harbor1	chr3	148757255	148757422	DNA/hAT-Charlie	603	-	84	148757339	8975
chr3	148748364	148948364	harbor1	chr3	148794601	148795014	DNA/hAT-Charlie	1378	-	206	148794807	46443
chr3	148748364	148948364	harbor1	chr3	148820467	148820601	DNA/hAT-Charlie	450	-	67	148820534	72170
chr3	188690527	188890527	harbor1	chr3	188709742	188710026	DNA/hAT-Charlie	661	-	142	188709884	19357
chr3	14456512	14656512	harbor1	chr3	14532406	14532608	DNA/hAT-Charlie	999	-	101	14532507	75995
chr3	14456512	14656512	harbor1	chr3	14499790	14500000	DNA/hAT-Charlie	1381	-	105	14499895	43383
chr3	183960284	184160284	harbor1	chr3	183964411	183964584	DNA/hAT-Charlie	1004	-	86	183964497	4213
chr3	183960284	184160284	harbor1	chr3	183992851	183993202	DNA/hAT-Charlie	3775	-	176	183993027	32743
chr3	183960284	184160284	harbor1	chr3	183993505	183993714	DNA/hAT-Charlie	3775	-	104	183993609	33325
chr3	183960284	184160284	harbor1	chr3	183993836	183993961	DNA/hAT-Charlie	3775	-	62	183993898	33614
chr3	183960284	184160284	harbor1	chr3	183994194	183994313	DNA/hAT-Charlie	3775	-	60	183994254	33970
chr3	183960284	184160284	harbor1	chr3	184000874	184000979	DNA/hAT-Charlie	1328	-	52	184000926	40642
chr3	183960284	184160284	harbor1	chr3	184001271	184001496	DNA/hAT-Charlie	1328	-	112	184001383	41099
chr3	183960284	184160284	harbor1	chr3	184003966	184004141	DNA/hAT-Charlie	623	-	88	184004054	43770
chr3	183960284	184160284	harbor1	chr3	184024135	184024351	DNA/hAT-Charlie	675	-	108	184024243	63959
chr3	183960284	184160284	harbor1	chr3	184025212	184025290	DNA/hAT-Charlie	392	-	39	184025251	64967
chr3	183960284	184160284	harbor1	chr3	184029376	184029675	DNA/hAT-Charlie	987	-	150	184029526	69242
chr3	125839499	126039499	harbor1	chr3	125860939	125861152	DNA/hAT-Charlie	1250	-	106	125861045	21546
chr3	125839499	126039499	harbor1	chr3	125862816	125862968	DNA/hAT-Charlie	709	-	76	125862892	23393
chr3	125839499	126039499	harbor1	chr3	125934138	125934345	DNA/hAT-Charlie	884	-	104	125934242	94743
chr3	130348148	130548148	harbor1	chr3	130408906	130409098	DNA/hAT-Charlie	979	-	96	130409002	60854
chr3	130348148	130548148	harbor1	chr3	130410634	130410879	DNA/hAT-Charlie	868	-	122	130410756	62608
chr3	130348148	130548148	harbor1	chr3	130441240	130441373	DNA/hAT-Charlie	591	-	66	130441306	93158
chr3	41775781	41975781	harbor1	chr3	41788926	41789082	DNA/hAT-Charlie	832	-	78	41789004	13223
chr3	41775781	41975781	harbor1	chr3	41793951	41794122	DNA/hAT-Charlie	635	-	86	41794037	18256
chr3	41775781	41975781	harbor1	chr3	41853100	41853285	DNA/hAT-Charlie	1075	-	92	41853192	77411
chr3	41775781	41975781	harbor1	chr3	41853289	41853418	DNA/hAT-Charlie	418	-	64	41853353	77572
chr3	41775781	41975781	harbor1	chr3	41866333	41866668	DNA/hAT-Charlie	2348	-	168	41866501	90720
chr3	22629002	22829002	harbor1	chr3	22630502	22630643	DNA/hAT-Charlie	459	-	70	22630572	1570
chr3	22629002	22829002	harbor1	chr3	22648723	22649065	DNA/hAT-Charlie	2145	-	171	22648894	19892
chr3	22629002	22829002	harbor1	chr3	22664549	22664733	DNA/hAT-Charlie	573	-	92	22664641	35639
chr3	22629002	22829002	harbor1	chr3	22664746	22664976	DNA/hAT-Charlie	769	-	115	22664861	35859
chr3	22629002	22829002	harbor1	chr3	22671644	22672295	DNA/hAT-Charlie	1097	-	326	22671970	42968
chr3	22629002	22829002	harbor1	chr3	22677518	22677809	DNA/hAT-Charlie	485	-	146	22677664	48662
chr3	22629002	22829002	harbor1	chr3	22715001	22715184	DNA/hAT-Charlie	953	-	92	22715093	86091
chr3	22629002	22829002	harbor1	chr3	22716595	22716842	DNA/hAT-Charlie	562	-	124	22716719	87717
chr3	22629002	22829002	harbor1	chr3	22723202	22723394	DNA/hAT-Charlie	913	-	96	22723298	94296
chr3	53184757	53384757	harbor1	chr3	53191571	53191865	DNA/hAT-Charlie	1320	-	147	53191718	6961
chr3	163065342	163265342	harbor1	chr3	163100473	163100682	DNA/hAT-Charlie	789	-	104	163100577	35235
chr3	76534770	76734770	harbor1	chr3	76574726	76574885	DNA/hAT-Charlie	580	-	80	76574806	40036
chr3	76534770	76734770	harbor1	chr3	76585415	76585596	DNA/hAT-Charlie	891	-	90	76585505	50735
chr3	76534770	76734770	harbor1	chr3	76586548	76586704	DNA/hAT-Charlie	462	-	78	76586626	51856
chr3	76534770	76734770	harbor1	chr3	76591422	76591602	DNA/hAT-Charlie	390	-	90	76591512	56742
chr3	172006451	172206451	harbor1	chr3	172047596	172047910	DNA/hAT-Charlie	552	-	157	172047753	41302
chr3	172006451	172206451	harbor1	chr3	172075673	172075724	DNA/hAT-Charlie	744	-	26	172075699	69248
chr3	172006451	172206451	harbor1	chr3	172075768	172075935	DNA/hAT-Charlie	744	-	84	172075852	69401
chr3	172006451	172206451	harbor1	chr3	172090251	172090408	DNA/hAT-Charlie	419	-	78	172090329	83878
chr3	182615194	182815194	harbor1	chr3	182662461	182662644	DNA/hAT-Charlie	710	-	92	182662553	47359
chr3	146369564	146569564	harbor1	chr3	146387633	146387792	DNA/hAT-Charlie	547	-	80	146387713	18149
chr3	146369564	146569564	harbor1	chr3	146403316	146403503	DNA/hAT-Charlie	853	-	94	146403410	33846
chr3	146369564	146569564	harbor1	chr3	146448413	146448567	DNA/hAT-Charlie	672	-	77	146448490	78926
chr3	146369564	146569564	harbor1	chr3	146448585	146448739	DNA/hAT-Charlie	412	-	77	146448662	79098
chr3	146369564	146569564	harbor1	chr3	146453197	146453381	DNA/hAT-Charlie	463	-	92	146453289	83725
chr3	111054285	111254285	harbor1	chr3	111077864	111078169	DNA/hAT-Charlie	1140	-	152	111078016	23731
chr3	111054285	111254285	harbor1	chr3	111078381	111078567	DNA/hAT-Charlie	471	-	93	111078474	24189
chr3	111054285	111254285	harbor1	chr3	111082621	111083171	DNA/hAT-Charlie	3403	-	275	111082896	28611
chr3	111054285	111254285	harbor1	chr3	111115009	111115228	DNA/hAT-Charlie	734	-	110	111115119	60834
chr3	111054285	111254285	harbor1	chr3	111116317	111116448	DNA/hAT-Charlie	568	-	66	111116383	62098
chr3	111054285	111254285	harbor1	chr3	111123791	111123884	DNA/hAT-Charlie	502	-	46	111123837	69552
chr3	111054285	111254285	harbor1	chr3	111139957	111140155	DNA/hAT-Charlie	580	-	99	111140056	85771
chr3	111054285	111254285	harbor1	chr3	111140192	111140514	DNA/hAT-Charlie	669	-	161	111140353	86068
chr3	99346211	99546211	harbor1	chr3	99390828	99391043	DNA/hAT-Charlie	944	-	108	99390936	44725
chr3	30117745	30317745	harbor1	chr3	30140200	30140353	DNA/hAT-Charlie	719	-	76	30140276	22531
chr3	188280595	188480595	harbor1	chr3	188303089	188303324	DNA/hAT-Charlie	852	-	118	188303207	22612
chr3	188280595	188480595	harbor1	chr3	188306510	188306850	DNA/hAT-Charlie	450	-	170	188306680	26085
chr3	188280595	188480595	harbor1	chr3	188308330	188308504	DNA/hAT-Charlie	452	-	87	188308417	27822
chr3	188280595	188480595	harbor1	chr3	188327999	188329162	DNA/hAT-Charlie	3434	-	582	188328581	47986
chr3	115167125	115367125	harbor1	chr3	115200515	115200689	DNA/hAT-Charlie	556	-	87	115200602	33477
chr3	115167125	115367125	harbor1	chr3	115201855	115202003	DNA/hAT-Charlie	660	-	74	115201929	34804
chr3	115167125	115367125	harbor1	chr3	115207679	115207844	DNA/hAT-Charlie	516	-	82	115207761	40636
chr3	115167125	115367125	harbor1	chr3	115234488	115234634	DNA/hAT-Charlie	393	-	73	115234561	67436
chr3	44662630	44862630	harbor1	chr3	44701140	44701436	DNA/hAT-Charlie	3887	-	148	44701288	38658
chr3	44662630	44862630	harbor1	chr3	44702066	44702644	DNA/hAT-Charlie	3887	-	289	44702355	39725
chr3	44662630	44862630	harbor1	chr3	44704154	44704357	DNA/hAT-Charlie	760	-	102	44704256	41626
chr3	44662630	44862630	harbor1	chr3	44742578	44742729	DNA/hAT-Charlie	758	-	76	44742654	80024
chr3	44662630	44862630	harbor1	chr3	44742757	44742916	DNA/hAT-Charlie	490	-	80	44742837	80207
chr3	44662630	44862630	harbor1	chr3	44745447	44745557	DNA/hAT-Charlie	464	-	55	44745502	82872
chr3	44662630	44862630	harbor1	chr3	44748538	44748708	DNA/hAT-Charlie	549	-	85	44748623	85993
chr3	17160529	17360529	harbor1	chr3	17169784	17170119	DNA/hAT-Charlie	2196	-	168	17169952	9423
chr3	17160529	17360529	harbor1	chr3	17193993	17194151	DNA/hAT-Charlie	962	-	79	17194072	33543
chr3	17160529	17360529	harbor1	chr3	17224316	17224581	DNA/hAT-Charlie	965	-	132	17224448	63919
chr3	31895932	32095932	harbor1	chr3	31911155	31911346	DNA/hAT-Charlie	744	-	96	31911251	15319
chr3	31895932	32095932	harbor1	chr3	31911509	31911734	DNA/hAT-Charlie	1412	-	112	31911621	15689
chr3	31895932	32095932	harbor1	chr3	31912860	31912978	DNA/hAT-Charlie	408	-	59	31912919	16987
chr3	31895932	32095932	harbor1	chr3	31914713	31914903	DNA/hAT-Charlie	972	-	95	31914808	18876
chr3	31895932	32095932	harbor1	chr3	31924666	31924892	DNA/hAT-Charlie	1058	-	113	31924779	28847
chr3	31895932	32095932	harbor1	chr3	31935289	31935467	DNA/hAT-Charlie	516	-	89	31935378	39446
chr3	173952404	174152404	harbor1	chr3	173954944	173955286	DNA/hAT-Charlie	1320	-	171	173955115	2711
chr3	173952404	174152404	harbor1	chr3	173984512	173984704	DNA/hAT-Charlie	426	-	96	173984608	32204
chr3	173952404	174152404	harbor1	chr3	173992124	173992327	DNA/hAT-Charlie	400	-	102	173992226	39822
chr3	173952404	174152404	harbor1	chr3	173996308	173996496	DNA/hAT-Charlie	714	-	94	173996402	43998
chr3	189905305	190105305	harbor1	chr3	189958497	189958699	DNA/hAT-Charlie	653	-	101	189958598	53293
chr3	189905305	190105305	harbor1	chr3	189958989	189959011	DNA/hAT-Charlie	653	-	11	189959000	53695
chr3	189905305	190105305	harbor1	chr3	189975831	189976249	DNA/hAT-Charlie	1005	-	209	189976040	70735
chr3	189905305	190105305	harbor1	chr3	189976593	189976802	DNA/hAT-Charlie	1005	-	104	189976697	71392
chr3	189905305	190105305	harbor1	chr3	189998760	189999070	DNA/hAT-Charlie	1832	-	155	189998915	93610
chr3	18858148	19058148	harbor1	chr3	18878797	18879050	DNA/hAT-Charlie	607	-	126	18878923	20775
chr3	47212979	47412979	harbor1	chr3	47221865	47222033	DNA/hAT-Charlie	834	-	84	47221949	8970
chr3	47212979	47412979	harbor1	chr3	47255566	47255681	DNA/hAT-Charlie	426	-	58	47255624	42645
chr3	47212979	47412979	harbor1	chr3	47258063	47258243	DNA/hAT-Charlie	1137	-	90	47258153	45174
chr3	47212979	47412979	harbor1	chr3	47258410	47258472	DNA/hAT-Charlie	1137	-	31	47258441	45462
chr3	47212979	47412979	harbor1	chr3	47258855	47258987	DNA/hAT-Charlie	1137	-	66	47258921	45942
chr3	47212979	47412979	harbor1	chr3	47286511	47286689	DNA/hAT-Charlie	867	-	89	47286600	73621
chr3	47212979	47412979	harbor1	chr3	47291445	47291652	DNA/hAT-Charlie	925	-	104	47291549	78570
chr3	169792947	169992947	harbor1	chr3	169801744	169801804	DNA/hAT-Charlie	577	-	30	169801774	8827
chr3	169792947	169992947	harbor1	chr3	169802098	169802263	DNA/hAT-Charlie	577	-	82	169802180	9233
chr3	169792947	169992947	harbor1	chr3	169833887	169834079	DNA/hAT-Charlie	774	-	96	169833983	41036
chr3	169792947	169992947	harbor1	chr3	169834363	169834419	DNA/hAT-Charlie	774	-	28	169834391	41444
chr3	169792947	169992947	harbor1	chr3	169834428	169835334	DNA/hAT-Charlie	2714	-	453	169834881	41934
chr3	169792947	169992947	harbor1	chr3	169835336	169835364	DNA/hAT-Charlie	796	-	14	169835350	42403
chr3	169792947	169992947	harbor1	chr3	169835396	169835650	DNA/hAT-Charlie	796	-	127	169835523	42576
chr3	120420998	120620998	harbor1	chr3	120430916	120430980	DNA/hAT-Charlie	1372	-	32	120430948	9950
chr3	120420998	120620998	harbor1	chr3	120431271	120431526	DNA/hAT-Charlie	1372	-	128	120431399	10401
chr3	120420998	120620998	harbor1	chr3	120471369	120471526	DNA/hAT-Charlie	697	-	78	120471447	50449
chr3	120420998	120620998	harbor1	chr3	120471735	120471897	DNA/hAT-Charlie	818	-	81	120471816	50818
chr3	120420998	120620998	harbor1	chr3	120471913	120472103	DNA/hAT-Charlie	892	-	95	120472008	51010
chr3	120420998	120620998	harbor1	chr3	120473773	120473889	DNA/hAT-Charlie	696	-	58	120473831	52833
chr3	120420998	120620998	harbor1	chr3	120471547	120471726	DNA/hAT-Charlie	579	-	90	120471637	50639
chr3	62270200	62470200	harbor1	chr3	62327220	62327504	DNA/hAT-Charlie	1175	-	142	62327362	57162
chr3	29071713	29271713	harbor1	chr3	29078561	29078687	DNA/hAT-Charlie	388	-	63	29078624	6911
chr3	29071713	29271713	harbor1	chr3	29103869	29104088	DNA/hAT-Charlie	1067	-	110	29103979	32266
chr3	29071713	29271713	harbor1	chr3	29105833	29105990	DNA/hAT-Charlie	544	-	78	29105911	34198
chr3	29071713	29271713	harbor1	chr3	29150053	29150388	DNA/hAT-Charlie	1642	-	168	29150221	78508
chr3	29071713	29271713	harbor1	chr3	29151758	29151923	DNA/hAT-Charlie	472	-	82	29151840	80127
chr3	29071713	29271713	harbor1	chr3	29152510	29152710	DNA/hAT-Charlie	1136	-	100	29152610	80897
chr3	29071713	29271713	harbor1	chr3	29155735	29155919	DNA/hAT-Charlie	492	-	92	29155827	84114
chr3	127118619	127318619	harbor1	chr3	127123533	127123751	DNA/hAT-Charlie	1114	-	109	127123642	5023
chr3	127118619	127318619	harbor1	chr3	127127551	127127750	DNA/hAT-Charlie	934	-	100	127127651	9032
chr3	127118619	127318619	harbor1	chr3	127175238	127175569	DNA/hAT-Charlie	675	-	166	127175404	56785
chr3	127118619	127318619	harbor1	chr3	127194233	127194432	DNA/hAT-Charlie	1352	-	100	127194333	75714
chr3	127118619	127318619	harbor1	chr3	127206038	127206186	DNA/hAT-Charlie	439	-	74	127206112	87493
chr3	127118619	127318619	harbor1	chr3	127216221	127216484	DNA/hAT-Charlie	453	-	132	127216353	97734
chr3	65366094	65566094	harbor1	chr3	65374656	65374798	DNA/hAT-Charlie	410	-	71	65374727	8633
chr3	65366094	65566094	harbor1	chr3	65419340	65419487	DNA/hAT-Charlie	428	-	74	65419414	53320
chr3	166890196	167090196	harbor1	chr3	166899817	166899972	DNA/hAT-Charlie	503	-	78	166899895	9699
chr3	115434438	115634438	harbor1	chr3	115510408	115510571	DNA/hAT-Charlie	783	-	82	115510490	76052
chr3	144120876	144320876	harbor1	chr3	144124918	144125316	DNA/hAT-Charlie	889	-	199	144125117	4241
chr3	144120876	144320876	harbor1	chr3	144135509	144135656	DNA/hAT-Charlie	434	-	74	144135583	14707
chr3	144120876	144320876	harbor1	chr3	144136865	144137182	DNA/hAT-Charlie	813	-	158	144137023	16147
chr3	144120876	144320876	harbor1	chr3	144152387	144152551	DNA/hAT-Charlie	687	-	82	144152469	31593
chr3	144120876	144320876	harbor1	chr3	144212252	144212924	DNA/hAT-Charlie	4519	-	336	144212588	91712
chr3	144120876	144320876	harbor1	chr3	144213739	144214900	DNA/hAT-Charlie	13888	-	580	144214319	93443
chr3	144120876	144320876	harbor1	chr3	144215218	144216142	DNA/hAT-Charlie	13888	-	462	144215680	94804
chr3	144120876	144320876	harbor1	chr3	144219769	144220567	DNA/hAT-Charlie	1743	-	399	144220168	99292
chr3	108503691	108703691	harbor1	chr3	108527021	108527203	DNA/hAT-Charlie	1006	-	91	108527112	23421
chr3	108503691	108703691	harbor1	chr3	108549618	108549764	DNA/hAT-Charlie	598	-	73	108549691	46000
chr3	108503691	108703691	harbor1	chr3	108562218	108562422	DNA/hAT-Charlie	772	-	102	108562320	58629
chr3	108503691	108703691	harbor1	chr3	108584471	108584669	DNA/hAT-Charlie	982	-	99	108584570	80879
chr3	75503631	75703631	harbor1	chr3	75507677	75507775	DNA/hAT-Charlie	1067	-	49	75507726	4095
chr3	75503631	75703631	harbor1	chr3	75508173	75508288	DNA/hAT-Charlie	1067	-	58	75508231	4600
chr3	75503631	75703631	harbor1	chr3	75521570	75521802	DNA/hAT-Charlie	702	-	116	75521686	18055
chr3	75503631	75703631	harbor1	chr3	75572332	75572528	DNA/hAT-Charlie	993	-	98	75572430	68799
chr3	19419056	19619056	harbor1	chr3	19514911	19515220	DNA/hAT-Charlie	1112	-	154	19515065	96009
chr3	63166434	63366434	harbor1	chr3	63169652	63169808	DNA/hAT-Charlie	732	-	78	63169730	3296
chr3	63166434	63366434	harbor1	chr3	63197095	63197303	DNA/hAT-Charlie	811	-	104	63197199	30765
chr3	63166434	63366434	harbor1	chr3	63229662	63229794	DNA/hAT-Charlie	543	-	66	63229728	63294
chr3	63166434	63366434	harbor1	chr3	63229871	63230012	DNA/hAT-Charlie	543	-	70	63229941	63507
chr3	63166434	63366434	harbor1	chr3	63255084	63255205	DNA/hAT-Charlie	449	-	60	63255144	88710
chr3	63166434	63366434	harbor1	chr3	63262962	63263289	DNA/hAT-Charlie	533	-	164	63263126	96692
chr3	194322481	194522481	harbor1	chr3	194333041	194333440	DNA/hAT-Charlie	610	-	200	194333241	10760
chr3	194322481	194522481	harbor1	chr3	194371671	194371855	DNA/hAT-Charlie	774	-	92	194371763	49282
chr3	194322481	194522481	harbor1	chr3	194371891	194371910	DNA/hAT-Charlie	774	-	10	194371901	49420
chr3	194322481	194522481	harbor1	chr3	194409753	194409828	DNA/hAT-Charlie	482	-	38	194409791	87310
chr3	43067022	43267022	harbor1	chr3	43132292	43132454	DNA/hAT-Charlie	894	-	81	43132373	65351
chr3	38667832	38867832	harbor1	chr3	38669913	38670124	DNA/hAT-Charlie	663	-	106	38670019	2187
chr3	195300274	195500274	harbor1	chr3	195366617	195366720	DNA/hAT-Charlie	420	-	52	195366669	66395
chr3	195300274	195500274	harbor1	chr3	195366876	195367034	DNA/hAT-Charlie	685	-	79	195366955	66681
chr3	195300274	195500274	harbor1	chr3	195367128	195367311	DNA/hAT-Charlie	1032	-	92	195367220	66946
chr3	14776796	14976796	harbor1	chr3	14796275	14796430	DNA/hAT-Charlie	592	-	78	14796353	19557
chr3	14776796	14976796	harbor1	chr3	14824641	14825030	DNA/hAT-Charlie	1153	-	194	14824835	48039
chr3	14776796	14976796	harbor1	chr3	14833987	14834177	DNA/hAT-Charlie	420	-	95	14834082	57286
chr3	14776796	14976796	harbor1	chr3	14876316	14876521	DNA/hAT-Charlie	1637	-	102	14876418	99622
chr3	14776796	14976796	harbor1	chr3	14876549	14876745	DNA/hAT-Charlie	1637	-	98	14876647	99851
chr3	106161167	106361167	harbor1	chr3	106180970	106181131	DNA/hAT-Charlie	591	-	80	106181050	19883
chr3	106161167	106361167	harbor1	chr3	106186733	106187055	DNA/hAT-Charlie	1031	-	161	106186894	25727
chr3	106161167	106361167	harbor1	chr3	106208215	106208506	DNA/hAT-Charlie	820	-	146	106208361	47194
chr3	132010545	132210545	harbor1	chr3	132011996	132012156	DNA/hAT-Charlie	938	-	80	132012076	1531
chr3	132010545	132210545	harbor1	chr3	132012468	132012530	DNA/hAT-Charlie	938	-	31	132012499	1954
chr3	132010545	132210545	harbor1	chr3	132021464	132021669	DNA/hAT-Charlie	571	-	102	132021566	11021
chr3	132010545	132210545	harbor1	chr3	132038953	132039161	DNA/hAT-Charlie	994	-	104	132039057	28512
chr3	132010545	132210545	harbor1	chr3	132069026	132069176	DNA/hAT-Charlie	485	-	75	132069101	58556
chr3	132010545	132210545	harbor1	chr3	132084115	132084322	DNA/hAT-Charlie	1071	-	104	132084219	73674
chr3	132010545	132210545	harbor1	chr3	132093046	132093245	DNA/hAT-Charlie	911	-	100	132093146	82601
chr3	132010545	132210545	harbor1	chr3	132107350	132107479	DNA/hAT-Charlie	393	-	64	132107414	96869
chr3	44992868	45192868	harbor1	chr3	45022367	45022717	DNA/hAT-Charlie	2293	-	175	45022542	29674
chr3	44992868	45192868	harbor1	chr3	45047661	45047869	DNA/hAT-Charlie	1176	-	104	45047765	54897
chr3	44992868	45192868	harbor1	chr3	45084094	45084224	DNA/hAT-Charlie	559	-	65	45084159	91291
chr3	118648676	118848676	harbor1	chr3	118670159	118670252	DNA/hAT-Charlie	532	-	46	118670205	21529
chr3	131740056	131940056	harbor1	chr3	131790789	131791479	DNA/hAT-Charlie	2028	-	345	131791134	51078
chr3	131740056	131940056	harbor1	chr3	131791616	131791742	DNA/hAT-Charlie	483	-	63	131791679	51623
chr3	131740056	131940056	harbor1	chr3	131831379	131831716	DNA/hAT-Charlie	794	-	168	131831547	91491
chr3	124261308	124461308	harbor1	chr3	124267284	124267443	DNA/hAT-Charlie	965	-	80	124267364	6056
chr3	124261308	124461308	harbor1	chr3	124271795	124271944	DNA/hAT-Charlie	643	-	74	124271869	10561
chr3	124261308	124461308	harbor1	chr3	124272202	124272511	DNA/hAT-Charlie	1313	-	154	124272356	11048
chr3	124261308	124461308	harbor1	chr3	124285341	124285384	DNA/hAT-Charlie	808	-	22	124285363	24055
chr3	124261308	124461308	harbor1	chr3	124285517	124285532	DNA/hAT-Charlie	808	-	8	124285525	24217
chr3	124261308	124461308	harbor1	chr3	124285835	124285976	DNA/hAT-Charlie	808	-	70	124285905	24597
chr3	124261308	124461308	harbor1	chr3	124301955	124302117	DNA/hAT-Charlie	448	-	81	124302036	40728
chr3	124261308	124461308	harbor1	chr3	124317551	124317709	DNA/hAT-Charlie	771	-	79	124317630	56322
chr3	87105672	87305672	harbor1	chr3	87112590	87112761	DNA/hAT-Charlie	518	-	86	87112676	7004
chr3	87105672	87305672	harbor1	chr3	87121600	87121751	DNA/hAT-Charlie	484	-	76	87121676	16004
chr3	87105672	87305672	harbor1	chr3	87124777	87124941	DNA/hAT-Charlie	389	-	82	87124859	19187
chr3	87105672	87305672	harbor1	chr3	87189579	87189701	DNA/hAT-Charlie	480	-	61	87189640	83968
chr3	87105672	87305672	harbor1	chr3	87189688	87189919	DNA/hAT-Charlie	902	-	116	87189804	84132
chr3	87105672	87305672	harbor1	chr3	87204869	87205077	DNA/hAT-Charlie	741	-	104	87204973	99301
chr3	159046335	159246335	harbor1	chr3	159053707	159053991	DNA/hAT-Charlie	1097	-	142	159053849	7514
chr3	159046335	159246335	harbor1	chr3	159119992	159120199	DNA/hAT-Charlie	544	-	104	159120096	73761
chr3	111229580	111429580	harbor1	chr3	111280275	111280609	DNA/hAT-Charlie	1843	-	167	111280442	50862
chr3	111229580	111429580	harbor1	chr3	111317419	111317724	DNA/hAT-Charlie	746	-	152	111317571	87991
chr3	111229580	111429580	harbor1	chr3	111329135	111329329	DNA/hAT-Charlie	973	-	97	111329232	99652
chr3	53724841	53924841	harbor1	chr3	53749845	53750052	DNA/hAT-Charlie	892	-	104	53749949	25108
chr3	53724841	53924841	harbor1	chr3	53759668	53759864	DNA/hAT-Charlie	421	-	98	53759766	34925
chr3	53724841	53924841	harbor1	chr3	53794588	53794701	DNA/hAT-Charlie	496	-	56	53794644	69803
chr3	53724841	53924841	harbor1	chr3	53794696	53794901	DNA/hAT-Charlie	731	-	102	53794798	69957
chr3	53724841	53924841	harbor1	chr3	53801725	53802051	DNA/hAT-Charlie	1059	-	163	53801888	77047
chr3	67013546	67213546	harbor1	chr3	67046486	67046917	DNA/hAT-Charlie	523	-	216	67046702	33156
chr3	67013546	67213546	harbor1	chr3	67047227	67047549	DNA/hAT-Charlie	484	-	161	67047388	33842
chr3	151032723	151232723	harbor1	chr3	151037201	151037499	DNA/hAT-Charlie	569	-	149	151037350	4627
chr3	151032723	151232723	harbor1	chr3	151037561	151037706	DNA/hAT-Charlie	435	-	72	151037633	4910
chr3	151032723	151232723	harbor1	chr3	151059906	151060092	DNA/hAT-Charlie	817	-	93	151059999	27276
chr3	151032723	151232723	harbor1	chr3	151078984	151079118	DNA/hAT-Charlie	465	-	67	151079051	46328
chr3	151032723	151232723	harbor1	chr3	151091313	151091479	DNA/hAT-Charlie	654	-	83	151091396	58673
chr3	151032723	151232723	harbor1	chr3	151099278	151099640	DNA/hAT-Charlie	1381	-	181	151099459	66736
chr3	151032723	151232723	harbor1	chr3	151100918	151101108	DNA/hAT-Charlie	656	-	95	151101013	68290
chr3	151032723	151232723	harbor1	chr3	151112406	151112552	DNA/hAT-Charlie	549	-	73	151112479	79756
chr3	155283974	155483974	harbor1	chr3	155315907	155316056	DNA/hAT-Charlie	526	-	74	155315981	32007
chr3	134055029	134255029	harbor1	chr3	134083437	134083603	DNA/hAT-Charlie	772	-	83	134083520	28491
chr3	134055029	134255029	harbor1	chr3	134090938	134091214	DNA/hAT-Charlie	1767	-	138	134091076	36047
chr3	134055029	134255029	harbor1	chr3	134128962	134129468	DNA/hAT-Charlie	2994	-	253	134129215	74186
chr3	157799820	157999820	harbor1	chr3	157806692	157807144	DNA/hAT-Charlie	1026	-	226	157806918	7098
chr3	157799820	157999820	harbor1	chr3	157815105	157815284	DNA/hAT-Charlie	708	-	90	157815195	15375
chr3	157799820	157999820	harbor1	chr3	157818150	157818298	DNA/hAT-Charlie	463	-	74	157818224	18404
chr3	157799820	157999820	harbor1	chr3	157863772	157863902	DNA/hAT-Charlie	426	-	65	157863837	64017
chr3	56851451	57051451	harbor1	chr3	56858894	56859023	DNA/hAT-Charlie	420	-	64	56858958	7507
chr3	56851451	57051451	harbor1	chr3	56860471	56860736	DNA/hAT-Charlie	1206	-	132	56860603	9152
chr3	56851451	57051451	harbor1	chr3	56903745	56903878	DNA/hAT-Charlie	1401	-	66	56903811	52360
chr3	56851451	57051451	harbor1	chr3	56904465	56904795	DNA/hAT-Charlie	1401	-	165	56904630	53179
chr3	56851451	57051451	harbor1	chr3	56906163	56906344	DNA/hAT-Charlie	942	-	90	56906253	54802
chr3	56851451	57051451	harbor1	chr3	56919009	56919324	DNA/hAT-Charlie	723	-	158	56919167	67716
chr3	56851451	57051451	harbor1	chr3	56929447	56929600	DNA/hAT-Charlie	794	-	76	56929523	78072
chr3	65939161	66139161	harbor1	chr3	65941430	65941633	DNA/hAT-Charlie	827	-	102	65941532	2371
chr3	65939161	66139161	harbor1	chr3	65950857	65950966	DNA/hAT-Charlie	639	-	54	65950911	11750
chr3	65939161	66139161	harbor1	chr3	65951097	65951163	DNA/hAT-Charlie	399	-	33	65951130	11969
chr3	65939161	66139161	harbor1	chr3	65951745	65952154	DNA/hAT-Charlie	1419	-	204	65951949	12788
chr3	65939161	66139161	harbor1	chr3	65965242	65965578	DNA/hAT-Charlie	864	-	168	65965410	26249
chr3	65939161	66139161	harbor1	chr3	65969299	65969488	DNA/hAT-Charlie	853	-	94	65969393	30232
chr3	65939161	66139161	harbor1	chr3	65980825	65980876	DNA/hAT-Charlie	646	-	26	65980851	41690
chr3	65939161	66139161	harbor1	chr3	65981182	65981318	DNA/hAT-Charlie	646	-	68	65981250	42089
chr3	65939161	66139161	harbor1	chr3	65992578	65992705	DNA/hAT-Charlie	555	-	64	65992642	53481
chr3	65939161	66139161	harbor1	chr3	65999839	65999941	DNA/hAT-Charlie	435	-	51	65999890	60729
chr3	65939161	66139161	harbor1	chr3	66019245	66019456	DNA/hAT-Charlie	950	-	106	66019351	80190
chr3	65939161	66139161	harbor1	chr3	66021112	66021302	DNA/hAT-Charlie	770	-	95	66021207	82046
chr3	65939161	66139161	harbor1	chr3	66027755	66027968	DNA/hAT-Charlie	1263	-	106	66027861	88700
chr3	65939161	66139161	harbor1	chr3	66034100	66034290	DNA/hAT-Charlie	655	-	95	66034195	95034
chr3	148140118	148340118	harbor1	chr3	148147031	148147217	DNA/hAT-Charlie	748	-	93	148147124	7006
chr3	148140118	148340118	harbor1	chr3	148183836	148184041	DNA/hAT-Charlie	1054	-	102	148183938	43820
chr3	148140118	148340118	harbor1	chr3	148189831	148190022	DNA/hAT-Charlie	956	-	96	148189927	49809
chr3	78712788	78912788	harbor1	chr3	78736905	78737075	DNA/hAT-Charlie	730	-	85	78736990	24202
chr3	78712788	78912788	harbor1	chr3	78759440	78759672	DNA/hAT-Charlie	515	-	116	78759556	46768
chr3	78712788	78912788	harbor1	chr3	78759760	78759949	DNA/hAT-Charlie	504	-	94	78759854	47066
chr3	78712788	78912788	harbor1	chr3	78781540	78781684	DNA/hAT-Charlie	464	-	72	78781612	68824
chr3	78712788	78912788	harbor1	chr3	78787003	78787193	DNA/hAT-Charlie	888	-	95	78787098	74310
chr3	138927722	139127722	harbor1	chr3	138929291	138929469	DNA/hAT-Charlie	749	-	89	138929380	1658
chr3	138927722	139127722	harbor1	chr3	138930428	138930598	DNA/hAT-Charlie	823	-	85	138930513	2791
chr3	138927722	139127722	harbor1	chr3	138983947	138984126	DNA/hAT-Charlie	430	-	90	138984037	56315
chr3	138927722	139127722	harbor1	chr3	138993317	138993631	DNA/hAT-Charlie	465	-	157	138993474	65752
chr3	59089818	59289818	harbor1	chr3	59107107	59107404	DNA/hAT-Charlie	1219	-	148	59107255	17437
chr3	59089818	59289818	harbor1	chr3	59153521	59153851	DNA/hAT-Charlie	1529	-	165	59153686	63868
chr3	59089818	59289818	harbor1	chr3	59181862	59182218	DNA/hAT-Charlie	958	-	178	59182040	92222
chr3	118501713	118701713	harbor1	chr3	118507536	118507753	DNA/hAT-Charlie	1060	-	108	118507644	5931
chr3	118501713	118701713	harbor1	chr3	118524984	118525175	DNA/hAT-Charlie	710	-	96	118525080	23367
chr3	118501713	118701713	harbor1	chr3	118547781	118548027	DNA/hAT-Charlie	990	-	123	118547904	46191
chr3	118501713	118701713	harbor1	chr3	118554930	118555221	DNA/hAT-Charlie	413	-	146	118555076	53363
chr3	118501713	118701713	harbor1	chr3	118558855	118558958	DNA/hAT-Charlie	462	-	52	118558907	57194
chr3	118501713	118701713	harbor1	chr3	118579402	118579577	DNA/hAT-Charlie	585	-	88	118579490	77777
chr3	118501713	118701713	harbor1	chr3	118585611	118585832	DNA/hAT-Charlie	973	-	110	118585721	84008
chr3	116679548	116879548	harbor1	chr3	116686514	116686663	DNA/hAT-Charlie	394	-	74	116686588	7040
chr3	116679548	116879548	harbor1	chr3	116702758	116702846	DNA/hAT-Charlie	492	-	44	116702802	23254
chr3	116679548	116879548	harbor1	chr3	116709301	116709578	DNA/hAT-Charlie	762	-	138	116709439	29891
chr3	116679548	116879548	harbor1	chr3	116714442	116714603	DNA/hAT-Charlie	762	-	80	116714522	34974
chr3	116679548	116879548	harbor1	chr3	116727130	116727348	DNA/hAT-Charlie	732	-	109	116727239	47691
chr3	68289947	68489947	harbor1	chr3	68290026	68290309	DNA/hAT-Charlie	521	-	142	68290168	221
chr3	68289947	68489947	harbor1	chr3	68293159	68293292	DNA/hAT-Charlie	394	-	66	68293225	3278
chr3	68289947	68489947	harbor1	chr3	68294218	68294487	DNA/hAT-Charlie	1047	-	134	68294352	4405
chr3	68289947	68489947	harbor1	chr3	68294482	68294602	DNA/hAT-Charlie	650	-	60	68294542	4595
chr3	68289947	68489947	harbor1	chr3	68294895	68294970	DNA/hAT-Charlie	650	-	38	68294933	4986
chr3	68289947	68489947	harbor1	chr3	68334515	68334664	DNA/hAT-Charlie	605	-	74	68334589	44642
chr3	68289947	68489947	harbor1	chr3	68347491	68347684	DNA/hAT-Charlie	854	-	96	68347587	57640
chr3	68289947	68489947	harbor1	chr3	68349587	68349804	DNA/hAT-Charlie	949	-	108	68349695	59748
chr3	68289947	68489947	harbor1	chr3	68355984	68356136	DNA/hAT-Charlie	696	-	76	68356060	66113
chr3	68289947	68489947	harbor1	chr3	68371725	68371972	DNA/hAT-Charlie	560	-	124	68371849	81902
chr3	45188929	45388929	harbor1	chr3	45223559	45223737	DNA/hAT-Charlie	913	-	89	45223648	34719
chr3	45188929	45388929	harbor1	chr3	45239707	45239894	DNA/hAT-Charlie	868	-	94	45239801	50872
chr3	45188929	45388929	harbor1	chr3	45248316	45248415	DNA/hAT-Charlie	460	-	50	45248366	59437
chr3	45188929	45388929	harbor1	chr3	45251180	45251369	DNA/hAT-Charlie	945	-	94	45251274	62345
chr3	45188929	45388929	harbor1	chr3	45251586	45251723	DNA/hAT-Charlie	945	-	68	45251654	62725
chr3	45188929	45388929	harbor1	chr3	45286418	45286578	DNA/hAT-Charlie	769	-	80	45286498	97569
chr3	55435452	55635452	harbor1	chr3	55464246	55464548	DNA/hAT-Charlie	965	-	151	55464397	28945
chr3	55435452	55635452	harbor1	chr3	55517971	55518186	DNA/hAT-Charlie	1124	-	108	55518079	82627
chr3	55435452	55635452	harbor1	chr3	55528751	55528930	DNA/hAT-Charlie	815	-	90	55528841	93389
chr3	55435452	55635452	harbor1	chr3	55530233	55530440	DNA/hAT-Charlie	985	-	104	55530337	94885
chr3	106788919	106988919	harbor1	chr3	106825356	106825544	DNA/hAT-Charlie	614	-	94	106825450	36531
chr3	191800883	192000883	harbor1	chr3	191876887	191877313	DNA/hAT-Charlie	868	-	213	191877100	76217
chr3	32837966	33037966	harbor1	chr3	32844169	32844284	DNA/hAT-Charlie	426	-	58	32844227	6261
chr3	32837966	33037966	harbor1	chr3	32849775	32849876	DNA/hAT-Charlie	444	-	50	32849825	11859
chr3	153769427	153969427	harbor1	chr3	153852391	153852529	DNA/hAT-Charlie	413	-	69	153852460	83033
chr3	175930496	176130496	harbor1	chr3	176000057	176000188	DNA/hAT-Charlie	681	-	66	176000123	69627
chr3	175930496	176130496	harbor1	chr3	176006779	176007036	DNA/hAT-Charlie	561	-	128	176006907	76411
chr3	175930496	176130496	harbor1	chr3	176007201	176007348	DNA/hAT-Charlie	509	-	74	176007275	76779
chr3	175930496	176130496	harbor1	chr3	176013595	176014114	DNA/hAT-Charlie	669	-	260	176013855	83359
chr3	184393792	184593792	harbor1	chr3	184396123	184396286	DNA/hAT-Charlie	863	-	82	184396205	2413
chr3	180562876	180762876	harbor1	chr3	180573726	180573999	DNA/hAT-Charlie	1173	-	136	180573862	10986
chr3	180562876	180762876	harbor1	chr3	180628581	180628794	DNA/hAT-Charlie	858	-	106	180628687	65811
chr3	175637784	175837784	harbor1	chr3	175707165	175707452	DNA/hAT-Charlie	1324	-	144	175707309	69525
chr3	71340676	71540676	harbor1	chr3	71364931	71365110	DNA/hAT-Charlie	752	-	90	71365021	24345
chr3	71340676	71540676	harbor1	chr3	71370712	71370787	DNA/hAT-Charlie	798	-	38	71370750	30074
chr3	71340676	71540676	harbor1	chr3	71371083	71371203	DNA/hAT-Charlie	798	-	60	71371143	30467
chr3	71340676	71540676	harbor1	chr3	71422331	71422487	DNA/hAT-Charlie	775	-	78	71422409	81733
chr3	185276513	185476513	harbor1	chr3	185315290	185315516	DNA/hAT-Charlie	857	-	113	185315403	38890
chr3	185276513	185476513	harbor1	chr3	185339571	185339795	DNA/hAT-Charlie	1136	-	112	185339683	63170
chr3	185276513	185476513	harbor1	chr3	185367220	185367361	DNA/hAT-Charlie	567	-	70	185367290	90777
chr3	185276513	185476513	harbor1	chr3	185319362	185319565	DNA/hAT-Charlie	545	-	102	185319464	42951
chr3	194789738	194989738	harbor1	chr3	194802499	194802969	DNA/hAT-Charlie	1198	-	235	194802734	12996
chr3	194789738	194989738	harbor1	chr3	194803145	194803328	DNA/hAT-Charlie	812	-	92	194803237	13499
chr3	194789738	194989738	harbor1	chr3	194827565	194827772	DNA/hAT-Charlie	547	-	104	194827669	37931
chr3	107446626	107646626	harbor1	chr3	107462044	107462231	DNA/hAT-Charlie	1162	-	94	107462138	15512
chr3	107446626	107646626	harbor1	chr3	107484450	107484909	DNA/hAT-Charlie	1703	-	230	107484680	38054
chr3	107446626	107646626	harbor1	chr3	107506593	107506700	DNA/hAT-Charlie	564	-	54	107506647	60021
chr3	107446626	107646626	harbor1	chr3	107539573	107539840	DNA/hAT-Charlie	575	-	134	107539707	93081
chr3	140425080	140625080	harbor1	chr3	140428885	140428971	DNA/hAT-Charlie	402	-	43	140428928	3848
chr3	140425080	140625080	harbor1	chr3	140501784	140501943	DNA/hAT-Charlie	864	-	80	140501864	76784
chr3	140425080	140625080	harbor1	chr3	140509292	140509475	DNA/hAT-Charlie	1003	-	92	140509384	84304
chr3	167770839	167970839	harbor1	chr3	167776667	167776856	DNA/hAT-Charlie	713	-	94	167776761	5922
chr3	167770839	167970839	harbor1	chr3	167826830	167826983	DNA/hAT-Charlie	629	-	76	167826906	56067
chr3	167770839	167970839	harbor1	chr3	167833483	167833589	DNA/hAT-Charlie	419	-	53	167833536	62697
chr3	167770839	167970839	harbor1	chr3	167850421	167850750	DNA/hAT-Charlie	1264	-	164	167850585	79746
chr3	167770839	167970839	harbor1	chr3	167853072	167853137	DNA/hAT-Charlie	685	-	32	167853104	82265
chr3	167770839	167970839	harbor1	chr3	167853445	167853578	DNA/hAT-Charlie	685	-	66	167853511	82672
chr3	167770839	167970839	harbor1	chr3	167856760	167857026	DNA/hAT-Charlie	1240	-	133	167856893	86054
chr3	167770839	167970839	harbor1	chr3	167863423	167863651	DNA/hAT-Charlie	1509	-	114	167863537	92698
chr3	191384361	191584361	harbor1	chr3	191416529	191416717	DNA/hAT-Charlie	612	-	94	191416623	32262
chr3	43722216	43922216	harbor1	chr3	43726729	43726854	DNA/hAT-Charlie	435	-	62	43726791	4575
chr3	43722216	43922216	harbor1	chr3	43734605	43734827	DNA/hAT-Charlie	1299	-	111	43734716	12500
chr3	43722216	43922216	harbor1	chr3	43736531	43736731	DNA/hAT-Charlie	1079	-	100	43736631	14415
chr3	43722216	43922216	harbor1	chr3	43746103	43746642	DNA/hAT-Charlie	3553	-	270	43746373	24157
chr3	43722216	43922216	harbor1	chr3	43754265	43754402	DNA/hAT-Charlie	435	-	68	43754333	32117
chr3	43722216	43922216	harbor1	chr3	43767122	43767327	DNA/hAT-Charlie	843	-	102	43767224	45008
chr3	43722216	43922216	harbor1	chr3	43777600	43777736	DNA/hAT-Charlie	583	-	68	43777668	55452
chr3	41915219	42115219	harbor1	chr3	41933127	41933288	DNA/hAT-Charlie	764	-	80	41933207	17988
chr3	41915219	42115219	harbor1	chr3	41933292	41933502	DNA/hAT-Charlie	584	-	105	41933397	18178
chr3	41915219	42115219	harbor1	chr3	41958789	41958945	DNA/hAT-Charlie	688	-	78	41958867	43648
chr3	41915219	42115219	harbor1	chr3	41965651	41965818	DNA/hAT-Charlie	779	-	84	41965735	50516
chr3	41915219	42115219	harbor1	chr3	41997202	41997486	DNA/hAT-Charlie	707	-	142	41997344	82125
chr3	1956276	2156276	harbor1	chr3	1987096	1987260	DNA/hAT-Charlie	670	-	82	1987178	30902
chr3	1956276	2156276	harbor1	chr3	1993130	1993331	DNA/hAT-Charlie	925	-	100	1993230	36954
chr3	1956276	2156276	harbor1	chr3	1997009	1997161	DNA/hAT-Charlie	669	-	76	1997085	40809
chr3	1956276	2156276	harbor1	chr3	2008819	2009008	DNA/hAT-Charlie	934	-	94	2008913	52637
chr3	1956276	2156276	harbor1	chr3	2019434	2019466	DNA/hAT-Charlie	433	-	16	2019450	63174
chr3	1956276	2156276	harbor1	chr3	2019885	2019994	DNA/hAT-Charlie	433	-	54	2019939	63663
chr3	64601660	64801660	harbor1	chr3	64611509	64611826	DNA/hAT-Charlie	1851	-	158	64611667	10007
chr3	64601660	64801660	harbor1	chr3	64620149	64620316	DNA/hAT-Charlie	416	-	84	64620233	18573
chr3	64601660	64801660	harbor1	chr3	64621306	64621479	DNA/hAT-Charlie	838	-	86	64621392	19732
chr3	64601660	64801660	harbor1	chr3	64621792	64621868	DNA/hAT-Charlie	838	-	38	64621830	20170
chr3	64601660	64801660	harbor1	chr3	64632304	64632481	DNA/hAT-Charlie	671	-	88	64632392	30732
chr3	64601660	64801660	harbor1	chr3	64643285	64643445	DNA/hAT-Charlie	1008	-	80	64643365	41705
chr3	64601660	64801660	harbor1	chr3	64643765	64643917	DNA/hAT-Charlie	1008	-	76	64643841	42181
chr3	64601660	64801660	harbor1	chr3	64667173	64667369	DNA/hAT-Charlie	481	-	98	64667271	65611
chr3	64601660	64801660	harbor1	chr3	64668179	64668329	DNA/hAT-Charlie	586	-	75	64668254	66594
chr3	64601660	64801660	harbor1	chr3	64700605	64700792	DNA/hAT-Charlie	792	-	94	64700699	99039
chr3	56633660	56833660	harbor1	chr3	56646246	56646457	DNA/hAT-Charlie	895	-	106	56646352	12692
chr3	56633660	56833660	harbor1	chr3	56665189	56665315	DNA/hAT-Charlie	405	-	63	56665252	31592
chr3	56633660	56833660	harbor1	chr3	56730170	56730388	DNA/hAT-Charlie	458	-	109	56730279	96619
chr3	39331501	39531501	harbor1	chr3	39382650	39382744	DNA/hAT-Charlie	871	-	47	39382697	51196
chr3	39331501	39531501	harbor1	chr3	39382874	39383022	DNA/hAT-Charlie	871	-	74	39382948	51447
chr3	39331501	39531501	harbor1	chr3	39395020	39395239	DNA/hAT-Charlie	1661	-	110	39395130	63629
chr3	39331501	39531501	harbor1	chr3	39404813	39404934	DNA/hAT-Charlie	504	-	60	39404873	73372
chr3	115276941	115476941	harbor1	chr3	115335890	115336062	DNA/hAT-Charlie	792	-	86	115335976	59035
chr3	115276941	115476941	harbor1	chr3	115348905	115349122	DNA/hAT-Charlie	581	-	108	115349013	72072
chr3	120079912	120279912	harbor1	chr3	120096223	120096524	DNA/hAT-Charlie	1033	-	150	120096373	16461
chr3	120079912	120279912	harbor1	chr3	120119550	120119655	DNA/hAT-Charlie	1015	-	52	120119602	39690
chr3	120079912	120279912	harbor1	chr3	120119951	120120009	DNA/hAT-Charlie	1015	-	29	120119980	40068
chr3	120079912	120279912	harbor1	chr3	120128836	120129023	DNA/hAT-Charlie	414	-	94	120128930	49018
chr3	120079912	120279912	harbor1	chr3	120145678	120145840	DNA/hAT-Charlie	984	-	81	120145759	65847
chr3	120079912	120279912	harbor1	chr3	120150680	120150894	DNA/hAT-Charlie	1133	-	107	120150787	70875
chr3	120079912	120279912	harbor1	chr3	120151609	120151729	DNA/hAT-Charlie	447	-	60	120151669	71757
chr3	148245382	148445382	harbor1	chr3	148250821	148251007	DNA/hAT-Charlie	843	-	93	148250914	5532
chr3	148245382	148445382	harbor1	chr3	148309506	148309677	DNA/hAT-Charlie	786	-	86	148309592	64210
chr3	148245382	148445382	harbor1	chr3	148313556	148313772	DNA/hAT-Charlie	602	-	108	148313664	68282
chr3	148245382	148445382	harbor1	chr3	148316473	148316807	DNA/hAT-Charlie	1958	-	167	148316640	71258
chr3	148245382	148445382	harbor1	chr3	148342475	148342645	DNA/hAT-Charlie	686	-	85	148342560	97178
chr3	143883951	144083951	harbor1	chr3	143885897	143886098	DNA/hAT-Charlie	918	-	100	143885997	2046
chr3	143883951	144083951	harbor1	chr3	143942107	143942365	DNA/hAT-Charlie	536	-	129	143942236	58285
chr3	143883951	144083951	harbor1	chr3	143952650	143952823	DNA/hAT-Charlie	450	-	86	143952736	68785
chr3	143883951	144083951	harbor1	chr3	143968884	143969098	DNA/hAT-Charlie	1053	-	107	143968991	85040
chr3	125456918	125656918	harbor1	chr3	125535788	125535850	DNA/hAT-Charlie	4711	-	31	125535819	78901
chr3	125456918	125656918	harbor1	chr3	125536149	125536876	DNA/hAT-Charlie	4711	-	364	125536513	79595
chr3	125456918	125656918	harbor1	chr3	125537179	125537503	DNA/hAT-Charlie	4711	-	162	125537341	80423
chr3	125456918	125656918	harbor1	chr3	125540965	125541132	DNA/hAT-Charlie	893	-	84	125541049	84131
chr3	56417541	56617541	harbor1	chr3	56423316	56423518	DNA/hAT-Charlie	1048	-	101	56423417	5876
chr3	56417541	56617541	harbor1	chr3	56435593	56435773	DNA/hAT-Charlie	638	-	90	56435683	18142
chr3	56417541	56617541	harbor1	chr3	56448607	56448793	DNA/hAT-Charlie	1317	-	93	56448700	31159
chr3	56417541	56617541	harbor1	chr3	56449093	56449137	DNA/hAT-Charlie	1317	-	22	56449115	31574
chr3	31198167	31398167	harbor1	chr3	31223089	31223598	DNA/hAT-Charlie	3578	-	254	31223343	25176
chr3	31198167	31398167	harbor1	chr3	31224696	31224850	DNA/hAT-Charlie	500	-	77	31224773	26606
chr3	31198167	31398167	harbor1	chr3	31224848	31224966	DNA/hAT-Charlie	645	-	59	31224907	26740
chr3	31198167	31398167	harbor1	chr3	31225272	31225413	DNA/hAT-Charlie	645	-	70	31225342	27175
chr3	31198167	31398167	harbor1	chr3	31228045	31228192	DNA/hAT-Charlie	909	-	74	31228119	29952
chr3	31198167	31398167	harbor1	chr3	31228470	31228716	DNA/hAT-Charlie	909	-	123	31228593	30426
chr3	31198167	31398167	harbor1	chr3	31228804	31228901	DNA/hAT-Charlie	431	-	48	31228852	30685
chr3	31198167	31398167	harbor1	chr3	31243665	31243978	DNA/hAT-Charlie	1467	-	156	31243821	45654
chr3	31198167	31398167	harbor1	chr3	31276032	31276191	DNA/hAT-Charlie	754	-	80	31276112	77945
chr3	31198167	31398167	harbor1	chr3	31279647	31279831	DNA/hAT-Charlie	741	-	92	31279739	81572
chr3	36289477	36489477	harbor1	chr3	36290394	36290540	DNA/hAT-Charlie	455	-	73	36290467	990
chr3	36289477	36489477	harbor1	chr3	36292593	36292917	DNA/hAT-Charlie	1148	-	162	36292755	3278
chr3	36289477	36489477	harbor1	chr3	36299375	36299615	DNA/hAT-Charlie	543	-	120	36299495	10018
chr3	36289477	36489477	harbor1	chr3	36312426	36312565	DNA/hAT-Charlie	722	-	70	36312496	23019
chr3	71599523	71799523	harbor1	chr3	71609564	71609699	DNA/hAT-Charlie	477	-	68	71609632	10109
chr3	71599523	71799523	harbor1	chr3	71617020	71617225	DNA/hAT-Charlie	915	-	102	71617122	17599
chr3	71599523	71799523	harbor1	chr3	71623741	71623958	DNA/hAT-Charlie	877	-	108	71623849	24326
chr3	71599523	71799523	harbor1	chr3	71639141	71639299	DNA/hAT-Charlie	790	-	79	71639220	39697
chr3	71599523	71799523	harbor1	chr3	71676520	71676701	DNA/hAT-Charlie	421	-	90	71676610	77087
chr3	71599523	71799523	harbor1	chr3	71686917	71686999	DNA/hAT-Charlie	1262	-	41	71686958	87435
chr3	71599523	71799523	harbor1	chr3	71687302	71687525	DNA/hAT-Charlie	1262	-	112	71687414	87891
chr3	86915125	87115125	harbor1	chr3	86977567	86977744	DNA/hAT-Charlie	888	-	88	86977655	62530
chr3	116153669	116353669	harbor1	chr3	116237900	116238119	DNA/hAT-Charlie	1220	-	110	116238010	84341
chr3	81830726	82030726	harbor1	chr3	81861132	81861230	DNA/hAT-Charlie	471	-	49	81861181	30455
chr3	81830726	82030726	harbor1	chr3	81866188	81866374	DNA/hAT-Charlie	540	-	93	81866281	35555
chr3	2208237	2408237	harbor1	chr3	2230675	2230706	DNA/hAT-Charlie	782	-	16	2230691	22454
chr3	2208237	2408237	harbor1	chr3	2231014	2231278	DNA/hAT-Charlie	782	-	132	2231146	22909
chr3	2208237	2408237	harbor1	chr3	2260190	2260393	DNA/hAT-Charlie	800	-	102	2260292	52055
chr3	26127294	26327294	harbor1	chr3	26165578	26165724	DNA/hAT-Charlie	756	-	73	26165651	38357
chr3	26127294	26327294	harbor1	chr3	26203946	26204110	DNA/hAT-Charlie	809	-	82	26204028	76734
chr3	146633647	146833647	harbor1	chr3	146643087	146643220	DNA/hAT-Charlie	408	-	66	146643153	9506
chr3	146633647	146833647	harbor1	chr3	146654041	146654227	DNA/hAT-Charlie	1048	-	93	146654134	20487
chr3	146633647	146833647	harbor1	chr3	146675464	146675658	DNA/hAT-Charlie	959	-	97	146675561	41914
chr3	195890869	196090869	harbor1	chr3	195913603	195913743	DNA/hAT-Charlie	501	-	70	195913673	22804
chr3	195890869	196090869	harbor1	chr3	195960714	195960951	DNA/hAT-Charlie	1453	-	118	195960832	69963
chr3	195890869	196090869	harbor1	chr3	195962432	195962587	DNA/hAT-Charlie	726	-	78	195962510	71641
chr3	195890869	196090869	harbor1	chr3	195970211	195970322	DNA/hAT-Charlie	434	-	56	195970267	79398
chr3	195890869	196090869	harbor1	chr3	195982660	195982821	DNA/hAT-Charlie	424	-	80	195982740	91871
chr3	129959240	130159240	harbor1	chr3	129973644	129973938	DNA/hAT-Charlie	587	-	147	129973791	14551
chr3	129959240	130159240	harbor1	chr3	130041579	130041696	DNA/hAT-Charlie	516	-	58	130041637	82397
chr3	177802793	178002793	harbor1	chr3	177817158	177817386	DNA/hAT-Charlie	503	-	114	177817272	14479
chr3	177802793	178002793	harbor1	chr3	177817575	177817753	DNA/hAT-Charlie	961	-	89	177817664	14871
chr3	177802793	178002793	harbor1	chr3	177817787	177817871	DNA/hAT-Charlie	961	-	42	177817829	15036
chr3	177802793	178002793	harbor1	chr3	177880561	177880723	DNA/hAT-Charlie	762	-	81	177880642	77849
chr3	177802793	178002793	harbor1	chr3	177883507	177883683	DNA/hAT-Charlie	995	-	88	177883595	80802
chr3	177802793	178002793	harbor1	chr3	177896178	177896394	DNA/hAT-Charlie	459	-	108	177896286	93493
chr3	56183057	56383057	harbor1	chr3	56235674	56235878	DNA/hAT-Charlie	1027	-	102	56235776	52719
chr3	56183057	56383057	harbor1	chr3	56258209	56258375	DNA/hAT-Charlie	1164	-	83	56258292	75235
chr3	56183057	56383057	harbor1	chr3	56258684	56258745	DNA/hAT-Charlie	1164	-	30	56258714	75657
chr3	56183057	56383057	harbor1	chr3	56260973	56261068	DNA/hAT-Charlie	446	-	48	56261021	77964
chr3	56183057	56383057	harbor1	chr3	56275593	56275744	DNA/hAT-Charlie	532	-	76	56275669	92612
chr3	56183057	56383057	harbor1	chr3	56276731	56276951	DNA/hAT-Charlie	1204	-	110	56276841	93784
chr3	56183057	56383057	harbor1	chr3	56246222	56246449	DNA/hAT-Charlie	1043	-	114	56246336	63279
chr3	126091217	126291217	harbor1	chr3	126117256	126117369	DNA/hAT-Charlie	613	-	56	126117312	26095
chr3	126091217	126291217	harbor1	chr3	126117682	126117780	DNA/hAT-Charlie	613	-	49	126117731	26514
chr3	112534884	112734884	harbor1	chr3	112586579	112586798	DNA/hAT-Charlie	462	-	110	112586689	51805
chr3	2880676	3080676	harbor1	chr3	2892144	2892349	DNA/hAT-Charlie	708	-	102	2892246	11570
chr3	2880676	3080676	harbor1	chr3	2893861	2894261	DNA/hAT-Charlie	1527	-	200	2894061	13385
chr3	2880676	3080676	harbor1	chr3	2909717	2909898	DNA/hAT-Charlie	881	-	90	2909807	29131
chr3	2880676	3080676	harbor1	chr3	2917408	2917568	DNA/hAT-Charlie	710	-	80	2917488	36812
chr3	2880676	3080676	harbor1	chr3	2927983	2928189	DNA/hAT-Charlie	479	-	103	2928086	47410
chr3	2880676	3080676	harbor1	chr3	2951193	2951539	DNA/hAT-Charlie	2100	-	173	2951366	70690
chr3	2880676	3080676	harbor1	chr3	2964488	2964644	DNA/hAT-Charlie	652	-	78	2964566	83890
chr3	2880676	3080676	harbor1	chr3	2978357	2978588	DNA/hAT-Charlie	487	-	116	2978473	97797
chr3	89994876	90194876	harbor1	chr3	90087144	90087300	DNA/hAT-Charlie	604	-	78	90087222	92346
chr3	59736139	59936139	harbor1	chr3	59754889	59755059	DNA/hAT-Charlie	751	-	85	59754974	18835
chr3	59736139	59936139	harbor1	chr3	59771806	59771974	DNA/hAT-Charlie	396	-	84	59771890	35751
chr3	59736139	59936139	harbor1	chr3	59778474	59778685	DNA/hAT-Charlie	973	-	106	59778580	42441
chr3	59736139	59936139	harbor1	chr3	59783587	59783767	DNA/hAT-Charlie	919	-	90	59783677	47538
chr3	59736139	59936139	harbor1	chr3	59826686	59826796	DNA/hAT-Charlie	441	-	55	59826741	90602
chr3	26450645	26650645	harbor1	chr3	26499715	26499847	DNA/hAT-Charlie	441	-	66	26499781	49136
chr3	26450645	26650645	harbor1	chr3	26505150	26505379	DNA/hAT-Charlie	634	-	114	26505264	54619
chr3	26450645	26650645	harbor1	chr3	26525089	26525243	DNA/hAT-Charlie	686	-	77	26525166	74521
chr3	26450645	26650645	harbor1	chr3	26534839	26534975	DNA/hAT-Charlie	689	-	68	26534907	84262
chr4	19465923	19665923	harbor1	chr4	19468818	19469023	DNA/hAT-Charlie	1076	-	102	19468920	2997
chr4	19465923	19665923	harbor1	chr4	19486520	19486742	DNA/hAT-Charlie	854	-	111	19486631	20708
chr4	19465923	19665923	harbor1	chr4	19564728	19564853	DNA/hAT-Charlie	504	-	62	19564790	98867
chr4	19465923	19665923	harbor1	chr4	19564935	19564967	DNA/hAT-Charlie	504	-	16	19564951	99028
chr4	167327796	167527796	harbor1	chr4	167427450	167427617	DNA/hAT-Charlie	661	-	84	167427534	99738
chr4	87152883	87352883	harbor1	chr4	87152603	87152946	DNA/hAT-Charlie	2170	-	172	87152775	108
chr4	87152883	87352883	harbor1	chr4	87176251	87176436	DNA/hAT-Charlie	882	-	92	87176343	23460
chr4	87152883	87352883	harbor1	chr4	87179867	87180038	DNA/hAT-Charlie	891	-	86	87179953	27070
chr4	87152883	87352883	harbor1	chr4	87197827	87197952	DNA/hAT-Charlie	818	-	62	87197889	45006
chr4	87152883	87352883	harbor1	chr4	87197985	87198036	DNA/hAT-Charlie	818	-	26	87198011	45128
chr4	87152883	87352883	harbor1	chr4	87198341	87198390	DNA/hAT-Charlie	818	-	24	87198365	45482
chr4	87152883	87352883	harbor1	chr4	87213665	87213736	DNA/hAT-Charlie	475	-	36	87213701	60818
chr4	67892792	68092792	harbor1	chr4	67932183	67932339	DNA/hAT-Charlie	454	-	78	67932261	39469
chr4	67892792	68092792	harbor1	chr4	67952922	67953258	DNA/hAT-Charlie	2243	-	168	67953090	60298
chr4	84576701	84776701	harbor1	chr4	84586164	84586691	DNA/hAT-Charlie	3577	-	264	84586428	9727
chr4	84576701	84776701	harbor1	chr4	84605154	84605404	DNA/hAT-Charlie	496	-	125	84605279	28578
chr4	84576701	84776701	harbor1	chr4	84616469	84616626	DNA/hAT-Charlie	522	-	78	84616547	39846
chr4	84576701	84776701	harbor1	chr4	84643543	84643770	DNA/hAT-Charlie	789	-	114	84643657	66956
chr4	64762341	64962341	harbor1	chr4	64773528	64773810	DNA/hAT-Charlie	1074	-	141	64773669	11328
chr4	64762341	64962341	harbor1	chr4	64791724	64792413	DNA/hAT-Charlie	794	-	344	64792068	29727
chr4	64762341	64962341	harbor1	chr4	64792532	64792726	DNA/hAT-Charlie	411	-	97	64792629	30288
chr4	64762341	64962341	harbor1	chr4	64793255	64793414	DNA/hAT-Charlie	602	-	80	64793335	30994
chr4	64762341	64962341	harbor1	chr4	64793793	64793966	DNA/hAT-Charlie	998	-	86	64793879	31538
chr4	64762341	64962341	harbor1	chr4	64794007	64794587	DNA/hAT-Charlie	998	-	290	64794297	31956
chr4	64762341	64962341	harbor1	chr4	64797729	64797865	DNA/hAT-Charlie	520	-	68	64797797	35456
chr4	64762341	64962341	harbor1	chr4	64822416	64822569	DNA/hAT-Charlie	691	-	76	64822492	60151
chr4	64762341	64962341	harbor1	chr4	64848817	64849162	DNA/hAT-Charlie	1815	-	172	64848989	86648
chr4	64762341	64962341	harbor1	chr4	64850211	64850396	DNA/hAT-Charlie	756	-	92	64850303	87962
chr4	81360392	81560392	harbor1	chr4	81362952	81363080	DNA/hAT-Charlie	759	-	64	81363016	2624
chr4	81360392	81560392	harbor1	chr4	81389780	81389973	DNA/hAT-Charlie	890	-	96	81389876	29484
chr4	81360392	81560392	harbor1	chr4	81402520	81402829	DNA/hAT-Charlie	551	-	154	81402674	42282
chr4	81360392	81560392	harbor1	chr4	81424987	81425287	DNA/hAT-Charlie	1248	-	150	81425137	64745
chr4	81360392	81560392	harbor1	chr4	81442578	81442930	DNA/hAT-Charlie	1428	-	176	81442754	82362
chr4	81360392	81560392	harbor1	chr4	81379280	81379506	DNA/hAT-Charlie	777	-	113	81379393	19001
chr4	182489796	182689796	harbor1	chr4	182514500	182514736	DNA/hAT-Charlie	543	-	118	182514618	24822
chr4	182489796	182689796	harbor1	chr4	182528702	182528919	DNA/hAT-Charlie	1208	-	108	182528810	39014
chr4	182489796	182689796	harbor1	chr4	182530498	182530703	DNA/hAT-Charlie	1005	-	102	182530600	40804
chr4	182489796	182689796	harbor1	chr4	182575321	182575513	DNA/hAT-Charlie	630	-	96	182575417	85621
chr4	186071309	186271309	harbor1	chr4	186093769	186094039	DNA/hAT-Charlie	514	-	135	186093904	22595
chr4	103346054	103546054	harbor1	chr4	103377952	103378160	DNA/hAT-Charlie	997	-	104	103378056	32002
chr4	53204913	53404913	harbor1	chr4	53234480	53234822	DNA/hAT-Charlie	737	-	171	53234651	29738
chr4	173923504	174123504	harbor1	chr4	173976923	173977099	DNA/hAT-Charlie	748	-	88	173977011	53507
chr4	65005615	65205615	harbor1	chr4	65031804	65032272	DNA/hAT-Charlie	2853	-	234	65032038	26423
chr4	65005615	65205615	harbor1	chr4	65080946	65081093	DNA/hAT-Charlie	587	-	74	65081020	75405
chr4	33702504	33902504	harbor1	chr4	33727923	33728135	DNA/hAT-Charlie	687	-	106	33728029	25525
chr4	148201865	148401865	harbor1	chr4	148214676	148214909	DNA/hAT-Charlie	774	-	116	148214792	12927
chr4	148201865	148401865	harbor1	chr4	148215739	148215780	DNA/hAT-Charlie	987	-	20	148215759	13894
chr4	148201865	148401865	harbor1	chr4	148216054	148216284	DNA/hAT-Charlie	987	-	115	148216169	14304
chr4	148201865	148401865	harbor1	chr4	148240052	148240225	DNA/hAT-Charlie	1151	-	86	148240138	38273
chr4	148201865	148401865	harbor1	chr4	148240283	148240411	DNA/hAT-Charlie	1151	-	64	148240347	38482
chr4	148201865	148401865	harbor1	chr4	148296955	148297130	DNA/hAT-Charlie	637	-	88	148297043	95178
chr4	172651186	172851186	harbor1	chr4	172678888	172679129	DNA/hAT-Charlie	978	-	120	172679008	27822
chr4	172651186	172851186	harbor1	chr4	172679433	172679498	DNA/hAT-Charlie	978	-	32	172679465	28279
chr4	172651186	172851186	harbor1	chr4	172716284	172716500	DNA/hAT-Charlie	577	-	108	172716392	65206
chr4	89605590	89805590	harbor1	chr4	89666219	89666436	DNA/hAT-Charlie	485	-	108	89666327	60737
chr4	89605590	89805590	harbor1	chr4	89697488	89697682	DNA/hAT-Charlie	923	-	97	89697585	91995
chr4	174662017	174862017	harbor1	chr4	174722724	174723765	DNA/hAT-Charlie	1731	-	520	174723244	61227
chr4	22340424	22540424	harbor1	chr4	22406774	22406844	DNA/hAT-Charlie	407	-	35	22406809	66385
chr4	22340424	22540424	harbor1	chr4	22439798	22440164	DNA/hAT-Charlie	1046	-	183	22439981	99557
chr4	114921141	115121141	harbor1	chr4	114968482	114968835	DNA/hAT-Charlie	1318	-	176	114968658	47517
chr4	76221191	76421191	harbor1	chr4	76297869	76297989	DNA/hAT-Charlie	523	-	60	76297929	76738
chr4	76221191	76421191	harbor1	chr4	76303334	76303476	DNA/hAT-Charlie	451	-	71	76303405	82214
chr4	14977091	15177091	harbor1	chr4	14987553	14987797	DNA/hAT-Charlie	575	-	122	14987675	10584
chr4	14977091	15177091	harbor1	chr4	14987812	14987981	DNA/hAT-Charlie	891	-	84	14987896	10805
chr4	14977091	15177091	harbor1	chr4	14988284	14988454	DNA/hAT-Charlie	891	-	85	14988369	11278
chr4	14977091	15177091	harbor1	chr4	15015625	15015715	DNA/hAT-Charlie	406	-	45	15015670	38579
chr4	14977091	15177091	harbor1	chr4	15016009	15016086	DNA/hAT-Charlie	406	-	38	15016047	38956
chr4	14977091	15177091	harbor1	chr4	15063466	15063558	DNA/hAT-Charlie	405	-	46	15063512	86421
chr4	55042820	55242820	harbor1	chr4	55109582	55109772	DNA/hAT-Charlie	677	-	95	55109677	66857
chr4	55042820	55242820	harbor1	chr4	55142524	55142637	DNA/hAT-Charlie	535	-	56	55142580	99760
chr4	24634283	24834283	harbor1	chr4	24664289	24664431	DNA/hAT-Charlie	528	-	71	24664360	30077
chr4	24634283	24834283	harbor1	chr4	24687439	24687792	DNA/hAT-Charlie	920	-	176	24687615	53332
chr4	24634283	24834283	harbor1	chr4	24693983	24694093	DNA/hAT-Charlie	597	-	55	24694038	59755
chr4	24634283	24834283	harbor1	chr4	24694351	24694474	DNA/hAT-Charlie	580	-	62	24694413	60130
chr4	70728805	70928805	harbor1	chr4	70753520	70753678	DNA/hAT-Charlie	462	-	79	70753599	24794
chr4	70728805	70928805	harbor1	chr4	70762338	70762458	DNA/hAT-Charlie	568	-	60	70762398	33593
chr4	122482770	122682770	harbor1	chr4	122551073	122551234	DNA/hAT-Charlie	657	-	80	122551153	68383
chr4	122482770	122682770	harbor1	chr4	122556425	122556913	DNA/hAT-Charlie	3251	-	244	122556669	73899
chr4	103536203	103736203	harbor1	chr4	103540798	103541030	DNA/hAT-Charlie	735	-	116	103540914	4711
chr4	103536203	103736203	harbor1	chr4	103543547	103544074	DNA/hAT-Charlie	1806	-	264	103543811	7608
chr4	171028070	171228070	harbor1	chr4	171098353	171098680	DNA/hAT-Charlie	1124	-	164	171098517	70447
chr4	52664284	52864284	harbor1	chr4	52708615	52708768	DNA/hAT-Charlie	919	-	76	52708691	44407
chr4	52664284	52864284	harbor1	chr4	52708780	52708823	DNA/hAT-Charlie	1087	-	22	52708802	44518
chr4	52664284	52864284	harbor1	chr4	52709166	52709333	DNA/hAT-Charlie	1087	-	84	52709250	44966
chr4	52664284	52864284	harbor1	chr4	52726559	52726605	DNA/hAT-Charlie	583	-	23	52726582	62298
chr4	111728081	111928081	harbor1	chr4	111810593	111810778	DNA/hAT-Charlie	1119	-	92	111810685	82604
chr4	111728081	111928081	harbor1	chr4	111827821	111827997	DNA/hAT-Charlie	534	-	88	111827909	99828
chr4	121032894	121232894	harbor1	chr4	121059727	121059887	DNA/hAT-Charlie	592	-	80	121059807	26913
chr4	121032894	121232894	harbor1	chr4	121106923	121107078	DNA/hAT-Charlie	552	-	78	121107001	74107
chr4	121032894	121232894	harbor1	chr4	121108591	121108756	DNA/hAT-Charlie	743	-	82	121108673	75779
chr4	145326562	145526562	harbor1	chr4	145387292	145387494	DNA/hAT-Charlie	844	-	101	145387393	60831
chr4	62636841	62836841	harbor1	chr4	62725548	62726051	DNA/hAT-Charlie	3425	-	252	62725800	88959
chr4	32833478	33033478	harbor1	chr4	32875985	32876128	DNA/hAT-Charlie	413	-	72	32876057	42579
chr4	32833478	33033478	harbor1	chr4	32890294	32890825	DNA/hAT-Charlie	3438	-	266	32890560	57082
chr4	32833478	33033478	harbor1	chr4	32907075	32907258	DNA/hAT-Charlie	862	-	92	32907167	73689
chr4	9586484	9786484	harbor1	chr4	9589023	9589148	DNA/hAT-Charlie	618	-	62	9589085	2601
chr4	9586484	9786484	harbor1	chr4	9626763	9626980	DNA/hAT-Charlie	907	-	108	9626871	40387
chr4	9586484	9786484	harbor1	chr4	9636169	9636389	DNA/hAT-Charlie	1127	-	110	9636279	49795
chr4	9586484	9786484	harbor1	chr4	9638044	9638196	DNA/hAT-Charlie	747	-	76	9638120	51636
chr4	24602274	24802274	harbor1	chr4	24606544	24606777	DNA/hAT-Charlie	1640	-	116	24606660	4386
chr4	24602274	24802274	harbor1	chr4	24618126	24618465	DNA/hAT-Charlie	2098	-	170	24618296	16022
chr4	24602274	24802274	harbor1	chr4	24664289	24664431	DNA/hAT-Charlie	528	-	71	24664360	62086
chr4	24602274	24802274	harbor1	chr4	24687439	24687792	DNA/hAT-Charlie	920	-	176	24687615	85341
chr4	24602274	24802274	harbor1	chr4	24693983	24694093	DNA/hAT-Charlie	597	-	55	24694038	91764
chr4	24602274	24802274	harbor1	chr4	24694351	24694474	DNA/hAT-Charlie	580	-	62	24694413	92139
chr4	99524279	99724279	harbor1	chr4	99527461	99527713	DNA/hAT-Charlie	1700	-	126	99527587	3308
chr4	99524279	99724279	harbor1	chr4	99538352	99538442	DNA/hAT-Charlie	538	-	45	99538397	14118
chr4	99524279	99724279	harbor1	chr4	99553081	99553220	DNA/hAT-Charlie	612	-	70	99553151	28872
chr4	99524279	99724279	harbor1	chr4	99555465	99555767	DNA/hAT-Charlie	1277	-	151	99555616	31337
chr4	99524279	99724279	harbor1	chr4	99566586	99566755	DNA/hAT-Charlie	512	-	84	99566670	42391
chr4	99524279	99724279	harbor1	chr4	99615161	99615379	DNA/hAT-Charlie	1218	-	109	99615270	90991
chr4	99524279	99724279	harbor1	chr4	99618513	99618692	DNA/hAT-Charlie	848	-	90	99618603	94324
chr4	16404468	16604468	harbor1	chr4	16418866	16419024	DNA/hAT-Charlie	411	-	79	16418945	14477
chr4	16404468	16604468	harbor1	chr4	16463449	16463632	DNA/hAT-Charlie	1108	-	92	16463541	59073
chr4	16404468	16604468	harbor1	chr4	16472448	16472667	DNA/hAT-Charlie	1491	-	110	16472558	68090
chr4	16404468	16604468	harbor1	chr4	16496637	16496887	DNA/hAT-Charlie	496	-	125	16496762	92294
chr4	44527873	44727873	harbor1	chr4	44573564	44573949	DNA/hAT-Charlie	1213	-	192	44573756	45883
chr4	44527873	44727873	harbor1	chr4	44620177	44620333	DNA/hAT-Charlie	792	-	78	44620255	92382
chr4	12388433	12588433	harbor1	chr4	12396656	12396879	DNA/hAT-Charlie	650	-	112	12396768	8335
chr4	12388433	12588433	harbor1	chr4	12409105	12409254	DNA/hAT-Charlie	557	-	74	12409179	20746
chr4	12388433	12588433	harbor1	chr4	12409560	12409620	DNA/hAT-Charlie	557	-	30	12409590	21157
chr4	27699988	27899988	harbor1	chr4	27780935	27781047	DNA/hAT-Charlie	432	-	56	27780991	81003
chr4	37503265	37703265	harbor1	chr4	37516357	37516608	DNA/hAT-Charlie	456	-	126	37516483	13218
chr4	37503265	37703265	harbor1	chr4	37536636	37536798	DNA/hAT-Charlie	969	-	81	37536717	33452
chr4	37503265	37703265	harbor1	chr4	37596266	37596384	DNA/hAT-Charlie	402	-	59	37596325	93060
chr5	167109941	167309941	harbor1	chr5	167117689	167117905	DNA/hAT-Charlie	863	-	108	167117797	7856
chr5	167109941	167309941	harbor1	chr5	167128372	167128531	DNA/hAT-Charlie	612	-	80	167128452	18511
chr5	167109941	167309941	harbor1	chr5	167184914	167185058	DNA/hAT-Charlie	945	-	72	167184986	75045
chr5	167109941	167309941	harbor1	chr5	167195414	167195560	DNA/hAT-Charlie	669	-	73	167195487	85546
chr5	167109941	167309941	harbor1	chr5	167198073	167198329	DNA/hAT-Charlie	430	-	128	167198201	88260
chr5	167109941	167309941	harbor1	chr5	167207344	167207558	DNA/hAT-Charlie	725	-	107	167207451	97510
chr5	114406406	114606406	harbor1	chr5	114424157	114424463	DNA/hAT-Charlie	462	-	153	114424310	17904
chr5	114406406	114606406	harbor1	chr5	114439387	114439486	DNA/hAT-Charlie	426	-	50	114439437	33031
chr5	114406406	114606406	harbor1	chr5	114439487	114439643	DNA/hAT-Charlie	725	-	78	114439565	33159
chr5	114406406	114606406	harbor1	chr5	114439644	114439704	DNA/hAT-Charlie	426	-	30	114439674	33268
chr5	114406406	114606406	harbor1	chr5	114446919	114447086	DNA/hAT-Charlie	808	-	84	114447003	40597
chr5	114406406	114606406	harbor1	chr5	114470825	114470980	DNA/hAT-Charlie	538	-	78	114470903	64497
chr5	114406406	114606406	harbor1	chr5	114475239	114475429	DNA/hAT-Charlie	775	-	95	114475334	68928
chr5	114406406	114606406	harbor1	chr5	114491439	114491646	DNA/hAT-Charlie	549	-	104	114491543	85137
chr5	44727948	44927948	harbor1	chr5	44764726	44764926	DNA/hAT-Charlie	935	-	100	44764826	36878
chr5	44727948	44927948	harbor1	chr5	44766936	44767099	DNA/hAT-Charlie	708	-	82	44767018	39070
chr5	44727948	44927948	harbor1	chr5	44803647	44803920	DNA/hAT-Charlie	463	-	136	44803783	75835
chr5	44727948	44927948	harbor1	chr5	44811585	44811782	DNA/hAT-Charlie	953	-	98	44811683	83735
chr5	9059748	9259748	harbor1	chr5	9128801	9129010	DNA/hAT-Charlie	1078	-	104	9128905	69157
chr5	148364371	148564371	harbor1	chr5	148373954	148374105	DNA/hAT-Charlie	440	-	76	148374030	9659
chr5	148364371	148564371	harbor1	chr5	148394964	148395161	DNA/hAT-Charlie	849	-	98	148395062	30691
chr5	148364371	148564371	harbor1	chr5	148420711	148420824	DNA/hAT-Charlie	628	-	56	148420767	56396
chr5	148364371	148564371	harbor1	chr5	148420957	148420967	DNA/hAT-Charlie	628	-	5	148420962	56591
chr5	148364371	148564371	harbor1	chr5	148421264	148421338	DNA/hAT-Charlie	628	-	37	148421301	56930
chr5	148364371	148564371	harbor1	chr5	148444315	148444593	DNA/hAT-Charlie	911	-	139	148444454	80083
chr5	177550980	177750980	harbor1	chr5	177551449	177551744	DNA/hAT-Charlie	537	-	148	177551597	617
chr5	177550980	177750980	harbor1	chr5	177576685	177576773	DNA/hAT-Charlie	545	-	44	177576729	25749
chr5	177550980	177750980	harbor1	chr5	177577080	177577149	DNA/hAT-Charlie	545	-	34	177577114	26134
chr5	177550980	177750980	harbor1	chr5	177594637	177594913	DNA/hAT-Charlie	403	-	138	177594775	43795
chr5	177550980	177750980	harbor1	chr5	177610086	177610361	DNA/hAT-Charlie	972	-	138	177610224	59244
chr5	95433082	95633082	harbor1	chr5	95444830	95445054	DNA/hAT-Charlie	1044	-	112	95444942	11860
chr5	95433082	95633082	harbor1	chr5	95450537	95450820	DNA/hAT-Charlie	437	-	142	95450679	17597
chr5	95433082	95633082	harbor1	chr5	95467218	95467384	DNA/hAT-Charlie	400	-	83	95467301	34219
chr5	95433082	95633082	harbor1	chr5	95531591	95531750	DNA/hAT-Charlie	942	-	80	95531671	98589
chr5	65624972	65824972	harbor1	chr5	65664919	65665042	DNA/hAT-Charlie	645	-	62	65664981	40009
chr5	65624972	65824972	harbor1	chr5	65701583	65701630	DNA/hAT-Charlie	1017	-	24	65701607	76635
chr5	65624972	65824972	harbor1	chr5	65701933	65702088	DNA/hAT-Charlie	1017	-	78	65702011	77039
chr5	65624972	65824972	harbor1	chr5	65718165	65718362	DNA/hAT-Charlie	858	-	98	65718263	93291
chr5	65624972	65824972	harbor1	chr5	65723840	65724091	DNA/hAT-Charlie	907	-	126	65723966	98994
chr5	112039980	112239980	harbor1	chr5	112063300	112063489	DNA/hAT-Charlie	992	-	94	112063394	23414
chr5	112039980	112239980	harbor1	chr5	112068314	112069667	DNA/hAT-Charlie	5810	-	676	112068990	29010
chr5	112039980	112239980	harbor1	chr5	112120085	112120311	DNA/hAT-Charlie	822	-	113	112120198	80218
chr5	96697633	96897633	harbor1	chr5	96700442	96700605	DNA/hAT-Charlie	665	-	82	96700524	2891
chr5	96697633	96897633	harbor1	chr5	96749881	96750058	DNA/hAT-Charlie	817	-	88	96749969	52336
chr5	96697633	96897633	harbor1	chr5	96791331	96791684	DNA/hAT-Charlie	418	-	176	96791507	93874
chr5	177516851	177716851	harbor1	chr5	177551449	177551744	DNA/hAT-Charlie	537	-	148	177551597	34746
chr5	177516851	177716851	harbor1	chr5	177576685	177576773	DNA/hAT-Charlie	545	-	44	177576729	59878
chr5	177516851	177716851	harbor1	chr5	177577080	177577149	DNA/hAT-Charlie	545	-	34	177577114	60263
chr5	177516851	177716851	harbor1	chr5	177594637	177594913	DNA/hAT-Charlie	403	-	138	177594775	77924
chr5	177516851	177716851	harbor1	chr5	177610086	177610361	DNA/hAT-Charlie	972	-	138	177610224	93373
chr5	96307567	96507567	harbor1	chr5	96312830	96313018	DNA/hAT-Charlie	837	-	94	96312924	5357
chr5	96307567	96507567	harbor1	chr5	96321141	96321383	DNA/hAT-Charlie	887	-	121	96321262	13695
chr5	96307567	96507567	harbor1	chr5	96327393	96327545	DNA/hAT-Charlie	571	-	76	96327469	19902
chr5	96307567	96507567	harbor1	chr5	96341557	96341945	DNA/hAT-Charlie	622	-	194	96341751	34184
chr5	96307567	96507567	harbor1	chr5	96342322	96342506	DNA/hAT-Charlie	781	-	92	96342414	34847
chr5	180658311	180858311	harbor1	chr5	180704798	180705152	DNA/hAT-Charlie	1229	-	177	180704975	46664
chr5	180658311	180858311	harbor1	chr5	180709169	180709336	DNA/hAT-Charlie	477	-	84	180709253	50942
chr5	180658311	180858311	harbor1	chr5	180724636	180724800	DNA/hAT-Charlie	682	-	82	180724718	66407
chr5	52580682	52780682	harbor1	chr5	52602229	52602856	DNA/hAT-Charlie	1790	-	314	52602543	21861
chr5	52580682	52780682	harbor1	chr5	52603324	52603667	DNA/hAT-Charlie	1048	-	172	52603496	22814
chr5	52580682	52780682	harbor1	chr5	52670031	52670230	DNA/hAT-Charlie	656	-	100	52670131	89449
chr5	83427109	83627109	harbor1	chr5	83434872	83435168	DNA/hAT-Charlie	817	-	148	83435020	7911
chr5	83427109	83627109	harbor1	chr5	83479889	83480145	DNA/hAT-Charlie	546	-	128	83480017	52908
chr5	113279058	113479058	harbor1	chr5	113318350	113318466	DNA/hAT-Charlie	1102	-	58	113318408	39350
chr5	113279058	113479058	harbor1	chr5	113318845	113318863	DNA/hAT-Charlie	1102	-	9	113318854	39796
chr5	113279058	113479058	harbor1	chr5	113319168	113319511	DNA/hAT-Charlie	1102	-	172	113319340	40282
chr5	113279058	113479058	harbor1	chr5	113321726	113321823	DNA/hAT-Charlie	804	-	48	113321774	42716
chr5	113279058	113479058	harbor1	chr5	113322132	113322205	DNA/hAT-Charlie	804	-	36	113322168	43110
chr5	113279058	113479058	harbor1	chr5	113374461	113374710	DNA/hAT-Charlie	514	-	124	113374585	95527
chr5	171431517	171631517	harbor1	chr5	171463798	171463978	DNA/hAT-Charlie	970	-	90	171463888	32371
chr5	171431517	171631517	harbor1	chr5	171477252	171477415	DNA/hAT-Charlie	726	-	82	171477334	45817
chr5	171431517	171631517	harbor1	chr5	171487497	171487664	DNA/hAT-Charlie	474	-	84	171487581	56064
chr5	171431517	171631517	harbor1	chr5	171528269	171528497	DNA/hAT-Charlie	745	-	114	171528383	96866
chr5	96180165	96380165	harbor1	chr5	96194503	96194815	DNA/hAT-Charlie	478	-	156	96194659	14494
chr5	96180165	96380165	harbor1	chr5	96203332	96203773	DNA/hAT-Charlie	1133	-	220	96203552	23387
chr5	96180165	96380165	harbor1	chr5	96215185	96215531	DNA/hAT-Charlie	1632	-	173	96215358	35193
chr5	96180165	96380165	harbor1	chr5	96216375	96217034	DNA/hAT-Charlie	3430	-	330	96216705	36540
chr5	96180165	96380165	harbor1	chr5	96217341	96217627	DNA/hAT-Charlie	3430	-	143	96217484	37319
chr5	96180165	96380165	harbor1	chr5	96263037	96263207	DNA/hAT-Charlie	482	-	85	96263122	82957
chr5	164730783	164930783	harbor1	chr5	164749606	164749873	DNA/hAT-Charlie	915	-	134	164749740	18957
chr5	164730783	164930783	harbor1	chr5	164754938	164755154	DNA/hAT-Charlie	974	-	108	164755046	24263
chr5	164730783	164930783	harbor1	chr5	164820643	164820787	DNA/hAT-Charlie	481	-	72	164820715	89932
chr5	104760047	104960047	harbor1	chr5	104763812	104764020	DNA/hAT-Charlie	920	-	104	104763916	3869
chr5	22138530	22338530	harbor1	chr5	22207319	22207521	DNA/hAT-Charlie	818	-	101	22207420	68890
chr5	92843353	93043353	harbor1	chr5	92940423	92940698	DNA/hAT-Charlie	488	-	138	92940561	97208
chr5	15139137	15339137	harbor1	chr5	15153896	15154350	DNA/hAT-Charlie	1665	-	227	15154123	14986
chr5	15139137	15339137	harbor1	chr5	15202850	15203081	DNA/hAT-Charlie	861	-	116	15202966	63829
chr5	51549445	51749445	harbor1	chr5	51649272	51649597	DNA/hAT-Charlie	1186	-	162	51649434	99989
chr5	95975372	96175372	harbor1	chr5	95975300	95975420	DNA/hAT-Charlie	591	-	60	95975360	12
chr5	95975372	96175372	harbor1	chr5	95981428	95981563	DNA/hAT-Charlie	823	-	68	95981496	6124
chr5	95975372	96175372	harbor1	chr5	95987779	95987977	DNA/hAT-Charlie	1050	-	99	95987878	12506
chr5	95975372	96175372	harbor1	chr5	95996654	95996838	DNA/hAT-Charlie	633	-	92	95996746	21374
chr5	95975372	96175372	harbor1	chr5	96006266	96006483	DNA/hAT-Charlie	1252	-	108	96006374	31002
chr5	95975372	96175372	harbor1	chr5	96053146	96053322	DNA/hAT-Charlie	1079	-	88	96053234	77862
chr5	95975372	96175372	harbor1	chr5	96073502	96073847	DNA/hAT-Charlie	2113	-	172	96073674	98302
chr5	22925057	23125057	harbor1	chr5	22938806	22938997	DNA/hAT-Charlie	545	-	96	22938902	13845
chr5	99621094	99821094	harbor1	chr5	99661161	99661318	DNA/hAT-Charlie	551	-	78	99661239	40145
chr5	99621094	99821094	harbor1	chr5	99661612	99661927	DNA/hAT-Charlie	551	-	158	99661770	40676
chr5	99621094	99821094	harbor1	chr5	99704666	99704774	DNA/hAT-Charlie	462	-	54	99704720	83626
chr5	75317080	75517080	harbor1	chr5	75341022	75341222	DNA/hAT-Charlie	409	-	100	75341122	24042
chr5	75317080	75517080	harbor1	chr5	75364537	75364839	DNA/hAT-Charlie	1817	-	151	75364688	47608
chr5	112373528	112573528	harbor1	chr5	112424041	112424201	DNA/hAT-Charlie	942	-	80	112424121	50593
chr5	112373528	112573528	harbor1	chr5	112430801	112432072	DNA/hAT-Charlie	16621	-	636	112431437	57909
chr5	112373528	112573528	harbor1	chr5	112432424	112433727	DNA/hAT-Charlie	16621	-	652	112433076	59548
chr5	112373528	112573528	harbor1	chr5	112473361	112473690	DNA/hAT-Charlie	741	-	164	112473525	99997
chr5	157245832	157445832	harbor1	chr5	157291085	157291233	DNA/hAT-Charlie	527	-	74	157291159	45327
chr5	157245832	157445832	harbor1	chr5	157294548	157294712	DNA/hAT-Charlie	718	-	82	157294630	48798
chr5	157245832	157445832	harbor1	chr5	157297834	157297976	DNA/hAT-Charlie	608	-	71	157297905	52073
chr5	157245832	157445832	harbor1	chr5	157319419	157319647	DNA/hAT-Charlie	792	-	114	157319533	73701
chr5	157245832	157445832	harbor1	chr5	157329543	157329822	DNA/hAT-Charlie	1495	-	140	157329683	83851
chr5	157245832	157445832	harbor1	chr5	157342419	157342709	DNA/hAT-Charlie	427	-	145	157342564	96732
chr5	33444330	33644330	harbor1	chr5	33470711	33470854	DNA/hAT-Charlie	562	-	72	33470783	26453
chr5	33444330	33644330	harbor1	chr5	33483828	33484001	DNA/hAT-Charlie	548	-	86	33483914	39584
chr5	33444330	33644330	harbor1	chr5	33484315	33484406	DNA/hAT-Charlie	548	-	46	33484361	40031
chr5	33444330	33644330	harbor1	chr5	33522526	33522751	DNA/hAT-Charlie	1076	-	112	33522638	78308
chr5	33444330	33644330	harbor1	chr5	33533400	33533550	DNA/hAT-Charlie	807	-	75	33533475	89145
chr5	123076963	123276963	harbor1	chr5	123143201	123143332	DNA/hAT-Charlie	440	-	66	123143267	66304
chr5	123076963	123276963	harbor1	chr5	123152216	123152514	DNA/hAT-Charlie	707	-	149	123152365	75402
chr5	123076963	123276963	harbor1	chr5	123176083	123176240	DNA/hAT-Charlie	699	-	78	123176161	99198
chr5	59115188	59315188	harbor1	chr5	59192750	59192923	DNA/hAT-Charlie	565	-	86	59192836	77648
chr5	59115188	59315188	harbor1	chr5	59209528	59209971	DNA/hAT-Charlie	1136	-	222	59209750	94562
chr5	60655448	60855448	harbor1	chr5	60676813	60676934	DNA/hAT-Charlie	411	-	60	60676873	21425
chr5	60655448	60855448	harbor1	chr5	60711044	60711230	DNA/hAT-Charlie	704	-	93	60711137	55689
chr5	60655448	60855448	harbor1	chr5	60718019	60718180	DNA/hAT-Charlie	745	-	80	60718099	62651
chr5	111051662	111251662	harbor1	chr5	111061389	111061613	DNA/hAT-Charlie	1621	-	112	111061501	9839
chr5	111051662	111251662	harbor1	chr5	111065175	111065387	DNA/hAT-Charlie	1005	-	106	111065281	13619
chr5	111051662	111251662	harbor1	chr5	111065689	111065728	DNA/hAT-Charlie	1005	-	20	111065709	14047
chr5	2800473	3000473	harbor1	chr5	2881870	2882074	DNA/hAT-Charlie	601	-	102	2881972	81499
chr5	2800473	3000473	harbor1	chr5	2834423	2834654	DNA/hAT-Charlie	421	-	116	2834539	34066
chr5	42579741	42779741	harbor1	chr5	42594688	42594978	DNA/hAT-Charlie	671	-	145	42594833	15092
chr5	42579741	42779741	harbor1	chr5	42614380	42614538	DNA/hAT-Charlie	939	-	79	42614459	34718
chr5	42579741	42779741	harbor1	chr5	42655761	42656358	DNA/hAT-Charlie	1392	-	298	42656059	76318
chr5	42579741	42779741	harbor1	chr5	42666208	42666464	DNA/hAT-Charlie	1008	-	128	42666336	86595
chr5	42579741	42779741	harbor1	chr5	42666469	42666668	DNA/hAT-Charlie	895	-	100	42666569	86828
chr5	42579741	42779741	harbor1	chr5	42667680	42667757	DNA/hAT-Charlie	422	-	38	42667718	87977
chr5	42579741	42779741	harbor1	chr5	42668334	42668525	DNA/hAT-Charlie	1113	-	96	42668430	88689
chr5	41759133	41959133	harbor1	chr5	41779301	41779494	DNA/hAT-Charlie	922	-	96	41779397	20264
chr5	41759133	41959133	harbor1	chr5	41789143	41789342	DNA/hAT-Charlie	1041	-	100	41789243	30110
chr5	41759133	41959133	harbor1	chr5	41795012	41795354	DNA/hAT-Charlie	2011	-	171	41795183	36050
chr5	41759133	41959133	harbor1	chr5	41797726	41797886	DNA/hAT-Charlie	659	-	80	41797806	38673
chr5	41759133	41959133	harbor1	chr5	41798359	41798569	DNA/hAT-Charlie	830	-	105	41798464	39331
chr5	41759133	41959133	harbor1	chr5	41828820	41828978	DNA/hAT-Charlie	499	-	79	41828899	69766
chr5	41759133	41959133	harbor1	chr5	41836506	41836853	DNA/hAT-Charlie	2111	-	174	41836680	77547
chr5	98711181	98911181	harbor1	chr5	98753499	98753661	DNA/hAT-Charlie	808	-	81	98753580	42399
chr5	98711181	98911181	harbor1	chr5	98753675	98753871	DNA/hAT-Charlie	981	-	98	98753773	42592
chr5	66900052	67100052	harbor1	chr5	66933760	66933859	DNA/hAT-Charlie	903	-	50	66933810	33758
chr5	66900052	67100052	harbor1	chr5	66933991	66934214	DNA/hAT-Charlie	903	-	112	66934103	34051
chr5	66900052	67100052	harbor1	chr5	66934248	66934422	DNA/hAT-Charlie	903	-	87	66934335	34283
chr5	66900052	67100052	harbor1	chr5	66953780	66953946	DNA/hAT-Charlie	726	-	83	66953863	53811
chr5	99495896	99695896	harbor1	chr5	99500558	99500910	DNA/hAT-Charlie	1942	-	176	99500734	4838
chr5	99495896	99695896	harbor1	chr5	99518899	99518963	DNA/hAT-Charlie	991	-	32	99518931	23035
chr5	99495896	99695896	harbor1	chr5	99519274	99519417	DNA/hAT-Charlie	991	-	72	99519346	23450
chr5	55663692	55863692	harbor1	chr5	55688691	55688913	DNA/hAT-Charlie	682	-	111	55688802	25110
chr5	55663692	55863692	harbor1	chr5	55701004	55701188	DNA/hAT-Charlie	865	-	92	55701096	37404
chr5	55663692	55863692	harbor1	chr5	55708721	55708920	DNA/hAT-Charlie	720	-	100	55708821	45129
chr5	55663692	55863692	harbor1	chr5	55727237	55727343	DNA/hAT-Charlie	619	-	53	55727290	63598
chr5	55663692	55863692	harbor1	chr5	55727390	55727813	DNA/hAT-Charlie	1814	-	212	55727602	63910
chr5	55663692	55863692	harbor1	chr5	55727847	55727994	DNA/hAT-Charlie	997	-	74	55727921	64229
chr5	55663692	55863692	harbor1	chr5	55728380	55728454	DNA/hAT-Charlie	997	-	37	55728417	64725
chr5	55663692	55863692	harbor1	chr5	55733534	55733738	DNA/hAT-Charlie	536	-	102	55733636	69944
chr5	55663692	55863692	harbor1	chr5	55745779	55745945	DNA/hAT-Charlie	479	-	83	55745862	82170
chr5	65814010	66014010	harbor1	chr5	65864499	65864838	DNA/hAT-Charlie	2383	-	170	65864669	50659
chr5	101394276	101594276	harbor1	chr5	101399370	101399504	DNA/hAT-Charlie	545	-	67	101399437	5161
chr5	101394276	101594276	harbor1	chr5	101401133	101401339	DNA/hAT-Charlie	940	-	103	101401236	6960
chr5	101394276	101594276	harbor1	chr5	101431182	101431304	DNA/hAT-Charlie	550	-	61	101431243	36967
chr5	101394276	101594276	harbor1	chr5	101463620	101463811	DNA/hAT-Charlie	628	-	96	101463716	69440
chr5	27914713	28114713	harbor1	chr5	27927085	27927224	DNA/hAT-Charlie	568	-	70	27927155	12442
chr5	42277158	42477158	harbor1	chr5	42292057	42292193	DNA/hAT-Charlie	555	-	68	42292125	14967
chr5	42277158	42477158	harbor1	chr5	42308213	42308424	DNA/hAT-Charlie	808	-	106	42308319	31161
chr5	143816291	144016291	harbor1	chr5	143829791	143829990	DNA/hAT-Charlie	851	-	100	143829891	13600
chr5	143816291	144016291	harbor1	chr5	143874010	143874270	DNA/hAT-Charlie	624	-	130	143874140	57849
chr5	144083314	144283314	harbor1	chr5	144101501	144101721	DNA/hAT-Charlie	1069	-	110	144101611	18297
chr5	144083314	144283314	harbor1	chr5	144104465	144104670	DNA/hAT-Charlie	695	-	102	144104567	21253
chr5	144083314	144283314	harbor1	chr5	144106201	144106347	DNA/hAT-Charlie	620	-	73	144106274	22960
chr5	144083314	144283314	harbor1	chr5	144139236	144139310	DNA/hAT-Charlie	417	-	37	144139273	55959
chr5	144083314	144283314	harbor1	chr5	144160810	144160999	DNA/hAT-Charlie	935	-	94	144160904	77590
chr5	144083314	144283314	harbor1	chr5	144166551	144167121	DNA/hAT-Charlie	2397	-	285	144166836	83522
chr5	144083314	144283314	harbor1	chr5	144171448	144171652	DNA/hAT-Charlie	747	-	102	144171550	88236
chr5	69485737	69685737	harbor1	chr5	69495300	69495432	DNA/hAT-Charlie	631	-	66	69495366	9629
chr5	69485737	69685737	harbor1	chr5	69507544	69507610	DNA/hAT-Charlie	1035	-	33	69507577	21840
chr5	69485737	69685737	harbor1	chr5	69507906	69508061	DNA/hAT-Charlie	1035	-	78	69507984	22247
chr5	69485737	69685737	harbor1	chr5	69508303	69508345	DNA/hAT-Charlie	1035	-	21	69508324	22587
chr5	69485737	69685737	harbor1	chr5	69508641	69508707	DNA/hAT-Charlie	1035	-	33	69508674	22937
chr5	69485737	69685737	harbor1	chr5	69526088	69526252	DNA/hAT-Charlie	512	-	82	69526170	40433
chr5	34881711	35081711	harbor1	chr5	34907905	34908048	DNA/hAT-Charlie	532	-	72	34907977	26266
chr5	34881711	35081711	harbor1	chr5	34958724	34958841	DNA/hAT-Charlie	618	-	58	34958782	77071
chr5	34881711	35081711	harbor1	chr5	34958860	34959060	DNA/hAT-Charlie	921	-	100	34958960	77249
chr5	19031826	19231826	harbor1	chr5	19089327	19089684	DNA/hAT-Charlie	577	-	178	19089505	57679
chr5	121653930	121853930	harbor1	chr5	121749464	121749704	DNA/hAT-Charlie	623	-	120	121749584	95654
chr5	167474443	167674443	harbor1	chr5	167475255	167475476	DNA/hAT-Charlie	4934	-	110	167475365	922
chr5	167474443	167674443	harbor1	chr5	167475984	167476588	DNA/hAT-Charlie	4934	-	302	167476286	1843
chr5	167474443	167674443	harbor1	chr5	167524495	167524629	DNA/hAT-Charlie	603	-	67	167524562	50119
chr5	167474443	167674443	harbor1	chr5	167536372	167536569	DNA/hAT-Charlie	562	-	98	167536470	62027
chr5	167474443	167674443	harbor1	chr5	167476899	167477471	DNA/hAT-Charlie	4934	-	286	167477185	2742
chr5	128832174	129032174	harbor1	chr5	128839448	128839667	DNA/hAT-Charlie	1330	-	110	128839558	7384
chr5	128832174	129032174	harbor1	chr5	128920863	128920998	DNA/hAT-Charlie	875	-	68	128920931	88757
chr5	115531756	115731756	harbor1	chr5	115531544	115531861	DNA/hAT-Charlie	1201	-	158	115531702	54
chr5	115531756	115731756	harbor1	chr5	115534759	115534878	DNA/hAT-Charlie	404	-	60	115534819	3063
chr5	115531756	115731756	harbor1	chr5	115585309	115585540	DNA/hAT-Charlie	1074	-	116	115585425	53669
chr5	115531756	115731756	harbor1	chr5	115622479	115622619	DNA/hAT-Charlie	628	-	70	115622549	90793
chr5	17635028	17835028	harbor1	chr5	17652832	17653177	DNA/hAT-Charlie	542	-	172	17653004	17976
chr5	17635028	17835028	harbor1	chr5	17687244	17687410	DNA/hAT-Charlie	545	-	83	17687327	52299
chr5	17635028	17835028	harbor1	chr5	17709139	17709733	DNA/hAT-Charlie	751	-	297	17709436	74408
chr5	17635028	17835028	harbor1	chr5	17730894	17731222	DNA/hAT-Charlie	1696	-	164	17731058	96030
chr5	17635028	17835028	harbor1	chr5	17727487	17727692	DNA/hAT-Charlie	1027	-	102	17727589	92561
chr5	32051944	32251944	harbor1	chr5	32068381	32068601	DNA/hAT-Charlie	765	-	110	32068491	16547
chr5	32051944	32251944	harbor1	chr5	32105952	32106454	DNA/hAT-Charlie	3381	-	251	32106203	54259
chr5	32051944	32251944	harbor1	chr5	32127496	32127665	DNA/hAT-Charlie	722	-	84	32127580	75636
chr5	32051944	32251944	harbor1	chr5	32138539	32138848	DNA/hAT-Charlie	682	-	154	32138693	86749
chr5	32051944	32251944	harbor1	chr5	32146810	32147020	DNA/hAT-Charlie	1403	-	105	32146915	94971
chr5	32051944	32251944	harbor1	chr5	32148030	32148309	DNA/hAT-Charlie	518	-	140	32148170	96226
chr5	37872064	38072064	harbor1	chr5	37873693	37873822	DNA/hAT-Charlie	506	-	64	37873757	1693
chr5	37872064	38072064	harbor1	chr5	37932806	37932973	DNA/hAT-Charlie	430	-	84	37932890	60826
chr5	37872064	38072064	harbor1	chr5	37939174	37939315	DNA/hAT-Charlie	1049	-	70	37939244	67180
chr5	37872064	38072064	harbor1	chr5	37939833	37939883	DNA/hAT-Charlie	1049	-	25	37939858	67794
chr5	37872064	38072064	harbor1	chr5	37949062	37949262	DNA/hAT-Charlie	853	-	100	37949162	77098
chr5	145621028	145821028	harbor1	chr5	145663192	145663385	DNA/hAT-Charlie	569	-	96	145663288	42260
chr5	145621028	145821028	harbor1	chr5	145705621	145705915	DNA/hAT-Charlie	1322	-	147	145705768	84740
chr5	145857003	146057003	harbor1	chr5	145886681	145887061	DNA/hAT-Charlie	1740	-	190	145886871	29868
chr5	145857003	146057003	harbor1	chr5	145913458	145913638	DNA/hAT-Charlie	463	-	90	145913548	56545
chr5	145857003	146057003	harbor1	chr5	145923068	145923232	DNA/hAT-Charlie	839	-	82	145923150	66147
chr5	145857003	146057003	harbor1	chr5	145956033	145956179	DNA/hAT-Charlie	668	-	73	145956106	99103
chr5	65171456	65371456	harbor1	chr5	65212025	65212208	DNA/hAT-Charlie	1013	-	92	65212117	40661
chr5	65171456	65371456	harbor1	chr5	65227625	65227922	DNA/hAT-Charlie	527	-	148	65227773	56317
chr5	65171456	65371456	harbor1	chr5	65245691	65245908	DNA/hAT-Charlie	1028	-	108	65245799	74343
chr5	65171456	65371456	harbor1	chr5	65256122	65256318	DNA/hAT-Charlie	954	-	98	65256220	84764
chr5	65171456	65371456	harbor1	chr5	65264650	65264787	DNA/hAT-Charlie	664	-	68	65264718	93262
chr5	20148205	20348205	harbor1	chr5	20166540	20166677	DNA/hAT-Charlie	423	-	68	20166608	18403
chr5	118381448	118581448	harbor1	chr5	118430964	118431039	DNA/hAT-Charlie	1162	-	38	118431002	49554
chr5	118381448	118581448	harbor1	chr5	118431324	118431971	DNA/hAT-Charlie	1162	-	324	118431648	50200
chr5	118381448	118581448	harbor1	chr5	118432307	118432816	DNA/hAT-Charlie	1349	-	254	118432561	51113
chr5	118381448	118581448	harbor1	chr5	118433124	118433723	DNA/hAT-Charlie	1349	-	300	118433424	51976
chr5	43944190	44144190	harbor1	chr5	43975161	43975408	DNA/hAT-Charlie	1242	-	124	43975285	31095
chr5	43944190	44144190	harbor1	chr5	43975719	43975830	DNA/hAT-Charlie	1242	-	56	43975775	31585
chr5	43944190	44144190	harbor1	chr5	43982168	43982298	DNA/hAT-Charlie	621	-	65	43982233	38043
chr5	13694257	13894257	harbor1	chr5	13723546	13723843	DNA/hAT-Charlie	1235	-	148	13723694	29437
chr5	13694257	13894257	harbor1	chr5	13740519	13740658	DNA/hAT-Charlie	494	-	70	13740589	46332
chr5	13694257	13894257	harbor1	chr5	13759195	13759377	DNA/hAT-Charlie	556	-	91	13759286	65029
chr5	13694257	13894257	harbor1	chr5	13770492	13770710	DNA/hAT-Charlie	802	-	109	13770601	76344
chr5	13694257	13894257	harbor1	chr5	13784917	13785388	DNA/hAT-Charlie	2943	-	236	13785153	90896
chr5	114800153	115000153	harbor1	chr5	114808743	114809155	DNA/hAT-Charlie	899	-	206	114808949	8796
chr5	52930151	53130151	harbor1	chr5	53003980	53004206	DNA/hAT-Charlie	878	-	113	53004093	73942
chr5	109617531	109817531	harbor1	chr5	109692725	109693074	DNA/hAT-Charlie	2046	-	174	109692899	75368
chr5	109617531	109817531	harbor1	chr5	109696513	109696733	DNA/hAT-Charlie	752	-	110	109696623	79092
chr5	17685819	17885819	harbor1	chr5	17687244	17687410	DNA/hAT-Charlie	545	-	83	17687327	1508
chr5	17685819	17885819	harbor1	chr5	17709139	17709733	DNA/hAT-Charlie	751	-	297	17709436	23617
chr5	17685819	17885819	harbor1	chr5	17730894	17731222	DNA/hAT-Charlie	1696	-	164	17731058	45239
chr5	17685819	17885819	harbor1	chr5	17727487	17727692	DNA/hAT-Charlie	1027	-	102	17727589	41770
chr5	87820412	88020412	harbor1	chr5	87851047	87851187	DNA/hAT-Charlie	445	-	70	87851117	30705
chr5	107909962	108109962	harbor1	chr5	107931960	107932109	DNA/hAT-Charlie	568	-	74	107932034	22072
chr5	107909962	108109962	harbor1	chr5	107940785	107940960	DNA/hAT-Charlie	720	-	88	107940873	30911
chr5	107909962	108109962	harbor1	chr5	107977982	107978141	DNA/hAT-Charlie	820	-	80	107978062	68100
chr5	131721269	131921269	harbor1	chr5	131731333	131731372	DNA/hAT-Charlie	750	-	20	131731353	10084
chr5	131721269	131921269	harbor1	chr5	131731663	131731870	DNA/hAT-Charlie	750	-	104	131731767	10498
chr5	131721269	131921269	harbor1	chr5	131737887	131738020	DNA/hAT-Charlie	818	-	66	131737953	16684
chr5	116224122	116424122	harbor1	chr5	116274296	116274481	DNA/hAT-Charlie	757	-	92	116274388	50266
chr5	149875079	150075079	harbor1	chr5	149875341	149875487	DNA/hAT-Charlie	659	-	73	149875414	335
chr5	149875079	150075079	harbor1	chr5	149875788	149876346	DNA/hAT-Charlie	659	-	279	149876067	988
chr5	149875079	150075079	harbor1	chr5	149877709	149877763	DNA/hAT-Charlie	522	-	27	149877736	2657
chr5	149875079	150075079	harbor1	chr5	149877984	149878249	DNA/hAT-Charlie	522	-	132	149878116	3037
chr5	149875079	150075079	harbor1	chr5	149920212	149920298	DNA/hAT-Charlie	848	-	43	149920255	45176
chr5	149875079	150075079	harbor1	chr5	149920592	149920764	DNA/hAT-Charlie	848	-	86	149920678	45599
chr5	149875079	150075079	harbor1	chr5	149947990	149948173	DNA/hAT-Charlie	937	-	92	149948082	73003
chr5	24059798	24259798	harbor1	chr5	24138599	24138660	DNA/hAT-Charlie	413	-	30	24138629	78831
chr5	24059798	24259798	harbor1	chr5	24139074	24139132	DNA/hAT-Charlie	413	-	29	24139103	79305
chr5	24059798	24259798	harbor1	chr5	24139133	24139448	DNA/hAT-Charlie	1799	-	158	24139291	79493
chr5	112647473	112847473	harbor1	chr5	112721775	112721978	DNA/hAT-Charlie	1166	-	102	112721877	74404
chr5	33107989	33307989	harbor1	chr5	33184611	33184749	DNA/hAT-Charlie	603	-	69	33184680	76691
chr5	107669862	107869862	harbor1	chr5	107676096	107676289	DNA/hAT-Charlie	476	-	96	107676192	6330
chr5	107669862	107869862	harbor1	chr5	107698930	107699169	DNA/hAT-Charlie	521	-	120	107699050	29188
chr5	107669862	107869862	harbor1	chr5	107699842	107700050	DNA/hAT-Charlie	888	-	104	107699946	30084
chr5	107669862	107869862	harbor1	chr5	107714236	107714411	DNA/hAT-Charlie	910	-	88	107714324	44462
chr5	107669862	107869862	harbor1	chr5	107729941	107730106	DNA/hAT-Charlie	817	-	82	107730023	60161
chr5	107669862	107869862	harbor1	chr5	107757812	107758006	DNA/hAT-Charlie	745	-	97	107757909	88047
chr5	14631793	14831793	harbor1	chr5	14645437	14645605	DNA/hAT-Charlie	411	-	84	14645521	13728
chr5	14631793	14831793	harbor1	chr5	14653489	14653623	DNA/hAT-Charlie	1175	-	67	14653556	21763
chr5	14631793	14831793	harbor1	chr5	14653871	14654210	DNA/hAT-Charlie	1175	-	170	14654041	22248
chr5	14631793	14831793	harbor1	chr5	14654253	14654661	DNA/hAT-Charlie	641	-	204	14654457	22664
chr5	14631793	14831793	harbor1	chr5	14654662	14654824	DNA/hAT-Charlie	1205	-	81	14654743	22950
chr5	14631793	14831793	harbor1	chr5	14655113	14655263	DNA/hAT-Charlie	1205	-	75	14655188	23395
chr5	14631793	14831793	harbor1	chr5	14655264	14655392	DNA/hAT-Charlie	641	-	64	14655328	23535
chr5	127092167	127292167	harbor1	chr5	127177145	127177335	DNA/hAT-Charlie	1000	-	95	127177240	85073
chr5	127092167	127292167	harbor1	chr5	127190625	127190786	DNA/hAT-Charlie	869	-	80	127190705	98538
chr5	50283460	50483460	harbor1	chr5	50286290	50286394	DNA/hAT-Charlie	481	-	52	50286342	2882
chr5	50283460	50483460	harbor1	chr5	50299660	50300000	DNA/hAT-Charlie	422	-	170	50299830	16370
chr5	50283460	50483460	harbor1	chr5	50337574	50337761	DNA/hAT-Charlie	479	-	94	50337668	54208
chr5	50283460	50483460	harbor1	chr5	50346784	50347000	DNA/hAT-Charlie	895	-	108	50346892	63432
chr5	162383375	162583375	harbor1	chr5	162429179	162429395	DNA/hAT-Charlie	989	-	108	162429287	45912
chr5	162383375	162583375	harbor1	chr5	162435286	162435606	DNA/hAT-Charlie	1018	-	160	162435446	52071
chr5	25446584	25646584	harbor1	chr5	25515415	25515842	DNA/hAT-Charlie	1729	-	214	25515629	69045
chr5	136067757	136267757	harbor1	chr5	136074858	136075008	DNA/hAT-Charlie	556	-	75	136074933	7176
chr5	136067757	136267757	harbor1	chr5	136075167	136075283	DNA/hAT-Charlie	595	-	58	136075225	7468
chr5	136067757	136267757	harbor1	chr5	136078284	136078506	DNA/hAT-Charlie	1571	-	111	136078395	10638
chr5	136067757	136267757	harbor1	chr5	136128920	136129057	DNA/hAT-Charlie	421	-	68	136128988	61231
chr5	136067757	136267757	harbor1	chr5	136130106	136130315	DNA/hAT-Charlie	1031	-	104	136130210	62453
chr5	136067757	136267757	harbor1	chr5	136157333	136157840	DNA/hAT-Charlie	3134	-	254	136157587	89830
chr5	91003990	91203990	harbor1	chr5	91023959	91024121	DNA/hAT-Charlie	422	-	81	91024040	20050
chr5	103312636	103512636	harbor1	chr5	103329000	103329210	DNA/hAT-Charlie	696	-	105	103329105	16469
chr5	103312636	103512636	harbor1	chr5	103388538	103388618	DNA/hAT-Charlie	410	-	40	103388578	75942
chr5	75524268	75724268	harbor1	chr5	75544955	75545119	DNA/hAT-Charlie	610	-	82	75545037	20769
chr5	75524268	75724268	harbor1	chr5	75623637	75623854	DNA/hAT-Charlie	1305	-	108	75623745	99477
chr5	43382296	43582296	harbor1	chr5	43392003	43392106	DNA/hAT-Charlie	560	-	52	43392055	9759
chr5	43382296	43582296	harbor1	chr5	43392417	43392490	DNA/hAT-Charlie	560	-	36	43392453	10157
chr5	43382296	43582296	harbor1	chr5	43426711	43427039	DNA/hAT-Charlie	2257	-	164	43426875	44579
chr5	43382296	43582296	harbor1	chr5	43459790	43460311	DNA/hAT-Charlie	3556	-	260	43460050	77754
chr5	94389696	94589696	harbor1	chr5	94397592	94397787	DNA/hAT-Charlie	1103	-	98	94397690	7994
chr5	94389696	94589696	harbor1	chr5	94399781	94400362	DNA/hAT-Charlie	1718	-	290	94400071	10375
chr5	94389696	94589696	harbor1	chr5	94400382	94401688	DNA/hAT-Charlie	2972	-	653	94401035	11339
chr5	94389696	94589696	harbor1	chr5	94407937	94408148	DNA/hAT-Charlie	868	-	106	94408043	18347
chr5	94389696	94589696	harbor1	chr5	94421094	94421296	DNA/hAT-Charlie	909	-	101	94421195	31499
chr5	94389696	94589696	harbor1	chr5	94488760	94488921	DNA/hAT-Charlie	511	-	80	94488840	99144
chr5	44656601	44856601	harbor1	chr5	44675613	44675824	DNA/hAT-Charlie	976	-	106	44675719	19118
chr5	44656601	44856601	harbor1	chr5	44683729	44683867	DNA/hAT-Charlie	503	-	69	44683798	27197
chr5	44656601	44856601	harbor1	chr5	44696003	44696228	DNA/hAT-Charlie	882	-	112	44696115	39514
chr5	44656601	44856601	harbor1	chr5	44697819	44697941	DNA/hAT-Charlie	543	-	61	44697880	41279
chr5	44656601	44856601	harbor1	chr5	44705316	44705472	DNA/hAT-Charlie	495	-	78	44705394	48793
chr5	163626041	163826041	harbor1	chr5	163627819	163627965	DNA/hAT-Charlie	669	-	73	163627892	1851
chr5	163626041	163826041	harbor1	chr5	163659901	163660026	DNA/hAT-Charlie	411	-	62	163659963	33922
chr6	148689440	148889440	harbor1	chr6	148766974	148767130	DNA/hAT-Charlie	765	-	78	148767052	77612
chr6	148689440	148889440	harbor1	chr6	148779702	148779858	DNA/hAT-Charlie	476	-	78	148779780	90340
chr6	148689440	148889440	harbor1	chr6	148784006	148784465	DNA/hAT-Charlie	917	-	230	148784236	94796
chr6	36703408	36903408	harbor1	chr6	36739374	36739559	DNA/hAT-Charlie	456	-	92	36739466	36058
chr6	36703408	36903408	harbor1	chr6	36767855	36768031	DNA/hAT-Charlie	746	-	88	36767943	64535
chr6	36703408	36903408	harbor1	chr6	36801243	36801396	DNA/hAT-Charlie	824	-	76	36801319	97911
chr6	89407233	89607233	harbor1	chr6	89423420	89423575	DNA/hAT-Charlie	721	-	78	89423498	16265
chr6	89407233	89607233	harbor1	chr6	89435972	89436486	DNA/hAT-Charlie	1888	-	257	89436229	28996
chr6	89407233	89607233	harbor1	chr6	89468502	89468699	DNA/hAT-Charlie	1358	-	98	89468600	61367
chr6	89407233	89607233	harbor1	chr6	89488030	89488239	DNA/hAT-Charlie	424	-	104	89488134	80901
chr6	73491115	73691115	harbor1	chr6	73499314	73499375	DNA/hAT-Charlie	1172	-	30	73499344	8229
chr6	73491115	73691115	harbor1	chr6	73499542	73499705	DNA/hAT-Charlie	1172	-	82	73499624	8509
chr6	73491115	73691115	harbor1	chr6	73567602	73567685	DNA/hAT-Charlie	491	-	42	73567644	76529
chr6	73491115	73691115	harbor1	chr6	73567971	73568053	DNA/hAT-Charlie	491	-	41	73568012	76897
chr6	27159620	27359620	harbor1	chr6	27239496	27239608	DNA/hAT-Charlie	964	-	56	27239552	79932
chr6	27159620	27359620	harbor1	chr6	27239908	27240409	DNA/hAT-Charlie	964	-	250	27240158	80538
chr6	15243281	15443281	harbor1	chr6	15271262	15271350	DNA/hAT-Charlie	547	-	44	15271306	28025
chr6	15243281	15443281	harbor1	chr6	15287226	15287639	DNA/hAT-Charlie	1259	-	206	15287432	44151
chr6	15243281	15443281	harbor1	chr6	15303245	15303398	DNA/hAT-Charlie	493	-	76	15303321	60040
chr6	29529982	29729982	harbor1	chr6	29618761	29618937	DNA/hAT-Charlie	795	-	88	29618849	88867
chr6	153930576	154130576	harbor1	chr6	153947047	153947164	DNA/hAT-Charlie	683	-	58	153947105	16529
chr6	153930576	154130576	harbor1	chr6	153972551	153972848	DNA/hAT-Charlie	1442	-	148	153972699	42123
chr6	153930576	154130576	harbor1	chr6	153976012	153976242	DNA/hAT-Charlie	2103	-	115	153976127	45551
chr6	153930576	154130576	harbor1	chr6	153976536	153977230	DNA/hAT-Charlie	2103	-	347	153976883	46307
chr6	150209265	150409265	harbor1	chr6	150262350	150262519	DNA/hAT-Charlie	550	-	84	150262434	53169
chr6	135973440	136173440	harbor1	chr6	135974935	135975235	DNA/hAT-Charlie	612	-	150	135975085	1645
chr6	135973440	136173440	harbor1	chr6	135982566	135982720	DNA/hAT-Charlie	635	-	77	135982643	9203
chr6	135973440	136173440	harbor1	chr6	135992108	135992335	DNA/hAT-Charlie	1623	-	114	135992222	18782
chr6	135973440	136173440	harbor1	chr6	135993338	135993497	DNA/hAT-Charlie	517	-	80	135993418	19978
chr6	96030095	96230095	harbor1	chr6	96036846	96036995	DNA/hAT-Charlie	640	-	74	96036920	6825
chr6	96030095	96230095	harbor1	chr6	96046134	96046405	DNA/hAT-Charlie	499	-	136	96046270	16175
chr6	96030095	96230095	harbor1	chr6	96115146	96115534	DNA/hAT-Charlie	1810	-	194	96115340	85245
chr6	125727586	125927586	harbor1	chr6	125732039	125732179	DNA/hAT-Charlie	479	-	70	125732109	4523
chr6	125727586	125927586	harbor1	chr6	125732171	125732293	DNA/hAT-Charlie	415	-	61	125732232	4646
chr6	160738745	160938745	harbor1	chr6	160833749	160834446	DNA/hAT-Charlie	1035	-	348	160834097	95352
chr6	131788799	131988799	harbor1	chr6	131825376	131825579	DNA/hAT-Charlie	608	-	102	131825478	36679
chr6	131788799	131988799	harbor1	chr6	131873177	131873400	DNA/hAT-Charlie	783	-	112	131873289	84490
chr6	7224375	7424375	harbor1	chr6	7304084	7304235	DNA/hAT-Charlie	477	-	76	7304160	79785
chr6	7224375	7424375	harbor1	chr6	7304244	7304390	DNA/hAT-Charlie	696	-	73	7304317	79942
chr6	152968030	153168030	harbor1	chr6	152976810	152977034	DNA/hAT-Charlie	572	-	112	152976922	8892
chr6	152968030	153168030	harbor1	chr6	152987036	152987188	DNA/hAT-Charlie	524	-	76	152987112	19082
chr6	152968030	153168030	harbor1	chr6	153000249	153000444	DNA/hAT-Charlie	911	-	98	153000347	32317
chr6	152968030	153168030	harbor1	chr6	153023770	153023946	DNA/hAT-Charlie	494	-	88	153023858	55828
chr6	152968030	153168030	harbor1	chr6	153057534	153058019	DNA/hAT-Charlie	3299	-	242	153057776	89746
chr6	98276776	98476776	harbor1	chr6	98330227	98330376	DNA/hAT-Charlie	478	-	74	98330301	53525
chr6	110637617	110837617	harbor1	chr6	110708142	110708245	DNA/hAT-Charlie	467	-	52	110708194	70577
chr6	110637617	110837617	harbor1	chr6	110720145	110720583	DNA/hAT-Charlie	2443	-	219	110720364	82747
chr6	110637617	110837617	harbor1	chr6	110720888	110720955	DNA/hAT-Charlie	2443	-	34	110720922	83305
chr6	110637617	110837617	harbor1	chr6	110721256	110721683	DNA/hAT-Charlie	2443	-	214	110721470	83853
chr6	110637617	110837617	harbor1	chr6	110721974	110722226	DNA/hAT-Charlie	2443	-	126	110722100	84483
chr6	25022521	25222521	harbor1	chr6	25076266	25076462	DNA/hAT-Charlie	925	-	98	25076364	53843
chr6	25022521	25222521	harbor1	chr6	25076770	25077051	DNA/hAT-Charlie	925	-	140	25076910	54389
chr6	25022521	25222521	harbor1	chr6	25095637	25095894	DNA/hAT-Charlie	637	-	128	25095765	73244
chr6	25022521	25222521	harbor1	chr6	25104233	25104959	DNA/hAT-Charlie	3567	-	363	25104596	82075
chr6	25022521	25222521	harbor1	chr6	25105435	25105811	DNA/hAT-Charlie	3567	-	188	25105623	83102
chr6	9477553	9677553	harbor1	chr6	9477850	9477995	DNA/hAT-Charlie	622	-	72	9477922	369
chr6	9477553	9677553	harbor1	chr6	9479637	9479784	DNA/hAT-Charlie	427	-	74	9479711	2158
chr6	9477553	9677553	harbor1	chr6	9495339	9495431	DNA/hAT-Charlie	449	-	46	9495385	17832
chr6	9477553	9677553	harbor1	chr6	9499390	9499968	DNA/hAT-Charlie	1253	-	289	9499679	22126
chr6	9477553	9677553	harbor1	chr6	9507339	9507522	DNA/hAT-Charlie	889	-	92	9507431	29878
chr6	9477553	9677553	harbor1	chr6	9510699	9510812	DNA/hAT-Charlie	909	-	56	9510755	33202
chr6	9477553	9677553	harbor1	chr6	9511096	9511314	DNA/hAT-Charlie	909	-	109	9511205	33652
chr6	9477553	9677553	harbor1	chr6	9515569	9515780	DNA/hAT-Charlie	770	-	106	9515675	38122
chr6	117895445	118095445	harbor1	chr6	117974586	117975060	DNA/hAT-Charlie	1883	-	237	117974823	79378
chr6	161082136	161282136	harbor1	chr6	161090745	161090969	DNA/hAT-Charlie	695	-	112	161090857	8721
chr6	161082136	161282136	harbor1	chr6	161128008	161128222	DNA/hAT-Charlie	791	-	107	161128115	45979
chr6	161082136	161282136	harbor1	chr6	161134341	161134488	DNA/hAT-Charlie	594	-	74	161134415	52279
chr6	113165636	113365636	harbor1	chr6	113167854	113168012	DNA/hAT-Charlie	799	-	79	113167933	2297
chr6	113165636	113365636	harbor1	chr6	113169808	113170392	DNA/hAT-Charlie	4907	-	292	113170100	4464
chr6	113165636	113365636	harbor1	chr6	113170798	113171641	DNA/hAT-Charlie	4907	-	422	113171220	5584
chr6	113165636	113365636	harbor1	chr6	113245451	113245620	DNA/hAT-Charlie	415	-	84	113245535	79899
chr6	113165636	113365636	harbor1	chr6	113257355	113257516	DNA/hAT-Charlie	905	-	80	113257435	91799
chr6	113165636	113365636	harbor1	chr6	113262997	113263193	DNA/hAT-Charlie	1065	-	98	113263095	97459
chr6	6379237	6579237	harbor1	chr6	6385196	6385405	DNA/hAT-Charlie	1146	-	104	6385300	6063
chr6	6379237	6579237	harbor1	chr6	6471038	6471201	DNA/hAT-Charlie	435	-	82	6471120	91883
chr6	163648038	163848038	harbor1	chr6	163719715	163719965	DNA/hAT-Charlie	671	-	125	163719840	71802
chr6	79859249	80059249	harbor1	chr6	79874098	79874361	DNA/hAT-Charlie	437	-	132	79874230	14981
chr6	73413880	73613880	harbor1	chr6	73438874	73439212	DNA/hAT-Charlie	748	-	169	73439043	25163
chr6	73413880	73613880	harbor1	chr6	73456218	73456479	DNA/hAT-Charlie	546	-	130	73456348	42468
chr6	73413880	73613880	harbor1	chr6	73499314	73499375	DNA/hAT-Charlie	1172	-	30	73499344	85464
chr6	73413880	73613880	harbor1	chr6	73499542	73499705	DNA/hAT-Charlie	1172	-	82	73499624	85744
chr6	80477025	80677025	harbor1	chr6	80504602	80504748	DNA/hAT-Charlie	708	-	73	80504675	27650
chr6	108788723	108988723	harbor1	chr6	108810853	108811039	DNA/hAT-Charlie	587	-	93	108810946	22223
chr6	108788723	108988723	harbor1	chr6	108872781	108873024	DNA/hAT-Charlie	623	-	122	108872903	84180
chr6	108788723	108988723	harbor1	chr6	108873050	108873340	DNA/hAT-Charlie	1241	-	145	108873195	84472
chr6	158230624	158430624	harbor1	chr6	158306616	158306735	DNA/hAT-Charlie	3903	-	60	158306676	76052
chr6	158230624	158430624	harbor1	chr6	158307038	158307478	DNA/hAT-Charlie	3903	-	220	158307258	76634
chr6	158230624	158430624	harbor1	chr6	158307746	158308000	DNA/hAT-Charlie	3903	-	127	158307873	77249
chr6	158230624	158430624	harbor1	chr6	158309943	158310092	DNA/hAT-Charlie	3903	-	74	158310017	79393
chr6	158230624	158430624	harbor1	chr6	158310733	158311126	DNA/hAT-Charlie	1741	-	196	158310929	80305
chr6	158230624	158430624	harbor1	chr6	158329961	158330242	DNA/hAT-Charlie	1427	-	140	158330101	99477
chr6	31571137	31771137	harbor1	chr6	31591319	31591475	DNA/hAT-Charlie	753	-	78	31591397	20260
chr6	71573459	71773459	harbor1	chr6	71620222	71620377	DNA/hAT-Charlie	489	-	78	71620300	46841
chr6	88558850	88758850	harbor1	chr6	88587496	88587710	DNA/hAT-Charlie	616	-	107	88587603	28753
chr6	88558850	88758850	harbor1	chr6	88601892	88602586	DNA/hAT-Charlie	2511	-	347	88602239	43389
chr6	57448002	57648002	harbor1	chr6	57492228	57492275	DNA/hAT-Charlie	1253	-	24	57492252	44250
chr6	57448002	57648002	harbor1	chr6	57492573	57492796	DNA/hAT-Charlie	1253	-	112	57492685	44683
chr6	57448002	57648002	harbor1	chr6	57522463	57522512	DNA/hAT-Charlie	920	-	24	57522487	74485
chr6	57448002	57648002	harbor1	chr6	57522653	57522824	DNA/hAT-Charlie	920	-	86	57522739	74737
chr6	117523503	117723503	harbor1	chr6	117530236	117530571	DNA/hAT-Charlie	2221	-	168	117530404	6901
chr6	117523503	117723503	harbor1	chr6	117546031	117546335	DNA/hAT-Charlie	673	-	152	117546183	22680
chr6	117523503	117723503	harbor1	chr6	117564950	117566332	DNA/hAT-Charlie	6159	-	691	117565641	42138
chr6	117523503	117723503	harbor1	chr6	117588949	117589178	DNA/hAT-Charlie	1488	-	114	117589063	65560
chr6	117523503	117723503	harbor1	chr6	117598475	117598789	DNA/hAT-Charlie	1530	-	157	117598632	75129
chr6	117523503	117723503	harbor1	chr6	117609786	117609949	DNA/hAT-Charlie	636	-	82	117609868	86365
chr6	100740193	100940193	harbor1	chr6	100780023	100780284	DNA/hAT-Charlie	520	-	130	100780153	39960
chr6	100740193	100940193	harbor1	chr6	100826874	100827053	DNA/hAT-Charlie	864	-	90	100826964	86771
chr6	152454466	152654466	harbor1	chr6	152489783	152489962	DNA/hAT-Charlie	851	-	90	152489873	35407
chr6	152454466	152654466	harbor1	chr6	152549977	152550112	DNA/hAT-Charlie	676	-	68	152550045	95579
chr6	50922904	51122904	harbor1	chr6	50943248	50943469	DNA/hAT-Charlie	1538	-	110	50943358	20454
chr6	50922904	51122904	harbor1	chr6	50953033	50953198	DNA/hAT-Charlie	878	-	82	50953115	30211
chr6	50922904	51122904	harbor1	chr6	50975916	50976115	DNA/hAT-Charlie	414	-	100	50976016	53112
chr6	50922904	51122904	harbor1	chr6	50995752	50996029	DNA/hAT-Charlie	1134	-	138	50995890	72986
chr6	50922904	51122904	harbor1	chr6	51021497	51021700	DNA/hAT-Charlie	1188	-	102	51021599	98695
chr6	50922904	51122904	harbor1	chr6	50954187	50954346	DNA/hAT-Charlie	770	-	80	50954267	31363
chr6	81785581	81985581	harbor1	chr6	81809427	81809594	DNA/hAT-Charlie	613	-	84	81809511	23930
chr6	81785581	81985581	harbor1	chr6	81861215	81861382	DNA/hAT-Charlie	803	-	84	81861299	75718
chr6	161034486	161234486	harbor1	chr6	161090745	161090969	DNA/hAT-Charlie	695	-	112	161090857	56371
chr6	161034486	161234486	harbor1	chr6	161128008	161128222	DNA/hAT-Charlie	791	-	107	161128115	93629
chr6	161034486	161234486	harbor1	chr6	161134341	161134488	DNA/hAT-Charlie	594	-	74	161134415	99929
chr6	141986311	142186311	harbor1	chr6	141989527	141989730	DNA/hAT-Charlie	554	-	102	141989629	3318
chr6	141986311	142186311	harbor1	chr6	141997106	141997321	DNA/hAT-Charlie	1563	-	108	141997214	10903
chr6	141986311	142186311	harbor1	chr6	142043056	142043237	DNA/hAT-Charlie	766	-	90	142043146	56835
chr6	60875370	61075370	harbor1	chr6	60891324	60891502	DNA/hAT-Charlie	861	-	89	60891413	16043
chr6	60875370	61075370	harbor1	chr6	60926588	60926881	DNA/hAT-Charlie	781	-	146	60926734	51364
chr6	98759920	98959920	harbor1	chr6	98768460	98768561	DNA/hAT-Charlie	1347	-	50	98768510	8590
chr6	98759920	98959920	harbor1	chr6	98768867	98769192	DNA/hAT-Charlie	1347	-	162	98769029	9109
chr6	98759920	98959920	harbor1	chr6	98773817	98774016	DNA/hAT-Charlie	951	-	100	98773917	13997
chr6	98759920	98959920	harbor1	chr6	98790683	98791004	DNA/hAT-Charlie	1642	-	160	98790843	30923
chr6	98759920	98959920	harbor1	chr6	98810305	98810451	DNA/hAT-Charlie	698	-	73	98810378	50458
chr6	109462889	109662889	harbor1	chr6	109480336	109480541	DNA/hAT-Charlie	1318	-	102	109480438	17549
chr6	109462889	109662889	harbor1	chr6	109529450	109529973	DNA/hAT-Charlie	3586	-	262	109529712	66823
chr6	109462889	109662889	harbor1	chr6	109531480	109531675	DNA/hAT-Charlie	891	-	98	109531578	68689
chr6	155632587	155832587	harbor1	chr6	155634067	155634235	DNA/hAT-Charlie	649	-	84	155634151	1564
chr6	155632587	155832587	harbor1	chr6	155663790	155664103	DNA/hAT-Charlie	1327	-	156	155663946	31359
chr6	140403	340403	harbor1	chr6	232175	232708	DNA/hAT-Charlie	4031	-	266	232441	92038
chr6	54694823	54894823	harbor1	chr6	54713371	54713535	DNA/hAT-Charlie	718	-	82	54713453	18630
chr6	54694823	54894823	harbor1	chr6	54754251	54754561	DNA/hAT-Charlie	645	-	155	54754406	59583
chr6	54694823	54894823	harbor1	chr6	54775711	54775834	DNA/hAT-Charlie	458	-	62	54775773	80950
chr6	113974501	114174501	harbor1	chr6	113992189	113992371	DNA/hAT-Charlie	742	-	91	113992280	17779
chr6	113974501	114174501	harbor1	chr6	114003937	114003988	DNA/hAT-Charlie	578	-	26	114003963	29462
chr6	113974501	114174501	harbor1	chr6	114004287	114004613	DNA/hAT-Charlie	578	-	163	114004450	29949
chr6	113974501	114174501	harbor1	chr6	114025195	114025760	DNA/hAT-Charlie	1562	-	282	114025477	50976
chr6	113974501	114174501	harbor1	chr6	114028053	114028142	DNA/hAT-Charlie	450	-	44	114028097	53596
chr6	113974501	114174501	harbor1	chr6	114028424	114028549	DNA/hAT-Charlie	547	-	62	114028486	53985
chr6	113974501	114174501	harbor1	chr6	114055036	114055228	DNA/hAT-Charlie	492	-	96	114055132	80631
chr6	123235712	123435712	harbor1	chr6	123279259	123279454	DNA/hAT-Charlie	611	-	98	123279357	43645
chr6	123235712	123435712	harbor1	chr6	123294407	123294752	DNA/hAT-Charlie	1975	-	172	123294579	58867
chr6	123235712	123435712	harbor1	chr6	123302755	123302910	DNA/hAT-Charlie	772	-	78	123302833	67121
chr6	45111403	45311403	harbor1	chr6	45115384	45115496	DNA/hAT-Charlie	437	-	56	45115440	4037
chr6	45111403	45311403	harbor1	chr6	45123679	45124040	DNA/hAT-Charlie	1031	-	180	45123859	12456
chr6	45111403	45311403	harbor1	chr6	45157380	45157484	DNA/hAT-Charlie	506	-	52	45157432	46029
chr6	5624982	5824982	harbor1	chr6	5705996	5706332	DNA/hAT-Charlie	2141	-	168	5706164	81182
chr6	5624982	5824982	harbor1	chr6	5720633	5720765	DNA/hAT-Charlie	5197	-	66	5720699	95717
chr6	5624982	5824982	harbor1	chr6	5721068	5722334	DNA/hAT-Charlie	5197	-	633	5721701	96719
chr6	44780389	44980389	harbor1	chr6	44821875	44822175	DNA/hAT-Charlie	562	-	150	44822025	41636
chr6	25548072	25748072	harbor1	chr6	25608898	25609124	DNA/hAT-Charlie	1181	-	113	25609011	60939
chr6	25548072	25748072	harbor1	chr6	25613870	25614026	DNA/hAT-Charlie	477	-	78	25613948	65876
chr6	82976216	83176216	harbor1	chr6	82989473	82989683	DNA/hAT-Charlie	824	-	105	82989578	13362
chr6	82976216	83176216	harbor1	chr6	83008100	83008276	DNA/hAT-Charlie	860	-	88	83008188	31972
chr6	82976216	83176216	harbor1	chr6	83058963	83059100	DNA/hAT-Charlie	794	-	68	83059031	82815
chr6	82976216	83176216	harbor1	chr6	83059410	83059489	DNA/hAT-Charlie	794	-	40	83059450	83234
chr6	82976216	83176216	harbor1	chr6	83065327	83065462	DNA/hAT-Charlie	582	-	68	83065395	89179
chr6	82976216	83176216	harbor1	chr6	83070822	83071218	DNA/hAT-Charlie	1420	-	198	83071020	94804
chr6	82976216	83176216	harbor1	chr6	83071508	83071602	DNA/hAT-Charlie	1420	-	47	83071555	95339
chr6	30123827	30323827	harbor1	chr6	30155890	30156038	DNA/hAT-Charlie	558	-	74	30155964	32137
chr6	30123827	30323827	harbor1	chr6	30161767	30161992	DNA/hAT-Charlie	1034	-	112	30161879	38052
chr6	30123827	30323827	harbor1	chr6	30162326	30162427	DNA/hAT-Charlie	634	-	50	30162376	38549
chr6	30123827	30323827	harbor1	chr6	30171502	30171663	DNA/hAT-Charlie	857	-	80	30171582	47755
chr6	99732432	99932432	harbor1	chr6	99787227	99787445	DNA/hAT-Charlie	1150	-	109	99787336	54904
chr6	99732432	99932432	harbor1	chr6	99804236	99804431	DNA/hAT-Charlie	579	-	98	99804334	71902
chr6	3943555	4143555	harbor1	chr6	3971860	3972011	DNA/hAT-Charlie	429	-	76	3971936	28381
chr6	24247705	24447705	harbor1	chr6	24292716	24292945	DNA/hAT-Charlie	1059	-	114	24292830	45125
chr6	24247705	24447705	harbor1	chr6	24298004	24298339	DNA/hAT-Charlie	2261	-	168	24298172	50467
chr6	24247705	24447705	harbor1	chr6	24333380	24333620	DNA/hAT-Charlie	543	-	120	24333500	85795
chr6	138798632	138998632	harbor1	chr6	138801352	138801469	DNA/hAT-Charlie	574	-	58	138801410	2778
chr6	138798632	138998632	harbor1	chr6	138801777	138801796	DNA/hAT-Charlie	574	-	10	138801787	3155
chr6	138798632	138998632	harbor1	chr6	138830275	138830482	DNA/hAT-Charlie	756	-	104	138830379	31747
chr6	138798632	138998632	harbor1	chr6	138857274	138857432	DNA/hAT-Charlie	950	-	79	138857353	58721
chr6	138798632	138998632	harbor1	chr6	138881420	138881931	DNA/hAT-Charlie	3635	-	256	138881676	83044
chr6	138798632	138998632	harbor1	chr6	138889846	138889958	DNA/hAT-Charlie	617	-	56	138889902	91270
chr6	54697121	54897121	harbor1	chr6	54713371	54713535	DNA/hAT-Charlie	718	-	82	54713453	16332
chr6	54697121	54897121	harbor1	chr6	54754251	54754561	DNA/hAT-Charlie	645	-	155	54754406	57285
chr6	54697121	54897121	harbor1	chr6	54775711	54775834	DNA/hAT-Charlie	458	-	62	54775773	78652
chr6	71028237	71228237	harbor1	chr6	71039245	71039630	DNA/hAT-Charlie	823	-	192	71039437	11200
chr6	71028237	71228237	harbor1	chr6	71072905	71073110	DNA/hAT-Charlie	565	-	102	71073007	44770
chr6	7229988	7429988	harbor1	chr6	7304084	7304235	DNA/hAT-Charlie	477	-	76	7304160	74172
chr6	7229988	7429988	harbor1	chr6	7304244	7304390	DNA/hAT-Charlie	696	-	73	7304317	74329
chr6	125933489	126133489	harbor1	chr6	125982815	125983000	DNA/hAT-Charlie	711	-	92	125982907	49418
chr6	3113258	3313258	harbor1	chr6	3114690	3114905	DNA/hAT-Charlie	840	-	108	3114798	1540
chr6	107600402	107800402	harbor1	chr6	107604069	107604357	DNA/hAT-Charlie	728	-	144	107604213	3811
chr6	107600402	107800402	harbor1	chr6	107609108	107609344	DNA/hAT-Charlie	822	-	118	107609226	8824
chr6	6773892	6973892	harbor1	chr6	6775386	6775700	DNA/hAT-Charlie	595	-	157	6775543	1651
chr6	6773892	6973892	harbor1	chr6	6784439	6784614	DNA/hAT-Charlie	499	-	88	6784527	10635
chr6	6773892	6973892	harbor1	chr6	6829088	6829183	DNA/hAT-Charlie	1486	-	48	6829136	55244
chr6	6773892	6973892	harbor1	chr6	6829477	6830357	DNA/hAT-Charlie	1486	-	440	6829917	56025
chr6	6773892	6973892	harbor1	chr6	6838798	6838998	DNA/hAT-Charlie	522	-	100	6838898	65006
chr6	6773892	6973892	harbor1	chr6	6859682	6859993	DNA/hAT-Charlie	1315	-	156	6859838	85946
chr6	6773892	6973892	harbor1	chr6	6868321	6868492	DNA/hAT-Charlie	611	-	86	6868407	94515
chr6	22614550	22814550	harbor1	chr6	22616731	22617024	DNA/hAT-Charlie	753	-	146	22616877	2327
chr6	22614550	22814550	harbor1	chr6	22649246	22649496	DNA/hAT-Charlie	807	-	125	22649371	34821
chr6	22614550	22814550	harbor1	chr6	22650128	22650386	DNA/hAT-Charlie	1061	-	129	22650257	35707
chr6	22614550	22814550	harbor1	chr6	22661721	22661922	DNA/hAT-Charlie	684	-	100	22661821	47271
chr6	135902251	136102251	harbor1	chr6	135924898	135925188	DNA/hAT-Charlie	750	-	145	135925043	22792
chr6	135902251	136102251	harbor1	chr6	135970455	135970617	DNA/hAT-Charlie	719	-	81	135970536	68285
chr6	135902251	136102251	harbor1	chr6	135974935	135975235	DNA/hAT-Charlie	612	-	150	135975085	72834
chr6	135902251	136102251	harbor1	chr6	135982566	135982720	DNA/hAT-Charlie	635	-	77	135982643	80392
chr6	135902251	136102251	harbor1	chr6	135992108	135992335	DNA/hAT-Charlie	1623	-	114	135992222	89971
chr6	135902251	136102251	harbor1	chr6	135993338	135993497	DNA/hAT-Charlie	517	-	80	135993418	91167
chr6	85001241	85201241	harbor1	chr6	85007907	85007992	DNA/hAT-Charlie	425	-	42	85007949	6708
chr6	85001241	85201241	harbor1	chr6	85009432	85009774	DNA/hAT-Charlie	2073	-	171	85009603	8362
chr6	70568469	70768469	harbor1	chr6	70583582	70583816	DNA/hAT-Charlie	1496	-	117	70583699	15230
chr6	70568469	70768469	harbor1	chr6	70598647	70599057	DNA/hAT-Charlie	1567	-	205	70598852	30383
chr6	132818469	133018469	harbor1	chr6	132865222	132865370	DNA/hAT-Charlie	494	-	74	132865296	46827
chr6	132818469	133018469	harbor1	chr6	132907787	132907989	DNA/hAT-Charlie	860	-	101	132907888	89419
chr6	125456439	125656439	harbor1	chr6	125495342	125495511	DNA/hAT-Charlie	831	-	84	125495426	38987
chr6	125456439	125656439	harbor1	chr6	125517415	125517520	DNA/hAT-Charlie	468	-	52	125517467	61028
chr6	125456439	125656439	harbor1	chr6	125522013	125522634	DNA/hAT-Charlie	1239	-	310	125522323	65884
chr6	125456439	125656439	harbor1	chr6	125523306	125523612	DNA/hAT-Charlie	1239	-	153	125523459	67020
chr6	125456439	125656439	harbor1	chr6	125542772	125542938	DNA/hAT-Charlie	644	-	83	125542855	86416
chr6	5304745	5504745	harbor1	chr6	5308447	5308650	DNA/hAT-Charlie	806	-	102	5308549	3804
chr6	5304745	5504745	harbor1	chr6	5354819	5354996	DNA/hAT-Charlie	648	-	88	5354907	50162
chr6	5304745	5504745	harbor1	chr6	5364573	5364746	DNA/hAT-Charlie	590	-	86	5364659	59914
chr6	5304745	5504745	harbor1	chr6	5382547	5382707	DNA/hAT-Charlie	413	-	80	5382627	77882
chr6	80418666	80618666	harbor1	chr6	80504602	80504748	DNA/hAT-Charlie	708	-	73	80504675	86009
chr6	144538617	144738617	harbor1	chr6	144546316	144546519	DNA/hAT-Charlie	1594	-	102	144546418	7801
chr6	144538617	144738617	harbor1	chr6	144546846	144547048	DNA/hAT-Charlie	1594	-	101	144546947	8330
chr6	144538617	144738617	harbor1	chr6	144559648	144559776	DNA/hAT-Charlie	581	-	64	144559712	21095
chr6	144538617	144738617	harbor1	chr6	144607243	144607415	DNA/hAT-Charlie	418	-	86	144607329	68712
chr6	126254536	126454536	harbor1	chr6	126322065	126322267	DNA/hAT-Charlie	723	-	101	126322166	67630
chr6	126254536	126454536	harbor1	chr6	126351938	126352111	DNA/hAT-Charlie	637	-	86	126352024	97488
chr6	117765525	117965525	harbor1	chr6	117838721	117838923	DNA/hAT-Charlie	1112	-	101	117838822	73297
chr6	69845984	70045984	harbor1	chr6	69917723	69917945	DNA/hAT-Charlie	1474	-	111	69917834	71850
chr6	69558022	69758022	harbor1	chr6	69572427	69572680	DNA/hAT-Charlie	1167	-	126	69572553	14531
chr6	69558022	69758022	harbor1	chr6	69583728	69583969	DNA/hAT-Charlie	663	-	120	69583848	25826
chr6	69558022	69758022	harbor1	chr6	69589689	69589887	DNA/hAT-Charlie	896	-	99	69589788	31766
chr6	69558022	69758022	harbor1	chr6	69602749	69602953	DNA/hAT-Charlie	936	-	102	69602851	44829
chr6	69558022	69758022	harbor1	chr6	69621354	69621504	DNA/hAT-Charlie	673	-	75	69621429	63407
chr6	152069271	152269271	harbor1	chr6	152069512	152069866	DNA/hAT-Charlie	2081	-	177	152069689	418
chr6	152069271	152269271	harbor1	chr6	152088034	152088246	DNA/hAT-Charlie	501	-	106	152088140	18869
chr6	152069271	152269271	harbor1	chr6	152113130	152113285	DNA/hAT-Charlie	575	-	78	152113208	43937
chr6	152069271	152269271	harbor1	chr6	152115874	152116010	DNA/hAT-Charlie	516	-	68	152115942	46671
chr6	152069271	152269271	harbor1	chr6	152146254	152146536	DNA/hAT-Charlie	889	-	141	152146395	77124
chr6	94652875	94852875	harbor1	chr6	94662001	94662179	DNA/hAT-Charlie	754	-	89	94662090	9215
chr6	624018	824018	harbor1	chr6	670563	670930	DNA/hAT-Charlie	1717	-	184	670747	46729
chr6	624018	824018	harbor1	chr6	723172	723350	DNA/hAT-Charlie	693	-	89	723261	99243
chr6	38756841	38956841	harbor1	chr6	38777967	38778252	DNA/hAT-Charlie	1306	-	142	38778109	21268
chr6	38756841	38956841	harbor1	chr6	38825978	38826094	DNA/hAT-Charlie	593	-	58	38826036	69195
chr6	38756841	38956841	harbor1	chr6	38832593	38832813	DNA/hAT-Charlie	1496	-	110	38832703	75862
chr6	87126938	87326938	harbor1	chr6	87171644	87171767	DNA/hAT-Charlie	469	-	62	87171706	44768
chr6	87126938	87326938	harbor1	chr6	87180053	87180149	DNA/hAT-Charlie	816	-	48	87180101	53163
chr6	87126938	87326938	harbor1	chr6	87180188	87180260	DNA/hAT-Charlie	816	-	36	87180224	53286
chr6	87126938	87326938	harbor1	chr6	87187817	87188115	DNA/hAT-Charlie	747	-	149	87187966	61028
chr6	87126938	87326938	harbor1	chr6	87191189	87191385	DNA/hAT-Charlie	1146	-	98	87191287	64349
chr6	87126938	87326938	harbor1	chr6	87210507	87210539	DNA/hAT-Charlie	663	-	16	87210523	83585
chr6	87126938	87326938	harbor1	chr6	87210804	87211052	DNA/hAT-Charlie	682	-	124	87210928	83990
chr6	72960915	73160915	harbor1	chr6	72999604	72999940	DNA/hAT-Charlie	623	-	168	72999772	38857
chr6	72960915	73160915	harbor1	chr6	73002679	73002849	DNA/hAT-Charlie	811	-	85	73002764	41849
chr6	102727206	102927206	harbor1	chr6	102777171	102777410	DNA/hAT-Charlie	606	-	120	102777291	50085
chr6	102727206	102927206	harbor1	chr6	102786251	102786433	DNA/hAT-Charlie	657	-	91	102786342	59136
chr6	102727206	102927206	harbor1	chr6	102787396	102787984	DNA/hAT-Charlie	2854	-	294	102787690	60484
chr6	102727206	102927206	harbor1	chr6	102788280	102788575	DNA/hAT-Charlie	2854	-	148	102788428	61222
chr6	102727206	102927206	harbor1	chr6	102776751	102776879	DNA/hAT-Charlie	604	-	64	102776815	49609
chr6	79479490	79679490	harbor1	chr6	79480017	79480146	DNA/hAT-Charlie	701	-	64	79480081	591
chr6	79479490	79679490	harbor1	chr6	79480448	79480520	DNA/hAT-Charlie	701	-	36	79480484	994
chr6	79479490	79679490	harbor1	chr6	79543098	79543404	DNA/hAT-Charlie	1102	-	153	79543251	63761
chr6	79479490	79679490	harbor1	chr6	79562700	79562937	DNA/hAT-Charlie	1347	-	118	79562818	83328
chr6	79479490	79679490	harbor1	chr6	79565602	79565757	DNA/hAT-Charlie	447	-	78	79565680	86190
chr6	150923271	151123271	harbor1	chr6	150970389	150970494	DNA/hAT-Charlie	582	-	52	150970441	47170
chr6	150923271	151123271	harbor1	chr6	150980908	150981462	DNA/hAT-Charlie	2482	-	277	150981185	57914
chr6	150923271	151123271	harbor1	chr6	150981569	150981800	DNA/hAT-Charlie	661	-	116	150981685	58414
chr6	150923271	151123271	harbor1	chr6	150986431	150986708	DNA/hAT-Charlie	1542	-	138	150986569	63298
chr6	150923271	151123271	harbor1	chr6	151002853	151003042	DNA/hAT-Charlie	634	-	94	151002947	79676
chr6	150923271	151123271	harbor1	chr6	151008412	151008572	DNA/hAT-Charlie	631	-	80	151008492	85221
chr6	150923271	151123271	harbor1	chr6	151013491	151013651	DNA/hAT-Charlie	521	-	80	151013571	90300
chr6	160506981	160706981	harbor1	chr6	160547003	160547484	DNA/hAT-Charlie	3205	-	240	160547243	40262
chr6	160506981	160706981	harbor1	chr6	160596546	160596771	DNA/hAT-Charlie	716	-	112	160596658	89677
chr6	3909859	4109859	harbor1	chr6	3928130	3928321	DNA/hAT-Charlie	895	-	96	3928226	18367
chr6	3909859	4109859	harbor1	chr6	3971860	3972011	DNA/hAT-Charlie	429	-	76	3971936	62077
chr6	67565228	67765228	harbor1	chr6	67599096	67599285	DNA/hAT-Charlie	532	-	94	67599190	33962
chr6	67565228	67765228	harbor1	chr6	67628668	67628879	DNA/hAT-Charlie	645	-	106	67628774	63546
chr6	154531721	154731721	harbor1	chr6	154611639	154611753	DNA/hAT-Charlie	432	-	57	154611696	79975
chr6	154531721	154731721	harbor1	chr6	154611733	154611967	DNA/hAT-Charlie	1034	-	117	154611850	80129
chr6	15113525	15313525	harbor1	chr6	15113596	15113729	DNA/hAT-Charlie	669	-	66	15113662	137
chr6	15113525	15313525	harbor1	chr6	15123949	15124027	DNA/hAT-Charlie	1018	-	39	15123988	10463
chr6	15113525	15313525	harbor1	chr6	15124612	15124798	DNA/hAT-Charlie	1018	-	93	15124705	11180
chr6	15113525	15313525	harbor1	chr6	15138197	15138291	DNA/hAT-Charlie	459	-	47	15138244	24719
chr6	36222729	36422729	harbor1	chr6	36255845	36255972	DNA/hAT-Charlie	507	-	64	36255909	33180
chr6	36222729	36422729	harbor1	chr6	36271992	36272500	DNA/hAT-Charlie	3705	-	254	36272246	49517
chr6	36222729	36422729	harbor1	chr6	36293480	36293640	DNA/hAT-Charlie	553	-	80	36293560	70831
chr6	157849752	158049752	harbor1	chr6	157876728	157876948	DNA/hAT-Charlie	804	-	110	157876838	27086
chr6	87992008	88192008	harbor1	chr6	87998536	87999591	DNA/hAT-Charlie	3729	-	528	87999064	7056
chr6	87992008	88192008	harbor1	chr6	88059625	88059797	DNA/hAT-Charlie	924	-	86	88059711	67703
chr6	19937851	20137851	harbor1	chr6	19944236	19944617	DNA/hAT-Charlie	2074	-	190	19944426	6575
chr6	19937851	20137851	harbor1	chr6	19957028	19957202	DNA/hAT-Charlie	466	-	87	19957115	19264
chr6	19937851	20137851	harbor1	chr6	19957489	19957630	DNA/hAT-Charlie	466	-	70	19957559	19708
chr6	19937851	20137851	harbor1	chr6	19969392	19969647	DNA/hAT-Charlie	659	-	128	19969520	31669
chr6	19937851	20137851	harbor1	chr6	19991273	19991445	DNA/hAT-Charlie	734	-	86	19991359	53508
chr6	19937851	20137851	harbor1	chr6	20005682	20005815	DNA/hAT-Charlie	445	-	66	20005748	67897
chr6	19937851	20137851	harbor1	chr6	20035888	20036052	DNA/hAT-Charlie	614	-	82	20035970	98119
chr6	51677616	51877616	harbor1	chr6	51697467	51697672	DNA/hAT-Charlie	980	-	102	51697569	19953
chr6	51677616	51877616	harbor1	chr6	51701800	51701960	DNA/hAT-Charlie	672	-	80	51701880	24264
chr6	51677616	51877616	harbor1	chr6	51714538	51714724	DNA/hAT-Charlie	854	-	93	51714631	37015
chr6	51677616	51877616	harbor1	chr6	51719370	51719558	DNA/hAT-Charlie	994	-	94	51719464	41848
chr6	51677616	51877616	harbor1	chr6	51737956	51738126	DNA/hAT-Charlie	601	-	85	51738041	60425
chr6	51677616	51877616	harbor1	chr6	51752215	51752405	DNA/hAT-Charlie	862	-	95	51752310	74694
chr6	51677616	51877616	harbor1	chr6	51756839	51757164	DNA/hAT-Charlie	2121	-	162	51757001	79385
chr6	79664104	79864104	harbor1	chr6	79669955	79670293	DNA/hAT-Charlie	1593	-	169	79670124	6020
chr6	79664104	79864104	harbor1	chr6	79726208	79726538	DNA/hAT-Charlie	1349	-	165	79726373	62269
chr6	3555333	3755333	harbor1	chr6	3589015	3589251	DNA/hAT-Charlie	749	-	118	3589133	33800
chr6	3555333	3755333	harbor1	chr6	3590428	3590589	DNA/hAT-Charlie	433	-	80	3590508	35175
chr6	3555333	3755333	harbor1	chr6	3651570	3651709	DNA/hAT-Charlie	447	-	70	3651640	96307
chr6	3555333	3755333	harbor1	chr6	3651994	3652176	DNA/hAT-Charlie	648	-	91	3652085	96752
chr6	3555333	3755333	harbor1	chr6	3571578	3571717	DNA/hAT-Charlie	511	-	70	3571648	16315
chr6	3555333	3755333	harbor1	chr6	3620775	3620903	DNA/hAT-Charlie	491	-	64	3620839	65506
chr6	73764002	73964002	harbor1	chr6	73764294	73764511	DNA/hAT-Charlie	1016	-	108	73764402	400
chr6	73764002	73964002	harbor1	chr6	73784325	73784642	DNA/hAT-Charlie	1051	-	158	73784483	20481
chr6	73764002	73964002	harbor1	chr6	73788792	73788950	DNA/hAT-Charlie	996	-	79	73788871	24869
chr6	73764002	73964002	harbor1	chr6	73804369	73804462	DNA/hAT-Charlie	485	-	46	73804415	40413
chr6	81385411	81585411	harbor1	chr6	81460233	81460405	DNA/hAT-Charlie	464	-	86	81460319	74908
chr6	81385411	81585411	harbor1	chr6	81460548	81460637	DNA/hAT-Charlie	489	-	44	81460592	75181
chr6	19972286	20172286	harbor1	chr6	19991273	19991445	DNA/hAT-Charlie	734	-	86	19991359	19073
chr6	19972286	20172286	harbor1	chr6	20005682	20005815	DNA/hAT-Charlie	445	-	66	20005748	33462
chr6	19972286	20172286	harbor1	chr6	20035888	20036052	DNA/hAT-Charlie	614	-	82	20035970	63684
chr6	146806804	147006804	harbor1	chr6	146856148	146856334	DNA/hAT-Charlie	508	-	93	146856241	49437
chr6	146806804	147006804	harbor1	chr6	146890705	146890865	DNA/hAT-Charlie	732	-	80	146890785	83981
chr6	134979173	135179173	harbor1	chr6	135047463	135047617	DNA/hAT-Charlie	420	-	77	135047540	68367
chr6	69858095	70058095	harbor1	chr6	69917723	69917945	DNA/hAT-Charlie	1474	-	111	69917834	59739
chr6	133830762	134030762	harbor1	chr6	133898956	133899100	DNA/hAT-Charlie	435	-	72	133899028	68266
chr6	24462613	24662613	harbor1	chr6	24543971	24544252	DNA/hAT-Charlie	1256	-	140	24544111	81498
chr6	116222704	116422704	harbor1	chr6	116230457	116230618	DNA/hAT-Charlie	778	-	80	116230537	7833
chr6	116222704	116422704	harbor1	chr6	116259192	116259375	DNA/hAT-Charlie	573	-	92	116259284	36580
chr6	116222704	116422704	harbor1	chr6	116268483	116268707	DNA/hAT-Charlie	595	-	112	116268595	45891
chr6	116222704	116422704	harbor1	chr6	116271200	116271386	DNA/hAT-Charlie	766	-	93	116271293	48589
chr6	116222704	116422704	harbor1	chr6	116274937	116275202	DNA/hAT-Charlie	1245	-	132	116275069	52365
chr6	116222704	116422704	harbor1	chr6	116286480	116286873	DNA/hAT-Charlie	1533	-	196	116286676	63972
chr6	116222704	116422704	harbor1	chr6	116287545	116287826	DNA/hAT-Charlie	1533	-	140	116287685	64981
chr6	116222704	116422704	harbor1	chr6	116288588	116288784	DNA/hAT-Charlie	958	-	98	116288686	65982
chr6	71821092	72021092	harbor1	chr6	71821832	71822150	DNA/hAT-Charlie	995	-	159	71821991	899
chr6	71821092	72021092	harbor1	chr6	71869642	71869814	DNA/hAT-Charlie	733	-	86	71869728	48636
chr6	71821092	72021092	harbor1	chr6	71881011	71881254	DNA/hAT-Charlie	1029	-	122	71881133	60041
chr6	17775647	17975647	harbor1	chr6	17810466	17810994	DNA/hAT-Charlie	3833	-	264	17810730	35083
chr6	17775647	17975647	harbor1	chr6	17829233	17829455	DNA/hAT-Charlie	800	-	111	17829344	53697
chr6	44752213	44952213	harbor1	chr6	44821875	44822175	DNA/hAT-Charlie	562	-	150	44822025	69812
chr6	143240959	143440959	harbor1	chr6	143243842	143244016	DNA/hAT-Charlie	624	-	87	143243929	2970
chr6	143240959	143440959	harbor1	chr6	143245913	143246116	DNA/hAT-Charlie	1324	-	102	143246015	5056
chr6	90455076	90655076	harbor1	chr6	90477246	90477292	DNA/hAT-Charlie	698	-	23	90477269	22193
chr6	90455076	90655076	harbor1	chr6	90477597	90477835	DNA/hAT-Charlie	698	-	119	90477716	22640
chr6	90455076	90655076	harbor1	chr6	90542788	90542916	DNA/hAT-Charlie	708	-	64	90542852	87776
chr6	97763843	97963843	harbor1	chr6	97803249	97803385	DNA/hAT-Charlie	689	-	68	97803317	39474
chr6	97763843	97963843	harbor1	chr6	97803380	97803601	DNA/hAT-Charlie	883	-	110	97803490	39647
chr6	97763843	97963843	harbor1	chr6	97848288	97849540	DNA/hAT-Charlie	3594	-	626	97848914	85071
chr6	30666475	30866475	harbor1	chr6	30738117	30738286	DNA/hAT-Charlie	752	-	84	30738201	71726
chr6	30666475	30866475	harbor1	chr6	30758078	30758108	DNA/hAT-Charlie	907	-	15	30758093	91618
chr6	30666475	30866475	harbor1	chr6	30758728	30758902	DNA/hAT-Charlie	907	-	87	30758815	92340
chr6	153623845	153823845	harbor1	chr6	153709027	153709262	DNA/hAT-Charlie	428	-	118	153709145	85300
chr6	153623845	153823845	harbor1	chr6	153719390	153719560	DNA/hAT-Charlie	733	-	85	153719475	95630
chr6	78275810	78475810	harbor1	chr6	78328576	78328734	DNA/hAT-Charlie	484	-	79	78328655	52845
chr6	63504901	63704901	harbor1	chr6	63538695	63538874	DNA/hAT-Charlie	824	-	90	63538785	33884
chr6	63504901	63704901	harbor1	chr6	63560378	63560402	DNA/hAT-Charlie	811	-	12	63560390	55489
chr6	63504901	63704901	harbor1	chr6	63560704	63560869	DNA/hAT-Charlie	811	-	82	63560786	55885
chr6	131760859	131960859	harbor1	chr6	131825376	131825579	DNA/hAT-Charlie	608	-	102	131825478	64619
chr6	70051944	70251944	harbor1	chr6	70082745	70083078	DNA/hAT-Charlie	1945	-	166	70082911	30967
chr6	70051944	70251944	harbor1	chr6	70132611	70132776	DNA/hAT-Charlie	566	-	82	70132693	80749
chr6	70051944	70251944	harbor1	chr6	70139138	70139284	DNA/hAT-Charlie	570	-	73	70139211	87267
chr6	55954141	56154141	harbor1	chr6	56035325	56035403	DNA/hAT-Charlie	484	-	39	56035364	81223
chr6	55954141	56154141	harbor1	chr6	56035403	56035820	DNA/hAT-Charlie	1720	-	208	56035611	81470
chr6	20769308	20969308	harbor1	chr6	20811825	20812020	DNA/hAT-Charlie	671	-	98	20811923	42615
chr6	20769308	20969308	harbor1	chr6	20852932	20853094	DNA/hAT-Charlie	839	-	81	20853013	83705
chr6	20769308	20969308	harbor1	chr6	20863070	20863211	DNA/hAT-Charlie	747	-	70	20863140	93832
chr6	8255098	8455098	harbor1	chr6	8256759	8256991	DNA/hAT-Charlie	674	-	116	8256875	1777
chr6	8255098	8455098	harbor1	chr6	8266262	8266433	DNA/hAT-Charlie	676	-	86	8266348	11250
chr6	8255098	8455098	harbor1	chr6	8328005	8328183	DNA/hAT-Charlie	717	-	89	8328094	72996
chr6	8255098	8455098	harbor1	chr6	8335732	8335940	DNA/hAT-Charlie	1073	-	104	8335836	80738
chr6	19440348	19640348	harbor1	chr6	19442315	19442487	DNA/hAT-Charlie	414	-	86	19442401	2053
chr6	19440348	19640348	harbor1	chr6	19442518	19443234	DNA/hAT-Charlie	1631	-	358	19442876	2528
chr6	19440348	19640348	harbor1	chr6	19445749	19445864	DNA/hAT-Charlie	537	-	58	19445807	5459
chr6	19440348	19640348	harbor1	chr6	19474187	19474258	DNA/hAT-Charlie	3295	-	36	19474223	33875
chr6	19440348	19640348	harbor1	chr6	19476876	19477347	DNA/hAT-Charlie	3295	-	236	19477112	36764
chr6	60410334	60610334	harbor1	chr6	60415537	60415701	DNA/hAT-Charlie	795	-	82	60415619	5285
chr6	60410334	60610334	harbor1	chr6	60463404	60463611	DNA/hAT-Charlie	891	-	104	60463508	53174
chr6	159247284	159447284	harbor1	chr6	159307357	159307533	DNA/hAT-Charlie	538	-	88	159307445	60161
chr6	98075041	98275041	harbor1	chr6	98128627	98129060	DNA/hAT-Charlie	562	-	216	98128843	53802
chr6	40323831	40523831	harbor1	chr6	40323775	40324041	DNA/hAT-Charlie	691	-	133	40323908	77
chr6	40323831	40523831	harbor1	chr6	40398095	40398300	DNA/hAT-Charlie	768	-	102	40398197	74366
chr6	40323831	40523831	harbor1	chr6	40404416	40404623	DNA/hAT-Charlie	954	-	104	40404520	80689
chr6	64629114	64829114	harbor1	chr6	64667916	64668079	DNA/hAT-Charlie	623	-	82	64667998	38884
chr6	64629114	64829114	harbor1	chr6	64715019	64717619	DNA/hAT-Charlie	15521	-	1300	64716319	87205
chr6	166643222	166843222	harbor1	chr6	166719019	166719155	DNA/hAT-Charlie	513	-	68	166719087	75865
chr6	166643222	166843222	harbor1	chr6	166719292	166719414	DNA/hAT-Charlie	540	-	61	166719353	76131
chr6	166643222	166843222	harbor1	chr6	166735357	166735867	DNA/hAT-Charlie	3577	-	255	166735612	92390
chr7	29150227	29350227	harbor1	chr7	29185573	29185746	DNA/hAT-Charlie	592	-	86	29185659	35432
chr7	29150227	29350227	harbor1	chr7	29201585	29201774	DNA/hAT-Charlie	917	-	94	29201679	51452
chr7	29150227	29350227	harbor1	chr7	29239744	29240052	DNA/hAT-Charlie	987	-	154	29239898	89671
chr7	1736607	1936607	harbor1	chr7	1787693	1787866	DNA/hAT-Charlie	460	-	86	1787779	51172
chr7	94137973	94337973	harbor1	chr7	94168914	94169087	DNA/hAT-Charlie	714	-	86	94169000	31027
chr7	72221260	72421260	harbor1	chr7	72297544	72298155	DNA/hAT-Charlie	2528	-	306	72297850	76590
chr7	72221260	72421260	harbor1	chr7	72298179	72298346	DNA/hAT-Charlie	482	-	84	72298263	77003
chr7	72221260	72421260	harbor1	chr7	72298356	72298650	DNA/hAT-Charlie	733	-	147	72298503	77243
chr7	72221260	72421260	harbor1	chr7	72299029	72299050	DNA/hAT-Charlie	733	-	10	72299039	77779
chr7	80204926	80404926	harbor1	chr7	80236344	80236517	DNA/hAT-Charlie	860	-	86	80236430	31504
chr7	80204926	80404926	harbor1	chr7	80241039	80241212	DNA/hAT-Charlie	597	-	86	80241125	36199
chr7	80204926	80404926	harbor1	chr7	80277011	80277127	DNA/hAT-Charlie	542	-	58	80277069	72143
chr7	1735810	1935810	harbor1	chr7	1787693	1787866	DNA/hAT-Charlie	460	-	86	1787779	51969
chr7	140849259	141049259	harbor1	chr7	140871708	140871859	DNA/hAT-Charlie	609	-	76	140871784	22525
chr7	140849259	141049259	harbor1	chr7	140884749	140884974	DNA/hAT-Charlie	1385	-	112	140884861	35602
chr7	140849259	141049259	harbor1	chr7	140885303	140885535	DNA/hAT-Charlie	1385	-	116	140885419	36160
chr7	140849259	141049259	harbor1	chr7	140909522	140909733	DNA/hAT-Charlie	634	-	106	140909628	60369
chr7	140849259	141049259	harbor1	chr7	140909859	140910088	DNA/hAT-Charlie	605	-	114	140909973	60714
chr7	140849259	141049259	harbor1	chr7	140911218	140911411	DNA/hAT-Charlie	684	-	96	140911314	62055
chr7	140849259	141049259	harbor1	chr7	140918215	140918537	DNA/hAT-Charlie	2023	-	161	140918376	69117
chr7	20821087	21021087	harbor1	chr7	20837542	20837867	DNA/hAT-Charlie	545	-	162	20837704	16617
chr7	20821087	21021087	harbor1	chr7	20846554	20846882	DNA/hAT-Charlie	1594	-	164	20846718	25631
chr7	20821087	21021087	harbor1	chr7	20872962	20873056	DNA/hAT-Charlie	450	-	47	20873009	51922
chr7	20821087	21021087	harbor1	chr7	20874311	20874443	DNA/hAT-Charlie	520	-	66	20874377	53290
chr7	20821087	21021087	harbor1	chr7	20908813	20909036	DNA/hAT-Charlie	839	-	112	20908925	87838
chr7	20821087	21021087	harbor1	chr7	20909271	20909431	DNA/hAT-Charlie	797	-	80	20909351	88264
chr7	119108827	119308827	harbor1	chr7	119116080	119116395	DNA/hAT-Charlie	737	-	158	119116238	7411
chr7	67644948	67844948	harbor1	chr7	67652365	67652522	DNA/hAT-Charlie	552	-	78	67652443	7495
chr7	67644948	67844948	harbor1	chr7	67682362	67682590	DNA/hAT-Charlie	528	-	114	67682476	37528
chr7	67644948	67844948	harbor1	chr7	67683587	67683835	DNA/hAT-Charlie	438	-	124	67683711	38763
chr7	67644948	67844948	harbor1	chr7	67741858	67741911	DNA/hAT-Charlie	990	-	26	67741884	96936
chr7	67644948	67844948	harbor1	chr7	67742292	67742452	DNA/hAT-Charlie	990	-	80	67742372	97424
chr7	115685579	115885579	harbor1	chr7	115763281	115763616	DNA/hAT-Charlie	1973	-	168	115763449	77870
chr7	131046448	131246448	harbor1	chr7	131051023	131051325	DNA/hAT-Charlie	979	-	151	131051174	4726
chr7	131046448	131246448	harbor1	chr7	131075198	131075430	DNA/hAT-Charlie	1475	-	116	131075314	28866
chr7	131046448	131246448	harbor1	chr7	131102908	131102971	DNA/hAT-Charlie	828	-	32	131102940	56492
chr7	131046448	131246448	harbor1	chr7	131103281	131103411	DNA/hAT-Charlie	828	-	65	131103346	56898
chr7	131046448	131246448	harbor1	chr7	131123240	131123483	DNA/hAT-Charlie	1138	-	122	131123362	76914
chr7	47137398	47337398	harbor1	chr7	47233611	47233790	DNA/hAT-Charlie	832	-	90	47233701	96303
chr7	126403725	126603725	harbor1	chr7	126422189	126422370	DNA/hAT-Charlie	726	-	90	126422279	18554
chr7	126403725	126603725	harbor1	chr7	126486595	126486785	DNA/hAT-Charlie	684	-	95	126486690	82965
chr7	126403725	126603725	harbor1	chr7	126487108	126487307	DNA/hAT-Charlie	732	-	100	126487208	83483
chr7	126403725	126603725	harbor1	chr7	126487424	126488426	DNA/hAT-Charlie	3558	-	501	126487925	84200
chr7	126403725	126603725	harbor1	chr7	126496798	126496957	DNA/hAT-Charlie	622	-	80	126496878	93153
chr7	23889592	24089592	harbor1	chr7	23906064	23906222	DNA/hAT-Charlie	529	-	79	23906143	16551
chr7	23889592	24089592	harbor1	chr7	23923839	23923986	DNA/hAT-Charlie	452	-	74	23923913	34321
chr7	23889592	24089592	harbor1	chr7	23924891	23925052	DNA/hAT-Charlie	644	-	80	23924971	35379
chr7	7322911	7522911	harbor1	chr7	7417289	7417457	DNA/hAT-Charlie	491	-	84	7417373	94462
chr7	7322911	7522911	harbor1	chr7	7419179	7419373	DNA/hAT-Charlie	723	-	97	7419276	96365
chr7	103200055	103400055	harbor1	chr7	103235397	103235533	DNA/hAT-Charlie	595	-	68	103235465	35410
chr7	81996945	82196945	harbor1	chr7	82011063	82011176	DNA/hAT-Charlie	889	-	56	82011119	14174
chr7	81996945	82196945	harbor1	chr7	82011177	82011376	DNA/hAT-Charlie	1186	-	100	82011277	14332
chr7	81996945	82196945	harbor1	chr7	82011377	82011485	DNA/hAT-Charlie	889	-	54	82011431	14486
chr7	81996945	82196945	harbor1	chr7	82033926	82034231	DNA/hAT-Charlie	1186	-	152	82034078	37133
chr7	81996945	82196945	harbor1	chr7	82085173	82085360	DNA/hAT-Charlie	970	-	94	82085267	88322
chr7	81996945	82196945	harbor1	chr7	82088796	82089104	DNA/hAT-Charlie	1768	-	154	82088950	92005
chr7	81996945	82196945	harbor1	chr7	82096137	82096319	DNA/hAT-Charlie	890	-	91	82096228	99283
chr7	21472595	21672595	harbor1	chr7	21545694	21545841	DNA/hAT-Charlie	554	-	74	21545768	73173
chr7	21472595	21672595	harbor1	chr7	21562172	21562370	DNA/hAT-Charlie	942	-	99	21562271	89676
chr7	150218205	150418205	harbor1	chr7	150260864	150261314	DNA/hAT-Charlie	760	-	225	150261089	42884
chr7	150218205	150418205	harbor1	chr7	150278265	150278438	DNA/hAT-Charlie	440	-	86	150278351	60146
chr7	150218205	150418205	harbor1	chr7	150305590	150306332	DNA/hAT-Charlie	1391	-	371	150305961	87756
chr7	154463106	154663106	harbor1	chr7	154498703	154498903	DNA/hAT-Charlie	987	-	100	154498803	35697
chr7	91655850	91855850	harbor1	chr7	91715269	91715453	DNA/hAT-Charlie	576	-	92	91715361	59511
chr7	63039994	63239994	harbor1	chr7	63095523	63095552	DNA/hAT-Charlie	533	-	14	63095537	55543
chr7	63039994	63239994	harbor1	chr7	63095864	63095994	DNA/hAT-Charlie	533	-	65	63095929	55935
chr7	133667089	133867089	harbor1	chr7	133706466	133706782	DNA/hAT-Charlie	1434	-	158	133706624	39535
chr7	133667089	133867089	harbor1	chr7	133725304	133725366	DNA/hAT-Charlie	494	-	31	133725335	58246
chr7	133667089	133867089	harbor1	chr7	133725676	133725822	DNA/hAT-Charlie	494	-	73	133725749	58660
chr7	133667089	133867089	harbor1	chr7	133763052	133763119	DNA/hAT-Charlie	443	-	34	133763086	95997
chr7	78942432	79142432	harbor1	chr7	78995078	78995290	DNA/hAT-Charlie	1277	-	106	78995184	52752
chr7	79769351	79969351	harbor1	chr7	79804966	79805154	DNA/hAT-Charlie	587	-	94	79805060	35709
chr7	11037962	11237962	harbor1	chr7	11050508	11050703	DNA/hAT-Charlie	896	-	98	11050606	12644
chr7	11037962	11237962	harbor1	chr7	11060497	11060651	DNA/hAT-Charlie	608	-	77	11060574	22612
chr7	11037962	11237962	harbor1	chr7	11092261	11092423	DNA/hAT-Charlie	674	-	81	11092342	54380
chr7	11037962	11237962	harbor1	chr7	11104653	11104863	DNA/hAT-Charlie	562	-	105	11104758	66796
chr7	16541080	16741080	harbor1	chr7	16546306	16546517	DNA/hAT-Charlie	928	-	106	16546412	5332
chr7	16541080	16741080	harbor1	chr7	16634116	16634201	DNA/hAT-Charlie	453	-	42	16634158	93078
chr7	38792830	38992830	harbor1	chr7	38831295	38831477	DNA/hAT-Charlie	596	-	91	38831386	38556
chr7	38792830	38992830	harbor1	chr7	38879531	38879799	DNA/hAT-Charlie	1723	-	134	38879665	86835
chr7	127202488	127402488	harbor1	chr7	127235655	127235822	DNA/hAT-Charlie	563	-	84	127235739	33251
chr7	69394831	69594831	harbor1	chr7	69396847	69397036	DNA/hAT-Charlie	827	-	94	69396941	2110
chr7	69394831	69594831	harbor1	chr7	69413549	69413705	DNA/hAT-Charlie	717	-	78	69413627	18796
chr7	104136121	104336121	harbor1	chr7	104196609	104197074	DNA/hAT-Charlie	1165	-	232	104196841	60720
chr7	104136121	104336121	harbor1	chr7	104197273	104197430	DNA/hAT-Charlie	1165	-	78	104197351	61230
chr7	105957962	106157962	harbor1	chr7	105987575	105987746	DNA/hAT-Charlie	808	-	86	105987661	29699
chr7	105957962	106157962	harbor1	chr7	105988720	105989042	DNA/hAT-Charlie	1323	-	161	105988881	30919
chr7	105957962	106157962	harbor1	chr7	105999411	105999605	DNA/hAT-Charlie	667	-	97	105999508	41546
chr7	105957962	106157962	harbor1	chr7	105999727	105999849	DNA/hAT-Charlie	510	-	61	105999788	41826
chr7	105957962	106157962	harbor1	chr7	106002684	106002851	DNA/hAT-Charlie	1184	-	84	106002768	44806
chr7	105957962	106157962	harbor1	chr7	106003153	106003305	DNA/hAT-Charlie	1184	-	76	106003229	45267
chr7	105957962	106157962	harbor1	chr7	106018835	106018975	DNA/hAT-Charlie	511	-	70	106018905	60943
chr7	105957962	106157962	harbor1	chr7	106052083	106052339	DNA/hAT-Charlie	506	-	128	106052211	94249
chr7	38457527	38657527	harbor1	chr7	38466488	38466640	DNA/hAT-Charlie	624	-	76	38466564	9037
chr7	38457527	38657527	harbor1	chr7	38475039	38475222	DNA/hAT-Charlie	774	-	92	38475131	17604
chr7	38457527	38657527	harbor1	chr7	38534027	38534255	DNA/hAT-Charlie	699	-	114	38534141	76614
chr7	38457527	38657527	harbor1	chr7	38535437	38535932	DNA/hAT-Charlie	3262	-	248	38535685	78158
chr7	26718798	26918798	harbor1	chr7	26719930	26720051	DNA/hAT-Charlie	1095	-	60	26719990	1192
chr7	26718798	26918798	harbor1	chr7	26720095	26720177	DNA/hAT-Charlie	1095	-	41	26720136	1338
chr7	26718798	26918798	harbor1	chr7	26780413	26780687	DNA/hAT-Charlie	1298	-	137	26780550	61752
chr7	132182744	132382744	harbor1	chr7	132183842	132184065	DNA/hAT-Charlie	1450	-	112	132183954	1210
chr7	132182744	132382744	harbor1	chr7	132222868	132223057	DNA/hAT-Charlie	849	-	94	132222962	40218
chr7	132182744	132382744	harbor1	chr7	132277771	132277961	DNA/hAT-Charlie	867	-	95	132277866	95122
chr7	132182744	132382744	harbor1	chr7	132279927	132280182	DNA/hAT-Charlie	831	-	128	132280055	97311
chr7	132182744	132382744	harbor1	chr7	132280845	132281939	DNA/hAT-Charlie	3498	-	547	132281392	98648
chr7	131818360	132018360	harbor1	chr7	131820656	131820822	DNA/hAT-Charlie	729	-	83	131820739	2379
chr7	131818360	132018360	harbor1	chr7	131839333	131839559	DNA/hAT-Charlie	531	-	113	131839446	21086
chr7	131818360	132018360	harbor1	chr7	131889322	131889534	DNA/hAT-Charlie	1218	-	106	131889428	71068
chr7	131818360	132018360	harbor1	chr7	131904440	131904681	DNA/hAT-Charlie	599	-	120	131904560	86200
chr7	119415218	119615218	harbor1	chr7	119467603	119468202	DNA/hAT-Charlie	713	-	300	119467903	52685
chr7	119415218	119615218	harbor1	chr7	119468251	119468698	DNA/hAT-Charlie	1024	-	224	119468475	53257
chr7	119415218	119615218	harbor1	chr7	119479511	119479670	DNA/hAT-Charlie	549	-	80	119479591	64373
chr7	17766358	17966358	harbor1	chr7	17783286	17783488	DNA/hAT-Charlie	927	-	101	17783387	17029
chr7	17766358	17966358	harbor1	chr7	17824138	17824284	DNA/hAT-Charlie	552	-	73	17824211	57853
chr7	94087816	94287816	harbor1	chr7	94093572	94093746	DNA/hAT-Charlie	522	-	87	94093659	5843
chr7	94087816	94287816	harbor1	chr7	94097314	94097547	DNA/hAT-Charlie	775	-	116	94097430	9614
chr7	94087816	94287816	harbor1	chr7	94127239	94127418	DNA/hAT-Charlie	566	-	90	94127329	39513
chr7	94087816	94287816	harbor1	chr7	94168914	94169087	DNA/hAT-Charlie	714	-	86	94169000	81184
chr7	11693908	11893908	harbor1	chr7	11701592	11701752	DNA/hAT-Charlie	673	-	80	11701672	7764
chr7	11693908	11893908	harbor1	chr7	11710139	11710238	DNA/hAT-Charlie	444	-	50	11710189	16281
chr7	11693908	11893908	harbor1	chr7	11758755	11758966	DNA/hAT-Charlie	1049	-	106	11758861	64953
chr7	11693908	11893908	harbor1	chr7	11781878	11782093	DNA/hAT-Charlie	831	-	108	11781986	88078
chr7	11693908	11893908	harbor1	chr7	11792768	11792953	DNA/hAT-Charlie	756	-	92	11792860	98952
chr7	134981139	135181139	harbor1	chr7	134993769	134994017	DNA/hAT-Charlie	957	-	124	134993893	12754
chr7	134981139	135181139	harbor1	chr7	134997016	134997354	DNA/hAT-Charlie	2158	-	169	134997185	16046
chr7	94763305	94963305	harbor1	chr7	94854031	94854143	DNA/hAT-Charlie	442	-	56	94854087	90782
chr7	86998990	87198990	harbor1	chr7	87011871	87012129	DNA/hAT-Charlie	1011	-	129	87012000	13010
chr7	86998990	87198990	harbor1	chr7	87012428	87012467	DNA/hAT-Charlie	1011	-	20	87012448	13458
chr7	86998990	87198990	harbor1	chr7	87052525	87052652	DNA/hAT-Charlie	506	-	64	87052589	53599
chr7	86998990	87198990	harbor1	chr7	87089768	87089876	DNA/hAT-Charlie	535	-	54	87089822	90832
chr7	485438	685438	harbor1	chr7	574302	574447	DNA/hAT-Charlie	713	-	72	574374	88936
chr7	485438	685438	harbor1	chr7	574744	574874	DNA/hAT-Charlie	713	-	65	574809	89371
chr7	72629958	72829958	harbor1	chr7	72635766	72636016	DNA/hAT-Charlie	580	-	125	72635891	5933
chr7	72629958	72829958	harbor1	chr7	72659940	72660087	DNA/hAT-Charlie	971	-	74	72660014	30056
chr7	72629958	72829958	harbor1	chr7	72660406	72660495	DNA/hAT-Charlie	971	-	44	72660450	30492
chr7	72629958	72829958	harbor1	chr7	72706503	72706929	DNA/hAT-Charlie	652	-	213	72706716	76758
chr7	72629958	72829958	harbor1	chr7	72714290	72714334	DNA/hAT-Charlie	543	-	22	72714312	84354
chr7	72629958	72829958	harbor1	chr7	72714933	72715054	DNA/hAT-Charlie	543	-	60	72714993	85035
chr7	24979217	25179217	harbor1	chr7	24982899	24983121	DNA/hAT-Charlie	948	-	111	24983010	3793
chr7	24979217	25179217	harbor1	chr7	25006628	25006847	DNA/hAT-Charlie	734	-	110	25006738	27521
chr7	24979217	25179217	harbor1	chr7	25073527	25073692	DNA/hAT-Charlie	491	-	82	25073609	94392
chr7	8361108	8561108	harbor1	chr7	8408805	8409093	DNA/hAT-Charlie	704	-	144	8408949	47841
chr7	112955357	113155357	harbor1	chr7	112988763	112988944	DNA/hAT-Charlie	851	-	90	112988853	33496
chr7	112955357	113155357	harbor1	chr7	112995187	112995393	DNA/hAT-Charlie	1015	-	103	112995290	39933
chr7	47384860	47584860	harbor1	chr7	47411281	47411575	DNA/hAT-Charlie	1854	-	147	47411428	26568
chr7	47384860	47584860	harbor1	chr7	47432627	47432801	DNA/hAT-Charlie	529	-	87	47432714	47854
chr7	47384860	47584860	harbor1	chr7	47464534	47464707	DNA/hAT-Charlie	739	-	86	47464620	79760
chr7	47384860	47584860	harbor1	chr7	47478190	47478327	DNA/hAT-Charlie	634	-	68	47478258	93398
chr7	8357451	8557451	harbor1	chr7	8408805	8409093	DNA/hAT-Charlie	704	-	144	8408949	51498
chr7	3449448	3649448	harbor1	chr7	3486993	3487183	DNA/hAT-Charlie	732	-	95	3487088	37640
chr7	3449448	3649448	harbor1	chr7	3546076	3546246	DNA/hAT-Charlie	615	-	85	3546161	96713
chr7	87404809	87604809	harbor1	chr7	87493270	87493448	DNA/hAT-Charlie	459	-	89	87493359	88550
chr7	121815146	122015146	harbor1	chr7	121843242	121843444	DNA/hAT-Charlie	1073	-	101	121843343	28197
chr7	121815146	122015146	harbor1	chr7	121878161	121878335	DNA/hAT-Charlie	812	-	87	121878248	63102
chr7	18397336	18597336	harbor1	chr7	18470549	18470764	DNA/hAT-Charlie	982	-	108	18470657	73321
chr7	18397336	18597336	harbor1	chr7	18490184	18490326	DNA/hAT-Charlie	750	-	71	18490255	92919
chr7	8579975	8779975	harbor1	chr7	8589855	8590041	DNA/hAT-Charlie	885	-	93	8589948	9973
chr7	8579975	8779975	harbor1	chr7	8592614	8592947	DNA/hAT-Charlie	1696	-	166	8592780	12805
chr7	8579975	8779975	harbor1	chr7	8632944	8633150	DNA/hAT-Charlie	665	-	103	8633047	53072
chr7	8579975	8779975	harbor1	chr7	8633428	8633745	DNA/hAT-Charlie	665	-	158	8633586	53611
chr7	8579975	8779975	harbor1	chr7	8661421	8661613	DNA/hAT-Charlie	1351	-	96	8661517	81542
chr7	90742581	90942581	harbor1	chr7	90746988	90747282	DNA/hAT-Charlie	1342	-	147	90747135	4554
chr7	48401025	48601025	harbor1	chr7	48415580	48416229	DNA/hAT-Charlie	459	-	324	48415904	14879
chr7	48401025	48601025	harbor1	chr7	48442662	48442813	DNA/hAT-Charlie	731	-	76	48442738	41713
chr7	48401025	48601025	harbor1	chr7	48493721	48493876	DNA/hAT-Charlie	488	-	78	48493799	92774
chr7	108557917	108757917	harbor1	chr7	108613973	108614143	DNA/hAT-Charlie	777	-	85	108614058	56141
chr7	108557917	108757917	harbor1	chr7	108631356	108631535	DNA/hAT-Charlie	549	-	90	108631446	73529
chr7	108557917	108757917	harbor1	chr7	108642932	108643473	DNA/hAT-Charlie	1997	-	270	108643202	85285
chr7	56248624	56448624	harbor1	chr7	56251093	56251225	DNA/hAT-Charlie	641	-	66	56251159	2535
chr7	56248624	56448624	harbor1	chr7	56297933	56297980	DNA/hAT-Charlie	899	-	24	56297957	49333
chr7	56248624	56448624	harbor1	chr7	56298279	56298428	DNA/hAT-Charlie	899	-	74	56298353	49729
chr7	56248624	56448624	harbor1	chr7	56306734	56306932	DNA/hAT-Charlie	1650	-	99	56306833	58209
chr7	35087352	35287352	harbor1	chr7	35142630	35142788	DNA/hAT-Charlie	619	-	79	35142709	55357
chr7	42931029	43131029	harbor1	chr7	42945841	42946040	DNA/hAT-Charlie	1625	-	100	42945941	14912
chr7	42931029	43131029	harbor1	chr7	42978572	42978754	DNA/hAT-Charlie	680	-	91	42978663	47634
chr7	645232	845232	harbor1	chr7	648170	648329	DNA/hAT-Charlie	593	-	80	648250	3018
chr7	645232	845232	harbor1	chr7	649196	649526	DNA/hAT-Charlie	480	-	165	649361	4129
chr7	52222140	52422140	harbor1	chr7	52230777	52231059	DNA/hAT-Charlie	1685	-	141	52230918	8778
chr7	158589512	158789512	harbor1	chr7	158632687	158632974	DNA/hAT-Charlie	694	-	144	158632831	43319
chr7	158589512	158789512	harbor1	chr7	158647207	158647421	DNA/hAT-Charlie	620	-	107	158647314	57802
chr7	158589512	158789512	harbor1	chr7	158649301	158649517	DNA/hAT-Charlie	712	-	108	158649409	59897
chr7	158589512	158789512	harbor1	chr7	158657111	158657388	DNA/hAT-Charlie	952	-	138	158657249	67737
chr7	158589512	158789512	harbor1	chr7	158685321	158685430	DNA/hAT-Charlie	1304	-	54	158685375	95863
chr7	158589512	158789512	harbor1	chr7	158685756	158685939	DNA/hAT-Charlie	1304	-	92	158685848	96336
chr7	158589512	158789512	harbor1	chr7	158689099	158689372	DNA/hAT-Charlie	893	-	136	158689235	99723
chr7	99180467	99380467	harbor1	chr7	99236458	99236535	DNA/hAT-Charlie	982	-	38	99236496	56029
chr7	99180467	99380467	harbor1	chr7	99236856	99236917	DNA/hAT-Charlie	982	-	30	99236886	56419
chr7	99180467	99380467	harbor1	chr7	99237224	99237521	DNA/hAT-Charlie	982	-	148	99237372	56905
chr7	99180467	99380467	harbor1	chr7	99280173	99280340	DNA/hAT-Charlie	679	-	84	99280257	99790
chr7	35848454	36048454	harbor1	chr7	35849239	35849555	DNA/hAT-Charlie	1636	-	158	35849397	943
chr7	35848454	36048454	harbor1	chr7	35863921	35864110	DNA/hAT-Charlie	771	-	94	35864015	15561
chr7	35848454	36048454	harbor1	chr7	35864253	35864405	DNA/hAT-Charlie	605	-	76	35864329	15875
chr7	35848454	36048454	harbor1	chr7	35866839	35867026	DNA/hAT-Charlie	796	-	94	35866933	18479
chr7	35848454	36048454	harbor1	chr7	35871341	35871578	DNA/hAT-Charlie	682	-	118	35871459	23005
chr7	35848454	36048454	harbor1	chr7	35892814	35893286	DNA/hAT-Charlie	931	-	236	35893050	44596
chr7	35848454	36048454	harbor1	chr7	35898387	35898620	DNA/hAT-Charlie	437	-	116	35898503	50049
chr7	104461229	104661229	harbor1	chr7	104513693	104513861	DNA/hAT-Charlie	750	-	84	104513777	52548
chr7	759406	959406	harbor1	chr7	780274	780804	DNA/hAT-Charlie	1478	-	265	780539	21133
chr7	759406	959406	harbor1	chr7	854349	854521	DNA/hAT-Charlie	531	-	86	854435	95029
chr7	44753	244753	harbor1	chr7	52133	52338	DNA/hAT-Charlie	586	-	102	52235	7482
chr7	92154591	92354591	harbor1	chr7	92204332	92204846	DNA/hAT-Charlie	3614	-	257	92204589	49998
chr7	92154591	92354591	harbor1	chr7	92214898	92215208	DNA/hAT-Charlie	919	-	155	92215053	60462
chr7	109702072	109902072	harbor1	chr7	109716870	109717048	DNA/hAT-Charlie	741	-	89	109716959	14887
chr7	28930734	29130734	harbor1	chr7	28976935	28977151	DNA/hAT-Charlie	1240	-	108	28977043	46309
chr7	28930734	29130734	harbor1	chr7	28991820	28992267	DNA/hAT-Charlie	1415	-	224	28992044	61310
chr7	28930734	29130734	harbor1	chr7	28992321	28992728	DNA/hAT-Charlie	1399	-	204	28992525	61791
chr7	28930734	29130734	harbor1	chr7	28992853	28993048	DNA/hAT-Charlie	642	-	98	28992951	62217
chr7	28930734	29130734	harbor1	chr7	28999234	28999412	DNA/hAT-Charlie	717	-	89	28999323	68589
chr7	28930734	29130734	harbor1	chr7	29003682	29004017	DNA/hAT-Charlie	2085	-	168	29003850	73116
chr7	28930734	29130734	harbor1	chr7	29011195	29011288	DNA/hAT-Charlie	442	-	46	29011241	80507
chr7	28930734	29130734	harbor1	chr7	29011671	29012100	DNA/hAT-Charlie	1156	-	214	29011885	81151
chr7	115378752	115578752	harbor1	chr7	115451055	115451084	DNA/hAT-Charlie	654	-	14	115451069	72317
chr7	115378752	115578752	harbor1	chr7	115451211	115451424	DNA/hAT-Charlie	654	-	106	115451317	72565
chr7	115378752	115578752	harbor1	chr7	115455429	115455708	DNA/hAT-Charlie	662	-	140	115455569	76817
chr7	51825405	52025405	harbor1	chr7	51866108	51866326	DNA/hAT-Charlie	1179	-	109	51866217	40812
chr7	51825405	52025405	harbor1	chr7	51873307	51873941	DNA/hAT-Charlie	1065	-	317	51873624	48219
chr7	51825405	52025405	harbor1	chr7	51874237	51874481	DNA/hAT-Charlie	1065	-	122	51874359	48954
chr7	51825405	52025405	harbor1	chr7	51876604	51877156	DNA/hAT-Charlie	639	-	276	51876880	51475
chr7	51825405	52025405	harbor1	chr7	51912684	51912884	DNA/hAT-Charlie	585	-	100	51912784	87379
chr7	123012852	123212852	harbor1	chr7	123031566	123031776	DNA/hAT-Charlie	828	-	105	123031671	18819
chr7	123012852	123212852	harbor1	chr7	123088097	123088310	DNA/hAT-Charlie	1052	-	106	123088203	75351
chr7	99278987	99478987	harbor1	chr7	99280173	99280340	DNA/hAT-Charlie	679	-	84	99280257	1270
chr7	99278987	99478987	harbor1	chr7	99282846	99283116	DNA/hAT-Charlie	723	-	135	99282981	3994
chr7	99278987	99478987	harbor1	chr7	99323953	99324322	DNA/hAT-Charlie	1611	-	184	99324137	45150
chr7	99278987	99478987	harbor1	chr7	99361764	99362011	DNA/hAT-Charlie	1301	-	124	99361888	82901
chr7	18539590	18739590	harbor1	chr7	18541944	18542163	DNA/hAT-Charlie	935	-	110	18542054	2464
chr7	18539590	18739590	harbor1	chr7	18553953	18554119	DNA/hAT-Charlie	472	-	83	18554036	14446
chr7	18539590	18739590	harbor1	chr7	18569102	18569427	DNA/hAT-Charlie	1420	-	162	18569264	29674
chr7	18539590	18739590	harbor1	chr7	18625387	18625600	DNA/hAT-Charlie	1067	-	106	18625493	85903
chr7	140405165	140605165	harbor1	chr7	140411444	140411661	DNA/hAT-Charlie	1434	-	108	140411552	6387
chr7	140405165	140605165	harbor1	chr7	140446466	140446785	DNA/hAT-Charlie	1669	-	160	140446626	41461
chr7	140405165	140605165	harbor1	chr7	140460763	140460962	DNA/hAT-Charlie	682	-	100	140460863	55698
chr7	140405165	140605165	harbor1	chr7	140463364	140463555	DNA/hAT-Charlie	512	-	96	140463460	58295
chr7	51097805	51297805	harbor1	chr7	51184489	51184781	DNA/hAT-Charlie	1200	-	146	51184635	86830
chr7	51097805	51297805	harbor1	chr7	51192847	51192960	DNA/hAT-Charlie	612	-	56	51192903	95098
chr7	144459680	144659680	harbor1	chr7	144494311	144494521	DNA/hAT-Charlie	723	-	105	144494416	34736
chr7	45691810	45891810	harbor1	chr7	45764633	45764917	DNA/hAT-Charlie	1090	-	142	45764775	72965
chr7	53726217	53926217	harbor1	chr7	53796176	53796360	DNA/hAT-Charlie	692	-	92	53796268	70051
chr7	27039437	27239437	harbor1	chr7	27083091	27083315	DNA/hAT-Charlie	1621	-	112	27083203	43766
chr7	27039437	27239437	harbor1	chr7	27066188	27066500	DNA/hAT-Charlie	820	-	156	27066344	26907
chr7	56625797	56825797	harbor1	chr7	56712178	56712324	DNA/hAT-Charlie	596	-	73	56712251	86454
chr7	60889279	61089279	harbor1	chr7	60958475	60958667	DNA/hAT-Charlie	1178	-	96	60958571	69292
chr8	89082825	89282825	harbor1	chr8	89108201	89108366	DNA/hAT-Charlie	424	-	82	89108283	25458
chr8	50105117	50305117	harbor1	chr8	50110688	50110856	DNA/hAT-Charlie	584	-	84	50110772	5655
chr8	50105117	50305117	harbor1	chr8	50189312	50189487	DNA/hAT-Charlie	908	-	88	50189400	84283
chr8	80359532	80559532	harbor1	chr8	80456751	80456856	DNA/hAT-Charlie	991	-	52	80456803	97271
chr8	80359532	80559532	harbor1	chr8	80457143	80457226	DNA/hAT-Charlie	991	-	42	80457185	97653
chr8	80359532	80559532	harbor1	chr8	80457425	80457509	DNA/hAT-Charlie	991	-	42	80457467	97935
chr8	7382295	7582295	harbor1	chr8	7437029	7437251	DNA/hAT-Charlie	1257	-	111	7437140	54845
chr8	81144167	81344167	harbor1	chr8	81210149	81210662	DNA/hAT-Charlie	3335	-	256	81210405	66238
chr8	81144167	81344167	harbor1	chr8	81217853	81218021	DNA/hAT-Charlie	553	-	84	81217937	73770
chr8	143157069	143357069	harbor1	chr8	143253505	143253609	DNA/hAT-Charlie	441	-	52	143253557	96488
chr8	143157069	143357069	harbor1	chr8	143253837	143254145	DNA/hAT-Charlie	1933	-	154	143253991	96922
chr8	95873295	96073295	harbor1	chr8	95885402	95885630	DNA/hAT-Charlie	950	-	114	95885516	12221
chr8	68305416	68505416	harbor1	chr8	68317256	68317780	DNA/hAT-Charlie	3576	-	262	68317518	12102
chr8	68305416	68505416	harbor1	chr8	68382396	68382538	DNA/hAT-Charlie	455	-	71	68382467	77051
chr8	68305416	68505416	harbor1	chr8	68388806	68388902	DNA/hAT-Charlie	490	-	48	68388854	83438
chr8	68305416	68505416	harbor1	chr8	68386748	68386963	DNA/hAT-Charlie	1150	-	108	68386856	81440
chr8	108673175	108873175	harbor1	chr8	108687407	108687931	DNA/hAT-Charlie	3647	-	262	108687669	14494
chr8	108673175	108873175	harbor1	chr8	108745227	108745557	DNA/hAT-Charlie	1433	-	165	108745392	72217
chr8	108673175	108873175	harbor1	chr8	108750093	108750323	DNA/hAT-Charlie	542	-	115	108750208	77033
chr8	108673175	108873175	harbor1	chr8	108753923	108754059	DNA/hAT-Charlie	673	-	68	108753991	80816
chr8	106608567	106808567	harbor1	chr8	106638413	106638588	DNA/hAT-Charlie	912	-	88	106638501	29934
chr8	106608567	106808567	harbor1	chr8	106643177	106643392	DNA/hAT-Charlie	1185	-	108	106643285	34718
chr8	106608567	106808567	harbor1	chr8	106643960	106644274	DNA/hAT-Charlie	497	-	157	106644117	35550
chr8	106608567	106808567	harbor1	chr8	106664258	106664422	DNA/hAT-Charlie	864	-	82	106664340	55773
chr8	106608567	106808567	harbor1	chr8	106666413	106666439	DNA/hAT-Charlie	1007	-	13	106666426	57859
chr8	106608567	106808567	harbor1	chr8	106666925	106667107	DNA/hAT-Charlie	1017	-	91	106667016	58449
chr8	106608567	106808567	harbor1	chr8	106668911	106669009	DNA/hAT-Charlie	399	-	49	106668960	60393
chr8	101353816	101553816	harbor1	chr8	101358335	101358466	DNA/hAT-Charlie	548	-	66	101358401	4585
chr8	101353816	101553816	harbor1	chr8	101359057	101359240	DNA/hAT-Charlie	1065	-	92	101359149	5333
chr8	101353816	101553816	harbor1	chr8	101393167	101393477	DNA/hAT-Charlie	1452	-	155	101393322	39506
chr8	101353816	101553816	harbor1	chr8	101447893	101448055	DNA/hAT-Charlie	535	-	81	101447974	94158
chr8	42581424	42781424	harbor1	chr8	42624303	42624735	DNA/hAT-Charlie	967	-	216	42624519	43095
chr8	42581424	42781424	harbor1	chr8	42654754	42654901	DNA/hAT-Charlie	800	-	74	42654828	73404
chr8	42581424	42781424	harbor1	chr8	42658429	42658900	DNA/hAT-Charlie	3658	-	236	42658665	77241
chr8	123333555	123533555	harbor1	chr8	123351281	123351479	DNA/hAT-Charlie	845	-	99	123351380	17825
chr8	123333555	123533555	harbor1	chr8	123374590	123374762	DNA/hAT-Charlie	665	-	86	123374676	41121
chr8	123333555	123533555	harbor1	chr8	123377421	123377992	DNA/hAT-Charlie	856	-	286	123377707	44152
chr8	123333555	123533555	harbor1	chr8	123405028	123405238	DNA/hAT-Charlie	998	-	105	123405133	71578
chr8	123333555	123533555	harbor1	chr8	123418794	123419016	DNA/hAT-Charlie	1210	-	111	123418905	85350
chr8	123333555	123533555	harbor1	chr8	123423607	123423866	DNA/hAT-Charlie	416	-	130	123423737	90182
chr8	50252282	50452282	harbor1	chr8	50299524	50299818	DNA/hAT-Charlie	919	-	147	50299671	47389
chr8	28650580	28850580	harbor1	chr8	28659901	28660055	DNA/hAT-Charlie	567	-	77	28659978	9398
chr8	28650580	28850580	harbor1	chr8	28662094	28662632	DNA/hAT-Charlie	1351	-	269	28662363	11783
chr8	28650580	28850580	harbor1	chr8	28662971	28663187	DNA/hAT-Charlie	1351	-	108	28663079	12499
chr8	28650580	28850580	harbor1	chr8	28663226	28663453	DNA/hAT-Charlie	512	-	114	28663340	12760
chr8	28650580	28850580	harbor1	chr8	28663752	28663762	DNA/hAT-Charlie	512	-	5	28663757	13177
chr8	28650580	28850580	harbor1	chr8	28676790	28676974	DNA/hAT-Charlie	718	-	92	28676882	26302
chr8	28650580	28850580	harbor1	chr8	28691052	28691379	DNA/hAT-Charlie	883	-	164	28691216	40636
chr8	28650580	28850580	harbor1	chr8	28726548	28726768	DNA/hAT-Charlie	1118	-	110	28726658	76078
chr8	28650580	28850580	harbor1	chr8	28727751	28727892	DNA/hAT-Charlie	572	-	70	28727821	77241
chr8	28650580	28850580	harbor1	chr8	28740851	28740946	DNA/hAT-Charlie	452	-	48	28740899	90319
chr8	28650580	28850580	harbor1	chr8	28741204	28741438	DNA/hAT-Charlie	553	-	117	28741321	90741
chr8	28650580	28850580	harbor1	chr8	28741758	28741898	DNA/hAT-Charlie	553	-	70	28741828	91248
chr8	93366430	93566430	harbor1	chr8	93368018	93368640	DNA/hAT-Charlie	1111	-	311	93368329	1899
chr8	93366430	93566430	harbor1	chr8	93372477	93372797	DNA/hAT-Charlie	753	-	160	93372637	6207
chr8	93366430	93566430	harbor1	chr8	93372934	93373111	DNA/hAT-Charlie	753	-	88	93373022	6592
chr8	93366430	93566430	harbor1	chr8	93387544	93387717	DNA/hAT-Charlie	568	-	86	93387630	21200
chr8	93366430	93566430	harbor1	chr8	93395038	93395365	DNA/hAT-Charlie	2153	-	164	93395202	28772
chr8	93366430	93566430	harbor1	chr8	93402474	93402677	DNA/hAT-Charlie	891	-	102	93402576	36146
chr8	93366430	93566430	harbor1	chr8	93416863	93417054	DNA/hAT-Charlie	780	-	96	93416959	50529
chr8	93366430	93566430	harbor1	chr8	93456469	93456964	DNA/hAT-Charlie	2974	-	248	93456717	90287
chr8	93366430	93566430	harbor1	chr8	93460480	93460638	DNA/hAT-Charlie	670	-	79	93460559	94129
chr8	38279257	38479257	harbor1	chr8	38296882	38297088	DNA/hAT-Charlie	500	-	103	38296985	17728
chr8	38279257	38479257	harbor1	chr8	38314792	38314976	DNA/hAT-Charlie	868	-	92	38314884	35627
chr8	38279257	38479257	harbor1	chr8	38366759	38366942	DNA/hAT-Charlie	981	-	92	38366851	87594
chr8	60985163	61185163	harbor1	chr8	61001290	61001560	DNA/hAT-Charlie	1155	-	135	61001425	16262
chr8	60985163	61185163	harbor1	chr8	61039205	61039377	DNA/hAT-Charlie	538	-	86	61039291	54128
chr8	18746100	18946100	harbor1	chr8	18787930	18788113	DNA/hAT-Charlie	584	-	92	18788022	41922
chr8	18746100	18946100	harbor1	chr8	18805096	18805243	DNA/hAT-Charlie	536	-	74	18805170	59070
chr8	18746100	18946100	harbor1	chr8	18805324	18806375	DNA/hAT-Charlie	3871	-	526	18805850	59750
chr8	18746100	18946100	harbor1	chr8	18811809	18812319	DNA/hAT-Charlie	1663	-	255	18812064	65964
chr8	105818874	106018874	harbor1	chr8	105823694	105823852	DNA/hAT-Charlie	816	-	79	105823773	4899
chr8	105818874	106018874	harbor1	chr8	105832593	105832837	DNA/hAT-Charlie	702	-	122	105832715	13841
chr8	105818874	106018874	harbor1	chr8	105838341	105838497	DNA/hAT-Charlie	610	-	78	105838419	19545
chr8	105818874	106018874	harbor1	chr8	105839754	105839868	DNA/hAT-Charlie	530	-	57	105839811	20937
chr8	105818874	106018874	harbor1	chr8	105842489	105842694	DNA/hAT-Charlie	769	-	102	105842591	23717
chr8	105818874	106018874	harbor1	chr8	105865514	105865697	DNA/hAT-Charlie	865	-	92	105865606	46732
chr8	88035418	88235418	harbor1	chr8	88091744	88091937	DNA/hAT-Charlie	847	-	96	88091840	56422
chr8	48081195	48281195	harbor1	chr8	48150234	48150479	DNA/hAT-Charlie	629	-	122	48150356	69161
chr8	103469150	103669150	harbor1	chr8	103495597	103495857	DNA/hAT-Charlie	658	-	130	103495727	26577
chr8	103469150	103669150	harbor1	chr8	103514352	103514750	DNA/hAT-Charlie	1315	-	199	103514551	45401
chr8	103469150	103669150	harbor1	chr8	103514967	103516333	DNA/hAT-Charlie	3764	-	683	103515650	46500
chr8	103469150	103669150	harbor1	chr8	103516685	103516854	DNA/hAT-Charlie	538	-	84	103516769	47619
chr8	103469150	103669150	harbor1	chr8	103517825	103518022	DNA/hAT-Charlie	1306	-	98	103517923	48773
chr8	103469150	103669150	harbor1	chr8	103518271	103518479	DNA/hAT-Charlie	1583	-	104	103518375	49225
chr8	103469150	103669150	harbor1	chr8	103514025	103514217	DNA/hAT-Charlie	832	-	96	103514121	44971
chr8	7808019	8008019	harbor1	chr8	7872713	7873232	DNA/hAT-Charlie	3718	-	260	7872973	64954
chr8	60037889	60237889	harbor1	chr8	60055132	60055309	DNA/hAT-Charlie	406	-	88	60055220	17331
chr8	60037889	60237889	harbor1	chr8	60062648	60062831	DNA/hAT-Charlie	756	-	92	60062740	24851
chr8	60037889	60237889	harbor1	chr8	60085713	60085929	DNA/hAT-Charlie	398	-	108	60085821	47932
chr8	131035135	131235135	harbor1	chr8	131068199	131068509	DNA/hAT-Charlie	1022	-	155	131068354	33219
chr8	22798847	22998847	harbor1	chr8	22804667	22804757	DNA/hAT-Charlie	431	-	45	22804712	5865
chr8	22798847	22998847	harbor1	chr8	22824434	22824947	DNA/hAT-Charlie	3536	-	256	22824690	25843
chr8	22798847	22998847	harbor1	chr8	22890250	22890376	DNA/hAT-Charlie	528	-	63	22890313	91466
chr8	1909559	2109559	harbor1	chr8	1988853	1989641	DNA/hAT-Charlie	1375	-	394	1989247	79688
chr8	26034626	26234626	harbor1	chr8	26073891	26074174	DNA/hAT-Charlie	1218	-	142	26074033	39407
chr8	26034626	26234626	harbor1	chr8	26074487	26074753	DNA/hAT-Charlie	1218	-	133	26074620	39994
chr8	26034626	26234626	harbor1	chr8	26075660	26075839	DNA/hAT-Charlie	929	-	90	26075750	41124
chr8	26034626	26234626	harbor1	chr8	26076007	26076286	DNA/hAT-Charlie	929	-	140	26076147	41521
chr8	26034626	26234626	harbor1	chr8	26132821	26133100	DNA/hAT-Charlie	879	-	140	26132961	98335
chr8	26034626	26234626	harbor1	chr8	26133381	26133644	DNA/hAT-Charlie	730	-	132	26133513	98887
chr8	26034626	26234626	harbor1	chr8	26132411	26132525	DNA/hAT-Charlie	879	-	57	26132468	97842
chr8	83160013	83360013	harbor1	chr8	83241915	83242385	DNA/hAT-Charlie	3416	-	235	83242150	82137
chr8	83160013	83360013	harbor1	chr8	83242685	83242750	DNA/hAT-Charlie	3416	-	32	83242717	82704
chr8	43308959	43508959	harbor1	chr8	43320024	43320130	DNA/hAT-Charlie	444	-	53	43320077	11118
chr8	43308959	43508959	harbor1	chr8	43351320	43351497	DNA/hAT-Charlie	706	-	88	43351408	42449
chr8	42021343	42221343	harbor1	chr8	42034204	42034389	DNA/hAT-Charlie	717	-	92	42034296	12953
chr8	42021343	42221343	harbor1	chr8	42034606	42034793	DNA/hAT-Charlie	943	-	94	42034700	13357
chr8	42021343	42221343	harbor1	chr8	42102253	42102387	DNA/hAT-Charlie	913	-	67	42102320	80977
chr8	42021343	42221343	harbor1	chr8	42102688	42102749	DNA/hAT-Charlie	913	-	30	42102718	81375
chr8	42021343	42221343	harbor1	chr8	42115172	42115383	DNA/hAT-Charlie	1422	-	106	42115278	93935
chr8	53733167	53933167	harbor1	chr8	53762045	53762214	DNA/hAT-Charlie	482	-	84	53762129	28962
chr8	53733167	53933167	harbor1	chr8	53777611	53777825	DNA/hAT-Charlie	882	-	107	53777718	44551
chr8	53733167	53933167	harbor1	chr8	53786886	53787159	DNA/hAT-Charlie	1023	-	136	53787022	53855
chr8	53733167	53933167	harbor1	chr8	53807829	53807977	DNA/hAT-Charlie	668	-	74	53807903	74736
chr8	132702980	132902980	harbor1	chr8	132735761	132736182	DNA/hAT-Charlie	820	-	210	132735971	32991
chr8	132702980	132902980	harbor1	chr8	132772569	132773306	DNA/hAT-Charlie	2198	-	368	132772937	69957
chr8	92738631	92938631	harbor1	chr8	92801270	92801494	DNA/hAT-Charlie	933	-	112	92801382	62751
chr8	4797392	4997392	harbor1	chr8	4809604	4809889	DNA/hAT-Charlie	927	-	142	4809746	12354
chr8	85103874	85303874	harbor1	chr8	85130745	85130950	DNA/hAT-Charlie	1042	-	102	85130847	26973
chr8	85103874	85303874	harbor1	chr8	85164138	85164471	DNA/hAT-Charlie	1746	-	166	85164304	60430
chr8	13809575	14009575	harbor1	chr8	13811060	13811260	DNA/hAT-Charlie	678	-	100	13811160	1585
chr8	13809575	14009575	harbor1	chr8	13857061	13857267	DNA/hAT-Charlie	909	-	103	13857164	47589
chr8	99385586	99585586	harbor1	chr8	99400980	99401282	DNA/hAT-Charlie	809	-	151	99401131	15545
chr8	99385586	99585586	harbor1	chr8	99401276	99401579	DNA/hAT-Charlie	682	-	152	99401428	15842
chr8	99385586	99585586	harbor1	chr8	99445874	99446088	DNA/hAT-Charlie	895	-	107	99445981	60395
chr8	99385586	99585586	harbor1	chr8	99482290	99482965	DNA/hAT-Charlie	1814	-	338	99482628	97042
chr8	99385586	99585586	harbor1	chr8	99483379	99483521	DNA/hAT-Charlie	470	-	71	99483450	97864
chr8	70724956	70924956	harbor1	chr8	70745467	70745623	DNA/hAT-Charlie	709	-	78	70745545	20589
chr8	102866764	103066764	harbor1	chr8	102890356	102890537	DNA/hAT-Charlie	465	-	90	102890446	23682
chr8	102866764	103066764	harbor1	chr8	102912537	102912709	DNA/hAT-Charlie	512	-	86	102912623	45859
chr8	102866764	103066764	harbor1	chr8	102956906	102957026	DNA/hAT-Charlie	584	-	60	102956966	90202
chr8	102866764	103066764	harbor1	chr8	102966026	102966249	DNA/hAT-Charlie	636	-	112	102966138	99374
chr8	74941451	75141451	harbor1	chr8	74999453	74999613	DNA/hAT-Charlie	772	-	80	74999533	58082
chr8	74941451	75141451	harbor1	chr8	75039769	75039921	DNA/hAT-Charlie	542	-	76	75039845	98394
chr8	132045470	132245470	harbor1	chr8	132051718	132051987	DNA/hAT-Charlie	431	-	134	132051852	6382
chr8	132045470	132245470	harbor1	chr8	132060828	132061030	DNA/hAT-Charlie	984	-	101	132060929	15459
chr8	132045470	132245470	harbor1	chr8	132087292	132087565	DNA/hAT-Charlie	640	-	136	132087428	41958
chr8	2123549	2323549	harbor1	chr8	2173915	2174157	DNA/hAT-Charlie	1615	-	121	2174036	50487
chr8	90525	290525	harbor1	chr8	106771	106938	DNA/hAT-Charlie	511	-	84	106855	16330
chr8	116564836	116764836	harbor1	chr8	116609609	116610034	DNA/hAT-Charlie	1555	-	212	116609821	44985
chr8	116564836	116764836	harbor1	chr8	116636730	116636900	DNA/hAT-Charlie	614	-	85	116636815	71979
chr8	81184443	81384443	harbor1	chr8	81210149	81210662	DNA/hAT-Charlie	3335	-	256	81210405	25962
chr8	81184443	81384443	harbor1	chr8	81217853	81218021	DNA/hAT-Charlie	553	-	84	81217937	33494
chr8	81184443	81384443	harbor1	chr8	81253407	81253566	DNA/hAT-Charlie	556	-	80	81253487	69044
chr8	2061796	2261796	harbor1	chr8	2107913	2108111	DNA/hAT-Charlie	631	-	99	2108012	46216
chr8	2061796	2261796	harbor1	chr8	2108309	2108533	DNA/hAT-Charlie	508	-	112	2108421	46625
chr8	55984809	56184809	harbor1	chr8	56078673	56078893	DNA/hAT-Charlie	1113	-	110	56078783	93974
chr8	96218124	96418124	harbor1	chr8	96285644	96285804	DNA/hAT-Charlie	455	-	80	96285724	67600
chr8	140009245	140209245	harbor1	chr8	140043618	140043784	DNA/hAT-Charlie	753	-	83	140043701	34456
chr8	121835500	122035500	harbor1	chr8	121895609	121895929	DNA/hAT-Charlie	900	-	160	121895769	60269
chr8	61926399	62126399	harbor1	chr8	61979330	61979554	DNA/hAT-Charlie	732	-	112	61979442	53043
chr8	61926399	62126399	harbor1	chr8	62009369	62009706	DNA/hAT-Charlie	2202	-	168	62009537	83138
chr8	111717210	111917210	harbor1	chr8	111736875	111737033	DNA/hAT-Charlie	655	-	79	111736954	19744
chr8	121238121	121438121	harbor1	chr8	121272876	121273009	DNA/hAT-Charlie	519	-	66	121272942	34821
chr8	23334792	23534792	harbor1	chr8	23385691	23385999	DNA/hAT-Charlie	1394	-	154	23385845	51053
chr8	23334792	23534792	harbor1	chr8	23422702	23422858	DNA/hAT-Charlie	630	-	78	23422780	87988
chr8	23334792	23534792	harbor1	chr8	23422868	23423121	DNA/hAT-Charlie	941	-	126	23422994	88202
chr8	23334792	23534792	harbor1	chr8	23423408	23423499	DNA/hAT-Charlie	941	-	46	23423454	88662
chr8	23334792	23534792	harbor1	chr8	23430496	23430632	DNA/hAT-Charlie	530	-	68	23430564	95772
chr8	16306633	16506633	harbor1	chr8	16322645	16322867	DNA/hAT-Charlie	2236	-	111	16322756	16123
chr8	16306633	16506633	harbor1	chr8	16323417	16324280	DNA/hAT-Charlie	2236	-	432	16323849	17216
chr8	16306633	16506633	harbor1	chr8	16403862	16404857	DNA/hAT-Charlie	1911	-	498	16404360	97727
chr8	93712207	93912207	harbor1	chr8	93724683	93724873	DNA/hAT-Charlie	790	-	95	93724778	12571
chr8	93712207	93912207	harbor1	chr8	93726974	93727163	DNA/hAT-Charlie	500	-	94	93727068	14861
chr8	93712207	93912207	harbor1	chr8	93727475	93727718	DNA/hAT-Charlie	516	-	122	93727597	15390
chr8	68350672	68550672	harbor1	chr8	68382396	68382538	DNA/hAT-Charlie	455	-	71	68382467	31795
chr8	68350672	68550672	harbor1	chr8	68388806	68388902	DNA/hAT-Charlie	490	-	48	68388854	38182
chr8	68350672	68550672	harbor1	chr8	68386748	68386963	DNA/hAT-Charlie	1150	-	108	68386856	36184
chr8	91785182	91985182	harbor1	chr8	91840291	91840452	DNA/hAT-Charlie	820	-	80	91840371	55189
chr8	91785182	91985182	harbor1	chr8	91856641	91856801	DNA/hAT-Charlie	585	-	80	91856721	71539
chr8	78558162	78758162	harbor1	chr8	78576529	78576673	DNA/hAT-Charlie	465	-	72	78576601	18439
chr8	78558162	78758162	harbor1	chr8	78641804	78641949	DNA/hAT-Charlie	487	-	72	78641876	83714
chr8	78952035	79152035	harbor1	chr8	78984491	78984853	DNA/hAT-Charlie	1168	-	181	78984672	32637
chr8	78952035	79152035	harbor1	chr8	79019358	79019476	DNA/hAT-Charlie	406	-	59	79019417	67382
chr8	78952035	79152035	harbor1	chr8	79025160	79025345	DNA/hAT-Charlie	914	-	92	79025252	73217
chr8	77387935	77587935	harbor1	chr8	77423807	77424146	DNA/hAT-Charlie	1460	-	170	77423977	36042
chr8	77387935	77587935	harbor1	chr8	77464485	77464693	DNA/hAT-Charlie	892	-	104	77464589	76654
chr8	55109428	55309428	harbor1	chr8	55144271	55144650	DNA/hAT-Charlie	716	-	190	55144461	35033
chr8	127732869	127932869	harbor1	chr8	127767307	127767382	DNA/hAT-Charlie	898	-	38	127767345	34476
chr8	127732869	127932869	harbor1	chr8	127767678	127767818	DNA/hAT-Charlie	898	-	70	127767748	34879
chr8	127732869	127932869	harbor1	chr8	127777787	127777991	DNA/hAT-Charlie	845	-	102	127777889	45020
chr8	127732869	127932869	harbor1	chr8	127811201	127811380	DNA/hAT-Charlie	568	-	90	127811291	78422
chr8	127732869	127932869	harbor1	chr8	127832264	127832397	DNA/hAT-Charlie	453	-	66	127832330	99461
chr8	127732869	127932869	harbor1	chr8	127827965	127828134	DNA/hAT-Charlie	557	-	84	127828049	95180
chr8	62486179	62686179	harbor1	chr8	62520342	62520653	DNA/hAT-Charlie	1133	-	156	62520498	34319
chr8	62486179	62686179	harbor1	chr8	62520675	62520763	DNA/hAT-Charlie	459	-	44	62520719	34540
chr8	62486179	62686179	harbor1	chr8	62529045	62529249	DNA/hAT-Charlie	485	-	102	62529147	42968
chr8	62486179	62686179	harbor1	chr8	62534576	62534762	DNA/hAT-Charlie	493	-	93	62534669	48490
chr8	62486179	62686179	harbor1	chr8	62547838	62548001	DNA/hAT-Charlie	657	-	82	62547920	61741
chr8	62486179	62686179	harbor1	chr8	62585463	62585731	DNA/hAT-Charlie	1500	-	134	62585597	99418
chr8	128341596	128541596	harbor1	chr8	128352612	128352885	DNA/hAT-Charlie	560	-	136	128352748	11152
chr8	3736271	3936271	harbor1	chr8	3757244	3757548	DNA/hAT-Charlie	1158	-	152	3757396	21125
chr8	3736271	3936271	harbor1	chr8	3809529	3809706	DNA/hAT-Charlie	761	-	88	3809617	73346
chr8	11332763	11532763	harbor1	chr8	11342848	11343137	DNA/hAT-Charlie	1014	-	144	11342992	10229
chr8	11332763	11532763	harbor1	chr8	11346705	11346795	DNA/hAT-Charlie	418	-	45	11346750	13987
chr8	11332763	11532763	harbor1	chr8	11346816	11347001	DNA/hAT-Charlie	634	-	92	11346908	14145
chr8	93294409	93494409	harbor1	chr8	93295193	93295532	DNA/hAT-Charlie	1535	-	170	93295363	954
chr8	93294409	93494409	harbor1	chr8	93319423	93319551	DNA/hAT-Charlie	1198	-	64	93319487	25078
chr8	93294409	93494409	harbor1	chr8	93319853	93319953	DNA/hAT-Charlie	1198	-	50	93319903	25494
chr8	93294409	93494409	harbor1	chr8	93332152	93332358	DNA/hAT-Charlie	920	-	103	93332255	37846
chr8	93294409	93494409	harbor1	chr8	93368018	93368640	DNA/hAT-Charlie	1111	-	311	93368329	73920
chr8	93294409	93494409	harbor1	chr8	93372477	93372797	DNA/hAT-Charlie	753	-	160	93372637	78228
chr8	93294409	93494409	harbor1	chr8	93372934	93373111	DNA/hAT-Charlie	753	-	88	93373022	78613
chr8	93294409	93494409	harbor1	chr8	93387544	93387717	DNA/hAT-Charlie	568	-	86	93387630	93221
chr8	79008310	79208310	harbor1	chr8	79019358	79019476	DNA/hAT-Charlie	406	-	59	79019417	11107
chr8	79008310	79208310	harbor1	chr8	79025160	79025345	DNA/hAT-Charlie	914	-	92	79025252	16942
chr8	79008310	79208310	harbor1	chr8	79056002	79056206	DNA/hAT-Charlie	1089	-	102	79056104	47794
chr8	79008310	79208310	harbor1	chr8	79064061	79064215	DNA/hAT-Charlie	554	-	77	79064138	55828
chr8	79008310	79208310	harbor1	chr8	79064542	79064643	DNA/hAT-Charlie	437	-	50	79064592	56282
chr8	103375333	103575333	harbor1	chr8	103378583	103378733	DNA/hAT-Charlie	591	-	75	103378658	3325
chr8	103375333	103575333	harbor1	chr8	103379008	103379050	DNA/hAT-Charlie	591	-	21	103379029	3696
chr8	103375333	103575333	harbor1	chr8	103425354	103425557	DNA/hAT-Charlie	942	-	102	103425456	50123
chr8	57857640	58057640	harbor1	chr8	57941000	57941185	DNA/hAT-Charlie	447	-	92	57941092	83452
chr8	19440273	19640273	harbor1	chr8	19443817	19444164	DNA/hAT-Charlie	2100	-	174	19443991	3718
chr8	19440273	19640273	harbor1	chr8	19447505	19447658	DNA/hAT-Charlie	578	-	76	19447581	7308
chr8	19440273	19640273	harbor1	chr8	19478068	19478132	DNA/hAT-Charlie	652	-	32	19478100	37827
chr8	19440273	19640273	harbor1	chr8	19478439	19478550	DNA/hAT-Charlie	652	-	56	19478495	38222
chr8	108747314	108947314	harbor1	chr8	108750093	108750323	DNA/hAT-Charlie	542	-	115	108750208	2894
chr8	108747314	108947314	harbor1	chr8	108753923	108754059	DNA/hAT-Charlie	673	-	68	108753991	6677
chr8	108747314	108947314	harbor1	chr8	108789807	108789983	DNA/hAT-Charlie	542	-	88	108789895	42581
chr8	108747314	108947314	harbor1	chr8	108841195	108841383	DNA/hAT-Charlie	555	-	94	108841289	93975
chr8	135881308	136081308	harbor1	chr8	135935239	135935456	DNA/hAT-Charlie	1156	-	108	135935347	54039
chr8	135881308	136081308	harbor1	chr8	135935803	135935963	DNA/hAT-Charlie	1156	-	80	135935883	54575
chr8	135881308	136081308	harbor1	chr8	135974561	135974777	DNA/hAT-Charlie	814	-	108	135974669	93361
chr8	73540645	73740645	harbor1	chr8	73566760	73566910	DNA/hAT-Charlie	425	-	75	73566835	26190
chr8	73540645	73740645	harbor1	chr8	73599565	73599770	DNA/hAT-Charlie	1126	-	102	73599667	59022
chr8	73540645	73740645	harbor1	chr8	73600068	73600373	DNA/hAT-Charlie	1126	-	152	73600220	59575
chr8	73540645	73740645	harbor1	chr8	73640433	73640746	DNA/hAT-Charlie	1264	-	156	73640589	99944
chr8	86664217	86864217	harbor1	chr8	86675911	86676203	DNA/hAT-Charlie	589	-	146	86676057	11840
chr8	86664217	86864217	harbor1	chr8	86742895	86743105	DNA/hAT-Charlie	1103	-	105	86743000	78783
chr8	1334703	1534703	harbor1	chr8	1358964	1359137	DNA/hAT-Charlie	773	-	86	1359050	24347
chr8	1334703	1534703	harbor1	chr8	1362984	1363180	DNA/hAT-Charlie	610	-	98	1363082	28379
chr8	1334703	1534703	harbor1	chr8	1372466	1372588	DNA/hAT-Charlie	475	-	61	1372527	37824
chr8	1334703	1534703	harbor1	chr8	1407961	1408104	DNA/hAT-Charlie	586	-	72	1408033	73330
chr8	131825492	132025492	harbor1	chr8	131909663	131909880	DNA/hAT-Charlie	938	-	108	131909771	84279
chr8	50273379	50473379	harbor1	chr8	50299524	50299818	DNA/hAT-Charlie	919	-	147	50299671	26292
chr8	75385628	75585628	harbor1	chr8	75420966	75421316	DNA/hAT-Charlie	993	-	175	75421141	35513
chr8	75385628	75585628	harbor1	chr8	75421645	75421802	DNA/hAT-Charlie	538	-	78	75421723	36095
chr8	75385628	75585628	harbor1	chr8	75437741	75438156	DNA/hAT-Charlie	1036	-	208	75437949	52321
chr8	75385628	75585628	harbor1	chr8	75439333	75440456	DNA/hAT-Charlie	2752	-	562	75439895	54267
chr8	75385628	75585628	harbor1	chr8	75440493	75440837	DNA/hAT-Charlie	641	-	172	75440665	55037
chr8	75385628	75585628	harbor1	chr8	75441633	75441828	DNA/hAT-Charlie	875	-	98	75441731	56103
chr8	29874083	30074083	harbor1	chr8	29945698	29945932	DNA/hAT-Charlie	864	-	117	29945815	71732
chr8	29874083	30074083	harbor1	chr8	29961007	29961147	DNA/hAT-Charlie	443	-	70	29961077	86994
chr8	69790662	69990662	harbor1	chr8	69816150	69816345	DNA/hAT-Charlie	699	-	98	69816248	25586
chr8	51302061	51502061	harbor1	chr8	51375771	51375993	DNA/hAT-Charlie	991	-	111	51375882	73821
chr8	51302061	51502061	harbor1	chr8	51394517	51394709	DNA/hAT-Charlie	403	-	96	51394613	92552
chr8	51302061	51502061	harbor1	chr8	51380028	51380250	DNA/hAT-Charlie	1457	-	111	51380139	78078
chr8	104035103	104235103	harbor1	chr8	104115673	104115971	DNA/hAT-Charlie	850	-	149	104115822	80719
chr8	76446295	76646295	harbor1	chr8	76455956	76456191	DNA/hAT-Charlie	932	-	118	76456074	9779
chr8	17133482	17333482	harbor1	chr8	17160743	17160917	DNA/hAT-Charlie	594	-	87	17160830	27348
chr8	17133482	17333482	harbor1	chr8	17178457	17178654	DNA/hAT-Charlie	863	-	98	17178555	45073
chr8	17133482	17333482	harbor1	chr8	17214441	17214626	DNA/hAT-Charlie	527	-	92	17214533	81051
chr8	17133482	17333482	harbor1	chr8	17214903	17215004	DNA/hAT-Charlie	527	-	50	17214953	81471
chr8	17133482	17333482	harbor1	chr8	17226057	17227373	DNA/hAT-Charlie	5545	-	658	17226715	93233
chr8	17133482	17333482	harbor1	chr8	17227409	17228231	DNA/hAT-Charlie	3154	-	411	17227820	94338
chr8	135118460	135318460	harbor1	chr8	135173273	135173462	DNA/hAT-Charlie	779	-	94	135173367	54907
chr8	135118460	135318460	harbor1	chr8	135180221	135180367	DNA/hAT-Charlie	729	-	73	135180294	61834
chr8	40533354	40733354	harbor1	chr8	40541432	40541636	DNA/hAT-Charlie	882	-	102	40541534	8180
chr8	40533354	40733354	harbor1	chr8	40609113	40609362	DNA/hAT-Charlie	773	-	124	40609237	75883
chr8	40533354	40733354	harbor1	chr8	40630801	40631122	DNA/hAT-Charlie	1327	-	160	40630961	97607
chr8	138374596	138574596	harbor1	chr8	138467340	138467543	DNA/hAT-Charlie	920	-	102	138467442	92846
chr8	138374596	138574596	harbor1	chr8	138470554	138470992	DNA/hAT-Charlie	1323	-	219	138470773	96177
chr8	77528539	77728539	harbor1	chr8	77567267	77567563	DNA/hAT-Charlie	562	-	148	77567415	38876
chr8	144654869	144854869	harbor1	chr8	144678665	144678776	DNA/hAT-Charlie	532	-	56	144678721	23852
chr8	144654869	144854869	harbor1	chr8	144680276	144680479	DNA/hAT-Charlie	620	-	102	144680378	25509
chr8	93957880	94157880	harbor1	chr8	94045604	94045751	DNA/hAT-Charlie	399	-	74	94045678	87798
chr8	93957880	94157880	harbor1	chr8	94044046	94044199	DNA/hAT-Charlie	537	-	76	94044122	86242
chr8	117678044	117878044	harbor1	chr8	117684764	117684971	DNA/hAT-Charlie	1417	-	104	117684868	6824
chr8	117678044	117878044	harbor1	chr8	117727053	117727214	DNA/hAT-Charlie	633	-	80	117727133	49089
chr8	99437467	99637467	harbor1	chr8	99445874	99446088	DNA/hAT-Charlie	895	-	107	99445981	8514
chr8	99437467	99637467	harbor1	chr8	99482290	99482965	DNA/hAT-Charlie	1814	-	338	99482628	45161
chr8	99437467	99637467	harbor1	chr8	99483379	99483521	DNA/hAT-Charlie	470	-	71	99483450	45983
chr8	99437467	99637467	harbor1	chr8	99501195	99501398	DNA/hAT-Charlie	638	-	102	99501297	63830
chr8	99437467	99637467	harbor1	chr8	99526800	99526922	DNA/hAT-Charlie	459	-	61	99526861	89394
chr8	99437467	99637467	harbor1	chr8	99527168	99527398	DNA/hAT-Charlie	524	-	115	99527283	89816
chr8	110659949	110859949	harbor1	chr8	110667262	110667432	DNA/hAT-Charlie	772	-	85	110667347	7398
chr8	110659949	110859949	harbor1	chr8	110700384	110700477	DNA/hAT-Charlie	431	-	46	110700430	40481
chr8	110659949	110859949	harbor1	chr8	110732110	110732537	DNA/hAT-Charlie	1433	-	214	110732324	72375
chr8	83516724	83716724	harbor1	chr8	83572905	83573084	DNA/hAT-Charlie	596	-	90	83572995	56271
chr8	83781390	83981390	harbor1	chr8	83858896	83859094	DNA/hAT-Charlie	657	-	99	83858995	77605
chr8	83781390	83981390	harbor1	chr8	83864760	83864916	DNA/hAT-Charlie	620	-	78	83864838	83448
chr8	60773684	60973684	harbor1	chr8	60826096	60826277	DNA/hAT-Charlie	469	-	90	60826186	52502
chr8	83559163	83759163	harbor1	chr8	83572905	83573084	DNA/hAT-Charlie	596	-	90	83572995	13832
chr8	32578405	32778405	harbor1	chr8	32603228	32603417	DNA/hAT-Charlie	571	-	94	32603322	24917
chr8	109624787	109824787	harbor1	chr8	109664428	109664597	DNA/hAT-Charlie	425	-	84	109664512	39725
chr8	109624787	109824787	harbor1	chr8	109665049	109665373	DNA/hAT-Charlie	1045	-	162	109665211	40424
chr8	109624787	109824787	harbor1	chr8	109666248	109666472	DNA/hAT-Charlie	1094	-	112	109666360	41573
chr8	109624787	109824787	harbor1	chr8	109701426	109701597	DNA/hAT-Charlie	885	-	86	109701512	76725
chr8	29643995	29843995	harbor1	chr8	29665664	29665802	DNA/hAT-Charlie	581	-	69	29665733	21738
chr8	29643995	29843995	harbor1	chr8	29667694	29668191	DNA/hAT-Charlie	2006	-	248	29667942	23947
chr8	29643995	29843995	harbor1	chr8	29676823	29676987	DNA/hAT-Charlie	1022	-	82	29676905	32910
chr8	29643995	29843995	harbor1	chr8	29678412	29678535	DNA/hAT-Charlie	429	-	62	29678474	34479
chr8	29643995	29843995	harbor1	chr8	29729252	29729753	DNA/hAT-Charlie	3445	-	250	29729502	85507
chr8	55849607	56049607	harbor1	chr8	55876451	55876638	DNA/hAT-Charlie	708	-	94	55876545	26938
chr8	55849607	56049607	harbor1	chr8	55918341	55918478	DNA/hAT-Charlie	548	-	68	55918409	68802
chr8	55849607	56049607	harbor1	chr8	55923431	55923547	DNA/hAT-Charlie	2018	-	58	55923489	73882
chr8	55849607	56049607	harbor1	chr8	55923839	55924298	DNA/hAT-Charlie	2018	-	230	55924069	74462
chr8	138399787	138599787	harbor1	chr8	138467340	138467543	DNA/hAT-Charlie	920	-	102	138467442	67655
chr8	138399787	138599787	harbor1	chr8	138470554	138470992	DNA/hAT-Charlie	1323	-	219	138470773	70986
chr8	52026599	52226599	harbor1	chr8	52102822	52103472	DNA/hAT-Charlie	1940	-	325	52103147	76548
chr8	52026599	52226599	harbor1	chr8	52103603	52103903	DNA/hAT-Charlie	1940	-	150	52103753	77154
chr8	52026599	52226599	harbor1	chr8	52104507	52104805	DNA/hAT-Charlie	547	-	149	52104656	78057
chr8	52026599	52226599	harbor1	chr8	52105335	52105504	DNA/hAT-Charlie	509	-	84	52105419	78820
chr8	92157200	92357200	harbor1	chr8	92224669	92224852	DNA/hAT-Charlie	797	-	92	92224761	67561
chr8	92157200	92357200	harbor1	chr8	92255045	92255402	DNA/hAT-Charlie	535	-	178	92255223	98023
chr8	20032794	20232794	harbor1	chr8	20064764	20064926	DNA/hAT-Charlie	821	-	81	20064845	32051
chr8	101294461	101494461	harbor1	chr8	101312560	101312752	DNA/hAT-Charlie	893	-	96	101312656	18195
chr8	101294461	101494461	harbor1	chr8	101331843	101332075	DNA/hAT-Charlie	660	-	116	101331959	37498
chr8	101294461	101494461	harbor1	chr8	101332088	101332388	DNA/hAT-Charlie	1109	-	150	101332238	37777
chr8	101294461	101494461	harbor1	chr8	101343549	101344009	DNA/hAT-Charlie	621	-	230	101343779	49318
chr8	101294461	101494461	harbor1	chr8	101358335	101358466	DNA/hAT-Charlie	548	-	66	101358401	63940
chr8	101294461	101494461	harbor1	chr8	101359057	101359240	DNA/hAT-Charlie	1065	-	92	101359149	64688
chr8	101294461	101494461	harbor1	chr8	101393167	101393477	DNA/hAT-Charlie	1452	-	155	101393322	98861
chr8	54682124	54882124	harbor1	chr8	54706851	54707014	DNA/hAT-Charlie	655	-	82	54706933	24809
chr8	54682124	54882124	harbor1	chr8	54735932	54736100	DNA/hAT-Charlie	1017	-	84	54736016	53892
chr8	54682124	54882124	harbor1	chr8	54743948	54744126	DNA/hAT-Charlie	670	-	89	54744037	61913
chr8	54682124	54882124	harbor1	chr8	54774926	54775145	DNA/hAT-Charlie	868	-	110	54775036	92912
chr8	54682124	54882124	harbor1	chr8	54780106	54780282	DNA/hAT-Charlie	1129	-	88	54780194	98070
chr8	104428048	104628048	harbor1	chr8	104440314	104440468	DNA/hAT-Charlie	525	-	77	104440391	12343
chr8	104428048	104628048	harbor1	chr8	104465605	104465786	DNA/hAT-Charlie	1140	-	90	104465695	37647
chr8	113616317	113816317	harbor1	chr8	113668914	113669143	DNA/hAT-Charlie	746	-	114	113669028	52711
chr8	88643334	88843334	harbor1	chr8	88679897	88679999	DNA/hAT-Charlie	452	-	51	88679948	36614
chr8	3478227	3678227	harbor1	chr8	3527868	3528086	DNA/hAT-Charlie	714	-	109	3527977	49750
chr8	11429778	11629778	harbor1	chr8	11442269	11442394	DNA/hAT-Charlie	492	-	62	11442331	12553
chr8	77857681	78057681	harbor1	chr8	77949904	77950560	DNA/hAT-Charlie	1591	-	328	77950232	92551
chr8	140997045	141197045	harbor1	chr8	141008034	141008151	DNA/hAT-Charlie	923	-	58	141008092	11047
chr8	140997045	141197045	harbor1	chr8	141008453	141008482	DNA/hAT-Charlie	923	-	14	141008467	11422
chr8	140997045	141197045	harbor1	chr8	141008770	141008912	DNA/hAT-Charlie	923	-	71	141008841	11796
chr8	140997045	141197045	harbor1	chr8	141094756	141094960	DNA/hAT-Charlie	785	-	102	141094858	97813
chr8	122485414	122685414	harbor1	chr8	122494695	122494890	DNA/hAT-Charlie	993	-	98	122494793	9379
chr8	122485414	122685414	harbor1	chr8	122506569	122506730	DNA/hAT-Charlie	478	-	80	122506649	21235
chr8	122485414	122685414	harbor1	chr8	122516326	122516533	DNA/hAT-Charlie	665	-	104	122516430	31016
chr8	122485414	122685414	harbor1	chr8	122531934	122532085	DNA/hAT-Charlie	454	-	76	122532010	46596
chr8	122485414	122685414	harbor1	chr8	122548107	122548233	DNA/hAT-Charlie	464	-	63	122548170	62756
chr8	122485414	122685414	harbor1	chr8	122553390	122553733	DNA/hAT-Charlie	2313	-	172	122553562	68148
chr8	122485414	122685414	harbor1	chr8	122558028	122558357	DNA/hAT-Charlie	2213	-	164	122558192	72778
chr8	122485414	122685414	harbor1	chr8	122569565	122569777	DNA/hAT-Charlie	1074	-	106	122569671	84257
chr8	122485414	122685414	harbor1	chr8	122574954	122575155	DNA/hAT-Charlie	972	-	100	122575054	89640
chr8	138055735	138255735	harbor1	chr8	138078745	138079089	DNA/hAT-Charlie	882	-	172	138078917	23182
chr8	138055735	138255735	harbor1	chr8	138105303	138105467	DNA/hAT-Charlie	422	-	82	138105385	49650
chr8	138055735	138255735	harbor1	chr8	138134999	138135201	DNA/hAT-Charlie	798	-	101	138135100	79365
chr8	39467838	39667838	harbor1	chr8	39529969	39530144	DNA/hAT-Charlie	653	-	88	39530057	62219
chr8	49983977	50183977	harbor1	chr8	50023969	50024124	DNA/hAT-Charlie	677	-	78	50024047	40070
chr8	49983977	50183977	harbor1	chr8	50034618	50034838	DNA/hAT-Charlie	1460	-	110	50034728	50751
chr8	49983977	50183977	harbor1	chr8	50037277	50037418	DNA/hAT-Charlie	533	-	70	50037347	53370
chr8	49983977	50183977	harbor1	chr8	50045934	50046264	DNA/hAT-Charlie	1192	-	165	50046099	62122
chr8	30215439	30415439	harbor1	chr8	30242947	30243097	DNA/hAT-Charlie	714	-	75	30243022	27583
chr8	30215439	30415439	harbor1	chr8	30243412	30243525	DNA/hAT-Charlie	714	-	56	30243468	28029
chr8	30215439	30415439	harbor1	chr8	30254026	30254556	DNA/hAT-Charlie	3474	-	265	30254291	38852
chr8	30215439	30415439	harbor1	chr8	30271490	30271625	DNA/hAT-Charlie	828	-	68	30271558	56119
chr8	30215439	30415439	harbor1	chr8	30271910	30271977	DNA/hAT-Charlie	828	-	34	30271944	56505
chr8	30215439	30415439	harbor1	chr8	30272301	30272368	DNA/hAT-Charlie	828	-	34	30272335	56896
chr8	48242195	48442195	harbor1	chr8	48274733	48275017	DNA/hAT-Charlie	711	-	142	48274875	32680
chr8	131623747	131823747	harbor1	chr8	131680813	131680988	DNA/hAT-Charlie	551	-	88	131680901	57154
chr8	131623747	131823747	harbor1	chr8	131700668	131700829	DNA/hAT-Charlie	500	-	80	131700748	77001
chr8	21177681	21377681	harbor1	chr8	21272736	21272904	DNA/hAT-Charlie	924	-	84	21272820	95139
chr8	21177681	21377681	harbor1	chr8	21275754	21275869	DNA/hAT-Charlie	419	-	58	21275812	98131
chr8	42859941	43059941	harbor1	chr8	42900811	42900982	DNA/hAT-Charlie	794	-	86	42900897	40956
chr8	42859941	43059941	harbor1	chr8	42901000	42901128	DNA/hAT-Charlie	471	-	64	42901064	41123
chr8	41187673	41387673	harbor1	chr8	41248316	41248556	DNA/hAT-Charlie	912	-	120	41248436	60763
chr8	41187673	41387673	harbor1	chr8	41277511	41277621	DNA/hAT-Charlie	921	-	55	41277566	89893
chr8	41187673	41387673	harbor1	chr8	41277911	41277985	DNA/hAT-Charlie	904	-	37	41277948	90275
chr8	41187673	41387673	harbor1	chr8	41205591	41205814	DNA/hAT-Charlie	1601	-	112	41205703	18030
chr8	137611141	137811141	harbor1	chr8	137618552	137618955	DNA/hAT-Charlie	714	-	202	137618754	7613
chr8	137611141	137811141	harbor1	chr8	137678033	137678157	DNA/hAT-Charlie	717	-	62	137678095	66954
chr8	137611141	137811141	harbor1	chr8	137678492	137678564	DNA/hAT-Charlie	717	-	36	137678528	67387
chr8	82878747	83078747	harbor1	chr8	82966133	82966306	DNA/hAT-Charlie	1103	-	86	82966219	87472
chr8	82878747	83078747	harbor1	chr8	82966956	82967172	DNA/hAT-Charlie	1103	-	108	82967064	88317
chr8	122786357	122986357	harbor1	chr8	122794444	122794569	DNA/hAT-Charlie	449	-	62	122794506	8149
chr8	122786357	122986357	harbor1	chr8	122803444	122803635	DNA/hAT-Charlie	846	-	96	122803540	17183
chr8	122786357	122986357	harbor1	chr8	122842856	122843018	DNA/hAT-Charlie	687	-	81	122842937	56580
chr8	122786357	122986357	harbor1	chr8	122862421	122862542	DNA/hAT-Charlie	434	-	60	122862481	76124
chr8	119194882	119394882	harbor1	chr8	119210015	119210219	DNA/hAT-Charlie	451	-	102	119210117	15235
chr8	119194882	119394882	harbor1	chr8	119243916	119244136	DNA/hAT-Charlie	1174	-	110	119244026	49144
chr8	35569946	35769946	harbor1	chr8	35571173	35571974	DNA/hAT-Charlie	2092	-	400	35571573	1627
chr8	35569946	35769946	harbor1	chr8	35572690	35572793	DNA/hAT-Charlie	471	-	52	35572742	2796
chr8	35569946	35769946	harbor1	chr8	35573102	35573182	DNA/hAT-Charlie	471	-	40	35573142	3196
chr8	35569946	35769946	harbor1	chr8	35620927	35621129	DNA/hAT-Charlie	808	-	101	35621028	51082
chr8	35569946	35769946	harbor1	chr8	35636340	35636545	DNA/hAT-Charlie	695	-	102	35636442	66496
chr8	35569946	35769946	harbor1	chr8	35643079	35643293	DNA/hAT-Charlie	1130	-	107	35643186	73240
chr8	97500299	97700299	harbor1	chr8	97543615	97543933	DNA/hAT-Charlie	1265	-	159	97543774	43475
chr8	97500299	97700299	harbor1	chr8	97554072	97554260	DNA/hAT-Charlie	900	-	94	97554166	53867
chr8	97500299	97700299	harbor1	chr8	97582803	97582989	DNA/hAT-Charlie	898	-	93	97582896	82597
chr8	75529986	75729986	harbor1	chr8	75533276	75533453	DNA/hAT-Charlie	692	-	88	75533364	3378
chr8	99593960	99793960	harbor1	chr8	99607639	99608134	DNA/hAT-Charlie	1736	-	248	99607887	13927
chr8	99593960	99793960	harbor1	chr8	99609070	99610020	DNA/hAT-Charlie	4169	-	475	99609545	15585
chr8	99593960	99793960	harbor1	chr8	99667092	99667256	DNA/hAT-Charlie	621	-	82	99667174	73214
chr8	87611523	87811523	harbor1	chr8	87633806	87633904	DNA/hAT-Charlie	515	-	49	87633855	22332
chr8	87611523	87811523	harbor1	chr8	87634179	87635417	DNA/hAT-Charlie	4184	-	619	87634798	23275
chr8	87611523	87811523	harbor1	chr8	87678146	87678386	DNA/hAT-Charlie	418	-	120	87678266	66743
chr8	87611523	87811523	harbor1	chr8	87680221	87680357	DNA/hAT-Charlie	469	-	68	87680289	68766
chr8	87611523	87811523	harbor1	chr8	87687947	87688236	DNA/hAT-Charlie	1930	-	144	87688091	76568
chr8	87611523	87811523	harbor1	chr8	87698420	87698583	DNA/hAT-Charlie	527	-	82	87698502	86979
chr8	114077220	114277220	harbor1	chr8	114118625	114119142	DNA/hAT-Charlie	570	-	258	114118883	41663
chr8	86417115	86617115	harbor1	chr8	86449311	86449615	DNA/hAT-Charlie	1162	-	152	86449463	32348
chr8	86417115	86617115	harbor1	chr8	86481378	86481552	DNA/hAT-Charlie	619	-	87	86481465	64350
chr8	86417115	86617115	harbor1	chr8	86488920	86489061	DNA/hAT-Charlie	908	-	70	86488990	71875
chr8	86417115	86617115	harbor1	chr8	86502751	86502921	DNA/hAT-Charlie	640	-	85	86502836	85721
chr8	43125137	43325137	harbor1	chr8	43142575	43142774	DNA/hAT-Charlie	465	-	100	43142675	17538
chr8	139275775	139475775	harbor1	chr8	139374125	139374327	DNA/hAT-Charlie	1404	-	101	139374226	98451
chr8	97567744	97767744	harbor1	chr8	97582803	97582989	DNA/hAT-Charlie	898	-	93	97582896	15152
chr8	97567744	97767744	harbor1	chr8	97646891	97646958	DNA/hAT-Charlie	426	-	34	97646925	79181
chr8	84326857	84526857	harbor1	chr8	84356690	84357241	DNA/hAT-Charlie	697	-	276	84356966	30109
chr8	84326857	84526857	harbor1	chr8	84359794	84359874	DNA/hAT-Charlie	401	-	40	84359834	32977
chr9	3878977	4078977	harbor1	chr9	3884461	3884575	DNA/hAT-Charlie	460	-	57	3884518	5541
chr9	3878977	4078977	harbor1	chr9	3889662	3889887	DNA/hAT-Charlie	560	-	112	3889774	10797
chr9	3878977	4078977	harbor1	chr9	3902587	3902729	DNA/hAT-Charlie	486	-	71	3902658	23681
chr9	3878977	4078977	harbor1	chr9	3923933	3924022	DNA/hAT-Charlie	393	-	44	3923977	45000
chr9	3878977	4078977	harbor1	chr9	3927314	3927534	DNA/hAT-Charlie	459	-	110	3927424	48447
chr9	3878977	4078977	harbor1	chr9	3942676	3942810	DNA/hAT-Charlie	497	-	67	3942743	63766
chr9	3878977	4078977	harbor1	chr9	3952748	3952902	DNA/hAT-Charlie	618	-	77	3952825	73848
chr9	133562011	133762011	harbor1	chr9	133604660	133604805	DNA/hAT-Charlie	503	-	72	133604732	42721
chr9	121277845	121477845	harbor1	chr9	121330926	121331238	DNA/hAT-Charlie	797	-	156	121331082	53237
chr9	121277845	121477845	harbor1	chr9	121348341	121348533	DNA/hAT-Charlie	715	-	96	121348437	70592
chr9	121277845	121477845	harbor1	chr9	121361779	121361993	DNA/hAT-Charlie	1469	-	107	121361886	84041
chr9	121277845	121477845	harbor1	chr9	121363438	121363732	DNA/hAT-Charlie	1144	-	147	121363585	85740
chr9	4003941	4203941	harbor1	chr9	4009981	4010129	DNA/hAT-Charlie	585	-	74	4010055	6114
chr9	74190838	74390838	harbor1	chr9	74264441	74264764	DNA/hAT-Charlie	1969	-	162	74264603	73765
chr9	74190838	74390838	harbor1	chr9	74277906	74278513	DNA/hAT-Charlie	1275	-	304	74278210	87372
chr9	32537660	32737660	harbor1	chr9	32576152	32576272	DNA/hAT-Charlie	678	-	60	32576212	38552
chr9	32537660	32737660	harbor1	chr9	32576299	32576465	DNA/hAT-Charlie	864	-	83	32576382	38722
chr9	32537660	32737660	harbor1	chr9	32577849	32577938	DNA/hAT-Charlie	440	-	44	32577893	40233
chr9	37311312	37511312	harbor1	chr9	37343781	37344028	DNA/hAT-Charlie	1195	-	124	37343905	32593
chr9	123320832	123520832	harbor1	chr9	123327067	123327137	DNA/hAT-Charlie	624	-	35	123327102	6270
chr9	123320832	123520832	harbor1	chr9	123327450	123327517	DNA/hAT-Charlie	624	-	34	123327484	6652
chr9	123320832	123520832	harbor1	chr9	123414452	123414742	DNA/hAT-Charlie	577	-	145	123414597	93765
chr9	75220553	75420553	harbor1	chr9	75233769	75233944	DNA/hAT-Charlie	962	-	88	75233857	13304
chr9	75220553	75420553	harbor1	chr9	75234719	75234833	DNA/hAT-Charlie	408	-	57	75234776	14223
chr9	99198133	99398133	harbor1	chr9	99219121	99219357	DNA/hAT-Charlie	1108	-	118	99219239	21106
chr9	99198133	99398133	harbor1	chr9	99231129	99231280	DNA/hAT-Charlie	493	-	76	99231205	33072
chr9	99198133	99398133	harbor1	chr9	99260435	99260621	DNA/hAT-Charlie	703	-	93	99260528	62395
chr9	99198133	99398133	harbor1	chr9	99260868	99260936	DNA/hAT-Charlie	703	-	34	99260902	62769
chr9	72449973	72649973	harbor1	chr9	72494569	72494701	DNA/hAT-Charlie	436	-	66	72494635	44662
chr9	72449973	72649973	harbor1	chr9	72522844	72523058	DNA/hAT-Charlie	1420	-	107	72522951	72978
chr9	8025004	8225004	harbor1	chr9	8028841	8029059	DNA/hAT-Charlie	851	-	109	8028950	3946
chr9	8025004	8225004	harbor1	chr9	8093855	8093980	DNA/hAT-Charlie	565	-	62	8093917	68913
chr9	8025004	8225004	harbor1	chr9	8110402	8110722	DNA/hAT-Charlie	1041	-	160	8110562	85558
chr9	85797048	85997048	harbor1	chr9	85797626	85797823	DNA/hAT-Charlie	1312	-	98	85797724	676
chr9	85797048	85997048	harbor1	chr9	85803444	85803606	DNA/hAT-Charlie	683	-	81	85803525	6477
chr9	85797048	85997048	harbor1	chr9	85813876	85814328	DNA/hAT-Charlie	1878	-	226	85814102	17054
chr9	85797048	85997048	harbor1	chr9	85814619	85815007	DNA/hAT-Charlie	1878	-	194	85814813	17765
chr9	85797048	85997048	harbor1	chr9	85825623	85825796	DNA/hAT-Charlie	554	-	86	85825709	28661
chr9	85797048	85997048	harbor1	chr9	85827132	85827344	DNA/hAT-Charlie	2084	-	106	85827238	30190
chr9	85797048	85997048	harbor1	chr9	85827636	85827926	DNA/hAT-Charlie	2084	-	145	85827781	30733
chr9	85797048	85997048	harbor1	chr9	85887095	85887294	DNA/hAT-Charlie	857	-	100	85887195	90147
chr9	132659716	132859716	harbor1	chr9	132680373	132680540	DNA/hAT-Charlie	524	-	84	132680457	20741
chr9	132659716	132859716	harbor1	chr9	132681532	132681746	DNA/hAT-Charlie	548	-	107	132681639	21923
chr9	132659716	132859716	harbor1	chr9	132688522	132688654	DNA/hAT-Charlie	477	-	66	132688588	28872
chr9	132659716	132859716	harbor1	chr9	132695742	132695882	DNA/hAT-Charlie	471	-	70	132695812	36096
chr9	132659716	132859716	harbor1	chr9	132724739	132724914	DNA/hAT-Charlie	656	-	88	132724827	65111
chr9	132659716	132859716	harbor1	chr9	132734327	132734456	DNA/hAT-Charlie	525	-	64	132734391	74675
chr9	6948458	7148458	harbor1	chr9	6993966	6994290	DNA/hAT-Charlie	1841	-	162	6994128	45670
chr9	6948458	7148458	harbor1	chr9	7007654	7007896	DNA/hAT-Charlie	591	-	121	7007775	59317
chr9	6948458	7148458	harbor1	chr9	7009273	7009768	DNA/hAT-Charlie	985	-	248	7009521	61063
chr9	76643690	76843690	harbor1	chr9	76667755	76667985	DNA/hAT-Charlie	922	-	115	76667870	24180
chr9	76643690	76843690	harbor1	chr9	76695953	76696131	DNA/hAT-Charlie	891	-	89	76696042	52352
chr9	76643690	76843690	harbor1	chr9	76701059	76701232	DNA/hAT-Charlie	900	-	86	76701145	57455
chr9	76643690	76843690	harbor1	chr9	76727034	76727230	DNA/hAT-Charlie	1153	-	98	76727132	83442
chr9	76643690	76843690	harbor1	chr9	76728311	76728483	DNA/hAT-Charlie	498	-	86	76728397	84707
chr9	76643690	76843690	harbor1	chr9	76729220	76729394	DNA/hAT-Charlie	909	-	87	76729307	85617
chr9	76643690	76843690	harbor1	chr9	76730423	76730549	DNA/hAT-Charlie	698	-	63	76730486	86796
chr9	7862446	8062446	harbor1	chr9	7887364	7887660	DNA/hAT-Charlie	1147	-	148	7887512	25066
chr9	7862446	8062446	harbor1	chr9	7895042	7895242	DNA/hAT-Charlie	994	-	100	7895142	32696
chr9	7862446	8062446	harbor1	chr9	7946895	7947074	DNA/hAT-Charlie	789	-	90	7946985	84539
chr9	7862446	8062446	harbor1	chr9	7913201	7913551	DNA/hAT-Charlie	2103	-	175	7913376	50930
chr9	31297537	31497537	harbor1	chr9	31325255	31325608	DNA/hAT-Charlie	2118	-	176	31325431	27894
chr9	91185735	91385735	harbor1	chr9	91218444	91218605	DNA/hAT-Charlie	791	-	80	91218524	32789
chr9	91185735	91385735	harbor1	chr9	91260512	91260672	DNA/hAT-Charlie	425	-	80	91260592	74857
chr9	14383528	14583528	harbor1	chr9	14387814	14387947	DNA/hAT-Charlie	583	-	66	14387880	4352
chr9	14383528	14583528	harbor1	chr9	14389810	14389987	DNA/hAT-Charlie	514	-	88	14389898	6370
chr9	14383528	14583528	harbor1	chr9	14424295	14424498	DNA/hAT-Charlie	768	-	102	14424397	40869
chr9	14383528	14583528	harbor1	chr9	14435627	14435951	DNA/hAT-Charlie	547	-	162	14435789	52261
chr9	14383528	14583528	harbor1	chr9	14449277	14449451	DNA/hAT-Charlie	715	-	87	14449364	65836
chr9	14383528	14583528	harbor1	chr9	14465767	14465938	DNA/hAT-Charlie	876	-	86	14465853	82325
chr9	32971609	33171609	harbor1	chr9	33008098	33008408	DNA/hAT-Charlie	1116	-	155	33008253	36644
chr9	32971609	33171609	harbor1	chr9	33008540	33008551	DNA/hAT-Charlie	1116	-	6	33008546	36937
chr9	32971609	33171609	harbor1	chr9	33008845	33008894	DNA/hAT-Charlie	1116	-	24	33008869	37260
chr9	32971609	33171609	harbor1	chr9	33029112	33029285	DNA/hAT-Charlie	731	-	86	33029198	57589
chr9	32971609	33171609	harbor1	chr9	33042584	33042727	DNA/hAT-Charlie	550	-	72	33042656	71047
chr9	102916109	103116109	harbor1	chr9	102928129	102928283	DNA/hAT-Charlie	626	-	77	102928206	12097
chr9	102916109	103116109	harbor1	chr9	102997245	102997408	DNA/hAT-Charlie	551	-	82	102997327	81218
chr9	41349679	41549679	harbor1	chr9	41360812	41360962	DNA/hAT-Charlie	593	-	75	41360887	11208
chr9	41349679	41549679	harbor1	chr9	41373607	41373780	DNA/hAT-Charlie	713	-	86	41373693	24014
chr9	41349679	41549679	harbor1	chr9	41425172	41425384	DNA/hAT-Charlie	700	-	106	41425278	75599
chr9	41349679	41549679	harbor1	chr9	41445221	41445542	DNA/hAT-Charlie	1040	-	160	41445381	95702
chr9	131943014	132143014	harbor1	chr9	131982700	131982915	DNA/hAT-Charlie	688	-	108	131982808	39794
chr9	131943014	132143014	harbor1	chr9	131982923	131983057	DNA/hAT-Charlie	555	-	67	131982990	39976
chr9	8361865	8561865	harbor1	chr9	8430612	8430721	DNA/hAT-Charlie	621	-	54	8430666	68801
chr9	8361865	8561865	harbor1	chr9	8453676	8453870	DNA/hAT-Charlie	888	-	97	8453773	91908
chr9	109934915	110134915	harbor1	chr9	109940940	109941048	DNA/hAT-Charlie	474	-	54	109940994	6079
chr9	109934915	110134915	harbor1	chr9	109941141	109941266	DNA/hAT-Charlie	507	-	62	109941203	6288
chr9	109934915	110134915	harbor1	chr9	109951589	109951760	DNA/hAT-Charlie	431	-	86	109951675	16760
chr9	109934915	110134915	harbor1	chr9	109952055	109952259	DNA/hAT-Charlie	965	-	102	109952157	17242
chr9	109934915	110134915	harbor1	chr9	109956700	109956869	DNA/hAT-Charlie	656	-	84	109956784	21869
chr9	109934915	110134915	harbor1	chr9	109957689	109957860	DNA/hAT-Charlie	408	-	86	109957775	22860
chr9	109934915	110134915	harbor1	chr9	109966746	109966910	DNA/hAT-Charlie	670	-	82	109966828	31913
chr9	109934915	110134915	harbor1	chr9	109970121	109970401	DNA/hAT-Charlie	914	-	140	109970261	35346
chr9	109934915	110134915	harbor1	chr9	109976981	109977162	DNA/hAT-Charlie	631	-	90	109977071	42156
chr9	4066637	4266637	harbor1	chr9	4139598	4139944	DNA/hAT-Charlie	1774	-	173	4139771	73134
chr9	4066637	4266637	harbor1	chr9	4152950	4153169	DNA/hAT-Charlie	862	-	110	4153060	86423
chr9	4066637	4266637	harbor1	chr9	4155708	4155896	DNA/hAT-Charlie	740	-	94	4155802	89165
chr9	2291363	2491363	harbor1	chr9	2298514	2298703	DNA/hAT-Charlie	984	-	94	2298608	7245
chr9	2291363	2491363	harbor1	chr9	2321838	2322041	DNA/hAT-Charlie	1297	-	102	2321940	30577
chr9	2291363	2491363	harbor1	chr9	2337416	2337581	DNA/hAT-Charlie	819	-	82	2337498	46135
chr9	2291363	2491363	harbor1	chr9	2375788	2376118	DNA/hAT-Charlie	2086	-	165	2375953	84590
chr9	2291363	2491363	harbor1	chr9	2377293	2377509	DNA/hAT-Charlie	998	-	108	2377401	86038
chr9	2291363	2491363	harbor1	chr9	2380728	2380879	DNA/hAT-Charlie	483	-	76	2380804	89441
chr9	120765303	120965303	harbor1	chr9	120780398	120780578	DNA/hAT-Charlie	728	-	90	120780488	15185
chr9	120765303	120965303	harbor1	chr9	120849349	120849495	DNA/hAT-Charlie	687	-	73	120849422	84119
chr9	41143441	41343441	harbor1	chr9	41180449	41180604	DNA/hAT-Charlie	745	-	78	41180527	37086
chr9	41143441	41343441	harbor1	chr9	41193208	41193327	DNA/hAT-Charlie	608	-	60	41193268	49827
chr9	26039697	26239697	harbor1	chr9	26126815	26127096	DNA/hAT-Charlie	458	-	140	26126955	87258
chr9	130699865	130899865	harbor1	chr9	130742831	130743076	DNA/hAT-Charlie	403	-	122	130742953	43088
chr9	130699865	130899865	harbor1	chr9	130798200	130798472	DNA/hAT-Charlie	975	-	136	130798336	98471
chr9	130699865	130899865	harbor1	chr9	130798448	130798686	DNA/hAT-Charlie	1659	-	119	130798567	98702
chr9	130699865	130899865	harbor1	chr9	130798988	130799478	DNA/hAT-Charlie	1659	-	245	130799233	99368
chr9	17040571	17240571	harbor1	chr9	17067893	17068032	DNA/hAT-Charlie	652	-	70	17067963	27392
chr9	17040571	17240571	harbor1	chr9	17080480	17080796	DNA/hAT-Charlie	669	-	158	17080638	40067
chr9	17040571	17240571	harbor1	chr9	17096664	17096745	DNA/hAT-Charlie	471	-	40	17096704	56133
chr9	97571228	97771228	harbor1	chr9	97590828	97590968	DNA/hAT-Charlie	628	-	70	97590898	19670
chr9	97571228	97771228	harbor1	chr9	97601589	97601728	DNA/hAT-Charlie	749	-	70	97601659	30431
chr9	97571228	97771228	harbor1	chr9	97601962	97601990	DNA/hAT-Charlie	749	-	14	97601976	30748
chr9	97571228	97771228	harbor1	chr9	97603637	97603711	DNA/hAT-Charlie	1828	-	37	97603674	32446
chr9	97571228	97771228	harbor1	chr9	97603991	97604416	DNA/hAT-Charlie	1828	-	212	97604203	32975
chr9	97571228	97771228	harbor1	chr9	97618551	97618743	DNA/hAT-Charlie	587	-	96	97618647	47419
chr9	97571228	97771228	harbor1	chr9	97638685	97638889	DNA/hAT-Charlie	994	-	102	97638787	67559
chr9	97571228	97771228	harbor1	chr9	97644766	97645021	DNA/hAT-Charlie	1249	-	128	97644894	73666
chr9	97571228	97771228	harbor1	chr9	97649268	97649444	DNA/hAT-Charlie	874	-	88	97649356	78128
chr9	97571228	97771228	harbor1	chr9	97667701	97667877	DNA/hAT-Charlie	660	-	88	97667789	96561
chr9	86211152	86411152	harbor1	chr9	86245818	86246655	DNA/hAT-Charlie	1264	-	418	86246236	35084
chr9	86211152	86411152	harbor1	chr9	86249467	86249519	DNA/hAT-Charlie	536	-	26	86249493	38341
chr9	86211152	86411152	harbor1	chr9	86250482	86250771	DNA/hAT-Charlie	536	-	144	86250626	39474
chr9	86211152	86411152	harbor1	chr9	86255912	86256604	DNA/hAT-Charlie	1294	-	346	86256258	45106
chr9	86211152	86411152	harbor1	chr9	86275930	86276412	DNA/hAT-Charlie	3056	-	241	86276171	65019
chr9	18536499	18736499	harbor1	chr9	18577722	18577990	DNA/hAT-Charlie	562	-	134	18577856	41357
chr9	18536499	18736499	harbor1	chr9	18614851	18614977	DNA/hAT-Charlie	543	-	63	18614914	78415
chr9	18536499	18736499	harbor1	chr9	18615058	18615174	DNA/hAT-Charlie	402	-	58	18615116	78617
chr9	63860389	64060389	harbor1	chr9	63887784	63888250	DNA/hAT-Charlie	1307	-	233	63888017	27628
chr9	93869689	94069689	harbor1	chr9	93962116	93962421	DNA/hAT-Charlie	1417	-	152	93962268	92579
chr9	101133813	101333813	harbor1	chr9	101144709	101144786	DNA/hAT-Charlie	419	-	38	101144747	10934
chr9	101133813	101333813	harbor1	chr9	101151661	101151845	DNA/hAT-Charlie	455	-	92	101151753	17940
chr9	101133813	101333813	harbor1	chr9	101216693	101216893	DNA/hAT-Charlie	884	-	100	101216793	82980
chr9	101133813	101333813	harbor1	chr9	101217558	101217722	DNA/hAT-Charlie	895	-	82	101217640	83827
chr9	101133813	101333813	harbor1	chr9	101220042	101220235	DNA/hAT-Charlie	1013	-	96	101220138	86325
chr9	90550377	90750377	harbor1	chr9	90572778	90572945	DNA/hAT-Charlie	885	-	84	90572862	22485
chr9	90550377	90750377	harbor1	chr9	90587846	90587945	DNA/hAT-Charlie	416	-	50	90587896	37519
chr9	90550377	90750377	harbor1	chr9	90599387	90599825	DNA/hAT-Charlie	1065	-	219	90599606	49229
chr9	90550377	90750377	harbor1	chr9	90600924	90601744	DNA/hAT-Charlie	1050	-	410	90601334	50957
chr9	90550377	90750377	harbor1	chr9	90601759	90601894	DNA/hAT-Charlie	422	-	68	90601827	51450
chr9	90550377	90750377	harbor1	chr9	90602574	90602788	DNA/hAT-Charlie	422	-	107	90602681	52304
chr9	90550377	90750377	harbor1	chr9	90647166	90647293	DNA/hAT-Charlie	590	-	64	90647230	96853
chr9	72955879	73155879	harbor1	chr9	72986527	72986700	DNA/hAT-Charlie	778	-	86	72986613	30734
chr9	72955879	73155879	harbor1	chr9	73055034	73055210	DNA/hAT-Charlie	472	-	88	73055122	99243
chr9	112545496	112745496	harbor1	chr9	112564590	112564780	DNA/hAT-Charlie	519	-	95	112564685	19189
chr9	112545496	112745496	harbor1	chr9	112615092	112615139	DNA/hAT-Charlie	650	-	24	112615116	69620
chr9	112545496	112745496	harbor1	chr9	112615437	112615651	DNA/hAT-Charlie	650	-	107	112615544	70048
chr9	112083273	112283273	harbor1	chr9	112089883	112089970	DNA/hAT-Charlie	514	-	44	112089927	6654
chr9	112083273	112283273	harbor1	chr9	112136581	112136727	DNA/hAT-Charlie	464	-	73	112136654	53381
chr9	112083273	112283273	harbor1	chr9	112150109	112150264	DNA/hAT-Charlie	664	-	78	112150187	66914
chr9	112083273	112283273	harbor1	chr9	112164981	112165094	DNA/hAT-Charlie	465	-	56	112165037	81764
chr9	112083273	112283273	harbor1	chr9	112166378	112166475	DNA/hAT-Charlie	424	-	48	112166426	83153
chr9	37147817	37347817	harbor1	chr9	37155560	37155825	DNA/hAT-Charlie	558	-	132	37155692	7875
chr9	37147817	37347817	harbor1	chr9	37187211	37187548	DNA/hAT-Charlie	2245	-	168	37187379	39562
chr9	18102737	18302737	harbor1	chr9	18136155	18136338	DNA/hAT-Charlie	420	-	92	18136247	33510
chr9	40624274	40824274	harbor1	chr9	40669759	40669941	DNA/hAT-Charlie	549	-	91	40669850	45576
chr9	5788482	5988482	harbor1	chr9	5827257	5827463	DNA/hAT-Charlie	1190	-	103	5827360	38878
chr9	5788482	5988482	harbor1	chr9	5843132	5843437	DNA/hAT-Charlie	689	-	152	5843284	54802
chr9	5788482	5988482	harbor1	chr9	5853700	5853878	DNA/hAT-Charlie	637	-	89	5853789	65307
chr9	5788482	5988482	harbor1	chr9	5876123	5876293	DNA/hAT-Charlie	701	-	85	5876208	87726
chr9	5788482	5988482	harbor1	chr9	5878693	5878895	DNA/hAT-Charlie	534	-	101	5878794	90312
chr9	190239	390239	harbor1	chr9	213376	213701	DNA/hAT-Charlie	1125	-	162	213538	23299
chr9	190239	390239	harbor1	chr9	257444	257511	DNA/hAT-Charlie	868	-	34	257478	67239
chr9	190239	390239	harbor1	chr9	257817	257964	DNA/hAT-Charlie	868	-	74	257891	67652
chr9	190239	390239	harbor1	chr9	285591	285903	DNA/hAT-Charlie	561	-	156	285747	95508
chr9	70857209	71057209	harbor1	chr9	70872088	70872246	DNA/hAT-Charlie	810	-	79	70872167	14958
chr9	70857209	71057209	harbor1	chr9	70878527	70878747	DNA/hAT-Charlie	632	-	110	70878637	21428
chr9	70857209	71057209	harbor1	chr9	70885191	70885413	DNA/hAT-Charlie	1071	-	111	70885302	28093
chr9	70857209	71057209	harbor1	chr9	70905161	70905427	DNA/hAT-Charlie	547	-	133	70905294	48085
chr9	76870660	77070660	harbor1	chr9	76883084	76883245	DNA/hAT-Charlie	421	-	80	76883164	12504
chr9	76870660	77070660	harbor1	chr9	76907413	76907592	DNA/hAT-Charlie	690	-	90	76907503	36843
chr9	76870660	77070660	harbor1	chr9	76909475	76909575	DNA/hAT-Charlie	431	-	50	76909525	38865
chr9	76870660	77070660	harbor1	chr9	76926364	76926699	DNA/hAT-Charlie	1212	-	168	76926532	55872
chr9	86317097	86517097	harbor1	chr9	86318266	86318437	DNA/hAT-Charlie	811	-	86	86318352	1255
chr9	86317097	86517097	harbor1	chr9	86386218	86386425	DNA/hAT-Charlie	1009	-	104	86386322	69225
chr9	27651942	27851942	harbor1	chr9	27749627	27749817	DNA/hAT-Charlie	766	-	95	27749722	97780
chr9	105410405	105610405	harbor1	chr9	105444820	105445001	DNA/hAT-Charlie	776	-	90	105444910	34505
chr9	105410405	105610405	harbor1	chr9	105463435	105463630	DNA/hAT-Charlie	848	-	98	105463533	53128
chr9	79499148	79699148	harbor1	chr9	79527969	79528130	DNA/hAT-Charlie	682	-	80	79528049	28901
chr9	79499148	79699148	harbor1	chr9	79536505	79536749	DNA/hAT-Charlie	481	-	122	79536627	37479
chr9	79499148	79699148	harbor1	chr9	79536861	79537022	DNA/hAT-Charlie	892	-	80	79536941	37793
chr9	79499148	79699148	harbor1	chr9	79543914	79544092	DNA/hAT-Charlie	930	-	89	79544003	44855
chr9	79499148	79699148	harbor1	chr9	79569818	79569946	DNA/hAT-Charlie	463	-	64	79569882	70734
chr9	79499148	79699148	harbor1	chr9	79594153	79594305	DNA/hAT-Charlie	814	-	76	79594229	95081
chr9	120887399	121087399	harbor1	chr9	120891389	120891557	DNA/hAT-Charlie	543	-	84	120891473	4074
chr9	120887399	121087399	harbor1	chr9	120892021	120892198	DNA/hAT-Charlie	514	-	88	120892109	4710
chr9	120887399	121087399	harbor1	chr9	120898004	120898095	DNA/hAT-Charlie	1038	-	46	120898050	10651
chr9	120887399	121087399	harbor1	chr9	120909586	120909720	DNA/hAT-Charlie	655	-	67	120909653	22254
chr9	120887399	121087399	harbor1	chr9	120922207	120922521	DNA/hAT-Charlie	407	-	157	120922364	34965
chr9	120887399	121087399	harbor1	chr9	120923371	120923481	DNA/hAT-Charlie	497	-	55	120923426	36027
chr9	120887399	121087399	harbor1	chr9	120943641	120943675	DNA/hAT-Charlie	606	-	17	120943658	56259
chr9	120887399	121087399	harbor1	chr9	120943977	120944103	DNA/hAT-Charlie	584	-	63	120944040	56641
chr9	120887399	121087399	harbor1	chr9	120949525	120949775	DNA/hAT-Charlie	683	-	125	120949650	62251
chr9	120887399	121087399	harbor1	chr9	120897516	120897697	DNA/hAT-Charlie	1038	-	90	120897606	10207
chr9	106248553	106448553	harbor1	chr9	106310967	106311130	DNA/hAT-Charlie	679	-	82	106311049	62496
chr9	106248553	106448553	harbor1	chr9	106315133	106315537	DNA/hAT-Charlie	478	-	202	106315335	66782
chr9	78886424	79086424	harbor1	chr9	78915786	78915914	DNA/hAT-Charlie	564	-	64	78915850	29426
chr9	78886424	79086424	harbor1	chr9	78928922	78929101	DNA/hAT-Charlie	966	-	90	78929012	42588
chr9	78886424	79086424	harbor1	chr9	78931225	78931715	DNA/hAT-Charlie	3196	-	245	78931470	45046
chr9	78886424	79086424	harbor1	chr9	78980073	78980130	DNA/hAT-Charlie	653	-	28	78980101	93677
chr9	78886424	79086424	harbor1	chr9	78980425	78980556	DNA/hAT-Charlie	653	-	66	78980491	94067
chr9	78886424	79086424	harbor1	chr9	78983253	78983848	DNA/hAT-Charlie	1474	-	298	78983551	97127
chr9	78886424	79086424	harbor1	chr9	78984161	78984226	DNA/hAT-Charlie	1474	-	32	78984193	97769
chr9	78886424	79086424	harbor1	chr9	78985471	78985606	DNA/hAT-Charlie	808	-	68	78985539	99115
chr9	97328355	97528355	harbor1	chr9	97342968	97343261	DNA/hAT-Charlie	724	-	146	97343114	14759
chr9	97328355	97528355	harbor1	chr9	97367966	97368084	DNA/hAT-Charlie	399	-	59	97368025	39670
chr9	97328355	97528355	harbor1	chr9	97416283	97416576	DNA/hAT-Charlie	771	-	146	97416429	88074
chr9	97328355	97528355	harbor1	chr9	97426938	97427099	DNA/hAT-Charlie	581	-	80	97427018	98663
chr9	112346402	112546402	harbor1	chr9	112348020	112348154	DNA/hAT-Charlie	469	-	67	112348087	1685
chr9	112346402	112546402	harbor1	chr9	112401475	112401628	DNA/hAT-Charlie	815	-	76	112401551	55149
chr9	79185210	79385210	harbor1	chr9	79270614	79270777	DNA/hAT-Charlie	717	-	82	79270696	85486
chr9	79185210	79385210	harbor1	chr9	79273419	79273575	DNA/hAT-Charlie	511	-	78	79273497	88287
chr9	105202249	105402249	harbor1	chr9	105274981	105275804	DNA/hAT-Charlie	2621	-	412	105275393	73144
chr9	105202249	105402249	harbor1	chr9	105276103	105276369	DNA/hAT-Charlie	2621	-	133	105276236	73987
chr9	105202249	105402249	harbor1	chr9	105250745	105250864	DNA/hAT-Charlie	517	-	60	105250805	48556
chr9	89812466	90012466	harbor1	chr9	89822167	89822249	DNA/hAT-Charlie	618	-	41	89822208	9742
chr9	89812466	90012466	harbor1	chr9	89822543	89822631	DNA/hAT-Charlie	618	-	44	89822587	10121
chr9	89812466	90012466	harbor1	chr9	89859327	89859506	DNA/hAT-Charlie	642	-	90	89859417	46951
chr9	89812466	90012466	harbor1	chr9	89879451	89879613	DNA/hAT-Charlie	590	-	81	89879532	67066
chr9	89812466	90012466	harbor1	chr9	89888776	89888949	DNA/hAT-Charlie	507	-	86	89888862	76396
chr9	67164397	67364397	harbor1	chr9	67194113	67194272	DNA/hAT-Charlie	537	-	80	67194193	29796
chr9	20252645	20452645	harbor1	chr9	20306989	20307416	DNA/hAT-Charlie	1267	-	214	20307203	54558
chr9	20252645	20452645	harbor1	chr9	20323197	20323292	DNA/hAT-Charlie	445	-	48	20323245	70600
chr9	26456896	26656896	harbor1	chr9	26458033	26458224	DNA/hAT-Charlie	607	-	96	26458129	1233
chr9	26456896	26656896	harbor1	chr9	26510627	26510796	DNA/hAT-Charlie	968	-	84	26510711	53815
chr9	26456896	26656896	harbor1	chr9	26536675	26536896	DNA/hAT-Charlie	539	-	110	26536785	79889
chr9	124240361	124440361	harbor1	chr9	124299267	124299428	DNA/hAT-Charlie	420	-	80	124299347	58986
chr9	26415210	26615210	harbor1	chr9	26424871	26425000	DNA/hAT-Charlie	550	-	64	26424935	9725
chr9	26415210	26615210	harbor1	chr9	26458033	26458224	DNA/hAT-Charlie	607	-	96	26458129	42919
chr9	26415210	26615210	harbor1	chr9	26510627	26510796	DNA/hAT-Charlie	968	-	84	26510711	95501
chr9	74556853	74756853	harbor1	chr9	74596758	74596954	DNA/hAT-Charlie	1086	-	98	74596856	40003
chr9	74556853	74756853	harbor1	chr9	74597049	74597182	DNA/hAT-Charlie	589	-	66	74597115	40262
chr9	74556853	74756853	harbor1	chr9	74605820	74606022	DNA/hAT-Charlie	495	-	101	74605921	49068
chr9	74556853	74756853	harbor1	chr9	74610207	74610337	DNA/hAT-Charlie	402	-	65	74610272	53419
chr9	74556853	74756853	harbor1	chr9	74610762	74610950	DNA/hAT-Charlie	897	-	94	74610856	54003
chr9	74556853	74756853	harbor1	chr9	74622467	74622519	DNA/hAT-Charlie	455	-	26	74622493	65640
chr9	74556853	74756853	harbor1	chr9	74622825	74622933	DNA/hAT-Charlie	455	-	54	74622879	66026
chr9	74556853	74756853	harbor1	chr9	74623612	74623763	DNA/hAT-Charlie	541	-	76	74623688	66835
chr9	74556853	74756853	harbor1	chr9	74637761	74637951	DNA/hAT-Charlie	810	-	95	74637856	81003
chr9	73721646	73921646	harbor1	chr9	73743100	73743318	DNA/hAT-Charlie	697	-	109	73743209	21563
chr9	27511039	27711039	harbor1	chr9	27602070	27602231	DNA/hAT-Charlie	648	-	80	27602150	91111
chr9	120415038	120615038	harbor1	chr9	120427177	120427373	DNA/hAT-Charlie	1309	-	98	120427275	12237
chr9	120415038	120615038	harbor1	chr9	120446040	120446258	DNA/hAT-Charlie	1175	-	109	120446149	31111
chr9	13314251	13514251	harbor1	chr9	13349541	13349667	DNA/hAT-Charlie	425	-	63	13349604	35353
chr9	13314251	13514251	harbor1	chr9	13379258	13379443	DNA/hAT-Charlie	1080	-	92	13379350	65099
chr9	13314251	13514251	harbor1	chr9	13393621	13393841	DNA/hAT-Charlie	675	-	110	13393731	79480
chr9	134842360	135042360	harbor1	chr9	134856225	134856402	DNA/hAT-Charlie	405	-	88	134856313	13953
chr9	106781833	106981833	harbor1	chr9	106817822	106818345	DNA/hAT-Charlie	3609	-	262	106818084	36251
chr9	108540714	108740714	harbor1	chr9	108568733	108568878	DNA/hAT-Charlie	526	-	72	108568805	28091
chr9	108540714	108740714	harbor1	chr9	108577617	108577767	DNA/hAT-Charlie	425	-	75	108577692	36978
chr9	108540714	108740714	harbor1	chr9	108592234	108592443	DNA/hAT-Charlie	1124	-	104	108592338	51624
chr9	108540714	108740714	harbor1	chr9	108606760	108606941	DNA/hAT-Charlie	1067	-	90	108606850	66136
chr9	118902974	119102974	harbor1	chr9	118952195	118952267	DNA/hAT-Charlie	444	-	36	118952231	49257
chr9	118902974	119102974	harbor1	chr9	118979551	118979774	DNA/hAT-Charlie	968	-	112	118979663	76689
chr9	113858073	114058073	harbor1	chr9	113881332	113881657	DNA/hAT-Charlie	1444	-	162	113881494	23421
chr9	113858073	114058073	harbor1	chr9	113884516	113884700	DNA/hAT-Charlie	613	-	92	113884608	26535
chr9	113858073	114058073	harbor1	chr9	113911981	113912112	DNA/hAT-Charlie	771	-	66	113912047	53974
chr9	113858073	114058073	harbor1	chr9	113913956	113914054	DNA/hAT-Charlie	422	-	49	113914005	55932
chr9	113858073	114058073	harbor1	chr9	113916136	113916372	DNA/hAT-Charlie	885	-	118	113916254	58181
chr9	113858073	114058073	harbor1	chr9	113943460	113943677	DNA/hAT-Charlie	816	-	108	113943568	85495
chr9	113858073	114058073	harbor1	chr9	113944605	113944924	DNA/hAT-Charlie	1533	-	160	113944765	86692
chr9	113858073	114058073	harbor1	chr9	113956266	113956410	DNA/hAT-Charlie	551	-	72	113956338	98265
chr9	96506681	96706681	harbor1	chr9	96523836	96523942	DNA/hAT-Charlie	480	-	53	96523889	17208
chr9	96506681	96706681	harbor1	chr9	96524240	96524343	DNA/hAT-Charlie	480	-	52	96524292	17611
chr9	96506681	96706681	harbor1	chr9	96526711	96526877	DNA/hAT-Charlie	886	-	83	96526794	20113
chr9	96506681	96706681	harbor1	chr9	96549189	96549406	DNA/hAT-Charlie	982	-	108	96549297	42616
chr9	96506681	96706681	harbor1	chr9	96558548	96558744	DNA/hAT-Charlie	433	-	98	96558646	51965
chr9	123686554	123886554	harbor1	chr9	123693736	123693804	DNA/hAT-Charlie	424	-	34	123693770	7216
chr9	123686554	123886554	harbor1	chr9	123694134	123694229	DNA/hAT-Charlie	424	-	48	123694182	7628
chr9	123686554	123886554	harbor1	chr9	123778555	123778759	DNA/hAT-Charlie	833	-	102	123778657	92103
chr9	119951073	120151073	harbor1	chr9	119951727	119951923	DNA/hAT-Charlie	556	-	98	119951825	752
chr9	119951073	120151073	harbor1	chr9	119981388	119981507	DNA/hAT-Charlie	393	-	60	119981448	30375
chr9	119951073	120151073	harbor1	chr9	120029620	120029804	DNA/hAT-Charlie	712	-	92	120029712	78639
chr9	94045412	94245412	harbor1	chr9	94064496	94064653	DNA/hAT-Charlie	651	-	78	94064574	19162
chr9	94045412	94245412	harbor1	chr9	94066012	94066213	DNA/hAT-Charlie	522	-	100	94066112	20700
chr9	94045412	94245412	harbor1	chr9	94126018	94126214	DNA/hAT-Charlie	949	-	98	94126116	80704
chr9	20513613	20713613	harbor1	chr9	20547975	20548138	DNA/hAT-Charlie	864	-	82	20548057	34444
chr9	20513613	20713613	harbor1	chr9	20548153	20548249	DNA/hAT-Charlie	494	-	48	20548201	34588
chr9	20513613	20713613	harbor1	chr9	20574032	20574180	DNA/hAT-Charlie	707	-	74	20574106	60493
chr9	20513613	20713613	harbor1	chr9	20529061	20529232	DNA/hAT-Charlie	425	-	86	20529147	15534
chr9	100146880	100346880	harbor1	chr9	100184159	100184270	DNA/hAT-Charlie	416	-	56	100184215	37335
chr9	100146880	100346880	harbor1	chr9	100203784	100204056	DNA/hAT-Charlie	607	-	136	100203920	57040
chr9	100146880	100346880	harbor1	chr9	100210794	100210925	DNA/hAT-Charlie	393	-	66	100210860	63980
chr9	100146880	100346880	harbor1	chr9	100223940	100224170	DNA/hAT-Charlie	1449	-	115	100224055	77175
chr9	100146880	100346880	harbor1	chr9	100227090	100227585	DNA/hAT-Charlie	2743	-	248	100227338	80458
chr9	100146880	100346880	harbor1	chr9	100228334	100228594	DNA/hAT-Charlie	2743	-	130	100228464	81584
chr9	72678200	72878200	harbor1	chr9	72730565	72731029	DNA/hAT-Charlie	3158	-	232	72730797	52597
chr9	72678200	72878200	harbor1	chr9	72774248	72774525	DNA/hAT-Charlie	899	-	138	72774386	96186
chr9	98099239	98299239	harbor1	chr9	98122235	98122400	DNA/hAT-Charlie	399	-	82	98122317	23078
chr9	98099239	98299239	harbor1	chr9	98168066	98168286	DNA/hAT-Charlie	619	-	110	98168176	68937
chr9	98099239	98299239	harbor1	chr9	98173159	98173292	DNA/hAT-Charlie	603	-	66	98173225	73986
chr9	98099239	98299239	harbor1	chr9	98177801	98178021	DNA/hAT-Charlie	752	-	110	98177911	78672
chr9	98099239	98299239	harbor1	chr9	98178327	98178788	DNA/hAT-Charlie	752	-	230	98178557	79318
chr9	35228235	35428235	harbor1	chr9	35311947	35312131	DNA/hAT-Charlie	848	-	92	35312039	83804
chr9	108937191	109137191	harbor1	chr9	108975698	108975853	DNA/hAT-Charlie	568	-	78	108975776	38585
chr9	108937191	109137191	harbor1	chr9	108985172	108985379	DNA/hAT-Charlie	942	-	104	108985276	48085
chr9	108937191	109137191	harbor1	chr9	109016179	109016375	DNA/hAT-Charlie	430	-	98	109016277	79086
chr9	39493110	39693110	harbor1	chr9	39544981	39545174	DNA/hAT-Charlie	687	-	96	39545077	51967
chr9	39493110	39693110	harbor1	chr9	39591826	39591950	DNA/hAT-Charlie	400	-	62	39591888	98778
chr9	108657153	108857153	harbor1	chr9	108662538	108662752	DNA/hAT-Charlie	1165	-	107	108662645	5492
chr9	108657153	108857153	harbor1	chr9	108688170	108688308	DNA/hAT-Charlie	687	-	69	108688239	31086
chr9	108657153	108857153	harbor1	chr9	108694216	108694351	DNA/hAT-Charlie	594	-	68	108694284	37131
chr9	108657153	108857153	harbor1	chr9	108695248	108695430	DNA/hAT-Charlie	498	-	91	108695339	38186
chr9	108657153	108857153	harbor1	chr9	108696326	108696512	DNA/hAT-Charlie	1216	-	93	108696419	39266
chr9	108657153	108857153	harbor1	chr9	108698103	108698276	DNA/hAT-Charlie	749	-	86	108698189	41036
chr9	108657153	108857153	harbor1	chr9	108711527	108711756	DNA/hAT-Charlie	866	-	114	108711641	54488
chr9	108657153	108857153	harbor1	chr9	108712051	108712132	DNA/hAT-Charlie	866	-	40	108712091	54938
chr9	108657153	108857153	harbor1	chr9	108749874	108749991	DNA/hAT-Charlie	1132	-	58	108749932	92779
chr9	108657153	108857153	harbor1	chr9	108750296	108750613	DNA/hAT-Charlie	1132	-	158	108750454	93301
chr9	108657153	108857153	harbor1	chr9	108751466	108751672	DNA/hAT-Charlie	1120	-	103	108751569	94416
chr9	110364429	110564429	harbor1	chr9	110416798	110417012	DNA/hAT-Charlie	1279	-	107	110416905	52476
chr9	97940368	98140368	harbor1	chr9	98003343	98003562	DNA/hAT-Charlie	814	-	110	98003453	63085
chr9	97940368	98140368	harbor1	chr9	98009389	98009718	DNA/hAT-Charlie	1836	-	164	98009553	69185
chr9	11326079	11526079	harbor1	chr9	11408080	11408498	DNA/hAT-Charlie	668	-	209	11408289	82210
chr9	11326079	11526079	harbor1	chr9	11423618	11423853	DNA/hAT-Charlie	1379	-	118	11423736	97657
chr9	9228833	9428833	harbor1	chr9	9248788	9248990	DNA/hAT-Charlie	561	-	101	9248889	20056
chr9	9228833	9428833	harbor1	chr9	9249418	9249511	DNA/hAT-Charlie	561	-	46	9249464	20631
chr9	9228833	9428833	harbor1	chr9	9262208	9262526	DNA/hAT-Charlie	1160	-	159	9262367	33534
chr9	9228833	9428833	harbor1	chr9	9274806	9275043	DNA/hAT-Charlie	409	-	118	9274924	46091
chr9	9228833	9428833	harbor1	chr9	9327805	9328029	DNA/hAT-Charlie	1673	-	112	9327917	99084
chr9	82655761	82855761	harbor1	chr9	82666261	82666410	DNA/hAT-Charlie	524	-	74	82666335	10574
chr9	82655761	82855761	harbor1	chr9	82707208	82707409	DNA/hAT-Charlie	929	-	100	82707308	51547
chr9	82655761	82855761	harbor1	chr9	82735781	82736077	DNA/hAT-Charlie	1197	-	148	82735929	80168
chr9	82655761	82855761	harbor1	chr9	82739262	82739421	DNA/hAT-Charlie	907	-	80	82739342	83581
chr9	82655761	82855761	harbor1	chr9	82739705	82739840	DNA/hAT-Charlie	547	-	68	82739773	84012
chr9	82655761	82855761	harbor1	chr9	82750877	82751020	DNA/hAT-Charlie	510	-	72	82750949	95188
chr9	79993953	80193953	harbor1	chr9	80070567	80070739	DNA/hAT-Charlie	555	-	86	80070653	76700
chr9	79993953	80193953	harbor1	chr9	80078546	80078738	DNA/hAT-Charlie	678	-	96	80078642	84689
chr9	79993953	80193953	harbor1	chr9	80083748	80084091	DNA/hAT-Charlie	1600	-	172	80083920	89967
chr9	124251548	124451548	harbor1	chr9	124299267	124299428	DNA/hAT-Charlie	420	-	80	124299347	47799
chr9	97934917	98134917	harbor1	chr9	98003343	98003562	DNA/hAT-Charlie	814	-	110	98003453	68536
chr9	97934917	98134917	harbor1	chr9	98009389	98009718	DNA/hAT-Charlie	1836	-	164	98009553	74636
chr9	14161184	14361184	harbor1	chr9	14164755	14164931	DNA/hAT-Charlie	677	-	88	14164843	3659
chr9	14161184	14361184	harbor1	chr9	14213403	14213586	DNA/hAT-Charlie	774	-	92	14213495	52311
chr9	14161184	14361184	harbor1	chr9	14222967	14223183	DNA/hAT-Charlie	1437	-	108	14223075	61891
chr9	109147291	109347291	harbor1	chr9	109147611	109147965	DNA/hAT-Charlie	1014	-	177	109147788	497
chr9	109147291	109347291	harbor1	chr9	109148267	109148495	DNA/hAT-Charlie	1014	-	114	109148381	1090
chr9	109147291	109347291	harbor1	chr9	109196877	109197140	DNA/hAT-Charlie	533	-	132	109197009	49718
chr9	109147291	109347291	harbor1	chr9	109197453	109197618	DNA/hAT-Charlie	533	-	82	109197535	50244
chr9	109147291	109347291	harbor1	chr9	109208549	109208834	DNA/hAT-Charlie	645	-	142	109208691	61400
chr9	109147291	109347291	harbor1	chr9	109215975	109216029	DNA/hAT-Charlie	555	-	27	109216002	68711
chr9	109147291	109347291	harbor1	chr9	109242215	109242331	DNA/hAT-Charlie	618	-	58	109242273	94982
chr9	109147291	109347291	harbor1	chr9	109215655	109215842	DNA/hAT-Charlie	555	-	94	109215749	68458
chr9	6658963	6858963	harbor1	chr9	6747232	6747265	DNA/hAT-Charlie	565	-	16	6747248	88285
chr9	6658963	6858963	harbor1	chr9	6747563	6747725	DNA/hAT-Charlie	565	-	81	6747644	88681
chr9	447793	647793	harbor1	chr9	455153	455212	DNA/hAT-Charlie	800	-	30	455183	7390
chr9	447793	647793	harbor1	chr9	455529	455633	DNA/hAT-Charlie	800	-	52	455581	7788
chr9	447793	647793	harbor1	chr9	466155	466231	DNA/hAT-Charlie	1329	-	38	466193	18400
chr9	447793	647793	harbor1	chr9	466524	466767	DNA/hAT-Charlie	1329	-	122	466646	18853
chr9	447793	647793	harbor1	chr9	483294	483434	DNA/hAT-Charlie	477	-	70	483364	35571
chr9	77307523	77507523	harbor1	chr9	77324890	77325347	DNA/hAT-Charlie	1360	-	228	77325118	17595
chr9	77307523	77507523	harbor1	chr9	77380676	77381013	DNA/hAT-Charlie	2030	-	168	77380844	73321
chr9	119394101	119594101	harbor1	chr9	119401010	119401124	DNA/hAT-Charlie	522	-	57	119401067	6966
chr9	119394101	119594101	harbor1	chr9	119401147	119401426	DNA/hAT-Charlie	1034	-	140	119401287	7186
chr9	119394101	119594101	harbor1	chr9	119403588	119403791	DNA/hAT-Charlie	918	-	102	119403690	9589
chr9	119394101	119594101	harbor1	chr9	119417970	119418188	DNA/hAT-Charlie	951	-	109	119418079	23978
chr9	119394101	119594101	harbor1	chr9	119434822	119434987	DNA/hAT-Charlie	700	-	82	119434904	40803
chr9	119394101	119594101	harbor1	chr9	119435643	119435809	DNA/hAT-Charlie	782	-	83	119435726	41625
chr9	119394101	119594101	harbor1	chr9	119450246	119450421	DNA/hAT-Charlie	497	-	88	119450334	56233
chr9	112822031	113022031	harbor1	chr9	112849293	112849495	DNA/hAT-Charlie	970	-	101	112849394	27363
chr9	112822031	113022031	harbor1	chr9	112877029	112877147	DNA/hAT-Charlie	595	-	59	112877088	55057
chr9	112822031	113022031	harbor1	chr9	112888481	112888663	DNA/hAT-Charlie	943	-	91	112888572	66541
chr9	112822031	113022031	harbor1	chr9	112896258	112896494	DNA/hAT-Charlie	1078	-	118	112896376	74345
chr9	112822031	113022031	harbor1	chr9	112896581	112896616	DNA/hAT-Charlie	2180	-	18	112896599	74568
chr9	112822031	113022031	harbor1	chr9	112896913	112897356	DNA/hAT-Charlie	2180	-	222	112897135	75104
chr9	13144466	13344466	harbor1	chr9	13174441	13174646	DNA/hAT-Charlie	595	-	102	13174543	30077
chr9	13144466	13344466	harbor1	chr9	13242770	13242996	DNA/hAT-Charlie	885	-	113	13242883	98417
chr9	24632905	24832905	harbor1	chr9	24672825	24672913	DNA/hAT-Charlie	429	-	44	24672869	39964
chr9	24632905	24832905	harbor1	chr9	24681119	24681305	DNA/hAT-Charlie	812	-	93	24681212	48307
chr9	131695081	131895081	harbor1	chr9	131719139	131719484	DNA/hAT-Charlie	1041	-	172	131719311	24230
chr9	131695081	131895081	harbor1	chr9	131734682	131734897	DNA/hAT-Charlie	576	-	108	131734790	39709
chr9	131695081	131895081	harbor1	chr9	131735674	131735983	DNA/hAT-Charlie	559	-	154	131735828	40747
chr9	31249949	31449949	harbor1	chr9	31325255	31325608	DNA/hAT-Charlie	2118	-	176	31325431	75482
chr9	115862386	116062386	harbor1	chr9	115927682	115927857	DNA/hAT-Charlie	401	-	88	115927770	65384
chr9	41143431	41343431	harbor1	chr9	41180449	41180604	DNA/hAT-Charlie	745	-	78	41180527	37096
chr9	41143431	41343431	harbor1	chr9	41193208	41193327	DNA/hAT-Charlie	608	-	60	41193268	49837
chr9	80880506	81080506	harbor1	chr9	80909007	80909193	DNA/hAT-Charlie	802	-	93	80909100	28594
chr9	80880506	81080506	harbor1	chr9	80925024	80925307	DNA/hAT-Charlie	638	-	142	80925166	44660
chr9	112575803	112775803	harbor1	chr9	112615092	112615139	DNA/hAT-Charlie	650	-	24	112615116	39313
chr9	112575803	112775803	harbor1	chr9	112615437	112615651	DNA/hAT-Charlie	650	-	107	112615544	39741
chr9	112575803	112775803	harbor1	chr9	112671905	112672033	DNA/hAT-Charlie	474	-	64	112671969	96166
chr9	112575803	112775803	harbor1	chr9	112674466	112674669	DNA/hAT-Charlie	937	-	102	112674568	98765
chr9	62866671	63066671	harbor1	chr9	62869709	62869949	DNA/hAT-Charlie	432	-	120	62869829	3158
chr9	83339820	83539820	harbor1	chr9	83345781	83345849	DNA/hAT-Charlie	745	-	34	83345815	5995
chr9	83339820	83539820	harbor1	chr9	83346713	83346893	DNA/hAT-Charlie	1049	-	90	83346803	6983
chr9	83339820	83539820	harbor1	chr9	83359481	83359790	DNA/hAT-Charlie	1175	-	154	83359635	19815
chr9	83339820	83539820	harbor1	chr9	83381791	83381963	DNA/hAT-Charlie	987	-	86	83381877	42057
chr9	83339820	83539820	harbor1	chr9	83392814	83393032	DNA/hAT-Charlie	576	-	109	83392923	53103
chr9	83339820	83539820	harbor1	chr9	83393381	83393840	DNA/hAT-Charlie	3210	-	230	83393611	53791
chr9	83339820	83539820	harbor1	chr9	83423496	83423585	DNA/hAT-Charlie	705	-	44	83423540	83720
chr9	83339820	83539820	harbor1	chr9	83423892	83423999	DNA/hAT-Charlie	705	-	54	83423946	84126
chr9	83339820	83539820	harbor1	chr9	83424020	83424160	DNA/hAT-Charlie	669	-	70	83424090	84270
chr9	83339820	83539820	harbor1	chr9	83433441	83433952	DNA/hAT-Charlie	3810	-	256	83433697	93877
chr9	83339820	83539820	harbor1	chr9	83345359	83345475	DNA/hAT-Charlie	745	-	58	83345417	5597
chr9	32301727	32501727	harbor1	chr9	32322075	32322228	DNA/hAT-Charlie	849	-	76	32322151	20424
chr9	32301727	32501727	harbor1	chr9	32335615	32335824	DNA/hAT-Charlie	997	-	104	32335719	33992
chr9	32301727	32501727	harbor1	chr9	32375518	32375670	DNA/hAT-Charlie	738	-	76	32375594	73867
chr9	32301727	32501727	harbor1	chr9	32375990	32376059	DNA/hAT-Charlie	738	-	34	32376024	74297
chr9	32301727	32501727	harbor1	chr9	32385375	32385851	DNA/hAT-Charlie	2056	-	238	32385613	83886
chr9	32301727	32501727	harbor1	chr9	32387647	32387854	DNA/hAT-Charlie	982	-	104	32387751	86024
chr9	95355105	95555105	harbor1	chr9	95366968	95367109	DNA/hAT-Charlie	659	-	70	95367038	11933
chr9	95355105	95555105	harbor1	chr9	95417594	95417929	DNA/hAT-Charlie	1341	-	168	95417762	62657
chr9	95355105	95555105	harbor1	chr9	95435677	95435833	DNA/hAT-Charlie	601	-	78	95435755	80650
chr9	95355105	95555105	harbor1	chr9	95437625	95437841	DNA/hAT-Charlie	1105	-	108	95437733	82628
chr9	95355105	95555105	harbor1	chr9	95442392	95442522	DNA/hAT-Charlie	392	-	65	95442457	87352
chr9	95355105	95555105	harbor1	chr9	95442577	95442748	DNA/hAT-Charlie	541	-	86	95442663	87558
chr9	95355105	95555105	harbor1	chr9	95447865	95448055	DNA/hAT-Charlie	632	-	95	95447960	92855
chr9	474364	674364	harbor1	chr9	483294	483434	DNA/hAT-Charlie	477	-	70	483364	9000
chr9	474364	674364	harbor1	chr9	553904	554048	DNA/hAT-Charlie	717	-	72	553976	79612
chr9	10057263	10257263	harbor1	chr9	10083658	10083960	DNA/hAT-Charlie	1436	-	151	10083809	26546
chr9	10057263	10257263	harbor1	chr9	10084629	10084833	DNA/hAT-Charlie	555	-	102	10084731	27468
chr9	10057263	10257263	harbor1	chr9	10113725	10113867	DNA/hAT-Charlie	684	-	71	10113796	56533
chr9	88019469	88219469	harbor1	chr9	88092035	88092355	DNA/hAT-Charlie	1237	-	160	88092195	72726
chr9	75813361	76013361	harbor1	chr9	75829642	75829956	DNA/hAT-Charlie	1310	-	157	75829799	16438
chr9	75813361	76013361	harbor1	chr9	75830847	75832908	DNA/hAT-Charlie	5300	-	1030	75831877	18516
chr9	75813361	76013361	harbor1	chr9	75833215	75833639	DNA/hAT-Charlie	2568	-	212	75833427	20066
chr9	75813361	76013361	harbor1	chr9	75854838	75855023	DNA/hAT-Charlie	714	-	92	75854930	41569
chr9	75813361	76013361	harbor1	chr9	75855053	75855188	DNA/hAT-Charlie	519	-	68	75855121	41760
chr9	75813361	76013361	harbor1	chr9	75865064	75865476	DNA/hAT-Charlie	981	-	206	75865270	51909
chr9	75813361	76013361	harbor1	chr9	75912431	75912593	DNA/hAT-Charlie	770	-	81	75912512	99151
chr9	76830450	77030450	harbor1	chr9	76851075	76851265	DNA/hAT-Charlie	540	-	95	76851170	20720
chr9	76830450	77030450	harbor1	chr9	76851562	76851728	DNA/hAT-Charlie	540	-	83	76851645	21195
chr9	76830450	77030450	harbor1	chr9	76883084	76883245	DNA/hAT-Charlie	421	-	80	76883164	52714
chr9	76830450	77030450	harbor1	chr9	76907413	76907592	DNA/hAT-Charlie	690	-	90	76907503	77053
chr9	76830450	77030450	harbor1	chr9	76909475	76909575	DNA/hAT-Charlie	431	-	50	76909525	79075
chr9	76830450	77030450	harbor1	chr9	76926364	76926699	DNA/hAT-Charlie	1212	-	168	76926532	96082
chr9	42054965	42254965	harbor1	chr9	42097201	42097661	DNA/hAT-Charlie	521	-	230	42097431	42466
chr9	115314293	115514293	harbor1	chr9	115363172	115363664	DNA/hAT-Charlie	3127	-	246	115363418	49125
chr9	115314293	115514293	harbor1	chr9	115378770	115378890	DNA/hAT-Charlie	567	-	60	115378830	64537
chr9	26135317	26335317	harbor1	chr9	26152063	26152191	DNA/hAT-Charlie	606	-	64	26152127	16810
chr9	26135317	26335317	harbor1	chr9	26176141	26176356	DNA/hAT-Charlie	846	-	108	26176249	40932
chr9	26046237	26246237	harbor1	chr9	26126815	26127096	DNA/hAT-Charlie	458	-	140	26126955	80718
chr9	130206402	130406402	harbor1	chr9	130223373	130223845	DNA/hAT-Charlie	1674	-	236	130223609	17207
chr9	130206402	130406402	harbor1	chr9	130224798	130224909	DNA/hAT-Charlie	569	-	56	130224854	18452
chr9	130206402	130406402	harbor1	chr9	130225194	130225466	DNA/hAT-Charlie	569	-	136	130225330	18928
chr9	130206402	130406402	harbor1	chr9	130237939	130238129	DNA/hAT-Charlie	723	-	95	130238034	31632
chr9	130206402	130406402	harbor1	chr9	130302344	130302411	DNA/hAT-Charlie	420	-	34	130302378	95976
chr9	130206402	130406402	harbor1	chr9	130301861	130302049	DNA/hAT-Charlie	420	-	94	130301955	95553
chr9	133507300	133707300	harbor1	chr9	133520831	133520999	DNA/hAT-Charlie	523	-	84	133520915	13615
chr9	133507300	133707300	harbor1	chr9	133604660	133604805	DNA/hAT-Charlie	503	-	72	133604732	97432
chr9	27197333	27397333	harbor1	chr9	27207084	27207264	DNA/hAT-Charlie	888	-	90	27207174	9841
chr9	27197333	27397333	harbor1	chr9	27249139	27249329	DNA/hAT-Charlie	862	-	95	27249234	51901
chr9	27197333	27397333	harbor1	chr9	27249339	27249543	DNA/hAT-Charlie	730	-	102	27249441	52108
chr9	131229263	131429263	harbor1	chr9	131308753	131309046	DNA/hAT-Charlie	1111	-	146	131308899	79636
chr9	131229263	131429263	harbor1	chr9	131324048	131324170	DNA/hAT-Charlie	432	-	61	131324109	94846
chr9	94328521	94528521	harbor1	chr9	94354861	94355173	DNA/hAT-Charlie	834	-	156	94355017	26496
chr9	94328521	94528521	harbor1	chr9	94355463	94355564	DNA/hAT-Charlie	834	-	50	94355513	26992
chr9	94328521	94528521	harbor1	chr9	94365590	94365856	DNA/hAT-Charlie	808	-	133	94365723	37202
chr9	94328521	94528521	harbor1	chr9	94396552	94396761	DNA/hAT-Charlie	910	-	104	94396656	68135
chr9	94328521	94528521	harbor1	chr9	94415544	94415855	DNA/hAT-Charlie	1885	-	156	94415700	87179
chr9	83911096	84111096	harbor1	chr9	83926180	83926247	DNA/hAT-Charlie	560	-	34	83926214	15118
chr9	83911096	84111096	harbor1	chr9	83926378	83926391	DNA/hAT-Charlie	560	-	6	83926384	15288
chr9	83911096	84111096	harbor1	chr9	83926689	83926766	DNA/hAT-Charlie	560	-	38	83926727	15631
chr9	83911096	84111096	harbor1	chr9	83940623	83940778	DNA/hAT-Charlie	512	-	78	83940701	29605
chr9	83911096	84111096	harbor1	chr9	84004994	84005175	DNA/hAT-Charlie	829	-	90	84005084	93988
chr9	72928890	73128890	harbor1	chr9	72954422	72954581	DNA/hAT-Charlie	567	-	80	72954502	25612
chr9	72928890	73128890	harbor1	chr9	72986527	72986700	DNA/hAT-Charlie	778	-	86	72986613	57723
chr9	108094146	108294146	harbor1	chr9	108151884	108152086	DNA/hAT-Charlie	955	-	101	108151985	57839
chr9	69667227	69867227	harbor1	chr9	69678336	69678679	DNA/hAT-Charlie	800	-	172	69678508	11281
chr9	69667227	69867227	harbor1	chr9	69740772	69741067	DNA/hAT-Charlie	1147	-	148	69740920	73693
chr9	69667227	69867227	harbor1	chr9	69747616	69747850	DNA/hAT-Charlie	445	-	117	69747733	80506
chr9	69667227	69867227	harbor1	chr9	69756854	69757050	DNA/hAT-Charlie	827	-	98	69756952	89725
chr9	111742767	111942767	harbor1	chr9	111779276	111779384	DNA/hAT-Charlie	489	-	54	111779330	36563
chr9	9084854	9284854	harbor1	chr9	9089216	9089368	DNA/hAT-Charlie	457	-	76	9089292	4438
chr9	9084854	9284854	harbor1	chr9	9104099	9104429	DNA/hAT-Charlie	1210	-	165	9104264	19410
chr9	5824117	6024117	harbor1	chr9	5827257	5827463	DNA/hAT-Charlie	1190	-	103	5827360	3243
chr9	5824117	6024117	harbor1	chr9	5843132	5843437	DNA/hAT-Charlie	689	-	152	5843284	19167
chr9	5824117	6024117	harbor1	chr9	5853700	5853878	DNA/hAT-Charlie	637	-	89	5853789	29672
chr9	5824117	6024117	harbor1	chr9	5876123	5876293	DNA/hAT-Charlie	701	-	85	5876208	52091
chr9	5824117	6024117	harbor1	chr9	5878693	5878895	DNA/hAT-Charlie	534	-	101	5878794	54677
chr9	5824117	6024117	harbor1	chr9	5895606	5895783	DNA/hAT-Charlie	398	-	88	5895694	71577
chr9	5824117	6024117	harbor1	chr9	5909867	5910250	DNA/hAT-Charlie	1082	-	192	5910059	85942
chr9	432916	632916	harbor1	chr9	455153	455212	DNA/hAT-Charlie	800	-	30	455183	22267
chr9	432916	632916	harbor1	chr9	455529	455633	DNA/hAT-Charlie	800	-	52	455581	22665
chr9	432916	632916	harbor1	chr9	466155	466231	DNA/hAT-Charlie	1329	-	38	466193	33277
chr9	432916	632916	harbor1	chr9	466524	466767	DNA/hAT-Charlie	1329	-	122	466646	33730
chr9	432916	632916	harbor1	chr9	483294	483434	DNA/hAT-Charlie	477	-	70	483364	50448
chr9	12780629	12980629	harbor1	chr9	12861906	12862099	DNA/hAT-Charlie	959	-	96	12862002	81373
chr9	74478044	74678044	harbor1	chr9	74514292	74514480	DNA/hAT-Charlie	765	-	94	74514386	36342
chr9	37301107	37501107	harbor1	chr9	37343781	37344028	DNA/hAT-Charlie	1195	-	124	37343905	42798
chr9	60722568	60922568	harbor1	chr9	60767893	60768014	DNA/hAT-Charlie	441	-	60	60767953	45385
chr9	60722568	60922568	harbor1	chr9	60771986	60772116	DNA/hAT-Charlie	509	-	65	60772051	49483
chr9	91546426	91746426	harbor1	chr9	91600387	91600567	DNA/hAT-Charlie	493	-	90	91600477	54051
chr9	91546426	91746426	harbor1	chr9	91570082	91570434	DNA/hAT-Charlie	2073	-	176	91570258	23832
chr9	9991754	10191754	harbor1	chr9	10083658	10083960	DNA/hAT-Charlie	1436	-	151	10083809	92055
chr9	9991754	10191754	harbor1	chr9	10084629	10084833	DNA/hAT-Charlie	555	-	102	10084731	92977
chr9	115377893	115577893	harbor1	chr9	115378770	115378890	DNA/hAT-Charlie	567	-	60	115378830	937
chr9	113481905	113681905	harbor1	chr9	113508011	113508281	DNA/hAT-Charlie	662	-	135	113508146	26241
chr9	113481905	113681905	harbor1	chr9	113513960	113514187	DNA/hAT-Charlie	542	-	114	113514074	32169
chr9	113481905	113681905	harbor1	chr9	113558711	113558932	DNA/hAT-Charlie	705	-	110	113558821	76916
chr9	113481905	113681905	harbor1	chr9	113575877	113575978	DNA/hAT-Charlie	589	-	50	113575927	94022
chr9	113481905	113681905	harbor1	chr9	113576228	113576291	DNA/hAT-Charlie	589	-	32	113576260	94355
chr9	105298239	105498239	harbor1	chr9	105371262	105371445	DNA/hAT-Charlie	1000	-	92	105371354	73115
chr9	105298239	105498239	harbor1	chr9	105371742	105371791	DNA/hAT-Charlie	1000	-	24	105371766	73527
chr9	116109417	116309417	harbor1	chr9	116172367	116172558	DNA/hAT-Charlie	805	-	96	116172463	63046
chr9	116109417	116309417	harbor1	chr9	116188544	116188742	DNA/hAT-Charlie	1099	-	99	116188643	79226
chr9	20992485	21192485	harbor1	chr9	21000416	21000600	DNA/hAT-Charlie	409	-	92	21000508	8023
chr9	20992485	21192485	harbor1	chr9	21010556	21011072	DNA/hAT-Charlie	3465	-	258	21010814	18329
chr9	20992485	21192485	harbor1	chr9	21012254	21012435	DNA/hAT-Charlie	1000	-	90	21012344	19859
chr9	20992485	21192485	harbor1	chr9	21017213	21017632	DNA/hAT-Charlie	1006	-	210	21017423	24938
chr9	20992485	21192485	harbor1	chr9	21055970	21056163	DNA/hAT-Charlie	961	-	96	21056066	63581
chr9	20992485	21192485	harbor1	chr9	21081066	21081362	DNA/hAT-Charlie	1145	-	148	21081214	88729
chr9	81144151	81344151	harbor1	chr9	81170006	81170252	DNA/hAT-Charlie	752	-	123	81170129	25978
chr9	81144151	81344151	harbor1	chr9	81212666	81212870	DNA/hAT-Charlie	887	-	102	81212768	68617
chr9	17836564	18036564	harbor1	chr9	17920707	17920925	DNA/hAT-Charlie	1242	-	109	17920816	84252
chr9	17836564	18036564	harbor1	chr9	17929251	17929437	DNA/hAT-Charlie	665	-	93	17929344	92780
chr9	63056402	63256402	harbor1	chr9	63137342	63137613	DNA/hAT-Charlie	436	-	136	63137478	81076
chr9	63056402	63256402	harbor1	chr9	63139123	63139291	DNA/hAT-Charlie	699	-	84	63139207	82805
chr9	63056402	63256402	harbor1	chr9	63143865	63144063	DNA/hAT-Charlie	598	-	99	63143964	87562
chr9	103556930	103756930	harbor1	chr9	103630867	103631044	DNA/hAT-Charlie	467	-	88	103630955	74025
chr9	64654454	64854454	harbor1	chr9	64710090	64710263	DNA/hAT-Charlie	843	-	86	64710176	55722
chr9	112735163	112935163	harbor1	chr9	112742970	112743116	DNA/hAT-Charlie	667	-	73	112743043	7880
chr9	112735163	112935163	harbor1	chr9	112768494	112768637	DNA/hAT-Charlie	413	-	72	112768566	33403
chr9	112735163	112935163	harbor1	chr9	112768945	112768976	DNA/hAT-Charlie	413	-	16	112768961	33798
chr9	112735163	112935163	harbor1	chr9	112806045	112806268	DNA/hAT-Charlie	1094	-	112	112806157	70994
chr9	14323030	14523030	harbor1	chr9	14336853	14337146	DNA/hAT-Charlie	1430	-	146	14336999	13969
chr9	14323030	14523030	harbor1	chr9	14340353	14340527	DNA/hAT-Charlie	737	-	87	14340440	17410
chr9	14323030	14523030	harbor1	chr9	14387814	14387947	DNA/hAT-Charlie	583	-	66	14387880	64850
chr9	14323030	14523030	harbor1	chr9	14389810	14389987	DNA/hAT-Charlie	514	-	88	14389898	66868
chr9	79234517	79434517	harbor1	chr9	79270614	79270777	DNA/hAT-Charlie	717	-	82	79270696	36179
chr9	79234517	79434517	harbor1	chr9	79273419	79273575	DNA/hAT-Charlie	511	-	78	79273497	38980
chr9	3155861	3355861	harbor1	chr9	3158534	3158832	DNA/hAT-Charlie	1785	-	149	3158683	2822
chr9	3155861	3355861	harbor1	chr9	3159272	3159437	DNA/hAT-Charlie	1785	-	82	3159354	3493
chr9	3155861	3355861	harbor1	chr9	3188704	3188852	DNA/hAT-Charlie	679	-	74	3188778	32917
chr9	3155861	3355861	harbor1	chr9	3234184	3234356	DNA/hAT-Charlie	778	-	86	3234270	78409
chr9	3155861	3355861	harbor1	chr9	3234667	3234761	DNA/hAT-Charlie	778	-	47	3234714	78853
chr9	105467404	105667404	harbor1	chr9	105531184	105531290	DNA/hAT-Charlie	438	-	53	105531237	63833
chr9	105467404	105667404	harbor1	chr9	105560254	105560407	DNA/hAT-Charlie	754	-	76	105560330	92926
chr9	83107406	83307406	harbor1	chr9	83108502	83108676	DNA/hAT-Charlie	457	-	87	83108589	1183
chr9	83107406	83307406	harbor1	chr9	83125757	83125951	DNA/hAT-Charlie	542	-	97	83125854	18448
chr9	83107406	83307406	harbor1	chr9	83126947	83127411	DNA/hAT-Charlie	1787	-	232	83127179	19773
chr9	83107406	83307406	harbor1	chr9	83147213	83147426	DNA/hAT-Charlie	817	-	106	83147319	39913
chr9	83107406	83307406	harbor1	chr9	83148176	83148258	DNA/hAT-Charlie	817	-	41	83148217	40811
chr9	83107406	83307406	harbor1	chr9	83179020	83179293	DNA/hAT-Charlie	403	-	136	83179156	71750
chr9	83107406	83307406	harbor1	chr9	83183899	83184055	DNA/hAT-Charlie	814	-	78	83183977	76571
chr9	75434788	75634788	harbor1	chr9	75435046	75435225	DNA/hAT-Charlie	960	-	90	75435136	348
chr9	75434788	75634788	harbor1	chr9	75511970	75512150	DNA/hAT-Charlie	437	-	90	75512060	77272
chr9	41463643	41663643	harbor1	chr9	41500512	41500734	DNA/hAT-Charlie	1062	-	111	41500623	36980
chr9	98084017	98284017	harbor1	chr9	98122235	98122400	DNA/hAT-Charlie	399	-	82	98122317	38300
chr9	98084017	98284017	harbor1	chr9	98168066	98168286	DNA/hAT-Charlie	619	-	110	98168176	84159
chr9	98084017	98284017	harbor1	chr9	98173159	98173292	DNA/hAT-Charlie	603	-	66	98173225	89208
chr9	98084017	98284017	harbor1	chr9	98177801	98178021	DNA/hAT-Charlie	752	-	110	98177911	93894
chr9	98084017	98284017	harbor1	chr9	98178327	98178788	DNA/hAT-Charlie	752	-	230	98178557	94540
chr9	22095800	22295800	harbor1	chr9	22155535	22155688	DNA/hAT-Charlie	432	-	76	22155611	59811
chr9	5555290	5755290	harbor1	chr9	5561133	5561317	DNA/hAT-Charlie	639	-	92	5561225	5935
chr9	5555290	5755290	harbor1	chr9	5590276	5590566	DNA/hAT-Charlie	873	-	145	5590421	35131
chr9	5555290	5755290	harbor1	chr9	5592744	5592863	DNA/hAT-Charlie	567	-	60	5592804	37514
chr9	5555290	5755290	harbor1	chr9	5643558	5643724	DNA/hAT-Charlie	392	-	83	5643641	88351
chr9	32450299	32650299	harbor1	chr9	32470291	32470583	DNA/hAT-Charlie	1299	-	146	32470437	20138
chr9	32450299	32650299	harbor1	chr9	32535399	32535530	DNA/hAT-Charlie	672	-	66	32535465	85166
chr9	60723286	60923286	harbor1	chr9	60767893	60768014	DNA/hAT-Charlie	441	-	60	60767953	44667
chr9	60723286	60923286	harbor1	chr9	60771986	60772116	DNA/hAT-Charlie	509	-	65	60772051	48765
chr9	74070575	74270575	harbor1	chr9	74098851	74098892	DNA/hAT-Charlie	541	-	20	74098871	28296
chr9	74070575	74270575	harbor1	chr9	74098955	74099087	DNA/hAT-Charlie	392	-	66	74099021	28446
chr9	74070575	74270575	harbor1	chr9	74123449	74123612	DNA/hAT-Charlie	728	-	82	74123531	52956
chr9	74070575	74270575	harbor1	chr9	74161131	74161246	DNA/hAT-Charlie	552	-	58	74161189	90614
chr9	78184584	78384584	harbor1	chr9	78194399	78194612	DNA/hAT-Charlie	1092	-	106	78194505	9921
chr9	78184584	78384584	harbor1	chr9	78208420	78208610	DNA/hAT-Charlie	575	-	95	78208515	23931
chr9	78184584	78384584	harbor1	chr9	78210535	78210766	DNA/hAT-Charlie	1315	-	116	78210651	26067
chr9	68215703	68415703	harbor1	chr9	68226944	68227192	DNA/hAT-Charlie	588	-	124	68227068	11365
chr9	68215703	68415703	harbor1	chr9	68255222	68255434	DNA/hAT-Charlie	1232	-	106	68255328	39625
chr9	117301944	117501944	harbor1	chr9	117321724	117321943	DNA/hAT-Charlie	1194	-	110	117321834	19890
chr9	117301944	117501944	harbor1	chr9	117326053	117326256	DNA/hAT-Charlie	662	-	102	117326155	24211
chr9	117301944	117501944	harbor1	chr9	117326941	117327281	DNA/hAT-Charlie	2148	-	170	117327111	25167
chr9	117301944	117501944	harbor1	chr9	117334007	117334157	DNA/hAT-Charlie	664	-	75	117334082	32138
chr9	117301944	117501944	harbor1	chr9	117382951	117383277	DNA/hAT-Charlie	1788	-	163	117383114	81170
chr9	117301944	117501944	harbor1	chr9	117401601	117401928	DNA/hAT-Charlie	1449	-	164	117401765	99821
chr9	75741255	75941255	harbor1	chr9	75755358	75755651	DNA/hAT-Charlie	728	-	146	75755504	14249
chr9	75741255	75941255	harbor1	chr9	75829642	75829956	DNA/hAT-Charlie	1310	-	157	75829799	88544
chr9	75741255	75941255	harbor1	chr9	75830847	75832908	DNA/hAT-Charlie	5300	-	1030	75831877	90622
chr9	75741255	75941255	harbor1	chr9	75833215	75833639	DNA/hAT-Charlie	2568	-	212	75833427	92172
chr9	37541398	37741398	harbor1	chr9	37638920	37639456	DNA/hAT-Charlie	2429	-	268	37639188	97790
chr9	109821310	110021310	harbor1	chr9	109833644	109833833	DNA/hAT-Charlie	486	-	94	109833738	12428
chr9	109821310	110021310	harbor1	chr9	109878411	109878745	DNA/hAT-Charlie	789	-	167	109878578	57268
chr9	109821310	110021310	harbor1	chr9	109879037	109879140	DNA/hAT-Charlie	789	-	52	109879089	57779
chr9	109821310	110021310	harbor1	chr9	109888776	109888998	DNA/hAT-Charlie	1109	-	111	109888887	67577
chr9	83038004	83238004	harbor1	chr9	83043804	83043897	DNA/hAT-Charlie	395	-	46	83043850	5846
chr9	83038004	83238004	harbor1	chr9	83108502	83108676	DNA/hAT-Charlie	457	-	87	83108589	70585
chr9	83038004	83238004	harbor1	chr9	83125757	83125951	DNA/hAT-Charlie	542	-	97	83125854	87850
chr9	83038004	83238004	harbor1	chr9	83126947	83127411	DNA/hAT-Charlie	1787	-	232	83127179	89175
chr9	97217247	97417247	harbor1	chr9	97262714	97262883	DNA/hAT-Charlie	668	-	84	97262798	45551
chr9	97217247	97417247	harbor1	chr9	97289148	97289365	DNA/hAT-Charlie	819	-	108	97289256	72009
chr9	8915027	9115027	harbor1	chr9	8920485	8920710	DNA/hAT-Charlie	1654	-	112	8920597	5570
chr9	8915027	9115027	harbor1	chr9	8945967	8946320	DNA/hAT-Charlie	699	-	176	8946143	31116
chr9	5897981	6097981	harbor1	chr9	5909867	5910250	DNA/hAT-Charlie	1082	-	192	5910059	12078
chr9	5897981	6097981	harbor1	chr9	5939719	5939930	DNA/hAT-Charlie	646	-	106	5939825	41844
chr9	5897981	6097981	harbor1	chr9	5947195	5947345	DNA/hAT-Charlie	691	-	75	5947270	49289
chr9	5897981	6097981	harbor1	chr9	5952348	5952620	DNA/hAT-Charlie	521	-	136	5952484	54503
chr9	77720294	77920294	harbor1	chr9	77726866	77727048	DNA/hAT-Charlie	932	-	91	77726957	6663
chr9	77720294	77920294	harbor1	chr9	77740856	77741176	DNA/hAT-Charlie	1440	-	160	77741016	20722
chr9	77720294	77920294	harbor1	chr9	77749663	77749883	DNA/hAT-Charlie	607	-	110	77749773	29479
chr9	77720294	77920294	harbor1	chr9	77767198	77767415	DNA/hAT-Charlie	958	-	108	77767306	47012
chr9	77720294	77920294	harbor1	chr9	77772101	77772336	DNA/hAT-Charlie	517	-	118	77772219	51925
chr9	77720294	77920294	harbor1	chr9	77772805	77773044	DNA/hAT-Charlie	1451	-	120	77772925	52631
chr9	77720294	77920294	harbor1	chr9	77807815	77808005	DNA/hAT-Charlie	940	-	95	77807910	87616
chr9	69483863	69683863	harbor1	chr9	69497376	69497553	DNA/hAT-Charlie	412	-	88	69497464	13601
chr9	69483863	69683863	harbor1	chr9	69519202	69519323	DNA/hAT-Charlie	590	-	60	69519262	35399
chr9	69483863	69683863	harbor1	chr9	69530932	69531230	DNA/hAT-Charlie	1119	-	149	69531081	47218
chr9	69483863	69683863	harbor1	chr9	69535201	69535329	DNA/hAT-Charlie	509	-	64	69535265	51402
chr9	95957197	96157197	harbor1	chr9	95992489	95992647	DNA/hAT-Charlie	501	-	79	95992568	35371
chr9	95957197	96157197	harbor1	chr9	96037072	96037198	DNA/hAT-Charlie	501	-	63	96037135	79938
chr9	17948640	18148640	harbor1	chr9	18015730	18015890	DNA/hAT-Charlie	482	-	80	18015810	67170
chr9	17948640	18148640	harbor1	chr9	18016963	18017141	DNA/hAT-Charlie	442	-	89	18017052	68412
chr9	17948640	18148640	harbor1	chr9	18023193	18023365	DNA/hAT-Charlie	1078	-	86	18023279	74639
chr9	28274486	28474486	harbor1	chr9	28322987	28323094	DNA/hAT-Charlie	491	-	54	28323041	48555
chr9	28274486	28474486	harbor1	chr9	28335341	28335595	DNA/hAT-Charlie	436	-	127	28335468	60982
chr9	28274486	28474486	harbor1	chr9	28339531	28339743	DNA/hAT-Charlie	460	-	106	28339637	65151
chr9	79489472	79689472	harbor1	chr9	79492479	79492792	DNA/hAT-Charlie	1675	-	156	79492635	3163
chr9	79489472	79689472	harbor1	chr9	79527969	79528130	DNA/hAT-Charlie	682	-	80	79528049	38577
chr9	79489472	79689472	harbor1	chr9	79536505	79536749	DNA/hAT-Charlie	481	-	122	79536627	47155
chr9	79489472	79689472	harbor1	chr9	79536861	79537022	DNA/hAT-Charlie	892	-	80	79536941	47469
chr9	79489472	79689472	harbor1	chr9	79543914	79544092	DNA/hAT-Charlie	930	-	89	79544003	54531
chr9	79489472	79689472	harbor1	chr9	79569818	79569946	DNA/hAT-Charlie	463	-	64	79569882	80410
chr9	20309483	20509483	harbor1	chr9	20323197	20323292	DNA/hAT-Charlie	445	-	48	20323245	13762
chr9	20309483	20509483	harbor1	chr9	20368965	20369163	DNA/hAT-Charlie	527	-	99	20369064	59581
chr9	20309483	20509483	harbor1	chr9	20387094	20387325	DNA/hAT-Charlie	1047	-	116	20387210	77727
chr9	80077245	80277245	harbor1	chr9	80078546	80078738	DNA/hAT-Charlie	678	-	96	80078642	1397
chr9	80077245	80277245	harbor1	chr9	80083748	80084091	DNA/hAT-Charlie	1600	-	172	80083920	6675
chr9	80077245	80277245	harbor1	chr9	80097836	80097991	DNA/hAT-Charlie	500	-	78	80097914	20669
chr9	80077245	80277245	harbor1	chr9	80173242	80173529	DNA/hAT-Charlie	683	-	144	80173386	96141
chr9	28470617	28670617	harbor1	chr9	28478359	28478528	DNA/hAT-Charlie	433	-	84	28478443	7826
chr9	28470617	28670617	harbor1	chr9	28564726	28564914	DNA/hAT-Charlie	797	-	94	28564820	94203
chr9	69810002	70010002	harbor1	chr9	69836286	69836464	DNA/hAT-Charlie	916	-	89	69836375	26373
chr9	69810002	70010002	harbor1	chr9	69884916	69885080	DNA/hAT-Charlie	760	-	82	69884998	74996
chr9	98110314	98310314	harbor1	chr9	98122235	98122400	DNA/hAT-Charlie	399	-	82	98122317	12003
chr9	98110314	98310314	harbor1	chr9	98168066	98168286	DNA/hAT-Charlie	619	-	110	98168176	57862
chr9	98110314	98310314	harbor1	chr9	98173159	98173292	DNA/hAT-Charlie	603	-	66	98173225	62911
chr9	98110314	98310314	harbor1	chr9	98177801	98178021	DNA/hAT-Charlie	752	-	110	98177911	67597
chr9	98110314	98310314	harbor1	chr9	98178327	98178788	DNA/hAT-Charlie	752	-	230	98178557	68243
chr9	98110314	98310314	harbor1	chr9	98204194	98204465	DNA/hAT-Charlie	680	-	136	98204330	94016
chr9	98110314	98310314	harbor1	chr9	98204905	98205038	DNA/hAT-Charlie	563	-	66	98204971	94657
chr9	98110314	98310314	harbor1	chr9	98208291	98208617	DNA/hAT-Charlie	2364	-	163	98208454	98140
chr9	126953431	127153431	harbor1	chr9	126961813	126962113	DNA/hAT-Charlie	877	-	150	126961963	8532
chr9	126953431	127153431	harbor1	chr9	126968705	126968768	DNA/hAT-Charlie	953	-	32	126968737	15306
chr9	126953431	127153431	harbor1	chr9	126969066	126969238	DNA/hAT-Charlie	953	-	86	126969152	15721
chr9	126953431	127153431	harbor1	chr9	126969434	126969492	DNA/hAT-Charlie	464	-	29	126969463	16032
chr9	126953431	127153431	harbor1	chr9	126976974	126977196	DNA/hAT-Charlie	532	-	111	126977085	23654
chr9	126953431	127153431	harbor1	chr9	126980368	126980530	DNA/hAT-Charlie	392	-	81	126980449	27018
chr9	126953431	127153431	harbor1	chr9	127036777	127036924	DNA/hAT-Charlie	458	-	74	127036851	83420
chr9	40293644	40493644	harbor1	chr9	40336163	40336295	DNA/hAT-Charlie	1009	-	66	40336229	42585
chr9	40293644	40493644	harbor1	chr9	40336336	40336427	DNA/hAT-Charlie	1009	-	46	40336382	42738
chr9	86651377	86851377	harbor1	chr9	86682551	86682879	DNA/hAT-Charlie	1408	-	164	86682715	31338
chr9	86651377	86851377	harbor1	chr9	86725117	86725326	DNA/hAT-Charlie	1095	-	104	86725221	73844
chr9	86651377	86851377	harbor1	chr9	86740824	86741178	DNA/hAT-Charlie	1037	-	177	86741001	89624
chr9	63405485	63605485	harbor1	chr9	63469160	63469342	DNA/hAT-Charlie	488	-	91	63469251	63766
chr9	112259390	112459390	harbor1	chr9	112285533	112285849	DNA/hAT-Charlie	1070	-	158	112285691	26301
chr9	112259390	112459390	harbor1	chr9	112326296	112326485	DNA/hAT-Charlie	854	-	94	112326390	67000
chr9	112259390	112459390	harbor1	chr9	112348020	112348154	DNA/hAT-Charlie	469	-	67	112348087	88697
chr9	41186114	41386114	harbor1	chr9	41193208	41193327	DNA/hAT-Charlie	608	-	60	41193268	7154
chr9	41186114	41386114	harbor1	chr9	41280111	41280338	DNA/hAT-Charlie	840	-	114	41280225	94111
chr9	41186114	41386114	harbor1	chr9	41282301	41282524	DNA/hAT-Charlie	484	-	112	41282413	96299
chr9	80110499	80310499	harbor1	chr9	80173242	80173529	DNA/hAT-Charlie	683	-	144	80173386	62887
chr9	80110499	80310499	harbor1	chr9	80182798	80182896	DNA/hAT-Charlie	490	-	49	80182847	72348
chr9	2332356	2532356	harbor1	chr9	2337416	2337581	DNA/hAT-Charlie	819	-	82	2337498	5142
chr9	2332356	2532356	harbor1	chr9	2375788	2376118	DNA/hAT-Charlie	2086	-	165	2375953	43597
chr9	2332356	2532356	harbor1	chr9	2377293	2377509	DNA/hAT-Charlie	998	-	108	2377401	45045
chr9	2332356	2532356	harbor1	chr9	2380728	2380879	DNA/hAT-Charlie	483	-	76	2380804	48448
chr9	2332356	2532356	harbor1	chr9	2414922	2415263	DNA/hAT-Charlie	2224	-	170	2415092	82736
chr9	2332356	2532356	harbor1	chr9	2430099	2430304	DNA/hAT-Charlie	511	-	102	2430201	97845
chr9	131100110	131300110	harbor1	chr9	131169506	131169641	DNA/hAT-Charlie	741	-	68	131169574	69464
chr9	131100110	131300110	harbor1	chr9	131169653	131169862	DNA/hAT-Charlie	682	-	104	131169757	69647
chr9	131100110	131300110	harbor1	chr9	131196707	131196847	DNA/hAT-Charlie	559	-	70	131196777	96667
chr9	103553360	103753360	harbor1	chr9	103630867	103631044	DNA/hAT-Charlie	467	-	88	103630955	77595
chr9	1497790	1697790	harbor1	chr9	1518752	1519184	DNA/hAT-Charlie	1516	-	216	1518968	21178
chr9	1497790	1697790	harbor1	chr9	1530321	1530553	DNA/hAT-Charlie	549	-	116	1530437	32647
chr9	3683116	3883116	harbor1	chr9	3706953	3707091	DNA/hAT-Charlie	414	-	69	3707022	23906
chr9	3683116	3883116	harbor1	chr9	3741610	3741759	DNA/hAT-Charlie	539	-	74	3741684	58568
chr9	3683116	3883116	harbor1	chr9	3774792	3774967	DNA/hAT-Charlie	764	-	88	3774880	91764
chr9	89317707	89517707	harbor1	chr9	89333273	89333385	DNA/hAT-Charlie	410	-	56	89333329	15622
chr9	89317707	89517707	harbor1	chr9	89333504	89333702	DNA/hAT-Charlie	393	-	99	89333603	15896
chr9	89317707	89517707	harbor1	chr9	89353097	89353263	DNA/hAT-Charlie	672	-	83	89353180	35473
chr9	18116525	18316525	harbor1	chr9	18136155	18136338	DNA/hAT-Charlie	420	-	92	18136247	19722
chr9	28829925	29029925	harbor1	chr9	28915307	28915486	DNA/hAT-Charlie	829	-	90	28915397	85472
chr9	135147248	135347248	harbor1	chr9	135171261	135171296	DNA/hAT-Charlie	854	-	18	135171279	24031
chr9	135147248	135347248	harbor1	chr9	135171588	135171772	DNA/hAT-Charlie	854	-	92	135171680	24432
chr9	118526340	118726340	harbor1	chr9	118597106	118597280	DNA/hAT-Charlie	665	-	87	118597193	70853
chr9	123365555	123565555	harbor1	chr9	123414452	123414742	DNA/hAT-Charlie	577	-	145	123414597	49042
chr9	29831035	30031035	harbor1	chr9	29873193	29873327	DNA/hAT-Charlie	417	-	67	29873260	42225
chr9	14132865	14332865	harbor1	chr9	14164755	14164931	DNA/hAT-Charlie	677	-	88	14164843	31978
chr9	14132865	14332865	harbor1	chr9	14213403	14213586	DNA/hAT-Charlie	774	-	92	14213495	80630
chr9	14132865	14332865	harbor1	chr9	14222967	14223183	DNA/hAT-Charlie	1437	-	108	14223075	90210
chr9	13788704	13988704	harbor1	chr9	13801415	13801629	DNA/hAT-Charlie	865	-	107	13801522	12818
chr9	13788704	13988704	harbor1	chr9	13843455	13843837	DNA/hAT-Charlie	2046	-	191	13843646	54942
chr9	13788704	13988704	harbor1	chr9	13843835	13843955	DNA/hAT-Charlie	685	-	60	13843895	55191
chr9	13788704	13988704	harbor1	chr9	13865804	13866069	DNA/hAT-Charlie	521	-	132	13865936	77232
chr9	88967479	89167479	harbor1	chr9	89023930	89024029	DNA/hAT-Charlie	429	-	50	89023980	56501
chr9	88967479	89167479	harbor1	chr9	89055983	89056235	DNA/hAT-Charlie	407	-	126	89056109	88630
chr9	88967479	89167479	harbor1	chr9	89056516	89056595	DNA/hAT-Charlie	407	-	40	89056556	89077
chr9	88967479	89167479	harbor1	chr9	89065923	89066077	DNA/hAT-Charlie	617	-	77	89066000	98521
chr9	88967479	89167479	harbor1	chr9	89066097	89066275	DNA/hAT-Charlie	870	-	89	89066186	98707
chr9	126284153	126484153	harbor1	chr9	126341614	126341850	DNA/hAT-Charlie	1028	-	118	126341732	57579
chr9	126284153	126484153	harbor1	chr9	126360300	126360486	DNA/hAT-Charlie	596	-	93	126360393	76240
chr9	10143963	10343963	harbor1	chr9	10178676	10178881	DNA/hAT-Charlie	996	-	102	10178778	34815
chr9	120136111	120336111	harbor1	chr9	120229727	120229955	DNA/hAT-Charlie	874	-	114	120229841	93730
chr9	120136111	120336111	harbor1	chr9	120230085	120230303	DNA/hAT-Charlie	1524	-	109	120230194	94083
chr9	120136111	120336111	harbor1	chr9	120230481	120230738	DNA/hAT-Charlie	1524	-	128	120230609	94498
chr9	80827037	81027037	harbor1	chr9	80831777	80831975	DNA/hAT-Charlie	619	-	99	80831876	4839
chr9	80827037	81027037	harbor1	chr9	80861885	80862192	DNA/hAT-Charlie	763	-	154	80862039	35002
chr9	80827037	81027037	harbor1	chr9	80909007	80909193	DNA/hAT-Charlie	802	-	93	80909100	82063
chr9	80827037	81027037	harbor1	chr9	80925024	80925307	DNA/hAT-Charlie	638	-	142	80925166	98129
chr9	18426250	18626250	harbor1	chr9	18430110	18430232	DNA/hAT-Charlie	572	-	61	18430171	3921
chr9	18426250	18626250	harbor1	chr9	18448458	18449622	DNA/hAT-Charlie	1956	-	582	18449040	22790
chr9	18426250	18626250	harbor1	chr9	18450695	18451266	DNA/hAT-Charlie	1706	-	286	18450981	24731
chr9	18426250	18626250	harbor1	chr9	18458197	18458455	DNA/hAT-Charlie	820	-	129	18458326	32076
chr9	18426250	18626250	harbor1	chr9	18484814	18485015	DNA/hAT-Charlie	421	-	100	18484914	58664
chr9	18426250	18626250	harbor1	chr9	18488991	18489165	DNA/hAT-Charlie	438	-	87	18489078	62828
chr9	18426250	18626250	harbor1	chr9	18494706	18494829	DNA/hAT-Charlie	417	-	62	18494768	68518
chr9	9100607	9300607	harbor1	chr9	9104099	9104429	DNA/hAT-Charlie	1210	-	165	9104264	3657
chr9	82872493	83072493	harbor1	chr9	82880539	82880723	DNA/hAT-Charlie	409	-	92	82880631	8138
chr9	82872493	83072493	harbor1	chr9	82905491	82905801	DNA/hAT-Charlie	1177	-	155	82905646	33153
chr9	82872493	83072493	harbor1	chr9	82947586	82947727	DNA/hAT-Charlie	486	-	70	82947656	75163
chr9	71431147	71631147	harbor1	chr9	71447452	71447602	DNA/hAT-Charlie	500	-	75	71447527	16380
chr9	71431147	71631147	harbor1	chr9	71457462	71457748	DNA/hAT-Charlie	970	-	143	71457605	26458
chr9	71431147	71631147	harbor1	chr9	71484777	71484950	DNA/hAT-Charlie	912	-	86	71484863	53716
chr9	71431147	71631147	harbor1	chr9	71490907	71491117	DNA/hAT-Charlie	875	-	105	71491012	59865
chr9	115955565	116155565	harbor1	chr9	116019624	116019780	DNA/hAT-Charlie	682	-	78	116019702	64137
chr9	81299449	81499449	harbor1	chr9	81309247	81309457	DNA/hAT-Charlie	838	-	105	81309352	9903
chr9	81299449	81499449	harbor1	chr9	81379754	81379927	DNA/hAT-Charlie	483	-	86	81379840	80391
chr10	46426123	46626123	harbor1	chr10	46437437	46437662	DNA/hAT-Charlie	543	-	112	46437549	11426
chr10	46426123	46626123	harbor1	chr10	46449392	46449627	DNA/hAT-Charlie	1013	-	118	46449510	23387
chr10	46426123	46626123	harbor1	chr10	46458895	46459035	DNA/hAT-Charlie	552	-	70	46458965	32842
chr10	46426123	46626123	harbor1	chr10	46463771	46463953	DNA/hAT-Charlie	484	-	91	46463862	37739
chr10	114102790	114302790	harbor1	chr10	114132499	114132712	DNA/hAT-Charlie	914	-	106	114132605	29815
chr10	114102790	114302790	harbor1	chr10	114155316	114155393	DNA/hAT-Charlie	1099	-	38	114155354	52564
chr10	114102790	114302790	harbor1	chr10	114155706	114155929	DNA/hAT-Charlie	1099	-	112	114155818	53028
chr10	91668655	91868655	harbor1	chr10	91670171	91670304	DNA/hAT-Charlie	617	-	66	91670237	1582
chr10	91668655	91868655	harbor1	chr10	91673253	91673336	DNA/hAT-Charlie	517	-	42	91673295	4640
chr10	91668655	91868655	harbor1	chr10	91673846	91673910	DNA/hAT-Charlie	1208	-	32	91673878	5223
chr10	91668655	91868655	harbor1	chr10	91674227	91674450	DNA/hAT-Charlie	1208	-	112	91674339	5684
chr10	91668655	91868655	harbor1	chr10	91688179	91688248	DNA/hAT-Charlie	589	-	34	91688213	19558
chr10	91668655	91868655	harbor1	chr10	91688539	91688663	DNA/hAT-Charlie	589	-	62	91688601	19946
chr10	91668655	91868655	harbor1	chr10	91710804	91710978	DNA/hAT-Charlie	1011	-	87	91710891	42236
chr10	91668655	91868655	harbor1	chr10	91711284	91711336	DNA/hAT-Charlie	1011	-	26	91711310	42655
chr10	91668655	91868655	harbor1	chr10	91756912	91757241	DNA/hAT-Charlie	2177	-	164	91757076	88421
chr10	100027665	100227665	harbor1	chr10	100061412	100061597	DNA/hAT-Charlie	789	-	92	100061504	33839
chr10	100027665	100227665	harbor1	chr10	100078519	100078725	DNA/hAT-Charlie	1127	-	103	100078622	50957
chr10	31157405	31357405	harbor1	chr10	31173331	31173495	DNA/hAT-Charlie	541	-	82	31173413	16008
chr10	31157405	31357405	harbor1	chr10	31192301	31192471	DNA/hAT-Charlie	525	-	85	31192386	34981
chr10	55810898	56010898	harbor1	chr10	55908544	55908902	DNA/hAT-Charlie	439	-	179	55908723	97825
chr10	98403249	98603249	harbor1	chr10	98431752	98432078	DNA/hAT-Charlie	1312	-	163	98431915	28666
chr10	98403249	98603249	harbor1	chr10	98471230	98471401	DNA/hAT-Charlie	1061	-	86	98471316	68067
chr10	100039454	100239454	harbor1	chr10	100061412	100061597	DNA/hAT-Charlie	789	-	92	100061504	22050
chr10	100039454	100239454	harbor1	chr10	100078519	100078725	DNA/hAT-Charlie	1127	-	103	100078622	39168
chr10	74003451	74203451	harbor1	chr10	74030099	74030393	DNA/hAT-Charlie	901	-	147	74030246	26795
chr10	74003451	74203451	harbor1	chr10	74037881	74037985	DNA/hAT-Charlie	805	-	52	74037933	34482
chr10	74003451	74203451	harbor1	chr10	74038297	74038413	DNA/hAT-Charlie	805	-	58	74038355	34904
chr10	74003451	74203451	harbor1	chr10	74086188	74086339	DNA/hAT-Charlie	427	-	76	74086264	82813
chr10	74003451	74203451	harbor1	chr10	74096049	74096184	DNA/hAT-Charlie	457	-	68	74096117	92666
chr10	74003451	74203451	harbor1	chr10	74096393	74096549	DNA/hAT-Charlie	639	-	78	74096471	93020
chr10	81140489	81340489	harbor1	chr10	81152809	81152928	DNA/hAT-Charlie	551	-	60	81152869	12380
chr10	81140489	81340489	harbor1	chr10	81164454	81164660	DNA/hAT-Charlie	695	-	103	81164557	24068
chr10	129934313	130134313	harbor1	chr10	130019983	130020241	DNA/hAT-Charlie	1016	-	129	130020112	85799
chr10	129934313	130134313	harbor1	chr10	130020250	130020448	DNA/hAT-Charlie	787	-	99	130020349	86036
chr10	124995949	125195949	harbor1	chr10	125074014	125074157	DNA/hAT-Charlie	660	-	72	125074086	78137
chr10	33601166	33801166	harbor1	chr10	33620267	33620603	DNA/hAT-Charlie	838	-	168	33620435	19269
chr10	33601166	33801166	harbor1	chr10	33629373	33629603	DNA/hAT-Charlie	1596	-	115	33629488	28322
chr10	33601166	33801166	harbor1	chr10	33658072	33658168	DNA/hAT-Charlie	527	-	48	33658120	56954
chr10	33601166	33801166	harbor1	chr10	33697044	33697153	DNA/hAT-Charlie	547	-	54	33697098	95932
chr10	33601166	33801166	harbor1	chr10	33698741	33698865	DNA/hAT-Charlie	1084	-	62	33698803	97637
chr10	33601166	33801166	harbor1	chr10	33699200	33699295	DNA/hAT-Charlie	1084	-	48	33699248	98082
chr10	113654605	113854605	harbor1	chr10	113659215	113659413	DNA/hAT-Charlie	712	-	99	113659314	4709
chr10	113654605	113854605	harbor1	chr10	113665036	113665314	DNA/hAT-Charlie	505	-	139	113665175	10570
chr10	113654605	113854605	harbor1	chr10	113668943	113669138	DNA/hAT-Charlie	953	-	98	113669041	14436
chr10	113654605	113854605	harbor1	chr10	113696779	113696925	DNA/hAT-Charlie	734	-	73	113696852	42247
chr10	113654605	113854605	harbor1	chr10	113699437	113700611	DNA/hAT-Charlie	1728	-	587	113700024	45419
chr10	113654605	113854605	harbor1	chr10	113704281	113704644	DNA/hAT-Charlie	960	-	182	113704463	49858
chr10	86265950	86465950	harbor1	chr10	86281683	86281846	DNA/hAT-Charlie	456	-	82	86281765	15815
chr10	94017149	94217149	harbor1	chr10	94025874	94026096	DNA/hAT-Charlie	1031	-	111	94025985	8836
chr10	94017149	94217149	harbor1	chr10	94032675	94032905	DNA/hAT-Charlie	645	-	115	94032790	15641
chr10	94017149	94217149	harbor1	chr10	94033403	94033633	DNA/hAT-Charlie	1045	-	115	94033518	16369
chr10	94017149	94217149	harbor1	chr10	94073628	94073718	DNA/hAT-Charlie	441	-	45	94073673	56524
chr10	94017149	94217149	harbor1	chr10	94074136	94074184	DNA/hAT-Charlie	441	-	24	94074160	57011
chr10	94017149	94217149	harbor1	chr10	94074479	94074556	DNA/hAT-Charlie	441	-	38	94074517	57368
chr10	94017149	94217149	harbor1	chr10	94110855	94111048	DNA/hAT-Charlie	858	-	96	94110951	93802
chr10	88994270	89194270	harbor1	chr10	89008532	89008635	DNA/hAT-Charlie	573	-	52	89008584	14314
chr10	88994270	89194270	harbor1	chr10	89063635	89063880	DNA/hAT-Charlie	475	-	122	89063757	69487
chr10	88994270	89194270	harbor1	chr10	89088863	89089032	DNA/hAT-Charlie	586	-	84	89088947	94677
chr10	62186273	62386273	harbor1	chr10	62189122	62189338	DNA/hAT-Charlie	1043	-	108	62189230	2957
chr10	62186273	62386273	harbor1	chr10	62205946	62206208	DNA/hAT-Charlie	960	-	131	62206077	19804
chr10	62186273	62386273	harbor1	chr10	62258132	62258301	DNA/hAT-Charlie	700	-	84	62258216	71943
chr10	17443424	17643424	harbor1	chr10	17517930	17518160	DNA/hAT-Charlie	592	-	115	17518045	74621
chr10	17443424	17643424	harbor1	chr10	17525840	17526021	DNA/hAT-Charlie	459	-	90	17525930	82506
chr10	51994090	52194090	harbor1	chr10	52029615	52029760	DNA/hAT-Charlie	490	-	72	52029687	35597
chr10	51994090	52194090	harbor1	chr10	52044590	52044779	DNA/hAT-Charlie	480	-	94	52044684	50594
chr10	51994090	52194090	harbor1	chr10	52052024	52052197	DNA/hAT-Charlie	949	-	86	52052110	58020
chr10	113443729	113643729	harbor1	chr10	113450683	113450859	DNA/hAT-Charlie	693	-	88	113450771	7042
chr10	113443729	113643729	harbor1	chr10	113465262	113465306	DNA/hAT-Charlie	441	-	22	113465284	21555
chr10	113443729	113643729	harbor1	chr10	113465614	113465809	DNA/hAT-Charlie	441	-	98	113465712	21983
chr10	113443729	113643729	harbor1	chr10	113485181	113485371	DNA/hAT-Charlie	1016	-	95	113485276	41547
chr10	61325394	61525394	harbor1	chr10	61336567	61336698	DNA/hAT-Charlie	592	-	66	61336633	11239
chr10	61325394	61525394	harbor1	chr10	61337591	61337928	DNA/hAT-Charlie	1033	-	168	61337759	12365
chr10	70151641	70351641	harbor1	chr10	70176544	70177142	DNA/hAT-Charlie	1092	-	299	70176843	25202
chr10	70151641	70351641	harbor1	chr10	70191701	70191915	DNA/hAT-Charlie	1101	-	107	70191808	40167
chr10	70151641	70351641	harbor1	chr10	70203708	70203925	DNA/hAT-Charlie	456	-	108	70203816	52175
chr10	117399857	117599857	harbor1	chr10	117440002	117440208	DNA/hAT-Charlie	1228	-	103	117440105	40248
chr10	117399857	117599857	harbor1	chr10	117498691	117498988	DNA/hAT-Charlie	1017	-	148	117498839	98982
chr10	59736820	59936820	harbor1	chr10	59755326	59755548	DNA/hAT-Charlie	698	-	111	59755437	18617
chr10	59736820	59936820	harbor1	chr10	59823659	59823848	DNA/hAT-Charlie	507	-	94	59823753	86933
chr10	59736820	59936820	harbor1	chr10	59823901	59824573	DNA/hAT-Charlie	694	-	336	59824237	87417
chr10	26420839	26620839	harbor1	chr10	26448334	26448492	DNA/hAT-Charlie	906	-	79	26448413	27574
chr10	26420839	26620839	harbor1	chr10	26467387	26467476	DNA/hAT-Charlie	544	-	44	26467431	46592
chr10	125057009	125257009	harbor1	chr10	125074014	125074157	DNA/hAT-Charlie	660	-	72	125074086	17077
chr10	80545960	80745960	harbor1	chr10	80575334	80575478	DNA/hAT-Charlie	838	-	72	80575406	29446
chr10	80545960	80745960	harbor1	chr10	80604006	80604116	DNA/hAT-Charlie	450	-	55	80604061	58101
chr10	88328642	88528642	harbor1	chr10	88409899	88410115	DNA/hAT-Charlie	1113	-	108	88410007	81365
chr10	75816889	76016889	harbor1	chr10	75867793	75868106	DNA/hAT-Charlie	1666	-	156	75867949	51060
chr10	75816889	76016889	harbor1	chr10	75876860	75877010	DNA/hAT-Charlie	614	-	75	75876935	60046
chr10	16536708	16736708	harbor1	chr10	16548167	16548384	DNA/hAT-Charlie	1021	-	108	16548275	11567
chr10	16536708	16736708	harbor1	chr10	16587910	16588026	DNA/hAT-Charlie	803	-	58	16587968	51260
chr10	16536708	16736708	harbor1	chr10	16588646	16588763	DNA/hAT-Charlie	803	-	58	16588704	51996
chr10	16536708	16736708	harbor1	chr10	16609921	16610278	DNA/hAT-Charlie	1052	-	178	16610099	73391
chr10	16536708	16736708	harbor1	chr10	16629123	16629284	DNA/hAT-Charlie	734	-	80	16629203	92495
chr10	16536708	16736708	harbor1	chr10	16633023	16633207	DNA/hAT-Charlie	802	-	92	16633115	96407
chr10	5814276	6014276	harbor1	chr10	5823124	5823341	DNA/hAT-Charlie	1070	-	108	5823232	8956
chr10	124650391	124850391	harbor1	chr10	124660739	124660934	DNA/hAT-Charlie	685	-	98	124660837	10446
chr10	124650391	124850391	harbor1	chr10	124661063	124661124	DNA/hAT-Charlie	685	-	30	124661093	10702
chr10	124650391	124850391	harbor1	chr10	124727675	124727997	DNA/hAT-Charlie	800	-	161	124727836	77445
chr10	124650391	124850391	harbor1	chr10	124730839	124731049	DNA/hAT-Charlie	1036	-	105	124730944	80553
chr10	124650391	124850391	harbor1	chr10	124738239	124738421	DNA/hAT-Charlie	673	-	91	124738330	87939
chr10	117391959	117591959	harbor1	chr10	117440002	117440208	DNA/hAT-Charlie	1228	-	103	117440105	48146
chr10	14752039	14952039	harbor1	chr10	14835773	14836099	DNA/hAT-Charlie	729	-	163	14835936	83897
chr10	14752039	14952039	harbor1	chr10	14811091	14811272	DNA/hAT-Charlie	578	-	90	14811181	59142
chr10	77340129	77540129	harbor1	chr10	77383569	77383715	DNA/hAT-Charlie	560	-	73	77383642	43513
chr10	77340129	77540129	harbor1	chr10	77383857	77383900	DNA/hAT-Charlie	560	-	22	77383879	43750
chr10	77340129	77540129	harbor1	chr10	77394814	77395064	DNA/hAT-Charlie	1279	-	125	77394939	54810
chr10	77340129	77540129	harbor1	chr10	77395377	77395452	DNA/hAT-Charlie	1279	-	38	77395415	55286
chr10	77340129	77540129	harbor1	chr10	77421436	77421768	DNA/hAT-Charlie	1755	-	166	77421602	81473
chr10	77340129	77540129	harbor1	chr10	77422215	77422399	DNA/hAT-Charlie	794	-	92	77422307	82178
chr10	77340129	77540129	harbor1	chr10	77426855	77427045	DNA/hAT-Charlie	597	-	95	77426950	86821
chr10	77340129	77540129	harbor1	chr10	77429262	77429488	DNA/hAT-Charlie	1057	-	113	77429375	89246
chr10	77340129	77540129	harbor1	chr10	77429503	77429769	DNA/hAT-Charlie	657	-	133	77429636	89507
chr10	77340129	77540129	harbor1	chr10	77434837	77434964	DNA/hAT-Charlie	885	-	64	77434901	94772
chr10	77340129	77540129	harbor1	chr10	77435237	77435614	DNA/hAT-Charlie	885	-	188	77435425	95296
chr10	44101592	44301592	harbor1	chr10	44153644	44153899	DNA/hAT-Charlie	768	-	128	44153772	52180
chr10	44101592	44301592	harbor1	chr10	44155718	44156050	DNA/hAT-Charlie	2246	-	166	44155884	54292
chr10	20632342	20832342	harbor1	chr10	20649635	20649762	DNA/hAT-Charlie	501	-	64	20649699	17357
chr10	20632342	20832342	harbor1	chr10	20650056	20650117	DNA/hAT-Charlie	501	-	30	20650086	17744
chr10	112096015	112296015	harbor1	chr10	112097731	112097905	DNA/hAT-Charlie	549	-	87	112097818	1803
chr10	112096015	112296015	harbor1	chr10	112125612	112125782	DNA/hAT-Charlie	544	-	85	112125697	29682
chr10	112096015	112296015	harbor1	chr10	112130008	112130222	DNA/hAT-Charlie	1143	-	107	112130115	34100
chr10	112096015	112296015	harbor1	chr10	112147308	112147432	DNA/hAT-Charlie	438	-	62	112147370	51355
chr10	111343389	111543389	harbor1	chr10	111369723	111369933	DNA/hAT-Charlie	766	-	105	111369828	26439
chr10	111343389	111543389	harbor1	chr10	111439985	111440177	DNA/hAT-Charlie	644	-	96	111440081	96692
chr10	95689335	95889335	harbor1	chr10	95761291	95761445	DNA/hAT-Charlie	777	-	77	95761368	72033
chr10	91344346	91544346	harbor1	chr10	91376261	91376562	DNA/hAT-Charlie	593	-	150	91376411	32065
chr10	91344346	91544346	harbor1	chr10	91378429	91378882	DNA/hAT-Charlie	703	-	226	91378655	34309
chr10	91344346	91544346	harbor1	chr10	91405807	91406006	DNA/hAT-Charlie	1004	-	100	91405907	61561
chr10	91344346	91544346	harbor1	chr10	91421400	91421619	DNA/hAT-Charlie	1548	-	110	91421510	77164
chr10	27444300	27644300	harbor1	chr10	27472138	27472311	DNA/hAT-Charlie	503	-	86	27472224	27924
chr10	27444300	27644300	harbor1	chr10	27483798	27484007	DNA/hAT-Charlie	1080	-	104	27483902	39602
chr10	27444300	27644300	harbor1	chr10	27502365	27502864	DNA/hAT-Charlie	1746	-	250	27502615	58315
chr10	27444300	27644300	harbor1	chr10	27527647	27528013	DNA/hAT-Charlie	652	-	183	27527830	83530
chr10	27444300	27644300	harbor1	chr10	27531601	27531677	DNA/hAT-Charlie	434	-	38	27531639	87339
chr10	114712314	114912314	harbor1	chr10	114717392	114717590	DNA/hAT-Charlie	1090	-	99	114717491	5177
chr10	16446858	16646858	harbor1	chr10	16451917	16452191	DNA/hAT-Charlie	930	-	137	16452054	5196
chr10	85094795	85294795	harbor1	chr10	85124058	85124271	DNA/hAT-Charlie	857	-	106	85124164	29369
chr10	85094795	85294795	harbor1	chr10	85152836	85153057	DNA/hAT-Charlie	1392	-	110	85152946	58151
chr10	70157152	70357152	harbor1	chr10	70176544	70177142	DNA/hAT-Charlie	1092	-	299	70176843	19691
chr10	70157152	70357152	harbor1	chr10	70191701	70191915	DNA/hAT-Charlie	1101	-	107	70191808	34656
chr10	70157152	70357152	harbor1	chr10	70203708	70203925	DNA/hAT-Charlie	456	-	108	70203816	46664
chr10	62007144	62207144	harbor1	chr10	62031635	62031957	DNA/hAT-Charlie	635	-	161	62031796	24652
chr10	62007144	62207144	harbor1	chr10	62040561	62040876	DNA/hAT-Charlie	1577	-	158	62040719	33575
chr10	536693	736693	harbor1	chr10	546303	547141	DNA/hAT-Charlie	1109	-	419	546722	10029
chr10	536693	736693	harbor1	chr10	549204	549378	DNA/hAT-Charlie	431	-	87	549291	12598
chr10	536693	736693	harbor1	chr10	549971	550006	DNA/hAT-Charlie	455	-	18	549989	13296
chr10	536693	736693	harbor1	chr10	550310	550464	DNA/hAT-Charlie	455	-	77	550387	13694
chr10	536693	736693	harbor1	chr10	581873	582212	DNA/hAT-Charlie	1404	-	170	582043	45350
chr10	105381625	105581625	harbor1	chr10	105463053	105463237	DNA/hAT-Charlie	505	-	92	105463145	81520
chr10	4510517	4710517	harbor1	chr10	4577694	4577913	DNA/hAT-Charlie	863	-	110	4577804	67287
chr10	94046067	94246067	harbor1	chr10	94073628	94073718	DNA/hAT-Charlie	441	-	45	94073673	27606
chr10	94046067	94246067	harbor1	chr10	94074136	94074184	DNA/hAT-Charlie	441	-	24	94074160	28093
chr10	94046067	94246067	harbor1	chr10	94074479	94074556	DNA/hAT-Charlie	441	-	38	94074517	28450
chr10	94046067	94246067	harbor1	chr10	94110855	94111048	DNA/hAT-Charlie	858	-	96	94110951	64884
chr10	94046067	94246067	harbor1	chr10	94122761	94122941	DNA/hAT-Charlie	1169	-	90	94122851	76784
chr10	94046067	94246067	harbor1	chr10	94128816	94128998	DNA/hAT-Charlie	474	-	91	94128907	82840
chr10	43109005	43309005	harbor1	chr10	43156569	43156911	DNA/hAT-Charlie	2069	-	171	43156740	47735
chr10	43109005	43309005	harbor1	chr10	43162700	43162879	DNA/hAT-Charlie	632	-	90	43162790	53785
chr10	43109005	43309005	harbor1	chr10	43175097	43175312	DNA/hAT-Charlie	1002	-	108	43175205	66200
chr10	43109005	43309005	harbor1	chr10	43193718	43193848	DNA/hAT-Charlie	515	-	65	43193783	84778
chr10	43997448	44197448	harbor1	chr10	44024756	44024924	DNA/hAT-Charlie	442	-	84	44024840	27392
chr10	43997448	44197448	harbor1	chr10	44065037	44065219	DNA/hAT-Charlie	702	-	91	44065128	67680
chr10	19595073	19795073	harbor1	chr10	19647053	19647317	DNA/hAT-Charlie	495	-	132	19647185	52112
chr10	73353531	73553531	harbor1	chr10	73407377	73407521	DNA/hAT-Charlie	850	-	72	73407449	53918
chr10	18380276	18580276	harbor1	chr10	18434794	18435022	DNA/hAT-Charlie	1006	-	114	18434908	54632
chr10	18380276	18580276	harbor1	chr10	18448543	18448699	DNA/hAT-Charlie	695	-	78	18448621	68345
chr10	18380276	18580276	harbor1	chr10	18454328	18454574	DNA/hAT-Charlie	794	-	123	18454451	74175
chr10	18380276	18580276	harbor1	chr10	18461497	18461698	DNA/hAT-Charlie	1252	-	100	18461597	81321
chr10	76755875	76955875	harbor1	chr10	76809274	76809416	DNA/hAT-Charlie	764	-	71	76809345	53470
chr10	76755875	76955875	harbor1	chr10	76839674	76839773	DNA/hAT-Charlie	573	-	50	76839724	83849
chr10	133075670	133275670	harbor1	chr10	133170517	133170950	DNA/hAT-Charlie	1313	-	216	133170733	95063
chr10	18818088	19018088	harbor1	chr10	18839467	18839605	DNA/hAT-Charlie	436	-	69	18839536	21448
chr10	18818088	19018088	harbor1	chr10	18840934	18841464	DNA/hAT-Charlie	3750	-	265	18841199	23111
chr10	18818088	19018088	harbor1	chr10	18843735	18843954	DNA/hAT-Charlie	952	-	110	18843845	25757
chr10	18818088	19018088	harbor1	chr10	18853694	18853864	DNA/hAT-Charlie	506	-	85	18853779	35691
chr10	18818088	19018088	harbor1	chr10	18853982	18854113	DNA/hAT-Charlie	506	-	66	18854048	35960
chr10	18818088	19018088	harbor1	chr10	18893612	18893814	DNA/hAT-Charlie	820	-	101	18893713	75625
chr10	54937281	55137281	harbor1	chr10	55007518	55007715	DNA/hAT-Charlie	455	-	98	55007616	70335
chr10	37151615	37351615	harbor1	chr10	37154282	37154421	DNA/hAT-Charlie	542	-	70	37154352	2737
chr10	37151615	37351615	harbor1	chr10	37178370	37178515	DNA/hAT-Charlie	502	-	72	37178442	26827
chr10	37151615	37351615	harbor1	chr10	37190171	37190316	DNA/hAT-Charlie	459	-	72	37190243	38628
chr10	37151615	37351615	harbor1	chr10	37201952	37202072	DNA/hAT-Charlie	470	-	60	37202012	50397
chr10	37151615	37351615	harbor1	chr10	37205758	37205898	DNA/hAT-Charlie	447	-	70	37205828	54213
chr10	37151615	37351615	harbor1	chr10	37246742	37246914	DNA/hAT-Charlie	604	-	86	37246828	95213
chr10	24735189	24935189	harbor1	chr10	24779715	24779876	DNA/hAT-Charlie	507	-	80	24779795	44606
chr10	24735189	24935189	harbor1	chr10	24824053	24824260	DNA/hAT-Charlie	1267	-	104	24824157	88968
chr10	89968694	90168694	harbor1	chr10	89975058	89975320	DNA/hAT-Charlie	613	-	131	89975189	6495
chr10	89968694	90168694	harbor1	chr10	90062508	90062706	DNA/hAT-Charlie	719	-	99	90062607	93913
chr10	93121417	93321417	harbor1	chr10	93130056	93130299	DNA/hAT-Charlie	445	-	122	93130178	8761
chr10	93121417	93321417	harbor1	chr10	93195160	93195304	DNA/hAT-Charlie	438	-	72	93195232	73815
chr10	93121417	93321417	harbor1	chr10	93198499	93198668	DNA/hAT-Charlie	971	-	84	93198583	77166
chr10	5390021	5590021	harbor1	chr10	5479227	5479434	DNA/hAT-Charlie	482	-	104	5479331	89310
chr10	72463387	72663387	harbor1	chr10	72536671	72536913	DNA/hAT-Charlie	1252	-	121	72536792	73405
chr10	72463387	72663387	harbor1	chr10	72542184	72542336	DNA/hAT-Charlie	723	-	76	72542260	78873
chr10	7307930	7507930	harbor1	chr10	7309921	7310135	DNA/hAT-Charlie	890	-	107	7310028	2098
chr10	7307930	7507930	harbor1	chr10	7318239	7318387	DNA/hAT-Charlie	627	-	74	7318313	10383
chr10	7307930	7507930	harbor1	chr10	7325532	7325711	DNA/hAT-Charlie	429	-	90	7325622	17692
chr10	7307930	7507930	harbor1	chr10	7326010	7326444	DNA/hAT-Charlie	980	-	217	7326227	18297
chr10	7307930	7507930	harbor1	chr10	7353560	7353803	DNA/hAT-Charlie	795	-	122	7353682	45752
chr10	7307930	7507930	harbor1	chr10	7354120	7354387	DNA/hAT-Charlie	795	-	134	7354254	46324
chr10	7307930	7507930	harbor1	chr10	7366766	7366961	DNA/hAT-Charlie	907	-	98	7366864	58934
chr10	7307930	7507930	harbor1	chr10	7368025	7368312	DNA/hAT-Charlie	948	-	144	7368169	60239
chr10	7307930	7507930	harbor1	chr10	7377304	7377859	DNA/hAT-Charlie	3707	-	278	7377582	69652
chr10	102700332	102900332	harbor1	chr10	102739606	102739631	DNA/hAT-Charlie	671	-	12	102739618	39286
chr10	102700332	102900332	harbor1	chr10	102739920	102740076	DNA/hAT-Charlie	671	-	78	102739998	39666
chr10	50423010	50623010	harbor1	chr10	50448264	50448450	DNA/hAT-Charlie	612	-	93	50448357	25347
chr10	48543230	48743230	harbor1	chr10	48558707	48558823	DNA/hAT-Charlie	446	-	58	48558765	15535
chr10	48543230	48743230	harbor1	chr10	48559750	48559982	DNA/hAT-Charlie	628	-	116	48559866	16636
chr10	48543230	48743230	harbor1	chr10	48581552	48581643	DNA/hAT-Charlie	669	-	46	48581598	38368
chr10	48543230	48743230	harbor1	chr10	48581745	48582061	DNA/hAT-Charlie	669	-	158	48581903	38673
chr10	48543230	48743230	harbor1	chr10	48603088	48603202	DNA/hAT-Charlie	621	-	57	48603145	59915
chr10	48543230	48743230	harbor1	chr10	48603288	48603584	DNA/hAT-Charlie	1376	-	148	48603436	60206
chr10	48543230	48743230	harbor1	chr10	48607973	48608126	DNA/hAT-Charlie	601	-	76	48608049	64819
chr10	120014118	120214118	harbor1	chr10	120038084	120038252	DNA/hAT-Charlie	792	-	84	120038168	24050
chr10	120014118	120214118	harbor1	chr10	120095375	120095573	DNA/hAT-Charlie	1045	-	99	120095474	81356
chr10	74774083	74974083	harbor1	chr10	74821321	74821485	DNA/hAT-Charlie	456	-	82	74821403	47320
chr10	74774083	74974083	harbor1	chr10	74866540	74866951	DNA/hAT-Charlie	1704	-	206	74866746	92663
chr10	126910105	127110105	harbor1	chr10	126918471	126918603	DNA/hAT-Charlie	531	-	66	126918537	8432
chr10	126910105	127110105	harbor1	chr10	126920638	126920721	DNA/hAT-Charlie	492	-	42	126920680	10575
chr10	126910105	127110105	harbor1	chr10	126923137	126923216	DNA/hAT-Charlie	487	-	40	126923177	13072
chr10	126910105	127110105	harbor1	chr10	126936286	126936615	DNA/hAT-Charlie	1561	-	164	126936450	26345
chr10	126910105	127110105	harbor1	chr10	127007990	127008093	DNA/hAT-Charlie	554	-	52	127008042	97937
chr10	126910105	127110105	harbor1	chr10	127008398	127008472	DNA/hAT-Charlie	554	-	37	127008435	98330
chr10	48615587	48815587	harbor1	chr10	48659439	48659808	DNA/hAT-Charlie	1583	-	184	48659623	44036
chr10	27597691	27797691	harbor1	chr10	27644063	27644344	DNA/hAT-Charlie	995	-	140	27644203	46512
chr10	27597691	27797691	harbor1	chr10	27670383	27670524	DNA/hAT-Charlie	557	-	70	27670453	72762
chr10	27597691	27797691	harbor1	chr10	27682552	27682698	DNA/hAT-Charlie	1504	-	73	27682625	84934
chr10	27597691	27797691	harbor1	chr10	27683012	27683221	DNA/hAT-Charlie	1504	-	104	27683116	85425
chr10	27597691	27797691	harbor1	chr10	27684762	27684944	DNA/hAT-Charlie	1068	-	91	27684853	87162
chr10	114328234	114528234	harbor1	chr10	114348704	114348870	DNA/hAT-Charlie	772	-	83	114348787	20553
chr10	114328234	114528234	harbor1	chr10	114365379	114365484	DNA/hAT-Charlie	432	-	52	114365431	37197
chr10	114328234	114528234	harbor1	chr10	114375370	114375640	DNA/hAT-Charlie	1298	-	135	114375505	47271
chr10	114328234	114528234	harbor1	chr10	114417400	114417561	DNA/hAT-Charlie	684	-	80	114417480	89246
chr10	72521546	72721546	harbor1	chr10	72536671	72536913	DNA/hAT-Charlie	1252	-	121	72536792	15246
chr10	72521546	72721546	harbor1	chr10	72542184	72542336	DNA/hAT-Charlie	723	-	76	72542260	20714
chr10	72521546	72721546	harbor1	chr10	72588664	72588869	DNA/hAT-Charlie	1010	-	102	72588766	67220
chr10	27345177	27545177	harbor1	chr10	27430376	27430562	DNA/hAT-Charlie	1235	-	93	27430469	85292
chr10	112334921	112534921	harbor1	chr10	112338266	112338461	DNA/hAT-Charlie	1045	-	98	112338364	3443
chr10	112334921	112534921	harbor1	chr10	112363104	112363392	DNA/hAT-Charlie	1037	-	144	112363248	28327
chr10	112334921	112534921	harbor1	chr10	112396309	112396532	DNA/hAT-Charlie	997	-	112	112396421	61500
chr10	112334921	112534921	harbor1	chr10	112428462	112428513	DNA/hAT-Charlie	606	-	26	112428488	93567
chr10	112334921	112534921	harbor1	chr10	112428801	112428903	DNA/hAT-Charlie	606	-	51	112428852	93931
chr10	57342966	57542966	harbor1	chr10	57355117	57355311	DNA/hAT-Charlie	1391	-	97	57355214	12248
chr10	57342966	57542966	harbor1	chr10	57411281	57411387	DNA/hAT-Charlie	521	-	53	57411334	68368
chr10	57342966	57542966	harbor1	chr10	57421631	57421821	DNA/hAT-Charlie	952	-	95	57421726	78760
chr10	62567016	62767016	harbor1	chr10	62574790	62574950	DNA/hAT-Charlie	844	-	80	62574870	7854
chr10	62567016	62767016	harbor1	chr10	62594705	62594888	DNA/hAT-Charlie	628	-	92	62594797	27781
chr10	62567016	62767016	harbor1	chr10	62619972	62620155	DNA/hAT-Charlie	568	-	92	62620064	53048
chr10	7695061	7895061	harbor1	chr10	7711717	7711867	DNA/hAT-Charlie	508	-	75	7711792	16731
chr10	7695061	7895061	harbor1	chr10	7724674	7724894	DNA/hAT-Charlie	983	-	110	7724784	29723
chr10	7695061	7895061	harbor1	chr10	7735595	7735643	DNA/hAT-Charlie	2265	-	24	7735619	40558
chr10	7695061	7895061	harbor1	chr10	7735973	7736083	DNA/hAT-Charlie	2265	-	55	7736028	40967
chr10	7695061	7895061	harbor1	chr10	7736374	7737069	DNA/hAT-Charlie	2265	-	348	7736722	41661
chr10	73603002	73803002	harbor1	chr10	73627244	73627421	DNA/hAT-Charlie	801	-	88	73627332	24330
chr10	73603002	73803002	harbor1	chr10	73681074	73681248	DNA/hAT-Charlie	596	-	87	73681161	78159
chr10	127331303	127531303	harbor1	chr10	127365954	127366298	DNA/hAT-Charlie	557	-	172	127366126	34823
chr10	127331303	127531303	harbor1	chr10	127392179	127392327	DNA/hAT-Charlie	616	-	74	127392253	60950
chr10	127331303	127531303	harbor1	chr10	127411400	127411558	DNA/hAT-Charlie	644	-	79	127411479	80176
chr10	127331303	127531303	harbor1	chr10	127411850	127411897	DNA/hAT-Charlie	644	-	24	127411874	80571
chr10	28676298	28876298	harbor1	chr10	28776066	28776210	DNA/hAT-Charlie	885	-	72	28776138	99840
chr10	37525092	37725092	harbor1	chr10	37536361	37536559	DNA/hAT-Charlie	1503	-	99	37536460	11368
chr10	37525092	37725092	harbor1	chr10	37549732	37550059	DNA/hAT-Charlie	2034	-	164	37549896	24804
chr10	73401935	73601935	harbor1	chr10	73407377	73407521	DNA/hAT-Charlie	850	-	72	73407449	5514
chr10	751017	951017	harbor1	chr10	833146	833367	DNA/hAT-Charlie	1407	-	110	833256	82239
chr10	125302923	125502923	harbor1	chr10	125334758	125334893	DNA/hAT-Charlie	685	-	68	125334826	31903
chr10	125302923	125502923	harbor1	chr10	125349563	125349744	DNA/hAT-Charlie	925	-	90	125349653	46730
chr10	125302923	125502923	harbor1	chr10	125391482	125391712	DNA/hAT-Charlie	995	-	115	125391597	88674
chr10	122205118	122405118	harbor1	chr10	122242452	122242570	DNA/hAT-Charlie	479	-	59	122242511	37393
chr10	86924104	87124104	harbor1	chr10	86951272	86951320	DNA/hAT-Charlie	1091	-	24	86951296	27192
chr10	86924104	87124104	harbor1	chr10	86951488	86951668	DNA/hAT-Charlie	1091	-	90	86951578	27474
chr10	86924104	87124104	harbor1	chr10	86998122	86998320	DNA/hAT-Charlie	1059	-	99	86998221	74117
chr10	86924104	87124104	harbor1	chr10	87004632	87004787	DNA/hAT-Charlie	740	-	78	87004710	80606
chr10	86924104	87124104	harbor1	chr10	87004804	87004969	DNA/hAT-Charlie	1583	-	82	87004886	80782
chr10	86924104	87124104	harbor1	chr10	87005269	87005282	DNA/hAT-Charlie	1583	-	6	87005275	81171
chr10	86924104	87124104	harbor1	chr10	87005578	87006039	DNA/hAT-Charlie	1583	-	230	87005808	81704
chr10	86924104	87124104	harbor1	chr10	87006412	87006684	DNA/hAT-Charlie	950	-	136	87006548	82444
chr10	132866766	133066766	harbor1	chr10	132915055	132915187	DNA/hAT-Charlie	467	-	66	132915121	48355
chr10	113263436	113463436	harbor1	chr10	113278169	113278315	DNA/hAT-Charlie	835	-	73	113278242	14806
chr10	113263436	113463436	harbor1	chr10	113348009	113348328	DNA/hAT-Charlie	1501	-	160	113348169	84733
chr10	92566068	92766068	harbor1	chr10	92594977	92595073	DNA/hAT-Charlie	643	-	48	92595025	28957
chr10	92566068	92766068	harbor1	chr10	92595356	92595490	DNA/hAT-Charlie	643	-	67	92595423	29355
chr10	92566068	92766068	harbor1	chr10	92653172	92653395	DNA/hAT-Charlie	765	-	112	92653284	87216
chr10	127801242	128001242	harbor1	chr10	127826920	127827126	DNA/hAT-Charlie	954	-	103	127827023	25781
chr10	127801242	128001242	harbor1	chr10	127854547	127854766	DNA/hAT-Charlie	780	-	110	127854657	53415
chr10	127801242	128001242	harbor1	chr10	127900346	127900662	DNA/hAT-Charlie	566	-	158	127900504	99262
chr10	127100103	127300103	harbor1	chr10	127120346	127120707	DNA/hAT-Charlie	1271	-	180	127120526	20423
chr10	127100103	127300103	harbor1	chr10	127152558	127152740	DNA/hAT-Charlie	796	-	91	127152649	52546
chr10	127100103	127300103	harbor1	chr10	127178333	127178543	DNA/hAT-Charlie	811	-	105	127178438	78335
chr10	75996392	76196392	harbor1	chr10	76018190	76018401	DNA/hAT-Charlie	1129	-	106	76018296	21904
chr10	75996392	76196392	harbor1	chr10	76047518	76047726	DNA/hAT-Charlie	1099	-	104	76047622	51230
chr10	75996392	76196392	harbor1	chr10	76068356	76068704	DNA/hAT-Charlie	2268	-	174	76068530	72138
chr10	84880834	85080834	harbor1	chr10	84893741	84893950	DNA/hAT-Charlie	1013	-	104	84893845	13011
chr10	84880834	85080834	harbor1	chr10	84912172	84912389	DNA/hAT-Charlie	548	-	108	84912280	31446
chr10	84880834	85080834	harbor1	chr10	84949792	84949875	DNA/hAT-Charlie	476	-	42	84949834	69000
chr10	120030496	120230496	harbor1	chr10	120038084	120038252	DNA/hAT-Charlie	792	-	84	120038168	7672
chr10	120030496	120230496	harbor1	chr10	120095375	120095573	DNA/hAT-Charlie	1045	-	99	120095474	64978
chr10	63036774	63236774	harbor1	chr10	63061821	63061967	DNA/hAT-Charlie	634	-	73	63061894	25120
chr10	63036774	63236774	harbor1	chr10	63093138	63093743	DNA/hAT-Charlie	1844	-	302	63093440	56666
chr10	63036774	63236774	harbor1	chr10	63093965	63094105	DNA/hAT-Charlie	700	-	70	63094035	57261
chr10	63036774	63236774	harbor1	chr10	63094403	63094463	DNA/hAT-Charlie	700	-	30	63094433	57659
chr10	99362546	99562546	harbor1	chr10	99395536	99395677	DNA/hAT-Charlie	605	-	70	99395606	33060
chr10	99362546	99562546	harbor1	chr10	99400096	99400239	DNA/hAT-Charlie	522	-	72	99400168	37622
chr10	99362546	99562546	harbor1	chr10	99420064	99420194	DNA/hAT-Charlie	604	-	65	99420129	57583
chr10	99362546	99562546	harbor1	chr10	99445835	99445950	DNA/hAT-Charlie	429	-	58	99445893	83347
chr10	99362546	99562546	harbor1	chr10	99461688	99461984	DNA/hAT-Charlie	475	-	148	99461836	99290
chr10	126713630	126913630	harbor1	chr10	126719019	126719170	DNA/hAT-Charlie	452	-	76	126719095	5465
chr10	126713630	126913630	harbor1	chr10	126743660	126743865	DNA/hAT-Charlie	577	-	102	126743762	30132
chr10	126713630	126913630	harbor1	chr10	126786260	126786562	DNA/hAT-Charlie	1191	-	151	126786411	72781
chr10	91474620	91674620	harbor1	chr10	91485588	91485790	DNA/hAT-Charlie	781	-	101	91485689	11069
chr10	91474620	91674620	harbor1	chr10	91511486	91511839	DNA/hAT-Charlie	2201	-	176	91511662	37042
chr10	91474620	91674620	harbor1	chr10	91554126	91554461	DNA/hAT-Charlie	2503	-	168	91554294	79674
chr10	91474620	91674620	harbor1	chr10	91555931	91556082	DNA/hAT-Charlie	752	-	76	91556007	81387
chr10	110101184	110301184	harbor1	chr10	110196576	110196693	DNA/hAT-Charlie	459	-	58	110196634	95450
chr10	110101184	110301184	harbor1	chr10	110196884	110196923	DNA/hAT-Charlie	459	-	20	110196904	95720
chr10	62294258	62494258	harbor1	chr10	62300112	62300259	DNA/hAT-Charlie	435	-	74	62300186	5928
chr10	62294258	62494258	harbor1	chr10	62319631	62319768	DNA/hAT-Charlie	728	-	68	62319699	25441
chr10	62294258	62494258	harbor1	chr10	62375863	62376044	DNA/hAT-Charlie	471	-	90	62375953	81695
chr10	62294258	62494258	harbor1	chr10	62384435	62384842	DNA/hAT-Charlie	1978	-	204	62384639	90381
chr10	124872982	125072982	harbor1	chr10	124909187	124909362	DNA/hAT-Charlie	773	-	88	124909275	36293
chr10	124872982	125072982	harbor1	chr10	124969523	124969699	DNA/hAT-Charlie	819	-	88	124969611	96629
chr10	25852535	26052535	harbor1	chr10	25932037	25932520	DNA/hAT-Charlie	1657	-	242	25932279	79744
chr10	72584277	72784277	harbor1	chr10	72588664	72588869	DNA/hAT-Charlie	1010	-	102	72588766	4489
chr10	72584277	72784277	harbor1	chr10	72628179	72628282	DNA/hAT-Charlie	692	-	52	72628231	43954
chr10	72584277	72784277	harbor1	chr10	72628774	72628908	DNA/hAT-Charlie	1574	-	67	72628841	44564
chr10	72584277	72784277	harbor1	chr10	72629208	72629448	DNA/hAT-Charlie	1574	-	120	72629328	45051
chr10	72584277	72784277	harbor1	chr10	72655610	72655779	DNA/hAT-Charlie	1027	-	84	72655694	71417
chr10	46154905	46354905	harbor1	chr10	46205630	46205848	DNA/hAT-Charlie	969	-	109	46205739	50834
chr10	46154905	46354905	harbor1	chr10	46207243	46207366	DNA/hAT-Charlie	1450	-	62	46207305	52400
chr10	46154905	46354905	harbor1	chr10	46207654	46208105	DNA/hAT-Charlie	2534	-	226	46207880	52975
chr10	46154905	46354905	harbor1	chr10	46212194	46212352	DNA/hAT-Charlie	522	-	79	46212273	57368
chr10	58326758	58526758	harbor1	chr10	58328051	58328541	DNA/hAT-Charlie	3571	-	245	58328296	1538
chr10	58326758	58526758	harbor1	chr10	58330652	58330808	DNA/hAT-Charlie	786	-	78	58330730	3972
chr10	58326758	58526758	harbor1	chr10	58333930	58334032	DNA/hAT-Charlie	529	-	51	58333981	7223
chr10	58326758	58526758	harbor1	chr10	58340690	58340816	DNA/hAT-Charlie	492	-	63	58340753	13995
chr10	58326758	58526758	harbor1	chr10	58354465	58354568	DNA/hAT-Charlie	1554	-	52	58354517	27759
chr10	58326758	58526758	harbor1	chr10	58354835	58355220	DNA/hAT-Charlie	1554	-	192	58355027	28269
chr10	58326758	58526758	harbor1	chr10	58406119	58406521	DNA/hAT-Charlie	871	-	201	58406320	79562
chr10	37665276	37865276	harbor1	chr10	37733928	37734145	DNA/hAT-Charlie	938	-	108	37734036	68760
chr11	75213457	75413457	harbor1	chr11	75261363	75261565	DNA/hAT-Charlie	530	-	101	75261464	48007
chr11	14344595	14544595	harbor1	chr11	14350602	14350819	DNA/hAT-Charlie	1378	-	108	14350710	6115
chr11	14344595	14544595	harbor1	chr11	14370057	14370222	DNA/hAT-Charlie	649	-	82	14370139	25544
chr11	14344595	14544595	harbor1	chr11	14370762	14370925	DNA/hAT-Charlie	908	-	82	14370844	26249
chr11	14344595	14544595	harbor1	chr11	14382209	14382463	DNA/hAT-Charlie	418	-	127	14382336	37741
chr11	14344595	14544595	harbor1	chr11	14412597	14412687	DNA/hAT-Charlie	552	-	45	14412642	68047
chr11	14344595	14544595	harbor1	chr11	14412781	14413001	DNA/hAT-Charlie	1082	-	110	14412891	68296
chr11	14344595	14544595	harbor1	chr11	14414444	14414629	DNA/hAT-Charlie	600	-	92	14414536	69941
chr11	14344595	14544595	harbor1	chr11	14423182	14423343	DNA/hAT-Charlie	403	-	80	14423262	78667
chr11	125420387	125620387	harbor1	chr11	125421730	125421904	DNA/hAT-Charlie	389	-	87	125421817	1430
chr11	125420387	125620387	harbor1	chr11	125434278	125434506	DNA/hAT-Charlie	654	-	114	125434392	14005
chr11	125420387	125620387	harbor1	chr11	125443556	125443682	DNA/hAT-Charlie	732	-	63	125443619	23232
chr11	125420387	125620387	harbor1	chr11	125492032	125492267	DNA/hAT-Charlie	1192	-	118	125492150	71763
chr11	8731299	8931299	harbor1	chr11	8776986	8777169	DNA/hAT-Charlie	521	-	92	8777078	45779
chr11	8731299	8931299	harbor1	chr11	8820624	8820795	DNA/hAT-Charlie	451	-	86	8820710	89411
chr11	31370717	31570717	harbor1	chr11	31372769	31372881	DNA/hAT-Charlie	503	-	56	31372825	2108
chr11	31370717	31570717	harbor1	chr11	31408244	31408415	DNA/hAT-Charlie	712	-	86	31408330	37613
chr11	31370717	31570717	harbor1	chr11	31446880	31447072	DNA/hAT-Charlie	1186	-	96	31446976	76259
chr11	31370717	31570717	harbor1	chr11	31450960	31451141	DNA/hAT-Charlie	845	-	90	31451050	80333
chr11	40312057	40512057	harbor1	chr11	40410176	40410502	DNA/hAT-Charlie	1124	-	163	40410339	98282
chr11	7599749	7799749	harbor1	chr11	7600728	7600970	DNA/hAT-Charlie	737	-	121	7600849	1100
chr11	7599749	7799749	harbor1	chr11	7664362	7664597	DNA/hAT-Charlie	748	-	118	7664480	64731
chr11	7599749	7799749	harbor1	chr11	7695818	7696030	DNA/hAT-Charlie	640	-	106	7695924	96175
chr11	30093976	30293976	harbor1	chr11	30127276	30127462	DNA/hAT-Charlie	400	-	93	30127369	33393
chr11	30093976	30293976	harbor1	chr11	30132744	30133035	DNA/hAT-Charlie	480	-	146	30132890	38914
chr11	30093976	30293976	harbor1	chr11	30139778	30139898	DNA/hAT-Charlie	702	-	60	30139838	45862
chr11	30093976	30293976	harbor1	chr11	30147185	30147532	DNA/hAT-Charlie	1909	-	174	30147359	53383
chr11	30093976	30293976	harbor1	chr11	30163986	30164419	DNA/hAT-Charlie	2594	-	216	30164202	70226
chr11	30093976	30293976	harbor1	chr11	30164463	30164531	DNA/hAT-Charlie	386	-	34	30164497	70521
chr11	30093976	30293976	harbor1	chr11	30190474	30190674	DNA/hAT-Charlie	930	-	100	30190574	96598
chr11	30093976	30293976	harbor1	chr11	30192314	30192469	DNA/hAT-Charlie	572	-	78	30192392	98416
chr11	46536539	46736539	harbor1	chr11	46538854	46539048	DNA/hAT-Charlie	928	-	97	46538951	2412
chr11	46536539	46736539	harbor1	chr11	46574599	46574744	DNA/hAT-Charlie	489	-	72	46574671	38132
chr11	21489651	21689651	harbor1	chr11	21514446	21514728	DNA/hAT-Charlie	572	-	141	21514587	24936
chr11	21489651	21689651	harbor1	chr11	21519279	21519460	DNA/hAT-Charlie	758	-	90	21519369	29718
chr11	21489651	21689651	harbor1	chr11	21533764	21533987	DNA/hAT-Charlie	407	-	112	21533876	44225
chr11	21489651	21689651	harbor1	chr11	21565413	21565588	DNA/hAT-Charlie	831	-	88	21565501	75850
chr11	21489651	21689651	harbor1	chr11	21565986	21566209	DNA/hAT-Charlie	864	-	112	21566098	76447
chr11	112863382	113063382	harbor1	chr11	112887912	112888163	DNA/hAT-Charlie	478	-	126	112888038	24656
chr11	112863382	113063382	harbor1	chr11	112905831	112906055	DNA/hAT-Charlie	929	-	112	112905943	42561
chr11	112863382	113063382	harbor1	chr11	112917000	112917109	DNA/hAT-Charlie	446	-	54	112917054	53672
chr11	112863382	113063382	harbor1	chr11	112918942	112919102	DNA/hAT-Charlie	543	-	80	112919022	55640
chr11	93458650	93658650	harbor1	chr11	93465273	93465360	DNA/hAT-Charlie	404	-	44	93465317	6667
chr11	93458650	93658650	harbor1	chr11	93494101	93494574	DNA/hAT-Charlie	845	-	236	93494337	35687
chr11	93458650	93658650	harbor1	chr11	93505533	93505806	DNA/hAT-Charlie	411	-	136	93505669	47019
chr11	93458650	93658650	harbor1	chr11	93513324	93513481	DNA/hAT-Charlie	436	-	78	93513402	54752
chr11	102350638	102550638	harbor1	chr11	102352810	102353315	DNA/hAT-Charlie	1104	-	252	102353062	2424
chr11	102350638	102550638	harbor1	chr11	102353618	102353655	DNA/hAT-Charlie	1104	-	18	102353636	2998
chr11	102350638	102550638	harbor1	chr11	102395776	102395837	DNA/hAT-Charlie	674	-	30	102395806	45168
chr11	102350638	102550638	harbor1	chr11	102396136	102396258	DNA/hAT-Charlie	674	-	61	102396197	45559
chr11	102350638	102550638	harbor1	chr11	102400309	102400452	DNA/hAT-Charlie	511	-	72	102400381	49743
chr11	11241036	11441036	harbor1	chr11	11245502	11245675	DNA/hAT-Charlie	392	-	86	11245588	4552
chr11	11241036	11441036	harbor1	chr11	11251130	11251251	DNA/hAT-Charlie	456	-	60	11251190	10154
chr11	11241036	11441036	harbor1	chr11	11284308	11284463	DNA/hAT-Charlie	587	-	78	11284386	43350
chr11	11241036	11441036	harbor1	chr11	11293947	11294014	DNA/hAT-Charlie	484	-	34	11293981	52945
chr11	11241036	11441036	harbor1	chr11	11294552	11294685	DNA/hAT-Charlie	484	-	66	11294618	53582
chr11	11241036	11441036	harbor1	chr11	11300762	11300895	DNA/hAT-Charlie	545	-	66	11300828	59792
chr11	99627574	99827574	harbor1	chr11	99663112	99663186	DNA/hAT-Charlie	730	-	37	99663149	35575
chr11	99627574	99827574	harbor1	chr11	99663498	99663534	DNA/hAT-Charlie	730	-	18	99663516	35942
chr11	99627574	99827574	harbor1	chr11	99663885	99664072	DNA/hAT-Charlie	730	-	94	99663979	36405
chr11	20530905	20730905	harbor1	chr11	20530996	20531169	DNA/hAT-Charlie	903	-	86	20531082	177
chr11	20530905	20730905	harbor1	chr11	20547446	20547643	DNA/hAT-Charlie	624	-	98	20547544	16639
chr11	20530905	20730905	harbor1	chr11	20550964	20551320	DNA/hAT-Charlie	1378	-	178	20551142	20237
chr11	20530905	20730905	harbor1	chr11	20613828	20614012	DNA/hAT-Charlie	1033	-	92	20613920	83015
chr11	20530905	20730905	harbor1	chr11	20615751	20616084	DNA/hAT-Charlie	795	-	166	20615917	85012
chr11	96663549	96863549	harbor1	chr11	96673415	96674829	DNA/hAT-Charlie	4734	-	707	96674122	10573
chr11	96663549	96863549	harbor1	chr11	96694701	96695561	DNA/hAT-Charlie	2635	-	430	96695131	31582
chr11	96663549	96863549	harbor1	chr11	96750529	96750862	DNA/hAT-Charlie	763	-	166	96750695	87146
chr11	122497329	122697329	harbor1	chr11	122531077	122531280	DNA/hAT-Charlie	954	-	102	122531179	33850
chr11	122497329	122697329	harbor1	chr11	122533321	122533434	DNA/hAT-Charlie	628	-	56	122533377	36048
chr11	122497329	122697329	harbor1	chr11	122561018	122561082	DNA/hAT-Charlie	621	-	32	122561050	63721
chr11	122497329	122697329	harbor1	chr11	122561369	122561460	DNA/hAT-Charlie	621	-	46	122561415	64086
chr11	25792580	25992580	harbor1	chr11	25825866	25826014	DNA/hAT-Charlie	485	-	74	25825940	33360
chr11	25792580	25992580	harbor1	chr11	25838826	25839155	DNA/hAT-Charlie	1488	-	164	25838990	46410
chr11	25792580	25992580	harbor1	chr11	25842357	25842554	DNA/hAT-Charlie	855	-	98	25842455	49875
chr11	25792580	25992580	harbor1	chr11	25847601	25847775	DNA/hAT-Charlie	684	-	87	25847688	55108
chr11	47518878	47718878	harbor1	chr11	47590956	47591071	DNA/hAT-Charlie	582	-	58	47591014	72136
chr11	23675695	23875695	harbor1	chr11	23774196	23774539	DNA/hAT-Charlie	2026	-	172	23774368	98673
chr11	128557882	128757882	harbor1	chr11	128569053	128569257	DNA/hAT-Charlie	932	-	102	128569155	11273
chr11	128557882	128757882	harbor1	chr11	128582999	128583162	DNA/hAT-Charlie	993	-	82	128583081	25199
chr11	128557882	128757882	harbor1	chr11	128656246	128656368	DNA/hAT-Charlie	645	-	61	128656307	98425
chr11	128557882	128757882	harbor1	chr11	128656686	128656736	DNA/hAT-Charlie	645	-	25	128656711	98829
chr11	86118253	86318253	harbor1	chr11	86150318	86150445	DNA/hAT-Charlie	407	-	64	86150382	32129
chr11	86118253	86318253	harbor1	chr11	86175544	86175741	DNA/hAT-Charlie	739	-	98	86175642	57389
chr11	104346183	104546183	harbor1	chr11	104347050	104347196	DNA/hAT-Charlie	590	-	73	104347123	940
chr11	10368191	10568191	harbor1	chr11	10406396	10406738	DNA/hAT-Charlie	2033	-	171	10406567	38376
chr11	10368191	10568191	harbor1	chr11	10406859	10407188	DNA/hAT-Charlie	2033	-	164	10407023	38832
chr11	10368191	10568191	harbor1	chr11	10407714	10407911	DNA/hAT-Charlie	494	-	98	10407812	39621
chr11	10368191	10568191	harbor1	chr11	10408381	10408638	DNA/hAT-Charlie	1340	-	128	10408509	40318
chr11	10368191	10568191	harbor1	chr11	10413252	10413611	DNA/hAT-Charlie	1932	-	180	10413432	45241
chr11	10368191	10568191	harbor1	chr11	10417417	10417920	DNA/hAT-Charlie	13674	-	252	10417669	49478
chr11	10368191	10568191	harbor1	chr11	10418203	10420201	DNA/hAT-Charlie	13674	-	999	10419202	51011
chr11	10368191	10568191	harbor1	chr11	10447726	10448083	DNA/hAT-Charlie	613	-	178	10447904	79713
chr11	58105506	58305506	harbor1	chr11	58174481	58174643	DNA/hAT-Charlie	559	-	81	58174562	69056
chr11	58105506	58305506	harbor1	chr11	58187848	58188015	DNA/hAT-Charlie	683	-	84	58187932	82426
chr11	58105506	58305506	harbor1	chr11	58202248	58202447	DNA/hAT-Charlie	473	-	100	58202348	96842
chr11	107394482	107594482	harbor1	chr11	107410023	107410379	DNA/hAT-Charlie	963	-	178	107410201	15719
chr11	107394482	107594482	harbor1	chr11	107411763	107412149	DNA/hAT-Charlie	458	-	193	107411956	17474
chr11	107394482	107594482	harbor1	chr11	107469366	107469446	DNA/hAT-Charlie	389	-	40	107469406	74924
chr11	30576231	30776231	harbor1	chr11	30599698	30599810	DNA/hAT-Charlie	894	-	56	30599754	23523
chr11	30576231	30776231	harbor1	chr11	30600411	30600498	DNA/hAT-Charlie	894	-	44	30600455	24224
chr11	30576231	30776231	harbor1	chr11	30620510	30620748	DNA/hAT-Charlie	1026	-	119	30620629	44398
chr11	30576231	30776231	harbor1	chr11	30625462	30625757	DNA/hAT-Charlie	816	-	148	30625610	49379
chr11	77853047	78053047	harbor1	chr11	77889959	77890138	DNA/hAT-Charlie	445	-	90	77890049	37002
chr11	77853047	78053047	harbor1	chr11	77904284	77904615	DNA/hAT-Charlie	1251	-	166	77904450	51403
chr11	77853047	78053047	harbor1	chr11	77914577	77914796	DNA/hAT-Charlie	1343	-	110	77914687	61640
chr11	77853047	78053047	harbor1	chr11	77930534	77930698	DNA/hAT-Charlie	506	-	82	77930616	77569
chr11	114355628	114555628	harbor1	chr11	114369583	114369723	DNA/hAT-Charlie	804	-	70	114369653	14025
chr11	114355628	114555628	harbor1	chr11	114370012	114370083	DNA/hAT-Charlie	804	-	36	114370048	14420
chr11	114355628	114555628	harbor1	chr11	114370302	114370530	DNA/hAT-Charlie	720	-	114	114370416	14788
chr11	114355628	114555628	harbor1	chr11	114370781	114371154	DNA/hAT-Charlie	1165	-	186	114370967	15339
chr11	114355628	114555628	harbor1	chr11	114371566	114371745	DNA/hAT-Charlie	895	-	90	114371656	16028
chr11	114355628	114555628	harbor1	chr11	114405167	114405372	DNA/hAT-Charlie	781	-	102	114405269	49641
chr11	114355628	114555628	harbor1	chr11	114418430	114418729	DNA/hAT-Charlie	606	-	150	114418580	62952
chr11	114355628	114555628	harbor1	chr11	114431488	114431655	DNA/hAT-Charlie	462	-	84	114431572	75944
chr11	114355628	114555628	harbor1	chr11	114436603	114436957	DNA/hAT-Charlie	2032	-	177	114436780	81152
chr11	114355628	114555628	harbor1	chr11	114443433	114443619	DNA/hAT-Charlie	513	-	93	114443526	87898
chr11	30278673	30478673	harbor1	chr11	30320718	30320905	DNA/hAT-Charlie	768	-	94	30320812	42139
chr11	30278673	30478673	harbor1	chr11	30326211	30326344	DNA/hAT-Charlie	641	-	66	30326277	47604
chr11	30278673	30478673	harbor1	chr11	30367743	30368036	DNA/hAT-Charlie	577	-	146	30367889	89216
chr11	26126501	26326501	harbor1	chr11	26141377	26141589	DNA/hAT-Charlie	634	-	106	26141483	14982
chr11	26126501	26326501	harbor1	chr11	26218990	26219223	DNA/hAT-Charlie	948	-	116	26219106	92605
chr11	55702672	55902672	harbor1	chr11	55718985	55719389	DNA/hAT-Charlie	826	-	202	55719187	16515
chr11	55702672	55902672	harbor1	chr11	55773148	55773328	DNA/hAT-Charlie	699	-	90	55773238	70566
chr11	55702672	55902672	harbor1	chr11	55789737	55789884	DNA/hAT-Charlie	492	-	74	55789811	87139
chr11	61698125	61898125	harbor1	chr11	61747251	61747403	DNA/hAT-Charlie	438	-	76	61747327	49202
chr11	61698125	61898125	harbor1	chr11	61751877	61752049	DNA/hAT-Charlie	767	-	86	61751963	53838
chr11	61698125	61898125	harbor1	chr11	61790745	61790903	DNA/hAT-Charlie	403	-	79	61790824	92699
chr11	76821425	77021425	harbor1	chr11	76872773	76872868	DNA/hAT-Charlie	492	-	48	76872821	51396
chr11	76821425	77021425	harbor1	chr11	76878323	76878468	DNA/hAT-Charlie	852	-	72	76878395	56970
chr11	76821425	77021425	harbor1	chr11	76896805	76896951	DNA/hAT-Charlie	4808	-	73	76896878	75453
chr11	76821425	77021425	harbor1	chr11	76897257	76898259	DNA/hAT-Charlie	4808	-	501	76897758	76333
chr11	92389281	92589281	harbor1	chr11	92453976	92454250	DNA/hAT-Charlie	1031	-	137	92454113	64832
chr11	92389281	92589281	harbor1	chr11	92487821	92487888	DNA/hAT-Charlie	576	-	34	92487855	98574
chr11	92389281	92589281	harbor1	chr11	92488449	92488578	DNA/hAT-Charlie	576	-	64	92488513	99232
chr11	123084950	123284950	harbor1	chr11	123140643	123140790	DNA/hAT-Charlie	892	-	74	123140717	55767
chr11	123084950	123284950	harbor1	chr11	123141522	123141619	DNA/hAT-Charlie	892	-	48	123141570	56620
chr11	123084950	123284950	harbor1	chr11	123183110	123183225	DNA/hAT-Charlie	674	-	58	123183168	98218
chr11	123084950	123284950	harbor1	chr11	123183531	123183555	DNA/hAT-Charlie	674	-	12	123183543	98593
chr11	7398923	7598923	harbor1	chr11	7405197	7405400	DNA/hAT-Charlie	1039	-	102	7405299	6376
chr11	7398923	7598923	harbor1	chr11	7497105	7497246	DNA/hAT-Charlie	628	-	70	7497175	98252
chr11	89310322	89510322	harbor1	chr11	89330427	89330603	DNA/hAT-Charlie	614	-	88	89330515	20193
chr11	89310322	89510322	harbor1	chr11	89345113	89345259	DNA/hAT-Charlie	588	-	73	89345186	34864
chr11	14353441	14553441	harbor1	chr11	14370057	14370222	DNA/hAT-Charlie	649	-	82	14370139	16698
chr11	14353441	14553441	harbor1	chr11	14370762	14370925	DNA/hAT-Charlie	908	-	82	14370844	17403
chr11	14353441	14553441	harbor1	chr11	14382209	14382463	DNA/hAT-Charlie	418	-	127	14382336	28895
chr11	14353441	14553441	harbor1	chr11	14412597	14412687	DNA/hAT-Charlie	552	-	45	14412642	59201
chr11	14353441	14553441	harbor1	chr11	14412781	14413001	DNA/hAT-Charlie	1082	-	110	14412891	59450
chr11	14353441	14553441	harbor1	chr11	14414444	14414629	DNA/hAT-Charlie	600	-	92	14414536	61095
chr11	14353441	14553441	harbor1	chr11	14423182	14423343	DNA/hAT-Charlie	403	-	80	14423262	69821
chr11	14353441	14553441	harbor1	chr11	14448733	14448891	DNA/hAT-Charlie	475	-	79	14448812	95371
chr11	14353441	14553441	harbor1	chr11	14448952	14449121	DNA/hAT-Charlie	465	-	84	14449036	95595
chr11	107310238	107510238	harbor1	chr11	107333860	107334081	DNA/hAT-Charlie	1139	-	110	107333970	23732
chr11	107310238	107510238	harbor1	chr11	107358244	107358469	DNA/hAT-Charlie	1502	-	112	107358356	48118
chr11	107310238	107510238	harbor1	chr11	107387549	107387900	DNA/hAT-Charlie	1930	-	176	107387725	77487
chr11	107310238	107510238	harbor1	chr11	107389238	107389461	DNA/hAT-Charlie	891	-	112	107389350	79112
chr11	107310238	107510238	harbor1	chr11	107410023	107410379	DNA/hAT-Charlie	963	-	178	107410201	99963
chr11	86851045	87051045	harbor1	chr11	86889857	86889986	DNA/hAT-Charlie	577	-	64	86889921	38876
chr11	86851045	87051045	harbor1	chr11	86890283	86890327	DNA/hAT-Charlie	577	-	22	86890305	39260
chr11	86851045	87051045	harbor1	chr11	86892827	86892900	DNA/hAT-Charlie	473	-	36	86892863	41818
chr11	86851045	87051045	harbor1	chr11	86893339	86893482	DNA/hAT-Charlie	473	-	72	86893411	42366
chr11	86851045	87051045	harbor1	chr11	86904594	86904759	DNA/hAT-Charlie	803	-	82	86904676	53631
chr11	130235908	130435908	harbor1	chr11	130239381	130239579	DNA/hAT-Charlie	659	-	99	130239480	3572
chr11	130235908	130435908	harbor1	chr11	130287761	130288091	DNA/hAT-Charlie	1598	-	165	130287926	52018
chr11	130235908	130435908	harbor1	chr11	130288401	130288583	DNA/hAT-Charlie	1598	-	91	130288492	52584
chr11	2586496	2786496	harbor1	chr11	2600097	2600281	DNA/hAT-Charlie	898	-	92	2600189	13693
chr11	2586496	2786496	harbor1	chr11	2618209	2618419	DNA/hAT-Charlie	1324	-	105	2618314	31818
chr11	108876011	109076011	harbor1	chr11	108932060	108932243	DNA/hAT-Charlie	473	-	92	108932152	56141
chr11	108876011	109076011	harbor1	chr11	108957907	108958054	DNA/hAT-Charlie	567	-	74	108957981	81970
chr11	108876011	109076011	harbor1	chr11	108920753	108920935	DNA/hAT-Charlie	652	-	91	108920844	44833
chr11	4313331	4513331	harbor1	chr11	4327316	4327475	DNA/hAT-Charlie	473	-	80	4327396	14065
chr11	4313331	4513331	harbor1	chr11	4329069	4329490	DNA/hAT-Charlie	390	-	210	4329279	15948
chr11	4313331	4513331	harbor1	chr11	4375520	4375705	DNA/hAT-Charlie	710	-	92	4375612	62281
chr11	66712144	66912144	harbor1	chr11	66714959	66715210	DNA/hAT-Charlie	665	-	126	66715085	2941
chr11	66712144	66912144	harbor1	chr11	66719992	66720166	DNA/hAT-Charlie	410	-	87	66720079	7935
chr11	66712144	66912144	harbor1	chr11	66726292	66726468	DNA/hAT-Charlie	803	-	88	66726380	14236
chr11	66712144	66912144	harbor1	chr11	66788387	66788491	DNA/hAT-Charlie	447	-	52	66788439	76295
chr11	118442766	118642766	harbor1	chr11	118454728	118454827	DNA/hAT-Charlie	541	-	50	118454778	12012
chr11	13521424	13721424	harbor1	chr11	13564240	13564350	DNA/hAT-Charlie	435	-	55	13564295	42871
chr11	13521424	13721424	harbor1	chr11	13607747	13607904	DNA/hAT-Charlie	384	-	78	13607825	86401
chr11	101981020	102181020	harbor1	chr11	101989277	101989484	DNA/hAT-Charlie	1038	-	104	101989381	8361
chr11	101981020	102181020	harbor1	chr11	101995368	101995426	DNA/hAT-Charlie	438	-	29	101995397	14377
chr11	101981020	102181020	harbor1	chr11	102029942	102030109	DNA/hAT-Charlie	696	-	84	102030026	49006
chr11	101981020	102181020	harbor1	chr11	102044589	102044796	DNA/hAT-Charlie	978	-	104	102044693	63673
chr11	111504747	111704747	harbor1	chr11	111558683	111558802	DNA/hAT-Charlie	1275	-	60	111558743	53996
chr11	111504747	111704747	harbor1	chr11	111559086	111559414	DNA/hAT-Charlie	1275	-	164	111559250	54503
chr11	111504747	111704747	harbor1	chr11	111601655	111601799	DNA/hAT-Charlie	444	-	72	111601727	96980
chr11	127052771	127252771	harbor1	chr11	127057611	127057823	DNA/hAT-Charlie	1093	-	106	127057717	4946
chr11	127052771	127252771	harbor1	chr11	127123243	127123318	DNA/hAT-Charlie	650	-	38	127123281	70510
chr11	127052771	127252771	harbor1	chr11	127123623	127123825	DNA/hAT-Charlie	650	-	101	127123724	70953
chr11	127052771	127252771	harbor1	chr11	127145615	127145793	DNA/hAT-Charlie	668	-	89	127145704	92933
chr11	127052771	127252771	harbor1	chr11	127145803	127145989	DNA/hAT-Charlie	859	-	93	127145896	93125
chr11	513500	713500	harbor1	chr11	565223	565356	DNA/hAT-Charlie	956	-	66	565289	51789
chr11	513500	713500	harbor1	chr11	565656	565737	DNA/hAT-Charlie	956	-	40	565696	52196
chr11	129394922	129594922	harbor1	chr11	129435870	129436067	DNA/hAT-Charlie	606	-	98	129435968	41046
chr11	129394922	129594922	harbor1	chr11	129441332	129441441	DNA/hAT-Charlie	552	-	54	129441386	46464
chr11	129394922	129594922	harbor1	chr11	129443451	129443623	DNA/hAT-Charlie	449	-	86	129443537	48615
chr11	121333431	121533431	harbor1	chr11	121384185	121384511	DNA/hAT-Charlie	1766	-	163	121384348	50917
chr11	24282835	24482835	harbor1	chr11	24288149	24288279	DNA/hAT-Charlie	554	-	65	24288214	5379
chr11	24282835	24482835	harbor1	chr11	24321153	24321358	DNA/hAT-Charlie	817	-	102	24321255	38420
chr11	24282835	24482835	harbor1	chr11	24356944	24357267	DNA/hAT-Charlie	2002	-	162	24357106	74271
chr11	25136854	25336854	harbor1	chr11	25226497	25226626	DNA/hAT-Charlie	528	-	64	25226561	89707
chr11	25136854	25336854	harbor1	chr11	25229546	25229649	DNA/hAT-Charlie	470	-	52	25229598	92744
chr11	120166688	120366688	harbor1	chr11	120189352	120189526	DNA/hAT-Charlie	848	-	87	120189439	22751
chr11	134739164	134939164	harbor1	chr11	134757873	134758046	DNA/hAT-Charlie	740	-	86	134757959	18795
chr11	59944807	60144807	harbor1	chr11	59950865	59951034	DNA/hAT-Charlie	409	-	84	59950949	6142
chr11	59944807	60144807	harbor1	chr11	59954256	59954442	DNA/hAT-Charlie	927	-	93	59954349	9542
chr11	59944807	60144807	harbor1	chr11	59981512	59981682	DNA/hAT-Charlie	586	-	85	59981597	36790
chr11	59944807	60144807	harbor1	chr11	60017069	60017189	DNA/hAT-Charlie	514	-	60	60017129	72322
chr11	59944807	60144807	harbor1	chr11	60021176	60021325	DNA/hAT-Charlie	586	-	74	60021250	76443
chr11	59944807	60144807	harbor1	chr11	60026700	60026892	DNA/hAT-Charlie	494	-	96	60026796	81989
chr11	59944807	60144807	harbor1	chr11	60037379	60038679	DNA/hAT-Charlie	5384	-	650	60038029	93222
chr11	90309693	90509693	harbor1	chr11	90384566	90384715	DNA/hAT-Charlie	445	-	74	90384640	74947
chr11	29062375	29262375	harbor1	chr11	29123975	29124154	DNA/hAT-Charlie	548	-	90	29124065	61690
chr11	29062375	29262375	harbor1	chr11	29150978	29151178	DNA/hAT-Charlie	405	-	100	29151078	88703
chr11	29062375	29262375	harbor1	chr11	29151254	29151389	DNA/hAT-Charlie	531	-	68	29151322	88947
chr11	118190620	118390620	harbor1	chr11	118204992	118205257	DNA/hAT-Charlie	565	-	132	118205124	14504
chr11	118190620	118390620	harbor1	chr11	118209259	118209385	DNA/hAT-Charlie	424	-	63	118209322	18702
chr11	118190620	118390620	harbor1	chr11	118211614	118211755	DNA/hAT-Charlie	399	-	70	118211684	21064
chr11	118190620	118390620	harbor1	chr11	118221320	118221681	DNA/hAT-Charlie	2137	-	180	118221500	30880
chr11	118190620	118390620	harbor1	chr11	118281322	118281491	DNA/hAT-Charlie	677	-	84	118281406	90786
chr11	75283222	75483222	harbor1	chr11	75318018	75318147	DNA/hAT-Charlie	603	-	64	75318082	34860
chr11	88388387	88588387	harbor1	chr11	88415581	88415745	DNA/hAT-Charlie	388	-	82	88415663	27276
chr11	88388387	88588387	harbor1	chr11	88430410	88430626	DNA/hAT-Charlie	874	-	108	88430518	42131
chr11	41359916	41559916	harbor1	chr11	41401172	41401363	DNA/hAT-Charlie	696	-	96	41401268	41352
chr11	2565977	2765977	harbor1	chr11	2580265	2580536	DNA/hAT-Charlie	457	-	136	2580401	14424
chr11	2565977	2765977	harbor1	chr11	2600097	2600281	DNA/hAT-Charlie	898	-	92	2600189	34212
chr11	2565977	2765977	harbor1	chr11	2618209	2618419	DNA/hAT-Charlie	1324	-	105	2618314	52337
chr11	21236685	21436685	harbor1	chr11	21243739	21243805	DNA/hAT-Charlie	474	-	33	21243772	7087
chr11	21236685	21436685	harbor1	chr11	21299653	21299934	DNA/hAT-Charlie	994	-	140	21299793	63108
chr11	38484530	38684530	harbor1	chr11	38496985	38497241	DNA/hAT-Charlie	996	-	128	38497113	12583
chr11	42090385	42290385	harbor1	chr11	42127235	42127528	DNA/hAT-Charlie	1221	-	146	42127381	36996
chr11	42090385	42290385	harbor1	chr11	42139075	42139271	DNA/hAT-Charlie	1206	-	98	42139173	48788
chr11	103502317	103702317	harbor1	chr11	103591696	103591957	DNA/hAT-Charlie	426	-	130	103591826	89509
chr11	121963765	122163765	harbor1	chr11	122020680	122021155	DNA/hAT-Charlie	2015	-	238	122020918	57153
chr11	121963765	122163765	harbor1	chr11	122024955	122025277	DNA/hAT-Charlie	1330	-	161	122025116	61351
chr11	69356778	69556778	harbor1	chr11	69421583	69421712	DNA/hAT-Charlie	388	-	64	69421647	64869
chr11	69356778	69556778	harbor1	chr11	69445782	69445818	DNA/hAT-Charlie	689	-	18	69445800	89022
chr11	69356778	69556778	harbor1	chr11	69446123	69446287	DNA/hAT-Charlie	689	-	82	69446205	89427
chr11	66138353	66338353	harbor1	chr11	66140117	66140249	DNA/hAT-Charlie	722	-	66	66140183	1830
chr11	66138353	66338353	harbor1	chr11	66178529	66178960	DNA/hAT-Charlie	1463	-	216	66178745	40392
chr11	6780138	6980138	harbor1	chr11	6865523	6865854	DNA/hAT-Charlie	710	-	166	6865689	85551
chr11	123134655	123334655	harbor1	chr11	123140643	123140790	DNA/hAT-Charlie	892	-	74	123140717	6062
chr11	123134655	123334655	harbor1	chr11	123141522	123141619	DNA/hAT-Charlie	892	-	48	123141570	6915
chr11	123134655	123334655	harbor1	chr11	123183110	123183225	DNA/hAT-Charlie	674	-	58	123183168	48513
chr11	123134655	123334655	harbor1	chr11	123183531	123183555	DNA/hAT-Charlie	674	-	12	123183543	48888
chr11	123134655	123334655	harbor1	chr11	123226809	123227260	DNA/hAT-Charlie	1341	-	226	123227035	92380
chr11	123134655	123334655	harbor1	chr11	123227286	123227424	DNA/hAT-Charlie	703	-	69	123227355	92700
chr11	89538689	89738689	harbor1	chr11	89547648	89547822	DNA/hAT-Charlie	440	-	87	89547735	9046
chr11	89538689	89738689	harbor1	chr11	89585453	89585669	DNA/hAT-Charlie	1063	-	108	89585561	46872
chr11	94321756	94521756	harbor1	chr11	94334595	94334806	DNA/hAT-Charlie	1459	-	106	94334701	12945
chr11	107138502	107338502	harbor1	chr11	107166815	107167132	DNA/hAT-Charlie	1551	-	158	107166973	28471
chr11	107138502	107338502	harbor1	chr11	107212874	107213066	DNA/hAT-Charlie	567	-	96	107212970	74468
chr11	118357495	118557495	harbor1	chr11	118454728	118454827	DNA/hAT-Charlie	541	-	50	118454778	97283
chr11	15716278	15916278	harbor1	chr11	15806566	15806701	DNA/hAT-Charlie	402	-	68	15806634	90356
chr11	15716278	15916278	harbor1	chr11	15807497	15807737	DNA/hAT-Charlie	536	-	120	15807617	91339
chr11	85608148	85808148	harbor1	chr11	85647325	85647412	DNA/hAT-Charlie	491	-	44	85647369	39221
chr11	85608148	85808148	harbor1	chr11	85675947	85676076	DNA/hAT-Charlie	408	-	64	85676011	67863
chr11	87272884	87472884	harbor1	chr11	87281988	87282127	DNA/hAT-Charlie	633	-	70	87282058	9174
chr11	87272884	87472884	harbor1	chr11	87282121	87282257	DNA/hAT-Charlie	521	-	68	87282189	9305
chr11	87272884	87472884	harbor1	chr11	87282566	87282643	DNA/hAT-Charlie	521	-	38	87282604	9720
chr11	87272884	87472884	harbor1	chr11	87312485	87312813	DNA/hAT-Charlie	1583	-	164	87312649	39765
chr11	96961880	97161880	harbor1	chr11	97027098	97027293	DNA/hAT-Charlie	728	-	98	97027196	65316
chr11	96961880	97161880	harbor1	chr11	97027371	97027494	DNA/hAT-Charlie	575	-	62	97027433	65553
chr11	96961880	97161880	harbor1	chr11	97027500	97027619	DNA/hAT-Charlie	413	-	60	97027560	65680
chr11	96961880	97161880	harbor1	chr11	97059520	97059650	DNA/hAT-Charlie	572	-	65	97059585	97705
chr11	83108771	83308771	harbor1	chr11	83152159	83152311	DNA/hAT-Charlie	431	-	76	83152235	43464
chr11	13740596	13940596	harbor1	chr11	13759725	13760029	DNA/hAT-Charlie	1130	-	152	13759877	19281
chr11	13740596	13940596	harbor1	chr11	13769876	13770154	DNA/hAT-Charlie	404	-	139	13770015	29419
chr11	13740596	13940596	harbor1	chr11	13776218	13776434	DNA/hAT-Charlie	1081	-	108	13776326	35730
chr11	13740596	13940596	harbor1	chr11	13788370	13788525	DNA/hAT-Charlie	658	-	78	13788448	47852
chr11	63516977	63716977	harbor1	chr11	63530102	63530257	DNA/hAT-Charlie	438	-	78	63530180	13203
chr11	63516977	63716977	harbor1	chr11	63596354	63596641	DNA/hAT-Charlie	2273	-	144	63596498	79521
chr11	63516977	63716977	harbor1	chr11	63597613	63597848	DNA/hAT-Charlie	1718	-	118	63597731	80754
chr11	29448325	29648325	harbor1	chr11	29468944	29469461	DNA/hAT-Charlie	1490	-	258	29469202	20877
chr11	83147528	83347528	harbor1	chr11	83152159	83152311	DNA/hAT-Charlie	431	-	76	83152235	4707
chr11	83147528	83347528	harbor1	chr11	83244474	83244667	DNA/hAT-Charlie	862	-	96	83244570	97042
chr11	12367641	12567641	harbor1	chr11	12374029	12374211	DNA/hAT-Charlie	842	-	91	12374120	6479
chr11	12367641	12567641	harbor1	chr11	12374729	12374785	DNA/hAT-Charlie	842	-	28	12374757	7116
chr11	12367641	12567641	harbor1	chr11	12385569	12385906	DNA/hAT-Charlie	1190	-	168	12385737	18096
chr11	12367641	12567641	harbor1	chr11	12399361	12399615	DNA/hAT-Charlie	1059	-	127	12399488	31847
chr11	12367641	12567641	harbor1	chr11	12424446	12424665	DNA/hAT-Charlie	816	-	110	12424556	56915
chr11	12367641	12567641	harbor1	chr11	12464833	12465179	DNA/hAT-Charlie	2150	-	173	12465006	97365
chr11	1400822	1600822	harbor1	chr11	1463462	1463588	DNA/hAT-Charlie	470	-	63	1463525	62703
chr11	43119223	43319223	harbor1	chr11	43137137	43137183	DNA/hAT-Charlie	834	-	23	43137160	17937
chr11	43119223	43319223	harbor1	chr11	43137429	43137545	DNA/hAT-Charlie	834	-	58	43137487	18264
chr11	43119223	43319223	harbor1	chr11	43137812	43137892	DNA/hAT-Charlie	834	-	40	43137852	18629
chr11	43119223	43319223	harbor1	chr11	43141561	43141765	DNA/hAT-Charlie	511	-	102	43141663	22440
chr11	43119223	43319223	harbor1	chr11	43143675	43143850	DNA/hAT-Charlie	390	-	88	43143763	24540
chr11	43119223	43319223	harbor1	chr11	43173172	43173339	DNA/hAT-Charlie	574	-	84	43173256	54033
chr11	108574239	108774239	harbor1	chr11	108620611	108620825	DNA/hAT-Charlie	455	-	107	108620718	46479
chr11	108574239	108774239	harbor1	chr11	108621048	108621222	DNA/hAT-Charlie	468	-	87	108621135	46896
chr11	108574239	108774239	harbor1	chr11	108655299	108655455	DNA/hAT-Charlie	594	-	78	108655377	81138
chr11	108574239	108774239	harbor1	chr11	108655757	108655890	DNA/hAT-Charlie	594	-	66	108655823	81584
chr11	108574239	108774239	harbor1	chr11	108656202	108656357	DNA/hAT-Charlie	444	-	78	108656280	82041
chr11	108574239	108774239	harbor1	chr11	108667114	108667306	DNA/hAT-Charlie	682	-	96	108667210	92971
chr11	108574239	108774239	harbor1	chr11	108671548	108671736	DNA/hAT-Charlie	802	-	94	108671642	97403
chr11	88374871	88574871	harbor1	chr11	88415581	88415745	DNA/hAT-Charlie	388	-	82	88415663	40792
chr11	88374871	88574871	harbor1	chr11	88430410	88430626	DNA/hAT-Charlie	874	-	108	88430518	55647
chr11	17145391	17345391	harbor1	chr11	17148863	17149003	DNA/hAT-Charlie	672	-	70	17148933	3542
chr11	17145391	17345391	harbor1	chr11	17178184	17178347	DNA/hAT-Charlie	580	-	82	17178266	32875
chr11	17145391	17345391	harbor1	chr11	17219981	17220161	DNA/hAT-Charlie	2063	-	90	17220071	74680
chr11	17145391	17345391	harbor1	chr11	17240412	17240480	DNA/hAT-Charlie	633	-	34	17240446	95055
chr11	17145391	17345391	harbor1	chr11	17240779	17240848	DNA/hAT-Charlie	633	-	34	17240813	95422
chr11	17145391	17345391	harbor1	chr11	17219384	17219684	DNA/hAT-Charlie	2063	-	150	17219534	74143
chr11	100696789	100896789	harbor1	chr11	100771562	100771603	DNA/hAT-Charlie	408	-	20	100771582	74793
chr11	100696789	100896789	harbor1	chr11	100771899	100772007	DNA/hAT-Charlie	408	-	54	100771953	75164
chr11	100696789	100896789	harbor1	chr11	100794424	100794535	DNA/hAT-Charlie	580	-	56	100794480	97691
chr11	108145695	108345695	harbor1	chr11	108176567	108176648	DNA/hAT-Charlie	441	-	40	108176607	30912
chr11	108145695	108345695	harbor1	chr11	108235346	108235546	DNA/hAT-Charlie	696	-	100	108235446	89751
chr11	68243792	68443792	harbor1	chr11	68247193	68247413	DNA/hAT-Charlie	1628	-	110	68247303	3511
chr11	68243792	68443792	harbor1	chr11	68266974	68267188	DNA/hAT-Charlie	923	-	107	68267081	23289
chr11	49235848	49435848	harbor1	chr11	49314931	49315140	DNA/hAT-Charlie	933	-	104	49315035	79187
chr11	85649151	85849151	harbor1	chr11	85675947	85676076	DNA/hAT-Charlie	408	-	64	85676011	26860
chr11	85649151	85849151	harbor1	chr11	85728209	85728283	DNA/hAT-Charlie	681	-	37	85728246	79095
chr11	85649151	85849151	harbor1	chr11	85728584	85728742	DNA/hAT-Charlie	681	-	79	85728663	79512
chr11	56611793	56811793	harbor1	chr11	56689839	56690000	DNA/hAT-Charlie	667	-	80	56689919	78126
chr11	9554511	9754511	harbor1	chr11	9594091	9594631	DNA/hAT-Charlie	3479	-	270	9594361	39850
chr11	9554511	9754511	harbor1	chr11	9620806	9620847	DNA/hAT-Charlie	923	-	20	9620826	66315
chr11	9554511	9754511	harbor1	chr11	9621145	9621260	DNA/hAT-Charlie	923	-	58	9621203	66692
chr11	9554511	9754511	harbor1	chr11	9621392	9621558	DNA/hAT-Charlie	923	-	83	9621475	66964
chr11	9554511	9754511	harbor1	chr11	9621649	9621798	DNA/hAT-Charlie	458	-	74	9621723	67212
chr11	9554511	9754511	harbor1	chr11	9621820	9621930	DNA/hAT-Charlie	490	-	55	9621875	67364
chr11	9554511	9754511	harbor1	chr11	9621952	9622051	DNA/hAT-Charlie	492	-	50	9622002	67491
chr11	9554511	9754511	harbor1	chr11	9623603	9623615	DNA/hAT-Charlie	492	-	6	9623609	69098
chr11	9554511	9754511	harbor1	chr11	9625398	9625582	DNA/hAT-Charlie	881	-	92	9625490	70979
chr11	9554511	9754511	harbor1	chr11	9627100	9627195	DNA/hAT-Charlie	538	-	48	9627148	72637
chr11	21832342	22032342	harbor1	chr11	21844153	21844251	DNA/hAT-Charlie	413	-	49	21844202	11860
chr11	21832342	22032342	harbor1	chr11	21887359	21887527	DNA/hAT-Charlie	444	-	84	21887443	55101
chr11	21832342	22032342	harbor1	chr11	21898916	21899057	DNA/hAT-Charlie	709	-	70	21898986	66644
chr11	21832342	22032342	harbor1	chr11	21909957	21910194	DNA/hAT-Charlie	435	-	118	21910075	77733
chr11	78137720	78337720	harbor1	chr11	78174819	78174955	DNA/hAT-Charlie	398	-	68	78174887	37167
chr11	78137720	78337720	harbor1	chr11	78206600	78206793	DNA/hAT-Charlie	682	-	96	78206696	68976
chr11	120980118	121180118	harbor1	chr11	120981423	120981571	DNA/hAT-Charlie	584	-	74	120981497	1379
chr11	120980118	121180118	harbor1	chr11	121025425	121025632	DNA/hAT-Charlie	675	-	104	121025529	45411
chr11	62900720	63100720	harbor1	chr11	62902930	62903187	DNA/hAT-Charlie	621	-	128	62903058	2338
chr11	62900720	63100720	harbor1	chr11	62907389	62907551	DNA/hAT-Charlie	800	-	81	62907470	6750
chr11	89964595	90164595	harbor1	chr11	89979498	89979625	DNA/hAT-Charlie	414	-	64	89979562	14967
chr11	76053459	76253459	harbor1	chr11	76085370	76085603	DNA/hAT-Charlie	902	-	116	76085486	32027
chr11	76053459	76253459	harbor1	chr11	76125887	76125950	DNA/hAT-Charlie	1109	-	32	76125919	72460
chr11	76053459	76253459	harbor1	chr11	76126241	76126512	DNA/hAT-Charlie	1109	-	136	76126377	72918
chr11	20341874	20541874	harbor1	chr11	20377002	20377120	DNA/hAT-Charlie	455	-	59	20377061	35187
chr11	20341874	20541874	harbor1	chr11	20377383	20377590	DNA/hAT-Charlie	455	-	104	20377487	35613
chr11	20341874	20541874	harbor1	chr11	20396750	20396872	DNA/hAT-Charlie	660	-	61	20396811	54937
chr11	20341874	20541874	harbor1	chr11	20429118	20429443	DNA/hAT-Charlie	2060	-	162	20429280	87406
chr11	106664915	106864915	harbor1	chr11	106716243	106716363	DNA/hAT-Charlie	587	-	60	106716303	51388
chr11	106664915	106864915	harbor1	chr11	106719667	106719818	DNA/hAT-Charlie	589	-	76	106719743	54828
chr11	106664915	106864915	harbor1	chr11	106741056	106741369	DNA/hAT-Charlie	1079	-	156	106741212	76297
chr11	111150438	111350438	harbor1	chr11	111155521	111155645	DNA/hAT-Charlie	578	-	62	111155583	5145
chr11	111150438	111350438	harbor1	chr11	111169271	111169416	DNA/hAT-Charlie	410	-	72	111169343	18905
chr11	111150438	111350438	harbor1	chr11	111176177	111176314	DNA/hAT-Charlie	390	-	68	111176245	25807
chr11	111150438	111350438	harbor1	chr11	111189814	111189977	DNA/hAT-Charlie	908	-	82	111189896	39458
chr11	111150438	111350438	harbor1	chr11	111244269	111244766	DNA/hAT-Charlie	1840	-	248	111244517	94079
chr11	105240540	105440540	harbor1	chr11	105260594	105260806	DNA/hAT-Charlie	885	-	106	105260700	20160
chr11	56697911	56897911	harbor1	chr11	56767151	56767239	DNA/hAT-Charlie	531	-	44	56767195	69284
chr11	56697911	56897911	harbor1	chr11	56767719	56767774	DNA/hAT-Charlie	531	-	28	56767747	69836
chr11	56697911	56897911	harbor1	chr11	56767964	56768158	DNA/hAT-Charlie	899	-	97	56768061	70150
chr11	80011438	80211438	harbor1	chr11	80030923	80031098	DNA/hAT-Charlie	644	-	88	80031011	19573
chr11	80011438	80211438	harbor1	chr11	80043696	80043790	DNA/hAT-Charlie	478	-	47	80043743	32305
chr11	80011438	80211438	harbor1	chr11	80051305	80051443	DNA/hAT-Charlie	525	-	69	80051374	39936
chr11	80011438	80211438	harbor1	chr11	80101209	80101669	DNA/hAT-Charlie	841	-	230	80101439	90001
chr11	74732599	74932599	harbor1	chr11	74808373	74808523	DNA/hAT-Charlie	488	-	75	74808448	75849
chr11	93730450	93930450	harbor1	chr11	93813553	93813736	DNA/hAT-Charlie	609	-	92	93813645	83195
chr11	93730450	93930450	harbor1	chr11	93814015	93814110	DNA/hAT-Charlie	609	-	48	93814063	83613
chr11	9234763	9434763	harbor1	chr11	9241262	9241440	DNA/hAT-Charlie	947	-	89	9241351	6588
chr11	124337303	124537303	harbor1	chr11	124351987	124352100	DNA/hAT-Charlie	605	-	56	124352043	14740
chr11	124337303	124537303	harbor1	chr11	124371630	124372361	DNA/hAT-Charlie	882	-	366	124371996	34693
chr11	124337303	124537303	harbor1	chr11	124379180	124379399	DNA/hAT-Charlie	639	-	110	124379290	41987
chr11	124337303	124537303	harbor1	chr11	124390359	124390554	DNA/hAT-Charlie	1178	-	98	124390457	53154
chr11	124337303	124537303	harbor1	chr11	124400901	124401055	DNA/hAT-Charlie	1940	-	77	124400978	63675
chr11	124337303	124537303	harbor1	chr11	124401433	124402081	DNA/hAT-Charlie	1940	-	324	124401757	64454
chr11	69096292	69296292	harbor1	chr11	69099859	69100035	DNA/hAT-Charlie	613	-	88	69099947	3655
chr11	69096292	69296292	harbor1	chr11	69125064	69125290	DNA/hAT-Charlie	862	-	113	69125177	28885
chr11	69096292	69296292	harbor1	chr11	69136987	69137201	DNA/hAT-Charlie	1132	-	107	69137094	40802
chr11	83020976	83220976	harbor1	chr11	83083776	83083954	DNA/hAT-Charlie	1085	-	89	83083865	62889
chr11	83020976	83220976	harbor1	chr11	83084487	83084824	DNA/hAT-Charlie	1035	-	168	83084655	63679
chr11	83020976	83220976	harbor1	chr11	83095433	83095562	DNA/hAT-Charlie	435	-	64	83095497	74521
chr11	83020976	83220976	harbor1	chr11	83095566	83095932	DNA/hAT-Charlie	625	-	183	83095749	74773
chr11	83020976	83220976	harbor1	chr11	83095945	83096127	DNA/hAT-Charlie	489	-	91	83096036	75060
chr11	133039330	133239330	harbor1	chr11	133080229	133080386	DNA/hAT-Charlie	456	-	78	133080307	40977
chr11	94913229	95113229	harbor1	chr11	94937205	94937362	DNA/hAT-Charlie	709	-	78	94937283	24054
chr11	94913229	95113229	harbor1	chr11	94942838	94943161	DNA/hAT-Charlie	2194	-	162	94943000	29771
chr11	94913229	95113229	harbor1	chr11	94952684	94952776	DNA/hAT-Charlie	532	-	46	94952730	39501
chr11	94913229	95113229	harbor1	chr11	94955706	94955790	DNA/hAT-Charlie	473	-	42	94955748	42519
chr11	23719433	23919433	harbor1	chr11	23774196	23774539	DNA/hAT-Charlie	2026	-	172	23774368	54935
chr11	13485066	13685066	harbor1	chr11	13491334	13491469	DNA/hAT-Charlie	557	-	68	13491402	6336
chr11	13485066	13685066	harbor1	chr11	13564240	13564350	DNA/hAT-Charlie	435	-	55	13564295	79229
chr11	43029780	43229780	harbor1	chr11	43066348	43066545	DNA/hAT-Charlie	755	-	98	43066446	36666
chr11	43029780	43229780	harbor1	chr11	43105569	43105860	DNA/hAT-Charlie	1148	-	146	43105715	75935
chr11	89717674	89917674	harbor1	chr11	89727861	89728141	DNA/hAT-Charlie	1791	-	140	89728001	10327
chr11	89717674	89917674	harbor1	chr11	89786519	89786646	DNA/hAT-Charlie	425	-	64	89786583	68909
chr11	134412616	134612616	harbor1	chr11	134421879	134422040	DNA/hAT-Charlie	463	-	80	134421959	9343
chr11	134412616	134612616	harbor1	chr11	134441584	134442318	DNA/hAT-Charlie	2149	-	367	134441951	29335
chr11	123804540	124004540	harbor1	chr11	123873603	123873753	DNA/hAT-Charlie	541	-	75	123873678	69138
chr11	123804540	124004540	harbor1	chr11	123904025	123904185	DNA/hAT-Charlie	684	-	80	123904105	99565
chr11	6773256	6973256	harbor1	chr11	6865523	6865854	DNA/hAT-Charlie	710	-	166	6865689	92433
chr11	133001290	133201290	harbor1	chr11	133009564	133009894	DNA/hAT-Charlie	1973	-	165	133009729	8439
chr11	133001290	133201290	harbor1	chr11	133011913	133012045	DNA/hAT-Charlie	505	-	66	133011979	10689
chr11	133001290	133201290	harbor1	chr11	133080229	133080386	DNA/hAT-Charlie	456	-	78	133080307	79017
chr11	19918299	20118299	harbor1	chr11	19922491	19922629	DNA/hAT-Charlie	394	-	69	19922560	4261
chr11	19918299	20118299	harbor1	chr11	19923224	19923462	DNA/hAT-Charlie	530	-	119	19923343	5044
chr11	19918299	20118299	harbor1	chr11	19928138	19928427	DNA/hAT-Charlie	476	-	144	19928282	9983
chr11	19918299	20118299	harbor1	chr11	19938314	19938638	DNA/hAT-Charlie	582	-	162	19938476	20177
chr11	19918299	20118299	harbor1	chr11	19976163	19976315	DNA/hAT-Charlie	538	-	76	19976239	57940
chr11	19918299	20118299	harbor1	chr11	19990712	19990885	DNA/hAT-Charlie	576	-	86	19990798	72499
chr11	49707120	49907120	harbor1	chr11	49731442	49731645	DNA/hAT-Charlie	800	-	102	49731544	24424
chr11	49707120	49907120	harbor1	chr11	49766475	49766621	DNA/hAT-Charlie	440	-	73	49766548	59428
chr11	49707120	49907120	harbor1	chr11	49767860	49768078	DNA/hAT-Charlie	879	-	109	49767969	60849
chr11	89153096	89353096	harbor1	chr11	89200464	89201809	DNA/hAT-Charlie	4733	-	672	89201136	48040
chr11	89153096	89353096	harbor1	chr11	89221081	89221255	DNA/hAT-Charlie	551	-	87	89221168	68072
chr11	77855610	78055610	harbor1	chr11	77889959	77890138	DNA/hAT-Charlie	445	-	90	77890049	34439
chr11	77855610	78055610	harbor1	chr11	77904284	77904615	DNA/hAT-Charlie	1251	-	166	77904450	48840
chr11	77855610	78055610	harbor1	chr11	77914577	77914796	DNA/hAT-Charlie	1343	-	110	77914687	59077
chr11	77855610	78055610	harbor1	chr11	77930534	77930698	DNA/hAT-Charlie	506	-	82	77930616	75006
chr11	77855610	78055610	harbor1	chr11	77954536	77954867	DNA/hAT-Charlie	1936	-	166	77954702	99092
chr11	95721650	95921650	harbor1	chr11	95751986	95752323	DNA/hAT-Charlie	903	-	168	95752154	30504
chr11	95721650	95921650	harbor1	chr11	95753116	95753507	DNA/hAT-Charlie	731	-	196	95753312	31662
chr11	95721650	95921650	harbor1	chr11	95765035	95765264	DNA/hAT-Charlie	1158	-	114	95765149	43499
chr11	95721650	95921650	harbor1	chr11	95802561	95802860	DNA/hAT-Charlie	1092	-	150	95802711	81061
chr11	95027815	95227815	harbor1	chr11	95073370	95073534	DNA/hAT-Charlie	819	-	82	95073452	45637
chr11	95027815	95227815	harbor1	chr11	95081301	95081468	DNA/hAT-Charlie	509	-	84	95081385	53570
chr11	95027815	95227815	harbor1	chr11	95082065	95082212	DNA/hAT-Charlie	505	-	74	95082139	54324
chr11	95027815	95227815	harbor1	chr11	95101091	95101306	DNA/hAT-Charlie	1281	-	108	95101199	73384
chr11	95027815	95227815	harbor1	chr11	95111300	95111801	DNA/hAT-Charlie	3681	-	250	95111550	83735
chr11	40027430	40227430	harbor1	chr11	40073241	40073447	DNA/hAT-Charlie	688	-	103	40073344	45914
chr11	40027430	40227430	harbor1	chr11	40075861	40076269	DNA/hAT-Charlie	867	-	204	40076065	48635
chr11	40027430	40227430	harbor1	chr11	40089984	40090107	DNA/hAT-Charlie	462	-	62	40090046	62616
chr11	40027430	40227430	harbor1	chr11	40094652	40094700	DNA/hAT-Charlie	915	-	24	40094676	67246
chr11	40027430	40227430	harbor1	chr11	40094998	40095166	DNA/hAT-Charlie	915	-	84	40095082	67652
chr11	40027430	40227430	harbor1	chr11	40123060	40123220	DNA/hAT-Charlie	917	-	80	40123140	95710
chr11	17240056	17440056	harbor1	chr11	17240412	17240480	DNA/hAT-Charlie	633	-	34	17240446	390
chr11	17240056	17440056	harbor1	chr11	17240779	17240848	DNA/hAT-Charlie	633	-	34	17240813	757
chr11	17240056	17440056	harbor1	chr11	17259713	17260041	DNA/hAT-Charlie	1042	-	164	17259877	19821
chr11	17240056	17440056	harbor1	chr11	17268336	17268547	DNA/hAT-Charlie	669	-	106	17268442	28386
chr11	17240056	17440056	harbor1	chr11	17292435	17292623	DNA/hAT-Charlie	1067	-	94	17292529	52473
chr11	17240056	17440056	harbor1	chr11	17299230	17299360	DNA/hAT-Charlie	494	-	65	17299295	59239
chr11	17240056	17440056	harbor1	chr11	17306264	17306388	DNA/hAT-Charlie	412	-	62	17306326	66270
chr11	118939678	119139678	harbor1	chr11	118996556	118996635	DNA/hAT-Charlie	774	-	40	118996596	56918
chr11	118939678	119139678	harbor1	chr11	119010843	119011146	DNA/hAT-Charlie	1752	-	152	119010995	71317
chr11	118939678	119139678	harbor1	chr11	118996934	118997058	DNA/hAT-Charlie	774	-	62	118996996	57318
chr11	32256513	32456513	harbor1	chr11	32306651	32306755	DNA/hAT-Charlie	664	-	52	32306703	50190
chr11	32256513	32456513	harbor1	chr11	32307065	32307270	DNA/hAT-Charlie	664	-	102	32307167	50654
chr11	32256513	32456513	harbor1	chr11	32324259	32324755	DNA/hAT-Charlie	2457	-	248	32324507	67994
chr11	32256513	32456513	harbor1	chr11	32329903	32330097	DNA/hAT-Charlie	500	-	97	32330000	73487
chr11	32256513	32456513	harbor1	chr11	32346579	32346935	DNA/hAT-Charlie	1113	-	178	32346757	90244
chr11	32256513	32456513	harbor1	chr11	32352281	32352412	DNA/hAT-Charlie	408	-	66	32352347	95834
chr11	32256513	32456513	harbor1	chr11	32352885	32352914	DNA/hAT-Charlie	408	-	14	32352899	96386
chr11	129836097	130036097	harbor1	chr11	129838217	129838361	DNA/hAT-Charlie	456	-	72	129838289	2192
chr11	129836097	130036097	harbor1	chr11	129863651	129863847	DNA/hAT-Charlie	884	-	98	129863749	27652
chr11	129836097	130036097	harbor1	chr11	129902951	129903012	DNA/hAT-Charlie	734	-	30	129902981	66884
chr11	129836097	130036097	harbor1	chr11	129903342	129903543	DNA/hAT-Charlie	734	-	100	129903442	67345
chr11	74867983	75067983	harbor1	chr11	74912751	74912917	DNA/hAT-Charlie	879	-	83	74912834	44851
chr11	74867983	75067983	harbor1	chr11	74943436	74943524	DNA/hAT-Charlie	698	-	44	74943480	75497
chr11	74867983	75067983	harbor1	chr11	74943569	74943803	DNA/hAT-Charlie	698	-	117	74943686	75703
chr11	29143489	29343489	harbor1	chr11	29150978	29151178	DNA/hAT-Charlie	405	-	100	29151078	7589
chr11	29143489	29343489	harbor1	chr11	29151254	29151389	DNA/hAT-Charlie	531	-	68	29151322	7833
chr11	12286716	12486716	harbor1	chr11	12323646	12323841	DNA/hAT-Charlie	889	-	98	12323744	37028
chr11	12286716	12486716	harbor1	chr11	12374029	12374211	DNA/hAT-Charlie	842	-	91	12374120	87404
chr11	12286716	12486716	harbor1	chr11	12374729	12374785	DNA/hAT-Charlie	842	-	28	12374757	88041
chr11	12286716	12486716	harbor1	chr11	12385569	12385906	DNA/hAT-Charlie	1190	-	168	12385737	99021
chr11	27679324	27879324	harbor1	chr11	27702246	27702400	DNA/hAT-Charlie	424	-	77	27702323	22999
chr11	27679324	27879324	harbor1	chr11	27726487	27726629	DNA/hAT-Charlie	458	-	71	27726558	47234
chr11	27679324	27879324	harbor1	chr11	27766261	27766583	DNA/hAT-Charlie	491	-	161	27766422	87098
chr11	9032564	9232564	harbor1	chr11	9077169	9077323	DNA/hAT-Charlie	518	-	77	9077246	44682
chr11	38238782	38438782	harbor1	chr11	38266543	38266689	DNA/hAT-Charlie	1942	-	73	38266616	27834
chr11	38238782	38438782	harbor1	chr11	38267055	38267227	DNA/hAT-Charlie	1942	-	86	38267141	28359
chr11	100456914	100656914	harbor1	chr11	100507211	100507364	DNA/hAT-Charlie	482	-	76	100507287	50373
chr11	100456914	100656914	harbor1	chr11	100535739	100536026	DNA/hAT-Charlie	506	-	144	100535883	78969
chr11	31962740	32162740	harbor1	chr11	31976103	31976247	DNA/hAT-Charlie	728	-	72	31976175	13435
chr11	31962740	32162740	harbor1	chr11	32014658	32014896	DNA/hAT-Charlie	1251	-	119	32014777	52037
chr11	31962740	32162740	harbor1	chr11	32014944	32015215	DNA/hAT-Charlie	1251	-	136	32015080	52340
chr11	31962740	32162740	harbor1	chr11	32022826	32022875	DNA/hAT-Charlie	490	-	24	32022850	60110
chr11	31962740	32162740	harbor1	chr11	32023213	32023425	DNA/hAT-Charlie	490	-	106	32023319	60579
chr11	31962740	32162740	harbor1	chr11	32051007	32051142	DNA/hAT-Charlie	508	-	68	32051075	88335
chr11	9018191	9218191	harbor1	chr11	9077169	9077323	DNA/hAT-Charlie	518	-	77	9077246	59055
chr11	82087619	82287619	harbor1	chr11	82146999	82147123	DNA/hAT-Charlie	492	-	62	82147061	59442
chr11	2501603	2701603	harbor1	chr11	2580265	2580536	DNA/hAT-Charlie	457	-	136	2580401	78798
chr11	2501603	2701603	harbor1	chr11	2600097	2600281	DNA/hAT-Charlie	898	-	92	2600189	98586
chr11	134412905	134612905	harbor1	chr11	134421879	134422040	DNA/hAT-Charlie	463	-	80	134421959	9054
chr11	134412905	134612905	harbor1	chr11	134441584	134442318	DNA/hAT-Charlie	2149	-	367	134441951	29046
chr11	47771432	47971432	harbor1	chr11	47784133	47784302	DNA/hAT-Charlie	526	-	84	47784217	12785
chr11	73337356	73537356	harbor1	chr11	73396841	73397123	DNA/hAT-Charlie	1233	-	141	73396982	59626
chr11	103797045	103997045	harbor1	chr11	103844898	103845063	DNA/hAT-Charlie	797	-	82	103844980	47935
chr11	109724655	109924655	harbor1	chr11	109753360	109753590	DNA/hAT-Charlie	743	-	115	109753475	28820
chr11	109724655	109924655	harbor1	chr11	109783297	109783419	DNA/hAT-Charlie	439	-	61	109783358	58703
chr11	109724655	109924655	harbor1	chr11	109796848	109798285	DNA/hAT-Charlie	5289	-	718	109797566	72911
chr11	96747160	96947160	harbor1	chr11	96750529	96750862	DNA/hAT-Charlie	763	-	166	96750695	3535
chr11	96747160	96947160	harbor1	chr11	96765203	96765410	DNA/hAT-Charlie	770	-	104	96765307	18147
chr11	96747160	96947160	harbor1	chr11	96765970	96766151	DNA/hAT-Charlie	499	-	90	96766060	18900
chr11	96747160	96947160	harbor1	chr11	96799326	96799535	DNA/hAT-Charlie	845	-	104	96799430	52270
chr11	102681897	102881897	harbor1	chr11	102720972	102721173	DNA/hAT-Charlie	927	-	100	102721072	39175
chr11	9135891	9335891	harbor1	chr11	9207671	9207908	DNA/hAT-Charlie	560	-	118	9207789	71898
chr11	69254265	69454265	harbor1	chr11	69276408	69276532	DNA/hAT-Charlie	703	-	62	69276470	22205
chr11	69254265	69454265	harbor1	chr11	69276834	69276935	DNA/hAT-Charlie	703	-	50	69276884	22619
chr11	123475973	123675973	harbor1	chr11	123479627	123479989	DNA/hAT-Charlie	1399	-	181	123479808	3835
chr11	123475973	123675973	harbor1	chr11	123498718	123498897	DNA/hAT-Charlie	530	-	90	123498808	22835
chr11	123475973	123675973	harbor1	chr11	123553018	123553168	DNA/hAT-Charlie	482	-	75	123553093	77120
chr11	123475973	123675973	harbor1	chr11	123562366	123562622	DNA/hAT-Charlie	1195	-	128	123562494	86521
chr11	34577149	34777149	harbor1	chr11	34604375	34604587	DNA/hAT-Charlie	486	-	106	34604481	27332
chr11	34577149	34777149	harbor1	chr11	34604611	34604738	DNA/hAT-Charlie	452	-	64	34604675	27526
chr11	34577149	34777149	harbor1	chr11	34659792	34660003	DNA/hAT-Charlie	1075	-	106	34659898	82749
chr11	34577149	34777149	harbor1	chr11	34664962	34665143	DNA/hAT-Charlie	830	-	90	34665052	87903
chr11	125208254	125408254	harbor1	chr11	125229301	125229534	DNA/hAT-Charlie	595	-	116	125229417	21163
chr11	125208254	125408254	harbor1	chr11	125282445	125282604	DNA/hAT-Charlie	906	-	80	125282525	74271
chr11	29635974	29835974	harbor1	chr11	29657545	29657694	DNA/hAT-Charlie	736	-	74	29657619	21645
chr11	29635974	29835974	harbor1	chr11	29661336	29661572	DNA/hAT-Charlie	481	-	118	29661454	25480
chr11	29635974	29835974	harbor1	chr11	29684161	29684499	DNA/hAT-Charlie	2310	-	169	29684330	48356
chr11	120018880	120218880	harbor1	chr11	120021402	120021728	DNA/hAT-Charlie	802	-	163	120021565	2685
chr11	120018880	120218880	harbor1	chr11	120053261	120053446	DNA/hAT-Charlie	386	-	92	120053353	34473
chr11	24031109	24231109	harbor1	chr11	24068601	24068750	DNA/hAT-Charlie	568	-	74	24068675	37566
chr11	24031109	24231109	harbor1	chr11	24125874	24126076	DNA/hAT-Charlie	472	-	101	24125975	94866
chr11	113746120	113946120	harbor1	chr11	113765572	113765719	DNA/hAT-Charlie	725	-	74	113765646	19526
chr11	113746120	113946120	harbor1	chr11	113799765	113799881	DNA/hAT-Charlie	486	-	58	113799823	53703
chr11	113746120	113946120	harbor1	chr11	113801753	113801926	DNA/hAT-Charlie	672	-	86	113801839	55719
chr11	113746120	113946120	harbor1	chr11	113801983	113802145	DNA/hAT-Charlie	517	-	81	113802064	55944
chr11	11088926	11288926	harbor1	chr11	11093258	11093531	DNA/hAT-Charlie	1318	-	136	11093394	4468
chr11	11088926	11288926	harbor1	chr11	11095989	11096200	DNA/hAT-Charlie	671	-	106	11096095	7169
chr11	11088926	11288926	harbor1	chr11	11098830	11098997	DNA/hAT-Charlie	562	-	84	11098914	9988
chr11	11088926	11288926	harbor1	chr11	11107816	11107973	DNA/hAT-Charlie	944	-	78	11107894	18968
chr11	11088926	11288926	harbor1	chr11	11147097	11147294	DNA/hAT-Charlie	906	-	98	11147195	58269
chr11	11088926	11288926	harbor1	chr11	11156999	11157202	DNA/hAT-Charlie	476	-	102	11157101	68175
chr11	11088926	11288926	harbor1	chr11	11188594	11188757	DNA/hAT-Charlie	549	-	82	11188676	99750
chr11	128612171	128812171	harbor1	chr11	128656246	128656368	DNA/hAT-Charlie	645	-	61	128656307	44136
chr11	128612171	128812171	harbor1	chr11	128656686	128656736	DNA/hAT-Charlie	645	-	25	128656711	44540
chr11	128612171	128812171	harbor1	chr11	128666822	128666965	DNA/hAT-Charlie	800	-	72	128666894	54723
chr11	6450917	6650917	harbor1	chr11	6509890	6510088	DNA/hAT-Charlie	488	-	99	6509989	59072
chr11	6450917	6650917	harbor1	chr11	6510385	6510419	DNA/hAT-Charlie	488	-	17	6510402	59485
chr11	10446664	10646664	harbor1	chr11	10447726	10448083	DNA/hAT-Charlie	613	-	178	10447904	1240
chr11	10446664	10646664	harbor1	chr11	10503488	10503860	DNA/hAT-Charlie	1172	-	186	10503674	57010
chr11	10446664	10646664	harbor1	chr11	10519876	10520091	DNA/hAT-Charlie	1263	-	108	10519984	73320
chr11	80368797	80568797	harbor1	chr11	80446964	80447172	DNA/hAT-Charlie	577	-	104	80447068	78271
chr11	20604955	20804955	harbor1	chr11	20613828	20614012	DNA/hAT-Charlie	1033	-	92	20613920	8965
chr11	20604955	20804955	harbor1	chr11	20615751	20616084	DNA/hAT-Charlie	795	-	166	20615917	10962
chr11	20604955	20804955	harbor1	chr11	20635714	20635945	DNA/hAT-Charlie	1040	-	116	20635830	30875
chr11	20604955	20804955	harbor1	chr11	20682209	20682541	DNA/hAT-Charlie	1061	-	166	20682375	77420
chr11	20604955	20804955	harbor1	chr11	20685308	20685436	DNA/hAT-Charlie	648	-	64	20685372	80417
chr11	30235927	30435927	harbor1	chr11	30320718	30320905	DNA/hAT-Charlie	768	-	94	30320812	84885
chr11	30235927	30435927	harbor1	chr11	30326211	30326344	DNA/hAT-Charlie	641	-	66	30326277	90350
chr11	83901266	84101266	harbor1	chr11	83973660	83973842	DNA/hAT-Charlie	437	-	91	83973751	72485
chr11	9375860	9575860	harbor1	chr11	9420812	9420948	DNA/hAT-Charlie	541	-	68	9420880	45020
chr11	9375860	9575860	harbor1	chr11	9421261	9421365	DNA/hAT-Charlie	509	-	52	9421313	45453
chr11	9375860	9575860	harbor1	chr11	9421640	9421662	DNA/hAT-Charlie	556	-	11	9421651	45791
chr11	9375860	9575860	harbor1	chr11	9421957	9421997	DNA/hAT-Charlie	556	-	20	9421977	46117
chr11	9375860	9575860	harbor1	chr11	9422243	9422258	DNA/hAT-Charlie	556	-	8	9422251	46391
chr11	9375860	9575860	harbor1	chr11	9422298	9422513	DNA/hAT-Charlie	556	-	108	9422406	46546
chr11	9375860	9575860	harbor1	chr11	9429927	9430213	DNA/hAT-Charlie	1550	-	143	9430070	54210
chr11	132239446	132439446	harbor1	chr11	132254815	132255025	DNA/hAT-Charlie	887	-	105	132254920	15474
chr11	4927148	5127148	harbor1	chr11	4941491	4941636	DNA/hAT-Charlie	592	-	72	4941563	14415
chr11	4927148	5127148	harbor1	chr11	4943484	4943702	DNA/hAT-Charlie	969	-	109	4943593	16445
chr11	4927148	5127148	harbor1	chr11	5009967	5010177	DNA/hAT-Charlie	788	-	105	5010072	82924
chr11	5384615	5584615	harbor1	chr11	5439524	5439706	DNA/hAT-Charlie	538	-	91	5439615	55000
chr11	5384615	5584615	harbor1	chr11	5439820	5439949	DNA/hAT-Charlie	409	-	64	5439884	55269
chr11	7813040	8013040	harbor1	chr11	7835348	7835520	DNA/hAT-Charlie	737	-	86	7835434	22394
chr11	7813040	8013040	harbor1	chr11	7891240	7891708	DNA/hAT-Charlie	1911	-	234	7891474	78434
chr11	75168679	75368679	harbor1	chr11	75183069	75183369	DNA/hAT-Charlie	1390	-	150	75183219	14540
chr11	75168679	75368679	harbor1	chr11	75261363	75261565	DNA/hAT-Charlie	530	-	101	75261464	92785
chr11	127350412	127550412	harbor1	chr11	127403222	127403433	DNA/hAT-Charlie	922	-	106	127403328	52916
chr11	127350412	127550412	harbor1	chr11	127448305	127448495	DNA/hAT-Charlie	760	-	95	127448400	97988
chr11	9538801	9738801	harbor1	chr11	9594091	9594631	DNA/hAT-Charlie	3479	-	270	9594361	55560
chr11	9538801	9738801	harbor1	chr11	9620806	9620847	DNA/hAT-Charlie	923	-	20	9620826	82025
chr11	9538801	9738801	harbor1	chr11	9621145	9621260	DNA/hAT-Charlie	923	-	58	9621203	82402
chr11	9538801	9738801	harbor1	chr11	9621392	9621558	DNA/hAT-Charlie	923	-	83	9621475	82674
chr11	9538801	9738801	harbor1	chr11	9621649	9621798	DNA/hAT-Charlie	458	-	74	9621723	82922
chr11	9538801	9738801	harbor1	chr11	9621820	9621930	DNA/hAT-Charlie	490	-	55	9621875	83074
chr11	9538801	9738801	harbor1	chr11	9621952	9622051	DNA/hAT-Charlie	492	-	50	9622002	83201
chr11	9538801	9738801	harbor1	chr11	9623603	9623615	DNA/hAT-Charlie	492	-	6	9623609	84808
chr11	9538801	9738801	harbor1	chr11	9625398	9625582	DNA/hAT-Charlie	881	-	92	9625490	86689
chr11	9538801	9738801	harbor1	chr11	9627100	9627195	DNA/hAT-Charlie	538	-	48	9627148	88347
chr11	15249896	15449896	harbor1	chr11	15275672	15275816	DNA/hAT-Charlie	436	-	72	15275744	25848
chr11	15249896	15449896	harbor1	chr11	15287809	15288018	DNA/hAT-Charlie	977	-	104	15287913	38017
chr11	15249896	15449896	harbor1	chr11	15301444	15301652	DNA/hAT-Charlie	582	-	104	15301548	51652
chr11	15249896	15449896	harbor1	chr11	15306885	15307053	DNA/hAT-Charlie	538	-	84	15306969	57073
chr11	15249896	15449896	harbor1	chr11	15322617	15322860	DNA/hAT-Charlie	652	-	122	15322739	72843
chr11	26823811	27023811	harbor1	chr11	26837302	26837406	DNA/hAT-Charlie	540	-	52	26837354	13543
chr11	18238699	18438699	harbor1	chr11	18267956	18268101	DNA/hAT-Charlie	416	-	72	18268028	29329
chr11	18238699	18438699	harbor1	chr11	18268390	18268414	DNA/hAT-Charlie	416	-	12	18268402	29703
chr11	18238699	18438699	harbor1	chr11	18283957	18284159	DNA/hAT-Charlie	1007	-	101	18284058	45359
chr11	18238699	18438699	harbor1	chr11	18294737	18294949	DNA/hAT-Charlie	1343	-	106	18294843	56144
chr11	18238699	18438699	harbor1	chr11	18323642	18323818	DNA/hAT-Charlie	391	-	88	18323730	85031
chr11	95914558	96114558	harbor1	chr11	95918203	95918391	DNA/hAT-Charlie	1056	-	94	95918297	3739
chr11	95914558	96114558	harbor1	chr11	95925810	95925905	DNA/hAT-Charlie	406	-	48	95925858	11300
chr11	95914558	96114558	harbor1	chr11	95926207	95926360	DNA/hAT-Charlie	460	-	76	95926283	11725
chr11	88259323	88459323	harbor1	chr11	88286793	88286998	DNA/hAT-Charlie	957	-	102	88286895	27572
chr11	88259323	88459323	harbor1	chr11	88313850	88314081	DNA/hAT-Charlie	757	-	116	88313966	54643
chr11	88259323	88459323	harbor1	chr11	88314115	88314295	DNA/hAT-Charlie	713	-	90	88314205	54882
chr11	88259323	88459323	harbor1	chr11	88319311	88319628	DNA/hAT-Charlie	716	-	158	88319469	60146
chr11	88259323	88459323	harbor1	chr11	88339675	88339880	DNA/hAT-Charlie	798	-	102	88339777	80454
chr11	88259323	88459323	harbor1	chr11	88340605	88340911	DNA/hAT-Charlie	798	-	153	88340758	81435
chr11	88259323	88459323	harbor1	chr11	88345073	88345457	DNA/hAT-Charlie	1152	-	192	88345265	85942
chr11	88259323	88459323	harbor1	chr11	88347463	88347544	DNA/hAT-Charlie	584	-	40	88347503	88180
chr11	88259323	88459323	harbor1	chr11	88347781	88347821	DNA/hAT-Charlie	584	-	20	88347801	88478
chr11	88259323	88459323	harbor1	chr11	88347907	88348019	DNA/hAT-Charlie	827	-	56	88347963	88640
chr11	111999346	112199346	harbor1	chr11	112062036	112062208	DNA/hAT-Charlie	591	-	86	112062122	62776
chr11	18275911	18475911	harbor1	chr11	18283957	18284159	DNA/hAT-Charlie	1007	-	101	18284058	8147
chr11	18275911	18475911	harbor1	chr11	18294737	18294949	DNA/hAT-Charlie	1343	-	106	18294843	18932
chr11	18275911	18475911	harbor1	chr11	18323642	18323818	DNA/hAT-Charlie	391	-	88	18323730	47819
chr11	50323124	50523124	harbor1	chr11	50414468	50414715	DNA/hAT-Charlie	642	-	124	50414592	91468
chr11	18267351	18467351	harbor1	chr11	18267956	18268101	DNA/hAT-Charlie	416	-	72	18268028	677
chr11	18267351	18467351	harbor1	chr11	18268390	18268414	DNA/hAT-Charlie	416	-	12	18268402	1051
chr11	18267351	18467351	harbor1	chr11	18283957	18284159	DNA/hAT-Charlie	1007	-	101	18284058	16707
chr11	18267351	18467351	harbor1	chr11	18294737	18294949	DNA/hAT-Charlie	1343	-	106	18294843	27492
chr11	18267351	18467351	harbor1	chr11	18323642	18323818	DNA/hAT-Charlie	391	-	88	18323730	56379
chr11	85876108	86076108	harbor1	chr11	85897480	85897647	DNA/hAT-Charlie	589	-	84	85897564	21456
chr11	85876108	86076108	harbor1	chr11	85913681	85913800	DNA/hAT-Charlie	408	-	60	85913741	37633
chr11	101771192	101971192	harbor1	chr11	101818651	101818845	DNA/hAT-Charlie	816	-	97	101818748	47556
chr11	101771192	101971192	harbor1	chr11	101847270	101847424	DNA/hAT-Charlie	616	-	77	101847347	76155
chr11	8162192	8362192	harbor1	chr11	8170383	8170512	DNA/hAT-Charlie	569	-	64	8170447	8255
chr11	8162192	8362192	harbor1	chr11	8205923	8206097	DNA/hAT-Charlie	833	-	87	8206010	43818
chr11	46371371	46571371	harbor1	chr11	46427505	46427680	DNA/hAT-Charlie	883	-	88	46427593	56222
chr11	46371371	46571371	harbor1	chr11	46437922	46438056	DNA/hAT-Charlie	469	-	67	46437989	66618
chr11	46371371	46571371	harbor1	chr11	46446543	46446749	DNA/hAT-Charlie	1215	-	103	46446646	75275
chr11	44566246	44766246	harbor1	chr11	44575439	44575620	DNA/hAT-Charlie	1016	-	90	44575529	9283
chr11	44566246	44766246	harbor1	chr11	44590186	44590326	DNA/hAT-Charlie	644	-	70	44590256	24010
chr11	44566246	44766246	harbor1	chr11	44590638	44590714	DNA/hAT-Charlie	644	-	38	44590676	24430
chr11	77809083	78009083	harbor1	chr11	77811057	77811221	DNA/hAT-Charlie	674	-	82	77811139	2056
chr11	77809083	78009083	harbor1	chr11	77817093	77817591	DNA/hAT-Charlie	1961	-	249	77817342	8259
chr11	77809083	78009083	harbor1	chr11	77832820	77832940	DNA/hAT-Charlie	835	-	60	77832880	23797
chr11	77809083	78009083	harbor1	chr11	77833226	77833635	DNA/hAT-Charlie	2834	-	204	77833430	24347
chr11	77809083	78009083	harbor1	chr11	77889959	77890138	DNA/hAT-Charlie	445	-	90	77890049	80966
chr11	77809083	78009083	harbor1	chr11	77904284	77904615	DNA/hAT-Charlie	1251	-	166	77904450	95367
chr11	87861723	88061723	harbor1	chr11	87942179	87942320	DNA/hAT-Charlie	592	-	70	87942249	80526
chr11	87861723	88061723	harbor1	chr11	87960159	87960346	DNA/hAT-Charlie	806	-	94	87960253	98530
chr11	69936563	70136563	harbor1	chr11	69941734	69941912	DNA/hAT-Charlie	726	-	89	69941823	5260
chr11	69936563	70136563	harbor1	chr11	69966930	69967142	DNA/hAT-Charlie	867	-	106	69967036	30473
chr11	69936563	70136563	harbor1	chr11	69994174	69994315	DNA/hAT-Charlie	390	-	70	69994244	57681
chr11	69936563	70136563	harbor1	chr11	69994696	69994931	DNA/hAT-Charlie	427	-	118	69994814	58251
chr11	69936563	70136563	harbor1	chr11	69996136	69996586	DNA/hAT-Charlie	625	-	225	69996361	59798
chr11	59287099	59487099	harbor1	chr11	59301021	59301202	DNA/hAT-Charlie	610	-	90	59301111	14012
chr11	104703064	104903064	harbor1	chr11	104720343	104720551	DNA/hAT-Charlie	846	-	104	104720447	17383
chr11	104703064	104903064	harbor1	chr11	104721239	104721444	DNA/hAT-Charlie	1052	-	102	104721341	18277
chr11	104703064	104903064	harbor1	chr11	104754388	104754511	DNA/hAT-Charlie	484	-	62	104754450	51386
chr11	104703064	104903064	harbor1	chr11	104754556	104754601	DNA/hAT-Charlie	484	-	22	104754578	51514
chr11	104703064	104903064	harbor1	chr11	104782405	104782572	DNA/hAT-Charlie	652	-	84	104782489	79425
chr11	85906126	86106126	harbor1	chr11	85913681	85913800	DNA/hAT-Charlie	408	-	60	85913741	7615
chr11	85906126	86106126	harbor1	chr11	85986836	85986954	DNA/hAT-Charlie	439	-	59	85986895	80769
chr11	104394103	104594103	harbor1	chr11	104473534	104473716	DNA/hAT-Charlie	852	-	91	104473625	79522
chr11	99067646	99267646	harbor1	chr11	99070909	99071063	DNA/hAT-Charlie	420	-	77	99070986	3340
chr11	99067646	99267646	harbor1	chr11	99081881	99082123	DNA/hAT-Charlie	563	-	121	99082002	14356
chr11	99067646	99267646	harbor1	chr11	99104253	99104391	DNA/hAT-Charlie	636	-	69	99104322	36676
chr11	84881492	85081492	harbor1	chr11	84881516	84881719	DNA/hAT-Charlie	463	-	102	84881618	126
chr11	84881492	85081492	harbor1	chr11	84908116	84908442	DNA/hAT-Charlie	1469	-	163	84908279	26787
chr11	84881492	85081492	harbor1	chr11	84927506	84927778	DNA/hAT-Charlie	1067	-	136	84927642	46150
chr11	84881492	85081492	harbor1	chr11	84929349	84929815	DNA/hAT-Charlie	1112	-	233	84929582	48090
chr11	84881492	85081492	harbor1	chr11	84954916	84955134	DNA/hAT-Charlie	1003	-	109	84955025	73533
chr11	84881492	85081492	harbor1	chr11	84955574	84955927	DNA/hAT-Charlie	662	-	176	84955750	74258
chr11	84881492	85081492	harbor1	chr11	84973675	84973985	DNA/hAT-Charlie	1343	-	155	84973830	92338
chr11	61038779	61238779	harbor1	chr11	61038861	61039336	DNA/hAT-Charlie	1357	-	238	61039099	320
chr11	61038779	61238779	harbor1	chr11	61039649	61039710	DNA/hAT-Charlie	1357	-	30	61039679	900
chr11	61038779	61238779	harbor1	chr11	61065326	61065403	DNA/hAT-Charlie	1022	-	38	61065364	26585
chr11	61038779	61238779	harbor1	chr11	61065716	61065854	DNA/hAT-Charlie	1022	-	69	61065785	27006
chr11	61038779	61238779	harbor1	chr11	61077016	61077325	DNA/hAT-Charlie	484	-	154	61077170	38391
chr11	61038779	61238779	harbor1	chr11	61086931	61087165	DNA/hAT-Charlie	391	-	117	61087048	48269
chr11	61038779	61238779	harbor1	chr11	61115547	61115749	DNA/hAT-Charlie	475	-	101	61115648	76869
chr11	61038779	61238779	harbor1	chr11	61136631	61136847	DNA/hAT-Charlie	579	-	108	61136739	97960
chr11	35005890	35205890	harbor1	chr11	35034845	35035005	DNA/hAT-Charlie	725	-	80	35034925	29035
chr11	130590810	130790810	harbor1	chr11	130652735	130652952	DNA/hAT-Charlie	881	-	108	130652843	62033
chr11	130590810	130790810	harbor1	chr11	130671031	130671209	DNA/hAT-Charlie	758	-	89	130671120	80310
chr11	17644643	17844643	harbor1	chr11	17670678	17670827	DNA/hAT-Charlie	480	-	74	17670752	26109
chr11	17644643	17844643	harbor1	chr11	17698686	17698825	DNA/hAT-Charlie	558	-	70	17698756	54113
chr11	17644643	17844643	harbor1	chr11	17715420	17715660	DNA/hAT-Charlie	543	-	120	17715540	70897
chr11	125523757	125723757	harbor1	chr11	125617777	125618098	DNA/hAT-Charlie	981	-	160	125617937	94180
chr11	27928269	28128269	harbor1	chr11	27937818	27937974	DNA/hAT-Charlie	386	-	78	27937896	9627
chr11	27928269	28128269	harbor1	chr11	27938212	27938968	DNA/hAT-Charlie	2226	-	378	27938590	10321
chr11	27928269	28128269	harbor1	chr11	27981645	27981793	DNA/hAT-Charlie	457	-	74	27981719	53450
chr11	27928269	28128269	harbor1	chr11	27996818	27996922	DNA/hAT-Charlie	449	-	52	27996870	68601
chr11	20521196	20721196	harbor1	chr11	20525162	20525360	DNA/hAT-Charlie	417	-	99	20525261	4065
chr11	20521196	20721196	harbor1	chr11	20530996	20531169	DNA/hAT-Charlie	903	-	86	20531082	9886
chr11	20521196	20721196	harbor1	chr11	20547446	20547643	DNA/hAT-Charlie	624	-	98	20547544	26348
chr11	20521196	20721196	harbor1	chr11	20550964	20551320	DNA/hAT-Charlie	1378	-	178	20551142	29946
chr11	20521196	20721196	harbor1	chr11	20613828	20614012	DNA/hAT-Charlie	1033	-	92	20613920	92724
chr11	20521196	20721196	harbor1	chr11	20615751	20616084	DNA/hAT-Charlie	795	-	166	20615917	94721
chr11	121428805	121628805	harbor1	chr11	121470998	121471448	DNA/hAT-Charlie	867	-	225	121471223	42418
chr11	121428805	121628805	harbor1	chr11	121509134	121509481	DNA/hAT-Charlie	568	-	174	121509308	80503
chr11	121428805	121628805	harbor1	chr11	121509774	121509844	DNA/hAT-Charlie	568	-	35	121509809	81004
chr11	121428805	121628805	harbor1	chr11	121512084	121512226	DNA/hAT-Charlie	400	-	71	121512155	83350
chr11	121428805	121628805	harbor1	chr11	121514390	121514563	DNA/hAT-Charlie	688	-	86	121514476	85671
chr11	26448784	26648784	harbor1	chr11	26475903	26476087	DNA/hAT-Charlie	747	-	92	26475995	27211
chr11	26448784	26648784	harbor1	chr11	26520686	26520849	DNA/hAT-Charlie	387	-	82	26520768	71984
chr11	82433722	82633722	harbor1	chr11	82459200	82459375	DNA/hAT-Charlie	629	-	88	82459288	25566
chr11	82433722	82633722	harbor1	chr11	82514878	82515030	DNA/hAT-Charlie	708	-	76	82514954	81232
chr11	87455305	87655305	harbor1	chr11	87467109	87467264	DNA/hAT-Charlie	435	-	78	87467187	11882
chr11	87455305	87655305	harbor1	chr11	87515644	87515853	DNA/hAT-Charlie	1082	-	104	87515748	60443
chr11	50035481	50235481	harbor1	chr11	50078580	50078987	DNA/hAT-Charlie	2343	-	204	50078784	43303
chr11	50035481	50235481	harbor1	chr11	50087890	50088316	DNA/hAT-Charlie	2791	-	213	50088103	52622
chr11	50035481	50235481	harbor1	chr11	50097900	50098370	DNA/hAT-Charlie	3308	-	235	50098135	62654
chr11	50035481	50235481	harbor1	chr11	50108952	50109172	DNA/hAT-Charlie	1083	-	110	50109062	73581
chr11	126081749	126281749	harbor1	chr11	126081712	126081892	DNA/hAT-Charlie	918	-	90	126081802	53
chr11	126081749	126281749	harbor1	chr11	126103199	126103458	DNA/hAT-Charlie	676	-	130	126103329	21580
chr11	14518134	14718134	harbor1	chr11	14542779	14542855	DNA/hAT-Charlie	438	-	38	14542817	24683
chr11	14518134	14718134	harbor1	chr11	14543131	14543166	DNA/hAT-Charlie	438	-	18	14543149	25015
chr11	14518134	14718134	harbor1	chr11	14545191	14545311	DNA/hAT-Charlie	1176	-	60	14545251	27117
chr11	14518134	14718134	harbor1	chr11	14545654	14545852	DNA/hAT-Charlie	1176	-	99	14545753	27619
chr11	14518134	14718134	harbor1	chr11	14545919	14546017	DNA/hAT-Charlie	549	-	49	14545968	27834
chr11	14518134	14718134	harbor1	chr11	14568425	14568613	DNA/hAT-Charlie	565	-	94	14568519	50385
chr11	74281987	74481987	harbor1	chr11	74304818	74305159	DNA/hAT-Charlie	2427	-	170	74304988	23001
chr11	21285364	21485364	harbor1	chr11	21299653	21299934	DNA/hAT-Charlie	994	-	140	21299793	14429
chr11	21285364	21485364	harbor1	chr11	21343577	21343798	DNA/hAT-Charlie	957	-	110	21343687	58323
chr11	21285364	21485364	harbor1	chr11	21356339	21356549	DNA/hAT-Charlie	624	-	105	21356444	71080
chr11	21285364	21485364	harbor1	chr11	21365904	21366068	DNA/hAT-Charlie	796	-	82	21365986	80622
chr11	21285364	21485364	harbor1	chr11	21377893	21378061	DNA/hAT-Charlie	879	-	84	21377977	92613
chr11	66437089	66637089	harbor1	chr11	66451415	66451564	DNA/hAT-Charlie	479	-	74	66451489	14400
chr11	66437089	66637089	harbor1	chr11	66451640	66451702	DNA/hAT-Charlie	479	-	31	66451671	14582
chr11	66437089	66637089	harbor1	chr11	66485667	66485753	DNA/hAT-Charlie	501	-	43	66485710	48621
chr11	66437089	66637089	harbor1	chr11	66486374	66486434	DNA/hAT-Charlie	501	-	30	66486404	49315
chr11	112077533	112277533	harbor1	chr11	112108005	112108636	DNA/hAT-Charlie	13125	-	316	112108321	30788
chr11	112077533	112277533	harbor1	chr11	112108943	112110105	DNA/hAT-Charlie	13125	-	581	112109524	31991
chr11	112077533	112277533	harbor1	chr11	112165910	112166157	DNA/hAT-Charlie	486	-	124	112166034	88501
chr11	78065097	78265097	harbor1	chr11	78065061	78065253	DNA/hAT-Charlie	441	-	96	78065157	60
chr11	78065097	78265097	harbor1	chr11	78069554	78069747	DNA/hAT-Charlie	1005	-	96	78069650	4553
chr11	37039267	37239267	harbor1	chr11	37074210	37074377	DNA/hAT-Charlie	684	-	84	37074294	35027
chr11	37039267	37239267	harbor1	chr11	37077636	37078132	DNA/hAT-Charlie	3170	-	248	37077884	38617
chr11	37039267	37239267	harbor1	chr11	37091899	37092107	DNA/hAT-Charlie	1014	-	104	37092003	52736
chr11	37039267	37239267	harbor1	chr11	37107236	37107395	DNA/hAT-Charlie	395	-	80	37107316	68049
chr11	128025297	128225297	harbor1	chr11	128060221	128060452	DNA/hAT-Charlie	842	-	116	128060337	35040
chr11	93147205	93347205	harbor1	chr11	93167267	93167449	DNA/hAT-Charlie	428	-	91	93167358	20153
chr11	93147205	93347205	harbor1	chr11	93186823	93186990	DNA/hAT-Charlie	1018	-	84	93186907	39702
chr11	93147205	93347205	harbor1	chr11	93192478	93192789	DNA/hAT-Charlie	1159	-	156	93192634	45429
chr11	2393860	2593860	harbor1	chr11	2451141	2451454	DNA/hAT-Charlie	1914	-	156	2451297	57437
chr11	103166665	103366665	harbor1	chr11	103174481	103174611	DNA/hAT-Charlie	590	-	65	103174546	7881
chr11	103166665	103366665	harbor1	chr11	103181267	103181377	DNA/hAT-Charlie	549	-	55	103181322	14657
chr11	103166665	103366665	harbor1	chr11	103190946	103191028	DNA/hAT-Charlie	418	-	41	103190987	24322
chr11	103166665	103366665	harbor1	chr11	103191339	103191404	DNA/hAT-Charlie	418	-	32	103191371	24706
chr11	103166665	103366665	harbor1	chr11	103198334	103198503	DNA/hAT-Charlie	530	-	84	103198418	31753
chr11	103166665	103366665	harbor1	chr11	103260271	103260453	DNA/hAT-Charlie	782	-	91	103260362	93697
chr11	100699795	100899795	harbor1	chr11	100771562	100771603	DNA/hAT-Charlie	408	-	20	100771582	71787
chr11	100699795	100899795	harbor1	chr11	100771899	100772007	DNA/hAT-Charlie	408	-	54	100771953	72158
chr11	100699795	100899795	harbor1	chr11	100794424	100794535	DNA/hAT-Charlie	580	-	56	100794480	94685
chr11	21664253	21864253	harbor1	chr11	21666170	21666314	DNA/hAT-Charlie	532	-	72	21666242	1989
chr11	21664253	21864253	harbor1	chr11	21707398	21707554	DNA/hAT-Charlie	931	-	78	21707476	43223
chr11	21664253	21864253	harbor1	chr11	21731863	21731998	DNA/hAT-Charlie	978	-	68	21731931	67678
chr11	130897120	131097120	harbor1	chr11	130901038	130901269	DNA/hAT-Charlie	1163	-	116	130901154	4034
chr11	130897120	131097120	harbor1	chr11	130912844	130913164	DNA/hAT-Charlie	445	-	160	130913004	15884
chr11	130897120	131097120	harbor1	chr11	130944096	130944269	DNA/hAT-Charlie	519	-	86	130944182	47062
chr11	130897120	131097120	harbor1	chr11	130944611	130944783	DNA/hAT-Charlie	440	-	86	130944697	47577
chr11	16089545	16289545	harbor1	chr11	16115381	16115581	DNA/hAT-Charlie	845	-	100	16115481	25936
chr11	16089545	16289545	harbor1	chr11	16176973	16177215	DNA/hAT-Charlie	661	-	121	16177094	87549
chr11	16089545	16289545	harbor1	chr11	16177356	16177621	DNA/hAT-Charlie	629	-	132	16177488	87943
chr11	16089545	16289545	harbor1	chr11	16177669	16177764	DNA/hAT-Charlie	629	-	48	16177717	88172
chr11	10075016	10275016	harbor1	chr11	10129522	10129745	DNA/hAT-Charlie	928	-	112	10129634	54618
chr11	10075016	10275016	harbor1	chr11	10130039	10130080	DNA/hAT-Charlie	928	-	20	10130059	55043
chr11	10075016	10275016	harbor1	chr11	10162507	10162648	DNA/hAT-Charlie	393	-	70	10162577	87561
chr11	24871415	25071415	harbor1	chr11	24938890	24939021	DNA/hAT-Charlie	517	-	66	24938956	67541
chr11	24871415	25071415	harbor1	chr11	24968218	24968425	DNA/hAT-Charlie	800	-	104	24968322	96907
chr11	24871415	25071415	harbor1	chr11	24971154	24971481	DNA/hAT-Charlie	1680	-	164	24971318	99903
chr11	99426326	99626326	harbor1	chr11	99457604	99458395	DNA/hAT-Charlie	2048	-	396	99458000	31674
chr11	99426326	99626326	harbor1	chr11	99458415	99458697	DNA/hAT-Charlie	515	-	141	99458556	32230
chr11	41932777	42132777	harbor1	chr11	41944304	41944541	DNA/hAT-Charlie	821	-	118	41944422	11645
chr11	41932777	42132777	harbor1	chr11	42007880	42008033	DNA/hAT-Charlie	421	-	76	42007956	75179
chr11	23453809	23653809	harbor1	chr11	23508362	23509110	DNA/hAT-Charlie	906	-	374	23508736	54927
chr11	7569294	7769294	harbor1	chr11	7600728	7600970	DNA/hAT-Charlie	737	-	121	7600849	31555
chr11	7569294	7769294	harbor1	chr11	7664362	7664597	DNA/hAT-Charlie	748	-	118	7664480	95186
chr11	75091837	75291837	harbor1	chr11	75183069	75183369	DNA/hAT-Charlie	1390	-	150	75183219	91382
chr11	13371929	13571929	harbor1	chr11	13373109	13373164	DNA/hAT-Charlie	402	-	28	13373137	1208
chr11	13371929	13571929	harbor1	chr11	13390201	13390346	DNA/hAT-Charlie	852	-	72	13390273	18344
chr11	13371929	13571929	harbor1	chr11	13390637	13390707	DNA/hAT-Charlie	852	-	35	13390672	18743
chr11	13371929	13571929	harbor1	chr11	13405407	13405528	DNA/hAT-Charlie	739	-	60	13405467	33538
chr11	13371929	13571929	harbor1	chr11	13436271	13436450	DNA/hAT-Charlie	785	-	90	13436361	64432
chr11	13371929	13571929	harbor1	chr11	13458287	13458488	DNA/hAT-Charlie	451	-	100	13458387	86458
chr11	2776723	2976723	harbor1	chr11	2787506	2787859	DNA/hAT-Charlie	1354	-	176	2787682	10959
chr11	97644035	97844035	harbor1	chr11	97720752	97720904	DNA/hAT-Charlie	441	-	76	97720828	76793
chr11	84827260	85027260	harbor1	chr11	84881516	84881719	DNA/hAT-Charlie	463	-	102	84881618	54358
chr11	84827260	85027260	harbor1	chr11	84908116	84908442	DNA/hAT-Charlie	1469	-	163	84908279	81019
chr11	95090719	95290719	harbor1	chr11	95101091	95101306	DNA/hAT-Charlie	1281	-	108	95101199	10480
chr11	95090719	95290719	harbor1	chr11	95111300	95111801	DNA/hAT-Charlie	3681	-	250	95111550	20831
chr11	95090719	95290719	harbor1	chr11	95139902	95140020	DNA/hAT-Charlie	535	-	59	95139961	49242
chr11	101819670	102019670	harbor1	chr11	101847270	101847424	DNA/hAT-Charlie	616	-	77	101847347	27677
chr11	101819670	102019670	harbor1	chr11	101884089	101884312	DNA/hAT-Charlie	871	-	112	101884201	64531
chr11	36393814	36593814	harbor1	chr11	36395391	36395541	DNA/hAT-Charlie	976	-	75	36395466	1652
chr11	36393814	36593814	harbor1	chr11	36405252	36405441	DNA/hAT-Charlie	677	-	94	36405346	11532
chr11	36393814	36593814	harbor1	chr11	36419502	36419941	DNA/hAT-Charlie	1695	-	220	36419722	25908
chr11	36393814	36593814	harbor1	chr11	36478735	36478829	DNA/hAT-Charlie	441	-	47	36478782	84968
chr11	36393814	36593814	harbor1	chr11	36493388	36493594	DNA/hAT-Charlie	936	-	103	36493491	99677
chr11	111615877	111815877	harbor1	chr11	111618060	111618118	DNA/hAT-Charlie	427	-	29	111618089	2212
chr11	111615877	111815877	harbor1	chr11	111618114	111618358	DNA/hAT-Charlie	1519	-	122	111618236	2359
chr11	111615877	111815877	harbor1	chr11	111619990	111620154	DNA/hAT-Charlie	885	-	82	111620072	4195
chr11	111615877	111815877	harbor1	chr11	111661457	111661603	DNA/hAT-Charlie	440	-	73	111661530	45653
chr11	111615877	111815877	harbor1	chr11	111661965	111662063	DNA/hAT-Charlie	440	-	49	111662014	46137
chr11	111615877	111815877	harbor1	chr11	111682878	111683111	DNA/hAT-Charlie	519	-	116	111682994	67117
chr11	111615877	111815877	harbor1	chr11	111685105	111685362	DNA/hAT-Charlie	1343	-	128	111685233	69356
chr11	43874803	44074803	harbor1	chr11	43893179	43893391	DNA/hAT-Charlie	1137	-	106	43893285	18482
chr11	43874803	44074803	harbor1	chr11	43894135	43894317	DNA/hAT-Charlie	426	-	91	43894226	19423
chr11	43874803	44074803	harbor1	chr11	43930759	43931003	DNA/hAT-Charlie	588	-	122	43930881	56078
chr11	48191767	48391767	harbor1	chr11	48241747	48241964	DNA/hAT-Charlie	1071	-	108	48241855	50088
chr11	26384208	26584208	harbor1	chr11	26444534	26444699	DNA/hAT-Charlie	435	-	82	26444616	60408
chr11	26384208	26584208	harbor1	chr11	26475903	26476087	DNA/hAT-Charlie	747	-	92	26475995	91787
chr11	122003914	122203914	harbor1	chr11	122020680	122021155	DNA/hAT-Charlie	2015	-	238	122020918	17004
chr11	122003914	122203914	harbor1	chr11	122024955	122025277	DNA/hAT-Charlie	1330	-	161	122025116	21202
chr11	10748739	10948739	harbor1	chr11	10761050	10761208	DNA/hAT-Charlie	978	-	79	10761129	12390
chr11	10748739	10948739	harbor1	chr11	10766901	10767131	DNA/hAT-Charlie	708	-	115	10767016	18277
chr11	10748739	10948739	harbor1	chr11	10785632	10785749	DNA/hAT-Charlie	458	-	58	10785690	36951
chr11	10748739	10948739	harbor1	chr11	10806179	10806347	DNA/hAT-Charlie	772	-	84	10806263	57524
chr11	43313433	43513433	harbor1	chr11	43323054	43323246	DNA/hAT-Charlie	599	-	96	43323150	9717
chr11	43313433	43513433	harbor1	chr11	43358043	43358196	DNA/hAT-Charlie	623	-	76	43358119	44686
chr11	43313433	43513433	harbor1	chr11	43400337	43400492	DNA/hAT-Charlie	812	-	78	43400415	86982
chr11	39900897	40100897	harbor1	chr11	39903136	39903297	DNA/hAT-Charlie	623	-	80	39903216	2319
chr11	39900897	40100897	harbor1	chr11	39909822	39910852	DNA/hAT-Charlie	4552	-	515	39910337	9440
chr11	39900897	40100897	harbor1	chr11	39933660	39933796	DNA/hAT-Charlie	868	-	68	39933728	32831
chr11	39900897	40100897	harbor1	chr11	39936434	39936910	DNA/hAT-Charlie	3074	-	238	39936672	35775
chr11	39900897	40100897	harbor1	chr11	39955723	39955922	DNA/hAT-Charlie	1207	-	100	39955823	54926
chr11	39900897	40100897	harbor1	chr11	39911131	39911876	DNA/hAT-Charlie	4552	-	372	39911503	10606
chr11	127802337	128002337	harbor1	chr11	127814591	127814712	DNA/hAT-Charlie	476	-	60	127814651	12314
chr11	127802337	128002337	harbor1	chr11	127846647	127846835	DNA/hAT-Charlie	726	-	94	127846741	44404
chr11	127802337	128002337	harbor1	chr11	127856664	127856789	DNA/hAT-Charlie	450	-	62	127856726	54389
chr11	127802337	128002337	harbor1	chr11	127857021	127857206	DNA/hAT-Charlie	691	-	92	127857113	54776
chr11	60363582	60563582	harbor1	chr11	60430409	60430590	DNA/hAT-Charlie	600	-	90	60430499	66917
chr11	60363582	60563582	harbor1	chr11	60448552	60448748	DNA/hAT-Charlie	825	-	98	60448650	85068
chr11	101922535	102122535	harbor1	chr11	101935723	101935955	DNA/hAT-Charlie	728	-	116	101935839	13304
chr11	101922535	102122535	harbor1	chr11	101943696	101943807	DNA/hAT-Charlie	447	-	56	101943752	21217
chr11	101922535	102122535	harbor1	chr11	101977743	101978123	DNA/hAT-Charlie	978	-	190	101977933	55398
chr11	101922535	102122535	harbor1	chr11	101989277	101989484	DNA/hAT-Charlie	1038	-	104	101989381	66846
chr11	101922535	102122535	harbor1	chr11	101995368	101995426	DNA/hAT-Charlie	438	-	29	101995397	72862
chr11	19057301	19257301	harbor1	chr11	19122204	19122684	DNA/hAT-Charlie	1027	-	240	19122444	65143
chr11	19057301	19257301	harbor1	chr11	19143759	19144145	DNA/hAT-Charlie	454	-	193	19143952	86651
chr11	3410716	3610716	harbor1	chr11	3411869	3412041	DNA/hAT-Charlie	1184	-	86	3411955	1239
chr11	3410716	3610716	harbor1	chr11	3444828	3444895	DNA/hAT-Charlie	805	-	34	3444862	34146
chr11	3410716	3610716	harbor1	chr11	3445189	3445334	DNA/hAT-Charlie	805	-	72	3445261	34545
chr11	3410716	3610716	harbor1	chr11	3445355	3445858	DNA/hAT-Charlie	3297	-	252	3445607	34891
chr11	3410716	3610716	harbor1	chr11	3462241	3462266	DNA/hAT-Charlie	401	-	12	3462253	51537
chr11	3410716	3610716	harbor1	chr11	3462564	3462682	DNA/hAT-Charlie	401	-	59	3462623	51907
chr11	95758688	95958688	harbor1	chr11	95765035	95765264	DNA/hAT-Charlie	1158	-	114	95765149	6461
chr11	95758688	95958688	harbor1	chr11	95802561	95802860	DNA/hAT-Charlie	1092	-	150	95802711	44023
chr12	104538620	104738620	harbor1	chr12	104550409	104550622	DNA/hAT-Charlie	1032	-	106	104550515	11895
chr12	104538620	104738620	harbor1	chr12	104552026	104552175	DNA/hAT-Charlie	727	-	74	104552100	13480
chr12	104538620	104738620	harbor1	chr12	104607980	104608162	DNA/hAT-Charlie	604	-	91	104608071	69451
chr12	104538620	104738620	harbor1	chr12	104611068	104611384	DNA/hAT-Charlie	1452	-	158	104611226	72606
chr12	104538620	104738620	harbor1	chr12	104623009	104623143	DNA/hAT-Charlie	755	-	67	104623076	84456
chr12	19104507	19304507	harbor1	chr12	19146453	19146688	DNA/hAT-Charlie	479	-	118	19146571	42064
chr12	19104507	19304507	harbor1	chr12	19161963	19162165	DNA/hAT-Charlie	1008	-	101	19162064	57557
chr12	100983460	101183460	harbor1	chr12	100993949	100994131	DNA/hAT-Charlie	933	-	91	100994040	10580
chr12	100983460	101183460	harbor1	chr12	101013610	101013809	DNA/hAT-Charlie	927	-	100	101013710	30250
chr12	34153109	34353109	harbor1	chr12	34234743	34234906	DNA/hAT-Charlie	496	-	82	34234825	81716
chr12	119676439	119876439	harbor1	chr12	119684234	119684454	DNA/hAT-Charlie	1292	-	110	119684344	7905
chr12	119676439	119876439	harbor1	chr12	119704529	119704734	DNA/hAT-Charlie	1025	-	102	119704631	28192
chr12	119676439	119876439	harbor1	chr12	119746202	119746430	DNA/hAT-Charlie	704	-	114	119746316	69877
chr12	119676439	119876439	harbor1	chr12	119747049	119747140	DNA/hAT-Charlie	523	-	46	119747095	70656
chr12	119676439	119876439	harbor1	chr12	119747742	119747778	DNA/hAT-Charlie	523	-	18	119747760	71321
chr12	119676439	119876439	harbor1	chr12	119747797	119747884	DNA/hAT-Charlie	699	-	44	119747841	71402
chr12	119676439	119876439	harbor1	chr12	119748183	119748234	DNA/hAT-Charlie	699	-	26	119748209	71770
chr12	68286996	68486996	harbor1	chr12	68367278	68367449	DNA/hAT-Charlie	621	-	86	68367364	80368
chr12	68286996	68486996	harbor1	chr12	68384494	68384642	DNA/hAT-Charlie	456	-	74	68384568	97572
chr12	77103330	77303330	harbor1	chr12	77116530	77116709	DNA/hAT-Charlie	467	-	90	77116620	13290
chr12	77103330	77303330	harbor1	chr12	77148164	77148363	DNA/hAT-Charlie	792	-	100	77148264	44934
chr12	77103330	77303330	harbor1	chr12	77159117	77159334	DNA/hAT-Charlie	1440	-	108	77159225	55895
chr12	77103330	77303330	harbor1	chr12	77165027	77165216	DNA/hAT-Charlie	500	-	94	77165121	61791
chr12	34157451	34357451	harbor1	chr12	34234743	34234906	DNA/hAT-Charlie	496	-	82	34234825	77374
chr12	99489484	99689484	harbor1	chr12	99530012	99530121	DNA/hAT-Charlie	525	-	54	99530066	40582
chr12	99489484	99689484	harbor1	chr12	99553491	99553679	DNA/hAT-Charlie	996	-	94	99553585	64101
chr12	20794026	20994026	harbor1	chr12	20800279	20800479	DNA/hAT-Charlie	815	-	100	20800379	6353
chr12	111484386	111684386	harbor1	chr12	111531798	111532069	DNA/hAT-Charlie	1395	-	136	111531934	47548
chr12	111484386	111684386	harbor1	chr12	111532484	111532724	DNA/hAT-Charlie	1395	-	120	111532604	48218
chr12	111484386	111684386	harbor1	chr12	111546311	111546473	DNA/hAT-Charlie	607	-	81	111546392	62006
chr12	61608699	61808699	harbor1	chr12	61630442	61630572	DNA/hAT-Charlie	820	-	65	61630507	21808
chr12	61608699	61808699	harbor1	chr12	61631641	61631747	DNA/hAT-Charlie	820	-	53	61631694	22995
chr12	38387296	38587296	harbor1	chr12	38401543	38401723	DNA/hAT-Charlie	828	-	90	38401633	14337
chr12	38387296	38587296	harbor1	chr12	38440598	38440740	DNA/hAT-Charlie	577	-	71	38440669	53373
chr12	38387296	38587296	harbor1	chr12	38458381	38458409	DNA/hAT-Charlie	509	-	14	38458395	71099
chr12	38387296	38587296	harbor1	chr12	38458921	38459063	DNA/hAT-Charlie	509	-	71	38458992	71696
chr12	2870363	3070363	harbor1	chr12	2898461	2898701	DNA/hAT-Charlie	1023	-	120	2898581	28218
chr12	2870363	3070363	harbor1	chr12	2898977	2899063	DNA/hAT-Charlie	1023	-	43	2899020	28657
chr12	2870363	3070363	harbor1	chr12	2899365	2899450	DNA/hAT-Charlie	1023	-	42	2899407	29044
chr12	2870363	3070363	harbor1	chr12	2949604	2949723	DNA/hAT-Charlie	532	-	60	2949664	79301
chr12	2870363	3070363	harbor1	chr12	2969887	2969944	DNA/hAT-Charlie	956	-	28	2969915	99552
chr12	2870363	3070363	harbor1	chr12	2970078	2970294	DNA/hAT-Charlie	956	-	108	2970186	99823
chr12	85382035	85582035	harbor1	chr12	85390474	85390605	DNA/hAT-Charlie	510	-	66	85390540	8505
chr12	85382035	85582035	harbor1	chr12	85411973	85412181	DNA/hAT-Charlie	899	-	104	85412077	30042
chr12	85382035	85582035	harbor1	chr12	85431780	85431983	DNA/hAT-Charlie	647	-	102	85431882	49847
chr12	85382035	85582035	harbor1	chr12	85461571	85461751	DNA/hAT-Charlie	822	-	90	85461661	79626
chr12	114972331	115172331	harbor1	chr12	114974471	114974680	DNA/hAT-Charlie	610	-	104	114974575	2244
chr12	114972331	115172331	harbor1	chr12	114985431	114985640	DNA/hAT-Charlie	539	-	104	114985535	13204
chr12	114972331	115172331	harbor1	chr12	115025775	115026053	DNA/hAT-Charlie	466	-	139	115025914	53583
chr12	114972331	115172331	harbor1	chr12	115036427	115036661	DNA/hAT-Charlie	660	-	117	115036544	64213
chr12	114972331	115172331	harbor1	chr12	115037050	115037182	DNA/hAT-Charlie	660	-	66	115037116	64785
chr12	114972331	115172331	harbor1	chr12	115043818	115043970	DNA/hAT-Charlie	771	-	76	115043894	71563
chr12	65031211	65231211	harbor1	chr12	65045013	65045229	DNA/hAT-Charlie	567	-	108	65045121	13910
chr12	65031211	65231211	harbor1	chr12	65117477	65118003	DNA/hAT-Charlie	3439	-	263	65117740	86529
chr12	110833997	111033997	harbor1	chr12	110856529	110856703	DNA/hAT-Charlie	650	-	87	110856616	22619
chr12	110833997	111033997	harbor1	chr12	110857452	110857600	DNA/hAT-Charlie	489	-	74	110857526	23529
chr12	110833997	111033997	harbor1	chr12	110871922	110872124	DNA/hAT-Charlie	1510	-	101	110872023	38026
chr12	110833997	111033997	harbor1	chr12	110872125	110872343	DNA/hAT-Charlie	1252	-	109	110872234	38237
chr12	110833997	111033997	harbor1	chr12	110872344	110872625	DNA/hAT-Charlie	1510	-	140	110872484	38487
chr12	110833997	111033997	harbor1	chr12	110872897	110872952	DNA/hAT-Charlie	1510	-	28	110872925	38928
chr12	110833997	111033997	harbor1	chr12	110873271	110873502	DNA/hAT-Charlie	1510	-	116	110873387	39390
chr12	110833997	111033997	harbor1	chr12	110892429	110892559	DNA/hAT-Charlie	491	-	65	110892494	58497
chr12	110833997	111033997	harbor1	chr12	110896834	110897019	DNA/hAT-Charlie	1046	-	92	110896926	62929
chr12	110833997	111033997	harbor1	chr12	110903912	110904074	DNA/hAT-Charlie	615	-	81	110903993	69996
chr12	110833997	111033997	harbor1	chr12	110904353	110904428	DNA/hAT-Charlie	585	-	38	110904391	70394
chr12	110833997	111033997	harbor1	chr12	110931788	110932000	DNA/hAT-Charlie	743	-	106	110931894	97897
chr12	110833997	111033997	harbor1	chr12	110933365	110933552	DNA/hAT-Charlie	884	-	94	110933459	99462
chr12	5329102	5529102	harbor1	chr12	5329837	5330022	DNA/hAT-Charlie	963	-	92	5329929	827
chr12	5329102	5529102	harbor1	chr12	5381434	5381647	DNA/hAT-Charlie	1284	-	106	5381540	52438
chr12	5329102	5529102	harbor1	chr12	5382115	5382375	DNA/hAT-Charlie	1284	-	130	5382245	53143
chr12	5329102	5529102	harbor1	chr12	5385757	5385930	DNA/hAT-Charlie	635	-	86	5385843	56741
chr12	5329102	5529102	harbor1	chr12	5390882	5391096	DNA/hAT-Charlie	987	-	107	5390989	61887
chr12	22561062	22761062	harbor1	chr12	22564519	22564849	DNA/hAT-Charlie	1046	-	165	22564684	3622
chr12	22561062	22761062	harbor1	chr12	22565082	22565663	DNA/hAT-Charlie	4931	-	290	22565372	4310
chr12	22561062	22761062	harbor1	chr12	22565983	22566580	DNA/hAT-Charlie	4931	-	298	22566281	5219
chr12	22561062	22761062	harbor1	chr12	22644700	22644923	DNA/hAT-Charlie	956	-	112	22644812	83750
chr12	32480134	32680134	harbor1	chr12	32481507	32481541	DNA/hAT-Charlie	465	-	17	32481524	1390
chr12	32480134	32680134	harbor1	chr12	32481838	32481968	DNA/hAT-Charlie	465	-	65	32481903	1769
chr12	32480134	32680134	harbor1	chr12	32544762	32544875	DNA/hAT-Charlie	453	-	56	32544818	64684
chr12	32480134	32680134	harbor1	chr12	32544876	32545053	DNA/hAT-Charlie	878	-	88	32544964	64830
chr12	32480134	32680134	harbor1	chr12	32545054	32545152	DNA/hAT-Charlie	453	-	49	32545103	64969
chr12	32480134	32680134	harbor1	chr12	32545433	32545633	DNA/hAT-Charlie	1025	-	100	32545533	65399
chr12	132509551	132709551	harbor1	chr12	132514771	132515018	DNA/hAT-Charlie	549	-	124	132514895	5344
chr12	11852236	12052236	harbor1	chr12	11853885	11854408	DNA/hAT-Charlie	3689	-	262	11854147	1911
chr12	11852236	12052236	harbor1	chr12	11878890	11879059	DNA/hAT-Charlie	871	-	84	11878974	26738
chr12	11852236	12052236	harbor1	chr12	11896870	11897013	DNA/hAT-Charlie	523	-	72	11896942	44706
chr12	11852236	12052236	harbor1	chr12	11897326	11897398	DNA/hAT-Charlie	523	-	36	11897362	45126
chr12	31794778	31994778	harbor1	chr12	31881732	31881906	DNA/hAT-Charlie	890	-	87	31881819	87041
chr12	31794778	31994778	harbor1	chr12	31882193	31882245	DNA/hAT-Charlie	890	-	26	31882219	87441
chr12	24991760	25191760	harbor1	chr12	25011658	25011820	DNA/hAT-Charlie	655	-	81	25011739	19979
chr12	24991760	25191760	harbor1	chr12	25025932	25026176	DNA/hAT-Charlie	962	-	122	25026054	34294
chr12	24991760	25191760	harbor1	chr12	25033370	25033636	DNA/hAT-Charlie	563	-	133	25033503	41743
chr12	24991760	25191760	harbor1	chr12	25065545	25065685	DNA/hAT-Charlie	858	-	70	25065615	73855
chr12	24991760	25191760	harbor1	chr12	25065969	25066038	DNA/hAT-Charlie	858	-	34	25066003	74243
chr12	102651203	102851203	harbor1	chr12	102688068	102688185	DNA/hAT-Charlie	984	-	58	102688126	36923
chr12	102651203	102851203	harbor1	chr12	102688494	102688569	DNA/hAT-Charlie	984	-	38	102688532	37329
chr12	102651203	102851203	harbor1	chr12	102715650	102715959	DNA/hAT-Charlie	1804	-	154	102715804	64601
chr12	13136771	13336771	harbor1	chr12	13137048	13137191	DNA/hAT-Charlie	727	-	72	13137120	349
chr12	13136771	13336771	harbor1	chr12	13137488	13137505	DNA/hAT-Charlie	727	-	8	13137496	725
chr12	81370162	81570162	harbor1	chr12	81375157	81375364	DNA/hAT-Charlie	1043	-	104	81375261	5099
chr12	102425755	102625755	harbor1	chr12	102435763	102435916	DNA/hAT-Charlie	660	-	76	102435839	10084
chr12	102425755	102625755	harbor1	chr12	102461971	102462088	DNA/hAT-Charlie	544	-	58	102462029	36274
chr12	102425755	102625755	harbor1	chr12	102500709	102500849	DNA/hAT-Charlie	740	-	70	102500779	75024
chr12	102425755	102625755	harbor1	chr12	102524207	102524314	DNA/hAT-Charlie	530	-	54	102524261	98506
chr12	96371388	96571388	harbor1	chr12	96403706	96403871	DNA/hAT-Charlie	481	-	82	96403788	32400
chr12	96371388	96571388	harbor1	chr12	96415577	96416455	DNA/hAT-Charlie	1380	-	439	96416016	44628
chr12	96371388	96571388	harbor1	chr12	96416449	96417550	DNA/hAT-Charlie	2524	-	550	96416999	45611
chr12	16175546	16375546	harbor1	chr12	16181700	16181890	DNA/hAT-Charlie	475	-	95	16181795	6249
chr12	16175546	16375546	harbor1	chr12	16233269	16233575	DNA/hAT-Charlie	815	-	153	16233422	57876
chr12	16175546	16375546	harbor1	chr12	16243015	16243195	DNA/hAT-Charlie	1295	-	90	16243105	67559
chr12	16175546	16375546	harbor1	chr12	16243508	16243658	DNA/hAT-Charlie	1295	-	75	16243583	68037
chr12	16175546	16375546	harbor1	chr12	16246934	16247174	DNA/hAT-Charlie	916	-	120	16247054	71508
chr12	16175546	16375546	harbor1	chr12	16258120	16258236	DNA/hAT-Charlie	599	-	58	16258178	82632
chr12	79437177	79637177	harbor1	chr12	79482082	79482247	DNA/hAT-Charlie	514	-	82	79482164	44987
chr12	12657799	12857799	harbor1	chr12	12666398	12666564	DNA/hAT-Charlie	772	-	83	12666481	8682
chr12	12657799	12857799	harbor1	chr12	12678111	12678259	DNA/hAT-Charlie	506	-	74	12678185	20386
chr12	12657799	12857799	harbor1	chr12	12694020	12694184	DNA/hAT-Charlie	777	-	82	12694102	36303
chr12	12657799	12857799	harbor1	chr12	12720612	12720831	DNA/hAT-Charlie	1299	-	110	12720722	62923
chr12	95785092	95985092	harbor1	chr12	95785854	95786085	DNA/hAT-Charlie	918	-	116	95785970	878
chr12	95785092	95985092	harbor1	chr12	95809317	95809634	DNA/hAT-Charlie	2043	-	158	95809475	24383
chr12	95785092	95985092	harbor1	chr12	95810729	95810911	DNA/hAT-Charlie	1012	-	91	95810820	25728
chr12	95785092	95985092	harbor1	chr12	95831146	95831316	DNA/hAT-Charlie	749	-	85	95831231	46139
chr12	95785092	95985092	harbor1	chr12	95844320	95844523	DNA/hAT-Charlie	741	-	102	95844422	59330
chr12	95785092	95985092	harbor1	chr12	95849298	95849646	DNA/hAT-Charlie	765	-	174	95849472	64380
chr12	131958755	132158755	harbor1	chr12	131985221	131985387	DNA/hAT-Charlie	462	-	83	131985304	26549
chr12	77027429	77227429	harbor1	chr12	77053163	77053580	DNA/hAT-Charlie	1022	-	208	77053371	25942
chr12	77027429	77227429	harbor1	chr12	77056716	77056874	DNA/hAT-Charlie	521	-	79	77056795	29366
chr12	77027429	77227429	harbor1	chr12	77057502	77057619	DNA/hAT-Charlie	521	-	58	77057560	30131
chr12	77027429	77227429	harbor1	chr12	77098910	77099107	DNA/hAT-Charlie	700	-	98	77099008	71579
chr12	77027429	77227429	harbor1	chr12	77116530	77116709	DNA/hAT-Charlie	467	-	90	77116620	89191
chr12	11896231	12096231	harbor1	chr12	11896870	11897013	DNA/hAT-Charlie	523	-	72	11896942	711
chr12	11896231	12096231	harbor1	chr12	11897326	11897398	DNA/hAT-Charlie	523	-	36	11897362	1131
chr12	11896231	12096231	harbor1	chr12	11988054	11988409	DNA/hAT-Charlie	1928	-	178	11988232	92001
chr12	56517245	56717245	harbor1	chr12	56573636	56573751	DNA/hAT-Charlie	527	-	58	56573694	56449
chr12	56517245	56717245	harbor1	chr12	56574188	56574641	DNA/hAT-Charlie	1911	-	226	56574414	57169
chr12	56517245	56717245	harbor1	chr12	56574646	56574862	DNA/hAT-Charlie	792	-	108	56574754	57509
chr12	56517245	56717245	harbor1	chr12	56576558	56576756	DNA/hAT-Charlie	1310	-	99	56576657	59412
chr12	56517245	56717245	harbor1	chr12	56577056	56577121	DNA/hAT-Charlie	1310	-	32	56577088	59843
chr12	56517245	56717245	harbor1	chr12	56577440	56577456	DNA/hAT-Charlie	1310	-	8	56577448	60203
chr12	56517245	56717245	harbor1	chr12	56578429	56578682	DNA/hAT-Charlie	1310	-	126	56578555	61310
chr12	56517245	56717245	harbor1	chr12	56578982	56579105	DNA/hAT-Charlie	1310	-	62	56579044	61799
chr12	56517245	56717245	harbor1	chr12	56583932	56584120	DNA/hAT-Charlie	910	-	94	56584026	66781
chr12	13928905	14128905	harbor1	chr12	13946145	13946734	DNA/hAT-Charlie	1931	-	294	13946439	17534
chr12	13928905	14128905	harbor1	chr12	13946854	13947173	DNA/hAT-Charlie	1145	-	160	13947014	18109
chr12	13928905	14128905	harbor1	chr12	13957991	13958083	DNA/hAT-Charlie	557	-	46	13958037	29132
chr12	13928905	14128905	harbor1	chr12	13960013	13960206	DNA/hAT-Charlie	734	-	96	13960109	31204
chr12	13928905	14128905	harbor1	chr12	14028139	14028462	DNA/hAT-Charlie	1141	-	162	14028301	99396
chr12	32290100	32490100	harbor1	chr12	32299903	32300103	DNA/hAT-Charlie	915	-	100	32300003	9903
chr12	32290100	32490100	harbor1	chr12	32301805	32301878	DNA/hAT-Charlie	553	-	36	32301841	11741
chr12	32290100	32490100	harbor1	chr12	32302186	32302352	DNA/hAT-Charlie	553	-	83	32302269	12169
chr12	32290100	32490100	harbor1	chr12	32322328	32322632	DNA/hAT-Charlie	1877	-	152	32322480	32380
chr12	32290100	32490100	harbor1	chr12	32345777	32345868	DNA/hAT-Charlie	1109	-	46	32345823	55723
chr12	32290100	32490100	harbor1	chr12	32346169	32346247	DNA/hAT-Charlie	1109	-	39	32346208	56108
chr12	32290100	32490100	harbor1	chr12	32346659	32346827	DNA/hAT-Charlie	1109	-	84	32346743	56643
chr12	51474746	51674746	harbor1	chr12	51525050	51525234	DNA/hAT-Charlie	889	-	92	51525142	50396
chr12	51474746	51674746	harbor1	chr12	51542994	51543238	DNA/hAT-Charlie	1256	-	122	51543116	68370
chr12	51474746	51674746	harbor1	chr12	51545057	51545540	DNA/hAT-Charlie	3492	-	242	51545299	70553
chr12	51474746	51674746	harbor1	chr12	51573780	51574345	DNA/hAT-Charlie	2946	-	282	51574062	99316
chr12	25393137	25593137	harbor1	chr12	25447210	25447452	DNA/hAT-Charlie	537	-	121	25447331	54194
chr12	25393137	25593137	harbor1	chr12	25490778	25490930	DNA/hAT-Charlie	549	-	76	25490854	97717
chr12	61338506	61538506	harbor1	chr12	61367322	61367483	DNA/hAT-Charlie	609	-	80	61367402	28896
chr12	61338506	61538506	harbor1	chr12	61426013	61426191	DNA/hAT-Charlie	478	-	89	61426102	87596
chr12	87889665	88089665	harbor1	chr12	87919458	87919645	DNA/hAT-Charlie	458	-	94	87919552	29887
chr12	87889665	88089665	harbor1	chr12	87934486	87934680	DNA/hAT-Charlie	755	-	97	87934583	44918
chr12	87889665	88089665	harbor1	chr12	87951605	87951811	DNA/hAT-Charlie	1013	-	103	87951708	62043
chr12	87889665	88089665	harbor1	chr12	87981391	87981546	DNA/hAT-Charlie	792	-	78	87981469	91804
chr12	108361043	108561043	harbor1	chr12	108368146	108368346	DNA/hAT-Charlie	513	-	100	108368246	7203
chr12	108361043	108561043	harbor1	chr12	108381307	108381382	DNA/hAT-Charlie	442	-	38	108381345	20302
chr12	108361043	108561043	harbor1	chr12	108382401	108382589	DNA/hAT-Charlie	537	-	94	108382495	21452
chr12	108361043	108561043	harbor1	chr12	108400294	108400484	DNA/hAT-Charlie	917	-	95	108400389	39346
chr12	108361043	108561043	harbor1	chr12	108408465	108408624	DNA/hAT-Charlie	717	-	80	108408545	47502
chr12	108361043	108561043	harbor1	chr12	108411499	108411671	DNA/hAT-Charlie	739	-	86	108411585	50542
chr12	5069188	5269188	harbor1	chr12	5154758	5155141	DNA/hAT-Charlie	939	-	192	5154950	85762
chr12	46058399	46258399	harbor1	chr12	46071128	46071462	DNA/hAT-Charlie	1510	-	167	46071295	12896
chr12	85415745	85615745	harbor1	chr12	85431780	85431983	DNA/hAT-Charlie	647	-	102	85431882	16137
chr12	85415745	85615745	harbor1	chr12	85461571	85461751	DNA/hAT-Charlie	822	-	90	85461661	45916
chr12	124732339	124932339	harbor1	chr12	124747855	124748017	DNA/hAT-Charlie	455	-	81	124747936	15597
chr12	128407263	128607263	harbor1	chr12	128422676	128422892	DNA/hAT-Charlie	955	-	108	128422784	15521
chr12	128407263	128607263	harbor1	chr12	128434196	128434300	DNA/hAT-Charlie	642	-	52	128434248	26985
chr12	128407263	128607263	harbor1	chr12	128434588	128434600	DNA/hAT-Charlie	642	-	6	128434594	27331
chr12	128407263	128607263	harbor1	chr12	128434922	128434953	DNA/hAT-Charlie	642	-	16	128434938	27675
chr12	128407263	128607263	harbor1	chr12	128435277	128435327	DNA/hAT-Charlie	642	-	25	128435302	28039
chr12	128407263	128607263	harbor1	chr12	128470727	128470932	DNA/hAT-Charlie	677	-	102	128470829	63566
chr12	128407263	128607263	harbor1	chr12	128471003	128471185	DNA/hAT-Charlie	956	-	91	128471094	63831
chr12	128407263	128607263	harbor1	chr12	128474088	128474281	DNA/hAT-Charlie	817	-	96	128474184	66921
chr12	128407263	128607263	harbor1	chr12	128487873	128487996	DNA/hAT-Charlie	502	-	62	128487935	80672
chr12	72110170	72310170	harbor1	chr12	72170530	72170734	DNA/hAT-Charlie	585	-	102	72170632	60462
chr12	72110170	72310170	harbor1	chr12	72188507	72188730	DNA/hAT-Charlie	604	-	112	72188619	78449
chr12	72110170	72310170	harbor1	chr12	72192209	72192326	DNA/hAT-Charlie	486	-	58	72192267	82097
chr12	81374628	81574628	harbor1	chr12	81375157	81375364	DNA/hAT-Charlie	1043	-	104	81375261	633
chr12	61965814	62165814	harbor1	chr12	62001236	62001766	DNA/hAT-Charlie	3804	-	265	62001501	35687
chr12	61965814	62165814	harbor1	chr12	62035683	62035733	DNA/hAT-Charlie	820	-	25	62035708	69894
chr12	61965814	62165814	harbor1	chr12	62036040	62036221	DNA/hAT-Charlie	820	-	90	62036130	70316
chr12	61965814	62165814	harbor1	chr12	62039789	62039956	DNA/hAT-Charlie	750	-	84	62039873	74059
chr12	61965814	62165814	harbor1	chr12	62051852	62052070	DNA/hAT-Charlie	970	-	109	62051961	86147
chr12	128863198	129063198	harbor1	chr12	128905190	128905299	DNA/hAT-Charlie	541	-	54	128905244	42046
chr12	25068913	25268913	harbor1	chr12	25112724	25112932	DNA/hAT-Charlie	871	-	104	25112828	43915
chr12	25068913	25268913	harbor1	chr12	25120885	25121018	DNA/hAT-Charlie	606	-	66	25120951	52038
chr12	25068913	25268913	harbor1	chr12	25121065	25121243	DNA/hAT-Charlie	700	-	89	25121154	52241
chr12	25068913	25268913	harbor1	chr12	25126728	25127369	DNA/hAT-Charlie	1955	-	320	25127048	58135
chr12	67448011	67648011	harbor1	chr12	67477542	67477683	DNA/hAT-Charlie	465	-	70	67477612	29601
chr12	67448011	67648011	harbor1	chr12	67506794	67507005	DNA/hAT-Charlie	840	-	106	67506900	58889
chr12	67448011	67648011	harbor1	chr12	67517045	67517144	DNA/hAT-Charlie	542	-	50	67517095	69084
chr12	67448011	67648011	harbor1	chr12	67518305	67518349	DNA/hAT-Charlie	800	-	22	67518327	70316
chr12	67448011	67648011	harbor1	chr12	67518610	67519108	DNA/hAT-Charlie	800	-	249	67518859	70848
chr12	98035455	98235455	harbor1	chr12	98105275	98105433	DNA/hAT-Charlie	703	-	79	98105354	69899
chr12	98035455	98235455	harbor1	chr12	98119664	98119816	DNA/hAT-Charlie	625	-	76	98119740	84285
chr12	43917586	44117586	harbor1	chr12	43999308	43999484	DNA/hAT-Charlie	718	-	88	43999396	81810
chr12	43917586	44117586	harbor1	chr12	43999791	43999992	DNA/hAT-Charlie	718	-	100	43999891	82305
chr12	43917586	44117586	harbor1	chr12	44000210	44000406	DNA/hAT-Charlie	478	-	98	44000308	82722
chr12	43917586	44117586	harbor1	chr12	44014459	44014542	DNA/hAT-Charlie	441	-	42	44014501	96915
chr12	90596177	90796177	harbor1	chr12	90625683	90625917	DNA/hAT-Charlie	761	-	117	90625800	29623
chr12	44443450	44643450	harbor1	chr12	44488573	44488909	DNA/hAT-Charlie	7066	-	168	44488741	45291
chr12	44443450	44643450	harbor1	chr12	44489177	44489275	DNA/hAT-Charlie	7066	-	49	44489226	45776
chr12	44443450	44643450	harbor1	chr12	44489605	44490925	DNA/hAT-Charlie	7066	-	660	44490265	46815
chr12	44443450	44643450	harbor1	chr12	44491385	44491904	DNA/hAT-Charlie	1521	-	260	44491645	48195
chr12	118230630	118430630	harbor1	chr12	118277211	118277465	DNA/hAT-Charlie	697	-	127	118277338	46708
chr12	118230630	118430630	harbor1	chr12	118277757	118277834	DNA/hAT-Charlie	782	-	38	118277795	47165
chr12	118230630	118430630	harbor1	chr12	118281343	118281504	DNA/hAT-Charlie	1945	-	80	118281423	50793
chr12	118230630	118430630	harbor1	chr12	118281775	118282068	DNA/hAT-Charlie	1945	-	146	118281921	51291
chr12	118230630	118430630	harbor1	chr12	118298245	118298397	DNA/hAT-Charlie	836	-	76	118298321	67691
chr12	118230630	118430630	harbor1	chr12	118322468	118322718	DNA/hAT-Charlie	1368	-	125	118322593	91963
chr12	118230630	118430630	harbor1	chr12	118323010	118323096	DNA/hAT-Charlie	1368	-	43	118323053	92423
chr12	56159933	56359933	harbor1	chr12	56202407	56202590	DNA/hAT-Charlie	841	-	92	56202499	42566
chr12	4973955	5173955	harbor1	chr12	4987903	4988056	DNA/hAT-Charlie	470	-	76	4987979	14024
chr12	4973955	5173955	harbor1	chr12	5037778	5037950	DNA/hAT-Charlie	714	-	86	5037864	63909
chr12	4973955	5173955	harbor1	chr12	5050025	5050123	DNA/hAT-Charlie	593	-	49	5050074	76119
chr12	130694580	130894580	harbor1	chr12	130696337	130696778	DNA/hAT-Charlie	650	-	220	130696557	1977
chr12	130694580	130894580	harbor1	chr12	130746432	130746732	DNA/hAT-Charlie	1669	-	150	130746582	52002
chr12	130694580	130894580	harbor1	chr12	130769671	130770102	DNA/hAT-Charlie	729	-	216	130769887	75307
chr12	56771697	56971697	harbor1	chr12	56774443	56774964	DNA/hAT-Charlie	3693	-	260	56774703	3006
chr12	56771697	56971697	harbor1	chr12	56834576	56834789	DNA/hAT-Charlie	1556	-	106	56834682	62985
chr12	56771697	56971697	harbor1	chr12	56786898	56787037	DNA/hAT-Charlie	557	-	70	56786968	15271
chr13	103686728	103886728	harbor1	chr13	103727998	103728245	DNA/hAT-Charlie	668	-	124	103728122	41394
chr13	106769575	106969575	harbor1	chr13	106773479	106773689	DNA/hAT-Charlie	1094	-	105	106773584	4009
chr13	106769575	106969575	harbor1	chr13	106793388	106793497	DNA/hAT-Charlie	423	-	54	106793442	23867
chr13	106769575	106969575	harbor1	chr13	106837096	106837317	DNA/hAT-Charlie	925	-	110	106837206	67631
chr13	40336910	40536910	harbor1	chr13	40395625	40396131	DNA/hAT-Charlie	3664	-	253	40395878	58968
chr13	40336910	40536910	harbor1	chr13	40427362	40427674	DNA/hAT-Charlie	846	-	156	40427518	90608
chr13	40336910	40536910	harbor1	chr13	40435699	40435985	DNA/hAT-Charlie	862	-	143	40435842	98932
chr13	84171787	84371787	harbor1	chr13	84192917	84193124	DNA/hAT-Charlie	610	-	104	84193021	21234
chr13	84171787	84371787	harbor1	chr13	84193345	84193824	DNA/hAT-Charlie	1416	-	240	84193585	21798
chr13	84171787	84371787	harbor1	chr13	84194042	84194622	DNA/hAT-Charlie	1416	-	290	84194332	22545
chr13	84171787	84371787	harbor1	chr13	84227310	84227522	DNA/hAT-Charlie	1018	-	106	84227416	55629
chr13	84171787	84371787	harbor1	chr13	84240325	84240491	DNA/hAT-Charlie	922	-	83	84240408	68621
chr13	77237996	77437996	harbor1	chr13	77239594	77239764	DNA/hAT-Charlie	653	-	85	77239679	1683
chr13	77237996	77437996	harbor1	chr13	77300260	77300567	DNA/hAT-Charlie	1139	-	154	77300414	62418
chr13	77237996	77437996	harbor1	chr13	77318294	77318473	DNA/hAT-Charlie	2406	-	90	77318384	80388
chr13	77237996	77437996	harbor1	chr13	77318776	77319107	DNA/hAT-Charlie	2406	-	166	77318942	80946
chr13	103694818	103894818	harbor1	chr13	103727998	103728245	DNA/hAT-Charlie	668	-	124	103728122	33304
chr13	60240675	60440675	harbor1	chr13	60245025	60245891	DNA/hAT-Charlie	1530	-	433	60245458	4783
chr13	60240675	60440675	harbor1	chr13	60284744	60284940	DNA/hAT-Charlie	850	-	98	60284842	44167
chr13	60240675	60440675	harbor1	chr13	60329097	60329520	DNA/hAT-Charlie	990	-	212	60329309	88634
chr13	85776756	85976756	harbor1	chr13	85784597	85784817	DNA/hAT-Charlie	1368	-	110	85784707	7951
chr13	85776756	85976756	harbor1	chr13	85824270	85824501	DNA/hAT-Charlie	865	-	116	85824386	47630
chr13	27585286	27785286	harbor1	chr13	27588794	27589043	DNA/hAT-Charlie	505	-	124	27588918	3632
chr13	27585286	27785286	harbor1	chr13	27600204	27600365	DNA/hAT-Charlie	524	-	80	27600284	14998
chr13	27585286	27785286	harbor1	chr13	27653568	27655018	DNA/hAT-Charlie	3797	-	725	27654293	69007
chr13	27585286	27785286	harbor1	chr13	27658071	27658240	DNA/hAT-Charlie	763	-	84	27658155	72869
chr13	57670141	57870141	harbor1	chr13	57742969	57743101	DNA/hAT-Charlie	915	-	66	57743035	72894
chr13	57670141	57870141	harbor1	chr13	57743387	57743672	DNA/hAT-Charlie	915	-	142	57743529	73388
chr13	58732314	58932314	harbor1	chr13	58753633	58753722	DNA/hAT-Charlie	478	-	44	58753677	21363
chr13	58732314	58932314	harbor1	chr13	58822122	58822377	DNA/hAT-Charlie	558	-	128	58822250	89936
chr13	103299930	103499930	harbor1	chr13	103370390	103370605	DNA/hAT-Charlie	648	-	108	103370498	70568
chr13	31887553	32087553	harbor1	chr13	31912967	31913251	DNA/hAT-Charlie	958	-	142	31913109	25556
chr13	31887553	32087553	harbor1	chr13	31982423	31982698	DNA/hAT-Charlie	1170	-	138	31982561	95008
chr13	19678694	19878694	harbor1	chr13	19694336	19694666	DNA/hAT-Charlie	1117	-	165	19694501	15807
chr13	19678694	19878694	harbor1	chr13	19725474	19725695	DNA/hAT-Charlie	432	-	110	19725584	46890
chr13	19678694	19878694	harbor1	chr13	19739882	19740053	DNA/hAT-Charlie	558	-	86	19739968	61274
chr13	31069298	31269298	harbor1	chr13	31069305	31069468	DNA/hAT-Charlie	661	-	82	31069387	89
chr13	31069298	31269298	harbor1	chr13	31157746	31158056	DNA/hAT-Charlie	686	-	155	31157901	88603
chr13	31069298	31269298	harbor1	chr13	31166399	31166517	DNA/hAT-Charlie	507	-	59	31166458	97160
chr13	31069298	31269298	harbor1	chr13	31166556	31166646	DNA/hAT-Charlie	415	-	45	31166601	97303
chr13	57278223	57478223	harbor1	chr13	57349239	57349442	DNA/hAT-Charlie	832	-	102	57349341	71118
chr13	88101788	88301788	harbor1	chr13	88140689	88140888	DNA/hAT-Charlie	715	-	100	88140789	39001
chr13	88101788	88301788	harbor1	chr13	88182193	88183208	DNA/hAT-Charlie	3589	-	508	88182701	80913
chr13	88101788	88301788	harbor1	chr13	88184893	88185222	DNA/hAT-Charlie	1107	-	164	88185057	83269
chr13	20762374	20962374	harbor1	chr13	20783192	20783334	DNA/hAT-Charlie	406	-	71	20783263	20889
chr13	20762374	20962374	harbor1	chr13	20802562	20803263	DNA/hAT-Charlie	1568	-	350	20802912	40538
chr13	20762374	20962374	harbor1	chr13	20837169	20837367	DNA/hAT-Charlie	889	-	99	20837268	74894
chr13	20762374	20962374	harbor1	chr13	20853715	20853919	DNA/hAT-Charlie	922	-	102	20853817	91443
chr13	50573939	50773939	harbor1	chr13	50581689	50581856	DNA/hAT-Charlie	644	-	84	50581773	7834
chr13	50573939	50773939	harbor1	chr13	50616501	50616978	DNA/hAT-Charlie	1124	-	238	50616739	42800
chr13	50573939	50773939	harbor1	chr13	50620112	50620413	DNA/hAT-Charlie	472	-	150	50620262	46323
chr13	50573939	50773939	harbor1	chr13	50621141	50621992	DNA/hAT-Charlie	1240	-	426	50621567	47628
chr13	50573939	50773939	harbor1	chr13	50634127	50634656	DNA/hAT-Charlie	3816	-	264	50634391	60452
chr13	50573939	50773939	harbor1	chr13	50670058	50670569	DNA/hAT-Charlie	3560	-	256	50670314	96375
chr13	66871436	67071436	harbor1	chr13	66893605	66893756	DNA/hAT-Charlie	422	-	76	66893681	22245
chr13	66871436	67071436	harbor1	chr13	66962762	66963282	DNA/hAT-Charlie	3240	-	260	66963022	91586
chr13	66871436	67071436	harbor1	chr13	66967314	66967512	DNA/hAT-Charlie	885	-	99	66967413	95977
chr13	65060734	65260734	harbor1	chr13	65156930	65158017	DNA/hAT-Charlie	694	-	544	65157474	96740
chr13	26706345	26906345	harbor1	chr13	26710109	26710272	DNA/hAT-Charlie	761	-	82	26710191	3846
chr13	26706345	26906345	harbor1	chr13	26726797	26727003	DNA/hAT-Charlie	1406	-	103	26726900	20555
chr13	26706345	26906345	harbor1	chr13	26727018	26727218	DNA/hAT-Charlie	613	-	100	26727118	20773
chr13	26706345	26906345	harbor1	chr13	26745766	26745889	DNA/hAT-Charlie	606	-	62	26745828	39483
chr13	26706345	26906345	harbor1	chr13	26752739	26752911	DNA/hAT-Charlie	860	-	86	26752825	46480
chr13	26706345	26906345	harbor1	chr13	26762130	26762241	DNA/hAT-Charlie	454	-	56	26762186	55841
chr13	26706345	26906345	harbor1	chr13	26769317	26769665	DNA/hAT-Charlie	638	-	174	26769491	63146
chr13	26706345	26906345	harbor1	chr13	26802179	26802280	DNA/hAT-Charlie	421	-	50	26802229	95884
chr14	86839072	87039072	harbor1	chr14	86850775	86850966	DNA/hAT-Charlie	769	-	96	86850871	11799
chr14	86839072	87039072	harbor1	chr14	86873386	86873588	DNA/hAT-Charlie	768	-	101	86873487	34415
chr14	86839072	87039072	harbor1	chr14	86898867	86899061	DNA/hAT-Charlie	422	-	97	86898964	59892
chr14	45694355	45894355	harbor1	chr14	45760691	45760810	DNA/hAT-Charlie	592	-	60	45760751	66396
chr14	42637430	42837430	harbor1	chr14	42718816	42718981	DNA/hAT-Charlie	738	-	82	42718898	81468
chr14	103224858	103424858	harbor1	chr14	103299237	103299690	DNA/hAT-Charlie	1511	-	226	103299463	74605
chr14	103224858	103424858	harbor1	chr14	103319439	103319614	DNA/hAT-Charlie	427	-	88	103319527	94669
chr14	90701718	90901718	harbor1	chr14	90789542	90789615	DNA/hAT-Charlie	957	-	36	90789578	87860
chr14	90701718	90901718	harbor1	chr14	90789914	90790093	DNA/hAT-Charlie	957	-	90	90790004	88286
chr14	29655336	29855336	harbor1	chr14	29660376	29660452	DNA/hAT-Charlie	478	-	38	29660414	5078
chr14	29655336	29855336	harbor1	chr14	29676869	29677062	DNA/hAT-Charlie	1089	-	96	29676965	21629
chr14	29655336	29855336	harbor1	chr14	29691291	29691447	DNA/hAT-Charlie	554	-	78	29691369	36033
chr14	88641441	88841441	harbor1	chr14	88727068	88727392	DNA/hAT-Charlie	1580	-	162	88727230	85789
chr14	88641441	88841441	harbor1	chr14	88735131	88735302	DNA/hAT-Charlie	766	-	86	88735217	93776
chr14	95785244	95985244	harbor1	chr14	95785489	95785512	DNA/hAT-Charlie	581	-	12	95785501	257
chr14	95785244	95985244	harbor1	chr14	95785839	95785973	DNA/hAT-Charlie	581	-	67	95785906	662
chr14	95785244	95985244	harbor1	chr14	95795946	95796166	DNA/hAT-Charlie	721	-	110	95796056	10812
chr14	95785244	95985244	harbor1	chr14	95871041	95871243	DNA/hAT-Charlie	731	-	101	95871142	85898
chr14	92550386	92750386	harbor1	chr14	92554511	92554639	DNA/hAT-Charlie	1000	-	64	92554575	4189
chr14	92550386	92750386	harbor1	chr14	92554932	92555079	DNA/hAT-Charlie	1000	-	74	92555006	4620
chr14	92550386	92750386	harbor1	chr14	92563625	92563760	DNA/hAT-Charlie	441	-	68	92563693	13307
chr14	92550386	92750386	harbor1	chr14	92583791	92584058	DNA/hAT-Charlie	1558	-	134	92583925	33539
chr14	92550386	92750386	harbor1	chr14	92600743	92600956	DNA/hAT-Charlie	1044	-	106	92600849	50463
chr14	92550386	92750386	harbor1	chr14	92637006	92637535	DNA/hAT-Charlie	3926	-	264	92637270	86884
chr14	28452872	28652872	harbor1	chr14	28487459	28487623	DNA/hAT-Charlie	462	-	82	28487541	34669
chr14	47228817	47428817	harbor1	chr14	47257821	47258196	DNA/hAT-Charlie	932	-	188	47258009	29192
chr14	47228817	47428817	harbor1	chr14	47258604	47259073	DNA/hAT-Charlie	1255	-	234	47258838	30021
chr14	47228817	47428817	harbor1	chr14	47259428	47259638	DNA/hAT-Charlie	457	-	105	47259533	30716
chr14	47228817	47428817	harbor1	chr14	47296933	47297084	DNA/hAT-Charlie	459	-	76	47297009	68192
chr14	102116315	102316315	harbor1	chr14	102128935	102129095	DNA/hAT-Charlie	807	-	80	102129015	12700
chr14	102116315	102316315	harbor1	chr14	102191876	102192098	DNA/hAT-Charlie	717	-	111	102191987	75672
chr14	102116315	102316315	harbor1	chr14	102194335	102194518	DNA/hAT-Charlie	933	-	92	102194427	78112
chr14	102116315	102316315	harbor1	chr14	102203197	102203442	DNA/hAT-Charlie	1011	-	122	102203319	87004
chr14	61226831	61426831	harbor1	chr14	61297493	61297827	DNA/hAT-Charlie	1951	-	167	61297660	70829
chr14	85133911	85333911	harbor1	chr14	85181223	85181403	DNA/hAT-Charlie	831	-	90	85181313	47402
chr14	85133911	85333911	harbor1	chr14	85184520	85184705	DNA/hAT-Charlie	932	-	92	85184612	50701
chr14	28306415	28506415	harbor1	chr14	28345494	28345669	DNA/hAT-Charlie	822	-	88	28345582	39167
chr14	104232436	104432436	harbor1	chr14	104262254	104262371	DNA/hAT-Charlie	525	-	58	104262312	29876
chr14	72010851	72210851	harbor1	chr14	72055539	72055712	DNA/hAT-Charlie	750	-	86	72055625	44774
chr14	72010851	72210851	harbor1	chr14	72072866	72073027	DNA/hAT-Charlie	735	-	80	72072946	62095
chr14	72010851	72210851	harbor1	chr14	72084070	72084411	DNA/hAT-Charlie	2199	-	170	72084240	73389
chr14	72010851	72210851	harbor1	chr14	72104305	72104579	DNA/hAT-Charlie	650	-	137	72104442	93591
chr14	72010851	72210851	harbor1	chr14	72104758	72104918	DNA/hAT-Charlie	498	-	80	72104838	93987
chr14	84534303	84734303	harbor1	chr14	84534711	84534845	DNA/hAT-Charlie	430	-	67	84534778	475
chr14	84534303	84734303	harbor1	chr14	84542708	84542858	DNA/hAT-Charlie	545	-	75	84542783	8480
chr14	56687725	56887725	harbor1	chr14	56702484	56702822	DNA/hAT-Charlie	1425	-	169	56702653	14928
chr14	79568808	79768808	harbor1	chr14	79648281	79648468	DNA/hAT-Charlie	431	-	94	79648375	79567
chr14	79568808	79768808	harbor1	chr14	79654381	79654597	DNA/hAT-Charlie	1070	-	108	79654489	85681
chr14	79568808	79768808	harbor1	chr14	79655648	79655837	DNA/hAT-Charlie	832	-	94	79655742	86934
chr14	79568808	79768808	harbor1	chr14	79655868	79656050	DNA/hAT-Charlie	606	-	91	79655959	87151
chr14	79568808	79768808	harbor1	chr14	79668645	79668844	DNA/hAT-Charlie	557	-	100	79668745	99937
chr14	79998865	80198865	harbor1	chr14	80009243	80009422	DNA/hAT-Charlie	667	-	90	80009333	10468
chr14	79998865	80198865	harbor1	chr14	80048685	80048755	DNA/hAT-Charlie	482	-	35	80048720	49855
chr14	79998865	80198865	harbor1	chr14	80053900	80054138	DNA/hAT-Charlie	1616	-	119	80054019	55154
chr14	79998865	80198865	harbor1	chr14	80079787	80079932	DNA/hAT-Charlie	573	-	72	80079859	80994
chr14	22417777	22617777	harbor1	chr14	22446347	22446906	DNA/hAT-Charlie	2532	-	280	22446627	28850
chr14	44383951	44583951	harbor1	chr14	44403828	44403953	DNA/hAT-Charlie	443	-	62	44403890	19939
chr14	44383951	44583951	harbor1	chr14	44439017	44439198	DNA/hAT-Charlie	953	-	90	44439107	55156
chr14	75086592	75286592	harbor1	chr14	75093099	75093290	DNA/hAT-Charlie	886	-	96	75093195	6603
chr14	75086592	75286592	harbor1	chr14	75095927	75096001	DNA/hAT-Charlie	523	-	37	75095964	9372
chr14	75086592	75286592	harbor1	chr14	75096302	75096349	DNA/hAT-Charlie	523	-	24	75096326	9734
chr14	75086592	75286592	harbor1	chr14	75113621	75113819	DNA/hAT-Charlie	557	-	99	75113720	27128
chr14	75086592	75286592	harbor1	chr14	75156429	75156663	DNA/hAT-Charlie	420	-	117	75156546	69954
chr14	75086592	75286592	harbor1	chr14	75156961	75157028	DNA/hAT-Charlie	420	-	34	75156995	70403
chr14	39691917	39891917	harbor1	chr14	39692416	39692598	DNA/hAT-Charlie	900	-	91	39692507	590
chr14	39691917	39891917	harbor1	chr14	39756709	39756881	DNA/hAT-Charlie	525	-	86	39756795	64878
chr14	39691917	39891917	harbor1	chr14	39774476	39774745	DNA/hAT-Charlie	1077	-	134	39774610	82693
chr14	91191240	91391240	harbor1	chr14	91215223	91215315	DNA/hAT-Charlie	478	-	46	91215269	24029
chr14	91191240	91391240	harbor1	chr14	91239035	91239212	DNA/hAT-Charlie	877	-	88	91239123	47883
chr14	91191240	91391240	harbor1	chr14	91244152	91244212	DNA/hAT-Charlie	737	-	30	91244182	52942
chr14	91191240	91391240	harbor1	chr14	91244258	91244415	DNA/hAT-Charlie	737	-	78	91244336	53096
chr14	25037602	25237602	harbor1	chr14	25050577	25050834	DNA/hAT-Charlie	704	-	128	25050705	13103
chr14	25037602	25237602	harbor1	chr14	25073324	25073653	DNA/hAT-Charlie	763	-	164	25073488	35886
chr14	25037602	25237602	harbor1	chr14	25074172	25074494	DNA/hAT-Charlie	678	-	161	25074333	36731
chr14	25037602	25237602	harbor1	chr14	25076697	25076915	DNA/hAT-Charlie	744	-	109	25076806	39204
chr14	25037602	25237602	harbor1	chr14	25121311	25121454	DNA/hAT-Charlie	596	-	72	25121383	83781
chr14	24256088	24456088	harbor1	chr14	24265915	24266204	DNA/hAT-Charlie	420	-	144	24266059	9971
chr14	24256088	24456088	harbor1	chr14	24301141	24301324	DNA/hAT-Charlie	465	-	92	24301233	45145
chr14	24256088	24456088	harbor1	chr14	24320935	24321060	DNA/hAT-Charlie	805	-	62	24320997	64909
chr14	24256088	24456088	harbor1	chr14	24321576	24321790	DNA/hAT-Charlie	1440	-	107	24321683	65595
chr14	95003267	95203267	harbor1	chr14	95044326	95044512	DNA/hAT-Charlie	710	-	93	95044419	41152
chr14	95003267	95203267	harbor1	chr14	95060412	95060559	DNA/hAT-Charlie	579	-	74	95060486	57219
chr14	87928004	88128004	harbor1	chr14	87942118	87942292	DNA/hAT-Charlie	696	-	87	87942205	14201
chr14	87928004	88128004	harbor1	chr14	87965830	87966077	DNA/hAT-Charlie	595	-	124	87965954	37950
chr14	87928004	88128004	harbor1	chr14	87971569	87971801	DNA/hAT-Charlie	959	-	116	87971685	43681
chr14	87928004	88128004	harbor1	chr14	87973709	87973923	DNA/hAT-Charlie	1127	-	107	87973816	45812
chr14	87928004	88128004	harbor1	chr14	88019131	88019273	DNA/hAT-Charlie	704	-	71	88019202	91198
chr14	87928004	88128004	harbor1	chr14	88019625	88019738	DNA/hAT-Charlie	597	-	56	88019681	91677
chr14	84504713	84704713	harbor1	chr14	84534711	84534845	DNA/hAT-Charlie	430	-	67	84534778	30065
chr14	84504713	84704713	harbor1	chr14	84542708	84542858	DNA/hAT-Charlie	545	-	75	84542783	38070
chr14	42419640	42619640	harbor1	chr14	42481042	42481340	DNA/hAT-Charlie	1541	-	149	42481191	61551
chr14	44219092	44419092	harbor1	chr14	44258352	44258673	DNA/hAT-Charlie	551	-	160	44258512	39420
chr14	50870008	51070008	harbor1	chr14	50925894	50925999	DNA/hAT-Charlie	667	-	52	50925946	55938
chr14	67764800	67964800	harbor1	chr14	67776318	67776531	DNA/hAT-Charlie	832	-	106	67776424	11624
chr14	67764800	67964800	harbor1	chr14	67854076	67854299	DNA/hAT-Charlie	703	-	112	67854188	89388
chr14	67764800	67964800	harbor1	chr14	67864704	67864888	DNA/hAT-Charlie	1095	-	92	67864796	99996
chr14	53528894	53728894	harbor1	chr14	53611914	53612068	DNA/hAT-Charlie	446	-	77	53611991	83097
chr14	53528894	53728894	harbor1	chr14	53623407	53623539	DNA/hAT-Charlie	518	-	66	53623473	94579
chr14	49916153	50116153	harbor1	chr14	50002225	50002479	DNA/hAT-Charlie	556	-	127	50002352	86199
chr14	70671528	70871528	harbor1	chr14	70679187	70679303	DNA/hAT-Charlie	541	-	58	70679245	7717
chr14	70671528	70871528	harbor1	chr14	70681569	70681782	DNA/hAT-Charlie	1081	-	106	70681675	10147
chr14	70671528	70871528	harbor1	chr14	70685905	70686044	DNA/hAT-Charlie	762	-	70	70685975	14447
chr14	70671528	70871528	harbor1	chr14	70702206	70702412	DNA/hAT-Charlie	912	-	103	70702309	30781
chr14	70671528	70871528	harbor1	chr14	70714774	70715408	DNA/hAT-Charlie	3387	-	317	70715091	43563
chr14	70671528	70871528	harbor1	chr14	70715780	70716012	DNA/hAT-Charlie	2708	-	116	70715896	44368
chr14	70671528	70871528	harbor1	chr14	70716322	70716784	DNA/hAT-Charlie	2708	-	231	70716553	45025
chr14	70671528	70871528	harbor1	chr14	70765653	70765758	DNA/hAT-Charlie	645	-	52	70765705	94177
chr14	70671528	70871528	harbor1	chr14	70767977	70768043	DNA/hAT-Charlie	567	-	33	70768010	96482
chr14	70671528	70871528	harbor1	chr14	70768303	70768619	DNA/hAT-Charlie	567	-	158	70768461	96933
chr14	26240929	26440929	harbor1	chr14	26254489	26255043	DNA/hAT-Charlie	834	-	277	26254766	13837
chr14	26240929	26440929	harbor1	chr14	26290002	26290656	DNA/hAT-Charlie	2316	-	327	26290329	49400
chr14	26240929	26440929	harbor1	chr14	26303712	26303932	DNA/hAT-Charlie	680	-	110	26303822	62893
chr14	26240929	26440929	harbor1	chr14	26336549	26337047	DNA/hAT-Charlie	2108	-	249	26336798	95869
chr14	88015852	88215852	harbor1	chr14	88019131	88019273	DNA/hAT-Charlie	704	-	71	88019202	3350
chr14	88015852	88215852	harbor1	chr14	88019625	88019738	DNA/hAT-Charlie	597	-	56	88019681	3829
chr14	88015852	88215852	harbor1	chr14	88112329	88112971	DNA/hAT-Charlie	1092	-	321	88112650	96798
chr14	88015852	88215852	harbor1	chr14	88114095	88115017	DNA/hAT-Charlie	2171	-	461	88114556	98704
chr14	102697475	102897475	harbor1	chr14	102715884	102716042	DNA/hAT-Charlie	896	-	79	102715963	18488
chr14	101402711	101602711	harbor1	chr14	101405533	101405755	DNA/hAT-Charlie	1236	-	111	101405644	2933
chr14	101402711	101602711	harbor1	chr14	101422766	101422981	DNA/hAT-Charlie	991	-	108	101422874	20163
chr14	101402711	101602711	harbor1	chr14	101435545	101435699	DNA/hAT-Charlie	823	-	77	101435622	32911
chr14	101402711	101602711	harbor1	chr14	101436533	101436670	DNA/hAT-Charlie	510	-	68	101436601	33890
chr14	101402711	101602711	harbor1	chr14	101436958	101437082	DNA/hAT-Charlie	510	-	62	101437020	34309
chr14	55407632	55607632	harbor1	chr14	55431805	55431926	DNA/hAT-Charlie	701	-	60	55431865	24233
chr14	55407632	55607632	harbor1	chr14	55476649	55476998	DNA/hAT-Charlie	789	-	174	55476823	69191
chr14	55407632	55607632	harbor1	chr14	55478103	55478282	DNA/hAT-Charlie	910	-	90	55478193	70561
chr14	55407632	55607632	harbor1	chr14	55478585	55478710	DNA/hAT-Charlie	910	-	62	55478647	71015
chr14	55407632	55607632	harbor1	chr14	55479017	55479082	DNA/hAT-Charlie	910	-	32	55479049	71417
chr14	55407632	55607632	harbor1	chr14	55481298	55481405	DNA/hAT-Charlie	456	-	54	55481352	73720
chr14	55407632	55607632	harbor1	chr14	55482496	55483759	DNA/hAT-Charlie	3140	-	632	55483128	75496
chr14	55407632	55607632	harbor1	chr14	55486446	55486686	DNA/hAT-Charlie	578	-	120	55486566	78934
chr14	48189103	48389103	harbor1	chr14	48196970	48197386	DNA/hAT-Charlie	460	-	208	48197178	8075
chr14	48189103	48389103	harbor1	chr14	48288636	48289293	DNA/hAT-Charlie	968	-	328	48288964	99861
chr14	20030960	20230960	harbor1	chr14	20097308	20097501	DNA/hAT-Charlie	597	-	96	20097404	66444
chr14	58823702	59023702	harbor1	chr14	58827156	58827443	DNA/hAT-Charlie	574	-	144	58827300	3598
chr14	88339182	88539182	harbor1	chr14	88359188	88359355	DNA/hAT-Charlie	459	-	84	88359272	20090
chr14	88339182	88539182	harbor1	chr14	88359953	88360122	DNA/hAT-Charlie	787	-	84	88360037	20855
chr14	88339182	88539182	harbor1	chr14	88386374	88386535	DNA/hAT-Charlie	655	-	80	88386454	47272
chr14	88339182	88539182	harbor1	chr14	88416931	88417130	DNA/hAT-Charlie	848	-	100	88417031	77849
chr14	84253716	84453716	harbor1	chr14	84303799	84303981	DNA/hAT-Charlie	430	-	91	84303890	50174
chr14	67363483	67563483	harbor1	chr14	67416908	67417136	DNA/hAT-Charlie	873	-	114	67417022	53539
chr14	67363483	67563483	harbor1	chr14	67420916	67421024	DNA/hAT-Charlie	431	-	54	67420970	57487
chr14	103412962	103612962	harbor1	chr14	103418956	103419006	DNA/hAT-Charlie	2060	-	25	103418981	6019
chr14	103412962	103612962	harbor1	chr14	103419315	103419729	DNA/hAT-Charlie	2060	-	207	103419522	6560
chr14	103412962	103612962	harbor1	chr14	103458063	103458175	DNA/hAT-Charlie	1247	-	56	103458119	45157
chr14	103412962	103612962	harbor1	chr14	103458479	103458593	DNA/hAT-Charlie	1247	-	57	103458536	45574
chr14	81914270	82114270	harbor1	chr14	81956633	81956864	DNA/hAT-Charlie	840	-	116	81956749	42479
chr14	81914270	82114270	harbor1	chr14	81959369	81959624	DNA/hAT-Charlie	968	-	128	81959497	45227
chr14	23071503	23271503	harbor1	chr14	23139117	23139219	DNA/hAT-Charlie	618	-	51	23139168	67665
chr14	40223085	40423085	harbor1	chr14	40244194	40244399	DNA/hAT-Charlie	1058	-	102	40244296	21211
chr14	40223085	40423085	harbor1	chr14	40263114	40263439	DNA/hAT-Charlie	1936	-	162	40263276	40191
chr14	40223085	40423085	harbor1	chr14	40284516	40284853	DNA/hAT-Charlie	2322	-	168	40284684	61599
chr14	93944237	94144237	harbor1	chr14	93950737	93950925	DNA/hAT-Charlie	666	-	94	93950831	6594
chr14	93944237	94144237	harbor1	chr14	94010888	94011043	DNA/hAT-Charlie	645	-	78	94010966	66729
chr14	93944237	94144237	harbor1	chr14	94019649	94019884	DNA/hAT-Charlie	566	-	118	94019767	75530
chr14	93944237	94144237	harbor1	chr14	94034031	94034244	DNA/hAT-Charlie	573	-	106	94034137	89900
chr14	93944237	94144237	harbor1	chr14	94039928	94040148	DNA/hAT-Charlie	891	-	110	94040038	95801
chr14	57559874	57759874	harbor1	chr14	57562148	57562196	DNA/hAT-Charlie	790	-	24	57562172	2298
chr14	57559874	57759874	harbor1	chr14	57562356	57562524	DNA/hAT-Charlie	790	-	84	57562440	2566
chr14	89554168	89754168	harbor1	chr14	89571560	89571775	DNA/hAT-Charlie	1162	-	108	89571668	17500
chr14	89554168	89754168	harbor1	chr14	89587383	89587507	DNA/hAT-Charlie	479	-	62	89587445	33277
chr14	89554168	89754168	harbor1	chr14	89648043	89648220	DNA/hAT-Charlie	881	-	88	89648131	93963
chr14	89554168	89754168	harbor1	chr14	89652707	89652845	DNA/hAT-Charlie	443	-	69	89652776	98608
chr14	89554168	89754168	harbor1	chr14	89653646	89653826	DNA/hAT-Charlie	816	-	90	89653736	99568
chr14	89554168	89754168	harbor1	chr14	89653148	89653292	DNA/hAT-Charlie	443	-	72	89653220	99052
chr14	56114935	56314935	harbor1	chr14	56145793	56146266	DNA/hAT-Charlie	1237	-	236	56146029	31094
chr14	56114935	56314935	harbor1	chr14	56178577	56178750	DNA/hAT-Charlie	872	-	86	56178663	63728
chr14	56114935	56314935	harbor1	chr14	56192381	56192570	DNA/hAT-Charlie	986	-	94	56192475	77540
chr14	78351073	78551073	harbor1	chr14	78359193	78359358	DNA/hAT-Charlie	1026	-	82	78359275	8202
chr14	78351073	78551073	harbor1	chr14	78376180	78376424	DNA/hAT-Charlie	873	-	122	78376302	25229
chr14	19244827	19444827	harbor1	chr14	19246842	19247038	DNA/hAT-Charlie	577	-	98	19246940	2113
chr14	54854988	55054988	harbor1	chr14	54877849	54877977	DNA/hAT-Charlie	680	-	64	54877913	22925
chr14	54854988	55054988	harbor1	chr14	54896525	54896630	DNA/hAT-Charlie	543	-	52	54896577	41589
chr14	54854988	55054988	harbor1	chr14	54896944	54897004	DNA/hAT-Charlie	543	-	30	54896974	41986
chr14	54854988	55054988	harbor1	chr14	54897588	54897620	DNA/hAT-Charlie	543	-	16	54897604	42616
chr14	54854988	55054988	harbor1	chr14	54928217	54928357	DNA/hAT-Charlie	419	-	70	54928287	73299
chr14	54355858	54555858	harbor1	chr14	54370153	54370353	DNA/hAT-Charlie	800	-	100	54370253	14395
chr14	54355858	54555858	harbor1	chr14	54375893	54376032	DNA/hAT-Charlie	580	-	70	54375963	20105
chr14	54355858	54555858	harbor1	chr14	54445675	54445811	DNA/hAT-Charlie	559	-	68	54445743	89885
chr14	89628980	89828980	harbor1	chr14	89648043	89648220	DNA/hAT-Charlie	881	-	88	89648131	19151
chr14	89628980	89828980	harbor1	chr14	89652707	89652845	DNA/hAT-Charlie	443	-	69	89652776	23796
chr14	89628980	89828980	harbor1	chr14	89653646	89653826	DNA/hAT-Charlie	816	-	90	89653736	24756
chr14	89628980	89828980	harbor1	chr14	89657912	89657988	DNA/hAT-Charlie	1017	-	38	89657950	28970
chr14	89628980	89828980	harbor1	chr14	89658275	89658422	DNA/hAT-Charlie	1017	-	74	89658349	29369
chr14	89628980	89828980	harbor1	chr14	89661386	89661592	DNA/hAT-Charlie	1168	-	103	89661489	32509
chr14	89628980	89828980	harbor1	chr14	89665385	89665562	DNA/hAT-Charlie	491	-	88	89665473	36493
chr14	89628980	89828980	harbor1	chr14	89677933	89677963	DNA/hAT-Charlie	1475	-	15	89677948	48968
chr14	89628980	89828980	harbor1	chr14	89678328	89678523	DNA/hAT-Charlie	1475	-	98	89678426	49446
chr14	89628980	89828980	harbor1	chr14	89653148	89653292	DNA/hAT-Charlie	443	-	72	89653220	24240
chr14	98109503	98309503	harbor1	chr14	98111007	98111364	DNA/hAT-Charlie	2152	-	178	98111185	1682
chr14	98109503	98309503	harbor1	chr14	98120615	98120824	DNA/hAT-Charlie	681	-	104	98120719	11216
chr14	98109503	98309503	harbor1	chr14	98171697	98171905	DNA/hAT-Charlie	1287	-	104	98171801	62298
chr14	43958480	44158480	harbor1	chr14	43961078	43961405	DNA/hAT-Charlie	1182	-	164	43961242	2762
chr14	43958480	44158480	harbor1	chr14	43980752	43981125	DNA/hAT-Charlie	1190	-	186	43980938	22458
chr14	43958480	44158480	harbor1	chr14	44030164	44030315	DNA/hAT-Charlie	498	-	76	44030240	71760
chr14	43958480	44158480	harbor1	chr14	44031465	44031985	DNA/hAT-Charlie	962	-	260	44031725	73245
chr14	65049969	65249969	harbor1	chr14	65130412	65130502	DNA/hAT-Charlie	1361	-	45	65130457	80488
chr14	65049969	65249969	harbor1	chr14	65131198	65131414	DNA/hAT-Charlie	1361	-	108	65131306	81337
chr14	53274795	53474795	harbor1	chr14	53361071	53361245	DNA/hAT-Charlie	496	-	87	53361158	86363
chr14	68352781	68552781	harbor1	chr14	68382141	68382369	DNA/hAT-Charlie	1017	-	114	68382255	29474
chr14	68352781	68552781	harbor1	chr14	68398900	68399048	DNA/hAT-Charlie	585	-	74	68398974	46193
chr14	68352781	68552781	harbor1	chr14	68410044	68410219	DNA/hAT-Charlie	879	-	88	68410132	57351
chr14	68352781	68552781	harbor1	chr14	68418169	68418319	DNA/hAT-Charlie	451	-	75	68418244	65463
chr14	49010037	49210037	harbor1	chr14	49015457	49015784	DNA/hAT-Charlie	1544	-	164	49015621	5584
chr14	49010037	49210037	harbor1	chr14	49059672	49059843	DNA/hAT-Charlie	563	-	86	49059758	49721
chr14	54172065	54372065	harbor1	chr14	54242212	54242552	DNA/hAT-Charlie	2157	-	170	54242382	70317
chr14	54172065	54372065	harbor1	chr14	54251761	54251864	DNA/hAT-Charlie	430	-	52	54251813	79748
chr14	99760514	99960514	harbor1	chr14	99773173	99773361	DNA/hAT-Charlie	499	-	94	99773267	12753
chr14	99760514	99960514	harbor1	chr14	99816857	99817653	DNA/hAT-Charlie	2499	-	398	99817255	56741
chr14	36709619	36909619	harbor1	chr14	36771666	36771914	DNA/hAT-Charlie	624	-	124	36771790	62171
chr14	58340777	58540777	harbor1	chr14	58360200	58360441	DNA/hAT-Charlie	529	-	120	58360320	19543
chr14	58340777	58540777	harbor1	chr14	58399396	58399545	DNA/hAT-Charlie	740	-	74	58399470	58693
chr14	58340777	58540777	harbor1	chr14	58413048	58413285	DNA/hAT-Charlie	1247	-	118	58413166	72389
chr14	104887600	105087600	harbor1	chr14	104959914	104960105	DNA/hAT-Charlie	578	-	96	104960010	72410
chr14	75465146	75665146	harbor1	chr14	75468172	75468378	DNA/hAT-Charlie	1094	-	103	75468275	3129
chr14	75465146	75665146	harbor1	chr14	75534366	75534570	DNA/hAT-Charlie	907	-	102	75534468	69322
chr14	75465146	75665146	harbor1	chr14	75549674	75549904	DNA/hAT-Charlie	753	-	115	75549789	84643
chr14	43077792	43277792	harbor1	chr14	43079343	43079545	DNA/hAT-Charlie	575	-	101	43079444	1652
chr14	43077792	43277792	harbor1	chr14	43145235	43145439	DNA/hAT-Charlie	446	-	102	43145337	67545
chr14	50801765	51001765	harbor1	chr14	50804696	50804927	DNA/hAT-Charlie	1469	-	116	50804812	3047
chr14	50801765	51001765	harbor1	chr14	50836321	50836567	DNA/hAT-Charlie	1368	-	123	50836444	34679
chr14	50801765	51001765	harbor1	chr14	50856406	50856618	DNA/hAT-Charlie	778	-	106	50856512	54747
chr14	60034637	60234637	harbor1	chr14	60070167	60070397	DNA/hAT-Charlie	583	-	115	60070282	35645
chr14	60034637	60234637	harbor1	chr14	60070533	60070780	DNA/hAT-Charlie	539	-	124	60070657	36020
chr14	74177464	74377464	harbor1	chr14	74179889	74180057	DNA/hAT-Charlie	725	-	84	74179973	2509
chr14	74177464	74377464	harbor1	chr14	74212636	74212790	DNA/hAT-Charlie	766	-	77	74212713	35249
chr14	47016503	47216503	harbor1	chr14	47025727	47025883	DNA/hAT-Charlie	455	-	78	47025805	9302
chr14	82254737	82454737	harbor1	chr14	82259703	82259886	DNA/hAT-Charlie	553	-	92	82259795	5058
chr14	82254737	82454737	harbor1	chr14	82259917	82260083	DNA/hAT-Charlie	651	-	83	82260000	5263
chr14	82254737	82454737	harbor1	chr14	82268465	82268679	DNA/hAT-Charlie	860	-	107	82268572	13835
chr14	82254737	82454737	harbor1	chr14	82345846	82346031	DNA/hAT-Charlie	976	-	92	82345938	91201
chr14	85055988	85255988	harbor1	chr14	85111150	85111374	DNA/hAT-Charlie	594	-	112	85111262	55274
chr14	54877183	55077183	harbor1	chr14	54877849	54877977	DNA/hAT-Charlie	680	-	64	54877913	730
chr14	54877183	55077183	harbor1	chr14	54896525	54896630	DNA/hAT-Charlie	543	-	52	54896577	19394
chr14	54877183	55077183	harbor1	chr14	54896944	54897004	DNA/hAT-Charlie	543	-	30	54896974	19791
chr14	54877183	55077183	harbor1	chr14	54897588	54897620	DNA/hAT-Charlie	543	-	16	54897604	20421
chr14	54877183	55077183	harbor1	chr14	54928217	54928357	DNA/hAT-Charlie	419	-	70	54928287	51104
chr14	43326571	43526571	harbor1	chr14	43377091	43378224	DNA/hAT-Charlie	2226	-	566	43377657	51086
chr14	78148357	78348357	harbor1	chr14	78163698	78163835	DNA/hAT-Charlie	422	-	68	78163766	15409
chr14	87110988	87310988	harbor1	chr14	87113036	87113215	DNA/hAT-Charlie	689	-	90	87113126	2138
chr14	87110988	87310988	harbor1	chr14	87125875	87125978	DNA/hAT-Charlie	433	-	52	87125927	14939
chr14	87110988	87310988	harbor1	chr14	87139985	87140109	DNA/hAT-Charlie	427	-	62	87140047	29059
chr14	87110988	87310988	harbor1	chr14	87165207	87165391	DNA/hAT-Charlie	891	-	92	87165299	54311
chr14	87110988	87310988	harbor1	chr14	87197650	87197843	DNA/hAT-Charlie	758	-	96	87197746	86758
chr14	88552685	88752685	harbor1	chr14	88633416	88633754	DNA/hAT-Charlie	1170	-	169	88633585	80900
chr14	91172117	91372117	harbor1	chr14	91215223	91215315	DNA/hAT-Charlie	478	-	46	91215269	43152
chr14	91172117	91372117	harbor1	chr14	91239035	91239212	DNA/hAT-Charlie	877	-	88	91239123	67006
chr14	91172117	91372117	harbor1	chr14	91244152	91244212	DNA/hAT-Charlie	737	-	30	91244182	72065
chr14	91172117	91372117	harbor1	chr14	91244258	91244415	DNA/hAT-Charlie	737	-	78	91244336	72219
chr14	35461700	35661700	harbor1	chr14	35510747	35511058	DNA/hAT-Charlie	1948	-	156	35510903	49203
chr14	35461700	35661700	harbor1	chr14	35542168	35542372	DNA/hAT-Charlie	987	-	102	35542270	80570
chr14	66887854	67087854	harbor1	chr14	66910558	66910877	DNA/hAT-Charlie	502	-	160	66910718	22864
chr14	66887854	67087854	harbor1	chr14	66912948	66913155	DNA/hAT-Charlie	645	-	104	66913052	25198
chr14	66887854	67087854	harbor1	chr14	66932839	66932938	DNA/hAT-Charlie	583	-	50	66932889	45035
chr14	66887854	67087854	harbor1	chr14	66970930	66971053	DNA/hAT-Charlie	4278	-	62	66970992	83138
chr14	66887854	67087854	harbor1	chr14	66971328	66971985	DNA/hAT-Charlie	4278	-	328	66971656	83802
chr14	66887854	67087854	harbor1	chr14	66972298	66972581	DNA/hAT-Charlie	4278	-	142	66972440	84586
chr14	66887854	67087854	harbor1	chr14	66972779	66973064	DNA/hAT-Charlie	1077	-	142	66972921	85067
chr14	63234170	63434170	harbor1	chr14	63249734	63249872	DNA/hAT-Charlie	451	-	69	63249803	15633
chr14	63234170	63434170	harbor1	chr14	63271456	63271582	DNA/hAT-Charlie	965	-	63	63271519	37349
chr14	63234170	63434170	harbor1	chr14	63271885	63271957	DNA/hAT-Charlie	965	-	36	63271921	37751
chr14	63234170	63434170	harbor1	chr14	63276119	63276314	DNA/hAT-Charlie	810	-	98	63276217	42047
chr14	63234170	63434170	harbor1	chr14	63325877	63326098	DNA/hAT-Charlie	908	-	110	63325987	91817
chr14	63234170	63434170	harbor1	chr14	63326346	63326404	DNA/hAT-Charlie	908	-	29	63326375	92205
chr14	63234170	63434170	harbor1	chr14	63326685	63326783	DNA/hAT-Charlie	908	-	49	63326734	92564
chr14	103682572	103882572	harbor1	chr14	103689546	103689698	DNA/hAT-Charlie	576	-	76	103689622	7050
chr14	103682572	103882572	harbor1	chr14	103764482	103764635	DNA/hAT-Charlie	444	-	76	103764558	81986
chr14	23540240	23740240	harbor1	chr14	23601025	23601206	DNA/hAT-Charlie	841	-	90	23601115	60875
chr14	23540240	23740240	harbor1	chr14	23615015	23615177	DNA/hAT-Charlie	953	-	81	23615096	74856
chr14	23540240	23740240	harbor1	chr14	23615637	23617023	DNA/hAT-Charlie	7890	-	693	23616330	76090
chr14	23540240	23740240	harbor1	chr14	23617142	23617773	DNA/hAT-Charlie	7890	-	316	23617458	77218
chr14	94629501	94829501	harbor1	chr14	94647199	94647355	DNA/hAT-Charlie	691	-	78	94647277	17776
chr14	94629501	94829501	harbor1	chr14	94654481	94654655	DNA/hAT-Charlie	421	-	87	94654568	25067
chr14	94629501	94829501	harbor1	chr14	94684850	94684965	DNA/hAT-Charlie	549	-	58	94684908	55407
chr14	24234656	24434656	harbor1	chr14	24265915	24266204	DNA/hAT-Charlie	420	-	144	24266059	31403
chr14	24234656	24434656	harbor1	chr14	24301141	24301324	DNA/hAT-Charlie	465	-	92	24301233	66577
chr14	24234656	24434656	harbor1	chr14	24320935	24321060	DNA/hAT-Charlie	805	-	62	24320997	86341
chr14	24234656	24434656	harbor1	chr14	24321576	24321790	DNA/hAT-Charlie	1440	-	107	24321683	87027
chr14	56767225	56967225	harbor1	chr14	56841940	56842229	DNA/hAT-Charlie	1529	-	144	56842084	74859
chr14	27003425	27203425	harbor1	chr14	27027634	27027752	DNA/hAT-Charlie	697	-	59	27027693	24268
chr14	27003425	27203425	harbor1	chr14	27027746	27027887	DNA/hAT-Charlie	664	-	70	27027816	24391
chr14	27003425	27203425	harbor1	chr14	27077927	27078103	DNA/hAT-Charlie	618	-	88	27078015	74590
chr15	39807874	40007874	harbor1	chr15	39807629	39807933	DNA/hAT-Charlie	1406	-	152	39807781	93
chr15	39807874	40007874	harbor1	chr15	39832553	39832654	DNA/hAT-Charlie	1303	-	50	39832603	24729
chr15	39807874	40007874	harbor1	chr15	39832690	39832791	DNA/hAT-Charlie	1303	-	50	39832740	24866
chr15	39807874	40007874	harbor1	chr15	39845479	39845651	DNA/hAT-Charlie	580	-	86	39845565	37691
chr15	39807874	40007874	harbor1	chr15	39886496	39886973	DNA/hAT-Charlie	625	-	238	39886734	78860
chr15	39807874	40007874	harbor1	chr15	39887027	39887216	DNA/hAT-Charlie	466	-	94	39887121	79247
chr15	33641088	33841088	harbor1	chr15	33653820	33654041	DNA/hAT-Charlie	581	-	110	33653930	12842
chr15	33641088	33841088	harbor1	chr15	33661476	33661711	DNA/hAT-Charlie	1410	-	118	33661594	20506
chr15	33641088	33841088	harbor1	chr15	33665937	33666012	DNA/hAT-Charlie	835	-	38	33665975	24887
chr15	33641088	33841088	harbor1	chr15	33666304	33666402	DNA/hAT-Charlie	835	-	49	33666353	25265
chr15	33641088	33841088	harbor1	chr15	33690711	33692030	DNA/hAT-Charlie	5464	-	660	33691371	50283
chr15	33641088	33841088	harbor1	chr15	33729277	33729433	DNA/hAT-Charlie	753	-	78	33729355	88267
chr15	101782193	101982193	harbor1	chr15	101845278	101845500	DNA/hAT-Charlie	1030	-	111	101845389	63196
chr15	101782193	101982193	harbor1	chr15	101850398	101850611	DNA/hAT-Charlie	1015	-	106	101850504	68311
chr15	67267631	67467631	harbor1	chr15	67283543	67283814	DNA/hAT-Charlie	537	-	136	67283679	16048
chr15	67267631	67467631	harbor1	chr15	67334558	67334749	DNA/hAT-Charlie	631	-	96	67334654	67023
chr15	67267631	67467631	harbor1	chr15	67346338	67346674	DNA/hAT-Charlie	2149	-	168	67346506	78875
chr15	61023704	61223704	harbor1	chr15	61039781	61039929	DNA/hAT-Charlie	489	-	74	61039855	16151
chr15	61023704	61223704	harbor1	chr15	61060746	61060960	DNA/hAT-Charlie	1413	-	107	61060853	37149
chr15	61023704	61223704	harbor1	chr15	61076129	61076301	DNA/hAT-Charlie	709	-	86	61076215	52511
chr15	61023704	61223704	harbor1	chr15	61085435	61085620	DNA/hAT-Charlie	840	-	92	61085527	61823
chr15	61023704	61223704	harbor1	chr15	61123559	61123743	DNA/hAT-Charlie	673	-	92	61123651	99947
chr15	91169839	91369839	harbor1	chr15	91204264	91204382	DNA/hAT-Charlie	543	-	59	91204323	34484
chr15	91169839	91369839	harbor1	chr15	91213727	91214072	DNA/hAT-Charlie	1173	-	172	91213899	44060
chr15	91169839	91369839	harbor1	chr15	91227847	91228067	DNA/hAT-Charlie	1091	-	110	91227957	58118
chr15	91169839	91369839	harbor1	chr15	91237232	91237442	DNA/hAT-Charlie	1297	-	105	91237337	67498
chr15	52886198	53086198	harbor1	chr15	52920384	52920619	DNA/hAT-Charlie	1156	-	118	52920502	34304
chr15	52886198	53086198	harbor1	chr15	52958313	52958555	DNA/hAT-Charlie	599	-	121	52958434	72236
chr15	25837206	26037206	harbor1	chr15	25907197	25907351	DNA/hAT-Charlie	550	-	77	25907274	70068
chr15	25837206	26037206	harbor1	chr15	25907767	25908187	DNA/hAT-Charlie	701	-	210	25907977	70771
chr15	25837206	26037206	harbor1	chr15	25908188	25908942	DNA/hAT-Charlie	1418	-	377	25908565	71359
chr15	32828153	33028153	harbor1	chr15	32853962	32854319	DNA/hAT-Charlie	829	-	178	32854140	25987
chr15	32828153	33028153	harbor1	chr15	32855195	32855317	DNA/hAT-Charlie	513	-	61	32855256	27103
chr15	32828153	33028153	harbor1	chr15	32907059	32907554	DNA/hAT-Charlie	3191	-	248	32907307	79154
chr15	38841766	39041766	harbor1	chr15	38868392	38869144	DNA/hAT-Charlie	1919	-	376	38868768	27002
chr15	22437894	22637894	harbor1	chr15	22454856	22455011	DNA/hAT-Charlie	648	-	78	22454934	17040
chr15	22437894	22637894	harbor1	chr15	22457592	22457737	DNA/hAT-Charlie	755	-	72	22457664	19770
chr15	22437894	22637894	harbor1	chr15	22477502	22477547	DNA/hAT-Charlie	1012	-	22	22477524	39630
chr15	22437894	22637894	harbor1	chr15	22477866	22478172	DNA/hAT-Charlie	1012	-	153	22478019	40125
chr15	22437894	22637894	harbor1	chr15	22502772	22502964	DNA/hAT-Charlie	805	-	96	22502868	64974
chr15	22437894	22637894	harbor1	chr15	22503269	22503324	DNA/hAT-Charlie	805	-	28	22503297	65403
chr15	22437894	22637894	harbor1	chr15	22520425	22520683	DNA/hAT-Charlie	965	-	129	22520554	82660
chr15	62262512	62462512	harbor1	chr15	62324801	62325055	DNA/hAT-Charlie	770	-	127	62324928	62416
chr15	62262512	62462512	harbor1	chr15	62346808	62347065	DNA/hAT-Charlie	1453	-	128	62346936	84424
chr15	62262512	62462512	harbor1	chr15	62347383	62347432	DNA/hAT-Charlie	1453	-	24	62347407	84895
chr15	72036199	72236199	harbor1	chr15	72073928	72074051	DNA/hAT-Charlie	685	-	62	72073990	37791
chr15	72036199	72236199	harbor1	chr15	72092609	72092844	DNA/hAT-Charlie	1195	-	118	72092727	56528
chr15	72036199	72236199	harbor1	chr15	72120534	72120976	DNA/hAT-Charlie	1773	-	221	72120755	84556
chr15	72036199	72236199	harbor1	chr15	72126176	72126341	DNA/hAT-Charlie	995	-	82	72126258	90059
chr15	72036199	72236199	harbor1	chr15	72126639	72126672	DNA/hAT-Charlie	995	-	16	72126655	90456
chr15	72036199	72236199	harbor1	chr15	72130335	72130531	DNA/hAT-Charlie	983	-	98	72130433	94234
chr15	49688648	49888648	harbor1	chr15	49721942	49722879	DNA/hAT-Charlie	3220	-	468	49722410	33762
chr15	49688648	49888648	harbor1	chr15	49771835	49771976	DNA/hAT-Charlie	665	-	70	49771905	83257
chr15	49688648	49888648	harbor1	chr15	49771988	49772053	DNA/hAT-Charlie	435	-	32	49772020	83372
chr15	73871405	74071405	harbor1	chr15	73878163	73878373	DNA/hAT-Charlie	1078	-	105	73878268	6863
chr15	73871405	74071405	harbor1	chr15	73898911	73899103	DNA/hAT-Charlie	614	-	96	73899007	27602
chr15	64039475	64239475	harbor1	chr15	64090011	64090061	DNA/hAT-Charlie	608	-	25	64090036	50561
chr15	64039475	64239475	harbor1	chr15	64090371	64090482	DNA/hAT-Charlie	608	-	56	64090427	50952
chr15	64039475	64239475	harbor1	chr15	64105885	64106313	DNA/hAT-Charlie	1335	-	214	64106099	66624
chr15	64039475	64239475	harbor1	chr15	64113013	64113236	DNA/hAT-Charlie	563	-	112	64113125	73650
chr15	64039475	64239475	harbor1	chr15	64113248	64113314	DNA/hAT-Charlie	440	-	33	64113281	73806
chr15	64039475	64239475	harbor1	chr15	64128761	64128961	DNA/hAT-Charlie	1100	-	100	64128861	89386
chr15	29624672	29824672	harbor1	chr15	29638249	29638448	DNA/hAT-Charlie	587	-	100	29638349	13677
chr15	29624672	29824672	harbor1	chr15	29680439	29680896	DNA/hAT-Charlie	3383	-	228	29680667	55995
chr15	29624672	29824672	harbor1	chr15	29680891	29681350	DNA/hAT-Charlie	2684	-	230	29681121	56449
chr15	29624672	29824672	harbor1	chr15	29704429	29704701	DNA/hAT-Charlie	945	-	136	29704565	79893
chr15	29624672	29824672	harbor1	chr15	29711739	29711888	DNA/hAT-Charlie	601	-	74	29711813	87141
chr15	61209020	61409020	harbor1	chr15	61239339	61239514	DNA/hAT-Charlie	1032	-	88	61239427	30407
chr15	61209020	61409020	harbor1	chr15	61245542	61245715	DNA/hAT-Charlie	683	-	86	61245628	36608
chr15	61209020	61409020	harbor1	chr15	61285472	61285634	DNA/hAT-Charlie	816	-	81	61285553	76533
chr15	30369470	30569470	harbor1	chr15	30391522	30391710	DNA/hAT-Charlie	1350	-	94	30391616	22146
chr15	30369470	30569470	harbor1	chr15	30416074	30416290	DNA/hAT-Charlie	892	-	108	30416182	46712
chr15	30369470	30569470	harbor1	chr15	30431012	30431790	DNA/hAT-Charlie	3994	-	389	30431401	61931
chr15	30369470	30569470	harbor1	chr15	30432422	30432971	DNA/hAT-Charlie	3994	-	274	30432696	63226
chr15	30369470	30569470	harbor1	chr15	30455665	30456180	DNA/hAT-Charlie	3569	-	258	30455923	86453
chr15	46632857	46832857	harbor1	chr15	46631959	46632939	DNA/hAT-Charlie	786	-	490	46632449	408
chr15	46632857	46832857	harbor1	chr15	46632951	46633134	DNA/hAT-Charlie	765	-	92	46633043	186
chr15	46632857	46832857	harbor1	chr15	46633150	46634481	DNA/hAT-Charlie	1618	-	666	46633816	959
chr15	46632857	46832857	harbor1	chr15	46715994	46716123	DNA/hAT-Charlie	455	-	64	46716058	83201
chr15	58042215	58242215	harbor1	chr15	58060660	58060801	DNA/hAT-Charlie	591	-	70	58060730	18515
chr15	28598269	28798269	harbor1	chr15	28598465	28598520	DNA/hAT-Charlie	818	-	28	28598493	224
chr15	28598269	28798269	harbor1	chr15	28615601	28615859	DNA/hAT-Charlie	965	-	129	28615730	17461
chr15	28598269	28798269	harbor1	chr15	28686704	28686888	DNA/hAT-Charlie	428	-	92	28686796	88527
chr15	70010239	70210239	harbor1	chr15	70017831	70017990	DNA/hAT-Charlie	791	-	80	70017911	7672
chr15	70010239	70210239	harbor1	chr15	70046522	70046651	DNA/hAT-Charlie	486	-	64	70046586	36347
chr15	70010239	70210239	harbor1	chr15	70077968	70078093	DNA/hAT-Charlie	572	-	62	70078030	67791
chr15	70010239	70210239	harbor1	chr15	70084955	70085149	DNA/hAT-Charlie	1036	-	97	70085052	74813
chr15	78488864	78688864	harbor1	chr15	78532181	78532420	DNA/hAT-Charlie	978	-	120	78532301	43437
chr15	78488864	78688864	harbor1	chr15	78545785	78546071	DNA/hAT-Charlie	1233	-	143	78545928	57064
chr15	78488864	78688864	harbor1	chr15	78570794	78570999	DNA/hAT-Charlie	883	-	102	78570896	82032
chr15	78488864	78688864	harbor1	chr15	78571018	78571171	DNA/hAT-Charlie	733	-	76	78571094	82230
chr15	67627180	67827180	harbor1	chr15	67642985	67643161	DNA/hAT-Charlie	577	-	88	67643073	15893
chr15	84300251	84500251	harbor1	chr15	84348901	84349055	DNA/hAT-Charlie	857	-	77	84348978	48727
chr15	84300251	84500251	harbor1	chr15	84366134	84366459	DNA/hAT-Charlie	725	-	162	84366296	66045
chr15	84300251	84500251	harbor1	chr15	84366714	84367287	DNA/hAT-Charlie	2302	-	286	84367000	66749
chr15	84300251	84500251	harbor1	chr15	84367580	84367760	DNA/hAT-Charlie	2302	-	90	84367670	67419
chr15	84300251	84500251	harbor1	chr15	84385914	84386066	DNA/hAT-Charlie	859	-	76	84385990	85739
chr15	26215569	26415569	harbor1	chr15	26240422	26240583	DNA/hAT-Charlie	826	-	80	26240502	24933
chr15	26215569	26415569	harbor1	chr15	26264281	26264440	DNA/hAT-Charlie	429	-	80	26264361	48792
chr15	96836054	97036054	harbor1	chr15	96865450	96865524	DNA/hAT-Charlie	420	-	37	96865487	29433
chr15	96836054	97036054	harbor1	chr15	96865555	96865619	DNA/hAT-Charlie	420	-	32	96865587	29533
chr15	96836054	97036054	harbor1	chr15	96866076	96866354	DNA/hAT-Charlie	590	-	139	96866215	30161
chr15	45379160	45579160	harbor1	chr15	45389770	45389848	DNA/hAT-Charlie	607	-	39	45389809	10649
chr15	45379160	45579160	harbor1	chr15	45390152	45390224	DNA/hAT-Charlie	607	-	36	45390188	11028
chr15	45379160	45579160	harbor1	chr15	45412426	45412711	DNA/hAT-Charlie	1270	-	142	45412568	33408
chr15	45379160	45579160	harbor1	chr15	45437665	45437811	DNA/hAT-Charlie	828	-	73	45437738	58578
chr15	45379160	45579160	harbor1	chr15	45442962	45443132	DNA/hAT-Charlie	797	-	85	45443047	63887
chr15	45379160	45579160	harbor1	chr15	45478840	45479055	DNA/hAT-Charlie	1138	-	108	45478948	99788
chr15	32860486	33060486	harbor1	chr15	32907059	32907554	DNA/hAT-Charlie	3191	-	248	32907307	46821
chr15	40462636	40662636	harbor1	chr15	40514042	40514155	DNA/hAT-Charlie	563	-	56	40514098	51462
chr15	40462636	40662636	harbor1	chr15	40514472	40514549	DNA/hAT-Charlie	563	-	38	40514510	51874
chr15	62260779	62460779	harbor1	chr15	62324801	62325055	DNA/hAT-Charlie	770	-	127	62324928	64149
chr15	62260779	62460779	harbor1	chr15	62346808	62347065	DNA/hAT-Charlie	1453	-	128	62346936	86157
chr15	62260779	62460779	harbor1	chr15	62347383	62347432	DNA/hAT-Charlie	1453	-	24	62347407	86628
chr15	86265597	86465597	harbor1	chr15	86272203	86272368	DNA/hAT-Charlie	826	-	82	86272285	6688
chr15	86265597	86465597	harbor1	chr15	86274165	86274623	DNA/hAT-Charlie	610	-	229	86274394	8797
chr15	86265597	86465597	harbor1	chr15	86274782	86274926	DNA/hAT-Charlie	465	-	72	86274854	9257
chr15	86265597	86465597	harbor1	chr15	86287795	86288086	DNA/hAT-Charlie	436	-	146	86287941	22344
chr15	86265597	86465597	harbor1	chr15	86317658	86317857	DNA/hAT-Charlie	1027	-	100	86317758	52161
chr15	47804796	48004796	harbor1	chr15	47862575	47862732	DNA/hAT-Charlie	754	-	78	47862653	57857
chr15	47804796	48004796	harbor1	chr15	47863664	47863836	DNA/hAT-Charlie	911	-	86	47863750	58954
chr15	96595426	96795426	harbor1	chr15	96646540	96646621	DNA/hAT-Charlie	489	-	40	96646580	51154
chr15	96595426	96795426	harbor1	chr15	96646932	96647008	DNA/hAT-Charlie	489	-	38	96646970	51544
chr15	96595426	96795426	harbor1	chr15	96654246	96654416	DNA/hAT-Charlie	421	-	85	96654331	58905
chr15	96595426	96795426	harbor1	chr15	96655506	96655601	DNA/hAT-Charlie	1534	-	48	96655554	60128
chr15	96595426	96795426	harbor1	chr15	96655648	96655788	DNA/hAT-Charlie	1534	-	70	96655718	60292
chr15	96595426	96795426	harbor1	chr15	96663142	96663299	DNA/hAT-Charlie	525	-	78	96663220	67794
chr15	96595426	96795426	harbor1	chr15	96663308	96663485	DNA/hAT-Charlie	974	-	88	96663396	67970
chr15	96595426	96795426	harbor1	chr15	96678087	96678291	DNA/hAT-Charlie	753	-	102	96678189	82763
chr15	86911759	87111759	harbor1	chr15	86925234	86925384	DNA/hAT-Charlie	590	-	75	86925309	13550
chr15	86911759	87111759	harbor1	chr15	86958251	86958388	DNA/hAT-Charlie	532	-	68	86958319	46560
chr15	86911759	87111759	harbor1	chr15	86964224	86964306	DNA/hAT-Charlie	473	-	41	86964265	52506
chr15	86911759	87111759	harbor1	chr15	86964303	86964487	DNA/hAT-Charlie	970	-	92	86964395	52636
chr15	36286259	36486259	harbor1	chr15	36304013	36304360	DNA/hAT-Charlie	1843	-	174	36304187	17928
chr15	36286259	36486259	harbor1	chr15	36324503	36324724	DNA/hAT-Charlie	893	-	110	36324613	38354
chr15	36286259	36486259	harbor1	chr15	36348515	36348772	DNA/hAT-Charlie	429	-	128	36348643	62384
chr15	68399907	68599907	harbor1	chr15	68492150	68492183	DNA/hAT-Charlie	617	-	16	68492166	92259
chr15	68399907	68599907	harbor1	chr15	68492499	68492707	DNA/hAT-Charlie	713	-	104	68492603	92696
chr15	55067203	55267203	harbor1	chr15	55166764	55167009	DNA/hAT-Charlie	739	-	122	55166886	99683
chr15	49141211	49341211	harbor1	chr15	49165756	49165796	DNA/hAT-Charlie	515	-	20	49165776	24565
chr15	49141211	49341211	harbor1	chr15	49166091	49166164	DNA/hAT-Charlie	515	-	36	49166127	24916
chr15	49141211	49341211	harbor1	chr15	49172336	49172751	DNA/hAT-Charlie	1091	-	208	49172544	31333
chr15	93593913	93793913	harbor1	chr15	93603244	93603397	DNA/hAT-Charlie	642	-	76	93603320	9407
chr15	93593913	93793913	harbor1	chr15	93656647	93656965	DNA/hAT-Charlie	1209	-	159	93656806	62893
chr15	51964115	52164115	harbor1	chr15	52014826	52014985	DNA/hAT-Charlie	567	-	80	52014906	50791
chr15	51964115	52164115	harbor1	chr15	52028485	52028697	DNA/hAT-Charlie	768	-	106	52028591	64476
chr15	79910115	80110115	harbor1	chr15	79915222	79915461	DNA/hAT-Charlie	469	-	120	79915342	5227
chr15	79910115	80110115	harbor1	chr15	79961301	79961545	DNA/hAT-Charlie	877	-	122	79961423	51308
chr15	32325787	32525787	harbor1	chr15	32409128	32409201	DNA/hAT-Charlie	449	-	36	32409164	83377
chr15	30790215	30990215	harbor1	chr15	30842830	30843024	DNA/hAT-Charlie	901	-	97	30842927	52712
chr15	30790215	30990215	harbor1	chr15	30879356	30879470	DNA/hAT-Charlie	422	-	57	30879413	89198
chr15	31697797	31897797	harbor1	chr15	31752290	31753231	DNA/hAT-Charlie	3757	-	470	31752760	54963
chr15	31697797	31897797	harbor1	chr15	31754808	31754904	DNA/hAT-Charlie	579	-	48	31754856	57059
chr15	31697797	31897797	harbor1	chr15	31764663	31764835	DNA/hAT-Charlie	491	-	86	31764749	66952
chr15	31697797	31897797	harbor1	chr15	31790200	31790362	DNA/hAT-Charlie	725	-	81	31790281	92484
chr15	71034183	71234183	harbor1	chr15	71111842	71111977	DNA/hAT-Charlie	421	-	68	71111910	77727
chr15	71034183	71234183	harbor1	chr15	71124129	71124433	DNA/hAT-Charlie	1295	-	152	71124281	90098
chr15	100135993	100335993	harbor1	chr15	100143997	100144269	DNA/hAT-Charlie	1326	-	136	100144133	8140
chr15	100135993	100335993	harbor1	chr15	100144563	100144741	DNA/hAT-Charlie	1326	-	89	100144652	8659
chr15	100135993	100335993	harbor1	chr15	100172161	100172315	DNA/hAT-Charlie	643	-	77	100172238	36245
chr15	100135993	100335993	harbor1	chr15	100176331	100176478	DNA/hAT-Charlie	619	-	74	100176405	40412
chr15	100135993	100335993	harbor1	chr15	100222886	100223279	DNA/hAT-Charlie	1019	-	196	100223082	87089
chr15	100135993	100335993	harbor1	chr15	100235492	100235673	DNA/hAT-Charlie	748	-	90	100235582	99589
chr15	58597968	58797968	harbor1	chr15	58597738	58598015	DNA/hAT-Charlie	1029	-	138	58597876	92
chr15	58597968	58797968	harbor1	chr15	58602905	58603040	DNA/hAT-Charlie	461	-	68	58602973	5005
chr15	58597968	58797968	harbor1	chr15	58606738	58606840	DNA/hAT-Charlie	533	-	51	58606789	8821
chr15	58597968	58797968	harbor1	chr15	58606847	58607166	DNA/hAT-Charlie	1540	-	160	58607007	9039
chr15	58597968	58797968	harbor1	chr15	58607176	58607315	DNA/hAT-Charlie	459	-	70	58607246	9278
chr15	58597968	58797968	harbor1	chr15	58639162	58639346	DNA/hAT-Charlie	1000	-	92	58639254	41286
chr15	58597968	58797968	harbor1	chr15	58660789	58660994	DNA/hAT-Charlie	985	-	102	58660891	62923
chr15	28147447	28347447	harbor1	chr15	28161579	28161743	DNA/hAT-Charlie	505	-	82	28161661	14214
chr15	28147447	28347447	harbor1	chr15	28207761	28207934	DNA/hAT-Charlie	930	-	86	28207847	60400
chr15	28147447	28347447	harbor1	chr15	28210655	28210775	DNA/hAT-Charlie	454	-	60	28210715	63268
chr15	28147447	28347447	harbor1	chr15	28230732	28231051	DNA/hAT-Charlie	1063	-	160	28230892	83445
chr15	66634386	66834386	harbor1	chr15	66673111	66673291	DNA/hAT-Charlie	748	-	90	66673201	38815
chr15	66634386	66834386	harbor1	chr15	66692029	66692192	DNA/hAT-Charlie	586	-	82	66692111	57725
chr15	66634386	66834386	harbor1	chr15	66726770	66726925	DNA/hAT-Charlie	449	-	78	66726848	92462
chr15	70377454	70577454	harbor1	chr15	70388095	70388268	DNA/hAT-Charlie	515	-	86	70388181	10727
chr15	70377454	70577454	harbor1	chr15	70460612	70460812	DNA/hAT-Charlie	853	-	100	70460712	83258
chr15	50193765	50393765	harbor1	chr15	50206092	50206310	DNA/hAT-Charlie	854	-	109	50206201	12436
chr15	50193765	50393765	harbor1	chr15	50224659	50224858	DNA/hAT-Charlie	1187	-	100	50224759	30994
chr15	50193765	50393765	harbor1	chr15	50242091	50242256	DNA/hAT-Charlie	595	-	82	50242173	48408
chr15	50193765	50393765	harbor1	chr15	50253786	50254013	DNA/hAT-Charlie	725	-	114	50253900	60135
chr15	50193765	50393765	harbor1	chr15	50275992	50276097	DNA/hAT-Charlie	429	-	52	50276044	82279
chr15	50193765	50393765	harbor1	chr15	50283923	50284079	DNA/hAT-Charlie	691	-	78	50284001	90236
chr15	23390412	23590412	harbor1	chr15	23400981	23401329	DNA/hAT-Charlie	2051	-	174	23401155	10743
chr15	23390412	23590412	harbor1	chr15	23423677	23423841	DNA/hAT-Charlie	1043	-	82	23423759	33347
chr15	23390412	23590412	harbor1	chr15	23424139	23424186	DNA/hAT-Charlie	1043	-	24	23424163	33751
chr15	23390412	23590412	harbor1	chr15	23431432	23431639	DNA/hAT-Charlie	1337	-	104	23431536	41124
chr15	51780928	51980928	harbor1	chr15	51793305	51793508	DNA/hAT-Charlie	804	-	102	51793407	12479
chr15	51780928	51980928	harbor1	chr15	51794566	51794722	DNA/hAT-Charlie	553	-	78	51794644	13716
chr15	51780928	51980928	harbor1	chr15	51854149	51854364	DNA/hAT-Charlie	1350	-	108	51854257	73329
chr15	51780928	51980928	harbor1	chr15	51865219	51865307	DNA/hAT-Charlie	485	-	44	51865263	84335
chr15	51780928	51980928	harbor1	chr15	51873595	51873712	DNA/hAT-Charlie	564	-	58	51873653	92725
chr15	51780928	51980928	harbor1	chr15	51873927	51874428	DNA/hAT-Charlie	839	-	250	51874177	93249
chr15	51780928	51980928	harbor1	chr15	51874424	51874716	DNA/hAT-Charlie	663	-	146	51874570	93642
chr15	41628899	41828899	harbor1	chr15	41632857	41632953	DNA/hAT-Charlie	526	-	48	41632905	4006
chr15	41628899	41828899	harbor1	chr15	41644858	41645307	DNA/hAT-Charlie	4380	-	224	41645082	16183
chr15	41628899	41828899	harbor1	chr15	41645594	41646110	DNA/hAT-Charlie	4380	-	258	41645852	16953
chr15	41628899	41828899	harbor1	chr15	41646117	41646334	DNA/hAT-Charlie	890	-	108	41646225	17326
chr15	41628899	41828899	harbor1	chr15	41647102	41647272	DNA/hAT-Charlie	446	-	85	41647187	18288
chr15	41628899	41828899	harbor1	chr15	41647795	41647944	DNA/hAT-Charlie	501	-	74	41647869	18970
chr15	41628899	41828899	harbor1	chr15	41712688	41712871	DNA/hAT-Charlie	782	-	92	41712780	83881
chr15	88382779	88582779	harbor1	chr15	88394851	88395188	DNA/hAT-Charlie	1966	-	168	88395019	12240
chr15	88382779	88582779	harbor1	chr15	88402293	88402461	DNA/hAT-Charlie	913	-	84	88402377	19598
chr15	88382779	88582779	harbor1	chr15	88432378	88432555	DNA/hAT-Charlie	693	-	88	88432466	49687
chr15	79950500	80150500	harbor1	chr15	79961301	79961545	DNA/hAT-Charlie	877	-	122	79961423	10923
chr15	79950500	80150500	harbor1	chr15	80035978	80036139	DNA/hAT-Charlie	730	-	80	80036058	85558
chr15	71486046	71686046	harbor1	chr15	71516607	71516869	DNA/hAT-Charlie	530	-	131	71516738	30692
chr15	71486046	71686046	harbor1	chr15	71516873	71517025	DNA/hAT-Charlie	731	-	76	71516949	30903
chr15	71486046	71686046	harbor1	chr15	71538591	71538757	DNA/hAT-Charlie	785	-	83	71538674	52628
chr15	71486046	71686046	harbor1	chr15	71541121	71541405	DNA/hAT-Charlie	1377	-	142	71541263	55217
chr15	34133561	34333561	harbor1	chr15	34153509	34153575	DNA/hAT-Charlie	1586	-	33	34153542	19981
chr15	34133561	34333561	harbor1	chr15	34153857	34154292	DNA/hAT-Charlie	1586	-	218	34154075	20514
chr15	34133561	34333561	harbor1	chr15	34216816	34217071	DNA/hAT-Charlie	1522	-	128	34216944	83383
chr15	59109086	59309086	harbor1	chr15	59140019	59140202	DNA/hAT-Charlie	506	-	92	59140111	31025
chr15	59109086	59309086	harbor1	chr15	59182834	59183154	DNA/hAT-Charlie	2290	-	160	59182994	73908
chr15	59109086	59309086	harbor1	chr15	59203139	59203275	DNA/hAT-Charlie	598	-	68	59203207	94121
chr15	98781995	98981995	harbor1	chr15	98818618	98818851	DNA/hAT-Charlie	1033	-	116	98818734	36739
chr15	98781995	98981995	harbor1	chr15	98819246	98819305	DNA/hAT-Charlie	1681	-	30	98819276	37281
chr15	98781995	98981995	harbor1	chr15	98819648	98820070	DNA/hAT-Charlie	1681	-	211	98819859	37864
chr15	98781995	98981995	harbor1	chr15	98820552	98820808	DNA/hAT-Charlie	640	-	128	98820680	38685
chr15	84616295	84816295	harbor1	chr15	84661365	84661559	DNA/hAT-Charlie	1483	-	97	84661462	45167
chr15	84616295	84816295	harbor1	chr15	84661872	84661929	DNA/hAT-Charlie	1483	-	28	84661900	45605
chr15	61231030	61431030	harbor1	chr15	61239339	61239514	DNA/hAT-Charlie	1032	-	88	61239427	8397
chr15	61231030	61431030	harbor1	chr15	61245542	61245715	DNA/hAT-Charlie	683	-	86	61245628	14598
chr15	61231030	61431030	harbor1	chr15	61285472	61285634	DNA/hAT-Charlie	816	-	81	61285553	54523
chr15	61231030	61431030	harbor1	chr15	61315767	61315939	DNA/hAT-Charlie	742	-	86	61315853	84823
chr15	61231030	61431030	harbor1	chr15	61319561	61319746	DNA/hAT-Charlie	840	-	92	61319653	88623
chr15	53213587	53413587	harbor1	chr15	53262712	53262885	DNA/hAT-Charlie	420	-	86	53262798	49211
chr15	61327399	61527399	harbor1	chr15	61339385	61339552	DNA/hAT-Charlie	534	-	84	61339469	12070
chr15	61327399	61527399	harbor1	chr15	61348904	61349092	DNA/hAT-Charlie	876	-	94	61348998	21599
chr15	61327399	61527399	harbor1	chr15	61350783	61350969	DNA/hAT-Charlie	927	-	93	61350876	23477
chr15	61327399	61527399	harbor1	chr15	61412370	61412582	DNA/hAT-Charlie	1066	-	106	61412476	85077
chr15	53760444	53960444	harbor1	chr15	53820859	53821011	DNA/hAT-Charlie	438	-	76	53820935	60491
chr15	53760444	53960444	harbor1	chr15	53821043	53821384	DNA/hAT-Charlie	1006	-	170	53821213	60769
chr15	53760444	53960444	harbor1	chr15	53822463	53822785	DNA/hAT-Charlie	722	-	161	53822624	62180
chr15	83247805	83447805	harbor1	chr15	83249844	83249990	DNA/hAT-Charlie	478	-	73	83249917	2112
chr15	83247805	83447805	harbor1	chr15	83267516	83267653	DNA/hAT-Charlie	806	-	68	83267584	19779
chr15	83247805	83447805	harbor1	chr15	83267848	83267895	DNA/hAT-Charlie	806	-	24	83267872	20067
chr15	83247805	83447805	harbor1	chr15	83272800	83273004	DNA/hAT-Charlie	951	-	102	83272902	25097
chr15	83247805	83447805	harbor1	chr15	83274075	83274102	DNA/hAT-Charlie	899	-	14	83274089	26284
chr15	83247805	83447805	harbor1	chr15	83274406	83274541	DNA/hAT-Charlie	899	-	68	83274474	26669
chr15	83247805	83447805	harbor1	chr15	83287677	83287965	DNA/hAT-Charlie	659	-	144	83287821	40016
chr15	83247805	83447805	harbor1	chr15	83298645	83298835	DNA/hAT-Charlie	1354	-	95	83298740	50935
chr15	83247805	83447805	harbor1	chr15	83310359	83310477	DNA/hAT-Charlie	442	-	59	83310418	62613
chr15	40191474	40391474	harbor1	chr15	40214738	40214928	DNA/hAT-Charlie	437	-	95	40214833	23359
chr15	40191474	40391474	harbor1	chr15	40231980	40232272	DNA/hAT-Charlie	1763	-	146	40232126	40652
chr15	40191474	40391474	harbor1	chr15	40268260	40268447	DNA/hAT-Charlie	620	-	94	40268354	76880
chr15	98003761	98203761	harbor1	chr15	98037149	98037487	DNA/hAT-Charlie	870	-	169	98037318	33557
chr15	98003761	98203761	harbor1	chr15	98038103	98038246	DNA/hAT-Charlie	565	-	72	98038175	34414
chr15	73429778	73629778	harbor1	chr15	73455782	73455950	DNA/hAT-Charlie	869	-	84	73455866	26088
chr15	73429778	73629778	harbor1	chr15	73492528	73492690	DNA/hAT-Charlie	703	-	81	73492609	62831
chr15	58747345	58947345	harbor1	chr15	58762324	58762487	DNA/hAT-Charlie	758	-	82	58762406	15061
chr15	58747345	58947345	harbor1	chr15	58785381	58785584	DNA/hAT-Charlie	887	-	102	58785483	38138
chr15	58747345	58947345	harbor1	chr15	58788329	58788571	DNA/hAT-Charlie	857	-	121	58788450	41105
chr15	58747345	58947345	harbor1	chr15	58795290	58795402	DNA/hAT-Charlie	638	-	56	58795346	48001
chr15	58747345	58947345	harbor1	chr15	58795704	58795859	DNA/hAT-Charlie	638	-	78	58795782	48437
chr15	58747345	58947345	harbor1	chr15	58802449	58802586	DNA/hAT-Charlie	558	-	68	58802517	55172
chr15	58747345	58947345	harbor1	chr15	58804219	58804491	DNA/hAT-Charlie	599	-	136	58804355	57010
chr15	58747345	58947345	harbor1	chr15	58804997	58805420	DNA/hAT-Charlie	701	-	212	58805209	57864
chr15	25522424	25722424	harbor1	chr15	25575915	25576795	DNA/hAT-Charlie	5958	-	440	25576355	53931
chr15	25522424	25722424	harbor1	chr15	25577333	25577576	DNA/hAT-Charlie	5958	-	122	25577455	55031
chr15	25522424	25722424	harbor1	chr15	25577608	25577876	DNA/hAT-Charlie	5958	-	134	25577742	55318
chr15	52711320	52911320	harbor1	chr15	52759461	52759610	DNA/hAT-Charlie	631	-	74	52759535	48215
chr15	52711320	52911320	harbor1	chr15	52759898	52760015	DNA/hAT-Charlie	631	-	58	52759956	48636
chr15	52711320	52911320	harbor1	chr15	52770191	52770363	DNA/hAT-Charlie	728	-	86	52770277	58957
chr15	52711320	52911320	harbor1	chr15	52770373	52770522	DNA/hAT-Charlie	709	-	74	52770447	59127
chr15	52711320	52911320	harbor1	chr15	52772940	52773063	DNA/hAT-Charlie	431	-	62	52773002	61682
chr15	52711320	52911320	harbor1	chr15	52776881	52777044	DNA/hAT-Charlie	865	-	82	52776963	65643
chr15	91220496	91420496	harbor1	chr15	91227847	91228067	DNA/hAT-Charlie	1091	-	110	91227957	7461
chr15	91220496	91420496	harbor1	chr15	91237232	91237442	DNA/hAT-Charlie	1297	-	105	91237337	16841
chr15	91220496	91420496	harbor1	chr15	91297421	91297616	DNA/hAT-Charlie	719	-	98	91297519	77023
chr15	55409019	55609019	harbor1	chr15	55420311	55420894	DNA/hAT-Charlie	717	-	292	55420603	11584
chr15	55409019	55609019	harbor1	chr15	55492379	55492547	DNA/hAT-Charlie	881	-	84	55492463	83444
chr15	55409019	55609019	harbor1	chr15	55492838	55492944	DNA/hAT-Charlie	881	-	53	55492891	83872
chr15	55409019	55609019	harbor1	chr15	55506389	55506609	DNA/hAT-Charlie	729	-	110	55506499	97480
chr15	20781726	20981726	harbor1	chr15	20837521	20838031	DNA/hAT-Charlie	3281	-	255	20837776	56050
chr16	79247025	79447025	harbor1	chr16	79252129	79252459	DNA/hAT-Charlie	1118	-	165	79252294	5269
chr16	79247025	79447025	harbor1	chr16	79326572	79326795	DNA/hAT-Charlie	1148	-	112	79326684	79659
chr16	79247025	79447025	harbor1	chr16	79340684	79340829	DNA/hAT-Charlie	737	-	72	79340756	93731
chr16	33446658	33646658	harbor1	chr16	33486344	33486531	DNA/hAT-Charlie	1263	-	94	33486438	39780
chr16	49582518	49782518	harbor1	chr16	49678671	49678811	DNA/hAT-Charlie	606	-	70	49678741	96223
chr16	16207152	16407152	harbor1	chr16	16260136	16260438	DNA/hAT-Charlie	936	-	151	16260287	53135
chr16	16207152	16407152	harbor1	chr16	16280598	16280813	DNA/hAT-Charlie	499	-	108	16280706	73554
chr16	16207152	16407152	harbor1	chr16	16282703	16282867	DNA/hAT-Charlie	432	-	82	16282785	75633
chr16	16207152	16407152	harbor1	chr16	16284253	16284556	DNA/hAT-Charlie	478	-	152	16284405	77253
chr16	16207152	16407152	harbor1	chr16	16292313	16292450	DNA/hAT-Charlie	561	-	68	16292381	85229
chr16	16207152	16407152	harbor1	chr16	16292446	16292629	DNA/hAT-Charlie	648	-	92	16292538	85386
chr16	16207152	16407152	harbor1	chr16	16294984	16295235	DNA/hAT-Charlie	532	-	126	16295110	87958
chr16	84434350	84634350	harbor1	chr16	84445658	84445778	DNA/hAT-Charlie	473	-	60	84445718	11368
chr16	84434350	84634350	harbor1	chr16	84503097	84503306	DNA/hAT-Charlie	1024	-	104	84503201	68851
chr16	67628753	67828753	harbor1	chr16	67682852	67682960	DNA/hAT-Charlie	530	-	54	67682906	54153
chr16	67628753	67828753	harbor1	chr16	67720312	67720532	DNA/hAT-Charlie	1369	-	110	67720422	91669
chr16	1428558	1628558	harbor1	chr16	1439722	1439879	DNA/hAT-Charlie	466	-	78	1439800	11242
chr16	22635333	22835333	harbor1	chr16	22660104	22660328	DNA/hAT-Charlie	1203	-	112	22660216	24883
chr16	22635333	22835333	harbor1	chr16	22676478	22676704	DNA/hAT-Charlie	946	-	113	22676591	41258
chr16	22635333	22835333	harbor1	chr16	22691585	22691699	DNA/hAT-Charlie	820	-	57	22691642	56309
chr16	22635333	22835333	harbor1	chr16	22691935	22692120	DNA/hAT-Charlie	820	-	92	22692027	56694
chr16	22635333	22835333	harbor1	chr16	22715723	22715867	DNA/hAT-Charlie	487	-	72	22715795	80462
chr16	7268393	7468393	harbor1	chr16	7280669	7280862	DNA/hAT-Charlie	646	-	96	7280765	12372
chr16	7268393	7468393	harbor1	chr16	7290096	7290416	DNA/hAT-Charlie	802	-	160	7290256	21863
chr16	7268393	7468393	harbor1	chr16	7354322	7354539	DNA/hAT-Charlie	510	-	108	7354430	86037
chr16	7268393	7468393	harbor1	chr16	7354700	7354883	DNA/hAT-Charlie	526	-	92	7354792	86399
chr16	7268393	7468393	harbor1	chr16	7367651	7367815	DNA/hAT-Charlie	585	-	82	7367733	99340
chr16	69097297	69297297	harbor1	chr16	69138652	69138862	DNA/hAT-Charlie	1182	-	105	69138757	41460
chr16	69097297	69297297	harbor1	chr16	69161061	69161639	DNA/hAT-Charlie	1128	-	289	69161350	64053
chr16	69097297	69297297	harbor1	chr16	69175104	69175194	DNA/hAT-Charlie	466	-	45	69175149	77852
chr16	58982416	59182416	harbor1	chr16	59052683	59052800	DNA/hAT-Charlie	526	-	58	59052741	70325
chr16	53590684	53790684	harbor1	chr16	53614316	53614504	DNA/hAT-Charlie	872	-	94	53614410	23726
chr16	53590684	53790684	harbor1	chr16	53629146	53629297	DNA/hAT-Charlie	608	-	76	53629222	38538
chr16	53590684	53790684	harbor1	chr16	53629312	53629488	DNA/hAT-Charlie	762	-	88	53629400	38716
chr16	53590684	53790684	harbor1	chr16	53629725	53629915	DNA/hAT-Charlie	669	-	95	53629820	39136
chr16	75376610	75576610	harbor1	chr16	75388458	75388656	DNA/hAT-Charlie	598	-	99	75388557	11947
chr16	75376610	75576610	harbor1	chr16	75454095	75454296	DNA/hAT-Charlie	868	-	100	75454195	77585
chr16	923847	1123847	harbor1	chr16	935472	935655	DNA/hAT-Charlie	1168	-	92	935564	11717
chr16	22426060	22626060	harbor1	chr16	22502072	22502461	DNA/hAT-Charlie	1929	-	194	22502266	76206
chr16	60559730	60759730	harbor1	chr16	60639467	60639663	DNA/hAT-Charlie	594	-	98	60639565	79835
chr16	60559730	60759730	harbor1	chr16	60642880	60643034	DNA/hAT-Charlie	461	-	77	60642957	83227
chr16	61287052	61487052	harbor1	chr16	61298605	61298767	DNA/hAT-Charlie	1393	-	81	61298686	11634
chr16	61287052	61487052	harbor1	chr16	61299052	61299748	DNA/hAT-Charlie	1393	-	348	61299400	12348
chr16	46484095	46684095	harbor1	chr16	46560781	46561045	DNA/hAT-Charlie	489	-	132	46560913	76818
chr16	5114311	5314311	harbor1	chr16	5118305	5118372	DNA/hAT-Charlie	759	-	34	5118339	4028
chr16	5114311	5314311	harbor1	chr16	5118687	5118821	DNA/hAT-Charlie	759	-	67	5118754	4443
chr16	5114311	5314311	harbor1	chr16	5118838	5119349	DNA/hAT-Charlie	3422	-	256	5119094	4783
chr16	5114311	5314311	harbor1	chr16	5158151	5158263	DNA/hAT-Charlie	1096	-	56	5158207	43896
chr16	5114311	5314311	harbor1	chr16	5158656	5158772	DNA/hAT-Charlie	1096	-	58	5158714	44403
chr16	67381482	67581482	harbor1	chr16	67383398	67383576	DNA/hAT-Charlie	955	-	89	67383487	2005
chr16	67381482	67581482	harbor1	chr16	67403086	67403325	DNA/hAT-Charlie	452	-	120	67403206	21724
chr16	5318934	5518934	harbor1	chr16	5321145	5321252	DNA/hAT-Charlie	606	-	54	5321199	2265
chr16	5318934	5518934	harbor1	chr16	5323186	5323417	DNA/hAT-Charlie	545	-	116	5323302	4368
chr16	5318934	5518934	harbor1	chr16	5381386	5381546	DNA/hAT-Charlie	785	-	80	5381466	62532
chr16	5318934	5518934	harbor1	chr16	5381877	5382094	DNA/hAT-Charlie	982	-	108	5381985	63051
chr16	5318934	5518934	harbor1	chr16	5388340	5388527	DNA/hAT-Charlie	463	-	94	5388434	69500
chr16	5318934	5518934	harbor1	chr16	5389321	5389527	DNA/hAT-Charlie	1037	-	103	5389424	70490
chr16	5318934	5518934	harbor1	chr16	5413423	5413606	DNA/hAT-Charlie	675	-	92	5413515	94581
chr16	5318934	5518934	harbor1	chr16	5357520	5357662	DNA/hAT-Charlie	760	-	71	5357591	38657
chr16	85575754	85775754	harbor1	chr16	85596573	85596753	DNA/hAT-Charlie	620	-	90	85596663	20909
chr16	12963667	13163667	harbor1	chr16	12965973	12966182	DNA/hAT-Charlie	997	-	104	12966077	2410
chr16	12963667	13163667	harbor1	chr16	12968706	12968884	DNA/hAT-Charlie	878	-	89	12968795	5128
chr16	12963667	13163667	harbor1	chr16	12969185	12969231	DNA/hAT-Charlie	878	-	23	12969208	5541
chr16	12963667	13163667	harbor1	chr16	12979921	12980072	DNA/hAT-Charlie	735	-	76	12979997	16330
chr16	12963667	13163667	harbor1	chr16	12982215	12982405	DNA/hAT-Charlie	1108	-	95	12982310	18643
chr16	12963667	13163667	harbor1	chr16	12998830	12998849	DNA/hAT-Charlie	937	-	10	12998840	35173
chr16	12963667	13163667	harbor1	chr16	12999519	12999757	DNA/hAT-Charlie	937	-	119	12999638	35971
chr16	12963667	13163667	harbor1	chr16	13009707	13009894	DNA/hAT-Charlie	598	-	94	13009801	46134
chr16	12963667	13163667	harbor1	chr16	13010195	13010280	DNA/hAT-Charlie	598	-	42	13010237	46570
chr16	12963667	13163667	harbor1	chr16	13025427	13025603	DNA/hAT-Charlie	636	-	88	13025515	61848
chr16	12963667	13163667	harbor1	chr16	13041713	13041877	DNA/hAT-Charlie	599	-	82	13041795	78128
chr16	19695567	19895567	harbor1	chr16	19766567	19766788	DNA/hAT-Charlie	1328	-	110	19766677	71110
chr16	19695567	19895567	harbor1	chr16	19773520	19773741	DNA/hAT-Charlie	1072	-	110	19773630	78063
chr16	70539193	70739193	harbor1	chr16	70552708	70552886	DNA/hAT-Charlie	446	-	89	70552797	13604
chr16	70539193	70739193	harbor1	chr16	70558189	70558273	DNA/hAT-Charlie	615	-	42	70558231	19038
chr16	70539193	70739193	harbor1	chr16	70558419	70558569	DNA/hAT-Charlie	615	-	75	70558494	19301
chr16	22238360	22438360	harbor1	chr16	22259468	22259630	DNA/hAT-Charlie	640	-	81	22259549	21189
chr16	22238360	22438360	harbor1	chr16	22265615	22265704	DNA/hAT-Charlie	472	-	44	22265659	27299
chr16	22238360	22438360	harbor1	chr16	22286457	22286670	DNA/hAT-Charlie	1137	-	106	22286563	48203
chr16	22238360	22438360	harbor1	chr16	22289426	22289621	DNA/hAT-Charlie	543	-	98	22289524	51164
chr16	22238360	22438360	harbor1	chr16	22308547	22308710	DNA/hAT-Charlie	647	-	82	22308629	70269
chr16	22238360	22438360	harbor1	chr16	22313807	22313950	DNA/hAT-Charlie	783	-	72	22313879	75519
chr16	22238360	22438360	harbor1	chr16	22334672	22334784	DNA/hAT-Charlie	508	-	56	22334728	96368
chr16	24691652	24891652	harbor1	chr16	24727374	24727588	DNA/hAT-Charlie	868	-	107	24727481	35829
chr16	24691652	24891652	harbor1	chr16	24732671	24732859	DNA/hAT-Charlie	775	-	94	24732765	41113
chr16	24691652	24891652	harbor1	chr16	24756060	24756296	DNA/hAT-Charlie	894	-	118	24756178	64526
chr16	65480851	65680851	harbor1	chr16	65520190	65520361	DNA/hAT-Charlie	791	-	86	65520276	39425
chr16	65480851	65680851	harbor1	chr16	65537495	65537634	DNA/hAT-Charlie	539	-	70	65537565	56714
chr16	76752033	76952033	harbor1	chr16	76808206	76808386	DNA/hAT-Charlie	649	-	90	76808296	56263
chr16	76752033	76952033	harbor1	chr16	76822594	76822756	DNA/hAT-Charlie	725	-	81	76822675	70642
chr16	46554760	46754760	harbor1	chr16	46560781	46561045	DNA/hAT-Charlie	489	-	132	46560913	6153
chr16	46554760	46754760	harbor1	chr16	46628319	46628413	DNA/hAT-Charlie	481	-	47	46628366	73606
chr16	46554760	46754760	harbor1	chr16	46628709	46628789	DNA/hAT-Charlie	481	-	40	46628749	73989
chr16	22356315	22556315	harbor1	chr16	22380852	22380994	DNA/hAT-Charlie	435	-	71	22380923	24608
chr16	86325797	86525797	harbor1	chr16	86342517	86342743	DNA/hAT-Charlie	1470	-	113	86342630	16833
chr16	86325797	86525797	harbor1	chr16	86414304	86414359	DNA/hAT-Charlie	556	-	28	86414332	88535
chr16	86325797	86525797	harbor1	chr16	86414962	86415130	DNA/hAT-Charlie	556	-	84	86415046	89249
chr16	86325797	86525797	harbor1	chr16	86424154	86424475	DNA/hAT-Charlie	1590	-	160	86424314	98517
chr16	69470699	69670699	harbor1	chr16	69525516	69525815	DNA/hAT-Charlie	870	-	150	69525666	54967
chr16	69470699	69670699	harbor1	chr16	69526267	69526284	DNA/hAT-Charlie	655	-	8	69526275	55576
chr16	69470699	69670699	harbor1	chr16	69531330	69531485	DNA/hAT-Charlie	573	-	78	69531408	60709
chr16	69470699	69670699	harbor1	chr16	69531784	69531976	DNA/hAT-Charlie	573	-	96	69531880	61181
chr16	69470699	69670699	harbor1	chr16	69533086	69533299	DNA/hAT-Charlie	962	-	106	69533192	62493
chr16	24378321	24578321	harbor1	chr16	24404868	24405041	DNA/hAT-Charlie	767	-	86	24404954	26633
chr16	24378321	24578321	harbor1	chr16	24432944	24433118	DNA/hAT-Charlie	724	-	87	24433031	54710
chr16	24378321	24578321	harbor1	chr16	24442538	24443016	DNA/hAT-Charlie	3000	-	239	24442777	64456
chr16	24378321	24578321	harbor1	chr16	24459329	24459494	DNA/hAT-Charlie	984	-	82	24459411	81090
chr16	24378321	24578321	harbor1	chr16	24462408	24462554	DNA/hAT-Charlie	805	-	73	24462481	84160
chr16	49019945	49219945	harbor1	chr16	49023473	49023661	DNA/hAT-Charlie	643	-	94	49023567	3622
chr16	49019945	49219945	harbor1	chr16	49081706	49081860	DNA/hAT-Charlie	768	-	77	49081783	61838
chr16	24195584	24395584	harbor1	chr16	24196593	24196751	DNA/hAT-Charlie	667	-	79	24196672	1088
chr16	24195584	24395584	harbor1	chr16	24230113	24230352	DNA/hAT-Charlie	502	-	120	24230233	34649
chr16	24195584	24395584	harbor1	chr16	24261277	24261556	DNA/hAT-Charlie	752	-	140	24261417	65833
chr16	23829161	24029161	harbor1	chr16	23869634	23869747	DNA/hAT-Charlie	1007	-	56	23869690	40529
chr16	23829161	24029161	harbor1	chr16	23870035	23870303	DNA/hAT-Charlie	1007	-	134	23870169	41008
chr16	23829161	24029161	harbor1	chr16	23883825	23884146	DNA/hAT-Charlie	1459	-	160	23883985	54824
chr16	23829161	24029161	harbor1	chr16	23907043	23907249	DNA/hAT-Charlie	1008	-	103	23907146	77985
chr16	23829161	24029161	harbor1	chr16	23922176	23922467	DNA/hAT-Charlie	816	-	146	23922322	93161
chr16	84506681	84706681	harbor1	chr16	84546185	84546396	DNA/hAT-Charlie	1074	-	106	84546291	39610
chr16	84506681	84706681	harbor1	chr16	84555745	84556031	DNA/hAT-Charlie	698	-	143	84555888	49207
chr16	84506681	84706681	harbor1	chr16	84573057	84573318	DNA/hAT-Charlie	918	-	130	84573187	66506
chr16	84506681	84706681	harbor1	chr16	84578009	84578187	DNA/hAT-Charlie	526	-	89	84578098	71417
chr16	84506681	84706681	harbor1	chr16	84591962	84592153	DNA/hAT-Charlie	644	-	96	84592058	85377
chr16	84506681	84706681	harbor1	chr16	84592461	84592597	DNA/hAT-Charlie	553	-	68	84592529	85848
chr16	73146230	73346230	harbor1	chr16	73204122	73204652	DNA/hAT-Charlie	3392	-	265	73204387	58157
chr16	73146230	73346230	harbor1	chr16	73209116	73209286	DNA/hAT-Charlie	1621	-	85	73209201	62971
chr16	73146230	73346230	harbor1	chr16	73209659	73209899	DNA/hAT-Charlie	1621	-	120	73209779	63549
chr16	73146230	73346230	harbor1	chr16	73224926	73225195	DNA/hAT-Charlie	715	-	134	73225060	78830
chr16	60761616	60961616	harbor1	chr16	60795903	60796184	DNA/hAT-Charlie	463	-	140	60796043	34427
chr16	57534438	57734438	harbor1	chr16	57538738	57538988	DNA/hAT-Charlie	587	-	125	57538863	4425
chr16	57534438	57734438	harbor1	chr16	57598845	57599054	DNA/hAT-Charlie	543	-	104	57598949	64511
chr16	54927919	55127919	harbor1	chr16	54953699	54953904	DNA/hAT-Charlie	540	-	102	54953801	25882
chr16	54927919	55127919	harbor1	chr16	54964789	54965002	DNA/hAT-Charlie	540	-	106	54964895	36976
chr16	54927919	55127919	harbor1	chr16	54973225	54973427	DNA/hAT-Charlie	542	-	101	54973326	45407
chr16	54927919	55127919	harbor1	chr16	54973452	54973643	DNA/hAT-Charlie	442	-	96	54973548	45629
chr16	54927919	55127919	harbor1	chr16	54985790	54986107	DNA/hAT-Charlie	1494	-	158	54985948	58029
chr16	54927919	55127919	harbor1	chr16	54990419	54990622	DNA/hAT-Charlie	1148	-	102	54990521	62602
chr16	54927919	55127919	harbor1	chr16	54991027	54991249	DNA/hAT-Charlie	924	-	111	54991138	63219
chr16	54927919	55127919	harbor1	chr16	54994653	54994782	DNA/hAT-Charlie	469	-	64	54994717	66798
chr16	54927919	55127919	harbor1	chr16	54995095	54995192	DNA/hAT-Charlie	469	-	48	54995143	67224
chr16	54927919	55127919	harbor1	chr16	55012111	55012426	DNA/hAT-Charlie	1522	-	158	55012269	84350
chr16	80174265	80374265	harbor1	chr16	80193189	80193416	DNA/hAT-Charlie	527	-	114	80193303	19038
chr16	80174265	80374265	harbor1	chr16	80248575	80248718	DNA/hAT-Charlie	666	-	72	80248647	74382
chr16	80174265	80374265	harbor1	chr16	80248910	80249053	DNA/hAT-Charlie	666	-	72	80248982	74717
chr16	80174265	80374265	harbor1	chr16	80254552	80254932	DNA/hAT-Charlie	806	-	190	80254742	80477
chr16	80174265	80374265	harbor1	chr16	80262155	80262288	DNA/hAT-Charlie	766	-	66	80262221	87956
chr16	80174265	80374265	harbor1	chr16	80262668	80262835	DNA/hAT-Charlie	766	-	84	80262752	88487
chr16	19458511	19658511	harbor1	chr16	19462193	19462405	DNA/hAT-Charlie	949	-	106	19462299	3788
chr16	19458511	19658511	harbor1	chr16	19485604	19485797	DNA/hAT-Charlie	618	-	96	19485700	27189
chr16	19458511	19658511	harbor1	chr16	19516380	19516564	DNA/hAT-Charlie	845	-	92	19516472	57961
chr16	19964926	20164926	harbor1	chr16	19994366	19994534	DNA/hAT-Charlie	803	-	84	19994450	29524
chr16	19964926	20164926	harbor1	chr16	20006248	20006454	DNA/hAT-Charlie	632	-	103	20006351	41425
chr16	19964926	20164926	harbor1	chr16	20022432	20022594	DNA/hAT-Charlie	575	-	81	20022513	57587
chr16	19964926	20164926	harbor1	chr16	20022963	20023073	DNA/hAT-Charlie	446	-	55	20023018	58092
chr16	19964926	20164926	harbor1	chr16	20023104	20023261	DNA/hAT-Charlie	897	-	78	20023182	58256
chr16	19964926	20164926	harbor1	chr16	20048508	20048700	DNA/hAT-Charlie	559	-	96	20048604	83678
chr16	19964926	20164926	harbor1	chr16	20062695	20063053	DNA/hAT-Charlie	1525	-	179	20062874	97948
chr16	19964926	20164926	harbor1	chr16	20063052	20063188	DNA/hAT-Charlie	664	-	68	20063120	98194
chr16	19964926	20164926	harbor1	chr16	20063181	20063356	DNA/hAT-Charlie	903	-	88	20063269	98343
chr16	19964926	20164926	harbor1	chr16	20063518	20063668	DNA/hAT-Charlie	903	-	75	20063593	98667
chr16	19640207	19840207	harbor1	chr16	19648480	19648585	DNA/hAT-Charlie	1522	-	52	19648532	8325
chr16	19640207	19840207	harbor1	chr16	19648897	19648985	DNA/hAT-Charlie	1522	-	44	19648941	8734
chr16	19640207	19840207	harbor1	chr16	19649290	19649682	DNA/hAT-Charlie	1522	-	196	19649486	9279
chr16	11854572	12054572	harbor1	chr16	11937907	11938020	DNA/hAT-Charlie	1207	-	56	11937963	83391
chr16	11854572	12054572	harbor1	chr16	11938631	11938732	DNA/hAT-Charlie	1207	-	50	11938681	84109
chr16	62953994	63153994	harbor1	chr16	62960049	62960166	DNA/hAT-Charlie	557	-	58	62960107	6113
chr16	74809651	75009651	harbor1	chr16	74813587	74813845	DNA/hAT-Charlie	900	-	129	74813716	4065
chr16	74809651	75009651	harbor1	chr16	74821516	74821683	DNA/hAT-Charlie	577	-	84	74821600	11949
chr16	74809651	75009651	harbor1	chr16	74825309	74825460	DNA/hAT-Charlie	719	-	76	74825385	15734
chr16	74809651	75009651	harbor1	chr16	74825941	74826065	DNA/hAT-Charlie	470	-	62	74826003	16352
chr16	74809651	75009651	harbor1	chr16	74871997	74872244	DNA/hAT-Charlie	641	-	124	74872121	62470
chr16	52976712	53176712	harbor1	chr16	52997799	52997932	DNA/hAT-Charlie	441	-	66	52997865	21153
chr16	52976712	53176712	harbor1	chr16	53027295	53027445	DNA/hAT-Charlie	493	-	75	53027370	50658
chr16	52976712	53176712	harbor1	chr16	53027735	53027860	DNA/hAT-Charlie	493	-	62	53027797	51085
chr16	52976712	53176712	harbor1	chr16	53055421	53055598	DNA/hAT-Charlie	548	-	88	53055509	78797
chr16	52976712	53176712	harbor1	chr16	53059700	53059782	DNA/hAT-Charlie	521	-	41	53059741	83029
chr16	52976712	53176712	harbor1	chr16	53059893	53060061	DNA/hAT-Charlie	1348	-	84	53059977	83265
chr16	52976712	53176712	harbor1	chr16	53060196	53060289	DNA/hAT-Charlie	1348	-	46	53060242	83530
chr16	51276879	51476879	harbor1	chr16	51284968	51285154	DNA/hAT-Charlie	540	-	93	51285061	8182
chr16	51276879	51476879	harbor1	chr16	51336372	51336553	DNA/hAT-Charlie	458	-	90	51336462	59583
chr16	51276879	51476879	harbor1	chr16	51350608	51350802	DNA/hAT-Charlie	932	-	97	51350705	73826
chr16	51276879	51476879	harbor1	chr16	51353934	51354146	DNA/hAT-Charlie	767	-	106	51354040	77161
chr16	60946203	61146203	harbor1	chr16	60946410	60946733	DNA/hAT-Charlie	969	-	162	60946572	369
chr16	60946203	61146203	harbor1	chr16	60956299	60956577	DNA/hAT-Charlie	711	-	139	60956438	10235
chr16	60946203	61146203	harbor1	chr16	60978519	60978716	DNA/hAT-Charlie	813	-	98	60978617	32414
chr16	60946203	61146203	harbor1	chr16	61002135	61002302	DNA/hAT-Charlie	629	-	84	61002219	56016
chr16	60946203	61146203	harbor1	chr16	61019590	61019899	DNA/hAT-Charlie	972	-	154	61019744	73541
chr16	5395682	5595682	harbor1	chr16	5413423	5413606	DNA/hAT-Charlie	675	-	92	5413515	17833
chr16	5395682	5595682	harbor1	chr16	5431126	5431370	DNA/hAT-Charlie	789	-	122	5431248	35566
chr16	5395682	5595682	harbor1	chr16	5431673	5431907	DNA/hAT-Charlie	789	-	117	5431790	36108
chr16	5395682	5595682	harbor1	chr16	5491796	5492009	DNA/hAT-Charlie	629	-	106	5491902	96220
chr16	10945676	11145676	harbor1	chr16	10974411	10974625	DNA/hAT-Charlie	1172	-	107	10974518	28842
chr16	10945676	11145676	harbor1	chr16	10980708	10981076	DNA/hAT-Charlie	726	-	184	10980892	35216
chr16	10945676	11145676	harbor1	chr16	10983298	10983539	DNA/hAT-Charlie	598	-	120	10983418	37742
chr16	10945676	11145676	harbor1	chr16	11016636	11016907	DNA/hAT-Charlie	654	-	136	11016772	71096
chr16	10945676	11145676	harbor1	chr16	11044510	11044649	DNA/hAT-Charlie	433	-	70	11044580	98904
chr16	10945676	11145676	harbor1	chr16	11044946	11044961	DNA/hAT-Charlie	433	-	8	11044954	99278
chr16	47032223	47232223	harbor1	chr16	47091429	47091547	DNA/hAT-Charlie	1090	-	59	47091488	59265
chr16	47032223	47232223	harbor1	chr16	47092380	47092574	DNA/hAT-Charlie	1090	-	97	47092477	60254
chr16	47954153	48154153	harbor1	chr16	47961989	47962054	DNA/hAT-Charlie	599	-	32	47962021	7868
chr16	47954153	48154153	harbor1	chr16	47962403	47962484	DNA/hAT-Charlie	599	-	40	47962443	8290
chr16	47954153	48154153	harbor1	chr16	47962514	47962672	DNA/hAT-Charlie	913	-	79	47962593	8440
chr16	47954153	48154153	harbor1	chr16	47977112	47977253	DNA/hAT-Charlie	495	-	70	47977182	23029
chr16	47954153	48154153	harbor1	chr16	47977541	47977586	DNA/hAT-Charlie	495	-	22	47977563	23410
chr16	47954153	48154153	harbor1	chr16	48022946	48023182	DNA/hAT-Charlie	450	-	118	48023064	68911
chr16	47954153	48154153	harbor1	chr16	48052269	48052420	DNA/hAT-Charlie	660	-	76	48052345	98192
chr16	52168599	52368599	harbor1	chr16	52234658	52234826	DNA/hAT-Charlie	827	-	84	52234742	66143
chr16	52168599	52368599	harbor1	chr16	52238447	52238625	DNA/hAT-Charlie	533	-	89	52238536	69937
chr16	52168599	52368599	harbor1	chr16	52255245	52255467	DNA/hAT-Charlie	639	-	111	52255356	86757
chr16	52168599	52368599	harbor1	chr16	52255548	52255602	DNA/hAT-Charlie	639	-	27	52255575	86976
chr16	80804404	81004404	harbor1	chr16	80813285	80813407	DNA/hAT-Charlie	480	-	61	80813346	8942
chr16	80804404	81004404	harbor1	chr16	80813424	80813643	DNA/hAT-Charlie	814	-	110	80813534	9130
chr16	80804404	81004404	harbor1	chr16	80834598	80834781	DNA/hAT-Charlie	894	-	92	80834690	30286
chr16	80804404	81004404	harbor1	chr16	80850163	80850516	DNA/hAT-Charlie	1156	-	176	80850339	45935
chr16	80804404	81004404	harbor1	chr16	80850840	80851060	DNA/hAT-Charlie	1031	-	110	80850950	46546
chr16	80804404	81004404	harbor1	chr16	80892791	80893117	DNA/hAT-Charlie	1607	-	163	80892954	88550
chr16	16432962	16632962	harbor1	chr16	16462673	16462897	DNA/hAT-Charlie	1168	-	112	16462785	29823
chr16	16432962	16632962	harbor1	chr16	16463212	16463303	DNA/hAT-Charlie	1168	-	46	16463258	30296
chr16	16432962	16632962	harbor1	chr16	16482095	16482291	DNA/hAT-Charlie	930	-	98	16482193	49231
chr16	16432962	16632962	harbor1	chr16	16485983	16486138	DNA/hAT-Charlie	524	-	78	16486061	53099
chr16	25660670	25860670	harbor1	chr16	25697601	25697697	DNA/hAT-Charlie	527	-	48	25697649	36979
chr16	25660670	25860670	harbor1	chr16	25697971	25698047	DNA/hAT-Charlie	527	-	38	25698009	37339
chr16	25660670	25860670	harbor1	chr16	25698822	25699159	DNA/hAT-Charlie	502	-	168	25698990	38320
chr16	25660670	25860670	harbor1	chr16	25725916	25726143	DNA/hAT-Charlie	836	-	114	25726030	65360
chr16	25660670	25860670	harbor1	chr16	25734186	25734279	DNA/hAT-Charlie	517	-	46	25734232	73562
chr16	75218417	75418417	harbor1	chr16	75301681	75301856	DNA/hAT-Charlie	460	-	88	75301769	83352
chr16	88378861	88578861	harbor1	chr16	88394305	88394508	DNA/hAT-Charlie	446	-	102	88394407	15546
chr16	69101572	69301572	harbor1	chr16	69138652	69138862	DNA/hAT-Charlie	1182	-	105	69138757	37185
chr16	69101572	69301572	harbor1	chr16	69161061	69161639	DNA/hAT-Charlie	1128	-	289	69161350	59778
chr16	69101572	69301572	harbor1	chr16	69175104	69175194	DNA/hAT-Charlie	466	-	45	69175149	73577
chr16	5635414	5835414	harbor1	chr16	5641911	5642051	DNA/hAT-Charlie	674	-	70	5641981	6567
chr16	5635414	5835414	harbor1	chr16	5662240	5662370	DNA/hAT-Charlie	523	-	65	5662305	26891
chr16	5635414	5835414	harbor1	chr16	5662356	5662579	DNA/hAT-Charlie	699	-	112	5662468	27054
chr16	59935198	60135198	harbor1	chr16	59944548	59944864	DNA/hAT-Charlie	547	-	158	59944706	9508
chr16	59935198	60135198	harbor1	chr16	60031570	60031694	DNA/hAT-Charlie	434	-	62	60031632	96434
chr16	4927022	5127022	harbor1	chr16	4927367	4927486	DNA/hAT-Charlie	438	-	60	4927427	405
chr16	4927022	5127022	harbor1	chr16	4991257	4991324	DNA/hAT-Charlie	587	-	34	4991291	64269
chr16	4927022	5127022	harbor1	chr16	4991593	4991732	DNA/hAT-Charlie	587	-	70	4991663	64641
chr16	4927022	5127022	harbor1	chr16	5013992	5014066	DNA/hAT-Charlie	432	-	37	5014029	87007
chr16	4927022	5127022	harbor1	chr16	5014075	5014266	DNA/hAT-Charlie	778	-	96	5014171	87149
chr16	61259949	61459949	harbor1	chr16	61298605	61298767	DNA/hAT-Charlie	1393	-	81	61298686	38737
chr16	61259949	61459949	harbor1	chr16	61299052	61299748	DNA/hAT-Charlie	1393	-	348	61299400	39451
chr16	10928356	11128356	harbor1	chr16	10930310	10930505	DNA/hAT-Charlie	640	-	98	10930408	2052
chr16	10928356	11128356	harbor1	chr16	10932546	10932655	DNA/hAT-Charlie	649	-	54	10932600	4244
chr16	10928356	11128356	harbor1	chr16	10932903	10933010	DNA/hAT-Charlie	668	-	54	10932957	4601
chr16	10928356	11128356	harbor1	chr16	10934204	10934457	DNA/hAT-Charlie	511	-	126	10934330	5974
chr16	10928356	11128356	harbor1	chr16	10974411	10974625	DNA/hAT-Charlie	1172	-	107	10974518	46162
chr16	10928356	11128356	harbor1	chr16	10980708	10981076	DNA/hAT-Charlie	726	-	184	10980892	52536
chr16	10928356	11128356	harbor1	chr16	10983298	10983539	DNA/hAT-Charlie	598	-	120	10983418	55062
chr16	10928356	11128356	harbor1	chr16	11016636	11016907	DNA/hAT-Charlie	654	-	136	11016772	88416
chr16	62899051	63099051	harbor1	chr16	62920777	62920945	DNA/hAT-Charlie	894	-	84	62920861	21810
chr16	62899051	63099051	harbor1	chr16	62960049	62960166	DNA/hAT-Charlie	557	-	58	62960107	61056
chr16	68424449	68624449	harbor1	chr16	68441396	68441683	DNA/hAT-Charlie	1104	-	144	68441540	17091
chr16	61960995	62160995	harbor1	chr16	61963360	61963538	DNA/hAT-Charlie	861	-	89	61963449	2454
chr16	61960995	62160995	harbor1	chr16	61979413	61979598	DNA/hAT-Charlie	462	-	92	61979505	18510
chr16	61960995	62160995	harbor1	chr16	61985260	61985449	DNA/hAT-Charlie	786	-	94	61985354	24359
chr16	61960995	62160995	harbor1	chr16	62011639	62011790	DNA/hAT-Charlie	649	-	76	62011715	50720
chr16	61960995	62160995	harbor1	chr16	62026257	62026422	DNA/hAT-Charlie	647	-	82	62026339	65344
chr16	54947676	55147676	harbor1	chr16	54953699	54953904	DNA/hAT-Charlie	540	-	102	54953801	6125
chr16	54947676	55147676	harbor1	chr16	54964789	54965002	DNA/hAT-Charlie	540	-	106	54964895	17219
chr16	54947676	55147676	harbor1	chr16	54973225	54973427	DNA/hAT-Charlie	542	-	101	54973326	25650
chr16	54947676	55147676	harbor1	chr16	54973452	54973643	DNA/hAT-Charlie	442	-	96	54973548	25872
chr16	54947676	55147676	harbor1	chr16	54985790	54986107	DNA/hAT-Charlie	1494	-	158	54985948	38272
chr16	54947676	55147676	harbor1	chr16	54990419	54990622	DNA/hAT-Charlie	1148	-	102	54990521	42845
chr16	54947676	55147676	harbor1	chr16	54991027	54991249	DNA/hAT-Charlie	924	-	111	54991138	43462
chr16	54947676	55147676	harbor1	chr16	54994653	54994782	DNA/hAT-Charlie	469	-	64	54994717	47041
chr16	54947676	55147676	harbor1	chr16	54995095	54995192	DNA/hAT-Charlie	469	-	48	54995143	47467
chr16	54947676	55147676	harbor1	chr16	55012111	55012426	DNA/hAT-Charlie	1522	-	158	55012269	64593
chr16	54947676	55147676	harbor1	chr16	55034784	55035141	DNA/hAT-Charlie	1133	-	178	55034962	87286
chr16	65465354	65665354	harbor1	chr16	65520190	65520361	DNA/hAT-Charlie	791	-	86	65520276	54922
chr16	65465354	65665354	harbor1	chr16	65537495	65537634	DNA/hAT-Charlie	539	-	70	65537565	72211
chr16	55962004	56162004	harbor1	chr16	55993994	55994299	DNA/hAT-Charlie	1314	-	152	55994146	32142
chr16	55962004	56162004	harbor1	chr16	56013091	56013240	DNA/hAT-Charlie	459	-	74	56013165	51161
chr16	55962004	56162004	harbor1	chr16	56019614	56019748	DNA/hAT-Charlie	761	-	67	56019681	57677
chr16	55962004	56162004	harbor1	chr16	56039607	56039797	DNA/hAT-Charlie	702	-	95	56039702	77698
chr16	32683894	32883894	harbor1	chr16	32783655	32783837	DNA/hAT-Charlie	562	-	91	32783746	99852
chr16	28237824	28437824	harbor1	chr16	28252381	28252536	DNA/hAT-Charlie	882	-	78	28252459	14635
chr16	28237824	28437824	harbor1	chr16	28333619	28333753	DNA/hAT-Charlie	697	-	67	28333686	95862
chr16	17201124	17401124	harbor1	chr16	17211827	17212063	DNA/hAT-Charlie	1147	-	118	17211945	10821
chr16	17201124	17401124	harbor1	chr16	17212255	17212437	DNA/hAT-Charlie	706	-	91	17212346	11222
chr16	17201124	17401124	harbor1	chr16	17223755	17223837	DNA/hAT-Charlie	484	-	41	17223796	22672
chr16	17201124	17401124	harbor1	chr16	17224838	17225045	DNA/hAT-Charlie	1205	-	104	17224942	23818
chr16	17201124	17401124	harbor1	chr16	17226356	17226508	DNA/hAT-Charlie	720	-	76	17226432	25308
chr16	17201124	17401124	harbor1	chr16	17226795	17226836	DNA/hAT-Charlie	720	-	20	17226815	25691
chr16	17201124	17401124	harbor1	chr16	17229508	17229764	DNA/hAT-Charlie	679	-	128	17229636	28512
chr16	17201124	17401124	harbor1	chr16	17231110	17231271	DNA/hAT-Charlie	459	-	80	17231190	30066
chr16	17201124	17401124	harbor1	chr16	17238279	17238322	DNA/hAT-Charlie	781	-	22	17238301	37177
chr16	17201124	17401124	harbor1	chr16	17238403	17238552	DNA/hAT-Charlie	781	-	74	17238477	37353
chr16	17201124	17401124	harbor1	chr16	17243924	17244117	DNA/hAT-Charlie	841	-	96	17244020	42896
chr16	17201124	17401124	harbor1	chr16	17271547	17271750	DNA/hAT-Charlie	991	-	102	17271649	70525
chr16	17201124	17401124	harbor1	chr16	17280916	17281049	DNA/hAT-Charlie	511	-	66	17280982	79858
chr16	17201124	17401124	harbor1	chr16	17281532	17281836	DNA/hAT-Charlie	944	-	152	17281684	80560
chr16	17201124	17401124	harbor1	chr16	17289075	17289294	DNA/hAT-Charlie	1122	-	110	17289185	88061
chr16	31890645	32090645	harbor1	chr16	31981015	31981135	DNA/hAT-Charlie	547	-	60	31981075	90430
chr16	31890645	32090645	harbor1	chr16	31987372	31987563	DNA/hAT-Charlie	562	-	96	31987468	96823
chr16	31890645	32090645	harbor1	chr16	31989441	31989617	DNA/hAT-Charlie	876	-	88	31989529	98884
chr16	66745289	66945289	harbor1	chr16	66765287	66765449	DNA/hAT-Charlie	905	-	81	66765368	20079
chr16	66745289	66945289	harbor1	chr16	66765758	66765798	DNA/hAT-Charlie	905	-	20	66765778	20489
chr16	66745289	66945289	harbor1	chr16	66825079	66825168	DNA/hAT-Charlie	825	-	44	66825123	79834
chr16	66745289	66945289	harbor1	chr16	66825464	66825658	DNA/hAT-Charlie	825	-	97	66825561	80272
chr16	9665574	9865574	harbor1	chr16	9728180	9728341	DNA/hAT-Charlie	569	-	80	9728260	62686
chr16	83493587	83693587	harbor1	chr16	83494974	83495090	DNA/hAT-Charlie	433	-	58	83495032	1445
chr16	83493587	83693587	harbor1	chr16	83509354	83509578	DNA/hAT-Charlie	1215	-	112	83509466	15879
chr16	83493587	83693587	harbor1	chr16	83526318	83526665	DNA/hAT-Charlie	1995	-	174	83526492	32905
chr16	83493587	83693587	harbor1	chr16	83539120	83539460	DNA/hAT-Charlie	2296	-	170	83539290	45703
chr16	83493587	83693587	harbor1	chr16	83542343	83542491	DNA/hAT-Charlie	772	-	74	83542417	48830
chr16	83493587	83693587	harbor1	chr16	83542979	83543029	DNA/hAT-Charlie	772	-	25	83543004	49417
chr16	14227674	14427674	harbor1	chr16	14286994	14287172	DNA/hAT-Charlie	632	-	89	14287083	59409
chr16	14227674	14427674	harbor1	chr16	14287630	14287758	DNA/hAT-Charlie	582	-	64	14287694	60020
chr16	14227674	14427674	harbor1	chr16	14291925	14292136	DNA/hAT-Charlie	728	-	106	14292031	64357
chr16	14227674	14427674	harbor1	chr16	14315963	14316057	DNA/hAT-Charlie	1100	-	47	14316010	88336
chr16	14227674	14427674	harbor1	chr16	14316432	14316570	DNA/hAT-Charlie	1100	-	69	14316501	88827
chr16	14227674	14427674	harbor1	chr16	14326657	14326869	DNA/hAT-Charlie	727	-	106	14326763	99089
chr16	19692850	19892850	harbor1	chr16	19766567	19766788	DNA/hAT-Charlie	1328	-	110	19766677	73827
chr16	19692850	19892850	harbor1	chr16	19773520	19773741	DNA/hAT-Charlie	1072	-	110	19773630	80780
chr16	30436882	30636882	harbor1	chr16	30531107	30531479	DNA/hAT-Charlie	572	-	186	30531293	94411
chr16	46472164	46672164	harbor1	chr16	46560781	46561045	DNA/hAT-Charlie	489	-	132	46560913	88749
chr16	80213897	80413897	harbor1	chr16	80248575	80248718	DNA/hAT-Charlie	666	-	72	80248647	34750
chr16	80213897	80413897	harbor1	chr16	80248910	80249053	DNA/hAT-Charlie	666	-	72	80248982	35085
chr16	80213897	80413897	harbor1	chr16	80254552	80254932	DNA/hAT-Charlie	806	-	190	80254742	40845
chr16	80213897	80413897	harbor1	chr16	80262155	80262288	DNA/hAT-Charlie	766	-	66	80262221	48324
chr16	80213897	80413897	harbor1	chr16	80262668	80262835	DNA/hAT-Charlie	766	-	84	80262752	48855
chr16	80213897	80413897	harbor1	chr16	80292230	80293651	DNA/hAT-Charlie	5545	-	710	80292940	79043
chr16	80213897	80413897	harbor1	chr16	80297380	80297583	DNA/hAT-Charlie	940	-	102	80297482	83585
chr16	80213897	80413897	harbor1	chr16	80297714	80297883	DNA/hAT-Charlie	688	-	84	80297798	83901
chr16	80213897	80413897	harbor1	chr16	80304099	80304298	DNA/hAT-Charlie	1004	-	100	80304199	90302
chr16	1130710	1330710	harbor1	chr16	1173450	1173664	DNA/hAT-Charlie	640	-	107	1173557	42847
chr16	15921037	16121037	harbor1	chr16	15958835	15959026	DNA/hAT-Charlie	626	-	96	15958931	37894
chr16	15921037	16121037	harbor1	chr16	15987441	15987655	DNA/hAT-Charlie	993	-	107	15987548	66511
chr16	15921037	16121037	harbor1	chr16	16015667	16015876	DNA/hAT-Charlie	903	-	104	16015771	94734
chr16	77628976	77828976	harbor1	chr16	77703940	77704158	DNA/hAT-Charlie	637	-	109	77704049	75073
chr16	77628976	77828976	harbor1	chr16	77710073	77710230	DNA/hAT-Charlie	632	-	78	77710151	81175
chr16	77628976	77828976	harbor1	chr16	77725814	77725938	DNA/hAT-Charlie	730	-	62	77725876	96900
chr16	23538564	23738564	harbor1	chr16	23561888	23562056	DNA/hAT-Charlie	629	-	84	23561972	23408
chr16	7270986	7470986	harbor1	chr16	7280669	7280862	DNA/hAT-Charlie	646	-	96	7280765	9779
chr16	7270986	7470986	harbor1	chr16	7290096	7290416	DNA/hAT-Charlie	802	-	160	7290256	19270
chr16	7270986	7470986	harbor1	chr16	7354322	7354539	DNA/hAT-Charlie	510	-	108	7354430	83444
chr16	7270986	7470986	harbor1	chr16	7354700	7354883	DNA/hAT-Charlie	526	-	92	7354792	83806
chr16	7270986	7470986	harbor1	chr16	7367651	7367815	DNA/hAT-Charlie	585	-	82	7367733	96747
chr16	7270986	7470986	harbor1	chr16	7370054	7370256	DNA/hAT-Charlie	695	-	101	7370155	99169
chr16	28643972	28843972	harbor1	chr16	28686983	28687078	DNA/hAT-Charlie	1545	-	48	28687031	43059
chr16	28643972	28843972	harbor1	chr16	28687407	28687510	DNA/hAT-Charlie	1545	-	52	28687459	43487
chr16	28643972	28843972	harbor1	chr16	28687749	28687990	DNA/hAT-Charlie	1545	-	120	28687869	43897
chr16	28643972	28843972	harbor1	chr16	28725140	28725274	DNA/hAT-Charlie	465	-	67	28725207	81235
chr16	28643972	28843972	harbor1	chr16	28734204	28734341	DNA/hAT-Charlie	437	-	68	28734272	90300
chr16	61363094	61563094	harbor1	chr16	61399003	61399191	DNA/hAT-Charlie	971	-	94	61399097	36003
chr16	61363094	61563094	harbor1	chr16	61400634	61400794	DNA/hAT-Charlie	660	-	80	61400714	37620
chr16	61363094	61563094	harbor1	chr16	61447336	61447841	DNA/hAT-Charlie	3218	-	252	61447588	84494
chr16	66749036	66949036	harbor1	chr16	66765287	66765449	DNA/hAT-Charlie	905	-	81	66765368	16332
chr16	66749036	66949036	harbor1	chr16	66765758	66765798	DNA/hAT-Charlie	905	-	20	66765778	16742
chr16	66749036	66949036	harbor1	chr16	66825079	66825168	DNA/hAT-Charlie	825	-	44	66825123	76087
chr16	66749036	66949036	harbor1	chr16	66825464	66825658	DNA/hAT-Charlie	825	-	97	66825561	76525
chr16	82651258	82851258	harbor1	chr16	82659757	82659974	DNA/hAT-Charlie	940	-	108	82659865	8607
chr16	82651258	82851258	harbor1	chr16	82661881	82662080	DNA/hAT-Charlie	754	-	100	82661981	10723
chr16	82651258	82851258	harbor1	chr16	82696106	82696713	DNA/hAT-Charlie	1579	-	304	82696410	45152
chr16	82651258	82851258	harbor1	chr16	82697221	82697382	DNA/hAT-Charlie	1579	-	80	82697301	46043
chr16	82651258	82851258	harbor1	chr16	82698807	82699040	DNA/hAT-Charlie	851	-	116	82698923	47665
chr16	82651258	82851258	harbor1	chr16	82726230	82726553	DNA/hAT-Charlie	1228	-	162	82726392	75134
chr16	82651258	82851258	harbor1	chr16	82731177	82731351	DNA/hAT-Charlie	697	-	87	82731264	80006
chr16	7029483	7229483	harbor1	chr16	7034773	7034827	DNA/hAT-Charlie	440	-	27	7034800	5317
chr16	7029483	7229483	harbor1	chr16	7035148	7035224	DNA/hAT-Charlie	440	-	38	7035186	5703
chr16	7029483	7229483	harbor1	chr16	7060116	7060296	DNA/hAT-Charlie	820	-	90	7060206	30723
chr16	7029483	7229483	harbor1	chr16	7085147	7085434	DNA/hAT-Charlie	443	-	144	7085291	55808
chr16	3963550	4163550	harbor1	chr16	4005001	4005227	DNA/hAT-Charlie	520	-	113	4005114	41564
chr16	64346121	64546121	harbor1	chr16	64347237	64347562	DNA/hAT-Charlie	1296	-	162	64347399	1278
chr16	64346121	64546121	harbor1	chr16	64415752	64415938	DNA/hAT-Charlie	971	-	93	64415845	69724
chr16	33301098	33501098	harbor1	chr16	33331023	33331210	DNA/hAT-Charlie	1263	-	94	33331117	30019
chr16	33301098	33501098	harbor1	chr16	33387562	33387749	DNA/hAT-Charlie	1263	-	94	33387656	86558
chr16	65842735	66042735	harbor1	chr16	65856623	65856683	DNA/hAT-Charlie	1047	-	30	65856653	13918
chr16	65842735	66042735	harbor1	chr16	65856961	65857234	DNA/hAT-Charlie	1047	-	136	65857097	14362
chr16	65842735	66042735	harbor1	chr16	65858513	65858881	DNA/hAT-Charlie	1353	-	184	65858697	15962
chr16	65842735	66042735	harbor1	chr16	65862917	65863071	DNA/hAT-Charlie	613	-	77	65862994	20259
chr16	65842735	66042735	harbor1	chr16	65890538	65890683	DNA/hAT-Charlie	521	-	72	65890610	47875
chr16	5660407	5860407	harbor1	chr16	5662240	5662370	DNA/hAT-Charlie	523	-	65	5662305	1898
chr16	5660407	5860407	harbor1	chr16	5662356	5662579	DNA/hAT-Charlie	699	-	112	5662468	2061
chr16	88520198	88720198	harbor1	chr16	88568700	88568857	DNA/hAT-Charlie	442	-	78	88568778	48580
chr16	55791274	55991274	harbor1	chr16	55793240	55793384	DNA/hAT-Charlie	498	-	72	55793312	2038
chr16	55791274	55991274	harbor1	chr16	55837163	55837367	DNA/hAT-Charlie	626	-	102	55837265	45991
chr16	55791274	55991274	harbor1	chr16	55838063	55838272	DNA/hAT-Charlie	972	-	104	55838167	46893
chr16	55791274	55991274	harbor1	chr16	55844442	55844593	DNA/hAT-Charlie	482	-	76	55844518	53244
chr16	55791274	55991274	harbor1	chr16	55844786	55844974	DNA/hAT-Charlie	534	-	94	55844880	53606
chr16	55791274	55991274	harbor1	chr16	55874394	55874701	DNA/hAT-Charlie	431	-	154	55874548	83274
chr16	428632	628632	harbor1	chr16	461034	461360	DNA/hAT-Charlie	1625	-	163	461197	32565
chr16	428632	628632	harbor1	chr16	485123	485291	DNA/hAT-Charlie	516	-	84	485207	56575
chr16	70298477	70498477	harbor1	chr16	70305459	70305593	DNA/hAT-Charlie	437	-	67	70305526	7049
chr16	70298477	70498477	harbor1	chr16	70305612	70305749	DNA/hAT-Charlie	496	-	68	70305680	7203
chr16	70298477	70498477	harbor1	chr16	70306063	70306127	DNA/hAT-Charlie	496	-	32	70306095	7618
chr16	70298477	70498477	harbor1	chr16	70306451	70306569	DNA/hAT-Charlie	496	-	59	70306510	8033
chr16	70298477	70498477	harbor1	chr16	70319323	70319484	DNA/hAT-Charlie	700	-	80	70319403	20926
chr16	9610192	9810192	harbor1	chr16	9612635	9612708	DNA/hAT-Charlie	469	-	36	9612671	2479
chr16	9610192	9810192	harbor1	chr16	9613127	9613212	DNA/hAT-Charlie	473	-	42	9613169	2977
chr16	9610192	9810192	harbor1	chr16	9618190	9618404	DNA/hAT-Charlie	692	-	107	9618297	8105
chr16	9610192	9810192	harbor1	chr16	9621341	9621870	DNA/hAT-Charlie	3941	-	264	9621605	11413
chr16	9610192	9810192	harbor1	chr16	9629795	9630241	DNA/hAT-Charlie	619	-	223	9630018	19826
chr16	9610192	9810192	harbor1	chr16	9632620	9632758	DNA/hAT-Charlie	716	-	69	9632689	22497
chr16	56913112	57113112	harbor1	chr16	56914296	56914526	DNA/hAT-Charlie	509	-	115	56914411	1299
chr16	56913112	57113112	harbor1	chr16	56929449	56929801	DNA/hAT-Charlie	2946	-	176	56929625	16513
chr16	56913112	57113112	harbor1	chr16	56930115	56930225	DNA/hAT-Charlie	2946	-	55	56930170	17058
chr16	56913112	57113112	harbor1	chr16	56930566	56931042	DNA/hAT-Charlie	3069	-	238	56930804	17692
chr16	82195950	82395950	harbor1	chr16	82228597	82228761	DNA/hAT-Charlie	843	-	82	82228679	32729
chr16	82195950	82395950	harbor1	chr16	82244039	82244199	DNA/hAT-Charlie	916	-	80	82244119	48169
chr16	82195950	82395950	harbor1	chr16	82253419	82253752	DNA/hAT-Charlie	1650	-	166	82253585	57635
chr16	82195950	82395950	harbor1	chr16	82255849	82256037	DNA/hAT-Charlie	546	-	94	82255943	59993
chr16	60501510	60701510	harbor1	chr16	60503321	60503828	DNA/hAT-Charlie	1445	-	254	60503575	2065
chr16	64664388	64864388	harbor1	chr16	64669322	64669653	DNA/hAT-Charlie	1789	-	166	64669488	5100
chr16	64664388	64864388	harbor1	chr16	64670319	64670510	DNA/hAT-Charlie	535	-	96	64670415	6027
chr16	64664388	64864388	harbor1	chr16	64677930	64678114	DNA/hAT-Charlie	580	-	92	64678022	13634
chr16	64664388	64864388	harbor1	chr16	64693064	64693240	DNA/hAT-Charlie	510	-	88	64693152	28764
chr16	64664388	64864388	harbor1	chr16	64697706	64697915	DNA/hAT-Charlie	668	-	104	64697810	33422
chr16	64664388	64864388	harbor1	chr16	64699258	64699715	DNA/hAT-Charlie	726	-	228	64699486	35098
chr16	64664388	64864388	harbor1	chr16	64703364	64704291	DNA/hAT-Charlie	2155	-	464	64703828	39440
chr16	64664388	64864388	harbor1	chr16	64705149	64705577	DNA/hAT-Charlie	426	-	214	64705363	40975
chr16	64664388	64864388	harbor1	chr16	64721506	64721687	DNA/hAT-Charlie	545	-	90	64721596	57208
chr16	64664388	64864388	harbor1	chr16	64722002	64722089	DNA/hAT-Charlie	545	-	44	64722046	57658
chr16	24722355	24922355	harbor1	chr16	24727374	24727588	DNA/hAT-Charlie	868	-	107	24727481	5126
chr16	24722355	24922355	harbor1	chr16	24732671	24732859	DNA/hAT-Charlie	775	-	94	24732765	10410
chr16	24722355	24922355	harbor1	chr16	24819016	24819222	DNA/hAT-Charlie	598	-	103	24819119	96764
chr16	24722355	24922355	harbor1	chr16	24756060	24756296	DNA/hAT-Charlie	894	-	118	24756178	33823
chr16	53073087	53273087	harbor1	chr16	53154497	53154831	DNA/hAT-Charlie	1783	-	167	53154664	81577
chr16	20653	220653	harbor1	chr16	110914	111119	DNA/hAT-Charlie	877	-	102	111016	90363
chr16	20653	220653	harbor1	chr16	111404	111437	DNA/hAT-Charlie	877	-	16	111420	90767
chr16	20653	220653	harbor1	chr16	111753	112093	DNA/hAT-Charlie	1007	-	170	111923	91270
chr16	66527450	66727450	harbor1	chr16	66530579	66530712	DNA/hAT-Charlie	1124	-	66	66530645	3195
chr16	66527450	66727450	harbor1	chr16	66531022	66531098	DNA/hAT-Charlie	1124	-	38	66531060	3610
chr16	66527450	66727450	harbor1	chr16	66613902	66614254	DNA/hAT-Charlie	2197	-	176	66614078	86628
chr16	66527450	66727450	harbor1	chr16	66625796	66625995	DNA/hAT-Charlie	686	-	100	66625896	98446
chr16	4298932	4498932	harbor1	chr16	4335732	4336007	DNA/hAT-Charlie	586	-	138	4335870	36938
chr16	4298932	4498932	harbor1	chr16	4375411	4375491	DNA/hAT-Charlie	515	-	40	4375451	76519
chr16	4298932	4498932	harbor1	chr16	4375787	4375874	DNA/hAT-Charlie	515	-	44	4375831	76899
chr16	17878368	18078368	harbor1	chr16	17941902	17942416	DNA/hAT-Charlie	3303	-	257	17942159	63791
chr16	17878368	18078368	harbor1	chr16	17952424	17952599	DNA/hAT-Charlie	726	-	88	17952512	74144
chr16	17878368	18078368	harbor1	chr16	17952620	17952701	DNA/hAT-Charlie	536	-	40	17952660	74292
chr16	17878368	18078368	harbor1	chr16	17953012	17953071	DNA/hAT-Charlie	536	-	30	17953042	74674
chr16	84270862	84470862	harbor1	chr16	84290974	84291042	DNA/hAT-Charlie	540	-	34	84291008	20146
chr16	84270862	84470862	harbor1	chr16	84291168	84291294	DNA/hAT-Charlie	540	-	63	84291231	20369
chr16	84270862	84470862	harbor1	chr16	84315559	84315780	DNA/hAT-Charlie	1051	-	110	84315669	44807
chr16	84270862	84470862	harbor1	chr16	84324138	84324267	DNA/hAT-Charlie	476	-	64	84324202	53340
chr16	84270862	84470862	harbor1	chr16	84324257	84324390	DNA/hAT-Charlie	528	-	66	84324323	53461
chr16	84270862	84470862	harbor1	chr16	84331854	84332057	DNA/hAT-Charlie	1053	-	102	84331956	61094
chr16	63465982	63665982	harbor1	chr16	63492138	63492303	DNA/hAT-Charlie	641	-	82	63492220	26238
chr16	14233975	14433975	harbor1	chr16	14286994	14287172	DNA/hAT-Charlie	632	-	89	14287083	53108
chr16	14233975	14433975	harbor1	chr16	14287630	14287758	DNA/hAT-Charlie	582	-	64	14287694	53719
chr16	14233975	14433975	harbor1	chr16	14291925	14292136	DNA/hAT-Charlie	728	-	106	14292031	58056
chr16	14233975	14433975	harbor1	chr16	14315963	14316057	DNA/hAT-Charlie	1100	-	47	14316010	82035
chr16	14233975	14433975	harbor1	chr16	14316432	14316570	DNA/hAT-Charlie	1100	-	69	14316501	82526
chr16	14233975	14433975	harbor1	chr16	14326657	14326869	DNA/hAT-Charlie	727	-	106	14326763	92788
chr16	19150381	19350381	harbor1	chr16	19157128	19157291	DNA/hAT-Charlie	780	-	82	19157210	6829
chr16	19150381	19350381	harbor1	chr16	19158793	19158956	DNA/hAT-Charlie	853	-	82	19158875	8494
chr16	19150381	19350381	harbor1	chr16	19163743	19164218	DNA/hAT-Charlie	1662	-	238	19163981	13600
chr16	19150381	19350381	harbor1	chr16	19170095	19170419	DNA/hAT-Charlie	1366	-	162	19170257	19876
chr16	19150381	19350381	harbor1	chr16	19171625	19172003	DNA/hAT-Charlie	898	-	189	19171814	21433
chr16	19150381	19350381	harbor1	chr16	19176423	19176625	DNA/hAT-Charlie	990	-	101	19176524	26143
chr16	19150381	19350381	harbor1	chr16	19180999	19181179	DNA/hAT-Charlie	565	-	90	19181089	30708
chr16	19150381	19350381	harbor1	chr16	19200277	19200551	DNA/hAT-Charlie	990	-	137	19200414	50033
chr16	19150381	19350381	harbor1	chr16	19204100	19204298	DNA/hAT-Charlie	896	-	99	19204199	53818
chr16	19150381	19350381	harbor1	chr16	19213941	19214172	DNA/hAT-Charlie	1097	-	116	19214057	63676
chr16	19150381	19350381	harbor1	chr16	19221351	19221537	DNA/hAT-Charlie	497	-	93	19221444	71063
chr16	19150381	19350381	harbor1	chr16	19228450	19228636	DNA/hAT-Charlie	472	-	93	19228543	78162
chr16	19150381	19350381	harbor1	chr16	19232323	19232477	DNA/hAT-Charlie	731	-	77	19232400	82019
chr16	19150381	19350381	harbor1	chr16	19237224	19237360	DNA/hAT-Charlie	566	-	68	19237292	86911
chr16	64668348	64868348	harbor1	chr16	64669322	64669653	DNA/hAT-Charlie	1789	-	166	64669488	1140
chr16	64668348	64868348	harbor1	chr16	64670319	64670510	DNA/hAT-Charlie	535	-	96	64670415	2067
chr16	64668348	64868348	harbor1	chr16	64677930	64678114	DNA/hAT-Charlie	580	-	92	64678022	9674
chr16	64668348	64868348	harbor1	chr16	64693064	64693240	DNA/hAT-Charlie	510	-	88	64693152	24804
chr16	64668348	64868348	harbor1	chr16	64697706	64697915	DNA/hAT-Charlie	668	-	104	64697810	29462
chr16	64668348	64868348	harbor1	chr16	64699258	64699715	DNA/hAT-Charlie	726	-	228	64699486	31138
chr16	64668348	64868348	harbor1	chr16	64703364	64704291	DNA/hAT-Charlie	2155	-	464	64703828	35480
chr16	64668348	64868348	harbor1	chr16	64705149	64705577	DNA/hAT-Charlie	426	-	214	64705363	37015
chr16	64668348	64868348	harbor1	chr16	64721506	64721687	DNA/hAT-Charlie	545	-	90	64721596	53248
chr16	64668348	64868348	harbor1	chr16	64722002	64722089	DNA/hAT-Charlie	545	-	44	64722046	53698
chr16	13545688	13745688	harbor1	chr16	13552911	13553127	DNA/hAT-Charlie	1283	-	108	13553019	7331
chr16	13545688	13745688	harbor1	chr16	13567275	13567351	DNA/hAT-Charlie	590	-	38	13567313	21625
chr16	13545688	13745688	harbor1	chr16	13567642	13567759	DNA/hAT-Charlie	590	-	58	13567700	22012
chr16	13545688	13745688	harbor1	chr16	13573075	13573227	DNA/hAT-Charlie	511	-	76	13573151	27463
chr16	13545688	13745688	harbor1	chr16	13641680	13641862	DNA/hAT-Charlie	658	-	91	13641771	96083
chr16	27884862	28084862	harbor1	chr16	27900673	27900845	DNA/hAT-Charlie	1367	-	86	27900759	15897
chr16	27884862	28084862	harbor1	chr16	27901138	27901455	DNA/hAT-Charlie	1367	-	158	27901296	16434
chr16	27884862	28084862	harbor1	chr16	27904920	27905066	DNA/hAT-Charlie	473	-	73	27904993	20131
chr16	27884862	28084862	harbor1	chr16	27918911	27919029	DNA/hAT-Charlie	573	-	59	27918970	34108
chr16	27884862	28084862	harbor1	chr16	27942921	27943043	DNA/hAT-Charlie	694	-	61	27942982	58120
chr16	27884862	28084862	harbor1	chr16	27943219	27943294	DNA/hAT-Charlie	694	-	38	27943257	58395
chr16	27884862	28084862	harbor1	chr16	27943883	27944025	DNA/hAT-Charlie	492	-	71	27943954	59092
chr16	27884862	28084862	harbor1	chr16	27972734	27972845	DNA/hAT-Charlie	476	-	56	27972790	87928
chr16	27884862	28084862	harbor1	chr16	27975069	27975158	DNA/hAT-Charlie	518	-	44	27975113	90251
chr16	79909712	80109712	harbor1	chr16	79968523	79968700	DNA/hAT-Charlie	849	-	88	79968611	58899
chr17	16615146	16815146	harbor1	chr17	16634073	16634232	DNA/hAT-Charlie	827	-	80	16634153	19007
chr17	16615146	16815146	harbor1	chr17	16697248	16697440	DNA/hAT-Charlie	638	-	96	16697344	82198
chr17	16615146	16815146	harbor1	chr17	16703876	16704042	DNA/hAT-Charlie	548	-	83	16703959	88813
chr17	28325298	28525298	harbor1	chr17	28397249	28397369	DNA/hAT-Charlie	689	-	60	28397309	72011
chr17	54213243	54413243	harbor1	chr17	54281564	54281704	DNA/hAT-Charlie	588	-	70	54281634	68391
chr17	54213243	54413243	harbor1	chr17	54247253	54247753	DNA/hAT-Charlie	3313	-	250	54247503	34260
chr17	7881354	8081354	harbor1	chr17	7891114	7891256	DNA/hAT-Charlie	510	-	71	7891185	9831
chr17	7881354	8081354	harbor1	chr17	7901954	7902096	DNA/hAT-Charlie	586	-	71	7902025	20671
chr17	7881354	8081354	harbor1	chr17	7940831	7941042	DNA/hAT-Charlie	1152	-	106	7940937	59583
chr17	7881354	8081354	harbor1	chr17	7953158	7953684	DNA/hAT-Charlie	3754	-	263	7953421	72067
chr17	80795155	80995155	harbor1	chr17	80807790	80807961	DNA/hAT-Charlie	652	-	86	80807876	12721
chr17	28001894	28201894	harbor1	chr17	28025718	28025884	DNA/hAT-Charlie	481	-	83	28025801	23907
chr17	28001894	28201894	harbor1	chr17	28037240	28037488	DNA/hAT-Charlie	775	-	124	28037364	35470
chr17	28001894	28201894	harbor1	chr17	28038706	28038843	DNA/hAT-Charlie	529	-	68	28038774	36880
chr17	28001894	28201894	harbor1	chr17	28052574	28052864	DNA/hAT-Charlie	1379	-	145	28052719	50825
chr17	28001894	28201894	harbor1	chr17	28070982	28071194	DNA/hAT-Charlie	1158	-	106	28071088	69194
chr17	44697409	44897409	harbor1	chr17	44700094	44700157	DNA/hAT-Charlie	586	-	32	44700126	2717
chr17	44697409	44897409	harbor1	chr17	44700439	44700471	DNA/hAT-Charlie	586	-	16	44700455	3046
chr17	44697409	44897409	harbor1	chr17	44700791	44700938	DNA/hAT-Charlie	586	-	74	44700865	3456
chr17	44697409	44897409	harbor1	chr17	44716494	44716711	DNA/hAT-Charlie	1156	-	108	44716602	19193
chr17	62375578	62575578	harbor1	chr17	62404965	62405108	DNA/hAT-Charlie	547	-	72	62405037	29459
chr17	62375578	62575578	harbor1	chr17	62408515	62408719	DNA/hAT-Charlie	1033	-	102	62408617	33039
chr17	1	195457	harbor1	chr17	65748	66167	DNA/hAT-Charlie	2500	-	210	65958	65957
chr17	1	195457	harbor1	chr17	69168	69587	DNA/hAT-Charlie	2541	-	210	69378	69377
chr17	1	195457	harbor1	chr17	72575	72994	DNA/hAT-Charlie	2479	-	210	72785	72784
chr17	1	195457	harbor1	chr17	76311	76742	DNA/hAT-Charlie	2960	-	216	76527	76526
chr17	44119398	44319398	harbor1	chr17	44138608	44138782	DNA/hAT-Charlie	976	-	87	44138695	19297
chr17	18529767	18729767	harbor1	chr17	18563299	18563636	DNA/hAT-Charlie	2279	-	168	18563467	33700
chr17	18803951	19003951	harbor1	chr17	18827682	18827874	DNA/hAT-Charlie	743	-	96	18827778	23827
chr17	18803951	19003951	harbor1	chr17	18834437	18834606	DNA/hAT-Charlie	594	-	84	18834521	30570
chr17	66329241	66529241	harbor1	chr17	66347046	66347941	DNA/hAT-Charlie	2648	-	448	66347494	18253
chr17	66329241	66529241	harbor1	chr17	66348242	66348528	DNA/hAT-Charlie	1000	-	143	66348385	19144
chr17	66329241	66529241	harbor1	chr17	66395263	66395540	DNA/hAT-Charlie	1093	-	138	66395401	66160
chr17	50923982	51123982	harbor1	chr17	50925460	50925618	DNA/hAT-Charlie	844	-	79	50925539	1557
chr17	50923982	51123982	harbor1	chr17	50925594	50925750	DNA/hAT-Charlie	587	-	78	50925672	1690
chr17	50923982	51123982	harbor1	chr17	51013377	51013589	DNA/hAT-Charlie	1007	-	106	51013483	89501
chr17	50923982	51123982	harbor1	chr17	51017112	51017313	DNA/hAT-Charlie	1054	-	100	51017212	93230
chr17	46059641	46259641	harbor1	chr17	46118493	46118649	DNA/hAT-Charlie	628	-	78	46118571	58930
chr17	46059641	46259641	harbor1	chr17	46149424	46149641	DNA/hAT-Charlie	1160	-	108	46149532	89891
chr17	46059641	46259641	harbor1	chr17	46151900	46152067	DNA/hAT-Charlie	526	-	84	46151984	92343
chr17	22427487	22627487	harbor1	chr17	22466221	22466381	DNA/hAT-Charlie	1060	-	80	22466301	38814
chr17	22427487	22627487	harbor1	chr17	22493632	22494121	DNA/hAT-Charlie	1435	-	244	22493876	66389
chr17	22427487	22627487	harbor1	chr17	22494134	22494361	DNA/hAT-Charlie	573	-	114	22494248	66761
chr17	63774640	63974640	harbor1	chr17	63797451	63797655	DNA/hAT-Charlie	880	-	102	63797553	22913
chr17	63774640	63974640	harbor1	chr17	63836584	63836827	DNA/hAT-Charlie	550	-	122	63836706	62066
chr17	63774640	63974640	harbor1	chr17	63844075	63844217	DNA/hAT-Charlie	493	-	71	63844146	69506
chr17	51323513	51523513	harbor1	chr17	51364577	51364733	DNA/hAT-Charlie	842	-	78	51364655	41142
chr17	51323513	51523513	harbor1	chr17	51386358	51386559	DNA/hAT-Charlie	1124	-	100	51386458	62945
chr17	51323513	51523513	harbor1	chr17	51411971	51412200	DNA/hAT-Charlie	634	-	114	51412085	88572
chr17	76043571	76243571	harbor1	chr17	76065918	76066040	DNA/hAT-Charlie	616	-	61	76065979	22408
chr17	76043571	76243571	harbor1	chr17	76134937	76135072	DNA/hAT-Charlie	646	-	68	76135005	91434
chr17	39948885	40148885	harbor1	chr17	40009495	40009704	DNA/hAT-Charlie	757	-	104	40009599	60714
chr17	71872766	72072766	harbor1	chr17	71939167	71939381	DNA/hAT-Charlie	894	-	107	71939274	66508
chr17	71872766	72072766	harbor1	chr17	71949328	71949446	DNA/hAT-Charlie	540	-	59	71949387	76621
chr17	71872766	72072766	harbor1	chr17	71961727	71962078	DNA/hAT-Charlie	840	-	176	71961903	89137
chr17	15828419	16028419	harbor1	chr17	15893839	15894050	DNA/hAT-Charlie	847	-	106	15893945	65526
chr17	1190416	1390416	harbor1	chr17	1277147	1277426	DNA/hAT-Charlie	1135	-	140	1277287	86871
chr17	20994147	21194147	harbor1	chr17	21053077	21053216	DNA/hAT-Charlie	713	-	70	21053147	59000
chr17	62380581	62580581	harbor1	chr17	62404965	62405108	DNA/hAT-Charlie	547	-	72	62405037	24456
chr17	62380581	62580581	harbor1	chr17	62408515	62408719	DNA/hAT-Charlie	1033	-	102	62408617	28036
chr17	61232526	61432526	harbor1	chr17	61300892	61301102	DNA/hAT-Charlie	953	-	105	61300997	68471
chr17	61232526	61432526	harbor1	chr17	61301307	61301351	DNA/hAT-Charlie	953	-	22	61301329	68803
chr17	61232526	61432526	harbor1	chr17	61301648	61301812	DNA/hAT-Charlie	953	-	82	61301730	69204
chr17	35080978	35280978	harbor1	chr17	35114337	35114401	DNA/hAT-Charlie	667	-	32	35114369	33391
chr17	35080978	35280978	harbor1	chr17	35114719	35114841	DNA/hAT-Charlie	667	-	61	35114780	33802
chr17	35080978	35280978	harbor1	chr17	35115392	35115523	DNA/hAT-Charlie	481	-	66	35115458	34480
chr17	35080978	35280978	harbor1	chr17	35128660	35129175	DNA/hAT-Charlie	3626	-	258	35128918	47940
chr17	35080978	35280978	harbor1	chr17	35134131	35134284	DNA/hAT-Charlie	760	-	76	35134207	53229
chr17	35080978	35280978	harbor1	chr17	35154940	35155098	DNA/hAT-Charlie	714	-	79	35155019	74041
chr17	51818734	52018734	harbor1	chr17	51876515	51876693	DNA/hAT-Charlie	760	-	89	51876604	57870
chr17	79648872	79848872	harbor1	chr17	79656164	79656331	DNA/hAT-Charlie	640	-	84	79656248	7376
chr17	35430322	35630322	harbor1	chr17	35516459	35516682	DNA/hAT-Charlie	1156	-	112	35516571	86249
chr17	35430322	35630322	harbor1	chr17	35516748	35517061	DNA/hAT-Charlie	1149	-	156	35516904	86582
chr17	82924913	83124913	harbor1	chr17	82945624	82945814	DNA/hAT-Charlie	720	-	95	82945719	20806
chr17	65239108	65439108	harbor1	chr17	65281273	65281494	DNA/hAT-Charlie	1067	-	110	65281383	42275
chr17	65239108	65439108	harbor1	chr17	65290968	65291169	DNA/hAT-Charlie	1120	-	100	65291068	51960
chr17	65239108	65439108	harbor1	chr17	65305582	65306079	DNA/hAT-Charlie	3490	-	248	65305830	66722
chr17	65239108	65439108	harbor1	chr17	65315642	65315836	DNA/hAT-Charlie	815	-	97	65315739	76631
chr17	65239108	65439108	harbor1	chr17	65338990	65339181	DNA/hAT-Charlie	497	-	96	65339086	99978
chr17	18335767	18535767	harbor1	chr17	18387441	18387672	DNA/hAT-Charlie	880	-	116	18387557	51790
chr17	18335767	18535767	harbor1	chr17	18402525	18402698	DNA/hAT-Charlie	998	-	86	18402611	66844
chr17	18335767	18535767	harbor1	chr17	18403295	18403380	DNA/hAT-Charlie	998	-	42	18403337	67570
chr17	41609907	41809907	harbor1	chr17	41680942	41681126	DNA/hAT-Charlie	604	-	92	41681034	71127
chr17	41609907	41809907	harbor1	chr17	41681727	41681883	DNA/hAT-Charlie	594	-	78	41681805	71898
chr17	41609907	41809907	harbor1	chr17	41697841	41698059	DNA/hAT-Charlie	511	-	109	41697950	88043
chr17	41609907	41809907	harbor1	chr17	41698226	41698308	DNA/hAT-Charlie	511	-	41	41698267	88360
chr17	41609907	41809907	harbor1	chr17	41698610	41698823	DNA/hAT-Charlie	511	-	106	41698716	88809
chr17	41609907	41809907	harbor1	chr17	41699123	41699194	DNA/hAT-Charlie	511	-	36	41699159	89252
chr17	41609907	41809907	harbor1	chr17	41701152	41701233	DNA/hAT-Charlie	557	-	40	41701192	91285
chr17	41609907	41809907	harbor1	chr17	41701367	41701502	DNA/hAT-Charlie	586	-	68	41701435	91528
chr17	38362250	38562250	harbor1	chr17	38382884	38383082	DNA/hAT-Charlie	909	-	99	38382983	20733
chr17	76601103	76801103	harbor1	chr17	76683183	76683391	DNA/hAT-Charlie	545	-	104	76683287	82184
chr17	21309297	21509297	harbor1	chr17	21366826	21367216	DNA/hAT-Charlie	566	-	195	21367021	57724
chr17	45160966	45360966	harbor1	chr17	45215876	45216070	DNA/hAT-Charlie	1072	-	97	45215973	55007
chr17	27600363	27800363	harbor1	chr17	27610601	27610928	DNA/hAT-Charlie	1350	-	164	27610765	10402
chr17	27600363	27800363	harbor1	chr17	27652267	27652460	DNA/hAT-Charlie	590	-	96	27652363	52000
chr17	82920787	83120787	harbor1	chr17	82945624	82945814	DNA/hAT-Charlie	720	-	95	82945719	24932
chr17	15867466	16067466	harbor1	chr17	15893839	15894050	DNA/hAT-Charlie	847	-	106	15893945	26479
chr17	62318828	62518828	harbor1	chr17	62363361	62363561	DNA/hAT-Charlie	957	-	100	62363461	44633
chr17	62318828	62518828	harbor1	chr17	62363837	62363875	DNA/hAT-Charlie	957	-	19	62363856	45028
chr17	62318828	62518828	harbor1	chr17	62364132	62364351	DNA/hAT-Charlie	957	-	110	62364242	45414
chr17	62318828	62518828	harbor1	chr17	62364487	62364499	DNA/hAT-Charlie	957	-	6	62364493	45665
chr17	62318828	62518828	harbor1	chr17	62364803	62364877	DNA/hAT-Charlie	957	-	37	62364840	46012
chr17	62318828	62518828	harbor1	chr17	62370744	62370805	DNA/hAT-Charlie	733	-	30	62370774	51946
chr17	62318828	62518828	harbor1	chr17	62371115	62371224	DNA/hAT-Charlie	733	-	54	62371169	52341
chr17	62318828	62518828	harbor1	chr17	62404965	62405108	DNA/hAT-Charlie	547	-	72	62405037	86209
chr17	62318828	62518828	harbor1	chr17	62408515	62408719	DNA/hAT-Charlie	1033	-	102	62408617	89789
chr17	66906529	67106529	harbor1	chr17	66907094	66907391	DNA/hAT-Charlie	482	-	148	66907242	713
chr17	66906529	67106529	harbor1	chr17	66924705	66924804	DNA/hAT-Charlie	559	-	50	66924755	18226
chr17	66906529	67106529	harbor1	chr17	66924863	66925253	DNA/hAT-Charlie	1492	-	195	66925058	18529
chr17	66906529	67106529	harbor1	chr17	66972321	66972529	DNA/hAT-Charlie	857	-	104	66972425	65896
chr17	66906529	67106529	harbor1	chr17	67003545	67003755	DNA/hAT-Charlie	935	-	105	67003650	97121
chr17	67652128	67852128	harbor1	chr17	67686158	67686345	DNA/hAT-Charlie	1010	-	94	67686252	34124
chr17	51648157	51848157	harbor1	chr17	51661826	51662043	DNA/hAT-Charlie	940	-	108	51661934	13777
chr17	51648157	51848157	harbor1	chr17	51681441	51681649	DNA/hAT-Charlie	1216	-	104	51681545	33388
chr17	68287479	68487479	harbor1	chr17	68329713	68329895	DNA/hAT-Charlie	1238	-	91	68329804	42325
chr17	68287479	68487479	harbor1	chr17	68357637	68357896	DNA/hAT-Charlie	863	-	130	68357767	70288
chr17	68287479	68487479	harbor1	chr17	68375081	68375235	DNA/hAT-Charlie	582	-	77	68375158	87679
chr17	68287479	68487479	harbor1	chr17	68375504	68375654	DNA/hAT-Charlie	755	-	75	68375579	88100
chr17	36508762	36708762	harbor1	chr17	36582784	36583062	DNA/hAT-Charlie	2770	-	139	36582923	74161
chr17	36508762	36708762	harbor1	chr17	36583351	36583467	DNA/hAT-Charlie	2770	-	58	36583409	74647
chr17	36508762	36708762	harbor1	chr17	36583762	36584343	DNA/hAT-Charlie	2770	-	290	36584052	75290
chr17	36508762	36708762	harbor1	chr17	36584638	36584670	DNA/hAT-Charlie	2390	-	16	36584654	75892
chr17	36508762	36708762	harbor1	chr17	36584975	36585234	DNA/hAT-Charlie	2390	-	130	36585105	76343
chr17	36508762	36708762	harbor1	chr17	36596002	36596162	DNA/hAT-Charlie	489	-	80	36596082	87320
chr17	36508762	36708762	harbor1	chr17	36596459	36596514	DNA/hAT-Charlie	489	-	28	36596487	87725
chr17	36508762	36708762	harbor1	chr17	36603248	36603414	DNA/hAT-Charlie	1066	-	83	36603331	94569
chr17	36508762	36708762	harbor1	chr17	36603699	36603836	DNA/hAT-Charlie	1066	-	68	36603767	95005
chr17	70075526	70275526	harbor1	chr17	70088160	70088499	DNA/hAT-Charlie	1979	-	170	70088330	12804
chr17	70075526	70275526	harbor1	chr17	70156061	70156396	DNA/hAT-Charlie	1167	-	168	70156229	80703
chr17	288031	488031	harbor1	chr17	308679	308788	DNA/hAT-Charlie	494	-	54	308733	20702
chr17	288031	488031	harbor1	chr17	329500	329980	DNA/hAT-Charlie	1712	-	240	329740	41709
chr17	288031	488031	harbor1	chr17	351649	351813	DNA/hAT-Charlie	695	-	82	351731	63700
chr17	48138606	48338606	harbor1	chr17	48210246	48210422	DNA/hAT-Charlie	554	-	88	48210334	71728
chr17	50144722	50344722	harbor1	chr17	50181529	50181714	DNA/hAT-Charlie	665	-	92	50181621	36899
chr17	59324528	59524528	harbor1	chr17	59333545	59333708	DNA/hAT-Charlie	507	-	82	59333627	9099
chr17	59324528	59524528	harbor1	chr17	59344894	59345111	DNA/hAT-Charlie	1628	-	108	59345002	20474
chr17	59324528	59524528	harbor1	chr17	59367394	59367583	DNA/hAT-Charlie	704	-	94	59367488	42960
chr17	18990903	19190903	harbor1	chr17	18994735	18994931	DNA/hAT-Charlie	596	-	98	18994833	3930
chr17	36605441	36805441	harbor1	chr17	36609440	36609629	DNA/hAT-Charlie	1014	-	94	36609534	4093
chr17	36605441	36805441	harbor1	chr17	36691119	36691283	DNA/hAT-Charlie	592	-	82	36691201	85760
chr17	36605441	36805441	harbor1	chr17	36699132	36699299	DNA/hAT-Charlie	636	-	84	36699216	93775
chr17	28390360	28590360	harbor1	chr17	28397249	28397369	DNA/hAT-Charlie	689	-	60	28397309	6949
chr17	28390360	28590360	harbor1	chr17	28486031	28486435	DNA/hAT-Charlie	704	-	202	28486233	95873
chr17	28390360	28590360	harbor1	chr17	28489648	28489826	DNA/hAT-Charlie	1000	-	89	28489737	99377
chr17	40877374	41077374	harbor1	chr17	40900463	40900752	DNA/hAT-Charlie	1309	-	144	40900607	23233
chr17	40877374	41077374	harbor1	chr17	40909975	40910125	DNA/hAT-Charlie	692	-	75	40910050	32676
chr17	40877374	41077374	harbor1	chr17	40918735	40918824	DNA/hAT-Charlie	665	-	44	40918779	41405
chr17	40877374	41077374	harbor1	chr17	40919138	40919235	DNA/hAT-Charlie	665	-	48	40919186	41812
chr17	40877374	41077374	harbor1	chr17	40961806	40962095	DNA/hAT-Charlie	949	-	144	40961950	84576
chr17	4473631	4673631	harbor1	chr17	4482271	4482461	DNA/hAT-Charlie	532	-	95	4482366	8735
chr17	4473631	4673631	harbor1	chr17	4495848	4495985	DNA/hAT-Charlie	478	-	68	4495916	22285
chr17	4473631	4673631	harbor1	chr17	4501928	4502093	DNA/hAT-Charlie	868	-	82	4502010	28379
chr17	4473631	4673631	harbor1	chr17	4502396	4502505	DNA/hAT-Charlie	868	-	54	4502450	28819
chr17	9545139	9745139	harbor1	chr17	9552360	9552441	DNA/hAT-Charlie	621	-	40	9552400	7261
chr17	9545139	9745139	harbor1	chr17	9571250	9571390	DNA/hAT-Charlie	606	-	70	9571320	26181
chr17	9545139	9745139	harbor1	chr17	9587915	9588043	DNA/hAT-Charlie	503	-	64	9587979	42840
chr17	9545139	9745139	harbor1	chr17	9590540	9590626	DNA/hAT-Charlie	529	-	43	9590583	45444
chr17	9545139	9745139	harbor1	chr17	9614661	9614879	DNA/hAT-Charlie	1145	-	109	9614770	69631
chr17	9545139	9745139	harbor1	chr17	9637119	9637243	DNA/hAT-Charlie	619	-	62	9637181	92042
chr17	9545139	9745139	harbor1	chr17	9551838	9552079	DNA/hAT-Charlie	621	-	120	9551958	6819
chr17	6028992	6228992	harbor1	chr17	6048253	6048447	DNA/hAT-Charlie	570	-	97	6048350	19358
chr17	6028992	6228992	harbor1	chr17	6100607	6100814	DNA/hAT-Charlie	1057	-	104	6100711	71719
chr17	6028992	6228992	harbor1	chr17	6115073	6115189	DNA/hAT-Charlie	553	-	58	6115131	86139
chr17	31913259	32113259	harbor1	chr17	31943244	31943653	DNA/hAT-Charlie	1561	-	204	31943448	30189
chr17	31913259	32113259	harbor1	chr17	32010178	32010386	DNA/hAT-Charlie	816	-	104	32010282	97023
chr17	63994936	64194936	harbor1	chr17	64024811	64024968	DNA/hAT-Charlie	720	-	78	64024889	29953
chr17	33455197	33655197	harbor1	chr17	33470448	33470606	DNA/hAT-Charlie	734	-	79	33470527	15330
chr17	33455197	33655197	harbor1	chr17	33484404	33484647	DNA/hAT-Charlie	998	-	122	33484526	29329
chr17	33455197	33655197	harbor1	chr17	33507481	33507621	DNA/hAT-Charlie	658	-	70	33507551	52354
chr17	33455197	33655197	harbor1	chr17	33507914	33508005	DNA/hAT-Charlie	658	-	46	33507960	52763
chr17	33455197	33655197	harbor1	chr17	33532830	33532929	DNA/hAT-Charlie	519	-	50	33532880	77683
chr17	33455197	33655197	harbor1	chr17	33547003	33547187	DNA/hAT-Charlie	948	-	92	33547095	91898
chr17	49314948	49514948	harbor1	chr17	49385421	49385539	DNA/hAT-Charlie	1386	-	59	49385480	70532
chr17	49314948	49514948	harbor1	chr17	49385788	49386168	DNA/hAT-Charlie	1386	-	190	49385978	71030
chr17	49314948	49514948	harbor1	chr17	49398476	49398688	DNA/hAT-Charlie	805	-	106	49398582	83634
chr17	56704203	56904203	harbor1	chr17	56736109	56736468	DNA/hAT-Charlie	1437	-	180	56736289	32086
chr17	56704203	56904203	harbor1	chr17	56741292	56741575	DNA/hAT-Charlie	1041	-	142	56741434	37231
chr17	56704203	56904203	harbor1	chr17	56784551	56784645	DNA/hAT-Charlie	831	-	47	56784598	80395
chr17	56704203	56904203	harbor1	chr17	56785216	56785282	DNA/hAT-Charlie	831	-	33	56785249	81046
chr17	56704203	56904203	harbor1	chr17	56795493	56795653	DNA/hAT-Charlie	723	-	80	56795573	91370
chr17	13672687	13872687	harbor1	chr17	13752491	13752808	DNA/hAT-Charlie	563	-	158	13752649	79962
chr17	13672687	13872687	harbor1	chr17	13759271	13759397	DNA/hAT-Charlie	726	-	63	13759334	86647
chr17	13672687	13872687	harbor1	chr17	13764545	13764691	DNA/hAT-Charlie	512	-	73	13764618	91931
chr17	76257157	76457157	harbor1	chr17	76314057	76314201	DNA/hAT-Charlie	920	-	72	76314129	56972
chr17	76257157	76457157	harbor1	chr17	76314517	76314546	DNA/hAT-Charlie	920	-	14	76314531	57374
chr17	76257157	76457157	harbor1	chr17	76314670	76314769	DNA/hAT-Charlie	920	-	50	76314720	57563
chr17	76257157	76457157	harbor1	chr17	76317954	76318144	DNA/hAT-Charlie	805	-	95	76318049	60892
chr17	1366461	1566461	harbor1	chr17	1385493	1385566	DNA/hAT-Charlie	549	-	36	1385529	19068
chr17	50448896	50648896	harbor1	chr17	50481537	50481582	DNA/hAT-Charlie	555	-	22	50481559	32663
chr17	50448896	50648896	harbor1	chr17	50482891	50483015	DNA/hAT-Charlie	662	-	62	50482953	34057
chr17	63920891	64120891	harbor1	chr17	63968671	63968833	DNA/hAT-Charlie	697	-	81	63968752	47861
chr17	63920891	64120891	harbor1	chr17	63969143	63969231	DNA/hAT-Charlie	697	-	44	63969187	48296
chr17	71804052	72004052	harbor1	chr17	71835950	71836288	DNA/hAT-Charlie	1215	-	169	71836119	32067
chr17	31519438	31719438	harbor1	chr17	31535310	31535478	DNA/hAT-Charlie	781	-	84	31535394	15956
chr17	31519438	31719438	harbor1	chr17	31540322	31540428	DNA/hAT-Charlie	513	-	53	31540375	20937
chr17	66588735	66788735	harbor1	chr17	66589781	66590109	DNA/hAT-Charlie	2168	-	164	66589945	1210
chr17	66588735	66788735	harbor1	chr17	66624862	66625013	DNA/hAT-Charlie	502	-	76	66624938	36203
chr17	66588735	66788735	harbor1	chr17	66637723	66637910	DNA/hAT-Charlie	683	-	94	66637817	49082
chr17	66588735	66788735	harbor1	chr17	66637923	66638098	DNA/hAT-Charlie	961	-	88	66638011	49276
chr17	66588735	66788735	harbor1	chr17	66685856	66685993	DNA/hAT-Charlie	521	-	68	66685924	97189
chr17	66588735	66788735	harbor1	chr17	66686292	66686452	DNA/hAT-Charlie	750	-	80	66686372	97637
chr17	66588735	66788735	harbor1	chr17	66686763	66686872	DNA/hAT-Charlie	607	-	54	66686817	98082
chr17	66588735	66788735	harbor1	chr17	66687926	66688143	DNA/hAT-Charlie	1049	-	108	66688034	99299
chr17	77654730	77854730	harbor1	chr17	77684547	77684723	DNA/hAT-Charlie	758	-	88	77684635	29905
chr17	77654730	77854730	harbor1	chr17	77719644	77719869	DNA/hAT-Charlie	1539	-	112	77719756	65026
chr17	77654730	77854730	harbor1	chr17	77754590	77754697	DNA/hAT-Charlie	508	-	54	77754644	99914
chr17	77654730	77854730	harbor1	chr17	77741945	77742221	DNA/hAT-Charlie	1326	-	138	77742083	87353
chr17	62239078	62439078	harbor1	chr17	62256599	62256818	DNA/hAT-Charlie	1008	-	110	62256709	17631
chr17	62239078	62439078	harbor1	chr17	62258896	62259015	DNA/hAT-Charlie	514	-	60	62258956	19878
chr17	62239078	62439078	harbor1	chr17	62283240	62283292	DNA/hAT-Charlie	779	-	26	62283266	44188
chr17	62239078	62439078	harbor1	chr17	62283584	62283733	DNA/hAT-Charlie	779	-	74	62283658	44580
chr17	39862049	40062049	harbor1	chr17	39939420	39939588	DNA/hAT-Charlie	549	-	84	39939504	77455
chr17	51897855	52097855	harbor1	chr17	51988754	51989030	DNA/hAT-Charlie	1161	-	138	51988892	91037
chr17	45835176	46035176	harbor1	chr17	45869814	45869922	DNA/hAT-Charlie	543	-	54	45869868	34692
chr17	15386660	15586660	harbor1	chr17	15428289	15428655	DNA/hAT-Charlie	1328	-	183	15428472	41812
chr17	15386660	15586660	harbor1	chr17	15440845	15440933	DNA/hAT-Charlie	532	-	44	15440889	54229
chr17	15386660	15586660	harbor1	chr17	15441270	15441448	DNA/hAT-Charlie	779	-	89	15441359	54699
chr17	15386660	15586660	harbor1	chr17	15444326	15444497	DNA/hAT-Charlie	573	-	86	15444412	57752
chr17	15386660	15586660	harbor1	chr17	15461514	15461678	DNA/hAT-Charlie	713	-	82	15461596	74936
chr17	15386660	15586660	harbor1	chr17	15467988	15468104	DNA/hAT-Charlie	712	-	58	15468046	81386
chr17	15386660	15586660	harbor1	chr17	15478534	15478764	DNA/hAT-Charlie	1562	-	115	15478649	91989
chr17	5232216	5432216	harbor1	chr17	5257135	5257481	DNA/hAT-Charlie	1050	-	173	5257308	25092
chr17	5232216	5432216	harbor1	chr17	5258095	5258148	DNA/hAT-Charlie	1050	-	26	5258121	25905
chr17	5232216	5432216	harbor1	chr17	5275134	5275343	DNA/hAT-Charlie	620	-	104	5275238	43022
chr17	5232216	5432216	harbor1	chr17	5300879	5301046	DNA/hAT-Charlie	798	-	84	5300963	68747
chr17	5232216	5432216	harbor1	chr17	5309978	5310121	DNA/hAT-Charlie	535	-	72	5310050	77834
chr17	5232216	5432216	harbor1	chr17	5310197	5310301	DNA/hAT-Charlie	558	-	52	5310249	78033
chr17	5232216	5432216	harbor1	chr17	5310608	5310770	DNA/hAT-Charlie	558	-	81	5310689	78473
chr17	5232216	5432216	harbor1	chr17	5311108	5311278	DNA/hAT-Charlie	637	-	85	5311193	78977
chr17	5232216	5432216	harbor1	chr17	5311323	5311414	DNA/hAT-Charlie	1408	-	46	5311369	79153
chr17	5232216	5432216	harbor1	chr17	5311721	5312135	DNA/hAT-Charlie	1408	-	207	5311928	79712
chr17	14988060	15188060	harbor1	chr17	15003592	15003898	DNA/hAT-Charlie	504	-	153	15003745	15685
chr17	14988060	15188060	harbor1	chr17	15011565	15011740	DNA/hAT-Charlie	557	-	88	15011653	23593
chr17	14988060	15188060	harbor1	chr17	15012274	15012464	DNA/hAT-Charlie	952	-	95	15012369	24309
chr17	14988060	15188060	harbor1	chr17	15076174	15076367	DNA/hAT-Charlie	1362	-	96	15076270	88210
chr17	14988060	15188060	harbor1	chr17	15076660	15076805	DNA/hAT-Charlie	1362	-	72	15076732	88672
chr17	14988060	15188060	harbor1	chr17	15087797	15087960	DNA/hAT-Charlie	727	-	82	15087879	99819
chr17	71323177	71523177	harbor1	chr17	71393434	71393629	DNA/hAT-Charlie	868	-	98	71393532	70355
chr17	71323177	71523177	harbor1	chr17	71417962	71418256	DNA/hAT-Charlie	1143	-	147	71418109	94932
chr17	60064482	60264482	harbor1	chr17	60068102	60068271	DNA/hAT-Charlie	605	-	84	60068186	3704
chr17	60064482	60264482	harbor1	chr17	60111990	60112159	DNA/hAT-Charlie	693	-	84	60112074	47592
chr17	60064482	60264482	harbor1	chr17	60115361	60115554	DNA/hAT-Charlie	551	-	96	60115457	50975
chr17	72370762	72570762	harbor1	chr17	72377547	72377755	DNA/hAT-Charlie	933	-	104	72377651	6889
chr17	72370762	72570762	harbor1	chr17	72383623	72383829	DNA/hAT-Charlie	967	-	103	72383726	12964
chr17	72370762	72570762	harbor1	chr17	72388384	72388462	DNA/hAT-Charlie	757	-	39	72388423	17661
chr17	72370762	72570762	harbor1	chr17	72388764	72388917	DNA/hAT-Charlie	757	-	76	72388840	18078
chr17	72370762	72570762	harbor1	chr17	72410751	72410975	DNA/hAT-Charlie	678	-	112	72410863	40101
chr17	72370762	72570762	harbor1	chr17	72457423	72457683	DNA/hAT-Charlie	828	-	130	72457553	86791
chr17	72370762	72570762	harbor1	chr17	72460764	72460982	DNA/hAT-Charlie	910	-	109	72460873	90111
chr17	72370762	72570762	harbor1	chr17	72466672	72466998	DNA/hAT-Charlie	1685	-	163	72466835	96073
chr17	60001909	60201909	harbor1	chr17	60023718	60024198	DNA/hAT-Charlie	3109	-	240	60023958	22049
chr17	60001909	60201909	harbor1	chr17	60061489	60061806	DNA/hAT-Charlie	1744	-	158	60061647	59738
chr17	60001909	60201909	harbor1	chr17	60068102	60068271	DNA/hAT-Charlie	605	-	84	60068186	66277
chr17	70012207	70212207	harbor1	chr17	70019126	70019335	DNA/hAT-Charlie	621	-	104	70019230	7023
chr17	70012207	70212207	harbor1	chr17	70048385	70048626	DNA/hAT-Charlie	1051	-	120	70048505	36298
chr17	70012207	70212207	harbor1	chr17	70072792	70073082	DNA/hAT-Charlie	900	-	145	70072937	60730
chr17	70012207	70212207	harbor1	chr17	70088160	70088499	DNA/hAT-Charlie	1979	-	170	70088330	76123
chr17	70508440	70708440	harbor1	chr17	70599744	70600271	DNA/hAT-Charlie	3649	-	264	70600008	91568
chr17	31109216	31309216	harbor1	chr17	31153166	31153395	DNA/hAT-Charlie	515	-	114	31153280	44064
chr17	31109216	31309216	harbor1	chr17	31208991	31209216	DNA/hAT-Charlie	1217	-	112	31209103	99887
chr17	1695377	1895377	harbor1	chr17	1718888	1719113	DNA/hAT-Charlie	910	-	112	1719000	23623
chr17	1695377	1895377	harbor1	chr17	1782214	1782389	DNA/hAT-Charlie	749	-	88	1782302	86925
chr17	4834158	5034158	harbor1	chr17	4882580	4882838	DNA/hAT-Charlie	1229	-	129	4882709	48551
chr17	4834158	5034158	harbor1	chr17	4883143	4883195	DNA/hAT-Charlie	1229	-	26	4883169	49011
chr17	4834158	5034158	harbor1	chr17	4883844	4883972	DNA/hAT-Charlie	516	-	64	4883908	49750
chr17	41509090	41709090	harbor1	chr17	41592544	41592905	DNA/hAT-Charlie	2021	-	180	41592724	83634
chr17	68469331	68669331	harbor1	chr17	68469683	68470084	DNA/hAT-Charlie	2321	-	200	68469883	552
chr17	68469331	68669331	harbor1	chr17	68470380	68470472	DNA/hAT-Charlie	2321	-	46	68470426	1095
chr17	68469331	68669331	harbor1	chr17	68481200	68481587	DNA/hAT-Charlie	2834	-	194	68481394	12063
chr17	68469331	68669331	harbor1	chr17	68510919	68511090	DNA/hAT-Charlie	791	-	86	68511005	41674
chr17	68469331	68669331	harbor1	chr17	68529490	68529699	DNA/hAT-Charlie	762	-	104	68529594	60263
chr17	68469331	68669331	harbor1	chr17	68543083	68543240	DNA/hAT-Charlie	721	-	78	68543161	73830
chr17	68469331	68669331	harbor1	chr17	68544786	68545307	DNA/hAT-Charlie	1183	-	260	68545046	75715
chr17	68469331	68669331	harbor1	chr17	68549032	68549212	DNA/hAT-Charlie	1183	-	90	68549122	79791
chr17	68469331	68669331	harbor1	chr17	68549510	68549776	DNA/hAT-Charlie	1183	-	133	68549643	80312
chr17	68469331	68669331	harbor1	chr17	68554434	68554575	DNA/hAT-Charlie	535	-	70	68554504	85173
chr17	68469331	68669331	harbor1	chr17	68567147	68567364	DNA/hAT-Charlie	955	-	108	68567255	97924
chr17	29223231	29423231	harbor1	chr17	29251227	29251434	DNA/hAT-Charlie	1267	-	104	29251331	28100
chr17	68343436	68543436	harbor1	chr17	68357637	68357896	DNA/hAT-Charlie	863	-	130	68357767	14331
chr17	68343436	68543436	harbor1	chr17	68375081	68375235	DNA/hAT-Charlie	582	-	77	68375158	31722
chr17	68343436	68543436	harbor1	chr17	68375504	68375654	DNA/hAT-Charlie	755	-	75	68375579	32143
chr17	68343436	68543436	harbor1	chr17	68388239	68388461	DNA/hAT-Charlie	1014	-	111	68388350	44914
chr17	68343436	68543436	harbor1	chr17	68420975	68421079	DNA/hAT-Charlie	508	-	52	68421027	77591
chr17	17337177	17537177	harbor1	chr17	17378464	17378529	DNA/hAT-Charlie	707	-	32	17378496	41319
chr17	17337177	17537177	harbor1	chr17	17378821	17378920	DNA/hAT-Charlie	707	-	50	17378871	41694
chr17	17337177	17537177	harbor1	chr17	17408402	17408497	DNA/hAT-Charlie	561	-	48	17408450	71273
chr17	58440404	58640404	harbor1	chr17	58507681	58507883	DNA/hAT-Charlie	714	-	101	58507782	67378
chr17	47405517	47605517	harbor1	chr17	47439695	47439916	DNA/hAT-Charlie	1100	-	110	47439805	34288
chr17	47405517	47605517	harbor1	chr17	47471546	47471633	DNA/hAT-Charlie	493	-	44	47471590	66073
chr17	47405517	47605517	harbor1	chr17	47472638	47472835	DNA/hAT-Charlie	1149	-	98	47472736	67219
chr17	47405517	47605517	harbor1	chr17	47473141	47473185	DNA/hAT-Charlie	1149	-	22	47473163	67646
chr17	66298211	66498211	harbor1	chr17	66347046	66347941	DNA/hAT-Charlie	2648	-	448	66347494	49283
chr17	66298211	66498211	harbor1	chr17	66348242	66348528	DNA/hAT-Charlie	1000	-	143	66348385	50174
chr17	66298211	66498211	harbor1	chr17	66395263	66395540	DNA/hAT-Charlie	1093	-	138	66395401	97190
chr17	74247114	74447114	harbor1	chr17	74249599	74249721	DNA/hAT-Charlie	523	-	61	74249660	2546
chr17	74247114	74447114	harbor1	chr17	74258178	74258268	DNA/hAT-Charlie	591	-	45	74258223	11109
chr17	74247114	74447114	harbor1	chr17	74258567	74258642	DNA/hAT-Charlie	591	-	38	74258605	11491
chr17	74247114	74447114	harbor1	chr17	74258656	74258856	DNA/hAT-Charlie	895	-	100	74258756	11642
chr17	74247114	74447114	harbor1	chr17	74277883	74278050	DNA/hAT-Charlie	550	-	84	74277967	30853
chr17	6438927	6638927	harbor1	chr17	6460435	6460731	DNA/hAT-Charlie	1322	-	148	6460583	21656
chr17	6438927	6638927	harbor1	chr17	6460787	6460946	DNA/hAT-Charlie	537	-	80	6460867	21940
chr17	6438927	6638927	harbor1	chr17	6474805	6474979	DNA/hAT-Charlie	740	-	87	6474892	35965
chr17	6438927	6638927	harbor1	chr17	6500360	6500564	DNA/hAT-Charlie	599	-	102	6500462	61535
chr17	6438927	6638927	harbor1	chr17	6512468	6512653	DNA/hAT-Charlie	869	-	92	6512560	73633
chr17	35492876	35692876	harbor1	chr17	35516459	35516682	DNA/hAT-Charlie	1156	-	112	35516571	23695
chr17	35492876	35692876	harbor1	chr17	35516748	35517061	DNA/hAT-Charlie	1149	-	156	35516904	24028
chr17	35492876	35692876	harbor1	chr17	35545462	35545502	DNA/hAT-Charlie	604	-	20	35545482	52606
chr17	35492876	35692876	harbor1	chr17	35545804	35545944	DNA/hAT-Charlie	604	-	70	35545874	52998
chr17	80819292	81019292	harbor1	chr17	80899628	80899854	DNA/hAT-Charlie	686	-	113	80899741	80449
chr17	67537581	67737581	harbor1	chr17	67547901	67548140	DNA/hAT-Charlie	748	-	120	67548021	10440
chr17	67537581	67737581	harbor1	chr17	67575655	67575764	DNA/hAT-Charlie	712	-	54	67575709	38128
chr17	67537581	67737581	harbor1	chr17	67576177	67576244	DNA/hAT-Charlie	712	-	34	67576211	38630
chr17	67537581	67737581	harbor1	chr17	67582992	67583102	DNA/hAT-Charlie	601	-	55	67583047	45466
chr17	67537581	67737581	harbor1	chr17	67583267	67583305	DNA/hAT-Charlie	593	-	19	67583286	45705
chr17	67537581	67737581	harbor1	chr17	67583605	67583696	DNA/hAT-Charlie	593	-	46	67583651	46070
chr17	67537581	67737581	harbor1	chr17	67584039	67584098	DNA/hAT-Charlie	593	-	30	67584069	46488
chr17	66400066	66600066	harbor1	chr17	66453885	66454294	DNA/hAT-Charlie	1051	-	204	66454089	54023
chr17	6491932	6691932	harbor1	chr17	6500360	6500564	DNA/hAT-Charlie	599	-	102	6500462	8530
chr17	6491932	6691932	harbor1	chr17	6512468	6512653	DNA/hAT-Charlie	869	-	92	6512560	20628
chr17	62665157	62865157	harbor1	chr17	62684042	62684558	DNA/hAT-Charlie	667	-	258	62684300	19143
chr17	62665157	62865157	harbor1	chr17	62684568	62684777	DNA/hAT-Charlie	714	-	104	62684672	19515
chr17	62665157	62865157	harbor1	chr17	62685971	62686171	DNA/hAT-Charlie	1735	-	100	62686071	20914
chr17	62665157	62865157	harbor1	chr17	62686488	62686564	DNA/hAT-Charlie	1735	-	38	62686526	21369
chr17	62665157	62865157	harbor1	chr17	62714663	62714750	DNA/hAT-Charlie	696	-	44	62714707	49550
chr17	62665157	62865157	harbor1	chr17	62715047	62715181	DNA/hAT-Charlie	696	-	67	62715114	49957
chr17	62665157	62865157	harbor1	chr17	62719167	62719352	DNA/hAT-Charlie	481	-	92	62719259	54102
chr17	62665157	62865157	harbor1	chr17	62753418	62753574	DNA/hAT-Charlie	664	-	78	62753496	88339
chr17	41266533	41466533	harbor1	chr17	41314656	41314836	DNA/hAT-Charlie	672	-	90	41314746	48213
chr17	41266533	41466533	harbor1	chr17	41336708	41336998	DNA/hAT-Charlie	1987	-	145	41336853	70320
chr17	61800855	62000855	harbor1	chr17	61833917	61834112	DNA/hAT-Charlie	963	-	98	61834015	33160
chr17	61800855	62000855	harbor1	chr17	61845318	61845608	DNA/hAT-Charlie	1304	-	145	61845463	44608
chr17	61800855	62000855	harbor1	chr17	61845624	61845901	DNA/hAT-Charlie	1318	-	138	61845762	44907
chr17	61800855	62000855	harbor1	chr17	61846277	61846384	DNA/hAT-Charlie	869	-	54	61846331	45476
chr17	61800855	62000855	harbor1	chr17	61846687	61846791	DNA/hAT-Charlie	869	-	52	61846739	45884
chr17	61800855	62000855	harbor1	chr17	61870150	61870303	DNA/hAT-Charlie	512	-	76	61870226	69371
chr17	61800855	62000855	harbor1	chr17	61877416	61877584	DNA/hAT-Charlie	848	-	84	61877500	76645
chr17	55134541	55334541	harbor1	chr17	55147163	55147490	DNA/hAT-Charlie	2065	-	164	55147327	12786
chr17	55134541	55334541	harbor1	chr17	55157865	55158067	DNA/hAT-Charlie	556	-	101	55157966	23425
chr17	55134541	55334541	harbor1	chr17	55191260	55191362	DNA/hAT-Charlie	512	-	51	55191311	56770
chr17	55134541	55334541	harbor1	chr17	55214842	55215187	DNA/hAT-Charlie	2451	-	172	55215014	80473
chr17	55134541	55334541	harbor1	chr17	55229744	55229963	DNA/hAT-Charlie	1004	-	110	55229854	95313
chr17	50978138	51178138	harbor1	chr17	51013377	51013589	DNA/hAT-Charlie	1007	-	106	51013483	35345
chr17	50978138	51178138	harbor1	chr17	51017112	51017313	DNA/hAT-Charlie	1054	-	100	51017212	39074
chr17	79585079	79785079	harbor1	chr17	79656164	79656331	DNA/hAT-Charlie	640	-	84	79656248	71169
chr17	14162247	14362247	harbor1	chr17	14188115	14188397	DNA/hAT-Charlie	1001	-	141	14188256	26009
chr17	14162247	14362247	harbor1	chr17	14195360	14195558	DNA/hAT-Charlie	880	-	99	14195459	33212
chr17	14162247	14362247	harbor1	chr17	14195666	14195851	DNA/hAT-Charlie	1096	-	92	14195758	33511
chr17	14162247	14362247	harbor1	chr17	14221319	14221465	DNA/hAT-Charlie	1811	-	73	14221392	59145
chr17	14162247	14362247	harbor1	chr17	14221762	14222122	DNA/hAT-Charlie	1811	-	180	14221942	59695
chr17	14162247	14362247	harbor1	chr17	14261964	14262172	DNA/hAT-Charlie	1113	-	104	14262068	99821
chr17	15442413	15642413	harbor1	chr17	15444326	15444497	DNA/hAT-Charlie	573	-	86	15444412	1999
chr17	15442413	15642413	harbor1	chr17	15461514	15461678	DNA/hAT-Charlie	713	-	82	15461596	19183
chr17	15442413	15642413	harbor1	chr17	15467988	15468104	DNA/hAT-Charlie	712	-	58	15468046	25633
chr17	15442413	15642413	harbor1	chr17	15478534	15478764	DNA/hAT-Charlie	1562	-	115	15478649	36236
chr17	15442413	15642413	harbor1	chr17	15511979	15512137	DNA/hAT-Charlie	798	-	79	15512058	69645
chr17	15442413	15642413	harbor1	chr17	15533067	15533516	DNA/hAT-Charlie	1091	-	224	15533291	90878
chr17	15442413	15642413	harbor1	chr17	15541294	15541500	DNA/hAT-Charlie	1148	-	103	15541397	98984
chr17	35240530	35440530	harbor1	chr17	35270639	35270869	DNA/hAT-Charlie	1089	-	115	35270754	30224
chr17	75164071	75364071	harbor1	chr17	75245307	75245513	DNA/hAT-Charlie	1046	-	103	75245410	81339
chr17	53552486	53752486	harbor1	chr17	53639909	53640219	DNA/hAT-Charlie	1224	-	155	53640064	87578
chr17	70923628	71123628	harbor1	chr17	70933050	70933236	DNA/hAT-Charlie	816	-	93	70933143	9515
chr17	70923628	71123628	harbor1	chr17	70939729	70940086	DNA/hAT-Charlie	1400	-	178	70939907	16279
chr17	70923628	71123628	harbor1	chr17	70982009	70982331	DNA/hAT-Charlie	1487	-	161	70982170	58542
chr17	61689302	61889302	harbor1	chr17	61740310	61740448	DNA/hAT-Charlie	678	-	69	61740379	51077
chr17	68842126	69042126	harbor1	chr17	68865763	68865943	DNA/hAT-Charlie	855	-	90	68865853	23727
chr17	68842126	69042126	harbor1	chr17	68909214	68909437	DNA/hAT-Charlie	845	-	112	68909326	67200
chr17	19155229	19355229	harbor1	chr17	19235461	19235668	DNA/hAT-Charlie	993	-	104	19235565	80336
chr17	19155229	19355229	harbor1	chr17	19243110	19243220	DNA/hAT-Charlie	554	-	55	19243165	87936
chr17	19155229	19355229	harbor1	chr17	19243838	19243909	DNA/hAT-Charlie	554	-	36	19243874	88645
chr17	48588965	48788965	harbor1	chr17	48676338	48676891	DNA/hAT-Charlie	2787	-	276	48676614	87649
chr17	40838357	41038357	harbor1	chr17	40900463	40900752	DNA/hAT-Charlie	1309	-	144	40900607	62250
chr17	40838357	41038357	harbor1	chr17	40909975	40910125	DNA/hAT-Charlie	692	-	75	40910050	71693
chr17	40838357	41038357	harbor1	chr17	40918735	40918824	DNA/hAT-Charlie	665	-	44	40918779	80422
chr17	40838357	41038357	harbor1	chr17	40919138	40919235	DNA/hAT-Charlie	665	-	48	40919186	80829
chr17	34956416	35156416	harbor1	chr17	34964843	34964868	DNA/hAT-Charlie	1014	-	12	34964855	8439
chr17	34956416	35156416	harbor1	chr17	34965168	34965421	DNA/hAT-Charlie	1014	-	126	34965294	8878
chr17	34956416	35156416	harbor1	chr17	34971267	34971426	DNA/hAT-Charlie	702	-	80	34971347	14931
chr17	34956416	35156416	harbor1	chr17	34977203	34977367	DNA/hAT-Charlie	661	-	82	34977285	20869
chr17	34956416	35156416	harbor1	chr17	34979181	34979326	DNA/hAT-Charlie	633	-	72	34979253	22837
chr17	57697138	57897138	harbor1	chr17	57721239	57721403	DNA/hAT-Charlie	1216	-	82	57721321	24183
chr17	57697138	57897138	harbor1	chr17	57721711	57721770	DNA/hAT-Charlie	1216	-	30	57721741	24603
chr17	57697138	57897138	harbor1	chr17	57737243	57737420	DNA/hAT-Charlie	829	-	88	57737331	40193
chr17	44047477	44247477	harbor1	chr17	44138608	44138782	DNA/hAT-Charlie	976	-	87	44138695	91218
chr17	41546946	41746946	harbor1	chr17	41592544	41592905	DNA/hAT-Charlie	2021	-	180	41592724	45778
chr17	46051927	46251927	harbor1	chr17	46056843	46057000	DNA/hAT-Charlie	565	-	78	46056921	4994
chr17	46051927	46251927	harbor1	chr17	46118493	46118649	DNA/hAT-Charlie	628	-	78	46118571	66644
chr17	46051927	46251927	harbor1	chr17	46149424	46149641	DNA/hAT-Charlie	1160	-	108	46149532	97605
chr17	45782149	45982149	harbor1	chr17	45794144	45794390	DNA/hAT-Charlie	589	-	123	45794267	12118
chr17	45782149	45982149	harbor1	chr17	45795389	45795607	DNA/hAT-Charlie	1346	-	109	45795498	13349
chr17	45782149	45982149	harbor1	chr17	45831533	45831709	DNA/hAT-Charlie	968	-	88	45831621	49472
chr17	45782149	45982149	harbor1	chr17	45869814	45869922	DNA/hAT-Charlie	543	-	54	45869868	87719
chr17	69439185	69639185	harbor1	chr17	69453220	69453420	DNA/hAT-Charlie	990	-	100	69453320	14135
chr17	69439185	69639185	harbor1	chr17	69455622	69455768	DNA/hAT-Charlie	546	-	73	69455695	16510
chr17	69439185	69639185	harbor1	chr17	69516007	69516496	DNA/hAT-Charlie	3432	-	244	69516251	77066
chr17	69439185	69639185	harbor1	chr17	69529113	69529287	DNA/hAT-Charlie	490	-	87	69529200	90015
chr17	69439185	69639185	harbor1	chr17	69533994	69534209	DNA/hAT-Charlie	1182	-	108	69534102	94917
chr17	69439185	69639185	harbor1	chr17	69538811	69539036	DNA/hAT-Charlie	899	-	112	69538923	99738
chr17	36094304	36294304	harbor1	chr17	36106984	36107193	DNA/hAT-Charlie	1046	-	104	36107088	12784
chr17	36094304	36294304	harbor1	chr17	36157655	36157874	DNA/hAT-Charlie	1011	-	110	36157765	63461
chr17	36094304	36294304	harbor1	chr17	36159879	36159998	DNA/hAT-Charlie	538	-	60	36159939	65635
chr17	36094304	36294304	harbor1	chr17	36180774	36181261	DNA/hAT-Charlie	3130	-	244	36181018	86714
chr17	36094304	36294304	harbor1	chr17	36185490	36185707	DNA/hAT-Charlie	842	-	108	36185598	91294
chr17	36094304	36294304	harbor1	chr17	36191047	36191205	DNA/hAT-Charlie	530	-	79	36191126	96822
chr17	67032577	67232577	harbor1	chr17	67053435	67053635	DNA/hAT-Charlie	869	-	100	67053535	20958
chr17	70747224	70947224	harbor1	chr17	70804003	70804240	DNA/hAT-Charlie	730	-	118	70804121	56897
chr17	76113394	76313394	harbor1	chr17	76134937	76135072	DNA/hAT-Charlie	646	-	68	76135005	21611
chr17	69260842	69460842	harbor1	chr17	69284547	69284919	DNA/hAT-Charlie	1507	-	186	69284733	23891
chr17	69260842	69460842	harbor1	chr17	69299937	69300444	DNA/hAT-Charlie	3496	-	254	69300191	39349
chr17	69260842	69460842	harbor1	chr17	69328236	69328759	DNA/hAT-Charlie	3687	-	262	69328498	67656
chr17	64548935	64748935	harbor1	chr17	64567572	64567685	DNA/hAT-Charlie	1076	-	56	64567628	18693
chr17	64548935	64748935	harbor1	chr17	64568291	64568386	DNA/hAT-Charlie	1076	-	48	64568339	19404
chr17	64548935	64748935	harbor1	chr17	64613611	64613673	DNA/hAT-Charlie	3393	-	31	64613642	64707
chr17	64548935	64748935	harbor1	chr17	64613745	64614175	DNA/hAT-Charlie	3393	-	215	64613960	65025
chr17	64548935	64748935	harbor1	chr17	64625631	64625800	DNA/hAT-Charlie	721	-	84	64625715	76780
chr17	64548935	64748935	harbor1	chr17	64645771	64646070	DNA/hAT-Charlie	1301	-	150	64645921	96986
chr17	64548935	64748935	harbor1	chr17	64646357	64646368	DNA/hAT-Charlie	1301	-	6	64646363	97428
chr17	64548935	64748935	harbor1	chr17	64646682	64646810	DNA/hAT-Charlie	1301	-	64	64646746	97811
chr17	56374425	56574425	harbor1	chr17	56429353	56429615	DNA/hAT-Charlie	1046	-	131	56429484	55059
chr17	32560258	32760258	harbor1	chr17	32618354	32618602	DNA/hAT-Charlie	549	-	124	32618478	58220
chr17	32560258	32760258	harbor1	chr17	32624354	32624494	DNA/hAT-Charlie	642	-	70	32624424	64166
chr17	57085617	57285617	harbor1	chr17	57089408	57089600	DNA/hAT-Charlie	696	-	96	57089504	3887
chr17	57085617	57285617	harbor1	chr17	57093083	57093237	DNA/hAT-Charlie	480	-	77	57093160	7543
chr17	57085617	57285617	harbor1	chr17	57101501	57101667	DNA/hAT-Charlie	790	-	83	57101584	15967
chr17	57085617	57285617	harbor1	chr17	57103338	57103480	DNA/hAT-Charlie	557	-	71	57103409	17792
chr17	57085617	57285617	harbor1	chr17	57117005	57117145	DNA/hAT-Charlie	572	-	70	57117075	31458
chr17	57085617	57285617	harbor1	chr17	57123965	57124249	DNA/hAT-Charlie	1259	-	142	57124107	38490
chr17	57085617	57285617	harbor1	chr17	57140330	57140533	DNA/hAT-Charlie	657	-	102	57140432	54815
chr17	57085617	57285617	harbor1	chr17	57140529	57140775	DNA/hAT-Charlie	619	-	123	57140652	55035
chr17	57085617	57285617	harbor1	chr17	57141926	57142147	DNA/hAT-Charlie	548	-	110	57142036	56419
chr17	57085617	57285617	harbor1	chr17	57154469	57154657	DNA/hAT-Charlie	1175	-	94	57154563	68946
chr17	57085617	57285617	harbor1	chr17	57154672	57154825	DNA/hAT-Charlie	600	-	76	57154748	69131
chr17	56619858	56819858	harbor1	chr17	56623783	56623996	DNA/hAT-Charlie	1138	-	106	56623889	4031
chr17	56619858	56819858	harbor1	chr17	56662604	56662810	DNA/hAT-Charlie	1065	-	103	56662707	42849
chr17	31089625	31289625	harbor1	chr17	31153166	31153395	DNA/hAT-Charlie	515	-	114	31153280	63655
chr17	48814031	49014031	harbor1	chr17	48898214	48898436	DNA/hAT-Charlie	865	-	111	48898325	84294
chr17	48814031	49014031	harbor1	chr17	48913078	48913229	DNA/hAT-Charlie	973	-	76	48913154	99123
chr17	48814031	49014031	harbor1	chr17	48913717	48913769	DNA/hAT-Charlie	973	-	26	48913743	99712
chr17	59677740	59877740	harbor1	chr17	59695688	59695914	DNA/hAT-Charlie	801	-	113	59695801	18061
chr17	59677740	59877740	harbor1	chr17	59702284	59702546	DNA/hAT-Charlie	1622	-	131	59702415	24675
chr17	59677740	59877740	harbor1	chr17	59752115	59752324	DNA/hAT-Charlie	965	-	104	59752219	74479
chr17	29912854	30112854	harbor1	chr17	29933853	29934732	DNA/hAT-Charlie	2428	-	440	29934293	21439
chr17	29912854	30112854	harbor1	chr17	29974733	29974895	DNA/hAT-Charlie	958	-	81	29974814	61960
chr17	29912854	30112854	harbor1	chr17	29996534	29996697	DNA/hAT-Charlie	479	-	82	29996616	83762
chr17	29912854	30112854	harbor1	chr17	29997474	29997741	DNA/hAT-Charlie	962	-	134	29997608	84754
chr17	59347672	59547672	harbor1	chr17	59367394	59367583	DNA/hAT-Charlie	704	-	94	59367488	19816
chr17	59347672	59547672	harbor1	chr17	59441568	59441912	DNA/hAT-Charlie	808	-	172	59441740	94068
chr17	59347672	59547672	harbor1	chr17	59443192	59443379	DNA/hAT-Charlie	1033	-	94	59443286	95614
chr17	65644230	65844230	harbor1	chr17	65652650	65652813	DNA/hAT-Charlie	742	-	82	65652732	8502
chr17	65644230	65844230	harbor1	chr17	65653189	65653251	DNA/hAT-Charlie	742	-	31	65653220	8990
chr17	65644230	65844230	harbor1	chr17	65691322	65691491	DNA/hAT-Charlie	691	-	84	65691406	47176
chr17	65644230	65844230	harbor1	chr17	65734359	65735470	DNA/hAT-Charlie	5415	-	556	65734915	90685
chr17	65644230	65844230	harbor1	chr17	65735634	65735894	DNA/hAT-Charlie	1106	-	130	65735764	91534
chr17	64615714	64815714	harbor1	chr17	64625631	64625800	DNA/hAT-Charlie	721	-	84	64625715	10001
chr17	64615714	64815714	harbor1	chr17	64645771	64646070	DNA/hAT-Charlie	1301	-	150	64645921	30207
chr17	64615714	64815714	harbor1	chr17	64646357	64646368	DNA/hAT-Charlie	1301	-	6	64646363	30649
chr17	64615714	64815714	harbor1	chr17	64646682	64646810	DNA/hAT-Charlie	1301	-	64	64646746	31032
chr17	64615714	64815714	harbor1	chr17	64673833	64674009	DNA/hAT-Charlie	906	-	88	64673921	58207
chr17	64615714	64815714	harbor1	chr17	64686751	64686951	DNA/hAT-Charlie	1196	-	100	64686851	71137
chr17	34714794	34914794	harbor1	chr17	34727373	34727529	DNA/hAT-Charlie	589	-	78	34727451	12657
chr17	34714794	34914794	harbor1	chr17	34771132	34771876	DNA/hAT-Charlie	3149	-	372	34771504	56710
chr17	34714794	34914794	harbor1	chr17	34777833	34778073	DNA/hAT-Charlie	985	-	120	34777953	63159
chr17	34714794	34914794	harbor1	chr17	34778349	34778430	DNA/hAT-Charlie	985	-	40	34778389	63595
chr17	34714794	34914794	harbor1	chr17	34782767	34783201	DNA/hAT-Charlie	1363	-	217	34782984	68190
chr17	34714794	34914794	harbor1	chr17	34785400	34785595	DNA/hAT-Charlie	753	-	98	34785498	70704
chr17	34714794	34914794	harbor1	chr17	34795433	34795588	DNA/hAT-Charlie	775	-	78	34795511	80717
chr17	62556837	62756837	harbor1	chr17	62592617	62593131	DNA/hAT-Charlie	3591	-	257	62592874	36037
chr17	12561571	12761571	harbor1	chr17	12577896	12578061	DNA/hAT-Charlie	541	-	82	12577978	16407
chr17	12561571	12761571	harbor1	chr17	12583970	12584163	DNA/hAT-Charlie	743	-	96	12584066	22495
chr17	12561571	12761571	harbor1	chr17	12611907	12612050	DNA/hAT-Charlie	593	-	72	12611979	50408
chr17	12561571	12761571	harbor1	chr17	12622382	12622616	DNA/hAT-Charlie	738	-	117	12622499	60928
chr17	12561571	12761571	harbor1	chr17	12622620	12622774	DNA/hAT-Charlie	697	-	77	12622697	61126
chr17	60332500	60532500	harbor1	chr17	60409735	60409954	DNA/hAT-Charlie	1535	-	110	60409845	77345
chr17	16410744	16610744	harbor1	chr17	16461658	16461709	DNA/hAT-Charlie	547	-	26	16461684	50940
chr17	16410744	16610744	harbor1	chr17	16461920	16462092	DNA/hAT-Charlie	547	-	86	16462006	51262
chr17	16410744	16610744	harbor1	chr17	16501281	16501446	DNA/hAT-Charlie	730	-	82	16501363	90619
chr17	64833728	65033728	harbor1	chr17	64843283	64843360	DNA/hAT-Charlie	479	-	38	64843321	9593
chr17	64833728	65033728	harbor1	chr17	64843661	64843797	DNA/hAT-Charlie	479	-	68	64843729	10001
chr17	64833728	65033728	harbor1	chr17	64886411	64886622	DNA/hAT-Charlie	1014	-	106	64886517	52789
chr17	64833728	65033728	harbor1	chr17	64889195	64889380	DNA/hAT-Charlie	710	-	92	64889287	55559
chr17	51463380	51663380	harbor1	chr17	51478024	51478175	DNA/hAT-Charlie	568	-	76	51478100	14720
chr17	51463380	51663380	harbor1	chr17	51518591	51518749	DNA/hAT-Charlie	809	-	79	51518670	55290
chr17	51463380	51663380	harbor1	chr17	51562313	51562808	DNA/hAT-Charlie	3451	-	248	51562561	99181
chr17	2470299	2670299	harbor1	chr17	2537660	2537776	DNA/hAT-Charlie	753	-	58	2537718	67419
chr17	2470299	2670299	harbor1	chr17	2538067	2538134	DNA/hAT-Charlie	753	-	34	2538101	67802
chr17	47565416	47765416	harbor1	chr17	47628890	47628963	DNA/hAT-Charlie	838	-	36	47628926	63510
chr17	47565416	47765416	harbor1	chr17	47629218	47629342	DNA/hAT-Charlie	838	-	62	47629280	63864
chr17	68677269	68877269	harbor1	chr17	68690054	68690226	DNA/hAT-Charlie	1144	-	86	68690140	12871
chr17	68677269	68877269	harbor1	chr17	68697515	68697839	DNA/hAT-Charlie	1493	-	162	68697677	20408
chr17	68677269	68877269	harbor1	chr17	68744059	68744252	DNA/hAT-Charlie	794	-	96	68744155	66886
chr17	80770485	80970485	harbor1	chr17	80807790	80807961	DNA/hAT-Charlie	652	-	86	80807876	37391
chr17	79997673	80197673	harbor1	chr17	80003713	80003768	DNA/hAT-Charlie	526	-	28	80003741	6068
chr17	79997673	80197673	harbor1	chr17	80004074	80004245	DNA/hAT-Charlie	526	-	86	80004160	6487
chr17	79997673	80197673	harbor1	chr17	80006262	80006429	DNA/hAT-Charlie	704	-	84	80006346	8673
chr17	79997673	80197673	harbor1	chr17	80007966	80008098	DNA/hAT-Charlie	483	-	66	80008032	10359
chr17	79997673	80197673	harbor1	chr17	80013773	80013925	DNA/hAT-Charlie	594	-	76	80013849	16176
chr17	79997673	80197673	harbor1	chr17	80017147	80017399	DNA/hAT-Charlie	1366	-	126	80017273	19600
chr17	79997673	80197673	harbor1	chr17	80017711	80017787	DNA/hAT-Charlie	1366	-	38	80017749	20076
chr17	79997673	80197673	harbor1	chr17	80018117	80018271	DNA/hAT-Charlie	876	-	77	80018194	20521
chr17	79997673	80197673	harbor1	chr17	80018582	80018610	DNA/hAT-Charlie	876	-	14	80018596	20923
chr17	79997673	80197673	harbor1	chr17	80018901	80018995	DNA/hAT-Charlie	876	-	47	80018948	21275
chr17	79997673	80197673	harbor1	chr17	80048964	80049112	DNA/hAT-Charlie	533	-	74	80049038	51365
chr17	79997673	80197673	harbor1	chr17	80049429	80049451	DNA/hAT-Charlie	533	-	11	80049440	51767
chr17	79997673	80197673	harbor1	chr17	80085161	80085365	DNA/hAT-Charlie	725	-	102	80085263	87590
chr17	34883363	35083363	harbor1	chr17	34934346	34934544	DNA/hAT-Charlie	874	-	99	34934445	51082
chr17	34883363	35083363	harbor1	chr17	34940664	34941789	DNA/hAT-Charlie	6544	-	562	34941226	57863
chr17	34883363	35083363	harbor1	chr17	34942058	34942439	DNA/hAT-Charlie	6544	-	190	34942248	58885
chr17	34883363	35083363	harbor1	chr17	34964843	34964868	DNA/hAT-Charlie	1014	-	12	34964855	81492
chr17	34883363	35083363	harbor1	chr17	34965168	34965421	DNA/hAT-Charlie	1014	-	126	34965294	81931
chr17	34883363	35083363	harbor1	chr17	34971267	34971426	DNA/hAT-Charlie	702	-	80	34971347	87984
chr17	34883363	35083363	harbor1	chr17	34977203	34977367	DNA/hAT-Charlie	661	-	82	34977285	93922
chr17	34883363	35083363	harbor1	chr17	34979181	34979326	DNA/hAT-Charlie	633	-	72	34979253	95890
chr17	6251440	6451440	harbor1	chr17	6258707	6258851	DNA/hAT-Charlie	1054	-	72	6258779	7339
chr17	6251440	6451440	harbor1	chr17	6259152	6259238	DNA/hAT-Charlie	1054	-	43	6259195	7755
chr17	6251440	6451440	harbor1	chr17	6319240	6319363	DNA/hAT-Charlie	714	-	62	6319302	67862
chr17	6251440	6451440	harbor1	chr17	6335007	6335050	DNA/hAT-Charlie	631	-	22	6335029	83589
chr17	6251440	6451440	harbor1	chr17	6335351	6335472	DNA/hAT-Charlie	631	-	60	6335411	83971
chr17	13117122	13317122	harbor1	chr17	13153817	13155663	DNA/hAT-Charlie	2781	-	923	13154740	37618
chr17	9659677	9859677	harbor1	chr17	9659817	9660062	DNA/hAT-Charlie	521	-	122	9659939	262
chr17	9659677	9859677	harbor1	chr17	9680549	9680734	DNA/hAT-Charlie	1075	-	92	9680641	20964
chr17	9659677	9859677	harbor1	chr17	9713907	9714275	DNA/hAT-Charlie	2000	-	184	9714091	54414
chr17	65572253	65772253	harbor1	chr17	65608280	65608449	DNA/hAT-Charlie	636	-	84	65608364	36111
chr17	65572253	65772253	harbor1	chr17	65652650	65652813	DNA/hAT-Charlie	742	-	82	65652732	80479
chr17	65572253	65772253	harbor1	chr17	65653189	65653251	DNA/hAT-Charlie	742	-	31	65653220	80967
chr18	47071952	47271952	harbor1	chr18	47081261	47081582	DNA/hAT-Charlie	1203	-	160	47081421	9469
chr18	47071952	47271952	harbor1	chr18	47082190	47082407	DNA/hAT-Charlie	1343	-	108	47082298	10346
chr18	47071952	47271952	harbor1	chr18	47114501	47114698	DNA/hAT-Charlie	779	-	98	47114599	42647
chr18	47071952	47271952	harbor1	chr18	47122324	47122530	DNA/hAT-Charlie	996	-	103	47122427	50475
chr18	47071952	47271952	harbor1	chr18	47161639	47162126	DNA/hAT-Charlie	3277	-	244	47161883	89931
chr18	12920129	13120129	harbor1	chr18	12930382	12930495	DNA/hAT-Charlie	444	-	56	12930438	10309
chr18	38869184	39069184	harbor1	chr18	38941625	38941791	DNA/hAT-Charlie	490	-	83	38941708	72524
chr18	26390349	26590349	harbor1	chr18	26423583	26423786	DNA/hAT-Charlie	605	-	102	26423685	33336
chr18	26390349	26590349	harbor1	chr18	26424066	26424125	DNA/hAT-Charlie	605	-	30	26424096	33747
chr18	26390349	26590349	harbor1	chr18	26481733	26481906	DNA/hAT-Charlie	701	-	86	26481819	91470
chr18	66800942	67000942	harbor1	chr18	66800937	66801059	DNA/hAT-Charlie	556	-	61	66800998	56
chr18	66800942	67000942	harbor1	chr18	66816331	66816743	DNA/hAT-Charlie	476	-	206	66816537	15595
chr18	68229855	68429855	harbor1	chr18	68322790	68323012	DNA/hAT-Charlie	899	-	111	68322901	93046
chr18	33053002	33253002	harbor1	chr18	33086760	33086969	DNA/hAT-Charlie	712	-	104	33086864	33862
chr18	78021010	78221010	harbor1	chr18	78023441	78023695	DNA/hAT-Charlie	1991	-	127	78023568	2558
chr18	11266757	11466757	harbor1	chr18	11269835	11269875	DNA/hAT-Charlie	458	-	20	11269855	3098
chr18	11266757	11466757	harbor1	chr18	11270153	11270170	DNA/hAT-Charlie	458	-	8	11270161	3404
chr18	11266757	11466757	harbor1	chr18	11270198	11270318	DNA/hAT-Charlie	458	-	60	11270258	3501
chr18	74230086	74430086	harbor1	chr18	74248826	74249250	DNA/hAT-Charlie	1012	-	212	74249038	18952
chr18	74101275	74301275	harbor1	chr18	74144494	74144679	DNA/hAT-Charlie	433	-	92	74144586	43311
chr18	65962324	66162324	harbor1	chr18	65993699	65993861	DNA/hAT-Charlie	446	-	81	65993780	31456
chr18	65962324	66162324	harbor1	chr18	66039016	66039128	DNA/hAT-Charlie	808	-	56	66039072	76748
chr18	65962324	66162324	harbor1	chr18	66039615	66039695	DNA/hAT-Charlie	808	-	40	66039655	77331
chr18	32445372	32645372	harbor1	chr18	32477911	32478119	DNA/hAT-Charlie	715	-	104	32478015	32643
chr18	32445372	32645372	harbor1	chr18	32481231	32481747	DNA/hAT-Charlie	3624	-	258	32481489	36117
chr18	32445372	32645372	harbor1	chr18	32503183	32503525	DNA/hAT-Charlie	1717	-	171	32503354	57982
chr18	32445372	32645372	harbor1	chr18	32524271	32524381	DNA/hAT-Charlie	525	-	55	32524326	78954
chr18	32445372	32645372	harbor1	chr18	32524474	32524610	DNA/hAT-Charlie	501	-	68	32524542	79170
chr18	32445372	32645372	harbor1	chr18	32527559	32527691	DNA/hAT-Charlie	524	-	66	32527625	82253
chr18	32445372	32645372	harbor1	chr18	32538436	32538574	DNA/hAT-Charlie	515	-	69	32538505	93133
chr18	27839434	28039434	harbor1	chr18	27849733	27849899	DNA/hAT-Charlie	556	-	83	27849816	10382
chr18	5545803	5745803	harbor1	chr18	5596216	5596365	DNA/hAT-Charlie	576	-	74	5596290	50487
chr18	5545803	5745803	harbor1	chr18	5644840	5644882	DNA/hAT-Charlie	530	-	21	5644861	99058
chr18	5545803	5745803	harbor1	chr18	5645240	5645542	DNA/hAT-Charlie	1018	-	151	5645391	99588
chr18	56292364	56492364	harbor1	chr18	56293959	56294081	DNA/hAT-Charlie	671	-	61	56294020	1656
chr18	56292364	56492364	harbor1	chr18	56336667	56336848	DNA/hAT-Charlie	858	-	90	56336757	44393
chr18	56292364	56492364	harbor1	chr18	56348432	56348657	DNA/hAT-Charlie	1003	-	112	56348544	56180
chr18	56292364	56492364	harbor1	chr18	56388850	56389157	DNA/hAT-Charlie	1126	-	154	56389004	96640
chr18	8952490	9152490	harbor1	chr18	8994191	8994213	DNA/hAT-Charlie	785	-	11	8994202	41712
chr18	8952490	9152490	harbor1	chr18	8994624	8994776	DNA/hAT-Charlie	785	-	76	8994700	42210
chr18	39197398	39397398	harbor1	chr18	39241904	39242065	DNA/hAT-Charlie	660	-	80	39241984	44586
chr18	39197398	39397398	harbor1	chr18	39281364	39281582	DNA/hAT-Charlie	1436	-	109	39281473	84075
chr18	8917045	9117045	harbor1	chr18	8932690	8932827	DNA/hAT-Charlie	417	-	68	8932758	15713
chr18	8917045	9117045	harbor1	chr18	8994191	8994213	DNA/hAT-Charlie	785	-	11	8994202	77157
chr18	8917045	9117045	harbor1	chr18	8994624	8994776	DNA/hAT-Charlie	785	-	76	8994700	77655
chr18	67660391	67860391	harbor1	chr18	67671278	67671798	DNA/hAT-Charlie	3402	-	260	67671538	11147
chr18	26296030	26496030	harbor1	chr18	26317421	26317563	DNA/hAT-Charlie	817	-	71	26317492	21462
chr18	26296030	26496030	harbor1	chr18	26317909	26317984	DNA/hAT-Charlie	817	-	38	26317947	21917
chr18	26296030	26496030	harbor1	chr18	26340546	26340739	DNA/hAT-Charlie	819	-	96	26340642	44612
chr18	43264325	43464325	harbor1	chr18	43313591	43313812	DNA/hAT-Charlie	786	-	110	43313701	49376
chr18	43264325	43464325	harbor1	chr18	43349111	43349285	DNA/hAT-Charlie	590	-	87	43349198	84873
chr18	75331863	75531863	harbor1	chr18	75341781	75341920	DNA/hAT-Charlie	571	-	70	75341851	9988
chr18	75331863	75531863	harbor1	chr18	75341977	75342127	DNA/hAT-Charlie	579	-	75	75342052	10189
chr18	75331863	75531863	harbor1	chr18	75355079	75356479	DNA/hAT-Charlie	6104	-	700	75355779	23916
chr18	75331863	75531863	harbor1	chr18	75357898	75358101	DNA/hAT-Charlie	884	-	102	75358000	26137
chr18	75331863	75531863	harbor1	chr18	75376073	75376296	DNA/hAT-Charlie	1032	-	112	75376185	44322
chr18	75331863	75531863	harbor1	chr18	75390391	75390543	DNA/hAT-Charlie	624	-	76	75390467	58604
chr18	75331863	75531863	harbor1	chr18	75421733	75421991	DNA/hAT-Charlie	1061	-	129	75421862	89999
chr18	24111369	24311369	harbor1	chr18	24148182	24148338	DNA/hAT-Charlie	470	-	78	24148260	36891
chr18	24111369	24311369	harbor1	chr18	24165583	24165779	DNA/hAT-Charlie	609	-	98	24165681	54312
chr18	24111369	24311369	harbor1	chr18	24199954	24200171	DNA/hAT-Charlie	922	-	108	24200062	88693
chr18	24111369	24311369	harbor1	chr18	24200181	24200281	DNA/hAT-Charlie	804	-	50	24200231	88862
chr18	24111369	24311369	harbor1	chr18	24200590	24200665	DNA/hAT-Charlie	804	-	38	24200628	89259
chr18	24111369	24311369	harbor1	chr18	24210837	24210958	DNA/hAT-Charlie	1368	-	60	24210897	99528
chr18	42729127	42929127	harbor1	chr18	42787782	42787933	DNA/hAT-Charlie	493	-	76	42787858	58731
chr18	42729127	42929127	harbor1	chr18	42788037	42789329	DNA/hAT-Charlie	4623	-	646	42788683	59556
chr18	42729127	42929127	harbor1	chr18	42805088	42806100	DNA/hAT-Charlie	4463	-	506	42805594	76467
chr18	42729127	42929127	harbor1	chr18	42806131	42806186	DNA/hAT-Charlie	4463	-	28	42806159	77032
chr18	42729127	42929127	harbor1	chr18	42806494	42806728	DNA/hAT-Charlie	4463	-	117	42806611	77484
chr18	42729127	42929127	harbor1	chr18	42816892	42817055	DNA/hAT-Charlie	641	-	82	42816974	87847
chr18	45955407	46155407	harbor1	chr18	45991308	45991618	DNA/hAT-Charlie	1391	-	155	45991463	36056
chr18	45955407	46155407	harbor1	chr18	45994440	45994533	DNA/hAT-Charlie	550	-	46	45994486	39079
chr18	45955407	46155407	harbor1	chr18	45996302	45996489	DNA/hAT-Charlie	1161	-	94	45996396	40989
chr18	22524482	22724482	harbor1	chr18	22574392	22574687	DNA/hAT-Charlie	469	-	148	22574540	50058
chr18	22524482	22724482	harbor1	chr18	22601767	22601941	DNA/hAT-Charlie	658	-	87	22601854	77372
chr18	43090120	43290120	harbor1	chr18	43097115	43097283	DNA/hAT-Charlie	516	-	84	43097199	7079
chr18	43090120	43290120	harbor1	chr18	43150637	43150856	DNA/hAT-Charlie	802	-	110	43150747	60627
chr18	13469288	13669288	harbor1	chr18	13471511	13471612	DNA/hAT-Charlie	502	-	50	13471561	2273
chr18	13469288	13669288	harbor1	chr18	13528802	13528961	DNA/hAT-Charlie	491	-	80	13528882	59594
chr18	13469288	13669288	harbor1	chr18	13537301	13537653	DNA/hAT-Charlie	2370	-	176	13537477	68189
chr18	62706206	62906206	harbor1	chr18	62780577	62780744	DNA/hAT-Charlie	836	-	84	62780661	74455
chr18	62706206	62906206	harbor1	chr18	62795053	62795195	DNA/hAT-Charlie	555	-	71	62795124	88918
chr18	62706206	62906206	harbor1	chr18	62795514	62795607	DNA/hAT-Charlie	555	-	46	62795560	89354
chr18	62706206	62906206	harbor1	chr18	62798071	62798232	DNA/hAT-Charlie	936	-	80	62798151	91945
chr19	13229049	13429049	harbor1	chr19	13250769	13250849	DNA/hAT-Charlie	649	-	40	13250809	21760
chr19	13229049	13429049	harbor1	chr19	13251147	13251201	DNA/hAT-Charlie	649	-	27	13251174	22125
chr19	13229049	13429049	harbor1	chr19	13251509	13251762	DNA/hAT-Charlie	649	-	126	13251635	22586
chr19	13229049	13429049	harbor1	chr19	13281473	13281645	DNA/hAT-Charlie	866	-	86	13281559	52510
chr19	13229049	13429049	harbor1	chr19	13299797	13300133	DNA/hAT-Charlie	2318	-	168	13299965	70916
chr19	13229049	13429049	harbor1	chr19	13305521	13305731	DNA/hAT-Charlie	1180	-	105	13305626	76577
chr19	13229049	13429049	harbor1	chr19	13320796	13321002	DNA/hAT-Charlie	699	-	103	13320899	91850
chr19	47633082	47833082	harbor1	chr19	47663730	47663987	DNA/hAT-Charlie	692	-	128	47663858	30776
chr19	47633082	47833082	harbor1	chr19	47687125	47687373	DNA/hAT-Charlie	1146	-	124	47687249	54167
chr19	4392049	4592049	harbor1	chr19	4394792	4394968	DNA/hAT-Charlie	736	-	88	4394880	2831
chr19	4392049	4592049	harbor1	chr19	4396678	4396880	DNA/hAT-Charlie	840	-	101	4396779	4730
chr19	4392049	4592049	harbor1	chr19	4405633	4405821	DNA/hAT-Charlie	794	-	94	4405727	13678
chr19	4392049	4592049	harbor1	chr19	4406149	4406345	DNA/hAT-Charlie	752	-	98	4406247	14198
chr19	36192082	36392082	harbor1	chr19	36199960	36200030	DNA/hAT-Charlie	792	-	35	36199995	7913
chr19	36192082	36392082	harbor1	chr19	36200326	36200492	DNA/hAT-Charlie	792	-	83	36200409	8327
chr19	4597641	4797641	harbor1	chr19	4694196	4694413	DNA/hAT-Charlie	1063	-	108	4694304	96663
chr19	12073512	12273512	harbor1	chr19	12126371	12126699	DNA/hAT-Charlie	2106	-	164	12126535	53023
chr19	53762314	53962314	harbor1	chr19	53808785	53808967	DNA/hAT-Charlie	929	-	91	53808876	46562
chr19	48798436	48998436	harbor1	chr19	48863886	48864073	DNA/hAT-Charlie	1028	-	94	48863980	65544
chr19	4655641	4855641	harbor1	chr19	4694196	4694413	DNA/hAT-Charlie	1063	-	108	4694304	38663
chr19	4655641	4855641	harbor1	chr19	4706848	4707058	DNA/hAT-Charlie	725	-	105	4706953	51312
chr19	4655641	4855641	harbor1	chr19	4754930	4755118	DNA/hAT-Charlie	654	-	94	4755024	99383
chr19	56525386	56725386	harbor1	chr19	56527952	56528141	DNA/hAT-Charlie	1313	-	94	56528046	2660
chr19	56525386	56725386	harbor1	chr19	56540622	56540794	DNA/hAT-Charlie	740	-	86	56540708	15322
chr19	56525386	56725386	harbor1	chr19	56598565	56598772	DNA/hAT-Charlie	993	-	104	56598669	73283
chr19	33576001	33776001	harbor1	chr19	33575643	33576028	DNA/hAT-Charlie	1947	-	192	33575835	166
chr19	33576001	33776001	harbor1	chr19	33576354	33576460	DNA/hAT-Charlie	1947	-	53	33576407	406
chr19	33576001	33776001	harbor1	chr19	33584082	33584407	DNA/hAT-Charlie	1916	-	162	33584244	8243
chr19	33576001	33776001	harbor1	chr19	33665302	33665516	DNA/hAT-Charlie	859	-	107	33665409	89408
chr19	46550329	46750329	harbor1	chr19	46588521	46588676	DNA/hAT-Charlie	812	-	78	46588599	38270
chr19	37488524	37688524	harbor1	chr19	37500358	37500568	DNA/hAT-Charlie	1121	-	105	37500463	11939
chr19	37488524	37688524	harbor1	chr19	37535364	37535530	DNA/hAT-Charlie	1152	-	83	37535447	46923
chr19	37488524	37688524	harbor1	chr19	37535823	37536144	DNA/hAT-Charlie	1152	-	160	37535983	47459
chr19	37488524	37688524	harbor1	chr19	37536264	37536427	DNA/hAT-Charlie	677	-	82	37536346	47822
chr19	37488524	37688524	harbor1	chr19	37587375	37587832	DNA/hAT-Charlie	1543	-	228	37587603	99079
chr19	29637375	29837375	harbor1	chr19	29672183	29672400	DNA/hAT-Charlie	1031	-	108	29672291	34916
chr19	7986721	8186721	harbor1	chr19	8073547	8073703	DNA/hAT-Charlie	674	-	78	8073625	86904
chr19	7986721	8186721	harbor1	chr19	8073943	8074045	DNA/hAT-Charlie	674	-	51	8073994	87273
chr19	7986721	8186721	harbor1	chr19	8080004	8080199	DNA/hAT-Charlie	699	-	98	8080102	93381
chr19	7986721	8186721	harbor1	chr19	8081604	8081804	DNA/hAT-Charlie	837	-	100	8081704	94983
chr19	10157339	10357339	harbor1	chr19	10163592	10163760	DNA/hAT-Charlie	713	-	84	10163676	6337
chr19	10157339	10357339	harbor1	chr19	10203726	10203948	DNA/hAT-Charlie	1057	-	111	10203837	46498
chr19	48155679	48355679	harbor1	chr19	48155562	48155850	DNA/hAT-Charlie	904	-	144	48155706	27
chr19	48155679	48355679	harbor1	chr19	48164806	48164978	DNA/hAT-Charlie	1263	-	86	48164892	9213
chr19	48155679	48355679	harbor1	chr19	48165271	48165330	DNA/hAT-Charlie	1263	-	30	48165301	9622
chr19	48155679	48355679	harbor1	chr19	48194146	48194320	DNA/hAT-Charlie	850	-	87	48194233	38554
chr19	48155679	48355679	harbor1	chr19	48199024	48199178	DNA/hAT-Charlie	684	-	77	48199101	43422
chr19	48155679	48355679	harbor1	chr19	48216744	48217273	DNA/hAT-Charlie	3879	-	264	48217008	61329
chr19	48155679	48355679	harbor1	chr19	48232583	48232775	DNA/hAT-Charlie	822	-	96	48232679	77000
chr19	43346850	43546850	harbor1	chr19	43422729	43422968	DNA/hAT-Charlie	1058	-	120	43422849	75999
chr19	4083660	4283660	harbor1	chr19	4104832	4105010	DNA/hAT-Charlie	692	-	89	4104921	21261
chr19	39734302	39934302	harbor1	chr19	39792038	39792596	DNA/hAT-Charlie	3582	-	279	39792317	58015
chr19	39734302	39934302	harbor1	chr19	39812873	39813181	DNA/hAT-Charlie	1113	-	154	39813027	78725
chr19	14847645	15047645	harbor1	chr19	14940477	14940541	DNA/hAT-Charlie	796	-	32	14940509	92864
chr19	14847645	15047645	harbor1	chr19	14940846	14940865	DNA/hAT-Charlie	796	-	10	14940856	93211
chr19	14847645	15047645	harbor1	chr19	14941155	14941289	DNA/hAT-Charlie	796	-	67	14941222	93577
chr19	43816361	44016361	harbor1	chr19	43821229	43821424	DNA/hAT-Charlie	944	-	98	43821327	4966
chr19	46673627	46873627	harbor1	chr19	46701727	46701935	DNA/hAT-Charlie	921	-	104	46701831	28204
chr19	21039299	21239299	harbor1	chr19	21137011	21137276	DNA/hAT-Charlie	756	-	132	21137143	97844
chr19	13329899	13529899	harbor1	chr19	13355755	13355981	DNA/hAT-Charlie	968	-	113	13355868	25969
chr19	6593652	6793652	harbor1	chr19	6648154	6648473	DNA/hAT-Charlie	1246	-	160	6648314	54662
chr19	12105134	12305134	harbor1	chr19	12126371	12126699	DNA/hAT-Charlie	2106	-	164	12126535	21401
chr19	53541112	53741112	harbor1	chr19	53634848	53635004	DNA/hAT-Charlie	647	-	78	53634926	93814
chr19	27904266	28104266	harbor1	chr19	27966426	27966598	DNA/hAT-Charlie	661	-	86	27966512	62246
chr19	27904266	28104266	harbor1	chr19	27966764	27967177	DNA/hAT-Charlie	1108	-	206	27966970	62704
chr19	27904266	28104266	harbor1	chr19	27967806	27968284	DNA/hAT-Charlie	1108	-	239	27968045	63779
chr19	17443821	17643821	harbor1	chr19	17492008	17492210	DNA/hAT-Charlie	992	-	101	17492109	48288
chr19	17443821	17643821	harbor1	chr19	17503312	17503463	DNA/hAT-Charlie	889	-	76	17503388	59567
chr19	17443821	17643821	harbor1	chr19	17504088	17504159	DNA/hAT-Charlie	889	-	36	17504124	60303
chr19	17443821	17643821	harbor1	chr19	17533729	17533937	DNA/hAT-Charlie	720	-	104	17533833	90012
chr19	7625760	7825760	harbor1	chr19	7672223	7672731	DNA/hAT-Charlie	3367	-	254	7672477	46717
chr19	7625760	7825760	harbor1	chr19	7721624	7721673	DNA/hAT-Charlie	3361	-	24	7721648	95888
chr19	7625760	7825760	harbor1	chr19	7721978	7722449	DNA/hAT-Charlie	3361	-	236	7722214	96454
chr19	39285635	39485635	harbor1	chr19	39292448	39292629	DNA/hAT-Charlie	687	-	90	39292538	6903
chr19	39285635	39485635	harbor1	chr19	39337209	39337384	DNA/hAT-Charlie	801	-	88	39337297	51662
chr19	45777478	45977478	harbor1	chr19	45870528	45870566	DNA/hAT-Charlie	1871	-	19	45870547	93069
chr19	45777478	45977478	harbor1	chr19	45871099	45871447	DNA/hAT-Charlie	1871	-	174	45871273	93795
chr19	45777478	45977478	harbor1	chr19	45871745	45871835	DNA/hAT-Charlie	1871	-	45	45871790	94312
chr19	20015524	20215524	harbor1	chr19	20021023	20021226	DNA/hAT-Charlie	1351	-	102	20021125	5601
chr19	42524327	42724327	harbor1	chr19	42567648	42567805	DNA/hAT-Charlie	734	-	78	42567726	43399
chr19	28378961	28578961	harbor1	chr19	28456845	28457073	DNA/hAT-Charlie	721	-	114	28456959	77998
chr19	10398989	10598989	harbor1	chr19	10465087	10465223	DNA/hAT-Charlie	906	-	68	10465155	66166
chr19	10398989	10598989	harbor1	chr19	10465520	10465594	DNA/hAT-Charlie	906	-	37	10465557	66568
chr19	39840966	40040966	harbor1	chr19	39907259	39907468	DNA/hAT-Charlie	1013	-	104	39907363	66397
chr19	7585244	7785244	harbor1	chr19	7609525	7610004	DNA/hAT-Charlie	2870	-	240	7609765	24521
chr19	7585244	7785244	harbor1	chr19	7672223	7672731	DNA/hAT-Charlie	3367	-	254	7672477	87233
chr19	56634216	56834216	harbor1	chr19	56665340	56665506	DNA/hAT-Charlie	833	-	83	56665423	31207
chr19	56634216	56834216	harbor1	chr19	56665805	56665882	DNA/hAT-Charlie	833	-	38	56665843	31627
chr19	56634216	56834216	harbor1	chr19	56681551	56681817	DNA/hAT-Charlie	993	-	133	56681684	47468
chr19	56634216	56834216	harbor1	chr19	56692317	56692570	DNA/hAT-Charlie	922	-	126	56692443	58227
chr19	56634216	56834216	harbor1	chr19	56699331	56699653	DNA/hAT-Charlie	867	-	161	56699492	65276
chr19	56634216	56834216	harbor1	chr19	56712358	56712679	DNA/hAT-Charlie	1286	-	160	56712518	78302
chr19	56634216	56834216	harbor1	chr19	56727485	56727794	DNA/hAT-Charlie	1106	-	154	56727639	93423
chr19	4097554	4297554	harbor1	chr19	4104832	4105010	DNA/hAT-Charlie	692	-	89	4104921	7367
chr19	34785756	34985756	harbor1	chr19	34808419	34808621	DNA/hAT-Charlie	1107	-	101	34808520	22764
chr19	7261748	7461748	harbor1	chr19	7274069	7274409	DNA/hAT-Charlie	2209	-	170	7274239	12491
chr19	7261748	7461748	harbor1	chr19	7275458	7275501	DNA/hAT-Charlie	674	-	22	7275480	13732
chr19	7261748	7461748	harbor1	chr19	7275805	7275924	DNA/hAT-Charlie	674	-	60	7275865	14117
chr19	7261748	7461748	harbor1	chr19	7287829	7288038	DNA/hAT-Charlie	849	-	104	7287933	26185
chr19	7261748	7461748	harbor1	chr19	7335712	7335875	DNA/hAT-Charlie	766	-	82	7335794	74046
chr19	1468804	1668804	harbor1	chr19	1477564	1477814	DNA/hAT-Charlie	788	-	125	1477689	8885
chr19	109669	309669	harbor1	chr19	201674	202093	DNA/hAT-Charlie	2447	-	210	201884	92215
chr19	109669	309669	harbor1	chr19	205088	205507	DNA/hAT-Charlie	2493	-	210	205298	95629
chr19	109669	309669	harbor1	chr19	208824	209255	DNA/hAT-Charlie	2989	-	216	209040	99371
chr19	36954576	37154576	harbor1	chr19	36956900	36957209	DNA/hAT-Charlie	944	-	154	36957054	2478
chr19	44666740	44866740	harbor1	chr19	44673433	44673639	DNA/hAT-Charlie	948	-	103	44673536	6796
chr19	28249187	28449187	harbor1	chr19	28290731	28291014	DNA/hAT-Charlie	1149	-	142	28290873	41686
chr19	47807980	48007980	harbor1	chr19	47895710	47895903	DNA/hAT-Charlie	801	-	96	47895806	87826
chr19	36683880	36883880	harbor1	chr19	36740548	36740765	DNA/hAT-Charlie	734	-	108	36740656	56776
chr19	36683880	36883880	harbor1	chr19	36781649	36781919	DNA/hAT-Charlie	1799	-	135	36781784	97904
chr19	36683880	36883880	harbor1	chr19	36782216	36782312	DNA/hAT-Charlie	1799	-	48	36782264	98384
chr19	36683880	36883880	harbor1	chr19	36782618	36782717	DNA/hAT-Charlie	1799	-	50	36782668	98788
chr19	3462762	3662762	harbor1	chr19	3514346	3514555	DNA/hAT-Charlie	671	-	104	3514450	51688
chr19	33240282	33440282	harbor1	chr19	33271521	33271733	DNA/hAT-Charlie	1037	-	106	33271627	31345
chr19	33240282	33440282	harbor1	chr19	33308018	33308249	DNA/hAT-Charlie	649	-	116	33308134	67852
chr19	33240282	33440282	harbor1	chr19	33308551	33308618	DNA/hAT-Charlie	649	-	34	33308585	68303
chr19	33240282	33440282	harbor1	chr19	33309002	33309099	DNA/hAT-Charlie	649	-	48	33309050	68768
chr19	33240282	33440282	harbor1	chr19	33309409	33309491	DNA/hAT-Charlie	649	-	41	33309450	69168
chr19	58290198	58490198	harbor1	chr19	58295692	58296176	DNA/hAT-Charlie	725	-	242	58295934	5736
chr19	7896920	8096920	harbor1	chr19	7949298	7949493	DNA/hAT-Charlie	1049	-	98	7949396	52476
chr19	12219877	12419877	harbor1	chr19	12304947	12305409	DNA/hAT-Charlie	3042	-	231	12305178	85301
chr19	49208529	49408529	harbor1	chr19	49212019	49212563	DNA/hAT-Charlie	1487	-	272	49212291	3762
chr19	5046831	5246831	harbor1	chr19	5105740	5105933	DNA/hAT-Charlie	884	-	96	5105836	59005
chr19	5046831	5246831	harbor1	chr19	5112283	5112351	DNA/hAT-Charlie	669	-	34	5112317	65486
chr19	5046831	5246831	harbor1	chr19	5111710	5111971	DNA/hAT-Charlie	669	-	130	5111840	65009
chr19	48766310	48966310	harbor1	chr19	48863886	48864073	DNA/hAT-Charlie	1028	-	94	48863980	97670
chr19	6610290	6810290	harbor1	chr19	6648154	6648473	DNA/hAT-Charlie	1246	-	160	6648314	38024
chr19	49532281	49732281	harbor1	chr19	49562910	49563169	DNA/hAT-Charlie	687	-	130	49563040	30759
chr19	49532281	49732281	harbor1	chr19	49563469	49563493	DNA/hAT-Charlie	687	-	12	49563481	31200
chr19	49532281	49732281	harbor1	chr19	49563795	49563920	DNA/hAT-Charlie	687	-	62	49563857	31576
chr19	49532281	49732281	harbor1	chr19	49575624	49575849	DNA/hAT-Charlie	983	-	112	49575736	43455
chr19	49532281	49732281	harbor1	chr19	49576147	49576194	DNA/hAT-Charlie	983	-	24	49576171	43890
chr19	15250466	15450466	harbor1	chr19	15286584	15286782	DNA/hAT-Charlie	895	-	99	15286683	36217
chr19	15250466	15450466	harbor1	chr19	15340352	15340448	DNA/hAT-Charlie	966	-	48	15340400	89934
chr19	15250466	15450466	harbor1	chr19	15341357	15341521	DNA/hAT-Charlie	966	-	82	15341439	90973
chr19	15250466	15450466	harbor1	chr19	15341847	15341946	DNA/hAT-Charlie	966	-	50	15341897	91431
chr19	13266505	13466505	harbor1	chr19	13281473	13281645	DNA/hAT-Charlie	866	-	86	13281559	15054
chr19	13266505	13466505	harbor1	chr19	13299797	13300133	DNA/hAT-Charlie	2318	-	168	13299965	33460
chr19	13266505	13466505	harbor1	chr19	13305521	13305731	DNA/hAT-Charlie	1180	-	105	13305626	39121
chr19	13266505	13466505	harbor1	chr19	13320796	13321002	DNA/hAT-Charlie	699	-	103	13320899	54394
chr19	13266505	13466505	harbor1	chr19	13355755	13355981	DNA/hAT-Charlie	968	-	113	13355868	89363
chr19	6447517	6647517	harbor1	chr19	6524326	6524553	DNA/hAT-Charlie	752	-	114	6524440	76923
chr19	31597309	31797309	harbor1	chr19	31627441	31627637	DNA/hAT-Charlie	660	-	98	31627539	30230
chr19	43705683	43905683	harbor1	chr19	43746247	43746449	DNA/hAT-Charlie	811	-	101	43746348	40665
chr19	43705683	43905683	harbor1	chr19	43773443	43773612	DNA/hAT-Charlie	815	-	84	43773527	67844
chr19	14367157	14567157	harbor1	chr19	14423255	14423587	DNA/hAT-Charlie	1941	-	166	14423421	56264
chr19	14367157	14567157	harbor1	chr19	14437016	14437225	DNA/hAT-Charlie	774	-	104	14437120	69963
chr19	14367157	14567157	harbor1	chr19	14465039	14465303	DNA/hAT-Charlie	881	-	132	14465171	98014
chr19	53221612	53421612	harbor1	chr19	53247284	53247508	DNA/hAT-Charlie	1546	-	112	53247396	25784
chr19	53221612	53421612	harbor1	chr19	53294280	53294374	DNA/hAT-Charlie	741	-	47	53294327	72715
chr19	44798684	44998684	harbor1	chr19	44831378	44831565	DNA/hAT-Charlie	807	-	94	44831472	32788
chr19	34470481	34670481	harbor1	chr19	34547968	34548183	DNA/hAT-Charlie	1087	-	108	34548076	77595
chr19	14123185	14323185	harbor1	chr19	14142837	14143034	DNA/hAT-Charlie	819	-	98	14142935	19750
chr19	14123185	14323185	harbor1	chr19	14219279	14219466	DNA/hAT-Charlie	771	-	94	14219373	96188
chr19	11106905	11306905	harbor1	chr19	11108863	11109100	DNA/hAT-Charlie	897	-	118	11108981	2076
chr19	8410181	8610181	harbor1	chr19	8443421	8443638	DNA/hAT-Charlie	1677	-	108	8443529	33348
chr19	8410181	8610181	harbor1	chr19	8444388	8444606	DNA/hAT-Charlie	1656	-	109	8444497	34316
chr19	57996467	58196467	harbor1	chr19	58070598	58070680	DNA/hAT-Charlie	810	-	41	58070639	74172
chr19	57996467	58196467	harbor1	chr19	58070965	58071087	DNA/hAT-Charlie	810	-	61	58071026	74559
chr19	57996467	58196467	harbor1	chr19	58071392	58071470	DNA/hAT-Charlie	810	-	39	58071431	74964
chr19	57077720	57277720	harbor1	chr19	57103693	57103921	DNA/hAT-Charlie	870	-	114	57103807	26087
chr19	57077720	57277720	harbor1	chr19	57116975	57117192	DNA/hAT-Charlie	906	-	108	57117083	39363
chr19	57077720	57277720	harbor1	chr19	57164049	57164239	DNA/hAT-Charlie	1301	-	95	57164144	86424
chr19	57077720	57277720	harbor1	chr19	57164595	57165110	DNA/hAT-Charlie	1521	-	258	57164853	87133
chr19	57077720	57277720	harbor1	chr19	57163745	57163932	DNA/hAT-Charlie	1301	-	94	57163839	86119
chr19	43351328	43551328	harbor1	chr19	43422729	43422968	DNA/hAT-Charlie	1058	-	120	43422849	71521
chr19	30467300	30667300	harbor1	chr19	30554597	30554811	DNA/hAT-Charlie	729	-	107	30554704	87404
chr19	46374763	46574763	harbor1	chr19	46402642	46402837	DNA/hAT-Charlie	767	-	98	46402740	27977
chr19	46374763	46574763	harbor1	chr19	46424604	46425299	DNA/hAT-Charlie	1352	-	348	46424952	50189
chr19	46374763	46574763	harbor1	chr19	46445684	46445820	DNA/hAT-Charlie	1692	-	68	46445752	70989
chr19	46374763	46574763	harbor1	chr19	46446131	46446234	DNA/hAT-Charlie	1692	-	52	46446183	71420
chr19	46374763	46574763	harbor1	chr19	46466436	46466986	DNA/hAT-Charlie	1064	-	275	46466711	91948
chr19	37610805	37810805	harbor1	chr19	37620448	37620668	DNA/hAT-Charlie	1479	-	110	37620558	9753
chr19	37610805	37810805	harbor1	chr19	37632514	37632804	DNA/hAT-Charlie	701	-	145	37632659	21854
chr19	37610805	37810805	harbor1	chr19	37648532	37648715	DNA/hAT-Charlie	1158	-	92	37648624	37819
chr19	37610805	37810805	harbor1	chr19	37679858	37680380	DNA/hAT-Charlie	3956	-	261	37680119	69314
chr19	13005413	13205413	harbor1	chr19	13034906	13035121	DNA/hAT-Charlie	1011	-	108	13035014	29601
chr19	13005413	13205413	harbor1	chr19	13076046	13076214	DNA/hAT-Charlie	871	-	84	13076130	70717
chr19	13005413	13205413	harbor1	chr19	13082235	13082450	DNA/hAT-Charlie	874	-	108	13082343	76930
chr19	13005413	13205413	harbor1	chr19	13083933	13084090	DNA/hAT-Charlie	750	-	78	13084011	78598
chr19	13005413	13205413	harbor1	chr19	13086534	13086702	DNA/hAT-Charlie	649	-	84	13086618	81205
chr19	13005413	13205413	harbor1	chr19	13093062	13093240	DNA/hAT-Charlie	857	-	89	13093151	87738
chr19	13825237	14025237	harbor1	chr19	13856815	13856887	DNA/hAT-Charlie	657	-	36	13856851	31614
chr19	13825237	14025237	harbor1	chr19	13857804	13857967	DNA/hAT-Charlie	657	-	82	13857886	32649
chr19	13825237	14025237	harbor1	chr19	13903235	13903390	DNA/hAT-Charlie	926	-	78	13903313	78076
chr19	13825237	14025237	harbor1	chr19	13903692	13903759	DNA/hAT-Charlie	926	-	34	13903726	78489
chr19	37537304	37737304	harbor1	chr19	37587375	37587832	DNA/hAT-Charlie	1543	-	228	37587603	50299
chr19	37537304	37737304	harbor1	chr19	37592309	37592561	DNA/hAT-Charlie	1080	-	126	37592435	55131
chr19	37537304	37737304	harbor1	chr19	37597728	37597944	DNA/hAT-Charlie	976	-	108	37597836	60532
chr19	37537304	37737304	harbor1	chr19	37620448	37620668	DNA/hAT-Charlie	1479	-	110	37620558	83254
chr19	37537304	37737304	harbor1	chr19	37632514	37632804	DNA/hAT-Charlie	701	-	145	37632659	95355
chr19	5113409	5313409	harbor1	chr19	5173161	5173485	DNA/hAT-Charlie	737	-	162	5173323	59914
chr19	5113409	5313409	harbor1	chr19	5174108	5174197	DNA/hAT-Charlie	737	-	44	5174152	60743
chr19	17253104	17453104	harbor1	chr19	17290358	17290533	DNA/hAT-Charlie	766	-	88	17290446	37342
chr19	17253104	17453104	harbor1	chr19	17293497	17293662	DNA/hAT-Charlie	875	-	82	17293579	40475
chr19	35559150	35759150	harbor1	chr19	35656994	35657516	DNA/hAT-Charlie	3609	-	261	35657255	98105
chr19	18410111	18610111	harbor1	chr19	18471907	18471956	DNA/hAT-Charlie	1811	-	24	18471931	61820
chr19	18410111	18610111	harbor1	chr19	18472263	18472555	DNA/hAT-Charlie	1811	-	146	18472409	62298
chr19	18410111	18610111	harbor1	chr19	18508662	18508868	DNA/hAT-Charlie	780	-	103	18508765	98654
chr19	5019441	5219441	harbor1	chr19	5037627	5037833	DNA/hAT-Charlie	832	-	103	5037730	18289
chr19	5019441	5219441	harbor1	chr19	5105740	5105933	DNA/hAT-Charlie	884	-	96	5105836	86395
chr19	5019441	5219441	harbor1	chr19	5112283	5112351	DNA/hAT-Charlie	669	-	34	5112317	92876
chr19	5019441	5219441	harbor1	chr19	5111710	5111971	DNA/hAT-Charlie	669	-	130	5111840	92399
chr19	13606051	13806051	harbor1	chr19	13666238	13666490	DNA/hAT-Charlie	1891	-	126	13666364	60313
chr19	13606051	13806051	harbor1	chr19	13670912	13671135	DNA/hAT-Charlie	1041	-	112	13671024	64973
chr19	13606051	13806051	harbor1	chr19	13691916	13692831	DNA/hAT-Charlie	2504	-	458	13692374	86323
chr19	36433990	36633990	harbor1	chr19	36450946	36451193	DNA/hAT-Charlie	807	-	124	36451070	17080
chr19	5660976	5860976	harbor1	chr19	5716303	5716486	DNA/hAT-Charlie	771	-	92	5716395	55419
chr19	43368148	43568148	harbor1	chr19	43422729	43422968	DNA/hAT-Charlie	1058	-	120	43422849	54701
chr19	40887495	41087495	harbor1	chr19	40898806	40899100	DNA/hAT-Charlie	921	-	147	40898953	11458
chr19	40887495	41087495	harbor1	chr19	40935733	40935927	DNA/hAT-Charlie	1557	-	97	40935830	48335
chr19	34018656	34218656	harbor1	chr19	34046004	34046222	DNA/hAT-Charlie	1417	-	109	34046113	27457
chr19	44787958	44987958	harbor1	chr19	44831378	44831565	DNA/hAT-Charlie	807	-	94	44831472	43514
chr19	17524278	17724278	harbor1	chr19	17533729	17533937	DNA/hAT-Charlie	720	-	104	17533833	9555
chr19	17524278	17724278	harbor1	chr19	17591069	17591215	DNA/hAT-Charlie	721	-	73	17591142	66864
chr19	5110706	5310706	harbor1	chr19	5112283	5112351	DNA/hAT-Charlie	669	-	34	5112317	1611
chr19	5110706	5310706	harbor1	chr19	5173161	5173485	DNA/hAT-Charlie	737	-	162	5173323	62617
chr19	5110706	5310706	harbor1	chr19	5174108	5174197	DNA/hAT-Charlie	737	-	44	5174152	63446
chr19	5110706	5310706	harbor1	chr19	5111710	5111971	DNA/hAT-Charlie	669	-	130	5111840	1134
chr19	9698874	9898874	harbor1	chr19	9762672	9762844	DNA/hAT-Charlie	1044	-	86	9762758	63884
chr19	9698874	9898874	harbor1	chr19	9796600	9796793	DNA/hAT-Charlie	1397	-	96	9796696	97822
chr19	7288126	7488126	harbor1	chr19	7335712	7335875	DNA/hAT-Charlie	766	-	82	7335794	47668
chr19	7288126	7488126	harbor1	chr19	7373178	7373463	DNA/hAT-Charlie	2152	-	142	7373320	85194
chr19	7288126	7488126	harbor1	chr19	7373774	7373852	DNA/hAT-Charlie	2152	-	39	7373813	85687
chr19	7288126	7488126	harbor1	chr19	7374063	7374257	DNA/hAT-Charlie	1253	-	97	7374160	86034
chr19	7288126	7488126	harbor1	chr19	7384145	7384363	DNA/hAT-Charlie	1218	-	109	7384254	96128
chr19	14378182	14578182	harbor1	chr19	14423255	14423587	DNA/hAT-Charlie	1941	-	166	14423421	45239
chr19	14378182	14578182	harbor1	chr19	14437016	14437225	DNA/hAT-Charlie	774	-	104	14437120	58938
chr19	14378182	14578182	harbor1	chr19	14465039	14465303	DNA/hAT-Charlie	881	-	132	14465171	86989
chr19	43688101	43888101	harbor1	chr19	43746247	43746449	DNA/hAT-Charlie	811	-	101	43746348	58247
chr19	43688101	43888101	harbor1	chr19	43773443	43773612	DNA/hAT-Charlie	815	-	84	43773527	85426
chr19	30668622	30868622	harbor1	chr19	30740252	30740467	DNA/hAT-Charlie	741	-	108	30740360	71738
chr19	34537840	34737840	harbor1	chr19	34547968	34548183	DNA/hAT-Charlie	1087	-	108	34548076	10236
chr19	34537840	34737840	harbor1	chr19	34582502	34582724	DNA/hAT-Charlie	1456	-	111	34582613	44773
chr19	16284182	16484182	harbor1	chr19	16313161	16313248	DNA/hAT-Charlie	840	-	44	16313205	29023
chr19	16284182	16484182	harbor1	chr19	16313534	16313702	DNA/hAT-Charlie	840	-	84	16313618	29436
chr19	284357	484357	harbor1	chr19	352738	353011	DNA/hAT-Charlie	1007	-	136	352874	68517
chr19	12353663	12553663	harbor1	chr19	12369994	12370505	DNA/hAT-Charlie	3392	-	256	12370250	16587
chr19	12353663	12553663	harbor1	chr19	12409060	12409393	DNA/hAT-Charlie	2104	-	166	12409226	55563
chr19	34969181	35169181	harbor1	chr19	34973560	34973603	DNA/hAT-Charlie	783	-	22	34973582	4401
chr19	34969181	35169181	harbor1	chr19	34973935	34974068	DNA/hAT-Charlie	783	-	66	34974001	4820
chr19	34969181	35169181	harbor1	chr19	35026793	35026967	DNA/hAT-Charlie	932	-	87	35026880	57699
chr19	34969181	35169181	harbor1	chr19	35027265	35027288	DNA/hAT-Charlie	932	-	12	35027277	58096
chr19	39450055	39650055	harbor1	chr19	39453858	39454271	DNA/hAT-Charlie	1305	-	206	39454064	4009
chr19	39450055	39650055	harbor1	chr19	39484461	39484663	DNA/hAT-Charlie	830	-	101	39484562	34507
chr19	919167	1119167	harbor1	chr19	940198	940382	DNA/hAT-Charlie	1041	-	92	940290	21123
chr19	35327531	35527531	harbor1	chr19	35364095	35364437	DNA/hAT-Charlie	2140	-	171	35364266	36735
chr19	49704599	49904599	harbor1	chr19	49779518	49779606	DNA/hAT-Charlie	775	-	44	49779562	74963
chr19	49704599	49904599	harbor1	chr19	49779718	49779872	DNA/hAT-Charlie	775	-	77	49779795	75196
chr19	16466261	16666261	harbor1	chr19	16488845	16489174	DNA/hAT-Charlie	1511	-	164	16489009	22748
chr19	16466261	16666261	harbor1	chr19	16543677	16543693	DNA/hAT-Charlie	825	-	8	16543685	77424
chr19	16466261	16666261	harbor1	chr19	16544001	16544096	DNA/hAT-Charlie	825	-	48	16544049	77788
chr19	16466261	16666261	harbor1	chr19	16544862	16545013	DNA/hAT-Charlie	825	-	76	16544938	78677
chr19	2037006	2237006	harbor1	chr19	2089364	2089561	DNA/hAT-Charlie	644	-	98	2089462	52456
chr19	28061962	28261962	harbor1	chr19	28132252	28132452	DNA/hAT-Charlie	729	-	100	28132352	70390
chr19	44924567	45124567	harbor1	chr19	44956902	44957126	DNA/hAT-Charlie	1396	-	112	44957014	32447
chr19	44924567	45124567	harbor1	chr19	44980580	44980670	DNA/hAT-Charlie	649	-	45	44980625	56058
chr19	44924567	45124567	harbor1	chr19	44981615	44981628	DNA/hAT-Charlie	649	-	6	44981621	57054
chr19	44924567	45124567	harbor1	chr19	44981934	44982066	DNA/hAT-Charlie	649	-	66	44982000	57433
chr19	44924567	45124567	harbor1	chr19	44982361	44982485	DNA/hAT-Charlie	649	-	62	44982423	57856
chr19	44924567	45124567	harbor1	chr19	45015928	45015986	DNA/hAT-Charlie	890	-	29	45015957	91390
chr19	44924567	45124567	harbor1	chr19	45016285	45016618	DNA/hAT-Charlie	890	-	166	45016451	91884
chr19	41830227	42030227	harbor1	chr19	41852396	41852714	DNA/hAT-Charlie	1196	-	159	41852555	22328
chr19	57094178	57294178	harbor1	chr19	57103693	57103921	DNA/hAT-Charlie	870	-	114	57103807	9629
chr19	57094178	57294178	harbor1	chr19	57116975	57117192	DNA/hAT-Charlie	906	-	108	57117083	22905
chr19	57094178	57294178	harbor1	chr19	57164049	57164239	DNA/hAT-Charlie	1301	-	95	57164144	69966
chr19	57094178	57294178	harbor1	chr19	57164595	57165110	DNA/hAT-Charlie	1521	-	258	57164853	70675
chr19	57094178	57294178	harbor1	chr19	57163745	57163932	DNA/hAT-Charlie	1301	-	94	57163839	69661
chr19	34407120	34607120	harbor1	chr19	34420845	34421172	DNA/hAT-Charlie	2132	-	164	34421009	13889
chr19	4638639	4838639	harbor1	chr19	4694196	4694413	DNA/hAT-Charlie	1063	-	108	4694304	55665
chr19	4638639	4838639	harbor1	chr19	4706848	4707058	DNA/hAT-Charlie	725	-	105	4706953	68314
chr19	48348209	48548209	harbor1	chr19	48366724	48366871	DNA/hAT-Charlie	939	-	74	48366798	18589
chr19	48348209	48548209	harbor1	chr19	48367447	48367502	DNA/hAT-Charlie	939	-	28	48367475	19266
chr19	48348209	48548209	harbor1	chr19	48377737	48377822	DNA/hAT-Charlie	1423	-	42	48377779	29570
chr19	48348209	48548209	harbor1	chr19	48378112	48378334	DNA/hAT-Charlie	1423	-	111	48378223	30014
chr19	48348209	48548209	harbor1	chr19	48420098	48420146	DNA/hAT-Charlie	660	-	24	48420122	71913
chr19	48348209	48548209	harbor1	chr19	48420442	48420543	DNA/hAT-Charlie	660	-	50	48420492	72283
chr19	48348209	48548209	harbor1	chr19	48420842	48420990	DNA/hAT-Charlie	660	-	74	48420916	72707
chr19	48348209	48548209	harbor1	chr19	48424255	48424265	DNA/hAT-Charlie	762	-	5	48424260	76051
chr19	48348209	48548209	harbor1	chr19	48424569	48424794	DNA/hAT-Charlie	762	-	112	48424681	76472
chr19	48306766	48506766	harbor1	chr19	48366724	48366871	DNA/hAT-Charlie	939	-	74	48366798	60032
chr19	48306766	48506766	harbor1	chr19	48367447	48367502	DNA/hAT-Charlie	939	-	28	48367475	60709
chr19	48306766	48506766	harbor1	chr19	48377737	48377822	DNA/hAT-Charlie	1423	-	42	48377779	71013
chr19	48306766	48506766	harbor1	chr19	48378112	48378334	DNA/hAT-Charlie	1423	-	111	48378223	71457
chr19	3211739	3411739	harbor1	chr19	3259943	3260108	DNA/hAT-Charlie	710	-	82	3260025	48286
chr19	8218226	8418226	harbor1	chr19	8286078	8286177	DNA/hAT-Charlie	685	-	50	8286128	67902
chr19	8218226	8418226	harbor1	chr19	8300927	8301026	DNA/hAT-Charlie	685	-	50	8300977	82751
chr19	34260815	34460815	harbor1	chr19	34270822	34270994	DNA/hAT-Charlie	857	-	86	34270908	10093
chr19	34260815	34460815	harbor1	chr19	34351750	34351818	DNA/hAT-Charlie	659	-	34	34351784	90969
chr19	34260815	34460815	harbor1	chr19	34352101	34352119	DNA/hAT-Charlie	659	-	9	34352110	91295
chr19	34260815	34460815	harbor1	chr19	34352417	34352520	DNA/hAT-Charlie	659	-	52	34352469	91654
chr19	51448746	51648746	harbor1	chr19	51485729	51485960	DNA/hAT-Charlie	841	-	116	51485845	37099
chr19	31793585	31993585	harbor1	chr19	31805557	31805764	DNA/hAT-Charlie	796	-	104	31805661	12076
chr19	41614482	41814482	harbor1	chr19	41702079	41702266	DNA/hAT-Charlie	761	-	94	41702173	87691
chr19	28103113	28303113	harbor1	chr19	28132252	28132452	DNA/hAT-Charlie	729	-	100	28132352	29239
chr19	51429608	51629608	harbor1	chr19	51485729	51485960	DNA/hAT-Charlie	841	-	116	51485845	56237
chr19	40409267	40609267	harbor1	chr19	40482478	40482675	DNA/hAT-Charlie	664	-	98	40482576	73309
chr19	7419033	7619033	harbor1	chr19	7510280	7510467	DNA/hAT-Charlie	755	-	94	7510374	91341
chr19	39928904	40128904	harbor1	chr19	39961936	39962289	DNA/hAT-Charlie	1709	-	176	39962112	33208
chr19	39928904	40128904	harbor1	chr19	39990961	39991287	DNA/hAT-Charlie	2148	-	163	39991124	62220
chr19	39928904	40128904	harbor1	chr19	40000757	40001283	DNA/hAT-Charlie	3651	-	263	40001020	72116
chr19	39928904	40128904	harbor1	chr19	40016540	40016744	DNA/hAT-Charlie	735	-	102	40016642	87738
chr19	40471769	40671769	harbor1	chr19	40482478	40482675	DNA/hAT-Charlie	664	-	98	40482576	10807
chr19	40471769	40671769	harbor1	chr19	40518944	40519197	DNA/hAT-Charlie	982	-	126	40519070	47301
chr19	40471769	40671769	harbor1	chr19	40521223	40521722	DNA/hAT-Charlie	3175	-	250	40521473	49704
chr19	40471769	40671769	harbor1	chr19	40537310	40537558	DNA/hAT-Charlie	1172	-	124	40537434	65665
chr19	40471769	40671769	harbor1	chr19	40563407	40563593	DNA/hAT-Charlie	651	-	93	40563500	91731
chr19	40471769	40671769	harbor1	chr19	40564338	40564503	DNA/hAT-Charlie	680	-	82	40564420	92651
chr19	12353459	12553459	harbor1	chr19	12369994	12370505	DNA/hAT-Charlie	3392	-	256	12370250	16791
chr19	12353459	12553459	harbor1	chr19	12409060	12409393	DNA/hAT-Charlie	2104	-	166	12409226	55767
chr19	12262919	12462919	harbor1	chr19	12304947	12305409	DNA/hAT-Charlie	3042	-	231	12305178	42259
chr19	12262919	12462919	harbor1	chr19	12335452	12335641	DNA/hAT-Charlie	1167	-	94	12335546	72627
chr19	46681120	46881120	harbor1	chr19	46701727	46701935	DNA/hAT-Charlie	921	-	104	46701831	20711
chr19	36405428	36605428	harbor1	chr19	36450946	36451193	DNA/hAT-Charlie	807	-	124	36451070	45642
chr19	17339965	17539965	harbor1	chr19	17421510	17421659	DNA/hAT-Charlie	690	-	74	17421584	81619
chr19	17339965	17539965	harbor1	chr19	17421961	17422008	DNA/hAT-Charlie	690	-	24	17421985	82020
chr19	40021517	40221517	harbor1	chr19	40052168	40052343	DNA/hAT-Charlie	727	-	88	40052256	30739
chr19	40021517	40221517	harbor1	chr19	40087238	40087411	DNA/hAT-Charlie	686	-	86	40087324	65807
chr19	14354986	14554986	harbor1	chr19	14423255	14423587	DNA/hAT-Charlie	1941	-	166	14423421	68435
chr19	14354986	14554986	harbor1	chr19	14437016	14437225	DNA/hAT-Charlie	774	-	104	14437120	82134
chr19	49506855	49706855	harbor1	chr19	49562910	49563169	DNA/hAT-Charlie	687	-	130	49563040	56185
chr19	49506855	49706855	harbor1	chr19	49563469	49563493	DNA/hAT-Charlie	687	-	12	49563481	56626
chr19	49506855	49706855	harbor1	chr19	49563795	49563920	DNA/hAT-Charlie	687	-	62	49563857	57002
chr19	49506855	49706855	harbor1	chr19	49575624	49575849	DNA/hAT-Charlie	983	-	112	49575736	68881
chr19	49506855	49706855	harbor1	chr19	49576147	49576194	DNA/hAT-Charlie	983	-	24	49576171	69316
chr19	49763573	49963573	harbor1	chr19	49779518	49779606	DNA/hAT-Charlie	775	-	44	49779562	15989
chr19	49763573	49963573	harbor1	chr19	49779718	49779872	DNA/hAT-Charlie	775	-	77	49779795	16222
chr19	49763573	49963573	harbor1	chr19	49823784	49824003	DNA/hAT-Charlie	1108	-	110	49823894	60321
chr19	16594924	16794924	harbor1	chr19	16641129	16641296	DNA/hAT-Charlie	830	-	84	16641213	46289
chr19	16594924	16794924	harbor1	chr19	16641880	16641953	DNA/hAT-Charlie	830	-	36	16641916	46992
chr19	16594924	16794924	harbor1	chr19	16672321	16672446	DNA/hAT-Charlie	821	-	62	16672383	77459
chr19	16594924	16794924	harbor1	chr19	16680830	16681043	DNA/hAT-Charlie	1112	-	106	16680936	86012
chr19	16594924	16794924	harbor1	chr19	16681651	16681807	DNA/hAT-Charlie	749	-	78	16681729	86805
chr19	7459237	7659237	harbor1	chr19	7510280	7510467	DNA/hAT-Charlie	755	-	94	7510374	51137
chr19	7459237	7659237	harbor1	chr19	7539030	7539196	DNA/hAT-Charlie	828	-	83	7539113	79876
chr19	7459237	7659237	harbor1	chr19	7539781	7539820	DNA/hAT-Charlie	828	-	20	7539801	80564
chr19	7459237	7659237	harbor1	chr19	7547982	7548064	DNA/hAT-Charlie	1533	-	41	7548023	88786
chr19	7459237	7659237	harbor1	chr19	7548364	7548521	DNA/hAT-Charlie	1533	-	78	7548442	89205
chr19	7480458	7680458	harbor1	chr19	7510280	7510467	DNA/hAT-Charlie	755	-	94	7510374	29916
chr19	7480458	7680458	harbor1	chr19	7539030	7539196	DNA/hAT-Charlie	828	-	83	7539113	58655
chr19	7480458	7680458	harbor1	chr19	7539781	7539820	DNA/hAT-Charlie	828	-	20	7539801	59343
chr19	7480458	7680458	harbor1	chr19	7547982	7548064	DNA/hAT-Charlie	1533	-	41	7548023	67565
chr19	7480458	7680458	harbor1	chr19	7548364	7548521	DNA/hAT-Charlie	1533	-	78	7548442	67984
chr19	34610698	34810698	harbor1	chr19	34681455	34681792	DNA/hAT-Charlie	2042	-	168	34681623	70925
chr19	55315201	55515201	harbor1	chr19	55350180	55350379	DNA/hAT-Charlie	699	-	100	55350280	35079
chr19	55315201	55515201	harbor1	chr19	55381007	55381137	DNA/hAT-Charlie	654	-	65	55381072	65871
chr19	55315201	55515201	harbor1	chr19	55381444	55381517	DNA/hAT-Charlie	654	-	36	55381480	66279
chr19	55315201	55515201	harbor1	chr19	55403001	55403204	DNA/hAT-Charlie	775	-	102	55403103	87902
chr19	32092140	32292140	harbor1	chr19	32112080	32112269	DNA/hAT-Charlie	775	-	94	32112174	20034
chr19	32092140	32292140	harbor1	chr19	32135050	32135387	DNA/hAT-Charlie	2014	-	168	32135218	43078
chr19	32092140	32292140	harbor1	chr19	32160209	32160410	DNA/hAT-Charlie	764	-	100	32160309	68169
chr19	49907208	50107208	harbor1	chr19	49927316	49927499	DNA/hAT-Charlie	915	-	92	49927408	20200
chr19	18425801	18625801	harbor1	chr19	18471907	18471956	DNA/hAT-Charlie	1811	-	24	18471931	46130
chr19	18425801	18625801	harbor1	chr19	18472263	18472555	DNA/hAT-Charlie	1811	-	146	18472409	46608
chr19	18425801	18625801	harbor1	chr19	18508662	18508868	DNA/hAT-Charlie	780	-	103	18508765	82964
chr19	49093004	49293004	harbor1	chr19	49147744	49147894	DNA/hAT-Charlie	655	-	75	49147819	54815
chr19	49093004	49293004	harbor1	chr19	49165173	49165519	DNA/hAT-Charlie	755	-	173	49165346	72342
chr19	30323778	30523778	harbor1	chr19	30334731	30335059	DNA/hAT-Charlie	2147	-	164	30334895	11117
chr19	44308673	44508673	harbor1	chr19	44345865	44346036	DNA/hAT-Charlie	648	-	86	44345951	37278
chr19	44308673	44508673	harbor1	chr19	44375894	44376691	DNA/hAT-Charlie	3483	-	398	44376292	67619
chr19	44308673	44508673	harbor1	chr19	44376982	44377067	DNA/hAT-Charlie	3483	-	42	44377024	68351
chr19	44308673	44508673	harbor1	chr19	44398868	44399143	DNA/hAT-Charlie	751	-	138	44399006	90333
chr19	15151115	15351115	harbor1	chr19	15164580	15164718	DNA/hAT-Charlie	647	-	69	15164649	13534
chr19	15151115	15351115	harbor1	chr19	15217419	15217521	DNA/hAT-Charlie	3238	-	51	15217470	66355
chr19	15151115	15351115	harbor1	chr19	15217824	15217835	DNA/hAT-Charlie	3238	-	6	15217830	66715
chr19	15151115	15351115	harbor1	chr19	15218455	15218861	DNA/hAT-Charlie	3238	-	203	15218658	67543
chr19	24149632	24349632	harbor1	chr19	24173723	24174219	DNA/hAT-Charlie	2914	-	248	24173971	24339
chr19	48042049	48242049	harbor1	chr19	48059329	48059380	DNA/hAT-Charlie	724	-	26	48059355	17306
chr19	48042049	48242049	harbor1	chr19	48060239	48060401	DNA/hAT-Charlie	724	-	81	48060320	18271
chr19	48042049	48242049	harbor1	chr19	48126268	48126323	DNA/hAT-Charlie	999	-	28	48126296	84247
chr19	48042049	48242049	harbor1	chr19	48126624	48126746	DNA/hAT-Charlie	999	-	61	48126685	84636
chr19	48042049	48242049	harbor1	chr19	48126877	48127150	DNA/hAT-Charlie	999	-	136	48127013	84964
chr19	47087876	47287876	harbor1	chr19	47105231	47105318	DNA/hAT-Charlie	731	-	44	47105275	17399
chr19	47087876	47287876	harbor1	chr19	47105624	47105690	DNA/hAT-Charlie	731	-	33	47105657	17781
chr19	47087876	47287876	harbor1	chr19	47161943	47162141	DNA/hAT-Charlie	967	-	99	47162042	74166
chr19	47087876	47287876	harbor1	chr19	47173536	47173736	DNA/hAT-Charlie	909	-	100	47173636	85760
chr19	36137360	36337360	harbor1	chr19	36191021	36191209	DNA/hAT-Charlie	835	-	94	36191115	53755
chr19	36137360	36337360	harbor1	chr19	36199960	36200030	DNA/hAT-Charlie	792	-	35	36199995	62635
chr19	36137360	36337360	harbor1	chr19	36200326	36200492	DNA/hAT-Charlie	792	-	83	36200409	63049
chr19	4160444	4360444	harbor1	chr19	4221789	4221991	DNA/hAT-Charlie	715	-	101	4221890	61446
chr19	365534	565534	harbor1	chr19	452752	452897	DNA/hAT-Charlie	660	-	72	452824	87290
chr19	16396516	16596516	harbor1	chr19	16429848	16430044	DNA/hAT-Charlie	893	-	98	16429946	33430
chr19	16396516	16596516	harbor1	chr19	16464665	16464729	DNA/hAT-Charlie	1251	-	32	16464697	68181
chr19	16396516	16596516	harbor1	chr19	16464773	16464805	DNA/hAT-Charlie	1251	-	16	16464789	68273
chr19	16396516	16596516	harbor1	chr19	16465095	16465198	DNA/hAT-Charlie	1251	-	52	16465147	68631
chr19	16396516	16596516	harbor1	chr19	16488845	16489174	DNA/hAT-Charlie	1511	-	164	16489009	92493
chr19	32319604	32519604	harbor1	chr19	32402828	32402994	DNA/hAT-Charlie	776	-	83	32402911	83307
chr19	56547418	56747418	harbor1	chr19	56598565	56598772	DNA/hAT-Charlie	993	-	104	56598669	51251
chr19	1408901	1608901	harbor1	chr19	1477564	1477814	DNA/hAT-Charlie	788	-	125	1477689	68788
chr19	34655958	34855958	harbor1	chr19	34681455	34681792	DNA/hAT-Charlie	2042	-	168	34681623	25665
chr19	34655958	34855958	harbor1	chr19	34737666	34738017	DNA/hAT-Charlie	1926	-	176	34737842	81884
chr19	17909603	18109603	harbor1	chr19	17991752	17991954	DNA/hAT-Charlie	829	-	101	17991853	82250
chr19	441549	641549	harbor1	chr19	452752	452897	DNA/hAT-Charlie	660	-	72	452824	11275
chr19	441549	641549	harbor1	chr19	481733	481770	DNA/hAT-Charlie	1115	-	18	481751	40202
chr19	441549	641549	harbor1	chr19	482076	482335	DNA/hAT-Charlie	1115	-	130	482206	40657
chr19	441549	641549	harbor1	chr19	515009	515205	DNA/hAT-Charlie	746	-	98	515107	73558
chr19	16515608	16715608	harbor1	chr19	16543677	16543693	DNA/hAT-Charlie	825	-	8	16543685	28077
chr19	16515608	16715608	harbor1	chr19	16544001	16544096	DNA/hAT-Charlie	825	-	48	16544049	28441
chr19	16515608	16715608	harbor1	chr19	16544862	16545013	DNA/hAT-Charlie	825	-	76	16544938	29330
chr19	6486027	6686027	harbor1	chr19	6524326	6524553	DNA/hAT-Charlie	752	-	114	6524440	38413
chr19	47702616	47902616	harbor1	chr19	47733776	47733926	DNA/hAT-Charlie	661	-	75	47733851	31235
chr19	41375986	41575986	harbor1	chr19	41441267	41441613	DNA/hAT-Charlie	2439	-	173	41441440	65454
chr19	16230796	16430796	harbor1	chr19	16281452	16281658	DNA/hAT-Charlie	823	-	103	16281555	50759
chr19	16230796	16430796	harbor1	chr19	16313161	16313248	DNA/hAT-Charlie	840	-	44	16313205	82409
chr19	16230796	16430796	harbor1	chr19	16313534	16313702	DNA/hAT-Charlie	840	-	84	16313618	82822
chr19	23918914	24118914	harbor1	chr19	23969436	23969936	DNA/hAT-Charlie	2831	-	250	23969686	50772
chr19	6284748	6484748	harbor1	chr19	6345299	6345562	DNA/hAT-Charlie	1600	-	132	6345431	60683
chr19	49709102	49909102	harbor1	chr19	49779518	49779606	DNA/hAT-Charlie	775	-	44	49779562	70460
chr19	49709102	49909102	harbor1	chr19	49779718	49779872	DNA/hAT-Charlie	775	-	77	49779795	70693
chr19	35249149	35449149	harbor1	chr19	35256292	35256631	DNA/hAT-Charlie	733	-	170	35256462	7313
chr19	35249149	35449149	harbor1	chr19	35260840	35260996	DNA/hAT-Charlie	643	-	78	35260918	11769
chr19	35249149	35449149	harbor1	chr19	35286754	35286876	DNA/hAT-Charlie	650	-	61	35286815	37666
chr19	344672	544672	harbor1	chr19	352738	353011	DNA/hAT-Charlie	1007	-	136	352874	8202
chr19	2380446	2580446	harbor1	chr19	2399638	2399705	DNA/hAT-Charlie	923	-	34	2399672	19226
chr19	2380446	2580446	harbor1	chr19	2400027	2400209	DNA/hAT-Charlie	923	-	91	2400118	19672
chr19	2380446	2580446	harbor1	chr19	2439399	2439590	DNA/hAT-Charlie	663	-	96	2439495	59049
chr19	2380446	2580446	harbor1	chr19	2459576	2459725	DNA/hAT-Charlie	936	-	74	2459650	79204
chr19	2380446	2580446	harbor1	chr19	2460038	2460126	DNA/hAT-Charlie	936	-	44	2460082	79636
chr19	2064480	2264480	harbor1	chr19	2089364	2089561	DNA/hAT-Charlie	644	-	98	2089462	24982
chr19	2064480	2264480	harbor1	chr19	2160758	2160964	DNA/hAT-Charlie	744	-	103	2160861	96381
chr19	4215651	4415651	harbor1	chr19	4221789	4221991	DNA/hAT-Charlie	715	-	101	4221890	6239
chr19	21704537	21904537	harbor1	chr19	21767988	21768268	DNA/hAT-Charlie	712	-	140	21768128	63591
chr19	14466793	14666793	harbor1	chr19	14548497	14548577	DNA/hAT-Charlie	851	-	40	14548537	81744
chr19	14466793	14666793	harbor1	chr19	14548875	14549155	DNA/hAT-Charlie	851	-	140	14549015	82222
chr19	38155672	38355672	harbor1	chr19	38165664	38165762	DNA/hAT-Charlie	655	-	49	38165713	10041
chr19	38155672	38355672	harbor1	chr19	38166062	38166132	DNA/hAT-Charlie	655	-	35	38166097	10425
chr19	56679064	56879064	harbor1	chr19	56681551	56681817	DNA/hAT-Charlie	993	-	133	56681684	2620
chr19	56679064	56879064	harbor1	chr19	56692317	56692570	DNA/hAT-Charlie	922	-	126	56692443	13379
chr19	56679064	56879064	harbor1	chr19	56699331	56699653	DNA/hAT-Charlie	867	-	161	56699492	20428
chr19	56679064	56879064	harbor1	chr19	56712358	56712679	DNA/hAT-Charlie	1286	-	160	56712518	33454
chr19	56679064	56879064	harbor1	chr19	56727485	56727794	DNA/hAT-Charlie	1106	-	154	56727639	48575
chr19	56679064	56879064	harbor1	chr19	56735645	56735856	DNA/hAT-Charlie	647	-	106	56735751	56687
chr19	56679064	56879064	harbor1	chr19	56740348	56740678	DNA/hAT-Charlie	1340	-	165	56740513	61449
chr19	56679064	56879064	harbor1	chr19	56747005	56747223	DNA/hAT-Charlie	668	-	109	56747114	68050
chr19	56679064	56879064	harbor1	chr19	56750969	56751234	DNA/hAT-Charlie	920	-	132	56751101	72037
chr19	56679064	56879064	harbor1	chr19	56758229	56758433	DNA/hAT-Charlie	679	-	102	56758331	79267
chr19	40953641	41153641	harbor1	chr19	41003640	41003829	DNA/hAT-Charlie	1553	-	94	41003734	50093
chr19	47035657	47235657	harbor1	chr19	47044554	47044733	DNA/hAT-Charlie	740	-	90	47044644	8987
chr19	47035657	47235657	harbor1	chr19	47105231	47105318	DNA/hAT-Charlie	731	-	44	47105275	69618
chr19	47035657	47235657	harbor1	chr19	47105624	47105690	DNA/hAT-Charlie	731	-	33	47105657	70000
chr19	42555159	42755159	harbor1	chr19	42567648	42567805	DNA/hAT-Charlie	734	-	78	42567726	12567
chr19	40354755	40554755	harbor1	chr19	40374021	40374210	DNA/hAT-Charlie	1048	-	94	40374115	19360
chr19	44398740	44598740	harbor1	chr19	44398868	44399143	DNA/hAT-Charlie	751	-	138	44399006	266
chr19	44398740	44598740	harbor1	chr19	44443451	44443904	DNA/hAT-Charlie	1223	-	226	44443677	44937
chr19	44398740	44598740	harbor1	chr19	44479762	44479956	DNA/hAT-Charlie	1012	-	97	44479859	81119
chr19	41544529	41744529	harbor1	chr19	41570996	41571188	DNA/hAT-Charlie	729	-	96	41571092	26563
chr19	17028593	17228593	harbor1	chr19	17030282	17030785	DNA/hAT-Charlie	3174	-	252	17030534	1941
chr19	17028593	17228593	harbor1	chr19	17061592	17061804	DNA/hAT-Charlie	980	-	106	17061698	33105
chr19	17028593	17228593	harbor1	chr19	17078998	17079135	DNA/hAT-Charlie	649	-	68	17079066	50473
chr19	17028593	17228593	harbor1	chr19	17083357	17083566	DNA/hAT-Charlie	897	-	104	17083461	54868
chr19	17028593	17228593	harbor1	chr19	17097790	17097983	DNA/hAT-Charlie	927	-	96	17097886	69293
chr19	17028593	17228593	harbor1	chr19	17108364	17108531	DNA/hAT-Charlie	872	-	84	17108448	79855
chr19	17028593	17228593	harbor1	chr19	17113949	17114158	DNA/hAT-Charlie	858	-	104	17114053	85460
chr19	42533792	42733792	harbor1	chr19	42567648	42567805	DNA/hAT-Charlie	734	-	78	42567726	33934
chr19	28255490	28455490	harbor1	chr19	28290731	28291014	DNA/hAT-Charlie	1149	-	142	28290873	35383
chr19	5861347	6061347	harbor1	chr19	5865575	5865777	DNA/hAT-Charlie	892	-	101	5865676	4329
chr19	2410912	2610912	harbor1	chr19	2439399	2439590	DNA/hAT-Charlie	663	-	96	2439495	28583
chr19	2410912	2610912	harbor1	chr19	2459576	2459725	DNA/hAT-Charlie	936	-	74	2459650	48738
chr19	2410912	2610912	harbor1	chr19	2460038	2460126	DNA/hAT-Charlie	936	-	44	2460082	49170
chr19	13853161	14053161	harbor1	chr19	13856815	13856887	DNA/hAT-Charlie	657	-	36	13856851	3690
chr19	13853161	14053161	harbor1	chr19	13857804	13857967	DNA/hAT-Charlie	657	-	82	13857886	4725
chr19	13853161	14053161	harbor1	chr19	13903235	13903390	DNA/hAT-Charlie	926	-	78	13903313	50152
chr19	13853161	14053161	harbor1	chr19	13903692	13903759	DNA/hAT-Charlie	926	-	34	13903726	50565
chr19	14392892	14592892	harbor1	chr19	14423255	14423587	DNA/hAT-Charlie	1941	-	166	14423421	30529
chr19	14392892	14592892	harbor1	chr19	14437016	14437225	DNA/hAT-Charlie	774	-	104	14437120	44228
chr19	14392892	14592892	harbor1	chr19	14465039	14465303	DNA/hAT-Charlie	881	-	132	14465171	72279
chr19	5064780	5264780	harbor1	chr19	5105740	5105933	DNA/hAT-Charlie	884	-	96	5105836	41056
chr19	5064780	5264780	harbor1	chr19	5112283	5112351	DNA/hAT-Charlie	669	-	34	5112317	47537
chr19	5064780	5264780	harbor1	chr19	5111710	5111971	DNA/hAT-Charlie	669	-	130	5111840	47060
chr19	34177687	34377687	harbor1	chr19	34230655	34231125	DNA/hAT-Charlie	2759	-	235	34230890	53203
chr19	34177687	34377687	harbor1	chr19	34270822	34270994	DNA/hAT-Charlie	857	-	86	34270908	93221
chr19	46326583	46526583	harbor1	chr19	46402642	46402837	DNA/hAT-Charlie	767	-	98	46402740	76157
chr19	46326583	46526583	harbor1	chr19	46424604	46425299	DNA/hAT-Charlie	1352	-	348	46424952	98369
chr19	40976993	41176993	harbor1	chr19	41003640	41003829	DNA/hAT-Charlie	1553	-	94	41003734	26741
chr19	7619759	7819759	harbor1	chr19	7672223	7672731	DNA/hAT-Charlie	3367	-	254	7672477	52718
chr19	3238206	3438206	harbor1	chr19	3259943	3260108	DNA/hAT-Charlie	710	-	82	3260025	21819
chr19	3238206	3438206	harbor1	chr19	3328788	3328973	DNA/hAT-Charlie	933	-	92	3328880	90674
chr19	3238206	3438206	harbor1	chr19	3330415	3330451	DNA/hAT-Charlie	933	-	18	3330433	92227
chr19	40536226	40736226	harbor1	chr19	40537310	40537558	DNA/hAT-Charlie	1172	-	124	40537434	1208
chr19	40536226	40736226	harbor1	chr19	40563407	40563593	DNA/hAT-Charlie	651	-	93	40563500	27274
chr19	40536226	40736226	harbor1	chr19	40564338	40564503	DNA/hAT-Charlie	680	-	82	40564420	28194
chr19	53162859	53362859	harbor1	chr19	53247284	53247508	DNA/hAT-Charlie	1546	-	112	53247396	84537
chr19	58184454	58384454	harbor1	chr19	58195652	58195968	DNA/hAT-Charlie	2067	-	158	58195810	11356
chr19	58184454	58384454	harbor1	chr19	58273728	58273789	DNA/hAT-Charlie	1280	-	30	58273758	89304
chr19	58184454	58384454	harbor1	chr19	58274093	58274210	DNA/hAT-Charlie	1280	-	58	58274151	89697
chr19	58184454	58384454	harbor1	chr19	58274645	58274862	DNA/hAT-Charlie	1280	-	108	58274753	90299
chr19	4398546	4598546	harbor1	chr19	4405633	4405821	DNA/hAT-Charlie	794	-	94	4405727	7181
chr19	4398546	4598546	harbor1	chr19	4406149	4406345	DNA/hAT-Charlie	752	-	98	4406247	7701
chr19	39593137	39793137	harbor1	chr19	39675076	39675230	DNA/hAT-Charlie	845	-	77	39675153	82016
chr19	44910146	45110146	harbor1	chr19	44956902	44957126	DNA/hAT-Charlie	1396	-	112	44957014	46868
chr19	44910146	45110146	harbor1	chr19	44980580	44980670	DNA/hAT-Charlie	649	-	45	44980625	70479
chr19	44910146	45110146	harbor1	chr19	44981615	44981628	DNA/hAT-Charlie	649	-	6	44981621	71475
chr19	44910146	45110146	harbor1	chr19	44981934	44982066	DNA/hAT-Charlie	649	-	66	44982000	71854
chr19	44910146	45110146	harbor1	chr19	44982361	44982485	DNA/hAT-Charlie	649	-	62	44982423	72277
chr19	50130530	50330530	harbor1	chr19	50170599	50170781	DNA/hAT-Charlie	774	-	91	50170690	40160
chr19	50130530	50330530	harbor1	chr19	50175273	50175378	DNA/hAT-Charlie	852	-	52	50175325	44795
chr19	50130530	50330530	harbor1	chr19	50175695	50175810	DNA/hAT-Charlie	852	-	58	50175753	45223
chr19	50130530	50330530	harbor1	chr19	50178333	50178536	DNA/hAT-Charlie	892	-	102	50178435	47905
chr19	50130530	50330530	harbor1	chr19	50184308	50184518	DNA/hAT-Charlie	1054	-	105	50184413	53883
chr19	50130530	50330530	harbor1	chr19	50191310	50191532	DNA/hAT-Charlie	1048	-	111	50191421	60891
chr19	50130530	50330530	harbor1	chr19	50208598	50208835	DNA/hAT-Charlie	1023	-	118	50208716	78186
chr19	50130530	50330530	harbor1	chr19	50221968	50222194	DNA/hAT-Charlie	1022	-	113	50222081	91551
chr19	44980412	45180412	harbor1	chr19	44980580	44980670	DNA/hAT-Charlie	649	-	45	44980625	213
chr19	44980412	45180412	harbor1	chr19	44981615	44981628	DNA/hAT-Charlie	649	-	6	44981621	1209
chr19	44980412	45180412	harbor1	chr19	44981934	44982066	DNA/hAT-Charlie	649	-	66	44982000	1588
chr19	44980412	45180412	harbor1	chr19	44982361	44982485	DNA/hAT-Charlie	649	-	62	44982423	2011
chr19	44980412	45180412	harbor1	chr19	45015928	45015986	DNA/hAT-Charlie	890	-	29	45015957	35545
chr19	44980412	45180412	harbor1	chr19	45016285	45016618	DNA/hAT-Charlie	890	-	166	45016451	36039
chr19	15210499	15410499	harbor1	chr19	15217419	15217521	DNA/hAT-Charlie	3238	-	51	15217470	6971
chr19	15210499	15410499	harbor1	chr19	15217824	15217835	DNA/hAT-Charlie	3238	-	6	15217830	7331
chr19	15210499	15410499	harbor1	chr19	15218455	15218861	DNA/hAT-Charlie	3238	-	203	15218658	8159
chr19	15210499	15410499	harbor1	chr19	15286584	15286782	DNA/hAT-Charlie	895	-	99	15286683	76184
chr19	49119655	49319655	harbor1	chr19	49147744	49147894	DNA/hAT-Charlie	655	-	75	49147819	28164
chr19	49119655	49319655	harbor1	chr19	49165173	49165519	DNA/hAT-Charlie	755	-	173	49165346	45691
chr19	49119655	49319655	harbor1	chr19	49212019	49212563	DNA/hAT-Charlie	1487	-	272	49212291	92636
chr19	12706380	12906380	harbor1	chr19	12733412	12733630	DNA/hAT-Charlie	1163	-	109	12733521	27141
chr19	18418725	18618725	harbor1	chr19	18471907	18471956	DNA/hAT-Charlie	1811	-	24	18471931	53206
chr19	18418725	18618725	harbor1	chr19	18472263	18472555	DNA/hAT-Charlie	1811	-	146	18472409	53684
chr19	18418725	18618725	harbor1	chr19	18508662	18508868	DNA/hAT-Charlie	780	-	103	18508765	90040
chr19	8218496	8418496	harbor1	chr19	8286078	8286177	DNA/hAT-Charlie	685	-	50	8286128	67632
chr19	8218496	8418496	harbor1	chr19	8300927	8301026	DNA/hAT-Charlie	685	-	50	8300977	82481
chr19	29868245	30068245	harbor1	chr19	29953166	29953376	DNA/hAT-Charlie	890	-	105	29953271	85026
chr19	56659796	56859796	harbor1	chr19	56665340	56665506	DNA/hAT-Charlie	833	-	83	56665423	5627
chr19	56659796	56859796	harbor1	chr19	56665805	56665882	DNA/hAT-Charlie	833	-	38	56665843	6047
chr19	56659796	56859796	harbor1	chr19	56681551	56681817	DNA/hAT-Charlie	993	-	133	56681684	21888
chr19	56659796	56859796	harbor1	chr19	56692317	56692570	DNA/hAT-Charlie	922	-	126	56692443	32647
chr19	56659796	56859796	harbor1	chr19	56699331	56699653	DNA/hAT-Charlie	867	-	161	56699492	39696
chr19	56659796	56859796	harbor1	chr19	56712358	56712679	DNA/hAT-Charlie	1286	-	160	56712518	52722
chr19	56659796	56859796	harbor1	chr19	56727485	56727794	DNA/hAT-Charlie	1106	-	154	56727639	67843
chr19	56659796	56859796	harbor1	chr19	56735645	56735856	DNA/hAT-Charlie	647	-	106	56735751	75955
chr19	56659796	56859796	harbor1	chr19	56740348	56740678	DNA/hAT-Charlie	1340	-	165	56740513	80717
chr19	56659796	56859796	harbor1	chr19	56747005	56747223	DNA/hAT-Charlie	668	-	109	56747114	87318
chr19	56659796	56859796	harbor1	chr19	56750969	56751234	DNA/hAT-Charlie	920	-	132	56751101	91305
chr19	56659796	56859796	harbor1	chr19	56758229	56758433	DNA/hAT-Charlie	679	-	102	56758331	98535
chr19	7339670	7539670	harbor1	chr19	7373178	7373463	DNA/hAT-Charlie	2152	-	142	7373320	33650
chr19	7339670	7539670	harbor1	chr19	7373774	7373852	DNA/hAT-Charlie	2152	-	39	7373813	34143
chr19	7339670	7539670	harbor1	chr19	7374063	7374257	DNA/hAT-Charlie	1253	-	97	7374160	34490
chr19	7339670	7539670	harbor1	chr19	7384145	7384363	DNA/hAT-Charlie	1218	-	109	7384254	44584
chr19	7339670	7539670	harbor1	chr19	7407686	7407722	DNA/hAT-Charlie	906	-	18	7407704	68034
chr19	7339670	7539670	harbor1	chr19	7408293	7408465	DNA/hAT-Charlie	906	-	86	7408379	68709
chr19	7339670	7539670	harbor1	chr19	7414049	7414270	DNA/hAT-Charlie	1011	-	110	7414159	74489
chr19	29969100	30169100	harbor1	chr19	30007149	30007309	DNA/hAT-Charlie	724	-	80	30007229	38129
chr19	1132122	1332122	harbor1	chr19	1185662	1185860	DNA/hAT-Charlie	664	-	99	1185761	53639
chr19	5712177	5912177	harbor1	chr19	5716303	5716486	DNA/hAT-Charlie	771	-	92	5716395	4218
chr19	36253362	36453362	harbor1	chr19	36316150	36316319	DNA/hAT-Charlie	718	-	84	36316234	62872
chr19	36253362	36453362	harbor1	chr19	36323545	36323713	DNA/hAT-Charlie	659	-	84	36323629	70267
chr19	36253362	36453362	harbor1	chr19	36324196	36324415	DNA/hAT-Charlie	659	-	110	36324306	70944
chr19	17009202	17209202	harbor1	chr19	17017490	17017709	DNA/hAT-Charlie	903	-	110	17017600	8398
chr19	17009202	17209202	harbor1	chr19	17025475	17025696	DNA/hAT-Charlie	772	-	110	17025585	16383
chr19	17009202	17209202	harbor1	chr19	17030282	17030785	DNA/hAT-Charlie	3174	-	252	17030534	21332
chr19	17009202	17209202	harbor1	chr19	17061592	17061804	DNA/hAT-Charlie	980	-	106	17061698	52496
chr19	17009202	17209202	harbor1	chr19	17078998	17079135	DNA/hAT-Charlie	649	-	68	17079066	69864
chr19	17009202	17209202	harbor1	chr19	17083357	17083566	DNA/hAT-Charlie	897	-	104	17083461	74259
chr19	17009202	17209202	harbor1	chr19	17097790	17097983	DNA/hAT-Charlie	927	-	96	17097886	88684
chr19	17009202	17209202	harbor1	chr19	17108364	17108531	DNA/hAT-Charlie	872	-	84	17108448	99246
chr19	41967650	42167650	harbor1	chr19	42043092	42043316	DNA/hAT-Charlie	680	-	112	42043204	75554
chr19	30699281	30899281	harbor1	chr19	30740252	30740467	DNA/hAT-Charlie	741	-	108	30740360	41079
chr19	17493701	17693701	harbor1	chr19	17503312	17503463	DNA/hAT-Charlie	889	-	76	17503388	9687
chr19	17493701	17693701	harbor1	chr19	17504088	17504159	DNA/hAT-Charlie	889	-	36	17504124	10423
chr19	17493701	17693701	harbor1	chr19	17533729	17533937	DNA/hAT-Charlie	720	-	104	17533833	40132
chr19	17493701	17693701	harbor1	chr19	17591069	17591215	DNA/hAT-Charlie	721	-	73	17591142	97441
chr19	40969345	41169345	harbor1	chr19	41003640	41003829	DNA/hAT-Charlie	1553	-	94	41003734	34389
chr19	53618145	53818145	harbor1	chr19	53634848	53635004	DNA/hAT-Charlie	647	-	78	53634926	16781
chr19	2341299	2541299	harbor1	chr19	2399638	2399705	DNA/hAT-Charlie	923	-	34	2399672	58373
chr19	2341299	2541299	harbor1	chr19	2400027	2400209	DNA/hAT-Charlie	923	-	91	2400118	58819
chr19	2341299	2541299	harbor1	chr19	2439399	2439590	DNA/hAT-Charlie	663	-	96	2439495	98196
chr19	15745880	15945880	harbor1	chr19	15800363	15800575	DNA/hAT-Charlie	684	-	106	15800469	54589
chr19	15745880	15945880	harbor1	chr19	15811351	15811564	DNA/hAT-Charlie	1026	-	106	15811457	65577
chr19	15745880	15945880	harbor1	chr19	15814053	15814250	DNA/hAT-Charlie	657	-	98	15814151	68271
chr19	15745880	15945880	harbor1	chr19	15820356	15820858	DNA/hAT-Charlie	2974	-	251	15820607	74727
chr19	504314	704314	harbor1	chr19	515009	515205	DNA/hAT-Charlie	746	-	98	515107	10793
chr19	43584962	43784962	harbor1	chr19	43653131	43653294	DNA/hAT-Charlie	756	-	82	43653213	68251
chr19	56430803	56630803	harbor1	chr19	56527952	56528141	DNA/hAT-Charlie	1313	-	94	56528046	97243
chr19	53921967	54121967	harbor1	chr19	53938456	53938648	DNA/hAT-Charlie	834	-	96	53938552	16585
chr19	53921967	54121967	harbor1	chr19	53939854	53940004	DNA/hAT-Charlie	667	-	75	53939929	17962
chr19	53921967	54121967	harbor1	chr19	53966998	53967217	DNA/hAT-Charlie	1068	-	110	53967108	45141
chr19	53921967	54121967	harbor1	chr19	53967386	53967554	DNA/hAT-Charlie	1024	-	84	53967470	45503
chr19	53921967	54121967	harbor1	chr19	53967842	53967974	DNA/hAT-Charlie	1024	-	66	53967908	45941
chr19	53921967	54121967	harbor1	chr19	53970966	53971009	DNA/hAT-Charlie	790	-	22	53970988	49021
chr19	53921967	54121967	harbor1	chr19	53971316	53971556	DNA/hAT-Charlie	790	-	120	53971436	49469
chr19	39184071	39384071	harbor1	chr19	39243119	39243351	DNA/hAT-Charlie	849	-	116	39243235	59164
chr19	39184071	39384071	harbor1	chr19	39272315	39272680	DNA/hAT-Charlie	1221	-	182	39272497	88426
chr19	56704905	56904905	harbor1	chr19	56712358	56712679	DNA/hAT-Charlie	1286	-	160	56712518	7613
chr19	56704905	56904905	harbor1	chr19	56727485	56727794	DNA/hAT-Charlie	1106	-	154	56727639	22734
chr19	56704905	56904905	harbor1	chr19	56735645	56735856	DNA/hAT-Charlie	647	-	106	56735751	30846
chr19	56704905	56904905	harbor1	chr19	56740348	56740678	DNA/hAT-Charlie	1340	-	165	56740513	35608
chr19	56704905	56904905	harbor1	chr19	56747005	56747223	DNA/hAT-Charlie	668	-	109	56747114	42209
chr19	56704905	56904905	harbor1	chr19	56750969	56751234	DNA/hAT-Charlie	920	-	132	56751101	46196
chr19	56704905	56904905	harbor1	chr19	56758229	56758433	DNA/hAT-Charlie	679	-	102	56758331	53426
chr19	56704905	56904905	harbor1	chr19	56780141	56780233	DNA/hAT-Charlie	1317	-	46	56780187	75282
chr19	56704905	56904905	harbor1	chr19	56780544	56780927	DNA/hAT-Charlie	1317	-	192	56780736	75831
chr19	84081	284081	harbor1	chr19	88504	88703	DNA/hAT-Charlie	923	-	100	88604	4523
chr19	30702719	30902719	harbor1	chr19	30740252	30740467	DNA/hAT-Charlie	741	-	108	30740360	37641
chr19	43776277	43976277	harbor1	chr19	43821229	43821424	DNA/hAT-Charlie	944	-	98	43821327	45050
chr19	42047509	42247509	harbor1	chr19	42107384	42107730	DNA/hAT-Charlie	1434	-	173	42107557	60048
chr19	35446792	35646792	harbor1	chr19	35472699	35472854	DNA/hAT-Charlie	729	-	78	35472777	25985
chr19	35446792	35646792	harbor1	chr19	35483134	35483295	DNA/hAT-Charlie	700	-	80	35483214	36422
chr19	35446792	35646792	harbor1	chr19	35484684	35484867	DNA/hAT-Charlie	1068	-	92	35484776	37984
chr19	44766134	44966134	harbor1	chr19	44831378	44831565	DNA/hAT-Charlie	807	-	94	44831472	65338
chr19	43032942	43232942	harbor1	chr19	43118808	43118983	DNA/hAT-Charlie	720	-	88	43118896	85954
chr19	7025051	7225051	harbor1	chr19	7071286	7071492	DNA/hAT-Charlie	922	-	103	7071389	46338
chr19	37737411	37937411	harbor1	chr19	37801847	37802362	DNA/hAT-Charlie	3618	-	258	37802105	64694
chr19	55409140	55609140	harbor1	chr19	55443556	55443760	DNA/hAT-Charlie	791	-	102	55443658	34518
chr19	55409140	55609140	harbor1	chr19	55479559	55479778	DNA/hAT-Charlie	1062	-	110	55479669	70529
chr19	40038073	40238073	harbor1	chr19	40052168	40052343	DNA/hAT-Charlie	727	-	88	40052256	14183
chr19	40038073	40238073	harbor1	chr19	40087238	40087411	DNA/hAT-Charlie	686	-	86	40087324	49251
chr20	61370575	61570575	harbor1	chr20	61394586	61394841	DNA/hAT-Charlie	484	-	128	61394714	24139
chr20	61370575	61570575	harbor1	chr20	61395797	61396018	DNA/hAT-Charlie	526	-	110	61395907	25332
chr20	61370575	61570575	harbor1	chr20	61437901	61438106	DNA/hAT-Charlie	478	-	102	61438003	67428
chr20	61370575	61570575	harbor1	chr20	61442846	61443071	DNA/hAT-Charlie	659	-	112	61442958	72383
chr20	61370575	61570575	harbor1	chr20	61455166	61455585	DNA/hAT-Charlie	680	-	210	61455376	84801
chr20	17757330	17957330	harbor1	chr20	17791618	17791771	DNA/hAT-Charlie	710	-	76	17791694	34364
chr20	17757330	17957330	harbor1	chr20	17795044	17795261	DNA/hAT-Charlie	1153	-	108	17795152	37822
chr20	17757330	17957330	harbor1	chr20	17807406	17807748	DNA/hAT-Charlie	1090	-	171	17807577	50247
chr20	17757330	17957330	harbor1	chr20	17809204	17809381	DNA/hAT-Charlie	629	-	88	17809292	51962
chr20	17757330	17957330	harbor1	chr20	17814856	17815034	DNA/hAT-Charlie	757	-	89	17814945	57615
chr20	17757330	17957330	harbor1	chr20	17837077	17837370	DNA/hAT-Charlie	553	-	146	17837223	79893
chr20	44779652	44979652	harbor1	chr20	44784893	44785051	DNA/hAT-Charlie	984	-	79	44784972	5320
chr20	44779652	44979652	harbor1	chr20	44788206	44788383	DNA/hAT-Charlie	957	-	88	44788294	8642
chr20	44779652	44979652	harbor1	chr20	44823658	44823986	DNA/hAT-Charlie	783	-	164	44823822	44170
chr20	44779652	44979652	harbor1	chr20	44827038	44827255	DNA/hAT-Charlie	511	-	108	44827146	47494
chr20	44779652	44979652	harbor1	chr20	44845776	44845895	DNA/hAT-Charlie	549	-	60	44845836	66184
chr20	44779652	44979652	harbor1	chr20	44847768	44848213	DNA/hAT-Charlie	1693	-	222	44847990	68338
chr20	44779652	44979652	harbor1	chr20	44849000	44849073	DNA/hAT-Charlie	855	-	36	44849036	69384
chr20	44779652	44979652	harbor1	chr20	44849358	44849506	DNA/hAT-Charlie	855	-	74	44849432	69780
chr20	44779652	44979652	harbor1	chr20	44849517	44849705	DNA/hAT-Charlie	737	-	94	44849611	69959
chr20	30361425	30561425	harbor1	chr20	30371231	30371377	DNA/hAT-Charlie	642	-	73	30371304	9879
chr20	30361425	30561425	harbor1	chr20	30382542	30382755	DNA/hAT-Charlie	1357	-	106	30382648	21223
chr20	30361425	30561425	harbor1	chr20	30392200	30392352	DNA/hAT-Charlie	454	-	76	30392276	30851
chr20	6845781	7045781	harbor1	chr20	6906560	6907324	DNA/hAT-Charlie	1879	-	382	6906942	61161
chr20	6845781	7045781	harbor1	chr20	6907379	6907695	DNA/hAT-Charlie	600	-	158	6907537	61756
chr20	6845781	7045781	harbor1	chr20	6907868	6908214	DNA/hAT-Charlie	465	-	173	6908041	62260
chr20	41219839	41419839	harbor1	chr20	41243999	41244215	DNA/hAT-Charlie	1036	-	108	41244107	24268
chr20	18831823	19031823	harbor1	chr20	18886848	18886995	DNA/hAT-Charlie	507	-	74	18886922	55099
chr20	18831823	19031823	harbor1	chr20	18918430	18918557	DNA/hAT-Charlie	613	-	64	18918494	86671
chr20	29332595	29532595	harbor1	chr20	29421191	29421351	DNA/hAT-Charlie	420	-	80	29421271	88676
chr20	11155507	11355507	harbor1	chr20	11162042	11162166	DNA/hAT-Charlie	474	-	62	11162104	6597
chr20	11155507	11355507	harbor1	chr20	11207410	11207598	DNA/hAT-Charlie	863	-	94	11207504	51997
chr20	11155507	11355507	harbor1	chr20	11220427	11220626	DNA/hAT-Charlie	907	-	100	11220527	65020
chr20	11155507	11355507	harbor1	chr20	11239634	11239936	DNA/hAT-Charlie	548	-	151	11239785	84278
chr20	23158929	23358929	harbor1	chr20	23163864	23164005	DNA/hAT-Charlie	439	-	70	23163934	5005
chr20	23158929	23358929	harbor1	chr20	23206182	23206362	DNA/hAT-Charlie	497	-	90	23206272	47343
chr20	23158929	23358929	harbor1	chr20	23213169	23213340	DNA/hAT-Charlie	693	-	86	23213255	54326
chr20	23158929	23358929	harbor1	chr20	23242382	23242689	DNA/hAT-Charlie	1295	-	154	23242536	83607
chr20	13106023	13306023	harbor1	chr20	13148726	13148859	DNA/hAT-Charlie	560	-	66	13148792	42769
chr20	13106023	13306023	harbor1	chr20	13162989	13163085	DNA/hAT-Charlie	506	-	48	13163037	57014
chr20	13106023	13306023	harbor1	chr20	13163397	13163479	DNA/hAT-Charlie	506	-	41	13163438	57415
chr20	58260032	58460032	harbor1	chr20	58276678	58276900	DNA/hAT-Charlie	754	-	111	58276789	16757
chr20	58260032	58460032	harbor1	chr20	58294606	58294830	DNA/hAT-Charlie	937	-	112	58294718	34686
chr20	58260032	58460032	harbor1	chr20	58348698	58348907	DNA/hAT-Charlie	1376	-	104	58348802	88770
chr20	58260032	58460032	harbor1	chr20	58357601	58357818	DNA/hAT-Charlie	451	-	108	58357709	97677
chr20	24689611	24889611	harbor1	chr20	24704372	24704534	DNA/hAT-Charlie	769	-	81	24704453	14842
chr20	24689611	24889611	harbor1	chr20	24719335	24719503	DNA/hAT-Charlie	3449	-	84	24719419	29808
chr20	24689611	24889611	harbor1	chr20	24719813	24719865	DNA/hAT-Charlie	3449	-	26	24719839	30228
chr20	24689611	24889611	harbor1	chr20	24720067	24722217	DNA/hAT-Charlie	3449	-	1075	24721142	31531
chr20	24689611	24889611	harbor1	chr20	24743646	24743777	DNA/hAT-Charlie	432	-	66	24743712	54101
chr20	24689611	24889611	harbor1	chr20	24787911	24788042	DNA/hAT-Charlie	441	-	66	24787977	98366
chr20	42199979	42399979	harbor1	chr20	42212909	42213061	DNA/hAT-Charlie	748	-	76	42212985	13006
chr20	42199979	42399979	harbor1	chr20	42216840	42217000	DNA/hAT-Charlie	615	-	80	42216920	16941
chr20	42199979	42399979	harbor1	chr20	42217596	42217815	DNA/hAT-Charlie	918	-	110	42217706	17727
chr20	42199979	42399979	harbor1	chr20	42232351	42232508	DNA/hAT-Charlie	826	-	78	42232429	32450
chr20	42199979	42399979	harbor1	chr20	42266606	42266700	DNA/hAT-Charlie	488	-	47	42266653	66674
chr20	59455789	59655789	harbor1	chr20	59468460	59468613	DNA/hAT-Charlie	708	-	76	59468536	12747
chr20	59455789	59655789	harbor1	chr20	59472679	59472851	DNA/hAT-Charlie	1680	-	86	59472765	16976
chr20	59455789	59655789	harbor1	chr20	59473253	59473411	DNA/hAT-Charlie	1680	-	79	59473332	17543
chr20	59455789	59655789	harbor1	chr20	59486038	59486222	DNA/hAT-Charlie	521	-	92	59486130	30341
chr20	2699012	2899012	harbor1	chr20	2733718	2733930	DNA/hAT-Charlie	1344	-	106	2733824	34812
chr20	2699012	2899012	harbor1	chr20	2739967	2740030	DNA/hAT-Charlie	746	-	32	2739999	40987
chr20	2699012	2899012	harbor1	chr20	2740323	2740426	DNA/hAT-Charlie	746	-	52	2740375	41363
chr20	2699012	2899012	harbor1	chr20	2744793	2745071	DNA/hAT-Charlie	1386	-	139	2744932	45920
chr20	2699012	2899012	harbor1	chr20	2745080	2745224	DNA/hAT-Charlie	588	-	72	2745152	46140
chr20	34758637	34958637	harbor1	chr20	34770979	34771129	DNA/hAT-Charlie	1144	-	75	34771054	12417
chr20	34758637	34958637	harbor1	chr20	34771435	34771596	DNA/hAT-Charlie	1144	-	80	34771515	12878
chr20	34758637	34958637	harbor1	chr20	34781371	34781702	DNA/hAT-Charlie	645	-	166	34781537	22900
chr20	34758637	34958637	harbor1	chr20	34819272	34819492	DNA/hAT-Charlie	516	-	110	34819382	60745
chr20	34758637	34958637	harbor1	chr20	34821162	34821378	DNA/hAT-Charlie	992	-	108	34821270	62633
chr20	55891299	56091299	harbor1	chr20	55911464	55911613	DNA/hAT-Charlie	838	-	74	55911538	20239
chr20	55891299	56091299	harbor1	chr20	55937810	55938055	DNA/hAT-Charlie	714	-	122	55937932	46633
chr20	55891299	56091299	harbor1	chr20	55954804	55954978	DNA/hAT-Charlie	1184	-	87	55954891	63592
chr20	55891299	56091299	harbor1	chr20	55955108	55955184	DNA/hAT-Charlie	1184	-	38	55955146	63847
chr20	29366170	29566170	harbor1	chr20	29421191	29421351	DNA/hAT-Charlie	420	-	80	29421271	55101
chr20	52563354	52763354	harbor1	chr20	52565896	52566066	DNA/hAT-Charlie	884	-	85	52565981	2627
chr20	52563354	52763354	harbor1	chr20	52583903	52584118	DNA/hAT-Charlie	897	-	108	52584011	20657
chr20	52563354	52763354	harbor1	chr20	52624131	52624274	DNA/hAT-Charlie	479	-	72	52624203	60849
chr20	52563354	52763354	harbor1	chr20	52627036	52627428	DNA/hAT-Charlie	1092	-	196	52627232	63878
chr20	52563354	52763354	harbor1	chr20	52628276	52628451	DNA/hAT-Charlie	534	-	88	52628364	65010
chr20	52563354	52763354	harbor1	chr20	52635225	52635434	DNA/hAT-Charlie	1268	-	104	52635329	71975
chr20	52563354	52763354	harbor1	chr20	52648014	52648230	DNA/hAT-Charlie	1158	-	108	52648122	84768
chr20	52563354	52763354	harbor1	chr20	52661471	52661775	DNA/hAT-Charlie	471	-	152	52661623	98269
chr20	52563354	52763354	harbor1	chr20	52662904	52663067	DNA/hAT-Charlie	617	-	82	52662986	99632
chr20	22657682	22857682	harbor1	chr20	22727059	22727464	DNA/hAT-Charlie	758	-	202	22727261	69579
chr20	30197384	30397384	harbor1	chr20	30296809	30296850	DNA/hAT-Charlie	877	-	20	30296829	99445
chr20	30197384	30397384	harbor1	chr20	30297161	30297289	DNA/hAT-Charlie	877	-	64	30297225	99841
chr20	35958756	36158756	harbor1	chr20	36005172	36005502	DNA/hAT-Charlie	2195	-	165	36005337	46581
chr20	35958756	36158756	harbor1	chr20	36025756	36026023	DNA/hAT-Charlie	516	-	134	36025890	67134
chr20	35958756	36158756	harbor1	chr20	36030020	36030188	DNA/hAT-Charlie	817	-	84	36030104	71348
chr20	35958756	36158756	harbor1	chr20	36030970	36031279	DNA/hAT-Charlie	689	-	154	36031124	72368
chr20	35958756	36158756	harbor1	chr20	36054810	36055020	DNA/hAT-Charlie	949	-	105	36054915	96159
chr20	20127999	20327999	harbor1	chr20	20167955	20168089	DNA/hAT-Charlie	1675	-	67	20168022	40023
chr20	20127999	20327999	harbor1	chr20	20168360	20168620	DNA/hAT-Charlie	1675	-	130	20168490	40491
chr20	20127999	20327999	harbor1	chr20	20183539	20183839	DNA/hAT-Charlie	1306	-	150	20183689	55690
chr20	20127999	20327999	harbor1	chr20	20201035	20201309	DNA/hAT-Charlie	1051	-	137	20201172	73173
chr20	58030911	58230911	harbor1	chr20	58048706	58048807	DNA/hAT-Charlie	635	-	50	58048756	17845
chr20	58030911	58230911	harbor1	chr20	58049264	58049369	DNA/hAT-Charlie	635	-	52	58049316	18405
chr20	58030911	58230911	harbor1	chr20	58093325	58093431	DNA/hAT-Charlie	470	-	53	58093378	62467
chr20	58030911	58230911	harbor1	chr20	58111797	58112004	DNA/hAT-Charlie	634	-	104	58111901	80990
chr20	51830911	52030911	harbor1	chr20	51871132	51871341	DNA/hAT-Charlie	962	-	104	51871236	40325
chr20	51830911	52030911	harbor1	chr20	51886826	51887031	DNA/hAT-Charlie	909	-	102	51886928	56017
chr20	51830911	52030911	harbor1	chr20	51894569	51894910	DNA/hAT-Charlie	2162	-	170	51894739	63828
chr20	33531992	33731992	harbor1	chr20	33542047	33542177	DNA/hAT-Charlie	435	-	65	33542112	10120
chr20	33531992	33731992	harbor1	chr20	33553541	33553696	DNA/hAT-Charlie	747	-	78	33553619	21627
chr20	33531992	33731992	harbor1	chr20	33589759	33589957	DNA/hAT-Charlie	583	-	99	33589858	57866
chr20	33531992	33731992	harbor1	chr20	33593371	33593391	DNA/hAT-Charlie	812	-	10	33593381	61389
chr20	33531992	33731992	harbor1	chr20	33593693	33593922	DNA/hAT-Charlie	812	-	114	33593807	61815
chr20	33531992	33731992	harbor1	chr20	33627683	33627905	DNA/hAT-Charlie	547	-	111	33627794	95802
chr20	23018105	23218105	harbor1	chr20	23026596	23026773	DNA/hAT-Charlie	549	-	88	23026684	8579
chr20	23018105	23218105	harbor1	chr20	23031104	23031376	DNA/hAT-Charlie	1063	-	136	23031240	13135
chr20	23018105	23218105	harbor1	chr20	23031479	23031656	DNA/hAT-Charlie	518	-	88	23031567	13462
chr20	23018105	23218105	harbor1	chr20	23046395	23046501	DNA/hAT-Charlie	445	-	53	23046448	28343
chr20	23018105	23218105	harbor1	chr20	23058475	23058942	DNA/hAT-Charlie	1569	-	234	23058709	40604
chr20	23018105	23218105	harbor1	chr20	23060875	23060966	DNA/hAT-Charlie	464	-	46	23060921	42816
chr20	23018105	23218105	harbor1	chr20	23063325	23063571	DNA/hAT-Charlie	1246	-	123	23063448	45343
chr20	23018105	23218105	harbor1	chr20	23102155	23102374	DNA/hAT-Charlie	991	-	110	23102265	84160
chr20	44269064	44469064	harbor1	chr20	44316684	44316823	DNA/hAT-Charlie	611	-	70	44316754	47690
chr20	44269064	44469064	harbor1	chr20	44342108	44342237	DNA/hAT-Charlie	538	-	64	44342172	73108
chr20	44269064	44469064	harbor1	chr20	44359582	44359767	DNA/hAT-Charlie	1013	-	92	44359674	90610
chr20	10417114	10617114	harbor1	chr20	10468938	10469130	DNA/hAT-Charlie	1290	-	96	10469034	51920
chr20	10417114	10617114	harbor1	chr20	10490873	10491037	DNA/hAT-Charlie	488	-	82	10490955	73841
chr20	10417114	10617114	harbor1	chr20	10499327	10499516	DNA/hAT-Charlie	441	-	94	10499421	82307
chr20	10417114	10617114	harbor1	chr20	10512036	10512247	DNA/hAT-Charlie	1026	-	106	10512142	95028
chr20	2881387	3081387	harbor1	chr20	2906421	2908275	DNA/hAT-Charlie	7024	-	927	2907348	25961
chr20	2881387	3081387	harbor1	chr20	2908519	2908609	DNA/hAT-Charlie	7024	-	45	2908564	27177
chr20	2881387	3081387	harbor1	chr20	2908877	2909007	DNA/hAT-Charlie	520	-	65	2908942	27555
chr20	2881387	3081387	harbor1	chr20	2909626	2909724	DNA/hAT-Charlie	417	-	49	2909675	28288
chr20	2881387	3081387	harbor1	chr20	2921909	2922097	DNA/hAT-Charlie	913	-	94	2922003	40616
chr20	2881387	3081387	harbor1	chr20	2978712	2978886	DNA/hAT-Charlie	925	-	87	2978799	97412
chr20	41546184	41746184	harbor1	chr20	41561021	41561196	DNA/hAT-Charlie	1078	-	88	41561109	14925
chr20	41546184	41746184	harbor1	chr20	41606756	41606924	DNA/hAT-Charlie	741	-	84	41606840	60656
chr20	41546184	41746184	harbor1	chr20	41611304	41611498	DNA/hAT-Charlie	922	-	97	41611401	65217
chr20	41546184	41746184	harbor1	chr20	41611507	41611625	DNA/hAT-Charlie	630	-	59	41611566	65382
chr20	41546184	41746184	harbor1	chr20	41611937	41611992	DNA/hAT-Charlie	627	-	28	41611965	65781
chr20	41546184	41746184	harbor1	chr20	41611994	41612258	DNA/hAT-Charlie	678	-	132	41612126	65942
chr20	41546184	41746184	harbor1	chr20	41622912	41623125	DNA/hAT-Charlie	769	-	106	41623018	76834
chr20	36561286	36761286	harbor1	chr20	36604960	36605105	DNA/hAT-Charlie	582	-	72	36605032	43746
chr20	36561286	36761286	harbor1	chr20	36628054	36628226	DNA/hAT-Charlie	437	-	86	36628140	66854
chr20	36561286	36761286	harbor1	chr20	36646557	36646714	DNA/hAT-Charlie	845	-	78	36646635	85349
chr20	36561286	36761286	harbor1	chr20	36657092	36657204	DNA/hAT-Charlie	501	-	56	36657148	95862
chr20	36561286	36761286	harbor1	chr20	36657501	36657545	DNA/hAT-Charlie	501	-	22	36657523	96237
chr20	9402040	9602040	harbor1	chr20	9429956	9430217	DNA/hAT-Charlie	1341	-	130	9430086	28046
chr20	9402040	9602040	harbor1	chr20	9442111	9442325	DNA/hAT-Charlie	668	-	107	9442218	40178
chr20	9402040	9602040	harbor1	chr20	9478655	9478816	DNA/hAT-Charlie	858	-	80	9478735	76695
chr20	6569772	6769772	harbor1	chr20	6592342	6592503	DNA/hAT-Charlie	801	-	80	6592422	22650
chr20	6569772	6769772	harbor1	chr20	6592854	6592972	DNA/hAT-Charlie	602	-	59	6592913	23141
chr20	6569772	6769772	harbor1	chr20	6607768	6608093	DNA/hAT-Charlie	1221	-	162	6607930	38158
chr20	6569772	6769772	harbor1	chr20	6656793	6657194	DNA/hAT-Charlie	889	-	200	6656993	87221
chr20	6569772	6769772	harbor1	chr20	6661026	6661191	DNA/hAT-Charlie	800	-	82	6661108	91336
chr20	19356745	19556745	harbor1	chr20	19396270	19396582	DNA/hAT-Charlie	1259	-	156	19396426	39681
chr20	19356745	19556745	harbor1	chr20	19422555	19422716	DNA/hAT-Charlie	726	-	80	19422635	65890
chr20	430657	630657	harbor1	chr20	439973	440144	DNA/hAT-Charlie	480	-	86	440059	9402
chr20	430657	630657	harbor1	chr20	501398	501686	DNA/hAT-Charlie	1103	-	144	501542	70885
chr20	39446282	39646282	harbor1	chr20	39447112	39447320	DNA/hAT-Charlie	608	-	104	39447216	934
chr20	39446282	39646282	harbor1	chr20	39447351	39447416	DNA/hAT-Charlie	608	-	32	39447383	1101
chr20	39446282	39646282	harbor1	chr20	39461582	39461816	DNA/hAT-Charlie	989	-	117	39461699	15417
chr20	39446282	39646282	harbor1	chr20	39480329	39480548	DNA/hAT-Charlie	1078	-	110	39480439	34157
chr20	39446282	39646282	harbor1	chr20	39521948	39522170	DNA/hAT-Charlie	1174	-	111	39522059	75777
chr20	39446282	39646282	harbor1	chr20	39531383	39531605	DNA/hAT-Charlie	1153	-	111	39531494	85212
chr20	19048291	19248291	harbor1	chr20	19093209	19093334	DNA/hAT-Charlie	466	-	62	19093271	44980
chr20	19048291	19248291	harbor1	chr20	19111998	19112181	DNA/hAT-Charlie	878	-	92	19112090	63799
chr20	42133499	42333499	harbor1	chr20	42138025	42138207	DNA/hAT-Charlie	1010	-	91	42138116	4617
chr20	42133499	42333499	harbor1	chr20	42145031	42145219	DNA/hAT-Charlie	747	-	94	42145125	11626
chr20	42133499	42333499	harbor1	chr20	42145548	42145590	DNA/hAT-Charlie	747	-	21	42145569	12070
chr20	42133499	42333499	harbor1	chr20	42155046	42155260	DNA/hAT-Charlie	481	-	107	42155153	21654
chr20	42133499	42333499	harbor1	chr20	42161129	42161289	DNA/hAT-Charlie	898	-	80	42161209	27710
chr20	42133499	42333499	harbor1	chr20	42165837	42166154	DNA/hAT-Charlie	1362	-	158	42165995	32496
chr20	42133499	42333499	harbor1	chr20	42177113	42177268	DNA/hAT-Charlie	890	-	78	42177191	43692
chr20	42133499	42333499	harbor1	chr20	42186155	42186358	DNA/hAT-Charlie	1100	-	102	42186257	52758
chr20	42133499	42333499	harbor1	chr20	42190586	42190745	DNA/hAT-Charlie	1022	-	80	42190666	57167
chr20	42133499	42333499	harbor1	chr20	42212909	42213061	DNA/hAT-Charlie	748	-	76	42212985	79486
chr20	42133499	42333499	harbor1	chr20	42216840	42217000	DNA/hAT-Charlie	615	-	80	42216920	83421
chr20	42133499	42333499	harbor1	chr20	42217596	42217815	DNA/hAT-Charlie	918	-	110	42217706	84207
chr20	42133499	42333499	harbor1	chr20	42232351	42232508	DNA/hAT-Charlie	826	-	78	42232429	98930
chr20	34050356	34250356	harbor1	chr20	34115412	34115647	DNA/hAT-Charlie	1244	-	118	34115530	65174
chr20	59417815	59617815	harbor1	chr20	59433124	59433514	DNA/hAT-Charlie	558	-	195	59433319	15504
chr20	59417815	59617815	harbor1	chr20	59433767	59433857	DNA/hAT-Charlie	608	-	45	59433812	15997
chr20	59417815	59617815	harbor1	chr20	59434176	59434360	DNA/hAT-Charlie	608	-	92	59434268	16453
chr20	59417815	59617815	harbor1	chr20	59444866	59445052	DNA/hAT-Charlie	642	-	93	59444959	27144
chr20	59417815	59617815	harbor1	chr20	59453515	59453611	DNA/hAT-Charlie	425	-	48	59453563	35748
chr20	59417815	59617815	harbor1	chr20	59468460	59468613	DNA/hAT-Charlie	708	-	76	59468536	50721
chr20	59417815	59617815	harbor1	chr20	59472679	59472851	DNA/hAT-Charlie	1680	-	86	59472765	54950
chr20	59417815	59617815	harbor1	chr20	59473253	59473411	DNA/hAT-Charlie	1680	-	79	59473332	55517
chr20	59417815	59617815	harbor1	chr20	59486038	59486222	DNA/hAT-Charlie	521	-	92	59486130	68315
chr20	14234603	14434603	harbor1	chr20	14281964	14282317	DNA/hAT-Charlie	1345	-	176	14282140	47537
chr20	38757782	38957782	harbor1	chr20	38812878	38813023	DNA/hAT-Charlie	617	-	72	38812950	55168
chr20	38757782	38957782	harbor1	chr20	38825867	38826021	DNA/hAT-Charlie	510	-	77	38825944	68162
chr20	38757782	38957782	harbor1	chr20	38830430	38830835	DNA/hAT-Charlie	1146	-	202	38830632	72850
chr20	38757782	38957782	harbor1	chr20	38831506	38831794	DNA/hAT-Charlie	679	-	144	38831650	73868
chr20	38757782	38957782	harbor1	chr20	38834592	38835148	DNA/hAT-Charlie	1821	-	278	38834870	77088
chr20	38757782	38957782	harbor1	chr20	38842547	38842710	DNA/hAT-Charlie	550	-	82	38842629	84847
chr20	38757782	38957782	harbor1	chr20	38843060	38843232	DNA/hAT-Charlie	772	-	86	38843146	85364
chr20	38757782	38957782	harbor1	chr20	38843725	38844905	DNA/hAT-Charlie	5009	-	590	38844315	86533
chr20	23678846	23878846	harbor1	chr20	23689701	23690009	DNA/hAT-Charlie	833	-	154	23689855	11009
chr20	23678846	23878846	harbor1	chr20	23751598	23751902	DNA/hAT-Charlie	658	-	152	23751750	72904
chr20	23678846	23878846	harbor1	chr20	23776921	23777205	DNA/hAT-Charlie	990	-	142	23777063	98217
chr20	1999665	2199665	harbor1	chr20	2085174	2085491	DNA/hAT-Charlie	1698	-	158	2085332	85667
chr20	1999665	2199665	harbor1	chr20	2085726	2085886	DNA/hAT-Charlie	1698	-	80	2085806	86141
chr20	1999665	2199665	harbor1	chr20	2087397	2087520	DNA/hAT-Charlie	870	-	62	2087459	87794
chr20	1999665	2199665	harbor1	chr20	2087827	2087882	DNA/hAT-Charlie	870	-	28	2087855	88190
chr20	47287166	47487166	harbor1	chr20	47302895	47303103	DNA/hAT-Charlie	844	-	104	47302999	15833
chr20	47287166	47487166	harbor1	chr20	47304295	47304519	DNA/hAT-Charlie	1016	-	112	47304407	17241
chr20	47287166	47487166	harbor1	chr20	47306883	47306998	DNA/hAT-Charlie	514	-	58	47306941	19775
chr20	47287166	47487166	harbor1	chr20	47308137	47308213	DNA/hAT-Charlie	429	-	38	47308175	21009
chr20	17346552	17546552	harbor1	chr20	17349787	17349962	DNA/hAT-Charlie	489	-	88	17349875	3323
chr20	17346552	17546552	harbor1	chr20	17360984	17361175	DNA/hAT-Charlie	691	-	96	17361080	14528
chr20	17346552	17546552	harbor1	chr20	17386096	17386277	DNA/hAT-Charlie	625	-	90	17386186	39634
chr20	17346552	17546552	harbor1	chr20	17389077	17389216	DNA/hAT-Charlie	481	-	70	17389147	42595
chr20	17346552	17546552	harbor1	chr20	17398551	17398651	DNA/hAT-Charlie	599	-	50	17398601	52049
chr20	17346552	17546552	harbor1	chr20	17399343	17399696	DNA/hAT-Charlie	877	-	176	17399519	52967
chr20	17346552	17546552	harbor1	chr20	17401136	17401208	DNA/hAT-Charlie	559	-	36	17401172	54620
chr20	17346552	17546552	harbor1	chr20	17401566	17401872	DNA/hAT-Charlie	742	-	153	17401719	55167
chr20	17346552	17546552	harbor1	chr20	17404794	17405008	DNA/hAT-Charlie	1007	-	107	17404901	58349
chr20	25506175	25706175	harbor1	chr20	25525298	25525369	DNA/hAT-Charlie	434	-	36	25525334	19159
chr20	25506175	25706175	harbor1	chr20	25525674	25525823	DNA/hAT-Charlie	434	-	74	25525748	19573
chr21	24631959	24831959	harbor1	chr21	24650137	24650494	DNA/hAT-Charlie	499	-	178	24650315	18356
chr21	34625073	34825073	harbor1	chr21	34624938	34625366	DNA/hAT-Charlie	1757	-	214	34625152	79
chr21	34625073	34825073	harbor1	chr21	34625607	34625960	DNA/hAT-Charlie	630	-	176	34625783	710
chr21	34625073	34825073	harbor1	chr21	34650249	34650697	DNA/hAT-Charlie	1682	-	224	34650473	25400
chr21	34625073	34825073	harbor1	chr21	34658069	34658258	DNA/hAT-Charlie	995	-	94	34658163	33090
chr21	16973945	17173945	harbor1	chr21	16998525	16998741	DNA/hAT-Charlie	730	-	108	16998633	24688
chr21	16973945	17173945	harbor1	chr21	17014175	17014329	DNA/hAT-Charlie	672	-	77	17014252	40307
chr21	16973945	17173945	harbor1	chr21	17026760	17026971	DNA/hAT-Charlie	941	-	106	17026866	52921
chr21	16973945	17173945	harbor1	chr21	17045449	17045726	DNA/hAT-Charlie	590	-	138	17045587	71642
chr21	15635602	15835602	harbor1	chr21	15721277	15721668	DNA/hAT-Charlie	1184	-	196	15721473	85871
chr21	14491627	14691627	harbor1	chr21	14537778	14537932	DNA/hAT-Charlie	470	-	77	14537855	46228
chr21	14612836	14812836	harbor1	chr21	14638242	14638421	DNA/hAT-Charlie	555	-	90	14638332	25496
chr21	14612836	14812836	harbor1	chr21	14638441	14638609	DNA/hAT-Charlie	563	-	84	14638525	25689
chr21	20000894	20200894	harbor1	chr21	20093178	20093360	DNA/hAT-Charlie	525	-	91	20093269	92375
chr21	37130125	37330125	harbor1	chr21	37229197	37229405	DNA/hAT-Charlie	1354	-	104	37229301	99176
chr21	37130125	37330125	harbor1	chr21	37229488	37229778	DNA/hAT-Charlie	1042	-	145	37229633	99508
chr21	24448367	24648367	harbor1	chr21	24510801	24510964	DNA/hAT-Charlie	577	-	82	24510883	62516
chr21	42450690	42650690	harbor1	chr21	42452320	42452542	DNA/hAT-Charlie	997	-	111	42452431	1741
chr21	42450690	42650690	harbor1	chr21	42456179	42456671	DNA/hAT-Charlie	3198	-	246	42456425	5735
chr21	42450690	42650690	harbor1	chr21	42473747	42473906	DNA/hAT-Charlie	552	-	80	42473827	23137
chr21	42450690	42650690	harbor1	chr21	42478383	42478549	DNA/hAT-Charlie	775	-	83	42478466	27776
chr21	42450690	42650690	harbor1	chr21	42540988	42541328	DNA/hAT-Charlie	2349	-	170	42541158	90468
chr21	34311097	34511097	harbor1	chr21	34381371	34381492	DNA/hAT-Charlie	583	-	60	34381431	70334
chr21	34311097	34511097	harbor1	chr21	34407795	34407961	DNA/hAT-Charlie	539	-	83	34407878	96781
chr21	16792096	16992096	harbor1	chr21	16814822	16815003	DNA/hAT-Charlie	736	-	90	16814912	22816
chr21	16792096	16992096	harbor1	chr21	16817401	16817570	DNA/hAT-Charlie	713	-	84	16817485	25389
chr21	26408972	26608972	harbor1	chr21	26427636	26427683	DNA/hAT-Charlie	806	-	24	26427660	18688
chr21	26408972	26608972	harbor1	chr21	26427967	26428102	DNA/hAT-Charlie	806	-	68	26428035	19063
chr21	26408972	26608972	harbor1	chr21	26448539	26448737	DNA/hAT-Charlie	656	-	99	26448638	39666
chr21	39743786	39943786	harbor1	chr21	39757455	39757576	DNA/hAT-Charlie	658	-	60	39757515	13729
chr21	39743786	39943786	harbor1	chr21	39757875	39757907	DNA/hAT-Charlie	658	-	16	39757891	14105
chr21	39743786	39943786	harbor1	chr21	39791488	39791727	DNA/hAT-Charlie	1133	-	120	39791608	47822
chr21	39743786	39943786	harbor1	chr21	39804069	39804264	DNA/hAT-Charlie	928	-	98	39804167	60381
chr21	15464659	15664659	harbor1	chr21	15473061	15473273	DNA/hAT-Charlie	883	-	106	15473167	8508
chr21	15464659	15664659	harbor1	chr21	15500438	15500615	DNA/hAT-Charlie	955	-	88	15500526	35867
chr21	15464659	15664659	harbor1	chr21	15511008	15511185	DNA/hAT-Charlie	678	-	88	15511096	46437
chr21	15464659	15664659	harbor1	chr21	15564502	15564712	DNA/hAT-Charlie	837	-	105	15564607	99948
chr21	44316983	44516983	harbor1	chr21	44374331	44374865	DNA/hAT-Charlie	3575	-	267	44374598	57615
chr21	44316983	44516983	harbor1	chr21	44376787	44376946	DNA/hAT-Charlie	473	-	80	44376867	59884
chr21	32838069	33038069	harbor1	chr21	32845235	32845384	DNA/hAT-Charlie	611	-	74	32845309	7240
chr21	32838069	33038069	harbor1	chr21	32930492	32930965	DNA/hAT-Charlie	3482	-	236	32930728	92659
chr21	33991353	34191353	harbor1	chr21	33998265	33998369	DNA/hAT-Charlie	494	-	52	33998317	6964
chr21	33991353	34191353	harbor1	chr21	34039668	34039891	DNA/hAT-Charlie	786	-	112	34039780	48427
chr21	33991353	34191353	harbor1	chr21	34058795	34059046	DNA/hAT-Charlie	1351	-	126	34058921	67568
chr21	46399461	46599461	harbor1	chr21	46463184	46463338	DNA/hAT-Charlie	540	-	77	46463261	63800
chr21	46399461	46599461	harbor1	chr21	46484126	46484255	DNA/hAT-Charlie	549	-	64	46484190	84729
chr21	46399461	46599461	harbor1	chr21	46496468	46496689	DNA/hAT-Charlie	1621	-	110	46496578	97117
chr21	18121982	18321982	harbor1	chr21	18147606	18147755	DNA/hAT-Charlie	839	-	74	18147680	25698
chr21	18121982	18321982	harbor1	chr21	18165007	18165218	DNA/hAT-Charlie	898	-	106	18165113	43131
chr21	18121982	18321982	harbor1	chr21	18203593	18203836	DNA/hAT-Charlie	664	-	122	18203715	81733
chr21	13893683	14093683	harbor1	chr21	13972753	13972987	DNA/hAT-Charlie	499	-	117	13972870	79187
chr22	10485187	10685187	harbor1	chr22	10528892	10529085	DNA/hAT-Charlie	1240	-	96	10528988	43801
chr22	45598581	45798581	harbor1	chr22	45644809	45645032	DNA/hAT-Charlie	875	-	112	45644921	46340
chr22	45598581	45798581	harbor1	chr22	45666418	45666640	DNA/hAT-Charlie	1066	-	111	45666529	67948
chr22	45598581	45798581	harbor1	chr22	45676375	45676473	DNA/hAT-Charlie	480	-	49	45676424	77843
chr22	45598581	45798581	harbor1	chr22	45676998	45677081	DNA/hAT-Charlie	513	-	42	45677040	78459
chr22	45598581	45798581	harbor1	chr22	45692837	45692969	DNA/hAT-Charlie	666	-	66	45692903	94322
chr22	41920564	42120564	harbor1	chr22	41959063	41959221	DNA/hAT-Charlie	723	-	79	41959142	38578
chr22	41920564	42120564	harbor1	chr22	41968375	41968516	DNA/hAT-Charlie	762	-	70	41968445	47881
chr22	41920564	42120564	harbor1	chr22	41983985	41984169	DNA/hAT-Charlie	525	-	92	41984077	63513
chr22	41920564	42120564	harbor1	chr22	41984334	41984472	DNA/hAT-Charlie	611	-	69	41984403	63839
chr22	41920564	42120564	harbor1	chr22	41985162	41985376	DNA/hAT-Charlie	529	-	107	41985269	64705
chr22	22161368	22361368	harbor1	chr22	22196549	22196711	DNA/hAT-Charlie	690	-	81	22196630	35262
chr22	22161368	22361368	harbor1	chr22	22245799	22245999	DNA/hAT-Charlie	987	-	100	22245899	84531
chr22	22161368	22361368	harbor1	chr22	22246048	22246065	DNA/hAT-Charlie	1122	-	8	22246056	84688
chr22	22161368	22361368	harbor1	chr22	22246373	22246591	DNA/hAT-Charlie	1122	-	109	22246482	85114
chr22	22161368	22361368	harbor1	chr22	22248544	22248838	DNA/hAT-Charlie	923	-	147	22248691	87323
chr22	22161368	22361368	harbor1	chr22	22232861	22233137	DNA/hAT-Charlie	585	-	138	22232999	71631
chr22	41854598	42054598	harbor1	chr22	41879915	41879941	DNA/hAT-Charlie	591	-	13	41879928	25330
chr22	41854598	42054598	harbor1	chr22	41880049	41880201	DNA/hAT-Charlie	591	-	76	41880125	25527
chr22	41854598	42054598	harbor1	chr22	41889047	41889131	DNA/hAT-Charlie	752	-	42	41889089	34491
chr22	41854598	42054598	harbor1	chr22	41889427	41889521	DNA/hAT-Charlie	752	-	47	41889474	34876
chr22	41854598	42054598	harbor1	chr22	41890156	41890466	DNA/hAT-Charlie	578	-	155	41890311	35713
chr22	38509582	38709582	harbor1	chr22	38602185	38602388	DNA/hAT-Charlie	1148	-	102	38602287	92705
chr22	44905154	45105154	harbor1	chr22	44948067	44948399	DNA/hAT-Charlie	19076	-	166	44948233	43079
chr22	44905154	45105154	harbor1	chr22	44948721	44949020	DNA/hAT-Charlie	19076	-	150	44948871	43717
chr22	44905154	45105154	harbor1	chr22	44949332	44951518	DNA/hAT-Charlie	19076	-	1093	44950425	45271
chr22	24766312	24966312	harbor1	chr22	24769253	24769330	DNA/hAT-Charlie	594	-	38	24769291	2979
chr22	24766312	24966312	harbor1	chr22	24769821	24769976	DNA/hAT-Charlie	938	-	78	24769899	3587
chr22	24766312	24966312	harbor1	chr22	24819222	24819396	DNA/hAT-Charlie	768	-	87	24819309	52997
chr22	40161042	40361042	harbor1	chr22	40186378	40186459	DNA/hAT-Charlie	1567	-	40	40186418	25376
chr22	40161042	40361042	harbor1	chr22	40186770	40187058	DNA/hAT-Charlie	1567	-	144	40186914	25872
chr22	40161042	40361042	harbor1	chr22	40187062	40187174	DNA/hAT-Charlie	592	-	56	40187118	26076
chr22	40161042	40361042	harbor1	chr22	40210805	40211017	DNA/hAT-Charlie	1014	-	106	40210911	49869
chr22	40161042	40361042	harbor1	chr22	40189776	40190009	DNA/hAT-Charlie	697	-	116	40189892	28850
chr22	44176045	44376045	harbor1	chr22	44203282	44203487	DNA/hAT-Charlie	603	-	102	44203384	27339
chr22	21431225	21631225	harbor1	chr22	21507606	21507838	DNA/hAT-Charlie	1108	-	116	21507722	76497
chr22	15230986	15430986	harbor1	chr22	15291790	15292000	DNA/hAT-Charlie	846	-	105	15291895	60909
chr22	15230986	15430986	harbor1	chr22	15315480	15315678	DNA/hAT-Charlie	1072	-	99	15315579	84593
chr22	24879023	25079023	harbor1	chr22	24890867	24891113	DNA/hAT-Charlie	1082	-	123	24890990	11967
chr22	24879023	25079023	harbor1	chr22	24891366	24891489	DNA/hAT-Charlie	1082	-	62	24891428	12405
chr22	24879023	25079023	harbor1	chr22	24921537	24921703	DNA/hAT-Charlie	2035	-	83	24921620	42597
chr22	24879023	25079023	harbor1	chr22	24922001	24922175	DNA/hAT-Charlie	2035	-	87	24922088	43065
chr22	24879023	25079023	harbor1	chr22	24922776	24922847	DNA/hAT-Charlie	2035	-	36	24922812	43789
chr22	24879023	25079023	harbor1	chr22	24923161	24923332	DNA/hAT-Charlie	2035	-	86	24923247	44224
chr22	24879023	25079023	harbor1	chr22	24924760	24924975	DNA/hAT-Charlie	1152	-	108	24924868	45845
chr22	24879023	25079023	harbor1	chr22	24929933	24930118	DNA/hAT-Charlie	661	-	92	24930025	51002
chr22	24879023	25079023	harbor1	chr22	24949981	24950179	DNA/hAT-Charlie	1198	-	99	24950080	71057
chr22	24879023	25079023	harbor1	chr22	24970630	24970840	DNA/hAT-Charlie	1410	-	105	24970735	91712
chr22	16104386	16304386	harbor1	chr22	16155603	16155813	DNA/hAT-Charlie	879	-	105	16155708	51322
chr22	16104386	16304386	harbor1	chr22	16179665	16179862	DNA/hAT-Charlie	1051	-	98	16179763	75377
chr22	48734214	48934214	harbor1	chr22	48823604	48823828	DNA/hAT-Charlie	1300	-	112	48823716	89502
chr22	39592622	39792622	harbor1	chr22	39638734	39639012	DNA/hAT-Charlie	1848	-	139	39638873	46251
chr22	39592622	39792622	harbor1	chr22	39658418	39658688	DNA/hAT-Charlie	852	-	135	39658553	65931
chr22	27833544	28033544	harbor1	chr22	27895784	27895921	DNA/hAT-Charlie	637	-	68	27895852	62308
chr22	27833544	28033544	harbor1	chr22	27924936	27925147	DNA/hAT-Charlie	1036	-	106	27925042	91498
chr22	36652013	36852013	harbor1	chr22	36690150	36690432	DNA/hAT-Charlie	548	-	141	36690291	38278
chr22	16487907	16687907	harbor1	chr22	16569679	16569906	DNA/hAT-Charlie	972	-	114	16569793	81886
chr22	33821349	34021349	harbor1	chr22	33827758	33827955	DNA/hAT-Charlie	698	-	98	33827856	6507
chr22	33821349	34021349	harbor1	chr22	33837907	33838179	DNA/hAT-Charlie	1019	-	136	33838043	16694
chr22	33821349	34021349	harbor1	chr22	33866295	33866497	DNA/hAT-Charlie	1023	-	101	33866396	45047
chr22	33821349	34021349	harbor1	chr22	33905380	33905614	DNA/hAT-Charlie	789	-	117	33905497	84148
chr22	33821349	34021349	harbor1	chr22	33905627	33905847	DNA/hAT-Charlie	896	-	110	33905737	84388
chr22	33821349	34021349	harbor1	chr22	33906143	33906378	DNA/hAT-Charlie	896	-	118	33906261	84912
chr22	48972287	49172287	harbor1	chr22	49008269	49008417	DNA/hAT-Charlie	1523	-	74	49008343	36056
chr22	48972287	49172287	harbor1	chr22	49008716	49008878	DNA/hAT-Charlie	1523	-	81	49008797	36510
chr22	48972287	49172287	harbor1	chr22	49066036	49066259	DNA/hAT-Charlie	1540	-	112	49066148	93861
chr22	24232807	24432807	harbor1	chr22	24266059	24266215	DNA/hAT-Charlie	515	-	78	24266137	33330
chr22	24232807	24432807	harbor1	chr22	24280421	24280577	DNA/hAT-Charlie	1107	-	78	24280499	47692
chr22	24232807	24432807	harbor1	chr22	24280885	24281009	DNA/hAT-Charlie	1107	-	62	24280947	48140
chr22	24232807	24432807	harbor1	chr22	24288210	24288439	DNA/hAT-Charlie	1097	-	114	24288324	55517
chr22	47287967	47487967	harbor1	chr22	47305100	47306340	DNA/hAT-Charlie	3503	-	620	47305720	17753
chr22	47287967	47487967	harbor1	chr22	47327004	47327277	DNA/hAT-Charlie	1649	-	136	47327140	39173
chr22	27397527	27597527	harbor1	chr22	27398162	27398477	DNA/hAT-Charlie	1265	-	158	27398320	793
chr22	27397527	27597527	harbor1	chr22	27463329	27463540	DNA/hAT-Charlie	980	-	106	27463435	65908
chr22	40561426	40761426	harbor1	chr22	40573879	40573915	DNA/hAT-Charlie	981	-	18	40573897	12471
chr22	40561426	40761426	harbor1	chr22	40574050	40574248	DNA/hAT-Charlie	981	-	99	40574149	12723
chr22	40561426	40761426	harbor1	chr22	40574900	40574981	DNA/hAT-Charlie	981	-	40	40574940	13514
chr22	33915598	34115598	harbor1	chr22	33925931	33926038	DNA/hAT-Charlie	641	-	54	33925985	10387
chr22	33915598	34115598	harbor1	chr22	33926349	33926403	DNA/hAT-Charlie	641	-	27	33926376	10778
chr22	33915598	34115598	harbor1	chr22	33964878	33965100	DNA/hAT-Charlie	1034	-	111	33964989	49391
chr22	33915598	34115598	harbor1	chr22	33982518	33982627	DNA/hAT-Charlie	1529	-	54	33982572	66974
chr22	33915598	34115598	harbor1	chr22	33982944	33983183	DNA/hAT-Charlie	1529	-	120	33983064	67466
chr22	33915598	34115598	harbor1	chr22	33983597	33983810	DNA/hAT-Charlie	749	-	106	33983703	68105
chr22	33915598	34115598	harbor1	chr22	33985739	33985922	DNA/hAT-Charlie	514	-	92	33985831	70233
chr22	33915598	34115598	harbor1	chr22	33995610	33995880	DNA/hAT-Charlie	696	-	135	33995745	80147
chr22	33915598	34115598	harbor1	chr22	33997061	33997277	DNA/hAT-Charlie	569	-	108	33997169	81571
chr22	25534051	25734051	harbor1	chr22	25547348	25547404	DNA/hAT-Charlie	535	-	28	25547376	13325
chr22	25534051	25734051	harbor1	chr22	25547452	25547621	DNA/hAT-Charlie	535	-	84	25547536	13485
chr22	18527954	18727954	harbor1	chr22	18568051	18568290	DNA/hAT-Charlie	1143	-	120	18568171	40217
chr22	32342816	32542816	harbor1	chr22	32392481	32392719	DNA/hAT-Charlie	652	-	119	32392600	49784
chr22	32342816	32542816	harbor1	chr22	32414983	32415323	DNA/hAT-Charlie	2311	-	170	32415153	72337
chr22	32342816	32542816	harbor1	chr22	32418366	32418582	DNA/hAT-Charlie	1075	-	108	32418474	75658
chr22	32342816	32542816	harbor1	chr22	32441770	32442095	DNA/hAT-Charlie	2228	-	162	32441932	99116
chr22	27975529	28175529	harbor1	chr22	28058098	28058254	DNA/hAT-Charlie	813	-	78	28058176	82647
chr22	47982205	48182205	harbor1	chr22	48025808	48026025	DNA/hAT-Charlie	1277	-	108	48025916	43711
chr22	16504276	16704276	harbor1	chr22	16569679	16569906	DNA/hAT-Charlie	972	-	114	16569793	65517
chr22	34074412	34274412	harbor1	chr22	34126049	34126107	DNA/hAT-Charlie	946	-	29	34126078	51666
chr22	34074412	34274412	harbor1	chr22	34126416	34126519	DNA/hAT-Charlie	946	-	52	34126468	52056
chr22	34074412	34274412	harbor1	chr22	34165123	34165313	DNA/hAT-Charlie	801	-	95	34165218	90806
chr22	34074412	34274412	harbor1	chr22	34168193	34168338	DNA/hAT-Charlie	720	-	72	34168265	93853
chr22	34074412	34274412	harbor1	chr22	34173290	34173501	DNA/hAT-Charlie	826	-	106	34173396	98984
chrX	48410247	48610247	harbor1	chrX	48457044	48457293	DNA/hAT-Charlie	1106	-	124	48457168	46921
chrX	48410247	48610247	harbor1	chrX	48457862	48457951	DNA/hAT-Charlie	1106	-	44	48457906	47659
chrX	57100477	57300477	harbor1	chrX	57129166	57130165	DNA/hAT-Charlie	4022	-	500	57129666	29189
chrX	69199112	69399112	harbor1	chrX	69205544	69205701	DNA/hAT-Charlie	888	-	78	69205622	6510
chrX	69199112	69399112	harbor1	chrX	69227698	69228014	DNA/hAT-Charlie	884	-	158	69227856	28744
chrX	69199112	69399112	harbor1	chrX	69258752	69258931	DNA/hAT-Charlie	991	-	90	69258842	59730
chrX	69199112	69399112	harbor1	chrX	69260240	69260420	DNA/hAT-Charlie	663	-	90	69260330	61218
chrX	69199112	69399112	harbor1	chrX	69260780	69260922	DNA/hAT-Charlie	663	-	71	69260851	61739
chrX	69199112	69399112	harbor1	chrX	69272572	69272722	DNA/hAT-Charlie	621	-	75	69272647	73535
chrX	69199112	69399112	harbor1	chrX	69276439	69276641	DNA/hAT-Charlie	776	-	101	69276540	77428
chrX	122154051	122354051	harbor1	chrX	122183051	122183269	DNA/hAT-Charlie	989	-	109	122183160	29109
chrX	122154051	122354051	harbor1	chrX	122243548	122243875	DNA/hAT-Charlie	1164	-	164	122243712	89661
chrX	122154051	122354051	harbor1	chrX	122244035	122244260	DNA/hAT-Charlie	830	-	112	122244147	90096
chrX	8324370	8524370	harbor1	chrX	8359150	8359193	DNA/hAT-Charlie	630	-	22	8359172	34802
chrX	8324370	8524370	harbor1	chrX	8359535	8359710	DNA/hAT-Charlie	630	-	88	8359623	35253
chrX	8324370	8524370	harbor1	chrX	8371701	8371921	DNA/hAT-Charlie	822	-	110	8371811	47441
chrX	8324370	8524370	harbor1	chrX	8375488	8375656	DNA/hAT-Charlie	581	-	84	8375572	51202
chrX	120009773	120209773	harbor1	chrX	120029447	120029638	DNA/hAT-Charlie	766	-	96	120029543	19770
chrX	12035511	12235511	harbor1	chrX	12073253	12073572	DNA/hAT-Charlie	1087	-	160	12073413	37902
chrX	12035511	12235511	harbor1	chrX	12078683	12078910	DNA/hAT-Charlie	991	-	114	12078797	43286
chrX	12035511	12235511	harbor1	chrX	12103439	12103614	DNA/hAT-Charlie	921	-	88	12103527	68016
chrX	12035511	12235511	harbor1	chrX	12116490	12116689	DNA/hAT-Charlie	842	-	100	12116590	81079
chrX	12035511	12235511	harbor1	chrX	12123597	12123744	DNA/hAT-Charlie	690	-	74	12123671	88160
chrX	12035511	12235511	harbor1	chrX	12091298	12091525	DNA/hAT-Charlie	946	-	114	12091412	55901
chrX	38326752	38526752	harbor1	chrX	38334591	38334763	DNA/hAT-Charlie	696	-	86	38334677	7925
chrX	38326752	38526752	harbor1	chrX	38335125	38335154	DNA/hAT-Charlie	696	-	14	38335139	8387
chrX	38326752	38526752	harbor1	chrX	38397787	38397962	DNA/hAT-Charlie	663	-	88	38397875	71123
chrX	38326752	38526752	harbor1	chrX	38399163	38399290	DNA/hAT-Charlie	794	-	64	38399227	72475
chrX	38326752	38526752	harbor1	chrX	38399316	38399467	DNA/hAT-Charlie	593	-	76	38399392	72640
chrX	38326752	38526752	harbor1	chrX	38399763	38399807	DNA/hAT-Charlie	593	-	22	38399785	73033
chrX	38326752	38526752	harbor1	chrX	38409508	38409693	DNA/hAT-Charlie	974	-	92	38409600	82848
chrX	38326752	38526752	harbor1	chrX	38413558	38413665	DNA/hAT-Charlie	667	-	54	38413612	86860
chrX	38326752	38526752	harbor1	chrX	38413974	38414042	DNA/hAT-Charlie	667	-	34	38414008	87256
chrX	38326752	38526752	harbor1	chrX	38415481	38415570	DNA/hAT-Charlie	1017	-	44	38415525	88773
chrX	38326752	38526752	harbor1	chrX	38415887	38416028	DNA/hAT-Charlie	1017	-	70	38415957	89205
chrX	38326752	38526752	harbor1	chrX	38426071	38426287	DNA/hAT-Charlie	1621	-	108	38426179	99427
chrX	38326752	38526752	harbor1	chrX	38426302	38426483	DNA/hAT-Charlie	1079	-	90	38426392	99640
chrX	79028734	79228734	harbor1	chrX	79112370	79112548	DNA/hAT-Charlie	890	-	89	79112459	83725
chrX	42813765	43013765	harbor1	chrX	42864628	42864795	DNA/hAT-Charlie	839	-	84	42864712	50947
chrX	42813765	43013765	harbor1	chrX	42868812	42868974	DNA/hAT-Charlie	832	-	81	42868893	55128
chrX	42813765	43013765	harbor1	chrX	42883000	42883188	DNA/hAT-Charlie	1016	-	94	42883094	69329
chrX	42813765	43013765	harbor1	chrX	42896051	42896215	DNA/hAT-Charlie	962	-	82	42896133	82368
