H_chr	H_start	H_end	Harbor	TE_chr	TE_start	TE_end	TE	score	TE_strand	TE_half	TE_middle_pos	TE_dis
chr1	238791763	238991763	harbor2	chr1	238827505	238827701	DNA/hAT-Charlie	1130	-	98	238827603	35840
chr1	238791763	238991763	harbor2	chr1	238858028	238858346	DNA/hAT-Charlie	514	-	159	238858187	66424
chr1	85236785	85436785	harbor2	chr1	85253021	85253214	DNA/hAT-Charlie	1548	-	96	85253117	16332
chr1	85236785	85436785	harbor2	chr1	85263521	85263686	DNA/hAT-Charlie	560	-	82	85263603	26818
chr1	83434866	83634866	harbor2	chr1	83468610	83468768	DNA/hAT-Charlie	435	-	79	83468689	33823
chr1	83434866	83634866	harbor2	chr1	83479696	83479880	DNA/hAT-Charlie	911	-	92	83479788	44922
chr1	83434866	83634866	harbor2	chr1	83481918	83482345	DNA/hAT-Charlie	1786	-	214	83482132	47266
chr1	223639212	223839212	harbor2	chr1	223647717	223647947	DNA/hAT-Charlie	586	-	115	223647832	8620
chr1	223639212	223839212	harbor2	chr1	223710363	223710423	DNA/hAT-Charlie	1027	-	30	223710393	71181
chr1	223639212	223839212	harbor2	chr1	223711054	223711222	DNA/hAT-Charlie	1027	-	84	223711138	71926
chr1	223639212	223839212	harbor2	chr1	223727282	223727490	DNA/hAT-Charlie	881	-	104	223727386	88174
chr1	181675233	181875233	harbor2	chr1	181697545	181697834	DNA/hAT-Charlie	866	-	144	181697689	22456
chr1	178027537	178227537	harbor2	chr1	178066323	178066630	DNA/hAT-Charlie	1570	-	154	178066477	38940
chr1	178027537	178227537	harbor2	chr1	178108847	178109258	DNA/hAT-Charlie	799	-	206	178109053	81516
chr1	178027537	178227537	harbor2	chr1	178109401	178109719	DNA/hAT-Charlie	1017	-	159	178109560	82023
chr1	178027537	178227537	harbor2	chr1	178118211	178118478	DNA/hAT-Charlie	1853	-	134	178118345	90808
chr1	178027537	178227537	harbor2	chr1	178118475	178118856	DNA/hAT-Charlie	16597	-	190	178118665	91128
chr1	178027537	178227537	harbor2	chr1	178119168	178120996	DNA/hAT-Charlie	16597	-	914	178120082	92545
chr1	179174585	179374585	harbor2	chr1	179213069	179213278	DNA/hAT-Charlie	530	-	104	179213173	38588
chr1	237881455	238081455	harbor2	chr1	237939462	237939694	DNA/hAT-Charlie	1529	-	116	237939578	58123
chr1	237881455	238081455	harbor2	chr1	237939994	237940098	DNA/hAT-Charlie	1529	-	52	237940046	58591
chr1	247524244	247724244	harbor2	chr1	247547600	247547698	DNA/hAT-Charlie	520	-	49	247547649	23405
chr1	213652921	213852921	harbor2	chr1	213718764	213718927	DNA/hAT-Charlie	671	-	82	213718846	65925
chr1	216714048	216914048	harbor2	chr1	216800611	216800740	DNA/hAT-Charlie	454	-	64	216800675	86627
chr1	107497052	107697052	harbor2	chr1	107501202	107501415	DNA/hAT-Charlie	1111	-	106	107501308	4256
chr1	113830100	114030100	harbor2	chr1	113854243	113854310	DNA/hAT-Charlie	463	-	34	113854277	24177
chr1	113830100	114030100	harbor2	chr1	113856984	113857322	DNA/hAT-Charlie	1242	-	169	113857153	27053
chr1	113830100	114030100	harbor2	chr1	113857320	113857432	DNA/hAT-Charlie	574	-	56	113857376	27276
chr1	113830100	114030100	harbor2	chr1	113879685	113879901	DNA/hAT-Charlie	1165	-	108	113879793	49693
chr1	113830100	114030100	harbor2	chr1	113912437	113912534	DNA/hAT-Charlie	448	-	48	113912485	82385
chr1	248710745	248910745	harbor2	chr1	248748861	248749062	DNA/hAT-Charlie	855	-	100	248748961	38216
chr1	248710745	248910745	harbor2	chr1	248752078	248752269	DNA/hAT-Charlie	800	-	96	248752174	41429
chr1	248710745	248910745	harbor2	chr1	248785652	248786007	DNA/hAT-Charlie	795	-	178	248785830	75085
chr1	248710745	248910745	harbor2	chr1	248801916	248802107	DNA/hAT-Charlie	648	-	96	248802012	91267
chr1	209361823	209561823	harbor2	chr1	209415372	209415522	DNA/hAT-Charlie	815	-	75	209415447	53624
chr1	209361823	209561823	harbor2	chr1	209418961	209419278	DNA/hAT-Charlie	615	-	158	209419119	57296
chr1	209361823	209561823	harbor2	chr1	209438427	209438582	DNA/hAT-Charlie	772	-	78	209438505	76682
chr1	218223925	218423925	harbor2	chr1	218234969	218235239	DNA/hAT-Charlie	1190	-	135	218235104	11179
chr1	218223925	218423925	harbor2	chr1	218244789	218245004	DNA/hAT-Charlie	748	-	108	218244897	20972
chr1	218223925	218423925	harbor2	chr1	218259842	218260032	DNA/hAT-Charlie	622	-	95	218259937	36012
chr1	218223925	218423925	harbor2	chr1	218290075	218290264	DNA/hAT-Charlie	663	-	94	218290169	66244
chr1	218223925	218423925	harbor2	chr1	218298679	218298847	DNA/hAT-Charlie	834	-	84	218298763	74838
chr1	218223925	218423925	harbor2	chr1	218306647	218306972	DNA/hAT-Charlie	1318	-	162	218306809	82884
chr1	240507613	240707613	harbor2	chr1	240523293	240523489	DNA/hAT-Charlie	1009	-	98	240523391	15778
chr1	240507613	240707613	harbor2	chr1	240558669	240559340	DNA/hAT-Charlie	2927	-	336	240559005	51392
chr1	240507613	240707613	harbor2	chr1	240559644	240560003	DNA/hAT-Charlie	2927	-	180	240559824	52211
chr1	240507613	240707613	harbor2	chr1	240560132	240560342	DNA/hAT-Charlie	813	-	105	240560237	52624
chr1	240507613	240707613	harbor2	chr1	240581953	240582128	DNA/hAT-Charlie	780	-	88	240582041	74428
chr1	240507613	240707613	harbor2	chr1	240604342	240604658	DNA/hAT-Charlie	872	-	158	240604500	96887
chr1	23715438	23915438	harbor2	chr1	23727381	23727672	DNA/hAT-Charlie	684	-	146	23727527	12089
chr1	23715438	23915438	harbor2	chr1	23730466	23730556	DNA/hAT-Charlie	593	-	45	23730511	15073
chr1	23715438	23915438	harbor2	chr1	23730865	23731012	DNA/hAT-Charlie	593	-	74	23730939	15501
chr1	23715438	23915438	harbor2	chr1	23777043	23777263	DNA/hAT-Charlie	431	-	110	23777153	61715
chr1	23715438	23915438	harbor2	chr1	23779085	23779241	DNA/hAT-Charlie	468	-	78	23779163	63725
chr1	57565137	57765137	harbor2	chr1	57613999	57614267	DNA/hAT-Charlie	788	-	134	57614133	48996
chr1	57565137	57765137	harbor2	chr1	57633255	57633438	DNA/hAT-Charlie	888	-	92	57633347	68210
chr1	174449313	174649313	harbor2	chr1	174475112	174475274	DNA/hAT-Charlie	636	-	81	174475193	25880
chr1	174449313	174649313	harbor2	chr1	174479083	174479246	DNA/hAT-Charlie	764	-	82	174479165	29852
chr1	174449313	174649313	harbor2	chr1	174479320	174479502	DNA/hAT-Charlie	449	-	91	174479411	30098
chr1	174449313	174649313	harbor2	chr1	174514831	174515071	DNA/hAT-Charlie	742	-	120	174514951	65638
chr1	170157294	170357294	harbor2	chr1	170164566	170164726	DNA/hAT-Charlie	654	-	80	170164646	7352
chr1	170157294	170357294	harbor2	chr1	170234889	170235143	DNA/hAT-Charlie	683	-	127	170235016	77722
chr1	170157294	170357294	harbor2	chr1	170237678	170237975	DNA/hAT-Charlie	768	-	148	170237826	80532
chr1	239853196	240053196	harbor2	chr1	239875266	239875580	DNA/hAT-Charlie	984	-	157	239875423	22227
chr1	239853196	240053196	harbor2	chr1	239877763	239877878	DNA/hAT-Charlie	3399	-	58	239877821	24625
chr1	239853196	240053196	harbor2	chr1	239878158	239878562	DNA/hAT-Charlie	3399	-	202	239878360	25164
chr1	239853196	240053196	harbor2	chr1	239879009	239879138	DNA/hAT-Charlie	650	-	64	239879073	25877
chr1	239853196	240053196	harbor2	chr1	239879295	239879341	DNA/hAT-Charlie	650	-	23	239879318	26122
chr1	239853196	240053196	harbor2	chr1	239885246	239885436	DNA/hAT-Charlie	778	-	95	239885341	32145
chr1	239853196	240053196	harbor2	chr1	239896654	239896865	DNA/hAT-Charlie	1054	-	106	239896760	43564
chr1	194213516	194413516	harbor2	chr1	194293000	194293176	DNA/hAT-Charlie	616	-	88	194293088	79572
chr1	153694467	153894467	harbor2	chr1	153696043	153696121	DNA/hAT-Charlie	580	-	39	153696082	1615
chr1	153694467	153894467	harbor2	chr1	153696776	153696837	DNA/hAT-Charlie	580	-	30	153696806	2339
chr1	153694467	153894467	harbor2	chr1	153696832	153697118	DNA/hAT-Charlie	1291	-	143	153696975	2508
chr1	245342135	245542135	harbor2	chr1	245355251	245355393	DNA/hAT-Charlie	875	-	71	245355322	13187
chr1	245342135	245542135	harbor2	chr1	245419871	245420051	DNA/hAT-Charlie	651	-	90	245419961	77826
chr1	239353691	239553691	harbor2	chr1	239395573	239395734	DNA/hAT-Charlie	735	-	80	239395653	41962
chr1	239353691	239553691	harbor2	chr1	239410265	239410513	DNA/hAT-Charlie	696	-	124	239410389	56698
chr1	172903948	173103948	harbor2	chr1	172924106	172924293	DNA/hAT-Charlie	1406	-	94	172924200	20252
chr1	172903948	173103948	harbor2	chr1	172926738	172927139	DNA/hAT-Charlie	1406	-	200	172926938	22990
chr1	172903948	173103948	harbor2	chr1	172927144	172927491	DNA/hAT-Charlie	688	-	174	172927318	23370
chr1	172903948	173103948	harbor2	chr1	172932681	172932854	DNA/hAT-Charlie	796	-	86	172932767	28819
chr1	172903948	173103948	harbor2	chr1	172940289	172940555	DNA/hAT-Charlie	482	-	133	172940422	36474
chr1	223533943	223733943	harbor2	chr1	223628503	223628621	DNA/hAT-Charlie	595	-	59	223628562	94619
chr1	216480807	216680807	harbor2	chr1	216546059	216546261	DNA/hAT-Charlie	803	-	101	216546160	65353
chr1	118918529	119118529	harbor2	chr1	118919803	118920024	DNA/hAT-Charlie	485	-	110	118919913	1384
chr1	118918529	119118529	harbor2	chr1	119018219	119018402	DNA/hAT-Charlie	812	-	92	119018311	99782
chr1	168838826	169038826	harbor2	chr1	168847078	168847512	DNA/hAT-Charlie	1312	-	217	168847295	8469
chr1	168838826	169038826	harbor2	chr1	168860893	168861108	DNA/hAT-Charlie	499	-	108	168861001	22175
chr1	179824754	180024754	harbor2	chr1	179841166	179841483	DNA/hAT-Charlie	492	-	158	179841324	16570
chr1	179824754	180024754	harbor2	chr1	179845181	179845297	DNA/hAT-Charlie	426	-	58	179845239	20485
chr1	179824754	180024754	harbor2	chr1	179914826	179915484	DNA/hAT-Charlie	4422	-	329	179915155	90401
chr1	179824754	180024754	harbor2	chr1	179915774	179916394	DNA/hAT-Charlie	4422	-	310	179916084	91330
chr1	179824754	180024754	harbor2	chr1	179920454	179920641	DNA/hAT-Charlie	576	-	94	179920548	95794
chr1	231655327	231855327	harbor2	chr1	231683290	231683413	DNA/hAT-Charlie	408	-	62	231683352	28025
chr1	231655327	231855327	harbor2	chr1	231704407	231704474	DNA/hAT-Charlie	618	-	34	231704441	49114
chr1	231655327	231855327	harbor2	chr1	231704786	231704892	DNA/hAT-Charlie	618	-	53	231704839	49512
chr1	231655327	231855327	harbor2	chr1	231744165	231744351	DNA/hAT-Charlie	491	-	93	231744258	88931
chr1	88435331	88635331	harbor2	chr1	88515667	88515840	DNA/hAT-Charlie	1005	-	86	88515753	80422
chr1	195067331	195267331	harbor2	chr1	195081267	195081507	DNA/hAT-Charlie	752	-	120	195081387	14056
chr1	87888360	88088360	harbor2	chr1	87890325	87890892	DNA/hAT-Charlie	1165	-	284	87890609	2249
chr1	87888360	88088360	harbor2	chr1	87891221	87891311	DNA/hAT-Charlie	1165	-	45	87891266	2906
chr1	87888360	88088360	harbor2	chr1	87954507	87954683	DNA/hAT-Charlie	749	-	88	87954595	66235
chr1	87888360	88088360	harbor2	chr1	87978832	87979092	DNA/hAT-Charlie	998	-	130	87978962	90602
chr1	240711816	240911816	harbor2	chr1	240799566	240799751	DNA/hAT-Charlie	1245	-	92	240799658	87842
chr1	243362159	243562159	harbor2	chr1	243402417	243402649	DNA/hAT-Charlie	1156	-	116	243402533	40374
chr1	243362159	243562159	harbor2	chr1	243412283	243412478	DNA/hAT-Charlie	1174	-	98	243412381	50222
chr1	243362159	243562159	harbor2	chr1	243427859	243428051	DNA/hAT-Charlie	828	-	96	243427955	65796
chr1	181095157	181295157	harbor2	chr1	181133300	181133480	DNA/hAT-Charlie	568	-	90	181133390	38233
chr1	181095157	181295157	harbor2	chr1	181167357	181167652	DNA/hAT-Charlie	1520	-	148	181167505	72348
chr1	187534147	187734147	harbor2	chr1	187614087	187614276	DNA/hAT-Charlie	543	-	94	187614181	80034
chr1	187534147	187734147	harbor2	chr1	187624185	187624390	DNA/hAT-Charlie	709	-	102	187624287	90140
chr1	232152947	232352947	harbor2	chr1	232194726	232194888	DNA/hAT-Charlie	675	-	81	232194807	41860
chr1	232152947	232352947	harbor2	chr1	232208425	232208563	DNA/hAT-Charlie	1494	-	69	232208494	55547
chr1	232152947	232352947	harbor2	chr1	232208872	232209039	DNA/hAT-Charlie	1494	-	84	232208956	56009
chr1	232152947	232352947	harbor2	chr1	232221025	232221196	DNA/hAT-Charlie	460	-	86	232221111	68164
chr1	232152947	232352947	harbor2	chr1	232237672	232237882	DNA/hAT-Charlie	1085	-	105	232237777	84830
chr1	167129795	167329795	harbor2	chr1	167152886	167153253	DNA/hAT-Charlie	2285	-	184	167153070	23275
chr1	167129795	167329795	harbor2	chr1	167153556	167153909	DNA/hAT-Charlie	2285	-	176	167153732	23937
chr1	167129795	167329795	harbor2	chr1	167199775	167199951	DNA/hAT-Charlie	610	-	88	167199863	70068
chr1	76260370	76460370	harbor2	chr1	76269373	76269523	DNA/hAT-Charlie	542	-	75	76269448	9078
chr1	76260370	76460370	harbor2	chr1	76334746	76334871	DNA/hAT-Charlie	546	-	62	76334808	74438
chr1	76260370	76460370	harbor2	chr1	76348408	76348483	DNA/hAT-Charlie	497	-	38	76348446	88076
chr1	185028550	185228550	harbor2	chr1	185089008	185089324	DNA/hAT-Charlie	1796	-	158	185089166	60616
chr1	238308423	238508423	harbor2	chr1	238309709	238309916	DNA/hAT-Charlie	912	-	104	238309813	1390
chr1	232561820	232761820	harbor2	chr1	232637523	232637739	DNA/hAT-Charlie	1223	-	108	232637631	75811
chr1	239828801	240028801	harbor2	chr1	239875266	239875580	DNA/hAT-Charlie	984	-	157	239875423	46622
chr1	239828801	240028801	harbor2	chr1	239877763	239877878	DNA/hAT-Charlie	3399	-	58	239877821	49020
chr1	239828801	240028801	harbor2	chr1	239878158	239878562	DNA/hAT-Charlie	3399	-	202	239878360	49559
chr1	239828801	240028801	harbor2	chr1	239879009	239879138	DNA/hAT-Charlie	650	-	64	239879073	50272
chr1	239828801	240028801	harbor2	chr1	239879295	239879341	DNA/hAT-Charlie	650	-	23	239879318	50517
chr1	239828801	240028801	harbor2	chr1	239885246	239885436	DNA/hAT-Charlie	778	-	95	239885341	56540
chr1	239828801	240028801	harbor2	chr1	239896654	239896865	DNA/hAT-Charlie	1054	-	106	239896760	67959
chr1	245311543	245511543	harbor2	chr1	245355251	245355393	DNA/hAT-Charlie	875	-	71	245355322	43779
chr1	212945932	213145932	harbor2	chr1	212977708	212977880	DNA/hAT-Charlie	928	-	86	212977794	31862
chr1	86465300	86665300	harbor2	chr1	86474251	86474308	DNA/hAT-Charlie	686	-	28	86474279	8979
chr1	86465300	86665300	harbor2	chr1	86474567	86474678	DNA/hAT-Charlie	686	-	56	86474623	9323
chr1	86465300	86665300	harbor2	chr1	86495772	86495986	DNA/hAT-Charlie	1087	-	107	86495879	30579
chr1	86465300	86665300	harbor2	chr1	86520158	86520276	DNA/hAT-Charlie	550	-	59	86520217	54917
chr1	86465300	86665300	harbor2	chr1	86530548	86530705	DNA/hAT-Charlie	892	-	78	86530626	65326
chr1	86465300	86665300	harbor2	chr1	86562390	86562552	DNA/hAT-Charlie	655	-	81	86562471	97171
chr1	146585524	146785524	harbor2	chr1	146623367	146623393	DNA/hAT-Charlie	703	-	13	146623380	37856
chr1	146585524	146785524	harbor2	chr1	146623755	146623994	DNA/hAT-Charlie	703	-	120	146623875	38351
chr1	172255479	172455479	harbor2	chr1	172271074	172271132	DNA/hAT-Charlie	444	-	29	172271103	15624
chr1	172255479	172455479	harbor2	chr1	172271303	172273882	DNA/hAT-Charlie	10357	-	1290	172272593	17114
chr1	172255479	172455479	harbor2	chr1	172274769	172274987	DNA/hAT-Charlie	879	-	109	172274878	19399
chr1	172255479	172455479	harbor2	chr1	172278323	172278539	DNA/hAT-Charlie	1509	-	108	172278431	22952
chr1	172255479	172455479	harbor2	chr1	172289053	172289219	DNA/hAT-Charlie	501	-	83	172289136	33657
chr1	172255479	172455479	harbor2	chr1	172337394	172337669	DNA/hAT-Charlie	489	-	138	172337532	82053
chr1	218261884	218461884	harbor2	chr1	218290075	218290264	DNA/hAT-Charlie	663	-	94	218290169	28285
chr1	218261884	218461884	harbor2	chr1	218298679	218298847	DNA/hAT-Charlie	834	-	84	218298763	36879
chr1	218261884	218461884	harbor2	chr1	218306647	218306972	DNA/hAT-Charlie	1318	-	162	218306809	44925
chr1	218261884	218461884	harbor2	chr1	218327943	218328109	DNA/hAT-Charlie	665	-	83	218328026	66142
chr1	194452348	194652348	harbor2	chr1	194504246	194504474	DNA/hAT-Charlie	687	-	114	194504360	52012
chr1	245832758	246032758	harbor2	chr1	245841010	245841125	DNA/hAT-Charlie	422	-	58	245841068	8310
chr1	245832758	246032758	harbor2	chr1	245843215	245843487	DNA/hAT-Charlie	669	-	136	245843351	10593
chr1	245832758	246032758	harbor2	chr1	245865664	245865852	DNA/hAT-Charlie	918	-	94	245865758	33000
chr1	241559101	241759101	harbor2	chr1	241559115	241559307	DNA/hAT-Charlie	698	-	96	241559211	110
chr1	241559101	241759101	harbor2	chr1	241587071	241587377	DNA/hAT-Charlie	1920	-	153	241587224	28123
chr1	241559101	241759101	harbor2	chr1	241620219	241620325	DNA/hAT-Charlie	467	-	53	241620272	61171
chr1	241559101	241759101	harbor2	chr1	241620685	241620859	DNA/hAT-Charlie	747	-	87	241620772	61671
chr1	241559101	241759101	harbor2	chr1	241625810	241626010	DNA/hAT-Charlie	765	-	100	241625910	66809
chr1	241559101	241759101	harbor2	chr1	241656665	241656870	DNA/hAT-Charlie	967	-	102	241656767	97666
chr1	241559101	241759101	harbor2	chr1	241656912	241656963	DNA/hAT-Charlie	967	-	26	241656938	97837
chr1	115597040	115797040	harbor2	chr1	115598937	115599038	DNA/hAT-Charlie	495	-	50	115598987	1947
chr1	115597040	115797040	harbor2	chr1	115684536	115684716	DNA/hAT-Charlie	681	-	90	115684626	87586
chr1	238790332	238990332	harbor2	chr1	238827505	238827701	DNA/hAT-Charlie	1130	-	98	238827603	37271
chr1	238790332	238990332	harbor2	chr1	238858028	238858346	DNA/hAT-Charlie	514	-	159	238858187	67855
chr1	231376587	231576587	harbor2	chr1	231394940	231395054	DNA/hAT-Charlie	590	-	57	231394997	18410
chr1	231376587	231576587	harbor2	chr1	231395301	231395626	DNA/hAT-Charlie	1040	-	162	231395463	18876
chr1	195444360	195644360	harbor2	chr1	195487745	195488076	DNA/hAT-Charlie	476	-	166	195487911	43551
chr1	189033366	189233366	harbor2	chr1	189110332	189110536	DNA/hAT-Charlie	1699	-	102	189110434	77068
chr1	189033366	189233366	harbor2	chr1	189110848	189111000	DNA/hAT-Charlie	1699	-	76	189110924	77558
chr1	185008672	185208672	harbor2	chr1	185089008	185089324	DNA/hAT-Charlie	1796	-	158	185089166	80494
chr1	219944115	220144115	harbor2	chr1	219973841	219973941	DNA/hAT-Charlie	847	-	50	219973891	29776
chr1	219944115	220144115	harbor2	chr1	219974244	219974318	DNA/hAT-Charlie	847	-	37	219974281	30166
chr1	219944115	220144115	harbor2	chr1	219987779	219987968	DNA/hAT-Charlie	894	-	94	219987873	43758
chr1	219944115	220144115	harbor2	chr1	219992486	219992644	DNA/hAT-Charlie	906	-	79	219992565	48450
chr1	240618957	240818957	harbor2	chr1	240653199	240653366	DNA/hAT-Charlie	1085	-	84	240653283	34326
chr1	240618957	240818957	harbor2	chr1	240673205	240673338	DNA/hAT-Charlie	406	-	66	240673271	54314
chr1	172897804	173097804	harbor2	chr1	172924106	172924293	DNA/hAT-Charlie	1406	-	94	172924200	26396
chr1	172897804	173097804	harbor2	chr1	172926738	172927139	DNA/hAT-Charlie	1406	-	200	172926938	29134
chr1	172897804	173097804	harbor2	chr1	172927144	172927491	DNA/hAT-Charlie	688	-	174	172927318	29514
chr1	172897804	173097804	harbor2	chr1	172932681	172932854	DNA/hAT-Charlie	796	-	86	172932767	34963
chr1	172897804	173097804	harbor2	chr1	172940289	172940555	DNA/hAT-Charlie	482	-	133	172940422	42618
chr1	158483257	158683257	harbor2	chr1	158494537	158494642	DNA/hAT-Charlie	483	-	52	158494589	11332
chr1	158483257	158683257	harbor2	chr1	158533563	158533750	DNA/hAT-Charlie	487	-	94	158533657	50400
chr1	158483257	158683257	harbor2	chr1	158565185	158566053	DNA/hAT-Charlie	1454	-	434	158565619	82362
chr1	147956958	148156958	harbor2	chr1	148024239	148024419	DNA/hAT-Charlie	914	-	90	148024329	67371
chr1	173330502	173530502	harbor2	chr1	173347762	173347986	DNA/hAT-Charlie	1162	-	112	173347874	17372
chr1	173330502	173530502	harbor2	chr1	173359760	173359970	DNA/hAT-Charlie	645	-	105	173359865	29363
chr1	173330502	173530502	harbor2	chr1	173393677	173394102	DNA/hAT-Charlie	1212	-	212	173393889	63387
chr1	173330502	173530502	harbor2	chr1	173394233	173394416	DNA/hAT-Charlie	1212	-	92	173394325	63823
chr1	173330502	173530502	harbor2	chr1	173401908	173402069	DNA/hAT-Charlie	406	-	80	173401988	71486
chr1	173330502	173530502	harbor2	chr1	173402753	173402853	DNA/hAT-Charlie	810	-	50	173402803	72301
chr1	173330502	173530502	harbor2	chr1	173403152	173403228	DNA/hAT-Charlie	810	-	38	173403190	72688
chr1	173330502	173530502	harbor2	chr1	173405170	173405474	DNA/hAT-Charlie	1461	-	152	173405322	74820
chr1	36359369	36559369	harbor2	chr1	36396463	36396644	DNA/hAT-Charlie	1002	-	90	36396553	37184
chr1	245948405	246148405	harbor2	chr1	245984506	245984685	DNA/hAT-Charlie	685	-	90	245984596	36191
chr1	245948405	246148405	harbor2	chr1	246037883	246038102	DNA/hAT-Charlie	1198	-	110	246037993	89588
chr1	202037199	202237199	harbor2	chr1	202041578	202041729	DNA/hAT-Charlie	441	-	76	202041654	4455
chr1	202037199	202237199	harbor2	chr1	202049533	202049746	DNA/hAT-Charlie	422	-	106	202049639	12440
chr1	202037199	202237199	harbor2	chr1	202115370	202115528	DNA/hAT-Charlie	619	-	79	202115449	78250
chr1	235679347	235879347	harbor2	chr1	235728868	235729046	DNA/hAT-Charlie	894	-	89	235728957	49610
chr1	235679347	235879347	harbor2	chr1	235757686	235757861	DNA/hAT-Charlie	878	-	88	235757774	78427
chr1	40086215	40286215	harbor2	chr1	40094196	40094483	DNA/hAT-Charlie	1575	-	144	40094340	8125
chr1	40086215	40286215	harbor2	chr1	40129636	40129739	DNA/hAT-Charlie	716	-	52	40129688	43473
chr1	40086215	40286215	harbor2	chr1	40130042	40130149	DNA/hAT-Charlie	716	-	54	40130096	43881
chr1	66780247	66980247	harbor2	chr1	66790065	66790170	DNA/hAT-Charlie	1523	-	52	66790117	9870
chr1	66780247	66980247	harbor2	chr1	66790212	66790329	DNA/hAT-Charlie	1523	-	58	66790270	10023
chr1	66780247	66980247	harbor2	chr1	66793018	66793216	DNA/hAT-Charlie	4278	-	99	66793117	12870
chr1	66780247	66980247	harbor2	chr1	66793498	66794458	DNA/hAT-Charlie	4278	-	480	66793978	13731
chr1	66780247	66980247	harbor2	chr1	66831900	66832136	DNA/hAT-Charlie	733	-	118	66832018	51771
chr1	66780247	66980247	harbor2	chr1	66861583	66861778	DNA/hAT-Charlie	773	-	98	66861681	81434
chr1	230019583	230219583	harbor2	chr1	230074061	230074098	DNA/hAT-Charlie	1077	-	18	230074079	54496
chr1	230019583	230219583	harbor2	chr1	230074378	230074575	DNA/hAT-Charlie	1077	-	98	230074476	54893
chr1	246220510	246420510	harbor2	chr1	246302618	246302771	DNA/hAT-Charlie	449	-	76	246302694	82184
chr1	173501886	173701886	harbor2	chr1	173502684	173502878	DNA/hAT-Charlie	472	-	97	173502781	895
chr1	173501886	173701886	harbor2	chr1	173503512	173503855	DNA/hAT-Charlie	643	-	172	173503684	1798
chr1	173501886	173701886	harbor2	chr1	173538980	173539198	DNA/hAT-Charlie	808	-	109	173539089	37203
chr1	173501886	173701886	harbor2	chr1	173572832	173572978	DNA/hAT-Charlie	479	-	73	173572905	71019
chr1	173501886	173701886	harbor2	chr1	173575887	173576070	DNA/hAT-Charlie	575	-	92	173575979	74093
chr1	173501886	173701886	harbor2	chr1	173576915	173577204	DNA/hAT-Charlie	1351	-	144	173577059	75173
chr1	186336020	186536020	harbor2	chr1	186338585	186338765	DNA/hAT-Charlie	809	-	90	186338675	2655
chr1	186336020	186536020	harbor2	chr1	186393530	186393726	DNA/hAT-Charlie	618	-	98	186393628	57608
chr1	95391895	95591895	harbor2	chr1	95415567	95415728	DNA/hAT-Charlie	457	-	80	95415647	23752
chr1	95391895	95591895	harbor2	chr1	95422379	95422513	DNA/hAT-Charlie	545	-	67	95422446	30551
chr1	248377263	248577263	harbor2	chr1	248439994	248440278	DNA/hAT-Charlie	604	-	142	248440136	62873
chr1	172655810	172855810	harbor2	chr1	172668125	172668351	DNA/hAT-Charlie	997	-	113	172668238	12428
chr1	172655810	172855810	harbor2	chr1	172677522	172677657	DNA/hAT-Charlie	411	-	68	172677590	21780
chr1	172655810	172855810	harbor2	chr1	172701193	172701331	DNA/hAT-Charlie	706	-	69	172701262	45452
chr1	172655810	172855810	harbor2	chr1	172712626	172713036	DNA/hAT-Charlie	1364	-	205	172712831	57021
chr1	172655810	172855810	harbor2	chr1	172732734	172732883	DNA/hAT-Charlie	783	-	74	172732808	76998
chr1	172655810	172855810	harbor2	chr1	172733304	172733379	DNA/hAT-Charlie	783	-	38	172733342	77532
chr1	172655810	172855810	harbor2	chr1	172735668	172735876	DNA/hAT-Charlie	954	-	104	172735772	79962
chr1	172655810	172855810	harbor2	chr1	172743258	172743458	DNA/hAT-Charlie	629	-	100	172743358	87548
chr1	172655810	172855810	harbor2	chr1	172750633	172751157	DNA/hAT-Charlie	1874	-	262	172750895	95085
chr1	181809342	182009342	harbor2	chr1	181812966	181813140	DNA/hAT-Charlie	484	-	87	181813053	3711
chr1	181809342	182009342	harbor2	chr1	181855635	181855764	DNA/hAT-Charlie	597	-	64	181855699	46357
chr1	181809342	182009342	harbor2	chr1	181903745	181904044	DNA/hAT-Charlie	501	-	150	181903895	94553
chr1	245851156	246051156	harbor2	chr1	245865664	245865852	DNA/hAT-Charlie	918	-	94	245865758	14602
chr1	176185069	176385069	harbor2	chr1	176271343	176271487	DNA/hAT-Charlie	638	-	72	176271415	86346
chr1	120271097	120471097	harbor2	chr1	120304201	120304505	DNA/hAT-Charlie	1218	-	152	120304353	33256
chr1	120271097	120471097	harbor2	chr1	120332671	120332868	DNA/hAT-Charlie	428	-	98	120332769	61672
chr1	222805769	223005769	harbor2	chr1	222842691	222842867	DNA/hAT-Charlie	544	-	88	222842779	37010
chr1	144379811	144579811	harbor2	chr1	144475229	144475589	DNA/hAT-Charlie	2076	-	180	144475409	95598
chr1	152050291	152250291	harbor2	chr1	152050403	152050508	DNA/hAT-Charlie	450	-	52	152050455	164
chr1	152050291	152250291	harbor2	chr1	152068031	152068199	DNA/hAT-Charlie	439	-	84	152068115	17824
chr1	229758380	229958380	harbor2	chr1	229821095	229821321	DNA/hAT-Charlie	817	-	113	229821208	62828
chr1	231146247	231346247	harbor2	chr1	231195232	231195422	DNA/hAT-Charlie	584	-	95	231195327	49080
chr1	231146247	231346247	harbor2	chr1	231195755	231195931	DNA/hAT-Charlie	677	-	88	231195843	49596
chr1	231146247	231346247	harbor2	chr1	231219177	231219358	DNA/hAT-Charlie	683	-	90	231219267	73020
chr1	231146247	231346247	harbor2	chr1	231236756	231236831	DNA/hAT-Charlie	431	-	38	231236794	90547
chr1	191437176	191637176	harbor2	chr1	191507744	191507924	DNA/hAT-Charlie	649	-	90	191507834	70658
chr1	191437176	191637176	harbor2	chr1	191532442	191532559	DNA/hAT-Charlie	513	-	58	191532500	95324
chr1	244095961	244295961	harbor2	chr1	244134746	244136221	DNA/hAT-Charlie	3937	-	738	244135484	39523
chr1	244095961	244295961	harbor2	chr1	244136516	244136620	DNA/hAT-Charlie	3937	-	52	244136568	40607
chr1	145599117	145799117	harbor2	chr1	145620164	145620366	DNA/hAT-Charlie	975	-	101	145620265	21148
chr1	154425596	154625596	harbor2	chr1	154444132	154444208	DNA/hAT-Charlie	650	-	38	154444170	18574
chr1	154425596	154625596	harbor2	chr1	154444506	154444608	DNA/hAT-Charlie	650	-	51	154444557	18961
chr1	154425596	154625596	harbor2	chr1	154492211	154492356	DNA/hAT-Charlie	538	-	72	154492283	66687
chr1	154425596	154625596	harbor2	chr1	154518758	154518882	DNA/hAT-Charlie	662	-	62	154518820	93224
chr1	154425596	154625596	harbor2	chr1	154523359	154523525	DNA/hAT-Charlie	756	-	83	154523442	97846
chr1	198328657	198528657	harbor2	chr1	198341783	198342142	DNA/hAT-Charlie	2045	-	180	198341963	13306
chr1	198328657	198528657	harbor2	chr1	198356431	198356730	DNA/hAT-Charlie	559	-	150	198356581	27924
chr1	198328657	198528657	harbor2	chr1	198365008	198365305	DNA/hAT-Charlie	1314	-	148	198365156	36499
chr1	230857768	231057768	harbor2	chr1	230905588	230905786	DNA/hAT-Charlie	919	-	99	230905687	47919
chr1	230857768	231057768	harbor2	chr1	230947462	230947667	DNA/hAT-Charlie	1362	-	102	230947564	89796
chr1	230857768	231057768	harbor2	chr1	230948146	230948406	DNA/hAT-Charlie	520	-	130	230948276	90508
chr1	247451404	247651404	harbor2	chr1	247485101	247485280	DNA/hAT-Charlie	787	-	90	247485191	33787
chr1	247451404	247651404	harbor2	chr1	247498689	247499044	DNA/hAT-Charlie	2557	-	178	247498867	47463
chr1	247451404	247651404	harbor2	chr1	247547600	247547698	DNA/hAT-Charlie	520	-	49	247547649	96245
chr1	143899942	144099942	harbor2	chr1	143903418	143903607	DNA/hAT-Charlie	491	-	94	143903512	3570
chr1	143899942	144099942	harbor2	chr1	143922897	143923269	DNA/hAT-Charlie	877	-	186	143923083	23141
chr1	164322431	164522431	harbor2	chr1	164329334	164329622	DNA/hAT-Charlie	1313	-	144	164329478	7047
chr1	164322431	164522431	harbor2	chr1	164330578	164330738	DNA/hAT-Charlie	435	-	80	164330658	8227
chr1	164322431	164522431	harbor2	chr1	164336194	164336480	DNA/hAT-Charlie	481	-	143	164336337	13906
chr1	164322431	164522431	harbor2	chr1	164369110	164369326	DNA/hAT-Charlie	803	-	108	164369218	46787
chr1	164322431	164522431	harbor2	chr1	164377686	164377892	DNA/hAT-Charlie	490	-	103	164377789	55358
chr1	237384465	237584465	harbor2	chr1	237418411	237418936	DNA/hAT-Charlie	730	-	262	237418673	34208
chr1	237384465	237584465	harbor2	chr1	237443656	237443820	DNA/hAT-Charlie	715	-	82	237443738	59273
chr1	64527261	64727261	harbor2	chr1	64579070	64579293	DNA/hAT-Charlie	744	-	112	64579182	51921
chr1	64527261	64727261	harbor2	chr1	64580668	64580852	DNA/hAT-Charlie	761	-	92	64580760	53499
chr1	64527261	64727261	harbor2	chr1	64600878	64601060	DNA/hAT-Charlie	749	-	91	64600969	73708
chr1	248423421	248623421	harbor2	chr1	248439994	248440278	DNA/hAT-Charlie	604	-	142	248440136	16715
chr1	239570054	239770054	harbor2	chr1	239636925	239637183	DNA/hAT-Charlie	575	-	129	239637054	67000
chr1	239570054	239770054	harbor2	chr1	239643909	239644236	DNA/hAT-Charlie	1220	-	164	239644073	74019
chr1	239570054	239770054	harbor2	chr1	239644688	239644825	DNA/hAT-Charlie	441	-	68	239644756	74702
chr1	239570054	239770054	harbor2	chr1	239644870	239645227	DNA/hAT-Charlie	478	-	178	239645048	74994
chr1	239570054	239770054	harbor2	chr1	239659690	239659839	DNA/hAT-Charlie	728	-	74	239659764	89710
chr1	181805898	182005898	harbor2	chr1	181812966	181813140	DNA/hAT-Charlie	484	-	87	181813053	7155
chr1	181805898	182005898	harbor2	chr1	181855635	181855764	DNA/hAT-Charlie	597	-	64	181855699	49801
chr1	181805898	182005898	harbor2	chr1	181903745	181904044	DNA/hAT-Charlie	501	-	150	181903895	97997
chr1	200611413	200811413	harbor2	chr1	200626133	200626227	DNA/hAT-Charlie	862	-	47	200626180	14767
chr1	200611413	200811413	harbor2	chr1	200626358	200626437	DNA/hAT-Charlie	862	-	40	200626398	14985
chr1	200611413	200811413	harbor2	chr1	200626727	200626821	DNA/hAT-Charlie	862	-	47	200626774	15361
chr1	44370169	44570169	harbor2	chr1	44440107	44440301	DNA/hAT-Charlie	1041	-	97	44440204	70035
chr1	44370169	44570169	harbor2	chr1	44446890	44447158	DNA/hAT-Charlie	716	-	134	44447024	76855
chr1	44370169	44570169	harbor2	chr1	44453793	44453922	DNA/hAT-Charlie	623	-	64	44453857	83688
chr1	44370169	44570169	harbor2	chr1	44453907	44454152	DNA/hAT-Charlie	1116	-	122	44454029	83860
chr1	189882304	190082304	harbor2	chr1	189882425	189882565	DNA/hAT-Charlie	590	-	70	189882495	191
chr1	189882304	190082304	harbor2	chr1	189900432	189900623	DNA/hAT-Charlie	901	-	96	189900528	18224
chr1	189882304	190082304	harbor2	chr1	189901443	189901601	DNA/hAT-Charlie	651	-	79	189901522	19218
chr1	189882304	190082304	harbor2	chr1	189933108	189933290	DNA/hAT-Charlie	914	-	91	189933199	50895
chr1	189882304	190082304	harbor2	chr1	189964220	189964389	DNA/hAT-Charlie	468	-	84	189964304	82000
chr1	200225745	200425745	harbor2	chr1	200252809	200253048	DNA/hAT-Charlie	1010	-	120	200252929	27184
chr1	200225745	200425745	harbor2	chr1	200253358	200253449	DNA/hAT-Charlie	1010	-	46	200253404	27659
chr1	200225745	200425745	harbor2	chr1	200286658	200286898	DNA/hAT-Charlie	747	-	120	200286778	61033
chr1	200225745	200425745	harbor2	chr1	200288674	200288839	DNA/hAT-Charlie	759	-	82	200288756	63011
chr1	200225745	200425745	harbor2	chr1	200304255	200304508	DNA/hAT-Charlie	627	-	126	200304381	78636
chr1	200225745	200425745	harbor2	chr1	200318544	200318657	DNA/hAT-Charlie	677	-	56	200318600	92855
chr1	200225745	200425745	harbor2	chr1	200318686	200318748	DNA/hAT-Charlie	677	-	31	200318717	92972
chr1	243095345	243295345	harbor2	chr1	243136986	243137205	DNA/hAT-Charlie	923	-	110	243137096	41751
chr1	243095345	243295345	harbor2	chr1	243141235	243141537	DNA/hAT-Charlie	1453	-	151	243141386	46041
chr1	243095345	243295345	harbor2	chr1	243184786	243184948	DNA/hAT-Charlie	640	-	81	243184867	89522
chr1	227636128	227836128	harbor2	chr1	227668540	227668735	DNA/hAT-Charlie	436	-	98	227668638	32510
chr1	144244969	144444969	harbor2	chr1	144271320	144271524	DNA/hAT-Charlie	803	-	102	144271422	26453
chr1	144244969	144444969	harbor2	chr1	144293031	144293248	DNA/hAT-Charlie	744	-	108	144293139	48170
chr1	144244969	144444969	harbor2	chr1	144325717	144325909	DNA/hAT-Charlie	1179	-	96	144325813	80844
chr1	185836540	186036540	harbor2	chr1	185859409	185859641	DNA/hAT-Charlie	703	-	116	185859525	22985
chr1	185836540	186036540	harbor2	chr1	185935266	185935408	DNA/hAT-Charlie	513	-	71	185935337	98797
chr1	242473934	242673934	harbor2	chr1	242500928	242501062	DNA/hAT-Charlie	431	-	67	242500995	27061
chr1	242473934	242673934	harbor2	chr1	242501126	242501286	DNA/hAT-Charlie	489	-	80	242501206	27272
chr1	242473934	242673934	harbor2	chr1	242564998	242565200	DNA/hAT-Charlie	822	-	101	242565099	91165
chr1	55998891	56198891	harbor2	chr1	56008863	56008999	DNA/hAT-Charlie	608	-	68	56008931	10040
chr1	55998891	56198891	harbor2	chr1	56017221	56017429	DNA/hAT-Charlie	626	-	104	56017325	18434
chr1	55998891	56198891	harbor2	chr1	56017520	56017655	DNA/hAT-Charlie	475	-	68	56017588	18697
chr1	55998891	56198891	harbor2	chr1	56071870	56072153	DNA/hAT-Charlie	462	-	142	56072012	73121
chr1	231806707	232006707	harbor2	chr1	231848423	231848582	DNA/hAT-Charlie	683	-	80	231848503	41796
chr1	231806707	232006707	harbor2	chr1	231891110	231891330	DNA/hAT-Charlie	1583	-	110	231891220	84513
chr1	231806707	232006707	harbor2	chr1	231899211	231899393	DNA/hAT-Charlie	920	-	91	231899302	92595
chr1	229400048	229600048	harbor2	chr1	229461005	229461206	DNA/hAT-Charlie	1077	-	100	229461105	61057
chr1	229400048	229600048	harbor2	chr1	229474556	229474737	DNA/hAT-Charlie	768	-	90	229474646	74598
chr1	229400048	229600048	harbor2	chr1	229484275	229484480	DNA/hAT-Charlie	1538	-	102	229484377	84329
chr1	200258718	200458718	harbor2	chr1	200286658	200286898	DNA/hAT-Charlie	747	-	120	200286778	28060
chr1	200258718	200458718	harbor2	chr1	200288674	200288839	DNA/hAT-Charlie	759	-	82	200288756	30038
chr1	200258718	200458718	harbor2	chr1	200304255	200304508	DNA/hAT-Charlie	627	-	126	200304381	45663
chr1	200258718	200458718	harbor2	chr1	200318544	200318657	DNA/hAT-Charlie	677	-	56	200318600	59882
chr1	200258718	200458718	harbor2	chr1	200318686	200318748	DNA/hAT-Charlie	677	-	31	200318717	59999
chr1	200258718	200458718	harbor2	chr1	200338544	200338868	DNA/hAT-Charlie	1404	-	162	200338706	79988
chr1	200258718	200458718	harbor2	chr1	200344004	200344182	DNA/hAT-Charlie	438	-	89	200344093	85375
chr1	200258718	200458718	harbor2	chr1	200353571	200353776	DNA/hAT-Charlie	518	-	102	200353673	94955
chr1	200258718	200458718	harbor2	chr1	200353789	200353910	DNA/hAT-Charlie	493	-	60	200353849	95131
chr1	247094582	247294582	harbor2	chr1	247172434	247172742	DNA/hAT-Charlie	1046	-	154	247172588	78006
chr1	242606595	242806595	harbor2	chr1	242633100	242633182	DNA/hAT-Charlie	492	-	41	242633141	26546
chr1	242606595	242806595	harbor2	chr1	242681158	242681309	DNA/hAT-Charlie	547	-	76	242681234	74639
chr1	242606595	242806595	harbor2	chr1	242682605	242682801	DNA/hAT-Charlie	690	-	98	242682703	76108
chr1	143745955	143945955	harbor2	chr1	143754656	143755008	DNA/hAT-Charlie	1820	-	176	143754832	8877
chr1	225024407	225224407	harbor2	chr1	225050782	225051116	DNA/hAT-Charlie	1976	-	167	225050949	26542
chr1	221903777	222103777	harbor2	chr1	221918400	221918435	DNA/hAT-Charlie	609	-	18	221918418	14641
chr1	221903777	222103777	harbor2	chr1	221918775	221918913	DNA/hAT-Charlie	609	-	69	221918844	15067
chr1	221903777	222103777	harbor2	chr1	221936885	221937060	DNA/hAT-Charlie	827	-	88	221936973	33196
chr1	221903777	222103777	harbor2	chr1	221990630	221990814	DNA/hAT-Charlie	931	-	92	221990722	86945
chr1	221903777	222103777	harbor2	chr1	221993249	221993762	DNA/hAT-Charlie	3660	-	256	221993505	89728
chr1	66653305	66853305	harbor2	chr1	66685679	66685872	DNA/hAT-Charlie	744	-	96	66685775	32470
chr1	66653305	66853305	harbor2	chr1	66707779	66708023	DNA/hAT-Charlie	563	-	122	66707901	54596
chr1	107408456	107608456	harbor2	chr1	107437597	107437904	DNA/hAT-Charlie	1156	-	154	107437751	29295
chr1	107408456	107608456	harbor2	chr1	107445688	107446005	DNA/hAT-Charlie	1677	-	158	107445846	37390
chr1	107408456	107608456	harbor2	chr1	107475762	107475943	DNA/hAT-Charlie	858	-	90	107475852	67396
chr1	107408456	107608456	harbor2	chr1	107489989	107490168	DNA/hAT-Charlie	652	-	90	107490079	81623
chr1	107408456	107608456	harbor2	chr1	107501202	107501415	DNA/hAT-Charlie	1111	-	106	107501308	92852
chr1	82768688	82968688	harbor2	chr1	82791319	82791496	DNA/hAT-Charlie	447	-	88	82791407	22719
chr1	164842370	165042370	harbor2	chr1	164872023	164872146	DNA/hAT-Charlie	435	-	62	164872085	29715
chr1	164842370	165042370	harbor2	chr1	164911348	164911563	DNA/hAT-Charlie	1208	-	108	164911456	69086
chr1	243746763	243946763	harbor2	chr1	243758539	243758892	DNA/hAT-Charlie	1944	-	176	243758715	11952
chr1	243746763	243946763	harbor2	chr1	243777081	243777426	DNA/hAT-Charlie	1627	-	172	243777253	30490
chr1	243746763	243946763	harbor2	chr1	243779052	243779166	DNA/hAT-Charlie	443	-	57	243779109	32346
chr1	243746763	243946763	harbor2	chr1	243835091	243835293	DNA/hAT-Charlie	979	-	101	243835192	88429
chr1	243746763	243946763	harbor2	chr1	243835529	243835753	DNA/hAT-Charlie	682	-	112	243835641	88878
chr1	229011022	229211022	harbor2	chr1	229016250	229016355	DNA/hAT-Charlie	438	-	52	229016302	5280
chr1	229011022	229211022	harbor2	chr1	229017010	229017152	DNA/hAT-Charlie	474	-	71	229017081	6059
chr1	229011022	229211022	harbor2	chr1	229027593	229027860	DNA/hAT-Charlie	784	-	134	229027727	16705
chr1	229011022	229211022	harbor2	chr1	229028853	229029128	DNA/hAT-Charlie	992	-	138	229028991	17969
chr1	229011022	229211022	harbor2	chr1	229059314	229059528	DNA/hAT-Charlie	893	-	107	229059421	48399
chr1	215210141	215410141	harbor2	chr1	215216567	215216882	DNA/hAT-Charlie	1377	-	158	215216725	6584
chr1	215210141	215410141	harbor2	chr1	215218741	215219154	DNA/hAT-Charlie	1011	-	206	215218947	8806
chr1	215210141	215410141	harbor2	chr1	215244333	215244545	DNA/hAT-Charlie	784	-	106	215244439	34298
chr1	215210141	215410141	harbor2	chr1	215270895	215271073	DNA/hAT-Charlie	506	-	89	215270984	60843
chr1	244372121	244572121	harbor2	chr1	244373554	244373679	DNA/hAT-Charlie	532	-	62	244373616	1495
chr1	244372121	244572121	harbor2	chr1	244373764	244373830	DNA/hAT-Charlie	532	-	33	244373797	1676
chr1	192413260	192613260	harbor2	chr1	192418732	192418976	DNA/hAT-Charlie	764	-	122	192418854	5594
chr1	192413260	192613260	harbor2	chr1	192450094	192450233	DNA/hAT-Charlie	581	-	70	192450164	36904
chr1	192413260	192613260	harbor2	chr1	192471640	192471852	DNA/hAT-Charlie	590	-	106	192471746	58486
chr1	184898608	185098608	harbor2	chr1	184932117	184932648	DNA/hAT-Charlie	3727	-	266	184932383	33775
chr1	184898608	185098608	harbor2	chr1	184952464	184952692	DNA/hAT-Charlie	1559	-	114	184952578	53970
chr1	184898608	185098608	harbor2	chr1	184954938	184955296	DNA/hAT-Charlie	919	-	179	184955117	56509
chr1	79255836	79455836	harbor2	chr1	79291604	79291867	DNA/hAT-Charlie	564	-	132	79291736	35900
chr1	79255836	79455836	harbor2	chr1	79312886	79313168	DNA/hAT-Charlie	528	-	141	79313027	57191
chr1	188638641	188838641	harbor2	chr1	188684492	188687188	DNA/hAT-Charlie	17162	-	1348	188685840	47199
chr1	188638641	188838641	harbor2	chr1	188713773	188714075	DNA/hAT-Charlie	786	-	151	188713924	75283
chr1	183793100	183993100	harbor2	chr1	183837714	183838056	DNA/hAT-Charlie	2279	-	171	183837885	44785
chr1	183793100	183993100	harbor2	chr1	183844382	183844614	DNA/hAT-Charlie	500	-	116	183844498	51398
chr1	183793100	183993100	harbor2	chr1	183858269	183858410	DNA/hAT-Charlie	425	-	70	183858339	65239
chr1	185988450	186188450	harbor2	chr1	186009873	186010139	DNA/hAT-Charlie	1198	-	133	186010006	21556
chr1	185988450	186188450	harbor2	chr1	186010749	186011035	DNA/hAT-Charlie	9221	-	143	186010892	22442
chr1	185988450	186188450	harbor2	chr1	186011344	186013328	DNA/hAT-Charlie	9221	-	992	186012336	23886
chr1	185988450	186188450	harbor2	chr1	186024829	186025313	DNA/hAT-Charlie	3227	-	242	186025071	36621
chr1	185988450	186188450	harbor2	chr1	186080548	186080737	DNA/hAT-Charlie	758	-	94	186080642	92192
chr1	222989637	223189637	harbor2	chr1	222992648	222992864	DNA/hAT-Charlie	514	-	108	222992756	3119
chr1	222989637	223189637	harbor2	chr1	222993166	222993222	DNA/hAT-Charlie	514	-	28	222993194	3557
chr1	222989637	223189637	harbor2	chr1	223030941	223031076	DNA/hAT-Charlie	549	-	68	223031009	41372
chr1	222989637	223189637	harbor2	chr1	223060907	223061114	DNA/hAT-Charlie	446	-	104	223061011	71374
chr1	144233986	144433986	harbor2	chr1	144271320	144271524	DNA/hAT-Charlie	803	-	102	144271422	37436
chr1	144233986	144433986	harbor2	chr1	144293031	144293248	DNA/hAT-Charlie	744	-	108	144293139	59153
chr1	144233986	144433986	harbor2	chr1	144325717	144325909	DNA/hAT-Charlie	1179	-	96	144325813	91827
chr1	55932620	56132620	harbor2	chr1	55939743	55939879	DNA/hAT-Charlie	642	-	68	55939811	7191
chr1	55932620	56132620	harbor2	chr1	55940829	55941156	DNA/hAT-Charlie	1005	-	164	55940993	8373
chr1	55932620	56132620	harbor2	chr1	56008863	56008999	DNA/hAT-Charlie	608	-	68	56008931	76311
chr1	55932620	56132620	harbor2	chr1	56017221	56017429	DNA/hAT-Charlie	626	-	104	56017325	84705
chr1	55932620	56132620	harbor2	chr1	56017520	56017655	DNA/hAT-Charlie	475	-	68	56017588	84968
chr1	237003724	237203724	harbor2	chr1	237083862	237083987	DNA/hAT-Charlie	541	-	62	237083924	80200
chr1	232677111	232877111	harbor2	chr1	232752361	232752475	DNA/hAT-Charlie	509	-	57	232752418	75307
chr1	232677111	232877111	harbor2	chr1	232761505	232761806	DNA/hAT-Charlie	490	-	150	232761655	84544
chr1	198647514	198847514	harbor2	chr1	198655659	198655846	DNA/hAT-Charlie	646	-	94	198655753	8239
chr1	198647514	198847514	harbor2	chr1	198661154	198661708	DNA/hAT-Charlie	1447	-	277	198661431	13917
chr1	205885743	206085743	harbor2	chr1	205982871	205983009	DNA/hAT-Charlie	439	-	69	205982940	97197
chr1	205885743	206085743	harbor2	chr1	205983732	205983916	DNA/hAT-Charlie	416	-	92	205983824	98081
chr1	69841007	70041007	harbor2	chr1	69899495	69899648	DNA/hAT-Charlie	1364	-	76	69899571	58564
chr1	69841007	70041007	harbor2	chr1	69899979	69900173	DNA/hAT-Charlie	1364	-	97	69900076	59069
chr1	69841007	70041007	harbor2	chr1	69919186	69919340	DNA/hAT-Charlie	633	-	77	69919263	78256
chr1	242274026	242474026	harbor2	chr1	242279307	242279480	DNA/hAT-Charlie	677	-	86	242279393	5367
chr1	242274026	242474026	harbor2	chr1	242311356	242311494	DNA/hAT-Charlie	655	-	69	242311425	37399
chr1	242274026	242474026	harbor2	chr1	242320732	242320906	DNA/hAT-Charlie	795	-	87	242320819	46793
chr1	113179548	113379548	harbor2	chr1	113218488	113218597	DNA/hAT-Charlie	491	-	54	113218542	38994
chr1	113179548	113379548	harbor2	chr1	113243192	113243371	DNA/hAT-Charlie	804	-	90	113243282	63734
chr1	113179548	113379548	harbor2	chr1	113248833	113248969	DNA/hAT-Charlie	472	-	68	113248901	69353
chr1	248023155	248223155	harbor2	chr1	248085743	248085995	DNA/hAT-Charlie	1514	-	126	248085869	62714
chr1	248023155	248223155	harbor2	chr1	248100620	248100796	DNA/hAT-Charlie	429	-	88	248100708	77553
chr1	230339685	230539685	harbor2	chr1	230342814	230343015	DNA/hAT-Charlie	852	-	100	230342914	3229
chr1	230339685	230539685	harbor2	chr1	230352312	230352400	DNA/hAT-Charlie	464	-	44	230352356	12671
chr1	168291066	168491066	harbor2	chr1	168310396	168310510	DNA/hAT-Charlie	669	-	57	168310453	19387
chr1	168291066	168491066	harbor2	chr1	168378258	168378472	DNA/hAT-Charlie	545	-	107	168378365	87299
chr1	238677994	238877994	harbor2	chr1	238740987	238741149	DNA/hAT-Charlie	558	-	81	238741068	63074
chr1	238677994	238877994	harbor2	chr1	238772256	238772928	DNA/hAT-Charlie	1577	-	336	238772592	94598
chr1	118109234	118309234	harbor2	chr1	118122509	118122670	DNA/hAT-Charlie	405	-	80	118122589	13355
chr1	118109234	118309234	harbor2	chr1	118141284	118141511	DNA/hAT-Charlie	428	-	114	118141398	32164
chr1	118109234	118309234	harbor2	chr1	118165158	118165300	DNA/hAT-Charlie	554	-	71	118165229	55995
chr1	222839275	223039275	harbor2	chr1	222842691	222842867	DNA/hAT-Charlie	544	-	88	222842779	3504
chr1	199810339	200010339	harbor2	chr1	199813815	199814008	DNA/hAT-Charlie	607	-	96	199813911	3572
chr1	199810339	200010339	harbor2	chr1	199820606	199820822	DNA/hAT-Charlie	1110	-	108	199820714	10375
chr1	226120827	226320827	harbor2	chr1	226127670	226127856	DNA/hAT-Charlie	922	-	93	226127763	6936
chr1	226120827	226320827	harbor2	chr1	226190855	226190986	DNA/hAT-Charlie	797	-	66	226190921	70094
chr1	226120827	226320827	harbor2	chr1	226203228	226203507	DNA/hAT-Charlie	981	-	140	226203368	82541
chr1	226120827	226320827	harbor2	chr1	226203578	226203795	DNA/hAT-Charlie	488	-	108	226203686	82859
chr1	226120827	226320827	harbor2	chr1	226210330	226210491	DNA/hAT-Charlie	731	-	80	226210410	89583
chr1	226120827	226320827	harbor2	chr1	226219926	226220038	DNA/hAT-Charlie	518	-	56	226219982	99155
chr1	121235311	121435311	harbor2	chr1	121252527	121252650	DNA/hAT-Charlie	418	-	62	121252589	17278
chr1	121235311	121435311	harbor2	chr1	121264882	121264914	DNA/hAT-Charlie	2526	-	16	121264898	29587
chr1	121235311	121435311	harbor2	chr1	121265213	121265972	DNA/hAT-Charlie	2526	-	380	121265593	30282
chr1	121235311	121435311	harbor2	chr1	121266275	121266632	DNA/hAT-Charlie	2526	-	178	121266453	31142
chr1	121235311	121435311	harbor2	chr1	121285893	121286110	DNA/hAT-Charlie	1469	-	108	121286001	50690
chr1	121235311	121435311	harbor2	chr1	121306808	121306955	DNA/hAT-Charlie	589	-	74	121306882	71571
chr1	121235311	121435311	harbor2	chr1	121307263	121307391	DNA/hAT-Charlie	589	-	64	121307327	72016
chr1	121235311	121435311	harbor2	chr1	121320411	121320701	DNA/hAT-Charlie	1142	-	145	121320556	85245
chr1	121235311	121435311	harbor2	chr1	121320736	121321124	DNA/hAT-Charlie	557	-	194	121320930	85619
chr1	165052531	165252531	harbor2	chr1	165069855	165070055	DNA/hAT-Charlie	962	-	100	165069955	17424
chr1	165052531	165252531	harbor2	chr1	165071525	165071679	DNA/hAT-Charlie	812	-	77	165071602	19071
chr1	165052531	165252531	harbor2	chr1	165071680	165071883	DNA/hAT-Charlie	893	-	102	165071782	19251
chr1	165052531	165252531	harbor2	chr1	165071884	165071951	DNA/hAT-Charlie	812	-	34	165071918	19387
chr1	165052531	165252531	harbor2	chr1	165073674	165074359	DNA/hAT-Charlie	753	-	342	165074016	21485
chr1	165052531	165252531	harbor2	chr1	165078215	165078393	DNA/hAT-Charlie	829	-	89	165078304	25773
chr1	165052531	165252531	harbor2	chr1	165098767	165098984	DNA/hAT-Charlie	1375	-	108	165098875	46344
chr1	165052531	165252531	harbor2	chr1	165111945	165112114	DNA/hAT-Charlie	812	-	84	165112029	59498
chr1	165052531	165252531	harbor2	chr1	165121052	165121283	DNA/hAT-Charlie	536	-	116	165121168	68637
chr1	165052531	165252531	harbor2	chr1	165132529	165132681	DNA/hAT-Charlie	458	-	76	165132605	80074
chr1	165052531	165252531	harbor2	chr1	165138520	165138678	DNA/hAT-Charlie	673	-	79	165138599	86068
chr1	165052531	165252531	harbor2	chr1	165144657	165144776	DNA/hAT-Charlie	702	-	60	165144717	92186
chr1	228917927	229117927	harbor2	chr1	228971641	228971866	DNA/hAT-Charlie	505	-	112	228971753	53826
chr1	228917927	229117927	harbor2	chr1	228972163	228972208	DNA/hAT-Charlie	505	-	22	228972185	54258
chr1	228917927	229117927	harbor2	chr1	228972530	228972654	DNA/hAT-Charlie	505	-	62	228972592	54665
chr1	228917927	229117927	harbor2	chr1	228988290	228988466	DNA/hAT-Charlie	767	-	88	228988378	70451
chr1	228917927	229117927	harbor2	chr1	229010040	229010198	DNA/hAT-Charlie	447	-	79	229010119	92192
chr1	228917927	229117927	harbor2	chr1	229010207	229010514	DNA/hAT-Charlie	1550	-	154	229010361	92434
chr1	228917927	229117927	harbor2	chr1	229016250	229016355	DNA/hAT-Charlie	438	-	52	229016302	98375
chr1	228917927	229117927	harbor2	chr1	229017010	229017152	DNA/hAT-Charlie	474	-	71	229017081	99154
chr1	52056818	52256818	harbor2	chr1	52062765	52063102	DNA/hAT-Charlie	2037	-	168	52062933	6115
chr1	52056818	52256818	harbor2	chr1	52067773	52067990	DNA/hAT-Charlie	1002	-	108	52067881	11063
chr1	52056818	52256818	harbor2	chr1	52097919	52098447	DNA/hAT-Charlie	3506	-	264	52098183	41365
chr1	52056818	52256818	harbor2	chr1	52129640	52129796	DNA/hAT-Charlie	689	-	78	52129718	72900
chr1	52056818	52256818	harbor2	chr1	52131848	52131976	DNA/hAT-Charlie	2479	-	64	52131912	75094
chr1	52056818	52256818	harbor2	chr1	52132283	52132337	DNA/hAT-Charlie	2479	-	27	52132310	75492
chr1	52056818	52256818	harbor2	chr1	52132643	52132816	DNA/hAT-Charlie	2479	-	86	52132729	75911
chr1	52056818	52256818	harbor2	chr1	52133137	52133321	DNA/hAT-Charlie	2479	-	92	52133229	76411
chr1	52056818	52256818	harbor2	chr1	52151859	52151996	DNA/hAT-Charlie	480	-	68	52151927	95109
chr1	52056818	52256818	harbor2	chr1	52152289	52152329	DNA/hAT-Charlie	480	-	20	52152309	95491
chr1	222526275	222726275	harbor2	chr1	222563796	222564010	DNA/hAT-Charlie	1026	-	107	222563903	37628
chr1	222526275	222726275	harbor2	chr1	222566300	222566779	DNA/hAT-Charlie	3054	-	240	222566540	40265
chr1	222526275	222726275	harbor2	chr1	222596912	222597125	DNA/hAT-Charlie	995	-	106	222597018	70743
chr1	152136836	152336836	harbor2	chr1	152188166	152188234	DNA/hAT-Charlie	468	-	34	152188200	51364
chr1	152136836	152336836	harbor2	chr1	152188535	152188694	DNA/hAT-Charlie	468	-	80	152188615	51779
chr1	152136836	152336836	harbor2	chr1	152203777	152204119	DNA/hAT-Charlie	2138	-	171	152203948	67112
chr1	152136836	152336836	harbor2	chr1	152204923	152205059	DNA/hAT-Charlie	420	-	68	152204991	68155
chr1	152136836	152336836	harbor2	chr1	152226081	152226392	DNA/hAT-Charlie	1361	-	156	152226237	89401
chr1	163043195	163243195	harbor2	chr1	163043288	163043955	DNA/hAT-Charlie	2312	-	334	163043622	427
chr1	163043195	163243195	harbor2	chr1	163047943	163048122	DNA/hAT-Charlie	1043	-	90	163048033	4838
chr1	163043195	163243195	harbor2	chr1	163052759	163052858	DNA/hAT-Charlie	672	-	50	163052809	9614
chr1	163043195	163243195	harbor2	chr1	163053229	163053310	DNA/hAT-Charlie	672	-	40	163053269	10074
chr1	163043195	163243195	harbor2	chr1	163056957	163057120	DNA/hAT-Charlie	856	-	82	163057039	13844
chr1	217184339	217384339	harbor2	chr1	217220902	217221147	DNA/hAT-Charlie	420	-	122	217221024	36685
chr1	217184339	217384339	harbor2	chr1	217228898	217229087	DNA/hAT-Charlie	964	-	94	217228992	44653
chr1	217184339	217384339	harbor2	chr1	217229990	217230217	DNA/hAT-Charlie	857	-	114	217230104	45765
chr1	217184339	217384339	harbor2	chr1	217265722	217266000	DNA/hAT-Charlie	1202	-	139	217265861	81522
chr1	182524918	182724918	harbor2	chr1	182557872	182558038	DNA/hAT-Charlie	417	-	83	182557955	33037
chr1	182524918	182724918	harbor2	chr1	182574532	182574745	DNA/hAT-Charlie	1112	-	106	182574638	49720
chr1	204675813	204875813	harbor2	chr1	204692076	204692243	DNA/hAT-Charlie	496	-	84	204692160	16347
chr1	204675813	204875813	harbor2	chr1	204710125	204710296	DNA/hAT-Charlie	853	-	86	204710211	34398
chr1	204675813	204875813	harbor2	chr1	204727372	204727402	DNA/hAT-Charlie	1411	-	15	204727387	51574
chr1	204675813	204875813	harbor2	chr1	204727717	204728011	DNA/hAT-Charlie	1411	-	147	204727864	52051
chr1	204675813	204875813	harbor2	chr1	204741205	204741418	DNA/hAT-Charlie	754	-	106	204741311	65498
chr1	204675813	204875813	harbor2	chr1	204745632	204745855	DNA/hAT-Charlie	1511	-	112	204745744	69931
chr1	204675813	204875813	harbor2	chr1	204766681	204766817	DNA/hAT-Charlie	740	-	68	204766749	90936
chr1	204675813	204875813	harbor2	chr1	204767187	204767226	DNA/hAT-Charlie	740	-	20	204767207	91394
chr1	239182052	239382052	harbor2	chr1	239196876	239197099	DNA/hAT-Charlie	736	-	112	239196988	14936
chr1	239182052	239382052	harbor2	chr1	239234099	239234237	DNA/hAT-Charlie	568	-	69	239234168	52116
chr1	216601103	216801103	harbor2	chr1	216638378	216638510	DNA/hAT-Charlie	622	-	66	216638444	37341
chr1	216601103	216801103	harbor2	chr1	216662734	216662936	DNA/hAT-Charlie	911	-	101	216662835	61732
chr1	216601103	216801103	harbor2	chr1	216675614	216675799	DNA/hAT-Charlie	778	-	92	216675706	74603
chr1	220330149	220530149	harbor2	chr1	220355902	220356225	DNA/hAT-Charlie	1436	-	162	220356064	25915
chr1	220330149	220530149	harbor2	chr1	220362663	220362829	DNA/hAT-Charlie	950	-	83	220362746	32597
chr1	220330149	220530149	harbor2	chr1	220368038	220368169	DNA/hAT-Charlie	435	-	66	220368104	37955
chr1	220330149	220530149	harbor2	chr1	220369246	220369436	DNA/hAT-Charlie	649	-	95	220369341	39192
chr1	56836709	57036709	harbor2	chr1	56853108	56853308	DNA/hAT-Charlie	1128	-	100	56853208	16499
chr1	56836709	57036709	harbor2	chr1	56908444	56908655	DNA/hAT-Charlie	897	-	106	56908550	71841
chr1	231835838	232035838	harbor2	chr1	231848423	231848582	DNA/hAT-Charlie	683	-	80	231848503	12665
chr1	231835838	232035838	harbor2	chr1	231891110	231891330	DNA/hAT-Charlie	1583	-	110	231891220	55382
chr1	231835838	232035838	harbor2	chr1	231899211	231899393	DNA/hAT-Charlie	920	-	91	231899302	63464
chr1	231835838	232035838	harbor2	chr1	231919962	231920152	DNA/hAT-Charlie	1061	-	95	231920057	84219
chr1	51237034	51437034	harbor2	chr1	51281765	51281886	DNA/hAT-Charlie	526	-	60	51281825	44791
chr1	51237034	51437034	harbor2	chr1	51286855	51287094	DNA/hAT-Charlie	669	-	120	51286975	49941
chr1	51237034	51437034	harbor2	chr1	51301128	51301339	DNA/hAT-Charlie	986	-	106	51301234	64200
chr1	51237034	51437034	harbor2	chr1	51306349	51306571	DNA/hAT-Charlie	1186	-	111	51306460	69426
chr1	197571289	197771289	harbor2	chr1	197584321	197584523	DNA/hAT-Charlie	1102	-	101	197584422	13133
chr1	197571289	197771289	harbor2	chr1	197587641	197588105	DNA/hAT-Charlie	3148	-	232	197587873	16584
chr1	161097778	161297778	harbor2	chr1	161111387	161111597	DNA/hAT-Charlie	983	-	105	161111492	13714
chr1	149979090	150179090	harbor2	chr1	150061552	150061691	DNA/hAT-Charlie	408	-	70	150061622	82532
chr1	149979090	150179090	harbor2	chr1	150071178	150071504	DNA/hAT-Charlie	1239	-	163	150071341	92251
chr1	149979090	150179090	harbor2	chr1	150071806	150071916	DNA/hAT-Charlie	1239	-	55	150071861	92771
chr1	214138646	214338646	harbor2	chr1	214168482	214168636	DNA/hAT-Charlie	455	-	77	214168559	29913
chr1	214138646	214338646	harbor2	chr1	214222636	214222840	DNA/hAT-Charlie	446	-	102	214222738	84092
chr1	11234036	11434036	harbor2	chr1	11260238	11260260	DNA/hAT-Charlie	1300	-	11	11260249	26213
chr1	11234036	11434036	harbor2	chr1	11260568	11260790	DNA/hAT-Charlie	1300	-	111	11260679	26643
chr1	11234036	11434036	harbor2	chr1	11261092	11261159	DNA/hAT-Charlie	1300	-	34	11261126	27090
chr1	175381369	175581369	harbor2	chr1	175427228	175427551	DNA/hAT-Charlie	1387	-	162	175427390	46021
chr1	240276024	240476024	harbor2	chr1	240308404	240308601	DNA/hAT-Charlie	1556	-	98	240308502	32478
chr1	240276024	240476024	harbor2	chr1	240338678	240339204	DNA/hAT-Charlie	3517	-	263	240338941	62917
chr1	235779671	235979671	harbor2	chr1	235821621	235821807	DNA/hAT-Charlie	858	-	93	235821714	42043
chr1	209472166	209672166	harbor2	chr1	209496080	209496329	DNA/hAT-Charlie	1024	-	124	209496204	24038
chr1	209472166	209672166	harbor2	chr1	209496641	209496708	DNA/hAT-Charlie	1024	-	34	209496675	24509
chr1	209472166	209672166	harbor2	chr1	209503358	209504391	DNA/hAT-Charlie	4500	-	516	209503874	31708
chr1	209472166	209672166	harbor2	chr1	209516403	209516567	DNA/hAT-Charlie	528	-	82	209516485	44319
chr1	209472166	209672166	harbor2	chr1	209522211	209522412	DNA/hAT-Charlie	662	-	100	209522311	50145
chr1	209472166	209672166	harbor2	chr1	209548755	209549013	DNA/hAT-Charlie	1297	-	129	209548884	76718
chr1	209472166	209672166	harbor2	chr1	209553795	209554115	DNA/hAT-Charlie	1599	-	160	209553955	81789
chr1	209472166	209672166	harbor2	chr1	209567393	209567559	DNA/hAT-Charlie	538	-	83	209567476	95310
chr1	185353866	185553866	harbor2	chr1	185375999	185376207	DNA/hAT-Charlie	1071	-	104	185376103	22237
chr1	185353866	185553866	harbor2	chr1	185386515	185386892	DNA/hAT-Charlie	863	-	188	185386703	32837
chr1	185353866	185553866	harbor2	chr1	185387003	185387073	DNA/hAT-Charlie	760	-	35	185387038	33172
chr1	185353866	185553866	harbor2	chr1	185391268	185391514	DNA/hAT-Charlie	703	-	123	185391391	37525
chr1	185353866	185553866	harbor2	chr1	185397218	185397431	DNA/hAT-Charlie	1194	-	106	185397324	43458
chr1	82002432	82202432	harbor2	chr1	82065320	82065484	DNA/hAT-Charlie	859	-	82	82065402	62970
chr1	82002432	82202432	harbor2	chr1	82095985	82096147	DNA/hAT-Charlie	680	-	81	82096066	93634
chr1	242317646	242517646	harbor2	chr1	242320732	242320906	DNA/hAT-Charlie	795	-	87	242320819	3173
chr1	242317646	242517646	harbor2	chr1	242396187	242396273	DNA/hAT-Charlie	463	-	43	242396230	78584
chr1	154661658	154861658	harbor2	chr1	154679372	154679405	DNA/hAT-Charlie	720	-	16	154679388	17730
chr1	154661658	154861658	harbor2	chr1	154679910	154680016	DNA/hAT-Charlie	720	-	53	154679963	18305
chr1	154661658	154861658	harbor2	chr1	154700177	154700341	DNA/hAT-Charlie	985	-	82	154700259	38601
chr1	195485655	195685655	harbor2	chr1	195487745	195488076	DNA/hAT-Charlie	476	-	166	195487911	2256
chr1	218443782	218643782	harbor2	chr1	218456410	218456469	DNA/hAT-Charlie	1095	-	30	218456440	12658
chr1	218443782	218643782	harbor2	chr1	218456840	218457131	DNA/hAT-Charlie	1095	-	146	218456986	13204
chr1	218443782	218643782	harbor2	chr1	218476843	218477022	DNA/hAT-Charlie	1222	-	90	218476933	33151
chr1	218443782	218643782	harbor2	chr1	218477719	218477871	DNA/hAT-Charlie	1222	-	76	218477795	34013
chr1	218443782	218643782	harbor2	chr1	218514290	218514386	DNA/hAT-Charlie	648	-	48	218514338	70556
chr1	218443782	218643782	harbor2	chr1	218514689	218514762	DNA/hAT-Charlie	648	-	36	218514725	70943
chr1	228952988	229152988	harbor2	chr1	228971641	228971866	DNA/hAT-Charlie	505	-	112	228971753	18765
chr1	228952988	229152988	harbor2	chr1	228972163	228972208	DNA/hAT-Charlie	505	-	22	228972185	19197
chr1	228952988	229152988	harbor2	chr1	228972530	228972654	DNA/hAT-Charlie	505	-	62	228972592	19604
chr1	228952988	229152988	harbor2	chr1	228988290	228988466	DNA/hAT-Charlie	767	-	88	228988378	35390
chr1	228952988	229152988	harbor2	chr1	229010040	229010198	DNA/hAT-Charlie	447	-	79	229010119	57131
chr1	228952988	229152988	harbor2	chr1	229010207	229010514	DNA/hAT-Charlie	1550	-	154	229010361	57373
chr1	228952988	229152988	harbor2	chr1	229016250	229016355	DNA/hAT-Charlie	438	-	52	229016302	63314
chr1	228952988	229152988	harbor2	chr1	229017010	229017152	DNA/hAT-Charlie	474	-	71	229017081	64093
chr1	228952988	229152988	harbor2	chr1	229027593	229027860	DNA/hAT-Charlie	784	-	134	229027727	74739
chr1	228952988	229152988	harbor2	chr1	229028853	229029128	DNA/hAT-Charlie	992	-	138	229028991	76003
chr1	114527150	114727150	harbor2	chr1	114543157	114543250	DNA/hAT-Charlie	1312	-	46	114543203	16053
chr1	114527150	114727150	harbor2	chr1	114543548	114543796	DNA/hAT-Charlie	1312	-	124	114543672	16522
chr1	114527150	114727150	harbor2	chr1	114607386	114607594	DNA/hAT-Charlie	499	-	104	114607490	80340
chr1	241599865	241799865	harbor2	chr1	241620219	241620325	DNA/hAT-Charlie	467	-	53	241620272	20407
chr1	241599865	241799865	harbor2	chr1	241620685	241620859	DNA/hAT-Charlie	747	-	87	241620772	20907
chr1	241599865	241799865	harbor2	chr1	241625810	241626010	DNA/hAT-Charlie	765	-	100	241625910	26045
chr1	241599865	241799865	harbor2	chr1	241656665	241656870	DNA/hAT-Charlie	967	-	102	241656767	56902
chr1	241599865	241799865	harbor2	chr1	241656912	241656963	DNA/hAT-Charlie	967	-	26	241656938	57073
chr1	241599865	241799865	harbor2	chr1	241663659	241663850	DNA/hAT-Charlie	1002	-	96	241663755	63890
chr1	241599865	241799865	harbor2	chr1	241673407	241673593	DNA/hAT-Charlie	483	-	93	241673500	73635
chr1	233840834	234040834	harbor2	chr1	233863054	233863226	DNA/hAT-Charlie	559	-	86	233863140	22306
chr1	233840834	234040834	harbor2	chr1	233909634	233909829	DNA/hAT-Charlie	869	-	98	233909732	68898
chr1	234983094	235183094	harbor2	chr1	234984053	234984266	DNA/hAT-Charlie	1111	-	106	234984159	1065
chr1	234983094	235183094	harbor2	chr1	235028227	235028332	DNA/hAT-Charlie	516	-	52	235028279	45185
chr1	234983094	235183094	harbor2	chr1	235053173	235053194	DNA/hAT-Charlie	404	-	10	235053183	70089
chr1	234983094	235183094	harbor2	chr1	235053490	235053655	DNA/hAT-Charlie	404	-	82	235053572	70478
chr1	195388103	195588103	harbor2	chr1	195441541	195442304	DNA/hAT-Charlie	894	-	382	195441923	53820
chr1	195388103	195588103	harbor2	chr1	195442300	195442387	DNA/hAT-Charlie	406	-	44	195442344	54241
chr1	195388103	195588103	harbor2	chr1	195442409	195442528	DNA/hAT-Charlie	573	-	60	195442469	54366
chr1	195388103	195588103	harbor2	chr1	195487745	195488076	DNA/hAT-Charlie	476	-	166	195487911	99808
chr1	213635920	213835920	harbor2	chr1	213647681	213648278	DNA/hAT-Charlie	2317	-	298	213647979	12059
chr1	213635920	213835920	harbor2	chr1	213718764	213718927	DNA/hAT-Charlie	671	-	82	213718846	82926
chr1	210268422	210468422	harbor2	chr1	210275429	210275626	DNA/hAT-Charlie	973	-	98	210275527	7105
chr1	210268422	210468422	harbor2	chr1	210297349	210297519	DNA/hAT-Charlie	749	-	85	210297434	29012
chr1	210268422	210468422	harbor2	chr1	210313787	210314015	DNA/hAT-Charlie	580	-	114	210313901	45479
chr1	210268422	210468422	harbor2	chr1	210315539	210315641	DNA/hAT-Charlie	4662	-	51	210315590	47168
chr1	210268422	210468422	harbor2	chr1	210315943	210317157	DNA/hAT-Charlie	4662	-	607	210316550	48128
chr1	210268422	210468422	harbor2	chr1	210317375	210317721	DNA/hAT-Charlie	1271	-	173	210317548	49126
chr1	210268422	210468422	harbor2	chr1	210319014	210319106	DNA/hAT-Charlie	1957	-	46	210319060	50638
chr1	210268422	210468422	harbor2	chr1	210319426	210320059	DNA/hAT-Charlie	1957	-	316	210319742	51320
chr1	210268422	210468422	harbor2	chr1	210320367	210320507	DNA/hAT-Charlie	1957	-	70	210320437	52015
chr1	210268422	210468422	harbor2	chr1	210330709	210330814	DNA/hAT-Charlie	10411	-	52	210330761	62339
chr1	210268422	210468422	harbor2	chr1	210331122	210333295	DNA/hAT-Charlie	10411	-	1086	210332208	63786
chr1	210268422	210468422	harbor2	chr1	210333462	210333660	DNA/hAT-Charlie	957	-	99	210333561	65139
chr1	210268422	210468422	harbor2	chr1	210333956	210334085	DNA/hAT-Charlie	957	-	64	210334020	65598
chr1	210268422	210468422	harbor2	chr1	210366212	210366349	DNA/hAT-Charlie	654	-	68	210366280	97858
chr1	210268422	210468422	harbor2	chr1	210366648	210366719	DNA/hAT-Charlie	654	-	36	210366684	98262
chr1	222861826	223061826	harbor2	chr1	222952213	222952353	DNA/hAT-Charlie	756	-	70	222952283	90457
chr1	154807861	155007861	harbor2	chr1	154849781	154849966	DNA/hAT-Charlie	943	-	92	154849873	42012
chr1	154807861	155007861	harbor2	chr1	154845091	154845276	DNA/hAT-Charlie	709	-	92	154845183	37322
chr1	243691294	243891294	harbor2	chr1	243697023	243697840	DNA/hAT-Charlie	3314	-	408	243697431	6137
chr1	243691294	243891294	harbor2	chr1	243739136	243739391	DNA/hAT-Charlie	945	-	128	243739264	47970
chr1	243691294	243891294	harbor2	chr1	243739390	243739576	DNA/hAT-Charlie	572	-	93	243739483	48189
chr1	243691294	243891294	harbor2	chr1	243758539	243758892	DNA/hAT-Charlie	1944	-	176	243758715	67421
chr1	243691294	243891294	harbor2	chr1	243777081	243777426	DNA/hAT-Charlie	1627	-	172	243777253	85959
chr1	243691294	243891294	harbor2	chr1	243779052	243779166	DNA/hAT-Charlie	443	-	57	243779109	87815
chr1	172094351	172294351	harbor2	chr1	172128447	172128736	DNA/hAT-Charlie	1221	-	144	172128591	34240
chr1	172094351	172294351	harbor2	chr1	172156963	172157429	DNA/hAT-Charlie	2832	-	233	172157196	62845
chr1	181779497	181979497	harbor2	chr1	181812966	181813140	DNA/hAT-Charlie	484	-	87	181813053	33556
chr1	181779497	181979497	harbor2	chr1	181855635	181855764	DNA/hAT-Charlie	597	-	64	181855699	76202
chr1	166299022	166499022	harbor2	chr1	166330040	166330251	DNA/hAT-Charlie	771	-	106	166330146	31124
chr1	166299022	166499022	harbor2	chr1	166383197	166383328	DNA/hAT-Charlie	432	-	66	166383263	84241
chr1	166299022	166499022	harbor2	chr1	166391527	166392017	DNA/hAT-Charlie	1044	-	245	166391772	92750
chr1	166299022	166499022	harbor2	chr1	166393339	166393502	DNA/hAT-Charlie	458	-	82	166393421	94399
chr1	242733648	242933648	harbor2	chr1	242744409	242744563	DNA/hAT-Charlie	422	-	77	242744486	10838
chr1	242733648	242933648	harbor2	chr1	242801124	242801418	DNA/hAT-Charlie	572	-	147	242801271	67623
chr1	242733648	242933648	harbor2	chr1	242806430	242806584	DNA/hAT-Charlie	598	-	77	242806507	72859
chr1	152389453	152589453	harbor2	chr1	152397515	152397775	DNA/hAT-Charlie	1146	-	130	152397645	8192
chr1	228011027	228211027	harbor2	chr1	228034594	228034862	DNA/hAT-Charlie	810	-	134	228034728	23701
chr1	228011027	228211027	harbor2	chr1	228057762	228057822	DNA/hAT-Charlie	897	-	30	228057792	46765
chr1	228011027	228211027	harbor2	chr1	228058101	228058323	DNA/hAT-Charlie	897	-	111	228058212	47185
chr1	228011027	228211027	harbor2	chr1	228078614	228078782	DNA/hAT-Charlie	455	-	84	228078698	67671
chr1	247508419	247708419	harbor2	chr1	247547600	247547698	DNA/hAT-Charlie	520	-	49	247547649	39230
chr1	29030525	29230525	harbor2	chr1	29052236	29052368	DNA/hAT-Charlie	545	-	66	29052302	21777
chr1	29030525	29230525	harbor2	chr1	29077656	29077944	DNA/hAT-Charlie	1666	-	144	29077800	47275
chr1	29030525	29230525	harbor2	chr1	29078233	29078277	DNA/hAT-Charlie	1666	-	22	29078255	47730
chr1	178440239	178640239	harbor2	chr1	178440376	178440535	DNA/hAT-Charlie	696	-	80	178440456	217
chr1	178440239	178640239	harbor2	chr1	178446400	178446640	DNA/hAT-Charlie	887	-	120	178446520	6281
chr1	89454558	89654558	harbor2	chr1	89454563	89454739	DNA/hAT-Charlie	786	-	88	89454651	93
chr1	89454558	89654558	harbor2	chr1	89534157	89534514	DNA/hAT-Charlie	1190	-	178	89534335	79777
chr1	89454558	89654558	harbor2	chr1	89534541	89534656	DNA/hAT-Charlie	1190	-	58	89534599	80041
chr1	89454558	89654558	harbor2	chr1	89534680	89534946	DNA/hAT-Charlie	679	-	133	89534813	80255
chr1	89454558	89654558	harbor2	chr1	89534959	89535091	DNA/hAT-Charlie	480	-	66	89535025	80467
chr1	162654864	162854864	harbor2	chr1	162735376	162735566	DNA/hAT-Charlie	755	-	95	162735471	80607
chr1	224736203	224936203	harbor2	chr1	224768854	224768979	DNA/hAT-Charlie	562	-	62	224768916	32713
chr1	224736203	224936203	harbor2	chr1	224802988	224803227	DNA/hAT-Charlie	503	-	120	224803108	66905
chr1	224736203	224936203	harbor2	chr1	224832451	224832571	DNA/hAT-Charlie	522	-	60	224832511	96308
chr1	117258018	117458018	harbor2	chr1	117266162	117266226	DNA/hAT-Charlie	955	-	32	117266194	8176
chr1	117258018	117458018	harbor2	chr1	117266527	117266659	DNA/hAT-Charlie	955	-	66	117266593	8575
chr1	117258018	117458018	harbor2	chr1	117268157	117268437	DNA/hAT-Charlie	724	-	140	117268297	10279
chr1	117258018	117458018	harbor2	chr1	117339223	117339676	DNA/hAT-Charlie	1699	-	226	117339449	81431
chr1	245138876	245338876	harbor2	chr1	245232902	245233022	DNA/hAT-Charlie	470	-	60	245232962	94086
chr1	245138876	245338876	harbor2	chr1	245238407	245238578	DNA/hAT-Charlie	588	-	86	245238493	99617
chr1	241857430	242057430	harbor2	chr1	241859030	241859329	DNA/hAT-Charlie	1320	-	150	241859180	1750
chr1	241857430	242057430	harbor2	chr1	241859699	241859758	DNA/hAT-Charlie	1320	-	30	241859729	2299
chr1	241857430	242057430	harbor2	chr1	241863737	241863914	DNA/hAT-Charlie	688	-	88	241863825	6395
chr1	241857430	242057430	harbor2	chr1	241886592	241887628	DNA/hAT-Charlie	2666	-	518	241887110	29680
chr1	241857430	242057430	harbor2	chr1	241887939	241888597	DNA/hAT-Charlie	2666	-	329	241888268	30838
chr1	211504587	211704587	harbor2	chr1	211514005	211514113	DNA/hAT-Charlie	670	-	54	211514059	9472
chr1	211504587	211704587	harbor2	chr1	211561481	211561772	DNA/hAT-Charlie	789	-	146	211561627	57040
chr1	211504587	211704587	harbor2	chr1	211562050	211562129	DNA/hAT-Charlie	789	-	40	211562090	57503
chr1	211504587	211704587	harbor2	chr1	211562423	211562645	DNA/hAT-Charlie	789	-	111	211562534	57947
chr1	211504587	211704587	harbor2	chr1	211585546	211585708	DNA/hAT-Charlie	850	-	81	211585627	81040
chr1	233384298	233584298	harbor2	chr1	233399376	233400127	DNA/hAT-Charlie	1038	-	376	233399752	15454
chr1	233384298	233584298	harbor2	chr1	233415402	233415491	DNA/hAT-Charlie	436	-	44	233415446	31148
chr1	233384298	233584298	harbor2	chr1	233417516	233417681	DNA/hAT-Charlie	778	-	82	233417598	33300
chr1	233384298	233584298	harbor2	chr1	233441438	233441652	DNA/hAT-Charlie	835	-	107	233441545	57247
chr1	233384298	233584298	harbor2	chr1	233482800	233483000	DNA/hAT-Charlie	1145	-	100	233482900	98602
chr1	247170079	247370079	harbor2	chr1	247172434	247172742	DNA/hAT-Charlie	1046	-	154	247172588	2509
chr1	247170079	247370079	harbor2	chr1	247200538	247200690	DNA/hAT-Charlie	505	-	76	247200614	30535
chr1	247170079	247370079	harbor2	chr1	247211259	247211558	DNA/hAT-Charlie	1051	-	150	247211409	41330
chr1	96665744	96865744	harbor2	chr1	96750022	96750202	DNA/hAT-Charlie	739	-	90	96750112	84368
chr1	205669662	205869662	harbor2	chr1	205694314	205694583	DNA/hAT-Charlie	1442	-	134	205694448	24786
chr1	205669662	205869662	harbor2	chr1	205705470	205705657	DNA/hAT-Charlie	999	-	94	205705564	35902
chr1	205669662	205869662	harbor2	chr1	205768405	205768524	DNA/hAT-Charlie	430	-	60	205768465	98803
chr1	232793852	232993852	harbor2	chr1	232818466	232819021	DNA/hAT-Charlie	2012	-	278	232818744	24892
chr1	232793852	232993852	harbor2	chr1	232834177	232834339	DNA/hAT-Charlie	910	-	81	232834258	40406
chr1	232793852	232993852	harbor2	chr1	232834373	232834430	DNA/hAT-Charlie	439	-	28	232834401	40549
chr1	239494288	239694288	harbor2	chr1	239543808	239544100	DNA/hAT-Charlie	1547	-	146	239543954	49666
chr1	99234566	99434566	harbor2	chr1	99250502	99250701	DNA/hAT-Charlie	976	-	100	99250602	16036
chr1	99234566	99434566	harbor2	chr1	99257262	99258112	DNA/hAT-Charlie	1905	-	425	99257687	23121
chr1	99234566	99434566	harbor2	chr1	99296170	99296395	DNA/hAT-Charlie	826	-	112	99296282	61716
chr1	238228258	238428258	harbor2	chr1	238291864	238291955	DNA/hAT-Charlie	413	-	46	238291910	63652
chr1	238228258	238428258	harbor2	chr1	238309709	238309916	DNA/hAT-Charlie	912	-	104	238309813	81555
chr1	179563681	179763681	harbor2	chr1	179573312	179573582	DNA/hAT-Charlie	710	-	135	179573447	9766
chr1	179563681	179763681	harbor2	chr1	179578976	179579212	DNA/hAT-Charlie	1108	-	118	179579094	15413
chr1	179563681	179763681	harbor2	chr1	179580846	179581345	DNA/hAT-Charlie	1671	-	250	179581096	17415
chr1	179563681	179763681	harbor2	chr1	179582274	179582437	DNA/hAT-Charlie	883	-	82	179582356	18675
chr1	179563681	179763681	harbor2	chr1	179615852	179616122	DNA/hAT-Charlie	1153	-	135	179615987	52306
chr1	179563681	179763681	harbor2	chr1	179635425	179635608	DNA/hAT-Charlie	642	-	92	179635517	71836
chr1	179563681	179763681	harbor2	chr1	179635934	179636942	DNA/hAT-Charlie	3093	-	504	179636438	72757
chr1	203442744	203642744	harbor2	chr1	203455929	203456153	DNA/hAT-Charlie	803	-	112	203456041	13297
chr1	203442744	203642744	harbor2	chr1	203468952	203469115	DNA/hAT-Charlie	471	-	82	203469034	26290
chr1	203442744	203642744	harbor2	chr1	203541067	203541270	DNA/hAT-Charlie	1036	-	102	203541169	98425
chr1	212450520	212650520	harbor2	chr1	212474381	212474643	DNA/hAT-Charlie	404	-	131	212474512	23992
chr1	212450520	212650520	harbor2	chr1	212484338	212484436	DNA/hAT-Charlie	489	-	49	212484387	33867
chr1	212450520	212650520	harbor2	chr1	212484738	212484842	DNA/hAT-Charlie	489	-	52	212484790	34270
chr1	188506341	188706341	harbor2	chr1	188509196	188509409	DNA/hAT-Charlie	809	-	106	188509302	2961
chr1	188506341	188706341	harbor2	chr1	188583419	188583601	DNA/hAT-Charlie	654	-	91	188583510	77169
chr1	188506341	188706341	harbor2	chr1	188591792	188591989	DNA/hAT-Charlie	858	-	98	188591890	85549
chr1	188506341	188706341	harbor2	chr1	188592892	188593020	DNA/hAT-Charlie	459	-	64	188592956	86615
chr1	179335867	179535867	harbor2	chr1	179346640	179346789	DNA/hAT-Charlie	595	-	74	179346714	10847
chr1	157563162	157763162	harbor2	chr1	157576393	157576500	DNA/hAT-Charlie	495	-	54	157576447	13285
chr1	157563162	157763162	harbor2	chr1	157603849	157605078	DNA/hAT-Charlie	2346	-	614	157604463	41301
chr1	157563162	157763162	harbor2	chr1	157634450	157634624	DNA/hAT-Charlie	468	-	87	157634537	71375
chr1	248262190	248462190	harbor2	chr1	248276018	248276277	DNA/hAT-Charlie	1573	-	130	248276148	13958
chr1	239745667	239945667	harbor2	chr1	239767857	239768002	DNA/hAT-Charlie	641	-	72	239767929	22262
chr1	239745667	239945667	harbor2	chr1	239771614	239771819	DNA/hAT-Charlie	869	-	102	239771716	26049
chr1	185598605	185798605	harbor2	chr1	185655068	185655234	DNA/hAT-Charlie	588	-	83	185655151	56546
chr1	185598605	185798605	harbor2	chr1	185666979	185667103	DNA/hAT-Charlie	675	-	62	185667041	68436
chr1	185598605	185798605	harbor2	chr1	185676129	185676364	DNA/hAT-Charlie	637	-	118	185676247	77642
chr1	89252704	89452704	harbor2	chr1	89260023	89260352	DNA/hAT-Charlie	1673	-	164	89260187	7483
chr1	237289486	237489486	harbor2	chr1	237383114	237383235	DNA/hAT-Charlie	431	-	60	237383174	93688
chr1	246336560	246536560	harbor2	chr1	246376683	246376817	DNA/hAT-Charlie	1483	-	67	246376750	40190
chr1	246336560	246536560	harbor2	chr1	246377100	246377366	DNA/hAT-Charlie	1483	-	133	246377233	40673
chr1	246336560	246536560	harbor2	chr1	246377669	246377755	DNA/hAT-Charlie	1483	-	43	246377712	41152
chr1	246336560	246536560	harbor2	chr1	246385773	246385885	DNA/hAT-Charlie	677	-	56	246385829	49269
chr1	246336560	246536560	harbor2	chr1	246390537	246390841	DNA/hAT-Charlie	1151	-	152	246390689	54129
chr1	246336560	246536560	harbor2	chr1	246404692	246404882	DNA/hAT-Charlie	858	-	95	246404787	68227
chr1	233721456	233921456	harbor2	chr1	233784889	233785046	DNA/hAT-Charlie	693	-	78	233784967	63511
chr1	173880763	174080763	harbor2	chr1	173884778	173884951	DNA/hAT-Charlie	784	-	86	173884864	4101
chr1	173880763	174080763	harbor2	chr1	173885245	173885270	DNA/hAT-Charlie	784	-	12	173885257	4494
chr1	173880763	174080763	harbor2	chr1	173899614	173899709	DNA/hAT-Charlie	428	-	48	173899662	18899
chr1	173880763	174080763	harbor2	chr1	173960316	173960581	DNA/hAT-Charlie	958	-	132	173960448	79685
chr1	173880763	174080763	harbor2	chr1	173972922	173973162	DNA/hAT-Charlie	517	-	120	173973042	92279
chr1	173880763	174080763	harbor2	chr1	173978996	173979181	DNA/hAT-Charlie	898	-	92	173979088	98325
chr1	164499090	164699090	harbor2	chr1	164553366	164553444	DNA/hAT-Charlie	411	-	39	164553405	54315
chr1	164499090	164699090	harbor2	chr1	164573082	164573257	DNA/hAT-Charlie	841	-	88	164573170	74080
chr1	164499090	164699090	harbor2	chr1	164573269	164573484	DNA/hAT-Charlie	1366	-	108	164573377	74287
chr1	164499090	164699090	harbor2	chr1	164573785	164573885	DNA/hAT-Charlie	1366	-	50	164573835	74745
chr1	164499090	164699090	harbor2	chr1	164594611	164594859	DNA/hAT-Charlie	1137	-	124	164594735	95645
chr1	60647439	60847439	harbor2	chr1	60670100	60670257	DNA/hAT-Charlie	474	-	78	60670178	22739
chr1	210578299	210778299	harbor2	chr1	210619611	210619762	DNA/hAT-Charlie	514	-	76	210619687	41388
chr1	210578299	210778299	harbor2	chr1	210639818	210639970	DNA/hAT-Charlie	458	-	76	210639894	61595
chr1	107255502	107455502	harbor2	chr1	107281713	107281969	DNA/hAT-Charlie	779	-	128	107281841	26339
chr1	107255502	107455502	harbor2	chr1	107301457	107301655	DNA/hAT-Charlie	496	-	99	107301556	46054
chr1	107255502	107455502	harbor2	chr1	107306133	107306431	DNA/hAT-Charlie	1409	-	149	107306282	50780
chr1	107255502	107455502	harbor2	chr1	107333386	107333538	DNA/hAT-Charlie	453	-	76	107333462	77960
chr1	223277474	223477474	harbor2	chr1	223321656	223321885	DNA/hAT-Charlie	1995	-	114	223321770	44296
chr1	223277474	223477474	harbor2	chr1	223322122	223322350	DNA/hAT-Charlie	1995	-	114	223322236	44762
chr1	223277474	223477474	harbor2	chr1	223346019	223346240	DNA/hAT-Charlie	878	-	110	223346129	68655
chr1	223277474	223477474	harbor2	chr1	223348801	223348977	DNA/hAT-Charlie	408	-	88	223348889	71415
chr1	195908743	196108743	harbor2	chr1	195929484	195929801	DNA/hAT-Charlie	1161	-	158	195929642	20899
chr1	195908743	196108743	harbor2	chr1	195962794	195963148	DNA/hAT-Charlie	1847	-	177	195962971	54228
chr1	195908743	196108743	harbor2	chr1	195983385	195983585	DNA/hAT-Charlie	693	-	100	195983485	74742
chr1	112300492	112500492	harbor2	chr1	112328384	112328558	DNA/hAT-Charlie	472	-	87	112328471	27979
chr1	112300492	112500492	harbor2	chr1	112344297	112344462	DNA/hAT-Charlie	618	-	82	112344379	43887
chr1	159319332	159519332	harbor2	chr1	159345363	159345569	DNA/hAT-Charlie	1085	-	103	159345466	26134
chr1	159319332	159519332	harbor2	chr1	159369884	159370092	DNA/hAT-Charlie	449	-	104	159369988	50656
chr1	180741127	180941127	harbor2	chr1	180769984	180770098	DNA/hAT-Charlie	434	-	57	180770041	28914
chr1	180741127	180941127	harbor2	chr1	180778462	180778711	DNA/hAT-Charlie	867	-	124	180778586	37459
chr1	180741127	180941127	harbor2	chr1	180791704	180791844	DNA/hAT-Charlie	485	-	70	180791774	50647
chr1	180741127	180941127	harbor2	chr1	180816129	180816461	DNA/hAT-Charlie	2075	-	166	180816295	75168
chr1	180741127	180941127	harbor2	chr1	180838547	180838722	DNA/hAT-Charlie	695	-	88	180838635	97508
chr1	180741127	180941127	harbor2	chr1	180839025	180839562	DNA/hAT-Charlie	1102	-	268	180839293	98166
chr1	180741127	180941127	harbor2	chr1	180840472	180840493	DNA/hAT-Charlie	1102	-	10	180840482	99355
chr1	189833316	190033316	harbor2	chr1	189849702	189849892	DNA/hAT-Charlie	650	-	95	189849797	16481
chr1	189833316	190033316	harbor2	chr1	189882425	189882565	DNA/hAT-Charlie	590	-	70	189882495	49179
chr1	189833316	190033316	harbor2	chr1	189900432	189900623	DNA/hAT-Charlie	901	-	96	189900528	67212
chr1	189833316	190033316	harbor2	chr1	189901443	189901601	DNA/hAT-Charlie	651	-	79	189901522	68206
chr1	189833316	190033316	harbor2	chr1	189933108	189933290	DNA/hAT-Charlie	914	-	91	189933199	99883
chr1	107967690	108167690	harbor2	chr1	108036450	108036615	DNA/hAT-Charlie	683	-	82	108036532	68842
chr1	74840426	75040426	harbor2	chr1	74853286	74853452	DNA/hAT-Charlie	744	-	83	74853369	12943
chr1	195565940	195765940	harbor2	chr1	195618862	195618934	DNA/hAT-Charlie	472	-	36	195618898	52958
chr1	195565940	195765940	harbor2	chr1	195619006	195619132	DNA/hAT-Charlie	472	-	63	195619069	53129
chr1	233891345	234091345	harbor2	chr1	233909634	233909829	DNA/hAT-Charlie	869	-	98	233909732	18387
chr1	233891345	234091345	harbor2	chr1	233959787	233959901	DNA/hAT-Charlie	423	-	57	233959844	68499
chr1	103213189	103413189	harbor2	chr1	103228505	103228652	DNA/hAT-Charlie	544	-	74	103228579	15390
chr1	103213189	103413189	harbor2	chr1	103239439	103239750	DNA/hAT-Charlie	1027	-	156	103239595	26406
chr1	103213189	103413189	harbor2	chr1	103246972	103247111	DNA/hAT-Charlie	456	-	70	103247042	33853
chr1	86535022	86735022	harbor2	chr1	86562390	86562552	DNA/hAT-Charlie	655	-	81	86562471	27449
chr1	203341510	203541510	harbor2	chr1	203358844	203359021	DNA/hAT-Charlie	431	-	88	203358932	17422
chr1	203341510	203541510	harbor2	chr1	203384747	203385044	DNA/hAT-Charlie	1384	-	148	203384895	43385
chr1	203341510	203541510	harbor2	chr1	203411072	203411424	DNA/hAT-Charlie	2119	-	176	203411248	69738
chr1	203341510	203541510	harbor2	chr1	203421873	203422140	DNA/hAT-Charlie	509	-	134	203422007	80497
chr1	203341510	203541510	harbor2	chr1	203430367	203430583	DNA/hAT-Charlie	1029	-	108	203430475	88965
chr1	230695390	230895390	harbor2	chr1	230701467	230701594	DNA/hAT-Charlie	464	-	64	230701531	6141
chr1	172160997	172360997	harbor2	chr1	172205351	172206792	DNA/hAT-Charlie	5869	-	720	172206071	45074
chr1	172160997	172360997	harbor2	chr1	172224718	172224954	DNA/hAT-Charlie	638	-	118	172224836	63839
chr1	172160997	172360997	harbor2	chr1	172237566	172238183	DNA/hAT-Charlie	865	-	308	172237874	76877
chr1	172160997	172360997	harbor2	chr1	172250846	172251149	DNA/hAT-Charlie	1209	-	152	172250998	90001
chr1	213588315	213788315	harbor2	chr1	213605078	213605375	DNA/hAT-Charlie	1101	-	148	213605226	16911
chr1	213588315	213788315	harbor2	chr1	213647681	213648278	DNA/hAT-Charlie	2317	-	298	213647979	59664
chr1	239280898	239480898	harbor2	chr1	239294853	239295075	DNA/hAT-Charlie	1444	-	111	239294964	14066
chr1	93624306	93824306	harbor2	chr1	93632619	93632768	DNA/hAT-Charlie	956	-	74	93632693	8387
chr1	93624306	93824306	harbor2	chr1	93633028	93633123	DNA/hAT-Charlie	956	-	48	93633076	8770
chr1	93624306	93824306	harbor2	chr1	93666216	93666408	DNA/hAT-Charlie	655	-	96	93666312	42006
chr1	93624306	93824306	harbor2	chr1	93703913	93704095	DNA/hAT-Charlie	837	-	91	93704004	79698
chr1	241742348	241942348	harbor2	chr1	241808676	241808837	DNA/hAT-Charlie	712	-	80	241808756	66408
chr1	111666864	111866864	harbor2	chr1	111693604	111693830	DNA/hAT-Charlie	801	-	113	111693717	26853
chr1	190209876	190409876	harbor2	chr1	190231205	190231772	DNA/hAT-Charlie	1573	-	284	190231489	21613
chr1	190209876	190409876	harbor2	chr1	190264427	190264558	DNA/hAT-Charlie	459	-	66	190264493	54617
chr1	190209876	190409876	harbor2	chr1	190275357	190275506	DNA/hAT-Charlie	880	-	74	190275431	65555
chr1	190209876	190409876	harbor2	chr1	190283253	190283392	DNA/hAT-Charlie	440	-	70	190283323	73447
chr1	107412770	107612770	harbor2	chr1	107437597	107437904	DNA/hAT-Charlie	1156	-	154	107437751	24981
chr1	107412770	107612770	harbor2	chr1	107445688	107446005	DNA/hAT-Charlie	1677	-	158	107445846	33076
chr1	107412770	107612770	harbor2	chr1	107475762	107475943	DNA/hAT-Charlie	858	-	90	107475852	63082
chr1	107412770	107612770	harbor2	chr1	107489989	107490168	DNA/hAT-Charlie	652	-	90	107490079	77309
chr1	107412770	107612770	harbor2	chr1	107501202	107501415	DNA/hAT-Charlie	1111	-	106	107501308	88538
chr1	174343199	174543199	harbor2	chr1	174419216	174419367	DNA/hAT-Charlie	714	-	76	174419292	76093
chr1	174343199	174543199	harbor2	chr1	174428768	174428985	DNA/hAT-Charlie	477	-	108	174428876	85677
chr1	220423985	220623985	harbor2	chr1	220440560	220440738	DNA/hAT-Charlie	894	-	89	220440649	16664
chr1	220423985	220623985	harbor2	chr1	220486670	220486822	DNA/hAT-Charlie	569	-	76	220486746	62761
chr1	220423985	220623985	harbor2	chr1	220497966	220498123	DNA/hAT-Charlie	453	-	78	220498044	74059
chr1	220423985	220623985	harbor2	chr1	220499176	220499285	DNA/hAT-Charlie	1513	-	54	220499230	75245
chr1	220423985	220623985	harbor2	chr1	220499596	220499995	DNA/hAT-Charlie	1513	-	200	220499796	75811
chr1	187655702	187855702	harbor2	chr1	187660622	187660820	DNA/hAT-Charlie	1325	-	99	187660721	5019
chr1	187655702	187855702	harbor2	chr1	187665563	187665786	DNA/hAT-Charlie	1174	-	112	187665675	9973
chr1	232760383	232960383	harbor2	chr1	232761505	232761806	DNA/hAT-Charlie	490	-	150	232761655	1272
chr1	232760383	232960383	harbor2	chr1	232789469	232789657	DNA/hAT-Charlie	1116	-	94	232789563	29180
chr1	232760383	232960383	harbor2	chr1	232818466	232819021	DNA/hAT-Charlie	2012	-	278	232818744	58361
chr1	232760383	232960383	harbor2	chr1	232834177	232834339	DNA/hAT-Charlie	910	-	81	232834258	73875
chr1	232760383	232960383	harbor2	chr1	232834373	232834430	DNA/hAT-Charlie	439	-	28	232834401	74018
chr1	223133189	223333189	harbor2	chr1	223133391	223133509	DNA/hAT-Charlie	550	-	59	223133450	261
chr1	223133189	223333189	harbor2	chr1	223157422	223157733	DNA/hAT-Charlie	1495	-	156	223157578	24389
chr1	223133189	223333189	harbor2	chr1	223176317	223176549	DNA/hAT-Charlie	539	-	116	223176433	43244
chr1	223133189	223333189	harbor2	chr1	223211013	223211291	DNA/hAT-Charlie	565	-	139	223211152	77963
chr1	170865001	171065001	harbor2	chr1	170906825	170907059	DNA/hAT-Charlie	1646	-	117	170906942	41941
chr1	170865001	171065001	harbor2	chr1	170907371	170908026	DNA/hAT-Charlie	1646	-	328	170907699	42698
chr1	170865001	171065001	harbor2	chr1	170911351	170912297	DNA/hAT-Charlie	3556	-	473	170911824	46823
chr1	170865001	171065001	harbor2	chr1	170927040	170927219	DNA/hAT-Charlie	408	-	90	170927130	62129
chr1	242712003	242912003	harbor2	chr1	242721445	242721641	DNA/hAT-Charlie	703	-	98	242721543	9540
chr1	242712003	242912003	harbor2	chr1	242744409	242744563	DNA/hAT-Charlie	422	-	77	242744486	32483
chr1	242712003	242912003	harbor2	chr1	242801124	242801418	DNA/hAT-Charlie	572	-	147	242801271	89268
chr1	242712003	242912003	harbor2	chr1	242806430	242806584	DNA/hAT-Charlie	598	-	77	242806507	94504
chr1	186265567	186465567	harbor2	chr1	186316977	186317220	DNA/hAT-Charlie	567	-	122	186317099	51532
chr1	186265567	186465567	harbor2	chr1	186328270	186328521	DNA/hAT-Charlie	962	-	126	186328396	62829
chr1	186265567	186465567	harbor2	chr1	186338585	186338765	DNA/hAT-Charlie	809	-	90	186338675	73108
chr1	236078850	236278850	harbor2	chr1	236087102	236087225	DNA/hAT-Charlie	432	-	62	236087164	8314
chr1	236078850	236278850	harbor2	chr1	236108538	236108607	DNA/hAT-Charlie	836	-	34	236108572	29722
chr1	236078850	236278850	harbor2	chr1	236108919	236109000	DNA/hAT-Charlie	836	-	40	236108959	30109
chr1	236078850	236278850	harbor2	chr1	236109298	236109446	DNA/hAT-Charlie	836	-	74	236109372	30522
chr1	236078850	236278850	harbor2	chr1	236165633	236165778	DNA/hAT-Charlie	442	-	72	236165705	86855
chr1	43831152	44031152	harbor2	chr1	43882606	43882807	DNA/hAT-Charlie	919	-	100	43882706	51554
chr2	221107524	221307524	harbor2	chr2	221112863	221113158	DNA/hAT-Charlie	1391	-	148	221113011	5487
chr2	221107524	221307524	harbor2	chr2	221152363	221152794	DNA/hAT-Charlie	1562	-	216	221152579	45055
chr2	221107524	221307524	harbor2	chr2	221178159	221178283	DNA/hAT-Charlie	660	-	62	221178221	70697
chr2	221107524	221307524	harbor2	chr2	221180260	221180409	DNA/hAT-Charlie	451	-	74	221180334	72810
chr2	221107524	221307524	harbor2	chr2	221206730	221206979	DNA/hAT-Charlie	524	-	124	221206854	99330
chr2	177555837	177755837	harbor2	chr2	177563159	177563280	DNA/hAT-Charlie	532	-	60	177563219	7382
chr2	177555837	177755837	harbor2	chr2	177564703	177564832	DNA/hAT-Charlie	465	-	64	177564767	8930
chr2	177555837	177755837	harbor2	chr2	177605024	177605329	DNA/hAT-Charlie	676	-	152	177605176	49339
chr2	177555837	177755837	harbor2	chr2	177608933	177609064	DNA/hAT-Charlie	593	-	66	177608999	53162
chr2	177555837	177755837	harbor2	chr2	177609477	177609538	DNA/hAT-Charlie	593	-	30	177609507	53670
chr2	177555837	177755837	harbor2	chr2	177636671	177636861	DNA/hAT-Charlie	1025	-	95	177636766	80929
chr2	202732409	202932409	harbor2	chr2	202764003	202764140	DNA/hAT-Charlie	620	-	68	202764071	31662
chr2	210034896	210234896	harbor2	chr2	210072455	210072801	DNA/hAT-Charlie	2057	-	173	210072628	37732
chr2	210034896	210234896	harbor2	chr2	210073335	210073413	DNA/hAT-Charlie	858	-	39	210073374	38478
chr2	210034896	210234896	harbor2	chr2	210073537	210073673	DNA/hAT-Charlie	858	-	68	210073605	38709
chr2	196527741	196727741	harbor2	chr2	196560013	196560170	DNA/hAT-Charlie	748	-	78	196560091	32350
chr2	196527741	196727741	harbor2	chr2	196583405	196583568	DNA/hAT-Charlie	958	-	82	196583487	55746
chr2	196527741	196727741	harbor2	chr2	196586302	196587818	DNA/hAT-Charlie	4692	-	758	196587060	59319
chr2	196527741	196727741	harbor2	chr2	196623864	196624197	DNA/hAT-Charlie	1437	-	166	196624030	96289
chr2	165989780	166189780	harbor2	chr2	166016776	166018578	DNA/hAT-Charlie	2835	-	901	166017677	27897
chr2	165989780	166189780	harbor2	chr2	166063632	166063935	DNA/hAT-Charlie	828	-	152	166063784	74004
chr2	171865461	172065461	harbor2	chr2	171905864	171906112	DNA/hAT-Charlie	545	-	124	171905988	40527
chr2	171865461	172065461	harbor2	chr2	171938302	171938746	DNA/hAT-Charlie	19252	-	222	171938524	73063
chr2	171865461	172065461	harbor2	chr2	171939040	171939788	DNA/hAT-Charlie	19252	-	374	171939414	73953
chr2	171865461	172065461	harbor2	chr2	171940070	171941211	DNA/hAT-Charlie	19252	-	570	171940640	75179
chr2	171865461	172065461	harbor2	chr2	171941377	171941823	DNA/hAT-Charlie	19252	-	223	171941600	76139
chr2	97098765	97298765	harbor2	chr2	97183730	97183843	DNA/hAT-Charlie	477	-	56	97183786	85021
chr2	97098765	97298765	harbor2	chr2	97185579	97185683	DNA/hAT-Charlie	460	-	52	97185631	86866
chr2	97098765	97298765	harbor2	chr2	97193121	97193218	DNA/hAT-Charlie	434	-	48	97193169	94404
chr2	97098765	97298765	harbor2	chr2	97194988	97195079	DNA/hAT-Charlie	455	-	46	97195034	96269
chr2	131623531	131823531	harbor2	chr2	131666331	131666439	DNA/hAT-Charlie	675	-	54	131666385	42854
chr2	225496683	225696683	harbor2	chr2	225559727	225559950	DNA/hAT-Charlie	646	-	112	225559839	63156
chr2	217805971	218005971	harbor2	chr2	217807087	217807394	DNA/hAT-Charlie	654	-	154	217807241	1270
chr2	217805971	218005971	harbor2	chr2	217814316	217814528	DNA/hAT-Charlie	971	-	106	217814422	8451
chr2	217805971	218005971	harbor2	chr2	217823167	217823342	DNA/hAT-Charlie	705	-	88	217823255	17284
chr2	217805971	218005971	harbor2	chr2	217824014	217824226	DNA/hAT-Charlie	858	-	106	217824120	18149
chr2	56279915	56479915	harbor2	chr2	56358496	56358721	DNA/hAT-Charlie	900	-	112	56358608	78693
chr2	56279915	56479915	harbor2	chr2	56367502	56367708	DNA/hAT-Charlie	1038	-	103	56367605	87690
chr2	218241789	218441789	harbor2	chr2	218290107	218290347	DNA/hAT-Charlie	687	-	120	218290227	48438
chr2	218241789	218441789	harbor2	chr2	218300444	218300531	DNA/hAT-Charlie	476	-	44	218300488	58699
chr2	218241789	218441789	harbor2	chr2	218300852	218301049	DNA/hAT-Charlie	470	-	98	218300950	59161
chr2	218241789	218441789	harbor2	chr2	218301142	218301265	DNA/hAT-Charlie	649	-	62	218301204	59415
chr2	218241789	218441789	harbor2	chr2	218307168	218307685	DNA/hAT-Charlie	3457	-	258	218307426	65637
chr2	218241789	218441789	harbor2	chr2	218319309	218319365	DNA/hAT-Charlie	1008	-	28	218319337	77548
chr2	218241789	218441789	harbor2	chr2	218319674	218319830	DNA/hAT-Charlie	1008	-	78	218319752	77963
chr2	155997332	156197332	harbor2	chr2	156030255	156030561	DNA/hAT-Charlie	611	-	153	156030408	33076
chr2	155997332	156197332	harbor2	chr2	156065408	156065550	DNA/hAT-Charlie	437	-	71	156065479	68147
chr2	155997332	156197332	harbor2	chr2	156074662	156074826	DNA/hAT-Charlie	606	-	82	156074744	77412
chr2	178988765	179188765	harbor2	chr2	179008510	179008668	DNA/hAT-Charlie	437	-	79	179008589	19824
chr2	164507673	164707673	harbor2	chr2	164525753	164525947	DNA/hAT-Charlie	707	-	97	164525850	18177
chr2	164507673	164707673	harbor2	chr2	164606024	164606175	DNA/hAT-Charlie	512	-	76	164606100	98427
chr2	237819401	238019401	harbor2	chr2	237856087	237856383	DNA/hAT-Charlie	1585	-	148	237856235	36834
chr2	222658626	222858626	harbor2	chr2	222727833	222728144	DNA/hAT-Charlie	1281	-	156	222727989	69363
chr2	222658626	222858626	harbor2	chr2	222746658	222746869	DNA/hAT-Charlie	1137	-	106	222746764	88138
chr2	97102137	97302137	harbor2	chr2	97183730	97183843	DNA/hAT-Charlie	477	-	56	97183786	81649
chr2	97102137	97302137	harbor2	chr2	97185579	97185683	DNA/hAT-Charlie	460	-	52	97185631	83494
chr2	97102137	97302137	harbor2	chr2	97193121	97193218	DNA/hAT-Charlie	434	-	48	97193169	91032
chr2	97102137	97302137	harbor2	chr2	97194988	97195079	DNA/hAT-Charlie	455	-	46	97195034	92897
chr2	97102137	97302137	harbor2	chr2	97198726	97198823	DNA/hAT-Charlie	434	-	48	97198774	96637
chr2	193872606	194072606	harbor2	chr2	193900800	193900878	DNA/hAT-Charlie	477	-	39	193900839	28233
chr2	193872606	194072606	harbor2	chr2	193941393	193941577	DNA/hAT-Charlie	656	-	92	193941485	68879
chr2	193872606	194072606	harbor2	chr2	193965130	193965312	DNA/hAT-Charlie	783	-	91	193965221	92615
chr2	193872606	194072606	harbor2	chr2	193965694	193965796	DNA/hAT-Charlie	783	-	51	193965745	93139
chr2	193872606	194072606	harbor2	chr2	193968527	193968850	DNA/hAT-Charlie	524	-	162	193968689	96083
chr2	193872606	194072606	harbor2	chr2	193970406	193970628	DNA/hAT-Charlie	1311	-	111	193970517	97911
chr2	220630416	220830416	harbor2	chr2	220689878	220690215	DNA/hAT-Charlie	1844	-	168	220690046	59630
chr2	147463212	147663212	harbor2	chr2	147480381	147480599	DNA/hAT-Charlie	985	-	109	147480490	17278
chr2	147463212	147663212	harbor2	chr2	147501577	147501741	DNA/hAT-Charlie	633	-	82	147501659	38447
chr2	136938450	137138450	harbor2	chr2	136949635	136949774	DNA/hAT-Charlie	438	-	70	136949705	11255
chr2	136938450	137138450	harbor2	chr2	137009317	137009464	DNA/hAT-Charlie	856	-	74	137009391	70941
chr2	136938450	137138450	harbor2	chr2	137009825	137009871	DNA/hAT-Charlie	856	-	23	137009848	71398
chr2	136938450	137138450	harbor2	chr2	137011382	137011595	DNA/hAT-Charlie	1014	-	106	137011488	73038
chr2	136938450	137138450	harbor2	chr2	137017676	137018586	DNA/hAT-Charlie	2986	-	455	137018131	79681
chr2	136938450	137138450	harbor2	chr2	137022776	137022992	DNA/hAT-Charlie	1018	-	108	137022884	84434
chr2	223319760	223519760	harbor2	chr2	223365976	223366151	DNA/hAT-Charlie	975	-	88	223366064	46304
chr2	223319760	223519760	harbor2	chr2	223385630	223385787	DNA/hAT-Charlie	636	-	78	223385708	65948
chr2	223319760	223519760	harbor2	chr2	223399038	223399458	DNA/hAT-Charlie	1182	-	210	223399248	79488
chr2	223319760	223519760	harbor2	chr2	223400124	223400381	DNA/hAT-Charlie	629	-	128	223400252	80492
chr2	223319760	223519760	harbor2	chr2	223404219	223404389	DNA/hAT-Charlie	448	-	85	223404304	84544
chr2	223319760	223519760	harbor2	chr2	223415162	223415281	DNA/hAT-Charlie	552	-	60	223415222	95462
chr2	227707502	227907502	harbor2	chr2	227709870	227710181	DNA/hAT-Charlie	2055	-	156	227710026	2524
chr2	227707502	227907502	harbor2	chr2	227756628	227756707	DNA/hAT-Charlie	437	-	40	227756668	49166
chr2	112346919	112546919	harbor2	chr2	112362653	112362927	DNA/hAT-Charlie	1235	-	137	112362790	15871
chr2	112346919	112546919	harbor2	chr2	112416421	112416622	DNA/hAT-Charlie	712	-	100	112416521	69602
chr2	81089887	81289887	harbor2	chr2	81159561	81159773	DNA/hAT-Charlie	927	-	106	81159667	69780
chr2	81089887	81289887	harbor2	chr2	81167661	81167814	DNA/hAT-Charlie	456	-	76	81167737	77850
chr2	81089887	81289887	harbor2	chr2	81168958	81169153	DNA/hAT-Charlie	665	-	98	81169056	79169
chr2	81089887	81289887	harbor2	chr2	81184036	81184232	DNA/hAT-Charlie	493	-	98	81184134	94247
chr2	219500497	219700497	harbor2	chr2	219520772	219521001	DNA/hAT-Charlie	530	-	114	219520886	20389
chr2	219500497	219700497	harbor2	chr2	219561753	219562075	DNA/hAT-Charlie	1018	-	161	219561914	61417
chr2	241879709	242079709	harbor2	chr2	241912640	241912977	DNA/hAT-Charlie	734	-	168	241912808	33099
chr2	180184112	180384112	harbor2	chr2	180211721	180211916	DNA/hAT-Charlie	784	-	98	180211819	27707
chr2	180184112	180384112	harbor2	chr2	180243526	180243669	DNA/hAT-Charlie	767	-	72	180243598	59486
chr2	180184112	180384112	harbor2	chr2	180244019	180244070	DNA/hAT-Charlie	767	-	26	180244045	59933
chr2	180184112	180384112	harbor2	chr2	180246803	180246978	DNA/hAT-Charlie	670	-	88	180246891	62779
chr2	180184112	180384112	harbor2	chr2	180264697	180264807	DNA/hAT-Charlie	459	-	55	180264752	80640
chr2	180184112	180384112	harbor2	chr2	180264907	180265595	DNA/hAT-Charlie	1635	-	344	180265251	81139
chr2	235560770	235760770	harbor2	chr2	235571356	235571538	DNA/hAT-Charlie	614	-	91	235571447	10677
chr2	235560770	235760770	harbor2	chr2	235577097	235577397	DNA/hAT-Charlie	1075	-	150	235577247	16477
chr2	235560770	235760770	harbor2	chr2	235626737	235626918	DNA/hAT-Charlie	664	-	90	235626827	66057
chr2	235560770	235760770	harbor2	chr2	235638818	235639020	DNA/hAT-Charlie	1079	-	101	235638919	78149
chr2	120693471	120893471	harbor2	chr2	120701763	120701958	DNA/hAT-Charlie	726	-	98	120701861	8390
chr2	120693471	120893471	harbor2	chr2	120702124	120702308	DNA/hAT-Charlie	857	-	92	120702216	8745
chr2	120693471	120893471	harbor2	chr2	120709923	120710098	DNA/hAT-Charlie	624	-	88	120710011	16540
chr2	120693471	120893471	harbor2	chr2	120720422	120720585	DNA/hAT-Charlie	418	-	82	120720504	27033
chr2	120693471	120893471	harbor2	chr2	120720731	120720794	DNA/hAT-Charlie	418	-	32	120720763	27292
chr2	120693471	120893471	harbor2	chr2	120725301	120725646	DNA/hAT-Charlie	1529	-	172	120725473	32002
chr2	120693471	120893471	harbor2	chr2	120792239	120792459	DNA/hAT-Charlie	605	-	110	120792349	98878
chr2	120693471	120893471	harbor2	chr2	120782658	120782863	DNA/hAT-Charlie	1011	-	102	120782760	89289
chr2	52119616	52319616	harbor2	chr2	52121213	52121378	DNA/hAT-Charlie	574	-	82	52121295	1679
chr2	52119616	52319616	harbor2	chr2	52146461	52147260	DNA/hAT-Charlie	3318	-	400	52146861	27245
chr2	52119616	52319616	harbor2	chr2	52147988	52148227	DNA/hAT-Charlie	558	-	120	52148108	28492
chr2	52119616	52319616	harbor2	chr2	52153383	52153551	DNA/hAT-Charlie	696	-	84	52153467	33851
chr2	202646408	202846408	harbor2	chr2	202646545	202647709	DNA/hAT-Charlie	3790	-	582	202647127	719
chr2	202646408	202846408	harbor2	chr2	202692375	202692724	DNA/hAT-Charlie	1629	-	174	202692549	46141
chr2	202646408	202846408	harbor2	chr2	202692738	202693071	DNA/hAT-Charlie	1327	-	166	202692904	46496
chr2	202646408	202846408	harbor2	chr2	202696116	202696286	DNA/hAT-Charlie	431	-	85	202696201	49793
chr2	202646408	202846408	harbor2	chr2	202696322	202696534	DNA/hAT-Charlie	1437	-	106	202696428	50020
chr2	202646408	202846408	harbor2	chr2	202698208	202698423	DNA/hAT-Charlie	1466	-	108	202698316	51908
chr2	202646408	202846408	harbor2	chr2	202698723	202699143	DNA/hAT-Charlie	1466	-	210	202698933	52525
chr2	145992020	146192020	harbor2	chr2	146011021	146011194	DNA/hAT-Charlie	696	-	86	146011107	19087
chr2	241889807	242089807	harbor2	chr2	241912640	241912977	DNA/hAT-Charlie	734	-	168	241912808	23001
chr2	202710707	202910707	harbor2	chr2	202764003	202764140	DNA/hAT-Charlie	620	-	68	202764071	53364
chr2	237488705	237688705	harbor2	chr2	237492000	237492139	DNA/hAT-Charlie	809	-	70	237492070	3365
chr2	237488705	237688705	harbor2	chr2	237496947	237497303	DNA/hAT-Charlie	1553	-	178	237497125	8420
chr2	237488705	237688705	harbor2	chr2	237499267	237499428	DNA/hAT-Charlie	635	-	80	237499347	10642
chr2	237488705	237688705	harbor2	chr2	237506077	237506361	DNA/hAT-Charlie	5652	-	142	237506219	17514
chr2	237488705	237688705	harbor2	chr2	237506832	237507036	DNA/hAT-Charlie	5652	-	102	237506934	18229
chr2	237488705	237688705	harbor2	chr2	237507367	237508099	DNA/hAT-Charlie	5652	-	366	237507733	19028
chr2	237488705	237688705	harbor2	chr2	237508411	237508661	DNA/hAT-Charlie	5652	-	125	237508536	19831
chr2	237488705	237688705	harbor2	chr2	237561956	237562090	DNA/hAT-Charlie	480	-	67	237562023	73318
chr2	159410390	159610390	harbor2	chr2	159493201	159493314	DNA/hAT-Charlie	589	-	56	159493257	82867
chr2	159410390	159610390	harbor2	chr2	159503899	159504105	DNA/hAT-Charlie	458	-	103	159504002	93612
chr2	159410390	159610390	harbor2	chr2	159504538	159504641	DNA/hAT-Charlie	534	-	52	159504590	94200
chr2	233823818	234023818	harbor2	chr2	233824107	233824364	DNA/hAT-Charlie	733	-	128	233824235	417
chr2	233823818	234023818	harbor2	chr2	233831670	233831975	DNA/hAT-Charlie	894	-	152	233831822	8004
chr2	233823818	234023818	harbor2	chr2	233864570	233864852	DNA/hAT-Charlie	1144	-	141	233864711	40893
chr2	233823818	234023818	harbor2	chr2	233890095	233890296	DNA/hAT-Charlie	900	-	100	233890195	66377
chr2	233823818	234023818	harbor2	chr2	233897432	233897766	DNA/hAT-Charlie	1166	-	167	233897599	73781
chr2	217657933	217857933	harbor2	chr2	217664118	217664136	DNA/hAT-Charlie	434	-	9	217664127	6194
chr2	217657933	217857933	harbor2	chr2	217670554	217670756	DNA/hAT-Charlie	858	-	101	217670655	12722
chr2	217657933	217857933	harbor2	chr2	217734610	217734623	DNA/hAT-Charlie	1791	-	6	217734616	76683
chr2	217657933	217857933	harbor2	chr2	217734998	217735307	DNA/hAT-Charlie	1791	-	154	217735152	77219
chr2	217657933	217857933	harbor2	chr2	217751567	217751758	DNA/hAT-Charlie	545	-	96	217751663	93730
chr2	210481910	210681910	harbor2	chr2	210492705	210493179	DNA/hAT-Charlie	1665	-	237	210492942	11032
chr2	181460396	181660396	harbor2	chr2	181501085	181501251	DNA/hAT-Charlie	574	-	83	181501168	40772
chr2	181460396	181660396	harbor2	chr2	181518573	181518764	DNA/hAT-Charlie	692	-	96	181518669	58273
chr2	181460396	181660396	harbor2	chr2	181533433	181533644	DNA/hAT-Charlie	825	-	106	181533539	73143
chr2	181460396	181660396	harbor2	chr2	181559529	181559733	DNA/hAT-Charlie	494	-	102	181559631	99235
chr2	137853701	138053701	harbor2	chr2	137908656	137908814	DNA/hAT-Charlie	591	-	79	137908735	55034
chr2	236432858	236632858	harbor2	chr2	236441834	236441954	DNA/hAT-Charlie	4588	-	60	236441894	9036
chr2	236432858	236632858	harbor2	chr2	236442114	236443165	DNA/hAT-Charlie	4588	-	526	236442640	9782
chr2	236432858	236632858	harbor2	chr2	236444295	236444521	DNA/hAT-Charlie	694	-	113	236444408	11550
chr2	236432858	236632858	harbor2	chr2	236457188	236457400	DNA/hAT-Charlie	908	-	106	236457294	24436
chr2	236432858	236632858	harbor2	chr2	236520593	236520929	DNA/hAT-Charlie	1901	-	168	236520761	87903
chr2	149786890	149986890	harbor2	chr2	149840648	149840894	DNA/hAT-Charlie	1100	-	123	149840771	53881
chr2	149786890	149986890	harbor2	chr2	149872367	149872658	DNA/hAT-Charlie	693	-	146	149872513	85623
chr2	149786890	149986890	harbor2	chr2	149884947	149885149	DNA/hAT-Charlie	1001	-	101	149885048	98158
chr2	135120686	135320686	harbor2	chr2	135215774	135215984	DNA/hAT-Charlie	853	-	105	135215879	95193
chr2	238205726	238405726	harbor2	chr2	238276217	238276357	DNA/hAT-Charlie	499	-	70	238276287	70561
chr2	57815971	58015971	harbor2	chr2	57890321	57890486	DNA/hAT-Charlie	995	-	82	57890403	74432
chr2	57815971	58015971	harbor2	chr2	57911253	57911424	DNA/hAT-Charlie	561	-	86	57911339	95368
chr2	138171787	138371787	harbor2	chr2	138176446	138176679	DNA/hAT-Charlie	428	-	116	138176562	4775
chr2	138171787	138371787	harbor2	chr2	138177125	138177158	DNA/hAT-Charlie	428	-	16	138177141	5354
chr2	235784638	235984638	harbor2	chr2	235844249	235844565	DNA/hAT-Charlie	452	-	158	235844407	59769
chr2	235784638	235984638	harbor2	chr2	235863235	235863542	DNA/hAT-Charlie	838	-	154	235863389	78751
chr2	235784638	235984638	harbor2	chr2	235867224	235867419	DNA/hAT-Charlie	677	-	98	235867322	82684
chr2	235784638	235984638	harbor2	chr2	235876815	235876846	DNA/hAT-Charlie	666	-	16	235876831	92193
chr2	235784638	235984638	harbor2	chr2	235877145	235877593	DNA/hAT-Charlie	666	-	224	235877369	92731
chr2	218191633	218391633	harbor2	chr2	218211841	218211984	DNA/hAT-Charlie	822	-	72	218211913	20280
chr2	218191633	218391633	harbor2	chr2	218220321	218220511	DNA/hAT-Charlie	849	-	95	218220416	28783
chr2	218191633	218391633	harbor2	chr2	218222900	218223076	DNA/hAT-Charlie	441	-	88	218222988	31355
chr2	218191633	218391633	harbor2	chr2	218290107	218290347	DNA/hAT-Charlie	687	-	120	218290227	98594
chr2	141996710	142196710	harbor2	chr2	142024332	142024506	DNA/hAT-Charlie	695	-	87	142024419	27709
chr2	205978205	206178205	harbor2	chr2	206036794	206036922	DNA/hAT-Charlie	626	-	64	206036858	58653
chr2	214472167	214672167	harbor2	chr2	214475569	214475743	DNA/hAT-Charlie	651	-	87	214475656	3489
chr2	214472167	214672167	harbor2	chr2	214561078	214561260	DNA/hAT-Charlie	870	-	91	214561169	89002
chr2	214472167	214672167	harbor2	chr2	214561381	214561493	DNA/hAT-Charlie	569	-	56	214561437	89270
chr2	214472167	214672167	harbor2	chr2	214561811	214561988	DNA/hAT-Charlie	569	-	88	214561899	89732
chr2	239677790	239877790	harbor2	chr2	239697248	239697766	DNA/hAT-Charlie	3232	-	259	239697507	19717
chr2	239677790	239877790	harbor2	chr2	239698393	239698835	DNA/hAT-Charlie	1255	-	221	239698614	20824
chr2	239677790	239877790	harbor2	chr2	239700490	239701420	DNA/hAT-Charlie	3648	-	465	239700955	23165
chr2	148935040	149135040	harbor2	chr2	148940858	148941034	DNA/hAT-Charlie	419	-	88	148940946	5906
chr2	148935040	149135040	harbor2	chr2	149011129	149011266	DNA/hAT-Charlie	542	-	68	149011197	76157
chr2	148935040	149135040	harbor2	chr2	149017679	149018021	DNA/hAT-Charlie	916	-	171	149017850	82810
chr2	148935040	149135040	harbor2	chr2	149018489	149018546	DNA/hAT-Charlie	1583	-	28	149018517	83477
chr2	148935040	149135040	harbor2	chr2	149018852	149019168	DNA/hAT-Charlie	1583	-	158	149019010	83970
chr2	189661820	189861820	harbor2	chr2	189742116	189742271	DNA/hAT-Charlie	745	-	78	189742194	80374
chr2	147424710	147624710	harbor2	chr2	147428110	147428261	DNA/hAT-Charlie	464	-	76	147428186	3476
chr2	147424710	147624710	harbor2	chr2	147480381	147480599	DNA/hAT-Charlie	985	-	109	147480490	55780
chr2	147424710	147624710	harbor2	chr2	147501577	147501741	DNA/hAT-Charlie	633	-	82	147501659	76949
chr2	148810158	149010158	harbor2	chr2	148813302	148813489	DNA/hAT-Charlie	773	-	94	148813396	3238
chr2	148810158	149010158	harbor2	chr2	148833041	148833203	DNA/hAT-Charlie	964	-	81	148833122	22964
chr2	148810158	149010158	harbor2	chr2	148867856	148868243	DNA/hAT-Charlie	1795	-	194	148868050	57892
chr2	148810158	149010158	harbor2	chr2	148868252	148868380	DNA/hAT-Charlie	691	-	64	148868316	58158
chr2	148810158	149010158	harbor2	chr2	148897135	148897324	DNA/hAT-Charlie	601	-	94	148897229	87071
chr2	148810158	149010158	harbor2	chr2	148815865	148816063	DNA/hAT-Charlie	774	-	99	148815964	5806
chr2	219568824	219768824	harbor2	chr2	219660602	219660739	DNA/hAT-Charlie	684	-	68	219660670	91846
chr2	219568824	219768824	harbor2	chr2	219663032	219663365	DNA/hAT-Charlie	2366	-	166	219663198	94374
chr2	84614207	84814207	harbor2	chr2	84618804	84619009	DNA/hAT-Charlie	824	-	102	84618906	4699
chr2	84614207	84814207	harbor2	chr2	84625475	84626030	DNA/hAT-Charlie	2234	-	278	84625753	11546
chr2	84614207	84814207	harbor2	chr2	84626027	84626146	DNA/hAT-Charlie	574	-	60	84626087	11880
chr2	84614207	84814207	harbor2	chr2	84626911	84627053	DNA/hAT-Charlie	554	-	71	84626982	12775
chr2	84614207	84814207	harbor2	chr2	84632076	84632150	DNA/hAT-Charlie	490	-	37	84632113	17906
chr2	84614207	84814207	harbor2	chr2	84632172	84632263	DNA/hAT-Charlie	580	-	46	84632218	18011
chr2	84614207	84814207	harbor2	chr2	84679409	84679745	DNA/hAT-Charlie	891	-	168	84679577	65370
chr2	84614207	84814207	harbor2	chr2	84691561	84691894	DNA/hAT-Charlie	1328	-	166	84691727	77520
chr2	84614207	84814207	harbor2	chr2	84706198	84706537	DNA/hAT-Charlie	1825	-	170	84706368	92161
chr2	84614207	84814207	harbor2	chr2	84712503	84712733	DNA/hAT-Charlie	818	-	115	84712618	98411
chr2	160728722	160928722	harbor2	chr2	160753502	160753692	DNA/hAT-Charlie	703	-	95	160753597	24875
chr2	160728722	160928722	harbor2	chr2	160784279	160784470	DNA/hAT-Charlie	908	-	96	160784375	55653
chr2	229992265	230192265	harbor2	chr2	230091064	230091215	DNA/hAT-Charlie	745	-	76	230091140	98875
chr2	210737037	210937037	harbor2	chr2	210789685	210789974	DNA/hAT-Charlie	637	-	144	210789829	52792
chr2	226580562	226780562	harbor2	chr2	226640370	226640501	DNA/hAT-Charlie	569	-	66	226640436	59874
chr2	226580562	226780562	harbor2	chr2	226652086	226652741	DNA/hAT-Charlie	1887	-	328	226652414	71852
chr2	239957143	240157143	harbor2	chr2	239997732	239997909	DNA/hAT-Charlie	500	-	88	239997820	40677
chr2	223784150	223984150	harbor2	chr2	223833845	223833882	DNA/hAT-Charlie	475	-	18	223833863	49713
chr2	223784150	223984150	harbor2	chr2	223834158	223834258	DNA/hAT-Charlie	475	-	50	223834208	50058
chr2	223784150	223984150	harbor2	chr2	223834781	223835141	DNA/hAT-Charlie	1806	-	180	223834961	50811
chr2	165142667	165342667	harbor2	chr2	165164812	165164968	DNA/hAT-Charlie	522	-	78	165164890	22223
chr2	165142667	165342667	harbor2	chr2	165180844	165182216	DNA/hAT-Charlie	5462	-	686	165181530	38863
chr2	165142667	165342667	harbor2	chr2	165190863	165191027	DNA/hAT-Charlie	705	-	82	165190945	48278
chr2	165142667	165342667	harbor2	chr2	165197334	165197508	DNA/hAT-Charlie	564	-	87	165197421	54754
chr2	185544649	185744649	harbor2	chr2	185549565	185550012	DNA/hAT-Charlie	1268	-	224	185549789	5140
chr2	185544649	185744649	harbor2	chr2	185606461	185606577	DNA/hAT-Charlie	518	-	58	185606519	61870
chr2	242054892	242254892	harbor2	chr2	242072229	242072400	DNA/hAT-Charlie	434	-	86	242072315	17423
chr2	242054892	242254892	harbor2	chr2	242093681	242093837	DNA/hAT-Charlie	431	-	78	242093759	38867
chr2	232235480	232435480	harbor2	chr2	232252447	232252618	DNA/hAT-Charlie	734	-	86	232252533	17053
chr2	232235480	232435480	harbor2	chr2	232252988	232253444	DNA/hAT-Charlie	1168	-	228	232253216	17736
chr2	232235480	232435480	harbor2	chr2	232263977	232264309	DNA/hAT-Charlie	2146	-	166	232264143	28663
chr2	232235480	232435480	harbor2	chr2	232268428	232268748	DNA/hAT-Charlie	1629	-	160	232268588	33108
chr2	232235480	232435480	harbor2	chr2	232274671	232274930	DNA/hAT-Charlie	765	-	130	232274801	39321
chr2	105815027	106015027	harbor2	chr2	105866419	105866763	DNA/hAT-Charlie	2081	-	172	105866591	51564
chr2	105815027	106015027	harbor2	chr2	105885523	105885705	DNA/hAT-Charlie	716	-	91	105885614	70587
chr2	105815027	106015027	harbor2	chr2	105889435	105889571	DNA/hAT-Charlie	761	-	68	105889503	74476
chr2	105815027	106015027	harbor2	chr2	105889886	105889958	DNA/hAT-Charlie	761	-	36	105889922	74895
chr2	105140289	105340289	harbor2	chr2	105167403	105167645	DNA/hAT-Charlie	680	-	121	105167524	27235
chr2	105140289	105340289	harbor2	chr2	105235783	105235933	DNA/hAT-Charlie	554	-	75	105235858	95569
chr2	105140289	105340289	harbor2	chr2	105234074	105234461	DNA/hAT-Charlie	1764	-	194	105234268	93979
chr2	44174058	44374058	harbor2	chr2	44178793	44178972	DNA/hAT-Charlie	894	-	90	44178883	4825
chr2	44174058	44374058	harbor2	chr2	44179327	44179443	DNA/hAT-Charlie	894	-	58	44179385	5327
chr2	44174058	44374058	harbor2	chr2	44200884	44200981	DNA/hAT-Charlie	451	-	48	44200932	26874
chr2	44174058	44374058	harbor2	chr2	44234659	44235309	DNA/hAT-Charlie	2249	-	325	44234984	60926
chr2	51098790	51298790	harbor2	chr2	51103915	51104101	DNA/hAT-Charlie	828	-	93	51104008	5218
chr2	157785407	157985407	harbor2	chr2	157797072	157797203	DNA/hAT-Charlie	466	-	66	157797138	11731
chr2	157785407	157985407	harbor2	chr2	157803743	157804119	DNA/hAT-Charlie	904	-	188	157803931	18524
chr2	157785407	157985407	harbor2	chr2	157849130	157849297	DNA/hAT-Charlie	567	-	84	157849214	63807
chr2	157785407	157985407	harbor2	chr2	157860837	157860990	DNA/hAT-Charlie	567	-	76	157860913	75506
chr2	157785407	157985407	harbor2	chr2	157878903	157879118	DNA/hAT-Charlie	1253	-	108	157879011	93604
chr2	228036581	228236581	harbor2	chr2	228078393	228078555	DNA/hAT-Charlie	547	-	81	228078474	41893
chr2	228036581	228236581	harbor2	chr2	228079029	228079390	DNA/hAT-Charlie	2100	-	180	228079209	42628
chr2	187778446	187978446	harbor2	chr2	187861683	187861878	DNA/hAT-Charlie	804	-	98	187861781	83335
chr2	187778446	187978446	harbor2	chr2	187872708	187872868	DNA/hAT-Charlie	796	-	80	187872788	94342
chr2	146007713	146207713	harbor2	chr2	146011021	146011194	DNA/hAT-Charlie	696	-	86	146011107	3394
chr2	222285873	222485873	harbor2	chr2	222322257	222322412	DNA/hAT-Charlie	948	-	78	222322335	36462
chr2	222285873	222485873	harbor2	chr2	222347989	222349116	DNA/hAT-Charlie	4024	-	564	222348553	62680
chr2	222285873	222485873	harbor2	chr2	222349425	222350189	DNA/hAT-Charlie	4024	-	382	222349807	63934
chr2	222285873	222485873	harbor2	chr2	222353363	222353511	DNA/hAT-Charlie	430	-	74	222353437	67564
chr2	222285873	222485873	harbor2	chr2	222371407	222371600	DNA/hAT-Charlie	1072	-	96	222371503	85630
chr2	222830527	223030527	harbor2	chr2	222844515	222844698	DNA/hAT-Charlie	783	-	92	222844607	14080
chr2	222830527	223030527	harbor2	chr2	222846150	222846320	DNA/hAT-Charlie	800	-	85	222846235	15708
chr2	222830527	223030527	harbor2	chr2	222881132	222881345	DNA/hAT-Charlie	930	-	106	222881238	50711
chr2	222830527	223030527	harbor2	chr2	222882396	222882704	DNA/hAT-Charlie	1660	-	154	222882550	52023
chr2	152681588	152881588	harbor2	chr2	152691394	152691607	DNA/hAT-Charlie	963	-	106	152691500	9912
chr2	152681588	152881588	harbor2	chr2	152724694	152724872	DNA/hAT-Charlie	573	-	89	152724783	43195
chr2	157980377	158180377	harbor2	chr2	158021018	158021148	DNA/hAT-Charlie	767	-	65	158021083	40706
chr2	157980377	158180377	harbor2	chr2	158052761	158052982	DNA/hAT-Charlie	1136	-	110	158052871	72494
chr2	104548284	104748284	harbor2	chr2	104581850	104582030	DNA/hAT-Charlie	854	-	90	104581940	33656
chr2	104548284	104748284	harbor2	chr2	104598476	104598994	DNA/hAT-Charlie	3659	-	259	104598735	50451
chr2	97552791	97752791	harbor2	chr2	97609742	97609822	DNA/hAT-Charlie	1125	-	40	97609782	56991
chr2	97552791	97752791	harbor2	chr2	97610132	97610361	DNA/hAT-Charlie	1125	-	114	97610246	57455
chr2	59195522	59395522	harbor2	chr2	59214720	59214921	DNA/hAT-Charlie	885	-	100	59214820	19298
chr2	59195522	59395522	harbor2	chr2	59227356	59227857	DNA/hAT-Charlie	972	-	250	59227606	32084
chr2	59195522	59395522	harbor2	chr2	59241583	59241762	DNA/hAT-Charlie	940	-	90	59241673	46151
chr2	175156201	175356201	harbor2	chr2	175177090	175177242	DNA/hAT-Charlie	455	-	76	175177166	20965
chr2	175156201	175356201	harbor2	chr2	175207864	175208052	DNA/hAT-Charlie	1098	-	94	175207958	51757
chr2	175156201	175356201	harbor2	chr2	175233154	175233377	DNA/hAT-Charlie	1121	-	112	175233266	77065
chr2	203944036	204144036	harbor2	chr2	203983108	203983314	DNA/hAT-Charlie	932	-	103	203983211	39175
chr2	203944036	204144036	harbor2	chr2	204004592	204004802	DNA/hAT-Charlie	471	-	105	204004697	60661
chr2	203944036	204144036	harbor2	chr2	204040814	204041019	DNA/hAT-Charlie	869	-	102	204040916	96880
chr2	51298428	51498428	harbor2	chr2	51367346	51367807	DNA/hAT-Charlie	1690	-	230	51367576	69148
chr2	230087964	230287964	harbor2	chr2	230091064	230091215	DNA/hAT-Charlie	745	-	76	230091140	3176
chr2	161814416	162014416	harbor2	chr2	161815596	161815750	DNA/hAT-Charlie	579	-	77	161815673	1257
chr2	161814416	162014416	harbor2	chr2	161885680	161885823	DNA/hAT-Charlie	741	-	72	161885752	71336
chr2	161814416	162014416	harbor2	chr2	161886107	161886167	DNA/hAT-Charlie	741	-	30	161886137	71721
chr2	161814416	162014416	harbor2	chr2	161905176	161905493	DNA/hAT-Charlie	2141	-	158	161905334	90918
chr2	230019281	230219281	harbor2	chr2	230091064	230091215	DNA/hAT-Charlie	745	-	76	230091140	71859
chr2	190193282	190393282	harbor2	chr2	190199199	190199390	DNA/hAT-Charlie	820	-	96	190199295	6013
chr2	190193282	190393282	harbor2	chr2	190204782	190205086	DNA/hAT-Charlie	1315	-	152	190204934	11652
chr2	190193282	190393282	harbor2	chr2	190216479	190216736	DNA/hAT-Charlie	588	-	128	190216607	23325
chr2	190193282	190393282	harbor2	chr2	190283784	190283939	DNA/hAT-Charlie	844	-	78	190283862	90580
chr2	103518357	103718357	harbor2	chr2	103615873	103616046	DNA/hAT-Charlie	519	-	86	103615959	97602
chr2	202602746	202802746	harbor2	chr2	202646545	202647709	DNA/hAT-Charlie	3790	-	582	202647127	44381
chr2	202602746	202802746	harbor2	chr2	202692375	202692724	DNA/hAT-Charlie	1629	-	174	202692549	89803
chr2	202602746	202802746	harbor2	chr2	202692738	202693071	DNA/hAT-Charlie	1327	-	166	202692904	90158
chr2	202602746	202802746	harbor2	chr2	202696116	202696286	DNA/hAT-Charlie	431	-	85	202696201	93455
chr2	202602746	202802746	harbor2	chr2	202696322	202696534	DNA/hAT-Charlie	1437	-	106	202696428	93682
chr2	202602746	202802746	harbor2	chr2	202698208	202698423	DNA/hAT-Charlie	1466	-	108	202698316	95570
chr2	202602746	202802746	harbor2	chr2	202698723	202699143	DNA/hAT-Charlie	1466	-	210	202698933	96187
chr2	137187473	137387473	harbor2	chr2	137244902	137245034	DNA/hAT-Charlie	459	-	66	137244968	57495
chr2	137187473	137387473	harbor2	chr2	137245852	137245974	DNA/hAT-Charlie	700	-	61	137245913	58440
chr2	137187473	137387473	harbor2	chr2	137246285	137246452	DNA/hAT-Charlie	480	-	84	137246369	58896
chr2	237983261	238183261	harbor2	chr2	238009795	238010168	DNA/hAT-Charlie	869	-	186	238009981	26720
chr2	237983261	238183261	harbor2	chr2	238010471	238010563	DNA/hAT-Charlie	869	-	46	238010517	27256
chr2	237983261	238183261	harbor2	chr2	238011590	238011883	DNA/hAT-Charlie	1993	-	146	238011736	28475
chr2	237983261	238183261	harbor2	chr2	238012181	238012692	DNA/hAT-Charlie	1993	-	256	238012437	29176
chr2	237983261	238183261	harbor2	chr2	238012767	238012993	DNA/hAT-Charlie	593	-	113	238012880	29619
chr2	237983261	238183261	harbor2	chr2	238013291	238013694	DNA/hAT-Charlie	593	-	202	238013493	30232
chr2	237983261	238183261	harbor2	chr2	238021674	238021851	DNA/hAT-Charlie	705	-	88	238021762	38501
chr2	237983261	238183261	harbor2	chr2	238056328	238056517	DNA/hAT-Charlie	616	-	94	238056422	73161
chr2	237983261	238183261	harbor2	chr2	238066120	238066394	DNA/hAT-Charlie	938	-	137	238066257	82996
chr2	206576457	206776457	harbor2	chr2	206608109	206608329	DNA/hAT-Charlie	1034	-	110	206608219	31762
chr2	206576457	206776457	harbor2	chr2	206624128	206624417	DNA/hAT-Charlie	792	-	144	206624272	47815
chr2	206576457	206776457	harbor2	chr2	206650201	206650526	DNA/hAT-Charlie	1293	-	162	206650363	73906
chr2	206576457	206776457	harbor2	chr2	206652185	206652370	DNA/hAT-Charlie	696	-	92	206652277	75820
chr2	57652558	57852558	harbor2	chr2	57657719	57657823	DNA/hAT-Charlie	675	-	52	57657771	5213
chr2	57652558	57852558	harbor2	chr2	57657901	57657969	DNA/hAT-Charlie	675	-	34	57657935	5377
chr2	57652558	57852558	harbor2	chr2	57712649	57712843	DNA/hAT-Charlie	750	-	97	57712746	60188
chr2	88717162	88917162	harbor2	chr2	88734091	88734262	DNA/hAT-Charlie	586	-	86	88734177	17015
chr2	88717162	88917162	harbor2	chr2	88755222	88755507	DNA/hAT-Charlie	1084	-	142	88755364	38202
chr2	88717162	88917162	harbor2	chr2	88786739	88786852	DNA/hAT-Charlie	533	-	56	88786795	69633
chr2	88717162	88917162	harbor2	chr2	88800050	88800197	DNA/hAT-Charlie	605	-	74	88800124	82962
chr2	88717162	88917162	harbor2	chr2	88804051	88804233	DNA/hAT-Charlie	829	-	91	88804142	86980
chr2	88717162	88917162	harbor2	chr2	88784859	88784980	DNA/hAT-Charlie	485	-	60	88784919	67757
chr2	196066688	196266688	harbor2	chr2	196134093	196134258	DNA/hAT-Charlie	840	-	82	196134175	67487
chr2	235327843	235527843	harbor2	chr2	235335374	235335489	DNA/hAT-Charlie	542	-	58	235335432	7589
chr2	235327843	235527843	harbor2	chr2	235422486	235422679	DNA/hAT-Charlie	565	-	96	235422582	94739
chr2	235327843	235527843	harbor2	chr2	235422956	235423045	DNA/hAT-Charlie	565	-	44	235423000	95157
chr2	168187282	168387282	harbor2	chr2	168188202	168188475	DNA/hAT-Charlie	547	-	136	168188338	1056
chr2	168187282	168387282	harbor2	chr2	168193739	168193863	DNA/hAT-Charlie	528	-	62	168193801	6519
chr2	168187282	168387282	harbor2	chr2	168203004	168203218	DNA/hAT-Charlie	814	-	107	168203111	15829
chr2	168187282	168387282	harbor2	chr2	168249794	168249862	DNA/hAT-Charlie	696	-	34	168249828	62546
chr2	168187282	168387282	harbor2	chr2	168250202	168250302	DNA/hAT-Charlie	696	-	50	168250252	62970
chr2	168187282	168387282	harbor2	chr2	168277276	168277435	DNA/hAT-Charlie	585	-	80	168277356	90074
chr2	213500804	213700804	harbor2	chr2	213503072	213503229	DNA/hAT-Charlie	630	-	78	213503150	2346
chr2	213500804	213700804	harbor2	chr2	213528689	213528898	DNA/hAT-Charlie	1270	-	104	213528793	27989
chr2	213500804	213700804	harbor2	chr2	213573897	213574052	DNA/hAT-Charlie	633	-	78	213573975	73171
chr2	180370491	180570491	harbor2	chr2	180402044	180402278	DNA/hAT-Charlie	659	-	117	180402161	31670
chr2	180370491	180570491	harbor2	chr2	180462619	180463510	DNA/hAT-Charlie	3528	-	446	180463065	92574
chr2	180370491	180570491	harbor2	chr2	180463562	180465119	DNA/hAT-Charlie	8833	-	778	180464340	93849
chr2	180370491	180570491	harbor2	chr2	180465491	180466040	DNA/hAT-Charlie	8833	-	274	180465765	95274
chr2	133096679	133296679	harbor2	chr2	133144172	133144385	DNA/hAT-Charlie	900	-	106	133144278	47599
chr2	133096679	133296679	harbor2	chr2	133155270	133155456	DNA/hAT-Charlie	866	-	93	133155363	58684
chr2	75235873	75435873	harbor2	chr2	75305370	75305630	DNA/hAT-Charlie	452	-	130	75305500	69627
chr2	157121547	157321547	harbor2	chr2	157174261	157174562	DNA/hAT-Charlie	601	-	150	157174411	52864
chr2	157121547	157321547	harbor2	chr2	157202864	157203085	DNA/hAT-Charlie	1043	-	110	157202974	81427
chr2	227430707	227630707	harbor2	chr2	227449569	227449778	DNA/hAT-Charlie	1201	-	104	227449673	18966
chr2	227430707	227630707	harbor2	chr2	227458674	227458897	DNA/hAT-Charlie	1700	-	112	227458786	28079
chr2	227430707	227630707	harbor2	chr2	227497060	227497263	DNA/hAT-Charlie	543	-	102	227497162	66455
chr2	227430707	227630707	harbor2	chr2	227511332	227511536	DNA/hAT-Charlie	1004	-	102	227511434	80727
chr2	227430707	227630707	harbor2	chr2	227516163	227516358	DNA/hAT-Charlie	708	-	98	227516261	85554
chr2	227430707	227630707	harbor2	chr2	227529810	227530045	DNA/hAT-Charlie	468	-	118	227529928	99221
chr2	214070347	214270347	harbor2	chr2	214080842	214081005	DNA/hAT-Charlie	544	-	82	214080924	10577
chr2	214070347	214270347	harbor2	chr2	214082613	214082740	DNA/hAT-Charlie	509	-	64	214082677	12330
chr2	214070347	214270347	harbor2	chr2	214093716	214093830	DNA/hAT-Charlie	448	-	57	214093773	23426
chr2	214070347	214270347	harbor2	chr2	214132347	214132467	DNA/hAT-Charlie	570	-	60	214132407	62060
chr2	214070347	214270347	harbor2	chr2	214133164	214133357	DNA/hAT-Charlie	758	-	96	214133260	62913
chr2	168000046	168200046	harbor2	chr2	168020067	168020562	DNA/hAT-Charlie	1887	-	248	168020315	20269
chr2	168000046	168200046	harbor2	chr2	168022433	168022643	DNA/hAT-Charlie	628	-	105	168022538	22492
chr2	168000046	168200046	harbor2	chr2	168083797	168084103	DNA/hAT-Charlie	734	-	153	168083950	83904
chr2	189621028	189821028	harbor2	chr2	189637327	189637514	DNA/hAT-Charlie	812	-	94	189637421	16393
chr2	139749468	139949468	harbor2	chr2	139846627	139846786	DNA/hAT-Charlie	595	-	80	139846707	97239
chr2	231714500	231914500	harbor2	chr2	231725194	231725369	DNA/hAT-Charlie	1915	-	88	231725282	10782
chr2	231714500	231914500	harbor2	chr2	231725664	231726004	DNA/hAT-Charlie	1915	-	170	231725834	11334
chr2	231714500	231914500	harbor2	chr2	231758732	231758886	DNA/hAT-Charlie	1015	-	77	231758809	44309
chr2	215062130	215262130	harbor2	chr2	215068321	215068507	DNA/hAT-Charlie	1003	-	93	215068414	6284
chr2	215062130	215262130	harbor2	chr2	215073896	215074047	DNA/hAT-Charlie	478	-	76	215073972	11842
chr2	215062130	215262130	harbor2	chr2	215113402	215113568	DNA/hAT-Charlie	892	-	83	215113485	51355
chr2	134986039	135186039	harbor2	chr2	134999325	134999602	DNA/hAT-Charlie	849	-	138	134999463	13424
chr2	134986039	135186039	harbor2	chr2	135012137	135012316	DNA/hAT-Charlie	927	-	90	135012227	26188
chr2	134986039	135186039	harbor2	chr2	135054136	135054305	DNA/hAT-Charlie	836	-	84	135054220	68181
chr2	134986039	135186039	harbor2	chr2	135062241	135062442	DNA/hAT-Charlie	1107	-	100	135062341	76302
chr2	30538778	30738778	harbor2	chr2	30604368	30604601	DNA/hAT-Charlie	1005	-	116	30604484	65706
chr2	30538778	30738778	harbor2	chr2	30605778	30606040	DNA/hAT-Charlie	1430	-	131	30605909	67131
chr2	30538778	30738778	harbor2	chr2	30556095	30556372	DNA/hAT-Charlie	986	-	138	30556233	17455
chr2	232958026	233158026	harbor2	chr2	232997118	232997290	DNA/hAT-Charlie	542	-	86	232997204	39178
chr2	224376401	224576401	harbor2	chr2	224382121	224382315	DNA/hAT-Charlie	1067	-	97	224382218	5817
chr2	224376401	224576401	harbor2	chr2	224383098	224383266	DNA/hAT-Charlie	523	-	84	224383182	6781
chr2	224376401	224576401	harbor2	chr2	224392872	224393067	DNA/hAT-Charlie	1049	-	98	224392970	16569
chr2	224376401	224576401	harbor2	chr2	224400802	224400962	DNA/hAT-Charlie	512	-	80	224400882	24481
chr2	80662229	80862229	harbor2	chr2	80663313	80663530	DNA/hAT-Charlie	688	-	108	80663421	1192
chr2	80662229	80862229	harbor2	chr2	80683749	80684100	DNA/hAT-Charlie	2092	-	176	80683925	21696
chr2	80662229	80862229	harbor2	chr2	80707308	80707433	DNA/hAT-Charlie	478	-	62	80707370	45141
chr2	80662229	80862229	harbor2	chr2	80722852	80723067	DNA/hAT-Charlie	663	-	108	80722960	60731
chr2	80662229	80862229	harbor2	chr2	80742256	80742385	DNA/hAT-Charlie	484	-	64	80742320	80091
chr2	240955978	241155978	harbor2	chr2	241019846	241020010	DNA/hAT-Charlie	568	-	82	241019928	63950
chr2	240955978	241155978	harbor2	chr2	241043707	241043920	DNA/hAT-Charlie	1208	-	106	241043813	87835
chr2	206379093	206579093	harbor2	chr2	206457833	206458092	DNA/hAT-Charlie	421	-	130	206457963	78870
chr2	180930014	181130014	harbor2	chr2	180968727	180968913	DNA/hAT-Charlie	1030	-	93	180968820	38806
chr2	180930014	181130014	harbor2	chr2	181002511	181002607	DNA/hAT-Charlie	447	-	48	181002559	72545
chr2	238203283	238403283	harbor2	chr2	238276217	238276357	DNA/hAT-Charlie	499	-	70	238276287	73004
chr2	238977811	239177811	harbor2	chr2	239073360	239073579	DNA/hAT-Charlie	426	-	110	239073470	95659
chr2	239663856	239863856	harbor2	chr2	239697248	239697766	DNA/hAT-Charlie	3232	-	259	239697507	33651
chr2	239663856	239863856	harbor2	chr2	239698393	239698835	DNA/hAT-Charlie	1255	-	221	239698614	34758
chr2	239663856	239863856	harbor2	chr2	239700490	239701420	DNA/hAT-Charlie	3648	-	465	239700955	37099
chr2	124783512	124983512	harbor2	chr2	124785198	124785438	DNA/hAT-Charlie	657	-	120	124785318	1806
chr2	124783512	124983512	harbor2	chr2	124821364	124821549	DNA/hAT-Charlie	702	-	92	124821456	37944
chr2	142012740	142212740	harbor2	chr2	142024332	142024506	DNA/hAT-Charlie	695	-	87	142024419	11679
chr2	229326559	229526559	harbor2	chr2	229336632	229336734	DNA/hAT-Charlie	469	-	51	229336683	10124
chr2	229326559	229526559	harbor2	chr2	229337076	229337122	DNA/hAT-Charlie	469	-	23	229337099	10540
chr2	229326559	229526559	harbor2	chr2	229352398	229352663	DNA/hAT-Charlie	1387	-	132	229352530	25971
chr2	229326559	229526559	harbor2	chr2	229353072	229353124	DNA/hAT-Charlie	1387	-	26	229353098	26539
chr2	229326559	229526559	harbor2	chr2	229424777	229424982	DNA/hAT-Charlie	791	-	102	229424879	98320
chr2	47234697	47434697	harbor2	chr2	47257166	47257296	DNA/hAT-Charlie	545	-	65	47257231	22534
chr2	47234697	47434697	harbor2	chr2	47257603	47257737	DNA/hAT-Charlie	545	-	67	47257670	22973
chr2	47234697	47434697	harbor2	chr2	47261340	47261403	DNA/hAT-Charlie	911	-	32	47261372	26675
chr2	47234697	47434697	harbor2	chr2	47262008	47262158	DNA/hAT-Charlie	911	-	75	47262083	27386
chr2	47234697	47434697	harbor2	chr2	47305507	47305550	DNA/hAT-Charlie	789	-	22	47305529	70832
chr2	47234697	47434697	harbor2	chr2	47305852	47306013	DNA/hAT-Charlie	789	-	80	47305932	71235
chr2	47234697	47434697	harbor2	chr2	47306318	47306380	DNA/hAT-Charlie	789	-	31	47306349	71652
chr2	47234697	47434697	harbor2	chr2	47331262	47331781	DNA/hAT-Charlie	3635	-	260	47331522	96825
chr2	154370036	154570036	harbor2	chr2	154396350	154396819	DNA/hAT-Charlie	1556	-	234	154396584	26548
chr2	178129470	178329470	harbor2	chr2	178228233	178228253	DNA/hAT-Charlie	1695	-	10	178228243	98773
chr2	178129470	178329470	harbor2	chr2	178228554	178228904	DNA/hAT-Charlie	1695	-	175	178228729	99259
chr2	178129470	178329470	harbor2	chr2	178229331	178229456	DNA/hAT-Charlie	540	-	62	178229393	99923
chr2	223873712	224073712	harbor2	chr2	223939328	223939447	DNA/hAT-Charlie	958	-	60	223939388	65676
chr2	223873712	224073712	harbor2	chr2	223939809	223939897	DNA/hAT-Charlie	958	-	44	223939853	66141
chr2	223873712	224073712	harbor2	chr2	223971124	223971480	DNA/hAT-Charlie	804	-	178	223971302	97590
chr2	227299710	227499710	harbor2	chr2	227334623	227334773	DNA/hAT-Charlie	569	-	75	227334698	34988
chr2	227299710	227499710	harbor2	chr2	227367031	227367269	DNA/hAT-Charlie	917	-	119	227367150	67440
chr2	127310590	127510590	harbor2	chr2	127348788	127348994	DNA/hAT-Charlie	620	-	103	127348891	38301
chr2	169791976	169991976	harbor2	chr2	169813037	169813124	DNA/hAT-Charlie	761	-	44	169813081	21105
chr2	169791976	169991976	harbor2	chr2	169813429	169813506	DNA/hAT-Charlie	761	-	38	169813467	21491
chr2	44089780	44289780	harbor2	chr2	44120973	44121034	DNA/hAT-Charlie	6127	-	30	44121003	31223
chr2	44089780	44289780	harbor2	chr2	44121346	44121750	DNA/hAT-Charlie	6127	-	202	44121548	31768
chr2	44089780	44289780	harbor2	chr2	44122967	44123264	DNA/hAT-Charlie	6127	-	148	44123115	33335
chr2	44089780	44289780	harbor2	chr2	44164212	44164357	DNA/hAT-Charlie	900	-	72	44164284	74504
chr2	44089780	44289780	harbor2	chr2	44164650	44164751	DNA/hAT-Charlie	900	-	50	44164700	74920
chr2	44089780	44289780	harbor2	chr2	44165685	44165725	DNA/hAT-Charlie	445	-	20	44165705	75925
chr2	44089780	44289780	harbor2	chr2	44166027	44166175	DNA/hAT-Charlie	445	-	74	44166101	76321
chr2	44089780	44289780	harbor2	chr2	44178793	44178972	DNA/hAT-Charlie	894	-	90	44178883	89103
chr2	44089780	44289780	harbor2	chr2	44179327	44179443	DNA/hAT-Charlie	894	-	58	44179385	89605
chr2	44089780	44289780	harbor2	chr2	44122051	44122662	DNA/hAT-Charlie	6127	-	306	44122357	32577
chr2	206423268	206623268	harbor2	chr2	206457833	206458092	DNA/hAT-Charlie	421	-	130	206457963	34695
chr2	153479060	153679060	harbor2	chr2	153510557	153510747	DNA/hAT-Charlie	448	-	95	153510652	31592
chr2	153479060	153679060	harbor2	chr2	153548131	153548285	DNA/hAT-Charlie	691	-	77	153548208	69148
chr2	153479060	153679060	harbor2	chr2	153552704	153553043	DNA/hAT-Charlie	2241	-	170	153552874	73814
chr2	141491650	141691650	harbor2	chr2	141496290	141496434	DNA/hAT-Charlie	619	-	72	141496362	4712
chr2	141491650	141691650	harbor2	chr2	141504845	141504997	DNA/hAT-Charlie	737	-	76	141504921	13271
chr2	141491650	141691650	harbor2	chr2	141539625	141539912	DNA/hAT-Charlie	920	-	144	141539769	48119
chr2	160773273	160973273	harbor2	chr2	160784279	160784470	DNA/hAT-Charlie	908	-	96	160784375	11102
chr2	160773273	160973273	harbor2	chr2	160861691	160862199	DNA/hAT-Charlie	1253	-	254	160861945	88672
chr2	225368080	225568080	harbor2	chr2	225381433	225381962	DNA/hAT-Charlie	3708	-	264	225381697	13617
chr2	225368080	225568080	harbor2	chr2	225394032	225394173	DNA/hAT-Charlie	784	-	70	225394102	26022
chr2	225368080	225568080	harbor2	chr2	225394301	225394365	DNA/hAT-Charlie	784	-	32	225394333	26253
chr2	225368080	225568080	harbor2	chr2	225428434	225428623	DNA/hAT-Charlie	745	-	94	225428528	60448
chr2	234594479	234794479	harbor2	chr2	234662450	234662667	DNA/hAT-Charlie	926	-	108	234662558	68079
chr2	168486188	168686188	harbor2	chr2	168525186	168525373	DNA/hAT-Charlie	1022	-	94	168525280	39092
chr2	168486188	168686188	harbor2	chr2	168525385	168525537	DNA/hAT-Charlie	467	-	76	168525461	39273
chr2	168486188	168686188	harbor2	chr2	168563114	168563235	DNA/hAT-Charlie	570	-	60	168563174	76986
chr2	168486188	168686188	harbor2	chr2	168566414	168566972	DNA/hAT-Charlie	777	-	279	168566693	80505
chr2	168486188	168686188	harbor2	chr2	168567307	168567342	DNA/hAT-Charlie	427	-	18	168567325	81137
chr2	168486188	168686188	harbor2	chr2	168567343	168567648	DNA/hAT-Charlie	1235	-	152	168567495	81307
chr2	168486188	168686188	harbor2	chr2	168567649	168567864	DNA/hAT-Charlie	427	-	108	168567757	81569
chr2	168486188	168686188	harbor2	chr2	168567936	168568162	DNA/hAT-Charlie	830	-	113	168568049	81861
chr2	42626650	42826650	harbor2	chr2	42683401	42683899	DNA/hAT-Charlie	3393	-	249	42683650	57000
chr2	42626650	42826650	harbor2	chr2	42706433	42706678	DNA/hAT-Charlie	712	-	122	42706555	79905
chr2	42626650	42826650	harbor2	chr2	42714654	42714980	DNA/hAT-Charlie	2046	-	163	42714817	88167
chr2	239854614	240054614	harbor2	chr2	239940087	239940288	DNA/hAT-Charlie	951	-	100	239940187	85573
chr2	239854614	240054614	harbor2	chr2	239942233	239942410	DNA/hAT-Charlie	574	-	88	239942321	87707
chr2	102468938	102668938	harbor2	chr2	102522633	102522963	DNA/hAT-Charlie	1256	-	165	102522798	53860
chr2	102468938	102668938	harbor2	chr2	102523264	102523630	DNA/hAT-Charlie	1256	-	183	102523447	54509
chr2	102468938	102668938	harbor2	chr2	102526502	102526671	DNA/hAT-Charlie	730	-	84	102526586	57648
chr2	124335582	124535582	harbor2	chr2	124427901	124428023	DNA/hAT-Charlie	460	-	61	124427962	92380
chr2	231248904	231448904	harbor2	chr2	231250293	231250457	DNA/hAT-Charlie	818	-	82	231250375	1471
chr2	231248904	231448904	harbor2	chr2	231253584	231253738	DNA/hAT-Charlie	650	-	77	231253661	4757
chr2	231248904	231448904	harbor2	chr2	231259582	231259710	DNA/hAT-Charlie	1879	-	64	231259646	10742
chr2	231248904	231448904	harbor2	chr2	231266165	231266341	DNA/hAT-Charlie	886	-	88	231266253	17349
chr2	231248904	231448904	harbor2	chr2	231297407	231297713	DNA/hAT-Charlie	1316	-	153	231297560	48656
chr2	231248904	231448904	harbor2	chr2	231302183	231302437	DNA/hAT-Charlie	1731	-	127	231302310	53406
chr2	231248904	231448904	harbor2	chr2	231302463	231302720	DNA/hAT-Charlie	1731	-	128	231302591	53687
chr2	231248904	231448904	harbor2	chr2	231303019	231303077	DNA/hAT-Charlie	1731	-	29	231303048	54144
chr2	231248904	231448904	harbor2	chr2	231304292	231304398	DNA/hAT-Charlie	4672	-	53	231304345	55441
chr2	231248904	231448904	harbor2	chr2	231304697	231305708	DNA/hAT-Charlie	4672	-	506	231305203	56299
chr2	231248904	231448904	harbor2	chr2	231305910	231306182	DNA/hAT-Charlie	1274	-	136	231306046	57142
chr2	231248904	231448904	harbor2	chr2	231314504	231314725	DNA/hAT-Charlie	1349	-	110	231314614	65710
chr2	231248904	231448904	harbor2	chr2	231260014	231260368	DNA/hAT-Charlie	1879	-	177	231260191	11287
chr2	197408396	197608396	harbor2	chr2	197442721	197442827	DNA/hAT-Charlie	440	-	53	197442774	34378
chr2	197408396	197608396	harbor2	chr2	197443136	197443279	DNA/hAT-Charlie	599	-	72	197443208	34812
chr2	197408396	197608396	harbor2	chr2	197456934	197457257	DNA/hAT-Charlie	2156	-	162	197457096	48700
chr2	197408396	197608396	harbor2	chr2	197460729	197460910	DNA/hAT-Charlie	977	-	90	197460819	52423
chr3	33635352	33835352	harbor2	chr3	33647487	33647720	DNA/hAT-Charlie	905	-	116	33647603	12251
chr3	33635352	33835352	harbor2	chr3	33690865	33691142	DNA/hAT-Charlie	1625	-	138	33691003	55651
chr3	33635352	33835352	harbor2	chr3	33721520	33721817	DNA/hAT-Charlie	1103	-	148	33721668	86316
chr3	33635352	33835352	harbor2	chr3	33722005	33722191	DNA/hAT-Charlie	605	-	93	33722098	86746
chr3	33635352	33835352	harbor2	chr3	33731605	33731743	DNA/hAT-Charlie	775	-	69	33731674	96322
chr3	180017578	180217578	harbor2	chr3	180029703	180029819	DNA/hAT-Charlie	599	-	58	180029761	12183
chr3	156896875	157096875	harbor2	chr3	156900054	156900329	DNA/hAT-Charlie	591	-	138	156900192	3317
chr3	156896875	157096875	harbor2	chr3	156933519	156933930	DNA/hAT-Charlie	687	-	206	156933725	36850
chr3	196354449	196554449	harbor2	chr3	196397299	196397496	DNA/hAT-Charlie	1497	-	98	196397397	42948
chr3	196354449	196554449	harbor2	chr3	196397779	196397938	DNA/hAT-Charlie	1497	-	80	196397859	43410
chr3	196354449	196554449	harbor2	chr3	196398375	196398650	DNA/hAT-Charlie	2485	-	138	196398513	44064
chr3	196354449	196554449	harbor2	chr3	196398948	196399298	DNA/hAT-Charlie	2485	-	175	196399123	44674
chr3	196354449	196554449	harbor2	chr3	196399753	196399901	DNA/hAT-Charlie	551	-	74	196399827	45378
chr3	123706681	123906681	harbor2	chr3	123744033	123744258	DNA/hAT-Charlie	498	-	112	123744145	37464
chr3	123706681	123906681	harbor2	chr3	123745241	123745362	DNA/hAT-Charlie	520	-	60	123745301	38620
chr3	123706681	123906681	harbor2	chr3	123752906	123753069	DNA/hAT-Charlie	848	-	82	123752988	46307
chr3	123706681	123906681	harbor2	chr3	123800829	123801297	DNA/hAT-Charlie	2097	-	234	123801063	94382
chr3	5573316	5773316	harbor2	chr3	5582788	5583086	DNA/hAT-Charlie	449	-	149	5582937	9621
chr3	5573316	5773316	harbor2	chr3	5599619	5599729	DNA/hAT-Charlie	418	-	55	5599674	26358
chr3	194522490	194722490	harbor2	chr3	194553437	194553571	DNA/hAT-Charlie	412	-	67	194553504	31014
chr3	194522490	194722490	harbor2	chr3	194602815	194603149	DNA/hAT-Charlie	709	-	167	194602982	80492
chr3	194522490	194722490	harbor2	chr3	194611526	194611643	DNA/hAT-Charlie	534	-	58	194611584	89094
chr3	194522490	194722490	harbor2	chr3	194611677	194611740	DNA/hAT-Charlie	736	-	32	194611709	89219
chr3	194522490	194722490	harbor2	chr3	194612061	194612184	DNA/hAT-Charlie	736	-	62	194612123	89633
chr3	171469667	171669667	harbor2	chr3	171484108	171484305	DNA/hAT-Charlie	443	-	98	171484206	14539
chr3	171469667	171669667	harbor2	chr3	171490398	171490573	DNA/hAT-Charlie	917	-	88	171490486	20819
chr3	171469667	171669667	harbor2	chr3	171534141	171534428	DNA/hAT-Charlie	1822	-	144	171534285	64618
chr3	171469667	171669667	harbor2	chr3	171536242	171536563	DNA/hAT-Charlie	1978	-	160	171536402	66735
chr3	171469667	171669667	harbor2	chr3	171558422	171558602	DNA/hAT-Charlie	851	-	90	171558512	88845
chr3	171469667	171669667	harbor2	chr3	171561639	171561861	DNA/hAT-Charlie	1240	-	111	171561750	92083
chr3	153893189	154093189	harbor2	chr3	153958037	153958239	DNA/hAT-Charlie	748	-	101	153958138	64949
chr3	153893189	154093189	harbor2	chr3	153970082	153970255	DNA/hAT-Charlie	908	-	86	153970168	76979
chr3	140218809	140418809	harbor2	chr3	140224710	140224864	DNA/hAT-Charlie	483	-	77	140224787	5978
chr3	140218809	140418809	harbor2	chr3	140285561	140285746	DNA/hAT-Charlie	791	-	92	140285653	66844
chr3	140218809	140418809	harbor2	chr3	140297493	140297703	DNA/hAT-Charlie	409	-	105	140297598	78789
chr3	140218809	140418809	harbor2	chr3	140300672	140300761	DNA/hAT-Charlie	2099	-	44	140300716	81907
chr3	140218809	140418809	harbor2	chr3	140301236	140301673	DNA/hAT-Charlie	2099	-	218	140301454	82645
chr3	164467295	164667295	harbor2	chr3	164491791	164491957	DNA/hAT-Charlie	694	-	83	164491874	24579
chr3	164467295	164667295	harbor2	chr3	164492202	164492410	DNA/hAT-Charlie	781	-	104	164492306	25011
chr3	164467295	164667295	harbor2	chr3	164554456	164554662	DNA/hAT-Charlie	925	-	103	164554559	87264
chr3	164467295	164667295	harbor2	chr3	164560639	164560951	DNA/hAT-Charlie	1289	-	156	164560795	93500
chr3	173703845	173903845	harbor2	chr3	173730365	173730619	DNA/hAT-Charlie	959	-	127	173730492	26647
chr3	139111427	139311427	harbor2	chr3	139140886	139141046	DNA/hAT-Charlie	505	-	80	139140966	29539
chr3	192055168	192255168	harbor2	chr3	192081740	192083309	DNA/hAT-Charlie	11328	-	784	192082524	27356
chr3	192055168	192255168	harbor2	chr3	192083304	192083584	DNA/hAT-Charlie	1481	-	140	192083444	28276
chr3	192055168	192255168	harbor2	chr3	192145437	192145597	DNA/hAT-Charlie	656	-	80	192145517	90349
chr3	147763687	147963687	harbor2	chr3	147778358	147778468	DNA/hAT-Charlie	439	-	55	147778413	14726
chr3	147763687	147963687	harbor2	chr3	147802748	147802761	DNA/hAT-Charlie	597	-	6	147802754	39067
chr3	147763687	147963687	harbor2	chr3	147802949	147803095	DNA/hAT-Charlie	597	-	73	147803022	39335
chr3	147763687	147963687	harbor2	chr3	147803142	147803306	DNA/hAT-Charlie	546	-	82	147803224	39537
chr3	147763687	147963687	harbor2	chr3	147851076	147851299	DNA/hAT-Charlie	1099	-	112	147851188	87501
chr3	135581877	135781877	harbor2	chr3	135622271	135622376	DNA/hAT-Charlie	837	-	52	135622323	40446
chr3	135581877	135781877	harbor2	chr3	135622697	135622786	DNA/hAT-Charlie	837	-	44	135622741	40864
chr3	183346138	183546138	harbor2	chr3	183355771	183355920	DNA/hAT-Charlie	521	-	74	183355845	9707
chr3	183346138	183546138	harbor2	chr3	183373616	183373784	DNA/hAT-Charlie	668	-	84	183373700	27562
chr3	183346138	183546138	harbor2	chr3	183432600	183432784	DNA/hAT-Charlie	752	-	92	183432692	86554
chr3	174518543	174718543	harbor2	chr3	174534888	174535034	DNA/hAT-Charlie	400	-	73	174534961	16418
chr3	174518543	174718543	harbor2	chr3	174558280	174558786	DNA/hAT-Charlie	3389	-	253	174558533	39990
chr3	174518543	174718543	harbor2	chr3	174570976	174571135	DNA/hAT-Charlie	691	-	80	174571056	52513
chr3	174518543	174718543	harbor2	chr3	174596447	174596613	DNA/hAT-Charlie	781	-	83	174596530	77987
chr3	194142880	194342880	harbor2	chr3	194156581	194156885	DNA/hAT-Charlie	1178	-	152	194156733	13853
chr3	194142880	194342880	harbor2	chr3	194169208	194169367	DNA/hAT-Charlie	563	-	80	194169288	26408
chr3	194360080	194560080	harbor2	chr3	194371671	194371855	DNA/hAT-Charlie	774	-	92	194371763	11683
chr3	194360080	194560080	harbor2	chr3	194371891	194371910	DNA/hAT-Charlie	774	-	10	194371901	11821
chr3	194360080	194560080	harbor2	chr3	194409753	194409828	DNA/hAT-Charlie	482	-	38	194409791	49711
chr3	194360080	194560080	harbor2	chr3	194447674	194447805	DNA/hAT-Charlie	506	-	66	194447740	87660
chr3	194222210	194422210	harbor2	chr3	194248395	194248610	DNA/hAT-Charlie	411	-	108	194248503	26293
chr3	194222210	194422210	harbor2	chr3	194256514	194256659	DNA/hAT-Charlie	487	-	72	194256586	34376
chr3	194222210	194422210	harbor2	chr3	194259149	194259315	DNA/hAT-Charlie	904	-	83	194259232	37022
chr3	194222210	194422210	harbor2	chr3	194307474	194307643	DNA/hAT-Charlie	903	-	84	194307558	85348
chr3	194222210	194422210	harbor2	chr3	194316111	194316290	DNA/hAT-Charlie	751	-	90	194316201	93991
chr3	172082388	172282388	harbor2	chr3	172090251	172090408	DNA/hAT-Charlie	419	-	78	172090329	7941
chr3	172082388	172282388	harbor2	chr3	172147588	172147748	DNA/hAT-Charlie	738	-	80	172147668	65280
chr3	172082388	172282388	harbor2	chr3	172150135	172150229	DNA/hAT-Charlie	432	-	47	172150182	67794
chr3	186415162	186615162	harbor2	chr3	186441387	186441594	DNA/hAT-Charlie	614	-	104	186441491	26329
chr3	186415162	186615162	harbor2	chr3	186446961	186447118	DNA/hAT-Charlie	450	-	78	186447039	31877
chr3	186415162	186615162	harbor2	chr3	186448354	186448556	DNA/hAT-Charlie	732	-	101	186448455	33293
chr3	186415162	186615162	harbor2	chr3	186468597	186468901	DNA/hAT-Charlie	1362	-	152	186468749	53587
chr3	186415162	186615162	harbor2	chr3	186513564	186513727	DNA/hAT-Charlie	766	-	82	186513646	98484
chr3	178257860	178457860	harbor2	chr3	178277554	178277773	DNA/hAT-Charlie	708	-	110	178277664	19804
chr3	178257860	178457860	harbor2	chr3	178311366	178311458	DNA/hAT-Charlie	497	-	46	178311412	53552
chr3	178257860	178457860	harbor2	chr3	178311502	178311603	DNA/hAT-Charlie	497	-	50	178311552	53692
chr3	178257860	178457860	harbor2	chr3	178347103	178347771	DNA/hAT-Charlie	2927	-	334	178347437	89577
chr3	181725823	181925823	harbor2	chr3	181779580	181779805	DNA/hAT-Charlie	1171	-	112	181779692	53869
chr3	181725823	181925823	harbor2	chr3	181780054	181780227	DNA/hAT-Charlie	1171	-	86	181780140	54317
chr3	181725823	181925823	harbor2	chr3	181783651	181783763	DNA/hAT-Charlie	830	-	56	181783707	57884
chr3	181725823	181925823	harbor2	chr3	181823602	181823829	DNA/hAT-Charlie	486	-	114	181823716	97893
chr3	192576347	192776347	harbor2	chr3	192595502	192595689	DNA/hAT-Charlie	1133	-	94	192595596	19249
chr3	192576347	192776347	harbor2	chr3	192598553	192598679	DNA/hAT-Charlie	449	-	63	192598616	22269
chr3	192576347	192776347	harbor2	chr3	192617589	192617737	DNA/hAT-Charlie	578	-	74	192617663	41316
chr3	192576347	192776347	harbor2	chr3	192636251	192636429	DNA/hAT-Charlie	619	-	89	192636340	59993
chr3	184220229	184420229	harbor2	chr3	184240371	184240488	DNA/hAT-Charlie	563	-	58	184240429	20200
chr3	184220229	184420229	harbor2	chr3	184252522	184252660	DNA/hAT-Charlie	810	-	69	184252591	32362
chr3	184220229	184420229	harbor2	chr3	184252972	184253038	DNA/hAT-Charlie	810	-	33	184253005	32776
chr3	192149615	192349615	harbor2	chr3	192242258	192242449	DNA/hAT-Charlie	752	-	96	192242354	92739
chr3	141850124	142050124	harbor2	chr3	141887109	141887252	DNA/hAT-Charlie	462	-	72	141887181	37057
chr3	141850124	142050124	harbor2	chr3	141916758	141916862	DNA/hAT-Charlie	781	-	52	141916810	66686
chr3	141850124	142050124	harbor2	chr3	141917153	141917225	DNA/hAT-Charlie	781	-	36	141917189	67065
chr3	141850124	142050124	harbor2	chr3	141929399	141929519	DNA/hAT-Charlie	536	-	60	141929459	79335
chr3	188837705	189037705	harbor2	chr3	188869609	188869755	DNA/hAT-Charlie	684	-	73	188869682	31977
chr3	188837705	189037705	harbor2	chr3	188902848	188903059	DNA/hAT-Charlie	964	-	106	188902954	65249
chr3	186166894	186366894	harbor2	chr3	186178994	186179146	DNA/hAT-Charlie	690	-	76	186179070	12176
chr3	186166894	186366894	harbor2	chr3	186186398	186186552	DNA/hAT-Charlie	425	-	77	186186475	19581
chr3	186166894	186366894	harbor2	chr3	186195547	186195709	DNA/hAT-Charlie	968	-	81	186195628	28734
chr3	186166894	186366894	harbor2	chr3	186213483	186213600	DNA/hAT-Charlie	436	-	58	186213541	46647
chr3	186166894	186366894	harbor2	chr3	186218627	186218783	DNA/hAT-Charlie	563	-	78	186218705	51811
chr3	186166894	186366894	harbor2	chr3	186238957	186239110	DNA/hAT-Charlie	519	-	76	186239033	72139
chr3	186166894	186366894	harbor2	chr3	186245815	186245974	DNA/hAT-Charlie	709	-	80	186245895	79001
chr3	186166894	186366894	harbor2	chr3	186246272	186246494	DNA/hAT-Charlie	709	-	111	186246383	79489
chr3	114679858	114879858	harbor2	chr3	114726434	114726610	DNA/hAT-Charlie	998	-	88	114726522	46664
chr3	81839121	82039121	harbor2	chr3	81861132	81861230	DNA/hAT-Charlie	471	-	49	81861181	22060
chr3	81839121	82039121	harbor2	chr3	81866188	81866374	DNA/hAT-Charlie	540	-	93	81866281	27160
chr3	81839121	82039121	harbor2	chr3	81930895	81931123	DNA/hAT-Charlie	935	-	114	81931009	91888
chr3	108581324	108781324	harbor2	chr3	108584471	108584669	DNA/hAT-Charlie	982	-	99	108584570	3246
chr3	108581324	108781324	harbor2	chr3	108605448	108605783	DNA/hAT-Charlie	2176	-	168	108605616	24292
chr3	108581324	108781324	harbor2	chr3	108643404	108643563	DNA/hAT-Charlie	712	-	80	108643484	62160
chr3	108581324	108781324	harbor2	chr3	108643596	108643769	DNA/hAT-Charlie	704	-	86	108643682	62358
chr3	160272170	160472170	harbor2	chr3	160330544	160330726	DNA/hAT-Charlie	917	-	91	160330635	58465
chr3	189932515	190132515	harbor2	chr3	189958497	189958699	DNA/hAT-Charlie	653	-	101	189958598	26083
chr3	189932515	190132515	harbor2	chr3	189958989	189959011	DNA/hAT-Charlie	653	-	11	189959000	26485
chr3	189932515	190132515	harbor2	chr3	189975831	189976249	DNA/hAT-Charlie	1005	-	209	189976040	43525
chr3	189932515	190132515	harbor2	chr3	189976593	189976802	DNA/hAT-Charlie	1005	-	104	189976697	44182
chr3	189932515	190132515	harbor2	chr3	189998760	189999070	DNA/hAT-Charlie	1832	-	155	189998915	66400
chr3	189932515	190132515	harbor2	chr3	190022711	190022832	DNA/hAT-Charlie	531	-	60	190022771	90256
chr3	189932515	190132515	harbor2	chr3	190023126	190023197	DNA/hAT-Charlie	531	-	36	190023162	90647
chr3	185462160	185662160	harbor2	chr3	185474402	185474645	DNA/hAT-Charlie	648	-	122	185474524	12364
chr3	185462160	185662160	harbor2	chr3	185487742	185487890	DNA/hAT-Charlie	397	-	74	185487816	25656
chr3	185462160	185662160	harbor2	chr3	185493408	185493516	DNA/hAT-Charlie	504	-	54	185493462	31302
chr3	185462160	185662160	harbor2	chr3	185493940	185494082	DNA/hAT-Charlie	485	-	71	185494011	31851
chr3	185462160	185662160	harbor2	chr3	185517705	185517800	DNA/hAT-Charlie	475	-	48	185517753	55593
chr3	129158473	129358473	harbor2	chr3	129200647	129200860	DNA/hAT-Charlie	560	-	106	129200753	42280
chr3	176316278	176516278	harbor2	chr3	176392641	176392834	DNA/hAT-Charlie	597	-	96	176392737	76459
chr3	176316278	176516278	harbor2	chr3	176393146	176393230	DNA/hAT-Charlie	597	-	42	176393188	76910
chr3	176316278	176516278	harbor2	chr3	176402790	176402976	DNA/hAT-Charlie	816	-	93	176402883	86605
chr3	192730605	192930605	harbor2	chr3	192769828	192769986	DNA/hAT-Charlie	408	-	79	192769907	39302
chr3	192730605	192930605	harbor2	chr3	192770171	192770362	DNA/hAT-Charlie	575	-	96	192770267	39662
chr3	192730605	192930605	harbor2	chr3	192770507	192771240	DNA/hAT-Charlie	1408	-	366	192770873	40268
chr3	177696616	177896616	harbor2	chr3	177712127	177712434	DNA/hAT-Charlie	792	-	154	177712281	15665
chr3	177696616	177896616	harbor2	chr3	177721991	177722210	DNA/hAT-Charlie	1328	-	110	177722101	25485
chr3	177696616	177896616	harbor2	chr3	177793560	177793699	DNA/hAT-Charlie	513	-	70	177793630	97014
chr3	124312167	124512167	harbor2	chr3	124317551	124317709	DNA/hAT-Charlie	771	-	79	124317630	5463
chr3	124312167	124512167	harbor2	chr3	124402716	124403214	DNA/hAT-Charlie	1559	-	249	124402965	90798
chr3	147066064	147266064	harbor2	chr3	147099611	147099959	DNA/hAT-Charlie	1976	-	174	147099785	33721
chr3	147066064	147266064	harbor2	chr3	147101000	147101244	DNA/hAT-Charlie	674	-	122	147101122	35058
chr3	42690649	42890649	harbor2	chr3	42714943	42715009	DNA/hAT-Charlie	637	-	33	42714976	24327
chr3	42690649	42890649	harbor2	chr3	42715634	42715758	DNA/hAT-Charlie	637	-	62	42715696	25047
chr3	184718575	184918575	harbor2	chr3	184770213	184770377	DNA/hAT-Charlie	839	-	82	184770295	51720
chr3	184718575	184918575	harbor2	chr3	184773115	184773368	DNA/hAT-Charlie	591	-	126	184773241	54666
chr3	184718575	184918575	harbor2	chr3	184808617	184809067	DNA/hAT-Charlie	814	-	225	184808842	90267
chr3	69567932	69767932	harbor2	chr3	69583721	69583962	DNA/hAT-Charlie	577	-	120	69583841	15909
chr3	69567932	69767932	harbor2	chr3	69594052	69594123	DNA/hAT-Charlie	431	-	36	69594088	26156
chr3	69567932	69767932	harbor2	chr3	69594469	69594668	DNA/hAT-Charlie	818	-	100	69594569	26637
chr3	69567932	69767932	harbor2	chr3	69666037	69666419	DNA/hAT-Charlie	964	-	191	69666228	98296
chr3	130418039	130618039	harbor2	chr3	130441240	130441373	DNA/hAT-Charlie	591	-	66	130441306	23267
chr3	130418039	130618039	harbor2	chr3	130453973	130454700	DNA/hAT-Charlie	1016	-	364	130454337	36298
chr3	130418039	130618039	harbor2	chr3	130490267	130490361	DNA/hAT-Charlie	647	-	47	130490314	72275
chr3	130418039	130618039	harbor2	chr3	130490368	130490489	DNA/hAT-Charlie	450	-	60	130490428	72389
chr3	130418039	130618039	harbor2	chr3	130498627	130498794	DNA/hAT-Charlie	646	-	84	130498711	80672
chr3	130418039	130618039	harbor2	chr3	130498814	130498935	DNA/hAT-Charlie	734	-	60	130498874	80835
chr3	182748486	182948486	harbor2	chr3	182759903	182760009	DNA/hAT-Charlie	668	-	53	182759956	11470
chr3	182748486	182948486	harbor2	chr3	182773023	182773241	DNA/hAT-Charlie	1610	-	109	182773132	24646
chr3	182748486	182948486	harbor2	chr3	182790258	182790448	DNA/hAT-Charlie	501	-	95	182790353	41867
chr3	182748486	182948486	harbor2	chr3	182796416	182796575	DNA/hAT-Charlie	397	-	80	182796496	48010
chr3	182748486	182948486	harbor2	chr3	182810854	182811497	DNA/hAT-Charlie	1635	-	322	182811176	62690
chr3	182748486	182948486	harbor2	chr3	182816729	182816831	DNA/hAT-Charlie	438	-	51	182816780	68294
chr3	182748486	182948486	harbor2	chr3	182818617	182819035	DNA/hAT-Charlie	744	-	209	182818826	70340
chr3	195325420	195525420	harbor2	chr3	195366617	195366720	DNA/hAT-Charlie	420	-	52	195366669	41249
chr3	195325420	195525420	harbor2	chr3	195366876	195367034	DNA/hAT-Charlie	685	-	79	195366955	41535
chr3	195325420	195525420	harbor2	chr3	195367128	195367311	DNA/hAT-Charlie	1032	-	92	195367220	41800
chr3	195325420	195525420	harbor2	chr3	195421149	195421309	DNA/hAT-Charlie	485	-	80	195421229	95809
chr3	195325420	195525420	harbor2	chr3	195423645	195423847	DNA/hAT-Charlie	978	-	101	195423746	98326
chr3	99641127	99841127	harbor2	chr3	99688814	99689031	DNA/hAT-Charlie	1097	-	108	99688922	47795
chr3	99641127	99841127	harbor2	chr3	99689519	99689755	DNA/hAT-Charlie	472	-	118	99689637	48510
chr3	99641127	99841127	harbor2	chr3	99695074	99695255	DNA/hAT-Charlie	814	-	90	99695164	54037
chr3	99641127	99841127	harbor2	chr3	99699989	99700133	DNA/hAT-Charlie	502	-	72	99700061	58934
chr3	100682571	100882571	harbor2	chr3	100718316	100718487	DNA/hAT-Charlie	413	-	86	100718402	35831
chr3	100682571	100882571	harbor2	chr3	100720440	100720699	DNA/hAT-Charlie	985	-	130	100720570	37999
chr3	100682571	100882571	harbor2	chr3	100729176	100729599	DNA/hAT-Charlie	605	-	212	100729388	46817
chr3	100682571	100882571	harbor2	chr3	100738775	100739065	DNA/hAT-Charlie	578	-	145	100738920	56349
chr3	187821813	188021813	harbor2	chr3	187847598	187847803	DNA/hAT-Charlie	911	-	102	187847700	25887
chr3	187821813	188021813	harbor2	chr3	187874938	187875293	DNA/hAT-Charlie	1247	-	178	187875116	53303
chr3	187821813	188021813	harbor2	chr3	187875604	187875798	DNA/hAT-Charlie	1247	-	97	187875701	53888
chr3	187821813	188021813	harbor2	chr3	187883257	187883631	DNA/hAT-Charlie	1629	-	187	187883444	61631
chr3	142894737	143094737	harbor2	chr3	142900855	142900965	DNA/hAT-Charlie	449	-	55	142900910	6173
chr3	142894737	143094737	harbor2	chr3	142926377	142926509	DNA/hAT-Charlie	491	-	66	142926443	31706
chr3	142894737	143094737	harbor2	chr3	142942579	142942905	DNA/hAT-Charlie	1891	-	163	142942742	48005
chr3	142894737	143094737	harbor2	chr3	142992820	142992953	DNA/hAT-Charlie	725	-	66	142992886	98149
chr3	142894737	143094737	harbor2	chr3	142993423	142993512	DNA/hAT-Charlie	725	-	44	142993467	98730
chr3	129172198	129372198	harbor2	chr3	129200647	129200860	DNA/hAT-Charlie	560	-	106	129200753	28555
chr3	78376820	78576820	harbor2	chr3	78404733	78405210	DNA/hAT-Charlie	640	-	238	78404971	28151
chr3	78376820	78576820	harbor2	chr3	78421738	78421942	DNA/hAT-Charlie	892	-	102	78421840	45020
chr3	78376820	78576820	harbor2	chr3	78428417	78428708	DNA/hAT-Charlie	554	-	146	78428563	51743
chr3	78376820	78576820	harbor2	chr3	78434417	78434572	DNA/hAT-Charlie	692	-	78	78434495	57675
chr3	105980377	106180377	harbor2	chr3	106013146	106013350	DNA/hAT-Charlie	810	-	102	106013248	32871
chr3	132431302	132631302	harbor2	chr3	132432579	132432722	DNA/hAT-Charlie	757	-	72	132432651	1349
chr3	132431302	132631302	harbor2	chr3	132432722	132432976	DNA/hAT-Charlie	626	-	127	132432849	1547
chr3	132431302	132631302	harbor2	chr3	132443894	132444021	DNA/hAT-Charlie	601	-	64	132443958	12656
chr3	132431302	132631302	harbor2	chr3	132461302	132461531	DNA/hAT-Charlie	1157	-	114	132461416	30114
chr3	132431302	132631302	harbor2	chr3	132499850	132499996	DNA/hAT-Charlie	701	-	73	132499923	68621
chr3	132431302	132631302	harbor2	chr3	132500404	132500585	DNA/hAT-Charlie	649	-	90	132500494	69192
chr3	132431302	132631302	harbor2	chr3	132520145	132520336	DNA/hAT-Charlie	820	-	96	132520241	88939
chr3	132710912	132910912	harbor2	chr3	132712354	132712484	DNA/hAT-Charlie	973	-	65	132712419	1507
chr3	132710912	132910912	harbor2	chr3	132712786	132712893	DNA/hAT-Charlie	973	-	54	132712840	1928
chr3	132710912	132910912	harbor2	chr3	132713982	132714348	DNA/hAT-Charlie	1111	-	183	132714165	3253
chr3	132710912	132910912	harbor2	chr3	132778661	132778845	DNA/hAT-Charlie	1089	-	92	132778753	67841
chr3	132710912	132910912	harbor2	chr3	132783830	132783995	DNA/hAT-Charlie	826	-	82	132783912	73000
chr3	132710912	132910912	harbor2	chr3	132800093	132800241	DNA/hAT-Charlie	678	-	74	132800167	89255
chr3	132710912	132910912	harbor2	chr3	132800584	132800684	DNA/hAT-Charlie	595	-	50	132800634	89722
chr3	132710912	132910912	harbor2	chr3	132800955	132801032	DNA/hAT-Charlie	595	-	38	132800993	90081
chr3	132710912	132910912	harbor2	chr3	132726687	132726888	DNA/hAT-Charlie	955	-	100	132726787	15875
chr3	174820738	175020738	harbor2	chr3	174902001	174902148	DNA/hAT-Charlie	590	-	74	174902075	81337
chr3	196556187	196756187	harbor2	chr3	196578435	196578523	DNA/hAT-Charlie	482	-	44	196578479	22292
chr3	196556187	196756187	harbor2	chr3	196578546	196578680	DNA/hAT-Charlie	589	-	67	196578613	22426
chr3	196556187	196756187	harbor2	chr3	196586684	196586862	DNA/hAT-Charlie	628	-	89	196586773	30586
chr3	168078660	168278660	harbor2	chr3	168080313	168080524	DNA/hAT-Charlie	717	-	106	168080419	1759
chr3	168078660	168278660	harbor2	chr3	168080602	168080879	DNA/hAT-Charlie	517	-	138	168080740	2080
chr3	168078660	168278660	harbor2	chr3	168082081	168082230	DNA/hAT-Charlie	482	-	74	168082155	3495
chr3	168078660	168278660	harbor2	chr3	168087059	168087520	DNA/hAT-Charlie	696	-	230	168087289	8629
chr3	168078660	168278660	harbor2	chr3	168091970	168092117	DNA/hAT-Charlie	676	-	74	168092044	13384
chr3	143551626	143751626	harbor2	chr3	143560140	143560268	DNA/hAT-Charlie	566	-	64	143560204	8578
chr3	143551626	143751626	harbor2	chr3	143580495	143580712	DNA/hAT-Charlie	493	-	108	143580603	28977
chr3	143551626	143751626	harbor2	chr3	143605496	143605650	DNA/hAT-Charlie	452	-	77	143605573	53947
chr3	143551626	143751626	harbor2	chr3	143631686	143631873	DNA/hAT-Charlie	416	-	94	143631780	80154
chr3	143551626	143751626	harbor2	chr3	143648252	143648574	DNA/hAT-Charlie	2046	-	161	143648413	96787
chr3	174853697	175053697	harbor2	chr3	174902001	174902148	DNA/hAT-Charlie	590	-	74	174902075	48378
chr3	174853697	175053697	harbor2	chr3	174937053	174937237	DNA/hAT-Charlie	480	-	92	174937145	83448
chr3	120526005	120726005	harbor2	chr3	120550831	120550920	DNA/hAT-Charlie	407	-	44	120550875	24870
chr3	120526005	120726005	harbor2	chr3	120551200	120551353	DNA/hAT-Charlie	581	-	76	120551276	25271
chr3	120526005	120726005	harbor2	chr3	120551814	120552138	DNA/hAT-Charlie	1177	-	162	120551976	25971
chr3	120526005	120726005	harbor2	chr3	120624102	120624276	DNA/hAT-Charlie	543	-	87	120624189	98184
chr3	120526005	120726005	harbor2	chr3	120624287	120624503	DNA/hAT-Charlie	920	-	108	120624395	98390
chr3	57304370	57504370	harbor2	chr3	57333008	57333088	DNA/hAT-Charlie	454	-	40	57333048	28678
chr3	57304370	57504370	harbor2	chr3	57333639	57333731	DNA/hAT-Charlie	432	-	46	57333685	29315
chr3	91495084	91695084	harbor2	chr3	91503729	91503939	DNA/hAT-Charlie	969	-	105	91503834	8750
chr3	170382953	170582953	harbor2	chr3	170431437	170431594	DNA/hAT-Charlie	714	-	78	170431515	48562
chr3	170382953	170582953	harbor2	chr3	170435604	170435893	DNA/hAT-Charlie	1441	-	144	170435748	52795
chr3	170382953	170582953	harbor2	chr3	170437743	170437898	DNA/hAT-Charlie	857	-	78	170437821	54868
chr3	170382953	170582953	harbor2	chr3	170449856	170450357	DNA/hAT-Charlie	1542	-	250	170450106	67153
chr3	170382953	170582953	harbor2	chr3	170450663	170450883	DNA/hAT-Charlie	1542	-	110	170450773	67820
chr3	170382953	170582953	harbor2	chr3	170451342	170451550	DNA/hAT-Charlie	512	-	104	170451446	68493
chr3	170382953	170582953	harbor2	chr3	170468852	170469006	DNA/hAT-Charlie	645	-	77	170468929	85976
chr3	170382953	170582953	harbor2	chr3	170475623	170475716	DNA/hAT-Charlie	757	-	46	170475669	92716
chr3	170382953	170582953	harbor2	chr3	170476013	170476087	DNA/hAT-Charlie	757	-	37	170476050	93097
chr3	170382953	170582953	harbor2	chr3	170477598	170477847	DNA/hAT-Charlie	444	-	124	170477722	94769
chr3	194974835	195174835	harbor2	chr3	194991604	194992878	DNA/hAT-Charlie	3573	-	637	194992241	17406
chr3	194974835	195174835	harbor2	chr3	194993165	194993289	DNA/hAT-Charlie	3573	-	62	194993227	18392
chr3	194974835	195174835	harbor2	chr3	194993284	194993506	DNA/hAT-Charlie	671	-	111	194993395	18560
chr3	174984077	175184077	harbor2	chr3	174990721	174990901	DNA/hAT-Charlie	598	-	90	174990811	6734
chr3	174984077	175184077	harbor2	chr3	175000356	175000498	DNA/hAT-Charlie	710	-	71	175000427	16350
chr3	174984077	175184077	harbor2	chr3	175001163	175001329	DNA/hAT-Charlie	702	-	83	175001246	17169
chr3	174984077	175184077	harbor2	chr3	175009065	175009241	DNA/hAT-Charlie	814	-	88	175009153	25076
chr3	80379818	80579818	harbor2	chr3	80451997	80452331	DNA/hAT-Charlie	1225	-	167	80452164	72346
chr3	94364214	94564214	harbor2	chr3	94377488	94377666	DNA/hAT-Charlie	886	-	89	94377577	13363
chr3	94364214	94564214	harbor2	chr3	94392253	94392474	DNA/hAT-Charlie	1218	-	110	94392363	28149
chr3	94364214	94564214	harbor2	chr3	94405554	94405770	DNA/hAT-Charlie	887	-	108	94405662	41448
chr3	94364214	94564214	harbor2	chr3	94415462	94415692	DNA/hAT-Charlie	389	-	115	94415577	51363
chr3	94364214	94564214	harbor2	chr3	94415972	94416073	DNA/hAT-Charlie	389	-	50	94416022	51808
chr3	94364214	94564214	harbor2	chr3	94416122	94417039	DNA/hAT-Charlie	2110	-	458	94416580	52366
chr3	94364214	94564214	harbor2	chr3	94453329	94453520	DNA/hAT-Charlie	1754	-	96	94453425	89211
chr3	94364214	94564214	harbor2	chr3	94454172	94454313	DNA/hAT-Charlie	1754	-	70	94454242	90028
chr3	196530737	196730737	harbor2	chr3	196538761	196538885	DNA/hAT-Charlie	1097	-	62	196538823	8086
chr3	196530737	196730737	harbor2	chr3	196539190	196539461	DNA/hAT-Charlie	1097	-	136	196539326	8589
chr3	196530737	196730737	harbor2	chr3	196578435	196578523	DNA/hAT-Charlie	482	-	44	196578479	47742
chr3	196530737	196730737	harbor2	chr3	196578546	196578680	DNA/hAT-Charlie	589	-	67	196578613	47876
chr3	196530737	196730737	harbor2	chr3	196586684	196586862	DNA/hAT-Charlie	628	-	89	196586773	56036
chr3	115744367	115944367	harbor2	chr3	115783109	115783291	DNA/hAT-Charlie	481	-	91	115783200	38833
chr3	176893865	177093865	harbor2	chr3	176920001	176920207	DNA/hAT-Charlie	539	-	103	176920104	26239
chr3	176893865	177093865	harbor2	chr3	176947417	176947554	DNA/hAT-Charlie	543	-	68	176947485	53620
chr3	176893865	177093865	harbor2	chr3	176991030	176991485	DNA/hAT-Charlie	3283	-	228	176991258	97393
chr3	191475634	191675634	harbor2	chr3	191530232	191530448	DNA/hAT-Charlie	403	-	108	191530340	54706
chr3	191475634	191675634	harbor2	chr3	191537072	191537192	DNA/hAT-Charlie	538	-	60	191537132	61498
chr3	191475634	191675634	harbor2	chr3	191537279	191537445	DNA/hAT-Charlie	396	-	83	191537362	61728
chr3	182201849	182401849	harbor2	chr3	182273928	182274102	DNA/hAT-Charlie	894	-	87	182274015	72166
chr3	161835301	162035301	harbor2	chr3	161895557	161895687	DNA/hAT-Charlie	687	-	65	161895622	60321
chr3	161835301	162035301	harbor2	chr3	161934427	161934601	DNA/hAT-Charlie	648	-	87	161934514	99213
chr3	183857819	184057819	harbor2	chr3	183878673	183878784	DNA/hAT-Charlie	503	-	56	183878729	20910
chr3	183857819	184057819	harbor2	chr3	183882639	183882762	DNA/hAT-Charlie	449	-	62	183882701	24882
chr3	164740484	164940484	harbor2	chr3	164785313	164785465	DNA/hAT-Charlie	610	-	76	164785389	44905
chr3	168274428	168474428	harbor2	chr3	168295146	168295327	DNA/hAT-Charlie	1059	-	90	168295236	20808
chr3	168274428	168474428	harbor2	chr3	168311558	168311805	DNA/hAT-Charlie	896	-	124	168311682	37254
chr3	168274428	168474428	harbor2	chr3	168313771	168313906	DNA/hAT-Charlie	548	-	68	168313839	39411
chr3	168274428	168474428	harbor2	chr3	168342131	168342353	DNA/hAT-Charlie	821	-	111	168342242	67814
chr3	168274428	168474428	harbor2	chr3	168343123	168343255	DNA/hAT-Charlie	769	-	66	168343189	68761
chr3	168274428	168474428	harbor2	chr3	168356434	168356604	DNA/hAT-Charlie	514	-	85	168356519	82091
chr3	131694563	131894563	harbor2	chr3	131735368	131735615	DNA/hAT-Charlie	474	-	124	131735492	40929
chr3	131694563	131894563	harbor2	chr3	131790789	131791479	DNA/hAT-Charlie	2028	-	345	131791134	96571
chr3	131694563	131894563	harbor2	chr3	131791616	131791742	DNA/hAT-Charlie	483	-	63	131791679	97116
chr3	137000372	137200372	harbor2	chr3	137008315	137008501	DNA/hAT-Charlie	675	-	93	137008408	8036
chr3	137000372	137200372	harbor2	chr3	137099701	137099975	DNA/hAT-Charlie	867	-	137	137099838	99466
chr3	192528866	192728866	harbor2	chr3	192595502	192595689	DNA/hAT-Charlie	1133	-	94	192595596	66730
chr3	192528866	192728866	harbor2	chr3	192598553	192598679	DNA/hAT-Charlie	449	-	63	192598616	69750
chr3	192528866	192728866	harbor2	chr3	192617589	192617737	DNA/hAT-Charlie	578	-	74	192617663	88797
chr3	102827992	103027992	harbor2	chr3	102849998	102850761	DNA/hAT-Charlie	1302	-	382	102850380	22388
chr3	102827992	103027992	harbor2	chr3	102851269	102851434	DNA/hAT-Charlie	417	-	82	102851351	23359
chr3	102827992	103027992	harbor2	chr3	102868178	102868335	DNA/hAT-Charlie	567	-	78	102868256	40264
chr3	102827992	103027992	harbor2	chr3	102879516	102879677	DNA/hAT-Charlie	788	-	80	102879596	51604
chr3	102827992	103027992	harbor2	chr3	102879687	102879980	DNA/hAT-Charlie	1272	-	146	102879833	51841
chr3	154678789	154878789	harbor2	chr3	154693604	154694958	DNA/hAT-Charlie	5141	-	677	154694281	15492
chr3	158296989	158496989	harbor2	chr3	158303453	158303600	DNA/hAT-Charlie	720	-	74	158303527	6538
chr3	158296989	158496989	harbor2	chr3	158335668	158335794	DNA/hAT-Charlie	435	-	63	158335731	38742
chr3	158296989	158496989	harbor2	chr3	158353341	158353545	DNA/hAT-Charlie	556	-	102	158353443	56454
chr3	158296989	158496989	harbor2	chr3	158389485	158389950	DNA/hAT-Charlie	1268	-	232	158389717	92728
chr3	186762604	186962604	harbor2	chr3	186802780	186802990	DNA/hAT-Charlie	572	-	105	186802885	40281
chr3	160693021	160893021	harbor2	chr3	160710848	160711553	DNA/hAT-Charlie	4417	-	352	160711200	18179
chr3	160693021	160893021	harbor2	chr3	160711846	160712621	DNA/hAT-Charlie	4417	-	388	160712234	19213
chr3	160693021	160893021	harbor2	chr3	160713653	160713942	DNA/hAT-Charlie	1345	-	144	160713797	20776
chr3	160693021	160893021	harbor2	chr3	160714276	160714526	DNA/hAT-Charlie	1345	-	125	160714401	21380
chr3	160693021	160893021	harbor2	chr3	160715096	160715403	DNA/hAT-Charlie	1442	-	154	160715250	22229
chr3	160693021	160893021	harbor2	chr3	160715716	160716043	DNA/hAT-Charlie	1442	-	164	160715880	22859
chr3	160693021	160893021	harbor2	chr3	160718701	160719159	DNA/hAT-Charlie	3010	-	229	160718930	25909
chr3	160693021	160893021	harbor2	chr3	160761061	160761200	DNA/hAT-Charlie	405	-	70	160761131	68110
chr3	148710126	148910126	harbor2	chr3	148709939	148710133	DNA/hAT-Charlie	852	-	97	148710036	90
chr3	148710126	148910126	harbor2	chr3	148719682	148719837	DNA/hAT-Charlie	586	-	78	148719760	9634
chr3	148710126	148910126	harbor2	chr3	148727881	148728104	DNA/hAT-Charlie	902	-	112	148727993	17867
chr3	148710126	148910126	harbor2	chr3	148730663	148730849	DNA/hAT-Charlie	1170	-	93	148730756	20630
chr3	148710126	148910126	harbor2	chr3	148757255	148757422	DNA/hAT-Charlie	603	-	84	148757339	47213
chr3	148710126	148910126	harbor2	chr3	148794601	148795014	DNA/hAT-Charlie	1378	-	206	148794807	84681
chr3	152101744	152301744	harbor2	chr3	152199747	152199878	DNA/hAT-Charlie	433	-	66	152199813	98069
chr3	158265521	158465521	harbor2	chr3	158276978	158277783	DNA/hAT-Charlie	10289	-	402	158277380	11859
chr3	158265521	158465521	harbor2	chr3	158277949	158279507	DNA/hAT-Charlie	10289	-	779	158278728	13207
chr3	158265521	158465521	harbor2	chr3	158303453	158303600	DNA/hAT-Charlie	720	-	74	158303527	38006
chr3	158265521	158465521	harbor2	chr3	158335668	158335794	DNA/hAT-Charlie	435	-	63	158335731	70210
chr3	158265521	158465521	harbor2	chr3	158353341	158353545	DNA/hAT-Charlie	556	-	102	158353443	87922
chr3	191224515	191424515	harbor2	chr3	191231799	191232048	DNA/hAT-Charlie	586	-	124	191231923	7408
chr3	191224515	191424515	harbor2	chr3	191232362	191232508	DNA/hAT-Charlie	586	-	73	191232435	7920
chr3	191224515	191424515	harbor2	chr3	191255001	191255341	DNA/hAT-Charlie	2206	-	170	191255171	30656
chr3	191224515	191424515	harbor2	chr3	191268557	191268741	DNA/hAT-Charlie	827	-	92	191268649	44134
chr3	191224515	191424515	harbor2	chr3	191308510	191308723	DNA/hAT-Charlie	897	-	106	191308616	84101
chr3	186683583	186883583	harbor2	chr3	186749736	186749781	DNA/hAT-Charlie	754	-	22	186749758	66175
chr3	186683583	186883583	harbor2	chr3	186750090	186750234	DNA/hAT-Charlie	754	-	72	186750162	66579
chr3	99962278	100162278	harbor2	chr3	100026308	100026580	DNA/hAT-Charlie	621	-	136	100026444	64166
chr3	99962278	100162278	harbor2	chr3	100031792	100032105	DNA/hAT-Charlie	1301	-	156	100031948	69670
chr3	99962278	100162278	harbor2	chr3	100050978	100051333	DNA/hAT-Charlie	489	-	178	100051156	88878
chr3	99962278	100162278	harbor2	chr3	100052140	100052393	DNA/hAT-Charlie	714	-	126	100052266	89988
chr3	99962278	100162278	harbor2	chr3	100059567	100059924	DNA/hAT-Charlie	811	-	178	100059745	97467
chr3	153492172	153692172	harbor2	chr3	153548752	153548922	DNA/hAT-Charlie	759	-	85	153548837	56665
chr3	153492172	153692172	harbor2	chr3	153579599	153579761	DNA/hAT-Charlie	446	-	81	153579680	87508
chr3	153492172	153692172	harbor2	chr3	153581247	153581443	DNA/hAT-Charlie	1224	-	98	153581345	89173
chr3	168478026	168678026	harbor2	chr3	168507795	168507996	DNA/hAT-Charlie	529	-	100	168507895	29869
chr3	168478026	168678026	harbor2	chr3	168554488	168554775	DNA/hAT-Charlie	602	-	144	168554632	76606
chr3	142043927	142243927	harbor2	chr3	142051089	142051257	DNA/hAT-Charlie	1111	-	84	142051173	7246
chr3	142043927	142243927	harbor2	chr3	142051536	142051597	DNA/hAT-Charlie	1111	-	30	142051566	7639
chr3	142043927	142243927	harbor2	chr3	142091640	142091932	DNA/hAT-Charlie	1684	-	146	142091786	47859
chr3	112286983	112486983	harbor2	chr3	112288931	112289068	DNA/hAT-Charlie	573	-	68	112288999	2016
chr3	112286983	112486983	harbor2	chr3	112289869	112290037	DNA/hAT-Charlie	837	-	84	112289953	2970
chr3	112286983	112486983	harbor2	chr3	112363499	112363642	DNA/hAT-Charlie	662	-	72	112363571	76588
chr3	112286983	112486983	harbor2	chr3	112363638	112363828	DNA/hAT-Charlie	826	-	95	112363733	76750
chr3	55468506	55668506	harbor2	chr3	55517971	55518186	DNA/hAT-Charlie	1124	-	108	55518079	49573
chr3	55468506	55668506	harbor2	chr3	55528751	55528930	DNA/hAT-Charlie	815	-	90	55528841	60335
chr3	55468506	55668506	harbor2	chr3	55530233	55530440	DNA/hAT-Charlie	985	-	104	55530337	61831
chr3	55468506	55668506	harbor2	chr3	55548745	55549039	DNA/hAT-Charlie	541	-	147	55548892	80386
chr3	55468506	55668506	harbor2	chr3	55560155	55560292	DNA/hAT-Charlie	686	-	68	55560223	91717
chr3	55468506	55668506	harbor2	chr3	55560350	55560419	DNA/hAT-Charlie	414	-	34	55560384	91878
chr3	55468506	55668506	harbor2	chr3	55564845	55565055	DNA/hAT-Charlie	1104	-	105	55564950	96444
chr3	193740598	193940598	harbor2	chr3	193743232	193743427	DNA/hAT-Charlie	937	-	98	193743330	2732
chr3	193740598	193940598	harbor2	chr3	193816658	193816819	DNA/hAT-Charlie	561	-	80	193816738	76140
chr3	193740598	193940598	harbor2	chr3	193818991	193819159	DNA/hAT-Charlie	659	-	84	193819075	78477
chr3	54757702	54957702	harbor2	chr3	54814169	54814291	DNA/hAT-Charlie	440	-	61	54814230	56528
chr3	54757702	54957702	harbor2	chr3	54816295	54816474	DNA/hAT-Charlie	768	-	90	54816385	58683
chr3	54757702	54957702	harbor2	chr3	54835318	54835454	DNA/hAT-Charlie	452	-	68	54835386	77684
chr3	54757702	54957702	harbor2	chr3	54851636	54851962	DNA/hAT-Charlie	1548	-	163	54851799	94097
chr3	102198228	102398228	harbor2	chr3	102211232	102211324	DNA/hAT-Charlie	688	-	46	102211278	13050
chr3	102198228	102398228	harbor2	chr3	102213524	102213874	DNA/hAT-Charlie	688	-	175	102213699	15471
chr3	102198228	102398228	harbor2	chr3	102213891	102214131	DNA/hAT-Charlie	655	-	120	102214011	15783
chr3	102198228	102398228	harbor2	chr3	102215178	102215444	DNA/hAT-Charlie	1029	-	133	102215311	17083
chr3	102198228	102398228	harbor2	chr3	102217729	102218669	DNA/hAT-Charlie	1937	-	470	102218199	19971
chr3	102198228	102398228	harbor2	chr3	102230575	102230786	DNA/hAT-Charlie	631	-	106	102230681	32453
chr3	102198228	102398228	harbor2	chr3	102238403	102238598	DNA/hAT-Charlie	508	-	98	102238501	40273
chr3	102198228	102398228	harbor2	chr3	102238625	102238780	DNA/hAT-Charlie	857	-	78	102238703	40475
chr3	102198228	102398228	harbor2	chr3	102255689	102255707	DNA/hAT-Charlie	485	-	9	102255698	57470
chr3	102198228	102398228	harbor2	chr3	102256185	102256436	DNA/hAT-Charlie	485	-	126	102256311	58083
chr3	194784824	194984824	harbor2	chr3	194802499	194802969	DNA/hAT-Charlie	1198	-	235	194802734	17910
chr3	194784824	194984824	harbor2	chr3	194803145	194803328	DNA/hAT-Charlie	812	-	92	194803237	18413
chr3	194784824	194984824	harbor2	chr3	194827565	194827772	DNA/hAT-Charlie	547	-	104	194827669	42845
chr3	185694572	185894572	harbor2	chr3	185750006	185750174	DNA/hAT-Charlie	599	-	84	185750090	55518
chr3	185694572	185894572	harbor2	chr3	185763094	185763203	DNA/hAT-Charlie	453	-	54	185763148	68576
chr3	185694572	185894572	harbor2	chr3	185786030	185786274	DNA/hAT-Charlie	1026	-	122	185786152	91580
chr3	185694572	185894572	harbor2	chr3	185786830	185787041	DNA/hAT-Charlie	907	-	106	185786936	92364
chr3	191353355	191553355	harbor2	chr3	191416529	191416717	DNA/hAT-Charlie	612	-	94	191416623	63268
chr3	183736683	183936683	harbor2	chr3	183756186	183756321	DNA/hAT-Charlie	513	-	68	183756254	19571
chr3	179215299	179415299	harbor2	chr3	179215868	179216094	DNA/hAT-Charlie	910	-	113	179215981	682
chr3	179215299	179415299	harbor2	chr3	179223624	179223796	DNA/hAT-Charlie	813	-	86	179223710	8411
chr3	179215299	179415299	harbor2	chr3	179287173	179287440	DNA/hAT-Charlie	1074	-	134	179287307	72008
chr3	179215299	179415299	harbor2	chr3	179287846	179287966	DNA/hAT-Charlie	688	-	60	179287906	72607
chr3	115318936	115518936	harbor2	chr3	115335890	115336062	DNA/hAT-Charlie	792	-	86	115335976	17040
chr3	115318936	115518936	harbor2	chr3	115348905	115349122	DNA/hAT-Charlie	581	-	108	115349013	30077
chr3	115318936	115518936	harbor2	chr3	115404279	115404427	DNA/hAT-Charlie	829	-	74	115404353	85417
chr3	193212525	193412525	harbor2	chr3	193236198	193236332	DNA/hAT-Charlie	437	-	67	193236265	23740
chr3	196863918	197063918	harbor2	chr3	196872657	196872853	DNA/hAT-Charlie	1092	-	98	196872755	8837
chr3	196863918	197063918	harbor2	chr3	196876143	196876259	DNA/hAT-Charlie	973	-	58	196876201	12283
chr3	196863918	197063918	harbor2	chr3	196876547	196876615	DNA/hAT-Charlie	973	-	34	196876581	12663
chr3	196863918	197063918	harbor2	chr3	196876898	196877005	DNA/hAT-Charlie	973	-	54	196876952	13034
chr3	196863918	197063918	harbor2	chr3	196877541	196877809	DNA/hAT-Charlie	1041	-	134	196877675	13757
chr3	196863918	197063918	harbor2	chr3	196902460	196902639	DNA/hAT-Charlie	1013	-	90	196902550	38632
chr3	196863918	197063918	harbor2	chr3	196907644	196907865	DNA/hAT-Charlie	1598	-	110	196907754	43836
chr3	196863918	197063918	harbor2	chr3	196914125	196914311	DNA/hAT-Charlie	772	-	93	196914218	50300
chr3	173957326	174157326	harbor2	chr3	173984512	173984704	DNA/hAT-Charlie	426	-	96	173984608	27282
chr3	173957326	174157326	harbor2	chr3	173992124	173992327	DNA/hAT-Charlie	400	-	102	173992226	34900
chr3	173957326	174157326	harbor2	chr3	173996308	173996496	DNA/hAT-Charlie	714	-	94	173996402	39076
chr3	173957326	174157326	harbor2	chr3	174054642	174054816	DNA/hAT-Charlie	458	-	87	174054729	97403
chr3	177055350	177255350	harbor2	chr3	177065717	177066047	DNA/hAT-Charlie	1432	-	165	177065882	10532
chr3	177055350	177255350	harbor2	chr3	177086120	177086407	DNA/hAT-Charlie	1140	-	144	177086264	30914
chr3	177055350	177255350	harbor2	chr3	177107881	177108079	DNA/hAT-Charlie	812	-	99	177107980	52630
chr3	177055350	177255350	harbor2	chr3	177126176	177126317	DNA/hAT-Charlie	548	-	70	177126246	70896
chr3	177055350	177255350	harbor2	chr3	177144362	177144471	DNA/hAT-Charlie	1231	-	54	177144416	89066
chr3	177055350	177255350	harbor2	chr3	177144780	177145007	DNA/hAT-Charlie	1231	-	114	177144894	89544
chr3	177055350	177255350	harbor2	chr3	177146613	177147047	DNA/hAT-Charlie	1634	-	217	177146830	91480
chr3	177055350	177255350	harbor2	chr3	177147349	177147538	DNA/hAT-Charlie	1634	-	94	177147443	92093
chr3	140441782	140641782	harbor2	chr3	140501784	140501943	DNA/hAT-Charlie	864	-	80	140501864	60082
chr3	140441782	140641782	harbor2	chr3	140509292	140509475	DNA/hAT-Charlie	1003	-	92	140509384	67602
chr3	140441782	140641782	harbor2	chr3	140538781	140538998	DNA/hAT-Charlie	571	-	108	140538889	97107
chr3	197434790	197634790	harbor2	chr3	197523116	197523307	DNA/hAT-Charlie	524	-	96	197523212	88422
chr3	196729397	196929397	harbor2	chr3	196767352	196767478	DNA/hAT-Charlie	1367	-	63	196767415	38018
chr3	196729397	196929397	harbor2	chr3	196767793	196768132	DNA/hAT-Charlie	1367	-	170	196767963	38566
chr3	196729397	196929397	harbor2	chr3	196783331	196783399	DNA/hAT-Charlie	418	-	34	196783365	53968
chr3	196729397	196929397	harbor2	chr3	196789420	196789469	DNA/hAT-Charlie	2140	-	24	196789444	60047
chr3	196729397	196929397	harbor2	chr3	196789765	196790061	DNA/hAT-Charlie	2140	-	148	196789913	60516
chr3	196729397	196929397	harbor2	chr3	196795863	196796198	DNA/hAT-Charlie	1985	-	168	196796031	66634
chr3	153486213	153686213	harbor2	chr3	153548752	153548922	DNA/hAT-Charlie	759	-	85	153548837	62624
chr3	153486213	153686213	harbor2	chr3	153579599	153579761	DNA/hAT-Charlie	446	-	81	153579680	93467
chr3	153486213	153686213	harbor2	chr3	153581247	153581443	DNA/hAT-Charlie	1224	-	98	153581345	95132
chr3	141044228	141244228	harbor2	chr3	141067350	141067571	DNA/hAT-Charlie	633	-	110	141067460	23232
chr3	141044228	141244228	harbor2	chr3	141075522	141075651	DNA/hAT-Charlie	750	-	64	141075586	31358
chr3	141044228	141244228	harbor2	chr3	141081145	141081342	DNA/hAT-Charlie	596	-	98	141081243	37015
chr3	141044228	141244228	harbor2	chr3	141124836	141124970	DNA/hAT-Charlie	647	-	67	141124903	80675
chr3	156031316	156231316	harbor2	chr3	156075605	156075836	DNA/hAT-Charlie	1271	-	116	156075721	44405
chr3	156031316	156231316	harbor2	chr3	156093767	156094279	DNA/hAT-Charlie	3773	-	256	156094023	62707
chr3	156031316	156231316	harbor2	chr3	156099033	156099110	DNA/hAT-Charlie	451	-	38	156099071	67755
chr3	156031316	156231316	harbor2	chr3	156106511	156106595	DNA/hAT-Charlie	865	-	42	156106553	75237
chr3	156031316	156231316	harbor2	chr3	156106901	156106973	DNA/hAT-Charlie	865	-	36	156106937	75621
chr3	138422083	138622083	harbor2	chr3	138502035	138502331	DNA/hAT-Charlie	1539	-	148	138502183	80100
chr3	138422083	138622083	harbor2	chr3	138507651	138507924	DNA/hAT-Charlie	429	-	136	138507787	85704
chr3	176377798	176577798	harbor2	chr3	176392641	176392834	DNA/hAT-Charlie	597	-	96	176392737	14939
chr3	176377798	176577798	harbor2	chr3	176393146	176393230	DNA/hAT-Charlie	597	-	42	176393188	15390
chr3	176377798	176577798	harbor2	chr3	176402790	176402976	DNA/hAT-Charlie	816	-	93	176402883	25085
chr3	176377798	176577798	harbor2	chr3	176421492	176421632	DNA/hAT-Charlie	414	-	70	176421562	43764
chr3	122991355	123191355	harbor2	chr3	123017566	123017625	DNA/hAT-Charlie	571	-	30	123017596	26241
chr3	122991355	123191355	harbor2	chr3	123017934	123018078	DNA/hAT-Charlie	571	-	72	123018006	26651
chr3	122991355	123191355	harbor2	chr3	123020649	123020801	DNA/hAT-Charlie	461	-	76	123020725	29370
chr3	122991355	123191355	harbor2	chr3	123036553	123036707	DNA/hAT-Charlie	462	-	77	123036630	45275
chr3	122991355	123191355	harbor2	chr3	123065307	123065629	DNA/hAT-Charlie	2075	-	161	123065468	74113
chr3	122991355	123191355	harbor2	chr3	123074401	123074837	DNA/hAT-Charlie	1512	-	218	123074619	83264
chr3	108963622	109163622	harbor2	chr3	109010044	109010249	DNA/hAT-Charlie	736	-	102	109010146	46524
chr3	108963622	109163622	harbor2	chr3	109045928	109046232	DNA/hAT-Charlie	547	-	152	109046080	82458
chr3	108963622	109163622	harbor2	chr3	109052339	109052497	DNA/hAT-Charlie	1005	-	79	109052418	88796
chr3	184217654	184417654	harbor2	chr3	184240371	184240488	DNA/hAT-Charlie	563	-	58	184240429	22775
chr3	184217654	184417654	harbor2	chr3	184252522	184252660	DNA/hAT-Charlie	810	-	69	184252591	34937
chr3	184217654	184417654	harbor2	chr3	184252972	184253038	DNA/hAT-Charlie	810	-	33	184253005	35351
chr3	192575339	192775339	harbor2	chr3	192595502	192595689	DNA/hAT-Charlie	1133	-	94	192595596	20257
chr3	192575339	192775339	harbor2	chr3	192598553	192598679	DNA/hAT-Charlie	449	-	63	192598616	23277
chr3	192575339	192775339	harbor2	chr3	192617589	192617737	DNA/hAT-Charlie	578	-	74	192617663	42324
chr3	192575339	192775339	harbor2	chr3	192636251	192636429	DNA/hAT-Charlie	619	-	89	192636340	61001
chr3	153547307	153747307	harbor2	chr3	153548752	153548922	DNA/hAT-Charlie	759	-	85	153548837	1530
chr3	153547307	153747307	harbor2	chr3	153579599	153579761	DNA/hAT-Charlie	446	-	81	153579680	32373
chr3	153547307	153747307	harbor2	chr3	153581247	153581443	DNA/hAT-Charlie	1224	-	98	153581345	34038
chr3	161595064	161795064	harbor2	chr3	161600276	161600433	DNA/hAT-Charlie	684	-	78	161600354	5290
chr3	161595064	161795064	harbor2	chr3	161630855	161631006	DNA/hAT-Charlie	538	-	76	161630931	35867
chr3	161595064	161795064	harbor2	chr3	161645527	161645699	DNA/hAT-Charlie	666	-	86	161645613	50549
chr3	158946320	159146320	harbor2	chr3	158958136	158958348	DNA/hAT-Charlie	925	-	106	158958242	11922
chr3	158946320	159146320	harbor2	chr3	158958372	158958535	DNA/hAT-Charlie	542	-	82	158958454	12134
chr3	158946320	159146320	harbor2	chr3	158958920	158959010	DNA/hAT-Charlie	542	-	45	158958965	12645
chr3	158946320	159146320	harbor2	chr3	158972025	158972194	DNA/hAT-Charlie	688	-	84	158972109	25789
chr3	158946320	159146320	harbor2	chr3	158978488	158978779	DNA/hAT-Charlie	1193	-	146	158978634	32314
chr3	158946320	159146320	harbor2	chr3	158984932	158985368	DNA/hAT-Charlie	1756	-	218	158985150	38830
chr3	172633074	172833074	harbor2	chr3	172687537	172687863	DNA/hAT-Charlie	845	-	163	172687700	54626
chr3	172633074	172833074	harbor2	chr3	172696700	172696911	DNA/hAT-Charlie	537	-	106	172696806	63732
chr3	172633074	172833074	harbor2	chr3	172726991	172727127	DNA/hAT-Charlie	617	-	68	172727059	93985
chr3	121697415	121897415	harbor2	chr3	121757864	121758203	DNA/hAT-Charlie	1928	-	170	121758034	60619
chr3	121697415	121897415	harbor2	chr3	121785537	121785853	DNA/hAT-Charlie	1325	-	158	121785695	88280
chr3	121697415	121897415	harbor2	chr3	121789183	121789372	DNA/hAT-Charlie	731	-	94	121789277	91862
chr3	147777992	147977992	harbor2	chr3	147778358	147778468	DNA/hAT-Charlie	439	-	55	147778413	421
chr3	147777992	147977992	harbor2	chr3	147802748	147802761	DNA/hAT-Charlie	597	-	6	147802754	24762
chr3	147777992	147977992	harbor2	chr3	147802949	147803095	DNA/hAT-Charlie	597	-	73	147803022	25030
chr3	147777992	147977992	harbor2	chr3	147803142	147803306	DNA/hAT-Charlie	546	-	82	147803224	25232
chr3	147777992	147977992	harbor2	chr3	147851076	147851299	DNA/hAT-Charlie	1099	-	112	147851188	73196
chr3	145058469	145258469	harbor2	chr3	145075939	145076095	DNA/hAT-Charlie	934	-	78	145076017	17548
chr3	145058469	145258469	harbor2	chr3	145095521	145095662	DNA/hAT-Charlie	586	-	70	145095591	37122
chr3	146673254	146873254	harbor2	chr3	146675464	146675658	DNA/hAT-Charlie	959	-	97	146675561	2307
chr3	189765879	189965879	harbor2	chr3	189768274	189768965	DNA/hAT-Charlie	922	-	346	189768620	2741
chr3	189765879	189965879	harbor2	chr3	189815334	189815494	DNA/hAT-Charlie	409	-	80	189815414	49535
chr3	197960514	198160514	harbor2	chr3	197960679	197960861	DNA/hAT-Charlie	651	-	91	197960770	256
chr3	197960514	198160514	harbor2	chr3	198016814	198016946	DNA/hAT-Charlie	581	-	66	198016880	56366
chr3	197960514	198160514	harbor2	chr3	198017547	198017636	DNA/hAT-Charlie	664	-	44	198017591	57077
chr3	197960514	198160514	harbor2	chr3	198017932	198018018	DNA/hAT-Charlie	664	-	43	198017975	57461
chr3	169725217	169925217	harbor2	chr3	169801744	169801804	DNA/hAT-Charlie	577	-	30	169801774	76557
chr3	169725217	169925217	harbor2	chr3	169802098	169802263	DNA/hAT-Charlie	577	-	82	169802180	76963
chr3	197488270	197688270	harbor2	chr3	197523116	197523307	DNA/hAT-Charlie	524	-	96	197523212	34942
chr3	149425678	149625678	harbor2	chr3	149456665	149456716	DNA/hAT-Charlie	548	-	26	149456691	31013
chr3	149425678	149625678	harbor2	chr3	149456752	149456925	DNA/hAT-Charlie	548	-	86	149456838	31160
chr3	149425678	149625678	harbor2	chr3	149470591	149470822	DNA/hAT-Charlie	533	-	116	149470707	45029
chr3	149425678	149625678	harbor2	chr3	149488518	149488723	DNA/hAT-Charlie	1019	-	102	149488620	62942
chr3	56676733	56876733	harbor2	chr3	56730170	56730388	DNA/hAT-Charlie	458	-	109	56730279	53546
chr3	56676733	56876733	harbor2	chr3	56761963	56762155	DNA/hAT-Charlie	979	-	96	56762059	85326
chr3	56676733	56876733	harbor2	chr3	56765192	56765384	DNA/hAT-Charlie	1571	-	96	56765288	88555
chr3	56676733	56876733	harbor2	chr3	56773023	56773351	DNA/hAT-Charlie	1721	-	164	56773187	96454
chr3	149106754	149306754	harbor2	chr3	149169542	149169695	DNA/hAT-Charlie	845	-	76	149169618	62864
chr3	149106754	149306754	harbor2	chr3	149187659	149187842	DNA/hAT-Charlie	952	-	92	149187751	80997
chr3	149106754	149306754	harbor2	chr3	149192917	149193165	DNA/hAT-Charlie	618	-	124	149193041	86287
chr3	149106754	149306754	harbor2	chr3	149197600	149197961	DNA/hAT-Charlie	1905	-	180	149197780	91026
chr3	170681530	170881530	harbor2	chr3	170750984	170751109	DNA/hAT-Charlie	395	-	62	170751046	69516
chr3	197108554	197308554	harbor2	chr3	197173662	197173819	DNA/hAT-Charlie	858	-	78	197173740	65186
chr3	197108554	197308554	harbor2	chr3	197174098	197174162	DNA/hAT-Charlie	858	-	32	197174130	65576
chr3	78311001	78511001	harbor2	chr3	78404733	78405210	DNA/hAT-Charlie	640	-	238	78404971	93970
chr3	166610478	166810478	harbor2	chr3	166636282	166636431	DNA/hAT-Charlie	1338	-	74	166636356	25878
chr3	166610478	166810478	harbor2	chr3	166636808	166637024	DNA/hAT-Charlie	1338	-	108	166636916	26438
chr3	166610478	166810478	harbor2	chr3	166672367	166672590	DNA/hAT-Charlie	475	-	112	166672479	62001
chr3	112209896	112409896	harbor2	chr3	112221490	112221630	DNA/hAT-Charlie	406	-	70	112221560	11664
chr3	112209896	112409896	harbor2	chr3	112274006	112274121	DNA/hAT-Charlie	479	-	58	112274064	64168
chr3	112209896	112409896	harbor2	chr3	112288931	112289068	DNA/hAT-Charlie	573	-	68	112288999	79103
chr3	112209896	112409896	harbor2	chr3	112289869	112290037	DNA/hAT-Charlie	837	-	84	112289953	80057
chr3	146856426	147056426	harbor2	chr3	146920595	146920704	DNA/hAT-Charlie	412	-	54	146920649	64223
chr4	57528894	57728894	harbor2	chr4	57603288	57603492	DNA/hAT-Charlie	833	-	102	57603390	74496
chr4	57528894	57728894	harbor2	chr4	57603840	57603962	DNA/hAT-Charlie	833	-	61	57603901	75007
chr4	151867175	152067175	harbor2	chr4	151929682	151929894	DNA/hAT-Charlie	973	-	106	151929788	62613
chr4	161905581	162105581	harbor2	chr4	161922465	161922651	DNA/hAT-Charlie	666	-	93	161922558	16977
chr4	119055749	119255749	harbor2	chr4	119081560	119081862	DNA/hAT-Charlie	995	-	151	119081711	25962
chr4	119055749	119255749	harbor2	chr4	119100646	119100854	DNA/hAT-Charlie	909	-	104	119100750	45001
chr4	119055749	119255749	harbor2	chr4	119109036	119109251	DNA/hAT-Charlie	1039	-	108	119109144	53395
chr4	109287094	109487094	harbor2	chr4	109290675	109290880	DNA/hAT-Charlie	1380	-	102	109290777	3683
chr4	109287094	109487094	harbor2	chr4	109375151	109375268	DNA/hAT-Charlie	810	-	58	109375209	88115
chr4	109287094	109487094	harbor2	chr4	109375310	109375417	DNA/hAT-Charlie	810	-	54	109375364	88270
chr4	109287094	109487094	harbor2	chr4	109382962	109383113	DNA/hAT-Charlie	765	-	76	109383038	95944
chr4	184766898	184966898	harbor2	chr4	184817280	184817502	DNA/hAT-Charlie	507	-	111	184817391	50493
chr4	184766898	184966898	harbor2	chr4	184843210	184843483	DNA/hAT-Charlie	1487	-	136	184843346	76448
chr4	165172284	165372284	harbor2	chr4	165206579	165206729	DNA/hAT-Charlie	745	-	75	165206654	34370
chr4	165172284	165372284	harbor2	chr4	165211129	165211456	DNA/hAT-Charlie	757	-	164	165211293	39009
chr4	152082577	152282577	harbor2	chr4	152093401	152093611	DNA/hAT-Charlie	923	-	105	152093506	10929
chr4	152082577	152282577	harbor2	chr4	152148912	152149245	DNA/hAT-Charlie	859	-	166	152149078	66501
chr4	152082577	152282577	harbor2	chr4	152155590	152155793	DNA/hAT-Charlie	745	-	102	152155692	73115
chr4	152082577	152282577	harbor2	chr4	152159476	152159656	DNA/hAT-Charlie	536	-	90	152159566	76989
chr4	152082577	152282577	harbor2	chr4	152170860	152171068	DNA/hAT-Charlie	1198	-	104	152170964	88387
chr4	141789647	141989647	harbor2	chr4	141794445	141794628	DNA/hAT-Charlie	675	-	92	141794537	4890
chr4	141789647	141989647	harbor2	chr4	141795030	141795456	DNA/hAT-Charlie	1173	-	213	141795243	5596
chr4	141789647	141989647	harbor2	chr4	141804601	141804752	DNA/hAT-Charlie	568	-	76	141804677	15030
chr4	141789647	141989647	harbor2	chr4	141850663	141850839	DNA/hAT-Charlie	1004	-	88	141850751	61104
chr4	185453674	185653674	harbor2	chr4	185499839	185500000	DNA/hAT-Charlie	1037	-	80	185499919	46245
chr4	185453674	185653674	harbor2	chr4	185500001	185500363	DNA/hAT-Charlie	2514	-	181	185500182	46508
chr4	58027995	58227995	harbor2	chr4	58051994	58052213	DNA/hAT-Charlie	1100	-	110	58052104	24109
chr4	58027995	58227995	harbor2	chr4	58093105	58093647	DNA/hAT-Charlie	3148	-	271	58093376	65381
chr4	179089414	179289414	harbor2	chr4	179158323	179158713	DNA/hAT-Charlie	766	-	195	179158518	69104
chr4	154344083	154544083	harbor2	chr4	154351578	154351911	DNA/hAT-Charlie	2147	-	166	154351744	7661
chr4	154344083	154544083	harbor2	chr4	154389016	154389326	DNA/hAT-Charlie	1491	-	155	154389171	45088
chr4	154344083	154544083	harbor2	chr4	154418599	154418823	DNA/hAT-Charlie	532	-	112	154418711	74628
chr4	154344083	154544083	harbor2	chr4	154423797	154423946	DNA/hAT-Charlie	805	-	74	154423871	79788
chr4	154344083	154544083	harbor2	chr4	154439729	154440012	DNA/hAT-Charlie	1080	-	142	154439871	95788
chr4	154344083	154544083	harbor2	chr4	154440419	154440617	DNA/hAT-Charlie	709	-	99	154440518	96435
chr4	154344083	154544083	harbor2	chr4	154419042	154419367	DNA/hAT-Charlie	753	-	162	154419204	75121
chr4	133138494	133338494	harbor2	chr4	133220191	133220456	DNA/hAT-Charlie	490	-	132	133220323	81829
chr4	133138494	133338494	harbor2	chr4	133220758	133220974	DNA/hAT-Charlie	490	-	108	133220866	82372
chr4	133138494	133338494	harbor2	chr4	133230092	133230336	DNA/hAT-Charlie	1566	-	122	133230214	91720
chr4	133138494	133338494	harbor2	chr4	133230611	133230936	DNA/hAT-Charlie	1566	-	162	133230773	92279
chr4	168612068	168812068	harbor2	chr4	168657107	168657392	DNA/hAT-Charlie	862	-	142	168657249	45181
chr4	168612068	168812068	harbor2	chr4	168663978	168664188	DNA/hAT-Charlie	815	-	105	168664083	52015
chr4	168612068	168812068	harbor2	chr4	168665676	168665810	DNA/hAT-Charlie	735	-	67	168665743	53675
chr4	168612068	168812068	harbor2	chr4	168665815	168666119	DNA/hAT-Charlie	1227	-	152	168665967	53899
chr4	168612068	168812068	harbor2	chr4	168695940	168696149	DNA/hAT-Charlie	1369	-	104	168696044	83976
chr4	137402808	137602808	harbor2	chr4	137439977	137440128	DNA/hAT-Charlie	505	-	76	137440053	37245
chr4	137402808	137602808	harbor2	chr4	137441557	137441970	DNA/hAT-Charlie	1004	-	206	137441763	38955
chr4	189886700	190086700	harbor2	chr4	189896225	189896366	DNA/hAT-Charlie	620	-	70	189896295	9595
chr4	189886700	190086700	harbor2	chr4	189897208	189897426	DNA/hAT-Charlie	1480	-	109	189897317	10617
chr4	189886700	190086700	harbor2	chr4	189934931	189935086	DNA/hAT-Charlie	766	-	78	189935009	48309
chr4	189886700	190086700	harbor2	chr4	189946214	189946428	DNA/hAT-Charlie	1382	-	107	189946321	59621
chr4	189886700	190086700	harbor2	chr4	189956036	189956183	DNA/hAT-Charlie	490	-	74	189956110	69410
chr4	153043869	153243869	harbor2	chr4	153064182	153064420	DNA/hAT-Charlie	577	-	119	153064301	20432
chr4	153043869	153243869	harbor2	chr4	153095644	153095778	DNA/hAT-Charlie	460	-	67	153095711	51842
chr4	159996176	160196176	harbor2	chr4	160012827	160013070	DNA/hAT-Charlie	580	-	122	160012949	16773
chr4	159996176	160196176	harbor2	chr4	160030074	160030277	DNA/hAT-Charlie	930	-	102	160030176	34000
chr4	159996176	160196176	harbor2	chr4	160039042	160039264	DNA/hAT-Charlie	971	-	111	160039153	42977
chr4	159996176	160196176	harbor2	chr4	160039276	160039479	DNA/hAT-Charlie	752	-	102	160039378	43202
chr4	109647825	109847825	harbor2	chr4	109658202	109658301	DNA/hAT-Charlie	612	-	50	109658252	10427
chr4	109647825	109847825	harbor2	chr4	109658597	109658659	DNA/hAT-Charlie	612	-	31	109658628	10803
chr4	140506263	140706263	harbor2	chr4	140529047	140529189	DNA/hAT-Charlie	651	-	71	140529118	22855
chr4	122072547	122272547	harbor2	chr4	122099361	122099606	DNA/hAT-Charlie	577	-	122	122099483	26936
chr4	122072547	122272547	harbor2	chr4	122099635	122100066	DNA/hAT-Charlie	1015	-	216	122099851	27304
chr4	122072547	122272547	harbor2	chr4	122157345	122157680	DNA/hAT-Charlie	2165	-	168	122157513	84966
chr4	124972812	125172812	harbor2	chr4	124983443	124983562	DNA/hAT-Charlie	474	-	60	124983503	10691
chr4	124972812	125172812	harbor2	chr4	124983648	124983912	DNA/hAT-Charlie	869	-	132	124983780	10968
chr4	124972812	125172812	harbor2	chr4	125065317	125065642	DNA/hAT-Charlie	1682	-	162	125065479	92667
chr4	154671835	154871835	harbor2	chr4	154691145	154691398	DNA/hAT-Charlie	842	-	126	154691271	19436
chr4	154671835	154871835	harbor2	chr4	154691442	154691755	DNA/hAT-Charlie	1092	-	156	154691598	19763
chr4	154671835	154871835	harbor2	chr4	154691800	154691831	DNA/hAT-Charlie	1092	-	16	154691816	19981
chr4	154671835	154871835	harbor2	chr4	154721020	154721159	DNA/hAT-Charlie	438	-	70	154721090	49255
chr4	130299544	130499544	harbor2	chr4	130306641	130306786	DNA/hAT-Charlie	720	-	72	130306713	7169
chr4	130299544	130499544	harbor2	chr4	130318568	130318779	DNA/hAT-Charlie	1041	-	106	130318674	19130
chr4	130299544	130499544	harbor2	chr4	130392618	130392846	DNA/hAT-Charlie	1326	-	114	130392732	93188
chr4	189291574	189491574	harbor2	chr4	189340941	189341068	DNA/hAT-Charlie	688	-	64	189341005	49431
chr4	189291574	189491574	harbor2	chr4	189369591	189370272	DNA/hAT-Charlie	2091	-	340	189369931	78357
chr4	189291574	189491574	harbor2	chr4	189376586	189376812	DNA/hAT-Charlie	588	-	113	189376699	85125
chr4	184244382	184444382	harbor2	chr4	184246407	184246749	DNA/hAT-Charlie	2184	-	171	184246578	2196
chr4	184244382	184444382	harbor2	chr4	184269619	184269748	DNA/hAT-Charlie	591	-	64	184269683	25301
chr4	184244382	184444382	harbor2	chr4	184279389	184279553	DNA/hAT-Charlie	680	-	82	184279471	35089
chr4	134128954	134328954	harbor2	chr4	134155063	134155243	DNA/hAT-Charlie	490	-	90	134155153	26199
chr4	134128954	134328954	harbor2	chr4	134203239	134203398	DNA/hAT-Charlie	689	-	80	134203319	74365
chr4	141559591	141759591	harbor2	chr4	141564527	141564778	DNA/hAT-Charlie	1008	-	126	141564653	5062
chr4	141559591	141759591	harbor2	chr4	141565392	141565545	DNA/hAT-Charlie	662	-	76	141565468	5877
chr4	141559591	141759591	harbor2	chr4	141566922	141567704	DNA/hAT-Charlie	3493	-	391	141567313	7722
chr4	141559591	141759591	harbor2	chr4	141568148	141569469	DNA/hAT-Charlie	5733	-	660	141568808	9217
chr4	141559591	141759591	harbor2	chr4	141607687	141608128	DNA/hAT-Charlie	1509	-	220	141607907	48316
chr4	141559591	141759591	harbor2	chr4	141628013	141628199	DNA/hAT-Charlie	639	-	93	141628106	68515
chr4	141559591	141759591	harbor2	chr4	141642101	141642427	DNA/hAT-Charlie	890	-	163	141642264	82673
chr4	141559591	141759591	harbor2	chr4	141656512	141656698	DNA/hAT-Charlie	650	-	93	141656605	97014
chr4	161542686	161742686	harbor2	chr4	161581149	161581318	DNA/hAT-Charlie	448	-	84	161581233	38547
chr4	101613330	101813330	harbor2	chr4	101663483	101663634	DNA/hAT-Charlie	783	-	76	101663559	50229
chr4	63396685	63596685	harbor2	chr4	63417939	63418460	DNA/hAT-Charlie	3466	-	260	63418199	21514
chr4	104273120	104473120	harbor2	chr4	104346728	104346893	DNA/hAT-Charlie	457	-	82	104346810	73690
chr4	104273120	104473120	harbor2	chr4	104347207	104347295	DNA/hAT-Charlie	457	-	44	104347251	74131
chr4	53120112	53320112	harbor2	chr4	53135963	53136210	DNA/hAT-Charlie	550	-	124	53136087	15975
chr4	53120112	53320112	harbor2	chr4	53147682	53147904	DNA/hAT-Charlie	1369	-	111	53147793	27681
chr4	53120112	53320112	harbor2	chr4	53157916	53158042	DNA/hAT-Charlie	431	-	63	53157979	37867
chr4	101155520	101355520	harbor2	chr4	101195349	101195539	DNA/hAT-Charlie	936	-	95	101195444	39924
chr4	101155520	101355520	harbor2	chr4	101201333	101201496	DNA/hAT-Charlie	488	-	82	101201415	45895
chr4	70954344	71154344	harbor2	chr4	71021534	71021744	DNA/hAT-Charlie	751	-	105	71021639	67295
chr4	70954344	71154344	harbor2	chr4	71022020	71022159	DNA/hAT-Charlie	751	-	70	71022090	67746
chr4	70954344	71154344	harbor2	chr4	71022979	71023341	DNA/hAT-Charlie	1133	-	181	71023160	68816
chr4	70954344	71154344	harbor2	chr4	71025188	71025340	DNA/hAT-Charlie	770	-	76	71025264	70920
chr4	156590058	156790058	harbor2	chr4	156653870	156653980	DNA/hAT-Charlie	463	-	55	156653925	63867
chr4	156590058	156790058	harbor2	chr4	156654624	156654809	DNA/hAT-Charlie	463	-	92	156654716	64658
chr4	152967717	153167717	harbor2	chr4	153012565	153012737	DNA/hAT-Charlie	1241	-	86	153012651	44934
chr4	152967717	153167717	harbor2	chr4	153031421	153031493	DNA/hAT-Charlie	1997	-	36	153031457	63740
chr4	152967717	153167717	harbor2	chr4	153031790	153031817	DNA/hAT-Charlie	1997	-	14	153031804	64087
chr4	152967717	153167717	harbor2	chr4	153032402	153032802	DNA/hAT-Charlie	1997	-	200	153032602	64885
chr4	152967717	153167717	harbor2	chr4	153033060	153033180	DNA/hAT-Charlie	1997	-	60	153033120	65403
chr4	152967717	153167717	harbor2	chr4	153039358	153039539	DNA/hAT-Charlie	951	-	90	153039448	71731
chr4	152967717	153167717	harbor2	chr4	153064182	153064420	DNA/hAT-Charlie	577	-	119	153064301	96584
chr4	152967717	153167717	harbor2	chr4	153010027	153010179	DNA/hAT-Charlie	1241	-	76	153010103	42386
chr4	178411078	178611078	harbor2	chr4	178470167	178470314	DNA/hAT-Charlie	676	-	74	178470241	59163
chr4	178411078	178611078	harbor2	chr4	178470516	178470696	DNA/hAT-Charlie	988	-	90	178470606	59528
chr4	178411078	178611078	harbor2	chr4	178470988	178471334	DNA/hAT-Charlie	988	-	173	178471161	60083
chr5	181073602	181273602	harbor2	chr5	181105452	181105775	DNA/hAT-Charlie	915	-	162	181105614	32012
chr5	181073602	181273602	harbor2	chr5	181111795	181111898	DNA/hAT-Charlie	506	-	52	181111847	38245
chr5	82401398	82601398	harbor2	chr5	82402898	82403117	DNA/hAT-Charlie	1050	-	110	82403008	1610
chr5	31458572	31658572	harbor2	chr5	31478206	31478424	DNA/hAT-Charlie	1499	-	109	31478315	19743
chr5	31458572	31658572	harbor2	chr5	31499648	31499829	DNA/hAT-Charlie	692	-	90	31499738	41166
chr5	31458572	31658572	harbor2	chr5	31515357	31515548	DNA/hAT-Charlie	544	-	96	31515453	56881
chr5	31458572	31658572	harbor2	chr5	31534563	31534729	DNA/hAT-Charlie	876	-	83	31534646	76074
chr5	31458572	31658572	harbor2	chr5	31534933	31535173	DNA/hAT-Charlie	1289	-	120	31535053	76481
chr5	31458572	31658572	harbor2	chr5	31535189	31535658	DNA/hAT-Charlie	1604	-	234	31535423	76851
chr5	31458572	31658572	harbor2	chr5	31538749	31538922	DNA/hAT-Charlie	553	-	86	31538835	80263
chr5	161766411	161966411	harbor2	chr5	161788626	161788769	DNA/hAT-Charlie	446	-	72	161788698	22287
chr5	161766411	161966411	harbor2	chr5	161806283	161806341	DNA/hAT-Charlie	399	-	29	161806312	39901
chr5	181188832	181388832	harbor2	chr5	181201131	181201321	DNA/hAT-Charlie	1052	-	95	181201226	12394
chr5	181188832	181388832	harbor2	chr5	181252302	181252497	DNA/hAT-Charlie	811	-	98	181252400	63568
chr5	181188832	181388832	harbor2	chr5	181258689	181258900	DNA/hAT-Charlie	574	-	106	181258795	69963
chr5	181188832	181388832	harbor2	chr5	181263483	181263679	DNA/hAT-Charlie	408	-	98	181263581	74749
chr5	145988895	146188895	harbor2	chr5	146028475	146028683	DNA/hAT-Charlie	767	-	104	146028579	39684
chr5	145988895	146188895	harbor2	chr5	146061679	146061960	DNA/hAT-Charlie	701	-	140	146061819	72924
chr5	145988895	146188895	harbor2	chr5	146082314	146082420	DNA/hAT-Charlie	419	-	53	146082367	93472
chr5	145988895	146188895	harbor2	chr5	146083561	146083771	DNA/hAT-Charlie	473	-	105	146083666	94771
chr5	145988895	146188895	harbor2	chr5	146086578	146086752	DNA/hAT-Charlie	609	-	87	146086665	97770
chr5	86694312	86894312	harbor2	chr5	86715981	86716138	DNA/hAT-Charlie	859	-	78	86716059	21747
chr5	86694312	86894312	harbor2	chr5	86737819	86738329	DNA/hAT-Charlie	3395	-	255	86738074	43762
chr5	86694312	86894312	harbor2	chr5	86745688	86745834	DNA/hAT-Charlie	444	-	73	86745761	51449
chr5	177002174	177202174	harbor2	chr5	177051038	177051162	DNA/hAT-Charlie	427	-	62	177051100	48926
chr5	177002174	177202174	harbor2	chr5	177051475	177051530	DNA/hAT-Charlie	427	-	28	177051503	49329
chr5	177002174	177202174	harbor2	chr5	177051837	177051878	DNA/hAT-Charlie	427	-	20	177051857	49683
chr5	105934595	106134595	harbor2	chr5	105942060	105942233	DNA/hAT-Charlie	779	-	86	105942146	7551
chr5	105934595	106134595	harbor2	chr5	106013947	106014371	DNA/hAT-Charlie	753	-	212	106014159	79564
chr5	159589011	159789011	harbor2	chr5	159620299	159620517	DNA/hAT-Charlie	581	-	109	159620408	31397
chr5	159589011	159789011	harbor2	chr5	159645959	159646117	DNA/hAT-Charlie	537	-	79	159646038	57027
chr5	159589011	159789011	harbor2	chr5	159669446	159669594	DNA/hAT-Charlie	655	-	74	159669520	80509
chr5	118836607	119036607	harbor2	chr5	118891941	118892442	DNA/hAT-Charlie	1868	-	250	118892191	55584
chr5	142828247	143028247	harbor2	chr5	142877691	142877854	DNA/hAT-Charlie	776	-	82	142877773	49526
chr5	142828247	143028247	harbor2	chr5	142879887	142880108	DNA/hAT-Charlie	629	-	110	142879997	51750
chr5	177904189	178104189	harbor2	chr5	177967448	177967656	DNA/hAT-Charlie	615	-	104	177967552	63363
chr5	177904189	178104189	harbor2	chr5	177989144	177989335	DNA/hAT-Charlie	756	-	96	177989240	85051
chr5	167891917	168091917	harbor2	chr5	167895610	167895757	DNA/hAT-Charlie	679	-	74	167895684	3767
chr5	167891917	168091917	harbor2	chr5	167898430	167898563	DNA/hAT-Charlie	441	-	66	167898496	6579
chr5	167891917	168091917	harbor2	chr5	167910145	167910330	DNA/hAT-Charlie	811	-	92	167910237	18320
chr5	167891917	168091917	harbor2	chr5	167932672	167932858	DNA/hAT-Charlie	577	-	93	167932765	40848
chr5	167891917	168091917	harbor2	chr5	167939136	167939455	DNA/hAT-Charlie	2096	-	160	167939296	47379
chr5	159756297	159956297	harbor2	chr5	159765688	159765907	DNA/hAT-Charlie	1503	-	110	159765798	9501
chr5	159756297	159956297	harbor2	chr5	159782773	159782936	DNA/hAT-Charlie	789	-	82	159782855	26558
chr5	159756297	159956297	harbor2	chr5	159828011	159828230	DNA/hAT-Charlie	474	-	110	159828121	71824
chr5	159756297	159956297	harbor2	chr5	159830341	159830601	DNA/hAT-Charlie	1302	-	130	159830471	74174
chr5	159756297	159956297	harbor2	chr5	159843948	159844151	DNA/hAT-Charlie	682	-	102	159844050	87753
chr5	159756297	159956297	harbor2	chr5	159849181	159849346	DNA/hAT-Charlie	896	-	82	159849263	92966
chr5	159756297	159956297	harbor2	chr5	159854734	159855038	DNA/hAT-Charlie	819	-	152	159854886	98589
chr5	180973011	181173011	harbor2	chr5	180991852	180992040	DNA/hAT-Charlie	1230	-	94	180991946	18935
chr5	61111041	61311041	harbor2	chr5	61117732	61117913	DNA/hAT-Charlie	872	-	90	61117822	6781
chr5	61111041	61311041	harbor2	chr5	61124555	61124746	DNA/hAT-Charlie	662	-	96	61124651	13610
chr5	61111041	61311041	harbor2	chr5	61177146	61177320	DNA/hAT-Charlie	616	-	87	61177233	66192
chr5	61111041	61311041	harbor2	chr5	61209135	61209476	DNA/hAT-Charlie	2228	-	170	61209305	98264
chr5	163637416	163837416	harbor2	chr5	163659901	163660026	DNA/hAT-Charlie	411	-	62	163659963	22547
chr5	175697246	175897246	harbor2	chr5	175769967	175770178	DNA/hAT-Charlie	1043	-	106	175770073	72827
chr5	144213599	144413599	harbor2	chr5	144232672	144232941	DNA/hAT-Charlie	638	-	134	144232806	19207
chr5	169999990	170199990	harbor2	chr5	170007802	170007969	DNA/hAT-Charlie	911	-	84	170007886	7896
chr5	169999990	170199990	harbor2	chr5	170010166	170010274	DNA/hAT-Charlie	655	-	54	170010220	10230
chr5	169999990	170199990	harbor2	chr5	170010272	170010683	DNA/hAT-Charlie	696	-	206	170010478	10488
chr5	169999990	170199990	harbor2	chr5	170014311	170014606	DNA/hAT-Charlie	725	-	148	170014459	14469
chr5	169999990	170199990	harbor2	chr5	170020780	170021021	DNA/hAT-Charlie	598	-	120	170020900	20910
chr5	169999990	170199990	harbor2	chr5	170032327	170032497	DNA/hAT-Charlie	703	-	85	170032412	32422
chr5	169999990	170199990	harbor2	chr5	170047937	170048111	DNA/hAT-Charlie	2260	-	87	170048024	48034
chr5	169999990	170199990	harbor2	chr5	170048425	170048771	DNA/hAT-Charlie	2260	-	173	170048598	48608
chr5	169999990	170199990	harbor2	chr5	170049564	170049779	DNA/hAT-Charlie	1267	-	108	170049672	49682
chr5	169999990	170199990	harbor2	chr5	170053272	170053580	DNA/hAT-Charlie	1318	-	154	170053426	53436
chr5	169999990	170199990	harbor2	chr5	170054641	170054796	DNA/hAT-Charlie	545	-	78	170054719	54729
chr5	169999990	170199990	harbor2	chr5	170068737	170068914	DNA/hAT-Charlie	778	-	88	170068825	68835
chr5	150220775	150420775	harbor2	chr5	150223642	150223907	DNA/hAT-Charlie	937	-	132	150223774	2999
chr5	150220775	150420775	harbor2	chr5	150226374	150226458	DNA/hAT-Charlie	1177	-	42	150226416	5641
chr5	150220775	150420775	harbor2	chr5	150226745	150226794	DNA/hAT-Charlie	1177	-	24	150226769	5994
chr5	150220775	150420775	harbor2	chr5	150227071	150227453	DNA/hAT-Charlie	1177	-	191	150227262	6487
chr5	150220775	150420775	harbor2	chr5	150246351	150246600	DNA/hAT-Charlie	696	-	124	150246475	25700
chr5	150220775	150420775	harbor2	chr5	150252277	150252449	DNA/hAT-Charlie	420	-	86	150252363	31588
chr5	150220775	150420775	harbor2	chr5	150257190	150257394	DNA/hAT-Charlie	534	-	102	150257292	36517
chr5	150220775	150420775	harbor2	chr5	150271813	150271953	DNA/hAT-Charlie	682	-	70	150271883	51108
chr5	150220775	150420775	harbor2	chr5	150274294	150274492	DNA/hAT-Charlie	549	-	99	150274393	53618
chr5	150220775	150420775	harbor2	chr5	150303743	150303951	DNA/hAT-Charlie	530	-	104	150303847	83072
chr5	150220775	150420775	harbor2	chr5	150315804	150315959	DNA/hAT-Charlie	427	-	78	150315882	95107
chr5	150220775	150420775	harbor2	chr5	150319808	150320144	DNA/hAT-Charlie	888	-	168	150319976	99201
chr5	150220775	150420775	harbor2	chr5	150320506	150320523	DNA/hAT-Charlie	888	-	8	150320514	99739
chr5	101369248	101569248	harbor2	chr5	101399370	101399504	DNA/hAT-Charlie	545	-	67	101399437	30189
chr5	101369248	101569248	harbor2	chr5	101401133	101401339	DNA/hAT-Charlie	940	-	103	101401236	31988
chr5	101369248	101569248	harbor2	chr5	101431182	101431304	DNA/hAT-Charlie	550	-	61	101431243	61995
chr5	101369248	101569248	harbor2	chr5	101463620	101463811	DNA/hAT-Charlie	628	-	96	101463716	94468
chr5	94575234	94775234	harbor2	chr5	94578743	94578887	DNA/hAT-Charlie	532	-	72	94578815	3581
chr5	94575234	94775234	harbor2	chr5	94589194	94589326	DNA/hAT-Charlie	619	-	66	94589260	14026
chr5	40531462	40731462	harbor2	chr5	40579732	40580059	DNA/hAT-Charlie	535	-	164	40579896	48434
chr5	40531462	40731462	harbor2	chr5	40596503	40596807	DNA/hAT-Charlie	500	-	152	40596655	65193
chr5	40531462	40731462	harbor2	chr5	40613229	40613383	DNA/hAT-Charlie	406	-	77	40613306	81844
chr5	40531462	40731462	harbor2	chr5	40625394	40625550	DNA/hAT-Charlie	458	-	78	40625472	94010
chr5	179132808	179332808	harbor2	chr5	179141232	179141425	DNA/hAT-Charlie	816	-	96	179141328	8520
chr5	179132808	179332808	harbor2	chr5	179168087	179168311	DNA/hAT-Charlie	806	-	112	179168199	35391
chr5	179132808	179332808	harbor2	chr5	179175954	179176141	DNA/hAT-Charlie	419	-	94	179176048	43240
chr5	179132808	179332808	harbor2	chr5	179196774	179196955	DNA/hAT-Charlie	968	-	90	179196864	64056
chr5	179132808	179332808	harbor2	chr5	179204374	179204536	DNA/hAT-Charlie	394	-	81	179204455	71647
chr5	179132808	179332808	harbor2	chr5	179224419	179224561	DNA/hAT-Charlie	513	-	71	179224490	91682
chr5	102909710	103109710	harbor2	chr5	102970208	102970418	DNA/hAT-Charlie	702	-	105	102970313	60603
chr5	102909710	103109710	harbor2	chr5	103002720	103002858	DNA/hAT-Charlie	482	-	69	103002789	93079
chr5	171824318	172024318	harbor2	chr5	171848821	171849114	DNA/hAT-Charlie	1010	-	146	171848967	24649
chr5	171824318	172024318	harbor2	chr5	171851292	171851593	DNA/hAT-Charlie	874	-	150	171851442	27124
chr5	171824318	172024318	harbor2	chr5	171867178	171867448	DNA/hAT-Charlie	1429	-	135	171867313	42995
chr5	171824318	172024318	harbor2	chr5	171867669	171867897	DNA/hAT-Charlie	557	-	114	171867783	43465
chr5	171824318	172024318	harbor2	chr5	171911253	171911437	DNA/hAT-Charlie	915	-	92	171911345	87027
chr5	171824318	172024318	harbor2	chr5	171918709	171918916	DNA/hAT-Charlie	773	-	104	171918813	94495
chr5	104905028	105105028	harbor2	chr5	104932406	104932710	DNA/hAT-Charlie	1594	-	152	104932558	27530
chr5	104905028	105105028	harbor2	chr5	104943625	104943786	DNA/hAT-Charlie	491	-	80	104943705	38677
chr5	133835261	134035261	harbor2	chr5	133835456	133835799	DNA/hAT-Charlie	548	-	172	133835628	367
chr5	133835261	134035261	harbor2	chr5	133839392	133839523	DNA/hAT-Charlie	411	-	66	133839458	4197
chr5	133835261	134035261	harbor2	chr5	133845899	133846050	DNA/hAT-Charlie	781	-	76	133845975	10714
chr5	133835261	134035261	harbor2	chr5	133846060	133846358	DNA/hAT-Charlie	1314	-	149	133846209	10948
chr5	133835261	134035261	harbor2	chr5	133855993	133856174	DNA/hAT-Charlie	897	-	90	133856083	20822
chr5	122360405	122560405	harbor2	chr5	122388020	122388353	DNA/hAT-Charlie	1049	-	166	122388186	27781
chr5	122360405	122560405	harbor2	chr5	122399805	122399987	DNA/hAT-Charlie	983	-	91	122399896	39491
chr5	122360405	122560405	harbor2	chr5	122418344	122418739	DNA/hAT-Charlie	901	-	198	122418542	58137
chr5	168783581	168983581	harbor2	chr5	168806043	168806248	DNA/hAT-Charlie	594	-	102	168806145	22564
chr5	168783581	168983581	harbor2	chr5	168821971	168822155	DNA/hAT-Charlie	1002	-	92	168822063	38482
chr5	168783581	168983581	harbor2	chr5	168832570	168832891	DNA/hAT-Charlie	703	-	160	168832730	49149
chr5	168783581	168983581	harbor2	chr5	168834841	168834926	DNA/hAT-Charlie	529	-	42	168834883	51302
chr5	168783581	168983581	harbor2	chr5	168834927	168835132	DNA/hAT-Charlie	1029	-	102	168835029	51448
chr5	168783581	168983581	harbor2	chr5	168835133	168835344	DNA/hAT-Charlie	529	-	106	168835239	51658
chr5	168783581	168983581	harbor2	chr5	168839336	168839594	DNA/hAT-Charlie	851	-	129	168839465	55884
chr5	168783581	168983581	harbor2	chr5	168869019	168869164	DNA/hAT-Charlie	468	-	72	168869091	85510
chr5	45181799	45381799	harbor2	chr5	45255395	45255532	DNA/hAT-Charlie	529	-	68	45255463	73664
chr5	45181799	45381799	harbor2	chr5	45276325	45276433	DNA/hAT-Charlie	416	-	54	45276379	94580
chr5	45181799	45381799	harbor2	chr5	45280436	45280571	DNA/hAT-Charlie	759	-	68	45280504	98705
chr5	173442534	173642534	harbor2	chr5	173506705	173506837	DNA/hAT-Charlie	557	-	66	173506771	64237
chr5	173442534	173642534	harbor2	chr5	173530563	173530725	DNA/hAT-Charlie	911	-	81	173530644	88110
chr5	136916114	137116114	harbor2	chr5	136922244	136922348	DNA/hAT-Charlie	420	-	52	136922296	6182
chr5	136916114	137116114	harbor2	chr5	136974552	136975081	DNA/hAT-Charlie	3963	-	264	136974816	58702
chr5	136916114	137116114	harbor2	chr5	136994672	136994730	DNA/hAT-Charlie	420	-	29	136994701	78587
chr5	136916114	137116114	harbor2	chr5	136995027	136995152	DNA/hAT-Charlie	420	-	62	136995089	78975
chr5	156503327	156703327	harbor2	chr5	156505498	156505713	DNA/hAT-Charlie	430	-	108	156505606	2279
chr5	156503327	156703327	harbor2	chr5	156533593	156533773	DNA/hAT-Charlie	597	-	90	156533683	30356
chr5	156503327	156703327	harbor2	chr5	156543125	156543270	DNA/hAT-Charlie	568	-	72	156543197	39870
chr5	156503327	156703327	harbor2	chr5	156545405	156545750	DNA/hAT-Charlie	1938	-	172	156545577	42250
chr5	156503327	156703327	harbor2	chr5	156547151	156547376	DNA/hAT-Charlie	934	-	112	156547263	43936
chr5	149064585	149264585	harbor2	chr5	149067995	149068155	DNA/hAT-Charlie	396	-	80	149068075	3490
chr5	149064585	149264585	harbor2	chr5	149084933	149085061	DNA/hAT-Charlie	461	-	64	149084997	20412
chr5	149064585	149264585	harbor2	chr5	149118605	149118760	DNA/hAT-Charlie	629	-	78	149118683	54098
chr5	149064585	149264585	harbor2	chr5	149131190	149131342	DNA/hAT-Charlie	789	-	76	149131266	66681
chr5	149064585	149264585	harbor2	chr5	149156747	149156921	DNA/hAT-Charlie	631	-	87	149156834	92249
chr5	127471103	127671103	harbor2	chr5	127488816	127489149	DNA/hAT-Charlie	2109	-	166	127488982	17879
chr5	127471103	127671103	harbor2	chr5	127520068	127520256	DNA/hAT-Charlie	866	-	94	127520162	49059
chr5	127471103	127671103	harbor2	chr5	127562402	127562686	DNA/hAT-Charlie	629	-	142	127562544	91441
chr5	164357347	164557347	harbor2	chr5	164359998	164360181	DNA/hAT-Charlie	643	-	92	164360090	2743
chr5	164357347	164557347	harbor2	chr5	164411997	164412166	DNA/hAT-Charlie	409	-	84	164412081	54734
chr5	139313290	139513290	harbor2	chr5	139371593	139371794	DNA/hAT-Charlie	561	-	100	139371693	58403
chr5	167911709	168111709	harbor2	chr5	167932672	167932858	DNA/hAT-Charlie	577	-	93	167932765	21056
chr5	167911709	168111709	harbor2	chr5	167939136	167939455	DNA/hAT-Charlie	2096	-	160	167939296	27587
chr5	167911709	168111709	harbor2	chr5	167997490	167997818	DNA/hAT-Charlie	1142	-	164	167997654	85945
chr5	95518556	95718556	harbor2	chr5	95531591	95531750	DNA/hAT-Charlie	942	-	80	95531671	13115
chr5	95518556	95718556	harbor2	chr5	95579898	95580046	DNA/hAT-Charlie	729	-	74	95579972	61416
chr5	95518556	95718556	harbor2	chr5	95600183	95600433	DNA/hAT-Charlie	580	-	125	95600308	81752
chr5	95518556	95718556	harbor2	chr5	95609763	95609956	DNA/hAT-Charlie	1108	-	96	95609859	91303
chr5	95518556	95718556	harbor2	chr5	95609972	95610073	DNA/hAT-Charlie	490	-	50	95610022	91466
chr5	95518556	95718556	harbor2	chr5	95610350	95610393	DNA/hAT-Charlie	490	-	22	95610372	91816
chr5	118920277	119120277	harbor2	chr5	118953044	118953192	DNA/hAT-Charlie	777	-	74	118953118	32841
chr5	118920277	119120277	harbor2	chr5	118983155	118983459	DNA/hAT-Charlie	807	-	152	118983307	63030
chr5	162608921	162808921	harbor2	chr5	162619940	162620182	DNA/hAT-Charlie	1221	-	121	162620061	11140
chr5	162608921	162808921	harbor2	chr5	162678842	162678926	DNA/hAT-Charlie	1104	-	42	162678884	69963
chr5	162608921	162808921	harbor2	chr5	162679173	162679301	DNA/hAT-Charlie	1104	-	64	162679237	70316
chr5	124542505	124742505	harbor2	chr5	124553283	124553500	DNA/hAT-Charlie	954	-	108	124553391	10886
chr5	160658958	160858958	harbor2	chr5	160664556	160664719	DNA/hAT-Charlie	965	-	82	160664638	5680
chr5	160658958	160858958	harbor2	chr5	160685751	160685966	DNA/hAT-Charlie	1138	-	108	160685859	26901
chr5	160658958	160858958	harbor2	chr5	160693616	160693937	DNA/hAT-Charlie	2082	-	160	160693776	34818
chr5	160658958	160858958	harbor2	chr5	160757799	160758011	DNA/hAT-Charlie	1249	-	106	160757905	98947
chr5	114127597	114327597	harbor2	chr5	114176078	114176288	DNA/hAT-Charlie	1056	-	105	114176183	48586
chr5	114127597	114327597	harbor2	chr5	114214107	114214360	DNA/hAT-Charlie	831	-	126	114214233	86636
chr5	114127597	114327597	harbor2	chr5	114219903	114220085	DNA/hAT-Charlie	615	-	91	114219994	92397
chr5	153729797	153929797	harbor2	chr5	153730103	153730260	DNA/hAT-Charlie	880	-	78	153730181	384
chr5	153729797	153929797	harbor2	chr5	153781987	153782071	DNA/hAT-Charlie	497	-	42	153782029	52232
chr5	153729797	153929797	harbor2	chr5	153782339	153782511	DNA/hAT-Charlie	497	-	86	153782425	52628
chr5	153729797	153929797	harbor2	chr5	153785378	153785718	DNA/hAT-Charlie	692	-	170	153785548	55751
chr5	153729797	153929797	harbor2	chr5	153816289	153816485	DNA/hAT-Charlie	544	-	98	153816387	86590
chr5	153729797	153929797	harbor2	chr5	153796284	153796708	DNA/hAT-Charlie	1186	-	212	153796496	66699
chr5	125025909	125225909	harbor2	chr5	125032264	125032432	DNA/hAT-Charlie	663	-	84	125032348	6439
chr5	125025909	125225909	harbor2	chr5	125032537	125032700	DNA/hAT-Charlie	419	-	82	125032619	6710
chr5	125025909	125225909	harbor2	chr5	125057547	125057736	DNA/hAT-Charlie	617	-	94	125057641	31732
chr5	125025909	125225909	harbor2	chr5	125119519	125119690	DNA/hAT-Charlie	769	-	86	125119605	93696
chr5	55075675	55275675	harbor2	chr5	55106792	55106977	DNA/hAT-Charlie	1013	-	92	55106884	31209
chr5	55075675	55275675	harbor2	chr5	55111242	55111409	DNA/hAT-Charlie	682	-	84	55111326	35651
chr5	55075675	55275675	harbor2	chr5	55117333	55117547	DNA/hAT-Charlie	411	-	107	55117440	41765
chr5	55075675	55275675	harbor2	chr5	55127483	55127640	DNA/hAT-Charlie	434	-	78	55127561	51886
chr5	55075675	55275675	harbor2	chr5	55141776	55141966	DNA/hAT-Charlie	982	-	95	55141871	66196
chr5	55075675	55275675	harbor2	chr5	55158090	55158247	DNA/hAT-Charlie	613	-	78	55158168	82493
chr5	152085270	152285270	harbor2	chr5	152093632	152093763	DNA/hAT-Charlie	563	-	66	152093698	8428
chr5	152085270	152285270	harbor2	chr5	152099601	152099814	DNA/hAT-Charlie	514	-	106	152099707	14437
chr5	152085270	152285270	harbor2	chr5	152129449	152129636	DNA/hAT-Charlie	937	-	94	152129543	44273
chr5	152085270	152285270	harbor2	chr5	152146174	152146366	DNA/hAT-Charlie	571	-	96	152146270	61000
chr5	151857548	152057548	harbor2	chr5	151896671	151897032	DNA/hAT-Charlie	1447	-	180	151896851	39303
chr5	151857548	152057548	harbor2	chr5	151946022	151946487	DNA/hAT-Charlie	1621	-	232	151946254	88706
chr5	114120565	114320565	harbor2	chr5	114176078	114176288	DNA/hAT-Charlie	1056	-	105	114176183	55618
chr5	114120565	114320565	harbor2	chr5	114214107	114214360	DNA/hAT-Charlie	831	-	126	114214233	93668
chr5	114120565	114320565	harbor2	chr5	114219903	114220085	DNA/hAT-Charlie	615	-	91	114219994	99429
chr5	171176720	171376720	harbor2	chr5	171198522	171198703	DNA/hAT-Charlie	940	-	90	171198612	21892
chr5	171176720	171376720	harbor2	chr5	171273387	171273601	DNA/hAT-Charlie	691	-	107	171273494	96774
chr5	126460969	126660969	harbor2	chr5	126477303	126477508	DNA/hAT-Charlie	498	-	102	126477405	16436
chr5	126460969	126660969	harbor2	chr5	126487863	126488045	DNA/hAT-Charlie	985	-	91	126487954	26985
chr5	126460969	126660969	harbor2	chr5	126509330	126509385	DNA/hAT-Charlie	507	-	28	126509358	48389
chr5	126460969	126660969	harbor2	chr5	126509518	126509611	DNA/hAT-Charlie	507	-	46	126509564	48595
chr5	126460969	126660969	harbor2	chr5	126554516	126554687	DNA/hAT-Charlie	782	-	86	126554602	93633
chr5	126460969	126660969	harbor2	chr5	126467927	126468154	DNA/hAT-Charlie	430	-	114	126468041	7072
chr5	136458615	136658615	harbor2	chr5	136503197	136503447	DNA/hAT-Charlie	761	-	125	136503322	44707
chr5	123064590	123264590	harbor2	chr5	123143201	123143332	DNA/hAT-Charlie	440	-	66	123143267	78677
chr5	123064590	123264590	harbor2	chr5	123152216	123152514	DNA/hAT-Charlie	707	-	149	123152365	87775
chr5	165094344	165294344	harbor2	chr5	165134348	165134670	DNA/hAT-Charlie	463	-	161	165134509	40165
chr5	118015574	118215574	harbor2	chr5	118075629	118075812	DNA/hAT-Charlie	699	-	92	118075721	60147
chr5	118015574	118215574	harbor2	chr5	118079609	118079778	DNA/hAT-Charlie	532	-	84	118079693	64119
chr5	77920231	78120231	harbor2	chr5	77968857	77968946	DNA/hAT-Charlie	1108	-	44	77968901	48670
chr5	77920231	78120231	harbor2	chr5	77969276	77969691	DNA/hAT-Charlie	1108	-	208	77969484	49253
chr5	77920231	78120231	harbor2	chr5	77981360	77981698	DNA/hAT-Charlie	2167	-	169	77981529	61298
chr5	77920231	78120231	harbor2	chr5	77998518	77998826	DNA/hAT-Charlie	1751	-	154	77998672	78441
chr5	148006738	148206738	harbor2	chr5	148007489	148007870	DNA/hAT-Charlie	953	-	190	148007679	941
chr5	148006738	148206738	harbor2	chr5	148008322	148008669	DNA/hAT-Charlie	580	-	174	148008496	1758
chr5	148006738	148206738	harbor2	chr5	148010039	148010156	DNA/hAT-Charlie	428	-	58	148010097	3359
chr5	148006738	148206738	harbor2	chr5	148019590	148019799	DNA/hAT-Charlie	889	-	104	148019694	12956
chr5	148006738	148206738	harbor2	chr5	148042004	148042208	DNA/hAT-Charlie	988	-	102	148042106	35368
chr5	174853857	175053857	harbor2	chr5	174878758	174878914	DNA/hAT-Charlie	584	-	78	174878836	24979
chr5	174853857	175053857	harbor2	chr5	174879537	174879860	DNA/hAT-Charlie	549	-	162	174879699	25842
chr5	174853857	175053857	harbor2	chr5	174895308	174895634	DNA/hAT-Charlie	1536	-	163	174895471	41614
chr5	174853857	175053857	harbor2	chr5	174934113	174934361	DNA/hAT-Charlie	428	-	124	174934237	80380
chr5	161804975	162004975	harbor2	chr5	161806283	161806341	DNA/hAT-Charlie	399	-	29	161806312	1337
chr5	161804975	162004975	harbor2	chr5	161896659	161896885	DNA/hAT-Charlie	467	-	113	161896772	91797
chr5	151143263	151343263	harbor2	chr5	151153239	151153418	DNA/hAT-Charlie	590	-	90	151153329	10066
chr5	151143263	151343263	harbor2	chr5	151168661	151168966	DNA/hAT-Charlie	1533	-	152	151168813	25550
chr5	151143263	151343263	harbor2	chr5	151175855	151176003	DNA/hAT-Charlie	454	-	74	151175929	32666
chr5	151143263	151343263	harbor2	chr5	151176010	151176202	DNA/hAT-Charlie	840	-	96	151176106	32843
chr5	151143263	151343263	harbor2	chr5	151181595	151181690	DNA/hAT-Charlie	439	-	48	151181643	38380
chr5	151143263	151343263	harbor2	chr5	151223372	151223525	DNA/hAT-Charlie	658	-	76	151223448	80185
chr5	151143263	151343263	harbor2	chr5	151233582	151233778	DNA/hAT-Charlie	443	-	98	151233680	90417
chr5	151143263	151343263	harbor2	chr5	151241683	151241789	DNA/hAT-Charlie	484	-	53	151241736	98473
chr5	151143263	151343263	harbor2	chr5	151242098	151242210	DNA/hAT-Charlie	484	-	56	151242154	98891
chr5	126152987	126352987	harbor2	chr5	126211646	126211845	DNA/hAT-Charlie	714	-	100	126211746	58759
chr5	140701344	140901344	harbor2	chr5	140707198	140707431	DNA/hAT-Charlie	693	-	116	140707314	5970
chr5	61047037	61247037	harbor2	chr5	61090214	61090518	DNA/hAT-Charlie	1224	-	152	61090366	43329
chr5	61047037	61247037	harbor2	chr5	61101914	61102103	DNA/hAT-Charlie	911	-	94	61102008	54971
chr5	61047037	61247037	harbor2	chr5	61117732	61117913	DNA/hAT-Charlie	872	-	90	61117822	70785
chr5	61047037	61247037	harbor2	chr5	61124555	61124746	DNA/hAT-Charlie	662	-	96	61124651	77614
chr5	132619090	132819090	harbor2	chr5	132646534	132646877	DNA/hAT-Charlie	2353	-	172	132646706	27616
chr5	132619090	132819090	harbor2	chr5	132678557	132678697	DNA/hAT-Charlie	677	-	70	132678627	59537
chr5	132619090	132819090	harbor2	chr5	132709692	132709870	DNA/hAT-Charlie	787	-	89	132709781	90691
chr5	116550415	116750415	harbor2	chr5	116596780	116596876	DNA/hAT-Charlie	1059	-	48	116596828	46413
chr5	116550415	116750415	harbor2	chr5	116597290	116597385	DNA/hAT-Charlie	1059	-	48	116597338	46923
chr5	116550415	116750415	harbor2	chr5	116603336	116603670	DNA/hAT-Charlie	1544	-	167	116603503	53088
chr5	116550415	116750415	harbor2	chr5	116608792	116608974	DNA/hAT-Charlie	463	-	91	116608883	58468
chr5	116550415	116750415	harbor2	chr5	116627263	116627468	DNA/hAT-Charlie	1019	-	102	116627365	76950
chr5	116550415	116750415	harbor2	chr5	116643899	116644487	DNA/hAT-Charlie	4506	-	294	116644193	93778
chr5	116550415	116750415	harbor2	chr5	116645064	116647183	DNA/hAT-Charlie	16176	-	1060	116646124	95709
chr5	71982624	72182624	harbor2	chr5	72034707	72034781	DNA/hAT-Charlie	457	-	37	72034744	52120
chr5	71982624	72182624	harbor2	chr5	72038371	72038690	DNA/hAT-Charlie	1406	-	160	72038531	55907
chr5	111847443	112047443	harbor2	chr5	111895631	111895812	DNA/hAT-Charlie	751	-	90	111895721	48278
chr5	111847443	112047443	harbor2	chr5	111928143	111928299	DNA/hAT-Charlie	622	-	78	111928221	80778
chr5	111847443	112047443	harbor2	chr5	111928291	111928473	DNA/hAT-Charlie	518	-	91	111928382	80939
chr5	111847443	112047443	harbor2	chr5	111928690	111928921	DNA/hAT-Charlie	535	-	116	111928806	81363
chr5	83878015	84078015	harbor2	chr5	83912520	83912685	DNA/hAT-Charlie	747	-	82	83912602	34587
chr5	90721858	90921858	harbor2	chr5	90731776	90732010	DNA/hAT-Charlie	906	-	117	90731893	10035
chr5	90721858	90921858	harbor2	chr5	90732295	90732316	DNA/hAT-Charlie	906	-	10	90732305	10447
chr5	90721858	90921858	harbor2	chr5	90732714	90732933	DNA/hAT-Charlie	906	-	110	90732824	10966
chr5	90721858	90921858	harbor2	chr5	90748272	90748565	DNA/hAT-Charlie	1237	-	146	90748418	26560
chr5	90721858	90921858	harbor2	chr5	90752039	90752120	DNA/hAT-Charlie	509	-	40	90752079	30221
chr5	90721858	90921858	harbor2	chr5	90752164	90752269	DNA/hAT-Charlie	440	-	52	90752216	30358
chr5	90721858	90921858	harbor2	chr5	90791934	90792094	DNA/hAT-Charlie	498	-	80	90792014	70156
chr5	155389242	155589242	harbor2	chr5	155422167	155422347	DNA/hAT-Charlie	778	-	90	155422257	33015
chr5	155389242	155589242	harbor2	chr5	155426385	155426584	DNA/hAT-Charlie	1025	-	100	155426485	37243
chr5	155389242	155589242	harbor2	chr5	155477842	155478507	DNA/hAT-Charlie	1896	-	332	155478174	88932
chr5	144690452	144890452	harbor2	chr5	144742749	144742919	DNA/hAT-Charlie	748	-	85	144742834	52382
chr5	144690452	144890452	harbor2	chr5	144781342	144781620	DNA/hAT-Charlie	882	-	139	144781481	91029
chr5	147461876	147661876	harbor2	chr5	147559900	147560053	DNA/hAT-Charlie	688	-	76	147559976	98100
chr5	160319745	160519745	harbor2	chr5	160320432	160320745	DNA/hAT-Charlie	429	-	156	160320588	843
chr5	160319745	160519745	harbor2	chr5	160334764	160334893	DNA/hAT-Charlie	410	-	64	160334828	15083
chr5	160319745	160519745	harbor2	chr5	160356349	160356536	DNA/hAT-Charlie	1041	-	94	160356443	36698
chr5	160319745	160519745	harbor2	chr5	160363968	160364260	DNA/hAT-Charlie	1361	-	146	160364114	44369
chr5	160319745	160519745	harbor2	chr5	160374351	160374529	DNA/hAT-Charlie	962	-	89	160374440	54695
chr5	160319745	160519745	harbor2	chr5	160393515	160395702	DNA/hAT-Charlie	11412	-	1094	160394609	74864
chr5	160319745	160519745	harbor2	chr5	160417233	160417379	DNA/hAT-Charlie	627	-	73	160417306	97561
chr5	124424350	124624350	harbor2	chr5	124441235	124441365	DNA/hAT-Charlie	605	-	65	124441300	16950
chr5	124424350	124624350	harbor2	chr5	124448143	124448327	DNA/hAT-Charlie	759	-	92	124448235	23885
chr5	124424350	124624350	harbor2	chr5	124480607	124480827	DNA/hAT-Charlie	1099	-	110	124480717	56367
chr5	162483327	162683327	harbor2	chr5	162484344	162484488	DNA/hAT-Charlie	425	-	72	162484416	1089
chr5	162483327	162683327	harbor2	chr5	162492819	162493039	DNA/hAT-Charlie	488	-	110	162492929	9602
chr5	162483327	162683327	harbor2	chr5	162508988	162509174	DNA/hAT-Charlie	792	-	93	162509081	25754
chr5	91971377	92171377	harbor2	chr5	91981237	91981416	DNA/hAT-Charlie	1000	-	90	91981327	9950
chr5	144809963	145009963	harbor2	chr5	144823206	144823334	DNA/hAT-Charlie	700	-	64	144823270	13307
chr5	144809963	145009963	harbor2	chr5	144828261	144828351	DNA/hAT-Charlie	690	-	45	144828306	18343
chr5	144809963	145009963	harbor2	chr5	144876335	144876516	DNA/hAT-Charlie	730	-	90	144876425	66462
chr5	167263623	167463623	harbor2	chr5	167303752	167303980	DNA/hAT-Charlie	479	-	114	167303866	40243
chr5	167263623	167463623	harbor2	chr5	167313274	167313356	DNA/hAT-Charlie	622	-	41	167313315	49692
chr5	167263623	167463623	harbor2	chr5	167346180	167346435	DNA/hAT-Charlie	495	-	128	167346308	82685
chr5	178983177	179183177	harbor2	chr5	179072631	179072990	DNA/hAT-Charlie	998	-	180	179072811	89634
chr5	166197600	166397600	harbor2	chr5	166210099	166210262	DNA/hAT-Charlie	598	-	82	166210181	12581
chr5	166197600	166397600	harbor2	chr5	166270839	166271098	DNA/hAT-Charlie	769	-	130	166270969	73369
chr5	109027941	109227941	harbor2	chr5	109052849	109053104	DNA/hAT-Charlie	1342	-	128	109052977	25036
chr5	109027941	109227941	harbor2	chr5	109053403	109053444	DNA/hAT-Charlie	1342	-	20	109053423	25482
chr5	109027941	109227941	harbor2	chr5	109094548	109094768	DNA/hAT-Charlie	1081	-	110	109094658	66717
chr5	109027941	109227941	harbor2	chr5	109114538	109114743	DNA/hAT-Charlie	758	-	102	109114640	86699
chr5	97130270	97330270	harbor2	chr5	97205612	97205818	DNA/hAT-Charlie	943	-	103	97205715	75445
chr5	180036602	180236602	harbor2	chr5	180072515	180072840	DNA/hAT-Charlie	1700	-	162	180072677	36075
chr5	169119782	169319782	harbor2	chr5	169132369	169132499	DNA/hAT-Charlie	464	-	65	169132434	12652
chr5	169119782	169319782	harbor2	chr5	169170545	169170807	DNA/hAT-Charlie	445	-	131	169170676	50894
chr5	169119782	169319782	harbor2	chr5	169172381	169172598	DNA/hAT-Charlie	662	-	108	169172489	52707
chr5	169119782	169319782	harbor2	chr5	169176601	169176814	DNA/hAT-Charlie	773	-	106	169176707	56925
chr5	169119782	169319782	harbor2	chr5	169193767	169193939	DNA/hAT-Charlie	405	-	86	169193853	74071
chr5	169119782	169319782	harbor2	chr5	169215454	169215665	DNA/hAT-Charlie	1117	-	106	169215560	95778
chr5	38740800	38940800	harbor2	chr5	38747515	38747801	DNA/hAT-Charlie	1328	-	143	38747658	6858
chr5	150859961	151059961	harbor2	chr5	150901221	150901495	DNA/hAT-Charlie	918	-	137	150901358	41397
chr5	150859961	151059961	harbor2	chr5	150902464	150902671	DNA/hAT-Charlie	1041	-	104	150902568	42607
chr5	179805175	180005175	harbor2	chr5	179885132	179885307	DNA/hAT-Charlie	1345	-	88	179885220	80045
chr5	179805175	180005175	harbor2	chr5	179885608	179885751	DNA/hAT-Charlie	1345	-	72	179885680	80505
chr5	151692759	151892759	harbor2	chr5	151695928	151696121	DNA/hAT-Charlie	620	-	96	151696024	3265
chr5	151692759	151892759	harbor2	chr5	151706119	151706210	DNA/hAT-Charlie	466	-	46	151706165	13406
chr5	151692759	151892759	harbor2	chr5	151715456	151715664	DNA/hAT-Charlie	487	-	104	151715560	22801
chr5	151692759	151892759	harbor2	chr5	151715674	151715740	DNA/hAT-Charlie	419	-	33	151715707	22948
chr5	151692759	151892759	harbor2	chr5	151716198	151716228	DNA/hAT-Charlie	419	-	15	151716213	23454
chr5	151692759	151892759	harbor2	chr5	151716508	151716567	DNA/hAT-Charlie	419	-	30	151716538	23779
chr5	151692759	151892759	harbor2	chr5	151724021	151724211	DNA/hAT-Charlie	457	-	95	151724116	31357
chr5	151692759	151892759	harbor2	chr5	151730466	151730676	DNA/hAT-Charlie	1070	-	105	151730571	37812
chr5	151692759	151892759	harbor2	chr5	151746567	151746666	DNA/hAT-Charlie	557	-	50	151746617	53858
chr5	53423315	53623315	harbor2	chr5	53434030	53434232	DNA/hAT-Charlie	914	-	101	53434131	10816
chr5	161360024	161560024	harbor2	chr5	161383504	161383706	DNA/hAT-Charlie	804	-	101	161383605	23581
chr5	161360024	161560024	harbor2	chr5	161429756	161430064	DNA/hAT-Charlie	747	-	154	161429910	69886
chr5	155149715	155349715	harbor2	chr5	155189419	155189591	DNA/hAT-Charlie	1027	-	86	155189505	39790
chr5	155149715	155349715	harbor2	chr5	155221804	155221980	DNA/hAT-Charlie	956	-	88	155221892	72177
chr5	155149715	155349715	harbor2	chr5	155248725	155248839	DNA/hAT-Charlie	607	-	57	155248782	99067
chr5	120151233	120351233	harbor2	chr5	120164910	120165245	DNA/hAT-Charlie	774	-	168	120165078	13845
chr5	120151233	120351233	harbor2	chr5	120192771	120193292	DNA/hAT-Charlie	690	-	260	120193031	41798
chr5	112815799	113015799	harbor2	chr5	112817974	112818169	DNA/hAT-Charlie	941	-	98	112818072	2273
chr5	112815799	113015799	harbor2	chr5	112829547	112829771	DNA/hAT-Charlie	1021	-	112	112829659	13860
chr5	112815799	113015799	harbor2	chr5	112846751	112846912	DNA/hAT-Charlie	820	-	80	112846831	31032
chr5	112815799	113015799	harbor2	chr5	112863358	112863550	DNA/hAT-Charlie	986	-	96	112863454	47655
chr5	112815799	113015799	harbor2	chr5	112904607	112904791	DNA/hAT-Charlie	498	-	92	112904699	88900
chr5	173476958	173676958	harbor2	chr5	173506705	173506837	DNA/hAT-Charlie	557	-	66	173506771	29813
chr5	173476958	173676958	harbor2	chr5	173530563	173530725	DNA/hAT-Charlie	911	-	81	173530644	53686
chr5	173476958	173676958	harbor2	chr5	173554674	173554794	DNA/hAT-Charlie	642	-	60	173554734	77776
chr5	173476958	173676958	harbor2	chr5	173558360	173558595	DNA/hAT-Charlie	1114	-	118	173558478	81520
chr5	173476958	173676958	harbor2	chr5	173567250	173567490	DNA/hAT-Charlie	591	-	120	173567370	90412
chr5	173476958	173676958	harbor2	chr5	173567613	173567898	DNA/hAT-Charlie	1345	-	142	173567755	90797
chr5	173476958	173676958	harbor2	chr5	173572603	173572951	DNA/hAT-Charlie	726	-	174	173572777	95819
chr5	113969908	114169908	harbor2	chr5	113980276	113980481	DNA/hAT-Charlie	1065	-	102	113980378	10470
chr5	113969908	114169908	harbor2	chr5	114012661	114013262	DNA/hAT-Charlie	1485	-	300	114012961	43053
chr5	113969908	114169908	harbor2	chr5	114013252	114013533	DNA/hAT-Charlie	611	-	140	114013392	43484
chr5	113969908	114169908	harbor2	chr5	114016653	114016807	DNA/hAT-Charlie	485	-	77	114016730	46822
chr5	113969908	114169908	harbor2	chr5	114063435	114063583	DNA/hAT-Charlie	566	-	74	114063509	93601
chr5	113969908	114169908	harbor2	chr5	114064009	114064177	DNA/hAT-Charlie	658	-	84	114064093	94185
chr5	173217071	173417071	harbor2	chr5	173259833	173259938	DNA/hAT-Charlie	777	-	52	173259885	42814
chr5	173217071	173417071	harbor2	chr5	173260214	173260287	DNA/hAT-Charlie	777	-	36	173260250	43179
chr5	173217071	173417071	harbor2	chr5	173261763	173261920	DNA/hAT-Charlie	764	-	78	173261841	44770
chr5	173217071	173417071	harbor2	chr5	173262479	173262695	DNA/hAT-Charlie	1046	-	108	173262587	45516
chr6	154853193	155053193	harbor2	chr6	154855577	154855758	DNA/hAT-Charlie	794	-	90	154855667	2474
chr6	154853193	155053193	harbor2	chr6	154893431	154893606	DNA/hAT-Charlie	468	-	88	154893519	40326
chr6	154853193	155053193	harbor2	chr6	154913901	154914064	DNA/hAT-Charlie	748	-	82	154913983	60790
chr6	147752902	147952902	harbor2	chr6	147809735	147809925	DNA/hAT-Charlie	863	-	95	147809830	56928
chr6	147752902	147952902	harbor2	chr6	147812432	147812664	DNA/hAT-Charlie	530	-	116	147812548	59646
chr6	147752902	147952902	harbor2	chr6	147822065	147822210	DNA/hAT-Charlie	427	-	72	147822137	69235
chr6	147752902	147952902	harbor2	chr6	147848936	147849035	DNA/hAT-Charlie	585	-	50	147848986	96084
chr6	134559762	134759762	harbor2	chr6	134618594	134618708	DNA/hAT-Charlie	521	-	57	134618651	58889
chr6	32911606	33111606	harbor2	chr6	32938044	32938229	DNA/hAT-Charlie	454	-	92	32938136	26530
chr6	32911606	33111606	harbor2	chr6	32956299	32956443	DNA/hAT-Charlie	842	-	72	32956371	44765
chr6	32911606	33111606	harbor2	chr6	32956570	32956743	DNA/hAT-Charlie	954	-	86	32956656	45050
chr6	32911606	33111606	harbor2	chr6	32978471	32978505	DNA/hAT-Charlie	458	-	17	32978488	66882
chr6	32911606	33111606	harbor2	chr6	32978506	32978817	DNA/hAT-Charlie	1694	-	156	32978662	67056
chr6	32911606	33111606	harbor2	chr6	32978818	32978967	DNA/hAT-Charlie	458	-	74	32978892	67286
chr6	32911606	33111606	harbor2	chr6	32986004	32986321	DNA/hAT-Charlie	1967	-	158	32986162	74556
chr6	117391994	117591994	harbor2	chr6	117406611	117406917	DNA/hAT-Charlie	1088	-	153	117406764	14770
chr6	117391994	117591994	harbor2	chr6	117409861	117409968	DNA/hAT-Charlie	553	-	54	117409915	17921
chr6	117391994	117591994	harbor2	chr6	117410117	117410251	DNA/hAT-Charlie	553	-	67	117410184	18190
chr6	87619038	87819038	harbor2	chr6	87689709	87689816	DNA/hAT-Charlie	463	-	54	87689763	70725
chr6	87619038	87819038	harbor2	chr6	87698259	87698546	DNA/hAT-Charlie	1271	-	144	87698403	79365
chr6	87619038	87819038	harbor2	chr6	87712237	87712385	DNA/hAT-Charlie	471	-	74	87712311	93273
chr6	64360058	64560058	harbor2	chr6	64380388	64380719	DNA/hAT-Charlie	689	-	166	64380554	20496
chr6	64360058	64560058	harbor2	chr6	64438333	64438546	DNA/hAT-Charlie	747	-	106	64438439	78381
chr6	64360058	64560058	harbor2	chr6	64438201	64438338	DNA/hAT-Charlie	564	-	68	64438269	78211
chr6	146996369	147196369	harbor2	chr6	147002258	147002420	DNA/hAT-Charlie	698	-	81	147002339	5970
chr6	146996369	147196369	harbor2	chr6	147067189	147067520	DNA/hAT-Charlie	2335	-	166	147067355	70986
chr6	167018813	167218813	harbor2	chr6	167028976	167029159	DNA/hAT-Charlie	840	-	92	167029068	10255
chr6	167018813	167218813	harbor2	chr6	167037789	167037923	DNA/hAT-Charlie	594	-	67	167037856	19043
chr6	161278062	161478062	harbor2	chr6	161290416	161290541	DNA/hAT-Charlie	443	-	62	161290478	12416
chr6	147994489	148194489	harbor2	chr6	148005573	148006080	DNA/hAT-Charlie	3610	-	254	148005827	11338
chr6	147994489	148194489	harbor2	chr6	148067668	148067864	DNA/hAT-Charlie	815	-	98	148067766	73277
chr6	126158213	126358213	harbor2	chr6	126159294	126159457	DNA/hAT-Charlie	682	-	82	126159376	1163
chr6	126158213	126358213	harbor2	chr6	126206327	126206454	DNA/hAT-Charlie	725	-	64	126206391	48178
chr6	126158213	126358213	harbor2	chr6	126228877	126230035	DNA/hAT-Charlie	3448	-	579	126229456	71243
chr6	126158213	126358213	harbor2	chr6	126230491	126231213	DNA/hAT-Charlie	3448	-	361	126230852	72639
chr6	160805082	161005082	harbor2	chr6	160833749	160834446	DNA/hAT-Charlie	1035	-	348	160834097	29015
chr6	160076132	160276132	harbor2	chr6	160086625	160086796	DNA/hAT-Charlie	495	-	86	160086711	10579
chr6	160076132	160276132	harbor2	chr6	160152558	160152643	DNA/hAT-Charlie	599	-	42	160152600	76468
chr6	160076132	160276132	harbor2	chr6	160153016	160153101	DNA/hAT-Charlie	599	-	42	160153058	76926
chr6	160076132	160276132	harbor2	chr6	160158056	160158361	DNA/hAT-Charlie	1313	-	152	160158208	82076
chr6	168167081	168367081	harbor2	chr6	168229976	168230646	DNA/hAT-Charlie	2407	-	335	168230311	63230
chr6	168167081	168367081	harbor2	chr6	168231217	168231962	DNA/hAT-Charlie	2193	-	372	168231589	64508
chr6	168167081	168367081	harbor2	chr6	168251968	168252101	DNA/hAT-Charlie	660	-	66	168252034	84953
chr6	126662571	126862571	harbor2	chr6	126680629	126680782	DNA/hAT-Charlie	633	-	76	126680705	18134
chr6	126662571	126862571	harbor2	chr6	126694193	126694348	DNA/hAT-Charlie	713	-	78	126694271	31700
chr6	136668064	136868064	harbor2	chr6	136744727	136744893	DNA/hAT-Charlie	711	-	83	136744810	76746
chr6	136668064	136868064	harbor2	chr6	136747662	136747820	DNA/hAT-Charlie	544	-	79	136747741	79677
chr6	109862555	110062555	harbor2	chr6	109932603	109932769	DNA/hAT-Charlie	578	-	83	109932686	70131
chr6	109862555	110062555	harbor2	chr6	109956452	109956797	DNA/hAT-Charlie	1229	-	172	109956624	94069
chr6	156251792	156451792	harbor2	chr6	156311976	156313425	DNA/hAT-Charlie	5763	-	724	156312700	60908
chr6	156251792	156451792	harbor2	chr6	156336712	156336858	DNA/hAT-Charlie	732	-	73	156336785	84993
chr6	156251792	156451792	harbor2	chr6	156339332	156339482	DNA/hAT-Charlie	498	-	75	156339407	87615
chr6	156251792	156451792	harbor2	chr6	156341917	156342089	DNA/hAT-Charlie	868	-	86	156342003	90211
chr6	137792133	137992133	harbor2	chr6	137804041	137804224	DNA/hAT-Charlie	677	-	92	137804133	12000
chr6	64803152	65003152	harbor2	chr6	64840803	64840983	DNA/hAT-Charlie	483	-	90	64840893	37741
chr6	92717677	92917677	harbor2	chr6	92756802	92757121	DNA/hAT-Charlie	1283	-	160	92756962	39285
chr6	92717677	92917677	harbor2	chr6	92774742	92774935	DNA/hAT-Charlie	818	-	96	92774838	57161
chr6	92717677	92917677	harbor2	chr6	92811835	92812002	DNA/hAT-Charlie	573	-	84	92811919	94242
chr6	92717677	92917677	harbor2	chr6	92812015	92812172	DNA/hAT-Charlie	944	-	78	92812093	94416
chr6	168080923	168280923	harbor2	chr6	168123740	168123927	DNA/hAT-Charlie	668	-	94	168123834	42911
chr6	168080923	168280923	harbor2	chr6	168123933	168124033	DNA/hAT-Charlie	405	-	50	168123983	43060
chr6	164838514	165038514	harbor2	chr6	164845916	164846096	DNA/hAT-Charlie	615	-	90	164846006	7492
chr6	164838514	165038514	harbor2	chr6	164900882	164901046	DNA/hAT-Charlie	634	-	82	164900964	62450
chr6	151326930	151526930	harbor2	chr6	151386740	151387357	DNA/hAT-Charlie	2491	-	308	151387048	60118
chr6	151326930	151526930	harbor2	chr6	151387371	151387495	DNA/hAT-Charlie	542	-	62	151387433	60503
chr6	151326930	151526930	harbor2	chr6	151395207	151395400	DNA/hAT-Charlie	545	-	96	151395303	68373
chr6	151326930	151526930	harbor2	chr6	151398237	151398368	DNA/hAT-Charlie	620	-	66	151398303	71373
chr6	151326930	151526930	harbor2	chr6	151402809	151403028	DNA/hAT-Charlie	427	-	110	151402919	75989
chr6	117397691	117597691	harbor2	chr6	117406611	117406917	DNA/hAT-Charlie	1088	-	153	117406764	9073
chr6	117397691	117597691	harbor2	chr6	117409861	117409968	DNA/hAT-Charlie	553	-	54	117409915	12224
chr6	117397691	117597691	harbor2	chr6	117410117	117410251	DNA/hAT-Charlie	553	-	67	117410184	12493
chr6	137038447	137238447	harbor2	chr6	137083944	137084067	DNA/hAT-Charlie	505	-	62	137084006	45559
chr6	137038447	137238447	harbor2	chr6	137088894	137089032	DNA/hAT-Charlie	523	-	69	137088963	50516
chr6	170009053	170209053	harbor2	chr6	170029399	170029551	DNA/hAT-Charlie	410	-	76	170029475	20422
chr6	170009053	170209053	harbor2	chr6	170041606	170041757	DNA/hAT-Charlie	527	-	76	170041682	32629
chr6	170009053	170209053	harbor2	chr6	170051515	170051692	DNA/hAT-Charlie	470	-	88	170051603	42550
chr6	142768397	142968397	harbor2	chr6	142822199	142822647	DNA/hAT-Charlie	1793	-	224	142822423	54026
chr6	142768397	142968397	harbor2	chr6	142860340	142860820	DNA/hAT-Charlie	2758	-	240	142860580	92183
chr6	116415250	116615250	harbor2	chr6	116421217	116421433	DNA/hAT-Charlie	5263	-	108	116421325	6075
chr6	116415250	116615250	harbor2	chr6	116421761	116422930	DNA/hAT-Charlie	5263	-	584	116422345	7095
chr6	116415250	116615250	harbor2	chr6	116469364	116469846	DNA/hAT-Charlie	3391	-	241	116469605	54355
chr6	116415250	116615250	harbor2	chr6	116472179	116472414	DNA/hAT-Charlie	472	-	118	116472297	57047
chr6	169444309	169644309	harbor2	chr6	169446456	169447892	DNA/hAT-Charlie	3486	-	718	169447174	2865
chr6	169444309	169644309	harbor2	chr6	169505751	169505931	DNA/hAT-Charlie	665	-	90	169505841	61532
chr6	169444309	169644309	harbor2	chr6	169542795	169543048	DNA/hAT-Charlie	582	-	126	169542921	98612
chr6	169444309	169644309	harbor2	chr6	169543357	169543977	DNA/hAT-Charlie	1452	-	310	169543667	99358
chr6	160075488	160275488	harbor2	chr6	160086625	160086796	DNA/hAT-Charlie	495	-	86	160086711	11223
chr6	160075488	160275488	harbor2	chr6	160152558	160152643	DNA/hAT-Charlie	599	-	42	160152600	77112
chr6	160075488	160275488	harbor2	chr6	160153016	160153101	DNA/hAT-Charlie	599	-	42	160153058	77570
chr6	160075488	160275488	harbor2	chr6	160158056	160158361	DNA/hAT-Charlie	1313	-	152	160158208	82720
chr6	166757498	166957498	harbor2	chr6	166781839	166782007	DNA/hAT-Charlie	737	-	84	166781923	24425
chr6	166757498	166957498	harbor2	chr6	166782296	166782380	DNA/hAT-Charlie	737	-	42	166782338	24840
chr6	138742411	138942411	harbor2	chr6	138750306	138750814	DNA/hAT-Charlie	1374	-	254	138750560	8149
chr6	138742411	138942411	harbor2	chr6	138751092	138751300	DNA/hAT-Charlie	777	-	104	138751196	8785
chr6	138742411	138942411	harbor2	chr6	138754596	138754768	DNA/hAT-Charlie	490	-	86	138754682	12271
chr6	138742411	138942411	harbor2	chr6	138769576	138769922	DNA/hAT-Charlie	2113	-	173	138769749	27338
chr6	138742411	138942411	harbor2	chr6	138777873	138778028	DNA/hAT-Charlie	556	-	78	138777951	35540
chr6	138742411	138942411	harbor2	chr6	138801352	138801469	DNA/hAT-Charlie	574	-	58	138801410	58999
chr6	138742411	138942411	harbor2	chr6	138801777	138801796	DNA/hAT-Charlie	574	-	10	138801787	59376
chr6	138742411	138942411	harbor2	chr6	138830275	138830482	DNA/hAT-Charlie	756	-	104	138830379	87968
chr6	143926713	144126713	harbor2	chr6	144004064	144004158	DNA/hAT-Charlie	531	-	47	144004111	77398
chr6	143926713	144126713	harbor2	chr6	144004346	144004418	DNA/hAT-Charlie	407	-	36	144004382	77669
chr6	143926713	144126713	harbor2	chr6	144006787	144007023	DNA/hAT-Charlie	409	-	118	144006905	80192
chr6	143926713	144126713	harbor2	chr6	144012791	144013065	DNA/hAT-Charlie	569	-	137	144012928	86215
chr6	121407771	121607771	harbor2	chr6	121411547	121411676	DNA/hAT-Charlie	730	-	64	121411611	3840
chr6	121407771	121607771	harbor2	chr6	121411979	121412014	DNA/hAT-Charlie	730	-	18	121411997	4226
chr6	121407771	121607771	harbor2	chr6	121412084	121412136	DNA/hAT-Charlie	730	-	26	121412110	4339
chr6	121407771	121607771	harbor2	chr6	121487423	121487582	DNA/hAT-Charlie	466	-	80	121487503	79732
chr6	131478144	131678144	harbor2	chr6	131510931	131511098	DNA/hAT-Charlie	904	-	84	131511015	32871
chr6	131478144	131678144	harbor2	chr6	131511827	131511862	DNA/hAT-Charlie	904	-	18	131511845	33701
chr6	158458891	158658891	harbor2	chr6	158544794	158544996	DNA/hAT-Charlie	660	-	101	158544895	86004
chr6	158458891	158658891	harbor2	chr6	158546619	158546677	DNA/hAT-Charlie	515	-	29	158546648	87757
chr6	158458891	158658891	harbor2	chr6	158546990	158547000	DNA/hAT-Charlie	515	-	5	158546995	88104
chr6	158458891	158658891	harbor2	chr6	158547302	158547421	DNA/hAT-Charlie	515	-	60	158547362	88471
chr6	156640321	156840321	harbor2	chr6	156640360	156640517	DNA/hAT-Charlie	667	-	78	156640438	117
chr6	156640321	156840321	harbor2	chr6	156735851	156736010	DNA/hAT-Charlie	631	-	80	156735931	95610
chr6	104354913	104554913	harbor2	chr6	104406550	104406747	DNA/hAT-Charlie	1072	-	98	104406648	51735
chr6	104354913	104554913	harbor2	chr6	104427775	104427967	DNA/hAT-Charlie	589	-	96	104427871	72958
chr6	104354913	104554913	harbor2	chr6	104428000	104428033	DNA/hAT-Charlie	589	-	16	104428016	73103
chr6	170375891	170575891	harbor2	chr6	170416934	170417135	DNA/hAT-Charlie	443	-	100	170417034	41143
chr6	170375891	170575891	harbor2	chr6	170420564	170421142	DNA/hAT-Charlie	1562	-	289	170420853	44962
chr6	170375891	170575891	harbor2	chr6	170451851	170452007	DNA/hAT-Charlie	491	-	78	170451929	76038
chr6	170375891	170575891	harbor2	chr6	170474198	170474376	DNA/hAT-Charlie	736	-	89	170474287	98396
chr6	170375891	170575891	harbor2	chr6	170475699	170476081	DNA/hAT-Charlie	1280	-	191	170475890	99999
chr6	170375891	170575891	harbor2	chr6	170475452	170475691	DNA/hAT-Charlie	1114	-	120	170475572	99681
chr6	170170303	170370303	harbor2	chr6	170204910	170205038	DNA/hAT-Charlie	484	-	64	170204974	34671
chr6	138272525	138472525	harbor2	chr6	138287883	138288101	DNA/hAT-Charlie	444	-	109	138287992	15467
chr6	138272525	138472525	harbor2	chr6	138288701	138288740	DNA/hAT-Charlie	444	-	20	138288721	16196
chr6	138272525	138472525	harbor2	chr6	138342131	138342314	DNA/hAT-Charlie	800	-	92	138342223	69698
chr6	163858386	164058386	harbor2	chr6	163863940	163864211	DNA/hAT-Charlie	1125	-	136	163864076	5690
chr6	162897383	163097383	harbor2	chr6	162915288	162915385	DNA/hAT-Charlie	491	-	48	162915336	17953
chr6	162897383	163097383	harbor2	chr6	162937166	162937308	DNA/hAT-Charlie	489	-	71	162937237	39854
chr6	52232936	52432936	harbor2	chr6	52289326	52289498	DNA/hAT-Charlie	1248	-	86	52289412	56476
chr6	52232936	52432936	harbor2	chr6	52289792	52289920	DNA/hAT-Charlie	1248	-	64	52289856	56920
chr6	140734169	140934169	harbor2	chr6	140737043	140737432	DNA/hAT-Charlie	631	-	194	140737237	3068
chr6	140734169	140934169	harbor2	chr6	140739714	140740130	DNA/hAT-Charlie	482	-	208	140739922	5753
chr6	140734169	140934169	harbor2	chr6	140759558	140759763	DNA/hAT-Charlie	639	-	102	140759660	25491
chr6	140734169	140934169	harbor2	chr6	140827747	140828136	DNA/hAT-Charlie	625	-	194	140827941	93772
chr6	132518305	132718305	harbor2	chr6	132573889	132574116	DNA/hAT-Charlie	677	-	114	132574003	55698
chr6	132518305	132718305	harbor2	chr6	132595609	132595701	DNA/hAT-Charlie	420	-	46	132595655	77350
chr6	132518305	132718305	harbor2	chr6	132602134	132602663	DNA/hAT-Charlie	3477	-	264	132602398	84093
chr6	160819102	161019102	harbor2	chr6	160833749	160834446	DNA/hAT-Charlie	1035	-	348	160834097	14995
chr6	165866052	166066052	harbor2	chr6	165888930	165889206	DNA/hAT-Charlie	1268	-	138	165889068	23016
chr6	165866052	166066052	harbor2	chr6	165919482	165919713	DNA/hAT-Charlie	626	-	116	165919598	53546
chr6	100687550	100887550	harbor2	chr6	100780023	100780284	DNA/hAT-Charlie	520	-	130	100780153	92603
chr6	117141258	117341258	harbor2	chr6	117189248	117189437	DNA/hAT-Charlie	543	-	94	117189342	48084
chr6	117141258	117341258	harbor2	chr6	117235891	117236074	DNA/hAT-Charlie	973	-	92	117235983	94725
chr6	133039814	133239814	harbor2	chr6	133058926	133059068	DNA/hAT-Charlie	782	-	71	133058997	19183
chr6	133039814	133239814	harbor2	chr6	133059507	133059675	DNA/hAT-Charlie	782	-	84	133059591	19777
chr6	40958407	41158407	harbor2	chr6	41036092	41036386	DNA/hAT-Charlie	1267	-	147	41036239	77832
chr6	40958407	41158407	harbor2	chr6	41039579	41039721	DNA/hAT-Charlie	791	-	71	41039650	81243
chr6	154028228	154228228	harbor2	chr6	154045368	154045579	DNA/hAT-Charlie	446	-	106	154045474	17246
chr6	154028228	154228228	harbor2	chr6	154052358	154052660	DNA/hAT-Charlie	1380	-	151	154052509	24281
chr6	154028228	154228228	harbor2	chr6	154088411	154088606	DNA/hAT-Charlie	630	-	98	154088509	60281
chr6	154028228	154228228	harbor2	chr6	154102551	154102703	DNA/hAT-Charlie	600	-	76	154102627	74399
chr6	154669208	154869208	harbor2	chr6	154673399	154673605	DNA/hAT-Charlie	455	-	103	154673502	4294
chr6	154669208	154869208	harbor2	chr6	154723228	154723315	DNA/hAT-Charlie	1596	-	44	154723272	54064
chr6	154669208	154869208	harbor2	chr6	154723650	154724012	DNA/hAT-Charlie	1596	-	181	154723831	54623
chr6	154669208	154869208	harbor2	chr6	154729580	154729769	DNA/hAT-Charlie	869	-	94	154729674	60466
chr6	154669208	154869208	harbor2	chr6	154740215	154740409	DNA/hAT-Charlie	997	-	97	154740312	71104
chr6	32827818	33027818	harbor2	chr6	32893104	32893240	DNA/hAT-Charlie	407	-	68	32893172	65354
chr6	32827818	33027818	harbor2	chr6	32898163	32898653	DNA/hAT-Charlie	5383	-	245	32898408	70590
chr6	32827818	33027818	harbor2	chr6	32898946	32899000	DNA/hAT-Charlie	5383	-	27	32898973	71155
chr6	32827818	33027818	harbor2	chr6	32899320	32900883	DNA/hAT-Charlie	5383	-	782	32900102	72284
chr6	32827818	33027818	harbor2	chr6	32900910	32901003	DNA/hAT-Charlie	5383	-	46	32900956	73138
chr6	32827818	33027818	harbor2	chr6	32901140	32901336	DNA/hAT-Charlie	5383	-	98	32901238	73420
chr6	32827818	33027818	harbor2	chr6	32901337	32901520	DNA/hAT-Charlie	734	-	92	32901429	73611
chr6	32827818	33027818	harbor2	chr6	32905367	32905517	DNA/hAT-Charlie	6557	-	75	32905442	77624
chr6	32827818	33027818	harbor2	chr6	32905809	32907717	DNA/hAT-Charlie	6557	-	954	32906763	78945
chr6	99849662	100049662	harbor2	chr6	99875662	99876013	DNA/hAT-Charlie	2009	-	176	99875838	26176
chr6	99849662	100049662	harbor2	chr6	99883598	99883693	DNA/hAT-Charlie	525	-	48	99883646	33984
chr6	136112426	136312426	harbor2	chr6	136125857	136126251	DNA/hAT-Charlie	999	-	197	136126054	13628
chr6	136112426	136312426	harbor2	chr6	136127049	136127336	DNA/hAT-Charlie	880	-	144	136127193	14767
chr6	136112426	136312426	harbor2	chr6	136184400	136184569	DNA/hAT-Charlie	517	-	84	136184484	72058
chr6	71396240	71596240	harbor2	chr6	71431223	71431384	DNA/hAT-Charlie	610	-	80	71431303	35063
chr6	71396240	71596240	harbor2	chr6	71491681	71491860	DNA/hAT-Charlie	659	-	90	71491771	95531
chr6	71396240	71596240	harbor2	chr6	71495769	71496085	DNA/hAT-Charlie	1232	-	158	71495927	99687
chr6	151647523	151847523	harbor2	chr6	151660846	151661019	DNA/hAT-Charlie	667	-	86	151660932	13409
chr6	151647523	151847523	harbor2	chr6	151678126	151678190	DNA/hAT-Charlie	440	-	32	151678158	30635
chr6	151647523	151847523	harbor2	chr6	151678489	151678594	DNA/hAT-Charlie	440	-	52	151678541	31018
chr6	151647523	151847523	harbor2	chr6	151682699	151682840	DNA/hAT-Charlie	411	-	70	151682769	35246
chr6	151647523	151847523	harbor2	chr6	151720447	151720631	DNA/hAT-Charlie	659	-	92	151720539	73016
chr6	121739027	121939027	harbor2	chr6	121792798	121793041	DNA/hAT-Charlie	1069	-	122	121792920	53893
chr6	121739027	121939027	harbor2	chr6	121824147	121824471	DNA/hAT-Charlie	730	-	162	121824309	85282
chr6	101347768	101547768	harbor2	chr6	101442647	101442839	DNA/hAT-Charlie	796	-	96	101442743	94975
chr6	23470817	23670817	harbor2	chr6	23495346	23495553	DNA/hAT-Charlie	832	-	104	23495450	24633
chr6	136670815	136870815	harbor2	chr6	136744727	136744893	DNA/hAT-Charlie	711	-	83	136744810	73995
chr6	136670815	136870815	harbor2	chr6	136747662	136747820	DNA/hAT-Charlie	544	-	79	136747741	76926
chr6	152706295	152906295	harbor2	chr6	152747474	152747671	DNA/hAT-Charlie	1122	-	98	152747572	41277
chr6	152706295	152906295	harbor2	chr6	152747925	152748025	DNA/hAT-Charlie	1122	-	50	152747975	41680
chr6	152706295	152906295	harbor2	chr6	152757976	152758163	DNA/hAT-Charlie	752	-	94	152758070	51775
chr6	161316516	161516516	harbor2	chr6	161399814	161400100	DNA/hAT-Charlie	1218	-	143	161399957	83441
chr6	54323020	54523020	harbor2	chr6	54373633	54373764	DNA/hAT-Charlie	469	-	66	54373699	50679
chr6	82833365	83033365	harbor2	chr6	82858325	82858438	DNA/hAT-Charlie	444	-	56	82858381	25016
chr6	82833365	83033365	harbor2	chr6	82873823	82873933	DNA/hAT-Charlie	655	-	55	82873878	40513
chr6	82833365	83033365	harbor2	chr6	82875730	82875934	DNA/hAT-Charlie	791	-	102	82875832	42467
chr6	82833365	83033365	harbor2	chr6	82886193	82886523	DNA/hAT-Charlie	2136	-	165	82886358	52993
chr6	141947491	142147491	harbor2	chr6	141989527	141989730	DNA/hAT-Charlie	554	-	102	141989629	42138
chr6	141947491	142147491	harbor2	chr6	141997106	141997321	DNA/hAT-Charlie	1563	-	108	141997214	49723
chr6	141947491	142147491	harbor2	chr6	142043056	142043237	DNA/hAT-Charlie	766	-	90	142043146	95655
chr6	152370457	152570457	harbor2	chr6	152375973	152376317	DNA/hAT-Charlie	2287	-	172	152376145	5688
chr6	152370457	152570457	harbor2	chr6	152431263	152431375	DNA/hAT-Charlie	583	-	56	152431319	60862
chr6	163623889	163823889	harbor2	chr6	163646267	163646354	DNA/hAT-Charlie	406	-	44	163646311	22422
chr6	163623889	163823889	harbor2	chr6	163719715	163719965	DNA/hAT-Charlie	671	-	125	163719840	95951
chr6	139086959	139286959	harbor2	chr6	139126505	139126690	DNA/hAT-Charlie	939	-	92	139126597	39638
chr6	139086959	139286959	harbor2	chr6	139153210	139153424	DNA/hAT-Charlie	748	-	107	139153317	66358
chr6	139086959	139286959	harbor2	chr6	139153719	139153881	DNA/hAT-Charlie	748	-	81	139153800	66841
chr6	149453618	149653618	harbor2	chr6	149470723	149470931	DNA/hAT-Charlie	692	-	104	149470827	17209
chr6	78471644	78671644	harbor2	chr6	78532320	78532514	DNA/hAT-Charlie	939	-	97	78532417	60773
chr6	113261684	113461684	harbor2	chr6	113262997	113263193	DNA/hAT-Charlie	1065	-	98	113263095	1411
chr6	113261684	113461684	harbor2	chr6	113280259	113280601	DNA/hAT-Charlie	1996	-	171	113280430	18746
chr6	113261684	113461684	harbor2	chr6	113306408	113306598	DNA/hAT-Charlie	899	-	95	113306503	44819
chr6	113261684	113461684	harbor2	chr6	113337141	113337339	DNA/hAT-Charlie	1295	-	99	113337240	75556
chr6	113261684	113461684	harbor2	chr6	113337499	113337673	DNA/hAT-Charlie	864	-	87	113337586	75902
chr6	113261684	113461684	harbor2	chr6	113343434	113343621	DNA/hAT-Charlie	1115	-	94	113343528	81844
chr6	162923589	163123589	harbor2	chr6	162937166	162937308	DNA/hAT-Charlie	489	-	71	162937237	13648
chr6	131091366	131291366	harbor2	chr6	131110470	131110598	DNA/hAT-Charlie	609	-	64	131110534	19168
chr6	131091366	131291366	harbor2	chr6	131140132	131140307	DNA/hAT-Charlie	454	-	88	131140220	48854
chr6	131091366	131291366	harbor2	chr6	131154221	131154288	DNA/hAT-Charlie	439	-	34	131154255	62889
chr6	131091366	131291366	harbor2	chr6	131159048	131159082	DNA/hAT-Charlie	567	-	17	131159065	67699
chr6	131091366	131291366	harbor2	chr6	131159393	131159580	DNA/hAT-Charlie	567	-	94	131159487	68121
chr6	131091366	131291366	harbor2	chr6	131153767	131153927	DNA/hAT-Charlie	439	-	80	131153847	62481
chr6	140810647	141010647	harbor2	chr6	140827747	140828136	DNA/hAT-Charlie	625	-	194	140827941	17294
chr6	140810647	141010647	harbor2	chr6	140839288	140840446	DNA/hAT-Charlie	10116	-	579	140839867	29220
chr6	140810647	141010647	harbor2	chr6	140840755	140841286	DNA/hAT-Charlie	10116	-	266	140841021	30374
chr6	140810647	141010647	harbor2	chr6	140841318	140842486	DNA/hAT-Charlie	10116	-	584	140841902	31255
chr6	140810647	141010647	harbor2	chr6	140849220	140849371	DNA/hAT-Charlie	472	-	76	140849296	38649
chr6	146555565	146755565	harbor2	chr6	146628064	146628484	DNA/hAT-Charlie	1031	-	210	146628274	72709
chr6	73313950	73513950	harbor2	chr6	73340946	73341068	DNA/hAT-Charlie	872	-	61	73341007	27057
chr6	73313950	73513950	harbor2	chr6	73341371	73341430	DNA/hAT-Charlie	872	-	30	73341401	27451
chr6	73313950	73513950	harbor2	chr6	73378885	73379040	DNA/hAT-Charlie	1291	-	78	73378963	65013
chr6	73313950	73513950	harbor2	chr6	73379324	73379362	DNA/hAT-Charlie	1291	-	19	73379343	65393
chr6	73313950	73513950	harbor2	chr6	73379662	73380243	DNA/hAT-Charlie	1291	-	290	73379952	66002
chr6	154264818	154464818	harbor2	chr6	154361344	154361667	DNA/hAT-Charlie	1584	-	162	154361506	96688
chr6	154264818	154464818	harbor2	chr6	154362833	154362984	DNA/hAT-Charlie	655	-	76	154362909	98091
chr6	135040120	135240120	harbor2	chr6	135047463	135047617	DNA/hAT-Charlie	420	-	77	135047540	7420
chr6	128975435	129175435	harbor2	chr6	128979074	128979242	DNA/hAT-Charlie	758	-	84	128979158	3723
chr6	128975435	129175435	harbor2	chr6	129039607	129039943	DNA/hAT-Charlie	2282	-	168	129039775	64340
chr6	154031366	154231366	harbor2	chr6	154045368	154045579	DNA/hAT-Charlie	446	-	106	154045474	14108
chr6	154031366	154231366	harbor2	chr6	154052358	154052660	DNA/hAT-Charlie	1380	-	151	154052509	21143
chr6	154031366	154231366	harbor2	chr6	154088411	154088606	DNA/hAT-Charlie	630	-	98	154088509	57143
chr6	154031366	154231366	harbor2	chr6	154102551	154102703	DNA/hAT-Charlie	600	-	76	154102627	71261
chr6	154031366	154231366	harbor2	chr6	154128988	154129011	DNA/hAT-Charlie	422	-	12	154129000	97634
chr6	154031366	154231366	harbor2	chr6	154129499	154129695	DNA/hAT-Charlie	422	-	98	154129597	98231
chr6	99309516	99509516	harbor2	chr6	99320936	99321081	DNA/hAT-Charlie	593	-	72	99321008	11492
chr6	99309516	99509516	harbor2	chr6	99353089	99353280	DNA/hAT-Charlie	1155	-	96	99353185	43669
chr6	99309516	99509516	harbor2	chr6	99353666	99353800	DNA/hAT-Charlie	722	-	67	99353733	44217
chr6	99309516	99509516	harbor2	chr6	99378541	99378711	DNA/hAT-Charlie	597	-	85	99378626	69110
chr6	99309516	99509516	harbor2	chr6	99401729	99401995	DNA/hAT-Charlie	977	-	133	99401862	92346
chr6	138174642	138374642	harbor2	chr6	138184042	138184239	DNA/hAT-Charlie	742	-	98	138184140	9498
chr6	138174642	138374642	harbor2	chr6	138222156	138222377	DNA/hAT-Charlie	1579	-	110	138222266	47624
chr6	109200460	109400460	harbor2	chr6	109228478	109228788	DNA/hAT-Charlie	1361	-	155	109228633	28173
chr6	109200460	109400460	harbor2	chr6	109235054	109235285	DNA/hAT-Charlie	594	-	116	109235170	34710
chr6	109200460	109400460	harbor2	chr6	109235906	109236117	DNA/hAT-Charlie	1297	-	106	109236012	35552
chr6	109200460	109400460	harbor2	chr6	109265886	109266100	DNA/hAT-Charlie	944	-	107	109265993	65533
chr6	109200460	109400460	harbor2	chr6	109273593	109273836	DNA/hAT-Charlie	1455	-	122	109273715	73255
chr6	151078002	151278002	harbor2	chr6	151090391	151090524	DNA/hAT-Charlie	565	-	66	151090457	12455
chr6	163383938	163583938	harbor2	chr6	163384234	163384430	DNA/hAT-Charlie	703	-	98	163384332	394
chr6	163383938	163583938	harbor2	chr6	163430817	163431004	DNA/hAT-Charlie	557	-	94	163430911	46973
chr6	163383938	163583938	harbor2	chr6	163433861	163434003	DNA/hAT-Charlie	469	-	71	163433932	49994
chr6	160511069	160711069	harbor2	chr6	160547003	160547484	DNA/hAT-Charlie	3205	-	240	160547243	36174
chr6	160511069	160711069	harbor2	chr6	160596546	160596771	DNA/hAT-Charlie	716	-	112	160596658	85589
chr6	154991087	155191087	harbor2	chr6	155009402	155009499	DNA/hAT-Charlie	659	-	48	155009450	18363
chr6	154991087	155191087	harbor2	chr6	155008996	155009091	DNA/hAT-Charlie	659	-	48	155009044	17957
chr6	133797457	133997457	harbor2	chr6	133826805	133826987	DNA/hAT-Charlie	1071	-	91	133826896	29439
chr6	158748514	158948514	harbor2	chr6	158753754	158753911	DNA/hAT-Charlie	582	-	78	158753832	5318
chr6	158748514	158948514	harbor2	chr6	158809750	158809942	DNA/hAT-Charlie	624	-	96	158809846	61332
chr6	158748514	158948514	harbor2	chr6	158830063	158830180	DNA/hAT-Charlie	537	-	58	158830121	81607
chr6	158748514	158948514	harbor2	chr6	158830476	158830562	DNA/hAT-Charlie	537	-	43	158830519	82005
chr6	40351030	40551030	harbor2	chr6	40398095	40398300	DNA/hAT-Charlie	768	-	102	40398197	47167
chr6	40351030	40551030	harbor2	chr6	40404416	40404623	DNA/hAT-Charlie	954	-	104	40404520	53490
chr6	40351030	40551030	harbor2	chr6	40430381	40430511	DNA/hAT-Charlie	515	-	65	40430446	79416
chr6	40351030	40551030	harbor2	chr6	40435969	40436262	DNA/hAT-Charlie	1245	-	146	40436115	85085
chr6	54952777	55152777	harbor2	chr6	54954699	54954877	DNA/hAT-Charlie	964	-	89	54954788	2011
chr6	54952777	55152777	harbor2	chr6	54958973	54959267	DNA/hAT-Charlie	1583	-	147	54959120	6343
chr6	54952777	55152777	harbor2	chr6	54959569	54959609	DNA/hAT-Charlie	1583	-	20	54959589	6812
chr6	54952777	55152777	harbor2	chr6	55047204	55047343	DNA/hAT-Charlie	485	-	70	55047274	94497
chr6	158289474	158489474	harbor2	chr6	158306616	158306735	DNA/hAT-Charlie	3903	-	60	158306676	17202
chr6	158289474	158489474	harbor2	chr6	158307038	158307478	DNA/hAT-Charlie	3903	-	220	158307258	17784
chr6	158289474	158489474	harbor2	chr6	158307746	158308000	DNA/hAT-Charlie	3903	-	127	158307873	18399
chr6	158289474	158489474	harbor2	chr6	158309943	158310092	DNA/hAT-Charlie	3903	-	74	158310017	20543
chr6	158289474	158489474	harbor2	chr6	158310733	158311126	DNA/hAT-Charlie	1741	-	196	158310929	21455
chr6	158289474	158489474	harbor2	chr6	158329961	158330242	DNA/hAT-Charlie	1427	-	140	158330101	40627
chr6	120058674	120258674	harbor2	chr6	120063083	120063365	DNA/hAT-Charlie	625	-	141	120063224	4550
chr6	120058674	120258674	harbor2	chr6	120068203	120068458	DNA/hAT-Charlie	670	-	128	120068331	9657
chr6	120058674	120258674	harbor2	chr6	120074585	120075057	DNA/hAT-Charlie	599	-	236	120074821	16147
chr6	120058674	120258674	harbor2	chr6	120122900	120123107	DNA/hAT-Charlie	773	-	104	120123004	64330
chr6	120058674	120258674	harbor2	chr6	120134017	120134495	DNA/hAT-Charlie	3223	-	239	120134256	75582
chr6	159816175	160016175	harbor2	chr6	159891866	159892065	DNA/hAT-Charlie	1198	-	100	159891966	75791
chr6	104888556	105088556	harbor2	chr6	104889835	104890038	DNA/hAT-Charlie	752	-	102	104889937	1381
chr6	104888556	105088556	harbor2	chr6	104930555	104930687	DNA/hAT-Charlie	412	-	66	104930621	42065
chr6	157056258	157256258	harbor2	chr6	157082295	157082386	DNA/hAT-Charlie	430	-	46	157082341	26083
chr6	157056258	157256258	harbor2	chr6	157095127	157095215	DNA/hAT-Charlie	411	-	44	157095171	38913
chr6	157056258	157256258	harbor2	chr6	157111836	157112019	DNA/hAT-Charlie	852	-	92	157111928	55670
chr6	81507147	81707147	harbor2	chr6	81564980	81565146	DNA/hAT-Charlie	423	-	83	81565063	57916
chr6	53214744	53414744	harbor2	chr6	53243557	53243740	DNA/hAT-Charlie	896	-	92	53243649	28905
chr6	53214744	53414744	harbor2	chr6	53246677	53246894	DNA/hAT-Charlie	939	-	108	53246785	32041
chr6	53214744	53414744	harbor2	chr6	53276626	53276804	DNA/hAT-Charlie	795	-	89	53276715	61971
chr6	112807492	113007492	harbor2	chr6	112850314	112850536	DNA/hAT-Charlie	965	-	111	112850425	42933
chr6	112807492	113007492	harbor2	chr6	112886367	112886468	DNA/hAT-Charlie	439	-	50	112886417	78925
chr6	138118626	138318626	harbor2	chr6	138184042	138184239	DNA/hAT-Charlie	742	-	98	138184140	65514
chr6	164323621	164523621	harbor2	chr6	164345132	164345322	DNA/hAT-Charlie	499	-	95	164345227	21606
chr6	164323621	164523621	harbor2	chr6	164374125	164374994	DNA/hAT-Charlie	3775	-	434	164374559	50938
chr6	164323621	164523621	harbor2	chr6	164384699	164385024	DNA/hAT-Charlie	486	-	162	164384861	61240
chr6	167436237	167636237	harbor2	chr6	167466129	167466512	DNA/hAT-Charlie	1297	-	192	167466321	30084
chr6	167436237	167636237	harbor2	chr6	167471981	167472476	DNA/hAT-Charlie	3331	-	248	167472229	35992
chr6	167436237	167636237	harbor2	chr6	167496429	167496592	DNA/hAT-Charlie	442	-	82	167496511	60274
chr6	167436237	167636237	harbor2	chr6	167497557	167497811	DNA/hAT-Charlie	911	-	127	167497684	61447
chr6	167436237	167636237	harbor2	chr6	167498184	167498332	DNA/hAT-Charlie	911	-	74	167498258	62021
chr6	142190375	142390375	harbor2	chr6	142190721	142190929	DNA/hAT-Charlie	902	-	104	142190825	450
chr6	142190375	142390375	harbor2	chr6	142253302	142253463	DNA/hAT-Charlie	1518	-	80	142253382	63007
chr6	142190375	142390375	harbor2	chr6	142253758	142253842	DNA/hAT-Charlie	1518	-	42	142253800	63425
chr6	142190375	142390375	harbor2	chr6	142268557	142269008	DNA/hAT-Charlie	1002	-	226	142268783	78408
chr6	142190375	142390375	harbor2	chr6	142269087	142269452	DNA/hAT-Charlie	694	-	182	142269269	78894
chr6	160064466	160264466	harbor2	chr6	160086625	160086796	DNA/hAT-Charlie	495	-	86	160086711	22245
chr6	160064466	160264466	harbor2	chr6	160152558	160152643	DNA/hAT-Charlie	599	-	42	160152600	88134
chr6	160064466	160264466	harbor2	chr6	160153016	160153101	DNA/hAT-Charlie	599	-	42	160153058	88592
chr6	160064466	160264466	harbor2	chr6	160158056	160158361	DNA/hAT-Charlie	1313	-	152	160158208	93742
chr6	75257980	75457980	harbor2	chr6	75280306	75280650	DNA/hAT-Charlie	1536	-	172	75280478	22498
chr6	75257980	75457980	harbor2	chr6	75330761	75331325	DNA/hAT-Charlie	1174	-	282	75331043	73063
chr6	75257980	75457980	harbor2	chr6	75355890	75356091	DNA/hAT-Charlie	829	-	100	75355990	98010
chr6	46453536	46653536	harbor2	chr6	46463771	46464003	DNA/hAT-Charlie	621	-	116	46463887	10351
chr6	46453536	46653536	harbor2	chr6	46479237	46479583	DNA/hAT-Charlie	596	-	173	46479410	25874
chr6	46453536	46653536	harbor2	chr6	46479881	46479958	DNA/hAT-Charlie	596	-	38	46479919	26383
chr6	123604277	123804277	harbor2	chr6	123606752	123606931	DNA/hAT-Charlie	566	-	90	123606842	2565
chr6	123604277	123804277	harbor2	chr6	123620206	123620397	DNA/hAT-Charlie	703	-	96	123620302	16025
chr6	163561697	163761697	harbor2	chr6	163613240	163613425	DNA/hAT-Charlie	954	-	92	163613332	51635
chr6	163561697	163761697	harbor2	chr6	163646267	163646354	DNA/hAT-Charlie	406	-	44	163646311	84614
chr6	161055761	161255761	harbor2	chr6	161090745	161090969	DNA/hAT-Charlie	695	-	112	161090857	35096
chr6	161055761	161255761	harbor2	chr6	161128008	161128222	DNA/hAT-Charlie	791	-	107	161128115	72354
chr6	161055761	161255761	harbor2	chr6	161134341	161134488	DNA/hAT-Charlie	594	-	74	161134415	78654
chr6	105165346	105365346	harbor2	chr6	105166314	105166426	DNA/hAT-Charlie	425	-	56	105166370	1024
chr6	105165346	105365346	harbor2	chr6	105169357	105169714	DNA/hAT-Charlie	752	-	178	105169535	4189
chr6	105165346	105365346	harbor2	chr6	105169897	105170558	DNA/hAT-Charlie	1342	-	330	105170227	4881
chr6	105165346	105365346	harbor2	chr6	105226294	105226437	DNA/hAT-Charlie	623	-	72	105226366	61020
chr6	144464360	144664360	harbor2	chr6	144546316	144546519	DNA/hAT-Charlie	1594	-	102	144546418	82058
chr6	144464360	144664360	harbor2	chr6	144546846	144547048	DNA/hAT-Charlie	1594	-	101	144546947	82587
chr6	144464360	144664360	harbor2	chr6	144559648	144559776	DNA/hAT-Charlie	581	-	64	144559712	95352
chr6	160396511	160596511	harbor2	chr6	160397072	160397422	DNA/hAT-Charlie	1948	-	175	160397247	736
chr6	160396511	160596511	harbor2	chr6	160429582	160429709	DNA/hAT-Charlie	406	-	64	160429646	33135
chr6	160396511	160596511	harbor2	chr6	160465766	160466266	DNA/hAT-Charlie	3387	-	250	160466016	69505
chr6	160396511	160596511	harbor2	chr6	160466293	160466309	DNA/hAT-Charlie	3387	-	8	160466301	69790
chr6	160396511	160596511	harbor2	chr6	160473082	160473307	DNA/hAT-Charlie	636	-	112	160473194	76683
chr6	158267681	158467681	harbor2	chr6	158306616	158306735	DNA/hAT-Charlie	3903	-	60	158306676	38995
chr6	158267681	158467681	harbor2	chr6	158307038	158307478	DNA/hAT-Charlie	3903	-	220	158307258	39577
chr6	158267681	158467681	harbor2	chr6	158307746	158308000	DNA/hAT-Charlie	3903	-	127	158307873	40192
chr6	158267681	158467681	harbor2	chr6	158309943	158310092	DNA/hAT-Charlie	3903	-	74	158310017	42336
chr6	158267681	158467681	harbor2	chr6	158310733	158311126	DNA/hAT-Charlie	1741	-	196	158310929	43248
chr6	158267681	158467681	harbor2	chr6	158329961	158330242	DNA/hAT-Charlie	1427	-	140	158330101	62420
chr6	109809641	110009641	harbor2	chr6	109832957	109833384	DNA/hAT-Charlie	6463	-	214	109833171	23530
chr6	109809641	110009641	harbor2	chr6	109833682	109833759	DNA/hAT-Charlie	6463	-	38	109833720	24079
chr6	109809641	110009641	harbor2	chr6	109834034	109834958	DNA/hAT-Charlie	6463	-	462	109834496	24855
chr6	123724269	123924269	harbor2	chr6	123751472	123751590	DNA/hAT-Charlie	499	-	59	123751531	27262
chr6	123724269	123924269	harbor2	chr6	123810883	123811060	DNA/hAT-Charlie	855	-	88	123810971	86702
chr6	123724269	123924269	harbor2	chr6	123817212	123817413	DNA/hAT-Charlie	747	-	100	123817312	93043
chr6	71937132	72137132	harbor2	chr6	72030124	72030284	DNA/hAT-Charlie	771	-	80	72030204	93072
chr6	75266533	75466533	harbor2	chr6	75280306	75280650	DNA/hAT-Charlie	1536	-	172	75280478	13945
chr6	75266533	75466533	harbor2	chr6	75330761	75331325	DNA/hAT-Charlie	1174	-	282	75331043	64510
chr6	75266533	75466533	harbor2	chr6	75355890	75356091	DNA/hAT-Charlie	829	-	100	75355990	89457
chr6	168029120	168229120	harbor2	chr6	168046766	168046925	DNA/hAT-Charlie	500	-	80	168046846	17726
chr6	168029120	168229120	harbor2	chr6	168047645	168048130	DNA/hAT-Charlie	1164	-	242	168047887	18767
chr6	168029120	168229120	harbor2	chr6	168123740	168123927	DNA/hAT-Charlie	668	-	94	168123834	94714
chr6	168029120	168229120	harbor2	chr6	168123933	168124033	DNA/hAT-Charlie	405	-	50	168123983	94863
chr6	98349827	98549827	harbor2	chr6	98385671	98385874	DNA/hAT-Charlie	827	-	102	98385773	35946
chr6	50335995	50535995	harbor2	chr6	50366183	50366344	DNA/hAT-Charlie	682	-	80	50366263	30268
chr6	50335995	50535995	harbor2	chr6	50388041	50388240	DNA/hAT-Charlie	795	-	100	50388141	52146
chr6	156748774	156948774	harbor2	chr6	156800244	156800307	DNA/hAT-Charlie	627	-	32	156800276	51502
chr6	156748774	156948774	harbor2	chr6	156800907	156801058	DNA/hAT-Charlie	627	-	76	156800983	52209
chr6	156748774	156948774	harbor2	chr6	156806762	156807092	DNA/hAT-Charlie	1435	-	165	156806927	58153
chr7	143347054	143547054	harbor2	chr7	143357504	143357825	DNA/hAT-Charlie	1639	-	160	143357664	10610
chr7	143347054	143547054	harbor2	chr7	143407053	143407204	DNA/hAT-Charlie	447	-	76	143407129	60075
chr7	143347054	143547054	harbor2	chr7	143425708	143426298	DNA/hAT-Charlie	1656	-	295	143426003	78949
chr7	34074399	34274399	harbor2	chr7	34097559	34097693	DNA/hAT-Charlie	634	-	67	34097626	23227
chr7	34074399	34274399	harbor2	chr7	34102379	34102527	DNA/hAT-Charlie	574	-	74	34102453	28054
chr7	34074399	34274399	harbor2	chr7	34122210	34122323	DNA/hAT-Charlie	511	-	56	34122266	47867
chr7	34074399	34274399	harbor2	chr7	34122340	34122460	DNA/hAT-Charlie	563	-	60	34122400	48001
chr7	34074399	34274399	harbor2	chr7	34142820	34143009	DNA/hAT-Charlie	871	-	94	34142914	68515
chr7	34074399	34274399	harbor2	chr7	34145021	34145176	DNA/hAT-Charlie	452	-	78	34145099	70700
chr7	84310437	84510437	harbor2	chr7	84335752	84336041	DNA/hAT-Charlie	861	-	144	84335896	25459
chr7	138641220	138841220	harbor2	chr7	138710735	138710905	DNA/hAT-Charlie	643	-	85	138710820	69600
chr7	80303039	80503039	harbor2	chr7	80312684	80313025	DNA/hAT-Charlie	989	-	170	80312854	9815
chr7	80303039	80503039	harbor2	chr7	80313480	80313738	DNA/hAT-Charlie	834	-	129	80313609	10570
chr7	80303039	80503039	harbor2	chr7	80339925	80340068	DNA/hAT-Charlie	494	-	72	80339997	36958
chr7	80303039	80503039	harbor2	chr7	80354508	80354685	DNA/hAT-Charlie	813	-	88	80354596	51557
chr7	80303039	80503039	harbor2	chr7	80372439	80372565	DNA/hAT-Charlie	471	-	63	80372502	69463
chr7	80303039	80503039	harbor2	chr7	80392754	80393093	DNA/hAT-Charlie	2135	-	170	80392924	89885
chr7	141088105	141288105	harbor2	chr7	141115792	141116221	DNA/hAT-Charlie	1703	-	214	141116006	27901
chr7	130462702	130662702	harbor2	chr7	130474642	130474796	DNA/hAT-Charlie	728	-	77	130474719	12017
chr7	130462702	130662702	harbor2	chr7	130498592	130498932	DNA/hAT-Charlie	904	-	170	130498762	36060
chr7	130462702	130662702	harbor2	chr7	130499122	130499175	DNA/hAT-Charlie	904	-	26	130499148	36446
chr7	154865854	155065854	harbor2	chr7	154930856	154931060	DNA/hAT-Charlie	822	-	102	154930958	65104
chr7	154865854	155065854	harbor2	chr7	154964017	154964211	DNA/hAT-Charlie	524	-	97	154964114	98260
chr7	159018406	159218406	harbor2	chr7	159066981	159067178	DNA/hAT-Charlie	738	-	98	159067079	48673
chr7	159018406	159218406	harbor2	chr7	159115045	159115234	DNA/hAT-Charlie	594	-	94	159115139	96733
chr7	134833240	135033240	harbor2	chr7	134897303	134897375	DNA/hAT-Charlie	623	-	36	134897339	64099
chr7	134833240	135033240	harbor2	chr7	134897406	134897563	DNA/hAT-Charlie	623	-	78	134897484	64244
chr7	134833240	135033240	harbor2	chr7	134908532	134908707	DNA/hAT-Charlie	776	-	88	134908620	75380
chr7	134833240	135033240	harbor2	chr7	134913669	134913878	DNA/hAT-Charlie	955	-	104	134913773	80533
chr7	137471679	137671679	harbor2	chr7	137481062	137481245	DNA/hAT-Charlie	746	-	92	137481154	9475
chr7	153923444	154123444	harbor2	chr7	153961494	153961923	DNA/hAT-Charlie	3170	-	214	153961708	38264
chr7	154231077	154431077	harbor2	chr7	154297205	154297425	DNA/hAT-Charlie	895	-	110	154297315	66238
chr7	154231077	154431077	harbor2	chr7	154320034	154320286	DNA/hAT-Charlie	939	-	126	154320160	89083
chr7	125789340	125989340	harbor2	chr7	125855665	125856139	DNA/hAT-Charlie	1089	-	237	125855902	66562
chr7	125789340	125989340	harbor2	chr7	125869334	125869489	DNA/hAT-Charlie	502	-	78	125869412	80072
chr7	68075046	68275046	harbor2	chr7	68099689	68099805	DNA/hAT-Charlie	557	-	58	68099747	24701
chr7	68075046	68275046	harbor2	chr7	68100117	68100197	DNA/hAT-Charlie	557	-	40	68100157	25111
chr7	68075046	68275046	harbor2	chr7	68111471	68112008	DNA/hAT-Charlie	3420	-	268	68111739	36693
chr7	130145931	130345931	harbor2	chr7	130169308	130169623	DNA/hAT-Charlie	1061	-	158	130169466	23535
chr7	130145931	130345931	harbor2	chr7	130241826	130242087	DNA/hAT-Charlie	1481	-	130	130241956	96025
chr7	130145931	130345931	harbor2	chr7	130242093	130242293	DNA/hAT-Charlie	799	-	100	130242193	96262
chr7	153623871	153823871	harbor2	chr7	153658878	153658988	DNA/hAT-Charlie	541	-	55	153658933	35062
chr7	153623871	153823871	harbor2	chr7	153666459	153666701	DNA/hAT-Charlie	480	-	121	153666580	42709
chr7	153623871	153823871	harbor2	chr7	153676914	153677088	DNA/hAT-Charlie	916	-	87	153677001	53130
chr7	153623871	153823871	harbor2	chr7	153705313	153705500	DNA/hAT-Charlie	766	-	94	153705407	81536
chr7	153623871	153823871	harbor2	chr7	153709197	153709471	DNA/hAT-Charlie	798	-	137	153709334	85463
chr7	135379173	135579173	harbor2	chr7	135413154	135413365	DNA/hAT-Charlie	624	-	106	135413260	34087
chr7	135379173	135579173	harbor2	chr7	135417204	135417324	DNA/hAT-Charlie	568	-	60	135417264	38091
chr7	135379173	135579173	harbor2	chr7	135456045	135456339	DNA/hAT-Charlie	808	-	147	135456192	77019
chr7	135379173	135579173	harbor2	chr7	135460884	135461084	DNA/hAT-Charlie	739	-	100	135460984	81811
chr7	150351971	150551971	harbor2	chr7	150391152	150391225	DNA/hAT-Charlie	607	-	36	150391188	39217
chr7	150351971	150551971	harbor2	chr7	150391531	150391674	DNA/hAT-Charlie	607	-	72	150391603	39632
chr7	150351971	150551971	harbor2	chr7	150410648	150410818	DNA/hAT-Charlie	569	-	85	150410733	58762
chr7	145473053	145673053	harbor2	chr7	145566563	145566785	DNA/hAT-Charlie	1043	-	111	145566674	93621
chr7	123244286	123444286	harbor2	chr7	123260952	123261117	DNA/hAT-Charlie	678	-	82	123261034	16748
chr7	36761576	36961576	harbor2	chr7	36787804	36788025	DNA/hAT-Charlie	819	-	110	36787914	26338
chr7	36761576	36961576	harbor2	chr7	36824006	36824338	DNA/hAT-Charlie	2028	-	166	36824172	62596
chr7	108085840	108285840	harbor2	chr7	108109876	108110040	DNA/hAT-Charlie	1088	-	82	108109958	24118
chr7	108085840	108285840	harbor2	chr7	108110329	108110444	DNA/hAT-Charlie	1088	-	58	108110387	24547
chr7	108085840	108285840	harbor2	chr7	108116411	108116646	DNA/hAT-Charlie	461	-	118	108116529	30689
chr7	108085840	108285840	harbor2	chr7	108179084	108179223	DNA/hAT-Charlie	570	-	70	108179154	93314
chr7	154433924	154633924	harbor2	chr7	154459024	154459376	DNA/hAT-Charlie	586	-	176	154459200	25276
chr7	154433924	154633924	harbor2	chr7	154498703	154498903	DNA/hAT-Charlie	987	-	100	154498803	64879
chr7	81767718	81967718	harbor2	chr7	81775576	81775758	DNA/hAT-Charlie	516	-	91	81775667	7949
chr7	81767718	81967718	harbor2	chr7	81847283	81847456	DNA/hAT-Charlie	671	-	86	81847369	79651
chr7	81767718	81967718	harbor2	chr7	81850499	81850714	DNA/hAT-Charlie	1029	-	108	81850607	82889
chr7	154111796	154311796	harbor2	chr7	154153652	154153850	DNA/hAT-Charlie	869	-	99	154153751	41955
chr7	155564555	155764555	harbor2	chr7	155614570	155614859	DNA/hAT-Charlie	1983	-	144	155614714	50159
chr7	155564555	155764555	harbor2	chr7	155647099	155647319	DNA/hAT-Charlie	647	-	110	155647209	82654
chr7	155564555	155764555	harbor2	chr7	155652207	155652455	DNA/hAT-Charlie	1085	-	124	155652331	87776
chr7	143199672	143399672	harbor2	chr7	143215625	143217199	DNA/hAT-Charlie	2903	-	787	143216412	16740
chr7	143199672	143399672	harbor2	chr7	143220793	143220977	DNA/hAT-Charlie	513	-	92	143220885	21213
chr7	143199672	143399672	harbor2	chr7	143227521	143227780	DNA/hAT-Charlie	1403	-	130	143227651	27979
chr7	143199672	143399672	harbor2	chr7	143266543	143266636	DNA/hAT-Charlie	457	-	46	143266589	66917
chr7	143199672	143399672	harbor2	chr7	143266958	143267040	DNA/hAT-Charlie	457	-	41	143266999	67327
chr7	143199672	143399672	harbor2	chr7	143298052	143298194	DNA/hAT-Charlie	510	-	71	143298123	98451
chr7	153604371	153804371	harbor2	chr7	153658878	153658988	DNA/hAT-Charlie	541	-	55	153658933	54562
chr7	153604371	153804371	harbor2	chr7	153666459	153666701	DNA/hAT-Charlie	480	-	121	153666580	62209
chr7	153604371	153804371	harbor2	chr7	153676914	153677088	DNA/hAT-Charlie	916	-	87	153677001	72630
chr7	138885366	139085366	harbor2	chr7	138899590	138899764	DNA/hAT-Charlie	631	-	87	138899677	14311
chr7	138885366	139085366	harbor2	chr7	138911625	138911888	DNA/hAT-Charlie	1126	-	132	138911757	26391
chr7	138885366	139085366	harbor2	chr7	138949017	138949498	DNA/hAT-Charlie	1034	-	240	138949257	63891
chr7	138885366	139085366	harbor2	chr7	138952133	138952237	DNA/hAT-Charlie	450	-	52	138952185	66819
chr7	138885366	139085366	harbor2	chr7	138970558	138970713	DNA/hAT-Charlie	795	-	78	138970636	85270
chr7	138885366	139085366	harbor2	chr7	138974989	138975111	DNA/hAT-Charlie	724	-	61	138975050	89684
chr7	134825766	135025766	harbor2	chr7	134897303	134897375	DNA/hAT-Charlie	623	-	36	134897339	71573
chr7	134825766	135025766	harbor2	chr7	134897406	134897563	DNA/hAT-Charlie	623	-	78	134897484	71718
chr7	134825766	135025766	harbor2	chr7	134908532	134908707	DNA/hAT-Charlie	776	-	88	134908620	82854
chr7	134825766	135025766	harbor2	chr7	134913669	134913878	DNA/hAT-Charlie	955	-	104	134913773	88007
chr7	138354244	138554244	harbor2	chr7	138413820	138414007	DNA/hAT-Charlie	1262	-	94	138413914	59670
chr7	151590692	151790692	harbor2	chr7	151599526	151599833	DNA/hAT-Charlie	1851	-	154	151599680	8988
chr7	151590692	151790692	harbor2	chr7	151622947	151623084	DNA/hAT-Charlie	1967	-	68	151623015	32323
chr7	151590692	151790692	harbor2	chr7	151623392	151623590	DNA/hAT-Charlie	1967	-	99	151623491	32799
chr7	151590692	151790692	harbor2	chr7	151626756	151626989	DNA/hAT-Charlie	773	-	116	151626872	36180
chr7	151590692	151790692	harbor2	chr7	151648242	151648428	DNA/hAT-Charlie	504	-	93	151648335	57643
chr7	151590692	151790692	harbor2	chr7	151663887	151664101	DNA/hAT-Charlie	957	-	107	151663994	73302
chr7	39285867	39485867	harbor2	chr7	39302883	39303064	DNA/hAT-Charlie	1042	-	90	39302973	17106
chr7	39285867	39485867	harbor2	chr7	39351597	39351742	DNA/hAT-Charlie	485	-	72	39351669	65802
chr7	39285867	39485867	harbor2	chr7	39371812	39371914	DNA/hAT-Charlie	962	-	51	39371863	85996
chr7	39285867	39485867	harbor2	chr7	39372221	39372365	DNA/hAT-Charlie	962	-	72	39372293	86426
chr7	39285867	39485867	harbor2	chr7	39372725	39372883	DNA/hAT-Charlie	780	-	79	39372804	86937
chr7	152112214	152312214	harbor2	chr7	152120107	152120203	DNA/hAT-Charlie	445	-	48	152120155	7941
chr7	152112214	152312214	harbor2	chr7	152143450	152143567	DNA/hAT-Charlie	491	-	58	152143508	31294
chr7	152112214	152312214	harbor2	chr7	152159941	152160212	DNA/hAT-Charlie	1472	-	136	152160077	47863
chr7	152112214	152312214	harbor2	chr7	152160440	152160598	DNA/hAT-Charlie	474	-	79	152160519	48305
chr7	126327114	126527114	harbor2	chr7	126422189	126422370	DNA/hAT-Charlie	726	-	90	126422279	95165
chr7	158413458	158613458	harbor2	chr7	158499199	158499349	DNA/hAT-Charlie	479	-	75	158499274	85816
chr7	158413458	158613458	harbor2	chr7	158500004	158500361	DNA/hAT-Charlie	737	-	178	158500182	86724
chr7	158413458	158613458	harbor2	chr7	158500785	158500926	DNA/hAT-Charlie	474	-	70	158500855	87397
chr7	127673361	127873361	harbor2	chr7	127677546	127677874	DNA/hAT-Charlie	2051	-	164	127677710	4349
chr7	127673361	127873361	harbor2	chr7	127713068	127713279	DNA/hAT-Charlie	954	-	106	127713174	39813
chr7	127673361	127873361	harbor2	chr7	127723727	127724045	DNA/hAT-Charlie	933	-	159	127723886	50525
chr7	127673361	127873361	harbor2	chr7	127752568	127752870	DNA/hAT-Charlie	1076	-	151	127752719	79358
chr7	133216138	133416138	harbor2	chr7	133227696	133227959	DNA/hAT-Charlie	649	-	132	133227828	11690
chr7	154982640	155182640	harbor2	chr7	154982651	154982722	DNA/hAT-Charlie	521	-	36	154982687	47
chr7	154982640	155182640	harbor2	chr7	154994611	154994979	DNA/hAT-Charlie	611	-	184	154994795	12155
chr7	154982640	155182640	harbor2	chr7	154995077	154995384	DNA/hAT-Charlie	562	-	154	154995231	12591
chr7	154982640	155182640	harbor2	chr7	155017856	155018077	DNA/hAT-Charlie	1181	-	110	155017966	35326
chr7	154982640	155182640	harbor2	chr7	155066944	155067474	DNA/hAT-Charlie	2033	-	265	155067209	84569
chr7	71270501	71470501	harbor2	chr7	71365740	71366267	DNA/hAT-Charlie	3640	-	264	71366004	95503
chr7	143873197	144073197	harbor2	chr7	143964815	143964917	DNA/hAT-Charlie	491	-	51	143964866	91669
chr7	143873197	144073197	harbor2	chr7	143916975	143917154	DNA/hAT-Charlie	821	-	90	143917065	43868
chr7	69591430	69791430	harbor2	chr7	69662361	69662549	DNA/hAT-Charlie	960	-	94	69662455	71025
chr7	69591430	69791430	harbor2	chr7	69687045	69687485	DNA/hAT-Charlie	1126	-	220	69687265	95835
chr7	140576854	140776854	harbor2	chr7	140577699	140577862	DNA/hAT-Charlie	805	-	82	140577781	927
chr7	140576854	140776854	harbor2	chr7	140603715	140603895	DNA/hAT-Charlie	836	-	90	140603805	26951
chr7	74886891	75086891	harbor2	chr7	74955994	74956011	DNA/hAT-Charlie	585	-	8	74956002	69111
chr7	74886891	75086891	harbor2	chr7	74956608	74956794	DNA/hAT-Charlie	585	-	93	74956701	69810
chr7	155152888	155352888	harbor2	chr7	155175039	155175123	DNA/hAT-Charlie	460	-	42	155175081	22193
chr7	155152888	155352888	harbor2	chr7	155189189	155189306	DNA/hAT-Charlie	438	-	58	155189247	36359
chr7	134775112	134975112	harbor2	chr7	134786882	134787011	DNA/hAT-Charlie	485	-	64	134786946	11834
chr7	108250940	108450940	harbor2	chr7	108258926	108259129	DNA/hAT-Charlie	983	-	102	108259028	8088
chr7	108250940	108450940	harbor2	chr7	108285961	108286278	DNA/hAT-Charlie	1115	-	158	108286119	35179
chr7	108250940	108450940	harbor2	chr7	108291915	108292163	DNA/hAT-Charlie	715	-	124	108292039	41099
chr7	134860919	135060919	harbor2	chr7	134897303	134897375	DNA/hAT-Charlie	623	-	36	134897339	36420
chr7	134860919	135060919	harbor2	chr7	134897406	134897563	DNA/hAT-Charlie	623	-	78	134897484	36565
chr7	134860919	135060919	harbor2	chr7	134908532	134908707	DNA/hAT-Charlie	776	-	88	134908620	47701
chr7	134860919	135060919	harbor2	chr7	134913669	134913878	DNA/hAT-Charlie	955	-	104	134913773	52854
chr7	134860919	135060919	harbor2	chr7	134944251	134944443	DNA/hAT-Charlie	561	-	96	134944347	83428
chr7	134860919	135060919	harbor2	chr7	134949808	134950032	DNA/hAT-Charlie	1635	-	112	134949920	89001
chr7	134860919	135060919	harbor2	chr7	134953071	134953193	DNA/hAT-Charlie	500	-	61	134953132	92213
chr7	78904852	79104852	harbor2	chr7	78995078	78995290	DNA/hAT-Charlie	1277	-	106	78995184	90332
chr7	22686869	22886869	harbor2	chr7	22691658	22691735	DNA/hAT-Charlie	1516	-	38	22691696	4827
chr7	22686869	22886869	harbor2	chr7	22692039	22692122	DNA/hAT-Charlie	1516	-	42	22692081	5212
chr7	22686869	22886869	harbor2	chr7	22692424	22692599	DNA/hAT-Charlie	1516	-	88	22692512	5643
chr7	22686869	22886869	harbor2	chr7	22758241	22758419	DNA/hAT-Charlie	555	-	89	22758330	71461
chr7	52522581	52722581	harbor2	chr7	52529531	52529712	DNA/hAT-Charlie	531	-	90	52529621	7040
chr7	52522581	52722581	harbor2	chr7	52567899	52568249	DNA/hAT-Charlie	1717	-	175	52568074	45493
chr7	129165780	129365780	harbor2	chr7	129195590	129195819	DNA/hAT-Charlie	945	-	114	129195704	29924
chr7	129165780	129365780	harbor2	chr7	129196131	129196254	DNA/hAT-Charlie	945	-	62	129196193	30413
chr7	129165780	129365780	harbor2	chr7	129209967	129210100	DNA/hAT-Charlie	639	-	66	129210033	44253
chr7	129165780	129365780	harbor2	chr7	129254955	129254992	DNA/hAT-Charlie	1030	-	18	129254973	89193
chr7	129165780	129365780	harbor2	chr7	129255288	129255504	DNA/hAT-Charlie	1030	-	108	129255396	89616
chr7	138511604	138711604	harbor2	chr7	138519453	138519667	DNA/hAT-Charlie	984	-	107	138519560	7956
chr7	138511604	138711604	harbor2	chr7	138539427	138539528	DNA/hAT-Charlie	463	-	50	138539477	27873
chr7	138511604	138711604	harbor2	chr7	138572515	138572709	DNA/hAT-Charlie	790	-	97	138572612	61008
chr7	158572102	158772102	harbor2	chr7	158632687	158632974	DNA/hAT-Charlie	694	-	144	158632831	60729
chr7	158572102	158772102	harbor2	chr7	158647207	158647421	DNA/hAT-Charlie	620	-	107	158647314	75212
chr7	158572102	158772102	harbor2	chr7	158649301	158649517	DNA/hAT-Charlie	712	-	108	158649409	77307
chr7	158572102	158772102	harbor2	chr7	158657111	158657388	DNA/hAT-Charlie	952	-	138	158657249	85147
chr7	149475710	149675710	harbor2	chr7	149481916	149482204	DNA/hAT-Charlie	991	-	144	149482060	6350
chr7	106542437	106742437	harbor2	chr7	106554353	106554532	DNA/hAT-Charlie	479	-	90	106554443	12006
chr7	106542437	106742437	harbor2	chr7	106594307	106594424	DNA/hAT-Charlie	539	-	58	106594365	51928
chr7	106542437	106742437	harbor2	chr7	106610279	106610457	DNA/hAT-Charlie	575	-	89	106610368	67931
chr7	106542437	106742437	harbor2	chr7	106633880	106635219	DNA/hAT-Charlie	5920	-	670	106634550	92113
chr7	106542437	106742437	harbor2	chr7	106635209	106636005	DNA/hAT-Charlie	3704	-	398	106635607	93170
chr7	106542437	106742437	harbor2	chr7	106636614	106636965	DNA/hAT-Charlie	1371	-	176	106636790	94353
chr7	106542437	106742437	harbor2	chr7	106577877	106578070	DNA/hAT-Charlie	754	-	96	106577973	35536
chr7	100501569	100701569	harbor2	chr7	100535232	100535349	DNA/hAT-Charlie	3627	-	58	100535290	33721
chr7	100501569	100701569	harbor2	chr7	100535639	100536053	DNA/hAT-Charlie	3627	-	207	100535846	34277
chr7	100501569	100701569	harbor2	chr7	100590657	100590843	DNA/hAT-Charlie	892	-	93	100590750	89181
chr7	106548645	106748645	harbor2	chr7	106554353	106554532	DNA/hAT-Charlie	479	-	90	106554443	5798
chr7	106548645	106748645	harbor2	chr7	106594307	106594424	DNA/hAT-Charlie	539	-	58	106594365	45720
chr7	106548645	106748645	harbor2	chr7	106610279	106610457	DNA/hAT-Charlie	575	-	89	106610368	61723
chr7	106548645	106748645	harbor2	chr7	106633880	106635219	DNA/hAT-Charlie	5920	-	670	106634550	85905
chr7	106548645	106748645	harbor2	chr7	106635209	106636005	DNA/hAT-Charlie	3704	-	398	106635607	86962
chr7	106548645	106748645	harbor2	chr7	106636614	106636965	DNA/hAT-Charlie	1371	-	176	106636790	88145
chr7	106548645	106748645	harbor2	chr7	106577877	106578070	DNA/hAT-Charlie	754	-	96	106577973	29328
chr7	82671931	82871931	harbor2	chr7	82678368	82678563	DNA/hAT-Charlie	609	-	98	82678466	6535
chr7	82671931	82871931	harbor2	chr7	82702038	82702184	DNA/hAT-Charlie	493	-	73	82702111	30180
chr7	82671931	82871931	harbor2	chr7	82762483	82762780	DNA/hAT-Charlie	709	-	148	82762631	90700
chr7	82671931	82871931	harbor2	chr7	82763036	82763433	DNA/hAT-Charlie	1442	-	198	82763234	91303
chr7	34222224	34422224	harbor2	chr7	34246601	34246715	DNA/hAT-Charlie	607	-	57	34246658	24434
chr7	34222224	34422224	harbor2	chr7	34280150	34280465	DNA/hAT-Charlie	744	-	158	34280308	58084
chr7	34222224	34422224	harbor2	chr7	34284311	34284839	DNA/hAT-Charlie	1185	-	264	34284575	62351
chr7	34222224	34422224	harbor2	chr7	34284905	34285396	DNA/hAT-Charlie	509	-	246	34285151	62927
chr7	34222224	34422224	harbor2	chr7	34294866	34295048	DNA/hAT-Charlie	945	-	91	34294957	72733
chr7	34222224	34422224	harbor2	chr7	34295058	34295236	DNA/hAT-Charlie	465	-	89	34295147	72923
chr7	158539820	158739820	harbor2	chr7	158632687	158632974	DNA/hAT-Charlie	694	-	144	158632831	93011
chr7	154941378	155141378	harbor2	chr7	154964017	154964211	DNA/hAT-Charlie	524	-	97	154964114	22736
chr7	154941378	155141378	harbor2	chr7	154982242	154982352	DNA/hAT-Charlie	521	-	55	154982297	40919
chr7	154941378	155141378	harbor2	chr7	154982651	154982722	DNA/hAT-Charlie	521	-	36	154982687	41309
chr7	154941378	155141378	harbor2	chr7	154994611	154994979	DNA/hAT-Charlie	611	-	184	154994795	53417
chr7	154941378	155141378	harbor2	chr7	154995077	154995384	DNA/hAT-Charlie	562	-	154	154995231	53853
chr7	154941378	155141378	harbor2	chr7	155017856	155018077	DNA/hAT-Charlie	1181	-	110	155017966	76588
chr7	132637756	132837756	harbor2	chr7	132649260	132649628	DNA/hAT-Charlie	746	-	184	132649444	11688
chr7	132637756	132837756	harbor2	chr7	132688998	132689127	DNA/hAT-Charlie	491	-	64	132689062	51306
chr7	132637756	132837756	harbor2	chr7	132702575	132702904	DNA/hAT-Charlie	1391	-	164	132702739	64983
chr7	132637756	132837756	harbor2	chr7	132721897	132722095	DNA/hAT-Charlie	887	-	99	132721996	84240
chr7	118603187	118803187	harbor2	chr7	118687697	118687901	DNA/hAT-Charlie	468	-	102	118687799	84612
chr7	111752459	111952459	harbor2	chr7	111767903	111768231	DNA/hAT-Charlie	1686	-	164	111768067	15608
chr7	111752459	111952459	harbor2	chr7	111774788	111774988	DNA/hAT-Charlie	888	-	100	111774888	22429
chr7	111752459	111952459	harbor2	chr7	111806648	111806805	DNA/hAT-Charlie	780	-	78	111806726	54267
chr7	111752459	111952459	harbor2	chr7	111814312	111814480	DNA/hAT-Charlie	543	-	84	111814396	61937
chr7	111752459	111952459	harbor2	chr7	111814494	111814645	DNA/hAT-Charlie	657	-	76	111814570	62111
chr7	131757430	131957430	harbor2	chr7	131775411	131775538	DNA/hAT-Charlie	493	-	64	131775475	18045
chr7	131757430	131957430	harbor2	chr7	131800200	131800351	DNA/hAT-Charlie	442	-	76	131800276	42846
chr7	131757430	131957430	harbor2	chr7	131820656	131820822	DNA/hAT-Charlie	729	-	83	131820739	63309
chr7	131757430	131957430	harbor2	chr7	131839333	131839559	DNA/hAT-Charlie	531	-	113	131839446	82016
chr7	107757520	107957520	harbor2	chr7	107792182	107792709	DNA/hAT-Charlie	3875	-	264	107792446	34926
chr7	52607078	52807078	harbor2	chr7	52641447	52641598	DNA/hAT-Charlie	462	-	76	52641523	34445
chr7	52607078	52807078	harbor2	chr7	52646707	52646988	DNA/hAT-Charlie	869	-	140	52646847	39769
chr7	52607078	52807078	harbor2	chr7	52650747	52650952	DNA/hAT-Charlie	448	-	102	52650849	43771
chr7	140197844	140397844	harbor2	chr7	140226814	140227031	DNA/hAT-Charlie	1374	-	108	140226922	29078
chr7	140197844	140397844	harbor2	chr7	140235456	140235643	DNA/hAT-Charlie	703	-	94	140235550	37706
chr7	93751187	93951187	harbor2	chr7	93762983	93763202	DNA/hAT-Charlie	832	-	110	93763093	11906
chr7	93751187	93951187	harbor2	chr7	93810599	93810805	DNA/hAT-Charlie	853	-	103	93810702	59515
chr7	123062364	123262364	harbor2	chr7	123088097	123088310	DNA/hAT-Charlie	1052	-	106	123088203	25839
chr7	41910497	42110497	harbor2	chr7	41966703	41966921	DNA/hAT-Charlie	681	-	109	41966812	56315
chr7	41910497	42110497	harbor2	chr7	41982908	41983162	DNA/hAT-Charlie	919	-	127	41983035	72538
chr7	41910497	42110497	harbor2	chr7	41999644	41999819	DNA/hAT-Charlie	484	-	88	41999732	89235
chr7	118192898	118392898	harbor2	chr7	118193102	118193314	DNA/hAT-Charlie	969	-	106	118193208	310
chr7	118192898	118392898	harbor2	chr7	118265258	118265476	DNA/hAT-Charlie	1131	-	109	118265367	72469
chr7	155044992	155244992	harbor2	chr7	155066944	155067474	DNA/hAT-Charlie	2033	-	265	155067209	22217
chr7	140548804	140748804	harbor2	chr7	140572314	140572466	DNA/hAT-Charlie	442	-	76	140572390	23586
chr7	140548804	140748804	harbor2	chr7	140577699	140577862	DNA/hAT-Charlie	805	-	82	140577781	28977
chr7	140548804	140748804	harbor2	chr7	140603715	140603895	DNA/hAT-Charlie	836	-	90	140603805	55001
chr7	88569015	88769015	harbor2	chr7	88578188	88578425	DNA/hAT-Charlie	1406	-	118	88578306	9291
chr7	88569015	88769015	harbor2	chr7	88629185	88629691	DNA/hAT-Charlie	1869	-	253	88629438	60423
chr7	88569015	88769015	harbor2	chr7	88641778	88641963	DNA/hAT-Charlie	1031	-	92	88641870	72855
chr7	87868850	88068850	harbor2	chr7	87890078	87890251	DNA/hAT-Charlie	483	-	86	87890164	21314
chr7	87868850	88068850	harbor2	chr7	87896633	87897101	DNA/hAT-Charlie	1315	-	234	87896867	28017
chr7	87868850	88068850	harbor2	chr7	87905148	87905343	DNA/hAT-Charlie	584	-	98	87905246	36396
chr7	158636509	158836509	harbor2	chr7	158647207	158647421	DNA/hAT-Charlie	620	-	107	158647314	10805
chr7	158636509	158836509	harbor2	chr7	158649301	158649517	DNA/hAT-Charlie	712	-	108	158649409	12900
chr7	158636509	158836509	harbor2	chr7	158657111	158657388	DNA/hAT-Charlie	952	-	138	158657249	20740
chr7	158636509	158836509	harbor2	chr7	158685321	158685430	DNA/hAT-Charlie	1304	-	54	158685375	48866
chr7	158636509	158836509	harbor2	chr7	158685756	158685939	DNA/hAT-Charlie	1304	-	92	158685848	49339
chr7	158636509	158836509	harbor2	chr7	158689099	158689372	DNA/hAT-Charlie	893	-	136	158689235	52726
chr7	158636509	158836509	harbor2	chr7	158705505	158705635	DNA/hAT-Charlie	468	-	65	158705570	69061
chr7	158636509	158836509	harbor2	chr7	158705798	158705935	DNA/hAT-Charlie	617	-	68	158705866	69357
chr7	69877572	70077572	harbor2	chr7	69958677	69958820	DNA/hAT-Charlie	652	-	72	69958749	81177
chr7	93960603	94160603	harbor2	chr7	94028757	94028887	DNA/hAT-Charlie	677	-	65	94028822	68219
chr7	93960603	94160603	harbor2	chr7	94052498	94052682	DNA/hAT-Charlie	1000	-	92	94052590	91987
chr7	93960603	94160603	harbor2	chr7	94056700	94056912	DNA/hAT-Charlie	913	-	106	94056806	96203
chr7	108176499	108376499	harbor2	chr7	108179084	108179223	DNA/hAT-Charlie	570	-	70	108179154	2655
chr7	108176499	108376499	harbor2	chr7	108186574	108187110	DNA/hAT-Charlie	1437	-	268	108186842	10343
chr7	108176499	108376499	harbor2	chr7	108258926	108259129	DNA/hAT-Charlie	983	-	102	108259028	82529
chr7	141565929	141765929	harbor2	chr7	141642370	141642576	DNA/hAT-Charlie	1198	-	103	141642473	76544
chr7	141565929	141765929	harbor2	chr7	141653695	141654602	DNA/hAT-Charlie	1906	-	454	141654149	88220
chr7	22656234	22856234	harbor2	chr7	22691658	22691735	DNA/hAT-Charlie	1516	-	38	22691696	35462
chr7	22656234	22856234	harbor2	chr7	22692039	22692122	DNA/hAT-Charlie	1516	-	42	22692081	35847
chr7	22656234	22856234	harbor2	chr7	22692424	22692599	DNA/hAT-Charlie	1516	-	88	22692512	36278
chr7	116815448	117015448	harbor2	chr7	116870481	116870663	DNA/hAT-Charlie	525	-	91	116870572	55124
chr7	116815448	117015448	harbor2	chr7	116879406	116879761	DNA/hAT-Charlie	2149	-	178	116879584	64136
chr7	116815448	117015448	harbor2	chr7	116886631	116886797	DNA/hAT-Charlie	557	-	83	116886714	71266
chr7	116815448	117015448	harbor2	chr7	116892555	116892732	DNA/hAT-Charlie	1020	-	88	116892643	77195
chr7	153413820	153613820	harbor2	chr7	153427793	153428042	DNA/hAT-Charlie	1140	-	124	153427917	14097
chr7	153413820	153613820	harbor2	chr7	153459376	153459694	DNA/hAT-Charlie	1314	-	159	153459535	45715
chr7	44413868	44613868	harbor2	chr7	44491664	44491965	DNA/hAT-Charlie	4029	-	150	44491814	77946
chr7	44413868	44613868	harbor2	chr7	44492252	44492434	DNA/hAT-Charlie	4029	-	91	44492343	78475
chr7	44413868	44613868	harbor2	chr7	44492742	44493495	DNA/hAT-Charlie	4029	-	376	44493118	79250
chr7	44413868	44613868	harbor2	chr7	44493890	44494049	DNA/hAT-Charlie	785	-	80	44493970	80102
chr7	158614052	158814052	harbor2	chr7	158632687	158632974	DNA/hAT-Charlie	694	-	144	158632831	18779
chr7	158614052	158814052	harbor2	chr7	158647207	158647421	DNA/hAT-Charlie	620	-	107	158647314	33262
chr7	158614052	158814052	harbor2	chr7	158649301	158649517	DNA/hAT-Charlie	712	-	108	158649409	35357
chr7	158614052	158814052	harbor2	chr7	158657111	158657388	DNA/hAT-Charlie	952	-	138	158657249	43197
chr7	158614052	158814052	harbor2	chr7	158685321	158685430	DNA/hAT-Charlie	1304	-	54	158685375	71323
chr7	158614052	158814052	harbor2	chr7	158685756	158685939	DNA/hAT-Charlie	1304	-	92	158685848	71796
chr7	158614052	158814052	harbor2	chr7	158689099	158689372	DNA/hAT-Charlie	893	-	136	158689235	75183
chr7	158614052	158814052	harbor2	chr7	158705505	158705635	DNA/hAT-Charlie	468	-	65	158705570	91518
chr7	158614052	158814052	harbor2	chr7	158705798	158705935	DNA/hAT-Charlie	617	-	68	158705866	91814
chr7	93289258	93489258	harbor2	chr7	93317206	93317267	DNA/hAT-Charlie	1028	-	30	93317236	27978
chr7	93289258	93489258	harbor2	chr7	93317577	93317711	DNA/hAT-Charlie	1028	-	67	93317644	28386
chr7	136576774	136776774	harbor2	chr7	136660746	136660889	DNA/hAT-Charlie	462	-	72	136660818	84044
chr7	147815470	148015470	harbor2	chr7	147839545	147839680	DNA/hAT-Charlie	542	-	68	147839613	24143
chr7	130015509	130215509	harbor2	chr7	130075976	130076325	DNA/hAT-Charlie	2324	-	174	130076150	60641
chr7	130015509	130215509	harbor2	chr7	130095254	130095524	DNA/hAT-Charlie	1024	-	135	130095389	79880
chr7	130015509	130215509	harbor2	chr7	130112919	130113225	DNA/hAT-Charlie	1236	-	153	130113072	97563
chr7	154047004	154247004	harbor2	chr7	154077465	154077639	DNA/hAT-Charlie	458	-	87	154077552	30548
chr7	154047004	154247004	harbor2	chr7	154088801	154088969	DNA/hAT-Charlie	611	-	84	154088885	41881
chr7	30230387	30430387	harbor2	chr7	30271792	30271855	DNA/hAT-Charlie	601	-	32	30271824	41437
chr7	30230387	30430387	harbor2	chr7	30272137	30272279	DNA/hAT-Charlie	601	-	71	30272208	41821
chr7	30230387	30430387	harbor2	chr7	30273841	30274178	DNA/hAT-Charlie	671	-	168	30274009	43622
chr7	30230387	30430387	harbor2	chr7	30303419	30303523	DNA/hAT-Charlie	545	-	52	30303471	73084
chr7	30230387	30430387	harbor2	chr7	30311225	30311246	DNA/hAT-Charlie	1119	-	10	30311235	80848
chr7	30230387	30430387	harbor2	chr7	30321892	30322080	DNA/hAT-Charlie	756	-	94	30321986	91599
chr7	30230387	30430387	harbor2	chr7	30323866	30324251	DNA/hAT-Charlie	1470	-	192	30324058	93671
chr7	30230387	30430387	harbor2	chr7	30324576	30324709	DNA/hAT-Charlie	1470	-	66	30324642	94255
chr7	30230387	30430387	harbor2	chr7	30244862	30245064	DNA/hAT-Charlie	814	-	101	30244963	14576
chr7	30230387	30430387	harbor2	chr7	30310393	30310700	DNA/hAT-Charlie	1119	-	154	30310547	80160
chr7	145234781	145434781	harbor2	chr7	145272979	145273338	DNA/hAT-Charlie	1900	-	180	145273159	38378
chr7	145234781	145434781	harbor2	chr7	145315161	145315261	DNA/hAT-Charlie	591	-	50	145315211	80430
chr7	145234781	145434781	harbor2	chr7	145315536	145315607	DNA/hAT-Charlie	591	-	36	145315572	80791
chr7	79231160	79431160	harbor2	chr7	79264068	79264226	DNA/hAT-Charlie	738	-	79	79264147	32987
chr7	79231160	79431160	harbor2	chr7	79274012	79274055	DNA/hAT-Charlie	448	-	22	79274034	42874
chr7	79231160	79431160	harbor2	chr7	79274246	79274377	DNA/hAT-Charlie	448	-	66	79274312	43152
chr7	79231160	79431160	harbor2	chr7	79310364	79310537	DNA/hAT-Charlie	511	-	86	79310450	79290
chr7	79231160	79431160	harbor2	chr7	79311241	79311461	DNA/hAT-Charlie	1463	-	110	79311351	80191
chr7	79231160	79431160	harbor2	chr7	79317419	79317734	DNA/hAT-Charlie	1091	-	158	79317577	86417
chr7	81882661	82082661	harbor2	chr7	81975290	81976163	DNA/hAT-Charlie	2554	-	436	81975726	93065
chr7	81882661	82082661	harbor2	chr7	81980250	81980461	DNA/hAT-Charlie	653	-	106	81980356	97695
chr7	135355644	135555644	harbor2	chr7	135366982	135367198	DNA/hAT-Charlie	1177	-	108	135367090	11446
chr7	135355644	135555644	harbor2	chr7	135413154	135413365	DNA/hAT-Charlie	624	-	106	135413260	57616
chr7	135355644	135555644	harbor2	chr7	135417204	135417324	DNA/hAT-Charlie	568	-	60	135417264	61620
chr7	111278166	111478166	harbor2	chr7	111362366	111362731	DNA/hAT-Charlie	1080	-	182	111362548	84382
chr7	111278166	111478166	harbor2	chr7	111362739	111362987	DNA/hAT-Charlie	633	-	124	111362863	84697
chr7	111278166	111478166	harbor2	chr7	111361904	111362350	DNA/hAT-Charlie	1318	-	223	111362127	83961
chr7	154853224	155053224	harbor2	chr7	154930856	154931060	DNA/hAT-Charlie	822	-	102	154930958	77734
chr7	154853224	155053224	harbor2	chr7	154861213	154862056	DNA/hAT-Charlie	1416	-	422	154861635	8411
chr8	106208465	106408465	harbor2	chr8	106236477	106236702	DNA/hAT-Charlie	593	-	112	106236589	28124
chr8	106208465	106408465	harbor2	chr8	106293188	106293325	DNA/hAT-Charlie	478	-	68	106293256	84791
chr8	106208465	106408465	harbor2	chr8	106304469	106304785	DNA/hAT-Charlie	1412	-	158	106304627	96162
chr8	59520608	59720608	harbor2	chr8	59528476	59528655	DNA/hAT-Charlie	1328	-	90	59528566	7958
chr8	59520608	59720608	harbor2	chr8	59533591	59533977	DNA/hAT-Charlie	427	-	193	59533784	13176
chr8	59520608	59720608	harbor2	chr8	59556447	59556795	DNA/hAT-Charlie	1576	-	174	59556621	36013
chr8	59520608	59720608	harbor2	chr8	59522786	59523083	DNA/hAT-Charlie	604	-	148	59522934	2326
chr8	108165434	108365434	harbor2	chr8	108185333	108185665	DNA/hAT-Charlie	1845	-	166	108185499	20065
chr8	108165434	108365434	harbor2	chr8	108199451	108199622	DNA/hAT-Charlie	907	-	86	108199537	34103
chr8	108165434	108365434	harbor2	chr8	108219305	108219593	DNA/hAT-Charlie	2461	-	144	108219449	54015
chr8	108165434	108365434	harbor2	chr8	108220166	108220678	DNA/hAT-Charlie	2461	-	256	108220422	54988
chr8	108165434	108365434	harbor2	chr8	108220705	108220862	DNA/hAT-Charlie	791	-	78	108220783	55349
chr8	108165434	108365434	harbor2	chr8	108221323	108222019	DNA/hAT-Charlie	2197	-	348	108221671	56237
chr8	108165434	108365434	harbor2	chr8	108227926	108228059	DNA/hAT-Charlie	622	-	66	108227992	62558
chr8	108165434	108365434	harbor2	chr8	108235336	108235590	DNA/hAT-Charlie	1471	-	127	108235463	70029
chr8	108165434	108365434	harbor2	chr8	108239503	108239697	DNA/hAT-Charlie	931	-	97	108239600	74166
chr8	108165434	108365434	harbor2	chr8	108241307	108241410	DNA/hAT-Charlie	540	-	52	108241359	75925
chr8	108165434	108365434	harbor2	chr8	108244026	108244353	DNA/hAT-Charlie	1075	-	164	108244190	78756
chr8	64779174	64979174	harbor2	chr8	64816209	64816725	DNA/hAT-Charlie	1548	-	258	64816467	37293
chr8	64779174	64979174	harbor2	chr8	64817136	64817167	DNA/hAT-Charlie	969	-	16	64817152	37978
chr8	64779174	64979174	harbor2	chr8	64817242	64817838	DNA/hAT-Charlie	969	-	298	64817540	38366
chr8	64779174	64979174	harbor2	chr8	64848033	64848211	DNA/hAT-Charlie	421	-	89	64848122	68948
chr8	126848017	127048017	harbor2	chr8	126865663	126865774	DNA/hAT-Charlie	717	-	56	126865719	17702
chr8	126848017	127048017	harbor2	chr8	126866095	126866169	DNA/hAT-Charlie	717	-	37	126866132	18115
chr8	126848017	127048017	harbor2	chr8	126870089	126870187	DNA/hAT-Charlie	456	-	49	126870138	22121
chr8	126848017	127048017	harbor2	chr8	126879000	126879174	DNA/hAT-Charlie	497	-	87	126879087	31070
chr8	126848017	127048017	harbor2	chr8	126880119	126880317	DNA/hAT-Charlie	878	-	99	126880218	32201
chr8	126848017	127048017	harbor2	chr8	126939350	126939501	DNA/hAT-Charlie	567	-	76	126939426	91409
chr8	119941684	120141684	harbor2	chr8	119980081	119980385	DNA/hAT-Charlie	1060	-	152	119980233	38549
chr8	119941684	120141684	harbor2	chr8	120011966	120012109	DNA/hAT-Charlie	553	-	72	120012038	70354
chr8	119941684	120141684	harbor2	chr8	120027845	120027980	DNA/hAT-Charlie	424	-	68	120027913	86229
chr8	92854671	93054671	harbor2	chr8	92855857	92856182	DNA/hAT-Charlie	592	-	162	92856019	1348
chr8	122251802	122451802	harbor2	chr8	122281836	122281979	DNA/hAT-Charlie	374	-	72	122281908	30106
chr8	122251802	122451802	harbor2	chr8	122338529	122338858	DNA/hAT-Charlie	1526	-	164	122338693	86891
chr8	122251802	122451802	harbor2	chr8	122347347	122347502	DNA/hAT-Charlie	754	-	78	122347425	95623
chr8	108904432	109104432	harbor2	chr8	108908743	108908912	DNA/hAT-Charlie	740	-	84	108908827	4395
chr8	108904432	109104432	harbor2	chr8	108929458	108929732	DNA/hAT-Charlie	482	-	137	108929595	25163
chr8	108904432	109104432	harbor2	chr8	108999211	108999338	DNA/hAT-Charlie	426	-	64	108999275	94843
chr8	138789940	138989940	harbor2	chr8	138828276	138828441	DNA/hAT-Charlie	716	-	82	138828358	38418
chr8	138789940	138989940	harbor2	chr8	138867051	138867256	DNA/hAT-Charlie	717	-	102	138867153	77213
chr8	60394043	60594043	harbor2	chr8	60395847	60396219	DNA/hAT-Charlie	1681	-	186	60396033	1990
chr8	59244790	59444790	harbor2	chr8	59325996	59326287	DNA/hAT-Charlie	856	-	146	59326142	81352
chr8	59244790	59444790	harbor2	chr8	59341130	59341310	DNA/hAT-Charlie	377	-	90	59341220	96430
chr8	131612658	131812658	harbor2	chr8	131680813	131680988	DNA/hAT-Charlie	551	-	88	131680901	68243
chr8	131612658	131812658	harbor2	chr8	131700668	131700829	DNA/hAT-Charlie	500	-	80	131700748	88090
chr8	70555451	70755451	harbor2	chr8	70573085	70573333	DNA/hAT-Charlie	534	-	124	70573209	17758
chr8	124440870	124640870	harbor2	chr8	124479514	124479716	DNA/hAT-Charlie	990	-	101	124479615	38745
chr8	115792420	115992420	harbor2	chr8	115801604	115801708	DNA/hAT-Charlie	588	-	52	115801656	9236
chr8	115792420	115992420	harbor2	chr8	115812644	115812855	DNA/hAT-Charlie	736	-	106	115812750	20330
chr8	115792420	115992420	harbor2	chr8	115882705	115882770	DNA/hAT-Charlie	385	-	32	115882737	90317
chr8	90219208	90419208	harbor2	chr8	90238026	90238208	DNA/hAT-Charlie	822	-	91	90238117	18909
chr8	90219208	90419208	harbor2	chr8	90246913	90247100	DNA/hAT-Charlie	832	-	94	90247007	27799
chr8	90219208	90419208	harbor2	chr8	90256437	90256648	DNA/hAT-Charlie	835	-	106	90256543	37335
chr8	90219208	90419208	harbor2	chr8	90281269	90281448	DNA/hAT-Charlie	833	-	90	90281359	62151
chr8	101635464	101835464	harbor2	chr8	101658935	101659413	DNA/hAT-Charlie	2200	-	239	101659174	23710
chr8	101635464	101835464	harbor2	chr8	101693481	101693636	DNA/hAT-Charlie	714	-	78	101693559	58095
chr8	101635464	101835464	harbor2	chr8	101702809	101703073	DNA/hAT-Charlie	866	-	132	101702941	67477
chr8	125999393	126199393	harbor2	chr8	126031461	126031609	DNA/hAT-Charlie	896	-	74	126031535	32142
chr8	125999393	126199393	harbor2	chr8	126031703	126031783	DNA/hAT-Charlie	896	-	40	126031743	32350
chr8	125999393	126199393	harbor2	chr8	126059298	126059507	DNA/hAT-Charlie	1322	-	104	126059402	60009
chr8	125999393	126199393	harbor2	chr8	126081883	126082030	DNA/hAT-Charlie	494	-	74	126081957	82564
chr8	125999393	126199393	harbor2	chr8	126085465	126085611	DNA/hAT-Charlie	713	-	73	126085538	86145
chr8	119461796	119661796	harbor2	chr8	119543722	119543872	DNA/hAT-Charlie	476	-	75	119543797	82001
chr8	109646305	109846305	harbor2	chr8	109664428	109664597	DNA/hAT-Charlie	425	-	84	109664512	18207
chr8	109646305	109846305	harbor2	chr8	109665049	109665373	DNA/hAT-Charlie	1045	-	162	109665211	18906
chr8	109646305	109846305	harbor2	chr8	109666248	109666472	DNA/hAT-Charlie	1094	-	112	109666360	20055
chr8	109646305	109846305	harbor2	chr8	109701426	109701597	DNA/hAT-Charlie	885	-	86	109701512	55207
chr8	139336514	139536514	harbor2	chr8	139374125	139374327	DNA/hAT-Charlie	1404	-	101	139374226	37712
chr8	139336514	139536514	harbor2	chr8	139395558	139395755	DNA/hAT-Charlie	1062	-	98	139395656	59142
chr8	129740478	129940478	harbor2	chr8	129832463	129832950	DNA/hAT-Charlie	3601	-	244	129832707	92229
chr8	129740478	129940478	harbor2	chr8	129833726	129833896	DNA/hAT-Charlie	579	-	85	129833811	93333
chr8	129740478	129940478	harbor2	chr8	129839457	129839773	DNA/hAT-Charlie	1450	-	158	129839615	99137
chr8	34234136	34434136	harbor2	chr8	34254951	34255100	DNA/hAT-Charlie	421	-	74	34255025	20889
chr8	34234136	34434136	harbor2	chr8	34255222	34255409	DNA/hAT-Charlie	427	-	94	34255316	21180
chr8	34234136	34434136	harbor2	chr8	34296721	34296929	DNA/hAT-Charlie	849	-	104	34296825	62689
chr8	34234136	34434136	harbor2	chr8	34309811	34309969	DNA/hAT-Charlie	755	-	79	34309890	75754
chr8	134602053	134802053	harbor2	chr8	134611629	134611773	DNA/hAT-Charlie	416	-	72	134611701	9648
chr8	134602053	134802053	harbor2	chr8	134634836	134635168	DNA/hAT-Charlie	2218	-	166	134635002	32949
chr8	134602053	134802053	harbor2	chr8	134689867	134690115	DNA/hAT-Charlie	870	-	124	134689991	87938
chr8	66791204	66991204	harbor2	chr8	66836668	66836760	DNA/hAT-Charlie	390	-	46	66836714	45510
chr8	66791204	66991204	harbor2	chr8	66844398	66844650	DNA/hAT-Charlie	722	-	126	66844524	53320
chr8	66791204	66991204	harbor2	chr8	66884496	66884691	DNA/hAT-Charlie	430	-	98	66884594	93390
chr8	66791204	66991204	harbor2	chr8	66888809	66888979	DNA/hAT-Charlie	754	-	85	66888894	97690
chr8	52847118	53047118	harbor2	chr8	52857243	52857552	DNA/hAT-Charlie	990	-	154	52857397	10279
chr8	52847118	53047118	harbor2	chr8	52875847	52876262	DNA/hAT-Charlie	755	-	208	52876055	28937
chr8	121120761	121320761	harbor2	chr8	121177843	121178040	DNA/hAT-Charlie	841	-	98	121177941	57180
chr8	121120761	121320761	harbor2	chr8	121185332	121185474	DNA/hAT-Charlie	495	-	71	121185403	64642
chr8	121120761	121320761	harbor2	chr8	121204635	121204978	DNA/hAT-Charlie	1355	-	172	121204807	84046
chr8	121120761	121320761	harbor2	chr8	121205000	121205119	DNA/hAT-Charlie	605	-	60	121205060	84299
chr8	104256930	104456930	harbor2	chr8	104259038	104259557	DNA/hAT-Charlie	3394	-	260	104259298	2368
chr8	104256930	104456930	harbor2	chr8	104268179	104268358	DNA/hAT-Charlie	823	-	90	104268269	11339
chr8	104256930	104456930	harbor2	chr8	104280693	104280873	DNA/hAT-Charlie	1187	-	90	104280783	23853
chr8	104256930	104456930	harbor2	chr8	104281181	104281310	DNA/hAT-Charlie	624	-	64	104281245	24315
chr8	104256930	104456930	harbor2	chr8	104344341	104344499	DNA/hAT-Charlie	803	-	79	104344420	87490
chr8	104256930	104456930	harbor2	chr8	104350776	104350946	DNA/hAT-Charlie	484	-	85	104350861	93931
chr8	104199899	104399899	harbor2	chr8	104230786	104231058	DNA/hAT-Charlie	487	-	136	104230922	31023
chr8	104199899	104399899	harbor2	chr8	104231789	104231991	DNA/hAT-Charlie	906	-	101	104231890	31991
chr8	104199899	104399899	harbor2	chr8	104259038	104259557	DNA/hAT-Charlie	3394	-	260	104259298	59399
chr8	104199899	104399899	harbor2	chr8	104268179	104268358	DNA/hAT-Charlie	823	-	90	104268269	68370
chr8	104199899	104399899	harbor2	chr8	104280693	104280873	DNA/hAT-Charlie	1187	-	90	104280783	80884
chr8	104199899	104399899	harbor2	chr8	104281181	104281310	DNA/hAT-Charlie	624	-	64	104281245	81346
chr8	104199899	104399899	harbor2	chr8	104218397	104218857	DNA/hAT-Charlie	2918	-	230	104218627	18728
chr8	138332511	138532511	harbor2	chr8	138360808	138360921	DNA/hAT-Charlie	558	-	56	138360864	28353
chr8	138332511	138532511	harbor2	chr8	138361226	138361301	DNA/hAT-Charlie	558	-	38	138361264	28753
chr8	138332511	138532511	harbor2	chr8	138364627	138364854	DNA/hAT-Charlie	524	-	114	138364741	32230
chr8	138332511	138532511	harbor2	chr8	138365374	138366062	DNA/hAT-Charlie	837	-	344	138365718	33207
chr8	135665959	135865959	harbor2	chr8	135681929	135682137	DNA/hAT-Charlie	1149	-	104	135682033	16074
chr8	135665959	135865959	harbor2	chr8	135683204	135683388	DNA/hAT-Charlie	888	-	92	135683296	17337
chr8	135665959	135865959	harbor2	chr8	135708973	135709135	DNA/hAT-Charlie	591	-	81	135709054	43095
chr8	135665959	135865959	harbor2	chr8	135719197	135719330	DNA/hAT-Charlie	439	-	66	135719263	53304
chr8	135665959	135865959	harbor2	chr8	135730562	135730780	DNA/hAT-Charlie	882	-	109	135730671	64712
chr8	135665959	135865959	harbor2	chr8	135742786	135742993	DNA/hAT-Charlie	839	-	104	135742890	76931
chr8	137010071	137210071	harbor2	chr8	137079368	137079466	DNA/hAT-Charlie	745	-	49	137079417	69346
chr8	137010071	137210071	harbor2	chr8	137079811	137079951	DNA/hAT-Charlie	745	-	70	137079881	69810
chr8	137010071	137210071	harbor2	chr8	137080255	137080317	DNA/hAT-Charlie	745	-	31	137080286	70215
chr8	137010071	137210071	harbor2	chr8	137106000	137106129	DNA/hAT-Charlie	416	-	64	137106064	95993
chr8	140484073	140684073	harbor2	chr8	140516856	140517170	DNA/hAT-Charlie	1210	-	157	140517013	32940
chr8	140484073	140684073	harbor2	chr8	140544639	140544844	DNA/hAT-Charlie	534	-	102	140544741	60668
chr8	140484073	140684073	harbor2	chr8	140552784	140552961	DNA/hAT-Charlie	825	-	88	140552872	68799
chr8	21130615	21330615	harbor2	chr8	21132658	21132847	DNA/hAT-Charlie	899	-	94	21132752	2137
chr8	21130615	21330615	harbor2	chr8	21176328	21176837	DNA/hAT-Charlie	3486	-	254	21176582	45967
chr8	21130615	21330615	harbor2	chr8	21176882	21176963	DNA/hAT-Charlie	524	-	40	21176922	46307
chr8	143066382	143266382	harbor2	chr8	143119390	143119576	DNA/hAT-Charlie	604	-	93	143119483	53101
chr8	131591598	131791598	harbor2	chr8	131680813	131680988	DNA/hAT-Charlie	551	-	88	131680901	89303
chr8	109192330	109392330	harbor2	chr8	109209406	109209620	DNA/hAT-Charlie	976	-	107	109209513	17183
chr8	109192330	109392330	harbor2	chr8	109257712	109257890	DNA/hAT-Charlie	776	-	89	109257801	65471
chr8	109192330	109392330	harbor2	chr8	109265630	109265937	DNA/hAT-Charlie	1604	-	154	109265784	73454
chr8	109192330	109392330	harbor2	chr8	109266052	109266232	DNA/hAT-Charlie	1215	-	90	109266142	73812
chr8	109192330	109392330	harbor2	chr8	109266543	109266691	DNA/hAT-Charlie	1215	-	74	109266617	74287
chr8	109192330	109392330	harbor2	chr8	109290156	109290338	DNA/hAT-Charlie	833	-	91	109290247	97917
chr8	127348380	127548380	harbor2	chr8	127348128	127348397	DNA/hAT-Charlie	1083	-	134	127348262	118
chr8	127348380	127548380	harbor2	chr8	127349684	127350275	DNA/hAT-Charlie	781	-	296	127349980	1600
chr8	127348380	127548380	harbor2	chr8	127370319	127370495	DNA/hAT-Charlie	625	-	88	127370407	22027
chr8	127348380	127548380	harbor2	chr8	127371975	127372158	DNA/hAT-Charlie	836	-	92	127372067	23687
chr8	127348380	127548380	harbor2	chr8	127378383	127378591	DNA/hAT-Charlie	960	-	104	127378487	30107
chr8	127348380	127548380	harbor2	chr8	127383002	127383194	DNA/hAT-Charlie	691	-	96	127383098	34718
chr8	127348380	127548380	harbor2	chr8	127409691	127409832	DNA/hAT-Charlie	553	-	70	127409761	61381
chr8	107925272	108125272	harbor2	chr8	107970081	107970411	DNA/hAT-Charlie	1369	-	165	107970246	44974
chr8	132968794	133168794	harbor2	chr8	133014549	133014675	DNA/hAT-Charlie	608	-	63	133014612	45818
chr8	132968794	133168794	harbor2	chr8	133016243	133016469	DNA/hAT-Charlie	977	-	113	133016356	47562
chr8	132968794	133168794	harbor2	chr8	133056925	133057033	DNA/hAT-Charlie	449	-	54	133056979	88185
chr8	63312357	63512357	harbor2	chr8	63315623	63315827	DNA/hAT-Charlie	932	-	102	63315725	3368
chr8	63312357	63512357	harbor2	chr8	63355416	63355645	DNA/hAT-Charlie	719	-	114	63355530	43173
chr8	63312357	63512357	harbor2	chr8	63392128	63392302	DNA/hAT-Charlie	771	-	87	63392215	79858
chr8	85537303	85737303	harbor2	chr8	85598565	85598867	DNA/hAT-Charlie	1272	-	151	85598716	61413
chr8	85537303	85737303	harbor2	chr8	85628337	85628731	DNA/hAT-Charlie	696	-	197	85628534	91231
chr8	85537303	85737303	harbor2	chr8	85628775	85628980	DNA/hAT-Charlie	405	-	102	85628877	91574
chr8	105947177	106147177	harbor2	chr8	106001500	106001752	DNA/hAT-Charlie	553	-	126	106001626	54449
chr8	105947177	106147177	harbor2	chr8	106040419	106040591	DNA/hAT-Charlie	553	-	86	106040505	93328
chr8	105947177	106147177	harbor2	chr8	106042362	106042552	DNA/hAT-Charlie	726	-	95	106042457	95280
chr8	105947177	106147177	harbor2	chr8	106042584	106042820	DNA/hAT-Charlie	594	-	118	106042702	95525
chr8	39910805	40110805	harbor2	chr8	39961931	39962091	DNA/hAT-Charlie	724	-	80	39962011	51206
chr8	128058087	128258087	harbor2	chr8	128064480	128064591	DNA/hAT-Charlie	445	-	56	128064536	6449
chr8	128058087	128258087	harbor2	chr8	128073445	128073609	DNA/hAT-Charlie	406	-	82	128073527	15440
chr8	128058087	128258087	harbor2	chr8	128089905	128090063	DNA/hAT-Charlie	580	-	79	128089984	31897
chr8	128058087	128258087	harbor2	chr8	128111055	128111165	DNA/hAT-Charlie	583	-	55	128111110	53023
chr8	128058087	128258087	harbor2	chr8	128111464	128111540	DNA/hAT-Charlie	583	-	38	128111502	53415
chr8	128058087	128258087	harbor2	chr8	128135069	128135247	DNA/hAT-Charlie	769	-	89	128135158	77071
chr8	128058087	128258087	harbor2	chr8	128146846	128147021	DNA/hAT-Charlie	1462	-	88	128146934	88847
chr8	128058087	128258087	harbor2	chr8	128147592	128147921	DNA/hAT-Charlie	1462	-	164	128147756	89669
chr8	128058087	128258087	harbor2	chr8	128156566	128156746	DNA/hAT-Charlie	801	-	90	128156656	98569
chr8	86639356	86839356	harbor2	chr8	86643031	86643117	DNA/hAT-Charlie	403	-	43	86643074	3718
chr8	86639356	86839356	harbor2	chr8	86675911	86676203	DNA/hAT-Charlie	589	-	146	86676057	36701
chr8	2430297	2630297	harbor2	chr8	2468790	2468900	DNA/hAT-Charlie	428	-	55	2468845	38548
chr8	38776023	38976023	harbor2	chr8	38815985	38816219	DNA/hAT-Charlie	685	-	117	38816102	40079
chr8	38776023	38976023	harbor2	chr8	38833136	38833335	DNA/hAT-Charlie	1698	-	100	38833236	57213
chr8	38776023	38976023	harbor2	chr8	38866178	38866511	DNA/hAT-Charlie	1961	-	166	38866344	90321
chr8	103245934	103445934	harbor2	chr8	103247267	103247439	DNA/hAT-Charlie	560	-	86	103247353	1419
chr8	103245934	103445934	harbor2	chr8	103251454	103251753	DNA/hAT-Charlie	448	-	150	103251604	5670
chr8	103245934	103445934	harbor2	chr8	103255318	103255440	DNA/hAT-Charlie	658	-	61	103255379	9445
chr8	103245934	103445934	harbor2	chr8	103266102	103266297	DNA/hAT-Charlie	1003	-	98	103266200	20266
chr8	103245934	103445934	harbor2	chr8	103304524	103304729	DNA/hAT-Charlie	1119	-	102	103304626	58692
chr8	103245934	103445934	harbor2	chr8	103309071	103309251	DNA/hAT-Charlie	939	-	90	103309161	63227
chr8	123036703	123236703	harbor2	chr8	123049004	123049395	DNA/hAT-Charlie	1213	-	196	123049200	12497
chr8	123036703	123236703	harbor2	chr8	123050444	123050684	DNA/hAT-Charlie	830	-	120	123050564	13861
chr8	123036703	123236703	harbor2	chr8	123053630	123053836	DNA/hAT-Charlie	1100	-	103	123053733	17030
chr8	123036703	123236703	harbor2	chr8	123097071	123097232	DNA/hAT-Charlie	789	-	80	123097151	60448
chr8	65537470	65737470	harbor2	chr8	65585609	65585730	DNA/hAT-Charlie	670	-	60	65585669	48199
chr8	65537470	65737470	harbor2	chr8	65588975	65589168	DNA/hAT-Charlie	983	-	96	65589071	51601
chr8	65537470	65737470	harbor2	chr8	65621129	65621250	DNA/hAT-Charlie	671	-	60	65621189	83719
chr8	65537470	65737470	harbor2	chr8	65632953	65633105	DNA/hAT-Charlie	609	-	76	65633029	95559
chr8	65537470	65737470	harbor2	chr8	65637076	65637268	DNA/hAT-Charlie	375	-	96	65637172	99702
chr8	131166543	131366543	harbor2	chr8	131184747	131184933	DNA/hAT-Charlie	783	-	93	131184840	18297
chr8	131166543	131366543	harbor2	chr8	131205680	131205956	DNA/hAT-Charlie	664	-	138	131205818	39275
chr8	131166543	131366543	harbor2	chr8	131206327	131206462	DNA/hAT-Charlie	385	-	68	131206395	39852
chr8	131166543	131366543	harbor2	chr8	131206620	131206797	DNA/hAT-Charlie	385	-	88	131206708	40165
chr8	78564748	78764748	harbor2	chr8	78576529	78576673	DNA/hAT-Charlie	465	-	72	78576601	11853
chr8	78564748	78764748	harbor2	chr8	78641804	78641949	DNA/hAT-Charlie	487	-	72	78641876	77128
chr8	128928583	129128583	harbor2	chr8	128962052	128962268	DNA/hAT-Charlie	975	-	108	128962160	33577
chr8	128928583	129128583	harbor2	chr8	128983860	128984003	DNA/hAT-Charlie	431	-	72	128983932	55349
chr8	128928583	129128583	harbor2	chr8	128985394	128985606	DNA/hAT-Charlie	1031	-	106	128985500	56917
chr8	128928583	129128583	harbor2	chr8	129027965	129027989	DNA/hAT-Charlie	786	-	12	129027977	99394
chr8	128928583	129128583	harbor2	chr8	129028437	129028613	DNA/hAT-Charlie	786	-	88	129028525	99942
chr8	53435652	53635652	harbor2	chr8	53503866	53504027	DNA/hAT-Charlie	567	-	80	53503946	68294
chr8	53435652	53635652	harbor2	chr8	53515135	53515311	DNA/hAT-Charlie	640	-	88	53515223	79571
chr8	31978400	32178400	harbor2	chr8	31978367	31978863	DNA/hAT-Charlie	561	-	248	31978615	215
chr8	97173533	97373533	harbor2	chr8	97184722	97184810	DNA/hAT-Charlie	433	-	44	97184766	11233
chr8	97173533	97373533	harbor2	chr8	97247383	97247536	DNA/hAT-Charlie	432	-	76	97247459	73926
chr8	97173533	97373533	harbor2	chr8	97272823	97272995	DNA/hAT-Charlie	663	-	86	97272909	99376
chr8	122992816	123192816	harbor2	chr8	123049004	123049395	DNA/hAT-Charlie	1213	-	196	123049200	56384
chr8	122992816	123192816	harbor2	chr8	123050444	123050684	DNA/hAT-Charlie	830	-	120	123050564	57748
chr8	122992816	123192816	harbor2	chr8	123053630	123053836	DNA/hAT-Charlie	1100	-	103	123053733	60917
chr8	144913422	145113422	harbor2	chr8	144929637	144929814	DNA/hAT-Charlie	785	-	88	144929725	16303
chr8	144913422	145113422	harbor2	chr8	144934756	144934928	DNA/hAT-Charlie	380	-	86	144934842	21420
chr8	122624213	122824213	harbor2	chr8	122649181	122649391	DNA/hAT-Charlie	1213	-	105	122649286	25073
chr8	122624213	122824213	harbor2	chr8	122657117	122657467	DNA/hAT-Charlie	2319	-	175	122657292	33079
chr8	122624213	122824213	harbor2	chr8	122676666	122676838	DNA/hAT-Charlie	967	-	86	122676752	52539
chr8	122624213	122824213	harbor2	chr8	122686921	122687121	DNA/hAT-Charlie	405	-	100	122687021	62808
chr8	122624213	122824213	harbor2	chr8	122705920	122706121	DNA/hAT-Charlie	907	-	100	122706020	81807
chr8	122624213	122824213	harbor2	chr8	122717444	122717596	DNA/hAT-Charlie	465	-	76	122717520	93307
chr8	122624213	122824213	harbor2	chr8	122722947	122723305	DNA/hAT-Charlie	1125	-	179	122723126	98913
chr8	131606213	131806213	harbor2	chr8	131680813	131680988	DNA/hAT-Charlie	551	-	88	131680901	74688
chr8	131606213	131806213	harbor2	chr8	131700668	131700829	DNA/hAT-Charlie	500	-	80	131700748	94535
chr8	118419566	118619566	harbor2	chr8	118501671	118501734	DNA/hAT-Charlie	740	-	32	118501703	82137
chr8	118419566	118619566	harbor2	chr8	118502041	118502142	DNA/hAT-Charlie	740	-	50	118502091	82525
chr8	118419566	118619566	harbor2	chr8	118502183	118502487	DNA/hAT-Charlie	532	-	152	118502335	82769
chr8	118419566	118619566	harbor2	chr8	118513844	118514114	DNA/hAT-Charlie	406	-	135	118513979	94413
chr8	113712483	113912483	harbor2	chr8	113721695	113721806	DNA/hAT-Charlie	549	-	56	113721751	9268
chr8	113712483	113912483	harbor2	chr8	113742579	113742914	DNA/hAT-Charlie	1158	-	168	113742747	30264
chr8	85482121	85682121	harbor2	chr8	85529933	85530238	DNA/hAT-Charlie	1039	-	152	85530085	47964
chr8	85482121	85682121	harbor2	chr8	85530528	85530693	DNA/hAT-Charlie	556	-	82	85530610	48489
chr8	115793057	115993057	harbor2	chr8	115801604	115801708	DNA/hAT-Charlie	588	-	52	115801656	8599
chr8	115793057	115993057	harbor2	chr8	115812644	115812855	DNA/hAT-Charlie	736	-	106	115812750	19693
chr8	115793057	115993057	harbor2	chr8	115882705	115882770	DNA/hAT-Charlie	385	-	32	115882737	89680
chr8	137851357	138051357	harbor2	chr8	137910289	137910556	DNA/hAT-Charlie	442	-	134	137910423	59066
chr8	137851357	138051357	harbor2	chr8	137931337	137931481	DNA/hAT-Charlie	620	-	72	137931409	80052
chr8	137851357	138051357	harbor2	chr8	137887648	137887861	DNA/hAT-Charlie	799	-	106	137887754	36397
chr8	87673781	87873781	harbor2	chr8	87678146	87678386	DNA/hAT-Charlie	418	-	120	87678266	4485
chr8	87673781	87873781	harbor2	chr8	87680221	87680357	DNA/hAT-Charlie	469	-	68	87680289	6508
chr8	87673781	87873781	harbor2	chr8	87687947	87688236	DNA/hAT-Charlie	1930	-	144	87688091	14310
chr8	87673781	87873781	harbor2	chr8	87698420	87698583	DNA/hAT-Charlie	527	-	82	87698502	24721
chr8	87673781	87873781	harbor2	chr8	87724455	87724571	DNA/hAT-Charlie	529	-	58	87724513	50732
chr8	133694195	133894195	harbor2	chr8	133712817	133712996	DNA/hAT-Charlie	986	-	90	133712907	18712
chr8	133694195	133894195	harbor2	chr8	133718210	133718416	DNA/hAT-Charlie	1014	-	103	133718313	24118
chr8	133694195	133894195	harbor2	chr8	133767127	133767315	DNA/hAT-Charlie	604	-	94	133767221	73026
chr8	28051271	28251271	harbor2	chr8	28061929	28062099	DNA/hAT-Charlie	518	-	85	28062014	10743
chr8	28051271	28251271	harbor2	chr8	28087970	28088146	DNA/hAT-Charlie	803	-	88	28088058	36787
chr8	28051271	28251271	harbor2	chr8	28095281	28095395	DNA/hAT-Charlie	449	-	57	28095338	44067
chr8	28051271	28251271	harbor2	chr8	28137073	28137154	DNA/hAT-Charlie	438	-	40	28137113	85842
chr8	81433329	81633329	harbor2	chr8	81443711	81443880	DNA/hAT-Charlie	443	-	84	81443795	10466
chr8	13813751	14013751	harbor2	chr8	13857061	13857267	DNA/hAT-Charlie	909	-	103	13857164	43413
chr8	69729267	69929267	harbor2	chr8	69736534	69736807	DNA/hAT-Charlie	713	-	136	69736670	7403
chr8	69729267	69929267	harbor2	chr8	69755084	69755380	DNA/hAT-Charlie	894	-	148	69755232	25965
chr8	69729267	69929267	harbor2	chr8	69802045	69802220	DNA/hAT-Charlie	380	-	88	69802133	72866
chr8	69729267	69929267	harbor2	chr8	69802538	69802616	DNA/hAT-Charlie	380	-	39	69802577	73310
chr8	69729267	69929267	harbor2	chr8	69816150	69816345	DNA/hAT-Charlie	699	-	98	69816248	86981
chr8	137187072	137387072	harbor2	chr8	137212231	137212396	DNA/hAT-Charlie	613	-	82	137212313	25241
chr8	137187072	137387072	harbor2	chr8	137242144	137242306	DNA/hAT-Charlie	503	-	81	137242225	55153
chr8	112812475	113012475	harbor2	chr8	112827743	112827966	DNA/hAT-Charlie	389	-	112	112827855	15380
chr8	112812475	113012475	harbor2	chr8	112829157	112829347	DNA/hAT-Charlie	412	-	95	112829252	16777
chr8	112812475	113012475	harbor2	chr8	112855225	112855345	DNA/hAT-Charlie	368	-	60	112855285	42810
chr8	112812475	113012475	harbor2	chr8	112855361	112855520	DNA/hAT-Charlie	480	-	80	112855441	42966
chr8	112812475	113012475	harbor2	chr8	112882993	112883277	DNA/hAT-Charlie	500	-	142	112883135	70660
chr8	112812475	113012475	harbor2	chr8	112884422	112884659	DNA/hAT-Charlie	961	-	118	112884540	72065
chr8	112812475	113012475	harbor2	chr8	112910138	112910245	DNA/hAT-Charlie	497	-	54	112910192	97717
chr8	133392409	133592409	harbor2	chr8	133396612	133396761	DNA/hAT-Charlie	445	-	74	133396686	4277
chr8	133392409	133592409	harbor2	chr8	133457655	133457776	DNA/hAT-Charlie	379	-	60	133457715	65306
chr8	133392409	133592409	harbor2	chr8	133463075	133463248	DNA/hAT-Charlie	644	-	86	133463161	70752
chr8	133392409	133592409	harbor2	chr8	133468706	133468859	DNA/hAT-Charlie	523	-	76	133468782	76373
chr8	133392409	133592409	harbor2	chr8	133469528	133469849	DNA/hAT-Charlie	444	-	160	133469688	77279
chr8	124291924	124491924	harbor2	chr8	124295422	124295476	DNA/hAT-Charlie	376	-	27	124295449	3525
chr8	124291924	124491924	harbor2	chr8	124298828	124299049	DNA/hAT-Charlie	1001	-	110	124298938	7014
chr8	124291924	124491924	harbor2	chr8	124317899	124318055	DNA/hAT-Charlie	1231	-	78	124317977	26053
chr8	124291924	124491924	harbor2	chr8	124318699	124318792	DNA/hAT-Charlie	534	-	46	124318745	26821
chr8	137994976	138194976	harbor2	chr8	138078745	138079089	DNA/hAT-Charlie	882	-	172	138078917	83941
chr8	127955550	128155550	harbor2	chr8	127972462	127972495	DNA/hAT-Charlie	416	-	16	127972478	16928
chr8	127955550	128155550	harbor2	chr8	127972767	127972882	DNA/hAT-Charlie	416	-	58	127972825	17275
chr8	127955550	128155550	harbor2	chr8	128000285	128000382	DNA/hAT-Charlie	376	-	48	128000333	44783
chr8	127955550	128155550	harbor2	chr8	128012763	128012918	DNA/hAT-Charlie	395	-	78	128012841	57291
chr8	127955550	128155550	harbor2	chr8	128038001	128038175	DNA/hAT-Charlie	409	-	87	128038088	82538
chr8	127955550	128155550	harbor2	chr8	128045834	128046004	DNA/hAT-Charlie	542	-	85	128045919	90369
chr8	104586968	104786968	harbor2	chr8	104591318	104591703	DNA/hAT-Charlie	1740	-	192	104591510	4542
chr8	104586968	104786968	harbor2	chr8	104614299	104614835	DNA/hAT-Charlie	3538	-	268	104614567	27599
chr8	74276742	74476742	harbor2	chr8	74335207	74335468	DNA/hAT-Charlie	368	-	130	74335337	58595
chr8	74276742	74476742	harbor2	chr8	74335548	74335695	DNA/hAT-Charlie	458	-	74	74335622	58880
chr8	74276742	74476742	harbor2	chr8	74343638	74343797	DNA/hAT-Charlie	623	-	80	74343718	66976
chr8	74276742	74476742	harbor2	chr8	74358427	74358551	DNA/hAT-Charlie	614	-	62	74358489	81747
chr8	74276742	74476742	harbor2	chr8	74358561	74358759	DNA/hAT-Charlie	897	-	99	74358660	81918
chr8	74276742	74476742	harbor2	chr8	74368746	74368963	DNA/hAT-Charlie	1152	-	108	74368854	92112
chr8	141165071	141365071	harbor2	chr8	141251626	141251858	DNA/hAT-Charlie	578	-	116	141251742	86671
chr8	141165071	141365071	harbor2	chr8	141257967	141258188	DNA/hAT-Charlie	598	-	110	141258077	93006
chr8	141691577	141891577	harbor2	chr8	141708379	141708528	DNA/hAT-Charlie	476	-	74	141708453	16876
chr8	136365675	136565675	harbor2	chr8	136394832	136395019	DNA/hAT-Charlie	1012	-	94	136394926	29251
chr8	134687359	134887359	harbor2	chr8	134689867	134690115	DNA/hAT-Charlie	870	-	124	134689991	2632
chr8	134687359	134887359	harbor2	chr8	134727680	134727893	DNA/hAT-Charlie	881	-	106	134727786	40427
chr8	134687359	134887359	harbor2	chr8	134731408	134731593	DNA/hAT-Charlie	988	-	92	134731500	44141
chr8	76504478	76704478	harbor2	chr8	76576649	76577114	DNA/hAT-Charlie	1409	-	232	76576881	72403
chr8	41896222	42096222	harbor2	chr8	41898173	41898451	DNA/hAT-Charlie	1042	-	139	41898312	2090
chr8	41896222	42096222	harbor2	chr8	41965232	41965414	DNA/hAT-Charlie	817	-	91	41965323	69101
chr8	54227342	54427342	harbor2	chr8	54234587	54234653	DNA/hAT-Charlie	690	-	33	54234620	7278
chr8	54227342	54427342	harbor2	chr8	54234946	54235061	DNA/hAT-Charlie	690	-	58	54235004	7662
chr8	54227342	54427342	harbor2	chr8	54245492	54245639	DNA/hAT-Charlie	388	-	74	54245566	18224
chr8	54227342	54427342	harbor2	chr8	54258191	54258397	DNA/hAT-Charlie	831	-	103	54258294	30952
chr8	54227342	54427342	harbor2	chr8	54311213	54311420	DNA/hAT-Charlie	938	-	104	54311317	83975
chr8	83506021	83706021	harbor2	chr8	83572905	83573084	DNA/hAT-Charlie	596	-	90	83572995	66974
chr8	81163964	81363964	harbor2	chr8	81210149	81210662	DNA/hAT-Charlie	3335	-	256	81210405	46441
chr8	81163964	81363964	harbor2	chr8	81217853	81218021	DNA/hAT-Charlie	553	-	84	81217937	53973
chr8	81163964	81363964	harbor2	chr8	81253407	81253566	DNA/hAT-Charlie	556	-	80	81253487	89523
chr8	108471765	108671765	harbor2	chr8	108507436	108507986	DNA/hAT-Charlie	978	-	275	108507711	35946
chr8	108471765	108671765	harbor2	chr8	108525345	108525562	DNA/hAT-Charlie	1355	-	108	108525453	53688
chr8	108471765	108671765	harbor2	chr8	108535992	108536557	DNA/hAT-Charlie	2562	-	282	108536274	64509
chr8	88834263	89034263	harbor2	chr8	88912291	88912417	DNA/hAT-Charlie	536	-	63	88912354	78091
chr8	138107804	138307804	harbor2	chr8	138134999	138135201	DNA/hAT-Charlie	798	-	101	138135100	27296
chr8	138107804	138307804	harbor2	chr8	138174006	138174225	DNA/hAT-Charlie	384	-	110	138174116	66312
chr8	138107804	138307804	harbor2	chr8	138182786	138182947	DNA/hAT-Charlie	462	-	80	138182866	75062
chr8	138107804	138307804	harbor2	chr8	138194392	138194574	DNA/hAT-Charlie	512	-	91	138194483	86679
chr8	138107804	138307804	harbor2	chr8	138203643	138204150	DNA/hAT-Charlie	3468	-	254	138203897	96093
chr8	71526168	71726168	harbor2	chr8	71590459	71590655	DNA/hAT-Charlie	1078	-	98	71590557	64389
chr8	75409963	75609963	harbor2	chr8	75420966	75421316	DNA/hAT-Charlie	993	-	175	75421141	11178
chr8	75409963	75609963	harbor2	chr8	75421645	75421802	DNA/hAT-Charlie	538	-	78	75421723	11760
chr8	75409963	75609963	harbor2	chr8	75437741	75438156	DNA/hAT-Charlie	1036	-	208	75437949	27986
chr8	75409963	75609963	harbor2	chr8	75439333	75440456	DNA/hAT-Charlie	2752	-	562	75439895	29932
chr8	75409963	75609963	harbor2	chr8	75440493	75440837	DNA/hAT-Charlie	641	-	172	75440665	30702
chr8	75409963	75609963	harbor2	chr8	75441633	75441828	DNA/hAT-Charlie	875	-	98	75441731	31768
chr8	139099057	139299057	harbor2	chr8	139193114	139193310	DNA/hAT-Charlie	692	-	98	139193212	94155
chr8	110040239	110240239	harbor2	chr8	110052654	110054029	DNA/hAT-Charlie	5405	-	688	110053342	13103
chr8	144791189	144991189	harbor2	chr8	144819129	144819371	DNA/hAT-Charlie	812	-	121	144819250	28061
chr8	107602859	107802859	harbor2	chr8	107659382	107659491	DNA/hAT-Charlie	542	-	54	107659436	56577
chr8	107602859	107802859	harbor2	chr8	107659844	107659898	DNA/hAT-Charlie	542	-	27	107659871	57012
chr8	107602859	107802859	harbor2	chr8	107663712	107663849	DNA/hAT-Charlie	555	-	68	107663780	60921
chr8	107602859	107802859	harbor2	chr8	107669988	107670149	DNA/hAT-Charlie	526	-	80	107670068	67209
chr8	107602859	107802859	harbor2	chr8	107675929	107676091	DNA/hAT-Charlie	466	-	81	107676010	73151
chr8	107602859	107802859	harbor2	chr8	107642680	107642964	DNA/hAT-Charlie	1524	-	142	107642822	39963
chr8	136067400	136267400	harbor2	chr8	136132568	136132721	DNA/hAT-Charlie	524	-	76	136132644	65244
chr8	136067400	136267400	harbor2	chr8	136164962	136165092	DNA/hAT-Charlie	567	-	65	136165027	97627
chr8	128332732	128532732	harbor2	chr8	128352612	128352885	DNA/hAT-Charlie	560	-	136	128352748	20016
chr8	128332732	128532732	harbor2	chr8	128431488	128431594	DNA/hAT-Charlie	392	-	53	128431541	98809
chr8	128154020	128354020	harbor2	chr8	128156566	128156746	DNA/hAT-Charlie	801	-	90	128156656	2636
chr8	128154020	128354020	harbor2	chr8	128201577	128201802	DNA/hAT-Charlie	1084	-	112	128201689	47669
chr8	128154020	128354020	harbor2	chr8	128208071	128208325	DNA/hAT-Charlie	1497	-	127	128208198	54178
chr8	128154020	128354020	harbor2	chr8	128208649	128208732	DNA/hAT-Charlie	1497	-	42	128208691	54671
chr8	128154020	128354020	harbor2	chr8	128241136	128241349	DNA/hAT-Charlie	761	-	106	128241242	87222
chr8	85107879	85307879	harbor2	chr8	85130745	85130950	DNA/hAT-Charlie	1042	-	102	85130847	22968
chr8	85107879	85307879	harbor2	chr8	85164138	85164471	DNA/hAT-Charlie	1746	-	166	85164304	56425
chr8	125487789	125687789	harbor2	chr8	125492340	125492657	DNA/hAT-Charlie	1226	-	158	125492498	4709
chr8	125487789	125687789	harbor2	chr8	125499430	125499661	DNA/hAT-Charlie	1101	-	116	125499546	11757
chr8	125487789	125687789	harbor2	chr8	125533992	125534080	DNA/hAT-Charlie	479	-	44	125534036	46247
chr8	125487789	125687789	harbor2	chr8	125536874	125537008	DNA/hAT-Charlie	3586	-	67	125536941	49152
chr8	125487789	125687789	harbor2	chr8	125537378	125537536	DNA/hAT-Charlie	3586	-	79	125537457	49668
chr8	125487789	125687789	harbor2	chr8	125537832	125538090	DNA/hAT-Charlie	3586	-	129	125537961	50172
chr8	125487789	125687789	harbor2	chr8	125557223	125557373	DNA/hAT-Charlie	785	-	75	125557298	69509
chr8	125487789	125687789	harbor2	chr8	125557412	125557763	DNA/hAT-Charlie	501	-	176	125557588	69799
chr8	125487789	125687789	harbor2	chr8	125567716	125567911	DNA/hAT-Charlie	440	-	98	125567814	80025
chr8	125487789	125687789	harbor2	chr8	125550498	125550700	DNA/hAT-Charlie	995	-	101	125550599	62810
chr8	36351779	36551779	harbor2	chr8	36360051	36360272	DNA/hAT-Charlie	915	-	110	36360161	8382
chr8	36351779	36551779	harbor2	chr8	36398336	36398562	DNA/hAT-Charlie	1589	-	113	36398449	46670
chr8	126352903	126552903	harbor2	chr8	126366672	126366780	DNA/hAT-Charlie	997	-	54	126366726	13823
chr8	126352903	126552903	harbor2	chr8	126367049	126367280	DNA/hAT-Charlie	997	-	116	126367165	14262
chr8	126352903	126552903	harbor2	chr8	126379275	126379486	DNA/hAT-Charlie	1115	-	106	126379381	26478
chr8	126352903	126552903	harbor2	chr8	126390831	126391131	DNA/hAT-Charlie	1031	-	150	126390981	38078
chr8	126352903	126552903	harbor2	chr8	126438616	126438823	DNA/hAT-Charlie	847	-	104	126438720	85817
chr8	52480106	52680106	harbor2	chr8	52483231	52483766	DNA/hAT-Charlie	3780	-	268	52483499	3393
chr8	52480106	52680106	harbor2	chr8	52517778	52517864	DNA/hAT-Charlie	385	-	43	52517821	37715
chr8	52480106	52680106	harbor2	chr8	52547612	52547703	DNA/hAT-Charlie	388	-	46	52547658	67552
chr8	52480106	52680106	harbor2	chr8	52547822	52548044	DNA/hAT-Charlie	837	-	111	52547933	67827
chr8	86888747	87088747	harbor2	chr8	86919809	86919972	DNA/hAT-Charlie	948	-	82	86919891	31144
chr8	103088136	103288136	harbor2	chr8	103155832	103155907	DNA/hAT-Charlie	487	-	38	103155870	67734
chr8	103088136	103288136	harbor2	chr8	103155920	103156076	DNA/hAT-Charlie	957	-	78	103155998	67862
chr8	103088136	103288136	harbor2	chr8	103172803	103173018	DNA/hAT-Charlie	434	-	108	103172911	84775
chr8	103088136	103288136	harbor2	chr8	103179175	103179285	DNA/hAT-Charlie	581	-	55	103179230	91094
chr8	91339462	91539462	harbor2	chr8	91347306	91347602	DNA/hAT-Charlie	944	-	148	91347454	7992
chr8	91339462	91539462	harbor2	chr8	91365213	91365432	DNA/hAT-Charlie	1565	-	110	91365323	25861
chr8	91339462	91539462	harbor2	chr8	91382024	91382157	DNA/hAT-Charlie	462	-	66	91382090	42628
chr8	141085042	141285042	harbor2	chr8	141094756	141094960	DNA/hAT-Charlie	785	-	102	141094858	9816
chr8	141085042	141285042	harbor2	chr8	141099777	141100005	DNA/hAT-Charlie	1366	-	114	141099891	14849
chr8	141085042	141285042	harbor2	chr8	141114655	141114712	DNA/hAT-Charlie	581	-	28	141114683	29641
chr8	141085042	141285042	harbor2	chr8	141115012	141115212	DNA/hAT-Charlie	581	-	100	141115112	30070
chr8	111306703	111506703	harbor2	chr8	111308675	111308877	DNA/hAT-Charlie	799	-	101	111308776	2073
chr8	137803723	138003723	harbor2	chr8	137806007	137806134	DNA/hAT-Charlie	493	-	64	137806071	2348
chr8	137803723	138003723	harbor2	chr8	137887648	137887861	DNA/hAT-Charlie	799	-	106	137887754	84031
chr8	137504807	137704807	harbor2	chr8	137580414	137580499	DNA/hAT-Charlie	380	-	42	137580456	75649
chr8	123991439	124191439	harbor2	chr8	124054330	124054514	DNA/hAT-Charlie	452	-	92	124054422	62983
chr8	123991439	124191439	harbor2	chr8	124072904	124073116	DNA/hAT-Charlie	503	-	106	124073010	81571
chr8	127526900	127726900	harbor2	chr8	127532344	127532538	DNA/hAT-Charlie	976	-	97	127532441	5541
chr8	127526900	127726900	harbor2	chr8	127545457	127545833	DNA/hAT-Charlie	768	-	188	127545645	18745
chr8	127526900	127726900	harbor2	chr8	127556692	127556908	DNA/hAT-Charlie	1001	-	108	127556800	29900
chr8	127526900	127726900	harbor2	chr8	127613108	127613346	DNA/hAT-Charlie	462	-	119	127613227	86327
chr8	117481186	117681186	harbor2	chr8	117524433	117524562	DNA/hAT-Charlie	387	-	64	117524497	43311
chr8	117481186	117681186	harbor2	chr8	117536808	117537035	DNA/hAT-Charlie	1474	-	114	117536922	55736
chr8	117481186	117681186	harbor2	chr8	117575307	117575491	DNA/hAT-Charlie	420	-	92	117575399	94213
chr8	140131467	140331467	harbor2	chr8	140199147	140199309	DNA/hAT-Charlie	514	-	81	140199228	67761
chr8	90682712	90882712	harbor2	chr8	90697319	90697500	DNA/hAT-Charlie	453	-	90	90697409	14697
chr8	90682712	90882712	harbor2	chr8	90701335	90701483	DNA/hAT-Charlie	750	-	74	90701409	18697
chr8	90682712	90882712	harbor2	chr8	90711636	90711970	DNA/hAT-Charlie	1529	-	167	90711803	29091
chr8	90682712	90882712	harbor2	chr8	90718178	90718331	DNA/hAT-Charlie	650	-	76	90718254	35542
chr8	32317202	32517202	harbor2	chr8	32365605	32365809	DNA/hAT-Charlie	849	-	102	32365707	48505
chr8	121579772	121779772	harbor2	chr8	121610299	121610472	DNA/hAT-Charlie	639	-	86	121610385	30613
chr8	121579772	121779772	harbor2	chr8	121636025	121636192	DNA/hAT-Charlie	415	-	84	121636109	56337
chr8	121579772	121779772	harbor2	chr8	121644531	121644971	DNA/hAT-Charlie	1621	-	220	121644751	64979
chr8	121579772	121779772	harbor2	chr8	121645299	121645427	DNA/hAT-Charlie	396	-	64	121645363	65591
chr8	121579772	121779772	harbor2	chr8	121645762	121646282	DNA/hAT-Charlie	3021	-	260	121646022	66250
chr8	121579772	121779772	harbor2	chr8	121646584	121646864	DNA/hAT-Charlie	3021	-	140	121646724	66952
chr8	87552542	87752542	harbor2	chr8	87578265	87578482	DNA/hAT-Charlie	835	-	108	87578373	25831
chr8	87552542	87752542	harbor2	chr8	87610034	87610543	DNA/hAT-Charlie	938	-	254	87610288	57746
chr8	87552542	87752542	harbor2	chr8	87633806	87633904	DNA/hAT-Charlie	515	-	49	87633855	81313
chr8	87552542	87752542	harbor2	chr8	87634179	87635417	DNA/hAT-Charlie	4184	-	619	87634798	82256
chr8	118380376	118580376	harbor2	chr8	118392728	118392928	DNA/hAT-Charlie	764	-	100	118392828	12452
chr8	123887206	124087206	harbor2	chr8	123897825	123898042	DNA/hAT-Charlie	885	-	108	123897933	10727
chr8	123887206	124087206	harbor2	chr8	123906955	123907167	DNA/hAT-Charlie	871	-	106	123907061	19855
chr8	123887206	124087206	harbor2	chr8	123908896	123909094	DNA/hAT-Charlie	638	-	99	123908995	21789
chr8	123887206	124087206	harbor2	chr8	123914182	123914229	DNA/hAT-Charlie	988	-	24	123914206	27000
chr8	123887206	124087206	harbor2	chr8	123925609	123925739	DNA/hAT-Charlie	446	-	65	123925674	38468
chr8	123887206	124087206	harbor2	chr8	123949204	123949319	DNA/hAT-Charlie	389	-	58	123949262	62056
chr8	123887206	124087206	harbor2	chr8	123974165	123974353	DNA/hAT-Charlie	567	-	94	123974259	87053
chr8	123887206	124087206	harbor2	chr8	123974687	123974790	DNA/hAT-Charlie	567	-	52	123974739	87533
chr8	123887206	124087206	harbor2	chr8	123977692	123978014	DNA/hAT-Charlie	1800	-	161	123977853	90647
chr8	139226797	139426797	harbor2	chr8	139268466	139268746	DNA/hAT-Charlie	1356	-	140	139268606	41809
chr8	139226797	139426797	harbor2	chr8	139272665	139272943	DNA/hAT-Charlie	602	-	139	139272804	46007
chr8	139226797	139426797	harbor2	chr8	139297364	139297616	DNA/hAT-Charlie	396	-	126	139297490	70693
chr8	57062066	57262066	harbor2	chr8	57129485	57129678	DNA/hAT-Charlie	419	-	96	57129581	67515
chr8	66072721	66272721	harbor2	chr8	66119780	66119969	DNA/hAT-Charlie	761	-	94	66119874	47153
chr8	66072721	66272721	harbor2	chr8	66133977	66134144	DNA/hAT-Charlie	571	-	84	66134061	61340
chr8	66072721	66272721	harbor2	chr8	66136877	66137010	DNA/hAT-Charlie	392	-	66	66136943	64222
chr8	52715336	52915336	harbor2	chr8	52721321	52721500	DNA/hAT-Charlie	820	-	90	52721411	6075
chr8	52715336	52915336	harbor2	chr8	52728413	52728613	DNA/hAT-Charlie	1087	-	100	52728513	13177
chr8	135624091	135824091	harbor2	chr8	135635029	135635371	DNA/hAT-Charlie	3768	-	171	135635200	11109
chr8	135624091	135824091	harbor2	chr8	135635683	135636559	DNA/hAT-Charlie	3768	-	438	135636121	12030
chr8	135624091	135824091	harbor2	chr8	135681929	135682137	DNA/hAT-Charlie	1149	-	104	135682033	57942
chr8	135624091	135824091	harbor2	chr8	135683204	135683388	DNA/hAT-Charlie	888	-	92	135683296	59205
chr8	135624091	135824091	harbor2	chr8	135708973	135709135	DNA/hAT-Charlie	591	-	81	135709054	84963
chr8	135624091	135824091	harbor2	chr8	135719197	135719330	DNA/hAT-Charlie	439	-	66	135719263	95172
chr8	134503652	134703652	harbor2	chr8	134595153	134595342	DNA/hAT-Charlie	516	-	94	134595247	91595
chr8	120068491	120268491	harbor2	chr8	120089522	120089694	DNA/hAT-Charlie	639	-	86	120089608	21117
chr8	120068491	120268491	harbor2	chr8	120130045	120130316	DNA/hAT-Charlie	609	-	136	120130181	61690
chr8	126045451	126245451	harbor2	chr8	126059298	126059507	DNA/hAT-Charlie	1322	-	104	126059402	13951
chr8	126045451	126245451	harbor2	chr8	126081883	126082030	DNA/hAT-Charlie	494	-	74	126081957	36506
chr8	126045451	126245451	harbor2	chr8	126085465	126085611	DNA/hAT-Charlie	713	-	73	126085538	40087
chr8	138799288	138999288	harbor2	chr8	138828276	138828441	DNA/hAT-Charlie	716	-	82	138828358	29070
chr8	138799288	138999288	harbor2	chr8	138867051	138867256	DNA/hAT-Charlie	717	-	102	138867153	67865
chr8	102781874	102981874	harbor2	chr8	102784999	102785126	DNA/hAT-Charlie	458	-	64	102785063	3189
chr8	102781874	102981874	harbor2	chr8	102786340	102786542	DNA/hAT-Charlie	1054	-	101	102786441	4567
chr8	102781874	102981874	harbor2	chr8	102808195	102808324	DNA/hAT-Charlie	501	-	64	102808259	26385
chr8	102781874	102981874	harbor2	chr8	102856819	102856943	DNA/hAT-Charlie	456	-	62	102856881	75007
chr8	138679488	138879488	harbor2	chr8	138687776	138687964	DNA/hAT-Charlie	701	-	94	138687870	8382
chr8	135352639	135552639	harbor2	chr8	135397911	135398125	DNA/hAT-Charlie	1130	-	107	135398018	45379
chr8	135352639	135552639	harbor2	chr8	135406722	135406831	DNA/hAT-Charlie	403	-	54	135406776	54137
chr8	135352639	135552639	harbor2	chr8	135421207	135421386	DNA/hAT-Charlie	376	-	90	135421297	68658
chr8	138099717	138299717	harbor2	chr8	138105303	138105467	DNA/hAT-Charlie	422	-	82	138105385	5668
chr8	138099717	138299717	harbor2	chr8	138134999	138135201	DNA/hAT-Charlie	798	-	101	138135100	35383
chr8	138099717	138299717	harbor2	chr8	138174006	138174225	DNA/hAT-Charlie	384	-	110	138174116	74399
chr8	138099717	138299717	harbor2	chr8	138182786	138182947	DNA/hAT-Charlie	462	-	80	138182866	83149
chr8	138099717	138299717	harbor2	chr8	138194392	138194574	DNA/hAT-Charlie	512	-	91	138194483	94766
chr8	127597199	127797199	harbor2	chr8	127613108	127613346	DNA/hAT-Charlie	462	-	119	127613227	16028
chr8	127597199	127797199	harbor2	chr8	127628818	127628966	DNA/hAT-Charlie	414	-	74	127628892	31693
chr8	127597199	127797199	harbor2	chr8	127644018	127644241	DNA/hAT-Charlie	1123	-	112	127644130	46931
chr8	114873710	115073710	harbor2	chr8	114949409	114949589	DNA/hAT-Charlie	379	-	90	114949499	75789
chr8	122708832	122908832	harbor2	chr8	122717444	122717596	DNA/hAT-Charlie	465	-	76	122717520	8688
chr8	122708832	122908832	harbor2	chr8	122722947	122723305	DNA/hAT-Charlie	1125	-	179	122723126	14294
chr8	122708832	122908832	harbor2	chr8	122794444	122794569	DNA/hAT-Charlie	449	-	62	122794506	85674
chr8	122708832	122908832	harbor2	chr8	122803444	122803635	DNA/hAT-Charlie	846	-	96	122803540	94708
chr8	109628355	109828355	harbor2	chr8	109664428	109664597	DNA/hAT-Charlie	425	-	84	109664512	36157
chr8	109628355	109828355	harbor2	chr8	109665049	109665373	DNA/hAT-Charlie	1045	-	162	109665211	36856
chr8	109628355	109828355	harbor2	chr8	109666248	109666472	DNA/hAT-Charlie	1094	-	112	109666360	38005
chr8	109628355	109828355	harbor2	chr8	109701426	109701597	DNA/hAT-Charlie	885	-	86	109701512	73157
chr8	124087151	124287151	harbor2	chr8	124148142	124148202	DNA/hAT-Charlie	427	-	30	124148172	61021
chr8	124087151	124287151	harbor2	chr8	124176007	124176157	DNA/hAT-Charlie	678	-	75	124176082	88931
chr8	124087151	124287151	harbor2	chr8	124182385	124182555	DNA/hAT-Charlie	641	-	85	124182470	95319
chr8	132921795	133121795	harbor2	chr8	132923893	132924385	DNA/hAT-Charlie	3563	-	246	132924139	2344
chr8	132921795	133121795	harbor2	chr8	132936405	132936520	DNA/hAT-Charlie	414	-	58	132936463	14668
chr8	132921795	133121795	harbor2	chr8	132959816	132960012	DNA/hAT-Charlie	1505	-	98	132959914	38119
chr8	132921795	133121795	harbor2	chr8	133014549	133014675	DNA/hAT-Charlie	608	-	63	133014612	92817
chr8	132921795	133121795	harbor2	chr8	133016243	133016469	DNA/hAT-Charlie	977	-	113	133016356	94561
chr8	144907691	145107691	harbor2	chr8	144929637	144929814	DNA/hAT-Charlie	785	-	88	144929725	22034
chr8	144907691	145107691	harbor2	chr8	144934756	144934928	DNA/hAT-Charlie	380	-	86	144934842	27151
chr8	99874130	100074130	harbor2	chr8	99899249	99899481	DNA/hAT-Charlie	1045	-	116	99899365	25235
chr8	99874130	100074130	harbor2	chr8	99900284	99900371	DNA/hAT-Charlie	393	-	44	99900328	26198
chr8	99874130	100074130	harbor2	chr8	99906234	99906423	DNA/hAT-Charlie	855	-	94	99906328	32198
chr8	99874130	100074130	harbor2	chr8	99908420	99908532	DNA/hAT-Charlie	747	-	56	99908476	34346
chr8	80972715	81172715	harbor2	chr8	80987918	80988078	DNA/hAT-Charlie	847	-	80	80987998	15283
chr8	80972715	81172715	harbor2	chr8	80989731	80989888	DNA/hAT-Charlie	379	-	78	80989809	17094
chr8	80972715	81172715	harbor2	chr8	81003223	81003359	DNA/hAT-Charlie	534	-	68	81003291	30576
chr8	80972715	81172715	harbor2	chr8	81009592	81009625	DNA/hAT-Charlie	378	-	16	81009608	36893
chr8	80972715	81172715	harbor2	chr8	81009916	81010052	DNA/hAT-Charlie	378	-	68	81009984	37269
chr8	80972715	81172715	harbor2	chr8	81017741	81017892	DNA/hAT-Charlie	494	-	76	81017817	45102
chr8	80972715	81172715	harbor2	chr8	81023049	81023531	DNA/hAT-Charlie	743	-	241	81023290	50575
chr8	80972715	81172715	harbor2	chr8	81053878	81054092	DNA/hAT-Charlie	1072	-	107	81053985	81270
chr8	80972715	81172715	harbor2	chr8	81064141	81064385	DNA/hAT-Charlie	1335	-	122	81064263	91548
chr8	80972715	81172715	harbor2	chr8	81072362	81072521	DNA/hAT-Charlie	547	-	80	81072442	99727
chr8	139109057	139309057	harbor2	chr8	139193114	139193310	DNA/hAT-Charlie	692	-	98	139193212	84155
chr8	139109057	139309057	harbor2	chr8	139208534	139208679	DNA/hAT-Charlie	609	-	72	139208606	99549
chr8	105677264	105877264	harbor2	chr8	105681348	105681448	DNA/hAT-Charlie	434	-	50	105681398	4134
chr8	105677264	105877264	harbor2	chr8	105707566	105707764	DNA/hAT-Charlie	605	-	99	105707665	30401
chr8	105677264	105877264	harbor2	chr8	105720516	105720700	DNA/hAT-Charlie	845	-	92	105720608	43344
chr8	115413793	115613793	harbor2	chr8	115436667	115436781	DNA/hAT-Charlie	517	-	57	115436724	22931
chr8	115413793	115613793	harbor2	chr8	115497141	115497471	DNA/hAT-Charlie	2016	-	165	115497306	83513
chr9	61772198	61972198	harbor2	chr9	61821184	61822600	DNA/hAT-Charlie	1716	-	708	61821892	49694
chr9	61772198	61972198	harbor2	chr9	61830625	61830918	DNA/hAT-Charlie	923	-	146	61830771	58573
chr9	61772198	61972198	harbor2	chr9	61870927	61870968	DNA/hAT-Charlie	628	-	20	61870947	98749
chr9	61772198	61972198	harbor2	chr9	61871279	61871358	DNA/hAT-Charlie	628	-	40	61871319	99121
chr9	133995964	134195964	harbor2	chr9	134000584	134000902	DNA/hAT-Charlie	1267	-	159	134000743	4779
chr9	133995964	134195964	harbor2	chr9	134000892	134000925	DNA/hAT-Charlie	463	-	16	134000908	4944
chr9	133995964	134195964	harbor2	chr9	134001226	134001303	DNA/hAT-Charlie	463	-	38	134001264	5300
chr9	133995964	134195964	harbor2	chr9	134071153	134071488	DNA/hAT-Charlie	2229	-	168	134071321	75357
chr9	129171771	129371771	harbor2	chr9	129232170	129232311	DNA/hAT-Charlie	484	-	70	129232240	60469
chr9	127519830	127719830	harbor2	chr9	127602857	127602895	DNA/hAT-Charlie	689	-	19	127602876	83046
chr9	127519830	127719830	harbor2	chr9	127603207	127603226	DNA/hAT-Charlie	689	-	10	127603217	83387
chr9	127519830	127719830	harbor2	chr9	127604048	127604217	DNA/hAT-Charlie	689	-	84	127604132	84302
chr9	87800991	88000991	harbor2	chr9	87803708	87803822	DNA/hAT-Charlie	506	-	57	87803765	2774
chr9	87800991	88000991	harbor2	chr9	87852820	87853004	DNA/hAT-Charlie	776	-	92	87852912	51921
chr9	126283861	126483861	harbor2	chr9	126341614	126341850	DNA/hAT-Charlie	1028	-	118	126341732	57871
chr9	126283861	126483861	harbor2	chr9	126360300	126360486	DNA/hAT-Charlie	596	-	93	126360393	76532
chr9	86395629	86595629	harbor2	chr9	86483094	86483374	DNA/hAT-Charlie	654	-	140	86483234	87605
chr9	134006116	134206116	harbor2	chr9	134071153	134071488	DNA/hAT-Charlie	2229	-	168	134071321	65205
chr9	131975283	132175283	harbor2	chr9	131982700	131982915	DNA/hAT-Charlie	688	-	108	131982808	7525
chr9	131975283	132175283	harbor2	chr9	131982923	131983057	DNA/hAT-Charlie	555	-	67	131982990	7707
chr9	131975283	132175283	harbor2	chr9	132051606	132051809	DNA/hAT-Charlie	1166	-	102	132051708	76425
chr9	89188340	89388340	harbor2	chr9	89266165	89266306	DNA/hAT-Charlie	736	-	70	89266235	77895
chr9	118317055	118517055	harbor2	chr9	118327942	118328118	DNA/hAT-Charlie	685	-	88	118328030	10975
chr9	118317055	118517055	harbor2	chr9	118406970	118407141	DNA/hAT-Charlie	586	-	86	118407056	90001
chr9	70822425	71022425	harbor2	chr9	70853303	70853423	DNA/hAT-Charlie	619	-	60	70853363	30938
chr9	70822425	71022425	harbor2	chr9	70872088	70872246	DNA/hAT-Charlie	810	-	79	70872167	49742
chr9	70822425	71022425	harbor2	chr9	70878527	70878747	DNA/hAT-Charlie	632	-	110	70878637	56212
chr9	70822425	71022425	harbor2	chr9	70885191	70885413	DNA/hAT-Charlie	1071	-	111	70885302	62877
chr9	70822425	71022425	harbor2	chr9	70905161	70905427	DNA/hAT-Charlie	547	-	133	70905294	82869
chr9	117913215	118113215	harbor2	chr9	117956235	117956425	DNA/hAT-Charlie	492	-	95	117956330	43115
chr9	117913215	118113215	harbor2	chr9	117974037	117974236	DNA/hAT-Charlie	860	-	100	117974137	60922
chr9	117913215	118113215	harbor2	chr9	117989728	117989942	DNA/hAT-Charlie	815	-	107	117989835	76620
chr9	14200108	14400108	harbor2	chr9	14213403	14213586	DNA/hAT-Charlie	774	-	92	14213495	13387
chr9	14200108	14400108	harbor2	chr9	14222967	14223183	DNA/hAT-Charlie	1437	-	108	14223075	22967
chr9	91365178	91565178	harbor2	chr9	91370473	91370821	DNA/hAT-Charlie	2151	-	174	91370647	5469
chr9	91365178	91565178	harbor2	chr9	91377569	91377684	DNA/hAT-Charlie	731	-	58	91377627	12449
chr9	91365178	91565178	harbor2	chr9	91377968	91378037	DNA/hAT-Charlie	731	-	34	91378002	12824
chr9	91365178	91565178	harbor2	chr9	91395727	91395880	DNA/hAT-Charlie	644	-	76	91395803	30625
chr9	91365178	91565178	harbor2	chr9	91436874	91437213	DNA/hAT-Charlie	2253	-	170	91437044	71866
chr9	117135775	117335775	harbor2	chr9	117156380	117156557	DNA/hAT-Charlie	1019	-	88	117156468	20693
chr9	117135775	117335775	harbor2	chr9	117187972	117188135	DNA/hAT-Charlie	699	-	82	117188054	52279
chr9	117135775	117335775	harbor2	chr9	117190096	117190318	DNA/hAT-Charlie	462	-	111	117190207	54432
chr9	106084886	106284886	harbor2	chr9	106141256	106141416	DNA/hAT-Charlie	693	-	80	106141336	56450
chr9	106084886	106284886	harbor2	chr9	106174698	106174953	DNA/hAT-Charlie	557	-	128	106174826	89940
chr9	95420410	95620410	harbor2	chr9	95435677	95435833	DNA/hAT-Charlie	601	-	78	95435755	15345
chr9	95420410	95620410	harbor2	chr9	95437625	95437841	DNA/hAT-Charlie	1105	-	108	95437733	17323
chr9	95420410	95620410	harbor2	chr9	95442392	95442522	DNA/hAT-Charlie	392	-	65	95442457	22047
chr9	95420410	95620410	harbor2	chr9	95442577	95442748	DNA/hAT-Charlie	541	-	86	95442663	22253
chr9	95420410	95620410	harbor2	chr9	95447865	95448055	DNA/hAT-Charlie	632	-	95	95447960	27550
chr9	79996081	80196081	harbor2	chr9	80070567	80070739	DNA/hAT-Charlie	555	-	86	80070653	74572
chr9	79996081	80196081	harbor2	chr9	80078546	80078738	DNA/hAT-Charlie	678	-	96	80078642	82561
chr9	79996081	80196081	harbor2	chr9	80083748	80084091	DNA/hAT-Charlie	1600	-	172	80083920	87839
chr9	128614084	128814084	harbor2	chr9	128614051	128614172	DNA/hAT-Charlie	2555	-	60	128614111	27
chr9	128614084	128814084	harbor2	chr9	128614765	128615244	DNA/hAT-Charlie	2555	-	240	128615005	921
chr9	128614084	128814084	harbor2	chr9	128615238	128615484	DNA/hAT-Charlie	1068	-	123	128615361	1277
chr9	109367266	109567266	harbor2	chr9	109406114	109406388	DNA/hAT-Charlie	558	-	137	109406251	38985
chr9	109367266	109567266	harbor2	chr9	109408024	109408181	DNA/hAT-Charlie	675	-	78	109408102	40836
chr9	109367266	109567266	harbor2	chr9	109409045	109409224	DNA/hAT-Charlie	545	-	90	109409135	41869
chr9	109367266	109567266	harbor2	chr9	109411003	109411182	DNA/hAT-Charlie	839	-	90	109411093	43827
chr9	109367266	109567266	harbor2	chr9	109414251	109414407	DNA/hAT-Charlie	458	-	78	109414329	47063
chr9	109367266	109567266	harbor2	chr9	109461447	109461473	DNA/hAT-Charlie	489	-	13	109461460	94194
chr9	109367266	109567266	harbor2	chr9	109461775	109461889	DNA/hAT-Charlie	489	-	57	109461832	94566
chr9	109367266	109567266	harbor2	chr9	109466543	109466687	DNA/hAT-Charlie	652	-	72	109466615	99349
chr9	100513280	100713280	harbor2	chr9	100519832	100520087	DNA/hAT-Charlie	711	-	128	100519960	6680
chr9	100513280	100713280	harbor2	chr9	100534932	100535001	DNA/hAT-Charlie	420	-	34	100534966	21686
chr9	100513280	100713280	harbor2	chr9	100543598	100543704	DNA/hAT-Charlie	1171	-	53	100543651	30371
chr9	100513280	100713280	harbor2	chr9	100543748	100543831	DNA/hAT-Charlie	1171	-	42	100543790	30510
chr9	100513280	100713280	harbor2	chr9	100552883	100552985	DNA/hAT-Charlie	568	-	51	100552934	39654
chr9	100513280	100713280	harbor2	chr9	100571576	100572114	DNA/hAT-Charlie	3704	-	269	100571845	58565
chr9	111301942	111501942	harbor2	chr9	111394679	111394879	DNA/hAT-Charlie	813	-	100	111394779	92837
chr9	70818910	71018910	harbor2	chr9	70853303	70853423	DNA/hAT-Charlie	619	-	60	70853363	34453
chr9	70818910	71018910	harbor2	chr9	70872088	70872246	DNA/hAT-Charlie	810	-	79	70872167	53257
chr9	70818910	71018910	harbor2	chr9	70878527	70878747	DNA/hAT-Charlie	632	-	110	70878637	59727
chr9	70818910	71018910	harbor2	chr9	70885191	70885413	DNA/hAT-Charlie	1071	-	111	70885302	66392
chr9	70818910	71018910	harbor2	chr9	70905161	70905427	DNA/hAT-Charlie	547	-	133	70905294	86384
chr9	98767974	98967974	harbor2	chr9	98778497	98778683	DNA/hAT-Charlie	486	-	93	98778590	10616
chr9	98767974	98967974	harbor2	chr9	98842746	98843041	DNA/hAT-Charlie	1288	-	148	98842894	74920
chr9	98767974	98967974	harbor2	chr9	98860472	98860536	DNA/hAT-Charlie	758	-	32	98860504	92530
chr9	98767974	98967974	harbor2	chr9	98860838	98860951	DNA/hAT-Charlie	758	-	56	98860894	92920
chr9	134492700	134692700	harbor2	chr9	134536780	134536968	DNA/hAT-Charlie	640	-	94	134536874	44174
chr9	78322709	78522709	harbor2	chr9	78359170	78359246	DNA/hAT-Charlie	521	-	38	78359208	36499
chr9	78322709	78522709	harbor2	chr9	78413882	78414021	DNA/hAT-Charlie	579	-	70	78413952	91243
chr9	78322709	78522709	harbor2	chr9	78414314	78414347	DNA/hAT-Charlie	579	-	16	78414330	91621
chr9	116929359	117129359	harbor2	chr9	116950105	116950325	DNA/hAT-Charlie	1127	-	110	116950215	20856
chr9	116929359	117129359	harbor2	chr9	116954309	116954467	DNA/hAT-Charlie	930	-	79	116954388	25029
chr9	116929359	117129359	harbor2	chr9	116954490	116954721	DNA/hAT-Charlie	998	-	116	116954606	25247
chr9	116929359	117129359	harbor2	chr9	116960530	116960715	DNA/hAT-Charlie	908	-	92	116960622	31263
chr9	116929359	117129359	harbor2	chr9	116969753	116969842	DNA/hAT-Charlie	436	-	44	116969797	40438
chr9	116929359	117129359	harbor2	chr9	116970303	116970378	DNA/hAT-Charlie	497	-	38	116970341	40982
chr9	116929359	117129359	harbor2	chr9	116994132	116994340	DNA/hAT-Charlie	977	-	104	116994236	64877
chr9	116929359	117129359	harbor2	chr9	117009018	117009214	DNA/hAT-Charlie	519	-	98	117009116	79757
chr9	116929359	117129359	harbor2	chr9	117015916	117016145	DNA/hAT-Charlie	622	-	114	117016030	86671
chr9	132609057	132809057	harbor2	chr9	132680373	132680540	DNA/hAT-Charlie	524	-	84	132680457	71400
chr9	132609057	132809057	harbor2	chr9	132681532	132681746	DNA/hAT-Charlie	548	-	107	132681639	72582
chr9	132609057	132809057	harbor2	chr9	132688522	132688654	DNA/hAT-Charlie	477	-	66	132688588	79531
chr9	132609057	132809057	harbor2	chr9	132695742	132695882	DNA/hAT-Charlie	471	-	70	132695812	86755
chr9	71242022	71442022	harbor2	chr9	71311694	71311986	DNA/hAT-Charlie	922	-	146	71311840	69818
chr9	71242022	71442022	harbor2	chr9	71332358	71332376	DNA/hAT-Charlie	648	-	9	71332367	90345
chr9	71242022	71442022	harbor2	chr9	71332413	71332691	DNA/hAT-Charlie	648	-	139	71332552	90530
chr9	82614346	82814346	harbor2	chr9	82666261	82666410	DNA/hAT-Charlie	524	-	74	82666335	51989
chr9	82614346	82814346	harbor2	chr9	82707208	82707409	DNA/hAT-Charlie	929	-	100	82707308	92962
chr9	131307406	131507406	harbor2	chr9	131308753	131309046	DNA/hAT-Charlie	1111	-	146	131308899	1493
chr9	131307406	131507406	harbor2	chr9	131324048	131324170	DNA/hAT-Charlie	432	-	61	131324109	16703
chr9	131307406	131507406	harbor2	chr9	131363126	131363387	DNA/hAT-Charlie	885	-	130	131363256	55850
chr9	83965099	84165099	harbor2	chr9	84004994	84005175	DNA/hAT-Charlie	829	-	90	84005084	39985
chr9	83965099	84165099	harbor2	chr9	84012826	84013168	DNA/hAT-Charlie	2219	-	171	84012997	47898
chr9	110082390	110282390	harbor2	chr9	110088651	110088703	DNA/hAT-Charlie	532	-	26	110088677	6287
chr9	110082390	110282390	harbor2	chr9	110089019	110089140	DNA/hAT-Charlie	532	-	60	110089079	6689
chr9	110082390	110282390	harbor2	chr9	110151372	110151620	DNA/hAT-Charlie	529	-	124	110151496	69106
chr9	110082390	110282390	harbor2	chr9	110167866	110168068	DNA/hAT-Charlie	1238	-	101	110167967	85577
chr9	110082390	110282390	harbor2	chr9	110176012	110176219	DNA/hAT-Charlie	648	-	104	110176116	93726
chr9	110082390	110282390	harbor2	chr9	110181882	110182119	DNA/hAT-Charlie	1212	-	118	110182000	99610
chr9	105279905	105479905	harbor2	chr9	105371262	105371445	DNA/hAT-Charlie	1000	-	92	105371354	91449
chr9	105279905	105479905	harbor2	chr9	105371742	105371791	DNA/hAT-Charlie	1000	-	24	105371766	91861
chr9	93239757	93439757	harbor2	chr9	93240784	93240971	DNA/hAT-Charlie	734	-	94	93240878	1121
chr9	39693318	39893318	harbor2	chr9	39750092	39750332	DNA/hAT-Charlie	454	-	120	39750212	56894
chr9	109700567	109900567	harbor2	chr9	109726766	109726959	DNA/hAT-Charlie	1007	-	96	109726862	26295
chr9	109700567	109900567	harbor2	chr9	109734376	109734569	DNA/hAT-Charlie	748	-	96	109734472	33905
chr9	109700567	109900567	harbor2	chr9	109752313	109752441	DNA/hAT-Charlie	609	-	64	109752377	51810
chr9	109700567	109900567	harbor2	chr9	109765688	109765837	DNA/hAT-Charlie	654	-	74	109765762	65195
chr9	109700567	109900567	harbor2	chr9	109787529	109787842	DNA/hAT-Charlie	528	-	156	109787685	87118
chr9	109700567	109900567	harbor2	chr9	109788419	109788602	DNA/hAT-Charlie	968	-	92	109788511	87944
chr9	109700567	109900567	harbor2	chr9	109791706	109791904	DNA/hAT-Charlie	604	-	99	109791805	91238
chr9	109700567	109900567	harbor2	chr9	109795052	109795269	DNA/hAT-Charlie	1008	-	108	109795160	94593
chr9	109700567	109900567	harbor2	chr9	109796100	109796284	DNA/hAT-Charlie	653	-	92	109796192	95625
chr9	109700567	109900567	harbor2	chr9	109796331	109796523	DNA/hAT-Charlie	998	-	96	109796427	95860
chr9	109700567	109900567	harbor2	chr9	109796901	109796988	DNA/hAT-Charlie	998	-	44	109796945	96378
chr9	117891421	118091421	harbor2	chr9	117956235	117956425	DNA/hAT-Charlie	492	-	95	117956330	64909
chr9	117891421	118091421	harbor2	chr9	117974037	117974236	DNA/hAT-Charlie	860	-	100	117974137	82716
chr9	117891421	118091421	harbor2	chr9	117989728	117989942	DNA/hAT-Charlie	815	-	107	117989835	98414
chr9	113500555	113700555	harbor2	chr9	113508011	113508281	DNA/hAT-Charlie	662	-	135	113508146	7591
chr9	113500555	113700555	harbor2	chr9	113513960	113514187	DNA/hAT-Charlie	542	-	114	113514074	13519
chr9	113500555	113700555	harbor2	chr9	113558711	113558932	DNA/hAT-Charlie	705	-	110	113558821	58266
chr9	113500555	113700555	harbor2	chr9	113575877	113575978	DNA/hAT-Charlie	589	-	50	113575927	75372
chr9	113500555	113700555	harbor2	chr9	113576228	113576291	DNA/hAT-Charlie	589	-	32	113576260	75705
chr9	113500555	113700555	harbor2	chr9	113585686	113585819	DNA/hAT-Charlie	478	-	66	113585752	85197
chr9	109676786	109876786	harbor2	chr9	109680486	109680955	DNA/hAT-Charlie	1542	-	234	109680720	3934
chr9	109676786	109876786	harbor2	chr9	109726766	109726959	DNA/hAT-Charlie	1007	-	96	109726862	50076
chr9	109676786	109876786	harbor2	chr9	109734376	109734569	DNA/hAT-Charlie	748	-	96	109734472	57686
chr9	109676786	109876786	harbor2	chr9	109752313	109752441	DNA/hAT-Charlie	609	-	64	109752377	75591
chr9	109676786	109876786	harbor2	chr9	109765688	109765837	DNA/hAT-Charlie	654	-	74	109765762	88976
chr9	96802644	97002644	harbor2	chr9	96823087	96823287	DNA/hAT-Charlie	702	-	100	96823187	20543
chr9	96802644	97002644	harbor2	chr9	96849094	96849423	DNA/hAT-Charlie	1997	-	164	96849258	46614
chr9	108938793	109138793	harbor2	chr9	108975698	108975853	DNA/hAT-Charlie	568	-	78	108975776	36983
chr9	108938793	109138793	harbor2	chr9	108985172	108985379	DNA/hAT-Charlie	942	-	104	108985276	46483
chr9	108938793	109138793	harbor2	chr9	109016179	109016375	DNA/hAT-Charlie	430	-	98	109016277	77484
chr9	92476254	92676254	harbor2	chr9	92523279	92523403	DNA/hAT-Charlie	852	-	62	92523341	47087
chr9	92476254	92676254	harbor2	chr9	92523959	92524036	DNA/hAT-Charlie	852	-	38	92523997	47743
chr9	92476254	92676254	harbor2	chr9	92531494	92531697	DNA/hAT-Charlie	986	-	102	92531596	55342
chr9	92476254	92676254	harbor2	chr9	92565196	92565422	DNA/hAT-Charlie	1512	-	113	92565309	89055
chr9	109871215	110071215	harbor2	chr9	109878411	109878745	DNA/hAT-Charlie	789	-	167	109878578	7363
chr9	109871215	110071215	harbor2	chr9	109879037	109879140	DNA/hAT-Charlie	789	-	52	109879089	7874
chr9	109871215	110071215	harbor2	chr9	109888776	109888998	DNA/hAT-Charlie	1109	-	111	109888887	17672
chr9	109871215	110071215	harbor2	chr9	109921316	109921509	DNA/hAT-Charlie	1039	-	96	109921412	50197
chr9	109871215	110071215	harbor2	chr9	109940940	109941048	DNA/hAT-Charlie	474	-	54	109940994	69779
chr9	109871215	110071215	harbor2	chr9	109941141	109941266	DNA/hAT-Charlie	507	-	62	109941203	69988
chr9	109871215	110071215	harbor2	chr9	109951589	109951760	DNA/hAT-Charlie	431	-	86	109951675	80460
chr9	109871215	110071215	harbor2	chr9	109952055	109952259	DNA/hAT-Charlie	965	-	102	109952157	80942
chr9	109871215	110071215	harbor2	chr9	109956700	109956869	DNA/hAT-Charlie	656	-	84	109956784	85569
chr9	109871215	110071215	harbor2	chr9	109957689	109957860	DNA/hAT-Charlie	408	-	86	109957775	86560
chr9	109871215	110071215	harbor2	chr9	109966746	109966910	DNA/hAT-Charlie	670	-	82	109966828	95613
chr9	109871215	110071215	harbor2	chr9	109970121	109970401	DNA/hAT-Charlie	914	-	140	109970261	99046
chr9	70329039	70529039	harbor2	chr9	70330178	70330382	DNA/hAT-Charlie	989	-	102	70330280	1241
chr9	70329039	70529039	harbor2	chr9	70330502	70330544	DNA/hAT-Charlie	1352	-	21	70330523	1484
chr9	70329039	70529039	harbor2	chr9	70330843	70331158	DNA/hAT-Charlie	1352	-	158	70331001	1962
chr9	70329039	70529039	harbor2	chr9	70331156	70331290	DNA/hAT-Charlie	518	-	67	70331223	2184
chr9	70329039	70529039	harbor2	chr9	70376681	70376910	DNA/hAT-Charlie	771	-	114	70376795	47756
chr9	70329039	70529039	harbor2	chr9	70410152	70410364	DNA/hAT-Charlie	1040	-	106	70410258	81219
chr9	70329039	70529039	harbor2	chr9	70426833	70426991	DNA/hAT-Charlie	924	-	79	70426912	97873
chr9	119355842	119555842	harbor2	chr9	119363724	119363933	DNA/hAT-Charlie	1043	-	104	119363828	7986
chr9	119355842	119555842	harbor2	chr9	119401010	119401124	DNA/hAT-Charlie	522	-	57	119401067	45225
chr9	119355842	119555842	harbor2	chr9	119401147	119401426	DNA/hAT-Charlie	1034	-	140	119401287	45445
chr9	119355842	119555842	harbor2	chr9	119403588	119403791	DNA/hAT-Charlie	918	-	102	119403690	47848
chr9	119355842	119555842	harbor2	chr9	119417970	119418188	DNA/hAT-Charlie	951	-	109	119418079	62237
chr9	119355842	119555842	harbor2	chr9	119434822	119434987	DNA/hAT-Charlie	700	-	82	119434904	79062
chr9	119355842	119555842	harbor2	chr9	119435643	119435809	DNA/hAT-Charlie	782	-	83	119435726	79884
chr9	119355842	119555842	harbor2	chr9	119450246	119450421	DNA/hAT-Charlie	497	-	88	119450334	94492
chr9	110881716	111081716	harbor2	chr9	110899598	110899760	DNA/hAT-Charlie	931	-	81	110899679	17963
chr9	110881716	111081716	harbor2	chr9	110899806	110899975	DNA/hAT-Charlie	778	-	84	110899890	18174
chr9	110881716	111081716	harbor2	chr9	110926939	110927075	DNA/hAT-Charlie	429	-	68	110927007	45291
chr9	110881716	111081716	harbor2	chr9	110944110	110944228	DNA/hAT-Charlie	487	-	59	110944169	62453
chr9	71813459	72013459	harbor2	chr9	71887487	71887648	DNA/hAT-Charlie	441	-	80	71887567	74108
chr9	71813459	72013459	harbor2	chr9	71904701	71904930	DNA/hAT-Charlie	444	-	114	71904815	91356
chr9	71813459	72013459	harbor2	chr9	71906825	71906921	DNA/hAT-Charlie	398	-	48	71906873	93414
chr9	71813459	72013459	harbor2	chr9	71827431	71827619	DNA/hAT-Charlie	1187	-	94	71827525	14066
chr9	30589911	30789911	harbor2	chr9	30640689	30640878	DNA/hAT-Charlie	779	-	94	30640783	50872
chr9	30589911	30789911	harbor2	chr9	30651924	30652118	DNA/hAT-Charlie	649	-	97	30652021	62110
chr9	89725639	89925639	harbor2	chr9	89728338	89728549	DNA/hAT-Charlie	761	-	106	89728444	2805
chr9	89725639	89925639	harbor2	chr9	89788143	89788298	DNA/hAT-Charlie	436	-	78	89788221	62582
chr9	89725639	89925639	harbor2	chr9	89792517	89792651	DNA/hAT-Charlie	393	-	67	89792584	66945
chr9	89725639	89925639	harbor2	chr9	89822167	89822249	DNA/hAT-Charlie	618	-	41	89822208	96569
chr9	89725639	89925639	harbor2	chr9	89822543	89822631	DNA/hAT-Charlie	618	-	44	89822587	96948
chr9	81297213	81497213	harbor2	chr9	81309247	81309457	DNA/hAT-Charlie	838	-	105	81309352	12139
chr9	81297213	81497213	harbor2	chr9	81379754	81379927	DNA/hAT-Charlie	483	-	86	81379840	82627
chr9	110833765	111033765	harbor2	chr9	110853107	110853243	DNA/hAT-Charlie	673	-	68	110853175	19410
chr9	110833765	111033765	harbor2	chr9	110871620	110871933	DNA/hAT-Charlie	1410	-	156	110871776	38011
chr9	110833765	111033765	harbor2	chr9	110899598	110899760	DNA/hAT-Charlie	931	-	81	110899679	65914
chr9	110833765	111033765	harbor2	chr9	110899806	110899975	DNA/hAT-Charlie	778	-	84	110899890	66125
chr9	110833765	111033765	harbor2	chr9	110926939	110927075	DNA/hAT-Charlie	429	-	68	110927007	93242
chr9	108970538	109170538	harbor2	chr9	108975698	108975853	DNA/hAT-Charlie	568	-	78	108975776	5238
chr9	108970538	109170538	harbor2	chr9	108985172	108985379	DNA/hAT-Charlie	942	-	104	108985276	14738
chr9	108970538	109170538	harbor2	chr9	109016179	109016375	DNA/hAT-Charlie	430	-	98	109016277	45739
chr9	93396182	93596182	harbor2	chr9	93432290	93432432	DNA/hAT-Charlie	1231	-	71	93432361	36179
chr9	93396182	93596182	harbor2	chr9	93432740	93432932	DNA/hAT-Charlie	1231	-	96	93432836	36654
chr9	118973349	119173349	harbor2	chr9	118979551	118979774	DNA/hAT-Charlie	968	-	112	118979663	6314
chr9	118973349	119173349	harbor2	chr9	119005847	119005967	DNA/hAT-Charlie	607	-	60	119005907	32558
chr9	118973349	119173349	harbor2	chr9	119059214	119059401	DNA/hAT-Charlie	889	-	94	119059308	85959
chr9	123100604	123300604	harbor2	chr9	123106893	123107107	DNA/hAT-Charlie	835	-	107	123107000	6396
chr9	123100604	123300604	harbor2	chr9	123156434	123156560	DNA/hAT-Charlie	488	-	63	123156497	55893
chr9	123100604	123300604	harbor2	chr9	123156561	123156749	DNA/hAT-Charlie	583	-	94	123156655	56051
chr9	123100604	123300604	harbor2	chr9	123191463	123191784	DNA/hAT-Charlie	1617	-	160	123191623	91019
chr9	85284733	85484733	harbor2	chr9	85298184	85298528	DNA/hAT-Charlie	2002	-	172	85298356	13623
chr9	85284733	85484733	harbor2	chr9	85312364	85312531	DNA/hAT-Charlie	649	-	84	85312448	27715
chr9	85284733	85484733	harbor2	chr9	85350274	85350418	DNA/hAT-Charlie	626	-	72	85350346	65613
chr9	85284733	85484733	harbor2	chr9	85378876	85379047	DNA/hAT-Charlie	823	-	86	85378962	94229
chr9	122240584	122440584	harbor2	chr9	122285462	122285850	DNA/hAT-Charlie	758	-	194	122285656	45072
chr9	122240584	122440584	harbor2	chr9	122288822	122288956	DNA/hAT-Charlie	410	-	67	122288889	48305
chr9	122240584	122440584	harbor2	chr9	122314515	122314634	DNA/hAT-Charlie	391	-	60	122314575	73991
chr9	95871047	96071047	harbor2	chr9	95909169	95909365	DNA/hAT-Charlie	1058	-	98	95909267	38220
chr9	95871047	96071047	harbor2	chr9	95956214	95956375	DNA/hAT-Charlie	682	-	80	95956294	85247
chr9	65639509	65839509	harbor2	chr9	65660888	65661136	DNA/hAT-Charlie	572	-	124	65661012	21503
chr9	65639509	65839509	harbor2	chr9	65689266	65689479	DNA/hAT-Charlie	1215	-	106	65689372	49863
chr9	132717881	132917881	harbor2	chr9	132724739	132724914	DNA/hAT-Charlie	656	-	88	132724827	6946
chr9	132717881	132917881	harbor2	chr9	132734327	132734456	DNA/hAT-Charlie	525	-	64	132734391	16510
chr9	101924713	102124713	harbor2	chr9	101999871	101999995	DNA/hAT-Charlie	414	-	62	101999933	75220
chr9	132123633	132323633	harbor2	chr9	132203485	132203654	DNA/hAT-Charlie	418	-	84	132203569	79936
chr9	72414895	72614895	harbor2	chr9	72434268	72434373	DNA/hAT-Charlie	514	-	52	72434320	19425
chr9	72414895	72614895	harbor2	chr9	72494569	72494701	DNA/hAT-Charlie	436	-	66	72494635	79740
chr9	137938083	138138083	harbor2	chr9	138007566	138007743	DNA/hAT-Charlie	519	-	88	138007654	69571
chr9	137938083	138138083	harbor2	chr9	138037215	138037369	DNA/hAT-Charlie	552	-	77	138037292	99209
chr9	129780568	129980568	harbor2	chr9	129796710	129796748	DNA/hAT-Charlie	715	-	19	129796729	16161
chr9	129780568	129980568	harbor2	chr9	129797051	129797110	DNA/hAT-Charlie	715	-	30	129797081	16513
chr9	129780568	129980568	harbor2	chr9	129797432	129797847	DNA/hAT-Charlie	715	-	208	129797640	17072
chr9	129780568	129980568	harbor2	chr9	129798144	129798183	DNA/hAT-Charlie	715	-	20	129798164	17596
chr9	129780568	129980568	harbor2	chr9	129876800	129876991	DNA/hAT-Charlie	856	-	96	129876896	96328
chr9	118238513	118438513	harbor2	chr9	118279828	118280031	DNA/hAT-Charlie	770	-	102	118279930	41417
chr9	118238513	118438513	harbor2	chr9	118293515	118293724	DNA/hAT-Charlie	973	-	104	118293619	55106
chr9	118238513	118438513	harbor2	chr9	118302197	118302317	DNA/hAT-Charlie	423	-	60	118302257	63744
chr9	118238513	118438513	harbor2	chr9	118304390	118304618	DNA/hAT-Charlie	693	-	114	118304504	65991
chr9	118238513	118438513	harbor2	chr9	118327942	118328118	DNA/hAT-Charlie	685	-	88	118328030	89517
chr9	100451892	100651892	harbor2	chr9	100453219	100453307	DNA/hAT-Charlie	400	-	44	100453263	1371
chr9	100451892	100651892	harbor2	chr9	100453569	100453744	DNA/hAT-Charlie	495	-	88	100453657	1765
chr9	100451892	100651892	harbor2	chr9	100460539	100460698	DNA/hAT-Charlie	826	-	80	100460619	8727
chr9	100451892	100651892	harbor2	chr9	100494984	100495156	DNA/hAT-Charlie	495	-	86	100495070	43178
chr9	100451892	100651892	harbor2	chr9	100504855	100505093	DNA/hAT-Charlie	795	-	119	100504974	53082
chr9	100451892	100651892	harbor2	chr9	100505582	100505785	DNA/hAT-Charlie	596	-	102	100505684	53792
chr9	100451892	100651892	harbor2	chr9	100519832	100520087	DNA/hAT-Charlie	711	-	128	100519960	68068
chr9	100451892	100651892	harbor2	chr9	100534932	100535001	DNA/hAT-Charlie	420	-	34	100534966	83074
chr9	100451892	100651892	harbor2	chr9	100543598	100543704	DNA/hAT-Charlie	1171	-	53	100543651	91759
chr9	100451892	100651892	harbor2	chr9	100543748	100543831	DNA/hAT-Charlie	1171	-	42	100543790	91898
chr9	82999737	83199737	harbor2	chr9	83035178	83035372	DNA/hAT-Charlie	856	-	97	83035275	35538
chr9	82999737	83199737	harbor2	chr9	83043804	83043897	DNA/hAT-Charlie	395	-	46	83043850	44113
chr9	80770302	80970302	harbor2	chr9	80771445	80771780	DNA/hAT-Charlie	1522	-	168	80771613	1311
chr9	80770302	80970302	harbor2	chr9	80775895	80776219	DNA/hAT-Charlie	1836	-	162	80776057	5755
chr9	80770302	80970302	harbor2	chr9	80831777	80831975	DNA/hAT-Charlie	619	-	99	80831876	61574
chr9	80770302	80970302	harbor2	chr9	80861885	80862192	DNA/hAT-Charlie	763	-	154	80862039	91737
chr9	119251666	119451666	harbor2	chr9	119254682	119254875	DNA/hAT-Charlie	852	-	96	119254778	3112
chr9	119251666	119451666	harbor2	chr9	119307025	119307253	DNA/hAT-Charlie	704	-	114	119307139	55473
chr9	119251666	119451666	harbor2	chr9	119339120	119339327	DNA/hAT-Charlie	1204	-	104	119339224	87558
chr9	119251666	119451666	harbor2	chr9	119346321	119346534	DNA/hAT-Charlie	402	-	106	119346427	94761
chr9	119725011	119925011	harbor2	chr9	119732369	119732532	DNA/hAT-Charlie	773	-	82	119732451	7440
chr9	119725011	119925011	harbor2	chr9	119732539	119732757	DNA/hAT-Charlie	1103	-	109	119732648	7637
chr9	119725011	119925011	harbor2	chr9	119787865	119788034	DNA/hAT-Charlie	424	-	84	119787949	62938
chr9	131897088	132097088	harbor2	chr9	131912176	131912387	DNA/hAT-Charlie	605	-	106	131912282	15194
chr9	131897088	132097088	harbor2	chr9	131925014	131925128	DNA/hAT-Charlie	631	-	57	131925071	27983
chr9	131897088	132097088	harbor2	chr9	131982700	131982915	DNA/hAT-Charlie	688	-	108	131982808	85720
chr9	131897088	132097088	harbor2	chr9	131982923	131983057	DNA/hAT-Charlie	555	-	67	131982990	85902
chr9	132781938	132981938	harbor2	chr9	132824476	132824695	DNA/hAT-Charlie	1052	-	110	132824586	42648
chr9	132781938	132981938	harbor2	chr9	132857165	132857349	DNA/hAT-Charlie	897	-	92	132857257	75319
chr9	115984281	116184281	harbor2	chr9	116019624	116019780	DNA/hAT-Charlie	682	-	78	116019702	35421
chr9	115984281	116184281	harbor2	chr9	116078359	116078674	DNA/hAT-Charlie	574	-	158	116078517	94236
chr9	123011150	123211150	harbor2	chr9	123018376	123018588	DNA/hAT-Charlie	954	-	106	123018482	7332
chr9	123011150	123211150	harbor2	chr9	123090976	123091182	DNA/hAT-Charlie	993	-	103	123091079	79929
chr9	123011150	123211150	harbor2	chr9	123106893	123107107	DNA/hAT-Charlie	835	-	107	123107000	95850
chr9	137747387	137947387	harbor2	chr9	137763989	137764098	DNA/hAT-Charlie	533	-	54	137764043	16656
chr9	27383537	27583537	harbor2	chr9	27383872	27384088	DNA/hAT-Charlie	600	-	108	27383980	443
chr9	27383537	27583537	harbor2	chr9	27392409	27392623	DNA/hAT-Charlie	610	-	107	27392516	8979
chr9	27383537	27583537	harbor2	chr9	27397807	27397978	DNA/hAT-Charlie	775	-	86	27397893	14356
chr9	27383537	27583537	harbor2	chr9	27428240	27428373	DNA/hAT-Charlie	622	-	66	27428306	44769
chr9	27383537	27583537	harbor2	chr9	27440857	27441146	DNA/hAT-Charlie	1853	-	144	27441001	57464
chr9	27383537	27583537	harbor2	chr9	27443008	27443187	DNA/hAT-Charlie	1006	-	90	27443098	59561
chr9	27383537	27583537	harbor2	chr9	27453173	27453305	DNA/hAT-Charlie	590	-	66	27453239	69702
chr9	27383537	27583537	harbor2	chr9	27459284	27459387	DNA/hAT-Charlie	416	-	52	27459336	75799
chr9	27383537	27583537	harbor2	chr9	27481383	27481497	DNA/hAT-Charlie	440	-	57	27481440	97903
chr9	27383537	27583537	harbor2	chr9	27481825	27481964	DNA/hAT-Charlie	440	-	70	27481895	98358
chr9	135144890	135344890	harbor2	chr9	135171261	135171296	DNA/hAT-Charlie	854	-	18	135171279	26389
chr9	135144890	135344890	harbor2	chr9	135171588	135171772	DNA/hAT-Charlie	854	-	92	135171680	26790
chr9	106369535	106569535	harbor2	chr9	106463104	106463452	DNA/hAT-Charlie	771	-	174	106463278	93743
chr9	108547897	108747897	harbor2	chr9	108568733	108568878	DNA/hAT-Charlie	526	-	72	108568805	20908
chr9	108547897	108747897	harbor2	chr9	108577617	108577767	DNA/hAT-Charlie	425	-	75	108577692	29795
chr9	108547897	108747897	harbor2	chr9	108592234	108592443	DNA/hAT-Charlie	1124	-	104	108592338	44441
chr9	108547897	108747897	harbor2	chr9	108606760	108606941	DNA/hAT-Charlie	1067	-	90	108606850	58953
chr9	131317066	131517066	harbor2	chr9	131324048	131324170	DNA/hAT-Charlie	432	-	61	131324109	7043
chr9	131317066	131517066	harbor2	chr9	131363126	131363387	DNA/hAT-Charlie	885	-	130	131363256	46190
chr9	96849184	97049184	harbor2	chr9	96849094	96849423	DNA/hAT-Charlie	1997	-	164	96849258	74
chr9	96849184	97049184	harbor2	chr9	96921992	96922066	DNA/hAT-Charlie	440	-	37	96922029	72845
chr9	137682195	137882195	harbor2	chr9	137707932	137709232	DNA/hAT-Charlie	2478	-	650	137708582	26387
chr9	137682195	137882195	harbor2	chr9	137722122	137722334	DNA/hAT-Charlie	393	-	106	137722228	40033
chr9	137682195	137882195	harbor2	chr9	137727985	137728132	DNA/hAT-Charlie	402	-	74	137728059	45864
chr9	137682195	137882195	harbor2	chr9	137741377	137741551	DNA/hAT-Charlie	567	-	87	137741464	59269
chr9	137682195	137882195	harbor2	chr9	137763989	137764098	DNA/hAT-Charlie	533	-	54	137764043	81848
chr9	121279757	121479757	harbor2	chr9	121330926	121331238	DNA/hAT-Charlie	797	-	156	121331082	51325
chr9	121279757	121479757	harbor2	chr9	121348341	121348533	DNA/hAT-Charlie	715	-	96	121348437	68680
chr9	121279757	121479757	harbor2	chr9	121361779	121361993	DNA/hAT-Charlie	1469	-	107	121361886	82129
chr9	121279757	121479757	harbor2	chr9	121363438	121363732	DNA/hAT-Charlie	1144	-	147	121363585	83828
chr9	134624061	134824061	harbor2	chr9	134652794	134652969	DNA/hAT-Charlie	617	-	88	134652882	28821
chr9	95515073	95715073	harbor2	chr9	95526986	95527300	DNA/hAT-Charlie	975	-	157	95527143	12070
chr9	95515073	95715073	harbor2	chr9	95607430	95607586	DNA/hAT-Charlie	476	-	78	95607508	92435
chr9	109883190	110083190	harbor2	chr9	109888776	109888998	DNA/hAT-Charlie	1109	-	111	109888887	5697
chr9	109883190	110083190	harbor2	chr9	109921316	109921509	DNA/hAT-Charlie	1039	-	96	109921412	38222
chr9	109883190	110083190	harbor2	chr9	109940940	109941048	DNA/hAT-Charlie	474	-	54	109940994	57804
chr9	109883190	110083190	harbor2	chr9	109941141	109941266	DNA/hAT-Charlie	507	-	62	109941203	58013
chr9	109883190	110083190	harbor2	chr9	109951589	109951760	DNA/hAT-Charlie	431	-	86	109951675	68485
chr9	109883190	110083190	harbor2	chr9	109952055	109952259	DNA/hAT-Charlie	965	-	102	109952157	68967
chr9	109883190	110083190	harbor2	chr9	109956700	109956869	DNA/hAT-Charlie	656	-	84	109956784	73594
chr9	109883190	110083190	harbor2	chr9	109957689	109957860	DNA/hAT-Charlie	408	-	86	109957775	74585
chr9	109883190	110083190	harbor2	chr9	109966746	109966910	DNA/hAT-Charlie	670	-	82	109966828	83638
chr9	109883190	110083190	harbor2	chr9	109970121	109970401	DNA/hAT-Charlie	914	-	140	109970261	87071
chr9	109883190	110083190	harbor2	chr9	109976981	109977162	DNA/hAT-Charlie	631	-	90	109977071	93881
chr9	87208935	87408935	harbor2	chr9	87231373	87231580	DNA/hAT-Charlie	650	-	104	87231477	22542
chr9	87208935	87408935	harbor2	chr9	87232002	87232019	DNA/hAT-Charlie	650	-	8	87232010	23075
chr9	87208935	87408935	harbor2	chr9	87251536	87251688	DNA/hAT-Charlie	494	-	76	87251612	42677
chr9	87208935	87408935	harbor2	chr9	87251992	87252087	DNA/hAT-Charlie	494	-	48	87252040	43105
chr9	87208935	87408935	harbor2	chr9	87266573	87266781	DNA/hAT-Charlie	630	-	104	87266677	57742
chr9	87208935	87408935	harbor2	chr9	87302134	87302271	DNA/hAT-Charlie	467	-	68	87302202	93267
chr9	87208935	87408935	harbor2	chr9	87302267	87302419	DNA/hAT-Charlie	860	-	76	87302343	93408
chr9	105919668	106119668	harbor2	chr9	105919835	105920141	DNA/hAT-Charlie	1252	-	153	105919988	320
chr9	105919668	106119668	harbor2	chr9	105964458	105964693	DNA/hAT-Charlie	1065	-	118	105964576	44908
chr9	105919668	106119668	harbor2	chr9	105971292	105971506	DNA/hAT-Charlie	982	-	107	105971399	51731
chr9	105919668	106119668	harbor2	chr9	106014532	106014689	DNA/hAT-Charlie	572	-	78	106014610	94942
chr9	105919668	106119668	harbor2	chr9	106015073	106015167	DNA/hAT-Charlie	572	-	47	106015120	95452
chr9	121723821	121923821	harbor2	chr9	121778627	121778727	DNA/hAT-Charlie	560	-	50	121778677	54856
chr9	38175548	38375548	harbor2	chr9	38275056	38275320	DNA/hAT-Charlie	1417	-	132	38275188	99640
chr9	38175548	38375548	harbor2	chr9	38256527	38256656	DNA/hAT-Charlie	463	-	64	38256591	81043
chr9	122012853	122212853	harbor2	chr9	122102657	122102828	DNA/hAT-Charlie	848	-	86	122102743	89890
chr9	99499498	99699498	harbor2	chr9	99534490	99534706	DNA/hAT-Charlie	1057	-	108	99534598	35100
chr9	99499498	99699498	harbor2	chr9	99584148	99584579	DNA/hAT-Charlie	2903	-	216	99584364	84866
chr9	130565910	130765910	harbor2	chr9	130618056	130618217	DNA/hAT-Charlie	563	-	80	130618136	52226
chr9	106473733	106673733	harbor2	chr9	106514290	106514513	DNA/hAT-Charlie	1414	-	112	106514402	40669
chr9	106473733	106673733	harbor2	chr9	106527476	106527669	DNA/hAT-Charlie	504	-	96	106527572	53839
chr9	97573307	97773307	harbor2	chr9	97590828	97590968	DNA/hAT-Charlie	628	-	70	97590898	17591
chr9	97573307	97773307	harbor2	chr9	97601589	97601728	DNA/hAT-Charlie	749	-	70	97601659	28352
chr9	97573307	97773307	harbor2	chr9	97601962	97601990	DNA/hAT-Charlie	749	-	14	97601976	28669
chr9	97573307	97773307	harbor2	chr9	97603637	97603711	DNA/hAT-Charlie	1828	-	37	97603674	30367
chr9	97573307	97773307	harbor2	chr9	97603991	97604416	DNA/hAT-Charlie	1828	-	212	97604203	30896
chr9	97573307	97773307	harbor2	chr9	97618551	97618743	DNA/hAT-Charlie	587	-	96	97618647	45340
chr9	97573307	97773307	harbor2	chr9	97638685	97638889	DNA/hAT-Charlie	994	-	102	97638787	65480
chr9	97573307	97773307	harbor2	chr9	97644766	97645021	DNA/hAT-Charlie	1249	-	128	97644894	71587
chr9	97573307	97773307	harbor2	chr9	97649268	97649444	DNA/hAT-Charlie	874	-	88	97649356	76049
chr9	97573307	97773307	harbor2	chr9	97667701	97667877	DNA/hAT-Charlie	660	-	88	97667789	94482
chr9	83832502	84032502	harbor2	chr9	83856111	83856247	DNA/hAT-Charlie	649	-	68	83856179	23677
chr9	83832502	84032502	harbor2	chr9	83887582	83887776	DNA/hAT-Charlie	939	-	97	83887679	55177
chr9	83832502	84032502	harbor2	chr9	83926180	83926247	DNA/hAT-Charlie	560	-	34	83926214	93712
chr9	83832502	84032502	harbor2	chr9	83926378	83926391	DNA/hAT-Charlie	560	-	6	83926384	93882
chr9	83832502	84032502	harbor2	chr9	83926689	83926766	DNA/hAT-Charlie	560	-	38	83926727	94225
chr9	90836569	91036569	harbor2	chr9	90855737	90855876	DNA/hAT-Charlie	658	-	70	90855807	19238
chr9	115159525	115359525	harbor2	chr9	115165154	115165392	DNA/hAT-Charlie	504	-	119	115165273	5748
chr9	115159525	115359525	harbor2	chr9	115194127	115194358	DNA/hAT-Charlie	416	-	116	115194243	34718
chr9	115159525	115359525	harbor2	chr9	115222732	115222959	DNA/hAT-Charlie	1000	-	114	115222846	63321
chr9	115159525	115359525	harbor2	chr9	115242966	115243172	DNA/hAT-Charlie	781	-	103	115243069	83544
chr9	115159525	115359525	harbor2	chr9	115254376	115254714	DNA/hAT-Charlie	1388	-	169	115254545	95020
chr9	119589567	119789567	harbor2	chr9	119590135	119590222	DNA/hAT-Charlie	442	-	44	119590179	612
chr9	119589567	119789567	harbor2	chr9	119590704	119591099	DNA/hAT-Charlie	1166	-	198	119590902	1335
chr9	119589567	119789567	harbor2	chr9	119605519	119605735	DNA/hAT-Charlie	1035	-	108	119605627	16060
chr9	119589567	119789567	harbor2	chr9	119639891	119640068	DNA/hAT-Charlie	727	-	88	119639979	50412
chr9	119589567	119789567	harbor2	chr9	119643680	119643994	DNA/hAT-Charlie	450	-	157	119643837	54270
chr9	119589567	119789567	harbor2	chr9	119673126	119673292	DNA/hAT-Charlie	740	-	83	119673209	83642
chr9	103440023	103640023	harbor2	chr9	103439856	103440749	DNA/hAT-Charlie	4155	-	446	103440302	279
chr9	103440023	103640023	harbor2	chr9	103441051	103441594	DNA/hAT-Charlie	4155	-	272	103441323	1300
chr9	103440023	103640023	harbor2	chr9	103449127	103449288	DNA/hAT-Charlie	629	-	80	103449207	9184
chr9	118149696	118349696	harbor2	chr9	118170925	118171096	DNA/hAT-Charlie	909	-	86	118171011	21315
chr9	118149696	118349696	harbor2	chr9	118215126	118215333	DNA/hAT-Charlie	411	-	104	118215230	65534
chr9	113484107	113684107	harbor2	chr9	113508011	113508281	DNA/hAT-Charlie	662	-	135	113508146	24039
chr9	113484107	113684107	harbor2	chr9	113513960	113514187	DNA/hAT-Charlie	542	-	114	113514074	29967
chr9	113484107	113684107	harbor2	chr9	113558711	113558932	DNA/hAT-Charlie	705	-	110	113558821	74714
chr9	113484107	113684107	harbor2	chr9	113575877	113575978	DNA/hAT-Charlie	589	-	50	113575927	91820
chr9	113484107	113684107	harbor2	chr9	113576228	113576291	DNA/hAT-Charlie	589	-	32	113576260	92153
chr9	81221419	81421419	harbor2	chr9	81245354	81245629	DNA/hAT-Charlie	519	-	138	81245492	24073
chr9	81221419	81421419	harbor2	chr9	81253121	81253349	DNA/hAT-Charlie	686	-	114	81253235	31816
chr9	81221419	81421419	harbor2	chr9	81293445	81293752	DNA/hAT-Charlie	1312	-	154	81293599	72180
chr9	81221419	81421419	harbor2	chr9	81309247	81309457	DNA/hAT-Charlie	838	-	105	81309352	87933
chr9	24092785	24292785	harbor2	chr9	24099203	24099398	DNA/hAT-Charlie	616	-	98	24099301	6516
chr9	24092785	24292785	harbor2	chr9	24144121	24144251	DNA/hAT-Charlie	421	-	65	24144186	51401
chr9	24092785	24292785	harbor2	chr9	24144555	24144668	DNA/hAT-Charlie	421	-	56	24144611	51826
chr9	5662104	5862104	harbor2	chr9	5719594	5719785	DNA/hAT-Charlie	878	-	96	5719690	57586
chr9	5662104	5862104	harbor2	chr9	5744994	5745250	DNA/hAT-Charlie	498	-	128	5745122	83018
chr9	124230962	124430962	harbor2	chr9	124299267	124299428	DNA/hAT-Charlie	420	-	80	124299347	68385
chr9	137756776	137956776	harbor2	chr9	137763989	137764098	DNA/hAT-Charlie	533	-	54	137764043	7267
chr9	98713448	98913448	harbor2	chr9	98778497	98778683	DNA/hAT-Charlie	486	-	93	98778590	65142
chr9	85857890	86057890	harbor2	chr9	85887095	85887294	DNA/hAT-Charlie	857	-	100	85887195	29305
chr9	85857890	86057890	harbor2	chr9	85910894	85911025	DNA/hAT-Charlie	751	-	66	85910960	53070
chr9	85857890	86057890	harbor2	chr9	85950714	85950854	DNA/hAT-Charlie	4208	-	70	85950784	92894
chr9	85857890	86057890	harbor2	chr9	85951153	85951663	DNA/hAT-Charlie	4208	-	255	85951408	93518
chr9	85857890	86057890	harbor2	chr9	85951962	85952281	DNA/hAT-Charlie	4208	-	160	85952122	94232
chr9	85857890	86057890	harbor2	chr9	85952584	85952712	DNA/hAT-Charlie	4208	-	64	85952648	94758
chr9	85857890	86057890	harbor2	chr9	85954591	85954879	DNA/hAT-Charlie	865	-	144	85954735	96845
chr9	85857890	86057890	harbor2	chr9	85955697	85955860	DNA/hAT-Charlie	635	-	82	85955779	97889
chr9	85857890	86057890	harbor2	chr9	85957816	85957923	DNA/hAT-Charlie	527	-	54	85957870	99980
chr9	76208649	76408649	harbor2	chr9	76241868	76242008	DNA/hAT-Charlie	676	-	70	76241938	33289
chr9	76208649	76408649	harbor2	chr9	76254869	76255004	DNA/hAT-Charlie	669	-	68	76254937	46288
chr9	76208649	76408649	harbor2	chr9	76255303	76255359	DNA/hAT-Charlie	669	-	28	76255331	46682
chr9	76208649	76408649	harbor2	chr9	76269006	76269140	DNA/hAT-Charlie	459	-	67	76269073	60424
chr9	98441531	98641531	harbor2	chr9	98451542	98451705	DNA/hAT-Charlie	903	-	82	98451624	10093
chr9	98441531	98641531	harbor2	chr9	98487032	98487229	DNA/hAT-Charlie	642	-	98	98487130	45599
chr9	98441531	98641531	harbor2	chr9	98488977	98489186	DNA/hAT-Charlie	1139	-	104	98489081	47550
chr9	98441531	98641531	harbor2	chr9	98497303	98497507	DNA/hAT-Charlie	501	-	102	98497405	55874
chr9	98441531	98641531	harbor2	chr9	98519698	98519910	DNA/hAT-Charlie	922	-	106	98519804	78273
chr9	98441531	98641531	harbor2	chr9	98531916	98532141	DNA/hAT-Charlie	590	-	112	98532028	90497
chr9	98441531	98641531	harbor2	chr9	98532644	98532782	DNA/hAT-Charlie	497	-	69	98532713	91182
chr9	122322318	122522318	harbor2	chr9	122382159	122382538	DNA/hAT-Charlie	1790	-	190	122382349	60031
chr9	122322318	122522318	harbor2	chr9	122382536	122382675	DNA/hAT-Charlie	583	-	70	122382606	60288
chr9	86988386	87188386	harbor2	chr9	86997780	86997944	DNA/hAT-Charlie	709	-	82	86997862	9476
chr9	86988386	87188386	harbor2	chr9	87036903	87037055	DNA/hAT-Charlie	690	-	76	87036979	48593
chr9	86988386	87188386	harbor2	chr9	87037180	87037408	DNA/hAT-Charlie	1201	-	114	87037294	48908
chr9	86988386	87188386	harbor2	chr9	87073906	87074167	DNA/hAT-Charlie	884	-	130	87074036	85650
chr9	78032699	78232699	harbor2	chr9	78038602	78038782	DNA/hAT-Charlie	649	-	90	78038692	5993
chr9	78032699	78232699	harbor2	chr9	78094390	78094563	DNA/hAT-Charlie	748	-	86	78094476	61777
chr9	78032699	78232699	harbor2	chr9	78120932	78121193	DNA/hAT-Charlie	733	-	130	78121062	88363
chr9	123382303	123582303	harbor2	chr9	123414452	123414742	DNA/hAT-Charlie	577	-	145	123414597	32294
chr9	27491305	27691305	harbor2	chr9	27494890	27495011	DNA/hAT-Charlie	528	-	60	27494950	3645
chr9	27491305	27691305	harbor2	chr9	27498699	27498938	DNA/hAT-Charlie	591	-	120	27498819	7514
chr9	27491305	27691305	harbor2	chr9	27505420	27505550	DNA/hAT-Charlie	535	-	65	27505485	14180
chr9	75773390	75973390	harbor2	chr9	75829642	75829956	DNA/hAT-Charlie	1310	-	157	75829799	56409
chr9	75773390	75973390	harbor2	chr9	75830847	75832908	DNA/hAT-Charlie	5300	-	1030	75831877	58487
chr9	75773390	75973390	harbor2	chr9	75833215	75833639	DNA/hAT-Charlie	2568	-	212	75833427	60037
chr9	75773390	75973390	harbor2	chr9	75854838	75855023	DNA/hAT-Charlie	714	-	92	75854930	81540
chr9	75773390	75973390	harbor2	chr9	75855053	75855188	DNA/hAT-Charlie	519	-	68	75855121	81731
chr9	75773390	75973390	harbor2	chr9	75865064	75865476	DNA/hAT-Charlie	981	-	206	75865270	91880
chr9	133970410	134170410	harbor2	chr9	133983857	133983971	DNA/hAT-Charlie	524	-	57	133983914	13504
chr9	133970410	134170410	harbor2	chr9	133984274	133984339	DNA/hAT-Charlie	524	-	32	133984306	13896
chr9	133970410	134170410	harbor2	chr9	133984622	133984703	DNA/hAT-Charlie	524	-	40	133984662	14252
chr9	133970410	134170410	harbor2	chr9	134000584	134000902	DNA/hAT-Charlie	1267	-	159	134000743	30333
chr9	133970410	134170410	harbor2	chr9	134000892	134000925	DNA/hAT-Charlie	463	-	16	134000908	30498
chr9	133970410	134170410	harbor2	chr9	134001226	134001303	DNA/hAT-Charlie	463	-	38	134001264	30854
chr9	117613313	117813313	harbor2	chr9	117619413	117619726	DNA/hAT-Charlie	1274	-	156	117619569	6256
chr9	117613313	117813313	harbor2	chr9	117626033	117626184	DNA/hAT-Charlie	488	-	76	117626109	12796
chr9	117613313	117813313	harbor2	chr9	117640118	117640289	DNA/hAT-Charlie	402	-	86	117640204	26891
chr9	117613313	117813313	harbor2	chr9	117663767	117663913	DNA/hAT-Charlie	576	-	73	117663840	50527
chr9	117613313	117813313	harbor2	chr9	117697085	117697294	DNA/hAT-Charlie	952	-	104	117697189	83876
chr9	117613313	117813313	harbor2	chr9	117699435	117699621	DNA/hAT-Charlie	469	-	93	117699528	86215
chr9	117613313	117813313	harbor2	chr9	117705896	117706204	DNA/hAT-Charlie	1101	-	154	117706050	92737
chr9	117613313	117813313	harbor2	chr9	117653447	117653676	DNA/hAT-Charlie	639	-	114	117653561	40248
chr9	137952595	138152595	harbor2	chr9	138007566	138007743	DNA/hAT-Charlie	519	-	88	138007654	55059
chr9	137952595	138152595	harbor2	chr9	138037215	138037369	DNA/hAT-Charlie	552	-	77	138037292	84697
chr9	69606659	69806659	harbor2	chr9	69678336	69678679	DNA/hAT-Charlie	800	-	172	69678508	71849
chr9	128028605	128228605	harbor2	chr9	128060963	128061194	DNA/hAT-Charlie	903	-	116	128061079	32474
chr9	128028605	128228605	harbor2	chr9	128083288	128083459	DNA/hAT-Charlie	665	-	86	128083374	54769
chr9	115743197	115943197	harbor2	chr9	115778278	115778506	DNA/hAT-Charlie	463	-	114	115778392	35195
chr9	115743197	115943197	harbor2	chr9	115792245	115792518	DNA/hAT-Charlie	594	-	136	115792381	49184
chr9	115743197	115943197	harbor2	chr9	115828687	115828874	DNA/hAT-Charlie	806	-	94	115828781	85584
chr9	121870900	122070900	harbor2	chr9	121933558	121933948	DNA/hAT-Charlie	4607	-	195	121933753	62853
chr9	121870900	122070900	harbor2	chr9	121934268	121934950	DNA/hAT-Charlie	4607	-	341	121934609	63709
chr9	121870900	122070900	harbor2	chr9	121935257	121935453	DNA/hAT-Charlie	4607	-	98	121935355	64455
chr9	121870900	122070900	harbor2	chr9	121946682	121946865	DNA/hAT-Charlie	534	-	92	121946774	75874
chr9	112086015	112286015	harbor2	chr9	112089883	112089970	DNA/hAT-Charlie	514	-	44	112089927	3912
chr9	112086015	112286015	harbor2	chr9	112136581	112136727	DNA/hAT-Charlie	464	-	73	112136654	50639
chr9	112086015	112286015	harbor2	chr9	112150109	112150264	DNA/hAT-Charlie	664	-	78	112150187	64172
chr9	112086015	112286015	harbor2	chr9	112164981	112165094	DNA/hAT-Charlie	465	-	56	112165037	79022
chr9	112086015	112286015	harbor2	chr9	112166378	112166475	DNA/hAT-Charlie	424	-	48	112166426	80411
chr9	86930419	87130419	harbor2	chr9	86949383	86949499	DNA/hAT-Charlie	477	-	58	86949441	19022
chr9	86930419	87130419	harbor2	chr9	86952916	86953261	DNA/hAT-Charlie	617	-	172	86953088	22669
chr9	86930419	87130419	harbor2	chr9	86997780	86997944	DNA/hAT-Charlie	709	-	82	86997862	67443
chr9	115326097	115526097	harbor2	chr9	115363172	115363664	DNA/hAT-Charlie	3127	-	246	115363418	37321
chr9	115326097	115526097	harbor2	chr9	115378770	115378890	DNA/hAT-Charlie	567	-	60	115378830	52733
chr9	75239177	75439177	harbor2	chr9	75321592	75321640	DNA/hAT-Charlie	493	-	24	75321616	82439
chr9	116662037	116862037	harbor2	chr9	116701903	116701998	DNA/hAT-Charlie	497	-	48	116701951	39914
chr9	116662037	116862037	harbor2	chr9	116716531	116716664	DNA/hAT-Charlie	450	-	66	116716597	54560
chr9	75844880	76044880	harbor2	chr9	75854838	75855023	DNA/hAT-Charlie	714	-	92	75854930	10050
chr9	75844880	76044880	harbor2	chr9	75855053	75855188	DNA/hAT-Charlie	519	-	68	75855121	10241
chr9	75844880	76044880	harbor2	chr9	75865064	75865476	DNA/hAT-Charlie	981	-	206	75865270	20390
chr9	75844880	76044880	harbor2	chr9	75912431	75912593	DNA/hAT-Charlie	770	-	81	75912512	67632
chr9	75844880	76044880	harbor2	chr9	75942033	75942345	DNA/hAT-Charlie	676	-	156	75942189	97309
chr9	69687220	69887220	harbor2	chr9	69740772	69741067	DNA/hAT-Charlie	1147	-	148	69740920	53700
chr9	69687220	69887220	harbor2	chr9	69747616	69747850	DNA/hAT-Charlie	445	-	117	69747733	60513
chr9	69687220	69887220	harbor2	chr9	69756854	69757050	DNA/hAT-Charlie	827	-	98	69756952	69732
chr9	69687220	69887220	harbor2	chr9	69776136	69776259	DNA/hAT-Charlie	502	-	62	69776198	88978
chr9	85458883	85658883	harbor2	chr9	85477271	85477488	DNA/hAT-Charlie	582	-	108	85477379	18496
chr9	116733952	116933952	harbor2	chr9	116777505	116777719	DNA/hAT-Charlie	768	-	107	116777612	43660
chr9	116733952	116933952	harbor2	chr9	116793961	116794062	DNA/hAT-Charlie	1273	-	50	116794011	60059
chr9	116733952	116933952	harbor2	chr9	116794398	116794502	DNA/hAT-Charlie	1273	-	52	116794450	60498
chr9	28376405	28576405	harbor2	chr9	28452312	28452617	DNA/hAT-Charlie	500	-	152	28452464	76059
chr9	41043103	41243103	harbor2	chr9	41068315	41068518	DNA/hAT-Charlie	1122	-	102	41068417	25314
chr9	41043103	41243103	harbor2	chr9	41078104	41078258	DNA/hAT-Charlie	469	-	77	41078181	35078
chr9	41043103	41243103	harbor2	chr9	41078789	41078981	DNA/hAT-Charlie	561	-	96	41078885	35782
chr9	41043103	41243103	harbor2	chr9	41091158	41091435	DNA/hAT-Charlie	596	-	138	41091296	48193
chr9	41043103	41243103	harbor2	chr9	41091778	41091919	DNA/hAT-Charlie	593	-	70	41091848	48745
chr9	41043103	41243103	harbor2	chr9	41092260	41092439	DNA/hAT-Charlie	852	-	90	41092350	49247
chr9	41043103	41243103	harbor2	chr9	41099048	41099208	DNA/hAT-Charlie	1021	-	80	41099128	56025
chr9	41043103	41243103	harbor2	chr9	41099478	41099558	DNA/hAT-Charlie	1021	-	40	41099518	56415
chr9	41043103	41243103	harbor2	chr9	41103060	41103293	DNA/hAT-Charlie	665	-	116	41103176	60073
chr9	41043103	41243103	harbor2	chr9	41129246	41129460	DNA/hAT-Charlie	392	-	107	41129353	86250
chr9	133570776	133770776	harbor2	chr9	133604660	133604805	DNA/hAT-Charlie	503	-	72	133604732	33956
chr9	134373509	134573509	harbor2	chr9	134452477	134452793	DNA/hAT-Charlie	1210	-	158	134452635	79126
chr9	64760974	64960974	harbor2	chr9	64793310	64793492	DNA/hAT-Charlie	549	-	91	64793401	32427
chr9	84298587	84498587	harbor2	chr9	84362710	84363134	DNA/hAT-Charlie	1591	-	212	84362922	64335
chr9	106073443	106273443	harbor2	chr9	106141256	106141416	DNA/hAT-Charlie	693	-	80	106141336	67893
chr9	120533377	120733377	harbor2	chr9	120540382	120540608	DNA/hAT-Charlie	636	-	113	120540495	7118
chr9	120533377	120733377	harbor2	chr9	120568760	120568949	DNA/hAT-Charlie	963	-	94	120568854	35477
chr9	120533377	120733377	harbor2	chr9	120576022	120576116	DNA/hAT-Charlie	400	-	47	120576069	42692
chr9	120533377	120733377	harbor2	chr9	120588882	120589064	DNA/hAT-Charlie	553	-	91	120588973	55596
chr9	86206953	86406953	harbor2	chr9	86245818	86246655	DNA/hAT-Charlie	1264	-	418	86246236	39283
chr9	86206953	86406953	harbor2	chr9	86249467	86249519	DNA/hAT-Charlie	536	-	26	86249493	42540
chr9	86206953	86406953	harbor2	chr9	86250482	86250771	DNA/hAT-Charlie	536	-	144	86250626	43673
chr9	86206953	86406953	harbor2	chr9	86255912	86256604	DNA/hAT-Charlie	1294	-	346	86256258	49305
chr9	86206953	86406953	harbor2	chr9	86275930	86276412	DNA/hAT-Charlie	3056	-	241	86276171	69218
chr9	132809308	133009308	harbor2	chr9	132824476	132824695	DNA/hAT-Charlie	1052	-	110	132824586	15278
chr9	132809308	133009308	harbor2	chr9	132857165	132857349	DNA/hAT-Charlie	897	-	92	132857257	47949
chr9	132809308	133009308	harbor2	chr9	132901307	132901485	DNA/hAT-Charlie	855	-	89	132901396	92088
chr9	132809308	133009308	harbor2	chr9	132908148	132908459	DNA/hAT-Charlie	5142	-	156	132908304	98996
chr9	132809308	133009308	harbor2	chr9	132908746	132908901	DNA/hAT-Charlie	5142	-	78	132908824	99516
chr9	125877857	126077857	harbor2	chr9	125923420	125923568	DNA/hAT-Charlie	5089	-	74	125923494	45637
chr9	125877857	126077857	harbor2	chr9	125924170	125925200	DNA/hAT-Charlie	5089	-	515	125924685	46828
chr9	125877857	126077857	harbor2	chr9	125926965	125927129	DNA/hAT-Charlie	398	-	82	125927047	49190
chr9	125877857	126077857	harbor2	chr9	125933582	125933835	DNA/hAT-Charlie	501	-	126	125933708	55851
chr9	125877857	126077857	harbor2	chr9	125948023	125948194	DNA/hAT-Charlie	748	-	86	125948109	70252
chr9	132175098	132375098	harbor2	chr9	132203485	132203654	DNA/hAT-Charlie	418	-	84	132203569	28471
chr9	132175098	132375098	harbor2	chr9	132245618	132245828	DNA/hAT-Charlie	694	-	105	132245723	70625
chr9	132175098	132375098	harbor2	chr9	132251285	132251572	DNA/hAT-Charlie	1699	-	144	132251429	76331
chr9	132175098	132375098	harbor2	chr9	132256665	132256869	DNA/hAT-Charlie	857	-	102	132256767	81669
chr9	132175098	132375098	harbor2	chr9	132265574	132265751	DNA/hAT-Charlie	737	-	88	132265662	90564
chr9	120695551	120895551	harbor2	chr9	120756043	120756207	DNA/hAT-Charlie	536	-	82	120756125	60574
chr9	120695551	120895551	harbor2	chr9	120780398	120780578	DNA/hAT-Charlie	728	-	90	120780488	84937
chr9	36146755	36346755	harbor2	chr9	36149686	36149745	DNA/hAT-Charlie	616	-	30	36149716	2961
chr9	36146755	36346755	harbor2	chr9	36150061	36150158	DNA/hAT-Charlie	616	-	48	36150109	3354
chr9	36146755	36346755	harbor2	chr9	36212583	36212761	DNA/hAT-Charlie	685	-	89	36212672	65917
chr9	36146755	36346755	harbor2	chr9	36225820	36225938	DNA/hAT-Charlie	523	-	59	36225879	79124
chr9	30103985	30303985	harbor2	chr9	30134404	30134763	DNA/hAT-Charlie	1782	-	180	30134584	30599
chr9	77869414	78069414	harbor2	chr9	77913352	77913555	DNA/hAT-Charlie	992	-	102	77913454	44040
chr9	77869414	78069414	harbor2	chr9	77947681	77947826	DNA/hAT-Charlie	595	-	72	77947753	78339
chr9	123151996	123351996	harbor2	chr9	123156434	123156560	DNA/hAT-Charlie	488	-	63	123156497	4501
chr9	123151996	123351996	harbor2	chr9	123156561	123156749	DNA/hAT-Charlie	583	-	94	123156655	4659
chr9	123151996	123351996	harbor2	chr9	123191463	123191784	DNA/hAT-Charlie	1617	-	160	123191623	39627
chr9	123151996	123351996	harbor2	chr9	123208475	123208626	DNA/hAT-Charlie	697	-	76	123208551	56555
chr9	103387173	103587173	harbor2	chr9	103439856	103440749	DNA/hAT-Charlie	4155	-	446	103440302	53129
chr9	103387173	103587173	harbor2	chr9	103441051	103441594	DNA/hAT-Charlie	4155	-	272	103441323	54150
chr9	103387173	103587173	harbor2	chr9	103449127	103449288	DNA/hAT-Charlie	629	-	80	103449207	62034
chr9	127978353	128178353	harbor2	chr9	128060963	128061194	DNA/hAT-Charlie	903	-	116	128061079	82726
chr9	96116739	96316739	harbor2	chr9	96150424	96150625	DNA/hAT-Charlie	793	-	100	96150524	33785
chr9	96116739	96316739	harbor2	chr9	96167650	96167830	DNA/hAT-Charlie	838	-	90	96167740	51001
chr9	96116739	96316739	harbor2	chr9	96169039	96169162	DNA/hAT-Charlie	607	-	62	96169101	52362
chr9	96116739	96316739	harbor2	chr9	96171960	96172141	DNA/hAT-Charlie	824	-	90	96172050	55311
chr9	96116739	96316739	harbor2	chr9	96183417	96183707	DNA/hAT-Charlie	1249	-	145	96183562	66823
chr9	96116739	96316739	harbor2	chr9	96185690	96185888	DNA/hAT-Charlie	1111	-	99	96185789	69050
chr9	62867693	63067693	harbor2	chr9	62869709	62869949	DNA/hAT-Charlie	432	-	120	62869829	2136
chr9	129067734	129267734	harbor2	chr9	129112959	129113092	DNA/hAT-Charlie	1283	-	66	129113025	45291
chr9	129067734	129267734	harbor2	chr9	129113390	129113463	DNA/hAT-Charlie	1283	-	36	129113426	45692
chr9	129067734	129267734	harbor2	chr9	129121552	129121761	DNA/hAT-Charlie	987	-	104	129121656	53922
chr9	118902212	119102212	harbor2	chr9	118952195	118952267	DNA/hAT-Charlie	444	-	36	118952231	50019
chr9	118902212	119102212	harbor2	chr9	118979551	118979774	DNA/hAT-Charlie	968	-	112	118979663	77451
chr9	116971445	117171445	harbor2	chr9	116994132	116994340	DNA/hAT-Charlie	977	-	104	116994236	22791
chr9	116971445	117171445	harbor2	chr9	117009018	117009214	DNA/hAT-Charlie	519	-	98	117009116	37671
chr9	116971445	117171445	harbor2	chr9	117015916	117016145	DNA/hAT-Charlie	622	-	114	117016030	44585
chr9	116971445	117171445	harbor2	chr9	117054796	117055131	DNA/hAT-Charlie	2230	-	168	117054964	83519
chr9	124115967	124315967	harbor2	chr9	124185320	124185485	DNA/hAT-Charlie	558	-	82	124185402	69435
chr9	97298511	97498511	harbor2	chr9	97324225	97324552	DNA/hAT-Charlie	1348	-	164	97324389	25878
chr9	97298511	97498511	harbor2	chr9	97342968	97343261	DNA/hAT-Charlie	724	-	146	97343114	44603
chr9	97298511	97498511	harbor2	chr9	97367966	97368084	DNA/hAT-Charlie	399	-	59	97368025	69514
chr9	75531404	75731404	harbor2	chr9	75539179	75539260	DNA/hAT-Charlie	404	-	40	75539219	7815
chr9	75531404	75731404	harbor2	chr9	75551836	75551991	DNA/hAT-Charlie	438	-	78	75551914	20510
chr9	75531404	75731404	harbor2	chr9	75587304	75588182	DNA/hAT-Charlie	1720	-	439	75587743	56339
chr9	75531404	75731404	harbor2	chr9	75588194	75588450	DNA/hAT-Charlie	685	-	128	75588322	56918
chr9	80142132	80342132	harbor2	chr9	80173242	80173529	DNA/hAT-Charlie	683	-	144	80173386	31254
chr9	80142132	80342132	harbor2	chr9	80182798	80182896	DNA/hAT-Charlie	490	-	49	80182847	40715
chr9	80142132	80342132	harbor2	chr9	80218053	80218222	DNA/hAT-Charlie	786	-	84	80218137	76005
chr9	80142132	80342132	harbor2	chr9	80224472	80224674	DNA/hAT-Charlie	821	-	101	80224573	82441
chr9	109903026	110103026	harbor2	chr9	109921316	109921509	DNA/hAT-Charlie	1039	-	96	109921412	18386
chr9	109903026	110103026	harbor2	chr9	109940940	109941048	DNA/hAT-Charlie	474	-	54	109940994	37968
chr9	109903026	110103026	harbor2	chr9	109941141	109941266	DNA/hAT-Charlie	507	-	62	109941203	38177
chr9	109903026	110103026	harbor2	chr9	109951589	109951760	DNA/hAT-Charlie	431	-	86	109951675	48649
chr9	109903026	110103026	harbor2	chr9	109952055	109952259	DNA/hAT-Charlie	965	-	102	109952157	49131
chr9	109903026	110103026	harbor2	chr9	109956700	109956869	DNA/hAT-Charlie	656	-	84	109956784	53758
chr9	109903026	110103026	harbor2	chr9	109957689	109957860	DNA/hAT-Charlie	408	-	86	109957775	54749
chr9	109903026	110103026	harbor2	chr9	109966746	109966910	DNA/hAT-Charlie	670	-	82	109966828	63802
chr9	109903026	110103026	harbor2	chr9	109970121	109970401	DNA/hAT-Charlie	914	-	140	109970261	67235
chr9	109903026	110103026	harbor2	chr9	109976981	109977162	DNA/hAT-Charlie	631	-	90	109977071	74045
chr9	116899007	117099007	harbor2	chr9	116910297	116910459	DNA/hAT-Charlie	896	-	81	116910378	11371
chr9	116899007	117099007	harbor2	chr9	116950105	116950325	DNA/hAT-Charlie	1127	-	110	116950215	51208
chr9	116899007	117099007	harbor2	chr9	116954309	116954467	DNA/hAT-Charlie	930	-	79	116954388	55381
chr9	116899007	117099007	harbor2	chr9	116954490	116954721	DNA/hAT-Charlie	998	-	116	116954606	55599
chr9	116899007	117099007	harbor2	chr9	116960530	116960715	DNA/hAT-Charlie	908	-	92	116960622	61615
chr9	116899007	117099007	harbor2	chr9	116969753	116969842	DNA/hAT-Charlie	436	-	44	116969797	70790
chr9	116899007	117099007	harbor2	chr9	116970303	116970378	DNA/hAT-Charlie	497	-	38	116970341	71334
chr9	116899007	117099007	harbor2	chr9	116994132	116994340	DNA/hAT-Charlie	977	-	104	116994236	95229
chr9	82638776	82838776	harbor2	chr9	82666261	82666410	DNA/hAT-Charlie	524	-	74	82666335	27559
chr9	82638776	82838776	harbor2	chr9	82707208	82707409	DNA/hAT-Charlie	929	-	100	82707308	68532
chr9	82638776	82838776	harbor2	chr9	82735781	82736077	DNA/hAT-Charlie	1197	-	148	82735929	97153
chr9	64697224	64897224	harbor2	chr9	64710090	64710263	DNA/hAT-Charlie	843	-	86	64710176	12952
chr9	64697224	64897224	harbor2	chr9	64793310	64793492	DNA/hAT-Charlie	549	-	91	64793401	96177
chr9	28172524	28372524	harbor2	chr9	28183913	28184068	DNA/hAT-Charlie	434	-	78	28183991	11467
chr9	28172524	28372524	harbor2	chr9	28212642	28212849	DNA/hAT-Charlie	1084	-	104	28212746	40222
chr9	28172524	28372524	harbor2	chr9	28219721	28219876	DNA/hAT-Charlie	623	-	78	28219799	47275
chr9	28172524	28372524	harbor2	chr9	28220247	28220318	DNA/hAT-Charlie	623	-	36	28220283	47759
chr9	106818348	107018348	harbor2	chr9	106911435	106911615	DNA/hAT-Charlie	924	-	90	106911525	93177
chr9	106818348	107018348	harbor2	chr9	106914286	106914454	DNA/hAT-Charlie	730	-	84	106914370	96022
chr9	120473271	120673271	harbor2	chr9	120532062	120532301	DNA/hAT-Charlie	576	-	120	120532182	58911
chr9	120473271	120673271	harbor2	chr9	120540382	120540608	DNA/hAT-Charlie	636	-	113	120540495	67224
chr9	120473271	120673271	harbor2	chr9	120568760	120568949	DNA/hAT-Charlie	963	-	94	120568854	95583
chr9	68911145	69111145	harbor2	chr9	68932279	68932798	DNA/hAT-Charlie	2289	-	260	68932539	21394
chr9	68911145	69111145	harbor2	chr9	68985031	68985248	DNA/hAT-Charlie	429	-	108	68985139	73994
chr9	68911145	69111145	harbor2	chr9	68985552	68985621	DNA/hAT-Charlie	429	-	34	68985586	74441
chr9	68911145	69111145	harbor2	chr9	68994355	68994678	DNA/hAT-Charlie	1313	-	162	68994517	83372
chr9	68911145	69111145	harbor2	chr9	68976576	68976918	DNA/hAT-Charlie	2227	-	171	68976747	65602
chr9	89348023	89548023	harbor2	chr9	89353097	89353263	DNA/hAT-Charlie	672	-	83	89353180	5157
chr9	120814186	121014186	harbor2	chr9	120849349	120849495	DNA/hAT-Charlie	687	-	73	120849422	35236
chr9	120814186	121014186	harbor2	chr9	120891389	120891557	DNA/hAT-Charlie	543	-	84	120891473	77287
chr9	120814186	121014186	harbor2	chr9	120892021	120892198	DNA/hAT-Charlie	514	-	88	120892109	77923
chr9	120814186	121014186	harbor2	chr9	120898004	120898095	DNA/hAT-Charlie	1038	-	46	120898050	83864
chr9	120814186	121014186	harbor2	chr9	120909586	120909720	DNA/hAT-Charlie	655	-	67	120909653	95467
chr9	120814186	121014186	harbor2	chr9	120897516	120897697	DNA/hAT-Charlie	1038	-	90	120897606	83420
chr9	132351991	132551991	harbor2	chr9	132392848	132393102	DNA/hAT-Charlie	983	-	127	132392975	40984
chr9	131670337	131870337	harbor2	chr9	131680019	131680265	DNA/hAT-Charlie	406	-	123	131680142	9805
chr9	131670337	131870337	harbor2	chr9	131686125	131686330	DNA/hAT-Charlie	840	-	102	131686227	15890
chr9	131670337	131870337	harbor2	chr9	131719139	131719484	DNA/hAT-Charlie	1041	-	172	131719311	48974
chr9	131670337	131870337	harbor2	chr9	131734682	131734897	DNA/hAT-Charlie	576	-	108	131734790	64453
chr9	131670337	131870337	harbor2	chr9	131735674	131735983	DNA/hAT-Charlie	559	-	154	131735828	65491
chr9	109179900	109379900	harbor2	chr9	109196877	109197140	DNA/hAT-Charlie	533	-	132	109197009	17109
chr9	109179900	109379900	harbor2	chr9	109197453	109197618	DNA/hAT-Charlie	533	-	82	109197535	17635
chr9	109179900	109379900	harbor2	chr9	109208549	109208834	DNA/hAT-Charlie	645	-	142	109208691	28791
chr9	109179900	109379900	harbor2	chr9	109215975	109216029	DNA/hAT-Charlie	555	-	27	109216002	36102
chr9	109179900	109379900	harbor2	chr9	109242215	109242331	DNA/hAT-Charlie	618	-	58	109242273	62373
chr9	109179900	109379900	harbor2	chr9	109250627	109250760	DNA/hAT-Charlie	418	-	66	109250693	70793
chr9	109179900	109379900	harbor2	chr9	109259271	109259456	DNA/hAT-Charlie	864	-	92	109259363	79463
chr9	109179900	109379900	harbor2	chr9	109215655	109215842	DNA/hAT-Charlie	555	-	94	109215749	35849
chr9	131032401	131232401	harbor2	chr9	131042992	131043150	DNA/hAT-Charlie	418	-	79	131043071	10670
chr9	131032401	131232401	harbor2	chr9	131047129	131047159	DNA/hAT-Charlie	585	-	15	131047144	14743
chr9	131032401	131232401	harbor2	chr9	131047467	131047569	DNA/hAT-Charlie	585	-	51	131047518	15117
chr9	131032401	131232401	harbor2	chr9	131047880	131047910	DNA/hAT-Charlie	585	-	15	131047895	15494
chr9	131032401	131232401	harbor2	chr9	131083468	131083731	DNA/hAT-Charlie	705	-	132	131083600	51199
chr9	123445329	123645329	harbor2	chr9	123490624	123490907	DNA/hAT-Charlie	1163	-	142	123490766	45437
chr9	93348438	93548438	harbor2	chr9	93371390	93371525	DNA/hAT-Charlie	453	-	68	93371458	23020
chr9	93348438	93548438	harbor2	chr9	93380749	93380963	DNA/hAT-Charlie	1045	-	107	93380856	32418
chr9	93348438	93548438	harbor2	chr9	93432290	93432432	DNA/hAT-Charlie	1231	-	71	93432361	83923
chr9	93348438	93548438	harbor2	chr9	93432740	93432932	DNA/hAT-Charlie	1231	-	96	93432836	84398
chr9	98115336	98315336	harbor2	chr9	98122235	98122400	DNA/hAT-Charlie	399	-	82	98122317	6981
chr9	98115336	98315336	harbor2	chr9	98168066	98168286	DNA/hAT-Charlie	619	-	110	98168176	52840
chr9	98115336	98315336	harbor2	chr9	98173159	98173292	DNA/hAT-Charlie	603	-	66	98173225	57889
chr9	98115336	98315336	harbor2	chr9	98177801	98178021	DNA/hAT-Charlie	752	-	110	98177911	62575
chr9	98115336	98315336	harbor2	chr9	98178327	98178788	DNA/hAT-Charlie	752	-	230	98178557	63221
chr9	98115336	98315336	harbor2	chr9	98204194	98204465	DNA/hAT-Charlie	680	-	136	98204330	88994
chr9	98115336	98315336	harbor2	chr9	98204905	98205038	DNA/hAT-Charlie	563	-	66	98204971	89635
chr9	98115336	98315336	harbor2	chr9	98208291	98208617	DNA/hAT-Charlie	2364	-	163	98208454	93118
chr9	113409679	113609679	harbor2	chr9	113411182	113411298	DNA/hAT-Charlie	471	-	58	113411240	1561
chr9	113409679	113609679	harbor2	chr9	113411598	113411666	DNA/hAT-Charlie	471	-	34	113411632	1953
chr9	113409679	113609679	harbor2	chr9	113411975	113412381	DNA/hAT-Charlie	471	-	203	113412178	2499
chr9	113409679	113609679	harbor2	chr9	113416719	113416903	DNA/hAT-Charlie	975	-	92	113416811	7132
chr9	113409679	113609679	harbor2	chr9	113419582	113419743	DNA/hAT-Charlie	623	-	80	113419662	9983
chr9	113409679	113609679	harbor2	chr9	113458293	113458392	DNA/hAT-Charlie	599	-	50	113458343	48664
chr9	113409679	113609679	harbor2	chr9	113465994	113466132	DNA/hAT-Charlie	465	-	69	113466063	56384
chr9	113409679	113609679	harbor2	chr9	113508011	113508281	DNA/hAT-Charlie	662	-	135	113508146	98467
chr9	102725256	102925256	harbor2	chr9	102787436	102787589	DNA/hAT-Charlie	764	-	76	102787512	62256
chr9	102725256	102925256	harbor2	chr9	102787930	102787985	DNA/hAT-Charlie	764	-	28	102787958	62702
chr9	94689313	94889313	harbor2	chr9	94692115	94692218	DNA/hAT-Charlie	506	-	52	94692167	2854
chr9	94689313	94889313	harbor2	chr9	94704847	94705001	DNA/hAT-Charlie	473	-	77	94704924	15611
chr9	94689313	94889313	harbor2	chr9	94729615	94729814	DNA/hAT-Charlie	1191	-	100	94729715	40402
chr9	94689313	94889313	harbor2	chr9	94779423	94779962	DNA/hAT-Charlie	1310	-	270	94779693	90380
chr9	78644620	78844620	harbor2	chr9	78683888	78684098	DNA/hAT-Charlie	1415	-	105	78683993	39373
chr9	72680664	72880664	harbor2	chr9	72730565	72731029	DNA/hAT-Charlie	3158	-	232	72730797	50133
chr9	72680664	72880664	harbor2	chr9	72774248	72774525	DNA/hAT-Charlie	899	-	138	72774386	93722
chr9	127856450	128056450	harbor2	chr9	127866424	127866569	DNA/hAT-Charlie	406	-	72	127866496	10046
chr9	64626101	64826101	harbor2	chr9	64710090	64710263	DNA/hAT-Charlie	843	-	86	64710176	84075
chr9	107770114	107970114	harbor2	chr9	107781526	107781934	DNA/hAT-Charlie	988	-	204	107781730	11616
chr9	107770114	107970114	harbor2	chr9	107803627	107803747	DNA/hAT-Charlie	441	-	60	107803687	33573
chr9	107770114	107970114	harbor2	chr9	107807360	107807532	DNA/hAT-Charlie	745	-	86	107807446	37332
chr9	107770114	107970114	harbor2	chr9	107813787	107814013	DNA/hAT-Charlie	1601	-	113	107813900	43786
chr9	107770114	107970114	harbor2	chr9	107850104	107850315	DNA/hAT-Charlie	1181	-	106	107850210	80096
chr9	107770114	107970114	harbor2	chr9	107790064	107790344	DNA/hAT-Charlie	556	-	140	107790204	20090
chr9	119425434	119625434	harbor2	chr9	119434822	119434987	DNA/hAT-Charlie	700	-	82	119434904	9470
chr9	119425434	119625434	harbor2	chr9	119435643	119435809	DNA/hAT-Charlie	782	-	83	119435726	10292
chr9	119425434	119625434	harbor2	chr9	119450246	119450421	DNA/hAT-Charlie	497	-	88	119450334	24900
chr9	119425434	119625434	harbor2	chr9	119517283	119517463	DNA/hAT-Charlie	1040	-	90	119517373	91939
chr9	129855447	130055447	harbor2	chr9	129876800	129876991	DNA/hAT-Charlie	856	-	96	129876896	21449
chr9	129855447	130055447	harbor2	chr9	129897433	129897529	DNA/hAT-Charlie	567	-	48	129897481	42034
chr9	105087336	105287336	harbor2	chr9	105099916	105100170	DNA/hAT-Charlie	3124	-	127	105100043	12707
chr9	105087336	105287336	harbor2	chr9	105100752	105101144	DNA/hAT-Charlie	3124	-	196	105100948	13612
chr9	105087336	105287336	harbor2	chr9	105101786	105103349	DNA/hAT-Charlie	3124	-	782	105102568	15232
chr9	105087336	105287336	harbor2	chr9	105151494	105151644	DNA/hAT-Charlie	411	-	75	105151569	64233
chr9	105087336	105287336	harbor2	chr9	105159469	105159513	DNA/hAT-Charlie	850	-	22	105159491	72155
chr9	105087336	105287336	harbor2	chr9	105159801	105159978	DNA/hAT-Charlie	850	-	88	105159889	72553
chr9	78695848	78895848	harbor2	chr9	78771373	78771525	DNA/hAT-Charlie	530	-	76	78771449	75601
chr9	78695848	78895848	harbor2	chr9	78790332	78790561	DNA/hAT-Charlie	818	-	114	78790446	94598
chr9	78695848	78895848	harbor2	chr9	78794467	78794973	DNA/hAT-Charlie	3247	-	253	78794720	98872
chr9	137867594	138067594	harbor2	chr9	137910370	137910857	DNA/hAT-Charlie	3417	-	244	137910614	43020
chr9	74197115	74397115	harbor2	chr9	74264441	74264764	DNA/hAT-Charlie	1969	-	162	74264603	67488
chr9	74197115	74397115	harbor2	chr9	74277906	74278513	DNA/hAT-Charlie	1275	-	304	74278210	81095
chr9	91505643	91705643	harbor2	chr9	91508102	91508498	DNA/hAT-Charlie	473	-	198	91508300	2657
chr9	91505643	91705643	harbor2	chr9	91509033	91509185	DNA/hAT-Charlie	735	-	76	91509109	3466
chr9	91505643	91705643	harbor2	chr9	91600387	91600567	DNA/hAT-Charlie	493	-	90	91600477	94834
chr9	91505643	91705643	harbor2	chr9	91570082	91570434	DNA/hAT-Charlie	2073	-	176	91570258	64615
chr9	96810848	97010848	harbor2	chr9	96823087	96823287	DNA/hAT-Charlie	702	-	100	96823187	12339
chr9	96810848	97010848	harbor2	chr9	96849094	96849423	DNA/hAT-Charlie	1997	-	164	96849258	38410
chr9	88186376	88386376	harbor2	chr9	88192851	88193007	DNA/hAT-Charlie	622	-	78	88192929	6553
chr9	88186376	88386376	harbor2	chr9	88246475	88246650	DNA/hAT-Charlie	711	-	88	88246563	60187
chr9	105749179	105949179	harbor2	chr9	105843988	105844204	DNA/hAT-Charlie	1427	-	108	105844096	94917
chr9	105749179	105949179	harbor2	chr9	105847227	105847405	DNA/hAT-Charlie	965	-	89	105847316	98137
chr9	112453345	112653345	harbor2	chr9	112455911	112456065	DNA/hAT-Charlie	707	-	77	112455988	2643
chr9	112453345	112653345	harbor2	chr9	112493854	112494068	DNA/hAT-Charlie	1122	-	107	112493961	40616
chr9	99166838	99366838	harbor2	chr9	99175509	99175700	DNA/hAT-Charlie	807	-	96	99175605	8767
chr9	99166838	99366838	harbor2	chr9	99177709	99178037	DNA/hAT-Charlie	890	-	164	99177873	11035
chr9	99166838	99366838	harbor2	chr9	99219121	99219357	DNA/hAT-Charlie	1108	-	118	99219239	52401
chr9	99166838	99366838	harbor2	chr9	99231129	99231280	DNA/hAT-Charlie	493	-	76	99231205	64367
chr9	99166838	99366838	harbor2	chr9	99260435	99260621	DNA/hAT-Charlie	703	-	93	99260528	93690
chr9	99166838	99366838	harbor2	chr9	99260868	99260936	DNA/hAT-Charlie	703	-	34	99260902	94064
chr9	84683411	84883411	harbor2	chr9	84735283	84735447	DNA/hAT-Charlie	761	-	82	84735365	51954
chr9	84683411	84883411	harbor2	chr9	84750083	84750286	DNA/hAT-Charlie	962	-	102	84750185	66774
chr9	84683411	84883411	harbor2	chr9	84753313	84753473	DNA/hAT-Charlie	571	-	80	84753393	69982
chr9	82962441	83162441	harbor2	chr9	82984097	82984382	DNA/hAT-Charlie	1081	-	142	82984239	21798
chr9	82962441	83162441	harbor2	chr9	83035178	83035372	DNA/hAT-Charlie	856	-	97	83035275	72834
chr9	82962441	83162441	harbor2	chr9	83043804	83043897	DNA/hAT-Charlie	395	-	46	83043850	81409
chr9	105556173	105756173	harbor2	chr9	105560254	105560407	DNA/hAT-Charlie	754	-	76	105560330	4157
chr9	105556173	105756173	harbor2	chr9	105601795	105602405	DNA/hAT-Charlie	1179	-	305	105602100	45927
chr9	130234003	130434003	harbor2	chr9	130237939	130238129	DNA/hAT-Charlie	723	-	95	130238034	4031
chr9	130234003	130434003	harbor2	chr9	130302344	130302411	DNA/hAT-Charlie	420	-	34	130302378	68375
chr9	130234003	130434003	harbor2	chr9	130301861	130302049	DNA/hAT-Charlie	420	-	94	130301955	67952
chr9	130453428	130653428	harbor2	chr9	130456643	130456667	DNA/hAT-Charlie	805	-	12	130456655	3227
chr9	130453428	130653428	harbor2	chr9	130456935	130457188	DNA/hAT-Charlie	805	-	126	130457061	3633
chr9	130453428	130653428	harbor2	chr9	130457594	130457779	DNA/hAT-Charlie	655	-	92	130457686	4258
chr9	130453428	130653428	harbor2	chr9	130465017	130465056	DNA/hAT-Charlie	743	-	20	130465037	11609
chr9	130453428	130653428	harbor2	chr9	130465318	130465584	DNA/hAT-Charlie	743	-	133	130465451	12023
chr9	132666176	132866176	harbor2	chr9	132680373	132680540	DNA/hAT-Charlie	524	-	84	132680457	14281
chr9	132666176	132866176	harbor2	chr9	132681532	132681746	DNA/hAT-Charlie	548	-	107	132681639	15463
chr9	132666176	132866176	harbor2	chr9	132688522	132688654	DNA/hAT-Charlie	477	-	66	132688588	22412
chr9	132666176	132866176	harbor2	chr9	132695742	132695882	DNA/hAT-Charlie	471	-	70	132695812	29636
chr9	132666176	132866176	harbor2	chr9	132724739	132724914	DNA/hAT-Charlie	656	-	88	132724827	58651
chr9	132666176	132866176	harbor2	chr9	132734327	132734456	DNA/hAT-Charlie	525	-	64	132734391	68215
chr9	126922145	127122145	harbor2	chr9	126961813	126962113	DNA/hAT-Charlie	877	-	150	126961963	39818
chr9	126922145	127122145	harbor2	chr9	126968705	126968768	DNA/hAT-Charlie	953	-	32	126968737	46592
chr9	126922145	127122145	harbor2	chr9	126969066	126969238	DNA/hAT-Charlie	953	-	86	126969152	47007
chr9	126922145	127122145	harbor2	chr9	126969434	126969492	DNA/hAT-Charlie	464	-	29	126969463	47318
chr9	126922145	127122145	harbor2	chr9	126976974	126977196	DNA/hAT-Charlie	532	-	111	126977085	54940
chr9	126922145	127122145	harbor2	chr9	126980368	126980530	DNA/hAT-Charlie	392	-	81	126980449	58304
chr9	119545959	119745959	harbor2	chr9	119563396	119563628	DNA/hAT-Charlie	449	-	116	119563512	17553
chr9	119545959	119745959	harbor2	chr9	119590135	119590222	DNA/hAT-Charlie	442	-	44	119590179	44220
chr9	119545959	119745959	harbor2	chr9	119590704	119591099	DNA/hAT-Charlie	1166	-	198	119590902	44943
chr9	119545959	119745959	harbor2	chr9	119605519	119605735	DNA/hAT-Charlie	1035	-	108	119605627	59668
chr9	119545959	119745959	harbor2	chr9	119639891	119640068	DNA/hAT-Charlie	727	-	88	119639979	94020
chr9	119545959	119745959	harbor2	chr9	119643680	119643994	DNA/hAT-Charlie	450	-	157	119643837	97878
chr9	119545959	119745959	harbor2	chr9	119553869	119554092	DNA/hAT-Charlie	491	-	112	119553981	8022
chr9	110955803	111155803	harbor2	chr9	110997957	110998146	DNA/hAT-Charlie	909	-	94	110998051	42248
chr9	75901308	76101308	harbor2	chr9	75912431	75912593	DNA/hAT-Charlie	770	-	81	75912512	11204
chr9	75901308	76101308	harbor2	chr9	75942033	75942345	DNA/hAT-Charlie	676	-	156	75942189	40881
chr9	75901308	76101308	harbor2	chr9	75955763	75955889	DNA/hAT-Charlie	601	-	63	75955826	54518
chr9	75901308	76101308	harbor2	chr9	75991233	75991376	DNA/hAT-Charlie	420	-	72	75991305	89997
chr9	134936939	135136939	harbor2	chr9	134979840	134980319	DNA/hAT-Charlie	508	-	240	134980080	43141
chr9	127458378	127658378	harbor2	chr9	127518414	127518624	DNA/hAT-Charlie	649	-	105	127518519	60141
chr9	73837527	74037527	harbor2	chr9	73860873	73860957	DNA/hAT-Charlie	460	-	42	73860915	23388
chr9	73837527	74037527	harbor2	chr9	73861425	73861570	DNA/hAT-Charlie	562	-	72	73861497	23970
chr9	73837527	74037527	harbor2	chr9	73936937	73937156	DNA/hAT-Charlie	926	-	110	73937047	99520
chr9	96952606	97152606	harbor2	chr9	96997363	96997499	DNA/hAT-Charlie	436	-	68	96997431	44825
chr9	96952606	97152606	harbor2	chr9	97045567	97045702	DNA/hAT-Charlie	587	-	68	97045635	93029
chr9	93309160	93509160	harbor2	chr9	93371390	93371525	DNA/hAT-Charlie	453	-	68	93371458	62298
chr9	93309160	93509160	harbor2	chr9	93380749	93380963	DNA/hAT-Charlie	1045	-	107	93380856	71696
chr9	123158330	123358330	harbor2	chr9	123191463	123191784	DNA/hAT-Charlie	1617	-	160	123191623	33293
chr9	123158330	123358330	harbor2	chr9	123208475	123208626	DNA/hAT-Charlie	697	-	76	123208551	50221
chr9	130366842	130566842	harbor2	chr9	130371263	130371422	DNA/hAT-Charlie	469	-	80	130371343	4501
chr9	130366842	130566842	harbor2	chr9	130407806	130407971	DNA/hAT-Charlie	475	-	82	130407888	41046
chr9	130366842	130566842	harbor2	chr9	130437065	130437368	DNA/hAT-Charlie	1245	-	152	130437217	70375
chr9	130366842	130566842	harbor2	chr9	130456643	130456667	DNA/hAT-Charlie	805	-	12	130456655	89813
chr9	130366842	130566842	harbor2	chr9	130456935	130457188	DNA/hAT-Charlie	805	-	126	130457061	90219
chr9	130366842	130566842	harbor2	chr9	130457594	130457779	DNA/hAT-Charlie	655	-	92	130457686	90844
chr9	130366842	130566842	harbor2	chr9	130465017	130465056	DNA/hAT-Charlie	743	-	20	130465037	98195
chr9	130366842	130566842	harbor2	chr9	130465318	130465584	DNA/hAT-Charlie	743	-	133	130465451	98609
chr9	134585587	134785587	harbor2	chr9	134652794	134652969	DNA/hAT-Charlie	617	-	88	134652882	67295
chr9	128366718	128566718	harbor2	chr9	128446922	128446943	DNA/hAT-Charlie	545	-	10	128446932	80214
chr9	128366718	128566718	harbor2	chr9	128447098	128447301	DNA/hAT-Charlie	622	-	102	128447200	80482
chr9	104410202	104610202	harbor2	chr9	104473788	104473964	DNA/hAT-Charlie	720	-	88	104473876	63674
chr9	129053454	129253454	harbor2	chr9	129058827	129059019	DNA/hAT-Charlie	504	-	96	129058923	5469
chr9	129053454	129253454	harbor2	chr9	129112959	129113092	DNA/hAT-Charlie	1283	-	66	129113025	59571
chr9	129053454	129253454	harbor2	chr9	129113390	129113463	DNA/hAT-Charlie	1283	-	36	129113426	59972
chr9	129053454	129253454	harbor2	chr9	129121552	129121761	DNA/hAT-Charlie	987	-	104	129121656	68202
chr9	127788209	127988209	harbor2	chr9	127866424	127866569	DNA/hAT-Charlie	406	-	72	127866496	78287
chr9	33362837	33562837	harbor2	chr9	33372202	33372525	DNA/hAT-Charlie	1395	-	162	33372364	9527
chr9	131056292	131256292	harbor2	chr9	131083468	131083731	DNA/hAT-Charlie	705	-	132	131083600	27308
chr9	85133926	85333926	harbor2	chr9	85159003	85159173	DNA/hAT-Charlie	609	-	85	85159088	25162
chr9	85133926	85333926	harbor2	chr9	85203161	85203323	DNA/hAT-Charlie	777	-	81	85203242	69316
chr9	112043701	112243701	harbor2	chr9	112089883	112089970	DNA/hAT-Charlie	514	-	44	112089927	46226
chr9	112043701	112243701	harbor2	chr9	112136581	112136727	DNA/hAT-Charlie	464	-	73	112136654	92953
chr9	110306872	110506872	harbor2	chr9	110316793	110317011	DNA/hAT-Charlie	1192	-	109	110316902	10030
chr9	110306872	110506872	harbor2	chr9	110331586	110331929	DNA/hAT-Charlie	2241	-	172	110331758	24886
chr9	110306872	110506872	harbor2	chr9	110338333	110338500	DNA/hAT-Charlie	545	-	84	110338417	31545
chr9	110306872	110506872	harbor2	chr9	110340420	110340610	DNA/hAT-Charlie	1024	-	95	110340515	33643
chr9	110306872	110506872	harbor2	chr9	110346426	110346571	DNA/hAT-Charlie	584	-	72	110346498	39626
chr9	90768921	90968921	harbor2	chr9	90814315	90814530	DNA/hAT-Charlie	442	-	108	90814423	45502
chr9	90768921	90968921	harbor2	chr9	90825922	90826075	DNA/hAT-Charlie	601	-	76	90825998	57077
chr9	90768921	90968921	harbor2	chr9	90855737	90855876	DNA/hAT-Charlie	658	-	70	90855807	86886
chr9	134789919	134989919	harbor2	chr9	134838192	134838325	DNA/hAT-Charlie	479	-	66	134838258	48339
chr9	134789919	134989919	harbor2	chr9	134856225	134856402	DNA/hAT-Charlie	405	-	88	134856313	66394
chr9	120061184	120261184	harbor2	chr9	120103353	120103619	DNA/hAT-Charlie	585	-	133	120103486	42302
chr9	120061184	120261184	harbor2	chr9	120105602	120105909	DNA/hAT-Charlie	630	-	154	120105756	44572
chr9	120061184	120261184	harbor2	chr9	120110118	120110278	DNA/hAT-Charlie	489	-	80	120110198	49014
chr9	120061184	120261184	harbor2	chr9	120119429	120119579	DNA/hAT-Charlie	719	-	75	120119504	58320
chr9	120061184	120261184	harbor2	chr9	120129776	120129966	DNA/hAT-Charlie	474	-	95	120129871	68687
chr9	108080712	108280712	harbor2	chr9	108151884	108152086	DNA/hAT-Charlie	955	-	101	108151985	71273
chr10	120908444	121108444	harbor2	chr10	120928488	120928705	DNA/hAT-Charlie	682	-	108	120928596	20152
chr10	120908444	121108444	harbor2	chr10	120937850	120938046	DNA/hAT-Charlie	518	-	98	120937948	29504
chr10	120908444	121108444	harbor2	chr10	120942677	120942812	DNA/hAT-Charlie	553	-	68	120942745	34301
chr10	120908444	121108444	harbor2	chr10	120959785	120960015	DNA/hAT-Charlie	973	-	115	120959900	51456
chr10	131819487	132019487	harbor2	chr10	131869179	131869330	DNA/hAT-Charlie	664	-	76	131869255	49768
chr10	131819487	132019487	harbor2	chr10	131909457	131909685	DNA/hAT-Charlie	787	-	114	131909571	90084
chr10	131819487	132019487	harbor2	chr10	131909696	131910084	DNA/hAT-Charlie	1207	-	194	131909890	90403
chr10	131819487	132019487	harbor2	chr10	131910161	131910627	DNA/hAT-Charlie	1928	-	233	131910394	90907
chr10	131819487	132019487	harbor2	chr10	131911366	131911784	DNA/hAT-Charlie	1049	-	209	131911575	92088
chr10	127750951	127950951	harbor2	chr10	127826920	127827126	DNA/hAT-Charlie	954	-	103	127827023	76072
chr10	93820572	94020572	harbor2	chr10	93911360	93911651	DNA/hAT-Charlie	1530	-	146	93911506	90934
chr10	120812399	121012399	harbor2	chr10	120816604	120816826	DNA/hAT-Charlie	876	-	111	120816715	4316
chr10	120812399	121012399	harbor2	chr10	120825472	120825709	DNA/hAT-Charlie	1077	-	118	120825590	13191
chr10	120812399	121012399	harbor2	chr10	120898015	120898403	DNA/hAT-Charlie	1468	-	194	120898209	85810
chr10	126173816	126373816	harbor2	chr10	126194503	126194720	DNA/hAT-Charlie	657	-	108	126194611	20795
chr10	126173816	126373816	harbor2	chr10	126204787	126204876	DNA/hAT-Charlie	526	-	44	126204831	31015
chr10	126173816	126373816	harbor2	chr10	126243562	126243839	DNA/hAT-Charlie	463	-	138	126243700	69884
chr10	126173816	126373816	harbor2	chr10	126267241	126267762	DNA/hAT-Charlie	3576	-	260	126267501	93685
chr10	74107930	74307930	harbor2	chr10	74175033	74175111	DNA/hAT-Charlie	445	-	39	74175072	67142
chr10	74107930	74307930	harbor2	chr10	74175390	74175523	DNA/hAT-Charlie	746	-	66	74175456	67526
chr10	106861069	107061069	harbor2	chr10	106882172	106882381	DNA/hAT-Charlie	1366	-	104	106882276	21207
chr10	106861069	107061069	harbor2	chr10	106882396	106882573	DNA/hAT-Charlie	739	-	88	106882484	21415
chr10	106861069	107061069	harbor2	chr10	106917510	106917714	DNA/hAT-Charlie	729	-	102	106917612	56543
chr10	106861069	107061069	harbor2	chr10	106933257	106933409	DNA/hAT-Charlie	498	-	76	106933333	72264
chr10	106861069	107061069	harbor2	chr10	106959941	106960165	DNA/hAT-Charlie	483	-	112	106960053	98984
chr10	118957634	119157634	harbor2	chr10	118972701	118972892	DNA/hAT-Charlie	722	-	96	118972797	15163
chr10	118957634	119157634	harbor2	chr10	118979796	118980007	DNA/hAT-Charlie	1072	-	106	118979902	22268
chr10	118957634	119157634	harbor2	chr10	119024094	119024308	DNA/hAT-Charlie	1227	-	107	119024201	66567
chr10	118957634	119157634	harbor2	chr10	119037484	119037670	DNA/hAT-Charlie	479	-	93	119037577	79943
chr10	118957634	119157634	harbor2	chr10	119048498	119048635	DNA/hAT-Charlie	641	-	68	119048566	90932
chr10	115614119	115814119	harbor2	chr10	115656174	115656247	DNA/hAT-Charlie	1966	-	36	115656210	42091
chr10	115614119	115814119	harbor2	chr10	115657126	115657777	DNA/hAT-Charlie	1966	-	326	115657452	43333
chr10	115614119	115814119	harbor2	chr10	115666608	115666805	DNA/hAT-Charlie	663	-	98	115666706	52587
chr10	115614119	115814119	harbor2	chr10	115690217	115690566	DNA/hAT-Charlie	2184	-	174	115690391	76272
chr10	117681690	117881690	harbor2	chr10	117682876	117683032	DNA/hAT-Charlie	545	-	78	117682954	1264
chr10	117681690	117881690	harbor2	chr10	117688482	117688681	DNA/hAT-Charlie	717	-	100	117688582	6892
chr10	117681690	117881690	harbor2	chr10	117693265	117693374	DNA/hAT-Charlie	574	-	54	117693319	11629
chr10	117681690	117881690	harbor2	chr10	117711882	117712060	DNA/hAT-Charlie	858	-	89	117711971	30281
chr10	117681690	117881690	harbor2	chr10	117726369	117726519	DNA/hAT-Charlie	421	-	75	117726444	44754
chr10	117681690	117881690	harbor2	chr10	117761336	117761468	DNA/hAT-Charlie	553	-	66	117761402	79712
chr10	117681690	117881690	harbor2	chr10	117765313	117765518	DNA/hAT-Charlie	465	-	102	117765415	83725
chr10	75529164	75729164	harbor2	chr10	75607729	75607824	DNA/hAT-Charlie	423	-	48	75607777	78613
chr10	129943807	130143807	harbor2	chr10	130019983	130020241	DNA/hAT-Charlie	1016	-	129	130020112	76305
chr10	129943807	130143807	harbor2	chr10	130020250	130020448	DNA/hAT-Charlie	787	-	99	130020349	76542
chr10	120238616	120438616	harbor2	chr10	120247544	120247696	DNA/hAT-Charlie	420	-	76	120247620	9004
chr10	120238616	120438616	harbor2	chr10	120287479	120287633	DNA/hAT-Charlie	711	-	77	120287556	48940
chr10	120238616	120438616	harbor2	chr10	120298826	120299045	DNA/hAT-Charlie	1202	-	110	120298936	60320
chr10	120238616	120438616	harbor2	chr10	120309639	120309858	DNA/hAT-Charlie	1073	-	110	120309749	71133
chr10	127606390	127806390	harbor2	chr10	127641007	127641483	DNA/hAT-Charlie	2437	-	238	127641245	34855
chr10	127606390	127806390	harbor2	chr10	127641771	127642560	DNA/hAT-Charlie	2437	-	394	127642165	35775
chr10	127606390	127806390	harbor2	chr10	127643574	127643961	DNA/hAT-Charlie	1445	-	194	127643768	37378
chr10	127606390	127806390	harbor2	chr10	127644364	127644496	DNA/hAT-Charlie	1445	-	66	127644430	38040
chr10	90021500	90221500	harbor2	chr10	90062508	90062706	DNA/hAT-Charlie	719	-	99	90062607	41107
chr10	90021500	90221500	harbor2	chr10	90093817	90094000	DNA/hAT-Charlie	458	-	92	90093909	72409
chr10	123737951	123937951	harbor2	chr10	123742088	123742275	DNA/hAT-Charlie	500	-	94	123742182	4231
chr10	123737951	123937951	harbor2	chr10	123744647	123744854	DNA/hAT-Charlie	778	-	104	123744751	6800
chr10	123737951	123937951	harbor2	chr10	123779479	123779652	DNA/hAT-Charlie	529	-	86	123779565	41614
chr10	124948233	125148233	harbor2	chr10	124969523	124969699	DNA/hAT-Charlie	819	-	88	124969611	21378
chr10	129752154	129952154	harbor2	chr10	129824589	129824966	DNA/hAT-Charlie	715	-	188	129824777	72623
chr10	71091616	71291616	harbor2	chr10	71094474	71094583	DNA/hAT-Charlie	616	-	54	71094528	2912
chr10	71091616	71291616	harbor2	chr10	71180736	71180917	DNA/hAT-Charlie	923	-	90	71180826	89210
chr10	123560554	123760554	harbor2	chr10	123595424	123595631	DNA/hAT-Charlie	626	-	104	123595528	34974
chr10	123560554	123760554	harbor2	chr10	123641092	123641299	DNA/hAT-Charlie	692	-	104	123641196	80642
chr10	106835864	107035864	harbor2	chr10	106882172	106882381	DNA/hAT-Charlie	1366	-	104	106882276	46412
chr10	106835864	107035864	harbor2	chr10	106882396	106882573	DNA/hAT-Charlie	739	-	88	106882484	46620
chr10	106835864	107035864	harbor2	chr10	106917510	106917714	DNA/hAT-Charlie	729	-	102	106917612	81748
chr10	106835864	107035864	harbor2	chr10	106933257	106933409	DNA/hAT-Charlie	498	-	76	106933333	97469
chr10	106323121	106523121	harbor2	chr10	106325234	106325514	DNA/hAT-Charlie	1089	-	140	106325374	2253
chr10	106323121	106523121	harbor2	chr10	106339666	106339884	DNA/hAT-Charlie	761	-	109	106339775	16654
chr10	106323121	106523121	harbor2	chr10	106350010	106350222	DNA/hAT-Charlie	820	-	106	106350116	26995
chr10	106323121	106523121	harbor2	chr10	106394728	106394922	DNA/hAT-Charlie	1041	-	97	106394825	71704
chr10	100098948	100298948	harbor2	chr10	100162571	100162883	DNA/hAT-Charlie	1043	-	156	100162727	63779
chr10	100098948	100298948	harbor2	chr10	100173326	100173530	DNA/hAT-Charlie	580	-	102	100173428	74480
chr10	100098948	100298948	harbor2	chr10	100186886	100187162	DNA/hAT-Charlie	1681	-	138	100187024	88076
chr10	100098948	100298948	harbor2	chr10	100197428	100197592	DNA/hAT-Charlie	515	-	82	100197510	98562
chr10	100098948	100298948	harbor2	chr10	100197872	100197953	DNA/hAT-Charlie	424	-	40	100197912	98964
chr10	100098948	100298948	harbor2	chr10	100197947	100198663	DNA/hAT-Charlie	3249	-	358	100198305	99357
chr10	67762583	67962583	harbor2	chr10	67772212	67772404	DNA/hAT-Charlie	1143	-	96	67772308	9725
chr10	67762583	67962583	harbor2	chr10	67778786	67778950	DNA/hAT-Charlie	546	-	82	67778868	16285
chr10	67762583	67962583	harbor2	chr10	67785731	67785889	DNA/hAT-Charlie	744	-	79	67785810	23227
chr10	67762583	67962583	harbor2	chr10	67785907	67785960	DNA/hAT-Charlie	666	-	26	67785933	23350
chr10	67762583	67962583	harbor2	chr10	67786274	67786365	DNA/hAT-Charlie	666	-	46	67786320	23737
chr10	67762583	67962583	harbor2	chr10	67852088	67852249	DNA/hAT-Charlie	690	-	80	67852168	89585
chr10	67762583	67962583	harbor2	chr10	67861773	67861938	DNA/hAT-Charlie	759	-	82	67861855	99272
chr10	61248730	61448730	harbor2	chr10	61265714	61265966	DNA/hAT-Charlie	504	-	126	61265840	17110
chr10	61248730	61448730	harbor2	chr10	61270758	61270962	DNA/hAT-Charlie	949	-	102	61270860	22130
chr10	61248730	61448730	harbor2	chr10	61292782	61292982	DNA/hAT-Charlie	408	-	100	61292882	44152
chr10	61248730	61448730	harbor2	chr10	61293567	61293790	DNA/hAT-Charlie	486	-	112	61293679	44949
chr10	61248730	61448730	harbor2	chr10	61335804	61335886	DNA/hAT-Charlie	414	-	41	61335845	87115
chr10	61248730	61448730	harbor2	chr10	61336567	61336698	DNA/hAT-Charlie	592	-	66	61336633	87903
chr10	61248730	61448730	harbor2	chr10	61337591	61337928	DNA/hAT-Charlie	1033	-	168	61337759	89029
chr10	125975318	126175318	harbor2	chr10	125993436	125993630	DNA/hAT-Charlie	907	-	97	125993533	18215
chr10	125975318	126175318	harbor2	chr10	126017532	126017747	DNA/hAT-Charlie	808	-	108	126017640	42322
chr10	130788353	130988353	harbor2	chr10	130836515	130836667	DNA/hAT-Charlie	585	-	76	130836591	48238
chr10	130788353	130988353	harbor2	chr10	130875999	130876176	DNA/hAT-Charlie	768	-	88	130876087	87734
chr10	108454057	108654057	harbor2	chr10	108455899	108456099	DNA/hAT-Charlie	955	-	100	108455999	1942
chr10	108454057	108654057	harbor2	chr10	108550613	108550738	DNA/hAT-Charlie	419	-	62	108550675	96618
chr10	124882393	125082393	harbor2	chr10	124909187	124909362	DNA/hAT-Charlie	773	-	88	124909275	26882
chr10	124882393	125082393	harbor2	chr10	124969523	124969699	DNA/hAT-Charlie	819	-	88	124969611	87218
chr10	115998279	116198279	harbor2	chr10	116002203	116002474	DNA/hAT-Charlie	801	-	136	116002339	4060
chr10	115998279	116198279	harbor2	chr10	116006342	116006543	DNA/hAT-Charlie	945	-	100	116006442	8163
chr10	115998279	116198279	harbor2	chr10	116021873	116021950	DNA/hAT-Charlie	624	-	38	116021911	23632
chr10	115998279	116198279	harbor2	chr10	116022172	116022388	DNA/hAT-Charlie	624	-	108	116022280	24001
chr10	115998279	116198279	harbor2	chr10	116038370	116038577	DNA/hAT-Charlie	1142	-	104	116038474	40195
chr10	115998279	116198279	harbor2	chr10	116042470	116042633	DNA/hAT-Charlie	413	-	82	116042552	44273
chr10	115998279	116198279	harbor2	chr10	116042894	116043105	DNA/hAT-Charlie	451	-	106	116043000	44721
chr10	115998279	116198279	harbor2	chr10	116065740	116065961	DNA/hAT-Charlie	962	-	110	116065850	67571
chr10	10322756	10522756	harbor2	chr10	10327097	10327334	DNA/hAT-Charlie	509	-	118	10327215	4459
chr10	10322756	10522756	harbor2	chr10	10392054	10392191	DNA/hAT-Charlie	631	-	68	10392122	69366
chr10	125342299	125542299	harbor2	chr10	125349563	125349744	DNA/hAT-Charlie	925	-	90	125349653	7354
chr10	125342299	125542299	harbor2	chr10	125391482	125391712	DNA/hAT-Charlie	995	-	115	125391597	49298
chr10	84620101	84820101	harbor2	chr10	84670268	84670438	DNA/hAT-Charlie	800	-	85	84670353	50252
chr10	84620101	84820101	harbor2	chr10	84676062	84676287	DNA/hAT-Charlie	1044	-	112	84676174	56073
chr10	84620101	84820101	harbor2	chr10	84716786	84716992	DNA/hAT-Charlie	1043	-	103	84716889	96788
chr10	38911967	39111967	harbor2	chr10	38944029	38944220	DNA/hAT-Charlie	1272	-	96	38944125	32158
chr10	38911967	39111967	harbor2	chr10	38972665	38972839	DNA/hAT-Charlie	676	-	87	38972752	60785
chr10	102901191	103101191	harbor2	chr10	102975207	102975616	DNA/hAT-Charlie	702	-	204	102975411	74220
chr10	123228199	123428199	harbor2	chr10	123247442	123247772	DNA/hAT-Charlie	1463	-	165	123247607	19408
chr10	123228199	123428199	harbor2	chr10	123295564	123295781	DNA/hAT-Charlie	947	-	108	123295672	67473
chr10	123228199	123428199	harbor2	chr10	123310514	123310834	DNA/hAT-Charlie	699	-	160	123310674	82475
chr10	123228199	123428199	harbor2	chr10	123321050	123321198	DNA/hAT-Charlie	663	-	74	123321124	92925
chr10	115793897	115993897	harbor2	chr10	115856524	115856886	DNA/hAT-Charlie	1836	-	181	115856705	62808
chr10	87748728	87948728	harbor2	chr10	87767252	87767573	DNA/hAT-Charlie	1631	-	160	87767412	18684
chr10	87748728	87948728	harbor2	chr10	87785778	87786049	DNA/hAT-Charlie	957	-	136	87785914	37186
chr10	87748728	87948728	harbor2	chr10	87786062	87786545	DNA/hAT-Charlie	818	-	242	87786304	37576
chr10	87748728	87948728	harbor2	chr10	87786995	87787341	DNA/hAT-Charlie	1601	-	173	87787168	38440
chr10	87748728	87948728	harbor2	chr10	87787633	87787901	DNA/hAT-Charlie	1601	-	134	87787767	39039
chr10	87748728	87948728	harbor2	chr10	87787926	87788040	DNA/hAT-Charlie	412	-	57	87787983	39255
chr10	87748728	87948728	harbor2	chr10	87846717	87846859	DNA/hAT-Charlie	1813	-	71	87846788	98060
chr10	87748728	87948728	harbor2	chr10	87847203	87847929	DNA/hAT-Charlie	1813	-	363	87847566	98838
chr10	87748728	87948728	harbor2	chr10	87847956	87848201	DNA/hAT-Charlie	718	-	122	87848078	99350
chr10	43774270	43974270	harbor2	chr10	43850842	43851343	DNA/hAT-Charlie	3420	-	250	43851092	76822
chr10	43774270	43974270	harbor2	chr10	43870301	43870450	DNA/hAT-Charlie	502	-	74	43870375	96105
chr10	113681281	113881281	harbor2	chr10	113696779	113696925	DNA/hAT-Charlie	734	-	73	113696852	15571
chr10	113681281	113881281	harbor2	chr10	113699437	113700611	DNA/hAT-Charlie	1728	-	587	113700024	18743
chr10	113681281	113881281	harbor2	chr10	113704281	113704644	DNA/hAT-Charlie	960	-	182	113704463	23182
chr10	125355264	125555264	harbor2	chr10	125391482	125391712	DNA/hAT-Charlie	995	-	115	125391597	36333
chr10	121683166	121883166	harbor2	chr10	121745275	121745433	DNA/hAT-Charlie	436	-	79	121745354	62188
chr10	111547818	111747818	harbor2	chr10	111556857	111557025	DNA/hAT-Charlie	818	-	84	111556941	9123
chr10	126236799	126436799	harbor2	chr10	126243562	126243839	DNA/hAT-Charlie	463	-	138	126243700	6901
chr10	126236799	126436799	harbor2	chr10	126267241	126267762	DNA/hAT-Charlie	3576	-	260	126267501	30702
chr10	126236799	126436799	harbor2	chr10	126280365	126280553	DNA/hAT-Charlie	935	-	94	126280459	43660
chr10	126236799	126436799	harbor2	chr10	126282799	126283304	DNA/hAT-Charlie	3147	-	252	126283051	46252
chr10	126236799	126436799	harbor2	chr10	126292614	126292862	DNA/hAT-Charlie	1239	-	124	126292738	55939
chr10	126236799	126436799	harbor2	chr10	126292879	126293055	DNA/hAT-Charlie	942	-	88	126292967	56168
chr10	112776422	112976422	harbor2	chr10	112802820	112803018	DNA/hAT-Charlie	621	-	99	112802919	26497
chr10	112776422	112976422	harbor2	chr10	112857901	112858056	DNA/hAT-Charlie	606	-	78	112857979	81557
chr10	90827380	91027380	harbor2	chr10	90864788	90864899	DNA/hAT-Charlie	580	-	56	90864844	37464
chr10	90827380	91027380	harbor2	chr10	90864902	90865396	DNA/hAT-Charlie	1298	-	247	90865149	37769
chr10	90827380	91027380	harbor2	chr10	90866619	90866964	DNA/hAT-Charlie	2387	-	172	90866791	39411
chr10	90827380	91027380	harbor2	chr10	90882216	90882393	DNA/hAT-Charlie	515	-	88	90882304	54924
chr10	90827380	91027380	harbor2	chr10	90882816	90882852	DNA/hAT-Charlie	515	-	18	90882834	55454
chr10	90827380	91027380	harbor2	chr10	90865480	90866080	DNA/hAT-Charlie	2387	-	300	90865780	38400
chr10	93011111	93211111	harbor2	chr10	93024306	93024426	DNA/hAT-Charlie	415	-	60	93024366	13255
chr10	93011111	93211111	harbor2	chr10	93024718	93024754	DNA/hAT-Charlie	415	-	18	93024736	13625
chr10	93011111	93211111	harbor2	chr10	93083257	93083425	DNA/hAT-Charlie	901	-	84	93083341	72230
chr10	93011111	93211111	harbor2	chr10	93083451	93083799	DNA/hAT-Charlie	657	-	174	93083625	72514
chr10	99598013	99798013	harbor2	chr10	99601571	99601700	DNA/hAT-Charlie	428	-	64	99601635	3622
chr10	99598013	99798013	harbor2	chr10	99624396	99624469	DNA/hAT-Charlie	535	-	36	99624432	26419
chr10	99598013	99798013	harbor2	chr10	99670190	99670384	DNA/hAT-Charlie	1003	-	97	99670287	72274
chr10	99598013	99798013	harbor2	chr10	99692200	99692402	DNA/hAT-Charlie	870	-	101	99692301	94288
chr10	87275270	87475270	harbor2	chr10	87311133	87311155	DNA/hAT-Charlie	922	-	11	87311144	35874
chr10	87275270	87475270	harbor2	chr10	87311182	87311376	DNA/hAT-Charlie	922	-	97	87311279	36009
chr10	87275270	87475270	harbor2	chr10	87311372	87311431	DNA/hAT-Charlie	864	-	30	87311402	36132
chr10	87275270	87475270	harbor2	chr10	87311814	87311978	DNA/hAT-Charlie	864	-	82	87311896	36626
chr10	33539298	33739298	harbor2	chr10	33547721	33548243	DNA/hAT-Charlie	3500	-	261	33547982	8684
chr10	33539298	33739298	harbor2	chr10	33570044	33570250	DNA/hAT-Charlie	520	-	103	33570147	30849
chr10	33539298	33739298	harbor2	chr10	33587453	33587654	DNA/hAT-Charlie	1259	-	100	33587553	48255
chr10	33539298	33739298	harbor2	chr10	33597115	33597241	DNA/hAT-Charlie	519	-	63	33597178	57880
chr10	33539298	33739298	harbor2	chr10	33597656	33597864	DNA/hAT-Charlie	519	-	104	33597760	58462
chr10	33539298	33739298	harbor2	chr10	33620267	33620603	DNA/hAT-Charlie	838	-	168	33620435	81137
chr10	33539298	33739298	harbor2	chr10	33629373	33629603	DNA/hAT-Charlie	1596	-	115	33629488	90190
chr10	118251980	118451980	harbor2	chr10	118281412	118281635	DNA/hAT-Charlie	1070	-	112	118281524	29544
chr10	118251980	118451980	harbor2	chr10	118327703	118327815	DNA/hAT-Charlie	626	-	56	118327759	75779
chr10	118251980	118451980	harbor2	chr10	118327981	118328114	DNA/hAT-Charlie	626	-	66	118328047	76067
chr10	63999781	64199781	harbor2	chr10	64013076	64013275	DNA/hAT-Charlie	933	-	100	64013176	13395
chr10	63999781	64199781	harbor2	chr10	64068965	64069130	DNA/hAT-Charlie	784	-	82	64069047	69266
chr10	63999781	64199781	harbor2	chr10	64069143	64069242	DNA/hAT-Charlie	496	-	50	64069193	69412
chr10	63999781	64199781	harbor2	chr10	64077006	64077335	DNA/hAT-Charlie	1517	-	164	64077170	77389
chr10	132718034	132918034	harbor2	chr10	132770922	132771575	DNA/hAT-Charlie	942	-	326	132771248	53214
chr10	133416760	133616760	harbor2	chr10	133471878	133472079	DNA/hAT-Charlie	833	-	100	133471978	55218
chr10	116754167	116954167	harbor2	chr10	116780597	116780975	DNA/hAT-Charlie	1272	-	189	116780786	26619
chr10	116754167	116954167	harbor2	chr10	116786593	116786636	DNA/hAT-Charlie	553	-	22	116786615	32448
chr10	116754167	116954167	harbor2	chr10	116786940	116786983	DNA/hAT-Charlie	553	-	22	116786962	32795
chr10	116754167	116954167	harbor2	chr10	116787038	116787133	DNA/hAT-Charlie	553	-	48	116787086	32919
chr10	94319252	94519252	harbor2	chr10	94328216	94328542	DNA/hAT-Charlie	2009	-	163	94328379	9127
chr10	94319252	94519252	harbor2	chr10	94335571	94335804	DNA/hAT-Charlie	477	-	116	94335687	16435
chr10	94319252	94519252	harbor2	chr10	94346902	94347020	DNA/hAT-Charlie	567	-	59	94346961	27709
chr10	94319252	94519252	harbor2	chr10	94349405	94349621	DNA/hAT-Charlie	948	-	108	94349513	30261
chr10	94319252	94519252	harbor2	chr10	94358411	94358575	DNA/hAT-Charlie	447	-	82	94358493	39241
chr10	94319252	94519252	harbor2	chr10	94369184	94369522	DNA/hAT-Charlie	2234	-	169	94369353	50101
chr10	92302907	92502907	harbor2	chr10	92304373	92304840	DNA/hAT-Charlie	1652	-	234	92304607	1700
chr10	92302907	92502907	harbor2	chr10	92305469	92305615	DNA/hAT-Charlie	802	-	73	92305542	2635
chr10	92302907	92502907	harbor2	chr10	92312400	92312775	DNA/hAT-Charlie	648	-	188	92312588	9681
chr10	92302907	92502907	harbor2	chr10	92312933	92312953	DNA/hAT-Charlie	1849	-	10	92312943	10036
chr10	92302907	92502907	harbor2	chr10	92313258	92313322	DNA/hAT-Charlie	1849	-	32	92313290	10383
chr10	92302907	92502907	harbor2	chr10	92314226	92314362	DNA/hAT-Charlie	1849	-	68	92314294	11387
chr10	92302907	92502907	harbor2	chr10	92314660	92314762	DNA/hAT-Charlie	1849	-	51	92314711	11804
chr10	92302907	92502907	harbor2	chr10	92314883	92315569	DNA/hAT-Charlie	1849	-	343	92315226	12319
chr10	92302907	92502907	harbor2	chr10	92315606	92316070	DNA/hAT-Charlie	987	-	232	92315838	12931
chr10	92302907	92502907	harbor2	chr10	92336414	92336497	DNA/hAT-Charlie	436	-	42	92336456	33549
chr10	114601271	114801271	harbor2	chr10	114697775	114697934	DNA/hAT-Charlie	453	-	80	114697855	96584
chr10	114601271	114801271	harbor2	chr10	114700099	114700241	DNA/hAT-Charlie	538	-	71	114700170	98899
chr10	95795212	95995212	harbor2	chr10	95825064	95825266	DNA/hAT-Charlie	1327	-	101	95825165	29953
chr10	95795212	95995212	harbor2	chr10	95827008	95827171	DNA/hAT-Charlie	1183	-	82	95827090	31878
chr10	95795212	95995212	harbor2	chr10	95827785	95827926	DNA/hAT-Charlie	1183	-	70	95827855	32643
chr10	95795212	95995212	harbor2	chr10	95839385	95839454	DNA/hAT-Charlie	425	-	34	95839419	44207
chr10	95795212	95995212	harbor2	chr10	95840262	95840411	DNA/hAT-Charlie	732	-	74	95840336	45124
chr10	95795212	95995212	harbor2	chr10	95864195	95864340	DNA/hAT-Charlie	724	-	72	95864267	69055
chr10	95795212	95995212	harbor2	chr10	95869788	95869952	DNA/hAT-Charlie	670	-	82	95869870	74658
chr10	95795212	95995212	harbor2	chr10	95872997	95873179	DNA/hAT-Charlie	791	-	91	95873088	77876
chr10	104457848	104657848	harbor2	chr10	104471881	104472049	DNA/hAT-Charlie	787	-	84	104471965	14117
chr10	104457848	104657848	harbor2	chr10	104484646	104484836	DNA/hAT-Charlie	619	-	95	104484741	26893
chr10	104457848	104657848	harbor2	chr10	104489645	104489918	DNA/hAT-Charlie	737	-	136	104489781	31933
chr10	104457848	104657848	harbor2	chr10	104553926	104554090	DNA/hAT-Charlie	820	-	82	104554008	96160
chr10	104457848	104657848	harbor2	chr10	104554218	104554416	DNA/hAT-Charlie	480	-	99	104554317	96469
chr10	104457848	104657848	harbor2	chr10	104554639	104554807	DNA/hAT-Charlie	607	-	84	104554723	96875
chr10	104457848	104657848	harbor2	chr10	104556603	104556909	DNA/hAT-Charlie	871	-	153	104556756	98908
chr10	133152844	133352844	harbor2	chr10	133170517	133170950	DNA/hAT-Charlie	1313	-	216	133170733	17889
chr10	28714667	28914667	harbor2	chr10	28776066	28776210	DNA/hAT-Charlie	885	-	72	28776138	61471
chr10	28714667	28914667	harbor2	chr10	28795438	28795659	DNA/hAT-Charlie	1132	-	110	28795548	80881
chr10	125265626	125465626	harbor2	chr10	125283041	125283295	DNA/hAT-Charlie	564	-	127	125283168	17542
chr10	125265626	125465626	harbor2	chr10	125286319	125286497	DNA/hAT-Charlie	500	-	89	125286408	20782
chr10	125265626	125465626	harbor2	chr10	125334758	125334893	DNA/hAT-Charlie	685	-	68	125334826	69200
chr10	125265626	125465626	harbor2	chr10	125349563	125349744	DNA/hAT-Charlie	925	-	90	125349653	84027
chr10	37479582	37679582	harbor2	chr10	37536361	37536559	DNA/hAT-Charlie	1503	-	99	37536460	56878
chr10	37479582	37679582	harbor2	chr10	37549732	37550059	DNA/hAT-Charlie	2034	-	164	37549896	70314
chr10	38851420	39051420	harbor2	chr10	38944029	38944220	DNA/hAT-Charlie	1272	-	96	38944125	92705
chr10	126496146	126696146	harbor2	chr10	126497675	126497890	DNA/hAT-Charlie	1032	-	108	126497783	1637
chr10	126496146	126696146	harbor2	chr10	126543953	126544218	DNA/hAT-Charlie	696	-	132	126544085	47939
chr10	126496146	126696146	harbor2	chr10	126560667	126560947	DNA/hAT-Charlie	1224	-	140	126560807	64661
chr10	126496146	126696146	harbor2	chr10	126563912	126564092	DNA/hAT-Charlie	782	-	90	126564002	67856
chr10	126496146	126696146	harbor2	chr10	126582951	126583170	DNA/hAT-Charlie	970	-	110	126583061	86915
chr10	77013521	77213521	harbor2	chr10	77048134	77048347	DNA/hAT-Charlie	768	-	106	77048240	34719
chr10	77013521	77213521	harbor2	chr10	77050545	77050715	DNA/hAT-Charlie	624	-	85	77050630	37109
chr10	77013521	77213521	harbor2	chr10	77073660	77073849	DNA/hAT-Charlie	966	-	94	77073754	60233
chr10	77013521	77213521	harbor2	chr10	77084083	77084287	DNA/hAT-Charlie	1097	-	102	77084185	70664
chr10	77013521	77213521	harbor2	chr10	77113151	77113335	DNA/hAT-Charlie	903	-	92	77113243	99722
chr10	111723424	111923424	harbor2	chr10	111748785	111748961	DNA/hAT-Charlie	487	-	88	111748873	25449
chr10	111723424	111923424	harbor2	chr10	111800460	111800685	DNA/hAT-Charlie	613	-	112	111800572	77148
chr10	111723424	111923424	harbor2	chr10	111812313	111812551	DNA/hAT-Charlie	547	-	119	111812432	89008
chr10	111723424	111923424	harbor2	chr10	111812851	111812948	DNA/hAT-Charlie	547	-	48	111812899	89475
chr10	123436531	123636531	harbor2	chr10	123496406	123496608	DNA/hAT-Charlie	1075	-	101	123496507	59976
chr10	123436531	123636531	harbor2	chr10	123505756	123505971	DNA/hAT-Charlie	982	-	108	123505864	69333
chr10	86631083	86831083	harbor2	chr10	86632679	86632847	DNA/hAT-Charlie	409	-	84	86632763	1680
chr10	86631083	86831083	harbor2	chr10	86645486	86645559	DNA/hAT-Charlie	1314	-	36	86645522	14439
chr10	86631083	86831083	harbor2	chr10	86645873	86645884	DNA/hAT-Charlie	1314	-	6	86645879	14796
chr10	86631083	86831083	harbor2	chr10	86646186	86646531	DNA/hAT-Charlie	1314	-	172	86646358	15275
chr10	86631083	86831083	harbor2	chr10	86712685	86712778	DNA/hAT-Charlie	663	-	46	86712731	81648
chr10	86631083	86831083	harbor2	chr10	86713067	86713228	DNA/hAT-Charlie	663	-	80	86713147	82064
chr10	69806733	70006733	harbor2	chr10	69807847	69808032	DNA/hAT-Charlie	543	-	92	69807939	1206
chr10	69806733	70006733	harbor2	chr10	69808412	69808630	DNA/hAT-Charlie	443	-	109	69808521	1788
chr10	69806733	70006733	harbor2	chr10	69815527	69815753	DNA/hAT-Charlie	592	-	113	69815640	8907
chr10	69806733	70006733	harbor2	chr10	69821108	69821324	DNA/hAT-Charlie	538	-	108	69821216	14483
chr10	69806733	70006733	harbor2	chr10	69834057	69834332	DNA/hAT-Charlie	1318	-	138	69834195	27462
chr10	69806733	70006733	harbor2	chr10	69843417	69843612	DNA/hAT-Charlie	979	-	98	69843515	36782
chr10	69806733	70006733	harbor2	chr10	69863110	69863312	DNA/hAT-Charlie	897	-	101	69863211	56478
chr10	131290672	131490672	harbor2	chr10	131372392	131372601	DNA/hAT-Charlie	540	-	104	131372496	81824
chr10	131290672	131490672	harbor2	chr10	131373737	131373899	DNA/hAT-Charlie	441	-	81	131373818	83146
chr10	130568330	130768330	harbor2	chr10	130630184	130630385	DNA/hAT-Charlie	1420	-	100	130630284	61954
chr10	104749229	104949229	harbor2	chr10	104764238	104764398	DNA/hAT-Charlie	863	-	80	104764318	15089
chr10	104749229	104949229	harbor2	chr10	104770460	104770539	DNA/hAT-Charlie	1115	-	40	104770500	21271
chr10	104749229	104949229	harbor2	chr10	104770862	104771103	DNA/hAT-Charlie	1115	-	120	104770982	21753
chr10	104749229	104949229	harbor2	chr10	104783892	104784186	DNA/hAT-Charlie	952	-	147	104784039	34810
chr10	104749229	104949229	harbor2	chr10	104794994	104795634	DNA/hAT-Charlie	2557	-	320	104795314	46085
chr10	74840912	75040912	harbor2	chr10	74866540	74866951	DNA/hAT-Charlie	1704	-	206	74866746	25834
chr10	124003783	124203783	harbor2	chr10	124015961	124016097	DNA/hAT-Charlie	586	-	68	124016029	12246
chr10	124003783	124203783	harbor2	chr10	124050455	124050635	DNA/hAT-Charlie	863	-	90	124050545	46762
chr10	124003783	124203783	harbor2	chr10	124071524	124071813	DNA/hAT-Charlie	1341	-	144	124071668	67885
chr10	93736984	93936984	harbor2	chr10	93765308	93765519	DNA/hAT-Charlie	514	-	106	93765414	28430
chr10	93736984	93936984	harbor2	chr10	93795586	93795781	DNA/hAT-Charlie	622	-	98	93795684	58700
chr10	28366450	28566450	harbor2	chr10	28417161	28417384	DNA/hAT-Charlie	1563	-	112	28417273	50823
chr10	122797993	122997993	harbor2	chr10	122804392	122804618	DNA/hAT-Charlie	617	-	113	122804505	6512
chr10	122797993	122997993	harbor2	chr10	122805588	122805717	DNA/hAT-Charlie	587	-	64	122805652	7659
chr10	122797993	122997993	harbor2	chr10	122840707	122840832	DNA/hAT-Charlie	474	-	62	122840769	42776
chr10	122797993	122997993	harbor2	chr10	122896921	122897250	DNA/hAT-Charlie	1238	-	164	122897085	99092
chr10	122295715	122495715	harbor2	chr10	122351887	122352007	DNA/hAT-Charlie	429	-	60	122351947	56232
chr10	122295715	122495715	harbor2	chr10	122353137	122353322	DNA/hAT-Charlie	893	-	92	122353229	57514
chr10	122295715	122495715	harbor2	chr10	122380682	122380872	DNA/hAT-Charlie	754	-	95	122380777	85062
chr10	91935025	92135025	harbor2	chr10	91965298	91965507	DNA/hAT-Charlie	794	-	104	91965402	30377
chr10	91935025	92135025	harbor2	chr10	92005623	92005858	DNA/hAT-Charlie	2865	-	118	92005741	70716
chr10	91935025	92135025	harbor2	chr10	92006117	92006822	DNA/hAT-Charlie	2865	-	352	92006469	71444
chr10	91935025	92135025	harbor2	chr10	92007083	92007201	DNA/hAT-Charlie	1100	-	59	92007142	72117
chr10	91935025	92135025	harbor2	chr10	92007518	92007783	DNA/hAT-Charlie	1100	-	132	92007650	72625
chr10	29036168	29236168	harbor2	chr10	29100843	29101106	DNA/hAT-Charlie	465	-	132	29100975	64807
chr10	83828067	84028067	harbor2	chr10	83860125	83860351	DNA/hAT-Charlie	620	-	113	83860238	32171
chr10	83828067	84028067	harbor2	chr10	83919354	83919524	DNA/hAT-Charlie	534	-	85	83919439	91372
chr10	131755583	131955583	harbor2	chr10	131781045	131781221	DNA/hAT-Charlie	538	-	88	131781133	25550
chr10	32699788	32899788	harbor2	chr10	32709509	32709742	DNA/hAT-Charlie	1448	-	116	32709625	9837
chr10	102961335	103161335	harbor2	chr10	102975207	102975616	DNA/hAT-Charlie	702	-	204	102975411	14076
chr10	102961335	103161335	harbor2	chr10	103004480	103004625	DNA/hAT-Charlie	681	-	72	103004552	43217
chr10	102961335	103161335	harbor2	chr10	103046465	103046961	DNA/hAT-Charlie	2123	-	248	103046713	85378
chr10	102961335	103161335	harbor2	chr10	103047669	103047912	DNA/hAT-Charlie	3791	-	122	103047791	86456
chr10	102961335	103161335	harbor2	chr10	103048515	103048865	DNA/hAT-Charlie	3791	-	175	103048690	87355
chr10	102961335	103161335	harbor2	chr10	103049146	103049404	DNA/hAT-Charlie	3791	-	129	103049275	87940
chr10	105237426	105437426	harbor2	chr10	105271428	105271810	DNA/hAT-Charlie	1630	-	191	105271619	34193
chr10	105237426	105437426	harbor2	chr10	105305510	105305734	DNA/hAT-Charlie	471	-	112	105305622	68196
chr10	105237426	105437426	harbor2	chr10	105328465	105328918	DNA/hAT-Charlie	681	-	226	105328691	91265
chr10	108276561	108476561	harbor2	chr10	108364787	108364993	DNA/hAT-Charlie	608	-	103	108364890	88329
chr10	132523710	132723710	harbor2	chr10	132541516	132541609	DNA/hAT-Charlie	435	-	46	132541562	17852
chr10	131877011	132077011	harbor2	chr10	131909457	131909685	DNA/hAT-Charlie	787	-	114	131909571	32560
chr10	131877011	132077011	harbor2	chr10	131909696	131910084	DNA/hAT-Charlie	1207	-	194	131909890	32879
chr10	131877011	132077011	harbor2	chr10	131910161	131910627	DNA/hAT-Charlie	1928	-	233	131910394	33383
chr10	131877011	132077011	harbor2	chr10	131911366	131911784	DNA/hAT-Charlie	1049	-	209	131911575	34564
chr10	131877011	132077011	harbor2	chr10	131938907	131939090	DNA/hAT-Charlie	573	-	92	131938999	61988
chr10	124709102	124909102	harbor2	chr10	124727675	124727997	DNA/hAT-Charlie	800	-	161	124727836	18734
chr10	124709102	124909102	harbor2	chr10	124730839	124731049	DNA/hAT-Charlie	1036	-	105	124730944	21842
chr10	124709102	124909102	harbor2	chr10	124738239	124738421	DNA/hAT-Charlie	673	-	91	124738330	29228
chr10	124709102	124909102	harbor2	chr10	124779434	124779464	DNA/hAT-Charlie	992	-	15	124779449	70347
chr10	124709102	124909102	harbor2	chr10	124780098	124780273	DNA/hAT-Charlie	992	-	88	124780186	71084
chr10	124709102	124909102	harbor2	chr10	124799776	124799983	DNA/hAT-Charlie	754	-	104	124799880	90778
chr10	124709102	124909102	harbor2	chr10	124803489	124803620	DNA/hAT-Charlie	666	-	66	124803555	94453
chr10	124709102	124909102	harbor2	chr10	124803886	124803989	DNA/hAT-Charlie	434	-	52	124803938	94836
chr10	120208288	120408288	harbor2	chr10	120212903	120213296	DNA/hAT-Charlie	1989	-	196	120213099	4811
chr10	120208288	120408288	harbor2	chr10	120213558	120213597	DNA/hAT-Charlie	1989	-	20	120213578	5290
chr10	120208288	120408288	harbor2	chr10	120213986	120214094	DNA/hAT-Charlie	700	-	54	120214040	5752
chr10	120208288	120408288	harbor2	chr10	120216174	120216365	DNA/hAT-Charlie	822	-	96	120216270	7982
chr10	120208288	120408288	harbor2	chr10	120247544	120247696	DNA/hAT-Charlie	420	-	76	120247620	39332
chr10	120208288	120408288	harbor2	chr10	120287479	120287633	DNA/hAT-Charlie	711	-	77	120287556	79268
chr10	120208288	120408288	harbor2	chr10	120298826	120299045	DNA/hAT-Charlie	1202	-	110	120298936	90648
chr10	133153140	133353140	harbor2	chr10	133170517	133170950	DNA/hAT-Charlie	1313	-	216	133170733	17593
chr10	131741733	131941733	harbor2	chr10	131781045	131781221	DNA/hAT-Charlie	538	-	88	131781133	39400
chr10	107208296	107408296	harbor2	chr10	107240420	107240590	DNA/hAT-Charlie	680	-	85	107240505	32209
chr10	107208296	107408296	harbor2	chr10	107249567	107249894	DNA/hAT-Charlie	1110	-	164	107249731	41435
chr10	129072960	129272960	harbor2	chr10	129082290	129083060	DNA/hAT-Charlie	3458	-	385	129082675	9715
chr10	129072960	129272960	harbor2	chr10	129083174	129083815	DNA/hAT-Charlie	2054	-	320	129083494	10534
chr10	129072960	129272960	harbor2	chr10	129099461	129099675	DNA/hAT-Charlie	1149	-	107	129099568	26608
chr10	127618429	127818429	harbor2	chr10	127641007	127641483	DNA/hAT-Charlie	2437	-	238	127641245	22816
chr10	127618429	127818429	harbor2	chr10	127641771	127642560	DNA/hAT-Charlie	2437	-	394	127642165	23736
chr10	127618429	127818429	harbor2	chr10	127643574	127643961	DNA/hAT-Charlie	1445	-	194	127643768	25339
chr10	127618429	127818429	harbor2	chr10	127644364	127644496	DNA/hAT-Charlie	1445	-	66	127644430	26001
chr10	108318135	108518135	harbor2	chr10	108364787	108364993	DNA/hAT-Charlie	608	-	103	108364890	46755
chr10	88574918	88774918	harbor2	chr10	88588696	88588816	DNA/hAT-Charlie	697	-	60	88588756	13838
chr10	88574918	88774918	harbor2	chr10	88622433	88622608	DNA/hAT-Charlie	929	-	88	88622521	47603
chr10	88574918	88774918	harbor2	chr10	88587916	88588692	DNA/hAT-Charlie	3263	-	388	88588304	13386
chr10	75516797	75716797	harbor2	chr10	75607729	75607824	DNA/hAT-Charlie	423	-	48	75607777	90980
chr10	108846617	109046617	harbor2	chr10	108926918	108929329	DNA/hAT-Charlie	8840	-	1206	108928124	81507
chr10	108846617	109046617	harbor2	chr10	108945643	108945954	DNA/hAT-Charlie	1988	-	156	108945799	99182
chr10	131256720	131456720	harbor2	chr10	131257604	131257812	DNA/hAT-Charlie	728	-	104	131257708	988
chr10	128050589	128250589	harbor2	chr10	128055450	128055613	DNA/hAT-Charlie	533	-	82	128055532	4943
chr10	128050589	128250589	harbor2	chr10	128079184	128079259	DNA/hAT-Charlie	462	-	38	128079222	28633
chr10	128050589	128250589	harbor2	chr10	128117667	128117921	DNA/hAT-Charlie	486	-	127	128117794	67205
chr10	128050589	128250589	harbor2	chr10	128124323	128124512	DNA/hAT-Charlie	505	-	94	128124417	73828
chr10	128050589	128250589	harbor2	chr10	128140557	128140766	DNA/hAT-Charlie	462	-	104	128140661	90072
chr10	129727898	129927898	harbor2	chr10	129731258	129731356	DNA/hAT-Charlie	1880	-	49	129731307	3409
chr10	129727898	129927898	harbor2	chr10	129731694	129732082	DNA/hAT-Charlie	1880	-	194	129731888	3990
chr10	129727898	129927898	harbor2	chr10	129824589	129824966	DNA/hAT-Charlie	715	-	188	129824777	96879
chr10	100593749	100793749	harbor2	chr10	100602894	100603123	DNA/hAT-Charlie	768	-	114	100603008	9259
chr10	100593749	100793749	harbor2	chr10	100667151	100667374	DNA/hAT-Charlie	1031	-	112	100667263	73514
chr10	127942419	128142419	harbor2	chr10	128036785	128036914	DNA/hAT-Charlie	518	-	64	128036849	94430
chr10	57524343	57724343	harbor2	chr10	57526199	57526383	DNA/hAT-Charlie	645	-	92	57526291	1948
chr10	57524343	57724343	harbor2	chr10	57573171	57573303	DNA/hAT-Charlie	443	-	66	57573237	48894
chr10	57524343	57724343	harbor2	chr10	57603155	57603397	DNA/hAT-Charlie	632	-	121	57603276	78933
chr10	99882955	100082955	harbor2	chr10	99901229	99901527	DNA/hAT-Charlie	820	-	149	99901378	18423
chr10	99882955	100082955	harbor2	chr10	99925376	99925410	DNA/hAT-Charlie	414	-	17	99925393	42438
chr10	99882955	100082955	harbor2	chr10	99925715	99925927	DNA/hAT-Charlie	414	-	106	99925821	42866
chr10	106842850	107042850	harbor2	chr10	106882172	106882381	DNA/hAT-Charlie	1366	-	104	106882276	39426
chr10	106842850	107042850	harbor2	chr10	106882396	106882573	DNA/hAT-Charlie	739	-	88	106882484	39634
chr10	106842850	107042850	harbor2	chr10	106917510	106917714	DNA/hAT-Charlie	729	-	102	106917612	74762
chr10	106842850	107042850	harbor2	chr10	106933257	106933409	DNA/hAT-Charlie	498	-	76	106933333	90483
chr10	68914592	69114592	harbor2	chr10	68979397	68979684	DNA/hAT-Charlie	714	-	144	68979541	64949
chr10	68914592	69114592	harbor2	chr10	68998263	68998615	DNA/hAT-Charlie	1223	-	176	68998439	83847
chr10	68914592	69114592	harbor2	chr10	69000906	69001095	DNA/hAT-Charlie	767	-	94	69001000	86408
chr11	88809305	89009305	harbor2	chr11	88824446	88824791	DNA/hAT-Charlie	1948	-	172	88824618	15313
chr11	88809305	89009305	harbor2	chr11	88836165	88836328	DNA/hAT-Charlie	765	-	82	88836247	26942
chr11	88809305	89009305	harbor2	chr11	88904295	88904622	DNA/hAT-Charlie	455	-	164	88904459	95154
chr11	94745263	94945263	harbor2	chr11	94755591	94755611	DNA/hAT-Charlie	702	-	10	94755601	10338
chr11	94745263	94945263	harbor2	chr11	94756382	94756608	DNA/hAT-Charlie	702	-	113	94756495	11232
chr11	94745263	94945263	harbor2	chr11	94774575	94774760	DNA/hAT-Charlie	921	-	92	94774667	29404
chr11	94745263	94945263	harbor2	chr11	94775555	94775672	DNA/hAT-Charlie	672	-	58	94775613	30350
chr11	94745263	94945263	harbor2	chr11	94793371	94793530	DNA/hAT-Charlie	676	-	80	94793451	48188
chr11	94745263	94945263	harbor2	chr11	94808713	94808958	DNA/hAT-Charlie	1194	-	122	94808835	63572
chr11	94745263	94945263	harbor2	chr11	94809271	94809386	DNA/hAT-Charlie	1194	-	58	94809329	64066
chr11	94745263	94945263	harbor2	chr11	94820516	94821024	DNA/hAT-Charlie	3464	-	254	94820770	75507
chr11	94745263	94945263	harbor2	chr11	94838395	94838598	DNA/hAT-Charlie	1070	-	102	94838497	93234
chr11	114935676	115135676	harbor2	chr11	114963440	114963752	DNA/hAT-Charlie	595	-	156	114963596	27920
chr11	114935676	115135676	harbor2	chr11	114981231	114981521	DNA/hAT-Charlie	1031	-	145	114981376	45700
chr11	134721797	134921797	harbor2	chr11	134736342	134736481	DNA/hAT-Charlie	471	-	70	134736412	14615
chr11	134721797	134921797	harbor2	chr11	134757873	134758046	DNA/hAT-Charlie	740	-	86	134757959	36162
chr11	20697519	20897519	harbor2	chr11	20708811	20709122	DNA/hAT-Charlie	1933	-	156	20708967	11448
chr11	20697519	20897519	harbor2	chr11	20738983	20739170	DNA/hAT-Charlie	866	-	94	20739077	41558
chr11	20697519	20897519	harbor2	chr11	20741886	20742036	DNA/hAT-Charlie	792	-	75	20741961	44442
chr11	20697519	20897519	harbor2	chr11	20745251	20745760	DNA/hAT-Charlie	1504	-	254	20745505	47986
chr11	20697519	20897519	harbor2	chr11	20754506	20754708	DNA/hAT-Charlie	477	-	101	20754607	57088
chr11	20697519	20897519	harbor2	chr11	20756308	20756334	DNA/hAT-Charlie	680	-	13	20756321	58802
chr11	20697519	20897519	harbor2	chr11	20756661	20756831	DNA/hAT-Charlie	680	-	85	20756746	59227
chr11	20697519	20897519	harbor2	chr11	20758650	20758850	DNA/hAT-Charlie	959	-	100	20758750	61231
chr11	20697519	20897519	harbor2	chr11	20763895	20764115	DNA/hAT-Charlie	506	-	110	20764005	66486
chr11	132076026	132276026	harbor2	chr11	132076193	132076381	DNA/hAT-Charlie	605	-	94	132076287	261
chr11	132076026	132276026	harbor2	chr11	132077879	132078097	DNA/hAT-Charlie	500	-	109	132077988	1962
chr11	132076026	132276026	harbor2	chr11	132143989	132144144	DNA/hAT-Charlie	665	-	78	132144067	68041
chr11	132076026	132276026	harbor2	chr11	132149832	132149946	DNA/hAT-Charlie	468	-	57	132149889	73863
chr11	133599692	133799692	harbor2	chr11	133611708	133612209	DNA/hAT-Charlie	1344	-	250	133611958	12266
chr11	133599692	133799692	harbor2	chr11	133662071	133662230	DNA/hAT-Charlie	499	-	80	133662151	62459
chr11	80406593	80606593	harbor2	chr11	80446964	80447172	DNA/hAT-Charlie	577	-	104	80447068	40475
chr11	33799228	33999228	harbor2	chr11	33805615	33805780	DNA/hAT-Charlie	635	-	82	33805697	6469
chr11	33799228	33999228	harbor2	chr11	33808499	33808651	DNA/hAT-Charlie	438	-	76	33808575	9347
chr11	33799228	33999228	harbor2	chr11	33839949	33840081	DNA/hAT-Charlie	716	-	66	33840015	40787
chr11	33799228	33999228	harbor2	chr11	33850572	33850676	DNA/hAT-Charlie	410	-	52	33850624	51396
chr11	33799228	33999228	harbor2	chr11	33857103	33857158	DNA/hAT-Charlie	873	-	28	33857131	57903
chr11	33799228	33999228	harbor2	chr11	33857456	33857597	DNA/hAT-Charlie	873	-	70	33857526	58298
chr11	33799228	33999228	harbor2	chr11	33898278	33898406	DNA/hAT-Charlie	1029	-	64	33898342	99114
chr11	33799228	33999228	harbor2	chr11	33898717	33898797	DNA/hAT-Charlie	1029	-	40	33898757	99529
chr11	56767441	56967441	harbor2	chr11	56767719	56767774	DNA/hAT-Charlie	531	-	28	56767747	306
chr11	56767441	56967441	harbor2	chr11	56767964	56768158	DNA/hAT-Charlie	899	-	97	56768061	620
chr11	67823502	68023502	harbor2	chr11	67827399	67827463	DNA/hAT-Charlie	777	-	32	67827431	3929
chr11	67823502	68023502	harbor2	chr11	67827757	67827901	DNA/hAT-Charlie	777	-	72	67827829	4327
chr11	67823502	68023502	harbor2	chr11	67827922	67828419	DNA/hAT-Charlie	3164	-	248	67828170	4668
chr11	67823502	68023502	harbor2	chr11	67836253	67836278	DNA/hAT-Charlie	467	-	12	67836265	12763
chr11	67823502	68023502	harbor2	chr11	67836576	67836693	DNA/hAT-Charlie	467	-	58	67836634	13132
chr11	67823502	68023502	harbor2	chr11	67889713	67889825	DNA/hAT-Charlie	1074	-	56	67889769	66267
chr11	67823502	68023502	harbor2	chr11	67890216	67890332	DNA/hAT-Charlie	1074	-	58	67890274	66772
chr11	67823502	68023502	harbor2	chr11	67905164	67905394	DNA/hAT-Charlie	744	-	115	67905279	81777
chr11	113602741	113802741	harbor2	chr11	113650169	113650307	DNA/hAT-Charlie	618	-	69	113650238	47497
chr11	113602741	113802741	harbor2	chr11	113654530	113654754	DNA/hAT-Charlie	4603	-	112	113654642	51901
chr11	113602741	113802741	harbor2	chr11	113655049	113655493	DNA/hAT-Charlie	4603	-	222	113655271	52530
chr11	113602741	113802741	harbor2	chr11	113656405	113656581	DNA/hAT-Charlie	4603	-	88	113656493	53752
chr11	113602741	113802741	harbor2	chr11	113662792	113663018	DNA/hAT-Charlie	1249	-	113	113662905	60164
chr11	113602741	113802741	harbor2	chr11	113655793	113656108	DNA/hAT-Charlie	4603	-	158	113655951	53210
chr11	97054077	97254077	harbor2	chr11	97059520	97059650	DNA/hAT-Charlie	572	-	65	97059585	5508
chr11	97054077	97254077	harbor2	chr11	97074696	97074826	DNA/hAT-Charlie	717	-	65	97074761	20684
chr11	97054077	97254077	harbor2	chr11	97108651	97108849	DNA/hAT-Charlie	1050	-	99	97108750	54673
chr11	64288974	64488974	harbor2	chr11	64355830	64355938	DNA/hAT-Charlie	496	-	54	64355884	66910
chr11	121785436	121985436	harbor2	chr11	121791550	121791752	DNA/hAT-Charlie	907	-	101	121791651	6215
chr11	121785436	121985436	harbor2	chr11	121866113	121866471	DNA/hAT-Charlie	1640	-	179	121866292	80856
chr11	121785436	121985436	harbor2	chr11	121866469	121866593	DNA/hAT-Charlie	707	-	62	121866531	81095
chr11	63225256	63425256	harbor2	chr11	63228789	63228959	DNA/hAT-Charlie	473	-	85	63228874	3618
chr11	122761608	122961608	harbor2	chr11	122771587	122771748	DNA/hAT-Charlie	2507	-	80	122771667	10059
chr11	122761608	122961608	harbor2	chr11	122771791	122772181	DNA/hAT-Charlie	2507	-	195	122771986	10378
chr11	122761608	122961608	harbor2	chr11	122858911	122859108	DNA/hAT-Charlie	3832	-	98	122859009	97401
chr11	122761608	122961608	harbor2	chr11	122859411	122860025	DNA/hAT-Charlie	3832	-	307	122859718	98110
chr11	87536864	87736864	harbor2	chr11	87572945	87573061	DNA/hAT-Charlie	409	-	58	87573003	36139
chr11	89426752	89626752	harbor2	chr11	89454375	89454511	DNA/hAT-Charlie	486	-	68	89454443	27691
chr11	89426752	89626752	harbor2	chr11	89476991	89477519	DNA/hAT-Charlie	3492	-	264	89477255	50503
chr11	50026457	50226457	harbor2	chr11	50078580	50078987	DNA/hAT-Charlie	2343	-	204	50078784	52327
chr11	50026457	50226457	harbor2	chr11	50087890	50088316	DNA/hAT-Charlie	2791	-	213	50088103	61646
chr11	50026457	50226457	harbor2	chr11	50097900	50098370	DNA/hAT-Charlie	3308	-	235	50098135	71678
chr11	50026457	50226457	harbor2	chr11	50108952	50109172	DNA/hAT-Charlie	1083	-	110	50109062	82605
chr11	104576591	104776591	harbor2	chr11	104595632	104595746	DNA/hAT-Charlie	420	-	57	104595689	19098
chr11	134687844	134887844	harbor2	chr11	134736342	134736481	DNA/hAT-Charlie	471	-	70	134736412	48568
chr11	134687844	134887844	harbor2	chr11	134757873	134758046	DNA/hAT-Charlie	740	-	86	134757959	70115
chr11	119038352	119238352	harbor2	chr11	119045899	119045970	DNA/hAT-Charlie	694	-	36	119045935	7583
chr11	119038352	119238352	harbor2	chr11	119046266	119046370	DNA/hAT-Charlie	694	-	52	119046318	7966
chr11	119038352	119238352	harbor2	chr11	119054724	119054933	DNA/hAT-Charlie	1227	-	104	119054828	16476
chr11	133320641	133520641	harbor2	chr11	133335007	133335173	DNA/hAT-Charlie	540	-	83	133335090	14449
chr11	133320641	133520641	harbor2	chr11	133379672	133379895	DNA/hAT-Charlie	652	-	112	133379784	59143
chr11	122555078	122755078	harbor2	chr11	122561018	122561082	DNA/hAT-Charlie	621	-	32	122561050	5972
chr11	122555078	122755078	harbor2	chr11	122561369	122561460	DNA/hAT-Charlie	621	-	46	122561415	6337
chr11	122555078	122755078	harbor2	chr11	122599993	122600148	DNA/hAT-Charlie	591	-	78	122600071	44993
chr11	130939077	131139077	harbor2	chr11	130944096	130944269	DNA/hAT-Charlie	519	-	86	130944182	5105
chr11	130939077	131139077	harbor2	chr11	130944611	130944783	DNA/hAT-Charlie	440	-	86	130944697	5620
chr11	130939077	131139077	harbor2	chr11	131000334	131000557	DNA/hAT-Charlie	969	-	112	131000446	61369
chr11	130939077	131139077	harbor2	chr11	131001068	131001177	DNA/hAT-Charlie	429	-	54	131001122	62045
chr11	130939077	131139077	harbor2	chr11	131037338	131037626	DNA/hAT-Charlie	1628	-	144	131037482	98405
chr11	96932710	97132710	harbor2	chr11	96941591	96942257	DNA/hAT-Charlie	1971	-	333	96941924	9214
chr11	96932710	97132710	harbor2	chr11	96942804	96943146	DNA/hAT-Charlie	2117	-	171	96942975	10265
chr11	96932710	97132710	harbor2	chr11	97027098	97027293	DNA/hAT-Charlie	728	-	98	97027196	94486
chr11	96932710	97132710	harbor2	chr11	97027371	97027494	DNA/hAT-Charlie	575	-	62	97027433	94723
chr11	96932710	97132710	harbor2	chr11	97027500	97027619	DNA/hAT-Charlie	413	-	60	97027560	94850
chr11	85107485	85307485	harbor2	chr11	85122577	85122749	DNA/hAT-Charlie	545	-	86	85122663	15178
chr11	85107485	85307485	harbor2	chr11	85165203	85165286	DNA/hAT-Charlie	381	-	42	85165245	57760
chr11	85107485	85307485	harbor2	chr11	85186139	85186439	DNA/hAT-Charlie	1177	-	150	85186289	78804
chr11	129224657	129424657	harbor2	chr11	129266410	129266572	DNA/hAT-Charlie	481	-	81	129266491	41834
chr11	129224657	129424657	harbor2	chr11	129270835	129271028	DNA/hAT-Charlie	977	-	96	129270931	46274
chr11	129224657	129424657	harbor2	chr11	129275585	129275881	DNA/hAT-Charlie	1147	-	148	129275733	51076
chr11	129224657	129424657	harbor2	chr11	129323817	129324046	DNA/hAT-Charlie	406	-	114	129323931	99274
chr11	128042982	128242982	harbor2	chr11	128060221	128060452	DNA/hAT-Charlie	842	-	116	128060337	17355
chr11	128042982	128242982	harbor2	chr11	128132867	128133077	DNA/hAT-Charlie	803	-	105	128132972	89990
chr11	104219399	104419399	harbor2	chr11	104226446	104226571	DNA/hAT-Charlie	447	-	62	104226508	7109
chr11	104219399	104419399	harbor2	chr11	104261843	104262409	DNA/hAT-Charlie	1424	-	283	104262126	42727
chr11	133691837	133891837	harbor2	chr11	133776261	133776456	DNA/hAT-Charlie	875	-	98	133776359	84522
chr11	128358885	128558885	harbor2	chr11	128373570	128373709	DNA/hAT-Charlie	409	-	70	128373640	14755
chr11	128358885	128558885	harbor2	chr11	128416173	128416286	DNA/hAT-Charlie	598	-	56	128416229	57344
chr11	128358885	128558885	harbor2	chr11	128450964	128451268	DNA/hAT-Charlie	1015	-	152	128451116	92231
chr11	128358885	128558885	harbor2	chr11	128450297	128450615	DNA/hAT-Charlie	1015	-	159	128450456	91571
chr11	72791212	72991212	harbor2	chr11	72859914	72860231	DNA/hAT-Charlie	2035	-	158	72860072	68860
chr11	100220962	100420962	harbor2	chr11	100305846	100306039	DNA/hAT-Charlie	1241	-	96	100305942	84980
chr11	100220962	100420962	harbor2	chr11	100302713	100302953	DNA/hAT-Charlie	469	-	120	100302833	81871
chr11	130078647	130278647	harbor2	chr11	130127035	130127383	DNA/hAT-Charlie	841	-	174	130127209	48562
chr11	130078647	130278647	harbor2	chr11	130148968	130149076	DNA/hAT-Charlie	412	-	54	130149022	70375
chr11	130078647	130278647	harbor2	chr11	130149487	130149689	DNA/hAT-Charlie	1560	-	101	130149588	70941
chr11	130078647	130278647	harbor2	chr11	130149989	130150347	DNA/hAT-Charlie	1560	-	179	130150168	71521
chr11	94562424	94762424	harbor2	chr11	94599838	94600006	DNA/hAT-Charlie	698	-	84	94599922	37498
chr11	94562424	94762424	harbor2	chr11	94623527	94623713	DNA/hAT-Charlie	613	-	93	94623620	61196
chr11	94562424	94762424	harbor2	chr11	94637158	94637347	DNA/hAT-Charlie	865	-	94	94637252	74828
chr11	126756558	126956558	harbor2	chr11	126817703	126817890	DNA/hAT-Charlie	435	-	94	126817797	61239
chr11	126756558	126956558	harbor2	chr11	126825272	126825716	DNA/hAT-Charlie	2074	-	222	126825494	68936
chr11	126756558	126956558	harbor2	chr11	126856022	126856193	DNA/hAT-Charlie	501	-	86	126856108	99550
chr11	101525974	101725974	harbor2	chr11	101563033	101563227	DNA/hAT-Charlie	729	-	97	101563130	37156
chr11	101525974	101725974	harbor2	chr11	101586666	101587205	DNA/hAT-Charlie	3599	-	270	101586936	60962
chr11	103600260	103800260	harbor2	chr11	103618114	103618286	DNA/hAT-Charlie	713	-	86	103618200	17940
chr11	103600260	103800260	harbor2	chr11	103656821	103656953	DNA/hAT-Charlie	384	-	66	103656887	56627
chr11	103600260	103800260	harbor2	chr11	103667422	103667561	DNA/hAT-Charlie	1337	-	70	103667492	67232
chr11	103600260	103800260	harbor2	chr11	103667867	103668080	DNA/hAT-Charlie	1337	-	106	103667973	67713
chr11	103600260	103800260	harbor2	chr11	103668068	103668207	DNA/hAT-Charlie	586	-	70	103668138	67878
chr11	103600260	103800260	harbor2	chr11	103673762	103674144	DNA/hAT-Charlie	1726	-	191	103673953	73693
chr11	126600636	126800636	harbor2	chr11	126609657	126609805	DNA/hAT-Charlie	527	-	74	126609731	9095
chr11	126600636	126800636	harbor2	chr11	126632016	126632196	DNA/hAT-Charlie	898	-	90	126632106	31470
chr11	126600636	126800636	harbor2	chr11	126661674	126661843	DNA/hAT-Charlie	741	-	84	126661758	61122
chr11	126600636	126800636	harbor2	chr11	126682546	126682879	DNA/hAT-Charlie	1975	-	166	126682712	82076
chr11	126600636	126800636	harbor2	chr11	126699417	126699727	DNA/hAT-Charlie	1010	-	155	126699572	98936
chr11	130471575	130671575	harbor2	chr11	130513715	130513806	DNA/hAT-Charlie	859	-	46	130513761	42186
chr11	130471575	130671575	harbor2	chr11	130514097	130514177	DNA/hAT-Charlie	859	-	40	130514137	42562
chr11	130471575	130671575	harbor2	chr11	130571211	130571397	DNA/hAT-Charlie	926	-	93	130571304	99729
chr11	130489213	130689213	harbor2	chr11	130513715	130513806	DNA/hAT-Charlie	859	-	46	130513761	24548
chr11	130489213	130689213	harbor2	chr11	130514097	130514177	DNA/hAT-Charlie	859	-	40	130514137	24924
chr11	130489213	130689213	harbor2	chr11	130571211	130571397	DNA/hAT-Charlie	926	-	93	130571304	82091
chr11	67664312	67864312	harbor2	chr11	67742457	67742575	DNA/hAT-Charlie	543	-	59	67742516	78204
chr11	116169971	116369971	harbor2	chr11	116183842	116183950	DNA/hAT-Charlie	389	-	54	116183896	13925
chr11	116169971	116369971	harbor2	chr11	116240921	116241237	DNA/hAT-Charlie	1424	-	158	116241079	71108
chr11	116169971	116369971	harbor2	chr11	116241420	116241582	DNA/hAT-Charlie	602	-	81	116241501	71530
chr11	75456332	75656332	harbor2	chr11	75491458	75491588	DNA/hAT-Charlie	867	-	65	75491523	35191
chr11	75456332	75656332	harbor2	chr11	75511361	75511582	DNA/hAT-Charlie	484	-	110	75511471	55139
chr11	75456332	75656332	harbor2	chr11	75518432	75518567	DNA/hAT-Charlie	603	-	68	75518500	62168
chr11	75456332	75656332	harbor2	chr11	75532597	75533015	DNA/hAT-Charlie	5177	-	209	75532806	76474
chr11	75456332	75656332	harbor2	chr11	75533314	75533396	DNA/hAT-Charlie	5177	-	41	75533355	77023
chr11	75456332	75656332	harbor2	chr11	75533668	75534512	DNA/hAT-Charlie	5177	-	422	75534090	77758
chr11	75456332	75656332	harbor2	chr11	75547484	75547666	DNA/hAT-Charlie	1044	-	91	75547575	91243
chr11	111194744	111394744	harbor2	chr11	111244269	111244766	DNA/hAT-Charlie	1840	-	248	111244517	49773
chr11	111194744	111394744	harbor2	chr11	111252290	111252455	DNA/hAT-Charlie	960	-	82	111252372	57628
chr11	125925704	126125704	harbor2	chr11	125930563	125930680	DNA/hAT-Charlie	420	-	58	125930621	4917
chr11	125925704	126125704	harbor2	chr11	125952277	125952566	DNA/hAT-Charlie	1306	-	144	125952421	26717
chr11	23274216	23474216	harbor2	chr11	23319271	23319870	DNA/hAT-Charlie	537	-	300	23319571	45355
chr11	23274216	23474216	harbor2	chr11	23320583	23320982	DNA/hAT-Charlie	944	-	200	23320783	46567
chr11	113508218	113708218	harbor2	chr11	113509206	113509374	DNA/hAT-Charlie	832	-	84	113509290	1072
chr11	113508218	113708218	harbor2	chr11	113531488	113531653	DNA/hAT-Charlie	617	-	82	113531570	23352
chr11	113508218	113708218	harbor2	chr11	113552306	113552527	DNA/hAT-Charlie	1104	-	110	113552416	44198
chr11	113508218	113708218	harbor2	chr11	113553561	113554221	DNA/hAT-Charlie	2071	-	330	113553891	45673
chr11	113508218	113708218	harbor2	chr11	113556510	113556655	DNA/hAT-Charlie	555	-	72	113556582	48364
chr11	113508218	113708218	harbor2	chr11	113560205	113560351	DNA/hAT-Charlie	804	-	73	113560278	52060
chr11	102412967	102612967	harbor2	chr11	102471412	102471655	DNA/hAT-Charlie	588	-	122	102471534	58567
chr11	102412967	102612967	harbor2	chr11	102474684	102474863	DNA/hAT-Charlie	883	-	90	102474774	61807
chr11	102412967	102612967	harbor2	chr11	102487758	102487947	DNA/hAT-Charlie	713	-	94	102487852	74885
chr11	102412967	102612967	harbor2	chr11	102497654	102497877	DNA/hAT-Charlie	504	-	112	102497766	84799
chr11	116627019	116827019	harbor2	chr11	116639615	116639840	DNA/hAT-Charlie	682	-	112	116639727	12708
chr11	133417051	133617051	harbor2	chr11	133449224	133449446	DNA/hAT-Charlie	947	-	111	133449335	32284
chr11	36611572	36811572	harbor2	chr11	36689510	36689701	DNA/hAT-Charlie	441	-	96	36689606	78034
chr11	36611572	36811572	harbor2	chr11	36689985	36690100	DNA/hAT-Charlie	692	-	58	36690043	78471
chr11	36611572	36811572	harbor2	chr11	36690224	36690406	DNA/hAT-Charlie	816	-	91	36690315	78743
chr11	36611572	36811572	harbor2	chr11	36703665	36703849	DNA/hAT-Charlie	1061	-	92	36703757	92185
chr11	130280572	130480572	harbor2	chr11	130287761	130288091	DNA/hAT-Charlie	1598	-	165	130287926	7354
chr11	130280572	130480572	harbor2	chr11	130288401	130288583	DNA/hAT-Charlie	1598	-	91	130288492	7920
chr11	76323871	76523871	harbor2	chr11	76332807	76332992	DNA/hAT-Charlie	791	-	92	76332899	9028
chr11	76323871	76523871	harbor2	chr11	76333292	76333383	DNA/hAT-Charlie	926	-	46	76333338	9467
chr11	76323871	76523871	harbor2	chr11	76340060	76340270	DNA/hAT-Charlie	957	-	105	76340165	16294
chr11	76323871	76523871	harbor2	chr11	76373761	76374593	DNA/hAT-Charlie	3730	-	416	76374177	50306
chr11	76323871	76523871	harbor2	chr11	76374597	76374777	DNA/hAT-Charlie	837	-	90	76374687	50816
chr11	76323871	76523871	harbor2	chr11	76386934	76387153	DNA/hAT-Charlie	1103	-	110	76387044	63173
chr11	76323871	76523871	harbor2	chr11	76387439	76387511	DNA/hAT-Charlie	1103	-	36	76387475	63604
chr11	76323871	76523871	harbor2	chr11	76416003	76416062	DNA/hAT-Charlie	409	-	30	76416033	92162
chr11	100205624	100405624	harbor2	chr11	100302713	100302953	DNA/hAT-Charlie	469	-	120	100302833	97209
chr11	122637951	122837951	harbor2	chr11	122679593	122679817	DNA/hAT-Charlie	1765	-	112	122679705	41754
chr11	122637951	122837951	harbor2	chr11	122680131	122680236	DNA/hAT-Charlie	1765	-	52	122680183	42232
chr11	134931997	135131997	harbor2	chr11	134976917	134977102	DNA/hAT-Charlie	539	-	92	134977009	45012
chr11	134931997	135131997	harbor2	chr11	135021211	135021384	DNA/hAT-Charlie	444	-	86	135021297	89300
chr11	69199813	69399813	harbor2	chr11	69219638	69219821	DNA/hAT-Charlie	513	-	92	69219730	19917
chr11	69199813	69399813	harbor2	chr11	69233042	69233225	DNA/hAT-Charlie	721	-	92	69233134	33321
chr11	69199813	69399813	harbor2	chr11	69276408	69276532	DNA/hAT-Charlie	703	-	62	69276470	76657
chr11	69199813	69399813	harbor2	chr11	69276834	69276935	DNA/hAT-Charlie	703	-	50	69276884	77071
chr11	125946090	126146090	harbor2	chr11	125952277	125952566	DNA/hAT-Charlie	1306	-	144	125952421	6331
chr11	115500745	115700745	harbor2	chr11	115518369	115518435	DNA/hAT-Charlie	436	-	33	115518402	17657
chr11	115500745	115700745	harbor2	chr11	115518531	115518678	DNA/hAT-Charlie	583	-	74	115518605	17860
chr11	115500745	115700745	harbor2	chr11	115546554	115546714	DNA/hAT-Charlie	556	-	80	115546634	45889
chr11	115500745	115700745	harbor2	chr11	115581697	115581776	DNA/hAT-Charlie	396	-	40	115581737	80992
chr11	82367958	82567958	harbor2	chr11	82459200	82459375	DNA/hAT-Charlie	629	-	88	82459288	91330
chr11	122268206	122468206	harbor2	chr11	122283371	122283594	DNA/hAT-Charlie	1339	-	112	122283483	15277
chr11	90302240	90502240	harbor2	chr11	90384566	90384715	DNA/hAT-Charlie	445	-	74	90384640	82400
chr11	97093032	97293032	harbor2	chr11	97108651	97108849	DNA/hAT-Charlie	1050	-	99	97108750	15718
chr11	130437790	130637790	harbor2	chr11	130513715	130513806	DNA/hAT-Charlie	859	-	46	130513761	75971
chr11	130437790	130637790	harbor2	chr11	130514097	130514177	DNA/hAT-Charlie	859	-	40	130514137	76347
chr11	39943085	40143085	harbor2	chr11	39955723	39955922	DNA/hAT-Charlie	1207	-	100	39955823	12738
chr11	39943085	40143085	harbor2	chr11	40024624	40024796	DNA/hAT-Charlie	857	-	86	40024710	81625
chr11	59501102	59701102	harbor2	chr11	59599126	59599344	DNA/hAT-Charlie	1043	-	109	59599235	98133
chr11	115379566	115579566	harbor2	chr11	115471547	115471702	DNA/hAT-Charlie	763	-	78	115471625	92059
chr11	129036300	129236300	harbor2	chr11	129126170	129126333	DNA/hAT-Charlie	635	-	82	129126252	89952
chr11	133309979	133509979	harbor2	chr11	133335007	133335173	DNA/hAT-Charlie	540	-	83	133335090	25111
chr11	133309979	133509979	harbor2	chr11	133379672	133379895	DNA/hAT-Charlie	652	-	112	133379784	69805
chr11	117695936	117895936	harbor2	chr11	117718850	117719040	DNA/hAT-Charlie	816	-	95	117718945	23009
chr11	117695936	117895936	harbor2	chr11	117744357	117744435	DNA/hAT-Charlie	395	-	39	117744396	48460
chr11	117695936	117895936	harbor2	chr11	117763687	117763827	DNA/hAT-Charlie	598	-	70	117763757	67821
chr11	117695936	117895936	harbor2	chr11	117787442	117787555	DNA/hAT-Charlie	425	-	56	117787498	91562
chr11	126733061	126933061	harbor2	chr11	126817703	126817890	DNA/hAT-Charlie	435	-	94	126817797	84736
chr11	126733061	126933061	harbor2	chr11	126825272	126825716	DNA/hAT-Charlie	2074	-	222	126825494	92433
chr11	110259290	110459290	harbor2	chr11	110286829	110287039	DNA/hAT-Charlie	790	-	105	110286934	27644
chr11	110259290	110459290	harbor2	chr11	110290674	110290883	DNA/hAT-Charlie	1115	-	104	110290778	31488
chr11	110259290	110459290	harbor2	chr11	110332075	110332423	DNA/hAT-Charlie	2305	-	174	110332249	72959
chr11	103890630	104090630	harbor2	chr11	103902204	103902405	DNA/hAT-Charlie	946	-	100	103902304	11674
chr11	103890630	104090630	harbor2	chr11	103921819	103922022	DNA/hAT-Charlie	924	-	102	103921921	31291
chr11	103890630	104090630	harbor2	chr11	103941098	103941278	DNA/hAT-Charlie	411	-	90	103941188	50558
chr11	103890630	104090630	harbor2	chr11	103972146	103972384	DNA/hAT-Charlie	939	-	119	103972265	81635
chr11	123814436	124014436	harbor2	chr11	123873603	123873753	DNA/hAT-Charlie	541	-	75	123873678	59242
chr11	123814436	124014436	harbor2	chr11	123904025	123904185	DNA/hAT-Charlie	684	-	80	123904105	89669
chr11	128712559	128912559	harbor2	chr11	128733204	128733377	DNA/hAT-Charlie	460	-	86	128733290	20731
chr11	128712559	128912559	harbor2	chr11	128742508	128742695	DNA/hAT-Charlie	883	-	94	128742602	30043
chr11	132348085	132548085	harbor2	chr11	132440295	132440463	DNA/hAT-Charlie	548	-	84	132440379	92294
chr11	131570265	131770265	harbor2	chr11	131575129	131575240	DNA/hAT-Charlie	537	-	56	131575185	4920
chr11	131570265	131770265	harbor2	chr11	131596294	131596500	DNA/hAT-Charlie	796	-	103	131596397	26132
chr11	131570265	131770265	harbor2	chr11	131603295	131603453	DNA/hAT-Charlie	707	-	79	131603374	33109
chr11	131570265	131770265	harbor2	chr11	131655075	131655251	DNA/hAT-Charlie	590	-	88	131655163	84898
chr11	128241785	128441785	harbor2	chr11	128245904	128246132	DNA/hAT-Charlie	827	-	114	128246018	4233
chr11	128241785	128441785	harbor2	chr11	128253026	128253244	DNA/hAT-Charlie	1325	-	109	128253135	11350
chr11	128241785	128441785	harbor2	chr11	128326430	128326603	DNA/hAT-Charlie	572	-	86	128326516	84731
chr11	125467299	125667299	harbor2	chr11	125492032	125492267	DNA/hAT-Charlie	1192	-	118	125492150	24851
chr11	131144361	131344361	harbor2	chr11	131154134	131154291	DNA/hAT-Charlie	694	-	78	131154212	9851
chr11	131144361	131344361	harbor2	chr11	131205362	131205579	DNA/hAT-Charlie	846	-	108	131205470	61109
chr11	131144361	131344361	harbor2	chr11	131212966	131213160	DNA/hAT-Charlie	901	-	97	131213063	68702
chr11	131144361	131344361	harbor2	chr11	131233333	131233516	DNA/hAT-Charlie	418	-	92	131233425	89064
chr11	106184289	106384289	harbor2	chr11	106260573	106260710	DNA/hAT-Charlie	856	-	68	106260641	76352
chr11	106184289	106384289	harbor2	chr11	106260738	106260994	DNA/hAT-Charlie	1911	-	128	106260866	76577
chr11	129357157	129557157	harbor2	chr11	129435870	129436067	DNA/hAT-Charlie	606	-	98	129435968	78811
chr11	129357157	129557157	harbor2	chr11	129441332	129441441	DNA/hAT-Charlie	552	-	54	129441386	84229
chr11	129357157	129557157	harbor2	chr11	129443451	129443623	DNA/hAT-Charlie	449	-	86	129443537	86380
chr11	129947930	130147930	harbor2	chr11	129970862	129970951	DNA/hAT-Charlie	485	-	44	129970906	22976
chr11	129947930	130147930	harbor2	chr11	129972386	129972539	DNA/hAT-Charlie	485	-	76	129972462	24532
chr11	129947930	130147930	harbor2	chr11	129998004	129998288	DNA/hAT-Charlie	1024	-	142	129998146	50216
chr11	129947930	130147930	harbor2	chr11	130027453	130027616	DNA/hAT-Charlie	802	-	82	130027535	79605
chr11	95334600	95534600	harbor2	chr11	95381052	95381262	DNA/hAT-Charlie	1033	-	105	95381157	46557
chr11	95334600	95534600	harbor2	chr11	95426726	95426891	DNA/hAT-Charlie	443	-	82	95426808	92208
chr11	95334600	95534600	harbor2	chr11	95430365	95430560	DNA/hAT-Charlie	660	-	98	95430463	95863
chr11	95334600	95534600	harbor2	chr11	95430719	95430826	DNA/hAT-Charlie	660	-	54	95430773	96173
chr11	96855014	97055014	harbor2	chr11	96891522	96891822	DNA/hAT-Charlie	1192	-	150	96891672	36658
chr11	96855014	97055014	harbor2	chr11	96941591	96942257	DNA/hAT-Charlie	1971	-	333	96941924	86910
chr11	96855014	97055014	harbor2	chr11	96942804	96943146	DNA/hAT-Charlie	2117	-	171	96942975	87961
chr11	128412072	128612072	harbor2	chr11	128416173	128416286	DNA/hAT-Charlie	598	-	56	128416229	4157
chr11	128412072	128612072	harbor2	chr11	128450964	128451268	DNA/hAT-Charlie	1015	-	152	128451116	39044
chr11	128412072	128612072	harbor2	chr11	128450297	128450615	DNA/hAT-Charlie	1015	-	159	128450456	38384
chr11	110857651	111057651	harbor2	chr11	110858969	110859208	DNA/hAT-Charlie	639	-	120	110859089	1438
chr11	110857651	111057651	harbor2	chr11	110862387	110862585	DNA/hAT-Charlie	849	-	99	110862486	4835
chr11	110857651	111057651	harbor2	chr11	110939870	110940084	DNA/hAT-Charlie	480	-	107	110939977	82326
chr11	101883569	102083569	harbor2	chr11	101884089	101884312	DNA/hAT-Charlie	871	-	112	101884201	632
chr11	101883569	102083569	harbor2	chr11	101935723	101935955	DNA/hAT-Charlie	728	-	116	101935839	52270
chr11	101883569	102083569	harbor2	chr11	101943696	101943807	DNA/hAT-Charlie	447	-	56	101943752	60183
chr11	101883569	102083569	harbor2	chr11	101977743	101978123	DNA/hAT-Charlie	978	-	190	101977933	94364
chr11	35095635	35295635	harbor2	chr11	35114577	35114913	DNA/hAT-Charlie	1536	-	168	35114745	19110
chr11	35095635	35295635	harbor2	chr11	35131106	35131267	DNA/hAT-Charlie	398	-	80	35131186	35551
chr11	35095635	35295635	harbor2	chr11	35155589	35155717	DNA/hAT-Charlie	376	-	64	35155653	60018
chr11	35095635	35295635	harbor2	chr11	35177765	35177972	DNA/hAT-Charlie	1023	-	104	35177869	82234
chr11	35095635	35295635	harbor2	chr11	35180617	35180846	DNA/hAT-Charlie	1434	-	114	35180731	85096
chr11	35095635	35295635	harbor2	chr11	35187403	35187836	DNA/hAT-Charlie	920	-	216	35187619	91984
chr11	35095635	35295635	harbor2	chr11	35193151	35193366	DNA/hAT-Charlie	1433	-	108	35193259	97624
chr11	79010269	79210269	harbor2	chr11	79036090	79036226	DNA/hAT-Charlie	494	-	68	79036158	25889
chr11	79010269	79210269	harbor2	chr11	79062395	79062614	DNA/hAT-Charlie	962	-	110	79062505	52236
chr11	79010269	79210269	harbor2	chr11	79077434	79077588	DNA/hAT-Charlie	429	-	77	79077511	67242
chr11	79010269	79210269	harbor2	chr11	79093902	79094108	DNA/hAT-Charlie	978	-	103	79094005	83736
chr11	72470280	72670280	harbor2	chr11	72481828	72481879	DNA/hAT-Charlie	1139	-	26	72481854	11574
chr11	72470280	72670280	harbor2	chr11	72482012	72482195	DNA/hAT-Charlie	1139	-	92	72482104	11824
chr11	72470280	72670280	harbor2	chr11	72567063	72567593	DNA/hAT-Charlie	4126	-	265	72567328	97048
chr11	111436508	111636508	harbor2	chr11	111453977	111454124	DNA/hAT-Charlie	761	-	74	111454051	17543
chr11	111436508	111636508	harbor2	chr11	111502068	111502138	DNA/hAT-Charlie	715	-	35	111502103	65595
chr11	111436508	111636508	harbor2	chr11	111502272	111502370	DNA/hAT-Charlie	715	-	49	111502321	65813
chr11	128939709	129139709	harbor2	chr11	128946862	128947384	DNA/hAT-Charlie	4007	-	261	128947123	7414
chr11	128939709	129139709	harbor2	chr11	128979949	128980134	DNA/hAT-Charlie	800	-	92	128980041	40332
chr11	109407424	109607424	harbor2	chr11	109417308	109417493	DNA/hAT-Charlie	715	-	92	109417400	9976
chr11	109407424	109607424	harbor2	chr11	109417646	109417902	DNA/hAT-Charlie	718	-	128	109417774	10350
chr11	109407424	109607424	harbor2	chr11	109439501	109439720	DNA/hAT-Charlie	527	-	110	109439611	32187
chr11	78135329	78335329	harbor2	chr11	78174819	78174955	DNA/hAT-Charlie	398	-	68	78174887	39558
chr11	78135329	78335329	harbor2	chr11	78206600	78206793	DNA/hAT-Charlie	682	-	96	78206696	71367
chr11	99332114	99532114	harbor2	chr11	99423635	99423799	DNA/hAT-Charlie	696	-	82	99423717	91603
chr11	18510745	18710745	harbor2	chr11	18518669	18518939	DNA/hAT-Charlie	483	-	135	18518804	8059
chr11	18510745	18710745	harbor2	chr11	18560697	18560728	DNA/hAT-Charlie	586	-	16	18560713	49968
chr11	18510745	18710745	harbor2	chr11	18561022	18561132	DNA/hAT-Charlie	586	-	55	18561077	50332
chr11	18510745	18710745	harbor2	chr11	18567466	18567581	DNA/hAT-Charlie	450	-	58	18567524	56779
chr11	18510745	18710745	harbor2	chr11	18572970	18573057	DNA/hAT-Charlie	383	-	44	18573014	62269
chr11	102129226	102329226	harbor2	chr11	102158431	102158587	DNA/hAT-Charlie	677	-	78	102158509	29283
chr11	102129226	102329226	harbor2	chr11	102173954	102174110	DNA/hAT-Charlie	668	-	78	102174032	44806
chr11	102129226	102329226	harbor2	chr11	102203077	102203256	DNA/hAT-Charlie	663	-	90	102203167	73941
chr11	102129226	102329226	harbor2	chr11	102221272	102221441	DNA/hAT-Charlie	1177	-	84	102221356	92130
chr11	102129226	102329226	harbor2	chr11	102221746	102222023	DNA/hAT-Charlie	1177	-	138	102221884	92658
chr11	114495176	114695176	harbor2	chr11	114501980	114502137	DNA/hAT-Charlie	885	-	78	114502058	6882
chr11	114495176	114695176	harbor2	chr11	114554410	114554875	DNA/hAT-Charlie	1815	-	232	114554642	59466
chr11	115384270	115584270	harbor2	chr11	115471547	115471702	DNA/hAT-Charlie	763	-	78	115471625	87355
chr11	115384270	115584270	harbor2	chr11	115483733	115483930	DNA/hAT-Charlie	991	-	98	115483831	99561
chr11	86975314	87175314	harbor2	chr11	86981972	86982302	DNA/hAT-Charlie	1625	-	165	86982137	6823
chr11	86975314	87175314	harbor2	chr11	86989145	86989217	DNA/hAT-Charlie	449	-	36	86989181	13867
chr11	86975314	87175314	harbor2	chr11	86990606	86990653	DNA/hAT-Charlie	446	-	24	86990630	15316
chr11	86975314	87175314	harbor2	chr11	86990683	86990807	DNA/hAT-Charlie	446	-	62	86990745	15431
chr11	86975314	87175314	harbor2	chr11	87019290	87019614	DNA/hAT-Charlie	2254	-	162	87019452	44138
chr11	86975314	87175314	harbor2	chr11	87022643	87022742	DNA/hAT-Charlie	577	-	50	87022693	47379
chr11	86975314	87175314	harbor2	chr11	87039293	87039446	DNA/hAT-Charlie	604	-	76	87039369	64055
chr11	129868908	130068908	harbor2	chr11	129902951	129903012	DNA/hAT-Charlie	734	-	30	129902981	34073
chr11	129868908	130068908	harbor2	chr11	129903342	129903543	DNA/hAT-Charlie	734	-	100	129903442	34534
chr11	102151937	102351937	harbor2	chr11	102158431	102158587	DNA/hAT-Charlie	677	-	78	102158509	6572
chr11	102151937	102351937	harbor2	chr11	102173954	102174110	DNA/hAT-Charlie	668	-	78	102174032	22095
chr11	102151937	102351937	harbor2	chr11	102203077	102203256	DNA/hAT-Charlie	663	-	90	102203167	51230
chr11	102151937	102351937	harbor2	chr11	102221272	102221441	DNA/hAT-Charlie	1177	-	84	102221356	69419
chr11	102151937	102351937	harbor2	chr11	102221746	102222023	DNA/hAT-Charlie	1177	-	138	102221884	69947
chr11	102151937	102351937	harbor2	chr11	102244651	102244832	DNA/hAT-Charlie	600	-	90	102244741	92804
chr11	61752158	61952158	harbor2	chr11	61790745	61790903	DNA/hAT-Charlie	403	-	79	61790824	38666
chr11	123884856	124084856	harbor2	chr11	123904025	123904185	DNA/hAT-Charlie	684	-	80	123904105	19249
chr11	127181085	127381085	harbor2	chr11	127192628	127192805	DNA/hAT-Charlie	638	-	88	127192716	11631
chr11	127181085	127381085	harbor2	chr11	127213177	127213279	DNA/hAT-Charlie	516	-	51	127213228	32143
chr11	127181085	127381085	harbor2	chr11	127227043	127227180	DNA/hAT-Charlie	625	-	68	127227111	46026
chr11	127181085	127381085	harbor2	chr11	127229977	127230534	DNA/hAT-Charlie	1328	-	278	127230255	49170
chr11	127181085	127381085	harbor2	chr11	127235575	127235802	DNA/hAT-Charlie	997	-	114	127235689	54604
chr11	127181085	127381085	harbor2	chr11	127244695	127244917	DNA/hAT-Charlie	401	-	111	127244806	63721
chr11	122968086	123168086	harbor2	chr11	122985169	122985495	DNA/hAT-Charlie	1492	-	163	122985332	17246
chr11	122968086	123168086	harbor2	chr11	123005046	123005282	DNA/hAT-Charlie	965	-	118	123005164	37078
chr11	133382263	133582263	harbor2	chr11	133449224	133449446	DNA/hAT-Charlie	947	-	111	133449335	67072
chr11	127824252	128024252	harbor2	chr11	127846647	127846835	DNA/hAT-Charlie	726	-	94	127846741	22489
chr11	127824252	128024252	harbor2	chr11	127856664	127856789	DNA/hAT-Charlie	450	-	62	127856726	32474
chr11	127824252	128024252	harbor2	chr11	127857021	127857206	DNA/hAT-Charlie	691	-	92	127857113	32861
chr11	134029467	134229467	harbor2	chr11	134087842	134088042	DNA/hAT-Charlie	914	-	100	134087942	58475
chr11	120110322	120310322	harbor2	chr11	120158661	120158991	DNA/hAT-Charlie	1705	-	165	120158826	48504
chr11	120110322	120310322	harbor2	chr11	120189352	120189526	DNA/hAT-Charlie	848	-	87	120189439	79117
chr11	89215898	89415898	harbor2	chr11	89221081	89221255	DNA/hAT-Charlie	551	-	87	89221168	5270
chr11	125451074	125651074	harbor2	chr11	125492032	125492267	DNA/hAT-Charlie	1192	-	118	125492150	41076
chr11	120315101	120515101	harbor2	chr11	120323640	120323801	DNA/hAT-Charlie	707	-	80	120323720	8619
chr11	120315101	120515101	harbor2	chr11	120323808	120323955	DNA/hAT-Charlie	902	-	74	120323882	8781
chr11	120315101	120515101	harbor2	chr11	120340821	120341069	DNA/hAT-Charlie	632	-	124	120340945	25844
chr11	120315101	120515101	harbor2	chr11	120341356	120341452	DNA/hAT-Charlie	632	-	48	120341404	26303
chr11	120315101	120515101	harbor2	chr11	120345065	120345258	DNA/hAT-Charlie	1517	-	96	120345161	30060
chr11	120315101	120515101	harbor2	chr11	120358571	120358777	DNA/hAT-Charlie	1050	-	103	120358674	43573
chr11	120315101	120515101	harbor2	chr11	120383266	120383799	DNA/hAT-Charlie	3391	-	266	120383532	68431
chr11	122187515	122387515	harbor2	chr11	122199732	122199948	DNA/hAT-Charlie	891	-	108	122199840	12325
chr11	122187515	122387515	harbor2	chr11	122218679	122219089	DNA/hAT-Charlie	701	-	205	122218884	31369
chr11	122187515	122387515	harbor2	chr11	122260544	122260744	DNA/hAT-Charlie	978	-	100	122260644	73129
chr11	122187515	122387515	harbor2	chr11	122283371	122283594	DNA/hAT-Charlie	1339	-	112	122283483	95968
chr11	90262225	90462225	harbor2	chr11	90275490	90275645	DNA/hAT-Charlie	649	-	78	90275568	13343
chr11	90262225	90462225	harbor2	chr11	90286508	90287032	DNA/hAT-Charlie	3491	-	262	90286770	24545
chr11	90262225	90462225	harbor2	chr11	90295253	90295446	DNA/hAT-Charlie	379	-	96	90295349	33124
chr11	90262225	90462225	harbor2	chr11	90291920	90292284	DNA/hAT-Charlie	820	-	182	90292102	29877
chr11	106637112	106837112	harbor2	chr11	106716243	106716363	DNA/hAT-Charlie	587	-	60	106716303	79191
chr11	106637112	106837112	harbor2	chr11	106719667	106719818	DNA/hAT-Charlie	589	-	76	106719743	82631
chr11	120102211	120302211	harbor2	chr11	120158661	120158991	DNA/hAT-Charlie	1705	-	165	120158826	56615
chr11	120102211	120302211	harbor2	chr11	120189352	120189526	DNA/hAT-Charlie	848	-	87	120189439	87228
chr11	62051408	62251408	harbor2	chr11	62113437	62113951	DNA/hAT-Charlie	2028	-	257	62113694	62286
chr11	62051408	62251408	harbor2	chr11	62115609	62116496	DNA/hAT-Charlie	4651	-	444	62116053	64645
chr11	62051408	62251408	harbor2	chr11	62116939	62117003	DNA/hAT-Charlie	3808	-	32	62116971	65563
chr11	62051408	62251408	harbor2	chr11	62117306	62117757	DNA/hAT-Charlie	3808	-	226	62117532	66124
chr11	62051408	62251408	harbor2	chr11	62118068	62118417	DNA/hAT-Charlie	3808	-	174	62118242	66834
chr11	62051408	62251408	harbor2	chr11	62122195	62122401	DNA/hAT-Charlie	657	-	103	62122298	70890
chr11	62051408	62251408	harbor2	chr11	62134423	62134769	DNA/hAT-Charlie	3833	-	173	62134596	83188
chr11	62051408	62251408	harbor2	chr11	62135062	62135251	DNA/hAT-Charlie	3833	-	94	62135156	83748
chr11	62051408	62251408	harbor2	chr11	62135564	62135811	DNA/hAT-Charlie	3833	-	124	62135688	84280
chr11	62051408	62251408	harbor2	chr11	62136097	62136402	DNA/hAT-Charlie	3833	-	152	62136249	84841
chr11	62051408	62251408	harbor2	chr11	62136696	62136989	DNA/hAT-Charlie	3833	-	146	62136842	85434
chr11	125898453	126098453	harbor2	chr11	125915249	125915466	DNA/hAT-Charlie	1094	-	108	125915357	16904
chr11	125898453	126098453	harbor2	chr11	125930563	125930680	DNA/hAT-Charlie	420	-	58	125930621	32168
chr11	125898453	126098453	harbor2	chr11	125952277	125952566	DNA/hAT-Charlie	1306	-	144	125952421	53968
chr11	71413240	71613240	harbor2	chr11	71413810	71413964	DNA/hAT-Charlie	627	-	77	71413887	647
chr11	71413240	71613240	harbor2	chr11	71465514	71465693	DNA/hAT-Charlie	713	-	90	71465604	52364
chr11	71413240	71613240	harbor2	chr11	71475519	71475716	DNA/hAT-Charlie	548	-	98	71475617	62377
chr11	71413240	71613240	harbor2	chr11	71476014	71476598	DNA/hAT-Charlie	548	-	292	71476306	63066
chr11	71413240	71613240	harbor2	chr11	71496272	71496609	DNA/hAT-Charlie	2172	-	168	71496440	83200
chr11	71413240	71613240	harbor2	chr11	71504889	71505170	DNA/hAT-Charlie	1015	-	140	71505029	91789
chr11	71413240	71613240	harbor2	chr11	71505167	71505429	DNA/hAT-Charlie	1054	-	131	71505298	92058
chr11	111024899	111224899	harbor2	chr11	111048248	111048355	DNA/hAT-Charlie	416	-	54	111048302	23403
chr11	101117452	101317452	harbor2	chr11	101118925	101119242	DNA/hAT-Charlie	2007	-	158	101119083	1631
chr11	101117452	101317452	harbor2	chr11	101177106	101177401	DNA/hAT-Charlie	683	-	148	101177254	59802
chr11	109426753	109626753	harbor2	chr11	109439501	109439720	DNA/hAT-Charlie	527	-	110	109439611	12858
chr11	104412726	104612726	harbor2	chr11	104473534	104473716	DNA/hAT-Charlie	852	-	91	104473625	60899
chr11	104412726	104612726	harbor2	chr11	104507698	104507864	DNA/hAT-Charlie	787	-	83	104507781	95055
chr11	34958022	35158022	harbor2	chr11	34977567	34977756	DNA/hAT-Charlie	423	-	94	34977661	19639
chr11	34958022	35158022	harbor2	chr11	35034845	35035005	DNA/hAT-Charlie	725	-	80	35034925	76903
chr11	134000907	134200907	harbor2	chr11	134087842	134088042	DNA/hAT-Charlie	914	-	100	134087942	87035
chr11	134951399	135151399	harbor2	chr11	134976917	134977102	DNA/hAT-Charlie	539	-	92	134977009	25610
chr11	134951399	135151399	harbor2	chr11	135021211	135021384	DNA/hAT-Charlie	444	-	86	135021297	69898
chr11	134951399	135151399	harbor2	chr11	135033032	135033342	DNA/hAT-Charlie	1829	-	155	135033187	81788
chr11	126175622	126375622	harbor2	chr11	126273768	126273943	DNA/hAT-Charlie	947	-	88	126273856	98234
chr11	103404534	103604534	harbor2	chr11	103455552	103455748	DNA/hAT-Charlie	839	-	98	103455650	51116
chr11	134289061	134489061	harbor2	chr11	134310117	134310328	DNA/hAT-Charlie	1573	-	106	134310223	21162
chr11	134289061	134489061	harbor2	chr11	134320828	134320995	DNA/hAT-Charlie	512	-	84	134320912	31851
chr11	134289061	134489061	harbor2	chr11	134339742	134339821	DNA/hAT-Charlie	409	-	40	134339782	50721
chr11	134289061	134489061	harbor2	chr11	134340662	134340955	DNA/hAT-Charlie	1247	-	146	134340808	51747
chr11	115704262	115904262	harbor2	chr11	115708363	115708634	DNA/hAT-Charlie	1966	-	136	115708499	4237
chr11	115704262	115904262	harbor2	chr11	115708937	115709059	DNA/hAT-Charlie	1966	-	61	115708998	4736
chr11	128925308	129125308	harbor2	chr11	128946862	128947384	DNA/hAT-Charlie	4007	-	261	128947123	21815
chr11	128925308	129125308	harbor2	chr11	128979949	128980134	DNA/hAT-Charlie	800	-	92	128980041	54733
chr11	119745066	119945066	harbor2	chr11	119775185	119775334	DNA/hAT-Charlie	553	-	74	119775259	30193
chr11	119745066	119945066	harbor2	chr11	119811100	119811270	DNA/hAT-Charlie	873	-	85	119811185	66119
chr11	119745066	119945066	harbor2	chr11	119824709	119825058	DNA/hAT-Charlie	576	-	174	119824883	79817
chr11	120359289	120559289	harbor2	chr11	120383266	120383799	DNA/hAT-Charlie	3391	-	266	120383532	24243
chr11	120359289	120559289	harbor2	chr11	120424466	120424674	DNA/hAT-Charlie	906	-	104	120424570	65281
chr11	120008815	120208815	harbor2	chr11	120015208	120015438	DNA/hAT-Charlie	998	-	115	120015323	6508
chr11	120008815	120208815	harbor2	chr11	120021402	120021728	DNA/hAT-Charlie	802	-	163	120021565	12750
chr11	120008815	120208815	harbor2	chr11	120053261	120053446	DNA/hAT-Charlie	386	-	92	120053353	44538
chr11	116798092	116998092	harbor2	chr11	116831696	116832026	DNA/hAT-Charlie	2290	-	165	116831861	33769
chr11	116798092	116998092	harbor2	chr11	116838164	116838382	DNA/hAT-Charlie	497	-	109	116838273	40181
chr11	116798092	116998092	harbor2	chr11	116859706	116859880	DNA/hAT-Charlie	503	-	87	116859793	61701
chr11	116798092	116998092	harbor2	chr11	116859901	116859965	DNA/hAT-Charlie	470	-	32	116859933	61841
chr11	116798092	116998092	harbor2	chr11	116860258	116860344	DNA/hAT-Charlie	470	-	43	116860301	62209
chr11	103019204	103219204	harbor2	chr11	103063019	103063414	DNA/hAT-Charlie	501	-	198	103063217	44013
chr11	103019204	103219204	harbor2	chr11	103112405	103112621	DNA/hAT-Charlie	791	-	108	103112513	93309
chr11	123703324	123903324	harbor2	chr11	123704002	123704222	DNA/hAT-Charlie	1685	-	110	123704112	788
chr11	123703324	123903324	harbor2	chr11	123783585	123783776	DNA/hAT-Charlie	810	-	96	123783681	80357
chr11	78232384	78432384	harbor2	chr11	78290912	78291107	DNA/hAT-Charlie	816	-	98	78291010	58626
chr11	78232384	78432384	harbor2	chr11	78295928	78296261	DNA/hAT-Charlie	2257	-	166	78296094	63710
chr11	78232384	78432384	harbor2	chr11	78298949	78299127	DNA/hAT-Charlie	388	-	89	78299038	66654
chr11	86282361	86482361	harbor2	chr11	86282696	86282849	DNA/hAT-Charlie	884	-	76	86282772	411
chr11	86282361	86482361	harbor2	chr11	86286637	86286690	DNA/hAT-Charlie	714	-	26	86286663	4302
chr11	86282361	86482361	harbor2	chr11	86286999	86287183	DNA/hAT-Charlie	714	-	92	86287091	4730
chr11	86282361	86482361	harbor2	chr11	86289988	86290161	DNA/hAT-Charlie	841	-	86	86290074	7713
chr11	86282361	86482361	harbor2	chr11	86332690	86332872	DNA/hAT-Charlie	753	-	91	86332781	50420
chr11	113645760	113845760	harbor2	chr11	113650169	113650307	DNA/hAT-Charlie	618	-	69	113650238	4478
chr11	113645760	113845760	harbor2	chr11	113654530	113654754	DNA/hAT-Charlie	4603	-	112	113654642	8882
chr11	113645760	113845760	harbor2	chr11	113655049	113655493	DNA/hAT-Charlie	4603	-	222	113655271	9511
chr11	113645760	113845760	harbor2	chr11	113656405	113656581	DNA/hAT-Charlie	4603	-	88	113656493	10733
chr11	113645760	113845760	harbor2	chr11	113662792	113663018	DNA/hAT-Charlie	1249	-	113	113662905	17145
chr11	113645760	113845760	harbor2	chr11	113655793	113656108	DNA/hAT-Charlie	4603	-	158	113655951	10191
chr11	125429628	125629628	harbor2	chr11	125434278	125434506	DNA/hAT-Charlie	654	-	114	125434392	4764
chr11	125429628	125629628	harbor2	chr11	125443556	125443682	DNA/hAT-Charlie	732	-	63	125443619	13991
chr11	125429628	125629628	harbor2	chr11	125492032	125492267	DNA/hAT-Charlie	1192	-	118	125492150	62522
chr11	92187926	92387926	harbor2	chr11	92198808	92199123	DNA/hAT-Charlie	890	-	158	92198966	11040
chr11	92187926	92387926	harbor2	chr11	92217483	92217666	DNA/hAT-Charlie	1098	-	92	92217575	29649
chr11	92187926	92387926	harbor2	chr11	92236016	92236186	DNA/hAT-Charlie	437	-	85	92236101	48175
chr11	92187926	92387926	harbor2	chr11	92244619	92244737	DNA/hAT-Charlie	536	-	59	92244678	56752
chr11	92187926	92387926	harbor2	chr11	92245584	92245805	DNA/hAT-Charlie	1252	-	110	92245694	57768
chr11	134310279	134510279	harbor2	chr11	134310117	134310328	DNA/hAT-Charlie	1573	-	106	134310223	56
chr11	134310279	134510279	harbor2	chr11	134320828	134320995	DNA/hAT-Charlie	512	-	84	134320912	10633
chr11	134310279	134510279	harbor2	chr11	134339742	134339821	DNA/hAT-Charlie	409	-	40	134339782	29503
chr11	134310279	134510279	harbor2	chr11	134340662	134340955	DNA/hAT-Charlie	1247	-	146	134340808	30529
chr11	110415488	110615488	harbor2	chr11	110431913	110432118	DNA/hAT-Charlie	1050	-	102	110432015	16527
chr11	110415488	110615488	harbor2	chr11	110450054	110450525	DNA/hAT-Charlie	3143	-	236	110450290	34802
chr11	110415488	110615488	harbor2	chr11	110509535	110509707	DNA/hAT-Charlie	519	-	86	110509621	94133
chr11	110415488	110615488	harbor2	chr11	110510523	110510580	DNA/hAT-Charlie	414	-	28	110510551	95063
chr11	98898419	99098419	harbor2	chr11	98905065	98905302	DNA/hAT-Charlie	714	-	118	98905183	6764
chr11	62072585	62272585	harbor2	chr11	62113437	62113951	DNA/hAT-Charlie	2028	-	257	62113694	41109
chr11	62072585	62272585	harbor2	chr11	62115609	62116496	DNA/hAT-Charlie	4651	-	444	62116053	43468
chr11	62072585	62272585	harbor2	chr11	62116939	62117003	DNA/hAT-Charlie	3808	-	32	62116971	44386
chr11	62072585	62272585	harbor2	chr11	62117306	62117757	DNA/hAT-Charlie	3808	-	226	62117532	44947
chr11	62072585	62272585	harbor2	chr11	62118068	62118417	DNA/hAT-Charlie	3808	-	174	62118242	45657
chr11	62072585	62272585	harbor2	chr11	62122195	62122401	DNA/hAT-Charlie	657	-	103	62122298	49713
chr11	62072585	62272585	harbor2	chr11	62134423	62134769	DNA/hAT-Charlie	3833	-	173	62134596	62011
chr11	62072585	62272585	harbor2	chr11	62135062	62135251	DNA/hAT-Charlie	3833	-	94	62135156	62571
chr11	62072585	62272585	harbor2	chr11	62135564	62135811	DNA/hAT-Charlie	3833	-	124	62135688	63103
chr11	62072585	62272585	harbor2	chr11	62136097	62136402	DNA/hAT-Charlie	3833	-	152	62136249	63664
chr11	62072585	62272585	harbor2	chr11	62136696	62136989	DNA/hAT-Charlie	3833	-	146	62136842	64257
chr11	59552895	59752895	harbor2	chr11	59599126	59599344	DNA/hAT-Charlie	1043	-	109	59599235	46340
chr11	59552895	59752895	harbor2	chr11	59610030	59610226	DNA/hAT-Charlie	1128	-	98	59610128	57233
chr11	59552895	59752895	harbor2	chr11	59651239	59651399	DNA/hAT-Charlie	540	-	80	59651319	98424
chr11	89703046	89903046	harbor2	chr11	89706281	89706686	DNA/hAT-Charlie	1490	-	202	89706483	3437
chr11	89703046	89903046	harbor2	chr11	89727861	89728141	DNA/hAT-Charlie	1791	-	140	89728001	24955
chr11	89703046	89903046	harbor2	chr11	89786519	89786646	DNA/hAT-Charlie	425	-	64	89786583	83537
chr11	123672640	123872640	harbor2	chr11	123689704	123689895	DNA/hAT-Charlie	982	-	96	123689800	17160
chr11	123672640	123872640	harbor2	chr11	123704002	123704222	DNA/hAT-Charlie	1685	-	110	123704112	31472
chr11	104776868	104976868	harbor2	chr11	104782405	104782572	DNA/hAT-Charlie	652	-	84	104782489	5621
chr11	104776868	104976868	harbor2	chr11	104809471	104809593	DNA/hAT-Charlie	392	-	61	104809532	32664
chr11	104776868	104976868	harbor2	chr11	104809609	104809742	DNA/hAT-Charlie	674	-	66	104809675	32807
chr11	104776868	104976868	harbor2	chr11	104809883	104810023	DNA/hAT-Charlie	568	-	70	104809953	33085
chr11	104776868	104976868	harbor2	chr11	104810323	104810375	DNA/hAT-Charlie	568	-	26	104810349	33481
chr11	104776868	104976868	harbor2	chr11	104810394	104810537	DNA/hAT-Charlie	376	-	72	104810466	33598
chr11	104776868	104976868	harbor2	chr11	104838217	104838557	DNA/hAT-Charlie	1836	-	170	104838387	61519
chr11	35068434	35268434	harbor2	chr11	35114577	35114913	DNA/hAT-Charlie	1536	-	168	35114745	46311
chr11	35068434	35268434	harbor2	chr11	35131106	35131267	DNA/hAT-Charlie	398	-	80	35131186	62752
chr11	35068434	35268434	harbor2	chr11	35155589	35155717	DNA/hAT-Charlie	376	-	64	35155653	87219
chr11	132519723	132719723	harbor2	chr11	132552050	132552224	DNA/hAT-Charlie	610	-	87	132552137	32414
chr11	26724293	26924293	harbor2	chr11	26760970	26761197	DNA/hAT-Charlie	534	-	114	26761084	36791
chr11	26724293	26924293	harbor2	chr11	26806808	26807017	DNA/hAT-Charlie	701	-	104	26806912	82619
chr11	132603948	132803948	harbor2	chr11	132645710	132645912	DNA/hAT-Charlie	1118	-	101	132645811	41863
chr11	132603948	132803948	harbor2	chr11	132659569	132659704	DNA/hAT-Charlie	3289	-	68	132659637	55689
chr11	132603948	132803948	harbor2	chr11	132659732	132660623	DNA/hAT-Charlie	3289	-	446	132660178	56230
chr11	132603948	132803948	harbor2	chr11	132662127	132662280	DNA/hAT-Charlie	564	-	76	132662203	58255
chr11	132603948	132803948	harbor2	chr11	132690246	132690427	DNA/hAT-Charlie	753	-	90	132690336	86388
chr11	117884533	118084533	harbor2	chr11	117945006	117945171	DNA/hAT-Charlie	380	-	82	117945088	60555
chr11	117884533	118084533	harbor2	chr11	117953642	117953815	DNA/hAT-Charlie	463	-	86	117953728	69195
chr11	134699327	134899327	harbor2	chr11	134736342	134736481	DNA/hAT-Charlie	471	-	70	134736412	37085
chr11	134699327	134899327	harbor2	chr11	134757873	134758046	DNA/hAT-Charlie	740	-	86	134757959	58632
chr11	121965504	122165504	harbor2	chr11	122020680	122021155	DNA/hAT-Charlie	2015	-	238	122020918	55414
chr11	121965504	122165504	harbor2	chr11	122024955	122025277	DNA/hAT-Charlie	1330	-	161	122025116	59612
chr11	129851915	130051915	harbor2	chr11	129863651	129863847	DNA/hAT-Charlie	884	-	98	129863749	11834
chr11	129851915	130051915	harbor2	chr11	129902951	129903012	DNA/hAT-Charlie	734	-	30	129902981	51066
chr11	129851915	130051915	harbor2	chr11	129903342	129903543	DNA/hAT-Charlie	734	-	100	129903442	51527
chr11	100487827	100687827	harbor2	chr11	100507211	100507364	DNA/hAT-Charlie	482	-	76	100507287	19460
chr11	100487827	100687827	harbor2	chr11	100535739	100536026	DNA/hAT-Charlie	506	-	144	100535883	48056
chr11	100487827	100687827	harbor2	chr11	100573050	100573134	DNA/hAT-Charlie	766	-	42	100573092	85265
chr11	100487827	100687827	harbor2	chr11	100573443	100573534	DNA/hAT-Charlie	766	-	46	100573489	85662
chr11	100487827	100687827	harbor2	chr11	100583025	100583776	DNA/hAT-Charlie	1259	-	376	100583401	95574
chr11	108283173	108483173	harbor2	chr11	108296726	108296921	DNA/hAT-Charlie	781	-	98	108296824	13651
chr11	108283173	108483173	harbor2	chr11	108306235	108306373	DNA/hAT-Charlie	383	-	69	108306304	23131
chr11	108283173	108483173	harbor2	chr11	108328666	108328886	DNA/hAT-Charlie	1630	-	110	108328776	45603
chr11	108283173	108483173	harbor2	chr11	108337431	108337619	DNA/hAT-Charlie	868	-	94	108337525	54352
chr11	118166450	118366450	harbor2	chr11	118204992	118205257	DNA/hAT-Charlie	565	-	132	118205124	38674
chr11	118166450	118366450	harbor2	chr11	118209259	118209385	DNA/hAT-Charlie	424	-	63	118209322	42872
chr11	118166450	118366450	harbor2	chr11	118211614	118211755	DNA/hAT-Charlie	399	-	70	118211684	45234
chr11	118166450	118366450	harbor2	chr11	118221320	118221681	DNA/hAT-Charlie	2137	-	180	118221500	55050
chr11	120305102	120505102	harbor2	chr11	120306411	120306628	DNA/hAT-Charlie	1123	-	108	120306519	1417
chr11	120305102	120505102	harbor2	chr11	120323640	120323801	DNA/hAT-Charlie	707	-	80	120323720	18618
chr11	120305102	120505102	harbor2	chr11	120323808	120323955	DNA/hAT-Charlie	902	-	74	120323882	18780
chr11	120305102	120505102	harbor2	chr11	120340821	120341069	DNA/hAT-Charlie	632	-	124	120340945	35843
chr11	120305102	120505102	harbor2	chr11	120341356	120341452	DNA/hAT-Charlie	632	-	48	120341404	36302
chr11	120305102	120505102	harbor2	chr11	120345065	120345258	DNA/hAT-Charlie	1517	-	96	120345161	40059
chr11	120305102	120505102	harbor2	chr11	120358571	120358777	DNA/hAT-Charlie	1050	-	103	120358674	53572
chr11	120305102	120505102	harbor2	chr11	120383266	120383799	DNA/hAT-Charlie	3391	-	266	120383532	78430
chr11	126023267	126223267	harbor2	chr11	126081712	126081892	DNA/hAT-Charlie	918	-	90	126081802	58535
chr11	126023267	126223267	harbor2	chr11	126103199	126103458	DNA/hAT-Charlie	676	-	130	126103329	80062
chr11	79507506	79707506	harbor2	chr11	79544431	79544595	DNA/hAT-Charlie	554	-	82	79544513	37007
chr11	79507506	79707506	harbor2	chr11	79551337	79551553	DNA/hAT-Charlie	914	-	108	79551445	43939
chr11	79507506	79707506	harbor2	chr11	79566013	79566221	DNA/hAT-Charlie	1031	-	104	79566117	58611
chr11	79507506	79707506	harbor2	chr11	79570402	79570617	DNA/hAT-Charlie	1063	-	108	79570510	63004
chr11	79507506	79707506	harbor2	chr11	79572412	79572580	DNA/hAT-Charlie	1159	-	84	79572496	64990
chr11	79507506	79707506	harbor2	chr11	79580453	79580746	DNA/hAT-Charlie	1852	-	146	79580599	73093
chr11	128139939	128339939	harbor2	chr11	128151342	128151441	DNA/hAT-Charlie	706	-	50	128151392	11453
chr11	128139939	128339939	harbor2	chr11	128151622	128151694	DNA/hAT-Charlie	706	-	36	128151658	11719
chr11	125389658	125589658	harbor2	chr11	125421730	125421904	DNA/hAT-Charlie	389	-	87	125421817	32159
chr11	125389658	125589658	harbor2	chr11	125434278	125434506	DNA/hAT-Charlie	654	-	114	125434392	44734
chr11	125389658	125589658	harbor2	chr11	125443556	125443682	DNA/hAT-Charlie	732	-	63	125443619	53961
chr11	115428779	115628779	harbor2	chr11	115471547	115471702	DNA/hAT-Charlie	763	-	78	115471625	42846
chr11	115428779	115628779	harbor2	chr11	115483733	115483930	DNA/hAT-Charlie	991	-	98	115483831	55052
chr11	115428779	115628779	harbor2	chr11	115518369	115518435	DNA/hAT-Charlie	436	-	33	115518402	89623
chr11	115428779	115628779	harbor2	chr11	115518531	115518678	DNA/hAT-Charlie	583	-	74	115518605	89826
chr11	130205421	130405421	harbor2	chr11	130239381	130239579	DNA/hAT-Charlie	659	-	99	130239480	34059
chr11	130205421	130405421	harbor2	chr11	130287761	130288091	DNA/hAT-Charlie	1598	-	165	130287926	82505
chr11	130205421	130405421	harbor2	chr11	130288401	130288583	DNA/hAT-Charlie	1598	-	91	130288492	83071
chr11	40442666	40642666	harbor2	chr11	40463673	40463865	DNA/hAT-Charlie	399	-	96	40463769	21103
chr11	40442666	40642666	harbor2	chr11	40475910	40476105	DNA/hAT-Charlie	968	-	98	40476008	33342
chr11	40442666	40642666	harbor2	chr11	40538052	40538209	DNA/hAT-Charlie	575	-	78	40538130	95464
chr11	130089308	130289308	harbor2	chr11	130127035	130127383	DNA/hAT-Charlie	841	-	174	130127209	37901
chr11	130089308	130289308	harbor2	chr11	130148968	130149076	DNA/hAT-Charlie	412	-	54	130149022	59714
chr11	130089308	130289308	harbor2	chr11	130149487	130149689	DNA/hAT-Charlie	1560	-	101	130149588	60280
chr11	130089308	130289308	harbor2	chr11	130149989	130150347	DNA/hAT-Charlie	1560	-	179	130150168	60860
chr11	61316367	61516367	harbor2	chr11	61344287	61344355	DNA/hAT-Charlie	422	-	34	61344321	27954
chr11	61316367	61516367	harbor2	chr11	61344664	61344823	DNA/hAT-Charlie	422	-	80	61344744	28377
chr11	61316367	61516367	harbor2	chr11	61360371	61360594	DNA/hAT-Charlie	959	-	112	61360483	44116
chr11	61316367	61516367	harbor2	chr11	61370692	61370834	DNA/hAT-Charlie	379	-	71	61370763	54396
chr11	61316367	61516367	harbor2	chr11	61390294	61390475	DNA/hAT-Charlie	723	-	90	61390384	74017
chr11	90324150	90524150	harbor2	chr11	90384566	90384715	DNA/hAT-Charlie	445	-	74	90384640	60490
chr11	129039881	129239881	harbor2	chr11	129126170	129126333	DNA/hAT-Charlie	635	-	82	129126252	86371
chr11	113867497	114067497	harbor2	chr11	113870998	113871075	DNA/hAT-Charlie	389	-	38	113871036	3539
chr11	113867497	114067497	harbor2	chr11	113871393	113871604	DNA/hAT-Charlie	814	-	106	113871499	4002
chr11	37025451	37225451	harbor2	chr11	37025935	37026150	DNA/hAT-Charlie	1067	-	108	37026043	592
chr11	37025451	37225451	harbor2	chr11	37074210	37074377	DNA/hAT-Charlie	684	-	84	37074294	48843
chr11	37025451	37225451	harbor2	chr11	37077636	37078132	DNA/hAT-Charlie	3170	-	248	37077884	52433
chr11	37025451	37225451	harbor2	chr11	37091899	37092107	DNA/hAT-Charlie	1014	-	104	37092003	66552
chr11	37025451	37225451	harbor2	chr11	37107236	37107395	DNA/hAT-Charlie	395	-	80	37107316	81865
chr11	133340514	133540514	harbor2	chr11	133379672	133379895	DNA/hAT-Charlie	652	-	112	133379784	39270
chr11	106366919	106566919	harbor2	chr11	106389902	106390080	DNA/hAT-Charlie	761	-	89	106389991	23072
chr11	102516293	102716293	harbor2	chr11	102527134	102527335	DNA/hAT-Charlie	926	-	100	102527234	10941
chr11	102516293	102716293	harbor2	chr11	102547533	102547849	DNA/hAT-Charlie	1826	-	158	102547691	31398
chr11	102516293	102716293	harbor2	chr11	102548142	102548372	DNA/hAT-Charlie	1826	-	115	102548257	31964
chr11	102516293	102716293	harbor2	chr11	102580689	102580989	DNA/hAT-Charlie	595	-	150	102580839	64546
chr11	121460603	121660603	harbor2	chr11	121470998	121471448	DNA/hAT-Charlie	867	-	225	121471223	10620
chr11	121460603	121660603	harbor2	chr11	121509134	121509481	DNA/hAT-Charlie	568	-	174	121509308	48705
chr11	121460603	121660603	harbor2	chr11	121509774	121509844	DNA/hAT-Charlie	568	-	35	121509809	49206
chr11	121460603	121660603	harbor2	chr11	121512084	121512226	DNA/hAT-Charlie	400	-	71	121512155	51552
chr11	121460603	121660603	harbor2	chr11	121514390	121514563	DNA/hAT-Charlie	688	-	86	121514476	53873
chr11	121460603	121660603	harbor2	chr11	121546630	121546805	DNA/hAT-Charlie	568	-	88	121546718	86115
chr11	121460603	121660603	harbor2	chr11	121546821	121546980	DNA/hAT-Charlie	690	-	80	121546901	86298
chr11	121460603	121660603	harbor2	chr11	121548043	121548187	DNA/hAT-Charlie	401	-	72	121548115	87512
chr11	78064651	78264651	harbor2	chr11	78065061	78065253	DNA/hAT-Charlie	441	-	96	78065157	506
chr11	78064651	78264651	harbor2	chr11	78069554	78069747	DNA/hAT-Charlie	1005	-	96	78069650	4999
chr11	95268107	95468107	harbor2	chr11	95302830	95302992	DNA/hAT-Charlie	784	-	81	95302911	34804
chr11	95942367	96142367	harbor2	chr11	96020456	96020617	DNA/hAT-Charlie	613	-	80	96020536	78169
chr11	127507687	127707687	harbor2	chr11	127563570	127563768	DNA/hAT-Charlie	494	-	99	127563669	55982
chr11	127507687	127707687	harbor2	chr11	127597179	127597292	DNA/hAT-Charlie	447	-	56	127597235	89548
chr11	100080912	100280912	harbor2	chr11	100124899	100125074	DNA/hAT-Charlie	845	-	88	100124987	44075
chr11	94883562	95083562	harbor2	chr11	94897861	94898069	DNA/hAT-Charlie	1143	-	104	94897965	14403
chr11	94883562	95083562	harbor2	chr11	94937205	94937362	DNA/hAT-Charlie	709	-	78	94937283	53721
chr11	94883562	95083562	harbor2	chr11	94942838	94943161	DNA/hAT-Charlie	2194	-	162	94943000	59438
chr11	94883562	95083562	harbor2	chr11	94952684	94952776	DNA/hAT-Charlie	532	-	46	94952730	69168
chr11	94883562	95083562	harbor2	chr11	94955706	94955790	DNA/hAT-Charlie	473	-	42	94955748	72186
chr11	133615248	133815248	harbor2	chr11	133662071	133662230	DNA/hAT-Charlie	499	-	80	133662151	46903
chr11	13320805	13520805	harbor2	chr11	13342443	13342713	DNA/hAT-Charlie	477	-	135	13342578	21773
chr11	13320805	13520805	harbor2	chr11	13368772	13369069	DNA/hAT-Charlie	1176	-	148	13368920	48115
chr11	13320805	13520805	harbor2	chr11	13373109	13373164	DNA/hAT-Charlie	402	-	28	13373137	52332
chr11	13320805	13520805	harbor2	chr11	13390201	13390346	DNA/hAT-Charlie	852	-	72	13390273	69468
chr11	13320805	13520805	harbor2	chr11	13390637	13390707	DNA/hAT-Charlie	852	-	35	13390672	69867
chr11	13320805	13520805	harbor2	chr11	13405407	13405528	DNA/hAT-Charlie	739	-	60	13405467	84662
chr11	54653570	54853570	harbor2	chr11	54694184	54694290	DNA/hAT-Charlie	433	-	53	54694237	40667
chr11	129635173	129835173	harbor2	chr11	129681274	129681614	DNA/hAT-Charlie	1111	-	170	129681444	46271
chr11	129635173	129835173	harbor2	chr11	129707617	129707819	DNA/hAT-Charlie	1558	-	101	129707718	72545
chr11	123420345	123620345	harbor2	chr11	123474699	123474950	DNA/hAT-Charlie	579	-	126	123474825	54480
chr11	123420345	123620345	harbor2	chr11	123479627	123479989	DNA/hAT-Charlie	1399	-	181	123479808	59463
chr11	123420345	123620345	harbor2	chr11	123498718	123498897	DNA/hAT-Charlie	530	-	90	123498808	78463
chr11	84433158	84633158	harbor2	chr11	84449664	84449846	DNA/hAT-Charlie	437	-	91	84449755	16597
chr11	84433158	84633158	harbor2	chr11	84524005	84524225	DNA/hAT-Charlie	1427	-	110	84524115	90957
chr11	84433158	84633158	harbor2	chr11	84492199	84492452	DNA/hAT-Charlie	405	-	126	84492325	59167
chr11	112850025	113050025	harbor2	chr11	112887912	112888163	DNA/hAT-Charlie	478	-	126	112888038	38013
chr11	112850025	113050025	harbor2	chr11	112905831	112906055	DNA/hAT-Charlie	929	-	112	112905943	55918
chr11	112850025	113050025	harbor2	chr11	112917000	112917109	DNA/hAT-Charlie	446	-	54	112917054	67029
chr11	112850025	113050025	harbor2	chr11	112918942	112919102	DNA/hAT-Charlie	543	-	80	112919022	68997
chr11	134301432	134501432	harbor2	chr11	134310117	134310328	DNA/hAT-Charlie	1573	-	106	134310223	8791
chr11	134301432	134501432	harbor2	chr11	134320828	134320995	DNA/hAT-Charlie	512	-	84	134320912	19480
chr11	134301432	134501432	harbor2	chr11	134339742	134339821	DNA/hAT-Charlie	409	-	40	134339782	38350
chr11	134301432	134501432	harbor2	chr11	134340662	134340955	DNA/hAT-Charlie	1247	-	146	134340808	39376
chr11	72272748	72472748	harbor2	chr11	72316166	72316339	DNA/hAT-Charlie	804	-	86	72316252	43504
chr11	72272748	72472748	harbor2	chr11	72354185	72354405	DNA/hAT-Charlie	739	-	110	72354295	81547
chr11	130087869	130287869	harbor2	chr11	130127035	130127383	DNA/hAT-Charlie	841	-	174	130127209	39340
chr11	130087869	130287869	harbor2	chr11	130148968	130149076	DNA/hAT-Charlie	412	-	54	130149022	61153
chr11	130087869	130287869	harbor2	chr11	130149487	130149689	DNA/hAT-Charlie	1560	-	101	130149588	61719
chr11	130087869	130287869	harbor2	chr11	130149989	130150347	DNA/hAT-Charlie	1560	-	179	130150168	62299
chr11	118051190	118251190	harbor2	chr11	118066849	118067237	DNA/hAT-Charlie	789	-	194	118067043	15853
chr11	118051190	118251190	harbor2	chr11	118067907	118068033	DNA/hAT-Charlie	789	-	63	118067970	16780
chr11	118051190	118251190	harbor2	chr11	118071795	118071958	DNA/hAT-Charlie	698	-	82	118071877	20687
chr11	118051190	118251190	harbor2	chr11	118105804	118105912	DNA/hAT-Charlie	492	-	54	118105858	54668
chr11	118051190	118251190	harbor2	chr11	118110250	118110326	DNA/hAT-Charlie	464	-	38	118110288	59098
chr11	118051190	118251190	harbor2	chr11	118110318	118110337	DNA/hAT-Charlie	791	-	10	118110328	59138
chr11	118051190	118251190	harbor2	chr11	118110673	118110859	DNA/hAT-Charlie	1128	-	93	118110766	59576
chr11	118051190	118251190	harbor2	chr11	118113930	118114172	DNA/hAT-Charlie	803	-	121	118114051	62861
chr11	118051190	118251190	harbor2	chr11	118146984	118147149	DNA/hAT-Charlie	761	-	82	118147066	95876
chr11	72463493	72663493	harbor2	chr11	72481828	72481879	DNA/hAT-Charlie	1139	-	26	72481854	18361
chr11	72463493	72663493	harbor2	chr11	72482012	72482195	DNA/hAT-Charlie	1139	-	92	72482104	18611
chr11	66026136	66226136	harbor2	chr11	66032969	66033175	DNA/hAT-Charlie	994	-	103	66033072	6936
chr11	66026136	66226136	harbor2	chr11	66085678	66086130	DNA/hAT-Charlie	1529	-	226	66085904	59768
chr11	66026136	66226136	harbor2	chr11	66086438	66086510	DNA/hAT-Charlie	1529	-	36	66086474	60338
chr11	66026136	66226136	harbor2	chr11	66089089	66089245	DNA/hAT-Charlie	394	-	78	66089167	63031
chr11	121108420	121308420	harbor2	chr11	121188216	121188407	DNA/hAT-Charlie	979	-	96	121188312	79892
chr11	113629346	113829346	harbor2	chr11	113650169	113650307	DNA/hAT-Charlie	618	-	69	113650238	20892
chr11	113629346	113829346	harbor2	chr11	113654530	113654754	DNA/hAT-Charlie	4603	-	112	113654642	25296
chr11	113629346	113829346	harbor2	chr11	113655049	113655493	DNA/hAT-Charlie	4603	-	222	113655271	25925
chr11	113629346	113829346	harbor2	chr11	113656405	113656581	DNA/hAT-Charlie	4603	-	88	113656493	27147
chr11	113629346	113829346	harbor2	chr11	113662792	113663018	DNA/hAT-Charlie	1249	-	113	113662905	33559
chr11	113629346	113829346	harbor2	chr11	113655793	113656108	DNA/hAT-Charlie	4603	-	158	113655951	26605
chr11	118165776	118365776	harbor2	chr11	118204992	118205257	DNA/hAT-Charlie	565	-	132	118205124	39348
chr11	118165776	118365776	harbor2	chr11	118209259	118209385	DNA/hAT-Charlie	424	-	63	118209322	43546
chr11	118165776	118365776	harbor2	chr11	118211614	118211755	DNA/hAT-Charlie	399	-	70	118211684	45908
chr11	118165776	118365776	harbor2	chr11	118221320	118221681	DNA/hAT-Charlie	2137	-	180	118221500	55724
chr11	134159015	134359015	harbor2	chr11	134195403	134195605	DNA/hAT-Charlie	691	-	101	134195504	36489
chr11	134159015	134359015	harbor2	chr11	134195721	134195987	DNA/hAT-Charlie	778	-	133	134195854	36839
chr11	134159015	134359015	harbor2	chr11	134204335	134204447	DNA/hAT-Charlie	434	-	56	134204391	45376
chr11	134159015	134359015	harbor2	chr11	134227083	134227213	DNA/hAT-Charlie	604	-	65	134227148	68133
chr11	128279504	128479504	harbor2	chr11	128326430	128326603	DNA/hAT-Charlie	572	-	86	128326516	47012
chr11	128279504	128479504	harbor2	chr11	128355504	128355656	DNA/hAT-Charlie	454	-	76	128355580	76076
chr11	128279504	128479504	harbor2	chr11	128355986	128356008	DNA/hAT-Charlie	454	-	11	128355997	76493
chr11	128279504	128479504	harbor2	chr11	128373570	128373709	DNA/hAT-Charlie	409	-	70	128373640	94136
chr11	68094377	68294377	harbor2	chr11	68106816	68106971	DNA/hAT-Charlie	625	-	78	68106894	12517
chr11	68094377	68294377	harbor2	chr11	68107263	68107308	DNA/hAT-Charlie	625	-	22	68107285	12908
chr11	68094377	68294377	harbor2	chr11	68172136	68172228	DNA/hAT-Charlie	960	-	46	68172182	77805
chr11	68094377	68294377	harbor2	chr11	68172533	68172721	DNA/hAT-Charlie	960	-	94	68172627	78250
chr11	94229243	94429243	harbor2	chr11	94241281	94241418	DNA/hAT-Charlie	508	-	68	94241349	12106
chr11	94229243	94429243	harbor2	chr11	94271375	94271490	DNA/hAT-Charlie	1180	-	58	94271433	42190
chr11	94229243	94429243	harbor2	chr11	94271651	94271858	DNA/hAT-Charlie	1180	-	104	94271755	42512
chr11	94229243	94429243	harbor2	chr11	94282077	94282252	DNA/hAT-Charlie	450	-	88	94282165	52922
chr11	117853044	118053044	harbor2	chr11	117945006	117945171	DNA/hAT-Charlie	380	-	82	117945088	92044
chr11	87279615	87479615	harbor2	chr11	87281988	87282127	DNA/hAT-Charlie	633	-	70	87282058	2443
chr11	87279615	87479615	harbor2	chr11	87282121	87282257	DNA/hAT-Charlie	521	-	68	87282189	2574
chr11	87279615	87479615	harbor2	chr11	87282566	87282643	DNA/hAT-Charlie	521	-	38	87282604	2989
chr11	87279615	87479615	harbor2	chr11	87312485	87312813	DNA/hAT-Charlie	1583	-	164	87312649	33034
chr11	92857148	93057148	harbor2	chr11	92887575	92887687	DNA/hAT-Charlie	461	-	56	92887631	30483
chr11	92857148	93057148	harbor2	chr11	92953765	92954058	DNA/hAT-Charlie	413	-	146	92953911	96763
chr11	95053867	95253867	harbor2	chr11	95073370	95073534	DNA/hAT-Charlie	819	-	82	95073452	19585
chr11	95053867	95253867	harbor2	chr11	95081301	95081468	DNA/hAT-Charlie	509	-	84	95081385	27518
chr11	95053867	95253867	harbor2	chr11	95082065	95082212	DNA/hAT-Charlie	505	-	74	95082139	28272
chr11	95053867	95253867	harbor2	chr11	95101091	95101306	DNA/hAT-Charlie	1281	-	108	95101199	47332
chr11	95053867	95253867	harbor2	chr11	95111300	95111801	DNA/hAT-Charlie	3681	-	250	95111550	57683
chr11	95053867	95253867	harbor2	chr11	95139902	95140020	DNA/hAT-Charlie	535	-	59	95139961	86094
chr11	104756804	104956804	harbor2	chr11	104782405	104782572	DNA/hAT-Charlie	652	-	84	104782489	25685
chr11	104756804	104956804	harbor2	chr11	104809471	104809593	DNA/hAT-Charlie	392	-	61	104809532	52728
chr11	104756804	104956804	harbor2	chr11	104809609	104809742	DNA/hAT-Charlie	674	-	66	104809675	52871
chr11	104756804	104956804	harbor2	chr11	104809883	104810023	DNA/hAT-Charlie	568	-	70	104809953	53149
chr11	104756804	104956804	harbor2	chr11	104810323	104810375	DNA/hAT-Charlie	568	-	26	104810349	53545
chr11	104756804	104956804	harbor2	chr11	104810394	104810537	DNA/hAT-Charlie	376	-	72	104810466	53662
chr11	104756804	104956804	harbor2	chr11	104838217	104838557	DNA/hAT-Charlie	1836	-	170	104838387	81583
chr11	122556278	122756278	harbor2	chr11	122561018	122561082	DNA/hAT-Charlie	621	-	32	122561050	4772
chr11	122556278	122756278	harbor2	chr11	122561369	122561460	DNA/hAT-Charlie	621	-	46	122561415	5137
chr11	122556278	122756278	harbor2	chr11	122599993	122600148	DNA/hAT-Charlie	591	-	78	122600071	43793
chr11	122825604	123025604	harbor2	chr11	122858911	122859108	DNA/hAT-Charlie	3832	-	98	122859009	33405
chr11	122825604	123025604	harbor2	chr11	122859411	122860025	DNA/hAT-Charlie	3832	-	307	122859718	34114
chr11	122825604	123025604	harbor2	chr11	122879130	122879347	DNA/hAT-Charlie	1017	-	108	122879238	53634
chr11	122825604	123025604	harbor2	chr11	122907996	122908171	DNA/hAT-Charlie	630	-	88	122908084	82480
chr11	122825604	123025604	harbor2	chr11	122908180	122908364	DNA/hAT-Charlie	764	-	92	122908272	82668
chr11	122825604	123025604	harbor2	chr11	122908373	122908531	DNA/hAT-Charlie	703	-	79	122908452	82848
chr11	122825604	123025604	harbor2	chr11	122923650	122923693	DNA/hAT-Charlie	519	-	22	122923672	98068
chr11	122825604	123025604	harbor2	chr11	122924035	122924202	DNA/hAT-Charlie	519	-	84	122924119	98515
chr11	86541039	86741039	harbor2	chr11	86550033	86550125	DNA/hAT-Charlie	410	-	46	86550079	9040
chr11	86541039	86741039	harbor2	chr11	86626618	86626805	DNA/hAT-Charlie	908	-	94	86626712	85673
chr11	111201435	111401435	harbor2	chr11	111244269	111244766	DNA/hAT-Charlie	1840	-	248	111244517	43082
chr11	111201435	111401435	harbor2	chr11	111252290	111252455	DNA/hAT-Charlie	960	-	82	111252372	50937
chr11	107209862	107409862	harbor2	chr11	107212874	107213066	DNA/hAT-Charlie	567	-	96	107212970	3108
chr11	40026292	40226292	harbor2	chr11	40073241	40073447	DNA/hAT-Charlie	688	-	103	40073344	47052
chr11	40026292	40226292	harbor2	chr11	40075861	40076269	DNA/hAT-Charlie	867	-	204	40076065	49773
chr11	40026292	40226292	harbor2	chr11	40089984	40090107	DNA/hAT-Charlie	462	-	62	40090046	63754
chr11	40026292	40226292	harbor2	chr11	40094652	40094700	DNA/hAT-Charlie	915	-	24	40094676	68384
chr11	40026292	40226292	harbor2	chr11	40094998	40095166	DNA/hAT-Charlie	915	-	84	40095082	68790
chr11	40026292	40226292	harbor2	chr11	40123060	40123220	DNA/hAT-Charlie	917	-	80	40123140	96848
chr11	133316121	133516121	harbor2	chr11	133335007	133335173	DNA/hAT-Charlie	540	-	83	133335090	18969
chr11	133316121	133516121	harbor2	chr11	133379672	133379895	DNA/hAT-Charlie	652	-	112	133379784	63663
chr11	22184829	22384829	harbor2	chr11	22258731	22258851	DNA/hAT-Charlie	492	-	60	22258791	73962
chr11	22184829	22384829	harbor2	chr11	22259160	22259249	DNA/hAT-Charlie	492	-	44	22259204	74375
chr11	22184829	22384829	harbor2	chr11	22266758	22266959	DNA/hAT-Charlie	882	-	100	22266858	82029
chr11	22184829	22384829	harbor2	chr11	22199594	22200743	DNA/hAT-Charlie	4955	-	574	22200168	15339
chr11	129617131	129817131	harbor2	chr11	129681274	129681614	DNA/hAT-Charlie	1111	-	170	129681444	64313
chr11	129617131	129817131	harbor2	chr11	129707617	129707819	DNA/hAT-Charlie	1558	-	101	129707718	90587
chr11	85271180	85471180	harbor2	chr11	85299653	85299838	DNA/hAT-Charlie	1056	-	92	85299745	28565
chr11	106705018	106905018	harbor2	chr11	106716243	106716363	DNA/hAT-Charlie	587	-	60	106716303	11285
chr11	106705018	106905018	harbor2	chr11	106719667	106719818	DNA/hAT-Charlie	589	-	76	106719743	14725
chr11	106705018	106905018	harbor2	chr11	106741056	106741369	DNA/hAT-Charlie	1079	-	156	106741212	36194
chr11	128108103	128308103	harbor2	chr11	128132867	128133077	DNA/hAT-Charlie	803	-	105	128132972	24869
chr11	128108103	128308103	harbor2	chr11	128151342	128151441	DNA/hAT-Charlie	706	-	50	128151392	43289
chr11	128108103	128308103	harbor2	chr11	128151622	128151694	DNA/hAT-Charlie	706	-	36	128151658	43555
chr11	115099626	115299626	harbor2	chr11	115106914	115107079	DNA/hAT-Charlie	386	-	82	115106996	7370
chr11	115099626	115299626	harbor2	chr11	115162079	115162268	DNA/hAT-Charlie	411	-	94	115162173	62547
chr11	115099626	115299626	harbor2	chr11	115196499	115196731	DNA/hAT-Charlie	1666	-	116	115196615	96989
chr11	114390856	114590856	harbor2	chr11	114405167	114405372	DNA/hAT-Charlie	781	-	102	114405269	14413
chr11	114390856	114590856	harbor2	chr11	114418430	114418729	DNA/hAT-Charlie	606	-	150	114418580	27724
chr11	114390856	114590856	harbor2	chr11	114431488	114431655	DNA/hAT-Charlie	462	-	84	114431572	40716
chr11	114390856	114590856	harbor2	chr11	114436603	114436957	DNA/hAT-Charlie	2032	-	177	114436780	45924
chr11	114390856	114590856	harbor2	chr11	114443433	114443619	DNA/hAT-Charlie	513	-	93	114443526	52670
chr11	114390856	114590856	harbor2	chr11	114458380	114458602	DNA/hAT-Charlie	700	-	111	114458491	67635
chr11	114390856	114590856	harbor2	chr11	114468032	114468226	DNA/hAT-Charlie	1374	-	97	114468129	77273
chr11	114390856	114590856	harbor2	chr11	114472291	114472511	DNA/hAT-Charlie	1608	-	110	114472401	81545
chr11	114853136	115053136	harbor2	chr11	114858395	114858453	DNA/hAT-Charlie	443	-	29	114858424	5288
chr11	114853136	115053136	harbor2	chr11	114859183	114859335	DNA/hAT-Charlie	660	-	76	114859259	6123
chr11	114853136	115053136	harbor2	chr11	114884314	114884433	DNA/hAT-Charlie	1296	-	60	114884374	31238
chr11	114853136	115053136	harbor2	chr11	114884932	114885257	DNA/hAT-Charlie	1296	-	162	114885094	31958
chr11	67228684	67428684	harbor2	chr11	67244588	67244703	DNA/hAT-Charlie	625	-	58	67244646	15962
chr11	67228684	67428684	harbor2	chr11	67245003	67245094	DNA/hAT-Charlie	625	-	46	67245049	16365
chr11	126183424	126383424	harbor2	chr11	126273768	126273943	DNA/hAT-Charlie	947	-	88	126273856	90432
chr11	76310129	76510129	harbor2	chr11	76332807	76332992	DNA/hAT-Charlie	791	-	92	76332899	22770
chr11	76310129	76510129	harbor2	chr11	76333292	76333383	DNA/hAT-Charlie	926	-	46	76333338	23209
chr11	76310129	76510129	harbor2	chr11	76340060	76340270	DNA/hAT-Charlie	957	-	105	76340165	30036
chr11	76310129	76510129	harbor2	chr11	76373761	76374593	DNA/hAT-Charlie	3730	-	416	76374177	64048
chr11	76310129	76510129	harbor2	chr11	76374597	76374777	DNA/hAT-Charlie	837	-	90	76374687	64558
chr11	76310129	76510129	harbor2	chr11	76386934	76387153	DNA/hAT-Charlie	1103	-	110	76387044	76915
chr11	76310129	76510129	harbor2	chr11	76387439	76387511	DNA/hAT-Charlie	1103	-	36	76387475	77346
chr11	65093760	65293760	harbor2	chr11	65093845	65093963	DNA/hAT-Charlie	1208	-	59	65093904	144
chr11	65093760	65293760	harbor2	chr11	65094267	65094468	DNA/hAT-Charlie	1208	-	100	65094367	607
chr11	96178268	96378268	harbor2	chr11	96277947	96278118	DNA/hAT-Charlie	685	-	86	96278033	99765
chr11	128940531	129140531	harbor2	chr11	128946862	128947384	DNA/hAT-Charlie	4007	-	261	128947123	6592
chr11	128940531	129140531	harbor2	chr11	128979949	128980134	DNA/hAT-Charlie	800	-	92	128980041	39510
chr11	131806099	132006099	harbor2	chr11	131819235	131819379	DNA/hAT-Charlie	507	-	72	131819307	13208
chr11	131806099	132006099	harbor2	chr11	131896202	131896679	DNA/hAT-Charlie	1672	-	238	131896440	90341
chr11	131806099	132006099	harbor2	chr11	131896988	131897047	DNA/hAT-Charlie	1672	-	30	131897018	90919
chr11	126418489	126618489	harbor2	chr11	126438385	126438577	DNA/hAT-Charlie	776	-	96	126438481	19992
chr11	125651284	125851284	harbor2	chr11	125675032	125675199	DNA/hAT-Charlie	900	-	84	125675116	23832
chr11	133061478	133261478	harbor2	chr11	133080229	133080386	DNA/hAT-Charlie	456	-	78	133080307	18829
chr11	108187439	108387439	harbor2	chr11	108235346	108235546	DNA/hAT-Charlie	696	-	100	108235446	48007
chr11	101043426	101243426	harbor2	chr11	101102784	101103102	DNA/hAT-Charlie	1803	-	159	101102943	59517
chr11	101043426	101243426	harbor2	chr11	101112678	101112791	DNA/hAT-Charlie	384	-	56	101112734	69308
chr11	101043426	101243426	harbor2	chr11	101112989	101113267	DNA/hAT-Charlie	1124	-	139	101113128	69702
chr11	101043426	101243426	harbor2	chr11	101113570	101113663	DNA/hAT-Charlie	1124	-	46	101113616	70190
chr11	101043426	101243426	harbor2	chr11	101118925	101119242	DNA/hAT-Charlie	2007	-	158	101119083	75657
chr11	117648754	117848754	harbor2	chr11	117662778	117662899	DNA/hAT-Charlie	478	-	60	117662838	14084
chr11	117648754	117848754	harbor2	chr11	117718850	117719040	DNA/hAT-Charlie	816	-	95	117718945	70191
chr11	117648754	117848754	harbor2	chr11	117744357	117744435	DNA/hAT-Charlie	395	-	39	117744396	95642
chr11	106771742	106971742	harbor2	chr11	106825353	106825501	DNA/hAT-Charlie	1010	-	74	106825427	53685
chr11	106771742	106971742	harbor2	chr11	106825662	106825879	DNA/hAT-Charlie	1458	-	108	106825770	54028
chr11	106771742	106971742	harbor2	chr11	106842756	106842888	DNA/hAT-Charlie	428	-	66	106842822	71080
chr11	56809705	57009705	harbor2	chr11	56908771	56909292	DNA/hAT-Charlie	3749	-	260	56909031	99326
chr11	130913332	131113332	harbor2	chr11	130944096	130944269	DNA/hAT-Charlie	519	-	86	130944182	30850
chr11	130913332	131113332	harbor2	chr11	130944611	130944783	DNA/hAT-Charlie	440	-	86	130944697	31365
chr11	130913332	131113332	harbor2	chr11	131000334	131000557	DNA/hAT-Charlie	969	-	112	131000446	87114
chr11	130913332	131113332	harbor2	chr11	131001068	131001177	DNA/hAT-Charlie	429	-	54	131001122	87790
chr11	74524261	74724261	harbor2	chr11	74606873	74607034	DNA/hAT-Charlie	499	-	80	74606953	82692
chr11	132351591	132551591	harbor2	chr11	132440295	132440463	DNA/hAT-Charlie	548	-	84	132440379	88788
chr11	42340154	42540154	harbor2	chr11	42406619	42406765	DNA/hAT-Charlie	703	-	73	42406692	66538
chr11	42340154	42540154	harbor2	chr11	42427241	42427755	DNA/hAT-Charlie	1539	-	257	42427498	87344
chr11	131413767	131613767	harbor2	chr11	131440483	131440670	DNA/hAT-Charlie	863	-	94	131440577	26810
chr11	131413767	131613767	harbor2	chr11	131458777	131458955	DNA/hAT-Charlie	638	-	89	131458866	45099
chr11	68987581	69187581	harbor2	chr11	69007949	69008269	DNA/hAT-Charlie	376	-	160	69008109	20528
chr11	68987581	69187581	harbor2	chr11	69048544	69048703	DNA/hAT-Charlie	815	-	80	69048624	61043
chr11	110143754	110343754	harbor2	chr11	110169787	110170003	DNA/hAT-Charlie	910	-	108	110169895	26141
chr11	110143754	110343754	harbor2	chr11	110183901	110184062	DNA/hAT-Charlie	548	-	80	110183981	40227
chr11	87481462	87681462	harbor2	chr11	87515644	87515853	DNA/hAT-Charlie	1082	-	104	87515748	34286
chr11	87481462	87681462	harbor2	chr11	87572945	87573061	DNA/hAT-Charlie	409	-	58	87573003	91541
chr11	92115716	92315716	harbor2	chr11	92123438	92123644	DNA/hAT-Charlie	867	-	103	92123541	7825
chr11	92115716	92315716	harbor2	chr11	92128248	92128402	DNA/hAT-Charlie	844	-	77	92128325	12609
chr11	92115716	92315716	harbor2	chr11	92153715	92154024	DNA/hAT-Charlie	601	-	154	92153869	38153
chr11	92115716	92315716	harbor2	chr11	92180547	92180692	DNA/hAT-Charlie	686	-	72	92180619	64903
chr11	92115716	92315716	harbor2	chr11	92180846	92181030	DNA/hAT-Charlie	959	-	92	92180938	65222
chr11	92115716	92315716	harbor2	chr11	92198808	92199123	DNA/hAT-Charlie	890	-	158	92198966	83250
chr11	22006693	22206693	harbor2	chr11	22015158	22015369	DNA/hAT-Charlie	715	-	106	22015264	8571
chr11	22006693	22206693	harbor2	chr11	22037435	22037767	DNA/hAT-Charlie	2000	-	166	22037601	30908
chr11	11183438	11383438	harbor2	chr11	11188594	11188757	DNA/hAT-Charlie	549	-	82	11188676	5238
chr11	11183438	11383438	harbor2	chr11	11211792	11212038	DNA/hAT-Charlie	856	-	123	11211915	28477
chr11	11183438	11383438	harbor2	chr11	11237564	11237700	DNA/hAT-Charlie	791	-	68	11237632	54194
chr11	11183438	11383438	harbor2	chr11	11245502	11245675	DNA/hAT-Charlie	392	-	86	11245588	62150
chr11	11183438	11383438	harbor2	chr11	11251130	11251251	DNA/hAT-Charlie	456	-	60	11251190	67752
chr11	124816573	125016573	harbor2	chr11	124838080	124838282	DNA/hAT-Charlie	1179	-	101	124838181	21608
chr11	124816573	125016573	harbor2	chr11	124876935	124877066	DNA/hAT-Charlie	631	-	66	124877001	60428
chr11	124816573	125016573	harbor2	chr11	124894595	124894779	DNA/hAT-Charlie	702	-	92	124894687	78114
chr11	123958012	124158012	harbor2	chr11	123989927	123990087	DNA/hAT-Charlie	718	-	80	123990007	31995
chr11	119842945	120042945	harbor2	chr11	119895686	119895861	DNA/hAT-Charlie	587	-	88	119895774	52829
chr11	124383607	124583607	harbor2	chr11	124390359	124390554	DNA/hAT-Charlie	1178	-	98	124390457	6850
chr11	124383607	124583607	harbor2	chr11	124400901	124401055	DNA/hAT-Charlie	1940	-	77	124400978	17371
chr11	124383607	124583607	harbor2	chr11	124401433	124402081	DNA/hAT-Charlie	1940	-	324	124401757	18150
chr11	96396643	96596643	harbor2	chr11	96396717	96396916	DNA/hAT-Charlie	801	-	100	96396817	174
chr11	96396643	96596643	harbor2	chr11	96397593	96397753	DNA/hAT-Charlie	379	-	80	96397673	1030
chr11	96396643	96596643	harbor2	chr11	96437372	96437473	DNA/hAT-Charlie	383	-	50	96437422	40779
chr11	117129464	117329464	harbor2	chr11	117215103	117215198	DNA/hAT-Charlie	793	-	48	117215151	85687
chr11	117129464	117329464	harbor2	chr11	117216135	117216246	DNA/hAT-Charlie	793	-	56	117216191	86727
chr11	107042222	107242222	harbor2	chr11	107084932	107085211	DNA/hAT-Charlie	496	-	140	107085072	42850
chr11	107042222	107242222	harbor2	chr11	107085284	107085539	DNA/hAT-Charlie	451	-	128	107085412	43190
chr11	45122909	45322909	harbor2	chr11	45139976	45140227	DNA/hAT-Charlie	840	-	126	45140102	17193
chr11	45122909	45322909	harbor2	chr11	45157171	45157530	DNA/hAT-Charlie	1848	-	180	45157351	34442
chr11	45122909	45322909	harbor2	chr11	45165502	45165748	DNA/hAT-Charlie	650	-	123	45165625	42716
chr11	45122909	45322909	harbor2	chr11	45167926	45168075	DNA/hAT-Charlie	511	-	74	45168000	45091
chr11	45122909	45322909	harbor2	chr11	45176597	45176819	DNA/hAT-Charlie	570	-	111	45176708	53799
chr11	45122909	45322909	harbor2	chr11	45190566	45190913	DNA/hAT-Charlie	1138	-	174	45190740	67831
chr11	45122909	45322909	harbor2	chr11	45192722	45193083	DNA/hAT-Charlie	1199	-	180	45192902	69993
chr11	45122909	45322909	harbor2	chr11	45193238	45193362	DNA/hAT-Charlie	1199	-	62	45193300	70391
chr11	45122909	45322909	harbor2	chr11	45193421	45193731	DNA/hAT-Charlie	1463	-	155	45193576	70667
chr11	45122909	45322909	harbor2	chr11	45206674	45206772	DNA/hAT-Charlie	415	-	49	45206723	83814
chr11	126992181	127192181	harbor2	chr11	127021097	127021320	DNA/hAT-Charlie	976	-	112	127021209	29028
chr11	126992181	127192181	harbor2	chr11	127025906	127026169	DNA/hAT-Charlie	746	-	132	127026038	33857
chr11	126992181	127192181	harbor2	chr11	127057611	127057823	DNA/hAT-Charlie	1093	-	106	127057717	65536
chr11	127994744	128194744	harbor2	chr11	128060221	128060452	DNA/hAT-Charlie	842	-	116	128060337	65593
chr11	46179357	46379357	harbor2	chr11	46181530	46181692	DNA/hAT-Charlie	542	-	81	46181611	2254
chr11	46179357	46379357	harbor2	chr11	46247510	46247717	DNA/hAT-Charlie	930	-	104	46247614	68257
chr11	43704576	43904576	harbor2	chr11	43783329	43783414	DNA/hAT-Charlie	1104	-	42	43783371	78795
chr11	43704576	43904576	harbor2	chr11	43783756	43783989	DNA/hAT-Charlie	1104	-	116	43783872	79296
chr11	43704576	43904576	harbor2	chr11	43785523	43786489	DNA/hAT-Charlie	4676	-	483	43786006	81430
chr11	43704576	43904576	harbor2	chr11	43799106	43799246	DNA/hAT-Charlie	527	-	70	43799176	94600
chr11	43704576	43904576	harbor2	chr11	43801883	43801977	DNA/hAT-Charlie	1421	-	47	43801930	97354
chr11	43704576	43904576	harbor2	chr11	43802286	43802522	DNA/hAT-Charlie	1421	-	118	43802404	97828
chr11	88788636	88988636	harbor2	chr11	88824446	88824791	DNA/hAT-Charlie	1948	-	172	88824618	35982
chr11	88788636	88988636	harbor2	chr11	88836165	88836328	DNA/hAT-Charlie	765	-	82	88836247	47611
chr11	131937136	132137136	harbor2	chr11	132003550	132003615	DNA/hAT-Charlie	436	-	32	132003582	66446
chr11	131937136	132137136	harbor2	chr11	132025608	132025722	DNA/hAT-Charlie	392	-	57	132025665	88529
chr11	65191509	65391509	harbor2	chr11	65235344	65235507	DNA/hAT-Charlie	476	-	82	65235426	43917
chr11	65191509	65391509	harbor2	chr11	65281879	65282099	DNA/hAT-Charlie	1075	-	110	65281989	90480
chr11	112605671	112805671	harbor2	chr11	112641972	112642223	DNA/hAT-Charlie	831	-	126	112642098	36427
chr11	103665059	103865059	harbor2	chr11	103667422	103667561	DNA/hAT-Charlie	1337	-	70	103667492	2433
chr11	103665059	103865059	harbor2	chr11	103667867	103668080	DNA/hAT-Charlie	1337	-	106	103667973	2914
chr11	103665059	103865059	harbor2	chr11	103668068	103668207	DNA/hAT-Charlie	586	-	70	103668138	3079
chr11	103665059	103865059	harbor2	chr11	103673762	103674144	DNA/hAT-Charlie	1726	-	191	103673953	8894
chr11	79772948	79972948	harbor2	chr11	79802666	79802853	DNA/hAT-Charlie	846	-	94	79802760	29812
chr11	79772948	79972948	harbor2	chr11	79807354	79807645	DNA/hAT-Charlie	554	-	146	79807500	34552
chr11	79772948	79972948	harbor2	chr11	79840934	79841098	DNA/hAT-Charlie	622	-	82	79841016	68068
chr11	79772948	79972948	harbor2	chr11	79860505	79860612	DNA/hAT-Charlie	511	-	54	79860559	87611
chr11	61375550	61575550	harbor2	chr11	61390294	61390475	DNA/hAT-Charlie	723	-	90	61390384	14834
chr11	61375550	61575550	harbor2	chr11	61433596	61433707	DNA/hAT-Charlie	395	-	56	61433652	58102
chr11	61375550	61575550	harbor2	chr11	61440698	61440919	DNA/hAT-Charlie	1114	-	110	61440808	65258
chr11	61375550	61575550	harbor2	chr11	61441189	61441211	DNA/hAT-Charlie	1114	-	11	61441200	65650
chr11	61375550	61575550	harbor2	chr11	61445596	61445765	DNA/hAT-Charlie	758	-	84	61445680	70130
chr11	61375550	61575550	harbor2	chr11	61461225	61461435	DNA/hAT-Charlie	496	-	105	61461330	85780
chr11	115271401	115471401	harbor2	chr11	115333457	115333597	DNA/hAT-Charlie	477	-	70	115333527	62126
chr11	115271401	115471401	harbor2	chr11	115335162	115336396	DNA/hAT-Charlie	3924	-	617	115335779	64378
chr12	109963141	110163141	harbor2	chr12	109979898	109980072	DNA/hAT-Charlie	865	-	87	109979985	16844
chr12	109963141	110163141	harbor2	chr12	110046538	110046750	DNA/hAT-Charlie	720	-	106	110046644	83503
chr12	109963141	110163141	harbor2	chr12	110052785	110052920	DNA/hAT-Charlie	454	-	68	110052853	89712
chr12	109963141	110163141	harbor2	chr12	110053205	110053216	DNA/hAT-Charlie	454	-	6	110053211	90070
chr12	109963141	110163141	harbor2	chr12	110053516	110053559	DNA/hAT-Charlie	454	-	22	110053538	90397
chr12	120861620	121061620	harbor2	chr12	120862057	120862237	DNA/hAT-Charlie	656	-	90	120862147	527
chr12	120861620	121061620	harbor2	chr12	120863367	120863652	DNA/hAT-Charlie	1180	-	142	120863509	1889
chr12	120861620	121061620	harbor2	chr12	120863982	120864252	DNA/hAT-Charlie	2467	-	135	120864117	2497
chr12	120861620	121061620	harbor2	chr12	120869015	120869397	DNA/hAT-Charlie	1191	-	191	120869206	7586
chr12	120861620	121061620	harbor2	chr12	120869422	120869612	DNA/hAT-Charlie	582	-	95	120869517	7897
chr12	120861620	121061620	harbor2	chr12	120930920	120931041	DNA/hAT-Charlie	606	-	60	120930980	69360
chr12	120861620	121061620	harbor2	chr12	120955159	120955348	DNA/hAT-Charlie	887	-	94	120955253	93633
chr12	120861620	121061620	harbor2	chr12	120864556	120865127	DNA/hAT-Charlie	2467	-	286	120864842	3222
chr12	102599169	102799169	harbor2	chr12	102627437	102627587	DNA/hAT-Charlie	443	-	75	102627512	28343
chr12	102599169	102799169	harbor2	chr12	102642808	102642995	DNA/hAT-Charlie	840	-	94	102642902	43733
chr12	102599169	102799169	harbor2	chr12	102688068	102688185	DNA/hAT-Charlie	984	-	58	102688126	88957
chr12	102599169	102799169	harbor2	chr12	102688494	102688569	DNA/hAT-Charlie	984	-	38	102688532	89363
chr12	124026480	124226480	harbor2	chr12	124034139	124034325	DNA/hAT-Charlie	1008	-	93	124034232	7752
chr12	124026480	124226480	harbor2	chr12	124082706	124082913	DNA/hAT-Charlie	966	-	104	124082810	56330
chr12	124026480	124226480	harbor2	chr12	124087371	124087501	DNA/hAT-Charlie	625	-	65	124087436	60956
chr12	78970332	79170332	harbor2	chr12	78995014	78995188	DNA/hAT-Charlie	654	-	87	78995101	24769
chr12	84775325	84975325	harbor2	chr12	84823627	84824083	DNA/hAT-Charlie	826	-	228	84823855	48530
chr12	106591788	106791788	harbor2	chr12	106651653	106651909	DNA/hAT-Charlie	1008	-	128	106651781	59993
chr12	106591788	106791788	harbor2	chr12	106656216	106656392	DNA/hAT-Charlie	793	-	88	106656304	64516
chr12	30264568	30464568	harbor2	chr12	30330606	30330773	DNA/hAT-Charlie	815	-	84	30330690	66122
chr12	30264568	30464568	harbor2	chr12	30353370	30353773	DNA/hAT-Charlie	1511	-	202	30353572	89004
chr12	30264568	30464568	harbor2	chr12	30354857	30355195	DNA/hAT-Charlie	3925	-	169	30355026	90458
chr12	30264568	30464568	harbor2	chr12	30355786	30356364	DNA/hAT-Charlie	3925	-	289	30356075	91507
chr12	122197163	122397163	harbor2	chr12	122202211	122202809	DNA/hAT-Charlie	2139	-	299	122202510	5347
chr12	122197163	122397163	harbor2	chr12	122218032	122218232	DNA/hAT-Charlie	771	-	100	122218132	20969
chr12	122197163	122397163	harbor2	chr12	122222608	122222938	DNA/hAT-Charlie	2240	-	165	122222773	25610
chr12	79751365	79951365	harbor2	chr12	79766636	79766699	DNA/hAT-Charlie	885	-	32	79766668	15303
chr12	79751365	79951365	harbor2	chr12	79767000	79767126	DNA/hAT-Charlie	885	-	63	79767063	15698
chr12	79751365	79951365	harbor2	chr12	79795876	79796042	DNA/hAT-Charlie	703	-	83	79795959	44594
chr12	76683788	76883788	harbor2	chr12	76749209	76749508	DNA/hAT-Charlie	1294	-	150	76749359	65571
chr12	76683788	76883788	harbor2	chr12	76776612	76776815	DNA/hAT-Charlie	786	-	102	76776714	92926
chr12	23859089	24059089	harbor2	chr12	23869613	23869727	DNA/hAT-Charlie	588	-	57	23869670	10581
chr12	23859089	24059089	harbor2	chr12	23900489	23900655	DNA/hAT-Charlie	904	-	83	23900572	41483
chr12	23859089	24059089	harbor2	chr12	23936653	23936990	DNA/hAT-Charlie	1253	-	168	23936821	77732
chr12	125956424	126156424	harbor2	chr12	126021727	126021946	DNA/hAT-Charlie	974	-	110	126021837	65413
chr12	125956424	126156424	harbor2	chr12	125992812	125993319	DNA/hAT-Charlie	3457	-	254	125993066	36642
chr12	116640061	116840061	harbor2	chr12	116682456	116682684	DNA/hAT-Charlie	522	-	114	116682570	42509
chr12	116640061	116840061	harbor2	chr12	116707111	116707322	DNA/hAT-Charlie	1099	-	106	116707217	67156
chr12	116640061	116840061	harbor2	chr12	116713035	116713229	DNA/hAT-Charlie	665	-	97	116713132	73071
chr12	116640061	116840061	harbor2	chr12	116728876	116729384	DNA/hAT-Charlie	1572	-	254	116729130	89069
chr12	116640061	116840061	harbor2	chr12	116730608	116731432	DNA/hAT-Charlie	3526	-	412	116731020	90959
chr12	77389379	77589379	harbor2	chr12	77399019	77399162	DNA/hAT-Charlie	580	-	72	77399091	9712
chr12	77389379	77589379	harbor2	chr12	77399345	77399466	DNA/hAT-Charlie	546	-	60	77399405	10026
chr12	77389379	77589379	harbor2	chr12	77399723	77399995	DNA/hAT-Charlie	624	-	136	77399859	10480
chr12	77389379	77589379	harbor2	chr12	77413485	77413683	DNA/hAT-Charlie	881	-	99	77413584	24205
chr12	77389379	77589379	harbor2	chr12	77454789	77455145	DNA/hAT-Charlie	2033	-	178	77454967	65588
chr12	77389379	77589379	harbor2	chr12	77484531	77484842	DNA/hAT-Charlie	979	-	156	77484687	95308
chr12	122750886	122950886	harbor2	chr12	122779422	122779580	DNA/hAT-Charlie	868	-	79	122779501	28615
chr12	122750886	122950886	harbor2	chr12	122839609	122839926	DNA/hAT-Charlie	1427	-	158	122839767	88881
chr12	49479926	49679926	harbor2	chr12	49572255	49572586	DNA/hAT-Charlie	2094	-	166	49572421	92495
chr12	26621911	26821911	harbor2	chr12	26666898	26667829	DNA/hAT-Charlie	1453	-	466	26667364	45453
chr12	26621911	26821911	harbor2	chr12	26667831	26668137	DNA/hAT-Charlie	754	-	153	26667984	46073
chr12	26621911	26821911	harbor2	chr12	26684271	26684436	DNA/hAT-Charlie	529	-	82	26684353	62442
chr12	26621911	26821911	harbor2	chr12	26703441	26703614	DNA/hAT-Charlie	779	-	86	26703527	81616
chr12	61415900	61615900	harbor2	chr12	61426013	61426191	DNA/hAT-Charlie	478	-	89	61426102	10202
chr12	61415900	61615900	harbor2	chr12	61454749	61455090	DNA/hAT-Charlie	2081	-	170	61454919	39019
chr12	61415900	61615900	harbor2	chr12	61509310	61509468	DNA/hAT-Charlie	529	-	79	61509389	93489
chr12	132736664	132936664	harbor2	chr12	132757307	132757400	DNA/hAT-Charlie	562	-	46	132757353	20689
chr12	132736664	132936664	harbor2	chr12	132758005	132758108	DNA/hAT-Charlie	562	-	52	132758057	21393
chr12	54887212	55087212	harbor2	chr12	54960602	54960767	DNA/hAT-Charlie	659	-	82	54960684	73472
chr12	54887212	55087212	harbor2	chr12	54964831	54964946	DNA/hAT-Charlie	455	-	58	54964889	77677
chr12	63087259	63287259	harbor2	chr12	63106463	63106782	DNA/hAT-Charlie	1958	-	160	63106623	19364
chr12	63087259	63287259	harbor2	chr12	63131943	63132124	DNA/hAT-Charlie	1039	-	90	63132033	44774
chr12	63087259	63287259	harbor2	chr12	63133472	63133705	DNA/hAT-Charlie	1030	-	116	63133588	46329
chr12	63087259	63287259	harbor2	chr12	63136231	63136349	DNA/hAT-Charlie	1617	-	59	63136290	49031
chr12	63087259	63287259	harbor2	chr12	63136575	63136794	DNA/hAT-Charlie	1617	-	110	63136685	49426
chr12	63087259	63287259	harbor2	chr12	63154155	63154325	DNA/hAT-Charlie	480	-	85	63154240	66981
chr12	123225433	123425433	harbor2	chr12	123238690	123238848	DNA/hAT-Charlie	669	-	79	123238769	13336
chr12	123225433	123425433	harbor2	chr12	123284702	123285040	DNA/hAT-Charlie	1595	-	169	123284871	59438
chr12	123225433	123425433	harbor2	chr12	123323979	123324260	DNA/hAT-Charlie	703	-	140	123324119	98686
chr12	123225433	123425433	harbor2	chr12	123273010	123273329	DNA/hAT-Charlie	1532	-	160	123273170	47737
chr12	111938858	112138858	harbor2	chr12	111941452	111941643	DNA/hAT-Charlie	792	-	96	111941548	2690
chr12	111938858	112138858	harbor2	chr12	112038616	112038697	DNA/hAT-Charlie	1267	-	40	112038656	99798
chr12	130842714	131042714	harbor2	chr12	130863549	130863725	DNA/hAT-Charlie	473	-	88	130863637	20923
chr12	130842714	131042714	harbor2	chr12	130864573	130864602	DNA/hAT-Charlie	473	-	14	130864587	21873
chr12	75768933	75968933	harbor2	chr12	75775752	75775977	DNA/hAT-Charlie	1123	-	112	75775864	6931
chr12	75768933	75968933	harbor2	chr12	75844299	75844696	DNA/hAT-Charlie	872	-	198	75844497	75564
chr12	93890624	94090624	harbor2	chr12	93904214	93904338	DNA/hAT-Charlie	529	-	62	93904276	13652
chr12	93890624	94090624	harbor2	chr12	93942584	93942794	DNA/hAT-Charlie	1014	-	105	93942689	52065
chr12	93890624	94090624	harbor2	chr12	93986599	93986696	DNA/hAT-Charlie	441	-	48	93986647	96023
chr12	108005229	108205229	harbor2	chr12	108013265	108013432	DNA/hAT-Charlie	797	-	84	108013349	8120
chr12	108005229	108205229	harbor2	chr12	108013532	108013705	DNA/hAT-Charlie	1042	-	86	108013618	8389
chr12	108005229	108205229	harbor2	chr12	108028797	108029036	DNA/hAT-Charlie	713	-	120	108028917	23688
chr12	108005229	108205229	harbor2	chr12	108033082	108033433	DNA/hAT-Charlie	1202	-	176	108033258	28029
chr12	108005229	108205229	harbor2	chr12	108049635	108049820	DNA/hAT-Charlie	943	-	92	108049727	44498
chr12	108005229	108205229	harbor2	chr12	108071337	108071601	DNA/hAT-Charlie	921	-	132	108071469	66240
chr12	119383067	119583067	harbor2	chr12	119390635	119390794	DNA/hAT-Charlie	792	-	80	119390715	7648
chr12	119383067	119583067	harbor2	chr12	119409258	119409419	DNA/hAT-Charlie	697	-	80	119409338	26271
chr12	119383067	119583067	harbor2	chr12	119415729	119415923	DNA/hAT-Charlie	747	-	97	119415826	32759
chr12	119383067	119583067	harbor2	chr12	119429828	119430026	DNA/hAT-Charlie	956	-	99	119429927	46860
chr12	119383067	119583067	harbor2	chr12	119437269	119437453	DNA/hAT-Charlie	636	-	92	119437361	54294
chr12	119383067	119583067	harbor2	chr12	119439630	119439830	DNA/hAT-Charlie	588	-	100	119439730	56663
chr12	119383067	119583067	harbor2	chr12	119459215	119459324	DNA/hAT-Charlie	749	-	54	119459269	76202
chr12	119383067	119583067	harbor2	chr12	119467726	119467993	DNA/hAT-Charlie	969	-	134	119467860	84793
chr12	119383067	119583067	harbor2	chr12	119468318	119468613	DNA/hAT-Charlie	969	-	148	119468466	85399
chr12	119383067	119583067	harbor2	chr12	119477642	119477893	DNA/hAT-Charlie	490	-	126	119477768	94701
chr12	119383067	119583067	harbor2	chr12	119479790	119479973	DNA/hAT-Charlie	1099	-	92	119479882	96815
chr12	119383067	119583067	harbor2	chr12	119482384	119482583	DNA/hAT-Charlie	934	-	100	119482484	99417
chr12	96941451	97141451	harbor2	chr12	97023515	97023621	DNA/hAT-Charlie	463	-	53	97023568	82117
chr12	102960457	103160457	harbor2	chr12	102972200	102972393	DNA/hAT-Charlie	770	-	96	102972296	11839
chr12	102960457	103160457	harbor2	chr12	102979657	102979828	DNA/hAT-Charlie	798	-	86	102979743	19286
chr12	102960457	103160457	harbor2	chr12	102988547	102988752	DNA/hAT-Charlie	469	-	102	102988649	28192
chr12	102960457	103160457	harbor2	chr12	103040947	103041069	DNA/hAT-Charlie	672	-	61	103041008	80551
chr12	102960457	103160457	harbor2	chr12	103041365	103041459	DNA/hAT-Charlie	672	-	47	103041412	80955
chr12	132986248	133186248	harbor2	chr12	132994800	132995018	DNA/hAT-Charlie	1174	-	109	132994909	8661
chr12	110694826	110894826	harbor2	chr12	110745549	110745845	DNA/hAT-Charlie	890	-	148	110745697	50871
chr12	110694826	110894826	harbor2	chr12	110751393	110751559	DNA/hAT-Charlie	774	-	83	110751476	56650
chr12	110694826	110894826	harbor2	chr12	110760924	110761111	DNA/hAT-Charlie	851	-	94	110761018	66192
chr12	110694826	110894826	harbor2	chr12	110775230	110775258	DNA/hAT-Charlie	626	-	14	110775244	80418
chr12	110694826	110894826	harbor2	chr12	110775552	110775683	DNA/hAT-Charlie	626	-	66	110775618	80792
chr12	110694826	110894826	harbor2	chr12	110776377	110776518	DNA/hAT-Charlie	577	-	70	110776447	81621
chr12	30723482	30923482	harbor2	chr12	30785291	30785414	DNA/hAT-Charlie	816	-	62	30785353	61871
chr12	30723482	30923482	harbor2	chr12	30786145	30786223	DNA/hAT-Charlie	816	-	39	30786184	62702
chr12	30723482	30923482	harbor2	chr12	30797901	30798125	DNA/hAT-Charlie	1190	-	112	30798013	74531
chr12	30723482	30923482	harbor2	chr12	30798259	30798347	DNA/hAT-Charlie	1190	-	44	30798303	74821
chr12	30723482	30923482	harbor2	chr12	30798671	30798979	DNA/hAT-Charlie	1524	-	154	30798825	75343
chr12	30723482	30923482	harbor2	chr12	30799064	30799124	DNA/hAT-Charlie	626	-	30	30799094	75612
chr12	30723482	30923482	harbor2	chr12	30799420	30799533	DNA/hAT-Charlie	626	-	56	30799476	75994
chr12	62775459	62975459	harbor2	chr12	62781545	62781706	DNA/hAT-Charlie	724	-	80	62781625	6166
chr12	62775459	62975459	harbor2	chr12	62848485	62848625	DNA/hAT-Charlie	552	-	70	62848555	73096
chr12	62775459	62975459	harbor2	chr12	62861766	62861980	DNA/hAT-Charlie	733	-	107	62861873	86414
chr12	111801752	112001752	harbor2	chr12	111861716	111861899	DNA/hAT-Charlie	1011	-	92	111861808	60056
chr12	104756567	104956567	harbor2	chr12	104796342	104796532	DNA/hAT-Charlie	809	-	95	104796437	39870
chr12	104756567	104956567	harbor2	chr12	104856010	104856151	DNA/hAT-Charlie	525	-	70	104856080	99513
chr12	125555688	125755688	harbor2	chr12	125584463	125584632	DNA/hAT-Charlie	512	-	84	125584547	28859
chr12	125555688	125755688	harbor2	chr12	125648765	125649135	DNA/hAT-Charlie	1052	-	185	125648950	93262
chr12	78716624	78916624	harbor2	chr12	78724201	78724589	DNA/hAT-Charlie	624	-	194	78724395	7771
chr12	78716624	78916624	harbor2	chr12	78763836	78764053	DNA/hAT-Charlie	652	-	108	78763944	47320
chr12	78716624	78916624	harbor2	chr12	78794368	78794529	DNA/hAT-Charlie	548	-	80	78794448	77824
chr12	103903386	104103386	harbor2	chr12	103914223	103914377	DNA/hAT-Charlie	827	-	77	103914300	10914
chr12	103903386	104103386	harbor2	chr12	103914629	103914807	DNA/hAT-Charlie	832	-	89	103914718	11332
chr12	103903386	104103386	harbor2	chr12	103920293	103920466	DNA/hAT-Charlie	477	-	86	103920379	16993
chr12	103903386	104103386	harbor2	chr12	103936251	103936360	DNA/hAT-Charlie	523	-	54	103936305	32919
chr12	103903386	104103386	harbor2	chr12	103936645	103936661	DNA/hAT-Charlie	523	-	8	103936653	33267
chr12	103903386	104103386	harbor2	chr12	103940636	103940906	DNA/hAT-Charlie	1128	-	135	103940771	37385
chr12	115262982	115462982	harbor2	chr12	115268484	115268715	DNA/hAT-Charlie	1005	-	116	115268600	5618
chr12	115262982	115462982	harbor2	chr12	115278771	115278996	DNA/hAT-Charlie	549	-	112	115278883	15901
chr12	115262982	115462982	harbor2	chr12	115296558	115296900	DNA/hAT-Charlie	2299	-	171	115296729	33747
chr12	115262982	115462982	harbor2	chr12	115300680	115300818	DNA/hAT-Charlie	801	-	69	115300749	37767
chr12	115262982	115462982	harbor2	chr12	115311866	115312061	DNA/hAT-Charlie	493	-	98	115311964	48982
chr12	115262982	115462982	harbor2	chr12	115320291	115320369	DNA/hAT-Charlie	464	-	39	115320330	57348
chr12	115262982	115462982	harbor2	chr12	115327004	115327192	DNA/hAT-Charlie	879	-	94	115327098	64116
chr12	115262982	115462982	harbor2	chr12	115334437	115334617	DNA/hAT-Charlie	999	-	90	115334527	71545
chr12	115262982	115462982	harbor2	chr12	115337026	115337153	DNA/hAT-Charlie	448	-	64	115337090	74108
chr12	115262982	115462982	harbor2	chr12	115350996	115351112	DNA/hAT-Charlie	580	-	58	115351054	88072
chr12	121765627	121965627	harbor2	chr12	121777626	121777833	DNA/hAT-Charlie	883	-	104	121777730	12103
chr12	121765627	121965627	harbor2	chr12	121782984	121783124	DNA/hAT-Charlie	446	-	70	121783054	17427
chr12	121765627	121965627	harbor2	chr12	121829570	121829770	DNA/hAT-Charlie	819	-	100	121829670	64043
chr12	41281235	41481235	harbor2	chr12	41304396	41304639	DNA/hAT-Charlie	714	-	122	41304518	23283
chr12	88930080	89130080	harbor2	chr12	88969711	88969916	DNA/hAT-Charlie	1241	-	102	88969813	39733
chr12	88930080	89130080	harbor2	chr12	88970452	88970563	DNA/hAT-Charlie	1241	-	56	88970508	40428
chr12	88930080	89130080	harbor2	chr12	88984802	88984963	DNA/hAT-Charlie	495	-	80	88984882	54802
chr12	78551846	78751846	harbor2	chr12	78568891	78568931	DNA/hAT-Charlie	2742	-	20	78568911	17065
chr12	78551846	78751846	harbor2	chr12	78569605	78569692	DNA/hAT-Charlie	2742	-	44	78569649	17803
chr12	78551846	78751846	harbor2	chr12	78569993	78570766	DNA/hAT-Charlie	2742	-	386	78570379	18533
chr12	78551846	78751846	harbor2	chr12	78597280	78597469	DNA/hAT-Charlie	896	-	94	78597374	45528
chr12	78551846	78751846	harbor2	chr12	78628579	78628802	DNA/hAT-Charlie	1072	-	112	78628691	76845
chr12	127874295	128074295	harbor2	chr12	127914383	127914612	DNA/hAT-Charlie	535	-	114	127914497	40202
chr12	127874295	128074295	harbor2	chr12	127942210	127942455	DNA/hAT-Charlie	704	-	122	127942332	68037
chr12	131382006	131582006	harbor2	chr12	131466031	131466240	DNA/hAT-Charlie	1365	-	104	131466135	84129
chr12	86597951	86797951	harbor2	chr12	86667603	86667850	DNA/hAT-Charlie	822	-	124	86667727	69776
chr12	122597528	122797528	harbor2	chr12	122611525	122611668	DNA/hAT-Charlie	1360	-	72	122611597	14069
chr12	122597528	122797528	harbor2	chr12	122611999	122612059	DNA/hAT-Charlie	1360	-	30	122612029	14501
chr12	122597528	122797528	harbor2	chr12	122612366	122612397	DNA/hAT-Charlie	1360	-	16	122612382	14854
chr12	122597528	122797528	harbor2	chr12	122612718	122612968	DNA/hAT-Charlie	1360	-	125	122612843	15315
chr12	122597528	122797528	harbor2	chr12	122634805	122634954	DNA/hAT-Charlie	1076	-	74	122634879	37351
chr12	122597528	122797528	harbor2	chr12	122635247	122635338	DNA/hAT-Charlie	1076	-	46	122635293	37765
chr12	122597528	122797528	harbor2	chr12	122668296	122668411	DNA/hAT-Charlie	564	-	58	122668354	70826
chr12	77381298	77581298	harbor2	chr12	77382300	77382511	DNA/hAT-Charlie	1160	-	106	77382406	1108
chr12	77381298	77581298	harbor2	chr12	77399019	77399162	DNA/hAT-Charlie	580	-	72	77399091	17793
chr12	77381298	77581298	harbor2	chr12	77399345	77399466	DNA/hAT-Charlie	546	-	60	77399405	18107
chr12	77381298	77581298	harbor2	chr12	77399723	77399995	DNA/hAT-Charlie	624	-	136	77399859	18561
chr12	77381298	77581298	harbor2	chr12	77413485	77413683	DNA/hAT-Charlie	881	-	99	77413584	32286
chr12	77381298	77581298	harbor2	chr12	77454789	77455145	DNA/hAT-Charlie	2033	-	178	77454967	73669
chr12	101943227	102143227	harbor2	chr12	101950657	101950905	DNA/hAT-Charlie	1559	-	124	101950781	7554
chr12	101943227	102143227	harbor2	chr12	101956072	101956601	DNA/hAT-Charlie	3664	-	264	101956336	13109
chr12	101943227	102143227	harbor2	chr12	101962803	101963012	DNA/hAT-Charlie	573	-	104	101962907	19680
chr12	101943227	102143227	harbor2	chr12	101974812	101974982	DNA/hAT-Charlie	540	-	85	101974897	31670
chr12	101943227	102143227	harbor2	chr12	102043075	102043236	DNA/hAT-Charlie	770	-	80	102043155	99928
chr12	129899596	130099596	harbor2	chr12	129905326	129905503	DNA/hAT-Charlie	481	-	88	129905414	5818
chr12	129899596	130099596	harbor2	chr12	129971807	129971965	DNA/hAT-Charlie	929	-	79	129971886	72290
chr12	129899596	130099596	harbor2	chr12	129981483	129981974	DNA/hAT-Charlie	3131	-	246	129981729	82133
chr12	129899596	130099596	harbor2	chr12	129987517	129987735	DNA/hAT-Charlie	503	-	109	129987626	88030
chr12	129899596	130099596	harbor2	chr12	129991495	129991713	DNA/hAT-Charlie	1104	-	109	129991604	92008
chr12	26512012	26712012	harbor2	chr12	26552970	26553210	DNA/hAT-Charlie	443	-	120	26553090	41078
chr12	26512012	26712012	harbor2	chr12	26554401	26554620	DNA/hAT-Charlie	1074	-	110	26554511	42499
chr12	126304453	126504453	harbor2	chr12	126314992	126315160	DNA/hAT-Charlie	447	-	84	126315076	10623
chr12	126304453	126504453	harbor2	chr12	126337072	126337117	DNA/hAT-Charlie	730	-	22	126337094	32641
chr12	126304453	126504453	harbor2	chr12	126337396	126337770	DNA/hAT-Charlie	730	-	187	126337583	33130
chr12	126304453	126504453	harbor2	chr12	126353905	126354066	DNA/hAT-Charlie	588	-	80	126353985	49532
chr12	126304453	126504453	harbor2	chr12	126354421	126354512	DNA/hAT-Charlie	588	-	46	126354467	50014
chr12	126304453	126504453	harbor2	chr12	126355191	126355619	DNA/hAT-Charlie	1024	-	214	126355405	50952
chr12	126304453	126504453	harbor2	chr12	126362490	126362660	DNA/hAT-Charlie	471	-	85	126362575	58122
chr12	101620465	101820465	harbor2	chr12	101696404	101696713	DNA/hAT-Charlie	1187	-	154	101696558	76093
chr12	127659911	127859911	harbor2	chr12	127676096	127676215	DNA/hAT-Charlie	528	-	60	127676156	16245
chr12	127659911	127859911	harbor2	chr12	127711389	127711641	DNA/hAT-Charlie	494	-	126	127711515	51604
chr12	127659911	127859911	harbor2	chr12	127717572	127717752	DNA/hAT-Charlie	655	-	90	127717662	57751
chr12	108776157	108976157	harbor2	chr12	108860410	108860588	DNA/hAT-Charlie	847	-	89	108860499	84342
chr12	121254299	121454299	harbor2	chr12	121259556	121259798	DNA/hAT-Charlie	664	-	121	121259677	5378
chr12	121254299	121454299	harbor2	chr12	121294233	121294415	DNA/hAT-Charlie	450	-	91	121294324	40025
chr12	121254299	121454299	harbor2	chr12	121299709	121299950	DNA/hAT-Charlie	1422	-	120	121299829	45530
chr12	121254299	121454299	harbor2	chr12	121300095	121300180	DNA/hAT-Charlie	1422	-	42	121300137	45838
chr12	121254299	121454299	harbor2	chr12	121330050	121330259	DNA/hAT-Charlie	702	-	104	121330154	75855
chr12	121254299	121454299	harbor2	chr12	121334504	121334839	DNA/hAT-Charlie	713	-	168	121334672	80373
chr12	121972637	122172637	harbor2	chr12	122007411	122007739	DNA/hAT-Charlie	1479	-	164	122007575	34938
chr12	121972637	122172637	harbor2	chr12	122018827	122019024	DNA/hAT-Charlie	589	-	98	122018925	46288
chr12	121972637	122172637	harbor2	chr12	122049932	122049976	DNA/hAT-Charlie	636	-	22	122049954	77317
chr12	121972637	122172637	harbor2	chr12	122050280	122050430	DNA/hAT-Charlie	636	-	75	122050355	77718
chr12	121972637	122172637	harbor2	chr12	122071352	122071446	DNA/hAT-Charlie	488	-	47	122071399	98762
chr12	121972637	122172637	harbor2	chr12	122071738	122071820	DNA/hAT-Charlie	488	-	41	122071779	99142
chr12	118976237	119176237	harbor2	chr12	119005346	119005524	DNA/hAT-Charlie	913	-	89	119005435	29198
chr12	118976237	119176237	harbor2	chr12	119011285	119011505	DNA/hAT-Charlie	1347	-	110	119011395	35158
chr12	118976237	119176237	harbor2	chr12	119028021	119028197	DNA/hAT-Charlie	977	-	88	119028109	51872
chr12	118976237	119176237	harbor2	chr12	119050778	119050997	DNA/hAT-Charlie	735	-	110	119050888	74651
chr12	118976237	119176237	harbor2	chr12	119061741	119061933	DNA/hAT-Charlie	817	-	96	119061837	85600
chr12	118976237	119176237	harbor2	chr12	119069894	119070181	DNA/hAT-Charlie	544	-	144	119070038	93801
chr12	22809745	23009745	harbor2	chr12	22847543	22847908	DNA/hAT-Charlie	836	-	182	22847725	37980
chr12	22809745	23009745	harbor2	chr12	22848875	22849075	DNA/hAT-Charlie	897	-	100	22848975	39230
chr12	22809745	23009745	harbor2	chr12	22866508	22866671	DNA/hAT-Charlie	711	-	82	22866590	56845
chr12	22809745	23009745	harbor2	chr12	22877349	22877580	DNA/hAT-Charlie	600	-	116	22877465	67720
chr12	131965157	132165157	harbor2	chr12	131985221	131985387	DNA/hAT-Charlie	462	-	83	131985304	20147
chr12	131965157	132165157	harbor2	chr12	132063192	132063230	DNA/hAT-Charlie	550	-	19	132063211	98054
chr12	131965157	132165157	harbor2	chr12	132063520	132063658	DNA/hAT-Charlie	550	-	69	132063589	98432
chr12	97457389	97657389	harbor2	chr12	97482204	97482417	DNA/hAT-Charlie	768	-	106	97482310	24921
chr12	97457389	97657389	harbor2	chr12	97500815	97501108	DNA/hAT-Charlie	1151	-	146	97500961	43572
chr13	107390325	107590325	harbor2	chr13	107480484	107480704	DNA/hAT-Charlie	1486	-	110	107480594	90269
chr13	95067801	95267801	harbor2	chr13	95073380	95073586	DNA/hAT-Charlie	401	-	103	95073483	5682
chr13	95067801	95267801	harbor2	chr13	95104882	95105391	DNA/hAT-Charlie	3660	-	254	95105136	37335
chr13	108506323	108706323	harbor2	chr13	108525496	108525618	DNA/hAT-Charlie	528	-	61	108525557	19234
chr13	58102484	58302484	harbor2	chr13	58119743	58119928	DNA/hAT-Charlie	892	-	92	58119835	17351
chr13	63117841	63317841	harbor2	chr13	63174030	63174236	DNA/hAT-Charlie	862	-	103	63174133	56292
chr13	63117841	63317841	harbor2	chr13	63212729	63212849	DNA/hAT-Charlie	491	-	60	63212789	94948
chr13	83916741	84116741	harbor2	chr13	83944443	83944994	DNA/hAT-Charlie	705	-	276	83944719	27978
chr13	83916741	84116741	harbor2	chr13	83945029	83945261	DNA/hAT-Charlie	492	-	116	83945145	28404
chr13	83916741	84116741	harbor2	chr13	83989966	83990147	DNA/hAT-Charlie	613	-	90	83990056	73315
chr13	75106175	75306175	harbor2	chr13	75120815	75120993	DNA/hAT-Charlie	830	-	89	75120904	14729
chr13	75106175	75306175	harbor2	chr13	75170783	75171013	DNA/hAT-Charlie	538	-	115	75170898	64723
chr13	108290102	108490102	harbor2	chr13	108384197	108384435	DNA/hAT-Charlie	777	-	119	108384316	94214
chr13	88136313	88336313	harbor2	chr13	88140689	88140888	DNA/hAT-Charlie	715	-	100	88140789	4476
chr13	88136313	88336313	harbor2	chr13	88182193	88183208	DNA/hAT-Charlie	3589	-	508	88182701	46388
chr13	88136313	88336313	harbor2	chr13	88184893	88185222	DNA/hAT-Charlie	1107	-	164	88185057	48744
chr13	88136313	88336313	harbor2	chr13	88219616	88219821	DNA/hAT-Charlie	824	-	102	88219718	83405
chr13	88136313	88336313	harbor2	chr13	88222294	88222611	DNA/hAT-Charlie	886	-	158	88222452	86139
chr13	40647677	40847677	harbor2	chr13	40699662	40700121	DNA/hAT-Charlie	2621	-	230	40699892	52215
chr13	57197435	57397435	harbor2	chr13	57244589	57244805	DNA/hAT-Charlie	766	-	108	57244697	47262
chr13	57197435	57397435	harbor2	chr13	57263737	57263928	DNA/hAT-Charlie	455	-	96	57263833	66398
chr13	84580156	84780156	harbor2	chr13	84673826	84674071	DNA/hAT-Charlie	806	-	122	84673948	93792
chr13	84580156	84780156	harbor2	chr13	84674238	84674732	DNA/hAT-Charlie	1456	-	247	84674485	94329
chr13	84580156	84780156	harbor2	chr13	84674730	84675891	DNA/hAT-Charlie	4359	-	580	84675310	95154
chr13	80240365	80440365	harbor2	chr13	80328424	80328628	DNA/hAT-Charlie	1080	-	102	80328526	88161
chr13	111687787	111887787	harbor2	chr13	111703598	111703759	DNA/hAT-Charlie	711	-	80	111703678	15891
chr13	18634038	18834038	harbor2	chr13	18661340	18661498	DNA/hAT-Charlie	680	-	79	18661419	27381
chr13	84849949	85049949	harbor2	chr13	84926585	84926843	DNA/hAT-Charlie	1789	-	129	84926714	76765
chr13	111876994	112076994	harbor2	chr13	111923226	111923413	DNA/hAT-Charlie	415	-	94	111923320	46326
chr13	111876994	112076994	harbor2	chr13	111924980	111925160	DNA/hAT-Charlie	896	-	90	111925070	48076
chr13	111876994	112076994	harbor2	chr13	111938847	111938960	DNA/hAT-Charlie	404	-	56	111938903	61909
chr13	111876994	112076994	harbor2	chr13	111942635	111942842	DNA/hAT-Charlie	890	-	104	111942739	65745
chr13	111876994	112076994	harbor2	chr13	111958952	111959165	DNA/hAT-Charlie	1112	-	106	111959058	82064
chr13	111876994	112076994	harbor2	chr13	111964092	111964242	DNA/hAT-Charlie	500	-	75	111964167	87173
chr13	68497953	68697953	harbor2	chr13	68502736	68503427	DNA/hAT-Charlie	930	-	346	68503082	5129
chr13	68497953	68697953	harbor2	chr13	68504428	68504554	DNA/hAT-Charlie	752	-	63	68504491	6538
chr13	68497953	68697953	harbor2	chr13	68504556	68504665	DNA/hAT-Charlie	579	-	54	68504610	6657
chr13	103379104	103579104	harbor2	chr13	103404612	103404760	DNA/hAT-Charlie	800	-	74	103404686	25582
chr13	103379104	103579104	harbor2	chr13	103411175	103411368	DNA/hAT-Charlie	772	-	96	103411271	32167
chr13	103379104	103579104	harbor2	chr13	103470533	103470638	DNA/hAT-Charlie	415	-	52	103470585	91481
chr13	68454919	68654919	harbor2	chr13	68502736	68503427	DNA/hAT-Charlie	930	-	346	68503082	48163
chr13	68454919	68654919	harbor2	chr13	68504428	68504554	DNA/hAT-Charlie	752	-	63	68504491	49572
chr13	68454919	68654919	harbor2	chr13	68504556	68504665	DNA/hAT-Charlie	579	-	54	68504610	49691
chr13	91250147	91450147	harbor2	chr13	91256380	91256520	DNA/hAT-Charlie	1154	-	70	91256450	6303
chr13	91250147	91450147	harbor2	chr13	91256815	91257530	DNA/hAT-Charlie	2392	-	358	91257173	7026
chr13	91250147	91450147	harbor2	chr13	91257818	91258273	DNA/hAT-Charlie	2392	-	228	91258046	7899
chr13	91250147	91450147	harbor2	chr13	91258285	91258511	DNA/hAT-Charlie	610	-	113	91258398	8251
chr13	91250147	91450147	harbor2	chr13	91270853	91271028	DNA/hAT-Charlie	907	-	88	91270941	20794
chr13	91250147	91450147	harbor2	chr13	91292695	91292917	DNA/hAT-Charlie	931	-	111	91292806	42659
chr13	91250147	91450147	harbor2	chr13	91258546	91259078	DNA/hAT-Charlie	557	-	266	91258812	8665
chr13	99199216	99399216	harbor2	chr13	99226014	99226134	DNA/hAT-Charlie	414	-	60	99226074	26858
chr13	99199216	99399216	harbor2	chr13	99266272	99266482	DNA/hAT-Charlie	1403	-	105	99266377	67161
chr13	99199216	99399216	harbor2	chr13	99282029	99282256	DNA/hAT-Charlie	867	-	114	99282143	82927
chr13	67513368	67713368	harbor2	chr13	67544983	67545154	DNA/hAT-Charlie	694	-	86	67545069	31701
chr13	104925468	105125468	harbor2	chr13	104942444	104942607	DNA/hAT-Charlie	612	-	82	104942526	17058
chr13	104925468	105125468	harbor2	chr13	104961164	104961324	DNA/hAT-Charlie	557	-	80	104961244	35776
chr13	104925468	105125468	harbor2	chr13	104983546	104983735	DNA/hAT-Charlie	685	-	94	104983640	58172
chr13	78445507	78645507	harbor2	chr13	78448880	78449187	DNA/hAT-Charlie	1017	-	154	78449034	3527
chr13	78445507	78645507	harbor2	chr13	78461011	78461190	DNA/hAT-Charlie	421	-	90	78461101	15594
chr13	78445507	78645507	harbor2	chr13	78462606	78462816	DNA/hAT-Charlie	1109	-	105	78462711	17204
chr13	78445507	78645507	harbor2	chr13	78470157	78470419	DNA/hAT-Charlie	804	-	131	78470288	24781
chr13	78445507	78645507	harbor2	chr13	78495272	78495485	DNA/hAT-Charlie	805	-	106	78495378	49871
chr13	92841594	93041594	harbor2	chr13	92878462	92878766	DNA/hAT-Charlie	1088	-	152	92878614	37020
chr13	92841594	93041594	harbor2	chr13	92888111	92888231	DNA/hAT-Charlie	531	-	60	92888171	46577
chr13	38974059	39174059	harbor2	chr13	39030250	39030399	DNA/hAT-Charlie	516	-	74	39030324	56265
chr13	38974059	39174059	harbor2	chr13	39030847	39031008	DNA/hAT-Charlie	440	-	80	39030927	56868
chr13	38974059	39174059	harbor2	chr13	39031068	39031232	DNA/hAT-Charlie	604	-	82	39031150	57091
chr13	38974059	39174059	harbor2	chr13	39031779	39031963	DNA/hAT-Charlie	813	-	92	39031871	57812
chr13	53426796	53626796	harbor2	chr13	53430348	53430461	DNA/hAT-Charlie	549	-	56	53430404	3608
chr13	53426796	53626796	harbor2	chr13	53438892	53439112	DNA/hAT-Charlie	413	-	110	53439002	12206
chr13	53426796	53626796	harbor2	chr13	53446147	53446274	DNA/hAT-Charlie	440	-	64	53446211	19415
chr13	53426796	53626796	harbor2	chr13	53471222	53471451	DNA/hAT-Charlie	817	-	114	53471336	44540
chr13	80823054	81023054	harbor2	chr13	80898246	80898357	DNA/hAT-Charlie	439	-	56	80898302	75248
chr13	80150814	80350814	harbor2	chr13	80233649	80234179	DNA/hAT-Charlie	3633	-	265	80233914	83100
chr14	98937710	99137710	harbor2	chr14	98956707	98956917	DNA/hAT-Charlie	941	-	105	98956812	19102
chr14	98937710	99137710	harbor2	chr14	98998924	98999131	DNA/hAT-Charlie	850	-	104	98999028	61318
chr14	98937710	99137710	harbor2	chr14	99015153	99015601	DNA/hAT-Charlie	1202	-	224	99015377	77667
chr14	98937710	99137710	harbor2	chr14	99021638	99021869	DNA/hAT-Charlie	940	-	116	99021754	84044
chr14	98937710	99137710	harbor2	chr14	99023233	99023445	DNA/hAT-Charlie	419	-	106	99023339	85629
chr14	51413534	51613534	harbor2	chr14	51440908	51441100	DNA/hAT-Charlie	503	-	96	51441004	27470
chr14	51413534	51613534	harbor2	chr14	51450605	51450785	DNA/hAT-Charlie	643	-	90	51450695	37161
chr14	51413534	51613534	harbor2	chr14	51487417	51487561	DNA/hAT-Charlie	674	-	72	51487489	73955
chr14	51413534	51613534	harbor2	chr14	51497510	51497824	DNA/hAT-Charlie	1451	-	157	51497667	84133
chr14	96926824	97126824	harbor2	chr14	96956215	96956522	DNA/hAT-Charlie	1301	-	154	96956369	29545
chr14	96926824	97126824	harbor2	chr14	96970766	96970937	DNA/hAT-Charlie	561	-	86	96970852	44028
chr14	96926824	97126824	harbor2	chr14	96970975	96971162	DNA/hAT-Charlie	417	-	94	96971069	44245
chr14	96926824	97126824	harbor2	chr14	97026633	97026670	DNA/hAT-Charlie	684	-	18	97026651	99827
chr14	99071730	99271730	harbor2	chr14	99141851	99141897	DNA/hAT-Charlie	451	-	23	99141874	70144
chr14	99071730	99271730	harbor2	chr14	99142474	99142557	DNA/hAT-Charlie	451	-	42	99142516	70786
chr14	99071730	99271730	harbor2	chr14	99142844	99142986	DNA/hAT-Charlie	451	-	71	99142915	71185
chr14	99071730	99271730	harbor2	chr14	99155144	99155602	DNA/hAT-Charlie	890	-	229	99155373	83643
chr14	99071730	99271730	harbor2	chr14	99168934	99169103	DNA/hAT-Charlie	724	-	84	99169018	97288
chr14	97477268	97677268	harbor2	chr14	97497775	97497959	DNA/hAT-Charlie	876	-	92	97497867	20599
chr14	97477268	97677268	harbor2	chr14	97501029	97501162	DNA/hAT-Charlie	635	-	66	97501095	23827
chr14	97477268	97677268	harbor2	chr14	97528817	97528964	DNA/hAT-Charlie	584	-	74	97528891	51623
chr14	97477268	97677268	harbor2	chr14	97545379	97545859	DNA/hAT-Charlie	3105	-	240	97545619	68351
chr14	100190946	100390946	harbor2	chr14	100199646	100199792	DNA/hAT-Charlie	607	-	73	100199719	8773
chr14	77320508	77520508	harbor2	chr14	77323112	77323334	DNA/hAT-Charlie	795	-	111	77323223	2715
chr14	77320508	77520508	harbor2	chr14	77323630	77323757	DNA/hAT-Charlie	795	-	64	77323694	3186
chr14	77320508	77520508	harbor2	chr14	77356974	77357157	DNA/hAT-Charlie	636	-	92	77357066	36558
chr14	77320508	77520508	harbor2	chr14	77374357	77374563	DNA/hAT-Charlie	954	-	103	77374460	53952
chr14	77320508	77520508	harbor2	chr14	77386445	77386495	DNA/hAT-Charlie	1190	-	25	77386470	65962
chr14	77320508	77520508	harbor2	chr14	77386647	77387150	DNA/hAT-Charlie	1190	-	252	77386899	66391
chr14	77320508	77520508	harbor2	chr14	77387463	77387545	DNA/hAT-Charlie	1190	-	41	77387504	66996
chr14	31214421	31414421	harbor2	chr14	31245801	31245935	DNA/hAT-Charlie	490	-	67	31245868	31447
chr14	31214421	31414421	harbor2	chr14	31246244	31246288	DNA/hAT-Charlie	490	-	22	31246266	31845
chr14	102379944	102579944	harbor2	chr14	102409676	102409815	DNA/hAT-Charlie	1282	-	70	102409746	29802
chr14	102379944	102579944	harbor2	chr14	102410108	102410289	DNA/hAT-Charlie	1282	-	90	102410198	30254
chr14	102379944	102579944	harbor2	chr14	102411728	102412123	DNA/hAT-Charlie	2982	-	198	102411926	31982
chr14	102379944	102579944	harbor2	chr14	102412428	102412786	DNA/hAT-Charlie	2982	-	179	102412607	32663
chr14	32485606	32685606	harbor2	chr14	32501056	32501342	DNA/hAT-Charlie	896	-	143	32501199	15593
chr14	32485606	32685606	harbor2	chr14	32559187	32559513	DNA/hAT-Charlie	849	-	163	32559350	73744
chr14	97118492	97318492	harbor2	chr14	97124789	97124971	DNA/hAT-Charlie	1603	-	91	97124880	6388
chr14	97118492	97318492	harbor2	chr14	97124310	97124470	DNA/hAT-Charlie	1603	-	80	97124390	5898
chr14	104604515	104804515	harbor2	chr14	104649574	104650142	DNA/hAT-Charlie	1127	-	284	104649858	45343
chr14	104604515	104804515	harbor2	chr14	104663225	104663298	DNA/hAT-Charlie	765	-	36	104663261	58746
chr14	104604515	104804515	harbor2	chr14	104663581	104663879	DNA/hAT-Charlie	765	-	149	104663730	59215
chr14	88698893	88898893	harbor2	chr14	88727068	88727392	DNA/hAT-Charlie	1580	-	162	88727230	28337
chr14	88698893	88898893	harbor2	chr14	88735131	88735302	DNA/hAT-Charlie	766	-	86	88735217	36324
chr14	88698893	88898893	harbor2	chr14	88768847	88768978	DNA/hAT-Charlie	774	-	66	88768913	70020
chr14	88698893	88898893	harbor2	chr14	88773774	88773836	DNA/hAT-Charlie	632	-	31	88773805	74912
chr14	88698893	88898893	harbor2	chr14	88774147	88774286	DNA/hAT-Charlie	632	-	70	88774217	75324
chr14	88389482	88589482	harbor2	chr14	88416931	88417130	DNA/hAT-Charlie	848	-	100	88417031	27549
chr14	88389482	88589482	harbor2	chr14	88454927	88455094	DNA/hAT-Charlie	811	-	84	88455011	65529
chr14	50440236	50640236	harbor2	chr14	50446689	50446964	DNA/hAT-Charlie	1424	-	138	50446827	6591
chr14	50440236	50640236	harbor2	chr14	50481685	50481892	DNA/hAT-Charlie	484	-	104	50481789	41553
chr14	75249928	75449928	harbor2	chr14	75263253	75263378	DNA/hAT-Charlie	742	-	62	75263315	13387
chr14	75249928	75449928	harbor2	chr14	75263685	75263784	DNA/hAT-Charlie	742	-	50	75263735	13807
chr14	75249928	75449928	harbor2	chr14	75303147	75303192	DNA/hAT-Charlie	577	-	22	75303169	53241
chr14	75249928	75449928	harbor2	chr14	75303512	75303625	DNA/hAT-Charlie	577	-	56	75303568	53640
chr14	75697845	75897845	harbor2	chr14	75708874	75709085	DNA/hAT-Charlie	1493	-	106	75708980	11135
chr14	75697845	75897845	harbor2	chr14	75736407	75736720	DNA/hAT-Charlie	872	-	156	75736563	38718
chr14	75697845	75897845	harbor2	chr14	75754607	75754938	DNA/hAT-Charlie	1153	-	166	75754773	56928
chr14	75697845	75897845	harbor2	chr14	75779017	75779206	DNA/hAT-Charlie	446	-	94	75779111	81266
chr14	75697845	75897845	harbor2	chr14	75780219	75780384	DNA/hAT-Charlie	478	-	82	75780301	82456
chr14	99644325	99844325	harbor2	chr14	99677947	99678300	DNA/hAT-Charlie	2113	-	176	99678123	33798
chr14	99644325	99844325	harbor2	chr14	99680305	99680463	DNA/hAT-Charlie	530	-	79	99680384	36059
chr14	99644325	99844325	harbor2	chr14	99680480	99680646	DNA/hAT-Charlie	1377	-	83	99680563	36238
chr14	99644325	99844325	harbor2	chr14	99680958	99681097	DNA/hAT-Charlie	1377	-	70	99681028	36703
chr14	85715869	85915869	harbor2	chr14	85741331	85741458	DNA/hAT-Charlie	514	-	64	85741395	25526
chr14	91579399	91779399	harbor2	chr14	91618846	91618965	DNA/hAT-Charlie	606	-	60	91618906	39507
chr14	84307883	84507883	harbor2	chr14	84381312	84381651	DNA/hAT-Charlie	2165	-	170	84381482	73599
chr14	84307883	84507883	harbor2	chr14	84396922	84397278	DNA/hAT-Charlie	1515	-	178	84397100	89217
chr14	84307883	84507883	harbor2	chr14	84397287	84397404	DNA/hAT-Charlie	499	-	58	84397345	89462
chr14	81685860	81885860	harbor2	chr14	81691163	81691387	DNA/hAT-Charlie	762	-	112	81691275	5415
chr14	81685860	81885860	harbor2	chr14	81723557	81723733	DNA/hAT-Charlie	1023	-	88	81723645	37785
chr14	65125635	65325635	harbor2	chr14	65130412	65130502	DNA/hAT-Charlie	1361	-	45	65130457	4822
chr14	65125635	65325635	harbor2	chr14	65131198	65131414	DNA/hAT-Charlie	1361	-	108	65131306	5671
chr14	65125635	65325635	harbor2	chr14	65165941	65166125	DNA/hAT-Charlie	517	-	92	65166033	40398
chr14	65125635	65325635	harbor2	chr14	65209384	65209507	DNA/hAT-Charlie	454	-	62	65209446	83811
chr14	67474324	67674324	harbor2	chr14	67558770	67558943	DNA/hAT-Charlie	996	-	86	67558856	84532
chr14	76704239	76904239	harbor2	chr14	76780529	76780803	DNA/hAT-Charlie	731	-	137	76780666	76427
chr14	56366193	56566193	harbor2	chr14	56423337	56423660	DNA/hAT-Charlie	807	-	162	56423499	57306
chr14	93021646	93221646	harbor2	chr14	93071425	93072011	DNA/hAT-Charlie	2590	-	293	93071718	50072
chr14	93021646	93221646	harbor2	chr14	93072331	93072609	DNA/hAT-Charlie	2590	-	139	93072470	50824
chr14	93021646	93221646	harbor2	chr14	93072878	93072979	DNA/hAT-Charlie	2590	-	50	93072928	51282
chr14	37948693	38148693	harbor2	chr14	38001716	38001867	DNA/hAT-Charlie	809	-	76	38001792	53099
chr14	39445548	39645548	harbor2	chr14	39507636	39507748	DNA/hAT-Charlie	430	-	56	39507692	62144
chr14	28573598	28773598	harbor2	chr14	28611780	28611993	DNA/hAT-Charlie	582	-	106	28611886	38288
chr14	28573598	28773598	harbor2	chr14	28652544	28653048	DNA/hAT-Charlie	721	-	252	28652796	79198
chr14	88008196	88208196	harbor2	chr14	88019131	88019273	DNA/hAT-Charlie	704	-	71	88019202	11006
chr14	88008196	88208196	harbor2	chr14	88019625	88019738	DNA/hAT-Charlie	597	-	56	88019681	11485
chr14	95402955	95602955	harbor2	chr14	95412825	95413111	DNA/hAT-Charlie	439	-	143	95412968	10013
chr14	95402955	95602955	harbor2	chr14	95456394	95456599	DNA/hAT-Charlie	608	-	102	95456496	53541
chr14	95402955	95602955	harbor2	chr14	95459046	95459290	DNA/hAT-Charlie	804	-	122	95459168	56213
chr14	95402955	95602955	harbor2	chr14	95478662	95478851	DNA/hAT-Charlie	692	-	94	95478756	75801
chr14	95402955	95602955	harbor2	chr14	95484892	95485061	DNA/hAT-Charlie	790	-	84	95484976	82021
chr14	95402955	95602955	harbor2	chr14	95497616	95497828	DNA/hAT-Charlie	1162	-	106	95497722	94767
chr14	96131970	96331970	harbor2	chr14	96159556	96159917	DNA/hAT-Charlie	817	-	180	96159736	27766
chr14	84321665	84521665	harbor2	chr14	84381312	84381651	DNA/hAT-Charlie	2165	-	170	84381482	59817
chr14	84321665	84521665	harbor2	chr14	84396922	84397278	DNA/hAT-Charlie	1515	-	178	84397100	75435
chr14	84321665	84521665	harbor2	chr14	84397287	84397404	DNA/hAT-Charlie	499	-	58	84397345	75680
chr14	41464122	41664122	harbor2	chr14	41547735	41547949	DNA/hAT-Charlie	895	-	107	41547842	83720
chr14	89180055	89380055	harbor2	chr14	89254480	89254709	DNA/hAT-Charlie	714	-	114	89254594	74539
chr14	56358541	56558541	harbor2	chr14	56423337	56423660	DNA/hAT-Charlie	807	-	162	56423499	64958
chr14	104840071	105040071	harbor2	chr14	104870086	104870374	DNA/hAT-Charlie	826	-	144	104870230	30159
chr14	72897480	73097480	harbor2	chr14	72932696	72932735	DNA/hAT-Charlie	1053	-	20	72932716	35236
chr14	72897480	73097480	harbor2	chr14	72933039	72933231	DNA/hAT-Charlie	1053	-	96	72933135	35655
chr14	57400611	57600611	harbor2	chr14	57408693	57408902	DNA/hAT-Charlie	927	-	104	57408797	8186
chr14	57400611	57600611	harbor2	chr14	57479504	57479643	DNA/hAT-Charlie	694	-	70	57479574	78963
chr14	57400611	57600611	harbor2	chr14	57479694	57479861	DNA/hAT-Charlie	724	-	84	57479778	79167
chr14	103053313	103253313	harbor2	chr14	103061519	103061729	DNA/hAT-Charlie	1108	-	105	103061624	8311
chr14	42445812	42645812	harbor2	chr14	42481042	42481340	DNA/hAT-Charlie	1541	-	149	42481191	35379
chr14	80194044	80394044	harbor2	chr14	80244141	80244361	DNA/hAT-Charlie	842	-	110	80244251	50207
chr14	80194044	80394044	harbor2	chr14	80232271	80232478	DNA/hAT-Charlie	1009	-	104	80232375	38331
chr14	94284035	94484035	harbor2	chr14	94294139	94294526	DNA/hAT-Charlie	1166	-	194	94294333	10298
chr14	94284035	94484035	harbor2	chr14	94346749	94346910	DNA/hAT-Charlie	673	-	80	94346829	62794
chr14	94284035	94484035	harbor2	chr14	94355769	94355976	DNA/hAT-Charlie	533	-	104	94355873	71838
chr14	103311828	103511828	harbor2	chr14	103319439	103319614	DNA/hAT-Charlie	427	-	88	103319527	7699
chr14	103311828	103511828	harbor2	chr14	103390487	103390704	DNA/hAT-Charlie	1453	-	108	103390595	78767
chr14	103311828	103511828	harbor2	chr14	103392340	103392505	DNA/hAT-Charlie	733	-	82	103392422	80594
chr14	61605186	61805186	harbor2	chr14	61634405	61634560	DNA/hAT-Charlie	497	-	78	61634483	29297
chr14	91308738	91508738	harbor2	chr14	91315281	91315477	DNA/hAT-Charlie	750	-	98	91315379	6641
chr14	91308738	91508738	harbor2	chr14	91329890	91330076	DNA/hAT-Charlie	637	-	93	91329983	21245
chr14	91308738	91508738	harbor2	chr14	91342807	91342967	DNA/hAT-Charlie	1239	-	80	91342887	34149
chr14	91308738	91508738	harbor2	chr14	91343258	91343329	DNA/hAT-Charlie	1239	-	36	91343294	34556
chr14	91308738	91508738	harbor2	chr14	91349936	91350083	DNA/hAT-Charlie	555	-	74	91350010	41272
chr14	91308738	91508738	harbor2	chr14	91363110	91363274	DNA/hAT-Charlie	556	-	82	91363192	54454
chr14	91308738	91508738	harbor2	chr14	91363411	91363544	DNA/hAT-Charlie	708	-	66	91363477	54739
chr14	91308738	91508738	harbor2	chr14	91382144	91382328	DNA/hAT-Charlie	650	-	92	91382236	73498
chr14	91308738	91508738	harbor2	chr14	91404454	91404600	DNA/hAT-Charlie	473	-	73	91404527	95789
chr14	27997397	28197397	harbor2	chr14	28013563	28013719	DNA/hAT-Charlie	760	-	78	28013641	16244
chr14	27997397	28197397	harbor2	chr14	28076744	28076921	DNA/hAT-Charlie	664	-	88	28076832	79435
chr14	89826324	90026324	harbor2	chr14	89843148	89844483	DNA/hAT-Charlie	5894	-	668	89843816	17492
chr14	89826324	90026324	harbor2	chr14	89921463	89921618	DNA/hAT-Charlie	750	-	78	89921541	95217
chr14	99231684	99431684	harbor2	chr14	99309621	99310036	DNA/hAT-Charlie	2501	-	208	99309829	78145
chr14	84529393	84729393	harbor2	chr14	84534711	84534845	DNA/hAT-Charlie	430	-	67	84534778	5385
chr14	84529393	84729393	harbor2	chr14	84542708	84542858	DNA/hAT-Charlie	545	-	75	84542783	13390
chr14	104850085	105050085	harbor2	chr14	104870086	104870374	DNA/hAT-Charlie	826	-	144	104870230	20145
chr14	100117316	100317316	harbor2	chr14	100199646	100199792	DNA/hAT-Charlie	607	-	73	100199719	82403
chr14	103037678	103237678	harbor2	chr14	103061519	103061729	DNA/hAT-Charlie	1108	-	105	103061624	23946
chr14	86539700	86739700	harbor2	chr14	86622140	86622372	DNA/hAT-Charlie	716	-	116	86622256	82556
chr14	97225595	97425595	harbor2	chr14	97230749	97230930	DNA/hAT-Charlie	847	-	90	97230839	5244
chr14	97225595	97425595	harbor2	chr14	97231790	97231938	DNA/hAT-Charlie	697	-	74	97231864	6269
chr14	97225595	97425595	harbor2	chr14	97240002	97240063	DNA/hAT-Charlie	458	-	30	97240032	14437
chr14	97225595	97425595	harbor2	chr14	97240384	97240494	DNA/hAT-Charlie	458	-	55	97240439	14844
chr14	97225595	97425595	harbor2	chr14	97272140	97272330	DNA/hAT-Charlie	534	-	95	97272235	46640
chr14	97225595	97425595	harbor2	chr14	97306316	97306475	DNA/hAT-Charlie	444	-	80	97306396	80801
chr14	97225595	97425595	harbor2	chr14	97321815	97321992	DNA/hAT-Charlie	667	-	88	97321903	96308
chr14	67725211	67925211	harbor2	chr14	67776318	67776531	DNA/hAT-Charlie	832	-	106	67776424	51213
chr14	86731096	86931096	harbor2	chr14	86802903	86803109	DNA/hAT-Charlie	612	-	103	86803006	71910
chr14	106266532	106466532	harbor2	chr14	106275307	106275479	DNA/hAT-Charlie	1466	-	86	106275393	8861
chr14	106266532	106466532	harbor2	chr14	106275578	106275740	DNA/hAT-Charlie	1466	-	81	106275659	9127
chr14	72141644	72341644	harbor2	chr14	72155942	72156095	DNA/hAT-Charlie	740	-	76	72156018	14374
chr14	72141644	72341644	harbor2	chr14	72189037	72189222	DNA/hAT-Charlie	832	-	92	72189129	47485
chr14	74075768	74275768	harbor2	chr14	74122502	74122585	DNA/hAT-Charlie	438	-	42	74122544	46776
chr14	74075768	74275768	harbor2	chr14	74122898	74122984	DNA/hAT-Charlie	438	-	43	74122941	47173
chr14	74075768	74275768	harbor2	chr14	74142514	74142668	DNA/hAT-Charlie	653	-	77	74142591	66823
chr14	78107797	78307797	harbor2	chr14	78128995	78129158	DNA/hAT-Charlie	434	-	82	78129077	21280
chr14	78107797	78307797	harbor2	chr14	78163698	78163835	DNA/hAT-Charlie	422	-	68	78163766	55969
chr14	106198434	106398434	harbor2	chr14	106275307	106275479	DNA/hAT-Charlie	1466	-	86	106275393	76959
chr14	106198434	106398434	harbor2	chr14	106275578	106275740	DNA/hAT-Charlie	1466	-	81	106275659	77225
chr14	90418717	90618717	harbor2	chr14	90464768	90464930	DNA/hAT-Charlie	663	-	81	90464849	46132
chr14	90418717	90618717	harbor2	chr14	90466987	90467154	DNA/hAT-Charlie	469	-	84	90467071	48354
chr14	90418717	90618717	harbor2	chr14	90488885	90489078	DNA/hAT-Charlie	1078	-	96	90488981	70264
chr14	90418717	90618717	harbor2	chr14	90506793	90507012	DNA/hAT-Charlie	1106	-	110	90506903	88186
chr14	90418717	90618717	harbor2	chr14	90517129	90517301	DNA/hAT-Charlie	674	-	86	90517215	98498
chr14	71954555	72154555	harbor2	chr14	71991805	71992003	DNA/hAT-Charlie	915	-	99	71991904	37349
chr14	71954555	72154555	harbor2	chr14	71998796	71998948	DNA/hAT-Charlie	544	-	76	71998872	44317
chr14	85416455	85616455	harbor2	chr14	85418432	85418746	DNA/hAT-Charlie	1295	-	157	85418589	2134
chr14	85416455	85616455	harbor2	chr14	85462383	85462515	DNA/hAT-Charlie	471	-	66	85462449	45994
chr14	85416455	85616455	harbor2	chr14	85496380	85497000	DNA/hAT-Charlie	1285	-	310	85496690	80235
chr14	73553767	73753767	harbor2	chr14	73626166	73626388	DNA/hAT-Charlie	1480	-	111	73626277	72510
chr14	94861120	95061120	harbor2	chr14	94954809	94955020	DNA/hAT-Charlie	883	-	106	94954915	93795
chr14	94861120	95061120	harbor2	chr14	94955327	94956280	DNA/hAT-Charlie	4415	-	476	94955803	94683
chr14	76693222	76893222	harbor2	chr14	76780529	76780803	DNA/hAT-Charlie	731	-	137	76780666	87444
chr14	85579658	85779658	harbor2	chr14	85590068	85590273	DNA/hAT-Charlie	646	-	102	85590170	10512
chr14	85579658	85779658	harbor2	chr14	85606863	85607135	DNA/hAT-Charlie	689	-	136	85606999	27341
chr14	95455982	95655982	harbor2	chr14	95456394	95456599	DNA/hAT-Charlie	608	-	102	95456496	514
chr14	95455982	95655982	harbor2	chr14	95459046	95459290	DNA/hAT-Charlie	804	-	122	95459168	3186
chr14	95455982	95655982	harbor2	chr14	95478662	95478851	DNA/hAT-Charlie	692	-	94	95478756	22774
chr14	95455982	95655982	harbor2	chr14	95484892	95485061	DNA/hAT-Charlie	790	-	84	95484976	28994
chr14	95455982	95655982	harbor2	chr14	95497616	95497828	DNA/hAT-Charlie	1162	-	106	95497722	41740
chr14	95455982	95655982	harbor2	chr14	95538679	95538914	DNA/hAT-Charlie	911	-	118	95538797	82815
chr14	93035290	93235290	harbor2	chr14	93071425	93072011	DNA/hAT-Charlie	2590	-	293	93071718	36428
chr14	93035290	93235290	harbor2	chr14	93072331	93072609	DNA/hAT-Charlie	2590	-	139	93072470	37180
chr14	93035290	93235290	harbor2	chr14	93072878	93072979	DNA/hAT-Charlie	2590	-	50	93072928	37638
chr14	93035290	93235290	harbor2	chr14	93129720	93129757	DNA/hAT-Charlie	664	-	18	93129738	94448
chr14	93035290	93235290	harbor2	chr14	93130054	93130167	DNA/hAT-Charlie	664	-	56	93130110	94820
chr14	94747755	94947755	harbor2	chr14	94759215	94759434	DNA/hAT-Charlie	1165	-	110	94759325	11570
chr14	94747755	94947755	harbor2	chr14	94794577	94794739	DNA/hAT-Charlie	535	-	81	94794658	46903
chr14	94747755	94947755	harbor2	chr14	94842710	94842826	DNA/hAT-Charlie	742	-	58	94842768	95013
chr14	74324589	74524589	harbor2	chr14	74353531	74353726	DNA/hAT-Charlie	535	-	98	74353629	29040
chr14	74324589	74524589	harbor2	chr14	74354112	74354411	DNA/hAT-Charlie	2055	-	150	74354262	29673
chr14	74324589	74524589	harbor2	chr14	74354703	74354859	DNA/hAT-Charlie	2055	-	78	74354781	30192
chr14	74324589	74524589	harbor2	chr14	74355162	74355497	DNA/hAT-Charlie	2055	-	168	74355330	30741
chr14	74324589	74524589	harbor2	chr14	74398577	74398806	DNA/hAT-Charlie	1226	-	114	74398691	74102
chr14	74324589	74524589	harbor2	chr14	74415293	74415475	DNA/hAT-Charlie	1003	-	91	74415384	90795
chr14	90123014	90323014	harbor2	chr14	90123870	90124030	DNA/hAT-Charlie	539	-	80	90123950	936
chr14	90123014	90323014	harbor2	chr14	90129365	90129541	DNA/hAT-Charlie	712	-	88	90129453	6439
chr14	90123014	90323014	harbor2	chr14	90187461	90187670	DNA/hAT-Charlie	793	-	104	90187565	64551
chr14	90123014	90323014	harbor2	chr14	90213105	90213281	DNA/hAT-Charlie	446	-	88	90213193	90179
chr14	98014989	98214989	harbor2	chr14	98029927	98030137	DNA/hAT-Charlie	862	-	105	98030032	15043
chr14	98014989	98214989	harbor2	chr14	98070286	98070383	DNA/hAT-Charlie	445	-	48	98070334	55345
chr14	98014989	98214989	harbor2	chr14	98091183	98091343	DNA/hAT-Charlie	556	-	80	98091263	76274
chr14	98014989	98214989	harbor2	chr14	98091525	98091695	DNA/hAT-Charlie	720	-	85	98091610	76621
chr14	98014989	98214989	harbor2	chr14	98111007	98111364	DNA/hAT-Charlie	2152	-	178	98111185	96196
chr14	57356937	57556937	harbor2	chr14	57408693	57408902	DNA/hAT-Charlie	927	-	104	57408797	51860
chr14	66211764	66411764	harbor2	chr14	66230876	66231091	DNA/hAT-Charlie	1260	-	108	66230984	19220
chr14	66211764	66411764	harbor2	chr14	66258075	66258257	DNA/hAT-Charlie	915	-	91	66258166	46402
chr14	87842251	88042251	harbor2	chr14	87897495	87897660	DNA/hAT-Charlie	552	-	82	87897577	55326
chr14	87842251	88042251	harbor2	chr14	87917435	87917580	DNA/hAT-Charlie	780	-	72	87917507	75256
chr14	87842251	88042251	harbor2	chr14	87942118	87942292	DNA/hAT-Charlie	696	-	87	87942205	99954
chr14	88986589	89186589	harbor2	chr14	88994183	88994306	DNA/hAT-Charlie	436	-	62	88994245	7656
chr14	88986589	89186589	harbor2	chr14	89066395	89066568	DNA/hAT-Charlie	717	-	86	89066481	79892
chr14	88986589	89186589	harbor2	chr14	89076117	89076281	DNA/hAT-Charlie	451	-	82	89076199	89610
chr14	93723743	93923743	harbor2	chr14	93751844	93752043	DNA/hAT-Charlie	1152	-	100	93751944	28201
chr14	93723743	93923743	harbor2	chr14	93752881	93753039	DNA/hAT-Charlie	827	-	79	93752960	29217
chr14	93723743	93923743	harbor2	chr14	93759226	93759405	DNA/hAT-Charlie	735	-	90	93759316	35573
chr14	102529878	102729878	harbor2	chr14	102574414	102574740	DNA/hAT-Charlie	1783	-	163	102574577	44699
chr14	102529878	102729878	harbor2	chr14	102588021	102588117	DNA/hAT-Charlie	459	-	48	102588069	58191
chr14	102529878	102729878	harbor2	chr14	102588421	102588688	DNA/hAT-Charlie	459	-	134	102588555	58677
chr14	102529878	102729878	harbor2	chr14	102610305	102610512	DNA/hAT-Charlie	1011	-	104	102610409	80531
chr14	50034455	50234455	harbor2	chr14	50070230	50070366	DNA/hAT-Charlie	651	-	68	50070298	35843
chr14	50034455	50234455	harbor2	chr14	50089236	50089518	DNA/hAT-Charlie	1410	-	141	50089377	54922
chr14	58040784	58240784	harbor2	chr14	58046751	58046964	DNA/hAT-Charlie	629	-	106	58046857	6073
chr14	58040784	58240784	harbor2	chr14	58078610	58078830	DNA/hAT-Charlie	1146	-	110	58078720	37936
chr14	58040784	58240784	harbor2	chr14	58130887	58131057	DNA/hAT-Charlie	520	-	85	58130972	90188
chr14	58040784	58240784	harbor2	chr14	58131072	58131403	DNA/hAT-Charlie	1868	-	166	58131238	90454
chr14	58040784	58240784	harbor2	chr14	58137160	58137361	DNA/hAT-Charlie	960	-	100	58137260	96476
chr14	86258141	86458141	harbor2	chr14	86276274	86276400	DNA/hAT-Charlie	488	-	63	86276337	18196
chr14	76368307	76568307	harbor2	chr14	76402293	76402445	DNA/hAT-Charlie	478	-	76	76402369	34062
chr14	90296087	90496087	harbor2	chr14	90311678	90311834	DNA/hAT-Charlie	1077	-	78	90311756	15669
chr14	90296087	90496087	harbor2	chr14	90335081	90335226	DNA/hAT-Charlie	521	-	72	90335153	39066
chr14	90296087	90496087	harbor2	chr14	90354919	90355274	DNA/hAT-Charlie	1966	-	178	90355097	59010
chr14	33233205	33433205	harbor2	chr14	33243385	33243563	DNA/hAT-Charlie	1011	-	89	33243474	10269
chr14	33233205	33433205	harbor2	chr14	33279033	33279217	DNA/hAT-Charlie	1047	-	92	33279125	45920
chr14	23704653	23904653	harbor2	chr14	23769252	23769604	DNA/hAT-Charlie	2376	-	176	23769428	64775
chr14	23704653	23904653	harbor2	chr14	23778403	23778565	DNA/hAT-Charlie	989	-	81	23778484	73831
chr15	99311315	99511315	harbor2	chr15	99332515	99332714	DNA/hAT-Charlie	1041	-	100	99332615	21300
chr15	80116329	80316329	harbor2	chr15	80116324	80117227	DNA/hAT-Charlie	2158	-	452	80116776	447
chr15	80116329	80316329	harbor2	chr15	80189095	80189321	DNA/hAT-Charlie	569	-	113	80189208	72879
chr15	80116329	80316329	harbor2	chr15	80196115	80196214	DNA/hAT-Charlie	452	-	50	80196165	79836
chr15	80116329	80316329	harbor2	chr15	80199204	80199362	DNA/hAT-Charlie	624	-	79	80199283	82954
chr15	80116329	80316329	harbor2	chr15	80117522	80117934	DNA/hAT-Charlie	2158	-	206	80117728	1399
chr15	101834199	102034199	harbor2	chr15	101845278	101845500	DNA/hAT-Charlie	1030	-	111	101845389	11190
chr15	101834199	102034199	harbor2	chr15	101850398	101850611	DNA/hAT-Charlie	1015	-	106	101850504	16305
chr15	101834199	102034199	harbor2	chr15	101850634	101850703	DNA/hAT-Charlie	409	-	34	101850668	16469
chr15	78083912	78283912	harbor2	chr15	78089087	78089503	DNA/hAT-Charlie	1711	-	208	78089295	5383
chr15	78083912	78283912	harbor2	chr15	78133296	78133454	DNA/hAT-Charlie	518	-	79	78133375	49463
chr15	100031046	100231046	harbor2	chr15	100044760	100044807	DNA/hAT-Charlie	495	-	24	100044784	13738
chr15	100031046	100231046	harbor2	chr15	100045107	100045390	DNA/hAT-Charlie	495	-	142	100045249	14203
chr15	100031046	100231046	harbor2	chr15	100056362	100056722	DNA/hAT-Charlie	2055	-	180	100056542	25496
chr15	100031046	100231046	harbor2	chr15	100097615	100097798	DNA/hAT-Charlie	814	-	92	100097707	66661
chr15	100031046	100231046	harbor2	chr15	100118108	100118322	DNA/hAT-Charlie	1053	-	107	100118215	87169
chr15	100031046	100231046	harbor2	chr15	100130548	100130675	DNA/hAT-Charlie	588	-	64	100130612	99566
chr15	100417101	100617101	harbor2	chr15	100428443	100428642	DNA/hAT-Charlie	707	-	100	100428543	11442
chr15	100417101	100617101	harbor2	chr15	100430946	100431107	DNA/hAT-Charlie	584	-	80	100431026	13925
chr15	100417101	100617101	harbor2	chr15	100458902	100459155	DNA/hAT-Charlie	874	-	126	100459028	41927
chr15	76217764	76417764	harbor2	chr15	76236283	76236366	DNA/hAT-Charlie	438	-	42	76236325	18561
chr15	66058456	66258456	harbor2	chr15	66068289	66068470	DNA/hAT-Charlie	884	-	90	66068379	9923
chr15	66058456	66258456	harbor2	chr15	66069769	66069987	DNA/hAT-Charlie	1131	-	109	66069878	11422
chr15	66058456	66258456	harbor2	chr15	66128606	66128751	DNA/hAT-Charlie	566	-	72	66128678	70222
chr15	66058456	66258456	harbor2	chr15	66131621	66131837	DNA/hAT-Charlie	552	-	108	66131729	73273
chr15	66058456	66258456	harbor2	chr15	66141511	66141695	DNA/hAT-Charlie	808	-	92	66141603	83147
chr15	66058456	66258456	harbor2	chr15	66146544	66146763	DNA/hAT-Charlie	618	-	110	66146654	88198
chr15	61863291	62063291	harbor2	chr15	61884489	61886709	DNA/hAT-Charlie	9016	-	1110	61885599	22308
chr15	61863291	62063291	harbor2	chr15	61921445	61921880	DNA/hAT-Charlie	1537	-	218	61921663	58372
chr15	61863291	62063291	harbor2	chr15	61932629	61932818	DNA/hAT-Charlie	612	-	94	61932723	69432
chr15	61863291	62063291	harbor2	chr15	61952215	61952418	DNA/hAT-Charlie	899	-	102	61952317	89026
chr15	37339815	37539815	harbor2	chr15	37376198	37376540	DNA/hAT-Charlie	1465	-	171	37376369	36554
chr15	91466573	91666573	harbor2	chr15	91486876	91487067	DNA/hAT-Charlie	617	-	96	91486972	20399
chr15	91466573	91666573	harbor2	chr15	91511268	91511442	DNA/hAT-Charlie	547	-	87	91511355	44782
chr15	91466573	91666573	harbor2	chr15	91514298	91514436	DNA/hAT-Charlie	525	-	69	91514367	47794
chr15	91466573	91666573	harbor2	chr15	91549597	91549803	DNA/hAT-Charlie	731	-	103	91549700	83127
chr15	91466573	91666573	harbor2	chr15	91557425	91557651	DNA/hAT-Charlie	622	-	113	91557538	90965
chr15	43486840	43686840	harbor2	chr15	43489570	43489828	DNA/hAT-Charlie	597	-	129	43489699	2859
chr15	49430110	49630110	harbor2	chr15	49453404	49453578	DNA/hAT-Charlie	720	-	87	49453491	23381
chr15	49430110	49630110	harbor2	chr15	49506222	49506422	DNA/hAT-Charlie	756	-	100	49506322	76212
chr15	91724690	91924690	harbor2	chr15	91746095	91746298	DNA/hAT-Charlie	605	-	102	91746197	21507
chr15	91724690	91924690	harbor2	chr15	91746543	91746769	DNA/hAT-Charlie	3791	-	113	91746656	21966
chr15	91724690	91924690	harbor2	chr15	91747058	91747695	DNA/hAT-Charlie	3791	-	318	91747376	22686
chr15	91724690	91924690	harbor2	chr15	91790647	91790828	DNA/hAT-Charlie	701	-	90	91790737	66047
chr15	91724690	91924690	harbor2	chr15	91792348	91792560	DNA/hAT-Charlie	664	-	106	91792454	67764
chr15	47112285	47312285	harbor2	chr15	47112446	47112667	DNA/hAT-Charlie	1127	-	110	47112556	271
chr15	47112285	47312285	harbor2	chr15	47140784	47141214	DNA/hAT-Charlie	773	-	215	47140999	28714
chr15	47112285	47312285	harbor2	chr15	47141240	47141393	DNA/hAT-Charlie	817	-	76	47141316	29031
chr15	47112285	47312285	harbor2	chr15	47141763	47142056	DNA/hAT-Charlie	817	-	146	47141909	29624
chr15	47112285	47312285	harbor2	chr15	47142053	47142369	DNA/hAT-Charlie	766	-	158	47142211	29926
chr15	64870675	65070675	harbor2	chr15	64888937	64889200	DNA/hAT-Charlie	1457	-	132	64889069	18394
chr15	64870675	65070675	harbor2	chr15	64889326	64889441	DNA/hAT-Charlie	452	-	58	64889384	18709
chr15	64870675	65070675	harbor2	chr15	64890061	64890163	DNA/hAT-Charlie	452	-	51	64890112	19437
chr15	64870675	65070675	harbor2	chr15	64908944	64909091	DNA/hAT-Charlie	1951	-	74	64909018	38343
chr15	64870675	65070675	harbor2	chr15	64909382	64909584	DNA/hAT-Charlie	1951	-	101	64909483	38808
chr15	65809653	66009653	harbor2	chr15	65866042	65866241	DNA/hAT-Charlie	1085	-	100	65866142	56489
chr15	83186874	83386874	harbor2	chr15	83201152	83201406	DNA/hAT-Charlie	703	-	127	83201279	14405
chr15	83186874	83386874	harbor2	chr15	83249844	83249990	DNA/hAT-Charlie	478	-	73	83249917	63043
chr15	83186874	83386874	harbor2	chr15	83267516	83267653	DNA/hAT-Charlie	806	-	68	83267584	80710
chr15	83186874	83386874	harbor2	chr15	83267848	83267895	DNA/hAT-Charlie	806	-	24	83267872	80998
chr15	83186874	83386874	harbor2	chr15	83272800	83273004	DNA/hAT-Charlie	951	-	102	83272902	86028
chr15	83186874	83386874	harbor2	chr15	83274075	83274102	DNA/hAT-Charlie	899	-	14	83274089	87215
chr15	83186874	83386874	harbor2	chr15	83274406	83274541	DNA/hAT-Charlie	899	-	68	83274474	87600
chr15	50873935	51073935	harbor2	chr15	50881236	50881402	DNA/hAT-Charlie	920	-	83	50881319	7384
chr15	50873935	51073935	harbor2	chr15	50899784	50899951	DNA/hAT-Charlie	610	-	84	50899868	25933
chr15	50873935	51073935	harbor2	chr15	50900252	50900320	DNA/hAT-Charlie	610	-	34	50900286	26351
chr15	50873935	51073935	harbor2	chr15	50900512	50900635	DNA/hAT-Charlie	2293	-	62	50900574	26639
chr15	50873935	51073935	harbor2	chr15	50901101	50901308	DNA/hAT-Charlie	2293	-	104	50901205	27270
chr15	50873935	51073935	harbor2	chr15	50902295	50902584	DNA/hAT-Charlie	2293	-	144	50902439	28504
chr15	50873935	51073935	harbor2	chr15	50903112	50903168	DNA/hAT-Charlie	5188	-	28	50903140	29205
chr15	50873935	51073935	harbor2	chr15	50903771	50903847	DNA/hAT-Charlie	5188	-	38	50903809	29874
chr15	50873935	51073935	harbor2	chr15	50904157	50904580	DNA/hAT-Charlie	5188	-	212	50904369	30434
chr15	50873935	51073935	harbor2	chr15	50906094	50906114	DNA/hAT-Charlie	5188	-	10	50906104	32169
chr15	50873935	51073935	harbor2	chr15	50906421	50906447	DNA/hAT-Charlie	5188	-	13	50906434	32499
chr15	50873935	51073935	harbor2	chr15	50906738	50906966	DNA/hAT-Charlie	5188	-	114	50906852	32917
chr15	50873935	51073935	harbor2	chr15	50907542	50907841	DNA/hAT-Charlie	5188	-	150	50907692	33757
chr15	50873935	51073935	harbor2	chr15	50931238	50931287	DNA/hAT-Charlie	1211	-	24	50931262	57327
chr15	50873935	51073935	harbor2	chr15	50931593	50931857	DNA/hAT-Charlie	1211	-	132	50931725	57790
chr15	50873935	51073935	harbor2	chr15	50939866	50940044	DNA/hAT-Charlie	827	-	89	50939955	66020
chr15	50873935	51073935	harbor2	chr15	50904884	50905505	DNA/hAT-Charlie	5188	-	310	50905194	31259
chr15	86962707	87162707	harbor2	chr15	86964224	86964306	DNA/hAT-Charlie	473	-	41	86964265	1558
chr15	86962707	87162707	harbor2	chr15	86964303	86964487	DNA/hAT-Charlie	970	-	92	86964395	1688
chr15	86962707	87162707	harbor2	chr15	87032745	87033048	DNA/hAT-Charlie	1169	-	152	87032897	70190
chr15	98423008	98623008	harbor2	chr15	98428871	98429001	DNA/hAT-Charlie	577	-	65	98428936	5928
chr15	98423008	98623008	harbor2	chr15	98457064	98457591	DNA/hAT-Charlie	4059	-	264	98457328	34320
chr15	98423008	98623008	harbor2	chr15	98471910	98472060	DNA/hAT-Charlie	648	-	75	98471985	48977
chr15	98423008	98623008	harbor2	chr15	98472069	98472185	DNA/hAT-Charlie	746	-	58	98472127	49119
chr15	98423008	98623008	harbor2	chr15	98511363	98511448	DNA/hAT-Charlie	497	-	42	98511405	88397
chr15	98423008	98623008	harbor2	chr15	98467645	98467861	DNA/hAT-Charlie	1222	-	108	98467753	44745
chr15	73165131	73365131	harbor2	chr15	73186796	73186953	DNA/hAT-Charlie	776	-	78	73186874	21743
chr15	73165131	73365131	harbor2	chr15	73187514	73187743	DNA/hAT-Charlie	764	-	114	73187628	22497
chr15	46402636	46602636	harbor2	chr15	46462255	46462611	DNA/hAT-Charlie	1196	-	178	46462433	59797
chr15	46402636	46602636	harbor2	chr15	46462735	46463225	DNA/hAT-Charlie	1263	-	245	46462980	60344
chr15	46402636	46602636	harbor2	chr15	46463562	46463780	DNA/hAT-Charlie	423	-	109	46463671	61035
chr15	46402636	46602636	harbor2	chr15	46464463	46464813	DNA/hAT-Charlie	525	-	175	46464638	62002
chr15	82760015	82960015	harbor2	chr15	82799738	82799865	DNA/hAT-Charlie	410	-	64	82799802	39787
chr15	72771118	72971118	harbor2	chr15	72773017	72773211	DNA/hAT-Charlie	1193	-	97	72773114	1996
chr15	72771118	72971118	harbor2	chr15	72805155	72805261	DNA/hAT-Charlie	538	-	53	72805208	34090
chr15	72771118	72971118	harbor2	chr15	72805549	72805679	DNA/hAT-Charlie	538	-	65	72805614	34496
chr15	72771118	72971118	harbor2	chr15	72820075	72820256	DNA/hAT-Charlie	468	-	90	72820165	49047
chr15	72771118	72971118	harbor2	chr15	72838105	72838700	DNA/hAT-Charlie	1517	-	298	72838403	67285
chr15	72771118	72971118	harbor2	chr15	72853976	72854223	DNA/hAT-Charlie	1119	-	124	72854100	82982
chr15	72771118	72971118	harbor2	chr15	72854232	72854362	DNA/hAT-Charlie	591	-	65	72854297	83179
chr15	74879453	75079453	harbor2	chr15	74908429	74908895	DNA/hAT-Charlie	2775	-	233	74908662	29209
chr15	74879453	75079453	harbor2	chr15	74916104	74916182	DNA/hAT-Charlie	529	-	39	74916143	36690
chr15	74879453	75079453	harbor2	chr15	74916476	74916516	DNA/hAT-Charlie	529	-	20	74916496	37043
chr15	74879453	75079453	harbor2	chr15	74916810	74916849	DNA/hAT-Charlie	529	-	20	74916830	37377
chr15	75694448	75894448	harbor2	chr15	75735780	75735977	DNA/hAT-Charlie	477	-	98	75735878	41430
chr15	75694448	75894448	harbor2	chr15	75754512	75754719	DNA/hAT-Charlie	967	-	104	75754616	60168
chr15	75694448	75894448	harbor2	chr15	75760795	75761104	DNA/hAT-Charlie	1448	-	154	75760949	66501
chr15	75694448	75894448	harbor2	chr15	75774136	75774290	DNA/hAT-Charlie	877	-	77	75774213	79765
chr15	79788996	79988996	harbor2	chr15	79850378	79850591	DNA/hAT-Charlie	1003	-	106	79850484	61488
chr15	32606916	32806916	harbor2	chr15	32616550	32616725	DNA/hAT-Charlie	839	-	88	32616638	9722
chr15	32606916	32806916	harbor2	chr15	32632154	32632307	DNA/hAT-Charlie	445	-	76	32632230	25314
chr15	32606916	32806916	harbor2	chr15	32661207	32661337	DNA/hAT-Charlie	767	-	65	32661272	54356
chr15	32606916	32806916	harbor2	chr15	32661645	32661705	DNA/hAT-Charlie	767	-	30	32661675	54759
chr15	32606916	32806916	harbor2	chr15	32705963	32706082	DNA/hAT-Charlie	445	-	60	32706023	99107
chr15	80548489	80748489	harbor2	chr15	80587226	80587449	DNA/hAT-Charlie	870	-	112	80587338	38849
chr15	80548489	80748489	harbor2	chr15	80620477	80620758	DNA/hAT-Charlie	1099	-	140	80620617	72128
chr15	80548489	80748489	harbor2	chr15	80630071	80630139	DNA/hAT-Charlie	743	-	34	80630105	81616
chr15	80548489	80748489	harbor2	chr15	80630850	80630963	DNA/hAT-Charlie	743	-	56	80630906	82417
chr15	80548489	80748489	harbor2	chr15	80631095	80631397	DNA/hAT-Charlie	619	-	151	80631246	82757
chr15	83873308	84073308	harbor2	chr15	83887232	83887434	DNA/hAT-Charlie	542	-	101	83887333	14025
chr15	83873308	84073308	harbor2	chr15	83889810	83890000	DNA/hAT-Charlie	566	-	95	83889905	16597
chr15	83873308	84073308	harbor2	chr15	83894308	83895308	DNA/hAT-Charlie	3005	-	500	83894808	21500
chr15	83873308	84073308	harbor2	chr15	83912173	83912471	DNA/hAT-Charlie	1404	-	149	83912322	39014
chr15	89623825	89823825	harbor2	chr15	89629861	89630042	DNA/hAT-Charlie	878	-	90	89629951	6126
chr15	31549396	31749396	harbor2	chr15	31562694	31562879	DNA/hAT-Charlie	869	-	92	31562786	13390
chr15	101215872	101415872	harbor2	chr15	101282330	101282916	DNA/hAT-Charlie	2424	-	293	101282623	66751
chr15	101215872	101415872	harbor2	chr15	101282959	101283265	DNA/hAT-Charlie	1065	-	153	101283112	67240
chr15	101215872	101415872	harbor2	chr15	101291360	101291600	DNA/hAT-Charlie	872	-	120	101291480	75608
chr15	101215872	101415872	harbor2	chr15	101300696	101300905	DNA/hAT-Charlie	1265	-	104	101300800	84928
chr15	74000853	74200853	harbor2	chr15	74029236	74029341	DNA/hAT-Charlie	698	-	52	74029288	28435
chr15	74000853	74200853	harbor2	chr15	74029649	74029806	DNA/hAT-Charlie	698	-	78	74029727	28874
chr15	74000853	74200853	harbor2	chr15	74039585	74039741	DNA/hAT-Charlie	550	-	78	74039663	38810
chr15	74000853	74200853	harbor2	chr15	74050538	74050853	DNA/hAT-Charlie	564	-	158	74050696	49843
chr15	59188238	59388238	harbor2	chr15	59203139	59203275	DNA/hAT-Charlie	598	-	68	59203207	14969
chr15	59188238	59388238	harbor2	chr15	59232282	59232440	DNA/hAT-Charlie	789	-	79	59232361	44123
chr15	59188238	59388238	harbor2	chr15	59255599	59255828	DNA/hAT-Charlie	1631	-	114	59255713	67475
chr15	59188238	59388238	harbor2	chr15	59269890	59270104	DNA/hAT-Charlie	839	-	107	59269997	81759
chr15	99993813	100193813	harbor2	chr15	100019607	100019779	DNA/hAT-Charlie	487	-	86	100019693	25880
chr15	99993813	100193813	harbor2	chr15	100044760	100044807	DNA/hAT-Charlie	495	-	24	100044784	50971
chr15	99993813	100193813	harbor2	chr15	100045107	100045390	DNA/hAT-Charlie	495	-	142	100045249	51436
chr15	99993813	100193813	harbor2	chr15	100056362	100056722	DNA/hAT-Charlie	2055	-	180	100056542	62729
chr15	53241676	53441676	harbor2	chr15	53262712	53262885	DNA/hAT-Charlie	420	-	86	53262798	21122
chr15	64792502	64992502	harbor2	chr15	64814800	64814976	DNA/hAT-Charlie	431	-	88	64814888	22386
chr15	64792502	64992502	harbor2	chr15	64834647	64834819	DNA/hAT-Charlie	716	-	86	64834733	42231
chr15	64792502	64992502	harbor2	chr15	64852454	64852610	DNA/hAT-Charlie	688	-	78	64852532	60030
chr15	64792502	64992502	harbor2	chr15	64852840	64852865	DNA/hAT-Charlie	591	-	12	64852852	60350
chr15	64792502	64992502	harbor2	chr15	64853162	64853264	DNA/hAT-Charlie	591	-	51	64853213	60711
chr15	64792502	64992502	harbor2	chr15	64853594	64853668	DNA/hAT-Charlie	591	-	37	64853631	61129
chr15	64792502	64992502	harbor2	chr15	64888937	64889200	DNA/hAT-Charlie	1457	-	132	64889069	96567
chr15	64792502	64992502	harbor2	chr15	64889326	64889441	DNA/hAT-Charlie	452	-	58	64889384	96882
chr15	64792502	64992502	harbor2	chr15	64890061	64890163	DNA/hAT-Charlie	452	-	51	64890112	97610
chr15	49478674	49678674	harbor2	chr15	49506222	49506422	DNA/hAT-Charlie	756	-	100	49506322	27648
chr15	49478674	49678674	harbor2	chr15	49575214	49575561	DNA/hAT-Charlie	1359	-	174	49575388	96714
chr15	49478674	49678674	harbor2	chr15	49575562	49575676	DNA/hAT-Charlie	473	-	57	49575619	96945
chr15	101001079	101201079	harbor2	chr15	101046389	101046560	DNA/hAT-Charlie	717	-	86	101046475	45396
chr15	101001079	101201079	harbor2	chr15	101096930	101097456	DNA/hAT-Charlie	3748	-	263	101097193	96114
chr15	100818455	101018455	harbor2	chr15	100871595	100871747	DNA/hAT-Charlie	613	-	76	100871671	53216
chr15	100818455	101018455	harbor2	chr15	100888023	100888086	DNA/hAT-Charlie	662	-	32	100888055	69600
chr15	100818455	101018455	harbor2	chr15	100888409	100888563	DNA/hAT-Charlie	662	-	77	100888486	70031
chr15	100818455	101018455	harbor2	chr15	100912813	100912876	DNA/hAT-Charlie	1088	-	32	100912845	94390
chr15	100818455	101018455	harbor2	chr15	100913176	100913220	DNA/hAT-Charlie	1088	-	22	100913198	94743
chr15	100818455	101018455	harbor2	chr15	100913712	100913810	DNA/hAT-Charlie	1088	-	49	100913761	95306
chr15	85094668	85294668	harbor2	chr15	85166484	85166905	DNA/hAT-Charlie	1748	-	210	85166694	72026
chr15	85094668	85294668	harbor2	chr15	85183380	85183948	DNA/hAT-Charlie	2123	-	284	85183664	88996
chr15	85094668	85294668	harbor2	chr15	85184246	85184426	DNA/hAT-Charlie	2123	-	90	85184336	89668
chr15	100617304	100817304	harbor2	chr15	100619943	100620070	DNA/hAT-Charlie	426	-	64	100620007	2703
chr15	100617304	100817304	harbor2	chr15	100660353	100660462	DNA/hAT-Charlie	506	-	54	100660407	43103
chr15	100617304	100817304	harbor2	chr15	100660764	100660838	DNA/hAT-Charlie	506	-	37	100660801	43497
chr15	100617304	100817304	harbor2	chr15	100693727	100693920	DNA/hAT-Charlie	505	-	96	100693823	76519
chr15	100034651	100234651	harbor2	chr15	100044760	100044807	DNA/hAT-Charlie	495	-	24	100044784	10133
chr15	100034651	100234651	harbor2	chr15	100045107	100045390	DNA/hAT-Charlie	495	-	142	100045249	10598
chr15	100034651	100234651	harbor2	chr15	100056362	100056722	DNA/hAT-Charlie	2055	-	180	100056542	21891
chr15	100034651	100234651	harbor2	chr15	100097615	100097798	DNA/hAT-Charlie	814	-	92	100097707	63056
chr15	100034651	100234651	harbor2	chr15	100118108	100118322	DNA/hAT-Charlie	1053	-	107	100118215	83564
chr15	100034651	100234651	harbor2	chr15	100130548	100130675	DNA/hAT-Charlie	588	-	64	100130612	95961
chr15	56904795	57104795	harbor2	chr15	56909024	56909085	DNA/hAT-Charlie	806	-	30	56909054	4259
chr15	56904795	57104795	harbor2	chr15	56909389	56909536	DNA/hAT-Charlie	806	-	74	56909463	4668
chr15	56904795	57104795	harbor2	chr15	56958468	56958622	DNA/hAT-Charlie	655	-	77	56958545	53750
chr15	56904795	57104795	harbor2	chr15	56964975	56965155	DNA/hAT-Charlie	665	-	90	56965065	60270
chr15	56904795	57104795	harbor2	chr15	56976921	56977076	DNA/hAT-Charlie	898	-	78	56976999	72204
chr15	56904795	57104795	harbor2	chr15	56977812	56977990	DNA/hAT-Charlie	787	-	89	56977901	73106
chr15	70152281	70352281	harbor2	chr15	70171341	70171572	DNA/hAT-Charlie	563	-	116	70171457	19176
chr15	70152281	70352281	harbor2	chr15	70181268	70181428	DNA/hAT-Charlie	617	-	80	70181348	29067
chr15	70152281	70352281	harbor2	chr15	70198827	70199011	DNA/hAT-Charlie	625	-	92	70198919	46638
chr15	70152281	70352281	harbor2	chr15	70223812	70224029	DNA/hAT-Charlie	1225	-	108	70223920	71639
chr15	70152281	70352281	harbor2	chr15	70225016	70225169	DNA/hAT-Charlie	481	-	76	70225092	72811
chr15	70152281	70352281	harbor2	chr15	70225940	70226097	DNA/hAT-Charlie	474	-	78	70226018	73737
chr15	34302930	34502930	harbor2	chr15	34324822	34325113	DNA/hAT-Charlie	1156	-	146	34324968	22038
chr15	34302930	34502930	harbor2	chr15	34401345	34401582	DNA/hAT-Charlie	1216	-	118	34401463	98533
chr15	46579099	46779099	harbor2	chr15	46631959	46632939	DNA/hAT-Charlie	786	-	490	46632449	53350
chr15	46579099	46779099	harbor2	chr15	46632951	46633134	DNA/hAT-Charlie	765	-	92	46633043	53944
chr15	46579099	46779099	harbor2	chr15	46633150	46634481	DNA/hAT-Charlie	1618	-	666	46633816	54717
chr15	94336859	94536859	harbor2	chr15	94387214	94387434	DNA/hAT-Charlie	876	-	110	94387324	50465
chr15	96913477	97113477	harbor2	chr15	96951493	96951631	DNA/hAT-Charlie	488	-	69	96951562	38085
chr15	96913477	97113477	harbor2	chr15	96994024	96994512	DNA/hAT-Charlie	3171	-	244	96994268	80791
chr15	33092032	33292032	harbor2	chr15	33101360	33101558	DNA/hAT-Charlie	1177	-	99	33101459	9427
chr15	33092032	33292032	harbor2	chr15	33106649	33106837	DNA/hAT-Charlie	659	-	94	33106743	14711
chr15	38845904	39045904	harbor2	chr15	38868392	38869144	DNA/hAT-Charlie	1919	-	376	38868768	22864
chr15	38845904	39045904	harbor2	chr15	38943542	38943675	DNA/hAT-Charlie	460	-	66	38943608	97704
chr15	75063395	75263395	harbor2	chr15	75133232	75133361	DNA/hAT-Charlie	4732	-	64	75133296	69901
chr15	75063395	75263395	harbor2	chr15	75133997	75134382	DNA/hAT-Charlie	4732	-	192	75134189	70794
chr15	75063395	75263395	harbor2	chr15	75134687	75134712	DNA/hAT-Charlie	4732	-	12	75134699	71304
chr15	75063395	75263395	harbor2	chr15	75135007	75135190	DNA/hAT-Charlie	4732	-	92	75135099	71704
chr15	75063395	75263395	harbor2	chr15	75135500	75135990	DNA/hAT-Charlie	4732	-	245	75135745	72350
chr15	75063395	75263395	harbor2	chr15	75136598	75136795	DNA/hAT-Charlie	686	-	98	75136696	73301
chr15	100141767	100341767	harbor2	chr15	100143997	100144269	DNA/hAT-Charlie	1326	-	136	100144133	2366
chr15	100141767	100341767	harbor2	chr15	100144563	100144741	DNA/hAT-Charlie	1326	-	89	100144652	2885
chr15	100141767	100341767	harbor2	chr15	100172161	100172315	DNA/hAT-Charlie	643	-	77	100172238	30471
chr15	100141767	100341767	harbor2	chr15	100176331	100176478	DNA/hAT-Charlie	619	-	74	100176405	34638
chr15	100141767	100341767	harbor2	chr15	100222886	100223279	DNA/hAT-Charlie	1019	-	196	100223082	81315
chr15	100141767	100341767	harbor2	chr15	100235492	100235673	DNA/hAT-Charlie	748	-	90	100235582	93815
chr15	61523963	61723963	harbor2	chr15	61590062	61590224	DNA/hAT-Charlie	521	-	81	61590143	66180
chr15	61523963	61723963	harbor2	chr15	61591143	61591302	DNA/hAT-Charlie	533	-	80	61591223	67260
chr15	61523963	61723963	harbor2	chr15	61591949	61592173	DNA/hAT-Charlie	1197	-	112	61592061	68098
chr15	61523963	61723963	harbor2	chr15	61607748	61607967	DNA/hAT-Charlie	1153	-	110	61607858	83895
chr15	42590564	42790564	harbor2	chr15	42591047	42591205	DNA/hAT-Charlie	983	-	79	42591126	562
chr15	42590564	42790564	harbor2	chr15	42591504	42591520	DNA/hAT-Charlie	983	-	8	42591512	948
chr15	42590564	42790564	harbor2	chr15	42619568	42619787	DNA/hAT-Charlie	1195	-	110	42619678	29114
chr15	42590564	42790564	harbor2	chr15	42643020	42643180	DNA/hAT-Charlie	635	-	80	42643100	52536
chr15	42590564	42790564	harbor2	chr15	42664954	42665136	DNA/hAT-Charlie	1014	-	91	42665045	74481
chr15	42590564	42790564	harbor2	chr15	42679633	42679851	DNA/hAT-Charlie	1255	-	109	42679742	89178
chr15	70354617	70554617	harbor2	chr15	70388095	70388268	DNA/hAT-Charlie	515	-	86	70388181	33564
chr15	44130173	44330173	harbor2	chr15	44131819	44132342	DNA/hAT-Charlie	3770	-	262	44132081	1908
chr15	44130173	44330173	harbor2	chr15	44188463	44188646	DNA/hAT-Charlie	1147	-	92	44188555	58382
chr15	44130173	44330173	harbor2	chr15	44216254	44216366	DNA/hAT-Charlie	522	-	56	44216310	86137
chr15	71015917	71215917	harbor2	chr15	71020946	71021167	DNA/hAT-Charlie	1385	-	110	71021056	5139
chr15	71015917	71215917	harbor2	chr15	71111842	71111977	DNA/hAT-Charlie	421	-	68	71111910	95993
chr15	91506756	91706756	harbor2	chr15	91511268	91511442	DNA/hAT-Charlie	547	-	87	91511355	4599
chr15	91506756	91706756	harbor2	chr15	91514298	91514436	DNA/hAT-Charlie	525	-	69	91514367	7611
chr15	91506756	91706756	harbor2	chr15	91549597	91549803	DNA/hAT-Charlie	731	-	103	91549700	42944
chr15	91506756	91706756	harbor2	chr15	91557425	91557651	DNA/hAT-Charlie	622	-	113	91557538	50782
chr15	91506756	91706756	harbor2	chr15	91589789	91590057	DNA/hAT-Charlie	826	-	134	91589923	83167
chr15	89008472	89208472	harbor2	chr15	89009936	89009997	DNA/hAT-Charlie	786	-	30	89009966	1494
chr15	89008472	89208472	harbor2	chr15	89010296	89010510	DNA/hAT-Charlie	786	-	107	89010403	1931
chr15	89008472	89208472	harbor2	chr15	89017812	89017986	DNA/hAT-Charlie	483	-	87	89017899	9427
chr15	89008472	89208472	harbor2	chr15	89034720	89034820	DNA/hAT-Charlie	585	-	50	89034770	26298
chr15	89008472	89208472	harbor2	chr15	89035127	89035181	DNA/hAT-Charlie	585	-	27	89035154	26682
chr15	89008472	89208472	harbor2	chr15	89063785	89063893	DNA/hAT-Charlie	727	-	54	89063839	55367
chr15	89008472	89208472	harbor2	chr15	89063921	89063990	DNA/hAT-Charlie	499	-	34	89063955	55483
chr15	89008472	89208472	harbor2	chr15	89073649	89073798	DNA/hAT-Charlie	622	-	74	89073723	65251
chr15	89008472	89208472	harbor2	chr15	89073808	89073966	DNA/hAT-Charlie	476	-	79	89073887	65415
chr15	89008472	89208472	harbor2	chr15	89081970	89082166	DNA/hAT-Charlie	1196	-	98	89082068	73596
chr15	67739019	67939019	harbor2	chr15	67784899	67784940	DNA/hAT-Charlie	564	-	20	67784919	45900
chr15	67739019	67939019	harbor2	chr15	67785245	67785438	DNA/hAT-Charlie	564	-	96	67785341	46322
chr15	67739019	67939019	harbor2	chr15	67800232	67800662	DNA/hAT-Charlie	432	-	215	67800447	61428
chr15	67739019	67939019	harbor2	chr15	67800807	67801093	DNA/hAT-Charlie	419	-	143	67800950	61931
chr15	42940846	43140846	harbor2	chr15	42942024	42942179	DNA/hAT-Charlie	760	-	78	42942102	1256
chr15	42940846	43140846	harbor2	chr15	42942475	42942515	DNA/hAT-Charlie	760	-	20	42942495	1649
chr15	58894219	59094219	harbor2	chr15	58903433	58903539	DNA/hAT-Charlie	560	-	53	58903486	9267
chr15	58894219	59094219	harbor2	chr15	58957437	58957664	DNA/hAT-Charlie	1082	-	114	58957551	63332
chr15	58894219	59094219	harbor2	chr15	58981902	58982242	DNA/hAT-Charlie	870	-	170	58982072	87853
chr15	58894219	59094219	harbor2	chr15	58982619	58982815	DNA/hAT-Charlie	454	-	98	58982717	88498
chr15	58894219	59094219	harbor2	chr15	58983252	58983779	DNA/hAT-Charlie	960	-	264	58983516	89297
chr15	58894219	59094219	harbor2	chr15	58985516	58985694	DNA/hAT-Charlie	680	-	89	58985605	91386
chr15	58894219	59094219	harbor2	chr15	58985695	58985827	DNA/hAT-Charlie	625	-	66	58985761	91542
chr15	28783766	28983766	harbor2	chr15	28861437	28861586	DNA/hAT-Charlie	562	-	74	28861511	77745
chr15	28783766	28983766	harbor2	chr15	28862260	28862334	DNA/hAT-Charlie	562	-	37	28862297	78531
chr15	28783766	28983766	harbor2	chr15	28877955	28878174	DNA/hAT-Charlie	918	-	110	28878065	94299
chr15	28783766	28983766	harbor2	chr15	28835754	28836012	DNA/hAT-Charlie	836	-	129	28835883	52117
chr15	93250665	93450665	harbor2	chr15	93258622	93258776	DNA/hAT-Charlie	533	-	77	93258699	8034
chr15	93250665	93450665	harbor2	chr15	93262994	93263166	DNA/hAT-Charlie	453	-	86	93263080	12415
chr15	93250665	93450665	harbor2	chr15	93264726	93264969	DNA/hAT-Charlie	748	-	122	93264848	14183
chr15	93250665	93450665	harbor2	chr15	93265117	93265446	DNA/hAT-Charlie	1198	-	164	93265281	14616
chr15	93250665	93450665	harbor2	chr15	93285261	93285667	DNA/hAT-Charlie	727	-	203	93285464	34799
chr15	93250665	93450665	harbor2	chr15	93306009	93306328	DNA/hAT-Charlie	1504	-	160	93306169	55504
chr15	93250665	93450665	harbor2	chr15	93318911	93319040	DNA/hAT-Charlie	516	-	64	93318975	68310
chr15	93250665	93450665	harbor2	chr15	93345400	93345565	DNA/hAT-Charlie	967	-	82	93345482	94817
chr15	93250665	93450665	harbor2	chr15	93345875	93345910	DNA/hAT-Charlie	967	-	18	93345893	95228
chr15	93250665	93450665	harbor2	chr15	93345923	93346196	DNA/hAT-Charlie	878	-	136	93346059	95394
chr15	101752643	101952643	harbor2	chr15	101845278	101845500	DNA/hAT-Charlie	1030	-	111	101845389	92746
chr15	101752643	101952643	harbor2	chr15	101850398	101850611	DNA/hAT-Charlie	1015	-	106	101850504	97861
chr15	101752643	101952643	harbor2	chr15	101850634	101850703	DNA/hAT-Charlie	409	-	34	101850668	98025
chr15	71615979	71815979	harbor2	chr15	71628513	71628679	DNA/hAT-Charlie	777	-	83	71628596	12617
chr15	71615979	71815979	harbor2	chr15	71630863	71631080	DNA/hAT-Charlie	842	-	108	71630971	14992
chr15	71615979	71815979	harbor2	chr15	71639862	71640073	DNA/hAT-Charlie	564	-	106	71639968	23989
chr15	71615979	71815979	harbor2	chr15	71640381	71640420	DNA/hAT-Charlie	564	-	20	71640401	24422
chr15	71615979	71815979	harbor2	chr15	71650319	71650476	DNA/hAT-Charlie	743	-	78	71650397	34418
chr15	71615979	71815979	harbor2	chr15	71653991	71654212	DNA/hAT-Charlie	1244	-	110	71654101	38122
chr15	71615979	71815979	harbor2	chr15	71679296	71679511	DNA/hAT-Charlie	972	-	108	71679404	63425
chr15	71615979	71815979	harbor2	chr15	71685275	71685819	DNA/hAT-Charlie	2550	-	272	71685547	69568
chr15	71615979	71815979	harbor2	chr15	71685811	71685911	DNA/hAT-Charlie	487	-	50	71685861	69882
chr15	71615979	71815979	harbor2	chr15	71686752	71686907	DNA/hAT-Charlie	447	-	78	71686830	70851
chr15	44480594	44680594	harbor2	chr15	44485359	44485691	DNA/hAT-Charlie	1803	-	166	44485525	4931
chr15	44480594	44680594	harbor2	chr15	44499070	44499128	DNA/hAT-Charlie	544	-	29	44499099	18505
chr15	44480594	44680594	harbor2	chr15	44499420	44499556	DNA/hAT-Charlie	544	-	68	44499488	18894
chr15	44480594	44680594	harbor2	chr15	44502462	44502669	DNA/hAT-Charlie	1045	-	104	44502566	21972
chr15	44480594	44680594	harbor2	chr15	44556969	44557380	DNA/hAT-Charlie	1084	-	206	44557175	76581
chr15	44480594	44680594	harbor2	chr15	44565281	44565593	DNA/hAT-Charlie	1913	-	156	44565437	84843
chr15	60089029	60289029	harbor2	chr15	60095842	60096014	DNA/hAT-Charlie	719	-	86	60095928	6899
chr15	60089029	60289029	harbor2	chr15	60164963	60165270	DNA/hAT-Charlie	567	-	154	60165117	76088
chr15	99543281	99743281	harbor2	chr15	99554199	99554381	DNA/hAT-Charlie	836	-	91	99554290	11009
chr15	99543281	99743281	harbor2	chr15	99574280	99574813	DNA/hAT-Charlie	3566	-	266	99574546	31265
chr15	91847856	92047856	harbor2	chr15	91891789	91891999	DNA/hAT-Charlie	774	-	105	91891894	44038
chr15	91847856	92047856	harbor2	chr15	91894638	91894788	DNA/hAT-Charlie	578	-	75	91894713	46857
chr15	91847856	92047856	harbor2	chr15	91905646	91905814	DNA/hAT-Charlie	432	-	84	91905730	57874
chr15	91847856	92047856	harbor2	chr15	91906833	91907149	DNA/hAT-Charlie	514	-	158	91906991	59135
chr15	91847856	92047856	harbor2	chr15	91916551	91916679	DNA/hAT-Charlie	407	-	64	91916615	68759
chr15	91847856	92047856	harbor2	chr15	91924153	91924330	DNA/hAT-Charlie	518	-	88	91924241	76385
chr15	91847856	92047856	harbor2	chr15	91936309	91936510	DNA/hAT-Charlie	829	-	100	91936409	88553
chr15	89282749	89482749	harbor2	chr15	89308167	89308368	DNA/hAT-Charlie	1156	-	100	89308267	25518
chr15	89282749	89482749	harbor2	chr15	89310129	89310336	DNA/hAT-Charlie	1007	-	104	89310233	27484
chr15	78036193	78236193	harbor2	chr15	78089087	78089503	DNA/hAT-Charlie	1711	-	208	78089295	53102
chr15	78036193	78236193	harbor2	chr15	78133296	78133454	DNA/hAT-Charlie	518	-	79	78133375	97182
chr15	77651376	77851376	harbor2	chr15	77735608	77735775	DNA/hAT-Charlie	856	-	84	77735692	84316
chr15	94180151	94380151	harbor2	chr15	94184236	94186849	DNA/hAT-Charlie	18019	-	1306	94185542	5391
chr15	94180151	94380151	harbor2	chr15	94258863	94259129	DNA/hAT-Charlie	814	-	133	94258996	78845
chr15	54572176	54772176	harbor2	chr15	54582966	54583131	DNA/hAT-Charlie	827	-	82	54583048	10872
chr15	54572176	54772176	harbor2	chr15	54597082	54597292	DNA/hAT-Charlie	1459	-	105	54597187	25011
chr15	54572176	54772176	harbor2	chr15	54600887	54601106	DNA/hAT-Charlie	1430	-	110	54600997	28821
chr15	54572176	54772176	harbor2	chr15	54634425	54634615	DNA/hAT-Charlie	768	-	95	54634520	62344
chr15	54572176	54772176	harbor2	chr15	54665445	54665522	DNA/hAT-Charlie	443	-	38	54665483	93307
chr15	54572176	54772176	harbor2	chr15	54665543	54665829	DNA/hAT-Charlie	1790	-	143	54665686	93510
chr15	98776356	98976356	harbor2	chr15	98818618	98818851	DNA/hAT-Charlie	1033	-	116	98818734	42378
chr15	98776356	98976356	harbor2	chr15	98819246	98819305	DNA/hAT-Charlie	1681	-	30	98819276	42920
chr15	98776356	98976356	harbor2	chr15	98819648	98820070	DNA/hAT-Charlie	1681	-	211	98819859	43503
chr15	98776356	98976356	harbor2	chr15	98820552	98820808	DNA/hAT-Charlie	640	-	128	98820680	44324
chr15	46256172	46456172	harbor2	chr15	46297668	46297886	DNA/hAT-Charlie	1306	-	109	46297777	41605
chr15	100133680	100333680	harbor2	chr15	100143997	100144269	DNA/hAT-Charlie	1326	-	136	100144133	10453
chr15	100133680	100333680	harbor2	chr15	100144563	100144741	DNA/hAT-Charlie	1326	-	89	100144652	10972
chr15	100133680	100333680	harbor2	chr15	100172161	100172315	DNA/hAT-Charlie	643	-	77	100172238	38558
chr15	100133680	100333680	harbor2	chr15	100176331	100176478	DNA/hAT-Charlie	619	-	74	100176405	42725
chr15	100133680	100333680	harbor2	chr15	100222886	100223279	DNA/hAT-Charlie	1019	-	196	100223082	89402
chr15	89165022	89365022	harbor2	chr15	89171298	89171412	DNA/hAT-Charlie	665	-	57	89171355	6333
chr15	89165022	89365022	harbor2	chr15	89171816	89171947	DNA/hAT-Charlie	409	-	66	89171882	6860
chr15	89165022	89365022	harbor2	chr15	89194871	89194974	DNA/hAT-Charlie	557	-	52	89194923	29901
chr15	89165022	89365022	harbor2	chr15	89219118	89219304	DNA/hAT-Charlie	536	-	93	89219211	54189
chr15	89165022	89365022	harbor2	chr15	89228461	89228614	DNA/hAT-Charlie	643	-	76	89228537	63515
chr15	89165022	89365022	harbor2	chr15	89228912	89229010	DNA/hAT-Charlie	643	-	49	89228961	63939
chr15	89165022	89365022	harbor2	chr15	89256134	89256341	DNA/hAT-Charlie	1158	-	104	89256238	91216
chr15	101267964	101467964	harbor2	chr15	101282330	101282916	DNA/hAT-Charlie	2424	-	293	101282623	14659
chr15	101267964	101467964	harbor2	chr15	101282959	101283265	DNA/hAT-Charlie	1065	-	153	101283112	15148
chr15	101267964	101467964	harbor2	chr15	101291360	101291600	DNA/hAT-Charlie	872	-	120	101291480	23516
chr15	101267964	101467964	harbor2	chr15	101300696	101300905	DNA/hAT-Charlie	1265	-	104	101300800	32836
chr15	101267964	101467964	harbor2	chr15	101352949	101353475	DNA/hAT-Charlie	3316	-	263	101353212	85248
chr15	75943174	76143174	harbor2	chr15	75991132	75991447	DNA/hAT-Charlie	1354	-	158	75991290	48116
chr15	75943174	76143174	harbor2	chr15	76001299	76001577	DNA/hAT-Charlie	1163	-	139	76001438	58264
chr15	75943174	76143174	harbor2	chr15	76020505	76020720	DNA/hAT-Charlie	1535	-	108	76020613	77439
chr15	75943174	76143174	harbor2	chr15	76021844	76022174	DNA/hAT-Charlie	2103	-	165	76022009	78835
chr15	62546554	62746554	harbor2	chr15	62550804	62551318	DNA/hAT-Charlie	3675	-	257	62551061	4507
chr15	62546554	62746554	harbor2	chr15	62552017	62552206	DNA/hAT-Charlie	759	-	94	62552111	5557
chr15	62546554	62746554	harbor2	chr15	62570618	62570828	DNA/hAT-Charlie	957	-	105	62570723	24169
chr15	62546554	62746554	harbor2	chr15	62575342	62575518	DNA/hAT-Charlie	457	-	88	62575430	28876
chr15	62546554	62746554	harbor2	chr15	62603883	62604152	DNA/hAT-Charlie	1218	-	134	62604017	57463
chr15	92559666	92759666	harbor2	chr15	92581312	92581437	DNA/hAT-Charlie	536	-	62	92581374	21708
chr15	92559666	92759666	harbor2	chr15	92583961	92584213	DNA/hAT-Charlie	473	-	126	92584087	24421
chr15	92559666	92759666	harbor2	chr15	92592442	92593204	DNA/hAT-Charlie	1454	-	381	92592823	33157
chr15	92559666	92759666	harbor2	chr15	92597802	92597951	DNA/hAT-Charlie	423	-	74	92597876	38210
chr15	92559666	92759666	harbor2	chr15	92619759	92620090	DNA/hAT-Charlie	1575	-	166	92619925	60259
chr15	92559666	92759666	harbor2	chr15	92644802	92645045	DNA/hAT-Charlie	656	-	122	92644924	85258
chr15	92008538	92208538	harbor2	chr15	92010319	92010479	DNA/hAT-Charlie	579	-	80	92010399	1861
chr15	92008538	92208538	harbor2	chr15	92048447	92048652	DNA/hAT-Charlie	706	-	102	92048549	40011
chr15	92008538	92208538	harbor2	chr15	92073654	92073864	DNA/hAT-Charlie	1045	-	105	92073759	65221
chr15	92008538	92208538	harbor2	chr15	92089878	92090391	DNA/hAT-Charlie	2035	-	256	92090134	81596
chr15	38775966	38975966	harbor2	chr15	38795821	38795971	DNA/hAT-Charlie	551	-	75	38795896	19930
chr15	38775966	38975966	harbor2	chr15	38795983	38796175	DNA/hAT-Charlie	577	-	96	38796079	20113
chr15	38775966	38975966	harbor2	chr15	38868392	38869144	DNA/hAT-Charlie	1919	-	376	38868768	92802
chr15	87433606	87633606	harbor2	chr15	87461902	87462120	DNA/hAT-Charlie	774	-	109	87462011	28405
chr15	87433606	87633606	harbor2	chr15	87523377	87523669	DNA/hAT-Charlie	594	-	146	87523523	89917
chr16	83272094	83472094	harbor2	chr16	83305962	83306185	DNA/hAT-Charlie	685	-	112	83306074	33980
chr16	83272094	83472094	harbor2	chr16	83325435	83325652	DNA/hAT-Charlie	830	-	108	83325543	53449
chr16	83272094	83472094	harbor2	chr16	83340569	83340722	DNA/hAT-Charlie	493	-	76	83340645	68551
chr16	46347081	46547081	harbor2	chr16	46445759	46445939	DNA/hAT-Charlie	555	-	90	46445849	98768
chr16	59638626	59838626	harbor2	chr16	59651476	59651633	DNA/hAT-Charlie	637	-	78	59651554	12928
chr16	59638626	59838626	harbor2	chr16	59708901	59709236	DNA/hAT-Charlie	1930	-	168	59709069	70443
chr16	85305309	85505309	harbor2	chr16	85309140	85309217	DNA/hAT-Charlie	486	-	38	85309178	3869
chr16	85305309	85505309	harbor2	chr16	85309524	85309584	DNA/hAT-Charlie	486	-	30	85309554	4245
chr16	85305309	85505309	harbor2	chr16	85316155	85316420	DNA/hAT-Charlie	949	-	132	85316287	10978
chr16	32067627	32267627	harbor2	chr16	32118138	32118332	DNA/hAT-Charlie	1224	-	97	32118235	50608
chr16	85310590	85510590	harbor2	chr16	85316155	85316420	DNA/hAT-Charlie	949	-	132	85316287	5697
chr16	57436404	57636404	harbor2	chr16	57447958	57448236	DNA/hAT-Charlie	501	-	139	57448097	11693
chr16	57436404	57636404	harbor2	chr16	57489073	57489587	DNA/hAT-Charlie	3481	-	257	57489330	52926
chr16	57436404	57636404	harbor2	chr16	57499090	57499518	DNA/hAT-Charlie	496	-	214	57499304	62900
chr16	57436404	57636404	harbor2	chr16	57509602	57509899	DNA/hAT-Charlie	511	-	148	57509750	73346
chr16	69807420	70007420	harbor2	chr16	69822769	69822854	DNA/hAT-Charlie	1145	-	42	69822811	15391
chr16	69807420	70007420	harbor2	chr16	69823157	69823371	DNA/hAT-Charlie	1145	-	107	69823264	15844
chr16	69807420	70007420	harbor2	chr16	69895404	69895495	DNA/hAT-Charlie	450	-	46	69895450	88030
chr16	69807420	70007420	harbor2	chr16	69895777	69895859	DNA/hAT-Charlie	450	-	41	69895818	88398
chr16	19590965	19790965	harbor2	chr16	19600683	19600926	DNA/hAT-Charlie	568	-	122	19600805	9840
chr16	19590965	19790965	harbor2	chr16	19601229	19601286	DNA/hAT-Charlie	456	-	28	19601257	10292
chr16	19590965	19790965	harbor2	chr16	19632538	19632676	DNA/hAT-Charlie	416	-	69	19632607	41642
chr16	19590965	19790965	harbor2	chr16	19637697	19638144	DNA/hAT-Charlie	1325	-	224	19637921	46956
chr16	19590965	19790965	harbor2	chr16	19648480	19648585	DNA/hAT-Charlie	1522	-	52	19648532	57567
chr16	19590965	19790965	harbor2	chr16	19648897	19648985	DNA/hAT-Charlie	1522	-	44	19648941	57976
chr16	19590965	19790965	harbor2	chr16	19649290	19649682	DNA/hAT-Charlie	1522	-	196	19649486	58521
chr16	88956173	89156173	harbor2	chr16	88981869	88982012	DNA/hAT-Charlie	428	-	72	88981941	25768
chr16	52206352	52406352	harbor2	chr16	52234658	52234826	DNA/hAT-Charlie	827	-	84	52234742	28390
chr16	52206352	52406352	harbor2	chr16	52238447	52238625	DNA/hAT-Charlie	533	-	89	52238536	32184
chr16	52206352	52406352	harbor2	chr16	52255245	52255467	DNA/hAT-Charlie	639	-	111	52255356	49004
chr16	52206352	52406352	harbor2	chr16	52255548	52255602	DNA/hAT-Charlie	639	-	27	52255575	49223
chr16	52206352	52406352	harbor2	chr16	52273457	52273642	DNA/hAT-Charlie	748	-	92	52273549	67197
chr16	52206352	52406352	harbor2	chr16	52279209	52279605	DNA/hAT-Charlie	1260	-	198	52279407	73055
chr16	52206352	52406352	harbor2	chr16	52296711	52296936	DNA/hAT-Charlie	984	-	112	52296823	90471
chr16	88935632	89135632	harbor2	chr16	88947321	88947631	DNA/hAT-Charlie	1547	-	155	88947476	11844
chr16	88935632	89135632	harbor2	chr16	88947942	88948269	DNA/hAT-Charlie	1547	-	164	88948106	12474
chr16	88935632	89135632	harbor2	chr16	88981869	88982012	DNA/hAT-Charlie	428	-	72	88981941	46309
chr16	63195089	63395089	harbor2	chr16	63237000	63237026	DNA/hAT-Charlie	636	-	13	63237013	41924
chr16	63195089	63395089	harbor2	chr16	63237632	63237824	DNA/hAT-Charlie	636	-	96	63237728	42639
chr16	68870847	69070847	harbor2	chr16	68967142	68967484	DNA/hAT-Charlie	2084	-	171	68967313	96466
chr16	86002399	86202399	harbor2	chr16	86016660	86016802	DNA/hAT-Charlie	590	-	71	86016731	14332
chr16	86002399	86202399	harbor2	chr16	86053379	86053539	DNA/hAT-Charlie	1350	-	80	86053459	51060
chr16	86002399	86202399	harbor2	chr16	86053929	86054215	DNA/hAT-Charlie	1350	-	143	86054072	51673
chr16	86002399	86202399	harbor2	chr16	86054506	86054542	DNA/hAT-Charlie	1350	-	18	86054524	52125
chr16	86002399	86202399	harbor2	chr16	86057641	86057857	DNA/hAT-Charlie	909	-	108	86057749	55350
chr16	86002399	86202399	harbor2	chr16	86080834	86081099	DNA/hAT-Charlie	472	-	132	86080966	78567
chr16	86002399	86202399	harbor2	chr16	86099119	86099651	DNA/hAT-Charlie	3708	-	266	86099385	96986
chr16	51915158	52115158	harbor2	chr16	51926607	51926780	DNA/hAT-Charlie	499	-	86	51926693	11535
chr16	51915158	52115158	harbor2	chr16	51935586	51935869	DNA/hAT-Charlie	615	-	142	51935728	20570
chr16	51915158	52115158	harbor2	chr16	51964596	51964686	DNA/hAT-Charlie	577	-	45	51964641	49483
chr16	51915158	52115158	harbor2	chr16	51967060	51967253	DNA/hAT-Charlie	805	-	96	51967156	51998
chr16	51915158	52115158	harbor2	chr16	51967276	51967585	DNA/hAT-Charlie	1599	-	154	51967430	52272
chr16	51915158	52115158	harbor2	chr16	51991898	51992079	DNA/hAT-Charlie	690	-	90	51991988	76830
chr16	51915158	52115158	harbor2	chr16	52004695	52004860	DNA/hAT-Charlie	604	-	82	52004777	89619
chr16	51915158	52115158	harbor2	chr16	51986169	51986596	DNA/hAT-Charlie	622	-	214	51986383	71225
chr16	86209934	86409934	harbor2	chr16	86211721	86211964	DNA/hAT-Charlie	737	-	122	86211843	1909
chr16	86209934	86409934	harbor2	chr16	86223864	86224035	DNA/hAT-Charlie	644	-	86	86223950	14016
chr16	86209934	86409934	harbor2	chr16	86262051	86262173	DNA/hAT-Charlie	423	-	61	86262112	52178
chr16	86209934	86409934	harbor2	chr16	86306854	86307051	DNA/hAT-Charlie	630	-	98	86306952	97018
chr16	58303778	58503778	harbor2	chr16	58349068	58349146	DNA/hAT-Charlie	431	-	39	58349107	45329
chr16	68926297	69126297	harbor2	chr16	68967142	68967484	DNA/hAT-Charlie	2084	-	171	68967313	41016
chr16	67660371	67860371	harbor2	chr16	67682852	67682960	DNA/hAT-Charlie	530	-	54	67682906	22535
chr16	67660371	67860371	harbor2	chr16	67720312	67720532	DNA/hAT-Charlie	1369	-	110	67720422	60051
chr16	74688122	74888122	harbor2	chr16	74746144	74746257	DNA/hAT-Charlie	486	-	56	74746200	58078
chr16	74688122	74888122	harbor2	chr16	74746524	74746666	DNA/hAT-Charlie	486	-	71	74746595	58473
chr16	31168791	31368791	harbor2	chr16	31188546	31188639	DNA/hAT-Charlie	420	-	46	31188592	19801
chr16	82630977	82830977	harbor2	chr16	82632638	82633166	DNA/hAT-Charlie	3554	-	264	82632902	1925
chr16	82630977	82830977	harbor2	chr16	82640420	82640613	DNA/hAT-Charlie	662	-	96	82640516	9539
chr16	82630977	82830977	harbor2	chr16	82659757	82659974	DNA/hAT-Charlie	940	-	108	82659865	28888
chr16	82630977	82830977	harbor2	chr16	82661881	82662080	DNA/hAT-Charlie	754	-	100	82661981	31004
chr16	82630977	82830977	harbor2	chr16	82696106	82696713	DNA/hAT-Charlie	1579	-	304	82696410	65433
chr16	82630977	82830977	harbor2	chr16	82697221	82697382	DNA/hAT-Charlie	1579	-	80	82697301	66324
chr16	82630977	82830977	harbor2	chr16	82698807	82699040	DNA/hAT-Charlie	851	-	116	82698923	67946
chr16	82630977	82830977	harbor2	chr16	82726230	82726553	DNA/hAT-Charlie	1228	-	162	82726392	95415
chr16	67253672	67453672	harbor2	chr16	67312918	67313111	DNA/hAT-Charlie	1689	-	96	67313014	59342
chr16	67253672	67453672	harbor2	chr16	67313410	67313563	DNA/hAT-Charlie	1689	-	76	67313486	59814
chr16	67253672	67453672	harbor2	chr16	67337764	67337815	DNA/hAT-Charlie	4252	-	26	67337790	84118
chr16	67253672	67453672	harbor2	chr16	67339196	67339397	DNA/hAT-Charlie	741	-	100	67339296	85624
chr16	67253672	67453672	harbor2	chr16	67338098	67338862	DNA/hAT-Charlie	4252	-	382	67338480	84808
chr16	90110950	90310950	harbor2	chr16	90123591	90123810	DNA/hAT-Charlie	863	-	110	90123701	12751
chr16	79686610	79886610	harbor2	chr16	79689045	79689178	DNA/hAT-Charlie	761	-	66	79689111	2501
chr16	79686610	79886610	harbor2	chr16	79707466	79707598	DNA/hAT-Charlie	570	-	66	79707532	20922
chr16	79686610	79886610	harbor2	chr16	79724770	79724891	DNA/hAT-Charlie	481	-	60	79724830	38220
chr16	79686610	79886610	harbor2	chr16	79727308	79727600	DNA/hAT-Charlie	643	-	146	79727454	40844
chr16	79686610	79886610	harbor2	chr16	79773712	79773885	DNA/hAT-Charlie	800	-	86	79773798	87188
chr16	55365595	55565595	harbor2	chr16	55407033	55407194	DNA/hAT-Charlie	797	-	80	55407113	41518
chr16	55365595	55565595	harbor2	chr16	55438631	55439079	DNA/hAT-Charlie	1456	-	224	55438855	73260
chr16	55365595	55565595	harbor2	chr16	55452542	55452750	DNA/hAT-Charlie	690	-	104	55452646	87051
chr16	55365595	55565595	harbor2	chr16	55452879	55452969	DNA/hAT-Charlie	690	-	45	55452924	87329
chr16	85191342	85391342	harbor2	chr16	85208573	85208728	DNA/hAT-Charlie	528	-	78	85208651	17309
chr16	85191342	85391342	harbor2	chr16	85256827	85256993	DNA/hAT-Charlie	476	-	83	85256910	65568
chr16	85191342	85391342	harbor2	chr16	85289455	85289610	DNA/hAT-Charlie	688	-	78	85289533	98191
chr16	25546714	25746714	harbor2	chr16	25578044	25578163	DNA/hAT-Charlie	500	-	60	25578104	31390
chr16	25546714	25746714	harbor2	chr16	25592220	25592380	DNA/hAT-Charlie	588	-	80	25592300	45586
chr16	25546714	25746714	harbor2	chr16	25626574	25626800	DNA/hAT-Charlie	1347	-	113	25626687	79973
chr16	48168410	48368410	harbor2	chr16	48185405	48185667	DNA/hAT-Charlie	426	-	131	48185536	17126
chr16	48168410	48368410	harbor2	chr16	48209321	48209660	DNA/hAT-Charlie	2311	-	170	48209491	41081
chr16	48168410	48368410	harbor2	chr16	48212327	48212547	DNA/hAT-Charlie	1434	-	110	48212437	44027
chr16	48168410	48368410	harbor2	chr16	48212933	48213117	DNA/hAT-Charlie	647	-	92	48213025	44615
chr16	66219986	66419986	harbor2	chr16	66312170	66312250	DNA/hAT-Charlie	460	-	40	66312210	92224
chr16	66219986	66419986	harbor2	chr16	66312568	66312809	DNA/hAT-Charlie	460	-	120	66312688	92702
chr16	66219986	66419986	harbor2	chr16	66313115	66313164	DNA/hAT-Charlie	460	-	24	66313139	93153
chr16	69725319	69925319	harbor2	chr16	69795486	69795531	DNA/hAT-Charlie	895	-	22	69795508	70189
chr16	69725319	69925319	harbor2	chr16	69822769	69822854	DNA/hAT-Charlie	1145	-	42	69822811	97492
chr16	69725319	69925319	harbor2	chr16	69823157	69823371	DNA/hAT-Charlie	1145	-	107	69823264	97945
chr16	71750767	71950767	harbor2	chr16	71784972	71785293	DNA/hAT-Charlie	1263	-	160	71785132	34365
chr16	64182656	64382656	harbor2	chr16	64205991	64206169	DNA/hAT-Charlie	592	-	89	64206080	23424
chr16	64182656	64382656	harbor2	chr16	64216247	64216442	DNA/hAT-Charlie	730	-	98	64216345	33689
chr16	64182656	64382656	harbor2	chr16	64220695	64220946	DNA/hAT-Charlie	956	-	126	64220821	38165
chr16	64182656	64382656	harbor2	chr16	64228639	64228821	DNA/hAT-Charlie	766	-	91	64228730	46074
chr16	64182656	64382656	harbor2	chr16	64278337	64278503	DNA/hAT-Charlie	467	-	83	64278420	95764
chr16	84902493	85102493	harbor2	chr16	84909625	84909746	DNA/hAT-Charlie	522	-	60	84909685	7192
chr16	84902493	85102493	harbor2	chr16	84922297	84922482	DNA/hAT-Charlie	759	-	92	84922389	19896
chr16	84902493	85102493	harbor2	chr16	84923294	84923455	DNA/hAT-Charlie	480	-	80	84923374	20881
chr16	84902493	85102493	harbor2	chr16	84969477	84969633	DNA/hAT-Charlie	681	-	78	84969555	67062
chr16	47702617	47902617	harbor2	chr16	47732553	47732716	DNA/hAT-Charlie	839	-	82	47732635	30018
chr16	55133832	55333832	harbor2	chr16	55150205	55150386	DNA/hAT-Charlie	670	-	90	55150295	16463
chr16	55133832	55333832	harbor2	chr16	55153451	55153723	DNA/hAT-Charlie	1016	-	136	55153587	19755
chr16	55133832	55333832	harbor2	chr16	55156675	55157092	DNA/hAT-Charlie	627	-	208	55156883	23051
chr16	55133832	55333832	harbor2	chr16	55158777	55158981	DNA/hAT-Charlie	609	-	102	55158879	25047
chr16	55133832	55333832	harbor2	chr16	55168657	55168880	DNA/hAT-Charlie	857	-	112	55168769	34937
chr16	55133832	55333832	harbor2	chr16	55181018	55181184	DNA/hAT-Charlie	570	-	83	55181101	47269
chr16	55133832	55333832	harbor2	chr16	55193471	55194120	DNA/hAT-Charlie	1848	-	324	55193795	59963
chr16	55133832	55333832	harbor2	chr16	55196804	55196828	DNA/hAT-Charlie	544	-	12	55196816	62984
chr16	55133832	55333832	harbor2	chr16	55197235	55197403	DNA/hAT-Charlie	544	-	84	55197319	63487
chr16	55727263	55927263	harbor2	chr16	55749392	55749537	DNA/hAT-Charlie	463	-	72	55749464	22201
chr16	55727263	55927263	harbor2	chr16	55793240	55793384	DNA/hAT-Charlie	498	-	72	55793312	66049
chr16	88811014	89011014	harbor2	chr16	88830835	88831033	DNA/hAT-Charlie	459	-	99	88830934	19920
chr16	88811014	89011014	harbor2	chr16	88844804	88845065	DNA/hAT-Charlie	813	-	130	88844934	33920
chr16	88811014	89011014	harbor2	chr16	88845372	88845422	DNA/hAT-Charlie	813	-	25	88845397	34383
chr16	88811014	89011014	harbor2	chr16	88855044	88855212	DNA/hAT-Charlie	545	-	84	88855128	44114
chr16	88811014	89011014	harbor2	chr16	88855628	88855807	DNA/hAT-Charlie	473	-	90	88855718	44704
chr16	72858727	73058727	harbor2	chr16	72900646	72900825	DNA/hAT-Charlie	891	-	90	72900736	42009
chr16	72858727	73058727	harbor2	chr16	72909229	72909432	DNA/hAT-Charlie	715	-	102	72909331	50604
chr16	72858727	73058727	harbor2	chr16	72911615	72911815	DNA/hAT-Charlie	1267	-	100	72911715	52988
chr16	63181513	63381513	harbor2	chr16	63237000	63237026	DNA/hAT-Charlie	636	-	13	63237013	55500
chr16	63181513	63381513	harbor2	chr16	63237632	63237824	DNA/hAT-Charlie	636	-	96	63237728	56215
chr16	67070755	67270755	harbor2	chr16	67119378	67119520	DNA/hAT-Charlie	1258	-	71	67119449	48694
chr16	67070755	67270755	harbor2	chr16	67119828	67119899	DNA/hAT-Charlie	1258	-	36	67119864	49109
chr16	56750865	56950865	harbor2	chr16	56767917	56768179	DNA/hAT-Charlie	930	-	131	56768048	17183
chr16	88190828	88390828	harbor2	chr16	88246520	88246696	DNA/hAT-Charlie	809	-	88	88246608	55780
chr16	84881189	85081189	harbor2	chr16	84883525	84883704	DNA/hAT-Charlie	579	-	90	84883615	2426
chr16	84881189	85081189	harbor2	chr16	84894573	84894871	DNA/hAT-Charlie	1044	-	149	84894722	13533
chr16	84881189	85081189	harbor2	chr16	84909625	84909746	DNA/hAT-Charlie	522	-	60	84909685	28496
chr16	84881189	85081189	harbor2	chr16	84922297	84922482	DNA/hAT-Charlie	759	-	92	84922389	41200
chr16	84881189	85081189	harbor2	chr16	84923294	84923455	DNA/hAT-Charlie	480	-	80	84923374	42185
chr16	84881189	85081189	harbor2	chr16	84969477	84969633	DNA/hAT-Charlie	681	-	78	84969555	88366
chr16	64417972	64617972	harbor2	chr16	64451184	64451342	DNA/hAT-Charlie	691	-	79	64451263	33291
chr16	64417972	64617972	harbor2	chr16	64468685	64469039	DNA/hAT-Charlie	581	-	177	64468862	50890
chr16	64417972	64617972	harbor2	chr16	64491992	64492181	DNA/hAT-Charlie	675	-	94	64492086	74114
chr16	77268992	77468992	harbor2	chr16	77290176	77290404	DNA/hAT-Charlie	852	-	114	77290290	21298
chr16	77268992	77468992	harbor2	chr16	77293627	77293954	DNA/hAT-Charlie	1691	-	164	77293791	24799
chr16	77268992	77468992	harbor2	chr16	77294221	77294399	DNA/hAT-Charlie	761	-	89	77294310	25318
chr16	77268992	77468992	harbor2	chr16	77345605	77345798	DNA/hAT-Charlie	607	-	96	77345701	76709
chr16	77268992	77468992	harbor2	chr16	77350679	77350855	DNA/hAT-Charlie	482	-	88	77350767	81775
chr16	71158240	71358240	harbor2	chr16	71160915	71161435	DNA/hAT-Charlie	3742	-	260	71161175	2935
chr16	71158240	71358240	harbor2	chr16	71179605	71179952	DNA/hAT-Charlie	1557	-	174	71179779	21539
chr16	87626676	87826676	harbor2	chr16	87642343	87642573	DNA/hAT-Charlie	521	-	115	87642458	15782
chr16	27088730	27288730	harbor2	chr16	27106626	27106798	DNA/hAT-Charlie	458	-	86	27106712	17982
chr16	27088730	27288730	harbor2	chr16	27171961	27172180	DNA/hAT-Charlie	855	-	110	27172071	83341
chr16	27088730	27288730	harbor2	chr16	27185554	27185790	DNA/hAT-Charlie	825	-	118	27185672	96942
chr16	84296737	84496737	harbor2	chr16	84315559	84315780	DNA/hAT-Charlie	1051	-	110	84315669	18932
chr16	84296737	84496737	harbor2	chr16	84324138	84324267	DNA/hAT-Charlie	476	-	64	84324202	27465
chr16	84296737	84496737	harbor2	chr16	84324257	84324390	DNA/hAT-Charlie	528	-	66	84324323	27586
chr16	84296737	84496737	harbor2	chr16	84331854	84332057	DNA/hAT-Charlie	1053	-	102	84331956	35219
chr16	84296737	84496737	harbor2	chr16	84388371	84388517	DNA/hAT-Charlie	594	-	73	84388444	91707
chr16	68557194	68757194	harbor2	chr16	68582027	68582152	DNA/hAT-Charlie	571	-	62	68582089	24895
chr16	68557194	68757194	harbor2	chr16	68608127	68608389	DNA/hAT-Charlie	1227	-	131	68608258	51064
chr16	68557194	68757194	harbor2	chr16	68608674	68608759	DNA/hAT-Charlie	1227	-	42	68608716	51522
chr16	55829308	56029308	harbor2	chr16	55837163	55837367	DNA/hAT-Charlie	626	-	102	55837265	7957
chr16	55829308	56029308	harbor2	chr16	55838063	55838272	DNA/hAT-Charlie	972	-	104	55838167	8859
chr16	55829308	56029308	harbor2	chr16	55838557	55838714	DNA/hAT-Charlie	418	-	78	55838635	9327
chr16	55829308	56029308	harbor2	chr16	55844442	55844593	DNA/hAT-Charlie	482	-	76	55844518	15210
chr16	55829308	56029308	harbor2	chr16	55844786	55844974	DNA/hAT-Charlie	534	-	94	55844880	15572
chr16	55829308	56029308	harbor2	chr16	55874394	55874701	DNA/hAT-Charlie	431	-	154	55874548	45240
chr16	66765186	66965186	harbor2	chr16	66765287	66765449	DNA/hAT-Charlie	905	-	81	66765368	182
chr16	66765186	66965186	harbor2	chr16	66765758	66765798	DNA/hAT-Charlie	905	-	20	66765778	592
chr16	66765186	66965186	harbor2	chr16	66825079	66825168	DNA/hAT-Charlie	825	-	44	66825123	59937
chr16	66765186	66965186	harbor2	chr16	66825464	66825658	DNA/hAT-Charlie	825	-	97	66825561	60375
chr16	66765186	66965186	harbor2	chr16	66857739	66857822	DNA/hAT-Charlie	819	-	42	66857781	92595
chr16	66765186	66965186	harbor2	chr16	66858268	66858475	DNA/hAT-Charlie	819	-	104	66858372	93186
chr16	63648030	63848030	harbor2	chr16	63720934	63721117	DNA/hAT-Charlie	1079	-	92	63721026	72996
chr16	63648030	63848030	harbor2	chr16	63732967	63733097	DNA/hAT-Charlie	441	-	65	63733032	85002
chr16	82255839	82455839	harbor2	chr16	82255849	82256037	DNA/hAT-Charlie	546	-	94	82255943	104
chr16	82255839	82455839	harbor2	chr16	82303062	82303248	DNA/hAT-Charlie	531	-	93	82303155	47316
chr16	82255839	82455839	harbor2	chr16	82316242	82316416	DNA/hAT-Charlie	855	-	87	82316329	60490
chr16	82255839	82455839	harbor2	chr16	82324907	82325115	DNA/hAT-Charlie	957	-	104	82325011	69172
chr16	82255839	82455839	harbor2	chr16	82348171	82348340	DNA/hAT-Charlie	840	-	84	82348255	92416
chr16	82255839	82455839	harbor2	chr16	82345657	82346082	DNA/hAT-Charlie	1727	-	212	82345869	90030
chr16	69708865	69908865	harbor2	chr16	69795486	69795531	DNA/hAT-Charlie	895	-	22	69795508	86643
chr16	71433858	71633858	harbor2	chr16	71437487	71437607	DNA/hAT-Charlie	418	-	60	71437547	3689
chr16	71433858	71633858	harbor2	chr16	71462484	71463159	DNA/hAT-Charlie	1715	-	338	71462822	28964
chr16	71433858	71633858	harbor2	chr16	71500971	71501055	DNA/hAT-Charlie	695	-	42	71501013	67155
chr16	71433858	71633858	harbor2	chr16	71501262	71501359	DNA/hAT-Charlie	695	-	48	71501310	67452
chr16	71433858	71633858	harbor2	chr16	71505792	71506571	DNA/hAT-Charlie	2186	-	390	71506182	72324
chr16	71433858	71633858	harbor2	chr16	71506846	71506907	DNA/hAT-Charlie	2186	-	30	71506876	73018
chr16	71433858	71633858	harbor2	chr16	71507654	71507878	DNA/hAT-Charlie	835	-	112	71507766	73908
chr16	71433858	71633858	harbor2	chr16	71508180	71508461	DNA/hAT-Charlie	835	-	140	71508320	74462
chr16	71433858	71633858	harbor2	chr16	71511340	71511712	DNA/hAT-Charlie	634	-	186	71511526	77668
chr16	71433858	71633858	harbor2	chr16	71514260	71514754	DNA/hAT-Charlie	2104	-	247	71514507	80649
chr16	71433858	71633858	harbor2	chr16	71524497	71524590	DNA/hAT-Charlie	455	-	46	71524543	90685
chr16	74683048	74883048	harbor2	chr16	74746144	74746257	DNA/hAT-Charlie	486	-	56	74746200	63152
chr16	74683048	74883048	harbor2	chr16	74746524	74746666	DNA/hAT-Charlie	486	-	71	74746595	63547
chr16	75805659	76005659	harbor2	chr16	75834669	75835012	DNA/hAT-Charlie	2114	-	172	75834841	29182
chr16	75805659	76005659	harbor2	chr16	75884565	75884762	DNA/hAT-Charlie	823	-	98	75884663	79004
chr16	88536992	88736992	harbor2	chr16	88568700	88568857	DNA/hAT-Charlie	442	-	78	88568778	31786
chr16	78449054	78649054	harbor2	chr16	78480104	78480289	DNA/hAT-Charlie	887	-	92	78480196	31142
chr16	78449054	78649054	harbor2	chr16	78487604	78487769	DNA/hAT-Charlie	689	-	82	78487686	38632
chr16	78449054	78649054	harbor2	chr16	78533322	78533535	DNA/hAT-Charlie	1454	-	106	78533428	84374
chr16	78449054	78649054	harbor2	chr16	78546566	78546749	DNA/hAT-Charlie	490	-	92	78546658	97604
chr16	81648674	81848674	harbor2	chr16	81656312	81656595	DNA/hAT-Charlie	484	-	142	81656454	7780
chr16	81648674	81848674	harbor2	chr16	81657117	81657308	DNA/hAT-Charlie	484	-	96	81657213	8539
chr16	81648674	81848674	harbor2	chr16	81665742	81665929	DNA/hAT-Charlie	534	-	94	81665836	17162
chr16	81648674	81848674	harbor2	chr16	81675787	81675940	DNA/hAT-Charlie	717	-	76	81675863	27189
chr16	81648674	81848674	harbor2	chr16	81708678	81708764	DNA/hAT-Charlie	440	-	43	81708721	60047
chr16	81648674	81848674	harbor2	chr16	81711898	81712101	DNA/hAT-Charlie	631	-	102	81712000	63326
chr16	81648674	81848674	harbor2	chr16	81712179	81712299	DNA/hAT-Charlie	500	-	60	81712239	63565
chr16	81648674	81848674	harbor2	chr16	81725526	81725637	DNA/hAT-Charlie	493	-	56	81725582	76908
chr16	81648674	81848674	harbor2	chr16	81726013	81726249	DNA/hAT-Charlie	1039	-	118	81726131	77457
chr16	81648674	81848674	harbor2	chr16	81738543	81738726	DNA/hAT-Charlie	658	-	92	81738635	89961
chr16	52305392	52505392	harbor2	chr16	52384155	52384317	DNA/hAT-Charlie	597	-	81	52384236	78844
chr16	52869549	53069549	harbor2	chr16	52871652	52871863	DNA/hAT-Charlie	976	-	106	52871758	2209
chr16	52869549	53069549	harbor2	chr16	52959975	52960252	DNA/hAT-Charlie	583	-	138	52960113	90564
chr16	52869549	53069549	harbor2	chr16	52960708	52960854	DNA/hAT-Charlie	428	-	73	52960781	91232
chr16	17117083	17317083	harbor2	chr16	17116983	17117163	DNA/hAT-Charlie	1056	-	90	17117073	10
chr16	17117083	17317083	harbor2	chr16	17135767	17135966	DNA/hAT-Charlie	727	-	100	17135867	18784
chr16	17117083	17317083	harbor2	chr16	17141705	17141893	DNA/hAT-Charlie	482	-	94	17141799	24716
chr16	17117083	17317083	harbor2	chr16	17142332	17142431	DNA/hAT-Charlie	1437	-	50	17142382	25299
chr16	17117083	17317083	harbor2	chr16	17142743	17142999	DNA/hAT-Charlie	1437	-	128	17142871	25788
chr16	17117083	17317083	harbor2	chr16	17184535	17184702	DNA/hAT-Charlie	871	-	84	17184619	67536
chr16	17117083	17317083	harbor2	chr16	17191002	17191199	DNA/hAT-Charlie	1495	-	98	17191100	74017
chr16	17117083	17317083	harbor2	chr16	17192693	17192808	DNA/hAT-Charlie	450	-	58	17192751	75668
chr16	17117083	17317083	harbor2	chr16	17193113	17193187	DNA/hAT-Charlie	450	-	37	17193150	76067
chr16	17117083	17317083	harbor2	chr16	17211827	17212063	DNA/hAT-Charlie	1147	-	118	17211945	94862
chr16	17117083	17317083	harbor2	chr16	17212255	17212437	DNA/hAT-Charlie	706	-	91	17212346	95263
chr16	90105114	90305114	harbor2	chr16	90123591	90123810	DNA/hAT-Charlie	863	-	110	90123701	18587
chr16	76155645	76355645	harbor2	chr16	76190560	76190740	DNA/hAT-Charlie	660	-	90	76190650	35005
chr16	76155645	76355645	harbor2	chr16	76226647	76226875	DNA/hAT-Charlie	984	-	114	76226761	71116
chr16	89983185	90183185	harbor2	chr16	90036670	90036822	DNA/hAT-Charlie	438	-	76	90036746	53561
chr16	47907362	48107362	harbor2	chr16	47961989	47962054	DNA/hAT-Charlie	599	-	32	47962021	54659
chr16	47907362	48107362	harbor2	chr16	47962403	47962484	DNA/hAT-Charlie	599	-	40	47962443	55081
chr16	47907362	48107362	harbor2	chr16	47962514	47962672	DNA/hAT-Charlie	913	-	79	47962593	55231
chr16	47907362	48107362	harbor2	chr16	47977112	47977253	DNA/hAT-Charlie	495	-	70	47977182	69820
chr16	47907362	48107362	harbor2	chr16	47977541	47977586	DNA/hAT-Charlie	495	-	22	47977563	70201
chr16	70051233	70251233	harbor2	chr16	70064146	70064365	DNA/hAT-Charlie	1226	-	110	70064256	13023
chr16	70051233	70251233	harbor2	chr16	70070873	70071215	DNA/hAT-Charlie	1568	-	171	70071044	19811
chr16	70051233	70251233	harbor2	chr16	70094584	70094733	DNA/hAT-Charlie	488	-	74	70094658	43425
chr16	12748454	12948454	harbor2	chr16	12775564	12775703	DNA/hAT-Charlie	568	-	70	12775634	27180
chr16	12748454	12948454	harbor2	chr16	12797610	12797825	DNA/hAT-Charlie	1349	-	108	12797718	49264
chr16	12748454	12948454	harbor2	chr16	12814226	12814301	DNA/hAT-Charlie	438	-	38	12814264	65810
chr16	12748454	12948454	harbor2	chr16	12815802	12815974	DNA/hAT-Charlie	567	-	86	12815888	67434
chr16	12748454	12948454	harbor2	chr16	12834442	12834586	DNA/hAT-Charlie	868	-	72	12834514	86060
chr16	12748454	12948454	harbor2	chr16	12834918	12835171	DNA/hAT-Charlie	868	-	126	12835044	86590
chr16	12748454	12948454	harbor2	chr16	12847882	12848021	DNA/hAT-Charlie	453	-	70	12847952	99498
chr16	64840019	65040019	harbor2	chr16	64863754	64863964	DNA/hAT-Charlie	477	-	105	64863859	23840
chr16	64840019	65040019	harbor2	chr16	64912790	64912963	DNA/hAT-Charlie	507	-	86	64912876	72857
chr16	82505647	82705647	harbor2	chr16	82506401	82506579	DNA/hAT-Charlie	628	-	89	82506490	843
chr16	82505647	82705647	harbor2	chr16	82526623	82526849	DNA/hAT-Charlie	1066	-	113	82526736	21089
chr16	82505647	82705647	harbor2	chr16	82539409	82539572	DNA/hAT-Charlie	598	-	82	82539491	33844
chr16	82505647	82705647	harbor2	chr16	82546405	82546507	DNA/hAT-Charlie	429	-	51	82546456	40809
chr16	82505647	82705647	harbor2	chr16	82550906	82551387	DNA/hAT-Charlie	693	-	240	82551146	45499
chr16	82505647	82705647	harbor2	chr16	82551689	82551840	DNA/hAT-Charlie	614	-	76	82551765	46118
chr16	82505647	82705647	harbor2	chr16	82553864	82553979	DNA/hAT-Charlie	674	-	58	82553922	48275
chr16	82505647	82705647	harbor2	chr16	82575304	82575476	DNA/hAT-Charlie	643	-	86	82575390	69743
chr16	73581244	73781244	harbor2	chr16	73625673	73625811	DNA/hAT-Charlie	661	-	69	73625742	44498
chr16	74422183	74622183	harbor2	chr16	74465417	74465588	DNA/hAT-Charlie	728	-	86	74465503	43320
chr16	89347997	89547997	harbor2	chr16	89364561	89364741	DNA/hAT-Charlie	988	-	90	89364651	16654
chr16	89347997	89547997	harbor2	chr16	89366799	89367001	DNA/hAT-Charlie	671	-	101	89366900	18903
chr16	83009664	83209664	harbor2	chr16	83009791	83009851	DNA/hAT-Charlie	592	-	30	83009821	157
chr16	83009664	83209664	harbor2	chr16	83010163	83010256	DNA/hAT-Charlie	592	-	46	83010209	545
chr16	83009664	83209664	harbor2	chr16	83013103	83013318	DNA/hAT-Charlie	1060	-	108	83013211	3547
chr16	83009664	83209664	harbor2	chr16	83043368	83043490	DNA/hAT-Charlie	1087	-	61	83043429	33765
chr16	83009664	83209664	harbor2	chr16	83043529	83043576	DNA/hAT-Charlie	1087	-	24	83043553	33889
chr16	83009664	83209664	harbor2	chr16	83043846	83044008	DNA/hAT-Charlie	1087	-	81	83043927	34263
chr16	83009664	83209664	harbor2	chr16	83064423	83064675	DNA/hAT-Charlie	886	-	126	83064549	54885
chr16	83009664	83209664	harbor2	chr16	83071953	83072293	DNA/hAT-Charlie	1169	-	170	83072123	62459
chr16	83009664	83209664	harbor2	chr16	83078275	83078630	DNA/hAT-Charlie	2087	-	178	83078453	68789
chr16	83009664	83209664	harbor2	chr16	83089803	83089955	DNA/hAT-Charlie	609	-	76	83089879	80215
chr16	84324346	84524346	harbor2	chr16	84324257	84324390	DNA/hAT-Charlie	528	-	66	84324323	23
chr16	84324346	84524346	harbor2	chr16	84331854	84332057	DNA/hAT-Charlie	1053	-	102	84331956	7610
chr16	84324346	84524346	harbor2	chr16	84388371	84388517	DNA/hAT-Charlie	594	-	73	84388444	64098
chr16	80197618	80397618	harbor2	chr16	80248575	80248718	DNA/hAT-Charlie	666	-	72	80248647	51029
chr16	80197618	80397618	harbor2	chr16	80248910	80249053	DNA/hAT-Charlie	666	-	72	80248982	51364
chr16	80197618	80397618	harbor2	chr16	80254552	80254932	DNA/hAT-Charlie	806	-	190	80254742	57124
chr16	80197618	80397618	harbor2	chr16	80262155	80262288	DNA/hAT-Charlie	766	-	66	80262221	64603
chr16	80197618	80397618	harbor2	chr16	80262668	80262835	DNA/hAT-Charlie	766	-	84	80262752	65134
chr16	80197618	80397618	harbor2	chr16	80292230	80293651	DNA/hAT-Charlie	5545	-	710	80292940	95322
chr16	80197618	80397618	harbor2	chr16	80297380	80297583	DNA/hAT-Charlie	940	-	102	80297482	99864
chr16	51091425	51291425	harbor2	chr16	51093107	51093303	DNA/hAT-Charlie	581	-	98	51093205	1780
chr16	51091425	51291425	harbor2	chr16	51120894	51121110	DNA/hAT-Charlie	1310	-	108	51121002	29577
chr16	51091425	51291425	harbor2	chr16	51126247	51126565	DNA/hAT-Charlie	842	-	159	51126406	34981
chr16	51091425	51291425	harbor2	chr16	51130427	51130648	DNA/hAT-Charlie	763	-	110	51130537	39112
chr16	51091425	51291425	harbor2	chr16	51161823	51162111	DNA/hAT-Charlie	822	-	144	51161967	70542
chr16	51091425	51291425	harbor2	chr16	51164014	51164171	DNA/hAT-Charlie	672	-	78	51164092	72667
chr16	51091425	51291425	harbor2	chr16	51180328	51180570	DNA/hAT-Charlie	453	-	121	51180449	89024
chr16	51091425	51291425	harbor2	chr16	51182915	51183091	DNA/hAT-Charlie	536	-	88	51183003	91578
chr16	75062971	75262971	harbor2	chr16	75089814	75089981	DNA/hAT-Charlie	534	-	84	75089898	26927
chr16	80687316	80887316	harbor2	chr16	80694029	80694363	DNA/hAT-Charlie	2368	-	167	80694196	6880
chr16	80687316	80887316	harbor2	chr16	80705645	80705856	DNA/hAT-Charlie	1340	-	106	80705751	18435
chr16	80687316	80887316	harbor2	chr16	80736755	80736876	DNA/hAT-Charlie	588	-	60	80736815	49499
chr16	80687316	80887316	harbor2	chr16	80736908	80737211	DNA/hAT-Charlie	743	-	152	80737060	49744
chr16	80687316	80887316	harbor2	chr16	80737636	80737801	DNA/hAT-Charlie	913	-	82	80737718	50402
chr16	65614012	65814012	harbor2	chr16	65667887	65668073	DNA/hAT-Charlie	415	-	93	65667980	53968
chr16	87508778	87708778	harbor2	chr16	87526517	87527075	DNA/hAT-Charlie	1532	-	279	87526796	18018
chr16	87508778	87708778	harbor2	chr16	87537437	87537593	DNA/hAT-Charlie	418	-	78	87537515	28737
chr16	87508778	87708778	harbor2	chr16	87559627	87559837	DNA/hAT-Charlie	808	-	105	87559732	50954
chr16	87508778	87708778	harbor2	chr16	87598908	87599110	DNA/hAT-Charlie	878	-	101	87599009	90231
chr16	65594336	65794336	harbor2	chr16	65599395	65599571	DNA/hAT-Charlie	781	-	88	65599483	5147
chr16	65594336	65794336	harbor2	chr16	65611394	65611549	DNA/hAT-Charlie	451	-	78	65611472	17136
chr16	65594336	65794336	harbor2	chr16	65613159	65613286	DNA/hAT-Charlie	635	-	64	65613223	18887
chr16	65594336	65794336	harbor2	chr16	65667887	65668073	DNA/hAT-Charlie	415	-	93	65667980	73644
chr16	82125554	82325554	harbor2	chr16	82167364	82167899	DNA/hAT-Charlie	3734	-	268	82167632	42078
chr16	64645605	64845605	harbor2	chr16	64660485	64660711	DNA/hAT-Charlie	1555	-	113	64660598	14993
chr16	64645605	64845605	harbor2	chr16	64664033	64664243	DNA/hAT-Charlie	882	-	105	64664138	18533
chr16	64645605	64845605	harbor2	chr16	64669322	64669653	DNA/hAT-Charlie	1789	-	166	64669488	23883
chr16	64645605	64845605	harbor2	chr16	64670319	64670510	DNA/hAT-Charlie	535	-	96	64670415	24810
chr16	64645605	64845605	harbor2	chr16	64677930	64678114	DNA/hAT-Charlie	580	-	92	64678022	32417
chr16	64645605	64845605	harbor2	chr16	64693064	64693240	DNA/hAT-Charlie	510	-	88	64693152	47547
chr16	64645605	64845605	harbor2	chr16	64697706	64697915	DNA/hAT-Charlie	668	-	104	64697810	52205
chr16	64645605	64845605	harbor2	chr16	64699258	64699715	DNA/hAT-Charlie	726	-	228	64699486	53881
chr16	64645605	64845605	harbor2	chr16	64703364	64704291	DNA/hAT-Charlie	2155	-	464	64703828	58223
chr16	64645605	64845605	harbor2	chr16	64705149	64705577	DNA/hAT-Charlie	426	-	214	64705363	59758
chr16	64645605	64845605	harbor2	chr16	64721506	64721687	DNA/hAT-Charlie	545	-	90	64721596	75991
chr16	64645605	64845605	harbor2	chr16	64722002	64722089	DNA/hAT-Charlie	545	-	44	64722046	76441
chr16	20689644	20889644	harbor2	chr16	20713341	20713503	DNA/hAT-Charlie	471	-	81	20713422	23778
chr16	20689644	20889644	harbor2	chr16	20720100	20720609	DNA/hAT-Charlie	3308	-	254	20720354	30710
chr16	20689644	20889644	harbor2	chr16	20725528	20725690	DNA/hAT-Charlie	960	-	81	20725609	35965
chr16	20689644	20889644	harbor2	chr16	20725986	20726048	DNA/hAT-Charlie	960	-	31	20726017	36373
chr16	20689644	20889644	harbor2	chr16	20734836	20736858	DNA/hAT-Charlie	8871	-	1011	20735847	46203
chr16	20689644	20889644	harbor2	chr16	20768352	20768506	DNA/hAT-Charlie	812	-	77	20768429	78785
chr16	20689644	20889644	harbor2	chr16	20768517	20768696	DNA/hAT-Charlie	607	-	90	20768607	78963
chr16	20689644	20889644	harbor2	chr16	20780065	20780269	DNA/hAT-Charlie	852	-	102	20780167	90523
chr16	20689644	20889644	harbor2	chr16	20784194	20784394	DNA/hAT-Charlie	837	-	100	20784294	94650
chr16	50045039	50245039	harbor2	chr16	50056085	50056197	DNA/hAT-Charlie	693	-	56	50056141	11102
chr16	50045039	50245039	harbor2	chr16	50109250	50109572	DNA/hAT-Charlie	1055	-	161	50109411	64372
chr16	71971474	72171474	harbor2	chr16	72001209	72001281	DNA/hAT-Charlie	810	-	36	72001245	29771
chr16	71971474	72171474	harbor2	chr16	72001425	72001967	DNA/hAT-Charlie	810	-	271	72001696	30222
chr16	71971474	72171474	harbor2	chr16	72011025	72011336	DNA/hAT-Charlie	413	-	156	72011181	39707
chr16	71971474	72171474	harbor2	chr16	72011569	72011818	DNA/hAT-Charlie	535	-	124	72011693	40219
chr16	71971474	72171474	harbor2	chr16	72014240	72014429	DNA/hAT-Charlie	498	-	94	72014334	42860
chr16	71971474	72171474	harbor2	chr16	72015021	72015341	DNA/hAT-Charlie	920	-	160	72015181	43707
chr16	71971474	72171474	harbor2	chr16	72055121	72055145	DNA/hAT-Charlie	482	-	12	72055133	83659
chr16	71971474	72171474	harbor2	chr16	72055438	72055695	DNA/hAT-Charlie	482	-	128	72055566	84092
chr16	71971474	72171474	harbor2	chr16	72063726	72063750	DNA/hAT-Charlie	552	-	12	72063738	92264
chr16	71971474	72171474	harbor2	chr16	72064040	72064266	DNA/hAT-Charlie	552	-	113	72064153	92679
chr16	50305798	50505798	harbor2	chr16	50357084	50357271	DNA/hAT-Charlie	1009	-	94	50357178	51380
chr16	50305798	50505798	harbor2	chr16	50358015	50358188	DNA/hAT-Charlie	623	-	86	50358101	52303
chr16	50305798	50505798	harbor2	chr16	50405653	50405819	DNA/hAT-Charlie	862	-	83	50405736	99938
chr16	90099264	90299264	harbor2	chr16	90123591	90123810	DNA/hAT-Charlie	863	-	110	90123701	24437
chr16	74506532	74706532	harbor2	chr16	74530367	74530577	DNA/hAT-Charlie	779	-	105	74530472	23940
chr16	74506532	74706532	harbor2	chr16	74576445	74576640	DNA/hAT-Charlie	704	-	98	74576543	70011
chr16	74506532	74706532	harbor2	chr16	74596536	74596683	DNA/hAT-Charlie	749	-	74	74596610	90078
chr16	78399454	78599454	harbor2	chr16	78429677	78429971	DNA/hAT-Charlie	606	-	147	78429824	30370
chr16	78399454	78599454	harbor2	chr16	78480104	78480289	DNA/hAT-Charlie	887	-	92	78480196	80742
chr16	78399454	78599454	harbor2	chr16	78487604	78487769	DNA/hAT-Charlie	689	-	82	78487686	88232
chr16	83057426	83257426	harbor2	chr16	83064423	83064675	DNA/hAT-Charlie	886	-	126	83064549	7123
chr16	83057426	83257426	harbor2	chr16	83071953	83072293	DNA/hAT-Charlie	1169	-	170	83072123	14697
chr16	83057426	83257426	harbor2	chr16	83078275	83078630	DNA/hAT-Charlie	2087	-	178	83078453	21027
chr16	83057426	83257426	harbor2	chr16	83089803	83089955	DNA/hAT-Charlie	609	-	76	83089879	32453
chr16	83057426	83257426	harbor2	chr16	83128097	83128259	DNA/hAT-Charlie	447	-	81	83128178	70752
chr16	73133967	73333967	harbor2	chr16	73204122	73204652	DNA/hAT-Charlie	3392	-	265	73204387	70420
chr16	73133967	73333967	harbor2	chr16	73209116	73209286	DNA/hAT-Charlie	1621	-	85	73209201	75234
chr16	73133967	73333967	harbor2	chr16	73209659	73209899	DNA/hAT-Charlie	1621	-	120	73209779	75812
chr16	73133967	73333967	harbor2	chr16	73224926	73225195	DNA/hAT-Charlie	715	-	134	73225060	91093
chr16	27295733	27495733	harbor2	chr16	27301369	27301652	DNA/hAT-Charlie	1239	-	142	27301511	5778
chr16	27295733	27495733	harbor2	chr16	27342500	27342662	DNA/hAT-Charlie	533	-	81	27342581	46848
chr16	27295733	27495733	harbor2	chr16	27342804	27342974	DNA/hAT-Charlie	731	-	85	27342889	47156
chr16	27295733	27495733	harbor2	chr16	27353038	27353131	DNA/hAT-Charlie	506	-	46	27353084	57351
chr16	27295733	27495733	harbor2	chr16	27353352	27353633	DNA/hAT-Charlie	990	-	140	27353492	57759
chr16	27295733	27495733	harbor2	chr16	27353803	27353944	DNA/hAT-Charlie	569	-	70	27353873	58140
chr16	82951413	83151413	harbor2	chr16	82969183	82969393	DNA/hAT-Charlie	767	-	105	82969288	17875
chr16	82951413	83151413	harbor2	chr16	82969554	82969722	DNA/hAT-Charlie	824	-	84	82969638	18225
chr16	82951413	83151413	harbor2	chr16	82994504	82994838	DNA/hAT-Charlie	431	-	167	82994671	43258
chr16	82951413	83151413	harbor2	chr16	83009791	83009851	DNA/hAT-Charlie	592	-	30	83009821	58408
chr16	82951413	83151413	harbor2	chr16	83010163	83010256	DNA/hAT-Charlie	592	-	46	83010209	58796
chr16	82951413	83151413	harbor2	chr16	83013103	83013318	DNA/hAT-Charlie	1060	-	108	83013211	61798
chr16	82951413	83151413	harbor2	chr16	83043368	83043490	DNA/hAT-Charlie	1087	-	61	83043429	92016
chr16	82951413	83151413	harbor2	chr16	83043529	83043576	DNA/hAT-Charlie	1087	-	24	83043553	92140
chr16	82951413	83151413	harbor2	chr16	83043846	83044008	DNA/hAT-Charlie	1087	-	81	83043927	92514
chr16	82613937	82813937	harbor2	chr16	82621768	82621945	DNA/hAT-Charlie	629	-	88	82621856	7919
chr16	82613937	82813937	harbor2	chr16	82632638	82633166	DNA/hAT-Charlie	3554	-	264	82632902	18965
chr16	82613937	82813937	harbor2	chr16	82640420	82640613	DNA/hAT-Charlie	662	-	96	82640516	26579
chr16	82613937	82813937	harbor2	chr16	82659757	82659974	DNA/hAT-Charlie	940	-	108	82659865	45928
chr16	82613937	82813937	harbor2	chr16	82661881	82662080	DNA/hAT-Charlie	754	-	100	82661981	48044
chr16	82613937	82813937	harbor2	chr16	82696106	82696713	DNA/hAT-Charlie	1579	-	304	82696410	82473
chr16	82613937	82813937	harbor2	chr16	82697221	82697382	DNA/hAT-Charlie	1579	-	80	82697301	83364
chr16	82613937	82813937	harbor2	chr16	82698807	82699040	DNA/hAT-Charlie	851	-	116	82698923	84986
chr16	10565624	10765624	harbor2	chr16	10566155	10566580	DNA/hAT-Charlie	1233	-	212	10566367	743
chr16	10565624	10765624	harbor2	chr16	10576024	10576283	DNA/hAT-Charlie	518	-	130	10576154	10530
chr16	10565624	10765624	harbor2	chr16	10582477	10582739	DNA/hAT-Charlie	919	-	131	10582608	16984
chr16	10565624	10765624	harbor2	chr16	10592761	10592857	DNA/hAT-Charlie	458	-	48	10592809	27185
chr16	10565624	10765624	harbor2	chr16	10600945	10601181	DNA/hAT-Charlie	659	-	118	10601063	35439
chr16	10565624	10765624	harbor2	chr16	10609767	10609928	DNA/hAT-Charlie	959	-	80	10609847	44223
chr16	10565624	10765624	harbor2	chr16	10610221	10610385	DNA/hAT-Charlie	959	-	82	10610303	44679
chr16	10565624	10765624	harbor2	chr16	10656019	10656240	DNA/hAT-Charlie	1091	-	110	10656129	90505
chr16	10565624	10765624	harbor2	chr16	10658660	10658714	DNA/hAT-Charlie	862	-	27	10658687	93063
chr16	10565624	10765624	harbor2	chr16	10659018	10659187	DNA/hAT-Charlie	862	-	84	10659102	93478
chr16	10565624	10765624	harbor2	chr16	10661065	10661227	DNA/hAT-Charlie	786	-	81	10661146	95522
chr16	10565624	10765624	harbor2	chr16	10662065	10662297	DNA/hAT-Charlie	1102	-	116	10662181	96557
chr16	10565624	10765624	harbor2	chr16	10663630	10663848	DNA/hAT-Charlie	1052	-	109	10663739	98115
chr16	10565624	10765624	harbor2	chr16	10664335	10664489	DNA/hAT-Charlie	1001	-	77	10664412	98788
chr16	51621469	51821469	harbor2	chr16	51640807	51640918	DNA/hAT-Charlie	440	-	56	51640863	19394
chr16	51621469	51821469	harbor2	chr16	51641273	51641305	DNA/hAT-Charlie	440	-	16	51641289	19820
chr16	64909815	65109815	harbor2	chr16	64912790	64912963	DNA/hAT-Charlie	507	-	86	64912876	3061
chr16	64909815	65109815	harbor2	chr16	64940088	64940314	DNA/hAT-Charlie	539	-	113	64940201	30386
chr16	64909815	65109815	harbor2	chr16	64978311	64978493	DNA/hAT-Charlie	742	-	91	64978402	68587
chr16	77612590	77812590	harbor2	chr16	77624912	77625143	DNA/hAT-Charlie	1014	-	116	77625028	12438
chr16	77612590	77812590	harbor2	chr16	77703940	77704158	DNA/hAT-Charlie	637	-	109	77704049	91459
chr16	77612590	77812590	harbor2	chr16	77710073	77710230	DNA/hAT-Charlie	632	-	78	77710151	97561
chr16	77612590	77812590	harbor2	chr16	77627308	77627459	DNA/hAT-Charlie	438	-	76	77627384	14794
chr16	83433773	83633773	harbor2	chr16	83450912	83451092	DNA/hAT-Charlie	874	-	90	83451002	17229
chr16	83433773	83633773	harbor2	chr16	83476201	83476347	DNA/hAT-Charlie	771	-	73	83476274	42501
chr16	83433773	83633773	harbor2	chr16	83488051	83488254	DNA/hAT-Charlie	885	-	102	83488153	54380
chr16	83433773	83633773	harbor2	chr16	83494974	83495090	DNA/hAT-Charlie	433	-	58	83495032	61259
chr16	83433773	83633773	harbor2	chr16	83509354	83509578	DNA/hAT-Charlie	1215	-	112	83509466	75693
chr16	83433773	83633773	harbor2	chr16	83526318	83526665	DNA/hAT-Charlie	1995	-	174	83526492	92719
chr16	79614129	79814129	harbor2	chr16	79621886	79622089	DNA/hAT-Charlie	1084	-	102	79621988	7859
chr16	79614129	79814129	harbor2	chr16	79685535	79685662	DNA/hAT-Charlie	615	-	64	79685599	71470
chr16	79614129	79814129	harbor2	chr16	79689045	79689178	DNA/hAT-Charlie	761	-	66	79689111	74982
chr16	79614129	79814129	harbor2	chr16	79707466	79707598	DNA/hAT-Charlie	570	-	66	79707532	93403
chr16	68483543	68683543	harbor2	chr16	68550064	68550255	DNA/hAT-Charlie	1049	-	96	68550160	66617
chr16	68483543	68683543	harbor2	chr16	68550551	68550606	DNA/hAT-Charlie	1049	-	28	68550579	67036
chr16	68483543	68683543	harbor2	chr16	68582027	68582152	DNA/hAT-Charlie	571	-	62	68582089	98546
chr16	67349501	67549501	harbor2	chr16	67383398	67383576	DNA/hAT-Charlie	955	-	89	67383487	33986
chr16	67349501	67549501	harbor2	chr16	67403086	67403325	DNA/hAT-Charlie	452	-	120	67403206	53705
chr16	86233989	86433989	harbor2	chr16	86262051	86262173	DNA/hAT-Charlie	423	-	61	86262112	28123
chr16	86233989	86433989	harbor2	chr16	86306854	86307051	DNA/hAT-Charlie	630	-	98	86306952	72963
chr16	69191513	69391513	harbor2	chr16	69260565	69260759	DNA/hAT-Charlie	856	-	97	69260662	69149
chr16	61692513	61892513	harbor2	chr16	61695531	61695673	DNA/hAT-Charlie	593	-	71	61695602	3089
chr16	61692513	61892513	harbor2	chr16	61768884	61769018	DNA/hAT-Charlie	447	-	67	61768951	76438
chr16	61692513	61892513	harbor2	chr16	61769028	61769243	DNA/hAT-Charlie	631	-	108	61769136	76623
chr16	89877231	90077231	harbor2	chr16	89962298	89962378	DNA/hAT-Charlie	972	-	40	89962338	85107
chr16	89877231	90077231	harbor2	chr16	89962679	89962898	DNA/hAT-Charlie	972	-	110	89962789	85558
chr16	89877231	90077231	harbor2	chr16	89964939	89965532	DNA/hAT-Charlie	1930	-	296	89965235	88004
chr16	74990404	75190404	harbor2	chr16	75001995	75002179	DNA/hAT-Charlie	522	-	92	75002087	11683
chr16	74990404	75190404	harbor2	chr16	75022612	75022765	DNA/hAT-Charlie	728	-	76	75022688	32284
chr16	74990404	75190404	harbor2	chr16	75089814	75089981	DNA/hAT-Charlie	534	-	84	75089898	99494
chr16	58071046	58271046	harbor2	chr16	58170969	58171086	DNA/hAT-Charlie	515	-	58	58171027	99981
chr16	86864969	87064969	harbor2	chr16	86905816	86906043	DNA/hAT-Charlie	837	-	114	86905930	40961
chr16	86864969	87064969	harbor2	chr16	86907974	86908105	DNA/hAT-Charlie	568	-	66	86908040	43071
chr16	86864969	87064969	harbor2	chr16	86942286	86942446	DNA/hAT-Charlie	604	-	80	86942366	77397
chr16	83964755	84164755	harbor2	chr16	84023975	84024164	DNA/hAT-Charlie	734	-	94	84024069	59314
chr16	83964755	84164755	harbor2	chr16	84043384	84043561	DNA/hAT-Charlie	691	-	88	84043472	78717
chr16	83175068	83375068	harbor2	chr16	83175042	83175168	DNA/hAT-Charlie	801	-	63	83175105	37
chr16	83175068	83375068	harbor2	chr16	83178161	83178375	DNA/hAT-Charlie	837	-	107	83178268	3200
chr16	83175068	83375068	harbor2	chr16	83212709	83212896	DNA/hAT-Charlie	693	-	94	83212803	37735
chr16	83175068	83375068	harbor2	chr16	83222863	83223084	DNA/hAT-Charlie	1051	-	110	83222973	47905
chr16	75515300	75715300	harbor2	chr16	75574736	75574784	DNA/hAT-Charlie	553	-	24	75574760	59460
chr16	75515300	75715300	harbor2	chr16	75575049	75575152	DNA/hAT-Charlie	553	-	52	75575101	59801
chr16	75515300	75715300	harbor2	chr16	75575208	75575299	DNA/hAT-Charlie	1226	-	46	75575254	59954
chr16	75515300	75715300	harbor2	chr16	75575831	75576063	DNA/hAT-Charlie	1226	-	116	75575947	60647
chr16	75515300	75715300	harbor2	chr16	75593420	75593532	DNA/hAT-Charlie	458	-	56	75593476	78176
chr16	75515300	75715300	harbor2	chr16	75597461	75597994	DNA/hAT-Charlie	3668	-	266	75597727	82427
chr16	75515300	75715300	harbor2	chr16	75613283	75613312	DNA/hAT-Charlie	950	-	14	75613297	97997
chr16	75515300	75715300	harbor2	chr16	75613611	75613805	DNA/hAT-Charlie	950	-	97	75613708	98408
chr16	27197045	27397045	harbor2	chr16	27233737	27233902	DNA/hAT-Charlie	573	-	82	27233819	36774
chr16	70161004	70361004	harbor2	chr16	70183986	70184292	DNA/hAT-Charlie	487	-	153	70184139	23135
chr16	56536773	56736773	harbor2	chr16	56541212	56541330	DNA/hAT-Charlie	416	-	59	56541271	4498
chr16	56536773	56736773	harbor2	chr16	56541627	56541760	DNA/hAT-Charlie	416	-	66	56541693	4920
chr16	56536773	56736773	harbor2	chr16	56571708	56572005	DNA/hAT-Charlie	1347	-	148	56571856	35083
chr16	56536773	56736773	harbor2	chr16	56580361	56580581	DNA/hAT-Charlie	1222	-	110	56580471	43698
chr16	56536773	56736773	harbor2	chr16	56582152	56582347	DNA/hAT-Charlie	672	-	98	56582250	45477
chr16	56536773	56736773	harbor2	chr16	56609871	56610110	DNA/hAT-Charlie	502	-	120	56609991	73218
chr16	88897369	89097369	harbor2	chr16	88947321	88947631	DNA/hAT-Charlie	1547	-	155	88947476	50107
chr16	88897369	89097369	harbor2	chr16	88947942	88948269	DNA/hAT-Charlie	1547	-	164	88948106	50737
chr16	88897369	89097369	harbor2	chr16	88981869	88982012	DNA/hAT-Charlie	428	-	72	88981941	84572
chr16	80249266	80449266	harbor2	chr16	80254552	80254932	DNA/hAT-Charlie	806	-	190	80254742	5476
chr16	80249266	80449266	harbor2	chr16	80262155	80262288	DNA/hAT-Charlie	766	-	66	80262221	12955
chr16	80249266	80449266	harbor2	chr16	80262668	80262835	DNA/hAT-Charlie	766	-	84	80262752	13486
chr16	80249266	80449266	harbor2	chr16	80292230	80293651	DNA/hAT-Charlie	5545	-	710	80292940	43674
chr16	80249266	80449266	harbor2	chr16	80297380	80297583	DNA/hAT-Charlie	940	-	102	80297482	48216
chr16	80249266	80449266	harbor2	chr16	80297714	80297883	DNA/hAT-Charlie	688	-	84	80297798	48532
chr16	80249266	80449266	harbor2	chr16	80304099	80304298	DNA/hAT-Charlie	1004	-	100	80304199	54933
chr16	80249266	80449266	harbor2	chr16	80315628	80315948	DNA/hAT-Charlie	1244	-	160	80315788	66522
chr16	80249266	80449266	harbor2	chr16	80326908	80327081	DNA/hAT-Charlie	648	-	86	80326994	77728
chr16	59781518	59981518	harbor2	chr16	59783132	59783298	DNA/hAT-Charlie	593	-	83	59783215	1697
chr16	77373932	77573932	harbor2	chr16	77390769	77390949	DNA/hAT-Charlie	849	-	90	77390859	16927
chr16	77373932	77573932	harbor2	chr16	77398579	77398804	DNA/hAT-Charlie	964	-	112	77398691	24759
chr16	77373932	77573932	harbor2	chr16	77410042	77410297	DNA/hAT-Charlie	424	-	128	77410170	36238
chr16	77373932	77573932	harbor2	chr16	77420356	77420502	DNA/hAT-Charlie	589	-	73	77420429	46497
chr16	77373932	77573932	harbor2	chr16	77426082	77426249	DNA/hAT-Charlie	434	-	84	77426166	52234
chr16	77373932	77573932	harbor2	chr16	77437472	77437679	DNA/hAT-Charlie	897	-	104	77437576	63644
chr16	77373932	77573932	harbor2	chr16	77452058	77452578	DNA/hAT-Charlie	3706	-	260	77452318	78386
chr16	56085230	56285230	harbor2	chr16	56133388	56133681	DNA/hAT-Charlie	1425	-	146	56133534	48304
chr16	56085230	56285230	harbor2	chr16	56164989	56165145	DNA/hAT-Charlie	495	-	78	56165067	79837
chr16	82627225	82827225	harbor2	chr16	82632638	82633166	DNA/hAT-Charlie	3554	-	264	82632902	5677
chr16	82627225	82827225	harbor2	chr16	82640420	82640613	DNA/hAT-Charlie	662	-	96	82640516	13291
chr16	82627225	82827225	harbor2	chr16	82659757	82659974	DNA/hAT-Charlie	940	-	108	82659865	32640
chr16	82627225	82827225	harbor2	chr16	82661881	82662080	DNA/hAT-Charlie	754	-	100	82661981	34756
chr16	82627225	82827225	harbor2	chr16	82696106	82696713	DNA/hAT-Charlie	1579	-	304	82696410	69185
chr16	82627225	82827225	harbor2	chr16	82697221	82697382	DNA/hAT-Charlie	1579	-	80	82697301	70076
chr16	82627225	82827225	harbor2	chr16	82698807	82699040	DNA/hAT-Charlie	851	-	116	82698923	71698
chr16	82627225	82827225	harbor2	chr16	82726230	82726553	DNA/hAT-Charlie	1228	-	162	82726392	99167
chr16	68049123	68249123	harbor2	chr16	68114399	68114576	DNA/hAT-Charlie	1742	-	88	68114487	65364
chr16	68049123	68249123	harbor2	chr16	68114873	68115064	DNA/hAT-Charlie	1742	-	96	68114969	65846
chr16	68049123	68249123	harbor2	chr16	68115362	68115406	DNA/hAT-Charlie	1742	-	22	68115384	66261
chr16	68049123	68249123	harbor2	chr16	68115725	68115919	DNA/hAT-Charlie	1742	-	97	68115822	66699
chr16	68049123	68249123	harbor2	chr16	68115966	68116253	DNA/hAT-Charlie	917	-	144	68116110	66987
chr16	20665978	20865978	harbor2	chr16	20713341	20713503	DNA/hAT-Charlie	471	-	81	20713422	47444
chr16	20665978	20865978	harbor2	chr16	20720100	20720609	DNA/hAT-Charlie	3308	-	254	20720354	54376
chr16	20665978	20865978	harbor2	chr16	20725528	20725690	DNA/hAT-Charlie	960	-	81	20725609	59631
chr16	20665978	20865978	harbor2	chr16	20725986	20726048	DNA/hAT-Charlie	960	-	31	20726017	60039
chr16	20665978	20865978	harbor2	chr16	20734836	20736858	DNA/hAT-Charlie	8871	-	1011	20735847	69869
chr16	24390079	24590079	harbor2	chr16	24404868	24405041	DNA/hAT-Charlie	767	-	86	24404954	14875
chr16	24390079	24590079	harbor2	chr16	24432944	24433118	DNA/hAT-Charlie	724	-	87	24433031	42952
chr16	24390079	24590079	harbor2	chr16	24442538	24443016	DNA/hAT-Charlie	3000	-	239	24442777	52698
chr16	24390079	24590079	harbor2	chr16	24459329	24459494	DNA/hAT-Charlie	984	-	82	24459411	69332
chr16	24390079	24590079	harbor2	chr16	24462408	24462554	DNA/hAT-Charlie	805	-	73	24462481	72402
chr16	81122240	81322240	harbor2	chr16	81136912	81137000	DNA/hAT-Charlie	418	-	44	81136956	14716
chr16	81122240	81322240	harbor2	chr16	81145490	81145627	DNA/hAT-Charlie	839	-	68	81145558	23318
chr16	81122240	81322240	harbor2	chr16	81146221	81146298	DNA/hAT-Charlie	839	-	38	81146259	24019
chr16	81122240	81322240	harbor2	chr16	81208834	81209021	DNA/hAT-Charlie	817	-	94	81208928	86688
chr16	81122240	81322240	harbor2	chr16	81210944	81211051	DNA/hAT-Charlie	476	-	54	81210998	88758
chr16	88850236	89050236	harbor2	chr16	88855044	88855212	DNA/hAT-Charlie	545	-	84	88855128	4892
chr16	88850236	89050236	harbor2	chr16	88855628	88855807	DNA/hAT-Charlie	473	-	90	88855718	5482
chr16	88850236	89050236	harbor2	chr16	88947321	88947631	DNA/hAT-Charlie	1547	-	155	88947476	97240
chr16	88850236	89050236	harbor2	chr16	88947942	88948269	DNA/hAT-Charlie	1547	-	164	88948106	97870
chr16	80606320	80806320	harbor2	chr16	80694029	80694363	DNA/hAT-Charlie	2368	-	167	80694196	87876
chr16	80606320	80806320	harbor2	chr16	80705645	80705856	DNA/hAT-Charlie	1340	-	106	80705751	99431
chr16	81021343	81221343	harbor2	chr16	81062446	81062615	DNA/hAT-Charlie	446	-	84	81062530	41187
chr16	81021343	81221343	harbor2	chr16	81078141	81078256	DNA/hAT-Charlie	490	-	58	81078199	56856
chr16	72258615	72458615	harbor2	chr16	72266917	72267124	DNA/hAT-Charlie	1071	-	104	72267021	8406
chr16	72258615	72458615	harbor2	chr16	72294851	72295068	DNA/hAT-Charlie	1457	-	108	72294959	36344
chr16	72258615	72458615	harbor2	chr16	72348592	72348933	DNA/hAT-Charlie	2294	-	170	72348762	90147
chr16	88915749	89115749	harbor2	chr16	88947321	88947631	DNA/hAT-Charlie	1547	-	155	88947476	31727
chr16	88915749	89115749	harbor2	chr16	88947942	88948269	DNA/hAT-Charlie	1547	-	164	88948106	32357
chr16	88915749	89115749	harbor2	chr16	88981869	88982012	DNA/hAT-Charlie	428	-	72	88981941	66192
chr16	53009274	53209274	harbor2	chr16	53027295	53027445	DNA/hAT-Charlie	493	-	75	53027370	18096
chr16	53009274	53209274	harbor2	chr16	53027735	53027860	DNA/hAT-Charlie	493	-	62	53027797	18523
chr16	53009274	53209274	harbor2	chr16	53055421	53055598	DNA/hAT-Charlie	548	-	88	53055509	46235
chr16	53009274	53209274	harbor2	chr16	53059700	53059782	DNA/hAT-Charlie	521	-	41	53059741	50467
chr16	53009274	53209274	harbor2	chr16	53059893	53060061	DNA/hAT-Charlie	1348	-	84	53059977	50703
chr16	53009274	53209274	harbor2	chr16	53060196	53060289	DNA/hAT-Charlie	1348	-	46	53060242	50968
chr16	86782651	86982651	harbor2	chr16	86782913	86783438	DNA/hAT-Charlie	3777	-	262	86783175	524
chr16	86782651	86982651	harbor2	chr16	86795771	86795953	DNA/hAT-Charlie	1336	-	91	86795862	13211
chr16	86782651	86982651	harbor2	chr16	86808764	86809092	DNA/hAT-Charlie	1800	-	164	86808928	26277
chr16	86782651	86982651	harbor2	chr16	86819690	86819880	DNA/hAT-Charlie	646	-	95	86819785	37134
chr16	86782651	86982651	harbor2	chr16	86822180	86822361	DNA/hAT-Charlie	1005	-	90	86822270	39619
chr17	78086603	78286603	harbor2	chr17	78154994	78155263	DNA/hAT-Charlie	810	-	134	78155128	68525
chr17	78086603	78286603	harbor2	chr17	78176755	78176947	DNA/hAT-Charlie	511	-	96	78176851	90248
chr17	78086603	78286603	harbor2	chr17	78184656	78184878	DNA/hAT-Charlie	939	-	111	78184767	98164
chr17	77138558	77338558	harbor2	chr17	77178527	77178851	DNA/hAT-Charlie	1593	-	162	77178689	40131
chr17	77138558	77338558	harbor2	chr17	77237945	77238107	DNA/hAT-Charlie	967	-	81	77238026	99468
chr17	77138558	77338558	harbor2	chr17	77238416	77238471	DNA/hAT-Charlie	967	-	28	77238444	99886
chr17	8644596	8844596	harbor2	chr17	8678090	8678265	DNA/hAT-Charlie	785	-	88	8678178	33582
chr17	8644596	8844596	harbor2	chr17	8728307	8728490	DNA/hAT-Charlie	1069	-	92	8728399	83803
chr17	8644596	8844596	harbor2	chr17	8735845	8736023	DNA/hAT-Charlie	513	-	89	8735934	91338
chr17	83144114	83344114	harbor2	chr17	83194626	83194934	DNA/hAT-Charlie	1381	-	154	83194780	50666
chr17	54893005	55093005	harbor2	chr17	54966438	54966661	DNA/hAT-Charlie	1056	-	112	54966550	73545
chr17	54893005	55093005	harbor2	chr17	54967507	54967716	DNA/hAT-Charlie	644	-	104	54967611	74606
chr17	74419100	74619100	harbor2	chr17	74454492	74454698	DNA/hAT-Charlie	625	-	103	74454595	35495
chr17	77021489	77221489	harbor2	chr17	77026437	77026910	DNA/hAT-Charlie	1711	-	236	77026673	5184
chr17	77021489	77221489	harbor2	chr17	77101592	77101739	DNA/hAT-Charlie	663	-	74	77101666	80177
chr17	76575114	76775114	harbor2	chr17	76586603	76586930	DNA/hAT-Charlie	1971	-	164	76586767	11653
chr17	70396397	70596397	harbor2	chr17	70403621	70403759	DNA/hAT-Charlie	688	-	69	70403690	7293
chr17	70396397	70596397	harbor2	chr17	70438760	70438907	DNA/hAT-Charlie	613	-	74	70438834	42437
chr17	82664867	82864867	harbor2	chr17	82764651	82764771	DNA/hAT-Charlie	515	-	60	82764711	99844
chr17	49316410	49516410	harbor2	chr17	49385421	49385539	DNA/hAT-Charlie	1386	-	59	49385480	69070
chr17	49316410	49516410	harbor2	chr17	49385788	49386168	DNA/hAT-Charlie	1386	-	190	49385978	69568
chr17	49316410	49516410	harbor2	chr17	49398476	49398688	DNA/hAT-Charlie	805	-	106	49398582	82172
chr17	51367844	51567844	harbor2	chr17	51386358	51386559	DNA/hAT-Charlie	1124	-	100	51386458	18614
chr17	51367844	51567844	harbor2	chr17	51411971	51412200	DNA/hAT-Charlie	634	-	114	51412085	44241
chr17	51367844	51567844	harbor2	chr17	51455448	51455570	DNA/hAT-Charlie	617	-	61	51455509	87665
chr17	63754062	63954062	harbor2	chr17	63767630	63767763	DNA/hAT-Charlie	510	-	66	63767696	13634
chr17	63754062	63954062	harbor2	chr17	63769668	63769878	DNA/hAT-Charlie	1481	-	105	63769773	15711
chr17	63754062	63954062	harbor2	chr17	63797451	63797655	DNA/hAT-Charlie	880	-	102	63797553	43491
chr17	63754062	63954062	harbor2	chr17	63836584	63836827	DNA/hAT-Charlie	550	-	122	63836706	82644
chr17	75401213	75601213	harbor2	chr17	75449203	75449392	DNA/hAT-Charlie	1110	-	94	75449297	48084
chr17	66501035	66701035	harbor2	chr17	66509972	66510173	DNA/hAT-Charlie	1604	-	100	66510072	9037
chr17	66501035	66701035	harbor2	chr17	66581197	66581436	DNA/hAT-Charlie	1145	-	120	66581317	80282
chr17	66501035	66701035	harbor2	chr17	66589781	66590109	DNA/hAT-Charlie	2168	-	164	66589945	88910
chr17	61475727	61675727	harbor2	chr17	61527185	61527570	DNA/hAT-Charlie	4761	-	192	61527377	51650
chr17	61475727	61675727	harbor2	chr17	61527880	61528704	DNA/hAT-Charlie	4761	-	412	61528292	52565
chr17	61475727	61675727	harbor2	chr17	61528995	61529259	DNA/hAT-Charlie	4761	-	132	61529127	53400
chr17	61475727	61675727	harbor2	chr17	61549866	61550066	DNA/hAT-Charlie	1041	-	100	61549966	74239
chr17	49317419	49517419	harbor2	chr17	49385421	49385539	DNA/hAT-Charlie	1386	-	59	49385480	68061
chr17	49317419	49517419	harbor2	chr17	49385788	49386168	DNA/hAT-Charlie	1386	-	190	49385978	68559
chr17	49317419	49517419	harbor2	chr17	49398476	49398688	DNA/hAT-Charlie	805	-	106	49398582	81163
chr17	78895602	79095602	harbor2	chr17	78912767	78912919	DNA/hAT-Charlie	577	-	76	78912843	17241
chr17	78895602	79095602	harbor2	chr17	78931022	78931205	DNA/hAT-Charlie	855	-	92	78931114	35512
chr17	46315256	46515256	harbor2	chr17	46344298	46344438	DNA/hAT-Charlie	508	-	70	46344368	29112
chr17	46315256	46515256	harbor2	chr17	46356287	46356335	DNA/hAT-Charlie	674	-	24	46356311	41055
chr17	46315256	46515256	harbor2	chr17	46356631	46356760	DNA/hAT-Charlie	674	-	64	46356695	41439
chr17	46315256	46515256	harbor2	chr17	46389623	46389715	DNA/hAT-Charlie	528	-	46	46389669	74413
chr17	46315256	46515256	harbor2	chr17	46402226	46402723	DNA/hAT-Charlie	1653	-	248	46402474	87218
chr17	46315256	46515256	harbor2	chr17	46403035	46403293	DNA/hAT-Charlie	1653	-	129	46403164	87908
chr17	46315256	46515256	harbor2	chr17	46403530	46403702	DNA/hAT-Charlie	1362	-	86	46403616	88360
chr17	46315256	46515256	harbor2	chr17	46404000	46404348	DNA/hAT-Charlie	1362	-	174	46404174	88918
chr17	44295669	44495669	harbor2	chr17	44343089	44343299	DNA/hAT-Charlie	1060	-	105	44343194	47525
chr17	77863767	78063767	harbor2	chr17	77909080	77909363	DNA/hAT-Charlie	539	-	142	77909222	45455
chr17	77863767	78063767	harbor2	chr17	77955318	77955485	DNA/hAT-Charlie	824	-	84	77955402	91635
chr17	47312362	47512362	harbor2	chr17	47339288	47339615	DNA/hAT-Charlie	1833	-	164	47339452	27090
chr17	68911608	69111608	harbor2	chr17	68982226	68982412	DNA/hAT-Charlie	564	-	93	68982319	70711
chr17	68059653	68259653	harbor2	chr17	68145121	68145332	DNA/hAT-Charlie	1025	-	106	68145227	85574
chr17	69225434	69425434	harbor2	chr17	69284547	69284919	DNA/hAT-Charlie	1507	-	186	69284733	59299
chr17	69225434	69425434	harbor2	chr17	69299937	69300444	DNA/hAT-Charlie	3496	-	254	69300191	74757
chr17	62734858	62934858	harbor2	chr17	62753418	62753574	DNA/hAT-Charlie	664	-	78	62753496	18638
chr17	62734858	62934858	harbor2	chr17	62823472	62823628	DNA/hAT-Charlie	715	-	78	62823550	88692
chr17	62734858	62934858	harbor2	chr17	62828662	62828821	DNA/hAT-Charlie	2277	-	80	62828742	93884
chr17	62734858	62934858	harbor2	chr17	62829436	62829746	DNA/hAT-Charlie	2277	-	155	62829591	94733
chr17	62734858	62934858	harbor2	chr17	62830043	62830059	DNA/hAT-Charlie	2277	-	8	62830051	95193
chr17	62734858	62934858	harbor2	chr17	62830367	62830431	DNA/hAT-Charlie	2277	-	32	62830399	95541
chr17	62734858	62934858	harbor2	chr17	62833632	62833770	DNA/hAT-Charlie	581	-	69	62833701	98843
chr17	50943912	51143912	harbor2	chr17	51013377	51013589	DNA/hAT-Charlie	1007	-	106	51013483	69571
chr17	50943912	51143912	harbor2	chr17	51017112	51017313	DNA/hAT-Charlie	1054	-	100	51017212	73300
chr17	68581170	68781170	harbor2	chr17	68589651	68590018	DNA/hAT-Charlie	1095	-	184	68589835	8665
chr17	68581170	68781170	harbor2	chr17	68616377	68616597	DNA/hAT-Charlie	1129	-	110	68616487	35317
chr17	68581170	68781170	harbor2	chr17	68623579	68624129	DNA/hAT-Charlie	2187	-	275	68623854	42684
chr17	68581170	68781170	harbor2	chr17	68641611	68641772	DNA/hAT-Charlie	654	-	80	68641691	60521
chr17	76005839	76205839	harbor2	chr17	76065918	76066040	DNA/hAT-Charlie	616	-	61	76065979	60140
chr17	79070439	79270439	harbor2	chr17	79145848	79146219	DNA/hAT-Charlie	1761	-	186	79146034	75595
chr17	77056692	77256692	harbor2	chr17	77101592	77101739	DNA/hAT-Charlie	663	-	74	77101666	44974
chr17	41415217	41615217	harbor2	chr17	41415233	41415423	DNA/hAT-Charlie	925	-	95	41415328	111
chr17	41415217	41615217	harbor2	chr17	41454892	41455108	DNA/hAT-Charlie	1037	-	108	41455000	39783
chr17	41415217	41615217	harbor2	chr17	41491709	41491927	DNA/hAT-Charlie	1012	-	109	41491818	76601
chr17	41415217	41615217	harbor2	chr17	41503758	41503990	DNA/hAT-Charlie	1448	-	116	41503874	88657
chr17	77555298	77755298	harbor2	chr17	77574816	77574992	DNA/hAT-Charlie	727	-	88	77574904	19606
chr17	77555298	77755298	harbor2	chr17	77575297	77575355	DNA/hAT-Charlie	727	-	29	77575326	20028
chr17	77555298	77755298	harbor2	chr17	77591453	77591610	DNA/hAT-Charlie	586	-	78	77591531	36233
chr17	73010629	73210629	harbor2	chr17	73029930	73030276	DNA/hAT-Charlie	2053	-	173	73030103	19474
chr17	73010629	73210629	harbor2	chr17	73032959	73033290	DNA/hAT-Charlie	2161	-	166	73033125	22496
chr17	73010629	73210629	harbor2	chr17	73043759	73044036	DNA/hAT-Charlie	814	-	138	73043897	33268
chr17	73010629	73210629	harbor2	chr17	73062680	73063056	DNA/hAT-Charlie	2006	-	188	73062868	52239
chr17	73010629	73210629	harbor2	chr17	73070568	73070607	DNA/hAT-Charlie	796	-	20	73070588	59959
chr17	73010629	73210629	harbor2	chr17	73070959	73071118	DNA/hAT-Charlie	796	-	80	73071039	60410
chr17	73010629	73210629	harbor2	chr17	73071637	73071856	DNA/hAT-Charlie	1080	-	110	73071747	61118
chr17	73010629	73210629	harbor2	chr17	73076876	73077060	DNA/hAT-Charlie	681	-	92	73076968	66339
chr17	73010629	73210629	harbor2	chr17	73077945	73077960	DNA/hAT-Charlie	503	-	8	73077953	67324
chr17	73010629	73210629	harbor2	chr17	73078261	73078367	DNA/hAT-Charlie	503	-	53	73078314	67685
chr17	73010629	73210629	harbor2	chr17	73078965	73079095	DNA/hAT-Charlie	554	-	65	73079030	68401
chr17	73010629	73210629	harbor2	chr17	73079397	73079450	DNA/hAT-Charlie	554	-	26	73079423	68794
chr17	73010629	73210629	harbor2	chr17	73082157	73082728	DNA/hAT-Charlie	1131	-	286	73082443	71814
chr17	73010629	73210629	harbor2	chr17	73083036	73083079	DNA/hAT-Charlie	1131	-	22	73083058	72429
chr17	73010629	73210629	harbor2	chr17	73083165	73083337	DNA/hAT-Charlie	622	-	86	73083251	72622
chr17	82535780	82735780	harbor2	chr17	82547292	82547479	DNA/hAT-Charlie	1116	-	94	82547386	11606
chr17	65549168	65749168	harbor2	chr17	65608280	65608449	DNA/hAT-Charlie	636	-	84	65608364	59196
chr17	48606975	48806975	harbor2	chr17	48676338	48676891	DNA/hAT-Charlie	2787	-	276	48676614	69639
chr17	73930199	74130199	harbor2	chr17	73950226	73950534	DNA/hAT-Charlie	646	-	154	73950380	20181
chr17	73930199	74130199	harbor2	chr17	73964886	73965061	DNA/hAT-Charlie	609	-	88	73964974	34775
chr17	73930199	74130199	harbor2	chr17	73997124	73997460	DNA/hAT-Charlie	1579	-	168	73997292	67093
chr17	37601190	37801190	harbor2	chr17	37628152	37628382	DNA/hAT-Charlie	915	-	115	37628267	27077
chr17	37601190	37801190	harbor2	chr17	37656253	37656426	DNA/hAT-Charlie	931	-	86	37656339	55149
chr17	37601190	37801190	harbor2	chr17	37656721	37656788	DNA/hAT-Charlie	931	-	34	37656755	55565
chr17	37601190	37801190	harbor2	chr17	37657248	37657576	DNA/hAT-Charlie	1412	-	164	37657412	56222
chr17	37601190	37801190	harbor2	chr17	37673005	37673144	DNA/hAT-Charlie	610	-	70	37673075	71885
chr17	37601190	37801190	harbor2	chr17	37673440	37673611	DNA/hAT-Charlie	610	-	86	37673526	72336
chr17	37601190	37801190	harbor2	chr17	37687810	37687968	DNA/hAT-Charlie	515	-	79	37687889	86699
chr17	9610096	9810096	harbor2	chr17	9614661	9614879	DNA/hAT-Charlie	1145	-	109	9614770	4674
chr17	9610096	9810096	harbor2	chr17	9637119	9637243	DNA/hAT-Charlie	619	-	62	9637181	27085
chr17	9610096	9810096	harbor2	chr17	9659817	9660062	DNA/hAT-Charlie	521	-	122	9659939	49843
chr17	9610096	9810096	harbor2	chr17	9680549	9680734	DNA/hAT-Charlie	1075	-	92	9680641	70545
chr17	76941416	77141416	harbor2	chr17	76951633	76951780	DNA/hAT-Charlie	742	-	74	76951707	10291
chr17	76941416	77141416	harbor2	chr17	77026437	77026910	DNA/hAT-Charlie	1711	-	236	77026673	85257
chr17	59609167	59809167	harbor2	chr17	59611568	59611717	DNA/hAT-Charlie	627	-	74	59611642	2475
chr17	59609167	59809167	harbor2	chr17	59624421	59624454	DNA/hAT-Charlie	1191	-	16	59624437	15270
chr17	59609167	59809167	harbor2	chr17	59624769	59624842	DNA/hAT-Charlie	1191	-	36	59624805	15638
chr17	59609167	59809167	harbor2	chr17	59624970	59625109	DNA/hAT-Charlie	1191	-	70	59625040	15873
chr17	59609167	59809167	harbor2	chr17	59625424	59625532	DNA/hAT-Charlie	1191	-	54	59625478	16311
chr17	59609167	59809167	harbor2	chr17	59625668	59625740	DNA/hAT-Charlie	1191	-	36	59625704	16537
chr17	59609167	59809167	harbor2	chr17	59638488	59638829	DNA/hAT-Charlie	1827	-	170	59638658	29491
chr17	59609167	59809167	harbor2	chr17	59667580	59667802	DNA/hAT-Charlie	1066	-	111	59667691	58524
chr17	59609167	59809167	harbor2	chr17	59667976	59668179	DNA/hAT-Charlie	972	-	102	59668078	58911
chr17	59609167	59809167	harbor2	chr17	59695688	59695914	DNA/hAT-Charlie	801	-	113	59695801	86634
chr17	59609167	59809167	harbor2	chr17	59702284	59702546	DNA/hAT-Charlie	1622	-	131	59702415	93248
chr17	66777552	66977552	harbor2	chr17	66801232	66801426	DNA/hAT-Charlie	733	-	97	66801329	23777
chr17	66777552	66977552	harbor2	chr17	66822661	66822839	DNA/hAT-Charlie	890	-	89	66822750	45198
chr17	66777552	66977552	harbor2	chr17	66838825	66838957	DNA/hAT-Charlie	853	-	66	66838891	61339
chr17	66777552	66977552	harbor2	chr17	66839260	66839348	DNA/hAT-Charlie	853	-	44	66839304	61752
chr17	66777552	66977552	harbor2	chr17	66857381	66857691	DNA/hAT-Charlie	1369	-	155	66857536	79984
chr17	66777552	66977552	harbor2	chr17	66857778	66857967	DNA/hAT-Charlie	611	-	94	66857872	80320
chr17	66777552	66977552	harbor2	chr17	66876015	66876175	DNA/hAT-Charlie	724	-	80	66876095	98543
chr17	80818437	81018437	harbor2	chr17	80899628	80899854	DNA/hAT-Charlie	686	-	113	80899741	81304
chr17	75256287	75456287	harbor2	chr17	75355506	75355732	DNA/hAT-Charlie	1583	-	113	75355619	99332
chr17	59691247	59891247	harbor2	chr17	59695688	59695914	DNA/hAT-Charlie	801	-	113	59695801	4554
chr17	59691247	59891247	harbor2	chr17	59702284	59702546	DNA/hAT-Charlie	1622	-	131	59702415	11168
chr17	59691247	59891247	harbor2	chr17	59752115	59752324	DNA/hAT-Charlie	965	-	104	59752219	60972
chr17	77175939	77375939	harbor2	chr17	77178527	77178851	DNA/hAT-Charlie	1593	-	162	77178689	2750
chr17	77175939	77375939	harbor2	chr17	77237945	77238107	DNA/hAT-Charlie	967	-	81	77238026	62087
chr17	77175939	77375939	harbor2	chr17	77238416	77238471	DNA/hAT-Charlie	967	-	28	77238444	62505
chr17	77175939	77375939	harbor2	chr17	77266546	77266792	DNA/hAT-Charlie	722	-	123	77266669	90730
chr17	72084347	72284347	harbor2	chr17	72138334	72138462	DNA/hAT-Charlie	628	-	64	72138398	54051
chr17	82776389	82976389	harbor2	chr17	82825977	82826414	DNA/hAT-Charlie	544	-	218	82826195	49806
chr17	54182066	54382066	harbor2	chr17	54183599	54183796	DNA/hAT-Charlie	831	-	98	54183697	1631
chr17	54182066	54382066	harbor2	chr17	54281564	54281704	DNA/hAT-Charlie	588	-	70	54281634	99568
chr17	54182066	54382066	harbor2	chr17	54247253	54247753	DNA/hAT-Charlie	3313	-	250	54247503	65437
chr17	40408717	40608717	harbor2	chr17	40508066	40508934	DNA/hAT-Charlie	2314	-	434	40508500	99783
chr17	33746554	33946554	harbor2	chr17	33784467	33784792	DNA/hAT-Charlie	1247	-	162	33784629	38075
chr17	33746554	33946554	harbor2	chr17	33786368	33786654	DNA/hAT-Charlie	684	-	143	33786511	39957
chr17	33746554	33946554	harbor2	chr17	33801722	33801905	DNA/hAT-Charlie	645	-	92	33801814	55260
chr17	33746554	33946554	harbor2	chr17	33805670	33805887	DNA/hAT-Charlie	575	-	108	33805778	59224
chr17	33746554	33946554	harbor2	chr17	33806140	33806465	DNA/hAT-Charlie	1502	-	162	33806302	59748
chr17	33746554	33946554	harbor2	chr17	33838907	33839058	DNA/hAT-Charlie	790	-	76	33838983	92429
chr17	33746554	33946554	harbor2	chr17	33843367	33844270	DNA/hAT-Charlie	2159	-	452	33843819	97265
chr17	78798454	78998454	harbor2	chr17	78829508	78829706	DNA/hAT-Charlie	659	-	99	78829607	31153
chr17	78798454	78998454	harbor2	chr17	78868638	78868830	DNA/hAT-Charlie	781	-	96	78868734	70280
chr17	71599467	71799467	harbor2	chr17	71636505	71636687	DNA/hAT-Charlie	861	-	91	71636596	37129
chr17	71599467	71799467	harbor2	chr17	71662751	71662936	DNA/hAT-Charlie	558	-	92	71662843	63376
chr17	71599467	71799467	harbor2	chr17	71693765	71694038	DNA/hAT-Charlie	960	-	136	71693901	94434
chr17	59396195	59596195	harbor2	chr17	59441568	59441912	DNA/hAT-Charlie	808	-	172	59441740	45545
chr17	59396195	59596195	harbor2	chr17	59443192	59443379	DNA/hAT-Charlie	1033	-	94	59443286	47091
chr17	68234243	68434243	harbor2	chr17	68259521	68259823	DNA/hAT-Charlie	1423	-	151	68259672	25429
chr17	68234243	68434243	harbor2	chr17	68329713	68329895	DNA/hAT-Charlie	1238	-	91	68329804	95561
chr17	67679943	67879943	harbor2	chr17	67686158	67686345	DNA/hAT-Charlie	1010	-	94	67686252	6309
chr17	74706402	74906402	harbor2	chr17	74793177	74793388	DNA/hAT-Charlie	938	-	106	74793283	86881
chr17	74110403	74310403	harbor2	chr17	74124693	74124915	DNA/hAT-Charlie	952	-	111	74124804	14401
chr17	74110403	74310403	harbor2	chr17	74138048	74138564	DNA/hAT-Charlie	3836	-	258	74138306	27903
chr17	74110403	74310403	harbor2	chr17	74184985	74185223	DNA/hAT-Charlie	911	-	119	74185104	74701
chr17	74110403	74310403	harbor2	chr17	74187151	74187363	DNA/hAT-Charlie	972	-	106	74187257	76854
chr17	37581907	37781907	harbor2	chr17	37628152	37628382	DNA/hAT-Charlie	915	-	115	37628267	46360
chr17	37581907	37781907	harbor2	chr17	37656253	37656426	DNA/hAT-Charlie	931	-	86	37656339	74432
chr17	37581907	37781907	harbor2	chr17	37656721	37656788	DNA/hAT-Charlie	931	-	34	37656755	74848
chr17	37581907	37781907	harbor2	chr17	37657248	37657576	DNA/hAT-Charlie	1412	-	164	37657412	75505
chr17	37581907	37781907	harbor2	chr17	37673005	37673144	DNA/hAT-Charlie	610	-	70	37673075	91168
chr17	37581907	37781907	harbor2	chr17	37673440	37673611	DNA/hAT-Charlie	610	-	86	37673526	91619
chr17	77967870	78167870	harbor2	chr17	77975650	77975910	DNA/hAT-Charlie	658	-	130	77975780	7910
chr17	77967870	78167870	harbor2	chr17	78028695	78029154	DNA/hAT-Charlie	563	-	230	78028925	61055
chr17	77967870	78167870	harbor2	chr17	78020576	78020880	DNA/hAT-Charlie	1076	-	152	78020728	52858
chr17	30928430	31128430	harbor2	chr17	31015592	31015927	DNA/hAT-Charlie	2217	-	168	31015760	87330
chr17	30928430	31128430	harbor2	chr17	31019266	31019519	DNA/hAT-Charlie	502	-	126	31019392	90962
chr17	30928430	31128430	harbor2	chr17	31025589	31026075	DNA/hAT-Charlie	3277	-	243	31025832	97402
chr17	81584156	81784156	harbor2	chr17	81621554	81621724	DNA/hAT-Charlie	542	-	85	81621639	37483
chr17	29921009	30121009	harbor2	chr17	29933853	29934732	DNA/hAT-Charlie	2428	-	440	29934293	13284
chr17	29921009	30121009	harbor2	chr17	29974733	29974895	DNA/hAT-Charlie	958	-	81	29974814	53805
chr17	29921009	30121009	harbor2	chr17	29997474	29997741	DNA/hAT-Charlie	962	-	134	29997608	76599
chr17	50870803	51070803	harbor2	chr17	50912469	50912517	DNA/hAT-Charlie	1299	-	24	50912493	41690
chr17	50870803	51070803	harbor2	chr17	50912828	50913101	DNA/hAT-Charlie	1299	-	136	50912964	42161
chr17	50870803	51070803	harbor2	chr17	50925460	50925618	DNA/hAT-Charlie	844	-	79	50925539	54736
chr17	50870803	51070803	harbor2	chr17	50925594	50925750	DNA/hAT-Charlie	587	-	78	50925672	54869
chr17	79613980	79813980	harbor2	chr17	79656164	79656331	DNA/hAT-Charlie	640	-	84	79656248	42268
chr17	56787403	56987403	harbor2	chr17	56795493	56795653	DNA/hAT-Charlie	723	-	80	56795573	8170
chr17	56787403	56987403	harbor2	chr17	56812237	56812451	DNA/hAT-Charlie	929	-	107	56812344	24941
chr17	56787403	56987403	harbor2	chr17	56818568	56818861	DNA/hAT-Charlie	1072	-	146	56818714	31311
chr17	56787403	56987403	harbor2	chr17	56838351	56838555	DNA/hAT-Charlie	879	-	102	56838453	51050
chr17	56787403	56987403	harbor2	chr17	56843274	56843493	DNA/hAT-Charlie	912	-	110	56843384	55981
chr17	63261221	63461221	harbor2	chr17	63273474	63273624	DNA/hAT-Charlie	728	-	75	63273549	12328
chr17	63261221	63461221	harbor2	chr17	63325095	63325251	DNA/hAT-Charlie	648	-	78	63325173	63952
chr17	79157998	79357998	harbor2	chr17	79171356	79171563	DNA/hAT-Charlie	936	-	104	79171460	13462
chr17	63502090	63702090	harbor2	chr17	63547464	63547663	DNA/hAT-Charlie	613	-	100	63547564	45474
chr17	63502090	63702090	harbor2	chr17	63552995	63553421	DNA/hAT-Charlie	1010	-	213	63553208	51118
chr17	38638117	38838117	harbor2	chr17	38653817	38654030	DNA/hAT-Charlie	1196	-	106	38653923	15806
chr17	38638117	38838117	harbor2	chr17	38658095	38658256	DNA/hAT-Charlie	559	-	80	38658175	20058
chr17	38638117	38838117	harbor2	chr17	38708549	38708614	DNA/hAT-Charlie	1010	-	32	38708581	70464
chr17	38638117	38838117	harbor2	chr17	38708925	38709069	DNA/hAT-Charlie	1010	-	72	38708997	70880
chr17	55798655	55998655	harbor2	chr17	55830083	55830233	DNA/hAT-Charlie	522	-	75	55830158	31503
chr17	55798655	55998655	harbor2	chr17	55860292	55860612	DNA/hAT-Charlie	1449	-	160	55860452	61797
chr17	55798655	55998655	harbor2	chr17	55865452	55865638	DNA/hAT-Charlie	941	-	93	55865545	66890
chr17	55798655	55998655	harbor2	chr17	55895295	55895531	DNA/hAT-Charlie	1014	-	118	55895413	96758
chr17	73674996	73874996	harbor2	chr17	73729157	73729372	DNA/hAT-Charlie	878	-	108	73729265	54269
chr17	73674996	73874996	harbor2	chr17	73734495	73734709	DNA/hAT-Charlie	663	-	107	73734602	59606
chr17	73674996	73874996	harbor2	chr17	73751219	73751487	DNA/hAT-Charlie	656	-	134	73751353	76357
chr17	73674996	73874996	harbor2	chr17	73755524	73755721	DNA/hAT-Charlie	579	-	98	73755622	80626
chr17	73674996	73874996	harbor2	chr17	73762010	73762195	DNA/hAT-Charlie	966	-	92	73762102	87106
chr17	73674996	73874996	harbor2	chr17	73769326	73769639	DNA/hAT-Charlie	1301	-	156	73769482	94486
chr17	35948284	36148284	harbor2	chr17	35967092	35967276	DNA/hAT-Charlie	765	-	92	35967184	18900
chr17	59747333	59947333	harbor2	chr17	59752115	59752324	DNA/hAT-Charlie	965	-	104	59752219	4886
chr17	59747333	59947333	harbor2	chr17	59820290	59820504	DNA/hAT-Charlie	953	-	107	59820397	73064
chr17	62130759	62330759	harbor2	chr17	62188937	62189066	DNA/hAT-Charlie	780	-	64	62189001	58242
chr17	62130759	62330759	harbor2	chr17	62189361	62189416	DNA/hAT-Charlie	780	-	28	62189389	58630
chr17	78543385	78743385	harbor2	chr17	78596913	78597105	DNA/hAT-Charlie	873	-	96	78597009	53624
chr17	67603675	67803675	harbor2	chr17	67686158	67686345	DNA/hAT-Charlie	1010	-	94	67686252	82577
chr17	74784158	74984158	harbor2	chr17	74793177	74793388	DNA/hAT-Charlie	938	-	106	74793283	9125
chr17	74784158	74984158	harbor2	chr17	74828958	74829124	DNA/hAT-Charlie	559	-	83	74829041	44883
chr17	74784158	74984158	harbor2	chr17	74829378	74829470	DNA/hAT-Charlie	559	-	46	74829424	45266
chr17	76366237	76566237	harbor2	chr17	76457352	76457503	DNA/hAT-Charlie	553	-	76	76457428	91191
chr17	28950331	29150331	harbor2	chr17	29047468	29047795	DNA/hAT-Charlie	1485	-	164	29047632	97301
chr17	72349274	72549274	harbor2	chr17	72377547	72377755	DNA/hAT-Charlie	933	-	104	72377651	28377
chr17	72349274	72549274	harbor2	chr17	72383623	72383829	DNA/hAT-Charlie	967	-	103	72383726	34452
chr17	72349274	72549274	harbor2	chr17	72388384	72388462	DNA/hAT-Charlie	757	-	39	72388423	39149
chr17	72349274	72549274	harbor2	chr17	72388764	72388917	DNA/hAT-Charlie	757	-	76	72388840	39566
chr17	72349274	72549274	harbor2	chr17	72410751	72410975	DNA/hAT-Charlie	678	-	112	72410863	61589
chr17	66840222	67040222	harbor2	chr17	66857381	66857691	DNA/hAT-Charlie	1369	-	155	66857536	17314
chr17	66840222	67040222	harbor2	chr17	66857778	66857967	DNA/hAT-Charlie	611	-	94	66857872	17650
chr17	66840222	67040222	harbor2	chr17	66876015	66876175	DNA/hAT-Charlie	724	-	80	66876095	35873
chr17	66840222	67040222	harbor2	chr17	66883279	66883581	DNA/hAT-Charlie	803	-	151	66883430	43208
chr17	66840222	67040222	harbor2	chr17	66895225	66895427	DNA/hAT-Charlie	903	-	101	66895326	55104
chr17	66840222	67040222	harbor2	chr17	66924705	66924804	DNA/hAT-Charlie	559	-	50	66924755	84533
chr17	66840222	67040222	harbor2	chr17	66924863	66925253	DNA/hAT-Charlie	1492	-	195	66925058	84836
chr17	60403586	60603586	harbor2	chr17	60409735	60409954	DNA/hAT-Charlie	1535	-	110	60409845	6259
chr17	60403586	60603586	harbor2	chr17	60440952	60441350	DNA/hAT-Charlie	3152	-	199	60441151	37565
chr17	60403586	60603586	harbor2	chr17	60458513	60458691	DNA/hAT-Charlie	865	-	89	60458602	55016
chr17	60403586	60603586	harbor2	chr17	60440547	60440672	DNA/hAT-Charlie	3152	-	62	60440609	37023
chr17	50248967	50448967	harbor2	chr17	50286690	50286859	DNA/hAT-Charlie	514	-	84	50286774	37807
chr17	50248967	50448967	harbor2	chr17	50312656	50312884	DNA/hAT-Charlie	859	-	114	50312770	63803
chr17	53813942	54013942	harbor2	chr17	53825401	53825720	DNA/hAT-Charlie	1837	-	160	53825561	11619
chr17	53813942	54013942	harbor2	chr17	53851007	53851257	DNA/hAT-Charlie	572	-	125	53851132	37190
chr17	53813942	54013942	harbor2	chr17	53851913	53852500	DNA/hAT-Charlie	1240	-	294	53852207	38265
chr17	53813942	54013942	harbor2	chr17	53852501	53852727	DNA/hAT-Charlie	1158	-	113	53852614	38672
chr17	53813942	54013942	harbor2	chr17	53864344	53864558	DNA/hAT-Charlie	726	-	107	53864451	50509
chr17	72246043	72446043	harbor2	chr17	72246020	72246200	DNA/hAT-Charlie	849	-	90	72246110	67
chr17	72246043	72446043	harbor2	chr17	72281545	72281757	DNA/hAT-Charlie	1025	-	106	72281651	35608
chr17	72246043	72446043	harbor2	chr17	72282683	72282840	DNA/hAT-Charlie	797	-	78	72282761	36718
chr17	72246043	72446043	harbor2	chr17	72312754	72312937	DNA/hAT-Charlie	977	-	92	72312846	66803
chr17	72246043	72446043	harbor2	chr17	72317029	72317175	DNA/hAT-Charlie	601	-	73	72317102	71059
chr17	72246043	72446043	harbor2	chr17	72319333	72319497	DNA/hAT-Charlie	635	-	82	72319415	73372
chr17	72246043	72446043	harbor2	chr17	72328092	72328237	DNA/hAT-Charlie	957	-	72	72328164	82121
chr17	72246043	72446043	harbor2	chr17	72328337	72328380	DNA/hAT-Charlie	957	-	22	72328359	82316
chr17	76661932	76861932	harbor2	chr17	76683183	76683391	DNA/hAT-Charlie	545	-	104	76683287	21355
chr17	78790253	78990253	harbor2	chr17	78829508	78829706	DNA/hAT-Charlie	659	-	99	78829607	39354
chr17	78790253	78990253	harbor2	chr17	78868638	78868830	DNA/hAT-Charlie	781	-	96	78868734	78481
chr17	65706559	65906559	harbor2	chr17	65734359	65735470	DNA/hAT-Charlie	5415	-	556	65734915	28356
chr17	65706559	65906559	harbor2	chr17	65735634	65735894	DNA/hAT-Charlie	1106	-	130	65735764	29205
chr17	65706559	65906559	harbor2	chr17	65752895	65753024	DNA/hAT-Charlie	611	-	64	65752959	46400
chr17	49302852	49502852	harbor2	chr17	49385421	49385539	DNA/hAT-Charlie	1386	-	59	49385480	82628
chr17	49302852	49502852	harbor2	chr17	49385788	49386168	DNA/hAT-Charlie	1386	-	190	49385978	83126
chr17	49302852	49502852	harbor2	chr17	49398476	49398688	DNA/hAT-Charlie	805	-	106	49398582	95730
chr17	81226937	81426937	harbor2	chr17	81298917	81299182	DNA/hAT-Charlie	827	-	132	81299049	72112
chr17	78853434	79053434	harbor2	chr17	78868638	78868830	DNA/hAT-Charlie	781	-	96	78868734	15300
chr17	78853434	79053434	harbor2	chr17	78912767	78912919	DNA/hAT-Charlie	577	-	76	78912843	59409
chr17	78853434	79053434	harbor2	chr17	78931022	78931205	DNA/hAT-Charlie	855	-	92	78931114	77680
chr17	57546062	57746062	harbor2	chr17	57582251	57583017	DNA/hAT-Charlie	2686	-	383	57582634	36572
chr17	57546062	57746062	harbor2	chr17	57583027	57583484	DNA/hAT-Charlie	656	-	228	57583255	37193
chr17	57546062	57746062	harbor2	chr17	57583949	57584095	DNA/hAT-Charlie	630	-	73	57584022	37960
chr17	57546062	57746062	harbor2	chr17	57597116	57597348	DNA/hAT-Charlie	1095	-	116	57597232	51170
chr17	57546062	57746062	harbor2	chr17	57597650	57597736	DNA/hAT-Charlie	1095	-	43	57597693	51631
chr17	57546062	57746062	harbor2	chr17	57603622	57603810	DNA/hAT-Charlie	801	-	94	57603716	57654
chr17	61876160	62076160	harbor2	chr17	61877416	61877584	DNA/hAT-Charlie	848	-	84	61877500	1340
chr17	61876160	62076160	harbor2	chr17	61966229	61966431	DNA/hAT-Charlie	1004	-	101	61966330	90170
chr17	79526805	79726805	harbor2	chr17	79574850	79575001	DNA/hAT-Charlie	609	-	76	79574926	48121
chr17	76713880	76913880	harbor2	chr17	76812294	76812527	DNA/hAT-Charlie	675	-	116	76812410	98530
chr17	77699199	77899199	harbor2	chr17	77719644	77719869	DNA/hAT-Charlie	1539	-	112	77719756	20557
chr17	77699199	77899199	harbor2	chr17	77754590	77754697	DNA/hAT-Charlie	508	-	54	77754644	55445
chr17	77699199	77899199	harbor2	chr17	77741945	77742221	DNA/hAT-Charlie	1326	-	138	77742083	42884
chr17	28820980	29020980	harbor2	chr17	28894828	28894900	DNA/hAT-Charlie	750	-	36	28894864	73884
chr17	28820980	29020980	harbor2	chr17	28895200	28895373	DNA/hAT-Charlie	750	-	86	28895286	74306
chr17	28820980	29020980	harbor2	chr17	28909219	28909440	DNA/hAT-Charlie	879	-	110	28909329	88349
chr17	64476919	64676919	harbor2	chr17	64567572	64567685	DNA/hAT-Charlie	1076	-	56	64567628	90709
chr17	64476919	64676919	harbor2	chr17	64568291	64568386	DNA/hAT-Charlie	1076	-	48	64568339	91420
chr17	82515809	82715809	harbor2	chr17	82547292	82547479	DNA/hAT-Charlie	1116	-	94	82547386	31577
chr17	73002059	73202059	harbor2	chr17	73029930	73030276	DNA/hAT-Charlie	2053	-	173	73030103	28044
chr17	73002059	73202059	harbor2	chr17	73032959	73033290	DNA/hAT-Charlie	2161	-	166	73033125	31066
chr17	73002059	73202059	harbor2	chr17	73043759	73044036	DNA/hAT-Charlie	814	-	138	73043897	41838
chr17	73002059	73202059	harbor2	chr17	73062680	73063056	DNA/hAT-Charlie	2006	-	188	73062868	60809
chr17	73002059	73202059	harbor2	chr17	73070568	73070607	DNA/hAT-Charlie	796	-	20	73070588	68529
chr17	73002059	73202059	harbor2	chr17	73070959	73071118	DNA/hAT-Charlie	796	-	80	73071039	68980
chr17	73002059	73202059	harbor2	chr17	73071637	73071856	DNA/hAT-Charlie	1080	-	110	73071747	69688
chr17	73002059	73202059	harbor2	chr17	73076876	73077060	DNA/hAT-Charlie	681	-	92	73076968	74909
chr17	73002059	73202059	harbor2	chr17	73077945	73077960	DNA/hAT-Charlie	503	-	8	73077953	75894
chr17	73002059	73202059	harbor2	chr17	73078261	73078367	DNA/hAT-Charlie	503	-	53	73078314	76255
chr17	73002059	73202059	harbor2	chr17	73078965	73079095	DNA/hAT-Charlie	554	-	65	73079030	76971
chr17	73002059	73202059	harbor2	chr17	73079397	73079450	DNA/hAT-Charlie	554	-	26	73079423	77364
chr17	73002059	73202059	harbor2	chr17	73082157	73082728	DNA/hAT-Charlie	1131	-	286	73082443	80384
chr17	73002059	73202059	harbor2	chr17	73083036	73083079	DNA/hAT-Charlie	1131	-	22	73083058	80999
chr17	73002059	73202059	harbor2	chr17	73083165	73083337	DNA/hAT-Charlie	622	-	86	73083251	81192
chr17	79974564	80174564	harbor2	chr17	80003713	80003768	DNA/hAT-Charlie	526	-	28	80003741	29177
chr17	79974564	80174564	harbor2	chr17	80004074	80004245	DNA/hAT-Charlie	526	-	86	80004160	29596
chr17	79974564	80174564	harbor2	chr17	80006262	80006429	DNA/hAT-Charlie	704	-	84	80006346	31782
chr17	79974564	80174564	harbor2	chr17	80013773	80013925	DNA/hAT-Charlie	594	-	76	80013849	39285
chr17	79974564	80174564	harbor2	chr17	80017147	80017399	DNA/hAT-Charlie	1366	-	126	80017273	42709
chr17	79974564	80174564	harbor2	chr17	80017711	80017787	DNA/hAT-Charlie	1366	-	38	80017749	43185
chr17	79974564	80174564	harbor2	chr17	80018117	80018271	DNA/hAT-Charlie	876	-	77	80018194	43630
chr17	79974564	80174564	harbor2	chr17	80018582	80018610	DNA/hAT-Charlie	876	-	14	80018596	44032
chr17	79974564	80174564	harbor2	chr17	80018901	80018995	DNA/hAT-Charlie	876	-	47	80018948	44384
chr17	79974564	80174564	harbor2	chr17	80048964	80049112	DNA/hAT-Charlie	533	-	74	80049038	74474
chr17	79974564	80174564	harbor2	chr17	80049429	80049451	DNA/hAT-Charlie	533	-	11	80049440	74876
chr17	61799300	61999300	harbor2	chr17	61833917	61834112	DNA/hAT-Charlie	963	-	98	61834015	34715
chr17	61799300	61999300	harbor2	chr17	61845318	61845608	DNA/hAT-Charlie	1304	-	145	61845463	46163
chr17	61799300	61999300	harbor2	chr17	61845624	61845901	DNA/hAT-Charlie	1318	-	138	61845762	46462
chr17	61799300	61999300	harbor2	chr17	61846277	61846384	DNA/hAT-Charlie	869	-	54	61846331	47031
chr17	61799300	61999300	harbor2	chr17	61846687	61846791	DNA/hAT-Charlie	869	-	52	61846739	47439
chr17	61799300	61999300	harbor2	chr17	61870150	61870303	DNA/hAT-Charlie	512	-	76	61870226	70926
chr17	61799300	61999300	harbor2	chr17	61877416	61877584	DNA/hAT-Charlie	848	-	84	61877500	78200
chr17	71336547	71536547	harbor2	chr17	71393434	71393629	DNA/hAT-Charlie	868	-	98	71393532	56985
chr17	71336547	71536547	harbor2	chr17	71417962	71418256	DNA/hAT-Charlie	1143	-	147	71418109	81562
chr17	18360677	18560677	harbor2	chr17	18387441	18387672	DNA/hAT-Charlie	880	-	116	18387557	26880
chr17	18360677	18560677	harbor2	chr17	18402525	18402698	DNA/hAT-Charlie	998	-	86	18402611	41934
chr17	18360677	18560677	harbor2	chr17	18403295	18403380	DNA/hAT-Charlie	998	-	42	18403337	42660
chr17	52382385	52582385	harbor2	chr17	52387204	52387358	DNA/hAT-Charlie	741	-	77	52387281	4896
chr17	52382385	52582385	harbor2	chr17	52429669	52429843	DNA/hAT-Charlie	834	-	87	52429756	47371
chr17	76082968	76282968	harbor2	chr17	76134937	76135072	DNA/hAT-Charlie	646	-	68	76135005	52037
chr17	56885787	57085787	harbor2	chr17	56961308	56961620	DNA/hAT-Charlie	720	-	156	56961464	75677
chr17	69622601	69822601	harbor2	chr17	69671288	69671450	DNA/hAT-Charlie	853	-	81	69671369	48768
chr17	69622601	69822601	harbor2	chr17	69674317	69674627	DNA/hAT-Charlie	1454	-	155	69674472	51871
chr17	69622601	69822601	harbor2	chr17	69714355	69714579	DNA/hAT-Charlie	1493	-	112	69714467	91866
chr17	65204426	65404426	harbor2	chr17	65281273	65281494	DNA/hAT-Charlie	1067	-	110	65281383	76957
chr17	65204426	65404426	harbor2	chr17	65290968	65291169	DNA/hAT-Charlie	1120	-	100	65291068	86642
chr17	76098434	76298434	harbor2	chr17	76134937	76135072	DNA/hAT-Charlie	646	-	68	76135005	36571
chr17	35194277	35394277	harbor2	chr17	35224977	35225120	DNA/hAT-Charlie	552	-	72	35225049	30772
chr17	35194277	35394277	harbor2	chr17	35270639	35270869	DNA/hAT-Charlie	1089	-	115	35270754	76477
chr17	72461838	72661838	harbor2	chr17	72466672	72466998	DNA/hAT-Charlie	1685	-	163	72466835	4997
chr17	72461838	72661838	harbor2	chr17	72475885	72476098	DNA/hAT-Charlie	1075	-	106	72475991	14153
chr17	72461838	72661838	harbor2	chr17	72483745	72483962	DNA/hAT-Charlie	1049	-	108	72483853	22015
chr17	72461838	72661838	harbor2	chr17	72493372	72493719	DNA/hAT-Charlie	633	-	174	72493546	31708
chr17	72461838	72661838	harbor2	chr17	72498774	72498899	DNA/hAT-Charlie	713	-	62	72498836	36998
chr17	72461838	72661838	harbor2	chr17	72501341	72501466	DNA/hAT-Charlie	654	-	62	72501403	39565
chr17	72461838	72661838	harbor2	chr17	72545997	72546322	DNA/hAT-Charlie	1240	-	162	72546159	84321
chr17	80544725	80744725	harbor2	chr17	80607853	80608031	DNA/hAT-Charlie	629	-	89	80607942	63217
chr17	69386109	69586109	harbor2	chr17	69405358	69405524	DNA/hAT-Charlie	931	-	83	69405441	19332
chr17	69386109	69586109	harbor2	chr17	69405830	69405919	DNA/hAT-Charlie	931	-	44	69405874	19765
chr17	69386109	69586109	harbor2	chr17	69409899	69410117	DNA/hAT-Charlie	1084	-	109	69410008	23899
chr17	69386109	69586109	harbor2	chr17	69453220	69453420	DNA/hAT-Charlie	990	-	100	69453320	67211
chr17	69386109	69586109	harbor2	chr17	69455622	69455768	DNA/hAT-Charlie	546	-	73	69455695	69586
chr17	27943049	28143049	harbor2	chr17	27945217	27945557	DNA/hAT-Charlie	2265	-	170	27945387	2338
chr17	27943049	28143049	harbor2	chr17	27954153	27954321	DNA/hAT-Charlie	727	-	84	27954237	11188
chr17	27943049	28143049	harbor2	chr17	27954883	27955035	DNA/hAT-Charlie	852	-	76	27954959	11910
chr17	27943049	28143049	harbor2	chr17	27967552	27967694	DNA/hAT-Charlie	630	-	71	27967623	24574
chr17	27943049	28143049	harbor2	chr17	27967958	27968124	DNA/hAT-Charlie	630	-	83	27968041	24992
chr17	27943049	28143049	harbor2	chr17	27971515	27972006	DNA/hAT-Charlie	1731	-	246	27971761	28712
chr17	27943049	28143049	harbor2	chr17	27972745	27972877	DNA/hAT-Charlie	594	-	66	27972811	29762
chr17	27943049	28143049	harbor2	chr17	28037240	28037488	DNA/hAT-Charlie	775	-	124	28037364	94315
chr17	27943049	28143049	harbor2	chr17	28038706	28038843	DNA/hAT-Charlie	529	-	68	28038774	95725
chr17	47361660	47561660	harbor2	chr17	47439695	47439916	DNA/hAT-Charlie	1100	-	110	47439805	78145
chr17	78273104	78473104	harbor2	chr17	78319657	78319878	DNA/hAT-Charlie	1123	-	110	78319767	46663
chr17	78273104	78473104	harbor2	chr17	78320501	78320513	DNA/hAT-Charlie	1123	-	6	78320507	47403
chr17	78273104	78473104	harbor2	chr17	78320809	78320896	DNA/hAT-Charlie	1123	-	44	78320853	47749
chr17	60652747	60852747	harbor2	chr17	60717716	60718220	DNA/hAT-Charlie	3401	-	252	60717968	65221
chr17	72272874	72472874	harbor2	chr17	72281545	72281757	DNA/hAT-Charlie	1025	-	106	72281651	8777
chr17	72272874	72472874	harbor2	chr17	72282683	72282840	DNA/hAT-Charlie	797	-	78	72282761	9887
chr17	72272874	72472874	harbor2	chr17	72312754	72312937	DNA/hAT-Charlie	977	-	92	72312846	39972
chr17	72272874	72472874	harbor2	chr17	72317029	72317175	DNA/hAT-Charlie	601	-	73	72317102	44228
chr17	72272874	72472874	harbor2	chr17	72319333	72319497	DNA/hAT-Charlie	635	-	82	72319415	46541
chr17	72272874	72472874	harbor2	chr17	72328092	72328237	DNA/hAT-Charlie	957	-	72	72328164	55290
chr17	72272874	72472874	harbor2	chr17	72328337	72328380	DNA/hAT-Charlie	957	-	22	72328359	55485
chr17	75374946	75574946	harbor2	chr17	75449203	75449392	DNA/hAT-Charlie	1110	-	94	75449297	74351
chr17	78029079	78229079	harbor2	chr17	78028695	78029154	DNA/hAT-Charlie	563	-	230	78028925	154
chr17	78029079	78229079	harbor2	chr17	78083575	78083766	DNA/hAT-Charlie	1112	-	96	78083671	54592
chr17	45440492	45640492	harbor2	chr17	45452745	45452935	DNA/hAT-Charlie	766	-	95	45452840	12348
chr17	45440492	45640492	harbor2	chr17	45467247	45467432	DNA/hAT-Charlie	812	-	92	45467339	26847
chr17	45440492	45640492	harbor2	chr17	45539488	45539699	DNA/hAT-Charlie	1024	-	106	45539594	99102
chr17	71366730	71566730	harbor2	chr17	71393434	71393629	DNA/hAT-Charlie	868	-	98	71393532	26802
chr17	71366730	71566730	harbor2	chr17	71417962	71418256	DNA/hAT-Charlie	1143	-	147	71418109	51379
chr17	62893041	63093041	harbor2	chr17	62905259	62905442	DNA/hAT-Charlie	1276	-	92	62905351	12310
chr17	62893041	63093041	harbor2	chr17	62905761	62905807	DNA/hAT-Charlie	1276	-	23	62905784	12743
chr17	62893041	63093041	harbor2	chr17	62922532	62922810	DNA/hAT-Charlie	693	-	139	62922671	29630
chr17	51265157	51465157	harbor2	chr17	51278186	51278334	DNA/hAT-Charlie	739	-	74	51278260	13103
chr17	51265157	51465157	harbor2	chr17	51364577	51364733	DNA/hAT-Charlie	842	-	78	51364655	99498
chr17	75332910	75532910	harbor2	chr17	75355506	75355732	DNA/hAT-Charlie	1583	-	113	75355619	22709
chr17	75332910	75532910	harbor2	chr17	75362216	75362426	DNA/hAT-Charlie	503	-	105	75362321	29411
chr17	41748115	41948115	harbor2	chr17	41840144	41840348	DNA/hAT-Charlie	1293	-	102	41840246	92131
chr17	41748115	41948115	harbor2	chr17	41840658	41840768	DNA/hAT-Charlie	1293	-	55	41840713	92598
chr17	80034179	80234179	harbor2	chr17	80048964	80049112	DNA/hAT-Charlie	533	-	74	80049038	14859
chr17	80034179	80234179	harbor2	chr17	80049429	80049451	DNA/hAT-Charlie	533	-	11	80049440	15261
chr17	80034179	80234179	harbor2	chr17	80085161	80085365	DNA/hAT-Charlie	725	-	102	80085263	51084
chr17	79897201	80097201	harbor2	chr17	79946149	79946493	DNA/hAT-Charlie	2181	-	172	79946321	49120
chr17	70189372	70389372	harbor2	chr17	70193853	70193891	DNA/hAT-Charlie	513	-	19	70193872	4500
chr17	70189372	70389372	harbor2	chr17	70194178	70194274	DNA/hAT-Charlie	513	-	48	70194226	4854
chr17	70189372	70389372	harbor2	chr17	70268518	70268552	DNA/hAT-Charlie	1301	-	17	70268535	79163
chr17	70189372	70389372	harbor2	chr17	70269468	70269779	DNA/hAT-Charlie	1301	-	156	70269624	80252
chr17	73188702	73388702	harbor2	chr17	73228009	73228205	DNA/hAT-Charlie	1027	-	98	73228107	39405
chr17	73188702	73388702	harbor2	chr17	73251501	73251784	DNA/hAT-Charlie	641	-	142	73251643	62941
chr17	59200718	59400718	harbor2	chr17	59296023	59296305	DNA/hAT-Charlie	1297	-	141	59296164	95446
chr17	78191468	78391468	harbor2	chr17	78219648	78219851	DNA/hAT-Charlie	697	-	102	78219750	28282
chr17	74415772	74615772	harbor2	chr17	74454492	74454698	DNA/hAT-Charlie	625	-	103	74454595	38823
chr17	66301041	66501041	harbor2	chr17	66347046	66347941	DNA/hAT-Charlie	2648	-	448	66347494	46453
chr17	66301041	66501041	harbor2	chr17	66348242	66348528	DNA/hAT-Charlie	1000	-	143	66348385	47344
chr17	66301041	66501041	harbor2	chr17	66395263	66395540	DNA/hAT-Charlie	1093	-	138	66395401	94360
chr17	78587297	78787297	harbor2	chr17	78596913	78597105	DNA/hAT-Charlie	873	-	96	78597009	9712
chr17	78587297	78787297	harbor2	chr17	78686651	78686778	DNA/hAT-Charlie	18859	-	64	78686715	99418
chr17	66476076	66676076	harbor2	chr17	66509972	66510173	DNA/hAT-Charlie	1604	-	100	66510072	33996
chr17	79125860	79325860	harbor2	chr17	79145848	79146219	DNA/hAT-Charlie	1761	-	186	79146034	20174
chr17	79125860	79325860	harbor2	chr17	79171356	79171563	DNA/hAT-Charlie	936	-	104	79171460	45600
chr17	32888680	33088680	harbor2	chr17	32896679	32896890	DNA/hAT-Charlie	1164	-	106	32896785	8105
chr17	32888680	33088680	harbor2	chr17	32949235	32949405	DNA/hAT-Charlie	654	-	85	32949320	60640
chr17	32888680	33088680	harbor2	chr17	32960345	32960524	DNA/hAT-Charlie	570	-	90	32960435	71755
chr17	32888680	33088680	harbor2	chr17	32974468	32974680	DNA/hAT-Charlie	1001	-	106	32974574	85894
chr17	32888680	33088680	harbor2	chr17	32975639	32975801	DNA/hAT-Charlie	532	-	81	32975720	87040
chr17	32888680	33088680	harbor2	chr17	32984837	32984964	DNA/hAT-Charlie	581	-	64	32984901	96221
chr17	55360263	55560263	harbor2	chr17	55368053	55368375	DNA/hAT-Charlie	1136	-	161	55368214	7951
chr17	55360263	55560263	harbor2	chr17	55436929	55437227	DNA/hAT-Charlie	509	-	149	55437078	76815
chr17	55360263	55560263	harbor2	chr17	55441415	55441581	DNA/hAT-Charlie	522	-	83	55441498	81235
chr17	60958894	61158894	harbor2	chr17	60971303	60971441	DNA/hAT-Charlie	598	-	69	60971372	12478
chr17	60958894	61158894	harbor2	chr17	60996952	60997293	DNA/hAT-Charlie	1934	-	170	60997122	38228
chr17	60958894	61158894	harbor2	chr17	61033201	61033382	DNA/hAT-Charlie	913	-	90	61033291	74397
chr17	58688593	58888593	harbor2	chr17	58763949	58764241	DNA/hAT-Charlie	1266	-	146	58764095	75502
chr17	70296240	70496240	harbor2	chr17	70349554	70349737	DNA/hAT-Charlie	868	-	92	70349646	53406
chr17	70296240	70496240	harbor2	chr17	70359472	70360383	DNA/hAT-Charlie	3171	-	456	70359928	63688
chr17	61767756	61967756	harbor2	chr17	61833917	61834112	DNA/hAT-Charlie	963	-	98	61834015	66259
chr17	61767756	61967756	harbor2	chr17	61845318	61845608	DNA/hAT-Charlie	1304	-	145	61845463	77707
chr17	61767756	61967756	harbor2	chr17	61845624	61845901	DNA/hAT-Charlie	1318	-	138	61845762	78006
chr17	61767756	61967756	harbor2	chr17	61846277	61846384	DNA/hAT-Charlie	869	-	54	61846331	78575
chr17	61767756	61967756	harbor2	chr17	61846687	61846791	DNA/hAT-Charlie	869	-	52	61846739	78983
chr17	64742160	64942160	harbor2	chr17	64799391	64799579	DNA/hAT-Charlie	741	-	94	64799485	57325
chr17	64742160	64942160	harbor2	chr17	64813900	64814085	DNA/hAT-Charlie	790	-	92	64813992	71832
chr17	33595173	33795173	harbor2	chr17	33681253	33681450	DNA/hAT-Charlie	1133	-	98	33681351	86178
chr17	28546968	28746968	harbor2	chr17	28589038	28589102	DNA/hAT-Charlie	1525	-	32	28589070	42102
chr17	28546968	28746968	harbor2	chr17	28589399	28589628	DNA/hAT-Charlie	1525	-	114	28589513	42545
chr17	28546968	28746968	harbor2	chr17	28590525	28590584	DNA/hAT-Charlie	1525	-	30	28590555	43587
chr17	28546968	28746968	harbor2	chr17	28596760	28596823	DNA/hAT-Charlie	953	-	32	28596792	49824
chr17	28546968	28746968	harbor2	chr17	28597097	28597134	DNA/hAT-Charlie	953	-	18	28597115	50147
chr17	28546968	28746968	harbor2	chr17	28597431	28597553	DNA/hAT-Charlie	953	-	61	28597492	50524
chr17	28546968	28746968	harbor2	chr17	28589929	28590241	DNA/hAT-Charlie	1525	-	156	28590085	43117
chr17	13802079	14002079	harbor2	chr17	13805488	13805632	DNA/hAT-Charlie	651	-	72	13805560	3481
chr17	13802079	14002079	harbor2	chr17	13825378	13825602	DNA/hAT-Charlie	1111	-	112	13825490	23411
chr17	13802079	14002079	harbor2	chr17	13852007	13852151	DNA/hAT-Charlie	695	-	72	13852079	50000
chr17	13802079	14002079	harbor2	chr17	13861600	13861689	DNA/hAT-Charlie	531	-	44	13861644	59565
chr17	13802079	14002079	harbor2	chr17	13867840	13868015	DNA/hAT-Charlie	717	-	88	13867928	65849
chr17	13802079	14002079	harbor2	chr17	13871352	13871529	DNA/hAT-Charlie	636	-	88	13871440	69361
chr17	62065951	62265951	harbor2	chr17	62070210	62070274	DNA/hAT-Charlie	1012	-	32	62070242	4291
chr17	62065951	62265951	harbor2	chr17	62070585	62070805	DNA/hAT-Charlie	1012	-	110	62070695	4744
chr17	79511783	79711783	harbor2	chr17	79525116	79525315	DNA/hAT-Charlie	788	-	100	79525216	13433
chr17	79511783	79711783	harbor2	chr17	79574850	79575001	DNA/hAT-Charlie	609	-	76	79574926	63143
chr17	83156435	83356435	harbor2	chr17	83194626	83194934	DNA/hAT-Charlie	1381	-	154	83194780	38345
chr17	70181525	70381525	harbor2	chr17	70193853	70193891	DNA/hAT-Charlie	513	-	19	70193872	12347
chr17	70181525	70381525	harbor2	chr17	70194178	70194274	DNA/hAT-Charlie	513	-	48	70194226	12701
chr17	70181525	70381525	harbor2	chr17	70268518	70268552	DNA/hAT-Charlie	1301	-	17	70268535	87010
chr17	70181525	70381525	harbor2	chr17	70269468	70269779	DNA/hAT-Charlie	1301	-	156	70269624	88099
chr17	83120033	83320033	harbor2	chr17	83194626	83194934	DNA/hAT-Charlie	1381	-	154	83194780	74747
chr17	61109322	61309322	harbor2	chr17	61127466	61127627	DNA/hAT-Charlie	577	-	80	61127546	18224
chr17	61109322	61309322	harbor2	chr17	61136378	61136563	DNA/hAT-Charlie	824	-	92	61136470	27148
chr17	59681254	59881254	harbor2	chr17	59695688	59695914	DNA/hAT-Charlie	801	-	113	59695801	14547
chr17	59681254	59881254	harbor2	chr17	59702284	59702546	DNA/hAT-Charlie	1622	-	131	59702415	21161
chr17	59681254	59881254	harbor2	chr17	59752115	59752324	DNA/hAT-Charlie	965	-	104	59752219	70965
chr17	30338405	30538405	harbor2	chr17	30346305	30346991	DNA/hAT-Charlie	1744	-	343	30346648	8243
chr17	30338405	30538405	harbor2	chr17	30347835	30348202	DNA/hAT-Charlie	989	-	184	30348019	9614
chr17	30338405	30538405	harbor2	chr17	30349187	30349227	DNA/hAT-Charlie	533	-	20	30349207	10802
chr17	30338405	30538405	harbor2	chr17	30349759	30349918	DNA/hAT-Charlie	533	-	80	30349839	11434
chr17	30338405	30538405	harbor2	chr17	30350502	30350557	DNA/hAT-Charlie	533	-	28	30350530	12125
chr17	33535408	33735408	harbor2	chr17	33547003	33547187	DNA/hAT-Charlie	948	-	92	33547095	11687
chr17	33535408	33735408	harbor2	chr17	33558588	33558773	DNA/hAT-Charlie	689	-	92	33558680	23272
chr17	33535408	33735408	harbor2	chr17	33574415	33574653	DNA/hAT-Charlie	1034	-	119	33574534	39126
chr17	55195700	55395700	harbor2	chr17	55214842	55215187	DNA/hAT-Charlie	2451	-	172	55215014	19314
chr17	55195700	55395700	harbor2	chr17	55229744	55229963	DNA/hAT-Charlie	1004	-	110	55229854	34154
chr17	55195700	55395700	harbor2	chr17	55264555	55264696	DNA/hAT-Charlie	773	-	70	55264625	68925
chr17	55195700	55395700	harbor2	chr17	55268228	55268415	DNA/hAT-Charlie	574	-	94	55268322	72622
chr17	55195700	55395700	harbor2	chr17	55270618	55270656	DNA/hAT-Charlie	826	-	19	55270637	74937
chr17	55195700	55395700	harbor2	chr17	55270942	55271113	DNA/hAT-Charlie	826	-	86	55271028	75328
chr17	80082491	80282491	harbor2	chr17	80085161	80085365	DNA/hAT-Charlie	725	-	102	80085263	2772
chr17	67813531	68013531	harbor2	chr17	67834867	67834930	DNA/hAT-Charlie	599	-	32	67834899	21368
chr17	67813531	68013531	harbor2	chr17	67835223	67835365	DNA/hAT-Charlie	599	-	71	67835294	21763
chr17	67813531	68013531	harbor2	chr17	67838047	67838252	DNA/hAT-Charlie	990	-	102	67838149	24618
chr17	67813531	68013531	harbor2	chr17	67849296	67849397	DNA/hAT-Charlie	527	-	50	67849346	35815
chr17	76287224	76487224	harbor2	chr17	76314057	76314201	DNA/hAT-Charlie	920	-	72	76314129	26905
chr17	76287224	76487224	harbor2	chr17	76314517	76314546	DNA/hAT-Charlie	920	-	14	76314531	27307
chr17	76287224	76487224	harbor2	chr17	76314670	76314769	DNA/hAT-Charlie	920	-	50	76314720	27496
chr17	76287224	76487224	harbor2	chr17	76317954	76318144	DNA/hAT-Charlie	805	-	95	76318049	30825
chr17	65262835	65462835	harbor2	chr17	65281273	65281494	DNA/hAT-Charlie	1067	-	110	65281383	18548
chr17	65262835	65462835	harbor2	chr17	65290968	65291169	DNA/hAT-Charlie	1120	-	100	65291068	28233
chr17	65262835	65462835	harbor2	chr17	65305582	65306079	DNA/hAT-Charlie	3490	-	248	65305830	42995
chr17	65262835	65462835	harbor2	chr17	65315642	65315836	DNA/hAT-Charlie	815	-	97	65315739	52904
chr17	76095738	76295738	harbor2	chr17	76134937	76135072	DNA/hAT-Charlie	646	-	68	76135005	39267
chr17	63802205	64002205	harbor2	chr17	63836584	63836827	DNA/hAT-Charlie	550	-	122	63836706	34501
chr18	63824874	64024874	harbor2	chr18	63844495	63844722	DNA/hAT-Charlie	826	-	114	63844609	19735
chr18	43102168	43302168	harbor2	chr18	43150637	43150856	DNA/hAT-Charlie	802	-	110	43150747	48579
chr18	42176356	42376356	harbor2	chr18	42210054	42211171	DNA/hAT-Charlie	3392	-	558	42210612	34256
chr18	42176356	42376356	harbor2	chr18	42274885	42275030	DNA/hAT-Charlie	729	-	72	42274957	98601
chr18	46018483	46218483	harbor2	chr18	46090695	46090859	DNA/hAT-Charlie	736	-	82	46090777	72294
chr18	32203770	32403770	harbor2	chr18	32220829	32221584	DNA/hAT-Charlie	2758	-	378	32221207	17437
chr18	32203770	32403770	harbor2	chr18	32221858	32222057	DNA/hAT-Charlie	2758	-	100	32221958	18188
chr18	32203770	32403770	harbor2	chr18	32226457	32226611	DNA/hAT-Charlie	663	-	77	32226534	22764
chr18	32203770	32403770	harbor2	chr18	32271485	32271646	DNA/hAT-Charlie	843	-	80	32271565	67795
chr18	54458323	54658323	harbor2	chr18	54479712	54479972	DNA/hAT-Charlie	700	-	130	54479842	21519
chr18	54458323	54658323	harbor2	chr18	54496192	54496445	DNA/hAT-Charlie	444	-	126	54496318	37995
chr18	54458323	54658323	harbor2	chr18	54508736	54508948	DNA/hAT-Charlie	903	-	106	54508842	50519
chr18	77142677	77342677	harbor2	chr18	77158381	77158687	DNA/hAT-Charlie	1966	-	153	77158534	15857
chr18	77142677	77342677	harbor2	chr18	77171482	77172359	DNA/hAT-Charlie	4458	-	438	77171920	29243
chr18	77142677	77342677	harbor2	chr18	77172665	77173108	DNA/hAT-Charlie	4458	-	222	77172887	30210
chr18	77142677	77342677	harbor2	chr18	77200132	77200361	DNA/hAT-Charlie	713	-	114	77200246	57569
chr18	77142677	77342677	harbor2	chr18	77202034	77202207	DNA/hAT-Charlie	456	-	86	77202120	59443
chr18	77142677	77342677	harbor2	chr18	77205879	77206037	DNA/hAT-Charlie	658	-	79	77205958	63281
chr18	33194929	33394929	harbor2	chr18	33231967	33232056	DNA/hAT-Charlie	610	-	44	33232011	37082
chr18	33194929	33394929	harbor2	chr18	33245822	33246028	DNA/hAT-Charlie	882	-	103	33245925	50996
chr18	78273086	78473086	harbor2	chr18	78340400	78340737	DNA/hAT-Charlie	1975	-	168	78340568	67482
chr18	78273086	78473086	harbor2	chr18	78356401	78356924	DNA/hAT-Charlie	3594	-	262	78356663	83577
chr18	78273086	78473086	harbor2	chr18	78361046	78361256	DNA/hAT-Charlie	443	-	105	78361151	88065
chr18	35761091	35961091	harbor2	chr18	35787212	35787390	DNA/hAT-Charlie	742	-	89	35787301	26210
chr18	35761091	35961091	harbor2	chr18	35787596	35788016	DNA/hAT-Charlie	3735	-	210	35787806	26715
chr18	35761091	35961091	harbor2	chr18	35788398	35788924	DNA/hAT-Charlie	3735	-	263	35788661	27570
chr18	35761091	35961091	harbor2	chr18	35789237	35789468	DNA/hAT-Charlie	3735	-	116	35789353	28262
chr18	35761091	35961091	harbor2	chr18	35789483	35789899	DNA/hAT-Charlie	1214	-	208	35789691	28600
chr18	35761091	35961091	harbor2	chr18	35824501	35824730	DNA/hAT-Charlie	1124	-	114	35824615	63524
chr18	31516987	31716987	harbor2	chr18	31521462	31521622	DNA/hAT-Charlie	821	-	80	31521542	4555
chr18	31516987	31716987	harbor2	chr18	31577289	31577474	DNA/hAT-Charlie	1041	-	92	31577381	60394
chr18	31516987	31716987	harbor2	chr18	31582180	31582560	DNA/hAT-Charlie	1705	-	190	31582370	65383
chr18	31516987	31716987	harbor2	chr18	31589569	31589745	DNA/hAT-Charlie	632	-	88	31589657	72670
chr18	31516987	31716987	harbor2	chr18	31593279	31593422	DNA/hAT-Charlie	397	-	72	31593351	76364
chr18	77206532	77406532	harbor2	chr18	77276457	77276610	DNA/hAT-Charlie	611	-	76	77276533	70001
chr18	77206532	77406532	harbor2	chr18	77296207	77296416	DNA/hAT-Charlie	475	-	104	77296311	89779
chr18	77206532	77406532	harbor2	chr18	77296438	77296561	DNA/hAT-Charlie	496	-	62	77296500	89968
chr18	78390464	78590464	harbor2	chr18	78403650	78403945	DNA/hAT-Charlie	661	-	148	78403798	13334
chr18	78390464	78590464	harbor2	chr18	78428779	78428971	DNA/hAT-Charlie	1309	-	96	78428875	38411
chr18	79996980	80196980	harbor2	chr18	80005205	80005360	DNA/hAT-Charlie	539	-	78	80005283	8303
chr18	65161972	65361972	harbor2	chr18	65162748	65162922	DNA/hAT-Charlie	588	-	87	65162835	863
chr18	65161972	65361972	harbor2	chr18	65180809	65181032	DNA/hAT-Charlie	638	-	112	65180921	18949
chr18	71478694	71678694	harbor2	chr18	71482178	71482378	DNA/hAT-Charlie	596	-	100	71482278	3584
chr18	76564250	76764250	harbor2	chr18	76624661	76624765	DNA/hAT-Charlie	490	-	52	76624713	60463
chr18	22243581	22443581	harbor2	chr18	22310247	22310406	DNA/hAT-Charlie	498	-	80	22310327	66746
chr18	60743468	60943468	harbor2	chr18	60756888	60757101	DNA/hAT-Charlie	432	-	106	60756994	13526
chr18	60743468	60943468	harbor2	chr18	60761729	60761922	DNA/hAT-Charlie	498	-	96	60761825	18357
chr18	60743468	60943468	harbor2	chr18	60761943	60762498	DNA/hAT-Charlie	1308	-	278	60762221	18753
chr18	28673418	28873418	harbor2	chr18	28679105	28679322	DNA/hAT-Charlie	604	-	108	28679213	5795
chr18	28673418	28873418	harbor2	chr18	28740175	28740322	DNA/hAT-Charlie	596	-	74	28740249	66831
chr18	40681131	40881131	harbor2	chr18	40709694	40710297	DNA/hAT-Charlie	816	-	302	40709996	28865
chr18	40681131	40881131	harbor2	chr18	40710862	40711062	DNA/hAT-Charlie	407	-	100	40710962	29831
chr18	40681131	40881131	harbor2	chr18	40772323	40772661	DNA/hAT-Charlie	2124	-	169	40772492	91361
chr18	75862275	76062275	harbor2	chr18	75881353	75881696	DNA/hAT-Charlie	1321	-	172	75881525	19250
chr18	75862275	76062275	harbor2	chr18	75923171	75923360	DNA/hAT-Charlie	808	-	94	75923265	60990
chr18	28715047	28915047	harbor2	chr18	28740175	28740322	DNA/hAT-Charlie	596	-	74	28740249	25202
chr18	28715047	28915047	harbor2	chr18	28775165	28775340	DNA/hAT-Charlie	641	-	88	28775253	60206
chr18	28715047	28915047	harbor2	chr18	28779384	28780079	DNA/hAT-Charlie	1209	-	348	28779732	64685
chr18	48914970	49114970	harbor2	chr18	48984153	48984210	DNA/hAT-Charlie	929	-	28	48984181	69211
chr18	48914970	49114970	harbor2	chr18	48984817	48984975	DNA/hAT-Charlie	929	-	79	48984896	69926
chr18	48914970	49114970	harbor2	chr18	48996171	48996352	DNA/hAT-Charlie	807	-	90	48996261	81291
chr18	75337098	75537098	harbor2	chr18	75341781	75341920	DNA/hAT-Charlie	571	-	70	75341851	4753
chr18	75337098	75537098	harbor2	chr18	75341977	75342127	DNA/hAT-Charlie	579	-	75	75342052	4954
chr18	75337098	75537098	harbor2	chr18	75355079	75356479	DNA/hAT-Charlie	6104	-	700	75355779	18681
chr18	75337098	75537098	harbor2	chr18	75357898	75358101	DNA/hAT-Charlie	884	-	102	75358000	20902
chr18	75337098	75537098	harbor2	chr18	75376073	75376296	DNA/hAT-Charlie	1032	-	112	75376185	39087
chr18	75337098	75537098	harbor2	chr18	75390391	75390543	DNA/hAT-Charlie	624	-	76	75390467	53369
chr18	75337098	75537098	harbor2	chr18	75421733	75421991	DNA/hAT-Charlie	1061	-	129	75421862	84764
chr18	32688955	32888955	harbor2	chr18	32729293	32729488	DNA/hAT-Charlie	689	-	98	32729391	40436
chr18	32688955	32888955	harbor2	chr18	32747191	32747686	DNA/hAT-Charlie	3382	-	248	32747439	58484
chr18	32688955	32888955	harbor2	chr18	32753055	32753232	DNA/hAT-Charlie	483	-	88	32753143	64188
chr18	69016541	69216541	harbor2	chr18	69070676	69070956	DNA/hAT-Charlie	791	-	140	69070816	54275
chr18	47861886	48061886	harbor2	chr18	47877599	47877917	DNA/hAT-Charlie	565	-	159	47877758	15872
chr18	47861886	48061886	harbor2	chr18	47878162	47878325	DNA/hAT-Charlie	399	-	82	47878244	16358
chr18	47861886	48061886	harbor2	chr18	47900076	47900343	DNA/hAT-Charlie	976	-	134	47900210	38324
chr18	47861886	48061886	harbor2	chr18	47920305	47920527	DNA/hAT-Charlie	733	-	111	47920416	58530
chr18	47861886	48061886	harbor2	chr18	47923431	47923592	DNA/hAT-Charlie	799	-	80	47923511	61625
chr18	61902485	62102485	harbor2	chr18	61908788	61908952	DNA/hAT-Charlie	526	-	82	61908870	6385
chr18	61902485	62102485	harbor2	chr18	61925112	61925318	DNA/hAT-Charlie	1067	-	103	61925215	22730
chr18	61902485	62102485	harbor2	chr18	61956461	61956613	DNA/hAT-Charlie	463	-	76	61956537	54052
chr18	61902485	62102485	harbor2	chr18	61983114	61983262	DNA/hAT-Charlie	536	-	74	61983188	80703
chr18	50654411	50854411	harbor2	chr18	50687326	50687464	DNA/hAT-Charlie	747	-	69	50687395	32984
chr18	50654411	50854411	harbor2	chr18	50703634	50703754	DNA/hAT-Charlie	390	-	60	50703694	49283
chr18	50654411	50854411	harbor2	chr18	50706323	50706514	DNA/hAT-Charlie	537	-	96	50706419	52008
chr18	50654411	50854411	harbor2	chr18	50722788	50722927	DNA/hAT-Charlie	436	-	70	50722858	68447
chr18	50654411	50854411	harbor2	chr18	50726980	50727096	DNA/hAT-Charlie	416	-	58	50727038	72627
chr18	50654411	50854411	harbor2	chr18	50754018	50754222	DNA/hAT-Charlie	563	-	102	50754120	99709
chr18	74231680	74431680	harbor2	chr18	74248826	74249250	DNA/hAT-Charlie	1012	-	212	74249038	17358
chr18	74231680	74431680	harbor2	chr18	74287124	74287368	DNA/hAT-Charlie	408	-	122	74287246	55566
chr18	30375367	30575367	harbor2	chr18	30420621	30420854	DNA/hAT-Charlie	485	-	116	30420737	45370
chr18	30375367	30575367	harbor2	chr18	30440113	30440256	DNA/hAT-Charlie	811	-	72	30440185	64818
chr18	30375367	30575367	harbor2	chr18	30442509	30442612	DNA/hAT-Charlie	734	-	52	30442561	67194
chr18	30375367	30575367	harbor2	chr18	30454177	30454355	DNA/hAT-Charlie	504	-	89	30454266	78899
chr18	77001364	77201364	harbor2	chr18	77027164	77027318	DNA/hAT-Charlie	404	-	77	77027241	25877
chr18	77001364	77201364	harbor2	chr18	77071406	77071598	DNA/hAT-Charlie	1420	-	96	77071502	70138
chr18	77001364	77201364	harbor2	chr18	77080385	77080557	DNA/hAT-Charlie	430	-	86	77080471	79107
chr18	77001364	77201364	harbor2	chr18	77094779	77094981	DNA/hAT-Charlie	565	-	101	77094880	93516
chr19	53911311	54111311	harbor2	chr19	53918234	53918570	DNA/hAT-Charlie	1349	-	168	53918402	7091
chr19	53911311	54111311	harbor2	chr19	53938456	53938648	DNA/hAT-Charlie	834	-	96	53938552	27241
chr19	53911311	54111311	harbor2	chr19	53939854	53940004	DNA/hAT-Charlie	667	-	75	53939929	28618
chr19	53911311	54111311	harbor2	chr19	53966998	53967217	DNA/hAT-Charlie	1068	-	110	53967108	55797
chr19	53911311	54111311	harbor2	chr19	53967386	53967554	DNA/hAT-Charlie	1024	-	84	53967470	56159
chr19	53911311	54111311	harbor2	chr19	53967842	53967974	DNA/hAT-Charlie	1024	-	66	53967908	56597
chr19	53911311	54111311	harbor2	chr19	53970966	53971009	DNA/hAT-Charlie	790	-	22	53970988	59677
chr19	53911311	54111311	harbor2	chr19	53971316	53971556	DNA/hAT-Charlie	790	-	120	53971436	60125
chr19	48400520	48600520	harbor2	chr19	48420098	48420146	DNA/hAT-Charlie	660	-	24	48420122	19602
chr19	48400520	48600520	harbor2	chr19	48420442	48420543	DNA/hAT-Charlie	660	-	50	48420492	19972
chr19	48400520	48600520	harbor2	chr19	48420842	48420990	DNA/hAT-Charlie	660	-	74	48420916	20396
chr19	48400520	48600520	harbor2	chr19	48424255	48424265	DNA/hAT-Charlie	762	-	5	48424260	23740
chr19	48400520	48600520	harbor2	chr19	48424569	48424794	DNA/hAT-Charlie	762	-	112	48424681	24161
chr19	51587353	51787353	harbor2	chr19	51664826	51665049	DNA/hAT-Charlie	1209	-	112	51664938	77585
chr19	51587353	51787353	harbor2	chr19	51670471	51670773	DNA/hAT-Charlie	1342	-	151	51670622	83269
chr19	51587353	51787353	harbor2	chr19	51684613	51684835	DNA/hAT-Charlie	1495	-	111	51684724	97371
chr19	4653752	4853752	harbor2	chr19	4694196	4694413	DNA/hAT-Charlie	1063	-	108	4694304	40552
chr19	4653752	4853752	harbor2	chr19	4706848	4707058	DNA/hAT-Charlie	725	-	105	4706953	53201
chr19	40964482	41164482	harbor2	chr19	41003640	41003829	DNA/hAT-Charlie	1553	-	94	41003734	39252
chr19	56081040	56281040	harbor2	chr19	56094687	56094828	DNA/hAT-Charlie	1959	-	70	56094757	13717
chr19	56081040	56281040	harbor2	chr19	56095125	56095318	DNA/hAT-Charlie	1959	-	96	56095221	14181
chr19	56081040	56281040	harbor2	chr19	56136682	56136780	DNA/hAT-Charlie	678	-	49	56136731	55691
chr19	56081040	56281040	harbor2	chr19	56137083	56137157	DNA/hAT-Charlie	678	-	37	56137120	56080
chr19	56081040	56281040	harbor2	chr19	56145141	56145300	DNA/hAT-Charlie	613	-	80	56145221	64181
chr19	34137642	34337642	harbor2	chr19	34148521	34148713	DNA/hAT-Charlie	1078	-	96	34148617	10975
chr19	34137642	34337642	harbor2	chr19	34230655	34231125	DNA/hAT-Charlie	2759	-	235	34230890	93248
chr19	36646643	36846643	harbor2	chr19	36740548	36740765	DNA/hAT-Charlie	734	-	108	36740656	94013
chr19	16646720	16846720	harbor2	chr19	16672321	16672446	DNA/hAT-Charlie	821	-	62	16672383	25663
chr19	16646720	16846720	harbor2	chr19	16680830	16681043	DNA/hAT-Charlie	1112	-	106	16680936	34216
chr19	16646720	16846720	harbor2	chr19	16681651	16681807	DNA/hAT-Charlie	749	-	78	16681729	35009
chr19	16646720	16846720	harbor2	chr19	16704135	16704301	DNA/hAT-Charlie	1971	-	83	16704218	57498
chr19	16646720	16846720	harbor2	chr19	16704538	16704914	DNA/hAT-Charlie	1971	-	188	16704726	58006
chr19	16646720	16846720	harbor2	chr19	16706209	16706394	DNA/hAT-Charlie	634	-	92	16706301	59581
chr19	16646720	16846720	harbor2	chr19	16726746	16726950	DNA/hAT-Charlie	885	-	102	16726848	80128
chr19	57496664	57696664	harbor2	chr19	57568633	57568979	DNA/hAT-Charlie	2081	-	173	57568806	72142
chr19	41805012	42005012	harbor2	chr19	41852396	41852714	DNA/hAT-Charlie	1196	-	159	41852555	47543
chr19	51865699	52065699	harbor2	chr19	51917979	51918471	DNA/hAT-Charlie	3250	-	246	51918225	52526
chr19	51865699	52065699	harbor2	chr19	51920421	51920607	DNA/hAT-Charlie	976	-	93	51920514	54815
chr19	51819179	52019179	harbor2	chr19	51917979	51918471	DNA/hAT-Charlie	3250	-	246	51918225	99046
chr19	54937536	55137536	harbor2	chr19	55003838	55004050	DNA/hAT-Charlie	653	-	106	55003944	66408
chr19	16101480	16301480	harbor2	chr19	16163745	16163965	DNA/hAT-Charlie	1111	-	110	16163855	62375
chr19	16101480	16301480	harbor2	chr19	16164273	16164393	DNA/hAT-Charlie	1111	-	60	16164333	62853
chr19	51225260	51425260	harbor2	chr19	51240404	51240563	DNA/hAT-Charlie	762	-	80	51240484	15224
chr19	51225260	51425260	harbor2	chr19	51246431	51246504	DNA/hAT-Charlie	663	-	36	51246467	21207
chr19	51225260	51425260	harbor2	chr19	51247172	51247323	DNA/hAT-Charlie	663	-	76	51247248	21988
chr19	39968938	40168938	harbor2	chr19	39973107	39973267	DNA/hAT-Charlie	612	-	80	39973187	4249
chr19	39968938	40168938	harbor2	chr19	39990961	39991287	DNA/hAT-Charlie	2148	-	163	39991124	22186
chr19	39968938	40168938	harbor2	chr19	40000757	40001283	DNA/hAT-Charlie	3651	-	263	40001020	32082
chr19	39968938	40168938	harbor2	chr19	40016540	40016744	DNA/hAT-Charlie	735	-	102	40016642	47704
chr19	39968938	40168938	harbor2	chr19	40052168	40052343	DNA/hAT-Charlie	727	-	88	40052256	83318
chr19	34147386	34347386	harbor2	chr19	34148521	34148713	DNA/hAT-Charlie	1078	-	96	34148617	1231
chr19	34147386	34347386	harbor2	chr19	34230655	34231125	DNA/hAT-Charlie	2759	-	235	34230890	83504
chr19	55785674	55985674	harbor2	chr19	55790245	55790457	DNA/hAT-Charlie	827	-	106	55790351	4677
chr19	55785674	55985674	harbor2	chr19	55857369	55857585	DNA/hAT-Charlie	736	-	108	55857477	71803
chr19	55785674	55985674	harbor2	chr19	55861007	55861225	DNA/hAT-Charlie	1131	-	109	55861116	75442
chr19	55785674	55985674	harbor2	chr19	55861660	55861867	DNA/hAT-Charlie	873	-	104	55861764	76090
chr19	55785674	55985674	harbor2	chr19	55874109	55874432	DNA/hAT-Charlie	1227	-	162	55874271	88597
chr19	57993279	58193279	harbor2	chr19	58070598	58070680	DNA/hAT-Charlie	810	-	41	58070639	77360
chr19	57993279	58193279	harbor2	chr19	58070965	58071087	DNA/hAT-Charlie	810	-	61	58071026	77747
chr19	57993279	58193279	harbor2	chr19	58071392	58071470	DNA/hAT-Charlie	810	-	39	58071431	78152
chr19	40801032	41001032	harbor2	chr19	40898806	40899100	DNA/hAT-Charlie	921	-	147	40898953	97921
chr19	41776028	41976028	harbor2	chr19	41792767	41792975	DNA/hAT-Charlie	860	-	104	41792871	16843
chr19	41776028	41976028	harbor2	chr19	41852396	41852714	DNA/hAT-Charlie	1196	-	159	41852555	76527
chr19	46121451	46321451	harbor2	chr19	46134288	46134861	DNA/hAT-Charlie	3232	-	286	46134574	13123
chr19	46121451	46321451	harbor2	chr19	46144067	46144340	DNA/hAT-Charlie	968	-	136	46144203	22752
chr19	51139176	51339176	harbor2	chr19	51143039	51143234	DNA/hAT-Charlie	660	-	98	51143137	3961
chr19	51139176	51339176	harbor2	chr19	51147799	51148017	DNA/hAT-Charlie	942	-	109	51147908	8732
chr19	51139176	51339176	harbor2	chr19	51177198	51177400	DNA/hAT-Charlie	961	-	101	51177299	38123
chr19	51139176	51339176	harbor2	chr19	51188203	51188423	DNA/hAT-Charlie	1132	-	110	51188313	49137
chr19	55843845	56043845	harbor2	chr19	55857369	55857585	DNA/hAT-Charlie	736	-	108	55857477	13632
chr19	55843845	56043845	harbor2	chr19	55861007	55861225	DNA/hAT-Charlie	1131	-	109	55861116	17271
chr19	55843845	56043845	harbor2	chr19	55861660	55861867	DNA/hAT-Charlie	873	-	104	55861764	17919
chr19	55843845	56043845	harbor2	chr19	55874109	55874432	DNA/hAT-Charlie	1227	-	162	55874271	30426
chr19	55843845	56043845	harbor2	chr19	55890350	55890552	DNA/hAT-Charlie	839	-	101	55890451	46606
chr19	55843845	56043845	harbor2	chr19	55905677	55905892	DNA/hAT-Charlie	697	-	108	55905785	61940
chr19	53213900	53413900	harbor2	chr19	53247284	53247508	DNA/hAT-Charlie	1546	-	112	53247396	33496
chr19	53213900	53413900	harbor2	chr19	53294280	53294374	DNA/hAT-Charlie	741	-	47	53294327	80427
chr19	57706616	57906616	harbor2	chr19	57755959	57756181	DNA/hAT-Charlie	1411	-	111	57756070	49454
chr19	46479918	46679918	harbor2	chr19	46487733	46487903	DNA/hAT-Charlie	679	-	85	46487818	7900
chr19	46479918	46679918	harbor2	chr19	46513402	46513579	DNA/hAT-Charlie	791	-	88	46513490	33572
chr19	57016344	57216344	harbor2	chr19	57038214	57038355	DNA/hAT-Charlie	612	-	70	57038284	21940
chr19	57016344	57216344	harbor2	chr19	57053850	57054076	DNA/hAT-Charlie	1018	-	113	57053963	37619
chr19	57016344	57216344	harbor2	chr19	57062139	57062350	DNA/hAT-Charlie	1110	-	106	57062245	45901
chr19	57016344	57216344	harbor2	chr19	57069999	57070217	DNA/hAT-Charlie	1069	-	109	57070108	53764
chr19	57016344	57216344	harbor2	chr19	57103693	57103921	DNA/hAT-Charlie	870	-	114	57103807	87463
chr19	56612059	56812059	harbor2	chr19	56665340	56665506	DNA/hAT-Charlie	833	-	83	56665423	53364
chr19	56612059	56812059	harbor2	chr19	56665805	56665882	DNA/hAT-Charlie	833	-	38	56665843	53784
chr19	56612059	56812059	harbor2	chr19	56681551	56681817	DNA/hAT-Charlie	993	-	133	56681684	69625
chr19	56612059	56812059	harbor2	chr19	56692317	56692570	DNA/hAT-Charlie	922	-	126	56692443	80384
chr19	56612059	56812059	harbor2	chr19	56699331	56699653	DNA/hAT-Charlie	867	-	161	56699492	87433
chr19	57052158	57252158	harbor2	chr19	57053850	57054076	DNA/hAT-Charlie	1018	-	113	57053963	1805
chr19	57052158	57252158	harbor2	chr19	57062139	57062350	DNA/hAT-Charlie	1110	-	106	57062245	10087
chr19	57052158	57252158	harbor2	chr19	57069999	57070217	DNA/hAT-Charlie	1069	-	109	57070108	17950
chr19	57052158	57252158	harbor2	chr19	57103693	57103921	DNA/hAT-Charlie	870	-	114	57103807	51649
chr19	57052158	57252158	harbor2	chr19	57116975	57117192	DNA/hAT-Charlie	906	-	108	57117083	64925
chr19	54935894	55135894	harbor2	chr19	55003838	55004050	DNA/hAT-Charlie	653	-	106	55003944	68050
chr19	30536518	30736518	harbor2	chr19	30554597	30554811	DNA/hAT-Charlie	729	-	107	30554704	18186
chr19	38603135	38803135	harbor2	chr19	38655114	38655490	DNA/hAT-Charlie	1201	-	188	38655302	52167
chr19	6095437	6295437	harbor2	chr19	6125316	6125788	DNA/hAT-Charlie	1644	-	236	6125552	30115
chr19	6095437	6295437	harbor2	chr19	6162685	6162872	DNA/hAT-Charlie	832	-	94	6162779	67342
chr19	6095437	6295437	harbor2	chr19	6186188	6186486	DNA/hAT-Charlie	899	-	149	6186337	90900
chr19	55470764	55670764	harbor2	chr19	55479559	55479778	DNA/hAT-Charlie	1062	-	110	55479669	8905
chr19	49844172	50044172	harbor2	chr19	49927316	49927499	DNA/hAT-Charlie	915	-	92	49927408	83236
chr19	55162020	55362020	harbor2	chr19	55256277	55256490	DNA/hAT-Charlie	871	-	106	55256383	94363
chr19	35846873	36046873	harbor2	chr19	35928598	35928735	DNA/hAT-Charlie	703	-	68	35928666	81793
chr19	35846873	36046873	harbor2	chr19	35929430	35929501	DNA/hAT-Charlie	747	-	36	35929466	82593
chr19	35846873	36046873	harbor2	chr19	35929803	35929930	DNA/hAT-Charlie	747	-	64	35929867	82994
chr19	40333190	40533190	harbor2	chr19	40374021	40374210	DNA/hAT-Charlie	1048	-	94	40374115	40925
chr19	37616579	37816579	harbor2	chr19	37620448	37620668	DNA/hAT-Charlie	1479	-	110	37620558	3979
chr19	37616579	37816579	harbor2	chr19	37632514	37632804	DNA/hAT-Charlie	701	-	145	37632659	16080
chr19	37616579	37816579	harbor2	chr19	37648532	37648715	DNA/hAT-Charlie	1158	-	92	37648624	32045
chr19	37616579	37816579	harbor2	chr19	37679858	37680380	DNA/hAT-Charlie	3956	-	261	37680119	63540
chr19	44985726	45185726	harbor2	chr19	45004527	45004586	DNA/hAT-Charlie	630	-	30	45004557	18831
chr19	44985726	45185726	harbor2	chr19	45005191	45005293	DNA/hAT-Charlie	630	-	51	45005242	19516
chr19	44985726	45185726	harbor2	chr19	45015928	45015986	DNA/hAT-Charlie	890	-	29	45015957	30231
chr19	44985726	45185726	harbor2	chr19	45016285	45016618	DNA/hAT-Charlie	890	-	166	45016451	30725
chr19	44985726	45185726	harbor2	chr19	45016891	45017133	DNA/hAT-Charlie	616	-	121	45017012	31286
chr19	40453323	40653323	harbor2	chr19	40482478	40482675	DNA/hAT-Charlie	664	-	98	40482576	29253
chr19	40453323	40653323	harbor2	chr19	40518944	40519197	DNA/hAT-Charlie	982	-	126	40519070	65747
chr19	40453323	40653323	harbor2	chr19	40521223	40521722	DNA/hAT-Charlie	3175	-	250	40521473	68150
chr19	40453323	40653323	harbor2	chr19	40537310	40537558	DNA/hAT-Charlie	1172	-	124	40537434	84111
chr19	14206293	14406293	harbor2	chr19	14219279	14219466	DNA/hAT-Charlie	771	-	94	14219373	13080
chr19	48526960	48726960	harbor2	chr19	48526872	48527018	DNA/hAT-Charlie	612	-	73	48526945	15
chr19	15681986	15881986	harbor2	chr19	15699457	15699765	DNA/hAT-Charlie	1374	-	154	15699611	17625
chr19	57129292	57329292	harbor2	chr19	57164049	57164239	DNA/hAT-Charlie	1301	-	95	57164144	34852
chr19	57129292	57329292	harbor2	chr19	57164595	57165110	DNA/hAT-Charlie	1521	-	258	57164853	35561
chr19	57129292	57329292	harbor2	chr19	57163745	57163932	DNA/hAT-Charlie	1301	-	94	57163839	34547
chr19	41907367	42107367	harbor2	chr19	41953509	41953597	DNA/hAT-Charlie	748	-	44	41953553	46186
chr19	41907367	42107367	harbor2	chr19	41954192	41954332	DNA/hAT-Charlie	748	-	70	41954262	46895
chr19	41907367	42107367	harbor2	chr19	41959692	41959853	DNA/hAT-Charlie	737	-	80	41959772	52405
chr19	56939809	57139809	harbor2	chr19	56952059	56952580	DNA/hAT-Charlie	3222	-	260	56952319	12510
chr19	56939809	57139809	harbor2	chr19	57038214	57038355	DNA/hAT-Charlie	612	-	70	57038284	98475
chr19	58506597	58706597	harbor2	chr19	58587891	58588110	DNA/hAT-Charlie	826	-	110	58588001	81404
chr19	55656300	55856300	harbor2	chr19	55672422	55672611	DNA/hAT-Charlie	659	-	94	55672516	16216
chr19	55656300	55856300	harbor2	chr19	55721583	55721647	DNA/hAT-Charlie	787	-	32	55721615	65315
chr19	55656300	55856300	harbor2	chr19	55722002	55722118	DNA/hAT-Charlie	787	-	58	55722060	65760
chr19	55656300	55856300	harbor2	chr19	55753869	55754153	DNA/hAT-Charlie	846	-	142	55754011	97711
chr19	34171594	34371594	harbor2	chr19	34230655	34231125	DNA/hAT-Charlie	2759	-	235	34230890	59296
chr19	34171594	34371594	harbor2	chr19	34270822	34270994	DNA/hAT-Charlie	857	-	86	34270908	99314
chr19	36904917	37104917	harbor2	chr19	36919376	36919724	DNA/hAT-Charlie	2140	-	174	36919550	14633
chr19	36904917	37104917	harbor2	chr19	36944542	36944755	DNA/hAT-Charlie	938	-	106	36944648	39731
chr19	36904917	37104917	harbor2	chr19	36956900	36957209	DNA/hAT-Charlie	944	-	154	36957054	52137
chr19	53632390	53832390	harbor2	chr19	53634848	53635004	DNA/hAT-Charlie	647	-	78	53634926	2536
chr19	53632390	53832390	harbor2	chr19	53635310	53635344	DNA/hAT-Charlie	623	-	17	53635327	2937
chr19	53632390	53832390	harbor2	chr19	53635681	53635863	DNA/hAT-Charlie	623	-	91	53635772	3382
chr19	43076393	43276393	harbor2	chr19	43118808	43118983	DNA/hAT-Charlie	720	-	88	43118896	42503
chr19	56632307	56832307	harbor2	chr19	56665340	56665506	DNA/hAT-Charlie	833	-	83	56665423	33116
chr19	56632307	56832307	harbor2	chr19	56665805	56665882	DNA/hAT-Charlie	833	-	38	56665843	33536
chr19	56632307	56832307	harbor2	chr19	56681551	56681817	DNA/hAT-Charlie	993	-	133	56681684	49377
chr19	56632307	56832307	harbor2	chr19	56692317	56692570	DNA/hAT-Charlie	922	-	126	56692443	60136
chr19	56632307	56832307	harbor2	chr19	56699331	56699653	DNA/hAT-Charlie	867	-	161	56699492	67185
chr19	56632307	56832307	harbor2	chr19	56712358	56712679	DNA/hAT-Charlie	1286	-	160	56712518	80211
chr19	56632307	56832307	harbor2	chr19	56727485	56727794	DNA/hAT-Charlie	1106	-	154	56727639	95332
chr19	15680879	15880879	harbor2	chr19	15699457	15699765	DNA/hAT-Charlie	1374	-	154	15699611	18732
chr19	56696976	56896976	harbor2	chr19	56699331	56699653	DNA/hAT-Charlie	867	-	161	56699492	2516
chr19	56696976	56896976	harbor2	chr19	56712358	56712679	DNA/hAT-Charlie	1286	-	160	56712518	15542
chr19	56696976	56896976	harbor2	chr19	56727485	56727794	DNA/hAT-Charlie	1106	-	154	56727639	30663
chr19	56696976	56896976	harbor2	chr19	56735645	56735856	DNA/hAT-Charlie	647	-	106	56735751	38775
chr19	56696976	56896976	harbor2	chr19	56740348	56740678	DNA/hAT-Charlie	1340	-	165	56740513	43537
chr19	56696976	56896976	harbor2	chr19	56747005	56747223	DNA/hAT-Charlie	668	-	109	56747114	50138
chr19	56696976	56896976	harbor2	chr19	56750969	56751234	DNA/hAT-Charlie	920	-	132	56751101	54125
chr19	56696976	56896976	harbor2	chr19	56758229	56758433	DNA/hAT-Charlie	679	-	102	56758331	61355
chr19	56696976	56896976	harbor2	chr19	56780141	56780233	DNA/hAT-Charlie	1317	-	46	56780187	83211
chr19	56696976	56896976	harbor2	chr19	56780544	56780927	DNA/hAT-Charlie	1317	-	192	56780736	83760
chr19	34043506	34243506	harbor2	chr19	34046004	34046222	DNA/hAT-Charlie	1417	-	109	34046113	2607
chr19	30800073	31000073	harbor2	chr19	30845909	30846410	DNA/hAT-Charlie	3461	-	250	30846159	46086
chr19	58175575	58375575	harbor2	chr19	58195652	58195968	DNA/hAT-Charlie	2067	-	158	58195810	20235
chr19	58175575	58375575	harbor2	chr19	58273728	58273789	DNA/hAT-Charlie	1280	-	30	58273758	98183
chr19	58175575	58375575	harbor2	chr19	58274093	58274210	DNA/hAT-Charlie	1280	-	58	58274151	98576
chr19	58175575	58375575	harbor2	chr19	58274645	58274862	DNA/hAT-Charlie	1280	-	108	58274753	99178
chr19	43564582	43764582	harbor2	chr19	43653131	43653294	DNA/hAT-Charlie	756	-	82	43653213	88631
chr19	28433430	28633430	harbor2	chr19	28456845	28457073	DNA/hAT-Charlie	721	-	114	28456959	23529
chr19	39292175	39492175	harbor2	chr19	39292448	39292629	DNA/hAT-Charlie	687	-	90	39292538	363
chr19	39292175	39492175	harbor2	chr19	39337209	39337384	DNA/hAT-Charlie	801	-	88	39337297	45122
chr19	56934939	57134939	harbor2	chr19	56952059	56952580	DNA/hAT-Charlie	3222	-	260	56952319	17380
chr19	28635763	28835763	harbor2	chr19	28674605	28674820	DNA/hAT-Charlie	1029	-	108	28674713	38950
chr19	46447546	46647546	harbor2	chr19	46452611	46452718	DNA/hAT-Charlie	623	-	54	46452665	5119
chr19	46447546	46647546	harbor2	chr19	46453353	46453451	DNA/hAT-Charlie	623	-	49	46453402	5856
chr19	46447546	46647546	harbor2	chr19	46453761	46454121	DNA/hAT-Charlie	623	-	180	46453941	6395
chr19	46447546	46647546	harbor2	chr19	46466436	46466986	DNA/hAT-Charlie	1064	-	275	46466711	19165
chr19	46447546	46647546	harbor2	chr19	46487733	46487903	DNA/hAT-Charlie	679	-	85	46487818	40272
chr19	46447546	46647546	harbor2	chr19	46513402	46513579	DNA/hAT-Charlie	791	-	88	46513490	65944
chr19	37901641	38101641	harbor2	chr19	37916649	37916677	DNA/hAT-Charlie	1461	-	14	37916663	15022
chr19	37901641	38101641	harbor2	chr19	37916972	37917268	DNA/hAT-Charlie	1461	-	148	37917120	15479
chr19	37901641	38101641	harbor2	chr19	37928266	37928288	DNA/hAT-Charlie	676	-	11	37928277	26636
chr19	37901641	38101641	harbor2	chr19	37928594	37928751	DNA/hAT-Charlie	676	-	78	37928672	27031
chr19	37901641	38101641	harbor2	chr19	37953993	37954248	DNA/hAT-Charlie	767	-	128	37954121	52480
chr19	37901641	38101641	harbor2	chr19	37972231	37972420	DNA/hAT-Charlie	1192	-	94	37972325	70684
chr19	37901641	38101641	harbor2	chr19	37972724	37972901	DNA/hAT-Charlie	1192	-	88	37972812	71171
chr19	37901641	38101641	harbor2	chr19	37987420	37987625	DNA/hAT-Charlie	776	-	102	37987522	85881
chr19	40300278	40500278	harbor2	chr19	40374021	40374210	DNA/hAT-Charlie	1048	-	94	40374115	73837
chr19	58275503	58475503	harbor2	chr19	58295692	58296176	DNA/hAT-Charlie	725	-	242	58295934	20431
chr19	57138799	57338799	harbor2	chr19	57164049	57164239	DNA/hAT-Charlie	1301	-	95	57164144	25345
chr19	57138799	57338799	harbor2	chr19	57164595	57165110	DNA/hAT-Charlie	1521	-	258	57164853	26054
chr19	57138799	57338799	harbor2	chr19	57163745	57163932	DNA/hAT-Charlie	1301	-	94	57163839	25040
chr19	50142904	50342904	harbor2	chr19	50170599	50170781	DNA/hAT-Charlie	774	-	91	50170690	27786
chr19	50142904	50342904	harbor2	chr19	50175273	50175378	DNA/hAT-Charlie	852	-	52	50175325	32421
chr19	50142904	50342904	harbor2	chr19	50175695	50175810	DNA/hAT-Charlie	852	-	58	50175753	32849
chr19	50142904	50342904	harbor2	chr19	50178333	50178536	DNA/hAT-Charlie	892	-	102	50178435	35531
chr19	50142904	50342904	harbor2	chr19	50184308	50184518	DNA/hAT-Charlie	1054	-	105	50184413	41509
chr19	50142904	50342904	harbor2	chr19	50191310	50191532	DNA/hAT-Charlie	1048	-	111	50191421	48517
chr19	50142904	50342904	harbor2	chr19	50208598	50208835	DNA/hAT-Charlie	1023	-	118	50208716	65812
chr19	50142904	50342904	harbor2	chr19	50221968	50222194	DNA/hAT-Charlie	1022	-	113	50222081	79177
chr19	55289905	55489905	harbor2	chr19	55350180	55350379	DNA/hAT-Charlie	699	-	100	55350280	60375
chr19	55289905	55489905	harbor2	chr19	55381007	55381137	DNA/hAT-Charlie	654	-	65	55381072	91167
chr19	55289905	55489905	harbor2	chr19	55381444	55381517	DNA/hAT-Charlie	654	-	36	55381480	91575
chr19	55234371	55434371	harbor2	chr19	55256277	55256490	DNA/hAT-Charlie	871	-	106	55256383	22012
chr19	55234371	55434371	harbor2	chr19	55269113	55269330	DNA/hAT-Charlie	1278	-	108	55269221	34850
chr19	47188920	47388920	harbor2	chr19	47252630	47252800	DNA/hAT-Charlie	752	-	85	47252715	63795
chr19	55375297	55575297	harbor2	chr19	55381007	55381137	DNA/hAT-Charlie	654	-	65	55381072	5775
chr19	55375297	55575297	harbor2	chr19	55381444	55381517	DNA/hAT-Charlie	654	-	36	55381480	6183
chr19	55375297	55575297	harbor2	chr19	55403001	55403204	DNA/hAT-Charlie	775	-	102	55403103	27806
chr19	55375297	55575297	harbor2	chr19	55443556	55443760	DNA/hAT-Charlie	791	-	102	55443658	68361
chr19	45526095	45726095	harbor2	chr19	45547265	45547477	DNA/hAT-Charlie	884	-	106	45547371	21276
chr19	34926579	35126579	harbor2	chr19	34973560	34973603	DNA/hAT-Charlie	783	-	22	34973582	47003
chr19	34926579	35126579	harbor2	chr19	34973935	34974068	DNA/hAT-Charlie	783	-	66	34974001	47422
chr19	45543568	45743568	harbor2	chr19	45547265	45547477	DNA/hAT-Charlie	884	-	106	45547371	3803
chr19	36502186	36702186	harbor2	chr19	36600822	36600978	DNA/hAT-Charlie	815	-	78	36600900	98714
chr19	36502186	36702186	harbor2	chr19	36601812	36601937	DNA/hAT-Charlie	985	-	62	36601874	99688
chr19	19404004	19604004	harbor2	chr19	19478838	19479240	DNA/hAT-Charlie	943	-	201	19479039	75035
chr19	19404004	19604004	harbor2	chr19	19480216	19480490	DNA/hAT-Charlie	935	-	137	19480353	76349
chr19	47407243	47607243	harbor2	chr19	47448628	47448770	DNA/hAT-Charlie	640	-	71	47448699	41456
chr19	21249017	21449017	harbor2	chr19	21330667	21330904	DNA/hAT-Charlie	631	-	118	21330785	81768
chr19	18010476	18210476	harbor2	chr19	18028480	18028726	DNA/hAT-Charlie	1137	-	123	18028603	18127
chr19	41424100	41624100	harbor2	chr19	41441267	41441613	DNA/hAT-Charlie	2439	-	173	41441440	17340
chr19	46078478	46278478	harbor2	chr19	46134288	46134861	DNA/hAT-Charlie	3232	-	286	46134574	56096
chr19	46078478	46278478	harbor2	chr19	46144067	46144340	DNA/hAT-Charlie	968	-	136	46144203	65725
chr19	44000760	44200760	harbor2	chr19	44051093	44051414	DNA/hAT-Charlie	2064	-	160	44051253	50493
chr19	40900907	41100907	harbor2	chr19	40935733	40935927	DNA/hAT-Charlie	1557	-	97	40935830	34923
chr19	49281070	49481070	harbor2	chr19	49325694	49325882	DNA/hAT-Charlie	1709	-	94	49325788	44718
chr19	49281070	49481070	harbor2	chr19	49326198	49326471	DNA/hAT-Charlie	1709	-	136	49326334	45264
chr19	54928713	55128713	harbor2	chr19	55003838	55004050	DNA/hAT-Charlie	653	-	106	55003944	75231
chr19	14412298	14612298	harbor2	chr19	14423255	14423587	DNA/hAT-Charlie	1941	-	166	14423421	11123
chr19	14412298	14612298	harbor2	chr19	14437016	14437225	DNA/hAT-Charlie	774	-	104	14437120	24822
chr19	14412298	14612298	harbor2	chr19	14465039	14465303	DNA/hAT-Charlie	881	-	132	14465171	52873
chr19	31118154	31318154	harbor2	chr19	31158516	31158972	DNA/hAT-Charlie	3022	-	228	31158744	40590
chr19	31118154	31318154	harbor2	chr19	31161754	31161959	DNA/hAT-Charlie	1045	-	102	31161856	43702
chr19	31118154	31318154	harbor2	chr19	31215102	31215313	DNA/hAT-Charlie	617	-	106	31215208	97054
chr19	49444556	49644556	harbor2	chr19	49482573	49482627	DNA/hAT-Charlie	803	-	27	49482600	38044
chr19	49444556	49644556	harbor2	chr19	49482925	49483116	DNA/hAT-Charlie	803	-	96	49483021	38465
chr19	49444556	49644556	harbor2	chr19	49483415	49483517	DNA/hAT-Charlie	803	-	51	49483466	38910
chr19	49444556	49644556	harbor2	chr19	49494859	49495028	DNA/hAT-Charlie	612	-	84	49494943	50387
chr19	55712866	55912866	harbor2	chr19	55721583	55721647	DNA/hAT-Charlie	787	-	32	55721615	8749
chr19	55712866	55912866	harbor2	chr19	55722002	55722118	DNA/hAT-Charlie	787	-	58	55722060	9194
chr19	55712866	55912866	harbor2	chr19	55753869	55754153	DNA/hAT-Charlie	846	-	142	55754011	41145
chr19	55712866	55912866	harbor2	chr19	55761236	55761531	DNA/hAT-Charlie	863	-	148	55761384	48518
chr19	55712866	55912866	harbor2	chr19	55771241	55771534	DNA/hAT-Charlie	859	-	146	55771387	58521
chr19	55712866	55912866	harbor2	chr19	55777010	55777299	DNA/hAT-Charlie	1030	-	144	55777154	64288
chr19	55712866	55912866	harbor2	chr19	55790245	55790457	DNA/hAT-Charlie	827	-	106	55790351	77485
chr19	34549328	34749328	harbor2	chr19	34582502	34582724	DNA/hAT-Charlie	1456	-	111	34582613	33285
chr19	46415528	46615528	harbor2	chr19	46424604	46425299	DNA/hAT-Charlie	1352	-	348	46424952	9424
chr19	46415528	46615528	harbor2	chr19	46445684	46445820	DNA/hAT-Charlie	1692	-	68	46445752	30224
chr19	46415528	46615528	harbor2	chr19	46446131	46446234	DNA/hAT-Charlie	1692	-	52	46446183	30655
chr19	46415528	46615528	harbor2	chr19	46452611	46452718	DNA/hAT-Charlie	623	-	54	46452665	37137
chr19	46415528	46615528	harbor2	chr19	46453353	46453451	DNA/hAT-Charlie	623	-	49	46453402	37874
chr19	46415528	46615528	harbor2	chr19	46453761	46454121	DNA/hAT-Charlie	623	-	180	46453941	38413
chr19	46415528	46615528	harbor2	chr19	46466436	46466986	DNA/hAT-Charlie	1064	-	275	46466711	51183
chr19	46415528	46615528	harbor2	chr19	46487733	46487903	DNA/hAT-Charlie	679	-	85	46487818	72290
chr19	46415528	46615528	harbor2	chr19	46513402	46513579	DNA/hAT-Charlie	791	-	88	46513490	97962
chr19	43854362	44054362	harbor2	chr19	43920366	43920531	DNA/hAT-Charlie	630	-	82	43920448	66086
chr19	43854362	44054362	harbor2	chr19	43930723	43931045	DNA/hAT-Charlie	1565	-	161	43930884	76522
chr19	31943487	32143487	harbor2	chr19	31981295	31981514	DNA/hAT-Charlie	1433	-	110	31981405	37918
chr19	31943487	32143487	harbor2	chr19	31983951	31984090	DNA/hAT-Charlie	641	-	70	31984021	40534
chr19	31960236	32160236	harbor2	chr19	31981295	31981514	DNA/hAT-Charlie	1433	-	110	31981405	21169
chr19	31960236	32160236	harbor2	chr19	31983951	31984090	DNA/hAT-Charlie	641	-	70	31984021	23785
chr19	36944305	37144305	harbor2	chr19	36944542	36944755	DNA/hAT-Charlie	938	-	106	36944648	343
chr19	36944305	37144305	harbor2	chr19	36956900	36957209	DNA/hAT-Charlie	944	-	154	36957054	12749
chr19	35214735	35414735	harbor2	chr19	35256292	35256631	DNA/hAT-Charlie	733	-	170	35256462	41727
chr19	35214735	35414735	harbor2	chr19	35260840	35260996	DNA/hAT-Charlie	643	-	78	35260918	46183
chr19	35214735	35414735	harbor2	chr19	35286754	35286876	DNA/hAT-Charlie	650	-	61	35286815	72080
chr19	47501373	47701373	harbor2	chr19	47529767	47529966	DNA/hAT-Charlie	616	-	100	47529867	28494
chr19	58215088	58415088	harbor2	chr19	58273728	58273789	DNA/hAT-Charlie	1280	-	30	58273758	58670
chr19	58215088	58415088	harbor2	chr19	58274093	58274210	DNA/hAT-Charlie	1280	-	58	58274151	59063
chr19	58215088	58415088	harbor2	chr19	58274645	58274862	DNA/hAT-Charlie	1280	-	108	58274753	59665
chr19	58215088	58415088	harbor2	chr19	58295692	58296176	DNA/hAT-Charlie	725	-	242	58295934	80846
chr19	43112886	43312886	harbor2	chr19	43118808	43118983	DNA/hAT-Charlie	720	-	88	43118896	6010
chr19	41667605	41867605	harbor2	chr19	41702079	41702266	DNA/hAT-Charlie	761	-	94	41702173	34568
chr19	41667605	41867605	harbor2	chr19	41728279	41728436	DNA/hAT-Charlie	618	-	78	41728357	60752
chr19	41667605	41867605	harbor2	chr19	41752842	41753054	DNA/hAT-Charlie	787	-	106	41752948	85343
chr19	58261840	58461840	harbor2	chr19	58273728	58273789	DNA/hAT-Charlie	1280	-	30	58273758	11918
chr19	58261840	58461840	harbor2	chr19	58274093	58274210	DNA/hAT-Charlie	1280	-	58	58274151	12311
chr19	58261840	58461840	harbor2	chr19	58274645	58274862	DNA/hAT-Charlie	1280	-	108	58274753	12913
chr19	58261840	58461840	harbor2	chr19	58295692	58296176	DNA/hAT-Charlie	725	-	242	58295934	34094
chr19	12262944	12462944	harbor2	chr19	12304947	12305409	DNA/hAT-Charlie	3042	-	231	12305178	42234
chr19	12262944	12462944	harbor2	chr19	12335452	12335641	DNA/hAT-Charlie	1167	-	94	12335546	72602
chr19	58189265	58389265	harbor2	chr19	58195652	58195968	DNA/hAT-Charlie	2067	-	158	58195810	6545
chr19	58189265	58389265	harbor2	chr19	58273728	58273789	DNA/hAT-Charlie	1280	-	30	58273758	84493
chr19	58189265	58389265	harbor2	chr19	58274093	58274210	DNA/hAT-Charlie	1280	-	58	58274151	84886
chr19	58189265	58389265	harbor2	chr19	58274645	58274862	DNA/hAT-Charlie	1280	-	108	58274753	85488
chr19	55653392	55853392	harbor2	chr19	55672422	55672611	DNA/hAT-Charlie	659	-	94	55672516	19124
chr19	55653392	55853392	harbor2	chr19	55721583	55721647	DNA/hAT-Charlie	787	-	32	55721615	68223
chr19	55653392	55853392	harbor2	chr19	55722002	55722118	DNA/hAT-Charlie	787	-	58	55722060	68668
chr19	54020278	54220278	harbor2	chr19	54118874	54119078	DNA/hAT-Charlie	612	-	102	54118976	98698
chr19	50427167	50627167	harbor2	chr19	50524200	50524242	DNA/hAT-Charlie	744	-	21	50524221	97054
chr19	50427167	50627167	harbor2	chr19	50524554	50524746	DNA/hAT-Charlie	744	-	96	50524650	97483
chr19	56649419	56849419	harbor2	chr19	56665340	56665506	DNA/hAT-Charlie	833	-	83	56665423	16004
chr19	56649419	56849419	harbor2	chr19	56665805	56665882	DNA/hAT-Charlie	833	-	38	56665843	16424
chr19	56649419	56849419	harbor2	chr19	56681551	56681817	DNA/hAT-Charlie	993	-	133	56681684	32265
chr19	56649419	56849419	harbor2	chr19	56692317	56692570	DNA/hAT-Charlie	922	-	126	56692443	43024
chr19	56649419	56849419	harbor2	chr19	56699331	56699653	DNA/hAT-Charlie	867	-	161	56699492	50073
chr19	56649419	56849419	harbor2	chr19	56712358	56712679	DNA/hAT-Charlie	1286	-	160	56712518	63099
chr19	56649419	56849419	harbor2	chr19	56727485	56727794	DNA/hAT-Charlie	1106	-	154	56727639	78220
chr19	56649419	56849419	harbor2	chr19	56735645	56735856	DNA/hAT-Charlie	647	-	106	56735751	86332
chr19	56649419	56849419	harbor2	chr19	56740348	56740678	DNA/hAT-Charlie	1340	-	165	56740513	91094
chr19	56649419	56849419	harbor2	chr19	56747005	56747223	DNA/hAT-Charlie	668	-	109	56747114	97695
chr19	56466025	56666025	harbor2	chr19	56527952	56528141	DNA/hAT-Charlie	1313	-	94	56528046	62021
chr19	56466025	56666025	harbor2	chr19	56540622	56540794	DNA/hAT-Charlie	740	-	86	56540708	74683
chr19	34803208	35003208	harbor2	chr19	34808419	34808621	DNA/hAT-Charlie	1107	-	101	34808520	5312
chr19	51937027	52137027	harbor2	chr19	51974647	51974960	DNA/hAT-Charlie	687	-	156	51974803	37776
chr19	51937027	52137027	harbor2	chr19	52005458	52005612	DNA/hAT-Charlie	628	-	77	52005535	68508
chr19	51937027	52137027	harbor2	chr19	52026046	52026212	DNA/hAT-Charlie	708	-	83	52026129	89102
chr19	51937027	52137027	harbor2	chr19	52027169	52027313	DNA/hAT-Charlie	708	-	72	52027241	90214
chr19	48474969	48674969	harbor2	chr19	48526872	48527018	DNA/hAT-Charlie	612	-	73	48526945	51976
chr19	49396837	49596837	harbor2	chr19	49482573	49482627	DNA/hAT-Charlie	803	-	27	49482600	85763
chr19	49396837	49596837	harbor2	chr19	49482925	49483116	DNA/hAT-Charlie	803	-	96	49483021	86184
chr19	49396837	49596837	harbor2	chr19	49483415	49483517	DNA/hAT-Charlie	803	-	51	49483466	86629
chr19	49396837	49596837	harbor2	chr19	49494859	49495028	DNA/hAT-Charlie	612	-	84	49494943	98106
chr19	40118595	40318595	harbor2	chr19	40154130	40154470	DNA/hAT-Charlie	1743	-	170	40154300	35705
chr19	40118595	40318595	harbor2	chr19	40193090	40193308	DNA/hAT-Charlie	1256	-	109	40193199	74604
chr19	40118595	40318595	harbor2	chr19	40207339	40207453	DNA/hAT-Charlie	908	-	57	40207396	88801
chr19	40118595	40318595	harbor2	chr19	40207742	40207903	DNA/hAT-Charlie	908	-	80	40207822	89227
chr19	40118595	40318595	harbor2	chr19	40208028	40208145	DNA/hAT-Charlie	663	-	58	40208086	89491
chr19	40118595	40318595	harbor2	chr19	40208843	40208978	DNA/hAT-Charlie	669	-	68	40208911	90316
chr19	48834879	49034879	harbor2	chr19	48863886	48864073	DNA/hAT-Charlie	1028	-	94	48863980	29101
chr19	46550734	46750734	harbor2	chr19	46588521	46588676	DNA/hAT-Charlie	812	-	78	46588599	37865
chr19	47647389	47847389	harbor2	chr19	47663730	47663987	DNA/hAT-Charlie	692	-	128	47663858	16469
chr19	47647389	47847389	harbor2	chr19	47687125	47687373	DNA/hAT-Charlie	1146	-	124	47687249	39860
chr19	47647389	47847389	harbor2	chr19	47733776	47733926	DNA/hAT-Charlie	661	-	75	47733851	86462
chr19	47562041	47762041	harbor2	chr19	47630913	47631044	DNA/hAT-Charlie	613	-	66	47630979	68938
chr19	58493648	58693648	harbor2	chr19	58587891	58588110	DNA/hAT-Charlie	826	-	110	58588001	94353
chr19	50102044	50302044	harbor2	chr19	50170599	50170781	DNA/hAT-Charlie	774	-	91	50170690	68646
chr19	50102044	50302044	harbor2	chr19	50175273	50175378	DNA/hAT-Charlie	852	-	52	50175325	73281
chr19	50102044	50302044	harbor2	chr19	50175695	50175810	DNA/hAT-Charlie	852	-	58	50175753	73709
chr19	50102044	50302044	harbor2	chr19	50178333	50178536	DNA/hAT-Charlie	892	-	102	50178435	76391
chr19	50102044	50302044	harbor2	chr19	50184308	50184518	DNA/hAT-Charlie	1054	-	105	50184413	82369
chr19	50102044	50302044	harbor2	chr19	50191310	50191532	DNA/hAT-Charlie	1048	-	111	50191421	89377
chr19	50860417	51060417	harbor2	chr19	50897656	50897839	DNA/hAT-Charlie	810	-	92	50897748	37331
chr19	50860417	51060417	harbor2	chr19	50899063	50899274	DNA/hAT-Charlie	864	-	106	50899169	38752
chr19	50860417	51060417	harbor2	chr19	50944617	50944830	DNA/hAT-Charlie	978	-	106	50944723	84306
chr19	56507974	56707974	harbor2	chr19	56527952	56528141	DNA/hAT-Charlie	1313	-	94	56528046	20072
chr19	56507974	56707974	harbor2	chr19	56540622	56540794	DNA/hAT-Charlie	740	-	86	56540708	32734
chr19	56507974	56707974	harbor2	chr19	56598565	56598772	DNA/hAT-Charlie	993	-	104	56598669	90695
chr19	19982020	20182020	harbor2	chr19	20021023	20021226	DNA/hAT-Charlie	1351	-	102	20021125	39105
chr19	57751188	57951188	harbor2	chr19	57755959	57756181	DNA/hAT-Charlie	1411	-	111	57756070	4882
chr19	49552509	49752509	harbor2	chr19	49562910	49563169	DNA/hAT-Charlie	687	-	130	49563040	10531
chr19	49552509	49752509	harbor2	chr19	49563469	49563493	DNA/hAT-Charlie	687	-	12	49563481	10972
chr19	49552509	49752509	harbor2	chr19	49563795	49563920	DNA/hAT-Charlie	687	-	62	49563857	11348
chr19	49552509	49752509	harbor2	chr19	49575624	49575849	DNA/hAT-Charlie	983	-	112	49575736	23227
chr19	49552509	49752509	harbor2	chr19	49576147	49576194	DNA/hAT-Charlie	983	-	24	49576171	23662
chr19	32309562	32509562	harbor2	chr19	32402828	32402994	DNA/hAT-Charlie	776	-	83	32402911	93349
chr19	58058842	58258842	harbor2	chr19	58070598	58070680	DNA/hAT-Charlie	810	-	41	58070639	11797
chr19	58058842	58258842	harbor2	chr19	58070965	58071087	DNA/hAT-Charlie	810	-	61	58071026	12184
chr19	58058842	58258842	harbor2	chr19	58071392	58071470	DNA/hAT-Charlie	810	-	39	58071431	12589
chr19	58058842	58258842	harbor2	chr19	58153437	58153599	DNA/hAT-Charlie	711	-	81	58153518	94676
chr19	57117215	57317215	harbor2	chr19	57164049	57164239	DNA/hAT-Charlie	1301	-	95	57164144	46929
chr19	57117215	57317215	harbor2	chr19	57164595	57165110	DNA/hAT-Charlie	1521	-	258	57164853	47638
chr19	57117215	57317215	harbor2	chr19	57163745	57163932	DNA/hAT-Charlie	1301	-	94	57163839	46624
chr19	39936859	40136859	harbor2	chr19	39961936	39962289	DNA/hAT-Charlie	1709	-	176	39962112	25253
chr19	39936859	40136859	harbor2	chr19	39973107	39973267	DNA/hAT-Charlie	612	-	80	39973187	36328
chr19	39936859	40136859	harbor2	chr19	39990961	39991287	DNA/hAT-Charlie	2148	-	163	39991124	54265
chr19	39936859	40136859	harbor2	chr19	40000757	40001283	DNA/hAT-Charlie	3651	-	263	40001020	64161
chr19	39936859	40136859	harbor2	chr19	40016540	40016744	DNA/hAT-Charlie	735	-	102	40016642	79783
chr19	56646331	56846331	harbor2	chr19	56665340	56665506	DNA/hAT-Charlie	833	-	83	56665423	19092
chr19	56646331	56846331	harbor2	chr19	56665805	56665882	DNA/hAT-Charlie	833	-	38	56665843	19512
chr19	56646331	56846331	harbor2	chr19	56681551	56681817	DNA/hAT-Charlie	993	-	133	56681684	35353
chr19	56646331	56846331	harbor2	chr19	56692317	56692570	DNA/hAT-Charlie	922	-	126	56692443	46112
chr19	56646331	56846331	harbor2	chr19	56699331	56699653	DNA/hAT-Charlie	867	-	161	56699492	53161
chr19	56646331	56846331	harbor2	chr19	56712358	56712679	DNA/hAT-Charlie	1286	-	160	56712518	66187
chr19	56646331	56846331	harbor2	chr19	56727485	56727794	DNA/hAT-Charlie	1106	-	154	56727639	81308
chr19	56646331	56846331	harbor2	chr19	56735645	56735856	DNA/hAT-Charlie	647	-	106	56735751	89420
chr19	56646331	56846331	harbor2	chr19	56740348	56740678	DNA/hAT-Charlie	1340	-	165	56740513	94182
chr19	42045400	42245400	harbor2	chr19	42107384	42107730	DNA/hAT-Charlie	1434	-	173	42107557	62157
chr19	44813763	45013763	harbor2	chr19	44831378	44831565	DNA/hAT-Charlie	807	-	94	44831472	17709
chr19	45504743	45704743	harbor2	chr19	45520208	45520364	DNA/hAT-Charlie	688	-	78	45520286	15543
chr19	45504743	45704743	harbor2	chr19	45547265	45547477	DNA/hAT-Charlie	884	-	106	45547371	42628
chr19	22579354	22779354	harbor2	chr19	22591930	22592311	DNA/hAT-Charlie	1870	-	190	22592120	12766
chr19	55197556	55397556	harbor2	chr19	55256277	55256490	DNA/hAT-Charlie	871	-	106	55256383	58827
chr19	55197556	55397556	harbor2	chr19	55269113	55269330	DNA/hAT-Charlie	1278	-	108	55269221	71665
chr19	53745548	53945548	harbor2	chr19	53781476	53781595	DNA/hAT-Charlie	621	-	60	53781536	35988
chr19	53745548	53945548	harbor2	chr19	53808785	53808967	DNA/hAT-Charlie	929	-	91	53808876	63328
chr19	49907971	50107971	harbor2	chr19	49927316	49927499	DNA/hAT-Charlie	915	-	92	49927408	19437
chr19	51213507	51413507	harbor2	chr19	51240404	51240563	DNA/hAT-Charlie	762	-	80	51240484	26977
chr19	51213507	51413507	harbor2	chr19	51246431	51246504	DNA/hAT-Charlie	663	-	36	51246467	32960
chr19	51213507	51413507	harbor2	chr19	51247172	51247323	DNA/hAT-Charlie	663	-	76	51247248	33741
chr19	37967887	38167887	harbor2	chr19	37972231	37972420	DNA/hAT-Charlie	1192	-	94	37972325	4438
chr19	37967887	38167887	harbor2	chr19	37972724	37972901	DNA/hAT-Charlie	1192	-	88	37972812	4925
chr19	37967887	38167887	harbor2	chr19	37987420	37987625	DNA/hAT-Charlie	776	-	102	37987522	19635
chr19	57126335	57326335	harbor2	chr19	57164049	57164239	DNA/hAT-Charlie	1301	-	95	57164144	37809
chr19	57126335	57326335	harbor2	chr19	57164595	57165110	DNA/hAT-Charlie	1521	-	258	57164853	38518
chr19	57126335	57326335	harbor2	chr19	57163745	57163932	DNA/hAT-Charlie	1301	-	94	57163839	37504
chr19	55268124	55468124	harbor2	chr19	55269113	55269330	DNA/hAT-Charlie	1278	-	108	55269221	1097
chr19	55268124	55468124	harbor2	chr19	55350180	55350379	DNA/hAT-Charlie	699	-	100	55350280	82156
chr19	57422868	57622868	harbor2	chr19	57427087	57427276	DNA/hAT-Charlie	1118	-	94	57427181	4313
chr19	7859772	8059772	harbor2	chr19	7949298	7949493	DNA/hAT-Charlie	1049	-	98	7949396	89624
chr19	58495208	58695208	harbor2	chr19	58587891	58588110	DNA/hAT-Charlie	826	-	110	58588001	92793
chr19	37546814	37746814	harbor2	chr19	37587375	37587832	DNA/hAT-Charlie	1543	-	228	37587603	40789
chr19	37546814	37746814	harbor2	chr19	37592309	37592561	DNA/hAT-Charlie	1080	-	126	37592435	45621
chr19	37546814	37746814	harbor2	chr19	37597728	37597944	DNA/hAT-Charlie	976	-	108	37597836	51022
chr19	37546814	37746814	harbor2	chr19	37620448	37620668	DNA/hAT-Charlie	1479	-	110	37620558	73744
chr19	37546814	37746814	harbor2	chr19	37632514	37632804	DNA/hAT-Charlie	701	-	145	37632659	85845
chr19	47884816	48084816	harbor2	chr19	47895710	47895903	DNA/hAT-Charlie	801	-	96	47895806	10990
chr19	39715780	39915780	harbor2	chr19	39792038	39792596	DNA/hAT-Charlie	3582	-	279	39792317	76537
chr19	39715780	39915780	harbor2	chr19	39812873	39813181	DNA/hAT-Charlie	1113	-	154	39813027	97247
chr19	23250099	23450099	harbor2	chr19	23250796	23250937	DNA/hAT-Charlie	624	-	70	23250866	767
chr19	58513440	58713440	harbor2	chr19	58587891	58588110	DNA/hAT-Charlie	826	-	110	58588001	74561
chr19	45834091	46034091	harbor2	chr19	45870528	45870566	DNA/hAT-Charlie	1871	-	19	45870547	36456
chr19	45834091	46034091	harbor2	chr19	45871099	45871447	DNA/hAT-Charlie	1871	-	174	45871273	37182
chr19	45834091	46034091	harbor2	chr19	45871745	45871835	DNA/hAT-Charlie	1871	-	45	45871790	37699
chr19	43501707	43701707	harbor2	chr19	43538402	43538586	DNA/hAT-Charlie	865	-	92	43538494	36787
chr19	42180627	42380627	harbor2	chr19	42234820	42234876	DNA/hAT-Charlie	692	-	28	42234848	54221
chr19	42180627	42380627	harbor2	chr19	42235141	42235254	DNA/hAT-Charlie	692	-	56	42235197	54570
chr19	28433510	28633510	harbor2	chr19	28456845	28457073	DNA/hAT-Charlie	721	-	114	28456959	23449
chr19	23812289	24012289	harbor2	chr19	23874379	23874877	DNA/hAT-Charlie	3098	-	249	23874628	62339
chr19	16663391	16863391	harbor2	chr19	16672321	16672446	DNA/hAT-Charlie	821	-	62	16672383	8992
chr19	16663391	16863391	harbor2	chr19	16680830	16681043	DNA/hAT-Charlie	1112	-	106	16680936	17545
chr19	16663391	16863391	harbor2	chr19	16681651	16681807	DNA/hAT-Charlie	749	-	78	16681729	18338
chr19	16663391	16863391	harbor2	chr19	16704135	16704301	DNA/hAT-Charlie	1971	-	83	16704218	40827
chr19	16663391	16863391	harbor2	chr19	16704538	16704914	DNA/hAT-Charlie	1971	-	188	16704726	41335
chr19	16663391	16863391	harbor2	chr19	16706209	16706394	DNA/hAT-Charlie	634	-	92	16706301	42910
chr19	16663391	16863391	harbor2	chr19	16726746	16726950	DNA/hAT-Charlie	885	-	102	16726848	63457
chr19	37524861	37724861	harbor2	chr19	37535364	37535530	DNA/hAT-Charlie	1152	-	83	37535447	10586
chr19	37524861	37724861	harbor2	chr19	37535823	37536144	DNA/hAT-Charlie	1152	-	160	37535983	11122
chr19	37524861	37724861	harbor2	chr19	37536264	37536427	DNA/hAT-Charlie	677	-	82	37536346	11485
chr19	37524861	37724861	harbor2	chr19	37587375	37587832	DNA/hAT-Charlie	1543	-	228	37587603	62742
chr19	37524861	37724861	harbor2	chr19	37592309	37592561	DNA/hAT-Charlie	1080	-	126	37592435	67574
chr19	37524861	37724861	harbor2	chr19	37597728	37597944	DNA/hAT-Charlie	976	-	108	37597836	72975
chr19	37524861	37724861	harbor2	chr19	37620448	37620668	DNA/hAT-Charlie	1479	-	110	37620558	95697
chr19	57352922	57552922	harbor2	chr19	57379992	57380325	DNA/hAT-Charlie	1661	-	166	57380158	27236
chr19	57352922	57552922	harbor2	chr19	57427087	57427276	DNA/hAT-Charlie	1118	-	94	57427181	74259
chr19	47001383	47201383	harbor2	chr19	47016526	47016671	DNA/hAT-Charlie	667	-	72	47016598	15215
chr19	47001383	47201383	harbor2	chr19	47044554	47044733	DNA/hAT-Charlie	740	-	90	47044644	43261
chr19	54045457	54245457	harbor2	chr19	54118874	54119078	DNA/hAT-Charlie	612	-	102	54118976	73519
chr19	54045457	54245457	harbor2	chr19	54134847	54135021	DNA/hAT-Charlie	829	-	87	54134934	89477
chr19	43436508	43636508	harbor2	chr19	43480996	43481181	DNA/hAT-Charlie	699	-	92	43481088	44580
chr19	39833667	40033667	harbor2	chr19	39907259	39907468	DNA/hAT-Charlie	1013	-	104	39907363	73696
chr19	15906386	16106386	harbor2	chr19	15938272	15938812	DNA/hAT-Charlie	3442	-	270	15938542	32156
chr19	37718627	37918627	harbor2	chr19	37801847	37802362	DNA/hAT-Charlie	3618	-	258	37802105	83478
chr19	34972912	35172912	harbor2	chr19	34973560	34973603	DNA/hAT-Charlie	783	-	22	34973582	670
chr19	34972912	35172912	harbor2	chr19	34973935	34974068	DNA/hAT-Charlie	783	-	66	34974001	1089
chr19	34972912	35172912	harbor2	chr19	35026793	35026967	DNA/hAT-Charlie	932	-	87	35026880	53968
chr19	34972912	35172912	harbor2	chr19	35027265	35027288	DNA/hAT-Charlie	932	-	12	35027277	54365
chr19	36406224	36606224	harbor2	chr19	36450946	36451193	DNA/hAT-Charlie	807	-	124	36451070	44846
chr19	36406224	36606224	harbor2	chr19	36461042	36461282	DNA/hAT-Charlie	638	-	120	36461162	54938
chr19	40230630	40430630	harbor2	chr19	40251248	40251421	DNA/hAT-Charlie	699	-	86	40251334	20704
chr19	40230630	40430630	harbor2	chr19	40253047	40253262	DNA/hAT-Charlie	687	-	108	40253155	22525
chr19	40230630	40430630	harbor2	chr19	40271709	40271916	DNA/hAT-Charlie	771	-	104	40271813	41183
chr19	46411587	46611587	harbor2	chr19	46424604	46425299	DNA/hAT-Charlie	1352	-	348	46424952	13365
chr19	46411587	46611587	harbor2	chr19	46445684	46445820	DNA/hAT-Charlie	1692	-	68	46445752	34165
chr19	46411587	46611587	harbor2	chr19	46446131	46446234	DNA/hAT-Charlie	1692	-	52	46446183	34596
chr19	46411587	46611587	harbor2	chr19	46452611	46452718	DNA/hAT-Charlie	623	-	54	46452665	41078
chr19	46411587	46611587	harbor2	chr19	46453353	46453451	DNA/hAT-Charlie	623	-	49	46453402	41815
chr19	46411587	46611587	harbor2	chr19	46453761	46454121	DNA/hAT-Charlie	623	-	180	46453941	42354
chr19	46411587	46611587	harbor2	chr19	46466436	46466986	DNA/hAT-Charlie	1064	-	275	46466711	55124
chr19	46411587	46611587	harbor2	chr19	46487733	46487903	DNA/hAT-Charlie	679	-	85	46487818	76231
chr19	55924396	56124396	harbor2	chr19	55967906	55968156	DNA/hAT-Charlie	971	-	125	55968031	43635
chr19	55924396	56124396	harbor2	chr19	55968765	55968859	DNA/hAT-Charlie	971	-	47	55968812	44416
chr19	57531509	57731509	harbor2	chr19	57568633	57568979	DNA/hAT-Charlie	2081	-	173	57568806	37297
chr19	56501095	56701095	harbor2	chr19	56527952	56528141	DNA/hAT-Charlie	1313	-	94	56528046	26951
chr19	56501095	56701095	harbor2	chr19	56540622	56540794	DNA/hAT-Charlie	740	-	86	56540708	39613
chr19	56501095	56701095	harbor2	chr19	56598565	56598772	DNA/hAT-Charlie	993	-	104	56598669	97574
chr19	51143064	51343064	harbor2	chr19	51143039	51143234	DNA/hAT-Charlie	660	-	98	51143137	73
chr19	51143064	51343064	harbor2	chr19	51147799	51148017	DNA/hAT-Charlie	942	-	109	51147908	4844
chr19	51143064	51343064	harbor2	chr19	51177198	51177400	DNA/hAT-Charlie	961	-	101	51177299	34235
chr19	51143064	51343064	harbor2	chr19	51188203	51188423	DNA/hAT-Charlie	1132	-	110	51188313	45249
chr19	51143064	51343064	harbor2	chr19	51240404	51240563	DNA/hAT-Charlie	762	-	80	51240484	97420
chr19	47113754	47313754	harbor2	chr19	47161943	47162141	DNA/hAT-Charlie	967	-	99	47162042	48288
chr19	47113754	47313754	harbor2	chr19	47173536	47173736	DNA/hAT-Charlie	909	-	100	47173636	59882
chr19	33064635	33264635	harbor2	chr19	33159690	33160218	DNA/hAT-Charlie	3884	-	264	33159954	95319
chr19	53693502	53893502	harbor2	chr19	53781476	53781595	DNA/hAT-Charlie	621	-	60	53781536	88034
chr19	31888380	32088380	harbor2	chr19	31981295	31981514	DNA/hAT-Charlie	1433	-	110	31981405	93025
chr19	31888380	32088380	harbor2	chr19	31983951	31984090	DNA/hAT-Charlie	641	-	70	31984021	95641
chr19	46399734	46599734	harbor2	chr19	46402642	46402837	DNA/hAT-Charlie	767	-	98	46402740	3006
chr19	46399734	46599734	harbor2	chr19	46424604	46425299	DNA/hAT-Charlie	1352	-	348	46424952	25218
chr19	46399734	46599734	harbor2	chr19	46445684	46445820	DNA/hAT-Charlie	1692	-	68	46445752	46018
chr19	46399734	46599734	harbor2	chr19	46446131	46446234	DNA/hAT-Charlie	1692	-	52	46446183	46449
chr19	46399734	46599734	harbor2	chr19	46452611	46452718	DNA/hAT-Charlie	623	-	54	46452665	52931
chr19	46399734	46599734	harbor2	chr19	46453353	46453451	DNA/hAT-Charlie	623	-	49	46453402	53668
chr19	46399734	46599734	harbor2	chr19	46453761	46454121	DNA/hAT-Charlie	623	-	180	46453941	54207
chr19	46399734	46599734	harbor2	chr19	46466436	46466986	DNA/hAT-Charlie	1064	-	275	46466711	66977
chr19	46399734	46599734	harbor2	chr19	46487733	46487903	DNA/hAT-Charlie	679	-	85	46487818	88084
chr19	45917382	46117382	harbor2	chr19	46005312	46006015	DNA/hAT-Charlie	3856	-	352	46005664	88282
chr19	45917382	46117382	harbor2	chr19	46006106	46006330	DNA/hAT-Charlie	1180	-	112	46006218	88836
chr19	55784381	55984381	harbor2	chr19	55790245	55790457	DNA/hAT-Charlie	827	-	106	55790351	5970
chr19	55784381	55984381	harbor2	chr19	55857369	55857585	DNA/hAT-Charlie	736	-	108	55857477	73096
chr19	55784381	55984381	harbor2	chr19	55861007	55861225	DNA/hAT-Charlie	1131	-	109	55861116	76735
chr19	55784381	55984381	harbor2	chr19	55861660	55861867	DNA/hAT-Charlie	873	-	104	55861764	77383
chr19	55784381	55984381	harbor2	chr19	55874109	55874432	DNA/hAT-Charlie	1227	-	162	55874271	89890
chr19	41342200	41542200	harbor2	chr19	41441267	41441613	DNA/hAT-Charlie	2439	-	173	41441440	99240
chr19	30754228	30954228	harbor2	chr19	30845909	30846410	DNA/hAT-Charlie	3461	-	250	30846159	91931
chr19	2549699	2749699	harbor2	chr19	2566641	2566814	DNA/hAT-Charlie	771	-	86	2566727	17028
chr19	2549699	2749699	harbor2	chr19	2569638	2569880	DNA/hAT-Charlie	649	-	121	2569759	20060
chr19	2549699	2749699	harbor2	chr19	2600183	2600468	DNA/hAT-Charlie	1399	-	142	2600325	50626
chr19	2549699	2749699	harbor2	chr19	2600775	2600864	DNA/hAT-Charlie	1399	-	44	2600819	51120
chr19	2549699	2749699	harbor2	chr19	2617107	2617290	DNA/hAT-Charlie	644	-	92	2617199	67500
chr19	2549699	2749699	harbor2	chr19	2634210	2634413	DNA/hAT-Charlie	691	-	102	2634312	84613
chr19	14103290	14303290	harbor2	chr19	14118741	14118959	DNA/hAT-Charlie	809	-	109	14118850	15560
chr19	14103290	14303290	harbor2	chr19	14142837	14143034	DNA/hAT-Charlie	819	-	98	14142935	39645
chr19	15579470	15779470	harbor2	chr19	15662873	15663057	DNA/hAT-Charlie	692	-	92	15662965	83495
chr19	15579470	15779470	harbor2	chr19	15613860	15614016	DNA/hAT-Charlie	679	-	78	15613938	34468
chr19	33584439	33784439	harbor2	chr19	33665302	33665516	DNA/hAT-Charlie	859	-	107	33665409	80970
chr19	36030897	36230897	harbor2	chr19	36044255	36044478	DNA/hAT-Charlie	747	-	112	36044367	13470
chr19	36030897	36230897	harbor2	chr19	36044788	36044846	DNA/hAT-Charlie	747	-	29	36044817	13920
chr19	55207015	55407015	harbor2	chr19	55256277	55256490	DNA/hAT-Charlie	871	-	106	55256383	49368
chr19	55207015	55407015	harbor2	chr19	55269113	55269330	DNA/hAT-Charlie	1278	-	108	55269221	62206
chr19	54915548	55115548	harbor2	chr19	55003838	55004050	DNA/hAT-Charlie	653	-	106	55003944	88396
chr19	56748409	56948409	harbor2	chr19	56750969	56751234	DNA/hAT-Charlie	920	-	132	56751101	2692
chr19	56748409	56948409	harbor2	chr19	56758229	56758433	DNA/hAT-Charlie	679	-	102	56758331	9922
chr19	56748409	56948409	harbor2	chr19	56780141	56780233	DNA/hAT-Charlie	1317	-	46	56780187	31778
chr19	56748409	56948409	harbor2	chr19	56780544	56780927	DNA/hAT-Charlie	1317	-	192	56780736	32327
chr19	56748409	56948409	harbor2	chr19	56805073	56805288	DNA/hAT-Charlie	1032	-	108	56805181	56772
chr19	51937106	52137106	harbor2	chr19	51974647	51974960	DNA/hAT-Charlie	687	-	156	51974803	37697
chr19	51937106	52137106	harbor2	chr19	52005458	52005612	DNA/hAT-Charlie	628	-	77	52005535	68429
chr19	51937106	52137106	harbor2	chr19	52026046	52026212	DNA/hAT-Charlie	708	-	83	52026129	89023
chr19	51937106	52137106	harbor2	chr19	52027169	52027313	DNA/hAT-Charlie	708	-	72	52027241	90135
chr19	34196161	34396161	harbor2	chr19	34230655	34231125	DNA/hAT-Charlie	2759	-	235	34230890	34729
chr19	34196161	34396161	harbor2	chr19	34270822	34270994	DNA/hAT-Charlie	857	-	86	34270908	74747
chr19	42226662	42426662	harbor2	chr19	42234820	42234876	DNA/hAT-Charlie	692	-	28	42234848	8186
chr19	42226662	42426662	harbor2	chr19	42235141	42235254	DNA/hAT-Charlie	692	-	56	42235197	8535
chr19	54993165	55193165	harbor2	chr19	55003838	55004050	DNA/hAT-Charlie	653	-	106	55003944	10779
chr19	54993165	55193165	harbor2	chr19	55065536	55065731	DNA/hAT-Charlie	780	-	98	55065634	72469
chr19	30259666	30459666	harbor2	chr19	30274300	30274575	DNA/hAT-Charlie	1151	-	138	30274438	14772
chr19	30259666	30459666	harbor2	chr19	30285690	30285902	DNA/hAT-Charlie	838	-	106	30285796	26130
chr19	30259666	30459666	harbor2	chr19	30295057	30295198	DNA/hAT-Charlie	781	-	70	30295127	35461
chr19	30259666	30459666	harbor2	chr19	30295395	30295577	DNA/hAT-Charlie	790	-	91	30295486	35820
chr19	30259666	30459666	harbor2	chr19	30334731	30335059	DNA/hAT-Charlie	2147	-	164	30334895	75229
chr19	46686890	46886890	harbor2	chr19	46701727	46701935	DNA/hAT-Charlie	921	-	104	46701831	14941
chr19	53943380	54143380	harbor2	chr19	53966998	53967217	DNA/hAT-Charlie	1068	-	110	53967108	23728
chr19	53943380	54143380	harbor2	chr19	53967386	53967554	DNA/hAT-Charlie	1024	-	84	53967470	24090
chr19	53943380	54143380	harbor2	chr19	53967842	53967974	DNA/hAT-Charlie	1024	-	66	53967908	24528
chr19	53943380	54143380	harbor2	chr19	53970966	53971009	DNA/hAT-Charlie	790	-	22	53970988	27608
chr19	53943380	54143380	harbor2	chr19	53971316	53971556	DNA/hAT-Charlie	790	-	120	53971436	28056
chr19	58227627	58427627	harbor2	chr19	58273728	58273789	DNA/hAT-Charlie	1280	-	30	58273758	46131
chr19	58227627	58427627	harbor2	chr19	58274093	58274210	DNA/hAT-Charlie	1280	-	58	58274151	46524
chr19	58227627	58427627	harbor2	chr19	58274645	58274862	DNA/hAT-Charlie	1280	-	108	58274753	47126
chr19	58227627	58427627	harbor2	chr19	58295692	58296176	DNA/hAT-Charlie	725	-	242	58295934	68307
chr19	50693387	50893387	harbor2	chr19	50705526	50705720	DNA/hAT-Charlie	963	-	97	50705623	12236
chr19	50693387	50893387	harbor2	chr19	50714359	50714438	DNA/hAT-Charlie	1117	-	40	50714399	21012
chr19	50693387	50893387	harbor2	chr19	50714711	50714972	DNA/hAT-Charlie	1117	-	130	50714841	21454
chr19	50693387	50893387	harbor2	chr19	50781168	50781338	DNA/hAT-Charlie	613	-	85	50781253	87866
chr19	45002855	45202855	harbor2	chr19	45004527	45004586	DNA/hAT-Charlie	630	-	30	45004557	1702
chr19	45002855	45202855	harbor2	chr19	45005191	45005293	DNA/hAT-Charlie	630	-	51	45005242	2387
chr19	45002855	45202855	harbor2	chr19	45015928	45015986	DNA/hAT-Charlie	890	-	29	45015957	13102
chr19	45002855	45202855	harbor2	chr19	45016285	45016618	DNA/hAT-Charlie	890	-	166	45016451	13596
chr19	45002855	45202855	harbor2	chr19	45016891	45017133	DNA/hAT-Charlie	616	-	121	45017012	14157
chr19	50572064	50772064	harbor2	chr19	50640636	50640845	DNA/hAT-Charlie	1548	-	104	50640740	68676
chr19	57352901	57552901	harbor2	chr19	57379992	57380325	DNA/hAT-Charlie	1661	-	166	57380158	27257
chr19	57352901	57552901	harbor2	chr19	57427087	57427276	DNA/hAT-Charlie	1118	-	94	57427181	74280
chr19	44577527	44777527	harbor2	chr19	44651786	44651873	DNA/hAT-Charlie	1134	-	44	44651830	74303
chr19	44577527	44777527	harbor2	chr19	44652815	44653026	DNA/hAT-Charlie	1134	-	106	44652921	75394
chr19	44577527	44777527	harbor2	chr19	44673433	44673639	DNA/hAT-Charlie	948	-	103	44673536	96009
chr19	47444397	47644397	harbor2	chr19	47448628	47448770	DNA/hAT-Charlie	640	-	71	47448699	4302
chr19	47444397	47644397	harbor2	chr19	47529767	47529966	DNA/hAT-Charlie	616	-	100	47529867	85470
chr19	12121609	12321609	harbor2	chr19	12126371	12126699	DNA/hAT-Charlie	2106	-	164	12126535	4926
chr19	51741438	51941438	harbor2	chr19	51752737	51752953	DNA/hAT-Charlie	1488	-	108	51752845	11407
chr19	51741438	51941438	harbor2	chr19	51754822	51755119	DNA/hAT-Charlie	1268	-	148	51754970	13532
chr19	58008575	58208575	harbor2	chr19	58070598	58070680	DNA/hAT-Charlie	810	-	41	58070639	62064
chr19	58008575	58208575	harbor2	chr19	58070965	58071087	DNA/hAT-Charlie	810	-	61	58071026	62451
chr19	58008575	58208575	harbor2	chr19	58071392	58071470	DNA/hAT-Charlie	810	-	39	58071431	62856
chr19	29883721	30083721	harbor2	chr19	29953166	29953376	DNA/hAT-Charlie	890	-	105	29953271	69550
chr19	58507698	58707698	harbor2	chr19	58587891	58588110	DNA/hAT-Charlie	826	-	110	58588001	80303
chr19	38450464	38650464	harbor2	chr19	38475890	38476014	DNA/hAT-Charlie	845	-	62	38475952	25488
chr19	38450464	38650464	harbor2	chr19	38476632	38476679	DNA/hAT-Charlie	845	-	24	38476656	26192
chr19	38450464	38650464	harbor2	chr19	38533321	38533509	DNA/hAT-Charlie	876	-	94	38533415	82951
chr19	38450464	38650464	harbor2	chr19	38533802	38533872	DNA/hAT-Charlie	876	-	35	38533837	83373
chr19	38450464	38650464	harbor2	chr19	38533939	38534005	DNA/hAT-Charlie	838	-	33	38533972	83508
chr19	38450464	38650464	harbor2	chr19	38534311	38534490	DNA/hAT-Charlie	838	-	90	38534401	83937
chr19	38450464	38650464	harbor2	chr19	38541094	38541261	DNA/hAT-Charlie	763	-	84	38541178	90714
chr19	31427485	31627485	harbor2	chr19	31447715	31448083	DNA/hAT-Charlie	1342	-	184	31447899	20414
chr19	31427485	31627485	harbor2	chr19	31449111	31449237	DNA/hAT-Charlie	719	-	63	31449174	21689
chr19	31427485	31627485	harbor2	chr19	31449544	31449594	DNA/hAT-Charlie	719	-	25	31449569	22084
chr19	31427485	31627485	harbor2	chr19	31480860	31481069	DNA/hAT-Charlie	865	-	104	31480964	53479
chr19	4983813	5183813	harbor2	chr19	4996820	4996999	DNA/hAT-Charlie	664	-	90	4996910	13097
chr19	4983813	5183813	harbor2	chr19	5037627	5037833	DNA/hAT-Charlie	832	-	103	5037730	53917
chr19	48489764	48689764	harbor2	chr19	48526872	48527018	DNA/hAT-Charlie	612	-	73	48526945	37181
chr19	28521046	28721046	harbor2	chr19	28564777	28564965	DNA/hAT-Charlie	867	-	94	28564871	43825
chr19	28521046	28721046	harbor2	chr19	28590559	28590767	DNA/hAT-Charlie	1017	-	104	28590663	69617
chr19	45867809	46067809	harbor2	chr19	45870528	45870566	DNA/hAT-Charlie	1871	-	19	45870547	2738
chr19	45867809	46067809	harbor2	chr19	45871099	45871447	DNA/hAT-Charlie	1871	-	174	45871273	3464
chr19	45867809	46067809	harbor2	chr19	45871745	45871835	DNA/hAT-Charlie	1871	-	45	45871790	3981
chr19	30524302	30724302	harbor2	chr19	30554597	30554811	DNA/hAT-Charlie	729	-	107	30554704	30402
chr19	31445680	31645680	harbor2	chr19	31447715	31448083	DNA/hAT-Charlie	1342	-	184	31447899	2219
chr19	31445680	31645680	harbor2	chr19	31449111	31449237	DNA/hAT-Charlie	719	-	63	31449174	3494
chr19	31445680	31645680	harbor2	chr19	31449544	31449594	DNA/hAT-Charlie	719	-	25	31449569	3889
chr19	31445680	31645680	harbor2	chr19	31480860	31481069	DNA/hAT-Charlie	865	-	104	31480964	35284
chr19	54124536	54324536	harbor2	chr19	54134847	54135021	DNA/hAT-Charlie	829	-	87	54134934	10398
chr19	15199111	15399111	harbor2	chr19	15217419	15217521	DNA/hAT-Charlie	3238	-	51	15217470	18359
chr19	15199111	15399111	harbor2	chr19	15217824	15217835	DNA/hAT-Charlie	3238	-	6	15217830	18719
chr19	15199111	15399111	harbor2	chr19	15218455	15218861	DNA/hAT-Charlie	3238	-	203	15218658	19547
chr19	15199111	15399111	harbor2	chr19	15286584	15286782	DNA/hAT-Charlie	895	-	99	15286683	87572
chr19	39945937	40145937	harbor2	chr19	39961936	39962289	DNA/hAT-Charlie	1709	-	176	39962112	16175
chr19	39945937	40145937	harbor2	chr19	39973107	39973267	DNA/hAT-Charlie	612	-	80	39973187	27250
chr19	39945937	40145937	harbor2	chr19	39990961	39991287	DNA/hAT-Charlie	2148	-	163	39991124	45187
chr19	39945937	40145937	harbor2	chr19	40000757	40001283	DNA/hAT-Charlie	3651	-	263	40001020	55083
chr19	39945937	40145937	harbor2	chr19	40016540	40016744	DNA/hAT-Charlie	735	-	102	40016642	70705
chr19	49805386	50005386	harbor2	chr19	49823784	49824003	DNA/hAT-Charlie	1108	-	110	49823894	18508
chr19	49805386	50005386	harbor2	chr19	49840631	49840763	DNA/hAT-Charlie	631	-	66	49840697	35311
chr19	35331093	35531093	harbor2	chr19	35364095	35364437	DNA/hAT-Charlie	2140	-	171	35364266	33173
chr19	40425787	40625787	harbor2	chr19	40482478	40482675	DNA/hAT-Charlie	664	-	98	40482576	56789
chr19	40425787	40625787	harbor2	chr19	40518944	40519197	DNA/hAT-Charlie	982	-	126	40519070	93283
chr19	40425787	40625787	harbor2	chr19	40521223	40521722	DNA/hAT-Charlie	3175	-	250	40521473	95686
chr19	46541734	46741734	harbor2	chr19	46588521	46588676	DNA/hAT-Charlie	812	-	78	46588599	46865
chr19	56509919	56709919	harbor2	chr19	56527952	56528141	DNA/hAT-Charlie	1313	-	94	56528046	18127
chr19	56509919	56709919	harbor2	chr19	56540622	56540794	DNA/hAT-Charlie	740	-	86	56540708	30789
chr19	56509919	56709919	harbor2	chr19	56598565	56598772	DNA/hAT-Charlie	993	-	104	56598669	88750
chr19	32013552	32213552	harbor2	chr19	32062326	32062472	DNA/hAT-Charlie	687	-	73	32062399	48847
chr19	32013552	32213552	harbor2	chr19	32112080	32112269	DNA/hAT-Charlie	775	-	94	32112174	98622
chr19	51633721	51833721	harbor2	chr19	51664826	51665049	DNA/hAT-Charlie	1209	-	112	51664938	31217
chr19	51633721	51833721	harbor2	chr19	51670471	51670773	DNA/hAT-Charlie	1342	-	151	51670622	36901
chr19	51633721	51833721	harbor2	chr19	51684613	51684835	DNA/hAT-Charlie	1495	-	111	51684724	51003
chr19	51633721	51833721	harbor2	chr19	51696982	51697158	DNA/hAT-Charlie	787	-	88	51697070	63349
chr19	51633721	51833721	harbor2	chr19	51700267	51700584	DNA/hAT-Charlie	772	-	158	51700425	66704
chr19	57079585	57279585	harbor2	chr19	57103693	57103921	DNA/hAT-Charlie	870	-	114	57103807	24222
chr19	57079585	57279585	harbor2	chr19	57116975	57117192	DNA/hAT-Charlie	906	-	108	57117083	37498
chr19	57079585	57279585	harbor2	chr19	57164049	57164239	DNA/hAT-Charlie	1301	-	95	57164144	84559
chr19	57079585	57279585	harbor2	chr19	57164595	57165110	DNA/hAT-Charlie	1521	-	258	57164853	85268
chr19	57079585	57279585	harbor2	chr19	57163745	57163932	DNA/hAT-Charlie	1301	-	94	57163839	84254
chr19	56975687	57175687	harbor2	chr19	57038214	57038355	DNA/hAT-Charlie	612	-	70	57038284	62597
chr19	56975687	57175687	harbor2	chr19	57053850	57054076	DNA/hAT-Charlie	1018	-	113	57053963	78276
chr19	56975687	57175687	harbor2	chr19	57062139	57062350	DNA/hAT-Charlie	1110	-	106	57062245	86558
chr19	56975687	57175687	harbor2	chr19	57069999	57070217	DNA/hAT-Charlie	1069	-	109	57070108	94421
chr19	54469270	54669270	harbor2	chr19	54544550	54544748	DNA/hAT-Charlie	671	-	99	54544649	75379
chr19	37840523	38040523	harbor2	chr19	37851852	37851983	DNA/hAT-Charlie	688	-	66	37851918	11395
chr19	37840523	38040523	harbor2	chr19	37916649	37916677	DNA/hAT-Charlie	1461	-	14	37916663	76140
chr19	37840523	38040523	harbor2	chr19	37916972	37917268	DNA/hAT-Charlie	1461	-	148	37917120	76597
chr19	37840523	38040523	harbor2	chr19	37928266	37928288	DNA/hAT-Charlie	676	-	11	37928277	87754
chr19	37840523	38040523	harbor2	chr19	37928594	37928751	DNA/hAT-Charlie	676	-	78	37928672	88149
chr19	36706080	36906080	harbor2	chr19	36740548	36740765	DNA/hAT-Charlie	734	-	108	36740656	34576
chr19	36706080	36906080	harbor2	chr19	36781649	36781919	DNA/hAT-Charlie	1799	-	135	36781784	75704
chr19	36706080	36906080	harbor2	chr19	36782216	36782312	DNA/hAT-Charlie	1799	-	48	36782264	76184
chr19	36706080	36906080	harbor2	chr19	36782618	36782717	DNA/hAT-Charlie	1799	-	50	36782668	76588
chr19	36706080	36906080	harbor2	chr19	36803023	36803199	DNA/hAT-Charlie	759	-	88	36803111	97031
chr19	44304646	44504646	harbor2	chr19	44345865	44346036	DNA/hAT-Charlie	648	-	86	44345951	41305
chr19	44304646	44504646	harbor2	chr19	44375894	44376691	DNA/hAT-Charlie	3483	-	398	44376292	71646
chr19	44304646	44504646	harbor2	chr19	44376982	44377067	DNA/hAT-Charlie	3483	-	42	44377024	72378
chr19	44304646	44504646	harbor2	chr19	44398868	44399143	DNA/hAT-Charlie	751	-	138	44399006	94360
chr19	16145551	16345551	harbor2	chr19	16163745	16163965	DNA/hAT-Charlie	1111	-	110	16163855	18304
chr19	16145551	16345551	harbor2	chr19	16164273	16164393	DNA/hAT-Charlie	1111	-	60	16164333	18782
chr19	56268530	56468530	harbor2	chr19	56272268	56272587	DNA/hAT-Charlie	1677	-	160	56272428	3898
chr19	56268530	56468530	harbor2	chr19	56277698	56277729	DNA/hAT-Charlie	1089	-	16	56277714	9184
chr19	56268530	56468530	harbor2	chr19	56277912	56278101	DNA/hAT-Charlie	1089	-	94	56278006	9476
chr19	56268530	56468530	harbor2	chr19	56278434	56278504	DNA/hAT-Charlie	1089	-	35	56278469	9939
chr19	56268530	56468530	harbor2	chr19	56286447	56286830	DNA/hAT-Charlie	824	-	192	56286639	18109
chr19	56268530	56468530	harbor2	chr19	56294502	56294666	DNA/hAT-Charlie	922	-	82	56294584	26054
chr19	56268530	56468530	harbor2	chr19	56312024	56312331	DNA/hAT-Charlie	1339	-	154	56312178	43648
chr19	56268530	56468530	harbor2	chr19	56352918	56353114	DNA/hAT-Charlie	806	-	98	56353016	84486
chr19	51061002	51261002	harbor2	chr19	51062022	51062235	DNA/hAT-Charlie	944	-	106	51062128	1126
chr19	51061002	51261002	harbor2	chr19	51110650	51110985	DNA/hAT-Charlie	1659	-	168	51110818	49816
chr19	51061002	51261002	harbor2	chr19	51128867	51129086	DNA/hAT-Charlie	864	-	110	51128977	67975
chr19	51061002	51261002	harbor2	chr19	51143039	51143234	DNA/hAT-Charlie	660	-	98	51143137	82135
chr19	51061002	51261002	harbor2	chr19	51147799	51148017	DNA/hAT-Charlie	942	-	109	51147908	86906
chr19	53186912	53386912	harbor2	chr19	53247284	53247508	DNA/hAT-Charlie	1546	-	112	53247396	60484
chr19	56694722	56894722	harbor2	chr19	56699331	56699653	DNA/hAT-Charlie	867	-	161	56699492	4770
chr19	56694722	56894722	harbor2	chr19	56712358	56712679	DNA/hAT-Charlie	1286	-	160	56712518	17796
chr19	56694722	56894722	harbor2	chr19	56727485	56727794	DNA/hAT-Charlie	1106	-	154	56727639	32917
chr19	56694722	56894722	harbor2	chr19	56735645	56735856	DNA/hAT-Charlie	647	-	106	56735751	41029
chr19	56694722	56894722	harbor2	chr19	56740348	56740678	DNA/hAT-Charlie	1340	-	165	56740513	45791
chr19	56694722	56894722	harbor2	chr19	56747005	56747223	DNA/hAT-Charlie	668	-	109	56747114	52392
chr19	56694722	56894722	harbor2	chr19	56750969	56751234	DNA/hAT-Charlie	920	-	132	56751101	56379
chr19	56694722	56894722	harbor2	chr19	56758229	56758433	DNA/hAT-Charlie	679	-	102	56758331	63609
chr19	56694722	56894722	harbor2	chr19	56780141	56780233	DNA/hAT-Charlie	1317	-	46	56780187	85465
chr19	56694722	56894722	harbor2	chr19	56780544	56780927	DNA/hAT-Charlie	1317	-	192	56780736	86014
chr19	44254115	44454115	harbor2	chr19	44345865	44346036	DNA/hAT-Charlie	648	-	86	44345951	91836
chr19	41719076	41919076	harbor2	chr19	41728279	41728436	DNA/hAT-Charlie	618	-	78	41728357	9281
chr19	41719076	41919076	harbor2	chr19	41752842	41753054	DNA/hAT-Charlie	787	-	106	41752948	33872
chr19	41719076	41919076	harbor2	chr19	41792767	41792975	DNA/hAT-Charlie	860	-	104	41792871	73795
chr19	14615295	14815295	harbor2	chr19	14627058	14627268	DNA/hAT-Charlie	1021	-	105	14627163	11868
chr19	14615295	14815295	harbor2	chr19	14694742	14694902	DNA/hAT-Charlie	780	-	80	14694822	79527
chr19	47815798	48015798	harbor2	chr19	47895710	47895903	DNA/hAT-Charlie	801	-	96	47895806	80008
chr19	55186979	55386979	harbor2	chr19	55256277	55256490	DNA/hAT-Charlie	871	-	106	55256383	69404
chr19	55186979	55386979	harbor2	chr19	55269113	55269330	DNA/hAT-Charlie	1278	-	108	55269221	82242
chr19	51365223	51565223	harbor2	chr19	51409052	51409290	DNA/hAT-Charlie	615	-	119	51409171	43948
chr20	62467995	62667995	harbor2	chr20	62507036	62507185	DNA/hAT-Charlie	395	-	74	62507110	39115
chr20	62467995	62667995	harbor2	chr20	62567484	62567682	DNA/hAT-Charlie	596	-	99	62567583	99588
chr20	42203949	42403949	harbor2	chr20	42212909	42213061	DNA/hAT-Charlie	748	-	76	42212985	9036
chr20	42203949	42403949	harbor2	chr20	42216840	42217000	DNA/hAT-Charlie	615	-	80	42216920	12971
chr20	42203949	42403949	harbor2	chr20	42217596	42217815	DNA/hAT-Charlie	918	-	110	42217706	13757
chr20	42203949	42403949	harbor2	chr20	42232351	42232508	DNA/hAT-Charlie	826	-	78	42232429	28480
chr20	42203949	42403949	harbor2	chr20	42266606	42266700	DNA/hAT-Charlie	488	-	47	42266653	62704
chr20	60310247	60510247	harbor2	chr20	60321935	60321969	DNA/hAT-Charlie	557	-	17	60321952	11705
chr20	60310247	60510247	harbor2	chr20	60322275	60322391	DNA/hAT-Charlie	557	-	58	60322333	12086
chr20	60310247	60510247	harbor2	chr20	60325241	60325585	DNA/hAT-Charlie	838	-	172	60325413	15166
chr20	60310247	60510247	harbor2	chr20	60333089	60333224	DNA/hAT-Charlie	580	-	68	60333157	22910
chr20	60310247	60510247	harbor2	chr20	60357202	60357412	DNA/hAT-Charlie	814	-	105	60357307	47060
chr20	60310247	60510247	harbor2	chr20	60393755	60393880	DNA/hAT-Charlie	497	-	62	60393817	83570
chr20	60310247	60510247	harbor2	chr20	60401384	60402091	DNA/hAT-Charlie	1714	-	354	60401738	91491
chr20	56996882	57196882	harbor2	chr20	57000076	57000181	DNA/hAT-Charlie	533	-	52	57000128	3246
chr20	56996882	57196882	harbor2	chr20	57000206	57000418	DNA/hAT-Charlie	1085	-	106	57000312	3430
chr20	56996882	57196882	harbor2	chr20	57016524	57016751	DNA/hAT-Charlie	1172	-	114	57016638	19756
chr20	56996882	57196882	harbor2	chr20	57018013	57018348	DNA/hAT-Charlie	1541	-	168	57018181	21299
chr20	56996882	57196882	harbor2	chr20	57019128	57019242	DNA/hAT-Charlie	715	-	57	57019185	22303
chr20	56996882	57196882	harbor2	chr20	57019544	57019610	DNA/hAT-Charlie	715	-	33	57019577	22695
chr20	56996882	57196882	harbor2	chr20	57023036	57023250	DNA/hAT-Charlie	801	-	107	57023143	26261
chr20	56996882	57196882	harbor2	chr20	57026914	57027121	DNA/hAT-Charlie	824	-	104	57027018	30136
chr20	56996882	57196882	harbor2	chr20	57038066	57038273	DNA/hAT-Charlie	934	-	104	57038170	41288
chr20	56996882	57196882	harbor2	chr20	57044374	57045344	DNA/hAT-Charlie	2245	-	485	57044859	47977
chr20	56996882	57196882	harbor2	chr20	57052161	57052353	DNA/hAT-Charlie	817	-	96	57052257	55375
chr20	56996882	57196882	harbor2	chr20	57063402	57063615	DNA/hAT-Charlie	1056	-	106	57063508	66626
chr20	56996882	57196882	harbor2	chr20	57088920	57089083	DNA/hAT-Charlie	384	-	82	57089002	92120
chr20	56996882	57196882	harbor2	chr20	57096217	57096375	DNA/hAT-Charlie	430	-	79	57096296	99414
chr20	32744295	32944295	harbor2	chr20	32794648	32794865	DNA/hAT-Charlie	452	-	108	32794756	50461
chr20	32744295	32944295	harbor2	chr20	32843439	32843757	DNA/hAT-Charlie	1017	-	159	32843598	99303
chr20	45732769	45932769	harbor2	chr20	45806424	45806603	DNA/hAT-Charlie	384	-	90	45806514	73745
chr20	45732769	45932769	harbor2	chr20	45809454	45809624	DNA/hAT-Charlie	377	-	85	45809539	76770
chr20	46208767	46408767	harbor2	chr20	46219431	46219643	DNA/hAT-Charlie	920	-	106	46219537	10770
chr20	46208767	46408767	harbor2	chr20	46234651	46234837	DNA/hAT-Charlie	725	-	93	46234744	25977
chr20	46208767	46408767	harbor2	chr20	46241811	46241963	DNA/hAT-Charlie	915	-	76	46241887	33120
chr20	46208767	46408767	harbor2	chr20	46291811	46292008	DNA/hAT-Charlie	1112	-	98	46291909	83142
chr20	46208767	46408767	harbor2	chr20	46302224	46302445	DNA/hAT-Charlie	1212	-	110	46302334	93567
chr20	41219780	41419780	harbor2	chr20	41243999	41244215	DNA/hAT-Charlie	1036	-	108	41244107	24327
chr20	41219780	41419780	harbor2	chr20	41259205	41259346	DNA/hAT-Charlie	378	-	70	41259275	39495
chr20	19587459	19787459	harbor2	chr20	19621596	19621752	DNA/hAT-Charlie	618	-	78	19621674	34215
chr20	19587459	19787459	harbor2	chr20	19623527	19623722	DNA/hAT-Charlie	1032	-	98	19623625	36166
chr20	19587459	19787459	harbor2	chr20	19644351	19644463	DNA/hAT-Charlie	483	-	56	19644407	56948
chr20	39034649	39234649	harbor2	chr20	39051478	39052004	DNA/hAT-Charlie	2015	-	263	39051741	17092
chr20	39034649	39234649	harbor2	chr20	39064149	39064259	DNA/hAT-Charlie	542	-	55	39064204	29555
chr20	39034649	39234649	harbor2	chr20	39080051	39080217	DNA/hAT-Charlie	711	-	83	39080134	45485
chr20	39034649	39234649	harbor2	chr20	39080221	39080361	DNA/hAT-Charlie	496	-	70	39080291	45642
chr20	39034649	39234649	harbor2	chr20	39081427	39081634	DNA/hAT-Charlie	1098	-	104	39081531	46882
chr20	39034649	39234649	harbor2	chr20	39121146	39121245	DNA/hAT-Charlie	444	-	50	39121196	86547
chr20	39034649	39234649	harbor2	chr20	39123294	39123451	DNA/hAT-Charlie	689	-	78	39123372	88723
chr20	36011486	36211486	harbor2	chr20	36025756	36026023	DNA/hAT-Charlie	516	-	134	36025890	14404
chr20	36011486	36211486	harbor2	chr20	36030020	36030188	DNA/hAT-Charlie	817	-	84	36030104	18618
chr20	36011486	36211486	harbor2	chr20	36030970	36031279	DNA/hAT-Charlie	689	-	154	36031124	19638
chr20	36011486	36211486	harbor2	chr20	36054810	36055020	DNA/hAT-Charlie	949	-	105	36054915	43429
chr20	36011486	36211486	harbor2	chr20	36059311	36059547	DNA/hAT-Charlie	796	-	118	36059429	47943
chr20	36011486	36211486	harbor2	chr20	36090100	36090300	DNA/hAT-Charlie	970	-	100	36090200	78714
chr20	60471377	60671377	harbor2	chr20	60494999	60495092	DNA/hAT-Charlie	416	-	46	60495045	23668
chr20	60471377	60671377	harbor2	chr20	60495404	60495484	DNA/hAT-Charlie	416	-	40	60495444	24067
chr20	60471377	60671377	harbor2	chr20	60556555	60556720	DNA/hAT-Charlie	616	-	82	60556637	85260
chr20	60214204	60414204	harbor2	chr20	60220173	60220386	DNA/hAT-Charlie	958	-	106	60220279	6075
chr20	60214204	60414204	harbor2	chr20	60249637	60249788	DNA/hAT-Charlie	695	-	76	60249713	35509
chr20	60214204	60414204	harbor2	chr20	60297439	60297942	DNA/hAT-Charlie	3074	-	252	60297691	83487
chr20	47852225	48052225	harbor2	chr20	47853088	47853555	DNA/hAT-Charlie	3055	-	234	47853322	1097
chr20	47852225	48052225	harbor2	chr20	47869717	47869937	DNA/hAT-Charlie	1531	-	110	47869827	17602
chr20	47852225	48052225	harbor2	chr20	47915696	47915919	DNA/hAT-Charlie	1094	-	112	47915808	63583
chr20	47852225	48052225	harbor2	chr20	47935157	47935342	DNA/hAT-Charlie	718	-	92	47935249	83024
chr20	47852225	48052225	harbor2	chr20	47935563	47935779	DNA/hAT-Charlie	670	-	108	47935671	83446
chr20	50172323	50372323	harbor2	chr20	50182319	50182472	DNA/hAT-Charlie	793	-	76	50182395	10072
chr20	50172323	50372323	harbor2	chr20	50187218	50187442	DNA/hAT-Charlie	720	-	112	50187330	15007
chr20	60626925	60826925	harbor2	chr20	60640212	60640424	DNA/hAT-Charlie	1032	-	106	60640318	13393
chr20	60626925	60826925	harbor2	chr20	60648569	60648753	DNA/hAT-Charlie	661	-	92	60648661	21736
chr20	60626925	60826925	harbor2	chr20	60661863	60662112	DNA/hAT-Charlie	383	-	124	60661987	35062
chr20	60626925	60826925	harbor2	chr20	60675623	60675846	DNA/hAT-Charlie	943	-	112	60675735	48810
chr20	10756220	10956220	harbor2	chr20	10809556	10809744	DNA/hAT-Charlie	419	-	94	10809650	53430
chr20	10756220	10956220	harbor2	chr20	10822629	10822802	DNA/hAT-Charlie	729	-	86	10822715	66495
chr20	10756220	10956220	harbor2	chr20	10849615	10849909	DNA/hAT-Charlie	1112	-	147	10849762	93542
chr20	10756220	10956220	harbor2	chr20	10850107	10850191	DNA/hAT-Charlie	384	-	42	10850149	93929
chr20	10756220	10956220	harbor2	chr20	10850186	10850288	DNA/hAT-Charlie	537	-	51	10850237	94017
chr20	53196618	53396618	harbor2	chr20	53201698	53201904	DNA/hAT-Charlie	988	-	103	53201801	5183
chr20	53196618	53396618	harbor2	chr20	53203493	53203801	DNA/hAT-Charlie	535	-	154	53203647	7029
chr20	53196618	53396618	harbor2	chr20	53219700	53219912	DNA/hAT-Charlie	470	-	106	53219806	23188
chr20	53196618	53396618	harbor2	chr20	53220778	53220958	DNA/hAT-Charlie	737	-	90	53220868	24250
chr20	53196618	53396618	harbor2	chr20	53221325	53221406	DNA/hAT-Charlie	737	-	40	53221365	24747
chr20	53196618	53396618	harbor2	chr20	53222922	53223128	DNA/hAT-Charlie	706	-	103	53223025	26407
chr20	53196618	53396618	harbor2	chr20	53224963	53225174	DNA/hAT-Charlie	1103	-	106	53225069	28451
chr20	53196618	53396618	harbor2	chr20	53226668	53226864	DNA/hAT-Charlie	718	-	98	53226766	30148
chr20	53196618	53396618	harbor2	chr20	53228475	53228631	DNA/hAT-Charlie	870	-	78	53228553	31935
chr20	53196618	53396618	harbor2	chr20	53228742	53228867	DNA/hAT-Charlie	536	-	62	53228804	32186
chr20	53196618	53396618	harbor2	chr20	53239084	53239233	DNA/hAT-Charlie	980	-	74	53239158	42540
chr20	53196618	53396618	harbor2	chr20	53242140	53242329	DNA/hAT-Charlie	949	-	94	53242234	45616
chr20	53196618	53396618	harbor2	chr20	53245587	53245737	DNA/hAT-Charlie	614	-	75	53245662	49044
chr20	53196618	53396618	harbor2	chr20	53276631	53276818	DNA/hAT-Charlie	911	-	94	53276725	80107
chr20	53196618	53396618	harbor2	chr20	53278748	53278829	DNA/hAT-Charlie	1605	-	40	53278788	82170
chr20	53196618	53396618	harbor2	chr20	53279266	53279520	DNA/hAT-Charlie	1605	-	127	53279393	82775
chr20	53196618	53396618	harbor2	chr20	53281377	53281597	DNA/hAT-Charlie	1164	-	110	53281487	84869
chr20	53196618	53396618	harbor2	chr20	53295504	53295986	DNA/hAT-Charlie	754	-	241	53295745	99127
chr20	30732130	30932130	harbor2	chr20	30739998	30740301	DNA/hAT-Charlie	1154	-	152	30740150	8020
chr20	57096752	57296752	harbor2	chr20	57171363	57171450	DNA/hAT-Charlie	418	-	44	57171407	74655
chr20	57096752	57296752	harbor2	chr20	57171502	57171700	DNA/hAT-Charlie	484	-	99	57171601	74849
chr20	57096752	57296752	harbor2	chr20	57190905	57191056	DNA/hAT-Charlie	826	-	76	57190981	94229
chr20	34052845	34252845	harbor2	chr20	34115412	34115647	DNA/hAT-Charlie	1244	-	118	34115530	62685
chr20	54660516	54860516	harbor2	chr20	54665209	54665470	DNA/hAT-Charlie	384	-	130	54665339	4823
chr20	54660516	54860516	harbor2	chr20	54668627	54668790	DNA/hAT-Charlie	520	-	82	54668709	8193
chr20	54660516	54860516	harbor2	chr20	54707504	54707760	DNA/hAT-Charlie	1121	-	128	54707632	47116
chr20	44607412	44807412	harbor2	chr20	44657569	44657780	DNA/hAT-Charlie	468	-	106	44657675	50263
chr20	20728993	20928993	harbor2	chr20	20793375	20793577	DNA/hAT-Charlie	1062	-	101	20793476	64483
chr20	20728993	20928993	harbor2	chr20	20795292	20795457	DNA/hAT-Charlie	586	-	82	20795374	66381
chr20	20728993	20928993	harbor2	chr20	20796376	20796508	DNA/hAT-Charlie	540	-	66	20796442	67449
chr20	54845685	55045685	harbor2	chr20	54865231	54865451	DNA/hAT-Charlie	924	-	110	54865341	19656
chr20	54845685	55045685	harbor2	chr20	54938732	54938949	DNA/hAT-Charlie	1017	-	108	54938840	93155
chr20	54769884	54969884	harbor2	chr20	54802311	54802458	DNA/hAT-Charlie	667	-	74	54802385	32501
chr20	54769884	54969884	harbor2	chr20	54865231	54865451	DNA/hAT-Charlie	924	-	110	54865341	95457
chr20	46337360	46537360	harbor2	chr20	46361545	46361768	DNA/hAT-Charlie	1075	-	112	46361657	24297
chr20	46337360	46537360	harbor2	chr20	46376821	46377013	DNA/hAT-Charlie	1005	-	96	46376917	39557
chr20	46337360	46537360	harbor2	chr20	46377494	46377649	DNA/hAT-Charlie	471	-	78	46377572	40212
chr20	46337360	46537360	harbor2	chr20	46418883	46419071	DNA/hAT-Charlie	503	-	94	46418977	81617
chr20	60277524	60477524	harbor2	chr20	60297439	60297942	DNA/hAT-Charlie	3074	-	252	60297691	20167
chr20	60277524	60477524	harbor2	chr20	60321935	60321969	DNA/hAT-Charlie	557	-	17	60321952	44428
chr20	60277524	60477524	harbor2	chr20	60322275	60322391	DNA/hAT-Charlie	557	-	58	60322333	44809
chr20	60277524	60477524	harbor2	chr20	60325241	60325585	DNA/hAT-Charlie	838	-	172	60325413	47889
chr20	60277524	60477524	harbor2	chr20	60333089	60333224	DNA/hAT-Charlie	580	-	68	60333157	55633
chr20	60277524	60477524	harbor2	chr20	60357202	60357412	DNA/hAT-Charlie	814	-	105	60357307	79783
chr20	48409098	48609098	harbor2	chr20	48428406	48428929	DNA/hAT-Charlie	3711	-	262	48428668	19570
chr20	48409098	48609098	harbor2	chr20	48442676	48442823	DNA/hAT-Charlie	745	-	74	48442750	33652
chr20	48409098	48609098	harbor2	chr20	48442862	48442932	DNA/hAT-Charlie	745	-	35	48442897	33799
chr20	48409098	48609098	harbor2	chr20	48459721	48459965	DNA/hAT-Charlie	556	-	122	48459843	50745
chr20	48409098	48609098	harbor2	chr20	48460945	48461205	DNA/hAT-Charlie	1236	-	130	48461075	51977
chr20	48409098	48609098	harbor2	chr20	48461882	48462058	DNA/hAT-Charlie	1236	-	88	48461970	52872
chr20	48409098	48609098	harbor2	chr20	48492056	48492314	DNA/hAT-Charlie	720	-	129	48492185	83087
chr20	23203992	23403992	harbor2	chr20	23206182	23206362	DNA/hAT-Charlie	497	-	90	23206272	2280
chr20	23203992	23403992	harbor2	chr20	23213169	23213340	DNA/hAT-Charlie	693	-	86	23213255	9263
chr20	23203992	23403992	harbor2	chr20	23242382	23242689	DNA/hAT-Charlie	1295	-	154	23242536	38544
chr20	50052804	50252804	harbor2	chr20	50062737	50062926	DNA/hAT-Charlie	467	-	94	50062831	10027
chr20	50052804	50252804	harbor2	chr20	50119750	50119976	DNA/hAT-Charlie	989	-	113	50119863	67059
chr20	50052804	50252804	harbor2	chr20	50129194	50129465	DNA/hAT-Charlie	809	-	136	50129330	76526
chr20	50052804	50252804	harbor2	chr20	50134867	50134900	DNA/hAT-Charlie	587	-	16	50134883	82079
chr20	50052804	50252804	harbor2	chr20	50135198	50135360	DNA/hAT-Charlie	587	-	81	50135279	82475
chr20	53374684	53574684	harbor2	chr20	53390882	53391095	DNA/hAT-Charlie	965	-	106	53390988	16304
chr20	53374684	53574684	harbor2	chr20	53407799	53408025	DNA/hAT-Charlie	1105	-	113	53407912	33228
chr20	53374684	53574684	harbor2	chr20	53416979	53417081	DNA/hAT-Charlie	549	-	51	53417030	42346
chr20	53374684	53574684	harbor2	chr20	53420389	53420447	DNA/hAT-Charlie	440	-	29	53420418	45734
chr20	53374684	53574684	harbor2	chr20	53420781	53421011	DNA/hAT-Charlie	440	-	115	53420896	46212
chr20	53374684	53574684	harbor2	chr20	53424105	53424344	DNA/hAT-Charlie	914	-	120	53424225	49541
chr20	53374684	53574684	harbor2	chr20	53425583	53425888	DNA/hAT-Charlie	1464	-	152	53425735	51051
chr20	53374684	53574684	harbor2	chr20	53429845	53430049	DNA/hAT-Charlie	849	-	102	53429947	55263
chr20	53374684	53574684	harbor2	chr20	53440738	53440839	DNA/hAT-Charlie	401	-	50	53440788	66104
chr20	54289413	54489413	harbor2	chr20	54302402	54302527	DNA/hAT-Charlie	576	-	62	54302464	13051
chr20	54289413	54489413	harbor2	chr20	54338267	54338547	DNA/hAT-Charlie	775	-	140	54338407	48994
chr20	54289413	54489413	harbor2	chr20	54339096	54339397	DNA/hAT-Charlie	1449	-	150	54339246	49833
chr20	54289413	54489413	harbor2	chr20	54362584	54362736	DNA/hAT-Charlie	799	-	76	54362660	73247
chr20	54289413	54489413	harbor2	chr20	54366448	54366792	DNA/hAT-Charlie	967	-	172	54366620	77207
chr20	54289413	54489413	harbor2	chr20	54386780	54387492	DNA/hAT-Charlie	1650	-	356	54387136	97723
chr20	24624119	24824119	harbor2	chr20	24658807	24658917	DNA/hAT-Charlie	495	-	55	24658862	34743
chr20	24624119	24824119	harbor2	chr20	24704372	24704534	DNA/hAT-Charlie	769	-	81	24704453	80334
chr20	24624119	24824119	harbor2	chr20	24719335	24719503	DNA/hAT-Charlie	3449	-	84	24719419	95300
chr20	24624119	24824119	harbor2	chr20	24719813	24719865	DNA/hAT-Charlie	3449	-	26	24719839	95720
chr20	24624119	24824119	harbor2	chr20	24720067	24722217	DNA/hAT-Charlie	3449	-	1075	24721142	97023
chr20	35952805	36152805	harbor2	chr20	36005172	36005502	DNA/hAT-Charlie	2195	-	165	36005337	52532
chr20	35952805	36152805	harbor2	chr20	36025756	36026023	DNA/hAT-Charlie	516	-	134	36025890	73085
chr20	35952805	36152805	harbor2	chr20	36030020	36030188	DNA/hAT-Charlie	817	-	84	36030104	77299
chr20	35952805	36152805	harbor2	chr20	36030970	36031279	DNA/hAT-Charlie	689	-	154	36031124	78319
chr20	23420393	23620393	harbor2	chr20	23423347	23423492	DNA/hAT-Charlie	780	-	72	23423419	3026
chr20	23420393	23620393	harbor2	chr20	23452182	23452403	DNA/hAT-Charlie	689	-	110	23452292	31899
chr20	23420393	23620393	harbor2	chr20	23489181	23489343	DNA/hAT-Charlie	478	-	81	23489262	68869
chr20	23420393	23620393	harbor2	chr20	23493808	23493993	DNA/hAT-Charlie	646	-	92	23493900	73507
chr20	50274377	50474377	harbor2	chr20	50286072	50286216	DNA/hAT-Charlie	442	-	72	50286144	11767
chr20	50274377	50474377	harbor2	chr20	50288507	50288721	DNA/hAT-Charlie	947	-	107	50288614	14237
chr20	50274377	50474377	harbor2	chr20	50289481	50289577	DNA/hAT-Charlie	391	-	48	50289529	15152
chr20	50274377	50474377	harbor2	chr20	50289578	50289769	DNA/hAT-Charlie	1249	-	96	50289674	15297
chr20	50274377	50474377	harbor2	chr20	50289770	50289819	DNA/hAT-Charlie	391	-	24	50289794	15417
chr20	50274377	50474377	harbor2	chr20	50323948	50324168	DNA/hAT-Charlie	1207	-	110	50324058	49681
chr20	50274377	50474377	harbor2	chr20	50347742	50347954	DNA/hAT-Charlie	1072	-	106	50347848	73471
chr20	50274377	50474377	harbor2	chr20	50351722	50351865	DNA/hAT-Charlie	392	-	72	50351794	77417
chr20	50274377	50474377	harbor2	chr20	50358619	50358809	DNA/hAT-Charlie	688	-	95	50358714	84337
chr20	50274377	50474377	harbor2	chr20	50361439	50361860	DNA/hAT-Charlie	1772	-	210	50361649	87272
chr20	50274377	50474377	harbor2	chr20	50362145	50362253	DNA/hAT-Charlie	1772	-	54	50362199	87822
chr20	50274377	50474377	harbor2	chr20	50362240	50362353	DNA/hAT-Charlie	467	-	56	50362296	87919
chr20	60277847	60477847	harbor2	chr20	60297439	60297942	DNA/hAT-Charlie	3074	-	252	60297691	19844
chr20	60277847	60477847	harbor2	chr20	60321935	60321969	DNA/hAT-Charlie	557	-	17	60321952	44105
chr20	60277847	60477847	harbor2	chr20	60322275	60322391	DNA/hAT-Charlie	557	-	58	60322333	44486
chr20	60277847	60477847	harbor2	chr20	60325241	60325585	DNA/hAT-Charlie	838	-	172	60325413	47566
chr20	60277847	60477847	harbor2	chr20	60333089	60333224	DNA/hAT-Charlie	580	-	68	60333157	55310
chr20	60277847	60477847	harbor2	chr20	60357202	60357412	DNA/hAT-Charlie	814	-	105	60357307	79460
chr20	36065730	36265730	harbor2	chr20	36090100	36090300	DNA/hAT-Charlie	970	-	100	36090200	24470
chr20	36065730	36265730	harbor2	chr20	36145019	36145161	DNA/hAT-Charlie	597	-	71	36145090	79360
chr20	36065730	36265730	harbor2	chr20	36145415	36145461	DNA/hAT-Charlie	597	-	23	36145438	79708
chr20	36065730	36265730	harbor2	chr20	36149913	36150062	DNA/hAT-Charlie	964	-	74	36149987	84257
chr20	36065730	36265730	harbor2	chr20	36150359	36150505	DNA/hAT-Charlie	964	-	73	36150432	84702
chr20	59913467	60113467	harbor2	chr20	59952474	59952675	DNA/hAT-Charlie	1365	-	100	59952574	39107
chr20	59913467	60113467	harbor2	chr20	59963536	59963719	DNA/hAT-Charlie	826	-	92	59963628	50161
chr20	59913467	60113467	harbor2	chr20	59966485	59966766	DNA/hAT-Charlie	971	-	140	59966625	53158
chr20	59913467	60113467	harbor2	chr20	59969339	59969758	DNA/hAT-Charlie	725	-	210	59969549	56082
chr20	59913467	60113467	harbor2	chr20	59973119	59973285	DNA/hAT-Charlie	867	-	83	59973202	59735
chr20	59913467	60113467	harbor2	chr20	59985924	59986127	DNA/hAT-Charlie	980	-	102	59986026	72559
chr20	59913467	60113467	harbor2	chr20	59990509	59990766	DNA/hAT-Charlie	651	-	128	59990637	77170
chr20	59913467	60113467	harbor2	chr20	59990779	59990854	DNA/hAT-Charlie	408	-	38	59990817	77350
chr20	59913467	60113467	harbor2	chr20	59991094	59991202	DNA/hAT-Charlie	429	-	54	59991148	77681
chr20	59913467	60113467	harbor2	chr20	60000189	60000360	DNA/hAT-Charlie	527	-	86	60000275	86808
chr20	59913467	60113467	harbor2	chr20	60011509	60011719	DNA/hAT-Charlie	802	-	105	60011614	98147
chr20	59913467	60113467	harbor2	chr20	59965343	59966452	DNA/hAT-Charlie	4407	-	554	59965897	52430
chr20	46261424	46461424	harbor2	chr20	46291811	46292008	DNA/hAT-Charlie	1112	-	98	46291909	30485
chr20	46261424	46461424	harbor2	chr20	46302224	46302445	DNA/hAT-Charlie	1212	-	110	46302334	40910
chr20	46261424	46461424	harbor2	chr20	46311517	46311728	DNA/hAT-Charlie	1304	-	106	46311623	50199
chr20	33119712	33319712	harbor2	chr20	33149465	33149827	DNA/hAT-Charlie	847	-	181	33149646	29934
chr20	33119712	33319712	harbor2	chr20	33209219	33209530	DNA/hAT-Charlie	1466	-	156	33209375	89663
chr20	3440073	3640073	harbor2	chr20	3453750	3453970	DNA/hAT-Charlie	1588	-	110	3453860	13787
chr20	3440073	3640073	harbor2	chr20	3481991	3482724	DNA/hAT-Charlie	1740	-	366	3482357	42284
chr20	3440073	3640073	harbor2	chr20	3508333	3508538	DNA/hAT-Charlie	916	-	102	3508435	68362
chr20	3440073	3640073	harbor2	chr20	3510263	3510486	DNA/hAT-Charlie	966	-	112	3510375	70302
chr20	3440073	3640073	harbor2	chr20	3536127	3536195	DNA/hAT-Charlie	4202	-	34	3536161	96088
chr20	3440073	3640073	harbor2	chr20	3536511	3537476	DNA/hAT-Charlie	4202	-	482	3536993	96920
chr20	3440073	3640073	harbor2	chr20	3538122	3538490	DNA/hAT-Charlie	1281	-	184	3538306	98233
chr20	55998621	56198621	harbor2	chr20	56015400	56015605	DNA/hAT-Charlie	395	-	102	56015502	16881
chr20	55998621	56198621	harbor2	chr20	56042365	56042536	DNA/hAT-Charlie	710	-	86	56042451	43830
chr20	55998621	56198621	harbor2	chr20	56047878	56048086	DNA/hAT-Charlie	1041	-	104	56047982	49361
chr20	52708696	52908696	harbor2	chr20	52724660	52724865	DNA/hAT-Charlie	905	-	102	52724762	16066
chr20	52708696	52908696	harbor2	chr20	52740469	52740618	DNA/hAT-Charlie	601	-	74	52740543	31847
chr20	52708696	52908696	harbor2	chr20	52761771	52761870	DNA/hAT-Charlie	428	-	50	52761821	53125
chr20	52708696	52908696	harbor2	chr20	52775837	52776058	DNA/hAT-Charlie	984	-	110	52775947	67251
chr20	48444901	48644901	harbor2	chr20	48459721	48459965	DNA/hAT-Charlie	556	-	122	48459843	14942
chr20	48444901	48644901	harbor2	chr20	48460945	48461205	DNA/hAT-Charlie	1236	-	130	48461075	16174
chr20	48444901	48644901	harbor2	chr20	48461882	48462058	DNA/hAT-Charlie	1236	-	88	48461970	17069
chr20	48444901	48644901	harbor2	chr20	48492056	48492314	DNA/hAT-Charlie	720	-	129	48492185	47284
chr21	32461913	32661913	harbor2	chr21	32464979	32465231	DNA/hAT-Charlie	628	-	126	32465105	3192
chr21	32461913	32661913	harbor2	chr21	32515667	32515701	DNA/hAT-Charlie	1106	-	17	32515684	53771
chr21	32461913	32661913	harbor2	chr21	32515996	32516228	DNA/hAT-Charlie	1106	-	116	32516112	54199
chr21	32461913	32661913	harbor2	chr21	32521719	32521898	DNA/hAT-Charlie	900	-	90	32521809	59896
chr21	40964138	41164138	harbor2	chr21	40974166	40974417	DNA/hAT-Charlie	853	-	126	40974292	10154
chr21	40964138	41164138	harbor2	chr21	41005062	41005371	DNA/hAT-Charlie	1222	-	154	41005216	41078
chr21	40964138	41164138	harbor2	chr21	41013659	41013855	DNA/hAT-Charlie	485	-	98	41013757	49619
chr21	40964138	41164138	harbor2	chr21	41055905	41056051	DNA/hAT-Charlie	671	-	73	41055978	91840
chr21	40964138	41164138	harbor2	chr21	41056775	41056979	DNA/hAT-Charlie	936	-	102	41056877	92739
chr21	40332699	40532699	harbor2	chr21	40400121	40400590	DNA/hAT-Charlie	3797	-	234	40400355	67656
chr21	40332699	40532699	harbor2	chr21	40400717	40401646	DNA/hAT-Charlie	3797	-	464	40401181	68482
chr21	40332699	40532699	harbor2	chr21	40422052	40422245	DNA/hAT-Charlie	665	-	96	40422148	89449
chr21	26958869	27158869	harbor2	chr21	26978229	26978576	DNA/hAT-Charlie	1074	-	174	26978403	19534
chr21	38043287	38243287	harbor2	chr21	38071082	38071296	DNA/hAT-Charlie	769	-	107	38071189	27902
chr21	39335565	39535565	harbor2	chr21	39412097	39412296	DNA/hAT-Charlie	700	-	100	39412197	76632
chr21	17503818	17703818	harbor2	chr21	17525868	17526150	DNA/hAT-Charlie	1117	-	141	17526009	22191
chr21	17503818	17703818	harbor2	chr21	17570880	17571120	DNA/hAT-Charlie	1145	-	120	17571000	67182
chr21	32591316	32791316	harbor2	chr21	32607976	32608186	DNA/hAT-Charlie	839	-	105	32608081	16765
chr21	32591316	32791316	harbor2	chr21	32611418	32611564	DNA/hAT-Charlie	541	-	73	32611491	20175
chr21	32591316	32791316	harbor2	chr21	32687931	32688086	DNA/hAT-Charlie	882	-	78	32688009	96693
chr21	46408142	46608142	harbor2	chr21	46463184	46463338	DNA/hAT-Charlie	540	-	77	46463261	55119
chr21	46408142	46608142	harbor2	chr21	46484126	46484255	DNA/hAT-Charlie	549	-	64	46484190	76048
chr21	46408142	46608142	harbor2	chr21	46496468	46496689	DNA/hAT-Charlie	1621	-	110	46496578	88436
chr21	45694072	45894072	harbor2	chr21	45701380	45701567	DNA/hAT-Charlie	2264	-	94	45701474	7402
chr21	45694072	45894072	harbor2	chr21	45701860	45702392	DNA/hAT-Charlie	2264	-	266	45702126	8054
chr21	45694072	45894072	harbor2	chr21	45705654	45705833	DNA/hAT-Charlie	502	-	90	45705744	11672
chr21	45225959	45425959	harbor2	chr21	45286208	45286597	DNA/hAT-Charlie	966	-	194	45286402	60443
chr21	45225959	45425959	harbor2	chr21	45317392	45317501	DNA/hAT-Charlie	531	-	54	45317446	91487
chr21	44066182	44266182	harbor2	chr21	44090353	44090567	DNA/hAT-Charlie	880	-	107	44090460	24278
chr21	44066182	44266182	harbor2	chr21	44098640	44099100	DNA/hAT-Charlie	1774	-	230	44098870	32688
chr21	44066182	44266182	harbor2	chr21	44124931	44125301	DNA/hAT-Charlie	1852	-	185	44125116	58934
chr21	27240520	27440520	harbor2	chr21	27324644	27324918	DNA/hAT-Charlie	879	-	137	27324781	84261
chr21	45082424	45282424	harbor2	chr21	45103249	45103698	DNA/hAT-Charlie	2630	-	224	45103473	21049
chr21	45082424	45282424	harbor2	chr21	45120026	45120232	DNA/hAT-Charlie	657	-	103	45120129	37705
chr21	24793042	24993042	harbor2	chr21	24805827	24806009	DNA/hAT-Charlie	747	-	91	24805918	12876
chr21	24793042	24993042	harbor2	chr21	24827322	24827477	DNA/hAT-Charlie	466	-	78	24827400	34358
chr21	24793042	24993042	harbor2	chr21	24827494	24827720	DNA/hAT-Charlie	682	-	113	24827607	34565
chr21	24793042	24993042	harbor2	chr21	24890412	24890614	DNA/hAT-Charlie	556	-	101	24890513	97471
chr21	37160666	37360666	harbor2	chr21	37229197	37229405	DNA/hAT-Charlie	1354	-	104	37229301	68635
chr21	37160666	37360666	harbor2	chr21	37229488	37229778	DNA/hAT-Charlie	1042	-	145	37229633	68967
chr21	37160666	37360666	harbor2	chr21	37247055	37247244	DNA/hAT-Charlie	717	-	94	37247149	86483
chr21	45650344	45850344	harbor2	chr21	45701380	45701567	DNA/hAT-Charlie	2264	-	94	45701474	51130
chr21	45650344	45850344	harbor2	chr21	45701860	45702392	DNA/hAT-Charlie	2264	-	266	45702126	51782
chr21	45650344	45850344	harbor2	chr21	45705654	45705833	DNA/hAT-Charlie	502	-	90	45705744	55400
chr21	35539288	35739288	harbor2	chr21	35549692	35549856	DNA/hAT-Charlie	718	-	82	35549774	10486
chr21	35539288	35739288	harbor2	chr21	35633147	35633345	DNA/hAT-Charlie	847	-	99	35633246	93958
chr21	38926642	39126642	harbor2	chr21	38933447	38933621	DNA/hAT-Charlie	704	-	87	38933534	6892
chr21	38926642	39126642	harbor2	chr21	38947832	38947997	DNA/hAT-Charlie	829	-	82	38947914	21272
chr21	38926642	39126642	harbor2	chr21	39000878	39001037	DNA/hAT-Charlie	562	-	80	39000958	74316
chr21	38926642	39126642	harbor2	chr21	39016783	39016931	DNA/hAT-Charlie	1255	-	74	39016857	90215
chr21	38926642	39126642	harbor2	chr21	39017397	39017589	DNA/hAT-Charlie	1255	-	96	39017493	90851
chr21	46545722	46745722	harbor2	chr21	46644581	46644861	DNA/hAT-Charlie	1178	-	140	46644721	98999
chr21	20865091	21065091	harbor2	chr21	20942527	20942692	DNA/hAT-Charlie	591	-	82	20942609	77518
chr21	20865091	21065091	harbor2	chr21	20957846	20958048	DNA/hAT-Charlie	885	-	101	20957947	92856
chr21	36841204	37041204	harbor2	chr21	36864410	36864981	DNA/hAT-Charlie	2623	-	286	36864696	23492
chr21	36841204	37041204	harbor2	chr21	36893507	36893824	DNA/hAT-Charlie	2042	-	158	36893665	52461
chr21	36841204	37041204	harbor2	chr21	36863867	36864117	DNA/hAT-Charlie	2623	-	125	36863992	22788
chr21	32560557	32760557	harbor2	chr21	32572021	32572219	DNA/hAT-Charlie	2802	-	99	32572120	11563
chr21	32560557	32760557	harbor2	chr21	32572559	32572846	DNA/hAT-Charlie	2802	-	144	32572703	12146
chr21	32560557	32760557	harbor2	chr21	32607976	32608186	DNA/hAT-Charlie	839	-	105	32608081	47524
chr21	32560557	32760557	harbor2	chr21	32611418	32611564	DNA/hAT-Charlie	541	-	73	32611491	50934
chr21	31130468	31330468	harbor2	chr21	31135271	31135477	DNA/hAT-Charlie	478	-	103	31135374	4906
chr21	31130468	31330468	harbor2	chr21	31153306	31153510	DNA/hAT-Charlie	976	-	102	31153408	22940
chr21	31130468	31330468	harbor2	chr21	31166031	31166194	DNA/hAT-Charlie	595	-	82	31166113	35645
chr21	31130468	31330468	harbor2	chr21	31180305	31180522	DNA/hAT-Charlie	1057	-	108	31180413	49945
chr22	20838466	21038466	harbor2	chr22	20892845	20892967	DNA/hAT-Charlie	867	-	61	20892906	54440
chr22	20838466	21038466	harbor2	chr22	20893260	20893387	DNA/hAT-Charlie	867	-	64	20893324	54858
chr22	20838466	21038466	harbor2	chr22	20930237	20930375	DNA/hAT-Charlie	744	-	69	20930306	91840
chr22	21124289	21324289	harbor2	chr22	21135014	21135094	DNA/hAT-Charlie	543	-	40	21135054	10765
chr22	46862547	47062547	harbor2	chr22	46884579	46884766	DNA/hAT-Charlie	606	-	94	46884673	22126
chr22	46862547	47062547	harbor2	chr22	46886740	46886936	DNA/hAT-Charlie	819	-	98	46886838	24291
chr22	16939699	17139699	harbor2	chr22	16954650	16954848	DNA/hAT-Charlie	647	-	99	16954749	15050
chr22	24054852	24254852	harbor2	chr22	24080946	24081267	DNA/hAT-Charlie	1388	-	160	24081106	26254
chr22	24054852	24254852	harbor2	chr22	24100037	24100212	DNA/hAT-Charlie	513	-	88	24100125	45273
chr22	24054852	24254852	harbor2	chr22	24127905	24128102	DNA/hAT-Charlie	945	-	98	24128003	73151
chr22	39677995	39877995	harbor2	chr22	39754065	39754270	DNA/hAT-Charlie	1197	-	102	39754167	76172
chr22	39677995	39877995	harbor2	chr22	39772057	39772391	DNA/hAT-Charlie	2548	-	167	39772224	94229
chr22	49635739	49835739	harbor2	chr22	49666499	49666676	DNA/hAT-Charlie	569	-	88	49666587	30848
chr22	43470625	43670625	harbor2	chr22	43471986	43472316	DNA/hAT-Charlie	527	-	165	43472151	1526
chr22	43470625	43670625	harbor2	chr22	43525441	43525581	DNA/hAT-Charlie	435	-	70	43525511	54886
chr22	45710349	45910349	harbor2	chr22	45801162	45801324	DNA/hAT-Charlie	503	-	81	45801243	90894
chr22	45710349	45910349	harbor2	chr22	45803944	45804109	DNA/hAT-Charlie	525	-	82	45804026	93677
chr22	16621610	16821610	harbor2	chr22	16651998	16652162	DNA/hAT-Charlie	491	-	82	16652080	30470
chr22	16621610	16821610	harbor2	chr22	16654665	16654854	DNA/hAT-Charlie	595	-	94	16654759	33149
chr22	16621610	16821610	harbor2	chr22	16700759	16700868	DNA/hAT-Charlie	506	-	54	16700813	79203
chr22	47083476	47283476	harbor2	chr22	47084128	47084302	DNA/hAT-Charlie	656	-	87	47084215	739
chr22	47083476	47283476	harbor2	chr22	47166297	47166502	DNA/hAT-Charlie	574	-	102	47166399	82923
chr22	29739598	29939598	harbor2	chr22	29744699	29744869	DNA/hAT-Charlie	560	-	85	29744784	5186
chr22	29739598	29939598	harbor2	chr22	29770261	29770481	DNA/hAT-Charlie	1416	-	110	29770371	30773
chr22	29739598	29939598	harbor2	chr22	29831033	29831192	DNA/hAT-Charlie	559	-	80	29831113	91515
chr22	27639704	27839704	harbor2	chr22	27683367	27683424	DNA/hAT-Charlie	682	-	28	27683395	43691
chr22	27639704	27839704	harbor2	chr22	27684371	27684494	DNA/hAT-Charlie	682	-	62	27684433	44729
chr22	27639704	27839704	harbor2	chr22	27687656	27687880	DNA/hAT-Charlie	1463	-	112	27687768	48064
chr22	27639704	27839704	harbor2	chr22	27700004	27700221	DNA/hAT-Charlie	891	-	108	27700112	60408
chr22	27639704	27839704	harbor2	chr22	27700524	27700784	DNA/hAT-Charlie	891	-	130	27700654	60950
chr22	27639704	27839704	harbor2	chr22	27714133	27714281	DNA/hAT-Charlie	706	-	74	27714207	74503
chr22	27639704	27839704	harbor2	chr22	27726073	27726218	DNA/hAT-Charlie	455	-	72	27726145	86441
chr22	28734601	28934601	harbor2	chr22	28755747	28755959	DNA/hAT-Charlie	1314	-	106	28755853	21252
chr22	28734601	28934601	harbor2	chr22	28758137	28758287	DNA/hAT-Charlie	654	-	75	28758212	23611
chr22	28734601	28934601	harbor2	chr22	28809016	28809234	DNA/hAT-Charlie	1216	-	109	28809125	74524
chr22	28734601	28934601	harbor2	chr22	28829377	28829481	DNA/hAT-Charlie	518	-	52	28829429	94828
chr22	44458426	44658426	harbor2	chr22	44523951	44524396	DNA/hAT-Charlie	459	-	222	44524173	65747
chr22	44458426	44658426	harbor2	chr22	44525568	44526450	DNA/hAT-Charlie	1405	-	441	44526009	67583
chr22	46484342	46684342	harbor2	chr22	46491109	46491233	DNA/hAT-Charlie	484	-	62	46491171	6829
chr22	26071598	26271598	harbor2	chr22	26073223	26073407	DNA/hAT-Charlie	507	-	92	26073315	1717
chr22	26071598	26271598	harbor2	chr22	26095099	26095272	DNA/hAT-Charlie	731	-	86	26095185	23587
chr22	26071598	26271598	harbor2	chr22	26101900	26102061	DNA/hAT-Charlie	1469	-	80	26101980	30382
chr22	26071598	26271598	harbor2	chr22	26102363	26102686	DNA/hAT-Charlie	1469	-	162	26102525	30927
chr22	26071598	26271598	harbor2	chr22	26140673	26140723	DNA/hAT-Charlie	643	-	25	26140698	69100
chr22	26071598	26271598	harbor2	chr22	26140826	26141092	DNA/hAT-Charlie	643	-	133	26140959	69361
chr22	26071598	26271598	harbor2	chr22	26146475	26146654	DNA/hAT-Charlie	705	-	90	26146565	74967
chr22	26071598	26271598	harbor2	chr22	26160907	26161082	DNA/hAT-Charlie	828	-	88	26160995	89397
chr22	50322576	50522576	harbor2	chr22	50399245	50399422	DNA/hAT-Charlie	792	-	88	50399333	76757
chr22	49419511	49619511	harbor2	chr22	49425158	49425597	DNA/hAT-Charlie	2326	-	220	49425378	5867
chr22	49419511	49619511	harbor2	chr22	49501523	49501741	DNA/hAT-Charlie	1218	-	109	49501632	82121
chr22	49038479	49238479	harbor2	chr22	49066036	49066259	DNA/hAT-Charlie	1540	-	112	49066148	27669
chr22	49038479	49238479	harbor2	chr22	49103743	49103956	DNA/hAT-Charlie	591	-	106	49103849	65370
chr22	29388801	29588801	harbor2	chr22	29431658	29431687	DNA/hAT-Charlie	640	-	14	29431672	42871
chr22	29388801	29588801	harbor2	chr22	29431992	29432068	DNA/hAT-Charlie	640	-	38	29432030	43229
chr22	29388801	29588801	harbor2	chr22	29432617	29432676	DNA/hAT-Charlie	640	-	30	29432647	43846
chr22	29388801	29588801	harbor2	chr22	29477151	29477291	DNA/hAT-Charlie	440	-	70	29477221	88420
chr22	34077678	34277678	harbor2	chr22	34126049	34126107	DNA/hAT-Charlie	946	-	29	34126078	48400
chr22	34077678	34277678	harbor2	chr22	34126416	34126519	DNA/hAT-Charlie	946	-	52	34126468	48790
chr22	34077678	34277678	harbor2	chr22	34165123	34165313	DNA/hAT-Charlie	801	-	95	34165218	87540
chr22	34077678	34277678	harbor2	chr22	34168193	34168338	DNA/hAT-Charlie	720	-	72	34168265	90587
chr22	34077678	34277678	harbor2	chr22	34173290	34173501	DNA/hAT-Charlie	826	-	106	34173396	95718
chr22	35685226	35885226	harbor2	chr22	35728088	35728212	DNA/hAT-Charlie	639	-	62	35728150	42924
chr22	35685226	35885226	harbor2	chr22	35728523	35728586	DNA/hAT-Charlie	639	-	32	35728555	43329
chr22	35685226	35885226	harbor2	chr22	35772265	35772568	DNA/hAT-Charlie	1311	-	152	35772417	87191
chr22	41063812	41263812	harbor2	chr22	41160806	41160991	DNA/hAT-Charlie	800	-	92	41160898	97086
chr22	36576813	36776813	harbor2	chr22	36597694	36597856	DNA/hAT-Charlie	503	-	81	36597775	20962
chr22	36576813	36776813	harbor2	chr22	36619221	36619673	DNA/hAT-Charlie	493	-	226	36619447	42634
chr22	36576813	36776813	harbor2	chr22	36622258	36622413	DNA/hAT-Charlie	621	-	78	36622336	45523
chr22	31936344	32136344	harbor2	chr22	31992385	31992616	DNA/hAT-Charlie	1027	-	116	31992501	56157
chr22	31936344	32136344	harbor2	chr22	31994159	31994324	DNA/hAT-Charlie	825	-	82	31994241	57897
chr22	38890321	39090321	harbor2	chr22	38924292	38925466	DNA/hAT-Charlie	2927	-	587	38924879	34558
chr22	47353644	47553644	harbor2	chr22	47452236	47452524	DNA/hAT-Charlie	984	-	144	47452380	98736
chr22	33912921	34112921	harbor2	chr22	33925931	33926038	DNA/hAT-Charlie	641	-	54	33925985	13064
chr22	33912921	34112921	harbor2	chr22	33926349	33926403	DNA/hAT-Charlie	641	-	27	33926376	13455
chr22	33912921	34112921	harbor2	chr22	33964878	33965100	DNA/hAT-Charlie	1034	-	111	33964989	52068
chr22	33912921	34112921	harbor2	chr22	33982518	33982627	DNA/hAT-Charlie	1529	-	54	33982572	69651
chr22	33912921	34112921	harbor2	chr22	33982944	33983183	DNA/hAT-Charlie	1529	-	120	33983064	70143
chr22	33912921	34112921	harbor2	chr22	33983597	33983810	DNA/hAT-Charlie	749	-	106	33983703	70782
chr22	33912921	34112921	harbor2	chr22	33985739	33985922	DNA/hAT-Charlie	514	-	92	33985831	72910
chr22	33912921	34112921	harbor2	chr22	33995610	33995880	DNA/hAT-Charlie	696	-	135	33995745	82824
chr22	33912921	34112921	harbor2	chr22	33997061	33997277	DNA/hAT-Charlie	569	-	108	33997169	84248
chr22	50200346	50400346	harbor2	chr22	50207679	50207775	DNA/hAT-Charlie	486	-	48	50207727	7381
chr22	19568445	19768445	harbor2	chr22	19626906	19627019	DNA/hAT-Charlie	445	-	56	19626962	58517
chr22	48977959	49177959	harbor2	chr22	49008269	49008417	DNA/hAT-Charlie	1523	-	74	49008343	30384
chr22	48977959	49177959	harbor2	chr22	49008716	49008878	DNA/hAT-Charlie	1523	-	81	49008797	30838
chr22	48977959	49177959	harbor2	chr22	49066036	49066259	DNA/hAT-Charlie	1540	-	112	49066148	88189
chr22	38527245	38727245	harbor2	chr22	38602185	38602388	DNA/hAT-Charlie	1148	-	102	38602287	75042
chr22	38527245	38727245	harbor2	chr22	38618731	38618942	DNA/hAT-Charlie	1106	-	106	38618837	91592
chr22	29478240	29678240	harbor2	chr22	29557049	29557110	DNA/hAT-Charlie	708	-	30	29557079	78839
chr22	29478240	29678240	harbor2	chr22	29556646	29556738	DNA/hAT-Charlie	708	-	46	29556692	78452
chr22	30355952	30555952	harbor2	chr22	30356405	30356542	DNA/hAT-Charlie	453	-	68	30356473	521
chr22	30355952	30555952	harbor2	chr22	30407873	30408041	DNA/hAT-Charlie	446	-	84	30407957	52005
chr22	30355952	30555952	harbor2	chr22	30408123	30408256	DNA/hAT-Charlie	544	-	66	30408189	52237
chr22	30355952	30555952	harbor2	chr22	30419610	30419849	DNA/hAT-Charlie	534	-	120	30419730	63778
chr22	50149079	50349079	harbor2	chr22	50163691	50163867	DNA/hAT-Charlie	714	-	88	50163779	14700
chr22	50149079	50349079	harbor2	chr22	50164179	50164380	DNA/hAT-Charlie	714	-	100	50164279	15200
chr22	50149079	50349079	harbor2	chr22	50164745	50164843	DNA/hAT-Charlie	651	-	49	50164794	15715
chr22	50149079	50349079	harbor2	chr22	50165138	50165382	DNA/hAT-Charlie	651	-	122	50165260	16181
chr22	50149079	50349079	harbor2	chr22	50207679	50207775	DNA/hAT-Charlie	486	-	48	50207727	58648
chr22	37044680	37244680	harbor2	chr22	37139340	37139564	DNA/hAT-Charlie	1096	-	112	37139452	94772
chr22	48402875	48602875	harbor2	chr22	48423149	48423343	DNA/hAT-Charlie	779	-	97	48423246	20371
chr22	48402875	48602875	harbor2	chr22	48498614	48498797	DNA/hAT-Charlie	573	-	92	48498706	95831
chr22	35393936	35593936	harbor2	chr22	35414994	35415075	DNA/hAT-Charlie	790	-	40	35415034	21098
chr22	35393936	35593936	harbor2	chr22	35415209	35415420	DNA/hAT-Charlie	790	-	106	35415315	21379
chr22	35393936	35593936	harbor2	chr22	35454770	35454976	DNA/hAT-Charlie	1148	-	103	35454873	60937
chr22	36981680	37181680	harbor2	chr22	37030922	37031131	DNA/hAT-Charlie	1069	-	104	37031026	49346
chr22	15252726	15452726	harbor2	chr22	15291790	15292000	DNA/hAT-Charlie	846	-	105	15291895	39169
chr22	15252726	15452726	harbor2	chr22	15315480	15315678	DNA/hAT-Charlie	1072	-	99	15315579	62853
chr22	15252726	15452726	harbor2	chr22	15343401	15343538	DNA/hAT-Charlie	652	-	68	15343469	90743
chr22	24207152	24407152	harbor2	chr22	24266059	24266215	DNA/hAT-Charlie	515	-	78	24266137	58985
chr22	24207152	24407152	harbor2	chr22	24280421	24280577	DNA/hAT-Charlie	1107	-	78	24280499	73347
chr22	24207152	24407152	harbor2	chr22	24280885	24281009	DNA/hAT-Charlie	1107	-	62	24280947	73795
chr22	24207152	24407152	harbor2	chr22	24288210	24288439	DNA/hAT-Charlie	1097	-	114	24288324	81172
chrX	78341125	78541125	harbor2	chrX	78432249	78432435	DNA/hAT-Charlie	801	-	93	78432342	91217
chrX	111769321	111969321	harbor2	chrX	111778336	111778526	DNA/hAT-Charlie	1023	-	95	111778431	9110
chrX	111769321	111969321	harbor2	chrX	111849360	111849545	DNA/hAT-Charlie	742	-	92	111849452	80131
chrX	111769321	111969321	harbor2	chrX	111853060	111853204	DNA/hAT-Charlie	709	-	72	111853132	83811
chrX	111769321	111969321	harbor2	chrX	111857583	111857779	DNA/hAT-Charlie	1030	-	98	111857681	88360
chrX	89769659	89969659	harbor2	chrX	89832720	89832935	DNA/hAT-Charlie	845	-	108	89832828	63169
chrX	79962607	80162607	harbor2	chrX	80029959	80030306	DNA/hAT-Charlie	2132	-	174	80030133	67526
chrX	132815020	133015020	harbor2	chrX	132845913	132846203	DNA/hAT-Charlie	1083	-	145	132846058	31038
chrX	132815020	133015020	harbor2	chrX	132847231	132847463	DNA/hAT-Charlie	1094	-	116	132847347	32327
chrX	132815020	133015020	harbor2	chrX	132862552	132862747	DNA/hAT-Charlie	800	-	98	132862650	47630
chrX	121434567	121634567	harbor2	chrX	121475955	121476239	DNA/hAT-Charlie	947	-	142	121476097	41530
chrX	121434567	121634567	harbor2	chrX	121476416	121476949	DNA/hAT-Charlie	1621	-	266	121476682	42115
chrX	121434567	121634567	harbor2	chrX	121476959	121477255	DNA/hAT-Charlie	884	-	148	121477107	42540
chrX	70224219	70424219	harbor2	chrX	70236740	70236947	DNA/hAT-Charlie	634	-	104	70236844	12625
chrX	70224219	70424219	harbor2	chrX	70251326	70251534	DNA/hAT-Charlie	619	-	104	70251430	27211
chrX	70224219	70424219	harbor2	chrX	70276899	70277237	DNA/hAT-Charlie	1834	-	169	70277068	52849
chrX	70224219	70424219	harbor2	chrX	70299471	70299655	DNA/hAT-Charlie	956	-	92	70299563	75344
chrX	142711940	142911940	harbor2	chrX	142735668	142735832	DNA/hAT-Charlie	883	-	82	142735750	23810
chrX	130681148	130881148	harbor2	chrX	130681272	130681464	DNA/hAT-Charlie	641	-	96	130681368	220
chrX	130681148	130881148	harbor2	chrX	130696504	130696638	DNA/hAT-Charlie	519	-	67	130696571	15423
chrX	130681148	130881148	harbor2	chrX	130702212	130702356	DNA/hAT-Charlie	715	-	72	130702284	21136
chrX	130681148	130881148	harbor2	chrX	130736475	130736692	DNA/hAT-Charlie	861	-	108	130736583	55435
chrX	130681148	130881148	harbor2	chrX	130765913	130766116	DNA/hAT-Charlie	946	-	102	130766015	84867
chrX	54200417	54400417	harbor2	chrX	54209857	54210048	DNA/hAT-Charlie	600	-	96	54209953	9536
chrX	54200417	54400417	harbor2	chrX	54246672	54246857	DNA/hAT-Charlie	1067	-	92	54246764	46347
chrX	101625919	101825919	harbor2	chrX	101653142	101653861	DNA/hAT-Charlie	3517	-	360	101653502	27583
chrX	149082167	149282167	harbor2	chrX	149137606	149138530	DNA/hAT-Charlie	2698	-	462	149138068	55901
chrX	149082167	149282167	harbor2	chrX	149139328	149139910	DNA/hAT-Charlie	1771	-	291	149139619	57452
chrX	149082167	149282167	harbor2	chrX	149174789	149175111	DNA/hAT-Charlie	1337	-	161	149174950	92783
chrX	128363396	128563396	harbor2	chrX	128407247	128407407	DNA/hAT-Charlie	816	-	80	128407327	43931
chrX	128363396	128563396	harbor2	chrX	128423650	128423835	DNA/hAT-Charlie	1040	-	92	128423742	60346
chrX	45571090	45771090	harbor2	chrX	45571811	45571954	DNA/hAT-Charlie	881	-	72	45571883	793
chrX	45571090	45771090	harbor2	chrX	45670801	45671094	DNA/hAT-Charlie	4783	-	146	45670947	99857
chrX	83990181	84190181	harbor2	chrX	84053439	84053612	DNA/hAT-Charlie	911	-	86	84053525	63344
